REGION	POS	REF	ALT	REF_DP	REF_RV	REF_QUAL	ALT_DP	ALT_RV	ALT_QUAL	ALT_FREQ	TOTAL_DP	PVAL	PASS	GFF_FEATURE	REF_CODON	REF_AA	ALT_CODON	ALT_AA	POS_AA
MP|PP755590.1|A/cattle/Texas/24-008749-003/2024(H5N1)	4	A	G	193	67	35	2	1	27	0.0102564	195	0.584025	FALSE	M2:cds-XAJ25417.1	AGT	S	GGT	G	2
MP|PP755590.1|A/cattle/Texas/24-008749-003/2024(H5N1)	4	A	G	193	67	35	2	1	27	0.0102564	195	0.584025	FALSE	M1:cds-XAJ25416.1	AGT	S	GGT	G	2
MP|PP755590.1|A/cattle/Texas/24-008749-003/2024(H5N1)	216	A	G	1864	548	36	11832	4219	35	0.863839	13697	0	TRUE	M1:cds-XAJ25416.1	CGA	R	CGG	R	72
MP|PP755590.1|A/cattle/Texas/24-008749-003/2024(H5N1)	564	T	C	6	3	29	16591	7664	35	0.999578	16598	0	TRUE	M1:cds-XAJ25416.1	GCT	A	GCC	A	188
MP|PP755590.1|A/cattle/Texas/24-008749-003/2024(H5N1)	639	G	A	24	14	35	16079	7183	36	0.998386	16105	0	TRUE	M1:cds-XAJ25416.1	GTG	V	GTA	V	213
MP|PP755590.1|A/cattle/Texas/24-008749-003/2024(H5N1)	771	T	C	8	7	30	13835	7635	36	0.999422	13843	0	TRUE	M2:cds-XAJ25417.1	ATT	I	ACT	T	19
