REGION	POS	REF	ALT	REF_DP	REF_RV	REF_QUAL	ALT_DP	ALT_RV	ALT_QUAL	ALT_FREQ	TOTAL_DP	PVAL	PASS	GFF_FEATURE	REF_CODON	REF_AA	ALT_CODON	ALT_AA	POS_AA
NP|PP755592.1|A/cattle/Texas/24-008749-003/2024(H5N1)	154	C	T	2	0	39	1010	298	38	0.998024	1012	0	TRUE	NP:cds-XAJ25419.1	CAC	H	TAC	Y	52
NP|PP755592.1|A/cattle/Texas/24-008749-003/2024(H5N1)	192	A	G	0	0	0	1370	402	38	1	1370	0	TRUE	NP:cds-XAJ25419.1	GAA	E	GAG	E	64
NP|PP755592.1|A/cattle/Texas/24-008749-003/2024(H5N1)	219	A	G	0	0	0	1650	544	37	1	1650	0	TRUE	NP:cds-XAJ25419.1	GAA	E	GAG	E	73
NP|PP755592.1|A/cattle/Texas/24-008749-003/2024(H5N1)	258	A	G	0	0	0	1760	706	37	1	1760	0	TRUE	NP:cds-XAJ25419.1	GGA	G	GGG	G	86
NP|PP755592.1|A/cattle/Texas/24-008749-003/2024(H5N1)	264	T	C	0	0	0	1719	665	37	1	1719	0	TRUE	NP:cds-XAJ25419.1	GAT	D	GAC	D	88
NP|PP755592.1|A/cattle/Texas/24-008749-003/2024(H5N1)	322	T	C	0	0	0	1877	808	37	0.999468	1878	0	TRUE	NP:cds-XAJ25419.1	TTG	L	CTG	L	108
NP|PP755592.1|A/cattle/Texas/24-008749-003/2024(H5N1)	342	A	T	2093	894	38	43	7	37	0.0201311	2136	1.33615e-11	TRUE	NP:cds-XAJ25419.1	GAA	E	GAT	D	114
NP|PP755592.1|A/cattle/Texas/24-008749-003/2024(H5N1)	384	T	C	1	1	39	2057	876	37	0.998544	2060	0	TRUE	NP:cds-XAJ25419.1	GAT	D	GAC	D	128
NP|PP755592.1|A/cattle/Texas/24-008749-003/2024(H5N1)	405	C	T	0	0	0	2070	873	38	1	2070	0	TRUE	NP:cds-XAJ25419.1	CAC	H	CAT	H	135
NP|PP755592.1|A/cattle/Texas/24-008749-003/2024(H5N1)	450	A	G	0	0	0	1833	811	37	0.999455	1834	0	TRUE	NP:cds-XAJ25419.1	AGA	R	AGG	R	150
NP|PP755592.1|A/cattle/Texas/24-008749-003/2024(H5N1)	480	T	C	1	0	34	1854	801	37	0.999461	1855	0	TRUE	NP:cds-XAJ25419.1	GAT	D	GAC	D	160
NP|PP755592.1|A/cattle/Texas/24-008749-003/2024(H5N1)	495	A	T	0	0	0	1876	839	37	0.997872	1880	0	TRUE	NP:cds-XAJ25419.1	TCA	S	TCT	S	165
NP|PP755592.1|A/cattle/Texas/24-008749-003/2024(H5N1)	543	G	A	1	0	34	2021	926	38	0.999505	2022	0	TRUE	NP:cds-XAJ25419.1	GCG	A	GCA	A	181
NP|PP755592.1|A/cattle/Texas/24-008749-003/2024(H5N1)	555	A	T	1	1	38	2119	985	36	0.998116	2123	0	TRUE	NP:cds-XAJ25419.1	GGA	G	GGT	G	185
NP|PP755592.1|A/cattle/Texas/24-008749-003/2024(H5N1)	585	A	G	0	0	0	2287	1106	38	1	2287	0	TRUE	NP:cds-XAJ25419.1	CGA	R	CGG	R	195
NP|PP755592.1|A/cattle/Texas/24-008749-003/2024(H5N1)	600	A	G	2	1	38	2370	1133	37	0.999157	2372	0	TRUE	NP:cds-XAJ25419.1	GGA	G	GGG	G	200
NP|PP755592.1|A/cattle/Texas/24-008749-003/2024(H5N1)	609	T	C	3	1	38	2390	1148	37	0.998329	2394	0	TRUE	NP:cds-XAJ25419.1	GAT	D	GAC	D	203
NP|PP755592.1|A/cattle/Texas/24-008749-003/2024(H5N1)	627	T	C	0	0	0	2411	1221	37	0.999585	2412	0	TRUE	NP:cds-XAJ25419.1	GGT	G	GGC	G	209
NP|PP755592.1|A/cattle/Texas/24-008749-003/2024(H5N1)	637	C	A	1	1	39	2371	1187	37	0.999578	2372	0	TRUE	NP:cds-XAJ25419.1	CGG	R	AGG	R	213
NP|PP755592.1|A/cattle/Texas/24-008749-003/2024(H5N1)	678	C	T	2	1	38	2317	1209	37	0.999138	2319	0	TRUE	NP:cds-XAJ25419.1	CTC	L	CTT	L	226
NP|PP755592.1|A/cattle/Texas/24-008749-003/2024(H5N1)	738	G	A	1	1	37	2250	1260	37	0.999112	2252	0	TRUE	NP:cds-XAJ25419.1	CGG	R	CGA	R	246
NP|PP755592.1|A/cattle/Texas/24-008749-003/2024(H5N1)	756	A	G	2	2	38	2310	1310	37	0.998703	2313	0	TRUE	NP:cds-XAJ25419.1	GAA	E	GAG	E	252
NP|PP755592.1|A/cattle/Texas/24-008749-003/2024(H5N1)	769	A	T	2160	1285	37	67	46	38	0.0300853	2227	5.13457e-19	TRUE	NP:cds-XAJ25419.1	ATC	I	TTC	F	257
NP|PP755592.1|A/cattle/Texas/24-008749-003/2024(H5N1)	775	C	G	2168	1304	37	38	21	37	0.0172101	2208	2.77277e-10	TRUE	NP:cds-XAJ25419.1	CTC	L	GTC	V	259
NP|PP755592.1|A/cattle/Texas/24-008749-003/2024(H5N1)	882	G	A	3	2	36	2129	1290	38	0.998593	2132	0	TRUE	NP:cds-XAJ25419.1	GAG	E	GAA	E	294
NP|PP755592.1|A/cattle/Texas/24-008749-003/2024(H5N1)	894	A	G	0	0	0	2430	1427	37	1	2430	0	TRUE	NP:cds-XAJ25419.1	CTA	L	CTG	L	298
NP|PP755592.1|A/cattle/Texas/24-008749-003/2024(H5N1)	924	G	A	9	3	35	2371	1478	38	0.996218	2380	0	TRUE	NP:cds-XAJ25419.1	CAG	Q	CAA	Q	308
NP|PP755592.1|A/cattle/Texas/24-008749-003/2024(H5N1)	936	T	C	0	0	0	1982	1111	38	1	1982	0	TRUE	NP:cds-XAJ25419.1	GTT	V	GTC	V	312
NP|PP755592.1|A/cattle/Texas/24-008749-003/2024(H5N1)	957	T	C	0	0	0	2007	1162	37	1	2007	0	TRUE	NP:cds-XAJ25419.1	AAT	N	AAC	N	319
NP|PP755592.1|A/cattle/Texas/24-008749-003/2024(H5N1)	963	T	C	1	0	39	1894	1094	37	0.998945	1896	0	TRUE	NP:cds-XAJ25419.1	AAT	N	AAC	N	321
NP|PP755592.1|A/cattle/Texas/24-008749-003/2024(H5N1)	972	C	T	2	1	39	1857	1069	38	0.998924	1859	0	TRUE	NP:cds-XAJ25419.1	CAC	H	CAT	H	324
NP|PP755592.1|A/cattle/Texas/24-008749-003/2024(H5N1)	1008	A	G	0	0	0	1912	1166	37	1	1912	0	TRUE	NP:cds-XAJ25419.1	GCA	A	GCG	A	336
NP|PP755592.1|A/cattle/Texas/24-008749-003/2024(H5N1)	1047	A	G	2	1	39	1812	1005	37	0.998347	1815	0	TRUE	NP:cds-XAJ25419.1	GGA	G	GGG	G	349
NP|PP755592.1|A/cattle/Texas/24-008749-003/2024(H5N1)	1116	G	A	1	1	39	1513	862	38	0.999339	1514	0	TRUE	NP:cds-XAJ25419.1	GAG	E	GAA	E	372
NP|PP755592.1|A/cattle/Texas/24-008749-003/2024(H5N1)	1125	T	C	1	1	39	1454	811	38	0.999313	1455	0	TRUE	NP:cds-XAJ25419.1	GAT	D	GAC	D	375
NP|PP755592.1|A/cattle/Texas/24-008749-003/2024(H5N1)	1135	C	A	1215	719	38	253	143	38	0.172343	1468	7.01455e-82	TRUE	NP:cds-XAJ25419.1	CTT	L	ATT	I	379
NP|PP755592.1|A/cattle/Texas/24-008749-003/2024(H5N1)	1266	A	G	2	2	36	1322	908	37	0.998489	1324	0	TRUE	NP:cds-XAJ25419.1	AGA	R	AGG	R	422
NP|PP755592.1|A/cattle/Texas/24-008749-003/2024(H5N1)	1272	C	A	1	1	37	1384	957	37	0.999278	1385	0	TRUE	NP:cds-XAJ25419.1	ACC	T	ACA	T	424
NP|PP755592.1|A/cattle/Texas/24-008749-003/2024(H5N1)	1398	C	A	1	1	38	684	565	36	0.99854	685	0	TRUE	NP:cds-XAJ25419.1	CTC	L	CTA	L	466
NP|PP755592.1|A/cattle/Texas/24-008749-003/2024(H5N1)	1445	A	G	0	0	0	455	396	36	1	455	4.77567e-283	TRUE	NP:cds-XAJ25419.1	AAC	N	AGC	S	482
NP|PP755592.1|A/cattle/Texas/24-008749-003/2024(H5N1)	1490	A	G	49	33	36	1	1	39	0.02	50	0.438596	FALSE	NP:cds-XAJ25419.1	GAC	D	GGC	G	497
