REGION	POS	REF	ALT	REF_DP	REF_RV	REF_QUAL	ALT_DP	ALT_RV	ALT_QUAL	ALT_FREQ	TOTAL_DP	PVAL	PASS	GFF_FEATURE	REF_CODON	REF_AA	ALT_CODON	ALT_AA	POS_AA
PB1|PP755595.1|A/cattle/Texas/24-008749-003/2024(H5N1)	20	T	-ACTCTTCTTGAA	305	38	36	12	0	20	0.010327	1162	0.00105225	TRUE	NA	NA	NA	NA	NA	NA
PB1|PP755595.1|A/cattle/Texas/24-008749-003/2024(H5N1)	37	C	-CAGCGCAAAATGCCATAAG	389	63	36	15	0	20	0.0118953	1261	0.000431284	TRUE	NA	NA	NA	NA	NA	NA
PB1|PP755595.1|A/cattle/Texas/24-008749-003/2024(H5N1)	53	T	-AAGC	541	116	36	21	0	20	0.014862	1413	8.46733e-05	TRUE	NA	NA	NA	NA	NA	NA
PB1|PP755595.1|A/cattle/Texas/24-008749-003/2024(H5N1)	114	T	-ACCATGGACACAGTTAACAGAACACATC	1015	239	36	18	0	20	0.0108959	1652	0.0602514	FALSE	NA	NA	NA	NA	NA	NA
PB1|PP755595.1|A/cattle/Texas/24-008749-003/2024(H5N1)	129	T	-AAC	916	240	36	14	0	20	0.011745	1192	0.151777	FALSE	NA	NA	NA	NA	NA	NA
PB1|PP755595.1|A/cattle/Texas/24-008749-003/2024(H5N1)	187	G	-CACCT	448	146	36	13	0	20	0.0238095	546	0.0207873	FALSE	NA	NA	NA	NA	NA	NA
PB1|PP755595.1|A/cattle/Texas/24-008749-003/2024(H5N1)	213	A	G	0	0	0	238	96	38	1	238	3.91964e-158	TRUE	PB1:cds-XAJ25424.1	GGA	G	GGG	G	71
PB1|PP755595.1|A/cattle/Texas/24-008749-003/2024(H5N1)	213	A	G	0	0	0	238	96	38	1	238	3.91964e-158	TRUE	PB1-F2:cds-XAJ25425.1	GAC	D	GGC	G	40
PB1|PP755595.1|A/cattle/Texas/24-008749-003/2024(H5N1)	259	T	C	124	42	38	2	2	34	0.015873	126	0.216853	FALSE	PB1:cds-XAJ25424.1	TGC	C	CGC	R	87
PB1|PP755595.1|A/cattle/Texas/24-008749-003/2024(H5N1)	259	T	C	124	42	38	2	2	34	0.015873	126	0.216853	FALSE	PB1-F2:cds-XAJ25425.1	ACT	T	ACC	T	55
PB1|PP755595.1|A/cattle/Texas/24-008749-003/2024(H5N1)	288	A	G	120	55	38	2	2	34	0.0163934	122	0.219216	FALSE	PB1:cds-XAJ25424.1	GAA	E	GAG	E	96
PB1|PP755595.1|A/cattle/Texas/24-008749-003/2024(H5N1)	288	A	G	120	55	38	2	2	34	0.0163934	122	0.219216	FALSE	PB1-F2:cds-XAJ25425.1	AAG	K	AGG	R	65
PB1|PP755595.1|A/cattle/Texas/24-008749-003/2024(H5N1)	335	A	G	87	47	43	1	1	34	0.0113636	88	0.435644	FALSE	PB1:cds-XAJ25424.1	GAA	E	GGA	G	112
PB1|PP755595.1|A/cattle/Texas/24-008749-003/2024(H5N1)	335	A	G	87	47	43	1	1	34	0.0113636	88	0.435644	FALSE	PB1-F2:cds-XAJ25425.1	AAG	K	GAG	E	81
PB1|PP755595.1|A/cattle/Texas/24-008749-003/2024(H5N1)	359	A	G	90	50	40	1	1	34	0.010989	91	0.452736	FALSE	PB1:cds-XAJ25424.1	GAC	D	GGC	G	120
PB1|PP755595.1|A/cattle/Texas/24-008749-003/2024(H5N1)	359	A	G	90	50	40	1	1	34	0.010989	91	0.452736	FALSE	PB1-F2:cds-XAJ25425.1	ACA	T	GCA	A	89
PB1|PP755595.1|A/cattle/Texas/24-008749-003/2024(H5N1)	367	A	G	93	51	40	2	2	34	0.0210526	95	0.20542	FALSE	PB1:cds-XAJ25424.1	ACC	T	GCC	A	123
PB1|PP755595.1|A/cattle/Texas/24-008749-003/2024(H5N1)	367	A	G	93	51	40	2	2	34	0.0210526	95	0.20542	FALSE	PB1-F2:cds-XAJ25425.1	TGA	*	TGG	W	91
PB1|PP755595.1|A/cattle/Texas/24-008749-003/2024(H5N1)	535	A	G	81	40	41	1	1	34	0.0121951	82	0.445652	FALSE	PB1:cds-XAJ25424.1	ATA	I	GTA	V	179
PB1|PP755595.1|A/cattle/Texas/24-008749-003/2024(H5N1)	558	A	G	76	39	39	1	0	34	0.0128205	78	0.427778	FALSE	PB1:cds-XAJ25424.1	CAA	Q	CAG	Q	186
PB1|PP755595.1|A/cattle/Texas/24-008749-003/2024(H5N1)	558	A	C	76	39	39	1	0	27	0.0128205	78	0.673929	FALSE	PB1:cds-XAJ25424.1	CAA	Q	CAC	H	186
PB1|PP755595.1|A/cattle/Texas/24-008749-003/2024(H5N1)	587	C	T	85	47	37	1	1	34	0.0116279	86	0.469945	FALSE	PB1:cds-XAJ25424.1	ACC	T	ATC	I	196
PB1|PP755595.1|A/cattle/Texas/24-008749-003/2024(H5N1)	603	A	G	91	49	37	1	1	34	0.0108696	92	0.469388	FALSE	PB1:cds-XAJ25424.1	ACA	T	ACG	T	201
PB1|PP755595.1|A/cattle/Texas/24-008749-003/2024(H5N1)	606	A	G	89	48	36	1	0	68	0.0111111	90	0.461538	FALSE	PB1:cds-XAJ25424.1	CAA	Q	CAG	Q	202
PB1|PP755595.1|A/cattle/Texas/24-008749-003/2024(H5N1)	637	A	G	89	52	36	1	0	68	0.0111111	90	0.463918	FALSE	PB1:cds-XAJ25424.1	AAC	N	GAC	D	213
PB1|PP755595.1|A/cattle/Texas/24-008749-003/2024(H5N1)	646	A	G	90	52	36	1	1	34	0.010989	91	0.464286	FALSE	PB1:cds-XAJ25424.1	AGC	S	GGC	G	216
PB1|PP755595.1|A/cattle/Texas/24-008749-003/2024(H5N1)	657	A	T	95	52	37	1	1	26	0.0104167	96	0.716079	FALSE	PB1:cds-XAJ25424.1	ATA	I	ATT	I	219
PB1|PP755595.1|A/cattle/Texas/24-008749-003/2024(H5N1)	676	A	G	89	37	40	1	1	34	0.0111111	90	0.456853	FALSE	PB1:cds-XAJ25424.1	ACA	T	GCA	A	226
PB1|PP755595.1|A/cattle/Texas/24-008749-003/2024(H5N1)	694	G	A	82	28	40	1	0	34	0.0120482	83	0.44385	FALSE	PB1:cds-XAJ25424.1	GAA	E	AAA	K	232
PB1|PP755595.1|A/cattle/Texas/24-008749-003/2024(H5N1)	771	A	G	74	32	41	1	0	34	0.0133333	75	0.431034	FALSE	PB1:cds-XAJ25424.1	ACA	T	ACG	T	257
PB1|PP755595.1|A/cattle/Texas/24-008749-003/2024(H5N1)	781	A	G	81	32	40	1	0	34	0.0121951	82	0.448087	FALSE	PB1:cds-XAJ25424.1	AGC	S	GGC	G	261
PB1|PP755595.1|A/cattle/Texas/24-008749-003/2024(H5N1)	846	A	G	85	39	38	1	0	34	0.0116279	86	0.459893	FALSE	PB1:cds-XAJ25424.1	CTA	L	CTG	L	282
PB1|PP755595.1|A/cattle/Texas/24-008749-003/2024(H5N1)	873	T	C	94	51	36	1	0	34	0.0105263	95	0.461165	FALSE	PB1:cds-XAJ25424.1	ACT	T	ACC	T	291
PB1|PP755595.1|A/cattle/Texas/24-008749-003/2024(H5N1)	893	T	C	87	41	38	2	2	34	0.0224719	89	0.173443	FALSE	PB1:cds-XAJ25424.1	CTC	L	CCC	P	298
PB1|PP755595.1|A/cattle/Texas/24-008749-003/2024(H5N1)	917	A	G	96	57	41	1	0	34	0.0103093	97	0.449074	FALSE	PB1:cds-XAJ25424.1	AAC	N	AGC	S	306
PB1|PP755595.1|A/cattle/Texas/24-008749-003/2024(H5N1)	945	T	C	91	59	41	1	1	34	0.0108696	92	0.444444	FALSE	PB1:cds-XAJ25424.1	CCT	P	CCC	P	315
PB1|PP755595.1|A/cattle/Texas/24-008749-003/2024(H5N1)	958	G	A	95	59	40	1	1	34	0.0104167	96	0.448598	FALSE	PB1:cds-XAJ25424.1	GCA	A	ACA	T	320
PB1|PP755595.1|A/cattle/Texas/24-008749-003/2024(H5N1)	988	C	A	97	60	37	1	1	26	0.0102041	98	0.712018	FALSE	PB1:cds-XAJ25424.1	CCT	P	ACT	T	330
PB1|PP755595.1|A/cattle/Texas/24-008749-003/2024(H5N1)	991	G	T	94	57	38	1	1	34	0.0105263	95	0.456731	FALSE	PB1:cds-XAJ25424.1	GAA	E	TAA	*	331
PB1|PP755595.1|A/cattle/Texas/24-008749-003/2024(H5N1)	995	G	T	97	58	38	1	1	34	0.0102041	98	0.464455	FALSE	PB1:cds-XAJ25424.1	TGG	W	TTG	L	332
PB1|PP755595.1|A/cattle/Texas/24-008749-003/2024(H5N1)	1015	A	G	95	45	36	1	0	34	0.0104167	96	0.48	FALSE	PB1:cds-XAJ25424.1	ATT	I	GTT	V	339
PB1|PP755595.1|A/cattle/Texas/24-008749-003/2024(H5N1)	1059	A	G	94	40	37	2	0	34	0.0208333	96	0.222406	FALSE	PB1:cds-XAJ25424.1	AAA	K	AAG	K	353
PB1|PP755595.1|A/cattle/Texas/24-008749-003/2024(H5N1)	1066	A	G	98	38	39	1	1	56	0.010101	99	0.460465	FALSE	PB1:cds-XAJ25424.1	ATG	M	GTG	V	356
PB1|PP755595.1|A/cattle/Texas/24-008749-003/2024(H5N1)	1081	A	T	89	41	36	1	0	26	0.0111111	90	0.679348	FALSE	PB1:cds-XAJ25424.1	AGC	S	TGC	C	361
PB1|PP755595.1|A/cattle/Texas/24-008749-003/2024(H5N1)	1087	A	G	94	37	39	1	1	34	0.0105263	95	0.448113	FALSE	PB1:cds-XAJ25424.1	AAG	K	GAG	E	363
PB1|PP755595.1|A/cattle/Texas/24-008749-003/2024(H5N1)	1148	A	G	99	49	41	1	1	34	0.01	100	0.440529	FALSE	PB1:cds-XAJ25424.1	GAG	E	GGG	G	383
PB1|PP755595.1|A/cattle/Texas/24-008749-003/2024(H5N1)	1150	T	C	102	49	40	2	1	51	0.0192308	104	0.199881	FALSE	PB1:cds-XAJ25424.1	TCA	S	CCA	P	384
PB1|PP755595.1|A/cattle/Texas/24-008749-003/2024(H5N1)	1208	T	C	122	56	38	2	1	29	0.016129	124	0.446519	FALSE	PB1:cds-XAJ25424.1	TTA	L	TCA	S	403
PB1|PP755595.1|A/cattle/Texas/24-008749-003/2024(H5N1)	1328	C	A	169	68	39	2	2	30	0.0116959	171	0.20617	FALSE	PB1:cds-XAJ25424.1	TCT	S	TAT	Y	443
PB1|PP755595.1|A/cattle/Texas/24-008749-003/2024(H5N1)	2039	G	-GGGAATCCTTGAAGACGAACAGAT	1264	519	38	29	0	20	0.0190539	1522	0.00572044	TRUE	NA	NA	NA	NA	NA	NA
PB1|PP755595.1|A/cattle/Texas/24-008749-003/2024(H5N1)	2073	G	-TGCTGCAATC	1394	627	39	18	0	20	0.0103508	1739	0.267068	FALSE	NA	NA	NA	NA	NA	NA
PB1|PP755595.1|A/cattle/Texas/24-008749-003/2024(H5N1)	2082	T	-CTATTTGAAAAATTCTTCC	1253	546	39	37	0	20	0.0220896	1675	8.67736e-05	TRUE	NA	NA	NA	NA	NA	NA
PB1|PP755595.1|A/cattle/Texas/24-008749-003/2024(H5N1)	2088	T	-GAAAAATTCTTCCCTAGCAGTTC	1593	711	39	33	0	20	0.0152355	2166	0.00505219	TRUE	NA	NA	NA	NA	NA	NA
PB1|PP755595.1|A/cattle/Texas/24-008749-003/2024(H5N1)	2103	T	-AGC	1872	875	39	51	0	20	0.0201422	2532	1.89527e-05	TRUE	NA	NA	NA	NA	NA	NA
PB1|PP755595.1|A/cattle/Texas/24-008749-003/2024(H5N1)	2196	T	-G	2192	1801	44	41	0	20	0.0129747	3160	0.0053535	TRUE	NA	NA	NA	NA	NA	NA
PB1|PP755595.1|A/cattle/Texas/24-008749-003/2024(H5N1)	2231	T	-G	1977	1707	42	52	0	20	0.020054	2593	2.12779e-05	TRUE	NA	NA	NA	NA	NA	NA
