REGION	POS	REF	ALT	REF_DP	REF_RV	REF_QUAL	ALT_DP	ALT_RV	ALT_QUAL	ALT_FREQ	TOTAL_DP	PVAL	PASS	GFF_FEATURE	REF_CODON	REF_AA	ALT_CODON	ALT_AA	POS_AA
NS|PP755593.1|A/cattle/Texas/24-008749-003/2024(H5N1)	20	T	C	0	0	0	2699	725	37	1	2699	0	TRUE	NEP:cds-XAJ25421.1	TTA	L	TCA	S	7
NS|PP755593.1|A/cattle/Texas/24-008749-003/2024(H5N1)	20	T	C	0	0	0	2699	725	37	1	2699	0	TRUE	NS1:cds-XAJ25420.1	TTA	L	TCA	S	7
NS|PP755593.1|A/cattle/Texas/24-008749-003/2024(H5N1)	108	C	T	4	1	34	8455	2882	37	0.995878	8490	0	TRUE	NS1:cds-XAJ25420.1	CTC	L	CTT	L	36
NS|PP755593.1|A/cattle/Texas/24-008749-003/2024(H5N1)	117	C	T	5	1	37	8959	3113	37	0.999331	8965	0	TRUE	NS1:cds-XAJ25420.1	GAC	D	GAT	D	39
NS|PP755593.1|A/cattle/Texas/24-008749-003/2024(H5N1)	123	G	A	0	0	0	9031	3078	38	1	9031	0	TRUE	NS1:cds-XAJ25420.1	AAG	K	AAA	K	41
NS|PP755593.1|A/cattle/Texas/24-008749-003/2024(H5N1)	126	T	C	4	0	37	8979	3072	38	0.99911	8987	0	TRUE	NS1:cds-XAJ25420.1	TCT	S	TCC	S	42
NS|PP755593.1|A/cattle/Texas/24-008749-003/2024(H5N1)	129	A	G	1	1	39	9315	3140	38	0.999893	9316	0	TRUE	NS1:cds-XAJ25420.1	CTA	L	CTG	L	43
NS|PP755593.1|A/cattle/Texas/24-008749-003/2024(H5N1)	158	A	G	3	2	39	10804	4324	37	0.999537	10809	0	TRUE	NS1:cds-XAJ25420.1	GAC	D	GGC	G	53
NS|PP755593.1|A/cattle/Texas/24-008749-003/2024(H5N1)	165	G	A	4	2	38	10885	4360	38	0.999633	10889	0	TRUE	NS1:cds-XAJ25420.1	GAG	E	GAA	E	55
NS|PP755593.1|A/cattle/Texas/24-008749-003/2024(H5N1)	168	G	A	6	3	36	10971	4375	38	0.999089	10981	0	TRUE	NS1:cds-XAJ25420.1	ACG	T	ACA	T	56
NS|PP755593.1|A/cattle/Texas/24-008749-003/2024(H5N1)	174	T	C	5	2	36	10944	4340	37	0.999361	10951	0	TRUE	NS1:cds-XAJ25420.1	ACT	T	ACC	T	58
NS|PP755593.1|A/cattle/Texas/24-008749-003/2024(H5N1)	180	T	A	0	0	0	11391	4438	38	0.998335	11410	0	TRUE	NS1:cds-XAJ25420.1	GCT	A	GCA	A	60
NS|PP755593.1|A/cattle/Texas/24-008749-003/2024(H5N1)	183	G	A	10	3	38	11269	4447	37	0.999113	11279	0	TRUE	NS1:cds-XAJ25420.1	GGG	G	GGA	G	61
NS|PP755593.1|A/cattle/Texas/24-008749-003/2024(H5N1)	199	A	C	0	0	0	11953	5150	37	0.999498	11959	0	TRUE	NS1:cds-XAJ25420.1	AGG	R	CGG	R	67
NS|PP755593.1|A/cattle/Texas/24-008749-003/2024(H5N1)	210	G	A	8	5	37	12436	5292	37	0.999197	12446	0	TRUE	NS1:cds-XAJ25420.1	GAG	E	GAA	E	70
NS|PP755593.1|A/cattle/Texas/24-008749-003/2024(H5N1)	219	C	T	13	5	37	12771	5344	37	0.998905	12785	0	TRUE	NS1:cds-XAJ25420.1	TCC	S	TCT	S	73
NS|PP755593.1|A/cattle/Texas/24-008749-003/2024(H5N1)	226	G	A	12	5	36	11569	5358	37	0.998964	11581	0	TRUE	NS1:cds-XAJ25420.1	GCA	A	ACA	T	76
NS|PP755593.1|A/cattle/Texas/24-008749-003/2024(H5N1)	231	C	T	1	1	20	11716	5414	38	0.999829	11718	0	TRUE	NS1:cds-XAJ25420.1	CTC	L	CTT	L	77
NS|PP755593.1|A/cattle/Texas/24-008749-003/2024(H5N1)	247	T	C	55	24	37	9689	4844	37	0.994151	9746	0	TRUE	NS1:cds-XAJ25420.1	TCT	S	CCT	P	83
NS|PP755593.1|A/cattle/Texas/24-008749-003/2024(H5N1)	249	T	C	23	10	37	9894	5005	37	0.997681	9917	0	TRUE	NS1:cds-XAJ25420.1	TCT	S	TCC	S	83
NS|PP755593.1|A/cattle/Texas/24-008749-003/2024(H5N1)	255	T	A	1	0	20	9980	5068	38	0.998899	9991	0	TRUE	NS1:cds-XAJ25420.1	CCT	P	CCA	P	85
NS|PP755593.1|A/cattle/Texas/24-008749-003/2024(H5N1)	259	C	T	3	2	36	9920	5017	37	0.999698	9923	0	TRUE	NS1:cds-XAJ25420.1	CCA	P	TCA	S	87
NS|PP755593.1|A/cattle/Texas/24-008749-003/2024(H5N1)	288	A	G	5	5	31	9904	5278	38	0.999495	9909	0	TRUE	NS1:cds-XAJ25420.1	GAA	E	GAG	E	96
NS|PP755593.1|A/cattle/Texas/24-008749-003/2024(H5N1)	300	A	G	1	1	20	10104	5253	38	0.999407	10110	0	TRUE	NS1:cds-XAJ25420.1	AGA	R	AGG	R	100
NS|PP755593.1|A/cattle/Texas/24-008749-003/2024(H5N1)	324	G	A	4	3	33	10130	5483	37	0.999605	10134	0	TRUE	NS1:cds-XAJ25420.1	AAG	K	AAA	K	108
NS|PP755593.1|A/cattle/Texas/24-008749-003/2024(H5N1)	327	A	G	0	0	0	9911	5359	38	0.999798	9913	0	TRUE	NS1:cds-XAJ25420.1	CAA	Q	CAG	Q	109
NS|PP755593.1|A/cattle/Texas/24-008749-003/2024(H5N1)	339	C	T	9	5	36	7636	5068	36	0.994919	7675	0	TRUE	NS1:cds-XAJ25420.1	GGC	G	GGT	G	113
NS|PP755593.1|A/cattle/Texas/24-008749-003/2024(H5N1)	345	C	T	0	0	0	8746	4660	37	0.999886	8747	0	TRUE	NS1:cds-XAJ25420.1	CTC	L	CTT	L	115
NS|PP755593.1|A/cattle/Texas/24-008749-003/2024(H5N1)	346	A	T	0	0	0	8896	4722	38	0.999438	8901	0	TRUE	NS1:cds-XAJ25420.1	AGT	S	TGT	C	116
NS|PP755593.1|A/cattle/Texas/24-008749-003/2024(H5N1)	348	T	C	8	6	25	8028	4711	36	0.999004	8036	0	TRUE	NS1:cds-XAJ25420.1	AGT	S	AGC	S	116
NS|PP755593.1|A/cattle/Texas/24-008749-003/2024(H5N1)	366	G	A	0	0	0	9126	5084	37	1	9126	0	TRUE	NS1:cds-XAJ25420.1	GCG	A	GCA	A	122
NS|PP755593.1|A/cattle/Texas/24-008749-003/2024(H5N1)	369	T	A	0	0	0	9441	5103	37	0.999788	9443	0	TRUE	NS1:cds-XAJ25420.1	ATT	I	ATA	I	123
NS|PP755593.1|A/cattle/Texas/24-008749-003/2024(H5N1)	378	G	A	1	1	39	9804	5363	38	0.999796	9806	0	TRUE	NS1:cds-XAJ25420.1	AAG	K	AAA	K	126
NS|PP755593.1|A/cattle/Texas/24-008749-003/2024(H5N1)	388	C	T	8	4	37	9934	5500	37	0.999195	9942	0	TRUE	NS1:cds-XAJ25420.1	CTG	L	TTG	L	130
NS|PP755593.1|A/cattle/Texas/24-008749-003/2024(H5N1)	393	G	A	9	5	37	10329	5644	38	0.999129	10338	0	TRUE	NS1:cds-XAJ25420.1	AAG	K	AAA	K	131
NS|PP755593.1|A/cattle/Texas/24-008749-003/2024(H5N1)	411	C	T	1	1	20	8645	4487	38	0.999884	8646	0	TRUE	NS1:cds-XAJ25420.1	ATC	I	ATT	I	137
NS|PP755593.1|A/cattle/Texas/24-008749-003/2024(H5N1)	414	C	T	4	2	35	8746	4527	38	0.999543	8750	0	TRUE	NS1:cds-XAJ25420.1	TTC	F	TTT	F	138
NS|PP755593.1|A/cattle/Texas/24-008749-003/2024(H5N1)	415	A	G	3	1	38	8040	4563	36	0.99913	8047	0	TRUE	NS1:cds-XAJ25420.1	AAT	N	GAT	D	139
NS|PP755593.1|A/cattle/Texas/24-008749-003/2024(H5N1)	417	T	C	6	3	35	8172	4463	37	0.999266	8178	0	TRUE	NS1:cds-XAJ25420.1	AAT	N	AAC	N	139
NS|PP755593.1|A/cattle/Texas/24-008749-003/2024(H5N1)	426	G	A	12	7	37	9450	4786	38	0.998626	9463	0	TRUE	NS1:cds-XAJ25420.1	GAG	E	GAA	E	142
NS|PP755593.1|A/cattle/Texas/24-008749-003/2024(H5N1)	429	A	C	1	1	38	9106	4714	37	0.999671	9109	0	TRUE	NS1:cds-XAJ25420.1	ACA	T	ACC	T	143
NS|PP755593.1|A/cattle/Texas/24-008749-003/2024(H5N1)	441	C	T	4	1	37	10144	5323	37	0.999606	10148	0	TRUE	NS1:cds-XAJ25420.1	CTC	L	CTT	L	147
NS|PP755593.1|A/cattle/Texas/24-008749-003/2024(H5N1)	453	T	A	1	0	20	9846	5312	38	0.998276	9863	0	TRUE	NS1:cds-XAJ25420.1	ACT	T	ACA	T	151
NS|PP755593.1|A/cattle/Texas/24-008749-003/2024(H5N1)	459	G	A	12	8	37	10179	5430	38	0.998529	10194	0	TRUE	NS1:cds-XAJ25420.1	GAG	E	GAA	E	153
NS|PP755593.1|A/cattle/Texas/24-008749-003/2024(H5N1)	471	C	G	0	0	0	10711	5105	37	0.998602	10726	0	TRUE	NS1:cds-XAJ25420.1	GTC	V	GTG	V	157
NS|PP755593.1|A/cattle/Texas/24-008749-003/2024(H5N1)	474	C	A	0	0	0	10575	5195	37	0.99915	10584	0	TRUE	NS1:cds-XAJ25420.1	GGC	G	GGA	G	158
NS|PP755593.1|A/cattle/Texas/24-008749-003/2024(H5N1)	480	T	C	2	0	38	10701	5330	37	0.99944	10707	0	TRUE	NS1:cds-XAJ25420.1	ATT	I	ATC	I	160
NS|PP755593.1|A/cattle/Texas/24-008749-003/2024(H5N1)	489	G	A	2	1	39	10826	5189	37	0.999815	10828	0	TRUE	NS1:cds-XAJ25420.1	TTG	L	TTA	L	163
NS|PP755593.1|A/cattle/Texas/24-008749-003/2024(H5N1)	592	T	C	5	3	29	12692	7033	38	0.999291	12701	0	TRUE	NEP:cds-XAJ25421.1	CTT	L	CTC	L	30
NS|PP755593.1|A/cattle/Texas/24-008749-003/2024(H5N1)	592	T	C	5	3	29	12692	7033	38	0.999291	12701	0	TRUE	NS1:cds-XAJ25420.1	TTA	L	CTA	L	198
NS|PP755593.1|A/cattle/Texas/24-008749-003/2024(H5N1)	668	A	C	2	1	29	12189	7090	37	0.999426	12196	0	TRUE	NEP:cds-XAJ25421.1	AGA	R	CGA	R	56
NS|PP755593.1|A/cattle/Texas/24-008749-003/2024(H5N1)	668	A	C	2	1	29	12189	7090	37	0.999426	12196	0	TRUE	NS1:cds-XAJ25420.1	GAG	E	GCG	A	223
NS|PP755593.1|A/cattle/Texas/24-008749-003/2024(H5N1)	672	G	A	1	0	24	12205	7171	37	0.999836	12207	0	TRUE	NEP:cds-XAJ25421.1	GGA	G	GAA	E	57
NS|PP755593.1|A/cattle/Texas/24-008749-003/2024(H5N1)	672	G	A	1	0	24	12205	7171	37	0.999836	12207	0	TRUE	NS1:cds-XAJ25420.1	AGG	R	AGA	R	224
NS|PP755593.1|A/cattle/Texas/24-008749-003/2024(H5N1)	703	G	A	9	4	38	10371	6344	38	0.999133	10380	0	TRUE	NEP:cds-XAJ25421.1	AGG	R	AGA	R	67
NS|PP755593.1|A/cattle/Texas/24-008749-003/2024(H5N1)	724	A	G	6	3	37	8374	4861	37	0.999165	8381	0	TRUE	NEP:cds-XAJ25421.1	CGA	R	CGG	R	74
NS|PP755593.1|A/cattle/Texas/24-008749-003/2024(H5N1)	731	C	T	3	2	37	7118	3876	38	0.998877	7126	0	TRUE	NEP:cds-XAJ25421.1	CTA	L	TTA	L	77
NS|PP755593.1|A/cattle/Texas/24-008749-003/2024(H5N1)	733	A	G	3	2	36	7146	3919	38	0.999301	7151	0	TRUE	NEP:cds-XAJ25421.1	CTA	L	CTG	L	77
NS|PP755593.1|A/cattle/Texas/24-008749-003/2024(H5N1)	739	C	T	11	11	21	6425	3664	38	0.998291	6436	0	TRUE	NEP:cds-XAJ25421.1	ATC	I	ATT	I	79
NS|PP755593.1|A/cattle/Texas/24-008749-003/2024(H5N1)	745	A	G	4	4	33	5934	3330	38	0.999158	5939	0	TRUE	NEP:cds-XAJ25421.1	GAA	E	GAG	E	81
NS|PP755593.1|A/cattle/Texas/24-008749-003/2024(H5N1)	748	T	C	3	2	34	5969	3341	38	0.99933	5973	0	TRUE	NEP:cds-XAJ25421.1	AAT	N	AAC	N	82
NS|PP755593.1|A/cattle/Texas/24-008749-003/2024(H5N1)	754	T	C	3	2	31	5899	3353	37	0.998984	5905	0	TRUE	NEP:cds-XAJ25421.1	TTT	F	TTC	F	84
NS|PP755593.1|A/cattle/Texas/24-008749-003/2024(H5N1)	760	A	G	4	3	36	5433	3232	38	0.998897	5439	0	TRUE	NEP:cds-XAJ25421.1	CAA	Q	CAG	Q	86
NS|PP755593.1|A/cattle/Texas/24-008749-003/2024(H5N1)	766	A	T	2	2	36	5060	2907	38	0.99921	5064	0	TRUE	NEP:cds-XAJ25421.1	ACA	T	ACT	T	88
NS|PP755593.1|A/cattle/Texas/24-008749-003/2024(H5N1)	788	C	T	2	2	39	3822	2199	37	0.999477	3824	0	TRUE	NEP:cds-XAJ25421.1	CTG	L	TTG	L	96
