REGION	POS	REF	ALT	REF_DP	REF_RV	REF_QUAL	ALT_DP	ALT_RV	ALT_QUAL	ALT_FREQ	TOTAL_DP	PVAL	PASS	GFF_FEATURE	REF_CODON	REF_AA	ALT_CODON	ALT_AA	POS_AA
NA|A/dairy_cattle/Texas/24-008749-002-v/2024|EPI_ISL_19032063|2024-03-20|2.3.4.4b	45	g	A	23	1	48	1	0	33	0.0416667	24	0.285714	FALSE	NA	NA	NA	NA	NA	NA
NA|A/dairy_cattle/Texas/24-008749-002-v/2024|EPI_ISL_19032063|2024-03-20|2.3.4.4b	51	t	-G	25	1	51	4	0	20	0.0615385	65	0.00813464	TRUE	NA	NA	NA	NA	NA	NA
NA|A/dairy_cattle/Texas/24-008749-002-v/2024|EPI_ISL_19032063|2024-03-20|2.3.4.4b	134	a	C	49	0	52	1	0	71	0.02	50	0.344828	FALSE	NA	NA	NA	NA	NA	NA
NA|A/dairy_cattle/Texas/24-008749-002-v/2024|EPI_ISL_19032063|2024-03-20|2.3.4.4b	199	a	G	0	0	0	64	0	58	1	64	2.49135e-51	TRUE	NA	NA	NA	NA	NA	NA
NA|A/dairy_cattle/Texas/24-008749-002-v/2024|EPI_ISL_19032063|2024-03-20|2.3.4.4b	212	g	A	0	0	0	69	0	61	1	69	6.59366e-55	TRUE	NA	NA	NA	NA	NA	NA
NA|A/dairy_cattle/Texas/24-008749-002-v/2024|EPI_ISL_19032063|2024-03-20|2.3.4.4b	264	t	C	71	9	62	1	1	32	0.0138889	72	0.375	FALSE	NA	NA	NA	NA	NA	NA
NA|A/dairy_cattle/Texas/24-008749-002-v/2024|EPI_ISL_19032063|2024-03-20|2.3.4.4b	268	t	C	69	8	62	1	1	39	0.0142857	70	0.37234	FALSE	NA	NA	NA	NA	NA	NA
NA|A/dairy_cattle/Texas/24-008749-002-v/2024|EPI_ISL_19032063|2024-03-20|2.3.4.4b	291	g	T	70	13	56	1	0	76	0.0140845	71	0.392265	FALSE	NA	NA	NA	NA	NA	NA
NA|A/dairy_cattle/Texas/24-008749-002-v/2024|EPI_ISL_19032063|2024-03-20|2.3.4.4b	300	c	T	76	14	56	1	1	32	0.012987	77	0.396907	FALSE	NA	NA	NA	NA	NA	NA
NA|A/dairy_cattle/Texas/24-008749-002-v/2024|EPI_ISL_19032063|2024-03-20|2.3.4.4b	311	a	G	71	10	56	1	0	37	0.0138889	72	0.393443	FALSE	NA	NA	NA	NA	NA	NA
NA|A/dairy_cattle/Texas/24-008749-002-v/2024|EPI_ISL_19032063|2024-03-20|2.3.4.4b	314	g	A	69	11	54	4	0	57	0.0547945	73	0.0230409	FALSE	NA	NA	NA	NA	NA	NA
NA|A/dairy_cattle/Texas/24-008749-002-v/2024|EPI_ISL_19032063|2024-03-20|2.3.4.4b	372	c	T	78	12	59	1	0	48	0.0126582	79	0.379808	FALSE	NA	NA	NA	NA	NA	NA
NA|A/dairy_cattle/Texas/24-008749-002-v/2024|EPI_ISL_19032063|2024-03-20|2.3.4.4b	374	c	T	79	12	58	1	0	20	0.0125	80	0.617908	FALSE	NA	NA	NA	NA	NA	NA
NA|A/dairy_cattle/Texas/24-008749-002-v/2024|EPI_ISL_19032063|2024-03-20|2.3.4.4b	376	c	A	79	12	58	1	0	29	0.0125	80	0.611214	FALSE	NA	NA	NA	NA	NA	NA
NA|A/dairy_cattle/Texas/24-008749-002-v/2024|EPI_ISL_19032063|2024-03-20|2.3.4.4b	381	g	A	0	0	0	83	13	59	1	83	5.40767e-63	TRUE	NA	NA	NA	NA	NA	NA
NA|A/dairy_cattle/Texas/24-008749-002-v/2024|EPI_ISL_19032063|2024-03-20|2.3.4.4b	413	c	A	80	17	58	2	0	57	0.0243902	82	0.134166	FALSE	NA	NA	NA	NA	NA	NA
NA|A/dairy_cattle/Texas/24-008749-002-v/2024|EPI_ISL_19032063|2024-03-20|2.3.4.4b	420	g	A	83	16	60	1	0	62	0.0119048	84	0.378378	FALSE	NA	NA	NA	NA	NA	NA
NA|A/dairy_cattle/Texas/24-008749-002-v/2024|EPI_ISL_19032063|2024-03-20|2.3.4.4b	442	a	G	83	20	56	1	0	77	0.0119048	84	0.383562	FALSE	NA	NA	NA	NA	NA	NA
NA|A/dairy_cattle/Texas/24-008749-002-v/2024|EPI_ISL_19032063|2024-03-20|2.3.4.4b	450	g	C	94	23	54	1	0	33	0.0105263	95	0.394191	FALSE	NA	NA	NA	NA	NA	NA
NA|A/dairy_cattle/Texas/24-008749-002-v/2024|EPI_ISL_19032063|2024-03-20|2.3.4.4b	456	a	G	92	20	56	1	0	75	0.0107527	93	0.392405	FALSE	NA	NA	NA	NA	NA	NA
NA|A/dairy_cattle/Texas/24-008749-002-v/2024|EPI_ISL_19032063|2024-03-20|2.3.4.4b	711	c	T	0	0	0	113	25	61	1	113	2.56217e-86	TRUE	NA	NA	NA	NA	NA	NA
NA|A/dairy_cattle/Texas/24-008749-002-v/2024|EPI_ISL_19032063|2024-03-20|2.3.4.4b	1147	a	G	107	35	56	2	0	54	0.0183486	109	0.149619	FALSE	NA	NA	NA	NA	NA	NA
NA|A/dairy_cattle/Texas/24-008749-002-v/2024|EPI_ISL_19032063|2024-03-20|2.3.4.4b	1223	a	G	87	31	62	1	0	77	0.0113636	88	0.37931	FALSE	NA	NA	NA	NA	NA	NA
NA|A/dairy_cattle/Texas/24-008749-002-v/2024|EPI_ISL_19032063|2024-03-20|2.3.4.4b	1234	c	A	84	29	62	1	0	77	0.0117647	85	0.377778	FALSE	NA	NA	NA	NA	NA	NA
NA|A/dairy_cattle/Texas/24-008749-002-v/2024|EPI_ISL_19032063|2024-03-20|2.3.4.4b	1243	t	C	77	24	63	1	0	78	0.0128205	78	0.371429	FALSE	NA	NA	NA	NA	NA	NA
NA|A/dairy_cattle/Texas/24-008749-002-v/2024|EPI_ISL_19032063|2024-03-20|2.3.4.4b	1248	t	C	77	25	61	1	0	78	0.0128205	78	0.375	FALSE	NA	NA	NA	NA	NA	NA
NA|A/dairy_cattle/Texas/24-008749-002-v/2024|EPI_ISL_19032063|2024-03-20|2.3.4.4b	1282	a	G	68	28	60	1	1	35	0.0144928	69	0.389831	FALSE	NA	NA	NA	NA	NA	NA
NA|A/dairy_cattle/Texas/24-008749-002-v/2024|EPI_ISL_19032063|2024-03-20|2.3.4.4b	1288	a	G	60	26	56	4	1	60	0.0625	64	0.0213408	FALSE	NA	NA	NA	NA	NA	NA
