REGION	POS	REF	ALT	REF_DP	REF_RV	REF_QUAL	ALT_DP	ALT_RV	ALT_QUAL	ALT_FREQ	TOTAL_DP	PVAL	PASS	GFF_FEATURE	REF_CODON	REF_AA	ALT_CODON	ALT_AA	POS_AA
PA|PP755594.1|A/cattle/Texas/24-008749-003/2024(H5N1)	39	T	G	83	11	36	1	1	68	0.0119048	84	0.231405	FALSE	PA:cds-XAJ25422.1	ATT	I	ATG	M	13
PA|PP755594.1|A/cattle/Texas/24-008749-003/2024(H5N1)	39	T	G	83	11	36	1	1	68	0.0119048	84	0.231405	FALSE	PA-X:cds-XAJ25423.1	ATT	I	ATG	M	13
PA|PP755594.1|A/cattle/Texas/24-008749-003/2024(H5N1)	54	A	G	93	16	37	1	0	34	0.0106383	94	0.246073	FALSE	PA:cds-XAJ25422.1	GAA	E	GAG	E	18
PA|PP755594.1|A/cattle/Texas/24-008749-003/2024(H5N1)	54	A	G	93	16	37	1	0	34	0.0106383	94	0.246073	FALSE	PA-X:cds-XAJ25423.1	GAA	E	GAG	E	18
PA|PP755594.1|A/cattle/Texas/24-008749-003/2024(H5N1)	280	A	G	230	105	36	4	2	32	0.017094	234	0.0539122	FALSE	PA:cds-XAJ25422.1	ATC	I	GTC	V	94
PA|PP755594.1|A/cattle/Texas/24-008749-003/2024(H5N1)	280	A	G	230	105	36	4	2	32	0.017094	234	0.0539122	FALSE	PA-X:cds-XAJ25423.1	ATC	I	GTC	V	94
PA|PP755594.1|A/cattle/Texas/24-008749-003/2024(H5N1)	939	A	+T	250	71	36	4	0	20	0.0136519	293	0.279899	FALSE	NA	NA	NA	NA	NA	NA
PA|PP755594.1|A/cattle/Texas/24-008749-003/2024(H5N1)	1052	A	G	240	133	40	3	1	34	0.0123457	243	0.0890107	FALSE	PA:cds-XAJ25422.1	GAG	E	GGG	G	351
PA|PP755594.1|A/cattle/Texas/24-008749-003/2024(H5N1)	1659	A	G	290	126	38	3	3	34	0.0102389	293	0.100523	FALSE	PA:cds-XAJ25422.1	GCA	A	GCG	A	553
