REGION	POS	REF	ALT	REF_DP	REF_RV	REF_QUAL	ALT_DP	ALT_RV	ALT_QUAL	ALT_FREQ	TOTAL_DP	PVAL	PASS	GFF_FEATURE	REF_CODON	REF_AA	ALT_CODON	ALT_AA	POS_AA
PB2|PP755596.1|A/cattle/Texas/24-008749-003/2024(H5N1)	18	A	G	0	0	0	60	19	51	1	60	3.63503e-61	TRUE	PB2:cds-XAJ25426.1	GAA	E	GAG	E	6
PB2|PP755596.1|A/cattle/Texas/24-008749-003/2024(H5N1)	21	G	A	0	0	0	62	20	53	1	62	8.78372e-63	TRUE	PB2:cds-XAJ25426.1	CTG	L	CTA	L	7
PB2|PP755596.1|A/cattle/Texas/24-008749-003/2024(H5N1)	28	C	T	0	0	0	65	22	54	1	65	2.28124e-65	TRUE	PB2:cds-XAJ25426.1	CTA	L	TTA	L	10
PB2|PP755596.1|A/cattle/Texas/24-008749-003/2024(H5N1)	30	A	G	0	0	0	66	22	54	1	66	4.10406e-66	TRUE	PB2:cds-XAJ25426.1	CTA	L	CTG	L	10
PB2|PP755596.1|A/cattle/Texas/24-008749-003/2024(H5N1)	36	A	G	0	0	0	75	23	52	1	75	5.76129e-73	TRUE	PB2:cds-XAJ25426.1	TCA	S	TCG	S	12
PB2|PP755596.1|A/cattle/Texas/24-008749-003/2024(H5N1)	39	G	A	0	0	0	75	23	51	1	75	6.10114e-74	TRUE	PB2:cds-XAJ25426.1	CAG	Q	CAA	Q	13
PB2|PP755596.1|A/cattle/Texas/24-008749-003/2024(H5N1)	60	A	G	0	0	0	134	42	56	1	134	5.80326e-119	TRUE	PB2:cds-XAJ25426.1	CTA	L	CTG	L	20
PB2|PP755596.1|A/cattle/Texas/24-008749-003/2024(H5N1)	63	C	A	0	0	0	132	44	56	1	132	2.38928e-118	TRUE	PB2:cds-XAJ25426.1	ACC	T	ACA	T	21
PB2|PP755596.1|A/cattle/Texas/24-008749-003/2024(H5N1)	72	T	C	0	0	0	144	49	54	1	144	1.37451e-127	TRUE	PB2:cds-XAJ25426.1	ACT	T	ACC	T	24
PB2|PP755596.1|A/cattle/Texas/24-008749-003/2024(H5N1)	75	T	G	0	0	0	145	49	56	1	145	8.87043e-130	TRUE	PB2:cds-XAJ25426.1	GTT	V	GTG	V	25
PB2|PP755596.1|A/cattle/Texas/24-008749-003/2024(H5N1)	81	C	T	0	0	0	175	56	55	1	175	5.17647e-150	TRUE	PB2:cds-XAJ25426.1	CAC	H	CAT	H	27
PB2|PP755596.1|A/cattle/Texas/24-008749-003/2024(H5N1)	96	G	A	0	0	0	184	63	59	1	184	3.96505e-158	TRUE	PB2:cds-XAJ25426.1	AAG	K	AAA	K	32
PB2|PP755596.1|A/cattle/Texas/24-008749-003/2024(H5N1)	99	G	A	1	1	53	183	64	59	0.994565	184	8.43113e-157	TRUE	PB2:cds-XAJ25426.1	AAG	K	AAA	K	33
PB2|PP755596.1|A/cattle/Texas/24-008749-003/2024(H5N1)	102	C	T	0	0	0	189	70	59	1	189	2.08512e-163	TRUE	PB2:cds-XAJ25426.1	TAC	Y	TAT	Y	34
PB2|PP755596.1|A/cattle/Texas/24-008749-003/2024(H5N1)	117	A	G	1	1	38	222	78	62	0.995516	223	5.72055e-186	TRUE	PB2:cds-XAJ25426.1	CAA	Q	CAG	Q	39
PB2|PP755596.1|A/cattle/Texas/24-008749-003/2024(H5N1)	120	A	G	0	0	0	232	83	60	1	232	6.18898e-196	TRUE	PB2:cds-XAJ25426.1	GAA	E	GAG	E	40
PB2|PP755596.1|A/cattle/Texas/24-008749-003/2024(H5N1)	135	C	T	1	1	39	256	88	61	0.996109	257	3.40534e-211	TRUE	PB2:cds-XAJ25426.1	CTC	L	CTT	L	45
PB2|PP755596.1|A/cattle/Texas/24-008749-003/2024(H5N1)	138	A	G	1	0	35	270	95	60	0.99631	271	1.34374e-222	TRUE	PB2:cds-XAJ25426.1	AGA	R	AGG	R	46
PB2|PP755596.1|A/cattle/Texas/24-008749-003/2024(H5N1)	144	A	G	2	1	37	276	96	61	0.992806	278	2.03898e-225	TRUE	PB2:cds-XAJ25426.1	AAA	K	AAG	K	48
PB2|PP755596.1|A/cattle/Texas/24-008749-003/2024(H5N1)	168	A	G	2	1	38	295	99	60	0.993266	297	1.32073e-233	TRUE	PB2:cds-XAJ25426.1	CCA	P	CCG	P	56
PB2|PP755596.1|A/cattle/Texas/24-008749-003/2024(H5N1)	171	C	T	2	1	35	296	100	60	0.993289	298	4.60325e-234	TRUE	PB2:cds-XAJ25426.1	ATC	I	ATT	I	57
PB2|PP755596.1|A/cattle/Texas/24-008749-003/2024(H5N1)	172	G	A	0	0	0	297	101	60	0.996644	298	8.46835e-239	TRUE	PB2:cds-XAJ25426.1	GCA	A	ACA	T	58
PB2|PP755596.1|A/cattle/Texas/24-008749-003/2024(H5N1)	183	G	A	2	1	38	294	99	61	0.993243	296	1.35186e-232	TRUE	PB2:cds-XAJ25426.1	AAG	K	AAA	K	61
PB2|PP755596.1|A/cattle/Texas/24-008749-003/2024(H5N1)	184	C	A	0	0	0	296	100	61	1	296	4.87389e-237	TRUE	PB2:cds-XAJ25426.1	CGA	R	AGA	R	62
PB2|PP755596.1|A/cattle/Texas/24-008749-003/2024(H5N1)	186	A	G	1	1	38	300	103	60	0.996678	301	5.17047e-241	TRUE	PB2:cds-XAJ25426.1	CGA	R	CGG	R	62
PB2|PP755596.1|A/cattle/Texas/24-008749-003/2024(H5N1)	195	A	G	2	1	35	330	116	62	0.993976	332	1.45624e-259	TRUE	PB2:cds-XAJ25426.1	GAA	E	GAG	E	65
PB2|PP755596.1|A/cattle/Texas/24-008749-003/2024(H5N1)	210	G	A	1	0	29	324	118	62	0.996923	325	1.69045e-255	TRUE	PB2:cds-XAJ25426.1	AGG	R	AGA	R	70
PB2|PP755596.1|A/cattle/Texas/24-008749-003/2024(H5N1)	216	A	G	2	1	37	323	117	61	0.993846	325	2.85981e-252	TRUE	PB2:cds-XAJ25426.1	GAA	E	GAG	E	72
PB2|PP755596.1|A/cattle/Texas/24-008749-003/2024(H5N1)	222	A	T	1	0	29	297	123	58	0.996644	298	2.7062e-226	TRUE	PB2:cds-XAJ25426.1	GGA	G	GGT	G	74
PB2|PP755596.1|A/cattle/Texas/24-008749-003/2024(H5N1)	225	A	G	1	0	29	303	127	59	0.996711	304	1.03906e-224	TRUE	PB2:cds-XAJ25426.1	CAA	Q	CAG	Q	75
PB2|PP755596.1|A/cattle/Texas/24-008749-003/2024(H5N1)	228	C	T	1	0	32	300	125	59	0.996678	301	1.25549e-222	TRUE	PB2:cds-XAJ25426.1	ACC	T	ACT	T	76
PB2|PP755596.1|A/cattle/Texas/24-008749-003/2024(H5N1)	231	C	T	1	1	76	299	128	59	0.996667	300	1.6827e-224	TRUE	PB2:cds-XAJ25426.1	CTC	L	CTT	L	77
PB2|PP755596.1|A/cattle/Texas/24-008749-003/2024(H5N1)	235	A	G	0	0	0	308	131	58	1	308	3.67432e-231	TRUE	PB2:cds-XAJ25426.1	AGC	S	GGC	G	79
PB2|PP755596.1|A/cattle/Texas/24-008749-003/2024(H5N1)	240	G	A	2	1	38	305	130	60	0.993485	307	4.18853e-227	TRUE	PB2:cds-XAJ25426.1	AAG	K	AAA	K	80
PB2|PP755596.1|A/cattle/Texas/24-008749-003/2024(H5N1)	252	C	T	0	0	0	355	157	61	1	355	1.54336e-268	TRUE	PB2:cds-XAJ25426.1	GCC	A	GCT	A	84
PB2|PP755596.1|A/cattle/Texas/24-008749-003/2024(H5N1)	262	C	A	0	0	0	362	162	59	1	362	4.34171e-272	TRUE	PB2:cds-XAJ25426.1	CGA	R	AGA	R	88
PB2|PP755596.1|A/cattle/Texas/24-008749-003/2024(H5N1)	273	A	G	1	0	31	353	151	58	0.997175	354	7.38513e-263	TRUE	PB2:cds-XAJ25426.1	GTA	V	GTG	V	91
PB2|PP755596.1|A/cattle/Texas/24-008749-003/2024(H5N1)	279	C	T	0	0	0	346	147	59	1	346	2.53716e-264	TRUE	PB2:cds-XAJ25426.1	CCC	P	CCT	P	93
PB2|PP755596.1|A/cattle/Texas/24-008749-003/2024(H5N1)	291	A	G	0	0	0	358	149	57	1	358	2.05358e-266	TRUE	PB2:cds-XAJ25426.1	ACA	T	ACG	T	97
PB2|PP755596.1|A/cattle/Texas/24-008749-003/2024(H5N1)	303	G	A	2	1	33	357	145	57	0.994429	359	3.39497e-261	TRUE	PB2:cds-XAJ25426.1	AGG	R	AGA	R	101
PB2|PP755596.1|A/cattle/Texas/24-008749-003/2024(H5N1)	325	A	G	0	0	0	46	20	50	1	46	8.99459e-33	TRUE	PB2:cds-XAJ25426.1	ATT	I	GTT	V	109
PB2|PP755596.1|A/cattle/Texas/24-008749-003/2024(H5N1)	327	T	C	0	0	0	44	18	51	1	44	7.29802e-31	TRUE	PB2:cds-XAJ25426.1	ATT	I	ATC	I	109
PB2|PP755596.1|A/cattle/Texas/24-008749-003/2024(H5N1)	330	C	T	0	0	0	45	18	50	1	45	3.06926e-31	TRUE	PB2:cds-XAJ25426.1	CAC	H	CAT	H	110
PB2|PP755596.1|A/cattle/Texas/24-008749-003/2024(H5N1)	333	T	C	0	0	0	44	18	49	1	44	7.29802e-31	TRUE	PB2:cds-XAJ25426.1	TAT	Y	TAC	Y	111
PB2|PP755596.1|A/cattle/Texas/24-008749-003/2024(H5N1)	342	A	C	1	0	63	38	15	43	0.974359	39	1.87262e-23	TRUE	PB2:cds-XAJ25426.1	GTA	V	GTC	V	114
PB2|PP755596.1|A/cattle/Texas/24-008749-003/2024(H5N1)	345	C	T	1	0	66	37	14	44	0.973684	38	4.08135e-23	TRUE	PB2:cds-XAJ25426.1	TAC	Y	TAT	Y	115
PB2|PP755596.1|A/cattle/Texas/24-008749-003/2024(H5N1)	349	A	C	1	0	41	36	14	44	0.972973	37	9.02194e-23	TRUE	PB2:cds-XAJ25426.1	ACT	T	CCT	P	117
PB2|PP755596.1|A/cattle/Texas/24-008749-003/2024(H5N1)	351	T	C	1	0	52	38	15	43	0.974359	39	1.87262e-23	TRUE	PB2:cds-XAJ25426.1	ACT	T	ACC	T	117
PB2|PP755596.1|A/cattle/Texas/24-008749-003/2024(H5N1)	354	T	C	1	0	63	38	15	45	0.974359	39	1.87262e-23	TRUE	PB2:cds-XAJ25426.1	TAT	Y	TAC	Y	118
PB2|PP755596.1|A/cattle/Texas/24-008749-003/2024(H5N1)	363	A	G	1	0	68	37	15	45	0.973684	38	4.08135e-23	TRUE	PB2:cds-XAJ25426.1	AAA	K	AAG	K	121
PB2|PP755596.1|A/cattle/Texas/24-008749-003/2024(H5N1)	375	G	A	1	0	71	27	14	44	0.964286	28	4.11256e-18	TRUE	PB2:cds-XAJ25426.1	TTG	L	TTA	L	125
PB2|PP755596.1|A/cattle/Texas/24-008749-003/2024(H5N1)	378	A	G	1	0	51	27	14	43	0.964286	28	5.72057e-17	TRUE	PB2:cds-XAJ25426.1	AAA	K	AAG	K	126
PB2|PP755596.1|A/cattle/Texas/24-008749-003/2024(H5N1)	381	C	T	1	1	30	26	12	43	0.962963	27	2.20933e-15	TRUE	PB2:cds-XAJ25426.1	CAC	H	CAT	H	127
PB2|PP755596.1|A/cattle/Texas/24-008749-003/2024(H5N1)	384	G	A	1	1	25	23	10	44	0.958333	24	2.21009e-14	TRUE	PB2:cds-XAJ25426.1	GGG	G	GGA	G	128
PB2|PP755596.1|A/cattle/Texas/24-008749-003/2024(H5N1)	390	T	C	1	1	32	26	12	41	0.962963	27	2.20933e-15	TRUE	PB2:cds-XAJ25426.1	TTT	F	TTC	F	130
PB2|PP755596.1|A/cattle/Texas/24-008749-003/2024(H5N1)	399	A	C	1	1	26	15	3	36	0.9375	16	2.52238e-10	TRUE	PB2:cds-XAJ25426.1	GTA	V	GTC	V	133
PB2|PP755596.1|A/cattle/Texas/24-008749-003/2024(H5N1)	402	C	T	1	1	38	13	3	37	0.928571	14	2.06295e-07	TRUE	PB2:cds-XAJ25426.1	CAC	H	CAT	H	134
PB2|PP755596.1|A/cattle/Texas/24-008749-003/2024(H5N1)	406	A	C	1	1	39	7	0	38	0.875	8	0.0012432	TRUE	PB2:cds-XAJ25426.1	AGA	R	CGA	R	136
PB2|PP755596.1|A/cattle/Texas/24-008749-003/2024(H5N1)	408	A	G	1	1	38	7	0	37	0.875	8	0.0012432	TRUE	PB2:cds-XAJ25426.1	AGA	R	AGG	R	136
PB2|PP755596.1|A/cattle/Texas/24-008749-003/2024(H5N1)	411	C	T	1	1	34	7	0	37	0.875	8	0.0012432	TRUE	PB2:cds-XAJ25426.1	AAC	N	AAT	N	137
PB2|PP755596.1|A/cattle/Texas/24-008749-003/2024(H5N1)	414	A	G	1	1	35	7	0	39	0.875	8	0.0012432	TRUE	PB2:cds-XAJ25426.1	CAA	Q	CAG	Q	138
PB2|PP755596.1|A/cattle/Texas/24-008749-003/2024(H5N1)	415	A	G	0	0	0	8	1	38	1	8	0.0001554	TRUE	PB2:cds-XAJ25426.1	ATT	I	GTT	V	139
PB2|PP755596.1|A/cattle/Texas/24-008749-003/2024(H5N1)	423	A	G	0	0	0	7	0	38	1	7	0.000291375	TRUE	PB2:cds-XAJ25426.1	ATA	I	ATG	M	141
PB2|PP755596.1|A/cattle/Texas/24-008749-003/2024(H5N1)	424	A	C	1	1	37	7	0	38	0.875	8	0.0012432	TRUE	PB2:cds-XAJ25426.1	AGA	R	CGA	R	142
PB2|PP755596.1|A/cattle/Texas/24-008749-003/2024(H5N1)	426	A	C	1	1	34	7	0	37	0.875	8	0.0012432	TRUE	PB2:cds-XAJ25426.1	AGA	R	AGC	S	142
PB2|PP755596.1|A/cattle/Texas/24-008749-003/2024(H5N1)	429	G	C	1	1	37	7	0	37	0.875	8	0.0012432	TRUE	PB2:cds-XAJ25426.1	CGG	R	CGC	R	143
PB2|PP755596.1|A/cattle/Texas/24-008749-003/2024(H5N1)	432	G	A	2	1	35	5	0	36	0.714286	7	0.0104895	FALSE	PB2:cds-XAJ25426.1	AGG	R	AGA	R	144
PB2|PP755596.1|A/cattle/Texas/24-008749-003/2024(H5N1)	435	C	T	1	1	37	8	0	36	0.888889	9	2.89566e-06	TRUE	PB2:cds-XAJ25426.1	GTC	V	GTT	V	145
PB2|PP755596.1|A/cattle/Texas/24-008749-003/2024(H5N1)	456	T	A	1	1	37	298	148	59	0.996656	299	2.51724e-220	TRUE	PB2:cds-XAJ25426.1	GCT	A	GCA	A	152
PB2|PP755596.1|A/cattle/Texas/24-008749-003/2024(H5N1)	465	C	T	1	1	30	282	138	58	0.996466	283	3.09398e-205	TRUE	PB2:cds-XAJ25426.1	AGC	S	AGT	S	155
PB2|PP755596.1|A/cattle/Texas/24-008749-003/2024(H5N1)	468	C	T	2	1	58	282	139	58	0.992958	284	2.66548e-203	TRUE	PB2:cds-XAJ25426.1	GCC	A	GCT	A	156
PB2|PP755596.1|A/cattle/Texas/24-008749-003/2024(H5N1)	474	G	A	1	1	38	278	135	58	0.996416	279	1.14223e-201	TRUE	PB2:cds-XAJ25426.1	GAG	E	GAA	E	158
PB2|PP755596.1|A/cattle/Texas/24-008749-003/2024(H5N1)	477	G	A	1	1	39	274	133	58	0.996364	275	4.66469e-200	TRUE	PB2:cds-XAJ25426.1	GCG	A	GCA	A	159
PB2|PP755596.1|A/cattle/Texas/24-008749-003/2024(H5N1)	480	G	A	1	1	37	275	133	58	0.996377	276	1.83922e-200	TRUE	PB2:cds-XAJ25426.1	CAG	Q	CAA	Q	160
PB2|PP755596.1|A/cattle/Texas/24-008749-003/2024(H5N1)	486	A	C	1	1	37	274	133	57	0.996364	275	4.66469e-200	TRUE	PB2:cds-XAJ25426.1	GTA	V	GTC	V	162
PB2|PP755596.1|A/cattle/Texas/24-008749-003/2024(H5N1)	495	A	G	2	2	52	269	131	57	0.99262	271	2.1643e-194	TRUE	PB2:cds-XAJ25426.1	GAA	E	GAG	E	165
PB2|PP755596.1|A/cattle/Texas/24-008749-003/2024(H5N1)	498	T	C	1	1	34	270	131	57	0.99631	271	1.03555e-196	TRUE	PB2:cds-XAJ25426.1	GTT	V	GTC	V	166
PB2|PP755596.1|A/cattle/Texas/24-008749-003/2024(H5N1)	501	C	T	1	1	37	271	131	56	0.996324	272	4.09404e-197	TRUE	PB2:cds-XAJ25426.1	GTC	V	GTT	V	167
PB2|PP755596.1|A/cattle/Texas/24-008749-003/2024(H5N1)	504	T	C	1	1	39	266	131	57	0.996255	267	4.3349e-195	TRUE	PB2:cds-XAJ25426.1	TTT	F	TTC	F	168
PB2|PP755596.1|A/cattle/Texas/24-008749-003/2024(H5N1)	516	G	C	1	1	38	267	129	56	0.996269	268	1.23648e-194	TRUE	PB2:cds-XAJ25426.1	GTG	V	GTC	V	172
PB2|PP755596.1|A/cattle/Texas/24-008749-003/2024(H5N1)	522	G	C	1	1	36	191	104	51	0.994792	192	3.85006e-132	TRUE	PB2:cds-XAJ25426.1	GCG	A	GCC	A	174
PB2|PP755596.1|A/cattle/Texas/24-008749-003/2024(H5N1)	524	G	A	1	1	38	195	107	52	0.994898	196	1.22519e-133	TRUE	PB2:cds-XAJ25426.1	AGA	R	AAA	K	175
PB2|PP755596.1|A/cattle/Texas/24-008749-003/2024(H5N1)	529	C	T	1	1	38	194	105	52	0.994872	195	2.88795e-133	TRUE	PB2:cds-XAJ25426.1	CTG	L	TTG	L	177
PB2|PP755596.1|A/cattle/Texas/24-008749-003/2024(H5N1)	534	G	A	1	1	36	195	107	52	0.994898	196	1.22519e-133	TRUE	PB2:cds-XAJ25426.1	ACG	T	ACA	T	178
PB2|PP755596.1|A/cattle/Texas/24-008749-003/2024(H5N1)	537	G	A	1	1	39	193	106	52	0.989744	195	6.82741e-133	TRUE	PB2:cds-XAJ25426.1	TCG	S	TCA	S	179
PB2|PP755596.1|A/cattle/Texas/24-008749-003/2024(H5N1)	540	A	G	0	0	0	194	107	52	1	194	2.55708e-135	TRUE	PB2:cds-XAJ25426.1	GAA	E	GAG	E	180
PB2|PP755596.1|A/cattle/Texas/24-008749-003/2024(H5N1)	546	A	G	0	0	0	197	108	52	1	197	1.95244e-136	TRUE	PB2:cds-XAJ25426.1	CAA	Q	CAG	Q	182
PB2|PP755596.1|A/cattle/Texas/24-008749-003/2024(H5N1)	549	G	A	2	1	48	192	106	52	0.989691	194	9.14874e-131	TRUE	PB2:cds-XAJ25426.1	TTG	L	TTA	L	183
PB2|PP755596.1|A/cattle/Texas/24-008749-003/2024(H5N1)	555	A	T	1	1	39	192	105	52	0.994819	193	1.61887e-132	TRUE	PB2:cds-XAJ25426.1	ATA	I	ATT	I	185
PB2|PP755596.1|A/cattle/Texas/24-008749-003/2024(H5N1)	561	G	A	1	1	37	192	107	52	0.994819	193	1.61887e-132	TRUE	PB2:cds-XAJ25426.1	AAG	K	AAA	K	187
PB2|PP755596.1|A/cattle/Texas/24-008749-003/2024(H5N1)	570	A	G	1	1	37	191	106	51	0.994792	192	6.60423e-132	TRUE	PB2:cds-XAJ25426.1	AAA	K	AAG	K	190
PB2|PP755596.1|A/cattle/Texas/24-008749-003/2024(H5N1)	573	A	G	2	2	37	191	107	51	0.989637	193	3.71531e-130	TRUE	PB2:cds-XAJ25426.1	GAA	E	GAG	E	191
PB2|PP755596.1|A/cattle/Texas/24-008749-003/2024(H5N1)	583	G	A	1	1	33	120	68	48	0.991736	121	1.22935e-79	TRUE	PB2:cds-XAJ25426.1	GAC	D	AAC	N	195
PB2|PP755596.1|A/cattle/Texas/24-008749-003/2024(H5N1)	585	C	T	2	2	35	118	68	49	0.983333	120	3.88374e-77	TRUE	PB2:cds-XAJ25426.1	GAC	D	GAT	D	195
PB2|PP755596.1|A/cattle/Texas/24-008749-003/2024(H5N1)	588	C	T	1	1	37	117	67	48	0.991525	118	4.5685e-78	TRUE	PB2:cds-XAJ25426.1	TGC	C	TGT	C	196
PB2|PP755596.1|A/cattle/Texas/24-008749-003/2024(H5N1)	591	A	G	1	1	37	118	67	48	0.991597	119	1.9914e-78	TRUE	PB2:cds-XAJ25426.1	AAA	K	AAG	K	197
PB2|PP755596.1|A/cattle/Texas/24-008749-003/2024(H5N1)	594	C	T	0	0	0	119	68	47	1	119	1.28477e-80	TRUE	PB2:cds-XAJ25426.1	ATC	I	ATT	I	198
PB2|PP755596.1|A/cattle/Texas/24-008749-003/2024(H5N1)	603	G	A	1	1	38	120	68	48	0.991736	121	2.16898e-79	TRUE	PB2:cds-XAJ25426.1	CTG	L	CTA	L	201
PB2|PP755596.1|A/cattle/Texas/24-008749-003/2024(H5N1)	609	T	G	0	0	0	114	64	47	0.982759	116	2.60199e-78	TRUE	PB2:cds-XAJ25426.1	GTT	V	GTG	V	203
PB2|PP755596.1|A/cattle/Texas/24-008749-003/2024(H5N1)	609	T	C	0	0	0	2	1	30	0.0172414	116	8.48824e-05	TRUE	PB2:cds-XAJ25426.1	GTT	V	GTC	V	203
PB2|PP755596.1|A/cattle/Texas/24-008749-003/2024(H5N1)	619	C	T	1	1	34	2	1	38	0.666667	3	0.142857	FALSE	PB2:cds-XAJ25426.1	CTA	L	TTA	L	207
PB2|PP755596.1|A/cattle/Texas/24-008749-003/2024(H5N1)	621	A	G	0	0	0	2	1	38	1	2	0.0666667	FALSE	PB2:cds-XAJ25426.1	CTA	L	CTG	L	207
PB2|PP755596.1|A/cattle/Texas/24-008749-003/2024(H5N1)	624	A	G	1	1	36	2	1	38	0.666667	3	0.142857	FALSE	PB2:cds-XAJ25426.1	GAA	E	GAG	E	208
PB2|PP755596.1|A/cattle/Texas/24-008749-003/2024(H5N1)	630	G	A	2	1	31	2	1	31	0.5	4	0.285714	FALSE	PB2:cds-XAJ25426.1	GAG	E	GAA	E	210
PB2|PP755596.1|A/cattle/Texas/24-008749-003/2024(H5N1)	631	C	T	2	1	32	1	1	36	0.333333	3	0.5	FALSE	PB2:cds-XAJ25426.1	CTG	L	TTG	L	211
PB2|PP755596.1|A/cattle/Texas/24-008749-003/2024(H5N1)	633	G	A	2	1	35	2	1	31	0.5	4	0.285714	FALSE	PB2:cds-XAJ25426.1	CTG	L	CTA	L	211
PB2|PP755596.1|A/cattle/Texas/24-008749-003/2024(H5N1)	636	C	T	1	0	35	1	1	38	0.5	2	0.5	FALSE	PB2:cds-XAJ25426.1	GTC	V	GTT	V	212
PB2|PP755596.1|A/cattle/Texas/24-008749-003/2024(H5N1)	639	C	A	2	1	36	1	1	38	0.333333	3	0.6	FALSE	PB2:cds-XAJ25426.1	CGC	R	CGA	R	213
PB2|PP755596.1|A/cattle/Texas/24-008749-003/2024(H5N1)	642	G	A	2	1	28	1	1	38	0.333333	3	0.6	FALSE	PB2:cds-XAJ25426.1	AAG	K	AAA	K	214
PB2|PP755596.1|A/cattle/Texas/24-008749-003/2024(H5N1)	645	A	C	0	0	0	1	1	39	1	1	0.333333	FALSE	PB2:cds-XAJ25426.1	ACA	T	ACC	T	215
PB2|PP755596.1|A/cattle/Texas/24-008749-003/2024(H5N1)	648	G	A	0	0	0	1	1	39	1	1	0.333333	FALSE	PB2:cds-XAJ25426.1	AGG	R	AGA	R	216
PB2|PP755596.1|A/cattle/Texas/24-008749-003/2024(H5N1)	654	C	G	1	0	33	1	1	39	0.5	2	0.5	FALSE	PB2:cds-XAJ25426.1	CTC	L	CTG	L	218
PB2|PP755596.1|A/cattle/Texas/24-008749-003/2024(H5N1)	660	T	G	0	0	0	1	1	37	0.5	2	0.333333	FALSE	PB2:cds-XAJ25426.1	GTT	V	GTG	V	220
PB2|PP755596.1|A/cattle/Texas/24-008749-003/2024(H5N1)	660	T	A	0	0	0	1	1	39	0.5	2	0.333333	FALSE	PB2:cds-XAJ25426.1	GTT	V	GTA	V	220
PB2|PP755596.1|A/cattle/Texas/24-008749-003/2024(H5N1)	669	A	T	2	2	34	1	0	24	0.333333	3	0.6	FALSE	PB2:cds-XAJ25426.1	GGA	G	GGT	G	223
PB2|PP755596.1|A/cattle/Texas/24-008749-003/2024(H5N1)	684	C	T	0	0	0	2	2	34	1	2	0.166667	FALSE	PB2:cds-XAJ25426.1	TAC	Y	TAT	Y	228
PB2|PP755596.1|A/cattle/Texas/24-008749-003/2024(H5N1)	694	C	T	5	2	31	8	1	35	0.615385	13	0.00029985	TRUE	PB2:cds-XAJ25426.1	CTG	L	TTG	L	232
PB2|PP755596.1|A/cattle/Texas/24-008749-003/2024(H5N1)	699	T	C	1	1	38	19	5	46	0.95	20	6.57766e-13	TRUE	PB2:cds-XAJ25426.1	CAT	H	CAC	H	233
PB2|PP755596.1|A/cattle/Texas/24-008749-003/2024(H5N1)	702	G	A	28	6	48	3	2	29	0.0967742	31	0.0786458	FALSE	PB2:cds-XAJ25426.1	TTG	L	TTA	L	234
PB2|PP755596.1|A/cattle/Texas/24-008749-003/2024(H5N1)	705	C	T	2	1	37	35	12	48	0.945946	37	2.24226e-23	TRUE	PB2:cds-XAJ25426.1	ACC	T	ACT	T	235
PB2|PP755596.1|A/cattle/Texas/24-008749-003/2024(H5N1)	708	G	A	2	1	27	37	13	48	0.948718	39	3.80122e-24	TRUE	PB2:cds-XAJ25426.1	CAG	Q	CAA	Q	236
PB2|PP755596.1|A/cattle/Texas/24-008749-003/2024(H5N1)	714	A	C	2	2	38	450	224	59	0.995575	452	0	TRUE	PB2:cds-XAJ25426.1	ACA	T	ACC	T	238
PB2|PP755596.1|A/cattle/Texas/24-008749-003/2024(H5N1)	723	G	A	2	2	38	468	236	60	0.995745	470	0	TRUE	PB2:cds-XAJ25426.1	GAG	E	GAA	E	241
PB2|PP755596.1|A/cattle/Texas/24-008749-003/2024(H5N1)	726	G	A	1	1	39	477	239	60	0.997908	478	0	TRUE	PB2:cds-XAJ25426.1	CAG	Q	CAA	Q	242
PB2|PP755596.1|A/cattle/Texas/24-008749-003/2024(H5N1)	735	T	G	0	0	0	498	250	60	0.996	500	0	TRUE	PB2:cds-XAJ25426.1	ACT	T	ACG	T	245
PB2|PP755596.1|A/cattle/Texas/24-008749-003/2024(H5N1)	756	C	T	0	0	0	448	215	58	1	448	0	TRUE	PB2:cds-XAJ25426.1	AAC	N	AAT	N	252
PB2|PP755596.1|A/cattle/Texas/24-008749-003/2024(H5N1)	762	T	C	1	1	20	434	226	56	0.997701	435	8.16713e-316	TRUE	PB2:cds-XAJ25426.1	GAT	D	GAC	D	254
PB2|PP755596.1|A/cattle/Texas/24-008749-003/2024(H5N1)	764	C	T	1	0	23	433	226	56	0.997696	434	3.4026e-315	TRUE	PB2:cds-XAJ25426.1	GCA	A	GTA	V	255
PB2|PP755596.1|A/cattle/Texas/24-008749-003/2024(H5N1)	765	A	T	2	1	30	433	228	57	0.993119	436	4.47151e-313	TRUE	PB2:cds-XAJ25426.1	GCA	A	GCT	A	255
PB2|PP755596.1|A/cattle/Texas/24-008749-003/2024(H5N1)	771	G	A	3	3	64	433	228	57	0.993119	436	3.92883e-311	TRUE	PB2:cds-XAJ25426.1	CAG	Q	CAA	Q	257
PB2|PP755596.1|A/cattle/Texas/24-008749-003/2024(H5N1)	774	C	T	0	0	0	436	229	56	1	436	0	TRUE	PB2:cds-XAJ25426.1	AGC	S	AGT	S	258
PB2|PP755596.1|A/cattle/Texas/24-008749-003/2024(H5N1)	777	G	A	1	1	38	436	228	57	0.997712	437	0	TRUE	PB2:cds-XAJ25426.1	TTG	L	TTA	L	259
PB2|PP755596.1|A/cattle/Texas/24-008749-003/2024(H5N1)	780	C	T	0	0	0	437	229	57	1	437	0	TRUE	PB2:cds-XAJ25426.1	ATC	I	ATT	I	260
PB2|PP755596.1|A/cattle/Texas/24-008749-003/2024(H5N1)	792	G	A	1	1	35	452	240	58	0.997792	453	0	TRUE	PB2:cds-XAJ25426.1	AGG	R	AGA	R	264
PB2|PP755596.1|A/cattle/Texas/24-008749-003/2024(H5N1)	798	A	C	1	1	39	448	240	57	0.997773	449	0	TRUE	PB2:cds-XAJ25426.1	ATA	I	ATC	I	266
PB2|PP755596.1|A/cattle/Texas/24-008749-003/2024(H5N1)	801	A	T	1	1	38	448	237	58	0.997773	449	0	TRUE	PB2:cds-XAJ25426.1	GTA	V	GTT	V	267
PB2|PP755596.1|A/cattle/Texas/24-008749-003/2024(H5N1)	816	G	A	1	0	39	453	243	57	0.997797	454	0	TRUE	PB2:cds-XAJ25426.1	GTG	V	GTA	V	272
PB2|PP755596.1|A/cattle/Texas/24-008749-003/2024(H5N1)	831	A	G	1	0	30	401	219	55	0.997512	402	1.18331e-287	TRUE	PB2:cds-XAJ25426.1	TTA	L	TTG	L	277
PB2|PP755596.1|A/cattle/Texas/24-008749-003/2024(H5N1)	834	A	T	1	0	37	400	217	54	0.995025	402	1.09585e-285	TRUE	PB2:cds-XAJ25426.1	GCA	A	GCT	A	278
PB2|PP755596.1|A/cattle/Texas/24-008749-003/2024(H5N1)	837	T	A	1	0	37	403	219	55	0.997525	404	1.55347e-287	TRUE	PB2:cds-XAJ25426.1	TCT	S	TCA	S	279
PB2|PP755596.1|A/cattle/Texas/24-008749-003/2024(H5N1)	841	T	C	1	0	76	421	221	54	0.99763	422	5.55801e-300	TRUE	PB2:cds-XAJ25426.1	TTG	L	CTG	L	281
PB2|PP755596.1|A/cattle/Texas/24-008749-003/2024(H5N1)	855	C	T	1	0	39	405	219	53	0.997537	406	3.2126e-289	TRUE	PB2:cds-XAJ25426.1	CAC	H	CAT	H	285
PB2|PP755596.1|A/cattle/Texas/24-008749-003/2024(H5N1)	858	C	T	1	0	39	373	187	52	0.997326	374	1.32208e-276	TRUE	PB2:cds-XAJ25426.1	AGC	S	AGT	S	286
PB2|PP755596.1|A/cattle/Texas/24-008749-003/2024(H5N1)	864	A	G	1	0	76	380	190	55	0.997375	381	1.09306e-279	TRUE	PB2:cds-XAJ25426.1	CAA	Q	CAG	Q	288
PB2|PP755596.1|A/cattle/Texas/24-008749-003/2024(H5N1)	870	A	C	0	0	0	378	198	55	0.997361	379	8.45052e-274	TRUE	PB2:cds-XAJ25426.1	GGA	G	GGC	G	290
PB2|PP755596.1|A/cattle/Texas/24-008749-003/2024(H5N1)	879	G	A	1	0	39	380	203	55	0.997375	381	4.01562e-275	TRUE	PB2:cds-XAJ25426.1	AGG	R	AGA	R	293
PB2|PP755596.1|A/cattle/Texas/24-008749-003/2024(H5N1)	895	C	A	1	0	39	304	154	53	0.996721	305	4.1501e-214	TRUE	PB2:cds-XAJ25426.1	CGG	R	AGG	R	299
PB2|PP755596.1|A/cattle/Texas/24-008749-003/2024(H5N1)	897	G	A	1	0	38	305	154	53	0.996732	306	4.97102e-214	TRUE	PB2:cds-XAJ25426.1	CGG	R	CGA	R	299
PB2|PP755596.1|A/cattle/Texas/24-008749-003/2024(H5N1)	900	A	G	1	0	38	300	153	53	0.996678	301	4.1351e-212	TRUE	PB2:cds-XAJ25426.1	CAA	Q	CAG	Q	300
PB2|PP755596.1|A/cattle/Texas/24-008749-003/2024(H5N1)	903	T	C	1	0	39	291	150	52	0.996575	292	1.33767e-208	TRUE	PB2:cds-XAJ25426.1	AAT	N	AAC	N	301
PB2|PP755596.1|A/cattle/Texas/24-008749-003/2024(H5N1)	909	G	A	0	0	0	311	156	52	1	311	1.14766e-220	TRUE	PB2:cds-XAJ25426.1	ACG	T	ACA	T	303
PB2|PP755596.1|A/cattle/Texas/24-008749-003/2024(H5N1)	912	G	A	1	0	55	308	154	53	0.996764	309	3.61767e-218	TRUE	PB2:cds-XAJ25426.1	GAG	E	GAA	E	304
PB2|PP755596.1|A/cattle/Texas/24-008749-003/2024(H5N1)	915	A	G	1	0	55	299	152	52	0.993355	301	1.5417e-215	TRUE	PB2:cds-XAJ25426.1	GAA	E	GAG	E	305
PB2|PP755596.1|A/cattle/Texas/24-008749-003/2024(H5N1)	927	C	T	1	0	56	430	205	54	0.99768	431	2.46289e-313	TRUE	PB2:cds-XAJ25426.1	GAC	D	GAT	D	309
PB2|PP755596.1|A/cattle/Texas/24-008749-003/2024(H5N1)	936	G	A	1	0	66	420	190	56	0.997625	421	3.93379e-307	TRUE	PB2:cds-XAJ25426.1	AAG	K	AAA	K	312
PB2|PP755596.1|A/cattle/Texas/24-008749-003/2024(H5N1)	948	C	T	1	0	39	360	165	53	0.99723	361	4.4451e-262	TRUE	PB2:cds-XAJ25426.1	GGC	G	GGT	G	316
PB2|PP755596.1|A/cattle/Texas/24-008749-003/2024(H5N1)	951	G	A	1	0	38	372	165	55	0.997319	373	2.12776e-266	TRUE	PB2:cds-XAJ25426.1	TTG	L	TTA	L	317
PB2|PP755596.1|A/cattle/Texas/24-008749-003/2024(H5N1)	954	G	A	1	0	39	368	165	55	0.99729	369	8.29845e-263	TRUE	PB2:cds-XAJ25426.1	AGG	R	AGA	R	318
PB2|PP755596.1|A/cattle/Texas/24-008749-003/2024(H5N1)	957	T	C	1	0	39	368	164	55	0.99729	369	8.29845e-263	TRUE	PB2:cds-XAJ25426.1	ATT	I	ATC	I	319
PB2|PP755596.1|A/cattle/Texas/24-008749-003/2024(H5N1)	960	C	T	3	1	64	366	166	54	0.99187	369	1.16382e-261	TRUE	PB2:cds-XAJ25426.1	AGC	S	AGT	S	320
PB2|PP755596.1|A/cattle/Texas/24-008749-003/2024(H5N1)	966	G	C	0	0	0	427	191	55	0.997664	428	5.01037e-311	TRUE	PB2:cds-XAJ25426.1	TCG	S	TCC	S	322
PB2|PP755596.1|A/cattle/Texas/24-008749-003/2024(H5N1)	972	C	T	3	0	45	433	195	55	0.993119	436	8.71258e-312	TRUE	PB2:cds-XAJ25426.1	AGC	S	AGT	S	324
PB2|PP755596.1|A/cattle/Texas/24-008749-003/2024(H5N1)	978	T	A	1	0	39	435	199	56	0.997706	436	0	TRUE	PB2:cds-XAJ25426.1	GGT	G	GGA	G	326
PB2|PP755596.1|A/cattle/Texas/24-008749-003/2024(H5N1)	981	A	T	1	0	39	435	199	54	0.997706	436	0	TRUE	PB2:cds-XAJ25426.1	GGA	G	GGT	G	327
PB2|PP755596.1|A/cattle/Texas/24-008749-003/2024(H5N1)	990	T	C	1	0	39	459	225	58	0.997826	460	0	TRUE	PB2:cds-XAJ25426.1	TTT	F	TTC	F	330
PB2|PP755596.1|A/cattle/Texas/24-008749-003/2024(H5N1)	996	A	G	1	0	38	472	238	58	0.997886	473	0	TRUE	PB2:cds-XAJ25426.1	AGA	R	AGG	R	332
PB2|PP755596.1|A/cattle/Texas/24-008749-003/2024(H5N1)	1002	T	C	1	0	39	475	242	60	0.997899	476	0	TRUE	PB2:cds-XAJ25426.1	AGT	S	AGC	S	334
PB2|PP755596.1|A/cattle/Texas/24-008749-003/2024(H5N1)	1011	A	T	1	0	39	477	242	61	0.997908	478	0	TRUE	PB2:cds-XAJ25426.1	TCA	S	TCT	S	337
PB2|PP755596.1|A/cattle/Texas/24-008749-003/2024(H5N1)	1020	G	A	0	0	0	485	244	59	1	485	0	TRUE	PB2:cds-XAJ25426.1	AGG	R	AGA	R	340
PB2|PP755596.1|A/cattle/Texas/24-008749-003/2024(H5N1)	1026	A	G	1	0	39	487	247	60	0.997951	488	0	TRUE	PB2:cds-XAJ25426.1	GAA	E	GAG	E	342
PB2|PP755596.1|A/cattle/Texas/24-008749-003/2024(H5N1)	1029	G	A	0	0	0	485	248	60	1	485	0	TRUE	PB2:cds-XAJ25426.1	GAG	E	GAA	E	343
PB2|PP755596.1|A/cattle/Texas/24-008749-003/2024(H5N1)	1035	T	C	1	0	38	487	246	59	0.997951	488	0	TRUE	PB2:cds-XAJ25426.1	CTT	L	CTC	L	345
PB2|PP755596.1|A/cattle/Texas/24-008749-003/2024(H5N1)	1038	G	C	1	0	38	495	250	59	0.995976	497	0	TRUE	PB2:cds-XAJ25426.1	ACG	T	ACC	T	346
PB2|PP755596.1|A/cattle/Texas/24-008749-003/2024(H5N1)	1047	T	C	0	0	0	531	273	59	1	531	0	TRUE	PB2:cds-XAJ25426.1	CTT	L	CTC	L	349
PB2|PP755596.1|A/cattle/Texas/24-008749-003/2024(H5N1)	1074	G	A	1	1	56	534	259	59	0.998131	535	0	TRUE	PB2:cds-XAJ25426.1	GAG	E	GAA	E	358
PB2|PP755596.1|A/cattle/Texas/24-008749-003/2024(H5N1)	1083	A	G	0	0	0	491	231	57	1	491	0	TRUE	PB2:cds-XAJ25426.1	GAA	E	GAG	E	361
PB2|PP755596.1|A/cattle/Texas/24-008749-003/2024(H5N1)	1085	G	A	0	0	0	487	239	57	1	487	0	TRUE	PB2:cds-XAJ25426.1	GGG	G	GAG	E	362
PB2|PP755596.1|A/cattle/Texas/24-008749-003/2024(H5N1)	1086	G	A	0	0	0	493	237	57	1	493	0	TRUE	PB2:cds-XAJ25426.1	GGG	G	GGA	G	362
PB2|PP755596.1|A/cattle/Texas/24-008749-003/2024(H5N1)	1092	T	A	0	0	0	525	250	57	1	525	0	TRUE	PB2:cds-XAJ25426.1	ACT	T	ACA	T	364
PB2|PP755596.1|A/cattle/Texas/24-008749-003/2024(H5N1)	1101	A	G	0	0	0	546	266	56	1	546	0	TRUE	PB2:cds-XAJ25426.1	GGA	G	GGG	G	367
PB2|PP755596.1|A/cattle/Texas/24-008749-003/2024(H5N1)	1104	A	G	0	0	0	547	268	56	1	547	0	TRUE	PB2:cds-XAJ25426.1	AGA	R	AGG	R	368
PB2|PP755596.1|A/cattle/Texas/24-008749-003/2024(H5N1)	1113	G	A	0	0	0	571	280	57	1	571	0	TRUE	PB2:cds-XAJ25426.1	ACG	T	ACA	T	371
PB2|PP755596.1|A/cattle/Texas/24-008749-003/2024(H5N1)	1122	C	A	0	0	0	577	285	58	1	577	0	TRUE	PB2:cds-XAJ25426.1	CTC	L	CTA	L	374
PB2|PP755596.1|A/cattle/Texas/24-008749-003/2024(H5N1)	1146	T	C	0	0	0	482	248	56	1	482	0	TRUE	PB2:cds-XAJ25426.1	ATT	I	ATC	I	382
PB2|PP755596.1|A/cattle/Texas/24-008749-003/2024(H5N1)	1149	G	A	0	0	0	484	251	56	1	484	0	TRUE	PB2:cds-XAJ25426.1	CAG	Q	CAA	Q	383
PB2|PP755596.1|A/cattle/Texas/24-008749-003/2024(H5N1)	1150	C	T	0	0	0	486	248	56	1	486	0	TRUE	PB2:cds-XAJ25426.1	CTA	L	TTA	L	384
PB2|PP755596.1|A/cattle/Texas/24-008749-003/2024(H5N1)	1152	A	G	0	0	0	487	250	57	0.997951	488	0	TRUE	PB2:cds-XAJ25426.1	CTA	L	CTG	L	384
PB2|PP755596.1|A/cattle/Texas/24-008749-003/2024(H5N1)	1161	T	C	483	267	58	9	6	63	0.0182927	492	0.000185207	TRUE	PB2:cds-XAJ25426.1	AGT	S	AGC	S	387
PB2|PP755596.1|A/cattle/Texas/24-008749-003/2024(H5N1)	1167	G	A	1	1	38	474	258	58	0.997895	475	0	TRUE	PB2:cds-XAJ25426.1	AGG	R	AGA	R	389
PB2|PP755596.1|A/cattle/Texas/24-008749-003/2024(H5N1)	1173	A	G	0	0	0	458	249	56	1	458	0	TRUE	PB2:cds-XAJ25426.1	GAA	E	GAG	E	391
PB2|PP755596.1|A/cattle/Texas/24-008749-003/2024(H5N1)	1182	T	C	0	0	0	404	234	55	1	404	1.89845e-295	TRUE	PB2:cds-XAJ25426.1	ATT	I	ATC	I	394
PB2|PP755596.1|A/cattle/Texas/24-008749-003/2024(H5N1)	1185	T	C	0	0	0	405	234	54	1	405	3.48634e-295	TRUE	PB2:cds-XAJ25426.1	GCT	A	GCC	A	395
PB2|PP755596.1|A/cattle/Texas/24-008749-003/2024(H5N1)	1191	A	G	0	0	0	400	235	55	1	400	2.01399e-291	TRUE	PB2:cds-XAJ25426.1	GCA	A	GCG	A	397
PB2|PP755596.1|A/cattle/Texas/24-008749-003/2024(H5N1)	1194	A	C	0	0	0	396	232	56	1	396	2.189e-289	TRUE	PB2:cds-XAJ25426.1	ATA	I	ATC	I	398
PB2|PP755596.1|A/cattle/Texas/24-008749-003/2024(H5N1)	1197	C	A	0	0	0	403	235	56	1	403	3.63681e-292	TRUE	PB2:cds-XAJ25426.1	ATC	I	ATA	I	399
PB2|PP755596.1|A/cattle/Texas/24-008749-003/2024(H5N1)	1203	C	A	0	0	0	405	252	57	1	405	6.55247e-299	TRUE	PB2:cds-XAJ25426.1	GCC	A	GCA	A	401
PB2|PP755596.1|A/cattle/Texas/24-008749-003/2024(H5N1)	1209	A	G	0	0	0	390	244	56	1	390	1.42495e-289	TRUE	PB2:cds-XAJ25426.1	GTA	V	GTG	V	403
PB2|PP755596.1|A/cattle/Texas/24-008749-003/2024(H5N1)	1215	A	T	0	0	0	389	245	57	1	389	5.22001e-287	TRUE	PB2:cds-XAJ25426.1	TCA	S	TCT	S	405
PB2|PP755596.1|A/cattle/Texas/24-008749-003/2024(H5N1)	1224	C	T	0	0	0	358	225	57	1	358	1.07394e-264	TRUE	PB2:cds-XAJ25426.1	GAC	D	GAT	D	408
PB2|PP755596.1|A/cattle/Texas/24-008749-003/2024(H5N1)	1239	A	T	0	0	0	307	193	56	0.996753	308	1.75521e-226	TRUE	PB2:cds-XAJ25426.1	GCA	A	GCT	A	413
PB2|PP755596.1|A/cattle/Texas/24-008749-003/2024(H5N1)	1242	T	A	0	0	0	306	193	57	1	306	4.4652e-226	TRUE	PB2:cds-XAJ25426.1	GTT	V	GTA	V	414
PB2|PP755596.1|A/cattle/Texas/24-008749-003/2024(H5N1)	1252	C	T	0	0	0	278	171	57	1	278	2.47734e-204	TRUE	PB2:cds-XAJ25426.1	CTG	L	TTG	L	418
PB2|PP755596.1|A/cattle/Texas/24-008749-003/2024(H5N1)	1254	G	A	0	0	0	278	171	57	0.996416	279	1.85808e-203	TRUE	PB2:cds-XAJ25426.1	CTG	L	CTA	L	418
PB2|PP755596.1|A/cattle/Texas/24-008749-003/2024(H5N1)	1257	C	T	0	0	0	272	165	57	1	272	4.89374e-201	TRUE	PB2:cds-XAJ25426.1	AAC	N	AAT	N	419
PB2|PP755596.1|A/cattle/Texas/24-008749-003/2024(H5N1)	1266	C	T	0	0	0	281	179	58	1	281	3.80225e-208	TRUE	PB2:cds-XAJ25426.1	AAC	N	AAT	N	422
PB2|PP755596.1|A/cattle/Texas/24-008749-003/2024(H5N1)	1269	G	A	1	0	74	273	174	57	0.99635	274	8.72966e-202	TRUE	PB2:cds-XAJ25426.1	AGG	R	AGA	R	423
PB2|PP755596.1|A/cattle/Texas/24-008749-003/2024(H5N1)	1284	G	C	0	0	0	280	187	57	1	280	2.61669e-207	TRUE	PB2:cds-XAJ25426.1	CTG	L	CTC	L	428
PB2|PP755596.1|A/cattle/Texas/24-008749-003/2024(H5N1)	1290	A	T	0	0	0	265	177	56	1	265	5.95562e-195	TRUE	PB2:cds-XAJ25426.1	CCA	P	CCT	P	430
PB2|PP755596.1|A/cattle/Texas/24-008749-003/2024(H5N1)	1303	T	C	0	0	0	220	154	56	1	220	3.25596e-162	TRUE	PB2:cds-XAJ25426.1	TTG	L	CTG	L	435
PB2|PP755596.1|A/cattle/Texas/24-008749-003/2024(H5N1)	1308	A	G	0	0	0	212	150	53	1	212	1.89031e-157	TRUE	PB2:cds-XAJ25426.1	AGA	R	AGG	R	436
PB2|PP755596.1|A/cattle/Texas/24-008749-003/2024(H5N1)	1311	C	T	0	0	0	210	148	55	1	210	9.99391e-153	TRUE	PB2:cds-XAJ25426.1	CAC	H	CAT	H	437
PB2|PP755596.1|A/cattle/Texas/24-008749-003/2024(H5N1)	1321	A	G	1	1	39	199	155	51	0.995	200	8.20432e-140	TRUE	PB2:cds-XAJ25426.1	AAT	N	GAT	D	441
PB2|PP755596.1|A/cattle/Texas/24-008749-003/2024(H5N1)	1329	A	G	0	0	0	184	156	45	1	184	2.40895e-123	TRUE	PB2:cds-XAJ25426.1	AAA	K	AAG	K	443
PB2|PP755596.1|A/cattle/Texas/24-008749-003/2024(H5N1)	1332	G	A	0	0	0	180	154	44	1	180	2.06908e-120	TRUE	PB2:cds-XAJ25426.1	GTG	V	GTA	V	444
PB2|PP755596.1|A/cattle/Texas/24-008749-003/2024(H5N1)	1335	T	A	0	0	0	185	158	46	1	185	6.74681e-122	TRUE	PB2:cds-XAJ25426.1	CTT	L	CTA	L	445
PB2|PP755596.1|A/cattle/Texas/24-008749-003/2024(H5N1)	1344	T	C	0	0	0	176	156	42	1	176	3.20396e-117	TRUE	PB2:cds-XAJ25426.1	AAT	N	AAC	N	448
PB2|PP755596.1|A/cattle/Texas/24-008749-003/2024(H5N1)	1356	G	A	1	0	78	168	152	39	0.994083	169	4.41492e-108	TRUE	PB2:cds-XAJ25426.1	GAG	E	GAA	E	452
PB2|PP755596.1|A/cattle/Texas/24-008749-003/2024(H5N1)	1371	G	C	0	0	0	148	147	38	1	148	7.45256e-91	TRUE	PB2:cds-XAJ25426.1	GTG	V	GTC	V	457
PB2|PP755596.1|A/cattle/Texas/24-008749-003/2024(H5N1)	1383	C	A	0	0	0	120	119	38	1	120	1.40939e-72	TRUE	PB2:cds-XAJ25426.1	ATC	I	ATA	I	461
PB2|PP755596.1|A/cattle/Texas/24-008749-003/2024(H5N1)	1386	G	A	0	0	0	122	121	38	1	122	3.48033e-73	TRUE	PB2:cds-XAJ25426.1	GGG	G	GGA	G	462
PB2|PP755596.1|A/cattle/Texas/24-008749-003/2024(H5N1)	1398	C	T	0	0	0	109	108	38	1	109	2.209e-65	TRUE	PB2:cds-XAJ25426.1	GAC	D	GAT	D	466
PB2|PP755596.1|A/cattle/Texas/24-008749-003/2024(H5N1)	1404	T	A	0	0	0	81	80	38	1	81	1.81382e-49	TRUE	PB2:cds-XAJ25426.1	ACT	T	ACA	T	468
PB2|PP755596.1|A/cattle/Texas/24-008749-003/2024(H5N1)	1407	A	C	0	0	0	83	82	39	1	83	4.40009e-50	TRUE	PB2:cds-XAJ25426.1	CCA	P	CCC	P	469
PB2|PP755596.1|A/cattle/Texas/24-008749-003/2024(H5N1)	1410	T	C	0	0	0	83	82	38	1	83	4.40009e-50	TRUE	PB2:cds-XAJ25426.1	AGT	S	AGC	S	470
PB2|PP755596.1|A/cattle/Texas/24-008749-003/2024(H5N1)	1413	T	A	0	0	0	83	82	38	1	83	4.40009e-50	TRUE	PB2:cds-XAJ25426.1	ACT	T	ACA	T	471
PB2|PP755596.1|A/cattle/Texas/24-008749-003/2024(H5N1)	1415	A	G	83	82	38	1	1	39	0.0119048	84	0.497041	FALSE	PB2:cds-XAJ25426.1	GAG	E	GGG	G	472
PB2|PP755596.1|A/cattle/Texas/24-008749-003/2024(H5N1)	1420	T	C	80	79	38	1	1	36	0.0123457	81	0.487952	FALSE	PB2:cds-XAJ25426.1	TCA	S	CCA	P	474
PB2|PP755596.1|A/cattle/Texas/24-008749-003/2024(H5N1)	1425	G	A	0	0	0	61	60	39	1	61	6.68153e-37	TRUE	PB2:cds-XAJ25426.1	CTG	L	CTA	L	475
PB2|PP755596.1|A/cattle/Texas/24-008749-003/2024(H5N1)	1428	G	A	1	1	39	62	61	39	0.984127	63	1.06049e-35	TRUE	PB2:cds-XAJ25426.1	AGG	R	AGA	R	476
PB2|PP755596.1|A/cattle/Texas/24-008749-003/2024(H5N1)	1432	A	G	0	0	0	61	60	39	1	61	6.68153e-37	TRUE	PB2:cds-XAJ25426.1	ATA	I	GTA	V	478
PB2|PP755596.1|A/cattle/Texas/24-008749-003/2024(H5N1)	1434	A	G	0	0	0	60	59	38	1	60	1.35821e-36	TRUE	PB2:cds-XAJ25426.1	ATA	I	ATG	M	478
PB2|PP755596.1|A/cattle/Texas/24-008749-003/2024(H5N1)	1437	A	G	0	0	0	61	60	38	1	61	6.68153e-37	TRUE	PB2:cds-XAJ25426.1	AGA	R	AGG	R	479
PB2|PP755596.1|A/cattle/Texas/24-008749-003/2024(H5N1)	1446	G	A	0	0	0	67	66	38	1	67	3.36185e-40	TRUE	PB2:cds-XAJ25426.1	AAG	K	AAA	K	482
PB2|PP755596.1|A/cattle/Texas/24-008749-003/2024(H5N1)	1455	A	T	0	0	0	68	67	38	1	68	1.68092e-40	TRUE	PB2:cds-XAJ25426.1	GTA	V	GTT	V	485
PB2|PP755596.1|A/cattle/Texas/24-008749-003/2024(H5N1)	1464	C	T	1	1	37	62	61	38	0.984127	63	5.42772e-36	TRUE	PB2:cds-XAJ25426.1	TAC	Y	TAT	Y	488
PB2|PP755596.1|A/cattle/Texas/24-008749-003/2024(H5N1)	1596	G	A	1	1	33	13	5	38	0.928571	14	6.97965e-07	TRUE	PB2:cds-XAJ25426.1	TCG	S	TCA	S	532
PB2|PP755596.1|A/cattle/Texas/24-008749-003/2024(H5N1)	1602	A	C	0	0	0	13	5	38	1	13	9.61483e-08	TRUE	PB2:cds-XAJ25426.1	TCA	S	TCC	S	534
PB2|PP755596.1|A/cattle/Texas/24-008749-003/2024(H5N1)	1614	G	A	0	0	0	13	5	38	1	13	9.61483e-08	TRUE	PB2:cds-XAJ25426.1	GAG	E	GAA	E	538
PB2|PP755596.1|A/cattle/Texas/24-008749-003/2024(H5N1)	1617	C	T	0	0	0	13	5	38	1	13	9.61483e-08	TRUE	PB2:cds-XAJ25426.1	ATC	I	ATT	I	539
PB2|PP755596.1|A/cattle/Texas/24-008749-003/2024(H5N1)	1623	T	C	0	0	0	12	4	38	1	12	1.92297e-07	TRUE	PB2:cds-XAJ25426.1	GGT	G	GGC	G	541
PB2|PP755596.1|A/cattle/Texas/24-008749-003/2024(H5N1)	1632	G	A	0	0	0	13	5	38	1	13	9.61483e-08	TRUE	PB2:cds-XAJ25426.1	TCG	S	TCA	S	544
PB2|PP755596.1|A/cattle/Texas/24-008749-003/2024(H5N1)	1636	T	C	1	1	36	12	4	37	0.923077	13	1.34608e-06	TRUE	PB2:cds-XAJ25426.1	TTG	L	CTG	L	546
PB2|PP755596.1|A/cattle/Texas/24-008749-003/2024(H5N1)	1638	G	A	0	0	0	13	5	37	1	13	9.61483e-08	TRUE	PB2:cds-XAJ25426.1	TTG	L	TTA	L	546
PB2|PP755596.1|A/cattle/Texas/24-008749-003/2024(H5N1)	1641	C	T	0	0	0	13	5	38	1	13	9.61483e-08	TRUE	PB2:cds-XAJ25426.1	GTC	V	GTT	V	547
PB2|PP755596.1|A/cattle/Texas/24-008749-003/2024(H5N1)	1644	T	C	1	1	29	11	4	38	0.916667	12	2.69215e-06	TRUE	PB2:cds-XAJ25426.1	AAT	N	AAC	N	548
PB2|PP755596.1|A/cattle/Texas/24-008749-003/2024(H5N1)	1647	T	A	1	1	33	13	5	38	0.928571	14	6.97965e-07	TRUE	PB2:cds-XAJ25426.1	ACT	T	ACA	T	549
PB2|PP755596.1|A/cattle/Texas/24-008749-003/2024(H5N1)	1653	G	A	1	1	38	16	6	38	0.941176	17	7.71338e-09	TRUE	PB2:cds-XAJ25426.1	CAG	Q	CAA	Q	551
PB2|PP755596.1|A/cattle/Texas/24-008749-003/2024(H5N1)	1659	A	C	1	1	30	14	4	38	0.933333	15	3.18177e-08	TRUE	PB2:cds-XAJ25426.1	ATA	I	ATC	I	553
PB2|PP755596.1|A/cattle/Texas/24-008749-003/2024(H5N1)	1677	A	T	0	0	0	9	2	37	1	9	2.05677e-05	TRUE	PB2:cds-XAJ25426.1	ACA	T	ACT	T	559
PB2|PP755596.1|A/cattle/Texas/24-008749-003/2024(H5N1)	1680	A	G	1	1	35	9	2	38	0.9	10	0.000108251	TRUE	PB2:cds-XAJ25426.1	GTA	V	GTG	V	560
PB2|PP755596.1|A/cattle/Texas/24-008749-003/2024(H5N1)	1683	A	G	0	0	0	8	2	38	1	8	4.11353e-05	TRUE	PB2:cds-XAJ25426.1	AAA	K	AAG	K	561
PB2|PP755596.1|A/cattle/Texas/24-008749-003/2024(H5N1)	1689	A	G	1	1	33	9	2	37	0.9	10	0.000108251	TRUE	PB2:cds-XAJ25426.1	CAA	Q	CAG	Q	563
PB2|PP755596.1|A/cattle/Texas/24-008749-003/2024(H5N1)	1695	A	C	0	0	0	8	2	38	1	8	4.11353e-05	TRUE	PB2:cds-XAJ25426.1	TCA	S	TCC	S	565
PB2|PP755596.1|A/cattle/Texas/24-008749-003/2024(H5N1)	1701	T	C	0	0	0	8	2	38	1	8	7.77001e-05	TRUE	PB2:cds-XAJ25426.1	GAT	D	GAC	D	567
PB2|PP755596.1|A/cattle/Texas/24-008749-003/2024(H5N1)	1704	C	T	0	0	0	9	2	37	1	9	4.11353e-05	TRUE	PB2:cds-XAJ25426.1	CCC	P	CCT	P	568
PB2|PP755596.1|A/cattle/Texas/24-008749-003/2024(H5N1)	1711	T	C	0	0	0	9	2	38	1	9	4.11353e-05	TRUE	PB2:cds-XAJ25426.1	TTG	L	CTG	L	571
PB2|PP755596.1|A/cattle/Texas/24-008749-003/2024(H5N1)	1713	G	A	0	0	0	9	2	38	1	9	4.11353e-05	TRUE	PB2:cds-XAJ25426.1	TTG	L	TTA	L	571
PB2|PP755596.1|A/cattle/Texas/24-008749-003/2024(H5N1)	1716	T	C	0	0	0	9	2	38	1	9	4.11353e-05	TRUE	PB2:cds-XAJ25426.1	TAT	Y	TAC	Y	572
PB2|PP755596.1|A/cattle/Texas/24-008749-003/2024(H5N1)	1719	T	C	0	0	0	8	1	38	1	8	7.77001e-05	TRUE	PB2:cds-XAJ25426.1	AAT	N	AAC	N	573
PB2|PP755596.1|A/cattle/Texas/24-008749-003/2024(H5N1)	1731	C	T	0	0	0	22	2	37	1	22	9.50526e-13	TRUE	PB2:cds-XAJ25426.1	TTC	F	TTT	F	577
PB2|PP755596.1|A/cattle/Texas/24-008749-003/2024(H5N1)	1736	C	-A	21	2	38	1	0	20	0.0454545	22	0.511628	FALSE	NA	NA	NA	NA	NA	NA
PB2|PP755596.1|A/cattle/Texas/24-008749-003/2024(H5N1)	1737	A	T	0	0	0	20	1	37	1	20	3.71569e-12	TRUE	PB2:cds-XAJ25426.1	CCA	P	CCT	P	579
PB2|PP755596.1|A/cattle/Texas/24-008749-003/2024(H5N1)	1740	C	T	0	0	0	21	1	38	1	21	1.85785e-12	TRUE	PB2:cds-XAJ25426.1	TTC	F	TTT	F	580
PB2|PP755596.1|A/cattle/Texas/24-008749-003/2024(H5N1)	1746	T	C	0	0	0	22	2	38	1	22	9.50526e-13	TRUE	PB2:cds-XAJ25426.1	TCT	S	TCC	S	582
PB2|PP755596.1|A/cattle/Texas/24-008749-003/2024(H5N1)	1747	C	T	0	0	0	21	1	38	1	21	1.85785e-12	TRUE	PB2:cds-XAJ25426.1	CTG	L	TTG	L	583
PB2|PP755596.1|A/cattle/Texas/24-008749-003/2024(H5N1)	1752	C	G	0	0	0	22	2	37	1	22	9.50526e-13	TRUE	PB2:cds-XAJ25426.1	GTC	V	GTG	V	584
PB2|PP755596.1|A/cattle/Texas/24-008749-003/2024(H5N1)	1767	G	A	0	0	0	22	2	38	1	22	4.75263e-13	TRUE	PB2:cds-XAJ25426.1	AGG	R	AGA	R	589
PB2|PP755596.1|A/cattle/Texas/24-008749-003/2024(H5N1)	1770	T	C	0	0	0	22	2	36	1	22	4.75263e-13	TRUE	PB2:cds-XAJ25426.1	GGT	G	GGC	G	590
PB2|PP755596.1|A/cattle/Texas/24-008749-003/2024(H5N1)	1773	A	G	0	0	0	23	2	38	1	23	2.42912e-13	TRUE	PB2:cds-XAJ25426.1	CAA	Q	CAG	Q	591
PB2|PP755596.1|A/cattle/Texas/24-008749-003/2024(H5N1)	1782	G	A	0	0	0	24	2	37	1	24	8.22716e-15	TRUE	PB2:cds-XAJ25426.1	GGG	G	GGA	G	594
PB2|PP755596.1|A/cattle/Texas/24-008749-003/2024(H5N1)	1785	C	T	0	0	0	27	2	38	1	27	1.02725e-15	TRUE	PB2:cds-XAJ25426.1	TTC	F	TTT	F	595
PB2|PP755596.1|A/cattle/Texas/24-008749-003/2024(H5N1)	1794	A	C	0	0	0	25	1	38	1	25	4.03292e-15	TRUE	PB2:cds-XAJ25426.1	ACA	T	ACC	T	598
PB2|PP755596.1|A/cattle/Texas/24-008749-003/2024(H5N1)	1800	T	C	0	0	0	27	0	37	1	27	5.13627e-16	TRUE	PB2:cds-XAJ25426.1	TTT	F	TTC	F	600
PB2|PP755596.1|A/cattle/Texas/24-008749-003/2024(H5N1)	1806	A	G	0	0	0	28	1	37	1	28	1.30741e-16	TRUE	PB2:cds-XAJ25426.1	CAA	Q	CAG	Q	602
PB2|PP755596.1|A/cattle/Texas/24-008749-003/2024(H5N1)	1812	A	T	0	0	0	26	1	35	1	26	5.3265e-16	TRUE	PB2:cds-XAJ25426.1	CGA	R	CGT	R	604
PB2|PP755596.1|A/cattle/Texas/24-008749-003/2024(H5N1)	1821	T	G	0	0	0	28	0	37	1	28	1.30741e-16	TRUE	PB2:cds-XAJ25426.1	CTT	L	CTG	L	607
PB2|PP755596.1|A/cattle/Texas/24-008749-003/2024(H5N1)	1827	A	C	1	1	38	28	1	37	0.965517	29	9.97763e-16	TRUE	PB2:cds-XAJ25426.1	ACA	T	ACC	T	609
PB2|PP755596.1|A/cattle/Texas/24-008749-003/2024(H5N1)	1833	C	T	28	1	37	1	1	39	0.0344828	29	0.5	FALSE	PB2:cds-XAJ25426.1	GAC	D	GAT	D	611
PB2|PP755596.1|A/cattle/Texas/24-008749-003/2024(H5N1)	1836	T	C	25	0	38	1	1	38	0.0384615	26	0.5	FALSE	PB2:cds-XAJ25426.1	ACT	T	ACC	T	612
PB2|PP755596.1|A/cattle/Texas/24-008749-003/2024(H5N1)	1839	T	C	1	1	37	25	0	37	0.961538	26	5.44444e-14	TRUE	PB2:cds-XAJ25426.1	GTT	V	GTC	V	613
PB2|PP755596.1|A/cattle/Texas/24-008749-003/2024(H5N1)	1842	G	A	0	0	0	25	1	38	1	25	4.03292e-15	TRUE	PB2:cds-XAJ25426.1	CAG	Q	CAA	Q	614
PB2|PP755596.1|A/cattle/Texas/24-008749-003/2024(H5N1)	1851	A	G	1	1	38	20	0	38	0.952381	21	7.80295e-11	TRUE	PB2:cds-XAJ25426.1	AAA	K	AAG	K	617
PB2|PP755596.1|A/cattle/Texas/24-008749-003/2024(H5N1)	1854	T	C	0	0	0	1	1	38	0.047619	21	0.047619	FALSE	PB2:cds-XAJ25426.1	CTT	L	CTC	L	618
PB2|PP755596.1|A/cattle/Texas/24-008749-003/2024(H5N1)	1854	T	A	0	0	0	20	0	38	0.952381	21	7.25444e-12	TRUE	PB2:cds-XAJ25426.1	CTT	L	CTA	L	618
PB2|PP755596.1|A/cattle/Texas/24-008749-003/2024(H5N1)	1857	C	T	1	1	38	20	0	37	0.952381	21	7.80295e-11	TRUE	PB2:cds-XAJ25426.1	CTC	L	CTT	L	619
PB2|PP755596.1|A/cattle/Texas/24-008749-003/2024(H5N1)	1860	C	A	1	1	39	20	0	38	0.952381	21	7.80295e-11	TRUE	PB2:cds-XAJ25426.1	CCC	P	CCA	P	620
PB2|PP755596.1|A/cattle/Texas/24-008749-003/2024(H5N1)	1866	T	A	1	1	39	20	0	38	0.952381	21	7.80295e-11	TRUE	PB2:cds-XAJ25426.1	GCT	A	GCA	A	622
PB2|PP755596.1|A/cattle/Texas/24-008749-003/2024(H5N1)	1869	T	A	1	1	38	20	0	38	0.952381	21	7.80295e-11	TRUE	PB2:cds-XAJ25426.1	GCT	A	GCA	A	623
PB2|PP755596.1|A/cattle/Texas/24-008749-003/2024(H5N1)	1872	C	A	1	1	38	19	0	38	0.95	20	1.52343e-10	TRUE	PB2:cds-XAJ25426.1	GCC	A	GCA	A	624
PB2|PP755596.1|A/cattle/Texas/24-008749-003/2024(H5N1)	1878	G	A	20	0	37	1	1	39	0.047619	21	0.512195	FALSE	PB2:cds-XAJ25426.1	CCG	P	CCA	P	626
PB2|PP755596.1|A/cattle/Texas/24-008749-003/2024(H5N1)	1884	A	G	1	1	39	20	0	38	0.952381	21	7.80295e-11	TRUE	PB2:cds-XAJ25426.1	CAA	Q	CAG	Q	628
PB2|PP755596.1|A/cattle/Texas/24-008749-003/2024(H5N1)	1890	A	G	1	1	39	20	0	37	0.952381	21	7.80295e-11	TRUE	PB2:cds-XAJ25426.1	AGA	R	AGG	R	630
PB2|PP755596.1|A/cattle/Texas/24-008749-003/2024(H5N1)	1891	C	A	0	0	0	21	1	37	1	21	3.71569e-12	TRUE	PB2:cds-XAJ25426.1	CTG	L	ATG	M	631
PB2|PP755596.1|A/cattle/Texas/24-008749-003/2024(H5N1)	1896	A	G	1	1	39	20	0	38	0.952381	21	7.80295e-11	TRUE	PB2:cds-XAJ25426.1	CAA	Q	CAG	Q	632
PB2|PP755596.1|A/cattle/Texas/24-008749-003/2024(H5N1)	1902	C	T	1	1	38	20	0	38	0.952381	21	7.80295e-11	TRUE	PB2:cds-XAJ25426.1	TCC	S	TCT	S	634
PB2|PP755596.1|A/cattle/Texas/24-008749-003/2024(H5N1)	1905	T	C	20	0	38	1	1	39	0.047619	21	0.512195	FALSE	PB2:cds-XAJ25426.1	TCT	S	TCC	S	635
PB2|PP755596.1|A/cattle/Texas/24-008749-003/2024(H5N1)	1908	G	A	1	1	39	20	0	38	0.952381	21	7.80295e-11	TRUE	PB2:cds-XAJ25426.1	CTG	L	CTA	L	636
PB2|PP755596.1|A/cattle/Texas/24-008749-003/2024(H5N1)	1914	G	A	0	0	0	21	1	37	1	21	3.71569e-12	TRUE	PB2:cds-XAJ25426.1	GTG	V	GTA	V	638
PB2|PP755596.1|A/cattle/Texas/24-008749-003/2024(H5N1)	1917	T	C	1	1	39	19	0	38	0.95	20	1.52343e-10	TRUE	PB2:cds-XAJ25426.1	AAT	N	AAC	N	639
PB2|PP755596.1|A/cattle/Texas/24-008749-003/2024(H5N1)	1920	G	A	1	1	39	20	0	37	0.952381	21	7.80295e-11	TRUE	PB2:cds-XAJ25426.1	GTG	V	GTA	V	640
PB2|PP755596.1|A/cattle/Texas/24-008749-003/2024(H5N1)	1923	A	G	1	1	39	19	0	37	0.95	20	1.52343e-10	TRUE	PB2:cds-XAJ25426.1	AGA	R	AGG	R	641
PB2|PP755596.1|A/cattle/Texas/24-008749-003/2024(H5N1)	1926	A	T	1	1	39	15	0	35	0.9375	16	2.87361e-09	TRUE	PB2:cds-XAJ25426.1	GGA	G	GGT	G	642
PB2|PP755596.1|A/cattle/Texas/24-008749-003/2024(H5N1)	1938	A	G	80	1	38	1	0	38	0.0123457	81	0.496933	FALSE	PB2:cds-XAJ25426.1	AGA	R	AGG	R	646
PB2|PP755596.1|A/cattle/Texas/24-008749-003/2024(H5N1)	1944	G	T	1	1	39	69	0	38	0.985714	70	1.98658e-40	TRUE	PB2:cds-XAJ25426.1	CTG	L	CTT	L	648
PB2|PP755596.1|A/cattle/Texas/24-008749-003/2024(H5N1)	1945	A	G	0	0	0	69	1	38	1	69	5.52044e-42	TRUE	PB2:cds-XAJ25426.1	ATA	I	GTA	V	649
PB2|PP755596.1|A/cattle/Texas/24-008749-003/2024(H5N1)	1947	A	G	1	1	39	68	0	38	0.985507	69	4.02992e-40	TRUE	PB2:cds-XAJ25426.1	ATA	I	ATG	M	649
PB2|PP755596.1|A/cattle/Texas/24-008749-003/2024(H5N1)	1956	T	C	1	1	38	73	2	39	0.986486	74	4.34201e-43	TRUE	PB2:cds-XAJ25426.1	AAT	N	AAC	N	652
PB2|PP755596.1|A/cattle/Texas/24-008749-003/2024(H5N1)	1959	T	C	0	0	0	70	4	39	1	70	1.00685e-43	TRUE	PB2:cds-XAJ25426.1	TCT	S	TCC	S	653
PB2|PP755596.1|A/cattle/Texas/24-008749-003/2024(H5N1)	1962	A	T	1	1	39	72	2	40	0.986301	73	4.63539e-43	TRUE	PB2:cds-XAJ25426.1	CCA	P	CCT	P	654
PB2|PP755596.1|A/cattle/Texas/24-008749-003/2024(H5N1)	1971	T	C	1	1	39	105	5	41	0.990566	106	1.14166e-64	TRUE	PB2:cds-XAJ25426.1	AAT	N	AAC	N	657
PB2|PP755596.1|A/cattle/Texas/24-008749-003/2024(H5N1)	1974	C	T	2	2	38	110	8	41	0.982143	112	9.98151e-67	TRUE	PB2:cds-XAJ25426.1	TAC	Y	TAT	Y	658
PB2|PP755596.1|A/cattle/Texas/24-008749-003/2024(H5N1)	1983	C	A	4	4	38	134	43	46	0.971014	138	1.21899e-87	TRUE	PB2:cds-XAJ25426.1	GCC	A	GCA	A	661
PB2|PP755596.1|A/cattle/Texas/24-008749-003/2024(H5N1)	1985	C	A	137	44	50	4	4	38	0.0283688	141	0.0313557	FALSE	PB2:cds-XAJ25426.1	ACC	T	AAC	N	662
PB2|PP755596.1|A/cattle/Texas/24-008749-003/2024(H5N1)	2001	T	C	6	4	47	145	55	51	0.960265	151	6.58224e-96	TRUE	PB2:cds-XAJ25426.1	GTT	V	GTC	V	667
PB2|PP755596.1|A/cattle/Texas/24-008749-003/2024(H5N1)	2004	C	T	4	4	38	155	60	52	0.974843	159	3.90757e-102	TRUE	PB2:cds-XAJ25426.1	CTC	L	CTT	L	668
PB2|PP755596.1|A/cattle/Texas/24-008749-003/2024(H5N1)	2007	G	A	9	5	42	151	60	51	0.94375	160	2.80292e-96	TRUE	PB2:cds-XAJ25426.1	GGG	G	GGA	G	669
PB2|PP755596.1|A/cattle/Texas/24-008749-003/2024(H5N1)	2010	A	G	8	5	46	154	61	52	0.950617	162	2.06305e-100	TRUE	PB2:cds-XAJ25426.1	AAA	K	AAG	K	670
PB2|PP755596.1|A/cattle/Texas/24-008749-003/2024(H5N1)	2010	A	+G	8	5	46	7	0	20	0.030303	231	2.26311e-08	TRUE	NA	NA	NA	NA	NA	NA
PB2|PP755596.1|A/cattle/Texas/24-008749-003/2024(H5N1)	2016	A	T	4	4	38	171	72	55	0.977143	175	1.81449e-117	TRUE	PB2:cds-XAJ25426.1	GCA	A	GCT	A	672
PB2|PP755596.1|A/cattle/Texas/24-008749-003/2024(H5N1)	2026	G	A	0	0	0	179	78	55	1	179	1.48949e-129	TRUE	PB2:cds-XAJ25426.1	GCC	A	ACC	T	676
PB2|PP755596.1|A/cattle/Texas/24-008749-003/2024(H5N1)	2028	C	A	4	4	38	179	76	56	0.978142	183	5.25595e-123	TRUE	PB2:cds-XAJ25426.1	GCC	A	GCA	A	676
PB2|PP755596.1|A/cattle/Texas/24-008749-003/2024(H5N1)	2034	T	C	7	5	39	190	86	55	0.964467	197	1.36019e-131	TRUE	PB2:cds-XAJ25426.1	GAT	D	GAC	D	678
PB2|PP755596.1|A/cattle/Texas/24-008749-003/2024(H5N1)	2043	A	G	4	4	38	209	98	57	0.981221	213	3.12132e-147	TRUE	PB2:cds-XAJ25426.1	GAA	E	GAG	E	681
PB2|PP755596.1|A/cattle/Texas/24-008749-003/2024(H5N1)	2046	C	G	4	4	37	207	96	57	0.981043	211	4.61719e-147	TRUE	PB2:cds-XAJ25426.1	GGC	G	GGG	G	682
PB2|PP755596.1|A/cattle/Texas/24-008749-003/2024(H5N1)	2052	T	C	0	0	0	3	3	38	0.0133333	225	1.29679e-07	TRUE	PB2:cds-XAJ25426.1	GCT	A	GCC	A	684
PB2|PP755596.1|A/cattle/Texas/24-008749-003/2024(H5N1)	2052	T	A	0	0	0	222	107	58	0.986667	225	1.17351e-166	TRUE	PB2:cds-XAJ25426.1	GCT	A	GCA	A	684
PB2|PP755596.1|A/cattle/Texas/24-008749-003/2024(H5N1)	2058	G	A	234	115	59	3	3	39	0.0126582	237	0.0579082	FALSE	PB2:cds-XAJ25426.1	GTG	V	GTA	V	686
PB2|PP755596.1|A/cattle/Texas/24-008749-003/2024(H5N1)	2067	T	G	3	3	38	227	122	59	0.986957	230	6.66771e-164	TRUE	PB2:cds-XAJ25426.1	GCT	A	GCG	A	689
PB2|PP755596.1|A/cattle/Texas/24-008749-003/2024(H5N1)	2070	T	A	3	3	38	226	122	59	0.9869	229	1.71331e-163	TRUE	PB2:cds-XAJ25426.1	GTT	V	GTA	V	690
PB2|PP755596.1|A/cattle/Texas/24-008749-003/2024(H5N1)	2073	A	G	3	3	39	227	123	60	0.986957	230	6.66771e-164	TRUE	PB2:cds-XAJ25426.1	TTA	L	TTG	L	691
PB2|PP755596.1|A/cattle/Texas/24-008749-003/2024(H5N1)	2074	A	C	226	122	60	3	3	38	0.0131004	229	0.0580031	FALSE	PB2:cds-XAJ25426.1	AGA	R	CGA	R	692
PB2|PP755596.1|A/cattle/Texas/24-008749-003/2024(H5N1)	2079	A	G	3	3	39	225	121	59	0.986842	228	4.41421e-163	TRUE	PB2:cds-XAJ25426.1	GGA	G	GGG	G	693
PB2|PP755596.1|A/cattle/Texas/24-008749-003/2024(H5N1)	2085	C	A	3	3	38	236	127	60	0.987448	239	1.40901e-171	TRUE	PB2:cds-XAJ25426.1	CTC	L	CTA	L	695
PB2|PP755596.1|A/cattle/Texas/24-008749-003/2024(H5N1)	2089	T	C	4	4	36	235	127	60	0.983264	239	1.35265e-169	TRUE	PB2:cds-XAJ25426.1	TTG	L	CTG	L	697
PB2|PP755596.1|A/cattle/Texas/24-008749-003/2024(H5N1)	2091	G	T	3	3	38	234	127	61	0.987342	237	9.47582e-171	TRUE	PB2:cds-XAJ25426.1	TTG	L	TTT	F	697
PB2|PP755596.1|A/cattle/Texas/24-008749-003/2024(H5N1)	2100	A	G	3	3	38	292	170	65	0.989831	295	2.12246e-225	TRUE	PB2:cds-XAJ25426.1	GAA	E	GAG	E	700
PB2|PP755596.1|A/cattle/Texas/24-008749-003/2024(H5N1)	2106	G	A	3	3	37	310	173	64	0.990415	313	7.06713e-234	TRUE	PB2:cds-XAJ25426.1	AAG	K	AAA	K	702
PB2|PP755596.1|A/cattle/Texas/24-008749-003/2024(H5N1)	2115	C	A	3	3	36	322	176	64	0.990769	325	5.27946e-244	TRUE	PB2:cds-XAJ25426.1	GGC	G	GGA	G	705
PB2|PP755596.1|A/cattle/Texas/24-008749-003/2024(H5N1)	2121	A	G	2	2	39	325	179	63	0.993884	327	1.54333e-247	TRUE	PB2:cds-XAJ25426.1	GCA	A	GCG	A	707
PB2|PP755596.1|A/cattle/Texas/24-008749-003/2024(H5N1)	2136	G	A	3	2	52	320	208	59	0.990712	323	2.83744e-231	TRUE	PB2:cds-XAJ25426.1	GAG	E	GAA	E	712
PB2|PP755596.1|A/cattle/Texas/24-008749-003/2024(H5N1)	2137	C	T	2	2	39	316	203	58	0.993711	318	1.85221e-231	TRUE	PB2:cds-XAJ25426.1	CTG	L	TTG	L	713
PB2|PP755596.1|A/cattle/Texas/24-008749-003/2024(H5N1)	2144	A	G	2	2	39	321	209	58	0.993808	323	1.69231e-233	TRUE	PB2:cds-XAJ25426.1	AAT	N	AGT	S	715
PB2|PP755596.1|A/cattle/Texas/24-008749-003/2024(H5N1)	2146	T	C	1	0	24	320	209	57	0.996885	321	4.38551e-235	TRUE	PB2:cds-XAJ25426.1	TTG	L	CTG	L	716
PB2|PP755596.1|A/cattle/Texas/24-008749-003/2024(H5N1)	2148	G	T	0	0	0	323	211	57	1	323	1.34577e-238	TRUE	PB2:cds-XAJ25426.1	TTG	L	TTT	F	716
PB2|PP755596.1|A/cattle/Texas/24-008749-003/2024(H5N1)	2151	A	G	3	2	51	322	210	58	0.990769	325	4.39516e-232	TRUE	PB2:cds-XAJ25426.1	GCA	A	GCG	A	717
PB2|PP755596.1|A/cattle/Texas/24-008749-003/2024(H5N1)	2154	G	A	3	2	51	321	210	58	0.990741	324	1.11569e-231	TRUE	PB2:cds-XAJ25426.1	AAG	K	AAA	K	718
PB2|PP755596.1|A/cattle/Texas/24-008749-003/2024(H5N1)	2157	A	G	2	2	39	322	210	58	0.993827	324	1.51164e-234	TRUE	PB2:cds-XAJ25426.1	GGA	G	GGG	G	719
PB2|PP755596.1|A/cattle/Texas/24-008749-003/2024(H5N1)	2173	C	T	0	0	0	390	244	59	1	390	2.79486e-291	TRUE	PB2:cds-XAJ25426.1	CTA	L	TTA	L	725
PB2|PP755596.1|A/cattle/Texas/24-008749-003/2024(H5N1)	2175	A	G	2	2	39	386	240	60	0.994845	388	3.58829e-285	TRUE	PB2:cds-XAJ25426.1	CTA	L	CTG	L	725
PB2|PP755596.1|A/cattle/Texas/24-008749-003/2024(H5N1)	2178	T	A	2	2	39	385	240	60	0.992268	388	2.19248e-285	TRUE	PB2:cds-XAJ25426.1	ATT	I	ATA	I	726
