REGION	POS	REF	ALT	REF_DP	REF_RV	REF_QUAL	ALT_DP	ALT_RV	ALT_QUAL	ALT_FREQ	TOTAL_DP	PVAL	PASS	GFF_FEATURE	REF_CODON	REF_AA	ALT_CODON	ALT_AA	POS_AA
HA|PP755589.1|A/cattle/Texas/24-008749-003/2024(H5N1)	6	G	A	91	12	37	1	0	28	0.0108696	92	0.602539	FALSE	HA:cds-XAJ25415.1	GAG	E	GAA	E	2
HA|PP755589.1|A/cattle/Texas/24-008749-003/2024(H5N1)	465	A	G	0	0	0	1337	688	42	1	1337	0	TRUE	HA:cds-XAJ25415.1	GGA	G	GGG	G	155
HA|PP755589.1|A/cattle/Texas/24-008749-003/2024(H5N1)	651	G	A	0	0	0	1359	626	42	1	1359	0	TRUE	HA:cds-XAJ25415.1	GGG	G	GGA	G	217
HA|PP755589.1|A/cattle/Texas/24-008749-003/2024(H5N1)	1052	T	A	1506	873	43	36	6	39	0.0233463	1542	1.23503e-11	TRUE	HA:cds-XAJ25415.1	ATA	I	AAA	K	351
HA|PP755589.1|A/cattle/Texas/24-008749-003/2024(H5N1)	1275	G	A	1	0	46	5910	2647	43	0.999831	5911	0	TRUE	HA:cds-XAJ25415.1	TTG	L	TTA	L	425
