REGION	POS	REF	ALT	REF_DP	REF_RV	REF_QUAL	ALT_DP	ALT_RV	ALT_QUAL	ALT_FREQ	TOTAL_DP	PVAL	PASS	GFF_FEATURE	REF_CODON	REF_AA	ALT_CODON	ALT_AA	POS_AA
PB2|PP755596.1|A/cattle/Texas/24-008749-003/2024(H5N1)	21	G	A	0	0	0	420	160	33	1	420	0	TRUE	PB2:cds-XAJ25426.1	CTG	L	CTA	L	7
PB2|PP755596.1|A/cattle/Texas/24-008749-003/2024(H5N1)	27	T	C	0	0	0	500	191	33	1	500	0	TRUE	PB2:cds-XAJ25426.1	GAT	D	GAC	D	9
PB2|PP755596.1|A/cattle/Texas/24-008749-003/2024(H5N1)	60	A	C	0	0	0	1144	451	33	1	1144	0	TRUE	PB2:cds-XAJ25426.1	CTA	L	CTC	L	20
PB2|PP755596.1|A/cattle/Texas/24-008749-003/2024(H5N1)	69	C	T	0	0	0	1178	427	33	1	1178	0	TRUE	PB2:cds-XAJ25426.1	ACC	T	ACT	T	23
PB2|PP755596.1|A/cattle/Texas/24-008749-003/2024(H5N1)	72	T	C	0	0	0	1209	462	33	1	1209	0	TRUE	PB2:cds-XAJ25426.1	ACT	T	ACC	T	24
PB2|PP755596.1|A/cattle/Texas/24-008749-003/2024(H5N1)	75	T	G	0	0	0	1211	430	33	1	1211	0	TRUE	PB2:cds-XAJ25426.1	GTT	V	GTG	V	25
PB2|PP755596.1|A/cattle/Texas/24-008749-003/2024(H5N1)	96	G	A	0	0	0	1607	646	33	1	1607	0	TRUE	PB2:cds-XAJ25426.1	AAG	K	AAA	K	32
PB2|PP755596.1|A/cattle/Texas/24-008749-003/2024(H5N1)	99	G	A	2	1	34	1603	647	33	0.998754	1605	0	TRUE	PB2:cds-XAJ25426.1	AAG	K	AAA	K	33
PB2|PP755596.1|A/cattle/Texas/24-008749-003/2024(H5N1)	108	A	G	0	0	0	1694	674	33	1	1694	0	TRUE	PB2:cds-XAJ25426.1	TCA	S	TCG	S	36
PB2|PP755596.1|A/cattle/Texas/24-008749-003/2024(H5N1)	114	A	G	0	0	0	1771	739	33	1	1771	0	TRUE	PB2:cds-XAJ25426.1	AGA	R	AGG	R	38
PB2|PP755596.1|A/cattle/Texas/24-008749-003/2024(H5N1)	120	A	G	0	0	0	1995	809	33	1	1995	0	TRUE	PB2:cds-XAJ25426.1	GAA	E	GAG	E	40
PB2|PP755596.1|A/cattle/Texas/24-008749-003/2024(H5N1)	129	T	C	0	0	0	2178	901	33	0.999541	2179	0	TRUE	PB2:cds-XAJ25426.1	CCT	P	CCC	P	43
PB2|PP755596.1|A/cattle/Texas/24-008749-003/2024(H5N1)	138	A	G	5	3	34	2317	1030	33	0.997847	2322	0	TRUE	PB2:cds-XAJ25426.1	AGA	R	AGG	R	46
PB2|PP755596.1|A/cattle/Texas/24-008749-003/2024(H5N1)	172	G	A	1	1	34	2478	1166	33	0.999597	2479	0	TRUE	PB2:cds-XAJ25426.1	GCA	A	ACA	T	58
PB2|PP755596.1|A/cattle/Texas/24-008749-003/2024(H5N1)	184	C	A	0	0	0	2328	1143	33	0.996149	2337	0	TRUE	PB2:cds-XAJ25426.1	CGA	R	AGA	R	62
PB2|PP755596.1|A/cattle/Texas/24-008749-003/2024(H5N1)	186	A	G	0	0	0	2360	1110	33	1	2360	0	TRUE	PB2:cds-XAJ25426.1	CGA	R	CGG	R	62
PB2|PP755596.1|A/cattle/Texas/24-008749-003/2024(H5N1)	201	C	T	0	0	0	2532	1389	33	0.999605	2533	0	TRUE	PB2:cds-XAJ25426.1	ATC	I	ATT	I	67
PB2|PP755596.1|A/cattle/Texas/24-008749-003/2024(H5N1)	210	G	A	0	0	0	2380	1389	32	1	2380	0	TRUE	PB2:cds-XAJ25426.1	AGG	R	AGA	R	70
PB2|PP755596.1|A/cattle/Texas/24-008749-003/2024(H5N1)	231	C	T	1	1	30	2200	1219	33	0.999546	2201	0	TRUE	PB2:cds-XAJ25426.1	CTC	L	CTT	L	77
PB2|PP755596.1|A/cattle/Texas/24-008749-003/2024(H5N1)	240	G	A	0	0	0	2001	1167	33	1	2001	0	TRUE	PB2:cds-XAJ25426.1	AAG	K	AAA	K	80
PB2|PP755596.1|A/cattle/Texas/24-008749-003/2024(H5N1)	243	A	G	0	0	0	2063	1165	33	1	2063	0	TRUE	PB2:cds-XAJ25426.1	ACA	T	ACG	T	81
PB2|PP755596.1|A/cattle/Texas/24-008749-003/2024(H5N1)	246	T	C	10	6	34	2095	1207	33	0.995249	2105	0	TRUE	PB2:cds-XAJ25426.1	AAT	N	AAC	N	82
PB2|PP755596.1|A/cattle/Texas/24-008749-003/2024(H5N1)	255	A	G	1	0	34	2237	1311	33	0.999553	2238	0	TRUE	PB2:cds-XAJ25426.1	GGA	G	GGG	G	85
PB2|PP755596.1|A/cattle/Texas/24-008749-003/2024(H5N1)	258	A	T	0	0	0	2195	1277	33	1	2195	0	TRUE	PB2:cds-XAJ25426.1	TCA	S	TCT	S	86
PB2|PP755596.1|A/cattle/Texas/24-008749-003/2024(H5N1)	261	T	C	0	0	0	2199	1277	33	1	2199	0	TRUE	PB2:cds-XAJ25426.1	GAT	D	GAC	D	87
PB2|PP755596.1|A/cattle/Texas/24-008749-003/2024(H5N1)	279	C	T	0	0	0	2087	1051	33	0.999043	2089	0	TRUE	PB2:cds-XAJ25426.1	CCC	P	CCT	P	93
PB2|PP755596.1|A/cattle/Texas/24-008749-003/2024(H5N1)	306	T	C	1	1	34	2214	1168	33	0.999549	2215	0	TRUE	PB2:cds-XAJ25426.1	AAT	N	AAC	N	102
PB2|PP755596.1|A/cattle/Texas/24-008749-003/2024(H5N1)	324	A	G	2	1	34	1790	902	33	0.998327	1793	0	TRUE	PB2:cds-XAJ25426.1	ACA	T	ACG	T	108
PB2|PP755596.1|A/cattle/Texas/24-008749-003/2024(H5N1)	325	A	G	0	0	0	1881	1001	33	1	1881	0	TRUE	PB2:cds-XAJ25426.1	ATT	I	GTT	V	109
PB2|PP755596.1|A/cattle/Texas/24-008749-003/2024(H5N1)	327	T	C	0	0	0	1894	1006	33	1	1894	0	TRUE	PB2:cds-XAJ25426.1	ATT	I	ATC	I	109
PB2|PP755596.1|A/cattle/Texas/24-008749-003/2024(H5N1)	333	T	C	3	1	34	2132	1118	33	0.998127	2136	0	TRUE	PB2:cds-XAJ25426.1	TAT	Y	TAC	Y	111
PB2|PP755596.1|A/cattle/Texas/24-008749-003/2024(H5N1)	357	T	C	0	0	0	2282	1080	33	1	2282	0	TRUE	PB2:cds-XAJ25426.1	TTT	F	TTC	F	119
PB2|PP755596.1|A/cattle/Texas/24-008749-003/2024(H5N1)	385	A	G	1	0	26	2203	1072	33	0.999546	2204	0	TRUE	PB2:cds-XAJ25426.1	ACC	T	GCC	A	129
PB2|PP755596.1|A/cattle/Texas/24-008749-003/2024(H5N1)	393	C	T	2	0	34	2199	1013	33	0.999091	2201	0	TRUE	PB2:cds-XAJ25426.1	GGC	G	GGT	G	131
PB2|PP755596.1|A/cattle/Texas/24-008749-003/2024(H5N1)	399	A	T	0	0	0	2163	941	33	0.999076	2165	0	TRUE	PB2:cds-XAJ25426.1	GTA	V	GTT	V	133
PB2|PP755596.1|A/cattle/Texas/24-008749-003/2024(H5N1)	411	C	T	0	0	0	2198	1043	33	1	2198	0	TRUE	PB2:cds-XAJ25426.1	AAC	N	AAT	N	137
PB2|PP755596.1|A/cattle/Texas/24-008749-003/2024(H5N1)	415	A	G	0	0	0	2164	1033	33	1	2164	0	TRUE	PB2:cds-XAJ25426.1	ATT	I	GTT	V	139
PB2|PP755596.1|A/cattle/Texas/24-008749-003/2024(H5N1)	447	G	A	5	3	32	2143	1017	33	0.997208	2149	0	TRUE	PB2:cds-XAJ25426.1	CCG	P	CCA	P	149
PB2|PP755596.1|A/cattle/Texas/24-008749-003/2024(H5N1)	456	T	A	0	0	0	2207	947	33	1	2207	0	TRUE	PB2:cds-XAJ25426.1	GCT	A	GCA	A	152
PB2|PP755596.1|A/cattle/Texas/24-008749-003/2024(H5N1)	465	C	T	0	0	0	2050	902	33	1	2050	0	TRUE	PB2:cds-XAJ25426.1	AGC	S	AGT	S	155
PB2|PP755596.1|A/cattle/Texas/24-008749-003/2024(H5N1)	483	C	T	0	0	0	2159	967	33	1	2159	0	TRUE	PB2:cds-XAJ25426.1	GAC	D	GAT	D	161
PB2|PP755596.1|A/cattle/Texas/24-008749-003/2024(H5N1)	531	G	A	0	0	0	2123	965	33	1	2123	0	TRUE	PB2:cds-XAJ25426.1	CTG	L	CTA	L	177
PB2|PP755596.1|A/cattle/Texas/24-008749-003/2024(H5N1)	534	G	A	0	0	0	2060	906	33	1	2060	0	TRUE	PB2:cds-XAJ25426.1	ACG	T	ACA	T	178
PB2|PP755596.1|A/cattle/Texas/24-008749-003/2024(H5N1)	540	A	G	0	0	0	2087	1008	33	1	2087	0	TRUE	PB2:cds-XAJ25426.1	GAA	E	GAG	E	180
PB2|PP755596.1|A/cattle/Texas/24-008749-003/2024(H5N1)	547	T	C	0	0	0	2188	1121	33	0.998175	2192	0	TRUE	PB2:cds-XAJ25426.1	TTG	L	CTG	L	183
PB2|PP755596.1|A/cattle/Texas/24-008749-003/2024(H5N1)	552	A	G	0	0	0	2154	1063	33	1	2154	0	TRUE	PB2:cds-XAJ25426.1	ACA	T	ACG	T	184
PB2|PP755596.1|A/cattle/Texas/24-008749-003/2024(H5N1)	564	A	G	0	0	0	2246	1134	33	0.999555	2247	0	TRUE	PB2:cds-XAJ25426.1	GAA	E	GAG	E	188
PB2|PP755596.1|A/cattle/Texas/24-008749-003/2024(H5N1)	594	C	T	0	0	0	1966	1136	33	1	1966	0	TRUE	PB2:cds-XAJ25426.1	ATC	I	ATT	I	198
PB2|PP755596.1|A/cattle/Texas/24-008749-003/2024(H5N1)	597	C	A	0	0	0	2045	1203	33	0.999023	2047	0	TRUE	PB2:cds-XAJ25426.1	GCC	A	GCA	A	199
PB2|PP755596.1|A/cattle/Texas/24-008749-003/2024(H5N1)	601	C	T	0	0	0	1819	989	31	1	1819	0	TRUE	PB2:cds-XAJ25426.1	CTG	L	TTG	L	201
PB2|PP755596.1|A/cattle/Texas/24-008749-003/2024(H5N1)	609	T	C	0	0	0	2143	1214	33	1	2143	0	TRUE	PB2:cds-XAJ25426.1	GTT	V	GTC	V	203
PB2|PP755596.1|A/cattle/Texas/24-008749-003/2024(H5N1)	631	C	T	0	0	0	1733	913	32	0.999423	1734	0	TRUE	PB2:cds-XAJ25426.1	CTG	L	TTG	L	211
PB2|PP755596.1|A/cattle/Texas/24-008749-003/2024(H5N1)	633	G	A	2	1	30	1970	1159	33	0.998986	1972	0	TRUE	PB2:cds-XAJ25426.1	CTG	L	CTA	L	211
PB2|PP755596.1|A/cattle/Texas/24-008749-003/2024(H5N1)	645	A	G	0	0	0	1977	1156	33	1	1977	0	TRUE	PB2:cds-XAJ25426.1	ACA	T	ACG	T	215
PB2|PP755596.1|A/cattle/Texas/24-008749-003/2024(H5N1)	660	T	G	0	0	0	2011	1137	33	1	2011	0	TRUE	PB2:cds-XAJ25426.1	GTT	V	GTG	V	220
PB2|PP755596.1|A/cattle/Texas/24-008749-003/2024(H5N1)	684	C	T	0	0	0	2011	1069	32	1	2011	0	TRUE	PB2:cds-XAJ25426.1	TAC	Y	TAT	Y	228
PB2|PP755596.1|A/cattle/Texas/24-008749-003/2024(H5N1)	702	G	A	0	0	0	2129	1087	33	1	2129	0	TRUE	PB2:cds-XAJ25426.1	TTG	L	TTA	L	234
PB2|PP755596.1|A/cattle/Texas/24-008749-003/2024(H5N1)	711	A	G	1	1	34	2057	1002	33	0.999514	2058	0	TRUE	PB2:cds-XAJ25426.1	GGA	G	GGG	G	237
PB2|PP755596.1|A/cattle/Texas/24-008749-003/2024(H5N1)	732	T	C	1	0	34	2263	1081	33	0.999117	2265	0	TRUE	PB2:cds-XAJ25426.1	TAT	Y	TAC	Y	244
PB2|PP755596.1|A/cattle/Texas/24-008749-003/2024(H5N1)	756	C	T	0	0	0	2048	921	33	1	2048	0	TRUE	PB2:cds-XAJ25426.1	AAC	N	AAT	N	252
PB2|PP755596.1|A/cattle/Texas/24-008749-003/2024(H5N1)	764	C	T	0	0	0	2128	933	33	1	2128	0	TRUE	PB2:cds-XAJ25426.1	GCA	A	GTA	V	255
PB2|PP755596.1|A/cattle/Texas/24-008749-003/2024(H5N1)	774	C	T	1	1	34	1889	698	32	0.999471	1890	0	TRUE	PB2:cds-XAJ25426.1	AGC	S	AGT	S	258
PB2|PP755596.1|A/cattle/Texas/24-008749-003/2024(H5N1)	780	C	T	0	0	0	2012	852	33	0.999503	2013	0	TRUE	PB2:cds-XAJ25426.1	ATC	I	ATT	I	260
PB2|PP755596.1|A/cattle/Texas/24-008749-003/2024(H5N1)	783	T	C	0	0	0	2120	960	33	1	2120	0	TRUE	PB2:cds-XAJ25426.1	ATT	I	ATC	I	261
PB2|PP755596.1|A/cattle/Texas/24-008749-003/2024(H5N1)	795	T	C	0	0	0	2287	1102	33	1	2287	0	TRUE	PB2:cds-XAJ25426.1	AAT	N	AAC	N	265
PB2|PP755596.1|A/cattle/Texas/24-008749-003/2024(H5N1)	816	G	A	0	0	0	2375	1152	33	1	2375	0	TRUE	PB2:cds-XAJ25426.1	GTG	V	GTA	V	272
PB2|PP755596.1|A/cattle/Texas/24-008749-003/2024(H5N1)	829	T	C	1	1	34	2364	1162	33	0.999577	2365	0	TRUE	PB2:cds-XAJ25426.1	TTA	L	CTA	L	277
PB2|PP755596.1|A/cattle/Texas/24-008749-003/2024(H5N1)	834	A	C	0	0	0	2241	1140	33	0.999554	2242	0	TRUE	PB2:cds-XAJ25426.1	GCA	A	GCC	A	278
PB2|PP755596.1|A/cattle/Texas/24-008749-003/2024(H5N1)	840	A	G	3	1	34	2343	1141	33	0.998721	2346	0	TRUE	PB2:cds-XAJ25426.1	CTA	L	CTG	L	280
PB2|PP755596.1|A/cattle/Texas/24-008749-003/2024(H5N1)	864	A	G	1	1	34	2211	969	33	0.999548	2212	0	TRUE	PB2:cds-XAJ25426.1	CAA	Q	CAG	Q	288
PB2|PP755596.1|A/cattle/Texas/24-008749-003/2024(H5N1)	870	A	G	0	0	0	2207	942	33	1	2207	0	TRUE	PB2:cds-XAJ25426.1	GGA	G	GGG	G	290
PB2|PP755596.1|A/cattle/Texas/24-008749-003/2024(H5N1)	885	A	C	0	0	0	2086	871	33	1	2086	0	TRUE	PB2:cds-XAJ25426.1	GTA	V	GTC	V	295
PB2|PP755596.1|A/cattle/Texas/24-008749-003/2024(H5N1)	891	T	C	2	1	34	2027	840	33	0.999014	2029	0	TRUE	PB2:cds-XAJ25426.1	ATT	I	ATC	I	297
PB2|PP755596.1|A/cattle/Texas/24-008749-003/2024(H5N1)	897	G	A	2	0	34	2044	883	33	0.999022	2046	0	TRUE	PB2:cds-XAJ25426.1	CGG	R	CGA	R	299
PB2|PP755596.1|A/cattle/Texas/24-008749-003/2024(H5N1)	909	G	A	0	0	0	2119	1022	33	1	2119	0	TRUE	PB2:cds-XAJ25426.1	ACG	T	ACA	T	303
PB2|PP755596.1|A/cattle/Texas/24-008749-003/2024(H5N1)	936	G	A	3	1	34	1896	1123	31	0.99737	1901	0	TRUE	PB2:cds-XAJ25426.1	AAG	K	AAA	K	312
PB2|PP755596.1|A/cattle/Texas/24-008749-003/2024(H5N1)	966	G	T	0	0	0	2614	1213	33	0.999235	2616	0	TRUE	PB2:cds-XAJ25426.1	TCG	S	TCT	S	322
PB2|PP755596.1|A/cattle/Texas/24-008749-003/2024(H5N1)	1020	G	A	2	1	34	2244	1379	33	0.998665	2247	0	TRUE	PB2:cds-XAJ25426.1	AGG	R	AGA	R	340
PB2|PP755596.1|A/cattle/Texas/24-008749-003/2024(H5N1)	1029	G	A	0	0	0	2357	1377	33	1	2357	0	TRUE	PB2:cds-XAJ25426.1	GAG	E	GAA	E	343
PB2|PP755596.1|A/cattle/Texas/24-008749-003/2024(H5N1)	1050	A	G	0	0	0	2509	1405	33	1	2509	0	TRUE	PB2:cds-XAJ25426.1	CAA	Q	CAG	Q	350
PB2|PP755596.1|A/cattle/Texas/24-008749-003/2024(H5N1)	1054	T	C	0	0	0	2359	1268	33	1	2359	0	TRUE	PB2:cds-XAJ25426.1	TTG	L	CTG	L	352
PB2|PP755596.1|A/cattle/Texas/24-008749-003/2024(H5N1)	1085	G	A	3	1	34	2015	1092	32	0.998019	2019	0	TRUE	PB2:cds-XAJ25426.1	GGG	G	GAG	E	362
PB2|PP755596.1|A/cattle/Texas/24-008749-003/2024(H5N1)	1092	T	A	0	0	0	2220	1179	33	1	2220	0	TRUE	PB2:cds-XAJ25426.1	ACT	T	ACA	T	364
PB2|PP755596.1|A/cattle/Texas/24-008749-003/2024(H5N1)	1104	A	G	1	1	34	2232	1171	33	0.999552	2233	0	TRUE	PB2:cds-XAJ25426.1	AGA	R	AGG	R	368
PB2|PP755596.1|A/cattle/Texas/24-008749-003/2024(H5N1)	1116	C	T	2	0	34	2178	1062	33	0.999083	2180	0	TRUE	PB2:cds-XAJ25426.1	GCC	A	GCT	A	372
PB2|PP755596.1|A/cattle/Texas/24-008749-003/2024(H5N1)	1122	C	T	0	0	0	2272	1120	33	1	2272	0	TRUE	PB2:cds-XAJ25426.1	CTC	L	CTT	L	374
PB2|PP755596.1|A/cattle/Texas/24-008749-003/2024(H5N1)	1128	A	G	0	0	0	2211	1057	33	1	2211	0	TRUE	PB2:cds-XAJ25426.1	AAA	K	AAG	K	376
PB2|PP755596.1|A/cattle/Texas/24-008749-003/2024(H5N1)	1136	G	A	0	0	0	2205	1066	33	1	2205	0	TRUE	PB2:cds-XAJ25426.1	AGA	R	AAA	K	379
PB2|PP755596.1|A/cattle/Texas/24-008749-003/2024(H5N1)	1141	C	T	0	0	0	2163	976	33	1	2163	0	TRUE	PB2:cds-XAJ25426.1	CTG	L	TTG	L	381
PB2|PP755596.1|A/cattle/Texas/24-008749-003/2024(H5N1)	1146	T	C	0	0	0	2261	1087	33	1	2261	0	TRUE	PB2:cds-XAJ25426.1	ATT	I	ATC	I	382
PB2|PP755596.1|A/cattle/Texas/24-008749-003/2024(H5N1)	1161	T	C	1	1	34	2274	1034	33	0.998682	2277	0	TRUE	PB2:cds-XAJ25426.1	AGT	S	AGC	S	387
PB2|PP755596.1|A/cattle/Texas/24-008749-003/2024(H5N1)	1167	G	A	2	1	34	2137	1094	32	0.999065	2139	0	TRUE	PB2:cds-XAJ25426.1	AGG	R	AGA	R	389
PB2|PP755596.1|A/cattle/Texas/24-008749-003/2024(H5N1)	1173	A	G	3	2	34	2395	1085	33	0.998749	2398	0	TRUE	PB2:cds-XAJ25426.1	GAA	E	GAG	E	391
PB2|PP755596.1|A/cattle/Texas/24-008749-003/2024(H5N1)	1197	C	T	0	0	0	2301	1044	33	1	2301	0	TRUE	PB2:cds-XAJ25426.1	ATC	I	ATT	I	399
PB2|PP755596.1|A/cattle/Texas/24-008749-003/2024(H5N1)	1218	A	G	0	0	0	2142	1008	33	1	2142	0	TRUE	PB2:cds-XAJ25426.1	CAA	Q	CAG	Q	406
PB2|PP755596.1|A/cattle/Texas/24-008749-003/2024(H5N1)	1221	G	A	2	1	34	2181	1026	33	0.999084	2183	0	TRUE	PB2:cds-XAJ25426.1	GAG	E	GAA	E	407
PB2|PP755596.1|A/cattle/Texas/24-008749-003/2024(H5N1)	1233	A	C	0	0	0	2479	1097	33	1	2479	0	TRUE	PB2:cds-XAJ25426.1	ATA	I	ATC	I	411
PB2|PP755596.1|A/cattle/Texas/24-008749-003/2024(H5N1)	1252	C	T	1	0	34	2348	1025	33	0.999574	2349	0	TRUE	PB2:cds-XAJ25426.1	CTG	L	TTG	L	418
PB2|PP755596.1|A/cattle/Texas/24-008749-003/2024(H5N1)	1257	C	T	0	0	0	2356	1045	33	1	2356	0	TRUE	PB2:cds-XAJ25426.1	AAC	N	AAT	N	419
PB2|PP755596.1|A/cattle/Texas/24-008749-003/2024(H5N1)	1263	C	T	2	0	34	2234	1008	33	0.999106	2236	0	TRUE	PB2:cds-XAJ25426.1	GTC	V	GTT	V	421
PB2|PP755596.1|A/cattle/Texas/24-008749-003/2024(H5N1)	1266	C	T	1	1	34	2314	1072	33	0.999568	2315	0	TRUE	PB2:cds-XAJ25426.1	AAC	N	AAT	N	422
PB2|PP755596.1|A/cattle/Texas/24-008749-003/2024(H5N1)	1275	T	C	1	0	34	2379	1149	33	0.99958	2380	0	TRUE	PB2:cds-XAJ25426.1	AAT	N	AAC	N	425
PB2|PP755596.1|A/cattle/Texas/24-008749-003/2024(H5N1)	1299	G	A	0	0	0	1841	1319	32	0.999457	1842	0	TRUE	PB2:cds-XAJ25426.1	CAG	Q	CAA	Q	433
PB2|PP755596.1|A/cattle/Texas/24-008749-003/2024(H5N1)	1321	A	G	0	0	0	2485	1257	33	1	2485	0	TRUE	PB2:cds-XAJ25426.1	AAT	N	GAT	D	441
PB2|PP755596.1|A/cattle/Texas/24-008749-003/2024(H5N1)	1326	A	T	0	0	0	2646	1416	33	0.999622	2647	0	TRUE	PB2:cds-XAJ25426.1	GCA	A	GCT	A	442
PB2|PP755596.1|A/cattle/Texas/24-008749-003/2024(H5N1)	1344	T	C	0	0	0	2687	1561	33	1	2687	0	TRUE	PB2:cds-XAJ25426.1	AAT	N	AAC	N	448
PB2|PP755596.1|A/cattle/Texas/24-008749-003/2024(H5N1)	1356	G	A	4	3	34	2615	1530	33	0.998473	2619	0	TRUE	PB2:cds-XAJ25426.1	GAG	E	GAA	E	452
PB2|PP755596.1|A/cattle/Texas/24-008749-003/2024(H5N1)	1377	A	G	1	1	34	2391	1372	33	0.999582	2392	0	TRUE	PB2:cds-XAJ25426.1	GGA	G	GGG	G	459
PB2|PP755596.1|A/cattle/Texas/24-008749-003/2024(H5N1)	1383	C	T	2	2	34	2319	1387	33	0.999138	2321	0	TRUE	PB2:cds-XAJ25426.1	ATC	I	ATT	I	461
PB2|PP755596.1|A/cattle/Texas/24-008749-003/2024(H5N1)	1395	T	C	3	3	34	2318	1426	33	0.998707	2321	0	TRUE	PB2:cds-XAJ25426.1	CCT	P	CCC	P	465
PB2|PP755596.1|A/cattle/Texas/24-008749-003/2024(H5N1)	1404	T	C	0	0	0	2180	1324	33	1	2180	0	TRUE	PB2:cds-XAJ25426.1	ACT	T	ACC	T	468
PB2|PP755596.1|A/cattle/Texas/24-008749-003/2024(H5N1)	1409	G	A	0	0	0	1989	1322	32	1	1989	0	TRUE	PB2:cds-XAJ25426.1	AGT	S	AAT	N	470
PB2|PP755596.1|A/cattle/Texas/24-008749-003/2024(H5N1)	1410	T	C	0	0	0	2194	1319	33	1	2194	0	TRUE	PB2:cds-XAJ25426.1	AGT	S	AGC	S	470
PB2|PP755596.1|A/cattle/Texas/24-008749-003/2024(H5N1)	1423	C	T	0	0	0	2277	1365	33	1	2277	0	TRUE	PB2:cds-XAJ25426.1	CTG	L	TTG	L	475
PB2|PP755596.1|A/cattle/Texas/24-008749-003/2024(H5N1)	1431	A	G	2	0	34	2277	1297	33	0.998684	2280	0	TRUE	PB2:cds-XAJ25426.1	GGA	G	GGG	G	477
PB2|PP755596.1|A/cattle/Texas/24-008749-003/2024(H5N1)	1437	A	G	0	0	0	2258	1147	33	1	2258	0	TRUE	PB2:cds-XAJ25426.1	AGA	R	AGG	R	479
PB2|PP755596.1|A/cattle/Texas/24-008749-003/2024(H5N1)	1477	C	A	0	0	0	1441	596	33	1	1441	0	TRUE	PB2:cds-XAJ25426.1	CGG	R	AGG	R	493
PB2|PP755596.1|A/cattle/Texas/24-008749-003/2024(H5N1)	1479	G	A	1	0	34	1390	584	32	0.999281	1391	0	TRUE	PB2:cds-XAJ25426.1	CGG	R	CGA	R	493
PB2|PP755596.1|A/cattle/Texas/24-008749-003/2024(H5N1)	1482	A	G	0	0	0	1500	540	33	1	1500	0	TRUE	PB2:cds-XAJ25426.1	GTA	V	GTG	V	494
PB2|PP755596.1|A/cattle/Texas/24-008749-003/2024(H5N1)	1483	A	G	1	1	34	1444	481	33	0.999308	1445	0	TRUE	PB2:cds-XAJ25426.1	ATA	I	GTA	V	495
PB2|PP755596.1|A/cattle/Texas/24-008749-003/2024(H5N1)	1485	A	G	0	0	0	1455	486	33	1	1455	0	TRUE	PB2:cds-XAJ25426.1	ATA	I	ATG	M	495
PB2|PP755596.1|A/cattle/Texas/24-008749-003/2024(H5N1)	1488	A	G	0	0	0	1573	600	33	1	1573	0	TRUE	PB2:cds-XAJ25426.1	GTA	V	GTG	V	496
PB2|PP755596.1|A/cattle/Texas/24-008749-003/2024(H5N1)	1515	A	G	0	0	0	2598	1187	33	1	2598	0	TRUE	PB2:cds-XAJ25426.1	CGA	R	CGG	R	505
PB2|PP755596.1|A/cattle/Texas/24-008749-003/2024(H5N1)	1524	G	A	1	0	34	2575	1167	33	0.999612	2576	0	TRUE	PB2:cds-XAJ25426.1	CGG	R	CGA	R	508
PB2|PP755596.1|A/cattle/Texas/24-008749-003/2024(H5N1)	1537	C	T	0	0	0	2749	1199	33	1	2749	0	TRUE	PB2:cds-XAJ25426.1	CTG	L	TTG	L	513
PB2|PP755596.1|A/cattle/Texas/24-008749-003/2024(H5N1)	1545	C	A	0	0	0	2600	1070	33	0.999616	2601	0	TRUE	PB2:cds-XAJ25426.1	CCC	P	CCA	P	515
PB2|PP755596.1|A/cattle/Texas/24-008749-003/2024(H5N1)	1569	A	G	0	0	0	2646	1152	33	1	2646	0	TRUE	PB2:cds-XAJ25426.1	GGA	G	GGG	G	523
PB2|PP755596.1|A/cattle/Texas/24-008749-003/2024(H5N1)	1599	A	G	2	1	34	2501	1235	33	0.999201	2503	0	TRUE	PB2:cds-XAJ25426.1	TCA	S	TCG	S	533
PB2|PP755596.1|A/cattle/Texas/24-008749-003/2024(H5N1)	1623	T	A	0	0	0	2304	1289	33	1	2304	0	TRUE	PB2:cds-XAJ25426.1	GGT	G	GGA	G	541
PB2|PP755596.1|A/cattle/Texas/24-008749-003/2024(H5N1)	1629	G	A	0	0	0	2295	1407	33	1	2295	0	TRUE	PB2:cds-XAJ25426.1	GAG	E	GAA	E	543
PB2|PP755596.1|A/cattle/Texas/24-008749-003/2024(H5N1)	1635	G	A	0	0	0	2319	1447	33	1	2319	0	TRUE	PB2:cds-XAJ25426.1	GTG	V	GTA	V	545
PB2|PP755596.1|A/cattle/Texas/24-008749-003/2024(H5N1)	1644	T	C	0	0	0	2469	1405	33	1	2469	0	TRUE	PB2:cds-XAJ25426.1	AAT	N	AAC	N	548
PB2|PP755596.1|A/cattle/Texas/24-008749-003/2024(H5N1)	1659	A	C	0	0	0	2422	1272	33	1	2422	0	TRUE	PB2:cds-XAJ25426.1	ATA	I	ATC	I	553
PB2|PP755596.1|A/cattle/Texas/24-008749-003/2024(H5N1)	1677	A	T	0	0	0	2183	1223	33	1	2183	0	TRUE	PB2:cds-XAJ25426.1	ACA	T	ACT	T	559
PB2|PP755596.1|A/cattle/Texas/24-008749-003/2024(H5N1)	1680	A	G	2	1	34	2217	1238	33	0.999099	2219	0	TRUE	PB2:cds-XAJ25426.1	GTA	V	GTG	V	560
PB2|PP755596.1|A/cattle/Texas/24-008749-003/2024(H5N1)	1686	T	C	6	3	32	2222	1273	33	0.997307	2228	0	TRUE	PB2:cds-XAJ25426.1	ATT	I	ATC	I	562
PB2|PP755596.1|A/cattle/Texas/24-008749-003/2024(H5N1)	1698	A	G	0	0	0	2324	1341	33	0.99957	2325	0	TRUE	PB2:cds-XAJ25426.1	CAA	Q	CAG	Q	566
PB2|PP755596.1|A/cattle/Texas/24-008749-003/2024(H5N1)	1713	G	A	0	0	0	2346	1341	32	1	2346	0	TRUE	PB2:cds-XAJ25426.1	TTG	L	TTA	L	571
PB2|PP755596.1|A/cattle/Texas/24-008749-003/2024(H5N1)	1728	G	A	2	1	34	2334	1267	33	0.999144	2336	0	TRUE	PB2:cds-XAJ25426.1	GAG	E	GAA	E	576
PB2|PP755596.1|A/cattle/Texas/24-008749-003/2024(H5N1)	1752	C	A	0	0	0	2403	1302	33	0.999168	2405	0	TRUE	PB2:cds-XAJ25426.1	GTC	V	GTA	V	584
PB2|PP755596.1|A/cattle/Texas/24-008749-003/2024(H5N1)	1758	G	A	1	1	34	2305	1229	32	0.999133	2307	0	TRUE	PB2:cds-XAJ25426.1	AAG	K	AAA	K	586
PB2|PP755596.1|A/cattle/Texas/24-008749-003/2024(H5N1)	1767	G	A	0	0	0	2270	1256	33	1	2270	0	TRUE	PB2:cds-XAJ25426.1	AGG	R	AGA	R	589
PB2|PP755596.1|A/cattle/Texas/24-008749-003/2024(H5N1)	1782	G	A	1	0	34	2320	1090	33	0.999569	2321	0	TRUE	PB2:cds-XAJ25426.1	GGG	G	GGA	G	594
PB2|PP755596.1|A/cattle/Texas/24-008749-003/2024(H5N1)	1797	A	G	2	0	34	2224	1082	33	0.999102	2226	0	TRUE	PB2:cds-XAJ25426.1	CTA	L	CTG	L	599
PB2|PP755596.1|A/cattle/Texas/24-008749-003/2024(H5N1)	1800	T	C	3	1	34	2210	1089	33	0.998644	2213	0	TRUE	PB2:cds-XAJ25426.1	TTT	F	TTC	F	600
PB2|PP755596.1|A/cattle/Texas/24-008749-003/2024(H5N1)	1821	T	C	1	1	34	2443	1159	33	0.999591	2444	0	TRUE	PB2:cds-XAJ25426.1	CTT	L	CTC	L	607
PB2|PP755596.1|A/cattle/Texas/24-008749-003/2024(H5N1)	1842	G	A	0	0	0	2511	1118	33	1	2511	0	TRUE	PB2:cds-XAJ25426.1	CAG	Q	CAA	Q	614
PB2|PP755596.1|A/cattle/Texas/24-008749-003/2024(H5N1)	1854	T	C	0	0	0	2509	1194	33	1	2509	0	TRUE	PB2:cds-XAJ25426.1	CTT	L	CTC	L	618
PB2|PP755596.1|A/cattle/Texas/24-008749-003/2024(H5N1)	1878	G	A	0	0	0	2613	1216	33	1	2613	0	TRUE	PB2:cds-XAJ25426.1	CCG	P	CCA	P	626
PB2|PP755596.1|A/cattle/Texas/24-008749-003/2024(H5N1)	1891	C	A	0	0	0	2538	1155	33	0.999606	2539	0	TRUE	PB2:cds-XAJ25426.1	CTG	L	ATG	M	631
PB2|PP755596.1|A/cattle/Texas/24-008749-003/2024(H5N1)	1905	T	C	2	1	34	2459	1087	33	0.999187	2461	0	TRUE	PB2:cds-XAJ25426.1	TCT	S	TCC	S	635
PB2|PP755596.1|A/cattle/Texas/24-008749-003/2024(H5N1)	1911	T	C	3	1	34	2481	1155	33	0.998792	2484	0	TRUE	PB2:cds-XAJ25426.1	ACT	T	ACC	T	637
PB2|PP755596.1|A/cattle/Texas/24-008749-003/2024(H5N1)	1914	G	A	0	0	0	2485	1161	33	0.999598	2486	0	TRUE	PB2:cds-XAJ25426.1	GTG	V	GTA	V	638
PB2|PP755596.1|A/cattle/Texas/24-008749-003/2024(H5N1)	1920	G	A	3	3	34	2358	1179	33	0.998729	2361	0	TRUE	PB2:cds-XAJ25426.1	GTG	V	GTA	V	640
PB2|PP755596.1|A/cattle/Texas/24-008749-003/2024(H5N1)	1945	A	G	2	1	34	2417	1211	33	0.999173	2419	0	TRUE	PB2:cds-XAJ25426.1	ATA	I	GTA	V	649
PB2|PP755596.1|A/cattle/Texas/24-008749-003/2024(H5N1)	1947	A	T	0	0	0	2406	1200	33	1	2406	0	TRUE	PB2:cds-XAJ25426.1	ATA	I	ATT	I	649
PB2|PP755596.1|A/cattle/Texas/24-008749-003/2024(H5N1)	1959	T	C	3	2	34	2476	1173	33	0.998387	2480	0	TRUE	PB2:cds-XAJ25426.1	TCT	S	TCC	S	653
PB2|PP755596.1|A/cattle/Texas/24-008749-003/2024(H5N1)	2026	G	A	0	0	0	2821	1451	33	1	2821	0	TRUE	PB2:cds-XAJ25426.1	GCC	A	ACC	T	676
PB2|PP755596.1|A/cattle/Texas/24-008749-003/2024(H5N1)	2058	G	A	0	0	0	2914	1452	33	1	2914	0	TRUE	PB2:cds-XAJ25426.1	GTG	V	GTA	V	686
PB2|PP755596.1|A/cattle/Texas/24-008749-003/2024(H5N1)	2071	T	C	1	0	34	2889	1320	33	0.999654	2890	0	TRUE	PB2:cds-XAJ25426.1	TTA	L	CTA	L	691
PB2|PP755596.1|A/cattle/Texas/24-008749-003/2024(H5N1)	2122	C	T	0	0	0	2923	1531	33	1	2923	0	TRUE	PB2:cds-XAJ25426.1	CTG	L	TTG	L	708
PB2|PP755596.1|A/cattle/Texas/24-008749-003/2024(H5N1)	2145	T	+C	2514	1181	32	53	0	20	0.0178571	2968	0.000613594	TRUE	NA	NA	NA	NA	NA	NA
PB2|PP755596.1|A/cattle/Texas/24-008749-003/2024(H5N1)	2146	T	C	52	1	32	2713	1431	33	0.981193	2765	0	TRUE	PB2:cds-XAJ25426.1	TTG	L	CTG	L	716
PB2|PP755596.1|A/cattle/Texas/24-008749-003/2024(H5N1)	2148	G	T	51	3	28	2768	1502	33	0.981908	2819	0	TRUE	PB2:cds-XAJ25426.1	TTG	L	TTT	F	716
PB2|PP755596.1|A/cattle/Texas/24-008749-003/2024(H5N1)	2202	G	A	0	0	0	2891	1915	33	1	2891	0	TRUE	PB2:cds-XAJ25426.1	GTG	V	GTA	V	734
PB2|PP755596.1|A/cattle/Texas/24-008749-003/2024(H5N1)	2259	A	G	1	1	34	1687	1206	33	0.999408	1688	0	TRUE	PB2:cds-XAJ25426.1	AGA	R	AGG	R	753
