REGION	POS	REF	ALT	REF_DP	REF_RV	REF_QUAL	ALT_DP	ALT_RV	ALT_QUAL	ALT_FREQ	TOTAL_DP	PVAL	PASS	GFF_FEATURE	REF_CODON	REF_AA	ALT_CODON	ALT_AA	POS_AA
HA|PP755581.1|A/cattle/Texas/24-008749-002/2024(H5N1)	465	A	G	3	1	33	6915	3530	33	0.999566	6918	0	TRUE	NA	NA	NA	NA	NA	NA
HA|PP755581.1|A/cattle/Texas/24-008749-002/2024(H5N1)	651	G	A	3	2	31	6927	3054	33	0.999567	6930	0	TRUE	NA	NA	NA	NA	NA	NA
HA|PP755581.1|A/cattle/Texas/24-008749-002/2024(H5N1)	1227	G	A	12	3	34	11298	4421	33	0.998939	11310	0	TRUE	NA	NA	NA	NA	NA	NA
HA|PP755581.1|A/cattle/Texas/24-008749-002/2024(H5N1)	1275	G	A	1	0	34	11249	5329	33	0.999911	11250	0	TRUE	NA	NA	NA	NA	NA	NA
HA|PP755581.1|A/cattle/Texas/24-008749-002/2024(H5N1)	1431	A	G	3	2	34	12923	5839	33	0.999768	12926	0	TRUE	NA	NA	NA	NA	NA	NA
