REGION	POS	REF	ALT	REF_DP	REF_RV	REF_QUAL	ALT_DP	ALT_RV	ALT_QUAL	ALT_FREQ	TOTAL_DP	PVAL	PASS	GFF_FEATURE	REF_CODON	REF_AA	ALT_CODON	ALT_AA	POS_AA
NA|PP755591.1|A/cattle/Texas/24-008749-003/2024(H5N1)	196	T	C	1652	807	32	25	12	31	0.0149076	1677	6.02438e-08	TRUE	NA:cds-XAJ25418.1	TAT	Y	CAT	H	66
NA|PP755591.1|A/cattle/Texas/24-008749-003/2024(H5N1)	212	G	A	0	0	0	1740	863	33	1	1740	0	TRUE	NA:cds-XAJ25418.1	AGT	S	AAT	N	71
NA|PP755591.1|A/cattle/Texas/24-008749-003/2024(H5N1)	1290	G	C	1609	632	31	22	22	23	0.0134721	1633	0.192972	FALSE	NA:cds-XAJ25418.1	AGG	R	AGC	S	430
