REGION	POS	REF	ALT	REF_DP	REF_RV	REF_QUAL	ALT_DP	ALT_RV	ALT_QUAL	ALT_FREQ	TOTAL_DP	PVAL	PASS	GFF_FEATURE	REF_CODON	REF_AA	ALT_CODON	ALT_AA	POS_AA
PB1|PP755587.1|A/cattle/Texas/24-008749-002/2024(H5N1)	124	A	-AATTCTTCCCTAG	181	44	24	1164	0	20	0.616199	1889	0	TRUE	NA	NA	NA	NA	NA	NA
PB1|PP755587.1|A/cattle/Texas/24-008749-002/2024(H5N1)	143	C	A	0	0	0	881	412	25	1	881	0	TRUE	NA	NA	NA	NA	NA	NA
PB1|PP755587.1|A/cattle/Texas/24-008749-002/2024(H5N1)	145	T	C	0	0	0	885	414	25	1	885	0	TRUE	NA	NA	NA	NA	NA	NA
PB1|PP755587.1|A/cattle/Texas/24-008749-002/2024(H5N1)	147	C	G	7	4	28	875	411	25	0.989819	884	0	TRUE	NA	NA	NA	NA	NA	NA
PB1|PP755587.1|A/cattle/Texas/24-008749-002/2024(H5N1)	149	G	A	2	1	34	880	415	25	0.997732	882	0	TRUE	NA	NA	NA	NA	NA	NA
PB1|PP755587.1|A/cattle/Texas/24-008749-002/2024(H5N1)	150	G	C	2	1	34	871	414	25	0.997709	873	0	TRUE	NA	NA	NA	NA	NA	NA
PB1|PP755587.1|A/cattle/Texas/24-008749-002/2024(H5N1)	358	A	G	2793	1676	33	60	30	33	0.0210305	2853	8.05905e-17	TRUE	NA	NA	NA	NA	NA	NA
PB1|PP755587.1|A/cattle/Texas/24-008749-002/2024(H5N1)	1163	T	C	0	0	0	2830	1550	33	0.998589	2834	0	TRUE	NA	NA	NA	NA	NA	NA
