REGION	POS	REF	ALT	REF_DP	REF_RV	REF_QUAL	ALT_DP	ALT_RV	ALT_QUAL	ALT_FREQ	TOTAL_DP	PVAL	PASS	GFF_FEATURE	REF_CODON	REF_AA	ALT_CODON	ALT_AA	POS_AA
HA|PP755589.1|A/cattle/Texas/24-008749-003/2024(H5N1)	6	G	T	24	2	38	1	0	39	0.04	25	0.367647	FALSE	HA:cds-XAJ25415.1	GAG	E	GAT	D	2
HA|PP755589.1|A/cattle/Texas/24-008749-003/2024(H5N1)	110	A	G	135	51	38	2	1	39	0.0145985	137	0.216294	FALSE	HA:cds-XAJ25415.1	GAA	E	GGA	G	37
HA|PP755589.1|A/cattle/Texas/24-008749-003/2024(H5N1)	114	G	A	141	54	38	2	1	39	0.013986	143	0.221909	FALSE	HA:cds-XAJ25415.1	AAG	K	AAA	K	38
HA|PP755589.1|A/cattle/Texas/24-008749-003/2024(H5N1)	117	C	T	142	59	37	2	1	38	0.0138889	144	0.222088	FALSE	HA:cds-XAJ25415.1	AAC	N	AAT	N	39
HA|PP755589.1|A/cattle/Texas/24-008749-003/2024(H5N1)	148	G	-A	183	81	38	3	0	20	0.0153846	195	0.295846	FALSE	NA	NA	NA	NA	NA	NA
HA|PP755589.1|A/cattle/Texas/24-008749-003/2024(H5N1)	158	A	G	193	81	37	2	1	31	0.0102564	195	0.232354	FALSE	HA:cds-XAJ25415.1	CAC	H	CGC	R	53
HA|PP755589.1|A/cattle/Texas/24-008749-003/2024(H5N1)	171	A	C	0	0	0	205	87	38	1	205	5.48404e-126	TRUE	HA:cds-XAJ25415.1	CTA	L	CTC	L	57
HA|PP755589.1|A/cattle/Texas/24-008749-003/2024(H5N1)	174	C	T	0	0	0	203	87	38	1	203	4.49788e-125	TRUE	HA:cds-XAJ25415.1	TGC	C	TGT	C	58
HA|PP755589.1|A/cattle/Texas/24-008749-003/2024(H5N1)	177	C	T	0	0	0	206	87	38	1	206	7.06098e-127	TRUE	HA:cds-XAJ25415.1	GAC	D	GAT	D	59
HA|PP755589.1|A/cattle/Texas/24-008749-003/2024(H5N1)	195	A	T	0	0	0	219	97	38	0.99095	221	2.0516e-136	TRUE	HA:cds-XAJ25415.1	CCA	P	CCT	P	65
HA|PP755589.1|A/cattle/Texas/24-008749-003/2024(H5N1)	210	C	T	0	0	0	269	110	38	1	269	1.34861e-163	TRUE	HA:cds-XAJ25415.1	GAC	D	GAT	D	70
HA|PP755589.1|A/cattle/Texas/24-008749-003/2024(H5N1)	213	C	T	0	0	0	259	110	38	1	259	1.271e-159	TRUE	HA:cds-XAJ25415.1	TGC	C	TGT	C	71
HA|PP755589.1|A/cattle/Texas/24-008749-003/2024(H5N1)	279	T	C	0	0	0	254	117	38	1	254	1.29445e-156	TRUE	HA:cds-XAJ25415.1	TCT	S	TCC	S	93
HA|PP755589.1|A/cattle/Texas/24-008749-003/2024(H5N1)	392	A	T	0	0	0	305	147	38	1	305	3.01748e-185	TRUE	HA:cds-XAJ25415.1	CAG	Q	CTG	L	131
HA|PP755589.1|A/cattle/Texas/24-008749-003/2024(H5N1)	468	A	G	0	0	0	304	146	36	1	304	2.10278e-186	TRUE	HA:cds-XAJ25415.1	GCA	A	GCG	A	156
HA|PP755589.1|A/cattle/Texas/24-008749-003/2024(H5N1)	549	T	C	0	0	0	271	114	37	1	271	1.0495e-167	TRUE	HA:cds-XAJ25415.1	ACT	T	ACC	T	183
HA|PP755589.1|A/cattle/Texas/24-008749-003/2024(H5N1)	561	T	C	282	116	37	3	1	33	0.0104895	286	0.109293	FALSE	HA:cds-XAJ25415.1	GAT	D	GAC	D	187
HA|PP755589.1|A/cattle/Texas/24-008749-003/2024(H5N1)	632	T	C	0	0	0	413	180	37	1	413	1.80075e-257	TRUE	HA:cds-XAJ25415.1	ATC	I	ACC	T	211
HA|PP755589.1|A/cattle/Texas/24-008749-003/2024(H5N1)	636	C	T	0	0	0	410	176	37	1	410	4.42938e-257	TRUE	HA:cds-XAJ25415.1	ACC	T	ACT	T	212
HA|PP755589.1|A/cattle/Texas/24-008749-003/2024(H5N1)	651	G	A	0	0	0	413	202	38	1	413	3.51513e-255	TRUE	HA:cds-XAJ25415.1	GGG	G	GGA	G	217
HA|PP755589.1|A/cattle/Texas/24-008749-003/2024(H5N1)	729	C	T	0	0	0	457	229	37	1	457	1.11325e-283	TRUE	HA:cds-XAJ25415.1	GAC	D	GAT	D	243
HA|PP755589.1|A/cattle/Texas/24-008749-003/2024(H5N1)	780	C	T	0	0	0	402	212	38	1	402	1.56482e-246	TRUE	HA:cds-XAJ25415.1	AAC	N	AAT	N	260
HA|PP755589.1|A/cattle/Texas/24-008749-003/2024(H5N1)	819	T	C	0	0	0	371	228	37	1	371	3.9966e-226	TRUE	HA:cds-XAJ25415.1	GTT	V	GTC	V	273
HA|PP755589.1|A/cattle/Texas/24-008749-003/2024(H5N1)	834	G	A	1	1	38	366	207	38	0.997275	367	1.12166e-229	TRUE	HA:cds-XAJ25415.1	TCG	S	TCA	S	278
HA|PP755589.1|A/cattle/Texas/24-008749-003/2024(H5N1)	867	T	C	0	0	0	368	210	37	1	368	3.13178e-227	TRUE	HA:cds-XAJ25415.1	CAT	H	CAC	H	289
HA|PP755589.1|A/cattle/Texas/24-008749-003/2024(H5N1)	921	T	C	0	0	0	343	165	37	1	343	9.51027e-215	TRUE	HA:cds-XAJ25415.1	TTT	F	TTC	F	307
HA|PP755589.1|A/cattle/Texas/24-008749-003/2024(H5N1)	969	A	G	0	0	0	367	185	38	1	367	1.25211e-226	TRUE	HA:cds-XAJ25415.1	AAA	K	AAG	K	323
HA|PP755589.1|A/cattle/Texas/24-008749-003/2024(H5N1)	1038	T	C	0	0	0	333	148	37	1	333	5.57114e-214	TRUE	HA:cds-XAJ25415.1	GGT	G	GGC	G	346
HA|PP755589.1|A/cattle/Texas/24-008749-003/2024(H5N1)	1314	A	C	0	0	0	821	380	38	0.998783	822	0	TRUE	HA:cds-XAJ25415.1	ACA	T	ACC	T	438
HA|PP755589.1|A/cattle/Texas/24-008749-003/2024(H5N1)	1547	A	T	612	373	38	8	6	37	0.0129032	620	0.00360327	TRUE	HA:cds-XAJ25415.1	GAA	E	GTA	V	516
HA|PP755589.1|A/cattle/Texas/24-008749-003/2024(H5N1)	1557	C	T	0	0	0	496	283	37	1	496	4.11878e-313	TRUE	HA:cds-XAJ25415.1	AGC	S	AGT	S	519
HA|PP755589.1|A/cattle/Texas/24-008749-003/2024(H5N1)	1686	A	G	1	1	20	207	115	38	0.995192	208	1.39458e-124	TRUE	HA:cds-XAJ25415.1	CAA	Q	CAG	Q	562
