REGION	POS	REF	ALT	REF_DP	REF_RV	REF_QUAL	ALT_DP	ALT_RV	ALT_QUAL	ALT_FREQ	TOTAL_DP	PVAL	PASS	GFF_FEATURE	REF_CODON	REF_AA	ALT_CODON	ALT_AA	POS_AA
HA|A/dairy_cattle/Texas/24-008749-002-v/2024|EPI_ISL_19032063|2024-03-20|2.3.4.4b	651	g	A	1	1	25	1961	646	38	0.99949	1962	0	TRUE	NA	NA	NA	NA	NA	NA
HA|A/dairy_cattle/Texas/24-008749-002-v/2024|EPI_ISL_19032063|2024-03-20|2.3.4.4b	1010	c	T	6	5	33	1749	968	39	0.996014	1756	0	TRUE	NA	NA	NA	NA	NA	NA
HA|A/dairy_cattle/Texas/24-008749-002-v/2024|EPI_ISL_19032063|2024-03-20|2.3.4.4b	1251	c	T	2	2	25	2496	610	39	0.9988	2499	0	TRUE	NA	NA	NA	NA	NA	NA
HA|A/dairy_cattle/Texas/24-008749-002-v/2024|EPI_ISL_19032063|2024-03-20|2.3.4.4b	1431	a	G	1	0	37	3069	1273	39	0.999674	3070	0	TRUE	NA	NA	NA	NA	NA	NA
