REGION	POS	REF	ALT	REF_DP	REF_RV	REF_QUAL	ALT_DP	ALT_RV	ALT_QUAL	ALT_FREQ	TOTAL_DP	PVAL	PASS	GFF_FEATURE	REF_CODON	REF_AA	ALT_CODON	ALT_AA	POS_AA
PB2|PP755596.1|A/cattle/Texas/24-008749-003/2024(H5N1)	5	A	G	65	2	36	1	0	20	0.0151515	66	0.468085	FALSE	PB2:cds-XAJ25426.1	GAG	E	GGG	G	2
PB2|PP755596.1|A/cattle/Texas/24-008749-003/2024(H5N1)	21	G	A	0	0	0	99	8	36	1	99	3.93531e-61	TRUE	PB2:cds-XAJ25426.1	CTG	L	CTA	L	7
PB2|PP755596.1|A/cattle/Texas/24-008749-003/2024(H5N1)	60	A	G	0	0	0	181	21	37	1	181	2.0492e-112	TRUE	PB2:cds-XAJ25426.1	CTA	L	CTG	L	20
PB2|PP755596.1|A/cattle/Texas/24-008749-003/2024(H5N1)	96	G	A	0	0	0	227	40	38	1	227	1.39765e-144	TRUE	PB2:cds-XAJ25426.1	AAG	K	AAA	K	32
PB2|PP755596.1|A/cattle/Texas/24-008749-003/2024(H5N1)	108	A	G	0	0	0	261	46	36	1	261	1.52212e-162	TRUE	PB2:cds-XAJ25426.1	TCA	S	TCG	S	36
PB2|PP755596.1|A/cattle/Texas/24-008749-003/2024(H5N1)	114	A	G	0	0	0	260	49	37	1	260	4.5057e-163	TRUE	PB2:cds-XAJ25426.1	AGA	R	AGG	R	38
PB2|PP755596.1|A/cattle/Texas/24-008749-003/2024(H5N1)	120	A	G	0	0	0	275	50	37	1	275	7.97144e-170	TRUE	PB2:cds-XAJ25426.1	GAA	E	GAG	E	40
PB2|PP755596.1|A/cattle/Texas/24-008749-003/2024(H5N1)	129	T	C	0	0	0	292	52	37	1	292	9.15852e-180	TRUE	PB2:cds-XAJ25426.1	CCT	P	CCC	P	43
PB2|PP755596.1|A/cattle/Texas/24-008749-003/2024(H5N1)	171	C	T	1	1	37	343	76	38	0.997093	344	8.78552e-209	TRUE	PB2:cds-XAJ25426.1	ATC	I	ATT	I	57
PB2|PP755596.1|A/cattle/Texas/24-008749-003/2024(H5N1)	172	G	A	0	0	0	346	76	38	1	346	7.78949e-213	TRUE	PB2:cds-XAJ25426.1	GCA	A	ACA	T	58
PB2|PP755596.1|A/cattle/Texas/24-008749-003/2024(H5N1)	180	C	T	1	1	25	361	82	37	0.997238	362	6.82025e-222	TRUE	PB2:cds-XAJ25426.1	GAC	D	GAT	D	60
PB2|PP755596.1|A/cattle/Texas/24-008749-003/2024(H5N1)	207	A	G	0	0	0	406	114	37	1	406	2.96253e-251	TRUE	PB2:cds-XAJ25426.1	GAA	E	GAG	E	69
PB2|PP755596.1|A/cattle/Texas/24-008749-003/2024(H5N1)	222	A	G	0	0	0	375	123	36	1	375	8.92706e-246	TRUE	PB2:cds-XAJ25426.1	GGA	G	GGG	G	74
PB2|PP755596.1|A/cattle/Texas/24-008749-003/2024(H5N1)	228	C	T	0	0	0	364	118	37	1	364	1.09912e-225	TRUE	PB2:cds-XAJ25426.1	ACC	T	ACT	T	76
PB2|PP755596.1|A/cattle/Texas/24-008749-003/2024(H5N1)	240	G	A	0	0	0	349	128	37	1	349	3.30437e-219	TRUE	PB2:cds-XAJ25426.1	AAG	K	AAA	K	80
PB2|PP755596.1|A/cattle/Texas/24-008749-003/2024(H5N1)	246	T	C	0	0	0	355	131	37	1	355	1.14123e-217	TRUE	PB2:cds-XAJ25426.1	AAT	N	AAC	N	82
PB2|PP755596.1|A/cattle/Texas/24-008749-003/2024(H5N1)	261	T	C	0	0	0	333	124	37	1	333	1.88005e-206	TRUE	PB2:cds-XAJ25426.1	GAT	D	GAC	D	87
PB2|PP755596.1|A/cattle/Texas/24-008749-003/2024(H5N1)	264	A	G	329	123	36	4	2	35	0.012012	333	0.0550089	FALSE	PB2:cds-XAJ25426.1	CGA	R	CGG	R	88
PB2|PP755596.1|A/cattle/Texas/24-008749-003/2024(H5N1)	300	T	C	0	0	0	321	141	37	1	321	2.27942e-198	TRUE	PB2:cds-XAJ25426.1	AAT	N	AAC	N	100
PB2|PP755596.1|A/cattle/Texas/24-008749-003/2024(H5N1)	306	T	C	0	0	0	305	129	37	1	305	9.69797e-189	TRUE	PB2:cds-XAJ25426.1	AAT	N	AAC	N	102
PB2|PP755596.1|A/cattle/Texas/24-008749-003/2024(H5N1)	310	C	T	0	0	0	298	129	36	1	298	1.7661e-188	TRUE	PB2:cds-XAJ25426.1	CCA	P	TCA	S	104
PB2|PP755596.1|A/cattle/Texas/24-008749-003/2024(H5N1)	325	A	G	0	0	0	310	140	37	1	310	9.49838e-192	TRUE	PB2:cds-XAJ25426.1	ATT	I	GTT	V	109
PB2|PP755596.1|A/cattle/Texas/24-008749-003/2024(H5N1)	333	T	C	0	0	0	315	140	37	1	315	3.45649e-196	TRUE	PB2:cds-XAJ25426.1	TAT	Y	TAC	Y	111
PB2|PP755596.1|A/cattle/Texas/24-008749-003/2024(H5N1)	345	C	T	0	0	0	346	163	37	1	346	3.8989e-215	TRUE	PB2:cds-XAJ25426.1	TAC	Y	TAT	Y	115
PB2|PP755596.1|A/cattle/Texas/24-008749-003/2024(H5N1)	357	T	C	0	0	0	342	159	37	1	342	1.98801e-214	TRUE	PB2:cds-XAJ25426.1	TTT	F	TTC	F	119
PB2|PP755596.1|A/cattle/Texas/24-008749-003/2024(H5N1)	363	A	G	361	166	37	5	3	38	0.0136612	366	0.0258753	FALSE	PB2:cds-XAJ25426.1	AAA	K	AAG	K	121
PB2|PP755596.1|A/cattle/Texas/24-008749-003/2024(H5N1)	399	A	G	0	0	0	352	160	37	1	352	3.01474e-223	TRUE	PB2:cds-XAJ25426.1	GTA	V	GTG	V	133
PB2|PP755596.1|A/cattle/Texas/24-008749-003/2024(H5N1)	415	A	G	0	0	0	354	157	37	1	354	1.47651e-225	TRUE	PB2:cds-XAJ25426.1	ATT	I	GTT	V	139
PB2|PP755596.1|A/cattle/Texas/24-008749-003/2024(H5N1)	438	C	T	0	0	0	386	159	37	1	386	1.21082e-240	TRUE	PB2:cds-XAJ25426.1	GAC	D	GAT	D	146
PB2|PP755596.1|A/cattle/Texas/24-008749-003/2024(H5N1)	465	C	T	1	1	38	395	176	36	0.994962	397	1.90738e-245	TRUE	PB2:cds-XAJ25426.1	AGC	S	AGT	S	155
PB2|PP755596.1|A/cattle/Texas/24-008749-003/2024(H5N1)	483	C	T	0	0	0	441	196	37	1	441	6.67872e-275	TRUE	PB2:cds-XAJ25426.1	GAC	D	GAT	D	161
PB2|PP755596.1|A/cattle/Texas/24-008749-003/2024(H5N1)	498	T	C	0	0	0	466	200	37	1	466	8.59878e-287	TRUE	PB2:cds-XAJ25426.1	GTT	V	GTC	V	166
PB2|PP755596.1|A/cattle/Texas/24-008749-003/2024(H5N1)	504	T	C	0	0	0	457	189	37	1	457	2.24573e-281	TRUE	PB2:cds-XAJ25426.1	TTT	F	TTC	F	168
PB2|PP755596.1|A/cattle/Texas/24-008749-003/2024(H5N1)	522	G	A	0	0	0	456	197	37	1	456	8.6765e-285	TRUE	PB2:cds-XAJ25426.1	GCG	A	GCA	A	174
PB2|PP755596.1|A/cattle/Texas/24-008749-003/2024(H5N1)	525	A	G	0	0	0	460	198	37	1	460	8.99621e-286	TRUE	PB2:cds-XAJ25426.1	AGA	R	AGG	R	175
PB2|PP755596.1|A/cattle/Texas/24-008749-003/2024(H5N1)	529	C	T	0	0	0	471	197	36	1	471	2.40547e-288	TRUE	PB2:cds-XAJ25426.1	CTG	L	TTG	L	177
PB2|PP755596.1|A/cattle/Texas/24-008749-003/2024(H5N1)	540	A	G	0	0	0	487	220	36	1	487	3.85232e-299	TRUE	PB2:cds-XAJ25426.1	GAA	E	GAG	E	180
PB2|PP755596.1|A/cattle/Texas/24-008749-003/2024(H5N1)	547	T	C	0	0	0	479	218	36	1	479	1.28832e-294	TRUE	PB2:cds-XAJ25426.1	TTG	L	CTG	L	183
PB2|PP755596.1|A/cattle/Texas/24-008749-003/2024(H5N1)	552	A	G	0	0	0	480	219	37	1	480	1.57992e-297	TRUE	PB2:cds-XAJ25426.1	ACA	T	ACG	T	184
PB2|PP755596.1|A/cattle/Texas/24-008749-003/2024(H5N1)	564	A	G	0	0	0	462	220	37	1	462	2.10305e-286	TRUE	PB2:cds-XAJ25426.1	GAA	E	GAG	E	188
PB2|PP755596.1|A/cattle/Texas/24-008749-003/2024(H5N1)	567	G	A	2	1	29	463	219	38	0.995699	465	3.04268e-280	TRUE	PB2:cds-XAJ25426.1	AAG	K	AAA	K	189
PB2|PP755596.1|A/cattle/Texas/24-008749-003/2024(H5N1)	570	A	G	0	0	0	451	213	37	1	451	1.80231e-283	TRUE	PB2:cds-XAJ25426.1	AAA	K	AAG	K	190
PB2|PP755596.1|A/cattle/Texas/24-008749-003/2024(H5N1)	597	C	T	0	0	0	436	220	37	1	436	9.11124e-278	TRUE	PB2:cds-XAJ25426.1	GCC	A	GCT	A	199
PB2|PP755596.1|A/cattle/Texas/24-008749-003/2024(H5N1)	631	C	T	0	0	0	503	273	37	1	503	3.09026e-312	TRUE	PB2:cds-XAJ25426.1	CTG	L	TTG	L	211
PB2|PP755596.1|A/cattle/Texas/24-008749-003/2024(H5N1)	636	C	T	0	0	0	487	265	36	1	487	2.08419e-307	TRUE	PB2:cds-XAJ25426.1	GTC	V	GTT	V	212
PB2|PP755596.1|A/cattle/Texas/24-008749-003/2024(H5N1)	645	A	G	0	0	0	516	279	37	0.998066	517	0	TRUE	PB2:cds-XAJ25426.1	ACA	T	ACG	T	215
PB2|PP755596.1|A/cattle/Texas/24-008749-003/2024(H5N1)	651	C	T	0	0	0	502	262	36	1	502	6.50062e-314	TRUE	PB2:cds-XAJ25426.1	TTC	F	TTT	F	217
PB2|PP755596.1|A/cattle/Texas/24-008749-003/2024(H5N1)	669	A	G	0	0	0	492	258	37	1	492	1.82549e-304	TRUE	PB2:cds-XAJ25426.1	GGA	G	GGG	G	223
PB2|PP755596.1|A/cattle/Texas/24-008749-003/2024(H5N1)	705	C	T	0	0	0	435	240	37	1	435	6.00779e-275	TRUE	PB2:cds-XAJ25426.1	ACC	T	ACT	T	235
PB2|PP755596.1|A/cattle/Texas/24-008749-003/2024(H5N1)	711	A	G	0	0	0	469	259	37	1	469	7.04373e-295	TRUE	PB2:cds-XAJ25426.1	GGA	G	GGG	G	237
PB2|PP755596.1|A/cattle/Texas/24-008749-003/2024(H5N1)	732	T	C	0	0	0	479	254	37	1	479	2.37437e-296	TRUE	PB2:cds-XAJ25426.1	TAT	Y	TAC	Y	244
PB2|PP755596.1|A/cattle/Texas/24-008749-003/2024(H5N1)	738	A	G	1	1	38	471	249	36	0.997881	472	5.33299e-292	TRUE	PB2:cds-XAJ25426.1	CCA	P	CCG	P	246
PB2|PP755596.1|A/cattle/Texas/24-008749-003/2024(H5N1)	753	A	G	0	0	0	460	232	38	1	460	9.16543e-288	TRUE	PB2:cds-XAJ25426.1	AGA	R	AGG	R	251
PB2|PP755596.1|A/cattle/Texas/24-008749-003/2024(H5N1)	764	C	T	0	0	0	500	247	38	1	500	5.30152e-311	TRUE	PB2:cds-XAJ25426.1	GCA	A	GTA	V	255
PB2|PP755596.1|A/cattle/Texas/24-008749-003/2024(H5N1)	771	G	A	0	0	0	487	239	38	1	487	1.35485e-304	TRUE	PB2:cds-XAJ25426.1	CAG	Q	CAA	Q	257
PB2|PP755596.1|A/cattle/Texas/24-008749-003/2024(H5N1)	816	G	A	0	0	0	484	178	37	1	484	9.5752e-310	TRUE	PB2:cds-XAJ25426.1	GTG	V	GTA	V	272
PB2|PP755596.1|A/cattle/Texas/24-008749-003/2024(H5N1)	825	C	T	1	0	39	473	170	37	0.99789	474	2.06313e-303	TRUE	PB2:cds-XAJ25426.1	GAC	D	GAT	D	275
PB2|PP755596.1|A/cattle/Texas/24-008749-003/2024(H5N1)	852	C	T	0	0	0	557	221	37	1	557	0	TRUE	PB2:cds-XAJ25426.1	TGC	C	TGT	C	284
PB2|PP755596.1|A/cattle/Texas/24-008749-003/2024(H5N1)	870	A	G	0	0	0	553	235	37	1	553	0	TRUE	PB2:cds-XAJ25426.1	GGA	G	GGG	G	290
PB2|PP755596.1|A/cattle/Texas/24-008749-003/2024(H5N1)	891	T	C	0	0	0	609	228	37	1	609	0	TRUE	PB2:cds-XAJ25426.1	ATT	I	ATC	I	297
PB2|PP755596.1|A/cattle/Texas/24-008749-003/2024(H5N1)	909	G	A	0	0	0	619	220	37	1	619	0	TRUE	PB2:cds-XAJ25426.1	ACG	T	ACA	T	303
PB2|PP755596.1|A/cattle/Texas/24-008749-003/2024(H5N1)	927	C	T	0	0	0	636	237	37	1	636	0	TRUE	PB2:cds-XAJ25426.1	GAC	D	GAT	D	309
PB2|PP755596.1|A/cattle/Texas/24-008749-003/2024(H5N1)	966	G	T	0	0	0	671	263	38	1	671	0	TRUE	PB2:cds-XAJ25426.1	TCG	S	TCT	S	322
PB2|PP755596.1|A/cattle/Texas/24-008749-003/2024(H5N1)	1008	A	G	1	0	27	725	324	37	0.998623	726	0	TRUE	PB2:cds-XAJ25426.1	TCA	S	TCG	S	336
PB2|PP755596.1|A/cattle/Texas/24-008749-003/2024(H5N1)	1019	G	A	1	0	33	684	330	38	0.99854	685	0	TRUE	PB2:cds-XAJ25426.1	AGG	R	AAG	K	340
PB2|PP755596.1|A/cattle/Texas/24-008749-003/2024(H5N1)	1020	G	A	0	0	0	685	331	37	1	685	0	TRUE	PB2:cds-XAJ25426.1	AGG	R	AGA	R	340
PB2|PP755596.1|A/cattle/Texas/24-008749-003/2024(H5N1)	1029	G	A	1	0	39	689	335	37	0.998551	690	0	TRUE	PB2:cds-XAJ25426.1	GAG	E	GAA	E	343
PB2|PP755596.1|A/cattle/Texas/24-008749-003/2024(H5N1)	1035	T	A	1	0	33	697	329	38	0.998567	698	0	TRUE	PB2:cds-XAJ25426.1	CTT	L	CTA	L	345
PB2|PP755596.1|A/cattle/Texas/24-008749-003/2024(H5N1)	1038	G	A	1	1	39	683	326	38	0.998538	684	0	TRUE	PB2:cds-XAJ25426.1	ACG	T	ACA	T	346
PB2|PP755596.1|A/cattle/Texas/24-008749-003/2024(H5N1)	1085	G	A	0	0	0	585	281	37	1	585	0	TRUE	PB2:cds-XAJ25426.1	GGG	G	GAG	E	362
PB2|PP755596.1|A/cattle/Texas/24-008749-003/2024(H5N1)	1092	T	A	0	0	0	593	284	38	1	593	0	TRUE	PB2:cds-XAJ25426.1	ACT	T	ACA	T	364
PB2|PP755596.1|A/cattle/Texas/24-008749-003/2024(H5N1)	1101	A	G	2	1	39	555	271	37	0.996409	557	0	TRUE	PB2:cds-XAJ25426.1	GGA	G	GGG	G	367
PB2|PP755596.1|A/cattle/Texas/24-008749-003/2024(H5N1)	1146	T	C	0	0	0	592	281	37	0.998314	593	0	TRUE	PB2:cds-XAJ25426.1	ATT	I	ATC	I	382
PB2|PP755596.1|A/cattle/Texas/24-008749-003/2024(H5N1)	1164	A	G	0	0	0	585	290	37	1	585	0	TRUE	PB2:cds-XAJ25426.1	GGA	G	GGG	G	388
PB2|PP755596.1|A/cattle/Texas/24-008749-003/2024(H5N1)	1167	G	A	0	0	0	575	290	37	1	575	0	TRUE	PB2:cds-XAJ25426.1	AGG	R	AGA	R	389
PB2|PP755596.1|A/cattle/Texas/24-008749-003/2024(H5N1)	1173	A	G	0	0	0	619	313	37	1	619	0	TRUE	PB2:cds-XAJ25426.1	GAA	E	GAG	E	391
PB2|PP755596.1|A/cattle/Texas/24-008749-003/2024(H5N1)	1197	C	T	0	0	0	646	330	38	1	646	0	TRUE	PB2:cds-XAJ25426.1	ATC	I	ATT	I	399
PB2|PP755596.1|A/cattle/Texas/24-008749-003/2024(H5N1)	1231	A	+T	664	353	38	7	0	20	0.0100287	698	0.472029	FALSE	NA	NA	NA	NA	NA	NA
PB2|PP755596.1|A/cattle/Texas/24-008749-003/2024(H5N1)	1233	A	T	2	1	35	661	349	38	0.996983	663	0	TRUE	PB2:cds-XAJ25426.1	ATA	I	ATT	I	411
PB2|PP755596.1|A/cattle/Texas/24-008749-003/2024(H5N1)	1236	G	A	1	1	39	652	344	38	0.998469	653	0	TRUE	PB2:cds-XAJ25426.1	AAG	K	AAA	K	412
PB2|PP755596.1|A/cattle/Texas/24-008749-003/2024(H5N1)	1243	C	A	0	0	0	723	382	37	0.998619	724	0	TRUE	PB2:cds-XAJ25426.1	CGA	R	AGA	R	415
PB2|PP755596.1|A/cattle/Texas/24-008749-003/2024(H5N1)	1251	T	C	0	0	0	716	360	37	1	716	0	TRUE	PB2:cds-XAJ25426.1	GAT	D	GAC	D	417
PB2|PP755596.1|A/cattle/Texas/24-008749-003/2024(H5N1)	1257	C	T	1	1	39	731	359	38	0.998634	732	0	TRUE	PB2:cds-XAJ25426.1	AAC	N	AAT	N	419
PB2|PP755596.1|A/cattle/Texas/24-008749-003/2024(H5N1)	1266	C	T	0	0	0	755	382	37	1	755	0	TRUE	PB2:cds-XAJ25426.1	AAC	N	AAT	N	422
PB2|PP755596.1|A/cattle/Texas/24-008749-003/2024(H5N1)	1275	T	C	1	0	29	753	360	36	0.998674	754	0	TRUE	PB2:cds-XAJ25426.1	AAT	N	AAC	N	425
PB2|PP755596.1|A/cattle/Texas/24-008749-003/2024(H5N1)	1281	G	A	0	0	0	733	366	37	1	733	0	TRUE	PB2:cds-XAJ25426.1	CGG	R	CGA	R	427
PB2|PP755596.1|A/cattle/Texas/24-008749-003/2024(H5N1)	1284	G	A	0	0	0	750	372	36	1	750	0	TRUE	PB2:cds-XAJ25426.1	CTG	L	CTA	L	428
PB2|PP755596.1|A/cattle/Texas/24-008749-003/2024(H5N1)	1287	T	C	0	0	0	731	361	37	1	731	0	TRUE	PB2:cds-XAJ25426.1	AAT	N	AAC	N	429
PB2|PP755596.1|A/cattle/Texas/24-008749-003/2024(H5N1)	1299	G	A	0	0	0	795	421	37	1	795	0	TRUE	PB2:cds-XAJ25426.1	CAG	Q	CAA	Q	433
PB2|PP755596.1|A/cattle/Texas/24-008749-003/2024(H5N1)	1311	C	T	0	0	0	813	450	37	1	813	0	TRUE	PB2:cds-XAJ25426.1	CAC	H	CAT	H	437
PB2|PP755596.1|A/cattle/Texas/24-008749-003/2024(H5N1)	1321	A	G	0	0	0	816	477	37	1	816	0	TRUE	PB2:cds-XAJ25426.1	AAT	N	GAT	D	441
PB2|PP755596.1|A/cattle/Texas/24-008749-003/2024(H5N1)	1329	A	G	0	0	0	796	468	38	1	796	0	TRUE	PB2:cds-XAJ25426.1	AAA	K	AAG	K	443
PB2|PP755596.1|A/cattle/Texas/24-008749-003/2024(H5N1)	1356	G	A	4	4	35	748	436	37	0.994681	752	0	TRUE	PB2:cds-XAJ25426.1	GAG	E	GAA	E	452
PB2|PP755596.1|A/cattle/Texas/24-008749-003/2024(H5N1)	1390	T	A	0	0	0	693	408	38	1	693	0	TRUE	PB2:cds-XAJ25426.1	TTG	L	ATG	M	464
PB2|PP755596.1|A/cattle/Texas/24-008749-003/2024(H5N1)	1395	T	C	0	0	0	705	414	37	1	705	0	TRUE	PB2:cds-XAJ25426.1	CCT	P	CCC	P	465
PB2|PP755596.1|A/cattle/Texas/24-008749-003/2024(H5N1)	1404	T	C	0	0	0	669	394	37	1	669	0	TRUE	PB2:cds-XAJ25426.1	ACT	T	ACC	T	468
PB2|PP755596.1|A/cattle/Texas/24-008749-003/2024(H5N1)	1422	A	G	0	0	0	684	403	37	1	684	0	TRUE	PB2:cds-XAJ25426.1	TCA	S	TCG	S	474
PB2|PP755596.1|A/cattle/Texas/24-008749-003/2024(H5N1)	1467	C	A	0	0	0	582	337	38	0.996575	584	0	TRUE	PB2:cds-XAJ25426.1	TCC	S	TCA	S	489
PB2|PP755596.1|A/cattle/Texas/24-008749-003/2024(H5N1)	1479	G	A	0	0	0	584	348	37	1	584	0	TRUE	PB2:cds-XAJ25426.1	CGG	R	CGA	R	493
PB2|PP755596.1|A/cattle/Texas/24-008749-003/2024(H5N1)	1483	A	G	0	0	0	609	353	38	1	609	0	TRUE	PB2:cds-XAJ25426.1	ATA	I	GTA	V	495
PB2|PP755596.1|A/cattle/Texas/24-008749-003/2024(H5N1)	1500	A	G	1	0	30	612	341	36	0.998369	613	0	TRUE	PB2:cds-XAJ25426.1	CGA	R	CGG	R	500
PB2|PP755596.1|A/cattle/Texas/24-008749-003/2024(H5N1)	1537	C	T	0	0	0	591	305	37	1	591	0	TRUE	PB2:cds-XAJ25426.1	CTG	L	TTG	L	513
PB2|PP755596.1|A/cattle/Texas/24-008749-003/2024(H5N1)	1539	G	A	0	0	0	583	301	37	1	583	0	TRUE	PB2:cds-XAJ25426.1	CTG	L	CTA	L	513
PB2|PP755596.1|A/cattle/Texas/24-008749-003/2024(H5N1)	1551	A	G	0	0	0	590	314	37	1	590	0	TRUE	PB2:cds-XAJ25426.1	GAA	E	GAG	E	517
PB2|PP755596.1|A/cattle/Texas/24-008749-003/2024(H5N1)	1557	C	T	0	0	0	587	319	37	1	587	0	TRUE	PB2:cds-XAJ25426.1	AGC	S	AGT	S	519
PB2|PP755596.1|A/cattle/Texas/24-008749-003/2024(H5N1)	1572	A	G	1	0	39	613	306	37	0.998371	614	0	TRUE	PB2:cds-XAJ25426.1	ACA	T	ACG	T	524
PB2|PP755596.1|A/cattle/Texas/24-008749-003/2024(H5N1)	1579	T	C	0	0	0	607	303	37	1	607	0	TRUE	PB2:cds-XAJ25426.1	TTG	L	CTG	L	527
PB2|PP755596.1|A/cattle/Texas/24-008749-003/2024(H5N1)	1662	C	T	0	0	0	579	289	37	1	579	0	TRUE	PB2:cds-XAJ25426.1	ATC	I	ATT	I	554
PB2|PP755596.1|A/cattle/Texas/24-008749-003/2024(H5N1)	1677	A	T	0	0	0	617	300	37	1	617	0	TRUE	PB2:cds-XAJ25426.1	ACA	T	ACT	T	559
PB2|PP755596.1|A/cattle/Texas/24-008749-003/2024(H5N1)	1698	A	G	0	0	0	590	299	37	1	590	0	TRUE	PB2:cds-XAJ25426.1	CAA	Q	CAG	Q	566
PB2|PP755596.1|A/cattle/Texas/24-008749-003/2024(H5N1)	1728	G	A	0	0	0	554	311	37	1	554	0	TRUE	PB2:cds-XAJ25426.1	GAG	E	GAA	E	576
PB2|PP755596.1|A/cattle/Texas/24-008749-003/2024(H5N1)	1749	G	A	0	0	0	576	317	37	1	576	0	TRUE	PB2:cds-XAJ25426.1	CTG	L	CTA	L	583
PB2|PP755596.1|A/cattle/Texas/24-008749-003/2024(H5N1)	1767	G	A	1	1	38	548	300	37	0.998179	549	0	TRUE	PB2:cds-XAJ25426.1	AGG	R	AGA	R	589
PB2|PP755596.1|A/cattle/Texas/24-008749-003/2024(H5N1)	1785	C	T	0	0	0	540	296	37	1	540	0	TRUE	PB2:cds-XAJ25426.1	TTC	F	TTT	F	595
PB2|PP755596.1|A/cattle/Texas/24-008749-003/2024(H5N1)	1791	G	A	0	0	0	537	303	37	1	537	0	TRUE	PB2:cds-XAJ25426.1	AGG	R	AGA	R	597
PB2|PP755596.1|A/cattle/Texas/24-008749-003/2024(H5N1)	1800	T	C	0	0	0	536	295	37	0.998138	537	0	TRUE	PB2:cds-XAJ25426.1	TTT	F	TTC	F	600
PB2|PP755596.1|A/cattle/Texas/24-008749-003/2024(H5N1)	1854	T	C	0	0	0	508	277	37	1	508	0	TRUE	PB2:cds-XAJ25426.1	CTT	L	CTC	L	618
PB2|PP755596.1|A/cattle/Texas/24-008749-003/2024(H5N1)	1869	T	C	0	0	0	508	270	36	0.996078	510	0	TRUE	PB2:cds-XAJ25426.1	GCT	A	GCC	A	623
PB2|PP755596.1|A/cattle/Texas/24-008749-003/2024(H5N1)	1890	A	G	0	0	0	464	239	38	1	464	2.68172e-285	TRUE	PB2:cds-XAJ25426.1	AGA	R	AGG	R	630
PB2|PP755596.1|A/cattle/Texas/24-008749-003/2024(H5N1)	1891	C	A	0	0	0	469	245	38	1	469	2.90766e-286	TRUE	PB2:cds-XAJ25426.1	CTG	L	ATG	M	631
PB2|PP755596.1|A/cattle/Texas/24-008749-003/2024(H5N1)	1896	A	G	0	0	0	470	248	38	1	470	2.81773e-286	TRUE	PB2:cds-XAJ25426.1	CAA	Q	CAG	Q	632
PB2|PP755596.1|A/cattle/Texas/24-008749-003/2024(H5N1)	1905	T	C	0	0	0	457	236	37	1	457	8.02664e-285	TRUE	PB2:cds-XAJ25426.1	TCT	S	TCC	S	635
PB2|PP755596.1|A/cattle/Texas/24-008749-003/2024(H5N1)	1920	G	A	0	0	0	465	253	37	1	465	6.33952e-290	TRUE	PB2:cds-XAJ25426.1	GTG	V	GTA	V	640
PB2|PP755596.1|A/cattle/Texas/24-008749-003/2024(H5N1)	1938	A	G	0	0	0	471	250	37	1	471	4.71767e-288	TRUE	PB2:cds-XAJ25426.1	AGA	R	AGG	R	646
PB2|PP755596.1|A/cattle/Texas/24-008749-003/2024(H5N1)	1942	C	A	0	0	0	451	242	37	1	451	3.30904e-279	TRUE	PB2:cds-XAJ25426.1	CTG	L	ATG	M	648
PB2|PP755596.1|A/cattle/Texas/24-008749-003/2024(H5N1)	1945	A	G	0	0	0	453	240	37	1	453	2.94688e-279	TRUE	PB2:cds-XAJ25426.1	ATA	I	GTA	V	649
PB2|PP755596.1|A/cattle/Texas/24-008749-003/2024(H5N1)	1959	T	A	0	0	0	454	241	37	0.997802	455	1.46971e-285	TRUE	PB2:cds-XAJ25426.1	TCT	S	TCA	S	653
PB2|PP755596.1|A/cattle/Texas/24-008749-003/2024(H5N1)	2016	A	G	0	0	0	451	293	36	0.995585	453	1.80231e-283	TRUE	PB2:cds-XAJ25426.1	GCA	A	GCG	A	672
PB2|PP755596.1|A/cattle/Texas/24-008749-003/2024(H5N1)	2026	G	A	0	0	0	432	285	37	1	432	3.41105e-267	TRUE	PB2:cds-XAJ25426.1	GCC	A	ACC	T	676
PB2|PP755596.1|A/cattle/Texas/24-008749-003/2024(H5N1)	2122	C	T	0	0	0	370	287	37	1	370	5.22375e-231	TRUE	PB2:cds-XAJ25426.1	CTG	L	TTG	L	708
PB2|PP755596.1|A/cattle/Texas/24-008749-003/2024(H5N1)	2145	T	+C	302	231	37	6	0	20	0.0175439	342	0.20483	FALSE	NA	NA	NA	NA	NA	NA
PB2|PP755596.1|A/cattle/Texas/24-008749-003/2024(H5N1)	2146	T	C	5	4	36	307	240	37	0.983974	312	1.03966e-180	TRUE	PB2:cds-XAJ25426.1	TTG	L	CTG	L	716
PB2|PP755596.1|A/cattle/Texas/24-008749-003/2024(H5N1)	2148	G	T	6	4	28	306	242	38	0.974522	314	2.12752e-178	TRUE	PB2:cds-XAJ25426.1	TTG	L	TTT	F	716
PB2|PP755596.1|A/cattle/Texas/24-008749-003/2024(H5N1)	2189	A	G	227	200	37	3	2	37	0.0130435	230	0.116408	FALSE	PB2:cds-XAJ25426.1	GAC	D	GGC	G	730
PB2|PP755596.1|A/cattle/Texas/24-008749-003/2024(H5N1)	2267	T	C	82	73	38	1	1	38	0.0120482	83	0.5	FALSE	PB2:cds-XAJ25426.1	ATG	M	ACG	T	756
