REGION	POS	REF	ALT	REF_DP	REF_RV	REF_QUAL	ALT_DP	ALT_RV	ALT_QUAL	ALT_FREQ	TOTAL_DP	PVAL	PASS	GFF_FEATURE	REF_CODON	REF_AA	ALT_CODON	ALT_AA	POS_AA
NA|PP755591.1|A/cattle/Texas/24-008749-003/2024(H5N1)	158	T	-CATTACCTATGAGAACAACACCTGGGTAAATCAGACGTATATCAACATCAG	1007	377	42	1006	0	20	0.48065	2093	0	TRUE	NA	NA	NA	NA	NA	NA
NA|PP755591.1|A/cattle/Texas/24-008749-003/2024(H5N1)	161	T	A	435	142	57	15	7	63	0.0333333	450	2.2816e-11	TRUE	NA:cds-XAJ25418.1	ATT	I	AAT	N	54
NA|PP755591.1|A/cattle/Texas/24-008749-003/2024(H5N1)	171	G	A	442	142	57	6	1	51	0.0133929	448	6.16361e-05	TRUE	NA:cds-XAJ25418.1	GAG	E	GAA	E	57
NA|PP755591.1|A/cattle/Texas/24-008749-003/2024(H5N1)	185	T	C	376	122	56	78	33	55	0.171806	454	1.13611e-57	TRUE	NA:cds-XAJ25418.1	GTA	V	GCA	A	62
NA|PP755591.1|A/cattle/Texas/24-008749-003/2024(H5N1)	195	G	A	459	160	57	11	4	60	0.0234043	470	2.39616e-08	TRUE	NA:cds-XAJ25418.1	ACG	T	ACA	T	65
NA|PP755591.1|A/cattle/Texas/24-008749-003/2024(H5N1)	199	A	G	1	0	39	464	165	58	0.997849	465	0	TRUE	NA:cds-XAJ25418.1	ATC	I	GTC	V	67
NA|PP755591.1|A/cattle/Texas/24-008749-003/2024(H5N1)	212	G	A	0	0	0	480	186	59	1	480	0	TRUE	NA:cds-XAJ25418.1	AGT	S	AAT	N	71
NA|PP755591.1|A/cattle/Texas/24-008749-003/2024(H5N1)	243	T	C	1533	584	59	69	40	55	0.0430443	1603	4.26559e-30	TRUE	NA:cds-XAJ25418.1	ACT	T	ACC	T	81
NA|PP755591.1|A/cattle/Texas/24-008749-003/2024(H5N1)	248	T	C	1529	598	59	69	40	54	0.043179	1598	3.29293e-30	TRUE	NA:cds-XAJ25418.1	GTA	V	GCA	A	83
NA|PP755591.1|A/cattle/Texas/24-008749-003/2024(H5N1)	270	T	C	1611	641	61	67	34	57	0.0399285	1678	2.01372e-29	TRUE	NA:cds-XAJ25418.1	TCT	S	TCC	S	90
NA|PP755591.1|A/cattle/Texas/24-008749-003/2024(H5N1)	281	T	C	1829	703	59	115	41	53	0.0591564	1944	2.42974e-49	TRUE	NA:cds-XAJ25418.1	ATT	I	ACT	T	94
NA|PP755591.1|A/cattle/Texas/24-008749-003/2024(H5N1)	330	T	C	0	0	0	1998	694	53	0.999	2000	0	TRUE	NA:cds-XAJ25418.1	TCT	S	TCC	S	110
NA|PP755591.1|A/cattle/Texas/24-008749-003/2024(H5N1)	360	A	G	2	1	57	2079	736	51	0.999039	2081	0	TRUE	NA:cds-XAJ25418.1	CCA	P	CCG	P	120
NA|PP755591.1|A/cattle/Texas/24-008749-003/2024(H5N1)	444	A	C	0	0	0	2176	969	53	1	2176	0	TRUE	NA:cds-XAJ25418.1	ACA	T	ACC	T	148
NA|PP755591.1|A/cattle/Texas/24-008749-003/2024(H5N1)	665	A	G	2232	1202	55	34	25	59	0.0149978	2267	2.14815e-14	TRUE	NA:cds-XAJ25418.1	AAC	N	AGC	S	222
NA|PP755591.1|A/cattle/Texas/24-008749-003/2024(H5N1)	696	T	G	0	0	0	2205	1263	52	1	2205	0	TRUE	NA:cds-XAJ25418.1	GCT	A	GCG	A	232
NA|PP755591.1|A/cattle/Texas/24-008749-003/2024(H5N1)	711	C	T	2	2	35	2209	1395	55	0.999095	2211	0	TRUE	NA:cds-XAJ25418.1	TCC	S	TCT	S	237
NA|PP755591.1|A/cattle/Texas/24-008749-003/2024(H5N1)	777	G	A	759	470	53	1374	823	54	0.644163	2133	0	TRUE	NA:cds-XAJ25418.1	GAG	E	GAA	E	259
NA|PP755591.1|A/cattle/Texas/24-008749-003/2024(H5N1)	805	A	T	0	0	0	2028	1225	55	1	2028	0	TRUE	NA:cds-XAJ25418.1	ATG	M	TTG	L	269
NA|PP755591.1|A/cattle/Texas/24-008749-003/2024(H5N1)	897	G	A	0	0	0	1862	922	52	1	1862	0	TRUE	NA:cds-XAJ25418.1	TCG	S	TCA	S	299
NA|PP755591.1|A/cattle/Texas/24-008749-003/2024(H5N1)	961	A	G	0	0	0	2157	739	49	0.999537	2158	0	TRUE	NA:cds-XAJ25418.1	ATT	I	GTT	V	321
NA|PP755591.1|A/cattle/Texas/24-008749-003/2024(H5N1)	1015	C	T	2	0	37	2440	1005	56	0.999181	2442	0	TRUE	NA:cds-XAJ25418.1	CCC	P	TCC	S	339
NA|PP755591.1|A/cattle/Texas/24-008749-003/2024(H5N1)	1199	C	T	2624	1818	60	29	19	54	0.0109269	2654	6.34332e-13	TRUE	NA:cds-XAJ25418.1	TCA	S	TTA	L	400
NA|PP755591.1|A/cattle/Texas/24-008749-003/2024(H5N1)	1302	T	C	0	0	0	1652	1251	55	1	1652	0	TRUE	NA:cds-XAJ25418.1	AAT	N	AAC	N	434
