REGION	POS	REF	ALT	REF_DP	REF_RV	REF_QUAL	ALT_DP	ALT_RV	ALT_QUAL	ALT_FREQ	TOTAL_DP	PVAL	PASS	GFF_FEATURE	REF_CODON	REF_AA	ALT_CODON	ALT_AA	POS_AA
PA|PP755594.1|A/cattle/Texas/24-008749-003/2024(H5N1)	7	G	A	223	13	41	7	1	35	0.0304348	230	6.87773e-07	TRUE	PA:cds-XAJ25422.1	GAC	D	AAC	N	3
PA|PP755594.1|A/cattle/Texas/24-008749-003/2024(H5N1)	7	G	A	223	13	41	7	1	35	0.0304348	230	6.87773e-07	TRUE	PA-X:cds-XAJ25423.1	GAC	D	AAC	N	3
PA|PP755594.1|A/cattle/Texas/24-008749-003/2024(H5N1)	39	T	C	0	0	0	934	133	41	1	934	0	TRUE	PA:cds-XAJ25422.1	ATT	I	ATC	I	13
PA|PP755594.1|A/cattle/Texas/24-008749-003/2024(H5N1)	39	T	C	0	0	0	934	133	41	1	934	0	TRUE	PA-X:cds-XAJ25423.1	ATT	I	ATC	I	13
PA|PP755594.1|A/cattle/Texas/24-008749-003/2024(H5N1)	57	A	G	0	0	0	1055	160	42	1	1055	0	TRUE	PA:cds-XAJ25422.1	AAA	K	AAG	K	19
PA|PP755594.1|A/cattle/Texas/24-008749-003/2024(H5N1)	57	A	G	0	0	0	1055	160	42	1	1055	0	TRUE	PA-X:cds-XAJ25423.1	AAA	K	AAG	K	19
PA|PP755594.1|A/cattle/Texas/24-008749-003/2024(H5N1)	90	C	T	0	0	0	1670	528	44	1	1670	0	TRUE	PA:cds-XAJ25422.1	ATC	I	ATT	I	30
PA|PP755594.1|A/cattle/Texas/24-008749-003/2024(H5N1)	90	C	T	0	0	0	1670	528	44	1	1670	0	TRUE	PA-X:cds-XAJ25423.1	ATC	I	ATT	I	30
PA|PP755594.1|A/cattle/Texas/24-008749-003/2024(H5N1)	93	G	A	4	0	50	1667	531	44	0.997606	1671	0	TRUE	PA:cds-XAJ25422.1	GAG	E	GAA	E	31
PA|PP755594.1|A/cattle/Texas/24-008749-003/2024(H5N1)	93	G	A	4	0	50	1667	531	44	0.997606	1671	0	TRUE	PA-X:cds-XAJ25423.1	GAG	E	GAA	E	31
PA|PP755594.1|A/cattle/Texas/24-008749-003/2024(H5N1)	96	A	T	0	0	0	1672	527	44	0.999402	1673	0	TRUE	PA:cds-XAJ25422.1	ACA	T	ACT	T	32
PA|PP755594.1|A/cattle/Texas/24-008749-003/2024(H5N1)	96	A	T	0	0	0	1672	527	44	0.999402	1673	0	TRUE	PA-X:cds-XAJ25423.1	ACA	T	ACT	T	32
PA|PP755594.1|A/cattle/Texas/24-008749-003/2024(H5N1)	102	A	G	1	1	40	1696	520	42	0.999411	1697	0	TRUE	PA:cds-XAJ25422.1	AAA	K	AAG	K	34
PA|PP755594.1|A/cattle/Texas/24-008749-003/2024(H5N1)	102	A	G	1	1	40	1696	520	42	0.999411	1697	0	TRUE	PA-X:cds-XAJ25423.1	AAA	K	AAG	K	34
PA|PP755594.1|A/cattle/Texas/24-008749-003/2024(H5N1)	105	T	C	2	0	40	1710	537	44	0.998832	1712	0	TRUE	PA:cds-XAJ25422.1	TTT	F	TTC	F	35
PA|PP755594.1|A/cattle/Texas/24-008749-003/2024(H5N1)	105	T	C	2	0	40	1710	537	44	0.998832	1712	0	TRUE	PA-X:cds-XAJ25423.1	TTT	F	TTC	F	35
PA|PP755594.1|A/cattle/Texas/24-008749-003/2024(H5N1)	108	C	T	1	0	40	1710	535	44	0.999416	1711	0	TRUE	PA:cds-XAJ25422.1	GCC	A	GCT	A	36
PA|PP755594.1|A/cattle/Texas/24-008749-003/2024(H5N1)	108	C	T	1	0	40	1710	535	44	0.999416	1711	0	TRUE	PA-X:cds-XAJ25423.1	GCC	A	GCT	A	36
PA|PP755594.1|A/cattle/Texas/24-008749-003/2024(H5N1)	120	A	T	0	0	0	2303	770	45	0.999566	2304	0	TRUE	PA:cds-XAJ25422.1	ACA	T	ACT	T	40
PA|PP755594.1|A/cattle/Texas/24-008749-003/2024(H5N1)	120	A	T	0	0	0	2303	770	45	0.999566	2304	0	TRUE	PA-X:cds-XAJ25423.1	ACA	T	ACT	T	40
PA|PP755594.1|A/cattle/Texas/24-008749-003/2024(H5N1)	123	C	T	0	0	0	2303	783	44	1	2303	0	TRUE	PA:cds-XAJ25422.1	CAC	H	CAT	H	41
PA|PP755594.1|A/cattle/Texas/24-008749-003/2024(H5N1)	123	C	T	0	0	0	2303	783	44	1	2303	0	TRUE	PA-X:cds-XAJ25423.1	CAC	H	CAT	H	41
PA|PP755594.1|A/cattle/Texas/24-008749-003/2024(H5N1)	126	A	G	1	0	40	2335	808	45	0.999572	2336	0	TRUE	PA:cds-XAJ25422.1	TTA	L	TTG	L	42
PA|PP755594.1|A/cattle/Texas/24-008749-003/2024(H5N1)	126	A	G	1	0	40	2335	808	45	0.999572	2336	0	TRUE	PA-X:cds-XAJ25423.1	TTA	L	TTG	L	42
PA|PP755594.1|A/cattle/Texas/24-008749-003/2024(H5N1)	159	T	C	1	1	80	2768	1701	42	0.999278	2770	0	TRUE	PA:cds-XAJ25422.1	TTT	F	TTC	F	53
PA|PP755594.1|A/cattle/Texas/24-008749-003/2024(H5N1)	159	T	C	1	1	80	2768	1701	42	0.999278	2770	0	TRUE	PA-X:cds-XAJ25423.1	TTT	F	TTC	F	53
PA|PP755594.1|A/cattle/Texas/24-008749-003/2024(H5N1)	162	T	G	0	0	0	2827	1695	45	0.999293	2829	0	TRUE	PA:cds-XAJ25422.1	ATT	I	ATG	M	54
PA|PP755594.1|A/cattle/Texas/24-008749-003/2024(H5N1)	162	T	G	0	0	0	2827	1695	45	0.999293	2829	0	TRUE	PA-X:cds-XAJ25423.1	ATT	I	ATG	M	54
PA|PP755594.1|A/cattle/Texas/24-008749-003/2024(H5N1)	165	C	T	2	2	32	2805	1672	45	0.998932	2808	0	TRUE	PA:cds-XAJ25422.1	GAC	D	GAT	D	55
PA|PP755594.1|A/cattle/Texas/24-008749-003/2024(H5N1)	165	C	T	2	2	32	2805	1672	45	0.998932	2808	0	TRUE	PA-X:cds-XAJ25423.1	GAC	D	GAT	D	55
PA|PP755594.1|A/cattle/Texas/24-008749-003/2024(H5N1)	171	A	G	1	0	40	2996	1775	45	0.999666	2997	0	TRUE	PA:cds-XAJ25422.1	CGA	R	CGG	R	57
PA|PP755594.1|A/cattle/Texas/24-008749-003/2024(H5N1)	171	A	G	1	0	40	2996	1775	45	0.999666	2997	0	TRUE	PA-X:cds-XAJ25423.1	CGA	R	CGG	R	57
PA|PP755594.1|A/cattle/Texas/24-008749-003/2024(H5N1)	183	G	A	1	1	24	2996	1770	45	0.999333	2998	0	TRUE	PA:cds-XAJ25422.1	ATG	M	ATA	I	61
PA|PP755594.1|A/cattle/Texas/24-008749-003/2024(H5N1)	183	G	A	1	1	24	2996	1770	45	0.999333	2998	0	TRUE	PA-X:cds-XAJ25423.1	ATG	M	ATA	I	61
PA|PP755594.1|A/cattle/Texas/24-008749-003/2024(H5N1)	189	A	G	3	1	31	2929	1737	44	0.998636	2933	0	TRUE	PA:cds-XAJ25422.1	GTA	V	GTG	V	63
PA|PP755594.1|A/cattle/Texas/24-008749-003/2024(H5N1)	189	A	G	3	1	31	2929	1737	44	0.998636	2933	0	TRUE	PA-X:cds-XAJ25423.1	GTA	V	GTG	V	63
PA|PP755594.1|A/cattle/Texas/24-008749-003/2024(H5N1)	211	T	C	1	1	40	2544	1503	44	0.999607	2545	0	TRUE	PA:cds-XAJ25422.1	TTA	L	CTA	L	71
PA|PP755594.1|A/cattle/Texas/24-008749-003/2024(H5N1)	211	T	C	1	1	40	2544	1503	44	0.999607	2545	0	TRUE	PA-X:cds-XAJ25423.1	TTA	L	CTA	L	71
PA|PP755594.1|A/cattle/Texas/24-008749-003/2024(H5N1)	214	T	C	1	1	80	2424	1500	41	0.999176	2426	0	TRUE	PA:cds-XAJ25422.1	TTG	L	CTG	L	72
PA|PP755594.1|A/cattle/Texas/24-008749-003/2024(H5N1)	214	T	C	1	1	80	2424	1500	41	0.999176	2426	0	TRUE	PA-X:cds-XAJ25423.1	TTG	L	CTG	L	72
PA|PP755594.1|A/cattle/Texas/24-008749-003/2024(H5N1)	219	A	G	1	0	37	2490	1514	43	0.999197	2492	0	TRUE	PA:cds-XAJ25422.1	AAA	K	AAG	K	73
PA|PP755594.1|A/cattle/Texas/24-008749-003/2024(H5N1)	219	A	G	1	0	37	2490	1514	43	0.999197	2492	0	TRUE	PA-X:cds-XAJ25423.1	AAA	K	AAG	K	73
PA|PP755594.1|A/cattle/Texas/24-008749-003/2024(H5N1)	222	C	T	2	1	60	2454	1499	43	0.998779	2457	0	TRUE	PA:cds-XAJ25422.1	CAC	H	CAT	H	74
PA|PP755594.1|A/cattle/Texas/24-008749-003/2024(H5N1)	222	C	T	2	1	60	2454	1499	43	0.998779	2457	0	TRUE	PA-X:cds-XAJ25423.1	CAC	H	CAT	H	74
PA|PP755594.1|A/cattle/Texas/24-008749-003/2024(H5N1)	237	C	T	3	2	34	2708	1585	44	0.998893	2711	0	TRUE	PA:cds-XAJ25422.1	ATC	I	ATT	I	79
PA|PP755594.1|A/cattle/Texas/24-008749-003/2024(H5N1)	237	C	T	3	2	34	2708	1585	44	0.998893	2711	0	TRUE	PA-X:cds-XAJ25423.1	ATC	I	ATT	I	79
PA|PP755594.1|A/cattle/Texas/24-008749-003/2024(H5N1)	243	G	A	6	3	34	2382	1387	44	0.997487	2388	0	TRUE	PA:cds-XAJ25422.1	GGG	G	GGA	G	81
PA|PP755594.1|A/cattle/Texas/24-008749-003/2024(H5N1)	243	G	A	6	3	34	2382	1387	44	0.997487	2388	0	TRUE	PA-X:cds-XAJ25423.1	GGG	G	GGA	G	81
PA|PP755594.1|A/cattle/Texas/24-008749-003/2024(H5N1)	249	C	T	2	2	34	2320	1365	43	0.999139	2322	0	TRUE	PA:cds-XAJ25422.1	GAC	D	GAT	D	83
PA|PP755594.1|A/cattle/Texas/24-008749-003/2024(H5N1)	249	C	T	2	2	34	2320	1365	43	0.999139	2322	0	TRUE	PA-X:cds-XAJ25423.1	GAC	D	GAT	D	83
PA|PP755594.1|A/cattle/Texas/24-008749-003/2024(H5N1)	250	C	A	1	1	24	2363	1407	44	0.999577	2364	0	TRUE	PA:cds-XAJ25422.1	CGA	R	AGA	R	84
PA|PP755594.1|A/cattle/Texas/24-008749-003/2024(H5N1)	250	C	A	1	1	24	2363	1407	44	0.999577	2364	0	TRUE	PA-X:cds-XAJ25423.1	CGA	R	AGA	R	84
PA|PP755594.1|A/cattle/Texas/24-008749-003/2024(H5N1)	253	G	A	0	0	0	2354	1409	44	1	2354	0	TRUE	PA:cds-XAJ25422.1	GCA	A	ACA	T	85
PA|PP755594.1|A/cattle/Texas/24-008749-003/2024(H5N1)	253	G	A	0	0	0	2354	1409	44	1	2354	0	TRUE	PA-X:cds-XAJ25423.1	GCA	A	ACA	T	85
PA|PP755594.1|A/cattle/Texas/24-008749-003/2024(H5N1)	273	G	A	2	2	40	2492	1398	43	0.999198	2494	0	TRUE	PA:cds-XAJ25422.1	GTG	V	GTA	V	91
PA|PP755594.1|A/cattle/Texas/24-008749-003/2024(H5N1)	273	G	A	2	2	40	2492	1398	43	0.999198	2494	0	TRUE	PA-X:cds-XAJ25423.1	GTG	V	GTA	V	91
PA|PP755594.1|A/cattle/Texas/24-008749-003/2024(H5N1)	279	T	C	3	0	24	2155	1105	43	0.99861	2158	0	TRUE	PA:cds-XAJ25422.1	AGT	S	AGC	S	93
PA|PP755594.1|A/cattle/Texas/24-008749-003/2024(H5N1)	279	T	C	3	0	24	2155	1105	43	0.99861	2158	0	TRUE	PA-X:cds-XAJ25423.1	AGT	S	AGC	S	93
PA|PP755594.1|A/cattle/Texas/24-008749-003/2024(H5N1)	294	A	G	2	1	28	1848	913	43	0.998919	1850	0	TRUE	PA:cds-XAJ25422.1	ACA	T	ACG	T	98
PA|PP755594.1|A/cattle/Texas/24-008749-003/2024(H5N1)	294	A	G	2	1	28	1848	913	43	0.998919	1850	0	TRUE	PA-X:cds-XAJ25423.1	ACA	T	ACG	T	98
PA|PP755594.1|A/cattle/Texas/24-008749-003/2024(H5N1)	297	G	A	3	0	38	1839	913	43	0.998371	1842	0	TRUE	PA:cds-XAJ25422.1	GGG	G	GGA	G	99
PA|PP755594.1|A/cattle/Texas/24-008749-003/2024(H5N1)	297	G	A	3	0	38	1839	913	43	0.998371	1842	0	TRUE	PA-X:cds-XAJ25423.1	GGG	G	GGA	G	99
PA|PP755594.1|A/cattle/Texas/24-008749-003/2024(H5N1)	303	A	G	3	0	33	1829	902	43	0.998362	1832	0	TRUE	PA:cds-XAJ25422.1	GAA	E	GAG	E	101
PA|PP755594.1|A/cattle/Texas/24-008749-003/2024(H5N1)	303	A	G	3	0	33	1829	902	43	0.998362	1832	0	TRUE	PA-X:cds-XAJ25423.1	GAA	E	GAG	E	101
PA|PP755594.1|A/cattle/Texas/24-008749-003/2024(H5N1)	312	A	G	0	0	0	1755	886	43	0.998862	1757	0	TRUE	PA:cds-XAJ25422.1	AAA	K	AAG	K	104
PA|PP755594.1|A/cattle/Texas/24-008749-003/2024(H5N1)	312	A	G	0	0	0	1755	886	43	0.998862	1757	0	TRUE	PA-X:cds-XAJ25423.1	AAA	K	AAG	K	104
PA|PP755594.1|A/cattle/Texas/24-008749-003/2024(H5N1)	318	C	T	0	0	0	1630	801	42	1	1630	0	TRUE	PA:cds-XAJ25422.1	CTC	L	CTT	L	106
PA|PP755594.1|A/cattle/Texas/24-008749-003/2024(H5N1)	318	C	T	0	0	0	1630	801	42	1	1630	0	TRUE	PA-X:cds-XAJ25423.1	CTC	L	CTT	L	106
PA|PP755594.1|A/cattle/Texas/24-008749-003/2024(H5N1)	333	C	T	1	1	20	1368	639	41	0.99927	1369	0	TRUE	PA:cds-XAJ25422.1	GAC	D	GAT	D	111
PA|PP755594.1|A/cattle/Texas/24-008749-003/2024(H5N1)	333	C	T	1	1	20	1368	639	41	0.99927	1369	0	TRUE	PA-X:cds-XAJ25423.1	GAC	D	GAT	D	111
PA|PP755594.1|A/cattle/Texas/24-008749-003/2024(H5N1)	338	G	A	2	1	32	1356	641	41	0.998527	1358	0	TRUE	PA:cds-XAJ25422.1	AGA	R	AAA	K	113
PA|PP755594.1|A/cattle/Texas/24-008749-003/2024(H5N1)	338	G	A	2	1	32	1356	641	41	0.998527	1358	0	TRUE	PA-X:cds-XAJ25423.1	AGA	R	AAA	K	113
PA|PP755594.1|A/cattle/Texas/24-008749-003/2024(H5N1)	339	A	G	0	0	0	1348	628	41	0.999259	1349	0	TRUE	PA:cds-XAJ25422.1	AGA	R	AGG	R	113
PA|PP755594.1|A/cattle/Texas/24-008749-003/2024(H5N1)	339	A	G	0	0	0	1348	628	41	0.999259	1349	0	TRUE	PA-X:cds-XAJ25423.1	AGA	R	AGG	R	113
PA|PP755594.1|A/cattle/Texas/24-008749-003/2024(H5N1)	346	A	C	0	0	0	1343	632	41	0.998513	1345	0	TRUE	PA:cds-XAJ25422.1	AGA	R	CGA	R	116
PA|PP755594.1|A/cattle/Texas/24-008749-003/2024(H5N1)	346	A	C	0	0	0	1343	632	41	0.998513	1345	0	TRUE	PA-X:cds-XAJ25423.1	AGA	R	CGA	R	116
PA|PP755594.1|A/cattle/Texas/24-008749-003/2024(H5N1)	357	A	G	0	0	0	1225	607	41	0.999184	1226	0	TRUE	PA:cds-XAJ25422.1	GAA	E	GAG	E	119
PA|PP755594.1|A/cattle/Texas/24-008749-003/2024(H5N1)	357	A	G	0	0	0	1225	607	41	0.999184	1226	0	TRUE	PA-X:cds-XAJ25423.1	GAA	E	GAG	E	119
PA|PP755594.1|A/cattle/Texas/24-008749-003/2024(H5N1)	366	A	G	1	1	30	5	3	38	0.833333	6	0.000969619	TRUE	PA:cds-XAJ25422.1	GTA	V	GTG	V	122
PA|PP755594.1|A/cattle/Texas/24-008749-003/2024(H5N1)	366	A	G	1	1	30	5	3	38	0.833333	6	0.000969619	TRUE	PA-X:cds-XAJ25423.1	GTA	V	GTG	V	122
PA|PP755594.1|A/cattle/Texas/24-008749-003/2024(H5N1)	369	G	A	3	1	40	2	2	36	0.4	5	0.151515	FALSE	PA:cds-XAJ25422.1	ACG	T	ACA	T	123
PA|PP755594.1|A/cattle/Texas/24-008749-003/2024(H5N1)	369	G	A	3	1	40	2	2	36	0.4	5	0.151515	FALSE	PA-X:cds-XAJ25423.1	ACG	T	ACA	T	123
PA|PP755594.1|A/cattle/Texas/24-008749-003/2024(H5N1)	399	A	G	0	0	0	8	2	28	1	8	3.21739e-07	TRUE	PA:cds-XAJ25422.1	GAA	E	GAG	E	133
PA|PP755594.1|A/cattle/Texas/24-008749-003/2024(H5N1)	399	A	G	0	0	0	8	2	28	1	8	3.21739e-07	TRUE	PA-X:cds-XAJ25423.1	GAA	E	GAG	E	133
PA|PP755594.1|A/cattle/Texas/24-008749-003/2024(H5N1)	420	A	C	0	0	0	1910	1160	46	1	1910	0	TRUE	PA:cds-XAJ25422.1	TCA	S	TCC	S	140
PA|PP755594.1|A/cattle/Texas/24-008749-003/2024(H5N1)	420	A	C	0	0	0	1910	1160	46	1	1910	0	TRUE	PA-X:cds-XAJ25423.1	TCA	S	TCC	S	140
PA|PP755594.1|A/cattle/Texas/24-008749-003/2024(H5N1)	426	A	G	1	0	40	1814	1071	44	0.999449	1815	0	TRUE	PA:cds-XAJ25422.1	AAA	K	AAG	K	142
PA|PP755594.1|A/cattle/Texas/24-008749-003/2024(H5N1)	426	A	G	1	0	40	1814	1071	44	0.999449	1815	0	TRUE	PA-X:cds-XAJ25423.1	AAA	K	AAG	K	142
PA|PP755594.1|A/cattle/Texas/24-008749-003/2024(H5N1)	432	T	C	0	0	0	1848	1129	44	1	1848	0	TRUE	PA:cds-XAJ25422.1	CAT	H	CAC	H	144
PA|PP755594.1|A/cattle/Texas/24-008749-003/2024(H5N1)	432	T	C	0	0	0	1848	1129	44	1	1848	0	TRUE	PA-X:cds-XAJ25423.1	CAT	H	CAC	H	144
PA|PP755594.1|A/cattle/Texas/24-008749-003/2024(H5N1)	435	T	C	0	0	0	1862	1137	44	1	1862	0	TRUE	PA:cds-XAJ25422.1	ATT	I	ATC	I	145
PA|PP755594.1|A/cattle/Texas/24-008749-003/2024(H5N1)	435	T	C	0	0	0	1862	1137	44	1	1862	0	TRUE	PA-X:cds-XAJ25423.1	ATT	I	ATC	I	145
PA|PP755594.1|A/cattle/Texas/24-008749-003/2024(H5N1)	441	A	C	1	1	40	1913	1113	46	0.998956	1915	0	TRUE	PA:cds-XAJ25422.1	ATA	I	ATC	I	147
PA|PP755594.1|A/cattle/Texas/24-008749-003/2024(H5N1)	441	A	C	1	1	40	1913	1113	46	0.998956	1915	0	TRUE	PA-X:cds-XAJ25423.1	ATA	I	ATC	I	147
PA|PP755594.1|A/cattle/Texas/24-008749-003/2024(H5N1)	450	C	T	0	0	0	1887	1076	46	1	1887	0	TRUE	PA:cds-XAJ25422.1	TTC	F	TTT	F	150
PA|PP755594.1|A/cattle/Texas/24-008749-003/2024(H5N1)	450	C	T	0	0	0	1887	1076	46	1	1887	0	TRUE	PA-X:cds-XAJ25423.1	TTC	F	TTT	F	150
PA|PP755594.1|A/cattle/Texas/24-008749-003/2024(H5N1)	459	G	A	2	2	24	1907	1110	45	0.998952	1909	0	TRUE	PA:cds-XAJ25422.1	GAG	E	GAA	E	153
PA|PP755594.1|A/cattle/Texas/24-008749-003/2024(H5N1)	459	G	A	2	2	24	1907	1110	45	0.998952	1909	0	TRUE	PA-X:cds-XAJ25423.1	GAG	E	GAA	E	153
PA|PP755594.1|A/cattle/Texas/24-008749-003/2024(H5N1)	471	C	T	4	0	36	1905	1042	45	0.997905	1909	0	TRUE	PA:cds-XAJ25422.1	ACC	T	ACT	T	157
PA|PP755594.1|A/cattle/Texas/24-008749-003/2024(H5N1)	471	C	T	4	0	36	1905	1042	45	0.997905	1909	0	TRUE	PA-X:cds-XAJ25423.1	ACC	T	ACT	T	157
PA|PP755594.1|A/cattle/Texas/24-008749-003/2024(H5N1)	474	G	A	1	0	40	1911	1050	45	0.999477	1912	0	TRUE	PA:cds-XAJ25422.1	AAG	K	AAA	K	158
PA|PP755594.1|A/cattle/Texas/24-008749-003/2024(H5N1)	474	G	A	1	0	40	1911	1050	45	0.999477	1912	0	TRUE	PA-X:cds-XAJ25423.1	AAG	K	AAA	K	158
PA|PP755594.1|A/cattle/Texas/24-008749-003/2024(H5N1)	477	G	A	0	0	0	1916	1050	45	1	1916	0	TRUE	PA:cds-XAJ25422.1	GCG	A	GCA	A	159
PA|PP755594.1|A/cattle/Texas/24-008749-003/2024(H5N1)	477	G	A	0	0	0	1916	1050	45	1	1916	0	TRUE	PA-X:cds-XAJ25423.1	GCG	A	GCA	A	159
PA|PP755594.1|A/cattle/Texas/24-008749-003/2024(H5N1)	492	T	C	0	0	0	1950	923	45	1	1950	0	TRUE	PA:cds-XAJ25422.1	GAT	D	GAC	D	164
PA|PP755594.1|A/cattle/Texas/24-008749-003/2024(H5N1)	492	T	C	0	0	0	1950	923	45	1	1950	0	TRUE	PA-X:cds-XAJ25423.1	GAT	D	GAC	D	164
PA|PP755594.1|A/cattle/Texas/24-008749-003/2024(H5N1)	498	G	A	2	0	32	1998	948	45	0.999	2000	0	TRUE	PA:cds-XAJ25422.1	GAG	E	GAA	E	166
PA|PP755594.1|A/cattle/Texas/24-008749-003/2024(H5N1)	498	G	A	2	0	32	1998	948	45	0.999	2000	0	TRUE	PA-X:cds-XAJ25423.1	GAG	E	GAA	E	166
PA|PP755594.1|A/cattle/Texas/24-008749-003/2024(H5N1)	510	A	G	1	1	40	1925	916	44	0.999481	1926	0	TRUE	PA:cds-XAJ25422.1	AGA	R	AGG	R	170
PA|PP755594.1|A/cattle/Texas/24-008749-003/2024(H5N1)	510	A	G	1	1	40	1925	916	44	0.999481	1926	0	TRUE	PA-X:cds-XAJ25423.1	AGA	R	AGG	R	170
PA|PP755594.1|A/cattle/Texas/24-008749-003/2024(H5N1)	513	A	T	4	1	26	1896	914	44	0.996845	1902	0	TRUE	PA:cds-XAJ25422.1	ATA	I	ATT	I	171
PA|PP755594.1|A/cattle/Texas/24-008749-003/2024(H5N1)	513	A	T	4	1	26	1896	914	44	0.996845	1902	0	TRUE	PA-X:cds-XAJ25423.1	ATA	I	ATT	I	171
PA|PP755594.1|A/cattle/Texas/24-008749-003/2024(H5N1)	522	A	G	0	0	0	2032	947	44	1	2032	0	TRUE	PA:cds-XAJ25422.1	AGA	R	AGG	R	174
PA|PP755594.1|A/cattle/Texas/24-008749-003/2024(H5N1)	522	A	G	0	0	0	2032	947	44	1	2032	0	TRUE	PA-X:cds-XAJ25423.1	AGA	R	AGG	R	174
PA|PP755594.1|A/cattle/Texas/24-008749-003/2024(H5N1)	525	G	A	0	0	0	1993	955	45	1	1993	0	TRUE	PA:cds-XAJ25422.1	CTG	L	CTA	L	175
PA|PP755594.1|A/cattle/Texas/24-008749-003/2024(H5N1)	525	G	A	0	0	0	1993	955	45	1	1993	0	TRUE	PA-X:cds-XAJ25423.1	CTG	L	CTA	L	175
PA|PP755594.1|A/cattle/Texas/24-008749-003/2024(H5N1)	552	T	C	1	1	40	2027	907	44	0.999507	2028	0	TRUE	PA:cds-XAJ25422.1	AGT	S	AGC	S	184
PA|PP755594.1|A/cattle/Texas/24-008749-003/2024(H5N1)	552	T	C	1	1	40	2027	907	44	0.999507	2028	0	TRUE	PA-X:cds-XAJ25423.1	AGT	S	AGC	S	184
PA|PP755594.1|A/cattle/Texas/24-008749-003/2024(H5N1)	555	A	G	0	0	0	1983	887	43	0.999496	1984	0	TRUE	PA:cds-XAJ25422.1	AGA	R	AGG	R	185
PA|PP755594.1|A/cattle/Texas/24-008749-003/2024(H5N1)	555	A	G	0	0	0	1983	887	43	0.999496	1984	0	TRUE	PA-X:cds-XAJ25423.1	AGA	R	AGG	R	185
PA|PP755594.1|A/cattle/Texas/24-008749-003/2024(H5N1)	579	A	G	0	0	0	2069	771	46	1	2069	0	TRUE	PA:cds-XAJ25422.1	CAA	Q	CAG	Q	193
PA|PP755594.1|A/cattle/Texas/24-008749-003/2024(H5N1)	579	A	G	0	0	0	2069	771	46	1	2069	0	TRUE	PA-X:cds-XAJ25423.1	AAT	N	AGT	S	3
PA|PP755594.1|A/cattle/Texas/24-008749-003/2024(H5N1)	585	G	A	1	0	80	2083	835	47	0.999041	2085	0	TRUE	PA:cds-XAJ25422.1	GAG	E	GAA	E	195
PA|PP755594.1|A/cattle/Texas/24-008749-003/2024(H5N1)	585	G	A	1	0	80	2083	835	47	0.999041	2085	0	TRUE	PA-X:cds-XAJ25423.1	AGA	R	AAA	K	5
PA|PP755594.1|A/cattle/Texas/24-008749-003/2024(H5N1)	651	A	G	0	0	0	1977	921	45	1	1977	0	TRUE	PA:cds-XAJ25422.1	CAA	Q	CAG	Q	217
PA|PP755594.1|A/cattle/Texas/24-008749-003/2024(H5N1)	651	A	G	0	0	0	1977	921	45	1	1977	0	TRUE	PA-X:cds-XAJ25423.1	AAA	K	AGA	R	27
PA|PP755594.1|A/cattle/Texas/24-008749-003/2024(H5N1)	655	A	C	1	1	40	1928	911	45	0.999482	1929	0	TRUE	PA:cds-XAJ25422.1	ATT	I	CTT	L	219
PA|PP755594.1|A/cattle/Texas/24-008749-003/2024(H5N1)	655	A	C	1	1	40	1928	911	45	0.999482	1929	0	TRUE	PA-X:cds-XAJ25423.1	GTA	V	GTC	V	28
PA|PP755594.1|A/cattle/Texas/24-008749-003/2024(H5N1)	657	T	C	1	1	40	1735	905	39	0.997126	1740	0	TRUE	PA:cds-XAJ25422.1	ATT	I	ATC	I	219
PA|PP755594.1|A/cattle/Texas/24-008749-003/2024(H5N1)	657	T	C	1	1	40	1735	905	39	0.997126	1740	0	TRUE	PA-X:cds-XAJ25423.1	TTC	F	TCC	S	29
PA|PP755594.1|A/cattle/Texas/24-008749-003/2024(H5N1)	664	A	G	3	0	33	2082	959	45	0.998082	2086	0	TRUE	PA:cds-XAJ25422.1	AAC	N	GAC	D	222
PA|PP755594.1|A/cattle/Texas/24-008749-003/2024(H5N1)	664	A	G	3	0	33	2082	959	45	0.998082	2086	0	TRUE	PA-X:cds-XAJ25423.1	CGA	R	CGG	R	31
PA|PP755594.1|A/cattle/Texas/24-008749-003/2024(H5N1)	750	A	C	1	1	24	1943	897	44	0.998972	1945	0	TRUE	PA:cds-XAJ25422.1	TCA	S	TCC	S	250
PA|PP755594.1|A/cattle/Texas/24-008749-003/2024(H5N1)	750	A	C	1	1	24	1943	897	44	0.998972	1945	0	TRUE	PA-X:cds-XAJ25423.1	CAA	Q	CCA	P	60
PA|PP755594.1|A/cattle/Texas/24-008749-003/2024(H5N1)	756	G	A	2	0	40	1937	893	44	0.998969	1939	0	TRUE	PA:cds-XAJ25422.1	GAG	E	GAA	E	252
PA|PP755594.1|A/cattle/Texas/24-008749-003/2024(H5N1)	756	G	A	2	0	40	1937	893	44	0.998969	1939	0	TRUE	PA-X:cds-XAJ25423.1	AGG	R	AAG	K	62
PA|PP755594.1|A/cattle/Texas/24-008749-003/2024(H5N1)	774	G	A	3	2	34	2151	1302	48	0.998607	2154	0	TRUE	PA:cds-XAJ25422.1	GAG	E	GAA	E	258
PA|PP755594.1|A/cattle/Texas/24-008749-003/2024(H5N1)	781	C	T	0	0	0	2169	1360	47	1	2169	0	TRUE	PA:cds-XAJ25422.1	CTG	L	TTG	L	261
PA|PP755594.1|A/cattle/Texas/24-008749-003/2024(H5N1)	798	C	T	0	0	0	1914	1217	45	1	1914	0	TRUE	PA:cds-XAJ25422.1	CGC	R	CGT	R	266
PA|PP755594.1|A/cattle/Texas/24-008749-003/2024(H5N1)	799	C	T	3	3	29	1899	1205	45	0.997898	1903	0	TRUE	PA:cds-XAJ25422.1	CCT	P	TCT	S	267
PA|PP755594.1|A/cattle/Texas/24-008749-003/2024(H5N1)	806	G	A	0	0	0	1937	1225	44	1	1937	0	TRUE	PA:cds-XAJ25422.1	AGA	R	AAA	K	269
PA|PP755594.1|A/cattle/Texas/24-008749-003/2024(H5N1)	810	A	G	0	0	0	1893	1191	45	1	1893	0	TRUE	PA:cds-XAJ25422.1	TTA	L	TTG	L	270
PA|PP755594.1|A/cattle/Texas/24-008749-003/2024(H5N1)	819	G	A	5	1	56	1476	956	43	0.996624	1481	0	TRUE	PA:cds-XAJ25422.1	GGG	G	GGA	G	273
PA|PP755594.1|A/cattle/Texas/24-008749-003/2024(H5N1)	822	T	C	2	2	40	1473	954	43	0.998644	1475	0	TRUE	PA:cds-XAJ25422.1	CCT	P	CCC	P	274
PA|PP755594.1|A/cattle/Texas/24-008749-003/2024(H5N1)	828	T	C	0	0	0	1462	941	43	1	1462	0	TRUE	PA:cds-XAJ25422.1	TGT	C	TGC	C	276
PA|PP755594.1|A/cattle/Texas/24-008749-003/2024(H5N1)	829	C	T	0	0	0	1452	932	43	1	1452	0	TRUE	PA:cds-XAJ25422.1	CCT	P	TCT	S	277
PA|PP755594.1|A/cattle/Texas/24-008749-003/2024(H5N1)	837	G	A	0	0	0	1349	868	43	1	1349	0	TRUE	PA:cds-XAJ25422.1	CGG	R	CGA	R	279
PA|PP755594.1|A/cattle/Texas/24-008749-003/2024(H5N1)	840	G	A	0	0	0	1344	866	43	1	1344	0	TRUE	PA:cds-XAJ25422.1	TCG	S	TCA	S	280
PA|PP755594.1|A/cattle/Texas/24-008749-003/2024(H5N1)	846	C	T	0	0	0	1311	870	42	1	1311	0	TRUE	PA:cds-XAJ25422.1	TTC	F	TTT	F	282
PA|PP755594.1|A/cattle/Texas/24-008749-003/2024(H5N1)	847	T	C	2	2	32	1301	871	42	0.998465	1303	0	TRUE	PA:cds-XAJ25422.1	TTG	L	CTG	L	283
PA|PP755594.1|A/cattle/Texas/24-008749-003/2024(H5N1)	861	C	T	1	0	40	925	704	39	0.997843	927	0	TRUE	PA:cds-XAJ25422.1	GCC	A	GCT	A	287
PA|PP755594.1|A/cattle/Texas/24-008749-003/2024(H5N1)	862	C	T	0	0	0	927	704	39	1	927	0	TRUE	PA:cds-XAJ25422.1	CTT	L	TTT	F	288
PA|PP755594.1|A/cattle/Texas/24-008749-003/2024(H5N1)	864	T	G	0	0	0	931	709	39	1	931	0	TRUE	PA:cds-XAJ25422.1	CTT	L	CTG	L	288
PA|PP755594.1|A/cattle/Texas/24-008749-003/2024(H5N1)	867	G	A	0	0	0	933	712	40	1	933	0	TRUE	PA:cds-XAJ25422.1	AAG	K	AAA	K	289
PA|PP755594.1|A/cattle/Texas/24-008749-003/2024(H5N1)	870	G	A	0	0	0	939	714	39	1	939	0	TRUE	PA:cds-XAJ25422.1	TTG	L	TTA	L	290
PA|PP755594.1|A/cattle/Texas/24-008749-003/2024(H5N1)	876	C	T	0	0	0	1707	1041	42	1	1707	0	TRUE	PA:cds-XAJ25422.1	ATC	I	ATT	I	292
PA|PP755594.1|A/cattle/Texas/24-008749-003/2024(H5N1)	885	T	A	0	0	0	1799	1099	43	0.99889	1801	0	TRUE	PA:cds-XAJ25422.1	CCT	P	CCA	P	295
PA|PP755594.1|A/cattle/Texas/24-008749-003/2024(H5N1)	897	G	A	1	1	40	1865	1138	44	0.999464	1866	0	TRUE	PA:cds-XAJ25422.1	GGG	G	GGA	G	299
PA|PP755594.1|A/cattle/Texas/24-008749-003/2024(H5N1)	903	C	G	0	0	0	1860	1134	44	0.999463	1861	0	TRUE	PA:cds-XAJ25422.1	GGC	G	GGG	G	301
PA|PP755594.1|A/cattle/Texas/24-008749-003/2024(H5N1)	909	G	A	2	1	40	2301	951	42	0.999132	2303	0	TRUE	PA:cds-XAJ25422.1	CCG	P	CCA	P	303
PA|PP755594.1|A/cattle/Texas/24-008749-003/2024(H5N1)	915	T	C	5	3	40	2202	696	44	0.997734	2207	0	TRUE	PA:cds-XAJ25422.1	TAT	Y	TAC	Y	305
PA|PP755594.1|A/cattle/Texas/24-008749-003/2024(H5N1)	945	T	C	3	2	40	2072	696	42	0.996154	2080	0	TRUE	PA:cds-XAJ25422.1	TTT	F	TTC	F	315
PA|PP755594.1|A/cattle/Texas/24-008749-003/2024(H5N1)	963	C	T	2	0	40	1336	336	41	0.998505	1338	0	TRUE	PA:cds-XAJ25422.1	AAC	N	AAT	N	321
PA|PP755594.1|A/cattle/Texas/24-008749-003/2024(H5N1)	964	A	G	1	1	40	1336	333	41	0.999252	1337	0	TRUE	PA:cds-XAJ25422.1	ATC	I	GTC	V	322
PA|PP755594.1|A/cattle/Texas/24-008749-003/2024(H5N1)	966	C	A	2	0	22	1333	334	41	0.998502	1335	0	TRUE	PA:cds-XAJ25422.1	ATC	I	ATA	I	322
PA|PP755594.1|A/cattle/Texas/24-008749-003/2024(H5N1)	967	G	A	2	1	25	1332	334	41	0.998501	1334	0	TRUE	PA:cds-XAJ25422.1	GTA	V	ATA	I	323
PA|PP755594.1|A/cattle/Texas/24-008749-003/2024(H5N1)	969	A	C	1	0	21	1336	334	41	0.999252	1337	0	TRUE	PA:cds-XAJ25422.1	GTA	V	GTC	V	323
PA|PP755594.1|A/cattle/Texas/24-008749-003/2024(H5N1)	972	G	A	1	0	40	1337	335	41	0.999253	1338	0	TRUE	PA:cds-XAJ25422.1	AAG	K	AAA	K	324
PA|PP755594.1|A/cattle/Texas/24-008749-003/2024(H5N1)	975	G	A	0	0	0	1346	357	41	1	1346	0	TRUE	PA:cds-XAJ25422.1	CCG	P	CCA	P	325
PA|PP755594.1|A/cattle/Texas/24-008749-003/2024(H5N1)	981	G	A	0	0	0	1469	437	43	1	1469	0	TRUE	PA:cds-XAJ25422.1	GAG	E	GAA	E	327
PA|PP755594.1|A/cattle/Texas/24-008749-003/2024(H5N1)	984	A	G	2	1	21	1474	433	43	0.998645	1476	0	TRUE	PA:cds-XAJ25422.1	AAA	K	AAG	K	328
PA|PP755594.1|A/cattle/Texas/24-008749-003/2024(H5N1)	999	T	C	0	0	0	2043	672	45	0.999022	2045	0	TRUE	PA:cds-XAJ25422.1	AAT	N	AAC	N	333
PA|PP755594.1|A/cattle/Texas/24-008749-003/2024(H5N1)	1002	C	T	2	1	32	2034	662	44	0.999018	2036	0	TRUE	PA:cds-XAJ25422.1	TAC	Y	TAT	Y	334
PA|PP755594.1|A/cattle/Texas/24-008749-003/2024(H5N1)	1005	C	A	1342	738	38	59	0	24	0.0421128	1401	6.83869e-11	TRUE	PA:cds-XAJ25422.1	CTC	L	CTA	L	335
PA|PP755594.1|A/cattle/Texas/24-008749-003/2024(H5N1)	1020	G	A	2	0	35	2264	879	47	0.998236	2268	0	TRUE	PA:cds-XAJ25422.1	CAG	Q	CAA	Q	340
PA|PP755594.1|A/cattle/Texas/24-008749-003/2024(H5N1)	1026	G	A	2	2	32	2328	945	47	0.999142	2330	0	TRUE	PA:cds-XAJ25422.1	CTG	L	CTA	L	342
PA|PP755594.1|A/cattle/Texas/24-008749-003/2024(H5N1)	1035	T	C	0	0	0	2230	938	47	0.999552	2231	0	TRUE	PA:cds-XAJ25422.1	CTT	L	CTC	L	345
PA|PP755594.1|A/cattle/Texas/24-008749-003/2024(H5N1)	1038	A	G	0	0	0	2262	947	48	1	2262	0	TRUE	PA:cds-XAJ25422.1	CAA	Q	CAG	Q	346
PA|PP755594.1|A/cattle/Texas/24-008749-003/2024(H5N1)	1041	C	T	2235	950	47	31	17	50	0.0136805	2266	1.06791e-11	TRUE	PA:cds-XAJ25422.1	GAC	D	GAT	D	347
PA|PP755594.1|A/cattle/Texas/24-008749-003/2024(H5N1)	1042	A	C	0	0	0	2100	824	49	1	2100	0	TRUE	PA:cds-XAJ25422.1	ATT	I	CTT	L	348
PA|PP755594.1|A/cattle/Texas/24-008749-003/2024(H5N1)	1062	T	C	0	0	0	2124	1209	44	1	2124	0	TRUE	PA:cds-XAJ25422.1	ATT	I	ATC	I	354
PA|PP755594.1|A/cattle/Texas/24-008749-003/2024(H5N1)	1068	A	G	0	0	0	2105	1213	44	0.999525	2106	0	TRUE	PA:cds-XAJ25422.1	AAA	K	AAG	K	356
PA|PP755594.1|A/cattle/Texas/24-008749-003/2024(H5N1)	1071	A	G	2	2	40	2064	1171	43	0.998066	2068	0	TRUE	PA:cds-XAJ25422.1	ACA	T	ACG	T	357
PA|PP755594.1|A/cattle/Texas/24-008749-003/2024(H5N1)	1092	C	T	0	0	0	2260	1327	45	1	2260	0	TRUE	PA:cds-XAJ25422.1	AGC	S	AGT	S	364
PA|PP755594.1|A/cattle/Texas/24-008749-003/2024(H5N1)	1098	G	A	1	0	24	2326	1374	45	0.99957	2327	0	TRUE	PA:cds-XAJ25422.1	TTG	L	TTA	L	366
PA|PP755594.1|A/cattle/Texas/24-008749-003/2024(H5N1)	1125	T	A	0	0	0	2229	1192	45	0.999104	2231	0	TRUE	PA:cds-XAJ25422.1	GCT	A	GCA	A	375
PA|PP755594.1|A/cattle/Texas/24-008749-003/2024(H5N1)	1128	A	G	1	1	24	2229	1198	45	0.999104	2231	0	TRUE	PA:cds-XAJ25422.1	CCA	P	CCG	P	376
PA|PP755594.1|A/cattle/Texas/24-008749-003/2024(H5N1)	1155	A	G	1	1	40	2190	1312	45	0.999544	2191	0	TRUE	PA:cds-XAJ25422.1	AAA	K	AAG	K	385
PA|PP755594.1|A/cattle/Texas/24-008749-003/2024(H5N1)	1162	A	G	2	2	40	2106	1205	42	0.998578	2109	0	TRUE	PA:cds-XAJ25422.1	AGC	S	GGC	G	388
PA|PP755594.1|A/cattle/Texas/24-008749-003/2024(H5N1)	1172	G	A	2	1	39	2056	1219	43	0.998543	2059	0	TRUE	PA:cds-XAJ25422.1	AGA	R	AAA	K	391
PA|PP755594.1|A/cattle/Texas/24-008749-003/2024(H5N1)	1179	C	T	1	0	40	1418	831	41	0.999295	1419	0	TRUE	PA:cds-XAJ25422.1	TAC	Y	TAT	Y	393
PA|PP755594.1|A/cattle/Texas/24-008749-003/2024(H5N1)	1182	C	T	0	0	0	1426	840	41	1	1426	0	TRUE	PA:cds-XAJ25422.1	GAC	D	GAT	D	394
PA|PP755594.1|A/cattle/Texas/24-008749-003/2024(H5N1)	1185	T	C	1	1	40	1323	743	42	0.999245	1324	0	TRUE	PA:cds-XAJ25422.1	AGT	S	AGC	S	395
PA|PP755594.1|A/cattle/Texas/24-008749-003/2024(H5N1)	1188	C	T	0	0	0	1324	744	42	1	1324	0	TRUE	PA:cds-XAJ25422.1	GAC	D	GAT	D	396
PA|PP755594.1|A/cattle/Texas/24-008749-003/2024(H5N1)	1191	A	G	2	2	40	1324	743	42	0.998492	1326	0	TRUE	PA:cds-XAJ25422.1	GAA	E	GAG	E	397
PA|PP755594.1|A/cattle/Texas/24-008749-003/2024(H5N1)	1198	T	C	1	1	40	1678	908	43	0.999404	1679	0	TRUE	PA:cds-XAJ25422.1	TCT	S	CCT	P	400
PA|PP755594.1|A/cattle/Texas/24-008749-003/2024(H5N1)	1206	A	G	0	0	0	1713	901	43	1	1713	0	TRUE	PA:cds-XAJ25422.1	TCA	S	TCG	S	402
PA|PP755594.1|A/cattle/Texas/24-008749-003/2024(H5N1)	1212	A	G	0	0	0	1709	903	43	0.999415	1710	0	TRUE	PA:cds-XAJ25422.1	GCA	A	GCG	A	404
PA|PP755594.1|A/cattle/Texas/24-008749-003/2024(H5N1)	1215	C	T	1	1	40	1696	889	43	0.999411	1697	0	TRUE	PA:cds-XAJ25422.1	AGC	S	AGT	S	405
PA|PP755594.1|A/cattle/Texas/24-008749-003/2024(H5N1)	1221	T	C	0	0	0	1841	1001	44	1	1841	0	TRUE	PA:cds-XAJ25422.1	ATT	I	ATC	I	407
PA|PP755594.1|A/cattle/Texas/24-008749-003/2024(H5N1)	1236	C	T	1	1	40	1749	972	44	0.999429	1750	0	TRUE	PA:cds-XAJ25422.1	AAC	N	AAT	N	412
PA|PP755594.1|A/cattle/Texas/24-008749-003/2024(H5N1)	1245	C	T	0	0	0	832	435	40	1	832	0	TRUE	PA:cds-XAJ25422.1	TGC	C	TGT	C	415
PA|PP755594.1|A/cattle/Texas/24-008749-003/2024(H5N1)	1249	C	T	1	0	40	761	419	40	0.997379	763	0	TRUE	PA:cds-XAJ25422.1	CTG	L	TTG	L	417
PA|PP755594.1|A/cattle/Texas/24-008749-003/2024(H5N1)	1254	A	T	0	0	0	720	396	40	1	720	0	TRUE	PA:cds-XAJ25422.1	ACA	T	ACT	T	418
PA|PP755594.1|A/cattle/Texas/24-008749-003/2024(H5N1)	1257	T	C	0	0	0	721	403	40	1	721	0	TRUE	PA:cds-XAJ25422.1	GAT	D	GAC	D	419
PA|PP755594.1|A/cattle/Texas/24-008749-003/2024(H5N1)	1260	G	A	0	0	0	719	401	40	1	719	0	TRUE	PA:cds-XAJ25422.1	TCG	S	TCA	S	420
PA|PP755594.1|A/cattle/Texas/24-008749-003/2024(H5N1)	1262	G	T	0	0	0	716	398	40	1	716	0	TRUE	PA:cds-XAJ25422.1	AGT	S	ATT	I	421
PA|PP755594.1|A/cattle/Texas/24-008749-003/2024(H5N1)	1263	T	C	0	0	0	721	402	40	1	721	0	TRUE	PA:cds-XAJ25422.1	AGT	S	AGC	S	421
PA|PP755594.1|A/cattle/Texas/24-008749-003/2024(H5N1)	1269	T	A	0	0	0	888	451	41	1	888	0	TRUE	PA:cds-XAJ25422.1	ATT	I	ATA	I	423
PA|PP755594.1|A/cattle/Texas/24-008749-003/2024(H5N1)	1275	T	G	1	1	40	946	462	41	0.998944	947	0	TRUE	PA:cds-XAJ25422.1	CTT	L	CTG	L	425
PA|PP755594.1|A/cattle/Texas/24-008749-003/2024(H5N1)	1278	T	C	0	0	0	942	460	41	1	942	0	TRUE	PA:cds-XAJ25422.1	GAT	D	GAC	D	426
PA|PP755594.1|A/cattle/Texas/24-008749-003/2024(H5N1)	1281	G	A	1	1	24	943	462	41	0.997884	945	0	TRUE	PA:cds-XAJ25422.1	GAG	E	GAA	E	427
PA|PP755594.1|A/cattle/Texas/24-008749-003/2024(H5N1)	1293	C	T	0	0	0	1715	920	45	1	1715	0	TRUE	PA:cds-XAJ25422.1	GAC	D	GAT	D	431
PA|PP755594.1|A/cattle/Texas/24-008749-003/2024(H5N1)	1302	A	G	5	1	48	1830	975	46	0.997275	1835	0	TRUE	PA:cds-XAJ25422.1	CCA	P	CCG	P	434
PA|PP755594.1|A/cattle/Texas/24-008749-003/2024(H5N1)	1305	C	T	2	2	32	1879	964	45	0.998406	1882	0	TRUE	PA:cds-XAJ25422.1	ATC	I	ATT	I	435
PA|PP755594.1|A/cattle/Texas/24-008749-003/2024(H5N1)	1317	G	A	1	0	40	1814	947	45	0.999449	1815	0	TRUE	PA:cds-XAJ25422.1	GCG	A	GCA	A	439
PA|PP755594.1|A/cattle/Texas/24-008749-003/2024(H5N1)	1320	T	C	0	0	0	1815	946	44	1	1815	0	TRUE	PA:cds-XAJ25422.1	AGT	S	AGC	S	440
PA|PP755594.1|A/cattle/Texas/24-008749-003/2024(H5N1)	1321	G	A	1	0	40	1819	947	45	0.999451	1820	0	TRUE	PA:cds-XAJ25422.1	GTG	V	ATG	M	441
PA|PP755594.1|A/cattle/Texas/24-008749-003/2024(H5N1)	1332	C	T	0	0	0	1989	1051	46	1	1989	0	TRUE	PA:cds-XAJ25422.1	AAC	N	AAT	N	444
PA|PP755594.1|A/cattle/Texas/24-008749-003/2024(H5N1)	1344	G	A	0	0	0	1914	966	44	1	1914	0	TRUE	PA:cds-XAJ25422.1	GCG	A	GCA	A	448
PA|PP755594.1|A/cattle/Texas/24-008749-003/2024(H5N1)	1347	G	A	3	2	53	1907	961	44	0.998429	1910	0	TRUE	PA:cds-XAJ25422.1	GAG	E	GAA	E	449
PA|PP755594.1|A/cattle/Texas/24-008749-003/2024(H5N1)	1350	A	G	0	0	0	1932	971	44	1	1932	0	TRUE	PA:cds-XAJ25422.1	GTA	V	GTG	V	450
PA|PP755594.1|A/cattle/Texas/24-008749-003/2024(H5N1)	1354	C	A	1778	1044	39	22	0	26	0.0122154	1801	0.281845	FALSE	PA:cds-XAJ25422.1	CAT	H	AAT	N	452
PA|PP755594.1|A/cattle/Texas/24-008749-003/2024(H5N1)	1383	G	A	1	0	40	2050	1022	45	0.999512	2051	0	TRUE	PA:cds-XAJ25422.1	AAG	K	AAA	K	461
PA|PP755594.1|A/cattle/Texas/24-008749-003/2024(H5N1)	1389	A	C	0	0	0	2042	1035	45	1	2042	0	TRUE	PA:cds-XAJ25422.1	GTA	V	GTC	V	463
PA|PP755594.1|A/cattle/Texas/24-008749-003/2024(H5N1)	1398	C	T	0	0	0	1845	898	45	1	1845	0	TRUE	PA:cds-XAJ25422.1	AAC	N	AAT	N	466
PA|PP755594.1|A/cattle/Texas/24-008749-003/2024(H5N1)	1404	C	T	2	1	40	1321	645	43	0.998488	1323	0	TRUE	PA:cds-XAJ25422.1	GCC	A	GCT	A	468
PA|PP755594.1|A/cattle/Texas/24-008749-003/2024(H5N1)	1407	A	G	2	1	57	1328	655	43	0.998496	1330	0	TRUE	PA:cds-XAJ25422.1	CTA	L	CTG	L	469
PA|PP755594.1|A/cattle/Texas/24-008749-003/2024(H5N1)	1408	T	C	0	0	0	1327	656	43	0.999247	1328	0	TRUE	PA:cds-XAJ25422.1	TTG	L	CTG	L	470
PA|PP755594.1|A/cattle/Texas/24-008749-003/2024(H5N1)	1410	G	C	0	0	0	1327	655	43	1	1327	0	TRUE	PA:cds-XAJ25422.1	TTG	L	TTC	F	470
PA|PP755594.1|A/cattle/Texas/24-008749-003/2024(H5N1)	1419	C	T	0	0	0	1331	654	43	1	1331	0	TRUE	PA:cds-XAJ25422.1	TCC	S	TCT	S	473
PA|PP755594.1|A/cattle/Texas/24-008749-003/2024(H5N1)	1422	T	C	1	1	80	1325	653	43	0.998493	1327	0	TRUE	PA:cds-XAJ25422.1	TGT	C	TGC	C	474
PA|PP755594.1|A/cattle/Texas/24-008749-003/2024(H5N1)	1425	A	G	3	0	40	1324	653	43	0.997739	1327	0	TRUE	PA:cds-XAJ25422.1	GCA	A	GCG	A	475
PA|PP755594.1|A/cattle/Texas/24-008749-003/2024(H5N1)	1443	A	G	0	0	0	1858	720	43	1	1858	0	TRUE	PA:cds-XAJ25422.1	CAA	Q	CAG	Q	481
PA|PP755594.1|A/cattle/Texas/24-008749-003/2024(H5N1)	1444	T	C	1	1	40	1852	717	43	0.998921	1854	0	TRUE	PA:cds-XAJ25422.1	TTG	L	CTG	L	482
PA|PP755594.1|A/cattle/Texas/24-008749-003/2024(H5N1)	1461	T	C	0	0	0	1899	794	42	0.999474	1900	0	TRUE	PA:cds-XAJ25422.1	AGT	S	AGC	S	487
PA|PP755594.1|A/cattle/Texas/24-008749-003/2024(H5N1)	1464	G	A	2	0	40	1858	795	42	0.998925	1860	0	TRUE	PA:cds-XAJ25422.1	AAG	K	AAA	K	488
PA|PP755594.1|A/cattle/Texas/24-008749-003/2024(H5N1)	1470	A	G	0	0	0	1796	738	41	1	1796	0	TRUE	PA:cds-XAJ25422.1	AGA	R	AGG	R	490
PA|PP755594.1|A/cattle/Texas/24-008749-003/2024(H5N1)	1473	T	C	0	0	0	1792	738	42	1	1792	0	TRUE	PA:cds-XAJ25422.1	ACT	T	ACC	T	491
PA|PP755594.1|A/cattle/Texas/24-008749-003/2024(H5N1)	1483	A	C	0	0	0	2143	758	42	1	2143	0	TRUE	PA:cds-XAJ25422.1	AGA	R	CGA	R	495
PA|PP755594.1|A/cattle/Texas/24-008749-003/2024(H5N1)	1490	G	A	1	0	24	1731	584	40	0.999423	1732	0	TRUE	PA:cds-XAJ25422.1	AGG	R	AAG	K	497
PA|PP755594.1|A/cattle/Texas/24-008749-003/2024(H5N1)	1491	G	A	0	0	0	1730	595	41	1	1730	0	TRUE	PA:cds-XAJ25422.1	AGG	R	AGA	R	497
PA|PP755594.1|A/cattle/Texas/24-008749-003/2024(H5N1)	1497	T	C	1	0	40	1772	622	40	0.998873	1774	0	TRUE	PA:cds-XAJ25422.1	AAT	N	AAC	N	499
PA|PP755594.1|A/cattle/Texas/24-008749-003/2024(H5N1)	1500	G	A	2	0	40	1835	642	40	0.998911	1837	0	TRUE	PA:cds-XAJ25422.1	CTG	L	CTA	L	500
PA|PP755594.1|A/cattle/Texas/24-008749-003/2024(H5N1)	1506	A	G	0	0	0	2088	795	42	1	2088	0	TRUE	PA:cds-XAJ25422.1	GGA	G	GGG	G	502
PA|PP755594.1|A/cattle/Texas/24-008749-003/2024(H5N1)	1512	T	C	0	0	0	2204	876	44	1	2204	0	TRUE	PA:cds-XAJ25422.1	ATT	I	ATC	I	504
PA|PP755594.1|A/cattle/Texas/24-008749-003/2024(H5N1)	1524	A	G	0	0	0	2224	893	45	0.999551	2225	0	TRUE	PA:cds-XAJ25422.1	AGA	R	AGG	R	508
PA|PP755594.1|A/cattle/Texas/24-008749-003/2024(H5N1)	1527	C	T	0	0	0	2239	921	46	0.999554	2240	0	TRUE	PA:cds-XAJ25422.1	TCC	S	TCT	S	509
PA|PP755594.1|A/cattle/Texas/24-008749-003/2024(H5N1)	1528	C	A	2081	992	40	35	0	25	0.0165406	2116	0.0235015	FALSE	PA:cds-XAJ25422.1	CAT	H	AAT	N	510
PA|PP755594.1|A/cattle/Texas/24-008749-003/2024(H5N1)	1542	C	T	0	0	0	2405	1019	47	1	2405	0	TRUE	PA:cds-XAJ25422.1	GAC	D	GAT	D	514
PA|PP755594.1|A/cattle/Texas/24-008749-003/2024(H5N1)	1551	G	A	1	0	24	1745	887	43	0.999427	1746	0	TRUE	PA:cds-XAJ25422.1	GTG	V	GTA	V	517
PA|PP755594.1|A/cattle/Texas/24-008749-003/2024(H5N1)	1554	A	G	1	0	24	1755	891	44	0.999431	1756	0	TRUE	PA:cds-XAJ25422.1	GTA	V	GTG	V	518
PA|PP755594.1|A/cattle/Texas/24-008749-003/2024(H5N1)	1557	C	T	2	0	24	1749	885	43	0.998858	1751	0	TRUE	PA:cds-XAJ25422.1	AAC	N	AAT	N	519
PA|PP755594.1|A/cattle/Texas/24-008749-003/2024(H5N1)	1563	G	A	4	0	46	1763	909	43	0.997736	1767	0	TRUE	PA:cds-XAJ25422.1	GTG	V	GTA	V	521
PA|PP755594.1|A/cattle/Texas/24-008749-003/2024(H5N1)	1566	C	T	1	0	40	1792	908	44	0.999442	1793	0	TRUE	PA:cds-XAJ25422.1	AGC	S	AGT	S	522
PA|PP755594.1|A/cattle/Texas/24-008749-003/2024(H5N1)	1572	A	G	1	1	40	1801	918	44	0.999445	1802	0	TRUE	PA:cds-XAJ25422.1	GAA	E	GAG	E	524
PA|PP755594.1|A/cattle/Texas/24-008749-003/2024(H5N1)	1575	C	T	12	4	34	1795	910	44	0.993359	1807	0	TRUE	PA:cds-XAJ25422.1	TTC	F	TTT	F	525
PA|PP755594.1|A/cattle/Texas/24-008749-003/2024(H5N1)	1581	A	C	1	0	32	1757	922	41	0.999431	1758	0	TRUE	PA:cds-XAJ25422.1	CTA	L	CTC	L	527
PA|PP755594.1|A/cattle/Texas/24-008749-003/2024(H5N1)	1584	T	C	0	0	0	1811	934	44	0.999448	1812	0	TRUE	PA:cds-XAJ25422.1	ACT	T	ACC	T	528
PA|PP755594.1|A/cattle/Texas/24-008749-003/2024(H5N1)	1590	G	A	0	0	0	2073	1039	43	0.999518	2074	0	TRUE	PA:cds-XAJ25422.1	CCG	P	CCA	P	530
PA|PP755594.1|A/cattle/Texas/24-008749-003/2024(H5N1)	1596	A	G	1	0	40	2347	1146	44	0.999574	2348	0	TRUE	PA:cds-XAJ25422.1	CTA	L	CTG	L	532
PA|PP755594.1|A/cattle/Texas/24-008749-003/2024(H5N1)	1599	G	A	1	0	40	2339	1159	44	0.999146	2341	0	TRUE	PA:cds-XAJ25422.1	GAG	E	GAA	E	533
PA|PP755594.1|A/cattle/Texas/24-008749-003/2024(H5N1)	1623	T	C	0	0	0	2852	1466	45	0.999649	2853	0	TRUE	PA:cds-XAJ25422.1	TGT	C	TGC	C	541
PA|PP755594.1|A/cattle/Texas/24-008749-003/2024(H5N1)	1632	G	A	0	0	0	2356	1136	44	1	2356	0	TRUE	PA:cds-XAJ25422.1	GAG	E	GAA	E	544
PA|PP755594.1|A/cattle/Texas/24-008749-003/2024(H5N1)	1633	A	G	3	1	35	2350	1126	44	0.998725	2353	0	TRUE	PA:cds-XAJ25422.1	ATA	I	GTA	V	545
PA|PP755594.1|A/cattle/Texas/24-008749-003/2024(H5N1)	1635	A	G	2	0	40	2301	1081	42	0.999132	2303	0	TRUE	PA:cds-XAJ25422.1	ATA	I	ATG	M	545
PA|PP755594.1|A/cattle/Texas/24-008749-003/2024(H5N1)	1637	G	T	1828	531	39	36	36	25	0.0193133	1864	0.00449885	TRUE	PA:cds-XAJ25422.1	GGA	G	GTA	V	546
PA|PP755594.1|A/cattle/Texas/24-008749-003/2024(H5N1)	1641	C	T	3	2	48	2599	1285	45	0.998847	2602	0	TRUE	PA:cds-XAJ25422.1	GAC	D	GAT	D	547
PA|PP755594.1|A/cattle/Texas/24-008749-003/2024(H5N1)	1650	A	G	2	0	40	2861	1370	44	0.999301	2863	0	TRUE	PA:cds-XAJ25422.1	CTA	L	CTG	L	550
PA|PP755594.1|A/cattle/Texas/24-008749-003/2024(H5N1)	1651	C	A	0	0	0	2864	1383	45	1	2864	0	TRUE	PA:cds-XAJ25422.1	CGG	R	AGG	R	551
PA|PP755594.1|A/cattle/Texas/24-008749-003/2024(H5N1)	1673	T	C	0	0	0	3052	1262	44	1	3052	0	TRUE	PA:cds-XAJ25422.1	TTG	L	TCG	S	558
PA|PP755594.1|A/cattle/Texas/24-008749-003/2024(H5N1)	1674	G	A	2	1	36	3032	1264	43	0.999341	3034	0	TRUE	PA:cds-XAJ25422.1	TTG	L	TTA	L	558
PA|PP755594.1|A/cattle/Texas/24-008749-003/2024(H5N1)	1677	G	A	1	0	24	3053	1267	43	0.999673	3054	0	TRUE	PA:cds-XAJ25422.1	AGG	R	AGA	R	559
PA|PP755594.1|A/cattle/Texas/24-008749-003/2024(H5N1)	1695	G	T	0	0	0	2981	1041	42	0.999665	2982	0	TRUE	PA:cds-XAJ25422.1	GTG	V	GTT	V	565
PA|PP755594.1|A/cattle/Texas/24-008749-003/2024(H5N1)	1698	A	G	2	0	52	2993	1055	42	0.999332	2995	0	TRUE	PA:cds-XAJ25422.1	AGA	R	AGG	R	566
PA|PP755594.1|A/cattle/Texas/24-008749-003/2024(H5N1)	1704	T	C	21	9	39	2942	1008	42	0.992913	2963	0	TRUE	PA:cds-XAJ25422.1	AAT	N	AAC	N	568
PA|PP755594.1|A/cattle/Texas/24-008749-003/2024(H5N1)	1707	A	G	1	0	24	2945	1001	42	0.999661	2946	0	TRUE	PA:cds-XAJ25422.1	GGA	G	GGG	G	569
PA|PP755594.1|A/cattle/Texas/24-008749-003/2024(H5N1)	1710	T	C	25	11	39	2920	983	42	0.991174	2946	0	TRUE	PA:cds-XAJ25422.1	ACT	T	ACC	T	570
PA|PP755594.1|A/cattle/Texas/24-008749-003/2024(H5N1)	1716	G	A	0	0	0	3265	1099	42	1	3265	0	TRUE	PA:cds-XAJ25422.1	AAG	K	AAA	K	572
PA|PP755594.1|A/cattle/Texas/24-008749-003/2024(H5N1)	1722	A	G	3	2	33	3312	1161	43	0.999095	3315	0	TRUE	PA:cds-XAJ25422.1	AAA	K	AAG	K	574
PA|PP755594.1|A/cattle/Texas/24-008749-003/2024(H5N1)	1734	C	T	3	0	40	3575	1209	42	0.998603	3580	0	TRUE	PA:cds-XAJ25422.1	GGC	G	GGT	G	578
PA|PP755594.1|A/cattle/Texas/24-008749-003/2024(H5N1)	1749	A	T	0	0	0	3544	1212	44	0.998873	3548	0	TRUE	PA:cds-XAJ25422.1	CGA	R	CGT	R	583
PA|PP755594.1|A/cattle/Texas/24-008749-003/2024(H5N1)	1764	C	T	2	1	32	3682	1241	45	0.999457	3684	0	TRUE	PA:cds-XAJ25422.1	TCC	S	TCT	S	588
PA|PP755594.1|A/cattle/Texas/24-008749-003/2024(H5N1)	1773	A	G	29	9	41	4071	1448	47	0.992927	4100	0	TRUE	PA:cds-XAJ25422.1	CAA	Q	CAG	Q	591
PA|PP755594.1|A/cattle/Texas/24-008749-003/2024(H5N1)	1797	A	G	3	2	34	3979	1450	46	0.999247	3982	0	TRUE	PA:cds-XAJ25422.1	GAA	E	GAG	E	599
PA|PP755594.1|A/cattle/Texas/24-008749-003/2024(H5N1)	1812	G	A	2	0	40	3653	1890	45	0.999453	3655	0	TRUE	PA:cds-XAJ25422.1	GAG	E	GAA	E	604
PA|PP755594.1|A/cattle/Texas/24-008749-003/2024(H5N1)	1815	G	A	3	0	53	3627	1884	44	0.999174	3630	0	TRUE	PA:cds-XAJ25422.1	AAG	K	AAA	K	605
PA|PP755594.1|A/cattle/Texas/24-008749-003/2024(H5N1)	1822	T	A	0	0	0	3557	1917	44	1	3557	0	TRUE	PA:cds-XAJ25422.1	TCC	S	ACC	T	608
PA|PP755594.1|A/cattle/Texas/24-008749-003/2024(H5N1)	1824	C	T	0	0	0	3528	1876	44	1	3528	0	TRUE	PA:cds-XAJ25422.1	TCC	S	TCT	S	608
PA|PP755594.1|A/cattle/Texas/24-008749-003/2024(H5N1)	1827	G	A	2	0	32	3568	1923	44	0.99916	3571	0	TRUE	PA:cds-XAJ25422.1	AAG	K	AAA	K	609
PA|PP755594.1|A/cattle/Texas/24-008749-003/2024(H5N1)	1833	C	T	3	1	40	3783	2054	45	0.999208	3786	0	TRUE	PA:cds-XAJ25422.1	TTC	F	TTT	F	611
PA|PP755594.1|A/cattle/Texas/24-008749-003/2024(H5N1)	1839	A	G	4	3	40	3792	2070	45	0.998683	3797	0	TRUE	PA:cds-XAJ25422.1	GAA	E	GAG	E	613
PA|PP755594.1|A/cattle/Texas/24-008749-003/2024(H5N1)	1845	A	G	0	0	0	3720	2053	44	0.999463	3722	0	TRUE	PA:cds-XAJ25422.1	AAA	K	AAG	K	615
PA|PP755594.1|A/cattle/Texas/24-008749-003/2024(H5N1)	1848	A	G	3	1	40	3744	2073	44	0.999199	3747	0	TRUE	PA:cds-XAJ25422.1	TCA	S	TCG	S	616
PA|PP755594.1|A/cattle/Texas/24-008749-003/2024(H5N1)	1854	A	G	1	0	36	3968	2200	45	0.999748	3969	0	TRUE	PA:cds-XAJ25422.1	ACA	T	ACG	T	618
PA|PP755594.1|A/cattle/Texas/24-008749-003/2024(H5N1)	1872	A	C	0	0	0	4186	2432	45	1	4186	0	TRUE	PA:cds-XAJ25422.1	TCA	S	TCC	S	624
PA|PP755594.1|A/cattle/Texas/24-008749-003/2024(H5N1)	1884	G	A	4	1	56	4338	2569	43	0.999079	4342	0	TRUE	PA:cds-XAJ25422.1	GTG	V	GTA	V	628
PA|PP755594.1|A/cattle/Texas/24-008749-003/2024(H5N1)	1893	C	A	1	1	24	4167	2435	45	0.99952	4169	0	TRUE	PA:cds-XAJ25422.1	GGC	G	GGA	G	631
PA|PP755594.1|A/cattle/Texas/24-008749-003/2024(H5N1)	1896	T	C	2	0	40	4153	2447	44	0.999519	4155	0	TRUE	PA:cds-XAJ25422.1	TCT	S	TCC	S	632
PA|PP755594.1|A/cattle/Texas/24-008749-003/2024(H5N1)	1905	A	G	6	5	50	4154	2482	44	0.998318	4161	0	TRUE	PA:cds-XAJ25422.1	AAA	K	AAG	K	635
PA|PP755594.1|A/cattle/Texas/24-008749-003/2024(H5N1)	1917	A	C	1	1	40	3532	1905	41	0.999151	3535	0	TRUE	PA:cds-XAJ25422.1	ACA	T	ACC	T	639
PA|PP755594.1|A/cattle/Texas/24-008749-003/2024(H5N1)	1918	T	C	1	1	24	3516	1916	41	0.999431	3518	0	TRUE	PA:cds-XAJ25422.1	TTG	L	CTG	L	640
PA|PP755594.1|A/cattle/Texas/24-008749-003/2024(H5N1)	1923	A	G	0	0	0	3510	1890	40	0.999146	3513	0	TRUE	PA:cds-XAJ25422.1	CTA	L	CTG	L	641
PA|PP755594.1|A/cattle/Texas/24-008749-003/2024(H5N1)	1929	G	A	1	0	40	4119	2583	42	0.999757	4120	0	TRUE	PA:cds-XAJ25422.1	AAG	K	AAA	K	643
PA|PP755594.1|A/cattle/Texas/24-008749-003/2024(H5N1)	1935	G	A	1	1	24	4182	2633	44	0.999761	4183	0	TRUE	PA:cds-XAJ25422.1	GTG	V	GTA	V	645
PA|PP755594.1|A/cattle/Texas/24-008749-003/2024(H5N1)	1944	C	T	4	1	60	4307	2638	44	0.999072	4311	0	TRUE	PA:cds-XAJ25422.1	AGC	S	AGT	S	648
PA|PP755594.1|A/cattle/Texas/24-008749-003/2024(H5N1)	1950	T	C	2	0	40	3802	2103	45	0.999474	3804	0	TRUE	PA:cds-XAJ25422.1	TAT	Y	TAC	Y	650
PA|PP755594.1|A/cattle/Texas/24-008749-003/2024(H5N1)	1956	T	C	1	1	80	3303	1798	44	0.999697	3304	0	TRUE	PA:cds-XAJ25422.1	TCT	S	TCC	S	652
PA|PP755594.1|A/cattle/Texas/24-008749-003/2024(H5N1)	1959	T	A	0	0	0	3304	1802	44	0.999395	3306	0	TRUE	PA:cds-XAJ25422.1	CCT	P	CCA	P	653
PA|PP755594.1|A/cattle/Texas/24-008749-003/2024(H5N1)	1965	C	T	1	0	40	3346	1851	44	0.999403	3348	0	TRUE	PA:cds-XAJ25422.1	CTC	L	CTT	L	655
PA|PP755594.1|A/cattle/Texas/24-008749-003/2024(H5N1)	1968	G	A	1	0	64	3358	1868	44	0.999702	3359	0	TRUE	PA:cds-XAJ25422.1	GAG	E	GAA	E	656
PA|PP755594.1|A/cattle/Texas/24-008749-003/2024(H5N1)	1971	G	A	1	1	29	3354	1881	44	0.999702	3355	0	TRUE	PA:cds-XAJ25422.1	GGG	G	GGA	G	657
PA|PP755594.1|A/cattle/Texas/24-008749-003/2024(H5N1)	1980	T	A	3	2	40	4703	2344	46	0.998938	4708	0	TRUE	PA:cds-XAJ25422.1	GCT	A	GCA	A	660
PA|PP755594.1|A/cattle/Texas/24-008749-003/2024(H5N1)	1986	A	G	6	4	41	4699	2311	45	0.998513	4706	0	TRUE	PA:cds-XAJ25422.1	TCA	S	TCG	S	662
PA|PP755594.1|A/cattle/Texas/24-008749-003/2024(H5N1)	1989	A	G	4	1	36	4741	2355	46	0.999157	4745	0	TRUE	PA:cds-XAJ25422.1	AGA	R	AGG	R	663
PA|PP755594.1|A/cattle/Texas/24-008749-003/2024(H5N1)	1993	T	C	7	3	39	4750	2399	46	0.998319	4758	0	TRUE	PA:cds-XAJ25422.1	TTG	L	CTG	L	665
PA|PP755594.1|A/cattle/Texas/24-008749-003/2024(H5N1)	2052	G	A	8	5	60	4712	3308	53	0.998305	4720	0	TRUE	PA:cds-XAJ25422.1	GGG	G	GGA	G	684
PA|PP755594.1|A/cattle/Texas/24-008749-003/2024(H5N1)	2088	C	T	3	2	53	4069	3189	56	0.999018	4073	0	TRUE	PA:cds-XAJ25422.1	AAC	N	AAT	N	696
PA|PP755594.1|A/cattle/Texas/24-008749-003/2024(H5N1)	2134	A	G	1	1	40	3252	2871	47	0.999693	3253	0	TRUE	PA:cds-XAJ25422.1	ACA	T	GCA	A	712
