REGION	POS	REF	ALT	REF_DP	REF_RV	REF_QUAL	ALT_DP	ALT_RV	ALT_QUAL	ALT_FREQ	TOTAL_DP	PVAL	PASS	GFF_FEATURE	REF_CODON	REF_AA	ALT_CODON	ALT_AA	POS_AA
PA|PP755594.1|A/cattle/Texas/24-008749-003/2024(H5N1)	6	A	G	482	27	40	7	0	37	0.0143149	489	1.96792e-05	TRUE	PA:cds-XAJ25422.1	GAA	E	GAG	E	2
PA|PP755594.1|A/cattle/Texas/24-008749-003/2024(H5N1)	6	A	G	482	27	40	7	0	37	0.0143149	489	1.96792e-05	TRUE	PA-X:cds-XAJ25423.1	GAA	E	GAG	E	2
PA|PP755594.1|A/cattle/Texas/24-008749-003/2024(H5N1)	39	T	C	0	0	0	1822	171	40	1	1822	0	TRUE	PA:cds-XAJ25422.1	ATT	I	ATC	I	13
PA|PP755594.1|A/cattle/Texas/24-008749-003/2024(H5N1)	39	T	C	0	0	0	1822	171	40	1	1822	0	TRUE	PA-X:cds-XAJ25423.1	ATT	I	ATC	I	13
PA|PP755594.1|A/cattle/Texas/24-008749-003/2024(H5N1)	57	A	G	0	0	0	2032	227	41	0.999017	2034	0	TRUE	PA:cds-XAJ25422.1	AAA	K	AAG	K	19
PA|PP755594.1|A/cattle/Texas/24-008749-003/2024(H5N1)	57	A	G	0	0	0	2032	227	41	0.999017	2034	0	TRUE	PA-X:cds-XAJ25423.1	AAA	K	AAG	K	19
PA|PP755594.1|A/cattle/Texas/24-008749-003/2024(H5N1)	93	G	A	4	3	37	2906	448	42	0.998625	2910	0	TRUE	PA:cds-XAJ25422.1	GAG	E	GAA	E	31
PA|PP755594.1|A/cattle/Texas/24-008749-003/2024(H5N1)	93	G	A	4	3	37	2906	448	42	0.998625	2910	0	TRUE	PA-X:cds-XAJ25423.1	GAG	E	GAA	E	31
PA|PP755594.1|A/cattle/Texas/24-008749-003/2024(H5N1)	96	A	T	0	0	0	2914	442	42	1	2914	0	TRUE	PA:cds-XAJ25422.1	ACA	T	ACT	T	32
PA|PP755594.1|A/cattle/Texas/24-008749-003/2024(H5N1)	96	A	T	0	0	0	2914	442	42	1	2914	0	TRUE	PA-X:cds-XAJ25423.1	ACA	T	ACT	T	32
PA|PP755594.1|A/cattle/Texas/24-008749-003/2024(H5N1)	102	A	G	4	2	50	2950	448	42	0.998646	2954	0	TRUE	PA:cds-XAJ25422.1	AAA	K	AAG	K	34
PA|PP755594.1|A/cattle/Texas/24-008749-003/2024(H5N1)	102	A	G	4	2	50	2950	448	42	0.998646	2954	0	TRUE	PA-X:cds-XAJ25423.1	AAA	K	AAG	K	34
PA|PP755594.1|A/cattle/Texas/24-008749-003/2024(H5N1)	105	T	C	3	2	40	2978	466	42	0.998659	2982	0	TRUE	PA:cds-XAJ25422.1	TTT	F	TTC	F	35
PA|PP755594.1|A/cattle/Texas/24-008749-003/2024(H5N1)	105	T	C	3	2	40	2978	466	42	0.998659	2982	0	TRUE	PA-X:cds-XAJ25423.1	TTT	F	TTC	F	35
PA|PP755594.1|A/cattle/Texas/24-008749-003/2024(H5N1)	108	C	T	6	2	50	2989	472	42	0.997997	2995	0	TRUE	PA:cds-XAJ25422.1	GCC	A	GCT	A	36
PA|PP755594.1|A/cattle/Texas/24-008749-003/2024(H5N1)	108	C	T	6	2	50	2989	472	42	0.997997	2995	0	TRUE	PA-X:cds-XAJ25423.1	GCC	A	GCT	A	36
PA|PP755594.1|A/cattle/Texas/24-008749-003/2024(H5N1)	120	A	T	0	0	0	3724	916	43	0.999463	3726	0	TRUE	PA:cds-XAJ25422.1	ACA	T	ACT	T	40
PA|PP755594.1|A/cattle/Texas/24-008749-003/2024(H5N1)	120	A	T	0	0	0	3724	916	43	0.999463	3726	0	TRUE	PA-X:cds-XAJ25423.1	ACA	T	ACT	T	40
PA|PP755594.1|A/cattle/Texas/24-008749-003/2024(H5N1)	123	C	T	4	1	40	3705	919	43	0.998922	3709	0	TRUE	PA:cds-XAJ25422.1	CAC	H	CAT	H	41
PA|PP755594.1|A/cattle/Texas/24-008749-003/2024(H5N1)	123	C	T	4	1	40	3705	919	43	0.998922	3709	0	TRUE	PA-X:cds-XAJ25423.1	CAC	H	CAT	H	41
PA|PP755594.1|A/cattle/Texas/24-008749-003/2024(H5N1)	126	A	G	0	0	0	3749	948	43	1	3749	0	TRUE	PA:cds-XAJ25422.1	TTA	L	TTG	L	42
PA|PP755594.1|A/cattle/Texas/24-008749-003/2024(H5N1)	126	A	G	0	0	0	3749	948	43	1	3749	0	TRUE	PA-X:cds-XAJ25423.1	TTA	L	TTG	L	42
PA|PP755594.1|A/cattle/Texas/24-008749-003/2024(H5N1)	159	T	C	6	0	40	3419	1470	39	0.997375	3428	0	TRUE	PA:cds-XAJ25422.1	TTT	F	TTC	F	53
PA|PP755594.1|A/cattle/Texas/24-008749-003/2024(H5N1)	159	T	C	6	0	40	3419	1470	39	0.997375	3428	0	TRUE	PA-X:cds-XAJ25423.1	TTT	F	TTC	F	53
PA|PP755594.1|A/cattle/Texas/24-008749-003/2024(H5N1)	165	C	T	0	0	0	3235	1351	43	0.999382	3237	0	TRUE	PA:cds-XAJ25422.1	GAC	D	GAT	D	55
PA|PP755594.1|A/cattle/Texas/24-008749-003/2024(H5N1)	165	C	T	0	0	0	3235	1351	43	0.999382	3237	0	TRUE	PA-X:cds-XAJ25423.1	GAC	D	GAT	D	55
PA|PP755594.1|A/cattle/Texas/24-008749-003/2024(H5N1)	171	A	G	9	2	48	2738	1203	42	0.996724	2747	0	TRUE	PA:cds-XAJ25422.1	CGA	R	CGG	R	57
PA|PP755594.1|A/cattle/Texas/24-008749-003/2024(H5N1)	171	A	G	9	2	48	2738	1203	42	0.996724	2747	0	TRUE	PA-X:cds-XAJ25423.1	CGA	R	CGG	R	57
PA|PP755594.1|A/cattle/Texas/24-008749-003/2024(H5N1)	176	A	G	2	0	40	2758	1231	41	0.998552	2762	0	TRUE	PA:cds-XAJ25422.1	GAA	E	GGA	G	59
PA|PP755594.1|A/cattle/Texas/24-008749-003/2024(H5N1)	176	A	G	2	0	40	2758	1231	41	0.998552	2762	0	TRUE	PA-X:cds-XAJ25423.1	GAA	E	GGA	G	59
PA|PP755594.1|A/cattle/Texas/24-008749-003/2024(H5N1)	183	G	A	4	3	36	2446	1121	42	0.99796	2451	0	TRUE	PA:cds-XAJ25422.1	ATG	M	ATA	I	61
PA|PP755594.1|A/cattle/Texas/24-008749-003/2024(H5N1)	183	G	A	4	3	36	2446	1121	42	0.99796	2451	0	TRUE	PA-X:cds-XAJ25423.1	ATG	M	ATA	I	61
PA|PP755594.1|A/cattle/Texas/24-008749-003/2024(H5N1)	189	A	G	14	8	32	2311	1063	42	0.993978	2325	0	TRUE	PA:cds-XAJ25422.1	GTA	V	GTG	V	63
PA|PP755594.1|A/cattle/Texas/24-008749-003/2024(H5N1)	189	A	G	14	8	32	2311	1063	42	0.993978	2325	0	TRUE	PA-X:cds-XAJ25423.1	GTA	V	GTG	V	63
PA|PP755594.1|A/cattle/Texas/24-008749-003/2024(H5N1)	211	T	C	2	1	26	1286	585	41	0.998447	1288	0	TRUE	PA:cds-XAJ25422.1	TTA	L	CTA	L	71
PA|PP755594.1|A/cattle/Texas/24-008749-003/2024(H5N1)	211	T	C	2	1	26	1286	585	41	0.998447	1288	0	TRUE	PA-X:cds-XAJ25423.1	TTA	L	CTA	L	71
PA|PP755594.1|A/cattle/Texas/24-008749-003/2024(H5N1)	214	T	C	1	0	40	1224	589	39	0.998369	1226	0	TRUE	PA:cds-XAJ25422.1	TTG	L	CTG	L	72
PA|PP755594.1|A/cattle/Texas/24-008749-003/2024(H5N1)	214	T	C	1	0	40	1224	589	39	0.998369	1226	0	TRUE	PA-X:cds-XAJ25423.1	TTG	L	CTG	L	72
PA|PP755594.1|A/cattle/Texas/24-008749-003/2024(H5N1)	219	A	G	0	0	0	1226	583	41	0.993517	1234	0	TRUE	PA:cds-XAJ25422.1	AAA	K	AAG	K	73
PA|PP755594.1|A/cattle/Texas/24-008749-003/2024(H5N1)	219	A	G	0	0	0	1226	583	41	0.993517	1234	0	TRUE	PA-X:cds-XAJ25423.1	AAA	K	AAG	K	73
PA|PP755594.1|A/cattle/Texas/24-008749-003/2024(H5N1)	222	C	T	1	1	40	1214	578	41	0.998355	1216	0	TRUE	PA:cds-XAJ25422.1	CAC	H	CAT	H	74
PA|PP755594.1|A/cattle/Texas/24-008749-003/2024(H5N1)	222	C	T	1	1	40	1214	578	41	0.998355	1216	0	TRUE	PA-X:cds-XAJ25423.1	CAC	H	CAT	H	74
PA|PP755594.1|A/cattle/Texas/24-008749-003/2024(H5N1)	237	C	T	2	2	40	1264	614	42	0.997632	1267	0	TRUE	PA:cds-XAJ25422.1	ATC	I	ATT	I	79
PA|PP755594.1|A/cattle/Texas/24-008749-003/2024(H5N1)	237	C	T	2	2	40	1264	614	42	0.997632	1267	0	TRUE	PA-X:cds-XAJ25423.1	ATC	I	ATT	I	79
PA|PP755594.1|A/cattle/Texas/24-008749-003/2024(H5N1)	243	G	A	2	0	46	1162	581	41	0.998282	1164	0	TRUE	PA:cds-XAJ25422.1	GGG	G	GGA	G	81
PA|PP755594.1|A/cattle/Texas/24-008749-003/2024(H5N1)	243	G	A	2	0	46	1162	581	41	0.998282	1164	0	TRUE	PA-X:cds-XAJ25423.1	GGG	G	GGA	G	81
PA|PP755594.1|A/cattle/Texas/24-008749-003/2024(H5N1)	245	G	T	864	264	37	19	19	25	0.0215176	883	0.0202906	FALSE	PA:cds-XAJ25422.1	AGA	R	ATA	I	82
PA|PP755594.1|A/cattle/Texas/24-008749-003/2024(H5N1)	245	G	T	864	264	37	19	19	25	0.0215176	883	0.0202906	FALSE	PA-X:cds-XAJ25423.1	AGA	R	ATA	I	82
PA|PP755594.1|A/cattle/Texas/24-008749-003/2024(H5N1)	250	C	A	0	0	0	1063	515	42	0.99906	1064	0	TRUE	PA:cds-XAJ25422.1	CGA	R	AGA	R	84
PA|PP755594.1|A/cattle/Texas/24-008749-003/2024(H5N1)	250	C	A	0	0	0	1063	515	42	0.99906	1064	0	TRUE	PA-X:cds-XAJ25423.1	CGA	R	AGA	R	84
PA|PP755594.1|A/cattle/Texas/24-008749-003/2024(H5N1)	253	G	A	0	0	0	1061	523	42	0.998119	1063	0	TRUE	PA:cds-XAJ25422.1	GCA	A	ACA	T	85
PA|PP755594.1|A/cattle/Texas/24-008749-003/2024(H5N1)	253	G	A	0	0	0	1061	523	42	0.998119	1063	0	TRUE	PA-X:cds-XAJ25423.1	GCA	A	ACA	T	85
PA|PP755594.1|A/cattle/Texas/24-008749-003/2024(H5N1)	273	G	A	0	0	0	836	454	41	1	836	0	TRUE	PA:cds-XAJ25422.1	GTG	V	GTA	V	91
PA|PP755594.1|A/cattle/Texas/24-008749-003/2024(H5N1)	273	G	A	0	0	0	836	454	41	1	836	0	TRUE	PA-X:cds-XAJ25423.1	GTG	V	GTA	V	91
PA|PP755594.1|A/cattle/Texas/24-008749-003/2024(H5N1)	279	T	C	57	35	32	686	365	41	0.923284	743	0	TRUE	PA:cds-XAJ25422.1	AGT	S	AGC	S	93
PA|PP755594.1|A/cattle/Texas/24-008749-003/2024(H5N1)	279	T	C	57	35	32	686	365	41	0.923284	743	0	TRUE	PA-X:cds-XAJ25423.1	AGT	S	AGC	S	93
PA|PP755594.1|A/cattle/Texas/24-008749-003/2024(H5N1)	294	A	G	0	0	0	422	219	41	1	422	6.85129e-263	TRUE	PA:cds-XAJ25422.1	ACA	T	ACG	T	98
PA|PP755594.1|A/cattle/Texas/24-008749-003/2024(H5N1)	294	A	G	0	0	0	422	219	41	1	422	6.85129e-263	TRUE	PA-X:cds-XAJ25423.1	ACA	T	ACG	T	98
PA|PP755594.1|A/cattle/Texas/24-008749-003/2024(H5N1)	297	G	A	0	0	0	423	218	41	1	423	8.92597e-262	TRUE	PA:cds-XAJ25422.1	GGG	G	GGA	G	99
PA|PP755594.1|A/cattle/Texas/24-008749-003/2024(H5N1)	297	G	A	0	0	0	423	218	41	1	423	8.92597e-262	TRUE	PA-X:cds-XAJ25423.1	GGG	G	GGA	G	99
PA|PP755594.1|A/cattle/Texas/24-008749-003/2024(H5N1)	303	A	G	0	0	0	424	223	41	1	424	1.59219e-263	TRUE	PA:cds-XAJ25422.1	GAA	E	GAG	E	101
PA|PP755594.1|A/cattle/Texas/24-008749-003/2024(H5N1)	303	A	G	0	0	0	424	223	41	1	424	1.59219e-263	TRUE	PA-X:cds-XAJ25423.1	GAA	E	GAG	E	101
PA|PP755594.1|A/cattle/Texas/24-008749-003/2024(H5N1)	312	A	G	0	0	0	396	212	41	1	396	5.98456e-247	TRUE	PA:cds-XAJ25422.1	AAA	K	AAG	K	104
PA|PP755594.1|A/cattle/Texas/24-008749-003/2024(H5N1)	312	A	G	0	0	0	396	212	41	1	396	5.98456e-247	TRUE	PA-X:cds-XAJ25423.1	AAA	K	AAG	K	104
PA|PP755594.1|A/cattle/Texas/24-008749-003/2024(H5N1)	318	C	T	3	2	40	318	179	41	0.990654	321	3.49762e-195	TRUE	PA:cds-XAJ25422.1	CTC	L	CTT	L	106
PA|PP755594.1|A/cattle/Texas/24-008749-003/2024(H5N1)	318	C	T	3	2	40	318	179	41	0.990654	321	3.49762e-195	TRUE	PA-X:cds-XAJ25423.1	CTC	L	CTT	L	106
PA|PP755594.1|A/cattle/Texas/24-008749-003/2024(H5N1)	333	C	T	2	2	32	174	103	39	0.988636	176	1.39271e-104	TRUE	PA:cds-XAJ25422.1	GAC	D	GAT	D	111
PA|PP755594.1|A/cattle/Texas/24-008749-003/2024(H5N1)	333	C	T	2	2	32	174	103	39	0.988636	176	1.39271e-104	TRUE	PA-X:cds-XAJ25423.1	GAC	D	GAT	D	111
PA|PP755594.1|A/cattle/Texas/24-008749-003/2024(H5N1)	338	G	A	1	0	40	173	107	40	0.994253	174	3.22696e-104	TRUE	PA:cds-XAJ25422.1	AGA	R	AAA	K	113
PA|PP755594.1|A/cattle/Texas/24-008749-003/2024(H5N1)	338	G	A	1	0	40	173	107	40	0.994253	174	3.22696e-104	TRUE	PA-X:cds-XAJ25423.1	AGA	R	AAA	K	113
PA|PP755594.1|A/cattle/Texas/24-008749-003/2024(H5N1)	339	A	G	3	3	53	166	100	40	0.982249	169	6.7618e-99	TRUE	PA:cds-XAJ25422.1	AGA	R	AGG	R	113
PA|PP755594.1|A/cattle/Texas/24-008749-003/2024(H5N1)	339	A	G	3	3	53	166	100	40	0.982249	169	6.7618e-99	TRUE	PA-X:cds-XAJ25423.1	AGA	R	AGG	R	113
PA|PP755594.1|A/cattle/Texas/24-008749-003/2024(H5N1)	346	A	C	0	0	0	167	101	40	1	167	5.55445e-102	TRUE	PA:cds-XAJ25422.1	AGA	R	CGA	R	116
PA|PP755594.1|A/cattle/Texas/24-008749-003/2024(H5N1)	346	A	C	0	0	0	167	101	40	1	167	5.55445e-102	TRUE	PA-X:cds-XAJ25423.1	AGA	R	CGA	R	116
PA|PP755594.1|A/cattle/Texas/24-008749-003/2024(H5N1)	353	T	-TGA	164	96	38	2	0	20	0.0115607	173	0.486648	FALSE	NA	NA	NA	NA	NA	NA
PA|PP755594.1|A/cattle/Texas/24-008749-003/2024(H5N1)	357	A	G	0	0	0	136	79	40	1	136	1.21085e-83	TRUE	PA:cds-XAJ25422.1	GAA	E	GAG	E	119
PA|PP755594.1|A/cattle/Texas/24-008749-003/2024(H5N1)	357	A	G	0	0	0	136	79	40	1	136	1.21085e-83	TRUE	PA-X:cds-XAJ25423.1	GAA	E	GAG	E	119
PA|PP755594.1|A/cattle/Texas/24-008749-003/2024(H5N1)	420	A	C	0	0	0	164	110	39	1	164	1.806e-100	TRUE	PA:cds-XAJ25422.1	TCA	S	TCC	S	140
PA|PP755594.1|A/cattle/Texas/24-008749-003/2024(H5N1)	420	A	C	0	0	0	164	110	39	1	164	1.806e-100	TRUE	PA-X:cds-XAJ25423.1	TCA	S	TCC	S	140
PA|PP755594.1|A/cattle/Texas/24-008749-003/2024(H5N1)	426	A	G	0	0	0	130	84	37	1	130	8.49251e-88	TRUE	PA:cds-XAJ25422.1	AAA	K	AAG	K	142
PA|PP755594.1|A/cattle/Texas/24-008749-003/2024(H5N1)	426	A	G	0	0	0	130	84	37	1	130	8.49251e-88	TRUE	PA-X:cds-XAJ25423.1	AAA	K	AAG	K	142
PA|PP755594.1|A/cattle/Texas/24-008749-003/2024(H5N1)	432	T	C	0	0	0	130	87	38	1	130	2.52015e-80	TRUE	PA:cds-XAJ25422.1	CAT	H	CAC	H	144
PA|PP755594.1|A/cattle/Texas/24-008749-003/2024(H5N1)	432	T	C	0	0	0	130	87	38	1	130	2.52015e-80	TRUE	PA-X:cds-XAJ25423.1	CAT	H	CAC	H	144
PA|PP755594.1|A/cattle/Texas/24-008749-003/2024(H5N1)	435	T	C	0	0	0	132	87	38	1	132	1.16116e-80	TRUE	PA:cds-XAJ25422.1	ATT	I	ATC	I	145
PA|PP755594.1|A/cattle/Texas/24-008749-003/2024(H5N1)	435	T	C	0	0	0	132	87	38	1	132	1.16116e-80	TRUE	PA-X:cds-XAJ25423.1	ATT	I	ATC	I	145
PA|PP755594.1|A/cattle/Texas/24-008749-003/2024(H5N1)	441	A	T	0	0	0	2	0	40	0.0147059	136	8.94855e-05	TRUE	PA:cds-XAJ25422.1	ATA	I	ATT	I	147
PA|PP755594.1|A/cattle/Texas/24-008749-003/2024(H5N1)	441	A	T	0	0	0	2	0	40	0.0147059	136	8.94855e-05	TRUE	PA-X:cds-XAJ25423.1	ATA	I	ATT	I	147
PA|PP755594.1|A/cattle/Texas/24-008749-003/2024(H5N1)	441	A	C	0	0	0	134	89	40	0.985294	136	3.83322e-84	TRUE	PA:cds-XAJ25422.1	ATA	I	ATC	I	147
PA|PP755594.1|A/cattle/Texas/24-008749-003/2024(H5N1)	441	A	C	0	0	0	134	89	40	0.985294	136	3.83322e-84	TRUE	PA-X:cds-XAJ25423.1	ATA	I	ATC	I	147
PA|PP755594.1|A/cattle/Texas/24-008749-003/2024(H5N1)	450	C	T	0	0	0	139	87	40	1	139	5.08917e-86	TRUE	PA:cds-XAJ25422.1	TTC	F	TTT	F	150
PA|PP755594.1|A/cattle/Texas/24-008749-003/2024(H5N1)	450	C	T	0	0	0	139	87	40	1	139	5.08917e-86	TRUE	PA-X:cds-XAJ25423.1	TTC	F	TTT	F	150
PA|PP755594.1|A/cattle/Texas/24-008749-003/2024(H5N1)	455	G	T	121	65	35	2	2	24	0.0162602	123	0.420915	FALSE	PA:cds-XAJ25422.1	GGA	G	GTA	V	152
PA|PP755594.1|A/cattle/Texas/24-008749-003/2024(H5N1)	455	G	T	121	65	35	2	2	24	0.0162602	123	0.420915	FALSE	PA-X:cds-XAJ25423.1	GGA	G	GTA	V	152
PA|PP755594.1|A/cattle/Texas/24-008749-003/2024(H5N1)	456	A	G	138	84	41	5	4	33	0.034965	143	0.0262481	FALSE	PA:cds-XAJ25422.1	GGA	G	GGG	G	152
PA|PP755594.1|A/cattle/Texas/24-008749-003/2024(H5N1)	456	A	G	138	84	41	5	4	33	0.034965	143	0.0262481	FALSE	PA-X:cds-XAJ25423.1	GGA	G	GGG	G	152
PA|PP755594.1|A/cattle/Texas/24-008749-003/2024(H5N1)	459	G	A	0	0	0	141	87	41	1	141	1.19867e-86	TRUE	PA:cds-XAJ25422.1	GAG	E	GAA	E	153
PA|PP755594.1|A/cattle/Texas/24-008749-003/2024(H5N1)	459	G	A	0	0	0	141	87	41	1	141	1.19867e-86	TRUE	PA-X:cds-XAJ25423.1	GAG	E	GAA	E	153
PA|PP755594.1|A/cattle/Texas/24-008749-003/2024(H5N1)	471	C	T	1	0	40	130	73	40	0.984848	132	4.64977e-79	TRUE	PA:cds-XAJ25422.1	ACC	T	ACT	T	157
PA|PP755594.1|A/cattle/Texas/24-008749-003/2024(H5N1)	471	C	T	1	0	40	130	73	40	0.984848	132	4.64977e-79	TRUE	PA-X:cds-XAJ25423.1	ACC	T	ACT	T	157
PA|PP755594.1|A/cattle/Texas/24-008749-003/2024(H5N1)	474	G	A	0	0	0	133	75	40	1	133	7.68521e-82	TRUE	PA:cds-XAJ25422.1	AAG	K	AAA	K	158
PA|PP755594.1|A/cattle/Texas/24-008749-003/2024(H5N1)	474	G	A	0	0	0	133	75	40	1	133	7.68521e-82	TRUE	PA-X:cds-XAJ25423.1	AAG	K	AAA	K	158
PA|PP755594.1|A/cattle/Texas/24-008749-003/2024(H5N1)	476	C	T	132	73	40	2	2	40	0.0149254	134	0.233114	FALSE	PA:cds-XAJ25422.1	GCG	A	GTG	V	159
PA|PP755594.1|A/cattle/Texas/24-008749-003/2024(H5N1)	476	C	T	132	73	40	2	2	40	0.0149254	134	0.233114	FALSE	PA-X:cds-XAJ25423.1	GCG	A	GTG	V	159
PA|PP755594.1|A/cattle/Texas/24-008749-003/2024(H5N1)	477	G	A	0	0	0	134	76	41	1	134	9.94634e-83	TRUE	PA:cds-XAJ25422.1	GCG	A	GCA	A	159
PA|PP755594.1|A/cattle/Texas/24-008749-003/2024(H5N1)	477	G	A	0	0	0	134	76	41	1	134	9.94634e-83	TRUE	PA-X:cds-XAJ25423.1	GCG	A	GCA	A	159
PA|PP755594.1|A/cattle/Texas/24-008749-003/2024(H5N1)	492	T	C	0	0	0	137	68	41	1	137	8.10569e-85	TRUE	PA:cds-XAJ25422.1	GAT	D	GAC	D	164
PA|PP755594.1|A/cattle/Texas/24-008749-003/2024(H5N1)	492	T	C	0	0	0	137	68	41	1	137	8.10569e-85	TRUE	PA-X:cds-XAJ25423.1	GAT	D	GAC	D	164
PA|PP755594.1|A/cattle/Texas/24-008749-003/2024(H5N1)	498	G	A	0	0	0	136	67	41	1	136	8.75651e-85	TRUE	PA:cds-XAJ25422.1	GAG	E	GAA	E	166
PA|PP755594.1|A/cattle/Texas/24-008749-003/2024(H5N1)	498	G	A	0	0	0	136	67	41	1	136	8.75651e-85	TRUE	PA-X:cds-XAJ25423.1	GAG	E	GAA	E	166
PA|PP755594.1|A/cattle/Texas/24-008749-003/2024(H5N1)	510	A	G	1	0	40	119	60	41	0.991667	120	6.11303e-75	TRUE	PA:cds-XAJ25422.1	AGA	R	AGG	R	170
PA|PP755594.1|A/cattle/Texas/24-008749-003/2024(H5N1)	510	A	G	1	0	40	119	60	41	0.991667	120	6.11303e-75	TRUE	PA-X:cds-XAJ25423.1	AGA	R	AGG	R	170
PA|PP755594.1|A/cattle/Texas/24-008749-003/2024(H5N1)	513	A	T	0	0	0	119	60	39	1	119	2.14747e-75	TRUE	PA:cds-XAJ25422.1	ATA	I	ATT	I	171
PA|PP755594.1|A/cattle/Texas/24-008749-003/2024(H5N1)	513	A	T	0	0	0	119	60	39	1	119	2.14747e-75	TRUE	PA-X:cds-XAJ25423.1	ATA	I	ATT	I	171
PA|PP755594.1|A/cattle/Texas/24-008749-003/2024(H5N1)	522	A	G	0	0	0	119	55	42	1	119	7.68229e-75	TRUE	PA:cds-XAJ25422.1	AGA	R	AGG	R	174
PA|PP755594.1|A/cattle/Texas/24-008749-003/2024(H5N1)	522	A	G	0	0	0	119	55	42	1	119	7.68229e-75	TRUE	PA-X:cds-XAJ25423.1	AGA	R	AGG	R	174
PA|PP755594.1|A/cattle/Texas/24-008749-003/2024(H5N1)	525	G	A	0	0	0	123	58	41	1	123	4.45927e-78	TRUE	PA:cds-XAJ25422.1	CTG	L	CTA	L	175
PA|PP755594.1|A/cattle/Texas/24-008749-003/2024(H5N1)	525	G	A	0	0	0	123	58	41	1	123	4.45927e-78	TRUE	PA-X:cds-XAJ25423.1	CTG	L	CTA	L	175
PA|PP755594.1|A/cattle/Texas/24-008749-003/2024(H5N1)	552	T	C	0	0	0	122	54	40	1	122	1.17791e-74	TRUE	PA:cds-XAJ25422.1	AGT	S	AGC	S	184
PA|PP755594.1|A/cattle/Texas/24-008749-003/2024(H5N1)	552	T	C	0	0	0	122	54	40	1	122	1.17791e-74	TRUE	PA-X:cds-XAJ25423.1	AGT	S	AGC	S	184
PA|PP755594.1|A/cattle/Texas/24-008749-003/2024(H5N1)	555	A	G	0	0	0	118	51	39	1	118	1.62038e-74	TRUE	PA:cds-XAJ25422.1	AGA	R	AGG	R	185
PA|PP755594.1|A/cattle/Texas/24-008749-003/2024(H5N1)	555	A	G	0	0	0	118	51	39	1	118	1.62038e-74	TRUE	PA-X:cds-XAJ25423.1	AGA	R	AGG	R	185
PA|PP755594.1|A/cattle/Texas/24-008749-003/2024(H5N1)	579	A	G	0	0	0	137	52	42	1	137	8.82445e-87	TRUE	PA:cds-XAJ25422.1	CAA	Q	CAG	Q	193
PA|PP755594.1|A/cattle/Texas/24-008749-003/2024(H5N1)	579	A	G	0	0	0	137	52	42	1	137	8.82445e-87	TRUE	PA-X:cds-XAJ25423.1	AAT	N	AGT	S	3
PA|PP755594.1|A/cattle/Texas/24-008749-003/2024(H5N1)	585	G	A	0	0	0	130	44	42	1	130	4.11208e-83	TRUE	PA:cds-XAJ25422.1	GAG	E	GAA	E	195
PA|PP755594.1|A/cattle/Texas/24-008749-003/2024(H5N1)	585	G	A	0	0	0	130	44	42	1	130	4.11208e-83	TRUE	PA-X:cds-XAJ25423.1	AGA	R	AAA	K	5
PA|PP755594.1|A/cattle/Texas/24-008749-003/2024(H5N1)	637	A	C	0	0	0	132	56	42	1	132	3.22447e-83	TRUE	PA:cds-XAJ25422.1	AGG	R	CGG	R	213
PA|PP755594.1|A/cattle/Texas/24-008749-003/2024(H5N1)	637	A	C	0	0	0	132	56	42	1	132	3.22447e-83	TRUE	PA-X:cds-XAJ25423.1	GCA	A	GCC	A	22
PA|PP755594.1|A/cattle/Texas/24-008749-003/2024(H5N1)	655	A	C	0	0	0	132	70	43	1	132	9.03737e-84	TRUE	PA:cds-XAJ25422.1	ATT	I	CTT	L	219
PA|PP755594.1|A/cattle/Texas/24-008749-003/2024(H5N1)	655	A	C	0	0	0	132	70	43	1	132	9.03737e-84	TRUE	PA-X:cds-XAJ25423.1	GTA	V	GTC	V	28
PA|PP755594.1|A/cattle/Texas/24-008749-003/2024(H5N1)	657	T	C	0	0	0	123	70	38	1	123	5.17636e-81	TRUE	PA:cds-XAJ25422.1	ATT	I	ATC	I	219
PA|PP755594.1|A/cattle/Texas/24-008749-003/2024(H5N1)	657	T	C	0	0	0	123	70	38	1	123	5.17636e-81	TRUE	PA-X:cds-XAJ25423.1	TTC	F	TCC	S	29
PA|PP755594.1|A/cattle/Texas/24-008749-003/2024(H5N1)	664	A	G	0	0	0	134	71	42	1	134	5.64765e-85	TRUE	PA:cds-XAJ25422.1	AAC	N	GAC	D	222
PA|PP755594.1|A/cattle/Texas/24-008749-003/2024(H5N1)	664	A	G	0	0	0	134	71	42	1	134	5.64765e-85	TRUE	PA-X:cds-XAJ25423.1	CGA	R	CGG	R	31
PA|PP755594.1|A/cattle/Texas/24-008749-003/2024(H5N1)	671	C	A	118	72	39	2	0	24	0.0166667	120	0.414266	FALSE	PA:cds-XAJ25422.1	TCC	S	TAC	Y	224
PA|PP755594.1|A/cattle/Texas/24-008749-003/2024(H5N1)	671	C	A	118	72	39	2	0	24	0.0166667	120	0.414266	FALSE	PA-X:cds-XAJ25423.1	CCA	P	ACA	T	34
PA|PP755594.1|A/cattle/Texas/24-008749-003/2024(H5N1)	684	C	T	125	69	43	2	1	40	0.015748	127	0.227011	FALSE	PA:cds-XAJ25422.1	AAC	N	AAT	N	228
PA|PP755594.1|A/cattle/Texas/24-008749-003/2024(H5N1)	684	C	T	125	69	43	2	1	40	0.015748	127	0.227011	FALSE	PA-X:cds-XAJ25423.1	ACT	T	ATT	I	38
PA|PP755594.1|A/cattle/Texas/24-008749-003/2024(H5N1)	750	A	C	0	0	0	110	65	41	1	110	7.17302e-69	TRUE	PA:cds-XAJ25422.1	TCA	S	TCC	S	250
PA|PP755594.1|A/cattle/Texas/24-008749-003/2024(H5N1)	750	A	C	0	0	0	110	65	41	1	110	7.17302e-69	TRUE	PA-X:cds-XAJ25423.1	CAA	Q	CCA	P	60
PA|PP755594.1|A/cattle/Texas/24-008749-003/2024(H5N1)	756	G	A	0	0	0	106	60	41	1	106	6.64307e-66	TRUE	PA:cds-XAJ25422.1	GAG	E	GAA	E	252
PA|PP755594.1|A/cattle/Texas/24-008749-003/2024(H5N1)	756	G	A	0	0	0	106	60	41	1	106	6.64307e-66	TRUE	PA-X:cds-XAJ25423.1	AGG	R	AAG	K	62
PA|PP755594.1|A/cattle/Texas/24-008749-003/2024(H5N1)	774	G	A	1	1	40	122	80	42	0.99187	123	2.19377e-75	TRUE	PA:cds-XAJ25422.1	GAG	E	GAA	E	258
PA|PP755594.1|A/cattle/Texas/24-008749-003/2024(H5N1)	781	C	T	0	0	0	118	76	41	1	118	2.4362e-75	TRUE	PA:cds-XAJ25422.1	CTG	L	TTG	L	261
PA|PP755594.1|A/cattle/Texas/24-008749-003/2024(H5N1)	795	A	G	125	73	42	2	1	40	0.015748	127	0.22531	FALSE	PA:cds-XAJ25422.1	CCA	P	CCG	P	265
PA|PP755594.1|A/cattle/Texas/24-008749-003/2024(H5N1)	806	G	A	0	0	0	112	63	41	1	112	6.60458e-71	TRUE	PA:cds-XAJ25422.1	AGA	R	AAA	K	269
PA|PP755594.1|A/cattle/Texas/24-008749-003/2024(H5N1)	810	A	G	0	0	0	112	63	41	1	112	8.60089e-70	TRUE	PA:cds-XAJ25422.1	TTA	L	TTG	L	270
PA|PP755594.1|A/cattle/Texas/24-008749-003/2024(H5N1)	819	G	A	1	1	40	44	29	39	0.977778	45	4.43043e-25	TRUE	PA:cds-XAJ25422.1	GGG	G	GGA	G	273
PA|PP755594.1|A/cattle/Texas/24-008749-003/2024(H5N1)	820	C	T	0	0	0	46	30	40	1	46	4.8686e-27	TRUE	PA:cds-XAJ25422.1	CCT	P	TCT	S	274
PA|PP755594.1|A/cattle/Texas/24-008749-003/2024(H5N1)	822	T	C	0	0	0	46	30	40	1	46	4.8686e-27	TRUE	PA:cds-XAJ25422.1	CCT	P	CCC	P	274
PA|PP755594.1|A/cattle/Texas/24-008749-003/2024(H5N1)	828	T	C	0	0	0	46	30	38	1	46	4.8686e-27	TRUE	PA:cds-XAJ25422.1	TGT	C	TGC	C	276
PA|PP755594.1|A/cattle/Texas/24-008749-003/2024(H5N1)	829	C	T	0	0	0	46	30	38	1	46	4.8686e-27	TRUE	PA:cds-XAJ25422.1	CCT	P	TCT	S	277
PA|PP755594.1|A/cattle/Texas/24-008749-003/2024(H5N1)	840	G	A	0	0	0	45	29	38	1	45	9.63137e-27	TRUE	PA:cds-XAJ25422.1	TCG	S	TCA	S	280
PA|PP755594.1|A/cattle/Texas/24-008749-003/2024(H5N1)	843	G	A	0	0	0	46	30	40	1	46	4.8686e-27	TRUE	PA:cds-XAJ25422.1	AAG	K	AAA	K	281
PA|PP755594.1|A/cattle/Texas/24-008749-003/2024(H5N1)	846	C	T	0	0	0	46	30	38	1	46	4.8686e-27	TRUE	PA:cds-XAJ25422.1	TTC	F	TTT	F	282
PA|PP755594.1|A/cattle/Texas/24-008749-003/2024(H5N1)	847	T	C	0	0	0	45	29	38	0.978261	46	9.63137e-27	TRUE	PA:cds-XAJ25422.1	TTG	L	CTG	L	283
PA|PP755594.1|A/cattle/Texas/24-008749-003/2024(H5N1)	847	T	A	0	0	0	1	1	40	0.0217391	46	0.0217391	FALSE	PA:cds-XAJ25422.1	TTG	L	ATG	M	283
PA|PP755594.1|A/cattle/Texas/24-008749-003/2024(H5N1)	861	C	T	0	0	0	45	29	38	1	45	9.63137e-27	TRUE	PA:cds-XAJ25422.1	GCC	A	GCT	A	287
PA|PP755594.1|A/cattle/Texas/24-008749-003/2024(H5N1)	862	C	T	0	0	0	45	29	38	1	45	9.63137e-27	TRUE	PA:cds-XAJ25422.1	CTT	L	TTT	F	288
PA|PP755594.1|A/cattle/Texas/24-008749-003/2024(H5N1)	864	T	G	0	0	0	45	30	38	1	45	9.63137e-27	TRUE	PA:cds-XAJ25422.1	CTT	L	CTG	L	288
PA|PP755594.1|A/cattle/Texas/24-008749-003/2024(H5N1)	867	G	A	0	0	0	46	30	39	1	46	4.8686e-27	TRUE	PA:cds-XAJ25422.1	AAG	K	AAA	K	289
PA|PP755594.1|A/cattle/Texas/24-008749-003/2024(H5N1)	870	G	A	0	0	0	46	30	38	1	46	4.8686e-27	TRUE	PA:cds-XAJ25422.1	TTG	L	TTA	L	290
PA|PP755594.1|A/cattle/Texas/24-008749-003/2024(H5N1)	876	C	T	0	0	0	104	49	41	1	104	7.58087e-64	TRUE	PA:cds-XAJ25422.1	ATC	I	ATT	I	292
PA|PP755594.1|A/cattle/Texas/24-008749-003/2024(H5N1)	882	C	T	104	51	41	2	1	40	0.0188679	106	0.233128	FALSE	PA:cds-XAJ25422.1	GAC	D	GAT	D	294
PA|PP755594.1|A/cattle/Texas/24-008749-003/2024(H5N1)	885	T	A	0	0	0	107	53	41	1	107	1.19824e-65	TRUE	PA:cds-XAJ25422.1	CCT	P	CCA	P	295
PA|PP755594.1|A/cattle/Texas/24-008749-003/2024(H5N1)	896	G	T	95	37	38	1	1	24	0.0104167	96	0.681201	FALSE	PA:cds-XAJ25422.1	GGG	G	GTG	V	299
PA|PP755594.1|A/cattle/Texas/24-008749-003/2024(H5N1)	897	G	A	0	0	0	106	49	43	1	106	1.20413e-68	TRUE	PA:cds-XAJ25422.1	GGG	G	GGA	G	299
PA|PP755594.1|A/cattle/Texas/24-008749-003/2024(H5N1)	901	G	T	93	37	39	1	1	24	0.0106383	94	0.673101	FALSE	PA:cds-XAJ25422.1	GGC	G	TGC	C	301
PA|PP755594.1|A/cattle/Texas/24-008749-003/2024(H5N1)	903	C	G	0	0	0	107	49	42	1	107	4.48288e-73	TRUE	PA:cds-XAJ25422.1	GGC	G	GGG	G	301
PA|PP755594.1|A/cattle/Texas/24-008749-003/2024(H5N1)	909	G	A	0	0	0	134	42	40	1	134	4.58899e-86	TRUE	PA:cds-XAJ25422.1	CCG	P	CCA	P	303
PA|PP755594.1|A/cattle/Texas/24-008749-003/2024(H5N1)	915	T	C	0	0	0	135	35	42	1	135	2.66585e-85	TRUE	PA:cds-XAJ25422.1	TAT	Y	TAC	Y	305
PA|PP755594.1|A/cattle/Texas/24-008749-003/2024(H5N1)	945	T	C	0	0	0	113	34	40	0.982609	115	1.1559e-73	TRUE	PA:cds-XAJ25422.1	TTT	F	TTC	F	315
PA|PP755594.1|A/cattle/Texas/24-008749-003/2024(H5N1)	945	T	A	0	0	0	2	0	32	0.0173913	115	0.000107342	TRUE	PA:cds-XAJ25422.1	TTT	F	TTA	L	315
PA|PP755594.1|A/cattle/Texas/24-008749-003/2024(H5N1)	963	C	T	0	0	0	66	14	40	1	66	6.77388e-40	TRUE	PA:cds-XAJ25422.1	AAC	N	AAT	N	321
PA|PP755594.1|A/cattle/Texas/24-008749-003/2024(H5N1)	964	A	G	0	0	0	65	14	40	1	65	1.3753e-39	TRUE	PA:cds-XAJ25422.1	ATC	I	GTC	V	322
PA|PP755594.1|A/cattle/Texas/24-008749-003/2024(H5N1)	966	C	A	0	0	0	66	14	39	1	66	6.77388e-40	TRUE	PA:cds-XAJ25422.1	ATC	I	ATA	I	322
PA|PP755594.1|A/cattle/Texas/24-008749-003/2024(H5N1)	966	C	-GTA	0	0	0	1	0	20	0.0144928	69	0.0144928	FALSE	NA	NA	NA	NA	NA	NA
PA|PP755594.1|A/cattle/Texas/24-008749-003/2024(H5N1)	967	G	A	0	0	0	65	13	40	1	65	1.3753e-39	TRUE	PA:cds-XAJ25422.1	GTA	V	ATA	I	323
PA|PP755594.1|A/cattle/Texas/24-008749-003/2024(H5N1)	969	A	C	0	0	0	66	14	40	1	66	6.77388e-40	TRUE	PA:cds-XAJ25422.1	GTA	V	GTC	V	323
PA|PP755594.1|A/cattle/Texas/24-008749-003/2024(H5N1)	971	A	-GCC	63	14	39	1	0	20	0.0144928	69	0.484848	FALSE	NA	NA	NA	NA	NA	NA
PA|PP755594.1|A/cattle/Texas/24-008749-003/2024(H5N1)	972	G	A	0	0	0	66	14	40	1	66	6.77388e-40	TRUE	PA:cds-XAJ25422.1	AAG	K	AAA	K	324
PA|PP755594.1|A/cattle/Texas/24-008749-003/2024(H5N1)	975	G	A	0	0	0	68	15	39	1	68	1.59631e-42	TRUE	PA:cds-XAJ25422.1	CCG	P	CCA	P	325
PA|PP755594.1|A/cattle/Texas/24-008749-003/2024(H5N1)	981	G	A	0	0	0	78	19	40	1	78	2.22786e-47	TRUE	PA:cds-XAJ25422.1	GAG	E	GAA	E	327
PA|PP755594.1|A/cattle/Texas/24-008749-003/2024(H5N1)	984	A	G	1	1	21	78	19	41	0.987342	79	2.41115e-46	TRUE	PA:cds-XAJ25422.1	AAA	K	AAG	K	328
PA|PP755594.1|A/cattle/Texas/24-008749-003/2024(H5N1)	984	A	+G	1	1	21	1	0	20	0.0119048	84	0.0235294	FALSE	NA	NA	NA	NA	NA	NA
PA|PP755594.1|A/cattle/Texas/24-008749-003/2024(H5N1)	999	T	C	0	0	0	120	40	43	0.991736	121	3.65823e-75	TRUE	PA:cds-XAJ25422.1	AAT	N	AAC	N	333
PA|PP755594.1|A/cattle/Texas/24-008749-003/2024(H5N1)	1002	C	T	1	0	24	117	37	42	0.991525	118	2.15511e-72	TRUE	PA:cds-XAJ25422.1	TAC	Y	TAT	Y	334
PA|PP755594.1|A/cattle/Texas/24-008749-003/2024(H5N1)	1005	C	A	74	41	37	4	0	24	0.0512821	78	0.0613167	FALSE	PA:cds-XAJ25422.1	CTC	L	CTA	L	335
PA|PP755594.1|A/cattle/Texas/24-008749-003/2024(H5N1)	1020	G	A	0	0	0	137	55	45	1	137	2.49398e-87	TRUE	PA:cds-XAJ25422.1	CAG	Q	CAA	Q	340
PA|PP755594.1|A/cattle/Texas/24-008749-003/2024(H5N1)	1026	G	A	0	0	0	142	59	45	1	142	1.07309e-91	TRUE	PA:cds-XAJ25422.1	CTG	L	CTA	L	342
PA|PP755594.1|A/cattle/Texas/24-008749-003/2024(H5N1)	1035	T	C	0	0	0	136	60	45	1	136	2.15432e-89	TRUE	PA:cds-XAJ25422.1	CTT	L	CTC	L	345
PA|PP755594.1|A/cattle/Texas/24-008749-003/2024(H5N1)	1038	A	G	0	0	0	139	60	46	1	139	2.03518e-90	TRUE	PA:cds-XAJ25422.1	CAA	Q	CAG	Q	346
PA|PP755594.1|A/cattle/Texas/24-008749-003/2024(H5N1)	1041	C	T	136	60	45	2	1	60	0.0144928	138	0.202572	FALSE	PA:cds-XAJ25422.1	GAC	D	GAT	D	347
PA|PP755594.1|A/cattle/Texas/24-008749-003/2024(H5N1)	1042	A	C	1	0	24	134	57	46	0.992593	135	8.58199e-86	TRUE	PA:cds-XAJ25422.1	ATT	I	CTT	L	348
PA|PP755594.1|A/cattle/Texas/24-008749-003/2024(H5N1)	1062	T	C	1	0	36	144	82	42	0.993103	145	1.48063e-88	TRUE	PA:cds-XAJ25422.1	ATT	I	ATC	I	354
PA|PP755594.1|A/cattle/Texas/24-008749-003/2024(H5N1)	1068	A	G	1	0	34	142	81	42	0.993007	143	4.43153e-87	TRUE	PA:cds-XAJ25422.1	AAA	K	AAG	K	356
PA|PP755594.1|A/cattle/Texas/24-008749-003/2024(H5N1)	1071	A	G	0	0	0	136	73	41	0.992701	137	9.98387e-87	TRUE	PA:cds-XAJ25422.1	ACA	T	ACG	T	357
PA|PP755594.1|A/cattle/Texas/24-008749-003/2024(H5N1)	1092	C	T	0	0	0	146	92	43	1	146	6.56149e-95	TRUE	PA:cds-XAJ25422.1	AGC	S	AGT	S	364
PA|PP755594.1|A/cattle/Texas/24-008749-003/2024(H5N1)	1098	G	A	0	0	0	155	96	43	1	155	2.88945e-99	TRUE	PA:cds-XAJ25422.1	TTG	L	TTA	L	366
PA|PP755594.1|A/cattle/Texas/24-008749-003/2024(H5N1)	1125	T	A	0	0	0	139	82	42	1	139	1.97848e-87	TRUE	PA:cds-XAJ25422.1	GCT	A	GCA	A	375
PA|PP755594.1|A/cattle/Texas/24-008749-003/2024(H5N1)	1128	A	G	0	0	0	135	77	42	1	135	5.04923e-85	TRUE	PA:cds-XAJ25422.1	CCA	P	CCG	P	376
PA|PP755594.1|A/cattle/Texas/24-008749-003/2024(H5N1)	1151	G	A	138	96	44	2	1	40	0.0142857	140	0.221358	FALSE	PA:cds-XAJ25422.1	TGC	C	TAC	Y	384
PA|PP755594.1|A/cattle/Texas/24-008749-003/2024(H5N1)	1155	A	G	0	0	0	128	87	44	1	128	8.96476e-84	TRUE	PA:cds-XAJ25422.1	AAA	K	AAG	K	385
PA|PP755594.1|A/cattle/Texas/24-008749-003/2024(H5N1)	1162	A	G	0	0	0	117	76	40	1	117	1.51446e-75	TRUE	PA:cds-XAJ25422.1	AGC	S	GGC	G	388
PA|PP755594.1|A/cattle/Texas/24-008749-003/2024(H5N1)	1172	G	A	0	0	0	54	37	42	1	54	7.55181e-34	TRUE	PA:cds-XAJ25422.1	AGA	R	AAA	K	391
PA|PP755594.1|A/cattle/Texas/24-008749-003/2024(H5N1)	1173	A	G	0	0	0	54	37	42	1	54	1.0334e-32	TRUE	PA:cds-XAJ25422.1	AGA	R	AGG	R	391
PA|PP755594.1|A/cattle/Texas/24-008749-003/2024(H5N1)	1179	C	T	0	0	0	54	37	41	1	54	2.0299e-32	TRUE	PA:cds-XAJ25422.1	TAC	Y	TAT	Y	393
PA|PP755594.1|A/cattle/Texas/24-008749-003/2024(H5N1)	1182	C	T	0	0	0	54	37	40	1	54	2.0299e-32	TRUE	PA:cds-XAJ25422.1	GAC	D	GAT	D	394
PA|PP755594.1|A/cattle/Texas/24-008749-003/2024(H5N1)	1185	T	C	0	0	0	53	36	41	1	53	4.09738e-32	TRUE	PA:cds-XAJ25422.1	AGT	S	AGC	S	395
PA|PP755594.1|A/cattle/Texas/24-008749-003/2024(H5N1)	1188	C	T	0	0	0	54	37	40	1	54	2.0299e-32	TRUE	PA:cds-XAJ25422.1	GAC	D	GAT	D	396
PA|PP755594.1|A/cattle/Texas/24-008749-003/2024(H5N1)	1191	A	G	0	0	0	54	37	40	1	54	2.0299e-32	TRUE	PA:cds-XAJ25422.1	GAA	E	GAG	E	397
PA|PP755594.1|A/cattle/Texas/24-008749-003/2024(H5N1)	1198	T	C	0	0	0	96	51	41	1	96	7.03324e-58	TRUE	PA:cds-XAJ25422.1	TCT	S	CCT	P	400
PA|PP755594.1|A/cattle/Texas/24-008749-003/2024(H5N1)	1206	A	G	0	0	0	103	54	40	1	103	2.25263e-62	TRUE	PA:cds-XAJ25422.1	TCA	S	TCG	S	402
PA|PP755594.1|A/cattle/Texas/24-008749-003/2024(H5N1)	1212	A	G	0	0	0	104	55	40	1	104	1.11559e-62	TRUE	PA:cds-XAJ25422.1	GCA	A	GCG	A	404
PA|PP755594.1|A/cattle/Texas/24-008749-003/2024(H5N1)	1215	C	T	0	0	0	103	54	39	1	103	2.25263e-62	TRUE	PA:cds-XAJ25422.1	AGC	S	AGT	S	405
PA|PP755594.1|A/cattle/Texas/24-008749-003/2024(H5N1)	1221	T	C	0	0	0	114	64	41	1	114	1.46358e-69	TRUE	PA:cds-XAJ25422.1	ATT	I	ATC	I	407
PA|PP755594.1|A/cattle/Texas/24-008749-003/2024(H5N1)	1236	C	T	0	0	0	116	65	41	1	116	6.5161e-72	TRUE	PA:cds-XAJ25422.1	AAC	N	AAT	N	412
PA|PP755594.1|A/cattle/Texas/24-008749-003/2024(H5N1)	1245	C	T	0	0	0	57	26	40	1	57	3.25668e-34	TRUE	PA:cds-XAJ25422.1	TGC	C	TGT	C	415
PA|PP755594.1|A/cattle/Texas/24-008749-003/2024(H5N1)	1249	C	T	0	0	0	55	26	38	1	55	2.60595e-33	TRUE	PA:cds-XAJ25422.1	CTG	L	TTG	L	417
PA|PP755594.1|A/cattle/Texas/24-008749-003/2024(H5N1)	1254	A	T	0	0	0	52	23	39	1	52	6.31686e-31	TRUE	PA:cds-XAJ25422.1	ACA	T	ACT	T	418
PA|PP755594.1|A/cattle/Texas/24-008749-003/2024(H5N1)	1257	T	C	0	0	0	52	23	39	1	52	1.26337e-30	TRUE	PA:cds-XAJ25422.1	GAT	D	GAC	D	419
PA|PP755594.1|A/cattle/Texas/24-008749-003/2024(H5N1)	1260	G	A	0	0	0	52	23	39	1	52	1.26337e-30	TRUE	PA:cds-XAJ25422.1	TCG	S	TCA	S	420
PA|PP755594.1|A/cattle/Texas/24-008749-003/2024(H5N1)	1262	G	T	0	0	0	51	23	39	1	51	2.50245e-30	TRUE	PA:cds-XAJ25422.1	AGT	S	ATT	I	421
PA|PP755594.1|A/cattle/Texas/24-008749-003/2024(H5N1)	1263	T	C	0	0	0	52	23	39	1	52	1.26337e-30	TRUE	PA:cds-XAJ25422.1	AGT	S	AGC	S	421
PA|PP755594.1|A/cattle/Texas/24-008749-003/2024(H5N1)	1269	T	A	0	0	0	72	27	40	1	72	3.40119e-43	TRUE	PA:cds-XAJ25422.1	ATT	I	ATA	I	423
PA|PP755594.1|A/cattle/Texas/24-008749-003/2024(H5N1)	1275	T	G	0	0	0	76	27	39	1	76	2.71104e-45	TRUE	PA:cds-XAJ25422.1	CTT	L	CTG	L	425
PA|PP755594.1|A/cattle/Texas/24-008749-003/2024(H5N1)	1278	T	C	0	0	0	75	27	40	1	75	5.42209e-45	TRUE	PA:cds-XAJ25422.1	GAT	D	GAC	D	426
PA|PP755594.1|A/cattle/Texas/24-008749-003/2024(H5N1)	1281	G	A	0	0	0	74	28	40	1	74	2.10472e-46	TRUE	PA:cds-XAJ25422.1	GAG	E	GAA	E	427
PA|PP755594.1|A/cattle/Texas/24-008749-003/2024(H5N1)	1293	C	T	0	0	0	126	55	43	1	126	3.70554e-80	TRUE	PA:cds-XAJ25422.1	GAC	D	GAT	D	431
PA|PP755594.1|A/cattle/Texas/24-008749-003/2024(H5N1)	1302	A	G	0	0	0	132	59	44	1	132	1.70436e-83	TRUE	PA:cds-XAJ25422.1	CCA	P	CCG	P	434
PA|PP755594.1|A/cattle/Texas/24-008749-003/2024(H5N1)	1305	C	T	0	0	0	133	57	43	1	133	2.25917e-84	TRUE	PA:cds-XAJ25422.1	ATC	I	ATT	I	435
PA|PP755594.1|A/cattle/Texas/24-008749-003/2024(H5N1)	1317	G	A	0	0	0	126	57	41	1	126	2.39491e-77	TRUE	PA:cds-XAJ25422.1	GCG	A	GCA	A	439
PA|PP755594.1|A/cattle/Texas/24-008749-003/2024(H5N1)	1320	T	C	1	0	40	121	56	40	0.991803	122	5.87325e-74	TRUE	PA:cds-XAJ25422.1	AGT	S	AGC	S	440
PA|PP755594.1|A/cattle/Texas/24-008749-003/2024(H5N1)	1321	G	A	0	0	0	125	57	41	1	125	4.92287e-77	TRUE	PA:cds-XAJ25422.1	GTG	V	ATG	M	441
PA|PP755594.1|A/cattle/Texas/24-008749-003/2024(H5N1)	1326	G	T	122	42	39	2	2	24	0.016129	124	0.414354	FALSE	PA:cds-XAJ25422.1	AGG	R	AGT	S	442
PA|PP755594.1|A/cattle/Texas/24-008749-003/2024(H5N1)	1332	C	T	1	0	40	143	63	42	0.993056	144	3.10422e-88	TRUE	PA:cds-XAJ25422.1	AAC	N	AAT	N	444
PA|PP755594.1|A/cattle/Texas/24-008749-003/2024(H5N1)	1340	C	A	138	66	38	2	0	24	0.0142857	140	0.44299	FALSE	PA:cds-XAJ25422.1	ACA	T	AAA	K	447
PA|PP755594.1|A/cattle/Texas/24-008749-003/2024(H5N1)	1344	G	A	0	0	0	137	56	41	1	137	4.20927e-85	TRUE	PA:cds-XAJ25422.1	GCG	A	GCA	A	448
PA|PP755594.1|A/cattle/Texas/24-008749-003/2024(H5N1)	1347	G	A	0	0	0	140	59	41	1	140	1.27518e-86	TRUE	PA:cds-XAJ25422.1	GAG	E	GAA	E	449
PA|PP755594.1|A/cattle/Texas/24-008749-003/2024(H5N1)	1350	A	G	1	0	40	137	59	41	0.992754	138	9.84374e-86	TRUE	PA:cds-XAJ25422.1	GTA	V	GTG	V	450
PA|PP755594.1|A/cattle/Texas/24-008749-003/2024(H5N1)	1354	C	A	122	65	37	2	0	24	0.016129	124	0.385331	FALSE	PA:cds-XAJ25422.1	CAT	H	AAT	N	452
PA|PP755594.1|A/cattle/Texas/24-008749-003/2024(H5N1)	1383	G	A	0	0	0	160	67	42	1	160	9.85617e-102	TRUE	PA:cds-XAJ25422.1	AAG	K	AAA	K	461
PA|PP755594.1|A/cattle/Texas/24-008749-003/2024(H5N1)	1389	A	C	0	0	0	158	69	44	1	158	1.57975e-100	TRUE	PA:cds-XAJ25422.1	GTA	V	GTC	V	463
PA|PP755594.1|A/cattle/Texas/24-008749-003/2024(H5N1)	1404	C	T	0	0	0	100	41	42	1	100	5.88451e-64	TRUE	PA:cds-XAJ25422.1	GCC	A	GCT	A	468
PA|PP755594.1|A/cattle/Texas/24-008749-003/2024(H5N1)	1407	A	G	0	0	0	102	43	41	1	102	1.20349e-62	TRUE	PA:cds-XAJ25422.1	CTA	L	CTG	L	469
PA|PP755594.1|A/cattle/Texas/24-008749-003/2024(H5N1)	1408	T	C	0	0	0	102	43	42	1	102	1.20349e-62	TRUE	PA:cds-XAJ25422.1	TTG	L	CTG	L	470
PA|PP755594.1|A/cattle/Texas/24-008749-003/2024(H5N1)	1410	G	C	0	0	0	102	43	42	1	102	1.20349e-62	TRUE	PA:cds-XAJ25422.1	TTG	L	TTC	F	470
PA|PP755594.1|A/cattle/Texas/24-008749-003/2024(H5N1)	1419	C	T	0	0	0	102	43	42	1	102	1.20349e-62	TRUE	PA:cds-XAJ25422.1	TCC	S	TCT	S	473
PA|PP755594.1|A/cattle/Texas/24-008749-003/2024(H5N1)	1422	T	C	0	0	0	102	43	42	1	102	1.20349e-62	TRUE	PA:cds-XAJ25422.1	TGT	C	TGC	C	474
PA|PP755594.1|A/cattle/Texas/24-008749-003/2024(H5N1)	1425	A	G	0	0	0	101	42	41	1	101	2.47777e-62	TRUE	PA:cds-XAJ25422.1	GCA	A	GCG	A	475
PA|PP755594.1|A/cattle/Texas/24-008749-003/2024(H5N1)	1440	C	A	137	57	38	2	0	24	0.0143885	139	0.435801	FALSE	PA:cds-XAJ25422.1	TTC	F	TTA	L	480
PA|PP755594.1|A/cattle/Texas/24-008749-003/2024(H5N1)	1444	T	C	0	0	0	145	54	41	1	145	4.85454e-91	TRUE	PA:cds-XAJ25422.1	TTG	L	CTG	L	482
PA|PP755594.1|A/cattle/Texas/24-008749-003/2024(H5N1)	1458	A	C	138	57	44	2	2	40	0.0142857	140	0.218401	FALSE	PA:cds-XAJ25422.1	ATA	I	ATC	I	486
PA|PP755594.1|A/cattle/Texas/24-008749-003/2024(H5N1)	1461	T	C	0	0	0	136	58	42	1	136	4.57797e-85	TRUE	PA:cds-XAJ25422.1	AGT	S	AGC	S	487
PA|PP755594.1|A/cattle/Texas/24-008749-003/2024(H5N1)	1464	G	A	0	0	0	136	59	42	1	136	8.75651e-85	TRUE	PA:cds-XAJ25422.1	AAG	K	AAA	K	488
PA|PP755594.1|A/cattle/Texas/24-008749-003/2024(H5N1)	1465	T	A	130	53	43	4	4	36	0.0298507	134	0.0497833	FALSE	PA:cds-XAJ25422.1	TGC	C	AGC	S	489
PA|PP755594.1|A/cattle/Texas/24-008749-003/2024(H5N1)	1470	A	G	1	0	40	127	54	42	0.992188	128	4.2124e-78	TRUE	PA:cds-XAJ25422.1	AGA	R	AGG	R	490
PA|PP755594.1|A/cattle/Texas/24-008749-003/2024(H5N1)	1473	T	C	0	0	0	153	62	38	1	153	5.13976e-103	TRUE	PA:cds-XAJ25422.1	ACT	T	ACC	T	491
PA|PP755594.1|A/cattle/Texas/24-008749-003/2024(H5N1)	1490	G	A	1	0	24	3288	108	40	0.999088	3291	0	TRUE	PA:cds-XAJ25422.1	AGG	R	AAG	K	497
PA|PP755594.1|A/cattle/Texas/24-008749-003/2024(H5N1)	1491	G	A	0	0	0	3294	109	40	1	3294	0	TRUE	PA:cds-XAJ25422.1	AGG	R	AGA	R	497
PA|PP755594.1|A/cattle/Texas/24-008749-003/2024(H5N1)	1497	T	C	7	0	40	3480	124	40	0.997993	3487	0	TRUE	PA:cds-XAJ25422.1	AAT	N	AAC	N	499
PA|PP755594.1|A/cattle/Texas/24-008749-003/2024(H5N1)	1500	G	A	0	0	0	3786	144	39	0.999472	3788	0	TRUE	PA:cds-XAJ25422.1	CTG	L	CTA	L	500
PA|PP755594.1|A/cattle/Texas/24-008749-003/2024(H5N1)	1506	A	G	1	1	40	4633	288	41	0.999353	4636	0	TRUE	PA:cds-XAJ25422.1	GGA	G	GGG	G	502
PA|PP755594.1|A/cattle/Texas/24-008749-003/2024(H5N1)	1512	T	C	0	0	0	4841	336	43	0.999793	4842	0	TRUE	PA:cds-XAJ25422.1	ATT	I	ATC	I	504
PA|PP755594.1|A/cattle/Texas/24-008749-003/2024(H5N1)	1524	A	G	2	0	40	5064	462	45	0.999408	5067	0	TRUE	PA:cds-XAJ25422.1	AGA	R	AGG	R	508
PA|PP755594.1|A/cattle/Texas/24-008749-003/2024(H5N1)	1527	C	T	7	0	40	5085	492	45	0.998625	5092	0	TRUE	PA:cds-XAJ25422.1	TCC	S	TCT	S	509
PA|PP755594.1|A/cattle/Texas/24-008749-003/2024(H5N1)	1528	C	A	4304	553	38	137	0	26	0.0308281	4444	3.46722e-15	TRUE	PA:cds-XAJ25422.1	CAT	H	AAT	N	510
PA|PP755594.1|A/cattle/Texas/24-008749-003/2024(H5N1)	1542	C	T	2	0	40	5802	666	47	0.999655	5804	0	TRUE	PA:cds-XAJ25422.1	GAC	D	GAT	D	514
PA|PP755594.1|A/cattle/Texas/24-008749-003/2024(H5N1)	1551	G	A	2	0	40	4078	1050	43	0.99902	4082	0	TRUE	PA:cds-XAJ25422.1	GTG	V	GTA	V	517
PA|PP755594.1|A/cattle/Texas/24-008749-003/2024(H5N1)	1554	A	G	0	0	0	4133	1048	44	1	4133	0	TRUE	PA:cds-XAJ25422.1	GTA	V	GTG	V	518
PA|PP755594.1|A/cattle/Texas/24-008749-003/2024(H5N1)	1557	C	T	0	0	0	4139	1045	44	1	4139	0	TRUE	PA:cds-XAJ25422.1	AAC	N	AAT	N	519
PA|PP755594.1|A/cattle/Texas/24-008749-003/2024(H5N1)	1563	G	A	8	2	48	4070	1075	43	0.997549	4080	0	TRUE	PA:cds-XAJ25422.1	GTG	V	GTA	V	521
PA|PP755594.1|A/cattle/Texas/24-008749-003/2024(H5N1)	1566	C	T	0	0	0	4203	1067	44	1	4203	0	TRUE	PA:cds-XAJ25422.1	AGC	S	AGT	S	522
PA|PP755594.1|A/cattle/Texas/24-008749-003/2024(H5N1)	1572	A	G	22	4	43	4205	1089	45	0.994795	4227	0	TRUE	PA:cds-XAJ25422.1	GAA	E	GAG	E	524
PA|PP755594.1|A/cattle/Texas/24-008749-003/2024(H5N1)	1575	C	T	39	5	32	4228	1089	45	0.99086	4267	0	TRUE	PA:cds-XAJ25422.1	TTC	F	TTT	F	525
PA|PP755594.1|A/cattle/Texas/24-008749-003/2024(H5N1)	1581	A	C	13	0	35	3961	1107	41	0.996227	3976	0	TRUE	PA:cds-XAJ25422.1	CTA	L	CTC	L	527
PA|PP755594.1|A/cattle/Texas/24-008749-003/2024(H5N1)	1584	T	C	12	4	56	4240	1129	45	0.997178	4252	0	TRUE	PA:cds-XAJ25422.1	ACT	T	ACC	T	528
PA|PP755594.1|A/cattle/Texas/24-008749-003/2024(H5N1)	1590	G	A	5	1	43	4751	1358	44	0.998319	4759	0	TRUE	PA:cds-XAJ25422.1	CCG	P	CCA	P	530
PA|PP755594.1|A/cattle/Texas/24-008749-003/2024(H5N1)	1596	A	G	4	1	40	5423	1578	46	0.999079	5428	0	TRUE	PA:cds-XAJ25422.1	CTA	L	CTG	L	532
PA|PP755594.1|A/cattle/Texas/24-008749-003/2024(H5N1)	1599	G	A	0	0	0	5362	1637	45	0.999441	5365	0	TRUE	PA:cds-XAJ25422.1	GAG	E	GAA	E	533
PA|PP755594.1|A/cattle/Texas/24-008749-003/2024(H5N1)	1623	T	C	2	0	40	7020	2540	46	0.999573	7023	0	TRUE	PA:cds-XAJ25422.1	TGT	C	TGC	C	541
PA|PP755594.1|A/cattle/Texas/24-008749-003/2024(H5N1)	1632	G	A	5	2	52	6010	2404	44	0.999169	6015	0	TRUE	PA:cds-XAJ25422.1	GAG	E	GAA	E	544
PA|PP755594.1|A/cattle/Texas/24-008749-003/2024(H5N1)	1633	A	G	6	3	43	6029	2394	44	0.999006	6035	0	TRUE	PA:cds-XAJ25422.1	ATA	I	GTA	V	545
PA|PP755594.1|A/cattle/Texas/24-008749-003/2024(H5N1)	1635	A	G	0	0	0	5883	2236	42	0.999321	5887	0	TRUE	PA:cds-XAJ25422.1	ATA	I	ATG	M	545
PA|PP755594.1|A/cattle/Texas/24-008749-003/2024(H5N1)	1637	G	T	5172	1361	39	66	66	25	0.0126002	5238	0.0931756	FALSE	PA:cds-XAJ25422.1	GGA	G	GTA	V	546
PA|PP755594.1|A/cattle/Texas/24-008749-003/2024(H5N1)	1641	C	T	4	3	40	6834	2949	45	0.999415	6838	0	TRUE	PA:cds-XAJ25422.1	GAC	D	GAT	D	547
PA|PP755594.1|A/cattle/Texas/24-008749-003/2024(H5N1)	1650	A	G	1	0	24	7522	3293	44	0.999734	7524	0	TRUE	PA:cds-XAJ25422.1	CTA	L	CTG	L	550
PA|PP755594.1|A/cattle/Texas/24-008749-003/2024(H5N1)	1651	C	A	1	0	24	7531	3324	44	0.999204	7537	0	TRUE	PA:cds-XAJ25422.1	CGG	R	AGG	R	551
PA|PP755594.1|A/cattle/Texas/24-008749-003/2024(H5N1)	1673	T	C	12	8	37	8350	3367	43	0.998446	8363	0	TRUE	PA:cds-XAJ25422.1	TTG	L	TCG	S	558
PA|PP755594.1|A/cattle/Texas/24-008749-003/2024(H5N1)	1674	G	A	9	3	47	8321	3372	43	0.99892	8330	0	TRUE	PA:cds-XAJ25422.1	TTG	L	TTA	L	558
PA|PP755594.1|A/cattle/Texas/24-008749-003/2024(H5N1)	1677	G	A	7	2	37	8368	3384	43	0.999164	8375	0	TRUE	PA:cds-XAJ25422.1	AGG	R	AGA	R	559
PA|PP755594.1|A/cattle/Texas/24-008749-003/2024(H5N1)	1695	G	T	0	0	0	8396	3046	41	0.998929	8405	0	TRUE	PA:cds-XAJ25422.1	GTG	V	GTT	V	565
PA|PP755594.1|A/cattle/Texas/24-008749-003/2024(H5N1)	1698	A	G	13	4	39	8411	3069	41	0.99822	8426	0	TRUE	PA:cds-XAJ25422.1	AGA	R	AGG	R	566
PA|PP755594.1|A/cattle/Texas/24-008749-003/2024(H5N1)	1704	T	C	20	8	40	8301	3012	41	0.997477	8322	0	TRUE	PA:cds-XAJ25422.1	AAT	N	AAC	N	568
PA|PP755594.1|A/cattle/Texas/24-008749-003/2024(H5N1)	1707	A	G	3	1	40	8336	2997	42	0.99964	8339	0	TRUE	PA:cds-XAJ25422.1	GGA	G	GGG	G	569
PA|PP755594.1|A/cattle/Texas/24-008749-003/2024(H5N1)	1710	T	C	1	1	40	8332	2996	42	0.99988	8333	0	TRUE	PA:cds-XAJ25422.1	ACT	T	ACC	T	570
PA|PP755594.1|A/cattle/Texas/24-008749-003/2024(H5N1)	1716	G	A	2	0	40	9024	3281	42	0.999668	9027	0	TRUE	PA:cds-XAJ25422.1	AAG	K	AAA	K	572
PA|PP755594.1|A/cattle/Texas/24-008749-003/2024(H5N1)	1722	A	G	2	1	40	9138	3431	42	0.999672	9141	0	TRUE	PA:cds-XAJ25422.1	AAA	K	AAG	K	574
PA|PP755594.1|A/cattle/Texas/24-008749-003/2024(H5N1)	1734	C	T	10	2	48	9950	3701	42	0.998896	9961	0	TRUE	PA:cds-XAJ25422.1	GGC	G	GGT	G	578
PA|PP755594.1|A/cattle/Texas/24-008749-003/2024(H5N1)	1749	A	T	0	0	0	9965	3839	44	0.999098	9974	0	TRUE	PA:cds-XAJ25422.1	CGA	R	CGT	R	583
PA|PP755594.1|A/cattle/Texas/24-008749-003/2024(H5N1)	1764	C	T	19	5	42	9987	3737	44	0.998101	10006	0	TRUE	PA:cds-XAJ25422.1	TCC	S	TCT	S	588
PA|PP755594.1|A/cattle/Texas/24-008749-003/2024(H5N1)	1773	A	G	3	2	53	10511	3840	45	0.999715	10514	0	TRUE	PA:cds-XAJ25422.1	CAA	Q	CAG	Q	591
PA|PP755594.1|A/cattle/Texas/24-008749-003/2024(H5N1)	1797	A	G	3	2	53	9976	3636	44	0.999499	9981	0	TRUE	PA:cds-XAJ25422.1	GAA	E	GAG	E	599
PA|PP755594.1|A/cattle/Texas/24-008749-003/2024(H5N1)	1812	G	A	1	0	40	8976	4692	43	0.999889	8977	0	TRUE	PA:cds-XAJ25422.1	GAG	E	GAA	E	604
PA|PP755594.1|A/cattle/Texas/24-008749-003/2024(H5N1)	1815	G	A	31	15	45	8913	4693	42	0.996423	8945	0	TRUE	PA:cds-XAJ25422.1	AAG	K	AAA	K	605
PA|PP755594.1|A/cattle/Texas/24-008749-003/2024(H5N1)	1822	T	A	1	1	40	8562	4645	42	0.998717	8573	0	TRUE	PA:cds-XAJ25422.1	TCC	S	ACC	T	608
PA|PP755594.1|A/cattle/Texas/24-008749-003/2024(H5N1)	1824	C	T	0	0	0	8504	4533	42	0.999412	8509	0	TRUE	PA:cds-XAJ25422.1	TCC	S	TCT	S	608
PA|PP755594.1|A/cattle/Texas/24-008749-003/2024(H5N1)	1827	G	A	5	3	49	8601	4655	43	0.999187	8608	0	TRUE	PA:cds-XAJ25422.1	AAG	K	AAA	K	609
PA|PP755594.1|A/cattle/Texas/24-008749-003/2024(H5N1)	1833	C	T	10	5	48	9304	5014	43	0.998819	9315	0	TRUE	PA:cds-XAJ25422.1	TTC	F	TTT	F	611
PA|PP755594.1|A/cattle/Texas/24-008749-003/2024(H5N1)	1839	A	G	5	0	38	9376	5104	43	0.999467	9381	0	TRUE	PA:cds-XAJ25422.1	GAA	E	GAG	E	613
PA|PP755594.1|A/cattle/Texas/24-008749-003/2024(H5N1)	1845	A	G	0	0	0	9142	4965	42	0.998907	9152	0	TRUE	PA:cds-XAJ25422.1	AAA	K	AAG	K	615
PA|PP755594.1|A/cattle/Texas/24-008749-003/2024(H5N1)	1848	A	G	12	2	34	9261	5083	42	0.998706	9273	0	TRUE	PA:cds-XAJ25422.1	TCA	S	TCG	S	616
PA|PP755594.1|A/cattle/Texas/24-008749-003/2024(H5N1)	1854	A	G	5	3	39	9544	5073	42	0.999267	9551	0	TRUE	PA:cds-XAJ25422.1	ACA	T	ACG	T	618
PA|PP755594.1|A/cattle/Texas/24-008749-003/2024(H5N1)	1872	A	C	2	1	32	9813	5406	42	0.999185	9821	0	TRUE	PA:cds-XAJ25422.1	TCA	S	TCC	S	624
PA|PP755594.1|A/cattle/Texas/24-008749-003/2024(H5N1)	1877	A	G	25	3	36	9165	4742	39	0.993173	9228	0	TRUE	PA:cds-XAJ25422.1	AAA	K	AGA	R	626
PA|PP755594.1|A/cattle/Texas/24-008749-003/2024(H5N1)	1884	G	A	8	7	37	10173	5594	41	0.999018	10183	0	TRUE	PA:cds-XAJ25422.1	GTG	V	GTA	V	628
PA|PP755594.1|A/cattle/Texas/24-008749-003/2024(H5N1)	1893	C	A	16	12	40	9772	5265	43	0.99755	9796	0	TRUE	PA:cds-XAJ25422.1	GGC	G	GGA	G	631
PA|PP755594.1|A/cattle/Texas/24-008749-003/2024(H5N1)	1896	T	C	6	2	37	9771	5289	42	0.99908	9780	0	TRUE	PA:cds-XAJ25422.1	TCT	S	TCC	S	632
PA|PP755594.1|A/cattle/Texas/24-008749-003/2024(H5N1)	1905	A	G	191	183	27	9417	5180	42	0.980121	9608	0	TRUE	PA:cds-XAJ25422.1	AAA	K	AAG	K	635
PA|PP755594.1|A/cattle/Texas/24-008749-003/2024(H5N1)	1906	G	A	195	183	30	9396	5224	42	0.979668	9591	0	TRUE	PA:cds-XAJ25422.1	GTA	V	ATA	I	636
PA|PP755594.1|A/cattle/Texas/24-008749-003/2024(H5N1)	1906	G	+A	195	183	30	254	0	20	0.0241284	10527	1.75463e-299	TRUE	NA	NA	NA	NA	NA	NA
PA|PP755594.1|A/cattle/Texas/24-008749-003/2024(H5N1)	1917	A	C	6	3	32	8811	5009	41	0.999319	8817	0	TRUE	PA:cds-XAJ25422.1	ACA	T	ACC	T	639
PA|PP755594.1|A/cattle/Texas/24-008749-003/2024(H5N1)	1918	T	C	18	11	44	8761	5012	40	0.997722	8781	0	TRUE	PA:cds-XAJ25422.1	TTG	L	CTG	L	640
PA|PP755594.1|A/cattle/Texas/24-008749-003/2024(H5N1)	1923	A	G	5	3	40	8641	4835	39	0.997691	8661	0	TRUE	PA:cds-XAJ25422.1	CTA	L	CTG	L	641
PA|PP755594.1|A/cattle/Texas/24-008749-003/2024(H5N1)	1929	G	A	12	9	36	10782	7004	41	0.998888	10794	0	TRUE	PA:cds-XAJ25422.1	AAG	K	AAA	K	643
PA|PP755594.1|A/cattle/Texas/24-008749-003/2024(H5N1)	1944	C	T	24	14	41	11077	7107	42	0.997568	11104	0	TRUE	PA:cds-XAJ25422.1	AGC	S	AGT	S	648
PA|PP755594.1|A/cattle/Texas/24-008749-003/2024(H5N1)	1950	T	C	19	7	44	9849	5818	43	0.997973	9869	0	TRUE	PA:cds-XAJ25422.1	TAT	Y	TAC	Y	650
PA|PP755594.1|A/cattle/Texas/24-008749-003/2024(H5N1)	1956	T	C	3	1	40	8667	5325	42	0.999654	8670	0	TRUE	PA:cds-XAJ25422.1	TCT	S	TCC	S	652
PA|PP755594.1|A/cattle/Texas/24-008749-003/2024(H5N1)	1959	T	A	0	0	0	8670	5335	42	0.999654	8673	0	TRUE	PA:cds-XAJ25422.1	CCT	P	CCA	P	653
PA|PP755594.1|A/cattle/Texas/24-008749-003/2024(H5N1)	1965	C	T	3	1	50	8841	5525	42	0.999435	8846	0	TRUE	PA:cds-XAJ25422.1	CTC	L	CTT	L	655
PA|PP755594.1|A/cattle/Texas/24-008749-003/2024(H5N1)	1966	G	T	7717	4391	38	130	130	26	0.0165626	7849	7.15382e-05	TRUE	PA:cds-XAJ25422.1	GAG	E	TAG	*	656
PA|PP755594.1|A/cattle/Texas/24-008749-003/2024(H5N1)	1968	G	A	10	4	46	8868	5582	42	0.998536	8881	0	TRUE	PA:cds-XAJ25422.1	GAG	E	GAA	E	656
PA|PP755594.1|A/cattle/Texas/24-008749-003/2024(H5N1)	1971	G	A	2	1	32	8889	5615	42	0.99955	8893	0	TRUE	PA:cds-XAJ25422.1	GGG	G	GGA	G	657
PA|PP755594.1|A/cattle/Texas/24-008749-003/2024(H5N1)	1980	T	A	0	0	0	12189	7281	43	0.999426	12196	0	TRUE	PA:cds-XAJ25422.1	GCT	A	GCA	A	660
PA|PP755594.1|A/cattle/Texas/24-008749-003/2024(H5N1)	1986	A	G	3	1	40	12056	7097	43	0.999088	12067	0	TRUE	PA:cds-XAJ25422.1	TCA	S	TCG	S	662
PA|PP755594.1|A/cattle/Texas/24-008749-003/2024(H5N1)	1989	A	G	7	6	50	12186	7231	42	0.999426	12193	0	TRUE	PA:cds-XAJ25422.1	AGA	R	AGG	R	663
PA|PP755594.1|A/cattle/Texas/24-008749-003/2024(H5N1)	1993	T	C	97	58	44	12200	7381	43	0.992112	12297	0	TRUE	PA:cds-XAJ25422.1	TTG	L	CTG	L	665
PA|PP755594.1|A/cattle/Texas/24-008749-003/2024(H5N1)	2018	G	T	12521	7394	39	133	133	25	0.0105064	12659	0.344411	FALSE	PA:cds-XAJ25422.1	AGG	R	ATG	M	673
PA|PP755594.1|A/cattle/Texas/24-008749-003/2024(H5N1)	2052	G	A	15	11	37	14162	11299	47	0.998097	14189	0	TRUE	PA:cds-XAJ25422.1	GGG	G	GGA	G	684
PA|PP755594.1|A/cattle/Texas/24-008749-003/2024(H5N1)	2062	G	T	13294	11084	44	151	151	26	0.0112301	13446	0.151986	FALSE	PA:cds-XAJ25422.1	GAA	E	TAA	*	688
PA|PP755594.1|A/cattle/Texas/24-008749-003/2024(H5N1)	2088	C	T	2	2	40	12989	11199	49	0.999692	12993	0	TRUE	PA:cds-XAJ25422.1	AAC	N	AAT	N	696
