REGION	POS	REF	ALT	REF_DP	REF_RV	REF_QUAL	ALT_DP	ALT_RV	ALT_QUAL	ALT_FREQ	TOTAL_DP	PVAL	PASS	GFF_FEATURE	REF_CODON	REF_AA	ALT_CODON	ALT_AA	POS_AA
NP|PP755592.1|A/cattle/Texas/24-008749-003/2024(H5N1)	9	T	C	44	8	40	1	0	40	0.0222222	45	0.0986842	FALSE	NP:cds-XAJ25419.1	TCT	S	TCC	S	3
NP|PP755592.1|A/cattle/Texas/24-008749-003/2024(H5N1)	10	C	A	31	13	35	1	0	24	0.03125	32	0.313238	FALSE	NP:cds-XAJ25419.1	CAA	Q	AAA	K	4
NP|PP755592.1|A/cattle/Texas/24-008749-003/2024(H5N1)	51	G	A	0	0	0	164	47	41	1	164	8.16445e-166	TRUE	NP:cds-XAJ25419.1	GGG	G	GGA	G	17
NP|PP755592.1|A/cattle/Texas/24-008749-003/2024(H5N1)	154	C	T	0	0	0	491	241	45	1	491	0	TRUE	NP:cds-XAJ25419.1	CAC	H	TAC	Y	52
NP|PP755592.1|A/cattle/Texas/24-008749-003/2024(H5N1)	206	C	A	457	259	41	13	0	26	0.0276596	470	0.0214393	FALSE	NP:cds-XAJ25419.1	TCG	S	TAG	*	69
NP|PP755592.1|A/cattle/Texas/24-008749-003/2024(H5N1)	207	G	A	0	0	0	523	251	45	1	523	0	TRUE	NP:cds-XAJ25419.1	TCG	S	TCA	S	69
NP|PP755592.1|A/cattle/Texas/24-008749-003/2024(H5N1)	219	A	G	0	0	0	493	217	42	0.997976	494	0	TRUE	NP:cds-XAJ25419.1	GAA	E	GAG	E	73
NP|PP755592.1|A/cattle/Texas/24-008749-003/2024(H5N1)	240	G	A	0	0	0	501	234	46	1	501	0	TRUE	NP:cds-XAJ25419.1	GAG	E	GAA	E	80
NP|PP755592.1|A/cattle/Texas/24-008749-003/2024(H5N1)	249	C	A	484	253	44	6	0	26	0.0122449	490	0.380256	FALSE	NP:cds-XAJ25419.1	CCC	P	CCA	P	83
NP|PP755592.1|A/cattle/Texas/24-008749-003/2024(H5N1)	252	T	C	0	0	0	540	245	47	1	540	0	TRUE	NP:cds-XAJ25419.1	AGT	S	AGC	S	84
NP|PP755592.1|A/cattle/Texas/24-008749-003/2024(H5N1)	258	A	G	0	0	0	520	218	48	1	520	0	TRUE	NP:cds-XAJ25419.1	GGA	G	GGG	G	86
NP|PP755592.1|A/cattle/Texas/24-008749-003/2024(H5N1)	267	C	A	428	225	41	7	0	33	0.016092	435	0.00136956	TRUE	NP:cds-XAJ25419.1	CCC	P	CCA	P	89
NP|PP755592.1|A/cattle/Texas/24-008749-003/2024(H5N1)	282	T	C	1	1	40	457	216	44	0.997817	458	2.41015e-300	TRUE	NP:cds-XAJ25419.1	GGT	G	GGC	G	94
NP|PP755592.1|A/cattle/Texas/24-008749-003/2024(H5N1)	293	G	A	1	1	40	434	194	43	0.997701	435	3.49776e-296	TRUE	NP:cds-XAJ25419.1	AGG	R	AAG	K	98
NP|PP755592.1|A/cattle/Texas/24-008749-003/2024(H5N1)	297	G	A	0	0	0	435	204	43	1	435	5.5069e-296	TRUE	NP:cds-XAJ25419.1	AGG	R	AGA	R	99
NP|PP755592.1|A/cattle/Texas/24-008749-003/2024(H5N1)	304	G	-GCAAATGGAT	450	206	43	10	0	20	0.017331	577	0.0688632	FALSE	NA	NA	NA	NA	NA	NA
NP|PP755592.1|A/cattle/Texas/24-008749-003/2024(H5N1)	377	G	T	335	175	41	22	22	28	0.0616246	357	2.63032e-06	TRUE	NP:cds-XAJ25419.1	GGA	G	GTA	V	126
NP|PP755592.1|A/cattle/Texas/24-008749-003/2024(H5N1)	405	C	T	0	0	0	453	277	46	1	453	6.28988e-305	TRUE	NP:cds-XAJ25419.1	CAC	H	CAT	H	135
NP|PP755592.1|A/cattle/Texas/24-008749-003/2024(H5N1)	429	G	A	463	305	47	23	15	36	0.0473251	486	9.16874e-09	TRUE	NP:cds-XAJ25419.1	CTG	L	CTA	L	143
NP|PP755592.1|A/cattle/Texas/24-008749-003/2024(H5N1)	471	T	G	424	245	45	18	13	37	0.040724	442	6.62532e-07	TRUE	NP:cds-XAJ25419.1	ACT	T	ACG	T	157
NP|PP755592.1|A/cattle/Texas/24-008749-003/2024(H5N1)	480	T	C	0	0	0	428	238	44	1	428	3.20261e-288	TRUE	NP:cds-XAJ25419.1	GAT	D	GAC	D	160
NP|PP755592.1|A/cattle/Texas/24-008749-003/2024(H5N1)	495	A	T	0	0	0	428	199	44	0.997669	429	2.33738e-278	TRUE	NP:cds-XAJ25419.1	TCA	S	TCT	S	165
NP|PP755592.1|A/cattle/Texas/24-008749-003/2024(H5N1)	518	C	A	370	184	40	16	0	29	0.0414508	386	0.000825614	TRUE	NP:cds-XAJ25419.1	CCT	P	CAT	H	173
NP|PP755592.1|A/cattle/Texas/24-008749-003/2024(H5N1)	524	G	A	463	168	45	5	1	56	0.0106838	468	0.0200994	FALSE	NP:cds-XAJ25419.1	AGA	R	AAA	K	175
NP|PP755592.1|A/cattle/Texas/24-008749-003/2024(H5N1)	528	C	A	0	0	0	435	152	45	1	435	6.34907e-290	TRUE	NP:cds-XAJ25419.1	TCC	S	TCA	S	176
NP|PP755592.1|A/cattle/Texas/24-008749-003/2024(H5N1)	543	G	A	1	0	40	438	167	44	0.997722	439	6.09201e-285	TRUE	NP:cds-XAJ25419.1	GCG	A	GCA	A	181
NP|PP755592.1|A/cattle/Texas/24-008749-003/2024(H5N1)	546	A	G	438	155	44	18	10	43	0.0394737	456	6.98103e-07	TRUE	NP:cds-XAJ25419.1	GCA	A	GCG	A	182
NP|PP755592.1|A/cattle/Texas/24-008749-003/2024(H5N1)	570	G	A	0	0	0	455	159	46	0.995624	457	1.37846e-313	TRUE	NP:cds-XAJ25419.1	GTG	V	GTA	V	190
NP|PP755592.1|A/cattle/Texas/24-008749-003/2024(H5N1)	585	A	G	0	0	0	470	188	48	1	470	0	TRUE	NP:cds-XAJ25419.1	CGA	R	CGG	R	195
NP|PP755592.1|A/cattle/Texas/24-008749-003/2024(H5N1)	600	A	G	0	0	0	468	187	47	1	468	0	TRUE	NP:cds-XAJ25419.1	GGA	G	GGG	G	200
NP|PP755592.1|A/cattle/Texas/24-008749-003/2024(H5N1)	621	G	T	427	146	42	6	6	24	0.0138568	433	0.300294	FALSE	NP:cds-XAJ25419.1	TGG	W	TGT	C	207
NP|PP755592.1|A/cattle/Texas/24-008749-003/2024(H5N1)	627	T	C	0	0	0	464	196	46	1	464	7.95967e-310	TRUE	NP:cds-XAJ25419.1	GGT	G	GGC	G	209
NP|PP755592.1|A/cattle/Texas/24-008749-003/2024(H5N1)	633	C	T	0	0	0	444	193	46	0.997753	445	1.15046e-296	TRUE	NP:cds-XAJ25419.1	AAC	N	AAT	N	211
NP|PP755592.1|A/cattle/Texas/24-008749-003/2024(H5N1)	648	G	A	0	0	0	455	232	46	1	455	6.61309e-309	TRUE	NP:cds-XAJ25419.1	AGG	R	AGA	R	216
NP|PP755592.1|A/cattle/Texas/24-008749-003/2024(H5N1)	658	G	T	401	174	41	7	7	26	0.0171569	408	0.183879	FALSE	NP:cds-XAJ25419.1	GAG	E	TAG	*	220
NP|PP755592.1|A/cattle/Texas/24-008749-003/2024(H5N1)	675	C	T	1	1	40	426	241	46	0.997658	427	2.31063e-283	TRUE	NP:cds-XAJ25419.1	ATC	I	ATT	I	225
NP|PP755592.1|A/cattle/Texas/24-008749-003/2024(H5N1)	756	A	G	6	3	57	432	246	47	0.986301	438	1.97727e-281	TRUE	NP:cds-XAJ25419.1	GAA	E	GAG	E	252
NP|PP755592.1|A/cattle/Texas/24-008749-003/2024(H5N1)	770	T	G	446	266	48	11	7	37	0.0239651	459	0.000121285	TRUE	NP:cds-XAJ25419.1	ATC	I	AGC	S	257
NP|PP755592.1|A/cattle/Texas/24-008749-003/2024(H5N1)	796	C	T	0	0	0	455	245	45	1	455	2.20793e-305	TRUE	NP:cds-XAJ25419.1	CTG	L	TTG	L	266
NP|PP755592.1|A/cattle/Texas/24-008749-003/2024(H5N1)	825	T	C	0	0	0	462	225	45	1	462	5.38328e-305	TRUE	NP:cds-XAJ25419.1	TGT	C	TGC	C	275
NP|PP755592.1|A/cattle/Texas/24-008749-003/2024(H5N1)	882	G	A	0	0	0	442	212	45	0.997743	443	3.01381e-299	TRUE	NP:cds-XAJ25419.1	GAG	E	GAA	E	294
NP|PP755592.1|A/cattle/Texas/24-008749-003/2024(H5N1)	913	C	T	465	211	49	6	5	43	0.0127389	471	0.006948	TRUE	NP:cds-XAJ25419.1	CGT	R	TGT	C	305
NP|PP755592.1|A/cattle/Texas/24-008749-003/2024(H5N1)	915	T	C	459	206	48	12	7	52	0.0254777	471	4.56962e-05	TRUE	NP:cds-XAJ25419.1	CGT	R	CGC	R	305
NP|PP755592.1|A/cattle/Texas/24-008749-003/2024(H5N1)	924	G	A	0	0	0	470	218	48	1	470	0	TRUE	NP:cds-XAJ25419.1	CAG	Q	CAA	Q	308
NP|PP755592.1|A/cattle/Texas/24-008749-003/2024(H5N1)	936	T	C	0	0	0	467	224	47	1	467	0	TRUE	NP:cds-XAJ25419.1	GTT	V	GTC	V	312
NP|PP755592.1|A/cattle/Texas/24-008749-003/2024(H5N1)	957	T	C	0	0	0	464	221	47	1	464	1.36169e-310	TRUE	NP:cds-XAJ25419.1	AAT	N	AAC	N	319
NP|PP755592.1|A/cattle/Texas/24-008749-003/2024(H5N1)	972	C	T	0	0	0	444	224	46	0.997753	445	1.03799e-299	TRUE	NP:cds-XAJ25419.1	CAC	H	CAT	H	324
NP|PP755592.1|A/cattle/Texas/24-008749-003/2024(H5N1)	997	T	C	461	234	48	7	5	41	0.0149254	469	0.00338547	TRUE	NP:cds-XAJ25419.1	TGC	C	CGC	R	333
NP|PP755592.1|A/cattle/Texas/24-008749-003/2024(H5N1)	1008	A	G	0	0	0	437	234	45	1	437	1.05029e-296	TRUE	NP:cds-XAJ25419.1	GCA	A	GCG	A	336
NP|PP755592.1|A/cattle/Texas/24-008749-003/2024(H5N1)	1023	G	A	0	0	0	459	241	45	0.997826	460	1.42364e-308	TRUE	NP:cds-XAJ25419.1	CTG	L	CTA	L	341
NP|PP755592.1|A/cattle/Texas/24-008749-003/2024(H5N1)	1047	A	G	0	0	0	436	245	44	1	436	2.51418e-298	TRUE	NP:cds-XAJ25419.1	GGA	G	GGG	G	349
NP|PP755592.1|A/cattle/Texas/24-008749-003/2024(H5N1)	1053	A	G	0	0	0	480	269	44	1	480	0	TRUE	NP:cds-XAJ25419.1	AGA	R	AGG	R	351
NP|PP755592.1|A/cattle/Texas/24-008749-003/2024(H5N1)	1061	C	A	351	234	40	6	0	24	0.0168067	357	0.22945	FALSE	NP:cds-XAJ25419.1	CCA	P	CAA	Q	354
NP|PP755592.1|A/cattle/Texas/24-008749-003/2024(H5N1)	1110	C	T	473	253	48	6	3	36	0.0125261	479	0.00684622	TRUE	NP:cds-XAJ25419.1	AAC	N	AAT	N	370
NP|PP755592.1|A/cattle/Texas/24-008749-003/2024(H5N1)	1112	T	C	464	239	48	14	8	43	0.0292887	478	8.72889e-06	TRUE	NP:cds-XAJ25419.1	ATG	M	ACG	T	371
NP|PP755592.1|A/cattle/Texas/24-008749-003/2024(H5N1)	1114	G	T	353	106	42	7	7	25	0.0194444	360	0.162368	FALSE	NP:cds-XAJ25419.1	GAG	E	TAG	*	372
NP|PP755592.1|A/cattle/Texas/24-008749-003/2024(H5N1)	1125	T	C	0	0	0	472	238	48	1	472	0	TRUE	NP:cds-XAJ25419.1	GAT	D	GAC	D	375
NP|PP755592.1|A/cattle/Texas/24-008749-003/2024(H5N1)	1188	C	T	0	0	0	452	215	48	1	452	7.94948e-308	TRUE	NP:cds-XAJ25419.1	ACC	T	ACT	T	396
NP|PP755592.1|A/cattle/Texas/24-008749-003/2024(H5N1)	1212	A	G	1	0	80	453	206	46	0.997797	454	2.79937e-303	TRUE	NP:cds-XAJ25419.1	GGA	G	GGG	G	404
NP|PP755592.1|A/cattle/Texas/24-008749-003/2024(H5N1)	1239	T	A	485	213	46	25	14	50	0.0490196	510	1.61833e-09	TRUE	NP:cds-XAJ25419.1	TCT	S	TCA	S	413
NP|PP755592.1|A/cattle/Texas/24-008749-003/2024(H5N1)	1256	C	A	435	207	44	6	0	24	0.0136054	441	0.386224	FALSE	NP:cds-XAJ25419.1	CCA	P	CAA	Q	419
NP|PP755592.1|A/cattle/Texas/24-008749-003/2024(H5N1)	1260	C	T	478	203	47	9	6	42	0.0184805	487	0.000709657	TRUE	NP:cds-XAJ25419.1	TTC	F	TTT	F	420
NP|PP755592.1|A/cattle/Texas/24-008749-003/2024(H5N1)	1263	G	A	0	0	0	470	205	47	1	470	0	TRUE	NP:cds-XAJ25419.1	GAG	E	GAA	E	421
NP|PP755592.1|A/cattle/Texas/24-008749-003/2024(H5N1)	1327	G	T	398	169	43	10	10	25	0.0245098	408	0.0413289	FALSE	NP:cds-XAJ25419.1	GAG	E	TAG	*	443
NP|PP755592.1|A/cattle/Texas/24-008749-003/2024(H5N1)	1445	A	G	0	0	0	327	274	48	1	327	5.71734e-226	TRUE	NP:cds-XAJ25419.1	AAC	N	AGC	S	482
NP|PP755592.1|A/cattle/Texas/24-008749-003/2024(H5N1)	1469	G	T	107	71	38	21	21	25	0.164062	128	3.54599e-10	TRUE	NP:cds-XAJ25419.1	GGA	G	GTA	V	490
NP|PP755592.1|A/cattle/Texas/24-008749-003/2024(H5N1)	1480	G	T	222	196	40	4	4	28	0.0176991	226	0.319284	FALSE	NP:cds-XAJ25419.1	GAG	E	TAG	*	494
