REGION	POS	REF	ALT	REF_DP	REF_RV	REF_QUAL	ALT_DP	ALT_RV	ALT_QUAL	ALT_FREQ	TOTAL_DP	PVAL	PASS	GFF_FEATURE	REF_CODON	REF_AA	ALT_CODON	ALT_AA	POS_AA
NA|PP755591.1|A/cattle/Texas/24-008749-003/2024(H5N1)	20	T	C	366	109	39	33	1	36	0.0827068	399	2.71999e-24	TRUE	NA:cds-XAJ25418.1	ATA	I	ACA	T	7
NA|PP755591.1|A/cattle/Texas/24-008749-003/2024(H5N1)	23	C	T	24	5	40	382	111	39	0.938575	407	0	TRUE	NA:cds-XAJ25418.1	ACA	T	ATA	I	8
NA|PP755591.1|A/cattle/Texas/24-008749-003/2024(H5N1)	27	C	T	22	3	35	369	104	39	0.943734	391	0	TRUE	NA:cds-XAJ25418.1	ACC	T	ACT	T	9
NA|PP755591.1|A/cattle/Texas/24-008749-003/2024(H5N1)	30	T	C	2	0	34	418	120	39	0.995238	420	0	TRUE	NA:cds-XAJ25418.1	ATT	I	ATC	I	10
NA|PP755591.1|A/cattle/Texas/24-008749-003/2024(H5N1)	33	A	G	0	0	0	468	125	38	1	468	0	TRUE	NA:cds-XAJ25418.1	GGA	G	GGG	G	11
NA|PP755591.1|A/cattle/Texas/24-008749-003/2024(H5N1)	42	T	C	0	0	0	581	146	39	1	581	0	TRUE	NA:cds-XAJ25418.1	TGT	C	TGC	C	14
NA|PP755591.1|A/cattle/Texas/24-008749-003/2024(H5N1)	47	T	C	557	144	39	20	3	33	0.034662	577	1.61169e-12	TRUE	NA:cds-XAJ25418.1	GTA	V	GCA	A	16
NA|PP755591.1|A/cattle/Texas/24-008749-003/2024(H5N1)	54	G	A	2	1	51	574	141	39	0.996528	576	0	TRUE	NA:cds-XAJ25418.1	GGG	G	GGA	G	18
NA|PP755591.1|A/cattle/Texas/24-008749-003/2024(H5N1)	58	G	A	2	0	34	553	145	39	0.994604	556	0	TRUE	NA:cds-XAJ25418.1	GTC	V	ATC	I	20
NA|PP755591.1|A/cattle/Texas/24-008749-003/2024(H5N1)	60	C	A	0	0	0	530	147	37	0.992509	534	0	TRUE	NA:cds-XAJ25418.1	GTC	V	GTA	V	20
NA|PP755591.1|A/cattle/Texas/24-008749-003/2024(H5N1)	60	C	-AGCT	0	0	0	29	0	20	0.0151042	1920	5.03146e-52	TRUE	NA	NA	NA	NA	NA	NA
NA|PP755591.1|A/cattle/Texas/24-008749-003/2024(H5N1)	63	C	T	5	0	34	541	135	38	0.987226	548	0	TRUE	NA:cds-XAJ25418.1	AGC	S	AGT	S	21
NA|PP755591.1|A/cattle/Texas/24-008749-003/2024(H5N1)	64	T	C	1	1	34	563	140	39	0.998227	564	0	TRUE	NA:cds-XAJ25418.1	TTG	L	CTG	L	22
NA|PP755591.1|A/cattle/Texas/24-008749-003/2024(H5N1)	67	A	G	8	0	32	605	172	38	0.986949	613	0	TRUE	NA:cds-XAJ25418.1	ATG	M	GTG	V	23
NA|PP755591.1|A/cattle/Texas/24-008749-003/2024(H5N1)	72	G	A	2	1	47	714	209	37	0.997207	716	0	TRUE	NA:cds-XAJ25418.1	CTG	L	CTA	L	24
NA|PP755591.1|A/cattle/Texas/24-008749-003/2024(H5N1)	81	G	A	5	1	46	1934	549	42	0.997421	1939	0	TRUE	NA:cds-XAJ25418.1	GGG	G	GGA	G	27
NA|PP755591.1|A/cattle/Texas/24-008749-003/2024(H5N1)	105	C	T	3	1	34	1996	606	43	0.998499	1999	0	TRUE	NA:cds-XAJ25418.1	AGC	S	AGT	S	35
NA|PP755591.1|A/cattle/Texas/24-008749-003/2024(H5N1)	114	C	T	1	1	34	1955	635	43	0.999489	1956	0	TRUE	NA:cds-XAJ25418.1	ATC	I	ATT	I	38
NA|PP755591.1|A/cattle/Texas/24-008749-003/2024(H5N1)	120	A	T	2	0	23	939	457	38	0.994703	944	0	TRUE	NA:cds-XAJ25418.1	ACA	T	ACT	T	40
NA|PP755591.1|A/cattle/Texas/24-008749-003/2024(H5N1)	123	G	A	1	0	34	997	521	39	0.998998	998	0	TRUE	NA:cds-XAJ25418.1	GGG	G	GGA	G	41
NA|PP755591.1|A/cattle/Texas/24-008749-003/2024(H5N1)	126	T	C	0	0	0	998	521	39	1	998	0	TRUE	NA:cds-XAJ25418.1	AAT	N	AAC	N	42
NA|PP755591.1|A/cattle/Texas/24-008749-003/2024(H5N1)	129	A	G	0	0	0	984	506	38	1	984	0	TRUE	NA:cds-XAJ25418.1	CAA	Q	CAG	Q	43
NA|PP755591.1|A/cattle/Texas/24-008749-003/2024(H5N1)	130	T	A	0	0	0	939	502	37	1	939	0	TRUE	NA:cds-XAJ25418.1	TAC	Y	AAC	N	44
NA|PP755591.1|A/cattle/Texas/24-008749-003/2024(H5N1)	135	G	C	0	0	0	1008	523	39	1	1008	0	TRUE	NA:cds-XAJ25418.1	CAG	Q	CAC	H	45
NA|PP755591.1|A/cattle/Texas/24-008749-003/2024(H5N1)	138	T	A	0	0	0	963	523	38	1	963	0	TRUE	NA:cds-XAJ25418.1	CCT	P	CCA	P	46
NA|PP755591.1|A/cattle/Texas/24-008749-003/2024(H5N1)	142	C	A	0	0	0	989	518	39	0.99899	990	0	TRUE	NA:cds-XAJ25418.1	CCA	P	ACA	T	48
NA|PP755591.1|A/cattle/Texas/24-008749-003/2024(H5N1)	156	C	T	4	4	42	1185	786	40	0.996636	1189	0	TRUE	NA:cds-XAJ25418.1	AGC	S	AGT	S	52
NA|PP755591.1|A/cattle/Texas/24-008749-003/2024(H5N1)	157	A	G	1	1	68	1235	817	40	0.999191	1236	0	TRUE	NA:cds-XAJ25418.1	ATC	I	GTC	V	53
NA|PP755591.1|A/cattle/Texas/24-008749-003/2024(H5N1)	168	T	C	0	0	0	1092	783	39	0.999085	1093	0	TRUE	NA:cds-XAJ25418.1	TAT	Y	TAC	Y	56
NA|PP755591.1|A/cattle/Texas/24-008749-003/2024(H5N1)	171	G	A	0	0	0	1072	782	39	1	1072	0	TRUE	NA:cds-XAJ25418.1	GAG	E	GAA	E	57
NA|PP755591.1|A/cattle/Texas/24-008749-003/2024(H5N1)	177	C	T	6	5	39	990	724	38	0.993976	996	0	TRUE	NA:cds-XAJ25418.1	AAC	N	AAT	N	59
NA|PP755591.1|A/cattle/Texas/24-008749-003/2024(H5N1)	180	C	T	1	1	34	1040	777	38	0.999039	1041	0	TRUE	NA:cds-XAJ25418.1	ACC	T	ACT	T	60
NA|PP755591.1|A/cattle/Texas/24-008749-003/2024(H5N1)	186	A	G	0	0	0	1060	792	38	0.999057	1061	0	TRUE	NA:cds-XAJ25418.1	GTA	V	GTG	V	62
NA|PP755591.1|A/cattle/Texas/24-008749-003/2024(H5N1)	195	G	A	0	0	0	899	692	37	1	899	0	TRUE	NA:cds-XAJ25418.1	ACG	T	ACA	T	65
NA|PP755591.1|A/cattle/Texas/24-008749-003/2024(H5N1)	198	T	C	2	2	34	895	683	37	0.99777	897	0	TRUE	NA:cds-XAJ25418.1	TAT	Y	TAC	Y	66
NA|PP755591.1|A/cattle/Texas/24-008749-003/2024(H5N1)	207	C	A	0	0	0	55	25	31	1	55	5.37343e-35	TRUE	NA:cds-XAJ25418.1	ATC	I	ATA	I	69
NA|PP755591.1|A/cattle/Texas/24-008749-003/2024(H5N1)	210	C	T	0	0	0	35	10	33	1	35	6.37188e-22	TRUE	NA:cds-XAJ25418.1	AGC	S	AGT	S	70
NA|PP755591.1|A/cattle/Texas/24-008749-003/2024(H5N1)	212	G	A	1	1	34	35	11	33	0.972222	36	1.2234e-20	TRUE	NA:cds-XAJ25418.1	AGT	S	AAT	N	71
NA|PP755591.1|A/cattle/Texas/24-008749-003/2024(H5N1)	222	T	A	0	0	0	3	3	26	1	3	0.0178571	FALSE	NA:cds-XAJ25418.1	TTT	F	TTA	L	74
NA|PP755591.1|A/cattle/Texas/24-008749-003/2024(H5N1)	223	C	A	0	0	0	4	4	26	1	4	0.0285714	FALSE	NA:cds-XAJ25418.1	CTT	L	ATT	I	75
NA|PP755591.1|A/cattle/Texas/24-008749-003/2024(H5N1)	228	T	A	0	0	0	1	1	34	1	1	1	FALSE	NA:cds-XAJ25418.1	GCT	A	GCA	A	76
NA|PP755591.1|A/cattle/Texas/24-008749-003/2024(H5N1)	267	A	C	0	0	0	1	1	34	1	1	1	FALSE	NA:cds-XAJ25418.1	TCA	S	TCC	S	89
NA|PP755591.1|A/cattle/Texas/24-008749-003/2024(H5N1)	276	C	T	0	0	0	1	1	34	1	1	1	FALSE	NA:cds-XAJ25418.1	TGC	C	TGT	C	92
NA|PP755591.1|A/cattle/Texas/24-008749-003/2024(H5N1)	279	T	A	0	0	0	1	1	34	1	1	1	FALSE	NA:cds-XAJ25418.1	CCT	P	CCA	P	93
NA|PP755591.1|A/cattle/Texas/24-008749-003/2024(H5N1)	282	T	C	0	0	0	1	1	34	1	1	1	FALSE	NA:cds-XAJ25418.1	ATT	I	ATC	I	94
NA|PP755591.1|A/cattle/Texas/24-008749-003/2024(H5N1)	288	G	A	2	2	34	2	1	34	0.5	4	0.285714	FALSE	NA:cds-XAJ25418.1	GGG	G	GGA	G	96
NA|PP755591.1|A/cattle/Texas/24-008749-003/2024(H5N1)	294	A	C	0	0	0	4	3	32	1	4	0.0285714	FALSE	NA:cds-XAJ25418.1	GCA	A	GCC	A	98
NA|PP755591.1|A/cattle/Texas/24-008749-003/2024(H5N1)	303	T	C	0	0	0	4	3	34	1	4	0.0285714	FALSE	NA:cds-XAJ25418.1	AGT	S	AGC	S	101
NA|PP755591.1|A/cattle/Texas/24-008749-003/2024(H5N1)	312	C	T	0	0	0	4	3	34	1	4	0.0285714	FALSE	NA:cds-XAJ25418.1	AAC	N	AAT	N	104
NA|PP755591.1|A/cattle/Texas/24-008749-003/2024(H5N1)	321	A	G	0	0	0	1	0	34	1	1	1	FALSE	NA:cds-XAJ25418.1	AGA	R	AGG	R	107
NA|PP755591.1|A/cattle/Texas/24-008749-003/2024(H5N1)	327	G	T	0	0	0	1	0	34	1	1	1	FALSE	NA:cds-XAJ25418.1	GGG	G	GGT	G	109
NA|PP755591.1|A/cattle/Texas/24-008749-003/2024(H5N1)	330	T	C	0	0	0	1	0	34	1	1	1	FALSE	NA:cds-XAJ25418.1	TCT	S	TCC	S	110
NA|PP755591.1|A/cattle/Texas/24-008749-003/2024(H5N1)	333	G	A	0	0	0	1	0	34	1	1	1	FALSE	NA:cds-XAJ25418.1	AAG	K	AAA	K	111
NA|PP755591.1|A/cattle/Texas/24-008749-003/2024(H5N1)	336	G	A	0	0	0	1	0	34	1	1	1	FALSE	NA:cds-XAJ25418.1	GGG	G	GGA	G	112
NA|PP755591.1|A/cattle/Texas/24-008749-003/2024(H5N1)	342	G	A	0	0	0	1	0	26	1	1	1	FALSE	NA:cds-XAJ25418.1	GTG	V	GTA	V	114
NA|PP755591.1|A/cattle/Texas/24-008749-003/2024(H5N1)	348	T	C	0	0	0	1	0	34	1	1	1	FALSE	NA:cds-XAJ25418.1	GTT	V	GTC	V	116
NA|PP755591.1|A/cattle/Texas/24-008749-003/2024(H5N1)	351	A	C	0	0	0	1	0	34	1	1	1	FALSE	NA:cds-XAJ25418.1	ATA	I	ATC	I	117
NA|PP755591.1|A/cattle/Texas/24-008749-003/2024(H5N1)	357	A	G	0	0	0	1	0	34	1	1	1	FALSE	NA:cds-XAJ25418.1	GAA	E	GAG	E	119
NA|PP755591.1|A/cattle/Texas/24-008749-003/2024(H5N1)	360	A	T	0	0	0	1	0	34	1	1	1	FALSE	NA:cds-XAJ25418.1	CCA	P	CCT	P	120
NA|PP755591.1|A/cattle/Texas/24-008749-003/2024(H5N1)	363	C	T	0	0	0	1	0	34	1	1	1	FALSE	NA:cds-XAJ25418.1	TTC	F	TTT	F	121
NA|PP755591.1|A/cattle/Texas/24-008749-003/2024(H5N1)	366	C	T	0	0	0	1	0	34	1	1	1	FALSE	NA:cds-XAJ25418.1	ATC	I	ATT	I	122
NA|PP755591.1|A/cattle/Texas/24-008749-003/2024(H5N1)	375	C	T	2	0	47	513	57	33	0.996117	515	1.14613e-309	TRUE	NA:cds-XAJ25418.1	TCC	S	TCT	S	125
NA|PP755591.1|A/cattle/Texas/24-008749-003/2024(H5N1)	390	A	G	0	0	0	637	63	33	1	637	0	TRUE	NA:cds-XAJ25418.1	AGA	R	AGG	R	130
NA|PP755591.1|A/cattle/Texas/24-008749-003/2024(H5N1)	399	C	T	0	0	0	318	20	33	1	318	9.04835e-193	TRUE	NA:cds-XAJ25418.1	TTC	F	TTT	F	133
NA|PP755591.1|A/cattle/Texas/24-008749-003/2024(H5N1)	402	G	A	0	0	0	322	20	33	1	322	1.09474e-193	TRUE	NA:cds-XAJ25418.1	CTG	L	CTA	L	134
NA|PP755591.1|A/cattle/Texas/24-008749-003/2024(H5N1)	405	C	T	1	0	30	314	21	33	0.996825	315	4.81039e-189	TRUE	NA:cds-XAJ25418.1	ACC	T	ACT	T	135
NA|PP755591.1|A/cattle/Texas/24-008749-003/2024(H5N1)	408	G	A	2	0	32	316	20	33	0.993711	318	9.48349e-188	TRUE	NA:cds-XAJ25418.1	CAG	Q	CAA	Q	136
NA|PP755591.1|A/cattle/Texas/24-008749-003/2024(H5N1)	411	A	G	0	0	0	319	21	33	1	319	8.8813e-193	TRUE	NA:cds-XAJ25418.1	GGA	G	GGG	G	137
NA|PP755591.1|A/cattle/Texas/24-008749-003/2024(H5N1)	414	T	C	1	1	34	344	25	33	0.997101	345	6.26168e-208	TRUE	NA:cds-XAJ25418.1	GCT	A	GCC	A	138
NA|PP755591.1|A/cattle/Texas/24-008749-003/2024(H5N1)	418	C	T	5	0	34	358	39	32	0.986226	363	6.4208e-260	TRUE	NA:cds-XAJ25418.1	CTG	L	TTG	L	140
NA|PP755591.1|A/cattle/Texas/24-008749-003/2024(H5N1)	426	C	T	0	0	0	791	209	38	1	791	0	TRUE	NA:cds-XAJ25418.1	GAC	D	GAT	D	142
NA|PP755591.1|A/cattle/Texas/24-008749-003/2024(H5N1)	429	A	G	1	0	26	787	205	38	0.998731	788	0	TRUE	NA:cds-XAJ25418.1	AAA	K	AAG	K	143
NA|PP755591.1|A/cattle/Texas/24-008749-003/2024(H5N1)	441	G	A	4	1	49	926	272	39	0.995699	930	0	TRUE	NA:cds-XAJ25418.1	GGG	G	GGA	G	147
NA|PP755591.1|A/cattle/Texas/24-008749-003/2024(H5N1)	444	A	C	0	0	0	914	276	39	0.998907	915	0	TRUE	NA:cds-XAJ25418.1	ACA	T	ACC	T	148
NA|PP755591.1|A/cattle/Texas/24-008749-003/2024(H5N1)	450	G	A	0	0	0	1086	323	40	1	1086	0	TRUE	NA:cds-XAJ25418.1	AAG	K	AAA	K	150
NA|PP755591.1|A/cattle/Texas/24-008749-003/2024(H5N1)	453	T	C	1	0	46	1093	316	40	0.999086	1094	0	TRUE	NA:cds-XAJ25418.1	GAT	D	GAC	D	151
NA|PP755591.1|A/cattle/Texas/24-008749-003/2024(H5N1)	471	T	C	2	1	48	1357	474	39	0.996329	1362	0	TRUE	NA:cds-XAJ25418.1	ACT	T	ACC	T	157
NA|PP755591.1|A/cattle/Texas/24-008749-003/2024(H5N1)	472	T	C	0	0	0	1391	487	39	1	1391	0	TRUE	NA:cds-XAJ25418.1	TTG	L	CTG	L	158
NA|PP755591.1|A/cattle/Texas/24-008749-003/2024(H5N1)	480	T	C	0	0	0	1399	488	39	1	1399	0	TRUE	NA:cds-XAJ25418.1	AGT	S	AGC	S	160
NA|PP755591.1|A/cattle/Texas/24-008749-003/2024(H5N1)	483	T	C	1	0	34	1390	486	39	0.999281	1391	0	TRUE	NA:cds-XAJ25418.1	TGT	C	TGC	C	161
NA|PP755591.1|A/cattle/Texas/24-008749-003/2024(H5N1)	486	C	T	1	0	34	1351	464	38	0.99926	1352	0	TRUE	NA:cds-XAJ25418.1	CCC	P	CCT	P	162
NA|PP755591.1|A/cattle/Texas/24-008749-003/2024(H5N1)	489	G	T	1	0	34	1373	493	39	0.997095	1377	0	TRUE	NA:cds-XAJ25418.1	GTG	V	GTT	V	163
NA|PP755591.1|A/cattle/Texas/24-008749-003/2024(H5N1)	495	G	A	7	4	37	1791	663	41	0.995553	1799	0	TRUE	NA:cds-XAJ25418.1	GAG	E	GAA	E	165
NA|PP755591.1|A/cattle/Texas/24-008749-003/2024(H5N1)	504	C	A	0	0	0	2043	743	41	0.999511	2044	0	TRUE	NA:cds-XAJ25418.1	TCC	S	TCA	S	168
NA|PP755591.1|A/cattle/Texas/24-008749-003/2024(H5N1)	507	G	A	3	1	34	2060	741	41	0.998546	2063	0	TRUE	NA:cds-XAJ25418.1	CCG	P	CCA	P	169
NA|PP755591.1|A/cattle/Texas/24-008749-003/2024(H5N1)	519	A	G	1	0	34	2271	897	43	0.99956	2272	0	TRUE	NA:cds-XAJ25418.1	AGA	R	AGG	R	173
NA|PP755591.1|A/cattle/Texas/24-008749-003/2024(H5N1)	540	G	A	0	0	0	2496	1133	43	0.9988	2499	0	TRUE	NA:cds-XAJ25418.1	TCG	S	TCA	S	180
NA|PP755591.1|A/cattle/Texas/24-008749-003/2024(H5N1)	564	C	T	0	0	0	2412	1121	46	0.999171	2414	0	TRUE	NA:cds-XAJ25418.1	ATC	I	ATT	I	188
NA|PP755591.1|A/cattle/Texas/24-008749-003/2024(H5N1)	579	C	T	1	1	46	2258	1131	44	0.999557	2259	0	TRUE	NA:cds-XAJ25418.1	ATC	I	ATT	I	193
NA|PP755591.1|A/cattle/Texas/24-008749-003/2024(H5N1)	591	T	C	1	1	34	2254	1144	45	0.999113	2256	0	TRUE	NA:cds-XAJ25418.1	GGT	G	GGC	G	197
NA|PP755591.1|A/cattle/Texas/24-008749-003/2024(H5N1)	603	A	G	1	1	34	2112	1119	44	0.999527	2113	0	TRUE	NA:cds-XAJ25418.1	GGA	G	GGG	G	201
NA|PP755591.1|A/cattle/Texas/24-008749-003/2024(H5N1)	606	T	G	0	0	0	1999	1038	44	0.9995	2000	0	TRUE	NA:cds-XAJ25418.1	GCT	A	GCG	A	202
NA|PP755591.1|A/cattle/Texas/24-008749-003/2024(H5N1)	621	G	A	2	1	51	2046	1168	42	0.998536	2049	0	TRUE	NA:cds-XAJ25418.1	AAG	K	AAA	K	207
NA|PP755591.1|A/cattle/Texas/24-008749-003/2024(H5N1)	639	G	A	0	0	0	1816	1024	39	1	1816	0	TRUE	NA:cds-XAJ25418.1	ACG	T	ACA	T	213
NA|PP755591.1|A/cattle/Texas/24-008749-003/2024(H5N1)	648	C	T	1	0	34	1842	1080	38	0.999457	1843	0	TRUE	NA:cds-XAJ25418.1	ATC	I	ATT	I	216
NA|PP755591.1|A/cattle/Texas/24-008749-003/2024(H5N1)	662	A	G	0	0	0	1589	849	35	1	1589	0	TRUE	NA:cds-XAJ25418.1	AAC	N	AGC	S	221
NA|PP755591.1|A/cattle/Texas/24-008749-003/2024(H5N1)	666	C	T	0	0	0	1534	826	35	0.998698	1536	0	TRUE	NA:cds-XAJ25418.1	AAC	N	AAT	N	222
NA|PP755591.1|A/cattle/Texas/24-008749-003/2024(H5N1)	669	T	A	1	1	34	1567	890	35	0.999362	1568	0	TRUE	NA:cds-XAJ25418.1	ATT	I	ATA	I	223
NA|PP755591.1|A/cattle/Texas/24-008749-003/2024(H5N1)	678	T	A	1	0	34	1764	884	35	0.998302	1767	0	TRUE	NA:cds-XAJ25418.1	ACT	T	ACA	T	226
NA|PP755591.1|A/cattle/Texas/24-008749-003/2024(H5N1)	684	A	G	0	0	0	1714	866	36	1	1714	0	TRUE	NA:cds-XAJ25418.1	GAA	E	GAG	E	228
NA|PP755591.1|A/cattle/Texas/24-008749-003/2024(H5N1)	696	T	C	0	0	0	1411	606	37	1	1411	0	TRUE	NA:cds-XAJ25418.1	GCT	A	GCC	A	232
NA|PP755591.1|A/cattle/Texas/24-008749-003/2024(H5N1)	700	G	A	0	0	0	1414	599	37	1	1414	0	TRUE	NA:cds-XAJ25418.1	GTA	V	ATA	I	234
NA|PP755591.1|A/cattle/Texas/24-008749-003/2024(H5N1)	702	A	T	0	0	0	1366	574	37	1	1366	0	TRUE	NA:cds-XAJ25418.1	GTA	V	GTT	V	234
NA|PP755591.1|A/cattle/Texas/24-008749-003/2024(H5N1)	708	C	T	1	1	34	1399	609	37	0.999286	1400	0	TRUE	NA:cds-XAJ25418.1	GGC	G	GGT	G	236
NA|PP755591.1|A/cattle/Texas/24-008749-003/2024(H5N1)	711	C	T	0	0	0	1431	628	38	1	1431	0	TRUE	NA:cds-XAJ25418.1	TCC	S	TCT	S	237
NA|PP755591.1|A/cattle/Texas/24-008749-003/2024(H5N1)	717	C	T	2	1	51	1476	650	38	0.998647	1478	0	TRUE	NA:cds-XAJ25418.1	TTC	F	TTT	F	239
NA|PP755591.1|A/cattle/Texas/24-008749-003/2024(H5N1)	721	G	A	0	0	0	1549	714	38	1	1549	0	TRUE	NA:cds-XAJ25418.1	GTA	V	ATA	I	241
NA|PP755591.1|A/cattle/Texas/24-008749-003/2024(H5N1)	738	A	G	0	0	0	1831	858	44	1	1831	0	TRUE	NA:cds-XAJ25418.1	CCA	P	CCG	P	246
NA|PP755591.1|A/cattle/Texas/24-008749-003/2024(H5N1)	741	C	T	0	0	0	1793	801	43	1	1793	0	TRUE	NA:cds-XAJ25418.1	AGC	S	AGT	S	247
NA|PP755591.1|A/cattle/Texas/24-008749-003/2024(H5N1)	747	G	C	0	0	0	1900	901	44	1	1900	0	TRUE	NA:cds-XAJ25418.1	GGG	G	GGC	G	249
NA|PP755591.1|A/cattle/Texas/24-008749-003/2024(H5N1)	759	T	C	0	0	0	2067	940	45	1	2067	0	TRUE	NA:cds-XAJ25418.1	TAT	Y	TAC	Y	253
NA|PP755591.1|A/cattle/Texas/24-008749-003/2024(H5N1)	765	C	T	2	1	34	1875	956	42	0.998934	1877	0	TRUE	NA:cds-XAJ25418.1	ATC	I	ATT	I	255
NA|PP755591.1|A/cattle/Texas/24-008749-003/2024(H5N1)	770	A	G	1	0	60	1809	888	42	0.999448	1810	0	TRUE	NA:cds-XAJ25418.1	AAG	K	AGG	R	257
NA|PP755591.1|A/cattle/Texas/24-008749-003/2024(H5N1)	771	G	A	0	0	0	1809	887	42	1	1809	0	TRUE	NA:cds-XAJ25418.1	AAG	K	AAA	K	257
NA|PP755591.1|A/cattle/Texas/24-008749-003/2024(H5N1)	776	A	-G	1795	905	40	2220	0	20	0.884462	2510	0	TRUE	NA	NA	NA	NA	NA	NA
NA|PP755591.1|A/cattle/Texas/24-008749-003/2024(H5N1)	777	G	A	3	1	34	192	56	30	0.979592	196	8.84255e-290	TRUE	NA:cds-XAJ25418.1	GAG	E	GAA	E	259
NA|PP755591.1|A/cattle/Texas/24-008749-003/2024(H5N1)	780	A	G	1610	874	39	216	57	30	0.118227	1827	1.39344e-81	TRUE	NA:cds-XAJ25418.1	AAA	K	AAG	K	260
NA|PP755591.1|A/cattle/Texas/24-008749-003/2024(H5N1)	783	G	A	1734	913	41	208	58	31	0.107106	1942	8.58552e-76	TRUE	NA:cds-XAJ25418.1	GGG	G	GGA	G	261
NA|PP755591.1|A/cattle/Texas/24-008749-003/2024(H5N1)	786	A	G	1689	888	40	208	56	31	0.109647	1897	3.36335e-77	TRUE	NA:cds-XAJ25418.1	AAA	K	AAG	K	262
NA|PP755591.1|A/cattle/Texas/24-008749-003/2024(H5N1)	786	A	+G	1689	888	40	2273	0	20	0.883748	2572	0	TRUE	NA	NA	NA	NA	NA	NA
NA|PP755591.1|A/cattle/Texas/24-008749-003/2024(H5N1)	789	T	A	1	0	27	276	122	35	0.99639	277	0	TRUE	NA:cds-XAJ25418.1	GTT	V	GTA	V	263
NA|PP755591.1|A/cattle/Texas/24-008749-003/2024(H5N1)	804	A	G	1	0	34	2243	1250	44	0.999554	2244	0	TRUE	NA:cds-XAJ25418.1	GAA	E	GAG	E	268
NA|PP755591.1|A/cattle/Texas/24-008749-003/2024(H5N1)	805	A	T	0	0	0	2132	1160	42	0.999531	2133	0	TRUE	NA:cds-XAJ25418.1	ATG	M	TTG	L	269
NA|PP755591.1|A/cattle/Texas/24-008749-003/2024(H5N1)	828	C	T	1	0	68	2485	1258	42	0.998794	2488	0	TRUE	NA:cds-XAJ25418.1	TAC	Y	TAT	Y	276
NA|PP755591.1|A/cattle/Texas/24-008749-003/2024(H5N1)	834	A	G	3	1	41	2428	1214	42	0.998766	2431	0	TRUE	NA:cds-XAJ25418.1	GAA	E	GAG	E	278
NA|PP755591.1|A/cattle/Texas/24-008749-003/2024(H5N1)	855	G	T	1	1	30	662	240	34	0.996988	664	0	TRUE	NA:cds-XAJ25418.1	GCG	A	GCT	A	285
NA|PP755591.1|A/cattle/Texas/24-008749-003/2024(H5N1)	856	G	A	2	1	28	664	248	34	0.995502	667	0	TRUE	NA:cds-XAJ25418.1	GGT	G	AGT	S	286
NA|PP755591.1|A/cattle/Texas/24-008749-003/2024(H5N1)	858	T	C	0	0	0	672	251	34	1	672	0	TRUE	NA:cds-XAJ25418.1	GGT	G	GGC	G	286
NA|PP755591.1|A/cattle/Texas/24-008749-003/2024(H5N1)	861	T	G	4	3	27	654	233	34	0.993921	658	0	TRUE	NA:cds-XAJ25418.1	GAT	D	GAG	E	287
NA|PP755591.1|A/cattle/Texas/24-008749-003/2024(H5N1)	862	A	G	6	4	28	677	252	34	0.991215	683	0	TRUE	NA:cds-XAJ25418.1	ATT	I	GTT	V	288
NA|PP755591.1|A/cattle/Texas/24-008749-003/2024(H5N1)	863	T	C	628	225	34	42	23	34	0.0626866	670	2.86403e-14	TRUE	NA:cds-XAJ25418.1	ATT	I	ACT	T	288
NA|PP755591.1|A/cattle/Texas/24-008749-003/2024(H5N1)	864	T	A	0	0	0	664	244	34	1	664	0	TRUE	NA:cds-XAJ25418.1	ATT	I	ATA	I	288
NA|PP755591.1|A/cattle/Texas/24-008749-003/2024(H5N1)	879	G	A	0	0	0	991	430	36	0.998992	992	0	TRUE	NA:cds-XAJ25418.1	AGG	R	AGA	R	293
NA|PP755591.1|A/cattle/Texas/24-008749-003/2024(H5N1)	882	C	T	0	0	0	981	391	36	0.996951	984	0	TRUE	NA:cds-XAJ25418.1	GAC	D	GAT	D	294
NA|PP755591.1|A/cattle/Texas/24-008749-003/2024(H5N1)	885	T	C	0	0	0	1026	435	36	1	1026	0	TRUE	NA:cds-XAJ25418.1	AAT	N	AAC	N	295
NA|PP755591.1|A/cattle/Texas/24-008749-003/2024(H5N1)	894	C	T	3	1	54	1011	416	36	0.997041	1014	0	TRUE	NA:cds-XAJ25418.1	GGC	G	GGT	G	298
NA|PP755591.1|A/cattle/Texas/24-008749-003/2024(H5N1)	897	G	A	0	0	0	1015	444	36	1	1015	0	TRUE	NA:cds-XAJ25418.1	TCG	S	TCA	S	299
NA|PP755591.1|A/cattle/Texas/24-008749-003/2024(H5N1)	903	G	A	1	0	34	1020	438	36	0.999021	1021	0	TRUE	NA:cds-XAJ25418.1	CGG	R	CGA	R	301
NA|PP755591.1|A/cattle/Texas/24-008749-003/2024(H5N1)	906	G	A	2	1	34	1023	446	36	0.998049	1025	0	TRUE	NA:cds-XAJ25418.1	CCG	P	CCA	P	302
NA|PP755591.1|A/cattle/Texas/24-008749-003/2024(H5N1)	912	A	G	0	0	0	1078	452	37	1	1078	0	TRUE	NA:cds-XAJ25418.1	GTA	V	GTG	V	304
NA|PP755591.1|A/cattle/Texas/24-008749-003/2024(H5N1)	915	T	C	0	0	0	1060	450	37	1	1060	0	TRUE	NA:cds-XAJ25418.1	TCT	S	TCC	S	305
NA|PP755591.1|A/cattle/Texas/24-008749-003/2024(H5N1)	918	T	C	0	0	0	1080	475	37	1	1080	0	TRUE	NA:cds-XAJ25418.1	TTT	F	TTC	F	306
NA|PP755591.1|A/cattle/Texas/24-008749-003/2024(H5N1)	933	G	A	3	0	49	1710	906	42	0.998249	1713	0	TRUE	NA:cds-XAJ25418.1	GAG	E	GAA	E	311
NA|PP755591.1|A/cattle/Texas/24-008749-003/2024(H5N1)	945	A	G	1	0	20	1533	725	41	0.998047	1536	0	TRUE	NA:cds-XAJ25418.1	GGA	G	GGG	G	315
NA|PP755591.1|A/cattle/Texas/24-008749-003/2024(H5N1)	948	T	C	0	0	0	1577	775	42	1	1577	0	TRUE	NA:cds-XAJ25418.1	TAT	Y	TAC	Y	316
NA|PP755591.1|A/cattle/Texas/24-008749-003/2024(H5N1)	957	T	C	0	0	0	1227	709	38	1	1227	0	TRUE	NA:cds-XAJ25418.1	AGT	S	AGC	S	319
NA|PP755591.1|A/cattle/Texas/24-008749-003/2024(H5N1)	960	G	A	2	0	30	1214	707	38	0.998355	1216	0	TRUE	NA:cds-XAJ25418.1	GGG	G	GGA	G	320
NA|PP755591.1|A/cattle/Texas/24-008749-003/2024(H5N1)	961	A	G	0	0	0	1235	709	38	0.997577	1238	0	TRUE	NA:cds-XAJ25418.1	ATT	I	GTT	V	321
NA|PP755591.1|A/cattle/Texas/24-008749-003/2024(H5N1)	966	C	T	0	0	0	1214	721	38	0.999177	1215	0	TRUE	NA:cds-XAJ25418.1	TTC	F	TTT	F	322
NA|PP755591.1|A/cattle/Texas/24-008749-003/2024(H5N1)	969	G	A	1	0	68	1240	746	39	0.999194	1241	0	TRUE	NA:cds-XAJ25418.1	GGG	G	GGA	G	323
NA|PP755591.1|A/cattle/Texas/24-008749-003/2024(H5N1)	975	T	C	0	0	0	1300	808	39	1	1300	0	TRUE	NA:cds-XAJ25418.1	AAT	N	AAC	N	325
NA|PP755591.1|A/cattle/Texas/24-008749-003/2024(H5N1)	978	C	G	0	0	0	1284	792	39	0.997669	1287	0	TRUE	NA:cds-XAJ25418.1	CCC	P	CCG	P	326
NA|PP755591.1|A/cattle/Texas/24-008749-003/2024(H5N1)	986	A	G	3	2	54	1851	1078	41	0.998382	1854	0	TRUE	NA:cds-XAJ25418.1	AAT	N	AGT	S	329
NA|PP755591.1|A/cattle/Texas/24-008749-003/2024(H5N1)	1005	C	T	1	0	68	1644	887	40	0.998785	1646	0	TRUE	NA:cds-XAJ25418.1	TGC	C	TGT	C	335
NA|PP755591.1|A/cattle/Texas/24-008749-003/2024(H5N1)	1006	A	G	2	1	46	1663	881	40	0.998799	1665	0	TRUE	NA:cds-XAJ25418.1	AGT	S	GGT	G	336
NA|PP755591.1|A/cattle/Texas/24-008749-003/2024(H5N1)	1008	T	C	0	0	0	1679	906	40	1	1679	0	TRUE	NA:cds-XAJ25418.1	AGT	S	AGC	S	336
NA|PP755591.1|A/cattle/Texas/24-008749-003/2024(H5N1)	1012	A	G	3	1	56	1697	904	40	0.998235	1700	0	TRUE	NA:cds-XAJ25418.1	ATG	M	GTG	V	338
NA|PP755591.1|A/cattle/Texas/24-008749-003/2024(H5N1)	1015	C	T	6	3	49	1664	913	39	0.996407	1670	0	TRUE	NA:cds-XAJ25418.1	CCC	P	TCC	S	339
NA|PP755591.1|A/cattle/Texas/24-008749-003/2024(H5N1)	1035	G	A	2	2	51	1977	867	40	0.998989	1979	0	TRUE	NA:cds-XAJ25418.1	GGG	G	GGA	G	345
NA|PP755591.1|A/cattle/Texas/24-008749-003/2024(H5N1)	1038	A	G	0	0	0	2006	891	40	1	2006	0	TRUE	NA:cds-XAJ25418.1	GTA	V	GTG	V	346
NA|PP755591.1|A/cattle/Texas/24-008749-003/2024(H5N1)	1041	A	G	1	0	34	1993	877	40	0.999498	1994	0	TRUE	NA:cds-XAJ25418.1	AAA	K	AAG	K	347
NA|PP755591.1|A/cattle/Texas/24-008749-003/2024(H5N1)	1044	G	A	1	0	34	1907	885	39	0.999476	1908	0	TRUE	NA:cds-XAJ25418.1	GGG	G	GGA	G	348
NA|PP755591.1|A/cattle/Texas/24-008749-003/2024(H5N1)	1056	G	A	0	0	0	1999	1046	41	0.9995	2000	0	TRUE	NA:cds-XAJ25418.1	AAG	K	AAA	K	352
NA|PP755591.1|A/cattle/Texas/24-008749-003/2024(H5N1)	1068	G	T	1	0	28	1870	993	43	0.997866	1874	0	TRUE	NA:cds-XAJ25418.1	GGG	G	GGT	G	356
NA|PP755591.1|A/cattle/Texas/24-008749-003/2024(H5N1)	1077	C	A	0	0	0	1798	954	43	0.996122	1805	0	TRUE	NA:cds-XAJ25418.1	ATC	I	ATA	I	359
NA|PP755591.1|A/cattle/Texas/24-008749-003/2024(H5N1)	1086	A	T	0	0	0	1722	905	42	0.99884	1724	0	TRUE	NA:cds-XAJ25418.1	ACA	T	ACT	T	362
NA|PP755591.1|A/cattle/Texas/24-008749-003/2024(H5N1)	1092	C	T	1	0	34	1618	839	41	0.998149	1621	0	TRUE	NA:cds-XAJ25418.1	AGC	S	AGT	S	364
NA|PP755591.1|A/cattle/Texas/24-008749-003/2024(H5N1)	1098	T	C	0	0	0	1239	645	41	1	1239	0	TRUE	NA:cds-XAJ25418.1	AGT	S	AGC	S	366
NA|PP755591.1|A/cattle/Texas/24-008749-003/2024(H5N1)	1101	C	A	0	0	0	1212	627	41	1	1212	0	TRUE	NA:cds-XAJ25418.1	TCC	S	TCA	S	367
NA|PP755591.1|A/cattle/Texas/24-008749-003/2024(H5N1)	1104	A	G	2	2	34	1230	633	41	0.997567	1233	0	TRUE	NA:cds-XAJ25418.1	AGA	R	AGG	R	368
NA|PP755591.1|A/cattle/Texas/24-008749-003/2024(H5N1)	1107	C	T	0	0	0	1206	615	41	1	1206	0	TRUE	NA:cds-XAJ25418.1	AGC	S	AGT	S	369
NA|PP755591.1|A/cattle/Texas/24-008749-003/2024(H5N1)	1110	C	G	0	0	0	1230	619	41	1	1230	0	TRUE	NA:cds-XAJ25418.1	GGC	G	GGG	G	370
NA|PP755591.1|A/cattle/Texas/24-008749-003/2024(H5N1)	1122	T	C	1	0	25	1487	807	41	0.999328	1488	0	TRUE	NA:cds-XAJ25418.1	ATT	I	ATC	I	374
NA|PP755591.1|A/cattle/Texas/24-008749-003/2024(H5N1)	1131	G	T	0	0	0	1477	762	41	1	1477	0	TRUE	NA:cds-XAJ25418.1	CCG	P	CCT	P	377
NA|PP755591.1|A/cattle/Texas/24-008749-003/2024(H5N1)	1143	T	G	1	1	34	1444	776	40	0.999308	1445	0	TRUE	NA:cds-XAJ25418.1	ACT	T	ACG	T	381
NA|PP755591.1|A/cattle/Texas/24-008749-003/2024(H5N1)	1149	G	A	2	2	34	1305	732	38	0.996183	1310	0	TRUE	NA:cds-XAJ25418.1	ACG	T	ACA	T	383
NA|PP755591.1|A/cattle/Texas/24-008749-003/2024(H5N1)	1155	T	C	0	0	0	1214	710	36	0.999177	1215	0	TRUE	NA:cds-XAJ25418.1	AGT	S	AGC	S	385
NA|PP755591.1|A/cattle/Texas/24-008749-003/2024(H5N1)	1161	C	T	1	1	34	1045	665	34	0.999044	1046	0	TRUE	NA:cds-XAJ25418.1	TTC	F	TTT	F	387
NA|PP755591.1|A/cattle/Texas/24-008749-003/2024(H5N1)	1164	A	T	0	0	0	1025	673	33	0.998053	1027	0	TRUE	NA:cds-XAJ25418.1	TCA	S	TCT	S	388
NA|PP755591.1|A/cattle/Texas/24-008749-003/2024(H5N1)	1167	G	A	0	0	0	1028	677	33	1	1028	0	TRUE	NA:cds-XAJ25418.1	GTG	V	GTA	V	389
NA|PP755591.1|A/cattle/Texas/24-008749-003/2024(H5N1)	1176	C	T	1	1	34	1102	614	33	0.996383	1106	0	TRUE	NA:cds-XAJ25418.1	GAC	D	GAT	D	392
NA|PP755591.1|A/cattle/Texas/24-008749-003/2024(H5N1)	1184	A	T	2	2	30	619	380	33	0.533161	1161	0	TRUE	NA:cds-XAJ25418.1	GAA	E	GTA	V	395
NA|PP755591.1|A/cattle/Texas/24-008749-003/2024(H5N1)	1184	A	C	2	2	30	540	304	33	0.465116	1161	0	TRUE	NA:cds-XAJ25418.1	GAA	E	GCA	A	395
NA|PP755591.1|A/cattle/Texas/24-008749-003/2024(H5N1)	1190	C	T	2	0	34	1042	584	33	0.998084	1044	0	TRUE	NA:cds-XAJ25418.1	ACT	T	ATT	I	397
NA|PP755591.1|A/cattle/Texas/24-008749-003/2024(H5N1)	1191	T	G	3	1	31	1041	580	33	0.997126	1044	0	TRUE	NA:cds-XAJ25418.1	ACT	T	ACG	T	397
NA|PP755591.1|A/cattle/Texas/24-008749-003/2024(H5N1)	1209	T	C	1	1	46	1494	432	33	0.999331	1495	0	TRUE	NA:cds-XAJ25418.1	AGT	S	AGC	S	403
NA|PP755591.1|A/cattle/Texas/24-008749-003/2024(H5N1)	1212	G	A	0	0	0	1462	436	33	1	1462	0	TRUE	NA:cds-XAJ25418.1	GGG	G	GGA	G	404
NA|PP755591.1|A/cattle/Texas/24-008749-003/2024(H5N1)	1221	C	T	4	3	49	1547	434	33	0.997421	1551	0	TRUE	NA:cds-XAJ25418.1	GTC	V	GTT	V	407
NA|PP755591.1|A/cattle/Texas/24-008749-003/2024(H5N1)	1239	A	G	3	1	45	1317	422	37	0.996972	1321	0	TRUE	NA:cds-XAJ25418.1	ACA	T	ACG	T	413
NA|PP755591.1|A/cattle/Texas/24-008749-003/2024(H5N1)	1242	A	G	0	0	0	1360	422	37	0.998532	1362	0	TRUE	NA:cds-XAJ25418.1	GGA	G	GGG	G	414
NA|PP755591.1|A/cattle/Texas/24-008749-003/2024(H5N1)	1245	A	G	1	1	68	1374	437	38	0.999273	1375	0	TRUE	NA:cds-XAJ25418.1	TTA	L	TTG	L	415
NA|PP755591.1|A/cattle/Texas/24-008749-003/2024(H5N1)	1254	G	A	1	1	68	1773	787	42	0.998311	1776	0	TRUE	NA:cds-XAJ25418.1	ATG	M	ATA	I	418
NA|PP755591.1|A/cattle/Texas/24-008749-003/2024(H5N1)	1263	T	C	0	0	0	1916	969	45	1	1916	0	TRUE	NA:cds-XAJ25418.1	TGT	C	TGC	C	421
NA|PP755591.1|A/cattle/Texas/24-008749-003/2024(H5N1)	1278	A	G	8	5	58	2086	1109	46	0.99618	2094	0	TRUE	NA:cds-XAJ25418.1	CTA	L	CTG	L	426
NA|PP755591.1|A/cattle/Texas/24-008749-003/2024(H5N1)	1281	T	C	1	0	34	2125	1147	47	0.99953	2126	0	TRUE	NA:cds-XAJ25418.1	ATT	I	ATC	I	427
NA|PP755591.1|A/cattle/Texas/24-008749-003/2024(H5N1)	1287	G	A	4	1	49	2158	1168	47	0.99815	2162	0	TRUE	NA:cds-XAJ25418.1	GGG	G	GGA	G	429
NA|PP755591.1|A/cattle/Texas/24-008749-003/2024(H5N1)	1290	G	A	4	4	51	2067	1279	45	0.997106	2073	0	TRUE	NA:cds-XAJ25418.1	AGG	R	AGA	R	430
NA|PP755591.1|A/cattle/Texas/24-008749-003/2024(H5N1)	1302	T	C	0	0	0	2791	1879	51	0.999642	2792	0	TRUE	NA:cds-XAJ25418.1	AAT	N	AAC	N	434
NA|PP755591.1|A/cattle/Texas/24-008749-003/2024(H5N1)	1305	A	G	11	9	49	2767	1847	51	0.99604	2778	0	TRUE	NA:cds-XAJ25418.1	ACA	T	ACG	T	435
NA|PP755591.1|A/cattle/Texas/24-008749-003/2024(H5N1)	1314	T	C	1	1	34	2735	1979	48	0.998904	2738	0	TRUE	NA:cds-XAJ25418.1	ACT	T	ACC	T	438
NA|PP755591.1|A/cattle/Texas/24-008749-003/2024(H5N1)	1317	C	T	3	3	34	2686	1903	47	0.998513	2690	0	TRUE	NA:cds-XAJ25418.1	AGC	S	AGT	S	439
NA|PP755591.1|A/cattle/Texas/24-008749-003/2024(H5N1)	1320	G	A	2	2	51	2800	2005	49	0.999286	2802	0	TRUE	NA:cds-XAJ25418.1	GGG	G	GGA	G	440
NA|PP755591.1|A/cattle/Texas/24-008749-003/2024(H5N1)	1329	A	T	5	2	25	3057	2227	49	0.996739	3067	0	TRUE	NA:cds-XAJ25418.1	ATA	I	ATT	I	443
NA|PP755591.1|A/cattle/Texas/24-008749-003/2024(H5N1)	1331	C	-CT	3039	2193	49	54	0	20	0.0113398	4762	0.00270914	TRUE	NA	NA	NA	NA	NA	NA
NA|PP755591.1|A/cattle/Texas/24-008749-003/2024(H5N1)	1332	C	T	2	0	47	2971	2129	48	0.998991	2974	0	TRUE	NA:cds-XAJ25418.1	TCC	S	TCT	S	444
NA|PP755591.1|A/cattle/Texas/24-008749-003/2024(H5N1)	1341	T	A	0	0	0	3212	2366	49	0.998135	3218	0	TRUE	NA:cds-XAJ25418.1	GGT	G	GGA	G	447
NA|PP755591.1|A/cattle/Texas/24-008749-003/2024(H5N1)	1350	T	C	0	0	0	3343	2630	46	1	3343	0	TRUE	NA:cds-XAJ25418.1	AGT	S	AGC	S	450
