REGION	POS	REF	ALT	REF_DP	REF_RV	REF_QUAL	ALT_DP	ALT_RV	ALT_QUAL	ALT_FREQ	TOTAL_DP	PVAL	PASS	GFF_FEATURE	REF_CODON	REF_AA	ALT_CODON	ALT_AA	POS_AA
HA|PP755589.1|A/cattle/Texas/24-008749-003/2024(H5N1)	171	A	C	0	0	0	697	299	59	1	697	0	TRUE	HA:cds-XAJ25415.1	CTA	L	CTC	L	57
HA|PP755589.1|A/cattle/Texas/24-008749-003/2024(H5N1)	174	C	T	0	0	0	695	303	59	1	695	0	TRUE	HA:cds-XAJ25415.1	TGC	C	TGT	C	58
HA|PP755589.1|A/cattle/Texas/24-008749-003/2024(H5N1)	177	C	T	0	0	0	707	302	59	1	707	0	TRUE	HA:cds-XAJ25415.1	GAC	D	GAT	D	59
HA|PP755589.1|A/cattle/Texas/24-008749-003/2024(H5N1)	195	A	T	0	0	0	772	340	60	1	772	0	TRUE	HA:cds-XAJ25415.1	CCA	P	CCT	P	65
HA|PP755589.1|A/cattle/Texas/24-008749-003/2024(H5N1)	210	C	T	2	0	76	789	342	60	0.997472	791	0	TRUE	HA:cds-XAJ25415.1	GAC	D	GAT	D	70
HA|PP755589.1|A/cattle/Texas/24-008749-003/2024(H5N1)	213	C	T	0	0	0	800	353	60	0.998752	801	0	TRUE	HA:cds-XAJ25415.1	TGC	C	TGT	C	71
HA|PP755589.1|A/cattle/Texas/24-008749-003/2024(H5N1)	279	T	C	1	0	20	956	521	54	0.998955	957	0	TRUE	HA:cds-XAJ25415.1	TCT	S	TCC	S	93
HA|PP755589.1|A/cattle/Texas/24-008749-003/2024(H5N1)	300	C	T	0	0	0	830	396	57	1	830	0	TRUE	HA:cds-XAJ25415.1	AAC	N	AAT	N	100
HA|PP755589.1|A/cattle/Texas/24-008749-003/2024(H5N1)	392	A	T	1	0	38	866	446	59	0.998847	867	0	TRUE	HA:cds-XAJ25415.1	CAG	Q	CTG	L	131
HA|PP755589.1|A/cattle/Texas/24-008749-003/2024(H5N1)	399	T	C	0	0	0	846	430	59	1	846	0	TRUE	HA:cds-XAJ25415.1	ATT	I	ATC	I	133
HA|PP755589.1|A/cattle/Texas/24-008749-003/2024(H5N1)	468	A	G	1	1	73	808	358	56	0.998764	809	0	TRUE	HA:cds-XAJ25415.1	GCA	A	GCG	A	156
HA|PP755589.1|A/cattle/Texas/24-008749-003/2024(H5N1)	510	C	T	0	0	0	817	414	59	1	817	0	TRUE	HA:cds-XAJ25415.1	AAC	N	AAT	N	170
HA|PP755589.1|A/cattle/Texas/24-008749-003/2024(H5N1)	549	T	C	0	0	0	840	390	54	1	840	0	TRUE	HA:cds-XAJ25415.1	ACT	T	ACC	T	183
HA|PP755589.1|A/cattle/Texas/24-008749-003/2024(H5N1)	632	T	C	1	1	73	879	420	56	0.998864	880	0	TRUE	HA:cds-XAJ25415.1	ATC	I	ACC	T	211
HA|PP755589.1|A/cattle/Texas/24-008749-003/2024(H5N1)	676	G	A	2	1	55	930	431	57	0.997854	932	0	TRUE	HA:cds-XAJ25415.1	GCA	A	ACA	T	226
HA|PP755589.1|A/cattle/Texas/24-008749-003/2024(H5N1)	780	C	T	0	0	0	951	453	58	1	951	0	TRUE	HA:cds-XAJ25415.1	AAC	N	AAT	N	260
HA|PP755589.1|A/cattle/Texas/24-008749-003/2024(H5N1)	819	T	C	2	2	56	981	494	56	0.997965	983	0	TRUE	HA:cds-XAJ25415.1	GTT	V	GTC	V	273
HA|PP755589.1|A/cattle/Texas/24-008749-003/2024(H5N1)	834	G	A	2	2	57	1005	515	56	0.998014	1007	0	TRUE	HA:cds-XAJ25415.1	TCG	S	TCA	S	278
HA|PP755589.1|A/cattle/Texas/24-008749-003/2024(H5N1)	867	T	C	0	0	0	992	478	55	1	992	0	TRUE	HA:cds-XAJ25415.1	CAT	H	CAC	H	289
HA|PP755589.1|A/cattle/Texas/24-008749-003/2024(H5N1)	897	T	A	0	0	0	985	511	58	0.997974	987	0	TRUE	HA:cds-XAJ25415.1	GGT	G	GGA	G	299
HA|PP755589.1|A/cattle/Texas/24-008749-003/2024(H5N1)	921	T	C	1	1	62	1001	541	56	0.999002	1002	0	TRUE	HA:cds-XAJ25415.1	TTT	F	TTC	F	307
HA|PP755589.1|A/cattle/Texas/24-008749-003/2024(H5N1)	969	A	G	0	0	0	1002	465	59	1	1002	0	TRUE	HA:cds-XAJ25415.1	AAA	K	AAG	K	323
HA|PP755589.1|A/cattle/Texas/24-008749-003/2024(H5N1)	1038	T	C	0	0	0	965	483	56	1	965	0	TRUE	HA:cds-XAJ25415.1	GGT	G	GGC	G	346
HA|PP755589.1|A/cattle/Texas/24-008749-003/2024(H5N1)	1314	A	C	0	0	0	3871	1587	63	1	3871	0	TRUE	HA:cds-XAJ25415.1	ACA	T	ACC	T	438
HA|PP755589.1|A/cattle/Texas/24-008749-003/2024(H5N1)	1405	T	C	1	1	78	4165	2090	57	0.99952	4167	0	TRUE	HA:cds-XAJ25415.1	TTA	L	CTA	L	469
HA|PP755589.1|A/cattle/Texas/24-008749-003/2024(H5N1)	1507	G	T	1	1	32	4373	2805	62	0.999543	4375	0	TRUE	HA:cds-XAJ25415.1	GAC	D	TAC	Y	503
HA|PP755589.1|A/cattle/Texas/24-008749-003/2024(H5N1)	1576	G	A	1	1	38	3710	2434	64	0.999731	3711	0	TRUE	HA:cds-XAJ25415.1	GTA	V	ATA	I	526
HA|PP755589.1|A/cattle/Texas/24-008749-003/2024(H5N1)	1686	A	G	0	0	0	1613	1200	57	1	1613	0	TRUE	HA:cds-XAJ25415.1	CAA	Q	CAG	Q	562
