REGION	POS	REF	ALT	REF_DP	REF_RV	REF_QUAL	ALT_DP	ALT_RV	ALT_QUAL	ALT_FREQ	TOTAL_DP	PVAL	PASS	GFF_FEATURE	REF_CODON	REF_AA	ALT_CODON	ALT_AA	POS_AA
NP|PP755592.1|A/cattle/Texas/24-008749-003/2024(H5N1)	10	C	A	842	293	36	51	0	25	0.0571109	893	1.07627e-19	TRUE	NP:cds-XAJ25419.1	CAA	Q	AAA	K	4
NP|PP755592.1|A/cattle/Texas/24-008749-003/2024(H5N1)	154	C	T	6	2	46	11843	5667	45	0.998988	11855	0	TRUE	NP:cds-XAJ25419.1	CAC	H	TAC	Y	52
NP|PP755592.1|A/cattle/Texas/24-008749-003/2024(H5N1)	206	C	A	11508	6417	42	124	0	26	0.0106584	11634	0.304256	FALSE	NP:cds-XAJ25419.1	TCG	S	TAG	*	69
NP|PP755592.1|A/cattle/Texas/24-008749-003/2024(H5N1)	207	G	A	7	4	49	12672	6295	45	0.998896	12686	0	TRUE	NP:cds-XAJ25419.1	TCG	S	TCA	S	69
NP|PP755592.1|A/cattle/Texas/24-008749-003/2024(H5N1)	219	A	G	1	1	40	12141	5665	43	0.999835	12143	0	TRUE	NP:cds-XAJ25419.1	GAA	E	GAG	E	73
NP|PP755592.1|A/cattle/Texas/24-008749-003/2024(H5N1)	240	G	A	23	10	40	12722	6068	46	0.998039	12747	0	TRUE	NP:cds-XAJ25419.1	GAG	E	GAA	E	80
NP|PP755592.1|A/cattle/Texas/24-008749-003/2024(H5N1)	249	C	A	11352	6699	41	333	0	26	0.0284883	11689	4.63647e-31	TRUE	NP:cds-XAJ25419.1	CCC	P	CCA	P	83
NP|PP755592.1|A/cattle/Texas/24-008749-003/2024(H5N1)	258	A	G	74	69	29	12833	5014	44	0.993651	12915	0	TRUE	NP:cds-XAJ25419.1	GGA	G	GGG	G	86
NP|PP755592.1|A/cattle/Texas/24-008749-003/2024(H5N1)	293	G	A	19	6	41	11036	4835	44	0.998281	11055	0	TRUE	NP:cds-XAJ25419.1	AGG	R	AAG	K	98
NP|PP755592.1|A/cattle/Texas/24-008749-003/2024(H5N1)	297	G	A	11	4	44	10894	4976	43	0.998991	10905	0	TRUE	NP:cds-XAJ25419.1	AGG	R	AGA	R	99
NP|PP755592.1|A/cattle/Texas/24-008749-003/2024(H5N1)	377	G	T	8850	3979	41	701	701	27	0.0733878	9552	1.50049e-159	TRUE	NP:cds-XAJ25419.1	GGA	G	GTA	V	126
NP|PP755592.1|A/cattle/Texas/24-008749-003/2024(H5N1)	405	C	T	1	0	24	11732	7578	46	0.999744	11735	0	TRUE	NP:cds-XAJ25419.1	CAC	H	CAT	H	135
NP|PP755592.1|A/cattle/Texas/24-008749-003/2024(H5N1)	480	T	C	4	3	40	10976	6316	43	0.999454	10982	0	TRUE	NP:cds-XAJ25419.1	GAT	D	GAC	D	160
NP|PP755592.1|A/cattle/Texas/24-008749-003/2024(H5N1)	495	A	T	0	0	0	10788	5294	43	0.999629	10792	0	TRUE	NP:cds-XAJ25419.1	TCA	S	TCT	S	165
NP|PP755592.1|A/cattle/Texas/24-008749-003/2024(H5N1)	518	C	A	9730	4653	38	260	0	27	0.0260234	9991	2.07147e-21	TRUE	NP:cds-XAJ25419.1	CCT	P	CAT	H	173
NP|PP755592.1|A/cattle/Texas/24-008749-003/2024(H5N1)	528	C	A	2	0	24	11167	3713	43	0.998659	11182	0	TRUE	NP:cds-XAJ25419.1	TCC	S	TCA	S	176
NP|PP755592.1|A/cattle/Texas/24-008749-003/2024(H5N1)	543	G	A	13	4	41	10828	3647	44	0.998801	10841	0	TRUE	NP:cds-XAJ25419.1	GCG	A	GCA	A	181
NP|PP755592.1|A/cattle/Texas/24-008749-003/2024(H5N1)	570	G	A	3	3	40	11574	4017	45	0.999309	11582	0	TRUE	NP:cds-XAJ25419.1	GTG	V	GTA	V	190
NP|PP755592.1|A/cattle/Texas/24-008749-003/2024(H5N1)	585	A	G	1	0	80	11754	4435	48	0.99983	11756	0	TRUE	NP:cds-XAJ25419.1	CGA	R	CGG	R	195
NP|PP755592.1|A/cattle/Texas/24-008749-003/2024(H5N1)	600	A	G	16	8	39	11570	4544	47	0.998619	11586	0	TRUE	NP:cds-XAJ25419.1	GGA	G	GGG	G	200
NP|PP755592.1|A/cattle/Texas/24-008749-003/2024(H5N1)	627	T	C	5	3	71	11427	4868	46	0.999563	11432	0	TRUE	NP:cds-XAJ25419.1	GGT	G	GGC	G	209
NP|PP755592.1|A/cattle/Texas/24-008749-003/2024(H5N1)	633	C	T	4	1	48	10929	4995	46	0.999451	10935	0	TRUE	NP:cds-XAJ25419.1	AAC	N	AAT	N	211
NP|PP755592.1|A/cattle/Texas/24-008749-003/2024(H5N1)	648	G	A	0	0	0	10808	5432	46	0.999815	10810	0	TRUE	NP:cds-XAJ25419.1	AGG	R	AGA	R	216
NP|PP755592.1|A/cattle/Texas/24-008749-003/2024(H5N1)	658	G	T	9418	4078	40	131	131	27	0.0137173	9550	0.0050314	TRUE	NP:cds-XAJ25419.1	GAG	E	TAG	*	220
NP|PP755592.1|A/cattle/Texas/24-008749-003/2024(H5N1)	675	C	T	6	5	44	10528	6253	44	0.99943	10534	0	TRUE	NP:cds-XAJ25419.1	ATC	I	ATT	I	225
NP|PP755592.1|A/cattle/Texas/24-008749-003/2024(H5N1)	756	A	G	4	3	50	10974	6406	45	0.999545	10979	0	TRUE	NP:cds-XAJ25419.1	GAA	E	GAG	E	252
NP|PP755592.1|A/cattle/Texas/24-008749-003/2024(H5N1)	796	C	T	4	3	40	11417	6135	44	0.999125	11427	0	TRUE	NP:cds-XAJ25419.1	CTG	L	TTG	L	266
NP|PP755592.1|A/cattle/Texas/24-008749-003/2024(H5N1)	882	G	A	26	11	38	10807	4863	44	0.9976	10833	0	TRUE	NP:cds-XAJ25419.1	GAG	E	GAA	E	294
NP|PP755592.1|A/cattle/Texas/24-008749-003/2024(H5N1)	924	G	A	1	1	24	12241	5791	48	0.999592	12246	0	TRUE	NP:cds-XAJ25419.1	CAG	Q	CAA	Q	308
NP|PP755592.1|A/cattle/Texas/24-008749-003/2024(H5N1)	936	T	C	3	3	40	11969	5808	48	0.999415	11976	0	TRUE	NP:cds-XAJ25419.1	GTT	V	GTC	V	312
NP|PP755592.1|A/cattle/Texas/24-008749-003/2024(H5N1)	957	T	C	2	0	60	11656	5387	47	0.999828	11658	0	TRUE	NP:cds-XAJ25419.1	AAT	N	AAC	N	319
NP|PP755592.1|A/cattle/Texas/24-008749-003/2024(H5N1)	972	C	T	3	0	29	11025	5320	45	0.999637	11029	0	TRUE	NP:cds-XAJ25419.1	CAC	H	CAT	H	324
NP|PP755592.1|A/cattle/Texas/24-008749-003/2024(H5N1)	1008	A	G	5	1	56	10947	5926	45	0.998176	10967	0	TRUE	NP:cds-XAJ25419.1	GCA	A	GCG	A	336
NP|PP755592.1|A/cattle/Texas/24-008749-003/2024(H5N1)	1023	G	A	2	2	32	11232	5939	45	0.999644	11236	0	TRUE	NP:cds-XAJ25419.1	CTG	L	CTA	L	341
NP|PP755592.1|A/cattle/Texas/24-008749-003/2024(H5N1)	1047	A	G	7	3	33	10939	6061	44	0.998995	10950	0	TRUE	NP:cds-XAJ25419.1	GGA	G	GGG	G	349
NP|PP755592.1|A/cattle/Texas/24-008749-003/2024(H5N1)	1053	A	G	114	54	45	11910	6469	44	0.990437	12025	0	TRUE	NP:cds-XAJ25419.1	AGA	R	AGG	R	351
NP|PP755592.1|A/cattle/Texas/24-008749-003/2024(H5N1)	1087	G	A	6	2	41	11812	5675	46	0.999408	11819	0	TRUE	NP:cds-XAJ25419.1	GTT	V	ATT	I	363
NP|PP755592.1|A/cattle/Texas/24-008749-003/2024(H5N1)	1114	G	T	9339	3465	40	266	266	25	0.0276939	9605	1.85365e-25	TRUE	NP:cds-XAJ25419.1	GAG	E	TAG	*	372
NP|PP755592.1|A/cattle/Texas/24-008749-003/2024(H5N1)	1125	T	C	9	6	42	12310	6561	47	0.999188	12320	0	TRUE	NP:cds-XAJ25419.1	GAT	D	GAC	D	375
NP|PP755592.1|A/cattle/Texas/24-008749-003/2024(H5N1)	1188	C	T	5	1	33	12341	6058	46	0.999433	12348	0	TRUE	NP:cds-XAJ25419.1	ACC	T	ACT	T	396
NP|PP755592.1|A/cattle/Texas/24-008749-003/2024(H5N1)	1212	A	G	1219	566	44	10647	5195	44	0.89727	11866	0	TRUE	NP:cds-XAJ25419.1	GGA	G	GGG	G	404
NP|PP755592.1|A/cattle/Texas/24-008749-003/2024(H5N1)	1263	G	A	4	0	48	12277	5211	46	0.999349	12285	0	TRUE	NP:cds-XAJ25419.1	GAG	E	GAA	E	421
NP|PP755592.1|A/cattle/Texas/24-008749-003/2024(H5N1)	1272	C	A	4	0	27	12400	5259	45	0.999597	12405	0	TRUE	NP:cds-XAJ25419.1	ACC	T	ACA	T	424
NP|PP755592.1|A/cattle/Texas/24-008749-003/2024(H5N1)	1327	G	T	10099	4458	42	116	115	27	0.0113558	10215	0.165258	FALSE	NP:cds-XAJ25419.1	GAG	E	TAG	*	443
NP|PP755592.1|A/cattle/Texas/24-008749-003/2024(H5N1)	1381	C	A	0	0	0	11282	9174	52	0.998672	11297	0	TRUE	NP:cds-XAJ25419.1	CGG	R	AGG	R	461
NP|PP755592.1|A/cattle/Texas/24-008749-003/2024(H5N1)	1445	A	G	2	2	32	8394	7328	47	0.999762	8396	0	TRUE	NP:cds-XAJ25419.1	AAC	N	AGC	S	482
NP|PP755592.1|A/cattle/Texas/24-008749-003/2024(H5N1)	1469	G	T	3157	2363	36	234	234	24	0.0689655	3393	2.93518e-64	TRUE	NP:cds-XAJ25419.1	GGA	G	GTA	V	490
