REGION	POS	REF	ALT	REF_DP	REF_RV	REF_QUAL	ALT_DP	ALT_RV	ALT_QUAL	ALT_FREQ	TOTAL_DP	PVAL	PASS	GFF_FEATURE	REF_CODON	REF_AA	ALT_CODON	ALT_AA	POS_AA
PB2|PP755596.1|A/cattle/Texas/24-008749-003/2024(H5N1)	5	A	G	47	5	41	1	0	33	0.0208333	48	0.0834783	FALSE	PB2:cds-XAJ25426.1	GAG	E	GGG	G	2
PB2|PP755596.1|A/cattle/Texas/24-008749-003/2024(H5N1)	18	A	G	0	0	0	128	17	44	1	128	1.23527e-148	TRUE	PB2:cds-XAJ25426.1	GAA	E	GAG	E	6
PB2|PP755596.1|A/cattle/Texas/24-008749-003/2024(H5N1)	21	G	A	0	0	0	129	18	45	1	129	8.30486e-150	TRUE	PB2:cds-XAJ25426.1	CTG	L	CTA	L	7
PB2|PP755596.1|A/cattle/Texas/24-008749-003/2024(H5N1)	28	C	T	0	0	0	156	25	46	1	156	3.40169e-173	TRUE	PB2:cds-XAJ25426.1	CTA	L	TTA	L	10
PB2|PP755596.1|A/cattle/Texas/24-008749-003/2024(H5N1)	30	A	G	0	0	0	155	26	47	1	155	7.87509e-173	TRUE	PB2:cds-XAJ25426.1	CTA	L	CTG	L	10
PB2|PP755596.1|A/cattle/Texas/24-008749-003/2024(H5N1)	36	A	G	0	0	0	255	72	46	1	255	5.23618e-254	TRUE	PB2:cds-XAJ25426.1	TCA	S	TCG	S	12
PB2|PP755596.1|A/cattle/Texas/24-008749-003/2024(H5N1)	60	A	G	0	0	0	380	107	49	1	380	0	TRUE	PB2:cds-XAJ25426.1	CTA	L	CTG	L	20
PB2|PP755596.1|A/cattle/Texas/24-008749-003/2024(H5N1)	63	C	A	0	0	0	384	109	48	1	384	0	TRUE	PB2:cds-XAJ25426.1	ACC	T	ACA	T	21
PB2|PP755596.1|A/cattle/Texas/24-008749-003/2024(H5N1)	72	T	C	0	0	0	412	115	47	1	412	0	TRUE	PB2:cds-XAJ25426.1	ACT	T	ACC	T	24
PB2|PP755596.1|A/cattle/Texas/24-008749-003/2024(H5N1)	75	T	G	0	0	0	411	121	48	0.997573	412	0	TRUE	PB2:cds-XAJ25426.1	GTT	V	GTG	V	25
PB2|PP755596.1|A/cattle/Texas/24-008749-003/2024(H5N1)	81	C	T	0	0	0	517	156	49	1	517	0	TRUE	PB2:cds-XAJ25426.1	CAC	H	CAT	H	27
PB2|PP755596.1|A/cattle/Texas/24-008749-003/2024(H5N1)	99	G	A	0	0	0	589	199	52	1	589	0	TRUE	PB2:cds-XAJ25426.1	AAG	K	AAA	K	33
PB2|PP755596.1|A/cattle/Texas/24-008749-003/2024(H5N1)	102	C	T	1	0	35	598	206	53	0.998331	599	0	TRUE	PB2:cds-XAJ25426.1	TAC	Y	TAT	Y	34
PB2|PP755596.1|A/cattle/Texas/24-008749-003/2024(H5N1)	117	A	G	0	0	0	646	216	52	1	646	0	TRUE	PB2:cds-XAJ25426.1	CAA	Q	CAG	Q	39
PB2|PP755596.1|A/cattle/Texas/24-008749-003/2024(H5N1)	120	A	G	0	0	0	665	220	52	1	665	0	TRUE	PB2:cds-XAJ25426.1	GAA	E	GAG	E	40
PB2|PP755596.1|A/cattle/Texas/24-008749-003/2024(H5N1)	135	C	T	1	1	77	764	243	53	0.998693	765	0	TRUE	PB2:cds-XAJ25426.1	CTC	L	CTT	L	45
PB2|PP755596.1|A/cattle/Texas/24-008749-003/2024(H5N1)	138	A	G	0	0	0	764	248	53	1	764	0	TRUE	PB2:cds-XAJ25426.1	AGA	R	AGG	R	46
PB2|PP755596.1|A/cattle/Texas/24-008749-003/2024(H5N1)	144	A	G	0	0	0	791	252	53	1	791	0	TRUE	PB2:cds-XAJ25426.1	AAA	K	AAG	K	48
PB2|PP755596.1|A/cattle/Texas/24-008749-003/2024(H5N1)	168	A	G	0	0	0	801	266	53	1	801	0	TRUE	PB2:cds-XAJ25426.1	CCA	P	CCG	P	56
PB2|PP755596.1|A/cattle/Texas/24-008749-003/2024(H5N1)	171	C	T	1	0	76	792	261	53	0.998739	793	0	TRUE	PB2:cds-XAJ25426.1	ATC	I	ATT	I	57
PB2|PP755596.1|A/cattle/Texas/24-008749-003/2024(H5N1)	172	G	A	0	0	0	793	261	53	1	793	0	TRUE	PB2:cds-XAJ25426.1	GCA	A	ACA	T	58
PB2|PP755596.1|A/cattle/Texas/24-008749-003/2024(H5N1)	178	G	A	0	0	0	792	264	54	1	792	0	TRUE	PB2:cds-XAJ25426.1	GAC	D	AAC	N	60
PB2|PP755596.1|A/cattle/Texas/24-008749-003/2024(H5N1)	183	G	A	1	0	38	788	266	54	0.998733	789	0	TRUE	PB2:cds-XAJ25426.1	AAG	K	AAA	K	61
PB2|PP755596.1|A/cattle/Texas/24-008749-003/2024(H5N1)	184	C	A	0	0	0	788	262	54	0.997468	790	0	TRUE	PB2:cds-XAJ25426.1	CGA	R	AGA	R	62
PB2|PP755596.1|A/cattle/Texas/24-008749-003/2024(H5N1)	186	A	G	0	0	0	799	273	53	1	799	0	TRUE	PB2:cds-XAJ25426.1	CGA	R	CGG	R	62
PB2|PP755596.1|A/cattle/Texas/24-008749-003/2024(H5N1)	195	A	G	0	0	0	887	303	55	1	887	0	TRUE	PB2:cds-XAJ25426.1	GAA	E	GAG	E	65
PB2|PP755596.1|A/cattle/Texas/24-008749-003/2024(H5N1)	210	G	A	0	0	0	866	405	54	1	866	0	TRUE	PB2:cds-XAJ25426.1	AGG	R	AGA	R	70
PB2|PP755596.1|A/cattle/Texas/24-008749-003/2024(H5N1)	213	T	C	0	0	0	871	406	54	0.998853	872	0	TRUE	PB2:cds-XAJ25426.1	AAT	N	AAC	N	71
PB2|PP755596.1|A/cattle/Texas/24-008749-003/2024(H5N1)	216	A	G	2	1	58	863	402	54	0.997688	865	0	TRUE	PB2:cds-XAJ25426.1	GAA	E	GAG	E	72
PB2|PP755596.1|A/cattle/Texas/24-008749-003/2024(H5N1)	222	A	T	0	0	0	846	402	53	0.997642	848	0	TRUE	PB2:cds-XAJ25426.1	GGA	G	GGT	G	74
PB2|PP755596.1|A/cattle/Texas/24-008749-003/2024(H5N1)	225	A	G	0	0	0	861	404	54	1	861	0	TRUE	PB2:cds-XAJ25426.1	CAA	Q	CAG	Q	75
PB2|PP755596.1|A/cattle/Texas/24-008749-003/2024(H5N1)	228	C	T	2	0	32	862	406	54	0.997685	864	0	TRUE	PB2:cds-XAJ25426.1	ACC	T	ACT	T	76
PB2|PP755596.1|A/cattle/Texas/24-008749-003/2024(H5N1)	231	C	T	0	0	0	872	412	54	1	872	0	TRUE	PB2:cds-XAJ25426.1	CTC	L	CTT	L	77
PB2|PP755596.1|A/cattle/Texas/24-008749-003/2024(H5N1)	240	G	A	0	0	0	965	490	57	1	965	0	TRUE	PB2:cds-XAJ25426.1	AAG	K	AAA	K	80
PB2|PP755596.1|A/cattle/Texas/24-008749-003/2024(H5N1)	252	C	T	4	4	46	964	501	57	0.995868	968	0	TRUE	PB2:cds-XAJ25426.1	GCC	A	GCT	A	84
PB2|PP755596.1|A/cattle/Texas/24-008749-003/2024(H5N1)	262	C	A	2	1	20	943	491	55	0.997884	945	0	TRUE	PB2:cds-XAJ25426.1	CGA	R	AGA	R	88
PB2|PP755596.1|A/cattle/Texas/24-008749-003/2024(H5N1)	267	G	A	0	0	0	967	478	54	1	967	0	TRUE	PB2:cds-XAJ25426.1	GTG	V	GTA	V	89
PB2|PP755596.1|A/cattle/Texas/24-008749-003/2024(H5N1)	273	A	G	1	1	31	926	423	53	0.998921	927	0	TRUE	PB2:cds-XAJ25426.1	GTA	V	GTG	V	91
PB2|PP755596.1|A/cattle/Texas/24-008749-003/2024(H5N1)	279	C	T	3	2	47	916	425	54	0.996736	919	0	TRUE	PB2:cds-XAJ25426.1	CCC	P	CCT	P	93
PB2|PP755596.1|A/cattle/Texas/24-008749-003/2024(H5N1)	288	G	T	0	0	0	915	420	54	0.998908	916	0	TRUE	PB2:cds-XAJ25426.1	GTG	V	GTT	V	96
PB2|PP755596.1|A/cattle/Texas/24-008749-003/2024(H5N1)	291	A	G	0	0	0	918	422	53	1	918	0	TRUE	PB2:cds-XAJ25426.1	ACA	T	ACG	T	97
PB2|PP755596.1|A/cattle/Texas/24-008749-003/2024(H5N1)	303	G	A	1	1	36	928	443	54	0.998924	929	0	TRUE	PB2:cds-XAJ25426.1	AGG	R	AGA	R	101
PB2|PP755596.1|A/cattle/Texas/24-008749-003/2024(H5N1)	325	A	G	0	0	0	718	347	51	1	718	0	TRUE	PB2:cds-XAJ25426.1	ATT	I	GTT	V	109
PB2|PP755596.1|A/cattle/Texas/24-008749-003/2024(H5N1)	327	T	C	1	1	38	718	348	51	0.998609	719	0	TRUE	PB2:cds-XAJ25426.1	ATT	I	ATC	I	109
PB2|PP755596.1|A/cattle/Texas/24-008749-003/2024(H5N1)	330	C	T	2	2	35	722	351	51	0.997238	724	0	TRUE	PB2:cds-XAJ25426.1	CAC	H	CAT	H	110
PB2|PP755596.1|A/cattle/Texas/24-008749-003/2024(H5N1)	333	T	C	0	0	0	720	350	50	1	720	0	TRUE	PB2:cds-XAJ25426.1	TAT	Y	TAC	Y	111
PB2|PP755596.1|A/cattle/Texas/24-008749-003/2024(H5N1)	342	A	C	0	0	0	685	323	50	1	685	0	TRUE	PB2:cds-XAJ25426.1	GTA	V	GTC	V	114
PB2|PP755596.1|A/cattle/Texas/24-008749-003/2024(H5N1)	345	C	T	0	0	0	683	325	52	1	683	0	TRUE	PB2:cds-XAJ25426.1	TAC	Y	TAT	Y	115
PB2|PP755596.1|A/cattle/Texas/24-008749-003/2024(H5N1)	351	T	C	0	0	0	673	318	50	1	673	0	TRUE	PB2:cds-XAJ25426.1	ACT	T	ACC	T	117
PB2|PP755596.1|A/cattle/Texas/24-008749-003/2024(H5N1)	354	T	C	0	0	0	677	318	51	1	677	0	TRUE	PB2:cds-XAJ25426.1	TAT	Y	TAC	Y	118
PB2|PP755596.1|A/cattle/Texas/24-008749-003/2024(H5N1)	363	A	G	1	0	39	668	312	51	0.998505	669	0	TRUE	PB2:cds-XAJ25426.1	AAA	K	AAG	K	121
PB2|PP755596.1|A/cattle/Texas/24-008749-003/2024(H5N1)	375	G	A	0	0	0	168	105	45	1	168	2.36007e-115	TRUE	PB2:cds-XAJ25426.1	TTG	L	TTA	L	125
PB2|PP755596.1|A/cattle/Texas/24-008749-003/2024(H5N1)	378	A	G	0	0	0	165	105	45	1	165	5.6881e-108	TRUE	PB2:cds-XAJ25426.1	AAA	K	AAG	K	126
PB2|PP755596.1|A/cattle/Texas/24-008749-003/2024(H5N1)	381	C	T	1	0	77	163	105	44	0.993902	164	2.76449e-104	TRUE	PB2:cds-XAJ25426.1	CAC	H	CAT	H	127
PB2|PP755596.1|A/cattle/Texas/24-008749-003/2024(H5N1)	384	G	A	0	0	0	160	101	45	1	160	3.28426e-105	TRUE	PB2:cds-XAJ25426.1	GGG	G	GGA	G	128
PB2|PP755596.1|A/cattle/Texas/24-008749-003/2024(H5N1)	390	T	C	0	0	0	163	106	44	1	163	3.09471e-106	TRUE	PB2:cds-XAJ25426.1	TTT	F	TTC	F	130
PB2|PP755596.1|A/cattle/Texas/24-008749-003/2024(H5N1)	399	A	C	0	0	0	138	84	43	1	138	1.3308e-90	TRUE	PB2:cds-XAJ25426.1	GTA	V	GTC	V	133
PB2|PP755596.1|A/cattle/Texas/24-008749-003/2024(H5N1)	402	C	T	0	0	0	134	84	42	1	134	7.20651e-87	TRUE	PB2:cds-XAJ25426.1	CAC	H	CAT	H	134
PB2|PP755596.1|A/cattle/Texas/24-008749-003/2024(H5N1)	406	A	C	0	0	0	125	75	44	1	125	3.58987e-81	TRUE	PB2:cds-XAJ25426.1	AGA	R	CGA	R	136
PB2|PP755596.1|A/cattle/Texas/24-008749-003/2024(H5N1)	408	A	G	0	0	0	129	76	43	1	129	1.64657e-82	TRUE	PB2:cds-XAJ25426.1	AGA	R	AGG	R	136
PB2|PP755596.1|A/cattle/Texas/24-008749-003/2024(H5N1)	411	C	T	0	0	0	127	74	43	1	127	7.62377e-82	TRUE	PB2:cds-XAJ25426.1	AAC	N	AAT	N	137
PB2|PP755596.1|A/cattle/Texas/24-008749-003/2024(H5N1)	414	A	G	0	0	0	129	75	44	1	129	1.64657e-82	TRUE	PB2:cds-XAJ25426.1	CAA	Q	CAG	Q	138
PB2|PP755596.1|A/cattle/Texas/24-008749-003/2024(H5N1)	415	A	G	0	0	0	130	76	43	1	130	7.6998e-83	TRUE	PB2:cds-XAJ25426.1	ATT	I	GTT	V	139
PB2|PP755596.1|A/cattle/Texas/24-008749-003/2024(H5N1)	424	A	C	0	0	0	128	76	43	1	128	3.53566e-82	TRUE	PB2:cds-XAJ25426.1	AGA	R	CGA	R	142
PB2|PP755596.1|A/cattle/Texas/24-008749-003/2024(H5N1)	426	A	C	0	0	0	128	76	42	1	128	3.53566e-82	TRUE	PB2:cds-XAJ25426.1	AGA	R	AGC	S	142
PB2|PP755596.1|A/cattle/Texas/24-008749-003/2024(H5N1)	429	G	C	0	0	0	127	75	43	1	127	7.62377e-82	TRUE	PB2:cds-XAJ25426.1	CGG	R	CGC	R	143
PB2|PP755596.1|A/cattle/Texas/24-008749-003/2024(H5N1)	432	G	A	1	1	34	122	74	43	0.99187	123	2.56251e-78	TRUE	PB2:cds-XAJ25426.1	AGG	R	AGA	R	144
PB2|PP755596.1|A/cattle/Texas/24-008749-003/2024(H5N1)	435	C	T	1	1	27	133	75	42	0.992537	134	9.90904e-89	TRUE	PB2:cds-XAJ25426.1	GTC	V	GTT	V	145
PB2|PP755596.1|A/cattle/Texas/24-008749-003/2024(H5N1)	456	T	A	0	0	0	812	368	50	1	812	0	TRUE	PB2:cds-XAJ25426.1	GCT	A	GCA	A	152
PB2|PP755596.1|A/cattle/Texas/24-008749-003/2024(H5N1)	465	C	T	2	1	50	656	303	47	0.99696	658	0	TRUE	PB2:cds-XAJ25426.1	AGC	S	AGT	S	155
PB2|PP755596.1|A/cattle/Texas/24-008749-003/2024(H5N1)	468	C	T	0	0	0	661	301	49	1	661	0	TRUE	PB2:cds-XAJ25426.1	GCC	A	GCT	A	156
PB2|PP755596.1|A/cattle/Texas/24-008749-003/2024(H5N1)	471	A	G	0	0	0	660	304	49	1	660	0	TRUE	PB2:cds-XAJ25426.1	AAA	K	AAG	K	157
PB2|PP755596.1|A/cattle/Texas/24-008749-003/2024(H5N1)	474	G	A	0	0	0	657	304	48	1	657	0	TRUE	PB2:cds-XAJ25426.1	GAG	E	GAA	E	158
PB2|PP755596.1|A/cattle/Texas/24-008749-003/2024(H5N1)	477	G	A	1	1	39	656	301	48	0.998478	657	0	TRUE	PB2:cds-XAJ25426.1	GCG	A	GCA	A	159
PB2|PP755596.1|A/cattle/Texas/24-008749-003/2024(H5N1)	480	G	A	1	0	40	655	301	48	0.998476	656	0	TRUE	PB2:cds-XAJ25426.1	CAG	Q	CAA	Q	160
PB2|PP755596.1|A/cattle/Texas/24-008749-003/2024(H5N1)	486	A	C	0	0	0	655	303	47	1	655	0	TRUE	PB2:cds-XAJ25426.1	GTA	V	GTC	V	162
PB2|PP755596.1|A/cattle/Texas/24-008749-003/2024(H5N1)	495	A	G	0	0	0	664	306	47	1	664	0	TRUE	PB2:cds-XAJ25426.1	GAA	E	GAG	E	165
PB2|PP755596.1|A/cattle/Texas/24-008749-003/2024(H5N1)	498	T	C	0	0	0	665	308	47	1	665	0	TRUE	PB2:cds-XAJ25426.1	GTT	V	GTC	V	166
PB2|PP755596.1|A/cattle/Texas/24-008749-003/2024(H5N1)	501	C	T	0	0	0	646	302	47	1	646	0	TRUE	PB2:cds-XAJ25426.1	GTC	V	GTT	V	167
PB2|PP755596.1|A/cattle/Texas/24-008749-003/2024(H5N1)	504	T	C	0	0	0	657	305	47	0.99848	658	0	TRUE	PB2:cds-XAJ25426.1	TTT	F	TTC	F	168
PB2|PP755596.1|A/cattle/Texas/24-008749-003/2024(H5N1)	516	G	C	0	0	0	711	392	51	1	711	0	TRUE	PB2:cds-XAJ25426.1	GTG	V	GTC	V	172
PB2|PP755596.1|A/cattle/Texas/24-008749-003/2024(H5N1)	522	G	C	0	0	0	713	404	50	1	713	0	TRUE	PB2:cds-XAJ25426.1	GCG	A	GCC	A	174
PB2|PP755596.1|A/cattle/Texas/24-008749-003/2024(H5N1)	529	C	T	0	0	0	716	413	51	1	716	0	TRUE	PB2:cds-XAJ25426.1	CTG	L	TTG	L	177
PB2|PP755596.1|A/cattle/Texas/24-008749-003/2024(H5N1)	534	G	A	2	2	42	708	410	51	0.997183	710	0	TRUE	PB2:cds-XAJ25426.1	ACG	T	ACA	T	178
PB2|PP755596.1|A/cattle/Texas/24-008749-003/2024(H5N1)	537	G	A	2	0	56	690	401	51	0.995671	693	0	TRUE	PB2:cds-XAJ25426.1	TCG	S	TCA	S	179
PB2|PP755596.1|A/cattle/Texas/24-008749-003/2024(H5N1)	540	A	G	0	0	0	692	398	51	1	692	0	TRUE	PB2:cds-XAJ25426.1	GAA	E	GAG	E	180
PB2|PP755596.1|A/cattle/Texas/24-008749-003/2024(H5N1)	546	A	G	0	0	0	696	398	51	1	696	0	TRUE	PB2:cds-XAJ25426.1	CAA	Q	CAG	Q	182
PB2|PP755596.1|A/cattle/Texas/24-008749-003/2024(H5N1)	549	G	A	1	1	34	697	400	51	0.997139	699	0	TRUE	PB2:cds-XAJ25426.1	TTG	L	TTA	L	183
PB2|PP755596.1|A/cattle/Texas/24-008749-003/2024(H5N1)	555	A	T	0	0	0	713	418	51	1	713	0	TRUE	PB2:cds-XAJ25426.1	ATA	I	ATT	I	185
PB2|PP755596.1|A/cattle/Texas/24-008749-003/2024(H5N1)	561	G	A	2	2	39	706	426	52	0.997175	708	0	TRUE	PB2:cds-XAJ25426.1	AAG	K	AAA	K	187
PB2|PP755596.1|A/cattle/Texas/24-008749-003/2024(H5N1)	570	A	G	1	0	47	703	426	50	0.99858	704	0	TRUE	PB2:cds-XAJ25426.1	AAA	K	AAG	K	190
PB2|PP755596.1|A/cattle/Texas/24-008749-003/2024(H5N1)	573	A	G	0	0	0	700	435	49	1	700	0	TRUE	PB2:cds-XAJ25426.1	GAA	E	GAG	E	191
PB2|PP755596.1|A/cattle/Texas/24-008749-003/2024(H5N1)	588	C	T	0	0	0	589	371	47	1	589	0	TRUE	PB2:cds-XAJ25426.1	TGC	C	TGT	C	196
PB2|PP755596.1|A/cattle/Texas/24-008749-003/2024(H5N1)	591	A	G	0	0	0	590	384	47	1	590	0	TRUE	PB2:cds-XAJ25426.1	AAA	K	AAG	K	197
PB2|PP755596.1|A/cattle/Texas/24-008749-003/2024(H5N1)	594	C	T	1	1	38	553	346	46	0.998195	554	0	TRUE	PB2:cds-XAJ25426.1	ATC	I	ATT	I	198
PB2|PP755596.1|A/cattle/Texas/24-008749-003/2024(H5N1)	603	G	A	0	0	0	549	353	47	1	549	0	TRUE	PB2:cds-XAJ25426.1	CTG	L	CTA	L	201
PB2|PP755596.1|A/cattle/Texas/24-008749-003/2024(H5N1)	609	T	G	0	0	0	501	329	46	1	501	0	TRUE	PB2:cds-XAJ25426.1	GTT	V	GTG	V	203
PB2|PP755596.1|A/cattle/Texas/24-008749-003/2024(H5N1)	619	C	T	0	0	0	53	47	37	1	53	2.49783e-34	TRUE	PB2:cds-XAJ25426.1	CTA	L	TTA	L	207
PB2|PP755596.1|A/cattle/Texas/24-008749-003/2024(H5N1)	621	A	G	1	1	37	49	43	38	0.98	50	3.1842e-30	TRUE	PB2:cds-XAJ25426.1	CTA	L	CTG	L	207
PB2|PP755596.1|A/cattle/Texas/24-008749-003/2024(H5N1)	624	A	G	0	0	0	50	44	38	1	50	5.39695e-32	TRUE	PB2:cds-XAJ25426.1	GAA	E	GAG	E	208
PB2|PP755596.1|A/cattle/Texas/24-008749-003/2024(H5N1)	630	G	A	1	1	33	50	44	36	0.980392	51	1.30127e-28	TRUE	PB2:cds-XAJ25426.1	GAG	E	GAA	E	210
PB2|PP755596.1|A/cattle/Texas/24-008749-003/2024(H5N1)	636	C	T	0	0	0	43	37	37	1	43	7.61948e-26	TRUE	PB2:cds-XAJ25426.1	GTC	V	GTT	V	212
PB2|PP755596.1|A/cattle/Texas/24-008749-003/2024(H5N1)	639	C	A	0	0	0	45	39	38	1	45	1.92627e-26	TRUE	PB2:cds-XAJ25426.1	CGC	R	CGA	R	213
PB2|PP755596.1|A/cattle/Texas/24-008749-003/2024(H5N1)	642	G	A	0	0	0	45	39	37	1	45	1.92627e-26	TRUE	PB2:cds-XAJ25426.1	AAG	K	AAA	K	214
PB2|PP755596.1|A/cattle/Texas/24-008749-003/2024(H5N1)	645	A	C	0	0	0	45	39	38	1	45	1.92627e-26	TRUE	PB2:cds-XAJ25426.1	ACA	T	ACC	T	215
PB2|PP755596.1|A/cattle/Texas/24-008749-003/2024(H5N1)	648	G	A	0	0	0	44	38	38	1	44	3.80974e-26	TRUE	PB2:cds-XAJ25426.1	AGG	R	AGA	R	216
PB2|PP755596.1|A/cattle/Texas/24-008749-003/2024(H5N1)	654	C	G	0	0	0	45	39	38	1	45	1.92627e-26	TRUE	PB2:cds-XAJ25426.1	CTC	L	CTG	L	218
PB2|PP755596.1|A/cattle/Texas/24-008749-003/2024(H5N1)	660	T	A	0	0	0	45	39	38	1	45	1.92627e-26	TRUE	PB2:cds-XAJ25426.1	GTT	V	GTA	V	220
PB2|PP755596.1|A/cattle/Texas/24-008749-003/2024(H5N1)	666	T	C	2	2	38	43	37	37	0.955556	45	1.99369e-23	TRUE	PB2:cds-XAJ25426.1	GGT	G	GGC	G	222
PB2|PP755596.1|A/cattle/Texas/24-008749-003/2024(H5N1)	675	C	T	0	0	0	43	37	37	1	43	3.01316e-25	TRUE	PB2:cds-XAJ25426.1	AGC	S	AGT	S	225
PB2|PP755596.1|A/cattle/Texas/24-008749-003/2024(H5N1)	678	T	C	0	0	0	43	37	37	1	43	3.01316e-25	TRUE	PB2:cds-XAJ25426.1	AGT	S	AGC	S	226
PB2|PP755596.1|A/cattle/Texas/24-008749-003/2024(H5N1)	681	C	A	0	0	0	43	37	38	1	43	3.01316e-25	TRUE	PB2:cds-XAJ25426.1	GTC	V	GTA	V	227
PB2|PP755596.1|A/cattle/Texas/24-008749-003/2024(H5N1)	684	C	T	0	0	0	42	36	38	1	42	5.95624e-25	TRUE	PB2:cds-XAJ25426.1	TAC	Y	TAT	Y	228
PB2|PP755596.1|A/cattle/Texas/24-008749-003/2024(H5N1)	687	T	C	0	0	0	43	37	37	1	43	3.01316e-25	TRUE	PB2:cds-XAJ25426.1	ATT	I	ATC	I	229
PB2|PP755596.1|A/cattle/Texas/24-008749-003/2024(H5N1)	690	G	A	0	0	0	42	36	38	1	42	5.95624e-25	TRUE	PB2:cds-XAJ25426.1	GAG	E	GAA	E	230
PB2|PP755596.1|A/cattle/Texas/24-008749-003/2024(H5N1)	694	C	T	0	0	0	43	37	38	1	43	3.01316e-25	TRUE	PB2:cds-XAJ25426.1	CTG	L	TTG	L	232
PB2|PP755596.1|A/cattle/Texas/24-008749-003/2024(H5N1)	699	T	C	0	0	0	43	37	38	1	43	3.01316e-25	TRUE	PB2:cds-XAJ25426.1	CAT	H	CAC	H	233
PB2|PP755596.1|A/cattle/Texas/24-008749-003/2024(H5N1)	705	C	T	1	0	39	43	37	38	0.977273	44	3.35257e-24	TRUE	PB2:cds-XAJ25426.1	ACC	T	ACT	T	235
PB2|PP755596.1|A/cattle/Texas/24-008749-003/2024(H5N1)	708	G	A	0	0	0	44	37	38	1	44	7.61948e-26	TRUE	PB2:cds-XAJ25426.1	CAG	Q	CAA	Q	236
PB2|PP755596.1|A/cattle/Texas/24-008749-003/2024(H5N1)	714	A	C	0	0	0	271	164	37	1	271	3.29193e-164	TRUE	PB2:cds-XAJ25426.1	ACA	T	ACC	T	238
PB2|PP755596.1|A/cattle/Texas/24-008749-003/2024(H5N1)	723	G	A	0	0	0	280	166	38	1	280	2.52302e-169	TRUE	PB2:cds-XAJ25426.1	GAG	E	GAA	E	241
PB2|PP755596.1|A/cattle/Texas/24-008749-003/2024(H5N1)	726	G	A	0	0	0	271	162	38	1	271	1.49463e-166	TRUE	PB2:cds-XAJ25426.1	CAG	Q	CAA	Q	242
PB2|PP755596.1|A/cattle/Texas/24-008749-003/2024(H5N1)	735	T	G	1	1	39	316	160	37	0.996845	317	1.54488e-190	TRUE	PB2:cds-XAJ25426.1	ACT	T	ACG	T	245
PB2|PP755596.1|A/cattle/Texas/24-008749-003/2024(H5N1)	741	A	G	0	0	0	312	164	37	1	312	1.65638e-191	TRUE	PB2:cds-XAJ25426.1	GGA	G	GGG	G	247
PB2|PP755596.1|A/cattle/Texas/24-008749-003/2024(H5N1)	756	C	T	0	0	0	252	107	38	1	252	1.13987e-168	TRUE	PB2:cds-XAJ25426.1	AAC	N	AAT	N	252
PB2|PP755596.1|A/cattle/Texas/24-008749-003/2024(H5N1)	762	T	C	0	0	0	243	101	37	1	243	2.25612e-147	TRUE	PB2:cds-XAJ25426.1	GAT	D	GAC	D	254
PB2|PP755596.1|A/cattle/Texas/24-008749-003/2024(H5N1)	764	C	T	1	0	38	241	98	37	0.995868	242	1.14199e-144	TRUE	PB2:cds-XAJ25426.1	GCA	A	GTA	V	255
PB2|PP755596.1|A/cattle/Texas/24-008749-003/2024(H5N1)	765	A	T	0	0	0	240	101	37	1	240	1.88437e-146	TRUE	PB2:cds-XAJ25426.1	GCA	A	GCT	A	255
PB2|PP755596.1|A/cattle/Texas/24-008749-003/2024(H5N1)	771	G	A	0	0	0	238	101	38	1	238	7.83945e-146	TRUE	PB2:cds-XAJ25426.1	CAG	Q	CAA	Q	257
PB2|PP755596.1|A/cattle/Texas/24-008749-003/2024(H5N1)	774	C	T	1	1	39	232	97	37	0.995708	233	7.18463e-142	TRUE	PB2:cds-XAJ25426.1	AGC	S	AGT	S	258
PB2|PP755596.1|A/cattle/Texas/24-008749-003/2024(H5N1)	777	G	A	0	0	0	243	98	38	1	243	2.25612e-147	TRUE	PB2:cds-XAJ25426.1	TTG	L	TTA	L	259
PB2|PP755596.1|A/cattle/Texas/24-008749-003/2024(H5N1)	780	C	T	0	0	0	247	99	38	1	247	1.37053e-148	TRUE	PB2:cds-XAJ25426.1	ATC	I	ATT	I	260
PB2|PP755596.1|A/cattle/Texas/24-008749-003/2024(H5N1)	792	G	A	1	1	37	313	102	37	0.996815	314	3.76619e-188	TRUE	PB2:cds-XAJ25426.1	AGG	R	AGA	R	264
PB2|PP755596.1|A/cattle/Texas/24-008749-003/2024(H5N1)	798	A	C	0	0	0	316	104	37	1	316	5.65851e-191	TRUE	PB2:cds-XAJ25426.1	ATA	I	ATC	I	266
PB2|PP755596.1|A/cattle/Texas/24-008749-003/2024(H5N1)	801	A	T	0	0	0	309	101	37	1	309	7.91705e-189	TRUE	PB2:cds-XAJ25426.1	GTA	V	GTT	V	267
PB2|PP755596.1|A/cattle/Texas/24-008749-003/2024(H5N1)	804	A	G	0	0	0	310	105	38	1	310	3.88952e-189	TRUE	PB2:cds-XAJ25426.1	AGA	R	AGG	R	268
PB2|PP755596.1|A/cattle/Texas/24-008749-003/2024(H5N1)	816	G	A	1	1	32	350	102	37	0.997151	351	1.45382e-213	TRUE	PB2:cds-XAJ25426.1	GTG	V	GTA	V	272
PB2|PP755596.1|A/cattle/Texas/24-008749-003/2024(H5N1)	831	A	G	0	0	0	378	96	40	1	378	1.78176e-239	TRUE	PB2:cds-XAJ25426.1	TTA	L	TTG	L	277
PB2|PP755596.1|A/cattle/Texas/24-008749-003/2024(H5N1)	834	A	T	0	0	0	366	90	41	0.997275	367	1.57992e-235	TRUE	PB2:cds-XAJ25426.1	GCA	A	GCT	A	278
PB2|PP755596.1|A/cattle/Texas/24-008749-003/2024(H5N1)	837	T	A	0	0	0	373	92	41	0.997326	374	5.03158e-240	TRUE	PB2:cds-XAJ25426.1	TCT	S	TCA	S	279
PB2|PP755596.1|A/cattle/Texas/24-008749-003/2024(H5N1)	841	T	C	0	0	0	426	104	41	1	426	3.26814e-278	TRUE	PB2:cds-XAJ25426.1	TTG	L	CTG	L	281
PB2|PP755596.1|A/cattle/Texas/24-008749-003/2024(H5N1)	855	C	T	1	0	38	475	136	47	0.997899	476	0	TRUE	PB2:cds-XAJ25426.1	CAC	H	CAT	H	285
PB2|PP755596.1|A/cattle/Texas/24-008749-003/2024(H5N1)	858	C	T	2	1	56	469	134	46	0.995754	471	0	TRUE	PB2:cds-XAJ25426.1	AGC	S	AGT	S	286
PB2|PP755596.1|A/cattle/Texas/24-008749-003/2024(H5N1)	864	A	G	1	0	38	543	150	48	0.998162	544	0	TRUE	PB2:cds-XAJ25426.1	CAA	Q	CAG	Q	288
PB2|PP755596.1|A/cattle/Texas/24-008749-003/2024(H5N1)	870	A	C	0	0	0	555	162	48	1	555	0	TRUE	PB2:cds-XAJ25426.1	GGA	G	GGC	G	290
PB2|PP755596.1|A/cattle/Texas/24-008749-003/2024(H5N1)	879	G	A	1	1	34	558	173	48	0.998211	559	0	TRUE	PB2:cds-XAJ25426.1	AGG	R	AGA	R	293
PB2|PP755596.1|A/cattle/Texas/24-008749-003/2024(H5N1)	895	C	A	0	0	0	509	162	48	1	509	0	TRUE	PB2:cds-XAJ25426.1	CGG	R	AGG	R	299
PB2|PP755596.1|A/cattle/Texas/24-008749-003/2024(H5N1)	897	G	A	1	0	39	509	161	48	0.998039	510	0	TRUE	PB2:cds-XAJ25426.1	CGG	R	CGA	R	299
PB2|PP755596.1|A/cattle/Texas/24-008749-003/2024(H5N1)	900	A	G	1	0	39	500	162	48	0.998004	501	0	TRUE	PB2:cds-XAJ25426.1	CAA	Q	CAG	Q	300
PB2|PP755596.1|A/cattle/Texas/24-008749-003/2024(H5N1)	903	T	C	0	0	0	470	158	47	1	470	0	TRUE	PB2:cds-XAJ25426.1	AAT	N	AAC	N	301
PB2|PP755596.1|A/cattle/Texas/24-008749-003/2024(H5N1)	906	A	C	0	0	0	514	162	47	1	514	0	TRUE	PB2:cds-XAJ25426.1	CCA	P	CCC	P	302
PB2|PP755596.1|A/cattle/Texas/24-008749-003/2024(H5N1)	909	G	A	0	0	0	506	162	47	1	506	0	TRUE	PB2:cds-XAJ25426.1	ACG	T	ACA	T	303
PB2|PP755596.1|A/cattle/Texas/24-008749-003/2024(H5N1)	912	G	A	0	0	0	508	160	49	1	508	0	TRUE	PB2:cds-XAJ25426.1	GAG	E	GAA	E	304
PB2|PP755596.1|A/cattle/Texas/24-008749-003/2024(H5N1)	915	A	G	0	0	0	502	157	48	1	502	0	TRUE	PB2:cds-XAJ25426.1	GAA	E	GAG	E	305
PB2|PP755596.1|A/cattle/Texas/24-008749-003/2024(H5N1)	927	C	T	0	0	0	781	253	49	1	781	0	TRUE	PB2:cds-XAJ25426.1	GAC	D	GAT	D	309
PB2|PP755596.1|A/cattle/Texas/24-008749-003/2024(H5N1)	936	G	A	1	0	76	825	267	51	0.998789	826	0	TRUE	PB2:cds-XAJ25426.1	AAG	K	AAA	K	312
PB2|PP755596.1|A/cattle/Texas/24-008749-003/2024(H5N1)	948	C	T	0	0	0	795	299	48	1	795	0	TRUE	PB2:cds-XAJ25426.1	GGC	G	GGT	G	316
PB2|PP755596.1|A/cattle/Texas/24-008749-003/2024(H5N1)	951	G	A	0	0	0	820	299	50	1	820	0	TRUE	PB2:cds-XAJ25426.1	TTG	L	TTA	L	317
PB2|PP755596.1|A/cattle/Texas/24-008749-003/2024(H5N1)	954	G	A	0	0	0	817	297	50	1	817	0	TRUE	PB2:cds-XAJ25426.1	AGG	R	AGA	R	318
PB2|PP755596.1|A/cattle/Texas/24-008749-003/2024(H5N1)	957	T	C	0	0	0	814	295	49	1	814	0	TRUE	PB2:cds-XAJ25426.1	ATT	I	ATC	I	319
PB2|PP755596.1|A/cattle/Texas/24-008749-003/2024(H5N1)	960	C	T	1	0	34	819	299	49	0.99878	820	0	TRUE	PB2:cds-XAJ25426.1	AGC	S	AGT	S	320
PB2|PP755596.1|A/cattle/Texas/24-008749-003/2024(H5N1)	966	G	C	0	0	0	910	336	50	0.998902	911	0	TRUE	PB2:cds-XAJ25426.1	TCG	S	TCC	S	322
PB2|PP755596.1|A/cattle/Texas/24-008749-003/2024(H5N1)	972	C	T	1	0	39	910	340	50	0.998902	911	0	TRUE	PB2:cds-XAJ25426.1	AGC	S	AGT	S	324
PB2|PP755596.1|A/cattle/Texas/24-008749-003/2024(H5N1)	978	T	A	0	0	0	914	351	50	0.998907	915	0	TRUE	PB2:cds-XAJ25426.1	GGT	G	GGA	G	326
PB2|PP755596.1|A/cattle/Texas/24-008749-003/2024(H5N1)	981	A	T	1	1	20	908	355	48	0.993435	914	0	TRUE	PB2:cds-XAJ25426.1	GGA	G	GGT	G	327
PB2|PP755596.1|A/cattle/Texas/24-008749-003/2024(H5N1)	990	T	C	0	0	0	987	420	53	1	987	0	TRUE	PB2:cds-XAJ25426.1	TTT	F	TTC	F	330
PB2|PP755596.1|A/cattle/Texas/24-008749-003/2024(H5N1)	996	A	G	0	0	0	1004	445	52	1	1004	0	TRUE	PB2:cds-XAJ25426.1	AGA	R	AGG	R	332
PB2|PP755596.1|A/cattle/Texas/24-008749-003/2024(H5N1)	1002	T	C	0	0	0	1024	450	54	1	1024	0	TRUE	PB2:cds-XAJ25426.1	AGT	S	AGC	S	334
PB2|PP755596.1|A/cattle/Texas/24-008749-003/2024(H5N1)	1011	A	T	0	0	0	1059	469	54	0.998115	1061	0	TRUE	PB2:cds-XAJ25426.1	TCA	S	TCT	S	337
PB2|PP755596.1|A/cattle/Texas/24-008749-003/2024(H5N1)	1020	G	A	2	1	72	1054	475	52	0.998106	1056	0	TRUE	PB2:cds-XAJ25426.1	AGG	R	AGA	R	340
PB2|PP755596.1|A/cattle/Texas/24-008749-003/2024(H5N1)	1026	A	G	3	1	49	1062	485	55	0.997183	1065	0	TRUE	PB2:cds-XAJ25426.1	GAA	E	GAG	E	342
PB2|PP755596.1|A/cattle/Texas/24-008749-003/2024(H5N1)	1029	G	A	3	0	35	1062	477	54	0.997183	1065	0	TRUE	PB2:cds-XAJ25426.1	GAG	E	GAA	E	343
PB2|PP755596.1|A/cattle/Texas/24-008749-003/2024(H5N1)	1035	T	C	0	0	0	1098	472	51	1	1098	0	TRUE	PB2:cds-XAJ25426.1	CTT	L	CTC	L	345
PB2|PP755596.1|A/cattle/Texas/24-008749-003/2024(H5N1)	1038	G	C	0	0	0	1114	496	53	1	1114	0	TRUE	PB2:cds-XAJ25426.1	ACG	T	ACC	T	346
PB2|PP755596.1|A/cattle/Texas/24-008749-003/2024(H5N1)	1047	T	C	0	0	0	1187	554	54	1	1187	0	TRUE	PB2:cds-XAJ25426.1	CTT	L	CTC	L	349
PB2|PP755596.1|A/cattle/Texas/24-008749-003/2024(H5N1)	1083	A	G	1	1	20	1046	457	49	0.999045	1047	0	TRUE	PB2:cds-XAJ25426.1	GAA	E	GAG	E	361
PB2|PP755596.1|A/cattle/Texas/24-008749-003/2024(H5N1)	1085	G	A	5	3	34	1058	486	50	0.995296	1063	0	TRUE	PB2:cds-XAJ25426.1	GGG	G	GAG	E	362
PB2|PP755596.1|A/cattle/Texas/24-008749-003/2024(H5N1)	1086	G	A	4	2	24	1040	466	50	0.996169	1044	0	TRUE	PB2:cds-XAJ25426.1	GGG	G	GGA	G	362
PB2|PP755596.1|A/cattle/Texas/24-008749-003/2024(H5N1)	1092	T	A	0	0	0	1086	504	50	0.99908	1087	0	TRUE	PB2:cds-XAJ25426.1	ACT	T	ACA	T	364
PB2|PP755596.1|A/cattle/Texas/24-008749-003/2024(H5N1)	1101	A	G	1	1	75	1036	486	48	0.999036	1037	0	TRUE	PB2:cds-XAJ25426.1	GGA	G	GGG	G	367
PB2|PP755596.1|A/cattle/Texas/24-008749-003/2024(H5N1)	1102	A	C	0	0	0	1039	468	48	1	1039	0	TRUE	PB2:cds-XAJ25426.1	AGA	R	CGA	R	368
PB2|PP755596.1|A/cattle/Texas/24-008749-003/2024(H5N1)	1104	A	G	0	0	0	1044	481	48	1	1044	0	TRUE	PB2:cds-XAJ25426.1	AGA	R	AGG	R	368
PB2|PP755596.1|A/cattle/Texas/24-008749-003/2024(H5N1)	1113	G	A	4	3	38	1279	590	52	0.996882	1283	0	TRUE	PB2:cds-XAJ25426.1	ACG	T	ACA	T	371
PB2|PP755596.1|A/cattle/Texas/24-008749-003/2024(H5N1)	1122	C	A	0	0	0	1338	635	53	0.999253	1339	0	TRUE	PB2:cds-XAJ25426.1	CTC	L	CTA	L	374
PB2|PP755596.1|A/cattle/Texas/24-008749-003/2024(H5N1)	1146	T	C	1	1	34	1192	580	50	0.999162	1193	0	TRUE	PB2:cds-XAJ25426.1	ATT	I	ATC	I	382
PB2|PP755596.1|A/cattle/Texas/24-008749-003/2024(H5N1)	1149	G	A	0	0	0	1186	588	51	1	1186	0	TRUE	PB2:cds-XAJ25426.1	CAG	Q	CAA	Q	383
PB2|PP755596.1|A/cattle/Texas/24-008749-003/2024(H5N1)	1150	C	T	0	0	0	1193	583	51	1	1193	0	TRUE	PB2:cds-XAJ25426.1	CTA	L	TTA	L	384
PB2|PP755596.1|A/cattle/Texas/24-008749-003/2024(H5N1)	1152	A	G	0	0	0	1204	590	51	1	1204	0	TRUE	PB2:cds-XAJ25426.1	CTA	L	CTG	L	384
PB2|PP755596.1|A/cattle/Texas/24-008749-003/2024(H5N1)	1167	G	A	1	0	76	1185	658	54	0.999157	1186	0	TRUE	PB2:cds-XAJ25426.1	AGG	R	AGA	R	389
PB2|PP755596.1|A/cattle/Texas/24-008749-003/2024(H5N1)	1173	A	G	0	0	0	1157	655	52	1	1157	0	TRUE	PB2:cds-XAJ25426.1	GAA	E	GAG	E	391
PB2|PP755596.1|A/cattle/Texas/24-008749-003/2024(H5N1)	1182	T	C	1	0	70	1078	653	50	0.999073	1079	0	TRUE	PB2:cds-XAJ25426.1	ATT	I	ATC	I	394
PB2|PP755596.1|A/cattle/Texas/24-008749-003/2024(H5N1)	1185	T	C	2	2	36	1063	632	50	0.998122	1065	0	TRUE	PB2:cds-XAJ25426.1	GCT	A	GCC	A	395
PB2|PP755596.1|A/cattle/Texas/24-008749-003/2024(H5N1)	1191	A	G	0	0	0	1062	639	51	1	1062	0	TRUE	PB2:cds-XAJ25426.1	GCA	A	GCG	A	397
PB2|PP755596.1|A/cattle/Texas/24-008749-003/2024(H5N1)	1194	A	C	1	1	39	1068	641	51	0.999065	1069	0	TRUE	PB2:cds-XAJ25426.1	ATA	I	ATC	I	398
PB2|PP755596.1|A/cattle/Texas/24-008749-003/2024(H5N1)	1197	C	A	0	0	0	1069	647	51	1	1069	0	TRUE	PB2:cds-XAJ25426.1	ATC	I	ATA	I	399
PB2|PP755596.1|A/cattle/Texas/24-008749-003/2024(H5N1)	1203	C	A	0	0	0	1070	684	53	1	1070	0	TRUE	PB2:cds-XAJ25426.1	GCC	A	GCA	A	401
PB2|PP755596.1|A/cattle/Texas/24-008749-003/2024(H5N1)	1209	A	G	0	0	0	1061	678	52	1	1061	0	TRUE	PB2:cds-XAJ25426.1	GTA	V	GTG	V	403
PB2|PP755596.1|A/cattle/Texas/24-008749-003/2024(H5N1)	1215	A	T	1	1	20	1028	653	53	0.996124	1032	0	TRUE	PB2:cds-XAJ25426.1	TCA	S	TCT	S	405
PB2|PP755596.1|A/cattle/Texas/24-008749-003/2024(H5N1)	1224	C	T	2	1	55	963	606	53	0.997927	965	0	TRUE	PB2:cds-XAJ25426.1	GAC	D	GAT	D	408
PB2|PP755596.1|A/cattle/Texas/24-008749-003/2024(H5N1)	1239	A	T	0	0	0	879	565	53	0.99773	881	0	TRUE	PB2:cds-XAJ25426.1	GCA	A	GCT	A	413
PB2|PP755596.1|A/cattle/Texas/24-008749-003/2024(H5N1)	1242	T	A	0	0	0	877	564	54	1	877	0	TRUE	PB2:cds-XAJ25426.1	GTT	V	GTA	V	414
PB2|PP755596.1|A/cattle/Texas/24-008749-003/2024(H5N1)	1252	C	T	0	0	0	814	532	54	1	814	0	TRUE	PB2:cds-XAJ25426.1	CTG	L	TTG	L	418
PB2|PP755596.1|A/cattle/Texas/24-008749-003/2024(H5N1)	1254	G	A	0	0	0	814	531	54	1	814	0	TRUE	PB2:cds-XAJ25426.1	CTG	L	CTA	L	418
PB2|PP755596.1|A/cattle/Texas/24-008749-003/2024(H5N1)	1257	C	T	0	0	0	809	522	54	1	809	0	TRUE	PB2:cds-XAJ25426.1	AAC	N	AAT	N	419
PB2|PP755596.1|A/cattle/Texas/24-008749-003/2024(H5N1)	1266	C	T	0	0	0	821	554	54	1	821	0	TRUE	PB2:cds-XAJ25426.1	AAC	N	AAT	N	422
PB2|PP755596.1|A/cattle/Texas/24-008749-003/2024(H5N1)	1269	G	A	3	2	59	797	529	53	0.995006	801	0	TRUE	PB2:cds-XAJ25426.1	AGG	R	AGA	R	423
PB2|PP755596.1|A/cattle/Texas/24-008749-003/2024(H5N1)	1284	G	C	0	0	0	793	570	53	1	793	0	TRUE	PB2:cds-XAJ25426.1	CTG	L	CTC	L	428
PB2|PP755596.1|A/cattle/Texas/24-008749-003/2024(H5N1)	1290	A	T	0	0	0	715	500	53	1	715	0	TRUE	PB2:cds-XAJ25426.1	CCA	P	CCT	P	430
PB2|PP755596.1|A/cattle/Texas/24-008749-003/2024(H5N1)	1303	T	C	0	0	0	640	466	52	1	640	0	TRUE	PB2:cds-XAJ25426.1	TTG	L	CTG	L	435
PB2|PP755596.1|A/cattle/Texas/24-008749-003/2024(H5N1)	1308	A	G	0	0	0	625	456	52	1	625	0	TRUE	PB2:cds-XAJ25426.1	AGA	R	AGG	R	436
PB2|PP755596.1|A/cattle/Texas/24-008749-003/2024(H5N1)	1311	C	T	0	0	0	621	453	52	1	621	0	TRUE	PB2:cds-XAJ25426.1	CAC	H	CAT	H	437
PB2|PP755596.1|A/cattle/Texas/24-008749-003/2024(H5N1)	1321	A	G	2	2	38	617	498	49	0.996769	619	0	TRUE	PB2:cds-XAJ25426.1	AAT	N	GAT	D	441
PB2|PP755596.1|A/cattle/Texas/24-008749-003/2024(H5N1)	1329	A	G	0	0	0	554	486	45	1	554	0	TRUE	PB2:cds-XAJ25426.1	AAA	K	AAG	K	443
PB2|PP755596.1|A/cattle/Texas/24-008749-003/2024(H5N1)	1332	G	A	0	0	0	554	485	43	1	554	0	TRUE	PB2:cds-XAJ25426.1	GTG	V	GTA	V	444
PB2|PP755596.1|A/cattle/Texas/24-008749-003/2024(H5N1)	1335	T	A	0	0	0	553	484	45	1	553	0	TRUE	PB2:cds-XAJ25426.1	CTT	L	CTA	L	445
PB2|PP755596.1|A/cattle/Texas/24-008749-003/2024(H5N1)	1344	T	C	1	1	38	546	484	43	0.998172	547	0	TRUE	PB2:cds-XAJ25426.1	AAT	N	AAC	N	448
PB2|PP755596.1|A/cattle/Texas/24-008749-003/2024(H5N1)	1356	G	A	1	0	75	499	452	41	0.998	500	0	TRUE	PB2:cds-XAJ25426.1	GAG	E	GAA	E	452
PB2|PP755596.1|A/cattle/Texas/24-008749-003/2024(H5N1)	1371	G	C	0	0	0	428	422	38	1	428	3.22054e-266	TRUE	PB2:cds-XAJ25426.1	GTG	V	GTC	V	457
PB2|PP755596.1|A/cattle/Texas/24-008749-003/2024(H5N1)	1383	C	A	0	0	0	358	355	38	1	358	3.10506e-216	TRUE	PB2:cds-XAJ25426.1	ATC	I	ATA	I	461
PB2|PP755596.1|A/cattle/Texas/24-008749-003/2024(H5N1)	1386	G	A	0	0	0	355	353	38	1	355	5.03829e-215	TRUE	PB2:cds-XAJ25426.1	GGG	G	GGA	G	462
PB2|PP755596.1|A/cattle/Texas/24-008749-003/2024(H5N1)	1390	T	C	275	274	36	68	68	36	0.198251	343	1.199e-23	TRUE	PB2:cds-XAJ25426.1	TTG	L	CTG	L	464
PB2|PP755596.1|A/cattle/Texas/24-008749-003/2024(H5N1)	1398	C	T	0	0	0	270	269	38	1	270	3.37696e-164	TRUE	PB2:cds-XAJ25426.1	GAC	D	GAT	D	466
PB2|PP755596.1|A/cattle/Texas/24-008749-003/2024(H5N1)	1404	T	C	0	0	0	184	183	36	1	184	1.45264e-117	TRUE	PB2:cds-XAJ25426.1	ACT	T	ACC	T	468
PB2|PP755596.1|A/cattle/Texas/24-008749-003/2024(H5N1)	1407	A	C	0	0	0	199	198	38	1	199	2.22337e-122	TRUE	PB2:cds-XAJ25426.1	CCA	P	CCC	P	469
PB2|PP755596.1|A/cattle/Texas/24-008749-003/2024(H5N1)	1410	T	C	0	0	0	205	204	38	1	205	6.1486e-124	TRUE	PB2:cds-XAJ25426.1	AGT	S	AGC	S	470
PB2|PP755596.1|A/cattle/Texas/24-008749-003/2024(H5N1)	1413	T	A	0	0	0	205	204	38	0.995146	206	6.1486e-124	TRUE	PB2:cds-XAJ25426.1	ACT	T	ACA	T	471
PB2|PP755596.1|A/cattle/Texas/24-008749-003/2024(H5N1)	1425	G	A	0	0	0	128	127	38	1	128	1.12584e-77	TRUE	PB2:cds-XAJ25426.1	CTG	L	CTA	L	475
PB2|PP755596.1|A/cattle/Texas/24-008749-003/2024(H5N1)	1428	G	A	0	0	0	129	128	38	1	129	5.56451e-78	TRUE	PB2:cds-XAJ25426.1	AGG	R	AGA	R	476
PB2|PP755596.1|A/cattle/Texas/24-008749-003/2024(H5N1)	1432	A	G	0	0	0	130	129	38	1	130	2.76101e-78	TRUE	PB2:cds-XAJ25426.1	ATA	I	GTA	V	478
PB2|PP755596.1|A/cattle/Texas/24-008749-003/2024(H5N1)	1434	A	G	0	0	0	130	129	38	1	130	2.76101e-78	TRUE	PB2:cds-XAJ25426.1	ATA	I	ATG	M	478
PB2|PP755596.1|A/cattle/Texas/24-008749-003/2024(H5N1)	1437	A	G	1	1	39	125	124	38	0.992063	126	6.20281e-75	TRUE	PB2:cds-XAJ25426.1	AGA	R	AGG	R	479
PB2|PP755596.1|A/cattle/Texas/24-008749-003/2024(H5N1)	1445	A	G	0	0	0	130	129	38	1	130	2.76101e-78	TRUE	PB2:cds-XAJ25426.1	AAG	K	AGG	R	482
PB2|PP755596.1|A/cattle/Texas/24-008749-003/2024(H5N1)	1446	G	A	0	0	0	131	130	38	1	131	1.37526e-78	TRUE	PB2:cds-XAJ25426.1	AAG	K	AAA	K	482
PB2|PP755596.1|A/cattle/Texas/24-008749-003/2024(H5N1)	1455	A	G	0	0	0	124	123	38	0.992	125	1.9634e-76	TRUE	PB2:cds-XAJ25426.1	GTA	V	GTG	V	485
PB2|PP755596.1|A/cattle/Texas/24-008749-003/2024(H5N1)	1464	C	T	0	0	0	127	126	37	1	127	2.28687e-77	TRUE	PB2:cds-XAJ25426.1	TAC	Y	TAT	Y	488
PB2|PP755596.1|A/cattle/Texas/24-008749-003/2024(H5N1)	1614	G	A	0	0	0	14	12	37	1	14	4.98547e-08	TRUE	PB2:cds-XAJ25426.1	GAG	E	GAA	E	538
PB2|PP755596.1|A/cattle/Texas/24-008749-003/2024(H5N1)	1617	C	T	0	0	0	14	12	37	1	14	4.98547e-08	TRUE	PB2:cds-XAJ25426.1	ATC	I	ATT	I	539
PB2|PP755596.1|A/cattle/Texas/24-008749-003/2024(H5N1)	1623	T	C	0	0	0	12	10	38	1	12	1.92297e-07	TRUE	PB2:cds-XAJ25426.1	GGT	G	GGC	G	541
PB2|PP755596.1|A/cattle/Texas/24-008749-003/2024(H5N1)	1632	G	A	0	0	0	14	12	38	1	14	4.98547e-08	TRUE	PB2:cds-XAJ25426.1	TCG	S	TCA	S	544
PB2|PP755596.1|A/cattle/Texas/24-008749-003/2024(H5N1)	1636	T	C	0	0	0	13	11	38	1	13	9.61483e-08	TRUE	PB2:cds-XAJ25426.1	TTG	L	CTG	L	546
PB2|PP755596.1|A/cattle/Texas/24-008749-003/2024(H5N1)	1638	G	A	0	0	0	14	12	38	1	14	4.98547e-08	TRUE	PB2:cds-XAJ25426.1	TTG	L	TTA	L	546
PB2|PP755596.1|A/cattle/Texas/24-008749-003/2024(H5N1)	1641	C	T	0	0	0	14	12	38	1	14	4.98547e-08	TRUE	PB2:cds-XAJ25426.1	GTC	V	GTT	V	547
PB2|PP755596.1|A/cattle/Texas/24-008749-003/2024(H5N1)	1644	T	C	0	0	0	14	12	38	1	14	4.98547e-08	TRUE	PB2:cds-XAJ25426.1	AAT	N	AAC	N	548
PB2|PP755596.1|A/cattle/Texas/24-008749-003/2024(H5N1)	1647	T	A	0	0	0	14	12	38	1	14	4.98547e-08	TRUE	PB2:cds-XAJ25426.1	ACT	T	ACA	T	549
PB2|PP755596.1|A/cattle/Texas/24-008749-003/2024(H5N1)	1653	G	A	0	0	0	20	12	36	1	20	7.25444e-12	TRUE	PB2:cds-XAJ25426.1	CAG	Q	CAA	Q	551
PB2|PP755596.1|A/cattle/Texas/24-008749-003/2024(H5N1)	1659	A	C	0	0	0	22	12	37	1	22	9.50526e-13	TRUE	PB2:cds-XAJ25426.1	ATA	I	ATC	I	553
PB2|PP755596.1|A/cattle/Texas/24-008749-003/2024(H5N1)	1677	A	T	0	0	0	14	5	38	1	14	4.98547e-08	TRUE	PB2:cds-XAJ25426.1	ACA	T	ACT	T	559
PB2|PP755596.1|A/cattle/Texas/24-008749-003/2024(H5N1)	1680	A	G	0	0	0	14	5	38	1	14	4.98547e-08	TRUE	PB2:cds-XAJ25426.1	GTA	V	GTG	V	560
PB2|PP755596.1|A/cattle/Texas/24-008749-003/2024(H5N1)	1683	A	G	0	0	0	14	5	37	1	14	4.98547e-08	TRUE	PB2:cds-XAJ25426.1	AAA	K	AAG	K	561
PB2|PP755596.1|A/cattle/Texas/24-008749-003/2024(H5N1)	1689	A	G	0	0	0	14	5	38	1	14	4.98547e-08	TRUE	PB2:cds-XAJ25426.1	CAA	Q	CAG	Q	563
PB2|PP755596.1|A/cattle/Texas/24-008749-003/2024(H5N1)	1695	A	C	0	0	0	13	4	37	1	13	9.61483e-08	TRUE	PB2:cds-XAJ25426.1	TCA	S	TCC	S	565
PB2|PP755596.1|A/cattle/Texas/24-008749-003/2024(H5N1)	1701	T	C	0	0	0	14	5	37	1	14	4.98547e-08	TRUE	PB2:cds-XAJ25426.1	GAT	D	GAC	D	567
PB2|PP755596.1|A/cattle/Texas/24-008749-003/2024(H5N1)	1704	C	T	0	0	0	14	5	37	1	14	4.98547e-08	TRUE	PB2:cds-XAJ25426.1	CCC	P	CCT	P	568
PB2|PP755596.1|A/cattle/Texas/24-008749-003/2024(H5N1)	1711	T	C	0	0	0	14	5	37	1	14	4.98547e-08	TRUE	PB2:cds-XAJ25426.1	TTG	L	CTG	L	571
PB2|PP755596.1|A/cattle/Texas/24-008749-003/2024(H5N1)	1713	G	A	0	0	0	14	5	38	1	14	4.98547e-08	TRUE	PB2:cds-XAJ25426.1	TTG	L	TTA	L	571
PB2|PP755596.1|A/cattle/Texas/24-008749-003/2024(H5N1)	1716	T	C	0	0	0	14	5	38	1	14	4.98547e-08	TRUE	PB2:cds-XAJ25426.1	TAT	Y	TAC	Y	572
PB2|PP755596.1|A/cattle/Texas/24-008749-003/2024(H5N1)	1719	T	C	0	0	0	14	5	38	1	14	4.98547e-08	TRUE	PB2:cds-XAJ25426.1	AAT	N	AAC	N	573
PB2|PP755596.1|A/cattle/Texas/24-008749-003/2024(H5N1)	1731	C	T	0	0	0	35	5	37	1	35	1.78275e-20	TRUE	PB2:cds-XAJ25426.1	TTC	F	TTT	F	577
PB2|PP755596.1|A/cattle/Texas/24-008749-003/2024(H5N1)	1737	A	T	0	0	0	35	5	38	1	35	1.78275e-20	TRUE	PB2:cds-XAJ25426.1	CCA	P	CCT	P	579
PB2|PP755596.1|A/cattle/Texas/24-008749-003/2024(H5N1)	1740	C	T	0	0	0	34	4	37	1	34	3.51456e-20	TRUE	PB2:cds-XAJ25426.1	TTC	F	TTT	F	580
PB2|PP755596.1|A/cattle/Texas/24-008749-003/2024(H5N1)	1746	T	C	0	0	0	34	5	38	1	34	3.51456e-20	TRUE	PB2:cds-XAJ25426.1	TCT	S	TCC	S	582
PB2|PP755596.1|A/cattle/Texas/24-008749-003/2024(H5N1)	1747	C	T	0	0	0	34	4	38	1	34	3.51456e-20	TRUE	PB2:cds-XAJ25426.1	CTG	L	TTG	L	583
PB2|PP755596.1|A/cattle/Texas/24-008749-003/2024(H5N1)	1752	C	G	0	0	0	33	4	37	1	33	7.02913e-20	TRUE	PB2:cds-XAJ25426.1	GTC	V	GTG	V	584
PB2|PP755596.1|A/cattle/Texas/24-008749-003/2024(H5N1)	1767	G	A	0	0	0	37	0	38	1	37	1.14539e-21	TRUE	PB2:cds-XAJ25426.1	AGG	R	AGA	R	589
PB2|PP755596.1|A/cattle/Texas/24-008749-003/2024(H5N1)	1770	T	C	0	0	0	36	0	37	1	36	2.25982e-21	TRUE	PB2:cds-XAJ25426.1	GGT	G	GGC	G	590
PB2|PP755596.1|A/cattle/Texas/24-008749-003/2024(H5N1)	1773	A	G	0	0	0	35	0	37	1	35	4.51965e-21	TRUE	PB2:cds-XAJ25426.1	CAA	Q	CAG	Q	591
PB2|PP755596.1|A/cattle/Texas/24-008749-003/2024(H5N1)	1782	G	A	0	0	0	29	0	37	1	29	3.9879e-19	TRUE	PB2:cds-XAJ25426.1	GGG	G	GGA	G	594
PB2|PP755596.1|A/cattle/Texas/24-008749-003/2024(H5N1)	1785	C	T	0	0	0	37	0	37	1	37	1.14539e-21	TRUE	PB2:cds-XAJ25426.1	TTC	F	TTT	F	595
PB2|PP755596.1|A/cattle/Texas/24-008749-003/2024(H5N1)	1788	G	A	0	0	0	35	0	37	1	35	4.51965e-21	TRUE	PB2:cds-XAJ25426.1	GTG	V	GTA	V	596
PB2|PP755596.1|A/cattle/Texas/24-008749-003/2024(H5N1)	1794	A	C	0	0	0	53	0	37	1	53	1.09081e-32	TRUE	PB2:cds-XAJ25426.1	ACA	T	ACC	T	598
PB2|PP755596.1|A/cattle/Texas/24-008749-003/2024(H5N1)	1800	T	C	0	0	0	60	0	37	1	60	5.21795e-36	TRUE	PB2:cds-XAJ25426.1	TTT	F	TTC	F	600
PB2|PP755596.1|A/cattle/Texas/24-008749-003/2024(H5N1)	1806	A	G	0	0	0	65	0	37	1	65	5.29956e-39	TRUE	PB2:cds-XAJ25426.1	CAA	Q	CAG	Q	602
PB2|PP755596.1|A/cattle/Texas/24-008749-003/2024(H5N1)	1812	A	T	0	0	0	59	0	36	1	59	2.13219e-37	TRUE	PB2:cds-XAJ25426.1	CGA	R	CGT	R	604
PB2|PP755596.1|A/cattle/Texas/24-008749-003/2024(H5N1)	1821	T	G	0	0	0	68	0	37	1	68	3.04362e-42	TRUE	PB2:cds-XAJ25426.1	CTT	L	CTG	L	607
PB2|PP755596.1|A/cattle/Texas/24-008749-003/2024(H5N1)	1824	A	G	68	0	36	1	0	34	0.0144928	69	0.475862	FALSE	PB2:cds-XAJ25426.1	GGA	G	GGG	G	608
PB2|PP755596.1|A/cattle/Texas/24-008749-003/2024(H5N1)	1827	A	C	0	0	0	70	0	37	1	70	1.92218e-43	TRUE	PB2:cds-XAJ25426.1	ACA	T	ACC	T	609
PB2|PP755596.1|A/cattle/Texas/24-008749-003/2024(H5N1)	1839	T	C	0	0	0	90	0	37	1	90	3.72283e-55	TRUE	PB2:cds-XAJ25426.1	GTT	V	GTC	V	613
PB2|PP755596.1|A/cattle/Texas/24-008749-003/2024(H5N1)	1851	A	G	0	0	0	76	0	38	1	76	6.91051e-46	TRUE	PB2:cds-XAJ25426.1	AAA	K	AAG	K	617
PB2|PP755596.1|A/cattle/Texas/24-008749-003/2024(H5N1)	1854	T	A	1	0	20	77	0	38	0.987179	78	1.35602e-44	TRUE	PB2:cds-XAJ25426.1	CTT	L	CTA	L	618
PB2|PP755596.1|A/cattle/Texas/24-008749-003/2024(H5N1)	1857	C	T	0	0	0	78	0	38	1	78	1.71648e-46	TRUE	PB2:cds-XAJ25426.1	CTC	L	CTT	L	619
PB2|PP755596.1|A/cattle/Texas/24-008749-003/2024(H5N1)	1860	C	A	0	0	0	78	0	38	1	78	1.71648e-46	TRUE	PB2:cds-XAJ25426.1	CCC	P	CCA	P	620
PB2|PP755596.1|A/cattle/Texas/24-008749-003/2024(H5N1)	1865	C	T	77	0	38	1	0	39	0.0128205	78	0.496815	FALSE	PB2:cds-XAJ25426.1	GCT	A	GTT	V	622
PB2|PP755596.1|A/cattle/Texas/24-008749-003/2024(H5N1)	1866	T	A	0	0	0	76	0	37	1	76	3.52213e-46	TRUE	PB2:cds-XAJ25426.1	GCT	A	GCA	A	622
PB2|PP755596.1|A/cattle/Texas/24-008749-003/2024(H5N1)	1869	T	A	0	0	0	78	0	38	1	78	8.63707e-47	TRUE	PB2:cds-XAJ25426.1	GCT	A	GCA	A	623
PB2|PP755596.1|A/cattle/Texas/24-008749-003/2024(H5N1)	1872	C	A	0	0	0	75	0	38	1	75	7.18329e-46	TRUE	PB2:cds-XAJ25426.1	GCC	A	GCA	A	624
PB2|PP755596.1|A/cattle/Texas/24-008749-003/2024(H5N1)	1884	A	G	0	0	0	78	0	38	1	78	8.63707e-47	TRUE	PB2:cds-XAJ25426.1	CAA	Q	CAG	Q	628
PB2|PP755596.1|A/cattle/Texas/24-008749-003/2024(H5N1)	1887	T	A	75	0	36	1	0	39	0.0131579	76	0.490323	FALSE	PB2:cds-XAJ25426.1	AGT	S	AGA	R	629
PB2|PP755596.1|A/cattle/Texas/24-008749-003/2024(H5N1)	1890	A	G	0	0	0	76	0	38	1	76	6.91051e-46	TRUE	PB2:cds-XAJ25426.1	AGA	R	AGG	R	630
PB2|PP755596.1|A/cattle/Texas/24-008749-003/2024(H5N1)	1891	C	A	0	0	0	73	0	38	1	73	5.86758e-45	TRUE	PB2:cds-XAJ25426.1	CTG	L	ATG	M	631
PB2|PP755596.1|A/cattle/Texas/24-008749-003/2024(H5N1)	1896	A	G	0	0	0	76	0	38	1	76	6.91051e-46	TRUE	PB2:cds-XAJ25426.1	CAA	Q	CAG	Q	632
PB2|PP755596.1|A/cattle/Texas/24-008749-003/2024(H5N1)	1902	C	T	0	0	0	75	0	38	1	75	1.40029e-45	TRUE	PB2:cds-XAJ25426.1	TCC	S	TCT	S	634
PB2|PP755596.1|A/cattle/Texas/24-008749-003/2024(H5N1)	1908	G	A	1	0	39	77	0	38	0.987179	78	1.35602e-44	TRUE	PB2:cds-XAJ25426.1	CTG	L	CTA	L	636
PB2|PP755596.1|A/cattle/Texas/24-008749-003/2024(H5N1)	1914	G	A	0	0	0	77	0	37	1	77	3.43296e-46	TRUE	PB2:cds-XAJ25426.1	GTG	V	GTA	V	638
PB2|PP755596.1|A/cattle/Texas/24-008749-003/2024(H5N1)	1917	T	C	0	0	0	78	0	38	1	78	1.71648e-46	TRUE	PB2:cds-XAJ25426.1	AAT	N	AAC	N	639
PB2|PP755596.1|A/cattle/Texas/24-008749-003/2024(H5N1)	1920	G	A	0	0	0	74	0	36	1	74	2.85659e-45	TRUE	PB2:cds-XAJ25426.1	GTG	V	GTA	V	640
PB2|PP755596.1|A/cattle/Texas/24-008749-003/2024(H5N1)	1923	A	G	0	0	0	74	0	38	1	74	2.85659e-45	TRUE	PB2:cds-XAJ25426.1	AGA	R	AGG	R	641
PB2|PP755596.1|A/cattle/Texas/24-008749-003/2024(H5N1)	1926	A	T	0	0	0	74	0	34	1	74	7.66218e-46	TRUE	PB2:cds-XAJ25426.1	GGA	G	GGT	G	642
PB2|PP755596.1|A/cattle/Texas/24-008749-003/2024(H5N1)	1944	G	T	0	0	0	267	1	38	0.996269	268	1.09322e-162	TRUE	PB2:cds-XAJ25426.1	CTG	L	CTT	L	648
PB2|PP755596.1|A/cattle/Texas/24-008749-003/2024(H5N1)	1945	A	G	0	0	0	268	1	38	1	268	5.3857e-163	TRUE	PB2:cds-XAJ25426.1	ATA	I	GTA	V	649
PB2|PP755596.1|A/cattle/Texas/24-008749-003/2024(H5N1)	1947	A	G	0	0	0	260	1	38	1	260	1.63795e-160	TRUE	PB2:cds-XAJ25426.1	ATA	I	ATG	M	649
PB2|PP755596.1|A/cattle/Texas/24-008749-003/2024(H5N1)	1956	T	C	0	0	0	274	7	38	1	274	4.57311e-168	TRUE	PB2:cds-XAJ25426.1	AAT	N	AAC	N	652
PB2|PP755596.1|A/cattle/Texas/24-008749-003/2024(H5N1)	1959	T	C	1	0	20	254	8	38	0.996078	255	7.98418e-160	TRUE	PB2:cds-XAJ25426.1	TCT	S	TCC	S	653
PB2|PP755596.1|A/cattle/Texas/24-008749-003/2024(H5N1)	1962	A	T	0	0	0	278	8	38	1	278	1.79526e-170	TRUE	PB2:cds-XAJ25426.1	CCA	P	CCT	P	654
PB2|PP755596.1|A/cattle/Texas/24-008749-003/2024(H5N1)	1971	T	C	0	0	0	352	21	41	1	352	8.43956e-224	TRUE	PB2:cds-XAJ25426.1	AAT	N	AAC	N	657
PB2|PP755596.1|A/cattle/Texas/24-008749-003/2024(H5N1)	1974	C	T	0	0	0	358	22	41	1	358	8.57415e-229	TRUE	PB2:cds-XAJ25426.1	TAC	Y	TAT	Y	658
PB2|PP755596.1|A/cattle/Texas/24-008749-003/2024(H5N1)	1983	C	A	0	0	0	403	108	46	0.997525	404	2.85565e-282	TRUE	PB2:cds-XAJ25426.1	GCC	A	GCA	A	661
PB2|PP755596.1|A/cattle/Texas/24-008749-003/2024(H5N1)	1997	C	T	1	0	39	393	132	51	0.997462	394	1.73861e-274	TRUE	PB2:cds-XAJ25426.1	ACA	T	ATA	I	666
PB2|PP755596.1|A/cattle/Texas/24-008749-003/2024(H5N1)	2001	T	C	0	0	0	386	127	50	1	386	3.52521e-274	TRUE	PB2:cds-XAJ25426.1	GTT	V	GTC	V	667
PB2|PP755596.1|A/cattle/Texas/24-008749-003/2024(H5N1)	2004	C	T	0	0	0	392	131	51	1	392	1.81293e-276	TRUE	PB2:cds-XAJ25426.1	CTC	L	CTT	L	668
PB2|PP755596.1|A/cattle/Texas/24-008749-003/2024(H5N1)	2007	G	A	1	1	68	378	129	51	0.997361	379	3.41192e-269	TRUE	PB2:cds-XAJ25426.1	GGG	G	GGA	G	669
PB2|PP755596.1|A/cattle/Texas/24-008749-003/2024(H5N1)	2010	A	G	1	1	70	395	136	52	0.997475	396	5.79338e-279	TRUE	PB2:cds-XAJ25426.1	AAA	K	AAG	K	670
PB2|PP755596.1|A/cattle/Texas/24-008749-003/2024(H5N1)	2016	A	T	0	0	0	482	186	54	1	482	0	TRUE	PB2:cds-XAJ25426.1	GCA	A	GCT	A	672
PB2|PP755596.1|A/cattle/Texas/24-008749-003/2024(H5N1)	2026	G	A	0	0	0	486	190	54	1	486	0	TRUE	PB2:cds-XAJ25426.1	GCC	A	ACC	T	676
PB2|PP755596.1|A/cattle/Texas/24-008749-003/2024(H5N1)	2028	C	A	0	0	0	496	192	55	1	496	0	TRUE	PB2:cds-XAJ25426.1	GCC	A	GCA	A	676
PB2|PP755596.1|A/cattle/Texas/24-008749-003/2024(H5N1)	2034	T	C	2	1	62	489	201	55	0.995927	491	0	TRUE	PB2:cds-XAJ25426.1	GAT	D	GAC	D	678
PB2|PP755596.1|A/cattle/Texas/24-008749-003/2024(H5N1)	2039	A	G	0	0	0	496	207	56	1	496	0	TRUE	PB2:cds-XAJ25426.1	GAT	D	GGT	G	680
PB2|PP755596.1|A/cattle/Texas/24-008749-003/2024(H5N1)	2043	A	G	0	0	0	497	211	56	1	497	0	TRUE	PB2:cds-XAJ25426.1	GAA	E	GAG	E	681
PB2|PP755596.1|A/cattle/Texas/24-008749-003/2024(H5N1)	2046	C	A	0	0	0	502	213	55	0.998012	503	0	TRUE	PB2:cds-XAJ25426.1	GGC	G	GGA	G	682
PB2|PP755596.1|A/cattle/Texas/24-008749-003/2024(H5N1)	2052	T	A	0	0	0	572	266	58	1	572	0	TRUE	PB2:cds-XAJ25426.1	GCT	A	GCA	A	684
PB2|PP755596.1|A/cattle/Texas/24-008749-003/2024(H5N1)	2067	T	G	0	0	0	640	385	59	1	640	0	TRUE	PB2:cds-XAJ25426.1	GCT	A	GCG	A	689
PB2|PP755596.1|A/cattle/Texas/24-008749-003/2024(H5N1)	2070	T	A	0	0	0	657	397	58	0.99848	658	0	TRUE	PB2:cds-XAJ25426.1	GTT	V	GTA	V	690
PB2|PP755596.1|A/cattle/Texas/24-008749-003/2024(H5N1)	2073	A	G	0	0	0	663	398	61	1	663	0	TRUE	PB2:cds-XAJ25426.1	TTA	L	TTG	L	691
PB2|PP755596.1|A/cattle/Texas/24-008749-003/2024(H5N1)	2079	A	G	0	0	0	680	425	63	1	680	0	TRUE	PB2:cds-XAJ25426.1	GGA	G	GGG	G	693
PB2|PP755596.1|A/cattle/Texas/24-008749-003/2024(H5N1)	2085	C	A	0	0	0	711	442	64	1	711	0	TRUE	PB2:cds-XAJ25426.1	CTC	L	CTA	L	695
PB2|PP755596.1|A/cattle/Texas/24-008749-003/2024(H5N1)	2089	T	C	0	0	0	704	437	64	1	704	0	TRUE	PB2:cds-XAJ25426.1	TTG	L	CTG	L	697
PB2|PP755596.1|A/cattle/Texas/24-008749-003/2024(H5N1)	2100	A	G	0	0	0	717	451	66	1	717	0	TRUE	PB2:cds-XAJ25426.1	GAA	E	GAG	E	700
PB2|PP755596.1|A/cattle/Texas/24-008749-003/2024(H5N1)	2106	G	A	1	1	39	732	464	64	0.998636	733	0	TRUE	PB2:cds-XAJ25426.1	AAG	K	AAA	K	702
PB2|PP755596.1|A/cattle/Texas/24-008749-003/2024(H5N1)	2115	C	A	0	0	0	756	475	63	1	756	0	TRUE	PB2:cds-XAJ25426.1	GGC	G	GGA	G	705
PB2|PP755596.1|A/cattle/Texas/24-008749-003/2024(H5N1)	2121	A	G	1	1	38	801	512	63	0.998753	802	0	TRUE	PB2:cds-XAJ25426.1	GCA	A	GCG	A	707
PB2|PP755596.1|A/cattle/Texas/24-008749-003/2024(H5N1)	2136	G	A	0	0	0	802	574	59	1	802	0	TRUE	PB2:cds-XAJ25426.1	GAG	E	GAA	E	712
PB2|PP755596.1|A/cattle/Texas/24-008749-003/2024(H5N1)	2137	C	T	1	0	29	776	550	59	0.998713	777	0	TRUE	PB2:cds-XAJ25426.1	CTG	L	TTG	L	713
PB2|PP755596.1|A/cattle/Texas/24-008749-003/2024(H5N1)	2146	T	C	2	1	50	787	561	58	0.997465	789	0	TRUE	PB2:cds-XAJ25426.1	TTG	L	CTG	L	716
PB2|PP755596.1|A/cattle/Texas/24-008749-003/2024(H5N1)	2148	G	T	1	1	23	793	566	58	0.998741	794	0	TRUE	PB2:cds-XAJ25426.1	TTG	L	TTT	F	716
PB2|PP755596.1|A/cattle/Texas/24-008749-003/2024(H5N1)	2151	A	G	3	3	37	797	570	59	0.99625	800	0	TRUE	PB2:cds-XAJ25426.1	GCA	A	GCG	A	717
PB2|PP755596.1|A/cattle/Texas/24-008749-003/2024(H5N1)	2154	G	A	6	5	44	796	571	58	0.992519	802	0	TRUE	PB2:cds-XAJ25426.1	AAG	K	AAA	K	718
PB2|PP755596.1|A/cattle/Texas/24-008749-003/2024(H5N1)	2157	A	G	1	0	64	795	567	59	0.998744	796	0	TRUE	PB2:cds-XAJ25426.1	GGA	G	GGG	G	719
PB2|PP755596.1|A/cattle/Texas/24-008749-003/2024(H5N1)	2173	C	T	2	2	32	843	610	58	0.997633	845	0	TRUE	PB2:cds-XAJ25426.1	CTA	L	TTA	L	725
PB2|PP755596.1|A/cattle/Texas/24-008749-003/2024(H5N1)	2175	A	G	0	0	0	850	617	58	1	850	0	TRUE	PB2:cds-XAJ25426.1	CTA	L	CTG	L	725
PB2|PP755596.1|A/cattle/Texas/24-008749-003/2024(H5N1)	2178	T	A	0	0	0	852	618	59	1	852	0	TRUE	PB2:cds-XAJ25426.1	ATT	I	ATA	I	726
