REGION	POS	REF	ALT	REF_DP	REF_RV	REF_QUAL	ALT_DP	ALT_RV	ALT_QUAL	ALT_FREQ	TOTAL_DP	PVAL	PASS	GFF_FEATURE	REF_CODON	REF_AA	ALT_CODON	ALT_AA	POS_AA
NP|PP755592.1|A/cattle/Texas/24-008749-003/2024(H5N1)	7	T	C	99	13	37	1	0	26	0.01	100	0.631684	FALSE	NP:cds-XAJ25419.1	TCT	S	CCT	P	3
NP|PP755592.1|A/cattle/Texas/24-008749-003/2024(H5N1)	90	A	G	604	158	42	8	1	42	0.0130506	613	6.84785e-05	TRUE	NP:cds-XAJ25419.1	GGA	G	GGG	G	30
NP|PP755592.1|A/cattle/Texas/24-008749-003/2024(H5N1)	102	C	T	622	170	43	12	2	39	0.0189274	634	6.53718e-06	TRUE	NP:cds-XAJ25419.1	GGC	G	GGT	G	34
NP|PP755592.1|A/cattle/Texas/24-008749-003/2024(H5N1)	108	C	T	656	218	43	9	1	41	0.0135338	665	5.59108e-05	TRUE	NP:cds-XAJ25419.1	ATC	I	ATT	I	36
NP|PP755592.1|A/cattle/Texas/24-008749-003/2024(H5N1)	132	C	T	15	3	40	939	355	41	0.984277	954	0	TRUE	NP:cds-XAJ25419.1	TGC	C	TGT	C	44
NP|PP755592.1|A/cattle/Texas/24-008749-003/2024(H5N1)	138	G	A	997	347	43	17	3	41	0.0167653	1014	3.97176e-07	TRUE	NP:cds-XAJ25419.1	GAG	E	GAA	E	46
NP|PP755592.1|A/cattle/Texas/24-008749-003/2024(H5N1)	154	C	T	0	0	0	1051	440	43	1	1051	0	TRUE	NP:cds-XAJ25419.1	CAC	H	TAC	Y	52
NP|PP755592.1|A/cattle/Texas/24-008749-003/2024(H5N1)	165	G	A	1038	454	42	17	5	40	0.0161137	1055	6.38293e-07	TRUE	NP:cds-XAJ25419.1	AGG	R	AGA	R	55
NP|PP755592.1|A/cattle/Texas/24-008749-003/2024(H5N1)	168	G	A	1049	462	42	17	5	42	0.0159475	1066	7.20855e-07	TRUE	NP:cds-XAJ25419.1	CTG	L	CTA	L	56
NP|PP755592.1|A/cattle/Texas/24-008749-003/2024(H5N1)	171	C	A	1095	493	42	15	5	41	0.0135135	1110	3.66035e-06	TRUE	NP:cds-XAJ25419.1	ATC	I	ATA	I	57
NP|PP755592.1|A/cattle/Texas/24-008749-003/2024(H5N1)	194	G	A	21	9	39	1082	492	40	0.980961	1103	0	TRUE	NP:cds-XAJ25419.1	AGG	R	AAG	K	65
NP|PP755592.1|A/cattle/Texas/24-008749-003/2024(H5N1)	207	G	A	1121	547	41	17	9	37	0.0149254	1139	9.34989e-06	TRUE	NP:cds-XAJ25419.1	TCG	S	TCA	S	69
NP|PP755592.1|A/cattle/Texas/24-008749-003/2024(H5N1)	219	A	G	0	0	0	1134	549	40	1	1134	0	TRUE	NP:cds-XAJ25419.1	GAA	E	GAG	E	73
NP|PP755592.1|A/cattle/Texas/24-008749-003/2024(H5N1)	225	G	A	1195	558	40	17	10	41	0.0140033	1214	1.01718e-06	TRUE	NP:cds-XAJ25419.1	AGG	R	AGA	R	75
NP|PP755592.1|A/cattle/Texas/24-008749-003/2024(H5N1)	243	A	G	1212	566	41	17	7	37	0.0138324	1229	9.71583e-06	TRUE	NP:cds-XAJ25419.1	GAA	E	GAG	E	81
NP|PP755592.1|A/cattle/Texas/24-008749-003/2024(H5N1)	258	A	G	24	7	36	1248	492	41	0.980361	1273	0	TRUE	NP:cds-XAJ25419.1	GGA	G	GGG	G	86
NP|PP755592.1|A/cattle/Texas/24-008749-003/2024(H5N1)	261	G	A	1259	495	41	24	7	36	0.0186916	1284	3.11647e-08	TRUE	NP:cds-XAJ25419.1	AAG	K	AAA	K	87
NP|PP755592.1|A/cattle/Texas/24-008749-003/2024(H5N1)	276	T	C	25	6	36	1151	502	39	0.978741	1176	0	TRUE	NP:cds-XAJ25419.1	ACT	T	ACC	T	92
NP|PP755592.1|A/cattle/Texas/24-008749-003/2024(H5N1)	282	T	C	1165	523	39	23	8	36	0.019344	1189	1.49241e-07	TRUE	NP:cds-XAJ25419.1	GGT	G	GGC	G	94
NP|PP755592.1|A/cattle/Texas/24-008749-003/2024(H5N1)	294	G	A	1204	511	39	21	7	36	0.0171429	1225	6.32959e-07	TRUE	NP:cds-XAJ25419.1	AGG	R	AGA	R	98
NP|PP755592.1|A/cattle/Texas/24-008749-003/2024(H5N1)	297	G	A	1138	458	40	22	8	34	0.0189655	1160	2.04388e-07	TRUE	NP:cds-XAJ25419.1	AGG	R	AGA	R	99
NP|PP755592.1|A/cattle/Texas/24-008749-003/2024(H5N1)	298	A	C	22	8	36	1132	462	39	0.980936	1154	0	TRUE	NP:cds-XAJ25419.1	AGA	R	CGA	R	100
NP|PP755592.1|A/cattle/Texas/24-008749-003/2024(H5N1)	306	C	T	1184	515	41	20	8	35	0.0166113	1204	1.00233e-06	TRUE	NP:cds-XAJ25419.1	GGC	G	GGT	G	102
NP|PP755592.1|A/cattle/Texas/24-008749-003/2024(H5N1)	318	A	G	16	8	33	1127	482	41	0.986002	1143	0	TRUE	NP:cds-XAJ25419.1	AGA	R	AGG	R	106
NP|PP755592.1|A/cattle/Texas/24-008749-003/2024(H5N1)	327	C	T	20	9	37	1023	396	39	0.980825	1043	0	TRUE	NP:cds-XAJ25419.1	ATC	I	ATT	I	109
NP|PP755592.1|A/cattle/Texas/24-008749-003/2024(H5N1)	330	C	A	1211	567	42	23	10	35	0.0186386	1234	8.20434e-08	TRUE	NP:cds-XAJ25419.1	CTC	L	CTA	L	110
NP|PP755592.1|A/cattle/Texas/24-008749-003/2024(H5N1)	333	C	T	1198	577	42	25	10	37	0.0204248	1224	1.36693e-08	TRUE	NP:cds-XAJ25419.1	TAC	Y	TAT	Y	111
NP|PP755592.1|A/cattle/Texas/24-008749-003/2024(H5N1)	339	A	G	1191	636	41	22	11	36	0.0181369	1213	7.57646e-08	TRUE	NP:cds-XAJ25419.1	AAA	K	AAG	K	113
NP|PP755592.1|A/cattle/Texas/24-008749-003/2024(H5N1)	351	A	G	1261	620	43	23	12	42	0.0179128	1284	3.75499e-09	TRUE	NP:cds-XAJ25419.1	AGA	R	AGG	R	117
NP|PP755592.1|A/cattle/Texas/24-008749-003/2024(H5N1)	381	G	T	20	10	43	1248	707	43	0.984227	1268	0	TRUE	NP:cds-XAJ25419.1	GAG	E	GAT	D	127
NP|PP755592.1|A/cattle/Texas/24-008749-003/2024(H5N1)	384	T	C	1286	716	44	21	11	43	0.0160673	1307	1.38596e-08	TRUE	NP:cds-XAJ25419.1	GAT	D	GAC	D	128
NP|PP755592.1|A/cattle/Texas/24-008749-003/2024(H5N1)	402	T	C	1241	747	42	18	12	35	0.0142971	1259	3.84241e-06	TRUE	NP:cds-XAJ25419.1	ACT	T	ACC	T	134
NP|PP755592.1|A/cattle/Texas/24-008749-003/2024(H5N1)	405	C	T	0	0	0	1139	679	40	0.999123	1140	0	TRUE	NP:cds-XAJ25419.1	CAC	H	CAT	H	135
NP|PP755592.1|A/cattle/Texas/24-008749-003/2024(H5N1)	465	G	A	17	13	38	1168	696	40	0.985654	1185	0	TRUE	NP:cds-XAJ25419.1	GTG	V	GTA	V	155
NP|PP755592.1|A/cattle/Texas/24-008749-003/2024(H5N1)	474	A	G	17	12	37	1134	628	39	0.98523	1151	0	TRUE	NP:cds-XAJ25419.1	GGA	G	GGG	G	158
NP|PP755592.1|A/cattle/Texas/24-008749-003/2024(H5N1)	480	T	C	1248	650	39	15	9	37	0.0118765	1263	6.94368e-05	TRUE	NP:cds-XAJ25419.1	GAT	D	GAC	D	160
NP|PP755592.1|A/cattle/Texas/24-008749-003/2024(H5N1)	483	T	C	1218	626	39	14	9	37	0.0113636	1232	0.000124673	TRUE	NP:cds-XAJ25419.1	CCT	P	CCC	P	161
NP|PP755592.1|A/cattle/Texas/24-008749-003/2024(H5N1)	494	C	T	1094	532	38	16	8	40	0.0143885	1112	3.34237e-06	TRUE	NP:cds-XAJ25419.1	TCA	S	TTA	L	165
NP|PP755592.1|A/cattle/Texas/24-008749-003/2024(H5N1)	495	A	T	0	0	0	1089	513	38	1	1089	0	TRUE	NP:cds-XAJ25419.1	TCA	S	TCT	S	165
NP|PP755592.1|A/cattle/Texas/24-008749-003/2024(H5N1)	516	C	T	1263	520	39	20	11	35	0.0155642	1285	1.38169e-06	TRUE	NP:cds-XAJ25419.1	CTC	L	CTT	L	172
NP|PP755592.1|A/cattle/Texas/24-008749-003/2024(H5N1)	519	T	G	1229	493	38	18	11	36	0.0144	1250	4.87078e-06	TRUE	NP:cds-XAJ25419.1	CCT	P	CCG	P	173
NP|PP755592.1|A/cattle/Texas/24-008749-003/2024(H5N1)	528	C	T	1150	445	40	21	7	36	0.0179334	1171	5.2814e-07	TRUE	NP:cds-XAJ25419.1	TCC	S	TCT	S	176
NP|PP755592.1|A/cattle/Texas/24-008749-003/2024(H5N1)	531	G	A	1164	449	40	24	8	38	0.020202	1188	5.82812e-08	TRUE	NP:cds-XAJ25419.1	GGG	G	GGA	G	177
NP|PP755592.1|A/cattle/Texas/24-008749-003/2024(H5N1)	543	G	A	25	10	36	1121	444	40	0.978185	1146	0	TRUE	NP:cds-XAJ25419.1	GCG	A	GCA	A	181
NP|PP755592.1|A/cattle/Texas/24-008749-003/2024(H5N1)	555	A	G	1206	456	40	20	8	37	0.0163132	1226	9.07148e-07	TRUE	NP:cds-XAJ25419.1	GGA	G	GGG	G	185
NP|PP755592.1|A/cattle/Texas/24-008749-003/2024(H5N1)	582	T	C	1196	462	42	21	6	40	0.0172555	1217	1.20557e-08	TRUE	NP:cds-XAJ25419.1	ATT	I	ATC	I	194
NP|PP755592.1|A/cattle/Texas/24-008749-003/2024(H5N1)	585	A	G	0	0	0	1203	478	43	1	1203	0	TRUE	NP:cds-XAJ25419.1	CGA	R	CGG	R	195
NP|PP755592.1|A/cattle/Texas/24-008749-003/2024(H5N1)	594	A	G	1164	512	41	20	6	40	0.0168919	1184	2.30558e-08	TRUE	NP:cds-XAJ25419.1	AAA	K	AAG	K	198
NP|PP755592.1|A/cattle/Texas/24-008749-003/2024(H5N1)	600	A	G	0	0	0	1199	485	43	1	1199	0	TRUE	NP:cds-XAJ25419.1	GGA	G	GGG	G	200
NP|PP755592.1|A/cattle/Texas/24-008749-003/2024(H5N1)	627	T	C	0	0	0	1226	528	42	1	1226	0	TRUE	NP:cds-XAJ25419.1	GGT	G	GGC	G	209
NP|PP755592.1|A/cattle/Texas/24-008749-003/2024(H5N1)	633	C	T	1180	555	41	20	7	44	0.0166667	1200	7.08457e-08	TRUE	NP:cds-XAJ25419.1	AAC	N	AAT	N	211
NP|PP755592.1|A/cattle/Texas/24-008749-003/2024(H5N1)	645	C	T	1191	583	41	19	7	44	0.0157025	1210	1.52037e-07	TRUE	NP:cds-XAJ25419.1	ACC	T	ACT	T	215
NP|PP755592.1|A/cattle/Texas/24-008749-003/2024(H5N1)	648	G	A	1219	629	42	20	8	38	0.016129	1240	7.77335e-07	TRUE	NP:cds-XAJ25419.1	AGG	R	AGA	R	216
NP|PP755592.1|A/cattle/Texas/24-008749-003/2024(H5N1)	684	A	G	1140	634	41	20	11	36	0.0172414	1160	8.68173e-07	TRUE	NP:cds-XAJ25419.1	GGA	G	GGG	G	228
NP|PP755592.1|A/cattle/Texas/24-008749-003/2024(H5N1)	687	G	A	1173	646	41	20	12	37	0.0167504	1194	1.01057e-06	TRUE	NP:cds-XAJ25419.1	AAG	K	AAA	K	229
NP|PP755592.1|A/cattle/Texas/24-008749-003/2024(H5N1)	690	C	T	21	13	36	1166	658	41	0.981481	1188	0	TRUE	NP:cds-XAJ25419.1	TTC	F	TTT	F	230
NP|PP755592.1|A/cattle/Texas/24-008749-003/2024(H5N1)	702	A	G	1172	676	41	17	9	39	0.0142977	1189	1.05461e-05	TRUE	NP:cds-XAJ25419.1	GCA	A	GCG	A	234
NP|PP755592.1|A/cattle/Texas/24-008749-003/2024(H5N1)	726	G	A	1213	661	41	19	14	38	0.0154096	1233	2.09042e-06	TRUE	NP:cds-XAJ25419.1	GTG	V	GTA	V	242
NP|PP755592.1|A/cattle/Texas/24-008749-003/2024(H5N1)	729	G	A	1188	634	41	15	12	35	0.0124585	1204	4.27577e-05	TRUE	NP:cds-XAJ25419.1	AGG	R	AGA	R	243
NP|PP755592.1|A/cattle/Texas/24-008749-003/2024(H5N1)	762	A	G	14	10	35	1152	652	41	0.987993	1166	0	TRUE	NP:cds-XAJ25419.1	GAA	E	GAG	E	254
NP|PP755592.1|A/cattle/Texas/24-008749-003/2024(H5N1)	783	A	G	1205	695	41	15	10	38	0.0122951	1220	4.26687e-05	TRUE	NP:cds-XAJ25419.1	CGA	R	CGG	R	261
NP|PP755592.1|A/cattle/Texas/24-008749-003/2024(H5N1)	798	G	A	1204	645	40	16	6	34	0.0131148	1220	2.49503e-05	TRUE	NP:cds-XAJ25419.1	CTG	L	CTA	L	266
NP|PP755592.1|A/cattle/Texas/24-008749-003/2024(H5N1)	825	T	C	1149	570	40	15	8	38	0.0128866	1164	5.27848e-05	TRUE	NP:cds-XAJ25419.1	TGT	C	TGC	C	275
NP|PP755592.1|A/cattle/Texas/24-008749-003/2024(H5N1)	831	T	C	13	7	39	1113	552	40	0.986702	1128	0	TRUE	NP:cds-XAJ25419.1	CCT	P	CCC	P	277
NP|PP755592.1|A/cattle/Texas/24-008749-003/2024(H5N1)	837	C	T	1120	554	40	13	7	39	0.011474	1133	0.000234919	TRUE	NP:cds-XAJ25419.1	TGC	C	TGT	C	279
NP|PP755592.1|A/cattle/Texas/24-008749-003/2024(H5N1)	852	T	C	1260	635	41	16	5	40	0.0125392	1276	2.24889e-06	TRUE	NP:cds-XAJ25419.1	GCT	A	GCC	A	284
NP|PP755592.1|A/cattle/Texas/24-008749-003/2024(H5N1)	867	T	C	1185	589	40	15	8	45	0.0125	1200	6.00893e-06	TRUE	NP:cds-XAJ25419.1	TAT	Y	TAC	Y	289
NP|PP755592.1|A/cattle/Texas/24-008749-003/2024(H5N1)	906	T	C	1198	566	41	16	7	38	0.0131796	1214	2.0216e-05	TRUE	NP:cds-XAJ25419.1	GAT	D	GAC	D	302
NP|PP755592.1|A/cattle/Texas/24-008749-003/2024(H5N1)	912	C	T	1197	573	42	17	8	39	0.0140033	1214	8.22994e-06	TRUE	NP:cds-XAJ25419.1	TTC	F	TTT	F	304
NP|PP755592.1|A/cattle/Texas/24-008749-003/2024(H5N1)	924	G	A	0	0	0	1159	602	41	1	1159	0	TRUE	NP:cds-XAJ25419.1	CAG	Q	CAA	Q	308
NP|PP755592.1|A/cattle/Texas/24-008749-003/2024(H5N1)	936	T	C	1	0	34	1173	601	41	0.998298	1175	0	TRUE	NP:cds-XAJ25419.1	GTT	V	GTC	V	312
NP|PP755592.1|A/cattle/Texas/24-008749-003/2024(H5N1)	954	G	A	1147	568	41	15	9	38	0.0128866	1164	4.48892e-05	TRUE	NP:cds-XAJ25419.1	CCG	P	CCA	P	318
NP|PP755592.1|A/cattle/Texas/24-008749-003/2024(H5N1)	957	T	C	0	0	0	1159	577	41	1	1159	0	TRUE	NP:cds-XAJ25419.1	AAT	N	AAC	N	319
NP|PP755592.1|A/cattle/Texas/24-008749-003/2024(H5N1)	960	A	G	1154	570	41	15	9	37	0.0128315	1169	4.43653e-05	TRUE	NP:cds-XAJ25419.1	GAA	E	GAG	E	320
NP|PP755592.1|A/cattle/Texas/24-008749-003/2024(H5N1)	969	T	G	1063	539	40	15	8	38	0.0138889	1080	4.25537e-05	TRUE	NP:cds-XAJ25419.1	GCT	A	GCG	A	323
NP|PP755592.1|A/cattle/Texas/24-008749-003/2024(H5N1)	972	C	T	0	0	0	1090	568	40	1	1090	0	TRUE	NP:cds-XAJ25419.1	CAC	H	CAT	H	324
NP|PP755592.1|A/cattle/Texas/24-008749-003/2024(H5N1)	1008	A	G	15	6	40	1127	582	41	0.98514	1144	0	TRUE	NP:cds-XAJ25419.1	GCA	A	GCG	A	336
NP|PP755592.1|A/cattle/Texas/24-008749-003/2024(H5N1)	1017	G	A	1153	613	41	14	5	43	0.0119863	1168	1.04676e-05	TRUE	NP:cds-XAJ25419.1	GAG	E	GAA	E	339
NP|PP755592.1|A/cattle/Texas/24-008749-003/2024(H5N1)	1020	T	C	1150	587	41	14	5	43	0.0120275	1164	8.89051e-06	TRUE	NP:cds-XAJ25419.1	GAT	D	GAC	D	340
NP|PP755592.1|A/cattle/Texas/24-008749-003/2024(H5N1)	1047	A	G	18	7	41	1100	573	40	0.983021	1119	0	TRUE	NP:cds-XAJ25419.1	GGA	G	GGG	G	349
NP|PP755592.1|A/cattle/Texas/24-008749-003/2024(H5N1)	1057	G	A	18	8	42	1168	593	40	0.984823	1186	0	TRUE	NP:cds-XAJ25419.1	GTC	V	ATC	I	353
NP|PP755592.1|A/cattle/Texas/24-008749-003/2024(H5N1)	1107	A	G	1188	637	43	14	4	43	0.0116473	1202	8.58822e-06	TRUE	NP:cds-XAJ25419.1	GAA	E	GAG	E	369
NP|PP755592.1|A/cattle/Texas/24-008749-003/2024(H5N1)	1125	T	C	0	0	0	1189	622	42	1	1189	0	TRUE	NP:cds-XAJ25419.1	GAT	D	GAC	D	375
NP|PP755592.1|A/cattle/Texas/24-008749-003/2024(H5N1)	1155	C	T	1175	605	41	12	8	45	0.0101095	1187	5.18879e-05	TRUE	NP:cds-XAJ25419.1	TAC	Y	TAT	Y	385
NP|PP755592.1|A/cattle/Texas/24-008749-003/2024(H5N1)	1182	A	G	1158	610	41	12	8	42	0.0102564	1170	5.43745e-05	TRUE	NP:cds-XAJ25419.1	GGA	G	GGG	G	394
NP|PP755592.1|A/cattle/Texas/24-008749-003/2024(H5N1)	1188	C	T	0	0	0	1132	607	41	1	1132	0	TRUE	NP:cds-XAJ25419.1	ACC	T	ACT	T	396
NP|PP755592.1|A/cattle/Texas/24-008749-003/2024(H5N1)	1221	C	T	1138	600	41	14	10	41	0.0121528	1152	1.0987e-05	TRUE	NP:cds-XAJ25419.1	AGC	S	AGT	S	407
NP|PP755592.1|A/cattle/Texas/24-008749-003/2024(H5N1)	1446	C	T	741	616	44	9	8	41	0.011984	751	0.000494518	TRUE	NP:cds-XAJ25419.1	AAC	N	AAT	N	482
