REGION	POS	REF	ALT	REF_DP	REF_RV	REF_QUAL	ALT_DP	ALT_RV	ALT_QUAL	ALT_FREQ	TOTAL_DP	PVAL	PASS	GFF_FEATURE	REF_CODON	REF_AA	ALT_CODON	ALT_AA	POS_AA
NP|PP755592.1|A/cattle/Texas/24-008749-003/2024(H5N1)	54	A	G	0	0	0	8	2	45	1	8	1.26763e-07	TRUE	NP:cds-XAJ25419.1	GAA	E	GAG	E	18
NP|PP755592.1|A/cattle/Texas/24-008749-003/2024(H5N1)	139	C	T	22	8	44	1	0	34	0.0434783	23	0.403509	FALSE	NP:cds-XAJ25419.1	CTC	L	TTC	F	47
NP|PP755592.1|A/cattle/Texas/24-008749-003/2024(H5N1)	145	C	T	24	12	43	1	0	34	0.04	25	0.446429	FALSE	NP:cds-XAJ25419.1	CTC	L	TTC	F	49
NP|PP755592.1|A/cattle/Texas/24-008749-003/2024(H5N1)	154	C	T	0	0	0	25	13	43	1	25	1.0071e-16	TRUE	NP:cds-XAJ25419.1	CAC	H	TAC	Y	52
NP|PP755592.1|A/cattle/Texas/24-008749-003/2024(H5N1)	169	A	G	23	11	42	1	1	68	0.0416667	24	0.444444	FALSE	NP:cds-XAJ25419.1	ATC	I	GTC	V	57
NP|PP755592.1|A/cattle/Texas/24-008749-003/2024(H5N1)	258	A	G	0	0	0	26	9	49	1	26	1.42383e-19	TRUE	NP:cds-XAJ25419.1	GGA	G	GGG	G	86
NP|PP755592.1|A/cattle/Texas/24-008749-003/2024(H5N1)	282	T	C	0	0	0	29	12	43	1	29	1.26797e-19	TRUE	NP:cds-XAJ25419.1	GGT	G	GGC	G	94
NP|PP755592.1|A/cattle/Texas/24-008749-003/2024(H5N1)	309	A	G	0	0	0	26	9	42	1	26	4.5146e-17	TRUE	NP:cds-XAJ25419.1	AAA	K	AAG	K	103
NP|PP755592.1|A/cattle/Texas/24-008749-003/2024(H5N1)	318	A	G	0	0	0	27	10	40	1	27	1.1363e-17	TRUE	NP:cds-XAJ25419.1	AGA	R	AGG	R	106
NP|PP755592.1|A/cattle/Texas/24-008749-003/2024(H5N1)	333	C	T	0	0	0	28	12	40	1	28	1.58905e-18	TRUE	NP:cds-XAJ25419.1	TAC	Y	TAT	Y	111
NP|PP755592.1|A/cattle/Texas/24-008749-003/2024(H5N1)	339	A	G	23	10	42	4	3	40	0.148148	27	0.0314604	FALSE	NP:cds-XAJ25419.1	AAA	K	AAG	K	113
NP|PP755592.1|A/cattle/Texas/24-008749-003/2024(H5N1)	344	A	G	20	9	40	1	1	34	0.047619	21	0.4375	FALSE	NP:cds-XAJ25419.1	GAG	E	GGG	G	115
NP|PP755592.1|A/cattle/Texas/24-008749-003/2024(H5N1)	378	A	G	0	0	0	20	12	52	1	20	4.94181e-15	TRUE	NP:cds-XAJ25419.1	GGA	G	GGG	G	126
NP|PP755592.1|A/cattle/Texas/24-008749-003/2024(H5N1)	405	C	T	0	0	0	22	15	48	1	22	7.68726e-16	TRUE	NP:cds-XAJ25419.1	CAC	H	CAT	H	135
NP|PP755592.1|A/cattle/Texas/24-008749-003/2024(H5N1)	543	G	A	0	0	0	31	9	41	1	31	1.40024e-20	TRUE	NP:cds-XAJ25419.1	GCG	A	GCA	A	181
NP|PP755592.1|A/cattle/Texas/24-008749-003/2024(H5N1)	651	T	C	0	0	0	39	21	45	1	39	7.01042e-27	TRUE	NP:cds-XAJ25419.1	ATT	I	ATC	I	217
NP|PP755592.1|A/cattle/Texas/24-008749-003/2024(H5N1)	675	C	T	0	0	0	32	18	36	1	32	2.16804e-22	TRUE	NP:cds-XAJ25419.1	ATC	I	ATT	I	225
NP|PP755592.1|A/cattle/Texas/24-008749-003/2024(H5N1)	684	A	G	0	0	0	36	19	42	1	36	4.30604e-24	TRUE	NP:cds-XAJ25419.1	GGA	G	GGG	G	228
NP|PP755592.1|A/cattle/Texas/24-008749-003/2024(H5N1)	696	A	G	41	19	42	1	1	26	0.0238095	42	0.446809	FALSE	NP:cds-XAJ25419.1	ACA	T	ACG	T	232
NP|PP755592.1|A/cattle/Texas/24-008749-003/2024(H5N1)	723	A	G	0	0	0	42	20	41	1	42	3.27059e-28	TRUE	NP:cds-XAJ25419.1	CAA	Q	CAG	Q	241
NP|PP755592.1|A/cattle/Texas/24-008749-003/2024(H5N1)	825	T	C	0	0	0	32	15	41	1	32	1.11763e-21	TRUE	NP:cds-XAJ25419.1	TGT	C	TGC	C	275
NP|PP755592.1|A/cattle/Texas/24-008749-003/2024(H5N1)	842	A	+C	39	23	38	1	0	20	0.0217391	46	0.470588	FALSE	NA	NA	NA	NA	NA	NA
NP|PP755592.1|A/cattle/Texas/24-008749-003/2024(H5N1)	870	C	T	0	0	0	42	22	37	1	42	1.17395e-26	TRUE	NP:cds-XAJ25419.1	GAC	D	GAT	D	290
NP|PP755592.1|A/cattle/Texas/24-008749-003/2024(H5N1)	881	A	G	42	24	34	1	0	34	0.0232558	43	0.488636	FALSE	NP:cds-XAJ25419.1	GAG	E	GGG	G	294
NP|PP755592.1|A/cattle/Texas/24-008749-003/2024(H5N1)	891	T	C	0	0	0	38	21	36	1	38	1.02676e-23	TRUE	NP:cds-XAJ25419.1	TCT	S	TCC	S	297
NP|PP755592.1|A/cattle/Texas/24-008749-003/2024(H5N1)	914	G	A	37	19	42	1	1	68	0.0263158	38	0.447059	FALSE	NP:cds-XAJ25419.1	CGT	R	CAT	H	305
NP|PP755592.1|A/cattle/Texas/24-008749-003/2024(H5N1)	924	G	A	0	0	0	43	24	39	1	43	8.1369e-29	TRUE	NP:cds-XAJ25419.1	CAG	Q	CAA	Q	308
NP|PP755592.1|A/cattle/Texas/24-008749-003/2024(H5N1)	929	G	A	47	25	43	1	0	34	0.0208333	48	0.444444	FALSE	NP:cds-XAJ25419.1	AGT	S	AAT	N	310
NP|PP755592.1|A/cattle/Texas/24-008749-003/2024(H5N1)	936	T	C	0	0	0	48	28	40	1	48	4.36404e-32	TRUE	NP:cds-XAJ25419.1	GTT	V	GTC	V	312
NP|PP755592.1|A/cattle/Texas/24-008749-003/2024(H5N1)	957	T	C	0	0	0	49	25	41	1	49	1.94398e-32	TRUE	NP:cds-XAJ25419.1	AAT	N	AAC	N	319
NP|PP755592.1|A/cattle/Texas/24-008749-003/2024(H5N1)	998	G	A	39	17	40	6	4	45	0.133333	45	0.00569648	TRUE	NP:cds-XAJ25419.1	TGC	C	TAC	Y	333
NP|PP755592.1|A/cattle/Texas/24-008749-003/2024(H5N1)	1008	A	G	0	0	0	39	19	41	1	39	2.17747e-25	TRUE	NP:cds-XAJ25419.1	GCA	A	GCG	A	336
NP|PP755592.1|A/cattle/Texas/24-008749-003/2024(H5N1)	1044	A	G	0	0	0	41	20	40	1	41	7.52535e-27	TRUE	NP:cds-XAJ25419.1	AGA	R	AGG	R	348
NP|PP755592.1|A/cattle/Texas/24-008749-003/2024(H5N1)	1047	A	G	0	0	0	42	20	40	1	42	5.81438e-28	TRUE	NP:cds-XAJ25419.1	GGA	G	GGG	G	349
NP|PP755592.1|A/cattle/Texas/24-008749-003/2024(H5N1)	1125	T	C	0	0	0	48	25	43	1	48	1.39606e-32	TRUE	NP:cds-XAJ25419.1	GAT	D	GAC	D	375
NP|PP755592.1|A/cattle/Texas/24-008749-003/2024(H5N1)	1128	C	T	47	25	43	1	0	29	0.0208333	48	0.436364	FALSE	NP:cds-XAJ25419.1	TCC	S	TCT	S	376
NP|PP755592.1|A/cattle/Texas/24-008749-003/2024(H5N1)	1136	T	C	45	24	42	1	0	34	0.0217391	46	0.438095	FALSE	NP:cds-XAJ25419.1	CTT	L	CCT	P	379
NP|PP755592.1|A/cattle/Texas/24-008749-003/2024(H5N1)	1154	A	C	48	26	43	1	1	34	0.0204082	49	0.411765	FALSE	NP:cds-XAJ25419.1	TAC	Y	TCC	S	385
NP|PP755592.1|A/cattle/Texas/24-008749-003/2024(H5N1)	1156	T	C	47	24	44	1	0	34	0.0208333	48	0.421053	FALSE	NP:cds-XAJ25419.1	TGG	W	CGG	R	386
NP|PP755592.1|A/cattle/Texas/24-008749-003/2024(H5N1)	1171	A	G	50	25	43	1	1	27	0.0196078	51	0.435897	FALSE	NP:cds-XAJ25419.1	AGA	R	GGA	G	391
NP|PP755592.1|A/cattle/Texas/24-008749-003/2024(H5N1)	1191	C	T	0	0	0	59	28	42	1	59	5.50265e-40	TRUE	NP:cds-XAJ25419.1	AAC	N	AAT	N	397
NP|PP755592.1|A/cattle/Texas/24-008749-003/2024(H5N1)	1236	C	T	0	0	0	55	21	39	1	55	4.55195e-37	TRUE	NP:cds-XAJ25419.1	TTC	F	TTT	F	412
NP|PP755592.1|A/cattle/Texas/24-008749-003/2024(H5N1)	1251	C	T	0	0	0	47	19	40	1	47	1.72819e-34	TRUE	NP:cds-XAJ25419.1	AAC	N	AAT	N	417
NP|PP755592.1|A/cattle/Texas/24-008749-003/2024(H5N1)	1263	G	A	0	0	0	51	27	41	1	51	6.90066e-35	TRUE	NP:cds-XAJ25419.1	GAG	E	GAA	E	421
NP|PP755592.1|A/cattle/Texas/24-008749-003/2024(H5N1)	1269	A	C	0	0	0	56	26	41	1	56	2.00716e-37	TRUE	NP:cds-XAJ25419.1	GCA	A	GCC	A	423
NP|PP755592.1|A/cattle/Texas/24-008749-003/2024(H5N1)	1311	T	C	49	22	44	1	1	26	0.02	50	0.42735	FALSE	NP:cds-XAJ25419.1	ACT	T	ACC	T	437
NP|PP755592.1|A/cattle/Texas/24-008749-003/2024(H5N1)	1358	C	T	46	37	44	1	1	26	0.0212766	47	0.435185	FALSE	NP:cds-XAJ25419.1	CCT	P	CTT	L	453
NP|PP755592.1|A/cattle/Texas/24-008749-003/2024(H5N1)	1445	A	G	0	0	0	28	25	42	1	28	2.92946e-19	TRUE	NP:cds-XAJ25419.1	AAC	N	AGC	S	482
