REGION	POS	REF	ALT	REF_DP	REF_RV	REF_QUAL	ALT_DP	ALT_RV	ALT_QUAL	ALT_FREQ	TOTAL_DP	PVAL	PASS	GFF_FEATURE	REF_CODON	REF_AA	ALT_CODON	ALT_AA	POS_AA
MP|PP755590.1|A/cattle/Texas/24-008749-003/2024(H5N1)	51	G	A	9229	2254	33	12885	2284	31	0.582557	22118	0	TRUE	M1:cds-XAJ25416.1	TCG	S	TCA	S	17
MP|PP755590.1|A/cattle/Texas/24-008749-003/2024(H5N1)	75	G	A	15035	4174	33	13864	3867	33	0.479673	28903	0	TRUE	M1:cds-XAJ25416.1	GCG	A	GCA	A	25
MP|PP755590.1|A/cattle/Texas/24-008749-003/2024(H5N1)	93	C	G	20893	6014	33	17418	5446	33	0.454529	38321	0	TRUE	M1:cds-XAJ25416.1	GTC	V	GTG	V	31
MP|PP755590.1|A/cattle/Texas/24-008749-003/2024(H5N1)	99	A	-G	38084	11871	33	577	0	20	0.0100954	57155	5.50237e-12	TRUE	NA	NA	NA	NA	NA	NA
MP|PP755590.1|A/cattle/Texas/24-008749-003/2024(H5N1)	102	G	A	21156	5835	32	19767	6215	33	0.482888	40935	0	TRUE	M1:cds-XAJ25416.1	GGG	G	GGA	G	34
MP|PP755590.1|A/cattle/Texas/24-008749-003/2024(H5N1)	105	G	A	24824	6603	33	21369	5952	32	0.462563	46197	0	TRUE	M1:cds-XAJ25416.1	AAG	K	AAA	K	35
MP|PP755590.1|A/cattle/Texas/24-008749-003/2024(H5N1)	123	T	G	24380	5565	33	25009	7264	33	0.505794	49445	0	TRUE	M1:cds-XAJ25416.1	GCT	A	GCG	A	41
MP|PP755590.1|A/cattle/Texas/24-008749-003/2024(H5N1)	180	G	A	35566	14218	33	33314	13215	33	0.48354	68896	0	TRUE	M1:cds-XAJ25416.1	TTG	L	TTA	L	60
MP|PP755590.1|A/cattle/Texas/24-008749-003/2024(H5N1)	245	G	A	4	4	34	62746	32991	33	0.999809	62758	0	TRUE	M1:cds-XAJ25416.1	AGT	S	AAT	N	82
MP|PP755590.1|A/cattle/Texas/24-008749-003/2024(H5N1)	249	C	T	31150	15838	33	29922	15375	32	0.489802	61090	0	TRUE	M1:cds-XAJ25416.1	GCC	A	GCT	A	83
MP|PP755590.1|A/cattle/Texas/24-008749-003/2024(H5N1)	252	A	T	33110	18489	33	23690	13461	33	0.417063	56802	0	TRUE	M1:cds-XAJ25416.1	CTA	L	CTT	L	84
MP|PP755590.1|A/cattle/Texas/24-008749-003/2024(H5N1)	254	G	A	18	11	32	54927	32083	33	0.999345	54963	0	TRUE	M1:cds-XAJ25416.1	AGT	S	AAT	N	85
MP|PP755590.1|A/cattle/Texas/24-008749-003/2024(H5N1)	258	A	G	33514	18843	33	24117	13817	33	0.418451	57634	0	TRUE	M1:cds-XAJ25416.1	GGA	G	GGG	G	86
MP|PP755590.1|A/cattle/Texas/24-008749-003/2024(H5N1)	260	C	A	2	0	26	56172	32351	33	0.999644	56192	0	TRUE	M1:cds-XAJ25416.1	ACT	T	AAT	N	87
MP|PP755590.1|A/cattle/Texas/24-008749-003/2024(H5N1)	264	A	G	34109	19662	33	24206	13906	33	0.415034	58323	0	TRUE	M1:cds-XAJ25416.1	GGA	G	GGG	G	88
MP|PP755590.1|A/cattle/Texas/24-008749-003/2024(H5N1)	267	C	T	34852	20147	33	24967	14374	33	0.417341	59824	0	TRUE	M1:cds-XAJ25416.1	GAC	D	GAT	D	89
MP|PP755590.1|A/cattle/Texas/24-008749-003/2024(H5N1)	285	A	G	31710	19003	33	33126	19938	33	0.510896	64839	0	TRUE	M1:cds-XAJ25416.1	AGA	R	AGG	R	95
MP|PP755590.1|A/cattle/Texas/24-008749-003/2024(H5N1)	294	G	A	56	37	33	56133	35176	33	0.998719	56205	0	TRUE	M1:cds-XAJ25416.1	AAG	K	AAA	K	98
MP|PP755590.1|A/cattle/Texas/24-008749-003/2024(H5N1)	295	T	C	14	8	32	60410	36659	33	0.999752	60425	0	TRUE	M1:cds-XAJ25416.1	TTG	L	CTG	L	99
MP|PP755590.1|A/cattle/Texas/24-008749-003/2024(H5N1)	306	A	G	35293	22078	33	29861	17545	33	0.458244	65164	0	TRUE	M1:cds-XAJ25416.1	AAA	K	AAG	K	102
MP|PP755590.1|A/cattle/Texas/24-008749-003/2024(H5N1)	307	C	T	30614	18395	33	35197	21313	33	0.534771	65817	0	TRUE	M1:cds-XAJ25416.1	CTG	L	TTG	L	103
MP|PP755590.1|A/cattle/Texas/24-008749-003/2024(H5N1)	309	G	A	36674	22570	33	29925	18122	33	0.449304	66603	0	TRUE	M1:cds-XAJ25416.1	CTG	L	CTA	L	103
MP|PP755590.1|A/cattle/Texas/24-008749-003/2024(H5N1)	315	A	G	31194	21219	33	28941	16898	33	0.481067	60160	0	TRUE	M1:cds-XAJ25416.1	AGA	R	AGG	R	105
MP|PP755590.1|A/cattle/Texas/24-008749-003/2024(H5N1)	318	G	A	30816	16959	33	28994	17476	33	0.484485	59845	0	TRUE	M1:cds-XAJ25416.1	GAG	E	GAA	E	106
MP|PP755590.1|A/cattle/Texas/24-008749-003/2024(H5N1)	334	G	A	67058	36760	33	1188	663	33	0.0174058	68253	1.21398e-274	TRUE	M1:cds-XAJ25416.1	GCT	A	ACT	T	112
MP|PP755590.1|A/cattle/Texas/24-008749-003/2024(H5N1)	336	T	A	35259	19769	33	32808	18016	33	0.481875	68084	0	TRUE	M1:cds-XAJ25416.1	GCT	A	GCA	A	112
MP|PP755590.1|A/cattle/Texas/24-008749-003/2024(H5N1)	342	A	G	34567	16457	33	33208	18034	33	0.489938	67780	0	TRUE	M1:cds-XAJ25416.1	GAA	E	GAG	E	114
MP|PP755590.1|A/cattle/Texas/24-008749-003/2024(H5N1)	345	T	G	33238	16315	33	31896	17274	33	0.487237	65463	0	TRUE	M1:cds-XAJ25416.1	GTT	V	GTG	V	115
MP|PP755590.1|A/cattle/Texas/24-008749-003/2024(H5N1)	363	C	T	32164	16149	33	30188	14587	33	0.484061	62364	0	TRUE	M1:cds-XAJ25416.1	ACC	T	ACT	T	121
MP|PP755590.1|A/cattle/Texas/24-008749-003/2024(H5N1)	378	T	C	30880	15520	33	28371	14035	33	0.478747	59261	0	TRUE	M1:cds-XAJ25416.1	AGT	S	AGC	S	126
MP|PP755590.1|A/cattle/Texas/24-008749-003/2024(H5N1)	381	T	C	31119	15214	33	27919	13888	33	0.472811	59049	0	TRUE	M1:cds-XAJ25416.1	TGT	C	TGC	C	127
MP|PP755590.1|A/cattle/Texas/24-008749-003/2024(H5N1)	387	T	C	29831	13613	33	28879	14146	33	0.491834	58717	0	TRUE	M1:cds-XAJ25416.1	GGT	G	GGC	G	129
MP|PP755590.1|A/cattle/Texas/24-008749-003/2024(H5N1)	390	C	T	61303	29363	33	1660	999	33	0.0263639	62965	0	TRUE	M1:cds-XAJ25416.1	CTC	L	CTT	L	130
MP|PP755590.1|A/cattle/Texas/24-008749-003/2024(H5N1)	411	G	T	34168	17204	33	32035	14127	33	0.483737	66224	0	TRUE	M1:cds-XAJ25416.1	ACG	T	ACT	T	137
MP|PP755590.1|A/cattle/Texas/24-008749-003/2024(H5N1)	418	G	A	34434	16717	33	32219	14512	33	0.483326	66661	0	TRUE	M1:cds-XAJ25416.1	GCA	A	ACA	T	140
MP|PP755590.1|A/cattle/Texas/24-008749-003/2024(H5N1)	420	A	T	34858	17283	33	32270	14818	33	0.480666	67136	0	TRUE	M1:cds-XAJ25416.1	GCA	A	GCT	A	140
MP|PP755590.1|A/cattle/Texas/24-008749-003/2024(H5N1)	432	G	T	33220	16071	33	32615	15502	33	0.49521	65861	0	TRUE	M1:cds-XAJ25416.1	TTG	L	TTT	F	144
MP|PP755590.1|A/cattle/Texas/24-008749-003/2024(H5N1)	438	A	G	36441	15649	33	33397	14920	32	0.478186	69841	0	TRUE	M1:cds-XAJ25416.1	CTA	L	CTG	L	146
MP|PP755590.1|A/cattle/Texas/24-008749-003/2024(H5N1)	450	C	A	34514	15357	33	33393	14061	33	0.491572	67931	0	TRUE	M1:cds-XAJ25416.1	ACC	T	ACA	T	150
MP|PP755590.1|A/cattle/Texas/24-008749-003/2024(H5N1)	456	A	G	30679	14433	32	32989	13963	33	0.518043	63680	0	TRUE	M1:cds-XAJ25416.1	GAA	E	GAG	E	152
MP|PP755590.1|A/cattle/Texas/24-008749-003/2024(H5N1)	471	A	C	33314	15967	33	33012	14769	33	0.497513	66354	0	TRUE	M1:cds-XAJ25416.1	TCA	S	TCC	S	157
MP|PP755590.1|A/cattle/Texas/24-008749-003/2024(H5N1)	489	A	G	30740	14513	33	30098	15077	33	0.494675	60844	0	TRUE	M1:cds-XAJ25416.1	AGA	R	AGG	R	163
MP|PP755590.1|A/cattle/Texas/24-008749-003/2024(H5N1)	492	G	A	33905	17082	33	18095	9364	33	0.347967	52002	0	TRUE	M1:cds-XAJ25416.1	CAG	Q	CAA	Q	164
MP|PP755590.1|A/cattle/Texas/24-008749-003/2024(H5N1)	495	A	G	31696	17173	33	18309	9408	33	0.366019	50022	0	TRUE	M1:cds-XAJ25416.1	ATA	I	ATG	M	165
MP|PP755590.1|A/cattle/Texas/24-008749-003/2024(H5N1)	497	C	T	32283	16434	33	18139	9176	33	0.359708	50427	0	TRUE	M1:cds-XAJ25416.1	GCT	A	GTT	V	166
MP|PP755590.1|A/cattle/Texas/24-008749-003/2024(H5N1)	498	T	G	6	2	31	18512	9519	33	0.363351	50948	0	TRUE	M1:cds-XAJ25416.1	GCT	A	GCG	A	166
MP|PP755590.1|A/cattle/Texas/24-008749-003/2024(H5N1)	498	T	C	6	2	31	32427	16468	33	0.636472	50948	0	TRUE	M1:cds-XAJ25416.1	GCT	A	GCC	A	166
MP|PP755590.1|A/cattle/Texas/24-008749-003/2024(H5N1)	501	C	A	33654	17572	33	17667	9443	33	0.344158	51334	0	TRUE	M1:cds-XAJ25416.1	ACC	T	ACA	T	167
MP|PP755590.1|A/cattle/Texas/24-008749-003/2024(H5N1)	504	C	A	34143	17775	33	17720	9398	33	0.341597	51874	0	TRUE	M1:cds-XAJ25416.1	ACC	T	ACA	T	168
MP|PP755590.1|A/cattle/Texas/24-008749-003/2024(H5N1)	513	A	G	31379	17458	33	23908	13175	33	0.432317	55302	0	TRUE	M1:cds-XAJ25416.1	CCA	P	CCG	P	171
MP|PP755590.1|A/cattle/Texas/24-008749-003/2024(H5N1)	516	G	A	3	2	34	57356	31124	33	0.999773	57369	0	TRUE	M1:cds-XAJ25416.1	CTG	L	CTA	L	172
MP|PP755590.1|A/cattle/Texas/24-008749-003/2024(H5N1)	528	A	G	33575	18333	33	27114	15717	33	0.446733	60694	0	TRUE	M1:cds-XAJ25416.1	GAA	E	GAG	E	176
MP|PP755590.1|A/cattle/Texas/24-008749-003/2024(H5N1)	533	G	A	59628	32816	33	1025	490	33	0.016898	60658	3.06738e-235	TRUE	M1:cds-XAJ25416.1	AGA	R	AAA	K	178
MP|PP755590.1|A/cattle/Texas/24-008749-003/2024(H5N1)	534	A	G	34560	18574	33	26314	15259	33	0.432192	60885	0	TRUE	M1:cds-XAJ25416.1	AGA	R	AGG	R	178
MP|PP755590.1|A/cattle/Texas/24-008749-003/2024(H5N1)	540	T	G	3	2	31	64152	36866	33	0.999673	64173	0	TRUE	M1:cds-XAJ25416.1	GTT	V	GTG	V	180
MP|PP755590.1|A/cattle/Texas/24-008749-003/2024(H5N1)	541	T	C	35717	19575	33	27073	16508	33	0.431133	62795	0	TRUE	M1:cds-XAJ25416.1	TTG	L	CTG	L	181
MP|PP755590.1|A/cattle/Texas/24-008749-003/2024(H5N1)	555	A	G	37707	19524	33	31425	17570	33	0.454545	69135	0	TRUE	M1:cds-XAJ25416.1	ACA	T	ACG	T	185
MP|PP755590.1|A/cattle/Texas/24-008749-003/2024(H5N1)	562	G	A	65288	33747	33	1692	859	33	0.025259	66986	0	TRUE	M1:cds-XAJ25416.1	GCT	A	ACT	T	188
MP|PP755590.1|A/cattle/Texas/24-008749-003/2024(H5N1)	564	T	C	33863	15885	33	29790	16030	33	0.467896	63668	0	TRUE	M1:cds-XAJ25416.1	GCT	A	GCC	A	188
MP|PP755590.1|A/cattle/Texas/24-008749-003/2024(H5N1)	570	G	A	29811	15687	33	32371	16726	32	0.520535	62188	0	TRUE	M1:cds-XAJ25416.1	GAG	E	GAA	E	190
MP|PP755590.1|A/cattle/Texas/24-008749-003/2024(H5N1)	573	G	A	33894	16901	33	29188	15381	33	0.462641	63090	0	TRUE	M1:cds-XAJ25416.1	CAG	Q	CAA	Q	191
MP|PP755590.1|A/cattle/Texas/24-008749-003/2024(H5N1)	579	T	A	36492	19866	33	24288	13374	33	0.399231	60837	0	TRUE	M1:cds-XAJ25416.1	GCT	A	GCA	A	193
MP|PP755590.1|A/cattle/Texas/24-008749-003/2024(H5N1)	582	A	G	36776	20223	33	24645	13483	33	0.401221	61425	0	TRUE	M1:cds-XAJ25416.1	GGA	G	GGG	G	194
MP|PP755590.1|A/cattle/Texas/24-008749-003/2024(H5N1)	585	G	A	34151	19881	33	24307	13288	33	0.415767	58463	0	TRUE	M1:cds-XAJ25416.1	TCG	S	TCA	S	195
MP|PP755590.1|A/cattle/Texas/24-008749-003/2024(H5N1)	599	T	C	12	10	34	58457	31706	33	0.999726	58473	0	TRUE	M1:cds-XAJ25416.1	GTG	V	GCG	A	200
MP|PP755590.1|A/cattle/Texas/24-008749-003/2024(H5N1)	600	G	A	32616	17710	33	25884	13907	33	0.442431	58504	0	TRUE	M1:cds-XAJ25416.1	GTG	V	GTA	V	200
MP|PP755590.1|A/cattle/Texas/24-008749-003/2024(H5N1)	603	A	G	33717	18483	33	26296	14005	33	0.438135	60018	0	TRUE	M1:cds-XAJ25416.1	GAA	E	GAG	E	201
MP|PP755590.1|A/cattle/Texas/24-008749-003/2024(H5N1)	633	G	A	32365	16460	33	34458	15865	33	0.515599	66831	0	TRUE	M1:cds-XAJ25416.1	CAG	Q	CAA	Q	211
MP|PP755590.1|A/cattle/Texas/24-008749-003/2024(H5N1)	645	G	A	34586	16939	33	30235	13087	33	0.466388	64828	0	TRUE	M1:cds-XAJ25416.1	GCG	A	GCA	A	215
MP|PP755590.1|A/cattle/Texas/24-008749-003/2024(H5N1)	660	A	G	34808	15549	33	32153	14594	33	0.480139	66966	0	TRUE	M1:cds-XAJ25416.1	GGA	G	GGG	G	220
MP|PP755590.1|A/cattle/Texas/24-008749-003/2024(H5N1)	679	A	G	12	3	33	67657	26327	33	0.999749	67674	0	TRUE	M1:cds-XAJ25416.1	ACC	T	GCC	A	227
MP|PP755590.1|A/cattle/Texas/24-008749-003/2024(H5N1)	681	C	T	35746	13132	33	31487	13311	33	0.468278	67240	0	TRUE	M1:cds-XAJ25416.1	ACC	T	ACT	T	227
MP|PP755590.1|A/cattle/Texas/24-008749-003/2024(H5N1)	689	G	A	34782	13094	33	30239	9745	33	0.465022	65027	0	TRUE	M1:cds-XAJ25416.1	AGA	R	AAA	K	230
MP|PP755590.1|A/cattle/Texas/24-008749-003/2024(H5N1)	699	C	T	32482	12241	33	27619	9018	33	0.459467	60111	0	TRUE	M1:cds-XAJ25416.1	CTC	L	CTT	L	233
MP|PP755590.1|A/cattle/Texas/24-008749-003/2024(H5N1)	723	A	G	33185	13012	33	31756	12364	33	0.48893	64950	0	TRUE	M2:cds-XAJ25417.1	AAA	K	AGA	R	3
MP|PP755590.1|A/cattle/Texas/24-008749-003/2024(H5N1)	723	A	G	33185	13012	33	31756	12364	33	0.48893	64950	0	TRUE	M1:cds-XAJ25416.1	CAA	Q	CAG	Q	241
MP|PP755590.1|A/cattle/Texas/24-008749-003/2024(H5N1)	742	C	A	32720	11582	33	28188	11858	32	0.462644	60928	0	TRUE	M2:cds-XAJ25417.1	AAC	N	AAA	K	10
MP|PP755590.1|A/cattle/Texas/24-008749-003/2024(H5N1)	742	C	A	32720	11582	33	28188	11858	32	0.462644	60928	0	TRUE	M1:cds-XAJ25416.1	CTG	L	ATG	M	248
MP|PP755590.1|A/cattle/Texas/24-008749-003/2024(H5N1)	823	C	T	35432	22476	33	30019	19345	31	0.458564	65463	0	TRUE	M2:cds-XAJ25417.1	CGC	R	CGT	R	37
MP|PP755590.1|A/cattle/Texas/24-008749-003/2024(H5N1)	839	G	A	35740	25760	33	31554	22566	33	0.468842	67302	0	TRUE	M2:cds-XAJ25417.1	GTT	V	ATT	I	42
MP|PP755590.1|A/cattle/Texas/24-008749-003/2024(H5N1)	869	G	A	22	12	32	65701	52561	33	0.999544	65731	0	TRUE	M2:cds-XAJ25417.1	GGA	G	AGA	R	52
MP|PP755590.1|A/cattle/Texas/24-008749-003/2024(H5N1)	892	A	G	30806	26017	33	29132	24885	33	0.485995	59943	0	TRUE	M2:cds-XAJ25417.1	GTA	V	GTG	V	60
MP|PP755590.1|A/cattle/Texas/24-008749-003/2024(H5N1)	901	C	T	26613	22342	33	25205	21386	33	0.48633	51827	0	TRUE	M2:cds-XAJ25417.1	TCC	S	TCT	S	63
MP|PP755590.1|A/cattle/Texas/24-008749-003/2024(H5N1)	913	G	A	20300	16570	32	20462	17753	33	0.501815	40776	0	TRUE	M2:cds-XAJ25417.1	GAG	E	GAA	E	67
MP|PP755590.1|A/cattle/Texas/24-008749-003/2024(H5N1)	916	C	T	23784	20477	33	19594	16810	33	0.451704	43378	0	TRUE	M2:cds-XAJ25417.1	TAC	Y	TAT	Y	68
MP|PP755590.1|A/cattle/Texas/24-008749-003/2024(H5N1)	950	A	G	9	6	34	21284	17998	33	0.99953	21294	0	TRUE	M2:cds-XAJ25417.1	AAT	N	GAT	D	79
