REGION	POS	REF	ALT	REF_DP	REF_RV	REF_QUAL	ALT_DP	ALT_RV	ALT_QUAL	ALT_FREQ	TOTAL_DP	PVAL	PASS	GFF_FEATURE	REF_CODON	REF_AA	ALT_CODON	ALT_AA	POS_AA
HA|PP755589.1|A/cattle/Texas/24-008749-003/2024(H5N1)	6	G	A	0	0	0	10	0	33	1	10	1.23849e-16	TRUE	HA:cds-XAJ25415.1	GAG	E	GAA	E	2
HA|PP755589.1|A/cattle/Texas/24-008749-003/2024(H5N1)	18	A	T	0	0	0	59	5	38	1	59	5.28761e-62	TRUE	HA:cds-XAJ25415.1	CTA	L	CTT	L	6
HA|PP755589.1|A/cattle/Texas/24-008749-003/2024(H5N1)	31	G	A	0	0	0	65	7	37	1	65	2.34185e-67	TRUE	HA:cds-XAJ25415.1	GTT	V	ATT	I	11
HA|PP755589.1|A/cattle/Texas/24-008749-003/2024(H5N1)	42	T	C	89	9	37	2	0	32	0.021978	91	0.07064	FALSE	HA:cds-XAJ25415.1	GTT	V	GTC	V	14
HA|PP755589.1|A/cattle/Texas/24-008749-003/2024(H5N1)	50	A	G	98	10	38	1	0	37	0.010101	99	0.275	FALSE	HA:cds-XAJ25415.1	GAT	D	GGT	G	17
HA|PP755589.1|A/cattle/Texas/24-008749-003/2024(H5N1)	93	A	G	0	0	0	166	14	38	1	166	3.43831e-138	TRUE	HA:cds-XAJ25415.1	CAA	Q	CAG	Q	31
HA|PP755589.1|A/cattle/Texas/24-008749-003/2024(H5N1)	123	T	C	0	0	0	184	24	37	1	184	1.52511e-140	TRUE	HA:cds-XAJ25415.1	ACT	T	ACC	T	41
HA|PP755589.1|A/cattle/Texas/24-008749-003/2024(H5N1)	152	A	G	189	55	38	72	17	38	0.275862	261	8.38839e-29	TRUE	HA:cds-XAJ25415.1	AAA	K	AGA	R	51
HA|PP755589.1|A/cattle/Texas/24-008749-003/2024(H5N1)	154	A	G	1	0	37	262	81	39	0.996198	263	1.42805e-172	TRUE	HA:cds-XAJ25415.1	ACA	T	GCA	A	52
HA|PP755589.1|A/cattle/Texas/24-008749-003/2024(H5N1)	171	A	C	0	0	0	255	88	39	1	255	5.20882e-162	TRUE	HA:cds-XAJ25415.1	CTA	L	CTC	L	57
HA|PP755589.1|A/cattle/Texas/24-008749-003/2024(H5N1)	174	C	T	0	0	0	240	83	39	1	240	5.32167e-157	TRUE	HA:cds-XAJ25415.1	TGC	C	TGT	C	58
HA|PP755589.1|A/cattle/Texas/24-008749-003/2024(H5N1)	177	C	T	0	0	0	250	89	39	1	250	2.60424e-163	TRUE	HA:cds-XAJ25415.1	GAC	D	GAT	D	59
HA|PP755589.1|A/cattle/Texas/24-008749-003/2024(H5N1)	190	A	G	297	106	39	3	2	61	0.01	300	0.0996163	FALSE	HA:cds-XAJ25415.1	AAG	K	GAG	E	64
HA|PP755589.1|A/cattle/Texas/24-008749-003/2024(H5N1)	195	A	T	1	0	25	299	119	38	0.993355	301	4.40979e-189	TRUE	HA:cds-XAJ25415.1	CCA	P	CCT	P	65
HA|PP755589.1|A/cattle/Texas/24-008749-003/2024(H5N1)	210	C	T	0	0	0	290	127	37	1	290	7.40939e-186	TRUE	HA:cds-XAJ25415.1	GAC	D	GAT	D	70
HA|PP755589.1|A/cattle/Texas/24-008749-003/2024(H5N1)	213	C	T	0	0	0	298	128	38	1	298	1.3815e-189	TRUE	HA:cds-XAJ25415.1	TGC	C	TGT	C	71
HA|PP755589.1|A/cattle/Texas/24-008749-003/2024(H5N1)	231	C	T	0	0	0	320	148	38	1	320	7.54287e-203	TRUE	HA:cds-XAJ25415.1	CTC	L	CTT	L	77
HA|PP755589.1|A/cattle/Texas/24-008749-003/2024(H5N1)	234	C	T	0	0	0	310	144	38	1	310	5.16905e-199	TRUE	HA:cds-XAJ25415.1	CTC	L	CTT	L	78
HA|PP755589.1|A/cattle/Texas/24-008749-003/2024(H5N1)	279	T	C	0	0	0	368	175	38	1	368	1.69952e-231	TRUE	HA:cds-XAJ25415.1	TCT	S	TCC	S	93
HA|PP755589.1|A/cattle/Texas/24-008749-003/2024(H5N1)	296	C	A	0	0	0	304	132	38	0.993464	306	6.29636e-193	TRUE	HA:cds-XAJ25415.1	GCT	A	GAT	D	99
HA|PP755589.1|A/cattle/Texas/24-008749-003/2024(H5N1)	297	T	C	0	0	0	308	134	38	1	308	2.94336e-190	TRUE	HA:cds-XAJ25415.1	GCT	A	GCC	A	99
HA|PP755589.1|A/cattle/Texas/24-008749-003/2024(H5N1)	300	C	T	0	0	0	313	137	37	1	313	6.823e-206	TRUE	HA:cds-XAJ25415.1	AAC	N	AAT	N	100
HA|PP755589.1|A/cattle/Texas/24-008749-003/2024(H5N1)	306	T	C	0	0	0	383	155	37	1	383	4.28434e-241	TRUE	HA:cds-XAJ25415.1	GCT	A	GCC	A	102
HA|PP755589.1|A/cattle/Texas/24-008749-003/2024(H5N1)	342	T	C	0	0	0	403	169	38	1	403	7.29871e-253	TRUE	HA:cds-XAJ25415.1	TAT	Y	TAC	Y	114
HA|PP755589.1|A/cattle/Texas/24-008749-003/2024(H5N1)	358	A	C	0	0	0	399	180	38	1	399	2.38673e-254	TRUE	HA:cds-XAJ25415.1	ATG	M	CTG	L	120
HA|PP755589.1|A/cattle/Texas/24-008749-003/2024(H5N1)	378	T	C	0	0	0	411	168	39	1	411	4.36084e-259	TRUE	HA:cds-XAJ25415.1	CAT	H	CAC	H	126
HA|PP755589.1|A/cattle/Texas/24-008749-003/2024(H5N1)	381	T	C	0	0	0	399	164	38	1	399	1.26768e-254	TRUE	HA:cds-XAJ25415.1	TTT	F	TTC	F	127
HA|PP755589.1|A/cattle/Texas/24-008749-003/2024(H5N1)	392	A	T	0	0	0	412	173	38	1	412	9.69201e-263	TRUE	HA:cds-XAJ25415.1	CAG	Q	CTG	L	131
HA|PP755589.1|A/cattle/Texas/24-008749-003/2024(H5N1)	399	T	C	1	0	25	407	183	39	0.997549	408	1.68061e-267	TRUE	HA:cds-XAJ25415.1	ATT	I	ATC	I	133
HA|PP755589.1|A/cattle/Texas/24-008749-003/2024(H5N1)	468	A	G	0	0	0	360	207	39	0.99723	361	1.90959e-232	TRUE	HA:cds-XAJ25415.1	GCA	A	GCG	A	156
HA|PP755589.1|A/cattle/Texas/24-008749-003/2024(H5N1)	549	T	C	0	0	0	373	178	37	1	373	1.65162e-234	TRUE	HA:cds-XAJ25415.1	ACT	T	ACC	T	183
HA|PP755589.1|A/cattle/Texas/24-008749-003/2024(H5N1)	601	G	A	398	147	38	15	2	33	0.0363196	413	1.6194e-05	TRUE	HA:cds-XAJ25415.1	GAA	E	AAA	K	201
HA|PP755589.1|A/cattle/Texas/24-008749-003/2024(H5N1)	621	C	T	0	0	0	366	133	37	1	366	3.62668e-234	TRUE	HA:cds-XAJ25415.1	TAC	Y	TAT	Y	207
HA|PP755589.1|A/cattle/Texas/24-008749-003/2024(H5N1)	627	C	T	0	0	0	368	133	37	1	368	3.60257e-233	TRUE	HA:cds-XAJ25415.1	AAC	N	AAT	N	209
HA|PP755589.1|A/cattle/Texas/24-008749-003/2024(H5N1)	632	T	C	1	0	37	372	138	38	0.997319	373	2.46658e-231	TRUE	HA:cds-XAJ25415.1	ATC	I	ACC	T	211
HA|PP755589.1|A/cattle/Texas/24-008749-003/2024(H5N1)	677	C	T	0	0	0	350	135	38	1	350	2.09251e-226	TRUE	HA:cds-XAJ25415.1	GCA	A	GTA	V	226
HA|PP755589.1|A/cattle/Texas/24-008749-003/2024(H5N1)	744	C	T	1	1	25	328	190	37	0.993939	330	6.33519e-212	TRUE	HA:cds-XAJ25415.1	ATC	I	ATT	I	248
HA|PP755589.1|A/cattle/Texas/24-008749-003/2024(H5N1)	754	G	T	0	0	0	326	203	37	1	326	2.26707e-211	TRUE	HA:cds-XAJ25415.1	GAT	D	TAT	Y	252
HA|PP755589.1|A/cattle/Texas/24-008749-003/2024(H5N1)	762	A	C	0	0	0	332	193	38	1	332	4.41139e-210	TRUE	HA:cds-XAJ25415.1	GCA	A	GCC	A	254
HA|PP755589.1|A/cattle/Texas/24-008749-003/2024(H5N1)	780	C	T	0	0	0	331	188	37	1	331	3.13868e-212	TRUE	HA:cds-XAJ25415.1	AAC	N	AAT	N	260
HA|PP755589.1|A/cattle/Texas/24-008749-003/2024(H5N1)	819	T	C	0	0	0	428	271	38	1	428	1.67004e-266	TRUE	HA:cds-XAJ25415.1	GTT	V	GTC	V	273
HA|PP755589.1|A/cattle/Texas/24-008749-003/2024(H5N1)	825	A	G	2	0	37	409	261	38	0.995134	411	1.26113e-254	TRUE	HA:cds-XAJ25415.1	AAA	K	AAG	K	275
HA|PP755589.1|A/cattle/Texas/24-008749-003/2024(H5N1)	834	G	A	0	0	0	420	267	38	1	420	1.52257e-260	TRUE	HA:cds-XAJ25415.1	TCG	S	TCA	S	278
HA|PP755589.1|A/cattle/Texas/24-008749-003/2024(H5N1)	867	T	C	0	0	0	388	228	38	1	388	3.9318e-242	TRUE	HA:cds-XAJ25415.1	CAT	H	CAC	H	289
HA|PP755589.1|A/cattle/Texas/24-008749-003/2024(H5N1)	897	T	A	0	0	0	352	190	37	1	352	2.56342e-219	TRUE	HA:cds-XAJ25415.1	GGT	G	GGA	G	299
HA|PP755589.1|A/cattle/Texas/24-008749-003/2024(H5N1)	921	T	C	0	0	0	370	241	38	1	370	3.86822e-232	TRUE	HA:cds-XAJ25415.1	TTT	F	TTC	F	307
HA|PP755589.1|A/cattle/Texas/24-008749-003/2024(H5N1)	933	T	C	0	0	0	333	174	38	1	333	3.57479e-223	TRUE	HA:cds-XAJ25415.1	CAT	H	CAC	H	311
HA|PP755589.1|A/cattle/Texas/24-008749-003/2024(H5N1)	1022	A	G	0	0	0	320	194	38	1	320	1.68024e-204	TRUE	HA:cds-XAJ25415.1	AAG	K	AGG	R	341
HA|PP755589.1|A/cattle/Texas/24-008749-003/2024(H5N1)	1038	T	C	0	0	0	336	213	38	1	336	4.61157e-216	TRUE	HA:cds-XAJ25415.1	GGT	G	GGC	G	346
HA|PP755589.1|A/cattle/Texas/24-008749-003/2024(H5N1)	1143	G	A	0	0	0	366	119	36	1	366	9.72829e-226	TRUE	HA:cds-XAJ25415.1	GCG	A	GCA	A	381
HA|PP755589.1|A/cattle/Texas/24-008749-003/2024(H5N1)	1168	A	G	371	128	37	5	1	37	0.0132979	376	0.0217804	FALSE	HA:cds-XAJ25415.1	ATA	I	GTA	V	390
HA|PP755589.1|A/cattle/Texas/24-008749-003/2024(H5N1)	1314	A	C	0	0	0	402	190	38	1	402	2.62362e-261	TRUE	HA:cds-XAJ25415.1	ACA	T	ACC	T	438
HA|PP755589.1|A/cattle/Texas/24-008749-003/2024(H5N1)	1380	C	A	0	0	0	426	216	38	1	426	8.24015e-276	TRUE	HA:cds-XAJ25415.1	GTC	V	GTA	V	460
HA|PP755589.1|A/cattle/Texas/24-008749-003/2024(H5N1)	1405	T	C	0	0	0	433	226	38	1	433	3.48579e-273	TRUE	HA:cds-XAJ25415.1	TTA	L	CTA	L	469
HA|PP755589.1|A/cattle/Texas/24-008749-003/2024(H5N1)	1440	C	T	0	0	0	425	185	37	1	425	1.11237e-266	TRUE	HA:cds-XAJ25415.1	AAC	N	AAT	N	480
HA|PP755589.1|A/cattle/Texas/24-008749-003/2024(H5N1)	1467	T	C	0	0	0	353	173	37	1	353	3.33039e-220	TRUE	HA:cds-XAJ25415.1	TGT	C	TGC	C	489
HA|PP755589.1|A/cattle/Texas/24-008749-003/2024(H5N1)	1471	A	G	0	0	0	347	175	37	1	347	1.93579e-217	TRUE	HA:cds-XAJ25415.1	AAT	N	GAT	D	491
HA|PP755589.1|A/cattle/Texas/24-008749-003/2024(H5N1)	1576	G	A	0	0	0	391	328	38	0.997449	392	1.1704e-254	TRUE	HA:cds-XAJ25415.1	GTA	V	ATA	I	526
HA|PP755589.1|A/cattle/Texas/24-008749-003/2024(H5N1)	1617	A	G	0	0	0	458	430	39	1	458	3.10237e-293	TRUE	HA:cds-XAJ25415.1	GCA	A	GCG	A	539
HA|PP755589.1|A/cattle/Texas/24-008749-003/2024(H5N1)	1623	C	T	1	1	25	451	423	39	0.997788	452	1.02638e-287	TRUE	HA:cds-XAJ25415.1	TCC	S	TCT	S	541
HA|PP755589.1|A/cattle/Texas/24-008749-003/2024(H5N1)	1686	A	G	1	1	33	213	203	39	0.995327	214	1.03501e-132	TRUE	HA:cds-XAJ25415.1	CAA	Q	CAG	Q	562
