REGION	POS	REF	ALT	REF_DP	REF_RV	REF_QUAL	ALT_DP	ALT_RV	ALT_QUAL	ALT_FREQ	TOTAL_DP	PVAL	PASS	GFF_FEATURE	REF_CODON	REF_AA	ALT_CODON	ALT_AA	POS_AA
NS|PP755593.1|A/cattle/Texas/24-008749-003/2024(H5N1)	20	T	C	1	1	80	135	33	46	0.992647	136	1.81198e-122	TRUE	NEP:cds-XAJ25421.1	TTA	L	TCA	S	7
NS|PP755593.1|A/cattle/Texas/24-008749-003/2024(H5N1)	20	T	C	1	1	80	135	33	46	0.992647	136	1.81198e-122	TRUE	NS1:cds-XAJ25420.1	TTA	L	TCA	S	7
NS|PP755593.1|A/cattle/Texas/24-008749-003/2024(H5N1)	108	C	T	0	0	0	374	117	52	1	374	7.9495e-292	TRUE	NS1:cds-XAJ25420.1	CTC	L	CTT	L	36
NS|PP755593.1|A/cattle/Texas/24-008749-003/2024(H5N1)	117	C	T	0	0	0	395	123	51	1	395	2.49574e-306	TRUE	NS1:cds-XAJ25420.1	GAC	D	GAT	D	39
NS|PP755593.1|A/cattle/Texas/24-008749-003/2024(H5N1)	126	T	C	0	0	0	402	162	51	1	402	2.93234e-300	TRUE	NS1:cds-XAJ25420.1	TCT	S	TCC	S	42
NS|PP755593.1|A/cattle/Texas/24-008749-003/2024(H5N1)	132	A	G	0	0	0	404	158	49	1	404	5.45039e-303	TRUE	NS1:cds-XAJ25420.1	AGA	R	AGG	R	44
NS|PP755593.1|A/cattle/Texas/24-008749-003/2024(H5N1)	165	G	A	0	0	0	438	219	52	1	438	3.1586e-314	TRUE	NS1:cds-XAJ25420.1	GAG	E	GAA	E	55
NS|PP755593.1|A/cattle/Texas/24-008749-003/2024(H5N1)	177	T	C	0	0	0	445	243	53	1	445	4.41036e-311	TRUE	NS1:cds-XAJ25420.1	CGT	R	CGC	R	59
NS|PP755593.1|A/cattle/Texas/24-008749-003/2024(H5N1)	183	G	A	1	1	36	445	245	52	0.997758	446	7.45667e-310	TRUE	NS1:cds-XAJ25420.1	GGG	G	GGA	G	61
NS|PP755593.1|A/cattle/Texas/24-008749-003/2024(H5N1)	204	T	C	0	0	0	428	202	51	1	428	1.07666e-293	TRUE	NS1:cds-XAJ25420.1	ATT	I	ATC	I	68
NS|PP755593.1|A/cattle/Texas/24-008749-003/2024(H5N1)	207	G	A	0	0	0	403	218	44	0.997525	404	1.02976e-286	TRUE	NS1:cds-XAJ25420.1	CTG	L	CTA	L	69
NS|PP755593.1|A/cattle/Texas/24-008749-003/2024(H5N1)	222	T	C	0	0	0	419	229	50	1	419	1.70446e-293	TRUE	NS1:cds-XAJ25420.1	GAT	D	GAC	D	74
NS|PP755593.1|A/cattle/Texas/24-008749-003/2024(H5N1)	240	T	C	0	0	0	431	260	50	1	431	4.94436e-295	TRUE	NS1:cds-XAJ25420.1	ACT	T	ACC	T	80
NS|PP755593.1|A/cattle/Texas/24-008749-003/2024(H5N1)	252	G	A	0	0	0	422	243	47	1	422	9.45621e-297	TRUE	NS1:cds-XAJ25420.1	GTG	V	GTA	V	84
NS|PP755593.1|A/cattle/Texas/24-008749-003/2024(H5N1)	259	C	T	0	0	0	418	221	50	1	418	1.35581e-287	TRUE	NS1:cds-XAJ25420.1	CCA	P	TCA	S	87
NS|PP755593.1|A/cattle/Texas/24-008749-003/2024(H5N1)	289	G	T	353	163	42	5	5	28	0.0139665	358	0.320964	FALSE	NS1:cds-XAJ25420.1	GAG	E	TAG	*	97
NS|PP755593.1|A/cattle/Texas/24-008749-003/2024(H5N1)	315	C	T	0	0	0	413	203	50	1	413	2.44512e-282	TRUE	NS1:cds-XAJ25420.1	CTC	L	CTT	L	105
NS|PP755593.1|A/cattle/Texas/24-008749-003/2024(H5N1)	324	G	A	0	0	0	409	197	51	1	409	6.69942e-280	TRUE	NS1:cds-XAJ25420.1	AAG	K	AAA	K	108
NS|PP755593.1|A/cattle/Texas/24-008749-003/2024(H5N1)	346	A	T	0	0	0	405	204	47	1	405	3.29968e-271	TRUE	NS1:cds-XAJ25420.1	AGT	S	TGT	C	116
NS|PP755593.1|A/cattle/Texas/24-008749-003/2024(H5N1)	386	T	C	0	0	0	372	182	45	0.994652	374	7.08461e-265	TRUE	NS1:cds-XAJ25420.1	ATA	I	ACA	T	129
NS|PP755593.1|A/cattle/Texas/24-008749-003/2024(H5N1)	388	C	T	0	0	0	396	184	50	1	396	1.11846e-273	TRUE	NS1:cds-XAJ25420.1	CTG	L	TTG	L	130
NS|PP755593.1|A/cattle/Texas/24-008749-003/2024(H5N1)	393	G	A	0	0	0	405	190	51	1	405	5.9388e-278	TRUE	NS1:cds-XAJ25420.1	AAG	K	AAA	K	131
NS|PP755593.1|A/cattle/Texas/24-008749-003/2024(H5N1)	415	A	G	0	0	0	400	209	50	1	400	1.57321e-278	TRUE	NS1:cds-XAJ25420.1	AAT	N	GAT	D	139
NS|PP755593.1|A/cattle/Texas/24-008749-003/2024(H5N1)	418	C	A	0	0	0	397	223	50	1	397	2.34789e-271	TRUE	NS1:cds-XAJ25420.1	CGG	R	AGG	R	140
NS|PP755593.1|A/cattle/Texas/24-008749-003/2024(H5N1)	424	G	T	327	147	42	4	4	24	0.0120846	331	0.456051	FALSE	NS1:cds-XAJ25420.1	GAG	E	TAG	*	142
NS|PP755593.1|A/cattle/Texas/24-008749-003/2024(H5N1)	451	A	G	389	191	53	5	4	48	0.0126904	394	0.0128837	FALSE	NS1:cds-XAJ25420.1	ACT	T	GCT	A	151
NS|PP755593.1|A/cattle/Texas/24-008749-003/2024(H5N1)	487	T	C	0	0	0	400	226	52	1	400	1.57321e-278	TRUE	NS1:cds-XAJ25420.1	TTG	L	CTG	L	163
NS|PP755593.1|A/cattle/Texas/24-008749-003/2024(H5N1)	616	A	G	0	0	0	346	160	46	1	346	5.29576e-229	TRUE	NEP:cds-XAJ25421.1	GCA	A	GCG	A	38
NS|PP755593.1|A/cattle/Texas/24-008749-003/2024(H5N1)	616	A	G	0	0	0	346	160	46	1	346	5.29576e-229	TRUE	NS1:cds-XAJ25420.1	AGT	S	GGT	G	206
NS|PP755593.1|A/cattle/Texas/24-008749-003/2024(H5N1)	668	A	C	0	0	0	346	176	52	1	346	1.18325e-245	TRUE	NEP:cds-XAJ25421.1	AGA	R	CGA	R	56
NS|PP755593.1|A/cattle/Texas/24-008749-003/2024(H5N1)	668	A	C	0	0	0	346	176	52	1	346	1.18325e-245	TRUE	NS1:cds-XAJ25420.1	GAG	E	GCG	A	223
NS|PP755593.1|A/cattle/Texas/24-008749-003/2024(H5N1)	672	G	A	0	0	0	342	176	50	1	342	2.16884e-246	TRUE	NEP:cds-XAJ25421.1	GGA	G	GAA	E	57
NS|PP755593.1|A/cattle/Texas/24-008749-003/2024(H5N1)	672	G	A	0	0	0	342	176	50	1	342	2.16884e-246	TRUE	NS1:cds-XAJ25420.1	AGG	R	AGA	R	224
NS|PP755593.1|A/cattle/Texas/24-008749-003/2024(H5N1)	707	C	T	0	0	0	330	184	52	1	330	1.44338e-232	TRUE	NEP:cds-XAJ25421.1	CTG	L	TTG	L	69
NS|PP755593.1|A/cattle/Texas/24-008749-003/2024(H5N1)	709	G	A	0	0	0	332	191	53	1	332	1.69082e-237	TRUE	NEP:cds-XAJ25421.1	CTG	L	CTA	L	69
NS|PP755593.1|A/cattle/Texas/24-008749-003/2024(H5N1)	721	G	A	0	0	0	353	265	58	1	353	6.16962e-261	TRUE	NEP:cds-XAJ25421.1	GTG	V	GTA	V	73
NS|PP755593.1|A/cattle/Texas/24-008749-003/2024(H5N1)	727	C	T	1	1	80	340	258	58	0.997067	341	3.22087e-252	TRUE	NEP:cds-XAJ25421.1	CAC	H	CAT	H	75
NS|PP755593.1|A/cattle/Texas/24-008749-003/2024(H5N1)	733	A	G	0	0	0	324	247	59	1	324	6.48343e-238	TRUE	NEP:cds-XAJ25421.1	CTA	L	CTG	L	77
NS|PP755593.1|A/cattle/Texas/24-008749-003/2024(H5N1)	788	C	T	0	0	0	247	215	49	1	247	2.18205e-168	TRUE	NEP:cds-XAJ25421.1	CTG	L	TTG	L	96
NS|PP755593.1|A/cattle/Texas/24-008749-003/2024(H5N1)	802	G	A	0	0	0	223	200	49	1	223	4.72784e-150	TRUE	NEP:cds-XAJ25421.1	GAG	E	GAA	E	100
NS|PP755593.1|A/cattle/Texas/24-008749-003/2024(H5N1)	818	T	C	167	144	51	3	3	45	0.0176471	170	0.0819972	FALSE	NEP:cds-XAJ25421.1	TTC	F	CTC	L	106
