REGION	POS	REF	ALT	REF_DP	REF_RV	REF_QUAL	ALT_DP	ALT_RV	ALT_QUAL	ALT_FREQ	TOTAL_DP	PVAL	PASS	GFF_FEATURE	REF_CODON	REF_AA	ALT_CODON	ALT_AA	POS_AA
PB1|PP755595.1|A/cattle/Texas/24-008749-003/2024(H5N1)	126	A	T	54	3	39	1	0	34	0.0181818	55	0.410448	FALSE	PB1:cds-XAJ25424.1	ACA	T	ACT	T	42
PB1|PP755595.1|A/cattle/Texas/24-008749-003/2024(H5N1)	126	A	T	54	3	39	1	0	34	0.0181818	55	0.410448	FALSE	PB1-F2:cds-XAJ25425.1	CAG	Q	CTG	L	11
PB1|PP755595.1|A/cattle/Texas/24-008749-003/2024(H5N1)	137	C	T	58	6	39	2	0	34	0.0333333	60	0.195688	FALSE	PB1:cds-XAJ25424.1	ACA	T	ATA	I	46
PB1|PP755595.1|A/cattle/Texas/24-008749-003/2024(H5N1)	137	C	T	58	6	39	2	0	34	0.0333333	60	0.195688	FALSE	PB1-F2:cds-XAJ25425.1	CAC	H	TAC	Y	15
PB1|PP755595.1|A/cattle/Texas/24-008749-003/2024(H5N1)	186	G	A	61	8	36	1	0	28	0.016129	62	0.462687	FALSE	PB1:cds-XAJ25424.1	GGG	G	GGA	G	62
PB1|PP755595.1|A/cattle/Texas/24-008749-003/2024(H5N1)	186	G	A	61	8	36	1	0	28	0.016129	62	0.462687	FALSE	PB1-F2:cds-XAJ25425.1	GGG	G	GAG	E	31
PB1|PP755595.1|A/cattle/Texas/24-008749-003/2024(H5N1)	306	C	T	86	55	41	1	0	34	0.0114943	87	0.448454	FALSE	PB1:cds-XAJ25424.1	ATC	I	ATT	I	102
PB1|PP755595.1|A/cattle/Texas/24-008749-003/2024(H5N1)	306	C	T	86	55	41	1	0	34	0.0114943	87	0.448454	FALSE	PB1-F2:cds-XAJ25425.1	TCT	S	TTT	F	71
PB1|PP755595.1|A/cattle/Texas/24-008749-003/2024(H5N1)	309	T	C	87	57	40	1	0	68	0.0113636	88	0.44898	FALSE	PB1:cds-XAJ25424.1	TTT	F	TTC	F	103
PB1|PP755595.1|A/cattle/Texas/24-008749-003/2024(H5N1)	309	T	C	87	57	40	1	0	68	0.0113636	88	0.44898	FALSE	PB1-F2:cds-XAJ25425.1	TTG	L	TCG	S	72
PB1|PP755595.1|A/cattle/Texas/24-008749-003/2024(H5N1)	359	A	G	90	64	38	1	0	34	0.010989	91	0.466667	FALSE	PB1:cds-XAJ25424.1	GAC	D	GGC	G	120
PB1|PP755595.1|A/cattle/Texas/24-008749-003/2024(H5N1)	359	A	G	90	64	38	1	0	34	0.010989	91	0.466667	FALSE	PB1-F2:cds-XAJ25425.1	ACA	T	GCA	A	89
PB1|PP755595.1|A/cattle/Texas/24-008749-003/2024(H5N1)	420	A	G	68	54	35	1	1	34	0.0144928	69	0.489362	FALSE	PB1:cds-XAJ25424.1	GCA	A	GCG	A	140
PB1|PP755595.1|A/cattle/Texas/24-008749-003/2024(H5N1)	425	C	T	68	51	34	1	1	26	0.0144928	69	0.485915	FALSE	PB1:cds-XAJ25424.1	GCA	A	GTA	V	142
PB1|PP755595.1|A/cattle/Texas/24-008749-003/2024(H5N1)	468	A	G	69	30	36	1	0	26	0.0142857	70	0.47619	FALSE	PB1:cds-XAJ25424.1	ACA	T	ACG	T	156
PB1|PP755595.1|A/cattle/Texas/24-008749-003/2024(H5N1)	480	A	G	63	23	37	1	0	34	0.015625	64	0.470588	FALSE	PB1:cds-XAJ25424.1	TCA	S	TCG	S	160
PB1|PP755595.1|A/cattle/Texas/24-008749-003/2024(H5N1)	535	A	T	71	25	38	1	1	27	0.0138889	72	0.458599	FALSE	PB1:cds-XAJ25424.1	ATA	I	TTA	L	179
PB1|PP755595.1|A/cattle/Texas/24-008749-003/2024(H5N1)	558	A	T	61	23	37	1	1	27	0.016129	62	0.433566	FALSE	PB1:cds-XAJ25424.1	CAA	Q	CAT	H	186
PB1|PP755595.1|A/cattle/Texas/24-008749-003/2024(H5N1)	574	A	G	70	26	41	1	0	68	0.0140845	71	0.438272	FALSE	PB1:cds-XAJ25424.1	AGA	R	GGA	G	192
PB1|PP755595.1|A/cattle/Texas/24-008749-003/2024(H5N1)	576	A	T	65	26	39	1	1	27	0.0151515	66	0.428571	FALSE	PB1:cds-XAJ25424.1	AGA	R	AGT	S	192
PB1|PP755595.1|A/cattle/Texas/24-008749-003/2024(H5N1)	622	A	T	64	29	36	1	1	34	0.0153846	65	0.467626	FALSE	PB1:cds-XAJ25424.1	AAG	K	TAG	*	208
PB1|PP755595.1|A/cattle/Texas/24-008749-003/2024(H5N1)	637	A	G	64	33	37	1	1	34	0.0153846	65	0.467626	FALSE	PB1:cds-XAJ25424.1	AAC	N	GAC	D	213
PB1|PP755595.1|A/cattle/Texas/24-008749-003/2024(H5N1)	638	A	G	62	36	36	1	1	34	0.015873	63	0.45	FALSE	PB1:cds-XAJ25424.1	AAC	N	AGC	S	213
PB1|PP755595.1|A/cattle/Texas/24-008749-003/2024(H5N1)	673	A	G	75	35	38	1	0	34	0.0131579	76	0.469136	FALSE	PB1:cds-XAJ25424.1	AAC	N	GAC	D	225
PB1|PP755595.1|A/cattle/Texas/24-008749-003/2024(H5N1)	682	A	G	70	31	37	1	0	34	0.0140845	71	0.455128	FALSE	PB1:cds-XAJ25424.1	ACA	T	GCA	A	228
PB1|PP755595.1|A/cattle/Texas/24-008749-003/2024(H5N1)	708	A	G	27	11	35	53	22	37	0.6625	80	1.19066e-24	TRUE	PB1:cds-XAJ25424.1	TTA	L	TTG	L	236
PB1|PP755595.1|A/cattle/Texas/24-008749-003/2024(H5N1)	726	A	G	76	26	37	1	1	34	0.012987	77	0.475309	FALSE	PB1:cds-XAJ25424.1	GCA	A	GCG	A	242
PB1|PP755595.1|A/cattle/Texas/24-008749-003/2024(H5N1)	801	A	G	74	31	38	1	1	34	0.0133333	75	0.454545	FALSE	PB1:cds-XAJ25424.1	GAA	E	GAG	E	267
PB1|PP755595.1|A/cattle/Texas/24-008749-003/2024(H5N1)	842	A	G	76	43	36	1	0	26	0.012987	77	0.461078	FALSE	PB1:cds-XAJ25424.1	AAA	K	AGA	R	281
PB1|PP755595.1|A/cattle/Texas/24-008749-003/2024(H5N1)	868	A	G	90	50	38	1	1	34	0.010989	91	0.464286	FALSE	PB1:cds-XAJ25424.1	ATG	M	GTG	V	290
PB1|PP755595.1|A/cattle/Texas/24-008749-003/2024(H5N1)	884	A	G	92	57	36	1	1	34	0.0107527	93	0.447115	FALSE	PB1:cds-XAJ25424.1	GAC	D	GGC	G	295
PB1|PP755595.1|A/cattle/Texas/24-008749-003/2024(H5N1)	900	C	T	92	53	35	1	1	34	0.0107527	93	0.481865	FALSE	PB1:cds-XAJ25424.1	TTC	F	TTT	F	300
PB1|PP755595.1|A/cattle/Texas/24-008749-003/2024(H5N1)	921	T	C	45	27	37	71	35	37	0.612069	116	5.2884e-31	TRUE	PB1:cds-XAJ25424.1	ACT	T	ACC	T	307
PB1|PP755595.1|A/cattle/Texas/24-008749-003/2024(H5N1)	932	A	G	93	45	37	1	1	34	0.0106383	94	0.456311	FALSE	PB1:cds-XAJ25424.1	GAG	E	GGG	G	311
PB1|PP755595.1|A/cattle/Texas/24-008749-003/2024(H5N1)	935	A	C	99	49	38	1	0	24	0.01	100	0.712748	FALSE	PB1:cds-XAJ25424.1	AAC	N	ACC	T	312
PB1|PP755595.1|A/cattle/Texas/24-008749-003/2024(H5N1)	945	T	C	0	0	0	102	50	39	1	102	3.11447e-66	TRUE	PB1:cds-XAJ25424.1	CCT	P	CCC	P	315
PB1|PP755595.1|A/cattle/Texas/24-008749-003/2024(H5N1)	973	A	G	110	57	37	2	1	34	0.0178571	112	0.213161	FALSE	PB1:cds-XAJ25424.1	ATA	I	GTA	V	325
PB1|PP755595.1|A/cattle/Texas/24-008749-003/2024(H5N1)	1197	T	C	118	69	39	2	0	68	0.0166667	120	0.204117	FALSE	PB1:cds-XAJ25424.1	GGT	G	GGC	G	399
PB1|PP755595.1|A/cattle/Texas/24-008749-003/2024(H5N1)	1344	T	C	162	55	38	3	1	68	0.0181818	165	0.0791277	FALSE	PB1:cds-XAJ25424.1	GCT	A	GCC	A	448
PB1|PP755595.1|A/cattle/Texas/24-008749-003/2024(H5N1)	1370	A	G	149	76	38	3	0	34	0.0197368	152	0.0984629	FALSE	PB1:cds-XAJ25424.1	GAG	E	GGG	G	457
PB1|PP755595.1|A/cattle/Texas/24-008749-003/2024(H5N1)	1582	A	G	1510	753	38	17	7	35	0.0111329	1527	1.60657e-05	TRUE	PB1:cds-XAJ25424.1	ACA	T	GCA	A	528
PB1|PP755595.1|A/cattle/Texas/24-008749-003/2024(H5N1)	1617	T	C	1449	747	37	41	16	35	0.0275168	1490	4.79048e-13	TRUE	PB1:cds-XAJ25424.1	CTT	L	CTC	L	539
PB1|PP755595.1|A/cattle/Texas/24-008749-003/2024(H5N1)	1989	T	C	107	45	35	1328	612	38	0.925436	1435	0	TRUE	PB1:cds-XAJ25424.1	ACT	T	ACC	T	663
PB1|PP755595.1|A/cattle/Texas/24-008749-003/2024(H5N1)	2260	A	G	609	550	40	48	44	40	0.0730594	657	7.43325e-18	TRUE	PB1:cds-XAJ25424.1	AGA	R	GGA	G	754
