REGION	POS	REF	ALT	REF_DP	REF_RV	REF_QUAL	ALT_DP	ALT_RV	ALT_QUAL	ALT_FREQ	TOTAL_DP	PVAL	PASS	GFF_FEATURE	REF_CODON	REF_AA	ALT_CODON	ALT_AA	POS_AA
HA|PP755589.1|A/cattle/Texas/24-008749-003/2024(H5N1)	6	G	A	0	0	0	1	0	28	1	1	0.142857	FALSE	HA:cds-XAJ25415.1	GAG	E	GAA	E	2
HA|PP755589.1|A/cattle/Texas/24-008749-003/2024(H5N1)	18	A	T	0	0	0	4	0	34	1	4	0.000999001	TRUE	HA:cds-XAJ25415.1	CTA	L	CTT	L	6
HA|PP755589.1|A/cattle/Texas/24-008749-003/2024(H5N1)	31	G	A	0	0	0	5	1	34	1	5	0.000333	TRUE	HA:cds-XAJ25415.1	GTT	V	ATT	I	11
HA|PP755589.1|A/cattle/Texas/24-008749-003/2024(H5N1)	93	A	G	0	0	0	13	4	34	1	13	2.87874e-09	TRUE	HA:cds-XAJ25415.1	CAA	Q	CAG	Q	31
HA|PP755589.1|A/cattle/Texas/24-008749-003/2024(H5N1)	123	T	C	0	0	0	19	4	33	1	19	7.09808e-13	TRUE	HA:cds-XAJ25415.1	ACT	T	ACC	T	41
HA|PP755589.1|A/cattle/Texas/24-008749-003/2024(H5N1)	154	A	G	0	0	0	25	8	33	1	25	7.91073e-15	TRUE	HA:cds-XAJ25415.1	ACA	T	GCA	A	52
HA|PP755589.1|A/cattle/Texas/24-008749-003/2024(H5N1)	171	A	C	0	0	0	30	10	33	1	30	1.69112e-17	TRUE	HA:cds-XAJ25415.1	CTA	L	CTC	L	57
HA|PP755589.1|A/cattle/Texas/24-008749-003/2024(H5N1)	174	C	T	0	0	0	30	10	33	1	30	1.69112e-17	TRUE	HA:cds-XAJ25415.1	TGC	C	TGT	C	58
HA|PP755589.1|A/cattle/Texas/24-008749-003/2024(H5N1)	177	C	T	0	0	0	29	8	33	1	29	1.69112e-17	TRUE	HA:cds-XAJ25415.1	GAC	D	GAT	D	59
HA|PP755589.1|A/cattle/Texas/24-008749-003/2024(H5N1)	188	T	C	32	12	33	3	2	34	0.0857143	35	0.114513	FALSE	HA:cds-XAJ25415.1	GTG	V	GCG	A	63
HA|PP755589.1|A/cattle/Texas/24-008749-003/2024(H5N1)	195	A	T	0	0	0	36	14	33	1	36	2.25982e-21	TRUE	HA:cds-XAJ25415.1	CCA	P	CCT	P	65
HA|PP755589.1|A/cattle/Texas/24-008749-003/2024(H5N1)	206	A	G	35	16	31	2	1	34	0.0540541	37	0.24	FALSE	HA:cds-XAJ25415.1	AAG	K	AGG	R	69
HA|PP755589.1|A/cattle/Texas/24-008749-003/2024(H5N1)	210	C	T	0	0	0	38	16	33	1	38	1.45083e-22	TRUE	HA:cds-XAJ25415.1	GAC	D	GAT	D	70
HA|PP755589.1|A/cattle/Texas/24-008749-003/2024(H5N1)	213	C	T	0	0	0	37	16	33	1	37	2.90165e-22	TRUE	HA:cds-XAJ25415.1	TGC	C	TGT	C	71
HA|PP755589.1|A/cattle/Texas/24-008749-003/2024(H5N1)	231	C	T	0	0	0	30	11	32	1	30	1.80676e-20	TRUE	HA:cds-XAJ25415.1	CTC	L	CTT	L	77
HA|PP755589.1|A/cattle/Texas/24-008749-003/2024(H5N1)	279	T	C	0	0	0	30	18	33	1	30	8.45562e-18	TRUE	HA:cds-XAJ25415.1	TCT	S	TCC	S	93
HA|PP755589.1|A/cattle/Texas/24-008749-003/2024(H5N1)	297	T	C	0	0	0	25	13	33	1	25	7.91073e-15	TRUE	HA:cds-XAJ25415.1	GCT	A	GCC	A	99
HA|PP755589.1|A/cattle/Texas/24-008749-003/2024(H5N1)	300	C	T	0	0	0	25	13	34	1	25	4.03292e-15	TRUE	HA:cds-XAJ25415.1	AAC	N	AAT	N	100
HA|PP755589.1|A/cattle/Texas/24-008749-003/2024(H5N1)	304	G	A	0	0	0	26	13	33	1	26	2.01646e-15	TRUE	HA:cds-XAJ25415.1	GCT	A	ACT	T	102
HA|PP755589.1|A/cattle/Texas/24-008749-003/2024(H5N1)	342	T	C	0	0	0	23	13	33	1	23	1.21456e-13	TRUE	HA:cds-XAJ25415.1	TAT	Y	TAC	Y	114
HA|PP755589.1|A/cattle/Texas/24-008749-003/2024(H5N1)	358	A	C	0	0	0	18	10	33	1	18	1.60361e-11	TRUE	HA:cds-XAJ25415.1	ATG	M	CTG	L	120
HA|PP755589.1|A/cattle/Texas/24-008749-003/2024(H5N1)	374	A	G	18	10	32	1	1	34	0.0526316	19	0.5	FALSE	HA:cds-XAJ25415.1	AAT	N	AGT	S	125
HA|PP755589.1|A/cattle/Texas/24-008749-003/2024(H5N1)	378	T	C	0	0	0	18	10	33	1	18	5.65847e-11	TRUE	HA:cds-XAJ25415.1	CAT	H	CAC	H	126
HA|PP755589.1|A/cattle/Texas/24-008749-003/2024(H5N1)	392	A	T	0	0	0	20	11	32	1	20	1.45089e-11	TRUE	HA:cds-XAJ25415.1	CAG	Q	CTG	L	131
HA|PP755589.1|A/cattle/Texas/24-008749-003/2024(H5N1)	399	T	C	0	0	0	19	11	33	1	19	1.45089e-11	TRUE	HA:cds-XAJ25415.1	ATT	I	ATC	I	133
HA|PP755589.1|A/cattle/Texas/24-008749-003/2024(H5N1)	468	A	G	0	0	0	11	6	33	1	11	7.39602e-07	TRUE	HA:cds-XAJ25415.1	GCA	A	GCG	A	156
HA|PP755589.1|A/cattle/Texas/24-008749-003/2024(H5N1)	549	T	C	0	0	0	12	5	32	1	12	3.69801e-07	TRUE	HA:cds-XAJ25415.1	ACT	T	ACC	T	183
HA|PP755589.1|A/cattle/Texas/24-008749-003/2024(H5N1)	621	C	T	0	0	0	12	4	33	1	12	3.69801e-07	TRUE	HA:cds-XAJ25415.1	TAC	Y	TAT	Y	207
HA|PP755589.1|A/cattle/Texas/24-008749-003/2024(H5N1)	627	C	T	0	0	0	12	4	32	1	12	3.69801e-07	TRUE	HA:cds-XAJ25415.1	AAC	N	AAT	N	209
HA|PP755589.1|A/cattle/Texas/24-008749-003/2024(H5N1)	632	T	C	0	0	0	11	4	33	1	11	7.39602e-07	TRUE	HA:cds-XAJ25415.1	ATC	I	ACC	T	211
HA|PP755589.1|A/cattle/Texas/24-008749-003/2024(H5N1)	651	G	A	0	0	0	14	4	34	1	14	2.49273e-08	TRUE	HA:cds-XAJ25415.1	GGG	G	GGA	G	217
HA|PP755589.1|A/cattle/Texas/24-008749-003/2024(H5N1)	676	G	A	0	0	0	14	5	32	1	14	1.28935e-08	TRUE	HA:cds-XAJ25415.1	GCA	A	ACA	T	226
HA|PP755589.1|A/cattle/Texas/24-008749-003/2024(H5N1)	677	C	T	0	0	0	16	6	33	1	16	3.32734e-09	TRUE	HA:cds-XAJ25415.1	GCA	A	GTA	V	226
HA|PP755589.1|A/cattle/Texas/24-008749-003/2024(H5N1)	744	C	T	0	0	0	20	10	33	1	20	3.71569e-12	TRUE	HA:cds-XAJ25415.1	ATC	I	ATT	I	248
HA|PP755589.1|A/cattle/Texas/24-008749-003/2024(H5N1)	762	A	C	0	0	0	21	11	33	1	21	3.71569e-12	TRUE	HA:cds-XAJ25415.1	GCA	A	GCC	A	254
HA|PP755589.1|A/cattle/Texas/24-008749-003/2024(H5N1)	780	C	T	0	0	0	19	10	34	1	19	1.45089e-11	TRUE	HA:cds-XAJ25415.1	AAC	N	AAT	N	260
HA|PP755589.1|A/cattle/Texas/24-008749-003/2024(H5N1)	819	T	C	0	0	0	22	12	34	1	22	4.75263e-13	TRUE	HA:cds-XAJ25415.1	GTT	V	GTC	V	273
HA|PP755589.1|A/cattle/Texas/24-008749-003/2024(H5N1)	834	G	A	0	0	0	21	11	33	1	21	3.71569e-12	TRUE	HA:cds-XAJ25415.1	TCG	S	TCA	S	278
HA|PP755589.1|A/cattle/Texas/24-008749-003/2024(H5N1)	837	A	T	20	10	33	1	1	34	0.047619	21	0.512195	FALSE	HA:cds-XAJ25415.1	ACA	T	ACT	T	279
HA|PP755589.1|A/cattle/Texas/24-008749-003/2024(H5N1)	858	A	G	31	10	33	1	1	34	0.03125	32	0.5	FALSE	HA:cds-XAJ25415.1	GAA	E	GAG	E	286
HA|PP755589.1|A/cattle/Texas/24-008749-003/2024(H5N1)	867	T	C	0	0	0	27	7	34	1	27	1.02725e-15	TRUE	HA:cds-XAJ25415.1	CAT	H	CAC	H	289
HA|PP755589.1|A/cattle/Texas/24-008749-003/2024(H5N1)	897	T	A	0	0	0	27	10	33	1	27	2.61483e-16	TRUE	HA:cds-XAJ25415.1	GGT	G	GGA	G	299
HA|PP755589.1|A/cattle/Texas/24-008749-003/2024(H5N1)	921	T	C	0	0	0	27	9	34	1	27	2.61483e-16	TRUE	HA:cds-XAJ25415.1	TTT	F	TTC	F	307
HA|PP755589.1|A/cattle/Texas/24-008749-003/2024(H5N1)	1022	A	G	0	0	0	10	7	34	1	10	8.74075e-07	TRUE	HA:cds-XAJ25415.1	AAG	K	AGG	R	341
HA|PP755589.1|A/cattle/Texas/24-008749-003/2024(H5N1)	1038	T	C	0	0	0	17	11	34	1	17	8.57043e-10	TRUE	HA:cds-XAJ25415.1	GGT	G	GGC	G	346
HA|PP755589.1|A/cattle/Texas/24-008749-003/2024(H5N1)	1143	G	A	0	0	0	27	13	33	1	27	5.13627e-16	TRUE	HA:cds-XAJ25415.1	GCG	A	GCA	A	381
HA|PP755589.1|A/cattle/Texas/24-008749-003/2024(H5N1)	1217	C	G	23	13	33	1	0	34	0.0416667	24	0.489796	FALSE	HA:cds-XAJ25415.1	ACT	T	AGT	S	406
HA|PP755589.1|A/cattle/Texas/24-008749-003/2024(H5N1)	1234	G	C	22	11	33	1	1	26	0.0434783	23	0.511111	FALSE	HA:cds-XAJ25415.1	GGA	G	CGA	R	412
HA|PP755589.1|A/cattle/Texas/24-008749-003/2024(H5N1)	1314	A	C	0	0	0	15	11	33	1	15	1.76765e-09	TRUE	HA:cds-XAJ25415.1	ACA	T	ACC	T	438
HA|PP755589.1|A/cattle/Texas/24-008749-003/2024(H5N1)	1374	A	C	0	0	0	16	10	34	1	16	1.66367e-09	TRUE	HA:cds-XAJ25415.1	TCA	S	TCC	S	458
HA|PP755589.1|A/cattle/Texas/24-008749-003/2024(H5N1)	1405	T	C	0	0	0	15	8	34	1	15	1.28935e-08	TRUE	HA:cds-XAJ25415.1	TTA	L	CTA	L	469
HA|PP755589.1|A/cattle/Texas/24-008749-003/2024(H5N1)	1430	A	G	16	5	33	2	0	27	0.111111	18	0.242857	FALSE	HA:cds-XAJ25415.1	GAG	E	GGG	G	477
HA|PP755589.1|A/cattle/Texas/24-008749-003/2024(H5N1)	1440	C	T	0	0	0	21	7	32	1	21	3.71569e-12	TRUE	HA:cds-XAJ25415.1	AAC	N	AAT	N	480
HA|PP755589.1|A/cattle/Texas/24-008749-003/2024(H5N1)	1467	T	C	0	0	0	16	5	33	1	16	8.57043e-10	TRUE	HA:cds-XAJ25415.1	TGT	C	TGC	C	489
HA|PP755589.1|A/cattle/Texas/24-008749-003/2024(H5N1)	1471	A	G	0	0	0	18	7	33	1	18	2.20382e-10	TRUE	HA:cds-XAJ25415.1	AAT	N	GAT	D	491
HA|PP755589.1|A/cattle/Texas/24-008749-003/2024(H5N1)	1576	G	A	0	0	0	23	19	34	1	23	3.23021e-14	TRUE	HA:cds-XAJ25415.1	GTA	V	ATA	I	526
HA|PP755589.1|A/cattle/Texas/24-008749-003/2024(H5N1)	1595	T	C	17	14	33	2	1	34	0.105263	19	0.219231	FALSE	HA:cds-XAJ25415.1	CTG	L	CCG	P	532
HA|PP755589.1|A/cattle/Texas/24-008749-003/2024(H5N1)	1617	A	G	0	0	0	20	16	33	1	20	1.45089e-11	TRUE	HA:cds-XAJ25415.1	GCA	A	GCG	A	539
HA|PP755589.1|A/cattle/Texas/24-008749-003/2024(H5N1)	1686	A	G	0	0	0	7	7	34	1	7	0.000582751	TRUE	HA:cds-XAJ25415.1	CAA	Q	CAG	Q	562
