REGION	POS	REF	ALT	REF_DP	REF_RV	REF_QUAL	ALT_DP	ALT_RV	ALT_QUAL	ALT_FREQ	TOTAL_DP	PVAL	PASS	GFF_FEATURE	REF_CODON	REF_AA	ALT_CODON	ALT_AA	POS_AA
NS|PP755593.1|A/cattle/Texas/24-008749-003/2024(H5N1)	20	T	C	1	0	34	8683	1218	38	0.999655	8686	0	TRUE	NEP:cds-XAJ25421.1	TTA	L	TCA	S	7
NS|PP755593.1|A/cattle/Texas/24-008749-003/2024(H5N1)	20	T	C	1	0	34	8683	1218	38	0.999655	8686	0	TRUE	NS1:cds-XAJ25420.1	TTA	L	TCA	S	7
NS|PP755593.1|A/cattle/Texas/24-008749-003/2024(H5N1)	108	C	T	7	0	34	17891	3967	42	0.999553	17899	0	TRUE	NS1:cds-XAJ25420.1	CTC	L	CTT	L	36
NS|PP755593.1|A/cattle/Texas/24-008749-003/2024(H5N1)	117	C	T	20	5	35	18102	4188	42	0.998896	18122	0	TRUE	NS1:cds-XAJ25420.1	GAC	D	GAT	D	39
NS|PP755593.1|A/cattle/Texas/24-008749-003/2024(H5N1)	123	G	A	7	1	48	17875	4278	42	0.999553	17883	0	TRUE	NS1:cds-XAJ25420.1	AAG	K	AAA	K	41
NS|PP755593.1|A/cattle/Texas/24-008749-003/2024(H5N1)	126	T	C	1	1	60	17844	5714	42	0.999776	17848	0	TRUE	NS1:cds-XAJ25420.1	TCT	S	TCC	S	42
NS|PP755593.1|A/cattle/Texas/24-008749-003/2024(H5N1)	129	A	G	13	2	42	17901	5732	42	0.999163	17916	0	TRUE	NS1:cds-XAJ25420.1	CTA	L	CTG	L	43
NS|PP755593.1|A/cattle/Texas/24-008749-003/2024(H5N1)	143	G	C	0	0	0	20879	8290	44	0.999904	20881	0	TRUE	NS1:cds-XAJ25420.1	AGC	S	ACC	T	48
NS|PP755593.1|A/cattle/Texas/24-008749-003/2024(H5N1)	158	A	G	8	4	44	20441	9232	41	0.999609	20449	0	TRUE	NS1:cds-XAJ25420.1	GAC	D	GGC	G	53
NS|PP755593.1|A/cattle/Texas/24-008749-003/2024(H5N1)	165	G	A	10	7	40	19754	9342	40	0.999494	19764	0	TRUE	NS1:cds-XAJ25420.1	GAG	E	GAA	E	55
NS|PP755593.1|A/cattle/Texas/24-008749-003/2024(H5N1)	168	G	A	17	11	39	19545	9528	39	0.999131	19562	0	TRUE	NS1:cds-XAJ25420.1	ACG	T	ACA	T	56
NS|PP755593.1|A/cattle/Texas/24-008749-003/2024(H5N1)	174	T	C	9	8	44	19782	9967	39	0.999545	19791	0	TRUE	NS1:cds-XAJ25420.1	ACT	T	ACC	T	58
NS|PP755593.1|A/cattle/Texas/24-008749-003/2024(H5N1)	180	T	A	2	2	30	19754	10169	39	0.998585	19782	0	TRUE	NS1:cds-XAJ25420.1	GCT	A	GCA	A	60
NS|PP755593.1|A/cattle/Texas/24-008749-003/2024(H5N1)	183	G	A	774	430	40	18245	9772	37	0.959203	19021	0	TRUE	NS1:cds-XAJ25420.1	GGG	G	GGA	G	61
NS|PP755593.1|A/cattle/Texas/24-008749-003/2024(H5N1)	199	A	C	1	0	26	21967	11188	40	0.999818	21971	0	TRUE	NS1:cds-XAJ25420.1	AGG	R	CGG	R	67
NS|PP755593.1|A/cattle/Texas/24-008749-003/2024(H5N1)	209	A	G	16	1	22	22007	10978	40	0.999137	22026	0	TRUE	NS1:cds-XAJ25420.1	GAG	E	GGG	G	70
NS|PP755593.1|A/cattle/Texas/24-008749-003/2024(H5N1)	210	G	A	31	22	41	22033	10943	40	0.998504	22066	0	TRUE	NS1:cds-XAJ25420.1	GAG	E	GAA	E	70
NS|PP755593.1|A/cattle/Texas/24-008749-003/2024(H5N1)	219	C	T	25	11	42	22595	12099	41	0.998806	22622	0	TRUE	NS1:cds-XAJ25420.1	TCC	S	TCT	S	73
NS|PP755593.1|A/cattle/Texas/24-008749-003/2024(H5N1)	226	G	A	58	39	41	21802	12857	40	0.997119	21865	0	TRUE	NS1:cds-XAJ25420.1	GCA	A	ACA	T	76
NS|PP755593.1|A/cattle/Texas/24-008749-003/2024(H5N1)	231	C	T	89	49	41	22797	13358	40	0.996068	22887	0	TRUE	NS1:cds-XAJ25420.1	CTC	L	CTT	L	77
NS|PP755593.1|A/cattle/Texas/24-008749-003/2024(H5N1)	247	T	C	9	5	36	21184	12349	39	0.999575	21193	0	TRUE	NS1:cds-XAJ25420.1	TCT	S	CCT	P	83
NS|PP755593.1|A/cattle/Texas/24-008749-003/2024(H5N1)	249	T	C	27	22	36	21151	12296	39	0.998725	21178	0	TRUE	NS1:cds-XAJ25420.1	TCT	S	TCC	S	83
NS|PP755593.1|A/cattle/Texas/24-008749-003/2024(H5N1)	255	T	A	4	3	30	21505	12421	39	0.999024	21526	0	TRUE	NS1:cds-XAJ25420.1	CCT	P	CCA	P	85
NS|PP755593.1|A/cattle/Texas/24-008749-003/2024(H5N1)	259	C	T	31	21	39	21959	12510	40	0.998545	21991	0	TRUE	NS1:cds-XAJ25420.1	CCA	P	TCA	S	87
NS|PP755593.1|A/cattle/Texas/24-008749-003/2024(H5N1)	288	A	G	4	2	42	22337	10841	39	0.999821	22341	0	TRUE	NS1:cds-XAJ25420.1	GAA	E	GAG	E	96
NS|PP755593.1|A/cattle/Texas/24-008749-003/2024(H5N1)	300	A	G	26	12	34	22603	12031	40	0.998851	22629	0	TRUE	NS1:cds-XAJ25420.1	AGA	R	AGG	R	100
NS|PP755593.1|A/cattle/Texas/24-008749-003/2024(H5N1)	324	G	A	23	8	41	17924	7891	37	0.998718	17947	0	TRUE	NS1:cds-XAJ25420.1	AAG	K	AAA	K	108
NS|PP755593.1|A/cattle/Texas/24-008749-003/2024(H5N1)	327	A	G	3	1	54	18658	7952	38	0.999839	18661	0	TRUE	NS1:cds-XAJ25420.1	CAA	Q	CAG	Q	109
NS|PP755593.1|A/cattle/Texas/24-008749-003/2024(H5N1)	331	G	A	21	10	38	18241	7750	38	0.998795	18263	0	TRUE	NS1:cds-XAJ25420.1	GTG	V	ATG	M	111
NS|PP755593.1|A/cattle/Texas/24-008749-003/2024(H5N1)	338	G	-C	18248	7985	38	295	0	20	0.0140717	20964	9.80287e-08	TRUE	NA	NA	NA	NA	NA	NA
NS|PP755593.1|A/cattle/Texas/24-008749-003/2024(H5N1)	339	C	T	53	32	39	17873	7973	37	0.996932	17928	0	TRUE	NS1:cds-XAJ25420.1	GGC	G	GGT	G	113
NS|PP755593.1|A/cattle/Texas/24-008749-003/2024(H5N1)	340	T	C	185	48	30	17938	8015	37	0.989792	18123	0	TRUE	NS1:cds-XAJ25420.1	TCC	S	CCC	P	114
NS|PP755593.1|A/cattle/Texas/24-008749-003/2024(H5N1)	345	C	T	9	4	32	17964	8085	37	0.999499	17973	0	TRUE	NS1:cds-XAJ25420.1	CTC	L	CTT	L	115
NS|PP755593.1|A/cattle/Texas/24-008749-003/2024(H5N1)	346	A	T	2	0	26	17975	8095	37	0.999778	17979	0	TRUE	NS1:cds-XAJ25420.1	AGT	S	TGT	C	116
NS|PP755593.1|A/cattle/Texas/24-008749-003/2024(H5N1)	348	T	C	3	1	31	17831	8003	37	0.999439	17841	0	TRUE	NS1:cds-XAJ25420.1	AGT	S	AGC	S	116
NS|PP755593.1|A/cattle/Texas/24-008749-003/2024(H5N1)	366	G	A	10	8	40	21110	8513	38	0.999432	21122	0	TRUE	NS1:cds-XAJ25420.1	GCG	A	GCA	A	122
NS|PP755593.1|A/cattle/Texas/24-008749-003/2024(H5N1)	369	T	A	3	3	29	20579	8579	39	0.999709	20585	0	TRUE	NS1:cds-XAJ25420.1	ATT	I	ATA	I	123
NS|PP755593.1|A/cattle/Texas/24-008749-003/2024(H5N1)	378	G	A	8	4	38	21469	9394	41	0.999534	21479	0	TRUE	NS1:cds-XAJ25420.1	AAG	K	AAA	K	126
NS|PP755593.1|A/cattle/Texas/24-008749-003/2024(H5N1)	380	A	G	20704	9268	41	758	318	40	0.0353166	21463	2.75268e-271	TRUE	NS1:cds-XAJ25420.1	AAC	N	AGC	S	127
NS|PP755593.1|A/cattle/Texas/24-008749-003/2024(H5N1)	388	C	T	3	1	42	21187	9335	41	0.999764	21192	0	TRUE	NS1:cds-XAJ25420.1	CTG	L	TTG	L	130
NS|PP755593.1|A/cattle/Texas/24-008749-003/2024(H5N1)	393	G	A	42	21	44	21446	9850	42	0.997999	21489	0	TRUE	NS1:cds-XAJ25420.1	AAG	K	AAA	K	131
NS|PP755593.1|A/cattle/Texas/24-008749-003/2024(H5N1)	411	C	T	2	1	36	18816	10329	39	0.999894	18818	0	TRUE	NS1:cds-XAJ25420.1	ATC	I	ATT	I	137
NS|PP755593.1|A/cattle/Texas/24-008749-003/2024(H5N1)	414	C	T	3	0	43	18814	10307	39	0.999841	18817	0	TRUE	NS1:cds-XAJ25420.1	TTC	F	TTT	F	138
NS|PP755593.1|A/cattle/Texas/24-008749-003/2024(H5N1)	415	A	G	6	5	34	18760	10274	39	0.999627	18767	0	TRUE	NS1:cds-XAJ25420.1	AAT	N	GAT	D	139
NS|PP755593.1|A/cattle/Texas/24-008749-003/2024(H5N1)	417	T	C	4	2	42	18654	10250	39	0.999732	18659	0	TRUE	NS1:cds-XAJ25420.1	AAT	N	AAC	N	139
NS|PP755593.1|A/cattle/Texas/24-008749-003/2024(H5N1)	426	G	A	29	14	42	20564	11830	41	0.998592	20593	0	TRUE	NS1:cds-XAJ25420.1	GAG	E	GAA	E	142
NS|PP755593.1|A/cattle/Texas/24-008749-003/2024(H5N1)	429	A	C	2	1	22	20636	11904	40	0.999806	20640	0	TRUE	NS1:cds-XAJ25420.1	ACA	T	ACC	T	143
NS|PP755593.1|A/cattle/Texas/24-008749-003/2024(H5N1)	441	C	T	6	1	45	21901	10373	40	0.99968	21908	0	TRUE	NS1:cds-XAJ25420.1	CTC	L	CTT	L	147
NS|PP755593.1|A/cattle/Texas/24-008749-003/2024(H5N1)	453	T	A	1	0	34	20879	11221	40	0.999234	20895	0	TRUE	NS1:cds-XAJ25420.1	ACT	T	ACA	T	151
NS|PP755593.1|A/cattle/Texas/24-008749-003/2024(H5N1)	459	G	A	51	32	40	20692	11531	39	0.997541	20743	0	TRUE	NS1:cds-XAJ25420.1	GAG	E	GAA	E	153
NS|PP755593.1|A/cattle/Texas/24-008749-003/2024(H5N1)	471	C	G	1	0	26	18788	9999	39	0.999681	18794	0	TRUE	NS1:cds-XAJ25420.1	GTC	V	GTG	V	157
NS|PP755593.1|A/cattle/Texas/24-008749-003/2024(H5N1)	474	C	A	0	0	0	18909	10117	39	0.9981	18945	0	TRUE	NS1:cds-XAJ25420.1	GGC	G	GGA	G	158
NS|PP755593.1|A/cattle/Texas/24-008749-003/2024(H5N1)	480	T	C	1	1	67	19361	10628	39	0.999897	19363	0	TRUE	NS1:cds-XAJ25420.1	ATT	I	ATC	I	160
NS|PP755593.1|A/cattle/Texas/24-008749-003/2024(H5N1)	481	T	A	4	2	28	19292	10574	39	0.998706	19317	0	TRUE	NS1:cds-XAJ25420.1	TCA	S	ACA	T	161
NS|PP755593.1|A/cattle/Texas/24-008749-003/2024(H5N1)	489	G	A	11	6	45	21578	11950	40	0.999444	21590	0	TRUE	NS1:cds-XAJ25420.1	TTG	L	TTA	L	163
NS|PP755593.1|A/cattle/Texas/24-008749-003/2024(H5N1)	526	A	G	19	11	40	22425	11718	40	0.998975	22448	0	TRUE	NEP:cds-XAJ25421.1	AAA	K	AAG	K	8
NS|PP755593.1|A/cattle/Texas/24-008749-003/2024(H5N1)	526	A	G	19	11	40	22425	11718	40	0.998975	22448	0	TRUE	NS1:cds-XAJ25420.1	AAT	N	GAT	D	176
NS|PP755593.1|A/cattle/Texas/24-008749-003/2024(H5N1)	592	T	C	29	15	41	23268	10843	40	0.998498	23303	0	TRUE	NEP:cds-XAJ25421.1	CTT	L	CTC	L	30
NS|PP755593.1|A/cattle/Texas/24-008749-003/2024(H5N1)	592	T	C	29	15	41	23268	10843	40	0.998498	23303	0	TRUE	NS1:cds-XAJ25420.1	TTA	L	CTA	L	198
NS|PP755593.1|A/cattle/Texas/24-008749-003/2024(H5N1)	668	A	C	3	2	31	22144	11618	43	0.999729	22150	0	TRUE	NEP:cds-XAJ25421.1	AGA	R	CGA	R	56
NS|PP755593.1|A/cattle/Texas/24-008749-003/2024(H5N1)	668	A	C	3	2	31	22144	11618	43	0.999729	22150	0	TRUE	NS1:cds-XAJ25420.1	GAG	E	GCG	A	223
NS|PP755593.1|A/cattle/Texas/24-008749-003/2024(H5N1)	672	G	A	19	9	41	19998	11818	41	0.998303	20032	0	TRUE	NEP:cds-XAJ25421.1	GGA	G	GAA	E	57
NS|PP755593.1|A/cattle/Texas/24-008749-003/2024(H5N1)	672	G	A	19	9	41	19998	11818	41	0.998303	20032	0	TRUE	NS1:cds-XAJ25420.1	AGG	R	AGA	R	224
NS|PP755593.1|A/cattle/Texas/24-008749-003/2024(H5N1)	703	G	A	50	31	44	20936	12085	42	0.997427	20990	0	TRUE	NEP:cds-XAJ25421.1	AGG	R	AGA	R	67
NS|PP755593.1|A/cattle/Texas/24-008749-003/2024(H5N1)	724	A	G	16	8	56	19341	13950	47	0.998709	19366	0	TRUE	NEP:cds-XAJ25421.1	CGA	R	CGG	R	74
NS|PP755593.1|A/cattle/Texas/24-008749-003/2024(H5N1)	731	C	T	10	5	48	19223	14741	45	0.999116	19240	0	TRUE	NEP:cds-XAJ25421.1	CTA	L	TTA	L	77
NS|PP755593.1|A/cattle/Texas/24-008749-003/2024(H5N1)	733	A	G	29	23	49	20684	16421	46	0.998503	20715	0	TRUE	NEP:cds-XAJ25421.1	CTA	L	CTG	L	77
NS|PP755593.1|A/cattle/Texas/24-008749-003/2024(H5N1)	739	C	T	3	3	34	19880	15627	46	0.999849	19883	0	TRUE	NEP:cds-XAJ25421.1	ATC	I	ATT	I	79
NS|PP755593.1|A/cattle/Texas/24-008749-003/2024(H5N1)	745	A	G	1	1	34	19068	15095	46	0.999948	19069	0	TRUE	NEP:cds-XAJ25421.1	GAA	E	GAG	E	81
NS|PP755593.1|A/cattle/Texas/24-008749-003/2024(H5N1)	748	T	C	4	4	40	19481	15537	46	0.999743	19486	0	TRUE	NEP:cds-XAJ25421.1	AAT	N	AAC	N	82
NS|PP755593.1|A/cattle/Texas/24-008749-003/2024(H5N1)	754	T	C	2	2	34	19350	15350	47	0.999845	19353	0	TRUE	NEP:cds-XAJ25421.1	TTT	F	TTC	F	84
NS|PP755593.1|A/cattle/Texas/24-008749-003/2024(H5N1)	760	A	G	26	21	46	18625	14780	47	0.998499	18653	0	TRUE	NEP:cds-XAJ25421.1	CAA	Q	CAG	Q	86
NS|PP755593.1|A/cattle/Texas/24-008749-003/2024(H5N1)	766	A	T	2	2	51	18551	14897	45	0.998009	18588	0	TRUE	NEP:cds-XAJ25421.1	ACA	T	ACT	T	88
NS|PP755593.1|A/cattle/Texas/24-008749-003/2024(H5N1)	788	C	T	23	19	41	14952	13038	41	0.998331	14977	0	TRUE	NEP:cds-XAJ25421.1	CTG	L	TTG	L	96
