REGION	POS	REF	ALT	REF_DP	REF_RV	REF_QUAL	ALT_DP	ALT_RV	ALT_QUAL	ALT_FREQ	TOTAL_DP	PVAL	PASS	GFF_FEATURE	REF_CODON	REF_AA	ALT_CODON	ALT_AA	POS_AA
NA|PP755591.1|A/cattle/Texas/24-008749-003/2024(H5N1)	6	T	G	142	8	38	2	0	22	0.0138889	144	0.446387	FALSE	NA:cds-XAJ25418.1	AAT	N	AAG	K	2
NA|PP755591.1|A/cattle/Texas/24-008749-003/2024(H5N1)	24	A	G	0	0	0	268	18	38	1	268	5.92817e-314	TRUE	NA:cds-XAJ25418.1	ACA	T	ACG	T	8
