REGION	POS	REF	ALT	REF_DP	REF_RV	REF_QUAL	ALT_DP	ALT_RV	ALT_QUAL	ALT_FREQ	TOTAL_DP	PVAL	PASS	GFF_FEATURE	REF_CODON	REF_AA	ALT_CODON	ALT_AA	POS_AA
NP|PP755592.1|A/cattle/Texas/24-008749-003/2024(H5N1)	10	C	A	586	193	36	31	0	25	0.0502431	617	2.81734e-11	TRUE	NP:cds-XAJ25419.1	CAA	Q	AAA	K	4
NP|PP755592.1|A/cattle/Texas/24-008749-003/2024(H5N1)	105	A	G	1	1	40	4383	1364	45	0.999772	4384	0	TRUE	NP:cds-XAJ25419.1	GGA	G	GGG	G	35
NP|PP755592.1|A/cattle/Texas/24-008749-003/2024(H5N1)	154	C	T	1	1	40	7354	3517	46	0.999321	7359	0	TRUE	NP:cds-XAJ25419.1	CAC	H	TAC	Y	52
NP|PP755592.1|A/cattle/Texas/24-008749-003/2024(H5N1)	179	G	A	7525	3630	46	222	119	46	0.0286563	7747	3.77956e-77	TRUE	NP:cds-XAJ25419.1	AGC	S	AAC	N	60
NP|PP755592.1|A/cattle/Texas/24-008749-003/2024(H5N1)	206	C	A	7086	3964	43	92	1	27	0.0128152	7179	0.0485959	FALSE	NP:cds-XAJ25419.1	TCG	S	TAG	*	69
NP|PP755592.1|A/cattle/Texas/24-008749-003/2024(H5N1)	207	G	A	7	5	35	7765	3877	46	0.998457	7777	0	TRUE	NP:cds-XAJ25419.1	TCG	S	TCA	S	69
NP|PP755592.1|A/cattle/Texas/24-008749-003/2024(H5N1)	219	A	G	2	1	40	7438	3478	44	0.999597	7441	0	TRUE	NP:cds-XAJ25419.1	GAA	E	GAG	E	73
NP|PP755592.1|A/cattle/Texas/24-008749-003/2024(H5N1)	240	G	A	3	2	34	7914	3698	46	0.999369	7919	0	TRUE	NP:cds-XAJ25419.1	GAG	E	GAA	E	80
NP|PP755592.1|A/cattle/Texas/24-008749-003/2024(H5N1)	249	C	A	7109	4030	42	205	1	27	0.0280169	7317	2.39612e-19	TRUE	NP:cds-XAJ25419.1	CCC	P	CCA	P	83
NP|PP755592.1|A/cattle/Texas/24-008749-003/2024(H5N1)	255	T	C	8	8	29	7628	3458	45	0.995952	7659	0	TRUE	NP:cds-XAJ25419.1	GCT	A	GCC	A	85
NP|PP755592.1|A/cattle/Texas/24-008749-003/2024(H5N1)	258	A	G	14	13	28	7681	3159	44	0.997015	7704	0	TRUE	NP:cds-XAJ25419.1	GGA	G	GGG	G	86
NP|PP755592.1|A/cattle/Texas/24-008749-003/2024(H5N1)	267	C	A	6855	3736	41	71	0	26	0.0102379	6935	0.443514	FALSE	NP:cds-XAJ25419.1	CCC	P	CCA	P	89
NP|PP755592.1|A/cattle/Texas/24-008749-003/2024(H5N1)	287	T	C	5251	2594	44	2841	1223	42	0.350741	8100	0	TRUE	NP:cds-XAJ25419.1	ATC	I	ACC	T	96
NP|PP755592.1|A/cattle/Texas/24-008749-003/2024(H5N1)	291	C	A	7531	3854	41	78	1	27	0.0102483	7611	0.458202	FALSE	NP:cds-XAJ25419.1	TAC	Y	TAA	*	97
NP|PP755592.1|A/cattle/Texas/24-008749-003/2024(H5N1)	297	G	A	3	2	33	6979	2771	43	0.99957	6982	0	TRUE	NP:cds-XAJ25419.1	AGG	R	AGA	R	99
NP|PP755592.1|A/cattle/Texas/24-008749-003/2024(H5N1)	333	C	A	7056	3608	43	80	1	27	0.0112013	7142	0.23846	FALSE	NP:cds-XAJ25419.1	TAC	Y	TAA	*	111
NP|PP755592.1|A/cattle/Texas/24-008749-003/2024(H5N1)	377	G	T	6063	2651	42	384	384	28	0.0595441	6449	5.78149e-77	TRUE	NP:cds-XAJ25419.1	GGA	G	GTA	V	126
NP|PP755592.1|A/cattle/Texas/24-008749-003/2024(H5N1)	405	C	T	2	1	40	7917	4652	48	0.999747	7919	0	TRUE	NP:cds-XAJ25419.1	CAC	H	CAT	H	135
NP|PP755592.1|A/cattle/Texas/24-008749-003/2024(H5N1)	480	T	C	3	2	36	7393	4399	44	0.999459	7397	0	TRUE	NP:cds-XAJ25419.1	GAT	D	GAC	D	160
NP|PP755592.1|A/cattle/Texas/24-008749-003/2024(H5N1)	495	A	T	0	0	0	7223	3727	43	0.999723	7225	0	TRUE	NP:cds-XAJ25419.1	TCA	S	TCT	S	165
NP|PP755592.1|A/cattle/Texas/24-008749-003/2024(H5N1)	518	C	A	6681	3456	40	167	0	26	0.024376	6851	6.1829e-13	TRUE	NP:cds-XAJ25419.1	CCT	P	CAT	H	173
NP|PP755592.1|A/cattle/Texas/24-008749-003/2024(H5N1)	543	G	A	1	0	40	6983	2740	44	0.999857	6984	0	TRUE	NP:cds-XAJ25419.1	GCG	A	GCA	A	181
NP|PP755592.1|A/cattle/Texas/24-008749-003/2024(H5N1)	570	G	A	1	0	40	7417	2947	46	0.999326	7422	0	TRUE	NP:cds-XAJ25419.1	GTG	V	GTA	V	190
NP|PP755592.1|A/cattle/Texas/24-008749-003/2024(H5N1)	576	A	G	1676	646	49	5918	2248	48	0.778787	7599	0	TRUE	NP:cds-XAJ25419.1	GAA	E	GAG	E	192
NP|PP755592.1|A/cattle/Texas/24-008749-003/2024(H5N1)	585	A	G	2	1	60	7447	2954	49	0.999732	7449	0	TRUE	NP:cds-XAJ25419.1	CGA	R	CGG	R	195
NP|PP755592.1|A/cattle/Texas/24-008749-003/2024(H5N1)	594	A	G	1	1	40	7455	3038	48	0.999598	7458	0	TRUE	NP:cds-XAJ25419.1	AAA	K	AAG	K	198
NP|PP755592.1|A/cattle/Texas/24-008749-003/2024(H5N1)	600	A	G	2	1	60	7372	3021	48	0.999729	7374	0	TRUE	NP:cds-XAJ25419.1	GGA	G	GGG	G	200
NP|PP755592.1|A/cattle/Texas/24-008749-003/2024(H5N1)	627	T	C	7	5	45	7375	3249	47	0.998646	7385	0	TRUE	NP:cds-XAJ25419.1	GGT	G	GGC	G	209
NP|PP755592.1|A/cattle/Texas/24-008749-003/2024(H5N1)	633	C	T	0	0	0	7106	3355	47	0.999859	7107	0	TRUE	NP:cds-XAJ25419.1	AAC	N	AAT	N	211
NP|PP755592.1|A/cattle/Texas/24-008749-003/2024(H5N1)	675	C	T	4	3	60	6909	3852	45	0.999132	6915	0	TRUE	NP:cds-XAJ25419.1	ATC	I	ATT	I	225
NP|PP755592.1|A/cattle/Texas/24-008749-003/2024(H5N1)	756	A	G	3	0	66	7066	4053	45	0.999576	7069	0	TRUE	NP:cds-XAJ25419.1	GAA	E	GAG	E	252
NP|PP755592.1|A/cattle/Texas/24-008749-003/2024(H5N1)	796	C	T	1	0	40	7349	3906	45	0.99932	7354	0	TRUE	NP:cds-XAJ25419.1	CTG	L	TTG	L	266
NP|PP755592.1|A/cattle/Texas/24-008749-003/2024(H5N1)	882	G	A	4	3	46	7443	3182	44	0.99906	7450	0	TRUE	NP:cds-XAJ25419.1	GAG	E	GAA	E	294
NP|PP755592.1|A/cattle/Texas/24-008749-003/2024(H5N1)	924	G	A	3	1	40	8409	3735	48	0.999287	8415	0	TRUE	NP:cds-XAJ25419.1	CAG	Q	CAA	Q	308
NP|PP755592.1|A/cattle/Texas/24-008749-003/2024(H5N1)	936	T	C	0	0	0	8324	3806	49	1	8324	0	TRUE	NP:cds-XAJ25419.1	GTT	V	GTC	V	312
NP|PP755592.1|A/cattle/Texas/24-008749-003/2024(H5N1)	957	T	C	4	2	35	8286	3748	49	0.999397	8291	0	TRUE	NP:cds-XAJ25419.1	AAT	N	AAC	N	319
NP|PP755592.1|A/cattle/Texas/24-008749-003/2024(H5N1)	972	C	T	0	0	0	7935	3764	47	0.999748	7937	0	TRUE	NP:cds-XAJ25419.1	CAC	H	CAT	H	324
NP|PP755592.1|A/cattle/Texas/24-008749-003/2024(H5N1)	1008	A	G	5	2	48	7618	4051	45	0.998035	7633	0	TRUE	NP:cds-XAJ25419.1	GCA	A	GCG	A	336
NP|PP755592.1|A/cattle/Texas/24-008749-003/2024(H5N1)	1023	G	A	1	1	40	7780	4088	45	0.999743	7782	0	TRUE	NP:cds-XAJ25419.1	CTG	L	CTA	L	341
NP|PP755592.1|A/cattle/Texas/24-008749-003/2024(H5N1)	1047	A	G	2	2	40	7523	4213	44	0.999203	7529	0	TRUE	NP:cds-XAJ25419.1	GGA	G	GGG	G	349
NP|PP755592.1|A/cattle/Texas/24-008749-003/2024(H5N1)	1116	G	A	1	1	40	8282	4609	48	0.999397	8287	0	TRUE	NP:cds-XAJ25419.1	GAG	E	GAA	E	372
NP|PP755592.1|A/cattle/Texas/24-008749-003/2024(H5N1)	1125	T	C	0	0	0	8257	4500	48	0.999879	8258	0	TRUE	NP:cds-XAJ25419.1	GAT	D	GAC	D	375
NP|PP755592.1|A/cattle/Texas/24-008749-003/2024(H5N1)	1182	A	G	1	0	40	8320	4194	45	0.99976	8322	0	TRUE	NP:cds-XAJ25419.1	GGA	G	GGG	G	394
NP|PP755592.1|A/cattle/Texas/24-008749-003/2024(H5N1)	1188	C	T	0	0	0	8504	4225	46	0.999882	8505	0	TRUE	NP:cds-XAJ25419.1	ACC	T	ACT	T	396
NP|PP755592.1|A/cattle/Texas/24-008749-003/2024(H5N1)	1194	A	G	8	3	45	8590	4051	46	0.998837	8600	0	TRUE	NP:cds-XAJ25419.1	CAA	Q	CAG	Q	398
NP|PP755592.1|A/cattle/Texas/24-008749-003/2024(H5N1)	1212	A	G	1	1	40	7989	3873	46	0.999875	7990	0	TRUE	NP:cds-XAJ25419.1	GGA	G	GGG	G	404
NP|PP755592.1|A/cattle/Texas/24-008749-003/2024(H5N1)	1263	G	A	0	0	0	8258	3607	47	0.999637	8261	0	TRUE	NP:cds-XAJ25419.1	GAG	E	GAA	E	421
NP|PP755592.1|A/cattle/Texas/24-008749-003/2024(H5N1)	1327	G	T	6709	2929	43	89	89	27	0.0130921	6798	0.0342821	FALSE	NP:cds-XAJ25419.1	GAG	E	TAG	*	443
NP|PP755592.1|A/cattle/Texas/24-008749-003/2024(H5N1)	1347	A	G	1	0	40	7563	4961	52	0.999868	7564	0	TRUE	NP:cds-XAJ25419.1	GAA	E	GAG	E	449
NP|PP755592.1|A/cattle/Texas/24-008749-003/2024(H5N1)	1445	A	G	3	3	40	5386	4647	48	0.999443	5389	0	TRUE	NP:cds-XAJ25419.1	AAC	N	AGC	S	482
NP|PP755592.1|A/cattle/Texas/24-008749-003/2024(H5N1)	1469	G	T	2136	1577	37	182	182	26	0.078516	2318	1.41778e-53	TRUE	NP:cds-XAJ25419.1	GGA	G	GTA	V	490
NP|PP755592.1|A/cattle/Texas/24-008749-003/2024(H5N1)	1480	G	T	3979	3591	40	42	42	26	0.01044	4023	0.436485	FALSE	NP:cds-XAJ25419.1	GAG	E	TAG	*	494
