REGION	POS	REF	ALT	REF_DP	REF_RV	REF_QUAL	ALT_DP	ALT_RV	ALT_QUAL	ALT_FREQ	TOTAL_DP	PVAL	PASS	GFF_FEATURE	REF_CODON	REF_AA	ALT_CODON	ALT_AA	POS_AA
MP|PP755590.1|A/cattle/Texas/24-008749-003/2024(H5N1)	12	A	G	5006	536	36	78	5	35	0.0153423	5084	1.01182e-37	TRUE	M2:cds-XAJ25417.1	CTA	L	CTG	L	4
MP|PP755590.1|A/cattle/Texas/24-008749-003/2024(H5N1)	12	A	G	5006	536	36	78	5	35	0.0153423	5084	1.01182e-37	TRUE	M1:cds-XAJ25416.1	CTA	L	CTG	L	4
MP|PP755590.1|A/cattle/Texas/24-008749-003/2024(H5N1)	245	G	A	6	4	44	39436	17737	39	0.999442	39458	0	TRUE	M1:cds-XAJ25416.1	AGT	S	AAT	N	82
MP|PP755590.1|A/cattle/Texas/24-008749-003/2024(H5N1)	426	G	T	40050	21800	39	541	247	37	0.0133195	40617	6.13188e-130	TRUE	M1:cds-XAJ25416.1	GTG	V	GTT	V	142
MP|PP755590.1|A/cattle/Texas/24-008749-003/2024(H5N1)	544	G	A	39938	23418	40	668	397	39	0.0164475	40614	1.90957e-172	TRUE	M1:cds-XAJ25416.1	GCC	A	ACC	T	182
MP|PP755590.1|A/cattle/Texas/24-008749-003/2024(H5N1)	690	A	G	20734	10050	35	12636	4627	37	0.378369	33396	0	TRUE	M1:cds-XAJ25416.1	AGA	R	AGG	R	230
