REGION	POS	REF	ALT	REF_DP	REF_RV	REF_QUAL	ALT_DP	ALT_RV	ALT_QUAL	ALT_FREQ	TOTAL_DP	PVAL	PASS	GFF_FEATURE	REF_CODON	REF_AA	ALT_CODON	ALT_AA	POS_AA
MP|PP755590.1|A/cattle/Texas/24-008749-003/2024(H5N1)	47	C	A	3339	413	35	50	0	25	0.0147493	3390	0.0157631	FALSE	M1:cds-XAJ25416.1	CCG	P	CAG	Q	16
MP|PP755590.1|A/cattle/Texas/24-008749-003/2024(H5N1)	99	A	G	2	0	60	7976	1365	44	0.999499	7980	0	TRUE	M1:cds-XAJ25416.1	GCA	A	GCG	A	33
MP|PP755590.1|A/cattle/Texas/24-008749-003/2024(H5N1)	102	G	A	8	2	30	7942	1374	44	0.998994	7950	0	TRUE	M1:cds-XAJ25416.1	GGG	G	GGA	G	34
MP|PP755590.1|A/cattle/Texas/24-008749-003/2024(H5N1)	163	C	A	10740	4535	39	305	0	26	0.0276118	11046	3.95816e-27	TRUE	M1:cds-XAJ25416.1	CTG	L	ATG	M	55
MP|PP755590.1|A/cattle/Texas/24-008749-003/2024(H5N1)	223	C	A	14794	5919	44	224	103	41	0.0149115	15022	7.66649e-73	TRUE	M1:cds-XAJ25416.1	CAG	Q	AAG	K	75
MP|PP755590.1|A/cattle/Texas/24-008749-003/2024(H5N1)	245	G	A	0	0	0	14306	6153	43	0.99986	14308	0	TRUE	M1:cds-XAJ25416.1	AGT	S	AAT	N	82
MP|PP755590.1|A/cattle/Texas/24-008749-003/2024(H5N1)	249	C	T	8	3	35	14700	6650	44	0.999184	14712	0	TRUE	M1:cds-XAJ25416.1	GCC	A	GCT	A	83
MP|PP755590.1|A/cattle/Texas/24-008749-003/2024(H5N1)	254	G	A	1	0	80	14601	6961	44	0.999658	14606	0	TRUE	M1:cds-XAJ25416.1	AGT	S	AAT	N	85
MP|PP755590.1|A/cattle/Texas/24-008749-003/2024(H5N1)	260	C	A	0	0	0	15028	7420	45	0.9998	15031	0	TRUE	M1:cds-XAJ25416.1	ACT	T	AAT	N	87
MP|PP755590.1|A/cattle/Texas/24-008749-003/2024(H5N1)	285	A	G	6	3	53	14745	7420	43	0.999255	14756	0	TRUE	M1:cds-XAJ25416.1	AGA	R	AGG	R	95
MP|PP755590.1|A/cattle/Texas/24-008749-003/2024(H5N1)	294	G	A	14	6	40	14041	7103	43	0.998791	14058	0	TRUE	M1:cds-XAJ25416.1	AAG	K	AAA	K	98
MP|PP755590.1|A/cattle/Texas/24-008749-003/2024(H5N1)	295	T	C	4	2	40	13931	7173	42	0.999498	13938	0	TRUE	M1:cds-XAJ25416.1	TTG	L	CTG	L	99
MP|PP755590.1|A/cattle/Texas/24-008749-003/2024(H5N1)	307	C	T	2	1	40	15335	8385	43	0.999153	15348	0	TRUE	M1:cds-XAJ25416.1	CTG	L	TTG	L	103
MP|PP755590.1|A/cattle/Texas/24-008749-003/2024(H5N1)	316	G	T	13584	6744	39	156	155	26	0.0113529	13741	0.128649	FALSE	M1:cds-XAJ25416.1	GAG	E	TAG	*	106
MP|PP755590.1|A/cattle/Texas/24-008749-003/2024(H5N1)	368	C	A	14933	8359	43	450	279	43	0.0292474	15386	5.57151e-146	TRUE	M1:cds-XAJ25416.1	GCA	A	GAA	E	123
MP|PP755590.1|A/cattle/Texas/24-008749-003/2024(H5N1)	406	G	T	13138	5125	39	233	231	26	0.0174245	13372	1.10471e-08	TRUE	M1:cds-XAJ25416.1	GGG	G	TGG	W	136
MP|PP755590.1|A/cattle/Texas/24-008749-003/2024(H5N1)	409	A	-C	16199	8535	44	578	0	20	0.0308876	18713	1.66472e-58	TRUE	NA	NA	NA	NA	NA	NA
MP|PP755590.1|A/cattle/Texas/24-008749-003/2024(H5N1)	456	A	G	5	0	40	15056	6658	43	0.99927	15067	0	TRUE	M1:cds-XAJ25416.1	GAA	E	GAG	E	152
MP|PP755590.1|A/cattle/Texas/24-008749-003/2024(H5N1)	489	A	G	6	3	41	15183	7457	44	0.999539	15190	0	TRUE	M1:cds-XAJ25416.1	AGA	R	AGG	R	163
MP|PP755590.1|A/cattle/Texas/24-008749-003/2024(H5N1)	498	T	C	0	0	0	14540	7220	43	0.999107	14553	0	TRUE	M1:cds-XAJ25416.1	GCT	A	GCC	A	166
MP|PP755590.1|A/cattle/Texas/24-008749-003/2024(H5N1)	516	G	A	2	2	32	15378	7950	44	0.99961	15384	0	TRUE	M1:cds-XAJ25416.1	CTG	L	CTA	L	172
MP|PP755590.1|A/cattle/Texas/24-008749-003/2024(H5N1)	540	T	G	10	2	33	16085	8993	43	0.999317	16096	0	TRUE	M1:cds-XAJ25416.1	GTT	V	GTG	V	180
MP|PP755590.1|A/cattle/Texas/24-008749-003/2024(H5N1)	570	G	A	13	7	38	15429	6502	43	0.999093	15443	0	TRUE	M1:cds-XAJ25416.1	GAG	E	GAA	E	190
MP|PP755590.1|A/cattle/Texas/24-008749-003/2024(H5N1)	599	T	C	8	3	36	14653	7166	42	0.999454	14661	0	TRUE	M1:cds-XAJ25416.1	GTG	V	GCG	A	200
MP|PP755590.1|A/cattle/Texas/24-008749-003/2024(H5N1)	624	G	T	16076	7060	42	315	116	42	0.0192155	16393	1.80464e-102	TRUE	M1:cds-XAJ25416.1	CAG	Q	CAT	H	208
MP|PP755590.1|A/cattle/Texas/24-008749-003/2024(H5N1)	633	G	A	3	3	40	16103	7013	43	0.999628	16109	0	TRUE	M1:cds-XAJ25416.1	CAG	Q	CAA	Q	211
MP|PP755590.1|A/cattle/Texas/24-008749-003/2024(H5N1)	666	T	C	16743	6643	43	624	243	42	0.0359281	17368	5.66963e-205	TRUE	M1:cds-XAJ25416.1	CAT	H	CAC	H	222
MP|PP755590.1|A/cattle/Texas/24-008749-003/2024(H5N1)	672	C	A	17117	6476	43	691	333	40	0.0387941	17812	3.3064e-226	TRUE	M1:cds-XAJ25416.1	AGC	S	AGA	R	224
MP|PP755590.1|A/cattle/Texas/24-008749-003/2024(H5N1)	679	A	G	7	2	37	16681	5622	43	0.999401	16691	0	TRUE	M1:cds-XAJ25416.1	ACC	T	GCC	A	227
MP|PP755590.1|A/cattle/Texas/24-008749-003/2024(H5N1)	699	C	A	10196	5888	37	409	1	25	0.0385558	10608	3.12151e-56	TRUE	M1:cds-XAJ25416.1	CTC	L	CTA	L	233
MP|PP755590.1|A/cattle/Texas/24-008749-003/2024(H5N1)	726	A	T	1	1	35	14018	6423	42	0.999287	14028	0	TRUE	M2:cds-XAJ25417.1	AAC	N	ATC	I	4
MP|PP755590.1|A/cattle/Texas/24-008749-003/2024(H5N1)	726	A	T	1	1	35	14018	6423	42	0.999287	14028	0	TRUE	M1:cds-XAJ25416.1	AAA	K	AAT	N	242
MP|PP755590.1|A/cattle/Texas/24-008749-003/2024(H5N1)	766	C	A	13024	7966	41	197	1	27	0.0148938	13227	5.79177e-05	TRUE	M2:cds-XAJ25417.1	CTC	L	CTA	L	18
MP|PP755590.1|A/cattle/Texas/24-008749-003/2024(H5N1)	790	G	A	7	6	39	14482	9261	45	0.999103	14495	0	TRUE	M2:cds-XAJ25417.1	GGG	G	GGA	G	26
MP|PP755590.1|A/cattle/Texas/24-008749-003/2024(H5N1)	839	G	A	3	3	29	14224	12136	44	0.999649	14229	0	TRUE	M2:cds-XAJ25417.1	GTT	V	ATT	I	42
MP|PP755590.1|A/cattle/Texas/24-008749-003/2024(H5N1)	869	G	A	4	4	32	14694	13344	46	0.999728	14698	0	TRUE	M2:cds-XAJ25417.1	GGA	G	AGA	R	52
MP|PP755590.1|A/cattle/Texas/24-008749-003/2024(H5N1)	884	G	T	10731	9465	38	248	248	26	0.0225865	10980	5.71566e-17	TRUE	M2:cds-XAJ25417.1	GAA	E	TAA	*	57
MP|PP755590.1|A/cattle/Texas/24-008749-003/2024(H5N1)	908	G	T	9127	8359	36	130	130	25	0.0140419	9258	0.00310648	TRUE	M2:cds-XAJ25417.1	GAA	E	TAA	*	65
MP|PP755590.1|A/cattle/Texas/24-008749-003/2024(H5N1)	950	A	G	1	1	40	5990	5659	43	0.999833	5991	0	TRUE	M2:cds-XAJ25417.1	AAT	N	GAT	D	79
