REGION	POS	REF	ALT	REF_DP	REF_RV	REF_QUAL	ALT_DP	ALT_RV	ALT_QUAL	ALT_FREQ	TOTAL_DP	PVAL	PASS	GFF_FEATURE	REF_CODON	REF_AA	ALT_CODON	ALT_AA	POS_AA
NP|PP755592.1|A/cattle/Texas/24-008749-003/2024(H5N1)	154	C	T	0	0	0	8160	4315	33	1	8160	0	TRUE	NP:cds-XAJ25419.1	CAC	H	TAC	Y	52
NP|PP755592.1|A/cattle/Texas/24-008749-003/2024(H5N1)	207	G	A	5	2	34	7946	4196	33	0.999371	7951	0	TRUE	NP:cds-XAJ25419.1	TCG	S	TCA	S	69
NP|PP755592.1|A/cattle/Texas/24-008749-003/2024(H5N1)	219	A	G	2	0	30	7913	3993	33	0.999747	7915	0	TRUE	NP:cds-XAJ25419.1	GAA	E	GAG	E	73
NP|PP755592.1|A/cattle/Texas/24-008749-003/2024(H5N1)	240	G	A	8	4	32	7962	3883	33	0.998996	7970	0	TRUE	NP:cds-XAJ25419.1	GAG	E	GAA	E	80
NP|PP755592.1|A/cattle/Texas/24-008749-003/2024(H5N1)	258	A	G	0	0	0	8590	3703	33	0.999884	8591	0	TRUE	NP:cds-XAJ25419.1	GGA	G	GGG	G	86
NP|PP755592.1|A/cattle/Texas/24-008749-003/2024(H5N1)	297	G	A	6	4	34	6198	2101	31	0.998389	6208	0	TRUE	NP:cds-XAJ25419.1	AGG	R	AGA	R	99
NP|PP755592.1|A/cattle/Texas/24-008749-003/2024(H5N1)	405	C	T	0	0	0	7527	4469	33	1	7527	0	TRUE	NP:cds-XAJ25419.1	CAC	H	CAT	H	135
NP|PP755592.1|A/cattle/Texas/24-008749-003/2024(H5N1)	474	A	G	1	1	34	6950	3918	33	0.999856	6951	0	TRUE	NP:cds-XAJ25419.1	GGA	G	GGG	G	158
NP|PP755592.1|A/cattle/Texas/24-008749-003/2024(H5N1)	480	T	C	6	3	34	6508	3651	33	0.998926	6515	0	TRUE	NP:cds-XAJ25419.1	GAT	D	GAC	D	160
NP|PP755592.1|A/cattle/Texas/24-008749-003/2024(H5N1)	495	A	T	0	0	0	6181	2867	33	0.998385	6191	0	TRUE	NP:cds-XAJ25419.1	TCA	S	TCT	S	165
NP|PP755592.1|A/cattle/Texas/24-008749-003/2024(H5N1)	543	G	A	14	7	33	6639	2629	33	0.997896	6653	0	TRUE	NP:cds-XAJ25419.1	GCG	A	GCA	A	181
NP|PP755592.1|A/cattle/Texas/24-008749-003/2024(H5N1)	570	G	A	0	0	0	7545	2869	33	0.999867	7546	0	TRUE	NP:cds-XAJ25419.1	GTG	V	GTA	V	190
NP|PP755592.1|A/cattle/Texas/24-008749-003/2024(H5N1)	585	A	G	5	1	34	8021	3467	33	0.999128	8028	0	TRUE	NP:cds-XAJ25419.1	CGA	R	CGG	R	195
NP|PP755592.1|A/cattle/Texas/24-008749-003/2024(H5N1)	600	A	G	9	4	34	7811	3424	33	0.998849	7820	0	TRUE	NP:cds-XAJ25419.1	GGA	G	GGG	G	200
NP|PP755592.1|A/cattle/Texas/24-008749-003/2024(H5N1)	627	T	C	1	0	34	7614	3649	33	0.999869	7615	0	TRUE	NP:cds-XAJ25419.1	GGT	G	GGC	G	209
NP|PP755592.1|A/cattle/Texas/24-008749-003/2024(H5N1)	633	C	T	1	1	34	6971	3437	33	0.999857	6972	0	TRUE	NP:cds-XAJ25419.1	AAC	N	AAT	N	211
NP|PP755592.1|A/cattle/Texas/24-008749-003/2024(H5N1)	675	C	T	21	11	33	5542	2759	32	0.995867	5565	0	TRUE	NP:cds-XAJ25419.1	ATC	I	ATT	I	225
NP|PP755592.1|A/cattle/Texas/24-008749-003/2024(H5N1)	756	A	G	6	2	34	6960	3856	33	0.999139	6966	0	TRUE	NP:cds-XAJ25419.1	GAA	E	GAG	E	252
NP|PP755592.1|A/cattle/Texas/24-008749-003/2024(H5N1)	796	C	T	4	1	34	6963	3581	33	0.999282	6968	0	TRUE	NP:cds-XAJ25419.1	CTG	L	TTG	L	266
NP|PP755592.1|A/cattle/Texas/24-008749-003/2024(H5N1)	853	G	A	11	7	34	7434	3262	33	0.998522	7445	0	TRUE	NP:cds-XAJ25419.1	GTA	V	ATA	I	285
NP|PP755592.1|A/cattle/Texas/24-008749-003/2024(H5N1)	882	G	A	17	8	34	6469	2769	33	0.997379	6486	0	TRUE	NP:cds-XAJ25419.1	GAG	E	GAA	E	294
NP|PP755592.1|A/cattle/Texas/24-008749-003/2024(H5N1)	924	G	A	3	2	34	7857	3828	33	0.999618	7860	0	TRUE	NP:cds-XAJ25419.1	CAG	Q	CAA	Q	308
NP|PP755592.1|A/cattle/Texas/24-008749-003/2024(H5N1)	936	T	C	0	0	0	7996	3839	33	0.99975	7998	0	TRUE	NP:cds-XAJ25419.1	GTT	V	GTC	V	312
NP|PP755592.1|A/cattle/Texas/24-008749-003/2024(H5N1)	957	T	C	0	0	0	7949	3843	33	1	7949	0	TRUE	NP:cds-XAJ25419.1	AAT	N	AAC	N	319
NP|PP755592.1|A/cattle/Texas/24-008749-003/2024(H5N1)	972	C	T	0	0	0	7410	3772	33	0.999865	7411	0	TRUE	NP:cds-XAJ25419.1	CAC	H	CAT	H	324
NP|PP755592.1|A/cattle/Texas/24-008749-003/2024(H5N1)	1008	A	G	1	0	34	7415	4040	33	0.99973	7417	0	TRUE	NP:cds-XAJ25419.1	GCA	A	GCG	A	336
NP|PP755592.1|A/cattle/Texas/24-008749-003/2024(H5N1)	1023	G	A	0	0	0	7361	3778	33	0.999864	7362	0	TRUE	NP:cds-XAJ25419.1	CTG	L	CTA	L	341
NP|PP755592.1|A/cattle/Texas/24-008749-003/2024(H5N1)	1047	A	G	4	1	34	6910	3684	33	0.999421	6914	0	TRUE	NP:cds-XAJ25419.1	GGA	G	GGG	G	349
NP|PP755592.1|A/cattle/Texas/24-008749-003/2024(H5N1)	1125	T	C	0	0	0	8259	4225	33	1	8259	0	TRUE	NP:cds-XAJ25419.1	GAT	D	GAC	D	375
NP|PP755592.1|A/cattle/Texas/24-008749-003/2024(H5N1)	1188	C	T	2	1	34	8084	3949	33	0.999753	8086	0	TRUE	NP:cds-XAJ25419.1	ACC	T	ACT	T	396
NP|PP755592.1|A/cattle/Texas/24-008749-003/2024(H5N1)	1212	A	G	0	0	0	7691	3619	33	0.99987	7692	0	TRUE	NP:cds-XAJ25419.1	GGA	G	GGG	G	404
NP|PP755592.1|A/cattle/Texas/24-008749-003/2024(H5N1)	1263	G	A	0	0	0	8156	3708	33	0.999755	8158	0	TRUE	NP:cds-XAJ25419.1	GAG	E	GAA	E	421
NP|PP755592.1|A/cattle/Texas/24-008749-003/2024(H5N1)	1445	A	G	0	0	0	6474	4637	33	0.999846	6475	0	TRUE	NP:cds-XAJ25419.1	AAC	N	AGC	S	482
