REGION	POS	REF	ALT	REF_DP	REF_RV	REF_QUAL	ALT_DP	ALT_RV	ALT_QUAL	ALT_FREQ	TOTAL_DP	PVAL	PASS	GFF_FEATURE	REF_CODON	REF_AA	ALT_CODON	ALT_AA	POS_AA
PA|PP755594.1|A/cattle/Texas/24-008749-003/2024(H5N1)	41	T	C	55	9	33	1	0	26	0.0178571	56	0.508135	FALSE	PA:cds-XAJ25422.1	GTC	V	GCC	A	14
PA|PP755594.1|A/cattle/Texas/24-008749-003/2024(H5N1)	41	T	C	55	9	33	1	0	26	0.0178571	56	0.508135	FALSE	PA-X:cds-XAJ25423.1	GTC	V	GCC	A	14
PA|PP755594.1|A/cattle/Texas/24-008749-003/2024(H5N1)	114	A	G	98	35	33	1	1	34	0.010101	99	0.340206	FALSE	PA:cds-XAJ25422.1	ATA	I	ATG	M	38
PA|PP755594.1|A/cattle/Texas/24-008749-003/2024(H5N1)	114	A	G	98	35	33	1	1	34	0.010101	99	0.340206	FALSE	PA-X:cds-XAJ25423.1	ATA	I	ATG	M	38
PA|PP755594.1|A/cattle/Texas/24-008749-003/2024(H5N1)	240	A	G	187	120	33	2	1	34	0.010582	189	0.241596	FALSE	PA:cds-XAJ25422.1	GAA	E	GAG	E	80
PA|PP755594.1|A/cattle/Texas/24-008749-003/2024(H5N1)	240	A	G	187	120	33	2	1	34	0.010582	189	0.241596	FALSE	PA-X:cds-XAJ25423.1	GAA	E	GAG	E	80
PA|PP755594.1|A/cattle/Texas/24-008749-003/2024(H5N1)	273	G	T	200	96	33	3	1	30	0.0147783	203	0.12316	FALSE	PA:cds-XAJ25422.1	GTG	V	GTT	V	91
PA|PP755594.1|A/cattle/Texas/24-008749-003/2024(H5N1)	273	G	T	200	96	33	3	1	30	0.0147783	203	0.12316	FALSE	PA-X:cds-XAJ25423.1	GTG	V	GTT	V	91
PA|PP755594.1|A/cattle/Texas/24-008749-003/2024(H5N1)	519	C	T	211	92	33	7	6	34	0.0321101	218	0.00697589	TRUE	PA:cds-XAJ25422.1	ACC	T	ACT	T	173
PA|PP755594.1|A/cattle/Texas/24-008749-003/2024(H5N1)	519	C	T	211	92	33	7	6	34	0.0321101	218	0.00697589	TRUE	PA-X:cds-XAJ25423.1	ACC	T	ACT	T	173
PA|PP755594.1|A/cattle/Texas/24-008749-003/2024(H5N1)	526	T	G	176	52	32	2	2	26	0.011236	178	0.603356	FALSE	PA:cds-XAJ25422.1	TTC	F	GTC	V	176
PA|PP755594.1|A/cattle/Texas/24-008749-003/2024(H5N1)	526	T	G	176	52	32	2	2	26	0.011236	178	0.603356	FALSE	PA-X:cds-XAJ25423.1	TTC	F	GTC	V	176
PA|PP755594.1|A/cattle/Texas/24-008749-003/2024(H5N1)	981	G	A	0	0	0	261	99	33	1	261	4.09888e-161	TRUE	PA:cds-XAJ25422.1	GAG	E	GAA	E	327
PA|PP755594.1|A/cattle/Texas/24-008749-003/2024(H5N1)	1294	G	A	0	0	0	295	157	33	1	295	1.58235e-179	TRUE	PA:cds-XAJ25422.1	GTT	V	ATT	I	432
PA|PP755594.1|A/cattle/Texas/24-008749-003/2024(H5N1)	1739	A	G	270	108	33	9	4	33	0.0322581	279	0.00160782	TRUE	PA:cds-XAJ25422.1	GAG	E	GGG	G	580
PA|PP755594.1|A/cattle/Texas/24-008749-003/2024(H5N1)	1906	G	A	0	0	0	256	168	33	1	256	4.22444e-160	TRUE	PA:cds-XAJ25422.1	GTA	V	ATA	I	636
PA|PP755594.1|A/cattle/Texas/24-008749-003/2024(H5N1)	1954	T	C	228	119	32	3	1	31	0.012987	231	0.102786	FALSE	PA:cds-XAJ25422.1	TCT	S	CCT	P	652
PA|PP755594.1|A/cattle/Texas/24-008749-003/2024(H5N1)	2057	T	C	210	143	33	3	2	34	0.0140845	213	0.118181	FALSE	PA:cds-XAJ25422.1	CTA	L	CCA	P	686
PA|PP755594.1|A/cattle/Texas/24-008749-003/2024(H5N1)	2127	C	T	141	121	33	2	2	34	0.013986	143	0.250877	FALSE	PA:cds-XAJ25422.1	TCC	S	TCT	S	709
