REGION	POS	REF	ALT	REF_DP	REF_RV	REF_QUAL	ALT_DP	ALT_RV	ALT_QUAL	ALT_FREQ	TOTAL_DP	PVAL	PASS	GFF_FEATURE	REF_CODON	REF_AA	ALT_CODON	ALT_AA	POS_AA
NA|PP755591.1|A/cattle/Texas/24-008749-003/2024(H5N1)	15	A	G	352	69	33	4	0	34	0.011236	356	0.00544467	TRUE	NA:cds-XAJ25418.1	CAA	Q	CAG	Q	5
NA|PP755591.1|A/cattle/Texas/24-008749-003/2024(H5N1)	89	T	C	2163	502	33	140	27	33	0.0607903	2303	4.10348e-53	TRUE	NA:cds-XAJ25418.1	ATC	I	ACC	T	30
NA|PP755591.1|A/cattle/Texas/24-008749-003/2024(H5N1)	342	G	A	4962	2307	33	289	112	33	0.0550371	5251	2.55944e-82	TRUE	NA:cds-XAJ25418.1	GTG	V	GTA	V	114
NA|PP755591.1|A/cattle/Texas/24-008749-003/2024(H5N1)	571	T	C	2	0	34	5292	2508	33	0.999433	5295	0	TRUE	NA:cds-XAJ25418.1	TTG	L	CTG	L	191
NA|PP755591.1|A/cattle/Texas/24-008749-003/2024(H5N1)	1185	A	G	0	0	0	4635	2599	33	1	4635	0	TRUE	NA:cds-XAJ25418.1	GAA	E	GAG	E	395
NA|PP755591.1|A/cattle/Texas/24-008749-003/2024(H5N1)	1289	G	C	2894	1410	32	80	80	28	0.0268998	2974	7.30488e-09	TRUE	NA:cds-XAJ25418.1	AGG	R	ACG	T	430
NA|PP755591.1|A/cattle/Texas/24-008749-003/2024(H5N1)	1290	G	C	3113	1695	32	50	50	28	0.0158078	3163	0.0121094	FALSE	NA:cds-XAJ25418.1	AGG	R	AGC	S	430
