REGION	POS	REF	ALT	REF_DP	REF_RV	REF_QUAL	ALT_DP	ALT_RV	ALT_QUAL	ALT_FREQ	TOTAL_DP	PVAL	PASS	GFF_FEATURE	REF_CODON	REF_AA	ALT_CODON	ALT_AA	POS_AA
NS|PP755593.1|A/cattle/Texas/24-008749-003/2024(H5N1)	20	T	C	0	0	0	37	6	38	1	37	1.70327e-31	TRUE	NEP:cds-XAJ25421.1	TTA	L	TCA	S	7
NS|PP755593.1|A/cattle/Texas/24-008749-003/2024(H5N1)	20	T	C	0	0	0	37	6	38	1	37	1.70327e-31	TRUE	NS1:cds-XAJ25420.1	TTA	L	TCA	S	7
NS|PP755593.1|A/cattle/Texas/24-008749-003/2024(H5N1)	29	A	G	40	6	42	1	0	80	0.0243902	41	0.317829	FALSE	NEP:cds-XAJ25421.1	CAG	Q	CGG	R	10
NS|PP755593.1|A/cattle/Texas/24-008749-003/2024(H5N1)	29	A	G	40	6	42	1	0	80	0.0243902	41	0.317829	FALSE	NS1:cds-XAJ25420.1	CAG	Q	CGG	R	10
NS|PP755593.1|A/cattle/Texas/24-008749-003/2024(H5N1)	40	T	C	50	7	42	1	0	24	0.0196078	51	0.344595	FALSE	NS1:cds-XAJ25420.1	TTT	F	CTT	L	14
NS|PP755593.1|A/cattle/Texas/24-008749-003/2024(H5N1)	50	A	G	54	11	43	1	0	40	0.0181818	55	0.337423	FALSE	NS1:cds-XAJ25420.1	CAT	H	CGT	R	17
NS|PP755593.1|A/cattle/Texas/24-008749-003/2024(H5N1)	58	A	C	57	13	45	1	0	24	0.0172414	58	0.567282	FALSE	NS1:cds-XAJ25420.1	AAA	K	CAA	Q	20
NS|PP755593.1|A/cattle/Texas/24-008749-003/2024(H5N1)	95	T	C	96	26	48	2	0	40	0.0204082	98	0.140083	FALSE	NS1:cds-XAJ25420.1	TTC	F	TCC	S	32
NS|PP755593.1|A/cattle/Texas/24-008749-003/2024(H5N1)	98	T	C	96	29	50	2	0	31	0.0204082	98	0.137956	FALSE	NS1:cds-XAJ25420.1	CTT	L	CCT	P	33
NS|PP755593.1|A/cattle/Texas/24-008749-003/2024(H5N1)	108	C	T	0	0	0	100	29	50	1	100	1.05038e-75	TRUE	NS1:cds-XAJ25420.1	CTC	L	CTT	L	36
NS|PP755593.1|A/cattle/Texas/24-008749-003/2024(H5N1)	112	C	T	98	28	50	1	1	40	0.010101	99	0.37218	FALSE	NS1:cds-XAJ25420.1	CGA	R	TGA	*	38
NS|PP755593.1|A/cattle/Texas/24-008749-003/2024(H5N1)	117	C	T	0	0	0	100	29	51	1	100	4.09996e-76	TRUE	NS1:cds-XAJ25420.1	GAC	D	GAT	D	39
NS|PP755593.1|A/cattle/Texas/24-008749-003/2024(H5N1)	123	G	A	0	0	0	98	29	51	1	98	1.89013e-74	TRUE	NS1:cds-XAJ25420.1	AAG	K	AAA	K	41
NS|PP755593.1|A/cattle/Texas/24-008749-003/2024(H5N1)	126	T	C	0	0	0	99	31	51	1	99	7.41235e-70	TRUE	NS1:cds-XAJ25420.1	TCT	S	TCC	S	42
NS|PP755593.1|A/cattle/Texas/24-008749-003/2024(H5N1)	127	C	A	79	35	43	5	0	24	0.0595238	84	0.0288335	FALSE	NS1:cds-XAJ25420.1	CTA	L	ATA	I	43
NS|PP755593.1|A/cattle/Texas/24-008749-003/2024(H5N1)	129	A	T	0	0	0	1	1	24	0.01	100	0.0141844	FALSE	NS1:cds-XAJ25420.1	CTA	L	CTT	L	43
NS|PP755593.1|A/cattle/Texas/24-008749-003/2024(H5N1)	129	A	G	0	0	0	99	29	47	0.99	100	7.41235e-70	TRUE	NS1:cds-XAJ25420.1	CTA	L	CTG	L	43
NS|PP755593.1|A/cattle/Texas/24-008749-003/2024(H5N1)	138	A	G	110	38	54	2	0	40	0.0178571	112	0.173738	FALSE	NS1:cds-XAJ25420.1	AGA	R	AGG	R	46
NS|PP755593.1|A/cattle/Texas/24-008749-003/2024(H5N1)	146	C	T	121	49	53	2	1	80	0.0162602	123	0.177817	FALSE	NS1:cds-XAJ25420.1	ACT	T	ATT	I	49
NS|PP755593.1|A/cattle/Texas/24-008749-003/2024(H5N1)	165	G	A	0	0	0	122	60	48	1	122	1.09115e-82	TRUE	NS1:cds-XAJ25420.1	GAG	E	GAA	E	55
NS|PP755593.1|A/cattle/Texas/24-008749-003/2024(H5N1)	168	G	A	0	0	0	121	61	48	1	121	1.422e-80	TRUE	NS1:cds-XAJ25420.1	ACG	T	ACA	T	56
NS|PP755593.1|A/cattle/Texas/24-008749-003/2024(H5N1)	174	T	C	0	0	0	119	59	49	1	119	2.27755e-80	TRUE	NS1:cds-XAJ25420.1	ACT	T	ACC	T	58
NS|PP755593.1|A/cattle/Texas/24-008749-003/2024(H5N1)	180	T	G	0	0	0	119	57	45	1	119	1.28477e-80	TRUE	NS1:cds-XAJ25420.1	GCT	A	GCG	A	60
NS|PP755593.1|A/cattle/Texas/24-008749-003/2024(H5N1)	183	G	A	0	0	0	122	64	47	1	122	1.93369e-82	TRUE	NS1:cds-XAJ25420.1	GGG	G	GGA	G	61
NS|PP755593.1|A/cattle/Texas/24-008749-003/2024(H5N1)	185	A	G	120	67	49	2	2	32	0.0163934	122	0.169056	FALSE	NS1:cds-XAJ25420.1	AAG	K	AGG	R	62
NS|PP755593.1|A/cattle/Texas/24-008749-003/2024(H5N1)	199	A	C	0	0	0	133	67	48	1	133	7.20237e-90	TRUE	NS1:cds-XAJ25420.1	AGG	R	CGG	R	67
NS|PP755593.1|A/cattle/Texas/24-008749-003/2024(H5N1)	201	G	A	132	64	47	2	2	40	0.0149254	134	0.190957	FALSE	NS1:cds-XAJ25420.1	AGG	R	AGA	R	67
NS|PP755593.1|A/cattle/Texas/24-008749-003/2024(H5N1)	210	G	A	0	0	0	131	66	49	1	131	6.96424e-90	TRUE	NS1:cds-XAJ25420.1	GAG	E	GAA	E	70
NS|PP755593.1|A/cattle/Texas/24-008749-003/2024(H5N1)	219	C	T	0	0	0	137	74	49	1	137	1.54486e-93	TRUE	NS1:cds-XAJ25420.1	TCC	S	TCT	S	73
NS|PP755593.1|A/cattle/Texas/24-008749-003/2024(H5N1)	224	A	G	0	0	0	132	70	50	1	132	3.21856e-91	TRUE	NS1:cds-XAJ25420.1	GAG	E	GGG	G	75
NS|PP755593.1|A/cattle/Texas/24-008749-003/2024(H5N1)	231	C	T	0	0	0	129	69	47	1	129	1.25953e-89	TRUE	NS1:cds-XAJ25420.1	CTC	L	CTT	L	77
NS|PP755593.1|A/cattle/Texas/24-008749-003/2024(H5N1)	247	T	C	0	0	0	125	68	47	1	125	2.98442e-83	TRUE	NS1:cds-XAJ25420.1	TCT	S	CCT	P	83
NS|PP755593.1|A/cattle/Texas/24-008749-003/2024(H5N1)	249	T	C	0	0	0	125	68	47	1	125	1.06481e-81	TRUE	NS1:cds-XAJ25420.1	TCT	S	TCC	S	83
NS|PP755593.1|A/cattle/Texas/24-008749-003/2024(H5N1)	255	T	A	0	0	0	127	71	46	0.992188	128	1.08558e-83	TRUE	NS1:cds-XAJ25420.1	CCT	P	CCA	P	85
NS|PP755593.1|A/cattle/Texas/24-008749-003/2024(H5N1)	259	C	T	0	0	0	129	70	46	1	129	6.70145e-85	TRUE	NS1:cds-XAJ25420.1	CCA	P	TCA	S	87
NS|PP755593.1|A/cattle/Texas/24-008749-003/2024(H5N1)	288	A	G	0	0	0	129	67	44	1	129	3.79169e-89	TRUE	NS1:cds-XAJ25420.1	GAA	E	GAG	E	96
NS|PP755593.1|A/cattle/Texas/24-008749-003/2024(H5N1)	289	G	T	96	27	40	2	2	24	0.0204082	98	0.291541	FALSE	NS1:cds-XAJ25420.1	GAG	E	TAG	*	97
NS|PP755593.1|A/cattle/Texas/24-008749-003/2024(H5N1)	300	A	G	0	0	0	132	74	48	1	132	1.64626e-89	TRUE	NS1:cds-XAJ25420.1	AGA	R	AGG	R	100
NS|PP755593.1|A/cattle/Texas/24-008749-003/2024(H5N1)	307	T	C	144	70	47	2	0	40	0.0136986	146	0.203546	FALSE	NS1:cds-XAJ25420.1	TTC	F	CTC	L	103
NS|PP755593.1|A/cattle/Texas/24-008749-003/2024(H5N1)	324	G	A	0	0	0	128	54	48	1	128	1.40737e-85	TRUE	NS1:cds-XAJ25420.1	AAG	K	AAA	K	108
NS|PP755593.1|A/cattle/Texas/24-008749-003/2024(H5N1)	327	A	G	0	0	0	126	54	48	1	126	4.1156e-84	TRUE	NS1:cds-XAJ25420.1	CAA	Q	CAG	Q	109
NS|PP755593.1|A/cattle/Texas/24-008749-003/2024(H5N1)	339	C	T	0	0	0	122	60	46	1	122	6.35472e-81	TRUE	NS1:cds-XAJ25420.1	GGC	G	GGT	G	113
NS|PP755593.1|A/cattle/Texas/24-008749-003/2024(H5N1)	345	C	T	0	0	0	121	61	45	1	121	5.86605e-78	TRUE	NS1:cds-XAJ25420.1	CTC	L	CTT	L	115
NS|PP755593.1|A/cattle/Texas/24-008749-003/2024(H5N1)	346	A	T	0	0	0	121	62	45	1	121	1.09e-77	TRUE	NS1:cds-XAJ25420.1	AGT	S	TGT	C	116
NS|PP755593.1|A/cattle/Texas/24-008749-003/2024(H5N1)	348	T	C	0	0	0	122	62	45	1	122	5.07559e-78	TRUE	NS1:cds-XAJ25420.1	AGT	S	AGC	S	116
NS|PP755593.1|A/cattle/Texas/24-008749-003/2024(H5N1)	366	G	A	0	0	0	129	60	44	1	129	2.23026e-84	TRUE	NS1:cds-XAJ25420.1	GCG	A	GCA	A	122
NS|PP755593.1|A/cattle/Texas/24-008749-003/2024(H5N1)	369	T	A	0	0	0	129	61	45	1	129	1.22077e-84	TRUE	NS1:cds-XAJ25420.1	ATT	I	ATA	I	123
NS|PP755593.1|A/cattle/Texas/24-008749-003/2024(H5N1)	378	G	A	0	0	0	129	63	45	1	129	1.22077e-84	TRUE	NS1:cds-XAJ25420.1	AAG	K	AAA	K	126
NS|PP755593.1|A/cattle/Texas/24-008749-003/2024(H5N1)	386	T	C	0	0	0	108	63	38	0.990826	109	2.06064e-74	TRUE	NS1:cds-XAJ25420.1	ATA	I	ACA	T	129
NS|PP755593.1|A/cattle/Texas/24-008749-003/2024(H5N1)	388	C	T	0	0	0	123	61	45	1	123	3.1491e-80	TRUE	NS1:cds-XAJ25420.1	CTG	L	TTG	L	130
NS|PP755593.1|A/cattle/Texas/24-008749-003/2024(H5N1)	393	G	A	1	1	24	125	62	46	0.992063	126	1.34166e-79	TRUE	NS1:cds-XAJ25420.1	AAG	K	AAA	K	131
NS|PP755593.1|A/cattle/Texas/24-008749-003/2024(H5N1)	398	A	G	127	65	47	2	1	40	0.0155039	129	0.204003	FALSE	NS1:cds-XAJ25420.1	AAC	N	AGC	S	133
NS|PP755593.1|A/cattle/Texas/24-008749-003/2024(H5N1)	411	C	T	0	0	0	95	50	43	1	95	1.41643e-59	TRUE	NS1:cds-XAJ25420.1	ATC	I	ATT	I	137
NS|PP755593.1|A/cattle/Texas/24-008749-003/2024(H5N1)	414	C	T	0	0	0	96	51	43	1	96	1.29502e-59	TRUE	NS1:cds-XAJ25420.1	TTC	F	TTT	F	138
NS|PP755593.1|A/cattle/Texas/24-008749-003/2024(H5N1)	415	A	G	0	0	0	96	51	43	1	96	1.29502e-59	TRUE	NS1:cds-XAJ25420.1	AAT	N	GAT	D	139
NS|PP755593.1|A/cattle/Texas/24-008749-003/2024(H5N1)	416	A	G	95	51	43	1	0	40	0.0104167	96	0.48	FALSE	NS1:cds-XAJ25420.1	AAT	N	AGT	S	139
NS|PP755593.1|A/cattle/Texas/24-008749-003/2024(H5N1)	417	T	C	0	0	0	93	51	40	1	93	1.19043e-58	TRUE	NS1:cds-XAJ25420.1	AAT	N	AAC	N	139
NS|PP755593.1|A/cattle/Texas/24-008749-003/2024(H5N1)	426	G	A	0	0	0	107	58	47	1	107	3.00319e-69	TRUE	NS1:cds-XAJ25420.1	GAG	E	GAA	E	142
NS|PP755593.1|A/cattle/Texas/24-008749-003/2024(H5N1)	429	A	C	0	0	0	110	57	46	1	110	6.85467e-73	TRUE	NS1:cds-XAJ25420.1	ACA	T	ACC	T	143
NS|PP755593.1|A/cattle/Texas/24-008749-003/2024(H5N1)	439	C	A	0	0	0	111	56	48	1	111	9.43108e-74	TRUE	NS1:cds-XAJ25420.1	CTC	L	ATC	I	147
NS|PP755593.1|A/cattle/Texas/24-008749-003/2024(H5N1)	441	C	T	0	0	0	111	57	49	1	111	5.17106e-75	TRUE	NS1:cds-XAJ25420.1	CTC	L	CTT	L	147
NS|PP755593.1|A/cattle/Texas/24-008749-003/2024(H5N1)	453	T	A	0	0	0	117	62	46	0.991525	118	6.62698e-79	TRUE	NS1:cds-XAJ25420.1	ACT	T	ACA	T	151
NS|PP755593.1|A/cattle/Texas/24-008749-003/2024(H5N1)	459	G	A	0	0	0	118	63	45	1	118	1.30442e-75	TRUE	NS1:cds-XAJ25420.1	GAG	E	GAA	E	153
NS|PP755593.1|A/cattle/Texas/24-008749-003/2024(H5N1)	471	C	G	0	0	0	115	58	44	1	115	2.92285e-73	TRUE	NS1:cds-XAJ25420.1	GTC	V	GTG	V	157
NS|PP755593.1|A/cattle/Texas/24-008749-003/2024(H5N1)	474	C	A	0	0	0	115	59	45	0.991379	116	1.56201e-73	TRUE	NS1:cds-XAJ25420.1	GGC	G	GGA	G	158
NS|PP755593.1|A/cattle/Texas/24-008749-003/2024(H5N1)	480	T	C	0	0	0	120	65	46	1	120	1.27017e-77	TRUE	NS1:cds-XAJ25420.1	ATT	I	ATC	I	160
NS|PP755593.1|A/cattle/Texas/24-008749-003/2024(H5N1)	486	A	-T	123	70	48	2	0	20	0.0130719	153	0.426863	FALSE	NA	NA	NA	NA	NA	NA
NS|PP755593.1|A/cattle/Texas/24-008749-003/2024(H5N1)	489	G	A	0	0	0	119	68	48	1	119	1.2908e-79	TRUE	NS1:cds-XAJ25420.1	TTG	L	TTA	L	163
NS|PP755593.1|A/cattle/Texas/24-008749-003/2024(H5N1)	511	G	A	0	0	0	126	76	47	1	126	2.29607e-84	TRUE	NEP:cds-XAJ25421.1	CTG	L	CTA	L	3
NS|PP755593.1|A/cattle/Texas/24-008749-003/2024(H5N1)	511	G	A	0	0	0	126	76	47	1	126	2.29607e-84	TRUE	NS1:cds-XAJ25420.1	GAT	D	AAT	N	171
NS|PP755593.1|A/cattle/Texas/24-008749-003/2024(H5N1)	578	G	A	1	0	40	117	64	46	0.991525	118	2.85981e-79	TRUE	NEP:cds-XAJ25421.1	GAG	E	AAG	K	26
NS|PP755593.1|A/cattle/Texas/24-008749-003/2024(H5N1)	578	G	A	1	0	40	117	64	46	0.991525	118	2.85981e-79	TRUE	NS1:cds-XAJ25420.1	CGA	R	CAA	Q	193
NS|PP755593.1|A/cattle/Texas/24-008749-003/2024(H5N1)	592	T	C	0	0	0	115	64	47	1	115	1.929e-77	TRUE	NEP:cds-XAJ25421.1	CTT	L	CTC	L	30
NS|PP755593.1|A/cattle/Texas/24-008749-003/2024(H5N1)	592	T	C	0	0	0	115	64	47	1	115	1.929e-77	TRUE	NS1:cds-XAJ25420.1	TTA	L	CTA	L	198
NS|PP755593.1|A/cattle/Texas/24-008749-003/2024(H5N1)	660	G	A	0	0	0	102	53	54	1	102	1.84224e-71	TRUE	NEP:cds-XAJ25421.1	GGA	G	GAA	E	53
NS|PP755593.1|A/cattle/Texas/24-008749-003/2024(H5N1)	660	G	A	0	0	0	102	53	54	1	102	1.84224e-71	TRUE	NS1:cds-XAJ25420.1	CGG	R	CGA	R	220
NS|PP755593.1|A/cattle/Texas/24-008749-003/2024(H5N1)	668	A	C	0	0	0	106	57	53	1	106	7.63465e-75	TRUE	NEP:cds-XAJ25421.1	AGA	R	CGA	R	56
NS|PP755593.1|A/cattle/Texas/24-008749-003/2024(H5N1)	668	A	C	0	0	0	106	57	53	1	106	7.63465e-75	TRUE	NS1:cds-XAJ25420.1	GAG	E	GCG	A	223
NS|PP755593.1|A/cattle/Texas/24-008749-003/2024(H5N1)	703	G	A	0	0	0	104	61	53	1	104	1.10069e-72	TRUE	NEP:cds-XAJ25421.1	AGG	R	AGA	R	67
NS|PP755593.1|A/cattle/Texas/24-008749-003/2024(H5N1)	723	G	T	87	63	48	1	1	40	0.0113636	88	0.374468	FALSE	NEP:cds-XAJ25421.1	CGA	R	CTA	L	74
NS|PP755593.1|A/cattle/Texas/24-008749-003/2024(H5N1)	724	A	G	0	0	0	92	69	55	1	92	2.06083e-68	TRUE	NEP:cds-XAJ25421.1	CGA	R	CGG	R	74
NS|PP755593.1|A/cattle/Texas/24-008749-003/2024(H5N1)	726	A	G	94	72	56	1	1	40	0.0105263	95	0.407725	FALSE	NEP:cds-XAJ25421.1	CAC	H	CGC	R	75
NS|PP755593.1|A/cattle/Texas/24-008749-003/2024(H5N1)	731	C	T	0	0	0	88	71	52	1	88	1.00898e-61	TRUE	NEP:cds-XAJ25421.1	CTA	L	TTA	L	77
NS|PP755593.1|A/cattle/Texas/24-008749-003/2024(H5N1)	733	A	G	0	0	0	87	71	52	1	87	3.6322e-60	TRUE	NEP:cds-XAJ25421.1	CTA	L	CTG	L	77
NS|PP755593.1|A/cattle/Texas/24-008749-003/2024(H5N1)	739	C	T	0	0	0	84	69	52	1	84	4.84857e-59	TRUE	NEP:cds-XAJ25421.1	ATC	I	ATT	I	79
NS|PP755593.1|A/cattle/Texas/24-008749-003/2024(H5N1)	745	A	G	0	0	0	83	69	53	1	83	1.73288e-57	TRUE	NEP:cds-XAJ25421.1	GAA	E	GAG	E	81
NS|PP755593.1|A/cattle/Texas/24-008749-003/2024(H5N1)	748	T	C	0	0	0	82	68	54	1	82	4.09209e-57	TRUE	NEP:cds-XAJ25421.1	AAT	N	AAC	N	82
NS|PP755593.1|A/cattle/Texas/24-008749-003/2024(H5N1)	754	T	C	0	0	0	81	67	54	1	81	2.87892e-56	TRUE	NEP:cds-XAJ25421.1	TTT	F	TTC	F	84
NS|PP755593.1|A/cattle/Texas/24-008749-003/2024(H5N1)	760	A	G	0	0	0	77	64	53	1	77	7.99099e-54	TRUE	NEP:cds-XAJ25421.1	CAA	Q	CAG	Q	86
NS|PP755593.1|A/cattle/Texas/24-008749-003/2024(H5N1)	764	A	G	77	66	52	1	0	80	0.0128205	78	0.42623	FALSE	NEP:cds-XAJ25421.1	ACA	T	GCA	A	88
NS|PP755593.1|A/cattle/Texas/24-008749-003/2024(H5N1)	766	A	T	0	0	0	75	63	52	1	75	1.33544e-52	TRUE	NEP:cds-XAJ25421.1	ACA	T	ACT	T	88
NS|PP755593.1|A/cattle/Texas/24-008749-003/2024(H5N1)	769	T	C	0	0	0	75	64	53	1	75	2.05909e-51	TRUE	NEP:cds-XAJ25421.1	TTT	F	TTC	F	89
NS|PP755593.1|A/cattle/Texas/24-008749-003/2024(H5N1)	770	A	G	75	64	53	1	1	40	0.0131579	76	0.426966	FALSE	NEP:cds-XAJ25421.1	ATG	M	GTG	V	90
NS|PP755593.1|A/cattle/Texas/24-008749-003/2024(H5N1)	775	A	G	73	65	51	1	1	24	0.0135135	74	0.440476	FALSE	NEP:cds-XAJ25421.1	CAA	Q	CAG	Q	91
NS|PP755593.1|A/cattle/Texas/24-008749-003/2024(H5N1)	788	C	T	0	0	0	64	58	47	1	64	1.63617e-42	TRUE	NEP:cds-XAJ25421.1	CTG	L	TTG	L	96
NS|PP755593.1|A/cattle/Texas/24-008749-003/2024(H5N1)	799	G	A	0	0	0	57	53	48	1	57	1.61138e-37	TRUE	NEP:cds-XAJ25421.1	GTG	V	GTA	V	99
NS|PP755593.1|A/cattle/Texas/24-008749-003/2024(H5N1)	825	T	C	40	36	47	1	1	40	0.0243902	41	0.445652	FALSE	NEP:cds-XAJ25421.1	TTT	F	TCT	S	108
NS|PP755593.1|A/cattle/Texas/24-008749-003/2024(H5N1)	827	C	T	40	36	47	2	2	40	0.0465116	43	0.201262	FALSE	NEP:cds-XAJ25421.1	CAG	Q	TAG	*	109
NS|PP755593.1|A/cattle/Texas/24-008749-003/2024(H5N1)	827	C	A	40	36	47	1	1	40	0.0232558	43	0.445652	FALSE	NEP:cds-XAJ25421.1	CAG	Q	AAG	K	109
NS|PP755593.1|A/cattle/Texas/24-008749-003/2024(H5N1)	832	T	C	0	0	0	36	34	36	1	36	1.39335e-24	TRUE	NEP:cds-XAJ25421.1	CTT	L	CTC	L	110
