REGION	POS	REF	ALT	REF_DP	REF_RV	REF_QUAL	ALT_DP	ALT_RV	ALT_QUAL	ALT_FREQ	TOTAL_DP	PVAL	PASS	GFF_FEATURE	REF_CODON	REF_AA	ALT_CODON	ALT_AA	POS_AA
NP|PP755592.1|A/cattle/Texas/24-008749-003/2024(H5N1)	25	T	C	770	206	33	12	3	34	0.0153257	783	3.25311e-07	TRUE	NP:cds-XAJ25419.1	TCC	S	CCC	P	9
NP|PP755592.1|A/cattle/Texas/24-008749-003/2024(H5N1)	80	C	T	1963	708	33	26	6	33	0.0130719	1989	1.81565e-10	TRUE	NP:cds-XAJ25419.1	GCA	A	GTA	V	27
NP|PP755592.1|A/cattle/Texas/24-008749-003/2024(H5N1)	102	C	T	2340	932	33	55	21	33	0.0229645	2395	4.17326e-22	TRUE	NP:cds-XAJ25419.1	GGC	G	GGT	G	34
NP|PP755592.1|A/cattle/Texas/24-008749-003/2024(H5N1)	291	C	T	1515	665	33	3529	1813	33	0.699643	5044	0	TRUE	NP:cds-XAJ25419.1	TAC	Y	TAT	Y	97
NP|PP755592.1|A/cattle/Texas/24-008749-003/2024(H5N1)	327	C	T	4751	2166	33	48	22	32	0.0100021	4799	3.08296e-11	TRUE	NP:cds-XAJ25419.1	ATC	I	ATT	I	109
NP|PP755592.1|A/cattle/Texas/24-008749-003/2024(H5N1)	330	C	T	2047	866	33	2686	1283	33	0.567505	4733	0	TRUE	NP:cds-XAJ25419.1	CTC	L	CTT	L	110
NP|PP755592.1|A/cattle/Texas/24-008749-003/2024(H5N1)	355	A	G	0	0	0	4572	2084	33	1	4572	0	TRUE	NP:cds-XAJ25419.1	ATT	I	GTT	V	119
NP|PP755592.1|A/cattle/Texas/24-008749-003/2024(H5N1)	498	G	A	2	1	34	4491	2167	33	0.999555	4493	0	TRUE	NP:cds-XAJ25419.1	CTG	L	CTA	L	166
NP|PP755592.1|A/cattle/Texas/24-008749-003/2024(H5N1)	870	C	T	1	1	34	4553	2122	33	0.999561	4555	0	TRUE	NP:cds-XAJ25419.1	GAC	D	GAT	D	290
NP|PP755592.1|A/cattle/Texas/24-008749-003/2024(H5N1)	942	T	C	4960	2267	33	169	68	33	0.0329499	5129	8.29686e-47	TRUE	NP:cds-XAJ25419.1	AGT	S	AGC	S	314
NP|PP755592.1|A/cattle/Texas/24-008749-003/2024(H5N1)	1014	T	C	3	1	34	4880	2597	33	0.999386	4883	0	TRUE	NP:cds-XAJ25419.1	TTT	F	TTC	F	338
NP|PP755592.1|A/cattle/Texas/24-008749-003/2024(H5N1)	1092	G	A	0	0	0	5159	2500	33	0.999806	5160	0	TRUE	NP:cds-XAJ25419.1	CAG	Q	CAA	Q	364
