REGION	POS	REF	ALT	REF_DP	REF_RV	REF_QUAL	ALT_DP	ALT_RV	ALT_QUAL	ALT_FREQ	TOTAL_DP	PVAL	PASS	GFF_FEATURE	REF_CODON	REF_AA	ALT_CODON	ALT_AA	POS_AA
MP|PP755590.1|A/cattle/Texas/24-008749-003/2024(H5N1)	4	A	G	30	14	44	1	0	29	0.0322581	31	0.279079	FALSE	M2:cds-XAJ25417.1	AGT	S	GGT	G	2
MP|PP755590.1|A/cattle/Texas/24-008749-003/2024(H5N1)	4	A	G	30	14	44	1	0	29	0.0322581	31	0.279079	FALSE	M1:cds-XAJ25416.1	AGT	S	GGT	G	2
MP|PP755590.1|A/cattle/Texas/24-008749-003/2024(H5N1)	51	G	A	0	0	0	423	125	48	0.995294	425	0	TRUE	M1:cds-XAJ25416.1	TCG	S	TCA	S	17
MP|PP755590.1|A/cattle/Texas/24-008749-003/2024(H5N1)	93	C	G	0	0	0	696	239	52	1	696	0	TRUE	M1:cds-XAJ25416.1	GTC	V	GTG	V	31
MP|PP755590.1|A/cattle/Texas/24-008749-003/2024(H5N1)	105	G	A	1	1	27	721	275	52	0.997234	723	0	TRUE	M1:cds-XAJ25416.1	AAG	K	AAA	K	35
MP|PP755590.1|A/cattle/Texas/24-008749-003/2024(H5N1)	123	T	G	0	0	0	848	312	51	1	848	0	TRUE	M1:cds-XAJ25416.1	GCT	A	GCG	A	41
MP|PP755590.1|A/cattle/Texas/24-008749-003/2024(H5N1)	180	G	A	0	0	0	1203	479	54	1	1203	0	TRUE	M1:cds-XAJ25416.1	TTG	L	TTA	L	60
MP|PP755590.1|A/cattle/Texas/24-008749-003/2024(H5N1)	245	G	A	0	0	0	1279	641	52	0.999219	1280	0	TRUE	M1:cds-XAJ25416.1	AGT	S	AAT	N	82
MP|PP755590.1|A/cattle/Texas/24-008749-003/2024(H5N1)	252	A	T	2	2	29	1176	590	51	0.997455	1179	0	TRUE	M1:cds-XAJ25416.1	CTA	L	CTT	L	84
MP|PP755590.1|A/cattle/Texas/24-008749-003/2024(H5N1)	254	G	A	0	0	0	1172	614	50	1	1172	0	TRUE	M1:cds-XAJ25416.1	AGT	S	AAT	N	85
MP|PP755590.1|A/cattle/Texas/24-008749-003/2024(H5N1)	258	A	G	6	5	30	1163	607	50	0.994017	1170	0	TRUE	M1:cds-XAJ25416.1	GGA	G	GGG	G	86
MP|PP755590.1|A/cattle/Texas/24-008749-003/2024(H5N1)	260	C	A	0	0	0	1151	600	50	1	1151	0	TRUE	M1:cds-XAJ25416.1	ACT	T	AAT	N	87
MP|PP755590.1|A/cattle/Texas/24-008749-003/2024(H5N1)	264	A	G	1	0	70	1145	583	50	0.998256	1147	0	TRUE	M1:cds-XAJ25416.1	GGA	G	GGG	G	88
MP|PP755590.1|A/cattle/Texas/24-008749-003/2024(H5N1)	267	C	T	1	0	30	1152	589	48	0.999133	1153	0	TRUE	M1:cds-XAJ25416.1	GAC	D	GAT	D	89
MP|PP755590.1|A/cattle/Texas/24-008749-003/2024(H5N1)	294	G	A	0	0	0	1270	645	50	1	1270	0	TRUE	M1:cds-XAJ25416.1	AAG	K	AAA	K	98
MP|PP755590.1|A/cattle/Texas/24-008749-003/2024(H5N1)	295	T	C	0	0	0	1291	653	50	0.998453	1293	0	TRUE	M1:cds-XAJ25416.1	TTG	L	CTG	L	99
MP|PP755590.1|A/cattle/Texas/24-008749-003/2024(H5N1)	306	A	G	0	0	0	1262	638	50	1	1262	0	TRUE	M1:cds-XAJ25416.1	AAA	K	AAG	K	102
MP|PP755590.1|A/cattle/Texas/24-008749-003/2024(H5N1)	309	G	A	0	0	0	1301	671	50	1	1301	0	TRUE	M1:cds-XAJ25416.1	CTG	L	CTA	L	103
MP|PP755590.1|A/cattle/Texas/24-008749-003/2024(H5N1)	315	A	G	2	2	20	1223	620	49	0.99674	1227	0	TRUE	M1:cds-XAJ25416.1	AGA	R	AGG	R	105
MP|PP755590.1|A/cattle/Texas/24-008749-003/2024(H5N1)	318	G	A	1	0	32	1255	651	49	0.998409	1257	0	TRUE	M1:cds-XAJ25416.1	GAG	E	GAA	E	106
MP|PP755590.1|A/cattle/Texas/24-008749-003/2024(H5N1)	327	C	T	0	0	0	1299	663	51	1	1299	0	TRUE	M1:cds-XAJ25416.1	TTC	F	TTT	F	109
MP|PP755590.1|A/cattle/Texas/24-008749-003/2024(H5N1)	336	T	A	0	0	0	1345	709	49	0.998515	1347	0	TRUE	M1:cds-XAJ25416.1	GCT	A	GCA	A	112
MP|PP755590.1|A/cattle/Texas/24-008749-003/2024(H5N1)	342	A	G	0	0	0	1293	691	50	0.999227	1294	0	TRUE	M1:cds-XAJ25416.1	GAA	E	GAG	E	114
MP|PP755590.1|A/cattle/Texas/24-008749-003/2024(H5N1)	345	T	G	0	0	0	1254	673	48	0.997613	1257	0	TRUE	M1:cds-XAJ25416.1	GTT	V	GTG	V	115
MP|PP755590.1|A/cattle/Texas/24-008749-003/2024(H5N1)	357	C	T	1	0	30	1373	729	51	0.999272	1374	0	TRUE	M1:cds-XAJ25416.1	TAC	Y	TAT	Y	119
MP|PP755590.1|A/cattle/Texas/24-008749-003/2024(H5N1)	363	C	T	0	0	0	1342	732	52	1	1342	0	TRUE	M1:cds-XAJ25416.1	ACC	T	ACT	T	121
MP|PP755590.1|A/cattle/Texas/24-008749-003/2024(H5N1)	378	T	C	1	0	37	1298	714	50	0.99923	1299	0	TRUE	M1:cds-XAJ25416.1	AGT	S	AGC	S	126
MP|PP755590.1|A/cattle/Texas/24-008749-003/2024(H5N1)	381	T	C	0	0	0	1305	714	51	1	1305	0	TRUE	M1:cds-XAJ25416.1	TGT	C	TGC	C	127
MP|PP755590.1|A/cattle/Texas/24-008749-003/2024(H5N1)	387	T	C	0	0	0	1274	695	50	0.997651	1277	0	TRUE	M1:cds-XAJ25416.1	GGT	G	GGC	G	129
MP|PP755590.1|A/cattle/Texas/24-008749-003/2024(H5N1)	411	G	T	0	0	0	1300	688	50	0.999231	1301	0	TRUE	M1:cds-XAJ25416.1	ACG	T	ACT	T	137
MP|PP755590.1|A/cattle/Texas/24-008749-003/2024(H5N1)	418	G	A	1	1	37	1220	624	48	0.998363	1222	0	TRUE	M1:cds-XAJ25416.1	GCA	A	ACA	T	140
MP|PP755590.1|A/cattle/Texas/24-008749-003/2024(H5N1)	420	A	T	0	0	0	97	58	46	0.0767405	1264	1.15381e-168	TRUE	M1:cds-XAJ25416.1	GCA	A	GCT	A	140
MP|PP755590.1|A/cattle/Texas/24-008749-003/2024(H5N1)	420	A	C	0	0	0	1167	624	50	0.923259	1264	0	TRUE	M1:cds-XAJ25416.1	GCA	A	GCC	A	140
MP|PP755590.1|A/cattle/Texas/24-008749-003/2024(H5N1)	432	G	T	1	1	37	1292	695	51	0.998454	1294	0	TRUE	M1:cds-XAJ25416.1	TTG	L	TTT	F	144
MP|PP755590.1|A/cattle/Texas/24-008749-003/2024(H5N1)	438	A	G	3	0	45	1312	695	50	0.997719	1315	0	TRUE	M1:cds-XAJ25416.1	CTA	L	CTG	L	146
MP|PP755590.1|A/cattle/Texas/24-008749-003/2024(H5N1)	450	C	G	0	0	0	1274	665	52	0.997651	1277	0	TRUE	M1:cds-XAJ25416.1	ACC	T	ACG	T	150
MP|PP755590.1|A/cattle/Texas/24-008749-003/2024(H5N1)	456	A	G	0	0	0	1253	645	52	1	1253	0	TRUE	M1:cds-XAJ25416.1	GAA	E	GAG	E	152
MP|PP755590.1|A/cattle/Texas/24-008749-003/2024(H5N1)	471	A	C	1	0	35	1223	637	53	0.998367	1225	0	TRUE	M1:cds-XAJ25416.1	TCA	S	TCC	S	157
MP|PP755590.1|A/cattle/Texas/24-008749-003/2024(H5N1)	492	G	A	1	1	34	666	366	46	0.998501	667	0	TRUE	M1:cds-XAJ25416.1	CAG	Q	CAA	Q	164
MP|PP755590.1|A/cattle/Texas/24-008749-003/2024(H5N1)	495	A	G	0	0	0	667	366	46	1	667	0	TRUE	M1:cds-XAJ25416.1	ATA	I	ATG	M	165
MP|PP755590.1|A/cattle/Texas/24-008749-003/2024(H5N1)	497	C	T	0	0	0	651	369	45	1	651	0	TRUE	M1:cds-XAJ25416.1	GCT	A	GTT	V	166
MP|PP755590.1|A/cattle/Texas/24-008749-003/2024(H5N1)	498	T	G	0	0	0	650	364	45	0.998464	651	0	TRUE	M1:cds-XAJ25416.1	GCT	A	GCG	A	166
MP|PP755590.1|A/cattle/Texas/24-008749-003/2024(H5N1)	501	C	A	0	0	0	664	364	46	1	664	0	TRUE	M1:cds-XAJ25416.1	ACC	T	ACA	T	167
MP|PP755590.1|A/cattle/Texas/24-008749-003/2024(H5N1)	504	C	A	0	0	0	662	360	46	1	662	0	TRUE	M1:cds-XAJ25416.1	ACC	T	ACA	T	168
MP|PP755590.1|A/cattle/Texas/24-008749-003/2024(H5N1)	513	A	G	2	1	53	755	408	45	0.997358	757	0	TRUE	M1:cds-XAJ25416.1	CCA	P	CCG	P	171
MP|PP755590.1|A/cattle/Texas/24-008749-003/2024(H5N1)	516	G	A	1	1	26	776	422	45	0.998713	777	0	TRUE	M1:cds-XAJ25416.1	CTG	L	CTA	L	172
MP|PP755590.1|A/cattle/Texas/24-008749-003/2024(H5N1)	522	A	G	2	1	39	773	422	46	0.997419	775	0	TRUE	M1:cds-XAJ25416.1	AGA	R	AGG	R	174
MP|PP755590.1|A/cattle/Texas/24-008749-003/2024(H5N1)	528	A	G	1	1	38	794	426	46	0.998742	795	0	TRUE	M1:cds-XAJ25416.1	GAA	E	GAG	E	176
MP|PP755590.1|A/cattle/Texas/24-008749-003/2024(H5N1)	534	A	G	0	0	0	804	436	46	1	804	0	TRUE	M1:cds-XAJ25416.1	AGA	R	AGG	R	178
MP|PP755590.1|A/cattle/Texas/24-008749-003/2024(H5N1)	540	T	A	1	0	32	809	426	45	0.998765	810	0	TRUE	M1:cds-XAJ25416.1	GTT	V	GTA	V	180
MP|PP755590.1|A/cattle/Texas/24-008749-003/2024(H5N1)	541	T	C	0	0	0	808	430	46	0.998764	809	0	TRUE	M1:cds-XAJ25416.1	TTG	L	CTG	L	181
MP|PP755590.1|A/cattle/Texas/24-008749-003/2024(H5N1)	555	A	G	0	0	0	1056	530	46	1	1056	0	TRUE	M1:cds-XAJ25416.1	ACA	T	ACG	T	185
MP|PP755590.1|A/cattle/Texas/24-008749-003/2024(H5N1)	564	T	C	0	0	0	1009	487	47	1	1009	0	TRUE	M1:cds-XAJ25416.1	GCT	A	GCC	A	188
MP|PP755590.1|A/cattle/Texas/24-008749-003/2024(H5N1)	570	G	A	2	2	53	882	421	46	0.997738	884	0	TRUE	M1:cds-XAJ25416.1	GAG	E	GAA	E	190
MP|PP755590.1|A/cattle/Texas/24-008749-003/2024(H5N1)	573	G	A	0	0	0	874	420	46	1	874	0	TRUE	M1:cds-XAJ25416.1	CAG	Q	CAA	Q	191
MP|PP755590.1|A/cattle/Texas/24-008749-003/2024(H5N1)	579	T	A	0	0	0	853	409	46	0.998829	854	0	TRUE	M1:cds-XAJ25416.1	GCT	A	GCA	A	193
MP|PP755590.1|A/cattle/Texas/24-008749-003/2024(H5N1)	582	A	G	0	0	0	868	415	45	1	868	0	TRUE	M1:cds-XAJ25416.1	GGA	G	GGG	G	194
MP|PP755590.1|A/cattle/Texas/24-008749-003/2024(H5N1)	585	G	A	2	1	51	858	414	46	0.997674	860	0	TRUE	M1:cds-XAJ25416.1	TCG	S	TCA	S	195
MP|PP755590.1|A/cattle/Texas/24-008749-003/2024(H5N1)	594	A	G	1	0	35	876	424	46	0.99886	877	0	TRUE	M1:cds-XAJ25416.1	CAA	Q	CAG	Q	198
MP|PP755590.1|A/cattle/Texas/24-008749-003/2024(H5N1)	599	T	C	1	0	20	857	412	45	0.998834	858	0	TRUE	M1:cds-XAJ25416.1	GTG	V	GCG	A	200
MP|PP755590.1|A/cattle/Texas/24-008749-003/2024(H5N1)	600	G	A	1	0	23	864	424	46	0.998844	865	0	TRUE	M1:cds-XAJ25416.1	GTG	V	GTA	V	200
MP|PP755590.1|A/cattle/Texas/24-008749-003/2024(H5N1)	603	A	G	0	0	0	838	415	45	0.998808	839	0	TRUE	M1:cds-XAJ25416.1	GAA	E	GAG	E	201
MP|PP755590.1|A/cattle/Texas/24-008749-003/2024(H5N1)	645	G	A	1	1	31	1179	549	50	0.998307	1181	0	TRUE	M1:cds-XAJ25416.1	GCG	A	GCA	A	215
MP|PP755590.1|A/cattle/Texas/24-008749-003/2024(H5N1)	660	A	G	0	0	0	1228	564	50	0.999186	1229	0	TRUE	M1:cds-XAJ25416.1	GGA	G	GGG	G	220
MP|PP755590.1|A/cattle/Texas/24-008749-003/2024(H5N1)	672	C	T	1	0	25	1245	535	50	0.999197	1246	0	TRUE	M1:cds-XAJ25416.1	AGC	S	AGT	S	224
MP|PP755590.1|A/cattle/Texas/24-008749-003/2024(H5N1)	679	A	G	0	0	0	1184	492	51	0.999156	1185	0	TRUE	M1:cds-XAJ25416.1	ACC	T	GCC	A	227
MP|PP755590.1|A/cattle/Texas/24-008749-003/2024(H5N1)	681	C	T	1	1	73	1196	491	51	0.999165	1197	0	TRUE	M1:cds-XAJ25416.1	ACC	T	ACT	T	227
MP|PP755590.1|A/cattle/Texas/24-008749-003/2024(H5N1)	689	G	A	0	0	0	1284	535	52	1	1284	0	TRUE	M1:cds-XAJ25416.1	AGA	R	AAA	K	230
MP|PP755590.1|A/cattle/Texas/24-008749-003/2024(H5N1)	699	C	T	0	0	0	1312	577	53	1	1312	0	TRUE	M1:cds-XAJ25416.1	CTC	L	CTT	L	233
MP|PP755590.1|A/cattle/Texas/24-008749-003/2024(H5N1)	723	A	G	0	0	0	1359	663	55	1	1359	0	TRUE	M2:cds-XAJ25417.1	AAA	K	AGA	R	3
MP|PP755590.1|A/cattle/Texas/24-008749-003/2024(H5N1)	723	A	G	0	0	0	1359	663	55	1	1359	0	TRUE	M1:cds-XAJ25416.1	CAA	Q	CAG	Q	241
MP|PP755590.1|A/cattle/Texas/24-008749-003/2024(H5N1)	742	C	A	0	0	0	1407	690	54	0.997872	1410	0	TRUE	M2:cds-XAJ25417.1	AAC	N	AAA	K	10
MP|PP755590.1|A/cattle/Texas/24-008749-003/2024(H5N1)	742	C	A	0	0	0	1407	690	54	0.997872	1410	0	TRUE	M1:cds-XAJ25416.1	CTG	L	ATG	M	248
MP|PP755590.1|A/cattle/Texas/24-008749-003/2024(H5N1)	746	A	G	1392	678	55	15	7	50	0.0106534	1408	3.41165e-07	TRUE	M2:cds-XAJ25417.1	AGC	S	GGC	G	11
MP|PP755590.1|A/cattle/Texas/24-008749-003/2024(H5N1)	746	A	G	1392	678	55	15	7	50	0.0106534	1408	3.41165e-07	TRUE	M1:cds-XAJ25416.1	CAG	Q	CGG	R	249
MP|PP755590.1|A/cattle/Texas/24-008749-003/2024(H5N1)	823	C	T	3	2	60	1307	731	55	0.996949	1311	0	TRUE	M2:cds-XAJ25417.1	CGC	R	CGT	R	37
MP|PP755590.1|A/cattle/Texas/24-008749-003/2024(H5N1)	839	G	A	0	0	0	1315	780	55	1	1315	0	TRUE	M2:cds-XAJ25417.1	GTT	V	ATT	I	42
MP|PP755590.1|A/cattle/Texas/24-008749-003/2024(H5N1)	869	G	A	0	0	0	1186	746	54	0.998316	1188	0	TRUE	M2:cds-XAJ25417.1	GGA	G	AGA	R	52
MP|PP755590.1|A/cattle/Texas/24-008749-003/2024(H5N1)	891	T	C	1076	727	52	29	22	50	0.0262443	1105	4.81632e-13	TRUE	M2:cds-XAJ25417.1	GTA	V	GCA	A	59
MP|PP755590.1|A/cattle/Texas/24-008749-003/2024(H5N1)	892	A	G	0	0	0	1090	731	52	0.997255	1093	0	TRUE	M2:cds-XAJ25417.1	GTA	V	GTG	V	60
MP|PP755590.1|A/cattle/Texas/24-008749-003/2024(H5N1)	901	C	T	0	0	0	1011	686	54	1	1011	0	TRUE	M2:cds-XAJ25417.1	TCC	S	TCT	S	63
MP|PP755590.1|A/cattle/Texas/24-008749-003/2024(H5N1)	905	A	G	989	684	53	13	7	48	0.0129741	1002	3.96191e-06	TRUE	M2:cds-XAJ25417.1	AGG	R	GGG	G	64
MP|PP755590.1|A/cattle/Texas/24-008749-003/2024(H5N1)	913	G	A	0	0	0	870	614	52	0.998852	871	0	TRUE	M2:cds-XAJ25417.1	GAG	E	GAA	E	67
MP|PP755590.1|A/cattle/Texas/24-008749-003/2024(H5N1)	916	C	T	0	0	0	857	603	52	0.998834	858	0	TRUE	M2:cds-XAJ25417.1	TAC	Y	TAT	Y	68
MP|PP755590.1|A/cattle/Texas/24-008749-003/2024(H5N1)	950	A	G	0	0	0	514	368	49	0.998058	515	0	TRUE	M2:cds-XAJ25417.1	AAT	N	GAT	D	79
