REGION	POS	REF	ALT	REF_DP	REF_RV	REF_QUAL	ALT_DP	ALT_RV	ALT_QUAL	ALT_FREQ	TOTAL_DP	PVAL	PASS	GFF_FEATURE	REF_CODON	REF_AA	ALT_CODON	ALT_AA	POS_AA
PB1|PP755595.1|A/cattle/Texas/24-008749-003/2024(H5N1)	18	C	T	0	0	0	149	53	41	1	149	2.03524e-183	TRUE	PB1:cds-XAJ25424.1	ACC	T	ACT	T	6
PB1|PP755595.1|A/cattle/Texas/24-008749-003/2024(H5N1)	24	C	T	0	0	0	153	54	42	1	153	1.67584e-187	TRUE	PB1:cds-XAJ25424.1	CTC	L	CTT	L	8
PB1|PP755595.1|A/cattle/Texas/24-008749-003/2024(H5N1)	30	G	A	0	0	0	188	64	41	1	188	4.12013e-218	TRUE	PB1:cds-XAJ25424.1	TTG	L	TTA	L	10
PB1|PP755595.1|A/cattle/Texas/24-008749-003/2024(H5N1)	34	G	-TT	210	70	41	10	0	20	0.0106496	939	0.000936984	TRUE	NA	NA	NA	NA	NA	NA
PB1|PP755595.1|A/cattle/Texas/24-008749-003/2024(H5N1)	36	T	G	0	0	0	203	68	41	1	203	6.57365e-232	TRUE	PB1:cds-XAJ25424.1	GTT	V	GTG	V	12
PB1|PP755595.1|A/cattle/Texas/24-008749-003/2024(H5N1)	46	A	G	0	0	0	269	89	41	1	269	5.5068e-285	TRUE	PB1:cds-XAJ25424.1	AAT	N	GAT	D	16
PB1|PP755595.1|A/cattle/Texas/24-008749-003/2024(H5N1)	69	G	T	0	0	0	582	132	38	0.994872	585	0	TRUE	PB1:cds-XAJ25424.1	CCG	P	CCT	P	23
PB1|PP755595.1|A/cattle/Texas/24-008749-003/2024(H5N1)	72	T	C	1	0	34	598	141	39	0.998331	599	0	TRUE	PB1:cds-XAJ25424.1	TAT	Y	TAC	Y	24
PB1|PP755595.1|A/cattle/Texas/24-008749-003/2024(H5N1)	105	A	G	0	0	0	838	223	41	1	838	0	TRUE	PB1:cds-XAJ25424.1	GGA	G	GGG	G	35
PB1|PP755595.1|A/cattle/Texas/24-008749-003/2024(H5N1)	105	A	G	0	0	0	838	223	41	1	838	0	TRUE	PB1-F2:cds-XAJ25425.1	GAA	E	GGA	G	4
PB1|PP755595.1|A/cattle/Texas/24-008749-003/2024(H5N1)	111	A	G	1	0	34	736	180	40	0.99729	738	0	TRUE	PB1:cds-XAJ25424.1	GGA	G	GGG	G	37
PB1|PP755595.1|A/cattle/Texas/24-008749-003/2024(H5N1)	111	A	G	1	0	34	736	180	40	0.99729	738	0	TRUE	PB1-F2:cds-XAJ25425.1	GAT	D	GGT	G	6
PB1|PP755595.1|A/cattle/Texas/24-008749-003/2024(H5N1)	114	T	C	0	0	0	740	187	40	1	740	0	TRUE	PB1:cds-XAJ25424.1	TAT	Y	TAC	Y	38
PB1|PP755595.1|A/cattle/Texas/24-008749-003/2024(H5N1)	114	T	C	0	0	0	740	187	40	1	740	0	TRUE	PB1-F2:cds-XAJ25425.1	ATA	I	ACA	T	7
PB1|PP755595.1|A/cattle/Texas/24-008749-003/2024(H5N1)	117	C	A	0	0	0	739	183	40	1	739	0	TRUE	PB1:cds-XAJ25424.1	ACC	T	ACA	T	39
PB1|PP755595.1|A/cattle/Texas/24-008749-003/2024(H5N1)	117	C	A	0	0	0	739	183	40	1	739	0	TRUE	PB1-F2:cds-XAJ25425.1	CCA	P	CAA	Q	8
PB1|PP755595.1|A/cattle/Texas/24-008749-003/2024(H5N1)	129	T	C	0	0	0	899	289	41	1	899	0	TRUE	PB1:cds-XAJ25424.1	GTT	V	GTC	V	43
PB1|PP755595.1|A/cattle/Texas/24-008749-003/2024(H5N1)	129	T	C	0	0	0	899	289	41	1	899	0	TRUE	PB1-F2:cds-XAJ25425.1	TTA	L	TCA	S	12
PB1|PP755595.1|A/cattle/Texas/24-008749-003/2024(H5N1)	147	T	C	1	0	34	930	338	41	0.998926	931	0	TRUE	PB1:cds-XAJ25424.1	TAT	Y	TAC	Y	49
PB1|PP755595.1|A/cattle/Texas/24-008749-003/2024(H5N1)	147	T	C	1	0	34	930	338	41	0.998926	931	0	TRUE	PB1-F2:cds-XAJ25425.1	ATT	I	ACT	T	18
PB1|PP755595.1|A/cattle/Texas/24-008749-003/2024(H5N1)	153	A	G	0	0	0	859	290	41	0.997677	861	0	TRUE	PB1:cds-XAJ25424.1	GAA	E	GAG	E	51
PB1|PP755595.1|A/cattle/Texas/24-008749-003/2024(H5N1)	153	A	G	0	0	0	859	290	41	0.997677	861	0	TRUE	PB1-F2:cds-XAJ25425.1	AAA	K	AGA	R	20
PB1|PP755595.1|A/cattle/Texas/24-008749-003/2024(H5N1)	156	A	G	4	3	36	859	295	41	0.994213	864	0	TRUE	PB1:cds-XAJ25424.1	AAA	K	AAG	K	52
PB1|PP755595.1|A/cattle/Texas/24-008749-003/2024(H5N1)	156	A	G	4	3	36	859	295	41	0.994213	864	0	TRUE	PB1-F2:cds-XAJ25425.1	AAG	K	AGG	R	21
PB1|PP755595.1|A/cattle/Texas/24-008749-003/2024(H5N1)	159	G	A	13	7	28	847	287	40	0.984884	860	0	TRUE	PB1:cds-XAJ25424.1	GGG	G	GGA	G	53
PB1|PP755595.1|A/cattle/Texas/24-008749-003/2024(H5N1)	159	G	A	13	7	28	847	287	40	0.984884	860	0	TRUE	PB1-F2:cds-XAJ25425.1	GGA	G	GAA	E	22
PB1|PP755595.1|A/cattle/Texas/24-008749-003/2024(H5N1)	159	G	+A	13	7	28	23	0	20	0.0200523	1147	4.0205e-31	TRUE	NA	NA	NA	NA	NA	NA
PB1|PP755595.1|A/cattle/Texas/24-008749-003/2024(H5N1)	175	T	A	2	1	26	914	359	43	0.997817	916	0	TRUE	PB1:cds-XAJ25424.1	TCA	S	ACA	T	59
PB1|PP755595.1|A/cattle/Texas/24-008749-003/2024(H5N1)	175	T	A	2	1	26	914	359	43	0.997817	916	0	TRUE	PB1-F2:cds-XAJ25425.1	ACT	T	ACA	T	27
PB1|PP755595.1|A/cattle/Texas/24-008749-003/2024(H5N1)	186	G	A	4	1	34	944	396	43	0.995781	948	0	TRUE	PB1:cds-XAJ25424.1	GGG	G	GGA	G	62
PB1|PP755595.1|A/cattle/Texas/24-008749-003/2024(H5N1)	186	G	A	4	1	34	944	396	43	0.995781	948	0	TRUE	PB1-F2:cds-XAJ25425.1	GGG	G	GAG	E	31
PB1|PP755595.1|A/cattle/Texas/24-008749-003/2024(H5N1)	201	T	C	0	0	0	958	389	42	1	958	0	TRUE	PB1:cds-XAJ25424.1	AAT	N	AAC	N	67
PB1|PP755595.1|A/cattle/Texas/24-008749-003/2024(H5N1)	201	T	C	0	0	0	958	389	42	1	958	0	TRUE	PB1-F2:cds-XAJ25425.1	ATC	I	ACC	T	36
PB1|PP755595.1|A/cattle/Texas/24-008749-003/2024(H5N1)	213	A	G	2	1	41	708	319	39	0.997183	710	0	TRUE	PB1:cds-XAJ25424.1	GGA	G	GGG	G	71
PB1|PP755595.1|A/cattle/Texas/24-008749-003/2024(H5N1)	213	A	G	2	1	41	708	319	39	0.997183	710	0	TRUE	PB1-F2:cds-XAJ25425.1	GAC	D	GGC	G	40
PB1|PP755595.1|A/cattle/Texas/24-008749-003/2024(H5N1)	217	T	C	0	0	0	703	345	39	1	703	0	TRUE	PB1:cds-XAJ25424.1	TTG	L	CTG	L	73
PB1|PP755595.1|A/cattle/Texas/24-008749-003/2024(H5N1)	217	T	C	0	0	0	703	345	39	1	703	0	TRUE	PB1-F2:cds-XAJ25425.1	CAT	H	CAC	H	41
PB1|PP755595.1|A/cattle/Texas/24-008749-003/2024(H5N1)	219	G	A	0	0	0	665	344	38	0.997001	667	0	TRUE	PB1:cds-XAJ25424.1	TTG	L	TTA	L	73
PB1|PP755595.1|A/cattle/Texas/24-008749-003/2024(H5N1)	219	G	A	0	0	0	665	344	38	0.997001	667	0	TRUE	PB1-F2:cds-XAJ25425.1	TGC	C	TAC	Y	42
PB1|PP755595.1|A/cattle/Texas/24-008749-003/2024(H5N1)	225	T	G	0	0	0	739	352	39	0.997301	741	0	TRUE	PB1:cds-XAJ25424.1	GAT	D	GAG	E	75
PB1|PP755595.1|A/cattle/Texas/24-008749-003/2024(H5N1)	225	T	G	0	0	0	739	352	39	0.997301	741	0	TRUE	PB1-F2:cds-XAJ25425.1	ATG	M	AGG	R	44
PB1|PP755595.1|A/cattle/Texas/24-008749-003/2024(H5N1)	231	T	C	0	0	0	761	369	39	0.998688	762	0	TRUE	PB1:cds-XAJ25424.1	AAT	N	AAC	N	77
PB1|PP755595.1|A/cattle/Texas/24-008749-003/2024(H5N1)	231	T	C	0	0	0	761	369	39	0.998688	762	0	TRUE	PB1-F2:cds-XAJ25425.1	ATG	M	ACG	T	46
PB1|PP755595.1|A/cattle/Texas/24-008749-003/2024(H5N1)	234	G	A	0	0	0	569	365	37	0.994755	572	0	TRUE	PB1:cds-XAJ25424.1	GAG	E	GAA	E	78
PB1|PP755595.1|A/cattle/Texas/24-008749-003/2024(H5N1)	234	G	A	0	0	0	569	365	37	0.994755	572	0	TRUE	PB1-F2:cds-XAJ25425.1	AGC	S	AAC	N	47
PB1|PP755595.1|A/cattle/Texas/24-008749-003/2024(H5N1)	240	T	C	0	0	0	852	425	39	1	852	0	TRUE	PB1:cds-XAJ25424.1	AGT	S	AGC	S	80
PB1|PP755595.1|A/cattle/Texas/24-008749-003/2024(H5N1)	240	T	C	0	0	0	852	425	39	1	852	0	TRUE	PB1-F2:cds-XAJ25425.1	GTG	V	GCG	A	49
PB1|PP755595.1|A/cattle/Texas/24-008749-003/2024(H5N1)	255	G	A	0	0	0	827	402	38	0.998792	828	0	TRUE	PB1:cds-XAJ25424.1	ACG	T	ACA	T	85
PB1|PP755595.1|A/cattle/Texas/24-008749-003/2024(H5N1)	255	G	A	0	0	0	827	402	38	0.998792	828	0	TRUE	PB1-F2:cds-XAJ25425.1	CGG	R	CAG	Q	54
PB1|PP755595.1|A/cattle/Texas/24-008749-003/2024(H5N1)	258	C	T	0	0	0	799	359	38	1	799	0	TRUE	PB1:cds-XAJ25424.1	GAC	D	GAT	D	86
PB1|PP755595.1|A/cattle/Texas/24-008749-003/2024(H5N1)	258	C	T	0	0	0	799	359	38	1	799	0	TRUE	PB1-F2:cds-XAJ25425.1	ACT	T	ATT	I	55
PB1|PP755595.1|A/cattle/Texas/24-008749-003/2024(H5N1)	264	C	G	0	0	0	852	411	39	0.998828	853	0	TRUE	PB1:cds-XAJ25424.1	GTC	V	GTG	V	88
PB1|PP755595.1|A/cattle/Texas/24-008749-003/2024(H5N1)	264	C	G	0	0	0	852	411	39	0.998828	853	0	TRUE	PB1-F2:cds-XAJ25425.1	TCC	S	TGC	C	57
PB1|PP755595.1|A/cattle/Texas/24-008749-003/2024(H5N1)	265	C	T	0	0	0	824	395	38	1	824	0	TRUE	PB1:cds-XAJ25424.1	CTT	L	TTT	F	89
PB1|PP755595.1|A/cattle/Texas/24-008749-003/2024(H5N1)	265	C	T	0	0	0	824	395	38	1	824	0	TRUE	PB1-F2:cds-XAJ25425.1	TCC	S	TCT	S	57
PB1|PP755595.1|A/cattle/Texas/24-008749-003/2024(H5N1)	267	T	G	0	0	0	851	414	39	1	851	0	TRUE	PB1:cds-XAJ25424.1	CTT	L	CTG	L	89
PB1|PP755595.1|A/cattle/Texas/24-008749-003/2024(H5N1)	267	T	G	0	0	0	851	414	39	1	851	0	TRUE	PB1-F2:cds-XAJ25425.1	TTG	L	TGG	W	58
PB1|PP755595.1|A/cattle/Texas/24-008749-003/2024(H5N1)	288	A	G	0	0	0	910	434	39	1	910	0	TRUE	PB1:cds-XAJ25424.1	GAA	E	GAG	E	96
PB1|PP755595.1|A/cattle/Texas/24-008749-003/2024(H5N1)	288	A	G	0	0	0	910	434	39	1	910	0	TRUE	PB1-F2:cds-XAJ25425.1	AAG	K	AGG	R	65
PB1|PP755595.1|A/cattle/Texas/24-008749-003/2024(H5N1)	291	A	G	0	0	0	907	438	39	1	907	0	TRUE	PB1:cds-XAJ25424.1	GAA	E	GAG	E	97
PB1|PP755595.1|A/cattle/Texas/24-008749-003/2024(H5N1)	291	A	G	0	0	0	907	438	39	1	907	0	TRUE	PB1-F2:cds-XAJ25425.1	AAT	N	AGT	S	66
PB1|PP755595.1|A/cattle/Texas/24-008749-003/2024(H5N1)	297	T	C	0	0	0	963	498	40	1	963	0	TRUE	PB1:cds-XAJ25424.1	CAT	H	CAC	H	99
PB1|PP755595.1|A/cattle/Texas/24-008749-003/2024(H5N1)	297	T	C	0	0	0	963	498	40	1	963	0	TRUE	PB1-F2:cds-XAJ25425.1	ATC	I	ACC	T	68
PB1|PP755595.1|A/cattle/Texas/24-008749-003/2024(H5N1)	303	A	G	5	5	34	905	449	42	0.994505	910	0	TRUE	PB1:cds-XAJ25424.1	GGA	G	GGG	G	101
PB1|PP755595.1|A/cattle/Texas/24-008749-003/2024(H5N1)	303	A	G	5	5	34	905	449	42	0.994505	910	0	TRUE	PB1-F2:cds-XAJ25425.1	GAA	E	GGA	G	70
PB1|PP755595.1|A/cattle/Texas/24-008749-003/2024(H5N1)	318	G	T	0	0	0	871	440	42	1	871	0	TRUE	PB1:cds-XAJ25424.1	TCG	S	TCT	S	106
PB1|PP755595.1|A/cattle/Texas/24-008749-003/2024(H5N1)	318	G	T	0	0	0	871	440	42	1	871	0	TRUE	PB1-F2:cds-XAJ25425.1	CGT	R	CTT	L	75
PB1|PP755595.1|A/cattle/Texas/24-008749-003/2024(H5N1)	337	G	A	0	0	0	774	431	40	1	774	0	TRUE	PB1:cds-XAJ25424.1	GTT	V	ATT	I	113
PB1|PP755595.1|A/cattle/Texas/24-008749-003/2024(H5N1)	337	G	A	0	0	0	774	431	40	1	774	0	TRUE	PB1-F2:cds-XAJ25425.1	AAG	K	AAA	K	81
PB1|PP755595.1|A/cattle/Texas/24-008749-003/2024(H5N1)	339	T	C	0	0	0	810	453	41	1	810	0	TRUE	PB1:cds-XAJ25424.1	GTT	V	GTC	V	113
PB1|PP755595.1|A/cattle/Texas/24-008749-003/2024(H5N1)	339	T	C	0	0	0	810	453	41	1	810	0	TRUE	PB1-F2:cds-XAJ25425.1	TTG	L	TCG	S	82
PB1|PP755595.1|A/cattle/Texas/24-008749-003/2024(H5N1)	345	A	G	0	0	0	796	450	41	1	796	0	TRUE	PB1:cds-XAJ25424.1	CAA	Q	CAG	Q	115
PB1|PP755595.1|A/cattle/Texas/24-008749-003/2024(H5N1)	345	A	G	0	0	0	796	450	41	1	796	0	TRUE	PB1-F2:cds-XAJ25425.1	AAC	N	AGC	S	84
PB1|PP755595.1|A/cattle/Texas/24-008749-003/2024(H5N1)	363	G	A	1	1	68	375	272	35	0.99734	376	3.65218e-251	TRUE	PB1:cds-XAJ25424.1	AAG	K	AAA	K	121
PB1|PP755595.1|A/cattle/Texas/24-008749-003/2024(H5N1)	363	G	A	1	1	68	375	272	35	0.99734	376	3.65218e-251	TRUE	PB1-F2:cds-XAJ25425.1	AGT	S	AAT	N	90
PB1|PP755595.1|A/cattle/Texas/24-008749-003/2024(H5N1)	364	T	C	1	1	34	413	281	36	0.997585	414	1.12543e-257	TRUE	PB1:cds-XAJ25424.1	TTG	L	CTG	L	122
PB1|PP755595.1|A/cattle/Texas/24-008749-003/2024(H5N1)	364	T	C	1	1	34	413	281	36	0.997585	414	1.12543e-257	TRUE	PB1-F2:cds-XAJ25425.1	AGT	S	AGC	S	90
PB1|PP755595.1|A/cattle/Texas/24-008749-003/2024(H5N1)	366	G	A	0	0	0	412	279	36	1	412	1.08878e-259	TRUE	PB1:cds-XAJ25424.1	TTG	L	TTA	L	122
PB1|PP755595.1|A/cattle/Texas/24-008749-003/2024(H5N1)	366	G	A	0	0	0	412	279	36	1	412	1.08878e-259	TRUE	PB1-F2:cds-XAJ25425.1	TGA	*	TAA	*	91
PB1|PP755595.1|A/cattle/Texas/24-008749-003/2024(H5N1)	369	C	T	0	0	0	402	272	36	1	402	3.70092e-256	TRUE	PB1:cds-XAJ25424.1	ACC	T	ACT	T	123
PB1|PP755595.1|A/cattle/Texas/24-008749-003/2024(H5N1)	375	C	T	0	0	0	417	285	36	1	417	5.15325e-261	TRUE	PB1:cds-XAJ25424.1	GGC	G	GGT	G	125
PB1|PP755595.1|A/cattle/Texas/24-008749-003/2024(H5N1)	378	T	C	0	0	0	417	285	36	1	417	5.15325e-261	TRUE	PB1:cds-XAJ25424.1	CGT	R	CGC	R	126
PB1|PP755595.1|A/cattle/Texas/24-008749-003/2024(H5N1)	384	T	C	0	0	0	410	285	36	1	410	9.17791e-259	TRUE	PB1:cds-XAJ25424.1	ACT	T	ACC	T	128
PB1|PP755595.1|A/cattle/Texas/24-008749-003/2024(H5N1)	397	T	C	0	0	0	378	278	35	1	378	4.10845e-234	TRUE	PB1:cds-XAJ25424.1	TTA	L	CTA	L	133
PB1|PP755595.1|A/cattle/Texas/24-008749-003/2024(H5N1)	402	C	T	0	0	0	368	273	35	1	368	1.6077e-229	TRUE	PB1:cds-XAJ25424.1	AAC	N	AAT	N	134
PB1|PP755595.1|A/cattle/Texas/24-008749-003/2024(H5N1)	408	T	C	0	0	0	347	259	34	1	347	1.88166e-215	TRUE	PB1:cds-XAJ25424.1	AAT	N	AAC	N	136
PB1|PP755595.1|A/cattle/Texas/24-008749-003/2024(H5N1)	411	G	A	0	0	0	341	255	34	1	341	5.57166e-211	TRUE	PB1:cds-XAJ25424.1	CAG	Q	CAA	Q	137
PB1|PP755595.1|A/cattle/Texas/24-008749-003/2024(H5N1)	414	G	A	0	0	0	337	252	34	1	337	7.35404e-209	TRUE	PB1:cds-XAJ25424.1	CCG	P	CCA	P	138
PB1|PP755595.1|A/cattle/Texas/24-008749-003/2024(H5N1)	426	A	C	0	0	0	55	55	33	1	55	1.01495e-32	TRUE	PB1:cds-XAJ25424.1	GCA	A	GCC	A	142
PB1|PP755595.1|A/cattle/Texas/24-008749-003/2024(H5N1)	427	T	C	0	0	0	56	56	33	1	56	5.12046e-33	TRUE	PB1:cds-XAJ25424.1	TTA	L	CTA	L	143
PB1|PP755595.1|A/cattle/Texas/24-008749-003/2024(H5N1)	429	A	G	0	0	0	55	55	33	1	55	1.01495e-32	TRUE	PB1:cds-XAJ25424.1	TTA	L	TTG	L	143
PB1|PP755595.1|A/cattle/Texas/24-008749-003/2024(H5N1)	432	T	C	0	0	0	55	55	33	1	55	1.01495e-32	TRUE	PB1:cds-XAJ25424.1	GCT	A	GCC	A	144
PB1|PP755595.1|A/cattle/Texas/24-008749-003/2024(H5N1)	434	A	G	0	0	0	54	54	33	1	54	2.0299e-32	TRUE	PB1:cds-XAJ25424.1	AAT	N	AGT	S	145
PB1|PP755595.1|A/cattle/Texas/24-008749-003/2024(H5N1)	435	T	C	0	0	0	55	55	33	1	55	1.47177e-37	TRUE	PB1:cds-XAJ25424.1	AAT	N	AAC	N	145
PB1|PP755595.1|A/cattle/Texas/24-008749-003/2024(H5N1)	456	G	A	0	0	0	849	370	39	1	849	0	TRUE	PB1:cds-XAJ25424.1	TCG	S	TCA	S	152
PB1|PP755595.1|A/cattle/Texas/24-008749-003/2024(H5N1)	460	G	A	0	0	0	843	370	39	0.998815	844	0	TRUE	PB1:cds-XAJ25424.1	GGT	G	AGT	S	154
PB1|PP755595.1|A/cattle/Texas/24-008749-003/2024(H5N1)	465	T	A	0	0	0	898	380	39	0.998888	899	0	TRUE	PB1:cds-XAJ25424.1	CTT	L	CTA	L	155
PB1|PP755595.1|A/cattle/Texas/24-008749-003/2024(H5N1)	471	T	C	0	0	0	870	341	40	1	870	0	TRUE	PB1:cds-XAJ25424.1	GCT	A	GCC	A	157
PB1|PP755595.1|A/cattle/Texas/24-008749-003/2024(H5N1)	480	A	G	1	0	34	845	323	40	0.998818	846	0	TRUE	PB1:cds-XAJ25424.1	TCA	S	TCG	S	160
PB1|PP755595.1|A/cattle/Texas/24-008749-003/2024(H5N1)	483	A	G	0	0	0	857	327	40	1	857	0	TRUE	PB1:cds-XAJ25424.1	GGA	G	GGG	G	161
PB1|PP755595.1|A/cattle/Texas/24-008749-003/2024(H5N1)	486	G	A	0	0	0	737	342	38	0.997294	739	0	TRUE	PB1:cds-XAJ25424.1	AGG	R	AGA	R	162
PB1|PP755595.1|A/cattle/Texas/24-008749-003/2024(H5N1)	511	G	A	0	0	0	900	343	41	0.99889	901	0	TRUE	PB1:cds-XAJ25424.1	GTG	V	ATG	M	171
PB1|PP755595.1|A/cattle/Texas/24-008749-003/2024(H5N1)	516	A	C	0	0	0	894	328	42	0.998883	895	0	TRUE	PB1:cds-XAJ25424.1	GAA	E	GAC	D	172
PB1|PP755595.1|A/cattle/Texas/24-008749-003/2024(H5N1)	531	G	A	0	0	0	900	363	44	1	900	0	TRUE	PB1:cds-XAJ25424.1	GAG	E	GAA	E	177
PB1|PP755595.1|A/cattle/Texas/24-008749-003/2024(H5N1)	537	A	G	0	0	0	879	366	44	1	879	0	TRUE	PB1:cds-XAJ25424.1	ATA	I	ATG	M	179
PB1|PP755595.1|A/cattle/Texas/24-008749-003/2024(H5N1)	549	G	A	0	0	0	901	383	44	0.998891	902	0	TRUE	PB1:cds-XAJ25424.1	ACG	T	ACA	T	183
PB1|PP755595.1|A/cattle/Texas/24-008749-003/2024(H5N1)	558	A	G	0	0	0	847	362	44	0.998821	848	0	TRUE	PB1:cds-XAJ25424.1	CAA	Q	CAG	Q	186
PB1|PP755595.1|A/cattle/Texas/24-008749-003/2024(H5N1)	561	G	A	4	3	45	710	289	39	0.994398	714	0	TRUE	PB1:cds-XAJ25424.1	AGG	R	AGA	R	187
PB1|PP755595.1|A/cattle/Texas/24-008749-003/2024(H5N1)	564	A	G	2	1	59	839	352	45	0.997622	841	0	TRUE	PB1:cds-XAJ25424.1	AAA	K	AAG	K	188
PB1|PP755595.1|A/cattle/Texas/24-008749-003/2024(H5N1)	564	A	+G	2	1	59	13	0	20	0.010906	1192	1.49947e-22	TRUE	NA	NA	NA	NA	NA	NA
PB1|PP755595.1|A/cattle/Texas/24-008749-003/2024(H5N1)	573	G	A	2	0	34	876	359	43	0.997722	878	0	TRUE	PB1:cds-XAJ25424.1	GTG	V	GTA	V	191
PB1|PP755595.1|A/cattle/Texas/24-008749-003/2024(H5N1)	576	A	G	1	1	34	886	351	42	0.998873	887	0	TRUE	PB1:cds-XAJ25424.1	AGA	R	AGG	R	192
PB1|PP755595.1|A/cattle/Texas/24-008749-003/2024(H5N1)	607	C	A	0	0	0	666	417	37	1	666	0	TRUE	PB1:cds-XAJ25424.1	CGG	R	AGG	R	203
PB1|PP755595.1|A/cattle/Texas/24-008749-003/2024(H5N1)	609	G	A	0	0	0	747	411	38	1	747	0	TRUE	PB1:cds-XAJ25424.1	CGG	R	CGA	R	203
PB1|PP755595.1|A/cattle/Texas/24-008749-003/2024(H5N1)	612	G	A	0	0	0	764	403	39	1	764	0	TRUE	PB1:cds-XAJ25424.1	ACG	T	ACA	T	204
PB1|PP755595.1|A/cattle/Texas/24-008749-003/2024(H5N1)	620	A	G	0	0	0	780	429	40	1	780	0	TRUE	PB1:cds-XAJ25424.1	AAG	K	AGG	R	207
PB1|PP755595.1|A/cattle/Texas/24-008749-003/2024(H5N1)	633	G	A	0	0	0	710	421	39	1	710	0	TRUE	PB1:cds-XAJ25424.1	AGG	R	AGA	R	211
PB1|PP755595.1|A/cattle/Texas/24-008749-003/2024(H5N1)	634	T	C	0	0	0	718	432	39	1	718	0	TRUE	PB1:cds-XAJ25424.1	TTA	L	CTA	L	212
PB1|PP755595.1|A/cattle/Texas/24-008749-003/2024(H5N1)	642	A	G	0	0	0	690	401	39	1	690	0	TRUE	PB1:cds-XAJ25424.1	AAA	K	AAG	K	214
PB1|PP755595.1|A/cattle/Texas/24-008749-003/2024(H5N1)	651	T	C	0	0	0	559	335	38	1	559	0	TRUE	PB1:cds-XAJ25424.1	TAT	Y	TAC	Y	217
PB1|PP755595.1|A/cattle/Texas/24-008749-003/2024(H5N1)	652	C	T	0	0	0	545	316	38	1	545	0	TRUE	PB1:cds-XAJ25424.1	CTG	L	TTG	L	218
PB1|PP755595.1|A/cattle/Texas/24-008749-003/2024(H5N1)	654	G	A	0	0	0	556	337	38	0.998205	557	0	TRUE	PB1:cds-XAJ25424.1	CTG	L	CTA	L	218
PB1|PP755595.1|A/cattle/Texas/24-008749-003/2024(H5N1)	664	T	C	2	1	51	649	432	39	0.996928	651	0	TRUE	PB1:cds-XAJ25424.1	TTG	L	CTG	L	222
PB1|PP755595.1|A/cattle/Texas/24-008749-003/2024(H5N1)	675	C	T	0	0	0	586	376	39	1	586	0	TRUE	PB1:cds-XAJ25424.1	AAC	N	AAT	N	225
PB1|PP755595.1|A/cattle/Texas/24-008749-003/2024(H5N1)	690	C	T	0	0	0	515	320	38	0.998062	516	0	TRUE	PB1:cds-XAJ25424.1	GAC	D	GAT	D	230
PB1|PP755595.1|A/cattle/Texas/24-008749-003/2024(H5N1)	693	C	T	0	0	0	516	332	39	1	516	0	TRUE	PB1:cds-XAJ25424.1	GCC	A	GCT	A	231
PB1|PP755595.1|A/cattle/Texas/24-008749-003/2024(H5N1)	708	A	G	2	1	34	545	374	38	0.996344	547	0	TRUE	PB1:cds-XAJ25424.1	TTA	L	TTG	L	236
PB1|PP755595.1|A/cattle/Texas/24-008749-003/2024(H5N1)	715	A	C	1	0	34	541	373	38	0.998155	542	0	TRUE	PB1:cds-XAJ25424.1	AGG	R	CGG	R	239
PB1|PP755595.1|A/cattle/Texas/24-008749-003/2024(H5N1)	720	A	G	1	1	34	509	379	36	0.998039	510	0	TRUE	PB1:cds-XAJ25424.1	GCA	A	GCG	A	240
PB1|PP755595.1|A/cattle/Texas/24-008749-003/2024(H5N1)	732	C	A	0	0	0	356	265	33	1	356	5.22459e-220	TRUE	PB1:cds-XAJ25424.1	CCC	P	CCA	P	244
PB1|PP755595.1|A/cattle/Texas/24-008749-003/2024(H5N1)	735	A	G	0	0	0	365	266	33	1	365	1.62644e-222	TRUE	PB1:cds-XAJ25424.1	GGA	G	GGG	G	245
PB1|PP755595.1|A/cattle/Texas/24-008749-003/2024(H5N1)	741	A	G	0	0	0	366	272	33	1	366	8.01181e-223	TRUE	PB1:cds-XAJ25424.1	CAA	Q	CAG	Q	247
PB1|PP755595.1|A/cattle/Texas/24-008749-003/2024(H5N1)	744	C	T	0	0	0	365	272	33	1	365	1.62644e-222	TRUE	PB1:cds-XAJ25424.1	ATC	I	ATT	I	248
PB1|PP755595.1|A/cattle/Texas/24-008749-003/2024(H5N1)	750	G	A	0	0	0	448	297	33	1	448	4.86547e-273	TRUE	PB1:cds-XAJ25424.1	GGG	G	GGA	G	250
PB1|PP755595.1|A/cattle/Texas/24-008749-003/2024(H5N1)	765	T	C	0	0	0	374	193	33	1	374	9.48739e-227	TRUE	PB1:cds-XAJ25424.1	GTT	V	GTC	V	255
PB1|PP755595.1|A/cattle/Texas/24-008749-003/2024(H5N1)	769	A	G	0	0	0	366	188	33	1	366	2.74754e-224	TRUE	PB1:cds-XAJ25424.1	ACA	T	GCA	A	257
PB1|PP755595.1|A/cattle/Texas/24-008749-003/2024(H5N1)	772	T	C	0	0	0	376	194	33	1	376	4.62601e-227	TRUE	PB1:cds-XAJ25424.1	TTA	L	CTA	L	258
PB1|PP755595.1|A/cattle/Texas/24-008749-003/2024(H5N1)	774	A	G	0	0	0	374	194	33	1	374	1.87761e-226	TRUE	PB1:cds-XAJ25424.1	TTA	L	TTG	L	258
PB1|PP755595.1|A/cattle/Texas/24-008749-003/2024(H5N1)	786	T	C	0	0	0	457	200	33	1	457	1.43508e-277	TRUE	PB1:cds-XAJ25424.1	ATT	I	ATC	I	262
PB1|PP755595.1|A/cattle/Texas/24-008749-003/2024(H5N1)	792	G	A	0	0	0	420	186	33	1	420	3.13637e-264	TRUE	PB1:cds-XAJ25424.1	GAG	E	GAA	E	264
PB1|PP755595.1|A/cattle/Texas/24-008749-003/2024(H5N1)	801	A	G	0	0	0	453	185	33	1	453	1.43102e-274	TRUE	PB1:cds-XAJ25424.1	GAA	E	GAG	E	267
PB1|PP755595.1|A/cattle/Texas/24-008749-003/2024(H5N1)	816	A	C	0	0	0	435	157	33	1	435	6.00779e-275	TRUE	PB1:cds-XAJ25424.1	CCA	P	CCC	P	272
PB1|PP755595.1|A/cattle/Texas/24-008749-003/2024(H5N1)	825	C	G	0	0	0	460	144	34	1	460	2.92478e-295	TRUE	PB1:cds-XAJ25424.1	GGC	G	GGG	G	275
PB1|PP755595.1|A/cattle/Texas/24-008749-003/2024(H5N1)	831	A	G	1	1	34	482	149	36	0.99793	483	4.13341e-309	TRUE	PB1:cds-XAJ25424.1	GAA	E	GAG	E	277
PB1|PP755595.1|A/cattle/Texas/24-008749-003/2024(H5N1)	840	C	T	0	0	0	472	140	38	1	472	2.88821e-310	TRUE	PB1:cds-XAJ25424.1	GCC	A	GCT	A	280
PB1|PP755595.1|A/cattle/Texas/24-008749-003/2024(H5N1)	844	C	T	0	0	0	473	142	38	1	473	6.42263e-312	TRUE	PB1:cds-XAJ25424.1	CTA	L	TTA	L	282
PB1|PP755595.1|A/cattle/Texas/24-008749-003/2024(H5N1)	846	A	G	0	0	0	473	144	39	1	473	8.46487e-316	TRUE	PB1:cds-XAJ25424.1	CTA	L	CTG	L	282
PB1|PP755595.1|A/cattle/Texas/24-008749-003/2024(H5N1)	864	G	A	1	0	34	562	219	42	0.998224	563	0	TRUE	PB1:cds-XAJ25424.1	AAG	K	AAA	K	288
PB1|PP755595.1|A/cattle/Texas/24-008749-003/2024(H5N1)	876	T	C	0	0	0	567	251	43	1	567	0	TRUE	PB1:cds-XAJ25424.1	AAT	N	AAC	N	292
PB1|PP755595.1|A/cattle/Texas/24-008749-003/2024(H5N1)	879	G	A	0	0	0	554	274	43	0.998198	555	0	TRUE	PB1:cds-XAJ25424.1	TCG	S	TCA	S	293
PB1|PP755595.1|A/cattle/Texas/24-008749-003/2024(H5N1)	885	C	T	0	0	0	661	305	44	0.998489	662	0	TRUE	PB1:cds-XAJ25424.1	GAC	D	GAT	D	295
PB1|PP755595.1|A/cattle/Texas/24-008749-003/2024(H5N1)	897	T	C	0	0	0	747	315	42	0.998663	748	0	TRUE	PB1:cds-XAJ25424.1	TCT	S	TCC	S	299
PB1|PP755595.1|A/cattle/Texas/24-008749-003/2024(H5N1)	906	C	T	0	0	0	736	305	41	0.998643	737	0	TRUE	PB1:cds-XAJ25424.1	ATC	I	ATT	I	302
PB1|PP755595.1|A/cattle/Texas/24-008749-003/2024(H5N1)	909	G	T	1	1	34	750	318	41	0.998668	751	0	TRUE	PB1:cds-XAJ25424.1	ACG	T	ACT	T	303
PB1|PP755595.1|A/cattle/Texas/24-008749-003/2024(H5N1)	915	C	T	1	0	60	764	269	40	0.998693	765	0	TRUE	PB1:cds-XAJ25424.1	GAC	D	GAT	D	305
PB1|PP755595.1|A/cattle/Texas/24-008749-003/2024(H5N1)	921	T	C	0	0	0	865	395	43	1	865	0	TRUE	PB1:cds-XAJ25424.1	ACT	T	ACC	T	307
PB1|PP755595.1|A/cattle/Texas/24-008749-003/2024(H5N1)	936	C	T	0	0	0	888	427	42	1	888	0	TRUE	PB1:cds-XAJ25424.1	AAC	N	AAT	N	312
PB1|PP755595.1|A/cattle/Texas/24-008749-003/2024(H5N1)	939	G	A	2	1	64	886	428	42	0.997748	888	0	TRUE	PB1:cds-XAJ25424.1	CAG	Q	CAA	Q	313
PB1|PP755595.1|A/cattle/Texas/24-008749-003/2024(H5N1)	946	A	C	0	0	0	921	447	43	1	921	0	TRUE	PB1:cds-XAJ25424.1	AGG	R	CGG	R	316
PB1|PP755595.1|A/cattle/Texas/24-008749-003/2024(H5N1)	972	T	C	0	0	0	862	468	41	1	862	0	TRUE	PB1:cds-XAJ25424.1	TAT	Y	TAC	Y	324
PB1|PP755595.1|A/cattle/Texas/24-008749-003/2024(H5N1)	975	A	T	2	0	30	851	466	41	0.997655	853	0	TRUE	PB1:cds-XAJ25424.1	ATA	I	ATT	I	325
PB1|PP755595.1|A/cattle/Texas/24-008749-003/2024(H5N1)	981	G	A	0	0	0	774	438	41	1	774	0	TRUE	PB1:cds-XAJ25424.1	AGG	R	AGA	R	327
PB1|PP755595.1|A/cattle/Texas/24-008749-003/2024(H5N1)	999	C	T	0	0	0	779	418	41	1	779	0	TRUE	PB1:cds-XAJ25424.1	TTC	F	TTT	F	333
PB1|PP755595.1|A/cattle/Texas/24-008749-003/2024(H5N1)	1002	G	A	0	0	0	714	410	38	1	714	0	TRUE	PB1:cds-XAJ25424.1	AGG	R	AGA	R	334
PB1|PP755595.1|A/cattle/Texas/24-008749-003/2024(H5N1)	1008	A	C	0	0	0	770	363	40	1	770	0	TRUE	PB1:cds-XAJ25424.1	GTA	V	GTC	V	336
PB1|PP755595.1|A/cattle/Texas/24-008749-003/2024(H5N1)	1014	C	T	0	0	0	719	295	39	0.998611	720	0	TRUE	PB1:cds-XAJ25424.1	AGC	S	AGT	S	338
PB1|PP755595.1|A/cattle/Texas/24-008749-003/2024(H5N1)	1020	A	C	0	0	0	736	296	40	1	736	0	TRUE	PB1:cds-XAJ25424.1	GCA	A	GCC	A	340
PB1|PP755595.1|A/cattle/Texas/24-008749-003/2024(H5N1)	1035	A	G	0	0	0	652	229	37	1	652	0	TRUE	PB1:cds-XAJ25424.1	TCA	S	TCG	S	345
PB1|PP755595.1|A/cattle/Texas/24-008749-003/2024(H5N1)	1047	A	G	0	0	0	547	218	35	1	547	0	TRUE	PB1:cds-XAJ25424.1	GCA	A	GCG	A	349
PB1|PP755595.1|A/cattle/Texas/24-008749-003/2024(H5N1)	1051	C	T	0	0	0	508	222	34	1	508	0	TRUE	PB1:cds-XAJ25424.1	CTA	L	TTA	L	351
PB1|PP755595.1|A/cattle/Texas/24-008749-003/2024(H5N1)	1053	A	G	0	0	0	537	222	35	1	537	0	TRUE	PB1:cds-XAJ25424.1	CTA	L	CTG	L	351
PB1|PP755595.1|A/cattle/Texas/24-008749-003/2024(H5N1)	1056	G	A	1	1	34	541	225	35	0.998155	542	0	TRUE	PB1:cds-XAJ25424.1	GGG	G	GGA	G	352
PB1|PP755595.1|A/cattle/Texas/24-008749-003/2024(H5N1)	1062	A	G	2	0	34	543	228	35	0.99633	545	0	TRUE	PB1:cds-XAJ25424.1	GGA	G	GGG	G	354
PB1|PP755595.1|A/cattle/Texas/24-008749-003/2024(H5N1)	1071	C	T	0	0	0	625	225	35	1	625	0	TRUE	PB1:cds-XAJ25424.1	TTC	F	TTT	F	357
PB1|PP755595.1|A/cattle/Texas/24-008749-003/2024(H5N1)	1090	C	T	0	0	0	577	179	33	1	577	0	TRUE	PB1:cds-XAJ25424.1	CTT	L	TTT	F	364
PB1|PP755595.1|A/cattle/Texas/24-008749-003/2024(H5N1)	1092	T	A	1	0	26	553	182	33	0.998195	554	0	TRUE	PB1:cds-XAJ25424.1	CTT	L	CTA	L	364
PB1|PP755595.1|A/cattle/Texas/24-008749-003/2024(H5N1)	1095	A	G	2	1	34	586	188	34	0.996599	588	0	TRUE	PB1:cds-XAJ25424.1	CGA	R	CGG	R	365
PB1|PP755595.1|A/cattle/Texas/24-008749-003/2024(H5N1)	1107	G	T	0	0	0	672	238	36	1	672	0	TRUE	PB1:cds-XAJ25424.1	CCG	P	CCT	P	369
PB1|PP755595.1|A/cattle/Texas/24-008749-003/2024(H5N1)	1119	A	T	0	0	0	514	193	37	1	514	0	TRUE	PB1:cds-XAJ25424.1	CTA	L	CTT	L	373
PB1|PP755595.1|A/cattle/Texas/24-008749-003/2024(H5N1)	1122	G	A	1	1	34	502	180	36	0.998012	503	0	TRUE	PB1:cds-XAJ25424.1	GCG	A	GCA	A	374
PB1|PP755595.1|A/cattle/Texas/24-008749-003/2024(H5N1)	1124	G	A	1	0	68	458	189	35	0.997821	459	4.53573e-308	TRUE	PB1:cds-XAJ25424.1	AGC	S	AAC	N	375
PB1|PP755595.1|A/cattle/Texas/24-008749-003/2024(H5N1)	1131	T	C	0	0	0	517	191	36	0.998069	518	0	TRUE	PB1:cds-XAJ25424.1	GAT	D	GAC	D	377
PB1|PP755595.1|A/cattle/Texas/24-008749-003/2024(H5N1)	1132	C	T	0	0	0	516	186	36	1	516	0	TRUE	PB1:cds-XAJ25424.1	CTG	L	TTG	L	378
PB1|PP755595.1|A/cattle/Texas/24-008749-003/2024(H5N1)	1134	G	A	0	0	0	496	174	35	1	496	0	TRUE	PB1:cds-XAJ25424.1	CTG	L	CTA	L	378
PB1|PP755595.1|A/cattle/Texas/24-008749-003/2024(H5N1)	1149	G	A	0	0	0	755	378	41	1	755	0	TRUE	PB1:cds-XAJ25424.1	GAG	E	GAA	E	383
PB1|PP755595.1|A/cattle/Texas/24-008749-003/2024(H5N1)	1158	G	A	0	0	0	703	394	39	0.99858	704	0	TRUE	PB1:cds-XAJ25424.1	AGG	R	AGA	R	386
PB1|PP755595.1|A/cattle/Texas/24-008749-003/2024(H5N1)	1167	A	C	0	0	0	680	398	39	1	680	0	TRUE	PB1:cds-XAJ25424.1	ATA	I	ATC	I	389
PB1|PP755595.1|A/cattle/Texas/24-008749-003/2024(H5N1)	1170	G	A	0	0	0	684	402	40	1	684	0	TRUE	PB1:cds-XAJ25424.1	GAG	E	GAA	E	390
PB1|PP755595.1|A/cattle/Texas/24-008749-003/2024(H5N1)	1173	G	A	0	0	0	682	400	40	1	682	0	TRUE	PB1:cds-XAJ25424.1	AAG	K	AAA	K	391
PB1|PP755595.1|A/cattle/Texas/24-008749-003/2024(H5N1)	1179	A	G	1	1	60	704	424	40	0.997167	706	0	TRUE	PB1:cds-XAJ25424.1	AGA	R	AGG	R	393
PB1|PP755595.1|A/cattle/Texas/24-008749-003/2024(H5N1)	1185	T	A	1	1	26	822	467	39	0.998785	823	0	TRUE	PB1:cds-XAJ25424.1	CTT	L	CTA	L	395
PB1|PP755595.1|A/cattle/Texas/24-008749-003/2024(H5N1)	1195	G	C	634	204	37	8	8	28	0.0124611	642	0.386026	FALSE	PB1:cds-XAJ25424.1	GGT	G	CGT	R	399
PB1|PP755595.1|A/cattle/Texas/24-008749-003/2024(H5N1)	1197	T	C	0	0	0	851	466	41	1	851	0	TRUE	PB1:cds-XAJ25424.1	GGT	G	GGC	G	399
PB1|PP755595.1|A/cattle/Texas/24-008749-003/2024(H5N1)	1200	G	T	2	2	30	843	458	40	0.997633	845	0	TRUE	PB1:cds-XAJ25424.1	ACG	T	ACT	T	400
PB1|PP755595.1|A/cattle/Texas/24-008749-003/2024(H5N1)	1209	A	G	0	0	0	941	533	40	1	941	0	TRUE	PB1:cds-XAJ25424.1	TTA	L	TTG	L	403
PB1|PP755595.1|A/cattle/Texas/24-008749-003/2024(H5N1)	1212	C	T	1	0	34	951	552	40	0.99895	952	0	TRUE	PB1:cds-XAJ25424.1	AGC	S	AGT	S	404
PB1|PP755595.1|A/cattle/Texas/24-008749-003/2024(H5N1)	1239	C	T	0	0	0	1068	565	40	0.999065	1069	0	TRUE	PB1:cds-XAJ25424.1	AAC	N	AAT	N	413
PB1|PP755595.1|A/cattle/Texas/24-008749-003/2024(H5N1)	1254	T	A	0	0	0	912	383	40	1	912	0	TRUE	PB1:cds-XAJ25424.1	GTT	V	GTA	V	418
PB1|PP755595.1|A/cattle/Texas/24-008749-003/2024(H5N1)	1255	C	T	0	0	0	910	377	40	1	910	0	TRUE	PB1:cds-XAJ25424.1	CTG	L	TTG	L	419
PB1|PP755595.1|A/cattle/Texas/24-008749-003/2024(H5N1)	1257	G	A	2	0	51	883	395	40	0.99774	885	0	TRUE	PB1:cds-XAJ25424.1	CTG	L	CTA	L	419
PB1|PP755595.1|A/cattle/Texas/24-008749-003/2024(H5N1)	1266	G	A	0	0	0	1071	493	44	1	1071	0	TRUE	PB1:cds-XAJ25424.1	TCG	S	TCA	S	422
PB1|PP755595.1|A/cattle/Texas/24-008749-003/2024(H5N1)	1269	T	C	1	0	22	1086	499	44	0.99908	1087	0	TRUE	PB1:cds-XAJ25424.1	ATT	I	ATC	I	423
PB1|PP755595.1|A/cattle/Texas/24-008749-003/2024(H5N1)	1278	A	T	0	0	0	1093	507	44	1	1093	0	TRUE	PB1:cds-XAJ25424.1	CTA	L	CTT	L	426
PB1|PP755595.1|A/cattle/Texas/24-008749-003/2024(H5N1)	1302	A	C	0	0	0	1100	541	44	1	1100	0	TRUE	PB1:cds-XAJ25424.1	ACA	T	ACC	T	434
PB1|PP755595.1|A/cattle/Texas/24-008749-003/2024(H5N1)	1323	A	C	0	0	0	1175	478	44	1	1175	0	TRUE	PB1:cds-XAJ25424.1	CTA	L	CTC	L	441
PB1|PP755595.1|A/cattle/Texas/24-008749-003/2024(H5N1)	1329	T	C	1	0	34	1105	462	43	0.999096	1106	0	TRUE	PB1:cds-XAJ25424.1	TCT	S	TCC	S	443
PB1|PP755595.1|A/cattle/Texas/24-008749-003/2024(H5N1)	1338	C	T	1	0	34	868	398	41	0.998849	869	0	TRUE	PB1:cds-XAJ25424.1	GAC	D	GAT	D	446
PB1|PP755595.1|A/cattle/Texas/24-008749-003/2024(H5N1)	1341	T	C	0	0	0	881	421	41	1	881	0	TRUE	PB1:cds-XAJ25424.1	TTT	F	TTC	F	447
PB1|PP755595.1|A/cattle/Texas/24-008749-003/2024(H5N1)	1344	T	C	0	0	0	874	417	41	1	874	0	TRUE	PB1:cds-XAJ25424.1	GCT	A	GCC	A	448
PB1|PP755595.1|A/cattle/Texas/24-008749-003/2024(H5N1)	1350	C	A	0	0	0	868	429	40	1	868	0	TRUE	PB1:cds-XAJ25424.1	ATC	I	ATA	I	450
PB1|PP755595.1|A/cattle/Texas/24-008749-003/2024(H5N1)	1353	G	A	2	2	51	912	430	41	0.997812	914	0	TRUE	PB1:cds-XAJ25424.1	GTG	V	GTA	V	451
PB1|PP755595.1|A/cattle/Texas/24-008749-003/2024(H5N1)	1359	T	A	1	0	34	923	438	41	0.998918	924	0	TRUE	PB1:cds-XAJ25424.1	GCT	A	GCA	A	453
PB1|PP755595.1|A/cattle/Texas/24-008749-003/2024(H5N1)	1362	A	G	0	0	0	940	440	41	1	940	0	TRUE	PB1:cds-XAJ25424.1	CCA	P	CCG	P	454
PB1|PP755595.1|A/cattle/Texas/24-008749-003/2024(H5N1)	1389	A	G	0	0	0	952	491	41	1	952	0	TRUE	PB1:cds-XAJ25424.1	GTA	V	GTG	V	463
PB1|PP755595.1|A/cattle/Texas/24-008749-003/2024(H5N1)	1392	C	T	1	1	26	961	512	41	0.99896	962	0	TRUE	PB1:cds-XAJ25424.1	GAC	D	GAT	D	464
PB1|PP755595.1|A/cattle/Texas/24-008749-003/2024(H5N1)	1395	A	G	0	0	0	976	519	41	1	976	0	TRUE	PB1:cds-XAJ25424.1	AGA	R	AGG	R	465
PB1|PP755595.1|A/cattle/Texas/24-008749-003/2024(H5N1)	1404	A	G	0	0	0	1140	486	40	0.999124	1141	0	TRUE	PB1:cds-XAJ25424.1	AGA	R	AGG	R	468
PB1|PP755595.1|A/cattle/Texas/24-008749-003/2024(H5N1)	1413	G	A	0	0	0	933	413	38	0.997861	935	0	TRUE	PB1:cds-XAJ25424.1	AAG	K	AAA	K	471
PB1|PP755595.1|A/cattle/Texas/24-008749-003/2024(H5N1)	1416	G	T	0	0	0	1043	394	40	1	1043	0	TRUE	PB1:cds-XAJ25424.1	CTG	L	CTT	L	472
PB1|PP755595.1|A/cattle/Texas/24-008749-003/2024(H5N1)	1419	A	C	0	0	0	1077	419	41	1	1077	0	TRUE	PB1:cds-XAJ25424.1	GTA	V	GTC	V	473
PB1|PP755595.1|A/cattle/Texas/24-008749-003/2024(H5N1)	1422	A	G	0	0	0	1075	411	41	1	1075	0	TRUE	PB1:cds-XAJ25424.1	GGA	G	GGG	G	474
PB1|PP755595.1|A/cattle/Texas/24-008749-003/2024(H5N1)	1446	A	T	0	0	0	1219	531	43	1	1219	0	TRUE	PB1:cds-XAJ25424.1	TCA	S	TCT	S	482
PB1|PP755595.1|A/cattle/Texas/24-008749-003/2024(H5N1)	1456	A	C	0	0	0	1215	553	43	0.999178	1216	0	TRUE	PB1:cds-XAJ25424.1	AGG	R	CGG	R	486
PB1|PP755595.1|A/cattle/Texas/24-008749-003/2024(H5N1)	1461	A	T	0	0	0	1220	562	42	1	1220	0	TRUE	PB1:cds-XAJ25424.1	ACA	T	ACT	T	487
PB1|PP755595.1|A/cattle/Texas/24-008749-003/2024(H5N1)	1473	A	G	0	0	0	1240	598	43	1	1240	0	TRUE	PB1:cds-XAJ25424.1	GAA	E	GAG	E	491
PB1|PP755595.1|A/cattle/Texas/24-008749-003/2024(H5N1)	1482	T	C	1	1	34	1220	636	43	0.999181	1221	0	TRUE	PB1:cds-XAJ25424.1	AGT	S	AGC	S	494
PB1|PP755595.1|A/cattle/Texas/24-008749-003/2024(H5N1)	1506	A	G	1	0	34	1056	522	44	0.99811	1058	0	TRUE	PB1:cds-XAJ25424.1	GTA	V	GTG	V	502
PB1|PP755595.1|A/cattle/Texas/24-008749-003/2024(H5N1)	1509	C	T	0	0	0	1020	482	43	0.998043	1022	0	TRUE	PB1:cds-XAJ25424.1	GCC	A	GCT	A	503
PB1|PP755595.1|A/cattle/Texas/24-008749-003/2024(H5N1)	1512	T	C	1	1	34	1060	537	44	0.999057	1061	0	TRUE	PB1:cds-XAJ25424.1	AAT	N	AAC	N	504
PB1|PP755595.1|A/cattle/Texas/24-008749-003/2024(H5N1)	1518	C	T	0	0	0	1157	544	42	1	1157	0	TRUE	PB1:cds-XAJ25424.1	AGC	S	AGT	S	506
PB1|PP755595.1|A/cattle/Texas/24-008749-003/2024(H5N1)	1525	T	C	3	2	34	1254	612	42	0.996029	1259	0	TRUE	PB1:cds-XAJ25424.1	TTG	L	CTG	L	509
PB1|PP755595.1|A/cattle/Texas/24-008749-003/2024(H5N1)	1557	A	G	0	0	0	1210	689	40	1	1210	0	TRUE	PB1:cds-XAJ25424.1	GAA	E	GAG	E	519
PB1|PP755595.1|A/cattle/Texas/24-008749-003/2024(H5N1)	1560	T	A	0	0	0	1207	682	40	0.999172	1208	0	TRUE	PB1:cds-XAJ25424.1	TCT	S	TCA	S	520
PB1|PP755595.1|A/cattle/Texas/24-008749-003/2024(H5N1)	1563	A	T	1	1	26	1215	671	40	0.999178	1216	0	TRUE	PB1:cds-XAJ25424.1	GCA	A	GCT	A	521
PB1|PP755595.1|A/cattle/Texas/24-008749-003/2024(H5N1)	1578	A	C	4	2	42	1208	614	40	0.995878	1213	0	TRUE	PB1:cds-XAJ25424.1	GGA	G	GGC	G	526
PB1|PP755595.1|A/cattle/Texas/24-008749-003/2024(H5N1)	1581	A	C	0	0	0	1215	621	40	1	1215	0	TRUE	PB1:cds-XAJ25424.1	GTA	V	GTC	V	527
PB1|PP755595.1|A/cattle/Texas/24-008749-003/2024(H5N1)	1605	C	A	0	0	0	1194	632	41	0.999163	1195	0	TRUE	PB1:cds-XAJ25424.1	ATC	I	ATA	I	535
PB1|PP755595.1|A/cattle/Texas/24-008749-003/2024(H5N1)	1614	T	C	0	0	0	1200	614	41	1	1200	0	TRUE	PB1:cds-XAJ25424.1	GAT	D	GAC	D	538
PB1|PP755595.1|A/cattle/Texas/24-008749-003/2024(H5N1)	1632	C	T	5	3	32	1197	586	42	0.99584	1202	0	TRUE	PB1:cds-XAJ25424.1	GCC	A	GCT	A	544
PB1|PP755595.1|A/cattle/Texas/24-008749-003/2024(H5N1)	1641	T	C	0	0	0	1098	516	42	1	1098	0	TRUE	PB1:cds-XAJ25424.1	GCT	A	GCC	A	547
PB1|PP755595.1|A/cattle/Texas/24-008749-003/2024(H5N1)	1644	A	T	0	0	0	1071	507	41	1	1071	0	TRUE	PB1:cds-XAJ25424.1	CTA	L	CTT	L	548
PB1|PP755595.1|A/cattle/Texas/24-008749-003/2024(H5N1)	1647	G	A	2	1	68	1021	547	40	0.994158	1027	0	TRUE	PB1:cds-XAJ25424.1	CAG	Q	CAA	Q	549
PB1|PP755595.1|A/cattle/Texas/24-008749-003/2024(H5N1)	1659	G	A	0	0	0	1135	569	43	1	1135	0	TRUE	PB1:cds-XAJ25424.1	AAG	K	AAA	K	553
PB1|PP755595.1|A/cattle/Texas/24-008749-003/2024(H5N1)	1668	A	G	0	0	0	1172	600	41	1	1172	0	TRUE	PB1:cds-XAJ25424.1	AGA	R	AGG	R	556
PB1|PP755595.1|A/cattle/Texas/24-008749-003/2024(H5N1)	1674	A	G	1	0	34	1110	552	41	0.9991	1111	0	TRUE	PB1:cds-XAJ25424.1	ACA	T	ACG	T	558
PB1|PP755595.1|A/cattle/Texas/24-008749-003/2024(H5N1)	1677	T	C	0	0	0	1143	622	42	1	1143	0	TRUE	PB1:cds-XAJ25424.1	TAT	Y	TAC	Y	559
PB1|PP755595.1|A/cattle/Texas/24-008749-003/2024(H5N1)	1683	T	C	0	0	0	1226	684	43	1	1226	0	TRUE	PB1:cds-XAJ25424.1	TGT	C	TGC	C	561
PB1|PP755595.1|A/cattle/Texas/24-008749-003/2024(H5N1)	1692	A	T	1	1	26	1225	601	42	0.99837	1227	0	TRUE	PB1:cds-XAJ25424.1	GGA	G	GGT	G	564
PB1|PP755595.1|A/cattle/Texas/24-008749-003/2024(H5N1)	1710	A	G	0	0	0	1227	650	42	1	1227	0	TRUE	PB1:cds-XAJ25424.1	ACA	T	ACG	T	570
PB1|PP755595.1|A/cattle/Texas/24-008749-003/2024(H5N1)	1731	A	G	0	0	0	1154	679	41	1	1154	0	TRUE	PB1:cds-XAJ25424.1	AAA	K	AAG	K	577
PB1|PP755595.1|A/cattle/Texas/24-008749-003/2024(H5N1)	1735	T	C	1	0	34	1114	685	40	0.999103	1115	0	TRUE	PB1:cds-XAJ25424.1	TTA	L	CTA	L	579
PB1|PP755595.1|A/cattle/Texas/24-008749-003/2024(H5N1)	1737	A	G	0	0	0	1133	693	41	1	1133	0	TRUE	PB1:cds-XAJ25424.1	TTA	L	TTG	L	579
PB1|PP755595.1|A/cattle/Texas/24-008749-003/2024(H5N1)	1746	A	G	0	0	0	1156	709	41	1	1156	0	TRUE	PB1:cds-XAJ25424.1	CAA	Q	CAG	Q	582
PB1|PP755595.1|A/cattle/Texas/24-008749-003/2024(H5N1)	1752	C	T	0	0	0	1026	602	42	1	1026	0	TRUE	PB1:cds-XAJ25424.1	CGC	R	CGT	R	584
PB1|PP755595.1|A/cattle/Texas/24-008749-003/2024(H5N1)	1758	A	G	0	0	0	1022	607	42	1	1022	0	TRUE	PB1:cds-XAJ25424.1	AAA	K	AAG	K	586
PB1|PP755595.1|A/cattle/Texas/24-008749-003/2024(H5N1)	1759	C	G	0	0	0	1010	605	41	1	1010	0	TRUE	PB1:cds-XAJ25424.1	CCA	P	GCA	A	587
PB1|PP755595.1|A/cattle/Texas/24-008749-003/2024(H5N1)	1768	C	T	0	0	0	995	507	39	1	995	0	TRUE	PB1:cds-XAJ25424.1	CTG	L	TTG	L	590
PB1|PP755595.1|A/cattle/Texas/24-008749-003/2024(H5N1)	1773	C	G	0	0	0	1048	566	40	1	1048	0	TRUE	PB1:cds-XAJ25424.1	GTC	V	GTG	V	591
PB1|PP755595.1|A/cattle/Texas/24-008749-003/2024(H5N1)	1785	G	A	0	0	0	1038	539	40	1	1038	0	TRUE	PB1:cds-XAJ25424.1	GGG	G	GGA	G	595
PB1|PP755595.1|A/cattle/Texas/24-008749-003/2024(H5N1)	1800	T	C	0	0	0	229	72	35	1	229	1.0656e-155	TRUE	PB1:cds-XAJ25424.1	AAT	N	AAC	N	600
PB1|PP755595.1|A/cattle/Texas/24-008749-003/2024(H5N1)	1803	C	T	0	0	0	217	69	35	1	217	6.56602e-140	TRUE	PB1:cds-XAJ25424.1	ATC	I	ATT	I	601
PB1|PP755595.1|A/cattle/Texas/24-008749-003/2024(H5N1)	1806	A	G	0	0	0	226	70	36	1	226	7.11652e-143	TRUE	PB1:cds-XAJ25424.1	CGA	R	CGG	R	602
PB1|PP755595.1|A/cattle/Texas/24-008749-003/2024(H5N1)	1815	C	T	0	0	0	170	54	33	1	170	1.92273e-119	TRUE	PB1:cds-XAJ25424.1	CAC	H	CAT	H	605
PB1|PP755595.1|A/cattle/Texas/24-008749-003/2024(H5N1)	1818	T	C	0	0	0	144	49	35	1	144	1.72037e-94	TRUE	PB1:cds-XAJ25424.1	ATT	I	ATC	I	606
PB1|PP755595.1|A/cattle/Texas/24-008749-003/2024(H5N1)	1821	G	A	0	0	0	125	41	35	1	125	2.2743e-80	TRUE	PB1:cds-XAJ25424.1	CCG	P	CCA	P	607
PB1|PP755595.1|A/cattle/Texas/24-008749-003/2024(H5N1)	1824	A	G	0	0	0	136	40	35	1	136	6.24817e-84	TRUE	PB1:cds-XAJ25424.1	GAA	E	GAG	E	608
PB1|PP755595.1|A/cattle/Texas/24-008749-003/2024(H5N1)	1831	T	C	0	0	0	140	81	35	1	140	1.8167e-85	TRUE	PB1:cds-XAJ25424.1	TTA	L	CTA	L	611
PB1|PP755595.1|A/cattle/Texas/24-008749-003/2024(H5N1)	1833	A	G	1	0	28	136	78	35	0.992701	137	3.28941e-83	TRUE	PB1:cds-XAJ25424.1	TTA	L	TTG	L	611
PB1|PP755595.1|A/cattle/Texas/24-008749-003/2024(H5N1)	1836	A	G	3	0	29	140	82	35	0.979021	143	3.9244e-86	TRUE	PB1:cds-XAJ25424.1	AAA	K	AAG	K	612
PB1|PP755595.1|A/cattle/Texas/24-008749-003/2024(H5N1)	1842	G	T	0	0	0	167	82	34	1	167	2.18789e-108	TRUE	PB1:cds-XAJ25424.1	GAG	E	GAT	D	614
PB1|PP755595.1|A/cattle/Texas/24-008749-003/2024(H5N1)	1845	A	G	0	0	0	200	104	35	1	200	2.05462e-124	TRUE	PB1:cds-XAJ25424.1	CTA	L	CTG	L	615
PB1|PP755595.1|A/cattle/Texas/24-008749-003/2024(H5N1)	1857	C	T	0	0	0	745	363	39	1	745	0	TRUE	PB1:cds-XAJ25424.1	GAC	D	GAT	D	619
PB1|PP755595.1|A/cattle/Texas/24-008749-003/2024(H5N1)	1860	T	C	1	0	34	768	378	39	0.9987	769	0	TRUE	PB1:cds-XAJ25424.1	TAT	Y	TAC	Y	620
PB1|PP755595.1|A/cattle/Texas/24-008749-003/2024(H5N1)	1866	A	C	0	0	0	772	381	39	1	772	0	TRUE	PB1:cds-XAJ25424.1	GGA	G	GGC	G	622
PB1|PP755595.1|A/cattle/Texas/24-008749-003/2024(H5N1)	1870	C	T	1	0	34	785	381	39	0.998728	786	0	TRUE	PB1:cds-XAJ25424.1	CTT	L	TTT	F	624
PB1|PP755595.1|A/cattle/Texas/24-008749-003/2024(H5N1)	1872	T	G	0	0	0	788	383	39	1	788	0	TRUE	PB1:cds-XAJ25424.1	CTT	L	CTG	L	624
PB1|PP755595.1|A/cattle/Texas/24-008749-003/2024(H5N1)	1881	C	T	1	0	34	860	389	38	0.996524	863	0	TRUE	PB1:cds-XAJ25424.1	CCC	P	CCT	P	627
PB1|PP755595.1|A/cattle/Texas/24-008749-003/2024(H5N1)	1882	C	T	0	0	0	869	401	39	1	869	0	TRUE	PB1:cds-XAJ25424.1	CTG	L	TTG	L	628
PB1|PP755595.1|A/cattle/Texas/24-008749-003/2024(H5N1)	1890	G	A	1	1	34	1135	546	42	0.99912	1136	0	TRUE	PB1:cds-XAJ25424.1	CCG	P	CCA	P	630
PB1|PP755595.1|A/cattle/Texas/24-008749-003/2024(H5N1)	1896	A	C	0	0	0	1179	585	42	1	1179	0	TRUE	PB1:cds-XAJ25424.1	GTA	V	GTC	V	632
PB1|PP755595.1|A/cattle/Texas/24-008749-003/2024(H5N1)	1902	C	T	1	0	34	1195	590	42	0.999164	1196	0	TRUE	PB1:cds-XAJ25424.1	CAC	H	CAT	H	634
PB1|PP755595.1|A/cattle/Texas/24-008749-003/2024(H5N1)	1911	A	T	0	0	0	1195	596	42	0.999164	1196	0	TRUE	PB1:cds-XAJ25424.1	ATA	I	ATT	I	637
PB1|PP755595.1|A/cattle/Texas/24-008749-003/2024(H5N1)	1917	T	C	0	0	0	1238	630	42	1	1238	0	TRUE	PB1:cds-XAJ25424.1	TCT	S	TCC	S	639
PB1|PP755595.1|A/cattle/Texas/24-008749-003/2024(H5N1)	1920	G	A	0	0	0	1216	624	42	1	1216	0	TRUE	PB1:cds-XAJ25424.1	GTG	V	GTA	V	640
PB1|PP755595.1|A/cattle/Texas/24-008749-003/2024(H5N1)	1944	T	C	0	0	0	1092	589	40	1	1092	0	TRUE	PB1:cds-XAJ25424.1	GCT	A	GCC	A	648
PB1|PP755595.1|A/cattle/Texas/24-008749-003/2024(H5N1)	1947	T	C	0	0	0	1088	582	40	1	1088	0	TRUE	PB1:cds-XAJ25424.1	CAT	H	CAC	H	649
PB1|PP755595.1|A/cattle/Texas/24-008749-003/2024(H5N1)	1950	C	T	10	5	51	1069	577	39	0.990732	1079	0	TRUE	PB1:cds-XAJ25424.1	GGC	G	GGT	G	650
PB1|PP755595.1|A/cattle/Texas/24-008749-003/2024(H5N1)	1956	T	C	0	0	0	1080	586	40	1	1080	0	TRUE	PB1:cds-XAJ25424.1	GCT	A	GCC	A	652
PB1|PP755595.1|A/cattle/Texas/24-008749-003/2024(H5N1)	1959	G	A	0	0	0	1068	578	39	1	1068	0	TRUE	PB1:cds-XAJ25424.1	AAG	K	AAA	K	653
PB1|PP755595.1|A/cattle/Texas/24-008749-003/2024(H5N1)	1962	T	C	0	0	0	1077	587	39	1	1077	0	TRUE	PB1:cds-XAJ25424.1	AGT	S	AGC	S	654
PB1|PP755595.1|A/cattle/Texas/24-008749-003/2024(H5N1)	1977	T	C	2	2	34	1155	565	40	0.998271	1157	0	TRUE	PB1:cds-XAJ25424.1	GCT	A	GCC	A	659
PB1|PP755595.1|A/cattle/Texas/24-008749-003/2024(H5N1)	1983	C	A	0	0	0	861	421	38	1	861	0	TRUE	PB1:cds-XAJ25424.1	GCC	A	GCA	A	661
PB1|PP755595.1|A/cattle/Texas/24-008749-003/2024(H5N1)	1986	C	T	0	0	0	860	420	38	1	860	0	TRUE	PB1:cds-XAJ25424.1	ACC	T	ACT	T	662
PB1|PP755595.1|A/cattle/Texas/24-008749-003/2024(H5N1)	1989	T	A	1	0	26	853	433	38	0.998829	854	0	TRUE	PB1:cds-XAJ25424.1	ACT	T	ACA	T	663
PB1|PP755595.1|A/cattle/Texas/24-008749-003/2024(H5N1)	1995	C	A	0	0	0	876	438	37	1	876	0	TRUE	PB1:cds-XAJ25424.1	TCC	S	TCA	S	665
PB1|PP755595.1|A/cattle/Texas/24-008749-003/2024(H5N1)	2001	C	T	0	0	0	789	366	37	1	789	0	TRUE	PB1:cds-XAJ25424.1	ATC	I	ATT	I	667
PB1|PP755595.1|A/cattle/Texas/24-008749-003/2024(H5N1)	2007	G	A	0	0	0	773	360	36	1	773	0	TRUE	PB1:cds-XAJ25424.1	AAG	K	AAA	K	669
PB1|PP755595.1|A/cattle/Texas/24-008749-003/2024(H5N1)	2013	C	T	1	0	34	713	305	35	0.998599	714	0	TRUE	PB1:cds-XAJ25424.1	AAC	N	AAT	N	671
PB1|PP755595.1|A/cattle/Texas/24-008749-003/2024(H5N1)	2016	C	T	0	0	0	762	366	36	1	762	0	TRUE	PB1:cds-XAJ25424.1	CGC	R	CGT	R	672
PB1|PP755595.1|A/cattle/Texas/24-008749-003/2024(H5N1)	2019	T	C	0	0	0	759	366	36	1	759	0	TRUE	PB1:cds-XAJ25424.1	TCT	S	TCC	S	673
PB1|PP755595.1|A/cattle/Texas/24-008749-003/2024(H5N1)	2025	T	C	0	0	0	859	378	36	1	859	0	TRUE	PB1:cds-XAJ25424.1	CTT	L	CTC	L	675
PB1|PP755595.1|A/cattle/Texas/24-008749-003/2024(H5N1)	2031	A	C	0	0	0	788	335	36	0.998733	789	0	TRUE	PB1:cds-XAJ25424.1	ACA	T	ACC	T	677
PB1|PP755595.1|A/cattle/Texas/24-008749-003/2024(H5N1)	2034	C	T	2	1	47	828	339	36	0.99639	831	0	TRUE	PB1:cds-XAJ25424.1	AGC	S	AGT	S	678
PB1|PP755595.1|A/cattle/Texas/24-008749-003/2024(H5N1)	2046	C	T	0	0	0	1177	472	40	1	1177	0	TRUE	PB1:cds-XAJ25424.1	ATC	I	ATT	I	682
PB1|PP755595.1|A/cattle/Texas/24-008749-003/2024(H5N1)	2052	A	G	3	2	62	1356	660	42	0.997792	1359	0	TRUE	PB1:cds-XAJ25424.1	GAA	E	GAG	E	684
PB1|PP755595.1|A/cattle/Texas/24-008749-003/2024(H5N1)	2055	C	T	0	0	0	1371	670	42	1	1371	0	TRUE	PB1:cds-XAJ25424.1	GAC	D	GAT	D	685
PB1|PP755595.1|A/cattle/Texas/24-008749-003/2024(H5N1)	2067	T	C	1	0	34	1354	678	40	0.999262	1355	0	TRUE	PB1:cds-XAJ25424.1	TAT	Y	TAC	Y	689
PB1|PP755595.1|A/cattle/Texas/24-008749-003/2024(H5N1)	2069	A	+G	1377	682	40	56	0	20	0.0325581	1720	3.75288e-08	TRUE	NA	NA	NA	NA	NA	NA
PB1|PP755595.1|A/cattle/Texas/24-008749-003/2024(H5N1)	2070	A	G	37	22	23	1309	640	41	0.972511	1346	0	TRUE	PB1:cds-XAJ25424.1	CAA	Q	CAG	Q	690
PB1|PP755595.1|A/cattle/Texas/24-008749-003/2024(H5N1)	2072	A	-GTGC	1326	644	40	56	0	20	0.0326721	1714	1.69973e-08	TRUE	NA	NA	NA	NA	NA	NA
PB1|PP755595.1|A/cattle/Texas/24-008749-003/2024(H5N1)	2073	G	A	0	0	0	1274	616	40	1	1274	0	TRUE	PB1:cds-XAJ25424.1	AAG	K	AAA	K	691
PB1|PP755595.1|A/cattle/Texas/24-008749-003/2024(H5N1)	2081	A	G	0	0	0	1449	712	42	1	1449	0	TRUE	PB1:cds-XAJ25424.1	AAT	N	AGT	S	694
PB1|PP755595.1|A/cattle/Texas/24-008749-003/2024(H5N1)	2088	T	C	2	1	46	1471	748	41	0.998642	1473	0	TRUE	PB1:cds-XAJ25424.1	TTT	F	TTC	F	696
PB1|PP755595.1|A/cattle/Texas/24-008749-003/2024(H5N1)	2091	A	G	2	1	34	1483	748	41	0.998653	1485	0	TRUE	PB1:cds-XAJ25424.1	GAA	E	GAG	E	697
PB1|PP755595.1|A/cattle/Texas/24-008749-003/2024(H5N1)	2103	T	C	2	2	34	1670	914	42	0.998804	1672	0	TRUE	PB1:cds-XAJ25424.1	CCT	P	CCC	P	701
PB1|PP755595.1|A/cattle/Texas/24-008749-003/2024(H5N1)	2106	C	T	0	0	0	1629	923	42	1	1629	0	TRUE	PB1:cds-XAJ25424.1	AGC	S	AGT	S	702
PB1|PP755595.1|A/cattle/Texas/24-008749-003/2024(H5N1)	2121	G	A	3	2	38	1793	1016	43	0.99833	1796	0	TRUE	PB1:cds-XAJ25424.1	AGG	R	AGA	R	707
PB1|PP755595.1|A/cattle/Texas/24-008749-003/2024(H5N1)	2124	G	A	0	0	0	1820	1030	43	0.999451	1821	0	TRUE	PB1:cds-XAJ25424.1	CCG	P	CCA	P	708
PB1|PP755595.1|A/cattle/Texas/24-008749-003/2024(H5N1)	2157	T	G	0	0	0	1806	1086	45	1	1806	0	TRUE	PB1:cds-XAJ25424.1	GTT	V	GTG	V	719
PB1|PP755595.1|A/cattle/Texas/24-008749-003/2024(H5N1)	2172	T	C	1	1	34	1721	1200	50	0.998839	1723	0	TRUE	PB1:cds-XAJ25424.1	ATT	I	ATC	I	724
PB1|PP755595.1|A/cattle/Texas/24-008749-003/2024(H5N1)	2181	A	C	1	1	26	1712	1238	49	0.998833	1714	0	TRUE	PB1:cds-XAJ25424.1	CGA	R	CGC	R	727
PB1|PP755595.1|A/cattle/Texas/24-008749-003/2024(H5N1)	2187	C	T	0	0	0	1645	1186	51	0.998786	1647	0	TRUE	PB1:cds-XAJ25424.1	GAC	D	GAT	D	729
PB1|PP755595.1|A/cattle/Texas/24-008749-003/2024(H5N1)	2200	C	A	0	0	0	1558	1126	50	0.998718	1560	0	TRUE	PB1:cds-XAJ25424.1	CGG	R	AGG	R	734
PB1|PP755595.1|A/cattle/Texas/24-008749-003/2024(H5N1)	2205	T	C	1	0	68	1538	1126	49	0.998701	1540	0	TRUE	PB1:cds-XAJ25424.1	ATT	I	ATC	I	735
PB1|PP755595.1|A/cattle/Texas/24-008749-003/2024(H5N1)	2208	G	A	0	0	0	1540	1139	49	1	1540	0	TRUE	PB1:cds-XAJ25424.1	AAG	K	AAA	K	736
PB1|PP755595.1|A/cattle/Texas/24-008749-003/2024(H5N1)	2214	G	A	1	0	68	1519	1138	49	0.998685	1521	0	TRUE	PB1:cds-XAJ25424.1	GAG	E	GAA	E	738
PB1|PP755595.1|A/cattle/Texas/24-008749-003/2024(H5N1)	2268	G	A	1	1	34	612	468	31	0.998369	613	0	TRUE	PB1:cds-XAJ25424.1	CAG	Q	CAA	Q	756
