REGION	POS	REF	ALT	REF_DP	REF_RV	REF_QUAL	ALT_DP	ALT_RV	ALT_QUAL	ALT_FREQ	TOTAL_DP	PVAL	PASS	GFF_FEATURE	REF_CODON	REF_AA	ALT_CODON	ALT_AA	POS_AA
PB2|PP755596.1|A/cattle/Texas/24-008749-003/2024(H5N1)	114	A	G	2	0	60	2487	770	48	0.999196	2489	0	TRUE	PB2:cds-XAJ25426.1	AGA	R	AGG	R	38
PB2|PP755596.1|A/cattle/Texas/24-008749-003/2024(H5N1)	138	A	G	8	2	46	2350	1030	51	0.996607	2358	0	TRUE	PB2:cds-XAJ25426.1	AGA	R	AGG	R	46
PB2|PP755596.1|A/cattle/Texas/24-008749-003/2024(H5N1)	165	T	C	0	0	0	1926	867	52	1	1926	0	TRUE	PB2:cds-XAJ25426.1	TAT	Y	TAC	Y	55
PB2|PP755596.1|A/cattle/Texas/24-008749-003/2024(H5N1)	172	G	A	2	2	40	1939	863	51	0.99897	1941	0	TRUE	PB2:cds-XAJ25426.1	GCA	A	ACA	T	58
PB2|PP755596.1|A/cattle/Texas/24-008749-003/2024(H5N1)	240	G	A	2	2	40	1437	774	49	0.99861	1439	0	TRUE	PB2:cds-XAJ25426.1	AAG	K	AAA	K	80
PB2|PP755596.1|A/cattle/Texas/24-008749-003/2024(H5N1)	252	C	T	6	4	61	1375	834	49	0.995655	1381	0	TRUE	PB2:cds-XAJ25426.1	GCC	A	GCT	A	84
PB2|PP755596.1|A/cattle/Texas/24-008749-003/2024(H5N1)	262	C	A	3	1	37	1364	813	50	0.996348	1369	0	TRUE	PB2:cds-XAJ25426.1	CGA	R	AGA	R	88
PB2|PP755596.1|A/cattle/Texas/24-008749-003/2024(H5N1)	273	A	G	0	0	0	1269	689	48	1	1269	0	TRUE	PB2:cds-XAJ25426.1	GTA	V	GTG	V	91
PB2|PP755596.1|A/cattle/Texas/24-008749-003/2024(H5N1)	325	A	G	0	0	0	1201	622	52	1	1201	0	TRUE	PB2:cds-XAJ25426.1	ATT	I	GTT	V	109
PB2|PP755596.1|A/cattle/Texas/24-008749-003/2024(H5N1)	379	C	T	2	2	40	1206	582	51	0.998344	1208	0	TRUE	PB2:cds-XAJ25426.1	CAC	H	TAC	Y	127
PB2|PP755596.1|A/cattle/Texas/24-008749-003/2024(H5N1)	415	A	G	0	0	0	1172	476	48	1	1172	0	TRUE	PB2:cds-XAJ25426.1	ATT	I	GTT	V	139
PB2|PP755596.1|A/cattle/Texas/24-008749-003/2024(H5N1)	465	C	T	0	0	0	1118	425	48	1	1118	0	TRUE	PB2:cds-XAJ25426.1	AGC	S	AGT	S	155
PB2|PP755596.1|A/cattle/Texas/24-008749-003/2024(H5N1)	516	G	A	1	1	80	1193	554	50	0.999162	1194	0	TRUE	PB2:cds-XAJ25426.1	GTG	V	GTA	V	172
PB2|PP755596.1|A/cattle/Texas/24-008749-003/2024(H5N1)	529	C	T	1	0	40	1177	522	50	0.998304	1179	0	TRUE	PB2:cds-XAJ25426.1	CTG	L	TTG	L	177
PB2|PP755596.1|A/cattle/Texas/24-008749-003/2024(H5N1)	540	A	G	1	1	40	1143	571	49	0.999126	1144	0	TRUE	PB2:cds-XAJ25426.1	GAA	E	GAG	E	180
PB2|PP755596.1|A/cattle/Texas/24-008749-003/2024(H5N1)	552	A	G	1	1	40	1181	674	49	0.999154	1182	0	TRUE	PB2:cds-XAJ25426.1	ACA	T	ACG	T	184
PB2|PP755596.1|A/cattle/Texas/24-008749-003/2024(H5N1)	570	A	G	0	0	0	1182	705	50	1	1182	0	TRUE	PB2:cds-XAJ25426.1	AAA	K	AAG	K	190
PB2|PP755596.1|A/cattle/Texas/24-008749-003/2024(H5N1)	574	G	A	916	399	42	16	16	24	0.0171674	932	0.065291	FALSE	PB2:cds-XAJ25426.1	GAA	E	AAA	K	192
PB2|PP755596.1|A/cattle/Texas/24-008749-003/2024(H5N1)	651	C	T	2	1	40	1102	610	47	0.998188	1104	0	TRUE	PB2:cds-XAJ25426.1	TTC	F	TTT	F	217
PB2|PP755596.1|A/cattle/Texas/24-008749-003/2024(H5N1)	660	T	G	1	1	24	1050	566	47	0.999049	1051	0	TRUE	PB2:cds-XAJ25426.1	GTT	V	GTG	V	220
PB2|PP755596.1|A/cattle/Texas/24-008749-003/2024(H5N1)	726	G	A	0	0	0	1141	584	52	1	1141	0	TRUE	PB2:cds-XAJ25426.1	CAG	Q	CAA	Q	242
PB2|PP755596.1|A/cattle/Texas/24-008749-003/2024(H5N1)	764	C	T	2	0	40	1168	566	50	0.998291	1170	0	TRUE	PB2:cds-XAJ25426.1	GCA	A	GTA	V	255
PB2|PP755596.1|A/cattle/Texas/24-008749-003/2024(H5N1)	771	G	A	0	0	0	1159	563	49	1	1159	0	TRUE	PB2:cds-XAJ25426.1	CAG	Q	CAA	Q	257
PB2|PP755596.1|A/cattle/Texas/24-008749-003/2024(H5N1)	777	G	A	0	0	0	1172	593	49	1	1172	0	TRUE	PB2:cds-XAJ25426.1	TTG	L	TTA	L	259
PB2|PP755596.1|A/cattle/Texas/24-008749-003/2024(H5N1)	783	T	C	3	3	74	1160	602	50	0.99742	1163	0	TRUE	PB2:cds-XAJ25426.1	ATT	I	ATC	I	261
PB2|PP755596.1|A/cattle/Texas/24-008749-003/2024(H5N1)	789	C	T	2	1	50	1176	630	50	0.998302	1178	0	TRUE	PB2:cds-XAJ25426.1	GCC	A	GCT	A	263
PB2|PP755596.1|A/cattle/Texas/24-008749-003/2024(H5N1)	795	T	C	0	0	0	1198	615	52	1	1198	0	TRUE	PB2:cds-XAJ25426.1	AAT	N	AAC	N	265
PB2|PP755596.1|A/cattle/Texas/24-008749-003/2024(H5N1)	838	C	A	1143	639	43	28	0	27	0.0239112	1171	0.00212517	TRUE	PB2:cds-XAJ25426.1	CTA	L	ATA	I	280
PB2|PP755596.1|A/cattle/Texas/24-008749-003/2024(H5N1)	879	G	A	2	0	60	1206	497	48	0.998344	1208	0	TRUE	PB2:cds-XAJ25426.1	AGG	R	AGA	R	293
PB2|PP755596.1|A/cattle/Texas/24-008749-003/2024(H5N1)	909	G	A	0	0	0	1250	570	50	1	1250	0	TRUE	PB2:cds-XAJ25426.1	ACG	T	ACA	T	303
PB2|PP755596.1|A/cattle/Texas/24-008749-003/2024(H5N1)	939	A	G	1	1	80	1211	554	51	0.999175	1212	0	TRUE	PB2:cds-XAJ25426.1	GCA	A	GCG	A	313
PB2|PP755596.1|A/cattle/Texas/24-008749-003/2024(H5N1)	948	C	A	0	0	0	1248	588	52	1	1248	0	TRUE	PB2:cds-XAJ25426.1	GGC	G	GGA	G	316
PB2|PP755596.1|A/cattle/Texas/24-008749-003/2024(H5N1)	966	G	T	0	0	0	1223	563	51	0.995928	1228	0	TRUE	PB2:cds-XAJ25426.1	TCG	S	TCT	S	322
PB2|PP755596.1|A/cattle/Texas/24-008749-003/2024(H5N1)	1005	A	G	1	0	80	1145	646	47	0.997387	1148	0	TRUE	PB2:cds-XAJ25426.1	GGA	G	GGG	G	335
PB2|PP755596.1|A/cattle/Texas/24-008749-003/2024(H5N1)	1029	G	A	0	0	0	1176	696	48	0.99915	1177	0	TRUE	PB2:cds-XAJ25426.1	GAG	E	GAA	E	343
PB2|PP755596.1|A/cattle/Texas/24-008749-003/2024(H5N1)	1044	C	T	1	1	40	1170	677	50	0.998294	1172	0	TRUE	PB2:cds-XAJ25426.1	AAC	N	AAT	N	348
PB2|PP755596.1|A/cattle/Texas/24-008749-003/2024(H5N1)	1047	T	C	1136	633	49	79	52	45	0.0649671	1216	6.67849e-30	TRUE	PB2:cds-XAJ25426.1	CTT	L	CTC	L	349
PB2|PP755596.1|A/cattle/Texas/24-008749-003/2024(H5N1)	1068	A	G	0	0	0	1191	620	46	1	1191	0	TRUE	PB2:cds-XAJ25426.1	GTA	V	GTG	V	356
PB2|PP755596.1|A/cattle/Texas/24-008749-003/2024(H5N1)	1085	G	A	0	0	0	1146	569	49	1	1146	0	TRUE	PB2:cds-XAJ25426.1	GGG	G	GAG	E	362
PB2|PP755596.1|A/cattle/Texas/24-008749-003/2024(H5N1)	1086	G	A	1	0	40	1134	555	47	0.999119	1135	0	TRUE	PB2:cds-XAJ25426.1	GGG	G	GGA	G	362
PB2|PP755596.1|A/cattle/Texas/24-008749-003/2024(H5N1)	1103	G	A	0	0	0	1160	628	49	1	1160	0	TRUE	PB2:cds-XAJ25426.1	AGA	R	AAA	K	368
PB2|PP755596.1|A/cattle/Texas/24-008749-003/2024(H5N1)	1122	C	A	1	0	24	1188	648	48	0.996644	1192	0	TRUE	PB2:cds-XAJ25426.1	CTC	L	CTA	L	374
PB2|PP755596.1|A/cattle/Texas/24-008749-003/2024(H5N1)	1140	G	A	0	0	0	1112	535	50	1	1112	0	TRUE	PB2:cds-XAJ25426.1	AGG	R	AGA	R	380
PB2|PP755596.1|A/cattle/Texas/24-008749-003/2024(H5N1)	1146	T	C	0	0	0	1117	538	50	0.999106	1118	0	TRUE	PB2:cds-XAJ25426.1	ATT	I	ATC	I	382
PB2|PP755596.1|A/cattle/Texas/24-008749-003/2024(H5N1)	1150	C	T	1	0	80	1163	542	48	0.998283	1165	0	TRUE	PB2:cds-XAJ25426.1	CTA	L	TTA	L	384
PB2|PP755596.1|A/cattle/Texas/24-008749-003/2024(H5N1)	1197	C	T	0	0	0	1157	533	49	1	1157	0	TRUE	PB2:cds-XAJ25426.1	ATC	I	ATT	I	399
PB2|PP755596.1|A/cattle/Texas/24-008749-003/2024(H5N1)	1224	C	T	1	0	40	1142	488	47	0.999125	1143	0	TRUE	PB2:cds-XAJ25426.1	GAC	D	GAT	D	408
PB2|PP755596.1|A/cattle/Texas/24-008749-003/2024(H5N1)	1251	T	C	0	0	0	1139	452	45	1	1139	0	TRUE	PB2:cds-XAJ25426.1	GAT	D	GAC	D	417
PB2|PP755596.1|A/cattle/Texas/24-008749-003/2024(H5N1)	1257	C	T	0	0	0	1170	442	49	1	1170	0	TRUE	PB2:cds-XAJ25426.1	AAC	N	AAT	N	419
PB2|PP755596.1|A/cattle/Texas/24-008749-003/2024(H5N1)	1266	C	T	0	0	0	1177	458	48	1	1177	0	TRUE	PB2:cds-XAJ25426.1	AAC	N	AAT	N	422
PB2|PP755596.1|A/cattle/Texas/24-008749-003/2024(H5N1)	1272	G	A	0	0	0	1213	490	48	1	1213	0	TRUE	PB2:cds-XAJ25426.1	GCG	A	GCA	A	424
PB2|PP755596.1|A/cattle/Texas/24-008749-003/2024(H5N1)	1302	C	T	1	0	40	1206	511	49	0.999171	1207	0	TRUE	PB2:cds-XAJ25426.1	CTC	L	CTT	L	434
PB2|PP755596.1|A/cattle/Texas/24-008749-003/2024(H5N1)	1321	A	G	0	0	0	1200	484	51	1	1200	0	TRUE	PB2:cds-XAJ25426.1	AAT	N	GAT	D	441
PB2|PP755596.1|A/cattle/Texas/24-008749-003/2024(H5N1)	1413	T	C	1	1	80	1307	862	51	0.999235	1308	0	TRUE	PB2:cds-XAJ25426.1	ACT	T	ACC	T	471
PB2|PP755596.1|A/cattle/Texas/24-008749-003/2024(H5N1)	1414	G	T	969	501	43	27	27	26	0.0271084	996	0.000627585	TRUE	PB2:cds-XAJ25426.1	GAG	E	TAG	*	472
PB2|PP755596.1|A/cattle/Texas/24-008749-003/2024(H5N1)	1422	A	T	0	0	0	1275	843	49	0.997653	1278	0	TRUE	PB2:cds-XAJ25426.1	TCA	S	TCT	S	474
PB2|PP755596.1|A/cattle/Texas/24-008749-003/2024(H5N1)	1423	C	A	1160	867	44	12	0	26	0.0102389	1172	0.487678	FALSE	PB2:cds-XAJ25426.1	CTG	L	ATG	M	475
PB2|PP755596.1|A/cattle/Texas/24-008749-003/2024(H5N1)	1483	A	G	0	0	0	1277	495	47	1	1277	0	TRUE	PB2:cds-XAJ25426.1	ATA	I	GTA	V	495
PB2|PP755596.1|A/cattle/Texas/24-008749-003/2024(H5N1)	1512	T	C	0	0	0	1329	616	52	1	1329	0	TRUE	PB2:cds-XAJ25426.1	GTT	V	GTC	V	504
PB2|PP755596.1|A/cattle/Texas/24-008749-003/2024(H5N1)	1530	C	T	0	0	0	1350	619	53	1	1350	0	TRUE	PB2:cds-XAJ25426.1	AAC	N	AAT	N	510
PB2|PP755596.1|A/cattle/Texas/24-008749-003/2024(H5N1)	1551	A	G	0	0	0	1343	501	51	1	1343	0	TRUE	PB2:cds-XAJ25426.1	GAA	E	GAG	E	517
PB2|PP755596.1|A/cattle/Texas/24-008749-003/2024(H5N1)	1579	T	C	0	0	0	1369	595	53	0.99927	1370	0	TRUE	PB2:cds-XAJ25426.1	TTG	L	CTG	L	527
PB2|PP755596.1|A/cattle/Texas/24-008749-003/2024(H5N1)	1593	T	C	0	0	0	1382	601	52	1	1382	0	TRUE	PB2:cds-XAJ25426.1	TAT	Y	TAC	Y	531
PB2|PP755596.1|A/cattle/Texas/24-008749-003/2024(H5N1)	1647	T	C	0	0	0	1518	764	51	1	1518	0	TRUE	PB2:cds-XAJ25426.1	ACT	T	ACC	T	549
PB2|PP755596.1|A/cattle/Texas/24-008749-003/2024(H5N1)	1677	A	T	0	0	0	1418	766	49	1	1418	0	TRUE	PB2:cds-XAJ25426.1	ACA	T	ACT	T	559
PB2|PP755596.1|A/cattle/Texas/24-008749-003/2024(H5N1)	1678	G	T	0	0	0	1414	763	49	0.999293	1415	0	TRUE	PB2:cds-XAJ25426.1	GTA	V	TTA	L	560
PB2|PP755596.1|A/cattle/Texas/24-008749-003/2024(H5N1)	1707	A	G	3	2	80	1460	867	52	0.997949	1463	0	TRUE	PB2:cds-XAJ25426.1	ACA	T	ACG	T	569
PB2|PP755596.1|A/cattle/Texas/24-008749-003/2024(H5N1)	1811	G	T	1199	461	42	26	26	25	0.0212245	1225	0.00635459	TRUE	PB2:cds-XAJ25426.1	CGA	R	CTA	L	604
PB2|PP755596.1|A/cattle/Texas/24-008749-003/2024(H5N1)	1818	G	A	0	0	0	1399	718	49	0.999286	1400	0	TRUE	PB2:cds-XAJ25426.1	GTG	V	GTA	V	606
PB2|PP755596.1|A/cattle/Texas/24-008749-003/2024(H5N1)	1857	C	A	1272	663	44	13	0	25	0.0101167	1285	0.553087	FALSE	PB2:cds-XAJ25426.1	CTC	L	CTA	L	619
PB2|PP755596.1|A/cattle/Texas/24-008749-003/2024(H5N1)	1866	T	C	2	1	40	1377	639	50	0.99855	1379	0	TRUE	PB2:cds-XAJ25426.1	GCT	A	GCC	A	622
PB2|PP755596.1|A/cattle/Texas/24-008749-003/2024(H5N1)	1872	C	T	4	2	56	1377	637	51	0.995662	1383	0	TRUE	PB2:cds-XAJ25426.1	GCC	A	GCT	A	624
PB2|PP755596.1|A/cattle/Texas/24-008749-003/2024(H5N1)	1891	C	A	0	0	0	1413	719	52	0.998587	1415	0	TRUE	PB2:cds-XAJ25426.1	CTG	L	ATG	M	631
PB2|PP755596.1|A/cattle/Texas/24-008749-003/2024(H5N1)	1905	T	C	2	2	32	1343	672	50	0.996291	1348	0	TRUE	PB2:cds-XAJ25426.1	TCT	S	TCC	S	635
PB2|PP755596.1|A/cattle/Texas/24-008749-003/2024(H5N1)	1911	T	C	1	1	40	1352	690	51	0.998523	1354	0	TRUE	PB2:cds-XAJ25426.1	ACT	T	ACC	T	637
PB2|PP755596.1|A/cattle/Texas/24-008749-003/2024(H5N1)	1945	A	G	2	2	40	1462	724	46	0.998634	1464	0	TRUE	PB2:cds-XAJ25426.1	ATA	I	GTA	V	649
PB2|PP755596.1|A/cattle/Texas/24-008749-003/2024(H5N1)	1961	C	A	1461	684	44	93	57	43	0.0598071	1555	1.70162e-34	TRUE	PB2:cds-XAJ25426.1	CCA	P	CAA	Q	654
PB2|PP755596.1|A/cattle/Texas/24-008749-003/2024(H5N1)	1985	C	T	3	3	40	1688	890	50	0.997636	1692	0	TRUE	PB2:cds-XAJ25426.1	ACC	T	ATC	I	662
PB2|PP755596.1|A/cattle/Texas/24-008749-003/2024(H5N1)	2003	T	-C	1844	962	50	46	0	20	0.0189456	2428	0.000159359	TRUE	NA	NA	NA	NA	NA	NA
PB2|PP755596.1|A/cattle/Texas/24-008749-003/2024(H5N1)	2013	T	C	1	0	40	1852	969	50	0.99946	1853	0	TRUE	PB2:cds-XAJ25426.1	GAT	D	GAC	D	671
PB2|PP755596.1|A/cattle/Texas/24-008749-003/2024(H5N1)	2026	G	A	1	1	40	1875	948	50	0.999467	1876	0	TRUE	PB2:cds-XAJ25426.1	GCC	A	ACC	T	676
PB2|PP755596.1|A/cattle/Texas/24-008749-003/2024(H5N1)	2030	A	C	1864	939	51	83	40	46	0.0425641	1950	2.13226e-31	TRUE	PB2:cds-XAJ25426.1	GAA	E	GCA	A	677
PB2|PP755596.1|A/cattle/Texas/24-008749-003/2024(H5N1)	2034	T	C	1	1	40	1811	880	50	0.999448	1812	0	TRUE	PB2:cds-XAJ25426.1	GAT	D	GAC	D	678
PB2|PP755596.1|A/cattle/Texas/24-008749-003/2024(H5N1)	2082	C	T	9	3	56	2752	1408	48	0.99674	2761	0	TRUE	PB2:cds-XAJ25426.1	TTC	F	TTT	F	694
PB2|PP755596.1|A/cattle/Texas/24-008749-003/2024(H5N1)	2114	G	A	3224	1822	50	93	53	40	0.028012	3320	3.63544e-38	TRUE	PB2:cds-XAJ25426.1	GGC	G	GAC	D	705
PB2|PP755596.1|A/cattle/Texas/24-008749-003/2024(H5N1)	2115	C	T	95	55	36	3125	1752	50	0.970497	3220	0	TRUE	PB2:cds-XAJ25426.1	GGC	G	GGT	G	705
PB2|PP755596.1|A/cattle/Texas/24-008749-003/2024(H5N1)	2137	C	T	11	7	43	3348	1587	49	0.996429	3360	0	TRUE	PB2:cds-XAJ25426.1	CTG	L	TTG	L	713
PB2|PP755596.1|A/cattle/Texas/24-008749-003/2024(H5N1)	2145	T	+C	3412	1701	50	61	0	20	0.012632	4829	0.0019294	TRUE	NA	NA	NA	NA	NA	NA
PB2|PP755596.1|A/cattle/Texas/24-008749-003/2024(H5N1)	2146	T	C	15	0	30	3364	1749	51	0.995561	3379	0	TRUE	PB2:cds-XAJ25426.1	TTG	L	CTG	L	716
PB2|PP755596.1|A/cattle/Texas/24-008749-003/2024(H5N1)	2148	G	T	19	4	27	3337	1733	51	0.994338	3356	0	TRUE	PB2:cds-XAJ25426.1	TTG	L	TTT	F	716
PB2|PP755596.1|A/cattle/Texas/24-008749-003/2024(H5N1)	2154	G	A	10	9	40	3456	1810	52	0.997115	3466	0	TRUE	PB2:cds-XAJ25426.1	AAG	K	AAA	K	718
PB2|PP755596.1|A/cattle/Texas/24-008749-003/2024(H5N1)	2181	G	A	5	3	54	3746	2607	60	0.998667	3751	0	TRUE	PB2:cds-XAJ25426.1	GGG	G	GGA	G	727
PB2|PP755596.1|A/cattle/Texas/24-008749-003/2024(H5N1)	2186	G	T	3250	1990	49	40	40	27	0.0121544	3291	0.191584	FALSE	PB2:cds-XAJ25426.1	GGA	G	GTA	V	729
PB2|PP755596.1|A/cattle/Texas/24-008749-003/2024(H5N1)	2193	G	A	5	5	56	3721	2610	60	0.998658	3726	0	TRUE	PB2:cds-XAJ25426.1	GTG	V	GTA	V	731
