REGION	POS	REF	ALT	REF_DP	REF_RV	REF_QUAL	ALT_DP	ALT_RV	ALT_QUAL	ALT_FREQ	TOTAL_DP	PVAL	PASS	GFF_FEATURE	REF_CODON	REF_AA	ALT_CODON	ALT_AA	POS_AA
NS|PP755593.1|A/cattle/Texas/24-008749-003/2024(H5N1)	15	T	A	99	15	37	6481	739	37	0.984207	6585	0	TRUE	NEP:cds-XAJ25421.1	ACT	T	ACA	T	5
NS|PP755593.1|A/cattle/Texas/24-008749-003/2024(H5N1)	15	T	A	99	15	37	6481	739	37	0.984207	6585	0	TRUE	NS1:cds-XAJ25420.1	ACT	T	ACA	T	5
NS|PP755593.1|A/cattle/Texas/24-008749-003/2024(H5N1)	20	T	C	4	1	42	8582	1037	37	0.999301	8588	0	TRUE	NEP:cds-XAJ25421.1	TTA	L	TCA	S	7
NS|PP755593.1|A/cattle/Texas/24-008749-003/2024(H5N1)	20	T	C	4	1	42	8582	1037	37	0.999301	8588	0	TRUE	NS1:cds-XAJ25420.1	TTA	L	TCA	S	7
NS|PP755593.1|A/cattle/Texas/24-008749-003/2024(H5N1)	27	T	C	136	19	37	9198	1154	37	0.985324	9335	0	TRUE	NEP:cds-XAJ25421.1	TTT	F	TTC	F	9
NS|PP755593.1|A/cattle/Texas/24-008749-003/2024(H5N1)	27	T	C	136	19	37	9198	1154	37	0.985324	9335	0	TRUE	NS1:cds-XAJ25420.1	TTT	F	TTC	F	9
NS|PP755593.1|A/cattle/Texas/24-008749-003/2024(H5N1)	79	C	A	206	48	41	15493	3208	40	0.985685	15718	0	TRUE	NS1:cds-XAJ25420.1	CTG	L	ATG	M	27
NS|PP755593.1|A/cattle/Texas/24-008749-003/2024(H5N1)	108	C	T	4	1	42	20032	4917	42	0.999601	20040	0	TRUE	NS1:cds-XAJ25420.1	CTC	L	CTT	L	36
NS|PP755593.1|A/cattle/Texas/24-008749-003/2024(H5N1)	117	C	T	14	4	48	20455	5202	42	0.999267	20470	0	TRUE	NS1:cds-XAJ25420.1	GAC	D	GAT	D	39
NS|PP755593.1|A/cattle/Texas/24-008749-003/2024(H5N1)	123	G	A	11	4	42	20558	5357	42	0.999271	20573	0	TRUE	NS1:cds-XAJ25420.1	AAG	K	AAA	K	41
NS|PP755593.1|A/cattle/Texas/24-008749-003/2024(H5N1)	126	T	C	4	3	57	20590	7318	43	0.999612	20598	0	TRUE	NS1:cds-XAJ25420.1	TCT	S	TCC	S	42
NS|PP755593.1|A/cattle/Texas/24-008749-003/2024(H5N1)	129	A	G	21040	7681	43	256	93	43	0.0120205	21297	1.07687e-95	TRUE	NS1:cds-XAJ25420.1	CTA	L	CTG	L	43
NS|PP755593.1|A/cattle/Texas/24-008749-003/2024(H5N1)	158	A	G	22964	10698	41	280	135	41	0.0120461	23244	4.89536e-97	TRUE	NS1:cds-XAJ25420.1	GAC	D	GGC	G	53
NS|PP755593.1|A/cattle/Texas/24-008749-003/2024(H5N1)	159	C	T	285	142	41	22465	10301	41	0.987429	22751	0	TRUE	NS1:cds-XAJ25420.1	GAC	D	GAT	D	53
NS|PP755593.1|A/cattle/Texas/24-008749-003/2024(H5N1)	165	G	A	23470	11132	42	268	133	40	0.0112899	23738	6.46697e-92	TRUE	NS1:cds-XAJ25420.1	GAG	E	GAA	E	55
NS|PP755593.1|A/cattle/Texas/24-008749-003/2024(H5N1)	168	G	A	31	15	37	21804	11361	39	0.998535	21836	0	TRUE	NS1:cds-XAJ25420.1	ACG	T	ACA	T	56
NS|PP755593.1|A/cattle/Texas/24-008749-003/2024(H5N1)	171	C	T	282	149	40	21825	11703	39	0.987199	22108	0	TRUE	NS1:cds-XAJ25420.1	GCC	A	GCT	A	57
NS|PP755593.1|A/cattle/Texas/24-008749-003/2024(H5N1)	174	T	C	22760	12316	40	279	145	39	0.0121099	23039	5.10991e-67	TRUE	NS1:cds-XAJ25420.1	ACT	T	ACC	T	58
NS|PP755593.1|A/cattle/Texas/24-008749-003/2024(H5N1)	176	G	A	281	151	39	22276	12576	40	0.987543	22557	0	TRUE	NS1:cds-XAJ25420.1	CGT	R	CAT	H	59
NS|PP755593.1|A/cattle/Texas/24-008749-003/2024(H5N1)	180	T	A	5	2	34	23290	13934	40	0.998585	23323	0	TRUE	NS1:cds-XAJ25420.1	GCT	A	GCA	A	60
NS|PP755593.1|A/cattle/Texas/24-008749-003/2024(H5N1)	199	A	C	9	8	43	24783	13407	41	0.999113	24805	0	TRUE	NS1:cds-XAJ25420.1	AGG	R	CGG	R	67
NS|PP755593.1|A/cattle/Texas/24-008749-003/2024(H5N1)	210	G	A	24801	13215	42	359	195	39	0.0142687	25160	1.47157e-90	TRUE	NS1:cds-XAJ25420.1	GAG	E	GAA	E	70
NS|PP755593.1|A/cattle/Texas/24-008749-003/2024(H5N1)	219	C	T	22	12	39	25431	14159	42	0.999057	25455	0	TRUE	NS1:cds-XAJ25420.1	TCC	S	TCT	S	73
NS|PP755593.1|A/cattle/Texas/24-008749-003/2024(H5N1)	226	G	A	24871	14415	42	293	186	39	0.0116436	25164	3.90019e-71	TRUE	NS1:cds-XAJ25420.1	GCA	A	ACA	T	76
NS|PP755593.1|A/cattle/Texas/24-008749-003/2024(H5N1)	231	C	T	1	0	34	25297	15171	42	0.999921	25299	0	TRUE	NS1:cds-XAJ25420.1	CTC	L	CTT	L	77
NS|PP755593.1|A/cattle/Texas/24-008749-003/2024(H5N1)	246	C	T	313	191	37	21454	12932	40	0.98553	21769	0	TRUE	NS1:cds-XAJ25420.1	GCC	A	GCT	A	82
NS|PP755593.1|A/cattle/Texas/24-008749-003/2024(H5N1)	247	T	C	1	1	20	279	178	38	0.0128648	21687	0	TRUE	NS1:cds-XAJ25420.1	TCT	S	CCT	P	83
NS|PP755593.1|A/cattle/Texas/24-008749-003/2024(H5N1)	247	T	A	1	1	20	21398	12920	40	0.986674	21687	0	TRUE	NS1:cds-XAJ25420.1	TCT	S	ACT	T	83
NS|PP755593.1|A/cattle/Texas/24-008749-003/2024(H5N1)	249	T	C	0	0	0	278	176	38	0.0128335	21662	0	TRUE	NS1:cds-XAJ25420.1	TCT	S	TCC	S	83
NS|PP755593.1|A/cattle/Texas/24-008749-003/2024(H5N1)	249	T	A	0	0	0	21367	12904	40	0.986382	21662	0	TRUE	NS1:cds-XAJ25420.1	TCT	S	TCA	S	83
NS|PP755593.1|A/cattle/Texas/24-008749-003/2024(H5N1)	255	T	G	0	0	0	22005	13059	40	0.986417	22308	0	TRUE	NS1:cds-XAJ25420.1	CCT	P	CCG	P	85
NS|PP755593.1|A/cattle/Texas/24-008749-003/2024(H5N1)	255	T	A	0	0	0	303	181	39	0.0135826	22308	0	TRUE	NS1:cds-XAJ25420.1	CCT	P	CCA	P	85
NS|PP755593.1|A/cattle/Texas/24-008749-003/2024(H5N1)	259	C	T	26	13	36	22153	12868	39	0.998783	22180	0	TRUE	NS1:cds-XAJ25420.1	CCA	P	TCA	S	87
NS|PP755593.1|A/cattle/Texas/24-008749-003/2024(H5N1)	288	A	G	25404	14152	41	306	151	38	0.0119015	25711	3.525e-73	TRUE	NS1:cds-XAJ25420.1	GAA	E	GAG	E	96
NS|PP755593.1|A/cattle/Texas/24-008749-003/2024(H5N1)	300	A	G	18	6	35	24192	13606	40	0.999215	24211	0	TRUE	NS1:cds-XAJ25420.1	AGA	R	AGG	R	100
NS|PP755593.1|A/cattle/Texas/24-008749-003/2024(H5N1)	321	C	T	273	113	40	17974	8342	39	0.985039	18247	0	TRUE	NS1:cds-XAJ25420.1	CCC	P	CCT	P	107
NS|PP755593.1|A/cattle/Texas/24-008749-003/2024(H5N1)	324	G	A	6	3	35	16923	8492	37	0.999409	16933	0	TRUE	NS1:cds-XAJ25420.1	AAG	K	AAA	K	108
NS|PP755593.1|A/cattle/Texas/24-008749-003/2024(H5N1)	327	A	G	12	10	37	18022	8493	38	0.999279	18035	0	TRUE	NS1:cds-XAJ25420.1	CAA	Q	CAG	Q	109
NS|PP755593.1|A/cattle/Texas/24-008749-003/2024(H5N1)	329	A	G	254	110	39	17887	8424	38	0.98589	18143	0	TRUE	NS1:cds-XAJ25420.1	AAA	K	AGA	R	110
NS|PP755593.1|A/cattle/Texas/24-008749-003/2024(H5N1)	331	G	A	17827	8380	38	247	103	37	0.0136653	18075	2.65469e-59	TRUE	NS1:cds-XAJ25420.1	GTG	V	ATG	M	111
NS|PP755593.1|A/cattle/Texas/24-008749-003/2024(H5N1)	339	C	T	47	17	39	17437	8399	38	0.997312	17484	0	TRUE	NS1:cds-XAJ25420.1	GGC	G	GGT	G	113
NS|PP755593.1|A/cattle/Texas/24-008749-003/2024(H5N1)	345	C	T	10	7	37	17259	8378	38	0.999421	17269	0	TRUE	NS1:cds-XAJ25420.1	CTC	L	CTT	L	115
NS|PP755593.1|A/cattle/Texas/24-008749-003/2024(H5N1)	346	A	T	1	1	34	17301	8390	38	0.999596	17308	0	TRUE	NS1:cds-XAJ25420.1	AGT	S	TGT	C	116
NS|PP755593.1|A/cattle/Texas/24-008749-003/2024(H5N1)	348	T	C	5	1	46	17101	8297	38	0.999591	17108	0	TRUE	NS1:cds-XAJ25420.1	AGT	S	AGC	S	116
NS|PP755593.1|A/cattle/Texas/24-008749-003/2024(H5N1)	366	G	A	17	10	37	22002	8662	38	0.999137	22021	0	TRUE	NS1:cds-XAJ25420.1	GCG	A	GCA	A	122
NS|PP755593.1|A/cattle/Texas/24-008749-003/2024(H5N1)	369	T	A	0	0	0	21210	8765	38	0.999576	21219	0	TRUE	NS1:cds-XAJ25420.1	ATT	I	ATA	I	123
NS|PP755593.1|A/cattle/Texas/24-008749-003/2024(H5N1)	378	G	A	5	0	34	21989	9310	40	0.999773	21994	0	TRUE	NS1:cds-XAJ25420.1	AAG	K	AAA	K	126
NS|PP755593.1|A/cattle/Texas/24-008749-003/2024(H5N1)	388	C	T	10	3	40	20972	8662	39	0.999523	20982	0	TRUE	NS1:cds-XAJ25420.1	CTG	L	TTG	L	130
NS|PP755593.1|A/cattle/Texas/24-008749-003/2024(H5N1)	393	G	A	29	8	40	20343	9147	38	0.998576	20372	0	TRUE	NS1:cds-XAJ25420.1	AAG	K	AAA	K	131
NS|PP755593.1|A/cattle/Texas/24-008749-003/2024(H5N1)	396	A	G	284	124	41	20226	9138	38	0.986153	20510	0	TRUE	NS1:cds-XAJ25420.1	GCA	A	GCG	A	132
NS|PP755593.1|A/cattle/Texas/24-008749-003/2024(H5N1)	399	C	T	283	134	41	19356	8459	38	0.98549	19641	0	TRUE	NS1:cds-XAJ25420.1	AAC	N	AAT	N	133
NS|PP755593.1|A/cattle/Texas/24-008749-003/2024(H5N1)	411	C	T	13	5	39	18999	9951	37	0.999264	19013	0	TRUE	NS1:cds-XAJ25420.1	ATC	I	ATT	I	137
NS|PP755593.1|A/cattle/Texas/24-008749-003/2024(H5N1)	414	C	T	2	1	34	18995	9940	37	0.999895	18997	0	TRUE	NS1:cds-XAJ25420.1	TTC	F	TTT	F	138
NS|PP755593.1|A/cattle/Texas/24-008749-003/2024(H5N1)	415	A	G	11	3	38	18920	9878	37	0.999419	18931	0	TRUE	NS1:cds-XAJ25420.1	AAT	N	GAT	D	139
NS|PP755593.1|A/cattle/Texas/24-008749-003/2024(H5N1)	417	T	C	3	2	45	18810	9833	37	0.999575	18818	0	TRUE	NS1:cds-XAJ25420.1	AAT	N	AAC	N	139
NS|PP755593.1|A/cattle/Texas/24-008749-003/2024(H5N1)	426	G	A	22500	12492	40	264	141	40	0.0115967	22765	1.0938e-87	TRUE	NS1:cds-XAJ25420.1	GAG	E	GAA	E	142
NS|PP755593.1|A/cattle/Texas/24-008749-003/2024(H5N1)	429	A	T	3	1	31	20760	10827	39	0.986551	21043	0	TRUE	NS1:cds-XAJ25420.1	ACA	T	ACT	T	143
NS|PP755593.1|A/cattle/Texas/24-008749-003/2024(H5N1)	429	A	C	3	1	31	280	153	40	0.0133061	21043	0	TRUE	NS1:cds-XAJ25420.1	ACA	T	ACC	T	143
NS|PP755593.1|A/cattle/Texas/24-008749-003/2024(H5N1)	441	C	T	15	7	37	22429	9894	40	0.999243	22446	0	TRUE	NS1:cds-XAJ25420.1	CTC	L	CTT	L	147
NS|PP755593.1|A/cattle/Texas/24-008749-003/2024(H5N1)	453	T	A	1	0	68	22195	11624	41	0.999235	22212	0	TRUE	NS1:cds-XAJ25420.1	ACT	T	ACA	T	151
NS|PP755593.1|A/cattle/Texas/24-008749-003/2024(H5N1)	459	G	A	40	26	39	22048	11423	41	0.998008	22092	0	TRUE	NS1:cds-XAJ25420.1	GAG	E	GAA	E	153
NS|PP755593.1|A/cattle/Texas/24-008749-003/2024(H5N1)	471	C	G	0	0	0	21024	11697	39	0.999715	21030	0	TRUE	NS1:cds-XAJ25420.1	GTC	V	GTG	V	157
NS|PP755593.1|A/cattle/Texas/24-008749-003/2024(H5N1)	474	C	A	2	2	34	21386	12039	39	0.998646	21415	0	TRUE	NS1:cds-XAJ25420.1	GGC	G	GGA	G	158
NS|PP755593.1|A/cattle/Texas/24-008749-003/2024(H5N1)	480	T	C	7	3	42	22063	12754	40	0.999683	22070	0	TRUE	NS1:cds-XAJ25420.1	ATT	I	ATC	I	160
NS|PP755593.1|A/cattle/Texas/24-008749-003/2024(H5N1)	481	T	A	21557	12294	40	246	120	39	0.0112689	21830	2.73212e-57	TRUE	NS1:cds-XAJ25420.1	TCA	S	ACA	T	161
NS|PP755593.1|A/cattle/Texas/24-008749-003/2024(H5N1)	489	G	A	9	4	41	22374	13107	40	0.999419	22387	0	TRUE	NS1:cds-XAJ25420.1	TTG	L	TTA	L	163
NS|PP755593.1|A/cattle/Texas/24-008749-003/2024(H5N1)	526	A	G	23142	12601	40	273	147	39	0.0116592	23415	7.87448e-64	TRUE	NEP:cds-XAJ25421.1	AAA	K	AAG	K	8
NS|PP755593.1|A/cattle/Texas/24-008749-003/2024(H5N1)	526	A	G	23142	12601	40	273	147	39	0.0116592	23415	7.87448e-64	TRUE	NS1:cds-XAJ25420.1	AAT	N	GAT	D	176
NS|PP755593.1|A/cattle/Texas/24-008749-003/2024(H5N1)	588	A	G	278	145	40	23288	11518	38	0.988203	23566	0	TRUE	NEP:cds-XAJ25421.1	AAA	K	AGA	R	29
NS|PP755593.1|A/cattle/Texas/24-008749-003/2024(H5N1)	588	A	G	278	145	40	23288	11518	38	0.988203	23566	0	TRUE	NS1:cds-XAJ25420.1	GAA	E	GAG	E	196
NS|PP755593.1|A/cattle/Texas/24-008749-003/2024(H5N1)	592	T	C	5	5	34	23486	11261	39	0.999532	23497	0	TRUE	NEP:cds-XAJ25421.1	CTT	L	CTC	L	30
NS|PP755593.1|A/cattle/Texas/24-008749-003/2024(H5N1)	592	T	C	5	5	34	23486	11261	39	0.999532	23497	0	TRUE	NS1:cds-XAJ25420.1	TTA	L	CTA	L	198
NS|PP755593.1|A/cattle/Texas/24-008749-003/2024(H5N1)	646	C	T	314	146	42	23288	10047	43	0.986654	23603	0	TRUE	NEP:cds-XAJ25421.1	CTC	L	CTT	L	48
NS|PP755593.1|A/cattle/Texas/24-008749-003/2024(H5N1)	646	C	T	314	146	42	23288	10047	43	0.986654	23603	0	TRUE	NS1:cds-XAJ25420.1	CCA	P	TCA	S	216
NS|PP755593.1|A/cattle/Texas/24-008749-003/2024(H5N1)	668	A	C	0	0	0	22961	12177	43	0.999739	22967	0	TRUE	NEP:cds-XAJ25421.1	AGA	R	CGA	R	56
NS|PP755593.1|A/cattle/Texas/24-008749-003/2024(H5N1)	668	A	C	0	0	0	22961	12177	43	0.999739	22967	0	TRUE	NS1:cds-XAJ25420.1	GAG	E	GCG	A	223
NS|PP755593.1|A/cattle/Texas/24-008749-003/2024(H5N1)	672	G	A	18	7	44	20434	12331	41	0.998534	20464	0	TRUE	NEP:cds-XAJ25421.1	GGA	G	GAA	E	57
NS|PP755593.1|A/cattle/Texas/24-008749-003/2024(H5N1)	672	G	A	18	7	44	20434	12331	41	0.998534	20464	0	TRUE	NS1:cds-XAJ25420.1	AGG	R	AGA	R	224
NS|PP755593.1|A/cattle/Texas/24-008749-003/2024(H5N1)	701	A	C	272	146	43	21699	12332	44	0.987216	21980	0	TRUE	NEP:cds-XAJ25421.1	AGG	R	CGG	R	67
NS|PP755593.1|A/cattle/Texas/24-008749-003/2024(H5N1)	703	G	A	34	19	43	21932	12327	44	0.998452	21966	0	TRUE	NEP:cds-XAJ25421.1	AGG	R	AGA	R	67
NS|PP755593.1|A/cattle/Texas/24-008749-003/2024(H5N1)	707	C	T	279	159	43	20305	11079	42	0.986254	20588	0	TRUE	NEP:cds-XAJ25421.1	CTG	L	TTG	L	69
NS|PP755593.1|A/cattle/Texas/24-008749-003/2024(H5N1)	724	A	G	9	8	45	16739	13280	42	0.999343	16750	0	TRUE	NEP:cds-XAJ25421.1	CGA	R	CGG	R	74
NS|PP755593.1|A/cattle/Texas/24-008749-003/2024(H5N1)	727	C	T	273	202	49	16709	13514	43	0.983924	16982	0	TRUE	NEP:cds-XAJ25421.1	CAC	H	CAT	H	75
NS|PP755593.1|A/cattle/Texas/24-008749-003/2024(H5N1)	731	C	T	16	12	47	15573	12385	42	0.998781	15592	0	TRUE	NEP:cds-XAJ25421.1	CTA	L	TTA	L	77
NS|PP755593.1|A/cattle/Texas/24-008749-003/2024(H5N1)	733	A	G	8	4	55	17006	13826	43	0.999412	17016	0	TRUE	NEP:cds-XAJ25421.1	CTA	L	CTG	L	77
NS|PP755593.1|A/cattle/Texas/24-008749-003/2024(H5N1)	739	C	T	3	3	45	17211	14035	43	0.999826	17214	0	TRUE	NEP:cds-XAJ25421.1	ATC	I	ATT	I	79
NS|PP755593.1|A/cattle/Texas/24-008749-003/2024(H5N1)	745	A	G	15	11	49	16841	13733	43	0.99911	16856	0	TRUE	NEP:cds-XAJ25421.1	GAA	E	GAG	E	81
NS|PP755593.1|A/cattle/Texas/24-008749-003/2024(H5N1)	748	T	C	4	2	64	17137	14048	43	0.999708	17142	0	TRUE	NEP:cds-XAJ25421.1	AAT	N	AAC	N	82
NS|PP755593.1|A/cattle/Texas/24-008749-003/2024(H5N1)	751	T	C	246	187	46	16926	13889	43	0.985502	17175	0	TRUE	NEP:cds-XAJ25421.1	AGT	S	AGC	S	83
NS|PP755593.1|A/cattle/Texas/24-008749-003/2024(H5N1)	754	T	C	2	2	51	17188	14076	43	0.999825	17191	0	TRUE	NEP:cds-XAJ25421.1	TTT	F	TTC	F	84
NS|PP755593.1|A/cattle/Texas/24-008749-003/2024(H5N1)	760	A	G	18783	15474	45	233	176	47	0.0122516	19018	5.50943e-84	TRUE	NEP:cds-XAJ25421.1	CAA	Q	CAG	Q	86
NS|PP755593.1|A/cattle/Texas/24-008749-003/2024(H5N1)	766	A	T	9	6	45	230	175	45	0.0121577	18918	0	TRUE	NEP:cds-XAJ25421.1	ACA	T	ACT	T	88
NS|PP755593.1|A/cattle/Texas/24-008749-003/2024(H5N1)	766	A	G	9	6	45	18679	15533	44	0.987367	18918	0	TRUE	NEP:cds-XAJ25421.1	ACA	T	ACG	T	88
NS|PP755593.1|A/cattle/Texas/24-008749-003/2024(H5N1)	788	C	T	23	23	41	14931	13098	40	0.998328	14956	0	TRUE	NEP:cds-XAJ25421.1	CTG	L	TTG	L	96
NS|PP755593.1|A/cattle/Texas/24-008749-003/2024(H5N1)	832	T	C	126	113	38	9173	8335	35	0.986026	9303	0	TRUE	NEP:cds-XAJ25421.1	CTT	L	CTC	L	110
