REGION	POS	REF	ALT	REF_DP	REF_RV	REF_QUAL	ALT_DP	ALT_RV	ALT_QUAL	ALT_FREQ	TOTAL_DP	PVAL	PASS	GFF_FEATURE	REF_CODON	REF_AA	ALT_CODON	ALT_AA	POS_AA
HA|PP755589.1|A/cattle/Texas/24-008749-003/2024(H5N1)	6	G	A	0	0	0	87	7	34	1	87	4.47214e-146	TRUE	HA:cds-XAJ25415.1	GAG	E	GAA	E	2
HA|PP755589.1|A/cattle/Texas/24-008749-003/2024(H5N1)	18	A	T	0	0	0	497	27	41	1	497	0	TRUE	HA:cds-XAJ25415.1	CTA	L	CTT	L	6
HA|PP755589.1|A/cattle/Texas/24-008749-003/2024(H5N1)	31	G	A	0	0	0	655	59	39	0.998476	656	0	TRUE	HA:cds-XAJ25415.1	GTT	V	ATT	I	11
HA|PP755589.1|A/cattle/Texas/24-008749-003/2024(H5N1)	93	A	G	0	0	0	1793	211	43	1	1793	0	TRUE	HA:cds-XAJ25415.1	CAA	Q	CAG	Q	31
HA|PP755589.1|A/cattle/Texas/24-008749-003/2024(H5N1)	123	T	C	0	0	0	2113	346	43	1	2113	0	TRUE	HA:cds-XAJ25415.1	ACT	T	ACC	T	41
HA|PP755589.1|A/cattle/Texas/24-008749-003/2024(H5N1)	163	G	T	2666	783	41	60	59	30	0.0220022	2727	4.12419e-19	TRUE	HA:cds-XAJ25415.1	GGG	G	TGG	W	55
HA|PP755589.1|A/cattle/Texas/24-008749-003/2024(H5N1)	171	A	C	0	0	0	2875	1243	43	0.999652	2876	0	TRUE	HA:cds-XAJ25415.1	CTA	L	CTC	L	57
HA|PP755589.1|A/cattle/Texas/24-008749-003/2024(H5N1)	174	C	T	0	0	0	2895	1242	44	1	2895	0	TRUE	HA:cds-XAJ25415.1	TGC	C	TGT	C	58
HA|PP755589.1|A/cattle/Texas/24-008749-003/2024(H5N1)	177	C	T	1	0	40	2970	1236	44	0.998655	2974	0	TRUE	HA:cds-XAJ25415.1	GAC	D	GAT	D	59
HA|PP755589.1|A/cattle/Texas/24-008749-003/2024(H5N1)	195	A	T	1	1	40	3360	1515	44	0.999108	3363	0	TRUE	HA:cds-XAJ25415.1	CCA	P	CCT	P	65
HA|PP755589.1|A/cattle/Texas/24-008749-003/2024(H5N1)	210	C	T	0	0	0	3453	1669	42	0.99971	3454	0	TRUE	HA:cds-XAJ25415.1	GAC	D	GAT	D	70
HA|PP755589.1|A/cattle/Texas/24-008749-003/2024(H5N1)	213	C	T	0	0	0	3413	1624	43	1	3413	0	TRUE	HA:cds-XAJ25415.1	TGC	C	TGT	C	71
HA|PP755589.1|A/cattle/Texas/24-008749-003/2024(H5N1)	219	A	C	3308	1705	41	36	0	27	0.0107591	3346	0.408977	FALSE	HA:cds-XAJ25415.1	GTA	V	GTC	V	73
HA|PP755589.1|A/cattle/Texas/24-008749-003/2024(H5N1)	231	C	T	0	0	0	3630	1747	43	1	3630	0	TRUE	HA:cds-XAJ25415.1	CTC	L	CTT	L	77
HA|PP755589.1|A/cattle/Texas/24-008749-003/2024(H5N1)	262	A	G	2	0	32	3648	1986	42	0.999452	3650	0	TRUE	HA:cds-XAJ25415.1	AGA	R	GGA	G	88
HA|PP755589.1|A/cattle/Texas/24-008749-003/2024(H5N1)	279	T	C	1	0	40	4011	2012	41	0.999751	4012	0	TRUE	HA:cds-XAJ25415.1	TCT	S	TCC	S	93
HA|PP755589.1|A/cattle/Texas/24-008749-003/2024(H5N1)	297	T	C	0	0	0	3688	1598	41	0.999187	3691	0	TRUE	HA:cds-XAJ25415.1	GCT	A	GCC	A	99
HA|PP755589.1|A/cattle/Texas/24-008749-003/2024(H5N1)	300	C	T	0	0	0	3587	1515	41	1	3587	0	TRUE	HA:cds-XAJ25415.1	AAC	N	AAT	N	100
HA|PP755589.1|A/cattle/Texas/24-008749-003/2024(H5N1)	342	T	C	0	0	0	3859	1624	40	0.994844	3879	0	TRUE	HA:cds-XAJ25415.1	TAT	Y	TAC	Y	114
HA|PP755589.1|A/cattle/Texas/24-008749-003/2024(H5N1)	358	A	C	1	0	40	4050	1655	42	0.999753	4051	0	TRUE	HA:cds-XAJ25415.1	ATG	M	CTG	L	120
HA|PP755589.1|A/cattle/Texas/24-008749-003/2024(H5N1)	378	T	C	0	0	0	3811	1548	40	0.995819	3827	0	TRUE	HA:cds-XAJ25415.1	CAT	H	CAC	H	126
HA|PP755589.1|A/cattle/Texas/24-008749-003/2024(H5N1)	392	A	T	1	0	40	4077	1645	42	0.999755	4078	0	TRUE	HA:cds-XAJ25415.1	CAG	Q	CTG	L	131
HA|PP755589.1|A/cattle/Texas/24-008749-003/2024(H5N1)	399	T	C	9	1	26	4061	1698	43	0.997544	4071	0	TRUE	HA:cds-XAJ25415.1	ATT	I	ATC	I	133
HA|PP755589.1|A/cattle/Texas/24-008749-003/2024(H5N1)	401	C	A	2909	1704	37	43	0	24	0.0145615	2953	0.0402538	FALSE	HA:cds-XAJ25415.1	CCC	P	CAC	H	134
HA|PP755589.1|A/cattle/Texas/24-008749-003/2024(H5N1)	433	C	A	3732	2313	39	79	0	27	0.0207295	3811	2.41215e-05	TRUE	HA:cds-XAJ25415.1	CTA	L	ATA	I	145
HA|PP755589.1|A/cattle/Texas/24-008749-003/2024(H5N1)	436	G	T	3964	1865	40	41	41	27	0.0102346	4006	0.484664	FALSE	HA:cds-XAJ25415.1	GGG	G	TGG	W	146
HA|PP755589.1|A/cattle/Texas/24-008749-003/2024(H5N1)	459	C	T	0	0	0	3963	1989	42	0.999496	3965	0	TRUE	HA:cds-XAJ25415.1	TAC	Y	TAT	Y	153
HA|PP755589.1|A/cattle/Texas/24-008749-003/2024(H5N1)	468	A	G	9	3	47	3705	1954	42	0.997308	3715	0	TRUE	HA:cds-XAJ25415.1	GCA	A	GCG	A	156
HA|PP755589.1|A/cattle/Texas/24-008749-003/2024(H5N1)	549	T	C	3	1	34	3949	1881	41	0.998988	3953	0	TRUE	HA:cds-XAJ25415.1	ACT	T	ACC	T	183
HA|PP755589.1|A/cattle/Texas/24-008749-003/2024(H5N1)	554	G	T	3496	1443	38	44	40	28	0.0124189	3543	0.162743	FALSE	HA:cds-XAJ25415.1	CGG	R	CTG	L	185
HA|PP755589.1|A/cattle/Texas/24-008749-003/2024(H5N1)	621	C	T	0	0	0	4102	1766	41	0.999513	4104	0	TRUE	HA:cds-XAJ25415.1	TAC	Y	TAT	Y	207
HA|PP755589.1|A/cattle/Texas/24-008749-003/2024(H5N1)	627	C	T	1	1	24	4110	1771	41	0.999271	4113	0	TRUE	HA:cds-XAJ25415.1	AAC	N	AAT	N	209
HA|PP755589.1|A/cattle/Texas/24-008749-003/2024(H5N1)	632	T	C	0	0	0	4027	1843	40	0.999008	4031	0	TRUE	HA:cds-XAJ25415.1	ATC	I	ACC	T	211
HA|PP755589.1|A/cattle/Texas/24-008749-003/2024(H5N1)	651	G	A	2	1	32	4151	1737	41	0.999037	4155	0	TRUE	HA:cds-XAJ25415.1	GGG	G	GGA	G	217
HA|PP755589.1|A/cattle/Texas/24-008749-003/2024(H5N1)	677	C	T	0	0	0	3967	1522	40	0.998993	3971	0	TRUE	HA:cds-XAJ25415.1	GCA	A	GTA	V	226
HA|PP755589.1|A/cattle/Texas/24-008749-003/2024(H5N1)	744	C	T	1	1	80	3910	2019	42	0.999489	3912	0	TRUE	HA:cds-XAJ25415.1	ATC	I	ATT	I	248
HA|PP755589.1|A/cattle/Texas/24-008749-003/2024(H5N1)	762	A	C	3	0	24	3887	2098	39	0.998715	3892	0	TRUE	HA:cds-XAJ25415.1	GCA	A	GCC	A	254
HA|PP755589.1|A/cattle/Texas/24-008749-003/2024(H5N1)	780	C	T	0	0	0	3933	2047	42	0.999746	3934	0	TRUE	HA:cds-XAJ25415.1	AAC	N	AAT	N	260
HA|PP755589.1|A/cattle/Texas/24-008749-003/2024(H5N1)	819	T	C	1	0	40	4666	2793	42	0.999143	4670	0	TRUE	HA:cds-XAJ25415.1	GTT	V	GTC	V	273
HA|PP755589.1|A/cattle/Texas/24-008749-003/2024(H5N1)	834	G	A	1	1	24	4683	2778	42	0.999573	4685	0	TRUE	HA:cds-XAJ25415.1	TCG	S	TCA	S	278
HA|PP755589.1|A/cattle/Texas/24-008749-003/2024(H5N1)	867	T	C	0	0	0	4506	2467	41	0.998228	4514	0	TRUE	HA:cds-XAJ25415.1	CAT	H	CAC	H	289
HA|PP755589.1|A/cattle/Texas/24-008749-003/2024(H5N1)	890	C	A	4120	2343	39	44	0	28	0.0105668	4164	0.411459	FALSE	HA:cds-XAJ25415.1	CCA	P	CAA	Q	297
HA|PP755589.1|A/cattle/Texas/24-008749-003/2024(H5N1)	897	T	A	0	0	0	4277	2155	41	0.999533	4279	0	TRUE	HA:cds-XAJ25415.1	GGT	G	GGA	G	299
HA|PP755589.1|A/cattle/Texas/24-008749-003/2024(H5N1)	921	T	C	0	0	0	4502	2511	42	1	4502	0	TRUE	HA:cds-XAJ25415.1	TTT	F	TTC	F	307
HA|PP755589.1|A/cattle/Texas/24-008749-003/2024(H5N1)	933	T	C	1	0	40	4296	1985	43	0.999535	4298	0	TRUE	HA:cds-XAJ25415.1	CAT	H	CAC	H	311
HA|PP755589.1|A/cattle/Texas/24-008749-003/2024(H5N1)	1022	A	G	2	2	32	3910	2085	41	0.998978	3914	0	TRUE	HA:cds-XAJ25415.1	AAG	K	AGG	R	341
HA|PP755589.1|A/cattle/Texas/24-008749-003/2024(H5N1)	1038	T	C	0	0	0	3607	2326	39	0.998892	3611	0	TRUE	HA:cds-XAJ25415.1	GGT	G	GGC	G	346
HA|PP755589.1|A/cattle/Texas/24-008749-003/2024(H5N1)	1041	G	T	0	0	0	4048	2378	41	0.999753	4049	0	TRUE	HA:cds-XAJ25415.1	CTG	L	CTT	L	347
HA|PP755589.1|A/cattle/Texas/24-008749-003/2024(H5N1)	1143	G	A	1	0	40	5228	1650	41	0.999426	5231	0	TRUE	HA:cds-XAJ25415.1	GCG	A	GCA	A	381
HA|PP755589.1|A/cattle/Texas/24-008749-003/2024(H5N1)	1314	A	C	1	1	40	6341	3158	43	0.999685	6343	0	TRUE	HA:cds-XAJ25415.1	ACA	T	ACC	T	438
HA|PP755589.1|A/cattle/Texas/24-008749-003/2024(H5N1)	1405	T	C	2	1	32	6575	3706	42	0.999544	6578	0	TRUE	HA:cds-XAJ25415.1	TTA	L	CTA	L	469
HA|PP755589.1|A/cattle/Texas/24-008749-003/2024(H5N1)	1415	G	T	5801	2736	38	79	78	27	0.0134354	5880	0.0364638	FALSE	HA:cds-XAJ25415.1	AGG	R	ATG	M	472
HA|PP755589.1|A/cattle/Texas/24-008749-003/2024(H5N1)	1440	C	T	1	0	40	6865	3223	41	0.999709	6867	0	TRUE	HA:cds-XAJ25415.1	AAC	N	AAT	N	480
HA|PP755589.1|A/cattle/Texas/24-008749-003/2024(H5N1)	1467	T	C	3	1	40	6099	3363	41	0.999345	6103	0	TRUE	HA:cds-XAJ25415.1	TGT	C	TGC	C	489
HA|PP755589.1|A/cattle/Texas/24-008749-003/2024(H5N1)	1471	A	G	5	3	40	6075	3357	42	0.998849	6082	0	TRUE	HA:cds-XAJ25415.1	AAT	N	GAT	D	491
HA|PP755589.1|A/cattle/Texas/24-008749-003/2024(H5N1)	1498	G	T	5351	2649	39	79	78	26	0.0145488	5430	0.012638	FALSE	HA:cds-XAJ25415.1	GGG	G	TGG	W	500
HA|PP755589.1|A/cattle/Texas/24-008749-003/2024(H5N1)	1576	G	A	0	0	0	5730	4524	43	1	5730	0	TRUE	HA:cds-XAJ25415.1	GTA	V	ATA	I	526
HA|PP755589.1|A/cattle/Texas/24-008749-003/2024(H5N1)	1617	A	G	1	1	40	5562	4983	47	0.99982	5563	0	TRUE	HA:cds-XAJ25415.1	GCA	A	GCG	A	539
HA|PP755589.1|A/cattle/Texas/24-008749-003/2024(H5N1)	1686	A	G	1	0	80	2745	2602	43	0.999636	2746	0	TRUE	HA:cds-XAJ25415.1	CAA	Q	CAG	Q	562
