REGION	POS	REF	ALT	REF_DP	REF_RV	REF_QUAL	ALT_DP	ALT_RV	ALT_QUAL	ALT_FREQ	TOTAL_DP	PVAL	PASS	GFF_FEATURE	REF_CODON	REF_AA	ALT_CODON	ALT_AA	POS_AA
PB2|PP755596.1|A/cattle/Texas/24-008749-003/2024(H5N1)	7	A	G	120	19	33	3	0	34	0.0243902	123	0.00154191	TRUE	PB2:cds-XAJ25426.1	AGA	R	GGA	G	3
PB2|PP755596.1|A/cattle/Texas/24-008749-003/2024(H5N1)	172	G	A	690	302	33	1522	621	33	0.687754	2213	0	TRUE	PB2:cds-XAJ25426.1	GCA	A	ACA	T	58
PB2|PP755596.1|A/cattle/Texas/24-008749-003/2024(H5N1)	240	G	A	4	3	34	1986	1081	33	0.99799	1990	0	TRUE	PB2:cds-XAJ25426.1	AAG	K	AAA	K	80
PB2|PP755596.1|A/cattle/Texas/24-008749-003/2024(H5N1)	549	G	A	2069	1109	33	318	148	33	0.133222	2387	3.7958e-100	TRUE	PB2:cds-XAJ25426.1	TTG	L	TTA	L	183
PB2|PP755596.1|A/cattle/Texas/24-008749-003/2024(H5N1)	630	G	A	4	2	34	2246	1265	33	0.998222	2250	0	TRUE	PB2:cds-XAJ25426.1	GAG	E	GAA	E	210
PB2|PP755596.1|A/cattle/Texas/24-008749-003/2024(H5N1)	764	C	T	3	1	34	2476	1115	33	0.99879	2479	0	TRUE	PB2:cds-XAJ25426.1	GCA	A	GTA	V	255
PB2|PP755596.1|A/cattle/Texas/24-008749-003/2024(H5N1)	912	G	A	3	0	34	2614	1257	33	0.998854	2617	0	TRUE	PB2:cds-XAJ25426.1	GAG	E	GAA	E	304
PB2|PP755596.1|A/cattle/Texas/24-008749-003/2024(H5N1)	966	G	A	2824	1374	33	128	64	33	0.0433604	2952	6.27526e-36	TRUE	PB2:cds-XAJ25426.1	TCG	S	TCA	S	322
PB2|PP755596.1|A/cattle/Texas/24-008749-003/2024(H5N1)	1221	G	A	3127	1406	33	35	18	33	0.0110689	3162	2.04438e-08	TRUE	PB2:cds-XAJ25426.1	GAG	E	GAA	E	407
PB2|PP755596.1|A/cattle/Texas/24-008749-003/2024(H5N1)	1392	G	A	1	0	34	2954	1957	33	0.999662	2955	0	TRUE	PB2:cds-XAJ25426.1	TTG	L	TTA	L	464
PB2|PP755596.1|A/cattle/Texas/24-008749-003/2024(H5N1)	2009	A	G	5	3	34	3071	1723	33	0.998375	3076	0	TRUE	PB2:cds-XAJ25426.1	AAA	K	AGA	R	670
PB2|PP755596.1|A/cattle/Texas/24-008749-003/2024(H5N1)	2029	G	A	2999	1674	33	212	99	33	0.066023	3211	1.35452e-61	TRUE	PB2:cds-XAJ25426.1	GAA	E	AAA	K	677
PB2|PP755596.1|A/cattle/Texas/24-008749-003/2024(H5N1)	2143	A	C	1853	1165	33	748	442	33	0.287582	2601	1.069e-257	TRUE	PB2:cds-XAJ25426.1	AAT	N	CAT	H	715
