REGION	POS	REF	ALT	REF_DP	REF_RV	REF_QUAL	ALT_DP	ALT_RV	ALT_QUAL	ALT_FREQ	TOTAL_DP	PVAL	PASS	GFF_FEATURE	REF_CODON	REF_AA	ALT_CODON	ALT_AA	POS_AA
NP|PP755592.1|A/cattle/Texas/24-008749-003/2024(H5N1)	10	C	A	1344	326	34	102	0	25	0.0704907	1447	3.4287e-44	TRUE	NP:cds-XAJ25419.1	CAA	Q	AAA	K	4
NP|PP755592.1|A/cattle/Texas/24-008749-003/2024(H5N1)	92	G	A	1737	345	43	10257	2121	43	0.855035	11996	0	TRUE	NP:cds-XAJ25419.1	AGA	R	AAA	K	31
NP|PP755592.1|A/cattle/Texas/24-008749-003/2024(H5N1)	154	C	T	9	1	31	23515	9155	43	0.999447	23528	0	TRUE	NP:cds-XAJ25419.1	CAC	H	TAC	Y	52
NP|PP755592.1|A/cattle/Texas/24-008749-003/2024(H5N1)	206	C	A	23969	11856	39	295	2	26	0.0121554	24269	0.00835765	TRUE	NP:cds-XAJ25419.1	TCG	S	TAG	*	69
NP|PP755592.1|A/cattle/Texas/24-008749-003/2024(H5N1)	207	G	A	23	6	46	26740	11710	43	0.998991	26767	0	TRUE	NP:cds-XAJ25419.1	TCG	S	TCA	S	69
NP|PP755592.1|A/cattle/Texas/24-008749-003/2024(H5N1)	219	A	G	6	3	39	26247	10988	41	0.999619	26257	0	TRUE	NP:cds-XAJ25419.1	GAA	E	GAG	E	73
NP|PP755592.1|A/cattle/Texas/24-008749-003/2024(H5N1)	240	G	A	23	13	37	27424	11894	43	0.999089	27449	0	TRUE	NP:cds-XAJ25419.1	GAG	E	GAA	E	80
NP|PP755592.1|A/cattle/Texas/24-008749-003/2024(H5N1)	249	C	A	24932	13291	39	545	1	26	0.0213868	25483	8.48125e-30	TRUE	NP:cds-XAJ25419.1	CCC	P	CCA	P	83
NP|PP755592.1|A/cattle/Texas/24-008749-003/2024(H5N1)	258	A	G	143	141	27	28665	10321	42	0.994725	28817	0	TRUE	NP:cds-XAJ25419.1	GGA	G	GGG	G	86
NP|PP755592.1|A/cattle/Texas/24-008749-003/2024(H5N1)	267	C	A	23102	11343	38	245	0	25	0.0104921	23351	0.29176	FALSE	NP:cds-XAJ25419.1	CCC	P	CCA	P	89
NP|PP755592.1|A/cattle/Texas/24-008749-003/2024(H5N1)	293	G	A	21	5	38	24435	10317	42	0.998937	24461	0	TRUE	NP:cds-XAJ25419.1	AGG	R	AAG	K	98
NP|PP755592.1|A/cattle/Texas/24-008749-003/2024(H5N1)	297	G	A	16	7	43	24225	10529	42	0.999299	24242	0	TRUE	NP:cds-XAJ25419.1	AGG	R	AGA	R	99
NP|PP755592.1|A/cattle/Texas/24-008749-003/2024(H5N1)	313	A	G	6	5	42	26032	12220	42	0.998466	26072	0	TRUE	NP:cds-XAJ25419.1	ATG	M	GTG	V	105
NP|PP755592.1|A/cattle/Texas/24-008749-003/2024(H5N1)	324	G	A	12	9	38	27612	13206	43	0.999349	27630	0	TRUE	NP:cds-XAJ25419.1	TTG	L	TTA	L	108
NP|PP755592.1|A/cattle/Texas/24-008749-003/2024(H5N1)	377	G	T	20473	9128	39	1578	1577	27	0.0715484	22055	0	TRUE	NP:cds-XAJ25419.1	GGA	G	GTA	V	126
NP|PP755592.1|A/cattle/Texas/24-008749-003/2024(H5N1)	405	C	T	7	2	37	28240	17462	43	0.999611	28251	0	TRUE	NP:cds-XAJ25419.1	CAC	H	CAT	H	135
NP|PP755592.1|A/cattle/Texas/24-008749-003/2024(H5N1)	480	T	C	8	4	34	27233	15029	41	0.999413	27249	0	TRUE	NP:cds-XAJ25419.1	GAT	D	GAC	D	160
NP|PP755592.1|A/cattle/Texas/24-008749-003/2024(H5N1)	495	A	T	0	0	0	26946	12712	41	0.999147	26969	0	TRUE	NP:cds-XAJ25419.1	TCA	S	TCT	S	165
NP|PP755592.1|A/cattle/Texas/24-008749-003/2024(H5N1)	518	C	A	24537	11313	37	680	1	26	0.0269627	25220	3.43637e-54	TRUE	NP:cds-XAJ25419.1	CCT	P	CAT	H	173
NP|PP755592.1|A/cattle/Texas/24-008749-003/2024(H5N1)	528	C	A	2	0	32	28042	9148	41	0.998967	28071	0	TRUE	NP:cds-XAJ25419.1	TCC	S	TCA	S	176
NP|PP755592.1|A/cattle/Texas/24-008749-003/2024(H5N1)	543	G	A	30	18	38	26391	8933	42	0.998751	26424	0	TRUE	NP:cds-XAJ25419.1	GCG	A	GCA	A	181
NP|PP755592.1|A/cattle/Texas/24-008749-003/2024(H5N1)	570	G	A	11	4	45	28162	9209	42	0.999361	28180	0	TRUE	NP:cds-XAJ25419.1	GTG	V	GTA	V	190
NP|PP755592.1|A/cattle/Texas/24-008749-003/2024(H5N1)	585	A	G	6	2	37	28981	10430	44	0.999724	28989	0	TRUE	NP:cds-XAJ25419.1	CGA	R	CGG	R	195
NP|PP755592.1|A/cattle/Texas/24-008749-003/2024(H5N1)	591	C	T	29414	10840	45	349	177	43	0.0117244	29767	7.9148e-111	TRUE	NP:cds-XAJ25419.1	ATC	I	ATT	I	197
NP|PP755592.1|A/cattle/Texas/24-008749-003/2024(H5N1)	600	A	G	10	7	27	28590	10840	44	0.99958	28602	0	TRUE	NP:cds-XAJ25419.1	GGA	G	GGG	G	200
NP|PP755592.1|A/cattle/Texas/24-008749-003/2024(H5N1)	627	T	C	11	7	39	28211	11734	43	0.999362	28229	0	TRUE	NP:cds-XAJ25419.1	GGT	G	GGC	G	209
NP|PP755592.1|A/cattle/Texas/24-008749-003/2024(H5N1)	633	C	T	5	1	36	26876	12021	43	0.999591	26887	0	TRUE	NP:cds-XAJ25419.1	AAC	N	AAT	N	211
NP|PP755592.1|A/cattle/Texas/24-008749-003/2024(H5N1)	648	G	A	9	4	38	26371	12887	43	0.999432	26386	0	TRUE	NP:cds-XAJ25419.1	AGG	R	AGA	R	216
NP|PP755592.1|A/cattle/Texas/24-008749-003/2024(H5N1)	658	G	T	23824	10450	39	265	264	25	0.0109972	24097	0.133121	FALSE	NP:cds-XAJ25419.1	GAG	E	TAG	*	220
NP|PP755592.1|A/cattle/Texas/24-008749-003/2024(H5N1)	675	C	T	25	18	37	26352	15342	42	0.999014	26378	0	TRUE	NP:cds-XAJ25419.1	ATC	I	ATT	I	225
NP|PP755592.1|A/cattle/Texas/24-008749-003/2024(H5N1)	741	T	C	12	9	45	27613	16126	42	0.999312	27632	0	TRUE	NP:cds-XAJ25419.1	AAT	N	AAC	N	247
NP|PP755592.1|A/cattle/Texas/24-008749-003/2024(H5N1)	756	A	G	3	1	53	28241	16379	42	0.999894	28244	0	TRUE	NP:cds-XAJ25419.1	GAA	E	GAG	E	252
NP|PP755592.1|A/cattle/Texas/24-008749-003/2024(H5N1)	796	C	T	15	7	50	29600	15753	42	0.999156	29625	0	TRUE	NP:cds-XAJ25419.1	CTG	L	TTG	L	266
NP|PP755592.1|A/cattle/Texas/24-008749-003/2024(H5N1)	882	G	A	32	14	38	26827	11698	42	0.998586	26865	0	TRUE	NP:cds-XAJ25419.1	GAG	E	GAA	E	294
NP|PP755592.1|A/cattle/Texas/24-008749-003/2024(H5N1)	924	G	A	8	4	36	30618	14413	44	0.999445	30635	0	TRUE	NP:cds-XAJ25419.1	CAG	Q	CAA	Q	308
NP|PP755592.1|A/cattle/Texas/24-008749-003/2024(H5N1)	936	T	C	8	3	43	29927	14466	44	0.999666	29937	0	TRUE	NP:cds-XAJ25419.1	GTT	V	GTC	V	312
NP|PP755592.1|A/cattle/Texas/24-008749-003/2024(H5N1)	952	C	G	4	3	33	29464	13901	44	0.999661	29474	0	TRUE	NP:cds-XAJ25419.1	CCG	P	GCG	A	318
NP|PP755592.1|A/cattle/Texas/24-008749-003/2024(H5N1)	957	T	C	11	5	44	29479	14142	44	0.999559	29492	0	TRUE	NP:cds-XAJ25419.1	AAT	N	AAC	N	319
NP|PP755592.1|A/cattle/Texas/24-008749-003/2024(H5N1)	972	C	T	15	8	36	27963	14241	43	0.998928	27993	0	TRUE	NP:cds-XAJ25419.1	CAC	H	CAT	H	324
NP|PP755592.1|A/cattle/Texas/24-008749-003/2024(H5N1)	1008	A	G	9	0	38	27480	15339	42	0.998946	27509	0	TRUE	NP:cds-XAJ25419.1	GCA	A	GCG	A	336
NP|PP755592.1|A/cattle/Texas/24-008749-003/2024(H5N1)	1023	G	A	5	4	36	27833	15275	42	0.999605	27844	0	TRUE	NP:cds-XAJ25419.1	CTG	L	CTA	L	341
NP|PP755592.1|A/cattle/Texas/24-008749-003/2024(H5N1)	1047	A	G	10	1	35	26619	15115	42	0.999249	26639	0	TRUE	NP:cds-XAJ25419.1	GGA	G	GGG	G	349
NP|PP755592.1|A/cattle/Texas/24-008749-003/2024(H5N1)	1053	A	G	54	20	37	29009	16242	42	0.997867	29071	0	TRUE	NP:cds-XAJ25419.1	AGA	R	AGG	R	351
NP|PP755592.1|A/cattle/Texas/24-008749-003/2024(H5N1)	1114	G	T	21681	7103	38	796	796	25	0.0354045	22483	1.17965e-97	TRUE	NP:cds-XAJ25419.1	GAG	E	TAG	*	372
NP|PP755592.1|A/cattle/Texas/24-008749-003/2024(H5N1)	1125	T	C	12	8	42	29982	15578	44	0.999333	30002	0	TRUE	NP:cds-XAJ25419.1	GAT	D	GAC	D	375
NP|PP755592.1|A/cattle/Texas/24-008749-003/2024(H5N1)	1188	C	T	20	7	35	29724	14637	43	0.999126	29750	0	TRUE	NP:cds-XAJ25419.1	ACC	T	ACT	T	396
NP|PP755592.1|A/cattle/Texas/24-008749-003/2024(H5N1)	1212	A	G	18	9	42	27736	13522	43	0.999279	27756	0	TRUE	NP:cds-XAJ25419.1	GGA	G	GGG	G	404
NP|PP755592.1|A/cattle/Texas/24-008749-003/2024(H5N1)	1263	G	A	7	4	30	27911	12984	44	0.999534	27924	0	TRUE	NP:cds-XAJ25419.1	GAG	E	GAA	E	421
NP|PP755592.1|A/cattle/Texas/24-008749-003/2024(H5N1)	1327	G	T	21688	11193	40	242	242	26	0.0110336	21933	0.132774	FALSE	NP:cds-XAJ25419.1	GAG	E	TAG	*	443
NP|PP755592.1|A/cattle/Texas/24-008749-003/2024(H5N1)	1445	A	G	7	6	44	18855	17507	43	0.99947	18865	0	TRUE	NP:cds-XAJ25419.1	AAC	N	AGC	S	482
NP|PP755592.1|A/cattle/Texas/24-008749-003/2024(H5N1)	1469	G	T	5509	4458	33	727	727	24	0.116506	6240	6.77023e-272	TRUE	NP:cds-XAJ25419.1	GGA	G	GTA	V	490
