REGION	POS	REF	ALT	REF_DP	REF_RV	REF_QUAL	ALT_DP	ALT_RV	ALT_QUAL	ALT_FREQ	TOTAL_DP	PVAL	PASS	GFF_FEATURE	REF_CODON	REF_AA	ALT_CODON	ALT_AA	POS_AA
NS|PP755593.1|A/cattle/Texas/24-008749-003/2024(H5N1)	366	G	T	2	0	27	7074	0	33	0.999435	7078	0	TRUE	NS1:cds-XAJ25420.1	GCG	A	GCT	A	122
NS|PP755593.1|A/cattle/Texas/24-008749-003/2024(H5N1)	369	T	C	25	0	34	7049	0	33	0.996466	7074	0	TRUE	NS1:cds-XAJ25420.1	ATT	I	ATC	I	123
NS|PP755593.1|A/cattle/Texas/24-008749-003/2024(H5N1)	381	C	G	0	0	0	7011	0	33	0.997155	7031	0	TRUE	NS1:cds-XAJ25420.1	AAC	N	AAG	K	127
NS|PP755593.1|A/cattle/Texas/24-008749-003/2024(H5N1)	384	C	A	0	0	0	7035	0	33	0.997165	7055	0	TRUE	NS1:cds-XAJ25420.1	ATC	I	ATA	I	128
NS|PP755593.1|A/cattle/Texas/24-008749-003/2024(H5N1)	387	A	G	0	0	0	7021	0	33	1	7021	0	TRUE	NS1:cds-XAJ25420.1	ATA	I	ATG	M	129
NS|PP755593.1|A/cattle/Texas/24-008749-003/2024(H5N1)	390	G	C	0	0	0	7051	0	33	1	7051	0	TRUE	NS1:cds-XAJ25420.1	CTG	L	CTC	L	130
NS|PP755593.1|A/cattle/Texas/24-008749-003/2024(H5N1)	537	G	A	20200	10626	36	1848	823	34	0.0838171	22048	0	TRUE	NEP:cds-XAJ25421.1	GGG	G	GAG	E	12
NS|PP755593.1|A/cattle/Texas/24-008749-003/2024(H5N1)	537	G	A	20200	10626	36	1848	823	34	0.0838171	22048	0	TRUE	NS1:cds-XAJ25420.1	GGG	G	GGA	G	179
NS|PP755593.1|A/cattle/Texas/24-008749-003/2024(H5N1)	538	G	A	16	8	35	22049	11543	36	0.99923	22066	0	TRUE	NEP:cds-XAJ25421.1	GGG	G	GGA	G	12
NS|PP755593.1|A/cattle/Texas/24-008749-003/2024(H5N1)	538	G	A	16	8	35	22049	11543	36	0.99923	22066	0	TRUE	NS1:cds-XAJ25420.1	GTC	V	ATC	I	180
NS|PP755593.1|A/cattle/Texas/24-008749-003/2024(H5N1)	549	A	T	0	0	0	22614	11940	36	0.998807	22641	0	TRUE	NEP:cds-XAJ25421.1	GAG	E	GTG	V	16
NS|PP755593.1|A/cattle/Texas/24-008749-003/2024(H5N1)	549	A	T	0	0	0	22614	11940	36	0.998807	22641	0	TRUE	NS1:cds-XAJ25420.1	GGA	G	GGT	G	183
NS|PP755593.1|A/cattle/Texas/24-008749-003/2024(H5N1)	571	A	T	0	0	0	20863	11602	36	0.998994	20884	0	TRUE	NEP:cds-XAJ25421.1	ACA	T	ACT	T	23
NS|PP755593.1|A/cattle/Texas/24-008749-003/2024(H5N1)	571	A	T	0	0	0	20863	11602	36	0.998994	20884	0	TRUE	NS1:cds-XAJ25420.1	ACA	T	TCA	S	191
NS|PP755593.1|A/cattle/Texas/24-008749-003/2024(H5N1)	574	G	A	1	1	34	20831	11497	35	0.999952	20832	0	TRUE	NEP:cds-XAJ25421.1	CAG	Q	CAA	Q	24
NS|PP755593.1|A/cattle/Texas/24-008749-003/2024(H5N1)	574	G	A	1	1	34	20831	11497	35	0.999952	20832	0	TRUE	NS1:cds-XAJ25420.1	GTT	V	ATT	I	192
NS|PP755593.1|A/cattle/Texas/24-008749-003/2024(H5N1)	581	T	C	6	2	34	20220	11530	36	0.999654	20227	0	TRUE	NEP:cds-XAJ25421.1	TCT	S	CCT	P	27
NS|PP755593.1|A/cattle/Texas/24-008749-003/2024(H5N1)	581	T	C	6	2	34	20220	11530	36	0.999654	20227	0	TRUE	NS1:cds-XAJ25420.1	GTC	V	GCC	A	194
NS|PP755593.1|A/cattle/Texas/24-008749-003/2024(H5N1)	582	C	G	1	1	34	20296	11597	36	0.999655	20303	0	TRUE	NEP:cds-XAJ25421.1	TCT	S	TGT	C	27
NS|PP755593.1|A/cattle/Texas/24-008749-003/2024(H5N1)	582	C	G	1	1	34	20296	11597	36	0.999655	20303	0	TRUE	NS1:cds-XAJ25420.1	GTC	V	GTG	V	194
NS|PP755593.1|A/cattle/Texas/24-008749-003/2024(H5N1)	590	C	A	0	0	0	20370	11932	35	1	20370	0	TRUE	NEP:cds-XAJ25421.1	CTT	L	ATT	I	30
NS|PP755593.1|A/cattle/Texas/24-008749-003/2024(H5N1)	590	C	A	0	0	0	20370	11932	35	1	20370	0	TRUE	NS1:cds-XAJ25420.1	ACT	T	AAT	N	197
NS|PP755593.1|A/cattle/Texas/24-008749-003/2024(H5N1)	592	T	A	0	0	0	20339	11958	35	0.999705	20345	0	TRUE	NEP:cds-XAJ25421.1	CTT	L	CTA	L	30
NS|PP755593.1|A/cattle/Texas/24-008749-003/2024(H5N1)	592	T	A	0	0	0	20339	11958	35	0.999705	20345	0	TRUE	NS1:cds-XAJ25420.1	TTA	L	ATA	I	198
NS|PP755593.1|A/cattle/Texas/24-008749-003/2024(H5N1)	610	A	G	3	1	29	19812	11706	36	0.999798	19816	0	TRUE	NEP:cds-XAJ25421.1	GGA	G	GGG	G	36
NS|PP755593.1|A/cattle/Texas/24-008749-003/2024(H5N1)	610	A	G	3	1	29	19812	11706	36	0.999798	19816	0	TRUE	NS1:cds-XAJ25420.1	AGA	R	GGA	G	204
NS|PP755593.1|A/cattle/Texas/24-008749-003/2024(H5N1)	614	G	T	0	0	0	18170	10811	36	0.923132	19683	0	TRUE	NEP:cds-XAJ25421.1	GCA	A	TCA	S	38
NS|PP755593.1|A/cattle/Texas/24-008749-003/2024(H5N1)	614	G	T	0	0	0	18170	10811	36	0.923132	19683	0	TRUE	NS1:cds-XAJ25420.1	AGC	S	ATC	I	205
NS|PP755593.1|A/cattle/Texas/24-008749-003/2024(H5N1)	614	G	C	0	0	0	1513	793	36	0.0768684	19683	0	TRUE	NEP:cds-XAJ25421.1	GCA	A	CCA	P	38
NS|PP755593.1|A/cattle/Texas/24-008749-003/2024(H5N1)	614	G	C	0	0	0	1513	793	36	0.0768684	19683	0	TRUE	NS1:cds-XAJ25420.1	AGC	S	ACC	T	205
NS|PP755593.1|A/cattle/Texas/24-008749-003/2024(H5N1)	616	A	C	0	0	0	19499	11479	36	0.997953	19539	0	TRUE	NEP:cds-XAJ25421.1	GCA	A	GCC	A	38
NS|PP755593.1|A/cattle/Texas/24-008749-003/2024(H5N1)	616	A	C	0	0	0	19499	11479	36	0.997953	19539	0	TRUE	NS1:cds-XAJ25420.1	AGT	S	CGT	R	206
NS|PP755593.1|A/cattle/Texas/24-008749-003/2024(H5N1)	619	A	G	3	2	56	19738	11724	36	0.999797	19742	0	TRUE	NEP:cds-XAJ25421.1	GTA	V	GTG	V	39
NS|PP755593.1|A/cattle/Texas/24-008749-003/2024(H5N1)	619	A	G	3	2	56	19738	11724	36	0.999797	19742	0	TRUE	NS1:cds-XAJ25420.1	AAT	N	GAT	D	207
NS|PP755593.1|A/cattle/Texas/24-008749-003/2024(H5N1)	631	A	G	13	7	34	19837	11793	37	0.999295	19851	0	TRUE	NEP:cds-XAJ25421.1	GGA	G	GGG	G	43
NS|PP755593.1|A/cattle/Texas/24-008749-003/2024(H5N1)	631	A	G	13	7	34	19837	11793	37	0.999295	19851	0	TRUE	NS1:cds-XAJ25420.1	AGA	R	GGA	G	211
NS|PP755593.1|A/cattle/Texas/24-008749-003/2024(H5N1)	660	G	C	1	1	20	11584	7880	36	0.997503	11613	0	TRUE	NEP:cds-XAJ25421.1	GGA	G	GCA	A	53
NS|PP755593.1|A/cattle/Texas/24-008749-003/2024(H5N1)	660	G	C	1	1	20	11584	7880	36	0.997503	11613	0	TRUE	NS1:cds-XAJ25420.1	CGG	R	CGC	R	220
NS|PP755593.1|A/cattle/Texas/24-008749-003/2024(H5N1)	661	A	T	1	1	20	11655	7942	36	0.999228	11664	0	TRUE	NEP:cds-XAJ25421.1	GGA	G	GGT	G	53
NS|PP755593.1|A/cattle/Texas/24-008749-003/2024(H5N1)	661	A	T	1	1	20	11655	7942	36	0.999228	11664	0	TRUE	NS1:cds-XAJ25420.1	AAA	K	TAA	*	221
NS|PP755593.1|A/cattle/Texas/24-008749-003/2024(H5N1)	663	A	C	1	0	34	11584	7878	36	0.999741	11587	0	TRUE	NEP:cds-XAJ25421.1	AAA	K	ACA	T	54
NS|PP755593.1|A/cattle/Texas/24-008749-003/2024(H5N1)	663	A	C	1	0	34	11584	7878	36	0.999741	11587	0	TRUE	NS1:cds-XAJ25420.1	AAA	K	AAC	N	221
NS|PP755593.1|A/cattle/Texas/24-008749-003/2024(H5N1)	668	A	C	1	1	34	11560	7889	36	0.999914	11561	0	TRUE	NEP:cds-XAJ25421.1	AGA	R	CGA	R	56
NS|PP755593.1|A/cattle/Texas/24-008749-003/2024(H5N1)	668	A	C	1	1	34	11560	7889	36	0.999914	11561	0	TRUE	NS1:cds-XAJ25420.1	GAG	E	GCG	A	223
NS|PP755593.1|A/cattle/Texas/24-008749-003/2024(H5N1)	672	G	A	1	1	34	11448	7934	35	0.999913	11449	0	TRUE	NEP:cds-XAJ25421.1	GGA	G	GAA	E	57
NS|PP755593.1|A/cattle/Texas/24-008749-003/2024(H5N1)	672	G	A	1	1	34	11448	7934	35	0.999913	11449	0	TRUE	NS1:cds-XAJ25420.1	AGG	R	AGA	R	224
NS|PP755593.1|A/cattle/Texas/24-008749-003/2024(H5N1)	674	C	G	0	0	0	11613	7921	36	0.999914	11614	0	TRUE	NEP:cds-XAJ25421.1	CAA	Q	GAA	E	58
NS|PP755593.1|A/cattle/Texas/24-008749-003/2024(H5N1)	674	C	G	0	0	0	11613	7921	36	0.999914	11614	0	TRUE	NS1:cds-XAJ25420.1	ACA	T	AGA	R	225
NS|PP755593.1|A/cattle/Texas/24-008749-003/2024(H5N1)	676	A	G	4	4	34	11609	7917	36	0.999656	11613	0	TRUE	NEP:cds-XAJ25421.1	CAA	Q	CAG	Q	58
NS|PP755593.1|A/cattle/Texas/24-008749-003/2024(H5N1)	676	A	G	4	4	34	11609	7917	36	0.999656	11613	0	TRUE	NS1:cds-XAJ25420.1	ATT	I	GTT	V	226
NS|PP755593.1|A/cattle/Texas/24-008749-003/2024(H5N1)	697	A	G	3	2	34	535	282	33	0.994424	538	0	TRUE	NEP:cds-XAJ25421.1	GAA	E	GAG	E	65
NS|PP755593.1|A/cattle/Texas/24-008749-003/2024(H5N1)	700	A	C	1	1	20	506	278	34	0.998028	507	2.07463e-306	TRUE	NEP:cds-XAJ25421.1	ATA	I	ATC	I	66
NS|PP755593.1|A/cattle/Texas/24-008749-003/2024(H5N1)	703	G	A	2	2	34	505	279	34	0.996055	507	1.59784e-302	TRUE	NEP:cds-XAJ25421.1	AGG	R	AGA	R	67
NS|PP755593.1|A/cattle/Texas/24-008749-003/2024(H5N1)	709	G	A	0	0	0	429	203	34	1	429	3.93054e-260	TRUE	NEP:cds-XAJ25421.1	CTG	L	CTA	L	69
