REGION	POS	REF	ALT	REF_DP	REF_RV	REF_QUAL	ALT_DP	ALT_RV	ALT_QUAL	ALT_FREQ	TOTAL_DP	PVAL	PASS	GFF_FEATURE	REF_CODON	REF_AA	ALT_CODON	ALT_AA	POS_AA
NS|PP755593.1|A/cattle/Texas/24-008749-003/2024(H5N1)	74	A	G	5	1	38	15220	2769	44	0.99954	15227	0	TRUE	NS1:cds-XAJ25420.1	CAA	Q	CGA	R	25
NS|PP755593.1|A/cattle/Texas/24-008749-003/2024(H5N1)	129	A	C	20377	8844	48	577	0	26	0.0275326	20957	3.707e-51	TRUE	NS1:cds-XAJ25420.1	CTA	L	CTC	L	43
NS|PP755593.1|A/cattle/Texas/24-008749-003/2024(H5N1)	157	G	A	9	6	38	24139	11897	45	0.998635	24172	0	TRUE	NS1:cds-XAJ25420.1	GAC	D	AAC	N	53
NS|PP755593.1|A/cattle/Texas/24-008749-003/2024(H5N1)	160	A	C	0	0	0	24132	11737	46	0.999793	24137	0	TRUE	NS1:cds-XAJ25420.1	ATC	I	CTC	L	54
NS|PP755593.1|A/cattle/Texas/24-008749-003/2024(H5N1)	178	G	A	4	0	53	25586	14574	44	0.999141	25608	0	TRUE	NS1:cds-XAJ25420.1	GCT	A	ACT	T	60
NS|PP755593.1|A/cattle/Texas/24-008749-003/2024(H5N1)	199	A	G	3	1	40	25871	12575	42	0.999652	25880	0	TRUE	NS1:cds-XAJ25420.1	AGG	R	GGG	G	67
NS|PP755593.1|A/cattle/Texas/24-008749-003/2024(H5N1)	209	A	C	1	0	40	26885	13816	46	0.999554	26897	0	TRUE	NS1:cds-XAJ25420.1	GAG	E	GCG	A	70
NS|PP755593.1|A/cattle/Texas/24-008749-003/2024(H5N1)	222	T	C	1	1	40	26955	14766	46	0.999963	26956	0	TRUE	NS1:cds-XAJ25420.1	GAT	D	GAC	D	74
NS|PP755593.1|A/cattle/Texas/24-008749-003/2024(H5N1)	333	G	A	26296	13389	45	431	201	44	0.0161224	26733	3.58212e-141	TRUE	NS1:cds-XAJ25420.1	GTG	V	GTA	V	111
NS|PP755593.1|A/cattle/Texas/24-008749-003/2024(H5N1)	347	G	A	1	1	40	26434	13842	44	0.999962	26435	0	TRUE	NS1:cds-XAJ25420.1	AGT	S	AAT	N	116
NS|PP755593.1|A/cattle/Texas/24-008749-003/2024(H5N1)	371	T	C	11	6	47	27073	14099	47	0.99952	27086	0	TRUE	NS1:cds-XAJ25420.1	ATG	M	ACG	T	124
NS|PP755593.1|A/cattle/Texas/24-008749-003/2024(H5N1)	552	A	G	4	1	46	25809	12999	46	0.999845	25813	0	TRUE	NEP:cds-XAJ25421.1	GAC	D	GGC	G	17
NS|PP755593.1|A/cattle/Texas/24-008749-003/2024(H5N1)	552	A	G	4	1	46	25809	12999	46	0.999845	25813	0	TRUE	NS1:cds-XAJ25420.1	GGA	G	GGG	G	184
