REGION	POS	REF	ALT	REF_DP	REF_RV	REF_QUAL	ALT_DP	ALT_RV	ALT_QUAL	ALT_FREQ	TOTAL_DP	PVAL	PASS	GFF_FEATURE	REF_CODON	REF_AA	ALT_CODON	ALT_AA	POS_AA
NA|PP755591.1|A/cattle/Texas/24-008749-003/2024(H5N1)	30	T	C	0	0	0	358	51	36	1	358	0	TRUE	NA:cds-XAJ25418.1	ATT	I	ATC	I	10
NA|PP755591.1|A/cattle/Texas/24-008749-003/2024(H5N1)	33	A	G	0	0	0	408	53	35	1	408	0	TRUE	NA:cds-XAJ25418.1	GGA	G	GGG	G	11
NA|PP755591.1|A/cattle/Texas/24-008749-003/2024(H5N1)	42	T	C	0	0	0	481	57	36	1	481	0	TRUE	NA:cds-XAJ25418.1	TGT	C	TGC	C	14
NA|PP755591.1|A/cattle/Texas/24-008749-003/2024(H5N1)	54	G	A	0	0	0	481	54	36	1	481	0	TRUE	NA:cds-XAJ25418.1	GGG	G	GGA	G	18
NA|PP755591.1|A/cattle/Texas/24-008749-003/2024(H5N1)	58	G	A	2	1	25	475	56	36	0.995807	477	0	TRUE	NA:cds-XAJ25418.1	GTC	V	ATC	I	20
NA|PP755591.1|A/cattle/Texas/24-008749-003/2024(H5N1)	60	C	A	2	1	29	441	55	34	0.995485	443	0	TRUE	NA:cds-XAJ25418.1	GTC	V	GTA	V	20
NA|PP755591.1|A/cattle/Texas/24-008749-003/2024(H5N1)	63	C	T	0	0	0	468	58	36	1	468	0	TRUE	NA:cds-XAJ25418.1	AGC	S	AGT	S	21
NA|PP755591.1|A/cattle/Texas/24-008749-003/2024(H5N1)	64	T	C	0	0	0	480	56	36	1	480	0	TRUE	NA:cds-XAJ25418.1	TTG	L	CTG	L	22
NA|PP755591.1|A/cattle/Texas/24-008749-003/2024(H5N1)	67	A	G	0	0	0	469	59	36	1	469	0	TRUE	NA:cds-XAJ25418.1	ATG	M	GTG	V	23
NA|PP755591.1|A/cattle/Texas/24-008749-003/2024(H5N1)	72	G	A	0	0	0	522	70	35	1	522	0	TRUE	NA:cds-XAJ25418.1	CTG	L	CTA	L	24
NA|PP755591.1|A/cattle/Texas/24-008749-003/2024(H5N1)	81	G	A	0	0	0	923	170	38	1	923	0	TRUE	NA:cds-XAJ25418.1	GGG	G	GGA	G	27
NA|PP755591.1|A/cattle/Texas/24-008749-003/2024(H5N1)	105	C	T	2	0	34	1000	197	38	0.998004	1002	0	TRUE	NA:cds-XAJ25418.1	AGC	S	AGT	S	35
NA|PP755591.1|A/cattle/Texas/24-008749-003/2024(H5N1)	114	C	T	0	0	0	980	208	38	1	980	0	TRUE	NA:cds-XAJ25418.1	ATC	I	ATT	I	38
NA|PP755591.1|A/cattle/Texas/24-008749-003/2024(H5N1)	120	A	T	0	0	0	487	183	35	1	487	9.85641e-311	TRUE	NA:cds-XAJ25418.1	ACA	T	ACT	T	40
NA|PP755591.1|A/cattle/Texas/24-008749-003/2024(H5N1)	123	G	A	0	0	0	498	196	36	1	498	2.36878e-312	TRUE	NA:cds-XAJ25418.1	GGG	G	GGA	G	41
NA|PP755591.1|A/cattle/Texas/24-008749-003/2024(H5N1)	126	T	C	0	0	0	498	203	35	1	498	4.53727e-312	TRUE	NA:cds-XAJ25418.1	AAT	N	AAC	N	42
NA|PP755591.1|A/cattle/Texas/24-008749-003/2024(H5N1)	129	A	G	0	0	0	500	201	36	1	500	2.00077e-312	TRUE	NA:cds-XAJ25418.1	CAA	Q	CAG	Q	43
NA|PP755591.1|A/cattle/Texas/24-008749-003/2024(H5N1)	130	T	A	0	0	0	464	194	34	1	464	1.19274e-300	TRUE	NA:cds-XAJ25418.1	TAC	Y	AAC	N	44
NA|PP755591.1|A/cattle/Texas/24-008749-003/2024(H5N1)	135	G	C	0	0	0	498	201	36	1	498	8.69852e-312	TRUE	NA:cds-XAJ25418.1	CAG	Q	CAC	H	45
NA|PP755591.1|A/cattle/Texas/24-008749-003/2024(H5N1)	138	T	A	0	0	0	485	202	35	1	485	1.35766e-307	TRUE	NA:cds-XAJ25418.1	CCT	P	CCA	P	46
NA|PP755591.1|A/cattle/Texas/24-008749-003/2024(H5N1)	142	C	A	0	0	0	501	202	36	1	501	9.61061e-313	TRUE	NA:cds-XAJ25418.1	CCA	P	ACA	T	48
NA|PP755591.1|A/cattle/Texas/24-008749-003/2024(H5N1)	156	C	T	2	2	34	666	384	37	0.997006	668	0	TRUE	NA:cds-XAJ25418.1	AGC	S	AGT	S	52
NA|PP755591.1|A/cattle/Texas/24-008749-003/2024(H5N1)	157	A	G	0	0	0	688	402	37	1	688	0	TRUE	NA:cds-XAJ25418.1	ATC	I	GTC	V	53
NA|PP755591.1|A/cattle/Texas/24-008749-003/2024(H5N1)	168	T	C	0	0	0	630	385	37	1	630	0	TRUE	NA:cds-XAJ25418.1	TAT	Y	TAC	Y	56
NA|PP755591.1|A/cattle/Texas/24-008749-003/2024(H5N1)	171	G	A	0	0	0	625	389	36	1	625	0	TRUE	NA:cds-XAJ25418.1	GAG	E	GAA	E	57
NA|PP755591.1|A/cattle/Texas/24-008749-003/2024(H5N1)	177	C	T	2	2	34	563	351	36	0.99646	565	0	TRUE	NA:cds-XAJ25418.1	AAC	N	AAT	N	59
NA|PP755591.1|A/cattle/Texas/24-008749-003/2024(H5N1)	180	C	T	0	0	0	605	384	36	1	605	0	TRUE	NA:cds-XAJ25418.1	ACC	T	ACT	T	60
NA|PP755591.1|A/cattle/Texas/24-008749-003/2024(H5N1)	186	A	G	0	0	0	619	396	36	1	619	0	TRUE	NA:cds-XAJ25418.1	GTA	V	GTG	V	62
NA|PP755591.1|A/cattle/Texas/24-008749-003/2024(H5N1)	195	G	A	0	0	0	515	353	36	1	515	0	TRUE	NA:cds-XAJ25418.1	ACG	T	ACA	T	65
NA|PP755591.1|A/cattle/Texas/24-008749-003/2024(H5N1)	198	T	C	2	2	34	523	354	36	0.99619	525	0	TRUE	NA:cds-XAJ25418.1	TAT	Y	TAC	Y	66
NA|PP755591.1|A/cattle/Texas/24-008749-003/2024(H5N1)	207	C	A	0	0	0	39	14	31	1	39	1.86034e-23	TRUE	NA:cds-XAJ25418.1	ATC	I	ATA	I	69
NA|PP755591.1|A/cattle/Texas/24-008749-003/2024(H5N1)	210	C	T	1	1	34	28	7	32	0.965517	29	1.51259e-16	TRUE	NA:cds-XAJ25418.1	AGC	S	AGT	S	70
NA|PP755591.1|A/cattle/Texas/24-008749-003/2024(H5N1)	212	G	A	0	0	0	31	9	33	1	31	1.09133e-18	TRUE	NA:cds-XAJ25418.1	AGT	S	AAT	N	71
NA|PP755591.1|A/cattle/Texas/24-008749-003/2024(H5N1)	222	T	A	0	0	0	5	5	22	1	5	0.000228938	TRUE	NA:cds-XAJ25418.1	TTT	F	TTA	L	74
NA|PP755591.1|A/cattle/Texas/24-008749-003/2024(H5N1)	223	C	A	0	0	0	5	5	22	1	5	0.00793651	TRUE	NA:cds-XAJ25418.1	CTT	L	ATT	I	75
NA|PP755591.1|A/cattle/Texas/24-008749-003/2024(H5N1)	288	G	A	0	0	0	6	0	32	1	6	0.000582751	TRUE	NA:cds-XAJ25418.1	GGG	G	GGA	G	96
NA|PP755591.1|A/cattle/Texas/24-008749-003/2024(H5N1)	294	A	C	0	0	0	7	0	34	1	7	0.000291375	TRUE	NA:cds-XAJ25418.1	GCA	A	GCC	A	98
NA|PP755591.1|A/cattle/Texas/24-008749-003/2024(H5N1)	303	T	C	0	0	0	7	0	31	1	7	0.000291375	TRUE	NA:cds-XAJ25418.1	AGT	S	AGC	S	101
NA|PP755591.1|A/cattle/Texas/24-008749-003/2024(H5N1)	312	C	T	0	0	0	7	0	32	1	7	0.000291375	TRUE	NA:cds-XAJ25418.1	AAC	N	AAT	N	104
NA|PP755591.1|A/cattle/Texas/24-008749-003/2024(H5N1)	321	A	G	1	0	34	6	0	32	0.857143	7	0.002331	TRUE	NA:cds-XAJ25418.1	AGA	R	AGG	R	107
NA|PP755591.1|A/cattle/Texas/24-008749-003/2024(H5N1)	324	T	A	1	0	34	1	0	34	0.5	2	0.222222	FALSE	NA:cds-XAJ25418.1	ATT	I	ATA	I	108
NA|PP755591.1|A/cattle/Texas/24-008749-003/2024(H5N1)	327	G	T	0	0	0	2	0	34	1	2	0.333333	FALSE	NA:cds-XAJ25418.1	GGG	G	GGT	G	109
NA|PP755591.1|A/cattle/Texas/24-008749-003/2024(H5N1)	330	T	C	0	0	0	2	0	30	1	2	0.333333	FALSE	NA:cds-XAJ25418.1	TCT	S	TCC	S	110
NA|PP755591.1|A/cattle/Texas/24-008749-003/2024(H5N1)	333	G	A	0	0	0	2	0	34	1	2	0.333333	FALSE	NA:cds-XAJ25418.1	AAG	K	AAA	K	111
NA|PP755591.1|A/cattle/Texas/24-008749-003/2024(H5N1)	342	G	A	0	0	0	2	0	34	1	2	0.333333	FALSE	NA:cds-XAJ25418.1	GTG	V	GTA	V	114
NA|PP755591.1|A/cattle/Texas/24-008749-003/2024(H5N1)	348	T	C	0	0	0	2	0	34	1	2	0.333333	FALSE	NA:cds-XAJ25418.1	GTT	V	GTC	V	116
NA|PP755591.1|A/cattle/Texas/24-008749-003/2024(H5N1)	351	A	C	0	0	0	2	0	30	1	2	0.333333	FALSE	NA:cds-XAJ25418.1	ATA	I	ATC	I	117
NA|PP755591.1|A/cattle/Texas/24-008749-003/2024(H5N1)	357	A	G	0	0	0	2	0	34	1	2	0.333333	FALSE	NA:cds-XAJ25418.1	GAA	E	GAG	E	119
NA|PP755591.1|A/cattle/Texas/24-008749-003/2024(H5N1)	360	A	T	0	0	0	1	0	34	1	1	0.5	FALSE	NA:cds-XAJ25418.1	CCA	P	CCT	P	120
NA|PP755591.1|A/cattle/Texas/24-008749-003/2024(H5N1)	363	C	T	0	0	0	2	0	34	1	2	0.333333	FALSE	NA:cds-XAJ25418.1	TTC	F	TTT	F	121
NA|PP755591.1|A/cattle/Texas/24-008749-003/2024(H5N1)	366	C	T	0	0	0	2	0	30	1	2	0.333333	FALSE	NA:cds-XAJ25418.1	ATC	I	ATT	I	122
NA|PP755591.1|A/cattle/Texas/24-008749-003/2024(H5N1)	375	C	T	0	0	0	763	194	33	1	763	0	TRUE	NA:cds-XAJ25418.1	TCC	S	TCT	S	125
NA|PP755591.1|A/cattle/Texas/24-008749-003/2024(H5N1)	390	A	G	1	0	68	951	214	33	0.99895	952	0	TRUE	NA:cds-XAJ25418.1	AGA	R	AGG	R	130
NA|PP755591.1|A/cattle/Texas/24-008749-003/2024(H5N1)	399	C	T	0	0	0	455	67	33	1	455	3.44597e-282	TRUE	NA:cds-XAJ25418.1	TTC	F	TTT	F	133
NA|PP755591.1|A/cattle/Texas/24-008749-003/2024(H5N1)	402	G	A	0	0	0	474	90	33	1	474	4.29588e-288	TRUE	NA:cds-XAJ25418.1	CTG	L	CTA	L	134
NA|PP755591.1|A/cattle/Texas/24-008749-003/2024(H5N1)	405	C	T	1	0	34	469	88	33	0.997872	470	3.54279e-284	TRUE	NA:cds-XAJ25418.1	ACC	T	ACT	T	135
NA|PP755591.1|A/cattle/Texas/24-008749-003/2024(H5N1)	408	G	A	2	0	30	475	91	33	0.995807	477	3.13687e-284	TRUE	NA:cds-XAJ25418.1	CAG	Q	CAA	Q	136
NA|PP755591.1|A/cattle/Texas/24-008749-003/2024(H5N1)	411	A	G	2	1	34	477	89	33	0.995825	479	7.7047e-285	TRUE	NA:cds-XAJ25418.1	GGA	G	GGG	G	137
NA|PP755591.1|A/cattle/Texas/24-008749-003/2024(H5N1)	414	T	A	0	0	0	488	94	33	1	488	4.16141e-297	TRUE	NA:cds-XAJ25418.1	GCT	A	GCA	A	138
NA|PP755591.1|A/cattle/Texas/24-008749-003/2024(H5N1)	418	C	T	1	0	27	526	101	31	0.998102	527	0	TRUE	NA:cds-XAJ25418.1	CTG	L	TTG	L	140
NA|PP755591.1|A/cattle/Texas/24-008749-003/2024(H5N1)	426	C	T	1	0	34	992	271	35	0.998993	993	0	TRUE	NA:cds-XAJ25418.1	GAC	D	GAT	D	142
NA|PP755591.1|A/cattle/Texas/24-008749-003/2024(H5N1)	429	A	G	0	0	0	990	271	35	1	990	0	TRUE	NA:cds-XAJ25418.1	AAA	K	AAG	K	143
NA|PP755591.1|A/cattle/Texas/24-008749-003/2024(H5N1)	441	G	A	0	0	0	1110	318	35	1	1110	0	TRUE	NA:cds-XAJ25418.1	GGG	G	GGA	G	147
NA|PP755591.1|A/cattle/Texas/24-008749-003/2024(H5N1)	444	A	C	0	0	0	1086	321	35	1	1086	0	TRUE	NA:cds-XAJ25418.1	ACA	T	ACC	T	148
NA|PP755591.1|A/cattle/Texas/24-008749-003/2024(H5N1)	450	G	A	1	0	34	1262	365	36	0.999208	1263	0	TRUE	NA:cds-XAJ25418.1	AAG	K	AAA	K	150
NA|PP755591.1|A/cattle/Texas/24-008749-003/2024(H5N1)	453	T	C	0	0	0	1277	365	36	0.999218	1278	0	TRUE	NA:cds-XAJ25418.1	GAT	D	GAC	D	151
NA|PP755591.1|A/cattle/Texas/24-008749-003/2024(H5N1)	471	T	C	0	0	0	1368	430	35	1	1368	0	TRUE	NA:cds-XAJ25418.1	ACT	T	ACC	T	157
NA|PP755591.1|A/cattle/Texas/24-008749-003/2024(H5N1)	472	T	C	0	0	0	1386	436	35	1	1386	0	TRUE	NA:cds-XAJ25418.1	TTG	L	CTG	L	158
NA|PP755591.1|A/cattle/Texas/24-008749-003/2024(H5N1)	480	T	C	1	1	34	1388	436	35	0.99928	1389	0	TRUE	NA:cds-XAJ25418.1	AGT	S	AGC	S	160
NA|PP755591.1|A/cattle/Texas/24-008749-003/2024(H5N1)	483	T	C	0	0	0	1399	433	35	1	1399	0	TRUE	NA:cds-XAJ25418.1	TGT	C	TGC	C	161
NA|PP755591.1|A/cattle/Texas/24-008749-003/2024(H5N1)	486	C	T	0	0	0	1374	419	35	0.999273	1375	0	TRUE	NA:cds-XAJ25418.1	CCC	P	CCT	P	162
NA|PP755591.1|A/cattle/Texas/24-008749-003/2024(H5N1)	489	G	T	0	0	0	1394	435	35	0.999283	1395	0	TRUE	NA:cds-XAJ25418.1	GTG	V	GTT	V	163
NA|PP755591.1|A/cattle/Texas/24-008749-003/2024(H5N1)	495	G	C	0	0	0	1876	629	37	1	1876	0	TRUE	NA:cds-XAJ25418.1	GAG	E	GAC	D	165
NA|PP755591.1|A/cattle/Texas/24-008749-003/2024(H5N1)	504	C	A	1	0	26	2076	708	37	0.999038	2078	0	TRUE	NA:cds-XAJ25418.1	TCC	S	TCA	S	168
NA|PP755591.1|A/cattle/Texas/24-008749-003/2024(H5N1)	507	G	A	0	0	0	2083	710	37	1	2083	0	TRUE	NA:cds-XAJ25418.1	CCG	P	CCA	P	169
NA|PP755591.1|A/cattle/Texas/24-008749-003/2024(H5N1)	519	A	G	1	1	34	2261	843	38	0.999558	2262	0	TRUE	NA:cds-XAJ25418.1	AGA	R	AGG	R	173
NA|PP755591.1|A/cattle/Texas/24-008749-003/2024(H5N1)	540	G	A	1	1	34	2467	1081	38	0.998785	2470	0	TRUE	NA:cds-XAJ25418.1	TCG	S	TCA	S	180
NA|PP755591.1|A/cattle/Texas/24-008749-003/2024(H5N1)	564	C	T	0	0	0	2391	1093	39	0.999582	2392	0	TRUE	NA:cds-XAJ25418.1	ATC	I	ATT	I	188
NA|PP755591.1|A/cattle/Texas/24-008749-003/2024(H5N1)	579	C	T	0	0	0	2234	1075	39	0.999106	2236	0	TRUE	NA:cds-XAJ25418.1	ATC	I	ATT	I	193
NA|PP755591.1|A/cattle/Texas/24-008749-003/2024(H5N1)	582	T	C	0	0	0	2210	1071	39	1	2210	0	TRUE	NA:cds-XAJ25418.1	GGT	G	GGC	G	194
NA|PP755591.1|A/cattle/Texas/24-008749-003/2024(H5N1)	591	T	C	1	0	68	2248	1134	39	0.999111	2250	0	TRUE	NA:cds-XAJ25418.1	GGT	G	GGC	G	197
NA|PP755591.1|A/cattle/Texas/24-008749-003/2024(H5N1)	603	A	G	0	0	0	2169	1099	39	1	2169	0	TRUE	NA:cds-XAJ25418.1	GGA	G	GGG	G	201
NA|PP755591.1|A/cattle/Texas/24-008749-003/2024(H5N1)	606	T	G	2	2	34	2026	1032	39	0.998521	2029	0	TRUE	NA:cds-XAJ25418.1	GCT	A	GCG	A	202
NA|PP755591.1|A/cattle/Texas/24-008749-003/2024(H5N1)	621	G	A	0	0	0	2095	1141	38	1	2095	0	TRUE	NA:cds-XAJ25418.1	AAG	K	AAA	K	207
NA|PP755591.1|A/cattle/Texas/24-008749-003/2024(H5N1)	639	G	A	0	0	0	1866	1023	36	1	1866	0	TRUE	NA:cds-XAJ25418.1	ACG	T	ACA	T	213
NA|PP755591.1|A/cattle/Texas/24-008749-003/2024(H5N1)	648	C	T	1	1	34	1808	1017	36	0.999447	1809	0	TRUE	NA:cds-XAJ25418.1	ATC	I	ATT	I	216
NA|PP755591.1|A/cattle/Texas/24-008749-003/2024(H5N1)	662	A	G	0	0	0	1564	798	34	1	1564	0	TRUE	NA:cds-XAJ25418.1	AAC	N	AGC	S	221
NA|PP755591.1|A/cattle/Texas/24-008749-003/2024(H5N1)	666	C	T	0	0	0	1513	763	34	0.999339	1514	0	TRUE	NA:cds-XAJ25418.1	AAC	N	AAT	N	222
NA|PP755591.1|A/cattle/Texas/24-008749-003/2024(H5N1)	669	T	A	0	0	0	1519	804	34	1	1519	0	TRUE	NA:cds-XAJ25418.1	ATT	I	ATA	I	223
NA|PP755591.1|A/cattle/Texas/24-008749-003/2024(H5N1)	678	T	A	0	0	0	1695	820	34	0.997646	1699	0	TRUE	NA:cds-XAJ25418.1	ACT	T	ACA	T	226
NA|PP755591.1|A/cattle/Texas/24-008749-003/2024(H5N1)	684	A	G	1	0	34	1648	808	34	0.999394	1649	0	TRUE	NA:cds-XAJ25418.1	GAA	E	GAG	E	228
NA|PP755591.1|A/cattle/Texas/24-008749-003/2024(H5N1)	696	T	C	0	0	0	1453	670	35	1	1453	0	TRUE	NA:cds-XAJ25418.1	GCT	A	GCC	A	232
NA|PP755591.1|A/cattle/Texas/24-008749-003/2024(H5N1)	700	G	A	1	0	60	1448	665	35	0.99931	1449	0	TRUE	NA:cds-XAJ25418.1	GTA	V	ATA	I	234
NA|PP755591.1|A/cattle/Texas/24-008749-003/2024(H5N1)	702	A	T	0	0	0	1406	632	35	1	1406	0	TRUE	NA:cds-XAJ25418.1	GTA	V	GTT	V	234
NA|PP755591.1|A/cattle/Texas/24-008749-003/2024(H5N1)	708	C	T	0	0	0	1458	673	35	0.999315	1459	0	TRUE	NA:cds-XAJ25418.1	GGC	G	GGT	G	236
NA|PP755591.1|A/cattle/Texas/24-008749-003/2024(H5N1)	711	C	T	1	1	34	1493	692	35	0.999331	1494	0	TRUE	NA:cds-XAJ25418.1	TCC	S	TCT	S	237
NA|PP755591.1|A/cattle/Texas/24-008749-003/2024(H5N1)	717	C	T	2	2	34	1550	718	36	0.998711	1552	0	TRUE	NA:cds-XAJ25418.1	TTC	F	TTT	F	239
NA|PP755591.1|A/cattle/Texas/24-008749-003/2024(H5N1)	721	G	A	0	0	0	1603	775	35	1	1603	0	TRUE	NA:cds-XAJ25418.1	GTA	V	ATA	I	241
NA|PP755591.1|A/cattle/Texas/24-008749-003/2024(H5N1)	738	A	G	0	0	0	1813	874	37	1	1813	0	TRUE	NA:cds-XAJ25418.1	CCA	P	CCG	P	246
NA|PP755591.1|A/cattle/Texas/24-008749-003/2024(H5N1)	741	C	T	0	0	0	1747	796	37	0.998856	1749	0	TRUE	NA:cds-XAJ25418.1	AGC	S	AGT	S	247
NA|PP755591.1|A/cattle/Texas/24-008749-003/2024(H5N1)	747	G	C	2	0	30	1746	890	37	0.998285	1749	0	TRUE	NA:cds-XAJ25418.1	GGG	G	GGC	G	249
NA|PP755591.1|A/cattle/Texas/24-008749-003/2024(H5N1)	759	T	C	0	0	0	1709	807	37	1	1709	0	TRUE	NA:cds-XAJ25418.1	TAT	Y	TAC	Y	253
NA|PP755591.1|A/cattle/Texas/24-008749-003/2024(H5N1)	765	C	T	0	0	0	1119	524	33	0.997326	1122	0	TRUE	NA:cds-XAJ25418.1	ATC	I	ATT	I	255
NA|PP755591.1|A/cattle/Texas/24-008749-003/2024(H5N1)	766	T	C	2	0	34	1376	767	34	0.998549	1378	0	TRUE	NA:cds-XAJ25418.1	TTC	F	CTC	L	256
NA|PP755591.1|A/cattle/Texas/24-008749-003/2024(H5N1)	770	A	G	0	0	0	1313	712	35	1	1313	0	TRUE	NA:cds-XAJ25418.1	AAG	K	AGG	R	257
NA|PP755591.1|A/cattle/Texas/24-008749-003/2024(H5N1)	771	G	A	0	0	0	1320	718	35	1	1320	0	TRUE	NA:cds-XAJ25418.1	AAG	K	AAA	K	257
NA|PP755591.1|A/cattle/Texas/24-008749-003/2024(H5N1)	776	A	-G	1310	731	33	1400	0	20	0.936455	1495	8.08934e-320	TRUE	NA	NA	NA	NA	NA	NA
NA|PP755591.1|A/cattle/Texas/24-008749-003/2024(H5N1)	777	G	A	2	0	34	76	31	32	0.974359	78	3.07101e-126	TRUE	NA:cds-XAJ25418.1	GAG	E	GAA	E	259
NA|PP755591.1|A/cattle/Texas/24-008749-003/2024(H5N1)	780	A	G	1239	720	34	79	29	32	0.0599393	1318	7.64158e-26	TRUE	NA:cds-XAJ25418.1	AAA	K	AAG	K	260
NA|PP755591.1|A/cattle/Texas/24-008749-003/2024(H5N1)	783	G	A	1330	717	35	74	31	33	0.052669	1405	1.55034e-23	TRUE	NA:cds-XAJ25418.1	GGG	G	GGA	G	261
NA|PP755591.1|A/cattle/Texas/24-008749-003/2024(H5N1)	786	A	G	1242	667	34	80	27	32	0.0605144	1322	8.04941e-27	TRUE	NA:cds-XAJ25418.1	AAA	K	AAG	K	262
NA|PP755591.1|A/cattle/Texas/24-008749-003/2024(H5N1)	786	A	+G	1242	667	34	1459	0	20	0.929892	1569	0	TRUE	NA	NA	NA	NA	NA	NA
NA|PP755591.1|A/cattle/Texas/24-008749-003/2024(H5N1)	789	T	A	1	1	27	90	38	33	0.989011	91	4.01847e-148	TRUE	NA:cds-XAJ25418.1	GTT	V	GTA	V	263
NA|PP755591.1|A/cattle/Texas/24-008749-003/2024(H5N1)	804	A	G	0	0	0	2308	1280	37	0.999567	2309	0	TRUE	NA:cds-XAJ25418.1	GAA	E	GAG	E	268
NA|PP755591.1|A/cattle/Texas/24-008749-003/2024(H5N1)	805	A	T	0	0	0	2137	1157	36	1	2137	0	TRUE	NA:cds-XAJ25418.1	ATG	M	TTG	L	269
NA|PP755591.1|A/cattle/Texas/24-008749-003/2024(H5N1)	828	C	T	1	1	34	2588	1318	36	0.999614	2589	0	TRUE	NA:cds-XAJ25418.1	TAC	Y	TAT	Y	276
NA|PP755591.1|A/cattle/Texas/24-008749-003/2024(H5N1)	834	A	G	3	2	35	2520	1269	37	0.998811	2523	0	TRUE	NA:cds-XAJ25418.1	GAA	E	GAG	E	278
NA|PP755591.1|A/cattle/Texas/24-008749-003/2024(H5N1)	855	G	T	0	0	0	704	266	33	1	704	0	TRUE	NA:cds-XAJ25418.1	GCG	A	GCT	A	285
NA|PP755591.1|A/cattle/Texas/24-008749-003/2024(H5N1)	856	G	A	0	0	0	715	280	33	1	715	0	TRUE	NA:cds-XAJ25418.1	GGT	G	AGT	S	286
NA|PP755591.1|A/cattle/Texas/24-008749-003/2024(H5N1)	858	T	C	0	0	0	717	283	33	1	717	0	TRUE	NA:cds-XAJ25418.1	GGT	G	GGC	G	286
NA|PP755591.1|A/cattle/Texas/24-008749-003/2024(H5N1)	861	T	G	1	1	23	706	268	33	0.998586	707	0	TRUE	NA:cds-XAJ25418.1	GAT	D	GAG	E	287
NA|PP755591.1|A/cattle/Texas/24-008749-003/2024(H5N1)	862	A	G	2	2	29	721	283	34	0.997234	723	0	TRUE	NA:cds-XAJ25418.1	ATT	I	GTT	V	288
NA|PP755591.1|A/cattle/Texas/24-008749-003/2024(H5N1)	864	T	A	0	0	0	709	275	33	1	709	0	TRUE	NA:cds-XAJ25418.1	ATT	I	ATA	I	288
NA|PP755591.1|A/cattle/Texas/24-008749-003/2024(H5N1)	879	G	A	0	0	0	1018	489	34	1	1018	0	TRUE	NA:cds-XAJ25418.1	AGG	R	AGA	R	293
NA|PP755591.1|A/cattle/Texas/24-008749-003/2024(H5N1)	882	C	T	0	0	0	987	439	34	0.998988	988	0	TRUE	NA:cds-XAJ25418.1	GAC	D	GAT	D	294
NA|PP755591.1|A/cattle/Texas/24-008749-003/2024(H5N1)	885	T	C	2	2	30	1042	492	35	0.998084	1044	0	TRUE	NA:cds-XAJ25418.1	AAT	N	AAC	N	295
NA|PP755591.1|A/cattle/Texas/24-008749-003/2024(H5N1)	894	C	T	0	0	0	1044	483	34	1	1044	0	TRUE	NA:cds-XAJ25418.1	GGC	G	GGT	G	298
NA|PP755591.1|A/cattle/Texas/24-008749-003/2024(H5N1)	897	G	A	0	0	0	1035	510	34	1	1035	0	TRUE	NA:cds-XAJ25418.1	TCG	S	TCA	S	299
NA|PP755591.1|A/cattle/Texas/24-008749-003/2024(H5N1)	903	G	A	0	0	0	1035	499	34	1	1035	0	TRUE	NA:cds-XAJ25418.1	CGG	R	CGA	R	301
NA|PP755591.1|A/cattle/Texas/24-008749-003/2024(H5N1)	906	G	A	0	0	0	1051	508	34	1	1051	0	TRUE	NA:cds-XAJ25418.1	CCG	P	CCA	P	302
NA|PP755591.1|A/cattle/Texas/24-008749-003/2024(H5N1)	912	A	G	0	0	0	1110	514	35	1	1110	0	TRUE	NA:cds-XAJ25418.1	GTA	V	GTG	V	304
NA|PP755591.1|A/cattle/Texas/24-008749-003/2024(H5N1)	915	T	C	0	0	0	1099	521	35	1	1099	0	TRUE	NA:cds-XAJ25418.1	TCT	S	TCC	S	305
NA|PP755591.1|A/cattle/Texas/24-008749-003/2024(H5N1)	918	T	C	0	0	0	1109	533	35	1	1109	0	TRUE	NA:cds-XAJ25418.1	TTT	F	TTC	F	306
NA|PP755591.1|A/cattle/Texas/24-008749-003/2024(H5N1)	933	G	A	0	0	0	1830	990	37	1	1830	0	TRUE	NA:cds-XAJ25418.1	GAG	E	GAA	E	311
NA|PP755591.1|A/cattle/Texas/24-008749-003/2024(H5N1)	945	A	G	0	0	0	1626	779	37	1	1626	0	TRUE	NA:cds-XAJ25418.1	GGA	G	GGG	G	315
NA|PP755591.1|A/cattle/Texas/24-008749-003/2024(H5N1)	948	T	C	0	0	0	1674	829	37	1	1674	0	TRUE	NA:cds-XAJ25418.1	TAT	Y	TAC	Y	316
NA|PP755591.1|A/cattle/Texas/24-008749-003/2024(H5N1)	957	T	C	0	0	0	1263	723	35	1	1263	0	TRUE	NA:cds-XAJ25418.1	AGT	S	AGC	S	319
NA|PP755591.1|A/cattle/Texas/24-008749-003/2024(H5N1)	960	G	A	0	0	0	1255	728	35	1	1255	0	TRUE	NA:cds-XAJ25418.1	GGG	G	GGA	G	320
NA|PP755591.1|A/cattle/Texas/24-008749-003/2024(H5N1)	961	A	G	0	0	0	1269	727	35	1	1269	0	TRUE	NA:cds-XAJ25418.1	ATT	I	GTT	V	321
NA|PP755591.1|A/cattle/Texas/24-008749-003/2024(H5N1)	966	C	T	0	0	0	1280	740	35	1	1280	0	TRUE	NA:cds-XAJ25418.1	TTC	F	TTT	F	322
NA|PP755591.1|A/cattle/Texas/24-008749-003/2024(H5N1)	969	G	A	0	0	0	1282	755	35	1	1282	0	TRUE	NA:cds-XAJ25418.1	GGG	G	GGA	G	323
NA|PP755591.1|A/cattle/Texas/24-008749-003/2024(H5N1)	975	T	C	0	0	0	1356	827	35	1	1356	0	TRUE	NA:cds-XAJ25418.1	AAT	N	AAC	N	325
NA|PP755591.1|A/cattle/Texas/24-008749-003/2024(H5N1)	978	C	G	0	0	0	1337	805	35	1	1337	0	TRUE	NA:cds-XAJ25418.1	CCC	P	CCG	P	326
NA|PP755591.1|A/cattle/Texas/24-008749-003/2024(H5N1)	986	A	G	0	0	0	1899	1049	37	0.999474	1900	0	TRUE	NA:cds-XAJ25418.1	AAT	N	AGT	S	329
NA|PP755591.1|A/cattle/Texas/24-008749-003/2024(H5N1)	1005	C	T	2	1	34	1835	897	37	0.998368	1838	0	TRUE	NA:cds-XAJ25418.1	TGC	C	TGT	C	335
NA|PP755591.1|A/cattle/Texas/24-008749-003/2024(H5N1)	1006	A	G	2	1	57	1797	838	36	0.998333	1800	0	TRUE	NA:cds-XAJ25418.1	AGT	S	GGT	G	336
NA|PP755591.1|A/cattle/Texas/24-008749-003/2024(H5N1)	1012	A	G	3	3	34	1919	909	37	0.998439	1922	0	TRUE	NA:cds-XAJ25418.1	ATG	M	GTG	V	338
NA|PP755591.1|A/cattle/Texas/24-008749-003/2024(H5N1)	1015	C	T	0	0	0	1866	919	36	1	1866	0	TRUE	NA:cds-XAJ25418.1	CCC	P	TCC	S	339
NA|PP755591.1|A/cattle/Texas/24-008749-003/2024(H5N1)	1035	G	A	2	2	30	1878	756	36	0.998936	1880	0	TRUE	NA:cds-XAJ25418.1	GGG	G	GGA	G	345
NA|PP755591.1|A/cattle/Texas/24-008749-003/2024(H5N1)	1038	A	G	0	0	0	1901	758	36	1	1901	0	TRUE	NA:cds-XAJ25418.1	GTA	V	GTG	V	346
NA|PP755591.1|A/cattle/Texas/24-008749-003/2024(H5N1)	1041	A	G	0	0	0	1891	754	36	1	1891	0	TRUE	NA:cds-XAJ25418.1	AAA	K	AAG	K	347
NA|PP755591.1|A/cattle/Texas/24-008749-003/2024(H5N1)	1044	G	A	1	0	34	1774	761	35	0.998312	1777	0	TRUE	NA:cds-XAJ25418.1	GGG	G	GGA	G	348
NA|PP755591.1|A/cattle/Texas/24-008749-003/2024(H5N1)	1056	G	A	0	0	0	1896	913	36	0.999473	1897	0	TRUE	NA:cds-XAJ25418.1	AAG	K	AAA	K	352
NA|PP755591.1|A/cattle/Texas/24-008749-003/2024(H5N1)	1068	G	T	2	0	31	1924	946	38	0.997925	1928	0	TRUE	NA:cds-XAJ25418.1	GGG	G	GGT	G	356
NA|PP755591.1|A/cattle/Texas/24-008749-003/2024(H5N1)	1077	C	A	0	0	0	1838	918	37	0.99837	1841	0	TRUE	NA:cds-XAJ25418.1	ATC	I	ATA	I	359
NA|PP755591.1|A/cattle/Texas/24-008749-003/2024(H5N1)	1086	A	T	0	0	0	1699	882	37	1	1699	0	TRUE	NA:cds-XAJ25418.1	ACA	T	ACT	T	362
NA|PP755591.1|A/cattle/Texas/24-008749-003/2024(H5N1)	1092	C	T	1	1	34	1606	821	37	0.999378	1607	0	TRUE	NA:cds-XAJ25418.1	AGC	S	AGT	S	364
NA|PP755591.1|A/cattle/Texas/24-008749-003/2024(H5N1)	1098	T	C	0	0	0	1291	635	36	0.999226	1292	0	TRUE	NA:cds-XAJ25418.1	AGT	S	AGC	S	366
NA|PP755591.1|A/cattle/Texas/24-008749-003/2024(H5N1)	1101	C	A	0	0	0	1237	621	36	0.999192	1238	0	TRUE	NA:cds-XAJ25418.1	TCC	S	TCA	S	367
NA|PP755591.1|A/cattle/Texas/24-008749-003/2024(H5N1)	1104	A	G	0	0	0	1287	626	36	1	1287	0	TRUE	NA:cds-XAJ25418.1	AGA	R	AGG	R	368
NA|PP755591.1|A/cattle/Texas/24-008749-003/2024(H5N1)	1107	C	T	0	0	0	1250	593	36	1	1250	0	TRUE	NA:cds-XAJ25418.1	AGC	S	AGT	S	369
NA|PP755591.1|A/cattle/Texas/24-008749-003/2024(H5N1)	1110	C	G	0	0	0	1299	616	36	1	1299	0	TRUE	NA:cds-XAJ25418.1	GGC	G	GGG	G	370
NA|PP755591.1|A/cattle/Texas/24-008749-003/2024(H5N1)	1122	T	C	0	0	0	1584	883	37	0.997481	1588	0	TRUE	NA:cds-XAJ25418.1	ATT	I	ATC	I	374
NA|PP755591.1|A/cattle/Texas/24-008749-003/2024(H5N1)	1131	G	T	0	0	0	1577	840	37	0.999366	1578	0	TRUE	NA:cds-XAJ25418.1	CCG	P	CCT	P	377
NA|PP755591.1|A/cattle/Texas/24-008749-003/2024(H5N1)	1143	T	G	1	0	26	1611	906	37	0.99938	1612	0	TRUE	NA:cds-XAJ25418.1	ACT	T	ACG	T	381
NA|PP755591.1|A/cattle/Texas/24-008749-003/2024(H5N1)	1149	G	A	2	2	34	1452	879	36	0.997253	1456	0	TRUE	NA:cds-XAJ25418.1	ACG	T	ACA	T	383
NA|PP755591.1|A/cattle/Texas/24-008749-003/2024(H5N1)	1155	T	C	0	0	0	1371	853	35	1	1371	0	TRUE	NA:cds-XAJ25418.1	AGT	S	AGC	S	385
NA|PP755591.1|A/cattle/Texas/24-008749-003/2024(H5N1)	1161	C	T	0	0	0	1185	828	33	1	1185	0	TRUE	NA:cds-XAJ25418.1	TTC	F	TTT	F	387
NA|PP755591.1|A/cattle/Texas/24-008749-003/2024(H5N1)	1164	A	T	2	2	34	1137	800	33	0.997368	1140	0	TRUE	NA:cds-XAJ25418.1	TCA	S	TCT	S	388
NA|PP755591.1|A/cattle/Texas/24-008749-003/2024(H5N1)	1167	G	A	0	0	0	1167	831	33	1	1167	0	TRUE	NA:cds-XAJ25418.1	GTG	V	GTA	V	389
NA|PP755591.1|A/cattle/Texas/24-008749-003/2024(H5N1)	1176	C	T	0	0	0	1221	790	32	0.996735	1225	0	TRUE	NA:cds-XAJ25418.1	GAC	D	GAT	D	392
NA|PP755591.1|A/cattle/Texas/24-008749-003/2024(H5N1)	1184	A	C	0	0	0	1412	971	33	1	1412	0	TRUE	NA:cds-XAJ25418.1	GAA	E	GCA	A	395
NA|PP755591.1|A/cattle/Texas/24-008749-003/2024(H5N1)	1191	T	G	0	0	0	1400	918	33	1	1400	0	TRUE	NA:cds-XAJ25418.1	ACT	T	ACG	T	397
NA|PP755591.1|A/cattle/Texas/24-008749-003/2024(H5N1)	1209	T	C	1	0	34	1293	717	33	0.999227	1294	0	TRUE	NA:cds-XAJ25418.1	AGT	S	AGC	S	403
NA|PP755591.1|A/cattle/Texas/24-008749-003/2024(H5N1)	1212	G	A	1	0	34	1272	712	33	0.999214	1273	0	TRUE	NA:cds-XAJ25418.1	GGG	G	GGA	G	404
NA|PP755591.1|A/cattle/Texas/24-008749-003/2024(H5N1)	1221	C	T	1	1	34	1347	750	33	0.999258	1348	0	TRUE	NA:cds-XAJ25418.1	GTC	V	GTT	V	407
NA|PP755591.1|A/cattle/Texas/24-008749-003/2024(H5N1)	1239	A	G	0	0	0	1207	692	35	1	1207	0	TRUE	NA:cds-XAJ25418.1	ACA	T	ACG	T	413
NA|PP755591.1|A/cattle/Texas/24-008749-003/2024(H5N1)	1242	A	G	1	1	34	1205	684	35	0.999171	1206	0	TRUE	NA:cds-XAJ25418.1	GGA	G	GGG	G	414
NA|PP755591.1|A/cattle/Texas/24-008749-003/2024(H5N1)	1245	A	G	0	0	0	1214	694	36	1	1214	0	TRUE	NA:cds-XAJ25418.1	TTA	L	TTG	L	415
NA|PP755591.1|A/cattle/Texas/24-008749-003/2024(H5N1)	1263	T	C	2	2	34	1426	1032	40	0.997203	1430	0	TRUE	NA:cds-XAJ25418.1	TGT	C	TGC	C	421
NA|PP755591.1|A/cattle/Texas/24-008749-003/2024(H5N1)	1278	A	G	2	2	34	1268	944	40	0.998425	1270	0	TRUE	NA:cds-XAJ25418.1	CTA	L	CTG	L	426
NA|PP755591.1|A/cattle/Texas/24-008749-003/2024(H5N1)	1281	T	C	0	0	0	1297	977	40	1	1297	0	TRUE	NA:cds-XAJ25418.1	ATT	I	ATC	I	427
NA|PP755591.1|A/cattle/Texas/24-008749-003/2024(H5N1)	1287	G	A	0	0	0	1305	991	40	1	1305	0	TRUE	NA:cds-XAJ25418.1	GGG	G	GGA	G	429
NA|PP755591.1|A/cattle/Texas/24-008749-003/2024(H5N1)	1290	G	A	0	0	0	1283	1006	39	1	1283	0	TRUE	NA:cds-XAJ25418.1	AGG	R	AGA	R	430
NA|PP755591.1|A/cattle/Texas/24-008749-003/2024(H5N1)	1302	T	C	0	0	0	1425	1184	44	1	1425	0	TRUE	NA:cds-XAJ25418.1	AAT	N	AAC	N	434
NA|PP755591.1|A/cattle/Texas/24-008749-003/2024(H5N1)	1305	A	G	1	1	26	1421	1179	43	0.999297	1422	0	TRUE	NA:cds-XAJ25418.1	ACA	T	ACG	T	435
NA|PP755591.1|A/cattle/Texas/24-008749-003/2024(H5N1)	1314	T	C	0	0	0	1284	1062	43	1	1284	0	TRUE	NA:cds-XAJ25418.1	ACT	T	ACC	T	438
NA|PP755591.1|A/cattle/Texas/24-008749-003/2024(H5N1)	1317	C	T	0	0	0	1245	1021	43	1	1245	0	TRUE	NA:cds-XAJ25418.1	AGC	S	AGT	S	439
NA|PP755591.1|A/cattle/Texas/24-008749-003/2024(H5N1)	1320	G	A	0	0	0	1296	1069	44	1	1296	0	TRUE	NA:cds-XAJ25418.1	GGG	G	GGA	G	440
NA|PP755591.1|A/cattle/Texas/24-008749-003/2024(H5N1)	1329	A	T	0	0	0	1329	1107	44	1	1329	0	TRUE	NA:cds-XAJ25418.1	ATA	I	ATT	I	443
NA|PP755591.1|A/cattle/Texas/24-008749-003/2024(H5N1)	1341	T	A	0	0	0	1328	1125	43	1	1328	0	TRUE	NA:cds-XAJ25418.1	GGT	G	GGA	G	447
NA|PP755591.1|A/cattle/Texas/24-008749-003/2024(H5N1)	1350	T	C	0	0	0	1337	1216	39	1	1337	0	TRUE	NA:cds-XAJ25418.1	AGT	S	AGC	S	450
