REGION	POS	REF	ALT	REF_DP	REF_RV	REF_QUAL	ALT_DP	ALT_RV	ALT_QUAL	ALT_FREQ	TOTAL_DP	PVAL	PASS	GFF_FEATURE	REF_CODON	REF_AA	ALT_CODON	ALT_AA	POS_AA
NS|PP755593.1|A/cattle/Texas/24-008749-003/2024(H5N1)	20	T	C	0	0	0	248	44	45	1	248	1.38448e-224	TRUE	NEP:cds-XAJ25421.1	TTA	L	TCA	S	7
NS|PP755593.1|A/cattle/Texas/24-008749-003/2024(H5N1)	20	T	C	0	0	0	248	44	45	1	248	1.38448e-224	TRUE	NS1:cds-XAJ25420.1	TTA	L	TCA	S	7
NS|PP755593.1|A/cattle/Texas/24-008749-003/2024(H5N1)	108	C	T	0	0	0	592	153	46	1	592	0	TRUE	NS1:cds-XAJ25420.1	CTC	L	CTT	L	36
NS|PP755593.1|A/cattle/Texas/24-008749-003/2024(H5N1)	117	C	T	0	0	0	621	161	46	1	621	0	TRUE	NS1:cds-XAJ25420.1	GAC	D	GAT	D	39
NS|PP755593.1|A/cattle/Texas/24-008749-003/2024(H5N1)	126	T	C	1	0	68	613	195	46	0.998371	614	0	TRUE	NS1:cds-XAJ25420.1	TCT	S	TCC	S	42
NS|PP755593.1|A/cattle/Texas/24-008749-003/2024(H5N1)	132	A	G	0	0	0	634	197	46	0.998425	635	0	TRUE	NS1:cds-XAJ25420.1	AGA	R	AGG	R	44
NS|PP755593.1|A/cattle/Texas/24-008749-003/2024(H5N1)	165	G	A	1	1	34	672	297	42	0.997033	674	0	TRUE	NS1:cds-XAJ25420.1	GAG	E	GAA	E	55
NS|PP755593.1|A/cattle/Texas/24-008749-003/2024(H5N1)	167	C	T	503	209	44	251	114	44	0.332891	754	1.10487e-105	TRUE	NS1:cds-XAJ25420.1	ACG	T	ATG	M	56
NS|PP755593.1|A/cattle/Texas/24-008749-003/2024(H5N1)	177	T	C	68	36	43	668	280	43	0.907609	736	0	TRUE	NS1:cds-XAJ25420.1	CGT	R	CGC	R	59
NS|PP755593.1|A/cattle/Texas/24-008749-003/2024(H5N1)	183	G	A	0	0	0	705	317	42	1	705	0	TRUE	NS1:cds-XAJ25420.1	GGG	G	GGA	G	61
NS|PP755593.1|A/cattle/Texas/24-008749-003/2024(H5N1)	209	A	G	747	317	45	72	30	43	0.0879121	819	3.14655e-28	TRUE	NS1:cds-XAJ25420.1	GAG	E	GGG	G	70
NS|PP755593.1|A/cattle/Texas/24-008749-003/2024(H5N1)	222	T	C	0	0	0	808	379	44	1	808	0	TRUE	NS1:cds-XAJ25420.1	GAT	D	GAC	D	74
NS|PP755593.1|A/cattle/Texas/24-008749-003/2024(H5N1)	240	T	C	71	35	43	737	385	42	0.912129	808	0	TRUE	NS1:cds-XAJ25420.1	ACT	T	ACC	T	80
NS|PP755593.1|A/cattle/Texas/24-008749-003/2024(H5N1)	252	G	A	78	34	43	778	370	42	0.908879	856	0	TRUE	NS1:cds-XAJ25420.1	GTG	V	GTA	V	84
NS|PP755593.1|A/cattle/Texas/24-008749-003/2024(H5N1)	259	C	T	0	0	0	818	362	42	1	818	0	TRUE	NS1:cds-XAJ25420.1	CCA	P	TCA	S	87
NS|PP755593.1|A/cattle/Texas/24-008749-003/2024(H5N1)	261	A	G	756	332	43	74	31	43	0.0891566	830	1.75219e-28	TRUE	NS1:cds-XAJ25420.1	CCA	P	CCG	P	87
NS|PP755593.1|A/cattle/Texas/24-008749-003/2024(H5N1)	291	G	A	818	385	43	82	35	48	0.0911111	900	7.09977e-32	TRUE	NS1:cds-XAJ25420.1	GAG	E	GAA	E	97
NS|PP755593.1|A/cattle/Texas/24-008749-003/2024(H5N1)	324	G	A	1	0	34	808	408	42	0.998764	809	0	TRUE	NS1:cds-XAJ25420.1	AAG	K	AAA	K	108
NS|PP755593.1|A/cattle/Texas/24-008749-003/2024(H5N1)	346	A	T	0	0	0	863	437	42	1	863	0	TRUE	NS1:cds-XAJ25420.1	AGT	S	TGT	C	116
NS|PP755593.1|A/cattle/Texas/24-008749-003/2024(H5N1)	386	T	C	0	0	0	862	400	42	1	862	0	TRUE	NS1:cds-XAJ25420.1	ATA	I	ACA	T	129
NS|PP755593.1|A/cattle/Texas/24-008749-003/2024(H5N1)	388	C	T	0	0	0	846	396	41	1	846	0	TRUE	NS1:cds-XAJ25420.1	CTG	L	TTG	L	130
NS|PP755593.1|A/cattle/Texas/24-008749-003/2024(H5N1)	393	G	A	0	0	0	875	419	42	1	875	0	TRUE	NS1:cds-XAJ25420.1	AAG	K	AAA	K	131
NS|PP755593.1|A/cattle/Texas/24-008749-003/2024(H5N1)	415	A	G	1	0	34	846	470	41	0.998819	847	0	TRUE	NS1:cds-XAJ25420.1	AAT	N	GAT	D	139
NS|PP755593.1|A/cattle/Texas/24-008749-003/2024(H5N1)	418	C	A	0	0	0	792	467	41	1	792	0	TRUE	NS1:cds-XAJ25420.1	CGG	R	AGG	R	140
NS|PP755593.1|A/cattle/Texas/24-008749-003/2024(H5N1)	433	A	G	886	466	42	88	41	39	0.0903491	974	1.35897e-32	TRUE	NS1:cds-XAJ25420.1	ATA	I	GTA	V	145
NS|PP755593.1|A/cattle/Texas/24-008749-003/2024(H5N1)	456	A	G	789	381	42	82	29	41	0.0941447	871	4.71467e-31	TRUE	NS1:cds-XAJ25420.1	GAA	E	GAG	E	152
NS|PP755593.1|A/cattle/Texas/24-008749-003/2024(H5N1)	487	T	C	177	98	42	704	337	42	0.799092	881	0	TRUE	NS1:cds-XAJ25420.1	TTG	L	CTG	L	163
NS|PP755593.1|A/cattle/Texas/24-008749-003/2024(H5N1)	489	G	A	81	33	41	806	410	41	0.908681	887	0	TRUE	NS1:cds-XAJ25420.1	TTG	L	TTA	L	163
NS|PP755593.1|A/cattle/Texas/24-008749-003/2024(H5N1)	590	C	T	430	242	42	308	175	43	0.376989	817	1.86611e-141	TRUE	NEP:cds-XAJ25421.1	CTT	L	TTT	F	30
NS|PP755593.1|A/cattle/Texas/24-008749-003/2024(H5N1)	590	C	T	430	242	42	308	175	43	0.376989	817	1.86611e-141	TRUE	NS1:cds-XAJ25420.1	ACT	T	ATT	I	197
NS|PP755593.1|A/cattle/Texas/24-008749-003/2024(H5N1)	590	C	A	430	242	42	79	48	40	0.0966952	817	1.58617e-41	TRUE	NEP:cds-XAJ25421.1	CTT	L	ATT	I	30
NS|PP755593.1|A/cattle/Texas/24-008749-003/2024(H5N1)	590	C	A	430	242	42	79	48	40	0.0966952	817	1.58617e-41	TRUE	NS1:cds-XAJ25420.1	ACT	T	AAT	N	197
NS|PP755593.1|A/cattle/Texas/24-008749-003/2024(H5N1)	668	A	C	0	0	0	735	453	44	0.998641	736	0	TRUE	NEP:cds-XAJ25421.1	AGA	R	CGA	R	56
NS|PP755593.1|A/cattle/Texas/24-008749-003/2024(H5N1)	668	A	C	0	0	0	735	453	44	0.998641	736	0	TRUE	NS1:cds-XAJ25420.1	GAG	E	GCG	A	223
NS|PP755593.1|A/cattle/Texas/24-008749-003/2024(H5N1)	672	G	A	0	0	0	690	452	42	0.998553	691	0	TRUE	NEP:cds-XAJ25421.1	GGA	G	GAA	E	57
NS|PP755593.1|A/cattle/Texas/24-008749-003/2024(H5N1)	672	G	A	0	0	0	690	452	42	0.998553	691	0	TRUE	NS1:cds-XAJ25420.1	AGG	R	AGA	R	224
NS|PP755593.1|A/cattle/Texas/24-008749-003/2024(H5N1)	709	G	A	60	48	41	637	437	45	0.913917	697	0	TRUE	NEP:cds-XAJ25421.1	CTG	L	CTA	L	69
NS|PP755593.1|A/cattle/Texas/24-008749-003/2024(H5N1)	715	A	C	67	56	41	639	476	44	0.903819	707	0	TRUE	NEP:cds-XAJ25421.1	GAA	E	GAC	D	71
NS|PP755593.1|A/cattle/Texas/24-008749-003/2024(H5N1)	727	C	T	0	0	0	723	562	47	1	723	0	TRUE	NEP:cds-XAJ25421.1	CAC	H	CAT	H	75
NS|PP755593.1|A/cattle/Texas/24-008749-003/2024(H5N1)	765	C	A	406	315	48	260	208	44	0.39039	666	2.0423e-119	TRUE	NEP:cds-XAJ25421.1	ACA	T	AAA	K	88
NS|PP755593.1|A/cattle/Texas/24-008749-003/2024(H5N1)	788	C	T	0	0	0	517	412	45	1	517	0	TRUE	NEP:cds-XAJ25421.1	CTG	L	TTG	L	96
