REGION	POS	REF	ALT	REF_DP	REF_RV	REF_QUAL	ALT_DP	ALT_RV	ALT_QUAL	ALT_FREQ	TOTAL_DP	PVAL	PASS	GFF_FEATURE	REF_CODON	REF_AA	ALT_CODON	ALT_AA	POS_AA
PA|PP755594.1|A/cattle/Texas/24-008749-003/2024(H5N1)	26	T	C	95	9	41	1	0	37	0.0104167	96	0.217195	FALSE	PA:cds-XAJ25422.1	TTC	F	TCC	S	9
PA|PP755594.1|A/cattle/Texas/24-008749-003/2024(H5N1)	26	T	C	95	9	41	1	0	37	0.0104167	96	0.217195	FALSE	PA-X:cds-XAJ25423.1	TTC	F	TCC	S	9
PA|PP755594.1|A/cattle/Texas/24-008749-003/2024(H5N1)	28	A	C	95	9	41	1	0	24	0.0104167	96	0.625916	FALSE	PA:cds-XAJ25422.1	AAT	N	CAT	H	10
PA|PP755594.1|A/cattle/Texas/24-008749-003/2024(H5N1)	28	A	C	95	9	41	1	0	24	0.0104167	96	0.625916	FALSE	PA-X:cds-XAJ25423.1	AAT	N	CAT	H	10
PA|PP755594.1|A/cattle/Texas/24-008749-003/2024(H5N1)	39	T	C	0	0	0	117	12	41	1	117	3.32522e-116	TRUE	PA:cds-XAJ25422.1	ATT	I	ATC	I	13
PA|PP755594.1|A/cattle/Texas/24-008749-003/2024(H5N1)	39	T	C	0	0	0	117	12	41	1	117	3.32522e-116	TRUE	PA-X:cds-XAJ25423.1	ATT	I	ATC	I	13
PA|PP755594.1|A/cattle/Texas/24-008749-003/2024(H5N1)	53	A	G	0	0	0	125	14	41	1	125	3.40605e-122	TRUE	PA:cds-XAJ25422.1	GAA	E	GGA	G	18
PA|PP755594.1|A/cattle/Texas/24-008749-003/2024(H5N1)	53	A	G	0	0	0	125	14	41	1	125	3.40605e-122	TRUE	PA-X:cds-XAJ25423.1	GAA	E	GGA	G	18
PA|PP755594.1|A/cattle/Texas/24-008749-003/2024(H5N1)	57	A	G	0	0	0	125	15	42	1	125	2.06651e-123	TRUE	PA:cds-XAJ25422.1	AAA	K	AAG	K	19
PA|PP755594.1|A/cattle/Texas/24-008749-003/2024(H5N1)	57	A	G	0	0	0	125	15	42	1	125	2.06651e-123	TRUE	PA-X:cds-XAJ25423.1	AAA	K	AAG	K	19
PA|PP755594.1|A/cattle/Texas/24-008749-003/2024(H5N1)	72	T	G	160	19	43	2	2	32	0.0123457	162	0.0779353	FALSE	PA:cds-XAJ25422.1	TAT	Y	TAG	*	24
PA|PP755594.1|A/cattle/Texas/24-008749-003/2024(H5N1)	72	T	G	160	19	43	2	2	32	0.0123457	162	0.0779353	FALSE	PA-X:cds-XAJ25423.1	TAT	Y	TAG	*	24
PA|PP755594.1|A/cattle/Texas/24-008749-003/2024(H5N1)	93	G	A	1	0	29	173	29	45	0.994253	174	2.60745e-151	TRUE	PA:cds-XAJ25422.1	GAG	E	GAA	E	31
PA|PP755594.1|A/cattle/Texas/24-008749-003/2024(H5N1)	93	G	A	1	0	29	173	29	45	0.994253	174	2.60745e-151	TRUE	PA-X:cds-XAJ25423.1	GAG	E	GAA	E	31
PA|PP755594.1|A/cattle/Texas/24-008749-003/2024(H5N1)	94	A	G	170	29	45	2	0	40	0.0116279	172	0.0866828	FALSE	PA:cds-XAJ25422.1	ACA	T	GCA	A	32
PA|PP755594.1|A/cattle/Texas/24-008749-003/2024(H5N1)	94	A	G	170	29	45	2	0	40	0.0116279	172	0.0866828	FALSE	PA-X:cds-XAJ25423.1	ACA	T	GCA	A	32
PA|PP755594.1|A/cattle/Texas/24-008749-003/2024(H5N1)	96	A	T	0	0	0	173	28	45	1	173	2.12777e-153	TRUE	PA:cds-XAJ25422.1	ACA	T	ACT	T	32
PA|PP755594.1|A/cattle/Texas/24-008749-003/2024(H5N1)	96	A	T	0	0	0	173	28	45	1	173	2.12777e-153	TRUE	PA-X:cds-XAJ25423.1	ACA	T	ACT	T	32
PA|PP755594.1|A/cattle/Texas/24-008749-003/2024(H5N1)	102	A	G	0	0	0	178	30	44	1	178	1.23116e-156	TRUE	PA:cds-XAJ25422.1	AAA	K	AAG	K	34
PA|PP755594.1|A/cattle/Texas/24-008749-003/2024(H5N1)	102	A	G	0	0	0	178	30	44	1	178	1.23116e-156	TRUE	PA-X:cds-XAJ25423.1	AAA	K	AAG	K	34
PA|PP755594.1|A/cattle/Texas/24-008749-003/2024(H5N1)	105	T	C	0	0	0	178	30	44	1	178	2.97447e-157	TRUE	PA:cds-XAJ25422.1	TTT	F	TTC	F	35
PA|PP755594.1|A/cattle/Texas/24-008749-003/2024(H5N1)	105	T	C	0	0	0	178	30	44	1	178	2.97447e-157	TRUE	PA-X:cds-XAJ25423.1	TTT	F	TTC	F	35
PA|PP755594.1|A/cattle/Texas/24-008749-003/2024(H5N1)	108	C	T	0	0	0	179	32	44	1	179	1.51965e-158	TRUE	PA:cds-XAJ25422.1	GCC	A	GCT	A	36
PA|PP755594.1|A/cattle/Texas/24-008749-003/2024(H5N1)	108	C	T	0	0	0	179	32	44	1	179	1.51965e-158	TRUE	PA-X:cds-XAJ25423.1	GCC	A	GCT	A	36
PA|PP755594.1|A/cattle/Texas/24-008749-003/2024(H5N1)	120	A	T	0	0	0	216	53	44	1	216	3.59508e-166	TRUE	PA:cds-XAJ25422.1	ACA	T	ACT	T	40
PA|PP755594.1|A/cattle/Texas/24-008749-003/2024(H5N1)	120	A	T	0	0	0	216	53	44	1	216	3.59508e-166	TRUE	PA-X:cds-XAJ25423.1	ACA	T	ACT	T	40
PA|PP755594.1|A/cattle/Texas/24-008749-003/2024(H5N1)	123	C	T	1	1	64	214	52	44	0.995349	215	3.66312e-164	TRUE	PA:cds-XAJ25422.1	CAC	H	CAT	H	41
PA|PP755594.1|A/cattle/Texas/24-008749-003/2024(H5N1)	123	C	T	1	1	64	214	52	44	0.995349	215	3.66312e-164	TRUE	PA-X:cds-XAJ25423.1	CAC	H	CAT	H	41
PA|PP755594.1|A/cattle/Texas/24-008749-003/2024(H5N1)	126	A	G	0	0	0	214	53	44	1	214	1.0837e-166	TRUE	PA:cds-XAJ25422.1	TTA	L	TTG	L	42
PA|PP755594.1|A/cattle/Texas/24-008749-003/2024(H5N1)	126	A	G	0	0	0	214	53	44	1	214	1.0837e-166	TRUE	PA-X:cds-XAJ25423.1	TTA	L	TTG	L	42
PA|PP755594.1|A/cattle/Texas/24-008749-003/2024(H5N1)	159	T	C	0	0	0	254	118	40	1	254	3.96097e-164	TRUE	PA:cds-XAJ25422.1	TTT	F	TTC	F	53
PA|PP755594.1|A/cattle/Texas/24-008749-003/2024(H5N1)	159	T	C	0	0	0	254	118	40	1	254	3.96097e-164	TRUE	PA-X:cds-XAJ25423.1	TTT	F	TTC	F	53
PA|PP755594.1|A/cattle/Texas/24-008749-003/2024(H5N1)	165	C	T	6	1	38	244	111	42	0.976	250	5.7601e-149	TRUE	PA:cds-XAJ25422.1	GAC	D	GAT	D	55
PA|PP755594.1|A/cattle/Texas/24-008749-003/2024(H5N1)	165	C	T	6	1	38	244	111	42	0.976	250	5.7601e-149	TRUE	PA-X:cds-XAJ25423.1	GAC	D	GAT	D	55
PA|PP755594.1|A/cattle/Texas/24-008749-003/2024(H5N1)	169	C	T	242	119	42	13	2	40	0.0507812	256	5.69974e-05	TRUE	PA:cds-XAJ25422.1	CGA	R	TGA	*	57
PA|PP755594.1|A/cattle/Texas/24-008749-003/2024(H5N1)	169	C	T	242	119	42	13	2	40	0.0507812	256	5.69974e-05	TRUE	PA-X:cds-XAJ25423.1	CGA	R	TGA	*	57
PA|PP755594.1|A/cattle/Texas/24-008749-003/2024(H5N1)	171	A	G	0	0	0	242	116	42	1	242	2.89242e-155	TRUE	PA:cds-XAJ25422.1	CGA	R	CGG	R	57
PA|PP755594.1|A/cattle/Texas/24-008749-003/2024(H5N1)	171	A	G	0	0	0	242	116	42	1	242	2.89242e-155	TRUE	PA-X:cds-XAJ25423.1	CGA	R	CGG	R	57
PA|PP755594.1|A/cattle/Texas/24-008749-003/2024(H5N1)	183	G	A	0	0	0	236	116	41	1	236	4.32909e-168	TRUE	PA:cds-XAJ25422.1	ATG	M	ATA	I	61
PA|PP755594.1|A/cattle/Texas/24-008749-003/2024(H5N1)	183	G	A	0	0	0	236	116	41	1	236	4.32909e-168	TRUE	PA-X:cds-XAJ25423.1	ATG	M	ATA	I	61
PA|PP755594.1|A/cattle/Texas/24-008749-003/2024(H5N1)	189	A	G	0	0	0	310	112	40	0.996785	311	6.81266e-193	TRUE	PA:cds-XAJ25422.1	GTA	V	GTG	V	63
PA|PP755594.1|A/cattle/Texas/24-008749-003/2024(H5N1)	189	A	G	0	0	0	310	112	40	0.996785	311	6.81266e-193	TRUE	PA-X:cds-XAJ25423.1	GTA	V	GTG	V	63
PA|PP755594.1|A/cattle/Texas/24-008749-003/2024(H5N1)	211	T	C	3	3	34	252	79	40	0.988235	255	2.08951e-150	TRUE	PA:cds-XAJ25422.1	TTA	L	CTA	L	71
PA|PP755594.1|A/cattle/Texas/24-008749-003/2024(H5N1)	211	T	C	3	3	34	252	79	40	0.988235	255	2.08951e-150	TRUE	PA-X:cds-XAJ25423.1	TTA	L	CTA	L	71
PA|PP755594.1|A/cattle/Texas/24-008749-003/2024(H5N1)	214	T	C	0	0	0	235	82	36	1	235	3.97014e-149	TRUE	PA:cds-XAJ25422.1	TTG	L	CTG	L	72
PA|PP755594.1|A/cattle/Texas/24-008749-003/2024(H5N1)	214	T	C	0	0	0	235	82	36	1	235	3.97014e-149	TRUE	PA-X:cds-XAJ25423.1	TTG	L	CTG	L	72
PA|PP755594.1|A/cattle/Texas/24-008749-003/2024(H5N1)	219	A	G	0	0	0	247	81	40	1	247	5.93438e-151	TRUE	PA:cds-XAJ25422.1	AAA	K	AAG	K	73
PA|PP755594.1|A/cattle/Texas/24-008749-003/2024(H5N1)	219	A	G	0	0	0	247	81	40	1	247	5.93438e-151	TRUE	PA-X:cds-XAJ25423.1	AAA	K	AAG	K	73
PA|PP755594.1|A/cattle/Texas/24-008749-003/2024(H5N1)	222	C	T	0	0	0	241	80	41	1	241	1.6626e-148	TRUE	PA:cds-XAJ25422.1	CAC	H	CAT	H	74
PA|PP755594.1|A/cattle/Texas/24-008749-003/2024(H5N1)	222	C	T	0	0	0	241	80	41	1	241	1.6626e-148	TRUE	PA-X:cds-XAJ25423.1	CAC	H	CAT	H	74
PA|PP755594.1|A/cattle/Texas/24-008749-003/2024(H5N1)	237	C	T	4	3	40	241	77	41	0.979675	246	4.67804e-142	TRUE	PA:cds-XAJ25422.1	ATC	I	ATT	I	79
PA|PP755594.1|A/cattle/Texas/24-008749-003/2024(H5N1)	237	C	T	4	3	40	241	77	41	0.979675	246	4.67804e-142	TRUE	PA-X:cds-XAJ25423.1	ATC	I	ATT	I	79
PA|PP755594.1|A/cattle/Texas/24-008749-003/2024(H5N1)	243	G	A	0	0	0	225	69	40	0.995575	226	3.72718e-141	TRUE	PA:cds-XAJ25422.1	GGG	G	GGA	G	81
PA|PP755594.1|A/cattle/Texas/24-008749-003/2024(H5N1)	243	G	A	0	0	0	225	69	40	0.995575	226	3.72718e-141	TRUE	PA-X:cds-XAJ25423.1	GGG	G	GGA	G	81
PA|PP755594.1|A/cattle/Texas/24-008749-003/2024(H5N1)	245	G	T	185	28	38	5	5	24	0.0263158	190	0.133168	FALSE	PA:cds-XAJ25422.1	AGA	R	ATA	I	82
PA|PP755594.1|A/cattle/Texas/24-008749-003/2024(H5N1)	245	G	T	185	28	38	5	5	24	0.0263158	190	0.133168	FALSE	PA-X:cds-XAJ25423.1	AGA	R	ATA	I	82
PA|PP755594.1|A/cattle/Texas/24-008749-003/2024(H5N1)	250	C	A	0	0	0	222	68	40	0.995516	223	1.68474e-136	TRUE	PA:cds-XAJ25422.1	CGA	R	AGA	R	84
PA|PP755594.1|A/cattle/Texas/24-008749-003/2024(H5N1)	250	C	A	0	0	0	222	68	40	0.995516	223	1.68474e-136	TRUE	PA-X:cds-XAJ25423.1	CGA	R	AGA	R	84
PA|PP755594.1|A/cattle/Texas/24-008749-003/2024(H5N1)	253	G	A	0	0	0	222	68	40	1	222	3.28308e-136	TRUE	PA:cds-XAJ25422.1	GCA	A	ACA	T	85
PA|PP755594.1|A/cattle/Texas/24-008749-003/2024(H5N1)	253	G	A	0	0	0	222	68	40	1	222	3.28308e-136	TRUE	PA-X:cds-XAJ25423.1	GCA	A	ACA	T	85
PA|PP755594.1|A/cattle/Texas/24-008749-003/2024(H5N1)	261	C	T	0	0	0	228	80	41	1	228	1.09804e-140	TRUE	PA:cds-XAJ25422.1	GCC	A	GCT	A	87
PA|PP755594.1|A/cattle/Texas/24-008749-003/2024(H5N1)	261	C	T	0	0	0	228	80	41	1	228	1.09804e-140	TRUE	PA-X:cds-XAJ25423.1	GCC	A	GCT	A	87
PA|PP755594.1|A/cattle/Texas/24-008749-003/2024(H5N1)	273	G	A	0	0	0	192	63	40	1	192	2.57054e-119	TRUE	PA:cds-XAJ25422.1	GTG	V	GTA	V	91
PA|PP755594.1|A/cattle/Texas/24-008749-003/2024(H5N1)	273	G	A	0	0	0	192	63	40	1	192	2.57054e-119	TRUE	PA-X:cds-XAJ25423.1	GTG	V	GTA	V	91
PA|PP755594.1|A/cattle/Texas/24-008749-003/2024(H5N1)	279	T	C	0	0	0	173	49	41	1	173	6.92295e-108	TRUE	PA:cds-XAJ25422.1	AGT	S	AGC	S	93
PA|PP755594.1|A/cattle/Texas/24-008749-003/2024(H5N1)	279	T	C	0	0	0	173	49	41	1	173	6.92295e-108	TRUE	PA-X:cds-XAJ25423.1	AGT	S	AGC	S	93
PA|PP755594.1|A/cattle/Texas/24-008749-003/2024(H5N1)	294	A	G	0	0	0	141	37	41	1	141	3.19514e-87	TRUE	PA:cds-XAJ25422.1	ACA	T	ACG	T	98
PA|PP755594.1|A/cattle/Texas/24-008749-003/2024(H5N1)	294	A	G	0	0	0	141	37	41	1	141	3.19514e-87	TRUE	PA-X:cds-XAJ25423.1	ACA	T	ACG	T	98
PA|PP755594.1|A/cattle/Texas/24-008749-003/2024(H5N1)	297	G	A	3	0	34	136	37	41	0.978417	139	5.53294e-80	TRUE	PA:cds-XAJ25422.1	GGG	G	GGA	G	99
PA|PP755594.1|A/cattle/Texas/24-008749-003/2024(H5N1)	297	G	A	3	0	34	136	37	41	0.978417	139	5.53294e-80	TRUE	PA-X:cds-XAJ25423.1	GGG	G	GGA	G	99
PA|PP755594.1|A/cattle/Texas/24-008749-003/2024(H5N1)	303	A	G	0	0	0	135	36	41	1	135	2.49293e-83	TRUE	PA:cds-XAJ25422.1	GAA	E	GAG	E	101
PA|PP755594.1|A/cattle/Texas/24-008749-003/2024(H5N1)	303	A	G	0	0	0	135	36	41	1	135	2.49293e-83	TRUE	PA-X:cds-XAJ25423.1	GAA	E	GAG	E	101
PA|PP755594.1|A/cattle/Texas/24-008749-003/2024(H5N1)	312	A	G	1	0	40	129	37	41	0.992308	130	1.84251e-78	TRUE	PA:cds-XAJ25422.1	AAA	K	AAG	K	104
PA|PP755594.1|A/cattle/Texas/24-008749-003/2024(H5N1)	312	A	G	1	0	40	129	37	41	0.992308	130	1.84251e-78	TRUE	PA-X:cds-XAJ25423.1	AAA	K	AAG	K	104
PA|PP755594.1|A/cattle/Texas/24-008749-003/2024(H5N1)	318	C	T	0	0	0	119	36	42	1	119	2.78779e-74	TRUE	PA:cds-XAJ25422.1	CTC	L	CTT	L	106
PA|PP755594.1|A/cattle/Texas/24-008749-003/2024(H5N1)	318	C	T	0	0	0	119	36	42	1	119	2.78779e-74	TRUE	PA-X:cds-XAJ25423.1	CTC	L	CTT	L	106
PA|PP755594.1|A/cattle/Texas/24-008749-003/2024(H5N1)	333	C	T	0	0	0	49	30	39	1	49	1.01099e-29	TRUE	PA:cds-XAJ25422.1	GAC	D	GAT	D	111
PA|PP755594.1|A/cattle/Texas/24-008749-003/2024(H5N1)	333	C	T	0	0	0	49	30	39	1	49	1.01099e-29	TRUE	PA-X:cds-XAJ25423.1	GAC	D	GAT	D	111
PA|PP755594.1|A/cattle/Texas/24-008749-003/2024(H5N1)	338	G	A	0	0	0	48	30	39	1	48	7.85003e-29	TRUE	PA:cds-XAJ25422.1	AGA	R	AAA	K	113
PA|PP755594.1|A/cattle/Texas/24-008749-003/2024(H5N1)	338	G	A	0	0	0	48	30	39	1	48	7.85003e-29	TRUE	PA-X:cds-XAJ25423.1	AGA	R	AAA	K	113
PA|PP755594.1|A/cattle/Texas/24-008749-003/2024(H5N1)	339	A	G	0	0	0	50	32	38	1	50	1.98233e-29	TRUE	PA:cds-XAJ25422.1	AGA	R	AGG	R	113
PA|PP755594.1|A/cattle/Texas/24-008749-003/2024(H5N1)	339	A	G	0	0	0	50	32	38	1	50	1.98233e-29	TRUE	PA-X:cds-XAJ25423.1	AGA	R	AGG	R	113
PA|PP755594.1|A/cattle/Texas/24-008749-003/2024(H5N1)	346	A	C	0	0	0	48	31	39	1	48	7.85003e-29	TRUE	PA:cds-XAJ25422.1	AGA	R	CGA	R	116
PA|PP755594.1|A/cattle/Texas/24-008749-003/2024(H5N1)	346	A	C	0	0	0	48	31	39	1	48	7.85003e-29	TRUE	PA-X:cds-XAJ25423.1	AGA	R	CGA	R	116
PA|PP755594.1|A/cattle/Texas/24-008749-003/2024(H5N1)	357	A	G	0	0	0	44	30	39	1	44	7.61948e-26	TRUE	PA:cds-XAJ25422.1	GAA	E	GAG	E	119
PA|PP755594.1|A/cattle/Texas/24-008749-003/2024(H5N1)	357	A	G	0	0	0	44	30	39	1	44	7.61948e-26	TRUE	PA-X:cds-XAJ25423.1	GAA	E	GAG	E	119
PA|PP755594.1|A/cattle/Texas/24-008749-003/2024(H5N1)	420	A	C	0	0	0	92	62	42	1	92	6.16945e-60	TRUE	PA:cds-XAJ25422.1	TCA	S	TCC	S	140
PA|PP755594.1|A/cattle/Texas/24-008749-003/2024(H5N1)	420	A	C	0	0	0	92	62	42	1	92	6.16945e-60	TRUE	PA-X:cds-XAJ25423.1	TCA	S	TCC	S	140
PA|PP755594.1|A/cattle/Texas/24-008749-003/2024(H5N1)	426	A	G	0	0	0	94	62	39	1	94	2.41529e-60	TRUE	PA:cds-XAJ25422.1	AAA	K	AAG	K	142
PA|PP755594.1|A/cattle/Texas/24-008749-003/2024(H5N1)	426	A	G	0	0	0	94	62	39	1	94	2.41529e-60	TRUE	PA-X:cds-XAJ25423.1	AAA	K	AAG	K	142
PA|PP755594.1|A/cattle/Texas/24-008749-003/2024(H5N1)	432	T	C	0	0	0	91	66	41	1	91	6.82429e-57	TRUE	PA:cds-XAJ25422.1	CAT	H	CAC	H	144
PA|PP755594.1|A/cattle/Texas/24-008749-003/2024(H5N1)	432	T	C	0	0	0	91	66	41	1	91	6.82429e-57	TRUE	PA-X:cds-XAJ25423.1	CAT	H	CAC	H	144
PA|PP755594.1|A/cattle/Texas/24-008749-003/2024(H5N1)	435	T	C	0	0	0	91	66	41	1	91	6.82429e-57	TRUE	PA:cds-XAJ25422.1	ATT	I	ATC	I	145
PA|PP755594.1|A/cattle/Texas/24-008749-003/2024(H5N1)	435	T	C	0	0	0	91	66	41	1	91	6.82429e-57	TRUE	PA-X:cds-XAJ25423.1	ATT	I	ATC	I	145
PA|PP755594.1|A/cattle/Texas/24-008749-003/2024(H5N1)	441	A	C	0	0	0	95	66	42	1	95	5.16245e-59	TRUE	PA:cds-XAJ25422.1	ATA	I	ATC	I	147
PA|PP755594.1|A/cattle/Texas/24-008749-003/2024(H5N1)	441	A	C	0	0	0	95	66	42	1	95	5.16245e-59	TRUE	PA-X:cds-XAJ25423.1	ATA	I	ATC	I	147
PA|PP755594.1|A/cattle/Texas/24-008749-003/2024(H5N1)	450	C	T	0	0	0	99	66	43	1	99	4.39886e-63	TRUE	PA:cds-XAJ25422.1	TTC	F	TTT	F	150
PA|PP755594.1|A/cattle/Texas/24-008749-003/2024(H5N1)	450	C	T	0	0	0	99	66	43	1	99	4.39886e-63	TRUE	PA-X:cds-XAJ25423.1	TTC	F	TTT	F	150
PA|PP755594.1|A/cattle/Texas/24-008749-003/2024(H5N1)	456	A	G	1	1	24	94	63	41	0.989474	95	3.64229e-59	TRUE	PA:cds-XAJ25422.1	GGA	G	GGG	G	152
PA|PP755594.1|A/cattle/Texas/24-008749-003/2024(H5N1)	456	A	G	1	1	24	94	63	41	0.989474	95	3.64229e-59	TRUE	PA-X:cds-XAJ25423.1	GGA	G	GGG	G	152
PA|PP755594.1|A/cattle/Texas/24-008749-003/2024(H5N1)	459	G	A	0	0	0	95	69	42	1	95	5.16245e-59	TRUE	PA:cds-XAJ25422.1	GAG	E	GAA	E	153
PA|PP755594.1|A/cattle/Texas/24-008749-003/2024(H5N1)	459	G	A	0	0	0	95	69	42	1	95	5.16245e-59	TRUE	PA-X:cds-XAJ25423.1	GAG	E	GAA	E	153
PA|PP755594.1|A/cattle/Texas/24-008749-003/2024(H5N1)	469	A	C	98	68	41	1	1	40	0.010101	99	0.485294	FALSE	PA:cds-XAJ25422.1	ACC	T	CCC	P	157
PA|PP755594.1|A/cattle/Texas/24-008749-003/2024(H5N1)	469	A	C	98	68	41	1	1	40	0.010101	99	0.485294	FALSE	PA-X:cds-XAJ25423.1	ACC	T	CCC	P	157
PA|PP755594.1|A/cattle/Texas/24-008749-003/2024(H5N1)	471	C	T	0	0	0	96	66	41	1	96	1.8218e-58	TRUE	PA:cds-XAJ25422.1	ACC	T	ACT	T	157
PA|PP755594.1|A/cattle/Texas/24-008749-003/2024(H5N1)	471	C	T	0	0	0	96	66	41	1	96	1.8218e-58	TRUE	PA-X:cds-XAJ25423.1	ACC	T	ACT	T	157
PA|PP755594.1|A/cattle/Texas/24-008749-003/2024(H5N1)	474	G	A	0	0	0	96	66	41	1	96	1.8218e-58	TRUE	PA:cds-XAJ25422.1	AAG	K	AAA	K	158
PA|PP755594.1|A/cattle/Texas/24-008749-003/2024(H5N1)	474	G	A	0	0	0	96	66	41	1	96	1.8218e-58	TRUE	PA-X:cds-XAJ25423.1	AAG	K	AAA	K	158
PA|PP755594.1|A/cattle/Texas/24-008749-003/2024(H5N1)	477	G	A	0	0	0	96	66	41	1	96	1.8218e-58	TRUE	PA:cds-XAJ25422.1	GCG	A	GCA	A	159
PA|PP755594.1|A/cattle/Texas/24-008749-003/2024(H5N1)	477	G	A	0	0	0	96	66	41	1	96	1.8218e-58	TRUE	PA-X:cds-XAJ25423.1	GCG	A	GCA	A	159
PA|PP755594.1|A/cattle/Texas/24-008749-003/2024(H5N1)	491	A	G	93	65	42	1	0	40	0.0106383	94	0.479592	FALSE	PA:cds-XAJ25422.1	GAT	D	GGT	G	164
PA|PP755594.1|A/cattle/Texas/24-008749-003/2024(H5N1)	491	A	G	93	65	42	1	0	40	0.0106383	94	0.479592	FALSE	PA-X:cds-XAJ25423.1	GAT	D	GGT	G	164
PA|PP755594.1|A/cattle/Texas/24-008749-003/2024(H5N1)	492	T	C	0	0	0	94	65	41	1	94	3.95442e-58	TRUE	PA:cds-XAJ25422.1	GAT	D	GAC	D	164
PA|PP755594.1|A/cattle/Texas/24-008749-003/2024(H5N1)	492	T	C	0	0	0	94	65	41	1	94	3.95442e-58	TRUE	PA-X:cds-XAJ25423.1	GAT	D	GAC	D	164
PA|PP755594.1|A/cattle/Texas/24-008749-003/2024(H5N1)	493	G	T	82	53	36	1	1	24	0.0120482	83	0.700048	FALSE	PA:cds-XAJ25422.1	GAA	E	TAA	*	165
PA|PP755594.1|A/cattle/Texas/24-008749-003/2024(H5N1)	493	G	T	82	53	36	1	1	24	0.0120482	83	0.700048	FALSE	PA-X:cds-XAJ25423.1	GAA	E	TAA	*	165
PA|PP755594.1|A/cattle/Texas/24-008749-003/2024(H5N1)	494	A	G	95	67	41	1	0	40	0.0104167	96	0.48731	FALSE	PA:cds-XAJ25422.1	GAA	E	GGA	G	165
PA|PP755594.1|A/cattle/Texas/24-008749-003/2024(H5N1)	494	A	G	95	67	41	1	0	40	0.0104167	96	0.48731	FALSE	PA-X:cds-XAJ25423.1	GAA	E	GGA	G	165
PA|PP755594.1|A/cattle/Texas/24-008749-003/2024(H5N1)	498	G	A	0	0	0	96	67	41	1	96	1.29502e-59	TRUE	PA:cds-XAJ25422.1	GAG	E	GAA	E	166
PA|PP755594.1|A/cattle/Texas/24-008749-003/2024(H5N1)	498	G	A	0	0	0	96	67	41	1	96	1.29502e-59	TRUE	PA-X:cds-XAJ25423.1	GAG	E	GAA	E	166
PA|PP755594.1|A/cattle/Texas/24-008749-003/2024(H5N1)	510	A	G	0	0	0	93	63	42	1	93	1.57569e-57	TRUE	PA:cds-XAJ25422.1	AGA	R	AGG	R	170
PA|PP755594.1|A/cattle/Texas/24-008749-003/2024(H5N1)	510	A	G	0	0	0	93	63	42	1	93	1.57569e-57	TRUE	PA-X:cds-XAJ25423.1	AGA	R	AGG	R	170
PA|PP755594.1|A/cattle/Texas/24-008749-003/2024(H5N1)	513	A	T	0	0	0	89	60	39	1	89	8.58411e-57	TRUE	PA:cds-XAJ25422.1	ATA	I	ATT	I	171
PA|PP755594.1|A/cattle/Texas/24-008749-003/2024(H5N1)	513	A	T	0	0	0	89	60	39	1	89	8.58411e-57	TRUE	PA-X:cds-XAJ25423.1	ATA	I	ATT	I	171
PA|PP755594.1|A/cattle/Texas/24-008749-003/2024(H5N1)	522	A	G	0	0	0	99	64	42	1	99	2.94143e-62	TRUE	PA:cds-XAJ25422.1	AGA	R	AGG	R	174
PA|PP755594.1|A/cattle/Texas/24-008749-003/2024(H5N1)	522	A	G	0	0	0	99	64	42	1	99	2.94143e-62	TRUE	PA-X:cds-XAJ25423.1	AGA	R	AGG	R	174
PA|PP755594.1|A/cattle/Texas/24-008749-003/2024(H5N1)	525	G	A	0	0	0	103	65	41	1	103	8.09112e-64	TRUE	PA:cds-XAJ25422.1	CTG	L	CTA	L	175
PA|PP755594.1|A/cattle/Texas/24-008749-003/2024(H5N1)	525	G	A	0	0	0	103	65	41	1	103	8.09112e-64	TRUE	PA-X:cds-XAJ25423.1	CTG	L	CTA	L	175
PA|PP755594.1|A/cattle/Texas/24-008749-003/2024(H5N1)	552	T	C	0	0	0	109	59	41	1	109	4.21781e-69	TRUE	PA:cds-XAJ25422.1	AGT	S	AGC	S	184
PA|PP755594.1|A/cattle/Texas/24-008749-003/2024(H5N1)	552	T	C	0	0	0	109	59	41	1	109	4.21781e-69	TRUE	PA-X:cds-XAJ25423.1	AGT	S	AGC	S	184
PA|PP755594.1|A/cattle/Texas/24-008749-003/2024(H5N1)	555	A	G	0	0	0	103	54	41	1	103	7.76518e-67	TRUE	PA:cds-XAJ25422.1	AGA	R	AGG	R	185
PA|PP755594.1|A/cattle/Texas/24-008749-003/2024(H5N1)	555	A	G	0	0	0	103	54	41	1	103	7.76518e-67	TRUE	PA-X:cds-XAJ25423.1	AGA	R	AGG	R	185
PA|PP755594.1|A/cattle/Texas/24-008749-003/2024(H5N1)	578	A	G	96	34	46	1	1	40	0.0103093	97	0.449074	FALSE	PA:cds-XAJ25422.1	CAA	Q	CGA	R	193
PA|PP755594.1|A/cattle/Texas/24-008749-003/2024(H5N1)	578	A	G	96	34	46	1	1	40	0.0103093	97	0.449074	FALSE	PA-X:cds-XAJ25423.1	AAT	N	GAT	D	3
PA|PP755594.1|A/cattle/Texas/24-008749-003/2024(H5N1)	579	A	G	0	0	0	101	35	46	1	101	1.24927e-65	TRUE	PA:cds-XAJ25422.1	CAA	Q	CAG	Q	193
PA|PP755594.1|A/cattle/Texas/24-008749-003/2024(H5N1)	579	A	G	0	0	0	101	35	46	1	101	1.24927e-65	TRUE	PA-X:cds-XAJ25423.1	AAT	N	AGT	S	3
PA|PP755594.1|A/cattle/Texas/24-008749-003/2024(H5N1)	581	C	A	97	38	45	1	0	24	0.0102041	98	0.689128	FALSE	PA:cds-XAJ25422.1	TCC	S	TAC	Y	194
PA|PP755594.1|A/cattle/Texas/24-008749-003/2024(H5N1)	581	C	A	97	38	45	1	0	24	0.0102041	98	0.689128	FALSE	PA-X:cds-XAJ25423.1	CCG	P	ACG	T	4
PA|PP755594.1|A/cattle/Texas/24-008749-003/2024(H5N1)	585	G	A	0	0	0	97	37	46	1	97	5.35141e-64	TRUE	PA:cds-XAJ25422.1	GAG	E	GAA	E	195
PA|PP755594.1|A/cattle/Texas/24-008749-003/2024(H5N1)	585	G	A	0	0	0	97	37	46	1	97	5.35141e-64	TRUE	PA-X:cds-XAJ25423.1	AGA	R	AAA	K	5
PA|PP755594.1|A/cattle/Texas/24-008749-003/2024(H5N1)	595	G	T	95	30	42	1	1	24	0.0104167	96	0.683437	FALSE	PA:cds-XAJ25422.1	GAG	E	TAG	*	199
PA|PP755594.1|A/cattle/Texas/24-008749-003/2024(H5N1)	595	G	T	95	30	42	1	1	24	0.0104167	96	0.683437	FALSE	PA-X:cds-XAJ25423.1	AAG	K	AAT	N	8
PA|PP755594.1|A/cattle/Texas/24-008749-003/2024(H5N1)	602	T	C	99	37	45	1	0	80	0.01	100	0.465116	FALSE	PA:cds-XAJ25422.1	ATT	I	ACT	T	201
PA|PP755594.1|A/cattle/Texas/24-008749-003/2024(H5N1)	602	T	C	99	37	45	1	0	80	0.01	100	0.465116	FALSE	PA-X:cds-XAJ25423.1	TTG	L	CTG	L	11
PA|PP755594.1|A/cattle/Texas/24-008749-003/2024(H5N1)	622	A	G	93	40	43	2	0	40	0.0210526	95	0.228939	FALSE	PA:cds-XAJ25422.1	ACA	T	GCA	A	208
PA|PP755594.1|A/cattle/Texas/24-008749-003/2024(H5N1)	622	A	G	93	40	43	2	0	40	0.0210526	95	0.228939	FALSE	PA-X:cds-XAJ25423.1	TCA	S	TCG	S	17
PA|PP755594.1|A/cattle/Texas/24-008749-003/2024(H5N1)	623	C	A	91	40	40	1	0	40	0.0108696	92	0.469388	FALSE	PA:cds-XAJ25422.1	ACA	T	AAA	K	208
PA|PP755594.1|A/cattle/Texas/24-008749-003/2024(H5N1)	623	C	A	91	40	40	1	0	40	0.0108696	92	0.469388	FALSE	PA-X:cds-XAJ25423.1	CAG	Q	AAG	K	18
PA|PP755594.1|A/cattle/Texas/24-008749-003/2024(H5N1)	642	T	C	88	28	42	1	1	80	0.011236	89	0.481081	FALSE	PA:cds-XAJ25422.1	CTT	L	CTC	L	214
PA|PP755594.1|A/cattle/Texas/24-008749-003/2024(H5N1)	642	T	C	88	28	42	1	1	80	0.011236	89	0.481081	FALSE	PA-X:cds-XAJ25423.1	TTG	L	TCG	S	24
PA|PP755594.1|A/cattle/Texas/24-008749-003/2024(H5N1)	655	A	C	0	0	0	88	35	44	1	88	9.93442e-57	TRUE	PA:cds-XAJ25422.1	ATT	I	CTT	L	219
PA|PP755594.1|A/cattle/Texas/24-008749-003/2024(H5N1)	655	A	C	0	0	0	88	35	44	1	88	9.93442e-57	TRUE	PA-X:cds-XAJ25423.1	GTA	V	GTC	V	28
PA|PP755594.1|A/cattle/Texas/24-008749-003/2024(H5N1)	657	T	C	0	0	0	79	35	40	1	79	2.36545e-53	TRUE	PA:cds-XAJ25422.1	ATT	I	ATC	I	219
PA|PP755594.1|A/cattle/Texas/24-008749-003/2024(H5N1)	657	T	C	0	0	0	79	35	40	1	79	2.36545e-53	TRUE	PA-X:cds-XAJ25423.1	TTC	F	TCC	S	29
PA|PP755594.1|A/cattle/Texas/24-008749-003/2024(H5N1)	658	C	A	87	36	42	1	0	24	0.0113636	88	0.707897	FALSE	PA:cds-XAJ25422.1	CCA	P	ACA	T	220
PA|PP755594.1|A/cattle/Texas/24-008749-003/2024(H5N1)	658	C	A	87	36	42	1	0	24	0.0113636	88	0.707897	FALSE	PA-X:cds-XAJ25423.1	TTC	F	TTA	L	29
PA|PP755594.1|A/cattle/Texas/24-008749-003/2024(H5N1)	671	C	A	65	36	38	2	0	24	0.0298507	67	0.171661	FALSE	PA:cds-XAJ25422.1	TCC	S	TAC	Y	224
PA|PP755594.1|A/cattle/Texas/24-008749-003/2024(H5N1)	671	C	A	65	36	38	2	0	24	0.0298507	67	0.171661	FALSE	PA-X:cds-XAJ25423.1	CCA	P	ACA	T	34
PA|PP755594.1|A/cattle/Texas/24-008749-003/2024(H5N1)	725	T	G	79	37	42	1	1	24	0.0125	80	0.481928	FALSE	PA:cds-XAJ25422.1	ATT	I	AGT	S	242
PA|PP755594.1|A/cattle/Texas/24-008749-003/2024(H5N1)	725	T	G	79	37	42	1	1	24	0.0125	80	0.481928	FALSE	PA-X:cds-XAJ25423.1	TTG	L	GTG	V	52
PA|PP755594.1|A/cattle/Texas/24-008749-003/2024(H5N1)	727	G	+C	76	34	42	2	0	20	0.0229885	87	0.224675	FALSE	NA	NA	NA	NA	NA	NA
PA|PP755594.1|A/cattle/Texas/24-008749-003/2024(H5N1)	730	G	T	72	30	39	1	1	24	0.0136986	73	0.467949	FALSE	PA:cds-XAJ25422.1	GGC	G	TGC	C	244
PA|PP755594.1|A/cattle/Texas/24-008749-003/2024(H5N1)	730	G	T	72	30	39	1	1	24	0.0136986	73	0.467949	FALSE	PA-X:cds-XAJ25423.1	AGG	R	AGT	S	53
PA|PP755594.1|A/cattle/Texas/24-008749-003/2024(H5N1)	750	A	C	0	0	0	89	41	41	1	89	7.65248e-55	TRUE	PA:cds-XAJ25422.1	TCA	S	TCC	S	250
PA|PP755594.1|A/cattle/Texas/24-008749-003/2024(H5N1)	750	A	C	0	0	0	89	41	41	1	89	7.65248e-55	TRUE	PA-X:cds-XAJ25423.1	CAA	Q	CCA	P	60
PA|PP755594.1|A/cattle/Texas/24-008749-003/2024(H5N1)	756	G	A	0	0	0	87	40	42	1	87	7.37006e-56	TRUE	PA:cds-XAJ25422.1	GAG	E	GAA	E	252
PA|PP755594.1|A/cattle/Texas/24-008749-003/2024(H5N1)	756	G	A	0	0	0	87	40	42	1	87	7.37006e-56	TRUE	PA-X:cds-XAJ25423.1	AGG	R	AAG	K	62
PA|PP755594.1|A/cattle/Texas/24-008749-003/2024(H5N1)	774	G	A	0	0	0	109	66	43	1	109	1.50633e-68	TRUE	PA:cds-XAJ25422.1	GAG	E	GAA	E	258
PA|PP755594.1|A/cattle/Texas/24-008749-003/2024(H5N1)	781	C	T	0	0	0	111	67	40	1	111	3.43192e-69	TRUE	PA:cds-XAJ25422.1	CTG	L	TTG	L	261
PA|PP755594.1|A/cattle/Texas/24-008749-003/2024(H5N1)	806	G	A	0	0	0	111	58	41	1	111	1.26669e-68	TRUE	PA:cds-XAJ25422.1	AGA	R	AAA	K	269
PA|PP755594.1|A/cattle/Texas/24-008749-003/2024(H5N1)	810	A	G	0	0	0	111	58	42	1	111	6.58021e-69	TRUE	PA:cds-XAJ25422.1	TTA	L	TTG	L	270
PA|PP755594.1|A/cattle/Texas/24-008749-003/2024(H5N1)	822	T	C	0	0	0	108	57	41	1	108	3.00695e-66	TRUE	PA:cds-XAJ25422.1	CCT	P	CCC	P	274
PA|PP755594.1|A/cattle/Texas/24-008749-003/2024(H5N1)	828	T	C	0	0	0	100	50	41	1	100	3.71255e-61	TRUE	PA:cds-XAJ25422.1	TGT	C	TGC	C	276
PA|PP755594.1|A/cattle/Texas/24-008749-003/2024(H5N1)	829	C	T	0	0	0	100	50	41	1	100	3.71255e-61	TRUE	PA:cds-XAJ25422.1	CCT	P	TCT	S	277
PA|PP755594.1|A/cattle/Texas/24-008749-003/2024(H5N1)	840	G	A	0	0	0	76	44	41	1	76	2.52461e-47	TRUE	PA:cds-XAJ25422.1	TCG	S	TCA	S	280
PA|PP755594.1|A/cattle/Texas/24-008749-003/2024(H5N1)	843	G	A	0	0	0	76	45	41	1	76	9.31871e-47	TRUE	PA:cds-XAJ25422.1	AAG	K	AAA	K	281
PA|PP755594.1|A/cattle/Texas/24-008749-003/2024(H5N1)	846	C	T	0	0	0	77	45	40	1	77	1.73849e-46	TRUE	PA:cds-XAJ25422.1	TTC	F	TTT	F	282
PA|PP755594.1|A/cattle/Texas/24-008749-003/2024(H5N1)	847	T	C	0	0	0	75	45	39	1	75	7.18329e-46	TRUE	PA:cds-XAJ25422.1	TTG	L	CTG	L	283
PA|PP755594.1|A/cattle/Texas/24-008749-003/2024(H5N1)	861	C	T	0	0	0	58	35	41	1	58	4.17523e-35	TRUE	PA:cds-XAJ25422.1	GCC	A	GCT	A	287
PA|PP755594.1|A/cattle/Texas/24-008749-003/2024(H5N1)	862	C	T	0	0	0	58	35	40	1	58	4.17523e-35	TRUE	PA:cds-XAJ25422.1	CTT	L	TTT	F	288
PA|PP755594.1|A/cattle/Texas/24-008749-003/2024(H5N1)	864	T	G	0	0	0	58	35	41	1	58	4.17523e-35	TRUE	PA:cds-XAJ25422.1	CTT	L	CTG	L	288
PA|PP755594.1|A/cattle/Texas/24-008749-003/2024(H5N1)	867	G	A	0	0	0	58	35	41	1	58	4.17523e-35	TRUE	PA:cds-XAJ25422.1	AAG	K	AAA	K	289
PA|PP755594.1|A/cattle/Texas/24-008749-003/2024(H5N1)	870	G	A	0	0	0	57	35	40	1	57	8.49444e-35	TRUE	PA:cds-XAJ25422.1	TTG	L	TTA	L	290
PA|PP755594.1|A/cattle/Texas/24-008749-003/2024(H5N1)	876	C	T	0	0	0	90	50	41	1	90	7.24972e-55	TRUE	PA:cds-XAJ25422.1	ATC	I	ATT	I	292
PA|PP755594.1|A/cattle/Texas/24-008749-003/2024(H5N1)	885	T	A	0	0	0	94	56	43	1	94	1.07596e-58	TRUE	PA:cds-XAJ25422.1	CCT	P	CCA	P	295
PA|PP755594.1|A/cattle/Texas/24-008749-003/2024(H5N1)	897	G	A	1	0	40	87	52	44	0.988636	88	1.71157e-55	TRUE	PA:cds-XAJ25422.1	GGG	G	GGA	G	299
PA|PP755594.1|A/cattle/Texas/24-008749-003/2024(H5N1)	898	G	A	82	47	41	3	2	40	0.0352941	85	0.0891898	FALSE	PA:cds-XAJ25422.1	GAG	E	AAG	K	300
PA|PP755594.1|A/cattle/Texas/24-008749-003/2024(H5N1)	900	G	T	86	51	40	1	1	24	0.0114943	87	0.691994	FALSE	PA:cds-XAJ25422.1	GAG	E	GAT	D	300
PA|PP755594.1|A/cattle/Texas/24-008749-003/2024(H5N1)	903	C	G	0	0	0	86	50	43	1	86	1.47963e-59	TRUE	PA:cds-XAJ25422.1	GGC	G	GGG	G	301
PA|PP755594.1|A/cattle/Texas/24-008749-003/2024(H5N1)	909	G	A	0	0	0	101	43	42	1	101	1.24927e-65	TRUE	PA:cds-XAJ25422.1	CCG	P	CCA	P	303
PA|PP755594.1|A/cattle/Texas/24-008749-003/2024(H5N1)	915	T	C	0	0	0	101	37	42	1	101	7.89416e-65	TRUE	PA:cds-XAJ25422.1	TAT	Y	TAC	Y	305
PA|PP755594.1|A/cattle/Texas/24-008749-003/2024(H5N1)	921	A	G	98	35	42	1	0	40	0.010101	99	0.480583	FALSE	PA:cds-XAJ25422.1	GCA	A	GCG	A	307
PA|PP755594.1|A/cattle/Texas/24-008749-003/2024(H5N1)	937	A	G	97	33	42	2	2	32	0.020202	99	0.231994	FALSE	PA:cds-XAJ25422.1	ACA	T	GCA	A	313
PA|PP755594.1|A/cattle/Texas/24-008749-003/2024(H5N1)	945	T	C	0	0	0	82	35	40	0.97619	84	1.22006e-53	TRUE	PA:cds-XAJ25422.1	TTT	F	TTC	F	315
PA|PP755594.1|A/cattle/Texas/24-008749-003/2024(H5N1)	945	T	A	0	0	0	2	0	24	0.0238095	84	0.000582411	TRUE	PA:cds-XAJ25422.1	TTT	F	TTA	L	315
PA|PP755594.1|A/cattle/Texas/24-008749-003/2024(H5N1)	960	C	-AA	86	32	42	1	0	20	0.0105263	95	0.480663	FALSE	NA	NA	NA	NA	NA	NA
PA|PP755594.1|A/cattle/Texas/24-008749-003/2024(H5N1)	963	C	T	0	0	0	54	19	39	1	54	2.0299e-32	TRUE	PA:cds-XAJ25422.1	AAC	N	AAT	N	321
PA|PP755594.1|A/cattle/Texas/24-008749-003/2024(H5N1)	964	A	G	0	0	0	54	18	39	1	54	2.0299e-32	TRUE	PA:cds-XAJ25422.1	ATC	I	GTC	V	322
PA|PP755594.1|A/cattle/Texas/24-008749-003/2024(H5N1)	965	T	-C	55	19	39	1	0	20	0.0178571	56	0.504505	FALSE	NA	NA	NA	NA	NA	NA
PA|PP755594.1|A/cattle/Texas/24-008749-003/2024(H5N1)	966	C	A	0	0	0	54	19	38	1	54	2.0299e-32	TRUE	PA:cds-XAJ25422.1	ATC	I	ATA	I	322
PA|PP755594.1|A/cattle/Texas/24-008749-003/2024(H5N1)	967	G	A	0	0	0	54	19	39	1	54	2.0299e-32	TRUE	PA:cds-XAJ25422.1	GTA	V	ATA	I	323
PA|PP755594.1|A/cattle/Texas/24-008749-003/2024(H5N1)	969	A	C	0	0	0	55	19	39	1	55	1.01495e-32	TRUE	PA:cds-XAJ25422.1	GTA	V	GTC	V	323
PA|PP755594.1|A/cattle/Texas/24-008749-003/2024(H5N1)	969	A	+ATC	0	0	0	1	0	20	0.0178571	56	0.0178571	FALSE	NA	NA	NA	NA	NA	NA
PA|PP755594.1|A/cattle/Texas/24-008749-003/2024(H5N1)	972	G	A	0	0	0	55	19	38	1	55	1.01495e-32	TRUE	PA:cds-XAJ25422.1	AAG	K	AAA	K	324
PA|PP755594.1|A/cattle/Texas/24-008749-003/2024(H5N1)	975	G	A	0	0	0	56	19	39	1	56	9.09054e-35	TRUE	PA:cds-XAJ25422.1	CCG	P	CCA	P	325
PA|PP755594.1|A/cattle/Texas/24-008749-003/2024(H5N1)	981	G	A	0	0	0	63	25	38	1	63	3.31404e-37	TRUE	PA:cds-XAJ25422.1	GAG	E	GAA	E	327
PA|PP755594.1|A/cattle/Texas/24-008749-003/2024(H5N1)	984	A	G	0	0	0	63	25	38	1	63	8.35033e-38	TRUE	PA:cds-XAJ25422.1	AAA	K	AAG	K	328
PA|PP755594.1|A/cattle/Texas/24-008749-003/2024(H5N1)	992	A	G	83	35	40	2	0	40	0.0235294	85	0.239952	FALSE	PA:cds-XAJ25422.1	AAC	N	AGC	S	331
PA|PP755594.1|A/cattle/Texas/24-008749-003/2024(H5N1)	999	T	C	0	0	0	87	35	41	1	87	8.93986e-53	TRUE	PA:cds-XAJ25422.1	AAT	N	AAC	N	333
PA|PP755594.1|A/cattle/Texas/24-008749-003/2024(H5N1)	1002	C	T	0	0	0	85	32	40	1	85	1.00033e-52	TRUE	PA:cds-XAJ25422.1	TAC	Y	TAT	Y	334
PA|PP755594.1|A/cattle/Texas/24-008749-003/2024(H5N1)	1005	C	A	59	37	36	3	0	24	0.0483871	62	0.0575333	FALSE	PA:cds-XAJ25422.1	CTC	L	CTA	L	335
PA|PP755594.1|A/cattle/Texas/24-008749-003/2024(H5N1)	1006	C	A	90	37	39	1	0	24	0.010989	91	0.481481	FALSE	PA:cds-XAJ25422.1	CTG	L	ATG	M	336
PA|PP755594.1|A/cattle/Texas/24-008749-003/2024(H5N1)	1008	G	C	89	33	40	1	1	24	0.0111111	90	0.721686	FALSE	PA:cds-XAJ25422.1	CTG	L	CTC	L	336
PA|PP755594.1|A/cattle/Texas/24-008749-003/2024(H5N1)	1009	G	A	95	40	41	1	0	25	0.0104167	96	0.738423	FALSE	PA:cds-XAJ25422.1	GCT	A	ACT	T	337
PA|PP755594.1|A/cattle/Texas/24-008749-003/2024(H5N1)	1020	G	A	0	0	0	96	40	41	1	96	2.49043e-59	TRUE	PA:cds-XAJ25422.1	CAG	Q	CAA	Q	340
PA|PP755594.1|A/cattle/Texas/24-008749-003/2024(H5N1)	1026	G	A	4	4	40	92	36	40	0.958333	96	1.28521e-52	TRUE	PA:cds-XAJ25422.1	CTG	L	CTA	L	342
PA|PP755594.1|A/cattle/Texas/24-008749-003/2024(H5N1)	1035	T	C	0	0	0	84	33	41	1	84	1.636e-53	TRUE	PA:cds-XAJ25422.1	CTT	L	CTC	L	345
PA|PP755594.1|A/cattle/Texas/24-008749-003/2024(H5N1)	1038	A	G	0	0	0	85	34	41	1	85	1.00033e-52	TRUE	PA:cds-XAJ25422.1	CAA	Q	CAG	Q	346
PA|PP755594.1|A/cattle/Texas/24-008749-003/2024(H5N1)	1042	A	C	0	0	0	84	32	41	1	84	3.98493e-52	TRUE	PA:cds-XAJ25422.1	ATT	I	CTT	L	348
PA|PP755594.1|A/cattle/Texas/24-008749-003/2024(H5N1)	1054	G	T	70	23	39	1	1	24	0.0140845	71	0.427711	FALSE	PA:cds-XAJ25422.1	GAG	E	TAG	*	352
PA|PP755594.1|A/cattle/Texas/24-008749-003/2024(H5N1)	1061	T	C	77	44	40	4	4	40	0.0493827	81	0.0440692	FALSE	PA:cds-XAJ25422.1	ATT	I	ACT	T	354
PA|PP755594.1|A/cattle/Texas/24-008749-003/2024(H5N1)	1062	T	C	4	4	40	78	45	40	0.95122	82	3.05692e-45	TRUE	PA:cds-XAJ25422.1	ATT	I	ATC	I	354
PA|PP755594.1|A/cattle/Texas/24-008749-003/2024(H5N1)	1064	C	A	77	50	37	1	0	40	0.0128205	78	0.461538	FALSE	PA:cds-XAJ25422.1	CCA	P	CAA	Q	355
PA|PP755594.1|A/cattle/Texas/24-008749-003/2024(H5N1)	1068	A	G	0	0	0	80	48	39	1	80	1.00325e-49	TRUE	PA:cds-XAJ25422.1	AAA	K	AAG	K	356
PA|PP755594.1|A/cattle/Texas/24-008749-003/2024(H5N1)	1070	C	A	79	49	40	1	0	24	0.0125	80	0.479042	FALSE	PA:cds-XAJ25422.1	ACA	T	AAA	K	357
PA|PP755594.1|A/cattle/Texas/24-008749-003/2024(H5N1)	1071	A	G	0	0	0	80	45	39	1	80	1.00325e-49	TRUE	PA:cds-XAJ25422.1	ACA	T	ACG	T	357
PA|PP755594.1|A/cattle/Texas/24-008749-003/2024(H5N1)	1092	C	T	0	0	0	94	54	40	1	94	7.63477e-58	TRUE	PA:cds-XAJ25422.1	AGC	S	AGT	S	364
PA|PP755594.1|A/cattle/Texas/24-008749-003/2024(H5N1)	1093	C	A	98	54	41	1	0	24	0.010101	99	0.736308	FALSE	PA:cds-XAJ25422.1	CAA	Q	AAA	K	365
PA|PP755594.1|A/cattle/Texas/24-008749-003/2024(H5N1)	1098	G	A	0	0	0	101	55	40	1	101	9.32099e-62	TRUE	PA:cds-XAJ25422.1	TTG	L	TTA	L	366
PA|PP755594.1|A/cattle/Texas/24-008749-003/2024(H5N1)	1106	C	A	91	49	39	1	0	24	0.0108696	92	0.502732	FALSE	PA:cds-XAJ25422.1	GCA	A	GAA	E	369
PA|PP755594.1|A/cattle/Texas/24-008749-003/2024(H5N1)	1122	G	T	96	52	39	1	1	24	0.0103093	97	0.743603	FALSE	PA:cds-XAJ25422.1	ATG	M	ATT	I	374
PA|PP755594.1|A/cattle/Texas/24-008749-003/2024(H5N1)	1125	T	A	0	0	0	92	48	39	1	92	3.49021e-55	TRUE	PA:cds-XAJ25422.1	GCT	A	GCA	A	375
PA|PP755594.1|A/cattle/Texas/24-008749-003/2024(H5N1)	1127	C	T	89	48	39	1	0	40	0.0111111	90	0.494505	FALSE	PA:cds-XAJ25422.1	CCA	P	CTA	L	376
PA|PP755594.1|A/cattle/Texas/24-008749-003/2024(H5N1)	1128	A	G	0	0	0	92	48	39	1	92	3.49021e-55	TRUE	PA:cds-XAJ25422.1	CCA	P	CCG	P	376
PA|PP755594.1|A/cattle/Texas/24-008749-003/2024(H5N1)	1152	C	A	95	60	41	1	1	40	0.0104167	96	0.492308	FALSE	PA:cds-XAJ25422.1	TGC	C	TGA	*	384
PA|PP755594.1|A/cattle/Texas/24-008749-003/2024(H5N1)	1155	A	G	0	0	0	89	57	41	1	89	2.07091e-55	TRUE	PA:cds-XAJ25422.1	AAA	K	AAG	K	385
PA|PP755594.1|A/cattle/Texas/24-008749-003/2024(H5N1)	1162	A	G	0	0	0	81	50	39	1	81	2.51874e-50	TRUE	PA:cds-XAJ25422.1	AGC	S	GGC	G	388
PA|PP755594.1|A/cattle/Texas/24-008749-003/2024(H5N1)	1168	C	T	0	0	0	77	49	41	1	77	4.5414e-47	TRUE	PA:cds-XAJ25422.1	CTA	L	TTA	L	390
PA|PP755594.1|A/cattle/Texas/24-008749-003/2024(H5N1)	1172	G	A	0	0	0	75	48	41	1	75	3.7075e-46	TRUE	PA:cds-XAJ25422.1	AGA	R	AAA	K	391
PA|PP755594.1|A/cattle/Texas/24-008749-003/2024(H5N1)	1179	C	T	0	0	0	57	38	41	1	57	1.65642e-34	TRUE	PA:cds-XAJ25422.1	TAC	Y	TAT	Y	393
PA|PP755594.1|A/cattle/Texas/24-008749-003/2024(H5N1)	1182	C	T	0	0	0	57	38	41	1	57	1.65642e-34	TRUE	PA:cds-XAJ25422.1	GAC	D	GAT	D	394
PA|PP755594.1|A/cattle/Texas/24-008749-003/2024(H5N1)	1185	T	C	0	0	0	54	35	42	1	54	1.0334e-32	TRUE	PA:cds-XAJ25422.1	AGT	S	AGC	S	395
PA|PP755594.1|A/cattle/Texas/24-008749-003/2024(H5N1)	1188	C	T	0	0	0	54	35	41	1	54	1.0334e-32	TRUE	PA:cds-XAJ25422.1	GAC	D	GAT	D	396
PA|PP755594.1|A/cattle/Texas/24-008749-003/2024(H5N1)	1191	A	G	0	0	0	53	35	42	1	53	2.10508e-32	TRUE	PA:cds-XAJ25422.1	GAA	E	GAG	E	397
PA|PP755594.1|A/cattle/Texas/24-008749-003/2024(H5N1)	1198	T	C	0	0	0	77	45	41	1	77	4.5414e-47	TRUE	PA:cds-XAJ25422.1	TCT	S	CCT	P	400
PA|PP755594.1|A/cattle/Texas/24-008749-003/2024(H5N1)	1199	C	A	75	46	41	1	0	24	0.0131579	76	0.45509	FALSE	PA:cds-XAJ25422.1	TCT	S	TAT	Y	400
PA|PP755594.1|A/cattle/Texas/24-008749-003/2024(H5N1)	1206	A	G	0	0	0	79	47	42	1	79	7.66676e-49	TRUE	PA:cds-XAJ25422.1	TCA	S	TCG	S	402
PA|PP755594.1|A/cattle/Texas/24-008749-003/2024(H5N1)	1212	A	G	0	0	0	79	47	41	1	79	5.6025e-48	TRUE	PA:cds-XAJ25422.1	GCA	A	GCG	A	404
PA|PP755594.1|A/cattle/Texas/24-008749-003/2024(H5N1)	1215	C	T	0	0	0	79	47	40	1	79	5.6025e-48	TRUE	PA:cds-XAJ25422.1	AGC	S	AGT	S	405
PA|PP755594.1|A/cattle/Texas/24-008749-003/2024(H5N1)	1216	T	C	85	49	40	1	0	40	0.0116279	86	0.483146	FALSE	PA:cds-XAJ25422.1	TGG	W	CGG	R	406
PA|PP755594.1|A/cattle/Texas/24-008749-003/2024(H5N1)	1221	T	C	0	0	0	89	53	41	1	89	2.88549e-54	TRUE	PA:cds-XAJ25422.1	ATT	I	ATC	I	407
PA|PP755594.1|A/cattle/Texas/24-008749-003/2024(H5N1)	1236	C	T	0	0	0	84	51	42	1	84	7.66334e-52	TRUE	PA:cds-XAJ25422.1	AAC	N	AAT	N	412
PA|PP755594.1|A/cattle/Texas/24-008749-003/2024(H5N1)	1244	G	T	76	49	41	1	1	24	0.012987	77	0.48125	FALSE	PA:cds-XAJ25422.1	TGC	C	TTC	F	415
PA|PP755594.1|A/cattle/Texas/24-008749-003/2024(H5N1)	1245	C	T	0	0	0	45	27	40	1	45	4.8686e-27	TRUE	PA:cds-XAJ25422.1	TGC	C	TGT	C	415
PA|PP755594.1|A/cattle/Texas/24-008749-003/2024(H5N1)	1249	C	T	0	0	0	44	27	40	1	44	1.92627e-26	TRUE	PA:cds-XAJ25422.1	CTG	L	TTG	L	417
PA|PP755594.1|A/cattle/Texas/24-008749-003/2024(H5N1)	1254	A	T	0	0	0	43	27	40	1	43	3.89633e-26	TRUE	PA:cds-XAJ25422.1	ACA	T	ACT	T	418
PA|PP755594.1|A/cattle/Texas/24-008749-003/2024(H5N1)	1257	T	C	0	0	0	44	27	40	1	44	3.80974e-26	TRUE	PA:cds-XAJ25422.1	GAT	D	GAC	D	419
PA|PP755594.1|A/cattle/Texas/24-008749-003/2024(H5N1)	1260	G	A	0	0	0	44	27	40	1	44	3.80974e-26	TRUE	PA:cds-XAJ25422.1	TCG	S	TCA	S	420
PA|PP755594.1|A/cattle/Texas/24-008749-003/2024(H5N1)	1263	T	C	0	0	0	44	27	39	1	44	3.80974e-26	TRUE	PA:cds-XAJ25422.1	AGT	S	AGC	S	421
PA|PP755594.1|A/cattle/Texas/24-008749-003/2024(H5N1)	1269	T	A	0	0	0	56	31	39	1	56	2.56023e-33	TRUE	PA:cds-XAJ25422.1	ATT	I	ATA	I	423
PA|PP755594.1|A/cattle/Texas/24-008749-003/2024(H5N1)	1275	T	G	0	0	0	58	31	40	1	58	1.62834e-34	TRUE	PA:cds-XAJ25422.1	CTT	L	CTG	L	425
PA|PP755594.1|A/cattle/Texas/24-008749-003/2024(H5N1)	1278	T	C	0	0	0	58	31	40	1	58	1.62834e-34	TRUE	PA:cds-XAJ25422.1	GAT	D	GAC	D	426
PA|PP755594.1|A/cattle/Texas/24-008749-003/2024(H5N1)	1281	G	A	0	0	0	59	31	40	1	59	4.10565e-35	TRUE	PA:cds-XAJ25422.1	GAG	E	GAA	E	427
PA|PP755594.1|A/cattle/Texas/24-008749-003/2024(H5N1)	1293	C	T	0	0	0	90	47	40	1	90	1.41909e-54	TRUE	PA:cds-XAJ25422.1	GAC	D	GAT	D	431
PA|PP755594.1|A/cattle/Texas/24-008749-003/2024(H5N1)	1300	C	T	97	51	40	1	1	40	0.0102041	98	0.494949	FALSE	PA:cds-XAJ25422.1	CCA	P	TCA	S	434
PA|PP755594.1|A/cattle/Texas/24-008749-003/2024(H5N1)	1302	A	G	0	0	0	93	47	40	1	93	2.25155e-56	TRUE	PA:cds-XAJ25422.1	CCA	P	CCG	P	434
PA|PP755594.1|A/cattle/Texas/24-008749-003/2024(H5N1)	1305	C	T	0	0	0	94	47	39	1	94	5.65711e-57	TRUE	PA:cds-XAJ25422.1	ATC	I	ATT	I	435
PA|PP755594.1|A/cattle/Texas/24-008749-003/2024(H5N1)	1317	G	A	0	0	0	86	46	40	1	86	3.55676e-52	TRUE	PA:cds-XAJ25422.1	GCG	A	GCA	A	439
PA|PP755594.1|A/cattle/Texas/24-008749-003/2024(H5N1)	1318	A	C	85	45	41	1	0	24	0.0116279	86	0.491429	FALSE	PA:cds-XAJ25422.1	AGT	S	CGT	R	440
PA|PP755594.1|A/cattle/Texas/24-008749-003/2024(H5N1)	1320	T	C	1	1	40	83	44	40	0.988095	84	1.33342e-49	TRUE	PA:cds-XAJ25422.1	AGT	S	AGC	S	440
PA|PP755594.1|A/cattle/Texas/24-008749-003/2024(H5N1)	1321	G	A	0	0	0	86	45	40	1	86	3.55676e-52	TRUE	PA:cds-XAJ25422.1	GTG	V	ATG	M	441
PA|PP755594.1|A/cattle/Texas/24-008749-003/2024(H5N1)	1326	G	T	82	35	37	1	1	40	0.0120482	83	0.461111	FALSE	PA:cds-XAJ25422.1	AGG	R	AGT	S	442
PA|PP755594.1|A/cattle/Texas/24-008749-003/2024(H5N1)	1332	C	T	0	0	0	97	50	40	1	97	8.97027e-59	TRUE	PA:cds-XAJ25422.1	AAC	N	AAT	N	444
PA|PP755594.1|A/cattle/Texas/24-008749-003/2024(H5N1)	1344	G	A	0	0	0	93	42	39	1	93	1.7451e-55	TRUE	PA:cds-XAJ25422.1	GCG	A	GCA	A	448
PA|PP755594.1|A/cattle/Texas/24-008749-003/2024(H5N1)	1347	G	A	0	0	0	91	41	39	1	91	1.82138e-55	TRUE	PA:cds-XAJ25422.1	GAG	E	GAA	E	449
PA|PP755594.1|A/cattle/Texas/24-008749-003/2024(H5N1)	1350	A	G	0	0	0	93	41	39	1	93	8.20332e-58	TRUE	PA:cds-XAJ25422.1	GTA	V	GTG	V	450
PA|PP755594.1|A/cattle/Texas/24-008749-003/2024(H5N1)	1354	C	A	86	47	35	1	0	24	0.0114943	87	0.697078	FALSE	PA:cds-XAJ25422.1	CAT	H	AAT	N	452
PA|PP755594.1|A/cattle/Texas/24-008749-003/2024(H5N1)	1383	G	A	2	2	40	112	48	41	0.982456	114	5.53983e-66	TRUE	PA:cds-XAJ25422.1	AAG	K	AAA	K	461
PA|PP755594.1|A/cattle/Texas/24-008749-003/2024(H5N1)	1389	A	C	0	0	0	111	50	41	1	111	1.81185e-67	TRUE	PA:cds-XAJ25422.1	GTA	V	GTC	V	463
PA|PP755594.1|A/cattle/Texas/24-008749-003/2024(H5N1)	1404	C	T	0	0	0	76	30	40	1	76	3.71475e-48	TRUE	PA:cds-XAJ25422.1	GCC	A	GCT	A	468
PA|PP755594.1|A/cattle/Texas/24-008749-003/2024(H5N1)	1407	A	G	0	0	0	76	30	41	1	76	6.91051e-46	TRUE	PA:cds-XAJ25422.1	CTA	L	CTG	L	469
PA|PP755594.1|A/cattle/Texas/24-008749-003/2024(H5N1)	1408	T	C	0	0	0	76	30	41	1	76	6.91051e-46	TRUE	PA:cds-XAJ25422.1	TTG	L	CTG	L	470
PA|PP755594.1|A/cattle/Texas/24-008749-003/2024(H5N1)	1410	G	C	0	0	0	76	30	41	1	76	6.91051e-46	TRUE	PA:cds-XAJ25422.1	TTG	L	TTC	F	470
PA|PP755594.1|A/cattle/Texas/24-008749-003/2024(H5N1)	1411	A	G	74	29	41	1	0	24	0.0133333	75	0.490196	FALSE	PA:cds-XAJ25422.1	AAT	N	GAT	D	471
PA|PP755594.1|A/cattle/Texas/24-008749-003/2024(H5N1)	1419	C	T	0	0	0	76	30	41	1	76	6.91051e-46	TRUE	PA:cds-XAJ25422.1	TCC	S	TCT	S	473
PA|PP755594.1|A/cattle/Texas/24-008749-003/2024(H5N1)	1422	T	C	0	0	0	75	29	41	1	75	1.40029e-45	TRUE	PA:cds-XAJ25422.1	TGT	C	TGC	C	474
PA|PP755594.1|A/cattle/Texas/24-008749-003/2024(H5N1)	1425	A	G	0	0	0	76	30	40	1	76	6.91051e-46	TRUE	PA:cds-XAJ25422.1	GCA	A	GCG	A	475
PA|PP755594.1|A/cattle/Texas/24-008749-003/2024(H5N1)	1443	A	G	0	0	0	88	30	40	1	88	4.4197e-53	TRUE	PA:cds-XAJ25422.1	CAA	Q	CAG	Q	481
PA|PP755594.1|A/cattle/Texas/24-008749-003/2024(H5N1)	1444	T	C	0	0	0	88	29	39	1	88	8.74119e-53	TRUE	PA:cds-XAJ25422.1	TTG	L	CTG	L	482
PA|PP755594.1|A/cattle/Texas/24-008749-003/2024(H5N1)	1461	T	C	0	0	0	95	36	39	1	95	2.79909e-57	TRUE	PA:cds-XAJ25422.1	AGT	S	AGC	S	487
PA|PP755594.1|A/cattle/Texas/24-008749-003/2024(H5N1)	1464	G	A	0	0	0	94	36	39	1	94	4.38609e-56	TRUE	PA:cds-XAJ25422.1	AAG	K	AAA	K	488
PA|PP755594.1|A/cattle/Texas/24-008749-003/2024(H5N1)	1465	T	A	90	34	40	2	0	40	0.0217391	92	0.243301	FALSE	PA:cds-XAJ25422.1	TGC	C	AGC	S	489
PA|PP755594.1|A/cattle/Texas/24-008749-003/2024(H5N1)	1470	A	G	0	0	0	93	35	39	1	93	3.49021e-55	TRUE	PA:cds-XAJ25422.1	AGA	R	AGG	R	490
PA|PP755594.1|A/cattle/Texas/24-008749-003/2024(H5N1)	1471	A	C	93	36	39	1	0	24	0.0106383	94	0.502674	FALSE	PA:cds-XAJ25422.1	ACT	T	CCT	P	491
PA|PP755594.1|A/cattle/Texas/24-008749-003/2024(H5N1)	1473	T	C	0	0	0	95	36	39	1	95	5.54047e-57	TRUE	PA:cds-XAJ25422.1	ACT	T	ACC	T	491
PA|PP755594.1|A/cattle/Texas/24-008749-003/2024(H5N1)	1490	G	A	0	0	0	168	25	39	1	168	3.68649e-105	TRUE	PA:cds-XAJ25422.1	AGG	R	AAG	K	497
PA|PP755594.1|A/cattle/Texas/24-008749-003/2024(H5N1)	1491	G	A	0	0	0	167	25	39	1	167	5.55445e-102	TRUE	PA:cds-XAJ25422.1	AGG	R	AGA	R	497
PA|PP755594.1|A/cattle/Texas/24-008749-003/2024(H5N1)	1497	T	C	0	0	0	184	29	38	1	184	1.72001e-112	TRUE	PA:cds-XAJ25422.1	AAT	N	AAC	N	499
PA|PP755594.1|A/cattle/Texas/24-008749-003/2024(H5N1)	1500	G	A	0	0	0	210	31	37	1	210	7.37725e-130	TRUE	PA:cds-XAJ25422.1	CTG	L	CTA	L	500
PA|PP755594.1|A/cattle/Texas/24-008749-003/2024(H5N1)	1506	A	G	0	0	0	274	53	39	1	274	1.50771e-177	TRUE	PA:cds-XAJ25422.1	GGA	G	GGG	G	502
PA|PP755594.1|A/cattle/Texas/24-008749-003/2024(H5N1)	1512	T	C	0	0	0	310	61	41	1	310	2.61174e-194	TRUE	PA:cds-XAJ25422.1	ATT	I	ATC	I	504
PA|PP755594.1|A/cattle/Texas/24-008749-003/2024(H5N1)	1524	A	G	0	0	0	322	63	43	0.996904	323	3.20734e-203	TRUE	PA:cds-XAJ25422.1	AGA	R	AGG	R	508
PA|PP755594.1|A/cattle/Texas/24-008749-003/2024(H5N1)	1527	C	T	0	0	0	323	66	43	1	323	1.73765e-205	TRUE	PA:cds-XAJ25422.1	TCC	S	TCT	S	509
PA|PP755594.1|A/cattle/Texas/24-008749-003/2024(H5N1)	1528	C	A	302	72	36	10	0	27	0.0320513	312	0.0299807	FALSE	PA:cds-XAJ25422.1	CAT	H	AAT	N	510
PA|PP755594.1|A/cattle/Texas/24-008749-003/2024(H5N1)	1542	C	T	0	0	0	390	76	44	1	390	1.97556e-246	TRUE	PA:cds-XAJ25422.1	GAC	D	GAT	D	514
PA|PP755594.1|A/cattle/Texas/24-008749-003/2024(H5N1)	1551	G	A	1	0	40	304	67	41	0.996721	305	8.50303e-187	TRUE	PA:cds-XAJ25422.1	GTG	V	GTA	V	517
PA|PP755594.1|A/cattle/Texas/24-008749-003/2024(H5N1)	1554	A	G	0	0	0	303	68	42	0.993443	305	2.14816e-188	TRUE	PA:cds-XAJ25422.1	GTA	V	GTG	V	518
PA|PP755594.1|A/cattle/Texas/24-008749-003/2024(H5N1)	1557	C	T	5	2	72	302	66	41	0.983713	307	3.77908e-179	TRUE	PA:cds-XAJ25422.1	AAC	N	AAT	N	519
PA|PP755594.1|A/cattle/Texas/24-008749-003/2024(H5N1)	1563	G	A	0	0	0	301	70	39	1	301	2.47695e-186	TRUE	PA:cds-XAJ25422.1	GTG	V	GTA	V	521
PA|PP755594.1|A/cattle/Texas/24-008749-003/2024(H5N1)	1566	C	T	0	0	0	304	69	41	1	304	2.83588e-187	TRUE	PA:cds-XAJ25422.1	AGC	S	AGT	S	522
PA|PP755594.1|A/cattle/Texas/24-008749-003/2024(H5N1)	1572	A	G	0	0	0	306	70	41	1	306	6.74321e-188	TRUE	PA:cds-XAJ25422.1	GAA	E	GAG	E	524
PA|PP755594.1|A/cattle/Texas/24-008749-003/2024(H5N1)	1575	C	T	0	0	0	305	70	41	1	305	1.3817e-187	TRUE	PA:cds-XAJ25422.1	TTC	F	TTT	F	525
PA|PP755594.1|A/cattle/Texas/24-008749-003/2024(H5N1)	1581	A	C	2	0	24	272	70	36	0.992701	274	7.84055e-173	TRUE	PA:cds-XAJ25422.1	CTA	L	CTC	L	527
PA|PP755594.1|A/cattle/Texas/24-008749-003/2024(H5N1)	1584	T	C	2	0	40	303	69	41	0.993443	305	7.18524e-183	TRUE	PA:cds-XAJ25422.1	ACT	T	ACC	T	528
PA|PP755594.1|A/cattle/Texas/24-008749-003/2024(H5N1)	1587	C	T	0	0	0	306	70	41	1	306	6.74321e-188	TRUE	PA:cds-XAJ25422.1	GAC	D	GAT	D	529
PA|PP755594.1|A/cattle/Texas/24-008749-003/2024(H5N1)	1590	G	A	0	0	0	306	80	42	1	306	2.45601e-191	TRUE	PA:cds-XAJ25422.1	CCG	P	CCA	P	530
PA|PP755594.1|A/cattle/Texas/24-008749-003/2024(H5N1)	1596	A	G	0	0	0	356	90	42	1	356	5.20081e-222	TRUE	PA:cds-XAJ25422.1	CTA	L	CTG	L	532
PA|PP755594.1|A/cattle/Texas/24-008749-003/2024(H5N1)	1599	G	A	1	0	40	352	95	42	0.997167	353	2.94707e-224	TRUE	PA:cds-XAJ25422.1	GAG	E	GAA	E	533
PA|PP755594.1|A/cattle/Texas/24-008749-003/2024(H5N1)	1623	T	C	0	0	0	575	152	45	1	575	0	TRUE	PA:cds-XAJ25422.1	TGT	C	TGC	C	541
PA|PP755594.1|A/cattle/Texas/24-008749-003/2024(H5N1)	1632	G	A	0	0	0	462	128	42	1	462	8.83623e-292	TRUE	PA:cds-XAJ25422.1	GAG	E	GAA	E	544
PA|PP755594.1|A/cattle/Texas/24-008749-003/2024(H5N1)	1633	A	G	0	0	0	463	128	43	1	463	4.19608e-292	TRUE	PA:cds-XAJ25422.1	ATA	I	GTA	V	545
PA|PP755594.1|A/cattle/Texas/24-008749-003/2024(H5N1)	1635	A	G	0	0	0	459	120	41	1	459	8.30815e-291	TRUE	PA:cds-XAJ25422.1	ATA	I	ATG	M	545
PA|PP755594.1|A/cattle/Texas/24-008749-003/2024(H5N1)	1637	G	T	420	61	39	5	5	24	0.0117647	425	0.443859	FALSE	PA:cds-XAJ25422.1	GGA	G	GTA	V	546
PA|PP755594.1|A/cattle/Texas/24-008749-003/2024(H5N1)	1641	C	T	1	0	40	501	146	44	0.998008	502	3.34628e-316	TRUE	PA:cds-XAJ25422.1	GAC	D	GAT	D	547
PA|PP755594.1|A/cattle/Texas/24-008749-003/2024(H5N1)	1650	A	G	4	2	43	523	159	43	0.99241	527	0	TRUE	PA:cds-XAJ25422.1	CTA	L	CTG	L	550
PA|PP755594.1|A/cattle/Texas/24-008749-003/2024(H5N1)	1651	C	A	0	0	0	523	162	43	1	523	0	TRUE	PA:cds-XAJ25422.1	CGG	R	AGG	R	551
PA|PP755594.1|A/cattle/Texas/24-008749-003/2024(H5N1)	1665	C	T	2	0	32	633	182	43	0.99685	635	0	TRUE	PA:cds-XAJ25422.1	GGC	G	GGT	G	555
PA|PP755594.1|A/cattle/Texas/24-008749-003/2024(H5N1)	1673	T	C	0	0	0	562	177	43	1	562	0	TRUE	PA:cds-XAJ25422.1	TTG	L	TCG	S	558
PA|PP755594.1|A/cattle/Texas/24-008749-003/2024(H5N1)	1674	G	A	0	0	0	562	177	43	1	562	0	TRUE	PA:cds-XAJ25422.1	TTG	L	TTA	L	558
PA|PP755594.1|A/cattle/Texas/24-008749-003/2024(H5N1)	1677	G	A	2	2	40	559	175	42	0.996435	561	0	TRUE	PA:cds-XAJ25422.1	AGG	R	AGA	R	559
PA|PP755594.1|A/cattle/Texas/24-008749-003/2024(H5N1)	1695	G	T	1	1	24	533	150	41	0.998127	534	0	TRUE	PA:cds-XAJ25422.1	GTG	V	GTT	V	565
PA|PP755594.1|A/cattle/Texas/24-008749-003/2024(H5N1)	1698	A	G	0	0	0	538	155	41	1	538	0	TRUE	PA:cds-XAJ25422.1	AGA	R	AGG	R	566
PA|PP755594.1|A/cattle/Texas/24-008749-003/2024(H5N1)	1704	T	C	2	1	32	526	154	41	0.996212	528	0	TRUE	PA:cds-XAJ25422.1	AAT	N	AAC	N	568
PA|PP755594.1|A/cattle/Texas/24-008749-003/2024(H5N1)	1707	A	G	1	1	29	535	155	42	0.998134	536	0	TRUE	PA:cds-XAJ25422.1	GGA	G	GGG	G	569
PA|PP755594.1|A/cattle/Texas/24-008749-003/2024(H5N1)	1710	T	C	0	0	0	537	155	41	1	537	0	TRUE	PA:cds-XAJ25422.1	ACT	T	ACC	T	570
PA|PP755594.1|A/cattle/Texas/24-008749-003/2024(H5N1)	1716	G	A	2	0	40	583	173	41	0.996581	585	0	TRUE	PA:cds-XAJ25422.1	AAG	K	AAA	K	572
PA|PP755594.1|A/cattle/Texas/24-008749-003/2024(H5N1)	1722	A	G	0	0	0	606	185	41	1	606	0	TRUE	PA:cds-XAJ25422.1	AAA	K	AAG	K	574
PA|PP755594.1|A/cattle/Texas/24-008749-003/2024(H5N1)	1734	C	T	0	0	0	663	206	41	1	663	0	TRUE	PA:cds-XAJ25422.1	GGC	G	GGT	G	578
PA|PP755594.1|A/cattle/Texas/24-008749-003/2024(H5N1)	1749	A	T	0	0	0	651	234	43	0.998466	652	0	TRUE	PA:cds-XAJ25422.1	CGA	R	CGT	R	583
PA|PP755594.1|A/cattle/Texas/24-008749-003/2024(H5N1)	1764	C	T	0	0	0	693	265	43	1	693	0	TRUE	PA:cds-XAJ25422.1	TCC	S	TCT	S	588
PA|PP755594.1|A/cattle/Texas/24-008749-003/2024(H5N1)	1768	C	A	750	380	40	10	0	27	0.0131579	760	0.291918	FALSE	PA:cds-XAJ25422.1	CAA	Q	AAA	K	590
PA|PP755594.1|A/cattle/Texas/24-008749-003/2024(H5N1)	1773	A	G	0	0	0	815	354	44	1	815	0	TRUE	PA:cds-XAJ25422.1	CAA	Q	CAG	Q	591
PA|PP755594.1|A/cattle/Texas/24-008749-003/2024(H5N1)	1797	A	G	0	0	0	809	359	44	1	809	0	TRUE	PA:cds-XAJ25422.1	GAA	E	GAG	E	599
PA|PP755594.1|A/cattle/Texas/24-008749-003/2024(H5N1)	1812	G	A	3	2	40	697	418	42	0.995714	700	0	TRUE	PA:cds-XAJ25422.1	GAG	E	GAA	E	604
PA|PP755594.1|A/cattle/Texas/24-008749-003/2024(H5N1)	1815	G	A	0	0	0	702	420	41	1	702	0	TRUE	PA:cds-XAJ25422.1	AAG	K	AAA	K	605
PA|PP755594.1|A/cattle/Texas/24-008749-003/2024(H5N1)	1822	T	A	0	0	0	667	416	42	0.998503	668	0	TRUE	PA:cds-XAJ25422.1	TCC	S	ACC	T	608
PA|PP755594.1|A/cattle/Texas/24-008749-003/2024(H5N1)	1824	C	T	0	0	0	665	409	41	1	665	0	TRUE	PA:cds-XAJ25422.1	TCC	S	TCT	S	608
PA|PP755594.1|A/cattle/Texas/24-008749-003/2024(H5N1)	1827	G	A	1	0	40	668	416	42	0.998505	669	0	TRUE	PA:cds-XAJ25422.1	AAG	K	AAA	K	609
PA|PP755594.1|A/cattle/Texas/24-008749-003/2024(H5N1)	1833	C	T	2	2	40	738	451	42	0.997297	740	0	TRUE	PA:cds-XAJ25422.1	TTC	F	TTT	F	611
PA|PP755594.1|A/cattle/Texas/24-008749-003/2024(H5N1)	1839	A	G	0	0	0	742	454	42	1	742	0	TRUE	PA:cds-XAJ25422.1	GAA	E	GAG	E	613
PA|PP755594.1|A/cattle/Texas/24-008749-003/2024(H5N1)	1845	A	G	0	0	0	718	441	41	0.998609	719	0	TRUE	PA:cds-XAJ25422.1	AAA	K	AAG	K	615
PA|PP755594.1|A/cattle/Texas/24-008749-003/2024(H5N1)	1848	A	G	3	0	40	728	452	42	0.995896	731	0	TRUE	PA:cds-XAJ25422.1	TCA	S	TCG	S	616
PA|PP755594.1|A/cattle/Texas/24-008749-003/2024(H5N1)	1854	A	G	0	0	0	803	496	42	0.998756	804	0	TRUE	PA:cds-XAJ25422.1	ACA	T	ACG	T	618
PA|PP755594.1|A/cattle/Texas/24-008749-003/2024(H5N1)	1872	A	C	0	0	0	780	496	41	0.99872	781	0	TRUE	PA:cds-XAJ25422.1	TCA	S	TCC	S	624
PA|PP755594.1|A/cattle/Texas/24-008749-003/2024(H5N1)	1877	A	G	0	0	0	653	367	36	0.990895	659	0	TRUE	PA:cds-XAJ25422.1	AAA	K	AGA	R	626
PA|PP755594.1|A/cattle/Texas/24-008749-003/2024(H5N1)	1882	G	A	2	1	40	728	479	41	0.99726	730	0	TRUE	PA:cds-XAJ25422.1	GTG	V	ATG	M	628
PA|PP755594.1|A/cattle/Texas/24-008749-003/2024(H5N1)	1884	G	A	1	1	40	709	460	42	0.998592	710	0	TRUE	PA:cds-XAJ25422.1	GTG	V	GTA	V	628
PA|PP755594.1|A/cattle/Texas/24-008749-003/2024(H5N1)	1893	C	A	0	0	0	856	551	42	0.998833	857	0	TRUE	PA:cds-XAJ25422.1	GGC	G	GGA	G	631
PA|PP755594.1|A/cattle/Texas/24-008749-003/2024(H5N1)	1896	T	C	0	0	0	855	552	42	1	855	0	TRUE	PA:cds-XAJ25422.1	TCT	S	TCC	S	632
PA|PP755594.1|A/cattle/Texas/24-008749-003/2024(H5N1)	1905	A	G	1	1	40	869	564	42	0.998851	870	0	TRUE	PA:cds-XAJ25422.1	AAA	K	AAG	K	635
PA|PP755594.1|A/cattle/Texas/24-008749-003/2024(H5N1)	1917	A	C	1	1	40	727	447	41	0.998626	728	0	TRUE	PA:cds-XAJ25422.1	ACA	T	ACC	T	639
PA|PP755594.1|A/cattle/Texas/24-008749-003/2024(H5N1)	1918	T	C	1	1	40	725	450	41	0.997249	727	0	TRUE	PA:cds-XAJ25422.1	TTG	L	CTG	L	640
PA|PP755594.1|A/cattle/Texas/24-008749-003/2024(H5N1)	1923	A	G	0	0	0	705	423	39	0.995763	708	0	TRUE	PA:cds-XAJ25422.1	CTA	L	CTG	L	641
PA|PP755594.1|A/cattle/Texas/24-008749-003/2024(H5N1)	1929	G	A	0	0	0	853	587	41	1	853	0	TRUE	PA:cds-XAJ25422.1	AAG	K	AAA	K	643
PA|PP755594.1|A/cattle/Texas/24-008749-003/2024(H5N1)	1944	C	T	1	1	40	868	587	42	0.998849	869	0	TRUE	PA:cds-XAJ25422.1	AGC	S	AGT	S	648
PA|PP755594.1|A/cattle/Texas/24-008749-003/2024(H5N1)	1950	T	C	0	0	0	788	507	42	1	788	0	TRUE	PA:cds-XAJ25422.1	TAT	Y	TAC	Y	650
PA|PP755594.1|A/cattle/Texas/24-008749-003/2024(H5N1)	1956	T	C	1	0	40	641	430	42	0.998442	642	0	TRUE	PA:cds-XAJ25422.1	TCT	S	TCC	S	652
PA|PP755594.1|A/cattle/Texas/24-008749-003/2024(H5N1)	1959	T	A	0	0	0	642	431	42	0.998445	643	0	TRUE	PA:cds-XAJ25422.1	CCT	P	CCA	P	653
PA|PP755594.1|A/cattle/Texas/24-008749-003/2024(H5N1)	1965	C	T	0	0	0	661	449	42	1	661	0	TRUE	PA:cds-XAJ25422.1	CTC	L	CTT	L	655
PA|PP755594.1|A/cattle/Texas/24-008749-003/2024(H5N1)	1966	G	T	554	340	37	11	11	24	0.0194346	566	0.113671	FALSE	PA:cds-XAJ25422.1	GAG	E	TAG	*	656
PA|PP755594.1|A/cattle/Texas/24-008749-003/2024(H5N1)	1968	G	A	0	0	0	655	445	42	0.998476	656	0	TRUE	PA:cds-XAJ25422.1	GAG	E	GAA	E	656
PA|PP755594.1|A/cattle/Texas/24-008749-003/2024(H5N1)	1971	G	A	1	1	40	655	445	42	0.998476	656	0	TRUE	PA:cds-XAJ25422.1	GGG	G	GGA	G	657
PA|PP755594.1|A/cattle/Texas/24-008749-003/2024(H5N1)	1980	T	A	0	0	0	883	548	44	1	883	0	TRUE	PA:cds-XAJ25422.1	GCT	A	GCA	A	660
PA|PP755594.1|A/cattle/Texas/24-008749-003/2024(H5N1)	1986	A	G	0	0	0	863	525	43	1	863	0	TRUE	PA:cds-XAJ25422.1	TCA	S	TCG	S	662
PA|PP755594.1|A/cattle/Texas/24-008749-003/2024(H5N1)	1989	A	G	0	0	0	881	543	44	0.998866	882	0	TRUE	PA:cds-XAJ25422.1	AGA	R	AGG	R	663
PA|PP755594.1|A/cattle/Texas/24-008749-003/2024(H5N1)	1993	T	C	0	0	0	895	559	44	1	895	0	TRUE	PA:cds-XAJ25422.1	TTG	L	CTG	L	665
PA|PP755594.1|A/cattle/Texas/24-008749-003/2024(H5N1)	2018	G	T	809	454	40	17	17	25	0.0205811	826	0.0377208	FALSE	PA:cds-XAJ25422.1	AGG	R	ATG	M	673
PA|PP755594.1|A/cattle/Texas/24-008749-003/2024(H5N1)	2052	G	A	2	1	44	852	668	48	0.997658	854	0	TRUE	PA:cds-XAJ25422.1	GGG	G	GGA	G	684
PA|PP755594.1|A/cattle/Texas/24-008749-003/2024(H5N1)	2062	G	T	799	668	44	10	10	25	0.0123609	809	0.330708	FALSE	PA:cds-XAJ25422.1	GAA	E	TAA	*	688
PA|PP755594.1|A/cattle/Texas/24-008749-003/2024(H5N1)	2088	C	T	0	0	0	748	643	50	1	748	0	TRUE	PA:cds-XAJ25422.1	AAC	N	AAT	N	696
PA|PP755594.1|A/cattle/Texas/24-008749-003/2024(H5N1)	2119	T	C	641	586	44	7	6	45	0.0107858	649	0.00406877	TRUE	PA:cds-XAJ25422.1	TTC	F	CTC	L	707
