REGION	POS	REF	ALT	REF_DP	REF_RV	REF_QUAL	ALT_DP	ALT_RV	ALT_QUAL	ALT_FREQ	TOTAL_DP	PVAL	PASS	GFF_FEATURE	REF_CODON	REF_AA	ALT_CODON	ALT_AA	POS_AA
HA|PP755589.1|A/cattle/Texas/24-008749-003/2024(H5N1)	6	G	A	0	0	0	5	1	26	1	5	2.77686e-08	TRUE	HA:cds-XAJ25415.1	GAG	E	GAA	E	2
HA|PP755589.1|A/cattle/Texas/24-008749-003/2024(H5N1)	18	A	T	0	0	0	22	1	34	1	22	2.21919e-27	TRUE	HA:cds-XAJ25415.1	CTA	L	CTT	L	6
HA|PP755589.1|A/cattle/Texas/24-008749-003/2024(H5N1)	27	A	G	30	3	35	1	0	34	0.0322581	31	0.177143	FALSE	HA:cds-XAJ25415.1	GCA	A	GCG	A	9
HA|PP755589.1|A/cattle/Texas/24-008749-003/2024(H5N1)	31	G	A	0	0	0	35	3	33	1	35	1.16259e-38	TRUE	HA:cds-XAJ25415.1	GTT	V	ATT	I	11
HA|PP755589.1|A/cattle/Texas/24-008749-003/2024(H5N1)	62	T	C	60	6	37	1	0	34	0.0163934	61	0.24898	FALSE	HA:cds-XAJ25415.1	ATT	I	ACT	T	21
HA|PP755589.1|A/cattle/Texas/24-008749-003/2024(H5N1)	66	T	C	69	9	37	1	0	34	0.0142857	70	0.268199	FALSE	HA:cds-XAJ25415.1	GGT	G	GGC	G	22
HA|PP755589.1|A/cattle/Texas/24-008749-003/2024(H5N1)	76	A	G	84	12	37	1	0	34	0.0117647	85	0.291096	FALSE	HA:cds-XAJ25415.1	AAC	N	GAC	D	26
HA|PP755589.1|A/cattle/Texas/24-008749-003/2024(H5N1)	93	A	G	0	0	0	112	15	36	1	112	1.66623e-94	TRUE	HA:cds-XAJ25415.1	CAA	Q	CAG	Q	31
HA|PP755589.1|A/cattle/Texas/24-008749-003/2024(H5N1)	123	T	C	0	0	0	123	33	38	1	123	1.14087e-98	TRUE	HA:cds-XAJ25415.1	ACT	T	ACC	T	41
HA|PP755589.1|A/cattle/Texas/24-008749-003/2024(H5N1)	124	G	A	141	32	37	3	0	31	0.0208333	144	0.0558953	FALSE	HA:cds-XAJ25415.1	GTT	V	ATT	I	42
HA|PP755589.1|A/cattle/Texas/24-008749-003/2024(H5N1)	154	A	G	0	0	0	177	75	40	1	177	1.36809e-120	TRUE	HA:cds-XAJ25415.1	ACA	T	GCA	A	52
HA|PP755589.1|A/cattle/Texas/24-008749-003/2024(H5N1)	171	A	C	0	0	0	177	84	39	1	177	2.5895e-117	TRUE	HA:cds-XAJ25415.1	CTA	L	CTC	L	57
HA|PP755589.1|A/cattle/Texas/24-008749-003/2024(H5N1)	174	C	T	0	0	0	183	85	40	1	183	4.11249e-119	TRUE	HA:cds-XAJ25415.1	TGC	C	TGT	C	58
HA|PP755589.1|A/cattle/Texas/24-008749-003/2024(H5N1)	177	C	T	0	0	0	182	80	38	1	182	2.27812e-121	TRUE	HA:cds-XAJ25415.1	GAC	D	GAT	D	59
HA|PP755589.1|A/cattle/Texas/24-008749-003/2024(H5N1)	195	A	T	0	0	0	204	96	38	0.985507	207	5.3147e-137	TRUE	HA:cds-XAJ25415.1	CCA	P	CCT	P	65
HA|PP755589.1|A/cattle/Texas/24-008749-003/2024(H5N1)	195	A	C	0	0	0	3	1	34	0.0144928	207	3.4138e-07	TRUE	HA:cds-XAJ25415.1	CCA	P	CCC	P	65
HA|PP755589.1|A/cattle/Texas/24-008749-003/2024(H5N1)	210	C	T	0	0	0	214	117	40	1	214	1.57562e-141	TRUE	HA:cds-XAJ25415.1	GAC	D	GAT	D	70
HA|PP755589.1|A/cattle/Texas/24-008749-003/2024(H5N1)	213	C	T	0	0	0	213	117	40	1	213	1.83533e-142	TRUE	HA:cds-XAJ25415.1	TGC	C	TGT	C	71
HA|PP755589.1|A/cattle/Texas/24-008749-003/2024(H5N1)	231	C	T	0	0	0	183	82	37	1	183	3.30235e-130	TRUE	HA:cds-XAJ25415.1	CTC	L	CTT	L	77
HA|PP755589.1|A/cattle/Texas/24-008749-003/2024(H5N1)	279	T	C	0	0	0	232	129	38	1	232	2.00555e-152	TRUE	HA:cds-XAJ25415.1	TCT	S	TCC	S	93
HA|PP755589.1|A/cattle/Texas/24-008749-003/2024(H5N1)	297	T	C	0	0	0	212	107	37	1	212	8.25348e-136	TRUE	HA:cds-XAJ25415.1	GCT	A	GCC	A	99
HA|PP755589.1|A/cattle/Texas/24-008749-003/2024(H5N1)	300	C	T	0	0	0	211	111	38	1	211	1.87546e-139	TRUE	HA:cds-XAJ25415.1	AAC	N	AAT	N	100
HA|PP755589.1|A/cattle/Texas/24-008749-003/2024(H5N1)	342	T	C	0	0	0	222	109	39	1	222	4.61597e-145	TRUE	HA:cds-XAJ25415.1	TAT	Y	TAC	Y	114
HA|PP755589.1|A/cattle/Texas/24-008749-003/2024(H5N1)	358	A	C	0	0	0	213	105	39	1	213	1.15392e-140	TRUE	HA:cds-XAJ25415.1	ATG	M	CTG	L	120
HA|PP755589.1|A/cattle/Texas/24-008749-003/2024(H5N1)	378	T	C	0	0	0	230	119	41	1	230	1.48423e-154	TRUE	HA:cds-XAJ25415.1	CAT	H	CAC	H	126
HA|PP755589.1|A/cattle/Texas/24-008749-003/2024(H5N1)	392	A	T	0	0	0	238	120	40	1	238	2.06653e-159	TRUE	HA:cds-XAJ25415.1	CAG	Q	CTG	L	131
HA|PP755589.1|A/cattle/Texas/24-008749-003/2024(H5N1)	399	T	C	0	0	0	233	120	40	1	233	7.0914e-159	TRUE	HA:cds-XAJ25415.1	ATT	I	ATC	I	133
HA|PP755589.1|A/cattle/Texas/24-008749-003/2024(H5N1)	423	T	C	227	117	43	3	0	28	0.0130435	230	0.516137	FALSE	HA:cds-XAJ25415.1	CAT	H	CAC	H	141
HA|PP755589.1|A/cattle/Texas/24-008749-003/2024(H5N1)	426	A	G	210	115	40	3	3	26	0.0140845	213	0.47244	FALSE	HA:cds-XAJ25415.1	GAA	E	GAG	E	142
HA|PP755589.1|A/cattle/Texas/24-008749-003/2024(H5N1)	468	A	G	0	0	0	196	110	38	1	196	8.18259e-129	TRUE	HA:cds-XAJ25415.1	GCA	A	GCG	A	156
HA|PP755589.1|A/cattle/Texas/24-008749-003/2024(H5N1)	549	T	C	0	0	0	195	83	37	1	195	3.70812e-127	TRUE	HA:cds-XAJ25415.1	ACT	T	ACC	T	183
HA|PP755589.1|A/cattle/Texas/24-008749-003/2024(H5N1)	621	C	T	0	0	0	216	87	38	1	216	3.59277e-141	TRUE	HA:cds-XAJ25415.1	TAC	Y	TAT	Y	207
HA|PP755589.1|A/cattle/Texas/24-008749-003/2024(H5N1)	627	C	T	0	0	0	207	81	37	1	207	7.89508e-140	TRUE	HA:cds-XAJ25415.1	AAC	N	AAT	N	209
HA|PP755589.1|A/cattle/Texas/24-008749-003/2024(H5N1)	632	T	C	0	0	0	214	88	39	1	214	8.16548e-143	TRUE	HA:cds-XAJ25415.1	ATC	I	ACC	T	211
HA|PP755589.1|A/cattle/Texas/24-008749-003/2024(H5N1)	651	G	A	0	0	0	217	93	38	1	217	1.23834e-144	TRUE	HA:cds-XAJ25415.1	GGG	G	GGA	G	217
HA|PP755589.1|A/cattle/Texas/24-008749-003/2024(H5N1)	677	C	T	0	0	0	224	95	38	1	224	4.63356e-147	TRUE	HA:cds-XAJ25415.1	GCA	A	GTA	V	226
HA|PP755589.1|A/cattle/Texas/24-008749-003/2024(H5N1)	730	T	C	198	109	38	3	2	34	0.0149254	201	0.0985412	FALSE	HA:cds-XAJ25415.1	TTC	F	CTC	L	244
HA|PP755589.1|A/cattle/Texas/24-008749-003/2024(H5N1)	744	C	T	0	0	0	183	98	36	1	183	4.11249e-119	TRUE	HA:cds-XAJ25415.1	ATC	I	ATT	I	248
HA|PP755589.1|A/cattle/Texas/24-008749-003/2024(H5N1)	762	A	C	0	0	0	192	107	37	1	192	6.22216e-123	TRUE	HA:cds-XAJ25415.1	GCA	A	GCC	A	254
HA|PP755589.1|A/cattle/Texas/24-008749-003/2024(H5N1)	780	C	T	0	0	0	179	88	37	1	179	3.18945e-117	TRUE	HA:cds-XAJ25415.1	AAC	N	AAT	N	260
HA|PP755589.1|A/cattle/Texas/24-008749-003/2024(H5N1)	818	T	C	225	137	38	3	0	40	0.0131579	228	0.0941389	FALSE	HA:cds-XAJ25415.1	GTT	V	GCT	A	273
HA|PP755589.1|A/cattle/Texas/24-008749-003/2024(H5N1)	819	T	C	0	0	0	227	136	38	1	227	4.38317e-148	TRUE	HA:cds-XAJ25415.1	GTT	V	GTC	V	273
HA|PP755589.1|A/cattle/Texas/24-008749-003/2024(H5N1)	820	A	G	215	128	38	4	2	32	0.0181818	220	0.0396205	FALSE	HA:cds-XAJ25415.1	AAG	K	GAG	E	274
HA|PP755589.1|A/cattle/Texas/24-008749-003/2024(H5N1)	834	G	A	0	0	0	219	125	38	1	219	8.13997e-145	TRUE	HA:cds-XAJ25415.1	TCG	S	TCA	S	278
HA|PP755589.1|A/cattle/Texas/24-008749-003/2024(H5N1)	867	T	C	0	0	0	231	108	37	1	231	5.702e-150	TRUE	HA:cds-XAJ25415.1	CAT	H	CAC	H	289
HA|PP755589.1|A/cattle/Texas/24-008749-003/2024(H5N1)	897	T	A	0	0	0	236	97	36	0.991597	238	2.94403e-153	TRUE	HA:cds-XAJ25415.1	GGT	G	GGA	G	299
HA|PP755589.1|A/cattle/Texas/24-008749-003/2024(H5N1)	921	T	C	1	0	21	256	121	38	0.996109	257	2.28688e-166	TRUE	HA:cds-XAJ25415.1	TTT	F	TTC	F	307
HA|PP755589.1|A/cattle/Texas/24-008749-003/2024(H5N1)	933	T	C	0	0	0	247	93	39	1	247	4.53921e-171	TRUE	HA:cds-XAJ25415.1	CAT	H	CAC	H	311
HA|PP755589.1|A/cattle/Texas/24-008749-003/2024(H5N1)	963	C	T	220	78	41	3	2	54	0.0134529	223	0.0849528	FALSE	HA:cds-XAJ25415.1	TAC	Y	TAT	Y	321
HA|PP755589.1|A/cattle/Texas/24-008749-003/2024(H5N1)	1022	A	G	0	0	0	212	117	40	1	212	1.29144e-142	TRUE	HA:cds-XAJ25415.1	AAG	K	AGG	R	341
HA|PP755589.1|A/cattle/Texas/24-008749-003/2024(H5N1)	1038	T	C	0	0	0	222	133	37	1	222	1.24182e-146	TRUE	HA:cds-XAJ25415.1	GGT	G	GGC	G	346
HA|PP755589.1|A/cattle/Texas/24-008749-003/2024(H5N1)	1143	G	A	0	0	0	245	87	36	1	245	8.38852e-157	TRUE	HA:cds-XAJ25415.1	GCG	A	GCA	A	381
HA|PP755589.1|A/cattle/Texas/24-008749-003/2024(H5N1)	1314	A	C	0	0	0	263	150	39	0.996212	264	1.34332e-175	TRUE	HA:cds-XAJ25415.1	ACA	T	ACC	T	438
HA|PP755589.1|A/cattle/Texas/24-008749-003/2024(H5N1)	1405	T	C	0	0	0	257	143	37	1	257	1.7769e-166	TRUE	HA:cds-XAJ25415.1	TTA	L	CTA	L	469
HA|PP755589.1|A/cattle/Texas/24-008749-003/2024(H5N1)	1440	C	T	2	0	34	260	98	37	0.992366	262	1.48053e-164	TRUE	HA:cds-XAJ25415.1	AAC	N	AAT	N	480
HA|PP755589.1|A/cattle/Texas/24-008749-003/2024(H5N1)	1467	T	C	1	0	34	226	102	38	0.995595	227	1.18784e-145	TRUE	HA:cds-XAJ25415.1	TGT	C	TGC	C	489
HA|PP755589.1|A/cattle/Texas/24-008749-003/2024(H5N1)	1471	A	G	0	0	0	228	100	38	1	228	1.08984e-148	TRUE	HA:cds-XAJ25415.1	AAT	N	GAT	D	491
HA|PP755589.1|A/cattle/Texas/24-008749-003/2024(H5N1)	1571	A	G	241	167	39	4	2	40	0.0163265	245	0.0388396	FALSE	HA:cds-XAJ25415.1	GAA	E	GGA	G	524
HA|PP755589.1|A/cattle/Texas/24-008749-003/2024(H5N1)	1576	G	A	0	0	0	242	179	38	1	242	1.60657e-159	TRUE	HA:cds-XAJ25415.1	GTA	V	ATA	I	526
HA|PP755589.1|A/cattle/Texas/24-008749-003/2024(H5N1)	1617	A	G	0	0	0	230	199	43	1	230	2.70222e-157	TRUE	HA:cds-XAJ25415.1	GCA	A	GCG	A	539
HA|PP755589.1|A/cattle/Texas/24-008749-003/2024(H5N1)	1621	T	C	227	197	43	3	2	42	0.0130435	230	0.0793082	FALSE	HA:cds-XAJ25415.1	TCC	S	CCC	P	541
HA|PP755589.1|A/cattle/Texas/24-008749-003/2024(H5N1)	1686	A	G	0	0	0	108	99	41	1	108	1.11274e-71	TRUE	HA:cds-XAJ25415.1	CAA	Q	CAG	Q	562
