REGION	POS	REF	ALT	REF_DP	REF_RV	REF_QUAL	ALT_DP	ALT_RV	ALT_QUAL	ALT_FREQ	TOTAL_DP	PVAL	PASS	GFF_FEATURE	REF_CODON	REF_AA	ALT_CODON	ALT_AA	POS_AA
HA|PP755589.1|A/cattle/Texas/24-008749-003/2024(H5N1)	6	G	A	0	0	0	14	1	26	1	14	3.9163e-19	TRUE	HA:cds-XAJ25415.1	GAG	E	GAA	E	2
HA|PP755589.1|A/cattle/Texas/24-008749-003/2024(H5N1)	18	A	T	0	0	0	43	3	33	1	43	3.9249e-47	TRUE	HA:cds-XAJ25415.1	CTA	L	CTT	L	6
HA|PP755589.1|A/cattle/Texas/24-008749-003/2024(H5N1)	31	G	A	0	0	0	55	8	32	1	55	7.94868e-57	TRUE	HA:cds-XAJ25415.1	GTT	V	ATT	I	11
HA|PP755589.1|A/cattle/Texas/24-008749-003/2024(H5N1)	35	G	C	59	8	33	1	1	26	0.0166667	60	0.546418	FALSE	HA:cds-XAJ25415.1	AGC	S	ACC	T	12
HA|PP755589.1|A/cattle/Texas/24-008749-003/2024(H5N1)	40	G	T	75	9	33	1	1	34	0.0131579	76	0.258503	FALSE	HA:cds-XAJ25415.1	GTT	V	TTT	F	14
HA|PP755589.1|A/cattle/Texas/24-008749-003/2024(H5N1)	62	T	C	90	15	33	1	0	34	0.010989	91	0.286164	FALSE	HA:cds-XAJ25415.1	ATT	I	ACT	T	21
HA|PP755589.1|A/cattle/Texas/24-008749-003/2024(H5N1)	93	A	G	0	0	0	147	35	33	1	147	4.30183e-119	TRUE	HA:cds-XAJ25415.1	CAA	Q	CAG	Q	31
HA|PP755589.1|A/cattle/Texas/24-008749-003/2024(H5N1)	123	T	C	0	0	0	161	39	33	1	161	2.68364e-115	TRUE	HA:cds-XAJ25415.1	ACT	T	ACC	T	41
HA|PP755589.1|A/cattle/Texas/24-008749-003/2024(H5N1)	154	A	G	0	0	0	199	79	33	1	199	1.32095e-126	TRUE	HA:cds-XAJ25415.1	ACA	T	GCA	A	52
HA|PP755589.1|A/cattle/Texas/24-008749-003/2024(H5N1)	163	G	T	197	79	33	2	0	30	0.0100503	199	0.236121	FALSE	HA:cds-XAJ25415.1	GGG	G	TGG	W	55
HA|PP755589.1|A/cattle/Texas/24-008749-003/2024(H5N1)	171	A	C	0	0	0	182	75	33	1	182	5.12953e-113	TRUE	HA:cds-XAJ25415.1	CTA	L	CTC	L	57
HA|PP755589.1|A/cattle/Texas/24-008749-003/2024(H5N1)	174	C	T	0	0	0	189	81	33	1	189	6.53575e-115	TRUE	HA:cds-XAJ25415.1	TGC	C	TGT	C	58
HA|PP755589.1|A/cattle/Texas/24-008749-003/2024(H5N1)	177	C	T	0	0	0	183	67	32	1	183	3.86684e-116	TRUE	HA:cds-XAJ25415.1	GAC	D	GAT	D	59
HA|PP755589.1|A/cattle/Texas/24-008749-003/2024(H5N1)	195	A	T	1	1	26	219	89	33	0.995455	220	4.88939e-136	TRUE	HA:cds-XAJ25415.1	CCA	P	CCT	P	65
HA|PP755589.1|A/cattle/Texas/24-008749-003/2024(H5N1)	210	C	T	0	0	0	222	102	33	1	222	8.66333e-137	TRUE	HA:cds-XAJ25415.1	GAC	D	GAT	D	70
HA|PP755589.1|A/cattle/Texas/24-008749-003/2024(H5N1)	213	C	T	0	0	0	229	106	33	1	229	2.02637e-140	TRUE	HA:cds-XAJ25415.1	TGC	C	TGT	C	71
HA|PP755589.1|A/cattle/Texas/24-008749-003/2024(H5N1)	222	T	A	0	0	0	218	99	33	1	218	3.04552e-140	TRUE	HA:cds-XAJ25415.1	GCT	A	GCA	A	74
HA|PP755589.1|A/cattle/Texas/24-008749-003/2024(H5N1)	231	C	T	0	0	0	183	53	32	0.994565	184	3.15818e-125	TRUE	HA:cds-XAJ25415.1	CTC	L	CTT	L	77
HA|PP755589.1|A/cattle/Texas/24-008749-003/2024(H5N1)	279	T	C	0	0	0	239	109	33	1	239	9.8174e-149	TRUE	HA:cds-XAJ25415.1	TCT	S	TCC	S	93
HA|PP755589.1|A/cattle/Texas/24-008749-003/2024(H5N1)	288	G	A	218	80	33	3	0	32	0.0134529	223	0.118421	FALSE	HA:cds-XAJ25415.1	GTG	V	GTA	V	96
HA|PP755589.1|A/cattle/Texas/24-008749-003/2024(H5N1)	297	T	C	0	0	0	204	73	33	1	204	2.18302e-127	TRUE	HA:cds-XAJ25415.1	GCT	A	GCC	A	99
HA|PP755589.1|A/cattle/Texas/24-008749-003/2024(H5N1)	300	C	T	0	0	0	215	71	33	1	215	1.29297e-141	TRUE	HA:cds-XAJ25415.1	AAC	N	AAT	N	100
HA|PP755589.1|A/cattle/Texas/24-008749-003/2024(H5N1)	342	T	C	1	0	34	250	77	33	0.996016	251	3.13343e-151	TRUE	HA:cds-XAJ25415.1	TAT	Y	TAC	Y	114
HA|PP755589.1|A/cattle/Texas/24-008749-003/2024(H5N1)	358	A	C	0	0	0	255	83	33	1	255	6.29931e-157	TRUE	HA:cds-XAJ25415.1	ATG	M	CTG	L	120
HA|PP755589.1|A/cattle/Texas/24-008749-003/2024(H5N1)	378	T	C	0	0	0	269	94	33	1	269	3.48952e-164	TRUE	HA:cds-XAJ25415.1	CAT	H	CAC	H	126
HA|PP755589.1|A/cattle/Texas/24-008749-003/2024(H5N1)	392	A	T	0	0	0	277	101	33	1	277	7.17216e-170	TRUE	HA:cds-XAJ25415.1	CAG	Q	CTG	L	131
HA|PP755589.1|A/cattle/Texas/24-008749-003/2024(H5N1)	468	A	G	0	0	0	237	130	33	1	237	1.12699e-146	TRUE	HA:cds-XAJ25415.1	GCA	A	GCG	A	156
HA|PP755589.1|A/cattle/Texas/24-008749-003/2024(H5N1)	549	T	C	0	0	0	234	125	33	1	234	3.90221e-147	TRUE	HA:cds-XAJ25415.1	ACT	T	ACC	T	183
HA|PP755589.1|A/cattle/Texas/24-008749-003/2024(H5N1)	589	T	G	0	0	0	251	125	33	1	251	3.12503e-154	TRUE	HA:cds-XAJ25415.1	TCC	S	GCC	A	197
HA|PP755589.1|A/cattle/Texas/24-008749-003/2024(H5N1)	621	C	T	0	0	0	246	120	33	1	246	1.2109e-150	TRUE	HA:cds-XAJ25415.1	TAC	Y	TAT	Y	207
HA|PP755589.1|A/cattle/Texas/24-008749-003/2024(H5N1)	627	C	T	0	0	0	228	100	32	1	228	3.488e-145	TRUE	HA:cds-XAJ25415.1	AAC	N	AAT	N	209
HA|PP755589.1|A/cattle/Texas/24-008749-003/2024(H5N1)	632	T	C	0	0	0	241	121	33	1	241	8.56391e-149	TRUE	HA:cds-XAJ25415.1	ATC	I	ACC	T	211
HA|PP755589.1|A/cattle/Texas/24-008749-003/2024(H5N1)	651	G	A	0	0	0	237	104	33	1	237	1.35483e-153	TRUE	HA:cds-XAJ25415.1	GGG	G	GGA	G	217
HA|PP755589.1|A/cattle/Texas/24-008749-003/2024(H5N1)	677	C	T	0	0	0	253	94	33	1	253	1.00548e-155	TRUE	HA:cds-XAJ25415.1	GCA	A	GTA	V	226
HA|PP755589.1|A/cattle/Texas/24-008749-003/2024(H5N1)	744	C	T	0	0	0	251	107	32	1	251	2.26152e-157	TRUE	HA:cds-XAJ25415.1	ATC	I	ATT	I	248
HA|PP755589.1|A/cattle/Texas/24-008749-003/2024(H5N1)	762	A	C	0	0	0	248	112	33	1	248	3.88513e-152	TRUE	HA:cds-XAJ25415.1	GCA	A	GCC	A	254
HA|PP755589.1|A/cattle/Texas/24-008749-003/2024(H5N1)	780	C	T	0	0	0	232	102	33	1	232	8.34315e-145	TRUE	HA:cds-XAJ25415.1	AAC	N	AAT	N	260
HA|PP755589.1|A/cattle/Texas/24-008749-003/2024(H5N1)	819	T	C	0	0	0	312	173	33	0.996805	313	2.23961e-192	TRUE	HA:cds-XAJ25415.1	GTT	V	GTC	V	273
HA|PP755589.1|A/cattle/Texas/24-008749-003/2024(H5N1)	834	G	A	0	0	0	304	167	33	1	304	2.83588e-187	TRUE	HA:cds-XAJ25415.1	TCG	S	TCA	S	278
HA|PP755589.1|A/cattle/Texas/24-008749-003/2024(H5N1)	867	T	C	0	0	0	321	157	33	1	321	3.14195e-199	TRUE	HA:cds-XAJ25415.1	CAT	H	CAC	H	289
HA|PP755589.1|A/cattle/Texas/24-008749-003/2024(H5N1)	897	T	A	0	0	0	297	137	33	1	297	1.97352e-188	TRUE	HA:cds-XAJ25415.1	GGT	G	GGA	G	299
HA|PP755589.1|A/cattle/Texas/24-008749-003/2024(H5N1)	921	T	C	0	0	0	337	178	33	0.997041	338	1.06866e-211	TRUE	HA:cds-XAJ25415.1	TTT	F	TTC	F	307
HA|PP755589.1|A/cattle/Texas/24-008749-003/2024(H5N1)	933	T	C	0	0	0	351	143	33	1	351	7.02449e-229	TRUE	HA:cds-XAJ25415.1	CAT	H	CAC	H	311
HA|PP755589.1|A/cattle/Texas/24-008749-003/2024(H5N1)	1022	A	G	1	1	34	299	158	33	0.996667	300	1.03405e-187	TRUE	HA:cds-XAJ25415.1	AAG	K	AGG	R	341
HA|PP755589.1|A/cattle/Texas/24-008749-003/2024(H5N1)	1038	T	C	0	0	0	311	182	33	1	311	2.58967e-196	TRUE	HA:cds-XAJ25415.1	GGT	G	GGC	G	346
HA|PP755589.1|A/cattle/Texas/24-008749-003/2024(H5N1)	1115	G	A	355	161	33	4	0	32	0.0111421	359	0.0589587	FALSE	HA:cds-XAJ25415.1	AGC	S	AAC	N	372
HA|PP755589.1|A/cattle/Texas/24-008749-003/2024(H5N1)	1143	G	A	0	0	0	888	151	33	1	888	0	TRUE	HA:cds-XAJ25415.1	GCG	A	GCA	A	381
HA|PP755589.1|A/cattle/Texas/24-008749-003/2024(H5N1)	1314	A	C	0	0	0	1694	761	33	1	1694	0	TRUE	HA:cds-XAJ25415.1	ACA	T	ACC	T	438
HA|PP755589.1|A/cattle/Texas/24-008749-003/2024(H5N1)	1405	T	C	0	0	0	1858	1000	33	1	1858	0	TRUE	HA:cds-XAJ25415.1	TTA	L	CTA	L	469
HA|PP755589.1|A/cattle/Texas/24-008749-003/2024(H5N1)	1440	C	T	0	0	0	1858	812	33	1	1858	0	TRUE	HA:cds-XAJ25415.1	AAC	N	AAT	N	480
HA|PP755589.1|A/cattle/Texas/24-008749-003/2024(H5N1)	1467	T	C	0	0	0	1578	826	33	1	1578	0	TRUE	HA:cds-XAJ25415.1	TGT	C	TGC	C	489
HA|PP755589.1|A/cattle/Texas/24-008749-003/2024(H5N1)	1471	A	G	3	2	34	1615	831	33	0.998146	1618	0	TRUE	HA:cds-XAJ25415.1	AAT	N	GAT	D	491
HA|PP755589.1|A/cattle/Texas/24-008749-003/2024(H5N1)	1576	G	A	1	1	34	1757	1332	33	0.999431	1758	0	TRUE	HA:cds-XAJ25415.1	GTA	V	ATA	I	526
HA|PP755589.1|A/cattle/Texas/24-008749-003/2024(H5N1)	1617	A	G	0	0	0	1855	1522	33	1	1855	0	TRUE	HA:cds-XAJ25415.1	GCA	A	GCG	A	539
HA|PP755589.1|A/cattle/Texas/24-008749-003/2024(H5N1)	1686	A	G	4	3	34	740	661	33	0.993289	745	0	TRUE	HA:cds-XAJ25415.1	CAA	Q	CAG	Q	562
