REGION	POS	REF	ALT	REF_DP	REF_RV	REF_QUAL	ALT_DP	ALT_RV	ALT_QUAL	ALT_FREQ	TOTAL_DP	PVAL	PASS	GFF_FEATURE	REF_CODON	REF_AA	ALT_CODON	ALT_AA	POS_AA
PB1|PP755595.1|A/cattle/Texas/24-008749-003/2024(H5N1)	39	A	T	45	9	38	1	0	26	0.0217391	46	0.406219	FALSE	PB1:cds-XAJ25424.1	CCA	P	CCT	P	13
PB1|PP755595.1|A/cattle/Texas/24-008749-003/2024(H5N1)	187	G	-CACCT	111	25	37	3	0	20	0.0212766	141	0.238175	FALSE	NA	NA	NA	NA	NA	NA
PB1|PP755595.1|A/cattle/Texas/24-008749-003/2024(H5N1)	204	A	C	95	33	37	2	0	30	0.0206186	97	0.175268	FALSE	PB1:cds-XAJ25424.1	CCA	P	CCC	P	68
PB1|PP755595.1|A/cattle/Texas/24-008749-003/2024(H5N1)	204	A	C	95	33	37	2	0	30	0.0206186	97	0.175268	FALSE	PB1-F2:cds-XAJ25425.1	CAA	Q	CCA	P	37
PB1|PP755595.1|A/cattle/Texas/24-008749-003/2024(H5N1)	224	A	G	99	31	38	1	0	34	0.01	100	0.45045	FALSE	PB1:cds-XAJ25424.1	GAT	D	GGT	G	75
PB1|PP755595.1|A/cattle/Texas/24-008749-003/2024(H5N1)	224	A	G	99	31	38	1	0	34	0.01	100	0.45045	FALSE	PB1-F2:cds-XAJ25425.1	ATG	M	GTG	V	44
PB1|PP755595.1|A/cattle/Texas/24-008749-003/2024(H5N1)	243	A	C	66	18	38	1	1	34	0.0149254	67	0.462069	FALSE	PB1:cds-XAJ25424.1	GGA	G	GGC	G	81
PB1|PP755595.1|A/cattle/Texas/24-008749-003/2024(H5N1)	243	A	C	66	18	38	1	1	34	0.0149254	67	0.462069	FALSE	PB1-F2:cds-XAJ25425.1	GAT	D	GCT	A	50
PB1|PP755595.1|A/cattle/Texas/24-008749-003/2024(H5N1)	266	T	-TGAAGCAA	52	15	35	1	0	20	0.0175439	57	0.486239	FALSE	NA	NA	NA	NA	NA	NA
PB1|PP755595.1|A/cattle/Texas/24-008749-003/2024(H5N1)	282	C	T	53	20	34	1	1	34	0.0185185	54	0.486486	FALSE	PB1:cds-XAJ25424.1	TTC	F	TTT	F	94
PB1|PP755595.1|A/cattle/Texas/24-008749-003/2024(H5N1)	282	C	T	53	20	34	1	1	34	0.0185185	54	0.486486	FALSE	PB1-F2:cds-XAJ25425.1	TCC	S	TTC	F	63
PB1|PP755595.1|A/cattle/Texas/24-008749-003/2024(H5N1)	284	T	A	50	20	34	1	0	26	0.0196078	51	0.476636	FALSE	PB1:cds-XAJ25424.1	CTT	L	CAT	H	95
PB1|PP755595.1|A/cattle/Texas/24-008749-003/2024(H5N1)	284	T	A	50	20	34	1	0	26	0.0196078	51	0.476636	FALSE	PB1-F2:cds-XAJ25425.1	TTG	L	ATG	M	64
PB1|PP755595.1|A/cattle/Texas/24-008749-003/2024(H5N1)	285	T	C	49	18	35	1	0	34	0.02	50	0.471698	FALSE	PB1:cds-XAJ25424.1	CTT	L	CTC	L	95
PB1|PP755595.1|A/cattle/Texas/24-008749-003/2024(H5N1)	285	T	C	49	18	35	1	0	34	0.02	50	0.471698	FALSE	PB1-F2:cds-XAJ25425.1	TTG	L	TCG	S	64
PB1|PP755595.1|A/cattle/Texas/24-008749-003/2024(H5N1)	318	G	A	69	37	36	1	0	60	0.0142857	70	0.472973	FALSE	PB1:cds-XAJ25424.1	TCG	S	TCA	S	106
PB1|PP755595.1|A/cattle/Texas/24-008749-003/2024(H5N1)	318	G	A	69	37	36	1	0	60	0.0142857	70	0.472973	FALSE	PB1-F2:cds-XAJ25425.1	CGT	R	CAT	H	75
PB1|PP755595.1|A/cattle/Texas/24-008749-003/2024(H5N1)	341	T	G	69	42	37	1	1	34	0.0142857	70	0.472973	FALSE	PB1:cds-XAJ25424.1	GTT	V	GGT	G	114
PB1|PP755595.1|A/cattle/Texas/24-008749-003/2024(H5N1)	341	T	G	69	42	37	1	1	34	0.0142857	70	0.472973	FALSE	PB1-F2:cds-XAJ25425.1	TTC	F	GTC	V	83
PB1|PP755595.1|A/cattle/Texas/24-008749-003/2024(H5N1)	353	G	A	66	44	37	1	1	34	0.0149254	67	0.449664	FALSE	PB1:cds-XAJ25424.1	AGA	R	AAA	K	118
PB1|PP755595.1|A/cattle/Texas/24-008749-003/2024(H5N1)	353	G	A	66	44	37	1	1	34	0.0149254	67	0.449664	FALSE	PB1-F2:cds-XAJ25425.1	GAG	E	AAG	K	87
PB1|PP755595.1|A/cattle/Texas/24-008749-003/2024(H5N1)	359	A	C	71	46	37	1	0	34	0.0138889	72	0.467532	FALSE	PB1:cds-XAJ25424.1	GAC	D	GCC	A	120
PB1|PP755595.1|A/cattle/Texas/24-008749-003/2024(H5N1)	359	A	C	71	46	37	1	0	34	0.0138889	72	0.467532	FALSE	PB1-F2:cds-XAJ25425.1	ACA	T	CCA	P	89
PB1|PP755595.1|A/cattle/Texas/24-008749-003/2024(H5N1)	372	A	T	62	40	36	1	1	34	0.015873	63	0.456522	FALSE	PB1:cds-XAJ25424.1	CAA	Q	CAT	H	124
PB1|PP755595.1|A/cattle/Texas/24-008749-003/2024(H5N1)	373	G	C	62	40	38	1	0	26	0.015873	63	0.456522	FALSE	PB1:cds-XAJ25424.1	GGC	G	CGC	R	125
PB1|PP755595.1|A/cattle/Texas/24-008749-003/2024(H5N1)	404	G	A	51	36	35	1	1	34	0.0192308	52	0.464286	FALSE	PB1:cds-XAJ25424.1	AGA	R	AAA	K	135
PB1|PP755595.1|A/cattle/Texas/24-008749-003/2024(H5N1)	432	T	A	48	33	35	1	1	34	0.0204082	49	0.433628	FALSE	PB1:cds-XAJ25424.1	GCT	A	GCA	A	144
PB1|PP755595.1|A/cattle/Texas/24-008749-003/2024(H5N1)	440	T	A	51	31	36	1	0	26	0.0192308	52	0.460177	FALSE	PB1:cds-XAJ25424.1	ATA	I	AAA	K	147
PB1|PP755595.1|A/cattle/Texas/24-008749-003/2024(H5N1)	514	G	C	39	21	38	1	1	34	0.025	40	0.449438	FALSE	PB1:cds-XAJ25424.1	GAA	E	CAA	Q	172
PB1|PP755595.1|A/cattle/Texas/24-008749-003/2024(H5N1)	522	G	T	39	21	39	1	1	26	0.025	40	0.449438	FALSE	PB1:cds-XAJ25424.1	ATG	M	ATT	I	174
PB1|PP755595.1|A/cattle/Texas/24-008749-003/2024(H5N1)	539	A	T	44	26	37	1	1	26	0.0222222	45	0.454545	FALSE	PB1:cds-XAJ25424.1	GAA	E	GTA	V	180
PB1|PP755595.1|A/cattle/Texas/24-008749-003/2024(H5N1)	565	A	G	43	27	37	2	1	51	0.0444444	45	0.192196	FALSE	PB1:cds-XAJ25424.1	AGA	R	GGA	G	189
PB1|PP755595.1|A/cattle/Texas/24-008749-003/2024(H5N1)	670	C	T	33	15	36	1	0	34	0.0294118	34	0.485714	FALSE	PB1:cds-XAJ25424.1	CTG	L	TTG	L	224
PB1|PP755595.1|A/cattle/Texas/24-008749-003/2024(H5N1)	702	C	G	30	12	35	1	0	34	0.0322581	31	0.492063	FALSE	PB1:cds-XAJ25424.1	GGC	G	GGG	G	234
PB1|PP755595.1|A/cattle/Texas/24-008749-003/2024(H5N1)	745	A	T	31	14	40	1	1	26	0.03125	32	0.438356	FALSE	PB1:cds-XAJ25424.1	AGA	R	TGA	*	249
PB1|PP755595.1|A/cattle/Texas/24-008749-003/2024(H5N1)	751	T	G	32	10	38	1	1	25	0.030303	33	0.4125	FALSE	PB1:cds-XAJ25424.1	TTT	F	GTT	V	251
PB1|PP755595.1|A/cattle/Texas/24-008749-003/2024(H5N1)	755	T	C	37	15	40	1	0	34	0.0263158	38	0.447059	FALSE	PB1:cds-XAJ25424.1	GTG	V	GCG	A	252
PB1|PP755595.1|A/cattle/Texas/24-008749-003/2024(H5N1)	873	T	A	44	19	41	1	1	26	0.0222222	45	0.420561	FALSE	PB1:cds-XAJ25424.1	ACT	T	ACA	T	291
PB1|PP755595.1|A/cattle/Texas/24-008749-003/2024(H5N1)	912	A	G	43	24	41	1	1	34	0.0227273	44	0.444444	FALSE	PB1:cds-XAJ25424.1	GGA	G	GGG	G	304
PB1|PP755595.1|A/cattle/Texas/24-008749-003/2024(H5N1)	913	G	T	39	21	42	1	1	26	0.0243902	41	0.421053	FALSE	PB1:cds-XAJ25424.1	GAC	D	TAC	Y	305
PB1|PP755595.1|A/cattle/Texas/24-008749-003/2024(H5N1)	913	G	A	39	21	42	1	1	34	0.0243902	41	0.421053	FALSE	PB1:cds-XAJ25424.1	GAC	D	AAC	N	305
PB1|PP755595.1|A/cattle/Texas/24-008749-003/2024(H5N1)	940	A	T	43	26	40	1	1	34	0.0227273	44	0.44898	FALSE	PB1:cds-XAJ25424.1	AAT	N	TAT	Y	314
PB1|PP755595.1|A/cattle/Texas/24-008749-003/2024(H5N1)	945	T	C	0	0	0	44	27	40	1	44	6.50952e-29	TRUE	PB1:cds-XAJ25424.1	CCT	P	CCC	P	315
PB1|PP755595.1|A/cattle/Texas/24-008749-003/2024(H5N1)	1000	A	T	43	23	33	1	1	26	0.0222222	45	0.44	FALSE	PB1:cds-XAJ25424.1	AGG	R	TGG	W	334
PB1|PP755595.1|A/cattle/Texas/24-008749-003/2024(H5N1)	1000	A	G	43	23	33	1	1	34	0.0222222	45	0.44	FALSE	PB1:cds-XAJ25424.1	AGG	R	GGG	G	334
PB1|PP755595.1|A/cattle/Texas/24-008749-003/2024(H5N1)	1006	G	A	54	21	35	1	0	26	0.0181818	55	0.486726	FALSE	PB1:cds-XAJ25424.1	GTA	V	ATA	I	336
PB1|PP755595.1|A/cattle/Texas/24-008749-003/2024(H5N1)	1035	A	G	52	11	37	1	1	26	0.0188679	53	0.464912	FALSE	PB1:cds-XAJ25424.1	TCA	S	TCG	S	345
PB1|PP755595.1|A/cattle/Texas/24-008749-003/2024(H5N1)	1038	C	A	52	11	36	1	0	34	0.0188679	53	0.464912	FALSE	PB1:cds-XAJ25424.1	AAC	N	AAA	K	346
PB1|PP755595.1|A/cattle/Texas/24-008749-003/2024(H5N1)	1064	A	G	43	11	37	1	1	34	0.0227273	44	0.411215	FALSE	PB1:cds-XAJ25424.1	TAC	Y	TGC	C	355
PB1|PP755595.1|A/cattle/Texas/24-008749-003/2024(H5N1)	1122	G	T	57	26	43	1	1	26	0.0172414	58	0.432836	FALSE	PB1:cds-XAJ25424.1	GCG	A	GCT	A	374
PB1|PP755595.1|A/cattle/Texas/24-008749-003/2024(H5N1)	1153	A	C	47	27	40	1	0	23	0.0208333	48	0.4	FALSE	PB1:cds-XAJ25424.1	ACA	T	CCA	P	385
PB1|PP755595.1|A/cattle/Texas/24-008749-003/2024(H5N1)	1160	A	G	56	33	39	1	1	34	0.0175439	57	0.448819	FALSE	PB1:cds-XAJ25424.1	AAG	K	AGG	R	387
PB1|PP755595.1|A/cattle/Texas/24-008749-003/2024(H5N1)	1166	T	A	54	32	40	1	0	21	0.0181818	55	0.443548	FALSE	PB1:cds-XAJ25424.1	ATA	I	AAA	K	389
PB1|PP755595.1|A/cattle/Texas/24-008749-003/2024(H5N1)	1184	T	G	54	35	38	1	1	34	0.0181818	55	0.45082	FALSE	PB1:cds-XAJ25424.1	CTT	L	CGT	R	395
PB1|PP755595.1|A/cattle/Texas/24-008749-003/2024(H5N1)	1240	A	G	55	28	36	1	0	22	0.0178571	56	0.474576	FALSE	PB1:cds-XAJ25424.1	ATG	M	GTG	V	414
PB1|PP755595.1|A/cattle/Texas/24-008749-003/2024(H5N1)	1243	C	T	60	36	38	1	1	34	0.0163934	61	0.451852	FALSE	PB1:cds-XAJ25424.1	CTG	L	TTG	L	415
PB1|PP755595.1|A/cattle/Texas/24-008749-003/2024(H5N1)	1292	A	T	48	23	38	1	0	26	0.0204082	49	0.441441	FALSE	PB1:cds-XAJ25424.1	TAC	Y	TTC	F	431
PB1|PP755595.1|A/cattle/Texas/24-008749-003/2024(H5N1)	1323	A	G	56	25	38	1	1	26	0.0175439	57	0.448819	FALSE	PB1:cds-XAJ25424.1	CTA	L	CTG	L	441
PB1|PP755595.1|A/cattle/Texas/24-008749-003/2024(H5N1)	1350	C	T	49	22	37	1	1	68	0.02	50	0.462963	FALSE	PB1:cds-XAJ25424.1	ATC	I	ATT	I	450
PB1|PP755595.1|A/cattle/Texas/24-008749-003/2024(H5N1)	1708	A	C	256	140	36	3	0	29	0.011583	259	0.529589	FALSE	PB1:cds-XAJ25424.1	ACA	T	CCA	P	570
PB1|PP755595.1|A/cattle/Texas/24-008749-003/2024(H5N1)	1780	G	A	354	170	38	5	1	32	0.0139276	359	0.0174765	FALSE	PB1:cds-XAJ25424.1	GGA	G	AGA	R	594
PB1|PP755595.1|A/cattle/Texas/24-008749-003/2024(H5N1)	1926	T	C	2	2	30	382	237	39	0.994792	384	7.00644e-254	TRUE	PB1:cds-XAJ25424.1	AAT	N	AAC	N	642
PB1|PP755595.1|A/cattle/Texas/24-008749-003/2024(H5N1)	2102	C	-TAGCAGTTCA	401	206	39	32	0	20	0.0620155	516	1.85381e-07	TRUE	NA	NA	NA	NA	NA	NA
