REGION	POS	REF	ALT	REF_DP	REF_RV	REF_QUAL	ALT_DP	ALT_RV	ALT_QUAL	ALT_FREQ	TOTAL_DP	PVAL	PASS	GFF_FEATURE	REF_CODON	REF_AA	ALT_CODON	ALT_AA	POS_AA
PB2|PP755596.1|A/cattle/Texas/24-008749-003/2024(H5N1)	21	G	A	0	0	0	50	22	40	1	50	5.05783e-38	TRUE	PB2:cds-XAJ25426.1	CTG	L	CTA	L	7
PB2|PP755596.1|A/cattle/Texas/24-008749-003/2024(H5N1)	27	T	C	0	0	0	51	22	40	1	51	1.19421e-38	TRUE	PB2:cds-XAJ25426.1	GAT	D	GAC	D	9
PB2|PP755596.1|A/cattle/Texas/24-008749-003/2024(H5N1)	60	A	C	0	0	0	60	26	38	1	60	2.92836e-44	TRUE	PB2:cds-XAJ25426.1	CTA	L	CTC	L	20
PB2|PP755596.1|A/cattle/Texas/24-008749-003/2024(H5N1)	69	C	T	0	0	0	55	25	38	1	55	2.34386e-41	TRUE	PB2:cds-XAJ25426.1	ACC	T	ACT	T	23
PB2|PP755596.1|A/cattle/Texas/24-008749-003/2024(H5N1)	72	T	C	0	0	0	58	27	38	1	58	1.36613e-42	TRUE	PB2:cds-XAJ25426.1	ACT	T	ACC	T	24
PB2|PP755596.1|A/cattle/Texas/24-008749-003/2024(H5N1)	75	T	G	0	0	0	55	25	38	1	55	2.34386e-41	TRUE	PB2:cds-XAJ25426.1	GTT	V	GTG	V	25
PB2|PP755596.1|A/cattle/Texas/24-008749-003/2024(H5N1)	96	G	A	0	0	0	56	25	39	1	56	3.88809e-41	TRUE	PB2:cds-XAJ25426.1	AAG	K	AAA	K	32
PB2|PP755596.1|A/cattle/Texas/24-008749-003/2024(H5N1)	99	G	A	0	0	0	54	25	37	1	54	2.56336e-40	TRUE	PB2:cds-XAJ25426.1	AAG	K	AAA	K	33
PB2|PP755596.1|A/cattle/Texas/24-008749-003/2024(H5N1)	108	A	G	0	0	0	6	2	36	1	6	3.68568e-05	TRUE	PB2:cds-XAJ25426.1	TCA	S	TCG	S	36
PB2|PP755596.1|A/cattle/Texas/24-008749-003/2024(H5N1)	114	A	G	0	0	0	6	2	37	1	6	3.68568e-05	TRUE	PB2:cds-XAJ25426.1	AGA	R	AGG	R	38
PB2|PP755596.1|A/cattle/Texas/24-008749-003/2024(H5N1)	120	A	G	0	0	0	4	1	38	1	4	0.000732601	TRUE	PB2:cds-XAJ25426.1	GAA	E	GAG	E	40
PB2|PP755596.1|A/cattle/Texas/24-008749-003/2024(H5N1)	129	T	C	0	0	0	6	1	38	1	6	2.57998e-05	TRUE	PB2:cds-XAJ25426.1	CCT	P	CCC	P	43
PB2|PP755596.1|A/cattle/Texas/24-008749-003/2024(H5N1)	138	A	G	0	0	0	6	1	40	1	6	2.57998e-05	TRUE	PB2:cds-XAJ25426.1	AGA	R	AGG	R	46
PB2|PP755596.1|A/cattle/Texas/24-008749-003/2024(H5N1)	172	G	A	0	0	0	7	1	39	1	7	5.86359e-06	TRUE	PB2:cds-XAJ25426.1	GCA	A	ACA	T	58
PB2|PP755596.1|A/cattle/Texas/24-008749-003/2024(H5N1)	184	C	A	0	0	0	8	1	37	1	8	7.9384e-06	TRUE	PB2:cds-XAJ25426.1	CGA	R	AGA	R	62
PB2|PP755596.1|A/cattle/Texas/24-008749-003/2024(H5N1)	186	A	G	0	0	0	8	1	36	1	8	4.91425e-06	TRUE	PB2:cds-XAJ25426.1	CGA	R	CGG	R	62
PB2|PP755596.1|A/cattle/Texas/24-008749-003/2024(H5N1)	191	T	-G	9	1	38	2	0	20	0.142857	14	0.199275	FALSE	NA	NA	NA	NA	NA	NA
PB2|PP755596.1|A/cattle/Texas/24-008749-003/2024(H5N1)	201	C	T	0	0	0	9	2	43	1	9	1.22371e-06	TRUE	PB2:cds-XAJ25426.1	ATC	I	ATT	I	67
PB2|PP755596.1|A/cattle/Texas/24-008749-003/2024(H5N1)	210	G	A	0	0	0	9	2	44	1	9	7.64816e-07	TRUE	PB2:cds-XAJ25426.1	AGG	R	AGA	R	70
PB2|PP755596.1|A/cattle/Texas/24-008749-003/2024(H5N1)	231	C	T	0	0	0	8	5	44	1	8	1.32307e-05	TRUE	PB2:cds-XAJ25426.1	CTC	L	CTT	L	77
PB2|PP755596.1|A/cattle/Texas/24-008749-003/2024(H5N1)	240	G	A	0	0	0	9	5	46	1	9	5.9538e-06	TRUE	PB2:cds-XAJ25426.1	AAG	K	AAA	K	80
PB2|PP755596.1|A/cattle/Texas/24-008749-003/2024(H5N1)	243	A	G	0	0	0	10	5	43	1	10	2.83514e-06	TRUE	PB2:cds-XAJ25426.1	ACA	T	ACG	T	81
PB2|PP755596.1|A/cattle/Texas/24-008749-003/2024(H5N1)	246	T	C	0	0	0	9	4	45	1	9	5.9538e-06	TRUE	PB2:cds-XAJ25426.1	AAT	N	AAC	N	82
PB2|PP755596.1|A/cattle/Texas/24-008749-003/2024(H5N1)	255	A	G	0	0	0	8	4	45	1	8	1.32307e-05	TRUE	PB2:cds-XAJ25426.1	GGA	G	GGG	G	85
PB2|PP755596.1|A/cattle/Texas/24-008749-003/2024(H5N1)	258	A	T	0	0	0	9	4	40	1	9	5.9538e-06	TRUE	PB2:cds-XAJ25426.1	TCA	S	TCT	S	86
PB2|PP755596.1|A/cattle/Texas/24-008749-003/2024(H5N1)	261	T	C	0	0	0	8	4	41	1	8	1.32307e-05	TRUE	PB2:cds-XAJ25426.1	GAT	D	GAC	D	87
PB2|PP755596.1|A/cattle/Texas/24-008749-003/2024(H5N1)	279	C	T	0	0	0	11	5	45	1	11	1.2943e-07	TRUE	PB2:cds-XAJ25426.1	CCC	P	CCT	P	93
PB2|PP755596.1|A/cattle/Texas/24-008749-003/2024(H5N1)	289	A	G	10	3	52	1	0	76	0.0909091	11	0.423077	FALSE	PB2:cds-XAJ25426.1	ACA	T	GCA	A	97
PB2|PP755596.1|A/cattle/Texas/24-008749-003/2024(H5N1)	306	T	C	0	0	0	10	3	56	1	10	5.09877e-07	TRUE	PB2:cds-XAJ25426.1	AAT	N	AAC	N	102
PB2|PP755596.1|A/cattle/Texas/24-008749-003/2024(H5N1)	324	A	G	0	0	0	11	5	61	1	11	2.8904e-08	TRUE	PB2:cds-XAJ25426.1	ACA	T	ACG	T	108
PB2|PP755596.1|A/cattle/Texas/24-008749-003/2024(H5N1)	325	A	G	0	0	0	11	5	62	1	11	2.8904e-08	TRUE	PB2:cds-XAJ25426.1	ATT	I	GTT	V	109
PB2|PP755596.1|A/cattle/Texas/24-008749-003/2024(H5N1)	327	T	C	0	0	0	11	5	61	1	11	2.8904e-08	TRUE	PB2:cds-XAJ25426.1	ATT	I	ATC	I	109
PB2|PP755596.1|A/cattle/Texas/24-008749-003/2024(H5N1)	333	T	C	0	0	0	14	5	56	1	14	2.63415e-10	TRUE	PB2:cds-XAJ25426.1	TAT	Y	TAC	Y	111
PB2|PP755596.1|A/cattle/Texas/24-008749-003/2024(H5N1)	357	T	C	0	0	0	15	7	60	1	15	3.97759e-11	TRUE	PB2:cds-XAJ25426.1	TTT	F	TTC	F	119
PB2|PP755596.1|A/cattle/Texas/24-008749-003/2024(H5N1)	385	A	G	0	0	0	14	6	64	1	14	1.63744e-10	TRUE	PB2:cds-XAJ25426.1	ACC	T	GCC	A	129
PB2|PP755596.1|A/cattle/Texas/24-008749-003/2024(H5N1)	393	C	T	0	0	0	14	6	62	1	14	4.30906e-11	TRUE	PB2:cds-XAJ25426.1	GGC	G	GGT	G	131
PB2|PP755596.1|A/cattle/Texas/24-008749-003/2024(H5N1)	399	A	T	0	0	0	18	6	58	1	18	3.54742e-13	TRUE	PB2:cds-XAJ25426.1	GTA	V	GTT	V	133
PB2|PP755596.1|A/cattle/Texas/24-008749-003/2024(H5N1)	411	C	T	0	0	0	18	6	61	1	18	2.18883e-13	TRUE	PB2:cds-XAJ25426.1	AAC	N	AAT	N	137
PB2|PP755596.1|A/cattle/Texas/24-008749-003/2024(H5N1)	415	A	G	0	0	0	18	7	62	1	18	5.53908e-14	TRUE	PB2:cds-XAJ25426.1	ATT	I	GTT	V	139
PB2|PP755596.1|A/cattle/Texas/24-008749-003/2024(H5N1)	447	G	A	0	0	0	19	7	61	1	19	2.06358e-14	TRUE	PB2:cds-XAJ25426.1	CCG	P	CCA	P	149
PB2|PP755596.1|A/cattle/Texas/24-008749-003/2024(H5N1)	456	T	A	0	0	0	22	7	60	1	22	1.77881e-16	TRUE	PB2:cds-XAJ25426.1	GCT	A	GCA	A	152
PB2|PP755596.1|A/cattle/Texas/24-008749-003/2024(H5N1)	465	C	T	0	0	0	20	7	61	1	20	1.27289e-15	TRUE	PB2:cds-XAJ25426.1	AGC	S	AGT	S	155
PB2|PP755596.1|A/cattle/Texas/24-008749-003/2024(H5N1)	483	C	T	0	0	0	20	6	62	1	20	1.98005e-15	TRUE	PB2:cds-XAJ25426.1	GAC	D	GAT	D	161
PB2|PP755596.1|A/cattle/Texas/24-008749-003/2024(H5N1)	530	T	-G	20	5	56	1	0	20	0.0322581	31	0.411765	FALSE	NA	NA	NA	NA	NA	NA
PB2|PP755596.1|A/cattle/Texas/24-008749-003/2024(H5N1)	531	G	A	0	0	0	18	5	59	1	18	2.18883e-13	TRUE	PB2:cds-XAJ25426.1	CTG	L	CTA	L	177
PB2|PP755596.1|A/cattle/Texas/24-008749-003/2024(H5N1)	534	G	A	0	0	0	18	5	58	1	18	2.18883e-13	TRUE	PB2:cds-XAJ25426.1	ACG	T	ACA	T	178
PB2|PP755596.1|A/cattle/Texas/24-008749-003/2024(H5N1)	540	A	G	0	0	0	18	5	58	1	18	2.18883e-13	TRUE	PB2:cds-XAJ25426.1	GAA	E	GAG	E	180
PB2|PP755596.1|A/cattle/Texas/24-008749-003/2024(H5N1)	547	T	C	0	0	0	21	6	53	1	21	3.14479e-15	TRUE	PB2:cds-XAJ25426.1	TTG	L	CTG	L	183
PB2|PP755596.1|A/cattle/Texas/24-008749-003/2024(H5N1)	552	A	G	0	0	0	22	7	54	1	22	1.28121e-15	TRUE	PB2:cds-XAJ25426.1	ACA	T	ACG	T	184
PB2|PP755596.1|A/cattle/Texas/24-008749-003/2024(H5N1)	559	A	T	20	7	56	1	0	20	0.047619	21	0.403846	FALSE	PB2:cds-XAJ25426.1	AAG	K	TAG	*	187
PB2|PP755596.1|A/cattle/Texas/24-008749-003/2024(H5N1)	564	A	G	0	0	0	20	5	56	1	20	2.12183e-14	TRUE	PB2:cds-XAJ25426.1	GAA	E	GAG	E	188
PB2|PP755596.1|A/cattle/Texas/24-008749-003/2024(H5N1)	594	C	T	0	0	0	24	7	57	1	24	2.77374e-17	TRUE	PB2:cds-XAJ25426.1	ATC	I	ATT	I	198
PB2|PP755596.1|A/cattle/Texas/24-008749-003/2024(H5N1)	597	C	A	0	0	0	22	5	55	1	22	1.77881e-16	TRUE	PB2:cds-XAJ25426.1	GCC	A	GCA	A	199
PB2|PP755596.1|A/cattle/Texas/24-008749-003/2024(H5N1)	601	C	T	0	0	0	23	6	55	1	23	6.93435e-17	TRUE	PB2:cds-XAJ25426.1	CTG	L	TTG	L	201
PB2|PP755596.1|A/cattle/Texas/24-008749-003/2024(H5N1)	609	T	C	0	0	0	25	7	59	1	25	1.53448e-18	TRUE	PB2:cds-XAJ25426.1	GTT	V	GTC	V	203
PB2|PP755596.1|A/cattle/Texas/24-008749-003/2024(H5N1)	631	C	T	0	0	0	23	6	57	1	23	6.93435e-17	TRUE	PB2:cds-XAJ25426.1	CTG	L	TTG	L	211
PB2|PP755596.1|A/cattle/Texas/24-008749-003/2024(H5N1)	633	G	A	0	0	0	21	4	57	1	21	4.6896e-16	TRUE	PB2:cds-XAJ25426.1	CTG	L	CTA	L	211
PB2|PP755596.1|A/cattle/Texas/24-008749-003/2024(H5N1)	645	A	G	0	0	0	22	8	54	1	22	7.68726e-16	TRUE	PB2:cds-XAJ25426.1	ACA	T	ACG	T	215
PB2|PP755596.1|A/cattle/Texas/24-008749-003/2024(H5N1)	660	T	G	0	0	0	22	7	53	1	22	7.68726e-16	TRUE	PB2:cds-XAJ25426.1	GTT	V	GTG	V	220
PB2|PP755596.1|A/cattle/Texas/24-008749-003/2024(H5N1)	684	C	T	0	0	0	22	8	54	1	22	1.77881e-16	TRUE	PB2:cds-XAJ25426.1	TAC	Y	TAT	Y	228
PB2|PP755596.1|A/cattle/Texas/24-008749-003/2024(H5N1)	702	G	A	0	0	0	18	8	57	1	18	2.18883e-13	TRUE	PB2:cds-XAJ25426.1	TTG	L	TTA	L	234
PB2|PP755596.1|A/cattle/Texas/24-008749-003/2024(H5N1)	711	A	G	0	0	0	15	8	59	1	15	1.01345e-11	TRUE	PB2:cds-XAJ25426.1	GGA	G	GGG	G	237
PB2|PP755596.1|A/cattle/Texas/24-008749-003/2024(H5N1)	730	T	C	15	7	56	2	1	56	0.117647	17	0.143763	FALSE	PB2:cds-XAJ25426.1	TAT	Y	CAT	H	244
PB2|PP755596.1|A/cattle/Texas/24-008749-003/2024(H5N1)	732	T	C	0	0	0	16	9	56	1	16	6.00566e-12	TRUE	PB2:cds-XAJ25426.1	TAT	Y	TAC	Y	244
PB2|PP755596.1|A/cattle/Texas/24-008749-003/2024(H5N1)	756	C	T	0	0	0	18	11	53	1	18	9.71316e-13	TRUE	PB2:cds-XAJ25426.1	AAC	N	AAT	N	252
PB2|PP755596.1|A/cattle/Texas/24-008749-003/2024(H5N1)	764	C	T	0	0	0	19	10	54	1	19	1.43406e-13	TRUE	PB2:cds-XAJ25426.1	GCA	A	GTA	V	255
PB2|PP755596.1|A/cattle/Texas/24-008749-003/2024(H5N1)	774	C	T	0	0	0	20	11	52	1	20	5.97526e-14	TRUE	PB2:cds-XAJ25426.1	AGC	S	AGT	S	258
PB2|PP755596.1|A/cattle/Texas/24-008749-003/2024(H5N1)	780	C	T	0	0	0	18	9	55	1	18	3.54742e-13	TRUE	PB2:cds-XAJ25426.1	ATC	I	ATT	I	260
PB2|PP755596.1|A/cattle/Texas/24-008749-003/2024(H5N1)	783	T	C	0	0	0	20	11	52	1	20	5.97526e-14	TRUE	PB2:cds-XAJ25426.1	ATT	I	ATC	I	261
PB2|PP755596.1|A/cattle/Texas/24-008749-003/2024(H5N1)	795	T	C	0	0	0	17	9	52	1	17	1.45697e-12	TRUE	PB2:cds-XAJ25426.1	AAT	N	AAC	N	265
PB2|PP755596.1|A/cattle/Texas/24-008749-003/2024(H5N1)	816	G	A	0	0	0	17	11	51	1	17	1.12698e-11	TRUE	PB2:cds-XAJ25426.1	GTG	V	GTA	V	272
PB2|PP755596.1|A/cattle/Texas/24-008749-003/2024(H5N1)	829	T	C	0	0	0	15	9	53	1	15	3.07887e-10	TRUE	PB2:cds-XAJ25426.1	TTA	L	CTA	L	277
PB2|PP755596.1|A/cattle/Texas/24-008749-003/2024(H5N1)	834	A	C	0	0	0	14	8	49	1	14	4.31042e-10	TRUE	PB2:cds-XAJ25426.1	GCA	A	GCC	A	278
PB2|PP755596.1|A/cattle/Texas/24-008749-003/2024(H5N1)	840	A	G	0	0	0	16	9	47	1	16	4.49641e-11	TRUE	PB2:cds-XAJ25426.1	CTA	L	CTG	L	280
PB2|PP755596.1|A/cattle/Texas/24-008749-003/2024(H5N1)	864	A	G	0	0	0	14	8	59	1	14	1.03417e-10	TRUE	PB2:cds-XAJ25426.1	CAA	Q	CAG	Q	288
PB2|PP755596.1|A/cattle/Texas/24-008749-003/2024(H5N1)	870	A	G	0	0	0	17	8	54	1	17	6.59698e-12	TRUE	PB2:cds-XAJ25426.1	GGA	G	GGG	G	290
PB2|PP755596.1|A/cattle/Texas/24-008749-003/2024(H5N1)	885	A	C	0	0	0	19	9	54	1	19	1.43406e-13	TRUE	PB2:cds-XAJ25426.1	GTA	V	GTC	V	295
PB2|PP755596.1|A/cattle/Texas/24-008749-003/2024(H5N1)	891	T	C	0	0	0	19	10	55	1	19	8.66412e-14	TRUE	PB2:cds-XAJ25426.1	ATT	I	ATC	I	297
PB2|PP755596.1|A/cattle/Texas/24-008749-003/2024(H5N1)	897	G	A	0	0	0	19	10	55	1	19	8.66412e-14	TRUE	PB2:cds-XAJ25426.1	CGG	R	CGA	R	299
PB2|PP755596.1|A/cattle/Texas/24-008749-003/2024(H5N1)	909	G	A	0	0	0	20	11	55	1	20	2.12183e-14	TRUE	PB2:cds-XAJ25426.1	ACG	T	ACA	T	303
PB2|PP755596.1|A/cattle/Texas/24-008749-003/2024(H5N1)	936	G	A	0	0	0	16	6	63	1	16	3.77099e-12	TRUE	PB2:cds-XAJ25426.1	AAG	K	AAA	K	312
PB2|PP755596.1|A/cattle/Texas/24-008749-003/2024(H5N1)	945	G	A	0	0	0	17	6	61	1	17	1.45697e-12	TRUE	PB2:cds-XAJ25426.1	ATG	M	ATA	I	315
PB2|PP755596.1|A/cattle/Texas/24-008749-003/2024(H5N1)	966	G	T	0	0	0	19	6	57	1	19	5.30457e-14	TRUE	PB2:cds-XAJ25426.1	TCG	S	TCT	S	322
PB2|PP755596.1|A/cattle/Texas/24-008749-003/2024(H5N1)	1020	G	A	0	0	0	19	10	60	1	19	3.28883e-14	TRUE	PB2:cds-XAJ25426.1	AGG	R	AGA	R	340
PB2|PP755596.1|A/cattle/Texas/24-008749-003/2024(H5N1)	1029	G	A	0	0	0	21	11	59	1	21	1.18803e-15	TRUE	PB2:cds-XAJ25426.1	GAG	E	GAA	E	343
PB2|PP755596.1|A/cattle/Texas/24-008749-003/2024(H5N1)	1050	A	G	0	0	0	24	11	54	1	24	7.79289e-17	TRUE	PB2:cds-XAJ25426.1	CAA	Q	CAG	Q	350
PB2|PP755596.1|A/cattle/Texas/24-008749-003/2024(H5N1)	1054	T	C	0	0	0	22	10	57	1	22	4.66726e-16	TRUE	PB2:cds-XAJ25426.1	TTG	L	CTG	L	352
PB2|PP755596.1|A/cattle/Texas/24-008749-003/2024(H5N1)	1085	G	A	0	0	0	20	8	61	1	20	1.98005e-15	TRUE	PB2:cds-XAJ25426.1	GGG	G	GAG	E	362
PB2|PP755596.1|A/cattle/Texas/24-008749-003/2024(H5N1)	1092	T	A	0	0	0	23	11	58	1	23	6.93435e-17	TRUE	PB2:cds-XAJ25426.1	ACT	T	ACA	T	364
PB2|PP755596.1|A/cattle/Texas/24-008749-003/2024(H5N1)	1104	A	G	0	0	0	20	9	60	1	20	3.11151e-15	TRUE	PB2:cds-XAJ25426.1	AGA	R	AGG	R	368
PB2|PP755596.1|A/cattle/Texas/24-008749-003/2024(H5N1)	1116	C	T	0	0	0	22	9	54	1	22	7.68726e-16	TRUE	PB2:cds-XAJ25426.1	GCC	A	GCT	A	372
PB2|PP755596.1|A/cattle/Texas/24-008749-003/2024(H5N1)	1122	C	T	0	0	0	25	9	52	1	25	3.30207e-17	TRUE	PB2:cds-XAJ25426.1	CTC	L	CTT	L	374
PB2|PP755596.1|A/cattle/Texas/24-008749-003/2024(H5N1)	1128	A	G	0	0	0	22	9	52	1	22	1.28121e-15	TRUE	PB2:cds-XAJ25426.1	AAA	K	AAG	K	376
PB2|PP755596.1|A/cattle/Texas/24-008749-003/2024(H5N1)	1136	G	A	0	0	0	24	9	49	1	24	2.29619e-16	TRUE	PB2:cds-XAJ25426.1	AGA	R	AAA	K	379
PB2|PP755596.1|A/cattle/Texas/24-008749-003/2024(H5N1)	1141	C	T	0	0	0	22	8	48	1	22	7.68726e-16	TRUE	PB2:cds-XAJ25426.1	CTG	L	TTG	L	381
PB2|PP755596.1|A/cattle/Texas/24-008749-003/2024(H5N1)	1146	T	C	0	0	0	24	8	50	1	24	2.29619e-16	TRUE	PB2:cds-XAJ25426.1	ATT	I	ATC	I	382
PB2|PP755596.1|A/cattle/Texas/24-008749-003/2024(H5N1)	1161	T	C	0	0	0	26	7	48	1	26	8.21007e-18	TRUE	PB2:cds-XAJ25426.1	AGT	S	AGC	S	387
PB2|PP755596.1|A/cattle/Texas/24-008749-003/2024(H5N1)	1167	G	A	0	0	0	25	8	48	1	25	5.73007e-17	TRUE	PB2:cds-XAJ25426.1	AGG	R	AGA	R	389
PB2|PP755596.1|A/cattle/Texas/24-008749-003/2024(H5N1)	1173	A	G	0	0	0	25	6	48	1	25	1.0071e-16	TRUE	PB2:cds-XAJ25426.1	GAA	E	GAG	E	391
PB2|PP755596.1|A/cattle/Texas/24-008749-003/2024(H5N1)	1197	C	T	0	0	0	23	11	52	1	23	3.15727e-16	TRUE	PB2:cds-XAJ25426.1	ATC	I	ATT	I	399
PB2|PP755596.1|A/cattle/Texas/24-008749-003/2024(H5N1)	1218	A	G	0	0	0	29	12	52	1	29	8.72348e-21	TRUE	PB2:cds-XAJ25426.1	CAA	Q	CAG	Q	406
PB2|PP755596.1|A/cattle/Texas/24-008749-003/2024(H5N1)	1221	G	A	0	0	0	28	13	54	1	28	1.32356e-20	TRUE	PB2:cds-XAJ25426.1	GAG	E	GAA	E	407
PB2|PP755596.1|A/cattle/Texas/24-008749-003/2024(H5N1)	1233	A	C	0	0	0	33	14	55	1	33	6.69354e-24	TRUE	PB2:cds-XAJ25426.1	ATA	I	ATC	I	411
PB2|PP755596.1|A/cattle/Texas/24-008749-003/2024(H5N1)	1252	C	T	0	0	0	34	13	56	1	34	1.62557e-24	TRUE	PB2:cds-XAJ25426.1	CTG	L	TTG	L	418
PB2|PP755596.1|A/cattle/Texas/24-008749-003/2024(H5N1)	1257	C	T	0	0	0	33	13	58	1	33	4.06394e-24	TRUE	PB2:cds-XAJ25426.1	AAC	N	AAT	N	419
PB2|PP755596.1|A/cattle/Texas/24-008749-003/2024(H5N1)	1263	C	T	0	0	0	33	13	58	1	33	2.48617e-24	TRUE	PB2:cds-XAJ25426.1	GTC	V	GTT	V	421
PB2|PP755596.1|A/cattle/Texas/24-008749-003/2024(H5N1)	1266	C	T	0	0	0	33	13	58	1	33	2.48617e-24	TRUE	PB2:cds-XAJ25426.1	AAC	N	AAT	N	422
PB2|PP755596.1|A/cattle/Texas/24-008749-003/2024(H5N1)	1275	T	C	0	0	0	32	15	55	1	32	4.56408e-23	TRUE	PB2:cds-XAJ25426.1	AAT	N	AAC	N	425
PB2|PP755596.1|A/cattle/Texas/24-008749-003/2024(H5N1)	1279	C	T	30	14	55	1	1	78	0.0322581	31	0.3875	FALSE	PB2:cds-XAJ25426.1	CGG	R	TGG	W	427
PB2|PP755596.1|A/cattle/Texas/24-008749-003/2024(H5N1)	1299	G	A	0	0	0	33	15	56	1	33	1.53218e-24	TRUE	PB2:cds-XAJ25426.1	CAG	Q	CAA	Q	433
PB2|PP755596.1|A/cattle/Texas/24-008749-003/2024(H5N1)	1321	A	G	0	0	0	35	18	56	1	35	1.44497e-25	TRUE	PB2:cds-XAJ25426.1	AAT	N	GAT	D	441
PB2|PP755596.1|A/cattle/Texas/24-008749-003/2024(H5N1)	1326	A	T	0	0	0	34	18	59	1	34	3.67434e-25	TRUE	PB2:cds-XAJ25426.1	GCA	A	GCT	A	442
PB2|PP755596.1|A/cattle/Texas/24-008749-003/2024(H5N1)	1344	T	C	0	0	0	33	19	58	1	33	2.48617e-24	TRUE	PB2:cds-XAJ25426.1	AAT	N	AAC	N	448
PB2|PP755596.1|A/cattle/Texas/24-008749-003/2024(H5N1)	1356	G	A	0	0	0	33	18	59	1	33	5.94379e-25	TRUE	PB2:cds-XAJ25426.1	GAG	E	GAA	E	452
PB2|PP755596.1|A/cattle/Texas/24-008749-003/2024(H5N1)	1377	A	G	0	0	0	33	18	58	1	33	9.51006e-25	TRUE	PB2:cds-XAJ25426.1	GGA	G	GGG	G	459
PB2|PP755596.1|A/cattle/Texas/24-008749-003/2024(H5N1)	1383	C	T	0	0	0	33	18	57	1	33	2.48617e-24	TRUE	PB2:cds-XAJ25426.1	ATC	I	ATT	I	461
PB2|PP755596.1|A/cattle/Texas/24-008749-003/2024(H5N1)	1395	T	C	0	0	0	33	18	55	1	33	2.48617e-24	TRUE	PB2:cds-XAJ25426.1	CCT	P	CCC	P	465
PB2|PP755596.1|A/cattle/Texas/24-008749-003/2024(H5N1)	1404	T	C	0	0	0	35	22	52	1	35	1.11559e-24	TRUE	PB2:cds-XAJ25426.1	ACT	T	ACC	T	468
PB2|PP755596.1|A/cattle/Texas/24-008749-003/2024(H5N1)	1409	G	A	0	0	0	36	22	52	1	36	4.66991e-25	TRUE	PB2:cds-XAJ25426.1	AGT	S	AAT	N	470
PB2|PP755596.1|A/cattle/Texas/24-008749-003/2024(H5N1)	1410	T	C	0	0	0	35	21	52	0.972222	36	1.11559e-24	TRUE	PB2:cds-XAJ25426.1	AGT	S	AGC	S	470
PB2|PP755596.1|A/cattle/Texas/24-008749-003/2024(H5N1)	1410	T	A	0	0	0	1	1	39	0.0277778	36	0.0196078	FALSE	PB2:cds-XAJ25426.1	AGT	S	AGA	R	470
PB2|PP755596.1|A/cattle/Texas/24-008749-003/2024(H5N1)	1423	C	T	0	0	0	41	23	52	1	41	1.43815e-28	TRUE	PB2:cds-XAJ25426.1	CTG	L	TTG	L	475
PB2|PP755596.1|A/cattle/Texas/24-008749-003/2024(H5N1)	1431	A	G	0	0	0	37	20	53	1	37	4.64119e-28	TRUE	PB2:cds-XAJ25426.1	GGA	G	GGG	G	477
PB2|PP755596.1|A/cattle/Texas/24-008749-003/2024(H5N1)	1437	A	G	0	0	0	39	18	51	1	39	1.10939e-28	TRUE	PB2:cds-XAJ25426.1	AGA	R	AGG	R	479
PB2|PP755596.1|A/cattle/Texas/24-008749-003/2024(H5N1)	1477	C	A	0	0	0	32	19	51	1	32	3.70976e-22	TRUE	PB2:cds-XAJ25426.1	CGG	R	AGG	R	493
PB2|PP755596.1|A/cattle/Texas/24-008749-003/2024(H5N1)	1479	G	A	0	0	0	31	18	52	1	31	1.50182e-21	TRUE	PB2:cds-XAJ25426.1	CGG	R	CGA	R	493
PB2|PP755596.1|A/cattle/Texas/24-008749-003/2024(H5N1)	1482	A	G	0	0	0	30	17	52	1	30	3.58499e-21	TRUE	PB2:cds-XAJ25426.1	GTA	V	GTG	V	494
PB2|PP755596.1|A/cattle/Texas/24-008749-003/2024(H5N1)	1483	A	G	0	0	0	32	19	50	1	32	6.40777e-22	TRUE	PB2:cds-XAJ25426.1	ATA	I	GTA	V	495
PB2|PP755596.1|A/cattle/Texas/24-008749-003/2024(H5N1)	1485	A	G	0	0	0	31	18	50	1	31	1.50182e-21	TRUE	PB2:cds-XAJ25426.1	ATA	I	ATG	M	495
PB2|PP755596.1|A/cattle/Texas/24-008749-003/2024(H5N1)	1488	A	G	0	0	0	30	17	51	1	30	3.58499e-21	TRUE	PB2:cds-XAJ25426.1	GTA	V	GTG	V	496
PB2|PP755596.1|A/cattle/Texas/24-008749-003/2024(H5N1)	1515	A	G	0	0	0	38	25	57	1	38	2.05194e-27	TRUE	PB2:cds-XAJ25426.1	CGA	R	CGG	R	505
PB2|PP755596.1|A/cattle/Texas/24-008749-003/2024(H5N1)	1524	G	A	0	0	0	36	23	58	1	36	1.30326e-26	TRUE	PB2:cds-XAJ25426.1	CGG	R	CGA	R	508
PB2|PP755596.1|A/cattle/Texas/24-008749-003/2024(H5N1)	1526	G	A	36	22	58	1	1	38	0.027027	37	0.389474	FALSE	PB2:cds-XAJ25426.1	GGG	G	GAG	E	509
PB2|PP755596.1|A/cattle/Texas/24-008749-003/2024(H5N1)	1537	C	T	0	0	0	42	24	54	1	42	2.57591e-30	TRUE	PB2:cds-XAJ25426.1	CTG	L	TTG	L	513
PB2|PP755596.1|A/cattle/Texas/24-008749-003/2024(H5N1)	1545	C	A	0	0	0	39	21	57	1	39	1.10939e-28	TRUE	PB2:cds-XAJ25426.1	CCC	P	CCA	P	515
PB2|PP755596.1|A/cattle/Texas/24-008749-003/2024(H5N1)	1569	A	G	0	0	0	37	20	56	1	37	5.12985e-27	TRUE	PB2:cds-XAJ25426.1	GGA	G	GGG	G	523
PB2|PP755596.1|A/cattle/Texas/24-008749-003/2024(H5N1)	1599	A	G	0	0	0	35	18	60	1	35	5.43406e-26	TRUE	PB2:cds-XAJ25426.1	TCA	S	TCG	S	533
PB2|PP755596.1|A/cattle/Texas/24-008749-003/2024(H5N1)	1623	T	A	0	0	0	34	17	62	1	34	1.41285e-25	TRUE	PB2:cds-XAJ25426.1	GGT	G	GGA	G	541
PB2|PP755596.1|A/cattle/Texas/24-008749-003/2024(H5N1)	1629	G	A	0	0	0	35	18	61	1	35	3.36675e-26	TRUE	PB2:cds-XAJ25426.1	GAG	E	GAA	E	543
PB2|PP755596.1|A/cattle/Texas/24-008749-003/2024(H5N1)	1635	G	A	0	0	0	34	19	62	1	34	3.53949e-26	TRUE	PB2:cds-XAJ25426.1	GTG	V	GTA	V	545
PB2|PP755596.1|A/cattle/Texas/24-008749-003/2024(H5N1)	1644	T	C	0	0	0	37	19	60	1	37	4.64119e-28	TRUE	PB2:cds-XAJ25426.1	AAT	N	AAC	N	548
PB2|PP755596.1|A/cattle/Texas/24-008749-003/2024(H5N1)	1659	A	C	0	0	0	33	17	59	1	33	4.06394e-24	TRUE	PB2:cds-XAJ25426.1	ATA	I	ATC	I	553
PB2|PP755596.1|A/cattle/Texas/24-008749-003/2024(H5N1)	1677	A	T	0	0	0	33	20	56	1	33	1.11113e-23	TRUE	PB2:cds-XAJ25426.1	ACA	T	ACT	T	559
PB2|PP755596.1|A/cattle/Texas/24-008749-003/2024(H5N1)	1680	A	G	0	0	0	33	20	57	1	33	1.11113e-23	TRUE	PB2:cds-XAJ25426.1	GTA	V	GTG	V	560
PB2|PP755596.1|A/cattle/Texas/24-008749-003/2024(H5N1)	1686	T	C	0	0	0	32	19	59	1	32	1.68353e-23	TRUE	PB2:cds-XAJ25426.1	ATT	I	ATC	I	562
PB2|PP755596.1|A/cattle/Texas/24-008749-003/2024(H5N1)	1698	A	G	0	0	0	33	19	59	1	33	6.69354e-24	TRUE	PB2:cds-XAJ25426.1	CAA	Q	CAG	Q	566
PB2|PP755596.1|A/cattle/Texas/24-008749-003/2024(H5N1)	1713	G	A	0	0	0	28	16	60	1	28	5.07178e-21	TRUE	PB2:cds-XAJ25426.1	TTG	L	TTA	L	571
PB2|PP755596.1|A/cattle/Texas/24-008749-003/2024(H5N1)	1726	G	T	26	16	58	1	0	78	0.037037	27	0.380282	FALSE	PB2:cds-XAJ25426.1	GAG	E	TAG	*	576
PB2|PP755596.1|A/cattle/Texas/24-008749-003/2024(H5N1)	1728	G	A	0	0	0	28	17	59	1	28	1.32356e-20	TRUE	PB2:cds-XAJ25426.1	GAG	E	GAA	E	576
PB2|PP755596.1|A/cattle/Texas/24-008749-003/2024(H5N1)	1752	C	A	0	0	0	28	16	57	1	28	5.07178e-21	TRUE	PB2:cds-XAJ25426.1	GTC	V	GTA	V	584
PB2|PP755596.1|A/cattle/Texas/24-008749-003/2024(H5N1)	1758	G	A	0	0	0	28	17	63	1	28	3.17831e-21	TRUE	PB2:cds-XAJ25426.1	AAG	K	AAA	K	586
PB2|PP755596.1|A/cattle/Texas/24-008749-003/2024(H5N1)	1767	G	A	0	0	0	28	17	63	1	28	5.07178e-21	TRUE	PB2:cds-XAJ25426.1	AGG	R	AGA	R	589
PB2|PP755596.1|A/cattle/Texas/24-008749-003/2024(H5N1)	1778	G	A	28	15	60	1	0	78	0.0344828	29	0.386667	FALSE	PB2:cds-XAJ25426.1	AGT	S	AAT	N	593
PB2|PP755596.1|A/cattle/Texas/24-008749-003/2024(H5N1)	1782	G	A	0	0	0	28	20	57	1	28	2.16583e-20	TRUE	PB2:cds-XAJ25426.1	GGG	G	GGA	G	594
PB2|PP755596.1|A/cattle/Texas/24-008749-003/2024(H5N1)	1797	A	G	0	0	0	30	17	57	1	30	1.27897e-21	TRUE	PB2:cds-XAJ25426.1	CTA	L	CTG	L	599
PB2|PP755596.1|A/cattle/Texas/24-008749-003/2024(H5N1)	1800	T	C	0	0	0	29	17	57	1	29	3.19742e-21	TRUE	PB2:cds-XAJ25426.1	TTT	F	TTC	F	600
PB2|PP755596.1|A/cattle/Texas/24-008749-003/2024(H5N1)	1821	T	C	0	0	0	29	18	59	1	29	1.21278e-21	TRUE	PB2:cds-XAJ25426.1	CTT	L	CTC	L	607
PB2|PP755596.1|A/cattle/Texas/24-008749-003/2024(H5N1)	1835	C	T	25	19	62	2	0	77	0.0740741	27	0.129952	FALSE	PB2:cds-XAJ25426.1	ACT	T	ATT	I	612
PB2|PP755596.1|A/cattle/Texas/24-008749-003/2024(H5N1)	1842	G	A	0	0	0	29	18	63	1	29	7.56017e-22	TRUE	PB2:cds-XAJ25426.1	CAG	Q	CAA	Q	614
PB2|PP755596.1|A/cattle/Texas/24-008749-003/2024(H5N1)	1854	T	C	0	0	0	30	19	60	1	30	4.72511e-22	TRUE	PB2:cds-XAJ25426.1	CTT	L	CTC	L	618
PB2|PP755596.1|A/cattle/Texas/24-008749-003/2024(H5N1)	1878	G	A	0	0	0	31	18	61	1	31	6.98874e-23	TRUE	PB2:cds-XAJ25426.1	CCG	P	CCA	P	626
PB2|PP755596.1|A/cattle/Texas/24-008749-003/2024(H5N1)	1891	C	A	0	0	0	33	18	59	1	33	4.06394e-24	TRUE	PB2:cds-XAJ25426.1	CTG	L	ATG	M	631
PB2|PP755596.1|A/cattle/Texas/24-008749-003/2024(H5N1)	1901	C	A	30	14	58	1	1	77	0.0322581	31	0.382716	FALSE	PB2:cds-XAJ25426.1	TCC	S	TAC	Y	634
PB2|PP755596.1|A/cattle/Texas/24-008749-003/2024(H5N1)	1905	T	C	0	0	0	30	14	60	1	30	1.80355e-22	TRUE	PB2:cds-XAJ25426.1	TCT	S	TCC	S	635
PB2|PP755596.1|A/cattle/Texas/24-008749-003/2024(H5N1)	1911	T	C	0	0	0	31	15	57	1	31	1.14102e-22	TRUE	PB2:cds-XAJ25426.1	ACT	T	ACC	T	637
PB2|PP755596.1|A/cattle/Texas/24-008749-003/2024(H5N1)	1914	G	A	0	0	0	31	15	56	1	31	1.14102e-22	TRUE	PB2:cds-XAJ25426.1	GTG	V	GTA	V	638
PB2|PP755596.1|A/cattle/Texas/24-008749-003/2024(H5N1)	1920	G	A	0	0	0	32	14	57	1	32	1.68353e-23	TRUE	PB2:cds-XAJ25426.1	GTG	V	GTA	V	640
PB2|PP755596.1|A/cattle/Texas/24-008749-003/2024(H5N1)	1945	A	G	0	0	0	32	13	59	1	32	1.68353e-23	TRUE	PB2:cds-XAJ25426.1	ATA	I	GTA	V	649
PB2|PP755596.1|A/cattle/Texas/24-008749-003/2024(H5N1)	1947	A	T	0	0	0	33	14	58	1	33	2.48617e-24	TRUE	PB2:cds-XAJ25426.1	ATA	I	ATT	I	649
PB2|PP755596.1|A/cattle/Texas/24-008749-003/2024(H5N1)	1959	T	C	0	0	0	32	14	58	1	32	1.68353e-23	TRUE	PB2:cds-XAJ25426.1	TCT	S	TCC	S	653
PB2|PP755596.1|A/cattle/Texas/24-008749-003/2024(H5N1)	1962	A	G	0	0	0	32	14	59	1	32	1.68353e-23	TRUE	PB2:cds-XAJ25426.1	CCA	P	CCG	P	654
PB2|PP755596.1|A/cattle/Texas/24-008749-003/2024(H5N1)	1993	C	T	33	13	56	1	1	21	0.0294118	34	0.404762	FALSE	PB2:cds-XAJ25426.1	CTC	L	TTC	F	665
PB2|PP755596.1|A/cattle/Texas/24-008749-003/2024(H5N1)	2026	G	A	0	0	0	32	16	59	1	32	1.03446e-23	TRUE	PB2:cds-XAJ25426.1	GCC	A	ACC	T	676
PB2|PP755596.1|A/cattle/Texas/24-008749-003/2024(H5N1)	2058	G	A	0	0	0	27	16	61	1	27	1.3404e-20	TRUE	PB2:cds-XAJ25426.1	GTG	V	GTA	V	686
PB2|PP755596.1|A/cattle/Texas/24-008749-003/2024(H5N1)	2071	T	C	0	0	0	28	18	66	1	28	5.28626e-22	TRUE	PB2:cds-XAJ25426.1	TTA	L	CTA	L	691
PB2|PP755596.1|A/cattle/Texas/24-008749-003/2024(H5N1)	2109	A	G	56	33	66	1	1	69	0.0175439	57	0.363057	FALSE	PB2:cds-XAJ25426.1	AGA	R	AGG	R	703
PB2|PP755596.1|A/cattle/Texas/24-008749-003/2024(H5N1)	2115	C	T	56	34	63	1	0	75	0.0175439	57	0.363057	FALSE	PB2:cds-XAJ25426.1	GGC	G	GGT	G	705
PB2|PP755596.1|A/cattle/Texas/24-008749-003/2024(H5N1)	2122	C	T	0	0	0	56	34	65	1	56	8.88158e-44	TRUE	PB2:cds-XAJ25426.1	CTG	L	TTG	L	708
PB2|PP755596.1|A/cattle/Texas/24-008749-003/2024(H5N1)	2146	T	C	0	0	0	58	37	67	1	58	1.96866e-45	TRUE	PB2:cds-XAJ25426.1	TTG	L	CTG	L	716
PB2|PP755596.1|A/cattle/Texas/24-008749-003/2024(H5N1)	2148	G	T	0	0	0	58	37	68	1	58	1.26815e-45	TRUE	PB2:cds-XAJ25426.1	TTG	L	TTT	F	716
PB2|PP755596.1|A/cattle/Texas/24-008749-003/2024(H5N1)	2160	G	A	57	37	67	1	1	39	0.0172414	58	0.355828	FALSE	PB2:cds-XAJ25426.1	GAG	E	GAA	E	720
PB2|PP755596.1|A/cattle/Texas/24-008749-003/2024(H5N1)	2192	T	C	73	46	60	1	1	76	0.0135135	74	0.37	FALSE	PB2:cds-XAJ25426.1	GTG	V	GCG	A	731
PB2|PP755596.1|A/cattle/Texas/24-008749-003/2024(H5N1)	2195	T	C	72	46	58	1	1	75	0.0136986	73	0.368687	FALSE	PB2:cds-XAJ25426.1	GTG	V	GCG	A	732
PB2|PP755596.1|A/cattle/Texas/24-008749-003/2024(H5N1)	2202	G	A	0	0	0	72	44	62	1	72	2.8696e-55	TRUE	PB2:cds-XAJ25426.1	GTG	V	GTA	V	734
PB2|PP755596.1|A/cattle/Texas/24-008749-003/2024(H5N1)	2259	A	G	0	0	0	38	24	60	1	38	2.76439e-29	TRUE	PB2:cds-XAJ25426.1	AGA	R	AGG	R	753
