REGION	POS	REF	ALT	REF_DP	REF_RV	REF_QUAL	ALT_DP	ALT_RV	ALT_QUAL	ALT_FREQ	TOTAL_DP	PVAL	PASS	GFF_FEATURE	REF_CODON	REF_AA	ALT_CODON	ALT_AA	POS_AA
MP|PP755590.1|A/cattle/Texas/24-008749-003/2024(H5N1)	51	G	A	1	0	30	752	73	35	0.997347	754	0	TRUE	M1:cds-XAJ25416.1	TCG	S	TCA	S	17
MP|PP755590.1|A/cattle/Texas/24-008749-003/2024(H5N1)	93	C	G	0	0	0	1325	180	37	1	1325	0	TRUE	M1:cds-XAJ25416.1	GTC	V	GTG	V	31
MP|PP755590.1|A/cattle/Texas/24-008749-003/2024(H5N1)	105	G	A	2	0	51	1404	199	37	0.998578	1406	0	TRUE	M1:cds-XAJ25416.1	AAG	K	AAA	K	35
MP|PP755590.1|A/cattle/Texas/24-008749-003/2024(H5N1)	123	T	G	0	0	0	1606	236	37	1	1606	0	TRUE	M1:cds-XAJ25416.1	GCT	A	GCG	A	41
MP|PP755590.1|A/cattle/Texas/24-008749-003/2024(H5N1)	180	G	A	1	0	34	2201	799	37	0.999546	2202	0	TRUE	M1:cds-XAJ25416.1	TTG	L	TTA	L	60
MP|PP755590.1|A/cattle/Texas/24-008749-003/2024(H5N1)	192	C	T	0	0	0	2224	904	37	1	2224	0	TRUE	M1:cds-XAJ25416.1	TTC	F	TTT	F	64
MP|PP755590.1|A/cattle/Texas/24-008749-003/2024(H5N1)	245	G	A	1	0	34	2341	944	36	0.999573	2342	0	TRUE	M1:cds-XAJ25416.1	AGT	S	AAT	N	82
MP|PP755590.1|A/cattle/Texas/24-008749-003/2024(H5N1)	252	A	T	0	0	0	1999	887	35	1	1999	0	TRUE	M1:cds-XAJ25416.1	CTA	L	CTT	L	84
MP|PP755590.1|A/cattle/Texas/24-008749-003/2024(H5N1)	254	G	A	1	1	34	1915	906	35	0.999478	1916	0	TRUE	M1:cds-XAJ25416.1	AGT	S	AAT	N	85
MP|PP755590.1|A/cattle/Texas/24-008749-003/2024(H5N1)	258	A	G	2	0	30	2031	906	35	0.999016	2033	0	TRUE	M1:cds-XAJ25416.1	GGA	G	GGG	G	86
MP|PP755590.1|A/cattle/Texas/24-008749-003/2024(H5N1)	260	C	A	1	0	26	1925	909	35	0.997926	1929	0	TRUE	M1:cds-XAJ25416.1	ACT	T	AAT	N	87
MP|PP755590.1|A/cattle/Texas/24-008749-003/2024(H5N1)	264	A	G	0	0	0	2015	902	35	1	2015	0	TRUE	M1:cds-XAJ25416.1	GGA	G	GGG	G	88
MP|PP755590.1|A/cattle/Texas/24-008749-003/2024(H5N1)	267	C	T	1	0	26	2075	932	36	0.999518	2076	0	TRUE	M1:cds-XAJ25416.1	GAC	D	GAT	D	89
MP|PP755590.1|A/cattle/Texas/24-008749-003/2024(H5N1)	294	G	A	0	0	0	2318	1169	36	1	2318	0	TRUE	M1:cds-XAJ25416.1	AAG	K	AAA	K	98
MP|PP755590.1|A/cattle/Texas/24-008749-003/2024(H5N1)	295	T	C	0	0	0	2425	1218	36	1	2425	0	TRUE	M1:cds-XAJ25416.1	TTG	L	CTG	L	99
MP|PP755590.1|A/cattle/Texas/24-008749-003/2024(H5N1)	306	A	G	0	0	0	2545	1353	36	0.999607	2546	0	TRUE	M1:cds-XAJ25416.1	AAA	K	AAG	K	102
MP|PP755590.1|A/cattle/Texas/24-008749-003/2024(H5N1)	309	G	A	1	0	34	2560	1411	36	0.99961	2561	0	TRUE	M1:cds-XAJ25416.1	CTG	L	CTA	L	103
MP|PP755590.1|A/cattle/Texas/24-008749-003/2024(H5N1)	315	A	G	1	0	34	2475	1310	36	0.999596	2476	0	TRUE	M1:cds-XAJ25416.1	AGA	R	AGG	R	105
MP|PP755590.1|A/cattle/Texas/24-008749-003/2024(H5N1)	318	G	A	0	0	0	2487	1364	36	1	2487	0	TRUE	M1:cds-XAJ25416.1	GAG	E	GAA	E	106
MP|PP755590.1|A/cattle/Texas/24-008749-003/2024(H5N1)	336	T	A	0	0	0	2663	1377	36	1	2663	0	TRUE	M1:cds-XAJ25416.1	GCT	A	GCA	A	112
MP|PP755590.1|A/cattle/Texas/24-008749-003/2024(H5N1)	342	A	G	1	1	34	2611	1293	36	0.999235	2613	0	TRUE	M1:cds-XAJ25416.1	GAA	E	GAG	E	114
MP|PP755590.1|A/cattle/Texas/24-008749-003/2024(H5N1)	345	T	G	0	0	0	2590	1288	36	0.999614	2591	0	TRUE	M1:cds-XAJ25416.1	GTT	V	GTG	V	115
MP|PP755590.1|A/cattle/Texas/24-008749-003/2024(H5N1)	357	C	T	0	0	0	2562	1267	36	0.99961	2563	0	TRUE	M1:cds-XAJ25416.1	TAC	Y	TAT	Y	119
MP|PP755590.1|A/cattle/Texas/24-008749-003/2024(H5N1)	363	C	T	0	0	0	2526	1279	36	0.999604	2527	0	TRUE	M1:cds-XAJ25416.1	ACC	T	ACT	T	121
MP|PP755590.1|A/cattle/Texas/24-008749-003/2024(H5N1)	378	T	C	2	2	34	2412	1291	35	0.999171	2414	0	TRUE	M1:cds-XAJ25416.1	AGT	S	AGC	S	126
MP|PP755590.1|A/cattle/Texas/24-008749-003/2024(H5N1)	381	T	C	0	0	0	2383	1284	35	1	2383	0	TRUE	M1:cds-XAJ25416.1	TGT	C	TGC	C	127
MP|PP755590.1|A/cattle/Texas/24-008749-003/2024(H5N1)	387	T	C	0	0	0	2453	1289	35	0.999593	2454	0	TRUE	M1:cds-XAJ25416.1	GGT	G	GGC	G	129
MP|PP755590.1|A/cattle/Texas/24-008749-003/2024(H5N1)	411	G	T	0	0	0	2810	1392	37	0.999644	2811	0	TRUE	M1:cds-XAJ25416.1	ACG	T	ACT	T	137
MP|PP755590.1|A/cattle/Texas/24-008749-003/2024(H5N1)	418	G	A	4	1	34	2824	1473	38	0.998233	2829	0	TRUE	M1:cds-XAJ25416.1	GCA	A	ACA	T	140
MP|PP755590.1|A/cattle/Texas/24-008749-003/2024(H5N1)	420	A	C	0	0	0	2832	1492	38	0.999647	2833	0	TRUE	M1:cds-XAJ25416.1	GCA	A	GCC	A	140
MP|PP755590.1|A/cattle/Texas/24-008749-003/2024(H5N1)	432	G	C	1	0	34	2802	1560	37	0.999287	2804	0	TRUE	M1:cds-XAJ25416.1	TTG	L	TTC	F	144
MP|PP755590.1|A/cattle/Texas/24-008749-003/2024(H5N1)	438	A	G	11	5	33	2802	1523	36	0.99609	2813	0	TRUE	M1:cds-XAJ25416.1	CTA	L	CTG	L	146
MP|PP755590.1|A/cattle/Texas/24-008749-003/2024(H5N1)	450	C	G	0	0	0	2712	1390	37	0.999263	2714	0	TRUE	M1:cds-XAJ25416.1	ACC	T	ACG	T	150
MP|PP755590.1|A/cattle/Texas/24-008749-003/2024(H5N1)	456	A	G	2	2	34	2703	1326	37	0.999261	2705	0	TRUE	M1:cds-XAJ25416.1	GAA	E	GAG	E	152
MP|PP755590.1|A/cattle/Texas/24-008749-003/2024(H5N1)	471	A	C	0	0	0	2750	1460	37	1	2750	0	TRUE	M1:cds-XAJ25416.1	TCA	S	TCC	S	157
MP|PP755590.1|A/cattle/Texas/24-008749-003/2024(H5N1)	492	G	A	1	0	34	3	1	27	0.75	4	0.00714286	TRUE	M1:cds-XAJ25416.1	CAG	Q	CAA	Q	164
MP|PP755590.1|A/cattle/Texas/24-008749-003/2024(H5N1)	495	A	G	0	0	0	1	0	34	1	1	1	FALSE	M1:cds-XAJ25416.1	ATA	I	ATG	M	165
MP|PP755590.1|A/cattle/Texas/24-008749-003/2024(H5N1)	497	C	T	0	0	0	1	0	34	1	1	1	FALSE	M1:cds-XAJ25416.1	GCT	A	GTT	V	166
MP|PP755590.1|A/cattle/Texas/24-008749-003/2024(H5N1)	498	T	G	0	0	0	1	0	34	1	1	1	FALSE	M1:cds-XAJ25416.1	GCT	A	GCG	A	166
MP|PP755590.1|A/cattle/Texas/24-008749-003/2024(H5N1)	501	C	A	0	0	0	1	0	34	1	1	1	FALSE	M1:cds-XAJ25416.1	ACC	T	ACA	T	167
MP|PP755590.1|A/cattle/Texas/24-008749-003/2024(H5N1)	504	C	A	0	0	0	1	0	26	1	1	0.5	FALSE	M1:cds-XAJ25416.1	ACC	T	ACA	T	168
MP|PP755590.1|A/cattle/Texas/24-008749-003/2024(H5N1)	513	A	G	0	0	0	2	0	34	1	2	0.333333	FALSE	M1:cds-XAJ25416.1	CCA	P	CCG	P	171
MP|PP755590.1|A/cattle/Texas/24-008749-003/2024(H5N1)	516	G	A	0	0	0	2	0	34	1	2	0.333333	FALSE	M1:cds-XAJ25416.1	CTG	L	CTA	L	172
MP|PP755590.1|A/cattle/Texas/24-008749-003/2024(H5N1)	522	A	G	0	0	0	22	20	33	1	22	9.50526e-13	TRUE	M1:cds-XAJ25416.1	AGA	R	AGG	R	174
MP|PP755590.1|A/cattle/Texas/24-008749-003/2024(H5N1)	528	A	G	0	0	0	45	34	33	1	45	1.92627e-26	TRUE	M1:cds-XAJ25416.1	GAA	E	GAG	E	176
MP|PP755590.1|A/cattle/Texas/24-008749-003/2024(H5N1)	534	A	G	0	0	0	44	33	34	1	44	3.80974e-26	TRUE	M1:cds-XAJ25416.1	AGA	R	AGG	R	178
MP|PP755590.1|A/cattle/Texas/24-008749-003/2024(H5N1)	540	T	A	0	0	0	40	29	33	1	40	6.54426e-25	TRUE	M1:cds-XAJ25416.1	GTT	V	GTA	V	180
MP|PP755590.1|A/cattle/Texas/24-008749-003/2024(H5N1)	541	T	C	0	0	0	45	34	33	1	45	1.92627e-26	TRUE	M1:cds-XAJ25416.1	TTG	L	CTG	L	181
MP|PP755590.1|A/cattle/Texas/24-008749-003/2024(H5N1)	543	G	A	2	0	34	44	34	33	0.956522	46	8.66413e-48	TRUE	M1:cds-XAJ25416.1	TTG	L	TTA	L	181
MP|PP755590.1|A/cattle/Texas/24-008749-003/2024(H5N1)	555	A	G	0	0	0	1731	778	35	1	1731	0	TRUE	M1:cds-XAJ25416.1	ACA	T	ACG	T	185
MP|PP755590.1|A/cattle/Texas/24-008749-003/2024(H5N1)	564	T	C	0	0	0	1756	782	35	1	1756	0	TRUE	M1:cds-XAJ25416.1	GCT	A	GCC	A	188
MP|PP755590.1|A/cattle/Texas/24-008749-003/2024(H5N1)	570	G	A	1	1	34	1749	783	35	0.999429	1750	0	TRUE	M1:cds-XAJ25416.1	GAG	E	GAA	E	190
MP|PP755590.1|A/cattle/Texas/24-008749-003/2024(H5N1)	573	G	A	1	0	34	1725	754	35	0.999421	1726	0	TRUE	M1:cds-XAJ25416.1	CAG	Q	CAA	Q	191
MP|PP755590.1|A/cattle/Texas/24-008749-003/2024(H5N1)	579	T	A	0	0	0	1692	759	34	0.99823	1695	0	TRUE	M1:cds-XAJ25416.1	GCT	A	GCA	A	193
MP|PP755590.1|A/cattle/Texas/24-008749-003/2024(H5N1)	582	A	G	1	0	34	1760	782	35	0.999432	1761	0	TRUE	M1:cds-XAJ25416.1	GGA	G	GGG	G	194
MP|PP755590.1|A/cattle/Texas/24-008749-003/2024(H5N1)	585	G	A	0	0	0	1734	775	35	1	1734	0	TRUE	M1:cds-XAJ25416.1	TCG	S	TCA	S	195
MP|PP755590.1|A/cattle/Texas/24-008749-003/2024(H5N1)	594	A	G	0	0	0	1821	819	35	1	1821	0	TRUE	M1:cds-XAJ25416.1	CAA	Q	CAG	Q	198
MP|PP755590.1|A/cattle/Texas/24-008749-003/2024(H5N1)	599	T	C	0	0	0	1808	824	35	1	1808	0	TRUE	M1:cds-XAJ25416.1	GTG	V	GCG	A	200
MP|PP755590.1|A/cattle/Texas/24-008749-003/2024(H5N1)	600	G	A	5	2	31	1784	818	35	0.996648	1790	0	TRUE	M1:cds-XAJ25416.1	GTG	V	GTA	V	200
MP|PP755590.1|A/cattle/Texas/24-008749-003/2024(H5N1)	603	A	G	1	0	34	1820	817	35	0.999451	1821	0	TRUE	M1:cds-XAJ25416.1	GAA	E	GAG	E	201
MP|PP755590.1|A/cattle/Texas/24-008749-003/2024(H5N1)	645	G	A	0	0	0	2815	1057	36	1	2815	0	TRUE	M1:cds-XAJ25416.1	GCG	A	GCA	A	215
MP|PP755590.1|A/cattle/Texas/24-008749-003/2024(H5N1)	660	A	G	0	0	0	2964	1081	36	0.999663	2965	0	TRUE	M1:cds-XAJ25416.1	GGA	G	GGG	G	220
MP|PP755590.1|A/cattle/Texas/24-008749-003/2024(H5N1)	672	C	T	2	0	34	2840	857	36	0.999296	2842	0	TRUE	M1:cds-XAJ25416.1	AGC	S	AGT	S	224
MP|PP755590.1|A/cattle/Texas/24-008749-003/2024(H5N1)	679	A	G	0	0	0	2640	862	37	1	2640	0	TRUE	M1:cds-XAJ25416.1	ACC	T	GCC	A	227
MP|PP755590.1|A/cattle/Texas/24-008749-003/2024(H5N1)	681	C	T	3	1	45	2624	874	37	0.998478	2628	0	TRUE	M1:cds-XAJ25416.1	ACC	T	ACT	T	227
MP|PP755590.1|A/cattle/Texas/24-008749-003/2024(H5N1)	689	G	A	0	0	0	2558	840	36	1	2558	0	TRUE	M1:cds-XAJ25416.1	AGA	R	AAA	K	230
MP|PP755590.1|A/cattle/Texas/24-008749-003/2024(H5N1)	699	C	T	1	1	34	2301	788	35	0.998698	2304	0	TRUE	M1:cds-XAJ25416.1	CTC	L	CTT	L	233
MP|PP755590.1|A/cattle/Texas/24-008749-003/2024(H5N1)	723	A	G	2	1	34	2440	1052	36	0.999181	2442	0	TRUE	M2:cds-XAJ25417.1	AAA	K	AGA	R	3
MP|PP755590.1|A/cattle/Texas/24-008749-003/2024(H5N1)	723	A	G	2	1	34	2440	1052	36	0.999181	2442	0	TRUE	M1:cds-XAJ25416.1	CAA	Q	CAG	Q	241
MP|PP755590.1|A/cattle/Texas/24-008749-003/2024(H5N1)	742	C	A	0	0	0	2245	1085	36	1	2245	0	TRUE	M2:cds-XAJ25417.1	AAC	N	AAA	K	10
MP|PP755590.1|A/cattle/Texas/24-008749-003/2024(H5N1)	742	C	A	0	0	0	2245	1085	36	1	2245	0	TRUE	M1:cds-XAJ25416.1	CTG	L	ATG	M	248
MP|PP755590.1|A/cattle/Texas/24-008749-003/2024(H5N1)	823	C	T	2	2	34	2137	1732	36	0.999065	2139	0	TRUE	M2:cds-XAJ25417.1	CGC	R	CGT	R	37
MP|PP755590.1|A/cattle/Texas/24-008749-003/2024(H5N1)	839	G	A	2	2	34	2447	2135	37	0.999183	2449	0	TRUE	M2:cds-XAJ25417.1	GTT	V	ATT	I	42
MP|PP755590.1|A/cattle/Texas/24-008749-003/2024(H5N1)	869	G	A	7	7	32	2571	2379	38	0.996898	2579	0	TRUE	M2:cds-XAJ25417.1	GGA	G	AGA	R	52
MP|PP755590.1|A/cattle/Texas/24-008749-003/2024(H5N1)	892	A	G	0	0	0	2416	2316	37	0.999586	2417	0	TRUE	M2:cds-XAJ25417.1	GTA	V	GTG	V	60
MP|PP755590.1|A/cattle/Texas/24-008749-003/2024(H5N1)	901	C	T	0	0	0	2120	2030	36	0.998587	2123	0	TRUE	M2:cds-XAJ25417.1	TCC	S	TCT	S	63
MP|PP755590.1|A/cattle/Texas/24-008749-003/2024(H5N1)	913	G	A	1	1	34	1962	1891	36	0.999491	1963	0	TRUE	M2:cds-XAJ25417.1	GAG	E	GAA	E	67
MP|PP755590.1|A/cattle/Texas/24-008749-003/2024(H5N1)	914	T	A	912	833	34	10	10	28	0.010846	922	0.45243	FALSE	M2:cds-XAJ25417.1	TAC	Y	AAC	N	67
MP|PP755590.1|A/cattle/Texas/24-008749-003/2024(H5N1)	916	C	T	0	0	0	1877	1811	35	0.999468	1878	0	TRUE	M2:cds-XAJ25417.1	TAC	Y	TAT	Y	68
MP|PP755590.1|A/cattle/Texas/24-008749-003/2024(H5N1)	950	A	G	0	0	0	1075	1041	35	1	1075	0	TRUE	M2:cds-XAJ25417.1	AAT	N	GAT	D	79
MP|PP755590.1|A/cattle/Texas/24-008749-003/2024(H5N1)	953	G	A	0	0	0	1039	1009	35	1	1039	0	TRUE	M2:cds-XAJ25417.1	GGT	G	AGT	S	80
