REGION	POS	REF	ALT	REF_DP	REF_RV	REF_QUAL	ALT_DP	ALT_RV	ALT_QUAL	ALT_FREQ	TOTAL_DP	PVAL	PASS	GFF_FEATURE	REF_CODON	REF_AA	ALT_CODON	ALT_AA	POS_AA
NA|PP755591.1|A/cattle/Texas/24-008749-003/2024(H5N1)	124	A	G	984	231	33	117	23	33	0.106267	1101	2.13933e-46	TRUE	NA:cds-XAJ25418.1	AAT	N	GAT	D	42
NA|PP755591.1|A/cattle/Texas/24-008749-003/2024(H5N1)	129	A	G	1233	270	33	33	2	33	0.0260664	1266	4.70774e-12	TRUE	NA:cds-XAJ25418.1	CAA	Q	CAG	Q	43
NA|PP755591.1|A/cattle/Texas/24-008749-003/2024(H5N1)	339	T	C	1711	821	33	188	87	33	0.0989995	1899	9.18697e-59	TRUE	NA:cds-XAJ25418.1	GAT	D	GAC	D	113
NA|PP755591.1|A/cattle/Texas/24-008749-003/2024(H5N1)	428	A	G	1849	868	33	204	112	33	0.0993668	2053	2.66221e-62	TRUE	NA:cds-XAJ25418.1	AAA	K	AGA	R	143
NA|PP755591.1|A/cattle/Texas/24-008749-003/2024(H5N1)	498	T	C	1709	783	33	208	88	33	0.108503	1917	3.20216e-65	TRUE	NA:cds-XAJ25418.1	GCT	A	GCC	A	166
NA|PP755591.1|A/cattle/Texas/24-008749-003/2024(H5N1)	571	T	C	0	0	0	1860	861	33	1	1860	0	TRUE	NA:cds-XAJ25418.1	TTG	L	CTG	L	191
NA|PP755591.1|A/cattle/Texas/24-008749-003/2024(H5N1)	658	A	G	1569	794	33	92	45	33	0.0547945	1679	5.39946e-28	TRUE	NA:cds-XAJ25418.1	AGA	R	GGA	G	220
NA|PP755591.1|A/cattle/Texas/24-008749-003/2024(H5N1)	658	A	C	1569	794	33	18	9	33	0.0107207	1679	1.8135e-05	TRUE	NA:cds-XAJ25418.1	AGA	R	CGA	R	220
NA|PP755591.1|A/cattle/Texas/24-008749-003/2024(H5N1)	775	G	A	1718	959	33	28	12	33	0.0160367	1746	3.30032e-08	TRUE	NA:cds-XAJ25418.1	GAG	E	AAG	K	259
NA|PP755591.1|A/cattle/Texas/24-008749-003/2024(H5N1)	1185	A	G	0	0	0	2831	1660	33	1	2831	0	TRUE	NA:cds-XAJ25418.1	GAA	E	GAG	E	395
NA|PP755591.1|A/cattle/Texas/24-008749-003/2024(H5N1)	1289	G	C	1760	1025	32	43	43	28	0.0238491	1803	8.76266e-05	TRUE	NA:cds-XAJ25418.1	AGG	R	ACG	T	430
