REGION	POS	REF	ALT	REF_DP	REF_RV	REF_QUAL	ALT_DP	ALT_RV	ALT_QUAL	ALT_FREQ	TOTAL_DP	PVAL	PASS	GFF_FEATURE	REF_CODON	REF_AA	ALT_CODON	ALT_AA	POS_AA
PB2|PP755596.1|A/cattle/Texas/24-008749-003/2024(H5N1)	21	G	A	1	0	37	7519	2812	41	0.999734	7521	0	TRUE	PB2:cds-XAJ25426.1	CTG	L	CTA	L	7
PB2|PP755596.1|A/cattle/Texas/24-008749-003/2024(H5N1)	27	T	C	5	1	30	7923	2944	40	0.999369	7928	0	TRUE	PB2:cds-XAJ25426.1	GAT	D	GAC	D	9
PB2|PP755596.1|A/cattle/Texas/24-008749-003/2024(H5N1)	60	A	C	71	30	45	10940	4587	41	0.993552	11011	0	TRUE	PB2:cds-XAJ25426.1	CTA	L	CTC	L	20
PB2|PP755596.1|A/cattle/Texas/24-008749-003/2024(H5N1)	69	C	T	1	1	24	10644	4393	41	0.999906	10645	0	TRUE	PB2:cds-XAJ25426.1	ACC	T	ACT	T	23
PB2|PP755596.1|A/cattle/Texas/24-008749-003/2024(H5N1)	72	T	C	7	3	35	10925	4661	41	0.999268	10933	0	TRUE	PB2:cds-XAJ25426.1	ACT	T	ACC	T	24
PB2|PP755596.1|A/cattle/Texas/24-008749-003/2024(H5N1)	75	T	G	1	0	36	10807	4545	41	0.999907	10808	0	TRUE	PB2:cds-XAJ25426.1	GTT	V	GTG	V	25
PB2|PP755596.1|A/cattle/Texas/24-008749-003/2024(H5N1)	96	G	A	5	3	51	7206	3346	46	0.999168	7212	0	TRUE	PB2:cds-XAJ25426.1	AAG	K	AAA	K	32
PB2|PP755596.1|A/cattle/Texas/24-008749-003/2024(H5N1)	99	G	A	0	0	0	7281	3344	45	0.999863	7282	0	TRUE	PB2:cds-XAJ25426.1	AAG	K	AAA	K	33
PB2|PP755596.1|A/cattle/Texas/24-008749-003/2024(H5N1)	108	A	G	2	1	36	7202	3398	45	0.999445	7206	0	TRUE	PB2:cds-XAJ25426.1	TCA	S	TCG	S	36
PB2|PP755596.1|A/cattle/Texas/24-008749-003/2024(H5N1)	114	A	G	3	2	34	7222	3436	44	0.999446	7226	0	TRUE	PB2:cds-XAJ25426.1	AGA	R	AGG	R	38
PB2|PP755596.1|A/cattle/Texas/24-008749-003/2024(H5N1)	120	A	G	3	1	39	7377	3552	45	0.998917	7385	0	TRUE	PB2:cds-XAJ25426.1	GAA	E	GAG	E	40
PB2|PP755596.1|A/cattle/Texas/24-008749-003/2024(H5N1)	129	T	C	5	2	42	7935	3995	43	0.999119	7942	0	TRUE	PB2:cds-XAJ25426.1	CCT	P	CCC	P	43
PB2|PP755596.1|A/cattle/Texas/24-008749-003/2024(H5N1)	138	A	G	2	2	41	7821	4051	45	0.999744	7823	0	TRUE	PB2:cds-XAJ25426.1	AGA	R	AGG	R	46
PB2|PP755596.1|A/cattle/Texas/24-008749-003/2024(H5N1)	172	G	A	3	2	60	5793	2887	46	0.999482	5796	0	TRUE	PB2:cds-XAJ25426.1	GCA	A	ACA	T	58
PB2|PP755596.1|A/cattle/Texas/24-008749-003/2024(H5N1)	175	G	A	5730	2863	46	143	80	42	0.0243363	5876	6.13626e-63	TRUE	PB2:cds-XAJ25426.1	GCA	A	ACA	T	59
PB2|PP755596.1|A/cattle/Texas/24-008749-003/2024(H5N1)	184	C	A	1790	1004	40	3141	1591	48	0.636603	4934	0	TRUE	PB2:cds-XAJ25426.1	CGA	R	AGA	R	62
PB2|PP755596.1|A/cattle/Texas/24-008749-003/2024(H5N1)	186	A	G	1	0	29	3171	1579	48	0.999685	3172	0	TRUE	PB2:cds-XAJ25426.1	CGA	R	CGG	R	62
PB2|PP755596.1|A/cattle/Texas/24-008749-003/2024(H5N1)	201	C	T	1	1	39	2829	1405	49	0.999647	2830	0	TRUE	PB2:cds-XAJ25426.1	ATC	I	ATT	I	67
PB2|PP755596.1|A/cattle/Texas/24-008749-003/2024(H5N1)	210	G	A	0	0	0	2871	1465	49	0.998956	2874	0	TRUE	PB2:cds-XAJ25426.1	AGG	R	AGA	R	70
PB2|PP755596.1|A/cattle/Texas/24-008749-003/2024(H5N1)	231	C	T	1	0	69	2606	1438	48	0.999616	2607	0	TRUE	PB2:cds-XAJ25426.1	CTC	L	CTT	L	77
PB2|PP755596.1|A/cattle/Texas/24-008749-003/2024(H5N1)	240	G	A	0	0	0	1069	616	53	1	1069	0	TRUE	PB2:cds-XAJ25426.1	AAG	K	AAA	K	80
PB2|PP755596.1|A/cattle/Texas/24-008749-003/2024(H5N1)	243	A	G	1	0	27	1072	617	52	0.998138	1074	0	TRUE	PB2:cds-XAJ25426.1	ACA	T	ACG	T	81
PB2|PP755596.1|A/cattle/Texas/24-008749-003/2024(H5N1)	246	T	C	24	16	51	1048	606	52	0.977612	1072	0	TRUE	PB2:cds-XAJ25426.1	AAT	N	AAC	N	82
PB2|PP755596.1|A/cattle/Texas/24-008749-003/2024(H5N1)	255	A	G	0	0	0	1035	614	51	1	1035	0	TRUE	PB2:cds-XAJ25426.1	GGA	G	GGG	G	85
PB2|PP755596.1|A/cattle/Texas/24-008749-003/2024(H5N1)	258	A	T	0	0	0	1016	609	51	1	1016	0	TRUE	PB2:cds-XAJ25426.1	TCA	S	TCT	S	86
PB2|PP755596.1|A/cattle/Texas/24-008749-003/2024(H5N1)	261	T	C	0	0	0	1006	594	51	1	1006	0	TRUE	PB2:cds-XAJ25426.1	GAT	D	GAC	D	87
PB2|PP755596.1|A/cattle/Texas/24-008749-003/2024(H5N1)	279	C	T	0	0	0	739	433	52	1	739	0	TRUE	PB2:cds-XAJ25426.1	CCC	P	CCT	P	93
PB2|PP755596.1|A/cattle/Texas/24-008749-003/2024(H5N1)	306	T	C	0	0	0	502	307	50	0.998012	503	0	TRUE	PB2:cds-XAJ25426.1	AAT	N	AAC	N	102
PB2|PP755596.1|A/cattle/Texas/24-008749-003/2024(H5N1)	324	A	G	0	0	0	386	236	48	1	386	1.49648e-272	TRUE	PB2:cds-XAJ25426.1	ACA	T	ACG	T	108
PB2|PP755596.1|A/cattle/Texas/24-008749-003/2024(H5N1)	325	A	G	0	0	0	378	236	49	1	378	2.93551e-269	TRUE	PB2:cds-XAJ25426.1	ATT	I	GTT	V	109
PB2|PP755596.1|A/cattle/Texas/24-008749-003/2024(H5N1)	327	T	C	0	0	0	384	234	48	1	384	3.03348e-275	TRUE	PB2:cds-XAJ25426.1	ATT	I	ATC	I	109
PB2|PP755596.1|A/cattle/Texas/24-008749-003/2024(H5N1)	333	T	C	0	0	0	416	252	48	1	416	3.69273e-298	TRUE	PB2:cds-XAJ25426.1	TAT	Y	TAC	Y	111
PB2|PP755596.1|A/cattle/Texas/24-008749-003/2024(H5N1)	357	T	C	2	1	35	432	248	46	0.995392	434	2.09207e-291	TRUE	PB2:cds-XAJ25426.1	TTT	F	TTC	F	119
PB2|PP755596.1|A/cattle/Texas/24-008749-003/2024(H5N1)	385	A	G	0	0	0	29	18	44	1	29	8.72348e-21	TRUE	PB2:cds-XAJ25426.1	ACC	T	GCC	A	129
PB2|PP755596.1|A/cattle/Texas/24-008749-003/2024(H5N1)	393	C	T	0	0	0	24	12	43	1	24	4.6229e-17	TRUE	PB2:cds-XAJ25426.1	GGC	G	GGT	G	131
PB2|PP755596.1|A/cattle/Texas/24-008749-003/2024(H5N1)	399	A	C	0	0	0	27	14	46	1	27	3.57535e-18	TRUE	PB2:cds-XAJ25426.1	GTA	V	GTC	V	133
PB2|PP755596.1|A/cattle/Texas/24-008749-003/2024(H5N1)	411	C	T	0	0	0	24	12	47	1	24	2.77374e-17	TRUE	PB2:cds-XAJ25426.1	AAC	N	AAT	N	137
PB2|PP755596.1|A/cattle/Texas/24-008749-003/2024(H5N1)	415	A	G	0	0	0	28	16	48	1	28	8.93839e-19	TRUE	PB2:cds-XAJ25426.1	ATT	I	GTT	V	139
PB2|PP755596.1|A/cattle/Texas/24-008749-003/2024(H5N1)	418	A	T	26	15	48	1	0	54	0.037037	27	0.428571	FALSE	PB2:cds-XAJ25426.1	AAG	K	TAG	*	140
PB2|PP755596.1|A/cattle/Texas/24-008749-003/2024(H5N1)	447	G	A	0	0	0	20	12	50	1	20	1.02433e-13	TRUE	PB2:cds-XAJ25426.1	CCG	P	CCA	P	149
PB2|PP755596.1|A/cattle/Texas/24-008749-003/2024(H5N1)	456	T	A	0	0	0	22	12	49	1	22	6.40708e-15	TRUE	PB2:cds-XAJ25426.1	GCT	A	GCA	A	152
PB2|PP755596.1|A/cattle/Texas/24-008749-003/2024(H5N1)	465	C	T	0	0	0	22	11	48	1	22	3.69639e-15	TRUE	PB2:cds-XAJ25426.1	AGC	S	AGT	S	155
PB2|PP755596.1|A/cattle/Texas/24-008749-003/2024(H5N1)	483	C	T	0	0	0	22	14	54	1	22	4.66726e-16	TRUE	PB2:cds-XAJ25426.1	GAC	D	GAT	D	161
PB2|PP755596.1|A/cattle/Texas/24-008749-003/2024(H5N1)	504	T	C	0	0	0	16	9	61	1	16	3.77099e-12	TRUE	PB2:cds-XAJ25426.1	TTT	F	TTC	F	168
PB2|PP755596.1|A/cattle/Texas/24-008749-003/2024(H5N1)	531	G	A	0	0	0	16	10	68	1	16	2.39972e-12	TRUE	PB2:cds-XAJ25426.1	CTG	L	CTA	L	177
PB2|PP755596.1|A/cattle/Texas/24-008749-003/2024(H5N1)	534	G	A	0	0	0	16	10	64	1	16	2.39972e-12	TRUE	PB2:cds-XAJ25426.1	ACG	T	ACA	T	178
PB2|PP755596.1|A/cattle/Texas/24-008749-003/2024(H5N1)	540	A	G	0	0	0	15	9	64	1	15	6.59924e-12	TRUE	PB2:cds-XAJ25426.1	GAA	E	GAG	E	180
PB2|PP755596.1|A/cattle/Texas/24-008749-003/2024(H5N1)	547	T	C	0	0	0	15	9	66	1	15	6.59924e-12	TRUE	PB2:cds-XAJ25426.1	TTG	L	CTG	L	183
PB2|PP755596.1|A/cattle/Texas/24-008749-003/2024(H5N1)	552	A	G	0	0	0	16	10	67	1	16	2.39972e-12	TRUE	PB2:cds-XAJ25426.1	ACA	T	ACG	T	184
PB2|PP755596.1|A/cattle/Texas/24-008749-003/2024(H5N1)	564	A	G	0	0	0	15	10	61	1	15	1.57648e-11	TRUE	PB2:cds-XAJ25426.1	GAA	E	GAG	E	188
PB2|PP755596.1|A/cattle/Texas/24-008749-003/2024(H5N1)	584	A	G	0	0	0	13	8	60	1	13	6.77352e-10	TRUE	PB2:cds-XAJ25426.1	GAC	D	GGC	G	195
PB2|PP755596.1|A/cattle/Texas/24-008749-003/2024(H5N1)	594	C	T	0	0	0	13	9	59	1	13	1.07761e-09	TRUE	PB2:cds-XAJ25426.1	ATC	I	ATT	I	198
PB2|PP755596.1|A/cattle/Texas/24-008749-003/2024(H5N1)	597	C	A	0	0	0	12	8	61	1	12	1.82364e-09	TRUE	PB2:cds-XAJ25426.1	GCC	A	GCA	A	199
PB2|PP755596.1|A/cattle/Texas/24-008749-003/2024(H5N1)	601	C	T	0	0	0	12	9	65	1	12	7.98928e-10	TRUE	PB2:cds-XAJ25426.1	CTG	L	TTG	L	201
PB2|PP755596.1|A/cattle/Texas/24-008749-003/2024(H5N1)	609	T	C	0	0	0	11	8	67	1	11	1.18102e-08	TRUE	PB2:cds-XAJ25426.1	GTT	V	GTC	V	203
PB2|PP755596.1|A/cattle/Texas/24-008749-003/2024(H5N1)	631	C	T	0	0	0	11	10	59	1	11	1.83059e-08	TRUE	PB2:cds-XAJ25426.1	CTG	L	TTG	L	211
PB2|PP755596.1|A/cattle/Texas/24-008749-003/2024(H5N1)	633	G	A	1	0	73	10	10	62	0.909091	11	3.66117e-07	TRUE	PB2:cds-XAJ25426.1	CTG	L	CTA	L	211
PB2|PP755596.1|A/cattle/Texas/24-008749-003/2024(H5N1)	635	T	A	10	8	62	1	1	70	0.0909091	11	0.366667	FALSE	PB2:cds-XAJ25426.1	GTC	V	GAC	D	212
PB2|PP755596.1|A/cattle/Texas/24-008749-003/2024(H5N1)	645	A	G	0	0	0	12	12	58	1	12	7.08614e-09	TRUE	PB2:cds-XAJ25426.1	ACA	T	ACG	T	215
PB2|PP755596.1|A/cattle/Texas/24-008749-003/2024(H5N1)	660	T	G	0	0	0	12	11	60	1	12	2.81835e-09	TRUE	PB2:cds-XAJ25426.1	GTT	V	GTG	V	220
PB2|PP755596.1|A/cattle/Texas/24-008749-003/2024(H5N1)	684	C	T	0	0	0	14	12	66	1	14	6.62932e-11	TRUE	PB2:cds-XAJ25426.1	TAC	Y	TAT	Y	228
PB2|PP755596.1|A/cattle/Texas/24-008749-003/2024(H5N1)	702	G	A	0	0	0	14	11	62	1	14	1.03417e-10	TRUE	PB2:cds-XAJ25426.1	TTG	L	TTA	L	234
PB2|PP755596.1|A/cattle/Texas/24-008749-003/2024(H5N1)	711	A	G	0	0	0	14	10	60	1	14	6.62932e-11	TRUE	PB2:cds-XAJ25426.1	GGA	G	GGG	G	237
PB2|PP755596.1|A/cattle/Texas/24-008749-003/2024(H5N1)	732	T	C	0	0	0	15	8	65	1	15	6.59924e-12	TRUE	PB2:cds-XAJ25426.1	TAT	Y	TAC	Y	244
PB2|PP755596.1|A/cattle/Texas/24-008749-003/2024(H5N1)	756	C	T	0	0	0	15	8	61	1	15	1.57648e-11	TRUE	PB2:cds-XAJ25426.1	AAC	N	AAT	N	252
PB2|PP755596.1|A/cattle/Texas/24-008749-003/2024(H5N1)	763	G	A	15	7	68	1	1	39	0.0625	16	0.363636	FALSE	PB2:cds-XAJ25426.1	GCA	A	ACA	T	255
PB2|PP755596.1|A/cattle/Texas/24-008749-003/2024(H5N1)	764	C	T	0	0	0	16	8	65	1	16	2.39972e-12	TRUE	PB2:cds-XAJ25426.1	GCA	A	GTA	V	255
PB2|PP755596.1|A/cattle/Texas/24-008749-003/2024(H5N1)	774	C	T	0	0	0	16	7	64	1	16	1.54649e-12	TRUE	PB2:cds-XAJ25426.1	AGC	S	AGT	S	258
PB2|PP755596.1|A/cattle/Texas/24-008749-003/2024(H5N1)	780	C	T	0	0	0	16	7	66	1	16	1.54649e-12	TRUE	PB2:cds-XAJ25426.1	ATC	I	ATT	I	260
PB2|PP755596.1|A/cattle/Texas/24-008749-003/2024(H5N1)	783	T	C	0	0	0	16	7	68	1	16	1.54649e-12	TRUE	PB2:cds-XAJ25426.1	ATT	I	ATC	I	261
PB2|PP755596.1|A/cattle/Texas/24-008749-003/2024(H5N1)	795	T	C	0	0	0	17	7	64	1	17	2.35603e-13	TRUE	PB2:cds-XAJ25426.1	AAT	N	AAC	N	265
PB2|PP755596.1|A/cattle/Texas/24-008749-003/2024(H5N1)	816	G	A	0	0	0	18	8	64	1	18	3.58411e-14	TRUE	PB2:cds-XAJ25426.1	GTG	V	GTA	V	272
PB2|PP755596.1|A/cattle/Texas/24-008749-003/2024(H5N1)	829	T	C	0	0	0	18	7	62	1	18	5.53908e-14	TRUE	PB2:cds-XAJ25426.1	TTA	L	CTA	L	277
PB2|PP755596.1|A/cattle/Texas/24-008749-003/2024(H5N1)	834	A	C	0	0	0	17	6	61	1	17	1.53863e-13	TRUE	PB2:cds-XAJ25426.1	GCA	A	GCC	A	278
PB2|PP755596.1|A/cattle/Texas/24-008749-003/2024(H5N1)	840	A	G	0	0	0	17	6	66	1	17	6.76999e-14	TRUE	PB2:cds-XAJ25426.1	CTA	L	CTG	L	280
PB2|PP755596.1|A/cattle/Texas/24-008749-003/2024(H5N1)	864	A	G	0	0	0	17	5	68	1	17	1.0155e-13	TRUE	PB2:cds-XAJ25426.1	CAA	Q	CAG	Q	288
PB2|PP755596.1|A/cattle/Texas/24-008749-003/2024(H5N1)	870	A	G	0	0	0	17	6	64	1	17	1.0155e-13	TRUE	PB2:cds-XAJ25426.1	GGA	G	GGG	G	290
PB2|PP755596.1|A/cattle/Texas/24-008749-003/2024(H5N1)	885	A	C	0	0	0	19	6	66	1	19	2.35485e-15	TRUE	PB2:cds-XAJ25426.1	GTA	V	GTC	V	295
PB2|PP755596.1|A/cattle/Texas/24-008749-003/2024(H5N1)	891	T	C	0	0	0	19	5	63	1	19	5.44514e-15	TRUE	PB2:cds-XAJ25426.1	ATT	I	ATC	I	297
PB2|PP755596.1|A/cattle/Texas/24-008749-003/2024(H5N1)	897	G	A	0	0	0	19	5	66	1	19	5.44514e-15	TRUE	PB2:cds-XAJ25426.1	CGG	R	CGA	R	299
PB2|PP755596.1|A/cattle/Texas/24-008749-003/2024(H5N1)	909	G	A	0	0	0	18	5	67	1	18	2.34346e-14	TRUE	PB2:cds-XAJ25426.1	ACG	T	ACA	T	303
PB2|PP755596.1|A/cattle/Texas/24-008749-003/2024(H5N1)	924	G	A	16	3	63	1	1	31	0.0588235	17	0.361702	FALSE	PB2:cds-XAJ25426.1	GTG	V	GTA	V	308
PB2|PP755596.1|A/cattle/Texas/24-008749-003/2024(H5N1)	936	G	A	0	0	0	12	3	68	1	12	1.19839e-09	TRUE	PB2:cds-XAJ25426.1	AAG	K	AAA	K	312
PB2|PP755596.1|A/cattle/Texas/24-008749-003/2024(H5N1)	966	G	T	0	0	0	15	6	66	1	15	1.01345e-11	TRUE	PB2:cds-XAJ25426.1	TCG	S	TCT	S	322
PB2|PP755596.1|A/cattle/Texas/24-008749-003/2024(H5N1)	1020	G	A	0	0	0	17	7	68	1	17	1.53863e-13	TRUE	PB2:cds-XAJ25426.1	AGG	R	AGA	R	340
PB2|PP755596.1|A/cattle/Texas/24-008749-003/2024(H5N1)	1029	G	A	0	0	0	18	7	69	1	18	5.53908e-14	TRUE	PB2:cds-XAJ25426.1	GAG	E	GAA	E	343
PB2|PP755596.1|A/cattle/Texas/24-008749-003/2024(H5N1)	1050	A	G	0	0	0	17	6	68	1	17	6.76999e-14	TRUE	PB2:cds-XAJ25426.1	CAA	Q	CAG	Q	350
PB2|PP755596.1|A/cattle/Texas/24-008749-003/2024(H5N1)	1054	T	C	0	0	0	18	7	65	1	18	1.36802e-13	TRUE	PB2:cds-XAJ25426.1	TTG	L	CTG	L	352
PB2|PP755596.1|A/cattle/Texas/24-008749-003/2024(H5N1)	1085	G	A	0	0	0	20	8	59	1	20	7.93685e-15	TRUE	PB2:cds-XAJ25426.1	GGG	G	GAG	E	362
PB2|PP755596.1|A/cattle/Texas/24-008749-003/2024(H5N1)	1092	T	A	0	0	0	23	8	55	1	23	1.13646e-16	TRUE	PB2:cds-XAJ25426.1	ACT	T	ACA	T	364
PB2|PP755596.1|A/cattle/Texas/24-008749-003/2024(H5N1)	1104	A	G	0	0	0	25	9	57	1	25	5.97551e-19	TRUE	PB2:cds-XAJ25426.1	AGA	R	AGG	R	368
PB2|PP755596.1|A/cattle/Texas/24-008749-003/2024(H5N1)	1108	G	T	26	9	54	1	0	38	0.037037	27	0.391304	FALSE	PB2:cds-XAJ25426.1	GCA	A	TCA	S	370
PB2|PP755596.1|A/cattle/Texas/24-008749-003/2024(H5N1)	1114	G	A	27	9	57	1	0	38	0.0357143	28	0.4	FALSE	PB2:cds-XAJ25426.1	GCC	A	ACC	T	372
PB2|PP755596.1|A/cattle/Texas/24-008749-003/2024(H5N1)	1116	C	T	0	0	0	25	8	59	1	25	9.53236e-19	TRUE	PB2:cds-XAJ25426.1	GCC	A	GCT	A	372
PB2|PP755596.1|A/cattle/Texas/24-008749-003/2024(H5N1)	1122	C	T	0	0	0	25	9	56	1	25	2.49353e-18	TRUE	PB2:cds-XAJ25426.1	CTC	L	CTT	L	374
PB2|PP755596.1|A/cattle/Texas/24-008749-003/2024(H5N1)	1128	A	G	0	0	0	24	10	57	1	24	6.38343e-18	TRUE	PB2:cds-XAJ25426.1	AAA	K	AAG	K	376
PB2|PP755596.1|A/cattle/Texas/24-008749-003/2024(H5N1)	1141	C	T	0	0	0	24	10	56	1	24	6.38343e-18	TRUE	PB2:cds-XAJ25426.1	CTG	L	TTG	L	381
PB2|PP755596.1|A/cattle/Texas/24-008749-003/2024(H5N1)	1146	T	C	0	0	0	22	9	63	1	22	2.91417e-17	TRUE	PB2:cds-XAJ25426.1	ATT	I	ATC	I	382
PB2|PP755596.1|A/cattle/Texas/24-008749-003/2024(H5N1)	1153	A	T	26	11	61	1	0	20	0.037037	27	0.380282	FALSE	PB2:cds-XAJ25426.1	ATA	I	TTA	L	385
PB2|PP755596.1|A/cattle/Texas/24-008749-003/2024(H5N1)	1161	T	C	0	0	0	27	11	61	1	27	1.3404e-20	TRUE	PB2:cds-XAJ25426.1	AGT	S	AGC	S	387
PB2|PP755596.1|A/cattle/Texas/24-008749-003/2024(H5N1)	1167	G	A	0	0	0	28	12	62	1	28	2.00736e-21	TRUE	PB2:cds-XAJ25426.1	AGG	R	AGA	R	389
PB2|PP755596.1|A/cattle/Texas/24-008749-003/2024(H5N1)	1173	A	G	0	0	0	31	13	57	1	31	4.31404e-23	TRUE	PB2:cds-XAJ25426.1	GAA	E	GAG	E	391
PB2|PP755596.1|A/cattle/Texas/24-008749-003/2024(H5N1)	1197	C	T	0	0	0	31	12	66	1	31	5.0608e-25	TRUE	PB2:cds-XAJ25426.1	ATC	I	ATT	I	399
PB2|PP755596.1|A/cattle/Texas/24-008749-003/2024(H5N1)	1202	C	T	32	14	61	1	0	78	0.030303	33	0.354839	FALSE	PB2:cds-XAJ25426.1	GCC	A	GTC	V	401
PB2|PP755596.1|A/cattle/Texas/24-008749-003/2024(H5N1)	1218	A	G	0	0	0	35	14	65	1	35	2.17321e-27	TRUE	PB2:cds-XAJ25426.1	CAA	Q	CAG	Q	406
PB2|PP755596.1|A/cattle/Texas/24-008749-003/2024(H5N1)	1221	G	A	0	0	0	36	15	63	1	36	5.05765e-28	TRUE	PB2:cds-XAJ25426.1	GAG	E	GAA	E	407
PB2|PP755596.1|A/cattle/Texas/24-008749-003/2024(H5N1)	1233	A	C	0	0	0	36	12	66	1	36	3.25492e-28	TRUE	PB2:cds-XAJ25426.1	ATA	I	ATC	I	411
PB2|PP755596.1|A/cattle/Texas/24-008749-003/2024(H5N1)	1252	C	T	0	0	0	35	12	66	1	35	1.4049e-27	TRUE	PB2:cds-XAJ25426.1	CTG	L	TTG	L	418
PB2|PP755596.1|A/cattle/Texas/24-008749-003/2024(H5N1)	1257	C	T	0	0	0	35	13	67	1	35	2.17321e-27	TRUE	PB2:cds-XAJ25426.1	AAC	N	AAT	N	419
PB2|PP755596.1|A/cattle/Texas/24-008749-003/2024(H5N1)	1263	C	T	0	0	0	35	13	68	1	35	1.4049e-27	TRUE	PB2:cds-XAJ25426.1	GTC	V	GTT	V	421
PB2|PP755596.1|A/cattle/Texas/24-008749-003/2024(H5N1)	1266	C	T	0	0	0	35	13	67	1	35	1.4049e-27	TRUE	PB2:cds-XAJ25426.1	AAC	N	AAT	N	422
PB2|PP755596.1|A/cattle/Texas/24-008749-003/2024(H5N1)	1275	T	C	0	0	0	35	12	61	1	35	9.13186e-28	TRUE	PB2:cds-XAJ25426.1	AAT	N	AAC	N	425
PB2|PP755596.1|A/cattle/Texas/24-008749-003/2024(H5N1)	1299	G	A	0	0	0	34	15	62	1	34	6.08498e-27	TRUE	PB2:cds-XAJ25426.1	CAG	Q	CAA	Q	433
PB2|PP755596.1|A/cattle/Texas/24-008749-003/2024(H5N1)	1321	A	G	0	0	0	31	15	64	1	31	1.79664e-24	TRUE	PB2:cds-XAJ25426.1	AAT	N	GAT	D	441
PB2|PP755596.1|A/cattle/Texas/24-008749-003/2024(H5N1)	1326	A	T	0	0	0	32	17	64	1	32	1.00864e-24	TRUE	PB2:cds-XAJ25426.1	GCA	A	GCT	A	442
PB2|PP755596.1|A/cattle/Texas/24-008749-003/2024(H5N1)	1343	A	G	0	0	0	32	20	58	1	32	3.99294e-24	TRUE	PB2:cds-XAJ25426.1	AAT	N	AGT	S	448
PB2|PP755596.1|A/cattle/Texas/24-008749-003/2024(H5N1)	1344	T	C	0	0	0	32	20	57	1	32	6.40378e-24	TRUE	PB2:cds-XAJ25426.1	AAT	N	AAC	N	448
PB2|PP755596.1|A/cattle/Texas/24-008749-003/2024(H5N1)	1356	G	A	0	0	0	30	18	58	1	30	2.87395e-23	TRUE	PB2:cds-XAJ25426.1	GAG	E	GAA	E	452
PB2|PP755596.1|A/cattle/Texas/24-008749-003/2024(H5N1)	1357	C	T	33	21	58	2	1	57	0.0571429	35	0.14214	FALSE	PB2:cds-XAJ25426.1	CCC	P	TCC	S	453
PB2|PP755596.1|A/cattle/Texas/24-008749-003/2024(H5N1)	1368	T	G	36	22	62	1	1	30	0.027027	37	0.381443	FALSE	PB2:cds-XAJ25426.1	AAT	N	AAG	K	456
PB2|PP755596.1|A/cattle/Texas/24-008749-003/2024(H5N1)	1377	A	G	0	0	0	32	20	62	1	32	1.00864e-24	TRUE	PB2:cds-XAJ25426.1	GGA	G	GGG	G	459
PB2|PP755596.1|A/cattle/Texas/24-008749-003/2024(H5N1)	1383	C	T	0	0	0	33	20	60	1	33	3.73991e-25	TRUE	PB2:cds-XAJ25426.1	ATC	I	ATT	I	461
PB2|PP755596.1|A/cattle/Texas/24-008749-003/2024(H5N1)	1395	T	C	1	1	78	27	14	59	0.964286	28	6.38704e-20	TRUE	PB2:cds-XAJ25426.1	CCT	P	CCC	P	465
PB2|PP755596.1|A/cattle/Texas/24-008749-003/2024(H5N1)	1396	G	A	30	17	56	1	1	78	0.0322581	31	0.3875	FALSE	PB2:cds-XAJ25426.1	GAC	D	AAC	N	466
PB2|PP755596.1|A/cattle/Texas/24-008749-003/2024(H5N1)	1404	T	C	0	0	0	28	16	57	1	28	2.00736e-21	TRUE	PB2:cds-XAJ25426.1	ACT	T	ACC	T	468
PB2|PP755596.1|A/cattle/Texas/24-008749-003/2024(H5N1)	1409	G	A	0	0	0	28	17	57	1	28	3.17831e-21	TRUE	PB2:cds-XAJ25426.1	AGT	S	AAT	N	470
PB2|PP755596.1|A/cattle/Texas/24-008749-003/2024(H5N1)	1410	T	C	0	0	0	29	17	59	1	29	1.21278e-21	TRUE	PB2:cds-XAJ25426.1	AGT	S	AGC	S	470
PB2|PP755596.1|A/cattle/Texas/24-008749-003/2024(H5N1)	1421	C	A	29	18	58	1	0	20	0.0333333	30	0.379747	FALSE	PB2:cds-XAJ25426.1	TCA	S	TAA	*	474
PB2|PP755596.1|A/cattle/Texas/24-008749-003/2024(H5N1)	1423	C	T	0	0	0	30	18	56	1	30	1.80355e-22	TRUE	PB2:cds-XAJ25426.1	CTG	L	TTG	L	475
PB2|PP755596.1|A/cattle/Texas/24-008749-003/2024(H5N1)	1431	A	G	0	0	0	29	18	56	1	29	7.56017e-22	TRUE	PB2:cds-XAJ25426.1	GGA	G	GGG	G	477
PB2|PP755596.1|A/cattle/Texas/24-008749-003/2024(H5N1)	1437	A	G	0	0	0	25	14	58	1	25	1.00358e-19	TRUE	PB2:cds-XAJ25426.1	AGA	R	AGG	R	479
PB2|PP755596.1|A/cattle/Texas/24-008749-003/2024(H5N1)	1477	C	A	0	0	0	15	7	54	1	15	3.97759e-11	TRUE	PB2:cds-XAJ25426.1	CGG	R	AGG	R	493
PB2|PP755596.1|A/cattle/Texas/24-008749-003/2024(H5N1)	1479	G	A	0	0	0	15	7	52	1	15	3.97759e-11	TRUE	PB2:cds-XAJ25426.1	CGG	R	CGA	R	493
PB2|PP755596.1|A/cattle/Texas/24-008749-003/2024(H5N1)	1482	A	G	0	0	0	15	7	54	1	15	3.97759e-11	TRUE	PB2:cds-XAJ25426.1	GTA	V	GTG	V	494
PB2|PP755596.1|A/cattle/Texas/24-008749-003/2024(H5N1)	1483	A	G	0	0	0	14	7	53	1	14	1.03417e-10	TRUE	PB2:cds-XAJ25426.1	ATA	I	GTA	V	495
PB2|PP755596.1|A/cattle/Texas/24-008749-003/2024(H5N1)	1485	A	G	0	0	0	15	7	56	1	15	3.97759e-11	TRUE	PB2:cds-XAJ25426.1	ATA	I	ATG	M	495
PB2|PP755596.1|A/cattle/Texas/24-008749-003/2024(H5N1)	1488	A	G	0	0	0	15	7	54	1	15	3.97759e-11	TRUE	PB2:cds-XAJ25426.1	GTA	V	GTG	V	496
PB2|PP755596.1|A/cattle/Texas/24-008749-003/2024(H5N1)	1515	A	G	0	0	0	26	12	55	1	26	5.67241e-20	TRUE	PB2:cds-XAJ25426.1	CGA	R	CGG	R	505
PB2|PP755596.1|A/cattle/Texas/24-008749-003/2024(H5N1)	1524	G	A	0	0	0	28	14	57	1	28	2.00736e-21	TRUE	PB2:cds-XAJ25426.1	CGG	R	CGA	R	508
PB2|PP755596.1|A/cattle/Texas/24-008749-003/2024(H5N1)	1537	C	T	0	0	0	32	16	62	1	32	2.5072e-24	TRUE	PB2:cds-XAJ25426.1	CTG	L	TTG	L	513
PB2|PP755596.1|A/cattle/Texas/24-008749-003/2024(H5N1)	1545	C	A	0	0	0	30	15	64	1	30	7.09729e-23	TRUE	PB2:cds-XAJ25426.1	CCC	P	CCA	P	515
PB2|PP755596.1|A/cattle/Texas/24-008749-003/2024(H5N1)	1562	C	A	77	41	54	2	1	34	0.0253165	79	0.145915	FALSE	PB2:cds-XAJ25426.1	ACA	T	AAA	K	521
PB2|PP755596.1|A/cattle/Texas/24-008749-003/2024(H5N1)	1569	A	G	0	0	0	117	56	56	1	117	2.96506e-94	TRUE	PB2:cds-XAJ25426.1	GGA	G	GGG	G	523
PB2|PP755596.1|A/cattle/Texas/24-008749-003/2024(H5N1)	1599	A	G	1	0	37	179	78	58	0.994444	180	1.0278e-133	TRUE	PB2:cds-XAJ25426.1	TCA	S	TCG	S	533
PB2|PP755596.1|A/cattle/Texas/24-008749-003/2024(H5N1)	1623	T	A	0	0	0	200	91	60	0.995025	201	4.62515e-154	TRUE	PB2:cds-XAJ25426.1	GGT	G	GGA	G	541
PB2|PP755596.1|A/cattle/Texas/24-008749-003/2024(H5N1)	1629	G	A	0	0	0	202	93	60	1	202	1.66147e-157	TRUE	PB2:cds-XAJ25426.1	GAG	E	GAA	E	543
PB2|PP755596.1|A/cattle/Texas/24-008749-003/2024(H5N1)	1635	G	A	0	0	0	212	101	61	1	212	1.28575e-165	TRUE	PB2:cds-XAJ25426.1	GTG	V	GTA	V	545
PB2|PP755596.1|A/cattle/Texas/24-008749-003/2024(H5N1)	1644	T	C	0	0	0	233	105	62	1	233	9.97405e-186	TRUE	PB2:cds-XAJ25426.1	AAT	N	AAC	N	548
PB2|PP755596.1|A/cattle/Texas/24-008749-003/2024(H5N1)	1659	A	C	0	0	0	254	107	64	1	254	9.45824e-199	TRUE	PB2:cds-XAJ25426.1	ATA	I	ATC	I	553
PB2|PP755596.1|A/cattle/Texas/24-008749-003/2024(H5N1)	1677	A	T	0	0	0	256	109	65	1	256	1.41991e-201	TRUE	PB2:cds-XAJ25426.1	ACA	T	ACT	T	559
PB2|PP755596.1|A/cattle/Texas/24-008749-003/2024(H5N1)	1680	A	G	0	0	0	262	111	64	1	262	1.28885e-204	TRUE	PB2:cds-XAJ25426.1	GTA	V	GTG	V	560
PB2|PP755596.1|A/cattle/Texas/24-008749-003/2024(H5N1)	1686	T	C	0	0	0	261	113	65	1	261	1.562e-205	TRUE	PB2:cds-XAJ25426.1	ATT	I	ATC	I	562
PB2|PP755596.1|A/cattle/Texas/24-008749-003/2024(H5N1)	1698	A	G	0	0	0	269	117	66	1	269	1.85992e-214	TRUE	PB2:cds-XAJ25426.1	CAA	Q	CAG	Q	566
PB2|PP755596.1|A/cattle/Texas/24-008749-003/2024(H5N1)	1713	G	A	0	0	0	297	125	65	1	297	9.64937e-237	TRUE	PB2:cds-XAJ25426.1	TTG	L	TTA	L	571
PB2|PP755596.1|A/cattle/Texas/24-008749-003/2024(H5N1)	1728	G	A	0	0	0	283	126	67	1	283	9.54136e-228	TRUE	PB2:cds-XAJ25426.1	GAG	E	GAA	E	576
PB2|PP755596.1|A/cattle/Texas/24-008749-003/2024(H5N1)	1752	C	A	0	0	0	300	129	64	1	300	1.71776e-243	TRUE	PB2:cds-XAJ25426.1	GTC	V	GTA	V	584
PB2|PP755596.1|A/cattle/Texas/24-008749-003/2024(H5N1)	1767	G	A	2	1	26	295	127	67	0.993266	297	2.43951e-234	TRUE	PB2:cds-XAJ25426.1	AGG	R	AGA	R	589
PB2|PP755596.1|A/cattle/Texas/24-008749-003/2024(H5N1)	1781	G	A	294	120	64	22	10	63	0.0696203	316	7.8568e-11	TRUE	PB2:cds-XAJ25426.1	GGG	G	GAG	E	594
PB2|PP755596.1|A/cattle/Texas/24-008749-003/2024(H5N1)	1782	G	A	0	0	0	307	128	65	1	307	2.775e-244	TRUE	PB2:cds-XAJ25426.1	GGG	G	GGA	G	594
PB2|PP755596.1|A/cattle/Texas/24-008749-003/2024(H5N1)	1797	A	G	0	0	0	344	147	62	1	344	7.54609e-269	TRUE	PB2:cds-XAJ25426.1	CTA	L	CTG	L	599
PB2|PP755596.1|A/cattle/Texas/24-008749-003/2024(H5N1)	1800	T	C	0	0	0	342	145	63	1	342	8.99253e-268	TRUE	PB2:cds-XAJ25426.1	TTT	F	TTC	F	600
PB2|PP755596.1|A/cattle/Texas/24-008749-003/2024(H5N1)	1821	T	C	0	0	0	678	303	55	1	678	0	TRUE	PB2:cds-XAJ25426.1	CTT	L	CTC	L	607
PB2|PP755596.1|A/cattle/Texas/24-008749-003/2024(H5N1)	1842	G	A	2	0	57	803	368	55	0.997516	805	0	TRUE	PB2:cds-XAJ25426.1	CAG	Q	CAA	Q	614
PB2|PP755596.1|A/cattle/Texas/24-008749-003/2024(H5N1)	1854	T	C	0	0	0	800	360	54	1	800	0	TRUE	PB2:cds-XAJ25426.1	CTT	L	CTC	L	618
PB2|PP755596.1|A/cattle/Texas/24-008749-003/2024(H5N1)	1878	G	A	0	0	0	1042	457	58	1	1042	0	TRUE	PB2:cds-XAJ25426.1	CCG	P	CCA	P	626
PB2|PP755596.1|A/cattle/Texas/24-008749-003/2024(H5N1)	1891	C	A	0	0	0	1040	473	59	1	1040	0	TRUE	PB2:cds-XAJ25426.1	CTG	L	ATG	M	631
PB2|PP755596.1|A/cattle/Texas/24-008749-003/2024(H5N1)	1905	T	C	0	0	0	1138	519	59	0.998246	1140	0	TRUE	PB2:cds-XAJ25426.1	TCT	S	TCC	S	635
PB2|PP755596.1|A/cattle/Texas/24-008749-003/2024(H5N1)	1911	T	C	0	0	0	1130	523	60	1	1130	0	TRUE	PB2:cds-XAJ25426.1	ACT	T	ACC	T	637
PB2|PP755596.1|A/cattle/Texas/24-008749-003/2024(H5N1)	1914	G	A	1	1	51	1133	526	60	0.999118	1134	0	TRUE	PB2:cds-XAJ25426.1	GTG	V	GTA	V	638
PB2|PP755596.1|A/cattle/Texas/24-008749-003/2024(H5N1)	1920	G	A	1	0	39	1159	537	60	0.999138	1160	0	TRUE	PB2:cds-XAJ25426.1	GTG	V	GTA	V	640
PB2|PP755596.1|A/cattle/Texas/24-008749-003/2024(H5N1)	1945	A	G	0	0	0	1539	709	58	1	1539	0	TRUE	PB2:cds-XAJ25426.1	ATA	I	GTA	V	649
PB2|PP755596.1|A/cattle/Texas/24-008749-003/2024(H5N1)	1947	A	T	71	26	26	1531	710	58	0.95568	1602	0	TRUE	PB2:cds-XAJ25426.1	ATA	I	ATT	I	649
PB2|PP755596.1|A/cattle/Texas/24-008749-003/2024(H5N1)	1959	T	C	0	0	0	1815	833	57	0.999449	1816	0	TRUE	PB2:cds-XAJ25426.1	TCT	S	TCC	S	653
PB2|PP755596.1|A/cattle/Texas/24-008749-003/2024(H5N1)	1990	A	G	2557	1148	60	41	22	54	0.0157814	2598	2.19311e-18	TRUE	PB2:cds-XAJ25426.1	AGG	R	GGG	G	664
PB2|PP755596.1|A/cattle/Texas/24-008749-003/2024(H5N1)	2026	G	A	0	0	0	2783	1343	59	1	2783	0	TRUE	PB2:cds-XAJ25426.1	GCC	A	ACC	T	676
PB2|PP755596.1|A/cattle/Texas/24-008749-003/2024(H5N1)	2058	G	A	3	1	50	4205	2081	60	0.999287	4208	0	TRUE	PB2:cds-XAJ25426.1	GTG	V	GTA	V	686
PB2|PP755596.1|A/cattle/Texas/24-008749-003/2024(H5N1)	2071	T	C	15	6	28	4923	2705	64	0.996559	4940	0	TRUE	PB2:cds-XAJ25426.1	TTA	L	CTA	L	691
PB2|PP755596.1|A/cattle/Texas/24-008749-003/2024(H5N1)	2122	C	T	1	0	78	14662	7673	62	0.999864	14664	0	TRUE	PB2:cds-XAJ25426.1	CTG	L	TTG	L	708
PB2|PP755596.1|A/cattle/Texas/24-008749-003/2024(H5N1)	2146	T	C	11	2	48	16979	9063	62	0.998941	16997	0	TRUE	PB2:cds-XAJ25426.1	TTG	L	CTG	L	716
PB2|PP755596.1|A/cattle/Texas/24-008749-003/2024(H5N1)	2148	G	T	8	2	33	17066	9116	62	0.998713	17088	0	TRUE	PB2:cds-XAJ25426.1	TTG	L	TTT	F	716
PB2|PP755596.1|A/cattle/Texas/24-008749-003/2024(H5N1)	2202	G	A	3	1	53	14057	8128	65	0.999644	14062	0	TRUE	PB2:cds-XAJ25426.1	GTG	V	GTA	V	734
PB2|PP755596.1|A/cattle/Texas/24-008749-003/2024(H5N1)	2214	A	G	4	3	65	13459	7933	62	0.999406	13467	0	TRUE	PB2:cds-XAJ25426.1	AAA	K	AAG	K	738
PB2|PP755596.1|A/cattle/Texas/24-008749-003/2024(H5N1)	2219	A	G	12177	7217	62	1280	854	59	0.0951107	13458	0	TRUE	PB2:cds-XAJ25426.1	GAC	D	GGC	G	740
PB2|PP755596.1|A/cattle/Texas/24-008749-003/2024(H5N1)	2259	A	G	0	0	0	8810	5718	59	0.999887	8811	0	TRUE	PB2:cds-XAJ25426.1	AGA	R	AGG	R	753
