REGION	POS	REF	ALT	REF_DP	REF_RV	REF_QUAL	ALT_DP	ALT_RV	ALT_QUAL	ALT_FREQ	TOTAL_DP	PVAL	PASS	GFF_FEATURE	REF_CODON	REF_AA	ALT_CODON	ALT_AA	POS_AA
MP|PP755590.1|A/cattle/Texas/24-008749-003/2024(H5N1)	102	G	A	17	5	32	16533	4635	33	0.997827	16569	0	TRUE	M1:cds-XAJ25416.1	GGG	G	GGA	G	34
MP|PP755590.1|A/cattle/Texas/24-008749-003/2024(H5N1)	245	G	A	1	0	34	31849	13524	33	0.999435	31867	0	TRUE	M1:cds-XAJ25416.1	AGT	S	AAT	N	82
MP|PP755590.1|A/cattle/Texas/24-008749-003/2024(H5N1)	249	C	T	11	4	34	31229	12057	32	0.999008	31260	0	TRUE	M1:cds-XAJ25416.1	GCC	A	GCT	A	83
MP|PP755590.1|A/cattle/Texas/24-008749-003/2024(H5N1)	254	G	A	6	3	34	34285	15955	33	0.999242	34311	0	TRUE	M1:cds-XAJ25416.1	AGT	S	AAT	N	85
MP|PP755590.1|A/cattle/Texas/24-008749-003/2024(H5N1)	260	C	A	2	1	34	35112	16459	33	0.999374	35134	0	TRUE	M1:cds-XAJ25416.1	ACT	T	AAT	N	87
MP|PP755590.1|A/cattle/Texas/24-008749-003/2024(H5N1)	285	A	G	7	7	34	34080	17207	33	0.999443	34099	0	TRUE	M1:cds-XAJ25416.1	AGA	R	AGG	R	95
MP|PP755590.1|A/cattle/Texas/24-008749-003/2024(H5N1)	294	G	A	12	9	33	29281	15287	33	0.99867	29320	0	TRUE	M1:cds-XAJ25416.1	AAG	K	AAA	K	98
MP|PP755590.1|A/cattle/Texas/24-008749-003/2024(H5N1)	295	T	C	14	8	32	32059	16095	33	0.999439	32077	0	TRUE	M1:cds-XAJ25416.1	TTG	L	CTG	L	99
MP|PP755590.1|A/cattle/Texas/24-008749-003/2024(H5N1)	307	C	T	2	1	34	35139	17981	33	0.999175	35168	0	TRUE	M1:cds-XAJ25416.1	CTG	L	TTG	L	103
MP|PP755590.1|A/cattle/Texas/24-008749-003/2024(H5N1)	456	A	G	6	4	31	34548	15628	33	0.999682	34559	0	TRUE	M1:cds-XAJ25416.1	GAA	E	GAG	E	152
MP|PP755590.1|A/cattle/Texas/24-008749-003/2024(H5N1)	489	A	G	7	4	33	35319	17438	33	0.999547	35335	0	TRUE	M1:cds-XAJ25416.1	AGA	R	AGG	R	163
MP|PP755590.1|A/cattle/Texas/24-008749-003/2024(H5N1)	498	T	C	5	5	34	34798	17289	33	0.999598	34812	0	TRUE	M1:cds-XAJ25416.1	GCT	A	GCC	A	166
MP|PP755590.1|A/cattle/Texas/24-008749-003/2024(H5N1)	516	G	A	3	1	34	35591	17948	33	0.999438	35611	0	TRUE	M1:cds-XAJ25416.1	CTG	L	CTA	L	172
MP|PP755590.1|A/cattle/Texas/24-008749-003/2024(H5N1)	540	T	G	3	3	31	38929	22034	33	0.999538	38947	0	TRUE	M1:cds-XAJ25416.1	GTT	V	GTG	V	180
MP|PP755590.1|A/cattle/Texas/24-008749-003/2024(H5N1)	570	G	A	37	12	33	36145	15994	32	0.998867	36186	0	TRUE	M1:cds-XAJ25416.1	GAG	E	GAA	E	190
MP|PP755590.1|A/cattle/Texas/24-008749-003/2024(H5N1)	599	T	C	21	11	34	34992	16963	33	0.998915	35030	0	TRUE	M1:cds-XAJ25416.1	GTG	V	GCG	A	200
MP|PP755590.1|A/cattle/Texas/24-008749-003/2024(H5N1)	633	G	A	6	4	34	37587	16585	33	0.999123	37620	0	TRUE	M1:cds-XAJ25416.1	CAG	Q	CAA	Q	211
MP|PP755590.1|A/cattle/Texas/24-008749-003/2024(H5N1)	869	G	A	13	13	32	36311	31685	33	0.998955	36349	0	TRUE	M2:cds-XAJ25417.1	GGA	G	AGA	R	52
MP|PP755590.1|A/cattle/Texas/24-008749-003/2024(H5N1)	950	A	G	3	3	34	13201	12213	33	0.999773	13204	0	TRUE	M2:cds-XAJ25417.1	AAT	N	GAT	D	79
