REGION	POS	REF	ALT	REF_DP	REF_RV	REF_QUAL	ALT_DP	ALT_RV	ALT_QUAL	ALT_FREQ	TOTAL_DP	PVAL	PASS	GFF_FEATURE	REF_CODON	REF_AA	ALT_CODON	ALT_AA	POS_AA
NS|PP755593.1|A/cattle/Texas/24-008749-003/2024(H5N1)	196	G	A	30547	15223	33	506	200	32	0.0162942	31054	1.49028e-115	TRUE	NS1:cds-XAJ25420.1	GAG	E	AAG	K	66
NS|PP755593.1|A/cattle/Texas/24-008749-003/2024(H5N1)	199	A	G	5	1	30	30094	14629	33	0.999701	30103	0	TRUE	NS1:cds-XAJ25420.1	AGG	R	GGG	G	67
NS|PP755593.1|A/cattle/Texas/24-008749-003/2024(H5N1)	222	T	C	15	9	33	32056	17184	33	0.999252	32080	0	TRUE	NS1:cds-XAJ25420.1	GAT	D	GAC	D	74
NS|PP755593.1|A/cattle/Texas/24-008749-003/2024(H5N1)	387	A	G	30404	14031	33	1112	583	33	0.0352814	31518	2.7275e-291	TRUE	NS1:cds-XAJ25420.1	ATA	I	ATG	M	129
