REGION	POS	REF	ALT	REF_DP	REF_RV	REF_QUAL	ALT_DP	ALT_RV	ALT_QUAL	ALT_FREQ	TOTAL_DP	PVAL	PASS	GFF_FEATURE	REF_CODON	REF_AA	ALT_CODON	ALT_AA	POS_AA
HA|PP755589.1|A/cattle/Texas/24-008749-003/2024(H5N1)	36	C	T	62	23	48	1	0	28	0.015873	63	0.430903	FALSE	HA:cds-XAJ25415.1	AGC	S	AGT	S	12
HA|PP755589.1|A/cattle/Texas/24-008749-003/2024(H5N1)	40	G	A	68	27	50	1	0	37	0.0144928	69	0.252747	FALSE	HA:cds-XAJ25415.1	GTT	V	ATT	I	14
HA|PP755589.1|A/cattle/Texas/24-008749-003/2024(H5N1)	72	T	A	95	38	52	1	0	39	0.0104167	96	0.284024	FALSE	HA:cds-XAJ25415.1	CAT	H	CAA	Q	24
HA|PP755589.1|A/cattle/Texas/24-008749-003/2024(H5N1)	73	G	A	95	37	51	1	1	79	0.0104167	96	0.284024	FALSE	HA:cds-XAJ25415.1	GCA	A	ACA	T	25
HA|PP755589.1|A/cattle/Texas/24-008749-003/2024(H5N1)	192	G	A	160	56	55	3	2	50	0.0184049	163	0.039172	FALSE	HA:cds-XAJ25415.1	AAG	K	AAA	K	64
HA|PP755589.1|A/cattle/Texas/24-008749-003/2024(H5N1)	222	T	C	182	83	58	3	2	62	0.0162162	185	0.0464122	FALSE	HA:cds-XAJ25415.1	GCT	A	GCC	A	74
HA|PP755589.1|A/cattle/Texas/24-008749-003/2024(H5N1)	345	A	G	0	0	0	192	99	55	1	192	1.35873e-139	TRUE	HA:cds-XAJ25415.1	GAA	E	GAG	E	115
HA|PP755589.1|A/cattle/Texas/24-008749-003/2024(H5N1)	449	C	T	188	94	54	2	0	36	0.0105263	190	0.160847	FALSE	HA:cds-XAJ25415.1	GCT	A	GTT	V	150
HA|PP755589.1|A/cattle/Texas/24-008749-003/2024(H5N1)	465	A	G	180	81	54	2	2	42	0.010989	182	0.159471	FALSE	HA:cds-XAJ25415.1	GGA	G	GGG	G	155
HA|PP755589.1|A/cattle/Texas/24-008749-003/2024(H5N1)	493	T	G	187	88	55	5	5	51	0.0259067	193	0.0095166	TRUE	HA:cds-XAJ25415.1	TGG	W	GGG	G	165
HA|PP755589.1|A/cattle/Texas/24-008749-003/2024(H5N1)	621	C	+A	218	97	52	5	0	20	0.016129	310	0.203049	FALSE	NA	NA	NA	NA	NA	NA
HA|PP755589.1|A/cattle/Texas/24-008749-003/2024(H5N1)	651	G	A	0	0	0	225	104	55	1	225	1.90807e-162	TRUE	HA:cds-XAJ25415.1	GGG	G	GGA	G	217
HA|PP755589.1|A/cattle/Texas/24-008749-003/2024(H5N1)	799	G	A	247	126	55	3	2	63	0.012	250	0.066694	FALSE	HA:cds-XAJ25415.1	GAA	E	AAA	K	267
HA|PP755589.1|A/cattle/Texas/24-008749-003/2024(H5N1)	819	T	C	0	0	0	240	138	55	1	240	6.11301e-176	TRUE	HA:cds-XAJ25415.1	GTT	V	GTC	V	273
HA|PP755589.1|A/cattle/Texas/24-008749-003/2024(H5N1)	834	G	A	0	0	0	247	149	54	1	247	1.08101e-176	TRUE	HA:cds-XAJ25415.1	TCG	S	TCA	S	278
HA|PP755589.1|A/cattle/Texas/24-008749-003/2024(H5N1)	867	T	C	0	0	0	231	134	55	1	231	8.78619e-171	TRUE	HA:cds-XAJ25415.1	CAT	H	CAC	H	289
HA|PP755589.1|A/cattle/Texas/24-008749-003/2024(H5N1)	921	T	C	0	0	0	222	128	56	1	222	6.86604e-164	TRUE	HA:cds-XAJ25415.1	TTT	F	TTC	F	307
HA|PP755589.1|A/cattle/Texas/24-008749-003/2024(H5N1)	981	G	A	220	111	59	3	1	34	0.0134529	223	0.0587683	FALSE	HA:cds-XAJ25415.1	TTG	L	TTA	L	327
HA|PP755589.1|A/cattle/Texas/24-008749-003/2024(H5N1)	998	T	C	215	120	57	3	2	49	0.0137615	218	0.0591297	FALSE	HA:cds-XAJ25415.1	CTC	L	CCC	P	333
HA|PP755589.1|A/cattle/Texas/24-008749-003/2024(H5N1)	1012	C	T	215	116	56	9	3	57	0.0401786	224	0.000222784	TRUE	HA:cds-XAJ25415.1	CTA	L	TTA	L	338
HA|PP755589.1|A/cattle/Texas/24-008749-003/2024(H5N1)	1052	T	A	230	123	55	3	2	59	0.0128755	233	0.062372	FALSE	HA:cds-XAJ25415.1	ATA	I	AAA	K	351
HA|PP755589.1|A/cattle/Texas/24-008749-003/2024(H5N1)	1194	C	T	522	216	59	12	3	54	0.0224719	534	9.9085e-06	TRUE	HA:cds-XAJ25415.1	AAC	N	AAT	N	398
HA|PP755589.1|A/cattle/Texas/24-008749-003/2024(H5N1)	1314	A	C	0	0	0	645	279	61	1	645	0	TRUE	HA:cds-XAJ25415.1	ACA	T	ACC	T	438
HA|PP755589.1|A/cattle/Texas/24-008749-003/2024(H5N1)	1325	A	G	646	269	60	11	6	67	0.0167428	657	2.35191e-05	TRUE	HA:cds-XAJ25415.1	GAA	E	GGA	G	442
HA|PP755589.1|A/cattle/Texas/24-008749-003/2024(H5N1)	1431	G	A	607	328	58	14	12	60	0.0225443	621	1.59387e-06	TRUE	HA:cds-XAJ25415.1	GAG	E	GAA	E	477
HA|PP755589.1|A/cattle/Texas/24-008749-003/2024(H5N1)	1506	T	-GACTACCCTCAGTATTCAGAAGAAGCAA	657	420	62	15	0	20	0.0134529	1115	0.0289069	FALSE	NA	NA	NA	NA	NA	NA
HA|PP755589.1|A/cattle/Texas/24-008749-003/2024(H5N1)	1573	T	A	0	0	0	589	395	62	1	589	0	TRUE	HA:cds-XAJ25415.1	TCA	S	ACA	T	525
