REGION	POS	REF	ALT	REF_DP	REF_RV	REF_QUAL	ALT_DP	ALT_RV	ALT_QUAL	ALT_FREQ	TOTAL_DP	PVAL	PASS	GFF_FEATURE	REF_CODON	REF_AA	ALT_CODON	ALT_AA	POS_AA
NS|PP755593.1|A/cattle/Texas/24-008749-003/2024(H5N1)	20	T	C	1	0	40	3917	171	38	0.998725	3922	0	TRUE	NEP:cds-XAJ25421.1	TTA	L	TCA	S	7
NS|PP755593.1|A/cattle/Texas/24-008749-003/2024(H5N1)	20	T	C	1	0	40	3917	171	38	0.998725	3922	0	TRUE	NS1:cds-XAJ25420.1	TTA	L	TCA	S	7
NS|PP755593.1|A/cattle/Texas/24-008749-003/2024(H5N1)	123	G	A	2	0	24	8280	1295	43	0.998794	8290	0	TRUE	NS1:cds-XAJ25420.1	AAG	K	AAA	K	41
NS|PP755593.1|A/cattle/Texas/24-008749-003/2024(H5N1)	126	T	C	4	1	36	8316	1864	44	0.998679	8327	0	TRUE	NS1:cds-XAJ25420.1	TCT	S	TCC	S	42
NS|PP755593.1|A/cattle/Texas/24-008749-003/2024(H5N1)	127	C	A	6364	1935	38	153	0	26	0.0234771	6517	4.56915e-12	TRUE	NS1:cds-XAJ25420.1	CTA	L	ATA	I	43
NS|PP755593.1|A/cattle/Texas/24-008749-003/2024(H5N1)	129	A	G	5	0	24	7549	1652	40	0.994467	7591	0	TRUE	NS1:cds-XAJ25420.1	CTA	L	CTG	L	43
NS|PP755593.1|A/cattle/Texas/24-008749-003/2024(H5N1)	165	G	A	1	0	40	8645	3857	42	0.999422	8650	0	TRUE	NS1:cds-XAJ25420.1	GAG	E	GAA	E	55
NS|PP755593.1|A/cattle/Texas/24-008749-003/2024(H5N1)	168	G	A	8	5	38	8550	3965	42	0.997899	8568	0	TRUE	NS1:cds-XAJ25420.1	ACG	T	ACA	T	56
NS|PP755593.1|A/cattle/Texas/24-008749-003/2024(H5N1)	174	T	C	2	0	32	8678	4115	42	0.999539	8682	0	TRUE	NS1:cds-XAJ25420.1	ACT	T	ACC	T	58
NS|PP755593.1|A/cattle/Texas/24-008749-003/2024(H5N1)	180	T	G	10	10	27	8238	3803	39	0.998303	8252	0	TRUE	NS1:cds-XAJ25420.1	GCT	A	GCG	A	60
NS|PP755593.1|A/cattle/Texas/24-008749-003/2024(H5N1)	183	G	A	40	17	38	8494	4219	41	0.995313	8534	0	TRUE	NS1:cds-XAJ25420.1	GGG	G	GGA	G	61
NS|PP755593.1|A/cattle/Texas/24-008749-003/2024(H5N1)	199	A	C	0	0	0	10340	5487	42	0.99942	10346	0	TRUE	NS1:cds-XAJ25420.1	AGG	R	CGG	R	67
NS|PP755593.1|A/cattle/Texas/24-008749-003/2024(H5N1)	210	G	A	2	1	32	10474	5708	43	0.999427	10480	0	TRUE	NS1:cds-XAJ25420.1	GAG	E	GAA	E	70
NS|PP755593.1|A/cattle/Texas/24-008749-003/2024(H5N1)	219	C	T	4	1	32	10873	6247	42	0.99954	10878	0	TRUE	NS1:cds-XAJ25420.1	TCC	S	TCT	S	73
NS|PP755593.1|A/cattle/Texas/24-008749-003/2024(H5N1)	224	A	G	1	1	40	11052	6610	42	0.99991	11053	0	TRUE	NS1:cds-XAJ25420.1	GAG	E	GGG	G	75
NS|PP755593.1|A/cattle/Texas/24-008749-003/2024(H5N1)	231	C	T	4	1	28	10839	6546	40	0.99917	10848	0	TRUE	NS1:cds-XAJ25420.1	CTC	L	CTT	L	77
NS|PP755593.1|A/cattle/Texas/24-008749-003/2024(H5N1)	247	T	C	1	0	40	10671	6624	41	0.999813	10673	0	TRUE	NS1:cds-XAJ25420.1	TCT	S	CCT	P	83
NS|PP755593.1|A/cattle/Texas/24-008749-003/2024(H5N1)	249	T	C	0	0	0	10533	6610	41	0.999241	10541	0	TRUE	NS1:cds-XAJ25420.1	TCT	S	TCC	S	83
NS|PP755593.1|A/cattle/Texas/24-008749-003/2024(H5N1)	250	G	A	8698	5412	41	1941	1197	41	0.182442	10639	0	TRUE	NS1:cds-XAJ25420.1	GTG	V	ATG	M	84
NS|PP755593.1|A/cattle/Texas/24-008749-003/2024(H5N1)	255	T	A	0	0	0	10263	6193	41	0.998929	10274	0	TRUE	NS1:cds-XAJ25420.1	CCT	P	CCA	P	85
NS|PP755593.1|A/cattle/Texas/24-008749-003/2024(H5N1)	259	C	T	1	1	40	10437	6120	41	0.999808	10439	0	TRUE	NS1:cds-XAJ25420.1	CCA	P	TCA	S	87
NS|PP755593.1|A/cattle/Texas/24-008749-003/2024(H5N1)	281	C	T	11339	5860	40	227	114	41	0.0195572	11607	4.75025e-74	TRUE	NS1:cds-XAJ25420.1	ACT	T	ATT	I	94
NS|PP755593.1|A/cattle/Texas/24-008749-003/2024(H5N1)	288	A	G	3	2	40	11248	5191	39	0.999378	11255	0	TRUE	NS1:cds-XAJ25420.1	GAA	E	GAG	E	96
NS|PP755593.1|A/cattle/Texas/24-008749-003/2024(H5N1)	289	G	T	7778	1635	37	369	369	24	0.0452927	8147	1.17013e-60	TRUE	NS1:cds-XAJ25420.1	GAG	E	TAG	*	97
NS|PP755593.1|A/cattle/Texas/24-008749-003/2024(H5N1)	300	A	G	2	2	40	11836	6183	41	0.999831	11838	0	TRUE	NS1:cds-XAJ25420.1	AGA	R	AGG	R	100
NS|PP755593.1|A/cattle/Texas/24-008749-003/2024(H5N1)	324	G	A	2	0	32	11370	4861	41	0.999736	11373	0	TRUE	NS1:cds-XAJ25420.1	AAG	K	AAA	K	108
NS|PP755593.1|A/cattle/Texas/24-008749-003/2024(H5N1)	327	A	G	6	0	34	11304	4849	41	0.999204	11313	0	TRUE	NS1:cds-XAJ25420.1	CAA	Q	CAG	Q	109
NS|PP755593.1|A/cattle/Texas/24-008749-003/2024(H5N1)	335	C	T	8908	3661	42	1859	764	40	0.172657	10767	0	TRUE	NS1:cds-XAJ25420.1	GCA	A	GTA	V	112
NS|PP755593.1|A/cattle/Texas/24-008749-003/2024(H5N1)	339	C	T	12	8	38	10221	4186	41	0.998535	10236	0	TRUE	NS1:cds-XAJ25420.1	GGC	G	GGT	G	113
NS|PP755593.1|A/cattle/Texas/24-008749-003/2024(H5N1)	345	C	T	0	0	0	9873	4059	41	0.999899	9874	0	TRUE	NS1:cds-XAJ25420.1	CTC	L	CTT	L	115
NS|PP755593.1|A/cattle/Texas/24-008749-003/2024(H5N1)	346	A	T	0	0	0	9854	4042	41	0.999696	9857	0	TRUE	NS1:cds-XAJ25420.1	AGT	S	TGT	C	116
NS|PP755593.1|A/cattle/Texas/24-008749-003/2024(H5N1)	348	T	C	1	0	40	9914	4098	41	0.999899	9915	0	TRUE	NS1:cds-XAJ25420.1	AGT	S	AGC	S	116
NS|PP755593.1|A/cattle/Texas/24-008749-003/2024(H5N1)	366	G	A	0	0	0	11477	4352	41	0.999826	11479	0	TRUE	NS1:cds-XAJ25420.1	GCG	A	GCA	A	122
NS|PP755593.1|A/cattle/Texas/24-008749-003/2024(H5N1)	369	T	A	0	0	0	11453	4422	42	0.999476	11459	0	TRUE	NS1:cds-XAJ25420.1	ATT	I	ATA	I	123
NS|PP755593.1|A/cattle/Texas/24-008749-003/2024(H5N1)	378	G	A	1	0	48	12249	5108	43	0.999918	12250	0	TRUE	NS1:cds-XAJ25420.1	AAG	K	AAA	K	126
NS|PP755593.1|A/cattle/Texas/24-008749-003/2024(H5N1)	386	T	C	2	2	32	9456	4975	37	0.968654	9762	0	TRUE	NS1:cds-XAJ25420.1	ATA	I	ACA	T	129
NS|PP755593.1|A/cattle/Texas/24-008749-003/2024(H5N1)	386	T	A	2	2	32	303	0	27	0.0310387	9762	0	TRUE	NS1:cds-XAJ25420.1	ATA	I	AAA	K	129
NS|PP755593.1|A/cattle/Texas/24-008749-003/2024(H5N1)	388	C	T	0	0	0	11625	4869	42	0.999914	11626	0	TRUE	NS1:cds-XAJ25420.1	CTG	L	TTG	L	130
NS|PP755593.1|A/cattle/Texas/24-008749-003/2024(H5N1)	393	G	A	8	5	36	11768	5031	42	0.999066	11779	0	TRUE	NS1:cds-XAJ25420.1	AAG	K	AAA	K	131
NS|PP755593.1|A/cattle/Texas/24-008749-003/2024(H5N1)	411	C	T	2	1	24	9007	4852	40	0.999445	9012	0	TRUE	NS1:cds-XAJ25420.1	ATC	I	ATT	I	137
NS|PP755593.1|A/cattle/Texas/24-008749-003/2024(H5N1)	414	C	T	0	0	0	9007	4856	40	1	9007	0	TRUE	NS1:cds-XAJ25420.1	TTC	F	TTT	F	138
NS|PP755593.1|A/cattle/Texas/24-008749-003/2024(H5N1)	415	A	G	0	0	0	9052	4919	40	0.99989	9053	0	TRUE	NS1:cds-XAJ25420.1	AAT	N	GAT	D	139
NS|PP755593.1|A/cattle/Texas/24-008749-003/2024(H5N1)	417	T	C	3	2	34	8505	4929	38	0.994388	8553	0	TRUE	NS1:cds-XAJ25420.1	AAT	N	AAC	N	139
NS|PP755593.1|A/cattle/Texas/24-008749-003/2024(H5N1)	426	G	A	2	1	40	10366	6002	42	0.999518	10371	0	TRUE	NS1:cds-XAJ25420.1	GAG	E	GAA	E	142
NS|PP755593.1|A/cattle/Texas/24-008749-003/2024(H5N1)	429	A	C	24	0	26	10647	5999	41	0.997657	10672	0	TRUE	NS1:cds-XAJ25420.1	ACA	T	ACC	T	143
NS|PP755593.1|A/cattle/Texas/24-008749-003/2024(H5N1)	439	C	A	6	0	26	11014	5800	42	0.999456	11020	0	TRUE	NS1:cds-XAJ25420.1	CTC	L	ATC	I	147
NS|PP755593.1|A/cattle/Texas/24-008749-003/2024(H5N1)	441	C	T	1	0	40	11024	5778	42	0.999728	11027	0	TRUE	NS1:cds-XAJ25420.1	CTC	L	CTT	L	147
NS|PP755593.1|A/cattle/Texas/24-008749-003/2024(H5N1)	453	T	A	1	0	40	11091	6348	42	0.998919	11103	0	TRUE	NS1:cds-XAJ25420.1	ACT	T	ACA	T	151
NS|PP755593.1|A/cattle/Texas/24-008749-003/2024(H5N1)	459	G	A	6	4	46	11002	6408	42	0.999455	11008	0	TRUE	NS1:cds-XAJ25420.1	GAG	E	GAA	E	153
NS|PP755593.1|A/cattle/Texas/24-008749-003/2024(H5N1)	471	C	G	9	9	34	9714	5646	40	0.997024	9743	0	TRUE	NS1:cds-XAJ25420.1	GTC	V	GTG	V	157
NS|PP755593.1|A/cattle/Texas/24-008749-003/2024(H5N1)	473	G	T	7222	3078	36	140	140	25	0.0190088	7365	1.76354e-07	TRUE	NS1:cds-XAJ25420.1	GGC	G	GTC	V	158
NS|PP755593.1|A/cattle/Texas/24-008749-003/2024(H5N1)	474	C	A	2	0	24	10192	6141	41	0.999118	10201	0	TRUE	NS1:cds-XAJ25420.1	GGC	G	GGA	G	158
NS|PP755593.1|A/cattle/Texas/24-008749-003/2024(H5N1)	480	T	C	1	1	40	10817	6650	41	0.999815	10819	0	TRUE	NS1:cds-XAJ25420.1	ATT	I	ATC	I	160
NS|PP755593.1|A/cattle/Texas/24-008749-003/2024(H5N1)	489	G	A	0	0	0	11121	6879	42	0.99982	11123	0	TRUE	NS1:cds-XAJ25420.1	TTG	L	TTA	L	163
NS|PP755593.1|A/cattle/Texas/24-008749-003/2024(H5N1)	496	C	T	8347	5499	39	2817	1703	42	0.25	11268	0	TRUE	NS1:cds-XAJ25420.1	CTT	L	TTT	F	166
NS|PP755593.1|A/cattle/Texas/24-008749-003/2024(H5N1)	511	G	A	2	1	24	12390	7057	40	0.999435	12397	0	TRUE	NEP:cds-XAJ25421.1	CTG	L	CTA	L	3
NS|PP755593.1|A/cattle/Texas/24-008749-003/2024(H5N1)	511	G	A	2	1	24	12390	7057	40	0.999435	12397	0	TRUE	NS1:cds-XAJ25420.1	GAT	D	AAT	N	171
NS|PP755593.1|A/cattle/Texas/24-008749-003/2024(H5N1)	578	G	A	1	1	40	10894	5454	41	0.999725	10897	0	TRUE	NEP:cds-XAJ25421.1	GAG	E	AAG	K	26
NS|PP755593.1|A/cattle/Texas/24-008749-003/2024(H5N1)	578	G	A	1	1	40	10894	5454	41	0.999725	10897	0	TRUE	NS1:cds-XAJ25420.1	CGA	R	CAA	Q	193
NS|PP755593.1|A/cattle/Texas/24-008749-003/2024(H5N1)	592	T	C	0	0	0	10656	5444	42	0.999531	10661	0	TRUE	NEP:cds-XAJ25421.1	CTT	L	CTC	L	30
NS|PP755593.1|A/cattle/Texas/24-008749-003/2024(H5N1)	592	T	C	0	0	0	10656	5444	42	0.999531	10661	0	TRUE	NS1:cds-XAJ25420.1	TTA	L	CTA	L	198
NS|PP755593.1|A/cattle/Texas/24-008749-003/2024(H5N1)	660	G	A	2	1	40	9137	5856	44	0.999781	9139	0	TRUE	NEP:cds-XAJ25421.1	GGA	G	GAA	E	53
NS|PP755593.1|A/cattle/Texas/24-008749-003/2024(H5N1)	660	G	A	2	1	40	9137	5856	44	0.999781	9139	0	TRUE	NS1:cds-XAJ25420.1	CGG	R	CGA	R	220
NS|PP755593.1|A/cattle/Texas/24-008749-003/2024(H5N1)	668	A	C	2	1	24	9332	6199	44	0.999786	9334	0	TRUE	NEP:cds-XAJ25421.1	AGA	R	CGA	R	56
NS|PP755593.1|A/cattle/Texas/24-008749-003/2024(H5N1)	668	A	C	2	1	24	9332	6199	44	0.999786	9334	0	TRUE	NS1:cds-XAJ25420.1	GAG	E	GCG	A	223
NS|PP755593.1|A/cattle/Texas/24-008749-003/2024(H5N1)	703	G	A	5	5	36	9007	6430	44	0.999445	9012	0	TRUE	NEP:cds-XAJ25421.1	AGG	R	AGA	R	67
NS|PP755593.1|A/cattle/Texas/24-008749-003/2024(H5N1)	724	A	G	8	8	32	9716	8425	44	0.998972	9726	0	TRUE	NEP:cds-XAJ25421.1	CGA	R	CGG	R	74
NS|PP755593.1|A/cattle/Texas/24-008749-003/2024(H5N1)	731	C	T	2	1	60	9403	8492	45	0.99915	9411	0	TRUE	NEP:cds-XAJ25421.1	CTA	L	TTA	L	77
NS|PP755593.1|A/cattle/Texas/24-008749-003/2024(H5N1)	733	A	G	0	0	0	9516	8650	45	0.99979	9518	0	TRUE	NEP:cds-XAJ25421.1	CTA	L	CTG	L	77
NS|PP755593.1|A/cattle/Texas/24-008749-003/2024(H5N1)	739	C	T	3	2	66	8996	8139	44	0.99889	9006	0	TRUE	NEP:cds-XAJ25421.1	ATC	I	ATT	I	79
NS|PP755593.1|A/cattle/Texas/24-008749-003/2024(H5N1)	745	A	G	2	2	60	8829	8049	45	0.99966	8832	0	TRUE	NEP:cds-XAJ25421.1	GAA	E	GAG	E	81
NS|PP755593.1|A/cattle/Texas/24-008749-003/2024(H5N1)	748	T	C	1	1	40	8874	8103	46	0.999887	8875	0	TRUE	NEP:cds-XAJ25421.1	AAT	N	AAC	N	82
NS|PP755593.1|A/cattle/Texas/24-008749-003/2024(H5N1)	754	T	C	1	1	40	8772	7991	46	0.999772	8774	0	TRUE	NEP:cds-XAJ25421.1	TTT	F	TTC	F	84
NS|PP755593.1|A/cattle/Texas/24-008749-003/2024(H5N1)	760	A	G	4	2	70	8426	7675	45	0.99917	8433	0	TRUE	NEP:cds-XAJ25421.1	CAA	Q	CAG	Q	86
NS|PP755593.1|A/cattle/Texas/24-008749-003/2024(H5N1)	766	A	T	0	0	0	8136	7450	44	0.999263	8142	0	TRUE	NEP:cds-XAJ25421.1	ACA	T	ACT	T	88
NS|PP755593.1|A/cattle/Texas/24-008749-003/2024(H5N1)	769	T	C	5	5	33	8209	7607	45	0.99927	8215	0	TRUE	NEP:cds-XAJ25421.1	TTT	F	TTC	F	89
NS|PP755593.1|A/cattle/Texas/24-008749-003/2024(H5N1)	788	C	T	5	5	36	6815	6492	41	0.999267	6820	0	TRUE	NEP:cds-XAJ25421.1	CTG	L	TTG	L	96
NS|PP755593.1|A/cattle/Texas/24-008749-003/2024(H5N1)	799	G	A	1	1	40	6203	5981	42	0.999839	6204	0	TRUE	NEP:cds-XAJ25421.1	GTG	V	GTA	V	99
NS|PP755593.1|A/cattle/Texas/24-008749-003/2024(H5N1)	806	G	T	4539	4314	35	89	89	25	0.0192266	4629	2.88155e-05	TRUE	NEP:cds-XAJ25421.1	GAG	E	TAG	*	102
