REGION	POS	REF	ALT	REF_DP	REF_RV	REF_QUAL	ALT_DP	ALT_RV	ALT_QUAL	ALT_FREQ	TOTAL_DP	PVAL	PASS	GFF_FEATURE	REF_CODON	REF_AA	ALT_CODON	ALT_AA	POS_AA
PB2|PP755596.1|A/cattle/Texas/24-008749-003/2024(H5N1)	21	G	A	0	0	0	66	2	36	1	66	4.62745e-76	TRUE	PB2:cds-XAJ25426.1	CTG	L	CTA	L	7
PB2|PP755596.1|A/cattle/Texas/24-008749-003/2024(H5N1)	39	G	A	0	0	0	110	10	36	1	110	2.59501e-110	TRUE	PB2:cds-XAJ25426.1	CAG	Q	CAA	Q	13
PB2|PP755596.1|A/cattle/Texas/24-008749-003/2024(H5N1)	48	T	C	0	0	0	119	12	36	1	119	4.892e-118	TRUE	PB2:cds-XAJ25426.1	ACT	T	ACC	T	16
PB2|PP755596.1|A/cattle/Texas/24-008749-003/2024(H5N1)	60	A	G	0	0	0	177	15	36	1	177	4.89565e-161	TRUE	PB2:cds-XAJ25426.1	CTA	L	CTG	L	20
PB2|PP755596.1|A/cattle/Texas/24-008749-003/2024(H5N1)	66	A	G	0	0	0	198	14	35	1	198	4.89681e-176	TRUE	PB2:cds-XAJ25426.1	AAA	K	AAG	K	22
PB2|PP755596.1|A/cattle/Texas/24-008749-003/2024(H5N1)	96	G	A	0	0	0	303	40	36	1	303	2.77706e-242	TRUE	PB2:cds-XAJ25426.1	AAG	K	AAA	K	32
PB2|PP755596.1|A/cattle/Texas/24-008749-003/2024(H5N1)	105	A	C	0	0	0	317	59	36	1	317	4.03723e-224	TRUE	PB2:cds-XAJ25426.1	ACA	T	ACC	T	35
PB2|PP755596.1|A/cattle/Texas/24-008749-003/2024(H5N1)	108	A	T	0	0	0	320	57	36	1	320	2.9273e-225	TRUE	PB2:cds-XAJ25426.1	TCA	S	TCT	S	36
PB2|PP755596.1|A/cattle/Texas/24-008749-003/2024(H5N1)	111	A	G	0	0	0	324	61	36	1	324	1.56732e-226	TRUE	PB2:cds-XAJ25426.1	GGA	G	GGG	G	37
PB2|PP755596.1|A/cattle/Texas/24-008749-003/2024(H5N1)	114	A	G	0	0	0	323	60	36	1	323	5.95686e-232	TRUE	PB2:cds-XAJ25426.1	AGA	R	AGG	R	38
PB2|PP755596.1|A/cattle/Texas/24-008749-003/2024(H5N1)	120	A	G	1	0	34	393	71	36	0.997462	394	6.20189e-271	TRUE	PB2:cds-XAJ25426.1	GAA	E	GAG	E	40
PB2|PP755596.1|A/cattle/Texas/24-008749-003/2024(H5N1)	129	T	C	0	0	0	427	99	37	1	427	6.42645e-298	TRUE	PB2:cds-XAJ25426.1	CCT	P	CCC	P	43
PB2|PP755596.1|A/cattle/Texas/24-008749-003/2024(H5N1)	138	A	G	0	0	0	458	137	39	1	458	0	TRUE	PB2:cds-XAJ25426.1	AGA	R	AGG	R	46
PB2|PP755596.1|A/cattle/Texas/24-008749-003/2024(H5N1)	172	G	A	0	0	0	533	195	39	1	533	0	TRUE	PB2:cds-XAJ25426.1	GCA	A	ACA	T	58
PB2|PP755596.1|A/cattle/Texas/24-008749-003/2024(H5N1)	207	A	G	0	0	0	561	268	39	1	561	0	TRUE	PB2:cds-XAJ25426.1	GAA	E	GAG	E	69
PB2|PP755596.1|A/cattle/Texas/24-008749-003/2024(H5N1)	222	A	G	0	0	0	536	269	37	1	536	0	TRUE	PB2:cds-XAJ25426.1	GGA	G	GGG	G	74
PB2|PP755596.1|A/cattle/Texas/24-008749-003/2024(H5N1)	240	G	A	0	0	0	510	278	35	1	510	0	TRUE	PB2:cds-XAJ25426.1	AAG	K	AAA	K	80
PB2|PP755596.1|A/cattle/Texas/24-008749-003/2024(H5N1)	246	T	C	0	0	0	553	290	37	1	553	0	TRUE	PB2:cds-XAJ25426.1	AAT	N	AAC	N	82
PB2|PP755596.1|A/cattle/Texas/24-008749-003/2024(H5N1)	255	A	G	0	0	0	576	324	37	1	576	0	TRUE	PB2:cds-XAJ25426.1	GGA	G	GGG	G	85
PB2|PP755596.1|A/cattle/Texas/24-008749-003/2024(H5N1)	261	T	C	0	0	0	580	323	38	1	580	0	TRUE	PB2:cds-XAJ25426.1	GAT	D	GAC	D	87
PB2|PP755596.1|A/cattle/Texas/24-008749-003/2024(H5N1)	280	C	T	0	0	0	564	269	36	1	564	0	TRUE	PB2:cds-XAJ25426.1	CTG	L	TTG	L	94
PB2|PP755596.1|A/cattle/Texas/24-008749-003/2024(H5N1)	309	A	G	608	288	37	10	6	40	0.0161812	618	0.000490346	TRUE	PB2:cds-XAJ25426.1	GGA	G	GGG	G	103
PB2|PP755596.1|A/cattle/Texas/24-008749-003/2024(H5N1)	325	A	G	0	0	0	640	298	37	1	640	0	TRUE	PB2:cds-XAJ25426.1	ATT	I	GTT	V	109
PB2|PP755596.1|A/cattle/Texas/24-008749-003/2024(H5N1)	345	C	T	0	0	0	694	288	38	1	694	0	TRUE	PB2:cds-XAJ25426.1	TAC	Y	TAT	Y	115
PB2|PP755596.1|A/cattle/Texas/24-008749-003/2024(H5N1)	357	T	C	0	0	0	676	296	38	1	676	0	TRUE	PB2:cds-XAJ25426.1	TTT	F	TTC	F	119
PB2|PP755596.1|A/cattle/Texas/24-008749-003/2024(H5N1)	402	C	T	93	31	37	616	237	36	0.868829	709	0	TRUE	PB2:cds-XAJ25426.1	CAC	H	CAT	H	134
PB2|PP755596.1|A/cattle/Texas/24-008749-003/2024(H5N1)	411	C	T	0	0	0	676	250	37	1	676	0	TRUE	PB2:cds-XAJ25426.1	AAC	N	AAT	N	137
PB2|PP755596.1|A/cattle/Texas/24-008749-003/2024(H5N1)	415	A	G	0	0	0	658	250	37	1	658	0	TRUE	PB2:cds-XAJ25426.1	ATT	I	GTT	V	139
PB2|PP755596.1|A/cattle/Texas/24-008749-003/2024(H5N1)	432	G	A	1	1	34	531	267	35	0.99812	532	0	TRUE	PB2:cds-XAJ25426.1	AGG	R	AGA	R	144
PB2|PP755596.1|A/cattle/Texas/24-008749-003/2024(H5N1)	465	C	T	0	0	0	617	241	37	1	617	0	TRUE	PB2:cds-XAJ25426.1	AGC	S	AGT	S	155
PB2|PP755596.1|A/cattle/Texas/24-008749-003/2024(H5N1)	480	G	A	1	1	34	607	255	37	0.998355	608	0	TRUE	PB2:cds-XAJ25426.1	CAG	Q	CAA	Q	160
PB2|PP755596.1|A/cattle/Texas/24-008749-003/2024(H5N1)	483	C	T	0	0	0	603	257	36	1	603	0	TRUE	PB2:cds-XAJ25426.1	GAC	D	GAT	D	161
PB2|PP755596.1|A/cattle/Texas/24-008749-003/2024(H5N1)	495	A	G	0	0	0	641	261	36	1	641	0	TRUE	PB2:cds-XAJ25426.1	GAA	E	GAG	E	165
PB2|PP755596.1|A/cattle/Texas/24-008749-003/2024(H5N1)	522	G	A	1	0	34	651	297	37	0.998466	652	0	TRUE	PB2:cds-XAJ25426.1	GCG	A	GCA	A	174
PB2|PP755596.1|A/cattle/Texas/24-008749-003/2024(H5N1)	540	A	G	0	0	0	656	308	36	1	656	0	TRUE	PB2:cds-XAJ25426.1	GAA	E	GAG	E	180
PB2|PP755596.1|A/cattle/Texas/24-008749-003/2024(H5N1)	543	A	C	1	0	34	659	350	37	0.998485	660	0	TRUE	PB2:cds-XAJ25426.1	TCA	S	TCC	S	181
PB2|PP755596.1|A/cattle/Texas/24-008749-003/2024(H5N1)	564	A	G	0	0	0	667	345	37	1	667	0	TRUE	PB2:cds-XAJ25426.1	GAA	E	GAG	E	188
PB2|PP755596.1|A/cattle/Texas/24-008749-003/2024(H5N1)	570	A	G	1	0	34	563	256	35	0.998227	564	0	TRUE	PB2:cds-XAJ25426.1	AAA	K	AAG	K	190
PB2|PP755596.1|A/cattle/Texas/24-008749-003/2024(H5N1)	585	C	T	0	0	0	674	369	38	0.998519	675	0	TRUE	PB2:cds-XAJ25426.1	GAC	D	GAT	D	195
PB2|PP755596.1|A/cattle/Texas/24-008749-003/2024(H5N1)	631	C	T	0	0	0	537	269	35	1	537	0	TRUE	PB2:cds-XAJ25426.1	CTG	L	TTG	L	211
PB2|PP755596.1|A/cattle/Texas/24-008749-003/2024(H5N1)	633	G	A	0	0	0	613	354	35	1	613	0	TRUE	PB2:cds-XAJ25426.1	CTG	L	CTA	L	211
PB2|PP755596.1|A/cattle/Texas/24-008749-003/2024(H5N1)	651	C	T	0	0	0	552	286	34	1	552	0	TRUE	PB2:cds-XAJ25426.1	TTC	F	TTT	F	217
PB2|PP755596.1|A/cattle/Texas/24-008749-003/2024(H5N1)	660	T	G	0	0	0	637	362	36	1	637	0	TRUE	PB2:cds-XAJ25426.1	GTT	V	GTG	V	220
PB2|PP755596.1|A/cattle/Texas/24-008749-003/2024(H5N1)	670	A	G	0	0	0	633	359	36	1	633	0	TRUE	PB2:cds-XAJ25426.1	ACA	T	GCA	A	224
PB2|PP755596.1|A/cattle/Texas/24-008749-003/2024(H5N1)	690	G	A	0	0	0	619	347	36	0.996779	621	0	TRUE	PB2:cds-XAJ25426.1	GAG	E	GAA	E	230
PB2|PP755596.1|A/cattle/Texas/24-008749-003/2024(H5N1)	732	T	C	1	0	34	777	375	36	0.998715	778	0	TRUE	PB2:cds-XAJ25426.1	TAT	Y	TAC	Y	244
PB2|PP755596.1|A/cattle/Texas/24-008749-003/2024(H5N1)	738	A	G	0	0	0	716	305	37	1	716	0	TRUE	PB2:cds-XAJ25426.1	CCA	P	CCG	P	246
PB2|PP755596.1|A/cattle/Texas/24-008749-003/2024(H5N1)	764	C	T	0	0	0	677	295	35	1	677	0	TRUE	PB2:cds-XAJ25426.1	GCA	A	GTA	V	255
PB2|PP755596.1|A/cattle/Texas/24-008749-003/2024(H5N1)	765	A	G	0	0	0	676	296	35	1	676	0	TRUE	PB2:cds-XAJ25426.1	GCA	A	GCG	A	255
PB2|PP755596.1|A/cattle/Texas/24-008749-003/2024(H5N1)	774	C	T	0	0	0	634	238	35	1	634	0	TRUE	PB2:cds-XAJ25426.1	AGC	S	AGT	S	258
PB2|PP755596.1|A/cattle/Texas/24-008749-003/2024(H5N1)	780	C	T	0	0	0	679	297	36	1	679	0	TRUE	PB2:cds-XAJ25426.1	ATC	I	ATT	I	260
PB2|PP755596.1|A/cattle/Texas/24-008749-003/2024(H5N1)	789	C	T	0	0	0	719	340	37	1	719	0	TRUE	PB2:cds-XAJ25426.1	GCC	A	GCT	A	263
PB2|PP755596.1|A/cattle/Texas/24-008749-003/2024(H5N1)	795	T	C	0	0	0	700	332	37	1	700	0	TRUE	PB2:cds-XAJ25426.1	AAT	N	AAC	N	265
PB2|PP755596.1|A/cattle/Texas/24-008749-003/2024(H5N1)	798	A	T	0	0	0	707	343	37	1	707	0	TRUE	PB2:cds-XAJ25426.1	ATA	I	ATT	I	266
PB2|PP755596.1|A/cattle/Texas/24-008749-003/2024(H5N1)	829	T	C	0	0	0	750	330	37	1	750	0	TRUE	PB2:cds-XAJ25426.1	TTA	L	CTA	L	277
PB2|PP755596.1|A/cattle/Texas/24-008749-003/2024(H5N1)	838	C	T	0	0	0	706	325	37	1	706	0	TRUE	PB2:cds-XAJ25426.1	CTA	L	TTA	L	280
PB2|PP755596.1|A/cattle/Texas/24-008749-003/2024(H5N1)	843	G	A	0	0	0	717	320	37	1	717	0	TRUE	PB2:cds-XAJ25426.1	TTG	L	TTA	L	281
PB2|PP755596.1|A/cattle/Texas/24-008749-003/2024(H5N1)	858	C	T	0	0	0	704	288	36	1	704	0	TRUE	PB2:cds-XAJ25426.1	AGC	S	AGT	S	286
PB2|PP755596.1|A/cattle/Texas/24-008749-003/2024(H5N1)	870	A	G	0	0	0	711	266	36	1	711	0	TRUE	PB2:cds-XAJ25426.1	GGA	G	GGG	G	290
PB2|PP755596.1|A/cattle/Texas/24-008749-003/2024(H5N1)	909	G	A	0	0	0	715	339	36	1	715	0	TRUE	PB2:cds-XAJ25426.1	ACG	T	ACA	T	303
PB2|PP755596.1|A/cattle/Texas/24-008749-003/2024(H5N1)	936	G	A	0	0	0	529	307	35	0.998113	530	0	TRUE	PB2:cds-XAJ25426.1	AAG	K	AAA	K	312
PB2|PP755596.1|A/cattle/Texas/24-008749-003/2024(H5N1)	948	C	A	767	329	38	9	5	33	0.0115979	776	0.000913598	TRUE	PB2:cds-XAJ25426.1	GGC	G	GGA	G	316
PB2|PP755596.1|A/cattle/Texas/24-008749-003/2024(H5N1)	966	G	T	0	0	0	760	345	36	1	760	0	TRUE	PB2:cds-XAJ25426.1	TCG	S	TCT	S	322
PB2|PP755596.1|A/cattle/Texas/24-008749-003/2024(H5N1)	981	A	G	2	0	34	749	329	37	0.997337	751	0	TRUE	PB2:cds-XAJ25426.1	GGA	G	GGG	G	327
PB2|PP755596.1|A/cattle/Texas/24-008749-003/2024(H5N1)	990	T	C	0	0	0	744	348	36	1	744	0	TRUE	PB2:cds-XAJ25426.1	TTT	F	TTC	F	330
PB2|PP755596.1|A/cattle/Texas/24-008749-003/2024(H5N1)	1029	G	A	0	0	0	709	406	36	1	709	0	TRUE	PB2:cds-XAJ25426.1	GAG	E	GAA	E	343
PB2|PP755596.1|A/cattle/Texas/24-008749-003/2024(H5N1)	1035	T	C	0	0	0	720	418	36	1	720	0	TRUE	PB2:cds-XAJ25426.1	CTT	L	CTC	L	345
PB2|PP755596.1|A/cattle/Texas/24-008749-003/2024(H5N1)	1077	G	A	0	0	0	651	340	36	1	651	0	TRUE	PB2:cds-XAJ25426.1	GGG	G	GGA	G	359
PB2|PP755596.1|A/cattle/Texas/24-008749-003/2024(H5N1)	1085	G	A	0	0	0	612	289	35	0.996743	614	0	TRUE	PB2:cds-XAJ25426.1	GGG	G	GAG	E	362
PB2|PP755596.1|A/cattle/Texas/24-008749-003/2024(H5N1)	1087	T	G	442	73	35	9	9	28	0.0199557	451	0.0837589	FALSE	PB2:cds-XAJ25426.1	TTC	F	GTC	V	363
PB2|PP755596.1|A/cattle/Texas/24-008749-003/2024(H5N1)	1092	T	A	0	0	0	723	376	37	1	723	0	TRUE	PB2:cds-XAJ25426.1	ACT	T	ACA	T	364
PB2|PP755596.1|A/cattle/Texas/24-008749-003/2024(H5N1)	1113	G	A	0	0	0	720	429	36	1	720	0	TRUE	PB2:cds-XAJ25426.1	ACG	T	ACA	T	371
PB2|PP755596.1|A/cattle/Texas/24-008749-003/2024(H5N1)	1128	A	G	0	0	0	723	413	36	0.998619	724	0	TRUE	PB2:cds-XAJ25426.1	AAA	K	AAG	K	376
PB2|PP755596.1|A/cattle/Texas/24-008749-003/2024(H5N1)	1138	A	C	0	0	0	742	415	36	1	742	0	TRUE	PB2:cds-XAJ25426.1	AGG	R	CGG	R	380
PB2|PP755596.1|A/cattle/Texas/24-008749-003/2024(H5N1)	1146	T	C	0	0	0	746	435	36	1	746	0	TRUE	PB2:cds-XAJ25426.1	ATT	I	ATC	I	382
PB2|PP755596.1|A/cattle/Texas/24-008749-003/2024(H5N1)	1150	C	T	0	0	0	606	286	34	0.998353	607	0	TRUE	PB2:cds-XAJ25426.1	CTA	L	TTA	L	384
PB2|PP755596.1|A/cattle/Texas/24-008749-003/2024(H5N1)	1167	G	A	0	0	0	686	405	35	0.998544	687	0	TRUE	PB2:cds-XAJ25426.1	AGG	R	AGA	R	389
PB2|PP755596.1|A/cattle/Texas/24-008749-003/2024(H5N1)	1170	C	T	0	0	0	719	373	36	1	719	0	TRUE	PB2:cds-XAJ25426.1	GAC	D	GAT	D	390
PB2|PP755596.1|A/cattle/Texas/24-008749-003/2024(H5N1)	1173	A	G	0	0	0	737	393	36	1	737	0	TRUE	PB2:cds-XAJ25426.1	GAA	E	GAG	E	391
PB2|PP755596.1|A/cattle/Texas/24-008749-003/2024(H5N1)	1197	C	T	0	0	0	716	371	35	1	716	0	TRUE	PB2:cds-XAJ25426.1	ATC	I	ATT	I	399
PB2|PP755596.1|A/cattle/Texas/24-008749-003/2024(H5N1)	1233	A	T	1	0	26	740	338	35	0.99865	741	0	TRUE	PB2:cds-XAJ25426.1	ATA	I	ATT	I	411
PB2|PP755596.1|A/cattle/Texas/24-008749-003/2024(H5N1)	1242	T	C	0	0	0	688	259	35	1	688	0	TRUE	PB2:cds-XAJ25426.1	GTT	V	GTC	V	414
PB2|PP755596.1|A/cattle/Texas/24-008749-003/2024(H5N1)	1251	T	C	0	0	0	683	262	36	1	683	0	TRUE	PB2:cds-XAJ25426.1	GAT	D	GAC	D	417
PB2|PP755596.1|A/cattle/Texas/24-008749-003/2024(H5N1)	1257	C	T	0	0	0	689	270	36	1	689	0	TRUE	PB2:cds-XAJ25426.1	AAC	N	AAT	N	419
PB2|PP755596.1|A/cattle/Texas/24-008749-003/2024(H5N1)	1266	C	T	0	0	0	681	281	37	0.998534	682	0	TRUE	PB2:cds-XAJ25426.1	AAC	N	AAT	N	422
PB2|PP755596.1|A/cattle/Texas/24-008749-003/2024(H5N1)	1275	T	C	0	0	0	634	255	37	0.998425	635	0	TRUE	PB2:cds-XAJ25426.1	AAT	N	AAC	N	425
PB2|PP755596.1|A/cattle/Texas/24-008749-003/2024(H5N1)	1279	C	A	0	0	0	610	256	36	1	610	0	TRUE	PB2:cds-XAJ25426.1	CGG	R	AGG	R	427
PB2|PP755596.1|A/cattle/Texas/24-008749-003/2024(H5N1)	1284	G	A	1	0	34	655	244	36	0.998476	656	0	TRUE	PB2:cds-XAJ25426.1	CTG	L	CTA	L	428
PB2|PP755596.1|A/cattle/Texas/24-008749-003/2024(H5N1)	1287	T	C	0	0	0	653	244	36	1	653	0	TRUE	PB2:cds-XAJ25426.1	AAT	N	AAC	N	429
PB2|PP755596.1|A/cattle/Texas/24-008749-003/2024(H5N1)	1311	C	T	0	0	0	653	267	36	1	653	0	TRUE	PB2:cds-XAJ25426.1	CAC	H	CAT	H	437
PB2|PP755596.1|A/cattle/Texas/24-008749-003/2024(H5N1)	1321	A	G	0	0	0	660	297	36	1	660	0	TRUE	PB2:cds-XAJ25426.1	AAT	N	GAT	D	441
PB2|PP755596.1|A/cattle/Texas/24-008749-003/2024(H5N1)	1356	G	A	1	0	34	735	424	38	0.998641	736	0	TRUE	PB2:cds-XAJ25426.1	GAG	E	GAA	E	452
PB2|PP755596.1|A/cattle/Texas/24-008749-003/2024(H5N1)	1383	C	T	0	0	0	658	416	35	1	658	0	TRUE	PB2:cds-XAJ25426.1	ATC	I	ATT	I	461
PB2|PP755596.1|A/cattle/Texas/24-008749-003/2024(H5N1)	1390	T	C	0	0	0	632	413	35	1	632	0	TRUE	PB2:cds-XAJ25426.1	TTG	L	CTG	L	464
PB2|PP755596.1|A/cattle/Texas/24-008749-003/2024(H5N1)	1404	T	C	0	0	0	667	418	36	1	667	0	TRUE	PB2:cds-XAJ25426.1	ACT	T	ACC	T	468
PB2|PP755596.1|A/cattle/Texas/24-008749-003/2024(H5N1)	1425	G	A	1	0	34	666	382	36	0.997006	668	0	TRUE	PB2:cds-XAJ25426.1	CTG	L	CTA	L	475
PB2|PP755596.1|A/cattle/Texas/24-008749-003/2024(H5N1)	1440	C	T	0	0	0	625	356	35	0.998403	626	0	TRUE	PB2:cds-XAJ25426.1	GTC	V	GTT	V	480
PB2|PP755596.1|A/cattle/Texas/24-008749-003/2024(H5N1)	1483	A	G	0	0	0	700	221	35	1	700	0	TRUE	PB2:cds-XAJ25426.1	ATA	I	GTA	V	495
PB2|PP755596.1|A/cattle/Texas/24-008749-003/2024(H5N1)	1490	G	A	0	0	0	638	223	34	1	638	0	TRUE	PB2:cds-XAJ25426.1	AGC	S	AAC	N	497
PB2|PP755596.1|A/cattle/Texas/24-008749-003/2024(H5N1)	1537	C	T	0	0	0	828	322	36	1	828	0	TRUE	PB2:cds-XAJ25426.1	CTG	L	TTG	L	513
PB2|PP755596.1|A/cattle/Texas/24-008749-003/2024(H5N1)	1545	C	A	0	0	0	767	284	36	1	767	0	TRUE	PB2:cds-XAJ25426.1	CCC	P	CCA	P	515
PB2|PP755596.1|A/cattle/Texas/24-008749-003/2024(H5N1)	1563	A	G	0	0	0	782	334	37	1	782	0	TRUE	PB2:cds-XAJ25426.1	ACA	T	ACG	T	521
PB2|PP755596.1|A/cattle/Texas/24-008749-003/2024(H5N1)	1569	A	G	0	0	0	803	347	37	1	803	0	TRUE	PB2:cds-XAJ25426.1	GGA	G	GGG	G	523
PB2|PP755596.1|A/cattle/Texas/24-008749-003/2024(H5N1)	1579	T	C	0	0	0	808	357	37	1	808	0	TRUE	PB2:cds-XAJ25426.1	TTG	L	CTG	L	527
PB2|PP755596.1|A/cattle/Texas/24-008749-003/2024(H5N1)	1614	G	A	0	0	0	718	406	36	1	718	0	TRUE	PB2:cds-XAJ25426.1	GAG	E	GAA	E	538
PB2|PP755596.1|A/cattle/Texas/24-008749-003/2024(H5N1)	1623	T	C	0	0	0	723	457	36	1	723	0	TRUE	PB2:cds-XAJ25426.1	GGT	G	GGC	G	541
PB2|PP755596.1|A/cattle/Texas/24-008749-003/2024(H5N1)	1629	G	A	0	0	0	741	500	36	1	741	0	TRUE	PB2:cds-XAJ25426.1	GAG	E	GAA	E	543
PB2|PP755596.1|A/cattle/Texas/24-008749-003/2024(H5N1)	1677	A	T	0	0	0	723	422	36	1	723	0	TRUE	PB2:cds-XAJ25426.1	ACA	T	ACT	T	559
PB2|PP755596.1|A/cattle/Texas/24-008749-003/2024(H5N1)	1698	A	G	0	0	0	725	449	35	1	725	0	TRUE	PB2:cds-XAJ25426.1	CAA	Q	CAG	Q	566
PB2|PP755596.1|A/cattle/Texas/24-008749-003/2024(H5N1)	1728	G	A	0	0	0	695	381	36	1	695	0	TRUE	PB2:cds-XAJ25426.1	GAG	E	GAA	E	576
PB2|PP755596.1|A/cattle/Texas/24-008749-003/2024(H5N1)	1740	C	T	0	0	0	716	410	36	1	716	0	TRUE	PB2:cds-XAJ25426.1	TTC	F	TTT	F	580
PB2|PP755596.1|A/cattle/Texas/24-008749-003/2024(H5N1)	1767	G	A	0	0	0	666	348	36	0.998501	667	0	TRUE	PB2:cds-XAJ25426.1	AGG	R	AGA	R	589
PB2|PP755596.1|A/cattle/Texas/24-008749-003/2024(H5N1)	1788	G	A	0	0	0	686	275	35	1	686	0	TRUE	PB2:cds-XAJ25426.1	GTG	V	GTA	V	596
PB2|PP755596.1|A/cattle/Texas/24-008749-003/2024(H5N1)	1800	T	C	0	0	0	694	305	36	0.998561	695	0	TRUE	PB2:cds-XAJ25426.1	TTT	F	TTC	F	600
PB2|PP755596.1|A/cattle/Texas/24-008749-003/2024(H5N1)	1810	C	A	0	0	0	701	302	36	1	701	0	TRUE	PB2:cds-XAJ25426.1	CGA	R	AGA	R	604
PB2|PP755596.1|A/cattle/Texas/24-008749-003/2024(H5N1)	1836	T	G	0	0	0	730	306	37	1	730	0	TRUE	PB2:cds-XAJ25426.1	ACT	T	ACG	T	612
PB2|PP755596.1|A/cattle/Texas/24-008749-003/2024(H5N1)	1854	T	C	0	0	0	715	328	36	1	715	0	TRUE	PB2:cds-XAJ25426.1	CTT	L	CTC	L	618
PB2|PP755596.1|A/cattle/Texas/24-008749-003/2024(H5N1)	1860	C	G	0	0	0	696	324	36	1	696	0	TRUE	PB2:cds-XAJ25426.1	CCC	P	CCG	P	620
PB2|PP755596.1|A/cattle/Texas/24-008749-003/2024(H5N1)	1872	C	T	3	1	66	694	315	36	0.995696	697	0	TRUE	PB2:cds-XAJ25426.1	GCC	A	GCT	A	624
PB2|PP755596.1|A/cattle/Texas/24-008749-003/2024(H5N1)	1890	A	G	0	0	0	686	329	36	1	686	0	TRUE	PB2:cds-XAJ25426.1	AGA	R	AGG	R	630
PB2|PP755596.1|A/cattle/Texas/24-008749-003/2024(H5N1)	1891	C	A	0	0	0	675	326	36	1	675	0	TRUE	PB2:cds-XAJ25426.1	CTG	L	ATG	M	631
PB2|PP755596.1|A/cattle/Texas/24-008749-003/2024(H5N1)	1896	A	G	0	0	0	715	334	36	1	715	0	TRUE	PB2:cds-XAJ25426.1	CAA	Q	CAG	Q	632
PB2|PP755596.1|A/cattle/Texas/24-008749-003/2024(H5N1)	1920	G	A	0	0	0	660	342	36	1	660	0	TRUE	PB2:cds-XAJ25426.1	GTG	V	GTA	V	640
PB2|PP755596.1|A/cattle/Texas/24-008749-003/2024(H5N1)	1929	A	G	0	0	0	661	351	36	1	661	0	TRUE	PB2:cds-XAJ25426.1	TCA	S	TCG	S	643
PB2|PP755596.1|A/cattle/Texas/24-008749-003/2024(H5N1)	1932	A	G	0	0	0	661	344	36	1	661	0	TRUE	PB2:cds-XAJ25426.1	GGA	G	GGG	G	644
PB2|PP755596.1|A/cattle/Texas/24-008749-003/2024(H5N1)	1945	A	G	0	0	0	637	314	35	1	637	0	TRUE	PB2:cds-XAJ25426.1	ATA	I	GTA	V	649
PB2|PP755596.1|A/cattle/Texas/24-008749-003/2024(H5N1)	1959	T	C	0	0	0	641	310	35	1	641	0	TRUE	PB2:cds-XAJ25426.1	TCT	S	TCC	S	653
PB2|PP755596.1|A/cattle/Texas/24-008749-003/2024(H5N1)	1968	C	T	0	0	0	620	286	35	1	620	0	TRUE	PB2:cds-XAJ25426.1	TTC	F	TTT	F	656
PB2|PP755596.1|A/cattle/Texas/24-008749-003/2024(H5N1)	1980	G	A	2	1	36	615	394	35	0.996759	617	0	TRUE	PB2:cds-XAJ25426.1	AAG	K	AAA	K	660
PB2|PP755596.1|A/cattle/Texas/24-008749-003/2024(H5N1)	1996	A	G	734	449	38	22	10	35	0.0291005	756	3.11359e-08	TRUE	PB2:cds-XAJ25426.1	ACA	T	GCA	A	666
PB2|PP755596.1|A/cattle/Texas/24-008749-003/2024(H5N1)	2007	G	A	0	0	0	742	453	38	1	742	0	TRUE	PB2:cds-XAJ25426.1	GGG	G	GGA	G	669
PB2|PP755596.1|A/cattle/Texas/24-008749-003/2024(H5N1)	2026	G	A	0	0	0	756	462	38	1	756	0	TRUE	PB2:cds-XAJ25426.1	GCC	A	ACC	T	676
PB2|PP755596.1|A/cattle/Texas/24-008749-003/2024(H5N1)	2034	T	C	0	0	0	735	450	38	1	735	0	TRUE	PB2:cds-XAJ25426.1	GAT	D	GAC	D	678
PB2|PP755596.1|A/cattle/Texas/24-008749-003/2024(H5N1)	2060	A	G	707	437	38	8	6	38	0.0111888	715	0.00214741	TRUE	PB2:cds-XAJ25426.1	GAG	E	GGG	G	687
PB2|PP755596.1|A/cattle/Texas/24-008749-003/2024(H5N1)	2145	T	+C	412	280	38	11	0	20	0.0179445	613	0.039727	FALSE	NA	NA	NA	NA	NA	NA
PB2|PP755596.1|A/cattle/Texas/24-008749-003/2024(H5N1)	2146	T	C	1	0	33	471	346	38	0.997881	472	0	TRUE	PB2:cds-XAJ25426.1	TTG	L	CTG	L	716
PB2|PP755596.1|A/cattle/Texas/24-008749-003/2024(H5N1)	2148	G	T	1	0	29	482	359	39	0.995868	484	0	TRUE	PB2:cds-XAJ25426.1	TTG	L	TTT	F	716
PB2|PP755596.1|A/cattle/Texas/24-008749-003/2024(H5N1)	2163	G	A	0	0	0	469	352	39	1	469	4.34778e-312	TRUE	PB2:cds-XAJ25426.1	AAG	K	AAA	K	721
PB2|PP755596.1|A/cattle/Texas/24-008749-003/2024(H5N1)	2172	G	A	0	0	0	512	436	42	0.998051	513	0	TRUE	PB2:cds-XAJ25426.1	GTG	V	GTA	V	724
PB2|PP755596.1|A/cattle/Texas/24-008749-003/2024(H5N1)	2181	G	A	0	0	0	507	436	42	1	507	0	TRUE	PB2:cds-XAJ25426.1	GGG	G	GGA	G	727
PB2|PP755596.1|A/cattle/Texas/24-008749-003/2024(H5N1)	2202	G	A	0	0	0	466	415	41	1	466	4.25792e-315	TRUE	PB2:cds-XAJ25426.1	GTG	V	GTA	V	734
PB2|PP755596.1|A/cattle/Texas/24-008749-003/2024(H5N1)	2259	A	G	0	0	0	259	233	40	1	259	1.08757e-174	TRUE	PB2:cds-XAJ25426.1	AGA	R	AGG	R	753
