REGION	POS	REF	ALT	REF_DP	REF_RV	REF_QUAL	ALT_DP	ALT_RV	ALT_QUAL	ALT_FREQ	TOTAL_DP	PVAL	PASS	GFF_FEATURE	REF_CODON	REF_AA	ALT_CODON	ALT_AA	POS_AA
PB2|PP755596.1|A/cattle/Texas/24-008749-003/2024(H5N1)	172	G	A	0	0	0	135	57	33	1	135	9.3899e-83	TRUE	PB2:cds-XAJ25426.1	GCA	A	ACA	T	58
PB2|PP755596.1|A/cattle/Texas/24-008749-003/2024(H5N1)	226	A	G	97	58	32	1	1	32	0.0102041	98	0.427948	FALSE	PB2:cds-XAJ25426.1	ACC	T	GCC	A	76
PB2|PP755596.1|A/cattle/Texas/24-008749-003/2024(H5N1)	240	G	A	0	0	0	112	57	33	1	112	2.36532e-70	TRUE	PB2:cds-XAJ25426.1	AAG	K	AAA	K	80
PB2|PP755596.1|A/cattle/Texas/24-008749-003/2024(H5N1)	281	T	C	123	59	33	3	1	26	0.0238095	126	0.310997	FALSE	PB2:cds-XAJ25426.1	CTG	L	CCG	P	94
PB2|PP755596.1|A/cattle/Texas/24-008749-003/2024(H5N1)	397	G	T	161	70	33	2	1	34	0.0122699	163	0.243216	FALSE	PB2:cds-XAJ25426.1	GTA	V	TTA	L	133
PB2|PP755596.1|A/cattle/Texas/24-008749-003/2024(H5N1)	614	A	G	160	101	33	2	1	30	0.0123457	162	0.240232	FALSE	PB2:cds-XAJ25426.1	TAC	Y	TGC	C	205
PB2|PP755596.1|A/cattle/Texas/24-008749-003/2024(H5N1)	630	G	A	0	0	0	139	88	33	1	139	4.44382e-89	TRUE	PB2:cds-XAJ25426.1	GAG	E	GAA	E	210
PB2|PP755596.1|A/cattle/Texas/24-008749-003/2024(H5N1)	667	G	A	142	77	33	2	2	34	0.0138889	144	0.247405	FALSE	PB2:cds-XAJ25426.1	GGA	G	AGA	R	223
PB2|PP755596.1|A/cattle/Texas/24-008749-003/2024(H5N1)	703	A	G	153	79	33	2	1	34	0.0129032	155	0.242873	FALSE	PB2:cds-XAJ25426.1	ACC	T	GCC	A	235
PB2|PP755596.1|A/cattle/Texas/24-008749-003/2024(H5N1)	751	A	G	147	62	33	2	2	34	0.0134228	149	0.245842	FALSE	PB2:cds-XAJ25426.1	AGA	R	GGA	G	251
PB2|PP755596.1|A/cattle/Texas/24-008749-003/2024(H5N1)	764	C	T	0	0	0	153	60	32	1	153	1.43774e-93	TRUE	PB2:cds-XAJ25426.1	GCA	A	GTA	V	255
PB2|PP755596.1|A/cattle/Texas/24-008749-003/2024(H5N1)	767	A	G	159	63	33	2	0	34	0.0124224	161	0.244634	FALSE	PB2:cds-XAJ25426.1	GAC	D	GGC	G	256
PB2|PP755596.1|A/cattle/Texas/24-008749-003/2024(H5N1)	789	C	T	170	74	33	2	1	30	0.0116279	172	0.24217	FALSE	PB2:cds-XAJ25426.1	GCC	A	GCT	A	263
PB2|PP755596.1|A/cattle/Texas/24-008749-003/2024(H5N1)	824	A	G	167	77	33	2	0	34	0.0118343	169	0.242034	FALSE	PB2:cds-XAJ25426.1	GAC	D	GGC	G	275
PB2|PP755596.1|A/cattle/Texas/24-008749-003/2024(H5N1)	835	T	C	159	70	33	2	1	34	0.0124224	161	0.226151	FALSE	PB2:cds-XAJ25426.1	TCT	S	CCT	P	279
PB2|PP755596.1|A/cattle/Texas/24-008749-003/2024(H5N1)	870	A	G	172	71	33	2	1	34	0.0114943	174	0.240889	FALSE	PB2:cds-XAJ25426.1	GGA	G	GGG	G	290
PB2|PP755596.1|A/cattle/Texas/24-008749-003/2024(H5N1)	885	A	G	172	72	33	2	1	34	0.0114943	174	0.247851	FALSE	PB2:cds-XAJ25426.1	GTA	V	GTG	V	295
PB2|PP755596.1|A/cattle/Texas/24-008749-003/2024(H5N1)	912	G	A	1	0	34	159	78	33	0.99375	160	5.70622e-95	TRUE	PB2:cds-XAJ25426.1	GAG	E	GAA	E	304
PB2|PP755596.1|A/cattle/Texas/24-008749-003/2024(H5N1)	923	T	C	144	62	33	2	1	34	0.0136986	146	0.222439	FALSE	PB2:cds-XAJ25426.1	GTG	V	GCG	A	308
PB2|PP755596.1|A/cattle/Texas/24-008749-003/2024(H5N1)	1087	T	C	126	30	33	2	1	30	0.0155039	129	0.160249	FALSE	PB2:cds-XAJ25426.1	TTC	F	CTC	L	363
PB2|PP755596.1|A/cattle/Texas/24-008749-003/2024(H5N1)	1330	G	A	212	115	33	3	0	31	0.0139535	215	0.115047	FALSE	PB2:cds-XAJ25426.1	GTG	V	ATG	M	444
PB2|PP755596.1|A/cattle/Texas/24-008749-003/2024(H5N1)	1392	G	A	1	1	34	199	126	33	0.995	200	6.10262e-121	TRUE	PB2:cds-XAJ25426.1	TTG	L	TTA	L	464
PB2|PP755596.1|A/cattle/Texas/24-008749-003/2024(H5N1)	1437	A	G	1	0	34	191	100	33	0.994792	192	4.78914e-120	TRUE	PB2:cds-XAJ25426.1	AGA	R	AGG	R	479
PB2|PP755596.1|A/cattle/Texas/24-008749-003/2024(H5N1)	1775	A	G	246	137	32	3	2	34	0.0120482	249	0.109739	FALSE	PB2:cds-XAJ25426.1	TAC	Y	TGC	C	592
PB2|PP755596.1|A/cattle/Texas/24-008749-003/2024(H5N1)	2110	T	-ATGGCCCA	494	203	33	10	0	20	0.0172117	581	0.0939053	FALSE	NA	NA	NA	NA	NA	NA
PB2|PP755596.1|A/cattle/Texas/24-008749-003/2024(H5N1)	2151	A	G	678	352	33	7	4	34	0.010219	685	0.0069144	TRUE	PB2:cds-XAJ25426.1	GCA	A	GCG	A	717
