REGION	POS	REF	ALT	REF_DP	REF_RV	REF_QUAL	ALT_DP	ALT_RV	ALT_QUAL	ALT_FREQ	TOTAL_DP	PVAL	PASS	GFF_FEATURE	REF_CODON	REF_AA	ALT_CODON	ALT_AA	POS_AA
MP|PP755590.1|A/cattle/Texas/24-008749-003/2024(H5N1)	75	G	A	10	3	55	8168	2339	48	0.998655	8179	0	TRUE	M1:cds-XAJ25416.1	GCG	A	GCA	A	25
MP|PP755590.1|A/cattle/Texas/24-008749-003/2024(H5N1)	93	C	G	0	0	0	10215	3006	50	1	10215	0	TRUE	M1:cds-XAJ25416.1	GTC	V	GTG	V	31
MP|PP755590.1|A/cattle/Texas/24-008749-003/2024(H5N1)	123	T	G	1	0	30	13097	3994	50	0.99939	13105	0	TRUE	M1:cds-XAJ25416.1	GCT	A	GCG	A	41
MP|PP755590.1|A/cattle/Texas/24-008749-003/2024(H5N1)	132	A	G	12	2	50	14584	4307	51	0.999109	14597	0	TRUE	M1:cds-XAJ25416.1	GAA	E	GAG	E	44
MP|PP755590.1|A/cattle/Texas/24-008749-003/2024(H5N1)	153	C	T	46	12	53	17132	5380	53	0.997264	17179	0	TRUE	M1:cds-XAJ25416.1	ATC	I	ATT	I	51
MP|PP755590.1|A/cattle/Texas/24-008749-003/2024(H5N1)	180	G	A	17	7	54	18863	6523	56	0.998676	18888	0	TRUE	M1:cds-XAJ25416.1	TTG	L	TTA	L	60
MP|PP755590.1|A/cattle/Texas/24-008749-003/2024(H5N1)	245	G	A	14	8	60	23221	10358	56	0.999225	23239	0	TRUE	M1:cds-XAJ25416.1	AGT	S	AAT	N	82
MP|PP755590.1|A/cattle/Texas/24-008749-003/2024(H5N1)	252	A	T	11	6	42	22394	10321	55	0.998751	22422	0	TRUE	M1:cds-XAJ25416.1	CTA	L	CTT	L	84
MP|PP755590.1|A/cattle/Texas/24-008749-003/2024(H5N1)	254	G	A	22	13	51	22141	10376	54	0.998557	22173	0	TRUE	M1:cds-XAJ25416.1	AGT	S	AAT	N	85
MP|PP755590.1|A/cattle/Texas/24-008749-003/2024(H5N1)	258	A	G	27	22	37	22176	10452	55	0.998784	22203	0	TRUE	M1:cds-XAJ25416.1	GGA	G	GGG	G	86
MP|PP755590.1|A/cattle/Texas/24-008749-003/2024(H5N1)	260	C	A	0	0	0	22031	10490	55	0.999365	22045	0	TRUE	M1:cds-XAJ25416.1	ACT	T	AAT	N	87
MP|PP755590.1|A/cattle/Texas/24-008749-003/2024(H5N1)	264	A	G	15	11	60	21982	10383	54	0.999182	22000	0	TRUE	M1:cds-XAJ25416.1	GGA	G	GGG	G	88
MP|PP755590.1|A/cattle/Texas/24-008749-003/2024(H5N1)	267	C	T	16	6	63	22017	10297	53	0.999138	22036	0	TRUE	M1:cds-XAJ25416.1	GAC	D	GAT	D	89
MP|PP755590.1|A/cattle/Texas/24-008749-003/2024(H5N1)	294	G	A	41	24	49	23925	10785	53	0.998206	23968	0	TRUE	M1:cds-XAJ25416.1	AAG	K	AAA	K	98
MP|PP755590.1|A/cattle/Texas/24-008749-003/2024(H5N1)	295	T	C	31	9	47	24106	10887	54	0.997682	24162	0	TRUE	M1:cds-XAJ25416.1	TTG	L	CTG	L	99
MP|PP755590.1|A/cattle/Texas/24-008749-003/2024(H5N1)	309	G	A	9	4	51	25150	12337	56	0.999523	25162	0	TRUE	M1:cds-XAJ25416.1	CTG	L	CTA	L	103
MP|PP755590.1|A/cattle/Texas/24-008749-003/2024(H5N1)	315	A	G	29	12	49	24566	12227	56	0.99878	24596	0	TRUE	M1:cds-XAJ25416.1	AGA	R	AGG	R	105
MP|PP755590.1|A/cattle/Texas/24-008749-003/2024(H5N1)	336	T	A	2	1	29	25371	12766	55	0.999567	25382	0	TRUE	M1:cds-XAJ25416.1	GCT	A	GCA	A	112
MP|PP755590.1|A/cattle/Texas/24-008749-003/2024(H5N1)	342	A	G	145	62	51	24569	12223	56	0.994052	24716	0	TRUE	M1:cds-XAJ25416.1	GAA	E	GAG	E	114
MP|PP755590.1|A/cattle/Texas/24-008749-003/2024(H5N1)	345	T	G	1	0	27	24369	12303	55	0.998198	24413	0	TRUE	M1:cds-XAJ25416.1	GTT	V	GTG	V	115
MP|PP755590.1|A/cattle/Texas/24-008749-003/2024(H5N1)	363	C	T	5	2	59	25165	13016	55	0.999762	25171	0	TRUE	M1:cds-XAJ25416.1	ACC	T	ACT	T	121
MP|PP755590.1|A/cattle/Texas/24-008749-003/2024(H5N1)	378	T	C	19	9	38	24851	13123	54	0.999196	24871	0	TRUE	M1:cds-XAJ25416.1	AGT	S	AGC	S	126
MP|PP755590.1|A/cattle/Texas/24-008749-003/2024(H5N1)	381	T	C	26	13	50	24754	13126	55	0.998951	24780	0	TRUE	M1:cds-XAJ25416.1	TGT	C	TGC	C	127
MP|PP755590.1|A/cattle/Texas/24-008749-003/2024(H5N1)	387	T	C	64	37	45	24373	13128	54	0.997055	24445	0	TRUE	M1:cds-XAJ25416.1	GGT	G	GGC	G	129
MP|PP755590.1|A/cattle/Texas/24-008749-003/2024(H5N1)	411	G	T	2	0	55	24625	12114	54	0.998743	24656	0	TRUE	M1:cds-XAJ25416.1	ACG	T	ACT	T	137
MP|PP755590.1|A/cattle/Texas/24-008749-003/2024(H5N1)	418	G	A	27	16	41	24137	11986	54	0.998469	24174	0	TRUE	M1:cds-XAJ25416.1	GCA	A	ACA	T	140
MP|PP755590.1|A/cattle/Texas/24-008749-003/2024(H5N1)	420	A	T	0	0	0	24449	12169	55	0.999346	24465	0	TRUE	M1:cds-XAJ25416.1	GCA	A	GCT	A	140
MP|PP755590.1|A/cattle/Texas/24-008749-003/2024(H5N1)	432	G	T	2	1	54	24569	13065	56	0.998862	24597	0	TRUE	M1:cds-XAJ25416.1	TTG	L	TTT	F	144
MP|PP755590.1|A/cattle/Texas/24-008749-003/2024(H5N1)	438	A	G	32	16	54	25041	13259	55	0.998684	25074	0	TRUE	M1:cds-XAJ25416.1	CTA	L	CTG	L	146
MP|PP755590.1|A/cattle/Texas/24-008749-003/2024(H5N1)	450	C	A	5	3	40	24688	12633	56	0.99806	24736	0	TRUE	M1:cds-XAJ25416.1	ACC	T	ACA	T	150
MP|PP755590.1|A/cattle/Texas/24-008749-003/2024(H5N1)	456	A	G	23	10	46	24194	11785	56	0.99905	24217	0	TRUE	M1:cds-XAJ25416.1	GAA	E	GAG	E	152
MP|PP755590.1|A/cattle/Texas/24-008749-003/2024(H5N1)	471	A	C	3	1	35	23736	12082	54	0.998696	23767	0	TRUE	M1:cds-XAJ25416.1	TCA	S	TCC	S	157
MP|PP755590.1|A/cattle/Texas/24-008749-003/2024(H5N1)	480	G	A	12	5	60	23654	12287	54	0.999451	23667	0	TRUE	M1:cds-XAJ25416.1	CGG	R	CGA	R	160
MP|PP755590.1|A/cattle/Texas/24-008749-003/2024(H5N1)	492	G	A	29	21	46	21177	11360	52	0.998256	21214	0	TRUE	M1:cds-XAJ25416.1	CAG	Q	CAA	Q	164
MP|PP755590.1|A/cattle/Texas/24-008749-003/2024(H5N1)	495	A	G	7	1	62	21251	11300	52	0.999577	21260	0	TRUE	M1:cds-XAJ25416.1	ATA	I	ATG	M	165
MP|PP755590.1|A/cattle/Texas/24-008749-003/2024(H5N1)	497	C	T	40	18	48	20949	11225	51	0.997286	21006	0	TRUE	M1:cds-XAJ25416.1	GCT	A	GTT	V	166
MP|PP755590.1|A/cattle/Texas/24-008749-003/2024(H5N1)	498	T	G	7	6	26	21161	11292	51	0.998584	21191	0	TRUE	M1:cds-XAJ25416.1	GCT	A	GCG	A	166
MP|PP755590.1|A/cattle/Texas/24-008749-003/2024(H5N1)	501	C	A	0	0	0	21276	11328	52	0.999155	21294	0	TRUE	M1:cds-XAJ25416.1	ACC	T	ACA	T	167
MP|PP755590.1|A/cattle/Texas/24-008749-003/2024(H5N1)	504	C	A	2	2	29	21252	11338	51	0.999483	21263	0	TRUE	M1:cds-XAJ25416.1	ACC	T	ACA	T	168
MP|PP755590.1|A/cattle/Texas/24-008749-003/2024(H5N1)	513	A	G	37	30	49	22755	12386	52	0.998333	22793	0	TRUE	M1:cds-XAJ25416.1	CCA	P	CCG	P	171
MP|PP755590.1|A/cattle/Texas/24-008749-003/2024(H5N1)	516	G	A	12	9	47	22991	12599	53	0.999435	23004	0	TRUE	M1:cds-XAJ25416.1	CTG	L	CTA	L	172
MP|PP755590.1|A/cattle/Texas/24-008749-003/2024(H5N1)	528	A	G	26	15	50	23781	12992	54	0.998824	23809	0	TRUE	M1:cds-XAJ25416.1	GAA	E	GAG	E	176
MP|PP755590.1|A/cattle/Texas/24-008749-003/2024(H5N1)	540	T	A	2	0	33	23900	12468	52	0.999039	23923	0	TRUE	M1:cds-XAJ25416.1	GTT	V	GTA	V	180
MP|PP755590.1|A/cattle/Texas/24-008749-003/2024(H5N1)	541	T	C	15	5	53	23912	12478	52	0.99883	23940	0	TRUE	M1:cds-XAJ25416.1	TTG	L	CTG	L	181
MP|PP755590.1|A/cattle/Texas/24-008749-003/2024(H5N1)	555	A	G	73	30	51	24532	11384	51	0.996952	24607	0	TRUE	M1:cds-XAJ25416.1	ACA	T	ACG	T	185
MP|PP755590.1|A/cattle/Texas/24-008749-003/2024(H5N1)	564	T	C	7	4	36	24668	10969	52	0.999595	24678	0	TRUE	M1:cds-XAJ25416.1	GCT	A	GCC	A	188
MP|PP755590.1|A/cattle/Texas/24-008749-003/2024(H5N1)	573	G	A	23	14	46	24568	11168	53	0.999024	24592	0	TRUE	M1:cds-XAJ25416.1	CAG	Q	CAA	Q	191
MP|PP755590.1|A/cattle/Texas/24-008749-003/2024(H5N1)	579	T	A	6	0	50	24263	11113	52	0.998067	24310	0	TRUE	M1:cds-XAJ25416.1	GCT	A	GCA	A	193
MP|PP755590.1|A/cattle/Texas/24-008749-003/2024(H5N1)	582	A	G	31	16	46	24444	11114	51	0.998693	24476	0	TRUE	M1:cds-XAJ25416.1	GGA	G	GGG	G	194
MP|PP755590.1|A/cattle/Texas/24-008749-003/2024(H5N1)	585	G	A	22	14	44	24440	11166	52	0.999101	24462	0	TRUE	M1:cds-XAJ25416.1	TCG	S	TCA	S	195
MP|PP755590.1|A/cattle/Texas/24-008749-003/2024(H5N1)	599	T	C	21	9	40	24621	11227	52	0.998986	24646	0	TRUE	M1:cds-XAJ25416.1	GTG	V	GCG	A	200
MP|PP755590.1|A/cattle/Texas/24-008749-003/2024(H5N1)	603	A	G	9	6	45	24510	11354	51	0.999551	24521	0	TRUE	M1:cds-XAJ25416.1	GAA	E	GAG	E	201
MP|PP755590.1|A/cattle/Texas/24-008749-003/2024(H5N1)	606	C	T	28	13	51	24708	11398	52	0.998787	24738	0	TRUE	M1:cds-XAJ25416.1	GCC	A	GCT	A	202
MP|PP755590.1|A/cattle/Texas/24-008749-003/2024(H5N1)	645	G	A	17	10	46	25842	11243	51	0.999265	25861	0	TRUE	M1:cds-XAJ25416.1	GCG	A	GCA	A	215
MP|PP755590.1|A/cattle/Texas/24-008749-003/2024(H5N1)	660	A	G	8	5	37	26565	12333	52	0.999624	26575	0	TRUE	M1:cds-XAJ25416.1	GGA	G	GGG	G	220
MP|PP755590.1|A/cattle/Texas/24-008749-003/2024(H5N1)	679	A	G	262	104	51	25902	10292	52	0.989911	26166	0	TRUE	M1:cds-XAJ25416.1	ACC	T	GCC	A	227
MP|PP755590.1|A/cattle/Texas/24-008749-003/2024(H5N1)	681	C	T	28	7	49	26000	10870	53	0.998656	26035	0	TRUE	M1:cds-XAJ25416.1	ACC	T	ACT	T	227
MP|PP755590.1|A/cattle/Texas/24-008749-003/2024(H5N1)	689	G	A	10	4	44	26361	11521	56	0.99909	26385	0	TRUE	M1:cds-XAJ25416.1	AGA	R	AAA	K	230
MP|PP755590.1|A/cattle/Texas/24-008749-003/2024(H5N1)	699	C	T	11	6	40	26407	12887	57	0.999584	26418	0	TRUE	M1:cds-XAJ25416.1	CTC	L	CTT	L	233
MP|PP755590.1|A/cattle/Texas/24-008749-003/2024(H5N1)	723	A	G	54	27	48	27031	13878	59	0.997969	27086	0	TRUE	M2:cds-XAJ25417.1	AAA	K	AGA	R	3
MP|PP755590.1|A/cattle/Texas/24-008749-003/2024(H5N1)	723	A	G	54	27	48	27031	13878	59	0.997969	27086	0	TRUE	M1:cds-XAJ25416.1	CAA	Q	CAG	Q	241
MP|PP755590.1|A/cattle/Texas/24-008749-003/2024(H5N1)	742	C	A	0	0	0	27037	15119	61	0.999482	27051	0	TRUE	M2:cds-XAJ25417.1	AAC	N	AAA	K	10
MP|PP755590.1|A/cattle/Texas/24-008749-003/2024(H5N1)	742	C	A	0	0	0	27037	15119	61	0.999482	27051	0	TRUE	M1:cds-XAJ25416.1	CTG	L	ATG	M	248
MP|PP755590.1|A/cattle/Texas/24-008749-003/2024(H5N1)	823	C	T	78	49	60	23279	15729	59	0.996661	23357	0	TRUE	M2:cds-XAJ25417.1	CGC	R	CGT	R	37
MP|PP755590.1|A/cattle/Texas/24-008749-003/2024(H5N1)	838	C	T	26	15	60	23044	16067	59	0.99857	23077	0	TRUE	M2:cds-XAJ25417.1	TGC	C	TGT	C	42
MP|PP755590.1|A/cattle/Texas/24-008749-003/2024(H5N1)	839	G	A	21	14	61	23116	16127	60	0.999006	23139	0	TRUE	M2:cds-XAJ25417.1	GTT	V	ATT	I	42
MP|PP755590.1|A/cattle/Texas/24-008749-003/2024(H5N1)	869	G	A	44	33	50	21125	15343	56	0.997921	21169	0	TRUE	M2:cds-XAJ25417.1	GGA	G	AGA	R	52
MP|PP755590.1|A/cattle/Texas/24-008749-003/2024(H5N1)	892	A	G	12	12	37	19312	14658	54	0.999327	19325	0	TRUE	M2:cds-XAJ25417.1	GTA	V	GTG	V	60
MP|PP755590.1|A/cattle/Texas/24-008749-003/2024(H5N1)	901	C	T	16	12	54	18040	13870	54	0.999114	18056	0	TRUE	M2:cds-XAJ25417.1	TCC	S	TCT	S	63
MP|PP755590.1|A/cattle/Texas/24-008749-003/2024(H5N1)	913	G	A	33	24	49	15936	12893	50	0.997933	15969	0	TRUE	M2:cds-XAJ25417.1	GAG	E	GAA	E	67
MP|PP755590.1|A/cattle/Texas/24-008749-003/2024(H5N1)	916	C	T	2	2	56	15565	12678	49	0.99955	15572	0	TRUE	M2:cds-XAJ25417.1	TAC	Y	TAT	Y	68
MP|PP755590.1|A/cattle/Texas/24-008749-003/2024(H5N1)	934	T	C	94	85	40	12635	10906	42	0.992381	12732	0	TRUE	M2:cds-XAJ25417.1	AGT	S	AGC	S	74
MP|PP755590.1|A/cattle/Texas/24-008749-003/2024(H5N1)	950	A	G	5	3	47	8950	7502	47	0.99933	8956	0	TRUE	M2:cds-XAJ25417.1	AAT	N	GAT	D	79
