REGION	POS	REF	ALT	REF_DP	REF_RV	REF_QUAL	ALT_DP	ALT_RV	ALT_QUAL	ALT_FREQ	TOTAL_DP	PVAL	PASS	GFF_FEATURE	REF_CODON	REF_AA	ALT_CODON	ALT_AA	POS_AA
NS|PP755593.1|A/cattle/Texas/24-008749-003/2024(H5N1)	20	T	C	9	1	44	29437	2626	40	0.999626	29448	0	TRUE	NEP:cds-XAJ25421.1	TTA	L	TCA	S	7
NS|PP755593.1|A/cattle/Texas/24-008749-003/2024(H5N1)	20	T	C	9	1	44	29437	2626	40	0.999626	29448	0	TRUE	NS1:cds-XAJ25420.1	TTA	L	TCA	S	7
NS|PP755593.1|A/cattle/Texas/24-008749-003/2024(H5N1)	108	C	T	21	4	44	63059	10763	46	0.999651	63081	0	TRUE	NS1:cds-XAJ25420.1	CTC	L	CTT	L	36
NS|PP755593.1|A/cattle/Texas/24-008749-003/2024(H5N1)	117	C	T	22	5	44	63578	11120	47	0.999607	63603	0	TRUE	NS1:cds-XAJ25420.1	GAC	D	GAT	D	39
NS|PP755593.1|A/cattle/Texas/24-008749-003/2024(H5N1)	123	G	A	22	7	43	63328	11494	47	0.999542	63357	0	TRUE	NS1:cds-XAJ25420.1	AAG	K	AAA	K	41
NS|PP755593.1|A/cattle/Texas/24-008749-003/2024(H5N1)	126	T	C	19	6	54	63454	16981	47	0.99959	63480	0	TRUE	NS1:cds-XAJ25420.1	TCT	S	TCC	S	42
NS|PP755593.1|A/cattle/Texas/24-008749-003/2024(H5N1)	127	C	A	50340	17515	39	824	0	25	0.0161019	51174	1.57362e-22	TRUE	NS1:cds-XAJ25420.1	CTA	L	ATA	I	43
NS|PP755593.1|A/cattle/Texas/24-008749-003/2024(H5N1)	129	A	G	28	6	42	62565	15823	44	0.997958	62693	0	TRUE	NS1:cds-XAJ25420.1	CTA	L	CTG	L	43
NS|PP755593.1|A/cattle/Texas/24-008749-003/2024(H5N1)	165	G	A	43	21	45	72359	33199	46	0.999309	72409	0	TRUE	NS1:cds-XAJ25420.1	GAG	E	GAA	E	55
NS|PP755593.1|A/cattle/Texas/24-008749-003/2024(H5N1)	168	G	A	74	40	49	72149	34098	46	0.998851	72232	0	TRUE	NS1:cds-XAJ25420.1	ACG	T	ACA	T	56
NS|PP755593.1|A/cattle/Texas/24-008749-003/2024(H5N1)	174	T	C	21	11	50	72756	35311	45	0.999643	72782	0	TRUE	NS1:cds-XAJ25420.1	ACT	T	ACC	T	58
NS|PP755593.1|A/cattle/Texas/24-008749-003/2024(H5N1)	180	T	G	56	48	31	70401	34305	43	0.998539	70504	0	TRUE	NS1:cds-XAJ25420.1	GCT	A	GCG	A	60
NS|PP755593.1|A/cattle/Texas/24-008749-003/2024(H5N1)	183	G	A	728	447	39	71759	36166	45	0.989943	72488	0	TRUE	NS1:cds-XAJ25420.1	GGG	G	GGA	G	61
NS|PP755593.1|A/cattle/Texas/24-008749-003/2024(H5N1)	199	A	C	12	5	42	79936	41324	45	0.99935	79988	0	TRUE	NS1:cds-XAJ25420.1	AGG	R	CGG	R	67
NS|PP755593.1|A/cattle/Texas/24-008749-003/2024(H5N1)	210	G	A	77	46	46	79890	41978	46	0.998975	79972	0	TRUE	NS1:cds-XAJ25420.1	GAG	E	GAA	E	70
NS|PP755593.1|A/cattle/Texas/24-008749-003/2024(H5N1)	219	C	T	33	10	45	82206	46073	45	0.999465	82250	0	TRUE	NS1:cds-XAJ25420.1	TCC	S	TCT	S	73
NS|PP755593.1|A/cattle/Texas/24-008749-003/2024(H5N1)	224	A	G	22	7	42	82244	48590	46	0.999684	82270	0	TRUE	NS1:cds-XAJ25420.1	GAG	E	GGG	G	75
NS|PP755593.1|A/cattle/Texas/24-008749-003/2024(H5N1)	231	C	T	22	10	40	80986	49393	44	0.999432	81032	0	TRUE	NS1:cds-XAJ25420.1	CTC	L	CTT	L	77
NS|PP755593.1|A/cattle/Texas/24-008749-003/2024(H5N1)	247	T	C	22	14	45	79572	49540	44	0.999648	79600	0	TRUE	NS1:cds-XAJ25420.1	TCT	S	CCT	P	83
NS|PP755593.1|A/cattle/Texas/24-008749-003/2024(H5N1)	249	T	C	49	32	41	79141	49483	44	0.999268	79199	0	TRUE	NS1:cds-XAJ25420.1	TCT	S	TCC	S	83
NS|PP755593.1|A/cattle/Texas/24-008749-003/2024(H5N1)	255	T	A	10	4	38	80243	49781	44	0.998693	80348	0	TRUE	NS1:cds-XAJ25420.1	CCT	P	CCA	P	85
NS|PP755593.1|A/cattle/Texas/24-008749-003/2024(H5N1)	259	C	T	86	49	44	81074	48926	44	0.998916	81162	0	TRUE	NS1:cds-XAJ25420.1	CCA	P	TCA	S	87
NS|PP755593.1|A/cattle/Texas/24-008749-003/2024(H5N1)	288	A	G	34	13	41	78741	38745	41	0.99934	78793	0	TRUE	NS1:cds-XAJ25420.1	GAA	E	GAG	E	96
NS|PP755593.1|A/cattle/Texas/24-008749-003/2024(H5N1)	289	G	T	53027	11800	38	2920	2920	24	0.0521811	55959	0	TRUE	NS1:cds-XAJ25420.1	GAG	E	TAG	*	97
NS|PP755593.1|A/cattle/Texas/24-008749-003/2024(H5N1)	300	A	G	26	12	42	82011	43954	44	0.999659	82039	0	TRUE	NS1:cds-XAJ25420.1	AGA	R	AGG	R	100
NS|PP755593.1|A/cattle/Texas/24-008749-003/2024(H5N1)	324	G	A	41	22	42	78337	32588	44	0.999426	78382	0	TRUE	NS1:cds-XAJ25420.1	AAG	K	AAA	K	108
NS|PP755593.1|A/cattle/Texas/24-008749-003/2024(H5N1)	327	A	G	18	8	43	78113	32714	43	0.999744	78133	0	TRUE	NS1:cds-XAJ25420.1	CAA	Q	CAG	Q	109
NS|PP755593.1|A/cattle/Texas/24-008749-003/2024(H5N1)	339	C	T	114	46	44	75923	33331	43	0.998343	76049	0	TRUE	NS1:cds-XAJ25420.1	GGC	G	GGT	G	113
NS|PP755593.1|A/cattle/Texas/24-008749-003/2024(H5N1)	345	C	T	26	8	45	72717	31856	43	0.999601	72746	0	TRUE	NS1:cds-XAJ25420.1	CTC	L	CTT	L	115
NS|PP755593.1|A/cattle/Texas/24-008749-003/2024(H5N1)	346	A	T	0	0	0	72725	31860	43	0.99978	72741	0	TRUE	NS1:cds-XAJ25420.1	AGT	S	TGT	C	116
NS|PP755593.1|A/cattle/Texas/24-008749-003/2024(H5N1)	348	T	C	19	10	41	72920	32051	43	0.999671	72944	0	TRUE	NS1:cds-XAJ25420.1	AGT	S	AGC	S	116
NS|PP755593.1|A/cattle/Texas/24-008749-003/2024(H5N1)	366	G	A	29	19	40	78001	28994	43	0.999616	78031	0	TRUE	NS1:cds-XAJ25420.1	GCG	A	GCA	A	122
NS|PP755593.1|A/cattle/Texas/24-008749-003/2024(H5N1)	369	T	A	0	0	0	77679	29968	44	0.999755	77698	0	TRUE	NS1:cds-XAJ25420.1	ATT	I	ATA	I	123
NS|PP755593.1|A/cattle/Texas/24-008749-003/2024(H5N1)	378	G	A	13	7	38	81465	33755	46	0.999804	81481	0	TRUE	NS1:cds-XAJ25420.1	AAG	K	AAA	K	126
NS|PP755593.1|A/cattle/Texas/24-008749-003/2024(H5N1)	386	T	C	16	5	40	65786	32891	39	0.983848	66866	0	TRUE	NS1:cds-XAJ25420.1	ATA	I	ACA	T	129
NS|PP755593.1|A/cattle/Texas/24-008749-003/2024(H5N1)	386	T	A	16	5	40	1064	1	26	0.0159124	66866	0	TRUE	NS1:cds-XAJ25420.1	ATA	I	AAA	K	129
NS|PP755593.1|A/cattle/Texas/24-008749-003/2024(H5N1)	388	C	T	19	9	37	78197	32475	45	0.999706	78220	0	TRUE	NS1:cds-XAJ25420.1	CTG	L	TTG	L	130
NS|PP755593.1|A/cattle/Texas/24-008749-003/2024(H5N1)	393	G	A	106	38	44	78836	33201	45	0.998581	78948	0	TRUE	NS1:cds-XAJ25420.1	AAG	K	AAA	K	131
NS|PP755593.1|A/cattle/Texas/24-008749-003/2024(H5N1)	411	C	T	29	14	41	62282	32548	43	0.99939	62320	0	TRUE	NS1:cds-XAJ25420.1	ATC	I	ATT	I	137
NS|PP755593.1|A/cattle/Texas/24-008749-003/2024(H5N1)	414	C	T	19	8	44	62297	32625	43	0.999679	62317	0	TRUE	NS1:cds-XAJ25420.1	TTC	F	TTT	F	138
NS|PP755593.1|A/cattle/Texas/24-008749-003/2024(H5N1)	415	A	G	15	6	43	62510	32870	43	0.999712	62528	0	TRUE	NS1:cds-XAJ25420.1	AAT	N	GAT	D	139
NS|PP755593.1|A/cattle/Texas/24-008749-003/2024(H5N1)	417	T	C	29	20	43	60273	32832	40	0.997683	60413	0	TRUE	NS1:cds-XAJ25420.1	AAT	N	AAC	N	139
NS|PP755593.1|A/cattle/Texas/24-008749-003/2024(H5N1)	426	G	A	86	45	43	71743	40518	45	0.998761	71832	0	TRUE	NS1:cds-XAJ25420.1	GAG	E	GAA	E	142
NS|PP755593.1|A/cattle/Texas/24-008749-003/2024(H5N1)	429	A	C	21	0	25	74026	40653	44	0.999339	74075	0	TRUE	NS1:cds-XAJ25420.1	ACA	T	ACC	T	143
NS|PP755593.1|A/cattle/Texas/24-008749-003/2024(H5N1)	439	C	A	17	1	26	75664	38608	45	0.999683	75688	0	TRUE	NS1:cds-XAJ25420.1	CTC	L	ATC	I	147
NS|PP755593.1|A/cattle/Texas/24-008749-003/2024(H5N1)	441	C	T	9	4	37	75688	38688	45	0.999749	75707	0	TRUE	NS1:cds-XAJ25420.1	CTC	L	CTT	L	147
NS|PP755593.1|A/cattle/Texas/24-008749-003/2024(H5N1)	453	T	A	3	3	48	75506	42411	45	0.999113	75573	0	TRUE	NS1:cds-XAJ25420.1	ACT	T	ACA	T	151
NS|PP755593.1|A/cattle/Texas/24-008749-003/2024(H5N1)	459	G	A	130	70	42	75305	43560	44	0.998171	75443	0	TRUE	NS1:cds-XAJ25420.1	GAG	E	GAA	E	153
NS|PP755593.1|A/cattle/Texas/24-008749-003/2024(H5N1)	471	C	G	0	0	0	71888	40059	43	0.999333	71936	0	TRUE	NS1:cds-XAJ25420.1	GTC	V	GTG	V	157
NS|PP755593.1|A/cattle/Texas/24-008749-003/2024(H5N1)	473	G	T	52298	19789	38	555	555	24	0.0104978	52868	0.189888	FALSE	NS1:cds-XAJ25420.1	GGC	G	GTC	V	158
NS|PP755593.1|A/cattle/Texas/24-008749-003/2024(H5N1)	474	C	A	3	2	24	73383	41562	44	0.998911	73463	0	TRUE	NS1:cds-XAJ25420.1	GGC	G	GGA	G	158
NS|PP755593.1|A/cattle/Texas/24-008749-003/2024(H5N1)	480	T	C	25	17	42	76966	44935	44	0.999584	76998	0	TRUE	NS1:cds-XAJ25420.1	ATT	I	ATC	I	160
NS|PP755593.1|A/cattle/Texas/24-008749-003/2024(H5N1)	489	G	A	20	11	54	79108	46451	45	0.999659	79135	0	TRUE	NS1:cds-XAJ25420.1	TTG	L	TTA	L	163
NS|PP755593.1|A/cattle/Texas/24-008749-003/2024(H5N1)	511	G	A	36	15	41	87259	50280	43	0.999473	87305	0	TRUE	NEP:cds-XAJ25421.1	CTG	L	CTA	L	3
NS|PP755593.1|A/cattle/Texas/24-008749-003/2024(H5N1)	511	G	A	36	15	41	87259	50280	43	0.999473	87305	0	TRUE	NS1:cds-XAJ25420.1	GAT	D	AAT	N	171
NS|PP755593.1|A/cattle/Texas/24-008749-003/2024(H5N1)	578	G	A	33	12	42	75568	34556	44	0.999458	75609	0	TRUE	NEP:cds-XAJ25421.1	GAG	E	AAG	K	26
NS|PP755593.1|A/cattle/Texas/24-008749-003/2024(H5N1)	578	G	A	33	12	42	75568	34556	44	0.999458	75609	0	TRUE	NS1:cds-XAJ25420.1	CGA	R	CAA	Q	193
NS|PP755593.1|A/cattle/Texas/24-008749-003/2024(H5N1)	582	C	A	3	0	24	76739	37574	44	0.999713	76761	0	TRUE	NEP:cds-XAJ25421.1	TCT	S	TAT	Y	27
NS|PP755593.1|A/cattle/Texas/24-008749-003/2024(H5N1)	582	C	A	3	0	24	76739	37574	44	0.999713	76761	0	TRUE	NS1:cds-XAJ25420.1	GTC	V	GTA	V	194
NS|PP755593.1|A/cattle/Texas/24-008749-003/2024(H5N1)	592	T	C	11	9	39	79186	38983	44	0.999672	79212	0	TRUE	NEP:cds-XAJ25421.1	CTT	L	CTC	L	30
NS|PP755593.1|A/cattle/Texas/24-008749-003/2024(H5N1)	592	T	C	11	9	39	79186	38983	44	0.999672	79212	0	TRUE	NS1:cds-XAJ25420.1	TTA	L	CTA	L	198
NS|PP755593.1|A/cattle/Texas/24-008749-003/2024(H5N1)	660	G	A	33	17	47	72423	39364	48	0.999503	72459	0	TRUE	NEP:cds-XAJ25421.1	GGA	G	GAA	E	53
NS|PP755593.1|A/cattle/Texas/24-008749-003/2024(H5N1)	660	G	A	33	17	47	72423	39364	48	0.999503	72459	0	TRUE	NS1:cds-XAJ25420.1	CGG	R	CGA	R	220
NS|PP755593.1|A/cattle/Texas/24-008749-003/2024(H5N1)	668	A	C	16	8	46	73675	41850	49	0.999295	73727	0	TRUE	NEP:cds-XAJ25421.1	AGA	R	CGA	R	56
NS|PP755593.1|A/cattle/Texas/24-008749-003/2024(H5N1)	668	A	C	16	8	46	73675	41850	49	0.999295	73727	0	TRUE	NS1:cds-XAJ25420.1	GAG	E	GCG	A	223
NS|PP755593.1|A/cattle/Texas/24-008749-003/2024(H5N1)	703	G	A	81	52	46	70834	44157	49	0.998858	70915	0	TRUE	NEP:cds-XAJ25421.1	AGG	R	AGA	R	67
NS|PP755593.1|A/cattle/Texas/24-008749-003/2024(H5N1)	724	A	G	50	41	48	72754	58242	52	0.999272	72807	0	TRUE	NEP:cds-XAJ25421.1	CGA	R	CGG	R	74
NS|PP755593.1|A/cattle/Texas/24-008749-003/2024(H5N1)	731	C	T	42	29	57	69182	57674	50	0.999191	69238	0	TRUE	NEP:cds-XAJ25421.1	CTA	L	TTA	L	77
NS|PP755593.1|A/cattle/Texas/24-008749-003/2024(H5N1)	733	A	G	5	5	40	69744	58724	50	0.999885	69752	0	TRUE	NEP:cds-XAJ25421.1	CTA	L	CTG	L	77
NS|PP755593.1|A/cattle/Texas/24-008749-003/2024(H5N1)	739	C	T	11	9	47	66453	55516	50	0.999609	66479	0	TRUE	NEP:cds-XAJ25421.1	ATC	I	ATT	I	79
NS|PP755593.1|A/cattle/Texas/24-008749-003/2024(H5N1)	745	A	G	28	24	50	64950	54977	51	0.999492	64983	0	TRUE	NEP:cds-XAJ25421.1	GAA	E	GAG	E	81
NS|PP755593.1|A/cattle/Texas/24-008749-003/2024(H5N1)	748	T	C	20	16	49	65138	55252	51	0.999632	65162	0	TRUE	NEP:cds-XAJ25421.1	AAT	N	AAC	N	82
NS|PP755593.1|A/cattle/Texas/24-008749-003/2024(H5N1)	754	T	C	46	43	46	64271	54240	51	0.999176	64324	0	TRUE	NEP:cds-XAJ25421.1	TTT	F	TTC	F	84
NS|PP755593.1|A/cattle/Texas/24-008749-003/2024(H5N1)	760	A	G	13	10	51	62075	52409	51	0.999791	62088	0	TRUE	NEP:cds-XAJ25421.1	CAA	Q	CAG	Q	86
NS|PP755593.1|A/cattle/Texas/24-008749-003/2024(H5N1)	766	A	T	4	4	40	60172	51271	49	0.998689	60251	0	TRUE	NEP:cds-XAJ25421.1	ACA	T	ACT	T	88
NS|PP755593.1|A/cattle/Texas/24-008749-003/2024(H5N1)	769	T	C	20	19	42	60418	52596	49	0.99952	60447	0	TRUE	NEP:cds-XAJ25421.1	TTT	F	TTC	F	89
NS|PP755593.1|A/cattle/Texas/24-008749-003/2024(H5N1)	788	C	T	29	26	45	50519	46413	45	0.999327	50553	0	TRUE	NEP:cds-XAJ25421.1	CTG	L	TTG	L	96
NS|PP755593.1|A/cattle/Texas/24-008749-003/2024(H5N1)	799	G	A	39	38	39	45658	42702	44	0.999081	45700	0	TRUE	NEP:cds-XAJ25421.1	GTG	V	GTA	V	99
NS|PP755593.1|A/cattle/Texas/24-008749-003/2024(H5N1)	832	T	C	11	9	50	30698	28861	34	0.999447	30715	0	TRUE	NEP:cds-XAJ25421.1	CTT	L	CTC	L	110
