REGION	POS	REF	ALT	REF_DP	REF_RV	REF_QUAL	ALT_DP	ALT_RV	ALT_QUAL	ALT_FREQ	TOTAL_DP	PVAL	PASS	GFF_FEATURE	REF_CODON	REF_AA	ALT_CODON	ALT_AA	POS_AA
NA|PP755591.1|A/cattle/Texas/24-008749-003/2024(H5N1)	7	C	T	407	22	31	10	0	29	0.0239808	417	0.0221336	FALSE	NA:cds-XAJ25418.1	CCA	P	TCA	S	3
NA|PP755591.1|A/cattle/Texas/24-008749-003/2024(H5N1)	23	C	T	0	0	0	523	31	31	0.998092	524	0	TRUE	NA:cds-XAJ25418.1	ACA	T	ATA	I	8
NA|PP755591.1|A/cattle/Texas/24-008749-003/2024(H5N1)	27	C	T	0	0	0	524	32	31	1	524	0	TRUE	NA:cds-XAJ25418.1	ACC	T	ACT	T	9
NA|PP755591.1|A/cattle/Texas/24-008749-003/2024(H5N1)	30	T	C	1	0	30	522	32	31	0.994286	525	0	TRUE	NA:cds-XAJ25418.1	ATT	I	ATC	I	10
NA|PP755591.1|A/cattle/Texas/24-008749-003/2024(H5N1)	33	A	G	0	0	0	670	35	30	1	670	0	TRUE	NA:cds-XAJ25418.1	GGA	G	GGG	G	11
NA|PP755591.1|A/cattle/Texas/24-008749-003/2024(H5N1)	42	T	C	0	0	0	792	53	31	0.996226	795	0	TRUE	NA:cds-XAJ25418.1	TGT	C	TGC	C	14
NA|PP755591.1|A/cattle/Texas/24-008749-003/2024(H5N1)	54	G	N	3	1	40	9	0	30	0.0113208	795	2.18119e-21	TRUE	NA:cds-XAJ25418.1	GGG	G	GGN	X	18
NA|PP755591.1|A/cattle/Texas/24-008749-003/2024(H5N1)	54	G	A	3	1	40	782	53	31	0.983648	795	0	TRUE	NA:cds-XAJ25418.1	GGG	G	GGA	G	18
NA|PP755591.1|A/cattle/Texas/24-008749-003/2024(H5N1)	56	T	+AACA	794	54	31	213	0	20	0.0917708	2321	5.03985e-90	TRUE	NA	NA	NA	NA	NA	NA
NA|PP755591.1|A/cattle/Texas/24-008749-003/2024(H5N1)	58	G	N	1	1	26	8	1	30	0.0107672	743	1.90772e-20	TRUE	NA:cds-XAJ25418.1	GTC	V	NTC	X	20
NA|PP755591.1|A/cattle/Texas/24-008749-003/2024(H5N1)	58	G	A	1	1	26	733	49	31	0.986541	743	0	TRUE	NA:cds-XAJ25418.1	GTC	V	ATC	I	20
NA|PP755591.1|A/cattle/Texas/24-008749-003/2024(H5N1)	60	C	A	1	1	24	740	50	31	0.995962	743	0	TRUE	NA:cds-XAJ25418.1	GTC	V	GTA	V	20
NA|PP755591.1|A/cattle/Texas/24-008749-003/2024(H5N1)	60	C	-AGCT	1	1	24	225	0	20	0.096941	2321	5.82693e-295	TRUE	NA	NA	NA	NA	NA	NA
NA|PP755591.1|A/cattle/Texas/24-008749-003/2024(H5N1)	63	C	T	1	0	60	739	50	31	0.995957	742	0	TRUE	NA:cds-XAJ25418.1	AGC	S	AGT	S	21
NA|PP755591.1|A/cattle/Texas/24-008749-003/2024(H5N1)	64	T	C	0	0	0	740	50	31	0.997305	742	0	TRUE	NA:cds-XAJ25418.1	TTG	L	CTG	L	22
NA|PP755591.1|A/cattle/Texas/24-008749-003/2024(H5N1)	67	A	G	8	0	30	793	69	31	0.988778	802	0	TRUE	NA:cds-XAJ25418.1	ATG	M	GTG	V	23
NA|PP755591.1|A/cattle/Texas/24-008749-003/2024(H5N1)	72	G	A	3	0	30	884	84	31	0.992144	891	0	TRUE	NA:cds-XAJ25418.1	CTG	L	CTA	L	24
NA|PP755591.1|A/cattle/Texas/24-008749-003/2024(H5N1)	81	G	A	2	0	30	2200	248	32	0.998185	2204	0	TRUE	NA:cds-XAJ25418.1	GGG	G	GGA	G	27
NA|PP755591.1|A/cattle/Texas/24-008749-003/2024(H5N1)	105	C	T	3	0	30	2325	315	33	0.996144	2334	0	TRUE	NA:cds-XAJ25418.1	AGC	S	AGT	S	35
NA|PP755591.1|A/cattle/Texas/24-008749-003/2024(H5N1)	114	C	T	2	1	30	2281	317	33	0.997376	2287	0	TRUE	NA:cds-XAJ25418.1	ATC	I	ATT	I	38
NA|PP755591.1|A/cattle/Texas/24-008749-003/2024(H5N1)	120	A	T	6	2	30	911	306	32	0.990217	920	0	TRUE	NA:cds-XAJ25418.1	ACA	T	ACT	T	40
NA|PP755591.1|A/cattle/Texas/24-008749-003/2024(H5N1)	123	G	A	2	0	30	913	308	32	0.997814	915	0	TRUE	NA:cds-XAJ25418.1	GGG	G	GGA	G	41
NA|PP755591.1|A/cattle/Texas/24-008749-003/2024(H5N1)	126	T	C	1	1	30	912	307	32	0.997812	914	0	TRUE	NA:cds-XAJ25418.1	AAT	N	AAC	N	42
NA|PP755591.1|A/cattle/Texas/24-008749-003/2024(H5N1)	129	A	G	0	0	0	914	308	32	1	914	0	TRUE	NA:cds-XAJ25418.1	CAA	Q	CAG	Q	43
NA|PP755591.1|A/cattle/Texas/24-008749-003/2024(H5N1)	130	T	A	2	1	30	912	307	32	0.997812	914	0	TRUE	NA:cds-XAJ25418.1	TAC	Y	AAC	N	44
NA|PP755591.1|A/cattle/Texas/24-008749-003/2024(H5N1)	135	G	C	0	0	0	913	308	32	0.998906	914	0	TRUE	NA:cds-XAJ25418.1	CAG	Q	CAC	H	45
NA|PP755591.1|A/cattle/Texas/24-008749-003/2024(H5N1)	138	T	A	0	0	0	909	307	32	0.99453	914	0	TRUE	NA:cds-XAJ25418.1	CCT	P	CCA	P	46
NA|PP755591.1|A/cattle/Texas/24-008749-003/2024(H5N1)	142	C	A	0	0	0	914	308	32	1	914	0	TRUE	NA:cds-XAJ25418.1	CCA	P	ACA	T	48
NA|PP755591.1|A/cattle/Texas/24-008749-003/2024(H5N1)	156	C	T	0	0	0	1296	686	33	0.998459	1298	0	TRUE	NA:cds-XAJ25418.1	AGC	S	AGT	S	52
NA|PP755591.1|A/cattle/Texas/24-008749-003/2024(H5N1)	157	A	G	0	0	0	1298	687	33	1	1298	0	TRUE	NA:cds-XAJ25418.1	ATC	I	GTC	V	53
NA|PP755591.1|A/cattle/Texas/24-008749-003/2024(H5N1)	168	T	C	4	1	37	1144	665	32	0.98791	1158	0	TRUE	NA:cds-XAJ25418.1	TAT	Y	TAC	Y	56
NA|PP755591.1|A/cattle/Texas/24-008749-003/2024(H5N1)	171	G	A	0	0	0	1156	667	32	0.998273	1158	0	TRUE	NA:cds-XAJ25418.1	GAG	E	GAA	E	57
NA|PP755591.1|A/cattle/Texas/24-008749-003/2024(H5N1)	177	C	T	0	0	0	1093	675	32	0.99454	1099	0	TRUE	NA:cds-XAJ25418.1	AAC	N	AAT	N	59
NA|PP755591.1|A/cattle/Texas/24-008749-003/2024(H5N1)	180	C	T	1	1	30	1097	676	32	0.99818	1099	0	TRUE	NA:cds-XAJ25418.1	ACC	T	ACT	T	60
NA|PP755591.1|A/cattle/Texas/24-008749-003/2024(H5N1)	186	A	G	1	0	30	1094	676	32	0.998175	1096	0	TRUE	NA:cds-XAJ25418.1	GTA	V	GTG	V	62
NA|PP755591.1|A/cattle/Texas/24-008749-003/2024(H5N1)	195	G	A	1	1	30	985	657	31	0.993946	991	0	TRUE	NA:cds-XAJ25418.1	ACG	T	ACA	T	65
NA|PP755591.1|A/cattle/Texas/24-008749-003/2024(H5N1)	198	T	C	1	1	30	954	628	31	0.996865	957	0	TRUE	NA:cds-XAJ25418.1	TAT	Y	TAC	Y	66
NA|PP755591.1|A/cattle/Texas/24-008749-003/2024(H5N1)	207	C	N	0	0	0	1	1	30	0.0263158	38	0.0217391	FALSE	NA:cds-XAJ25418.1	ATC	I	ATN	X	69
NA|PP755591.1|A/cattle/Texas/24-008749-003/2024(H5N1)	207	C	A	0	0	0	37	7	30	0.973684	38	3.46356e-24	TRUE	NA:cds-XAJ25418.1	ATC	I	ATA	I	69
NA|PP755591.1|A/cattle/Texas/24-008749-003/2024(H5N1)	210	C	T	0	0	0	34	5	30	0.971429	35	3.51456e-20	TRUE	NA:cds-XAJ25418.1	AGC	S	AGT	S	70
NA|PP755591.1|A/cattle/Texas/24-008749-003/2024(H5N1)	210	C	N	0	0	0	1	0	30	0.0285714	35	0.0285714	FALSE	NA:cds-XAJ25418.1	AGC	S	AGN	X	70
NA|PP755591.1|A/cattle/Texas/24-008749-003/2024(H5N1)	212	G	A	0	0	0	35	5	30	1	35	1.78275e-20	TRUE	NA:cds-XAJ25418.1	AGT	S	AAT	N	71
NA|PP755591.1|A/cattle/Texas/24-008749-003/2024(H5N1)	218	A	N	9	4	30	1	0	26	0.1	10	0.526316	FALSE	NA:cds-XAJ25418.1	AAT	N	ANT	X	73
NA|PP755591.1|A/cattle/Texas/24-008749-003/2024(H5N1)	222	T	A	0	0	0	1	1	30	1	1	1	FALSE	NA:cds-XAJ25418.1	TTT	F	TTA	L	74
NA|PP755591.1|A/cattle/Texas/24-008749-003/2024(H5N1)	223	C	A	0	0	0	1	1	30	1	1	1	FALSE	NA:cds-XAJ25418.1	CTT	L	ATT	I	75
NA|PP755591.1|A/cattle/Texas/24-008749-003/2024(H5N1)	288	G	A	1	0	30	11	9	30	0.916667	12	8.87523e-06	TRUE	NA:cds-XAJ25418.1	GGG	G	GGA	G	96
NA|PP755591.1|A/cattle/Texas/24-008749-003/2024(H5N1)	294	A	N	0	0	0	2	1	30	0.166667	12	0.0128205	FALSE	NA:cds-XAJ25418.1	GCA	A	GCN	X	98
NA|PP755591.1|A/cattle/Texas/24-008749-003/2024(H5N1)	294	A	C	0	0	0	10	8	30	0.833333	12	2.83514e-06	TRUE	NA:cds-XAJ25418.1	GCA	A	GCC	A	98
NA|PP755591.1|A/cattle/Texas/24-008749-003/2024(H5N1)	303	T	C	0	0	0	14	9	30	1	14	4.98547e-08	TRUE	NA:cds-XAJ25418.1	AGT	S	AGC	S	101
NA|PP755591.1|A/cattle/Texas/24-008749-003/2024(H5N1)	312	C	T	0	0	0	14	9	30	1	14	4.98547e-08	TRUE	NA:cds-XAJ25418.1	AAC	N	AAT	N	104
NA|PP755591.1|A/cattle/Texas/24-008749-003/2024(H5N1)	321	A	G	0	0	0	12	8	30	1	12	7.39602e-07	TRUE	NA:cds-XAJ25418.1	AGA	R	AGG	R	107
NA|PP755591.1|A/cattle/Texas/24-008749-003/2024(H5N1)	324	T	A	4	3	30	8	5	30	0.666667	12	0.00100956	TRUE	NA:cds-XAJ25418.1	ATT	I	ATA	I	108
NA|PP755591.1|A/cattle/Texas/24-008749-003/2024(H5N1)	327	G	T	0	0	0	9	6	30	1	9	4.11353e-05	TRUE	NA:cds-XAJ25418.1	GGG	G	GGT	G	109
NA|PP755591.1|A/cattle/Texas/24-008749-003/2024(H5N1)	330	T	C	0	0	0	9	6	30	1	9	4.11353e-05	TRUE	NA:cds-XAJ25418.1	TCT	S	TCC	S	110
NA|PP755591.1|A/cattle/Texas/24-008749-003/2024(H5N1)	333	G	A	3	2	30	6	4	30	0.666667	9	0.00678733	TRUE	NA:cds-XAJ25418.1	AAG	K	AAA	K	111
NA|PP755591.1|A/cattle/Texas/24-008749-003/2024(H5N1)	336	G	A	0	0	0	9	6	30	1	9	4.11353e-05	TRUE	NA:cds-XAJ25418.1	GGG	G	GGA	G	112
NA|PP755591.1|A/cattle/Texas/24-008749-003/2024(H5N1)	342	G	A	2	1	30	7	5	30	0.777778	9	0.00185109	TRUE	NA:cds-XAJ25418.1	GTG	V	GTA	V	114
NA|PP755591.1|A/cattle/Texas/24-008749-003/2024(H5N1)	348	T	C	1	1	30	8	5	30	0.888889	9	0.000370218	TRUE	NA:cds-XAJ25418.1	GTT	V	GTC	V	116
NA|PP755591.1|A/cattle/Texas/24-008749-003/2024(H5N1)	351	A	C	0	0	0	9	6	30	1	9	4.11353e-05	TRUE	NA:cds-XAJ25418.1	ATA	I	ATC	I	117
NA|PP755591.1|A/cattle/Texas/24-008749-003/2024(H5N1)	357	A	G	0	0	0	9	6	30	1	9	4.11353e-05	TRUE	NA:cds-XAJ25418.1	GAA	E	GAG	E	119
NA|PP755591.1|A/cattle/Texas/24-008749-003/2024(H5N1)	360	A	T	1	1	30	8	5	30	0.888889	9	0.000370218	TRUE	NA:cds-XAJ25418.1	CCA	P	CCT	P	120
NA|PP755591.1|A/cattle/Texas/24-008749-003/2024(H5N1)	363	C	T	0	0	0	9	6	30	1	9	4.11353e-05	TRUE	NA:cds-XAJ25418.1	TTC	F	TTT	F	121
NA|PP755591.1|A/cattle/Texas/24-008749-003/2024(H5N1)	366	C	T	1	0	30	9	6	30	0.818182	11	5.9538e-05	TRUE	NA:cds-XAJ25418.1	ATC	I	ATT	I	122
NA|PP755591.1|A/cattle/Texas/24-008749-003/2024(H5N1)	366	C	N	1	0	30	1	0	30	0.0909091	11	0.166667	FALSE	NA:cds-XAJ25418.1	ATC	I	ATN	X	122
NA|PP755591.1|A/cattle/Texas/24-008749-003/2024(H5N1)	375	C	T	8	2	33	1753	498	30	0.993201	1765	0	TRUE	NA:cds-XAJ25418.1	TCC	S	TCT	S	125
NA|PP755591.1|A/cattle/Texas/24-008749-003/2024(H5N1)	390	A	G	1	1	30	1873	513	29	0.998933	1875	0	TRUE	NA:cds-XAJ25418.1	AGA	R	AGG	R	130
NA|PP755591.1|A/cattle/Texas/24-008749-003/2024(H5N1)	399	C	T	0	0	0	733	240	30	0.994573	737	0	TRUE	NA:cds-XAJ25418.1	TTC	F	TTT	F	133
NA|PP755591.1|A/cattle/Texas/24-008749-003/2024(H5N1)	402	G	A	4	0	30	734	244	29	0.99458	738	0	TRUE	NA:cds-XAJ25418.1	CTG	L	CTA	L	134
NA|PP755591.1|A/cattle/Texas/24-008749-003/2024(H5N1)	405	C	T	2	1	30	732	242	29	0.995918	735	0	TRUE	NA:cds-XAJ25418.1	ACC	T	ACT	T	135
NA|PP755591.1|A/cattle/Texas/24-008749-003/2024(H5N1)	408	G	A	2	0	30	732	244	29	0.995918	735	0	TRUE	NA:cds-XAJ25418.1	CAG	Q	CAA	Q	136
NA|PP755591.1|A/cattle/Texas/24-008749-003/2024(H5N1)	411	A	G	1	1	30	732	242	29	0.997275	734	0	TRUE	NA:cds-XAJ25418.1	GGA	G	GGG	G	137
NA|PP755591.1|A/cattle/Texas/24-008749-003/2024(H5N1)	414	T	C	0	0	0	796	247	30	0.998745	797	0	TRUE	NA:cds-XAJ25418.1	GCT	A	GCC	A	138
NA|PP755591.1|A/cattle/Texas/24-008749-003/2024(H5N1)	418	C	T	1	0	30	847	266	30	0.996471	850	0	TRUE	NA:cds-XAJ25418.1	CTG	L	TTG	L	140
NA|PP755591.1|A/cattle/Texas/24-008749-003/2024(H5N1)	426	C	T	0	0	0	1602	645	31	0.998131	1605	0	TRUE	NA:cds-XAJ25418.1	GAC	D	GAT	D	142
NA|PP755591.1|A/cattle/Texas/24-008749-003/2024(H5N1)	429	A	G	1	0	30	1603	645	31	0.998754	1605	0	TRUE	NA:cds-XAJ25418.1	AAA	K	AAG	K	143
NA|PP755591.1|A/cattle/Texas/24-008749-003/2024(H5N1)	441	G	A	4	0	30	1871	777	31	0.997335	1876	0	TRUE	NA:cds-XAJ25418.1	GGG	G	GGA	G	147
NA|PP755591.1|A/cattle/Texas/24-008749-003/2024(H5N1)	444	A	C	1	1	30	1872	779	31	0.997868	1876	0	TRUE	NA:cds-XAJ25418.1	ACA	T	ACC	T	148
NA|PP755591.1|A/cattle/Texas/24-008749-003/2024(H5N1)	450	G	A	2	0	30	2202	886	31	0.997283	2208	0	TRUE	NA:cds-XAJ25418.1	AAG	K	AAA	K	150
NA|PP755591.1|A/cattle/Texas/24-008749-003/2024(H5N1)	453	T	C	1	1	30	2212	888	31	0.998195	2216	0	TRUE	NA:cds-XAJ25418.1	GAT	D	GAC	D	151
NA|PP755591.1|A/cattle/Texas/24-008749-003/2024(H5N1)	471	T	C	1	1	30	2408	972	30	0.997514	2414	0	TRUE	NA:cds-XAJ25418.1	ACT	T	ACC	T	157
NA|PP755591.1|A/cattle/Texas/24-008749-003/2024(H5N1)	472	T	C	0	0	0	2412	975	30	0.999171	2414	0	TRUE	NA:cds-XAJ25418.1	TTG	L	CTG	L	158
NA|PP755591.1|A/cattle/Texas/24-008749-003/2024(H5N1)	480	T	C	2	2	30	2416	976	30	0.99876	2419	0	TRUE	NA:cds-XAJ25418.1	AGT	S	AGC	S	160
NA|PP755591.1|A/cattle/Texas/24-008749-003/2024(H5N1)	483	T	C	1	1	30	2414	977	30	0.997933	2419	0	TRUE	NA:cds-XAJ25418.1	TGT	C	TGC	C	161
NA|PP755591.1|A/cattle/Texas/24-008749-003/2024(H5N1)	486	C	T	1	0	30	2411	972	30	0.996281	2420	0	TRUE	NA:cds-XAJ25418.1	CCC	P	CCT	P	162
NA|PP755591.1|A/cattle/Texas/24-008749-003/2024(H5N1)	489	G	T	1	1	30	2418	985	30	0.998348	2422	0	TRUE	NA:cds-XAJ25418.1	GTG	V	GTT	V	163
NA|PP755591.1|A/cattle/Texas/24-008749-003/2024(H5N1)	495	G	A	3	0	30	3219	1293	31	0.996903	3229	0	TRUE	NA:cds-XAJ25418.1	GAG	E	GAA	E	165
NA|PP755591.1|A/cattle/Texas/24-008749-003/2024(H5N1)	504	C	A	5	1	30	3574	1422	31	0.996376	3587	0	TRUE	NA:cds-XAJ25418.1	TCC	S	TCA	S	168
NA|PP755591.1|A/cattle/Texas/24-008749-003/2024(H5N1)	507	G	A	1	1	30	3631	1424	31	0.995613	3647	0	TRUE	NA:cds-XAJ25418.1	CCG	P	CCA	P	169
NA|PP755591.1|A/cattle/Texas/24-008749-003/2024(H5N1)	516	A	C	3902	1659	31	62	5	29	0.0156171	3970	0.0133148	FALSE	NA:cds-XAJ25418.1	TCA	S	TCC	S	172
NA|PP755591.1|A/cattle/Texas/24-008749-003/2024(H5N1)	519	A	G	1	0	60	3947	1668	31	0.998735	3952	0	TRUE	NA:cds-XAJ25418.1	AGA	R	AGG	R	173
NA|PP755591.1|A/cattle/Texas/24-008749-003/2024(H5N1)	540	G	A	10	5	30	4471	2089	32	0.995547	4491	0	TRUE	NA:cds-XAJ25418.1	TCG	S	TCA	S	180
NA|PP755591.1|A/cattle/Texas/24-008749-003/2024(H5N1)	564	C	T	0	0	0	4323	2019	33	0.997232	4335	0	TRUE	NA:cds-XAJ25418.1	ATC	I	ATT	I	188
NA|PP755591.1|A/cattle/Texas/24-008749-003/2024(H5N1)	571	T	G	4080	1889	33	74	73	29	0.0177885	4160	0.00109977	TRUE	NA:cds-XAJ25418.1	TTG	L	GTG	V	191
NA|PP755591.1|A/cattle/Texas/24-008749-003/2024(H5N1)	579	C	T	0	0	0	4010	1915	33	0.998257	4017	0	TRUE	NA:cds-XAJ25418.1	ATC	I	ATT	I	193
NA|PP755591.1|A/cattle/Texas/24-008749-003/2024(H5N1)	591	T	C	3	0	30	3895	1906	33	0.997184	3906	0	TRUE	NA:cds-XAJ25418.1	GGT	G	GGC	G	197
NA|PP755591.1|A/cattle/Texas/24-008749-003/2024(H5N1)	603	A	G	1	1	30	3664	1833	33	0.997821	3672	0	TRUE	NA:cds-XAJ25418.1	GGA	G	GGG	G	201
NA|PP755591.1|A/cattle/Texas/24-008749-003/2024(H5N1)	606	T	G	3	1	30	3385	1726	33	0.996467	3397	0	TRUE	NA:cds-XAJ25418.1	GCT	A	GCG	A	202
NA|PP755591.1|A/cattle/Texas/24-008749-003/2024(H5N1)	621	G	A	1	0	30	3322	1862	33	0.997598	3330	0	TRUE	NA:cds-XAJ25418.1	AAG	K	AAA	K	207
NA|PP755591.1|A/cattle/Texas/24-008749-003/2024(H5N1)	639	G	A	2	1	30	3051	1709	32	0.995432	3065	0	TRUE	NA:cds-XAJ25418.1	ACG	T	ACA	T	213
NA|PP755591.1|A/cattle/Texas/24-008749-003/2024(H5N1)	648	C	T	0	0	0	2965	1680	31	0.998316	2970	0	TRUE	NA:cds-XAJ25418.1	ATC	I	ATT	I	216
NA|PP755591.1|A/cattle/Texas/24-008749-003/2024(H5N1)	654	T	G	2884	1530	31	37	37	29	0.0126496	2925	0.172719	FALSE	NA:cds-XAJ25418.1	AGT	S	AGG	R	218
NA|PP755591.1|A/cattle/Texas/24-008749-003/2024(H5N1)	662	A	G	2	2	30	2467	1311	30	0.997977	2472	0	TRUE	NA:cds-XAJ25418.1	AAC	N	AGC	S	221
NA|PP755591.1|A/cattle/Texas/24-008749-003/2024(H5N1)	666	C	T	1	0	30	2441	1315	30	0.995514	2452	0	TRUE	NA:cds-XAJ25418.1	AAC	N	AAT	N	222
NA|PP755591.1|A/cattle/Texas/24-008749-003/2024(H5N1)	669	T	A	6	2	29	2422	1305	30	0.997118	2429	0	TRUE	NA:cds-XAJ25418.1	ATT	I	ATA	I	223
NA|PP755591.1|A/cattle/Texas/24-008749-003/2024(H5N1)	678	T	A	4	1	30	2551	1318	30	0.996874	2559	0	TRUE	NA:cds-XAJ25418.1	ACT	T	ACA	T	226
NA|PP755591.1|A/cattle/Texas/24-008749-003/2024(H5N1)	684	A	G	0	0	0	2472	1231	30	0.998788	2475	0	TRUE	NA:cds-XAJ25418.1	GAA	E	GAG	E	228
NA|PP755591.1|A/cattle/Texas/24-008749-003/2024(H5N1)	696	T	C	0	0	0	2394	1164	30	0.999582	2395	0	TRUE	NA:cds-XAJ25418.1	GCT	A	GCC	A	232
NA|PP755591.1|A/cattle/Texas/24-008749-003/2024(H5N1)	700	G	A	0	0	0	2393	1162	30	0.999165	2395	0	TRUE	NA:cds-XAJ25418.1	GTA	V	ATA	I	234
NA|PP755591.1|A/cattle/Texas/24-008749-003/2024(H5N1)	708	C	T	2	1	30	2417	1211	30	0.99629	2426	0	TRUE	NA:cds-XAJ25418.1	GGC	G	GGT	G	236
NA|PP755591.1|A/cattle/Texas/24-008749-003/2024(H5N1)	711	C	T	2	1	30	2428	1223	30	0.998766	2431	0	TRUE	NA:cds-XAJ25418.1	TCC	S	TCT	S	237
NA|PP755591.1|A/cattle/Texas/24-008749-003/2024(H5N1)	717	C	T	0	0	0	2473	1232	30	0.999596	2474	0	TRUE	NA:cds-XAJ25418.1	TTC	F	TTT	F	239
NA|PP755591.1|A/cattle/Texas/24-008749-003/2024(H5N1)	721	G	A	0	0	0	2615	1331	30	0.998092	2620	0	TRUE	NA:cds-XAJ25418.1	GTA	V	ATA	I	241
NA|PP755591.1|A/cattle/Texas/24-008749-003/2024(H5N1)	738	A	G	1	1	30	2585	1256	31	0.998455	2589	0	TRUE	NA:cds-XAJ25418.1	CCA	P	CCG	P	246
NA|PP755591.1|A/cattle/Texas/24-008749-003/2024(H5N1)	740	G	T	2518	1234	31	95	40	30	0.0363011	2617	1.59772e-27	TRUE	NA:cds-XAJ25418.1	AGC	S	ATC	I	247
NA|PP755591.1|A/cattle/Texas/24-008749-003/2024(H5N1)	741	C	T	0	0	0	2603	1263	31	0.99465	2617	0	TRUE	NA:cds-XAJ25418.1	AGC	S	AGT	S	247
NA|PP755591.1|A/cattle/Texas/24-008749-003/2024(H5N1)	747	G	C	1	0	30	2615	1273	31	0.998473	2619	0	TRUE	NA:cds-XAJ25418.1	GGG	G	GGC	G	249
NA|PP755591.1|A/cattle/Texas/24-008749-003/2024(H5N1)	759	T	C	3	2	30	1701	946	30	0.998239	1704	0	TRUE	NA:cds-XAJ25418.1	TAT	Y	TAC	Y	253
NA|PP755591.1|A/cattle/Texas/24-008749-003/2024(H5N1)	761	A	G	1	0	30	1699	945	30	0.998824	1701	0	TRUE	NA:cds-XAJ25418.1	AAA	K	AGA	R	254
NA|PP755591.1|A/cattle/Texas/24-008749-003/2024(H5N1)	765	C	T	1	1	30	1698	944	30	0.998236	1701	0	TRUE	NA:cds-XAJ25418.1	ATC	I	ATT	I	255
NA|PP755591.1|A/cattle/Texas/24-008749-003/2024(H5N1)	770	A	G	0	0	0	1697	945	30	1	1697	0	TRUE	NA:cds-XAJ25418.1	AAG	K	AGG	R	257
NA|PP755591.1|A/cattle/Texas/24-008749-003/2024(H5N1)	771	G	A	0	0	0	1697	945	30	1	1697	0	TRUE	NA:cds-XAJ25418.1	AAG	K	AAA	K	257
NA|PP755591.1|A/cattle/Texas/24-008749-003/2024(H5N1)	776	A	-G	1702	946	30	909	0	20	0.520619	1746	5.0985e-206	TRUE	NA	NA	NA	NA	NA	NA
NA|PP755591.1|A/cattle/Texas/24-008749-003/2024(H5N1)	777	G	A	0	0	0	819	479	29	0.997564	821	0	TRUE	NA:cds-XAJ25418.1	GAG	E	GAA	E	259
NA|PP755591.1|A/cattle/Texas/24-008749-003/2024(H5N1)	780	A	G	897	471	30	821	479	29	0.477326	1720	1.90361e-278	TRUE	NA:cds-XAJ25418.1	AAA	K	AAG	K	260
NA|PP755591.1|A/cattle/Texas/24-008749-003/2024(H5N1)	783	G	A	982	481	30	818	476	29	0.45394	1802	5.47932e-271	TRUE	NA:cds-XAJ25418.1	GGG	G	GGA	G	261
NA|PP755591.1|A/cattle/Texas/24-008749-003/2024(H5N1)	786	A	G	975	476	30	821	479	29	0.456873	1797	6.45376e-274	TRUE	NA:cds-XAJ25418.1	AAA	K	AAG	K	262
NA|PP755591.1|A/cattle/Texas/24-008749-003/2024(H5N1)	786	A	+G	975	476	30	998	0	20	0.539459	1850	0	TRUE	NA	NA	NA	NA	NA	NA
NA|PP755591.1|A/cattle/Texas/24-008749-003/2024(H5N1)	789	T	A	5	3	30	847	496	30	0.992966	853	0	TRUE	NA:cds-XAJ25418.1	GTT	V	GTA	V	263
NA|PP755591.1|A/cattle/Texas/24-008749-003/2024(H5N1)	804	A	G	0	0	0	3269	1751	31	0.999083	3272	0	TRUE	NA:cds-XAJ25418.1	GAA	E	GAG	E	268
NA|PP755591.1|A/cattle/Texas/24-008749-003/2024(H5N1)	805	A	T	2	0	30	3261	1759	31	0.996638	3272	0	TRUE	NA:cds-XAJ25418.1	ATG	M	TTG	L	269
NA|PP755591.1|A/cattle/Texas/24-008749-003/2024(H5N1)	814	C	T	10	3	30	3604	2052	32	0.991745	3634	0	TRUE	NA:cds-XAJ25418.1	CCT	P	TCT	S	272
NA|PP755591.1|A/cattle/Texas/24-008749-003/2024(H5N1)	828	C	T	4	2	30	3918	1922	32	0.992904	3946	0	TRUE	NA:cds-XAJ25418.1	TAC	Y	TAT	Y	276
NA|PP755591.1|A/cattle/Texas/24-008749-003/2024(H5N1)	834	A	G	0	0	0	3901	1945	31	0.998209	3908	0	TRUE	NA:cds-XAJ25418.1	GAA	E	GAG	E	278
NA|PP755591.1|A/cattle/Texas/24-008749-003/2024(H5N1)	855	G	T	2	2	28	604	9	29	0.993421	608	0	TRUE	NA:cds-XAJ25418.1	GCG	A	GCT	A	285
NA|PP755591.1|A/cattle/Texas/24-008749-003/2024(H5N1)	856	G	A	2	2	28	604	7	30	0.995058	607	0	TRUE	NA:cds-XAJ25418.1	GGT	G	AGT	S	286
NA|PP755591.1|A/cattle/Texas/24-008749-003/2024(H5N1)	858	T	C	0	0	0	605	8	29	0.996705	607	0	TRUE	NA:cds-XAJ25418.1	GGT	G	GGC	G	286
NA|PP755591.1|A/cattle/Texas/24-008749-003/2024(H5N1)	861	T	G	1	1	27	604	7	30	0.9967	606	0	TRUE	NA:cds-XAJ25418.1	GAT	D	GAG	E	287
NA|PP755591.1|A/cattle/Texas/24-008749-003/2024(H5N1)	862	A	G	1	1	26	604	8	30	0.9967	606	0	TRUE	NA:cds-XAJ25418.1	ATT	I	GTT	V	288
NA|PP755591.1|A/cattle/Texas/24-008749-003/2024(H5N1)	864	T	A	14	9	30	592	1	29	0.975288	607	0	TRUE	NA:cds-XAJ25418.1	ATT	I	ATA	I	288
NA|PP755591.1|A/cattle/Texas/24-008749-003/2024(H5N1)	879	G	A	0	0	0	1063	221	31	0.996251	1067	0	TRUE	NA:cds-XAJ25418.1	AGG	R	AGA	R	293
NA|PP755591.1|A/cattle/Texas/24-008749-003/2024(H5N1)	882	C	T	0	0	0	1066	221	31	0.999063	1067	0	TRUE	NA:cds-XAJ25418.1	GAC	D	GAT	D	294
NA|PP755591.1|A/cattle/Texas/24-008749-003/2024(H5N1)	885	T	C	2	0	30	1064	222	31	0.997188	1067	0	TRUE	NA:cds-XAJ25418.1	AAT	N	AAC	N	295
NA|PP755591.1|A/cattle/Texas/24-008749-003/2024(H5N1)	894	C	T	5	3	30	1106	246	31	0.994604	1112	0	TRUE	NA:cds-XAJ25418.1	GGC	G	GGT	G	298
NA|PP755591.1|A/cattle/Texas/24-008749-003/2024(H5N1)	897	G	A	1	0	30	1108	249	31	0.996403	1112	0	TRUE	NA:cds-XAJ25418.1	TCG	S	TCA	S	299
NA|PP755591.1|A/cattle/Texas/24-008749-003/2024(H5N1)	903	G	A	1	0	30	1109	247	31	0.9982	1111	0	TRUE	NA:cds-XAJ25418.1	CGG	R	CGA	R	301
NA|PP755591.1|A/cattle/Texas/24-008749-003/2024(H5N1)	906	G	A	0	0	0	1108	248	31	0.9973	1111	0	TRUE	NA:cds-XAJ25418.1	CCG	P	CCA	P	302
NA|PP755591.1|A/cattle/Texas/24-008749-003/2024(H5N1)	912	A	G	1	0	30	1160	258	31	0.99742	1163	0	TRUE	NA:cds-XAJ25418.1	GTA	V	GTG	V	304
NA|PP755591.1|A/cattle/Texas/24-008749-003/2024(H5N1)	915	T	C	1	1	60	1161	257	31	0.99828	1163	0	TRUE	NA:cds-XAJ25418.1	TCT	S	TCC	S	305
NA|PP755591.1|A/cattle/Texas/24-008749-003/2024(H5N1)	918	T	C	0	0	0	1162	275	31	0.99914	1163	0	TRUE	NA:cds-XAJ25418.1	TTT	F	TTC	F	306
NA|PP755591.1|A/cattle/Texas/24-008749-003/2024(H5N1)	922	C	A	0	0	0	1216	338	31	0.989422	1229	0	TRUE	NA:cds-XAJ25418.1	CAA	Q	AAA	K	308
NA|PP755591.1|A/cattle/Texas/24-008749-003/2024(H5N1)	933	G	A	0	0	0	2487	1009	32	0.997593	2493	0	TRUE	NA:cds-XAJ25418.1	GAG	E	GAA	E	311
NA|PP755591.1|A/cattle/Texas/24-008749-003/2024(H5N1)	945	A	G	1	0	30	2582	1030	32	0.995374	2594	0	TRUE	NA:cds-XAJ25418.1	GGA	G	GGG	G	315
NA|PP755591.1|A/cattle/Texas/24-008749-003/2024(H5N1)	948	T	C	1	0	30	2592	1044	32	0.999229	2594	0	TRUE	NA:cds-XAJ25418.1	TAT	Y	TAC	Y	316
NA|PP755591.1|A/cattle/Texas/24-008749-003/2024(H5N1)	957	T	C	1	0	30	1992	1044	30	0.996997	1998	0	TRUE	NA:cds-XAJ25418.1	AGT	S	AGC	S	319
NA|PP755591.1|A/cattle/Texas/24-008749-003/2024(H5N1)	960	G	A	1	0	30	1995	1043	30	0.998998	1997	0	TRUE	NA:cds-XAJ25418.1	GGG	G	GGA	G	320
NA|PP755591.1|A/cattle/Texas/24-008749-003/2024(H5N1)	961	A	G	1	0	30	1996	1044	30	0.999499	1997	0	TRUE	NA:cds-XAJ25418.1	ATT	I	GTT	V	321
NA|PP755591.1|A/cattle/Texas/24-008749-003/2024(H5N1)	966	C	T	0	0	0	2038	1093	30	0.99902	2040	0	TRUE	NA:cds-XAJ25418.1	TTC	F	TTT	F	322
NA|PP755591.1|A/cattle/Texas/24-008749-003/2024(H5N1)	969	G	A	7	2	30	2035	1111	30	0.996084	2043	0	TRUE	NA:cds-XAJ25418.1	GGG	G	GGA	G	323
NA|PP755591.1|A/cattle/Texas/24-008749-003/2024(H5N1)	975	T	C	1	1	30	2193	1246	31	0.997271	2199	0	TRUE	NA:cds-XAJ25418.1	AAT	N	AAC	N	325
NA|PP755591.1|A/cattle/Texas/24-008749-003/2024(H5N1)	978	C	G	5	4	29	2193	1254	31	0.996818	2200	0	TRUE	NA:cds-XAJ25418.1	CCC	P	CCG	P	326
NA|PP755591.1|A/cattle/Texas/24-008749-003/2024(H5N1)	986	A	G	2	0	29	3248	1715	32	0.997237	3257	0	TRUE	NA:cds-XAJ25418.1	AAT	N	AGT	S	329
NA|PP755591.1|A/cattle/Texas/24-008749-003/2024(H5N1)	1005	C	T	5	2	30	3361	1672	31	0.997329	3370	0	TRUE	NA:cds-XAJ25418.1	TGC	C	TGT	C	335
NA|PP755591.1|A/cattle/Texas/24-008749-003/2024(H5N1)	1006	A	G	2	0	30	3353	1664	31	0.994955	3370	0	TRUE	NA:cds-XAJ25418.1	AGT	S	GGT	G	336
NA|PP755591.1|A/cattle/Texas/24-008749-003/2024(H5N1)	1012	A	G	0	0	0	3499	1684	31	0.998003	3506	0	TRUE	NA:cds-XAJ25418.1	ATG	M	GTG	V	338
NA|PP755591.1|A/cattle/Texas/24-008749-003/2024(H5N1)	1015	C	T	2	1	30	3513	1701	31	0.998579	3518	0	TRUE	NA:cds-XAJ25418.1	CCC	P	TCC	S	339
NA|PP755591.1|A/cattle/Texas/24-008749-003/2024(H5N1)	1035	G	A	6	5	30	3570	1539	31	0.994983	3588	0	TRUE	NA:cds-XAJ25418.1	GGG	G	GGA	G	345
NA|PP755591.1|A/cattle/Texas/24-008749-003/2024(H5N1)	1038	A	G	2	1	45	3554	1541	31	0.997474	3563	0	TRUE	NA:cds-XAJ25418.1	GTA	V	GTG	V	346
NA|PP755591.1|A/cattle/Texas/24-008749-003/2024(H5N1)	1041	A	G	0	0	0	3552	1547	31	0.996913	3563	0	TRUE	NA:cds-XAJ25418.1	AAA	K	AAG	K	347
NA|PP755591.1|A/cattle/Texas/24-008749-003/2024(H5N1)	1044	G	A	2	0	30	3554	1550	31	0.998315	3560	0	TRUE	NA:cds-XAJ25418.1	GGG	G	GGA	G	348
NA|PP755591.1|A/cattle/Texas/24-008749-003/2024(H5N1)	1056	G	A	0	0	0	3673	1718	31	0.995933	3688	0	TRUE	NA:cds-XAJ25418.1	AAG	K	AAA	K	352
NA|PP755591.1|A/cattle/Texas/24-008749-003/2024(H5N1)	1068	G	T	1	1	30	3817	1901	32	0.997126	3828	0	TRUE	NA:cds-XAJ25418.1	GGG	G	GGT	G	356
NA|PP755591.1|A/cattle/Texas/24-008749-003/2024(H5N1)	1077	C	A	0	0	0	3790	1848	32	0.995796	3806	0	TRUE	NA:cds-XAJ25418.1	ATC	I	ATA	I	359
NA|PP755591.1|A/cattle/Texas/24-008749-003/2024(H5N1)	1086	A	T	4	3	30	3375	1793	32	0.998521	3380	0	TRUE	NA:cds-XAJ25418.1	ACA	T	ACT	T	362
NA|PP755591.1|A/cattle/Texas/24-008749-003/2024(H5N1)	1092	C	T	0	0	0	3296	1732	32	0.996975	3306	0	TRUE	NA:cds-XAJ25418.1	AGC	S	AGT	S	364
NA|PP755591.1|A/cattle/Texas/24-008749-003/2024(H5N1)	1098	T	C	0	0	0	2612	1254	31	0.998471	2616	0	TRUE	NA:cds-XAJ25418.1	AGT	S	AGC	S	366
NA|PP755591.1|A/cattle/Texas/24-008749-003/2024(H5N1)	1101	C	A	6	0	30	2601	1248	31	0.995789	2612	0	TRUE	NA:cds-XAJ25418.1	TCC	S	TCA	S	367
NA|PP755591.1|A/cattle/Texas/24-008749-003/2024(H5N1)	1104	A	G	0	0	0	2609	1251	31	0.998851	2612	0	TRUE	NA:cds-XAJ25418.1	AGA	R	AGG	R	368
NA|PP755591.1|A/cattle/Texas/24-008749-003/2024(H5N1)	1107	C	T	2	2	30	2604	1248	31	0.996937	2612	0	TRUE	NA:cds-XAJ25418.1	AGC	S	AGT	S	369
NA|PP755591.1|A/cattle/Texas/24-008749-003/2024(H5N1)	1110	C	G	0	0	0	2610	1252	31	0.998852	2613	0	TRUE	NA:cds-XAJ25418.1	GGC	G	GGG	G	370
NA|PP755591.1|A/cattle/Texas/24-008749-003/2024(H5N1)	1122	T	C	1	1	30	3332	1667	32	0.996411	3344	0	TRUE	NA:cds-XAJ25418.1	ATT	I	ATC	I	374
NA|PP755591.1|A/cattle/Texas/24-008749-003/2024(H5N1)	1131	G	T	0	0	0	3308	1641	32	0.99399	3328	0	TRUE	NA:cds-XAJ25418.1	CCG	P	CCT	P	377
NA|PP755591.1|A/cattle/Texas/24-008749-003/2024(H5N1)	1143	T	G	4	3	30	3273	1663	32	0.997562	3281	0	TRUE	NA:cds-XAJ25418.1	ACT	T	ACG	T	381
NA|PP755591.1|A/cattle/Texas/24-008749-003/2024(H5N1)	1149	G	A	3	2	30	3076	1574	31	0.995792	3089	0	TRUE	NA:cds-XAJ25418.1	ACG	T	ACA	T	383
NA|PP755591.1|A/cattle/Texas/24-008749-003/2024(H5N1)	1155	T	C	0	0	0	2836	1503	31	0.999295	2838	0	TRUE	NA:cds-XAJ25418.1	AGT	S	AGC	S	385
NA|PP755591.1|A/cattle/Texas/24-008749-003/2024(H5N1)	1161	C	T	0	0	0	2374	1448	30	0.997898	2379	0	TRUE	NA:cds-XAJ25418.1	TTC	F	TTT	F	387
NA|PP755591.1|A/cattle/Texas/24-008749-003/2024(H5N1)	1164	A	T	15	12	29	2366	1473	30	0.993283	2382	0	TRUE	NA:cds-XAJ25418.1	TCA	S	TCT	S	388
NA|PP755591.1|A/cattle/Texas/24-008749-003/2024(H5N1)	1167	G	A	0	0	0	2377	1484	30	0.998739	2380	0	TRUE	NA:cds-XAJ25418.1	GTG	V	GTA	V	389
NA|PP755591.1|A/cattle/Texas/24-008749-003/2024(H5N1)	1176	C	T	0	0	0	2875	1786	30	0.987973	2910	0	TRUE	NA:cds-XAJ25418.1	GAC	D	GAT	D	392
NA|PP755591.1|A/cattle/Texas/24-008749-003/2024(H5N1)	1176	C	A	0	0	0	34	33	30	0.0116838	2910	2.53309e-77	TRUE	NA:cds-XAJ25418.1	GAC	D	GAA	E	392
NA|PP755591.1|A/cattle/Texas/24-008749-003/2024(H5N1)	1184	A	C	3	0	29	2918	1813	30	0.998631	2922	0	TRUE	NA:cds-XAJ25418.1	GAA	E	GCA	A	395
NA|PP755591.1|A/cattle/Texas/24-008749-003/2024(H5N1)	1191	T	G	5	5	28	2905	1752	30	0.994182	2922	0	TRUE	NA:cds-XAJ25418.1	ACT	T	ACG	T	397
NA|PP755591.1|A/cattle/Texas/24-008749-003/2024(H5N1)	1209	T	C	0	0	0	2520	1293	30	0.99723	2527	0	TRUE	NA:cds-XAJ25418.1	AGT	S	AGC	S	403
NA|PP755591.1|A/cattle/Texas/24-008749-003/2024(H5N1)	1212	G	A	2	1	30	2523	1293	30	0.998417	2527	0	TRUE	NA:cds-XAJ25418.1	GGG	G	GGA	G	404
NA|PP755591.1|A/cattle/Texas/24-008749-003/2024(H5N1)	1221	C	T	3	1	50	2594	1395	30	0.996925	2602	0	TRUE	NA:cds-XAJ25418.1	GTC	V	GTT	V	407
NA|PP755591.1|A/cattle/Texas/24-008749-003/2024(H5N1)	1239	A	G	1	1	60	2439	1505	31	0.998363	2443	0	TRUE	NA:cds-XAJ25418.1	ACA	T	ACG	T	413
NA|PP755591.1|A/cattle/Texas/24-008749-003/2024(H5N1)	1242	A	G	0	0	0	2490	1525	31	0.999197	2492	0	TRUE	NA:cds-XAJ25418.1	GGA	G	GGG	G	414
NA|PP755591.1|A/cattle/Texas/24-008749-003/2024(H5N1)	1245	A	G	3	0	30	2535	1594	32	0.994508	2549	0	TRUE	NA:cds-XAJ25418.1	TTA	L	TTG	L	415
NA|PP755591.1|A/cattle/Texas/24-008749-003/2024(H5N1)	1261	T	A	3199	2492	34	37	37	29	0.0113951	3247	0.29349	FALSE	NA:cds-XAJ25418.1	TGT	C	AGT	S	421
NA|PP755591.1|A/cattle/Texas/24-008749-003/2024(H5N1)	1263	T	C	4	2	32	3189	2531	34	0.99253	3213	0	TRUE	NA:cds-XAJ25418.1	TGT	C	TGC	C	421
NA|PP755591.1|A/cattle/Texas/24-008749-003/2024(H5N1)	1278	A	G	0	0	0	2766	2314	33	0.993891	2783	0	TRUE	NA:cds-XAJ25418.1	CTA	L	CTG	L	426
NA|PP755591.1|A/cattle/Texas/24-008749-003/2024(H5N1)	1281	T	C	2	1	29	2776	2331	33	0.994269	2792	0	TRUE	NA:cds-XAJ25418.1	ATT	I	ATC	I	427
NA|PP755591.1|A/cattle/Texas/24-008749-003/2024(H5N1)	1287	G	A	0	0	0	2800	2359	33	0.998217	2805	0	TRUE	NA:cds-XAJ25418.1	GGG	G	GGA	G	429
NA|PP755591.1|A/cattle/Texas/24-008749-003/2024(H5N1)	1290	G	A	16	13	39	2787	2381	33	0.992521	2808	0	TRUE	NA:cds-XAJ25418.1	AGG	R	AGA	R	430
NA|PP755591.1|A/cattle/Texas/24-008749-003/2024(H5N1)	1302	T	C	1	1	30	3222	2905	35	0.997214	3231	0	TRUE	NA:cds-XAJ25418.1	AAT	N	AAC	N	434
NA|PP755591.1|A/cattle/Texas/24-008749-003/2024(H5N1)	1305	A	G	1	1	30	3221	2900	35	0.996597	3232	0	TRUE	NA:cds-XAJ25418.1	ACA	T	ACG	T	435
NA|PP755591.1|A/cattle/Texas/24-008749-003/2024(H5N1)	1314	T	C	2	2	30	3053	2796	35	0.997712	3060	0	TRUE	NA:cds-XAJ25418.1	ACT	T	ACC	T	438
NA|PP755591.1|A/cattle/Texas/24-008749-003/2024(H5N1)	1317	C	T	0	0	0	3044	2784	35	0.993797	3063	0	TRUE	NA:cds-XAJ25418.1	AGC	S	AGT	S	439
NA|PP755591.1|A/cattle/Texas/24-008749-003/2024(H5N1)	1320	G	A	0	0	0	3057	2799	35	0.998041	3063	0	TRUE	NA:cds-XAJ25418.1	GGG	G	GGA	G	440
NA|PP755591.1|A/cattle/Texas/24-008749-003/2024(H5N1)	1329	A	T	2	1	27	3163	2909	35	0.996848	3173	0	TRUE	NA:cds-XAJ25418.1	ATA	I	ATT	I	443
NA|PP755591.1|A/cattle/Texas/24-008749-003/2024(H5N1)	1332	C	T	2	2	30	3167	2911	35	0.997795	3174	0	TRUE	NA:cds-XAJ25418.1	TCC	S	TCT	S	444
NA|PP755591.1|A/cattle/Texas/24-008749-003/2024(H5N1)	1341	T	A	2	2	30	3189	2943	35	0.997498	3197	0	TRUE	NA:cds-XAJ25418.1	GGT	G	GGA	G	447
NA|PP755591.1|A/cattle/Texas/24-008749-003/2024(H5N1)	1350	T	C	4	4	30	3150	3017	32	0.997151	3159	0	TRUE	NA:cds-XAJ25418.1	AGT	S	AGC	S	450
NA|PP755591.1|A/cattle/Texas/24-008749-003/2024(H5N1)	1366	T	A	2987	2852	32	38	38	29	0.0125206	3035	0.191122	FALSE	NA:cds-XAJ25418.1	TCT	S	ACT	T	456
