REGION	POS	REF	ALT	REF_DP	REF_RV	REF_QUAL	ALT_DP	ALT_RV	ALT_QUAL	ALT_FREQ	TOTAL_DP	PVAL	PASS	GFF_FEATURE	REF_CODON	REF_AA	ALT_CODON	ALT_AA	POS_AA
PB1|PP755595.1|A/cattle/Texas/24-008749-003/2024(H5N1)	6	T	C	96	39	41	1	0	38	0.0103093	97	0.186538	FALSE	PB1:cds-XAJ25424.1	GAT	D	GAC	D	2
PB1|PP755595.1|A/cattle/Texas/24-008749-003/2024(H5N1)	18	C	T	0	0	0	138	62	41	1	138	2.1724e-142	TRUE	PB1:cds-XAJ25424.1	ACC	T	ACT	T	6
PB1|PP755595.1|A/cattle/Texas/24-008749-003/2024(H5N1)	30	G	-AAAGTTCCAGCGC	166	76	46	8	0	20	0.0151229	529	0.00493583	TRUE	NA	NA	NA	NA	NA	NA
PB1|PP755595.1|A/cattle/Texas/24-008749-003/2024(H5N1)	31	A	G	161	76	46	2	1	37	0.0122699	163	0.0552228	FALSE	PB1:cds-XAJ25424.1	AAA	K	GAA	E	11
PB1|PP755595.1|A/cattle/Texas/24-008749-003/2024(H5N1)	33	A	G	164	76	46	2	1	38	0.0120482	166	0.0567868	FALSE	PB1:cds-XAJ25424.1	AAA	K	AAG	K	11
PB1|PP755595.1|A/cattle/Texas/24-008749-003/2024(H5N1)	36	T	C	167	74	47	2	1	38	0.0118343	169	0.0564016	FALSE	PB1:cds-XAJ25424.1	GTT	V	GTC	V	12
PB1|PP755595.1|A/cattle/Texas/24-008749-003/2024(H5N1)	91	A	G	330	152	51	5	2	39	0.0149254	335	0.00290574	TRUE	PB1:cds-XAJ25424.1	AGC	S	GGC	G	31
PB1|PP755595.1|A/cattle/Texas/24-008749-003/2024(H5N1)	129	T	C	0	0	0	409	168	52	1	409	0	TRUE	PB1:cds-XAJ25424.1	GTT	V	GTC	V	43
PB1|PP755595.1|A/cattle/Texas/24-008749-003/2024(H5N1)	129	T	C	0	0	0	409	168	52	1	409	0	TRUE	PB1-F2:cds-XAJ25425.1	TTA	L	TCA	S	12
PB1|PP755595.1|A/cattle/Texas/24-008749-003/2024(H5N1)	183	C	T	1	1	66	323	141	57	0.996914	324	3.16608e-260	TRUE	PB1:cds-XAJ25424.1	ACC	T	ACT	T	61
PB1|PP755595.1|A/cattle/Texas/24-008749-003/2024(H5N1)	183	C	T	1	1	66	323	141	57	0.996914	324	3.16608e-260	TRUE	PB1-F2:cds-XAJ25425.1	CCG	P	CTG	L	30
PB1|PP755595.1|A/cattle/Texas/24-008749-003/2024(H5N1)	186	G	A	0	0	0	318	140	58	1	318	2.13811e-260	TRUE	PB1:cds-XAJ25424.1	GGG	G	GGA	G	62
PB1|PP755595.1|A/cattle/Texas/24-008749-003/2024(H5N1)	186	G	A	0	0	0	318	140	58	1	318	2.13811e-260	TRUE	PB1-F2:cds-XAJ25425.1	GGG	G	GAG	E	31
PB1|PP755595.1|A/cattle/Texas/24-008749-003/2024(H5N1)	216	A	T	0	0	0	280	121	64	0.992908	282	5.25394e-228	TRUE	PB1:cds-XAJ25424.1	CCA	P	CCT	P	72
PB1|PP755595.1|A/cattle/Texas/24-008749-003/2024(H5N1)	216	A	T	0	0	0	280	121	64	0.992908	282	5.25394e-228	TRUE	PB1-F2:cds-XAJ25425.1	CAT	H	CTT	L	41
PB1|PP755595.1|A/cattle/Texas/24-008749-003/2024(H5N1)	225	T	G	0	0	0	280	131	66	1	280	5.25394e-228	TRUE	PB1:cds-XAJ25424.1	GAT	D	GAG	E	75
PB1|PP755595.1|A/cattle/Texas/24-008749-003/2024(H5N1)	225	T	G	0	0	0	280	131	66	1	280	5.25394e-228	TRUE	PB1-F2:cds-XAJ25425.1	ATG	M	AGG	R	44
PB1|PP755595.1|A/cattle/Texas/24-008749-003/2024(H5N1)	261	C	T	1	0	25	280	134	65	0.996441	281	1.27701e-219	TRUE	PB1:cds-XAJ25424.1	TGC	C	TGT	C	87
PB1|PP755595.1|A/cattle/Texas/24-008749-003/2024(H5N1)	261	C	T	1	0	25	280	134	65	0.996441	281	1.27701e-219	TRUE	PB1-F2:cds-XAJ25425.1	GCG	A	GTG	V	56
PB1|PP755595.1|A/cattle/Texas/24-008749-003/2024(H5N1)	291	A	G	1	0	50	274	126	65	0.996364	275	8.67457e-216	TRUE	PB1:cds-XAJ25424.1	GAA	E	GAG	E	97
PB1|PP755595.1|A/cattle/Texas/24-008749-003/2024(H5N1)	291	A	G	1	0	50	274	126	65	0.996364	275	8.67457e-216	TRUE	PB1-F2:cds-XAJ25425.1	AAT	N	AGT	S	66
PB1|PP755595.1|A/cattle/Texas/24-008749-003/2024(H5N1)	297	T	C	1	1	78	284	130	63	0.996491	285	3.27451e-221	TRUE	PB1:cds-XAJ25424.1	CAT	H	CAC	H	99
PB1|PP755595.1|A/cattle/Texas/24-008749-003/2024(H5N1)	297	T	C	1	1	78	284	130	63	0.996491	285	3.27451e-221	TRUE	PB1-F2:cds-XAJ25425.1	ATC	I	ACC	T	68
PB1|PP755595.1|A/cattle/Texas/24-008749-003/2024(H5N1)	459	C	T	0	0	0	225	115	64	1	225	3.21032e-176	TRUE	PB1:cds-XAJ25424.1	AAC	N	AAT	N	153
PB1|PP755595.1|A/cattle/Texas/24-008749-003/2024(H5N1)	492	A	T	0	0	0	228	106	60	0.995633	229	3.8551e-174	TRUE	PB1:cds-XAJ25424.1	ATA	I	ATT	I	164
PB1|PP755595.1|A/cattle/Texas/24-008749-003/2024(H5N1)	498	C	T	0	0	0	213	103	61	1	213	4.74454e-162	TRUE	PB1:cds-XAJ25424.1	TTC	F	TTT	F	166
PB1|PP755595.1|A/cattle/Texas/24-008749-003/2024(H5N1)	511	G	A	0	0	0	207	108	60	1	207	7.44668e-162	TRUE	PB1:cds-XAJ25424.1	GTG	V	ATG	M	171
PB1|PP755595.1|A/cattle/Texas/24-008749-003/2024(H5N1)	519	A	G	193	99	63	6	5	56	0.0301508	199	0.00241364	TRUE	PB1:cds-XAJ25424.1	TCA	S	TCG	S	173
PB1|PP755595.1|A/cattle/Texas/24-008749-003/2024(H5N1)	524	A	G	195	101	63	2	1	39	0.0101523	197	0.134148	FALSE	PB1:cds-XAJ25424.1	GAT	D	GGT	G	175
PB1|PP755595.1|A/cattle/Texas/24-008749-003/2024(H5N1)	549	G	A	0	0	0	194	100	63	1	194	2.98209e-151	TRUE	PB1:cds-XAJ25424.1	ACG	T	ACA	T	183
PB1|PP755595.1|A/cattle/Texas/24-008749-003/2024(H5N1)	561	G	A	0	0	0	189	104	64	1	189	2.87267e-148	TRUE	PB1:cds-XAJ25424.1	AGG	R	AGA	R	187
PB1|PP755595.1|A/cattle/Texas/24-008749-003/2024(H5N1)	607	C	A	0	0	0	202	109	63	0.995074	203	1.76508e-158	TRUE	PB1:cds-XAJ25424.1	CGG	R	AGG	R	203
PB1|PP755595.1|A/cattle/Texas/24-008749-003/2024(H5N1)	612	G	A	1	1	75	212	104	63	0.995305	213	2.62432e-162	TRUE	PB1:cds-XAJ25424.1	ACG	T	ACA	T	204
PB1|PP755595.1|A/cattle/Texas/24-008749-003/2024(H5N1)	633	G	A	0	0	0	203	100	64	1	203	9.98084e-159	TRUE	PB1:cds-XAJ25424.1	AGG	R	AGA	R	211
PB1|PP755595.1|A/cattle/Texas/24-008749-003/2024(H5N1)	693	C	T	0	0	0	200	103	63	1	200	4.85475e-156	TRUE	PB1:cds-XAJ25424.1	GCC	A	GCT	A	231
PB1|PP755595.1|A/cattle/Texas/24-008749-003/2024(H5N1)	735	A	G	2	1	54	209	109	62	0.990521	211	1.47189e-159	TRUE	PB1:cds-XAJ25424.1	GGA	G	GGG	G	245
PB1|PP755595.1|A/cattle/Texas/24-008749-003/2024(H5N1)	798	T	C	0	0	0	216	113	65	1	216	1.12101e-170	TRUE	PB1:cds-XAJ25424.1	CTT	L	CTC	L	266
PB1|PP755595.1|A/cattle/Texas/24-008749-003/2024(H5N1)	840	C	T	1	0	78	222	116	65	0.995516	223	2.38779e-172	TRUE	PB1:cds-XAJ25424.1	GCC	A	GCT	A	280
PB1|PP755595.1|A/cattle/Texas/24-008749-003/2024(H5N1)	855	T	C	0	0	0	212	116	64	1	212	5.24231e-166	TRUE	PB1:cds-XAJ25424.1	GTT	V	GTC	V	285
PB1|PP755595.1|A/cattle/Texas/24-008749-003/2024(H5N1)	921	T	C	0	0	0	204	104	61	1	204	5.58262e-156	TRUE	PB1:cds-XAJ25424.1	ACT	T	ACC	T	307
PB1|PP755595.1|A/cattle/Texas/24-008749-003/2024(H5N1)	936	C	T	0	0	0	202	106	63	1	202	1.05893e-157	TRUE	PB1:cds-XAJ25424.1	AAC	N	AAT	N	312
PB1|PP755595.1|A/cattle/Texas/24-008749-003/2024(H5N1)	1005	T	C	0	0	0	205	106	61	1	205	1.27859e-157	TRUE	PB1:cds-XAJ25424.1	AAT	N	AAC	N	335
PB1|PP755595.1|A/cattle/Texas/24-008749-003/2024(H5N1)	1008	A	C	0	0	0	217	110	61	1	217	5.31746e-168	TRUE	PB1:cds-XAJ25424.1	GTA	V	GTC	V	336
PB1|PP755595.1|A/cattle/Texas/24-008749-003/2024(H5N1)	1038	C	T	1	1	77	201	96	64	0.99505	202	8.68475e-153	TRUE	PB1:cds-XAJ25424.1	AAC	N	AAT	N	346
PB1|PP755595.1|A/cattle/Texas/24-008749-003/2024(H5N1)	1122	G	A	0	0	0	218	104	65	1	218	3.49552e-171	TRUE	PB1:cds-XAJ25424.1	GCG	A	GCA	A	374
PB1|PP755595.1|A/cattle/Texas/24-008749-003/2024(H5N1)	1128	T	C	0	0	0	212	107	62	1	212	3.03981e-163	TRUE	PB1:cds-XAJ25424.1	ATT	I	ATC	I	376
PB1|PP755595.1|A/cattle/Texas/24-008749-003/2024(H5N1)	1131	T	C	0	0	0	223	110	60	1	223	3.40237e-172	TRUE	PB1:cds-XAJ25424.1	GAT	D	GAC	D	377
PB1|PP755595.1|A/cattle/Texas/24-008749-003/2024(H5N1)	1137	A	G	0	0	0	224	110	64	1	224	1.31292e-174	TRUE	PB1:cds-XAJ25424.1	AAA	K	AAG	K	379
PB1|PP755595.1|A/cattle/Texas/24-008749-003/2024(H5N1)	1157	G	A	0	0	0	225	115	64	1	225	1.23467e-175	TRUE	PB1:cds-XAJ25424.1	AGG	R	AAG	K	386
PB1|PP755595.1|A/cattle/Texas/24-008749-003/2024(H5N1)	1158	G	A	0	0	0	228	117	65	1	228	1.53808e-177	TRUE	PB1:cds-XAJ25424.1	AGG	R	AGA	R	386
PB1|PP755595.1|A/cattle/Texas/24-008749-003/2024(H5N1)	1255	C	T	0	0	0	231	110	62	0.99569	232	1.27988e-180	TRUE	PB1:cds-XAJ25424.1	CTG	L	TTG	L	419
PB1|PP755595.1|A/cattle/Texas/24-008749-003/2024(H5N1)	1270	C	T	0	0	0	230	114	61	1	230	5.21234e-176	TRUE	PB1:cds-XAJ25424.1	CTA	L	TTA	L	424
PB1|PP755595.1|A/cattle/Texas/24-008749-003/2024(H5N1)	1289	A	G	0	0	0	231	120	62	1	231	2.99079e-178	TRUE	PB1:cds-XAJ25424.1	AAG	K	AGG	R	430
PB1|PP755595.1|A/cattle/Texas/24-008749-003/2024(H5N1)	1302	A	G	0	0	0	240	131	61	1	240	1.64501e-187	TRUE	PB1:cds-XAJ25424.1	ACA	T	ACG	T	434
PB1|PP755595.1|A/cattle/Texas/24-008749-003/2024(H5N1)	1329	T	C	0	0	0	234	116	62	1	234	3.12931e-185	TRUE	PB1:cds-XAJ25424.1	TCT	S	TCC	S	443
PB1|PP755595.1|A/cattle/Texas/24-008749-003/2024(H5N1)	1350	C	A	0	0	0	230	119	64	1	230	1.35886e-179	TRUE	PB1:cds-XAJ25424.1	ATC	I	ATA	I	450
PB1|PP755595.1|A/cattle/Texas/24-008749-003/2024(H5N1)	1362	A	G	0	0	0	226	121	64	1	226	1.16271e-176	TRUE	PB1:cds-XAJ25424.1	CCA	P	CCG	P	454
PB1|PP755595.1|A/cattle/Texas/24-008749-003/2024(H5N1)	1386	A	G	1	0	33	519	222	56	0.998077	520	0	TRUE	PB1:cds-XAJ25424.1	GGA	G	GGG	G	462
PB1|PP755595.1|A/cattle/Texas/24-008749-003/2024(H5N1)	1419	A	C	0	0	0	703	286	65	0.99858	704	0	TRUE	PB1:cds-XAJ25424.1	GTA	V	GTC	V	473
PB1|PP755595.1|A/cattle/Texas/24-008749-003/2024(H5N1)	1428	T	C	0	0	0	772	322	67	1	772	0	TRUE	PB1:cds-XAJ25424.1	AAT	N	AAC	N	476
PB1|PP755595.1|A/cattle/Texas/24-008749-003/2024(H5N1)	1446	A	C	0	0	0	824	362	68	0.998788	825	0	TRUE	PB1:cds-XAJ25424.1	TCA	S	TCC	S	482
PB1|PP755595.1|A/cattle/Texas/24-008749-003/2024(H5N1)	1461	A	G	0	0	0	905	377	65	1	905	0	TRUE	PB1:cds-XAJ25424.1	ACA	T	ACG	T	487
PB1|PP755595.1|A/cattle/Texas/24-008749-003/2024(H5N1)	1464	A	G	1	0	38	907	385	66	0.998899	908	0	TRUE	PB1:cds-XAJ25424.1	GGA	G	GGG	G	488
PB1|PP755595.1|A/cattle/Texas/24-008749-003/2024(H5N1)	1491	T	C	0	0	0	923	412	68	1	923	0	TRUE	PB1:cds-XAJ25424.1	TAT	Y	TAC	Y	497
PB1|PP755595.1|A/cattle/Texas/24-008749-003/2024(H5N1)	1512	T	C	0	0	0	957	435	68	1	957	0	TRUE	PB1:cds-XAJ25424.1	AAT	N	AAC	N	504
PB1|PP755595.1|A/cattle/Texas/24-008749-003/2024(H5N1)	1542	T	G	0	0	0	1060	452	66	1	1060	0	TRUE	PB1:cds-XAJ25424.1	GTT	V	GTG	V	514
PB1|PP755595.1|A/cattle/Texas/24-008749-003/2024(H5N1)	1563	A	G	0	0	0	1091	475	66	1	1091	0	TRUE	PB1:cds-XAJ25424.1	GCA	A	GCG	A	521
PB1|PP755595.1|A/cattle/Texas/24-008749-003/2024(H5N1)	1572	C	T	0	0	0	1136	508	65	1	1136	0	TRUE	PB1:cds-XAJ25424.1	AGC	S	AGT	S	524
PB1|PP755595.1|A/cattle/Texas/24-008749-003/2024(H5N1)	1641	T	A	0	0	0	1172	582	64	1	1172	0	TRUE	PB1:cds-XAJ25424.1	GCT	A	GCA	A	547
PB1|PP755595.1|A/cattle/Texas/24-008749-003/2024(H5N1)	1650	A	G	0	0	0	1152	562	64	1	1152	0	TRUE	PB1:cds-XAJ25424.1	CTA	L	CTG	L	550
PB1|PP755595.1|A/cattle/Texas/24-008749-003/2024(H5N1)	1722	C	T	1	0	42	1256	636	66	0.999204	1257	0	TRUE	PB1:cds-XAJ25424.1	TTC	F	TTT	F	574
PB1|PP755595.1|A/cattle/Texas/24-008749-003/2024(H5N1)	1731	A	G	2	0	36	1245	643	66	0.998396	1247	0	TRUE	PB1:cds-XAJ25424.1	AAA	K	AAG	K	577
PB1|PP755595.1|A/cattle/Texas/24-008749-003/2024(H5N1)	1759	C	G	0	0	0	1510	728	63	1	1510	0	TRUE	PB1:cds-XAJ25424.1	CCA	P	GCA	A	587
PB1|PP755595.1|A/cattle/Texas/24-008749-003/2024(H5N1)	1773	C	T	1	0	78	1723	840	65	0.99942	1724	0	TRUE	PB1:cds-XAJ25424.1	GTC	V	GTT	V	591
PB1|PP755595.1|A/cattle/Texas/24-008749-003/2024(H5N1)	1785	G	A	6	3	71	1726	877	64	0.996536	1732	0	TRUE	PB1:cds-XAJ25424.1	GGG	G	GGA	G	595
PB1|PP755595.1|A/cattle/Texas/24-008749-003/2024(H5N1)	1792	C	T	0	0	0	1891	948	64	0.999471	1892	0	TRUE	PB1:cds-XAJ25424.1	CTA	L	TTA	L	598
PB1|PP755595.1|A/cattle/Texas/24-008749-003/2024(H5N1)	1806	A	G	2	2	50	1897	958	64	0.998947	1899	0	TRUE	PB1:cds-XAJ25424.1	CGA	R	CGG	R	602
PB1|PP755595.1|A/cattle/Texas/24-008749-003/2024(H5N1)	1809	T	C	3	2	74	1904	964	63	0.998427	1907	0	TRUE	PB1:cds-XAJ25424.1	AAT	N	AAC	N	603
PB1|PP755595.1|A/cattle/Texas/24-008749-003/2024(H5N1)	1830	C	T	2	1	78	2086	1088	65	0.998564	2089	0	TRUE	PB1:cds-XAJ25424.1	TGC	C	TGT	C	610
PB1|PP755595.1|A/cattle/Texas/24-008749-003/2024(H5N1)	1851	C	T	1	0	59	2106	1070	65	0.998578	2109	0	TRUE	PB1:cds-XAJ25424.1	GAC	D	GAT	D	617
PB1|PP755595.1|A/cattle/Texas/24-008749-003/2024(H5N1)	1853	A	G	1	1	28	2106	1075	64	0.999525	2107	0	TRUE	PB1:cds-XAJ25424.1	GAA	E	GGA	G	618
PB1|PP755595.1|A/cattle/Texas/24-008749-003/2024(H5N1)	1875	T	C	3	3	75	2309	1127	65	0.998271	2313	0	TRUE	PB1:cds-XAJ25424.1	TGT	C	TGC	C	625
PB1|PP755595.1|A/cattle/Texas/24-008749-003/2024(H5N1)	1887	T	C	1	1	71	2299	1084	65	0.999565	2300	0	TRUE	PB1:cds-XAJ25424.1	AAT	N	AAC	N	629
PB1|PP755595.1|A/cattle/Texas/24-008749-003/2024(H5N1)	1896	A	C	0	0	0	2302	1108	65	1	2302	0	TRUE	PB1:cds-XAJ25424.1	GTA	V	GTC	V	632
PB1|PP755595.1|A/cattle/Texas/24-008749-003/2024(H5N1)	1956	T	C	0	0	0	2676	1199	63	0.999626	2677	0	TRUE	PB1:cds-XAJ25424.1	GCT	A	GCC	A	652
PB1|PP755595.1|A/cattle/Texas/24-008749-003/2024(H5N1)	1992	C	T	2	1	53	2793	1217	65	0.999284	2795	0	TRUE	PB1:cds-XAJ25424.1	CAC	H	CAT	H	664
PB1|PP755595.1|A/cattle/Texas/24-008749-003/2024(H5N1)	2019	T	C	1	0	71	2884	1344	65	0.999653	2885	0	TRUE	PB1:cds-XAJ25424.1	TCT	S	TCC	S	673
PB1|PP755595.1|A/cattle/Texas/24-008749-003/2024(H5N1)	2025	T	C	0	0	0	3019	1397	65	1	3019	0	TRUE	PB1:cds-XAJ25424.1	CTT	L	CTC	L	675
PB1|PP755595.1|A/cattle/Texas/24-008749-003/2024(H5N1)	2085	A	G	0	0	0	3153	1671	71	1	3153	0	TRUE	PB1:cds-XAJ25424.1	CTA	L	CTG	L	695
PB1|PP755595.1|A/cattle/Texas/24-008749-003/2024(H5N1)	2178	A	G	21	14	69	2728	1526	66	0.992361	2749	0	TRUE	PB1:cds-XAJ25424.1	GCA	A	GCG	A	726
PB1|PP755595.1|A/cattle/Texas/24-008749-003/2024(H5N1)	2187	C	T	1	1	38	2738	1550	66	0.999635	2739	0	TRUE	PB1:cds-XAJ25424.1	GAC	D	GAT	D	729
PB1|PP755595.1|A/cattle/Texas/24-008749-003/2024(H5N1)	2200	C	A	0	0	0	2682	1562	66	0.998139	2687	0	TRUE	PB1:cds-XAJ25424.1	CGG	R	AGG	R	734
PB1|PP755595.1|A/cattle/Texas/24-008749-003/2024(H5N1)	2268	G	A	1	1	36	1118	639	34	0.999106	1119	0	TRUE	PB1:cds-XAJ25424.1	CAG	Q	CAA	Q	756
