REGION	POS	REF	ALT	REF_DP	REF_RV	REF_QUAL	ALT_DP	ALT_RV	ALT_QUAL	ALT_FREQ	TOTAL_DP	PVAL	PASS	GFF_FEATURE	REF_CODON	REF_AA	ALT_CODON	ALT_AA	POS_AA
PA|PP755594.1|A/cattle/Texas/24-008749-003/2024(H5N1)	25	T	C	157	25	36	2	0	37	0.0125786	159	0.0189793	FALSE	PA:cds-XAJ25422.1	TTC	F	CTC	L	9
PA|PP755594.1|A/cattle/Texas/24-008749-003/2024(H5N1)	25	T	C	157	25	36	2	0	37	0.0125786	159	0.0189793	FALSE	PA-X:cds-XAJ25423.1	TTC	F	CTC	L	9
PA|PP755594.1|A/cattle/Texas/24-008749-003/2024(H5N1)	39	T	C	0	0	0	211	32	36	1	211	9.92694e-244	TRUE	PA:cds-XAJ25422.1	ATT	I	ATC	I	13
PA|PP755594.1|A/cattle/Texas/24-008749-003/2024(H5N1)	39	T	C	0	0	0	211	32	36	1	211	9.92694e-244	TRUE	PA-X:cds-XAJ25423.1	ATT	I	ATC	I	13
PA|PP755594.1|A/cattle/Texas/24-008749-003/2024(H5N1)	57	A	G	0	0	0	243	38	36	1	243	4.15759e-270	TRUE	PA:cds-XAJ25422.1	AAA	K	AAG	K	19
PA|PP755594.1|A/cattle/Texas/24-008749-003/2024(H5N1)	57	A	G	0	0	0	243	38	36	1	243	4.15759e-270	TRUE	PA-X:cds-XAJ25423.1	AAA	K	AAG	K	19
PA|PP755594.1|A/cattle/Texas/24-008749-003/2024(H5N1)	93	G	A	0	0	0	371	80	36	1	371	0	TRUE	PA:cds-XAJ25422.1	GAG	E	GAA	E	31
PA|PP755594.1|A/cattle/Texas/24-008749-003/2024(H5N1)	93	G	A	0	0	0	371	80	36	1	371	0	TRUE	PA-X:cds-XAJ25423.1	GAG	E	GAA	E	31
PA|PP755594.1|A/cattle/Texas/24-008749-003/2024(H5N1)	96	A	T	0	0	0	377	80	36	1	377	0	TRUE	PA:cds-XAJ25422.1	ACA	T	ACT	T	32
PA|PP755594.1|A/cattle/Texas/24-008749-003/2024(H5N1)	96	A	T	0	0	0	377	80	36	1	377	0	TRUE	PA-X:cds-XAJ25423.1	ACA	T	ACT	T	32
PA|PP755594.1|A/cattle/Texas/24-008749-003/2024(H5N1)	102	A	G	2	0	37	382	81	36	0.994792	384	0	TRUE	PA:cds-XAJ25422.1	AAA	K	AAG	K	34
PA|PP755594.1|A/cattle/Texas/24-008749-003/2024(H5N1)	102	A	G	2	0	37	382	81	36	0.994792	384	0	TRUE	PA-X:cds-XAJ25423.1	AAA	K	AAG	K	34
PA|PP755594.1|A/cattle/Texas/24-008749-003/2024(H5N1)	105	T	C	0	0	0	377	79	36	1	377	0	TRUE	PA:cds-XAJ25422.1	TTT	F	TTC	F	35
PA|PP755594.1|A/cattle/Texas/24-008749-003/2024(H5N1)	105	T	C	0	0	0	377	79	36	1	377	0	TRUE	PA-X:cds-XAJ25423.1	TTT	F	TTC	F	35
PA|PP755594.1|A/cattle/Texas/24-008749-003/2024(H5N1)	108	C	T	0	0	0	382	80	36	0.997389	383	0	TRUE	PA:cds-XAJ25422.1	GCC	A	GCT	A	36
PA|PP755594.1|A/cattle/Texas/24-008749-003/2024(H5N1)	108	C	T	0	0	0	382	80	36	0.997389	383	0	TRUE	PA-X:cds-XAJ25423.1	GCC	A	GCT	A	36
PA|PP755594.1|A/cattle/Texas/24-008749-003/2024(H5N1)	120	A	T	0	0	0	531	125	36	1	531	0	TRUE	PA:cds-XAJ25422.1	ACA	T	ACT	T	40
PA|PP755594.1|A/cattle/Texas/24-008749-003/2024(H5N1)	120	A	T	0	0	0	531	125	36	1	531	0	TRUE	PA-X:cds-XAJ25423.1	ACA	T	ACT	T	40
PA|PP755594.1|A/cattle/Texas/24-008749-003/2024(H5N1)	123	C	T	0	0	0	522	122	35	1	522	0	TRUE	PA:cds-XAJ25422.1	CAC	H	CAT	H	41
PA|PP755594.1|A/cattle/Texas/24-008749-003/2024(H5N1)	123	C	T	0	0	0	522	122	35	1	522	0	TRUE	PA-X:cds-XAJ25423.1	CAC	H	CAT	H	41
PA|PP755594.1|A/cattle/Texas/24-008749-003/2024(H5N1)	126	A	G	2	1	37	568	126	35	0.996491	570	0	TRUE	PA:cds-XAJ25422.1	TTA	L	TTG	L	42
PA|PP755594.1|A/cattle/Texas/24-008749-003/2024(H5N1)	126	A	G	2	1	37	568	126	35	0.996491	570	0	TRUE	PA-X:cds-XAJ25423.1	TTA	L	TTG	L	42
PA|PP755594.1|A/cattle/Texas/24-008749-003/2024(H5N1)	159	T	C	1	0	25	761	281	36	0.998688	762	0	TRUE	PA:cds-XAJ25422.1	TTT	F	TTC	F	53
PA|PP755594.1|A/cattle/Texas/24-008749-003/2024(H5N1)	159	T	C	1	0	25	761	281	36	0.998688	762	0	TRUE	PA-X:cds-XAJ25423.1	TTT	F	TTC	F	53
PA|PP755594.1|A/cattle/Texas/24-008749-003/2024(H5N1)	165	C	T	1	0	21	741	277	36	0.998652	742	0	TRUE	PA:cds-XAJ25422.1	GAC	D	GAT	D	55
PA|PP755594.1|A/cattle/Texas/24-008749-003/2024(H5N1)	165	C	T	1	0	21	741	277	36	0.998652	742	0	TRUE	PA-X:cds-XAJ25423.1	GAC	D	GAT	D	55
PA|PP755594.1|A/cattle/Texas/24-008749-003/2024(H5N1)	171	A	G	0	0	0	716	280	36	1	716	0	TRUE	PA:cds-XAJ25422.1	CGA	R	CGG	R	57
PA|PP755594.1|A/cattle/Texas/24-008749-003/2024(H5N1)	171	A	G	0	0	0	716	280	36	1	716	0	TRUE	PA-X:cds-XAJ25423.1	CGA	R	CGG	R	57
PA|PP755594.1|A/cattle/Texas/24-008749-003/2024(H5N1)	183	G	A	1	1	37	833	285	34	0.998801	834	0	TRUE	PA:cds-XAJ25422.1	ATG	M	ATA	I	61
PA|PP755594.1|A/cattle/Texas/24-008749-003/2024(H5N1)	183	G	A	1	1	37	833	285	34	0.998801	834	0	TRUE	PA-X:cds-XAJ25423.1	ATG	M	ATA	I	61
PA|PP755594.1|A/cattle/Texas/24-008749-003/2024(H5N1)	189	A	G	2	0	28	834	288	36	0.997608	836	0	TRUE	PA:cds-XAJ25422.1	GTA	V	GTG	V	63
PA|PP755594.1|A/cattle/Texas/24-008749-003/2024(H5N1)	189	A	G	2	0	28	834	288	36	0.997608	836	0	TRUE	PA-X:cds-XAJ25423.1	GTA	V	GTG	V	63
PA|PP755594.1|A/cattle/Texas/24-008749-003/2024(H5N1)	203	C	A	0	0	0	841	315	36	1	841	0	TRUE	PA:cds-XAJ25422.1	CCA	P	CAA	Q	68
PA|PP755594.1|A/cattle/Texas/24-008749-003/2024(H5N1)	203	C	A	0	0	0	841	315	36	1	841	0	TRUE	PA-X:cds-XAJ25423.1	CCA	P	CAA	Q	68
PA|PP755594.1|A/cattle/Texas/24-008749-003/2024(H5N1)	211	T	C	0	0	0	763	274	36	1	763	0	TRUE	PA:cds-XAJ25422.1	TTA	L	CTA	L	71
PA|PP755594.1|A/cattle/Texas/24-008749-003/2024(H5N1)	211	T	C	0	0	0	763	274	36	1	763	0	TRUE	PA-X:cds-XAJ25423.1	TTA	L	CTA	L	71
PA|PP755594.1|A/cattle/Texas/24-008749-003/2024(H5N1)	214	T	C	0	0	0	757	274	36	1	757	0	TRUE	PA:cds-XAJ25422.1	TTG	L	CTG	L	72
PA|PP755594.1|A/cattle/Texas/24-008749-003/2024(H5N1)	214	T	C	0	0	0	757	274	36	1	757	0	TRUE	PA-X:cds-XAJ25423.1	TTG	L	CTG	L	72
PA|PP755594.1|A/cattle/Texas/24-008749-003/2024(H5N1)	219	A	G	0	0	0	739	275	36	1	739	0	TRUE	PA:cds-XAJ25422.1	AAA	K	AAG	K	73
PA|PP755594.1|A/cattle/Texas/24-008749-003/2024(H5N1)	219	A	G	0	0	0	739	275	36	1	739	0	TRUE	PA-X:cds-XAJ25423.1	AAA	K	AAG	K	73
PA|PP755594.1|A/cattle/Texas/24-008749-003/2024(H5N1)	222	C	T	0	0	0	733	275	36	1	733	0	TRUE	PA:cds-XAJ25422.1	CAC	H	CAT	H	74
PA|PP755594.1|A/cattle/Texas/24-008749-003/2024(H5N1)	222	C	T	0	0	0	733	275	36	1	733	0	TRUE	PA-X:cds-XAJ25423.1	CAC	H	CAT	H	74
PA|PP755594.1|A/cattle/Texas/24-008749-003/2024(H5N1)	237	C	T	0	0	0	831	324	36	0.998798	832	0	TRUE	PA:cds-XAJ25422.1	ATC	I	ATT	I	79
PA|PP755594.1|A/cattle/Texas/24-008749-003/2024(H5N1)	237	C	T	0	0	0	831	324	36	0.998798	832	0	TRUE	PA-X:cds-XAJ25423.1	ATC	I	ATT	I	79
PA|PP755594.1|A/cattle/Texas/24-008749-003/2024(H5N1)	243	G	A	0	0	0	838	368	36	1	838	0	TRUE	PA:cds-XAJ25422.1	GGG	G	GGA	G	81
PA|PP755594.1|A/cattle/Texas/24-008749-003/2024(H5N1)	243	G	A	0	0	0	838	368	36	1	838	0	TRUE	PA-X:cds-XAJ25423.1	GGG	G	GGA	G	81
PA|PP755594.1|A/cattle/Texas/24-008749-003/2024(H5N1)	250	C	A	0	0	0	862	370	36	1	862	0	TRUE	PA:cds-XAJ25422.1	CGA	R	AGA	R	84
PA|PP755594.1|A/cattle/Texas/24-008749-003/2024(H5N1)	250	C	A	0	0	0	862	370	36	1	862	0	TRUE	PA-X:cds-XAJ25423.1	CGA	R	AGA	R	84
PA|PP755594.1|A/cattle/Texas/24-008749-003/2024(H5N1)	253	G	A	0	0	0	853	363	36	1	853	0	TRUE	PA:cds-XAJ25422.1	GCA	A	ACA	T	85
PA|PP755594.1|A/cattle/Texas/24-008749-003/2024(H5N1)	253	G	A	0	0	0	853	363	36	1	853	0	TRUE	PA-X:cds-XAJ25423.1	GCA	A	ACA	T	85
PA|PP755594.1|A/cattle/Texas/24-008749-003/2024(H5N1)	273	G	A	0	0	0	978	390	35	1	978	0	TRUE	PA:cds-XAJ25422.1	GTG	V	GTA	V	91
PA|PP755594.1|A/cattle/Texas/24-008749-003/2024(H5N1)	273	G	A	0	0	0	978	390	35	1	978	0	TRUE	PA-X:cds-XAJ25423.1	GTG	V	GTA	V	91
PA|PP755594.1|A/cattle/Texas/24-008749-003/2024(H5N1)	294	A	G	0	0	0	790	278	36	1	790	0	TRUE	PA:cds-XAJ25422.1	ACA	T	ACG	T	98
PA|PP755594.1|A/cattle/Texas/24-008749-003/2024(H5N1)	294	A	G	0	0	0	790	278	36	1	790	0	TRUE	PA-X:cds-XAJ25423.1	ACA	T	ACG	T	98
PA|PP755594.1|A/cattle/Texas/24-008749-003/2024(H5N1)	297	G	A	0	0	0	809	280	36	1	809	0	TRUE	PA:cds-XAJ25422.1	GGG	G	GGA	G	99
PA|PP755594.1|A/cattle/Texas/24-008749-003/2024(H5N1)	297	G	A	0	0	0	809	280	36	1	809	0	TRUE	PA-X:cds-XAJ25423.1	GGG	G	GGA	G	99
PA|PP755594.1|A/cattle/Texas/24-008749-003/2024(H5N1)	303	A	G	1	1	37	791	279	36	0.998737	792	0	TRUE	PA:cds-XAJ25422.1	GAA	E	GAG	E	101
PA|PP755594.1|A/cattle/Texas/24-008749-003/2024(H5N1)	303	A	G	1	1	37	791	279	36	0.998737	792	0	TRUE	PA-X:cds-XAJ25423.1	GAA	E	GAG	E	101
PA|PP755594.1|A/cattle/Texas/24-008749-003/2024(H5N1)	312	A	G	0	0	0	764	278	36	1	764	0	TRUE	PA:cds-XAJ25422.1	AAA	K	AAG	K	104
PA|PP755594.1|A/cattle/Texas/24-008749-003/2024(H5N1)	312	A	G	0	0	0	764	278	36	1	764	0	TRUE	PA-X:cds-XAJ25423.1	AAA	K	AAG	K	104
PA|PP755594.1|A/cattle/Texas/24-008749-003/2024(H5N1)	318	C	T	0	0	0	726	261	36	1	726	0	TRUE	PA:cds-XAJ25422.1	CTC	L	CTT	L	106
PA|PP755594.1|A/cattle/Texas/24-008749-003/2024(H5N1)	318	C	T	0	0	0	726	261	36	1	726	0	TRUE	PA-X:cds-XAJ25423.1	CTC	L	CTT	L	106
PA|PP755594.1|A/cattle/Texas/24-008749-003/2024(H5N1)	333	C	T	1	1	37	511	222	36	0.998047	512	1.38691e-310	TRUE	PA:cds-XAJ25422.1	GAC	D	GAT	D	111
PA|PP755594.1|A/cattle/Texas/24-008749-003/2024(H5N1)	333	C	T	1	1	37	511	222	36	0.998047	512	1.38691e-310	TRUE	PA-X:cds-XAJ25423.1	GAC	D	GAT	D	111
PA|PP755594.1|A/cattle/Texas/24-008749-003/2024(H5N1)	338	G	A	0	0	0	513	220	36	1	513	8.90465e-310	TRUE	PA:cds-XAJ25422.1	AGA	R	AAA	K	113
PA|PP755594.1|A/cattle/Texas/24-008749-003/2024(H5N1)	338	G	A	0	0	0	513	220	36	1	513	8.90465e-310	TRUE	PA-X:cds-XAJ25423.1	AGA	R	AAA	K	113
PA|PP755594.1|A/cattle/Texas/24-008749-003/2024(H5N1)	339	A	G	0	0	0	514	219	36	1	514	1.75696e-309	TRUE	PA:cds-XAJ25422.1	AGA	R	AGG	R	113
PA|PP755594.1|A/cattle/Texas/24-008749-003/2024(H5N1)	339	A	G	0	0	0	514	219	36	1	514	1.75696e-309	TRUE	PA-X:cds-XAJ25423.1	AGA	R	AGG	R	113
PA|PP755594.1|A/cattle/Texas/24-008749-003/2024(H5N1)	346	A	C	0	0	0	510	218	36	1	510	1.12999e-307	TRUE	PA:cds-XAJ25422.1	AGA	R	CGA	R	116
PA|PP755594.1|A/cattle/Texas/24-008749-003/2024(H5N1)	346	A	C	0	0	0	510	218	36	1	510	1.12999e-307	TRUE	PA-X:cds-XAJ25423.1	AGA	R	CGA	R	116
PA|PP755594.1|A/cattle/Texas/24-008749-003/2024(H5N1)	357	A	G	1	1	37	478	209	36	0.997912	479	3.15121e-287	TRUE	PA:cds-XAJ25422.1	GAA	E	GAG	E	119
PA|PP755594.1|A/cattle/Texas/24-008749-003/2024(H5N1)	357	A	G	1	1	37	478	209	36	0.997912	479	3.15121e-287	TRUE	PA-X:cds-XAJ25423.1	GAA	E	GAG	E	119
PA|PP755594.1|A/cattle/Texas/24-008749-003/2024(H5N1)	366	A	G	0	0	0	2	0	37	1	2	0.166667	FALSE	PA:cds-XAJ25422.1	GTA	V	GTG	V	122
PA|PP755594.1|A/cattle/Texas/24-008749-003/2024(H5N1)	366	A	G	0	0	0	2	0	37	1	2	0.166667	FALSE	PA-X:cds-XAJ25423.1	GTA	V	GTG	V	122
PA|PP755594.1|A/cattle/Texas/24-008749-003/2024(H5N1)	369	G	A	0	0	0	2	0	37	1	2	0.333333	FALSE	PA:cds-XAJ25422.1	ACG	T	ACA	T	123
PA|PP755594.1|A/cattle/Texas/24-008749-003/2024(H5N1)	369	G	A	0	0	0	2	0	37	1	2	0.333333	FALSE	PA-X:cds-XAJ25423.1	ACG	T	ACA	T	123
PA|PP755594.1|A/cattle/Texas/24-008749-003/2024(H5N1)	372	A	G	0	0	0	2	0	37	1	2	0.333333	FALSE	PA:cds-XAJ25422.1	CGA	R	CGG	R	124
PA|PP755594.1|A/cattle/Texas/24-008749-003/2024(H5N1)	372	A	G	0	0	0	2	0	37	1	2	0.333333	FALSE	PA-X:cds-XAJ25423.1	CGA	R	CGG	R	124
PA|PP755594.1|A/cattle/Texas/24-008749-003/2024(H5N1)	375	G	A	0	0	0	2	0	37	1	2	0.333333	FALSE	PA:cds-XAJ25422.1	AGG	R	AGA	R	125
PA|PP755594.1|A/cattle/Texas/24-008749-003/2024(H5N1)	375	G	A	0	0	0	2	0	37	1	2	0.333333	FALSE	PA-X:cds-XAJ25423.1	AGG	R	AGA	R	125
PA|PP755594.1|A/cattle/Texas/24-008749-003/2024(H5N1)	378	A	G	0	0	0	2	0	37	1	2	0.333333	FALSE	PA:cds-XAJ25422.1	GAA	E	GAG	E	126
PA|PP755594.1|A/cattle/Texas/24-008749-003/2024(H5N1)	378	A	G	0	0	0	2	0	37	1	2	0.333333	FALSE	PA-X:cds-XAJ25423.1	GAA	E	GAG	E	126
PA|PP755594.1|A/cattle/Texas/24-008749-003/2024(H5N1)	381	T	C	0	0	0	2	0	37	1	2	0.333333	FALSE	PA:cds-XAJ25422.1	GTT	V	GTC	V	127
PA|PP755594.1|A/cattle/Texas/24-008749-003/2024(H5N1)	381	T	C	0	0	0	2	0	37	1	2	0.333333	FALSE	PA-X:cds-XAJ25423.1	GTT	V	GTC	V	127
PA|PP755594.1|A/cattle/Texas/24-008749-003/2024(H5N1)	384	C	T	0	0	0	1	0	37	1	1	0.5	FALSE	PA:cds-XAJ25422.1	CAC	H	CAT	H	128
PA|PP755594.1|A/cattle/Texas/24-008749-003/2024(H5N1)	384	C	T	0	0	0	1	0	37	1	1	0.5	FALSE	PA-X:cds-XAJ25423.1	CAC	H	CAT	H	128
PA|PP755594.1|A/cattle/Texas/24-008749-003/2024(H5N1)	390	C	T	0	0	0	2	0	31	1	2	0.333333	FALSE	PA:cds-XAJ25422.1	TAC	Y	TAT	Y	130
PA|PP755594.1|A/cattle/Texas/24-008749-003/2024(H5N1)	390	C	T	0	0	0	2	0	31	1	2	0.333333	FALSE	PA-X:cds-XAJ25423.1	TAC	Y	TAT	Y	130
PA|PP755594.1|A/cattle/Texas/24-008749-003/2024(H5N1)	393	T	C	0	0	0	2	0	37	1	2	0.333333	FALSE	PA:cds-XAJ25422.1	TAT	Y	TAC	Y	131
PA|PP755594.1|A/cattle/Texas/24-008749-003/2024(H5N1)	393	T	C	0	0	0	2	0	37	1	2	0.333333	FALSE	PA-X:cds-XAJ25423.1	TAT	Y	TAC	Y	131
PA|PP755594.1|A/cattle/Texas/24-008749-003/2024(H5N1)	394	T	C	0	0	0	2	0	31	1	2	0.333333	FALSE	PA:cds-XAJ25422.1	TTG	L	CTG	L	132
PA|PP755594.1|A/cattle/Texas/24-008749-003/2024(H5N1)	394	T	C	0	0	0	2	0	31	1	2	0.333333	FALSE	PA-X:cds-XAJ25423.1	TTG	L	CTG	L	132
PA|PP755594.1|A/cattle/Texas/24-008749-003/2024(H5N1)	396	G	A	0	0	0	2	0	37	1	2	0.333333	FALSE	PA:cds-XAJ25422.1	TTG	L	TTA	L	132
PA|PP755594.1|A/cattle/Texas/24-008749-003/2024(H5N1)	396	G	A	0	0	0	2	0	37	1	2	0.333333	FALSE	PA-X:cds-XAJ25423.1	TTG	L	TTA	L	132
PA|PP755594.1|A/cattle/Texas/24-008749-003/2024(H5N1)	399	A	G	1	0	37	4	0	24	0.8	5	0.010101	FALSE	PA:cds-XAJ25422.1	GAA	E	GAG	E	133
PA|PP755594.1|A/cattle/Texas/24-008749-003/2024(H5N1)	399	A	G	1	0	37	4	0	24	0.8	5	0.010101	FALSE	PA-X:cds-XAJ25423.1	GAA	E	GAG	E	133
PA|PP755594.1|A/cattle/Texas/24-008749-003/2024(H5N1)	420	A	C	0	0	0	671	378	36	1	671	0	TRUE	PA:cds-XAJ25422.1	TCA	S	TCC	S	140
PA|PP755594.1|A/cattle/Texas/24-008749-003/2024(H5N1)	420	A	C	0	0	0	671	378	36	1	671	0	TRUE	PA-X:cds-XAJ25423.1	TCA	S	TCC	S	140
PA|PP755594.1|A/cattle/Texas/24-008749-003/2024(H5N1)	426	A	G	0	0	0	694	398	36	1	694	0	TRUE	PA:cds-XAJ25422.1	AAA	K	AAG	K	142
PA|PP755594.1|A/cattle/Texas/24-008749-003/2024(H5N1)	426	A	G	0	0	0	694	398	36	1	694	0	TRUE	PA-X:cds-XAJ25423.1	AAA	K	AAG	K	142
PA|PP755594.1|A/cattle/Texas/24-008749-003/2024(H5N1)	432	T	C	0	0	0	740	430	36	1	740	0	TRUE	PA:cds-XAJ25422.1	CAT	H	CAC	H	144
PA|PP755594.1|A/cattle/Texas/24-008749-003/2024(H5N1)	432	T	C	0	0	0	740	430	36	1	740	0	TRUE	PA-X:cds-XAJ25423.1	CAT	H	CAC	H	144
PA|PP755594.1|A/cattle/Texas/24-008749-003/2024(H5N1)	435	T	C	0	0	0	740	431	35	1	740	0	TRUE	PA:cds-XAJ25422.1	ATT	I	ATC	I	145
PA|PP755594.1|A/cattle/Texas/24-008749-003/2024(H5N1)	435	T	C	0	0	0	740	431	35	1	740	0	TRUE	PA-X:cds-XAJ25423.1	ATT	I	ATC	I	145
PA|PP755594.1|A/cattle/Texas/24-008749-003/2024(H5N1)	441	A	C	0	0	0	838	458	36	0.998808	839	0	TRUE	PA:cds-XAJ25422.1	ATA	I	ATC	I	147
PA|PP755594.1|A/cattle/Texas/24-008749-003/2024(H5N1)	441	A	C	0	0	0	838	458	36	0.998808	839	0	TRUE	PA-X:cds-XAJ25423.1	ATA	I	ATC	I	147
PA|PP755594.1|A/cattle/Texas/24-008749-003/2024(H5N1)	450	C	T	0	0	0	867	465	36	1	867	0	TRUE	PA:cds-XAJ25422.1	TTC	F	TTT	F	150
PA|PP755594.1|A/cattle/Texas/24-008749-003/2024(H5N1)	450	C	T	0	0	0	867	465	36	1	867	0	TRUE	PA-X:cds-XAJ25423.1	TTC	F	TTT	F	150
PA|PP755594.1|A/cattle/Texas/24-008749-003/2024(H5N1)	459	G	A	0	0	0	878	477	36	1	878	0	TRUE	PA:cds-XAJ25422.1	GAG	E	GAA	E	153
PA|PP755594.1|A/cattle/Texas/24-008749-003/2024(H5N1)	459	G	A	0	0	0	878	477	36	1	878	0	TRUE	PA-X:cds-XAJ25423.1	GAG	E	GAA	E	153
PA|PP755594.1|A/cattle/Texas/24-008749-003/2024(H5N1)	471	C	T	0	0	0	894	435	36	1	894	0	TRUE	PA:cds-XAJ25422.1	ACC	T	ACT	T	157
PA|PP755594.1|A/cattle/Texas/24-008749-003/2024(H5N1)	471	C	T	0	0	0	894	435	36	1	894	0	TRUE	PA-X:cds-XAJ25423.1	ACC	T	ACT	T	157
PA|PP755594.1|A/cattle/Texas/24-008749-003/2024(H5N1)	474	G	A	0	0	0	885	423	36	1	885	0	TRUE	PA:cds-XAJ25422.1	AAG	K	AAA	K	158
PA|PP755594.1|A/cattle/Texas/24-008749-003/2024(H5N1)	474	G	A	0	0	0	885	423	36	1	885	0	TRUE	PA-X:cds-XAJ25423.1	AAG	K	AAA	K	158
PA|PP755594.1|A/cattle/Texas/24-008749-003/2024(H5N1)	477	G	A	0	0	0	902	440	36	1	902	0	TRUE	PA:cds-XAJ25422.1	GCG	A	GCA	A	159
PA|PP755594.1|A/cattle/Texas/24-008749-003/2024(H5N1)	477	G	A	0	0	0	902	440	36	1	902	0	TRUE	PA-X:cds-XAJ25423.1	GCG	A	GCA	A	159
PA|PP755594.1|A/cattle/Texas/24-008749-003/2024(H5N1)	492	T	C	1	0	37	965	396	36	0.998965	966	0	TRUE	PA:cds-XAJ25422.1	GAT	D	GAC	D	164
PA|PP755594.1|A/cattle/Texas/24-008749-003/2024(H5N1)	492	T	C	1	0	37	965	396	36	0.998965	966	0	TRUE	PA-X:cds-XAJ25423.1	GAT	D	GAC	D	164
PA|PP755594.1|A/cattle/Texas/24-008749-003/2024(H5N1)	498	G	A	0	0	0	966	409	36	1	966	0	TRUE	PA:cds-XAJ25422.1	GAG	E	GAA	E	166
PA|PP755594.1|A/cattle/Texas/24-008749-003/2024(H5N1)	498	G	A	0	0	0	966	409	36	1	966	0	TRUE	PA-X:cds-XAJ25423.1	GAG	E	GAA	E	166
PA|PP755594.1|A/cattle/Texas/24-008749-003/2024(H5N1)	510	A	G	2	2	35	902	394	36	0.997788	904	0	TRUE	PA:cds-XAJ25422.1	AGA	R	AGG	R	170
PA|PP755594.1|A/cattle/Texas/24-008749-003/2024(H5N1)	510	A	G	2	2	35	902	394	36	0.997788	904	0	TRUE	PA-X:cds-XAJ25423.1	AGA	R	AGG	R	170
PA|PP755594.1|A/cattle/Texas/24-008749-003/2024(H5N1)	513	A	T	2	1	35	896	389	36	0.997773	898	0	TRUE	PA:cds-XAJ25422.1	ATA	I	ATT	I	171
PA|PP755594.1|A/cattle/Texas/24-008749-003/2024(H5N1)	513	A	T	2	1	35	896	389	36	0.997773	898	0	TRUE	PA-X:cds-XAJ25423.1	ATA	I	ATT	I	171
PA|PP755594.1|A/cattle/Texas/24-008749-003/2024(H5N1)	522	A	G	0	0	0	989	400	36	1	989	0	TRUE	PA:cds-XAJ25422.1	AGA	R	AGG	R	174
PA|PP755594.1|A/cattle/Texas/24-008749-003/2024(H5N1)	522	A	G	0	0	0	989	400	36	1	989	0	TRUE	PA-X:cds-XAJ25423.1	AGA	R	AGG	R	174
PA|PP755594.1|A/cattle/Texas/24-008749-003/2024(H5N1)	525	G	A	0	0	0	990	399	36	1	990	0	TRUE	PA:cds-XAJ25422.1	CTG	L	CTA	L	175
PA|PP755594.1|A/cattle/Texas/24-008749-003/2024(H5N1)	525	G	A	0	0	0	990	399	36	1	990	0	TRUE	PA-X:cds-XAJ25423.1	CTG	L	CTA	L	175
PA|PP755594.1|A/cattle/Texas/24-008749-003/2024(H5N1)	552	T	C	0	0	0	960	383	36	1	960	0	TRUE	PA:cds-XAJ25422.1	AGT	S	AGC	S	184
PA|PP755594.1|A/cattle/Texas/24-008749-003/2024(H5N1)	552	T	C	0	0	0	960	383	36	1	960	0	TRUE	PA-X:cds-XAJ25423.1	AGT	S	AGC	S	184
PA|PP755594.1|A/cattle/Texas/24-008749-003/2024(H5N1)	555	A	G	0	0	0	942	381	36	1	942	0	TRUE	PA:cds-XAJ25422.1	AGA	R	AGG	R	185
PA|PP755594.1|A/cattle/Texas/24-008749-003/2024(H5N1)	555	A	G	0	0	0	942	381	36	1	942	0	TRUE	PA-X:cds-XAJ25423.1	AGA	R	AGG	R	185
PA|PP755594.1|A/cattle/Texas/24-008749-003/2024(H5N1)	579	A	G	0	0	0	1038	363	36	1	1038	0	TRUE	PA:cds-XAJ25422.1	CAA	Q	CAG	Q	193
PA|PP755594.1|A/cattle/Texas/24-008749-003/2024(H5N1)	579	A	G	0	0	0	1038	363	36	1	1038	0	TRUE	PA-X:cds-XAJ25423.1	AAT	N	AGT	S	3
PA|PP755594.1|A/cattle/Texas/24-008749-003/2024(H5N1)	585	G	A	0	0	0	1006	380	36	0.999007	1007	0	TRUE	PA:cds-XAJ25422.1	GAG	E	GAA	E	195
PA|PP755594.1|A/cattle/Texas/24-008749-003/2024(H5N1)	585	G	A	0	0	0	1006	380	36	0.999007	1007	0	TRUE	PA-X:cds-XAJ25423.1	AGA	R	AAA	K	5
PA|PP755594.1|A/cattle/Texas/24-008749-003/2024(H5N1)	655	A	C	0	0	0	912	483	36	1	912	0	TRUE	PA:cds-XAJ25422.1	ATT	I	CTT	L	219
PA|PP755594.1|A/cattle/Texas/24-008749-003/2024(H5N1)	655	A	C	0	0	0	912	483	36	1	912	0	TRUE	PA-X:cds-XAJ25423.1	GTA	V	GTC	V	28
PA|PP755594.1|A/cattle/Texas/24-008749-003/2024(H5N1)	657	T	C	0	0	0	911	488	36	1	911	0	TRUE	PA:cds-XAJ25422.1	ATT	I	ATC	I	219
PA|PP755594.1|A/cattle/Texas/24-008749-003/2024(H5N1)	657	T	C	0	0	0	911	488	36	1	911	0	TRUE	PA-X:cds-XAJ25423.1	TTC	F	TCC	S	29
PA|PP755594.1|A/cattle/Texas/24-008749-003/2024(H5N1)	744	A	G	0	0	0	848	447	36	1	848	0	TRUE	PA:cds-XAJ25422.1	CAA	Q	CAG	Q	248
PA|PP755594.1|A/cattle/Texas/24-008749-003/2024(H5N1)	744	A	G	0	0	0	848	447	36	1	848	0	TRUE	PA-X:cds-XAJ25423.1	AAA	K	AGA	R	58
PA|PP755594.1|A/cattle/Texas/24-008749-003/2024(H5N1)	750	A	C	0	0	0	890	492	36	1	890	0	TRUE	PA:cds-XAJ25422.1	TCA	S	TCC	S	250
PA|PP755594.1|A/cattle/Texas/24-008749-003/2024(H5N1)	750	A	C	0	0	0	890	492	36	1	890	0	TRUE	PA-X:cds-XAJ25423.1	CAA	Q	CCA	P	60
PA|PP755594.1|A/cattle/Texas/24-008749-003/2024(H5N1)	756	G	A	1	0	25	866	470	36	0.998847	867	0	TRUE	PA:cds-XAJ25422.1	GAG	E	GAA	E	252
PA|PP755594.1|A/cattle/Texas/24-008749-003/2024(H5N1)	756	G	A	1	0	25	866	470	36	0.998847	867	0	TRUE	PA-X:cds-XAJ25423.1	AGG	R	AAG	K	62
PA|PP755594.1|A/cattle/Texas/24-008749-003/2024(H5N1)	774	G	A	0	0	0	1072	681	35	1	1072	0	TRUE	PA:cds-XAJ25422.1	GAG	E	GAA	E	258
PA|PP755594.1|A/cattle/Texas/24-008749-003/2024(H5N1)	781	C	T	1	1	25	1067	686	36	0.999064	1068	0	TRUE	PA:cds-XAJ25422.1	CTG	L	TTG	L	261
PA|PP755594.1|A/cattle/Texas/24-008749-003/2024(H5N1)	806	G	A	0	0	0	1046	621	36	1	1046	0	TRUE	PA:cds-XAJ25422.1	AGA	R	AAA	K	269
PA|PP755594.1|A/cattle/Texas/24-008749-003/2024(H5N1)	810	A	G	0	0	0	1031	621	36	1	1031	0	TRUE	PA:cds-XAJ25422.1	TTA	L	TTG	L	270
PA|PP755594.1|A/cattle/Texas/24-008749-003/2024(H5N1)	822	T	C	0	0	0	1000	628	36	1	1000	0	TRUE	PA:cds-XAJ25422.1	CCT	P	CCC	P	274
PA|PP755594.1|A/cattle/Texas/24-008749-003/2024(H5N1)	828	T	C	0	0	0	899	527	36	1	899	0	TRUE	PA:cds-XAJ25422.1	TGT	C	TGC	C	276
PA|PP755594.1|A/cattle/Texas/24-008749-003/2024(H5N1)	829	C	T	0	0	0	900	529	36	1	900	0	TRUE	PA:cds-XAJ25422.1	CCT	P	TCT	S	277
PA|PP755594.1|A/cattle/Texas/24-008749-003/2024(H5N1)	840	G	A	0	0	0	731	476	36	1	731	0	TRUE	PA:cds-XAJ25422.1	TCG	S	TCA	S	280
PA|PP755594.1|A/cattle/Texas/24-008749-003/2024(H5N1)	843	G	A	1	0	37	729	469	35	0.99863	730	0	TRUE	PA:cds-XAJ25422.1	AAG	K	AAA	K	281
PA|PP755594.1|A/cattle/Texas/24-008749-003/2024(H5N1)	846	C	T	0	0	0	724	470	36	1	724	0	TRUE	PA:cds-XAJ25422.1	TTC	F	TTT	F	282
PA|PP755594.1|A/cattle/Texas/24-008749-003/2024(H5N1)	847	T	C	0	0	0	724	471	36	1	724	0	TRUE	PA:cds-XAJ25422.1	TTG	L	CTG	L	283
PA|PP755594.1|A/cattle/Texas/24-008749-003/2024(H5N1)	861	C	T	0	0	0	558	398	36	1	558	0	TRUE	PA:cds-XAJ25422.1	GCC	A	GCT	A	287
PA|PP755594.1|A/cattle/Texas/24-008749-003/2024(H5N1)	862	C	T	0	0	0	548	391	36	1	548	0	TRUE	PA:cds-XAJ25422.1	CTT	L	TTT	F	288
PA|PP755594.1|A/cattle/Texas/24-008749-003/2024(H5N1)	864	T	G	0	0	0	563	403	36	1	563	0	TRUE	PA:cds-XAJ25422.1	CTT	L	CTG	L	288
PA|PP755594.1|A/cattle/Texas/24-008749-003/2024(H5N1)	867	G	A	0	0	0	554	394	36	1	554	0	TRUE	PA:cds-XAJ25422.1	AAG	K	AAA	K	289
PA|PP755594.1|A/cattle/Texas/24-008749-003/2024(H5N1)	870	G	A	0	0	0	560	398	36	1	560	0	TRUE	PA:cds-XAJ25422.1	TTG	L	TTA	L	290
PA|PP755594.1|A/cattle/Texas/24-008749-003/2024(H5N1)	876	C	T	1	0	37	861	527	36	0.99884	862	0	TRUE	PA:cds-XAJ25422.1	ATC	I	ATT	I	292
PA|PP755594.1|A/cattle/Texas/24-008749-003/2024(H5N1)	885	T	A	0	0	0	894	541	36	1	894	0	TRUE	PA:cds-XAJ25422.1	CCT	P	CCA	P	295
PA|PP755594.1|A/cattle/Texas/24-008749-003/2024(H5N1)	897	G	A	0	0	0	933	566	36	1	933	0	TRUE	PA:cds-XAJ25422.1	GGG	G	GGA	G	299
PA|PP755594.1|A/cattle/Texas/24-008749-003/2024(H5N1)	903	C	G	0	0	0	944	538	35	1	944	0	TRUE	PA:cds-XAJ25422.1	GGC	G	GGG	G	301
PA|PP755594.1|A/cattle/Texas/24-008749-003/2024(H5N1)	909	G	A	0	0	0	1185	482	34	0.999157	1186	0	TRUE	PA:cds-XAJ25422.1	CCG	P	CCA	P	303
PA|PP755594.1|A/cattle/Texas/24-008749-003/2024(H5N1)	915	T	C	0	0	0	1119	368	36	1	1119	0	TRUE	PA:cds-XAJ25422.1	TAT	Y	TAC	Y	305
PA|PP755594.1|A/cattle/Texas/24-008749-003/2024(H5N1)	945	T	C	0	0	0	1026	331	36	1	1026	0	TRUE	PA:cds-XAJ25422.1	TTT	F	TTC	F	315
PA|PP755594.1|A/cattle/Texas/24-008749-003/2024(H5N1)	963	C	T	1	0	37	667	162	36	0.998503	668	0	TRUE	PA:cds-XAJ25422.1	AAC	N	AAT	N	321
PA|PP755594.1|A/cattle/Texas/24-008749-003/2024(H5N1)	964	A	G	0	0	0	673	163	36	1	673	0	TRUE	PA:cds-XAJ25422.1	ATC	I	GTC	V	322
PA|PP755594.1|A/cattle/Texas/24-008749-003/2024(H5N1)	966	C	A	0	0	0	670	161	36	1	670	0	TRUE	PA:cds-XAJ25422.1	ATC	I	ATA	I	322
PA|PP755594.1|A/cattle/Texas/24-008749-003/2024(H5N1)	967	G	A	2	0	32	647	151	36	0.996918	649	0	TRUE	PA:cds-XAJ25422.1	GTA	V	ATA	I	323
PA|PP755594.1|A/cattle/Texas/24-008749-003/2024(H5N1)	969	A	C	1	0	25	675	162	36	0.998521	676	0	TRUE	PA:cds-XAJ25422.1	GTA	V	GTC	V	323
PA|PP755594.1|A/cattle/Texas/24-008749-003/2024(H5N1)	972	G	A	0	0	0	660	154	36	1	660	0	TRUE	PA:cds-XAJ25422.1	AAG	K	AAA	K	324
PA|PP755594.1|A/cattle/Texas/24-008749-003/2024(H5N1)	975	G	A	0	0	0	673	163	36	1	673	0	TRUE	PA:cds-XAJ25422.1	CCG	P	CCA	P	325
PA|PP755594.1|A/cattle/Texas/24-008749-003/2024(H5N1)	981	G	A	0	0	0	727	200	36	1	727	0	TRUE	PA:cds-XAJ25422.1	GAG	E	GAA	E	327
PA|PP755594.1|A/cattle/Texas/24-008749-003/2024(H5N1)	984	A	G	2	2	23	729	199	36	0.997264	731	0	TRUE	PA:cds-XAJ25422.1	AAA	K	AAG	K	328
PA|PP755594.1|A/cattle/Texas/24-008749-003/2024(H5N1)	999	T	C	1	1	37	968	293	36	0.998968	969	0	TRUE	PA:cds-XAJ25422.1	AAT	N	AAC	N	333
PA|PP755594.1|A/cattle/Texas/24-008749-003/2024(H5N1)	1002	C	T	0	0	0	951	287	36	1	951	0	TRUE	PA:cds-XAJ25422.1	TAC	Y	TAT	Y	334
PA|PP755594.1|A/cattle/Texas/24-008749-003/2024(H5N1)	1020	G	A	0	0	0	1046	385	36	1	1046	0	TRUE	PA:cds-XAJ25422.1	CAG	Q	CAA	Q	340
PA|PP755594.1|A/cattle/Texas/24-008749-003/2024(H5N1)	1026	G	A	0	0	0	1100	434	36	1	1100	0	TRUE	PA:cds-XAJ25422.1	CTG	L	CTA	L	342
PA|PP755594.1|A/cattle/Texas/24-008749-003/2024(H5N1)	1035	T	C	0	0	0	1065	429	36	1	1065	0	TRUE	PA:cds-XAJ25422.1	CTT	L	CTC	L	345
PA|PP755594.1|A/cattle/Texas/24-008749-003/2024(H5N1)	1038	A	G	1	0	25	1058	431	36	0.999056	1059	0	TRUE	PA:cds-XAJ25422.1	CAA	Q	CAG	Q	346
PA|PP755594.1|A/cattle/Texas/24-008749-003/2024(H5N1)	1042	A	C	0	0	0	979	365	36	1	979	0	TRUE	PA:cds-XAJ25422.1	ATT	I	CTT	L	348
PA|PP755594.1|A/cattle/Texas/24-008749-003/2024(H5N1)	1068	A	G	0	0	0	858	483	36	1	858	0	TRUE	PA:cds-XAJ25422.1	AAA	K	AAG	K	356
PA|PP755594.1|A/cattle/Texas/24-008749-003/2024(H5N1)	1071	A	G	0	0	0	851	477	36	1	851	0	TRUE	PA:cds-XAJ25422.1	ACA	T	ACG	T	357
PA|PP755594.1|A/cattle/Texas/24-008749-003/2024(H5N1)	1080	G	A	0	0	0	910	507	36	1	910	0	TRUE	PA:cds-XAJ25422.1	ATG	M	ATA	I	360
PA|PP755594.1|A/cattle/Texas/24-008749-003/2024(H5N1)	1086	A	G	0	0	0	891	482	36	1	891	0	TRUE	PA:cds-XAJ25422.1	AAA	K	AAG	K	362
PA|PP755594.1|A/cattle/Texas/24-008749-003/2024(H5N1)	1092	C	T	0	0	0	918	498	36	1	918	0	TRUE	PA:cds-XAJ25422.1	AGC	S	AGT	S	364
PA|PP755594.1|A/cattle/Texas/24-008749-003/2024(H5N1)	1098	G	A	0	0	0	963	528	36	1	963	0	TRUE	PA:cds-XAJ25422.1	TTG	L	TTA	L	366
PA|PP755594.1|A/cattle/Texas/24-008749-003/2024(H5N1)	1125	T	A	0	0	0	975	484	36	1	975	0	TRUE	PA:cds-XAJ25422.1	GCT	A	GCA	A	375
PA|PP755594.1|A/cattle/Texas/24-008749-003/2024(H5N1)	1128	A	G	0	0	0	962	482	36	1	962	0	TRUE	PA:cds-XAJ25422.1	CCA	P	CCG	P	376
PA|PP755594.1|A/cattle/Texas/24-008749-003/2024(H5N1)	1155	A	G	1	0	28	969	556	36	0.998969	970	0	TRUE	PA:cds-XAJ25422.1	AAA	K	AAG	K	385
PA|PP755594.1|A/cattle/Texas/24-008749-003/2024(H5N1)	1162	A	G	0	0	0	930	533	36	1	930	0	TRUE	PA:cds-XAJ25422.1	AGC	S	GGC	G	388
PA|PP755594.1|A/cattle/Texas/24-008749-003/2024(H5N1)	1172	G	A	0	0	0	879	507	35	1	879	0	TRUE	PA:cds-XAJ25422.1	AGA	R	AAA	K	391
PA|PP755594.1|A/cattle/Texas/24-008749-003/2024(H5N1)	1179	C	T	0	0	0	585	360	36	1	585	0	TRUE	PA:cds-XAJ25422.1	TAC	Y	TAT	Y	393
PA|PP755594.1|A/cattle/Texas/24-008749-003/2024(H5N1)	1182	C	T	0	0	0	581	353	35	1	581	0	TRUE	PA:cds-XAJ25422.1	GAC	D	GAT	D	394
PA|PP755594.1|A/cattle/Texas/24-008749-003/2024(H5N1)	1185	T	C	0	0	0	548	323	36	1	548	0	TRUE	PA:cds-XAJ25422.1	AGT	S	AGC	S	395
PA|PP755594.1|A/cattle/Texas/24-008749-003/2024(H5N1)	1188	C	T	0	0	0	540	317	36	1	540	0	TRUE	PA:cds-XAJ25422.1	GAC	D	GAT	D	396
PA|PP755594.1|A/cattle/Texas/24-008749-003/2024(H5N1)	1191	A	G	0	0	0	555	332	36	1	555	0	TRUE	PA:cds-XAJ25422.1	GAA	E	GAG	E	397
PA|PP755594.1|A/cattle/Texas/24-008749-003/2024(H5N1)	1198	T	C	0	0	0	654	382	36	1	654	0	TRUE	PA:cds-XAJ25422.1	TCT	S	CCT	P	400
PA|PP755594.1|A/cattle/Texas/24-008749-003/2024(H5N1)	1206	A	G	0	0	0	708	424	36	1	708	0	TRUE	PA:cds-XAJ25422.1	TCA	S	TCG	S	402
PA|PP755594.1|A/cattle/Texas/24-008749-003/2024(H5N1)	1212	A	G	0	0	0	706	418	36	1	706	0	TRUE	PA:cds-XAJ25422.1	GCA	A	GCG	A	404
PA|PP755594.1|A/cattle/Texas/24-008749-003/2024(H5N1)	1215	C	T	0	0	0	705	415	36	1	705	0	TRUE	PA:cds-XAJ25422.1	AGC	S	AGT	S	405
PA|PP755594.1|A/cattle/Texas/24-008749-003/2024(H5N1)	1221	T	C	0	0	0	794	490	36	1	794	0	TRUE	PA:cds-XAJ25422.1	ATT	I	ATC	I	407
PA|PP755594.1|A/cattle/Texas/24-008749-003/2024(H5N1)	1236	C	T	0	0	0	770	491	36	1	770	0	TRUE	PA:cds-XAJ25422.1	AAC	N	AAT	N	412
PA|PP755594.1|A/cattle/Texas/24-008749-003/2024(H5N1)	1245	C	T	0	0	0	414	261	36	1	414	1.06459e-251	TRUE	PA:cds-XAJ25422.1	TGC	C	TGT	C	415
PA|PP755594.1|A/cattle/Texas/24-008749-003/2024(H5N1)	1249	C	T	0	0	0	369	249	36	1	369	4.74825e-234	TRUE	PA:cds-XAJ25422.1	CTG	L	TTG	L	417
PA|PP755594.1|A/cattle/Texas/24-008749-003/2024(H5N1)	1254	A	T	0	0	0	359	242	36	1	359	3.01427e-223	TRUE	PA:cds-XAJ25422.1	ACA	T	ACT	T	418
PA|PP755594.1|A/cattle/Texas/24-008749-003/2024(H5N1)	1257	T	C	0	0	0	360	244	36	1	360	3.86505e-217	TRUE	PA:cds-XAJ25422.1	GAT	D	GAC	D	419
PA|PP755594.1|A/cattle/Texas/24-008749-003/2024(H5N1)	1260	G	A	0	0	0	359	244	36	1	359	7.77304e-217	TRUE	PA:cds-XAJ25422.1	TCG	S	TCA	S	420
PA|PP755594.1|A/cattle/Texas/24-008749-003/2024(H5N1)	1263	T	C	0	0	0	365	249	36	1	365	5.99754e-219	TRUE	PA:cds-XAJ25422.1	AGT	S	AGC	S	421
PA|PP755594.1|A/cattle/Texas/24-008749-003/2024(H5N1)	1269	T	A	0	0	0	468	274	36	0.997868	469	1.05496e-282	TRUE	PA:cds-XAJ25422.1	ATT	I	ATA	I	423
PA|PP755594.1|A/cattle/Texas/24-008749-003/2024(H5N1)	1275	T	G	0	0	0	496	278	36	1	496	1.5053e-299	TRUE	PA:cds-XAJ25422.1	CTT	L	CTG	L	425
PA|PP755594.1|A/cattle/Texas/24-008749-003/2024(H5N1)	1278	T	C	0	0	0	497	278	36	1	497	1.89661e-300	TRUE	PA:cds-XAJ25422.1	GAT	D	GAC	D	426
PA|PP755594.1|A/cattle/Texas/24-008749-003/2024(H5N1)	1281	G	A	2	1	37	496	283	36	0.995984	498	2.34887e-302	TRUE	PA:cds-XAJ25422.1	GAG	E	GAA	E	427
PA|PP755594.1|A/cattle/Texas/24-008749-003/2024(H5N1)	1293	C	T	0	0	0	835	461	36	1	835	0	TRUE	PA:cds-XAJ25422.1	GAC	D	GAT	D	431
PA|PP755594.1|A/cattle/Texas/24-008749-003/2024(H5N1)	1302	A	G	0	0	0	895	492	36	1	895	0	TRUE	PA:cds-XAJ25422.1	CCA	P	CCG	P	434
PA|PP755594.1|A/cattle/Texas/24-008749-003/2024(H5N1)	1305	C	T	0	0	0	911	486	36	1	911	0	TRUE	PA:cds-XAJ25422.1	ATC	I	ATT	I	435
PA|PP755594.1|A/cattle/Texas/24-008749-003/2024(H5N1)	1317	G	A	0	0	0	883	460	36	1	883	0	TRUE	PA:cds-XAJ25422.1	GCG	A	GCA	A	439
PA|PP755594.1|A/cattle/Texas/24-008749-003/2024(H5N1)	1320	T	C	0	0	0	884	456	36	0.99887	885	0	TRUE	PA:cds-XAJ25422.1	AGT	S	AGC	S	440
PA|PP755594.1|A/cattle/Texas/24-008749-003/2024(H5N1)	1321	G	A	0	0	0	885	461	36	1	885	0	TRUE	PA:cds-XAJ25422.1	GTG	V	ATG	M	441
PA|PP755594.1|A/cattle/Texas/24-008749-003/2024(H5N1)	1332	C	T	0	0	0	974	501	36	1	974	0	TRUE	PA:cds-XAJ25422.1	AAC	N	AAT	N	444
PA|PP755594.1|A/cattle/Texas/24-008749-003/2024(H5N1)	1344	G	A	1	0	37	897	415	35	0.998886	898	0	TRUE	PA:cds-XAJ25422.1	GCG	A	GCA	A	448
PA|PP755594.1|A/cattle/Texas/24-008749-003/2024(H5N1)	1347	G	A	0	0	0	896	412	36	1	896	0	TRUE	PA:cds-XAJ25422.1	GAG	E	GAA	E	449
PA|PP755594.1|A/cattle/Texas/24-008749-003/2024(H5N1)	1350	A	G	0	0	0	923	419	36	1	923	0	TRUE	PA:cds-XAJ25422.1	GTA	V	GTG	V	450
PA|PP755594.1|A/cattle/Texas/24-008749-003/2024(H5N1)	1383	G	A	0	0	0	984	442	36	1	984	0	TRUE	PA:cds-XAJ25422.1	AAG	K	AAA	K	461
PA|PP755594.1|A/cattle/Texas/24-008749-003/2024(H5N1)	1389	A	C	0	0	0	977	443	36	1	977	0	TRUE	PA:cds-XAJ25422.1	GTA	V	GTC	V	463
PA|PP755594.1|A/cattle/Texas/24-008749-003/2024(H5N1)	1398	C	T	0	0	0	876	391	36	1	876	0	TRUE	PA:cds-XAJ25422.1	AAC	N	AAT	N	466
PA|PP755594.1|A/cattle/Texas/24-008749-003/2024(H5N1)	1404	C	T	1	0	37	580	261	36	0.998279	581	0	TRUE	PA:cds-XAJ25422.1	GCC	A	GCT	A	468
PA|PP755594.1|A/cattle/Texas/24-008749-003/2024(H5N1)	1407	A	G	0	0	0	582	264	36	1	582	0	TRUE	PA:cds-XAJ25422.1	CTA	L	CTG	L	469
PA|PP755594.1|A/cattle/Texas/24-008749-003/2024(H5N1)	1408	T	C	1	1	37	583	264	36	0.998288	584	0	TRUE	PA:cds-XAJ25422.1	TTG	L	CTG	L	470
PA|PP755594.1|A/cattle/Texas/24-008749-003/2024(H5N1)	1410	G	C	0	0	0	573	256	36	1	573	0	TRUE	PA:cds-XAJ25422.1	TTG	L	TTC	F	470
PA|PP755594.1|A/cattle/Texas/24-008749-003/2024(H5N1)	1419	C	T	0	0	0	577	259	36	1	577	0	TRUE	PA:cds-XAJ25422.1	TCC	S	TCT	S	473
PA|PP755594.1|A/cattle/Texas/24-008749-003/2024(H5N1)	1422	T	C	0	0	0	582	262	36	1	582	0	TRUE	PA:cds-XAJ25422.1	TGT	C	TGC	C	474
PA|PP755594.1|A/cattle/Texas/24-008749-003/2024(H5N1)	1425	A	G	1	0	25	571	262	36	0.998252	572	0	TRUE	PA:cds-XAJ25422.1	GCA	A	GCG	A	475
PA|PP755594.1|A/cattle/Texas/24-008749-003/2024(H5N1)	1443	A	G	0	0	0	811	317	36	1	811	0	TRUE	PA:cds-XAJ25422.1	CAA	Q	CAG	Q	481
PA|PP755594.1|A/cattle/Texas/24-008749-003/2024(H5N1)	1444	T	C	0	0	0	807	312	36	1	807	0	TRUE	PA:cds-XAJ25422.1	TTG	L	CTG	L	482
PA|PP755594.1|A/cattle/Texas/24-008749-003/2024(H5N1)	1461	T	C	1	0	37	828	367	36	0.998794	829	0	TRUE	PA:cds-XAJ25422.1	AGT	S	AGC	S	487
PA|PP755594.1|A/cattle/Texas/24-008749-003/2024(H5N1)	1464	G	A	0	0	0	796	364	36	1	796	0	TRUE	PA:cds-XAJ25422.1	AAG	K	AAA	K	488
PA|PP755594.1|A/cattle/Texas/24-008749-003/2024(H5N1)	1470	A	G	0	0	0	786	352	36	1	786	0	TRUE	PA:cds-XAJ25422.1	AGA	R	AGG	R	490
PA|PP755594.1|A/cattle/Texas/24-008749-003/2024(H5N1)	1473	T	C	0	0	0	793	361	36	1	793	0	TRUE	PA:cds-XAJ25422.1	ACT	T	ACC	T	491
PA|PP755594.1|A/cattle/Texas/24-008749-003/2024(H5N1)	1490	G	A	0	0	0	648	292	36	1	648	0	TRUE	PA:cds-XAJ25422.1	AGG	R	AAG	K	497
PA|PP755594.1|A/cattle/Texas/24-008749-003/2024(H5N1)	1491	G	A	1	0	37	630	277	36	0.998415	631	0	TRUE	PA:cds-XAJ25422.1	AGG	R	AGA	R	497
PA|PP755594.1|A/cattle/Texas/24-008749-003/2024(H5N1)	1497	T	C	0	0	0	676	307	36	1	676	0	TRUE	PA:cds-XAJ25422.1	AAT	N	AAC	N	499
PA|PP755594.1|A/cattle/Texas/24-008749-003/2024(H5N1)	1500	G	A	0	0	0	701	313	36	1	701	0	TRUE	PA:cds-XAJ25422.1	CTG	L	CTA	L	500
PA|PP755594.1|A/cattle/Texas/24-008749-003/2024(H5N1)	1506	A	G	2	1	36	875	395	35	0.997719	877	0	TRUE	PA:cds-XAJ25422.1	GGA	G	GGG	G	502
PA|PP755594.1|A/cattle/Texas/24-008749-003/2024(H5N1)	1512	T	C	0	0	0	912	421	36	1	912	0	TRUE	PA:cds-XAJ25422.1	ATT	I	ATC	I	504
PA|PP755594.1|A/cattle/Texas/24-008749-003/2024(H5N1)	1524	A	G	0	0	0	922	421	36	1	922	0	TRUE	PA:cds-XAJ25422.1	AGA	R	AGG	R	508
PA|PP755594.1|A/cattle/Texas/24-008749-003/2024(H5N1)	1527	C	T	0	0	0	917	416	36	1	917	0	TRUE	PA:cds-XAJ25422.1	TCC	S	TCT	S	509
PA|PP755594.1|A/cattle/Texas/24-008749-003/2024(H5N1)	1530	T	C	1	1	37	968	429	36	0.998968	969	0	TRUE	PA:cds-XAJ25422.1	CAT	H	CAC	H	510
PA|PP755594.1|A/cattle/Texas/24-008749-003/2024(H5N1)	1542	C	T	0	0	0	1037	449	36	1	1037	0	TRUE	PA:cds-XAJ25422.1	GAC	D	GAT	D	514
PA|PP755594.1|A/cattle/Texas/24-008749-003/2024(H5N1)	1551	G	A	0	0	0	755	330	36	1	755	0	TRUE	PA:cds-XAJ25422.1	GTG	V	GTA	V	517
PA|PP755594.1|A/cattle/Texas/24-008749-003/2024(H5N1)	1554	A	G	0	0	0	742	318	36	1	742	0	TRUE	PA:cds-XAJ25422.1	GTA	V	GTG	V	518
PA|PP755594.1|A/cattle/Texas/24-008749-003/2024(H5N1)	1557	C	T	0	0	0	738	321	36	1	738	0	TRUE	PA:cds-XAJ25422.1	AAC	N	AAT	N	519
PA|PP755594.1|A/cattle/Texas/24-008749-003/2024(H5N1)	1563	G	A	0	0	0	753	327	36	1	753	0	TRUE	PA:cds-XAJ25422.1	GTG	V	GTA	V	521
PA|PP755594.1|A/cattle/Texas/24-008749-003/2024(H5N1)	1566	C	T	0	0	0	760	334	36	1	760	0	TRUE	PA:cds-XAJ25422.1	AGC	S	AGT	S	522
PA|PP755594.1|A/cattle/Texas/24-008749-003/2024(H5N1)	1572	A	G	0	0	0	778	343	36	1	778	0	TRUE	PA:cds-XAJ25422.1	GAA	E	GAG	E	524
PA|PP755594.1|A/cattle/Texas/24-008749-003/2024(H5N1)	1575	C	T	5	0	33	768	334	36	0.993532	773	0	TRUE	PA:cds-XAJ25422.1	TTC	F	TTT	F	525
PA|PP755594.1|A/cattle/Texas/24-008749-003/2024(H5N1)	1581	A	C	0	0	0	773	340	36	1	773	0	TRUE	PA:cds-XAJ25422.1	CTA	L	CTC	L	527
PA|PP755594.1|A/cattle/Texas/24-008749-003/2024(H5N1)	1584	T	C	0	0	0	770	337	36	1	770	0	TRUE	PA:cds-XAJ25422.1	ACT	T	ACC	T	528
PA|PP755594.1|A/cattle/Texas/24-008749-003/2024(H5N1)	1590	G	A	0	0	0	851	351	36	1	851	0	TRUE	PA:cds-XAJ25422.1	CCG	P	CCA	P	530
PA|PP755594.1|A/cattle/Texas/24-008749-003/2024(H5N1)	1596	A	G	0	0	0	974	413	36	1	974	0	TRUE	PA:cds-XAJ25422.1	CTA	L	CTG	L	532
PA|PP755594.1|A/cattle/Texas/24-008749-003/2024(H5N1)	1599	G	A	0	0	0	959	401	36	1	959	0	TRUE	PA:cds-XAJ25422.1	GAG	E	GAA	E	533
PA|PP755594.1|A/cattle/Texas/24-008749-003/2024(H5N1)	1623	T	C	0	0	0	1299	551	36	1	1299	0	TRUE	PA:cds-XAJ25422.1	TGT	C	TGC	C	541
PA|PP755594.1|A/cattle/Texas/24-008749-003/2024(H5N1)	1632	G	A	0	0	0	1032	411	36	1	1032	0	TRUE	PA:cds-XAJ25422.1	GAG	E	GAA	E	544
PA|PP755594.1|A/cattle/Texas/24-008749-003/2024(H5N1)	1633	A	G	0	0	0	1050	415	36	1	1050	0	TRUE	PA:cds-XAJ25422.1	ATA	I	GTA	V	545
PA|PP755594.1|A/cattle/Texas/24-008749-003/2024(H5N1)	1635	A	G	1	0	37	1053	416	36	0.999051	1054	0	TRUE	PA:cds-XAJ25422.1	ATA	I	ATG	M	545
PA|PP755594.1|A/cattle/Texas/24-008749-003/2024(H5N1)	1641	C	G	0	0	0	1218	506	36	1	1218	0	TRUE	PA:cds-XAJ25422.1	GAC	D	GAG	E	547
PA|PP755594.1|A/cattle/Texas/24-008749-003/2024(H5N1)	1650	A	G	0	0	0	1399	606	36	1	1399	0	TRUE	PA:cds-XAJ25422.1	CTA	L	CTG	L	550
PA|PP755594.1|A/cattle/Texas/24-008749-003/2024(H5N1)	1651	C	A	0	0	0	1400	609	36	1	1400	0	TRUE	PA:cds-XAJ25422.1	CGG	R	AGG	R	551
PA|PP755594.1|A/cattle/Texas/24-008749-003/2024(H5N1)	1673	T	C	0	0	0	1298	520	36	1	1298	0	TRUE	PA:cds-XAJ25422.1	TTG	L	TCG	S	558
PA|PP755594.1|A/cattle/Texas/24-008749-003/2024(H5N1)	1674	G	A	2	0	23	1277	513	36	0.998436	1279	0	TRUE	PA:cds-XAJ25422.1	TTG	L	TTA	L	558
PA|PP755594.1|A/cattle/Texas/24-008749-003/2024(H5N1)	1677	G	A	1	1	37	1293	513	36	0.999227	1294	0	TRUE	PA:cds-XAJ25422.1	AGG	R	AGA	R	559
PA|PP755594.1|A/cattle/Texas/24-008749-003/2024(H5N1)	1695	G	T	0	0	0	1195	414	36	1	1195	0	TRUE	PA:cds-XAJ25422.1	GTG	V	GTT	V	565
PA|PP755594.1|A/cattle/Texas/24-008749-003/2024(H5N1)	1698	A	G	1	0	37	1217	438	36	0.999179	1218	0	TRUE	PA:cds-XAJ25422.1	AGA	R	AGG	R	566
PA|PP755594.1|A/cattle/Texas/24-008749-003/2024(H5N1)	1704	T	C	0	0	0	1208	422	36	1	1208	0	TRUE	PA:cds-XAJ25422.1	AAT	N	AAC	N	568
PA|PP755594.1|A/cattle/Texas/24-008749-003/2024(H5N1)	1707	A	T	0	0	0	1175	403	36	1	1175	0	TRUE	PA:cds-XAJ25422.1	GGA	G	GGT	G	569
PA|PP755594.1|A/cattle/Texas/24-008749-003/2024(H5N1)	1710	T	C	0	0	0	1184	410	36	1	1184	0	TRUE	PA:cds-XAJ25422.1	ACT	T	ACC	T	570
PA|PP755594.1|A/cattle/Texas/24-008749-003/2024(H5N1)	1716	G	A	1	0	37	1276	447	36	0.999217	1277	0	TRUE	PA:cds-XAJ25422.1	AAG	K	AAA	K	572
PA|PP755594.1|A/cattle/Texas/24-008749-003/2024(H5N1)	1722	A	G	0	0	0	1297	465	36	1	1297	0	TRUE	PA:cds-XAJ25422.1	AAA	K	AAG	K	574
PA|PP755594.1|A/cattle/Texas/24-008749-003/2024(H5N1)	1734	C	T	0	0	0	1327	501	35	1	1327	0	TRUE	PA:cds-XAJ25422.1	GGC	G	GGT	G	578
PA|PP755594.1|A/cattle/Texas/24-008749-003/2024(H5N1)	1749	A	T	0	0	0	1348	514	36	0.999259	1349	0	TRUE	PA:cds-XAJ25422.1	CGA	R	CGT	R	583
PA|PP755594.1|A/cattle/Texas/24-008749-003/2024(H5N1)	1764	C	T	0	0	0	1347	506	36	1	1347	0	TRUE	PA:cds-XAJ25422.1	TCC	S	TCT	S	588
PA|PP755594.1|A/cattle/Texas/24-008749-003/2024(H5N1)	1773	A	G	2	2	31	1616	712	36	0.998764	1618	0	TRUE	PA:cds-XAJ25422.1	CAA	Q	CAG	Q	591
PA|PP755594.1|A/cattle/Texas/24-008749-003/2024(H5N1)	1791	G	A	1293	556	36	322	137	35	0.199381	1615	3.18505e-104	TRUE	PA:cds-XAJ25422.1	GAG	E	GAA	E	597
PA|PP755594.1|A/cattle/Texas/24-008749-003/2024(H5N1)	1797	A	G	0	0	0	1419	595	36	1	1419	0	TRUE	PA:cds-XAJ25422.1	GAA	E	GAG	E	599
PA|PP755594.1|A/cattle/Texas/24-008749-003/2024(H5N1)	1806	C	A	0	0	0	1289	570	34	1	1289	0	TRUE	PA:cds-XAJ25422.1	GTC	V	GTA	V	602
PA|PP755594.1|A/cattle/Texas/24-008749-003/2024(H5N1)	1812	G	A	1	0	37	1086	533	36	0.99908	1087	0	TRUE	PA:cds-XAJ25422.1	GAG	E	GAA	E	604
PA|PP755594.1|A/cattle/Texas/24-008749-003/2024(H5N1)	1815	G	A	0	0	0	1090	529	36	1	1090	0	TRUE	PA:cds-XAJ25422.1	AAG	K	AAA	K	605
PA|PP755594.1|A/cattle/Texas/24-008749-003/2024(H5N1)	1822	T	A	0	0	0	1058	531	36	1	1058	0	TRUE	PA:cds-XAJ25422.1	TCC	S	ACC	T	608
PA|PP755594.1|A/cattle/Texas/24-008749-003/2024(H5N1)	1824	C	T	1	0	37	1052	527	36	0.99905	1053	0	TRUE	PA:cds-XAJ25422.1	TCC	S	TCT	S	608
PA|PP755594.1|A/cattle/Texas/24-008749-003/2024(H5N1)	1827	G	A	0	0	0	1047	530	36	1	1047	0	TRUE	PA:cds-XAJ25422.1	AAG	K	AAA	K	609
PA|PP755594.1|A/cattle/Texas/24-008749-003/2024(H5N1)	1833	C	T	0	0	0	1249	701	36	1	1249	0	TRUE	PA:cds-XAJ25422.1	TTC	F	TTT	F	611
PA|PP755594.1|A/cattle/Texas/24-008749-003/2024(H5N1)	1839	A	G	0	0	0	1261	717	36	1	1261	0	TRUE	PA:cds-XAJ25422.1	GAA	E	GAG	E	613
PA|PP755594.1|A/cattle/Texas/24-008749-003/2024(H5N1)	1845	A	G	0	0	0	1256	716	36	1	1256	0	TRUE	PA:cds-XAJ25422.1	AAA	K	AAG	K	615
PA|PP755594.1|A/cattle/Texas/24-008749-003/2024(H5N1)	1848	A	G	0	0	0	1235	707	36	1	1235	0	TRUE	PA:cds-XAJ25422.1	TCA	S	TCG	S	616
PA|PP755594.1|A/cattle/Texas/24-008749-003/2024(H5N1)	1854	A	G	0	0	0	1378	823	36	1	1378	0	TRUE	PA:cds-XAJ25422.1	ACA	T	ACG	T	618
PA|PP755594.1|A/cattle/Texas/24-008749-003/2024(H5N1)	1872	A	C	0	0	0	1412	869	35	1	1412	0	TRUE	PA:cds-XAJ25422.1	TCA	S	TCC	S	624
PA|PP755594.1|A/cattle/Texas/24-008749-003/2024(H5N1)	1877	A	G	0	0	0	1427	873	35	1	1427	0	TRUE	PA:cds-XAJ25422.1	AAA	K	AGA	R	626
PA|PP755594.1|A/cattle/Texas/24-008749-003/2024(H5N1)	1884	G	A	0	0	0	1439	912	35	1	1439	0	TRUE	PA:cds-XAJ25422.1	GTG	V	GTA	V	628
PA|PP755594.1|A/cattle/Texas/24-008749-003/2024(H5N1)	1893	C	A	1	1	35	1419	913	36	0.999296	1420	0	TRUE	PA:cds-XAJ25422.1	GGC	G	GGA	G	631
PA|PP755594.1|A/cattle/Texas/24-008749-003/2024(H5N1)	1896	T	C	0	0	0	1431	932	36	1	1431	0	TRUE	PA:cds-XAJ25422.1	TCT	S	TCC	S	632
PA|PP755594.1|A/cattle/Texas/24-008749-003/2024(H5N1)	1905	A	G	0	0	0	1446	965	36	1	1446	0	TRUE	PA:cds-XAJ25422.1	AAA	K	AAG	K	635
PA|PP755594.1|A/cattle/Texas/24-008749-003/2024(H5N1)	1917	A	C	1	0	37	1064	716	36	0.999061	1065	0	TRUE	PA:cds-XAJ25422.1	ACA	T	ACC	T	639
PA|PP755594.1|A/cattle/Texas/24-008749-003/2024(H5N1)	1918	T	C	0	0	0	1069	718	36	1	1069	0	TRUE	PA:cds-XAJ25422.1	TTG	L	CTG	L	640
PA|PP755594.1|A/cattle/Texas/24-008749-003/2024(H5N1)	1923	A	G	2	2	37	1075	720	36	0.998143	1077	0	TRUE	PA:cds-XAJ25422.1	CTA	L	CTG	L	641
PA|PP755594.1|A/cattle/Texas/24-008749-003/2024(H5N1)	1929	G	A	1	1	37	1272	905	35	0.999214	1273	0	TRUE	PA:cds-XAJ25422.1	AAG	K	AAA	K	643
PA|PP755594.1|A/cattle/Texas/24-008749-003/2024(H5N1)	1944	C	T	2	1	35	1469	1112	36	0.99864	1471	0	TRUE	PA:cds-XAJ25422.1	AGC	S	AGT	S	648
PA|PP755594.1|A/cattle/Texas/24-008749-003/2024(H5N1)	1950	T	C	1	1	37	1329	968	36	0.999248	1330	0	TRUE	PA:cds-XAJ25422.1	TAT	Y	TAC	Y	650
PA|PP755594.1|A/cattle/Texas/24-008749-003/2024(H5N1)	1956	T	C	0	0	0	1113	802	36	1	1113	0	TRUE	PA:cds-XAJ25422.1	TCT	S	TCC	S	652
PA|PP755594.1|A/cattle/Texas/24-008749-003/2024(H5N1)	1959	T	A	0	0	0	1105	791	36	1	1105	0	TRUE	PA:cds-XAJ25422.1	CCT	P	CCA	P	653
PA|PP755594.1|A/cattle/Texas/24-008749-003/2024(H5N1)	1965	C	T	1	1	37	1124	815	36	0.999111	1125	0	TRUE	PA:cds-XAJ25422.1	CTC	L	CTT	L	655
PA|PP755594.1|A/cattle/Texas/24-008749-003/2024(H5N1)	1968	G	A	3	2	37	1141	831	36	0.997378	1144	0	TRUE	PA:cds-XAJ25422.1	GAG	E	GAA	E	656
PA|PP755594.1|A/cattle/Texas/24-008749-003/2024(H5N1)	1971	G	A	1	1	37	1153	836	36	0.999133	1154	0	TRUE	PA:cds-XAJ25422.1	GGG	G	GGA	G	657
PA|PP755594.1|A/cattle/Texas/24-008749-003/2024(H5N1)	1980	T	A	0	0	0	1459	1022	36	1	1459	0	TRUE	PA:cds-XAJ25422.1	GCT	A	GCA	A	660
PA|PP755594.1|A/cattle/Texas/24-008749-003/2024(H5N1)	1986	A	G	2	1	37	1492	1045	36	0.998661	1494	0	TRUE	PA:cds-XAJ25422.1	TCA	S	TCG	S	662
PA|PP755594.1|A/cattle/Texas/24-008749-003/2024(H5N1)	1989	A	G	1	1	37	1495	1039	36	0.999332	1496	0	TRUE	PA:cds-XAJ25422.1	AGA	R	AGG	R	663
PA|PP755594.1|A/cattle/Texas/24-008749-003/2024(H5N1)	1993	T	C	3	3	33	1512	1054	36	0.99802	1515	0	TRUE	PA:cds-XAJ25422.1	TTG	L	CTG	L	665
PA|PP755594.1|A/cattle/Texas/24-008749-003/2024(H5N1)	2052	G	A	2	2	37	1795	1474	36	0.998887	1797	0	TRUE	PA:cds-XAJ25422.1	GGG	G	GGA	G	684
PA|PP755594.1|A/cattle/Texas/24-008749-003/2024(H5N1)	2088	C	T	0	0	0	1648	1398	36	1	1648	0	TRUE	PA:cds-XAJ25422.1	AAC	N	AAT	N	696
