REGION	POS	REF	ALT	REF_DP	REF_RV	REF_QUAL	ALT_DP	ALT_RV	ALT_QUAL	ALT_FREQ	TOTAL_DP	PVAL	PASS	GFF_FEATURE	REF_CODON	REF_AA	ALT_CODON	ALT_AA	POS_AA
NS|PP755593.1|A/cattle/Texas/24-008749-003/2024(H5N1)	20	T	C	5	0	40	12733	1313	40	0.999294	12742	0	TRUE	NEP:cds-XAJ25421.1	TTA	L	TCA	S	7
NS|PP755593.1|A/cattle/Texas/24-008749-003/2024(H5N1)	20	T	C	5	0	40	12733	1313	40	0.999294	12742	0	TRUE	NS1:cds-XAJ25420.1	TTA	L	TCA	S	7
NS|PP755593.1|A/cattle/Texas/24-008749-003/2024(H5N1)	108	C	T	6	2	44	27108	4948	47	0.999705	27116	0	TRUE	NS1:cds-XAJ25420.1	CTC	L	CTT	L	36
NS|PP755593.1|A/cattle/Texas/24-008749-003/2024(H5N1)	117	C	T	13	4	43	27310	5105	47	0.999451	27325	0	TRUE	NS1:cds-XAJ25420.1	GAC	D	GAT	D	39
NS|PP755593.1|A/cattle/Texas/24-008749-003/2024(H5N1)	123	G	A	13	2	46	27166	5253	47	0.999448	27181	0	TRUE	NS1:cds-XAJ25420.1	AAG	K	AAA	K	41
NS|PP755593.1|A/cattle/Texas/24-008749-003/2024(H5N1)	126	T	C	4	0	40	27216	7632	47	0.999706	27224	0	TRUE	NS1:cds-XAJ25420.1	TCT	S	TCC	S	42
NS|PP755593.1|A/cattle/Texas/24-008749-003/2024(H5N1)	127	C	A	22063	7923	40	340	1	25	0.0151732	22408	1.92271e-08	TRUE	NS1:cds-XAJ25420.1	CTA	L	ATA	I	43
NS|PP755593.1|A/cattle/Texas/24-008749-003/2024(H5N1)	129	A	G	40	11	50	26711	6960	44	0.996493	26805	0	TRUE	NS1:cds-XAJ25420.1	CTA	L	CTG	L	43
NS|PP755593.1|A/cattle/Texas/24-008749-003/2024(H5N1)	165	G	A	20	9	42	30748	14408	46	0.999253	30771	0	TRUE	NS1:cds-XAJ25420.1	GAG	E	GAA	E	55
NS|PP755593.1|A/cattle/Texas/24-008749-003/2024(H5N1)	168	G	A	40	22	48	30607	14745	46	0.998467	30654	0	TRUE	NS1:cds-XAJ25420.1	ACG	T	ACA	T	56
NS|PP755593.1|A/cattle/Texas/24-008749-003/2024(H5N1)	174	T	C	11	6	46	30991	15249	46	0.999516	31006	0	TRUE	NS1:cds-XAJ25420.1	ACT	T	ACC	T	58
NS|PP755593.1|A/cattle/Texas/24-008749-003/2024(H5N1)	180	T	G	23	23	26	29632	14321	43	0.998416	29679	0	TRUE	NS1:cds-XAJ25420.1	GCT	A	GCG	A	60
NS|PP755593.1|A/cattle/Texas/24-008749-003/2024(H5N1)	183	G	A	329	216	38	30432	15404	45	0.989272	30762	0	TRUE	NS1:cds-XAJ25420.1	GGG	G	GGA	G	61
NS|PP755593.1|A/cattle/Texas/24-008749-003/2024(H5N1)	199	A	C	2	2	52	33690	17251	46	0.999436	33709	0	TRUE	NS1:cds-XAJ25420.1	AGG	R	CGG	R	67
NS|PP755593.1|A/cattle/Texas/24-008749-003/2024(H5N1)	210	G	A	64	35	44	33644	17496	46	0.998013	33711	0	TRUE	NS1:cds-XAJ25420.1	GAG	E	GAA	E	70
NS|PP755593.1|A/cattle/Texas/24-008749-003/2024(H5N1)	219	C	T	23	10	40	34503	19000	46	0.999305	34527	0	TRUE	NS1:cds-XAJ25420.1	TCC	S	TCT	S	73
NS|PP755593.1|A/cattle/Texas/24-008749-003/2024(H5N1)	224	A	G	10	5	44	34443	19943	46	0.999594	34457	0	TRUE	NS1:cds-XAJ25420.1	GAG	E	GGG	G	75
NS|PP755593.1|A/cattle/Texas/24-008749-003/2024(H5N1)	231	C	T	15	7	43	33516	19798	43	0.999076	33547	0	TRUE	NS1:cds-XAJ25420.1	CTC	L	CTT	L	77
NS|PP755593.1|A/cattle/Texas/24-008749-003/2024(H5N1)	247	T	C	11	5	43	32756	20167	44	0.999634	32768	0	TRUE	NS1:cds-XAJ25420.1	TCT	S	CCT	P	83
NS|PP755593.1|A/cattle/Texas/24-008749-003/2024(H5N1)	249	T	C	24	12	40	32552	20158	44	0.998987	32585	0	TRUE	NS1:cds-XAJ25420.1	TCT	S	TCC	S	83
NS|PP755593.1|A/cattle/Texas/24-008749-003/2024(H5N1)	255	T	A	3	3	40	33082	20247	44	0.998943	33117	0	TRUE	NS1:cds-XAJ25420.1	CCT	P	CCA	P	85
NS|PP755593.1|A/cattle/Texas/24-008749-003/2024(H5N1)	259	C	T	26	11	41	33297	19820	44	0.99913	33326	0	TRUE	NS1:cds-XAJ25420.1	CCA	P	TCA	S	87
NS|PP755593.1|A/cattle/Texas/24-008749-003/2024(H5N1)	288	A	G	9	4	40	32957	17075	43	0.999151	32985	0	TRUE	NS1:cds-XAJ25420.1	GAA	E	GAG	E	96
NS|PP755593.1|A/cattle/Texas/24-008749-003/2024(H5N1)	289	G	T	23270	6835	39	854	853	24	0.0353843	24135	3.47197e-112	TRUE	NS1:cds-XAJ25420.1	GAG	E	TAG	*	97
NS|PP755593.1|A/cattle/Texas/24-008749-003/2024(H5N1)	300	A	G	18	9	46	34206	19190	45	0.999416	34226	0	TRUE	NS1:cds-XAJ25420.1	AGA	R	AGG	R	100
NS|PP755593.1|A/cattle/Texas/24-008749-003/2024(H5N1)	324	G	A	19	15	45	31588	14406	44	0.999209	31613	0	TRUE	NS1:cds-XAJ25420.1	AAG	K	AAA	K	108
NS|PP755593.1|A/cattle/Texas/24-008749-003/2024(H5N1)	327	A	G	39	17	38	31498	14467	44	0.998732	31538	0	TRUE	NS1:cds-XAJ25420.1	CAA	Q	CAG	Q	109
NS|PP755593.1|A/cattle/Texas/24-008749-003/2024(H5N1)	331	G	A	42	23	40	31408	14449	44	0.998569	31453	0	TRUE	NS1:cds-XAJ25420.1	GTG	V	ATG	M	111
NS|PP755593.1|A/cattle/Texas/24-008749-003/2024(H5N1)	339	C	T	39	22	43	30296	14275	43	0.998517	30341	0	TRUE	NS1:cds-XAJ25420.1	GGC	G	GGT	G	113
NS|PP755593.1|A/cattle/Texas/24-008749-003/2024(H5N1)	345	C	T	12	7	42	29147	13886	43	0.999451	29163	0	TRUE	NS1:cds-XAJ25420.1	CTC	L	CTT	L	115
NS|PP755593.1|A/cattle/Texas/24-008749-003/2024(H5N1)	346	A	T	0	0	0	29069	13792	43	0.999209	29092	0	TRUE	NS1:cds-XAJ25420.1	AGT	S	TGT	C	116
NS|PP755593.1|A/cattle/Texas/24-008749-003/2024(H5N1)	348	T	C	15	6	37	29248	14003	43	0.999487	29263	0	TRUE	NS1:cds-XAJ25420.1	AGT	S	AGC	S	116
NS|PP755593.1|A/cattle/Texas/24-008749-003/2024(H5N1)	366	G	A	24	17	44	31485	13267	44	0.999111	31513	0	TRUE	NS1:cds-XAJ25420.1	GCG	A	GCA	A	122
NS|PP755593.1|A/cattle/Texas/24-008749-003/2024(H5N1)	369	T	A	0	0	0	31474	13668	45	0.999587	31487	0	TRUE	NS1:cds-XAJ25420.1	ATT	I	ATA	I	123
NS|PP755593.1|A/cattle/Texas/24-008749-003/2024(H5N1)	378	G	A	8	4	45	32777	15079	46	0.999756	32785	0	TRUE	NS1:cds-XAJ25420.1	AAG	K	AAA	K	126
NS|PP755593.1|A/cattle/Texas/24-008749-003/2024(H5N1)	386	T	C	8	6	53	26856	14850	40	0.978646	27442	0	TRUE	NS1:cds-XAJ25420.1	ATA	I	ACA	T	129
NS|PP755593.1|A/cattle/Texas/24-008749-003/2024(H5N1)	386	T	A	8	6	53	578	0	26	0.0210626	27442	0	TRUE	NS1:cds-XAJ25420.1	ATA	I	AAA	K	129
NS|PP755593.1|A/cattle/Texas/24-008749-003/2024(H5N1)	388	C	T	10	6	38	31304	14629	45	0.999425	31322	0	TRUE	NS1:cds-XAJ25420.1	CTG	L	TTG	L	130
NS|PP755593.1|A/cattle/Texas/24-008749-003/2024(H5N1)	393	G	A	58	29	49	31659	14962	46	0.998108	31719	0	TRUE	NS1:cds-XAJ25420.1	AAG	K	AAA	K	131
NS|PP755593.1|A/cattle/Texas/24-008749-003/2024(H5N1)	411	C	T	12	10	40	23726	12639	43	0.999326	23742	0	TRUE	NS1:cds-XAJ25420.1	ATC	I	ATT	I	137
NS|PP755593.1|A/cattle/Texas/24-008749-003/2024(H5N1)	414	C	T	8	3	45	23745	12668	43	0.999621	23754	0	TRUE	NS1:cds-XAJ25420.1	TTC	F	TTT	F	138
NS|PP755593.1|A/cattle/Texas/24-008749-003/2024(H5N1)	415	A	G	8	4	43	23877	12820	43	0.999665	23885	0	TRUE	NS1:cds-XAJ25420.1	AAT	N	GAT	D	139
NS|PP755593.1|A/cattle/Texas/24-008749-003/2024(H5N1)	417	T	C	11	6	45	22699	12811	41	0.996575	22777	0	TRUE	NS1:cds-XAJ25420.1	AAT	N	AAC	N	139
NS|PP755593.1|A/cattle/Texas/24-008749-003/2024(H5N1)	426	G	A	9234	4888	46	20636	10786	44	0.690722	29876	0	TRUE	NS1:cds-XAJ25420.1	GAG	E	GAA	E	142
NS|PP755593.1|A/cattle/Texas/24-008749-003/2024(H5N1)	429	A	C	42	1	27	30551	15502	44	0.997942	30614	0	TRUE	NS1:cds-XAJ25420.1	ACA	T	ACC	T	143
NS|PP755593.1|A/cattle/Texas/24-008749-003/2024(H5N1)	439	C	A	14	3	33	30391	14534	45	0.999474	30407	0	TRUE	NS1:cds-XAJ25420.1	CTC	L	ATC	I	147
NS|PP755593.1|A/cattle/Texas/24-008749-003/2024(H5N1)	441	C	T	3	1	48	30429	14519	45	0.999639	30440	0	TRUE	NS1:cds-XAJ25420.1	CTC	L	CTT	L	147
NS|PP755593.1|A/cattle/Texas/24-008749-003/2024(H5N1)	453	T	A	2	1	40	30103	15975	44	0.998673	30143	0	TRUE	NS1:cds-XAJ25420.1	ACT	T	ACA	T	151
NS|PP755593.1|A/cattle/Texas/24-008749-003/2024(H5N1)	459	G	A	69	21	38	29718	16007	44	0.997617	29789	0	TRUE	NS1:cds-XAJ25420.1	GAG	E	GAA	E	153
NS|PP755593.1|A/cattle/Texas/24-008749-003/2024(H5N1)	462	A	G	11	4	38	29534	15656	43	0.999222	29557	0	TRUE	NS1:cds-XAJ25420.1	GGA	G	GGG	G	154
NS|PP755593.1|A/cattle/Texas/24-008749-003/2024(H5N1)	471	C	G	0	0	0	28832	14713	43	0.99948	28847	0	TRUE	NS1:cds-XAJ25420.1	GTC	V	GTG	V	157
NS|PP755593.1|A/cattle/Texas/24-008749-003/2024(H5N1)	474	C	A	4	1	28	29620	15569	44	0.998685	29659	0	TRUE	NS1:cds-XAJ25420.1	GGC	G	GGA	G	158
NS|PP755593.1|A/cattle/Texas/24-008749-003/2024(H5N1)	480	T	C	2	2	32	31206	17113	45	0.999904	31209	0	TRUE	NS1:cds-XAJ25420.1	ATT	I	ATC	I	160
NS|PP755593.1|A/cattle/Texas/24-008749-003/2024(H5N1)	489	G	A	22	11	46	31870	17767	46	0.99906	31900	0	TRUE	NS1:cds-XAJ25420.1	TTG	L	TTA	L	163
NS|PP755593.1|A/cattle/Texas/24-008749-003/2024(H5N1)	511	G	A	20	14	38	35095	19485	43	0.999061	35128	0	TRUE	NEP:cds-XAJ25421.1	CTG	L	CTA	L	3
NS|PP755593.1|A/cattle/Texas/24-008749-003/2024(H5N1)	511	G	A	20	14	38	35095	19485	43	0.999061	35128	0	TRUE	NS1:cds-XAJ25420.1	GAT	D	AAT	N	171
NS|PP755593.1|A/cattle/Texas/24-008749-003/2024(H5N1)	578	G	A	19	14	43	31214	15442	44	0.998944	31247	0	TRUE	NEP:cds-XAJ25421.1	GAG	E	AAG	K	26
NS|PP755593.1|A/cattle/Texas/24-008749-003/2024(H5N1)	578	G	A	19	14	43	31214	15442	44	0.998944	31247	0	TRUE	NS1:cds-XAJ25420.1	CGA	R	CAA	Q	193
NS|PP755593.1|A/cattle/Texas/24-008749-003/2024(H5N1)	592	T	C	0	0	0	31293	15871	45	0.999744	31301	0	TRUE	NEP:cds-XAJ25421.1	CTT	L	CTC	L	30
NS|PP755593.1|A/cattle/Texas/24-008749-003/2024(H5N1)	592	T	C	0	0	0	31293	15871	45	0.999744	31301	0	TRUE	NS1:cds-XAJ25420.1	TTA	L	CTA	L	198
NS|PP755593.1|A/cattle/Texas/24-008749-003/2024(H5N1)	668	A	C	6	5	34	29484	17051	49	0.999153	29509	0	TRUE	NEP:cds-XAJ25421.1	AGA	R	CGA	R	56
NS|PP755593.1|A/cattle/Texas/24-008749-003/2024(H5N1)	668	A	C	6	5	34	29484	17051	49	0.999153	29509	0	TRUE	NS1:cds-XAJ25420.1	GAG	E	GCG	A	223
NS|PP755593.1|A/cattle/Texas/24-008749-003/2024(H5N1)	703	G	A	46	35	46	28262	17797	49	0.998375	28308	0	TRUE	NEP:cds-XAJ25421.1	AGG	R	AGA	R	67
NS|PP755593.1|A/cattle/Texas/24-008749-003/2024(H5N1)	724	A	G	19	13	54	28429	22592	51	0.999332	28448	0	TRUE	NEP:cds-XAJ25421.1	CGA	R	CGG	R	74
NS|PP755593.1|A/cattle/Texas/24-008749-003/2024(H5N1)	731	C	T	19	16	47	26962	22377	50	0.998963	26990	0	TRUE	NEP:cds-XAJ25421.1	CTA	L	TTA	L	77
NS|PP755593.1|A/cattle/Texas/24-008749-003/2024(H5N1)	733	A	G	6	5	46	27215	22777	51	0.999596	27226	0	TRUE	NEP:cds-XAJ25421.1	CTA	L	CTG	L	77
NS|PP755593.1|A/cattle/Texas/24-008749-003/2024(H5N1)	739	C	T	3	3	34	25889	21502	50	0.99919	25910	0	TRUE	NEP:cds-XAJ25421.1	ATC	I	ATT	I	79
NS|PP755593.1|A/cattle/Texas/24-008749-003/2024(H5N1)	745	A	G	8	8	55	25509	21492	51	0.999686	25517	0	TRUE	NEP:cds-XAJ25421.1	GAA	E	GAG	E	81
NS|PP755593.1|A/cattle/Texas/24-008749-003/2024(H5N1)	748	T	C	13	13	48	25548	21564	51	0.999452	25562	0	TRUE	NEP:cds-XAJ25421.1	AAT	N	AAC	N	82
NS|PP755593.1|A/cattle/Texas/24-008749-003/2024(H5N1)	754	T	C	17	15	47	25149	21150	51	0.999126	25171	0	TRUE	NEP:cds-XAJ25421.1	TTT	F	TTC	F	84
NS|PP755593.1|A/cattle/Texas/24-008749-003/2024(H5N1)	760	A	G	10	9	52	24228	20365	51	0.999546	24239	0	TRUE	NEP:cds-XAJ25421.1	CAA	Q	CAG	Q	86
NS|PP755593.1|A/cattle/Texas/24-008749-003/2024(H5N1)	766	A	T	1	1	40	23444	19858	49	0.998254	23485	0	TRUE	NEP:cds-XAJ25421.1	ACA	T	ACT	T	88
NS|PP755593.1|A/cattle/Texas/24-008749-003/2024(H5N1)	769	T	C	10	9	42	23613	20456	49	0.999534	23624	0	TRUE	NEP:cds-XAJ25421.1	TTT	F	TTC	F	89
NS|PP755593.1|A/cattle/Texas/24-008749-003/2024(H5N1)	788	C	T	30	29	40	19522	17846	44	0.998312	19555	0	TRUE	NEP:cds-XAJ25421.1	CTG	L	TTG	L	96
NS|PP755593.1|A/cattle/Texas/24-008749-003/2024(H5N1)	799	G	A	20	20	40	17842	16562	45	0.99888	17862	0	TRUE	NEP:cds-XAJ25421.1	GTG	V	GTA	V	99
NS|PP755593.1|A/cattle/Texas/24-008749-003/2024(H5N1)	832	T	C	4	4	36	11597	10797	35	0.999655	11601	0	TRUE	NEP:cds-XAJ25421.1	CTT	L	CTC	L	110
