REGION	POS	REF	ALT	REF_DP	REF_RV	REF_QUAL	ALT_DP	ALT_RV	ALT_QUAL	ALT_FREQ	TOTAL_DP	PVAL	PASS	GFF_FEATURE	REF_CODON	REF_AA	ALT_CODON	ALT_AA	POS_AA
NA|PP755591.1|A/cattle/Texas/24-008749-003/2024(H5N1)	27	C	T	1	0	37	207	17	37	0.995192	208	6.27154e-242	TRUE	NA:cds-XAJ25418.1	ACC	T	ACT	T	9
NA|PP755591.1|A/cattle/Texas/24-008749-003/2024(H5N1)	30	T	C	0	0	0	211	17	37	1	211	2.95044e-247	TRUE	NA:cds-XAJ25418.1	ATT	I	ATC	I	10
NA|PP755591.1|A/cattle/Texas/24-008749-003/2024(H5N1)	33	A	G	0	0	0	212	17	37	1	212	4.04394e-248	TRUE	NA:cds-XAJ25418.1	GGA	G	GGG	G	11
NA|PP755591.1|A/cattle/Texas/24-008749-003/2024(H5N1)	42	T	C	0	0	0	215	17	37	1	215	1.26505e-250	TRUE	NA:cds-XAJ25418.1	TGT	C	TGC	C	14
NA|PP755591.1|A/cattle/Texas/24-008749-003/2024(H5N1)	48	A	G	0	0	0	210	16	37	0.995261	211	2.15812e-246	TRUE	NA:cds-XAJ25418.1	GTA	V	GTG	V	16
NA|PP755591.1|A/cattle/Texas/24-008749-003/2024(H5N1)	54	G	A	1	0	37	210	16	37	0.995261	211	9.22425e-244	TRUE	NA:cds-XAJ25418.1	GGG	G	GGA	G	18
NA|PP755591.1|A/cattle/Texas/24-008749-003/2024(H5N1)	58	G	A	0	0	0	206	16	36	1	206	7.54429e-243	TRUE	NA:cds-XAJ25418.1	GTC	V	ATC	I	20
NA|PP755591.1|A/cattle/Texas/24-008749-003/2024(H5N1)	60	C	A	0	0	0	210	16	37	1	210	5.22339e-246	TRUE	NA:cds-XAJ25418.1	GTC	V	GTA	V	20
NA|PP755591.1|A/cattle/Texas/24-008749-003/2024(H5N1)	63	C	T	2	0	37	205	16	36	0.990338	207	7.07176e-238	TRUE	NA:cds-XAJ25418.1	AGC	S	AGT	S	21
NA|PP755591.1|A/cattle/Texas/24-008749-003/2024(H5N1)	64	T	C	0	0	0	212	16	37	1	212	1.40755e-247	TRUE	NA:cds-XAJ25418.1	TTG	L	CTG	L	22
NA|PP755591.1|A/cattle/Texas/24-008749-003/2024(H5N1)	67	A	G	1	0	36	207	18	37	0.995192	208	1.85842e-244	TRUE	NA:cds-XAJ25418.1	ATG	M	GTG	V	23
NA|PP755591.1|A/cattle/Texas/24-008749-003/2024(H5N1)	72	G	A	1	0	37	252	25	35	0.996047	253	2.26162e-280	TRUE	NA:cds-XAJ25418.1	CTG	L	CTA	L	24
NA|PP755591.1|A/cattle/Texas/24-008749-003/2024(H5N1)	81	G	A	2	1	37	879	86	39	0.99773	881	0	TRUE	NA:cds-XAJ25418.1	GGG	G	GGA	G	27
NA|PP755591.1|A/cattle/Texas/24-008749-003/2024(H5N1)	105	C	T	2	0	37	1008	109	39	0.99802	1010	0	TRUE	NA:cds-XAJ25418.1	AGC	S	AGT	S	35
NA|PP755591.1|A/cattle/Texas/24-008749-003/2024(H5N1)	114	C	T	0	0	0	1012	110	39	1	1012	0	TRUE	NA:cds-XAJ25418.1	ATC	I	ATT	I	38
NA|PP755591.1|A/cattle/Texas/24-008749-003/2024(H5N1)	120	A	T	0	0	0	552	141	37	1	552	0	TRUE	NA:cds-XAJ25418.1	ACA	T	ACT	T	40
NA|PP755591.1|A/cattle/Texas/24-008749-003/2024(H5N1)	123	G	A	2	1	55	546	143	37	0.99635	548	0	TRUE	NA:cds-XAJ25418.1	GGG	G	GGA	G	41
NA|PP755591.1|A/cattle/Texas/24-008749-003/2024(H5N1)	126	T	C	0	0	0	555	144	37	1	555	0	TRUE	NA:cds-XAJ25418.1	AAT	N	AAC	N	42
NA|PP755591.1|A/cattle/Texas/24-008749-003/2024(H5N1)	129	A	G	0	0	0	554	144	37	1	554	0	TRUE	NA:cds-XAJ25418.1	CAA	Q	CAG	Q	43
NA|PP755591.1|A/cattle/Texas/24-008749-003/2024(H5N1)	130	T	A	0	0	0	546	142	37	1	546	0	TRUE	NA:cds-XAJ25418.1	TAC	Y	AAC	N	44
NA|PP755591.1|A/cattle/Texas/24-008749-003/2024(H5N1)	135	G	C	0	0	0	554	145	37	1	554	0	TRUE	NA:cds-XAJ25418.1	CAG	Q	CAC	H	45
NA|PP755591.1|A/cattle/Texas/24-008749-003/2024(H5N1)	138	T	A	0	0	0	549	142	37	1	549	0	TRUE	NA:cds-XAJ25418.1	CCT	P	CCA	P	46
NA|PP755591.1|A/cattle/Texas/24-008749-003/2024(H5N1)	142	C	A	1	1	25	546	143	37	0.998172	547	0	TRUE	NA:cds-XAJ25418.1	CCA	P	ACA	T	48
NA|PP755591.1|A/cattle/Texas/24-008749-003/2024(H5N1)	156	C	T	2	0	37	750	295	38	0.99734	752	0	TRUE	NA:cds-XAJ25418.1	AGC	S	AGT	S	52
NA|PP755591.1|A/cattle/Texas/24-008749-003/2024(H5N1)	157	A	G	1	0	74	752	294	39	0.998672	753	0	TRUE	NA:cds-XAJ25418.1	ATC	I	GTC	V	53
NA|PP755591.1|A/cattle/Texas/24-008749-003/2024(H5N1)	168	T	C	0	0	0	899	440	39	1	899	0	TRUE	NA:cds-XAJ25418.1	TAT	Y	TAC	Y	56
NA|PP755591.1|A/cattle/Texas/24-008749-003/2024(H5N1)	171	G	A	0	0	0	880	430	38	1	880	0	TRUE	NA:cds-XAJ25418.1	GAG	E	GAA	E	57
NA|PP755591.1|A/cattle/Texas/24-008749-003/2024(H5N1)	177	C	T	0	0	0	850	442	38	1	850	0	TRUE	NA:cds-XAJ25418.1	AAC	N	AAT	N	59
NA|PP755591.1|A/cattle/Texas/24-008749-003/2024(H5N1)	180	C	T	1	1	37	847	439	38	0.998821	848	0	TRUE	NA:cds-XAJ25418.1	ACC	T	ACT	T	60
NA|PP755591.1|A/cattle/Texas/24-008749-003/2024(H5N1)	186	A	G	0	0	0	863	444	38	1	863	0	TRUE	NA:cds-XAJ25418.1	GTA	V	GTG	V	62
NA|PP755591.1|A/cattle/Texas/24-008749-003/2024(H5N1)	195	G	A	0	0	0	794	418	38	1	794	0	TRUE	NA:cds-XAJ25418.1	ACG	T	ACA	T	65
NA|PP755591.1|A/cattle/Texas/24-008749-003/2024(H5N1)	198	T	C	0	0	0	811	428	38	1	811	0	TRUE	NA:cds-XAJ25418.1	TAT	Y	TAC	Y	66
NA|PP755591.1|A/cattle/Texas/24-008749-003/2024(H5N1)	207	C	A	0	0	0	686	400	36	0.998544	687	0	TRUE	NA:cds-XAJ25418.1	ATC	I	ATA	I	69
NA|PP755591.1|A/cattle/Texas/24-008749-003/2024(H5N1)	212	G	A	3	2	33	605	355	36	0.995066	608	0	TRUE	NA:cds-XAJ25418.1	AGT	S	AAT	N	71
NA|PP755591.1|A/cattle/Texas/24-008749-003/2024(H5N1)	222	T	G	0	0	0	1	0	25	0.166667	6	0.0769231	FALSE	NA:cds-XAJ25418.1	TTT	F	TTG	L	74
NA|PP755591.1|A/cattle/Texas/24-008749-003/2024(H5N1)	222	T	A	0	0	0	5	4	29	0.833333	6	0.000161603	TRUE	NA:cds-XAJ25418.1	TTT	F	TTA	L	74
NA|PP755591.1|A/cattle/Texas/24-008749-003/2024(H5N1)	223	C	G	0	0	0	1	1	28	0.166667	6	0.1	FALSE	NA:cds-XAJ25418.1	CTT	L	GTT	V	75
NA|PP755591.1|A/cattle/Texas/24-008749-003/2024(H5N1)	223	C	A	0	0	0	5	3	32	0.833333	6	0.0004995	TRUE	NA:cds-XAJ25418.1	CTT	L	ATT	I	75
NA|PP755591.1|A/cattle/Texas/24-008749-003/2024(H5N1)	228	T	A	0	0	0	4	4	34	1	4	0.0142857	FALSE	NA:cds-XAJ25418.1	GCT	A	GCA	A	76
NA|PP755591.1|A/cattle/Texas/24-008749-003/2024(H5N1)	231	G	A	1	1	37	1	0	25	0.5	2	0.333333	FALSE	NA:cds-XAJ25418.1	GAG	E	GAA	E	77
NA|PP755591.1|A/cattle/Texas/24-008749-003/2024(H5N1)	288	G	A	1	1	37	1	1	25	0.5	2	0.666667	FALSE	NA:cds-XAJ25418.1	GGG	G	GGA	G	96
NA|PP755591.1|A/cattle/Texas/24-008749-003/2024(H5N1)	294	A	C	0	0	0	2	2	37	1	2	0.333333	FALSE	NA:cds-XAJ25418.1	GCA	A	GCC	A	98
NA|PP755591.1|A/cattle/Texas/24-008749-003/2024(H5N1)	303	T	C	0	0	0	1	1	37	1	1	0.5	FALSE	NA:cds-XAJ25418.1	AGT	S	AGC	S	101
NA|PP755591.1|A/cattle/Texas/24-008749-003/2024(H5N1)	375	C	T	0	0	0	364	182	36	1	364	3.8519e-220	TRUE	NA:cds-XAJ25418.1	TCC	S	TCT	S	125
NA|PP755591.1|A/cattle/Texas/24-008749-003/2024(H5N1)	378	C	T	0	0	0	354	182	36	1	354	4.56083e-217	TRUE	NA:cds-XAJ25418.1	CAC	H	CAT	H	126
NA|PP755591.1|A/cattle/Texas/24-008749-003/2024(H5N1)	390	A	G	0	0	0	371	185	36	1	371	7.39104e-223	TRUE	NA:cds-XAJ25418.1	AGA	R	AGG	R	130
NA|PP755591.1|A/cattle/Texas/24-008749-003/2024(H5N1)	399	C	T	0	0	0	364	179	36	1	364	9.82713e-221	TRUE	NA:cds-XAJ25418.1	TTC	F	TTT	F	133
NA|PP755591.1|A/cattle/Texas/24-008749-003/2024(H5N1)	402	G	A	1	0	37	359	182	36	0.997222	360	1.21249e-216	TRUE	NA:cds-XAJ25418.1	CTG	L	CTA	L	134
NA|PP755591.1|A/cattle/Texas/24-008749-003/2024(H5N1)	405	C	T	1	0	37	363	181	36	0.997253	364	3.66552e-218	TRUE	NA:cds-XAJ25418.1	ACC	T	ACT	T	135
NA|PP755591.1|A/cattle/Texas/24-008749-003/2024(H5N1)	408	G	A	0	0	0	360	178	35	1	360	8.42894e-220	TRUE	NA:cds-XAJ25418.1	CAG	Q	CAA	Q	136
NA|PP755591.1|A/cattle/Texas/24-008749-003/2024(H5N1)	411	A	G	0	0	0	368	182	36	0.99729	369	3.00058e-222	TRUE	NA:cds-XAJ25418.1	GGA	G	GGG	G	137
NA|PP755591.1|A/cattle/Texas/24-008749-003/2024(H5N1)	414	T	C	0	0	0	385	186	36	1	385	1.78484e-232	TRUE	NA:cds-XAJ25418.1	GCT	A	GCC	A	138
NA|PP755591.1|A/cattle/Texas/24-008749-003/2024(H5N1)	418	C	T	2	2	55	412	193	35	0.995169	414	8.16931e-275	TRUE	NA:cds-XAJ25418.1	CTG	L	TTG	L	140
NA|PP755591.1|A/cattle/Texas/24-008749-003/2024(H5N1)	426	C	T	0	0	0	817	341	36	1	817	0	TRUE	NA:cds-XAJ25418.1	GAC	D	GAT	D	142
NA|PP755591.1|A/cattle/Texas/24-008749-003/2024(H5N1)	429	A	G	0	0	0	840	351	37	1	840	0	TRUE	NA:cds-XAJ25418.1	AAA	K	AAG	K	143
NA|PP755591.1|A/cattle/Texas/24-008749-003/2024(H5N1)	441	G	A	2	1	37	973	403	37	0.997949	975	0	TRUE	NA:cds-XAJ25418.1	GGG	G	GGA	G	147
NA|PP755591.1|A/cattle/Texas/24-008749-003/2024(H5N1)	444	A	T	0	0	0	976	406	37	1	976	0	TRUE	NA:cds-XAJ25418.1	ACA	T	ACT	T	148
NA|PP755591.1|A/cattle/Texas/24-008749-003/2024(H5N1)	450	G	A	3	2	49	1194	442	37	0.997494	1197	0	TRUE	NA:cds-XAJ25418.1	AAG	K	AAA	K	150
NA|PP755591.1|A/cattle/Texas/24-008749-003/2024(H5N1)	453	T	C	0	0	0	1229	462	38	1	1229	0	TRUE	NA:cds-XAJ25418.1	GAT	D	GAC	D	151
NA|PP755591.1|A/cattle/Texas/24-008749-003/2024(H5N1)	471	T	C	1	0	37	1173	404	37	0.999148	1174	0	TRUE	NA:cds-XAJ25418.1	ACT	T	ACC	T	157
NA|PP755591.1|A/cattle/Texas/24-008749-003/2024(H5N1)	472	T	C	1	0	37	1188	409	37	0.999159	1189	0	TRUE	NA:cds-XAJ25418.1	TTG	L	CTG	L	158
NA|PP755591.1|A/cattle/Texas/24-008749-003/2024(H5N1)	480	T	C	1	0	37	1201	421	37	0.999168	1202	0	TRUE	NA:cds-XAJ25418.1	AGT	S	AGC	S	160
NA|PP755591.1|A/cattle/Texas/24-008749-003/2024(H5N1)	483	T	C	0	0	0	1204	423	37	0.99917	1205	0	TRUE	NA:cds-XAJ25418.1	TGT	C	TGC	C	161
NA|PP755591.1|A/cattle/Texas/24-008749-003/2024(H5N1)	486	C	T	4	2	33	1188	407	37	0.996644	1192	0	TRUE	NA:cds-XAJ25418.1	CCC	P	CCT	P	162
NA|PP755591.1|A/cattle/Texas/24-008749-003/2024(H5N1)	489	G	T	0	0	0	1196	417	37	1	1196	0	TRUE	NA:cds-XAJ25418.1	GTG	V	GTT	V	163
NA|PP755591.1|A/cattle/Texas/24-008749-003/2024(H5N1)	495	G	A	3	2	21	1578	553	37	0.997472	1582	0	TRUE	NA:cds-XAJ25418.1	GAG	E	GAA	E	165
NA|PP755591.1|A/cattle/Texas/24-008749-003/2024(H5N1)	504	C	A	1	1	24	1824	624	37	0.998358	1827	0	TRUE	NA:cds-XAJ25418.1	TCC	S	TCA	S	168
NA|PP755591.1|A/cattle/Texas/24-008749-003/2024(H5N1)	507	G	A	1	0	37	1969	633	36	0.999492	1970	0	TRUE	NA:cds-XAJ25418.1	CCG	P	CCA	P	169
NA|PP755591.1|A/cattle/Texas/24-008749-003/2024(H5N1)	519	A	G	0	0	0	2207	785	39	1	2207	0	TRUE	NA:cds-XAJ25418.1	AGA	R	AGG	R	173
NA|PP755591.1|A/cattle/Texas/24-008749-003/2024(H5N1)	540	G	A	9	4	33	2443	1029	38	0.99633	2452	0	TRUE	NA:cds-XAJ25418.1	TCG	S	TCA	S	180
NA|PP755591.1|A/cattle/Texas/24-008749-003/2024(H5N1)	564	C	T	0	0	0	2475	1074	39	0.998386	2479	0	TRUE	NA:cds-XAJ25418.1	ATC	I	ATT	I	188
NA|PP755591.1|A/cattle/Texas/24-008749-003/2024(H5N1)	579	C	T	3	1	37	2361	1021	39	0.998731	2364	0	TRUE	NA:cds-XAJ25418.1	ATC	I	ATT	I	193
NA|PP755591.1|A/cattle/Texas/24-008749-003/2024(H5N1)	591	T	C	0	0	0	2356	1029	40	1	2356	0	TRUE	NA:cds-XAJ25418.1	GGT	G	GGC	G	197
NA|PP755591.1|A/cattle/Texas/24-008749-003/2024(H5N1)	603	A	G	1	0	37	2142	989	39	0.999533	2143	0	TRUE	NA:cds-XAJ25418.1	GGA	G	GGG	G	201
NA|PP755591.1|A/cattle/Texas/24-008749-003/2024(H5N1)	606	T	G	2	0	37	1998	932	39	0.998501	2001	0	TRUE	NA:cds-XAJ25418.1	GCT	A	GCG	A	202
NA|PP755591.1|A/cattle/Texas/24-008749-003/2024(H5N1)	621	G	A	4	2	37	1917	917	38	0.997918	1921	0	TRUE	NA:cds-XAJ25418.1	AAG	K	AAA	K	207
NA|PP755591.1|A/cattle/Texas/24-008749-003/2024(H5N1)	639	G	A	2	1	37	1766	866	38	0.998869	1768	0	TRUE	NA:cds-XAJ25418.1	ACG	T	ACA	T	213
NA|PP755591.1|A/cattle/Texas/24-008749-003/2024(H5N1)	648	C	T	1	1	37	1602	813	37	0.998753	1604	0	TRUE	NA:cds-XAJ25418.1	ATC	I	ATT	I	216
NA|PP755591.1|A/cattle/Texas/24-008749-003/2024(H5N1)	662	A	G	0	0	0	1184	600	37	1	1184	0	TRUE	NA:cds-XAJ25418.1	AAC	N	AGC	S	221
NA|PP755591.1|A/cattle/Texas/24-008749-003/2024(H5N1)	666	C	T	1	0	37	1160	596	36	0.999139	1161	0	TRUE	NA:cds-XAJ25418.1	AAC	N	AAT	N	222
NA|PP755591.1|A/cattle/Texas/24-008749-003/2024(H5N1)	669	T	A	0	0	0	1145	576	36	0.999127	1146	0	TRUE	NA:cds-XAJ25418.1	ATT	I	ATA	I	223
NA|PP755591.1|A/cattle/Texas/24-008749-003/2024(H5N1)	678	T	A	0	0	0	1181	591	36	0.999154	1182	0	TRUE	NA:cds-XAJ25418.1	ACT	T	ACA	T	226
NA|PP755591.1|A/cattle/Texas/24-008749-003/2024(H5N1)	684	A	G	0	0	0	1198	558	37	1	1198	0	TRUE	NA:cds-XAJ25418.1	GAA	E	GAG	E	228
NA|PP755591.1|A/cattle/Texas/24-008749-003/2024(H5N1)	696	T	C	0	0	0	910	408	36	1	910	0	TRUE	NA:cds-XAJ25418.1	GCT	A	GCC	A	232
NA|PP755591.1|A/cattle/Texas/24-008749-003/2024(H5N1)	700	G	A	0	0	0	914	409	36	1	914	0	TRUE	NA:cds-XAJ25418.1	GTA	V	ATA	I	234
NA|PP755591.1|A/cattle/Texas/24-008749-003/2024(H5N1)	702	A	T	0	0	0	857	356	35	1	857	0	TRUE	NA:cds-XAJ25418.1	GTA	V	GTT	V	234
NA|PP755591.1|A/cattle/Texas/24-008749-003/2024(H5N1)	708	C	T	0	0	0	907	434	36	0.998899	908	0	TRUE	NA:cds-XAJ25418.1	GGC	G	GGT	G	236
NA|PP755591.1|A/cattle/Texas/24-008749-003/2024(H5N1)	711	C	T	3	0	33	936	430	35	0.996805	939	0	TRUE	NA:cds-XAJ25418.1	TCC	S	TCT	S	237
NA|PP755591.1|A/cattle/Texas/24-008749-003/2024(H5N1)	717	C	T	1	1	37	964	435	36	0.998964	965	0	TRUE	NA:cds-XAJ25418.1	TTC	F	TTT	F	239
NA|PP755591.1|A/cattle/Texas/24-008749-003/2024(H5N1)	721	G	A	0	0	0	1107	548	36	1	1107	0	TRUE	NA:cds-XAJ25418.1	GTA	V	ATA	I	241
NA|PP755591.1|A/cattle/Texas/24-008749-003/2024(H5N1)	738	A	G	1	0	37	1436	764	37	0.999304	1437	0	TRUE	NA:cds-XAJ25418.1	CCA	P	CCG	P	246
NA|PP755591.1|A/cattle/Texas/24-008749-003/2024(H5N1)	741	C	T	1	1	37	1463	769	37	0.999317	1464	0	TRUE	NA:cds-XAJ25418.1	AGC	S	AGT	S	247
NA|PP755591.1|A/cattle/Texas/24-008749-003/2024(H5N1)	747	G	C	0	0	0	1615	815	38	0.998763	1617	0	TRUE	NA:cds-XAJ25418.1	GGG	G	GGC	G	249
NA|PP755591.1|A/cattle/Texas/24-008749-003/2024(H5N1)	759	T	C	0	0	0	1739	912	38	1	1739	0	TRUE	NA:cds-XAJ25418.1	TAT	Y	TAC	Y	253
NA|PP755591.1|A/cattle/Texas/24-008749-003/2024(H5N1)	765	C	T	2	1	37	1511	839	37	0.998678	1513	0	TRUE	NA:cds-XAJ25418.1	ATC	I	ATT	I	255
NA|PP755591.1|A/cattle/Texas/24-008749-003/2024(H5N1)	770	A	G	0	0	0	1533	867	37	1	1533	0	TRUE	NA:cds-XAJ25418.1	AAG	K	AGG	R	257
NA|PP755591.1|A/cattle/Texas/24-008749-003/2024(H5N1)	771	G	A	0	0	0	1518	857	37	1	1518	0	TRUE	NA:cds-XAJ25418.1	AAG	K	AAA	K	257
NA|PP755591.1|A/cattle/Texas/24-008749-003/2024(H5N1)	776	A	-G	1541	878	35	986	0	20	0.604167	1632	8.8192e-226	TRUE	NA	NA	NA	NA	NA	NA
NA|PP755591.1|A/cattle/Texas/24-008749-003/2024(H5N1)	777	G	A	4	3	34	612	362	36	0.993506	616	0	TRUE	NA:cds-XAJ25418.1	GAG	E	GAA	E	259
NA|PP755591.1|A/cattle/Texas/24-008749-003/2024(H5N1)	780	A	G	918	506	36	623	366	36	0.404283	1541	2.34301e-230	TRUE	NA:cds-XAJ25418.1	AAA	K	AAG	K	260
NA|PP755591.1|A/cattle/Texas/24-008749-003/2024(H5N1)	783	G	A	980	517	37	614	364	36	0.385194	1594	1.03006e-222	TRUE	NA:cds-XAJ25418.1	GGG	G	GGA	G	261
NA|PP755591.1|A/cattle/Texas/24-008749-003/2024(H5N1)	786	A	G	952	496	36	622	364	36	0.395172	1574	1.1089e-229	TRUE	NA:cds-XAJ25418.1	AAA	K	AAG	K	262
NA|PP755591.1|A/cattle/Texas/24-008749-003/2024(H5N1)	786	A	+G	952	496	36	1028	0	20	0.608284	1690	0	TRUE	NA	NA	NA	NA	NA	NA
NA|PP755591.1|A/cattle/Texas/24-008749-003/2024(H5N1)	789	T	A	1	1	37	642	383	36	0.996894	644	0	TRUE	NA:cds-XAJ25418.1	GTT	V	GTA	V	263
NA|PP755591.1|A/cattle/Texas/24-008749-003/2024(H5N1)	804	A	G	1	0	37	1851	1107	38	0.99946	1852	0	TRUE	NA:cds-XAJ25418.1	GAA	E	GAG	E	268
NA|PP755591.1|A/cattle/Texas/24-008749-003/2024(H5N1)	805	A	T	0	0	0	1800	1080	38	0.998336	1803	0	TRUE	NA:cds-XAJ25418.1	ATG	M	TTG	L	269
NA|PP755591.1|A/cattle/Texas/24-008749-003/2024(H5N1)	814	C	T	1	1	37	2009	1247	38	0.999005	2011	0	TRUE	NA:cds-XAJ25418.1	CCT	P	TCT	S	272
NA|PP755591.1|A/cattle/Texas/24-008749-003/2024(H5N1)	828	C	T	1	1	37	2134	1149	37	0.999532	2135	0	TRUE	NA:cds-XAJ25418.1	TAC	Y	TAT	Y	276
NA|PP755591.1|A/cattle/Texas/24-008749-003/2024(H5N1)	834	A	G	1	0	37	2134	1170	38	0.999532	2135	0	TRUE	NA:cds-XAJ25418.1	GAA	E	GAG	E	278
NA|PP755591.1|A/cattle/Texas/24-008749-003/2024(H5N1)	855	G	T	2	0	20	330	2	36	0.993976	332	6.90196e-198	TRUE	NA:cds-XAJ25418.1	GCG	A	GCT	A	285
NA|PP755591.1|A/cattle/Texas/24-008749-003/2024(H5N1)	856	G	A	2	0	20	330	2	36	0.993976	332	1.52505e-195	TRUE	NA:cds-XAJ25418.1	GGT	G	AGT	S	286
NA|PP755591.1|A/cattle/Texas/24-008749-003/2024(H5N1)	858	T	C	2	1	30	332	0	36	0.988095	336	3.78419e-196	TRUE	NA:cds-XAJ25418.1	GGT	G	GGC	G	286
NA|PP755591.1|A/cattle/Texas/24-008749-003/2024(H5N1)	861	T	G	3	0	23	332	2	36	0.991045	335	2.13488e-194	TRUE	NA:cds-XAJ25418.1	GAT	D	GAG	E	287
NA|PP755591.1|A/cattle/Texas/24-008749-003/2024(H5N1)	862	A	G	3	0	25	331	2	36	0.991018	334	4.27614e-194	TRUE	NA:cds-XAJ25418.1	ATT	I	GTT	V	288
NA|PP755591.1|A/cattle/Texas/24-008749-003/2024(H5N1)	864	T	A	0	0	0	327	2	36	1	327	8.96569e-199	TRUE	NA:cds-XAJ25418.1	ATT	I	ATA	I	288
NA|PP755591.1|A/cattle/Texas/24-008749-003/2024(H5N1)	879	G	A	2	1	31	560	117	37	0.996441	562	0	TRUE	NA:cds-XAJ25418.1	AGG	R	AGA	R	293
NA|PP755591.1|A/cattle/Texas/24-008749-003/2024(H5N1)	882	C	T	1	0	37	544	112	37	0.998165	545	0	TRUE	NA:cds-XAJ25418.1	GAC	D	GAT	D	294
NA|PP755591.1|A/cattle/Texas/24-008749-003/2024(H5N1)	885	T	C	0	0	0	562	118	38	1	562	0	TRUE	NA:cds-XAJ25418.1	AAT	N	AAC	N	295
NA|PP755591.1|A/cattle/Texas/24-008749-003/2024(H5N1)	894	C	T	1	1	74	575	136	37	0.998264	576	0	TRUE	NA:cds-XAJ25418.1	GGC	G	GGT	G	298
NA|PP755591.1|A/cattle/Texas/24-008749-003/2024(H5N1)	897	G	A	0	0	0	590	138	37	1	590	0	TRUE	NA:cds-XAJ25418.1	TCG	S	TCA	S	299
NA|PP755591.1|A/cattle/Texas/24-008749-003/2024(H5N1)	903	G	A	1	0	37	590	136	37	0.998308	591	0	TRUE	NA:cds-XAJ25418.1	CGG	R	CGA	R	301
NA|PP755591.1|A/cattle/Texas/24-008749-003/2024(H5N1)	906	G	A	1	0	37	585	134	37	0.998294	586	0	TRUE	NA:cds-XAJ25418.1	CCG	P	CCA	P	302
NA|PP755591.1|A/cattle/Texas/24-008749-003/2024(H5N1)	912	A	G	0	0	0	619	140	38	1	619	0	TRUE	NA:cds-XAJ25418.1	GTA	V	GTG	V	304
NA|PP755591.1|A/cattle/Texas/24-008749-003/2024(H5N1)	915	T	C	1	0	37	609	135	37	0.998361	610	0	TRUE	NA:cds-XAJ25418.1	TCT	S	TCC	S	305
NA|PP755591.1|A/cattle/Texas/24-008749-003/2024(H5N1)	918	T	C	0	0	0	618	147	38	1	618	0	TRUE	NA:cds-XAJ25418.1	TTT	F	TTC	F	306
NA|PP755591.1|A/cattle/Texas/24-008749-003/2024(H5N1)	927	T	C	1	0	37	1278	523	39	0.999218	1279	0	TRUE	NA:cds-XAJ25418.1	AAT	N	AAC	N	309
NA|PP755591.1|A/cattle/Texas/24-008749-003/2024(H5N1)	933	G	A	1	0	37	1254	512	38	0.999203	1255	0	TRUE	NA:cds-XAJ25418.1	GAG	E	GAA	E	311
NA|PP755591.1|A/cattle/Texas/24-008749-003/2024(H5N1)	945	A	G	0	0	0	1368	557	38	1	1368	0	TRUE	NA:cds-XAJ25418.1	GGA	G	GGG	G	315
NA|PP755591.1|A/cattle/Texas/24-008749-003/2024(H5N1)	948	T	C	0	0	0	1373	559	39	1	1373	0	TRUE	NA:cds-XAJ25418.1	TAT	Y	TAC	Y	316
NA|PP755591.1|A/cattle/Texas/24-008749-003/2024(H5N1)	957	T	C	0	0	0	1033	535	37	1	1033	0	TRUE	NA:cds-XAJ25418.1	AGT	S	AGC	S	319
NA|PP755591.1|A/cattle/Texas/24-008749-003/2024(H5N1)	960	G	A	4	3	35	1028	532	37	0.996124	1032	0	TRUE	NA:cds-XAJ25418.1	GGG	G	GGA	G	320
NA|PP755591.1|A/cattle/Texas/24-008749-003/2024(H5N1)	961	A	G	0	0	0	1039	540	38	1	1039	0	TRUE	NA:cds-XAJ25418.1	ATT	I	GTT	V	321
NA|PP755591.1|A/cattle/Texas/24-008749-003/2024(H5N1)	966	C	T	0	0	0	1016	524	37	1	1016	0	TRUE	NA:cds-XAJ25418.1	TTC	F	TTT	F	322
NA|PP755591.1|A/cattle/Texas/24-008749-003/2024(H5N1)	969	G	A	5	1	36	1032	543	38	0.995178	1037	0	TRUE	NA:cds-XAJ25418.1	GGG	G	GGA	G	323
NA|PP755591.1|A/cattle/Texas/24-008749-003/2024(H5N1)	975	T	C	1	1	37	1121	616	38	0.999109	1122	0	TRUE	NA:cds-XAJ25418.1	AAT	N	AAC	N	325
NA|PP755591.1|A/cattle/Texas/24-008749-003/2024(H5N1)	978	C	G	0	0	0	1122	627	38	1	1122	0	TRUE	NA:cds-XAJ25418.1	CCC	P	CCG	P	326
NA|PP755591.1|A/cattle/Texas/24-008749-003/2024(H5N1)	986	A	G	0	0	0	1722	900	39	1	1722	0	TRUE	NA:cds-XAJ25418.1	AAT	N	AGT	S	329
NA|PP755591.1|A/cattle/Texas/24-008749-003/2024(H5N1)	1005	C	T	6	0	35	1661	801	38	0.996401	1667	0	TRUE	NA:cds-XAJ25418.1	TGC	C	TGT	C	335
NA|PP755591.1|A/cattle/Texas/24-008749-003/2024(H5N1)	1006	A	G	1	0	37	1685	815	38	0.999407	1686	0	TRUE	NA:cds-XAJ25418.1	AGT	S	GGT	G	336
NA|PP755591.1|A/cattle/Texas/24-008749-003/2024(H5N1)	1012	A	G	1	0	37	1761	831	38	0.999432	1762	0	TRUE	NA:cds-XAJ25418.1	ATG	M	GTG	V	338
NA|PP755591.1|A/cattle/Texas/24-008749-003/2024(H5N1)	1015	C	T	5	2	34	1736	819	38	0.997128	1741	0	TRUE	NA:cds-XAJ25418.1	CCC	P	TCC	S	339
NA|PP755591.1|A/cattle/Texas/24-008749-003/2024(H5N1)	1035	G	A	2	1	37	1791	735	38	0.998885	1793	0	TRUE	NA:cds-XAJ25418.1	GGG	G	GGA	G	345
NA|PP755591.1|A/cattle/Texas/24-008749-003/2024(H5N1)	1038	A	G	0	0	0	1778	723	38	1	1778	0	TRUE	NA:cds-XAJ25418.1	GTA	V	GTG	V	346
NA|PP755591.1|A/cattle/Texas/24-008749-003/2024(H5N1)	1041	A	G	0	0	0	1786	736	38	1	1786	0	TRUE	NA:cds-XAJ25418.1	AAA	K	AAG	K	347
NA|PP755591.1|A/cattle/Texas/24-008749-003/2024(H5N1)	1044	G	A	2	1	37	1769	722	38	0.998871	1771	0	TRUE	NA:cds-XAJ25418.1	GGG	G	GGA	G	348
NA|PP755591.1|A/cattle/Texas/24-008749-003/2024(H5N1)	1056	G	A	0	0	0	1854	826	38	1	1854	0	TRUE	NA:cds-XAJ25418.1	AAG	K	AAA	K	352
NA|PP755591.1|A/cattle/Texas/24-008749-003/2024(H5N1)	1068	G	T	0	0	0	1913	886	38	0.997393	1918	0	TRUE	NA:cds-XAJ25418.1	GGG	G	GGT	G	356
NA|PP755591.1|A/cattle/Texas/24-008749-003/2024(H5N1)	1077	C	A	0	0	0	1927	870	39	0.999481	1928	0	TRUE	NA:cds-XAJ25418.1	ATC	I	ATA	I	359
NA|PP755591.1|A/cattle/Texas/24-008749-003/2024(H5N1)	1086	A	T	0	0	0	1712	833	37	1	1712	0	TRUE	NA:cds-XAJ25418.1	ACA	T	ACT	T	362
NA|PP755591.1|A/cattle/Texas/24-008749-003/2024(H5N1)	1092	C	T	2	0	34	1691	839	38	0.998819	1693	0	TRUE	NA:cds-XAJ25418.1	AGC	S	AGT	S	364
NA|PP755591.1|A/cattle/Texas/24-008749-003/2024(H5N1)	1098	T	C	0	0	0	1358	621	38	1	1358	0	TRUE	NA:cds-XAJ25418.1	AGT	S	AGC	S	366
NA|PP755591.1|A/cattle/Texas/24-008749-003/2024(H5N1)	1101	C	A	0	0	0	1325	602	38	1	1325	0	TRUE	NA:cds-XAJ25418.1	TCC	S	TCA	S	367
NA|PP755591.1|A/cattle/Texas/24-008749-003/2024(H5N1)	1104	A	G	0	0	0	1343	615	38	1	1343	0	TRUE	NA:cds-XAJ25418.1	AGA	R	AGG	R	368
NA|PP755591.1|A/cattle/Texas/24-008749-003/2024(H5N1)	1107	C	T	3	2	37	1341	619	37	0.997768	1344	0	TRUE	NA:cds-XAJ25418.1	AGC	S	AGT	S	369
NA|PP755591.1|A/cattle/Texas/24-008749-003/2024(H5N1)	1110	C	G	1	1	37	1362	629	38	0.999266	1363	0	TRUE	NA:cds-XAJ25418.1	GGC	G	GGG	G	370
NA|PP755591.1|A/cattle/Texas/24-008749-003/2024(H5N1)	1122	T	C	2	0	37	1738	892	39	0.998851	1740	0	TRUE	NA:cds-XAJ25418.1	ATT	I	ATC	I	374
NA|PP755591.1|A/cattle/Texas/24-008749-003/2024(H5N1)	1131	G	T	0	0	0	1653	842	38	0.998792	1655	0	TRUE	NA:cds-XAJ25418.1	CCG	P	CCT	P	377
NA|PP755591.1|A/cattle/Texas/24-008749-003/2024(H5N1)	1143	T	G	0	0	0	1578	830	38	0.998734	1580	0	TRUE	NA:cds-XAJ25418.1	ACT	T	ACG	T	381
NA|PP755591.1|A/cattle/Texas/24-008749-003/2024(H5N1)	1149	G	A	2	1	31	1500	807	37	0.998668	1502	0	TRUE	NA:cds-XAJ25418.1	ACG	T	ACA	T	383
NA|PP755591.1|A/cattle/Texas/24-008749-003/2024(H5N1)	1155	T	C	0	0	0	1361	750	36	1	1361	0	TRUE	NA:cds-XAJ25418.1	AGT	S	AGC	S	385
NA|PP755591.1|A/cattle/Texas/24-008749-003/2024(H5N1)	1161	C	T	0	0	0	949	622	36	1	949	0	TRUE	NA:cds-XAJ25418.1	TTC	F	TTT	F	387
NA|PP755591.1|A/cattle/Texas/24-008749-003/2024(H5N1)	1164	A	T	0	0	0	951	628	36	0.997901	953	0	TRUE	NA:cds-XAJ25418.1	TCA	S	TCT	S	388
NA|PP755591.1|A/cattle/Texas/24-008749-003/2024(H5N1)	1165	G	A	1	1	37	941	614	36	0.998938	942	0	TRUE	NA:cds-XAJ25418.1	GTG	V	ATG	M	389
NA|PP755591.1|A/cattle/Texas/24-008749-003/2024(H5N1)	1167	G	A	0	0	0	934	618	36	1	934	0	TRUE	NA:cds-XAJ25418.1	GTG	V	GTA	V	389
NA|PP755591.1|A/cattle/Texas/24-008749-003/2024(H5N1)	1176	C	T	1	1	37	1193	805	36	0.999162	1194	0	TRUE	NA:cds-XAJ25418.1	GAC	D	GAT	D	392
NA|PP755591.1|A/cattle/Texas/24-008749-003/2024(H5N1)	1184	A	C	0	0	0	1293	856	36	1	1293	0	TRUE	NA:cds-XAJ25418.1	GAA	E	GCA	A	395
NA|PP755591.1|A/cattle/Texas/24-008749-003/2024(H5N1)	1191	T	G	0	0	0	1319	879	36	1	1319	0	TRUE	NA:cds-XAJ25418.1	ACT	T	ACG	T	397
NA|PP755591.1|A/cattle/Texas/24-008749-003/2024(H5N1)	1206	T	C	0	0	0	1023	641	36	1	1023	0	TRUE	NA:cds-XAJ25418.1	TAT	Y	TAC	Y	402
NA|PP755591.1|A/cattle/Texas/24-008749-003/2024(H5N1)	1209	T	C	0	0	0	1010	631	36	1	1010	0	TRUE	NA:cds-XAJ25418.1	AGT	S	AGC	S	403
NA|PP755591.1|A/cattle/Texas/24-008749-003/2024(H5N1)	1212	G	A	1	1	37	1001	629	36	0.997012	1004	0	TRUE	NA:cds-XAJ25418.1	GGG	G	GGA	G	404
NA|PP755591.1|A/cattle/Texas/24-008749-003/2024(H5N1)	1221	C	T	2	2	37	1090	687	36	0.998168	1092	0	TRUE	NA:cds-XAJ25418.1	GTC	V	GTT	V	407
NA|PP755591.1|A/cattle/Texas/24-008749-003/2024(H5N1)	1239	A	G	1	1	37	958	631	36	0.998957	959	0	TRUE	NA:cds-XAJ25418.1	ACA	T	ACG	T	413
NA|PP755591.1|A/cattle/Texas/24-008749-003/2024(H5N1)	1242	A	G	0	0	0	977	642	36	1	977	0	TRUE	NA:cds-XAJ25418.1	GGA	G	GGG	G	414
NA|PP755591.1|A/cattle/Texas/24-008749-003/2024(H5N1)	1245	A	G	1	0	37	975	639	36	0.998975	976	0	TRUE	NA:cds-XAJ25418.1	TTA	L	TTG	L	415
NA|PP755591.1|A/cattle/Texas/24-008749-003/2024(H5N1)	1263	T	C	1	1	37	1360	1134	39	0.999265	1361	0	TRUE	NA:cds-XAJ25418.1	TGT	C	TGC	C	421
NA|PP755591.1|A/cattle/Texas/24-008749-003/2024(H5N1)	1278	A	G	0	0	0	1200	1041	39	1	1200	0	TRUE	NA:cds-XAJ25418.1	CTA	L	CTG	L	426
NA|PP755591.1|A/cattle/Texas/24-008749-003/2024(H5N1)	1281	T	C	0	0	0	1210	1050	39	1	1210	0	TRUE	NA:cds-XAJ25418.1	ATT	I	ATC	I	427
NA|PP755591.1|A/cattle/Texas/24-008749-003/2024(H5N1)	1287	G	A	4	4	30	1201	1050	39	0.995854	1206	0	TRUE	NA:cds-XAJ25418.1	GGG	G	GGA	G	429
NA|PP755591.1|A/cattle/Texas/24-008749-003/2024(H5N1)	1290	G	A	3	3	33	1182	1037	38	0.997468	1185	0	TRUE	NA:cds-XAJ25418.1	AGG	R	AGA	R	430
NA|PP755591.1|A/cattle/Texas/24-008749-003/2024(H5N1)	1302	T	C	0	0	0	1500	1377	42	1	1500	0	TRUE	NA:cds-XAJ25418.1	AAT	N	AAC	N	434
NA|PP755591.1|A/cattle/Texas/24-008749-003/2024(H5N1)	1305	A	G	0	0	0	1508	1387	42	1	1508	0	TRUE	NA:cds-XAJ25418.1	ACA	T	ACG	T	435
NA|PP755591.1|A/cattle/Texas/24-008749-003/2024(H5N1)	1314	T	C	0	0	0	1403	1301	40	1	1403	0	TRUE	NA:cds-XAJ25418.1	ACT	T	ACC	T	438
NA|PP755591.1|A/cattle/Texas/24-008749-003/2024(H5N1)	1317	C	T	1	1	37	1365	1265	40	0.999268	1366	0	TRUE	NA:cds-XAJ25418.1	AGC	S	AGT	S	439
NA|PP755591.1|A/cattle/Texas/24-008749-003/2024(H5N1)	1320	G	A	3	2	49	1371	1271	40	0.997817	1374	0	TRUE	NA:cds-XAJ25418.1	GGG	G	GGA	G	440
NA|PP755591.1|A/cattle/Texas/24-008749-003/2024(H5N1)	1329	A	T	0	0	0	1394	1301	41	0.998567	1396	0	TRUE	NA:cds-XAJ25418.1	ATA	I	ATT	I	443
NA|PP755591.1|A/cattle/Texas/24-008749-003/2024(H5N1)	1332	C	T	2	2	31	1406	1311	41	0.99858	1408	0	TRUE	NA:cds-XAJ25418.1	TCC	S	TCT	S	444
NA|PP755591.1|A/cattle/Texas/24-008749-003/2024(H5N1)	1341	T	A	0	0	0	1424	1335	41	0.997199	1428	0	TRUE	NA:cds-XAJ25418.1	GGT	G	GGA	G	447
NA|PP755591.1|A/cattle/Texas/24-008749-003/2024(H5N1)	1350	T	C	0	0	0	1401	1339	39	1	1401	0	TRUE	NA:cds-XAJ25418.1	AGT	S	AGC	S	450
NA|PP755591.1|A/cattle/Texas/24-008749-003/2024(H5N1)	1358	T	C	0	0	0	1390	1328	40	1	1390	0	TRUE	NA:cds-XAJ25418.1	GTG	V	GCG	A	453
