REGION	POS	REF	ALT	REF_DP	REF_RV	REF_QUAL	ALT_DP	ALT_RV	ALT_QUAL	ALT_FREQ	TOTAL_DP	PVAL	PASS	GFF_FEATURE	REF_CODON	REF_AA	ALT_CODON	ALT_AA	POS_AA
HA|PP755589.1|A/cattle/Texas/24-008749-003/2024(H5N1)	102	G	A	0	0	0	49	13	42	1	49	6.10903e-39	TRUE	HA:cds-XAJ25415.1	ACG	T	ACA	T	34
HA|PP755589.1|A/cattle/Texas/24-008749-003/2024(H5N1)	122	C	T	53	14	40	1	1	68	0.0185185	54	0.409091	FALSE	HA:cds-XAJ25415.1	ACT	T	ATT	I	41
HA|PP755589.1|A/cattle/Texas/24-008749-003/2024(H5N1)	129	A	G	55	16	41	1	0	68	0.0178571	56	0.414815	FALSE	HA:cds-XAJ25415.1	ACA	T	ACG	T	43
HA|PP755589.1|A/cattle/Texas/24-008749-003/2024(H5N1)	186	G	A	66	35	47	1	0	68	0.0149254	67	0.41358	FALSE	HA:cds-XAJ25415.1	GGG	G	GGA	G	62
HA|PP755589.1|A/cattle/Texas/24-008749-003/2024(H5N1)	205	A	G	64	37	46	3	0	42	0.0447761	67	0.0688765	FALSE	HA:cds-XAJ25415.1	AAG	K	GAG	E	69
HA|PP755589.1|A/cattle/Texas/24-008749-003/2024(H5N1)	242	C	T	60	39	43	1	0	34	0.0163934	61	0.429577	FALSE	HA:cds-XAJ25415.1	CCA	P	CTA	L	81
HA|PP755589.1|A/cattle/Texas/24-008749-003/2024(H5N1)	252	C	T	58	34	44	3	3	34	0.0491803	61	0.0786994	FALSE	HA:cds-XAJ25415.1	GAC	D	GAT	D	84
HA|PP755589.1|A/cattle/Texas/24-008749-003/2024(H5N1)	266	T	C	63	39	44	1	1	34	0.015625	64	0.423841	FALSE	HA:cds-XAJ25415.1	GTG	V	GCG	A	89
HA|PP755589.1|A/cattle/Texas/24-008749-003/2024(H5N1)	304	G	A	48	26	46	1	0	34	0.0204082	49	0.426087	FALSE	HA:cds-XAJ25415.1	GCT	A	ACT	T	102
HA|PP755589.1|A/cattle/Texas/24-008749-003/2024(H5N1)	306	T	C	0	0	0	49	27	45	1	49	6.53817e-34	TRUE	HA:cds-XAJ25415.1	GCT	A	GCC	A	102
HA|PP755589.1|A/cattle/Texas/24-008749-003/2024(H5N1)	311	A	G	0	0	0	48	27	45	1	48	1.89391e-34	TRUE	HA:cds-XAJ25415.1	GAC	D	GGC	G	104
HA|PP755589.1|A/cattle/Texas/24-008749-003/2024(H5N1)	329	G	C	51	31	43	1	1	26	0.0192308	52	0.433333	FALSE	HA:cds-XAJ25415.1	AGC	S	ACC	T	110
HA|PP755589.1|A/cattle/Texas/24-008749-003/2024(H5N1)	333	C	T	55	35	42	1	0	68	0.0178571	56	0.440945	FALSE	HA:cds-XAJ25415.1	CTC	L	CTT	L	111
HA|PP755589.1|A/cattle/Texas/24-008749-003/2024(H5N1)	349	C	T	56	32	44	1	0	34	0.0175439	57	0.438462	FALSE	HA:cds-XAJ25415.1	CTG	L	TTG	L	117
HA|PP755589.1|A/cattle/Texas/24-008749-003/2024(H5N1)	403	A	T	62	40	47	1	0	68	0.015873	63	0.409091	FALSE	HA:cds-XAJ25415.1	AAG	K	TAG	*	135
HA|PP755589.1|A/cattle/Texas/24-008749-003/2024(H5N1)	437	G	T	61	34	45	1	1	34	0.016129	62	0.4	FALSE	HA:cds-XAJ25415.1	GGG	G	GTG	V	146
HA|PP755589.1|A/cattle/Texas/24-008749-003/2024(H5N1)	439	G	T	48	28	46	17	9	40	0.261538	65	6.07719e-08	TRUE	HA:cds-XAJ25415.1	GTG	V	TTG	L	147
HA|PP755589.1|A/cattle/Texas/24-008749-003/2024(H5N1)	594	C	T	62	32	42	1	1	34	0.015873	63	0.446809	FALSE	HA:cds-XAJ25415.1	AAC	N	AAT	N	198
HA|PP755589.1|A/cattle/Texas/24-008749-003/2024(H5N1)	649	G	T	67	30	44	1	1	34	0.0147059	68	0.435897	FALSE	HA:cds-XAJ25415.1	GGG	G	TGG	W	217
HA|PP755589.1|A/cattle/Texas/24-008749-003/2024(H5N1)	651	G	A	0	0	0	68	32	44	1	68	3.77941e-47	TRUE	HA:cds-XAJ25415.1	GGG	G	GGA	G	217
HA|PP755589.1|A/cattle/Texas/24-008749-003/2024(H5N1)	660	T	C	72	35	47	1	1	34	0.0136986	73	0.41954	FALSE	HA:cds-XAJ25415.1	ACT	T	ACC	T	220
HA|PP755589.1|A/cattle/Texas/24-008749-003/2024(H5N1)	675	G	A	0	0	0	64	28	47	1	64	2.66889e-46	TRUE	HA:cds-XAJ25415.1	TTG	L	TTA	L	225
HA|PP755589.1|A/cattle/Texas/24-008749-003/2024(H5N1)	683	A	G	0	0	0	63	26	47	1	63	8.67537e-45	TRUE	HA:cds-XAJ25415.1	AAA	K	AGA	R	228
HA|PP755589.1|A/cattle/Texas/24-008749-003/2024(H5N1)	728	A	G	63	24	46	1	0	34	0.015625	64	0.423841	FALSE	HA:cds-XAJ25415.1	GAC	D	GGC	G	243
HA|PP755589.1|A/cattle/Texas/24-008749-003/2024(H5N1)	735	C	T	68	27	42	1	0	23	0.0144928	69	0.448052	FALSE	HA:cds-XAJ25415.1	TTC	F	TTT	F	245
HA|PP755589.1|A/cattle/Texas/24-008749-003/2024(H5N1)	750	A	G	62	30	43	1	0	34	0.015873	63	0.422819	FALSE	HA:cds-XAJ25415.1	AAA	K	AAG	K	250
HA|PP755589.1|A/cattle/Texas/24-008749-003/2024(H5N1)	773	A	G	61	27	44	2	0	40	0.031746	63	0.177127	FALSE	HA:cds-XAJ25415.1	GAG	E	GGG	G	258
HA|PP755589.1|A/cattle/Texas/24-008749-003/2024(H5N1)	821	A	G	63	33	43	1	1	29	0.015625	64	0.415584	FALSE	HA:cds-XAJ25415.1	AAG	K	AGG	R	274
HA|PP755589.1|A/cattle/Texas/24-008749-003/2024(H5N1)	826	G	A	66	32	45	1	1	26	0.0149254	67	0.426752	FALSE	HA:cds-XAJ25415.1	GGG	G	AGG	R	276
HA|PP755589.1|A/cattle/Texas/24-008749-003/2024(H5N1)	830	A	G	66	33	45	1	0	24	0.0149254	67	0.429487	FALSE	HA:cds-XAJ25415.1	GAC	D	GGC	G	277
HA|PP755589.1|A/cattle/Texas/24-008749-003/2024(H5N1)	936	T	C	54	24	43	1	1	34	0.0181818	55	0.416667	FALSE	HA:cds-XAJ25415.1	CCT	P	CCC	P	312
HA|PP755589.1|A/cattle/Texas/24-008749-003/2024(H5N1)	1007	G	C	0	0	0	4	2	51	0.0625	64	3.14115e-07	TRUE	HA:cds-XAJ25415.1	AGT	S	ACT	T	336
HA|PP755589.1|A/cattle/Texas/24-008749-003/2024(H5N1)	1007	G	A	0	0	0	60	31	46	0.9375	64	1.30401e-43	TRUE	HA:cds-XAJ25415.1	AGT	S	AAT	N	336
HA|PP755589.1|A/cattle/Texas/24-008749-003/2024(H5N1)	1051	A	-T	75	33	48	3	0	20	0.0267857	112	0.191687	FALSE	NA	NA	NA	NA	NA	NA
HA|PP755589.1|A/cattle/Texas/24-008749-003/2024(H5N1)	1052	T	A	63	29	49	8	2	45	0.112676	71	0.000364494	TRUE	HA:cds-XAJ25415.1	ATA	I	AAA	K	351
HA|PP755589.1|A/cattle/Texas/24-008749-003/2024(H5N1)	1215	C	T	848	302	49	242	101	49	0.222018	1090	4.17525e-105	TRUE	HA:cds-XAJ25415.1	AAC	N	AAT	N	405
HA|PP755589.1|A/cattle/Texas/24-008749-003/2024(H5N1)	1218	T	C	1093	405	49	15	4	51	0.0135379	1108	9.81574e-07	TRUE	HA:cds-XAJ25415.1	ACT	T	ACC	T	406
HA|PP755589.1|A/cattle/Texas/24-008749-003/2024(H5N1)	1503	G	A	1049	505	43	117	36	42	0.100343	1166	5.85956e-45	TRUE	HA:cds-XAJ25415.1	ACG	T	ACA	T	501
HA|PP755589.1|A/cattle/Texas/24-008749-003/2024(H5N1)	1532	C	T	1113	505	48	13	3	46	0.0115453	1126	7.26334e-06	TRUE	HA:cds-XAJ25415.1	GCA	A	GTA	V	511
