REGION	POS	REF	ALT	REF_DP	REF_RV	REF_QUAL	ALT_DP	ALT_RV	ALT_QUAL	ALT_FREQ	TOTAL_DP	PVAL	PASS	GFF_FEATURE	REF_CODON	REF_AA	ALT_CODON	ALT_AA	POS_AA
PB2|PP755596.1|A/cattle/Texas/24-008749-003/2024(H5N1)	114	A	G	6	1	30	6140	2720	33	0.999024	6146	0	TRUE	PB2:cds-XAJ25426.1	AGA	R	AGG	R	38
PB2|PP755596.1|A/cattle/Texas/24-008749-003/2024(H5N1)	138	A	G	6	2	28	6619	3118	33	0.998642	6628	0	TRUE	PB2:cds-XAJ25426.1	AGA	R	AGG	R	46
PB2|PP755596.1|A/cattle/Texas/24-008749-003/2024(H5N1)	165	T	C	8	2	33	5897	2910	33	0.998645	5905	0	TRUE	PB2:cds-XAJ25426.1	TAT	Y	TAC	Y	55
PB2|PP755596.1|A/cattle/Texas/24-008749-003/2024(H5N1)	172	G	A	6	2	32	5704	2758	33	0.998599	5712	0	TRUE	PB2:cds-XAJ25426.1	GCA	A	ACA	T	58
PB2|PP755596.1|A/cattle/Texas/24-008749-003/2024(H5N1)	252	C	T	5	3	32	3768	2207	33	0.998675	3773	0	TRUE	PB2:cds-XAJ25426.1	GCC	A	GCT	A	84
PB2|PP755596.1|A/cattle/Texas/24-008749-003/2024(H5N1)	262	C	A	2	1	34	3716	2239	33	0.99812	3723	0	TRUE	PB2:cds-XAJ25426.1	CGA	R	AGA	R	88
PB2|PP755596.1|A/cattle/Texas/24-008749-003/2024(H5N1)	273	A	G	0	0	0	3556	1989	33	1	3556	0	TRUE	PB2:cds-XAJ25426.1	GTA	V	GTG	V	91
PB2|PP755596.1|A/cattle/Texas/24-008749-003/2024(H5N1)	325	A	G	0	0	0	3332	1732	33	1	3332	0	TRUE	PB2:cds-XAJ25426.1	ATT	I	GTT	V	109
PB2|PP755596.1|A/cattle/Texas/24-008749-003/2024(H5N1)	327	T	C	1	1	34	3335	1725	33	0.9997	3336	0	TRUE	PB2:cds-XAJ25426.1	ATT	I	ATC	I	109
PB2|PP755596.1|A/cattle/Texas/24-008749-003/2024(H5N1)	415	A	G	0	0	0	3103	1378	33	1	3103	0	TRUE	PB2:cds-XAJ25426.1	ATT	I	GTT	V	139
PB2|PP755596.1|A/cattle/Texas/24-008749-003/2024(H5N1)	465	C	T	6	4	34	2972	1260	33	0.997315	2980	0	TRUE	PB2:cds-XAJ25426.1	AGC	S	AGT	S	155
PB2|PP755596.1|A/cattle/Texas/24-008749-003/2024(H5N1)	516	G	A	0	0	0	3351	1481	33	0.999702	3352	0	TRUE	PB2:cds-XAJ25426.1	GTG	V	GTA	V	172
PB2|PP755596.1|A/cattle/Texas/24-008749-003/2024(H5N1)	529	C	T	0	0	0	3212	1354	33	0.999689	3213	0	TRUE	PB2:cds-XAJ25426.1	CTG	L	TTG	L	177
PB2|PP755596.1|A/cattle/Texas/24-008749-003/2024(H5N1)	540	A	G	1	0	34	3209	1613	33	0.999688	3210	0	TRUE	PB2:cds-XAJ25426.1	GAA	E	GAG	E	180
PB2|PP755596.1|A/cattle/Texas/24-008749-003/2024(H5N1)	552	A	G	7	4	32	3114	1677	33	0.997438	3122	0	TRUE	PB2:cds-XAJ25426.1	ACA	T	ACG	T	184
PB2|PP755596.1|A/cattle/Texas/24-008749-003/2024(H5N1)	570	A	G	1	0	34	3179	1784	33	0.999057	3182	0	TRUE	PB2:cds-XAJ25426.1	AAA	K	AAG	K	190
PB2|PP755596.1|A/cattle/Texas/24-008749-003/2024(H5N1)	651	C	T	6	2	34	2468	1079	32	0.996769	2476	0	TRUE	PB2:cds-XAJ25426.1	TTC	F	TTT	F	217
PB2|PP755596.1|A/cattle/Texas/24-008749-003/2024(H5N1)	660	T	G	0	0	0	3006	1617	33	1	3006	0	TRUE	PB2:cds-XAJ25426.1	GTT	V	GTG	V	220
PB2|PP755596.1|A/cattle/Texas/24-008749-003/2024(H5N1)	726	G	A	0	0	0	3305	1663	33	0.999093	3308	0	TRUE	PB2:cds-XAJ25426.1	CAG	Q	CAA	Q	242
PB2|PP755596.1|A/cattle/Texas/24-008749-003/2024(H5N1)	764	C	T	3	2	34	3289	1580	33	0.999089	3292	0	TRUE	PB2:cds-XAJ25426.1	GCA	A	GTA	V	255
PB2|PP755596.1|A/cattle/Texas/24-008749-003/2024(H5N1)	771	G	A	0	0	0	3261	1464	33	1	3261	0	TRUE	PB2:cds-XAJ25426.1	CAG	Q	CAA	Q	257
PB2|PP755596.1|A/cattle/Texas/24-008749-003/2024(H5N1)	777	G	A	0	0	0	2884	1249	33	1	2884	0	TRUE	PB2:cds-XAJ25426.1	TTG	L	TTA	L	259
PB2|PP755596.1|A/cattle/Texas/24-008749-003/2024(H5N1)	780	C	T	0	0	0	2782	1181	33	0.998923	2785	0	TRUE	PB2:cds-XAJ25426.1	ATC	I	ATT	I	260
PB2|PP755596.1|A/cattle/Texas/24-008749-003/2024(H5N1)	783	T	C	1	1	34	2994	1341	33	0.999666	2995	0	TRUE	PB2:cds-XAJ25426.1	ATT	I	ATC	I	261
PB2|PP755596.1|A/cattle/Texas/24-008749-003/2024(H5N1)	789	C	T	0	0	0	3410	1725	33	0.999414	3412	0	TRUE	PB2:cds-XAJ25426.1	GCC	A	GCT	A	263
PB2|PP755596.1|A/cattle/Texas/24-008749-003/2024(H5N1)	795	T	C	1	0	34	3587	1776	33	0.999721	3588	0	TRUE	PB2:cds-XAJ25426.1	AAT	N	AAC	N	265
PB2|PP755596.1|A/cattle/Texas/24-008749-003/2024(H5N1)	879	G	A	4	2	34	3066	1541	32	0.998372	3071	0	TRUE	PB2:cds-XAJ25426.1	AGG	R	AGA	R	293
PB2|PP755596.1|A/cattle/Texas/24-008749-003/2024(H5N1)	909	G	A	1	0	34	3351	1679	33	0.998808	3355	0	TRUE	PB2:cds-XAJ25426.1	ACG	T	ACA	T	303
PB2|PP755596.1|A/cattle/Texas/24-008749-003/2024(H5N1)	939	A	G	2	0	34	3511	1669	33	0.998862	3515	0	TRUE	PB2:cds-XAJ25426.1	GCA	A	GCG	A	313
PB2|PP755596.1|A/cattle/Texas/24-008749-003/2024(H5N1)	966	G	T	0	0	0	3528	1668	33	1	3528	0	TRUE	PB2:cds-XAJ25426.1	TCG	S	TCT	S	322
PB2|PP755596.1|A/cattle/Texas/24-008749-003/2024(H5N1)	1005	A	G	3	2	34	3108	1725	33	0.999036	3111	0	TRUE	PB2:cds-XAJ25426.1	GGA	G	GGG	G	335
PB2|PP755596.1|A/cattle/Texas/24-008749-003/2024(H5N1)	1029	G	A	3	2	34	3084	1703	33	0.998381	3089	0	TRUE	PB2:cds-XAJ25426.1	GAG	E	GAA	E	343
PB2|PP755596.1|A/cattle/Texas/24-008749-003/2024(H5N1)	1044	C	T	1	0	34	2896	1522	33	0.998965	2899	0	TRUE	PB2:cds-XAJ25426.1	AAC	N	AAT	N	348
PB2|PP755596.1|A/cattle/Texas/24-008749-003/2024(H5N1)	1068	A	G	1	1	34	2992	1609	33	0.999666	2993	0	TRUE	PB2:cds-XAJ25426.1	GTA	V	GTG	V	356
PB2|PP755596.1|A/cattle/Texas/24-008749-003/2024(H5N1)	1085	G	A	0	0	0	2794	1439	32	0.999642	2795	0	TRUE	PB2:cds-XAJ25426.1	GGG	G	GAG	E	362
PB2|PP755596.1|A/cattle/Texas/24-008749-003/2024(H5N1)	1086	G	A	1	1	34	2884	1410	33	0.999307	2886	0	TRUE	PB2:cds-XAJ25426.1	GGG	G	GGA	G	362
PB2|PP755596.1|A/cattle/Texas/24-008749-003/2024(H5N1)	1122	C	A	0	0	0	3208	1609	33	0.999688	3209	0	TRUE	PB2:cds-XAJ25426.1	CTC	L	CTA	L	374
PB2|PP755596.1|A/cattle/Texas/24-008749-003/2024(H5N1)	1140	G	A	2	0	30	2751	1410	33	0.999274	2753	0	TRUE	PB2:cds-XAJ25426.1	AGG	R	AGA	R	380
PB2|PP755596.1|A/cattle/Texas/24-008749-003/2024(H5N1)	1141	C	T	0	0	0	2870	1389	33	0.999304	2872	0	TRUE	PB2:cds-XAJ25426.1	CTG	L	TTG	L	381
PB2|PP755596.1|A/cattle/Texas/24-008749-003/2024(H5N1)	1146	T	C	0	0	0	2920	1458	33	1	2920	0	TRUE	PB2:cds-XAJ25426.1	ATT	I	ATC	I	382
PB2|PP755596.1|A/cattle/Texas/24-008749-003/2024(H5N1)	1150	C	T	1	0	34	2490	914	32	0.998797	2493	0	TRUE	PB2:cds-XAJ25426.1	CTA	L	TTA	L	384
PB2|PP755596.1|A/cattle/Texas/24-008749-003/2024(H5N1)	1197	C	T	1	0	34	3002	1354	32	0.999334	3004	0	TRUE	PB2:cds-XAJ25426.1	ATC	I	ATT	I	399
PB2|PP755596.1|A/cattle/Texas/24-008749-003/2024(H5N1)	1224	C	T	2	0	34	3197	1336	33	0.99875	3201	0	TRUE	PB2:cds-XAJ25426.1	GAC	D	GAT	D	408
PB2|PP755596.1|A/cattle/Texas/24-008749-003/2024(H5N1)	1251	T	C	0	0	0	3149	1228	33	1	3149	0	TRUE	PB2:cds-XAJ25426.1	GAT	D	GAC	D	417
PB2|PP755596.1|A/cattle/Texas/24-008749-003/2024(H5N1)	1257	C	T	1	0	34	3180	1287	33	0.999686	3181	0	TRUE	PB2:cds-XAJ25426.1	AAC	N	AAT	N	419
PB2|PP755596.1|A/cattle/Texas/24-008749-003/2024(H5N1)	1266	C	T	2	0	30	3101	1313	33	0.999355	3103	0	TRUE	PB2:cds-XAJ25426.1	AAC	N	AAT	N	422
PB2|PP755596.1|A/cattle/Texas/24-008749-003/2024(H5N1)	1272	G	A	1	0	34	3267	1400	33	0.999694	3268	0	TRUE	PB2:cds-XAJ25426.1	GCG	A	GCA	A	424
PB2|PP755596.1|A/cattle/Texas/24-008749-003/2024(H5N1)	1302	C	T	2	1	34	3250	1414	33	0.999078	3253	0	TRUE	PB2:cds-XAJ25426.1	CTC	L	CTT	L	434
PB2|PP755596.1|A/cattle/Texas/24-008749-003/2024(H5N1)	1321	A	G	0	0	0	3390	1516	33	1	3390	0	TRUE	PB2:cds-XAJ25426.1	AAT	N	GAT	D	441
PB2|PP755596.1|A/cattle/Texas/24-008749-003/2024(H5N1)	1413	T	C	1	1	34	3674	2257	33	0.999728	3675	0	TRUE	PB2:cds-XAJ25426.1	ACT	T	ACC	T	471
PB2|PP755596.1|A/cattle/Texas/24-008749-003/2024(H5N1)	1422	A	T	1	0	34	3415	1974	32	0.999122	3418	0	TRUE	PB2:cds-XAJ25426.1	TCA	S	TCT	S	474
PB2|PP755596.1|A/cattle/Texas/24-008749-003/2024(H5N1)	1483	A	G	0	0	0	3478	1397	33	1	3478	0	TRUE	PB2:cds-XAJ25426.1	ATA	I	GTA	V	495
PB2|PP755596.1|A/cattle/Texas/24-008749-003/2024(H5N1)	1512	T	C	4	3	34	3988	1852	33	0.998998	3992	0	TRUE	PB2:cds-XAJ25426.1	GTT	V	GTC	V	504
PB2|PP755596.1|A/cattle/Texas/24-008749-003/2024(H5N1)	1530	C	T	0	0	0	3931	1863	33	0.999746	3932	0	TRUE	PB2:cds-XAJ25426.1	AAC	N	AAT	N	510
PB2|PP755596.1|A/cattle/Texas/24-008749-003/2024(H5N1)	1551	A	G	0	0	0	3894	1507	33	1	3894	0	TRUE	PB2:cds-XAJ25426.1	GAA	E	GAG	E	517
PB2|PP755596.1|A/cattle/Texas/24-008749-003/2024(H5N1)	1579	T	C	0	0	0	4035	1794	33	1	4035	0	TRUE	PB2:cds-XAJ25426.1	TTG	L	CTG	L	527
PB2|PP755596.1|A/cattle/Texas/24-008749-003/2024(H5N1)	1593	T	C	2	1	34	3994	1807	33	0.99875	3999	0	TRUE	PB2:cds-XAJ25426.1	TAT	Y	TAC	Y	531
PB2|PP755596.1|A/cattle/Texas/24-008749-003/2024(H5N1)	1623	T	C	5	4	34	3650	1983	33	0.998632	3655	0	TRUE	PB2:cds-XAJ25426.1	GGT	G	GGC	G	541
PB2|PP755596.1|A/cattle/Texas/24-008749-003/2024(H5N1)	1647	T	C	2	2	34	4056	2044	33	0.999015	4060	0	TRUE	PB2:cds-XAJ25426.1	ACT	T	ACC	T	549
PB2|PP755596.1|A/cattle/Texas/24-008749-003/2024(H5N1)	1677	A	T	2	2	26	3751	1926	33	0.999201	3754	0	TRUE	PB2:cds-XAJ25426.1	ACA	T	ACT	T	559
PB2|PP755596.1|A/cattle/Texas/24-008749-003/2024(H5N1)	1707	A	G	0	0	0	3844	2276	33	0.99948	3846	0	TRUE	PB2:cds-XAJ25426.1	ACA	T	ACG	T	569
PB2|PP755596.1|A/cattle/Texas/24-008749-003/2024(H5N1)	1818	G	A	0	0	0	3735	1860	33	0.999732	3736	0	TRUE	PB2:cds-XAJ25426.1	GTG	V	GTA	V	606
PB2|PP755596.1|A/cattle/Texas/24-008749-003/2024(H5N1)	1866	T	C	2	1	34	3797	1743	33	0.999211	3800	0	TRUE	PB2:cds-XAJ25426.1	GCT	A	GCC	A	622
PB2|PP755596.1|A/cattle/Texas/24-008749-003/2024(H5N1)	1872	C	T	5	1	34	3777	1720	33	0.998414	3783	0	TRUE	PB2:cds-XAJ25426.1	GCC	A	GCT	A	624
PB2|PP755596.1|A/cattle/Texas/24-008749-003/2024(H5N1)	1879	G	A	3	2	34	3886	1847	33	0.999229	3889	0	TRUE	PB2:cds-XAJ25426.1	GAA	E	AAA	K	627
PB2|PP755596.1|A/cattle/Texas/24-008749-003/2024(H5N1)	1891	C	A	2	2	34	3823	1874	33	0.998955	3827	0	TRUE	PB2:cds-XAJ25426.1	CTG	L	ATG	M	631
PB2|PP755596.1|A/cattle/Texas/24-008749-003/2024(H5N1)	1905	T	C	0	0	0	3723	1811	33	0.999731	3724	0	TRUE	PB2:cds-XAJ25426.1	TCT	S	TCC	S	635
PB2|PP755596.1|A/cattle/Texas/24-008749-003/2024(H5N1)	1911	T	C	3	1	34	3772	1871	33	0.998676	3777	0	TRUE	PB2:cds-XAJ25426.1	ACT	T	ACC	T	637
PB2|PP755596.1|A/cattle/Texas/24-008749-003/2024(H5N1)	1945	A	G	7	2	34	3564	1750	33	0.99804	3571	0	TRUE	PB2:cds-XAJ25426.1	ATA	I	GTA	V	649
PB2|PP755596.1|A/cattle/Texas/24-008749-003/2024(H5N1)	2013	T	C	6	3	32	4540	2378	33	0.998461	4547	0	TRUE	PB2:cds-XAJ25426.1	GAT	D	GAC	D	671
PB2|PP755596.1|A/cattle/Texas/24-008749-003/2024(H5N1)	2026	G	A	5	3	34	4751	2426	33	0.998529	4758	0	TRUE	PB2:cds-XAJ25426.1	GCC	A	ACC	T	676
PB2|PP755596.1|A/cattle/Texas/24-008749-003/2024(H5N1)	2034	T	C	4	2	34	4878	2505	33	0.999181	4882	0	TRUE	PB2:cds-XAJ25426.1	GAT	D	GAC	D	678
PB2|PP755596.1|A/cattle/Texas/24-008749-003/2024(H5N1)	2082	C	T	13	5	31	5467	2534	32	0.996355	5487	0	TRUE	PB2:cds-XAJ25426.1	TTC	F	TTT	F	694
PB2|PP755596.1|A/cattle/Texas/24-008749-003/2024(H5N1)	2137	C	T	28	11	32	7893	3900	33	0.996088	7924	0	TRUE	PB2:cds-XAJ25426.1	CTG	L	TTG	L	713
PB2|PP755596.1|A/cattle/Texas/24-008749-003/2024(H5N1)	2145	T	+C	7178	3185	32	110	0	20	0.0123485	8908	0.00217513	TRUE	NA	NA	NA	NA	NA	NA
PB2|PP755596.1|A/cattle/Texas/24-008749-003/2024(H5N1)	2146	T	C	97	6	31	8156	4229	33	0.987409	8260	0	TRUE	PB2:cds-XAJ25426.1	TTG	L	CTG	L	716
PB2|PP755596.1|A/cattle/Texas/24-008749-003/2024(H5N1)	2148	G	T	101	13	28	8163	4333	33	0.987778	8264	0	TRUE	PB2:cds-XAJ25426.1	TTG	L	TTT	F	716
PB2|PP755596.1|A/cattle/Texas/24-008749-003/2024(H5N1)	2193	G	A	20	11	32	9636	5836	33	0.996175	9673	0	TRUE	PB2:cds-XAJ25426.1	GTG	V	GTA	V	731
