REGION	POS	REF	ALT	REF_DP	REF_RV	REF_QUAL	ALT_DP	ALT_RV	ALT_QUAL	ALT_FREQ	TOTAL_DP	PVAL	PASS	GFF_FEATURE	REF_CODON	REF_AA	ALT_CODON	ALT_AA	POS_AA
HA|PP755589.1|A/cattle/Texas/24-008749-003/2024(H5N1)	28	A	G	46	10	48	1	0	37	0.0212766	47	0.364341	FALSE	HA:cds-XAJ25415.1	ATA	I	GTA	V	10
HA|PP755589.1|A/cattle/Texas/24-008749-003/2024(H5N1)	38	T	C	52	11	51	1	0	37	0.0188679	53	0.365517	FALSE	HA:cds-XAJ25415.1	CTT	L	CCT	P	13
HA|PP755589.1|A/cattle/Texas/24-008749-003/2024(H5N1)	42	T	-A	61	11	50	2	0	20	0.0186916	107	0.312219	FALSE	NA	NA	NA	NA	NA	NA
HA|PP755589.1|A/cattle/Texas/24-008749-003/2024(H5N1)	66	T	C	66	19	55	2	1	74	0.0294118	68	0.117994	FALSE	HA:cds-XAJ25415.1	GGT	G	GGC	G	22
HA|PP755589.1|A/cattle/Texas/24-008749-003/2024(H5N1)	74	C	T	74	29	61	1	0	37	0.0133333	75	0.340909	FALSE	HA:cds-XAJ25415.1	GCA	A	GTA	V	25
HA|PP755589.1|A/cattle/Texas/24-008749-003/2024(H5N1)	80	A	G	74	28	59	1	1	74	0.0133333	75	0.337838	FALSE	HA:cds-XAJ25415.1	AAT	N	AGT	S	27
HA|PP755589.1|A/cattle/Texas/24-008749-003/2024(H5N1)	92	A	G	77	33	63	1	1	29	0.0128205	78	0.560345	FALSE	HA:cds-XAJ25415.1	CAA	Q	CGA	R	31
HA|PP755589.1|A/cattle/Texas/24-008749-003/2024(H5N1)	95	T	C	76	33	63	2	1	61	0.025641	78	0.110157	FALSE	HA:cds-XAJ25415.1	GTT	V	GCT	A	32
HA|PP755589.1|A/cattle/Texas/24-008749-003/2024(H5N1)	102	G	A	0	0	0	76	37	63	1	76	2.22973e-64	TRUE	HA:cds-XAJ25415.1	ACG	T	ACA	T	34
HA|PP755589.1|A/cattle/Texas/24-008749-003/2024(H5N1)	105	A	G	78	38	66	1	0	37	0.0126582	79	0.326446	FALSE	HA:cds-XAJ25415.1	ATA	I	ATG	M	35
HA|PP755589.1|A/cattle/Texas/24-008749-003/2024(H5N1)	111	A	G	76	37	67	2	2	51	0.025641	78	0.108294	FALSE	HA:cds-XAJ25415.1	GAA	E	GAG	E	37
HA|PP755589.1|A/cattle/Texas/24-008749-003/2024(H5N1)	119	T	C	75	36	67	1	1	29	0.0131579	76	0.550725	FALSE	HA:cds-XAJ25415.1	GTC	V	GCC	A	40
HA|PP755589.1|A/cattle/Texas/24-008749-003/2024(H5N1)	123	T	C	76	38	65	1	0	74	0.012987	77	0.333333	FALSE	HA:cds-XAJ25415.1	ACT	T	ACC	T	41
HA|PP755589.1|A/cattle/Texas/24-008749-003/2024(H5N1)	125	T	C	76	38	65	1	1	74	0.012987	77	0.339207	FALSE	HA:cds-XAJ25415.1	GTT	V	GCT	A	42
HA|PP755589.1|A/cattle/Texas/24-008749-003/2024(H5N1)	129	A	G	73	37	64	2	1	68	0.0266667	75	0.113122	FALSE	HA:cds-XAJ25415.1	ACA	T	ACG	T	43
HA|PP755589.1|A/cattle/Texas/24-008749-003/2024(H5N1)	151	A	G	70	38	64	1	0	62	0.0140845	71	0.353234	FALSE	HA:cds-XAJ25415.1	AAA	K	GAA	E	51
HA|PP755589.1|A/cattle/Texas/24-008749-003/2024(H5N1)	153	A	G	0	0	0	70	38	64	1	70	9.82222e-56	TRUE	HA:cds-XAJ25415.1	AAA	K	AAG	K	51
HA|PP755589.1|A/cattle/Texas/24-008749-003/2024(H5N1)	154	A	G	68	36	61	1	1	71	0.0144928	69	0.350254	FALSE	HA:cds-XAJ25415.1	ACA	T	GCA	A	52
HA|PP755589.1|A/cattle/Texas/24-008749-003/2024(H5N1)	163	G	A	74	50	56	1	1	74	0.0133333	75	0.380711	FALSE	HA:cds-XAJ25415.1	GGG	G	AGG	R	55
HA|PP755589.1|A/cattle/Texas/24-008749-003/2024(H5N1)	166	A	G	75	59	54	1	0	62	0.0131579	76	0.402116	FALSE	HA:cds-XAJ25415.1	AAG	K	GAG	E	56
HA|PP755589.1|A/cattle/Texas/24-008749-003/2024(H5N1)	183	T	C	71	57	50	1	1	37	0.0138889	72	0.409091	FALSE	HA:cds-XAJ25415.1	AAT	N	AAC	N	61
HA|PP755589.1|A/cattle/Texas/24-008749-003/2024(H5N1)	197	T	C	60	49	48	1	1	37	0.0163934	61	0.42069	FALSE	HA:cds-XAJ25415.1	CTG	L	CCG	P	66
HA|PP755589.1|A/cattle/Texas/24-008749-003/2024(H5N1)	200	T	C	61	48	45	2	2	55	0.031746	63	0.177127	FALSE	HA:cds-XAJ25415.1	ATT	I	ACT	T	67
HA|PP755589.1|A/cattle/Texas/24-008749-003/2024(H5N1)	202	T	C	3	0	30	60	50	47	0.952381	63	5.17836e-39	TRUE	HA:cds-XAJ25415.1	TTA	L	CTA	L	68
HA|PP755589.1|A/cattle/Texas/24-008749-003/2024(H5N1)	205	A	G	62	49	44	2	2	32	0.03125	64	0.193103	FALSE	HA:cds-XAJ25415.1	AAG	K	GAG	E	69
HA|PP755589.1|A/cattle/Texas/24-008749-003/2024(H5N1)	206	A	G	61	48	45	2	2	37	0.031746	63	0.189685	FALSE	HA:cds-XAJ25415.1	AAG	K	AGG	R	69
HA|PP755589.1|A/cattle/Texas/24-008749-003/2024(H5N1)	211	T	C	55	43	45	1	1	37	0.0178571	56	0.434109	FALSE	HA:cds-XAJ25415.1	TGC	C	CGC	R	71
HA|PP755589.1|A/cattle/Texas/24-008749-003/2024(H5N1)	225	A	G	30	19	46	1	0	37	0.0322581	31	0.43662	FALSE	HA:cds-XAJ25415.1	GGA	G	GGG	G	75
HA|PP755589.1|A/cattle/Texas/24-008749-003/2024(H5N1)	273	A	C	18	7	62	1	1	20	0.0526316	19	0.351852	FALSE	HA:cds-XAJ25415.1	GAA	E	GAC	D	91
HA|PP755589.1|A/cattle/Texas/24-008749-003/2024(H5N1)	280	T	C	21	9	67	1	1	74	0.0454545	22	0.34375	FALSE	HA:cds-XAJ25415.1	TAC	Y	CAC	H	94
HA|PP755589.1|A/cattle/Texas/24-008749-003/2024(H5N1)	281	A	C	20	10	70	1	1	29	0.047619	21	0.333333	FALSE	HA:cds-XAJ25415.1	TAC	Y	TCC	S	94
HA|PP755589.1|A/cattle/Texas/24-008749-003/2024(H5N1)	299	A	G	21	10	68	1	0	74	0.0454545	22	0.333333	FALSE	HA:cds-XAJ25415.1	AAC	N	AGC	S	100
HA|PP755589.1|A/cattle/Texas/24-008749-003/2024(H5N1)	300	C	T	0	0	0	22	10	71	1	22	5.48898e-18	TRUE	HA:cds-XAJ25415.1	AAC	N	AAT	N	100
HA|PP755589.1|A/cattle/Texas/24-008749-003/2024(H5N1)	309	T	C	12	8	64	10	3	69	0.454545	22	3.06496e-06	TRUE	HA:cds-XAJ25415.1	AAT	N	AAC	N	103
HA|PP755589.1|A/cattle/Texas/24-008749-003/2024(H5N1)	311	A	G	0	0	0	22	11	68	1	22	5.48898e-18	TRUE	HA:cds-XAJ25415.1	GAC	D	GGC	G	104
HA|PP755589.1|A/cattle/Texas/24-008749-003/2024(H5N1)	314	T	C	21	10	65	1	0	74	0.0454545	22	0.338462	FALSE	HA:cds-XAJ25415.1	CTC	L	CCC	P	105
HA|PP755589.1|A/cattle/Texas/24-008749-003/2024(H5N1)	316	T	C	22	10	67	1	0	25	0.0434783	23	0.338235	FALSE	HA:cds-XAJ25415.1	TGT	C	CGT	R	106
HA|PP755589.1|A/cattle/Texas/24-008749-003/2024(H5N1)	338	A	G	22	10	71	1	0	62	0.0434783	23	0.333333	FALSE	HA:cds-XAJ25415.1	GAC	D	GGC	G	113
HA|PP755589.1|A/cattle/Texas/24-008749-003/2024(H5N1)	389	T	C	359	74	47	4	0	35	0.0110193	363	0.0310031	FALSE	HA:cds-XAJ25415.1	ATT	I	ACT	T	130
HA|PP755589.1|A/cattle/Texas/24-008749-003/2024(H5N1)	399	T	C	165	36	50	247	68	48	0.599515	412	3.21667e-132	TRUE	HA:cds-XAJ25415.1	ATT	I	ATC	I	133
HA|PP755589.1|A/cattle/Texas/24-008749-003/2024(H5N1)	439	G	A	1	0	62	582	230	61	0.998285	583	0	TRUE	HA:cds-XAJ25415.1	GTG	V	ATG	M	147
HA|PP755589.1|A/cattle/Texas/24-008749-003/2024(H5N1)	483	A	G	476	235	67	236	128	66	0.331461	712	7.17448e-126	TRUE	HA:cds-XAJ25415.1	AGA	R	AGG	R	161
HA|PP755589.1|A/cattle/Texas/24-008749-003/2024(H5N1)	500	T	C	669	328	69	27	17	70	0.0387931	696	1.25861e-13	TRUE	HA:cds-XAJ25415.1	ATC	I	ACC	T	167
HA|PP755589.1|A/cattle/Texas/24-008749-003/2024(H5N1)	515	C	T	582	304	68	122	61	65	0.173295	704	1.17937e-60	TRUE	HA:cds-XAJ25415.1	GCA	A	GTA	V	172
HA|PP755589.1|A/cattle/Texas/24-008749-003/2024(H5N1)	543	T	C	878	425	52	110	47	49	0.111336	988	1.59782e-46	TRUE	HA:cds-XAJ25415.1	AAT	N	AAC	N	181
HA|PP755589.1|A/cattle/Texas/24-008749-003/2024(H5N1)	625	A	G	682	329	68	9	6	53	0.0130246	691	5.44937e-05	TRUE	HA:cds-XAJ25415.1	AAC	N	GAC	D	209
HA|PP755589.1|A/cattle/Texas/24-008749-003/2024(H5N1)	636	C	T	691	339	69	8	4	65	0.0114449	699	0.000162091	TRUE	HA:cds-XAJ25415.1	ACC	T	ACT	T	212
HA|PP755589.1|A/cattle/Texas/24-008749-003/2024(H5N1)	651	G	A	1	1	62	677	339	69	0.998525	678	0	TRUE	HA:cds-XAJ25415.1	GGG	G	GGA	G	217
HA|PP755589.1|A/cattle/Texas/24-008749-003/2024(H5N1)	657	A	G	1	1	74	679	346	68	0.998529	680	0	TRUE	HA:cds-XAJ25415.1	TCA	S	TCG	S	219
HA|PP755589.1|A/cattle/Texas/24-008749-003/2024(H5N1)	666	C	G	683	350	69	14	5	68	0.0200861	697	2.36197e-07	TRUE	HA:cds-XAJ25415.1	AAC	N	AAG	K	222
HA|PP755589.1|A/cattle/Texas/24-008749-003/2024(H5N1)	675	G	A	2	1	49	644	364	55	0.996904	646	0	TRUE	HA:cds-XAJ25415.1	TTG	L	TTA	L	225
HA|PP755589.1|A/cattle/Texas/24-008749-003/2024(H5N1)	697	T	C	42	8	45	546	381	55	0.928571	588	0	TRUE	HA:cds-XAJ25415.1	TCC	S	CCC	P	233
HA|PP755589.1|A/cattle/Texas/24-008749-003/2024(H5N1)	736	T	C	606	355	47	10	4	47	0.0162075	617	0.000155679	TRUE	HA:cds-XAJ25415.1	TGG	W	CGG	R	246
HA|PP755589.1|A/cattle/Texas/24-008749-003/2024(H5N1)	737	G	A	618	362	48	9	3	46	0.0143541	627	0.000402556	TRUE	HA:cds-XAJ25415.1	TGG	W	TAG	*	246
HA|PP755589.1|A/cattle/Texas/24-008749-003/2024(H5N1)	774	G	A	1	1	74	339	124	57	0.994135	341	8.61642e-259	TRUE	HA:cds-XAJ25415.1	GAG	E	GAA	E	258
HA|PP755589.1|A/cattle/Texas/24-008749-003/2024(H5N1)	786	T	C	340	179	68	4	2	60	0.0115942	345	0.0128886	FALSE	HA:cds-XAJ25415.1	AAT	N	AAC	N	262
HA|PP755589.1|A/cattle/Texas/24-008749-003/2024(H5N1)	844	A	G	342	183	68	4	3	61	0.0115607	346	0.0124898	FALSE	HA:cds-XAJ25415.1	AAA	K	GAA	E	282
HA|PP755589.1|A/cattle/Texas/24-008749-003/2024(H5N1)	929	T	-AC	830	416	60	30	0	20	0.020436	1468	2.18548e-05	TRUE	NA	NA	NA	NA	NA	NA
HA|PP755589.1|A/cattle/Texas/24-008749-003/2024(H5N1)	933	T	C	743	363	63	62	28	65	0.0770186	805	2.82989e-29	TRUE	HA:cds-XAJ25415.1	CAT	H	CAC	H	311
HA|PP755589.1|A/cattle/Texas/24-008749-003/2024(H5N1)	946	G	A	822	415	68	14	6	67	0.0167264	837	2.00983e-07	TRUE	HA:cds-XAJ25415.1	GGG	G	AGG	R	316
HA|PP755589.1|A/cattle/Texas/24-008749-003/2024(H5N1)	951	A	G	453	226	68	354	180	70	0.438662	807	7.63598e-198	TRUE	HA:cds-XAJ25415.1	GAA	E	GAG	E	317
HA|PP755589.1|A/cattle/Texas/24-008749-003/2024(H5N1)	1007	G	A	1	1	37	782	499	57	0.998723	783	0	TRUE	HA:cds-XAJ25415.1	AGT	S	AAT	N	336
HA|PP755589.1|A/cattle/Texas/24-008749-003/2024(H5N1)	1040	T	-G	715	527	50	14	0	20	0.0130233	1075	0.0572531	FALSE	NA	NA	NA	NA	NA	NA
HA|PP755589.1|A/cattle/Texas/24-008749-003/2024(H5N1)	1041	G	T	51	14	54	677	513	50	0.926129	731	0	TRUE	HA:cds-XAJ25415.1	CTG	L	CTT	L	347
HA|PP755589.1|A/cattle/Texas/24-008749-003/2024(H5N1)	1101	T	C	195	73	55	10	3	43	0.0487805	205	5.94166e-05	TRUE	HA:cds-XAJ25415.1	TAT	Y	TAC	Y	367
HA|PP755589.1|A/cattle/Texas/24-008749-003/2024(H5N1)	1102	G	A	207	74	54	3	2	61	0.0142857	210	0.056395	FALSE	HA:cds-XAJ25415.1	GGG	G	AGG	R	368
HA|PP755589.1|A/cattle/Texas/24-008749-003/2024(H5N1)	1104	G	A	146	52	55	67	27	57	0.314554	213	5.73045e-32	TRUE	HA:cds-XAJ25415.1	GGG	G	GGA	G	368
HA|PP755589.1|A/cattle/Texas/24-008749-003/2024(H5N1)	1121	A	G	225	105	63	3	0	49	0.0131579	228	0.0435904	FALSE	HA:cds-XAJ25415.1	GAG	E	GGG	G	374
HA|PP755589.1|A/cattle/Texas/24-008749-003/2024(H5N1)	1136	A	G	217	98	64	5	4	74	0.0225225	222	0.0051108	TRUE	HA:cds-XAJ25415.1	TAC	Y	TGC	C	379
HA|PP755589.1|A/cattle/Texas/24-008749-003/2024(H5N1)	1163	A	G	217	100	64	3	3	47	0.0136364	220	0.0424078	FALSE	HA:cds-XAJ25415.1	AAG	K	AGG	R	388
HA|PP755589.1|A/cattle/Texas/24-008749-003/2024(H5N1)	1206	C	-A	224	95	57	5	0	20	0.013624	367	0.149562	FALSE	NA	NA	NA	NA	NA	NA
HA|PP755589.1|A/cattle/Texas/24-008749-003/2024(H5N1)	1225	G	A	309	132	48	6	2	41	0.0190476	315	0.00551293	TRUE	HA:cds-XAJ25415.1	GAG	E	AAG	K	409
HA|PP755589.1|A/cattle/Texas/24-008749-003/2024(H5N1)	1236	A	G	345	128	46	5	1	33	0.014245	351	0.0134352	FALSE	HA:cds-XAJ25415.1	GGA	G	GGG	G	412
HA|PP755589.1|A/cattle/Texas/24-008749-003/2024(H5N1)	1274	T	C	324	96	50	4	1	45	0.0121951	328	0.0242355	FALSE	HA:cds-XAJ25415.1	TTG	L	TCG	S	425
HA|PP755589.1|A/cattle/Texas/24-008749-003/2024(H5N1)	1278	C	T	335	100	53	4	2	43	0.0117994	339	0.0242218	FALSE	HA:cds-XAJ25415.1	AAC	N	AAT	N	426
HA|PP755589.1|A/cattle/Texas/24-008749-003/2024(H5N1)	1458	T	C	102	50	65	521	216	61	0.836276	623	0	TRUE	HA:cds-XAJ25415.1	TAT	Y	TAC	Y	486
HA|PP755589.1|A/cattle/Texas/24-008749-003/2024(H5N1)	1486	A	G	643	315	65	18	7	65	0.0272315	661	5.84781e-09	TRUE	HA:cds-XAJ25415.1	AGT	S	GGT	G	496
HA|PP755589.1|A/cattle/Texas/24-008749-003/2024(H5N1)	1493	G	A	684	329	64	10	1	35	0.0144092	694	0.000218217	TRUE	HA:cds-XAJ25415.1	AGA	R	AAA	K	498
HA|PP755589.1|A/cattle/Texas/24-008749-003/2024(H5N1)	1546	G	A	612	310	62	18	7	59	0.0285714	630	8.90369e-09	TRUE	HA:cds-XAJ25415.1	GAA	E	AAA	K	516
HA|PP755589.1|A/cattle/Texas/24-008749-003/2024(H5N1)	1551	A	G	628	333	60	7	5	56	0.0110063	636	0.000868328	TRUE	HA:cds-XAJ25415.1	GAA	E	GAG	E	517
HA|PP755589.1|A/cattle/Texas/24-008749-003/2024(H5N1)	1584	T	C	447	319	48	5	5	44	0.0110619	452	0.0122717	FALSE	HA:cds-XAJ25415.1	ACT	T	ACC	T	528
HA|PP755589.1|A/cattle/Texas/24-008749-003/2024(H5N1)	1590	G	A	0	0	0	417	287	47	1	417	4.94151e-292	TRUE	HA:cds-XAJ25415.1	CAG	Q	CAA	Q	530
HA|PP755589.1|A/cattle/Texas/24-008749-003/2024(H5N1)	1659	A	G	170	121	52	2	2	37	0.0116279	172	0.158701	FALSE	HA:cds-XAJ25415.1	TTA	L	TTG	L	553
HA|PP755589.1|A/cattle/Texas/24-008749-003/2024(H5N1)	1675	G	A	154	125	47	3	3	61	0.0191083	157	0.0731531	FALSE	HA:cds-XAJ25415.1	GGG	G	AGG	R	559
HA|PP755589.1|A/cattle/Texas/24-008749-003/2024(H5N1)	1683	A	T	142	117	47	2	2	22	0.0134228	149	0.553181	FALSE	HA:cds-XAJ25415.1	TTA	L	TTT	F	561
HA|PP755589.1|A/cattle/Texas/24-008749-003/2024(H5N1)	1683	A	G	142	117	47	5	4	46	0.033557	149	0.0127382	FALSE	HA:cds-XAJ25415.1	TTA	L	TTG	L	561
HA|PP755589.1|A/cattle/Texas/24-008749-003/2024(H5N1)	1693	A	G	131	106	48	3	2	49	0.0223881	134	0.0738511	FALSE	HA:cds-XAJ25415.1	ATT	I	GTT	V	565
