REGION	POS	REF	ALT	REF_DP	REF_RV	REF_QUAL	ALT_DP	ALT_RV	ALT_QUAL	ALT_FREQ	TOTAL_DP	PVAL	PASS	GFF_FEATURE	REF_CODON	REF_AA	ALT_CODON	ALT_AA	POS_AA
HA|PP755589.1|A/cattle/Texas/24-008749-003/2024(H5N1)	6	G	A	0	0	0	151	23	33	1	151	9.58104e-241	TRUE	HA:cds-XAJ25415.1	GAG	E	GAA	E	2
HA|PP755589.1|A/cattle/Texas/24-008749-003/2024(H5N1)	18	A	T	0	0	0	700	56	42	0.998573	701	0	TRUE	HA:cds-XAJ25415.1	CTA	L	CTT	L	6
HA|PP755589.1|A/cattle/Texas/24-008749-003/2024(H5N1)	22	C	A	686	100	39	9	0	24	0.0129496	695	0.283938	FALSE	HA:cds-XAJ25415.1	CTT	L	ATT	I	8
HA|PP755589.1|A/cattle/Texas/24-008749-003/2024(H5N1)	31	G	A	1	1	40	945	134	41	0.994737	950	0	TRUE	HA:cds-XAJ25415.1	GTT	V	ATT	I	11
HA|PP755589.1|A/cattle/Texas/24-008749-003/2024(H5N1)	93	A	G	2	1	40	2637	499	44	0.999242	2639	0	TRUE	HA:cds-XAJ25415.1	CAA	Q	CAG	Q	31
HA|PP755589.1|A/cattle/Texas/24-008749-003/2024(H5N1)	99	C	A	2560	564	42	28	1	28	0.010815	2589	0.402834	FALSE	HA:cds-XAJ25415.1	GAC	D	GAA	E	33
HA|PP755589.1|A/cattle/Texas/24-008749-003/2024(H5N1)	122	C	A	2623	793	40	49	0	27	0.0183315	2673	0.00146096	TRUE	HA:cds-XAJ25415.1	ACT	T	AAT	N	41
HA|PP755589.1|A/cattle/Texas/24-008749-003/2024(H5N1)	123	T	C	3	0	48	3040	842	45	0.99803	3046	0	TRUE	HA:cds-XAJ25415.1	ACT	T	ACC	T	41
HA|PP755589.1|A/cattle/Texas/24-008749-003/2024(H5N1)	154	A	G	1	0	29	4044	1848	47	0.999753	4045	0	TRUE	HA:cds-XAJ25415.1	ACA	T	GCA	A	52
HA|PP755589.1|A/cattle/Texas/24-008749-003/2024(H5N1)	163	G	T	3574	1231	42	130	130	29	0.0350688	3707	6.01903e-17	TRUE	HA:cds-XAJ25415.1	GGG	G	TGG	W	55
HA|PP755589.1|A/cattle/Texas/24-008749-003/2024(H5N1)	171	A	C	2	0	32	3991	1997	46	0.999249	3994	0	TRUE	HA:cds-XAJ25415.1	CTA	L	CTC	L	57
HA|PP755589.1|A/cattle/Texas/24-008749-003/2024(H5N1)	174	C	T	6	1	52	4006	1961	46	0.998256	4013	0	TRUE	HA:cds-XAJ25415.1	TGC	C	TGT	C	58
HA|PP755589.1|A/cattle/Texas/24-008749-003/2024(H5N1)	177	C	T	1	0	24	4110	1981	46	0.9983	4117	0	TRUE	HA:cds-XAJ25415.1	GAC	D	GAT	D	59
HA|PP755589.1|A/cattle/Texas/24-008749-003/2024(H5N1)	195	A	T	0	0	0	4540	2302	47	0.997364	4552	0	TRUE	HA:cds-XAJ25415.1	CCA	P	CCT	P	65
HA|PP755589.1|A/cattle/Texas/24-008749-003/2024(H5N1)	196	C	A	4053	2401	43	59	0	27	0.0143448	4113	0.0302402	FALSE	HA:cds-XAJ25415.1	CTG	L	ATG	M	66
HA|PP755589.1|A/cattle/Texas/24-008749-003/2024(H5N1)	210	C	T	2	0	52	4618	2466	45	0.998918	4623	0	TRUE	HA:cds-XAJ25415.1	GAC	D	GAT	D	70
HA|PP755589.1|A/cattle/Texas/24-008749-003/2024(H5N1)	213	C	T	1	0	80	4554	2409	46	0.998684	4560	0	TRUE	HA:cds-XAJ25415.1	TGC	C	TGT	C	71
HA|PP755589.1|A/cattle/Texas/24-008749-003/2024(H5N1)	231	C	T	2	2	24	4655	2499	46	0.999141	4659	0	TRUE	HA:cds-XAJ25415.1	CTC	L	CTT	L	77
HA|PP755589.1|A/cattle/Texas/24-008749-003/2024(H5N1)	279	T	C	1	0	40	5088	2721	42	0.999411	5091	0	TRUE	HA:cds-XAJ25415.1	TCT	S	TCC	S	93
HA|PP755589.1|A/cattle/Texas/24-008749-003/2024(H5N1)	282	C	A	4639	2764	40	87	1	27	0.0184049	4727	0.000126662	TRUE	HA:cds-XAJ25415.1	TAC	Y	TAA	*	94
HA|PP755589.1|A/cattle/Texas/24-008749-003/2024(H5N1)	293	G	T	3724	1292	39	55	55	26	0.0145503	3780	0.0308155	FALSE	HA:cds-XAJ25415.1	CGG	R	CTG	L	98
HA|PP755589.1|A/cattle/Texas/24-008749-003/2024(H5N1)	296	C	A	1	0	26	3980	1784	43	0.997994	3988	0	TRUE	HA:cds-XAJ25415.1	GCT	A	GAT	D	99
HA|PP755589.1|A/cattle/Texas/24-008749-003/2024(H5N1)	297	T	C	1	0	40	4000	1784	43	0.9995	4002	0	TRUE	HA:cds-XAJ25415.1	GCT	A	GCC	A	99
HA|PP755589.1|A/cattle/Texas/24-008749-003/2024(H5N1)	300	C	T	4	1	31	3991	1751	42	0.998499	3997	0	TRUE	HA:cds-XAJ25415.1	AAC	N	AAT	N	100
HA|PP755589.1|A/cattle/Texas/24-008749-003/2024(H5N1)	306	T	C	2	2	24	4440	2031	43	0.997529	4451	0	TRUE	HA:cds-XAJ25415.1	GCT	A	GCC	A	102
HA|PP755589.1|A/cattle/Texas/24-008749-003/2024(H5N1)	342	T	C	2	1	32	4353	2035	42	0.990669	4394	0	TRUE	HA:cds-XAJ25415.1	TAT	Y	TAC	Y	114
HA|PP755589.1|A/cattle/Texas/24-008749-003/2024(H5N1)	358	A	C	7	0	24	4534	2049	45	0.997799	4544	0	TRUE	HA:cds-XAJ25415.1	ATG	M	CTG	L	120
HA|PP755589.1|A/cattle/Texas/24-008749-003/2024(H5N1)	378	T	C	4	1	50	4250	1973	43	0.992527	4282	0	TRUE	HA:cds-XAJ25415.1	CAT	H	CAC	H	126
HA|PP755589.1|A/cattle/Texas/24-008749-003/2024(H5N1)	382	G	T	3771	1077	40	51	51	27	0.0133438	3822	0.0753615	FALSE	HA:cds-XAJ25415.1	GAG	E	TAG	*	128
HA|PP755589.1|A/cattle/Texas/24-008749-003/2024(H5N1)	392	A	T	0	0	0	4622	2018	45	0.998704	4628	0	TRUE	HA:cds-XAJ25415.1	CAG	Q	CTG	L	131
HA|PP755589.1|A/cattle/Texas/24-008749-003/2024(H5N1)	399	T	C	2	0	27	4577	2139	46	0.999345	4580	0	TRUE	HA:cds-XAJ25415.1	ATT	I	ATC	I	133
HA|PP755589.1|A/cattle/Texas/24-008749-003/2024(H5N1)	401	C	A	3301	2155	41	49	0	25	0.0146225	3351	0.0265474	FALSE	HA:cds-XAJ25415.1	CCC	P	CAC	H	134
HA|PP755589.1|A/cattle/Texas/24-008749-003/2024(H5N1)	433	C	A	4285	2949	41	119	0	28	0.0270148	4405	3.78193e-11	TRUE	HA:cds-XAJ25415.1	CTA	L	ATA	I	145
HA|PP755589.1|A/cattle/Texas/24-008749-003/2024(H5N1)	436	G	T	4214	2116	42	78	78	29	0.0181564	4296	0.000263569	TRUE	HA:cds-XAJ25415.1	GGG	G	TGG	W	146
HA|PP755589.1|A/cattle/Texas/24-008749-003/2024(H5N1)	468	A	G	3	3	40	4296	2352	44	0.999302	4299	0	TRUE	HA:cds-XAJ25415.1	GCA	A	GCG	A	156
HA|PP755589.1|A/cattle/Texas/24-008749-003/2024(H5N1)	540	C	A	4467	2505	41	48	1	26	0.0106289	4516	0.387187	FALSE	HA:cds-XAJ25415.1	TAC	Y	TAA	*	180
HA|PP755589.1|A/cattle/Texas/24-008749-003/2024(H5N1)	549	T	C	1	1	24	4229	2096	43	0.999527	4231	0	TRUE	HA:cds-XAJ25415.1	ACT	T	ACC	T	183
HA|PP755589.1|A/cattle/Texas/24-008749-003/2024(H5N1)	554	G	T	3494	1362	40	70	70	26	0.0196243	3567	0.000129573	TRUE	HA:cds-XAJ25415.1	CGG	R	CTG	L	185
HA|PP755589.1|A/cattle/Texas/24-008749-003/2024(H5N1)	564	C	A	4048	2229	41	49	1	25	0.0119483	4101	0.198822	FALSE	HA:cds-XAJ25415.1	CTC	L	CTA	L	188
HA|PP755589.1|A/cattle/Texas/24-008749-003/2024(H5N1)	621	C	T	1	1	32	4201	1799	43	0.999049	4205	0	TRUE	HA:cds-XAJ25415.1	TAC	Y	TAT	Y	207
HA|PP755589.1|A/cattle/Texas/24-008749-003/2024(H5N1)	627	C	T	3	1	35	4178	1816	44	0.998566	4184	0	TRUE	HA:cds-XAJ25415.1	AAC	N	AAT	N	209
HA|PP755589.1|A/cattle/Texas/24-008749-003/2024(H5N1)	632	T	C	1	1	40	4002	1918	43	0.99478	4023	0	TRUE	HA:cds-XAJ25415.1	ATC	I	ACC	T	211
HA|PP755589.1|A/cattle/Texas/24-008749-003/2024(H5N1)	651	G	A	6	5	37	4280	1870	43	0.998134	4288	0	TRUE	HA:cds-XAJ25415.1	GGG	G	GGA	G	217
HA|PP755589.1|A/cattle/Texas/24-008749-003/2024(H5N1)	677	C	T	5	0	44	4190	1612	41	0.997619	4200	0	TRUE	HA:cds-XAJ25415.1	GCA	A	GTA	V	226
HA|PP755589.1|A/cattle/Texas/24-008749-003/2024(H5N1)	700	C	A	3744	1922	40	56	0	27	0.0147213	3804	0.0265289	FALSE	HA:cds-XAJ25415.1	CAA	Q	AAA	K	234
HA|PP755589.1|A/cattle/Texas/24-008749-003/2024(H5N1)	735	C	A	4087	2355	41	65	0	26	0.0156513	4153	0.00829721	TRUE	HA:cds-XAJ25415.1	TTC	F	TTA	L	245
HA|PP755589.1|A/cattle/Texas/24-008749-003/2024(H5N1)	744	C	T	2	1	32	4269	2065	43	0.999064	4273	0	TRUE	HA:cds-XAJ25415.1	ATC	I	ATT	I	248
HA|PP755589.1|A/cattle/Texas/24-008749-003/2024(H5N1)	762	A	C	4	0	24	4200	2220	40	0.998573	4206	0	TRUE	HA:cds-XAJ25415.1	GCA	A	GCC	A	254
HA|PP755589.1|A/cattle/Texas/24-008749-003/2024(H5N1)	780	C	T	2	1	40	4379	2129	44	0.998859	4384	0	TRUE	HA:cds-XAJ25415.1	AAC	N	AAT	N	260
HA|PP755589.1|A/cattle/Texas/24-008749-003/2024(H5N1)	819	T	C	3	1	48	4748	2840	45	0.997479	4760	0	TRUE	HA:cds-XAJ25415.1	GTT	V	GTC	V	273
HA|PP755589.1|A/cattle/Texas/24-008749-003/2024(H5N1)	834	G	A	2	2	40	4890	2885	45	0.999183	4894	0	TRUE	HA:cds-XAJ25415.1	TCG	S	TCA	S	278
HA|PP755589.1|A/cattle/Texas/24-008749-003/2024(H5N1)	867	T	C	1	0	33	4678	2553	43	0.996167	4696	0	TRUE	HA:cds-XAJ25415.1	CAT	H	CAC	H	289
HA|PP755589.1|A/cattle/Texas/24-008749-003/2024(H5N1)	890	C	A	4178	2448	40	84	0	28	0.0197044	4263	3.81835e-05	TRUE	HA:cds-XAJ25415.1	CCA	P	CAA	Q	297
HA|PP755589.1|A/cattle/Texas/24-008749-003/2024(H5N1)	897	T	A	0	0	0	4529	2267	42	0.997577	4540	0	TRUE	HA:cds-XAJ25415.1	GGT	G	GGA	G	299
HA|PP755589.1|A/cattle/Texas/24-008749-003/2024(H5N1)	921	T	C	0	0	0	4768	2712	45	0.999371	4771	0	TRUE	HA:cds-XAJ25415.1	TTT	F	TTC	F	307
HA|PP755589.1|A/cattle/Texas/24-008749-003/2024(H5N1)	933	T	C	2	1	40	4610	2021	45	0.999133	4614	0	TRUE	HA:cds-XAJ25415.1	CAT	H	CAC	H	311
HA|PP755589.1|A/cattle/Texas/24-008749-003/2024(H5N1)	939	C	A	4130	2119	41	53	2	27	0.0126643	4185	0.121418	FALSE	HA:cds-XAJ25415.1	CTC	L	CTA	L	313
HA|PP755589.1|A/cattle/Texas/24-008749-003/2024(H5N1)	957	C	A	3950	1925	42	58	1	27	0.0144711	4008	0.0286625	FALSE	HA:cds-XAJ25415.1	CCC	P	CCA	P	319
HA|PP755589.1|A/cattle/Texas/24-008749-003/2024(H5N1)	1022	A	G	3	2	53	4244	2255	44	0.996946	4257	0	TRUE	HA:cds-XAJ25415.1	AAG	K	AGG	R	341
HA|PP755589.1|A/cattle/Texas/24-008749-003/2024(H5N1)	1023	G	T	3745	1752	41	48	48	27	0.0126516	3794	0.1335	FALSE	HA:cds-XAJ25415.1	AAG	K	AAT	N	341
HA|PP755589.1|A/cattle/Texas/24-008749-003/2024(H5N1)	1038	T	C	0	0	0	4477	2689	45	0.999553	4479	0	TRUE	HA:cds-XAJ25415.1	GGT	G	GGC	G	346
HA|PP755589.1|A/cattle/Texas/24-008749-003/2024(H5N1)	1068	G	T	4170	1750	42	50	50	26	0.0118427	4222	0.21409	FALSE	HA:cds-XAJ25415.1	GAG	E	GAT	D	356
HA|PP755589.1|A/cattle/Texas/24-008749-003/2024(H5N1)	1143	G	A	5	2	36	5051	1680	43	0.997827	5062	0	TRUE	HA:cds-XAJ25415.1	GCG	A	GCA	A	381
HA|PP755589.1|A/cattle/Texas/24-008749-003/2024(H5N1)	1290	A	G	5187	2963	44	338	161	40	0.0611101	5531	1.71335e-123	TRUE	HA:cds-XAJ25415.1	GAA	E	GAG	E	430
HA|PP755589.1|A/cattle/Texas/24-008749-003/2024(H5N1)	1314	A	C	0	0	0	6005	3251	45	0.999501	6008	0	TRUE	HA:cds-XAJ25415.1	ACA	T	ACC	T	438
HA|PP755589.1|A/cattle/Texas/24-008749-003/2024(H5N1)	1348	G	T	5511	2597	42	68	68	28	0.0121864	5580	0.125485	FALSE	HA:cds-XAJ25415.1	GAG	E	TAG	*	450
HA|PP755589.1|A/cattle/Texas/24-008749-003/2024(H5N1)	1380	C	A	8	0	25	6185	3523	44	0.998547	6194	0	TRUE	HA:cds-XAJ25415.1	GTC	V	GTA	V	460
HA|PP755589.1|A/cattle/Texas/24-008749-003/2024(H5N1)	1405	T	C	5	4	33	6307	3490	44	0.998891	6314	0	TRUE	HA:cds-XAJ25415.1	TTA	L	CTA	L	469
HA|PP755589.1|A/cattle/Texas/24-008749-003/2024(H5N1)	1415	G	T	5414	2212	40	109	109	26	0.0197357	5523	2.51354e-06	TRUE	HA:cds-XAJ25415.1	AGG	R	ATG	M	472
HA|PP755589.1|A/cattle/Texas/24-008749-003/2024(H5N1)	1440	C	T	5	2	33	6525	2678	43	0.998623	6534	0	TRUE	HA:cds-XAJ25415.1	AAC	N	AAT	N	480
HA|PP755589.1|A/cattle/Texas/24-008749-003/2024(H5N1)	1467	T	C	25	15	36	5751	2814	42	0.995155	5779	0	TRUE	HA:cds-XAJ25415.1	TGT	C	TGC	C	489
HA|PP755589.1|A/cattle/Texas/24-008749-003/2024(H5N1)	1471	A	G	21	11	33	5783	2827	43	0.996382	5804	0	TRUE	HA:cds-XAJ25415.1	AAT	N	GAT	D	491
HA|PP755589.1|A/cattle/Texas/24-008749-003/2024(H5N1)	1474	G	A	3	0	29	5690	2838	43	0.999298	5694	0	TRUE	HA:cds-XAJ25415.1	GAA	E	AAA	K	492
HA|PP755589.1|A/cattle/Texas/24-008749-003/2024(H5N1)	1498	G	T	5382	2282	41	82	82	27	0.0149991	5467	0.00525843	TRUE	HA:cds-XAJ25415.1	GGG	G	TGG	W	500
HA|PP755589.1|A/cattle/Texas/24-008749-003/2024(H5N1)	1517	A	G	6344	3254	47	69	46	44	0.0107493	6419	2.45068e-25	TRUE	HA:cds-XAJ25415.1	CAG	Q	CGG	R	506
HA|PP755589.1|A/cattle/Texas/24-008749-003/2024(H5N1)	1565	A	G	6068	3829	49	179	134	45	0.02864	6250	1.18586e-66	TRUE	HA:cds-XAJ25415.1	AAA	K	AGA	R	522
HA|PP755589.1|A/cattle/Texas/24-008749-003/2024(H5N1)	1576	G	A	3	3	48	5947	4124	45	0.999496	5950	0	TRUE	HA:cds-XAJ25415.1	GTA	V	ATA	I	526
HA|PP755589.1|A/cattle/Texas/24-008749-003/2024(H5N1)	1617	A	G	1	1	24	5760	4694	52	0.999306	5764	0	TRUE	HA:cds-XAJ25415.1	GCA	A	GCG	A	539
HA|PP755589.1|A/cattle/Texas/24-008749-003/2024(H5N1)	1677	G	T	3155	2793	42	45	45	26	0.0140581	3201	0.0652534	FALSE	HA:cds-XAJ25415.1	GGG	G	GGT	G	559
HA|PP755589.1|A/cattle/Texas/24-008749-003/2024(H5N1)	1686	A	G	0	0	0	2751	2459	46	1	2751	0	TRUE	HA:cds-XAJ25415.1	CAA	Q	CAG	Q	562
