REGION	POS	REF	ALT	REF_DP	REF_RV	REF_QUAL	ALT_DP	ALT_RV	ALT_QUAL	ALT_FREQ	TOTAL_DP	PVAL	PASS	GFF_FEATURE	REF_CODON	REF_AA	ALT_CODON	ALT_AA	POS_AA
PB1|PP755595.1|A/cattle/Texas/24-008749-003/2024(H5N1)	18	C	T	1	0	34	36	5	34	0.972973	37	1.4676e-42	TRUE	PB1:cds-XAJ25424.1	ACC	T	ACT	T	6
PB1|PP755595.1|A/cattle/Texas/24-008749-003/2024(H5N1)	24	C	T	0	0	0	38	6	35	1	38	6.49892e-46	TRUE	PB1:cds-XAJ25424.1	CTC	L	CTT	L	8
PB1|PP755595.1|A/cattle/Texas/24-008749-003/2024(H5N1)	30	G	A	0	0	0	40	6	36	1	40	5.74969e-48	TRUE	PB1:cds-XAJ25424.1	TTG	L	TTA	L	10
PB1|PP755595.1|A/cattle/Texas/24-008749-003/2024(H5N1)	33	A	-GTTCCAGC	40	6	35	22	0	20	0.1	220	2.41555e-14	TRUE	NA	NA	NA	NA	NA	NA
PB1|PP755595.1|A/cattle/Texas/24-008749-003/2024(H5N1)	36	T	G	0	0	0	41	6	35	1	41	6.44656e-49	TRUE	PB1:cds-XAJ25424.1	GTT	V	GTG	V	12
PB1|PP755595.1|A/cattle/Texas/24-008749-003/2024(H5N1)	46	A	G	0	0	0	52	8	36	1	52	2.1001e-58	TRUE	PB1:cds-XAJ25424.1	AAT	N	GAT	D	16
PB1|PP755595.1|A/cattle/Texas/24-008749-003/2024(H5N1)	57	C	T	0	0	0	87	15	37	1	87	2.36676e-86	TRUE	PB1:cds-XAJ25424.1	AGC	S	AGT	S	19
PB1|PP755595.1|A/cattle/Texas/24-008749-003/2024(H5N1)	69	G	T	0	0	0	139	20	35	1	139	6.84684e-122	TRUE	PB1:cds-XAJ25424.1	CCG	P	CCT	P	23
PB1|PP755595.1|A/cattle/Texas/24-008749-003/2024(H5N1)	72	T	C	0	0	0	139	21	35	1	139	2.82413e-123	TRUE	PB1:cds-XAJ25424.1	TAT	Y	TAC	Y	24
PB1|PP755595.1|A/cattle/Texas/24-008749-003/2024(H5N1)	105	A	G	0	0	0	196	31	37	1	196	4.91594e-160	TRUE	PB1:cds-XAJ25424.1	GGA	G	GGG	G	35
PB1|PP755595.1|A/cattle/Texas/24-008749-003/2024(H5N1)	105	A	G	0	0	0	196	31	37	1	196	4.91594e-160	TRUE	PB1-F2:cds-XAJ25425.1	GAA	E	GGA	G	4
PB1|PP755595.1|A/cattle/Texas/24-008749-003/2024(H5N1)	114	T	C	0	0	0	170	25	38	1	170	1.10979e-138	TRUE	PB1:cds-XAJ25424.1	TAT	Y	TAC	Y	38
PB1|PP755595.1|A/cattle/Texas/24-008749-003/2024(H5N1)	114	T	C	0	0	0	170	25	38	1	170	1.10979e-138	TRUE	PB1-F2:cds-XAJ25425.1	ATA	I	ACA	T	7
PB1|PP755595.1|A/cattle/Texas/24-008749-003/2024(H5N1)	117	C	A	0	0	0	169	24	37	1	169	3.94636e-137	TRUE	PB1:cds-XAJ25424.1	ACC	T	ACA	T	39
PB1|PP755595.1|A/cattle/Texas/24-008749-003/2024(H5N1)	117	C	A	0	0	0	169	24	37	1	169	3.94636e-137	TRUE	PB1-F2:cds-XAJ25425.1	CCA	P	CAA	Q	8
PB1|PP755595.1|A/cattle/Texas/24-008749-003/2024(H5N1)	125	C	T	181	40	39	2	1	68	0.010929	183	0.116581	FALSE	PB1:cds-XAJ25424.1	ACA	T	ATA	I	42
PB1|PP755595.1|A/cattle/Texas/24-008749-003/2024(H5N1)	125	C	T	181	40	39	2	1	68	0.010929	183	0.116581	FALSE	PB1-F2:cds-XAJ25425.1	CAG	Q	TAG	*	11
PB1|PP755595.1|A/cattle/Texas/24-008749-003/2024(H5N1)	129	T	C	0	0	0	181	57	39	1	181	1.36811e-127	TRUE	PB1:cds-XAJ25424.1	GTT	V	GTC	V	43
PB1|PP755595.1|A/cattle/Texas/24-008749-003/2024(H5N1)	129	T	C	0	0	0	181	57	39	1	181	1.36811e-127	TRUE	PB1-F2:cds-XAJ25425.1	TTA	L	TCA	S	12
PB1|PP755595.1|A/cattle/Texas/24-008749-003/2024(H5N1)	147	T	C	1	0	21	174	70	39	0.994286	175	4.96189e-115	TRUE	PB1:cds-XAJ25424.1	TAT	Y	TAC	Y	49
PB1|PP755595.1|A/cattle/Texas/24-008749-003/2024(H5N1)	147	T	C	1	0	21	174	70	39	0.994286	175	4.96189e-115	TRUE	PB1-F2:cds-XAJ25425.1	ATT	I	ACT	T	18
PB1|PP755595.1|A/cattle/Texas/24-008749-003/2024(H5N1)	153	A	G	0	0	0	161	66	39	1	161	1.48948e-105	TRUE	PB1:cds-XAJ25424.1	GAA	E	GAG	E	51
PB1|PP755595.1|A/cattle/Texas/24-008749-003/2024(H5N1)	153	A	G	0	0	0	161	66	39	1	161	1.48948e-105	TRUE	PB1-F2:cds-XAJ25425.1	AAA	K	AGA	R	20
PB1|PP755595.1|A/cattle/Texas/24-008749-003/2024(H5N1)	156	A	G	0	0	0	159	65	39	0.99375	160	2.41146e-104	TRUE	PB1:cds-XAJ25424.1	AAA	K	AAG	K	52
PB1|PP755595.1|A/cattle/Texas/24-008749-003/2024(H5N1)	156	A	G	0	0	0	159	65	39	0.99375	160	2.41146e-104	TRUE	PB1-F2:cds-XAJ25425.1	AAG	K	AGG	R	21
PB1|PP755595.1|A/cattle/Texas/24-008749-003/2024(H5N1)	159	G	A	1	0	34	160	65	39	0.993789	161	1.5991e-103	TRUE	PB1:cds-XAJ25424.1	GGG	G	GGA	G	53
PB1|PP755595.1|A/cattle/Texas/24-008749-003/2024(H5N1)	159	G	A	1	0	34	160	65	39	0.993789	161	1.5991e-103	TRUE	PB1-F2:cds-XAJ25425.1	GGA	G	GAA	E	22
PB1|PP755595.1|A/cattle/Texas/24-008749-003/2024(H5N1)	175	T	A	0	0	0	183	95	39	1	183	1.09507e-120	TRUE	PB1:cds-XAJ25424.1	TCA	S	ACA	T	59
PB1|PP755595.1|A/cattle/Texas/24-008749-003/2024(H5N1)	175	T	A	0	0	0	183	95	39	1	183	1.09507e-120	TRUE	PB1-F2:cds-XAJ25425.1	ACT	T	ACA	T	27
PB1|PP755595.1|A/cattle/Texas/24-008749-003/2024(H5N1)	186	G	A	0	0	0	180	93	38	1	180	1.07433e-115	TRUE	PB1:cds-XAJ25424.1	GGG	G	GGA	G	62
PB1|PP755595.1|A/cattle/Texas/24-008749-003/2024(H5N1)	186	G	A	0	0	0	180	93	38	1	180	1.07433e-115	TRUE	PB1-F2:cds-XAJ25425.1	GGG	G	GAG	E	31
PB1|PP755595.1|A/cattle/Texas/24-008749-003/2024(H5N1)	192	T	C	178	92	38	3	1	34	0.0165746	181	0.0990737	FALSE	PB1:cds-XAJ25424.1	CCT	P	CCC	P	64
PB1|PP755595.1|A/cattle/Texas/24-008749-003/2024(H5N1)	192	T	C	178	92	38	3	1	34	0.0165746	181	0.0990737	FALSE	PB1-F2:cds-XAJ25425.1	CTC	L	CCC	P	33
PB1|PP755595.1|A/cattle/Texas/24-008749-003/2024(H5N1)	201	T	C	0	0	0	168	90	38	1	168	6.45038e-108	TRUE	PB1:cds-XAJ25424.1	AAT	N	AAC	N	67
PB1|PP755595.1|A/cattle/Texas/24-008749-003/2024(H5N1)	201	T	C	0	0	0	168	90	38	1	168	6.45038e-108	TRUE	PB1-F2:cds-XAJ25425.1	ATC	I	ACC	T	36
PB1|PP755595.1|A/cattle/Texas/24-008749-003/2024(H5N1)	213	A	G	0	0	0	57	27	34	1	57	1.65642e-34	TRUE	PB1:cds-XAJ25424.1	GGA	G	GGG	G	71
PB1|PP755595.1|A/cattle/Texas/24-008749-003/2024(H5N1)	213	A	G	0	0	0	57	27	34	1	57	1.65642e-34	TRUE	PB1-F2:cds-XAJ25425.1	GAC	D	GGC	G	40
PB1|PP755595.1|A/cattle/Texas/24-008749-003/2024(H5N1)	217	T	C	0	0	0	52	28	34	1	52	6.31686e-31	TRUE	PB1:cds-XAJ25424.1	TTG	L	CTG	L	73
PB1|PP755595.1|A/cattle/Texas/24-008749-003/2024(H5N1)	217	T	C	0	0	0	52	28	34	1	52	6.31686e-31	TRUE	PB1-F2:cds-XAJ25425.1	CAT	H	CAC	H	41
PB1|PP755595.1|A/cattle/Texas/24-008749-003/2024(H5N1)	219	G	A	0	0	0	51	27	34	1	51	3.31114e-31	TRUE	PB1:cds-XAJ25424.1	TTG	L	TTA	L	73
PB1|PP755595.1|A/cattle/Texas/24-008749-003/2024(H5N1)	219	G	A	0	0	0	51	27	34	1	51	3.31114e-31	TRUE	PB1-F2:cds-XAJ25425.1	TGC	C	TAC	Y	42
PB1|PP755595.1|A/cattle/Texas/24-008749-003/2024(H5N1)	225	T	G	0	0	0	59	28	33	1	59	5.39189e-36	TRUE	PB1:cds-XAJ25424.1	GAT	D	GAG	E	75
PB1|PP755595.1|A/cattle/Texas/24-008749-003/2024(H5N1)	225	T	G	0	0	0	59	28	33	1	59	5.39189e-36	TRUE	PB1-F2:cds-XAJ25425.1	ATG	M	AGG	R	44
PB1|PP755595.1|A/cattle/Texas/24-008749-003/2024(H5N1)	231	T	C	0	0	0	60	30	34	1	60	2.65175e-36	TRUE	PB1:cds-XAJ25424.1	AAT	N	AAC	N	77
PB1|PP755595.1|A/cattle/Texas/24-008749-003/2024(H5N1)	231	T	C	0	0	0	60	30	34	1	60	2.65175e-36	TRUE	PB1-F2:cds-XAJ25425.1	ATG	M	ACG	T	46
PB1|PP755595.1|A/cattle/Texas/24-008749-003/2024(H5N1)	234	G	A	0	0	0	40	30	33	1	40	1.6335e-29	TRUE	PB1:cds-XAJ25424.1	GAG	E	GAA	E	78
PB1|PP755595.1|A/cattle/Texas/24-008749-003/2024(H5N1)	234	G	A	0	0	0	40	30	33	1	40	1.6335e-29	TRUE	PB1-F2:cds-XAJ25425.1	AGC	S	AAC	N	47
PB1|PP755595.1|A/cattle/Texas/24-008749-003/2024(H5N1)	240	T	C	0	0	0	68	32	35	1	68	1.12809e-41	TRUE	PB1:cds-XAJ25424.1	AGT	S	AGC	S	80
PB1|PP755595.1|A/cattle/Texas/24-008749-003/2024(H5N1)	240	T	C	0	0	0	68	32	35	1	68	1.12809e-41	TRUE	PB1-F2:cds-XAJ25425.1	GTG	V	GCG	A	49
PB1|PP755595.1|A/cattle/Texas/24-008749-003/2024(H5N1)	245	A	G	65	32	36	2	2	34	0.0298507	67	0.214744	FALSE	PB1:cds-XAJ25424.1	TAT	Y	TGT	C	82
PB1|PP755595.1|A/cattle/Texas/24-008749-003/2024(H5N1)	245	A	G	65	32	36	2	2	34	0.0298507	67	0.214744	FALSE	PB1-F2:cds-XAJ25425.1	ATG	M	GTG	V	51
PB1|PP755595.1|A/cattle/Texas/24-008749-003/2024(H5N1)	255	G	A	0	0	0	60	26	36	1	60	7.01013e-37	TRUE	PB1:cds-XAJ25424.1	ACG	T	ACA	T	85
PB1|PP755595.1|A/cattle/Texas/24-008749-003/2024(H5N1)	255	G	A	0	0	0	60	26	36	1	60	7.01013e-37	TRUE	PB1-F2:cds-XAJ25425.1	CGG	R	CAG	Q	54
PB1|PP755595.1|A/cattle/Texas/24-008749-003/2024(H5N1)	258	C	T	0	0	0	60	26	35	1	60	7.01013e-37	TRUE	PB1:cds-XAJ25424.1	GAC	D	GAT	D	86
PB1|PP755595.1|A/cattle/Texas/24-008749-003/2024(H5N1)	258	C	T	0	0	0	60	26	35	1	60	7.01013e-37	TRUE	PB1-F2:cds-XAJ25425.1	ACT	T	ATT	I	55
PB1|PP755595.1|A/cattle/Texas/24-008749-003/2024(H5N1)	264	C	G	0	0	0	61	27	35	1	61	3.42094e-37	TRUE	PB1:cds-XAJ25424.1	GTC	V	GTG	V	88
PB1|PP755595.1|A/cattle/Texas/24-008749-003/2024(H5N1)	264	C	G	0	0	0	61	27	35	1	61	3.42094e-37	TRUE	PB1-F2:cds-XAJ25425.1	TCC	S	TGC	C	57
PB1|PP755595.1|A/cattle/Texas/24-008749-003/2024(H5N1)	265	C	T	0	0	0	59	25	35	1	59	1.44876e-36	TRUE	PB1:cds-XAJ25424.1	CTT	L	TTT	F	89
PB1|PP755595.1|A/cattle/Texas/24-008749-003/2024(H5N1)	265	C	T	0	0	0	59	25	35	1	59	1.44876e-36	TRUE	PB1-F2:cds-XAJ25425.1	TCC	S	TCT	S	57
PB1|PP755595.1|A/cattle/Texas/24-008749-003/2024(H5N1)	267	T	G	0	0	0	60	26	36	1	60	7.01013e-37	TRUE	PB1:cds-XAJ25424.1	CTT	L	CTG	L	89
PB1|PP755595.1|A/cattle/Texas/24-008749-003/2024(H5N1)	267	T	G	0	0	0	60	26	36	1	60	7.01013e-37	TRUE	PB1-F2:cds-XAJ25425.1	TTG	L	TGG	W	58
PB1|PP755595.1|A/cattle/Texas/24-008749-003/2024(H5N1)	271	G	A	56	25	36	9	3	33	0.138462	65	0.00117473	TRUE	PB1:cds-XAJ25424.1	GCA	A	ACA	T	91
PB1|PP755595.1|A/cattle/Texas/24-008749-003/2024(H5N1)	271	G	A	56	25	36	9	3	33	0.138462	65	0.00117473	TRUE	PB1-F2:cds-XAJ25425.1	AAG	K	AAA	K	59
PB1|PP755595.1|A/cattle/Texas/24-008749-003/2024(H5N1)	279	T	C	65	32	37	2	0	34	0.0298507	67	0.227235	FALSE	PB1:cds-XAJ25424.1	GCT	A	GCC	A	93
PB1|PP755595.1|A/cattle/Texas/24-008749-003/2024(H5N1)	279	T	C	65	32	37	2	0	34	0.0298507	67	0.227235	FALSE	PB1-F2:cds-XAJ25425.1	CTT	L	CCT	P	62
PB1|PP755595.1|A/cattle/Texas/24-008749-003/2024(H5N1)	288	A	G	0	0	0	65	28	35	1	65	8.19269e-42	TRUE	PB1:cds-XAJ25424.1	GAA	E	GAG	E	96
PB1|PP755595.1|A/cattle/Texas/24-008749-003/2024(H5N1)	288	A	G	0	0	0	65	28	35	1	65	8.19269e-42	TRUE	PB1-F2:cds-XAJ25425.1	AAG	K	AGG	R	65
PB1|PP755595.1|A/cattle/Texas/24-008749-003/2024(H5N1)	291	A	G	0	0	0	64	28	36	1	64	6.06737e-41	TRUE	PB1:cds-XAJ25424.1	GAA	E	GAG	E	97
PB1|PP755595.1|A/cattle/Texas/24-008749-003/2024(H5N1)	291	A	G	0	0	0	64	28	36	1	64	6.06737e-41	TRUE	PB1-F2:cds-XAJ25425.1	AAT	N	AGT	S	66
PB1|PP755595.1|A/cattle/Texas/24-008749-003/2024(H5N1)	297	T	C	0	0	0	73	38	38	1	73	1.26305e-46	TRUE	PB1:cds-XAJ25424.1	CAT	H	CAC	H	99
PB1|PP755595.1|A/cattle/Texas/24-008749-003/2024(H5N1)	297	T	C	0	0	0	73	38	38	1	73	1.26305e-46	TRUE	PB1-F2:cds-XAJ25425.1	ATC	I	ACC	T	68
PB1|PP755595.1|A/cattle/Texas/24-008749-003/2024(H5N1)	303	A	G	0	0	0	71	35	38	1	71	1.08603e-45	TRUE	PB1:cds-XAJ25424.1	GGA	G	GGG	G	101
PB1|PP755595.1|A/cattle/Texas/24-008749-003/2024(H5N1)	303	A	G	0	0	0	71	35	38	1	71	1.08603e-45	TRUE	PB1-F2:cds-XAJ25425.1	GAA	E	GGA	G	70
PB1|PP755595.1|A/cattle/Texas/24-008749-003/2024(H5N1)	313	A	G	70	39	39	2	0	34	0.0277778	72	0.21416	FALSE	PB1:cds-XAJ25424.1	AAC	N	GAC	D	105
PB1|PP755595.1|A/cattle/Texas/24-008749-003/2024(H5N1)	313	A	G	70	39	39	2	0	34	0.0277778	72	0.21416	FALSE	PB1-F2:cds-XAJ25425.1	AAA	K	AAG	K	73
PB1|PP755595.1|A/cattle/Texas/24-008749-003/2024(H5N1)	318	G	T	0	0	0	66	34	39	1	66	2.05039e-42	TRUE	PB1:cds-XAJ25424.1	TCG	S	TCT	S	106
PB1|PP755595.1|A/cattle/Texas/24-008749-003/2024(H5N1)	318	G	T	0	0	0	66	34	39	1	66	2.05039e-42	TRUE	PB1-F2:cds-XAJ25425.1	CGT	R	CTT	L	75
PB1|PP755595.1|A/cattle/Texas/24-008749-003/2024(H5N1)	339	T	C	0	0	0	53	27	41	1	53	1.30979e-35	TRUE	PB1:cds-XAJ25424.1	GTT	V	GTC	V	113
PB1|PP755595.1|A/cattle/Texas/24-008749-003/2024(H5N1)	339	T	C	0	0	0	53	27	41	1	53	1.30979e-35	TRUE	PB1-F2:cds-XAJ25425.1	TTG	L	TCG	S	82
PB1|PP755595.1|A/cattle/Texas/24-008749-003/2024(H5N1)	345	A	G	0	0	0	53	28	41	1	53	4.17432e-35	TRUE	PB1:cds-XAJ25424.1	CAA	Q	CAG	Q	115
PB1|PP755595.1|A/cattle/Texas/24-008749-003/2024(H5N1)	345	A	G	0	0	0	53	28	41	1	53	4.17432e-35	TRUE	PB1-F2:cds-XAJ25425.1	AAC	N	AGC	S	84
PB1|PP755595.1|A/cattle/Texas/24-008749-003/2024(H5N1)	363	G	A	0	0	0	12	5	32	1	12	3.69801e-07	TRUE	PB1:cds-XAJ25424.1	AAG	K	AAA	K	121
PB1|PP755595.1|A/cattle/Texas/24-008749-003/2024(H5N1)	363	G	A	0	0	0	12	5	32	1	12	3.69801e-07	TRUE	PB1-F2:cds-XAJ25425.1	AGT	S	AAT	N	90
PB1|PP755595.1|A/cattle/Texas/24-008749-003/2024(H5N1)	364	T	C	0	0	0	12	5	34	1	12	7.39602e-07	TRUE	PB1:cds-XAJ25424.1	TTG	L	CTG	L	122
PB1|PP755595.1|A/cattle/Texas/24-008749-003/2024(H5N1)	364	T	C	0	0	0	12	5	34	1	12	7.39602e-07	TRUE	PB1-F2:cds-XAJ25425.1	AGT	S	AGC	S	90
PB1|PP755595.1|A/cattle/Texas/24-008749-003/2024(H5N1)	366	G	A	0	0	0	12	5	34	1	12	7.39602e-07	TRUE	PB1:cds-XAJ25424.1	TTG	L	TTA	L	122
PB1|PP755595.1|A/cattle/Texas/24-008749-003/2024(H5N1)	366	G	A	0	0	0	12	5	34	1	12	7.39602e-07	TRUE	PB1-F2:cds-XAJ25425.1	TGA	*	TAA	*	91
PB1|PP755595.1|A/cattle/Texas/24-008749-003/2024(H5N1)	369	C	T	0	0	0	11	4	34	1	11	1.41757e-06	TRUE	PB1:cds-XAJ25424.1	ACC	T	ACT	T	123
PB1|PP755595.1|A/cattle/Texas/24-008749-003/2024(H5N1)	375	C	T	0	0	0	12	5	34	1	12	7.39602e-07	TRUE	PB1:cds-XAJ25424.1	GGC	G	GGT	G	125
PB1|PP755595.1|A/cattle/Texas/24-008749-003/2024(H5N1)	378	T	C	0	0	0	10	4	34	1	10	2.83514e-06	TRUE	PB1:cds-XAJ25424.1	CGT	R	CGC	R	126
PB1|PP755595.1|A/cattle/Texas/24-008749-003/2024(H5N1)	384	T	C	0	0	0	12	5	34	1	12	7.39602e-07	TRUE	PB1:cds-XAJ25424.1	ACT	T	ACC	T	128
PB1|PP755595.1|A/cattle/Texas/24-008749-003/2024(H5N1)	397	T	C	0	0	0	9	5	33	1	9	4.11353e-05	TRUE	PB1:cds-XAJ25424.1	TTA	L	CTA	L	133
PB1|PP755595.1|A/cattle/Texas/24-008749-003/2024(H5N1)	402	C	T	0	0	0	8	5	34	1	8	0.0001554	TRUE	PB1:cds-XAJ25424.1	AAC	N	AAT	N	134
PB1|PP755595.1|A/cattle/Texas/24-008749-003/2024(H5N1)	404	G	A	0	0	0	8	5	34	1	8	0.0001554	TRUE	PB1:cds-XAJ25424.1	AGA	R	AAA	K	135
PB1|PP755595.1|A/cattle/Texas/24-008749-003/2024(H5N1)	408	T	C	0	0	0	7	5	34	1	7	0.000291375	TRUE	PB1:cds-XAJ25424.1	AAT	N	AAC	N	136
PB1|PP755595.1|A/cattle/Texas/24-008749-003/2024(H5N1)	411	G	A	0	0	0	7	4	34	1	7	0.000291375	TRUE	PB1:cds-XAJ25424.1	CAG	Q	CAA	Q	137
PB1|PP755595.1|A/cattle/Texas/24-008749-003/2024(H5N1)	414	G	A	0	0	0	8	5	34	1	8	0.0001554	TRUE	PB1:cds-XAJ25424.1	CCG	P	CCA	P	138
PB1|PP755595.1|A/cattle/Texas/24-008749-003/2024(H5N1)	426	A	C	0	0	0	7	5	34	1	7	0.000582751	TRUE	PB1:cds-XAJ25424.1	GCA	A	GCC	A	142
PB1|PP755595.1|A/cattle/Texas/24-008749-003/2024(H5N1)	427	T	C	0	0	0	7	5	34	1	7	0.000582751	TRUE	PB1:cds-XAJ25424.1	TTA	L	CTA	L	143
PB1|PP755595.1|A/cattle/Texas/24-008749-003/2024(H5N1)	429	A	G	0	0	0	6	4	34	1	6	0.00108225	TRUE	PB1:cds-XAJ25424.1	TTA	L	TTG	L	143
PB1|PP755595.1|A/cattle/Texas/24-008749-003/2024(H5N1)	432	T	C	0	0	0	7	5	34	1	7	0.000582751	TRUE	PB1:cds-XAJ25424.1	GCT	A	GCC	A	144
PB1|PP755595.1|A/cattle/Texas/24-008749-003/2024(H5N1)	435	T	C	0	0	0	7	5	34	1	7	5.14192e-05	TRUE	PB1:cds-XAJ25424.1	AAT	N	AAC	N	145
PB1|PP755595.1|A/cattle/Texas/24-008749-003/2024(H5N1)	446	T	C	27	14	35	1	1	34	0.0357143	28	0.459016	FALSE	PB1:cds-XAJ25424.1	GTC	V	GCC	A	149
PB1|PP755595.1|A/cattle/Texas/24-008749-003/2024(H5N1)	456	G	A	0	0	0	34	16	36	1	34	4.77791e-21	TRUE	PB1:cds-XAJ25424.1	TCG	S	TCA	S	152
PB1|PP755595.1|A/cattle/Texas/24-008749-003/2024(H5N1)	460	G	A	0	0	0	33	15	37	1	33	1.88762e-20	TRUE	PB1:cds-XAJ25424.1	GGT	G	AGT	S	154
PB1|PP755595.1|A/cattle/Texas/24-008749-003/2024(H5N1)	465	T	A	0	0	0	32	15	36	1	32	3.94684e-20	TRUE	PB1:cds-XAJ25424.1	CTT	L	CTA	L	155
PB1|PP755595.1|A/cattle/Texas/24-008749-003/2024(H5N1)	471	T	C	0	0	0	31	14	37	1	31	2.94345e-19	TRUE	PB1:cds-XAJ25424.1	GCT	A	GCC	A	157
PB1|PP755595.1|A/cattle/Texas/24-008749-003/2024(H5N1)	480	A	G	0	0	0	29	11	37	1	29	4.58359e-18	TRUE	PB1:cds-XAJ25424.1	TCA	S	TCG	S	160
PB1|PP755595.1|A/cattle/Texas/24-008749-003/2024(H5N1)	483	A	G	0	0	0	29	11	37	1	29	4.58359e-18	TRUE	PB1:cds-XAJ25424.1	GGA	G	GGG	G	161
PB1|PP755595.1|A/cattle/Texas/24-008749-003/2024(H5N1)	486	G	A	0	0	0	26	12	36	1	26	1.4309e-17	TRUE	PB1:cds-XAJ25424.1	AGG	R	AGA	R	162
PB1|PP755595.1|A/cattle/Texas/24-008749-003/2024(H5N1)	511	G	A	0	0	0	25	9	37	1	25	3.2406e-16	TRUE	PB1:cds-XAJ25424.1	GTG	V	ATG	M	171
PB1|PP755595.1|A/cattle/Texas/24-008749-003/2024(H5N1)	515	A	G	22	8	38	1	0	34	0.0434783	23	0.45098	FALSE	PB1:cds-XAJ25424.1	GAA	E	GGA	G	172
PB1|PP755595.1|A/cattle/Texas/24-008749-003/2024(H5N1)	516	A	C	0	0	0	26	9	37	1	26	5.3265e-16	TRUE	PB1:cds-XAJ25424.1	GAA	E	GAC	D	172
PB1|PP755595.1|A/cattle/Texas/24-008749-003/2024(H5N1)	531	G	A	0	0	0	26	13	36	1	26	2.80852e-16	TRUE	PB1:cds-XAJ25424.1	GAG	E	GAA	E	177
PB1|PP755595.1|A/cattle/Texas/24-008749-003/2024(H5N1)	537	A	G	0	0	0	24	12	38	1	24	2.3453e-15	TRUE	PB1:cds-XAJ25424.1	ATA	I	ATG	M	179
PB1|PP755595.1|A/cattle/Texas/24-008749-003/2024(H5N1)	543	A	G	0	0	0	22	10	38	1	22	3.65155e-14	TRUE	PB1:cds-XAJ25424.1	ATA	I	ATG	M	181
PB1|PP755595.1|A/cattle/Texas/24-008749-003/2024(H5N1)	549	G	A	0	0	0	22	10	37	1	22	3.65155e-14	TRUE	PB1:cds-XAJ25424.1	ACG	T	ACA	T	183
PB1|PP755595.1|A/cattle/Texas/24-008749-003/2024(H5N1)	558	A	G	0	0	0	20	9	37	1	20	3.71569e-12	TRUE	PB1:cds-XAJ25424.1	CAA	Q	CAG	Q	186
PB1|PP755595.1|A/cattle/Texas/24-008749-003/2024(H5N1)	561	G	A	0	0	0	18	7	34	1	18	1.60361e-11	TRUE	PB1:cds-XAJ25424.1	AGG	R	AGA	R	187
PB1|PP755595.1|A/cattle/Texas/24-008749-003/2024(H5N1)	564	A	G	0	0	0	19	9	37	1	19	7.61717e-12	TRUE	PB1:cds-XAJ25424.1	AAA	K	AAG	K	188
PB1|PP755595.1|A/cattle/Texas/24-008749-003/2024(H5N1)	567	A	G	16	8	35	1	1	52	0.0588235	17	0.447368	FALSE	PB1:cds-XAJ25424.1	AGA	R	AGG	R	189
PB1|PP755595.1|A/cattle/Texas/24-008749-003/2024(H5N1)	573	G	A	0	0	0	19	9	38	1	19	1.24926e-12	TRUE	PB1:cds-XAJ25424.1	GTG	V	GTA	V	191
PB1|PP755595.1|A/cattle/Texas/24-008749-003/2024(H5N1)	576	A	G	0	0	0	19	7	36	1	19	1.43406e-13	TRUE	PB1:cds-XAJ25424.1	AGA	R	AGG	R	192
PB1|PP755595.1|A/cattle/Texas/24-008749-003/2024(H5N1)	607	C	A	0	0	0	18	9	34	1	18	8.81988e-12	TRUE	PB1:cds-XAJ25424.1	CGG	R	AGG	R	203
PB1|PP755595.1|A/cattle/Texas/24-008749-003/2024(H5N1)	609	G	A	0	0	0	21	9	36	1	21	9.50526e-13	TRUE	PB1:cds-XAJ25424.1	CGG	R	CGA	R	203
PB1|PP755595.1|A/cattle/Texas/24-008749-003/2024(H5N1)	612	G	A	0	0	0	21	9	36	1	21	9.50526e-13	TRUE	PB1:cds-XAJ25424.1	ACG	T	ACA	T	204
PB1|PP755595.1|A/cattle/Texas/24-008749-003/2024(H5N1)	620	A	G	0	0	0	25	13	36	1	25	2.09402e-15	TRUE	PB1:cds-XAJ25424.1	AAG	K	AGG	R	207
PB1|PP755595.1|A/cattle/Texas/24-008749-003/2024(H5N1)	633	G	A	0	0	0	23	11	35	1	23	9.25555e-15	TRUE	PB1:cds-XAJ25424.1	AGG	R	AGA	R	211
PB1|PP755595.1|A/cattle/Texas/24-008749-003/2024(H5N1)	634	T	C	0	0	0	24	13	35	1	24	1.58215e-14	TRUE	PB1:cds-XAJ25424.1	TTA	L	CTA	L	212
PB1|PP755595.1|A/cattle/Texas/24-008749-003/2024(H5N1)	642	A	G	0	0	0	24	13	35	1	24	1.58215e-14	TRUE	PB1:cds-XAJ25424.1	AAA	K	AAG	K	214
PB1|PP755595.1|A/cattle/Texas/24-008749-003/2024(H5N1)	651	T	C	0	0	0	22	12	34	1	22	9.50526e-13	TRUE	PB1:cds-XAJ25424.1	TAT	Y	TAC	Y	217
PB1|PP755595.1|A/cattle/Texas/24-008749-003/2024(H5N1)	652	C	T	0	0	0	21	11	34	1	21	1.85785e-12	TRUE	PB1:cds-XAJ25424.1	CTG	L	TTG	L	218
PB1|PP755595.1|A/cattle/Texas/24-008749-003/2024(H5N1)	654	G	A	0	0	0	20	10	33	1	20	3.71569e-12	TRUE	PB1:cds-XAJ25424.1	CTG	L	CTA	L	218
PB1|PP755595.1|A/cattle/Texas/24-008749-003/2024(H5N1)	664	T	C	0	0	0	22	13	35	1	22	4.75263e-13	TRUE	PB1:cds-XAJ25424.1	TTG	L	CTG	L	222
PB1|PP755595.1|A/cattle/Texas/24-008749-003/2024(H5N1)	675	C	T	0	0	0	19	10	36	1	19	7.61717e-12	TRUE	PB1:cds-XAJ25424.1	AAC	N	AAT	N	225
PB1|PP755595.1|A/cattle/Texas/24-008749-003/2024(H5N1)	690	C	T	0	0	0	20	11	37	1	20	5.67846e-13	TRUE	PB1:cds-XAJ25424.1	GAC	D	GAT	D	230
PB1|PP755595.1|A/cattle/Texas/24-008749-003/2024(H5N1)	693	C	T	0	0	0	21	12	40	1	21	2.64995e-13	TRUE	PB1:cds-XAJ25424.1	GCC	A	GCT	A	231
PB1|PP755595.1|A/cattle/Texas/24-008749-003/2024(H5N1)	708	A	G	0	0	0	23	14	38	1	23	3.23021e-14	TRUE	PB1:cds-XAJ25424.1	TTA	L	TTG	L	236
PB1|PP755595.1|A/cattle/Texas/24-008749-003/2024(H5N1)	715	A	C	0	0	0	24	16	36	1	24	4.35555e-15	TRUE	PB1:cds-XAJ25424.1	AGG	R	CGG	R	239
PB1|PP755595.1|A/cattle/Texas/24-008749-003/2024(H5N1)	720	A	G	0	0	0	22	15	37	1	22	3.65155e-14	TRUE	PB1:cds-XAJ25424.1	GCA	A	GCG	A	240
PB1|PP755595.1|A/cattle/Texas/24-008749-003/2024(H5N1)	732	C	A	0	0	0	15	12	33	1	15	1.28935e-08	TRUE	PB1:cds-XAJ25424.1	CCC	P	CCA	P	244
PB1|PP755595.1|A/cattle/Texas/24-008749-003/2024(H5N1)	735	A	G	0	0	0	14	11	34	1	14	2.49273e-08	TRUE	PB1:cds-XAJ25424.1	GGA	G	GGG	G	245
PB1|PP755595.1|A/cattle/Texas/24-008749-003/2024(H5N1)	741	A	G	0	0	0	15	12	34	1	15	1.28935e-08	TRUE	PB1:cds-XAJ25424.1	CAA	Q	CAG	Q	247
PB1|PP755595.1|A/cattle/Texas/24-008749-003/2024(H5N1)	744	C	T	0	0	0	15	12	34	1	15	1.28935e-08	TRUE	PB1:cds-XAJ25424.1	ATC	I	ATT	I	248
PB1|PP755595.1|A/cattle/Texas/24-008749-003/2024(H5N1)	750	G	A	0	0	0	17	13	33	1	17	8.57043e-10	TRUE	PB1:cds-XAJ25424.1	GGG	G	GGA	G	250
PB1|PP755595.1|A/cattle/Texas/24-008749-003/2024(H5N1)	765	T	C	0	0	0	16	10	33	1	16	3.32734e-09	TRUE	PB1:cds-XAJ25424.1	GTT	V	GTC	V	255
PB1|PP755595.1|A/cattle/Texas/24-008749-003/2024(H5N1)	772	T	C	0	0	0	16	10	34	1	16	3.32734e-09	TRUE	PB1:cds-XAJ25424.1	TTA	L	CTA	L	258
PB1|PP755595.1|A/cattle/Texas/24-008749-003/2024(H5N1)	774	A	G	0	0	0	15	9	34	1	15	6.44673e-09	TRUE	PB1:cds-XAJ25424.1	TTA	L	TTG	L	258
PB1|PP755595.1|A/cattle/Texas/24-008749-003/2024(H5N1)	786	T	C	0	0	0	16	9	34	1	16	3.32734e-09	TRUE	PB1:cds-XAJ25424.1	ATT	I	ATC	I	262
PB1|PP755595.1|A/cattle/Texas/24-008749-003/2024(H5N1)	792	G	A	0	0	0	15	9	34	1	15	6.44673e-09	TRUE	PB1:cds-XAJ25424.1	GAG	E	GAA	E	264
PB1|PP755595.1|A/cattle/Texas/24-008749-003/2024(H5N1)	801	A	G	0	0	0	16	9	34	1	16	3.32734e-09	TRUE	PB1:cds-XAJ25424.1	GAA	E	GAG	E	267
PB1|PP755595.1|A/cattle/Texas/24-008749-003/2024(H5N1)	816	A	C	0	0	0	14	8	32	1	14	4.98547e-08	TRUE	PB1:cds-XAJ25424.1	CCA	P	CCC	P	272
PB1|PP755595.1|A/cattle/Texas/24-008749-003/2024(H5N1)	825	C	G	0	0	0	12	6	34	1	12	3.69801e-07	TRUE	PB1:cds-XAJ25424.1	GGC	G	GGG	G	275
PB1|PP755595.1|A/cattle/Texas/24-008749-003/2024(H5N1)	831	A	G	0	0	0	12	6	34	1	12	7.39602e-07	TRUE	PB1:cds-XAJ25424.1	GAA	E	GAG	E	277
PB1|PP755595.1|A/cattle/Texas/24-008749-003/2024(H5N1)	840	C	T	0	0	0	8	2	33	1	8	0.0001554	TRUE	PB1:cds-XAJ25424.1	GCC	A	GCT	A	280
PB1|PP755595.1|A/cattle/Texas/24-008749-003/2024(H5N1)	844	C	T	0	0	0	8	2	34	1	8	0.0001554	TRUE	PB1:cds-XAJ25424.1	CTA	L	TTA	L	282
PB1|PP755595.1|A/cattle/Texas/24-008749-003/2024(H5N1)	846	A	G	0	0	0	8	2	34	1	8	7.77001e-05	TRUE	PB1:cds-XAJ25424.1	CTA	L	CTG	L	282
PB1|PP755595.1|A/cattle/Texas/24-008749-003/2024(H5N1)	855	T	C	0	0	0	10	3	37	1	10	2.83514e-06	TRUE	PB1:cds-XAJ25424.1	GTT	V	GTC	V	285
PB1|PP755595.1|A/cattle/Texas/24-008749-003/2024(H5N1)	864	G	A	0	0	0	12	5	36	1	12	1.92297e-07	TRUE	PB1:cds-XAJ25424.1	AAG	K	AAA	K	288
PB1|PP755595.1|A/cattle/Texas/24-008749-003/2024(H5N1)	876	T	C	0	0	0	11	5	39	1	11	7.39602e-07	TRUE	PB1:cds-XAJ25424.1	AAT	N	AAC	N	292
PB1|PP755595.1|A/cattle/Texas/24-008749-003/2024(H5N1)	879	G	A	0	0	0	12	6	39	1	12	5.75246e-08	TRUE	PB1:cds-XAJ25424.1	TCG	S	TCA	S	293
PB1|PP755595.1|A/cattle/Texas/24-008749-003/2024(H5N1)	885	C	T	0	0	0	12	6	44	1	12	1.15616e-08	TRUE	PB1:cds-XAJ25424.1	GAC	D	GAT	D	295
PB1|PP755595.1|A/cattle/Texas/24-008749-003/2024(H5N1)	897	T	C	0	0	0	19	8	39	1	19	7.61717e-12	TRUE	PB1:cds-XAJ25424.1	TCT	S	TCC	S	299
PB1|PP755595.1|A/cattle/Texas/24-008749-003/2024(H5N1)	906	C	T	0	0	0	16	7	37	1	16	4.53728e-10	TRUE	PB1:cds-XAJ25424.1	ATC	I	ATT	I	302
PB1|PP755595.1|A/cattle/Texas/24-008749-003/2024(H5N1)	909	G	T	0	0	0	17	8	38	1	17	2.20382e-10	TRUE	PB1:cds-XAJ25424.1	ACG	T	ACT	T	303
PB1|PP755595.1|A/cattle/Texas/24-008749-003/2024(H5N1)	915	C	T	0	0	0	13	5	38	1	13	4.84841e-09	TRUE	PB1:cds-XAJ25424.1	GAC	D	GAT	D	305
PB1|PP755595.1|A/cattle/Texas/24-008749-003/2024(H5N1)	921	T	C	0	0	0	17	9	38	1	17	1.16313e-10	TRUE	PB1:cds-XAJ25424.1	ACT	T	ACC	T	307
PB1|PP755595.1|A/cattle/Texas/24-008749-003/2024(H5N1)	936	C	T	0	0	0	20	10	36	1	20	3.71569e-12	TRUE	PB1:cds-XAJ25424.1	AAC	N	AAT	N	312
PB1|PP755595.1|A/cattle/Texas/24-008749-003/2024(H5N1)	939	G	A	0	0	0	18	9	37	1	18	1.60361e-11	TRUE	PB1:cds-XAJ25424.1	CAG	Q	CAA	Q	313
PB1|PP755595.1|A/cattle/Texas/24-008749-003/2024(H5N1)	946	A	C	0	0	0	22	11	36	1	22	2.42912e-13	TRUE	PB1:cds-XAJ25424.1	AGG	R	CGG	R	316
PB1|PP755595.1|A/cattle/Texas/24-008749-003/2024(H5N1)	972	T	C	0	0	0	23	13	36	1	23	6.20201e-14	TRUE	PB1:cds-XAJ25424.1	TAT	Y	TAC	Y	324
PB1|PP755595.1|A/cattle/Texas/24-008749-003/2024(H5N1)	975	A	T	0	0	0	22	13	37	1	22	1.26737e-13	TRUE	PB1:cds-XAJ25424.1	ATA	I	ATT	I	325
PB1|PP755595.1|A/cattle/Texas/24-008749-003/2024(H5N1)	981	G	A	0	0	0	22	13	36	1	22	1.26737e-13	TRUE	PB1:cds-XAJ25424.1	AGG	R	AGA	R	327
PB1|PP755595.1|A/cattle/Texas/24-008749-003/2024(H5N1)	999	C	T	0	0	0	22	13	35	1	22	4.75263e-13	TRUE	PB1:cds-XAJ25424.1	TTC	F	TTT	F	333
PB1|PP755595.1|A/cattle/Texas/24-008749-003/2024(H5N1)	1002	G	A	0	0	0	22	13	33	1	22	4.75263e-13	TRUE	PB1:cds-XAJ25424.1	AGG	R	AGA	R	334
PB1|PP755595.1|A/cattle/Texas/24-008749-003/2024(H5N1)	1008	A	C	0	0	0	22	12	34	1	22	2.42912e-13	TRUE	PB1:cds-XAJ25424.1	GTA	V	GTC	V	336
PB1|PP755595.1|A/cattle/Texas/24-008749-003/2024(H5N1)	1014	C	T	0	0	0	22	11	35	1	22	2.42912e-13	TRUE	PB1:cds-XAJ25424.1	AGC	S	AGT	S	338
PB1|PP755595.1|A/cattle/Texas/24-008749-003/2024(H5N1)	1020	A	C	0	0	0	19	10	35	1	19	4.08726e-12	TRUE	PB1:cds-XAJ25424.1	GCA	A	GCC	A	340
PB1|PP755595.1|A/cattle/Texas/24-008749-003/2024(H5N1)	1035	A	G	0	0	0	17	6	35	1	17	4.28521e-10	TRUE	PB1:cds-XAJ25424.1	TCA	S	TCG	S	345
PB1|PP755595.1|A/cattle/Texas/24-008749-003/2024(H5N1)	1047	A	G	0	0	0	13	6	36	1	13	9.61483e-08	TRUE	PB1:cds-XAJ25424.1	GCA	A	GCG	A	349
PB1|PP755595.1|A/cattle/Texas/24-008749-003/2024(H5N1)	1051	C	T	0	0	0	13	6	35	1	13	9.61483e-08	TRUE	PB1:cds-XAJ25424.1	CTA	L	TTA	L	351
PB1|PP755595.1|A/cattle/Texas/24-008749-003/2024(H5N1)	1053	A	G	0	0	0	13	6	36	1	13	9.61483e-08	TRUE	PB1:cds-XAJ25424.1	CTA	L	CTG	L	351
PB1|PP755595.1|A/cattle/Texas/24-008749-003/2024(H5N1)	1056	G	A	0	0	0	13	6	36	1	13	9.61483e-08	TRUE	PB1:cds-XAJ25424.1	GGG	G	GGA	G	352
PB1|PP755595.1|A/cattle/Texas/24-008749-003/2024(H5N1)	1062	A	G	1	0	34	13	6	36	0.928571	14	2.06295e-07	TRUE	PB1:cds-XAJ25424.1	GGA	G	GGG	G	354
PB1|PP755595.1|A/cattle/Texas/24-008749-003/2024(H5N1)	1071	C	T	0	0	0	15	5	35	1	15	3.32734e-09	TRUE	PB1:cds-XAJ25424.1	TTC	F	TTT	F	357
PB1|PP755595.1|A/cattle/Texas/24-008749-003/2024(H5N1)	1090	C	T	0	0	0	12	3	36	1	12	3.69801e-07	TRUE	PB1:cds-XAJ25424.1	CTT	L	TTT	F	364
PB1|PP755595.1|A/cattle/Texas/24-008749-003/2024(H5N1)	1092	T	A	0	0	0	12	3	36	1	12	3.69801e-07	TRUE	PB1:cds-XAJ25424.1	CTT	L	CTA	L	364
PB1|PP755595.1|A/cattle/Texas/24-008749-003/2024(H5N1)	1095	A	G	0	0	0	11	3	37	1	11	7.39602e-07	TRUE	PB1:cds-XAJ25424.1	CGA	R	CGG	R	365
PB1|PP755595.1|A/cattle/Texas/24-008749-003/2024(H5N1)	1107	G	T	0	0	0	11	2	37	1	11	7.39602e-07	TRUE	PB1:cds-XAJ25424.1	CCG	P	CCT	P	369
PB1|PP755595.1|A/cattle/Texas/24-008749-003/2024(H5N1)	1110	A	G	0	0	0	12	3	36	1	12	3.69801e-07	TRUE	PB1:cds-XAJ25424.1	GCA	A	GCG	A	370
PB1|PP755595.1|A/cattle/Texas/24-008749-003/2024(H5N1)	1119	A	T	0	0	0	9	2	36	1	9	2.05677e-05	TRUE	PB1:cds-XAJ25424.1	CTA	L	CTT	L	373
PB1|PP755595.1|A/cattle/Texas/24-008749-003/2024(H5N1)	1122	G	A	0	0	0	9	2	37	1	9	2.05677e-05	TRUE	PB1:cds-XAJ25424.1	GCG	A	GCA	A	374
PB1|PP755595.1|A/cattle/Texas/24-008749-003/2024(H5N1)	1124	G	A	0	0	0	8	2	38	1	8	4.11353e-05	TRUE	PB1:cds-XAJ25424.1	AGC	S	AAC	N	375
PB1|PP755595.1|A/cattle/Texas/24-008749-003/2024(H5N1)	1131	T	C	0	0	0	9	2	36	1	9	2.05677e-05	TRUE	PB1:cds-XAJ25424.1	GAT	D	GAC	D	377
PB1|PP755595.1|A/cattle/Texas/24-008749-003/2024(H5N1)	1132	C	T	0	0	0	9	2	37	1	9	2.05677e-05	TRUE	PB1:cds-XAJ25424.1	CTG	L	TTG	L	378
PB1|PP755595.1|A/cattle/Texas/24-008749-003/2024(H5N1)	1134	G	A	0	0	0	8	1	37	1	8	4.11353e-05	TRUE	PB1:cds-XAJ25424.1	CTG	L	CTA	L	378
PB1|PP755595.1|A/cattle/Texas/24-008749-003/2024(H5N1)	1149	G	A	0	0	0	19	8	38	1	19	4.08726e-12	TRUE	PB1:cds-XAJ25424.1	GAG	E	GAA	E	383
PB1|PP755595.1|A/cattle/Texas/24-008749-003/2024(H5N1)	1157	G	A	0	0	0	18	9	33	1	18	1.10191e-10	TRUE	PB1:cds-XAJ25424.1	AGG	R	AAG	K	386
PB1|PP755595.1|A/cattle/Texas/24-008749-003/2024(H5N1)	1158	G	A	0	0	0	19	9	33	1	19	5.65847e-11	TRUE	PB1:cds-XAJ25424.1	AGG	R	AGA	R	386
PB1|PP755595.1|A/cattle/Texas/24-008749-003/2024(H5N1)	1167	A	C	0	0	0	18	8	34	1	18	1.10191e-10	TRUE	PB1:cds-XAJ25424.1	ATA	I	ATC	I	389
PB1|PP755595.1|A/cattle/Texas/24-008749-003/2024(H5N1)	1170	G	A	0	0	0	19	9	34	1	19	5.65847e-11	TRUE	PB1:cds-XAJ25424.1	GAG	E	GAA	E	390
PB1|PP755595.1|A/cattle/Texas/24-008749-003/2024(H5N1)	1173	G	A	0	0	0	19	9	34	1	19	2.82923e-11	TRUE	PB1:cds-XAJ25424.1	AAG	K	AAA	K	391
PB1|PP755595.1|A/cattle/Texas/24-008749-003/2024(H5N1)	1179	A	G	0	0	0	20	9	34	1	20	1.45089e-11	TRUE	PB1:cds-XAJ25424.1	AGA	R	AGG	R	393
PB1|PP755595.1|A/cattle/Texas/24-008749-003/2024(H5N1)	1185	T	A	0	0	0	23	11	33	1	23	3.23021e-14	TRUE	PB1:cds-XAJ25424.1	CTT	L	CTA	L	395
PB1|PP755595.1|A/cattle/Texas/24-008749-003/2024(H5N1)	1193	A	G	23	11	36	1	1	34	0.0416667	24	0.48	FALSE	PB1:cds-XAJ25424.1	GAT	D	GGT	G	398
PB1|PP755595.1|A/cattle/Texas/24-008749-003/2024(H5N1)	1197	T	C	0	0	0	24	12	36	1	24	8.22716e-15	TRUE	PB1:cds-XAJ25424.1	GGT	G	GGC	G	399
PB1|PP755595.1|A/cattle/Texas/24-008749-003/2024(H5N1)	1200	G	T	0	0	0	24	12	36	1	24	8.22716e-15	TRUE	PB1:cds-XAJ25424.1	ACG	T	ACT	T	400
PB1|PP755595.1|A/cattle/Texas/24-008749-003/2024(H5N1)	1201	G	A	28	13	35	2	0	30	0.0666667	30	0.222734	FALSE	PB1:cds-XAJ25424.1	GCC	A	ACC	T	401
PB1|PP755595.1|A/cattle/Texas/24-008749-003/2024(H5N1)	1209	A	G	0	0	0	30	14	34	1	30	4.29712e-18	TRUE	PB1:cds-XAJ25424.1	TTA	L	TTG	L	403
PB1|PP755595.1|A/cattle/Texas/24-008749-003/2024(H5N1)	1212	C	T	0	0	0	30	14	34	1	30	6.17174e-19	TRUE	PB1:cds-XAJ25424.1	AGC	S	AGT	S	404
PB1|PP755595.1|A/cattle/Texas/24-008749-003/2024(H5N1)	1239	C	T	0	0	0	31	13	34	1	31	2.94345e-19	TRUE	PB1:cds-XAJ25424.1	AAC	N	AAT	N	413
PB1|PP755595.1|A/cattle/Texas/24-008749-003/2024(H5N1)	1248	T	C	0	0	0	31	12	34	1	31	5.62718e-19	TRUE	PB1:cds-XAJ25424.1	AGT	S	AGC	S	416
PB1|PP755595.1|A/cattle/Texas/24-008749-003/2024(H5N1)	1254	T	A	0	0	0	25	7	35	1	25	4.03292e-15	TRUE	PB1:cds-XAJ25424.1	GTT	V	GTA	V	418
PB1|PP755595.1|A/cattle/Texas/24-008749-003/2024(H5N1)	1255	C	T	0	0	0	25	7	35	1	25	4.03292e-15	TRUE	PB1:cds-XAJ25424.1	CTG	L	TTG	L	419
PB1|PP755595.1|A/cattle/Texas/24-008749-003/2024(H5N1)	1257	G	A	0	0	0	23	9	35	1	23	2.8339e-15	TRUE	PB1:cds-XAJ25424.1	CTG	L	CTA	L	419
PB1|PP755595.1|A/cattle/Texas/24-008749-003/2024(H5N1)	1266	G	A	0	0	0	33	15	41	1	33	2.89251e-21	TRUE	PB1:cds-XAJ25424.1	TCG	S	TCA	S	422
PB1|PP755595.1|A/cattle/Texas/24-008749-003/2024(H5N1)	1269	T	C	0	0	0	31	13	40	1	31	1.40024e-20	TRUE	PB1:cds-XAJ25424.1	ATT	I	ATC	I	423
PB1|PP755595.1|A/cattle/Texas/24-008749-003/2024(H5N1)	1278	A	T	0	0	0	30	13	40	1	30	1.00103e-19	TRUE	PB1:cds-XAJ25424.1	CTA	L	CTT	L	426
PB1|PP755595.1|A/cattle/Texas/24-008749-003/2024(H5N1)	1287	G	A	31	14	39	1	1	34	0.03125	32	0.470588	FALSE	PB1:cds-XAJ25424.1	AAG	K	AAA	K	429
PB1|PP755595.1|A/cattle/Texas/24-008749-003/2024(H5N1)	1302	A	C	0	0	0	33	15	41	1	33	1.58494e-21	TRUE	PB1:cds-XAJ25424.1	ACA	T	ACC	T	434
PB1|PP755595.1|A/cattle/Texas/24-008749-003/2024(H5N1)	1323	A	C	0	0	0	42	15	37	1	42	2.20116e-26	TRUE	PB1:cds-XAJ25424.1	CTA	L	CTC	L	441
PB1|PP755595.1|A/cattle/Texas/24-008749-003/2024(H5N1)	1329	T	C	0	0	0	37	13	37	1	37	1.07404e-24	TRUE	PB1:cds-XAJ25424.1	TCT	S	TCC	S	443
PB1|PP755595.1|A/cattle/Texas/24-008749-003/2024(H5N1)	1338	C	T	0	0	0	26	10	36	1	26	1.02725e-15	TRUE	PB1:cds-XAJ25424.1	GAC	D	GAT	D	446
PB1|PP755595.1|A/cattle/Texas/24-008749-003/2024(H5N1)	1341	T	C	0	0	0	26	10	36	1	26	1.02725e-15	TRUE	PB1:cds-XAJ25424.1	TTT	F	TTC	F	447
PB1|PP755595.1|A/cattle/Texas/24-008749-003/2024(H5N1)	1343	C	T	25	10	36	1	0	34	0.0384615	26	0.490566	FALSE	PB1:cds-XAJ25424.1	GCT	A	GTT	V	448
PB1|PP755595.1|A/cattle/Texas/24-008749-003/2024(H5N1)	1344	T	C	0	0	0	26	10	36	1	26	1.02725e-15	TRUE	PB1:cds-XAJ25424.1	GCT	A	GCC	A	448
PB1|PP755595.1|A/cattle/Texas/24-008749-003/2024(H5N1)	1350	C	A	0	0	0	24	10	36	1	24	4.35555e-15	TRUE	PB1:cds-XAJ25424.1	ATC	I	ATA	I	450
PB1|PP755595.1|A/cattle/Texas/24-008749-003/2024(H5N1)	1353	G	A	0	0	0	26	10	36	1	26	2.80852e-16	TRUE	PB1:cds-XAJ25424.1	GTG	V	GTA	V	451
PB1|PP755595.1|A/cattle/Texas/24-008749-003/2024(H5N1)	1359	T	A	0	0	0	26	9	37	1	26	2.80852e-16	TRUE	PB1:cds-XAJ25424.1	GCT	A	GCA	A	453
PB1|PP755595.1|A/cattle/Texas/24-008749-003/2024(H5N1)	1362	A	G	0	0	0	26	9	37	1	26	2.80852e-16	TRUE	PB1:cds-XAJ25424.1	CCA	P	CCG	P	454
PB1|PP755595.1|A/cattle/Texas/24-008749-003/2024(H5N1)	1370	A	G	30	12	37	1	0	26	0.0322581	31	0.476923	FALSE	PB1:cds-XAJ25424.1	GAG	E	GGG	G	457
PB1|PP755595.1|A/cattle/Texas/24-008749-003/2024(H5N1)	1389	A	G	0	0	0	35	15	37	1	35	3.39833e-22	TRUE	PB1:cds-XAJ25424.1	GTA	V	GTG	V	463
PB1|PP755595.1|A/cattle/Texas/24-008749-003/2024(H5N1)	1392	C	T	0	0	0	36	17	37	1	36	3.0585e-22	TRUE	PB1:cds-XAJ25424.1	GAC	D	GAT	D	464
PB1|PP755595.1|A/cattle/Texas/24-008749-003/2024(H5N1)	1395	A	G	0	0	0	36	17	37	1	36	2.43836e-24	TRUE	PB1:cds-XAJ25424.1	AGA	R	AGG	R	465
PB1|PP755595.1|A/cattle/Texas/24-008749-003/2024(H5N1)	1404	A	G	0	0	0	43	18	35	1	43	2.01383e-26	TRUE	PB1:cds-XAJ25424.1	AGA	R	AGG	R	468
PB1|PP755595.1|A/cattle/Texas/24-008749-003/2024(H5N1)	1413	G	A	0	0	0	28	15	34	1	28	2.00736e-21	TRUE	PB1:cds-XAJ25424.1	AAG	K	AAA	K	471
PB1|PP755595.1|A/cattle/Texas/24-008749-003/2024(H5N1)	1419	A	C	0	0	0	45	16	37	1	45	3.52198e-28	TRUE	PB1:cds-XAJ25424.1	GTA	V	GTC	V	473
PB1|PP755595.1|A/cattle/Texas/24-008749-003/2024(H5N1)	1422	A	G	0	0	0	47	16	36	1	47	2.23518e-29	TRUE	PB1:cds-XAJ25424.1	GGA	G	GGG	G	474
PB1|PP755595.1|A/cattle/Texas/24-008749-003/2024(H5N1)	1446	A	T	0	0	0	51	16	37	1	51	2.52518e-32	TRUE	PB1:cds-XAJ25424.1	TCA	S	TCT	S	482
PB1|PP755595.1|A/cattle/Texas/24-008749-003/2024(H5N1)	1456	A	C	0	0	0	52	20	38	1	52	1.83492e-33	TRUE	PB1:cds-XAJ25424.1	AGG	R	CGG	R	486
PB1|PP755595.1|A/cattle/Texas/24-008749-003/2024(H5N1)	1461	A	T	0	0	0	51	20	37	1	51	1.35441e-32	TRUE	PB1:cds-XAJ25424.1	ACA	T	ACT	T	487
PB1|PP755595.1|A/cattle/Texas/24-008749-003/2024(H5N1)	1473	A	G	0	0	0	52	21	37	1	52	3.39911e-33	TRUE	PB1:cds-XAJ25424.1	GAA	E	GAG	E	491
PB1|PP755595.1|A/cattle/Texas/24-008749-003/2024(H5N1)	1482	T	C	0	0	0	55	26	38	1	55	4.68911e-36	TRUE	PB1:cds-XAJ25424.1	AGT	S	AGC	S	494
PB1|PP755595.1|A/cattle/Texas/24-008749-003/2024(H5N1)	1506	A	G	0	0	0	50	17	40	1	50	2.92128e-32	TRUE	PB1:cds-XAJ25424.1	GTA	V	GTG	V	502
PB1|PP755595.1|A/cattle/Texas/24-008749-003/2024(H5N1)	1509	C	T	0	0	0	48	16	40	1	48	1.40365e-31	TRUE	PB1:cds-XAJ25424.1	GCC	A	GCT	A	503
PB1|PP755595.1|A/cattle/Texas/24-008749-003/2024(H5N1)	1512	T	C	0	0	0	50	17	40	1	50	1.61015e-34	TRUE	PB1:cds-XAJ25424.1	AAT	N	AAC	N	504
PB1|PP755595.1|A/cattle/Texas/24-008749-003/2024(H5N1)	1518	C	T	0	0	0	59	20	40	1	59	5.50265e-40	TRUE	PB1:cds-XAJ25424.1	AGC	S	AGT	S	506
PB1|PP755595.1|A/cattle/Texas/24-008749-003/2024(H5N1)	1525	T	C	0	0	0	62	21	40	1	62	1.48322e-41	TRUE	PB1:cds-XAJ25424.1	TTG	L	CTG	L	509
PB1|PP755595.1|A/cattle/Texas/24-008749-003/2024(H5N1)	1560	T	A	0	0	0	59	25	39	1	59	1.82387e-38	TRUE	PB1:cds-XAJ25424.1	TCT	S	TCA	S	520
PB1|PP755595.1|A/cattle/Texas/24-008749-003/2024(H5N1)	1563	A	T	0	0	0	60	25	39	1	60	4.55651e-39	TRUE	PB1:cds-XAJ25424.1	GCA	A	GCT	A	521
PB1|PP755595.1|A/cattle/Texas/24-008749-003/2024(H5N1)	1578	A	C	0	0	0	63	24	38	1	63	2.42208e-40	TRUE	PB1:cds-XAJ25424.1	GGA	G	GGC	G	526
PB1|PP755595.1|A/cattle/Texas/24-008749-003/2024(H5N1)	1581	A	C	0	0	0	63	25	38	1	63	2.42208e-40	TRUE	PB1:cds-XAJ25424.1	GTA	V	GTC	V	527
PB1|PP755595.1|A/cattle/Texas/24-008749-003/2024(H5N1)	1591	A	G	66	26	39	1	1	34	0.0149254	67	0.455782	FALSE	PB1:cds-XAJ25424.1	AAG	K	GAG	E	531
PB1|PP755595.1|A/cattle/Texas/24-008749-003/2024(H5N1)	1605	C	A	0	0	0	62	30	42	1	62	1.48322e-41	TRUE	PB1:cds-XAJ25424.1	ATC	I	ATA	I	535
PB1|PP755595.1|A/cattle/Texas/24-008749-003/2024(H5N1)	1612	G	A	62	29	42	1	1	34	0.015873	63	0.440559	FALSE	PB1:cds-XAJ25424.1	GAT	D	AAT	N	538
PB1|PP755595.1|A/cattle/Texas/24-008749-003/2024(H5N1)	1614	T	C	0	0	0	63	31	43	1	63	6.58047e-42	TRUE	PB1:cds-XAJ25424.1	GAT	D	GAC	D	538
PB1|PP755595.1|A/cattle/Texas/24-008749-003/2024(H5N1)	1620	A	G	63	35	42	1	1	68	0.015625	64	0.441379	FALSE	PB1:cds-XAJ25424.1	GGA	G	GGG	G	540
PB1|PP755595.1|A/cattle/Texas/24-008749-003/2024(H5N1)	1632	C	T	0	0	0	58	33	41	1	58	4.0187e-38	TRUE	PB1:cds-XAJ25424.1	GCC	A	GCT	A	544
PB1|PP755595.1|A/cattle/Texas/24-008749-003/2024(H5N1)	1641	T	C	0	0	0	51	31	41	1	51	3.77031e-34	TRUE	PB1:cds-XAJ25424.1	GCT	A	GCC	A	547
PB1|PP755595.1|A/cattle/Texas/24-008749-003/2024(H5N1)	1644	A	T	0	0	0	47	30	40	1	47	1.86142e-32	TRUE	PB1:cds-XAJ25424.1	CTA	L	CTT	L	548
PB1|PP755595.1|A/cattle/Texas/24-008749-003/2024(H5N1)	1647	G	A	0	0	0	45	31	40	1	45	1.05124e-31	TRUE	PB1:cds-XAJ25424.1	CAG	Q	CAA	Q	549
PB1|PP755595.1|A/cattle/Texas/24-008749-003/2024(H5N1)	1649	T	C	57	31	40	1	0	34	0.0172414	58	0.42963	FALSE	PB1:cds-XAJ25424.1	CTA	L	CCA	P	550
PB1|PP755595.1|A/cattle/Texas/24-008749-003/2024(H5N1)	1651	T	C	64	35	40	1	1	34	0.0153846	65	0.454545	FALSE	PB1:cds-XAJ25424.1	TTC	F	CTC	L	551
PB1|PP755595.1|A/cattle/Texas/24-008749-003/2024(H5N1)	1659	G	C	0	0	0	1	0	34	0.0169492	59	0.0135135	FALSE	PB1:cds-XAJ25424.1	AAG	K	AAC	N	553
PB1|PP755595.1|A/cattle/Texas/24-008749-003/2024(H5N1)	1659	G	A	0	0	0	58	33	40	0.983051	59	1.2403e-38	TRUE	PB1:cds-XAJ25424.1	AAG	K	AAA	K	553
PB1|PP755595.1|A/cattle/Texas/24-008749-003/2024(H5N1)	1668	A	G	0	0	0	57	35	38	1	57	1.81624e-36	TRUE	PB1:cds-XAJ25424.1	AGA	R	AGG	R	556
PB1|PP755595.1|A/cattle/Texas/24-008749-003/2024(H5N1)	1674	A	G	0	0	0	49	28	37	1	49	3.50554e-32	TRUE	PB1:cds-XAJ25424.1	ACA	T	ACG	T	558
PB1|PP755595.1|A/cattle/Texas/24-008749-003/2024(H5N1)	1677	T	C	0	0	0	50	32	36	1	50	3.57084e-31	TRUE	PB1:cds-XAJ25424.1	TAT	Y	TAC	Y	559
PB1|PP755595.1|A/cattle/Texas/24-008749-003/2024(H5N1)	1683	T	C	0	0	0	53	33	35	1	53	5.69974e-33	TRUE	PB1:cds-XAJ25424.1	TGT	C	TGC	C	561
PB1|PP755595.1|A/cattle/Texas/24-008749-003/2024(H5N1)	1692	A	T	0	0	0	55	32	36	1	55	6.92249e-34	TRUE	PB1:cds-XAJ25424.1	GGA	G	GGT	G	564
PB1|PP755595.1|A/cattle/Texas/24-008749-003/2024(H5N1)	1710	A	G	0	0	0	58	33	34	1	58	2.14025e-35	TRUE	PB1:cds-XAJ25424.1	ACA	T	ACG	T	570
PB1|PP755595.1|A/cattle/Texas/24-008749-003/2024(H5N1)	1716	G	A	0	0	0	51	33	33	1	51	4.74559e-32	TRUE	PB1:cds-XAJ25424.1	AGG	R	AGA	R	572
PB1|PP755595.1|A/cattle/Texas/24-008749-003/2024(H5N1)	1731	A	G	0	0	0	43	24	33	1	43	3.89633e-26	TRUE	PB1:cds-XAJ25424.1	AAA	K	AAG	K	577
PB1|PP755595.1|A/cattle/Texas/24-008749-003/2024(H5N1)	1735	T	C	0	0	0	41	23	34	1	41	2.35413e-24	TRUE	PB1:cds-XAJ25424.1	TTA	L	CTA	L	579
PB1|PP755595.1|A/cattle/Texas/24-008749-003/2024(H5N1)	1737	A	G	0	0	0	41	22	34	1	41	2.35413e-24	TRUE	PB1:cds-XAJ25424.1	TTA	L	TTG	L	579
PB1|PP755595.1|A/cattle/Texas/24-008749-003/2024(H5N1)	1746	A	G	0	0	0	47	24	34	1	47	1.23024e-27	TRUE	PB1:cds-XAJ25424.1	CAA	Q	CAG	Q	582
PB1|PP755595.1|A/cattle/Texas/24-008749-003/2024(H5N1)	1748	C	T	45	23	34	1	0	34	0.0217391	46	0.5	FALSE	PB1:cds-XAJ25424.1	ACC	T	ATC	I	583
PB1|PP755595.1|A/cattle/Texas/24-008749-003/2024(H5N1)	1752	C	T	0	0	0	44	22	33	1	44	1.92627e-26	TRUE	PB1:cds-XAJ25424.1	CGC	R	CGT	R	584
PB1|PP755595.1|A/cattle/Texas/24-008749-003/2024(H5N1)	1758	A	G	0	0	0	41	18	33	1	41	4.70827e-24	TRUE	PB1:cds-XAJ25424.1	AAA	K	AAG	K	586
PB1|PP755595.1|A/cattle/Texas/24-008749-003/2024(H5N1)	1759	C	G	0	0	0	40	18	34	1	40	9.3017e-24	TRUE	PB1:cds-XAJ25424.1	CCA	P	GCA	A	587
PB1|PP755595.1|A/cattle/Texas/24-008749-003/2024(H5N1)	1768	C	T	0	0	0	46	14	33	1	46	3.24022e-28	TRUE	PB1:cds-XAJ25424.1	CTG	L	TTG	L	590
PB1|PP755595.1|A/cattle/Texas/24-008749-003/2024(H5N1)	1773	C	G	0	0	0	49	17	33	1	49	3.92501e-29	TRUE	PB1:cds-XAJ25424.1	GTC	V	GTG	V	591
PB1|PP755595.1|A/cattle/Texas/24-008749-003/2024(H5N1)	1785	G	A	0	0	0	45	16	33	1	45	1.92627e-26	TRUE	PB1:cds-XAJ25424.1	GGG	G	GGA	G	595
PB1|PP755595.1|A/cattle/Texas/24-008749-003/2024(H5N1)	1881	C	T	0	0	0	2	1	34	1	2	0.333333	FALSE	PB1:cds-XAJ25424.1	CCC	P	CCT	P	627
PB1|PP755595.1|A/cattle/Texas/24-008749-003/2024(H5N1)	1882	C	T	0	0	0	2	1	34	1	2	0.333333	FALSE	PB1:cds-XAJ25424.1	CTG	L	TTG	L	628
PB1|PP755595.1|A/cattle/Texas/24-008749-003/2024(H5N1)	1887	T	C	0	0	0	4	3	34	1	4	0.0142857	FALSE	PB1:cds-XAJ25424.1	AAT	N	AAC	N	629
PB1|PP755595.1|A/cattle/Texas/24-008749-003/2024(H5N1)	1890	G	A	0	0	0	5	3	32	1	5	0.00396825	TRUE	PB1:cds-XAJ25424.1	CCG	P	CCA	P	630
PB1|PP755595.1|A/cattle/Texas/24-008749-003/2024(H5N1)	1896	A	C	0	0	0	87	42	36	1	87	4.81978e-55	TRUE	PB1:cds-XAJ25424.1	GTA	V	GTC	V	632
PB1|PP755595.1|A/cattle/Texas/24-008749-003/2024(H5N1)	1902	C	T	0	0	0	88	45	36	1	88	3.43156e-56	TRUE	PB1:cds-XAJ25424.1	CAC	H	CAT	H	634
PB1|PP755595.1|A/cattle/Texas/24-008749-003/2024(H5N1)	1911	A	T	0	0	0	91	46	36	1	91	1.00729e-57	TRUE	PB1:cds-XAJ25424.1	ATA	I	ATT	I	637
PB1|PP755595.1|A/cattle/Texas/24-008749-003/2024(H5N1)	1917	T	C	0	0	0	95	49	37	1	95	2.10507e-60	TRUE	PB1:cds-XAJ25424.1	TCT	S	TCC	S	639
PB1|PP755595.1|A/cattle/Texas/24-008749-003/2024(H5N1)	1920	G	A	0	0	0	97	51	37	1	97	3.7691e-62	TRUE	PB1:cds-XAJ25424.1	GTG	V	GTA	V	640
PB1|PP755595.1|A/cattle/Texas/24-008749-003/2024(H5N1)	1944	T	C	0	0	0	97	54	35	1	97	8.97027e-59	TRUE	PB1:cds-XAJ25424.1	GCT	A	GCC	A	648
PB1|PP755595.1|A/cattle/Texas/24-008749-003/2024(H5N1)	1947	T	C	0	0	0	95	53	35	1	95	3.7195e-58	TRUE	PB1:cds-XAJ25424.1	CAT	H	CAC	H	649
PB1|PP755595.1|A/cattle/Texas/24-008749-003/2024(H5N1)	1950	C	T	0	0	0	97	54	35	1	97	8.97027e-59	TRUE	PB1:cds-XAJ25424.1	GGC	G	GGT	G	650
PB1|PP755595.1|A/cattle/Texas/24-008749-003/2024(H5N1)	1956	T	C	0	0	0	95	52	35	1	95	7.25303e-58	TRUE	PB1:cds-XAJ25424.1	GCT	A	GCC	A	652
PB1|PP755595.1|A/cattle/Texas/24-008749-003/2024(H5N1)	1959	G	A	0	0	0	95	53	34	1	95	7.25303e-58	TRUE	PB1:cds-XAJ25424.1	AAG	K	AAA	K	653
PB1|PP755595.1|A/cattle/Texas/24-008749-003/2024(H5N1)	1962	T	C	0	0	0	95	53	34	1	95	7.25303e-58	TRUE	PB1:cds-XAJ25424.1	AGT	S	AGC	S	654
PB1|PP755595.1|A/cattle/Texas/24-008749-003/2024(H5N1)	1977	T	C	0	0	0	95	48	37	1	95	2.10507e-60	TRUE	PB1:cds-XAJ25424.1	GCT	A	GCC	A	659
PB1|PP755595.1|A/cattle/Texas/24-008749-003/2024(H5N1)	1983	C	A	0	0	0	66	33	34	1	66	1.78202e-40	TRUE	PB1:cds-XAJ25424.1	GCC	A	GCA	A	661
PB1|PP755595.1|A/cattle/Texas/24-008749-003/2024(H5N1)	1985	C	T	66	33	34	1	0	34	0.0149254	67	0.492647	FALSE	PB1:cds-XAJ25424.1	ACC	T	ATC	I	662
PB1|PP755595.1|A/cattle/Texas/24-008749-003/2024(H5N1)	1986	C	T	0	0	0	66	33	34	1	66	1.33485e-39	TRUE	PB1:cds-XAJ25424.1	ACC	T	ACT	T	662
PB1|PP755595.1|A/cattle/Texas/24-008749-003/2024(H5N1)	1989	T	A	0	0	0	66	33	34	1	66	1.33485e-39	TRUE	PB1:cds-XAJ25424.1	ACT	T	ACA	T	663
PB1|PP755595.1|A/cattle/Texas/24-008749-003/2024(H5N1)	1995	C	G	0	0	0	2	0	34	0.030303	66	0.000426257	TRUE	PB1:cds-XAJ25424.1	TCC	S	TCG	S	665
PB1|PP755595.1|A/cattle/Texas/24-008749-003/2024(H5N1)	1995	C	A	0	0	0	64	32	34	0.969697	66	5.46263e-39	TRUE	PB1:cds-XAJ25424.1	TCC	S	TCA	S	665
PB1|PP755595.1|A/cattle/Texas/24-008749-003/2024(H5N1)	2001	C	T	0	0	0	61	28	34	1	61	1.31509e-36	TRUE	PB1:cds-XAJ25424.1	ATC	I	ATT	I	667
PB1|PP755595.1|A/cattle/Texas/24-008749-003/2024(H5N1)	2007	G	A	0	0	0	62	28	34	1	62	8.61542e-38	TRUE	PB1:cds-XAJ25424.1	AAG	K	AAA	K	669
PB1|PP755595.1|A/cattle/Texas/24-008749-003/2024(H5N1)	2013	C	T	0	0	0	55	20	32	1	55	1.89927e-34	TRUE	PB1:cds-XAJ25424.1	AAC	N	AAT	N	671
PB1|PP755595.1|A/cattle/Texas/24-008749-003/2024(H5N1)	2016	C	T	0	0	0	58	26	34	1	58	2.45744e-37	TRUE	PB1:cds-XAJ25424.1	CGC	R	CGT	R	672
PB1|PP755595.1|A/cattle/Texas/24-008749-003/2024(H5N1)	2019	T	C	0	0	0	64	30	33	1	64	1.06807e-38	TRUE	PB1:cds-XAJ25424.1	TCT	S	TCC	S	673
PB1|PP755595.1|A/cattle/Texas/24-008749-003/2024(H5N1)	2025	T	C	0	0	0	74	30	33	1	74	2.15457e-44	TRUE	PB1:cds-XAJ25424.1	CTT	L	CTC	L	675
PB1|PP755595.1|A/cattle/Texas/24-008749-003/2024(H5N1)	2031	A	C	0	0	0	69	32	34	1	69	4.00911e-43	TRUE	PB1:cds-XAJ25424.1	ACA	T	ACC	T	677
PB1|PP755595.1|A/cattle/Texas/24-008749-003/2024(H5N1)	2034	C	T	1	0	34	71	32	34	0.986111	72	2.30896e-44	TRUE	PB1:cds-XAJ25424.1	AGC	S	AGT	S	678
PB1|PP755595.1|A/cattle/Texas/24-008749-003/2024(H5N1)	2046	C	T	0	0	0	147	78	35	1	147	4.83845e-96	TRUE	PB1:cds-XAJ25424.1	ATC	I	ATT	I	682
PB1|PP755595.1|A/cattle/Texas/24-008749-003/2024(H5N1)	2052	A	G	0	0	0	149	81	38	1	149	3.46421e-96	TRUE	PB1:cds-XAJ25424.1	GAA	E	GAG	E	684
PB1|PP755595.1|A/cattle/Texas/24-008749-003/2024(H5N1)	2055	C	T	0	0	0	151	82	38	1	151	7.4515e-97	TRUE	PB1:cds-XAJ25424.1	GAC	D	GAT	D	685
PB1|PP755595.1|A/cattle/Texas/24-008749-003/2024(H5N1)	2067	T	C	0	0	0	166	88	37	1	166	2.39518e-105	TRUE	PB1:cds-XAJ25424.1	TAT	Y	TAC	Y	689
PB1|PP755595.1|A/cattle/Texas/24-008749-003/2024(H5N1)	2069	A	+G	165	87	37	2	0	20	0.0107527	186	0.461572	FALSE	NA	NA	NA	NA	NA	NA
PB1|PP755595.1|A/cattle/Texas/24-008749-003/2024(H5N1)	2070	A	G	2	1	20	162	85	37	0.987805	164	1.24564e-99	TRUE	PB1:cds-XAJ25424.1	CAA	Q	CAG	Q	690
PB1|PP755595.1|A/cattle/Texas/24-008749-003/2024(H5N1)	2072	A	-GTGC	164	86	37	2	0	20	0.0107527	186	0.459325	FALSE	NA	NA	NA	NA	NA	NA
PB1|PP755595.1|A/cattle/Texas/24-008749-003/2024(H5N1)	2073	G	A	0	0	0	158	85	37	1	158	1.61324e-104	TRUE	PB1:cds-XAJ25424.1	AAG	K	AAA	K	691
PB1|PP755595.1|A/cattle/Texas/24-008749-003/2024(H5N1)	2081	A	G	0	0	0	215	104	37	1	215	4.50505e-137	TRUE	PB1:cds-XAJ25424.1	AAT	N	AGT	S	694
PB1|PP755595.1|A/cattle/Texas/24-008749-003/2024(H5N1)	2084	T	A	197	81	36	2	2	26	0.0100503	199	0.595222	FALSE	PB1:cds-XAJ25424.1	CTA	L	CAA	Q	695
PB1|PP755595.1|A/cattle/Texas/24-008749-003/2024(H5N1)	2088	T	C	3	3	32	224	113	37	0.986784	227	1.40495e-137	TRUE	PB1:cds-XAJ25424.1	TTT	F	TTC	F	696
PB1|PP755595.1|A/cattle/Texas/24-008749-003/2024(H5N1)	2091	A	G	0	0	0	230	119	37	1	230	2.77068e-145	TRUE	PB1:cds-XAJ25424.1	GAA	E	GAG	E	697
PB1|PP755595.1|A/cattle/Texas/24-008749-003/2024(H5N1)	2103	T	C	0	0	0	371	207	38	1	371	1.255e-239	TRUE	PB1:cds-XAJ25424.1	CCT	P	CCC	P	701
PB1|PP755595.1|A/cattle/Texas/24-008749-003/2024(H5N1)	2106	C	T	0	0	0	368	217	38	1	368	1.7755e-250	TRUE	PB1:cds-XAJ25424.1	AGC	S	AGT	S	702
PB1|PP755595.1|A/cattle/Texas/24-008749-003/2024(H5N1)	2121	G	A	1	0	34	415	264	40	0.997596	416	6.87392e-274	TRUE	PB1:cds-XAJ25424.1	AGG	R	AGA	R	707
PB1|PP755595.1|A/cattle/Texas/24-008749-003/2024(H5N1)	2124	G	A	0	0	0	422	265	40	1	422	1.10847e-278	TRUE	PB1:cds-XAJ25424.1	CCG	P	CCA	P	708
PB1|PP755595.1|A/cattle/Texas/24-008749-003/2024(H5N1)	2143	G	A	451	318	40	9	8	36	0.0195652	460	0.000765613	TRUE	PB1:cds-XAJ25424.1	GTG	V	ATG	M	715
PB1|PP755595.1|A/cattle/Texas/24-008749-003/2024(H5N1)	2157	T	G	1	1	34	398	284	39	0.997494	399	7.96039e-263	TRUE	PB1:cds-XAJ25424.1	GTT	V	GTG	V	719
PB1|PP755595.1|A/cattle/Texas/24-008749-003/2024(H5N1)	2172	T	C	0	0	0	414	340	43	1	414	4.32119e-287	TRUE	PB1:cds-XAJ25424.1	ATT	I	ATC	I	724
PB1|PP755595.1|A/cattle/Texas/24-008749-003/2024(H5N1)	2181	A	C	0	0	0	411	345	42	1	411	7.4087e-282	TRUE	PB1:cds-XAJ25424.1	CGA	R	CGC	R	727
PB1|PP755595.1|A/cattle/Texas/24-008749-003/2024(H5N1)	2187	C	T	0	0	0	404	339	42	1	404	1.27668e-275	TRUE	PB1:cds-XAJ25424.1	GAC	D	GAT	D	729
PB1|PP755595.1|A/cattle/Texas/24-008749-003/2024(H5N1)	2199	A	G	363	313	42	13	12	36	0.0345745	376	1.7558e-05	TRUE	PB1:cds-XAJ25424.1	GGA	G	GGG	G	733
PB1|PP755595.1|A/cattle/Texas/24-008749-003/2024(H5N1)	2200	C	G	0	0	0	5	5	30	0.0132275	378	4.38072e-12	TRUE	PB1:cds-XAJ25424.1	CGG	R	GGG	G	734
PB1|PP755595.1|A/cattle/Texas/24-008749-003/2024(H5N1)	2200	C	A	0	0	0	373	323	42	0.986772	378	5.11671e-254	TRUE	PB1:cds-XAJ25424.1	CGG	R	AGG	R	734
PB1|PP755595.1|A/cattle/Texas/24-008749-003/2024(H5N1)	2205	T	C	0	0	0	374	324	41	1	374	1.31743e-250	TRUE	PB1:cds-XAJ25424.1	ATT	I	ATC	I	735
PB1|PP755595.1|A/cattle/Texas/24-008749-003/2024(H5N1)	2208	G	A	0	0	0	374	325	41	1	374	2.368e-250	TRUE	PB1:cds-XAJ25424.1	AAG	K	AAA	K	736
PB1|PP755595.1|A/cattle/Texas/24-008749-003/2024(H5N1)	2214	G	A	0	0	0	368	320	41	1	368	1.96368e-245	TRUE	PB1:cds-XAJ25424.1	GAG	E	GAA	E	738
PB1|PP755595.1|A/cattle/Texas/24-008749-003/2024(H5N1)	2243	C	A	318	289	39	11	10	36	0.0334347	329	0.000170541	TRUE	PB1:cds-XAJ25424.1	TCC	S	TAC	Y	748
PB1|PP755595.1|A/cattle/Texas/24-008749-003/2024(H5N1)	2268	G	A	0	0	0	121	107	28	1	121	6.88803e-97	TRUE	PB1:cds-XAJ25424.1	CAG	Q	CAA	Q	756
