REGION	POS	REF	ALT	REF_DP	REF_RV	REF_QUAL	ALT_DP	ALT_RV	ALT_QUAL	ALT_FREQ	TOTAL_DP	PVAL	PASS	GFF_FEATURE	REF_CODON	REF_AA	ALT_CODON	ALT_AA	POS_AA
PB2|PP755596.1|A/cattle/Texas/24-008749-003/2024(H5N1)	18	A	G	0	0	0	3833	171	35	1	3833	0	TRUE	PB2:cds-XAJ25426.1	GAA	E	GAG	E	6
PB2|PP755596.1|A/cattle/Texas/24-008749-003/2024(H5N1)	21	G	A	3	1	45	3848	171	35	0.999221	3851	0	TRUE	PB2:cds-XAJ25426.1	CTG	L	CTA	L	7
PB2|PP755596.1|A/cattle/Texas/24-008749-003/2024(H5N1)	25	G	A	1	0	34	3860	169	35	0.999741	3861	0	TRUE	PB2:cds-XAJ25426.1	GAT	D	AAT	N	9
PB2|PP755596.1|A/cattle/Texas/24-008749-003/2024(H5N1)	28	C	T	2	1	34	3787	162	35	0.999472	3789	0	TRUE	PB2:cds-XAJ25426.1	CTA	L	TTA	L	10
PB2|PP755596.1|A/cattle/Texas/24-008749-003/2024(H5N1)	30	A	G	2	0	34	3843	173	35	0.99948	3845	0	TRUE	PB2:cds-XAJ25426.1	CTA	L	CTG	L	10
PB2|PP755596.1|A/cattle/Texas/24-008749-003/2024(H5N1)	36	A	G	3	0	33	5091	377	35	0.999411	5094	0	TRUE	PB2:cds-XAJ25426.1	TCA	S	TCG	S	12
PB2|PP755596.1|A/cattle/Texas/24-008749-003/2024(H5N1)	60	A	G	2	1	34	7193	752	36	0.999722	7195	0	TRUE	PB2:cds-XAJ25426.1	CTA	L	CTG	L	20
PB2|PP755596.1|A/cattle/Texas/24-008749-003/2024(H5N1)	63	C	A	1	0	34	7111	735	35	0.999017	7118	0	TRUE	PB2:cds-XAJ25426.1	ACC	T	ACA	T	21
PB2|PP755596.1|A/cattle/Texas/24-008749-003/2024(H5N1)	72	T	C	10	2	43	7726	848	36	0.99832	7739	0	TRUE	PB2:cds-XAJ25426.1	ACT	T	ACC	T	24
PB2|PP755596.1|A/cattle/Texas/24-008749-003/2024(H5N1)	75	T	G	0	0	0	7852	836	35	0.998855	7861	0	TRUE	PB2:cds-XAJ25426.1	GTT	V	GTG	V	25
PB2|PP755596.1|A/cattle/Texas/24-008749-003/2024(H5N1)	81	C	T	14	1	36	9741	986	35	0.99836	9757	0	TRUE	PB2:cds-XAJ25426.1	CAC	H	CAT	H	27
PB2|PP755596.1|A/cattle/Texas/24-008749-003/2024(H5N1)	99	G	A	17	2	35	11326	1446	35	0.998413	11344	0	TRUE	PB2:cds-XAJ25426.1	AAG	K	AAA	K	33
PB2|PP755596.1|A/cattle/Texas/24-008749-003/2024(H5N1)	102	C	T	10	1	37	11104	1341	36	0.998741	11118	0	TRUE	PB2:cds-XAJ25426.1	TAC	Y	TAT	Y	34
PB2|PP755596.1|A/cattle/Texas/24-008749-003/2024(H5N1)	117	A	G	5	0	34	12666	1743	36	0.999605	12671	0	TRUE	PB2:cds-XAJ25426.1	CAA	Q	CAG	Q	39
PB2|PP755596.1|A/cattle/Texas/24-008749-003/2024(H5N1)	120	A	G	2	0	34	13059	1798	35	0.999847	13061	0	TRUE	PB2:cds-XAJ25426.1	GAA	E	GAG	E	40
PB2|PP755596.1|A/cattle/Texas/24-008749-003/2024(H5N1)	135	C	T	3	0	45	13952	3777	37	0.999785	13955	0	TRUE	PB2:cds-XAJ25426.1	CTC	L	CTT	L	45
PB2|PP755596.1|A/cattle/Texas/24-008749-003/2024(H5N1)	138	A	G	16	4	42	14337	3912	37	0.998816	14354	0	TRUE	PB2:cds-XAJ25426.1	AGA	R	AGG	R	46
PB2|PP755596.1|A/cattle/Texas/24-008749-003/2024(H5N1)	144	A	G	15	0	32	15158	4363	37	0.999011	15173	0	TRUE	PB2:cds-XAJ25426.1	AAA	K	AAG	K	48
PB2|PP755596.1|A/cattle/Texas/24-008749-003/2024(H5N1)	168	A	G	8	1	32	11019	4001	36	0.999275	11027	0	TRUE	PB2:cds-XAJ25426.1	CCA	P	CCG	P	56
PB2|PP755596.1|A/cattle/Texas/24-008749-003/2024(H5N1)	171	C	T	13	5	44	10906	3930	35	0.998809	10919	0	TRUE	PB2:cds-XAJ25426.1	ATC	I	ATT	I	57
PB2|PP755596.1|A/cattle/Texas/24-008749-003/2024(H5N1)	172	G	A	4	2	32	10928	4030	35	0.999543	10933	0	TRUE	PB2:cds-XAJ25426.1	GCA	A	ACA	T	58
PB2|PP755596.1|A/cattle/Texas/24-008749-003/2024(H5N1)	183	G	A	16	4	33	10497	3984	35	0.998478	10513	0	TRUE	PB2:cds-XAJ25426.1	AAG	K	AAA	K	61
PB2|PP755596.1|A/cattle/Texas/24-008749-003/2024(H5N1)	184	C	A	0	0	0	10894	3998	35	0.998442	10911	0	TRUE	PB2:cds-XAJ25426.1	CGA	R	AGA	R	62
PB2|PP755596.1|A/cattle/Texas/24-008749-003/2024(H5N1)	186	A	G	12	7	36	10819	3983	35	0.998892	10831	0	TRUE	PB2:cds-XAJ25426.1	CGA	R	CGG	R	62
PB2|PP755596.1|A/cattle/Texas/24-008749-003/2024(H5N1)	195	A	G	3	0	34	11916	5202	37	0.999748	11919	0	TRUE	PB2:cds-XAJ25426.1	GAA	E	GAG	E	65
PB2|PP755596.1|A/cattle/Texas/24-008749-003/2024(H5N1)	210	G	A	11	8	33	8982	4837	35	0.998777	8993	0	TRUE	PB2:cds-XAJ25426.1	AGG	R	AGA	R	70
PB2|PP755596.1|A/cattle/Texas/24-008749-003/2024(H5N1)	213	T	C	0	0	0	9179	4864	36	1	9179	0	TRUE	PB2:cds-XAJ25426.1	AAT	N	AAC	N	71
PB2|PP755596.1|A/cattle/Texas/24-008749-003/2024(H5N1)	216	A	G	2	1	34	9113	4802	36	0.999781	9115	0	TRUE	PB2:cds-XAJ25426.1	GAA	E	GAG	E	72
PB2|PP755596.1|A/cattle/Texas/24-008749-003/2024(H5N1)	222	A	T	1	0	26	8690	4918	35	0.998851	8700	0	TRUE	PB2:cds-XAJ25426.1	GGA	G	GGT	G	74
PB2|PP755596.1|A/cattle/Texas/24-008749-003/2024(H5N1)	225	A	G	2	1	34	8747	4938	35	0.999771	8749	0	TRUE	PB2:cds-XAJ25426.1	CAA	Q	CAG	Q	75
PB2|PP755596.1|A/cattle/Texas/24-008749-003/2024(H5N1)	228	C	T	11	5	49	8214	4420	34	0.998663	8225	0	TRUE	PB2:cds-XAJ25426.1	ACC	T	ACT	T	76
PB2|PP755596.1|A/cattle/Texas/24-008749-003/2024(H5N1)	231	C	T	6	4	32	8452	4759	35	0.999172	8459	0	TRUE	PB2:cds-XAJ25426.1	CTC	L	CTT	L	77
PB2|PP755596.1|A/cattle/Texas/24-008749-003/2024(H5N1)	240	G	A	10	3	33	9507	6272	35	0.998949	9517	0	TRUE	PB2:cds-XAJ25426.1	AAG	K	AAA	K	80
PB2|PP755596.1|A/cattle/Texas/24-008749-003/2024(H5N1)	252	C	T	15	12	34	9650	6661	36	0.998241	9667	0	TRUE	PB2:cds-XAJ25426.1	GCC	A	GCT	A	84
PB2|PP755596.1|A/cattle/Texas/24-008749-003/2024(H5N1)	262	C	A	1	1	34	8439	6182	35	0.999053	8447	0	TRUE	PB2:cds-XAJ25426.1	CGA	R	AGA	R	88
PB2|PP755596.1|A/cattle/Texas/24-008749-003/2024(H5N1)	267	G	A	5	3	32	8010	6018	35	0.999376	8015	0	TRUE	PB2:cds-XAJ25426.1	GTG	V	GTA	V	89
PB2|PP755596.1|A/cattle/Texas/24-008749-003/2024(H5N1)	273	A	G	2	1	34	6568	5324	35	0.999696	6570	0	TRUE	PB2:cds-XAJ25426.1	GTA	V	GTG	V	91
PB2|PP755596.1|A/cattle/Texas/24-008749-003/2024(H5N1)	279	C	T	13	11	36	5694	4743	33	0.997373	5709	0	TRUE	PB2:cds-XAJ25426.1	CCC	P	CCT	P	93
PB2|PP755596.1|A/cattle/Texas/24-008749-003/2024(H5N1)	291	A	G	1	1	34	265	239	33	0.996241	266	6.56571e-251	TRUE	PB2:cds-XAJ25426.1	ACA	T	ACG	T	97
PB2|PP755596.1|A/cattle/Texas/24-008749-003/2024(H5N1)	303	G	A	0	0	0	179	163	33	1	179	8.92239e-110	TRUE	PB2:cds-XAJ25426.1	AGG	R	AGA	R	101
PB2|PP755596.1|A/cattle/Texas/24-008749-003/2024(H5N1)	318	A	G	0	0	0	123	102	33	1	123	4.40325e-74	TRUE	PB2:cds-XAJ25426.1	ACA	T	ACG	T	106
PB2|PP755596.1|A/cattle/Texas/24-008749-003/2024(H5N1)	320	G	A	121	100	33	2	1	34	0.0162602	123	0.244972	FALSE	PB2:cds-XAJ25426.1	AGT	S	AAT	N	107
PB2|PP755596.1|A/cattle/Texas/24-008749-003/2024(H5N1)	325	A	G	0	0	0	82	65	33	1	82	6.87424e-49	TRUE	PB2:cds-XAJ25426.1	ATT	I	GTT	V	109
PB2|PP755596.1|A/cattle/Texas/24-008749-003/2024(H5N1)	327	T	C	0	0	0	82	65	34	1	82	6.87424e-49	TRUE	PB2:cds-XAJ25426.1	ATT	I	ATC	I	109
PB2|PP755596.1|A/cattle/Texas/24-008749-003/2024(H5N1)	330	C	T	0	0	0	79	62	33	1	79	5.6025e-48	TRUE	PB2:cds-XAJ25426.1	CAC	H	CAT	H	110
PB2|PP755596.1|A/cattle/Texas/24-008749-003/2024(H5N1)	333	T	C	0	0	0	82	65	33	1	82	6.87424e-49	TRUE	PB2:cds-XAJ25426.1	TAT	Y	TAC	Y	111
PB2|PP755596.1|A/cattle/Texas/24-008749-003/2024(H5N1)	342	A	C	0	0	0	84	67	33	1	84	8.69664e-50	TRUE	PB2:cds-XAJ25426.1	GTA	V	GTC	V	114
PB2|PP755596.1|A/cattle/Texas/24-008749-003/2024(H5N1)	345	C	T	0	0	0	84	67	34	1	84	8.69664e-50	TRUE	PB2:cds-XAJ25426.1	TAC	Y	TAT	Y	115
PB2|PP755596.1|A/cattle/Texas/24-008749-003/2024(H5N1)	351	T	C	0	0	0	83	67	33	1	83	1.72898e-49	TRUE	PB2:cds-XAJ25426.1	ACT	T	ACC	T	117
PB2|PP755596.1|A/cattle/Texas/24-008749-003/2024(H5N1)	354	T	C	1	0	34	81	65	33	0.987805	82	2.90468e-47	TRUE	PB2:cds-XAJ25426.1	TAT	Y	TAC	Y	118
PB2|PP755596.1|A/cattle/Texas/24-008749-003/2024(H5N1)	363	A	G	0	0	0	82	65	33	1	82	3.45795e-49	TRUE	PB2:cds-XAJ25426.1	AAA	K	AAG	K	121
PB2|PP755596.1|A/cattle/Texas/24-008749-003/2024(H5N1)	375	G	A	0	0	0	1	1	34	1	1	0.25	FALSE	PB2:cds-XAJ25426.1	TTG	L	TTA	L	125
PB2|PP755596.1|A/cattle/Texas/24-008749-003/2024(H5N1)	381	C	T	0	0	0	1	1	26	1	1	1	FALSE	PB2:cds-XAJ25426.1	CAC	H	CAT	H	127
PB2|PP755596.1|A/cattle/Texas/24-008749-003/2024(H5N1)	384	G	A	0	0	0	1	1	34	1	1	1	FALSE	PB2:cds-XAJ25426.1	GGG	G	GGA	G	128
PB2|PP755596.1|A/cattle/Texas/24-008749-003/2024(H5N1)	390	T	C	0	0	0	1	1	34	1	1	1	FALSE	PB2:cds-XAJ25426.1	TTT	F	TTC	F	130
PB2|PP755596.1|A/cattle/Texas/24-008749-003/2024(H5N1)	435	C	T	0	0	0	2	1	29	1	2	0.0151515	FALSE	PB2:cds-XAJ25426.1	GTC	V	GTT	V	145
PB2|PP755596.1|A/cattle/Texas/24-008749-003/2024(H5N1)	441	A	G	82	46	34	1	1	34	0.0120482	83	0.482558	FALSE	PB2:cds-XAJ25426.1	ATA	I	ATG	M	147
PB2|PP755596.1|A/cattle/Texas/24-008749-003/2024(H5N1)	448	G	A	83	49	35	1	0	34	0.0119048	84	0.47191	FALSE	PB2:cds-XAJ25426.1	GGC	G	AGC	S	150
PB2|PP755596.1|A/cattle/Texas/24-008749-003/2024(H5N1)	456	T	A	0	0	0	83	46	35	1	83	1.58741e-51	TRUE	PB2:cds-XAJ25426.1	GCT	A	GCA	A	152
PB2|PP755596.1|A/cattle/Texas/24-008749-003/2024(H5N1)	458	A	G	82	45	35	1	0	34	0.0120482	83	0.482558	FALSE	PB2:cds-XAJ25426.1	GAC	D	GGC	G	153
PB2|PP755596.1|A/cattle/Texas/24-008749-003/2024(H5N1)	465	C	T	0	0	0	63	33	35	1	63	8.46068e-40	TRUE	PB2:cds-XAJ25426.1	AGC	S	AGT	S	155
PB2|PP755596.1|A/cattle/Texas/24-008749-003/2024(H5N1)	468	C	T	0	0	0	65	34	34	1	65	2.68993e-39	TRUE	PB2:cds-XAJ25426.1	GCC	A	GCT	A	156
PB2|PP755596.1|A/cattle/Texas/24-008749-003/2024(H5N1)	474	G	A	1	0	34	58	29	34	0.983051	59	1.78197e-34	TRUE	PB2:cds-XAJ25426.1	GAG	E	GAA	E	158
PB2|PP755596.1|A/cattle/Texas/24-008749-003/2024(H5N1)	477	G	A	0	0	0	63	33	34	1	63	1.65702e-37	TRUE	PB2:cds-XAJ25426.1	GCG	A	GCA	A	159
PB2|PP755596.1|A/cattle/Texas/24-008749-003/2024(H5N1)	480	G	A	0	0	0	63	33	34	1	63	1.65702e-37	TRUE	PB2:cds-XAJ25426.1	CAG	Q	CAA	Q	160
PB2|PP755596.1|A/cattle/Texas/24-008749-003/2024(H5N1)	486	A	C	0	0	0	63	33	34	1	63	1.65702e-37	TRUE	PB2:cds-XAJ25426.1	GTA	V	GTC	V	162
PB2|PP755596.1|A/cattle/Texas/24-008749-003/2024(H5N1)	495	A	G	0	0	0	62	32	34	1	62	3.31404e-37	TRUE	PB2:cds-XAJ25426.1	GAA	E	GAG	E	165
PB2|PP755596.1|A/cattle/Texas/24-008749-003/2024(H5N1)	498	T	C	0	0	0	62	33	34	1	62	3.31404e-37	TRUE	PB2:cds-XAJ25426.1	GTT	V	GTC	V	166
PB2|PP755596.1|A/cattle/Texas/24-008749-003/2024(H5N1)	501	C	T	0	0	0	62	32	34	1	62	3.31404e-37	TRUE	PB2:cds-XAJ25426.1	GTC	V	GTT	V	167
PB2|PP755596.1|A/cattle/Texas/24-008749-003/2024(H5N1)	504	T	C	0	0	0	62	33	34	1	62	3.31404e-37	TRUE	PB2:cds-XAJ25426.1	TTT	F	TTC	F	168
PB2|PP755596.1|A/cattle/Texas/24-008749-003/2024(H5N1)	516	G	C	0	0	0	70	34	34	1	70	2.72134e-42	TRUE	PB2:cds-XAJ25426.1	GTG	V	GTC	V	172
PB2|PP755596.1|A/cattle/Texas/24-008749-003/2024(H5N1)	522	G	C	0	0	0	60	32	34	1	60	7.01013e-37	TRUE	PB2:cds-XAJ25426.1	GCG	A	GCC	A	174
PB2|PP755596.1|A/cattle/Texas/24-008749-003/2024(H5N1)	529	C	T	0	0	0	29	13	34	1	29	4.58359e-18	TRUE	PB2:cds-XAJ25426.1	CTG	L	TTG	L	177
PB2|PP755596.1|A/cattle/Texas/24-008749-003/2024(H5N1)	534	G	A	0	0	0	30	16	34	1	30	4.29712e-18	TRUE	PB2:cds-XAJ25426.1	ACG	T	ACA	T	178
PB2|PP755596.1|A/cattle/Texas/24-008749-003/2024(H5N1)	537	G	A	0	0	0	24	10	35	1	24	4.35555e-15	TRUE	PB2:cds-XAJ25426.1	TCG	S	TCA	S	179
PB2|PP755596.1|A/cattle/Texas/24-008749-003/2024(H5N1)	540	A	G	0	0	0	27	13	35	1	27	5.13627e-16	TRUE	PB2:cds-XAJ25426.1	GAA	E	GAG	E	180
PB2|PP755596.1|A/cattle/Texas/24-008749-003/2024(H5N1)	546	A	G	0	0	0	27	13	34	1	27	5.13627e-16	TRUE	PB2:cds-XAJ25426.1	CAA	Q	CAG	Q	182
PB2|PP755596.1|A/cattle/Texas/24-008749-003/2024(H5N1)	549	G	A	0	0	0	27	13	35	1	27	5.13627e-16	TRUE	PB2:cds-XAJ25426.1	TTG	L	TTA	L	183
PB2|PP755596.1|A/cattle/Texas/24-008749-003/2024(H5N1)	553	A	G	0	0	0	27	13	35	1	27	5.13627e-16	TRUE	PB2:cds-XAJ25426.1	ATA	I	GTA	V	185
PB2|PP755596.1|A/cattle/Texas/24-008749-003/2024(H5N1)	555	A	T	0	0	0	27	13	35	1	27	5.13627e-16	TRUE	PB2:cds-XAJ25426.1	ATA	I	ATT	I	185
PB2|PP755596.1|A/cattle/Texas/24-008749-003/2024(H5N1)	561	G	A	1	0	34	36	17	34	0.972973	37	5.95603e-21	TRUE	PB2:cds-XAJ25426.1	AAG	K	AAA	K	187
PB2|PP755596.1|A/cattle/Texas/24-008749-003/2024(H5N1)	570	A	G	0	0	0	40	19	34	1	40	9.3017e-24	TRUE	PB2:cds-XAJ25426.1	AAA	K	AAG	K	190
PB2|PP755596.1|A/cattle/Texas/24-008749-003/2024(H5N1)	573	A	G	0	0	0	36	15	32	1	36	1.60974e-22	TRUE	PB2:cds-XAJ25426.1	GAA	E	GAG	E	191
PB2|PP755596.1|A/cattle/Texas/24-008749-003/2024(H5N1)	588	C	T	0	0	0	27	12	33	1	27	5.13627e-16	TRUE	PB2:cds-XAJ25426.1	TGC	C	TGT	C	196
PB2|PP755596.1|A/cattle/Texas/24-008749-003/2024(H5N1)	591	A	G	0	0	0	28	13	34	1	28	2.61483e-16	TRUE	PB2:cds-XAJ25426.1	AAA	K	AAG	K	197
PB2|PP755596.1|A/cattle/Texas/24-008749-003/2024(H5N1)	594	C	T	0	0	0	28	13	33	1	28	2.61483e-16	TRUE	PB2:cds-XAJ25426.1	ATC	I	ATT	I	198
PB2|PP755596.1|A/cattle/Texas/24-008749-003/2024(H5N1)	603	G	A	0	0	0	27	12	33	1	27	5.13627e-16	TRUE	PB2:cds-XAJ25426.1	CTG	L	CTA	L	201
PB2|PP755596.1|A/cattle/Texas/24-008749-003/2024(H5N1)	609	T	G	0	0	0	25	13	34	1	25	1.58215e-14	TRUE	PB2:cds-XAJ25426.1	GTT	V	GTG	V	203
PB2|PP755596.1|A/cattle/Texas/24-008749-003/2024(H5N1)	694	C	T	0	0	0	3	0	34	1	3	0.0285714	FALSE	PB2:cds-XAJ25426.1	CTG	L	TTG	L	232
PB2|PP755596.1|A/cattle/Texas/24-008749-003/2024(H5N1)	699	T	C	0	0	0	9	5	31	1	9	4.11353e-05	TRUE	PB2:cds-XAJ25426.1	CAT	H	CAC	H	233
PB2|PP755596.1|A/cattle/Texas/24-008749-003/2024(H5N1)	705	C	T	0	0	0	10	5	34	1	10	1.08251e-05	TRUE	PB2:cds-XAJ25426.1	ACC	T	ACT	T	235
PB2|PP755596.1|A/cattle/Texas/24-008749-003/2024(H5N1)	708	G	A	0	0	0	10	5	34	1	10	5.09877e-07	TRUE	PB2:cds-XAJ25426.1	CAG	Q	CAA	Q	236
PB2|PP755596.1|A/cattle/Texas/24-008749-003/2024(H5N1)	714	A	C	0	0	0	75	39	35	1	75	2.79035e-47	TRUE	PB2:cds-XAJ25426.1	ACA	T	ACC	T	238
PB2|PP755596.1|A/cattle/Texas/24-008749-003/2024(H5N1)	723	G	A	0	0	0	83	46	35	1	83	3.50571e-53	TRUE	PB2:cds-XAJ25426.1	GAG	E	GAA	E	241
PB2|PP755596.1|A/cattle/Texas/24-008749-003/2024(H5N1)	726	G	A	0	0	0	88	45	36	1	88	6.42144e-56	TRUE	PB2:cds-XAJ25426.1	CAG	Q	CAA	Q	242
PB2|PP755596.1|A/cattle/Texas/24-008749-003/2024(H5N1)	735	T	G	0	0	0	91	47	37	0.98913	92	6.82429e-57	TRUE	PB2:cds-XAJ25426.1	ACT	T	ACG	T	245
PB2|PP755596.1|A/cattle/Texas/24-008749-003/2024(H5N1)	735	T	A	0	0	0	1	1	34	0.0108696	92	0.00990099	TRUE	PB2:cds-XAJ25426.1	ACT	T	ACA	T	245
PB2|PP755596.1|A/cattle/Texas/24-008749-003/2024(H5N1)	741	A	G	91	49	37	1	0	34	0.0108696	92	0.474227	FALSE	PB2:cds-XAJ25426.1	GGA	G	GGG	G	247
PB2|PP755596.1|A/cattle/Texas/24-008749-003/2024(H5N1)	756	C	T	0	0	0	70	36	36	1	70	4.4702e-49	TRUE	PB2:cds-XAJ25426.1	AAC	N	AAT	N	252
PB2|PP755596.1|A/cattle/Texas/24-008749-003/2024(H5N1)	762	T	C	0	0	0	61	35	35	1	61	4.80058e-38	TRUE	PB2:cds-XAJ25426.1	GAT	D	GAC	D	254
PB2|PP755596.1|A/cattle/Texas/24-008749-003/2024(H5N1)	764	C	T	0	0	0	59	33	34	1	59	1.44876e-36	TRUE	PB2:cds-XAJ25426.1	GCA	A	GTA	V	255
PB2|PP755596.1|A/cattle/Texas/24-008749-003/2024(H5N1)	765	A	T	0	0	0	61	35	35	1	61	3.42094e-37	TRUE	PB2:cds-XAJ25426.1	GCA	A	GCT	A	255
PB2|PP755596.1|A/cattle/Texas/24-008749-003/2024(H5N1)	771	G	A	0	0	0	60	34	35	1	60	7.01013e-37	TRUE	PB2:cds-XAJ25426.1	CAG	Q	CAA	Q	257
PB2|PP755596.1|A/cattle/Texas/24-008749-003/2024(H5N1)	774	C	T	0	0	0	58	33	35	1	58	3.0203e-36	TRUE	PB2:cds-XAJ25426.1	AGC	S	AGT	S	258
PB2|PP755596.1|A/cattle/Texas/24-008749-003/2024(H5N1)	777	G	A	0	0	0	60	34	36	1	60	7.01013e-37	TRUE	PB2:cds-XAJ25426.1	TTG	L	TTA	L	259
PB2|PP755596.1|A/cattle/Texas/24-008749-003/2024(H5N1)	780	C	T	0	0	0	58	32	35	1	58	3.0203e-36	TRUE	PB2:cds-XAJ25426.1	ATC	I	ATT	I	260
PB2|PP755596.1|A/cattle/Texas/24-008749-003/2024(H5N1)	792	G	A	0	0	0	63	40	37	1	63	1.30828e-40	TRUE	PB2:cds-XAJ25426.1	AGG	R	AGA	R	264
PB2|PP755596.1|A/cattle/Texas/24-008749-003/2024(H5N1)	798	A	C	0	0	0	65	42	38	1	65	5.32944e-41	TRUE	PB2:cds-XAJ25426.1	ATA	I	ATC	I	266
PB2|PP755596.1|A/cattle/Texas/24-008749-003/2024(H5N1)	801	A	T	0	0	0	65	42	38	1	65	5.32944e-41	TRUE	PB2:cds-XAJ25426.1	GTA	V	GTT	V	267
PB2|PP755596.1|A/cattle/Texas/24-008749-003/2024(H5N1)	804	A	G	0	0	0	63	41	38	1	63	2.42208e-40	TRUE	PB2:cds-XAJ25426.1	AGA	R	AGG	R	268
PB2|PP755596.1|A/cattle/Texas/24-008749-003/2024(H5N1)	816	G	A	1	0	34	70	47	38	0.985915	71	5.71486e-43	TRUE	PB2:cds-XAJ25426.1	GTG	V	GTA	V	272
PB2|PP755596.1|A/cattle/Texas/24-008749-003/2024(H5N1)	822	A	G	68	45	37	1	1	34	0.0144928	69	0.475862	FALSE	PB2:cds-XAJ25426.1	GCA	A	GCG	A	274
PB2|PP755596.1|A/cattle/Texas/24-008749-003/2024(H5N1)	831	A	G	0	0	0	56	42	35	1	56	9.09054e-35	TRUE	PB2:cds-XAJ25426.1	TTA	L	TTG	L	277
PB2|PP755596.1|A/cattle/Texas/24-008749-003/2024(H5N1)	834	A	T	0	0	0	48	34	36	1	48	1.07289e-29	TRUE	PB2:cds-XAJ25426.1	GCA	A	GCT	A	278
PB2|PP755596.1|A/cattle/Texas/24-008749-003/2024(H5N1)	837	T	A	0	0	0	50	36	35	1	50	2.55151e-30	TRUE	PB2:cds-XAJ25426.1	TCT	S	TCA	S	279
PB2|PP755596.1|A/cattle/Texas/24-008749-003/2024(H5N1)	841	T	C	0	0	0	50	36	35	1	50	2.55151e-30	TRUE	PB2:cds-XAJ25426.1	TTG	L	CTG	L	281
PB2|PP755596.1|A/cattle/Texas/24-008749-003/2024(H5N1)	855	C	T	0	0	0	60	36	33	1	60	1.35821e-36	TRUE	PB2:cds-XAJ25426.1	CAC	H	CAT	H	285
PB2|PP755596.1|A/cattle/Texas/24-008749-003/2024(H5N1)	858	C	T	0	0	0	50	24	33	1	50	5.39695e-32	TRUE	PB2:cds-XAJ25426.1	AGC	S	AGT	S	286
PB2|PP755596.1|A/cattle/Texas/24-008749-003/2024(H5N1)	864	A	G	0	0	0	56	24	34	1	56	6.5705e-34	TRUE	PB2:cds-XAJ25426.1	CAA	Q	CAG	Q	288
PB2|PP755596.1|A/cattle/Texas/24-008749-003/2024(H5N1)	870	A	C	0	0	0	50	24	34	1	50	3.57084e-31	TRUE	PB2:cds-XAJ25426.1	GGA	G	GGC	G	290
PB2|PP755596.1|A/cattle/Texas/24-008749-003/2024(H5N1)	879	G	A	0	0	0	47	25	33	1	47	2.23518e-29	TRUE	PB2:cds-XAJ25426.1	AGG	R	AGA	R	293
PB2|PP755596.1|A/cattle/Texas/24-008749-003/2024(H5N1)	895	C	A	0	0	0	40	16	32	1	40	9.3017e-24	TRUE	PB2:cds-XAJ25426.1	CGG	R	AGG	R	299
PB2|PP755596.1|A/cattle/Texas/24-008749-003/2024(H5N1)	897	G	A	0	0	0	39	15	33	1	39	1.86034e-23	TRUE	PB2:cds-XAJ25426.1	CGG	R	CGA	R	299
PB2|PP755596.1|A/cattle/Texas/24-008749-003/2024(H5N1)	900	A	G	0	0	0	39	15	34	1	39	1.86034e-23	TRUE	PB2:cds-XAJ25426.1	CAA	Q	CAG	Q	300
PB2|PP755596.1|A/cattle/Texas/24-008749-003/2024(H5N1)	903	T	C	0	0	0	41	16	33	1	41	4.70827e-24	TRUE	PB2:cds-XAJ25426.1	AAT	N	AAC	N	301
PB2|PP755596.1|A/cattle/Texas/24-008749-003/2024(H5N1)	909	G	A	1	1	34	39	15	33	0.975	40	3.8137e-22	TRUE	PB2:cds-XAJ25426.1	ACG	T	ACA	T	303
PB2|PP755596.1|A/cattle/Texas/24-008749-003/2024(H5N1)	912	G	A	0	0	0	40	15	33	1	40	9.3017e-24	TRUE	PB2:cds-XAJ25426.1	GAG	E	GAA	E	304
PB2|PP755596.1|A/cattle/Texas/24-008749-003/2024(H5N1)	915	A	G	0	0	0	39	15	34	1	39	1.86034e-23	TRUE	PB2:cds-XAJ25426.1	GAA	E	GAG	E	305
PB2|PP755596.1|A/cattle/Texas/24-008749-003/2024(H5N1)	927	C	T	0	0	0	62	25	34	1	62	2.30725e-38	TRUE	PB2:cds-XAJ25426.1	GAC	D	GAT	D	309
PB2|PP755596.1|A/cattle/Texas/24-008749-003/2024(H5N1)	936	G	A	0	0	0	49	29	34	1	49	1.65658e-35	TRUE	PB2:cds-XAJ25426.1	AAG	K	AAA	K	312
PB2|PP755596.1|A/cattle/Texas/24-008749-003/2024(H5N1)	948	C	T	0	0	0	37	16	33	1	37	1.48901e-22	TRUE	PB2:cds-XAJ25426.1	GGC	G	GGT	G	316
PB2|PP755596.1|A/cattle/Texas/24-008749-003/2024(H5N1)	951	G	A	0	0	0	39	17	34	1	39	3.67417e-23	TRUE	PB2:cds-XAJ25426.1	TTG	L	TTA	L	317
PB2|PP755596.1|A/cattle/Texas/24-008749-003/2024(H5N1)	954	G	A	0	0	0	35	16	33	1	35	6.37188e-22	TRUE	PB2:cds-XAJ25426.1	AGG	R	AGA	R	318
PB2|PP755596.1|A/cattle/Texas/24-008749-003/2024(H5N1)	957	T	C	0	0	0	38	17	34	1	38	7.34834e-23	TRUE	PB2:cds-XAJ25426.1	ATT	I	ATC	I	319
PB2|PP755596.1|A/cattle/Texas/24-008749-003/2024(H5N1)	960	C	T	0	0	0	32	12	35	1	32	1.96916e-21	TRUE	PB2:cds-XAJ25426.1	AGC	S	AGT	S	320
PB2|PP755596.1|A/cattle/Texas/24-008749-003/2024(H5N1)	966	G	C	0	0	0	43	20	36	1	43	1.05167e-26	TRUE	PB2:cds-XAJ25426.1	TCG	S	TCC	S	322
PB2|PP755596.1|A/cattle/Texas/24-008749-003/2024(H5N1)	972	C	T	0	0	0	45	20	36	1	45	1.00304e-28	TRUE	PB2:cds-XAJ25426.1	AGC	S	AGT	S	324
PB2|PP755596.1|A/cattle/Texas/24-008749-003/2024(H5N1)	978	T	A	0	0	0	47	19	35	1	47	6.33374e-30	TRUE	PB2:cds-XAJ25426.1	GGT	G	GGA	G	326
PB2|PP755596.1|A/cattle/Texas/24-008749-003/2024(H5N1)	981	A	T	0	0	0	48	19	36	1	48	7.79803e-32	TRUE	PB2:cds-XAJ25426.1	GGA	G	GGT	G	327
PB2|PP755596.1|A/cattle/Texas/24-008749-003/2024(H5N1)	990	T	C	0	0	0	58	23	36	1	58	3.0203e-36	TRUE	PB2:cds-XAJ25426.1	TTT	F	TTC	F	330
PB2|PP755596.1|A/cattle/Texas/24-008749-003/2024(H5N1)	992	A	G	57	25	35	1	1	34	0.0172414	58	0.464	FALSE	PB2:cds-XAJ25426.1	AAA	K	AGA	R	331
PB2|PP755596.1|A/cattle/Texas/24-008749-003/2024(H5N1)	996	A	G	0	0	0	60	26	36	1	60	5.35146e-38	TRUE	PB2:cds-XAJ25426.1	AGA	R	AGG	R	332
PB2|PP755596.1|A/cattle/Texas/24-008749-003/2024(H5N1)	1002	T	C	0	0	0	63	26	36	1	63	3.03393e-39	TRUE	PB2:cds-XAJ25426.1	AGT	S	AGC	S	334
PB2|PP755596.1|A/cattle/Texas/24-008749-003/2024(H5N1)	1011	A	T	0	0	0	65	25	36	1	65	5.32944e-41	TRUE	PB2:cds-XAJ25426.1	TCA	S	TCT	S	337
PB2|PP755596.1|A/cattle/Texas/24-008749-003/2024(H5N1)	1020	G	A	0	0	0	69	29	35	1	69	1.12192e-43	TRUE	PB2:cds-XAJ25426.1	AGG	R	AGA	R	340
PB2|PP755596.1|A/cattle/Texas/24-008749-003/2024(H5N1)	1026	A	G	0	0	0	69	31	35	1	69	4.00911e-43	TRUE	PB2:cds-XAJ25426.1	GAA	E	GAG	E	342
PB2|PP755596.1|A/cattle/Texas/24-008749-003/2024(H5N1)	1029	G	A	0	0	0	69	32	35	1	69	3.21538e-44	TRUE	PB2:cds-XAJ25426.1	GAG	E	GAA	E	343
PB2|PP755596.1|A/cattle/Texas/24-008749-003/2024(H5N1)	1029	G	+GA	0	0	0	2	0	20	0.0246914	81	0.000301114	TRUE	NA	NA	NA	NA	NA	NA
PB2|PP755596.1|A/cattle/Texas/24-008749-003/2024(H5N1)	1035	T	C	0	0	0	79	35	35	1	79	2.87042e-48	TRUE	PB2:cds-XAJ25426.1	CTT	L	CTC	L	345
PB2|PP755596.1|A/cattle/Texas/24-008749-003/2024(H5N1)	1038	G	C	0	0	0	77	34	36	1	77	1.21497e-47	TRUE	PB2:cds-XAJ25426.1	ACG	T	ACC	T	346
PB2|PP755596.1|A/cattle/Texas/24-008749-003/2024(H5N1)	1047	T	C	0	0	0	88	37	35	1	88	5.90067e-54	TRUE	PB2:cds-XAJ25426.1	CTT	L	CTC	L	349
PB2|PP755596.1|A/cattle/Texas/24-008749-003/2024(H5N1)	1078	T	C	85	30	34	1	0	34	0.0116279	86	0.475138	FALSE	PB2:cds-XAJ25426.1	TAT	Y	CAT	H	360
PB2|PP755596.1|A/cattle/Texas/24-008749-003/2024(H5N1)	1083	A	G	0	0	0	57	12	34	1	57	2.80136e-38	TRUE	PB2:cds-XAJ25426.1	GAA	E	GAG	E	361
PB2|PP755596.1|A/cattle/Texas/24-008749-003/2024(H5N1)	1085	G	A	0	0	0	70	24	35	1	70	2.72134e-42	TRUE	PB2:cds-XAJ25426.1	GGG	G	GAG	E	362
PB2|PP755596.1|A/cattle/Texas/24-008749-003/2024(H5N1)	1086	G	A	1	0	34	66	21	35	0.985075	67	1.69545e-39	TRUE	PB2:cds-XAJ25426.1	GGG	G	GGA	G	362
PB2|PP755596.1|A/cattle/Texas/24-008749-003/2024(H5N1)	1088	T	A	64	20	33	1	1	26	0.0153846	65	0.451389	FALSE	PB2:cds-XAJ25426.1	TTC	F	TAC	Y	363
PB2|PP755596.1|A/cattle/Texas/24-008749-003/2024(H5N1)	1090	A	G	74	30	35	1	0	34	0.0133333	75	0.487013	FALSE	PB2:cds-XAJ25426.1	ACT	T	GCT	A	364
PB2|PP755596.1|A/cattle/Texas/24-008749-003/2024(H5N1)	1092	T	A	0	0	0	74	29	35	1	74	1.47497e-45	TRUE	PB2:cds-XAJ25426.1	ACT	T	ACA	T	364
PB2|PP755596.1|A/cattle/Texas/24-008749-003/2024(H5N1)	1101	A	G	0	0	0	78	29	36	1	78	1.59158e-48	TRUE	PB2:cds-XAJ25426.1	GGA	G	GGG	G	367
PB2|PP755596.1|A/cattle/Texas/24-008749-003/2024(H5N1)	1102	A	C	0	0	0	78	30	36	1	78	1.59158e-48	TRUE	PB2:cds-XAJ25426.1	AGA	R	CGA	R	368
PB2|PP755596.1|A/cattle/Texas/24-008749-003/2024(H5N1)	1104	A	G	0	0	0	78	30	36	1	78	1.59158e-48	TRUE	PB2:cds-XAJ25426.1	AGA	R	AGG	R	368
PB2|PP755596.1|A/cattle/Texas/24-008749-003/2024(H5N1)	1113	G	A	0	0	0	95	39	35	1	95	1.41643e-59	TRUE	PB2:cds-XAJ25426.1	ACG	T	ACA	T	371
PB2|PP755596.1|A/cattle/Texas/24-008749-003/2024(H5N1)	1122	C	A	0	0	0	95	41	35	1	95	9.92394e-59	TRUE	PB2:cds-XAJ25426.1	CTC	L	CTA	L	374
PB2|PP755596.1|A/cattle/Texas/24-008749-003/2024(H5N1)	1146	T	C	0	0	0	78	36	35	1	78	5.88618e-48	TRUE	PB2:cds-XAJ25426.1	ATT	I	ATC	I	382
PB2|PP755596.1|A/cattle/Texas/24-008749-003/2024(H5N1)	1149	G	A	0	0	0	78	36	34	1	78	5.88618e-48	TRUE	PB2:cds-XAJ25426.1	CAG	Q	CAA	Q	383
PB2|PP755596.1|A/cattle/Texas/24-008749-003/2024(H5N1)	1150	C	T	0	0	0	71	30	33	1	71	1.08603e-45	TRUE	PB2:cds-XAJ25426.1	CTA	L	TTA	L	384
PB2|PP755596.1|A/cattle/Texas/24-008749-003/2024(H5N1)	1152	A	G	0	0	0	80	36	35	1	80	1.40879e-48	TRUE	PB2:cds-XAJ25426.1	CTA	L	CTG	L	384
PB2|PP755596.1|A/cattle/Texas/24-008749-003/2024(H5N1)	1153	A	G	84	40	34	1	1	34	0.0117647	85	0.477528	FALSE	PB2:cds-XAJ25426.1	ATA	I	GTA	V	385
PB2|PP755596.1|A/cattle/Texas/24-008749-003/2024(H5N1)	1167	G	A	0	0	0	75	45	34	1	75	6.79571e-49	TRUE	PB2:cds-XAJ25426.1	AGG	R	AGA	R	389
PB2|PP755596.1|A/cattle/Texas/24-008749-003/2024(H5N1)	1168	G	A	84	44	36	1	1	34	0.0117647	85	0.485714	FALSE	PB2:cds-XAJ25426.1	GAC	D	AAC	N	390
PB2|PP755596.1|A/cattle/Texas/24-008749-003/2024(H5N1)	1172	A	G	83	46	35	1	0	34	0.0119048	84	0.488372	FALSE	PB2:cds-XAJ25426.1	GAA	E	GGA	G	391
PB2|PP755596.1|A/cattle/Texas/24-008749-003/2024(H5N1)	1173	A	G	0	0	0	83	47	34	1	83	2.2391e-50	TRUE	PB2:cds-XAJ25426.1	GAA	E	GAG	E	391
PB2|PP755596.1|A/cattle/Texas/24-008749-003/2024(H5N1)	1182	T	C	0	0	0	73	43	33	1	73	1.70059e-43	TRUE	PB2:cds-XAJ25426.1	ATT	I	ATC	I	394
PB2|PP755596.1|A/cattle/Texas/24-008749-003/2024(H5N1)	1185	T	C	0	0	0	72	41	33	1	72	1.35116e-42	TRUE	PB2:cds-XAJ25426.1	GCT	A	GCC	A	395
PB2|PP755596.1|A/cattle/Texas/24-008749-003/2024(H5N1)	1191	A	G	0	0	0	70	40	33	1	70	1.06586e-41	TRUE	PB2:cds-XAJ25426.1	GCA	A	GCG	A	397
PB2|PP755596.1|A/cattle/Texas/24-008749-003/2024(H5N1)	1194	A	C	0	0	0	67	41	33	1	67	1.33485e-39	TRUE	PB2:cds-XAJ25426.1	ATA	I	ATC	I	398
PB2|PP755596.1|A/cattle/Texas/24-008749-003/2024(H5N1)	1197	C	A	0	0	0	61	38	33	1	61	9.17125e-38	TRUE	PB2:cds-XAJ25426.1	ATC	I	ATA	I	399
PB2|PP755596.1|A/cattle/Texas/24-008749-003/2024(H5N1)	1203	C	A	0	0	0	75	50	33	1	75	1.07728e-44	TRUE	PB2:cds-XAJ25426.1	GCC	A	GCA	A	401
PB2|PP755596.1|A/cattle/Texas/24-008749-003/2024(H5N1)	1209	A	G	0	0	0	72	48	33	1	72	1.35116e-42	TRUE	PB2:cds-XAJ25426.1	GTA	V	GTG	V	403
PB2|PP755596.1|A/cattle/Texas/24-008749-003/2024(H5N1)	1215	A	T	0	0	0	70	47	34	1	70	5.3671e-42	TRUE	PB2:cds-XAJ25426.1	TCA	S	TCT	S	405
PB2|PP755596.1|A/cattle/Texas/24-008749-003/2024(H5N1)	1224	C	T	0	0	0	59	46	33	1	59	4.10565e-35	TRUE	PB2:cds-XAJ25426.1	GAC	D	GAT	D	408
PB2|PP755596.1|A/cattle/Texas/24-008749-003/2024(H5N1)	1229	T	C	56	46	34	1	0	26	0.0175439	57	0.495652	FALSE	PB2:cds-XAJ25426.1	ATG	M	ACG	T	410
PB2|PP755596.1|A/cattle/Texas/24-008749-003/2024(H5N1)	1239	A	T	0	0	0	43	33	33	1	43	1.50658e-25	TRUE	PB2:cds-XAJ25426.1	GCA	A	GCT	A	413
PB2|PP755596.1|A/cattle/Texas/24-008749-003/2024(H5N1)	1242	T	A	0	0	0	42	33	33	1	42	3.01316e-25	TRUE	PB2:cds-XAJ25426.1	GTT	V	GTA	V	414
PB2|PP755596.1|A/cattle/Texas/24-008749-003/2024(H5N1)	1252	C	T	0	0	0	27	27	33	1	27	1.02725e-15	TRUE	PB2:cds-XAJ25426.1	CTG	L	TTG	L	418
PB2|PP755596.1|A/cattle/Texas/24-008749-003/2024(H5N1)	1254	G	A	0	0	0	27	27	33	1	27	1.02725e-15	TRUE	PB2:cds-XAJ25426.1	CTG	L	CTA	L	418
PB2|PP755596.1|A/cattle/Texas/24-008749-003/2024(H5N1)	1257	C	T	0	0	0	27	27	34	1	27	1.02725e-15	TRUE	PB2:cds-XAJ25426.1	AAC	N	AAT	N	419
PB2|PP755596.1|A/cattle/Texas/24-008749-003/2024(H5N1)	1263	C	A	0	0	0	27	27	34	1	27	1.02725e-15	TRUE	PB2:cds-XAJ25426.1	GTC	V	GTA	V	421
PB2|PP755596.1|A/cattle/Texas/24-008749-003/2024(H5N1)	1266	C	T	0	0	0	27	27	34	1	27	1.02725e-15	TRUE	PB2:cds-XAJ25426.1	AAC	N	AAT	N	422
PB2|PP755596.1|A/cattle/Texas/24-008749-003/2024(H5N1)	1269	G	A	0	0	0	26	26	34	1	26	2.01646e-15	TRUE	PB2:cds-XAJ25426.1	AGG	R	AGA	R	423
PB2|PP755596.1|A/cattle/Texas/24-008749-003/2024(H5N1)	1284	G	C	0	0	0	42	42	34	1	42	1.19125e-24	TRUE	PB2:cds-XAJ25426.1	CTG	L	CTC	L	428
PB2|PP755596.1|A/cattle/Texas/24-008749-003/2024(H5N1)	1290	A	T	0	0	0	36	36	33	1	36	4.51965e-21	TRUE	PB2:cds-XAJ25426.1	CCA	P	CCT	P	430
PB2|PP755596.1|A/cattle/Texas/24-008749-003/2024(H5N1)	1303	T	C	0	0	0	33	33	34	1	33	2.7703e-19	TRUE	PB2:cds-XAJ25426.1	TTG	L	CTG	L	435
PB2|PP755596.1|A/cattle/Texas/24-008749-003/2024(H5N1)	1308	A	G	0	0	0	31	31	33	1	31	1.09133e-18	TRUE	PB2:cds-XAJ25426.1	AGA	R	AGG	R	436
PB2|PP755596.1|A/cattle/Texas/24-008749-003/2024(H5N1)	1311	C	T	0	0	0	33	33	34	1	33	2.7703e-19	TRUE	PB2:cds-XAJ25426.1	CAC	H	CAT	H	437
PB2|PP755596.1|A/cattle/Texas/24-008749-003/2024(H5N1)	1316	A	G	33	33	34	1	1	34	0.0294118	34	0.5	FALSE	PB2:cds-XAJ25426.1	CAA	Q	CGA	R	439
PB2|PP755596.1|A/cattle/Texas/24-008749-003/2024(H5N1)	1321	A	G	0	0	0	33	33	34	1	33	2.7703e-19	TRUE	PB2:cds-XAJ25426.1	AAT	N	GAT	D	441
PB2|PP755596.1|A/cattle/Texas/24-008749-003/2024(H5N1)	1329	A	G	0	0	0	24	24	33	1	24	3.10101e-14	TRUE	PB2:cds-XAJ25426.1	AAA	K	AAG	K	443
PB2|PP755596.1|A/cattle/Texas/24-008749-003/2024(H5N1)	1332	G	A	0	0	0	25	25	34	1	25	1.58215e-14	TRUE	PB2:cds-XAJ25426.1	GTG	V	GTA	V	444
PB2|PP755596.1|A/cattle/Texas/24-008749-003/2024(H5N1)	1335	T	A	0	0	0	24	24	34	1	24	3.10101e-14	TRUE	PB2:cds-XAJ25426.1	CTT	L	CTA	L	445
PB2|PP755596.1|A/cattle/Texas/24-008749-003/2024(H5N1)	1344	T	C	0	0	0	28	28	34	1	28	2.61483e-16	TRUE	PB2:cds-XAJ25426.1	AAT	N	AAC	N	448
PB2|PP755596.1|A/cattle/Texas/24-008749-003/2024(H5N1)	1356	G	A	0	0	0	31	29	33	1	31	4.29712e-18	TRUE	PB2:cds-XAJ25426.1	GAG	E	GAA	E	452
PB2|PP755596.1|A/cattle/Texas/24-008749-003/2024(H5N1)	1371	G	C	0	0	0	30	28	34	1	30	8.45562e-18	TRUE	PB2:cds-XAJ25426.1	GTG	V	GTC	V	457
PB2|PP755596.1|A/cattle/Texas/24-008749-003/2024(H5N1)	1383	C	A	0	0	0	23	22	33	1	23	3.23021e-14	TRUE	PB2:cds-XAJ25426.1	ATC	I	ATA	I	461
PB2|PP755596.1|A/cattle/Texas/24-008749-003/2024(H5N1)	1386	G	A	0	0	0	26	24	34	1	26	4.03292e-15	TRUE	PB2:cds-XAJ25426.1	GGG	G	GGA	G	462
PB2|PP755596.1|A/cattle/Texas/24-008749-003/2024(H5N1)	1398	C	T	0	0	0	23	21	32	1	23	2.42912e-13	TRUE	PB2:cds-XAJ25426.1	GAC	D	GAT	D	466
PB2|PP755596.1|A/cattle/Texas/24-008749-003/2024(H5N1)	1404	T	C	0	0	0	15	14	34	1	15	1.28935e-08	TRUE	PB2:cds-XAJ25426.1	ACT	T	ACC	T	468
PB2|PP755596.1|A/cattle/Texas/24-008749-003/2024(H5N1)	1407	A	C	0	0	0	15	14	34	1	15	1.28935e-08	TRUE	PB2:cds-XAJ25426.1	CCA	P	CCC	P	469
PB2|PP755596.1|A/cattle/Texas/24-008749-003/2024(H5N1)	1410	T	C	0	0	0	15	14	34	1	15	1.28935e-08	TRUE	PB2:cds-XAJ25426.1	AGT	S	AGC	S	470
PB2|PP755596.1|A/cattle/Texas/24-008749-003/2024(H5N1)	1413	T	A	0	0	0	15	14	34	1	15	1.28935e-08	TRUE	PB2:cds-XAJ25426.1	ACT	T	ACA	T	471
PB2|PP755596.1|A/cattle/Texas/24-008749-003/2024(H5N1)	1602	A	C	0	0	0	1	1	34	1	1	1	FALSE	PB2:cds-XAJ25426.1	TCA	S	TCC	S	534
PB2|PP755596.1|A/cattle/Texas/24-008749-003/2024(H5N1)	1614	G	A	0	0	0	1	1	34	1	1	1	FALSE	PB2:cds-XAJ25426.1	GAG	E	GAA	E	538
PB2|PP755596.1|A/cattle/Texas/24-008749-003/2024(H5N1)	1623	T	C	0	0	0	1	1	34	1	1	1	FALSE	PB2:cds-XAJ25426.1	GGT	G	GGC	G	541
PB2|PP755596.1|A/cattle/Texas/24-008749-003/2024(H5N1)	1632	G	A	0	0	0	1	1	34	1	1	1	FALSE	PB2:cds-XAJ25426.1	TCG	S	TCA	S	544
PB2|PP755596.1|A/cattle/Texas/24-008749-003/2024(H5N1)	1636	T	C	0	0	0	1	1	34	1	1	1	FALSE	PB2:cds-XAJ25426.1	TTG	L	CTG	L	546
PB2|PP755596.1|A/cattle/Texas/24-008749-003/2024(H5N1)	1638	G	A	0	0	0	1	1	34	1	1	1	FALSE	PB2:cds-XAJ25426.1	TTG	L	TTA	L	546
PB2|PP755596.1|A/cattle/Texas/24-008749-003/2024(H5N1)	1641	C	T	0	0	0	1	1	34	1	1	1	FALSE	PB2:cds-XAJ25426.1	GTC	V	GTT	V	547
PB2|PP755596.1|A/cattle/Texas/24-008749-003/2024(H5N1)	1644	T	C	0	0	0	1	1	34	1	1	1	FALSE	PB2:cds-XAJ25426.1	AAT	N	AAC	N	548
PB2|PP755596.1|A/cattle/Texas/24-008749-003/2024(H5N1)	1647	T	A	0	0	0	1	1	34	1	1	1	FALSE	PB2:cds-XAJ25426.1	ACT	T	ACA	T	549
PB2|PP755596.1|A/cattle/Texas/24-008749-003/2024(H5N1)	1653	G	A	0	0	0	3	1	34	1	3	0.05	FALSE	PB2:cds-XAJ25426.1	CAG	Q	CAA	Q	551
PB2|PP755596.1|A/cattle/Texas/24-008749-003/2024(H5N1)	1659	A	C	0	0	0	4	1	34	1	4	0.0285714	FALSE	PB2:cds-XAJ25426.1	ATA	I	ATC	I	553
PB2|PP755596.1|A/cattle/Texas/24-008749-003/2024(H5N1)	1677	A	T	0	0	0	2	0	34	1	2	0.333333	FALSE	PB2:cds-XAJ25426.1	ACA	T	ACT	T	559
PB2|PP755596.1|A/cattle/Texas/24-008749-003/2024(H5N1)	1680	A	G	0	0	0	2	0	34	1	2	0.333333	FALSE	PB2:cds-XAJ25426.1	GTA	V	GTG	V	560
PB2|PP755596.1|A/cattle/Texas/24-008749-003/2024(H5N1)	1683	A	G	0	0	0	2	0	34	1	2	0.333333	FALSE	PB2:cds-XAJ25426.1	AAA	K	AAG	K	561
PB2|PP755596.1|A/cattle/Texas/24-008749-003/2024(H5N1)	1689	A	G	0	0	0	2	0	34	1	2	0.333333	FALSE	PB2:cds-XAJ25426.1	CAA	Q	CAG	Q	563
PB2|PP755596.1|A/cattle/Texas/24-008749-003/2024(H5N1)	1695	A	C	0	0	0	2	0	34	1	2	0.333333	FALSE	PB2:cds-XAJ25426.1	TCA	S	TCC	S	565
PB2|PP755596.1|A/cattle/Texas/24-008749-003/2024(H5N1)	1701	T	C	0	0	0	2	0	34	1	2	0.333333	FALSE	PB2:cds-XAJ25426.1	GAT	D	GAC	D	567
PB2|PP755596.1|A/cattle/Texas/24-008749-003/2024(H5N1)	1704	C	T	0	0	0	2	0	34	1	2	0.333333	FALSE	PB2:cds-XAJ25426.1	CCC	P	CCT	P	568
PB2|PP755596.1|A/cattle/Texas/24-008749-003/2024(H5N1)	1711	T	C	0	0	0	2	0	34	1	2	0.333333	FALSE	PB2:cds-XAJ25426.1	TTG	L	CTG	L	571
PB2|PP755596.1|A/cattle/Texas/24-008749-003/2024(H5N1)	1713	G	A	0	0	0	2	0	34	1	2	0.333333	FALSE	PB2:cds-XAJ25426.1	TTG	L	TTA	L	571
PB2|PP755596.1|A/cattle/Texas/24-008749-003/2024(H5N1)	1716	T	C	0	0	0	2	0	34	1	2	0.333333	FALSE	PB2:cds-XAJ25426.1	TAT	Y	TAC	Y	572
PB2|PP755596.1|A/cattle/Texas/24-008749-003/2024(H5N1)	1719	T	C	0	0	0	2	0	34	1	2	0.333333	FALSE	PB2:cds-XAJ25426.1	AAT	N	AAC	N	573
PB2|PP755596.1|A/cattle/Texas/24-008749-003/2024(H5N1)	1731	C	T	0	0	0	8	1	34	1	8	0.0001554	TRUE	PB2:cds-XAJ25426.1	TTC	F	TTT	F	577
PB2|PP755596.1|A/cattle/Texas/24-008749-003/2024(H5N1)	1737	A	T	0	0	0	8	1	34	1	8	0.0001554	TRUE	PB2:cds-XAJ25426.1	CCA	P	CCT	P	579
PB2|PP755596.1|A/cattle/Texas/24-008749-003/2024(H5N1)	1740	C	T	0	0	0	8	1	34	1	8	0.0001554	TRUE	PB2:cds-XAJ25426.1	TTC	F	TTT	F	580
PB2|PP755596.1|A/cattle/Texas/24-008749-003/2024(H5N1)	1746	T	C	0	0	0	8	1	34	1	8	0.0001554	TRUE	PB2:cds-XAJ25426.1	TCT	S	TCC	S	582
PB2|PP755596.1|A/cattle/Texas/24-008749-003/2024(H5N1)	1747	C	T	0	0	0	7	1	34	1	7	0.000291375	TRUE	PB2:cds-XAJ25426.1	CTG	L	TTG	L	583
PB2|PP755596.1|A/cattle/Texas/24-008749-003/2024(H5N1)	1752	C	G	0	0	0	8	1	34	1	8	0.0001554	TRUE	PB2:cds-XAJ25426.1	GTC	V	GTG	V	584
PB2|PP755596.1|A/cattle/Texas/24-008749-003/2024(H5N1)	1765	A	G	13	1	33	1	0	34	0.0714286	14	0.482759	FALSE	PB2:cds-XAJ25426.1	AGG	R	GGG	G	589
PB2|PP755596.1|A/cattle/Texas/24-008749-003/2024(H5N1)	1767	G	A	0	0	0	12	1	33	1	12	1.92297e-07	TRUE	PB2:cds-XAJ25426.1	AGG	R	AGA	R	589
PB2|PP755596.1|A/cattle/Texas/24-008749-003/2024(H5N1)	1770	T	C	0	0	0	14	1	33	1	14	4.98547e-08	TRUE	PB2:cds-XAJ25426.1	GGT	G	GGC	G	590
PB2|PP755596.1|A/cattle/Texas/24-008749-003/2024(H5N1)	1773	A	G	0	0	0	14	1	34	1	14	4.98547e-08	TRUE	PB2:cds-XAJ25426.1	CAA	Q	CAG	Q	591
PB2|PP755596.1|A/cattle/Texas/24-008749-003/2024(H5N1)	1782	G	A	0	0	0	14	1	34	1	14	4.98547e-08	TRUE	PB2:cds-XAJ25426.1	GGG	G	GGA	G	594
PB2|PP755596.1|A/cattle/Texas/24-008749-003/2024(H5N1)	1785	C	T	0	0	0	14	1	34	1	14	4.98547e-08	TRUE	PB2:cds-XAJ25426.1	TTC	F	TTT	F	595
PB2|PP755596.1|A/cattle/Texas/24-008749-003/2024(H5N1)	1788	G	A	0	0	0	14	1	34	1	14	4.98547e-08	TRUE	PB2:cds-XAJ25426.1	GTG	V	GTA	V	596
PB2|PP755596.1|A/cattle/Texas/24-008749-003/2024(H5N1)	1794	A	C	0	0	0	26	1	32	1	26	1.02725e-15	TRUE	PB2:cds-XAJ25426.1	ACA	T	ACC	T	598
PB2|PP755596.1|A/cattle/Texas/24-008749-003/2024(H5N1)	1800	T	C	0	0	0	35	3	33	1	35	8.91375e-21	TRUE	PB2:cds-XAJ25426.1	TTT	F	TTC	F	600
PB2|PP755596.1|A/cattle/Texas/24-008749-003/2024(H5N1)	1806	A	G	0	0	0	37	3	33	1	37	1.14539e-21	TRUE	PB2:cds-XAJ25426.1	CAA	Q	CAG	Q	602
PB2|PP755596.1|A/cattle/Texas/24-008749-003/2024(H5N1)	1812	A	T	0	0	0	47	3	34	1	47	1.23024e-27	TRUE	PB2:cds-XAJ25426.1	CGA	R	CGT	R	604
PB2|PP755596.1|A/cattle/Texas/24-008749-003/2024(H5N1)	1821	T	G	0	0	0	55	3	34	1	55	2.0299e-32	TRUE	PB2:cds-XAJ25426.1	CTT	L	CTG	L	607
PB2|PP755596.1|A/cattle/Texas/24-008749-003/2024(H5N1)	1827	A	C	0	0	0	60	3	34	1	60	2.07007e-35	TRUE	PB2:cds-XAJ25426.1	ACA	T	ACC	T	609
PB2|PP755596.1|A/cattle/Texas/24-008749-003/2024(H5N1)	1839	T	C	0	0	0	71	3	33	1	71	2.68355e-42	TRUE	PB2:cds-XAJ25426.1	GTT	V	GTC	V	613
PB2|PP755596.1|A/cattle/Texas/24-008749-003/2024(H5N1)	1851	A	G	0	0	0	37	2	34	1	37	5.72695e-22	TRUE	PB2:cds-XAJ25426.1	AAA	K	AAG	K	617
PB2|PP755596.1|A/cattle/Texas/24-008749-003/2024(H5N1)	1854	T	A	0	0	0	38	2	34	1	38	2.90165e-22	TRUE	PB2:cds-XAJ25426.1	CTT	L	CTA	L	618
PB2|PP755596.1|A/cattle/Texas/24-008749-003/2024(H5N1)	1857	C	T	0	0	0	38	2	33	1	38	2.90165e-22	TRUE	PB2:cds-XAJ25426.1	CTC	L	CTT	L	619
PB2|PP755596.1|A/cattle/Texas/24-008749-003/2024(H5N1)	1860	C	A	0	0	0	37	2	33	1	37	5.72695e-22	TRUE	PB2:cds-XAJ25426.1	CCC	P	CCA	P	620
PB2|PP755596.1|A/cattle/Texas/24-008749-003/2024(H5N1)	1866	T	A	0	0	0	38	2	33	1	38	2.90165e-22	TRUE	PB2:cds-XAJ25426.1	GCT	A	GCA	A	622
PB2|PP755596.1|A/cattle/Texas/24-008749-003/2024(H5N1)	1869	T	A	0	0	0	36	2	33	1	36	1.14539e-21	TRUE	PB2:cds-XAJ25426.1	GCT	A	GCA	A	623
PB2|PP755596.1|A/cattle/Texas/24-008749-003/2024(H5N1)	1872	C	A	0	0	0	38	2	34	1	38	2.90165e-22	TRUE	PB2:cds-XAJ25426.1	GCC	A	GCA	A	624
PB2|PP755596.1|A/cattle/Texas/24-008749-003/2024(H5N1)	1884	A	G	0	0	0	38	2	33	1	38	2.90165e-22	TRUE	PB2:cds-XAJ25426.1	CAA	Q	CAG	Q	628
PB2|PP755596.1|A/cattle/Texas/24-008749-003/2024(H5N1)	1890	A	G	0	0	0	38	2	33	1	38	2.90165e-22	TRUE	PB2:cds-XAJ25426.1	AGA	R	AGG	R	630
PB2|PP755596.1|A/cattle/Texas/24-008749-003/2024(H5N1)	1891	C	A	0	0	0	37	2	33	1	37	5.72695e-22	TRUE	PB2:cds-XAJ25426.1	CTG	L	ATG	M	631
PB2|PP755596.1|A/cattle/Texas/24-008749-003/2024(H5N1)	1896	A	G	0	0	0	38	2	34	1	38	2.90165e-22	TRUE	PB2:cds-XAJ25426.1	CAA	Q	CAG	Q	632
PB2|PP755596.1|A/cattle/Texas/24-008749-003/2024(H5N1)	1902	C	T	0	0	0	38	2	34	1	38	2.90165e-22	TRUE	PB2:cds-XAJ25426.1	TCC	S	TCT	S	634
PB2|PP755596.1|A/cattle/Texas/24-008749-003/2024(H5N1)	1908	G	A	0	0	0	37	2	34	1	37	5.72695e-22	TRUE	PB2:cds-XAJ25426.1	CTG	L	CTA	L	636
PB2|PP755596.1|A/cattle/Texas/24-008749-003/2024(H5N1)	1914	G	A	0	0	0	35	2	33	1	35	2.3226e-21	TRUE	PB2:cds-XAJ25426.1	GTG	V	GTA	V	638
PB2|PP755596.1|A/cattle/Texas/24-008749-003/2024(H5N1)	1917	T	C	0	0	0	38	2	33	1	38	2.90165e-22	TRUE	PB2:cds-XAJ25426.1	AAT	N	AAC	N	639
PB2|PP755596.1|A/cattle/Texas/24-008749-003/2024(H5N1)	1920	G	A	0	0	0	37	2	33	1	37	5.72695e-22	TRUE	PB2:cds-XAJ25426.1	GTG	V	GTA	V	640
PB2|PP755596.1|A/cattle/Texas/24-008749-003/2024(H5N1)	1923	A	G	0	0	0	37	2	34	1	37	5.72695e-22	TRUE	PB2:cds-XAJ25426.1	AGA	R	AGG	R	641
PB2|PP755596.1|A/cattle/Texas/24-008749-003/2024(H5N1)	1926	A	T	3	2	34	35	0	33	0.921053	38	1.54658e-18	TRUE	PB2:cds-XAJ25426.1	GGA	G	GGT	G	642
PB2|PP755596.1|A/cattle/Texas/24-008749-003/2024(H5N1)	1944	G	T	0	0	0	189	1	33	1	189	5.02916e-114	TRUE	PB2:cds-XAJ25426.1	CTG	L	CTT	L	648
PB2|PP755596.1|A/cattle/Texas/24-008749-003/2024(H5N1)	1945	A	G	0	0	0	190	1	33	1	190	2.50141e-114	TRUE	PB2:cds-XAJ25426.1	ATA	I	GTA	V	649
PB2|PP755596.1|A/cattle/Texas/24-008749-003/2024(H5N1)	1947	A	G	0	0	0	189	1	34	1	189	5.02916e-114	TRUE	PB2:cds-XAJ25426.1	ATA	I	ATG	M	649
PB2|PP755596.1|A/cattle/Texas/24-008749-003/2024(H5N1)	1956	T	C	11	0	34	191	1	33	0.945545	202	2.02606e-104	TRUE	PB2:cds-XAJ25426.1	AAT	N	AAC	N	652
PB2|PP755596.1|A/cattle/Texas/24-008749-003/2024(H5N1)	1959	T	C	2	0	34	198	1	33	0.99	200	9.09357e-118	TRUE	PB2:cds-XAJ25426.1	TCT	S	TCC	S	653
PB2|PP755596.1|A/cattle/Texas/24-008749-003/2024(H5N1)	1962	A	T	0	0	0	203	1	33	0.995098	204	2.51387e-123	TRUE	PB2:cds-XAJ25426.1	CCA	P	CCT	P	654
PB2|PP755596.1|A/cattle/Texas/24-008749-003/2024(H5N1)	1971	T	C	0	0	0	4241	3	33	1	4241	0	TRUE	PB2:cds-XAJ25426.1	AAT	N	AAC	N	657
PB2|PP755596.1|A/cattle/Texas/24-008749-003/2024(H5N1)	1974	C	T	1	0	34	4280	4	33	0.999766	4281	0	TRUE	PB2:cds-XAJ25426.1	TAC	Y	TAT	Y	658
PB2|PP755596.1|A/cattle/Texas/24-008749-003/2024(H5N1)	1983	C	A	2	2	29	4665	1	33	0.999143	4669	0	TRUE	PB2:cds-XAJ25426.1	GCC	A	GCA	A	661
PB2|PP755596.1|A/cattle/Texas/24-008749-003/2024(H5N1)	1997	C	T	5	3	34	3556	323	34	0.998596	3561	0	TRUE	PB2:cds-XAJ25426.1	ACA	T	ATA	I	666
PB2|PP755596.1|A/cattle/Texas/24-008749-003/2024(H5N1)	2001	T	C	10	0	34	3563	330	34	0.996922	3574	0	TRUE	PB2:cds-XAJ25426.1	GTT	V	GTC	V	667
PB2|PP755596.1|A/cattle/Texas/24-008749-003/2024(H5N1)	2004	C	T	4	0	32	3479	345	33	0.998852	3483	0	TRUE	PB2:cds-XAJ25426.1	CTC	L	CTT	L	668
PB2|PP755596.1|A/cattle/Texas/24-008749-003/2024(H5N1)	2007	G	A	42	4	31	3591	343	34	0.988439	3633	0	TRUE	PB2:cds-XAJ25426.1	GGG	G	GGA	G	669
PB2|PP755596.1|A/cattle/Texas/24-008749-003/2024(H5N1)	2010	A	G	40	4	33	3598	343	34	0.988733	3639	0	TRUE	PB2:cds-XAJ25426.1	AAA	K	AAG	K	670
PB2|PP755596.1|A/cattle/Texas/24-008749-003/2024(H5N1)	2010	A	+G	40	4	33	79	0	20	0.0203976	3873	2.79871e-105	TRUE	NA	NA	NA	NA	NA	NA
PB2|PP755596.1|A/cattle/Texas/24-008749-003/2024(H5N1)	2016	A	T	2	0	34	5130	958	34	0.999221	5134	0	TRUE	PB2:cds-XAJ25426.1	GCA	A	GCT	A	672
PB2|PP755596.1|A/cattle/Texas/24-008749-003/2024(H5N1)	2026	G	A	8	0	34	5913	1751	35	0.99848	5922	0	TRUE	PB2:cds-XAJ25426.1	GCC	A	ACC	T	676
PB2|PP755596.1|A/cattle/Texas/24-008749-003/2024(H5N1)	2028	C	A	0	0	0	5853	1759	35	0.998805	5860	0	TRUE	PB2:cds-XAJ25426.1	GCC	A	GCA	A	676
PB2|PP755596.1|A/cattle/Texas/24-008749-003/2024(H5N1)	2034	T	C	1	1	26	6400	2216	36	0.999844	6401	0	TRUE	PB2:cds-XAJ25426.1	GAT	D	GAC	D	678
PB2|PP755596.1|A/cattle/Texas/24-008749-003/2024(H5N1)	2039	A	G	14	7	36	6382	2215	36	0.997655	6397	0	TRUE	PB2:cds-XAJ25426.1	GAT	D	GGT	G	680
PB2|PP755596.1|A/cattle/Texas/24-008749-003/2024(H5N1)	2043	A	G	1	1	34	6464	2239	36	0.999845	6465	0	TRUE	PB2:cds-XAJ25426.1	GAA	E	GAG	E	681
PB2|PP755596.1|A/cattle/Texas/24-008749-003/2024(H5N1)	2046	C	A	1	1	34	6398	2322	35	0.998439	6408	0	TRUE	PB2:cds-XAJ25426.1	GGC	G	GGA	G	682
PB2|PP755596.1|A/cattle/Texas/24-008749-003/2024(H5N1)	2052	T	A	2	2	30	8905	3865	37	0.998766	8916	0	TRUE	PB2:cds-XAJ25426.1	GCT	A	GCA	A	684
PB2|PP755596.1|A/cattle/Texas/24-008749-003/2024(H5N1)	2067	T	G	1	0	34	8713	4691	36	0.998281	8728	0	TRUE	PB2:cds-XAJ25426.1	GCT	A	GCG	A	689
PB2|PP755596.1|A/cattle/Texas/24-008749-003/2024(H5N1)	2070	T	A	0	0	0	8847	4636	35	0.999322	8853	0	TRUE	PB2:cds-XAJ25426.1	GTT	V	GTA	V	690
PB2|PP755596.1|A/cattle/Texas/24-008749-003/2024(H5N1)	2073	A	G	0	0	0	9111	4826	35	1	9111	0	TRUE	PB2:cds-XAJ25426.1	TTA	L	TTG	L	691
PB2|PP755596.1|A/cattle/Texas/24-008749-003/2024(H5N1)	2079	A	G	12	4	36	9767	5171	36	0.998569	9781	0	TRUE	PB2:cds-XAJ25426.1	GGA	G	GGG	G	693
PB2|PP755596.1|A/cattle/Texas/24-008749-003/2024(H5N1)	2085	C	A	1	0	34	11139	6409	37	0.99991	11140	0	TRUE	PB2:cds-XAJ25426.1	CTC	L	CTA	L	695
PB2|PP755596.1|A/cattle/Texas/24-008749-003/2024(H5N1)	2089	T	C	0	0	0	11352	6725	37	1	11352	0	TRUE	PB2:cds-XAJ25426.1	TTG	L	CTG	L	697
PB2|PP755596.1|A/cattle/Texas/24-008749-003/2024(H5N1)	2100	A	G	5	3	34	12635	8204	37	0.999525	12641	0	TRUE	PB2:cds-XAJ25426.1	GAA	E	GAG	E	700
PB2|PP755596.1|A/cattle/Texas/24-008749-003/2024(H5N1)	2106	G	A	7	3	32	12259	8727	37	0.999185	12269	0	TRUE	PB2:cds-XAJ25426.1	AAG	K	AAA	K	702
PB2|PP755596.1|A/cattle/Texas/24-008749-003/2024(H5N1)	2115	C	A	2	1	34	12905	8942	37	0.998298	12927	0	TRUE	PB2:cds-XAJ25426.1	GGC	G	GGA	G	705
PB2|PP755596.1|A/cattle/Texas/24-008749-003/2024(H5N1)	2136	G	A	13	6	51	12177	8640	36	0.998934	12190	0	TRUE	PB2:cds-XAJ25426.1	GAG	E	GAA	E	712
PB2|PP755596.1|A/cattle/Texas/24-008749-003/2024(H5N1)	2137	C	T	3	3	45	12384	8751	37	0.999677	12388	0	TRUE	PB2:cds-XAJ25426.1	CTG	L	TTG	L	713
PB2|PP755596.1|A/cattle/Texas/24-008749-003/2024(H5N1)	2146	T	C	74	24	31	11909	8651	36	0.993576	11986	0	TRUE	PB2:cds-XAJ25426.1	TTG	L	CTG	L	716
PB2|PP755596.1|A/cattle/Texas/24-008749-003/2024(H5N1)	2148	G	T	63	20	28	11701	8469	36	0.994645	11764	0	TRUE	PB2:cds-XAJ25426.1	TTG	L	TTT	F	716
PB2|PP755596.1|A/cattle/Texas/24-008749-003/2024(H5N1)	2151	A	G	63	51	38	11710	8450	36	0.994395	11776	0	TRUE	PB2:cds-XAJ25426.1	GCA	A	GCG	A	717
PB2|PP755596.1|A/cattle/Texas/24-008749-003/2024(H5N1)	2154	G	A	85	76	34	11602	8364	36	0.992133	11694	0	TRUE	PB2:cds-XAJ25426.1	AAG	K	AAA	K	718
PB2|PP755596.1|A/cattle/Texas/24-008749-003/2024(H5N1)	2157	A	G	3	2	56	12263	9029	36	0.999674	12267	0	TRUE	PB2:cds-XAJ25426.1	GGA	G	GGG	G	719
PB2|PP755596.1|A/cattle/Texas/24-008749-003/2024(H5N1)	2173	C	T	15	12	41	15965	13807	39	0.999061	15980	0	TRUE	PB2:cds-XAJ25426.1	CTA	L	TTA	L	725
PB2|PP755596.1|A/cattle/Texas/24-008749-003/2024(H5N1)	2175	A	G	6	5	39	16099	13935	39	0.999503	16107	0	TRUE	PB2:cds-XAJ25426.1	CTA	L	CTG	L	725
PB2|PP755596.1|A/cattle/Texas/24-008749-003/2024(H5N1)	2178	T	A	27	26	28	16010	13885	39	0.99757	16049	0	TRUE	PB2:cds-XAJ25426.1	ATT	I	ATA	I	726
