REGION	POS	REF	ALT	REF_DP	REF_RV	REF_QUAL	ALT_DP	ALT_RV	ALT_QUAL	ALT_FREQ	TOTAL_DP	PVAL	PASS	GFF_FEATURE	REF_CODON	REF_AA	ALT_CODON	ALT_AA	POS_AA
NS|PP755593.1|A/cattle/Texas/24-008749-003/2024(H5N1)	199	A	G	17	5	36	36757	14762	37	0.999184	36787	0	TRUE	NS1:cds-XAJ25420.1	AGG	R	GGG	G	67
NS|PP755593.1|A/cattle/Texas/24-008749-003/2024(H5N1)	222	T	C	14	4	40	39454	18605	38	0.999544	39472	0	TRUE	NS1:cds-XAJ25420.1	GAT	D	GAC	D	74
NS|PP755593.1|A/cattle/Texas/24-008749-003/2024(H5N1)	317	T	A	43827	21312	37	1280	600	36	0.0283707	45117	0	TRUE	NS1:cds-XAJ25420.1	ATG	M	AAG	K	106
