REGION	POS	REF	ALT	REF_DP	REF_RV	REF_QUAL	ALT_DP	ALT_RV	ALT_QUAL	ALT_FREQ	TOTAL_DP	PVAL	PASS	GFF_FEATURE	REF_CODON	REF_AA	ALT_CODON	ALT_AA	POS_AA
MP|PP755590.1|A/cattle/Texas/24-008749-003/2024(H5N1)	6	T	C	76	12	35	1	0	34	0.012987	77	0.106944	FALSE	M2:cds-XAJ25417.1	AGT	S	AGC	S	2
MP|PP755590.1|A/cattle/Texas/24-008749-003/2024(H5N1)	6	T	C	76	12	35	1	0	34	0.012987	77	0.106944	FALSE	M1:cds-XAJ25416.1	AGT	S	AGC	S	2
MP|PP755590.1|A/cattle/Texas/24-008749-003/2024(H5N1)	13	A	G	160	19	35	2	0	34	0.0123457	162	0.0323796	FALSE	M2:cds-XAJ25417.1	ACC	T	GCC	A	5
MP|PP755590.1|A/cattle/Texas/24-008749-003/2024(H5N1)	13	A	G	160	19	35	2	0	34	0.0123457	162	0.0323796	FALSE	M1:cds-XAJ25416.1	ACC	T	GCC	A	5
MP|PP755590.1|A/cattle/Texas/24-008749-003/2024(H5N1)	102	G	A	0	0	0	747	151	38	1	747	0	TRUE	M1:cds-XAJ25416.1	GGG	G	GGA	G	34
MP|PP755590.1|A/cattle/Texas/24-008749-003/2024(H5N1)	245	G	A	1	1	34	1390	592	37	0.999281	1391	0	TRUE	M1:cds-XAJ25416.1	AGT	S	AAT	N	82
MP|PP755590.1|A/cattle/Texas/24-008749-003/2024(H5N1)	249	C	T	1	0	34	1439	657	38	0.999306	1440	0	TRUE	M1:cds-XAJ25416.1	GCC	A	GCT	A	83
MP|PP755590.1|A/cattle/Texas/24-008749-003/2024(H5N1)	254	G	A	1	1	34	1444	697	38	0.999308	1445	0	TRUE	M1:cds-XAJ25416.1	AGT	S	AAT	N	85
MP|PP755590.1|A/cattle/Texas/24-008749-003/2024(H5N1)	260	C	A	0	0	0	1472	729	39	0.998643	1474	0	TRUE	M1:cds-XAJ25416.1	ACT	T	AAT	N	87
MP|PP755590.1|A/cattle/Texas/24-008749-003/2024(H5N1)	285	A	G	0	0	0	1451	738	38	1	1451	0	TRUE	M1:cds-XAJ25416.1	AGA	R	AGG	R	95
MP|PP755590.1|A/cattle/Texas/24-008749-003/2024(H5N1)	294	G	A	2	2	27	1340	683	37	0.997766	1343	0	TRUE	M1:cds-XAJ25416.1	AAG	K	AAA	K	98
MP|PP755590.1|A/cattle/Texas/24-008749-003/2024(H5N1)	295	T	C	2	2	51	1359	688	37	0.99853	1361	0	TRUE	M1:cds-XAJ25416.1	TTG	L	CTG	L	99
MP|PP755590.1|A/cattle/Texas/24-008749-003/2024(H5N1)	307	C	T	0	0	0	1472	809	39	1	1472	0	TRUE	M1:cds-XAJ25416.1	CTG	L	TTG	L	103
MP|PP755590.1|A/cattle/Texas/24-008749-003/2024(H5N1)	351	C	T	2	0	34	1473	850	39	0.998644	1475	0	TRUE	M1:cds-XAJ25416.1	CTC	L	CTT	L	117
MP|PP755590.1|A/cattle/Texas/24-008749-003/2024(H5N1)	456	A	G	0	0	0	1366	615	37	1	1366	0	TRUE	M1:cds-XAJ25416.1	GAA	E	GAG	E	152
MP|PP755590.1|A/cattle/Texas/24-008749-003/2024(H5N1)	489	A	G	0	0	0	1375	678	38	1	1375	0	TRUE	M1:cds-XAJ25416.1	AGA	R	AGG	R	163
MP|PP755590.1|A/cattle/Texas/24-008749-003/2024(H5N1)	498	T	C	0	0	0	1351	639	38	1	1351	0	TRUE	M1:cds-XAJ25416.1	GCT	A	GCC	A	166
MP|PP755590.1|A/cattle/Texas/24-008749-003/2024(H5N1)	516	G	A	0	0	0	1439	720	39	1	1439	0	TRUE	M1:cds-XAJ25416.1	CTG	L	CTA	L	172
MP|PP755590.1|A/cattle/Texas/24-008749-003/2024(H5N1)	540	T	G	0	0	0	1462	790	38	0.999316	1463	0	TRUE	M1:cds-XAJ25416.1	GTT	V	GTG	V	180
MP|PP755590.1|A/cattle/Texas/24-008749-003/2024(H5N1)	570	G	A	2	0	34	1460	586	37	0.998632	1462	0	TRUE	M1:cds-XAJ25416.1	GAG	E	GAA	E	190
MP|PP755590.1|A/cattle/Texas/24-008749-003/2024(H5N1)	599	T	C	0	0	0	1387	674	37	1	1387	0	TRUE	M1:cds-XAJ25416.1	GTG	V	GCG	A	200
MP|PP755590.1|A/cattle/Texas/24-008749-003/2024(H5N1)	633	G	A	1	1	34	1495	653	38	0.999332	1496	0	TRUE	M1:cds-XAJ25416.1	CAG	Q	CAA	Q	211
MP|PP755590.1|A/cattle/Texas/24-008749-003/2024(H5N1)	669	T	C	0	0	0	1582	653	38	1	1582	0	TRUE	M1:cds-XAJ25416.1	CCT	P	CCC	P	223
MP|PP755590.1|A/cattle/Texas/24-008749-003/2024(H5N1)	679	A	G	0	0	0	1592	583	38	0.999372	1593	0	TRUE	M1:cds-XAJ25416.1	ACC	T	GCC	A	227
MP|PP755590.1|A/cattle/Texas/24-008749-003/2024(H5N1)	869	G	A	10	7	47	1337	1156	41	0.992576	1347	0	TRUE	M2:cds-XAJ25417.1	GGA	G	AGA	R	52
MP|PP755590.1|A/cattle/Texas/24-008749-003/2024(H5N1)	950	A	G	0	0	0	510	472	37	1	510	0	TRUE	M2:cds-XAJ25417.1	AAT	N	GAT	D	79
