REGION	POS	REF	ALT	REF_DP	REF_RV	REF_QUAL	ALT_DP	ALT_RV	ALT_QUAL	ALT_FREQ	TOTAL_DP	PVAL	PASS	GFF_FEATURE	REF_CODON	REF_AA	ALT_CODON	ALT_AA	POS_AA
NA|PP755591.1|A/cattle/Texas/24-008749-003/2024(H5N1)	27	C	T	2	0	40	999	201	44	0.998002	1001	0	TRUE	NA:cds-XAJ25418.1	ACC	T	ACT	T	9
NA|PP755591.1|A/cattle/Texas/24-008749-003/2024(H5N1)	30	T	C	0	0	0	1000	202	44	1	1000	0	TRUE	NA:cds-XAJ25418.1	ATT	I	ATC	I	10
NA|PP755591.1|A/cattle/Texas/24-008749-003/2024(H5N1)	33	A	G	2	0	40	990	199	43	0.997984	992	0	TRUE	NA:cds-XAJ25418.1	GGA	G	GGG	G	11
NA|PP755591.1|A/cattle/Texas/24-008749-003/2024(H5N1)	42	T	C	1	0	40	1006	203	44	0.999007	1007	0	TRUE	NA:cds-XAJ25418.1	TGT	C	TGC	C	14
NA|PP755591.1|A/cattle/Texas/24-008749-003/2024(H5N1)	48	A	G	7	1	41	997	202	44	0.993028	1004	0	TRUE	NA:cds-XAJ25418.1	GTA	V	GTG	V	16
NA|PP755591.1|A/cattle/Texas/24-008749-003/2024(H5N1)	54	G	A	1	0	40	1001	203	44	0.999002	1002	0	TRUE	NA:cds-XAJ25418.1	GGG	G	GGA	G	18
NA|PP755591.1|A/cattle/Texas/24-008749-003/2024(H5N1)	58	G	A	4	0	31	996	204	44	0.995005	1001	0	TRUE	NA:cds-XAJ25418.1	GTC	V	ATC	I	20
NA|PP755591.1|A/cattle/Texas/24-008749-003/2024(H5N1)	60	C	A	0	0	0	994	203	44	0.998995	995	0	TRUE	NA:cds-XAJ25418.1	GTC	V	GTA	V	20
NA|PP755591.1|A/cattle/Texas/24-008749-003/2024(H5N1)	63	C	T	4	0	35	993	202	44	0.995988	997	0	TRUE	NA:cds-XAJ25418.1	AGC	S	AGT	S	21
NA|PP755591.1|A/cattle/Texas/24-008749-003/2024(H5N1)	64	T	C	0	0	0	997	202	44	0.998998	998	0	TRUE	NA:cds-XAJ25418.1	TTG	L	CTG	L	22
NA|PP755591.1|A/cattle/Texas/24-008749-003/2024(H5N1)	67	A	G	0	0	0	1006	212	44	1	1006	0	TRUE	NA:cds-XAJ25418.1	ATG	M	GTG	V	23
NA|PP755591.1|A/cattle/Texas/24-008749-003/2024(H5N1)	72	G	A	5	2	44	1304	319	39	0.99618	1309	0	TRUE	NA:cds-XAJ25418.1	CTG	L	CTA	L	24
NA|PP755591.1|A/cattle/Texas/24-008749-003/2024(H5N1)	81	G	A	3	1	48	4406	977	47	0.99932	4409	0	TRUE	NA:cds-XAJ25418.1	GGG	G	GGA	G	27
NA|PP755591.1|A/cattle/Texas/24-008749-003/2024(H5N1)	105	C	T	17	6	47	4866	1117	48	0.996519	4883	0	TRUE	NA:cds-XAJ25418.1	AGC	S	AGT	S	35
NA|PP755591.1|A/cattle/Texas/24-008749-003/2024(H5N1)	114	C	T	3	1	34	4778	1134	48	0.999373	4781	0	TRUE	NA:cds-XAJ25418.1	ATC	I	ATT	I	38
NA|PP755591.1|A/cattle/Texas/24-008749-003/2024(H5N1)	120	A	T	0	0	0	1951	1025	42	0.998976	1953	0	TRUE	NA:cds-XAJ25418.1	ACA	T	ACT	T	40
NA|PP755591.1|A/cattle/Texas/24-008749-003/2024(H5N1)	123	G	A	6	1	41	1942	1026	42	0.99692	1948	0	TRUE	NA:cds-XAJ25418.1	GGG	G	GGA	G	41
NA|PP755591.1|A/cattle/Texas/24-008749-003/2024(H5N1)	126	T	C	1	1	40	1950	1033	42	0.999487	1951	0	TRUE	NA:cds-XAJ25418.1	AAT	N	AAC	N	42
NA|PP755591.1|A/cattle/Texas/24-008749-003/2024(H5N1)	129	A	G	0	0	0	1950	1031	42	1	1950	0	TRUE	NA:cds-XAJ25418.1	CAA	Q	CAG	Q	43
NA|PP755591.1|A/cattle/Texas/24-008749-003/2024(H5N1)	130	T	A	0	0	0	1947	1032	42	0.998974	1949	0	TRUE	NA:cds-XAJ25418.1	TAC	Y	AAC	N	44
NA|PP755591.1|A/cattle/Texas/24-008749-003/2024(H5N1)	135	G	C	0	0	0	1946	1034	41	1	1946	0	TRUE	NA:cds-XAJ25418.1	CAG	Q	CAC	H	45
NA|PP755591.1|A/cattle/Texas/24-008749-003/2024(H5N1)	138	T	A	0	0	0	1945	1035	42	0.999486	1946	0	TRUE	NA:cds-XAJ25418.1	CCT	P	CCA	P	46
NA|PP755591.1|A/cattle/Texas/24-008749-003/2024(H5N1)	142	C	A	0	0	0	1947	1034	42	0.999487	1948	0	TRUE	NA:cds-XAJ25418.1	CCA	P	ACA	T	48
NA|PP755591.1|A/cattle/Texas/24-008749-003/2024(H5N1)	156	C	T	9	5	54	2823	1986	44	0.996822	2832	0	TRUE	NA:cds-XAJ25418.1	AGC	S	AGT	S	52
NA|PP755591.1|A/cattle/Texas/24-008749-003/2024(H5N1)	157	A	G	5	4	40	2802	1962	43	0.997508	2809	0	TRUE	NA:cds-XAJ25418.1	ATC	I	GTC	V	53
NA|PP755591.1|A/cattle/Texas/24-008749-003/2024(H5N1)	168	T	C	3	2	52	2486	1857	42	0.998394	2490	0	TRUE	NA:cds-XAJ25418.1	TAT	Y	TAC	Y	56
NA|PP755591.1|A/cattle/Texas/24-008749-003/2024(H5N1)	171	G	A	3	2	40	2465	1859	42	0.998784	2468	0	TRUE	NA:cds-XAJ25418.1	GAG	E	GAA	E	57
NA|PP755591.1|A/cattle/Texas/24-008749-003/2024(H5N1)	177	C	T	2	2	60	2385	1883	41	0.999162	2387	0	TRUE	NA:cds-XAJ25418.1	AAC	N	AAT	N	59
NA|PP755591.1|A/cattle/Texas/24-008749-003/2024(H5N1)	180	C	T	6	4	53	2383	1879	41	0.997488	2389	0	TRUE	NA:cds-XAJ25418.1	ACC	T	ACT	T	60
NA|PP755591.1|A/cattle/Texas/24-008749-003/2024(H5N1)	186	A	G	2	2	40	2382	1888	42	0.999161	2384	0	TRUE	NA:cds-XAJ25418.1	GTA	V	GTG	V	62
NA|PP755591.1|A/cattle/Texas/24-008749-003/2024(H5N1)	189	T	C	0	0	0	2371	1890	41	1	2371	0	TRUE	NA:cds-XAJ25418.1	AAT	N	AAC	N	63
NA|PP755591.1|A/cattle/Texas/24-008749-003/2024(H5N1)	195	G	A	2	1	40	2376	1887	42	0.999159	2378	0	TRUE	NA:cds-XAJ25418.1	ACG	T	ACA	T	65
NA|PP755591.1|A/cattle/Texas/24-008749-003/2024(H5N1)	198	T	C	1	1	40	2369	1888	41	0.999578	2370	0	TRUE	NA:cds-XAJ25418.1	TAT	Y	TAC	Y	66
NA|PP755591.1|A/cattle/Texas/24-008749-003/2024(H5N1)	207	C	G	1	0	24	46	44	28	0.020995	2191	4.34317e-78	TRUE	NA:cds-XAJ25418.1	ATC	I	ATG	M	69
NA|PP755591.1|A/cattle/Texas/24-008749-003/2024(H5N1)	207	C	A	1	0	24	2144	1766	39	0.978549	2191	0	TRUE	NA:cds-XAJ25418.1	ATC	I	ATA	I	69
NA|PP755591.1|A/cattle/Texas/24-008749-003/2024(H5N1)	212	G	A	2	2	40	1920	1547	41	0.998959	1922	0	TRUE	NA:cds-XAJ25418.1	AGT	S	AAT	N	71
NA|PP755591.1|A/cattle/Texas/24-008749-003/2024(H5N1)	222	T	A	0	0	0	5	3	33	1	5	1.2387e-05	TRUE	NA:cds-XAJ25418.1	TTT	F	TTA	L	74
NA|PP755591.1|A/cattle/Texas/24-008749-003/2024(H5N1)	223	C	A	0	0	0	5	3	33	1	5	8.59993e-05	TRUE	NA:cds-XAJ25418.1	CTT	L	ATT	I	75
NA|PP755591.1|A/cattle/Texas/24-008749-003/2024(H5N1)	228	T	A	0	0	0	3	3	40	1	3	0.1	FALSE	NA:cds-XAJ25418.1	GCT	A	GCA	A	76
NA|PP755591.1|A/cattle/Texas/24-008749-003/2024(H5N1)	231	G	A	1	1	40	2	2	40	0.666667	3	0.3	FALSE	NA:cds-XAJ25418.1	GAG	E	GAA	E	77
NA|PP755591.1|A/cattle/Texas/24-008749-003/2024(H5N1)	267	A	C	0	0	0	1	1	40	1	1	1	FALSE	NA:cds-XAJ25418.1	TCA	S	TCC	S	89
NA|PP755591.1|A/cattle/Texas/24-008749-003/2024(H5N1)	273	T	C	0	0	0	1	1	40	1	1	1	FALSE	NA:cds-XAJ25418.1	CTT	L	CTC	L	91
NA|PP755591.1|A/cattle/Texas/24-008749-003/2024(H5N1)	279	T	A	0	0	0	1	1	40	1	1	1	FALSE	NA:cds-XAJ25418.1	CCT	P	CCA	P	93
NA|PP755591.1|A/cattle/Texas/24-008749-003/2024(H5N1)	282	T	C	0	0	0	1	1	40	1	1	1	FALSE	NA:cds-XAJ25418.1	ATT	I	ATC	I	94
NA|PP755591.1|A/cattle/Texas/24-008749-003/2024(H5N1)	288	G	A	2	0	40	10	5	38	0.833333	12	3.36519e-05	TRUE	NA:cds-XAJ25418.1	GGG	G	GGA	G	96
NA|PP755591.1|A/cattle/Texas/24-008749-003/2024(H5N1)	294	A	C	0	0	0	16	5	38	1	16	8.57043e-10	TRUE	NA:cds-XAJ25418.1	GCA	A	GCC	A	98
NA|PP755591.1|A/cattle/Texas/24-008749-003/2024(H5N1)	303	T	C	2	1	40	19	6	38	0.904762	21	8.58325e-10	TRUE	NA:cds-XAJ25418.1	AGT	S	AGC	S	101
NA|PP755591.1|A/cattle/Texas/24-008749-003/2024(H5N1)	312	C	T	0	0	0	20	7	39	1	20	7.25444e-12	TRUE	NA:cds-XAJ25418.1	AAC	N	AAT	N	104
NA|PP755591.1|A/cattle/Texas/24-008749-003/2024(H5N1)	321	A	G	2	1	38	14	4	40	0.875	16	4.52519e-07	TRUE	NA:cds-XAJ25418.1	AGA	R	AGG	R	107
NA|PP755591.1|A/cattle/Texas/24-008749-003/2024(H5N1)	324	T	A	0	0	0	15	4	40	1	15	1.28935e-08	TRUE	NA:cds-XAJ25418.1	ATT	I	ATA	I	108
NA|PP755591.1|A/cattle/Texas/24-008749-003/2024(H5N1)	327	G	T	0	0	0	15	4	40	1	15	1.28935e-08	TRUE	NA:cds-XAJ25418.1	GGG	G	GGT	G	109
NA|PP755591.1|A/cattle/Texas/24-008749-003/2024(H5N1)	330	T	C	1	0	40	13	4	40	0.928571	14	3.7391e-07	TRUE	NA:cds-XAJ25418.1	TCT	S	TCC	S	110
NA|PP755591.1|A/cattle/Texas/24-008749-003/2024(H5N1)	333	G	A	1	0	40	14	4	40	0.933333	15	1.93402e-07	TRUE	NA:cds-XAJ25418.1	AAG	K	AAA	K	111
NA|PP755591.1|A/cattle/Texas/24-008749-003/2024(H5N1)	336	G	A	2	2	40	13	2	40	0.866667	15	1.54721e-06	TRUE	NA:cds-XAJ25418.1	GGG	G	GGA	G	112
NA|PP755591.1|A/cattle/Texas/24-008749-003/2024(H5N1)	342	G	A	2	1	40	13	3	40	0.866667	15	1.54721e-06	TRUE	NA:cds-XAJ25418.1	GTG	V	GTA	V	114
NA|PP755591.1|A/cattle/Texas/24-008749-003/2024(H5N1)	348	T	C	0	0	0	15	4	40	1	15	1.28935e-08	TRUE	NA:cds-XAJ25418.1	GTT	V	GTC	V	116
NA|PP755591.1|A/cattle/Texas/24-008749-003/2024(H5N1)	351	A	C	0	0	0	14	3	40	1	14	2.49273e-08	TRUE	NA:cds-XAJ25418.1	ATA	I	ATC	I	117
NA|PP755591.1|A/cattle/Texas/24-008749-003/2024(H5N1)	357	A	G	1	0	40	14	4	40	0.933333	15	1.93402e-07	TRUE	NA:cds-XAJ25418.1	GAA	E	GAG	E	119
NA|PP755591.1|A/cattle/Texas/24-008749-003/2024(H5N1)	360	A	T	0	0	0	15	4	40	1	15	1.28935e-08	TRUE	NA:cds-XAJ25418.1	CCA	P	CCT	P	120
NA|PP755591.1|A/cattle/Texas/24-008749-003/2024(H5N1)	363	C	T	0	0	0	15	4	40	1	15	1.28935e-08	TRUE	NA:cds-XAJ25418.1	TTC	F	TTT	F	121
NA|PP755591.1|A/cattle/Texas/24-008749-003/2024(H5N1)	366	C	T	1	0	40	15	4	40	0.9375	16	2.82824e-08	TRUE	NA:cds-XAJ25418.1	ATC	I	ATT	I	122
NA|PP755591.1|A/cattle/Texas/24-008749-003/2024(H5N1)	375	C	T	23	9	51	2468	432	39	0.990767	2491	0	TRUE	NA:cds-XAJ25418.1	TCC	S	TCT	S	125
NA|PP755591.1|A/cattle/Texas/24-008749-003/2024(H5N1)	390	A	G	0	0	0	2877	446	39	0.999653	2878	0	TRUE	NA:cds-XAJ25418.1	AGA	R	AGG	R	130
NA|PP755591.1|A/cattle/Texas/24-008749-003/2024(H5N1)	399	C	T	2	0	40	1366	160	39	0.998538	1368	0	TRUE	NA:cds-XAJ25418.1	TTC	F	TTT	F	133
NA|PP755591.1|A/cattle/Texas/24-008749-003/2024(H5N1)	402	G	A	0	0	0	1338	161	38	1	1338	0	TRUE	NA:cds-XAJ25418.1	CTG	L	CTA	L	134
NA|PP755591.1|A/cattle/Texas/24-008749-003/2024(H5N1)	405	C	T	4	0	30	1356	159	39	0.997059	1360	0	TRUE	NA:cds-XAJ25418.1	ACC	T	ACT	T	135
NA|PP755591.1|A/cattle/Texas/24-008749-003/2024(H5N1)	408	G	A	4	0	32	1358	160	39	0.997063	1362	0	TRUE	NA:cds-XAJ25418.1	CAG	Q	CAA	Q	136
NA|PP755591.1|A/cattle/Texas/24-008749-003/2024(H5N1)	411	A	G	0	0	0	1360	156	39	1	1360	0	TRUE	NA:cds-XAJ25418.1	GGA	G	GGG	G	137
NA|PP755591.1|A/cattle/Texas/24-008749-003/2024(H5N1)	414	T	C	3	2	53	1419	171	37	0.99789	1422	0	TRUE	NA:cds-XAJ25418.1	GCT	A	GCC	A	138
NA|PP755591.1|A/cattle/Texas/24-008749-003/2024(H5N1)	418	C	T	4	1	59	1489	228	40	0.997321	1493	0	TRUE	NA:cds-XAJ25418.1	CTG	L	TTG	L	140
NA|PP755591.1|A/cattle/Texas/24-008749-003/2024(H5N1)	426	C	T	3	0	40	3084	962	43	0.998705	3088	0	TRUE	NA:cds-XAJ25418.1	GAC	D	GAT	D	142
NA|PP755591.1|A/cattle/Texas/24-008749-003/2024(H5N1)	429	A	G	1	0	40	3090	970	44	0.999676	3091	0	TRUE	NA:cds-XAJ25418.1	AAA	K	AAG	K	143
NA|PP755591.1|A/cattle/Texas/24-008749-003/2024(H5N1)	441	G	A	3	0	40	3471	1173	44	0.999136	3474	0	TRUE	NA:cds-XAJ25418.1	GGG	G	GGA	G	147
NA|PP755591.1|A/cattle/Texas/24-008749-003/2024(H5N1)	444	A	T	2	0	40	3481	1182	45	0.998852	3485	0	TRUE	NA:cds-XAJ25418.1	ACA	T	ACT	T	148
NA|PP755591.1|A/cattle/Texas/24-008749-003/2024(H5N1)	450	G	A	7	0	44	4265	1339	44	0.998361	4272	0	TRUE	NA:cds-XAJ25418.1	AAG	K	AAA	K	150
NA|PP755591.1|A/cattle/Texas/24-008749-003/2024(H5N1)	453	T	C	3	1	40	4293	1338	45	0.999302	4296	0	TRUE	NA:cds-XAJ25418.1	GAT	D	GAC	D	151
NA|PP755591.1|A/cattle/Texas/24-008749-003/2024(H5N1)	471	T	C	0	0	0	4932	1805	44	1	4932	0	TRUE	NA:cds-XAJ25418.1	ACT	T	ACC	T	157
NA|PP755591.1|A/cattle/Texas/24-008749-003/2024(H5N1)	472	T	C	2	1	30	4895	1810	43	0.999592	4897	0	TRUE	NA:cds-XAJ25418.1	TTG	L	CTG	L	158
NA|PP755591.1|A/cattle/Texas/24-008749-003/2024(H5N1)	480	T	C	6	2	40	4969	1814	44	0.998794	4975	0	TRUE	NA:cds-XAJ25418.1	AGT	S	AGC	S	160
NA|PP755591.1|A/cattle/Texas/24-008749-003/2024(H5N1)	483	T	C	2	2	40	4979	1817	44	0.999598	4981	0	TRUE	NA:cds-XAJ25418.1	TGT	C	TGC	C	161
NA|PP755591.1|A/cattle/Texas/24-008749-003/2024(H5N1)	486	C	T	11	1	33	4956	1809	44	0.997785	4967	0	TRUE	NA:cds-XAJ25418.1	CCC	P	CCT	P	162
NA|PP755591.1|A/cattle/Texas/24-008749-003/2024(H5N1)	489	G	T	1	0	40	4975	1844	44	0.999598	4977	0	TRUE	NA:cds-XAJ25418.1	GTG	V	GTT	V	163
NA|PP755591.1|A/cattle/Texas/24-008749-003/2024(H5N1)	495	G	A	16	3	40	6435	2411	46	0.997365	6452	0	TRUE	NA:cds-XAJ25418.1	GAG	E	GAA	E	165
NA|PP755591.1|A/cattle/Texas/24-008749-003/2024(H5N1)	504	C	A	0	0	0	7166	2656	46	0.999442	7170	0	TRUE	NA:cds-XAJ25418.1	TCC	S	TCA	S	168
NA|PP755591.1|A/cattle/Texas/24-008749-003/2024(H5N1)	507	G	A	4	1	70	7395	2662	45	0.999324	7400	0	TRUE	NA:cds-XAJ25418.1	CCG	P	CCA	P	169
NA|PP755591.1|A/cattle/Texas/24-008749-003/2024(H5N1)	519	A	G	5	3	40	7909	3004	47	0.999116	7916	0	TRUE	NA:cds-XAJ25418.1	AGA	R	AGG	R	173
NA|PP755591.1|A/cattle/Texas/24-008749-003/2024(H5N1)	540	G	A	11	7	50	8757	3873	48	0.998745	8768	0	TRUE	NA:cds-XAJ25418.1	TCG	S	TCA	S	180
NA|PP755591.1|A/cattle/Texas/24-008749-003/2024(H5N1)	564	C	T	1	1	40	8540	3856	50	0.999883	8541	0	TRUE	NA:cds-XAJ25418.1	ATC	I	ATT	I	188
NA|PP755591.1|A/cattle/Texas/24-008749-003/2024(H5N1)	579	C	T	3	1	40	8074	3815	50	0.999629	8077	0	TRUE	NA:cds-XAJ25418.1	ATC	I	ATT	I	193
NA|PP755591.1|A/cattle/Texas/24-008749-003/2024(H5N1)	591	T	C	5	3	56	7947	3891	51	0.999371	7952	0	TRUE	NA:cds-XAJ25418.1	GGT	G	GGC	G	197
NA|PP755591.1|A/cattle/Texas/24-008749-003/2024(H5N1)	603	A	G	3	1	46	7533	3890	48	0.999469	7537	0	TRUE	NA:cds-XAJ25418.1	GGA	G	GGG	G	201
NA|PP755591.1|A/cattle/Texas/24-008749-003/2024(H5N1)	606	T	G	0	0	0	7158	3707	49	0.999302	7163	0	TRUE	NA:cds-XAJ25418.1	GCT	A	GCG	A	202
NA|PP755591.1|A/cattle/Texas/24-008749-003/2024(H5N1)	621	G	A	15	8	52	7296	4084	47	0.997948	7311	0	TRUE	NA:cds-XAJ25418.1	AAG	K	AAA	K	207
NA|PP755591.1|A/cattle/Texas/24-008749-003/2024(H5N1)	639	G	A	8	5	40	6933	3813	45	0.998704	6942	0	TRUE	NA:cds-XAJ25418.1	ACG	T	ACA	T	213
NA|PP755591.1|A/cattle/Texas/24-008749-003/2024(H5N1)	648	C	T	1	0	24	6714	3738	44	0.998958	6721	0	TRUE	NA:cds-XAJ25418.1	ATC	I	ATT	I	216
NA|PP755591.1|A/cattle/Texas/24-008749-003/2024(H5N1)	662	A	G	2	1	40	5830	3059	41	0.999657	5832	0	TRUE	NA:cds-XAJ25418.1	AAC	N	AGC	S	221
NA|PP755591.1|A/cattle/Texas/24-008749-003/2024(H5N1)	666	C	T	1	0	40	5840	3107	41	0.999829	5841	0	TRUE	NA:cds-XAJ25418.1	AAC	N	AAT	N	222
NA|PP755591.1|A/cattle/Texas/24-008749-003/2024(H5N1)	669	T	A	0	0	0	5802	3110	41	1	5802	0	TRUE	NA:cds-XAJ25418.1	ATT	I	ATA	I	223
NA|PP755591.1|A/cattle/Texas/24-008749-003/2024(H5N1)	678	T	A	0	0	0	6526	3252	41	0.999234	6531	0	TRUE	NA:cds-XAJ25418.1	ACT	T	ACA	T	226
NA|PP755591.1|A/cattle/Texas/24-008749-003/2024(H5N1)	684	A	G	0	0	0	6309	3165	41	1	6309	0	TRUE	NA:cds-XAJ25418.1	GAA	E	GAG	E	228
NA|PP755591.1|A/cattle/Texas/24-008749-003/2024(H5N1)	696	T	C	0	0	0	5185	2313	42	0.999614	5187	0	TRUE	NA:cds-XAJ25418.1	GCT	A	GCC	A	232
NA|PP755591.1|A/cattle/Texas/24-008749-003/2024(H5N1)	700	G	A	1	0	40	5226	2323	43	0.999809	5227	0	TRUE	NA:cds-XAJ25418.1	GTA	V	ATA	I	234
NA|PP755591.1|A/cattle/Texas/24-008749-003/2024(H5N1)	702	A	T	0	0	0	5223	2292	43	0.999617	5225	0	TRUE	NA:cds-XAJ25418.1	GTA	V	GTT	V	234
NA|PP755591.1|A/cattle/Texas/24-008749-003/2024(H5N1)	708	C	T	8	5	45	5318	2406	43	0.998498	5326	0	TRUE	NA:cds-XAJ25418.1	GGC	G	GGT	G	236
NA|PP755591.1|A/cattle/Texas/24-008749-003/2024(H5N1)	711	C	T	15	4	43	5303	2403	43	0.997179	5318	0	TRUE	NA:cds-XAJ25418.1	TCC	S	TCT	S	237
NA|PP755591.1|A/cattle/Texas/24-008749-003/2024(H5N1)	717	C	T	6	2	40	5487	2442	43	0.998908	5493	0	TRUE	NA:cds-XAJ25418.1	TTC	F	TTT	F	239
NA|PP755591.1|A/cattle/Texas/24-008749-003/2024(H5N1)	721	G	A	4	3	40	5764	2690	43	0.999307	5768	0	TRUE	NA:cds-XAJ25418.1	GTA	V	ATA	I	241
NA|PP755591.1|A/cattle/Texas/24-008749-003/2024(H5N1)	738	A	G	5	2	40	6563	3069	47	0.998935	6570	0	TRUE	NA:cds-XAJ25418.1	CCA	P	CCG	P	246
NA|PP755591.1|A/cattle/Texas/24-008749-003/2024(H5N1)	741	C	T	2	0	80	6602	3106	47	0.999697	6604	0	TRUE	NA:cds-XAJ25418.1	AGC	S	AGT	S	247
NA|PP755591.1|A/cattle/Texas/24-008749-003/2024(H5N1)	747	G	C	2	0	24	7191	3229	47	0.999444	7195	0	TRUE	NA:cds-XAJ25418.1	GGG	G	GGC	G	249
NA|PP755591.1|A/cattle/Texas/24-008749-003/2024(H5N1)	759	T	C	1	0	40	7455	3427	49	0.999866	7456	0	TRUE	NA:cds-XAJ25418.1	TAT	Y	TAC	Y	253
NA|PP755591.1|A/cattle/Texas/24-008749-003/2024(H5N1)	765	C	T	5	3	36	6825	3431	46	0.999268	6830	0	TRUE	NA:cds-XAJ25418.1	ATC	I	ATT	I	255
NA|PP755591.1|A/cattle/Texas/24-008749-003/2024(H5N1)	770	A	G	2	1	40	6825	3447	46	0.999707	6827	0	TRUE	NA:cds-XAJ25418.1	AAG	K	AGG	R	257
NA|PP755591.1|A/cattle/Texas/24-008749-003/2024(H5N1)	771	G	A	4	2	40	6780	3432	46	0.999263	6785	0	TRUE	NA:cds-XAJ25418.1	AAG	K	AAA	K	257
NA|PP755591.1|A/cattle/Texas/24-008749-003/2024(H5N1)	776	A	-G	6852	3476	40	7208	0	20	0.879883	8192	0	TRUE	NA	NA	NA	NA	NA	NA
NA|PP755591.1|A/cattle/Texas/24-008749-003/2024(H5N1)	777	G	A	11	6	38	760	274	37	0.985733	771	0	TRUE	NA:cds-XAJ25418.1	GAG	E	GAA	E	259
NA|PP755591.1|A/cattle/Texas/24-008749-003/2024(H5N1)	780	A	G	5914	3042	41	966	283	36	0.140407	6880	0	TRUE	NA:cds-XAJ25418.1	AAA	K	AAG	K	260
NA|PP755591.1|A/cattle/Texas/24-008749-003/2024(H5N1)	783	G	A	6269	3227	44	781	276	37	0.110749	7052	6.01823e-262	TRUE	NA:cds-XAJ25418.1	GGG	G	GGA	G	261
NA|PP755591.1|A/cattle/Texas/24-008749-003/2024(H5N1)	786	A	G	6273	3255	44	786	282	37	0.111347	7059	1.75111e-264	TRUE	NA:cds-XAJ25418.1	AAA	K	AAG	K	262
NA|PP755591.1|A/cattle/Texas/24-008749-003/2024(H5N1)	786	A	+G	6273	3255	44	7412	0	20	0.873439	8486	0	TRUE	NA	NA	NA	NA	NA	NA
NA|PP755591.1|A/cattle/Texas/24-008749-003/2024(H5N1)	789	T	A	15	15	35	1107	531	38	0.986631	1122	0	TRUE	NA:cds-XAJ25418.1	GTT	V	GTA	V	263
NA|PP755591.1|A/cattle/Texas/24-008749-003/2024(H5N1)	804	A	G	4	2	67	7747	4245	47	0.999484	7751	0	TRUE	NA:cds-XAJ25418.1	GAA	E	GAG	E	268
NA|PP755591.1|A/cattle/Texas/24-008749-003/2024(H5N1)	805	A	T	0	0	0	7767	4324	47	0.9991	7774	0	TRUE	NA:cds-XAJ25418.1	ATG	M	TTG	L	269
NA|PP755591.1|A/cattle/Texas/24-008749-003/2024(H5N1)	828	C	T	11	5	49	9013	4683	45	0.99856	9026	0	TRUE	NA:cds-XAJ25418.1	TAC	Y	TAT	Y	276
NA|PP755591.1|A/cattle/Texas/24-008749-003/2024(H5N1)	834	A	G	4	1	36	8441	4226	46	0.999408	8446	0	TRUE	NA:cds-XAJ25418.1	GAA	E	GAG	E	278
NA|PP755591.1|A/cattle/Texas/24-008749-003/2024(H5N1)	855	G	T	2	0	24	2366	842	40	0.999155	2368	0	TRUE	NA:cds-XAJ25418.1	GCG	A	GCT	A	285
NA|PP755591.1|A/cattle/Texas/24-008749-003/2024(H5N1)	856	G	A	6	4	50	2360	842	40	0.997464	2366	0	TRUE	NA:cds-XAJ25418.1	GGT	G	AGT	S	286
NA|PP755591.1|A/cattle/Texas/24-008749-003/2024(H5N1)	858	T	C	2	0	32	2369	847	40	0.999156	2371	0	TRUE	NA:cds-XAJ25418.1	GGT	G	GGC	G	286
NA|PP755591.1|A/cattle/Texas/24-008749-003/2024(H5N1)	861	T	G	0	0	0	2373	846	40	1	2373	0	TRUE	NA:cds-XAJ25418.1	GAT	D	GAG	E	287
NA|PP755591.1|A/cattle/Texas/24-008749-003/2024(H5N1)	862	A	G	3	1	40	2321	795	38	0.99785	2326	0	TRUE	NA:cds-XAJ25418.1	ATT	I	GTT	V	288
NA|PP755591.1|A/cattle/Texas/24-008749-003/2024(H5N1)	864	T	A	0	0	0	2372	847	40	1	2372	0	TRUE	NA:cds-XAJ25418.1	ATT	I	ATA	I	288
NA|PP755591.1|A/cattle/Texas/24-008749-003/2024(H5N1)	879	G	A	9	6	40	3673	1651	42	0.997556	3682	0	TRUE	NA:cds-XAJ25418.1	AGG	R	AGA	R	293
NA|PP755591.1|A/cattle/Texas/24-008749-003/2024(H5N1)	882	C	T	2	0	40	3677	1651	42	0.999456	3679	0	TRUE	NA:cds-XAJ25418.1	GAC	D	GAT	D	294
NA|PP755591.1|A/cattle/Texas/24-008749-003/2024(H5N1)	885	T	C	3	2	48	3672	1654	42	0.999184	3675	0	TRUE	NA:cds-XAJ25418.1	AAT	N	AAC	N	295
NA|PP755591.1|A/cattle/Texas/24-008749-003/2024(H5N1)	894	C	T	9	1	53	3770	1705	42	0.997618	3779	0	TRUE	NA:cds-XAJ25418.1	GGC	G	GGT	G	298
NA|PP755591.1|A/cattle/Texas/24-008749-003/2024(H5N1)	897	G	A	6	2	34	3769	1711	42	0.998146	3776	0	TRUE	NA:cds-XAJ25418.1	TCG	S	TCA	S	299
NA|PP755591.1|A/cattle/Texas/24-008749-003/2024(H5N1)	903	G	A	7	2	45	3771	1705	42	0.998147	3778	0	TRUE	NA:cds-XAJ25418.1	CGG	R	CGA	R	301
NA|PP755591.1|A/cattle/Texas/24-008749-003/2024(H5N1)	906	G	A	7	7	40	3781	1699	43	0.998152	3788	0	TRUE	NA:cds-XAJ25418.1	CCG	P	CCA	P	302
NA|PP755591.1|A/cattle/Texas/24-008749-003/2024(H5N1)	912	A	G	0	0	0	3888	1709	43	0.999743	3889	0	TRUE	NA:cds-XAJ25418.1	GTA	V	GTG	V	304
NA|PP755591.1|A/cattle/Texas/24-008749-003/2024(H5N1)	915	T	C	4	1	40	3887	1713	43	0.998972	3891	0	TRUE	NA:cds-XAJ25418.1	TCT	S	TCC	S	305
NA|PP755591.1|A/cattle/Texas/24-008749-003/2024(H5N1)	918	T	C	1	0	80	3794	1758	41	0.999473	3796	0	TRUE	NA:cds-XAJ25418.1	TTT	F	TTC	F	306
NA|PP755591.1|A/cattle/Texas/24-008749-003/2024(H5N1)	927	T	C	0	0	0	5939	2949	45	0.998991	5945	0	TRUE	NA:cds-XAJ25418.1	AAT	N	AAC	N	309
NA|PP755591.1|A/cattle/Texas/24-008749-003/2024(H5N1)	933	G	A	6	1	40	6102	3005	47	0.999018	6108	0	TRUE	NA:cds-XAJ25418.1	GAG	E	GAA	E	311
NA|PP755591.1|A/cattle/Texas/24-008749-003/2024(H5N1)	945	A	G	1	1	40	5737	2501	46	0.999826	5738	0	TRUE	NA:cds-XAJ25418.1	GGA	G	GGG	G	315
NA|PP755591.1|A/cattle/Texas/24-008749-003/2024(H5N1)	948	T	C	1	0	40	5746	2516	46	0.999826	5747	0	TRUE	NA:cds-XAJ25418.1	TAT	Y	TAC	Y	316
NA|PP755591.1|A/cattle/Texas/24-008749-003/2024(H5N1)	957	T	C	3	2	40	4283	2279	43	0.9993	4286	0	TRUE	NA:cds-XAJ25418.1	AGT	S	AGC	S	319
NA|PP755591.1|A/cattle/Texas/24-008749-003/2024(H5N1)	960	G	A	5	2	36	4268	2279	43	0.998596	4274	0	TRUE	NA:cds-XAJ25418.1	GGG	G	GGA	G	320
NA|PP755591.1|A/cattle/Texas/24-008749-003/2024(H5N1)	961	A	G	2	1	31	4276	2280	43	0.999532	4278	0	TRUE	NA:cds-XAJ25418.1	ATT	I	GTT	V	321
NA|PP755591.1|A/cattle/Texas/24-008749-003/2024(H5N1)	966	C	T	2	0	40	4271	2293	42	0.999298	4274	0	TRUE	NA:cds-XAJ25418.1	TTC	F	TTT	F	322
NA|PP755591.1|A/cattle/Texas/24-008749-003/2024(H5N1)	969	G	A	16	10	43	4269	2345	43	0.996266	4285	0	TRUE	NA:cds-XAJ25418.1	GGG	G	GGA	G	323
NA|PP755591.1|A/cattle/Texas/24-008749-003/2024(H5N1)	975	T	C	3	0	40	4546	2593	43	0.999341	4549	0	TRUE	NA:cds-XAJ25418.1	AAT	N	AAC	N	325
NA|PP755591.1|A/cattle/Texas/24-008749-003/2024(H5N1)	978	C	G	2	0	25	4571	2618	44	0.998907	4576	0	TRUE	NA:cds-XAJ25418.1	CCC	P	CCG	P	326
NA|PP755591.1|A/cattle/Texas/24-008749-003/2024(H5N1)	986	A	G	2	1	37	6306	3265	40	0.996681	6327	0	TRUE	NA:cds-XAJ25418.1	AAT	N	AGT	S	329
NA|PP755591.1|A/cattle/Texas/24-008749-003/2024(H5N1)	1005	C	T	6	1	41	6731	3290	46	0.999109	6737	0	TRUE	NA:cds-XAJ25418.1	TGC	C	TGT	C	335
NA|PP755591.1|A/cattle/Texas/24-008749-003/2024(H5N1)	1006	A	G	26	10	41	6713	3297	46	0.996142	6739	0	TRUE	NA:cds-XAJ25418.1	AGT	S	GGT	G	336
NA|PP755591.1|A/cattle/Texas/24-008749-003/2024(H5N1)	1012	A	G	3	1	53	7036	3319	45	0.999574	7039	0	TRUE	NA:cds-XAJ25418.1	ATG	M	GTG	V	338
NA|PP755591.1|A/cattle/Texas/24-008749-003/2024(H5N1)	1015	C	T	16	2	42	7043	3338	46	0.997592	7060	0	TRUE	NA:cds-XAJ25418.1	CCC	P	TCC	S	339
NA|PP755591.1|A/cattle/Texas/24-008749-003/2024(H5N1)	1035	G	A	11	6	46	6992	2883	44	0.998002	7006	0	TRUE	NA:cds-XAJ25418.1	GGG	G	GGA	G	345
NA|PP755591.1|A/cattle/Texas/24-008749-003/2024(H5N1)	1038	A	G	3	0	40	6979	2865	44	0.999427	6983	0	TRUE	NA:cds-XAJ25418.1	GTA	V	GTG	V	346
NA|PP755591.1|A/cattle/Texas/24-008749-003/2024(H5N1)	1041	A	G	3	1	40	6934	2827	43	0.999423	6938	0	TRUE	NA:cds-XAJ25418.1	AAA	K	AAG	K	347
NA|PP755591.1|A/cattle/Texas/24-008749-003/2024(H5N1)	1044	G	A	4	0	40	6977	2893	45	0.999427	6981	0	TRUE	NA:cds-XAJ25418.1	GGG	G	GGA	G	348
NA|PP755591.1|A/cattle/Texas/24-008749-003/2024(H5N1)	1056	G	A	1	1	80	7201	3458	46	0.999722	7203	0	TRUE	NA:cds-XAJ25418.1	AAG	K	AAA	K	352
NA|PP755591.1|A/cattle/Texas/24-008749-003/2024(H5N1)	1068	G	T	2	2	32	7109	3686	49	0.998876	7117	0	TRUE	NA:cds-XAJ25418.1	GGG	G	GGT	G	356
NA|PP755591.1|A/cattle/Texas/24-008749-003/2024(H5N1)	1077	C	A	2	0	24	6957	3585	49	0.998565	6967	0	TRUE	NA:cds-XAJ25418.1	ATC	I	ATA	I	359
NA|PP755591.1|A/cattle/Texas/24-008749-003/2024(H5N1)	1086	A	T	1	1	80	6314	3445	46	0.999525	6317	0	TRUE	NA:cds-XAJ25418.1	ACA	T	ACT	T	362
NA|PP755591.1|A/cattle/Texas/24-008749-003/2024(H5N1)	1092	C	T	1	1	80	6277	3433	46	0.999841	6278	0	TRUE	NA:cds-XAJ25418.1	AGC	S	AGT	S	364
NA|PP755591.1|A/cattle/Texas/24-008749-003/2024(H5N1)	1098	T	C	1	1	40	4929	2553	46	0.999797	4930	0	TRUE	NA:cds-XAJ25418.1	AGT	S	AGC	S	366
NA|PP755591.1|A/cattle/Texas/24-008749-003/2024(H5N1)	1101	C	A	0	0	0	4894	2545	46	0.999592	4896	0	TRUE	NA:cds-XAJ25418.1	TCC	S	TCA	S	367
NA|PP755591.1|A/cattle/Texas/24-008749-003/2024(H5N1)	1104	A	G	3	1	40	4878	2519	45	0.998976	4883	0	TRUE	NA:cds-XAJ25418.1	AGA	R	AGG	R	368
NA|PP755591.1|A/cattle/Texas/24-008749-003/2024(H5N1)	1107	C	T	6	0	38	4886	2523	46	0.998774	4892	0	TRUE	NA:cds-XAJ25418.1	AGC	S	AGT	S	369
NA|PP755591.1|A/cattle/Texas/24-008749-003/2024(H5N1)	1110	C	G	0	0	0	4920	2549	46	0.999594	4922	0	TRUE	NA:cds-XAJ25418.1	GGC	G	GGG	G	370
NA|PP755591.1|A/cattle/Texas/24-008749-003/2024(H5N1)	1122	T	C	0	0	0	5955	3299	46	1	5955	0	TRUE	NA:cds-XAJ25418.1	ATT	I	ATC	I	374
NA|PP755591.1|A/cattle/Texas/24-008749-003/2024(H5N1)	1131	G	T	3	3	24	5933	3300	47	0.998485	5942	0	TRUE	NA:cds-XAJ25418.1	CCG	P	CCT	P	377
NA|PP755591.1|A/cattle/Texas/24-008749-003/2024(H5N1)	1143	T	G	0	0	0	5724	3300	45	0.998953	5730	0	TRUE	NA:cds-XAJ25418.1	ACT	T	ACG	T	381
NA|PP755591.1|A/cattle/Texas/24-008749-003/2024(H5N1)	1144	G	T	4505	2033	39	87	87	26	0.018946	4592	4.26955e-05	TRUE	NA:cds-XAJ25418.1	GAG	E	TAG	*	382
NA|PP755591.1|A/cattle/Texas/24-008749-003/2024(H5N1)	1149	G	A	7	3	45	5457	3201	44	0.998719	5464	0	TRUE	NA:cds-XAJ25418.1	ACG	T	ACA	T	383
NA|PP755591.1|A/cattle/Texas/24-008749-003/2024(H5N1)	1155	T	C	0	0	0	4992	3130	42	0.9998	4993	0	TRUE	NA:cds-XAJ25418.1	AGT	S	AGC	S	385
NA|PP755591.1|A/cattle/Texas/24-008749-003/2024(H5N1)	1161	C	T	0	0	0	4386	3045	39	1	4386	0	TRUE	NA:cds-XAJ25418.1	TTC	F	TTT	F	387
NA|PP755591.1|A/cattle/Texas/24-008749-003/2024(H5N1)	1164	A	T	1	1	40	4375	3158	39	0.998403	4382	0	TRUE	NA:cds-XAJ25418.1	TCA	S	TCT	S	388
NA|PP755591.1|A/cattle/Texas/24-008749-003/2024(H5N1)	1167	G	A	0	0	0	4375	3186	39	1	4375	0	TRUE	NA:cds-XAJ25418.1	GTG	V	GTA	V	389
NA|PP755591.1|A/cattle/Texas/24-008749-003/2024(H5N1)	1176	C	T	7	4	36	5188	3520	39	0.998653	5195	0	TRUE	NA:cds-XAJ25418.1	GAC	D	GAT	D	392
NA|PP755591.1|A/cattle/Texas/24-008749-003/2024(H5N1)	1184	A	C	0	0	0	5119	3372	39	0.999414	5122	0	TRUE	NA:cds-XAJ25418.1	GAA	E	GCA	A	395
NA|PP755591.1|A/cattle/Texas/24-008749-003/2024(H5N1)	1191	T	G	0	0	0	5092	3174	39	0.999607	5094	0	TRUE	NA:cds-XAJ25418.1	ACT	T	ACG	T	397
NA|PP755591.1|A/cattle/Texas/24-008749-003/2024(H5N1)	1209	T	C	5	3	48	4861	2095	39	0.998562	4868	0	TRUE	NA:cds-XAJ25418.1	AGT	S	AGC	S	403
NA|PP755591.1|A/cattle/Texas/24-008749-003/2024(H5N1)	1212	G	A	1	1	24	4850	2100	39	0.999794	4851	0	TRUE	NA:cds-XAJ25418.1	GGG	G	GGA	G	404
NA|PP755591.1|A/cattle/Texas/24-008749-003/2024(H5N1)	1221	C	T	13	3	44	4900	2099	39	0.997354	4913	0	TRUE	NA:cds-XAJ25418.1	GTC	V	GTT	V	407
NA|PP755591.1|A/cattle/Texas/24-008749-003/2024(H5N1)	1239	A	G	8	5	45	4391	1767	41	0.998181	4399	0	TRUE	NA:cds-XAJ25418.1	ACA	T	ACG	T	413
NA|PP755591.1|A/cattle/Texas/24-008749-003/2024(H5N1)	1242	A	G	5	2	64	4431	1789	41	0.998873	4436	0	TRUE	NA:cds-XAJ25418.1	GGA	G	GGG	G	414
NA|PP755591.1|A/cattle/Texas/24-008749-003/2024(H5N1)	1245	A	G	2	2	60	4577	1905	42	0.999345	4580	0	TRUE	NA:cds-XAJ25418.1	TTA	L	TTG	L	415
NA|PP755591.1|A/cattle/Texas/24-008749-003/2024(H5N1)	1263	T	C	1	0	40	5238	3258	51	0.999809	5239	0	TRUE	NA:cds-XAJ25418.1	TGT	C	TGC	C	421
NA|PP755591.1|A/cattle/Texas/24-008749-003/2024(H5N1)	1278	A	G	16	10	55	4752	3016	51	0.996644	4768	0	TRUE	NA:cds-XAJ25418.1	CTA	L	CTG	L	426
NA|PP755591.1|A/cattle/Texas/24-008749-003/2024(H5N1)	1281	T	C	0	0	0	4774	3038	52	0.999791	4775	0	TRUE	NA:cds-XAJ25418.1	ATT	I	ATC	I	427
NA|PP755591.1|A/cattle/Texas/24-008749-003/2024(H5N1)	1287	G	A	5	4	52	4759	3059	52	0.99895	4764	0	TRUE	NA:cds-XAJ25418.1	GGG	G	GGA	G	429
NA|PP755591.1|A/cattle/Texas/24-008749-003/2024(H5N1)	1290	G	A	14	10	67	4763	3195	52	0.996861	4778	0	TRUE	NA:cds-XAJ25418.1	AGG	R	AGA	R	430
NA|PP755591.1|A/cattle/Texas/24-008749-003/2024(H5N1)	1302	T	C	1	0	80	5414	4091	58	0.999815	5415	0	TRUE	NA:cds-XAJ25418.1	AAT	N	AAC	N	434
NA|PP755591.1|A/cattle/Texas/24-008749-003/2024(H5N1)	1305	A	G	7	4	62	5415	4091	59	0.998525	5423	0	TRUE	NA:cds-XAJ25418.1	ACA	T	ACG	T	435
NA|PP755591.1|A/cattle/Texas/24-008749-003/2024(H5N1)	1314	T	C	2	1	60	5193	4061	56	0.999615	5195	0	TRUE	NA:cds-XAJ25418.1	ACT	T	ACC	T	438
NA|PP755591.1|A/cattle/Texas/24-008749-003/2024(H5N1)	1317	C	T	13	9	69	5175	4037	56	0.99711	5190	0	TRUE	NA:cds-XAJ25418.1	AGC	S	AGT	S	439
NA|PP755591.1|A/cattle/Texas/24-008749-003/2024(H5N1)	1320	G	A	5	4	72	5214	4074	56	0.999042	5219	0	TRUE	NA:cds-XAJ25418.1	GGG	G	GGA	G	440
NA|PP755591.1|A/cattle/Texas/24-008749-003/2024(H5N1)	1329	A	T	0	0	0	5291	4138	57	0.999245	5295	0	TRUE	NA:cds-XAJ25418.1	ATA	I	ATT	I	443
NA|PP755591.1|A/cattle/Texas/24-008749-003/2024(H5N1)	1332	C	T	8	7	53	5288	4133	57	0.998301	5297	0	TRUE	NA:cds-XAJ25418.1	TCC	S	TCT	S	444
NA|PP755591.1|A/cattle/Texas/24-008749-003/2024(H5N1)	1341	T	A	0	0	0	5330	4187	56	0.998688	5337	0	TRUE	NA:cds-XAJ25418.1	GGT	G	GGA	G	447
NA|PP755591.1|A/cattle/Texas/24-008749-003/2024(H5N1)	1350	T	C	4	4	56	5319	4637	50	0.999249	5323	0	TRUE	NA:cds-XAJ25418.1	AGT	S	AGC	S	450
NA|PP755591.1|A/cattle/Texas/24-008749-003/2024(H5N1)	1358	T	C	3	2	53	5288	4606	50	0.999433	5291	0	TRUE	NA:cds-XAJ25418.1	GTG	V	GCG	A	453
