REGION	POS	REF	ALT	REF_DP	REF_RV	REF_QUAL	ALT_DP	ALT_RV	ALT_QUAL	ALT_FREQ	TOTAL_DP	PVAL	PASS	GFF_FEATURE	REF_CODON	REF_AA	ALT_CODON	ALT_AA	POS_AA
PB2|PP755596.1|A/cattle/Texas/24-008749-003/2024(H5N1)	60	A	G	197	35	44	2	0	40	0.01	200	0.0978713	FALSE	PB2:cds-XAJ25426.1	CTA	L	CTG	L	20
PB2|PP755596.1|A/cattle/Texas/24-008749-003/2024(H5N1)	114	A	G	0	0	0	326	62	46	1	326	2.80056e-254	TRUE	PB2:cds-XAJ25426.1	AGA	R	AGG	R	38
PB2|PP755596.1|A/cattle/Texas/24-008749-003/2024(H5N1)	138	A	G	0	0	0	402	140	50	1	402	4.50376e-283	TRUE	PB2:cds-XAJ25426.1	AGA	R	AGG	R	46
PB2|PP755596.1|A/cattle/Texas/24-008749-003/2024(H5N1)	165	T	C	0	0	0	408	149	50	0.997555	409	3.01182e-281	TRUE	PB2:cds-XAJ25426.1	TAT	Y	TAC	Y	55
PB2|PP755596.1|A/cattle/Texas/24-008749-003/2024(H5N1)	172	G	A	1	1	80	424	158	49	0.997647	425	1.20602e-287	TRUE	PB2:cds-XAJ25426.1	GCA	A	ACA	T	58
PB2|PP755596.1|A/cattle/Texas/24-008749-003/2024(H5N1)	203	C	A	323	253	40	11	1	25	0.0329341	334	0.00863189	TRUE	PB2:cds-XAJ25426.1	CCT	P	CAT	H	68
PB2|PP755596.1|A/cattle/Texas/24-008749-003/2024(H5N1)	252	C	T	0	0	0	395	237	45	1	395	7.11364e-271	TRUE	PB2:cds-XAJ25426.1	GCC	A	GCT	A	84
PB2|PP755596.1|A/cattle/Texas/24-008749-003/2024(H5N1)	262	C	A	0	0	0	436	254	47	1	436	4.41711e-293	TRUE	PB2:cds-XAJ25426.1	CGA	R	AGA	R	88
PB2|PP755596.1|A/cattle/Texas/24-008749-003/2024(H5N1)	265	G	T	383	179	43	8	8	26	0.0204604	391	0.1066	FALSE	PB2:cds-XAJ25426.1	GTG	V	TTG	L	89
PB2|PP755596.1|A/cattle/Texas/24-008749-003/2024(H5N1)	273	A	G	1	1	40	411	222	45	0.997573	412	9.17284e-278	TRUE	PB2:cds-XAJ25426.1	GTA	V	GTG	V	91
PB2|PP755596.1|A/cattle/Texas/24-008749-003/2024(H5N1)	286	G	T	380	175	43	6	6	26	0.015544	386	0.316386	FALSE	PB2:cds-XAJ25426.1	GTG	V	TTG	L	96
PB2|PP755596.1|A/cattle/Texas/24-008749-003/2024(H5N1)	325	A	G	0	0	0	434	233	46	1	434	4.98131e-288	TRUE	PB2:cds-XAJ25426.1	ATT	I	GTT	V	109
PB2|PP755596.1|A/cattle/Texas/24-008749-003/2024(H5N1)	360	A	G	428	201	48	5	3	56	0.0115473	433	0.0171414	FALSE	PB2:cds-XAJ25426.1	GAA	E	GAG	E	120
PB2|PP755596.1|A/cattle/Texas/24-008749-003/2024(H5N1)	415	A	G	0	0	0	419	181	45	1	419	3.67673e-278	TRUE	PB2:cds-XAJ25426.1	ATT	I	GTT	V	139
PB2|PP755596.1|A/cattle/Texas/24-008749-003/2024(H5N1)	465	C	T	0	0	0	416	167	45	1	416	1.1677e-284	TRUE	PB2:cds-XAJ25426.1	AGC	S	AGT	S	155
PB2|PP755596.1|A/cattle/Texas/24-008749-003/2024(H5N1)	516	G	A	0	0	0	463	202	45	1	463	6.69286e-307	TRUE	PB2:cds-XAJ25426.1	GTG	V	GTA	V	172
PB2|PP755596.1|A/cattle/Texas/24-008749-003/2024(H5N1)	529	C	T	0	0	0	438	179	45	1	438	8.67002e-294	TRUE	PB2:cds-XAJ25426.1	CTG	L	TTG	L	177
PB2|PP755596.1|A/cattle/Texas/24-008749-003/2024(H5N1)	537	G	A	0	0	0	417	198	44	1	417	4.94116e-273	TRUE	PB2:cds-XAJ25426.1	TCG	S	TCA	S	179
PB2|PP755596.1|A/cattle/Texas/24-008749-003/2024(H5N1)	540	A	G	0	0	0	423	205	44	0.997642	424	1.21106e-282	TRUE	PB2:cds-XAJ25426.1	GAA	E	GAG	E	180
PB2|PP755596.1|A/cattle/Texas/24-008749-003/2024(H5N1)	552	A	G	1	0	40	422	217	45	0.997636	423	6.17578e-286	TRUE	PB2:cds-XAJ25426.1	ACA	T	ACG	T	184
PB2|PP755596.1|A/cattle/Texas/24-008749-003/2024(H5N1)	570	A	G	0	0	0	420	225	47	1	420	8.16404e-289	TRUE	PB2:cds-XAJ25426.1	AAA	K	AAG	K	190
PB2|PP755596.1|A/cattle/Texas/24-008749-003/2024(H5N1)	574	G	A	300	89	43	24	23	26	0.0736196	326	2.97653e-07	TRUE	PB2:cds-XAJ25426.1	GAA	E	AAA	K	192
PB2|PP755596.1|A/cattle/Texas/24-008749-003/2024(H5N1)	651	C	T	0	0	0	438	234	44	1	438	3.72887e-289	TRUE	PB2:cds-XAJ25426.1	TTC	F	TTT	F	217
PB2|PP755596.1|A/cattle/Texas/24-008749-003/2024(H5N1)	654	C	A	370	254	40	7	0	24	0.0185676	377	0.177891	FALSE	PB2:cds-XAJ25426.1	CTC	L	CTA	L	218
PB2|PP755596.1|A/cattle/Texas/24-008749-003/2024(H5N1)	660	T	G	1	1	24	421	228	43	0.99763	422	7.99675e-280	TRUE	PB2:cds-XAJ25426.1	GTT	V	GTG	V	220
PB2|PP755596.1|A/cattle/Texas/24-008749-003/2024(H5N1)	726	G	A	0	0	0	454	225	47	0.997802	455	9.84644e-313	TRUE	PB2:cds-XAJ25426.1	CAG	Q	CAA	Q	242
PB2|PP755596.1|A/cattle/Texas/24-008749-003/2024(H5N1)	737	C	A	408	214	45	8	0	24	0.0192308	416	0.117455	FALSE	PB2:cds-XAJ25426.1	CCA	P	CAA	Q	246
PB2|PP755596.1|A/cattle/Texas/24-008749-003/2024(H5N1)	740	G	T	392	125	43	4	4	24	0.010101	396	0.520706	FALSE	PB2:cds-XAJ25426.1	GGA	G	GTA	V	247
PB2|PP755596.1|A/cattle/Texas/24-008749-003/2024(H5N1)	743	G	T	410	142	43	6	6	28	0.0144231	416	0.275191	FALSE	PB2:cds-XAJ25426.1	GGA	G	GTA	V	248
PB2|PP755596.1|A/cattle/Texas/24-008749-003/2024(H5N1)	764	C	T	0	0	0	462	205	44	1	462	2.2701e-302	TRUE	PB2:cds-XAJ25426.1	GCA	A	GTA	V	255
PB2|PP755596.1|A/cattle/Texas/24-008749-003/2024(H5N1)	771	G	A	0	0	0	447	197	44	1	447	2.17967e-295	TRUE	PB2:cds-XAJ25426.1	CAG	Q	CAA	Q	257
PB2|PP755596.1|A/cattle/Texas/24-008749-003/2024(H5N1)	777	G	A	1	0	40	451	197	44	0.997788	452	3.39548e-296	TRUE	PB2:cds-XAJ25426.1	TTG	L	TTA	L	259
PB2|PP755596.1|A/cattle/Texas/24-008749-003/2024(H5N1)	783	T	C	0	0	0	449	211	45	1	449	1.69532e-302	TRUE	PB2:cds-XAJ25426.1	ATT	I	ATC	I	261
PB2|PP755596.1|A/cattle/Texas/24-008749-003/2024(H5N1)	789	C	T	0	0	0	454	212	46	1	454	5.62122e-313	TRUE	PB2:cds-XAJ25426.1	GCC	A	GCT	A	263
PB2|PP755596.1|A/cattle/Texas/24-008749-003/2024(H5N1)	795	T	C	0	0	0	472	220	46	1	472	0	TRUE	PB2:cds-XAJ25426.1	AAT	N	AAC	N	265
PB2|PP755596.1|A/cattle/Texas/24-008749-003/2024(H5N1)	838	C	A	381	215	41	19	0	28	0.0475	400	0.000177068	TRUE	PB2:cds-XAJ25426.1	CTA	L	ATA	I	280
PB2|PP755596.1|A/cattle/Texas/24-008749-003/2024(H5N1)	844	G	T	396	89	41	13	13	27	0.0317848	409	0.0111824	FALSE	PB2:cds-XAJ25426.1	GAG	E	TAG	*	282
PB2|PP755596.1|A/cattle/Texas/24-008749-003/2024(H5N1)	879	G	A	1	0	80	480	203	45	0.997921	481	0	TRUE	PB2:cds-XAJ25426.1	AGG	R	AGA	R	293
PB2|PP755596.1|A/cattle/Texas/24-008749-003/2024(H5N1)	895	C	A	416	232	41	5	0	28	0.0118483	422	0.498066	FALSE	PB2:cds-XAJ25426.1	CGG	R	AGG	R	299
PB2|PP755596.1|A/cattle/Texas/24-008749-003/2024(H5N1)	909	G	A	1	1	32	508	236	45	0.998035	509	0	TRUE	PB2:cds-XAJ25426.1	ACG	T	ACA	T	303
PB2|PP755596.1|A/cattle/Texas/24-008749-003/2024(H5N1)	921	C	A	499	246	43	6	0	28	0.0118812	505	0.451958	FALSE	PB2:cds-XAJ25426.1	GCC	A	GCA	A	307
PB2|PP755596.1|A/cattle/Texas/24-008749-003/2024(H5N1)	939	A	G	0	0	0	506	232	47	0.998028	507	0	TRUE	PB2:cds-XAJ25426.1	GCA	A	GCG	A	313
PB2|PP755596.1|A/cattle/Texas/24-008749-003/2024(H5N1)	948	C	A	1	0	32	527	250	47	0.998106	528	0	TRUE	PB2:cds-XAJ25426.1	GGC	G	GGA	G	316
PB2|PP755596.1|A/cattle/Texas/24-008749-003/2024(H5N1)	966	G	T	0	0	0	496	236	47	1	496	0	TRUE	PB2:cds-XAJ25426.1	TCG	S	TCT	S	322
PB2|PP755596.1|A/cattle/Texas/24-008749-003/2024(H5N1)	1005	A	G	0	0	0	459	255	44	0.997826	460	4.43973e-309	TRUE	PB2:cds-XAJ25426.1	GGA	G	GGG	G	335
PB2|PP755596.1|A/cattle/Texas/24-008749-003/2024(H5N1)	1029	G	A	1	1	40	451	258	44	0.997788	452	1.44271e-303	TRUE	PB2:cds-XAJ25426.1	GAG	E	GAA	E	343
PB2|PP755596.1|A/cattle/Texas/24-008749-003/2024(H5N1)	1044	C	T	1	0	80	464	256	45	0.997849	465	8.44088e-304	TRUE	PB2:cds-XAJ25426.1	AAC	N	AAT	N	348
PB2|PP755596.1|A/cattle/Texas/24-008749-003/2024(H5N1)	1068	A	G	0	0	0	455	245	42	1	455	6.61556e-308	TRUE	PB2:cds-XAJ25426.1	GTA	V	GTG	V	356
PB2|PP755596.1|A/cattle/Texas/24-008749-003/2024(H5N1)	1085	G	A	0	0	0	461	240	45	1	461	3.09157e-301	TRUE	PB2:cds-XAJ25426.1	GGG	G	GAG	E	362
PB2|PP755596.1|A/cattle/Texas/24-008749-003/2024(H5N1)	1086	G	A	0	0	0	456	237	44	1	456	2.87889e-299	TRUE	PB2:cds-XAJ25426.1	GGG	G	GGA	G	362
PB2|PP755596.1|A/cattle/Texas/24-008749-003/2024(H5N1)	1122	C	A	0	0	0	512	269	44	1	512	0	TRUE	PB2:cds-XAJ25426.1	CTC	L	CTA	L	374
PB2|PP755596.1|A/cattle/Texas/24-008749-003/2024(H5N1)	1140	G	A	0	0	0	529	247	44	1	529	0	TRUE	PB2:cds-XAJ25426.1	AGG	R	AGA	R	380
PB2|PP755596.1|A/cattle/Texas/24-008749-003/2024(H5N1)	1146	T	C	0	0	0	549	261	45	1	549	0	TRUE	PB2:cds-XAJ25426.1	ATT	I	ATC	I	382
PB2|PP755596.1|A/cattle/Texas/24-008749-003/2024(H5N1)	1150	C	T	0	0	0	561	257	43	0.998221	562	0	TRUE	PB2:cds-XAJ25426.1	CTA	L	TTA	L	384
PB2|PP755596.1|A/cattle/Texas/24-008749-003/2024(H5N1)	1197	C	T	0	0	0	562	239	46	1	562	0	TRUE	PB2:cds-XAJ25426.1	ATC	I	ATT	I	399
PB2|PP755596.1|A/cattle/Texas/24-008749-003/2024(H5N1)	1224	C	T	0	0	0	541	209	45	1	541	0	TRUE	PB2:cds-XAJ25426.1	GAC	D	GAT	D	408
PB2|PP755596.1|A/cattle/Texas/24-008749-003/2024(H5N1)	1251	T	C	3	1	40	491	193	43	0.993927	494	0	TRUE	PB2:cds-XAJ25426.1	GAT	D	GAC	D	417
PB2|PP755596.1|A/cattle/Texas/24-008749-003/2024(H5N1)	1257	C	T	0	0	0	506	191	46	1	506	0	TRUE	PB2:cds-XAJ25426.1	AAC	N	AAT	N	419
PB2|PP755596.1|A/cattle/Texas/24-008749-003/2024(H5N1)	1266	C	T	0	0	0	480	202	46	1	480	0	TRUE	PB2:cds-XAJ25426.1	AAC	N	AAT	N	422
PB2|PP755596.1|A/cattle/Texas/24-008749-003/2024(H5N1)	1269	G	A	1	0	40	477	205	46	0.997908	478	1.05073e-312	TRUE	PB2:cds-XAJ25426.1	AGG	R	AGA	R	423
PB2|PP755596.1|A/cattle/Texas/24-008749-003/2024(H5N1)	1272	G	A	0	0	0	466	205	46	1	466	2.86874e-310	TRUE	PB2:cds-XAJ25426.1	GCG	A	GCA	A	424
PB2|PP755596.1|A/cattle/Texas/24-008749-003/2024(H5N1)	1302	C	T	0	0	0	502	252	46	1	502	0	TRUE	PB2:cds-XAJ25426.1	CTC	L	CTT	L	434
PB2|PP755596.1|A/cattle/Texas/24-008749-003/2024(H5N1)	1305	G	T	376	113	41	5	5	24	0.0131234	381	0.393195	FALSE	PB2:cds-XAJ25426.1	TTG	L	TTT	F	435
PB2|PP755596.1|A/cattle/Texas/24-008749-003/2024(H5N1)	1314	C	A	481	292	42	5	0	27	0.0102881	486	0.514699	FALSE	PB2:cds-XAJ25426.1	TTC	F	TTA	L	438
PB2|PP755596.1|A/cattle/Texas/24-008749-003/2024(H5N1)	1321	A	G	1	0	80	510	265	47	0.998043	511	0	TRUE	PB2:cds-XAJ25426.1	AAT	N	GAT	D	441
PB2|PP755596.1|A/cattle/Texas/24-008749-003/2024(H5N1)	1413	T	C	2	2	40	524	357	47	0.994307	527	0	TRUE	PB2:cds-XAJ25426.1	ACT	T	ACC	T	471
PB2|PP755596.1|A/cattle/Texas/24-008749-003/2024(H5N1)	1414	G	T	357	184	39	15	15	28	0.0403226	372	0.00110473	TRUE	PB2:cds-XAJ25426.1	GAG	E	TAG	*	472
PB2|PP755596.1|A/cattle/Texas/24-008749-003/2024(H5N1)	1422	A	T	0	0	0	516	348	45	0.998066	517	0	TRUE	PB2:cds-XAJ25426.1	TCA	S	TCT	S	474
PB2|PP755596.1|A/cattle/Texas/24-008749-003/2024(H5N1)	1423	C	A	447	364	41	17	0	27	0.0366379	464	0.00220284	TRUE	PB2:cds-XAJ25426.1	CTG	L	ATG	M	475
PB2|PP755596.1|A/cattle/Texas/24-008749-003/2024(H5N1)	1483	A	G	0	0	0	449	186	44	1	449	9.73131e-302	TRUE	PB2:cds-XAJ25426.1	ATA	I	GTA	V	495
PB2|PP755596.1|A/cattle/Texas/24-008749-003/2024(H5N1)	1512	T	C	0	0	0	471	224	45	1	471	0	TRUE	PB2:cds-XAJ25426.1	GTT	V	GTC	V	504
PB2|PP755596.1|A/cattle/Texas/24-008749-003/2024(H5N1)	1530	C	T	0	0	0	487	217	47	0.997951	488	0	TRUE	PB2:cds-XAJ25426.1	AAC	N	AAT	N	510
PB2|PP755596.1|A/cattle/Texas/24-008749-003/2024(H5N1)	1543	C	A	429	174	41	11	0	26	0.025	440	0.041092	FALSE	PB2:cds-XAJ25426.1	CCC	P	ACC	T	515
PB2|PP755596.1|A/cattle/Texas/24-008749-003/2024(H5N1)	1551	A	G	1	0	40	510	159	45	0.998043	511	0	TRUE	PB2:cds-XAJ25426.1	GAA	E	GAG	E	517
PB2|PP755596.1|A/cattle/Texas/24-008749-003/2024(H5N1)	1579	T	C	0	0	0	504	207	48	1	504	0	TRUE	PB2:cds-XAJ25426.1	TTG	L	CTG	L	527
PB2|PP755596.1|A/cattle/Texas/24-008749-003/2024(H5N1)	1589	C	A	455	213	44	7	0	26	0.0151515	462	0.268263	FALSE	PB2:cds-XAJ25426.1	ACT	T	AAT	N	530
PB2|PP755596.1|A/cattle/Texas/24-008749-003/2024(H5N1)	1593	T	C	1	0	40	502	212	47	0.996032	504	0	TRUE	PB2:cds-XAJ25426.1	TAT	Y	TAC	Y	531
PB2|PP755596.1|A/cattle/Texas/24-008749-003/2024(H5N1)	1596	G	A	508	215	48	14	8	45	0.0268199	522	9.726e-06	TRUE	PB2:cds-XAJ25426.1	TCG	S	TCA	S	532
PB2|PP755596.1|A/cattle/Texas/24-008749-003/2024(H5N1)	1647	T	C	1	1	40	524	252	47	0.998095	525	0	TRUE	PB2:cds-XAJ25426.1	ACT	T	ACC	T	549
PB2|PP755596.1|A/cattle/Texas/24-008749-003/2024(H5N1)	1677	A	T	0	0	0	486	257	46	0.997947	487	0	TRUE	PB2:cds-XAJ25426.1	ACA	T	ACT	T	559
PB2|PP755596.1|A/cattle/Texas/24-008749-003/2024(H5N1)	1707	A	G	2	1	40	494	316	46	0.995968	496	0	TRUE	PB2:cds-XAJ25426.1	ACA	T	ACG	T	569
PB2|PP755596.1|A/cattle/Texas/24-008749-003/2024(H5N1)	1719	T	C	348	215	44	161	86	47	0.316306	509	4.00437e-64	TRUE	PB2:cds-XAJ25426.1	AAT	N	AAC	N	573
PB2|PP755596.1|A/cattle/Texas/24-008749-003/2024(H5N1)	1811	G	T	417	140	39	19	19	27	0.043578	436	0.000366574	TRUE	PB2:cds-XAJ25426.1	CGA	R	CTA	L	604
PB2|PP755596.1|A/cattle/Texas/24-008749-003/2024(H5N1)	1818	G	A	0	0	0	531	272	44	1	531	0	TRUE	PB2:cds-XAJ25426.1	GTG	V	GTA	V	606
PB2|PP755596.1|A/cattle/Texas/24-008749-003/2024(H5N1)	1857	C	A	430	241	43	11	0	25	0.0249433	441	0.0412299	FALSE	PB2:cds-XAJ25426.1	CTC	L	CTA	L	619
PB2|PP755596.1|A/cattle/Texas/24-008749-003/2024(H5N1)	1866	T	C	1	1	40	516	243	46	0.998066	517	0	TRUE	PB2:cds-XAJ25426.1	GCT	A	GCC	A	622
PB2|PP755596.1|A/cattle/Texas/24-008749-003/2024(H5N1)	1872	C	T	1	0	64	525	244	47	0.998099	526	0	TRUE	PB2:cds-XAJ25426.1	GCC	A	GCT	A	624
PB2|PP755596.1|A/cattle/Texas/24-008749-003/2024(H5N1)	1891	C	A	0	0	0	538	258	47	0.998145	539	0	TRUE	PB2:cds-XAJ25426.1	CTG	L	ATG	M	631
PB2|PP755596.1|A/cattle/Texas/24-008749-003/2024(H5N1)	1905	T	C	0	0	0	506	233	46	1	506	0	TRUE	PB2:cds-XAJ25426.1	TCT	S	TCC	S	635
PB2|PP755596.1|A/cattle/Texas/24-008749-003/2024(H5N1)	1906	C	A	464	245	45	5	0	24	0.010661	469	0.478203	FALSE	PB2:cds-XAJ25426.1	CTG	L	ATG	M	636
PB2|PP755596.1|A/cattle/Texas/24-008749-003/2024(H5N1)	1911	T	C	0	0	0	522	248	48	1	522	0	TRUE	PB2:cds-XAJ25426.1	ACT	T	ACC	T	637
PB2|PP755596.1|A/cattle/Texas/24-008749-003/2024(H5N1)	1945	A	G	0	0	0	489	234	45	1	489	0	TRUE	PB2:cds-XAJ25426.1	ATA	I	GTA	V	649
PB2|PP755596.1|A/cattle/Texas/24-008749-003/2024(H5N1)	1949	G	T	432	177	41	5	5	30	0.0114416	437	0.012988	FALSE	PB2:cds-XAJ25426.1	AGA	R	ATA	I	650
PB2|PP755596.1|A/cattle/Texas/24-008749-003/2024(H5N1)	1985	C	T	0	0	0	500	285	47	0.998004	501	0	TRUE	PB2:cds-XAJ25426.1	ACC	T	ATC	I	662
PB2|PP755596.1|A/cattle/Texas/24-008749-003/2024(H5N1)	2013	T	C	1	1	40	511	286	47	0.998047	512	0	TRUE	PB2:cds-XAJ25426.1	GAT	D	GAC	D	671
PB2|PP755596.1|A/cattle/Texas/24-008749-003/2024(H5N1)	2026	G	A	1	1	40	506	285	47	0.998028	507	0	TRUE	PB2:cds-XAJ25426.1	GCC	A	ACC	T	676
PB2|PP755596.1|A/cattle/Texas/24-008749-003/2024(H5N1)	2034	T	C	1	0	40	491	281	46	0.997967	492	0	TRUE	PB2:cds-XAJ25426.1	GAT	D	GAC	D	678
PB2|PP755596.1|A/cattle/Texas/24-008749-003/2024(H5N1)	2073	A	C	420	269	41	5	0	27	0.0117647	425	0.503288	FALSE	PB2:cds-XAJ25426.1	TTA	L	TTC	F	691
PB2|PP755596.1|A/cattle/Texas/24-008749-003/2024(H5N1)	2082	C	T	2	2	40	478	272	44	0.995833	480	0	TRUE	PB2:cds-XAJ25426.1	TTC	F	TTT	F	694
PB2|PP755596.1|A/cattle/Texas/24-008749-003/2024(H5N1)	2106	G	T	423	267	41	7	6	25	0.0162791	430	0.211869	FALSE	PB2:cds-XAJ25426.1	AAG	K	AAT	N	702
PB2|PP755596.1|A/cattle/Texas/24-008749-003/2024(H5N1)	2137	C	T	0	0	0	453	258	46	1	453	0	TRUE	PB2:cds-XAJ25426.1	CTG	L	TTG	L	713
PB2|PP755596.1|A/cattle/Texas/24-008749-003/2024(H5N1)	2145	T	+C	459	282	46	9	0	20	0.0149254	603	0.154771	FALSE	NA	NA	NA	NA	NA	NA
PB2|PP755596.1|A/cattle/Texas/24-008749-003/2024(H5N1)	2146	T	C	3	2	33	465	294	45	0.99359	468	5.2273e-309	TRUE	PB2:cds-XAJ25426.1	TTG	L	CTG	L	716
PB2|PP755596.1|A/cattle/Texas/24-008749-003/2024(H5N1)	2148	G	T	2	1	32	457	287	46	0.995643	459	1.90139e-312	TRUE	PB2:cds-XAJ25426.1	TTG	L	TTT	F	716
PB2|PP755596.1|A/cattle/Texas/24-008749-003/2024(H5N1)	2154	G	A	2	1	52	457	291	48	0.995643	459	4.49813e-308	TRUE	PB2:cds-XAJ25426.1	AAG	K	AAA	K	718
PB2|PP755596.1|A/cattle/Texas/24-008749-003/2024(H5N1)	2181	G	A	0	0	0	477	367	54	1	477	0	TRUE	PB2:cds-XAJ25426.1	GGG	G	GGA	G	727
PB2|PP755596.1|A/cattle/Texas/24-008749-003/2024(H5N1)	2186	G	T	352	222	46	7	7	29	0.0194986	359	0.113	FALSE	PB2:cds-XAJ25426.1	GGA	G	GTA	V	729
PB2|PP755596.1|A/cattle/Texas/24-008749-003/2024(H5N1)	2193	G	A	0	0	0	445	344	54	1	445	0	TRUE	PB2:cds-XAJ25426.1	GTG	V	GTA	V	731
PB2|PP755596.1|A/cattle/Texas/24-008749-003/2024(H5N1)	2216	G	T	388	308	48	4	4	28	0.0102041	392	0.532213	FALSE	PB2:cds-XAJ25426.1	CGG	R	CTG	L	739
PB2|PP755596.1|A/cattle/Texas/24-008749-003/2024(H5N1)	2259	A	G	1	1	80	249	186	54	0.996	250	1.45474e-177	TRUE	PB2:cds-XAJ25426.1	AGA	R	AGG	R	753
