REGION	POS	REF	ALT	REF_DP	REF_RV	REF_QUAL	ALT_DP	ALT_RV	ALT_QUAL	ALT_FREQ	TOTAL_DP	PVAL	PASS	GFF_FEATURE	REF_CODON	REF_AA	ALT_CODON	ALT_AA	POS_AA
PB2|PP755596.1|A/cattle/Texas/24-008749-003/2024(H5N1)	49	C	T	525	154	33	9	4	31	0.0168539	534	0.000167513	TRUE	PB2:cds-XAJ25426.1	CGC	R	TGC	C	17
PB2|PP755596.1|A/cattle/Texas/24-008749-003/2024(H5N1)	150	G	-ATGGCA	1026	415	33	29	0	20	0.0269266	1077	0.00126855	TRUE	NA	NA	NA	NA	NA	NA
PB2|PP755596.1|A/cattle/Texas/24-008749-003/2024(H5N1)	172	G	A	449	200	33	487	195	33	0.520299	936	1.53813e-191	TRUE	PB2:cds-XAJ25426.1	GCA	A	ACA	T	58
PB2|PP755596.1|A/cattle/Texas/24-008749-003/2024(H5N1)	188	T	-A	860	383	33	26	0	20	0.0284775	913	0.00211589	TRUE	NA	NA	NA	NA	NA	NA
PB2|PP755596.1|A/cattle/Texas/24-008749-003/2024(H5N1)	240	G	A	0	0	0	658	346	33	1	658	0	TRUE	PB2:cds-XAJ25426.1	AAG	K	AAA	K	80
PB2|PP755596.1|A/cattle/Texas/24-008749-003/2024(H5N1)	630	G	A	0	0	0	583	338	33	1	583	0	TRUE	PB2:cds-XAJ25426.1	GAG	E	GAA	E	210
PB2|PP755596.1|A/cattle/Texas/24-008749-003/2024(H5N1)	764	C	T	0	0	0	612	288	33	1	612	0	TRUE	PB2:cds-XAJ25426.1	GCA	A	GTA	V	255
PB2|PP755596.1|A/cattle/Texas/24-008749-003/2024(H5N1)	807	A	G	414	186	32	308	145	33	0.426593	722	1.54134e-118	TRUE	PB2:cds-XAJ25426.1	AGA	R	AGG	R	269
PB2|PP755596.1|A/cattle/Texas/24-008749-003/2024(H5N1)	912	G	A	0	0	0	788	357	33	1	788	0	TRUE	PB2:cds-XAJ25426.1	GAG	E	GAA	E	304
PB2|PP755596.1|A/cattle/Texas/24-008749-003/2024(H5N1)	1308	A	G	672	350	32	31	12	33	0.0440341	704	2.45094e-11	TRUE	PB2:cds-XAJ25426.1	AGA	R	AGG	R	436
PB2|PP755596.1|A/cattle/Texas/24-008749-003/2024(H5N1)	1392	G	A	0	0	0	752	492	33	1	752	0	TRUE	PB2:cds-XAJ25426.1	TTG	L	TTA	L	464
PB2|PP755596.1|A/cattle/Texas/24-008749-003/2024(H5N1)	1461	A	G	370	207	33	374	217	33	0.502688	744	5.36116e-145	TRUE	PB2:cds-XAJ25426.1	GAA	E	GAG	E	487
PB2|PP755596.1|A/cattle/Texas/24-008749-003/2024(H5N1)	1524	G	A	808	366	33	13	4	33	0.0158343	821	9.85851e-05	TRUE	PB2:cds-XAJ25426.1	CGG	R	CGA	R	508
PB2|PP755596.1|A/cattle/Texas/24-008749-003/2024(H5N1)	1545	C	T	469	144	33	391	165	33	0.454651	860	1.75305e-146	TRUE	PB2:cds-XAJ25426.1	CCC	P	CCT	P	515
PB2|PP755596.1|A/cattle/Texas/24-008749-003/2024(H5N1)	1711	T	C	794	463	33	53	26	33	0.0625738	847	1.80665e-17	TRUE	PB2:cds-XAJ25426.1	TTG	L	CTG	L	571
PB2|PP755596.1|A/cattle/Texas/24-008749-003/2024(H5N1)	1737	A	C	793	434	33	35	19	33	0.0422705	828	1.13817e-11	TRUE	PB2:cds-XAJ25426.1	CCA	P	CCC	P	579
PB2|PP755596.1|A/cattle/Texas/24-008749-003/2024(H5N1)	1982	C	A	932	497	33	16	13	33	0.0168776	948	1.10323e-05	TRUE	PB2:cds-XAJ25426.1	GCC	A	GAC	D	661
PB2|PP755596.1|A/cattle/Texas/24-008749-003/2024(H5N1)	2009	A	G	0	0	0	1028	492	33	1	1028	0	TRUE	PB2:cds-XAJ25426.1	AAA	K	AGA	R	670
