REGION	POS	REF	ALT	REF_DP	REF_RV	REF_QUAL	ALT_DP	ALT_RV	ALT_QUAL	ALT_FREQ	TOTAL_DP	PVAL	PASS	GFF_FEATURE	REF_CODON	REF_AA	ALT_CODON	ALT_AA	POS_AA
NP|PP755592.1|A/cattle/Texas/24-008749-003/2024(H5N1)	154	C	T	0	0	0	11207	4613	33	1	11207	0	TRUE	NP:cds-XAJ25419.1	CAC	H	TAC	Y	52
NP|PP755592.1|A/cattle/Texas/24-008749-003/2024(H5N1)	207	G	A	6	2	34	11956	5477	33	0.999415	11963	0	TRUE	NP:cds-XAJ25419.1	TCG	S	TCA	S	69
NP|PP755592.1|A/cattle/Texas/24-008749-003/2024(H5N1)	219	A	G	5	0	33	12224	5373	33	0.999591	12229	0	TRUE	NP:cds-XAJ25419.1	GAA	E	GAG	E	73
NP|PP755592.1|A/cattle/Texas/24-008749-003/2024(H5N1)	240	G	A	14	5	34	12830	5515	33	0.998832	12845	0	TRUE	NP:cds-XAJ25419.1	GAG	E	GAA	E	80
NP|PP755592.1|A/cattle/Texas/24-008749-003/2024(H5N1)	258	A	G	14	12	30	14287	5419	33	0.999021	14301	0	TRUE	NP:cds-XAJ25419.1	GGA	G	GGG	G	86
NP|PP755592.1|A/cattle/Texas/24-008749-003/2024(H5N1)	297	G	A	21	13	32	10089	3263	32	0.997232	10117	0	TRUE	NP:cds-XAJ25419.1	AGG	R	AGA	R	99
NP|PP755592.1|A/cattle/Texas/24-008749-003/2024(H5N1)	405	C	T	0	0	0	12992	7805	33	0.999846	12994	0	TRUE	NP:cds-XAJ25419.1	CAC	H	CAT	H	135
NP|PP755592.1|A/cattle/Texas/24-008749-003/2024(H5N1)	468	T	C	7	2	32	12552	7427	33	0.999124	12563	0	TRUE	NP:cds-XAJ25419.1	CGT	R	CGC	R	156
NP|PP755592.1|A/cattle/Texas/24-008749-003/2024(H5N1)	480	T	C	9	7	34	12620	6888	33	0.999287	12629	0	TRUE	NP:cds-XAJ25419.1	GAT	D	GAC	D	160
NP|PP755592.1|A/cattle/Texas/24-008749-003/2024(H5N1)	483	T	C	7	5	31	12539	6802	33	0.999442	12546	0	TRUE	NP:cds-XAJ25419.1	CCT	P	CCC	P	161
NP|PP755592.1|A/cattle/Texas/24-008749-003/2024(H5N1)	495	A	T	2	2	30	12181	6030	33	0.99918	12191	0	TRUE	NP:cds-XAJ25419.1	TCA	S	TCT	S	165
NP|PP755592.1|A/cattle/Texas/24-008749-003/2024(H5N1)	519	T	C	4	2	28	13472	5323	33	0.999703	13476	0	TRUE	NP:cds-XAJ25419.1	CCT	P	CCC	P	173
NP|PP755592.1|A/cattle/Texas/24-008749-003/2024(H5N1)	543	G	A	6	3	32	11786	4659	33	0.999152	11796	0	TRUE	NP:cds-XAJ25419.1	GCG	A	GCA	A	181
NP|PP755592.1|A/cattle/Texas/24-008749-003/2024(H5N1)	570	G	A	1	1	34	13195	4534	33	0.999848	13197	0	TRUE	NP:cds-XAJ25419.1	GTG	V	GTA	V	190
NP|PP755592.1|A/cattle/Texas/24-008749-003/2024(H5N1)	585	A	G	2	1	34	13684	5303	33	0.999781	13687	0	TRUE	NP:cds-XAJ25419.1	CGA	R	CGG	R	195
NP|PP755592.1|A/cattle/Texas/24-008749-003/2024(H5N1)	600	A	G	5	0	34	13322	5314	33	0.99955	13328	0	TRUE	NP:cds-XAJ25419.1	GGA	G	GGG	G	200
NP|PP755592.1|A/cattle/Texas/24-008749-003/2024(H5N1)	615	T	C	6	1	32	12756	5468	33	0.99953	12762	0	TRUE	NP:cds-XAJ25419.1	AAT	N	AAC	N	205
NP|PP755592.1|A/cattle/Texas/24-008749-003/2024(H5N1)	627	T	C	3	0	34	12384	5350	33	0.999516	12390	0	TRUE	NP:cds-XAJ25419.1	GGT	G	GGC	G	209
NP|PP755592.1|A/cattle/Texas/24-008749-003/2024(H5N1)	633	C	T	1	1	34	11608	4714	33	0.999569	11613	0	TRUE	NP:cds-XAJ25419.1	AAC	N	AAT	N	211
NP|PP755592.1|A/cattle/Texas/24-008749-003/2024(H5N1)	675	C	T	8	2	34	9645	4438	31	0.998654	9658	0	TRUE	NP:cds-XAJ25419.1	ATC	I	ATT	I	225
NP|PP755592.1|A/cattle/Texas/24-008749-003/2024(H5N1)	756	A	G	1	0	34	13482	7583	33	0.999926	13483	0	TRUE	NP:cds-XAJ25419.1	GAA	E	GAG	E	252
NP|PP755592.1|A/cattle/Texas/24-008749-003/2024(H5N1)	757	A	G	12779	7656	33	132	76	33	0.0102223	12913	3.93042e-28	TRUE	NP:cds-XAJ25419.1	ATT	I	GTT	V	253
NP|PP755592.1|A/cattle/Texas/24-008749-003/2024(H5N1)	796	C	T	9	2	34	13886	7363	33	0.99928	13896	0	TRUE	NP:cds-XAJ25419.1	CTG	L	TTG	L	266
NP|PP755592.1|A/cattle/Texas/24-008749-003/2024(H5N1)	882	G	A	26	16	33	13156	5540	33	0.997952	13183	0	TRUE	NP:cds-XAJ25419.1	GAG	E	GAA	E	294
NP|PP755592.1|A/cattle/Texas/24-008749-003/2024(H5N1)	924	G	A	1	0	34	14869	7012	33	0.999798	14872	0	TRUE	NP:cds-XAJ25419.1	CAG	Q	CAA	Q	308
NP|PP755592.1|A/cattle/Texas/24-008749-003/2024(H5N1)	936	T	C	4	2	34	15278	7050	33	0.999738	15282	0	TRUE	NP:cds-XAJ25419.1	GTT	V	GTC	V	312
NP|PP755592.1|A/cattle/Texas/24-008749-003/2024(H5N1)	957	T	C	11	4	34	14945	6914	33	0.999198	14957	0	TRUE	NP:cds-XAJ25419.1	AAT	N	AAC	N	319
NP|PP755592.1|A/cattle/Texas/24-008749-003/2024(H5N1)	972	C	T	5	1	34	13795	6853	33	0.999565	13801	0	TRUE	NP:cds-XAJ25419.1	CAC	H	CAT	H	324
NP|PP755592.1|A/cattle/Texas/24-008749-003/2024(H5N1)	1008	A	G	14	4	34	13633	7515	33	0.998901	13648	0	TRUE	NP:cds-XAJ25419.1	GCA	A	GCG	A	336
NP|PP755592.1|A/cattle/Texas/24-008749-003/2024(H5N1)	1023	G	A	0	0	0	13449	7122	33	0.999703	13453	0	TRUE	NP:cds-XAJ25419.1	CTG	L	CTA	L	341
NP|PP755592.1|A/cattle/Texas/24-008749-003/2024(H5N1)	1047	A	G	1	0	34	12482	7033	33	0.999359	12490	0	TRUE	NP:cds-XAJ25419.1	GGA	G	GGG	G	349
NP|PP755592.1|A/cattle/Texas/24-008749-003/2024(H5N1)	1054	G	A	14341	7771	33	185	106	33	0.0127332	14529	2.38686e-40	TRUE	NP:cds-XAJ25419.1	GTA	V	ATA	I	352
NP|PP755592.1|A/cattle/Texas/24-008749-003/2024(H5N1)	1125	T	C	5	2	34	15233	8351	33	0.999606	15239	0	TRUE	NP:cds-XAJ25419.1	GAT	D	GAC	D	375
NP|PP755592.1|A/cattle/Texas/24-008749-003/2024(H5N1)	1188	C	T	9	4	33	14478	7489	33	0.999241	14489	0	TRUE	NP:cds-XAJ25419.1	ACC	T	ACT	T	396
NP|PP755592.1|A/cattle/Texas/24-008749-003/2024(H5N1)	1212	A	G	12	6	34	13443	6953	33	0.99896	13457	0	TRUE	NP:cds-XAJ25419.1	GGA	G	GGG	G	404
NP|PP755592.1|A/cattle/Texas/24-008749-003/2024(H5N1)	1221	C	T	16	9	33	13950	7263	33	0.998354	13973	0	TRUE	NP:cds-XAJ25419.1	AGC	S	AGT	S	407
NP|PP755592.1|A/cattle/Texas/24-008749-003/2024(H5N1)	1263	G	A	2	1	34	12656	6012	33	0.999526	12662	0	TRUE	NP:cds-XAJ25419.1	GAG	E	GAA	E	421
NP|PP755592.1|A/cattle/Texas/24-008749-003/2024(H5N1)	1445	A	G	6	4	34	9271	8454	33	0.999246	9278	0	TRUE	NP:cds-XAJ25419.1	AAC	N	AGC	S	482
