REGION	POS	REF	ALT	REF_DP	REF_RV	REF_QUAL	ALT_DP	ALT_RV	ALT_QUAL	ALT_FREQ	TOTAL_DP	PVAL	PASS	GFF_FEATURE	REF_CODON	REF_AA	ALT_CODON	ALT_AA	POS_AA
NP|PP755592.1|A/cattle/Texas/24-008749-003/2024(H5N1)	32	A	G	133	20	32	2	1	27	0.0148148	135	0.447665	FALSE	NP:cds-XAJ25419.1	GAA	E	GGA	G	11
NP|PP755592.1|A/cattle/Texas/24-008749-003/2024(H5N1)	253	G	A	816	345	33	15	7	34	0.0180288	832	1.12836e-05	TRUE	NP:cds-XAJ25419.1	GCT	A	ACT	T	85
NP|PP755592.1|A/cattle/Texas/24-008749-003/2024(H5N1)	274	A	G	729	327	33	8	4	37	0.0108108	740	0.002395	TRUE	NP:cds-XAJ25419.1	ACT	T	GCT	A	92
NP|PP755592.1|A/cattle/Texas/24-008749-003/2024(H5N1)	334	G	A	676	381	32	36	17	31	0.0505618	712	2.1055e-12	TRUE	NP:cds-XAJ25419.1	GAC	D	AAC	N	112
NP|PP755592.1|A/cattle/Texas/24-008749-003/2024(H5N1)	355	A	G	1	1	30	691	403	32	0.998555	692	0	TRUE	NP:cds-XAJ25419.1	ATT	I	GTT	V	119
NP|PP755592.1|A/cattle/Texas/24-008749-003/2024(H5N1)	498	G	A	3	1	30	714	328	31	0.993046	719	0	TRUE	NP:cds-XAJ25419.1	CTG	L	CTA	L	166
NP|PP755592.1|A/cattle/Texas/24-008749-003/2024(H5N1)	565	A	G	782	250	32	9	1	30	0.011378	791	0.00141018	TRUE	NP:cds-XAJ25419.1	ATG	M	GTG	V	189
NP|PP755592.1|A/cattle/Texas/24-008749-003/2024(H5N1)	858	C	T	680	356	32	188	93	31	0.21659	868	2.44201e-66	TRUE	NP:cds-XAJ25419.1	GCC	A	GCT	A	286
NP|PP755592.1|A/cattle/Texas/24-008749-003/2024(H5N1)	870	C	T	4	1	30	751	395	32	0.993386	756	0	TRUE	NP:cds-XAJ25419.1	GAC	D	GAT	D	290
NP|PP755592.1|A/cattle/Texas/24-008749-003/2024(H5N1)	973	A	G	669	325	33	25	17	32	0.035868	697	5.7233e-09	TRUE	NP:cds-XAJ25419.1	AAA	K	GAA	E	325
NP|PP755592.1|A/cattle/Texas/24-008749-003/2024(H5N1)	975	A	G	0	0	0	695	343	32	1	695	0	TRUE	NP:cds-XAJ25419.1	AAA	K	AAG	K	325
NP|PP755592.1|A/cattle/Texas/24-008749-003/2024(H5N1)	1014	T	C	0	0	0	706	384	32	1	706	0	TRUE	NP:cds-XAJ25419.1	TTT	F	TTC	F	338
NP|PP755592.1|A/cattle/Texas/24-008749-003/2024(H5N1)	1092	G	A	0	0	0	719	346	33	0.997226	721	0	TRUE	NP:cds-XAJ25419.1	CAG	Q	CAA	Q	364
NP|PP755592.1|A/cattle/Texas/24-008749-003/2024(H5N1)	1126	T	C	723	389	34	35	17	33	0.0460526	760	1.63329e-12	TRUE	NP:cds-XAJ25419.1	TCC	S	CCC	P	376
NP|PP755592.1|A/cattle/Texas/24-008749-003/2024(H5N1)	1143	G	A	1	0	30	718	359	33	0.998609	719	0	TRUE	NP:cds-XAJ25419.1	CTG	L	CTA	L	381
NP|PP755592.1|A/cattle/Texas/24-008749-003/2024(H5N1)	1334	T	C	567	394	34	6	2	30	0.0103986	577	0.00937014	TRUE	NP:cds-XAJ25419.1	ATA	I	ACA	T	445
NP|PP755592.1|A/cattle/Texas/24-008749-003/2024(H5N1)	1338	G	A	571	401	34	8	8	29	0.0137931	580	0.290398	FALSE	NP:cds-XAJ25419.1	AGG	R	AGA	R	446
NP|PP755592.1|A/cattle/Texas/24-008749-003/2024(H5N1)	1356	A	G	576	458	35	11	9	32	0.0187394	587	0.000177721	TRUE	NP:cds-XAJ25419.1	AGA	R	AGG	R	452
NP|PP755592.1|A/cattle/Texas/24-008749-003/2024(H5N1)	1359	T	A	581	467	35	6	6	30	0.0102215	587	0.0092601	TRUE	NP:cds-XAJ25419.1	CCT	P	CCA	P	453
NP|PP755592.1|A/cattle/Texas/24-008749-003/2024(H5N1)	1461	T	C	453	422	33	5	5	30	0.010917	458	0.0234385	FALSE	NP:cds-XAJ25419.1	TAT	Y	TAC	Y	487
