REGION	POS	REF	ALT	REF_DP	REF_RV	REF_QUAL	ALT_DP	ALT_RV	ALT_QUAL	ALT_FREQ	TOTAL_DP	PVAL	PASS	GFF_FEATURE	REF_CODON	REF_AA	ALT_CODON	ALT_AA	POS_AA
NP|PP755592.1|A/cattle/Texas/24-008749-003/2024(H5N1)	51	G	A	1110	205	35	33	9	33	0.0288714	1143	2.02669e-18	TRUE	NP:cds-XAJ25419.1	GGG	G	GGA	G	17
NP|PP755592.1|A/cattle/Texas/24-008749-003/2024(H5N1)	355	A	G	0	0	0	3966	2150	37	0.999496	3968	0	TRUE	NP:cds-XAJ25419.1	ATT	I	GTT	V	119
NP|PP755592.1|A/cattle/Texas/24-008749-003/2024(H5N1)	374	A	C	4395	2680	39	48	15	35	0.0108011	4444	2.30601e-12	TRUE	NP:cds-XAJ25419.1	AAT	N	ACT	T	125
NP|PP755592.1|A/cattle/Texas/24-008749-003/2024(H5N1)	498	G	A	2	1	33	3953	1833	35	0.998989	3957	0	TRUE	NP:cds-XAJ25419.1	CTG	L	CTA	L	166
NP|PP755592.1|A/cattle/Texas/24-008749-003/2024(H5N1)	610	C	A	3918	1662	37	76	33	39	0.0190238	3995	3.25174e-21	TRUE	NP:cds-XAJ25419.1	CGG	R	AGG	R	204
NP|PP755592.1|A/cattle/Texas/24-008749-003/2024(H5N1)	642	A	G	0	0	0	3613	1779	36	1	3613	0	TRUE	NP:cds-XAJ25419.1	AGA	R	AGG	R	214
NP|PP755592.1|A/cattle/Texas/24-008749-003/2024(H5N1)	870	C	T	4	3	34	3702	1862	36	0.998921	3706	0	TRUE	NP:cds-XAJ25419.1	GAC	D	GAT	D	290
NP|PP755592.1|A/cattle/Texas/24-008749-003/2024(H5N1)	1014	T	C	3	2	34	3753	2035	37	0.998935	3757	0	TRUE	NP:cds-XAJ25419.1	TTT	F	TTC	F	338
NP|PP755592.1|A/cattle/Texas/24-008749-003/2024(H5N1)	1092	G	A	0	0	0	4006	1952	37	0.99975	4007	0	TRUE	NP:cds-XAJ25419.1	CAG	Q	CAA	Q	364
NP|PP755592.1|A/cattle/Texas/24-008749-003/2024(H5N1)	1242	G	A	3953	1761	36	53	30	38	0.0132302	4006	8.89061e-14	TRUE	NP:cds-XAJ25419.1	GTG	V	GTA	V	414
NP|PP755592.1|A/cattle/Texas/24-008749-003/2024(H5N1)	1338	G	A	3532	2256	40	38	20	39	0.0106443	3570	4.78601e-10	TRUE	NP:cds-XAJ25419.1	AGG	R	AGA	R	446
NP|PP755592.1|A/cattle/Texas/24-008749-003/2024(H5N1)	1359	T	A	1	0	34	3521	2613	40	0.999432	3523	0	TRUE	NP:cds-XAJ25419.1	CCT	P	CCA	P	453
