REGION	POS	REF	ALT	REF_DP	REF_RV	REF_QUAL	ALT_DP	ALT_RV	ALT_QUAL	ALT_FREQ	TOTAL_DP	PVAL	PASS	GFF_FEATURE	REF_CODON	REF_AA	ALT_CODON	ALT_AA	POS_AA
NS|PP755593.1|A/cattle/Texas/24-008749-003/2024(H5N1)	20	T	C	3	0	45	4026	602	39	0.999255	4029	0	TRUE	NEP:cds-XAJ25421.1	TTA	L	TCA	S	7
NS|PP755593.1|A/cattle/Texas/24-008749-003/2024(H5N1)	20	T	C	3	0	45	4026	602	39	0.999255	4029	0	TRUE	NS1:cds-XAJ25420.1	TTA	L	TCA	S	7
NS|PP755593.1|A/cattle/Texas/24-008749-003/2024(H5N1)	108	C	T	0	0	0	8667	2172	43	0.999885	8668	0	TRUE	NS1:cds-XAJ25420.1	CTC	L	CTT	L	36
NS|PP755593.1|A/cattle/Texas/24-008749-003/2024(H5N1)	117	C	T	3	1	43	9232	2337	44	0.999351	9238	0	TRUE	NS1:cds-XAJ25420.1	GAC	D	GAT	D	39
NS|PP755593.1|A/cattle/Texas/24-008749-003/2024(H5N1)	126	T	C	0	0	0	9372	3331	44	0.999467	9377	0	TRUE	NS1:cds-XAJ25420.1	TCT	S	TCC	S	42
NS|PP755593.1|A/cattle/Texas/24-008749-003/2024(H5N1)	132	A	G	6	1	34	9871	3507	45	0.999291	9878	0	TRUE	NS1:cds-XAJ25420.1	AGA	R	AGG	R	44
NS|PP755593.1|A/cattle/Texas/24-008749-003/2024(H5N1)	165	G	A	2	1	51	10782	5060	41	0.999722	10785	0	TRUE	NS1:cds-XAJ25420.1	GAG	E	GAA	E	55
NS|PP755593.1|A/cattle/Texas/24-008749-003/2024(H5N1)	183	G	A	9	5	41	11184	5787	42	0.999017	11195	0	TRUE	NS1:cds-XAJ25420.1	GGG	G	GGA	G	61
NS|PP755593.1|A/cattle/Texas/24-008749-003/2024(H5N1)	210	G	A	137	95	43	11626	5654	43	0.988185	11765	0	TRUE	NS1:cds-XAJ25420.1	GAG	E	GAA	E	70
NS|PP755593.1|A/cattle/Texas/24-008749-003/2024(H5N1)	222	T	C	5	3	40	11692	5949	42	0.999573	11697	0	TRUE	NS1:cds-XAJ25420.1	GAT	D	GAC	D	74
NS|PP755593.1|A/cattle/Texas/24-008749-003/2024(H5N1)	239	C	G	11760	6668	41	124	96	41	0.0104316	11887	1.40178e-42	TRUE	NS1:cds-XAJ25420.1	ACT	T	AGT	S	80
NS|PP755593.1|A/cattle/Texas/24-008749-003/2024(H5N1)	252	G	A	116	76	41	11631	6170	40	0.990125	11747	0	TRUE	NS1:cds-XAJ25420.1	GTG	V	GTA	V	84
NS|PP755593.1|A/cattle/Texas/24-008749-003/2024(H5N1)	259	C	T	2	1	30	11452	5703	41	0.999825	11454	0	TRUE	NS1:cds-XAJ25420.1	CCA	P	TCA	S	87
NS|PP755593.1|A/cattle/Texas/24-008749-003/2024(H5N1)	303	C	A	128	71	43	11531	6605	42	0.988428	11666	0	TRUE	NS1:cds-XAJ25420.1	GAC	D	GAA	E	101
NS|PP755593.1|A/cattle/Texas/24-008749-003/2024(H5N1)	345	C	G	158	59	39	10487	5313	40	0.984787	10649	0	TRUE	NS1:cds-XAJ25420.1	CTC	L	CTG	L	115
NS|PP755593.1|A/cattle/Texas/24-008749-003/2024(H5N1)	346	A	T	0	0	0	10704	5410	40	0.999813	10706	0	TRUE	NS1:cds-XAJ25420.1	AGT	S	TGT	C	116
NS|PP755593.1|A/cattle/Texas/24-008749-003/2024(H5N1)	353	G	A	123	51	40	11009	5480	40	0.988862	11133	0	TRUE	NS1:cds-XAJ25420.1	AGA	R	AAA	K	118
NS|PP755593.1|A/cattle/Texas/24-008749-003/2024(H5N1)	360	C	T	21	8	35	11239	5794	41	0.998135	11260	0	TRUE	NS1:cds-XAJ25420.1	GAC	D	GAT	D	120
NS|PP755593.1|A/cattle/Texas/24-008749-003/2024(H5N1)	386	T	C	14	3	38	11052	5746	42	0.998374	11070	0	TRUE	NS1:cds-XAJ25420.1	ATA	I	ACA	T	129
NS|PP755593.1|A/cattle/Texas/24-008749-003/2024(H5N1)	388	C	T	29	9	38	11019	5804	42	0.997285	11049	0	TRUE	NS1:cds-XAJ25420.1	CTG	L	TTG	L	130
NS|PP755593.1|A/cattle/Texas/24-008749-003/2024(H5N1)	393	G	A	26	10	42	11191	5955	42	0.997504	11219	0	TRUE	NS1:cds-XAJ25420.1	AAG	K	AAA	K	131
NS|PP755593.1|A/cattle/Texas/24-008749-003/2024(H5N1)	414	C	T	4597	2133	41	6204	3382	41	0.574391	10801	0	TRUE	NS1:cds-XAJ25420.1	TTC	F	TTT	F	138
NS|PP755593.1|A/cattle/Texas/24-008749-003/2024(H5N1)	415	A	G	1	1	34	10694	5517	41	0.999813	10696	0	TRUE	NS1:cds-XAJ25420.1	AAT	N	GAT	D	139
NS|PP755593.1|A/cattle/Texas/24-008749-003/2024(H5N1)	418	C	A	0	0	0	10439	5391	40	0.998279	10457	0	TRUE	NS1:cds-XAJ25420.1	CGG	R	AGG	R	140
NS|PP755593.1|A/cattle/Texas/24-008749-003/2024(H5N1)	469	G	A	11237	4913	40	149	59	42	0.0130862	11386	1.38974e-50	TRUE	NS1:cds-XAJ25420.1	GTC	V	ATC	I	157
NS|PP755593.1|A/cattle/Texas/24-008749-003/2024(H5N1)	537	G	A	11628	5420	42	41956	20130	42	0.78298	53585	0	TRUE	NEP:cds-XAJ25421.1	GGG	G	GAG	E	12
NS|PP755593.1|A/cattle/Texas/24-008749-003/2024(H5N1)	537	G	A	11628	5420	42	41956	20130	42	0.78298	53585	0	TRUE	NS1:cds-XAJ25420.1	GGG	G	GGA	G	179
NS|PP755593.1|A/cattle/Texas/24-008749-003/2024(H5N1)	538	G	A	11808	5492	42	41974	20408	42	0.780403	53785	0	TRUE	NEP:cds-XAJ25421.1	GGG	G	GGA	G	12
NS|PP755593.1|A/cattle/Texas/24-008749-003/2024(H5N1)	538	G	A	11808	5492	42	41974	20408	42	0.780403	53785	0	TRUE	NS1:cds-XAJ25420.1	GTC	V	ATC	I	180
NS|PP755593.1|A/cattle/Texas/24-008749-003/2024(H5N1)	549	A	T	11685	5204	43	43726	21445	42	0.787813	55503	0	TRUE	NEP:cds-XAJ25421.1	GAG	E	GTG	V	16
NS|PP755593.1|A/cattle/Texas/24-008749-003/2024(H5N1)	549	A	T	11685	5204	43	43726	21445	42	0.787813	55503	0	TRUE	NS1:cds-XAJ25420.1	GGA	G	GGT	G	183
NS|PP755593.1|A/cattle/Texas/24-008749-003/2024(H5N1)	571	A	T	12053	5787	42	41690	21526	40	0.775051	53790	0	TRUE	NEP:cds-XAJ25421.1	ACA	T	ACT	T	23
NS|PP755593.1|A/cattle/Texas/24-008749-003/2024(H5N1)	571	A	T	12053	5787	42	41690	21526	40	0.775051	53790	0	TRUE	NS1:cds-XAJ25420.1	ACA	T	TCA	S	191
NS|PP755593.1|A/cattle/Texas/24-008749-003/2024(H5N1)	574	G	A	11706	5229	42	41718	21279	40	0.780827	53428	0	TRUE	NEP:cds-XAJ25421.1	CAG	Q	CAA	Q	24
NS|PP755593.1|A/cattle/Texas/24-008749-003/2024(H5N1)	574	G	A	11706	5229	42	41718	21279	40	0.780827	53428	0	TRUE	NS1:cds-XAJ25420.1	GTT	V	ATT	I	192
NS|PP755593.1|A/cattle/Texas/24-008749-003/2024(H5N1)	581	T	C	11111	5636	40	41380	23216	41	0.788085	52507	0	TRUE	NEP:cds-XAJ25421.1	TCT	S	CCT	P	27
NS|PP755593.1|A/cattle/Texas/24-008749-003/2024(H5N1)	581	T	C	11111	5636	40	41380	23216	41	0.788085	52507	0	TRUE	NS1:cds-XAJ25420.1	GTC	V	GCC	A	194
NS|PP755593.1|A/cattle/Texas/24-008749-003/2024(H5N1)	582	C	G	11310	6073	40	41595	23395	41	0.785315	52966	0	TRUE	NEP:cds-XAJ25421.1	TCT	S	TGT	C	27
NS|PP755593.1|A/cattle/Texas/24-008749-003/2024(H5N1)	582	C	G	11310	6073	40	41595	23395	41	0.785315	52966	0	TRUE	NS1:cds-XAJ25420.1	GTC	V	GTG	V	194
NS|PP755593.1|A/cattle/Texas/24-008749-003/2024(H5N1)	590	C	A	11543	6425	41	41925	24010	40	0.783894	53483	0	TRUE	NEP:cds-XAJ25421.1	CTT	L	ATT	I	30
NS|PP755593.1|A/cattle/Texas/24-008749-003/2024(H5N1)	590	C	A	11543	6425	41	41925	24010	40	0.783894	53483	0	TRUE	NS1:cds-XAJ25420.1	ACT	T	AAT	N	197
NS|PP755593.1|A/cattle/Texas/24-008749-003/2024(H5N1)	592	T	A	11446	6310	41	41847	24182	40	0.785151	53298	0	TRUE	NEP:cds-XAJ25421.1	CTT	L	CTA	L	30
NS|PP755593.1|A/cattle/Texas/24-008749-003/2024(H5N1)	592	T	A	11446	6310	41	41847	24182	40	0.785151	53298	0	TRUE	NS1:cds-XAJ25420.1	TTA	L	ATA	I	198
NS|PP755593.1|A/cattle/Texas/24-008749-003/2024(H5N1)	610	A	G	11207	6358	41	33857	18100	40	0.751309	45064	0	TRUE	NEP:cds-XAJ25421.1	GGA	G	GGG	G	36
NS|PP755593.1|A/cattle/Texas/24-008749-003/2024(H5N1)	610	A	G	11207	6358	41	33857	18100	40	0.751309	45064	0	TRUE	NS1:cds-XAJ25420.1	AGA	R	GGA	G	204
NS|PP755593.1|A/cattle/Texas/24-008749-003/2024(H5N1)	613	A	G	11053	6323	40	33910	18222	40	0.754159	44964	0	TRUE	NEP:cds-XAJ25421.1	GAA	E	GAG	E	37
NS|PP755593.1|A/cattle/Texas/24-008749-003/2024(H5N1)	613	A	G	11053	6323	40	33910	18222	40	0.754159	44964	0	TRUE	NS1:cds-XAJ25420.1	AGC	S	GGC	G	205
NS|PP755593.1|A/cattle/Texas/24-008749-003/2024(H5N1)	614	G	T	11183	6294	40	33863	18150	40	0.751259	45075	0	TRUE	NEP:cds-XAJ25421.1	GCA	A	TCA	S	38
NS|PP755593.1|A/cattle/Texas/24-008749-003/2024(H5N1)	614	G	T	11183	6294	40	33863	18150	40	0.751259	45075	0	TRUE	NS1:cds-XAJ25420.1	AGC	S	ATC	I	205
NS|PP755593.1|A/cattle/Texas/24-008749-003/2024(H5N1)	616	A	C	11251	6314	40	33613	18056	40	0.748719	44894	0	TRUE	NEP:cds-XAJ25421.1	GCA	A	GCC	A	38
NS|PP755593.1|A/cattle/Texas/24-008749-003/2024(H5N1)	616	A	C	11251	6314	40	33613	18056	40	0.748719	44894	0	TRUE	NS1:cds-XAJ25420.1	AGT	S	CGT	R	206
NS|PP755593.1|A/cattle/Texas/24-008749-003/2024(H5N1)	619	A	G	11632	6330	41	33991	18474	40	0.745008	45625	0	TRUE	NEP:cds-XAJ25421.1	GTA	V	GTG	V	39
NS|PP755593.1|A/cattle/Texas/24-008749-003/2024(H5N1)	619	A	G	11632	6330	41	33991	18474	40	0.745008	45625	0	TRUE	NS1:cds-XAJ25420.1	AAT	N	GAT	D	207
NS|PP755593.1|A/cattle/Texas/24-008749-003/2024(H5N1)	625	G	A	11773	6269	41	40152	22226	41	0.773254	51926	0	TRUE	NEP:cds-XAJ25421.1	AGG	R	AGA	R	41
NS|PP755593.1|A/cattle/Texas/24-008749-003/2024(H5N1)	625	G	A	11773	6269	41	40152	22226	41	0.773254	51926	0	TRUE	NS1:cds-XAJ25420.1	GAT	D	AAT	N	209
NS|PP755593.1|A/cattle/Texas/24-008749-003/2024(H5N1)	631	A	G	11495	5866	41	42422	22716	42	0.786802	53917	0	TRUE	NEP:cds-XAJ25421.1	GGA	G	GGG	G	43
NS|PP755593.1|A/cattle/Texas/24-008749-003/2024(H5N1)	631	A	G	11495	5866	41	42422	22716	42	0.786802	53917	0	TRUE	NS1:cds-XAJ25420.1	AGA	R	GGA	G	211
NS|PP755593.1|A/cattle/Texas/24-008749-003/2024(H5N1)	660	G	C	10809	6200	43	35017	19223	40	0.764029	45832	0	TRUE	NEP:cds-XAJ25421.1	GGA	G	GCA	A	53
NS|PP755593.1|A/cattle/Texas/24-008749-003/2024(H5N1)	660	G	C	10809	6200	43	35017	19223	40	0.764029	45832	0	TRUE	NS1:cds-XAJ25420.1	CGG	R	CGC	R	220
NS|PP755593.1|A/cattle/Texas/24-008749-003/2024(H5N1)	661	A	T	10896	6227	43	35172	19332	40	0.763	46097	0	TRUE	NEP:cds-XAJ25421.1	GGA	G	GGT	G	53
NS|PP755593.1|A/cattle/Texas/24-008749-003/2024(H5N1)	661	A	T	10896	6227	43	35172	19332	40	0.763	46097	0	TRUE	NS1:cds-XAJ25420.1	AAA	K	TAA	*	221
NS|PP755593.1|A/cattle/Texas/24-008749-003/2024(H5N1)	663	A	C	10790	6279	43	34998	19176	40	0.764299	45791	0	TRUE	NEP:cds-XAJ25421.1	AAA	K	ACA	T	54
NS|PP755593.1|A/cattle/Texas/24-008749-003/2024(H5N1)	663	A	C	10790	6279	43	34998	19176	40	0.764299	45791	0	TRUE	NS1:cds-XAJ25420.1	AAA	K	AAC	N	221
NS|PP755593.1|A/cattle/Texas/24-008749-003/2024(H5N1)	668	A	C	5	2	37	45555	25740	41	0.999737	45567	0	TRUE	NEP:cds-XAJ25421.1	AGA	R	CGA	R	56
NS|PP755593.1|A/cattle/Texas/24-008749-003/2024(H5N1)	668	A	C	5	2	37	45555	25740	41	0.999737	45567	0	TRUE	NS1:cds-XAJ25420.1	GAG	E	GCG	A	223
NS|PP755593.1|A/cattle/Texas/24-008749-003/2024(H5N1)	672	G	A	12	5	43	45155	25967	40	0.99969	45169	0	TRUE	NEP:cds-XAJ25421.1	GGA	G	GAA	E	57
NS|PP755593.1|A/cattle/Texas/24-008749-003/2024(H5N1)	672	G	A	12	5	43	45155	25967	40	0.99969	45169	0	TRUE	NS1:cds-XAJ25420.1	AGG	R	AGA	R	224
NS|PP755593.1|A/cattle/Texas/24-008749-003/2024(H5N1)	674	C	G	11118	6647	44	35181	19511	40	0.75975	46306	0	TRUE	NEP:cds-XAJ25421.1	CAA	Q	GAA	E	58
NS|PP755593.1|A/cattle/Texas/24-008749-003/2024(H5N1)	674	C	G	11118	6647	44	35181	19511	40	0.75975	46306	0	TRUE	NS1:cds-XAJ25420.1	ACA	T	AGA	R	225
NS|PP755593.1|A/cattle/Texas/24-008749-003/2024(H5N1)	697	A	G	106	57	43	11444	6651	43	0.990651	11552	0	TRUE	NEP:cds-XAJ25421.1	GAA	E	GAG	E	65
NS|PP755593.1|A/cattle/Texas/24-008749-003/2024(H5N1)	700	A	C	10685	6534	44	889	237	34	0.0765258	11617	7.07284e-306	TRUE	NEP:cds-XAJ25421.1	ATA	I	ATC	I	66
NS|PP755593.1|A/cattle/Texas/24-008749-003/2024(H5N1)	703	G	A	10683	6653	44	820	195	34	0.0712796	11504	1.19348e-278	TRUE	NEP:cds-XAJ25421.1	AGG	R	AGA	R	67
NS|PP755593.1|A/cattle/Texas/24-008749-003/2024(H5N1)	709	G	A	10100	6183	44	682	56	33	0.0632536	10782	1.75749e-229	TRUE	NEP:cds-XAJ25421.1	CTG	L	CTA	L	69
NS|PP755593.1|A/cattle/Texas/24-008749-003/2024(H5N1)	727	C	T	0	0	0	10129	7856	47	0.999901	10130	0	TRUE	NEP:cds-XAJ25421.1	CAC	H	CAT	H	75
NS|PP755593.1|A/cattle/Texas/24-008749-003/2024(H5N1)	737	A	G	19	10	51	9061	6828	48	0.997578	9083	0	TRUE	NEP:cds-XAJ25421.1	ATC	I	GTC	V	79
NS|PP755593.1|A/cattle/Texas/24-008749-003/2024(H5N1)	757	A	G	12	6	56	8656	6601	48	0.998616	8668	0	TRUE	NEP:cds-XAJ25421.1	GAA	E	GAG	E	85
NS|PP755593.1|A/cattle/Texas/24-008749-003/2024(H5N1)	788	C	T	18	16	44	6587	5554	43	0.997275	6605	0	TRUE	NEP:cds-XAJ25421.1	CTG	L	TTG	L	96
