REGION	POS	REF	ALT	REF_DP	REF_RV	REF_QUAL	ALT_DP	ALT_RV	ALT_QUAL	ALT_FREQ	TOTAL_DP	PVAL	PASS	GFF_FEATURE	REF_CODON	REF_AA	ALT_CODON	ALT_AA	POS_AA
HA|PP755589.1|A/cattle/Texas/24-008749-003/2024(H5N1)	6	G	A	3	0	40	148	17	34	0.980132	151	5.61302e-251	TRUE	HA:cds-XAJ25415.1	GAG	E	GAA	E	2
HA|PP755589.1|A/cattle/Texas/24-008749-003/2024(H5N1)	18	A	T	0	0	0	858	57	42	1	858	0	TRUE	HA:cds-XAJ25415.1	CTA	L	CTT	L	6
HA|PP755589.1|A/cattle/Texas/24-008749-003/2024(H5N1)	31	G	A	1	0	40	1128	125	40	0.999114	1129	0	TRUE	HA:cds-XAJ25415.1	GTT	V	ATT	I	11
HA|PP755589.1|A/cattle/Texas/24-008749-003/2024(H5N1)	93	A	G	1	0	40	3107	400	43	0.999678	3108	0	TRUE	HA:cds-XAJ25415.1	CAA	Q	CAG	Q	31
HA|PP755589.1|A/cattle/Texas/24-008749-003/2024(H5N1)	111	A	G	0	0	0	3589	447	42	1	3589	0	TRUE	HA:cds-XAJ25415.1	GAA	E	GAG	E	37
HA|PP755589.1|A/cattle/Texas/24-008749-003/2024(H5N1)	123	T	C	2	0	32	3810	702	43	0.997905	3818	0	TRUE	HA:cds-XAJ25415.1	ACT	T	ACC	T	41
HA|PP755589.1|A/cattle/Texas/24-008749-003/2024(H5N1)	154	A	G	1	1	40	5060	1906	45	0.999802	5061	0	TRUE	HA:cds-XAJ25415.1	ACA	T	GCA	A	52
HA|PP755589.1|A/cattle/Texas/24-008749-003/2024(H5N1)	163	G	T	4792	1473	41	69	69	27	0.0141946	4861	0.0213706	FALSE	HA:cds-XAJ25415.1	GGG	G	TGG	W	55
HA|PP755589.1|A/cattle/Texas/24-008749-003/2024(H5N1)	171	A	C	0	0	0	5103	2083	44	0.999608	5105	0	TRUE	HA:cds-XAJ25415.1	CTA	L	CTC	L	57
HA|PP755589.1|A/cattle/Texas/24-008749-003/2024(H5N1)	174	C	T	8	1	48	5104	2060	44	0.998045	5114	0	TRUE	HA:cds-XAJ25415.1	TGC	C	TGT	C	58
HA|PP755589.1|A/cattle/Texas/24-008749-003/2024(H5N1)	177	C	T	0	0	0	5274	2099	44	0.999621	5276	0	TRUE	HA:cds-XAJ25415.1	GAC	D	GAT	D	59
HA|PP755589.1|A/cattle/Texas/24-008749-003/2024(H5N1)	195	A	T	0	0	0	5924	2634	45	0.999157	5929	0	TRUE	HA:cds-XAJ25415.1	CCA	P	CCT	P	65
HA|PP755589.1|A/cattle/Texas/24-008749-003/2024(H5N1)	210	C	T	9	3	40	5955	2822	43	0.998156	5966	0	TRUE	HA:cds-XAJ25415.1	GAC	D	GAT	D	70
HA|PP755589.1|A/cattle/Texas/24-008749-003/2024(H5N1)	213	C	T	7	3	40	5878	2772	44	0.998811	5885	0	TRUE	HA:cds-XAJ25415.1	TGC	C	TGT	C	71
HA|PP755589.1|A/cattle/Texas/24-008749-003/2024(H5N1)	231	C	T	2	1	40	6170	2972	44	0.999352	6174	0	TRUE	HA:cds-XAJ25415.1	CTC	L	CTT	L	77
HA|PP755589.1|A/cattle/Texas/24-008749-003/2024(H5N1)	279	T	C	3	0	40	6953	3350	41	0.999425	6957	0	TRUE	HA:cds-XAJ25415.1	TCT	S	TCC	S	93
HA|PP755589.1|A/cattle/Texas/24-008749-003/2024(H5N1)	296	C	A	0	0	0	5883	2386	42	0.99949	5886	0	TRUE	HA:cds-XAJ25415.1	GCT	A	GAT	D	99
HA|PP755589.1|A/cattle/Texas/24-008749-003/2024(H5N1)	297	T	C	2	1	37	5908	2382	42	0.996963	5926	0	TRUE	HA:cds-XAJ25415.1	GCT	A	GCC	A	99
HA|PP755589.1|A/cattle/Texas/24-008749-003/2024(H5N1)	300	C	T	0	0	0	5905	2376	42	0.999831	5906	0	TRUE	HA:cds-XAJ25415.1	AAC	N	AAT	N	100
HA|PP755589.1|A/cattle/Texas/24-008749-003/2024(H5N1)	306	T	C	0	0	0	6656	2733	42	0.998949	6663	0	TRUE	HA:cds-XAJ25415.1	GCT	A	GCC	A	102
HA|PP755589.1|A/cattle/Texas/24-008749-003/2024(H5N1)	342	T	C	3	1	40	6779	2857	41	0.997352	6797	0	TRUE	HA:cds-XAJ25415.1	TAT	Y	TAC	Y	114
HA|PP755589.1|A/cattle/Texas/24-008749-003/2024(H5N1)	358	A	C	1	0	24	6990	2904	43	0.999714	6992	0	TRUE	HA:cds-XAJ25415.1	ATG	M	CTG	L	120
HA|PP755589.1|A/cattle/Texas/24-008749-003/2024(H5N1)	378	T	C	1	1	40	6769	2897	41	0.996027	6796	0	TRUE	HA:cds-XAJ25415.1	CAT	H	CAC	H	126
HA|PP755589.1|A/cattle/Texas/24-008749-003/2024(H5N1)	392	A	T	0	0	0	7233	3054	44	0.999309	7238	0	TRUE	HA:cds-XAJ25415.1	CAG	Q	CTG	L	131
HA|PP755589.1|A/cattle/Texas/24-008749-003/2024(H5N1)	399	T	C	2	1	32	7221	3175	44	0.999723	7223	0	TRUE	HA:cds-XAJ25415.1	ATT	I	ATC	I	133
HA|PP755589.1|A/cattle/Texas/24-008749-003/2024(H5N1)	433	C	A	6589	4274	40	116	1	28	0.0172954	6707	4.99808e-05	TRUE	HA:cds-XAJ25415.1	CTA	L	ATA	I	145
HA|PP755589.1|A/cattle/Texas/24-008749-003/2024(H5N1)	468	A	G	3	1	48	6926	3653	43	0.999423	6930	0	TRUE	HA:cds-XAJ25415.1	GCA	A	GCG	A	156
HA|PP755589.1|A/cattle/Texas/24-008749-003/2024(H5N1)	549	T	C	2	0	40	7161	3321	41	0.999721	7163	0	TRUE	HA:cds-XAJ25415.1	ACT	T	ACC	T	183
HA|PP755589.1|A/cattle/Texas/24-008749-003/2024(H5N1)	621	C	T	1	0	24	7375	3034	41	0.999458	7379	0	TRUE	HA:cds-XAJ25415.1	TAC	Y	TAT	Y	207
HA|PP755589.1|A/cattle/Texas/24-008749-003/2024(H5N1)	627	C	T	2	0	32	7353	3041	42	0.999456	7357	0	TRUE	HA:cds-XAJ25415.1	AAC	N	AAT	N	209
HA|PP755589.1|A/cattle/Texas/24-008749-003/2024(H5N1)	632	T	C	1	1	40	7145	3158	41	0.998184	7158	0	TRUE	HA:cds-XAJ25415.1	ATC	I	ACC	T	211
HA|PP755589.1|A/cattle/Texas/24-008749-003/2024(H5N1)	651	G	A	8	6	38	7383	3071	42	0.998512	7394	0	TRUE	HA:cds-XAJ25415.1	GGG	G	GGA	G	217
HA|PP755589.1|A/cattle/Texas/24-008749-003/2024(H5N1)	677	C	T	2	0	40	7262	2860	41	0.999725	7264	0	TRUE	HA:cds-XAJ25415.1	GCA	A	GTA	V	226
HA|PP755589.1|A/cattle/Texas/24-008749-003/2024(H5N1)	744	C	T	0	0	0	6658	3424	42	1	6658	0	TRUE	HA:cds-XAJ25415.1	ATC	I	ATT	I	248
HA|PP755589.1|A/cattle/Texas/24-008749-003/2024(H5N1)	762	A	C	9	6	28	6668	3608	39	0.998353	6679	0	TRUE	HA:cds-XAJ25415.1	GCA	A	GCC	A	254
HA|PP755589.1|A/cattle/Texas/24-008749-003/2024(H5N1)	780	C	T	0	0	0	6861	3559	42	0.999126	6867	0	TRUE	HA:cds-XAJ25415.1	AAC	N	AAT	N	260
HA|PP755589.1|A/cattle/Texas/24-008749-003/2024(H5N1)	819	T	C	3	2	36	7570	4904	42	0.998813	7579	0	TRUE	HA:cds-XAJ25415.1	GTT	V	GTC	V	273
HA|PP755589.1|A/cattle/Texas/24-008749-003/2024(H5N1)	834	G	A	2	2	40	7638	4873	42	0.999607	7641	0	TRUE	HA:cds-XAJ25415.1	TCG	S	TCA	S	278
HA|PP755589.1|A/cattle/Texas/24-008749-003/2024(H5N1)	867	T	C	36	22	41	7037	4297	41	0.993506	7083	0	TRUE	HA:cds-XAJ25415.1	CAT	H	CAC	H	289
HA|PP755589.1|A/cattle/Texas/24-008749-003/2024(H5N1)	897	T	A	0	0	0	6540	3722	41	0.997559	6556	0	TRUE	HA:cds-XAJ25415.1	GGT	G	GGA	G	299
HA|PP755589.1|A/cattle/Texas/24-008749-003/2024(H5N1)	921	T	C	0	0	0	6883	4363	42	1	6883	0	TRUE	HA:cds-XAJ25415.1	TTT	F	TTC	F	307
HA|PP755589.1|A/cattle/Texas/24-008749-003/2024(H5N1)	933	T	C	6	5	44	6523	3251	42	0.998928	6530	0	TRUE	HA:cds-XAJ25415.1	CAT	H	CAC	H	311
HA|PP755589.1|A/cattle/Texas/24-008749-003/2024(H5N1)	1022	A	G	3	1	31	6253	3366	42	0.998403	6263	0	TRUE	HA:cds-XAJ25415.1	AAG	K	AGG	R	341
HA|PP755589.1|A/cattle/Texas/24-008749-003/2024(H5N1)	1038	T	C	1	0	40	6472	3775	43	0.999537	6475	0	TRUE	HA:cds-XAJ25415.1	GGT	G	GGC	G	346
HA|PP755589.1|A/cattle/Texas/24-008749-003/2024(H5N1)	1137	C	T	2	0	40	7415	2254	42	0.999596	7418	0	TRUE	HA:cds-XAJ25415.1	TAC	Y	TAT	Y	379
HA|PP755589.1|A/cattle/Texas/24-008749-003/2024(H5N1)	1143	G	A	1	0	40	7400	2224	41	0.999595	7403	0	TRUE	HA:cds-XAJ25415.1	GCG	A	GCA	A	381
HA|PP755589.1|A/cattle/Texas/24-008749-003/2024(H5N1)	1314	A	C	0	0	0	8607	4480	43	1	8607	0	TRUE	HA:cds-XAJ25415.1	ACA	T	ACC	T	438
HA|PP755589.1|A/cattle/Texas/24-008749-003/2024(H5N1)	1380	C	A	5	0	27	9094	5323	42	0.999341	9100	0	TRUE	HA:cds-XAJ25415.1	GTC	V	GTA	V	460
HA|PP755589.1|A/cattle/Texas/24-008749-003/2024(H5N1)	1405	T	C	2	2	40	9159	5314	42	0.999563	9163	0	TRUE	HA:cds-XAJ25415.1	TTA	L	CTA	L	469
HA|PP755589.1|A/cattle/Texas/24-008749-003/2024(H5N1)	1415	G	T	7982	3850	38	85	85	27	0.0105276	8074	0.385897	FALSE	HA:cds-XAJ25415.1	AGG	R	ATG	M	472
HA|PP755589.1|A/cattle/Texas/24-008749-003/2024(H5N1)	1440	C	T	2	0	40	9324	4332	42	0.999464	9329	0	TRUE	HA:cds-XAJ25415.1	AAC	N	AAT	N	480
HA|PP755589.1|A/cattle/Texas/24-008749-003/2024(H5N1)	1467	T	C	25	6	39	8033	4313	42	0.996897	8058	0	TRUE	HA:cds-XAJ25415.1	TGT	C	TGC	C	489
HA|PP755589.1|A/cattle/Texas/24-008749-003/2024(H5N1)	1471	A	G	24	5	31	7963	4314	42	0.996995	7987	0	TRUE	HA:cds-XAJ25415.1	AAT	N	GAT	D	491
HA|PP755589.1|A/cattle/Texas/24-008749-003/2024(H5N1)	1474	G	A	0	0	0	7913	4328	42	0.999874	7914	0	TRUE	HA:cds-XAJ25415.1	GAA	E	AAA	K	492
HA|PP755589.1|A/cattle/Texas/24-008749-003/2024(H5N1)	1576	G	A	0	0	0	7986	6277	44	0.999875	7987	0	TRUE	HA:cds-XAJ25415.1	GTA	V	ATA	I	526
HA|PP755589.1|A/cattle/Texas/24-008749-003/2024(H5N1)	1617	A	G	2	2	40	7881	7051	47	0.999493	7885	0	TRUE	HA:cds-XAJ25415.1	GCA	A	GCG	A	539
HA|PP755589.1|A/cattle/Texas/24-008749-003/2024(H5N1)	1686	A	G	1	1	33	3631	3379	44	0.999725	3632	0	TRUE	HA:cds-XAJ25415.1	CAA	Q	CAG	Q	562
