REGION	POS	REF	ALT	REF_DP	REF_RV	REF_QUAL	ALT_DP	ALT_RV	ALT_QUAL	ALT_FREQ	TOTAL_DP	PVAL	PASS	GFF_FEATURE	REF_CODON	REF_AA	ALT_CODON	ALT_AA	POS_AA
PB2|PP755596.1|A/cattle/Texas/24-008749-003/2024(H5N1)	21	G	A	0	0	0	24	5	36	1	24	6.24023e-28	TRUE	PB2:cds-XAJ25426.1	CTG	L	CTA	L	7
PB2|PP755596.1|A/cattle/Texas/24-008749-003/2024(H5N1)	57	A	G	77	13	34	3	0	34	0.0375	80	0.0274103	FALSE	PB2:cds-XAJ25426.1	ATA	I	ATG	M	19
PB2|PP755596.1|A/cattle/Texas/24-008749-003/2024(H5N1)	60	A	T	0	0	0	1	0	34	0.0123457	81	0.00529101	TRUE	PB2:cds-XAJ25426.1	CTA	L	CTT	L	20
PB2|PP755596.1|A/cattle/Texas/24-008749-003/2024(H5N1)	60	A	C	0	0	0	80	13	36	0.987654	81	2.10332e-70	TRUE	PB2:cds-XAJ25426.1	CTA	L	CTC	L	20
PB2|PP755596.1|A/cattle/Texas/24-008749-003/2024(H5N1)	69	C	T	0	0	0	96	16	36	1	96	3.0025e-80	TRUE	PB2:cds-XAJ25426.1	ACC	T	ACT	T	23
PB2|PP755596.1|A/cattle/Texas/24-008749-003/2024(H5N1)	75	T	G	0	0	0	110	15	36	1	110	8.57578e-91	TRUE	PB2:cds-XAJ25426.1	GTT	V	GTG	V	25
PB2|PP755596.1|A/cattle/Texas/24-008749-003/2024(H5N1)	96	G	A	0	0	0	129	26	39	1	129	2.87851e-103	TRUE	PB2:cds-XAJ25426.1	AAG	K	AAA	K	32
PB2|PP755596.1|A/cattle/Texas/24-008749-003/2024(H5N1)	99	G	A	0	0	0	133	29	40	1	133	3.29947e-106	TRUE	PB2:cds-XAJ25426.1	AAG	K	AAA	K	33
PB2|PP755596.1|A/cattle/Texas/24-008749-003/2024(H5N1)	105	A	C	0	0	0	130	30	41	1	130	1.61558e-107	TRUE	PB2:cds-XAJ25426.1	ACA	T	ACC	T	35
PB2|PP755596.1|A/cattle/Texas/24-008749-003/2024(H5N1)	114	A	G	2	0	34	146	33	41	0.986486	148	2.59944e-113	TRUE	PB2:cds-XAJ25426.1	AGA	R	AGG	R	38
PB2|PP755596.1|A/cattle/Texas/24-008749-003/2024(H5N1)	120	A	G	0	0	0	161	33	41	1	161	2.21103e-126	TRUE	PB2:cds-XAJ25426.1	GAA	E	GAG	E	40
PB2|PP755596.1|A/cattle/Texas/24-008749-003/2024(H5N1)	129	T	C	1	0	68	170	54	42	0.994152	171	3.28787e-117	TRUE	PB2:cds-XAJ25426.1	CCT	P	CCC	P	43
PB2|PP755596.1|A/cattle/Texas/24-008749-003/2024(H5N1)	132	A	G	0	0	0	169	52	41	1	169	1.57683e-119	TRUE	PB2:cds-XAJ25426.1	GCA	A	GCG	A	44
PB2|PP755596.1|A/cattle/Texas/24-008749-003/2024(H5N1)	138	A	G	0	0	0	184	71	43	1	184	2.71668e-135	TRUE	PB2:cds-XAJ25426.1	AGA	R	AGG	R	46
PB2|PP755596.1|A/cattle/Texas/24-008749-003/2024(H5N1)	172	G	A	0	0	0	227	103	44	1	227	1.20123e-157	TRUE	PB2:cds-XAJ25426.1	GCA	A	ACA	T	58
PB2|PP755596.1|A/cattle/Texas/24-008749-003/2024(H5N1)	184	C	A	0	0	0	221	108	43	1	221	1.03059e-157	TRUE	PB2:cds-XAJ25426.1	CGA	R	AGA	R	62
PB2|PP755596.1|A/cattle/Texas/24-008749-003/2024(H5N1)	201	C	T	0	0	0	231	138	45	1	231	1.24353e-163	TRUE	PB2:cds-XAJ25426.1	ATC	I	ATT	I	67
PB2|PP755596.1|A/cattle/Texas/24-008749-003/2024(H5N1)	206	A	G	0	0	0	229	133	44	1	229	1.04701e-161	TRUE	PB2:cds-XAJ25426.1	GAA	E	GGA	G	69
PB2|PP755596.1|A/cattle/Texas/24-008749-003/2024(H5N1)	210	G	A	0	0	0	229	140	43	1	229	6.12651e-162	TRUE	PB2:cds-XAJ25426.1	AGG	R	AGA	R	70
PB2|PP755596.1|A/cattle/Texas/24-008749-003/2024(H5N1)	231	C	T	1	1	30	219	132	42	0.995455	220	2.704e-152	TRUE	PB2:cds-XAJ25426.1	CTC	L	CTT	L	77
PB2|PP755596.1|A/cattle/Texas/24-008749-003/2024(H5N1)	240	G	A	0	0	0	214	131	41	1	214	7.93396e-146	TRUE	PB2:cds-XAJ25426.1	AAG	K	AAA	K	80
PB2|PP755596.1|A/cattle/Texas/24-008749-003/2024(H5N1)	243	A	G	0	0	0	217	131	42	1	217	1.17194e-146	TRUE	PB2:cds-XAJ25426.1	ACA	T	ACG	T	81
PB2|PP755596.1|A/cattle/Texas/24-008749-003/2024(H5N1)	246	T	C	0	0	0	217	132	42	1	217	3.79973e-148	TRUE	PB2:cds-XAJ25426.1	AAT	N	AAC	N	82
PB2|PP755596.1|A/cattle/Texas/24-008749-003/2024(H5N1)	258	A	T	0	0	0	221	132	42	1	221	7.7298e-150	TRUE	PB2:cds-XAJ25426.1	TCA	S	TCT	S	86
PB2|PP755596.1|A/cattle/Texas/24-008749-003/2024(H5N1)	261	T	C	0	0	0	220	133	42	1	220	5.90235e-151	TRUE	PB2:cds-XAJ25426.1	GAT	D	GAC	D	87
PB2|PP755596.1|A/cattle/Texas/24-008749-003/2024(H5N1)	279	C	T	3	2	34	216	109	40	0.986301	219	7.22399e-151	TRUE	PB2:cds-XAJ25426.1	CCC	P	CCT	P	93
PB2|PP755596.1|A/cattle/Texas/24-008749-003/2024(H5N1)	285	T	C	0	0	0	229	109	42	1	229	9.04722e-161	TRUE	PB2:cds-XAJ25426.1	GCT	A	GCC	A	95
PB2|PP755596.1|A/cattle/Texas/24-008749-003/2024(H5N1)	306	T	C	0	0	0	223	105	42	1	223	2.71207e-152	TRUE	PB2:cds-XAJ25426.1	AAT	N	AAC	N	102
PB2|PP755596.1|A/cattle/Texas/24-008749-003/2024(H5N1)	324	A	G	0	0	0	191	95	42	0.994792	192	9.05893e-133	TRUE	PB2:cds-XAJ25426.1	ACA	T	ACG	T	108
PB2|PP755596.1|A/cattle/Texas/24-008749-003/2024(H5N1)	325	A	G	0	0	0	196	101	43	1	196	1.2905e-134	TRUE	PB2:cds-XAJ25426.1	ATT	I	GTT	V	109
PB2|PP755596.1|A/cattle/Texas/24-008749-003/2024(H5N1)	327	T	C	0	0	0	200	105	43	1	200	1.45553e-136	TRUE	PB2:cds-XAJ25426.1	ATT	I	ATC	I	109
PB2|PP755596.1|A/cattle/Texas/24-008749-003/2024(H5N1)	333	T	C	2	2	34	227	118	42	0.991266	229	3.97351e-155	TRUE	PB2:cds-XAJ25426.1	TAT	Y	TAC	Y	111
PB2|PP755596.1|A/cattle/Texas/24-008749-003/2024(H5N1)	351	T	G	0	0	0	243	105	43	1	243	1.09327e-166	TRUE	PB2:cds-XAJ25426.1	ACT	T	ACG	T	117
PB2|PP755596.1|A/cattle/Texas/24-008749-003/2024(H5N1)	357	T	C	0	0	0	243	108	43	1	243	3.55568e-167	TRUE	PB2:cds-XAJ25426.1	TTT	F	TTC	F	119
PB2|PP755596.1|A/cattle/Texas/24-008749-003/2024(H5N1)	381	C	T	0	0	0	236	109	43	1	236	7.2348e-164	TRUE	PB2:cds-XAJ25426.1	CAC	H	CAT	H	127
PB2|PP755596.1|A/cattle/Texas/24-008749-003/2024(H5N1)	386	C	T	247	113	43	5	2	55	0.0198413	252	0.014375	FALSE	PB2:cds-XAJ25426.1	ACC	T	ATC	I	129
PB2|PP755596.1|A/cattle/Texas/24-008749-003/2024(H5N1)	393	C	T	0	0	0	243	107	43	1	243	3.66361e-172	TRUE	PB2:cds-XAJ25426.1	GGC	G	GGT	G	131
PB2|PP755596.1|A/cattle/Texas/24-008749-003/2024(H5N1)	399	A	T	0	0	0	242	104	42	1	242	2.97184e-168	TRUE	PB2:cds-XAJ25426.1	GTA	V	GTT	V	133
PB2|PP755596.1|A/cattle/Texas/24-008749-003/2024(H5N1)	406	A	G	238	104	43	7	4	49	0.0285714	245	0.00251673	TRUE	PB2:cds-XAJ25426.1	AGA	R	GGA	G	136
PB2|PP755596.1|A/cattle/Texas/24-008749-003/2024(H5N1)	411	C	T	0	0	0	239	100	43	1	239	9.25557e-164	TRUE	PB2:cds-XAJ25426.1	AAC	N	AAT	N	137
PB2|PP755596.1|A/cattle/Texas/24-008749-003/2024(H5N1)	415	A	G	0	0	0	238	107	43	1	238	1.16559e-162	TRUE	PB2:cds-XAJ25426.1	ATT	I	GTT	V	139
PB2|PP755596.1|A/cattle/Texas/24-008749-003/2024(H5N1)	432	G	T	0	0	0	2	0	25	0.0114286	175	0.00014518	TRUE	PB2:cds-XAJ25426.1	AGG	R	AGT	S	144
PB2|PP755596.1|A/cattle/Texas/24-008749-003/2024(H5N1)	432	G	A	0	0	0	173	116	39	0.988571	175	2.21965e-131	TRUE	PB2:cds-XAJ25426.1	AGG	R	AGA	R	144
PB2|PP755596.1|A/cattle/Texas/24-008749-003/2024(H5N1)	447	G	A	1	0	34	234	111	42	0.995745	235	4.9282e-160	TRUE	PB2:cds-XAJ25426.1	CCG	P	CCA	P	149
PB2|PP755596.1|A/cattle/Texas/24-008749-003/2024(H5N1)	456	T	A	0	0	0	253	106	42	1	253	1.52634e-171	TRUE	PB2:cds-XAJ25426.1	GCT	A	GCA	A	152
PB2|PP755596.1|A/cattle/Texas/24-008749-003/2024(H5N1)	465	C	T	0	0	0	224	96	41	1	224	2.38193e-165	TRUE	PB2:cds-XAJ25426.1	AGC	S	AGT	S	155
PB2|PP755596.1|A/cattle/Texas/24-008749-003/2024(H5N1)	483	C	T	0	0	0	259	109	40	1	259	1.99661e-173	TRUE	PB2:cds-XAJ25426.1	GAC	D	GAT	D	161
PB2|PP755596.1|A/cattle/Texas/24-008749-003/2024(H5N1)	501	C	T	0	0	0	250	107	40	1	250	2.31218e-164	TRUE	PB2:cds-XAJ25426.1	GTC	V	GTT	V	167
PB2|PP755596.1|A/cattle/Texas/24-008749-003/2024(H5N1)	504	T	C	2	2	32	245	107	40	0.991903	247	1.10078e-159	TRUE	PB2:cds-XAJ25426.1	TTT	F	TTC	F	168
PB2|PP755596.1|A/cattle/Texas/24-008749-003/2024(H5N1)	531	G	A	1	1	34	257	115	40	0.996124	258	1.51346e-169	TRUE	PB2:cds-XAJ25426.1	CTG	L	CTA	L	177
PB2|PP755596.1|A/cattle/Texas/24-008749-003/2024(H5N1)	534	G	A	0	0	0	256	117	39	1	256	2.49732e-170	TRUE	PB2:cds-XAJ25426.1	ACG	T	ACA	T	178
PB2|PP755596.1|A/cattle/Texas/24-008749-003/2024(H5N1)	540	A	G	0	0	0	254	125	40	1	254	1.2899e-174	TRUE	PB2:cds-XAJ25426.1	GAA	E	GAG	E	180
PB2|PP755596.1|A/cattle/Texas/24-008749-003/2024(H5N1)	547	T	C	0	0	0	263	137	42	1	263	2.29878e-179	TRUE	PB2:cds-XAJ25426.1	TTG	L	CTG	L	183
PB2|PP755596.1|A/cattle/Texas/24-008749-003/2024(H5N1)	552	A	G	0	0	0	249	126	42	1	249	5.76718e-174	TRUE	PB2:cds-XAJ25426.1	ACA	T	ACG	T	184
PB2|PP755596.1|A/cattle/Texas/24-008749-003/2024(H5N1)	564	A	G	0	0	0	256	126	43	1	256	3.36468e-179	TRUE	PB2:cds-XAJ25426.1	GAA	E	GAG	E	188
PB2|PP755596.1|A/cattle/Texas/24-008749-003/2024(H5N1)	570	A	G	0	0	0	249	116	42	1	249	6.54683e-175	TRUE	PB2:cds-XAJ25426.1	AAA	K	AAG	K	190
PB2|PP755596.1|A/cattle/Texas/24-008749-003/2024(H5N1)	594	C	T	0	0	0	252	139	42	1	252	6.58126e-173	TRUE	PB2:cds-XAJ25426.1	ATC	I	ATT	I	198
PB2|PP755596.1|A/cattle/Texas/24-008749-003/2024(H5N1)	597	C	A	0	0	0	249	143	43	0.996	250	4.74909e-172	TRUE	PB2:cds-XAJ25426.1	GCC	A	GCA	A	199
PB2|PP755596.1|A/cattle/Texas/24-008749-003/2024(H5N1)	601	C	T	0	0	0	229	123	40	1	229	1.0574e-166	TRUE	PB2:cds-XAJ25426.1	CTG	L	TTG	L	201
PB2|PP755596.1|A/cattle/Texas/24-008749-003/2024(H5N1)	609	T	C	0	0	0	270	141	42	1	270	1.25885e-183	TRUE	PB2:cds-XAJ25426.1	GTT	V	GTC	V	203
PB2|PP755596.1|A/cattle/Texas/24-008749-003/2024(H5N1)	631	C	T	0	0	0	213	108	38	1	213	8.72016e-153	TRUE	PB2:cds-XAJ25426.1	CTG	L	TTG	L	211
PB2|PP755596.1|A/cattle/Texas/24-008749-003/2024(H5N1)	633	G	A	0	0	0	251	144	40	1	251	1.72468e-165	TRUE	PB2:cds-XAJ25426.1	CTG	L	CTA	L	211
PB2|PP755596.1|A/cattle/Texas/24-008749-003/2024(H5N1)	645	A	G	1	0	25	253	145	40	0.996063	254	1.24183e-167	TRUE	PB2:cds-XAJ25426.1	ACA	T	ACG	T	215
PB2|PP755596.1|A/cattle/Texas/24-008749-003/2024(H5N1)	660	T	G	0	0	0	262	141	40	1	262	3.18619e-174	TRUE	PB2:cds-XAJ25426.1	GTT	V	GTG	V	220
PB2|PP755596.1|A/cattle/Texas/24-008749-003/2024(H5N1)	684	C	T	0	0	0	268	136	39	1	268	7.35708e-185	TRUE	PB2:cds-XAJ25426.1	TAC	Y	TAT	Y	228
PB2|PP755596.1|A/cattle/Texas/24-008749-003/2024(H5N1)	702	G	A	0	0	0	262	124	42	1	262	5.2968e-179	TRUE	PB2:cds-XAJ25426.1	TTG	L	TTA	L	234
PB2|PP755596.1|A/cattle/Texas/24-008749-003/2024(H5N1)	711	A	G	1	0	34	250	117	42	0.996016	251	6.11301e-172	TRUE	PB2:cds-XAJ25426.1	GGA	G	GGG	G	237
PB2|PP755596.1|A/cattle/Texas/24-008749-003/2024(H5N1)	732	T	C	0	0	0	271	135	42	1	271	2.03789e-187	TRUE	PB2:cds-XAJ25426.1	TAT	Y	TAC	Y	244
PB2|PP755596.1|A/cattle/Texas/24-008749-003/2024(H5N1)	756	C	T	0	0	0	228	94	43	1	228	6.15437e-163	TRUE	PB2:cds-XAJ25426.1	AAC	N	AAT	N	252
PB2|PP755596.1|A/cattle/Texas/24-008749-003/2024(H5N1)	764	C	T	0	0	0	230	99	41	1	230	1.28371e-161	TRUE	PB2:cds-XAJ25426.1	GCA	A	GTA	V	255
PB2|PP755596.1|A/cattle/Texas/24-008749-003/2024(H5N1)	774	C	T	0	0	0	220	89	41	1	220	1.4876e-157	TRUE	PB2:cds-XAJ25426.1	AGC	S	AGT	S	258
PB2|PP755596.1|A/cattle/Texas/24-008749-003/2024(H5N1)	780	C	T	0	0	0	222	104	42	0.995516	223	4.23689e-158	TRUE	PB2:cds-XAJ25426.1	ATC	I	ATT	I	260
PB2|PP755596.1|A/cattle/Texas/24-008749-003/2024(H5N1)	783	T	C	0	0	0	234	119	43	1	234	3.05476e-165	TRUE	PB2:cds-XAJ25426.1	ATT	I	ATC	I	261
PB2|PP755596.1|A/cattle/Texas/24-008749-003/2024(H5N1)	795	T	C	0	0	0	244	123	46	1	244	6.25031e-174	TRUE	PB2:cds-XAJ25426.1	AAT	N	AAC	N	265
PB2|PP755596.1|A/cattle/Texas/24-008749-003/2024(H5N1)	816	G	A	0	0	0	259	139	44	1	259	6.4375e-183	TRUE	PB2:cds-XAJ25426.1	GTG	V	GTA	V	272
PB2|PP755596.1|A/cattle/Texas/24-008749-003/2024(H5N1)	829	T	C	1	1	26	251	138	44	0.996032	252	7.1929e-171	TRUE	PB2:cds-XAJ25426.1	TTA	L	CTA	L	277
PB2|PP755596.1|A/cattle/Texas/24-008749-003/2024(H5N1)	864	A	G	0	0	0	231	107	42	1	231	2.48324e-160	TRUE	PB2:cds-XAJ25426.1	CAA	Q	CAG	Q	288
PB2|PP755596.1|A/cattle/Texas/24-008749-003/2024(H5N1)	870	A	G	0	0	0	239	107	40	1	239	4.97611e-161	TRUE	PB2:cds-XAJ25426.1	GGA	G	GGG	G	290
PB2|PP755596.1|A/cattle/Texas/24-008749-003/2024(H5N1)	885	A	C	0	0	0	238	113	39	1	238	7.72198e-157	TRUE	PB2:cds-XAJ25426.1	GTA	V	GTC	V	295
PB2|PP755596.1|A/cattle/Texas/24-008749-003/2024(H5N1)	891	T	C	0	0	0	231	109	40	1	231	2.11671e-154	TRUE	PB2:cds-XAJ25426.1	ATT	I	ATC	I	297
PB2|PP755596.1|A/cattle/Texas/24-008749-003/2024(H5N1)	897	G	A	0	0	0	227	109	40	1	227	5.51495e-153	TRUE	PB2:cds-XAJ25426.1	CGG	R	CGA	R	299
PB2|PP755596.1|A/cattle/Texas/24-008749-003/2024(H5N1)	909	G	A	0	0	0	235	114	41	1	235	1.38027e-160	TRUE	PB2:cds-XAJ25426.1	ACG	T	ACA	T	303
PB2|PP755596.1|A/cattle/Texas/24-008749-003/2024(H5N1)	966	G	T	0	0	0	263	116	44	1	263	4.43057e-181	TRUE	PB2:cds-XAJ25426.1	TCG	S	TCT	S	322
PB2|PP755596.1|A/cattle/Texas/24-008749-003/2024(H5N1)	975	T	C	0	0	0	255	116	44	1	255	1.22789e-177	TRUE	PB2:cds-XAJ25426.1	TTT	F	TTC	F	325
PB2|PP755596.1|A/cattle/Texas/24-008749-003/2024(H5N1)	990	T	C	0	0	0	242	121	44	1	242	1.55966e-167	TRUE	PB2:cds-XAJ25426.1	TTT	F	TTC	F	330
PB2|PP755596.1|A/cattle/Texas/24-008749-003/2024(H5N1)	1020	G	A	0	0	0	231	136	43	1	231	1.70216e-167	TRUE	PB2:cds-XAJ25426.1	AGG	R	AGA	R	340
PB2|PP755596.1|A/cattle/Texas/24-008749-003/2024(H5N1)	1029	G	A	0	0	0	239	146	43	1	239	3.52019e-166	TRUE	PB2:cds-XAJ25426.1	GAG	E	GAA	E	343
PB2|PP755596.1|A/cattle/Texas/24-008749-003/2024(H5N1)	1054	T	C	0	0	0	228	129	43	1	228	8.89225e-158	TRUE	PB2:cds-XAJ25426.1	TTG	L	CTG	L	352
PB2|PP755596.1|A/cattle/Texas/24-008749-003/2024(H5N1)	1085	G	A	0	0	0	212	110	39	1	212	4.22191e-145	TRUE	PB2:cds-XAJ25426.1	GGG	G	GAG	E	362
PB2|PP755596.1|A/cattle/Texas/24-008749-003/2024(H5N1)	1092	T	G	0	0	0	235	118	40	1	235	7.9323e-157	TRUE	PB2:cds-XAJ25426.1	ACT	T	ACG	T	364
PB2|PP755596.1|A/cattle/Texas/24-008749-003/2024(H5N1)	1116	C	T	0	0	0	226	108	39	1	226	2.2875e-151	TRUE	PB2:cds-XAJ25426.1	GCC	A	GCT	A	372
PB2|PP755596.1|A/cattle/Texas/24-008749-003/2024(H5N1)	1128	A	G	0	0	0	235	109	40	1	235	1.68038e-154	TRUE	PB2:cds-XAJ25426.1	AAA	K	AAG	K	376
PB2|PP755596.1|A/cattle/Texas/24-008749-003/2024(H5N1)	1141	C	T	0	0	0	245	102	40	1	245	3.60356e-167	TRUE	PB2:cds-XAJ25426.1	CTG	L	TTG	L	381
PB2|PP755596.1|A/cattle/Texas/24-008749-003/2024(H5N1)	1146	T	C	0	0	0	247	105	41	1	247	1.23437e-165	TRUE	PB2:cds-XAJ25426.1	ATT	I	ATC	I	382
PB2|PP755596.1|A/cattle/Texas/24-008749-003/2024(H5N1)	1167	G	A	0	0	0	244	104	40	1	244	1.80239e-173	TRUE	PB2:cds-XAJ25426.1	AGG	R	AGA	R	389
PB2|PP755596.1|A/cattle/Texas/24-008749-003/2024(H5N1)	1173	A	G	1	1	34	252	108	44	0.996047	253	9.44241e-176	TRUE	PB2:cds-XAJ25426.1	GAA	E	GAG	E	391
PB2|PP755596.1|A/cattle/Texas/24-008749-003/2024(H5N1)	1197	C	T	0	0	0	269	122	44	1	269	9.35493e-190	TRUE	PB2:cds-XAJ25426.1	ATC	I	ATT	I	399
PB2|PP755596.1|A/cattle/Texas/24-008749-003/2024(H5N1)	1218	A	G	0	0	0	269	116	41	1	269	2.6878e-192	TRUE	PB2:cds-XAJ25426.1	CAA	Q	CAG	Q	406
PB2|PP755596.1|A/cattle/Texas/24-008749-003/2024(H5N1)	1221	G	A	0	0	0	269	120	41	1	269	3.19663e-190	TRUE	PB2:cds-XAJ25426.1	GAG	E	GAA	E	407
PB2|PP755596.1|A/cattle/Texas/24-008749-003/2024(H5N1)	1233	A	C	0	0	0	303	125	41	1	303	1.08972e-203	TRUE	PB2:cds-XAJ25426.1	ATA	I	ATC	I	411
PB2|PP755596.1|A/cattle/Texas/24-008749-003/2024(H5N1)	1257	C	T	0	0	0	303	123	43	1	303	6.44231e-208	TRUE	PB2:cds-XAJ25426.1	AAC	N	AAT	N	419
PB2|PP755596.1|A/cattle/Texas/24-008749-003/2024(H5N1)	1266	C	T	0	0	0	300	134	43	1	300	4.62873e-207	TRUE	PB2:cds-XAJ25426.1	AAC	N	AAT	N	422
PB2|PP755596.1|A/cattle/Texas/24-008749-003/2024(H5N1)	1275	T	C	0	0	0	303	150	44	1	303	5.19784e-212	TRUE	PB2:cds-XAJ25426.1	AAT	N	AAC	N	425
PB2|PP755596.1|A/cattle/Texas/24-008749-003/2024(H5N1)	1296	T	C	2	1	68	289	154	43	0.993127	291	1.25918e-197	TRUE	PB2:cds-XAJ25426.1	CAT	H	CAC	H	432
PB2|PP755596.1|A/cattle/Texas/24-008749-003/2024(H5N1)	1299	G	A	0	0	0	234	158	38	1	234	6.48586e-178	TRUE	PB2:cds-XAJ25426.1	CAG	Q	CAA	Q	433
PB2|PP755596.1|A/cattle/Texas/24-008749-003/2024(H5N1)	1300	C	T	294	158	43	9	3	38	0.029703	303	0.000485538	TRUE	PB2:cds-XAJ25426.1	CTC	L	TTC	F	434
PB2|PP755596.1|A/cattle/Texas/24-008749-003/2024(H5N1)	1321	A	G	1	1	34	276	137	45	0.99639	277	7.50591e-195	TRUE	PB2:cds-XAJ25426.1	AAT	N	GAT	D	441
PB2|PP755596.1|A/cattle/Texas/24-008749-003/2024(H5N1)	1326	A	T	0	0	0	285	153	44	1	285	4.88989e-200	TRUE	PB2:cds-XAJ25426.1	GCA	A	GCT	A	442
PB2|PP755596.1|A/cattle/Texas/24-008749-003/2024(H5N1)	1344	T	C	0	0	0	272	166	47	1	272	9.76192e-196	TRUE	PB2:cds-XAJ25426.1	AAT	N	AAC	N	448
PB2|PP755596.1|A/cattle/Texas/24-008749-003/2024(H5N1)	1356	G	A	0	0	0	271	170	45	1	271	5.54456e-191	TRUE	PB2:cds-XAJ25426.1	GAG	E	GAA	E	452
PB2|PP755596.1|A/cattle/Texas/24-008749-003/2024(H5N1)	1357	C	T	0	0	0	269	171	46	1	269	2.74982e-189	TRUE	PB2:cds-XAJ25426.1	CCC	P	TCC	S	453
PB2|PP755596.1|A/cattle/Texas/24-008749-003/2024(H5N1)	1377	A	G	6	4	56	264	177	42	0.977778	270	1.41797e-173	TRUE	PB2:cds-XAJ25426.1	GGA	G	GGG	G	459
PB2|PP755596.1|A/cattle/Texas/24-008749-003/2024(H5N1)	1383	C	T	0	0	0	268	188	40	1	268	3.84149e-179	TRUE	PB2:cds-XAJ25426.1	ATC	I	ATT	I	461
PB2|PP755596.1|A/cattle/Texas/24-008749-003/2024(H5N1)	1387	A	G	0	0	0	258	184	40	1	258	1.40457e-175	TRUE	PB2:cds-XAJ25426.1	ATA	I	GTA	V	463
PB2|PP755596.1|A/cattle/Texas/24-008749-003/2024(H5N1)	1395	T	C	0	0	0	268	196	40	1	268	2.13699e-179	TRUE	PB2:cds-XAJ25426.1	CCT	P	CCC	P	465
PB2|PP755596.1|A/cattle/Texas/24-008749-003/2024(H5N1)	1404	T	C	0	0	0	255	184	41	1	255	1.03279e-175	TRUE	PB2:cds-XAJ25426.1	ACT	T	ACC	T	468
PB2|PP755596.1|A/cattle/Texas/24-008749-003/2024(H5N1)	1410	T	C	0	0	0	245	170	42	1	245	9.41986e-172	TRUE	PB2:cds-XAJ25426.1	AGT	S	AGC	S	470
PB2|PP755596.1|A/cattle/Texas/24-008749-003/2024(H5N1)	1443	T	C	0	0	0	242	138	42	1	242	4.7409e-167	TRUE	PB2:cds-XAJ25426.1	AGT	S	AGC	S	481
PB2|PP755596.1|A/cattle/Texas/24-008749-003/2024(H5N1)	1469	G	A	0	0	0	224	122	40	1	224	6.52597e-152	TRUE	PB2:cds-XAJ25426.1	AGT	S	AAT	N	490
PB2|PP755596.1|A/cattle/Texas/24-008749-003/2024(H5N1)	1477	C	A	0	0	0	171	66	41	1	171	3.375e-116	TRUE	PB2:cds-XAJ25426.1	CGG	R	AGG	R	493
PB2|PP755596.1|A/cattle/Texas/24-008749-003/2024(H5N1)	1482	A	G	0	0	0	171	64	42	1	171	5.98515e-115	TRUE	PB2:cds-XAJ25426.1	GTA	V	GTG	V	494
PB2|PP755596.1|A/cattle/Texas/24-008749-003/2024(H5N1)	1483	A	G	0	0	0	173	67	42	1	173	1.17391e-115	TRUE	PB2:cds-XAJ25426.1	ATA	I	GTA	V	495
PB2|PP755596.1|A/cattle/Texas/24-008749-003/2024(H5N1)	1485	A	G	1	0	34	172	67	41	0.99422	173	2.55913e-113	TRUE	PB2:cds-XAJ25426.1	ATA	I	ATG	M	495
PB2|PP755596.1|A/cattle/Texas/24-008749-003/2024(H5N1)	1488	A	G	0	0	0	174	70	42	1	174	5.05473e-118	TRUE	PB2:cds-XAJ25426.1	GTA	V	GTG	V	496
PB2|PP755596.1|A/cattle/Texas/24-008749-003/2024(H5N1)	1512	T	C	0	0	0	277	103	45	1	277	2.29465e-195	TRUE	PB2:cds-XAJ25426.1	GTT	V	GTC	V	504
PB2|PP755596.1|A/cattle/Texas/24-008749-003/2024(H5N1)	1515	A	G	0	0	0	279	105	45	1	279	7.9374e-197	TRUE	PB2:cds-XAJ25426.1	CGA	R	CGG	R	505
PB2|PP755596.1|A/cattle/Texas/24-008749-003/2024(H5N1)	1524	G	A	0	0	0	278	100	45	1	278	5.58612e-196	TRUE	PB2:cds-XAJ25426.1	CGG	R	CGA	R	508
PB2|PP755596.1|A/cattle/Texas/24-008749-003/2024(H5N1)	1537	C	T	0	0	0	303	111	45	1	303	3.30773e-216	TRUE	PB2:cds-XAJ25426.1	CTG	L	TTG	L	513
PB2|PP755596.1|A/cattle/Texas/24-008749-003/2024(H5N1)	1545	C	A	0	0	0	286	95	46	1	286	1.11785e-203	TRUE	PB2:cds-XAJ25426.1	CCC	P	CCA	P	515
PB2|PP755596.1|A/cattle/Texas/24-008749-003/2024(H5N1)	1617	C	T	0	0	0	312	157	42	1	312	2.78465e-217	TRUE	PB2:cds-XAJ25426.1	ATC	I	ATT	I	539
PB2|PP755596.1|A/cattle/Texas/24-008749-003/2024(H5N1)	1623	T	A	0	0	0	304	161	43	1	304	4.89615e-208	TRUE	PB2:cds-XAJ25426.1	GGT	G	GGA	G	541
PB2|PP755596.1|A/cattle/Texas/24-008749-003/2024(H5N1)	1626	T	C	1	0	34	308	166	42	0.996764	309	9.54959e-207	TRUE	PB2:cds-XAJ25426.1	CCT	P	CCC	P	542
PB2|PP755596.1|A/cattle/Texas/24-008749-003/2024(H5N1)	1629	G	A	0	0	0	302	172	42	1	302	2.45501e-205	TRUE	PB2:cds-XAJ25426.1	GAG	E	GAA	E	543
PB2|PP755596.1|A/cattle/Texas/24-008749-003/2024(H5N1)	1644	T	C	0	0	0	337	183	42	1	337	5.79787e-239	TRUE	PB2:cds-XAJ25426.1	AAT	N	AAC	N	548
PB2|PP755596.1|A/cattle/Texas/24-008749-003/2024(H5N1)	1659	A	C	0	0	0	334	168	44	1	334	3.27202e-231	TRUE	PB2:cds-XAJ25426.1	ATA	I	ATC	I	553
PB2|PP755596.1|A/cattle/Texas/24-008749-003/2024(H5N1)	1677	A	T	0	0	0	303	165	43	0.996711	304	2.2357e-209	TRUE	PB2:cds-XAJ25426.1	ACA	T	ACT	T	559
PB2|PP755596.1|A/cattle/Texas/24-008749-003/2024(H5N1)	1680	A	G	0	0	0	302	163	43	1	302	8.52596e-208	TRUE	PB2:cds-XAJ25426.1	GTA	V	GTG	V	560
PB2|PP755596.1|A/cattle/Texas/24-008749-003/2024(H5N1)	1698	A	G	0	0	0	320	181	43	1	320	4.41598e-224	TRUE	PB2:cds-XAJ25426.1	CAA	Q	CAG	Q	566
PB2|PP755596.1|A/cattle/Texas/24-008749-003/2024(H5N1)	1728	G	A	0	0	0	324	174	44	1	324	5.26327e-227	TRUE	PB2:cds-XAJ25426.1	GAG	E	GAA	E	576
PB2|PP755596.1|A/cattle/Texas/24-008749-003/2024(H5N1)	1752	C	A	0	0	0	322	171	44	1	322	6.87088e-228	TRUE	PB2:cds-XAJ25426.1	GTC	V	GTA	V	584
PB2|PP755596.1|A/cattle/Texas/24-008749-003/2024(H5N1)	1758	G	A	0	0	0	318	168	42	1	318	1.14193e-221	TRUE	PB2:cds-XAJ25426.1	AAG	K	AAA	K	586
PB2|PP755596.1|A/cattle/Texas/24-008749-003/2024(H5N1)	1767	G	A	0	0	0	310	168	42	1	310	3.45835e-218	TRUE	PB2:cds-XAJ25426.1	AGG	R	AGA	R	589
PB2|PP755596.1|A/cattle/Texas/24-008749-003/2024(H5N1)	1800	T	C	0	0	0	344	169	43	1	344	2.55623e-237	TRUE	PB2:cds-XAJ25426.1	TTT	F	TTC	F	600
PB2|PP755596.1|A/cattle/Texas/24-008749-003/2024(H5N1)	1806	A	G	0	0	0	330	157	43	1	330	7.91187e-227	TRUE	PB2:cds-XAJ25426.1	CAA	Q	CAG	Q	602
PB2|PP755596.1|A/cattle/Texas/24-008749-003/2024(H5N1)	1821	T	C	0	0	0	342	165	44	1	342	1.39521e-236	TRUE	PB2:cds-XAJ25426.1	CTT	L	CTC	L	607
PB2|PP755596.1|A/cattle/Texas/24-008749-003/2024(H5N1)	1839	T	C	0	0	0	347	137	44	1	347	2.53804e-241	TRUE	PB2:cds-XAJ25426.1	GTT	V	GTC	V	613
PB2|PP755596.1|A/cattle/Texas/24-008749-003/2024(H5N1)	1842	G	A	0	0	0	341	136	43	1	341	1.18847e-237	TRUE	PB2:cds-XAJ25426.1	CAG	Q	CAA	Q	614
PB2|PP755596.1|A/cattle/Texas/24-008749-003/2024(H5N1)	1854	T	C	0	0	0	355	152	43	1	355	2.6852e-243	TRUE	PB2:cds-XAJ25426.1	CTT	L	CTC	L	618
PB2|PP755596.1|A/cattle/Texas/24-008749-003/2024(H5N1)	1878	G	A	0	0	0	355	155	44	1	355	3.01203e-245	TRUE	PB2:cds-XAJ25426.1	CCG	P	CCA	P	626
PB2|PP755596.1|A/cattle/Texas/24-008749-003/2024(H5N1)	1891	C	A	0	0	0	350	154	43	1	350	4.59834e-245	TRUE	PB2:cds-XAJ25426.1	CTG	L	ATG	M	631
PB2|PP755596.1|A/cattle/Texas/24-008749-003/2024(H5N1)	1905	T	C	0	0	0	340	145	44	1	340	7.6662e-236	TRUE	PB2:cds-XAJ25426.1	TCT	S	TCC	S	635
PB2|PP755596.1|A/cattle/Texas/24-008749-003/2024(H5N1)	1914	G	A	0	0	0	363	166	44	1	363	4.98978e-257	TRUE	PB2:cds-XAJ25426.1	GTG	V	GTA	V	638
PB2|PP755596.1|A/cattle/Texas/24-008749-003/2024(H5N1)	1945	A	G	0	0	0	338	161	42	1	338	3.38872e-232	TRUE	PB2:cds-XAJ25426.1	ATA	I	GTA	V	649
PB2|PP755596.1|A/cattle/Texas/24-008749-003/2024(H5N1)	1947	A	T	0	0	0	331	161	42	1	331	1.80289e-225	TRUE	PB2:cds-XAJ25426.1	ATA	I	ATT	I	649
PB2|PP755596.1|A/cattle/Texas/24-008749-003/2024(H5N1)	1959	T	C	0	0	0	352	163	42	1	352	3.18621e-241	TRUE	PB2:cds-XAJ25426.1	TCT	S	TCC	S	653
PB2|PP755596.1|A/cattle/Texas/24-008749-003/2024(H5N1)	2026	G	A	0	0	0	393	207	43	1	393	2.73254e-273	TRUE	PB2:cds-XAJ25426.1	GCC	A	ACC	T	676
PB2|PP755596.1|A/cattle/Texas/24-008749-003/2024(H5N1)	2049	A	G	0	0	0	393	208	43	1	393	4.35972e-272	TRUE	PB2:cds-XAJ25426.1	ACA	T	ACG	T	683
PB2|PP755596.1|A/cattle/Texas/24-008749-003/2024(H5N1)	2058	G	A	0	0	0	416	203	42	1	416	8.54446e-289	TRUE	PB2:cds-XAJ25426.1	GTG	V	GTA	V	686
PB2|PP755596.1|A/cattle/Texas/24-008749-003/2024(H5N1)	2071	T	C	0	0	0	406	183	43	1	406	1.45835e-278	TRUE	PB2:cds-XAJ25426.1	TTA	L	CTA	L	691
PB2|PP755596.1|A/cattle/Texas/24-008749-003/2024(H5N1)	2115	C	T	0	0	0	371	210	44	0.997312	372	1.08047e-269	TRUE	PB2:cds-XAJ25426.1	GGC	G	GGT	G	705
PB2|PP755596.1|A/cattle/Texas/24-008749-003/2024(H5N1)	2122	C	T	0	0	0	372	197	45	1	372	3.36308e-271	TRUE	PB2:cds-XAJ25426.1	CTG	L	TTG	L	708
PB2|PP755596.1|A/cattle/Texas/24-008749-003/2024(H5N1)	2137	C	T	366	196	44	8	6	48	0.0213904	374	0.000930724	TRUE	PB2:cds-XAJ25426.1	CTG	L	TTG	L	713
PB2|PP755596.1|A/cattle/Texas/24-008749-003/2024(H5N1)	2145	T	+C	310	150	42	8	0	20	0.0164609	486	0.0527027	FALSE	NA	NA	NA	NA	NA	NA
PB2|PP755596.1|A/cattle/Texas/24-008749-003/2024(H5N1)	2146	T	C	1	0	33	332	176	44	0.996997	333	5.63044e-235	TRUE	PB2:cds-XAJ25426.1	TTG	L	CTG	L	716
PB2|PP755596.1|A/cattle/Texas/24-008749-003/2024(H5N1)	2148	G	T	1	0	29	332	186	45	0.996997	333	6.91026e-236	TRUE	PB2:cds-XAJ25426.1	TTG	L	TTT	F	716
PB2|PP755596.1|A/cattle/Texas/24-008749-003/2024(H5N1)	2202	G	A	0	0	0	308	219	49	1	308	6.91309e-227	TRUE	PB2:cds-XAJ25426.1	GTG	V	GTA	V	734
PB2|PP755596.1|A/cattle/Texas/24-008749-003/2024(H5N1)	2259	A	G	0	0	0	197	141	50	1	197	4.19553e-145	TRUE	PB2:cds-XAJ25426.1	AGA	R	AGG	R	753
