REGION	POS	REF	ALT	REF_DP	REF_RV	REF_QUAL	ALT_DP	ALT_RV	ALT_QUAL	ALT_FREQ	TOTAL_DP	PVAL	PASS	GFF_FEATURE	REF_CODON	REF_AA	ALT_CODON	ALT_AA	POS_AA
HA|PP755589.1|A/cattle/Texas/24-008749-003/2024(H5N1)	6	G	A	3	0	34	324	18	29	0.990826	327	0	TRUE	HA:cds-XAJ25415.1	GAG	E	GAA	E	2
HA|PP755589.1|A/cattle/Texas/24-008749-003/2024(H5N1)	18	A	T	0	0	0	1254	52	35	0.996029	1259	0	TRUE	HA:cds-XAJ25415.1	CTA	L	CTT	L	6
HA|PP755589.1|A/cattle/Texas/24-008749-003/2024(H5N1)	31	G	A	4	1	40	1570	149	35	0.997459	1574	0	TRUE	HA:cds-XAJ25415.1	GTT	V	ATT	I	11
HA|PP755589.1|A/cattle/Texas/24-008749-003/2024(H5N1)	93	A	G	1	0	34	4423	696	37	0.999774	4424	0	TRUE	HA:cds-XAJ25415.1	CAA	Q	CAG	Q	31
HA|PP755589.1|A/cattle/Texas/24-008749-003/2024(H5N1)	123	T	C	1	1	68	5159	1188	37	0.999806	5160	0	TRUE	HA:cds-XAJ25415.1	ACT	T	ACC	T	41
HA|PP755589.1|A/cattle/Texas/24-008749-003/2024(H5N1)	154	A	G	1	0	34	7077	2970	39	0.999576	7080	0	TRUE	HA:cds-XAJ25415.1	ACA	T	GCA	A	52
HA|PP755589.1|A/cattle/Texas/24-008749-003/2024(H5N1)	171	A	C	0	0	0	7049	3384	37	0.999716	7051	0	TRUE	HA:cds-XAJ25415.1	CTA	L	CTC	L	57
HA|PP755589.1|A/cattle/Texas/24-008749-003/2024(H5N1)	174	C	T	24	13	42	7188	3401	38	0.996396	7214	0	TRUE	HA:cds-XAJ25415.1	TGC	C	TGT	C	58
HA|PP755589.1|A/cattle/Texas/24-008749-003/2024(H5N1)	177	C	T	3	2	31	7017	3058	37	0.99943	7021	0	TRUE	HA:cds-XAJ25415.1	GAC	D	GAT	D	59
HA|PP755589.1|A/cattle/Texas/24-008749-003/2024(H5N1)	192	G	A	7541	3739	38	451	214	37	0.0564244	7993	1.58533e-142	TRUE	HA:cds-XAJ25415.1	AAG	K	AAA	K	64
HA|PP755589.1|A/cattle/Texas/24-008749-003/2024(H5N1)	195	A	T	1	1	26	7764	3775	38	0.998072	7779	0	TRUE	HA:cds-XAJ25415.1	CCA	P	CCT	P	65
HA|PP755589.1|A/cattle/Texas/24-008749-003/2024(H5N1)	206	A	C	6947	3865	37	907	422	36	0.115292	7867	0	TRUE	HA:cds-XAJ25415.1	AAG	K	ACG	T	69
HA|PP755589.1|A/cattle/Texas/24-008749-003/2024(H5N1)	210	C	T	9	8	33	8214	4209	37	0.998784	8224	0	TRUE	HA:cds-XAJ25415.1	GAC	D	GAT	D	70
HA|PP755589.1|A/cattle/Texas/24-008749-003/2024(H5N1)	213	C	T	17	8	41	8315	4285	37	0.99784	8333	0	TRUE	HA:cds-XAJ25415.1	TGC	C	TGT	C	71
HA|PP755589.1|A/cattle/Texas/24-008749-003/2024(H5N1)	231	C	T	6	1	39	6950	2903	35	0.998707	6959	0	TRUE	HA:cds-XAJ25415.1	CTC	L	CTT	L	77
HA|PP755589.1|A/cattle/Texas/24-008749-003/2024(H5N1)	279	T	C	3	2	31	9177	4802	36	0.999564	9181	0	TRUE	HA:cds-XAJ25415.1	TCT	S	TCC	S	93
HA|PP755589.1|A/cattle/Texas/24-008749-003/2024(H5N1)	288	G	A	8322	3652	36	86	30	33	0.0102271	8409	6.77158e-19	TRUE	HA:cds-XAJ25415.1	GTG	V	GTA	V	96
HA|PP755589.1|A/cattle/Texas/24-008749-003/2024(H5N1)	297	T	C	1	1	34	8226	3687	36	0.999878	8227	0	TRUE	HA:cds-XAJ25415.1	GCT	A	GCC	A	99
HA|PP755589.1|A/cattle/Texas/24-008749-003/2024(H5N1)	300	C	T	9	4	32	8096	3446	36	0.998766	8106	0	TRUE	HA:cds-XAJ25415.1	AAC	N	AAT	N	100
HA|PP755589.1|A/cattle/Texas/24-008749-003/2024(H5N1)	342	T	C	6	5	34	8555	3813	37	0.999182	8562	0	TRUE	HA:cds-XAJ25415.1	TAT	Y	TAC	Y	114
HA|PP755589.1|A/cattle/Texas/24-008749-003/2024(H5N1)	358	A	C	1	0	34	8276	3956	36	0.999638	8279	0	TRUE	HA:cds-XAJ25415.1	ATG	M	CTG	L	120
HA|PP755589.1|A/cattle/Texas/24-008749-003/2024(H5N1)	378	T	C	1	1	34	8243	3775	37	0.999879	8244	0	TRUE	HA:cds-XAJ25415.1	CAT	H	CAC	H	126
HA|PP755589.1|A/cattle/Texas/24-008749-003/2024(H5N1)	392	A	T	3	3	29	8337	3923	37	0.998563	8349	0	TRUE	HA:cds-XAJ25415.1	CAG	Q	CTG	L	131
HA|PP755589.1|A/cattle/Texas/24-008749-003/2024(H5N1)	399	T	C	2	0	51	8395	4089	38	0.999643	8398	0	TRUE	HA:cds-XAJ25415.1	ATT	I	ATC	I	133
HA|PP755589.1|A/cattle/Texas/24-008749-003/2024(H5N1)	454	C	A	1	0	27	8487	4755	36	0.999176	8494	0	TRUE	HA:cds-XAJ25415.1	CCA	P	ACA	T	152
HA|PP755589.1|A/cattle/Texas/24-008749-003/2024(H5N1)	468	A	G	2	2	34	7887	4110	36	0.99962	7890	0	TRUE	HA:cds-XAJ25415.1	GCA	A	GCG	A	156
HA|PP755589.1|A/cattle/Texas/24-008749-003/2024(H5N1)	549	T	C	2	1	34	7612	3672	36	0.999475	7616	0	TRUE	HA:cds-XAJ25415.1	ACT	T	ACC	T	183
HA|PP755589.1|A/cattle/Texas/24-008749-003/2024(H5N1)	621	C	T	10	2	48	7282	3165	36	0.998629	7292	0	TRUE	HA:cds-XAJ25415.1	TAC	Y	TAT	Y	207
HA|PP755589.1|A/cattle/Texas/24-008749-003/2024(H5N1)	627	C	T	2	0	34	6714	2774	35	0.999405	6718	0	TRUE	HA:cds-XAJ25415.1	AAC	N	AAT	N	209
HA|PP755589.1|A/cattle/Texas/24-008749-003/2024(H5N1)	632	T	C	2	1	47	7327	3309	36	0.999727	7329	0	TRUE	HA:cds-XAJ25415.1	ATC	I	ACC	T	211
HA|PP755589.1|A/cattle/Texas/24-008749-003/2024(H5N1)	651	G	A	7	4	34	7061	3204	36	0.998868	7069	0	TRUE	HA:cds-XAJ25415.1	GGG	G	GGA	G	217
HA|PP755589.1|A/cattle/Texas/24-008749-003/2024(H5N1)	677	C	T	6	3	34	7420	3227	36	0.998789	7429	0	TRUE	HA:cds-XAJ25415.1	GCA	A	GTA	V	226
HA|PP755589.1|A/cattle/Texas/24-008749-003/2024(H5N1)	692	C	T	6958	3314	36	471	247	35	0.0633831	7431	4.91268e-142	TRUE	HA:cds-XAJ25415.1	ACT	T	ATT	I	231
HA|PP755589.1|A/cattle/Texas/24-008749-003/2024(H5N1)	744	C	T	0	0	0	6834	3476	35	0.999854	6835	0	TRUE	HA:cds-XAJ25415.1	ATC	I	ATT	I	248
HA|PP755589.1|A/cattle/Texas/24-008749-003/2024(H5N1)	762	A	C	0	0	0	7065	3785	36	0.998728	7074	0	TRUE	HA:cds-XAJ25415.1	GCA	A	GCC	A	254
HA|PP755589.1|A/cattle/Texas/24-008749-003/2024(H5N1)	777	T	C	1	0	34	6799	3571	36	0.999853	6800	0	TRUE	HA:cds-XAJ25415.1	AGT	S	AGC	S	259
HA|PP755589.1|A/cattle/Texas/24-008749-003/2024(H5N1)	780	C	T	3	0	34	6754	3526	36	0.99926	6759	0	TRUE	HA:cds-XAJ25415.1	AAC	N	AAT	N	260
HA|PP755589.1|A/cattle/Texas/24-008749-003/2024(H5N1)	819	T	C	0	0	0	7660	4911	37	1	7660	0	TRUE	HA:cds-XAJ25415.1	GTT	V	GTC	V	273
HA|PP755589.1|A/cattle/Texas/24-008749-003/2024(H5N1)	834	G	A	10	6	33	7431	4761	36	0.997985	7446	0	TRUE	HA:cds-XAJ25415.1	TCG	S	TCA	S	278
HA|PP755589.1|A/cattle/Texas/24-008749-003/2024(H5N1)	867	T	C	7	3	33	7272	4275	36	0.999038	7279	0	TRUE	HA:cds-XAJ25415.1	CAT	H	CAC	H	289
HA|PP755589.1|A/cattle/Texas/24-008749-003/2024(H5N1)	897	T	A	4	2	30	6581	3724	35	0.996517	6604	0	TRUE	HA:cds-XAJ25415.1	GGT	G	GGA	G	299
HA|PP755589.1|A/cattle/Texas/24-008749-003/2024(H5N1)	921	T	C	1	1	34	7215	4453	36	0.999861	7216	0	TRUE	HA:cds-XAJ25415.1	TTT	F	TTC	F	307
HA|PP755589.1|A/cattle/Texas/24-008749-003/2024(H5N1)	933	T	C	3	3	45	7067	3409	36	0.999576	7070	0	TRUE	HA:cds-XAJ25415.1	CAT	H	CAC	H	311
HA|PP755589.1|A/cattle/Texas/24-008749-003/2024(H5N1)	963	C	T	7	2	34	6880	2915	37	0.998259	6892	0	TRUE	HA:cds-XAJ25415.1	TAC	Y	TAT	Y	321
HA|PP755589.1|A/cattle/Texas/24-008749-003/2024(H5N1)	1022	A	G	1	1	34	6810	3534	37	0.999853	6811	0	TRUE	HA:cds-XAJ25415.1	AAG	K	AGG	R	341
HA|PP755589.1|A/cattle/Texas/24-008749-003/2024(H5N1)	1038	T	C	3	2	34	6790	3808	36	0.999264	6795	0	TRUE	HA:cds-XAJ25415.1	GGT	G	GGC	G	346
HA|PP755589.1|A/cattle/Texas/24-008749-003/2024(H5N1)	1080	G	A	14	6	34	6964	3482	36	0.997708	6980	0	TRUE	HA:cds-XAJ25415.1	CAG	Q	CAA	Q	360
HA|PP755589.1|A/cattle/Texas/24-008749-003/2024(H5N1)	1143	G	A	8	4	34	8591	2413	35	0.998953	8600	0	TRUE	HA:cds-XAJ25415.1	GCG	A	GCA	A	381
HA|PP755589.1|A/cattle/Texas/24-008749-003/2024(H5N1)	1314	A	C	0	0	0	9944	5354	36	1	9944	0	TRUE	HA:cds-XAJ25415.1	ACA	T	ACC	T	438
HA|PP755589.1|A/cattle/Texas/24-008749-003/2024(H5N1)	1357	C	T	10516	5407	36	150	82	35	0.0140436	10681	5.95664e-36	TRUE	HA:cds-XAJ25415.1	CTA	L	TTA	L	453
HA|PP755589.1|A/cattle/Texas/24-008749-003/2024(H5N1)	1405	T	C	1	0	34	11051	6513	36	0.999819	11053	0	TRUE	HA:cds-XAJ25415.1	TTA	L	CTA	L	469
HA|PP755589.1|A/cattle/Texas/24-008749-003/2024(H5N1)	1440	C	T	22	1	34	11060	4984	36	0.997835	11084	0	TRUE	HA:cds-XAJ25415.1	AAC	N	AAT	N	480
HA|PP755589.1|A/cattle/Texas/24-008749-003/2024(H5N1)	1467	T	C	9	5	36	9691	5116	35	0.999072	9700	0	TRUE	HA:cds-XAJ25415.1	TGT	C	TGC	C	489
HA|PP755589.1|A/cattle/Texas/24-008749-003/2024(H5N1)	1471	A	G	3	2	31	9927	5123	35	0.999698	9930	0	TRUE	HA:cds-XAJ25415.1	AAT	N	GAT	D	491
HA|PP755589.1|A/cattle/Texas/24-008749-003/2024(H5N1)	1518	G	A	10265	5482	38	160	81	38	0.0153433	10428	1.9254e-40	TRUE	HA:cds-XAJ25415.1	CAG	Q	CAA	Q	506
HA|PP755589.1|A/cattle/Texas/24-008749-003/2024(H5N1)	1526	A	G	10	6	36	9343	4783	38	0.998611	9356	0	TRUE	HA:cds-XAJ25415.1	GAA	E	GGA	G	509
HA|PP755589.1|A/cattle/Texas/24-008749-003/2024(H5N1)	1576	G	A	1	1	34	9186	6729	38	0.999891	9187	0	TRUE	HA:cds-XAJ25415.1	GTA	V	ATA	I	526
HA|PP755589.1|A/cattle/Texas/24-008749-003/2024(H5N1)	1617	A	G	0	0	0	9628	8375	41	1	9628	0	TRUE	HA:cds-XAJ25415.1	GCA	A	GCG	A	539
HA|PP755589.1|A/cattle/Texas/24-008749-003/2024(H5N1)	1686	A	G	2	2	34	4914	4626	37	0.999593	4916	0	TRUE	HA:cds-XAJ25415.1	CAA	Q	CAG	Q	562
