REGION	POS	REF	ALT	REF_DP	REF_RV	REF_QUAL	ALT_DP	ALT_RV	ALT_QUAL	ALT_FREQ	TOTAL_DP	PVAL	PASS	GFF_FEATURE	REF_CODON	REF_AA	ALT_CODON	ALT_AA	POS_AA
PA|PP755594.1|A/cattle/Texas/24-008749-003/2024(H5N1)	58	G	A	2	0	34	966	204	33	0.996904	969	0	TRUE	PA:cds-XAJ25422.1	GCA	A	ACA	T	20
PA|PP755594.1|A/cattle/Texas/24-008749-003/2024(H5N1)	58	G	A	2	0	34	966	204	33	0.996904	969	0	TRUE	PA-X:cds-XAJ25423.1	GCA	A	ACA	T	20
PA|PP755594.1|A/cattle/Texas/24-008749-003/2024(H5N1)	981	G	A	0	0	0	2467	910	33	1	2467	0	TRUE	PA:cds-XAJ25422.1	GAG	E	GAA	E	327
PA|PP755594.1|A/cattle/Texas/24-008749-003/2024(H5N1)	1221	T	C	2335	1029	33	494	176	33	0.174558	2830	2.22162e-158	TRUE	PA:cds-XAJ25422.1	ATT	I	ATC	I	407
PA|PP755594.1|A/cattle/Texas/24-008749-003/2024(H5N1)	1294	G	A	0	0	0	3065	1494	33	1	3065	0	TRUE	PA:cds-XAJ25422.1	GTT	V	ATT	I	432
