REGION	POS	REF	ALT	REF_DP	REF_RV	REF_QUAL	ALT_DP	ALT_RV	ALT_QUAL	ALT_FREQ	TOTAL_DP	PVAL	PASS	GFF_FEATURE	REF_CODON	REF_AA	ALT_CODON	ALT_AA	POS_AA
PB1|PP755595.1|A/cattle/Texas/24-008749-003/2024(H5N1)	8	T	C	50	9	37	1	0	37	0.0196078	51	0.120567	FALSE	PB1:cds-XAJ25424.1	GTC	V	GCC	A	3
PB1|PP755595.1|A/cattle/Texas/24-008749-003/2024(H5N1)	408	T	C	786	504	36	11	5	37	0.0138018	797	0.000443204	TRUE	PB1:cds-XAJ25424.1	AAT	N	AAC	N	136
PB1|PP755595.1|A/cattle/Texas/24-008749-003/2024(H5N1)	945	T	C	1	1	37	901	567	36	0.997785	903	0	TRUE	PB1:cds-XAJ25424.1	CCT	P	CCC	P	315
