REGION	POS	REF	ALT	REF_DP	REF_RV	REF_QUAL	ALT_DP	ALT_RV	ALT_QUAL	ALT_FREQ	TOTAL_DP	PVAL	PASS	GFF_FEATURE	REF_CODON	REF_AA	ALT_CODON	ALT_AA	POS_AA
PB2|PP755596.1|A/cattle/Texas/24-008749-003/2024(H5N1)	10	A	G	542	253	33	6	3	34	0.0109489	548	0.000800096	TRUE	PB2:cds-XAJ25426.1	ATA	I	GTA	V	4
PB2|PP755596.1|A/cattle/Texas/24-008749-003/2024(H5N1)	114	A	G	3	0	31	2458	1181	33	0.998781	2461	0	TRUE	PB2:cds-XAJ25426.1	AGA	R	AGG	R	38
PB2|PP755596.1|A/cattle/Texas/24-008749-003/2024(H5N1)	138	A	G	2	1	34	2829	1412	33	0.999294	2831	0	TRUE	PB2:cds-XAJ25426.1	AGA	R	AGG	R	46
PB2|PP755596.1|A/cattle/Texas/24-008749-003/2024(H5N1)	165	T	C	1	1	34	2939	1494	33	0.99966	2940	0	TRUE	PB2:cds-XAJ25426.1	TAT	Y	TAC	Y	55
PB2|PP755596.1|A/cattle/Texas/24-008749-003/2024(H5N1)	172	G	A	0	0	0	2865	1410	33	0.999651	2866	0	TRUE	PB2:cds-XAJ25426.1	GCA	A	ACA	T	58
PB2|PP755596.1|A/cattle/Texas/24-008749-003/2024(H5N1)	252	C	T	4	2	34	2469	1322	33	0.998383	2473	0	TRUE	PB2:cds-XAJ25426.1	GCC	A	GCT	A	84
PB2|PP755596.1|A/cattle/Texas/24-008749-003/2024(H5N1)	262	C	A	0	0	0	2512	1380	33	0.999602	2513	0	TRUE	PB2:cds-XAJ25426.1	CGA	R	AGA	R	88
PB2|PP755596.1|A/cattle/Texas/24-008749-003/2024(H5N1)	273	A	G	5	3	34	2539	1292	33	0.998035	2544	0	TRUE	PB2:cds-XAJ25426.1	GTA	V	GTG	V	91
PB2|PP755596.1|A/cattle/Texas/24-008749-003/2024(H5N1)	325	A	G	0	0	0	2572	1294	33	1	2572	0	TRUE	PB2:cds-XAJ25426.1	ATT	I	GTT	V	109
PB2|PP755596.1|A/cattle/Texas/24-008749-003/2024(H5N1)	381	C	T	0	0	0	2530	1310	33	1	2530	0	TRUE	PB2:cds-XAJ25426.1	CAC	H	CAT	H	127
PB2|PP755596.1|A/cattle/Texas/24-008749-003/2024(H5N1)	415	A	G	0	0	0	2157	1064	33	1	2157	0	TRUE	PB2:cds-XAJ25426.1	ATT	I	GTT	V	139
PB2|PP755596.1|A/cattle/Texas/24-008749-003/2024(H5N1)	465	C	T	2	1	34	1998	924	33	0.999	2000	0	TRUE	PB2:cds-XAJ25426.1	AGC	S	AGT	S	155
PB2|PP755596.1|A/cattle/Texas/24-008749-003/2024(H5N1)	516	G	A	0	0	0	2280	1083	33	1	2280	0	TRUE	PB2:cds-XAJ25426.1	GTG	V	GTA	V	172
PB2|PP755596.1|A/cattle/Texas/24-008749-003/2024(H5N1)	529	C	T	0	0	0	2216	998	33	1	2216	0	TRUE	PB2:cds-XAJ25426.1	CTG	L	TTG	L	177
PB2|PP755596.1|A/cattle/Texas/24-008749-003/2024(H5N1)	540	A	G	2	1	34	2213	1097	33	0.999097	2215	0	TRUE	PB2:cds-XAJ25426.1	GAA	E	GAG	E	180
PB2|PP755596.1|A/cattle/Texas/24-008749-003/2024(H5N1)	552	A	G	0	0	0	2180	1116	33	0.999541	2181	0	TRUE	PB2:cds-XAJ25426.1	ACA	T	ACG	T	184
PB2|PP755596.1|A/cattle/Texas/24-008749-003/2024(H5N1)	570	A	G	0	0	0	2210	1157	33	1	2210	0	TRUE	PB2:cds-XAJ25426.1	AAA	K	AAG	K	190
PB2|PP755596.1|A/cattle/Texas/24-008749-003/2024(H5N1)	651	C	T	4	2	34	1974	854	32	0.997473	1979	0	TRUE	PB2:cds-XAJ25426.1	TTC	F	TTT	F	217
PB2|PP755596.1|A/cattle/Texas/24-008749-003/2024(H5N1)	660	T	G	0	0	0	2136	1068	33	1	2136	0	TRUE	PB2:cds-XAJ25426.1	GTT	V	GTG	V	220
PB2|PP755596.1|A/cattle/Texas/24-008749-003/2024(H5N1)	726	G	A	0	0	0	2434	1242	33	0.999179	2436	0	TRUE	PB2:cds-XAJ25426.1	CAG	Q	CAA	Q	242
PB2|PP755596.1|A/cattle/Texas/24-008749-003/2024(H5N1)	764	C	T	5	2	34	2592	1281	33	0.997691	2598	0	TRUE	PB2:cds-XAJ25426.1	GCA	A	GTA	V	255
PB2|PP755596.1|A/cattle/Texas/24-008749-003/2024(H5N1)	771	G	A	0	0	0	2502	1230	33	1	2502	0	TRUE	PB2:cds-XAJ25426.1	CAG	Q	CAA	Q	257
PB2|PP755596.1|A/cattle/Texas/24-008749-003/2024(H5N1)	777	G	A	0	0	0	2267	1079	33	1	2267	0	TRUE	PB2:cds-XAJ25426.1	TTG	L	TTA	L	259
PB2|PP755596.1|A/cattle/Texas/24-008749-003/2024(H5N1)	780	C	T	0	0	0	2201	1012	33	1	2201	0	TRUE	PB2:cds-XAJ25426.1	ATC	I	ATT	I	260
PB2|PP755596.1|A/cattle/Texas/24-008749-003/2024(H5N1)	783	T	C	0	0	0	2284	1095	33	1	2284	0	TRUE	PB2:cds-XAJ25426.1	ATT	I	ATC	I	261
PB2|PP755596.1|A/cattle/Texas/24-008749-003/2024(H5N1)	789	C	T	7	4	32	2495	1277	33	0.997202	2502	0	TRUE	PB2:cds-XAJ25426.1	GCC	A	GCT	A	263
PB2|PP755596.1|A/cattle/Texas/24-008749-003/2024(H5N1)	795	T	C	0	0	0	2631	1342	33	1	2631	0	TRUE	PB2:cds-XAJ25426.1	AAT	N	AAC	N	265
PB2|PP755596.1|A/cattle/Texas/24-008749-003/2024(H5N1)	876	A	G	0	0	0	2305	1108	33	1	2305	0	TRUE	PB2:cds-XAJ25426.1	ATA	I	ATG	M	292
PB2|PP755596.1|A/cattle/Texas/24-008749-003/2024(H5N1)	879	G	A	3	1	34	2112	1107	32	0.998582	2115	0	TRUE	PB2:cds-XAJ25426.1	AGG	R	AGA	R	293
PB2|PP755596.1|A/cattle/Texas/24-008749-003/2024(H5N1)	909	G	A	0	0	0	2277	1163	33	1	2277	0	TRUE	PB2:cds-XAJ25426.1	ACG	T	ACA	T	303
PB2|PP755596.1|A/cattle/Texas/24-008749-003/2024(H5N1)	939	A	G	2	1	34	2334	1124	33	0.998716	2337	0	TRUE	PB2:cds-XAJ25426.1	GCA	A	GCG	A	313
PB2|PP755596.1|A/cattle/Texas/24-008749-003/2024(H5N1)	966	G	T	0	0	0	2337	1124	33	0.996164	2346	0	TRUE	PB2:cds-XAJ25426.1	TCG	S	TCT	S	322
PB2|PP755596.1|A/cattle/Texas/24-008749-003/2024(H5N1)	1005	A	G	2	1	34	2309	1211	33	0.999135	2311	0	TRUE	PB2:cds-XAJ25426.1	GGA	G	GGG	G	335
PB2|PP755596.1|A/cattle/Texas/24-008749-003/2024(H5N1)	1029	G	A	1	1	34	2217	1157	33	0.999549	2218	0	TRUE	PB2:cds-XAJ25426.1	GAG	E	GAA	E	343
PB2|PP755596.1|A/cattle/Texas/24-008749-003/2024(H5N1)	1030	G	A	2216	1155	33	29	15	34	0.0129176	2245	7.22687e-08	TRUE	PB2:cds-XAJ25426.1	GTG	V	ATG	M	344
PB2|PP755596.1|A/cattle/Texas/24-008749-003/2024(H5N1)	1044	C	T	1	1	34	2180	1065	33	0.999541	2181	0	TRUE	PB2:cds-XAJ25426.1	AAC	N	AAT	N	348
PB2|PP755596.1|A/cattle/Texas/24-008749-003/2024(H5N1)	1068	A	G	0	0	0	2206	1101	33	1	2206	0	TRUE	PB2:cds-XAJ25426.1	GTA	V	GTG	V	356
PB2|PP755596.1|A/cattle/Texas/24-008749-003/2024(H5N1)	1085	G	A	2	1	34	2081	1032	33	0.99904	2083	0	TRUE	PB2:cds-XAJ25426.1	GGG	G	GAG	E	362
PB2|PP755596.1|A/cattle/Texas/24-008749-003/2024(H5N1)	1086	G	A	1	1	26	2118	1019	33	0.999528	2119	0	TRUE	PB2:cds-XAJ25426.1	GGG	G	GGA	G	362
PB2|PP755596.1|A/cattle/Texas/24-008749-003/2024(H5N1)	1122	C	A	0	0	0	2340	1158	33	1	2340	0	TRUE	PB2:cds-XAJ25426.1	CTC	L	CTA	L	374
PB2|PP755596.1|A/cattle/Texas/24-008749-003/2024(H5N1)	1134	C	A	0	0	0	2311	1169	33	1	2311	0	TRUE	PB2:cds-XAJ25426.1	ACC	T	ACA	T	378
PB2|PP755596.1|A/cattle/Texas/24-008749-003/2024(H5N1)	1140	G	A	4	2	34	2220	1086	33	0.997753	2225	0	TRUE	PB2:cds-XAJ25426.1	AGG	R	AGA	R	380
PB2|PP755596.1|A/cattle/Texas/24-008749-003/2024(H5N1)	1146	T	C	6	2	34	2438	1191	33	0.997545	2444	0	TRUE	PB2:cds-XAJ25426.1	ATT	I	ATC	I	382
PB2|PP755596.1|A/cattle/Texas/24-008749-003/2024(H5N1)	1150	C	T	0	0	0	2046	746	31	1	2046	0	TRUE	PB2:cds-XAJ25426.1	CTA	L	TTA	L	384
PB2|PP755596.1|A/cattle/Texas/24-008749-003/2024(H5N1)	1197	C	T	0	0	0	2501	1207	33	1	2501	0	TRUE	PB2:cds-XAJ25426.1	ATC	I	ATT	I	399
PB2|PP755596.1|A/cattle/Texas/24-008749-003/2024(H5N1)	1224	C	T	0	0	0	2465	1187	33	0.999594	2466	0	TRUE	PB2:cds-XAJ25426.1	GAC	D	GAT	D	408
PB2|PP755596.1|A/cattle/Texas/24-008749-003/2024(H5N1)	1251	T	C	0	0	0	2410	1157	33	1	2410	0	TRUE	PB2:cds-XAJ25426.1	GAT	D	GAC	D	417
PB2|PP755596.1|A/cattle/Texas/24-008749-003/2024(H5N1)	1257	C	T	0	0	0	2424	1171	33	1	2424	0	TRUE	PB2:cds-XAJ25426.1	AAC	N	AAT	N	419
PB2|PP755596.1|A/cattle/Texas/24-008749-003/2024(H5N1)	1266	C	T	0	0	0	2435	1192	33	1	2435	0	TRUE	PB2:cds-XAJ25426.1	AAC	N	AAT	N	422
PB2|PP755596.1|A/cattle/Texas/24-008749-003/2024(H5N1)	1272	G	A	2	1	34	2505	1222	33	0.999202	2507	0	TRUE	PB2:cds-XAJ25426.1	GCG	A	GCA	A	424
PB2|PP755596.1|A/cattle/Texas/24-008749-003/2024(H5N1)	1321	A	G	0	0	0	2346	1044	33	1	2346	0	TRUE	PB2:cds-XAJ25426.1	AAT	N	GAT	D	441
PB2|PP755596.1|A/cattle/Texas/24-008749-003/2024(H5N1)	1413	T	C	2	1	34	2853	1490	33	0.999299	2855	0	TRUE	PB2:cds-XAJ25426.1	ACT	T	ACC	T	471
PB2|PP755596.1|A/cattle/Texas/24-008749-003/2024(H5N1)	1422	A	T	0	0	0	2780	1419	33	0.998205	2785	0	TRUE	PB2:cds-XAJ25426.1	TCA	S	TCT	S	474
PB2|PP755596.1|A/cattle/Texas/24-008749-003/2024(H5N1)	1483	A	G	0	0	0	2776	1281	33	1	2776	0	TRUE	PB2:cds-XAJ25426.1	ATA	I	GTA	V	495
PB2|PP755596.1|A/cattle/Texas/24-008749-003/2024(H5N1)	1512	T	C	2	1	34	2896	1443	33	0.99931	2898	0	TRUE	PB2:cds-XAJ25426.1	GTT	V	GTC	V	504
PB2|PP755596.1|A/cattle/Texas/24-008749-003/2024(H5N1)	1530	C	T	5	2	34	2904	1495	33	0.997595	2911	0	TRUE	PB2:cds-XAJ25426.1	AAC	N	AAT	N	510
PB2|PP755596.1|A/cattle/Texas/24-008749-003/2024(H5N1)	1551	A	G	0	0	0	2814	1282	33	1	2814	0	TRUE	PB2:cds-XAJ25426.1	GAA	E	GAG	E	517
PB2|PP755596.1|A/cattle/Texas/24-008749-003/2024(H5N1)	1579	T	C	2	1	34	2839	1392	33	0.999296	2841	0	TRUE	PB2:cds-XAJ25426.1	TTG	L	CTG	L	527
PB2|PP755596.1|A/cattle/Texas/24-008749-003/2024(H5N1)	1593	T	C	1	0	34	2878	1400	33	0.999653	2879	0	TRUE	PB2:cds-XAJ25426.1	TAT	Y	TAC	Y	531
PB2|PP755596.1|A/cattle/Texas/24-008749-003/2024(H5N1)	1644	T	C	8	4	34	2915	1539	33	0.997263	2923	0	TRUE	PB2:cds-XAJ25426.1	AAT	N	AAC	N	548
PB2|PP755596.1|A/cattle/Texas/24-008749-003/2024(H5N1)	1647	T	C	0	0	0	2691	1364	33	1	2691	0	TRUE	PB2:cds-XAJ25426.1	ACT	T	ACC	T	549
PB2|PP755596.1|A/cattle/Texas/24-008749-003/2024(H5N1)	1677	A	T	1	0	26	2597	1302	33	0.998846	2600	0	TRUE	PB2:cds-XAJ25426.1	ACA	T	ACT	T	559
PB2|PP755596.1|A/cattle/Texas/24-008749-003/2024(H5N1)	1707	A	G	1	0	34	2651	1446	33	0.997742	2657	0	TRUE	PB2:cds-XAJ25426.1	ACA	T	ACG	T	569
PB2|PP755596.1|A/cattle/Texas/24-008749-003/2024(H5N1)	1818	G	A	0	0	0	2703	1323	33	1	2703	0	TRUE	PB2:cds-XAJ25426.1	GTG	V	GTA	V	606
PB2|PP755596.1|A/cattle/Texas/24-008749-003/2024(H5N1)	1866	T	C	3	1	34	2738	1360	33	0.998906	2741	0	TRUE	PB2:cds-XAJ25426.1	GCT	A	GCC	A	622
PB2|PP755596.1|A/cattle/Texas/24-008749-003/2024(H5N1)	1872	C	T	4	2	34	2736	1358	33	0.99854	2740	0	TRUE	PB2:cds-XAJ25426.1	GCC	A	GCT	A	624
PB2|PP755596.1|A/cattle/Texas/24-008749-003/2024(H5N1)	1891	C	A	0	0	0	2718	1360	33	0.999632	2719	0	TRUE	PB2:cds-XAJ25426.1	CTG	L	ATG	M	631
PB2|PP755596.1|A/cattle/Texas/24-008749-003/2024(H5N1)	1905	T	C	4	2	34	2631	1312	33	0.998482	2635	0	TRUE	PB2:cds-XAJ25426.1	TCT	S	TCC	S	635
PB2|PP755596.1|A/cattle/Texas/24-008749-003/2024(H5N1)	1911	T	C	0	0	0	2679	1348	33	1	2679	0	TRUE	PB2:cds-XAJ25426.1	ACT	T	ACC	T	637
PB2|PP755596.1|A/cattle/Texas/24-008749-003/2024(H5N1)	1945	A	G	0	0	0	2427	1218	33	1	2427	0	TRUE	PB2:cds-XAJ25426.1	ATA	I	GTA	V	649
PB2|PP755596.1|A/cattle/Texas/24-008749-003/2024(H5N1)	1965	G	A	2	1	34	2353	1104	33	0.999151	2355	0	TRUE	PB2:cds-XAJ25426.1	GTG	V	GTA	V	655
PB2|PP755596.1|A/cattle/Texas/24-008749-003/2024(H5N1)	1971	T	C	0	0	0	2431	1115	33	1	2431	0	TRUE	PB2:cds-XAJ25426.1	AAT	N	AAC	N	657
PB2|PP755596.1|A/cattle/Texas/24-008749-003/2024(H5N1)	2013	T	C	1	1	34	2892	1412	33	0.999654	2893	0	TRUE	PB2:cds-XAJ25426.1	GAT	D	GAC	D	671
PB2|PP755596.1|A/cattle/Texas/24-008749-003/2024(H5N1)	2026	G	A	1	1	34	3039	1500	33	0.999671	3040	0	TRUE	PB2:cds-XAJ25426.1	GCC	A	ACC	T	676
PB2|PP755596.1|A/cattle/Texas/24-008749-003/2024(H5N1)	2034	T	C	0	0	0	3034	1520	33	0.999671	3035	0	TRUE	PB2:cds-XAJ25426.1	GAT	D	GAC	D	678
PB2|PP755596.1|A/cattle/Texas/24-008749-003/2024(H5N1)	2082	C	T	2	1	34	3003	1349	32	0.999002	3006	0	TRUE	PB2:cds-XAJ25426.1	TTC	F	TTT	F	694
PB2|PP755596.1|A/cattle/Texas/24-008749-003/2024(H5N1)	2137	C	T	4	0	34	3687	1666	33	0.998646	3692	0	TRUE	PB2:cds-XAJ25426.1	CTG	L	TTG	L	713
PB2|PP755596.1|A/cattle/Texas/24-008749-003/2024(H5N1)	2145	T	+C	3386	1353	32	49	0	20	0.0123395	3971	0.0495172	FALSE	NA	NA	NA	NA	NA	NA
PB2|PP755596.1|A/cattle/Texas/24-008749-003/2024(H5N1)	2146	T	C	50	1	32	3735	1742	33	0.984709	3793	0	TRUE	PB2:cds-XAJ25426.1	TTG	L	CTG	L	716
PB2|PP755596.1|A/cattle/Texas/24-008749-003/2024(H5N1)	2148	G	T	48	1	28	3760	1785	33	0.986618	3811	0	TRUE	PB2:cds-XAJ25426.1	TTG	L	TTT	F	716
PB2|PP755596.1|A/cattle/Texas/24-008749-003/2024(H5N1)	2157	A	G	6	2	31	4038	1928	33	0.998516	4044	0	TRUE	PB2:cds-XAJ25426.1	GGA	G	GGG	G	719
PB2|PP755596.1|A/cattle/Texas/24-008749-003/2024(H5N1)	2165	C	-TAA	4582	2315	33	96	0	20	0.019532	4915	1.47791e-05	TRUE	NA	NA	NA	NA	NA	NA
PB2|PP755596.1|A/cattle/Texas/24-008749-003/2024(H5N1)	2193	G	A	4	3	29	4428	2181	33	0.997972	4437	0	TRUE	PB2:cds-XAJ25426.1	GTG	V	GTA	V	731
