REGION	POS	REF	ALT	REF_DP	REF_RV	REF_QUAL	ALT_DP	ALT_RV	ALT_QUAL	ALT_FREQ	TOTAL_DP	PVAL	PASS	GFF_FEATURE	REF_CODON	REF_AA	ALT_CODON	ALT_AA	POS_AA
MP|PP755590.1|A/cattle/Texas/24-008749-003/2024(H5N1)	47	C	A	7265	919	34	137	0	26	0.018501	7405	1.27932e-08	TRUE	M1:cds-XAJ25416.1	CCG	P	CAG	Q	16
MP|PP755590.1|A/cattle/Texas/24-008749-003/2024(H5N1)	245	G	A	3	0	29	34392	14488	43	0.999738	34401	0	TRUE	M1:cds-XAJ25416.1	AGT	S	AAT	N	82
MP|PP755590.1|A/cattle/Texas/24-008749-003/2024(H5N1)	249	C	T	32973	16214	42	1196	561	43	0.0347604	34407	0	TRUE	M1:cds-XAJ25416.1	GCC	A	GCT	A	83
MP|PP755590.1|A/cattle/Texas/24-008749-003/2024(H5N1)	314	G	T	33206	16255	40	370	370	26	0.0110191	33578	0.0906806	FALSE	M1:cds-XAJ25416.1	AGA	R	ATA	I	105
MP|PP755590.1|A/cattle/Texas/24-008749-003/2024(H5N1)	316	G	T	32604	15874	40	378	377	27	0.0114601	32984	0.028785	FALSE	M1:cds-XAJ25416.1	GAG	E	TAG	*	106
MP|PP755590.1|A/cattle/Texas/24-008749-003/2024(H5N1)	357	C	T	7	3	30	36616	19589	43	0.999645	36629	0	TRUE	M1:cds-XAJ25416.1	TAC	Y	TAT	Y	119
MP|PP755590.1|A/cattle/Texas/24-008749-003/2024(H5N1)	406	G	T	30821	12203	38	436	436	26	0.0139444	31267	6.45468e-07	TRUE	M1:cds-XAJ25416.1	GGG	G	TGG	W	136
MP|PP755590.1|A/cattle/Texas/24-008749-003/2024(H5N1)	528	A	G	32035	15906	44	6061	3401	40	0.159081	38100	0	TRUE	M1:cds-XAJ25416.1	GAA	E	GAG	E	176
MP|PP755590.1|A/cattle/Texas/24-008749-003/2024(H5N1)	699	C	A	23387	13055	36	790	0	25	0.032673	24179	8.4064e-89	TRUE	M1:cds-XAJ25416.1	CTC	L	CTA	L	233
MP|PP755590.1|A/cattle/Texas/24-008749-003/2024(H5N1)	766	C	A	30062	19114	41	632	1	27	0.0205856	30701	1.50887e-31	TRUE	M2:cds-XAJ25417.1	CTC	L	CTA	L	18
MP|PP755590.1|A/cattle/Texas/24-008749-003/2024(H5N1)	790	G	A	12	11	38	34066	21915	45	0.999531	34082	0	TRUE	M2:cds-XAJ25417.1	GGG	G	GGA	G	26
MP|PP755590.1|A/cattle/Texas/24-008749-003/2024(H5N1)	800	T	C	33107	22304	46	1613	1046	45	0.0464346	34737	0	TRUE	M2:cds-XAJ25417.1	TTG	L	CTG	L	29
MP|PP755590.1|A/cattle/Texas/24-008749-003/2024(H5N1)	884	G	T	25033	22163	38	487	487	26	0.0190786	25526	5.98976e-22	TRUE	M2:cds-XAJ25417.1	GAA	E	TAA	*	57
MP|PP755590.1|A/cattle/Texas/24-008749-003/2024(H5N1)	908	G	T	20427	18697	37	376	376	26	0.0180726	20805	7.60145e-15	TRUE	M2:cds-XAJ25417.1	GAA	E	TAA	*	65
MP|PP755590.1|A/cattle/Texas/24-008749-003/2024(H5N1)	933	G	A	2	2	32	20333	19225	42	0.999852	20336	0	TRUE	M2:cds-XAJ25417.1	AGT	S	AAT	N	73
