REGION	POS	REF	ALT	REF_DP	REF_RV	REF_QUAL	ALT_DP	ALT_RV	ALT_QUAL	ALT_FREQ	TOTAL_DP	PVAL	PASS	GFF_FEATURE	REF_CODON	REF_AA	ALT_CODON	ALT_AA	POS_AA
PB2|PP755596.1|A/cattle/Texas/24-008749-003/2024(H5N1)	43	C	A	5227	1020	40	67	1	28	0.0126367	5302	0.0592448	FALSE	PB2:cds-XAJ25426.1	CGC	R	AGC	S	15
PB2|PP755596.1|A/cattle/Texas/24-008749-003/2024(H5N1)	87	C	A	9597	2357	41	135	3	28	0.0138703	9733	0.00169468	TRUE	PB2:cds-XAJ25426.1	GCC	A	GCA	A	29
PB2|PP755596.1|A/cattle/Texas/24-008749-003/2024(H5N1)	111	A	G	3	1	33	11799	2042	41	0.998899	11812	0	TRUE	PB2:cds-XAJ25426.1	GGA	G	GGG	G	37
PB2|PP755596.1|A/cattle/Texas/24-008749-003/2024(H5N1)	114	A	G	7	1	34	12727	2635	44	0.99945	12734	0	TRUE	PB2:cds-XAJ25426.1	AGA	R	AGG	R	38
PB2|PP755596.1|A/cattle/Texas/24-008749-003/2024(H5N1)	138	A	G	7	2	46	15365	5255	43	0.99948	15373	0	TRUE	PB2:cds-XAJ25426.1	AGA	R	AGG	R	46
PB2|PP755596.1|A/cattle/Texas/24-008749-003/2024(H5N1)	165	T	C	4	1	36	14181	5680	42	0.998943	14196	0	TRUE	PB2:cds-XAJ25426.1	TAT	Y	TAC	Y	55
PB2|PP755596.1|A/cattle/Texas/24-008749-003/2024(H5N1)	172	G	A	7	3	45	13772	5549	37	0.998912	13787	0	TRUE	PB2:cds-XAJ25426.1	GCA	A	ACA	T	58
PB2|PP755596.1|A/cattle/Texas/24-008749-003/2024(H5N1)	203	C	A	1251	1005	38	58	1	26	0.044241	1311	1.4399e-11	TRUE	PB2:cds-XAJ25426.1	CCT	P	CAT	H	68
PB2|PP755596.1|A/cattle/Texas/24-008749-003/2024(H5N1)	229	C	A	1146	622	40	15	0	25	0.0129199	1161	0.267806	FALSE	PB2:cds-XAJ25426.1	CTC	L	ATC	I	77
PB2|PP755596.1|A/cattle/Texas/24-008749-003/2024(H5N1)	231	C	A	1120	607	40	13	0	27	0.011474	1133	0.411904	FALSE	PB2:cds-XAJ25426.1	CTC	L	CTA	L	77
PB2|PP755596.1|A/cattle/Texas/24-008749-003/2024(H5N1)	252	C	T	1	1	33	1029	562	41	0.99806	1031	0	TRUE	PB2:cds-XAJ25426.1	GCC	A	GCT	A	84
PB2|PP755596.1|A/cattle/Texas/24-008749-003/2024(H5N1)	262	C	A	2	0	34	776	443	42	0.997429	778	0	TRUE	PB2:cds-XAJ25426.1	CGA	R	AGA	R	88
PB2|PP755596.1|A/cattle/Texas/24-008749-003/2024(H5N1)	265	G	T	691	328	39	10	10	28	0.0142653	701	0.278948	FALSE	PB2:cds-XAJ25426.1	GTG	V	TTG	L	89
PB2|PP755596.1|A/cattle/Texas/24-008749-003/2024(H5N1)	273	A	G	0	0	0	475	284	41	0.995807	477	9.17445e-311	TRUE	PB2:cds-XAJ25426.1	GTA	V	GTG	V	91
PB2|PP755596.1|A/cattle/Texas/24-008749-003/2024(H5N1)	325	A	G	0	0	0	389	227	43	1	389	7.18324e-257	TRUE	PB2:cds-XAJ25426.1	ATT	I	GTT	V	109
PB2|PP755596.1|A/cattle/Texas/24-008749-003/2024(H5N1)	382	G	T	366	179	42	5	5	26	0.0134771	371	0.335751	FALSE	PB2:cds-XAJ25426.1	GGG	G	TGG	W	128
PB2|PP755596.1|A/cattle/Texas/24-008749-003/2024(H5N1)	405	C	A	355	174	40	5	0	32	0.0138889	360	0.0159581	FALSE	PB2:cds-XAJ25426.1	TTC	F	TTA	L	135
PB2|PP755596.1|A/cattle/Texas/24-008749-003/2024(H5N1)	415	A	G	0	0	0	342	141	42	0.997085	343	3.14069e-224	TRUE	PB2:cds-XAJ25426.1	ATT	I	GTT	V	139
PB2|PP755596.1|A/cattle/Texas/24-008749-003/2024(H5N1)	457	G	A	368	150	44	5	2	29	0.0134048	373	0.399019	FALSE	PB2:cds-XAJ25426.1	GAC	D	AAC	N	153
PB2|PP755596.1|A/cattle/Texas/24-008749-003/2024(H5N1)	465	C	T	0	0	0	344	132	45	1	344	7.00979e-234	TRUE	PB2:cds-XAJ25426.1	AGC	S	AGT	S	155
PB2|PP755596.1|A/cattle/Texas/24-008749-003/2024(H5N1)	472	G	T	338	122	42	4	4	28	0.0116959	342	0.49217	FALSE	PB2:cds-XAJ25426.1	GAG	E	TAG	*	158
PB2|PP755596.1|A/cattle/Texas/24-008749-003/2024(H5N1)	516	G	A	1	1	22	345	156	45	0.99711	346	1.92254e-229	TRUE	PB2:cds-XAJ25426.1	GTG	V	GTA	V	172
PB2|PP755596.1|A/cattle/Texas/24-008749-003/2024(H5N1)	529	C	T	0	0	0	350	145	45	1	350	3.1147e-233	TRUE	PB2:cds-XAJ25426.1	CTG	L	TTG	L	177
PB2|PP755596.1|A/cattle/Texas/24-008749-003/2024(H5N1)	533	C	A	340	148	45	4	1	32	0.0116279	344	0.0370803	FALSE	PB2:cds-XAJ25426.1	ACG	T	AAG	K	178
PB2|PP755596.1|A/cattle/Texas/24-008749-003/2024(H5N1)	540	A	G	0	0	0	342	164	45	1	342	1.14696e-231	TRUE	PB2:cds-XAJ25426.1	GAA	E	GAG	E	180
PB2|PP755596.1|A/cattle/Texas/24-008749-003/2024(H5N1)	552	A	G	1	1	24	347	183	45	0.997126	348	3.7093e-234	TRUE	PB2:cds-XAJ25426.1	ACA	T	ACG	T	184
PB2|PP755596.1|A/cattle/Texas/24-008749-003/2024(H5N1)	570	A	G	1	0	22	339	188	46	0.997059	340	2.6055e-227	TRUE	PB2:cds-XAJ25426.1	AAA	K	AAG	K	190
PB2|PP755596.1|A/cattle/Texas/24-008749-003/2024(H5N1)	574	G	A	280	122	39	7	7	24	0.0243902	287	0.0926893	FALSE	PB2:cds-XAJ25426.1	GAA	E	AAA	K	192
PB2|PP755596.1|A/cattle/Texas/24-008749-003/2024(H5N1)	580	C	A	361	206	44	4	0	26	0.0109589	365	0.501684	FALSE	PB2:cds-XAJ25426.1	CAG	Q	AAG	K	194
PB2|PP755596.1|A/cattle/Texas/24-008749-003/2024(H5N1)	601	C	A	331	220	42	4	0	28	0.0119403	335	0.480182	FALSE	PB2:cds-XAJ25426.1	CTG	L	ATG	M	201
PB2|PP755596.1|A/cattle/Texas/24-008749-003/2024(H5N1)	651	C	T	0	0	0	327	177	43	1	327	5.68702e-217	TRUE	PB2:cds-XAJ25426.1	TTC	F	TTT	F	217
PB2|PP755596.1|A/cattle/Texas/24-008749-003/2024(H5N1)	660	T	G	2	2	32	299	155	43	0.993355	301	7.64084e-200	TRUE	PB2:cds-XAJ25426.1	GTT	V	GTG	V	220
PB2|PP755596.1|A/cattle/Texas/24-008749-003/2024(H5N1)	665	G	T	285	150	42	3	3	24	0.0104167	288	0.505848	FALSE	PB2:cds-XAJ25426.1	GGT	G	GTT	V	222
PB2|PP755596.1|A/cattle/Texas/24-008749-003/2024(H5N1)	684	C	A	330	194	43	5	0	28	0.0149254	335	0.342956	FALSE	PB2:cds-XAJ25426.1	TAC	Y	TAA	*	228
PB2|PP755596.1|A/cattle/Texas/24-008749-003/2024(H5N1)	688	G	T	291	118	42	4	4	23	0.0135593	295	0.436452	FALSE	PB2:cds-XAJ25426.1	GAG	E	TAG	*	230
PB2|PP755596.1|A/cattle/Texas/24-008749-003/2024(H5N1)	723	G	A	0	0	0	316	171	44	1	316	1.46698e-210	TRUE	PB2:cds-XAJ25426.1	GAG	E	GAA	E	241
PB2|PP755596.1|A/cattle/Texas/24-008749-003/2024(H5N1)	726	G	A	0	0	0	324	171	43	1	324	1.08237e-216	TRUE	PB2:cds-XAJ25426.1	CAG	Q	CAA	Q	242
PB2|PP755596.1|A/cattle/Texas/24-008749-003/2024(H5N1)	740	G	T	281	105	41	3	2	24	0.0105634	284	0.574581	FALSE	PB2:cds-XAJ25426.1	GGA	G	GTA	V	247
PB2|PP755596.1|A/cattle/Texas/24-008749-003/2024(H5N1)	764	C	T	0	0	0	330	167	44	0.996979	331	2.47631e-220	TRUE	PB2:cds-XAJ25426.1	GCA	A	GTA	V	255
PB2|PP755596.1|A/cattle/Texas/24-008749-003/2024(H5N1)	771	G	A	0	0	0	330	169	44	1	330	8.64512e-219	TRUE	PB2:cds-XAJ25426.1	CAG	Q	CAA	Q	257
PB2|PP755596.1|A/cattle/Texas/24-008749-003/2024(H5N1)	777	G	A	0	0	0	334	179	44	1	334	9.27454e-223	TRUE	PB2:cds-XAJ25426.1	TTG	L	TTA	L	259
PB2|PP755596.1|A/cattle/Texas/24-008749-003/2024(H5N1)	783	T	C	0	0	0	332	180	45	1	332	2.59822e-222	TRUE	PB2:cds-XAJ25426.1	ATT	I	ATC	I	261
PB2|PP755596.1|A/cattle/Texas/24-008749-003/2024(H5N1)	789	C	T	0	0	0	328	174	45	0.99696	329	1.23109e-230	TRUE	PB2:cds-XAJ25426.1	GCC	A	GCT	A	263
PB2|PP755596.1|A/cattle/Texas/24-008749-003/2024(H5N1)	795	T	C	0	0	0	347	177	46	1	347	2.02973e-238	TRUE	PB2:cds-XAJ25426.1	AAT	N	AAC	N	265
PB2|PP755596.1|A/cattle/Texas/24-008749-003/2024(H5N1)	838	C	A	311	194	40	21	0	26	0.063253	332	1.86384e-05	TRUE	PB2:cds-XAJ25426.1	CTA	L	ATA	I	280
PB2|PP755596.1|A/cattle/Texas/24-008749-003/2024(H5N1)	844	G	T	330	83	38	13	13	24	0.0379009	343	0.00291718	TRUE	PB2:cds-XAJ25426.1	GAG	E	TAG	*	282
PB2|PP755596.1|A/cattle/Texas/24-008749-003/2024(H5N1)	853	C	A	369	163	42	5	0	27	0.013369	374	0.361793	FALSE	PB2:cds-XAJ25426.1	CAC	H	AAC	N	285
PB2|PP755596.1|A/cattle/Texas/24-008749-003/2024(H5N1)	855	C	A	375	168	41	7	0	30	0.0183246	382	0.00333522	TRUE	PB2:cds-XAJ25426.1	CAC	H	CAA	Q	285
PB2|PP755596.1|A/cattle/Texas/24-008749-003/2024(H5N1)	869	G	T	350	88	40	6	6	26	0.0168539	356	0.205518	FALSE	PB2:cds-XAJ25426.1	GGA	G	GTA	V	290
PB2|PP755596.1|A/cattle/Texas/24-008749-003/2024(H5N1)	879	G	A	0	0	0	400	170	42	0.997506	401	7.21798e-266	TRUE	PB2:cds-XAJ25426.1	AGG	R	AGA	R	293
PB2|PP755596.1|A/cattle/Texas/24-008749-003/2024(H5N1)	895	C	A	309	174	40	9	0	27	0.0282132	319	0.0279396	FALSE	PB2:cds-XAJ25426.1	CGG	R	AGG	R	299
PB2|PP755596.1|A/cattle/Texas/24-008749-003/2024(H5N1)	909	G	A	0	0	0	404	174	45	0.997531	405	2.53399e-269	TRUE	PB2:cds-XAJ25426.1	ACG	T	ACA	T	303
PB2|PP755596.1|A/cattle/Texas/24-008749-003/2024(H5N1)	939	A	G	0	0	0	397	163	47	1	397	1.46653e-273	TRUE	PB2:cds-XAJ25426.1	GCA	A	GCG	A	313
PB2|PP755596.1|A/cattle/Texas/24-008749-003/2024(H5N1)	948	C	A	1	0	40	416	181	47	0.997602	417	4.65385e-280	TRUE	PB2:cds-XAJ25426.1	GGC	G	GGA	G	316
PB2|PP755596.1|A/cattle/Texas/24-008749-003/2024(H5N1)	966	G	T	0	0	0	411	175	46	1	411	3.9214e-277	TRUE	PB2:cds-XAJ25426.1	TCG	S	TCT	S	322
PB2|PP755596.1|A/cattle/Texas/24-008749-003/2024(H5N1)	969	C	A	389	178	44	4	0	24	0.0101781	393	0.591879	FALSE	PB2:cds-XAJ25426.1	TTC	F	TTA	L	323
PB2|PP755596.1|A/cattle/Texas/24-008749-003/2024(H5N1)	1005	A	G	1	0	40	378	179	42	0.989529	382	1.05313e-256	TRUE	PB2:cds-XAJ25426.1	GGA	G	GGG	G	335
PB2|PP755596.1|A/cattle/Texas/24-008749-003/2024(H5N1)	1029	G	A	2	1	40	406	232	43	0.992665	409	1.99761e-269	TRUE	PB2:cds-XAJ25426.1	GAG	E	GAA	E	343
PB2|PP755596.1|A/cattle/Texas/24-008749-003/2024(H5N1)	1044	C	T	0	0	0	415	233	45	1	415	8.67918e-278	TRUE	PB2:cds-XAJ25426.1	AAC	N	AAT	N	348
PB2|PP755596.1|A/cattle/Texas/24-008749-003/2024(H5N1)	1068	A	G	0	0	0	388	222	42	0.997429	389	4.29618e-267	TRUE	PB2:cds-XAJ25426.1	GTA	V	GTG	V	356
PB2|PP755596.1|A/cattle/Texas/24-008749-003/2024(H5N1)	1084	G	A	309	120	39	4	4	24	0.0127796	313	0.389845	FALSE	PB2:cds-XAJ25426.1	GGG	G	AGG	R	362
PB2|PP755596.1|A/cattle/Texas/24-008749-003/2024(H5N1)	1085	G	A	0	0	0	376	215	44	1	376	5.91871e-248	TRUE	PB2:cds-XAJ25426.1	GGG	G	GAG	E	362
PB2|PP755596.1|A/cattle/Texas/24-008749-003/2024(H5N1)	1086	G	A	0	0	0	373	207	44	1	373	1.95453e-247	TRUE	PB2:cds-XAJ25426.1	GGG	G	GGA	G	362
PB2|PP755596.1|A/cattle/Texas/24-008749-003/2024(H5N1)	1103	G	T	394	200	42	4	4	24	0.0100503	398	0.616545	FALSE	PB2:cds-XAJ25426.1	AGA	R	ATA	I	368
PB2|PP755596.1|A/cattle/Texas/24-008749-003/2024(H5N1)	1122	C	A	1	0	24	423	234	43	0.997642	424	2.67433e-274	TRUE	PB2:cds-XAJ25426.1	CTC	L	CTA	L	374
PB2|PP755596.1|A/cattle/Texas/24-008749-003/2024(H5N1)	1140	G	A	0	0	0	413	201	43	0.997585	414	7.48556e-279	TRUE	PB2:cds-XAJ25426.1	AGG	R	AGA	R	380
PB2|PP755596.1|A/cattle/Texas/24-008749-003/2024(H5N1)	1146	T	C	0	0	0	417	205	43	1	417	5.66225e-272	TRUE	PB2:cds-XAJ25426.1	ATT	I	ATC	I	382
PB2|PP755596.1|A/cattle/Texas/24-008749-003/2024(H5N1)	1150	C	T	0	0	0	423	200	41	1	423	1.50874e-279	TRUE	PB2:cds-XAJ25426.1	CTA	L	TTA	L	384
PB2|PP755596.1|A/cattle/Texas/24-008749-003/2024(H5N1)	1166	G	T	377	142	41	6	6	26	0.0156658	383	0.23788	FALSE	PB2:cds-XAJ25426.1	AGG	R	ATG	M	389
PB2|PP755596.1|A/cattle/Texas/24-008749-003/2024(H5N1)	1197	C	T	0	0	0	401	176	43	0.997512	402	1.16715e-264	TRUE	PB2:cds-XAJ25426.1	ATC	I	ATT	I	399
PB2|PP755596.1|A/cattle/Texas/24-008749-003/2024(H5N1)	1216	C	A	366	186	39	12	0	26	0.031746	378	0.0181864	FALSE	PB2:cds-XAJ25426.1	CAA	Q	AAA	K	406
PB2|PP755596.1|A/cattle/Texas/24-008749-003/2024(H5N1)	1224	C	T	1	1	24	392	160	43	0.997455	393	7.13587e-257	TRUE	PB2:cds-XAJ25426.1	GAC	D	GAT	D	408
PB2|PP755596.1|A/cattle/Texas/24-008749-003/2024(H5N1)	1251	T	C	0	0	0	384	174	42	0.994819	386	3.46933e-263	TRUE	PB2:cds-XAJ25426.1	GAT	D	GAC	D	417
PB2|PP755596.1|A/cattle/Texas/24-008749-003/2024(H5N1)	1257	C	T	0	0	0	415	168	44	1	415	1.92833e-274	TRUE	PB2:cds-XAJ25426.1	AAC	N	AAT	N	419
PB2|PP755596.1|A/cattle/Texas/24-008749-003/2024(H5N1)	1266	C	T	0	0	0	416	176	43	1	416	3.22751e-273	TRUE	PB2:cds-XAJ25426.1	AAC	N	AAT	N	422
PB2|PP755596.1|A/cattle/Texas/24-008749-003/2024(H5N1)	1269	G	T	389	143	40	4	4	24	0.0101781	393	0.602195	FALSE	PB2:cds-XAJ25426.1	AGG	R	AGT	S	423
PB2|PP755596.1|A/cattle/Texas/24-008749-003/2024(H5N1)	1272	G	A	0	0	0	434	192	43	0.997701	435	1.89328e-281	TRUE	PB2:cds-XAJ25426.1	GCG	A	GCA	A	424
PB2|PP755596.1|A/cattle/Texas/24-008749-003/2024(H5N1)	1302	C	T	0	0	0	412	200	43	0.997579	413	3.83917e-273	TRUE	PB2:cds-XAJ25426.1	CTC	L	CTT	L	434
PB2|PP755596.1|A/cattle/Texas/24-008749-003/2024(H5N1)	1305	G	T	310	89	40	8	8	28	0.0250784	319	0.0787231	FALSE	PB2:cds-XAJ25426.1	TTG	L	TTT	F	435
PB2|PP755596.1|A/cattle/Texas/24-008749-003/2024(H5N1)	1314	C	A	362	227	39	8	0	24	0.0216216	370	0.11534	FALSE	PB2:cds-XAJ25426.1	TTC	F	TTA	L	438
PB2|PP755596.1|A/cattle/Texas/24-008749-003/2024(H5N1)	1321	A	G	0	0	0	418	201	44	1	418	1.08571e-274	TRUE	PB2:cds-XAJ25426.1	AAT	N	GAT	D	441
PB2|PP755596.1|A/cattle/Texas/24-008749-003/2024(H5N1)	1335	T	C	0	0	0	471	259	47	1	471	0	TRUE	PB2:cds-XAJ25426.1	CTT	L	CTC	L	445
PB2|PP755596.1|A/cattle/Texas/24-008749-003/2024(H5N1)	1375	G	T	416	239	42	5	5	28	0.0118765	421	0.450424	FALSE	PB2:cds-XAJ25426.1	GGA	G	TGA	*	459
PB2|PP755596.1|A/cattle/Texas/24-008749-003/2024(H5N1)	1384	G	T	364	205	40	7	7	28	0.0188679	371	0.188981	FALSE	PB2:cds-XAJ25426.1	GGG	G	TGG	W	462
PB2|PP755596.1|A/cattle/Texas/24-008749-003/2024(H5N1)	1392	G	A	0	0	0	441	280	45	1	441	6.91877e-298	TRUE	PB2:cds-XAJ25426.1	TTG	L	TTA	L	464
PB2|PP755596.1|A/cattle/Texas/24-008749-003/2024(H5N1)	1413	T	C	1	0	40	443	280	45	0.997748	444	5.80327e-288	TRUE	PB2:cds-XAJ25426.1	ACT	T	ACC	T	471
PB2|PP755596.1|A/cattle/Texas/24-008749-003/2024(H5N1)	1414	G	T	272	105	40	23	23	25	0.0779661	295	4.04475e-07	TRUE	PB2:cds-XAJ25426.1	GAG	E	TAG	*	472
PB2|PP755596.1|A/cattle/Texas/24-008749-003/2024(H5N1)	1422	A	T	0	0	0	431	276	44	1	431	1.96068e-285	TRUE	PB2:cds-XAJ25426.1	TCA	S	TCT	S	474
PB2|PP755596.1|A/cattle/Texas/24-008749-003/2024(H5N1)	1423	C	A	363	291	41	20	0	31	0.0522193	383	2.31703e-08	TRUE	PB2:cds-XAJ25426.1	CTG	L	ATG	M	475
PB2|PP755596.1|A/cattle/Texas/24-008749-003/2024(H5N1)	1467	C	A	473	258	42	5	1	23	0.0104603	478	0.515005	FALSE	PB2:cds-XAJ25426.1	TCC	S	TCA	S	489
PB2|PP755596.1|A/cattle/Texas/24-008749-003/2024(H5N1)	1483	A	G	0	0	0	416	182	41	0.995215	418	1.08421e-272	TRUE	PB2:cds-XAJ25426.1	ATA	I	GTA	V	495
PB2|PP755596.1|A/cattle/Texas/24-008749-003/2024(H5N1)	1512	T	C	0	0	0	398	202	43	0.995	400	3.18072e-268	TRUE	PB2:cds-XAJ25426.1	GTT	V	GTC	V	504
PB2|PP755596.1|A/cattle/Texas/24-008749-003/2024(H5N1)	1530	C	T	0	0	0	425	202	44	1	425	1.26899e-284	TRUE	PB2:cds-XAJ25426.1	AAC	N	AAT	N	510
PB2|PP755596.1|A/cattle/Texas/24-008749-003/2024(H5N1)	1543	C	A	337	167	41	6	0	26	0.0174927	343	0.186069	FALSE	PB2:cds-XAJ25426.1	CCC	P	ACC	T	515
PB2|PP755596.1|A/cattle/Texas/24-008749-003/2024(H5N1)	1546	G	T	367	115	41	5	5	24	0.0134409	372	0.343087	FALSE	PB2:cds-XAJ25426.1	GAA	E	TAA	*	516
PB2|PP755596.1|A/cattle/Texas/24-008749-003/2024(H5N1)	1551	A	G	0	0	0	399	156	44	1	399	5.28005e-265	TRUE	PB2:cds-XAJ25426.1	GAA	E	GAG	E	517
PB2|PP755596.1|A/cattle/Texas/24-008749-003/2024(H5N1)	1562	C	A	380	162	44	4	0	32	0.0104167	384	0.0371065	FALSE	PB2:cds-XAJ25426.1	ACA	T	AAA	K	521
PB2|PP755596.1|A/cattle/Texas/24-008749-003/2024(H5N1)	1579	T	C	0	0	0	386	171	46	0.992288	389	3.65697e-259	TRUE	PB2:cds-XAJ25426.1	TTG	L	CTG	L	527
PB2|PP755596.1|A/cattle/Texas/24-008749-003/2024(H5N1)	1589	C	A	330	173	44	10	0	28	0.0294118	340	0.019436	FALSE	PB2:cds-XAJ25426.1	ACT	T	AAT	N	530
PB2|PP755596.1|A/cattle/Texas/24-008749-003/2024(H5N1)	1593	T	C	0	0	0	367	162	46	1	367	4.98926e-254	TRUE	PB2:cds-XAJ25426.1	TAT	Y	TAC	Y	531
PB2|PP755596.1|A/cattle/Texas/24-008749-003/2024(H5N1)	1647	T	C	0	0	0	413	212	45	1	413	8.81779e-275	TRUE	PB2:cds-XAJ25426.1	ACT	T	ACC	T	549
PB2|PP755596.1|A/cattle/Texas/24-008749-003/2024(H5N1)	1677	A	T	0	0	0	395	210	45	1	395	2.37836e-263	TRUE	PB2:cds-XAJ25426.1	ACA	T	ACT	T	559
PB2|PP755596.1|A/cattle/Texas/24-008749-003/2024(H5N1)	1704	C	A	373	256	41	4	0	24	0.0106101	377	0.58338	FALSE	PB2:cds-XAJ25426.1	CCC	P	CCA	P	568
PB2|PP755596.1|A/cattle/Texas/24-008749-003/2024(H5N1)	1707	A	G	0	0	0	425	257	44	1	425	1.52138e-276	TRUE	PB2:cds-XAJ25426.1	ACA	T	ACG	T	569
PB2|PP755596.1|A/cattle/Texas/24-008749-003/2024(H5N1)	1754	C	A	386	243	41	4	0	28	0.0102564	390	0.587329	FALSE	PB2:cds-XAJ25426.1	CCT	P	CAT	H	585
PB2|PP755596.1|A/cattle/Texas/24-008749-003/2024(H5N1)	1811	G	T	361	102	39	15	15	26	0.0398936	376	0.00217987	TRUE	PB2:cds-XAJ25426.1	CGA	R	CTA	L	604
PB2|PP755596.1|A/cattle/Texas/24-008749-003/2024(H5N1)	1818	G	A	0	0	0	463	233	43	1	463	1.12178e-307	TRUE	PB2:cds-XAJ25426.1	GTG	V	GTA	V	606
PB2|PP755596.1|A/cattle/Texas/24-008749-003/2024(H5N1)	1857	C	A	379	226	39	10	0	24	0.0257069	389	0.0428927	FALSE	PB2:cds-XAJ25426.1	CTC	L	CTA	L	619
PB2|PP755596.1|A/cattle/Texas/24-008749-003/2024(H5N1)	1866	T	C	0	0	0	466	212	43	0.995726	468	4.6233e-312	TRUE	PB2:cds-XAJ25426.1	GCT	A	GCC	A	622
PB2|PP755596.1|A/cattle/Texas/24-008749-003/2024(H5N1)	1872	C	T	0	0	0	479	209	44	1	479	8.17999e-316	TRUE	PB2:cds-XAJ25426.1	GCC	A	GCT	A	624
PB2|PP755596.1|A/cattle/Texas/24-008749-003/2024(H5N1)	1891	C	A	0	0	0	493	215	44	1	493	0	TRUE	PB2:cds-XAJ25426.1	CTG	L	ATG	M	631
PB2|PP755596.1|A/cattle/Texas/24-008749-003/2024(H5N1)	1904	C	A	446	228	39	6	0	24	0.0132743	452	0.359408	FALSE	PB2:cds-XAJ25426.1	TCT	S	TAT	Y	635
PB2|PP755596.1|A/cattle/Texas/24-008749-003/2024(H5N1)	1905	T	C	0	0	0	497	221	42	0.995992	499	0	TRUE	PB2:cds-XAJ25426.1	TCT	S	TCC	S	635
PB2|PP755596.1|A/cattle/Texas/24-008749-003/2024(H5N1)	1906	C	A	458	231	40	11	0	28	0.0234542	469	0.0469288	FALSE	PB2:cds-XAJ25426.1	CTG	L	ATG	M	636
PB2|PP755596.1|A/cattle/Texas/24-008749-003/2024(H5N1)	1911	T	C	0	0	0	544	236	44	1	544	0	TRUE	PB2:cds-XAJ25426.1	ACT	T	ACC	T	637
PB2|PP755596.1|A/cattle/Texas/24-008749-003/2024(H5N1)	1920	G	T	1855	677	38	19	18	29	0.0101387	1874	0.515382	FALSE	PB2:cds-XAJ25426.1	GTG	V	GTT	V	640
PB2|PP755596.1|A/cattle/Texas/24-008749-003/2024(H5N1)	1945	A	G	2	1	32	2464	1099	40	0.995153	2476	0	TRUE	PB2:cds-XAJ25426.1	ATA	I	GTA	V	649
PB2|PP755596.1|A/cattle/Texas/24-008749-003/2024(H5N1)	1949	G	T	2257	840	38	25	25	27	0.0109553	2282	0.384289	FALSE	PB2:cds-XAJ25426.1	AGA	R	ATA	I	650
PB2|PP755596.1|A/cattle/Texas/24-008749-003/2024(H5N1)	1985	C	T	3	2	42	2663	1405	43	0.9985	2667	0	TRUE	PB2:cds-XAJ25426.1	ACC	T	ATC	I	662
PB2|PP755596.1|A/cattle/Texas/24-008749-003/2024(H5N1)	2013	T	C	2	1	40	7237	3739	42	0.998482	7248	0	TRUE	PB2:cds-XAJ25426.1	GAT	D	GAC	D	671
PB2|PP755596.1|A/cattle/Texas/24-008749-003/2024(H5N1)	2026	G	A	3	1	34	7896	4222	42	0.998861	7905	0	TRUE	PB2:cds-XAJ25426.1	GCC	A	ACC	T	676
PB2|PP755596.1|A/cattle/Texas/24-008749-003/2024(H5N1)	2034	T	C	11	5	40	7622	4209	41	0.99465	7663	0	TRUE	PB2:cds-XAJ25426.1	GAT	D	GAC	D	678
PB2|PP755596.1|A/cattle/Texas/24-008749-003/2024(H5N1)	2073	A	C	9272	5926	40	166	0	26	0.0175885	9438	7.67459e-07	TRUE	PB2:cds-XAJ25426.1	TTA	L	TTC	F	691
PB2|PP755596.1|A/cattle/Texas/24-008749-003/2024(H5N1)	2082	C	T	11	9	34	10394	5949	43	0.998559	10409	0	TRUE	PB2:cds-XAJ25426.1	TTC	F	TTT	F	694
PB2|PP755596.1|A/cattle/Texas/24-008749-003/2024(H5N1)	2106	G	T	9010	4989	39	385	385	27	0.0409574	9400	5.93053e-57	TRUE	PB2:cds-XAJ25426.1	AAG	K	AAT	N	702
PB2|PP755596.1|A/cattle/Texas/24-008749-003/2024(H5N1)	2117	C	-AGCACT	12136	8037	43	1483	0	20	0.0927339	15992	0	TRUE	NA	NA	NA	NA	NA	NA
PB2|PP755596.1|A/cattle/Texas/24-008749-003/2024(H5N1)	2137	C	T	2	2	40	11526	7609	42	0.998527	11543	0	TRUE	PB2:cds-XAJ25426.1	CTG	L	TTG	L	713
PB2|PP755596.1|A/cattle/Texas/24-008749-003/2024(H5N1)	2146	T	C	19	6	35	11850	8398	44	0.998063	11873	0	TRUE	PB2:cds-XAJ25426.1	TTG	L	CTG	L	716
PB2|PP755596.1|A/cattle/Texas/24-008749-003/2024(H5N1)	2148	G	T	43	30	27	11702	8120	45	0.996084	11748	0	TRUE	PB2:cds-XAJ25426.1	TTG	L	TTT	F	716
PB2|PP755596.1|A/cattle/Texas/24-008749-003/2024(H5N1)	2156	G	T	13104	8101	40	144	144	26	0.0108696	13248	0.23418	FALSE	PB2:cds-XAJ25426.1	GGA	G	GTA	V	719
PB2|PP755596.1|A/cattle/Texas/24-008749-003/2024(H5N1)	2181	G	A	15	12	41	17605	14313	48	0.999149	17620	0	TRUE	PB2:cds-XAJ25426.1	GGG	G	GGA	G	727
PB2|PP755596.1|A/cattle/Texas/24-008749-003/2024(H5N1)	2186	G	T	10250	6472	41	1042	1042	27	0.0922124	11300	1.06464e-295	TRUE	PB2:cds-XAJ25426.1	GGA	G	GTA	V	729
PB2|PP755596.1|A/cattle/Texas/24-008749-003/2024(H5N1)	2193	G	A	6	6	57	16227	13312	49	0.999507	16235	0	TRUE	PB2:cds-XAJ25426.1	GTG	V	GTA	V	731
PB2|PP755596.1|A/cattle/Texas/24-008749-003/2024(H5N1)	2200	G	T	13324	10443	43	139	139	26	0.0103146	13476	0.388948	FALSE	PB2:cds-XAJ25426.1	GTG	V	TTG	L	734
PB2|PP755596.1|A/cattle/Texas/24-008749-003/2024(H5N1)	2216	G	T	12633	10434	44	281	281	27	0.0217543	12917	1.28996e-17	TRUE	PB2:cds-XAJ25426.1	CGG	R	CTG	L	739
