REGION	POS	REF	ALT	REF_DP	REF_RV	REF_QUAL	ALT_DP	ALT_RV	ALT_QUAL	ALT_FREQ	TOTAL_DP	PVAL	PASS	GFF_FEATURE	REF_CODON	REF_AA	ALT_CODON	ALT_AA	POS_AA
NP|PP755592.1|A/cattle/Texas/24-008749-003/2024(H5N1)	154	C	T	1	0	34	6213	2757	39	0.999678	6215	0	TRUE	NP:cds-XAJ25419.1	CAC	H	TAC	Y	52
NP|PP755592.1|A/cattle/Texas/24-008749-003/2024(H5N1)	219	A	G	1	1	34	6528	3021	38	0.999541	6531	0	TRUE	NP:cds-XAJ25419.1	GAA	E	GAG	E	73
NP|PP755592.1|A/cattle/Texas/24-008749-003/2024(H5N1)	258	A	G	10	4	32	7151	2517	39	0.998604	7161	0	TRUE	NP:cds-XAJ25419.1	GGA	G	GGG	G	86
NP|PP755592.1|A/cattle/Texas/24-008749-003/2024(H5N1)	270	G	A	7	5	34	6461	2546	38	0.998763	6469	0	TRUE	NP:cds-XAJ25419.1	AAG	K	AAA	K	90
NP|PP755592.1|A/cattle/Texas/24-008749-003/2024(H5N1)	288	C	T	5	3	34	6190	2736	37	0.999193	6195	0	TRUE	NP:cds-XAJ25419.1	ATC	I	ATT	I	96
NP|PP755592.1|A/cattle/Texas/24-008749-003/2024(H5N1)	321	G	A	24	16	41	6266	3120	38	0.996184	6290	0	TRUE	NP:cds-XAJ25419.1	GAG	E	GAA	E	107
NP|PP755592.1|A/cattle/Texas/24-008749-003/2024(H5N1)	351	A	G	9	3	41	6663	3569	39	0.998501	6673	0	TRUE	NP:cds-XAJ25419.1	AGA	R	AGG	R	117
NP|PP755592.1|A/cattle/Texas/24-008749-003/2024(H5N1)	357	T	C	13	7	41	6565	3440	40	0.997872	6579	0	TRUE	NP:cds-XAJ25419.1	ATT	I	ATC	I	119
NP|PP755592.1|A/cattle/Texas/24-008749-003/2024(H5N1)	405	C	T	0	0	0	6299	3933	37	1	6299	0	TRUE	NP:cds-XAJ25419.1	CAC	H	CAT	H	135
NP|PP755592.1|A/cattle/Texas/24-008749-003/2024(H5N1)	429	G	A	3	3	45	6663	4188	38	0.99955	6666	0	TRUE	NP:cds-XAJ25419.1	CTG	L	CTA	L	143
NP|PP755592.1|A/cattle/Texas/24-008749-003/2024(H5N1)	432	T	C	4	4	42	6652	4234	38	0.999249	6657	0	TRUE	NP:cds-XAJ25419.1	AAT	N	AAC	N	144
NP|PP755592.1|A/cattle/Texas/24-008749-003/2024(H5N1)	441	A	C	4	3	42	6663	4262	38	0.998801	6671	0	TRUE	NP:cds-XAJ25419.1	ACA	T	ACC	T	147
NP|PP755592.1|A/cattle/Texas/24-008749-003/2024(H5N1)	480	T	C	5	4	34	6359	3367	37	0.999214	6364	0	TRUE	NP:cds-XAJ25419.1	GAT	D	GAC	D	160
NP|PP755592.1|A/cattle/Texas/24-008749-003/2024(H5N1)	492	C	T	4	0	42	6037	2821	36	0.999338	6041	0	TRUE	NP:cds-XAJ25419.1	TGC	C	TGT	C	164
NP|PP755592.1|A/cattle/Texas/24-008749-003/2024(H5N1)	495	A	T	0	0	0	5975	2779	36	0.999833	5976	0	TRUE	NP:cds-XAJ25419.1	TCA	S	TCT	S	165
NP|PP755592.1|A/cattle/Texas/24-008749-003/2024(H5N1)	507	C	A	5	1	34	6224	2839	37	0.998716	6232	0	TRUE	NP:cds-XAJ25419.1	GGC	G	GGA	G	169
NP|PP755592.1|A/cattle/Texas/24-008749-003/2024(H5N1)	543	G	A	9	3	41	6049	2231	37	0.998514	6058	0	TRUE	NP:cds-XAJ25419.1	GCG	A	GCA	A	181
NP|PP755592.1|A/cattle/Texas/24-008749-003/2024(H5N1)	585	A	G	1	0	34	6729	2695	41	0.999703	6731	0	TRUE	NP:cds-XAJ25419.1	CGA	R	CGG	R	195
NP|PP755592.1|A/cattle/Texas/24-008749-003/2024(H5N1)	600	A	G	1	0	34	6577	2747	40	0.999848	6578	0	TRUE	NP:cds-XAJ25419.1	GGA	G	GGG	G	200
NP|PP755592.1|A/cattle/Texas/24-008749-003/2024(H5N1)	627	T	C	1	1	34	6482	3006	39	0.999846	6483	0	TRUE	NP:cds-XAJ25419.1	GGT	G	GGC	G	209
NP|PP755592.1|A/cattle/Texas/24-008749-003/2024(H5N1)	633	C	T	5	2	47	6090	2902	38	0.998852	6097	0	TRUE	NP:cds-XAJ25419.1	AAC	N	AAT	N	211
NP|PP755592.1|A/cattle/Texas/24-008749-003/2024(H5N1)	705	A	G	11	4	45	5954	3430	37	0.998156	5965	0	TRUE	NP:cds-XAJ25419.1	CAA	Q	CAG	Q	235
NP|PP755592.1|A/cattle/Texas/24-008749-003/2024(H5N1)	756	A	G	9	3	45	6520	3779	38	0.998622	6529	0	TRUE	NP:cds-XAJ25419.1	GAA	E	GAG	E	252
NP|PP755592.1|A/cattle/Texas/24-008749-003/2024(H5N1)	826	C	T	11	3	37	6275	2992	38	0.998091	6287	0	TRUE	NP:cds-XAJ25419.1	CTG	L	TTG	L	276
NP|PP755592.1|A/cattle/Texas/24-008749-003/2024(H5N1)	846	A	G	8	5	34	6107	3050	38	0.998528	6116	0	TRUE	NP:cds-XAJ25419.1	GGA	G	GGG	G	282
NP|PP755592.1|A/cattle/Texas/24-008749-003/2024(H5N1)	882	G	A	14	6	33	6015	2510	37	0.997678	6029	0	TRUE	NP:cds-XAJ25419.1	GAG	E	GAA	E	294
NP|PP755592.1|A/cattle/Texas/24-008749-003/2024(H5N1)	921	C	T	6	3	36	6733	2950	40	0.99911	6739	0	TRUE	NP:cds-XAJ25419.1	CTC	L	CTT	L	307
NP|PP755592.1|A/cattle/Texas/24-008749-003/2024(H5N1)	924	G	A	2	1	34	6634	3039	39	0.999699	6636	0	TRUE	NP:cds-XAJ25419.1	CAG	Q	CAA	Q	308
NP|PP755592.1|A/cattle/Texas/24-008749-003/2024(H5N1)	936	T	C	1	1	34	6642	3094	40	0.999849	6643	0	TRUE	NP:cds-XAJ25419.1	GTT	V	GTC	V	312
NP|PP755592.1|A/cattle/Texas/24-008749-003/2024(H5N1)	957	T	C	3	0	45	6605	3075	40	0.999546	6608	0	TRUE	NP:cds-XAJ25419.1	AAT	N	AAC	N	319
NP|PP755592.1|A/cattle/Texas/24-008749-003/2024(H5N1)	966	A	G	3	2	34	6494	3113	39	0.999538	6497	0	TRUE	NP:cds-XAJ25419.1	CCA	P	CCG	P	322
NP|PP755592.1|A/cattle/Texas/24-008749-003/2024(H5N1)	999	C	T	13	7	36	6172	3270	38	0.997737	6186	0	TRUE	NP:cds-XAJ25419.1	TGC	C	TGT	C	333
NP|PP755592.1|A/cattle/Texas/24-008749-003/2024(H5N1)	1002	C	T	6	3	34	6127	3351	38	0.999022	6133	0	TRUE	NP:cds-XAJ25419.1	CAC	H	CAT	H	334
NP|PP755592.1|A/cattle/Texas/24-008749-003/2024(H5N1)	1008	A	G	17	10	36	6359	3606	39	0.997334	6376	0	TRUE	NP:cds-XAJ25419.1	GCA	A	GCG	A	336
NP|PP755592.1|A/cattle/Texas/24-008749-003/2024(H5N1)	1047	A	G	28	13	36	6107	3648	37	0.995436	6135	0	TRUE	NP:cds-XAJ25419.1	GGA	G	GGG	G	349
NP|PP755592.1|A/cattle/Texas/24-008749-003/2024(H5N1)	1068	A	G	8	3	42	6421	3188	37	0.998756	6429	0	TRUE	NP:cds-XAJ25419.1	GGA	G	GGG	G	356
NP|PP755592.1|A/cattle/Texas/24-008749-003/2024(H5N1)	1125	T	C	6	3	33	6926	3664	39	0.999134	6932	0	TRUE	NP:cds-XAJ25419.1	GAT	D	GAC	D	375
NP|PP755592.1|A/cattle/Texas/24-008749-003/2024(H5N1)	1188	C	T	2	1	34	6916	3318	39	0.999711	6918	0	TRUE	NP:cds-XAJ25419.1	ACC	T	ACT	T	396
NP|PP755592.1|A/cattle/Texas/24-008749-003/2024(H5N1)	1221	C	T	10	8	34	6936	3307	38	0.99856	6946	0	TRUE	NP:cds-XAJ25419.1	AGC	S	AGT	S	407
NP|PP755592.1|A/cattle/Texas/24-008749-003/2024(H5N1)	1239	T	A	6	4	34	6512	2946	38	0.998008	6525	0	TRUE	NP:cds-XAJ25419.1	TCT	S	TCA	S	413
NP|PP755592.1|A/cattle/Texas/24-008749-003/2024(H5N1)	1251	C	T	9	2	36	6864	2842	38	0.998691	6873	0	TRUE	NP:cds-XAJ25419.1	AAC	N	AAT	N	417
NP|PP755592.1|A/cattle/Texas/24-008749-003/2024(H5N1)	1401	G	A	8	5	51	6037	5327	41	0.998511	6046	0	TRUE	NP:cds-XAJ25419.1	TCG	S	TCA	S	467
NP|PP755592.1|A/cattle/Texas/24-008749-003/2024(H5N1)	1445	A	G	0	0	0	4902	4427	39	1	4902	0	TRUE	NP:cds-XAJ25419.1	AAC	N	AGC	S	482
