REGION	POS	REF	ALT	REF_DP	REF_RV	REF_QUAL	ALT_DP	ALT_RV	ALT_QUAL	ALT_FREQ	TOTAL_DP	PVAL	PASS	GFF_FEATURE	REF_CODON	REF_AA	ALT_CODON	ALT_AA	POS_AA
PB1|PP755595.1|A/cattle/Texas/24-008749-003/2024(H5N1)	8	T	C	60	13	46	1	0	33	0.0163934	61	0.106457	FALSE	PB1:cds-XAJ25424.1	GTC	V	GCC	A	3
PB1|PP755595.1|A/cattle/Texas/24-008749-003/2024(H5N1)	18	C	T	0	0	0	127	27	41	1	127	3.69601e-146	TRUE	PB1:cds-XAJ25424.1	ACC	T	ACT	T	6
PB1|PP755595.1|A/cattle/Texas/24-008749-003/2024(H5N1)	129	T	C	0	0	0	870	235	48	0.998852	871	0	TRUE	PB1:cds-XAJ25424.1	GTT	V	GTC	V	43
PB1|PP755595.1|A/cattle/Texas/24-008749-003/2024(H5N1)	129	T	C	0	0	0	870	235	48	0.998852	871	0	TRUE	PB1-F2:cds-XAJ25425.1	TTA	L	TCA	S	12
PB1|PP755595.1|A/cattle/Texas/24-008749-003/2024(H5N1)	183	C	T	0	0	0	938	286	51	1	938	0	TRUE	PB1:cds-XAJ25424.1	ACC	T	ACT	T	61
PB1|PP755595.1|A/cattle/Texas/24-008749-003/2024(H5N1)	183	C	T	0	0	0	938	286	51	1	938	0	TRUE	PB1-F2:cds-XAJ25425.1	CCG	P	CTG	L	30
PB1|PP755595.1|A/cattle/Texas/24-008749-003/2024(H5N1)	186	G	A	0	0	0	935	293	52	1	935	0	TRUE	PB1:cds-XAJ25424.1	GGG	G	GGA	G	62
PB1|PP755595.1|A/cattle/Texas/24-008749-003/2024(H5N1)	186	G	A	0	0	0	935	293	52	1	935	0	TRUE	PB1-F2:cds-XAJ25425.1	GGG	G	GAG	E	31
PB1|PP755595.1|A/cattle/Texas/24-008749-003/2024(H5N1)	216	A	T	0	0	0	994	377	57	0.998995	995	0	TRUE	PB1:cds-XAJ25424.1	CCA	P	CCT	P	72
PB1|PP755595.1|A/cattle/Texas/24-008749-003/2024(H5N1)	216	A	T	0	0	0	994	377	57	0.998995	995	0	TRUE	PB1-F2:cds-XAJ25425.1	CAT	H	CTT	L	41
PB1|PP755595.1|A/cattle/Texas/24-008749-003/2024(H5N1)	225	T	G	0	0	0	1024	412	59	1	1024	0	TRUE	PB1:cds-XAJ25424.1	GAT	D	GAG	E	75
PB1|PP755595.1|A/cattle/Texas/24-008749-003/2024(H5N1)	225	T	G	0	0	0	1024	412	59	1	1024	0	TRUE	PB1-F2:cds-XAJ25425.1	ATG	M	AGG	R	44
PB1|PP755595.1|A/cattle/Texas/24-008749-003/2024(H5N1)	261	C	T	0	0	0	1057	493	59	1	1057	0	TRUE	PB1:cds-XAJ25424.1	TGC	C	TGT	C	87
PB1|PP755595.1|A/cattle/Texas/24-008749-003/2024(H5N1)	261	C	T	0	0	0	1057	493	59	1	1057	0	TRUE	PB1-F2:cds-XAJ25425.1	GCG	A	GTG	V	56
PB1|PP755595.1|A/cattle/Texas/24-008749-003/2024(H5N1)	291	A	G	0	0	0	1025	467	59	1	1025	0	TRUE	PB1:cds-XAJ25424.1	GAA	E	GAG	E	97
PB1|PP755595.1|A/cattle/Texas/24-008749-003/2024(H5N1)	291	A	G	0	0	0	1025	467	59	1	1025	0	TRUE	PB1-F2:cds-XAJ25425.1	AAT	N	AGT	S	66
PB1|PP755595.1|A/cattle/Texas/24-008749-003/2024(H5N1)	297	T	C	0	0	0	1048	479	57	1	1048	0	TRUE	PB1:cds-XAJ25424.1	CAT	H	CAC	H	99
PB1|PP755595.1|A/cattle/Texas/24-008749-003/2024(H5N1)	297	T	C	0	0	0	1048	479	57	1	1048	0	TRUE	PB1-F2:cds-XAJ25425.1	ATC	I	ACC	T	68
PB1|PP755595.1|A/cattle/Texas/24-008749-003/2024(H5N1)	340	G	A	983	531	56	24	13	53	0.0238332	1007	1.99788e-10	TRUE	PB1:cds-XAJ25424.1	GTT	V	ATT	I	114
PB1|PP755595.1|A/cattle/Texas/24-008749-003/2024(H5N1)	340	G	A	983	531	56	24	13	53	0.0238332	1007	1.99788e-10	TRUE	PB1-F2:cds-XAJ25425.1	TTG	L	TTA	L	82
PB1|PP755595.1|A/cattle/Texas/24-008749-003/2024(H5N1)	459	C	T	0	0	0	779	382	54	1	779	0	TRUE	PB1:cds-XAJ25424.1	AAC	N	AAT	N	153
PB1|PP755595.1|A/cattle/Texas/24-008749-003/2024(H5N1)	492	A	T	0	0	0	771	337	54	1	771	0	TRUE	PB1:cds-XAJ25424.1	ATA	I	ATT	I	164
PB1|PP755595.1|A/cattle/Texas/24-008749-003/2024(H5N1)	498	C	T	0	0	0	763	351	54	1	763	0	TRUE	PB1:cds-XAJ25424.1	TTC	F	TTT	F	166
PB1|PP755595.1|A/cattle/Texas/24-008749-003/2024(H5N1)	511	G	A	0	0	0	770	368	54	1	770	0	TRUE	PB1:cds-XAJ25424.1	GTG	V	ATG	M	171
PB1|PP755595.1|A/cattle/Texas/24-008749-003/2024(H5N1)	549	G	A	0	0	0	751	377	57	1	751	0	TRUE	PB1:cds-XAJ25424.1	ACG	T	ACA	T	183
PB1|PP755595.1|A/cattle/Texas/24-008749-003/2024(H5N1)	607	C	A	0	0	0	757	386	58	0.997365	759	0	TRUE	PB1:cds-XAJ25424.1	CGG	R	AGG	R	203
PB1|PP755595.1|A/cattle/Texas/24-008749-003/2024(H5N1)	612	G	A	0	0	0	785	377	58	1	785	0	TRUE	PB1:cds-XAJ25424.1	ACG	T	ACA	T	204
PB1|PP755595.1|A/cattle/Texas/24-008749-003/2024(H5N1)	633	G	A	0	0	0	761	374	58	1	761	0	TRUE	PB1:cds-XAJ25424.1	AGG	R	AGA	R	211
PB1|PP755595.1|A/cattle/Texas/24-008749-003/2024(H5N1)	693	C	T	0	0	0	774	388	52	1	774	0	TRUE	PB1:cds-XAJ25424.1	GCC	A	GCT	A	231
PB1|PP755595.1|A/cattle/Texas/24-008749-003/2024(H5N1)	735	A	G	0	0	0	769	405	52	1	769	0	TRUE	PB1:cds-XAJ25424.1	GGA	G	GGG	G	245
PB1|PP755595.1|A/cattle/Texas/24-008749-003/2024(H5N1)	764	T	C	1	1	39	731	383	55	0.998634	732	0	TRUE	PB1:cds-XAJ25424.1	GTT	V	GCT	A	255
PB1|PP755595.1|A/cattle/Texas/24-008749-003/2024(H5N1)	798	T	C	0	0	0	739	378	56	1	739	0	TRUE	PB1:cds-XAJ25424.1	CTT	L	CTC	L	266
PB1|PP755595.1|A/cattle/Texas/24-008749-003/2024(H5N1)	840	C	T	1	0	77	727	398	57	0.998626	728	0	TRUE	PB1:cds-XAJ25424.1	GCC	A	GCT	A	280
PB1|PP755595.1|A/cattle/Texas/24-008749-003/2024(H5N1)	855	T	C	0	0	0	729	400	56	1	729	0	TRUE	PB1:cds-XAJ25424.1	GTT	V	GTC	V	285
PB1|PP755595.1|A/cattle/Texas/24-008749-003/2024(H5N1)	921	T	C	0	0	0	748	394	52	1	748	0	TRUE	PB1:cds-XAJ25424.1	ACT	T	ACC	T	307
PB1|PP755595.1|A/cattle/Texas/24-008749-003/2024(H5N1)	936	C	T	0	0	0	735	395	54	1	735	0	TRUE	PB1:cds-XAJ25424.1	AAC	N	AAT	N	312
PB1|PP755595.1|A/cattle/Texas/24-008749-003/2024(H5N1)	1005	T	C	1	1	39	759	413	54	0.996063	762	0	TRUE	PB1:cds-XAJ25424.1	AAT	N	AAC	N	335
PB1|PP755595.1|A/cattle/Texas/24-008749-003/2024(H5N1)	1008	A	C	0	0	0	786	419	55	1	786	0	TRUE	PB1:cds-XAJ25424.1	GTA	V	GTC	V	336
PB1|PP755595.1|A/cattle/Texas/24-008749-003/2024(H5N1)	1038	C	T	0	0	0	761	368	55	1	761	0	TRUE	PB1:cds-XAJ25424.1	AAC	N	AAT	N	346
PB1|PP755595.1|A/cattle/Texas/24-008749-003/2024(H5N1)	1122	G	A	0	0	0	771	376	58	1	771	0	TRUE	PB1:cds-XAJ25424.1	GCG	A	GCA	A	374
PB1|PP755595.1|A/cattle/Texas/24-008749-003/2024(H5N1)	1128	T	C	1	0	39	738	366	56	0.998647	739	0	TRUE	PB1:cds-XAJ25424.1	ATT	I	ATC	I	376
PB1|PP755595.1|A/cattle/Texas/24-008749-003/2024(H5N1)	1131	T	C	0	0	0	759	376	55	1	759	0	TRUE	PB1:cds-XAJ25424.1	GAT	D	GAC	D	377
PB1|PP755595.1|A/cattle/Texas/24-008749-003/2024(H5N1)	1137	A	G	0	0	0	780	383	57	1	780	0	TRUE	PB1:cds-XAJ25424.1	AAA	K	AAG	K	379
PB1|PP755595.1|A/cattle/Texas/24-008749-003/2024(H5N1)	1157	G	A	0	0	0	757	390	58	1	757	0	TRUE	PB1:cds-XAJ25424.1	AGG	R	AAG	K	386
PB1|PP755595.1|A/cattle/Texas/24-008749-003/2024(H5N1)	1158	G	A	0	0	0	763	394	58	1	763	0	TRUE	PB1:cds-XAJ25424.1	AGG	R	AGA	R	386
PB1|PP755595.1|A/cattle/Texas/24-008749-003/2024(H5N1)	1255	C	T	0	0	0	752	336	54	1	752	0	TRUE	PB1:cds-XAJ25424.1	CTG	L	TTG	L	419
PB1|PP755595.1|A/cattle/Texas/24-008749-003/2024(H5N1)	1270	C	T	0	0	0	730	346	52	1	730	0	TRUE	PB1:cds-XAJ25424.1	CTA	L	TTA	L	424
PB1|PP755595.1|A/cattle/Texas/24-008749-003/2024(H5N1)	1289	A	G	0	0	0	745	372	53	1	745	0	TRUE	PB1:cds-XAJ25424.1	AAG	K	AGG	R	430
PB1|PP755595.1|A/cattle/Texas/24-008749-003/2024(H5N1)	1302	A	G	0	0	0	760	414	53	1	760	0	TRUE	PB1:cds-XAJ25424.1	ACA	T	ACG	T	434
PB1|PP755595.1|A/cattle/Texas/24-008749-003/2024(H5N1)	1329	T	C	0	0	0	749	381	53	1	749	0	TRUE	PB1:cds-XAJ25424.1	TCT	S	TCC	S	443
PB1|PP755595.1|A/cattle/Texas/24-008749-003/2024(H5N1)	1350	C	A	0	0	0	803	399	55	1	803	0	TRUE	PB1:cds-XAJ25424.1	ATC	I	ATA	I	450
PB1|PP755595.1|A/cattle/Texas/24-008749-003/2024(H5N1)	1359	T	C	0	0	0	767	369	54	1	767	0	TRUE	PB1:cds-XAJ25424.1	GCT	A	GCC	A	453
PB1|PP755595.1|A/cattle/Texas/24-008749-003/2024(H5N1)	1362	A	G	0	0	0	770	375	55	1	770	0	TRUE	PB1:cds-XAJ25424.1	CCA	P	CCG	P	454
PB1|PP755595.1|A/cattle/Texas/24-008749-003/2024(H5N1)	1386	A	G	1	1	39	822	394	52	0.998785	823	0	TRUE	PB1:cds-XAJ25424.1	GGA	G	GGG	G	462
PB1|PP755595.1|A/cattle/Texas/24-008749-003/2024(H5N1)	1419	A	C	0	0	0	819	368	57	1	819	0	TRUE	PB1:cds-XAJ25424.1	GTA	V	GTC	V	473
PB1|PP755595.1|A/cattle/Texas/24-008749-003/2024(H5N1)	1428	T	C	0	0	0	819	385	58	1	819	0	TRUE	PB1:cds-XAJ25424.1	AAT	N	AAC	N	476
PB1|PP755595.1|A/cattle/Texas/24-008749-003/2024(H5N1)	1446	A	C	0	0	0	806	401	59	1	806	0	TRUE	PB1:cds-XAJ25424.1	TCA	S	TCC	S	482
PB1|PP755595.1|A/cattle/Texas/24-008749-003/2024(H5N1)	1461	A	G	0	0	0	793	390	57	1	793	0	TRUE	PB1:cds-XAJ25424.1	ACA	T	ACG	T	487
PB1|PP755595.1|A/cattle/Texas/24-008749-003/2024(H5N1)	1464	A	G	0	0	0	793	401	57	1	793	0	TRUE	PB1:cds-XAJ25424.1	GGA	G	GGG	G	488
PB1|PP755595.1|A/cattle/Texas/24-008749-003/2024(H5N1)	1491	T	C	0	0	0	796	431	56	1	796	0	TRUE	PB1:cds-XAJ25424.1	TAT	Y	TAC	Y	497
PB1|PP755595.1|A/cattle/Texas/24-008749-003/2024(H5N1)	1512	T	C	0	0	0	815	461	56	1	815	0	TRUE	PB1:cds-XAJ25424.1	AAT	N	AAC	N	504
PB1|PP755595.1|A/cattle/Texas/24-008749-003/2024(H5N1)	1542	T	G	0	0	0	824	395	54	1	824	0	TRUE	PB1:cds-XAJ25424.1	GTT	V	GTG	V	514
PB1|PP755595.1|A/cattle/Texas/24-008749-003/2024(H5N1)	1563	A	G	0	0	0	819	385	56	1	819	0	TRUE	PB1:cds-XAJ25424.1	GCA	A	GCG	A	521
PB1|PP755595.1|A/cattle/Texas/24-008749-003/2024(H5N1)	1572	C	T	0	0	0	847	419	54	1	847	0	TRUE	PB1:cds-XAJ25424.1	AGC	S	AGT	S	524
PB1|PP755595.1|A/cattle/Texas/24-008749-003/2024(H5N1)	1614	T	C	0	0	0	856	375	53	1	856	0	TRUE	PB1:cds-XAJ25424.1	GAT	D	GAC	D	538
PB1|PP755595.1|A/cattle/Texas/24-008749-003/2024(H5N1)	1641	T	A	0	0	0	872	414	54	0.998855	873	0	TRUE	PB1:cds-XAJ25424.1	GCT	A	GCA	A	547
PB1|PP755595.1|A/cattle/Texas/24-008749-003/2024(H5N1)	1650	A	G	0	0	0	858	397	53	1	858	0	TRUE	PB1:cds-XAJ25424.1	CTA	L	CTG	L	550
PB1|PP755595.1|A/cattle/Texas/24-008749-003/2024(H5N1)	1722	C	T	1	0	77	945	417	58	0.998943	946	0	TRUE	PB1:cds-XAJ25424.1	TTC	F	TTT	F	574
PB1|PP755595.1|A/cattle/Texas/24-008749-003/2024(H5N1)	1731	A	G	1	1	78	959	430	58	0.998958	960	0	TRUE	PB1:cds-XAJ25424.1	AAA	K	AAG	K	577
PB1|PP755595.1|A/cattle/Texas/24-008749-003/2024(H5N1)	1759	C	G	0	0	0	961	425	59	1	961	0	TRUE	PB1:cds-XAJ25424.1	CCA	P	GCA	A	587
PB1|PP755595.1|A/cattle/Texas/24-008749-003/2024(H5N1)	1773	C	T	0	0	0	954	442	58	1	954	0	TRUE	PB1:cds-XAJ25424.1	GTC	V	GTT	V	591
PB1|PP755595.1|A/cattle/Texas/24-008749-003/2024(H5N1)	1785	G	A	1	1	38	932	475	57	0.998928	933	0	TRUE	PB1:cds-XAJ25424.1	GGG	G	GGA	G	595
PB1|PP755595.1|A/cattle/Texas/24-008749-003/2024(H5N1)	1806	A	G	0	0	0	959	457	57	1	959	0	TRUE	PB1:cds-XAJ25424.1	CGA	R	CGG	R	602
PB1|PP755595.1|A/cattle/Texas/24-008749-003/2024(H5N1)	1809	T	C	0	0	0	966	466	56	1	966	0	TRUE	PB1:cds-XAJ25424.1	AAT	N	AAC	N	603
PB1|PP755595.1|A/cattle/Texas/24-008749-003/2024(H5N1)	1830	C	T	0	0	0	969	500	57	1	969	0	TRUE	PB1:cds-XAJ25424.1	TGC	C	TGT	C	610
PB1|PP755595.1|A/cattle/Texas/24-008749-003/2024(H5N1)	1851	C	T	2	2	35	968	503	55	0.997938	970	0	TRUE	PB1:cds-XAJ25424.1	GAC	D	GAT	D	617
PB1|PP755595.1|A/cattle/Texas/24-008749-003/2024(H5N1)	1853	A	G	0	0	0	969	507	55	1	969	0	TRUE	PB1:cds-XAJ25424.1	GAA	E	GGA	G	618
PB1|PP755595.1|A/cattle/Texas/24-008749-003/2024(H5N1)	1875	T	C	0	0	0	987	512	56	0.998988	988	0	TRUE	PB1:cds-XAJ25424.1	TGT	C	TGC	C	625
PB1|PP755595.1|A/cattle/Texas/24-008749-003/2024(H5N1)	1887	T	C	0	0	0	968	479	55	1	968	0	TRUE	PB1:cds-XAJ25424.1	AAT	N	AAC	N	629
PB1|PP755595.1|A/cattle/Texas/24-008749-003/2024(H5N1)	1896	A	C	0	0	0	974	503	54	1	974	0	TRUE	PB1:cds-XAJ25424.1	GTA	V	GTC	V	632
PB1|PP755595.1|A/cattle/Texas/24-008749-003/2024(H5N1)	1949	G	T	1141	591	51	12	5	38	0.0104076	1153	0.000206767	TRUE	PB1:cds-XAJ25424.1	GGC	G	GTC	V	650
PB1|PP755595.1|A/cattle/Texas/24-008749-003/2024(H5N1)	1956	T	C	0	0	0	1179	577	51	0.999153	1180	0	TRUE	PB1:cds-XAJ25424.1	GCT	A	GCC	A	652
PB1|PP755595.1|A/cattle/Texas/24-008749-003/2024(H5N1)	1992	C	T	0	0	0	1255	595	53	1	1255	0	TRUE	PB1:cds-XAJ25424.1	CAC	H	CAT	H	664
PB1|PP755595.1|A/cattle/Texas/24-008749-003/2024(H5N1)	2019	T	C	0	0	0	1333	661	56	1	1333	0	TRUE	PB1:cds-XAJ25424.1	TCT	S	TCC	S	673
PB1|PP755595.1|A/cattle/Texas/24-008749-003/2024(H5N1)	2025	T	C	0	0	0	1365	676	57	1	1365	0	TRUE	PB1:cds-XAJ25424.1	CTT	L	CTC	L	675
PB1|PP755595.1|A/cattle/Texas/24-008749-003/2024(H5N1)	2085	A	G	1	1	33	1393	841	65	0.999283	1394	0	TRUE	PB1:cds-XAJ25424.1	CTA	L	CTG	L	695
PB1|PP755595.1|A/cattle/Texas/24-008749-003/2024(H5N1)	2178	A	G	1	1	76	1097	727	60	0.999089	1098	0	TRUE	PB1:cds-XAJ25424.1	GCA	A	GCG	A	726
PB1|PP755595.1|A/cattle/Texas/24-008749-003/2024(H5N1)	2183	T	C	1086	733	60	16	10	67	0.0145191	1102	1.55593e-07	TRUE	PB1:cds-XAJ25424.1	ATT	I	ACT	T	728
PB1|PP755595.1|A/cattle/Texas/24-008749-003/2024(H5N1)	2187	C	T	0	0	0	1093	739	60	1	1093	0	TRUE	PB1:cds-XAJ25424.1	GAC	D	GAT	D	729
