REGION	POS	REF	ALT	REF_DP	REF_RV	REF_QUAL	ALT_DP	ALT_RV	ALT_QUAL	ALT_FREQ	TOTAL_DP	PVAL	PASS	GFF_FEATURE	REF_CODON	REF_AA	ALT_CODON	ALT_AA	POS_AA
NA|PP755591.1|A/cattle/Texas/24-008749-003/2024(H5N1)	805	A	T	0	0	0	1	1	31	1	1	1	FALSE	NA:cds-XAJ25418.1	ATG	M	TTG	L	269
NA|PP755591.1|A/cattle/Texas/24-008749-003/2024(H5N1)	824	A	T	0	0	0	1	1	30	1	1	1	FALSE	NA:cds-XAJ25418.1	CAC	H	CTC	L	275
NA|PP755591.1|A/cattle/Texas/24-008749-003/2024(H5N1)	845	A	G	0	0	0	1	1	30	1	1	1	FALSE	NA:cds-XAJ25418.1	TAT	Y	TGT	C	282
