REGION	POS	REF	ALT	REF_DP	REF_RV	REF_QUAL	ALT_DP	ALT_RV	ALT_QUAL	ALT_FREQ	TOTAL_DP	PVAL	PASS	GFF_FEATURE	REF_CODON	REF_AA	ALT_CODON	ALT_AA	POS_AA
PA|PP755594.1|A/cattle/Texas/24-008749-003/2024(H5N1)	144	T	C	0	0	0	57	24	40	1	57	2.92351e-37	TRUE	PA:cds-XAJ25422.1	TAT	Y	TAC	Y	48
PA|PP755594.1|A/cattle/Texas/24-008749-003/2024(H5N1)	144	T	C	0	0	0	57	24	40	1	57	2.92351e-37	TRUE	PA-X:cds-XAJ25423.1	TAT	Y	TAC	Y	48
PA|PP755594.1|A/cattle/Texas/24-008749-003/2024(H5N1)	168	A	G	58	29	44	1	0	34	0.0169492	59	0.430657	FALSE	PA:cds-XAJ25422.1	GAA	E	GAG	E	56
PA|PP755594.1|A/cattle/Texas/24-008749-003/2024(H5N1)	168	A	G	58	29	44	1	0	34	0.0169492	59	0.430657	FALSE	PA-X:cds-XAJ25423.1	GAA	E	GAG	E	56
PA|PP755594.1|A/cattle/Texas/24-008749-003/2024(H5N1)	202	C	T	0	0	0	60	30	44	1	60	4.42377e-41	TRUE	PA:cds-XAJ25422.1	CCA	P	TCA	S	68
PA|PP755594.1|A/cattle/Texas/24-008749-003/2024(H5N1)	202	C	T	0	0	0	60	30	44	1	60	4.42377e-41	TRUE	PA-X:cds-XAJ25423.1	CCA	P	TCA	S	68
PA|PP755594.1|A/cattle/Texas/24-008749-003/2024(H5N1)	244	A	G	61	36	41	1	0	34	0.016129	62	0.452555	FALSE	PA:cds-XAJ25422.1	AGA	R	GGA	G	82
PA|PP755594.1|A/cattle/Texas/24-008749-003/2024(H5N1)	244	A	G	61	36	41	1	0	34	0.016129	62	0.452555	FALSE	PA-X:cds-XAJ25423.1	AGA	R	GGA	G	82
PA|PP755594.1|A/cattle/Texas/24-008749-003/2024(H5N1)	252	A	T	60	37	41	1	0	34	0.0163934	61	0.448529	FALSE	PA:cds-XAJ25422.1	CGA	R	CGT	R	84
PA|PP755594.1|A/cattle/Texas/24-008749-003/2024(H5N1)	252	A	T	60	37	41	1	0	34	0.0163934	61	0.448529	FALSE	PA-X:cds-XAJ25423.1	CGA	R	CGT	R	84
PA|PP755594.1|A/cattle/Texas/24-008749-003/2024(H5N1)	299	T	C	60	22	39	1	0	32	0.0163934	61	0.458647	FALSE	PA:cds-XAJ25422.1	GTC	V	GCC	A	100
PA|PP755594.1|A/cattle/Texas/24-008749-003/2024(H5N1)	299	T	C	60	22	39	1	0	32	0.0163934	61	0.458647	FALSE	PA-X:cds-XAJ25423.1	GTC	V	GCC	A	100
PA|PP755594.1|A/cattle/Texas/24-008749-003/2024(H5N1)	400	A	G	62	26	46	1	1	34	0.015873	63	0.425676	FALSE	PA:cds-XAJ25422.1	AAA	K	GAA	E	134
PA|PP755594.1|A/cattle/Texas/24-008749-003/2024(H5N1)	400	A	G	62	26	46	1	1	34	0.015873	63	0.425676	FALSE	PA-X:cds-XAJ25423.1	AAA	K	GAA	E	134
PA|PP755594.1|A/cattle/Texas/24-008749-003/2024(H5N1)	412	A	G	61	32	47	1	0	34	0.016129	62	0.407895	FALSE	PA:cds-XAJ25422.1	ATA	I	GTA	V	138
PA|PP755594.1|A/cattle/Texas/24-008749-003/2024(H5N1)	412	A	G	61	32	47	1	0	34	0.016129	62	0.407895	FALSE	PA-X:cds-XAJ25423.1	ATA	I	GTA	V	138
PA|PP755594.1|A/cattle/Texas/24-008749-003/2024(H5N1)	445	T	C	59	42	37	1	0	68	0.0163934	61	0.451128	FALSE	PA:cds-XAJ25422.1	TCA	S	CCA	P	149
PA|PP755594.1|A/cattle/Texas/24-008749-003/2024(H5N1)	445	T	C	59	42	37	1	0	68	0.0163934	61	0.451128	FALSE	PA-X:cds-XAJ25423.1	TCA	S	CCA	P	149
PA|PP755594.1|A/cattle/Texas/24-008749-003/2024(H5N1)	445	T	A	59	42	37	1	0	34	0.0163934	61	0.451128	FALSE	PA:cds-XAJ25422.1	TCA	S	ACA	T	149
PA|PP755594.1|A/cattle/Texas/24-008749-003/2024(H5N1)	445	T	A	59	42	37	1	0	34	0.0163934	61	0.451128	FALSE	PA-X:cds-XAJ25423.1	TCA	S	ACA	T	149
PA|PP755594.1|A/cattle/Texas/24-008749-003/2024(H5N1)	458	A	G	63	43	38	1	0	34	0.015625	64	0.460432	FALSE	PA:cds-XAJ25422.1	GAG	E	GGG	G	153
PA|PP755594.1|A/cattle/Texas/24-008749-003/2024(H5N1)	458	A	G	63	43	38	1	0	34	0.015625	64	0.460432	FALSE	PA-X:cds-XAJ25423.1	GAG	E	GGG	G	153
PA|PP755594.1|A/cattle/Texas/24-008749-003/2024(H5N1)	480	C	T	71	38	38	1	1	68	0.0138889	72	0.464516	FALSE	PA:cds-XAJ25422.1	GAC	D	GAT	D	160
PA|PP755594.1|A/cattle/Texas/24-008749-003/2024(H5N1)	480	C	T	71	38	38	1	1	68	0.0138889	72	0.464516	FALSE	PA-X:cds-XAJ25423.1	GAC	D	GAT	D	160
PA|PP755594.1|A/cattle/Texas/24-008749-003/2024(H5N1)	504	A	G	57	23	40	1	1	34	0.0172414	58	0.460317	FALSE	PA:cds-XAJ25422.1	AGA	R	AGG	R	168
PA|PP755594.1|A/cattle/Texas/24-008749-003/2024(H5N1)	504	A	G	57	23	40	1	1	34	0.0172414	58	0.460317	FALSE	PA-X:cds-XAJ25423.1	AGA	R	AGG	R	168
PA|PP755594.1|A/cattle/Texas/24-008749-003/2024(H5N1)	571	T	C	65	16	41	1	1	34	0.0151515	66	0.452055	FALSE	PA:cds-XAJ25422.1	TTT	F	CTT	L	191
PA|PP755594.1|A/cattle/Texas/24-008749-003/2024(H5N1)	576	T	C	64	18	42	1	0	34	0.0153846	65	0.442177	FALSE	PA:cds-XAJ25422.1	CGT	R	CGC	R	192
PA|PP755594.1|A/cattle/Texas/24-008749-003/2024(H5N1)	576	T	C	64	18	42	1	0	34	0.0153846	65	0.442177	FALSE	PA-X:cds-XAJ25423.1	GTC	V	GCC	A	2
PA|PP755594.1|A/cattle/Texas/24-008749-003/2024(H5N1)	612	A	T	58	21	39	1	0	34	0.0169492	59	0.42446	FALSE	PA:cds-XAJ25422.1	AGA	R	AGT	S	204
PA|PP755594.1|A/cattle/Texas/24-008749-003/2024(H5N1)	612	A	T	58	21	39	1	0	34	0.0169492	59	0.42446	FALSE	PA-X:cds-XAJ25423.1	GAT	D	GTT	V	14
PA|PP755594.1|A/cattle/Texas/24-008749-003/2024(H5N1)	723	C	A	71	41	41	1	1	34	0.0138889	72	0.455696	FALSE	PA:cds-XAJ25422.1	TGC	C	TGA	*	241
PA|PP755594.1|A/cattle/Texas/24-008749-003/2024(H5N1)	723	C	A	71	41	41	1	1	34	0.0138889	72	0.455696	FALSE	PA-X:cds-XAJ25423.1	GCA	A	GAA	E	51
PA|PP755594.1|A/cattle/Texas/24-008749-003/2024(H5N1)	758	T	C	76	43	39	1	0	34	0.012987	77	0.445087	FALSE	PA:cds-XAJ25422.1	GTG	V	GCG	A	253
PA|PP755594.1|A/cattle/Texas/24-008749-003/2024(H5N1)	758	T	C	76	43	39	1	0	34	0.012987	77	0.445087	FALSE	PA-X:cds-XAJ25423.1	TGA	*	CGA	R	63
PA|PP755594.1|A/cattle/Texas/24-008749-003/2024(H5N1)	765	C	T	88	47	39	2	2	34	0.0222222	90	0.211737	FALSE	PA:cds-XAJ25422.1	GCC	A	GCT	A	255
PA|PP755594.1|A/cattle/Texas/24-008749-003/2024(H5N1)	776	C	T	89	51	42	1	0	34	0.0111111	90	0.445545	FALSE	PA:cds-XAJ25422.1	CCA	P	CTA	L	259
PA|PP755594.1|A/cattle/Texas/24-008749-003/2024(H5N1)	805	A	G	91	43	39	1	1	34	0.0108696	92	0.457711	FALSE	PA:cds-XAJ25422.1	AGA	R	GGA	G	269
PA|PP755594.1|A/cattle/Texas/24-008749-003/2024(H5N1)	813	T	C	89	39	40	1	1	34	0.0111111	90	0.456853	FALSE	PA:cds-XAJ25422.1	CCT	P	CCC	P	271
PA|PP755594.1|A/cattle/Texas/24-008749-003/2024(H5N1)	899	A	G	94	40	39	2	1	34	0.0208333	96	0.20979	FALSE	PA:cds-XAJ25422.1	GAG	E	GGG	G	300
PA|PP755594.1|A/cattle/Texas/24-008749-003/2024(H5N1)	937	A	G	99	28	34	1	1	34	0.01	100	0.471698	FALSE	PA:cds-XAJ25422.1	ACA	T	GCA	A	313
PA|PP755594.1|A/cattle/Texas/24-008749-003/2024(H5N1)	957	G	A	104	31	36	2	1	34	0.0188679	106	0.233128	FALSE	PA:cds-XAJ25422.1	GAG	E	GAA	E	319
PA|PP755594.1|A/cattle/Texas/24-008749-003/2024(H5N1)	981	G	A	0	0	0	102	44	39	1	102	2.80167e-67	TRUE	PA:cds-XAJ25422.1	GAG	E	GAA	E	327
PA|PP755594.1|A/cattle/Texas/24-008749-003/2024(H5N1)	984	A	G	95	38	35	1	0	34	0.0104167	96	0.432432	FALSE	PA:cds-XAJ25422.1	AAA	K	AAG	K	328
PA|PP755594.1|A/cattle/Texas/24-008749-003/2024(H5N1)	1057	A	T	99	53	37	1	0	33	0.01	100	0.440529	FALSE	PA:cds-XAJ25422.1	AAA	K	TAA	*	353
PA|PP755594.1|A/cattle/Texas/24-008749-003/2024(H5N1)	1076	A	G	98	65	36	1	0	34	0.010101	99	0.469194	FALSE	PA:cds-XAJ25422.1	AAC	N	AGC	S	359
PA|PP755594.1|A/cattle/Texas/24-008749-003/2024(H5N1)	1145	A	G	96	63	37	1	1	34	0.0103093	97	0.47549	FALSE	PA:cds-XAJ25422.1	GAG	E	GGG	G	382
PA|PP755594.1|A/cattle/Texas/24-008749-003/2024(H5N1)	1269	T	C	101	61	39	6	2	51	0.0560748	107	0.00743756	TRUE	PA:cds-XAJ25422.1	ATT	I	ATC	I	423
PA|PP755594.1|A/cattle/Texas/24-008749-003/2024(H5N1)	1277	A	G	99	58	41	3	0	34	0.0294118	102	0.0880749	FALSE	PA:cds-XAJ25422.1	GAT	D	GGT	G	426
PA|PP755594.1|A/cattle/Texas/24-008749-003/2024(H5N1)	1292	A	G	95	52	40	1	1	34	0.0104167	96	0.432432	FALSE	PA:cds-XAJ25422.1	GAC	D	GGC	G	431
PA|PP755594.1|A/cattle/Texas/24-008749-003/2024(H5N1)	1294	G	A	0	0	0	92	46	41	1	92	9.98536e-63	TRUE	PA:cds-XAJ25422.1	GTT	V	ATT	I	432
PA|PP755594.1|A/cattle/Texas/24-008749-003/2024(H5N1)	1297	G	C	90	44	41	1	1	26	0.010989	91	0.6754	FALSE	PA:cds-XAJ25422.1	GCT	A	CCT	P	433
PA|PP755594.1|A/cattle/Texas/24-008749-003/2024(H5N1)	1316	C	T	85	42	40	1	0	34	0.0116279	86	0.445596	FALSE	PA:cds-XAJ25422.1	GCG	A	GTG	V	439
PA|PP755594.1|A/cattle/Texas/24-008749-003/2024(H5N1)	1330	A	G	79	51	41	1	0	30	0.0125	80	0.444444	FALSE	PA:cds-XAJ25422.1	AAC	N	GAC	D	444
PA|PP755594.1|A/cattle/Texas/24-008749-003/2024(H5N1)	1467	C	T	118	46	39	5	2	34	0.0406504	123	0.0184097	FALSE	PA:cds-XAJ25422.1	TGC	C	TGT	C	489
PA|PP755594.1|A/cattle/Texas/24-008749-003/2024(H5N1)	1593	G	A	95	63	36	2	2	34	0.0206186	97	0.212167	FALSE	PA:cds-XAJ25422.1	AGG	R	AGA	R	531
PA|PP755594.1|A/cattle/Texas/24-008749-003/2024(H5N1)	1630	G	A	94	58	38	1	1	34	0.0105263	95	0.465686	FALSE	PA:cds-XAJ25422.1	GAG	E	AAG	K	544
PA|PP755594.1|A/cattle/Texas/24-008749-003/2024(H5N1)	1631	A	T	93	57	37	1	1	20	0.0106383	94	0.720352	FALSE	PA:cds-XAJ25422.1	GAG	E	GTG	V	544
PA|PP755594.1|A/cattle/Texas/24-008749-003/2024(H5N1)	1643	T	C	78	44	37	1	0	34	0.0126582	79	0.446328	FALSE	PA:cds-XAJ25422.1	ATG	M	ACG	T	548
PA|PP755594.1|A/cattle/Texas/24-008749-003/2024(H5N1)	1657	G	A	87	39	37	1	0	34	0.0113636	88	0.463158	FALSE	PA:cds-XAJ25422.1	GCA	A	ACA	T	553
PA|PP755594.1|A/cattle/Texas/24-008749-003/2024(H5N1)	1681	A	G	93	39	38	1	0	34	0.0106383	94	0.463054	FALSE	PA:cds-XAJ25422.1	ATG	M	GTG	V	561
PA|PP755594.1|A/cattle/Texas/24-008749-003/2024(H5N1)	1684	T	A	93	38	38	1	0	26	0.0106383	94	0.703203	FALSE	PA:cds-XAJ25422.1	TTC	F	ATC	I	562
PA|PP755594.1|A/cattle/Texas/24-008749-003/2024(H5N1)	1708	A	G	89	34	39	1	0	34	0.0111111	90	0.454545	FALSE	PA:cds-XAJ25422.1	ACT	T	GCT	A	570
PA|PP755594.1|A/cattle/Texas/24-008749-003/2024(H5N1)	1729	T	A	90	31	37	1	0	26	0.010989	91	0.721988	FALSE	PA:cds-XAJ25422.1	TGG	W	AGG	R	577
PA|PP755594.1|A/cattle/Texas/24-008749-003/2024(H5N1)	1741	A	T	95	37	38	1	0	26	0.0104167	96	0.685686	FALSE	PA:cds-XAJ25422.1	ATG	M	TTG	L	581
PA|PP755594.1|A/cattle/Texas/24-008749-003/2024(H5N1)	1742	T	C	97	36	40	1	0	34	0.0102041	98	0.447489	FALSE	PA:cds-XAJ25422.1	ATG	M	ACG	T	581
PA|PP755594.1|A/cattle/Texas/24-008749-003/2024(H5N1)	1749	A	G	0	0	0	94	35	39	1	94	1.1471e-61	TRUE	PA:cds-XAJ25422.1	CGA	R	CGG	R	583
PA|PP755594.1|A/cattle/Texas/24-008749-003/2024(H5N1)	1822	T	C	88	49	40	3	0	34	0.032967	91	0.0897628	FALSE	PA:cds-XAJ25422.1	TCC	S	CCC	P	608
PA|PP755594.1|A/cattle/Texas/24-008749-003/2024(H5N1)	1930	T	C	98	54	39	1	1	68	0.010101	99	0.452055	FALSE	PA:cds-XAJ25422.1	TCT	S	CCT	P	644
PA|PP755594.1|A/cattle/Texas/24-008749-003/2024(H5N1)	2024	A	G	86	47	41	1	1	34	0.0114943	87	0.441624	FALSE	PA:cds-XAJ25422.1	AAC	N	AGC	S	675
PA|PP755594.1|A/cattle/Texas/24-008749-003/2024(H5N1)	2029	G	T	86	48	41	1	1	34	0.0114943	87	0.448454	FALSE	PA:cds-XAJ25422.1	GAA	E	TAA	*	677
PA|PP755594.1|A/cattle/Texas/24-008749-003/2024(H5N1)	2105	T	C	55	50	37	1	1	34	0.0178571	56	0.414815	FALSE	PA:cds-XAJ25422.1	CTT	L	CCT	P	702
PA|PP755594.1|A/cattle/Texas/24-008749-003/2024(H5N1)	2128	T	C	54	54	37	2	2	34	0.0357143	56	0.223091	FALSE	PA:cds-XAJ25422.1	TTC	F	CTC	L	710
