REGION	POS	REF	ALT	REF_DP	REF_RV	REF_QUAL	ALT_DP	ALT_RV	ALT_QUAL	ALT_FREQ	TOTAL_DP	PVAL	PASS	GFF_FEATURE	REF_CODON	REF_AA	ALT_CODON	ALT_AA	POS_AA
PB2|PP755596.1|A/cattle/Texas/24-008749-003/2024(H5N1)	240	G	A	2	1	34	2690	1441	33	0.999257	2692	0	TRUE	PB2:cds-XAJ25426.1	AAG	K	AAA	K	80
PB2|PP755596.1|A/cattle/Texas/24-008749-003/2024(H5N1)	630	G	A	2	2	34	3253	1949	33	0.999386	3255	0	TRUE	PB2:cds-XAJ25426.1	GAG	E	GAA	E	210
PB2|PP755596.1|A/cattle/Texas/24-008749-003/2024(H5N1)	764	C	T	1	1	34	3621	1605	33	0.999724	3622	0	TRUE	PB2:cds-XAJ25426.1	GCA	A	GTA	V	255
PB2|PP755596.1|A/cattle/Texas/24-008749-003/2024(H5N1)	912	G	A	1	0	34	3738	1700	33	0.999465	3740	0	TRUE	PB2:cds-XAJ25426.1	GAG	E	GAA	E	304
PB2|PP755596.1|A/cattle/Texas/24-008749-003/2024(H5N1)	1085	G	C	2777	743	31	36	35	22	0.0127932	2814	0.16275	FALSE	PB2:cds-XAJ25426.1	GGG	G	GCG	A	362
PB2|PP755596.1|A/cattle/Texas/24-008749-003/2024(H5N1)	1392	G	A	0	0	0	4041	2616	33	1	4041	0	TRUE	PB2:cds-XAJ25426.1	TTG	L	TTA	L	464
PB2|PP755596.1|A/cattle/Texas/24-008749-003/2024(H5N1)	2009	A	G	0	0	0	3834	2203	33	0.999739	3835	0	TRUE	PB2:cds-XAJ25426.1	AAA	K	AGA	R	670
