REGION	POS	REF	ALT	REF_DP	REF_RV	REF_QUAL	ALT_DP	ALT_RV	ALT_QUAL	ALT_FREQ	TOTAL_DP	PVAL	PASS	GFF_FEATURE	REF_CODON	REF_AA	ALT_CODON	ALT_AA	POS_AA
NS|PP755593.1|A/cattle/Texas/24-008749-003/2024(H5N1)	20	T	C	0	0	0	864	144	33	0.998844	865	0	TRUE	NEP:cds-XAJ25421.1	TTA	L	TCA	S	7
NS|PP755593.1|A/cattle/Texas/24-008749-003/2024(H5N1)	20	T	C	0	0	0	864	144	33	0.998844	865	0	TRUE	NS1:cds-XAJ25420.1	TTA	L	TCA	S	7
NS|PP755593.1|A/cattle/Texas/24-008749-003/2024(H5N1)	102	C	T	1	0	26	1925	632	33	0.998962	1927	0	TRUE	NS1:cds-XAJ25420.1	GAC	D	GAT	D	34
NS|PP755593.1|A/cattle/Texas/24-008749-003/2024(H5N1)	108	C	T	0	0	0	2078	783	33	1	2078	0	TRUE	NS1:cds-XAJ25420.1	CTC	L	CTT	L	36
NS|PP755593.1|A/cattle/Texas/24-008749-003/2024(H5N1)	117	C	T	2	2	34	2197	829	33	0.998636	2200	0	TRUE	NS1:cds-XAJ25420.1	GAC	D	GAT	D	39
NS|PP755593.1|A/cattle/Texas/24-008749-003/2024(H5N1)	126	T	C	0	0	0	2187	872	33	1	2187	0	TRUE	NS1:cds-XAJ25420.1	TCT	S	TCC	S	42
NS|PP755593.1|A/cattle/Texas/24-008749-003/2024(H5N1)	132	A	G	1	0	34	2376	973	33	0.998739	2379	0	TRUE	NS1:cds-XAJ25420.1	AGA	R	AGG	R	44
NS|PP755593.1|A/cattle/Texas/24-008749-003/2024(H5N1)	165	G	A	6	4	32	2026	1128	32	0.997047	2032	0	TRUE	NS1:cds-XAJ25420.1	GAG	E	GAA	E	55
NS|PP755593.1|A/cattle/Texas/24-008749-003/2024(H5N1)	177	T	C	0	0	0	2358	1318	33	1	2358	0	TRUE	NS1:cds-XAJ25420.1	CGT	R	CGC	R	59
NS|PP755593.1|A/cattle/Texas/24-008749-003/2024(H5N1)	183	G	A	1	1	34	2162	1304	33	0.998614	2165	0	TRUE	NS1:cds-XAJ25420.1	GGG	G	GGA	G	61
NS|PP755593.1|A/cattle/Texas/24-008749-003/2024(H5N1)	222	T	C	1	1	34	2570	1464	33	0.999611	2571	0	TRUE	NS1:cds-XAJ25420.1	GAT	D	GAC	D	74
NS|PP755593.1|A/cattle/Texas/24-008749-003/2024(H5N1)	234	A	G	0	0	0	2501	1484	33	0.9996	2502	0	TRUE	NS1:cds-XAJ25420.1	AAA	K	AAG	K	78
NS|PP755593.1|A/cattle/Texas/24-008749-003/2024(H5N1)	240	T	C	4	2	34	2423	1460	33	0.996709	2431	0	TRUE	NS1:cds-XAJ25420.1	ACT	T	ACC	T	80
NS|PP755593.1|A/cattle/Texas/24-008749-003/2024(H5N1)	252	G	A	3	2	34	2400	1328	33	0.997921	2405	0	TRUE	NS1:cds-XAJ25420.1	GTG	V	GTA	V	84
NS|PP755593.1|A/cattle/Texas/24-008749-003/2024(H5N1)	259	C	T	5	1	34	2355	1208	33	0.997459	2361	0	TRUE	NS1:cds-XAJ25420.1	CCA	P	TCA	S	87
NS|PP755593.1|A/cattle/Texas/24-008749-003/2024(H5N1)	324	G	A	3	3	31	2243	1250	33	0.997332	2249	0	TRUE	NS1:cds-XAJ25420.1	AAG	K	AAA	K	108
NS|PP755593.1|A/cattle/Texas/24-008749-003/2024(H5N1)	346	A	T	1	1	34	2270	1150	33	0.99868	2273	0	TRUE	NS1:cds-XAJ25420.1	AGT	S	TGT	C	116
NS|PP755593.1|A/cattle/Texas/24-008749-003/2024(H5N1)	386	T	C	0	0	0	2178	1024	33	1	2178	0	TRUE	NS1:cds-XAJ25420.1	ATA	I	ACA	T	129
NS|PP755593.1|A/cattle/Texas/24-008749-003/2024(H5N1)	388	C	T	0	0	0	2056	959	33	0.998543	2059	0	TRUE	NS1:cds-XAJ25420.1	CTG	L	TTG	L	130
NS|PP755593.1|A/cattle/Texas/24-008749-003/2024(H5N1)	393	G	A	4	2	34	2210	1071	33	0.998193	2214	0	TRUE	NS1:cds-XAJ25420.1	AAG	K	AAA	K	131
NS|PP755593.1|A/cattle/Texas/24-008749-003/2024(H5N1)	415	A	G	0	0	0	2154	1138	33	0.999536	2155	0	TRUE	NS1:cds-XAJ25420.1	AAT	N	GAT	D	139
NS|PP755593.1|A/cattle/Texas/24-008749-003/2024(H5N1)	418	C	A	0	0	0	1891	1122	33	0.996837	1897	0	TRUE	NS1:cds-XAJ25420.1	CGG	R	AGG	R	140
NS|PP755593.1|A/cattle/Texas/24-008749-003/2024(H5N1)	487	T	C	0	0	0	2491	1223	33	0.999198	2493	0	TRUE	NS1:cds-XAJ25420.1	TTG	L	CTG	L	163
NS|PP755593.1|A/cattle/Texas/24-008749-003/2024(H5N1)	537	G	A	2445	1212	33	492	237	33	0.167461	2938	9.27369e-160	TRUE	NEP:cds-XAJ25421.1	GGG	G	GAG	E	12
NS|PP755593.1|A/cattle/Texas/24-008749-003/2024(H5N1)	537	G	A	2445	1212	33	492	237	33	0.167461	2938	9.27369e-160	TRUE	NS1:cds-XAJ25420.1	GGG	G	GGA	G	179
NS|PP755593.1|A/cattle/Texas/24-008749-003/2024(H5N1)	538	G	A	2546	1295	33	492	235	33	0.161949	3038	4.27723e-156	TRUE	NEP:cds-XAJ25421.1	GGG	G	GGA	G	12
NS|PP755593.1|A/cattle/Texas/24-008749-003/2024(H5N1)	538	G	A	2546	1295	33	492	235	33	0.161949	3038	4.27723e-156	TRUE	NS1:cds-XAJ25420.1	GTC	V	ATC	I	180
NS|PP755593.1|A/cattle/Texas/24-008749-003/2024(H5N1)	549	A	T	2560	1277	33	502	241	33	0.163731	3066	8.60732e-161	TRUE	NEP:cds-XAJ25421.1	GAG	E	GTG	V	16
NS|PP755593.1|A/cattle/Texas/24-008749-003/2024(H5N1)	549	A	T	2560	1277	33	502	241	33	0.163731	3066	8.60732e-161	TRUE	NS1:cds-XAJ25420.1	GGA	G	GGT	G	183
NS|PP755593.1|A/cattle/Texas/24-008749-003/2024(H5N1)	571	A	T	2491	1210	33	512	258	33	0.170496	3003	1.65592e-167	TRUE	NEP:cds-XAJ25421.1	ACA	T	ACT	T	23
NS|PP755593.1|A/cattle/Texas/24-008749-003/2024(H5N1)	571	A	T	2491	1210	33	512	258	33	0.170496	3003	1.65592e-167	TRUE	NS1:cds-XAJ25420.1	ACA	T	TCA	S	191
NS|PP755593.1|A/cattle/Texas/24-008749-003/2024(H5N1)	574	G	A	2503	1142	33	477	234	33	0.15996	2982	7.21011e-152	TRUE	NEP:cds-XAJ25421.1	CAG	Q	CAA	Q	24
NS|PP755593.1|A/cattle/Texas/24-008749-003/2024(H5N1)	574	G	A	2503	1142	33	477	234	33	0.15996	2982	7.21011e-152	TRUE	NS1:cds-XAJ25420.1	GTT	V	ATT	I	192
NS|PP755593.1|A/cattle/Texas/24-008749-003/2024(H5N1)	581	T	C	1959	890	32	490	271	33	0.199918	2451	4.9737e-177	TRUE	NEP:cds-XAJ25421.1	TCT	S	CCT	P	27
NS|PP755593.1|A/cattle/Texas/24-008749-003/2024(H5N1)	581	T	C	1959	890	32	490	271	33	0.199918	2451	4.9737e-177	TRUE	NS1:cds-XAJ25420.1	GTC	V	GCC	A	194
NS|PP755593.1|A/cattle/Texas/24-008749-003/2024(H5N1)	582	C	G	2349	1276	33	491	270	33	0.172887	2840	1.27164e-157	TRUE	NEP:cds-XAJ25421.1	TCT	S	TGT	C	27
NS|PP755593.1|A/cattle/Texas/24-008749-003/2024(H5N1)	582	C	G	2349	1276	33	491	270	33	0.172887	2840	1.27164e-157	TRUE	NS1:cds-XAJ25420.1	GTC	V	GTG	V	194
NS|PP755593.1|A/cattle/Texas/24-008749-003/2024(H5N1)	590	C	A	2350	1273	33	482	271	33	0.170198	2832	6.20637e-155	TRUE	NEP:cds-XAJ25421.1	CTT	L	ATT	I	30
NS|PP755593.1|A/cattle/Texas/24-008749-003/2024(H5N1)	590	C	A	2350	1273	33	482	271	33	0.170198	2832	6.20637e-155	TRUE	NS1:cds-XAJ25420.1	ACT	T	AAT	N	197
NS|PP755593.1|A/cattle/Texas/24-008749-003/2024(H5N1)	592	T	A	2240	1212	33	453	268	33	0.167902	2698	8.11543e-150	TRUE	NEP:cds-XAJ25421.1	CTT	L	CTA	L	30
NS|PP755593.1|A/cattle/Texas/24-008749-003/2024(H5N1)	592	T	A	2240	1212	33	453	268	33	0.167902	2698	8.11543e-150	TRUE	NS1:cds-XAJ25420.1	TTA	L	ATA	I	198
NS|PP755593.1|A/cattle/Texas/24-008749-003/2024(H5N1)	604	G	A	500	275	33	2100	1109	33	0.807692	2600	0	TRUE	NEP:cds-XAJ25421.1	TCG	S	TCA	S	34
NS|PP755593.1|A/cattle/Texas/24-008749-003/2024(H5N1)	604	G	A	500	275	33	2100	1109	33	0.807692	2600	0	TRUE	NS1:cds-XAJ25420.1	GCT	A	ACT	T	202
NS|PP755593.1|A/cattle/Texas/24-008749-003/2024(H5N1)	610	A	G	2225	1215	33	379	212	33	0.145489	2605	1.09951e-120	TRUE	NEP:cds-XAJ25421.1	GGA	G	GGG	G	36
NS|PP755593.1|A/cattle/Texas/24-008749-003/2024(H5N1)	610	A	G	2225	1215	33	379	212	33	0.145489	2605	1.09951e-120	TRUE	NS1:cds-XAJ25420.1	AGA	R	GGA	G	204
NS|PP755593.1|A/cattle/Texas/24-008749-003/2024(H5N1)	613	A	G	2105	1169	33	392	219	33	0.156737	2501	2.22701e-127	TRUE	NEP:cds-XAJ25421.1	GAA	E	GAG	E	37
NS|PP755593.1|A/cattle/Texas/24-008749-003/2024(H5N1)	613	A	G	2105	1169	33	392	219	33	0.156737	2501	2.22701e-127	TRUE	NS1:cds-XAJ25420.1	AGC	S	GGC	G	205
NS|PP755593.1|A/cattle/Texas/24-008749-003/2024(H5N1)	614	G	T	2200	1176	33	359	195	32	0.140016	2564	2.86542e-114	TRUE	NEP:cds-XAJ25421.1	GCA	A	TCA	S	38
NS|PP755593.1|A/cattle/Texas/24-008749-003/2024(H5N1)	614	G	T	2200	1176	33	359	195	32	0.140016	2564	2.86542e-114	TRUE	NS1:cds-XAJ25420.1	AGC	S	ATC	I	205
NS|PP755593.1|A/cattle/Texas/24-008749-003/2024(H5N1)	616	A	C	2165	1187	33	376	213	33	0.147857	2543	5.95798e-121	TRUE	NEP:cds-XAJ25421.1	GCA	A	GCC	A	38
NS|PP755593.1|A/cattle/Texas/24-008749-003/2024(H5N1)	616	A	C	2165	1187	33	376	213	33	0.147857	2543	5.95798e-121	TRUE	NS1:cds-XAJ25420.1	AGT	S	CGT	R	206
NS|PP755593.1|A/cattle/Texas/24-008749-003/2024(H5N1)	619	A	G	2181	1133	33	388	218	33	0.150973	2570	3.95814e-127	TRUE	NEP:cds-XAJ25421.1	GTA	V	GTG	V	39
NS|PP755593.1|A/cattle/Texas/24-008749-003/2024(H5N1)	619	A	G	2181	1133	33	388	218	33	0.150973	2570	3.95814e-127	TRUE	NS1:cds-XAJ25420.1	AAT	N	GAT	D	207
NS|PP755593.1|A/cattle/Texas/24-008749-003/2024(H5N1)	625	G	A	2347	1191	33	384	240	32	0.140505	2733	5.95549e-124	TRUE	NEP:cds-XAJ25421.1	AGG	R	AGA	R	41
NS|PP755593.1|A/cattle/Texas/24-008749-003/2024(H5N1)	625	G	A	2347	1191	33	384	240	32	0.140505	2733	5.95549e-124	TRUE	NS1:cds-XAJ25420.1	GAT	D	AAT	N	209
NS|PP755593.1|A/cattle/Texas/24-008749-003/2024(H5N1)	631	A	G	2275	1156	33	438	239	33	0.161385	2714	2.37679e-141	TRUE	NEP:cds-XAJ25421.1	GGA	G	GGG	G	43
NS|PP755593.1|A/cattle/Texas/24-008749-003/2024(H5N1)	631	A	G	2275	1156	33	438	239	33	0.161385	2714	2.37679e-141	TRUE	NS1:cds-XAJ25420.1	AGA	R	GGA	G	211
NS|PP755593.1|A/cattle/Texas/24-008749-003/2024(H5N1)	660	G	C	2247	1195	33	27	18	34	0.0118681	2275	3.0682e-07	TRUE	NEP:cds-XAJ25421.1	GGA	G	GCA	A	53
NS|PP755593.1|A/cattle/Texas/24-008749-003/2024(H5N1)	660	G	C	2247	1195	33	27	18	34	0.0118681	2275	3.0682e-07	TRUE	NS1:cds-XAJ25420.1	CGG	R	CGC	R	220
NS|PP755593.1|A/cattle/Texas/24-008749-003/2024(H5N1)	661	A	T	2307	1226	33	24	15	33	0.0102872	2333	3.02396e-06	TRUE	NEP:cds-XAJ25421.1	GGA	G	GGT	G	53
NS|PP755593.1|A/cattle/Texas/24-008749-003/2024(H5N1)	661	A	T	2307	1226	33	24	15	33	0.0102872	2333	3.02396e-06	TRUE	NS1:cds-XAJ25420.1	AAA	K	TAA	*	221
NS|PP755593.1|A/cattle/Texas/24-008749-003/2024(H5N1)	663	A	C	2161	1218	33	28	17	33	0.0127796	2191	9.82306e-08	TRUE	NEP:cds-XAJ25421.1	AAA	K	ACA	T	54
NS|PP755593.1|A/cattle/Texas/24-008749-003/2024(H5N1)	663	A	C	2161	1218	33	28	17	33	0.0127796	2191	9.82306e-08	TRUE	NS1:cds-XAJ25420.1	AAA	K	AAC	N	221
NS|PP755593.1|A/cattle/Texas/24-008749-003/2024(H5N1)	668	A	C	0	0	0	2181	1183	33	1	2181	0	TRUE	NEP:cds-XAJ25421.1	AGA	R	CGA	R	56
NS|PP755593.1|A/cattle/Texas/24-008749-003/2024(H5N1)	668	A	C	0	0	0	2181	1183	33	1	2181	0	TRUE	NS1:cds-XAJ25420.1	GAG	E	GCG	A	223
NS|PP755593.1|A/cattle/Texas/24-008749-003/2024(H5N1)	672	G	A	3	2	31	1819	1188	32	0.993989	1830	0	TRUE	NEP:cds-XAJ25421.1	GGA	G	GAA	E	57
NS|PP755593.1|A/cattle/Texas/24-008749-003/2024(H5N1)	672	G	A	3	2	31	1819	1188	32	0.993989	1830	0	TRUE	NS1:cds-XAJ25420.1	AGG	R	AGA	R	224
NS|PP755593.1|A/cattle/Texas/24-008749-003/2024(H5N1)	674	C	G	2372	1274	33	25	17	33	0.0104297	2397	1.53483e-06	TRUE	NEP:cds-XAJ25421.1	CAA	Q	GAA	E	58
NS|PP755593.1|A/cattle/Texas/24-008749-003/2024(H5N1)	674	C	G	2372	1274	33	25	17	33	0.0104297	2397	1.53483e-06	TRUE	NS1:cds-XAJ25420.1	ACA	T	AGA	R	225
NS|PP755593.1|A/cattle/Texas/24-008749-003/2024(H5N1)	676	A	G	2303	1269	33	27	18	33	0.011578	2332	2.78349e-07	TRUE	NEP:cds-XAJ25421.1	CAA	Q	CAG	Q	58
NS|PP755593.1|A/cattle/Texas/24-008749-003/2024(H5N1)	676	A	G	2303	1269	33	27	18	33	0.011578	2332	2.78349e-07	TRUE	NS1:cds-XAJ25420.1	ATT	I	GTT	V	226
NS|PP755593.1|A/cattle/Texas/24-008749-003/2024(H5N1)	707	C	T	4	3	34	1887	1012	32	0.997357	1892	0	TRUE	NEP:cds-XAJ25421.1	CTG	L	TTG	L	69
NS|PP755593.1|A/cattle/Texas/24-008749-003/2024(H5N1)	709	G	A	0	0	0	1997	1156	33	1	1997	0	TRUE	NEP:cds-XAJ25421.1	CTG	L	CTA	L	69
NS|PP755593.1|A/cattle/Texas/24-008749-003/2024(H5N1)	727	C	T	0	0	0	2338	1603	33	0.999572	2339	0	TRUE	NEP:cds-XAJ25421.1	CAC	H	CAT	H	75
NS|PP755593.1|A/cattle/Texas/24-008749-003/2024(H5N1)	733	A	G	0	0	0	2259	1546	33	0.999558	2260	0	TRUE	NEP:cds-XAJ25421.1	CTA	L	CTG	L	77
NS|PP755593.1|A/cattle/Texas/24-008749-003/2024(H5N1)	788	C	T	1	1	34	1428	1147	33	0.998601	1430	0	TRUE	NEP:cds-XAJ25421.1	CTG	L	TTG	L	96
