REGION	POS	REF	ALT	REF_DP	REF_RV	REF_QUAL	ALT_DP	ALT_RV	ALT_QUAL	ALT_FREQ	TOTAL_DP	PVAL	PASS	GFF_FEATURE	REF_CODON	REF_AA	ALT_CODON	ALT_AA	POS_AA
PB2|PP755596.1|A/cattle/Texas/24-008749-003/2024(H5N1)	21	G	A	0	0	0	148	39	41	1	148	4.57771e-184	TRUE	PB2:cds-XAJ25426.1	CTG	L	CTA	L	7
PB2|PP755596.1|A/cattle/Texas/24-008749-003/2024(H5N1)	60	A	C	0	0	0	443	137	43	0.997748	444	0	TRUE	PB2:cds-XAJ25426.1	CTA	L	CTC	L	20
PB2|PP755596.1|A/cattle/Texas/24-008749-003/2024(H5N1)	75	T	G	0	0	0	588	179	44	1	588	0	TRUE	PB2:cds-XAJ25426.1	GTT	V	GTG	V	25
PB2|PP755596.1|A/cattle/Texas/24-008749-003/2024(H5N1)	96	G	A	0	0	0	726	255	50	1	726	0	TRUE	PB2:cds-XAJ25426.1	AAG	K	AAA	K	32
PB2|PP755596.1|A/cattle/Texas/24-008749-003/2024(H5N1)	99	G	A	0	0	0	735	254	49	1	735	0	TRUE	PB2:cds-XAJ25426.1	AAG	K	AAA	K	33
PB2|PP755596.1|A/cattle/Texas/24-008749-003/2024(H5N1)	108	A	G	0	0	0	767	267	49	1	767	0	TRUE	PB2:cds-XAJ25426.1	TCA	S	TCG	S	36
PB2|PP755596.1|A/cattle/Texas/24-008749-003/2024(H5N1)	114	A	G	1	1	33	761	272	49	0.998688	762	0	TRUE	PB2:cds-XAJ25426.1	AGA	R	AGG	R	38
PB2|PP755596.1|A/cattle/Texas/24-008749-003/2024(H5N1)	120	A	G	1	1	78	838	281	49	0.998808	839	0	TRUE	PB2:cds-XAJ25426.1	GAA	E	GAG	E	40
PB2|PP755596.1|A/cattle/Texas/24-008749-003/2024(H5N1)	129	T	C	0	0	0	898	294	48	1	898	0	TRUE	PB2:cds-XAJ25426.1	CCT	P	CCC	P	43
PB2|PP755596.1|A/cattle/Texas/24-008749-003/2024(H5N1)	138	A	G	1	0	78	916	303	51	0.998909	917	0	TRUE	PB2:cds-XAJ25426.1	AGA	R	AGG	R	46
PB2|PP755596.1|A/cattle/Texas/24-008749-003/2024(H5N1)	172	G	A	5	5	30	1052	374	54	0.99527	1057	0	TRUE	PB2:cds-XAJ25426.1	GCA	A	ACA	T	58
PB2|PP755596.1|A/cattle/Texas/24-008749-003/2024(H5N1)	184	C	A	1	0	24	1106	387	54	0.996396	1110	0	TRUE	PB2:cds-XAJ25426.1	CGA	R	AGA	R	62
PB2|PP755596.1|A/cattle/Texas/24-008749-003/2024(H5N1)	201	C	T	1	0	39	1149	434	55	0.99913	1150	0	TRUE	PB2:cds-XAJ25426.1	ATC	I	ATT	I	67
PB2|PP755596.1|A/cattle/Texas/24-008749-003/2024(H5N1)	210	G	A	0	0	0	1157	452	57	1	1157	0	TRUE	PB2:cds-XAJ25426.1	AGG	R	AGA	R	70
PB2|PP755596.1|A/cattle/Texas/24-008749-003/2024(H5N1)	229	C	T	2	1	56	1185	546	57	0.998315	1187	0	TRUE	PB2:cds-XAJ25426.1	CTC	L	TTC	F	77
PB2|PP755596.1|A/cattle/Texas/24-008749-003/2024(H5N1)	231	C	A	0	0	0	1206	566	58	1	1206	0	TRUE	PB2:cds-XAJ25426.1	CTC	L	CTA	L	77
PB2|PP755596.1|A/cattle/Texas/24-008749-003/2024(H5N1)	240	G	A	1	0	66	1199	604	57	0.999167	1200	0	TRUE	PB2:cds-XAJ25426.1	AAG	K	AAA	K	80
PB2|PP755596.1|A/cattle/Texas/24-008749-003/2024(H5N1)	243	A	G	0	0	0	1203	616	56	1	1203	0	TRUE	PB2:cds-XAJ25426.1	ACA	T	ACG	T	81
PB2|PP755596.1|A/cattle/Texas/24-008749-003/2024(H5N1)	246	T	C	0	0	0	1199	616	55	1	1199	0	TRUE	PB2:cds-XAJ25426.1	AAT	N	AAC	N	82
PB2|PP755596.1|A/cattle/Texas/24-008749-003/2024(H5N1)	255	A	G	1	0	34	1237	657	56	0.999192	1238	0	TRUE	PB2:cds-XAJ25426.1	GGA	G	GGG	G	85
PB2|PP755596.1|A/cattle/Texas/24-008749-003/2024(H5N1)	261	T	C	1	1	39	1218	625	57	0.99918	1219	0	TRUE	PB2:cds-XAJ25426.1	GAT	D	GAC	D	87
PB2|PP755596.1|A/cattle/Texas/24-008749-003/2024(H5N1)	279	C	T	1	0	37	1211	597	57	0.999175	1212	0	TRUE	PB2:cds-XAJ25426.1	CCC	P	CCT	P	93
PB2|PP755596.1|A/cattle/Texas/24-008749-003/2024(H5N1)	325	A	G	0	0	0	1136	547	53	1	1136	0	TRUE	PB2:cds-XAJ25426.1	ATT	I	GTT	V	109
PB2|PP755596.1|A/cattle/Texas/24-008749-003/2024(H5N1)	327	T	C	0	0	0	1119	538	54	1	1119	0	TRUE	PB2:cds-XAJ25426.1	ATT	I	ATC	I	109
PB2|PP755596.1|A/cattle/Texas/24-008749-003/2024(H5N1)	333	T	C	2	0	37	1156	551	52	0.998273	1158	0	TRUE	PB2:cds-XAJ25426.1	TAT	Y	TAC	Y	111
PB2|PP755596.1|A/cattle/Texas/24-008749-003/2024(H5N1)	357	T	C	0	0	0	1142	540	54	1	1142	0	TRUE	PB2:cds-XAJ25426.1	TTT	F	TTC	F	119
PB2|PP755596.1|A/cattle/Texas/24-008749-003/2024(H5N1)	399	A	C	0	0	0	1222	566	54	0.999182	1223	0	TRUE	PB2:cds-XAJ25426.1	GTA	V	GTC	V	133
PB2|PP755596.1|A/cattle/Texas/24-008749-003/2024(H5N1)	411	C	T	0	0	0	1204	557	54	1	1204	0	TRUE	PB2:cds-XAJ25426.1	AAC	N	AAT	N	137
PB2|PP755596.1|A/cattle/Texas/24-008749-003/2024(H5N1)	447	G	A	4	3	43	1263	594	54	0.996843	1267	0	TRUE	PB2:cds-XAJ25426.1	CCG	P	CCA	P	149
PB2|PP755596.1|A/cattle/Texas/24-008749-003/2024(H5N1)	456	T	A	0	0	0	1275	565	54	0.999216	1276	0	TRUE	PB2:cds-XAJ25426.1	GCT	A	GCA	A	152
PB2|PP755596.1|A/cattle/Texas/24-008749-003/2024(H5N1)	465	C	T	1	0	51	1208	521	54	0.999173	1209	0	TRUE	PB2:cds-XAJ25426.1	AGC	S	AGT	S	155
PB2|PP755596.1|A/cattle/Texas/24-008749-003/2024(H5N1)	474	G	A	4	4	44	1238	510	56	0.996779	1242	0	TRUE	PB2:cds-XAJ25426.1	GAG	E	GAA	E	158
PB2|PP755596.1|A/cattle/Texas/24-008749-003/2024(H5N1)	477	G	A	3	1	59	1241	516	55	0.997588	1244	0	TRUE	PB2:cds-XAJ25426.1	GCG	A	GCA	A	159
PB2|PP755596.1|A/cattle/Texas/24-008749-003/2024(H5N1)	483	C	T	0	0	0	1333	551	55	1	1333	0	TRUE	PB2:cds-XAJ25426.1	GAC	D	GAT	D	161
PB2|PP755596.1|A/cattle/Texas/24-008749-003/2024(H5N1)	504	T	C	0	0	0	1302	560	57	1	1302	0	TRUE	PB2:cds-XAJ25426.1	TTT	F	TTC	F	168
PB2|PP755596.1|A/cattle/Texas/24-008749-003/2024(H5N1)	531	G	A	1	0	35	1333	628	58	0.99925	1334	0	TRUE	PB2:cds-XAJ25426.1	CTG	L	CTA	L	177
PB2|PP755596.1|A/cattle/Texas/24-008749-003/2024(H5N1)	534	G	A	0	0	0	1328	628	57	1	1328	0	TRUE	PB2:cds-XAJ25426.1	ACG	T	ACA	T	178
PB2|PP755596.1|A/cattle/Texas/24-008749-003/2024(H5N1)	540	A	G	0	0	0	1324	631	56	1	1324	0	TRUE	PB2:cds-XAJ25426.1	GAA	E	GAG	E	180
PB2|PP755596.1|A/cattle/Texas/24-008749-003/2024(H5N1)	547	T	C	0	0	0	1335	647	55	1	1335	0	TRUE	PB2:cds-XAJ25426.1	TTG	L	CTG	L	183
PB2|PP755596.1|A/cattle/Texas/24-008749-003/2024(H5N1)	552	A	G	0	0	0	1345	638	56	0.998515	1347	0	TRUE	PB2:cds-XAJ25426.1	ACA	T	ACG	T	184
PB2|PP755596.1|A/cattle/Texas/24-008749-003/2024(H5N1)	564	A	G	1	0	34	1345	655	56	0.999257	1346	0	TRUE	PB2:cds-XAJ25426.1	GAA	E	GAG	E	188
PB2|PP755596.1|A/cattle/Texas/24-008749-003/2024(H5N1)	570	A	G	0	0	0	1322	648	56	1	1322	0	TRUE	PB2:cds-XAJ25426.1	AAA	K	AAG	K	190
PB2|PP755596.1|A/cattle/Texas/24-008749-003/2024(H5N1)	576	A	G	0	0	0	1303	661	55	1	1303	0	TRUE	PB2:cds-XAJ25426.1	GAA	E	GAG	E	192
PB2|PP755596.1|A/cattle/Texas/24-008749-003/2024(H5N1)	597	C	A	0	0	0	1247	613	53	0.998399	1249	0	TRUE	PB2:cds-XAJ25426.1	GCC	A	GCA	A	199
PB2|PP755596.1|A/cattle/Texas/24-008749-003/2024(H5N1)	601	C	T	0	0	0	1341	665	55	1	1341	0	TRUE	PB2:cds-XAJ25426.1	CTG	L	TTG	L	201
PB2|PP755596.1|A/cattle/Texas/24-008749-003/2024(H5N1)	603	G	A	0	0	0	1349	676	55	1	1349	0	TRUE	PB2:cds-XAJ25426.1	CTG	L	CTA	L	201
PB2|PP755596.1|A/cattle/Texas/24-008749-003/2024(H5N1)	631	C	T	2	1	44	1290	652	55	0.998452	1292	0	TRUE	PB2:cds-XAJ25426.1	CTG	L	TTG	L	211
PB2|PP755596.1|A/cattle/Texas/24-008749-003/2024(H5N1)	633	G	A	1	1	58	1288	631	54	0.999224	1289	0	TRUE	PB2:cds-XAJ25426.1	CTG	L	CTA	L	211
PB2|PP755596.1|A/cattle/Texas/24-008749-003/2024(H5N1)	645	A	G	1	0	32	1264	684	55	0.999209	1265	0	TRUE	PB2:cds-XAJ25426.1	ACA	T	ACG	T	215
PB2|PP755596.1|A/cattle/Texas/24-008749-003/2024(H5N1)	660	T	G	0	0	0	1276	672	54	1	1276	0	TRUE	PB2:cds-XAJ25426.1	GTT	V	GTG	V	220
PB2|PP755596.1|A/cattle/Texas/24-008749-003/2024(H5N1)	684	C	T	0	0	0	1346	744	53	1	1346	0	TRUE	PB2:cds-XAJ25426.1	TAC	Y	TAT	Y	228
PB2|PP755596.1|A/cattle/Texas/24-008749-003/2024(H5N1)	702	G	A	0	0	0	1254	701	52	1	1254	0	TRUE	PB2:cds-XAJ25426.1	TTG	L	TTA	L	234
PB2|PP755596.1|A/cattle/Texas/24-008749-003/2024(H5N1)	705	C	T	4	0	29	1206	672	52	0.996694	1210	0	TRUE	PB2:cds-XAJ25426.1	ACC	T	ACT	T	235
PB2|PP755596.1|A/cattle/Texas/24-008749-003/2024(H5N1)	708	G	A	9	3	35	1232	702	53	0.991948	1242	0	TRUE	PB2:cds-XAJ25426.1	CAG	Q	CAA	Q	236
PB2|PP755596.1|A/cattle/Texas/24-008749-003/2024(H5N1)	711	A	G	1	1	71	1233	702	52	0.99919	1234	0	TRUE	PB2:cds-XAJ25426.1	GGA	G	GGG	G	237
PB2|PP755596.1|A/cattle/Texas/24-008749-003/2024(H5N1)	732	T	C	2	1	54	1346	711	48	0.998516	1348	0	TRUE	PB2:cds-XAJ25426.1	TAT	Y	TAC	Y	244
PB2|PP755596.1|A/cattle/Texas/24-008749-003/2024(H5N1)	735	T	C	0	0	0	1254	631	50	1	1254	0	TRUE	PB2:cds-XAJ25426.1	ACT	T	ACC	T	245
PB2|PP755596.1|A/cattle/Texas/24-008749-003/2024(H5N1)	744	A	G	0	0	0	1250	598	52	1	1250	0	TRUE	PB2:cds-XAJ25426.1	GGA	G	GGG	G	248
PB2|PP755596.1|A/cattle/Texas/24-008749-003/2024(H5N1)	752	G	A	0	0	0	1286	628	54	1	1286	0	TRUE	PB2:cds-XAJ25426.1	AGA	R	AAA	K	251
PB2|PP755596.1|A/cattle/Texas/24-008749-003/2024(H5N1)	756	C	T	0	0	0	1255	633	54	1	1255	0	TRUE	PB2:cds-XAJ25426.1	AAC	N	AAT	N	252
PB2|PP755596.1|A/cattle/Texas/24-008749-003/2024(H5N1)	764	C	T	1	1	37	1301	641	52	0.998465	1303	0	TRUE	PB2:cds-XAJ25426.1	GCA	A	GTA	V	255
PB2|PP755596.1|A/cattle/Texas/24-008749-003/2024(H5N1)	774	C	T	2	0	40	1290	608	51	0.998452	1292	0	TRUE	PB2:cds-XAJ25426.1	AGC	S	AGT	S	258
PB2|PP755596.1|A/cattle/Texas/24-008749-003/2024(H5N1)	780	C	T	1	0	39	1296	595	53	0.999229	1297	0	TRUE	PB2:cds-XAJ25426.1	ATC	I	ATT	I	260
PB2|PP755596.1|A/cattle/Texas/24-008749-003/2024(H5N1)	783	T	C	4	2	46	1273	593	53	0.996868	1277	0	TRUE	PB2:cds-XAJ25426.1	ATT	I	ATC	I	261
PB2|PP755596.1|A/cattle/Texas/24-008749-003/2024(H5N1)	795	T	C	0	0	0	1272	576	53	1	1272	0	TRUE	PB2:cds-XAJ25426.1	AAT	N	AAC	N	265
PB2|PP755596.1|A/cattle/Texas/24-008749-003/2024(H5N1)	816	G	A	0	0	0	1350	613	53	1	1350	0	TRUE	PB2:cds-XAJ25426.1	GTG	V	GTA	V	272
PB2|PP755596.1|A/cattle/Texas/24-008749-003/2024(H5N1)	829	T	C	2	2	33	1373	638	54	0.998545	1375	0	TRUE	PB2:cds-XAJ25426.1	TTA	L	CTA	L	277
PB2|PP755596.1|A/cattle/Texas/24-008749-003/2024(H5N1)	846	G	A	1	1	31	1371	641	57	0.999271	1372	0	TRUE	PB2:cds-XAJ25426.1	GAG	E	GAA	E	282
PB2|PP755596.1|A/cattle/Texas/24-008749-003/2024(H5N1)	870	A	G	1	1	36	1339	660	57	0.999254	1340	0	TRUE	PB2:cds-XAJ25426.1	GGA	G	GGG	G	290
PB2|PP755596.1|A/cattle/Texas/24-008749-003/2024(H5N1)	885	A	C	1	1	20	1404	641	56	0.998578	1406	0	TRUE	PB2:cds-XAJ25426.1	GTA	V	GTC	V	295
PB2|PP755596.1|A/cattle/Texas/24-008749-003/2024(H5N1)	891	T	C	0	0	0	1370	631	56	1	1370	0	TRUE	PB2:cds-XAJ25426.1	ATT	I	ATC	I	297
PB2|PP755596.1|A/cattle/Texas/24-008749-003/2024(H5N1)	897	G	A	1	1	58	1385	651	58	0.999278	1386	0	TRUE	PB2:cds-XAJ25426.1	CGG	R	CGA	R	299
PB2|PP755596.1|A/cattle/Texas/24-008749-003/2024(H5N1)	906	A	G	0	0	0	1386	683	58	1	1386	0	TRUE	PB2:cds-XAJ25426.1	CCA	P	CCG	P	302
PB2|PP755596.1|A/cattle/Texas/24-008749-003/2024(H5N1)	921	C	A	9	0	34	1444	698	57	0.993806	1453	0	TRUE	PB2:cds-XAJ25426.1	GCC	A	GCA	A	307
PB2|PP755596.1|A/cattle/Texas/24-008749-003/2024(H5N1)	951	G	A	0	0	0	1401	644	57	1	1401	0	TRUE	PB2:cds-XAJ25426.1	TTG	L	TTA	L	317
PB2|PP755596.1|A/cattle/Texas/24-008749-003/2024(H5N1)	954	G	A	0	0	0	1395	651	56	1	1395	0	TRUE	PB2:cds-XAJ25426.1	AGG	R	AGA	R	318
PB2|PP755596.1|A/cattle/Texas/24-008749-003/2024(H5N1)	966	G	T	0	0	0	1413	651	56	1	1413	0	TRUE	PB2:cds-XAJ25426.1	TCG	S	TCT	S	322
PB2|PP755596.1|A/cattle/Texas/24-008749-003/2024(H5N1)	975	T	C	1	1	34	1409	693	55	0.999291	1410	0	TRUE	PB2:cds-XAJ25426.1	TTT	F	TTC	F	325
PB2|PP755596.1|A/cattle/Texas/24-008749-003/2024(H5N1)	981	A	G	0	0	0	1395	707	55	0.999284	1396	0	TRUE	PB2:cds-XAJ25426.1	GGA	G	GGG	G	327
PB2|PP755596.1|A/cattle/Texas/24-008749-003/2024(H5N1)	987	T	C	3	0	37	1395	719	56	0.997854	1398	0	TRUE	PB2:cds-XAJ25426.1	ACT	T	ACC	T	329
PB2|PP755596.1|A/cattle/Texas/24-008749-003/2024(H5N1)	996	A	G	0	0	0	1397	737	56	1	1397	0	TRUE	PB2:cds-XAJ25426.1	AGA	R	AGG	R	332
PB2|PP755596.1|A/cattle/Texas/24-008749-003/2024(H5N1)	1019	G	A	1	1	39	1416	749	56	0.999294	1417	0	TRUE	PB2:cds-XAJ25426.1	AGG	R	AAG	K	340
PB2|PP755596.1|A/cattle/Texas/24-008749-003/2024(H5N1)	1020	G	A	1	1	38	1415	746	55	0.999294	1416	0	TRUE	PB2:cds-XAJ25426.1	AGG	R	AGA	R	340
PB2|PP755596.1|A/cattle/Texas/24-008749-003/2024(H5N1)	1029	G	A	1	1	34	1428	752	56	0.9993	1429	0	TRUE	PB2:cds-XAJ25426.1	GAG	E	GAA	E	343
PB2|PP755596.1|A/cattle/Texas/24-008749-003/2024(H5N1)	1058	A	G	1	1	20	1415	733	55	0.999294	1416	0	TRUE	PB2:cds-XAJ25426.1	AAA	K	AGA	R	353
PB2|PP755596.1|A/cattle/Texas/24-008749-003/2024(H5N1)	1077	G	A	0	0	0	1389	716	55	1	1389	0	TRUE	PB2:cds-XAJ25426.1	GGG	G	GGA	G	359
PB2|PP755596.1|A/cattle/Texas/24-008749-003/2024(H5N1)	1085	G	A	1	0	77	1395	679	54	0.999284	1396	0	TRUE	PB2:cds-XAJ25426.1	GGG	G	GAG	E	362
PB2|PP755596.1|A/cattle/Texas/24-008749-003/2024(H5N1)	1092	T	A	0	0	0	1431	676	56	1	1431	0	TRUE	PB2:cds-XAJ25426.1	ACT	T	ACA	T	364
PB2|PP755596.1|A/cattle/Texas/24-008749-003/2024(H5N1)	1116	C	T	2	0	35	1476	685	54	0.998647	1478	0	TRUE	PB2:cds-XAJ25426.1	GCC	A	GCT	A	372
PB2|PP755596.1|A/cattle/Texas/24-008749-003/2024(H5N1)	1125	G	A	0	0	0	1455	681	55	1	1455	0	TRUE	PB2:cds-XAJ25426.1	AGG	R	AGA	R	375
PB2|PP755596.1|A/cattle/Texas/24-008749-003/2024(H5N1)	1128	A	G	1	1	71	1448	692	55	0.99931	1449	0	TRUE	PB2:cds-XAJ25426.1	AAA	K	AAG	K	376
PB2|PP755596.1|A/cattle/Texas/24-008749-003/2024(H5N1)	1141	C	T	7	2	42	1357	663	54	0.992685	1367	0	TRUE	PB2:cds-XAJ25426.1	CTG	L	TTG	L	381
PB2|PP755596.1|A/cattle/Texas/24-008749-003/2024(H5N1)	1143	G	A	5	0	31	1392	664	55	0.995708	1398	0	TRUE	PB2:cds-XAJ25426.1	CTG	L	CTA	L	381
PB2|PP755596.1|A/cattle/Texas/24-008749-003/2024(H5N1)	1146	T	C	0	0	0	1372	651	55	0.998544	1374	0	TRUE	PB2:cds-XAJ25426.1	ATT	I	ATC	I	382
PB2|PP755596.1|A/cattle/Texas/24-008749-003/2024(H5N1)	1149	G	A	2	1	34	1393	665	55	0.998566	1395	0	TRUE	PB2:cds-XAJ25426.1	CAG	Q	CAA	Q	383
PB2|PP755596.1|A/cattle/Texas/24-008749-003/2024(H5N1)	1164	A	G	1	0	78	1445	691	55	0.999308	1446	0	TRUE	PB2:cds-XAJ25426.1	GGA	G	GGG	G	388
PB2|PP755596.1|A/cattle/Texas/24-008749-003/2024(H5N1)	1167	G	A	1	0	38	1427	685	55	0.9993	1428	0	TRUE	PB2:cds-XAJ25426.1	AGG	R	AGA	R	389
PB2|PP755596.1|A/cattle/Texas/24-008749-003/2024(H5N1)	1173	A	G	0	0	0	1450	704	54	1	1450	0	TRUE	PB2:cds-XAJ25426.1	GAA	E	GAG	E	391
PB2|PP755596.1|A/cattle/Texas/24-008749-003/2024(H5N1)	1197	C	T	3	0	38	1492	756	56	0.997993	1495	0	TRUE	PB2:cds-XAJ25426.1	ATC	I	ATT	I	399
PB2|PP755596.1|A/cattle/Texas/24-008749-003/2024(H5N1)	1221	G	A	0	0	0	1534	785	56	1	1534	0	TRUE	PB2:cds-XAJ25426.1	GAG	E	GAA	E	407
PB2|PP755596.1|A/cattle/Texas/24-008749-003/2024(H5N1)	1233	A	C	0	0	0	1577	767	56	0.998733	1579	0	TRUE	PB2:cds-XAJ25426.1	ATA	I	ATC	I	411
PB2|PP755596.1|A/cattle/Texas/24-008749-003/2024(H5N1)	1252	C	T	1	0	32	1548	768	58	0.999354	1549	0	TRUE	PB2:cds-XAJ25426.1	CTG	L	TTG	L	418
PB2|PP755596.1|A/cattle/Texas/24-008749-003/2024(H5N1)	1257	C	T	1	0	70	1541	751	58	0.999351	1542	0	TRUE	PB2:cds-XAJ25426.1	AAC	N	AAT	N	419
PB2|PP755596.1|A/cattle/Texas/24-008749-003/2024(H5N1)	1266	C	T	0	0	0	1530	766	58	0.999347	1531	0	TRUE	PB2:cds-XAJ25426.1	AAC	N	AAT	N	422
PB2|PP755596.1|A/cattle/Texas/24-008749-003/2024(H5N1)	1275	T	C	0	0	0	1526	756	56	1	1526	0	TRUE	PB2:cds-XAJ25426.1	AAT	N	AAC	N	425
PB2|PP755596.1|A/cattle/Texas/24-008749-003/2024(H5N1)	1292	T	C	1519	764	58	68	37	54	0.0428481	1587	1.31511e-29	TRUE	PB2:cds-XAJ25426.1	ATG	M	ACG	T	431
PB2|PP755596.1|A/cattle/Texas/24-008749-003/2024(H5N1)	1299	G	A	7	7	37	1550	794	58	0.995504	1557	0	TRUE	PB2:cds-XAJ25426.1	CAG	Q	CAA	Q	433
PB2|PP755596.1|A/cattle/Texas/24-008749-003/2024(H5N1)	1321	A	G	1	1	37	1462	749	56	0.999316	1463	0	TRUE	PB2:cds-XAJ25426.1	AAT	N	GAT	D	441
PB2|PP755596.1|A/cattle/Texas/24-008749-003/2024(H5N1)	1326	A	T	0	0	0	1475	763	56	0.999322	1476	0	TRUE	PB2:cds-XAJ25426.1	GCA	A	GCT	A	442
PB2|PP755596.1|A/cattle/Texas/24-008749-003/2024(H5N1)	1332	G	A	0	0	0	1427	713	54	1	1427	0	TRUE	PB2:cds-XAJ25426.1	GTG	V	GTA	V	444
PB2|PP755596.1|A/cattle/Texas/24-008749-003/2024(H5N1)	1344	T	C	0	0	0	1445	763	54	1	1445	0	TRUE	PB2:cds-XAJ25426.1	AAT	N	AAC	N	448
PB2|PP755596.1|A/cattle/Texas/24-008749-003/2024(H5N1)	1356	G	A	7	7	33	1426	729	53	0.995115	1433	0	TRUE	PB2:cds-XAJ25426.1	GAG	E	GAA	E	452
PB2|PP755596.1|A/cattle/Texas/24-008749-003/2024(H5N1)	1377	A	G	1	0	38	1444	725	52	0.999308	1445	0	TRUE	PB2:cds-XAJ25426.1	GGA	G	GGG	G	459
PB2|PP755596.1|A/cattle/Texas/24-008749-003/2024(H5N1)	1404	T	C	3	2	62	1497	811	53	0.998	1500	0	TRUE	PB2:cds-XAJ25426.1	ACT	T	ACC	T	468
PB2|PP755596.1|A/cattle/Texas/24-008749-003/2024(H5N1)	1410	T	C	0	0	0	1487	803	54	1	1487	0	TRUE	PB2:cds-XAJ25426.1	AGT	S	AGC	S	470
PB2|PP755596.1|A/cattle/Texas/24-008749-003/2024(H5N1)	1431	A	G	0	0	0	1474	796	54	1	1474	0	TRUE	PB2:cds-XAJ25426.1	GGA	G	GGG	G	477
PB2|PP755596.1|A/cattle/Texas/24-008749-003/2024(H5N1)	1440	C	T	0	0	0	1515	734	54	1	1515	0	TRUE	PB2:cds-XAJ25426.1	GTC	V	GTT	V	480
PB2|PP755596.1|A/cattle/Texas/24-008749-003/2024(H5N1)	1467	C	T	1	0	38	1254	586	54	0.998408	1256	0	TRUE	PB2:cds-XAJ25426.1	TCC	S	TCT	S	489
PB2|PP755596.1|A/cattle/Texas/24-008749-003/2024(H5N1)	1470	T	C	2	0	53	1242	582	53	0.998392	1244	0	TRUE	PB2:cds-XAJ25426.1	AGT	S	AGC	S	490
PB2|PP755596.1|A/cattle/Texas/24-008749-003/2024(H5N1)	1476	G	A	0	0	0	1228	582	53	1	1228	0	TRUE	PB2:cds-XAJ25426.1	GAG	E	GAA	E	492
PB2|PP755596.1|A/cattle/Texas/24-008749-003/2024(H5N1)	1477	C	A	1	0	24	1222	581	53	0.998366	1224	0	TRUE	PB2:cds-XAJ25426.1	CGG	R	AGG	R	493
PB2|PP755596.1|A/cattle/Texas/24-008749-003/2024(H5N1)	1482	A	G	4	3	29	1290	569	51	0.996909	1294	0	TRUE	PB2:cds-XAJ25426.1	GTA	V	GTG	V	494
PB2|PP755596.1|A/cattle/Texas/24-008749-003/2024(H5N1)	1483	A	G	0	0	0	1304	581	51	1	1304	0	TRUE	PB2:cds-XAJ25426.1	ATA	I	GTA	V	495
PB2|PP755596.1|A/cattle/Texas/24-008749-003/2024(H5N1)	1488	A	G	0	0	0	1340	574	51	1	1340	0	TRUE	PB2:cds-XAJ25426.1	GTA	V	GTG	V	496
PB2|PP755596.1|A/cattle/Texas/24-008749-003/2024(H5N1)	1524	G	A	0	0	0	1566	741	55	0.999362	1567	0	TRUE	PB2:cds-XAJ25426.1	CGG	R	CGA	R	508
PB2|PP755596.1|A/cattle/Texas/24-008749-003/2024(H5N1)	1537	C	T	5	1	35	1702	836	56	0.997071	1707	0	TRUE	PB2:cds-XAJ25426.1	CTG	L	TTG	L	513
PB2|PP755596.1|A/cattle/Texas/24-008749-003/2024(H5N1)	1545	C	T	9	2	45	1630	776	58	0.994509	1639	0	TRUE	PB2:cds-XAJ25426.1	CCC	P	CCT	P	515
PB2|PP755596.1|A/cattle/Texas/24-008749-003/2024(H5N1)	1587	C	T	0	0	0	1656	850	59	1	1656	0	TRUE	PB2:cds-XAJ25426.1	ATC	I	ATT	I	529
PB2|PP755596.1|A/cattle/Texas/24-008749-003/2024(H5N1)	1614	G	A	1	1	38	1645	900	60	0.999392	1646	0	TRUE	PB2:cds-XAJ25426.1	GAG	E	GAA	E	538
PB2|PP755596.1|A/cattle/Texas/24-008749-003/2024(H5N1)	1623	T	A	0	0	0	1629	908	57	0.99633	1635	0	TRUE	PB2:cds-XAJ25426.1	GGT	G	GGA	G	541
PB2|PP755596.1|A/cattle/Texas/24-008749-003/2024(H5N1)	1632	G	T	5	5	34	1587	866	57	0.996234	1593	0	TRUE	PB2:cds-XAJ25426.1	TCG	S	TCT	S	544
PB2|PP755596.1|A/cattle/Texas/24-008749-003/2024(H5N1)	1644	T	C	1	0	33	1487	788	56	0.998657	1489	0	TRUE	PB2:cds-XAJ25426.1	AAT	N	AAC	N	548
PB2|PP755596.1|A/cattle/Texas/24-008749-003/2024(H5N1)	1647	T	G	0	0	0	1469	748	57	1	1469	0	TRUE	PB2:cds-XAJ25426.1	ACT	T	ACG	T	549
PB2|PP755596.1|A/cattle/Texas/24-008749-003/2024(H5N1)	1659	A	C	0	0	0	1451	726	57	1	1451	0	TRUE	PB2:cds-XAJ25426.1	ATA	I	ATC	I	553
PB2|PP755596.1|A/cattle/Texas/24-008749-003/2024(H5N1)	1677	A	T	0	0	0	1410	767	56	0.999291	1411	0	TRUE	PB2:cds-XAJ25426.1	ACA	T	ACT	T	559
PB2|PP755596.1|A/cattle/Texas/24-008749-003/2024(H5N1)	1680	A	G	0	0	0	1398	771	56	0.999285	1399	0	TRUE	PB2:cds-XAJ25426.1	GTA	V	GTG	V	560
PB2|PP755596.1|A/cattle/Texas/24-008749-003/2024(H5N1)	1698	A	G	0	0	0	1391	783	56	1	1391	0	TRUE	PB2:cds-XAJ25426.1	CAA	Q	CAG	Q	566
PB2|PP755596.1|A/cattle/Texas/24-008749-003/2024(H5N1)	1713	G	A	2	1	26	1240	705	51	0.99839	1242	0	TRUE	PB2:cds-XAJ25426.1	TTG	L	TTA	L	571
PB2|PP755596.1|A/cattle/Texas/24-008749-003/2024(H5N1)	1716	T	C	0	0	0	1232	713	52	1	1232	0	TRUE	PB2:cds-XAJ25426.1	TAT	Y	TAC	Y	572
PB2|PP755596.1|A/cattle/Texas/24-008749-003/2024(H5N1)	1719	T	C	1	1	40	1221	716	51	0.999182	1222	0	TRUE	PB2:cds-XAJ25426.1	AAT	N	AAC	N	573
PB2|PP755596.1|A/cattle/Texas/24-008749-003/2024(H5N1)	1722	G	A	0	0	0	1217	717	51	1	1217	0	TRUE	PB2:cds-XAJ25426.1	AAG	K	AAA	K	574
PB2|PP755596.1|A/cattle/Texas/24-008749-003/2024(H5N1)	1728	G	A	0	0	0	1223	721	52	1	1223	0	TRUE	PB2:cds-XAJ25426.1	GAG	E	GAA	E	576
PB2|PP755596.1|A/cattle/Texas/24-008749-003/2024(H5N1)	1731	C	T	0	0	0	1225	720	51	1	1225	0	TRUE	PB2:cds-XAJ25426.1	TTC	F	TTT	F	577
PB2|PP755596.1|A/cattle/Texas/24-008749-003/2024(H5N1)	1749	G	A	0	0	0	1343	762	52	1	1343	0	TRUE	PB2:cds-XAJ25426.1	CTG	L	CTA	L	583
PB2|PP755596.1|A/cattle/Texas/24-008749-003/2024(H5N1)	1752	C	A	1	1	32	1316	733	51	0.999241	1317	0	TRUE	PB2:cds-XAJ25426.1	GTC	V	GTA	V	584
PB2|PP755596.1|A/cattle/Texas/24-008749-003/2024(H5N1)	1758	G	A	1	1	39	1315	737	54	0.99924	1316	0	TRUE	PB2:cds-XAJ25426.1	AAG	K	AAA	K	586
PB2|PP755596.1|A/cattle/Texas/24-008749-003/2024(H5N1)	1767	G	A	0	0	0	1315	745	53	1	1315	0	TRUE	PB2:cds-XAJ25426.1	AGG	R	AGA	R	589
PB2|PP755596.1|A/cattle/Texas/24-008749-003/2024(H5N1)	1782	G	A	0	0	0	1320	671	53	1	1320	0	TRUE	PB2:cds-XAJ25426.1	GGG	G	GGA	G	594
PB2|PP755596.1|A/cattle/Texas/24-008749-003/2024(H5N1)	1800	T	C	0	0	0	1334	665	53	1	1334	0	TRUE	PB2:cds-XAJ25426.1	TTT	F	TTC	F	600
PB2|PP755596.1|A/cattle/Texas/24-008749-003/2024(H5N1)	1803	G	A	2	0	30	1352	678	53	0.998523	1354	0	TRUE	PB2:cds-XAJ25426.1	CAG	Q	CAA	Q	601
PB2|PP755596.1|A/cattle/Texas/24-008749-003/2024(H5N1)	1821	T	C	3	0	35	1344	690	53	0.997773	1347	0	TRUE	PB2:cds-XAJ25426.1	CTT	L	CTC	L	607
PB2|PP755596.1|A/cattle/Texas/24-008749-003/2024(H5N1)	1842	G	A	1	1	33	1353	630	56	0.999261	1354	0	TRUE	PB2:cds-XAJ25426.1	CAG	Q	CAA	Q	614
PB2|PP755596.1|A/cattle/Texas/24-008749-003/2024(H5N1)	1854	T	C	2	0	29	1374	623	54	0.998547	1376	0	TRUE	PB2:cds-XAJ25426.1	CTT	L	CTC	L	618
PB2|PP755596.1|A/cattle/Texas/24-008749-003/2024(H5N1)	1878	G	A	21	20	38	1365	658	57	0.984848	1386	0	TRUE	PB2:cds-XAJ25426.1	CCG	P	CCA	P	626
PB2|PP755596.1|A/cattle/Texas/24-008749-003/2024(H5N1)	1890	A	G	0	0	0	1307	647	56	1	1307	0	TRUE	PB2:cds-XAJ25426.1	AGA	R	AGG	R	630
PB2|PP755596.1|A/cattle/Texas/24-008749-003/2024(H5N1)	1891	C	A	0	0	0	1304	657	56	0.999234	1305	0	TRUE	PB2:cds-XAJ25426.1	CTG	L	ATG	M	631
PB2|PP755596.1|A/cattle/Texas/24-008749-003/2024(H5N1)	1914	G	A	1	1	20	1367	697	56	0.999269	1368	0	TRUE	PB2:cds-XAJ25426.1	GTG	V	GTA	V	638
PB2|PP755596.1|A/cattle/Texas/24-008749-003/2024(H5N1)	1942	C	T	2	2	42	1336	649	58	0.998505	1338	0	TRUE	PB2:cds-XAJ25426.1	CTG	L	TTG	L	648
PB2|PP755596.1|A/cattle/Texas/24-008749-003/2024(H5N1)	1945	A	G	8	3	51	1329	658	58	0.994016	1337	0	TRUE	PB2:cds-XAJ25426.1	ATA	I	GTA	V	649
PB2|PP755596.1|A/cattle/Texas/24-008749-003/2024(H5N1)	1959	T	C	1	0	37	1344	693	56	0.997773	1347	0	TRUE	PB2:cds-XAJ25426.1	TCT	S	TCC	S	653
PB2|PP755596.1|A/cattle/Texas/24-008749-003/2024(H5N1)	1988	A	G	1	1	38	1354	709	60	0.999262	1355	0	TRUE	PB2:cds-XAJ25426.1	AAG	K	AGG	R	663
PB2|PP755596.1|A/cattle/Texas/24-008749-003/2024(H5N1)	1999	G	A	2	2	35	1366	754	60	0.998538	1368	0	TRUE	PB2:cds-XAJ25426.1	GTT	V	ATT	I	667
PB2|PP755596.1|A/cattle/Texas/24-008749-003/2024(H5N1)	2025	G	A	1	1	30	1350	786	58	0.99926	1351	0	TRUE	PB2:cds-XAJ25426.1	TTG	L	TTA	L	675
PB2|PP755596.1|A/cattle/Texas/24-008749-003/2024(H5N1)	2026	G	A	0	0	0	1339	774	57	1	1339	0	TRUE	PB2:cds-XAJ25426.1	GCC	A	ACC	T	676
PB2|PP755596.1|A/cattle/Texas/24-008749-003/2024(H5N1)	2049	A	T	4	4	48	1341	820	59	0.997026	1345	0	TRUE	PB2:cds-XAJ25426.1	ACA	T	ACT	T	683
PB2|PP755596.1|A/cattle/Texas/24-008749-003/2024(H5N1)	2058	G	A	2	1	28	1291	775	59	0.998453	1293	0	TRUE	PB2:cds-XAJ25426.1	GTG	V	GTA	V	686
PB2|PP755596.1|A/cattle/Texas/24-008749-003/2024(H5N1)	2061	G	A	0	0	0	1292	795	59	1	1292	0	TRUE	PB2:cds-XAJ25426.1	GAG	E	GAA	E	687
PB2|PP755596.1|A/cattle/Texas/24-008749-003/2024(H5N1)	2071	T	C	0	0	0	1331	850	60	1	1331	0	TRUE	PB2:cds-XAJ25426.1	TTA	L	CTA	L	691
PB2|PP755596.1|A/cattle/Texas/24-008749-003/2024(H5N1)	2074	A	C	0	0	0	1310	823	60	0.999237	1311	0	TRUE	PB2:cds-XAJ25426.1	AGA	R	CGA	R	692
PB2|PP755596.1|A/cattle/Texas/24-008749-003/2024(H5N1)	2122	C	T	0	0	0	1195	767	61	1	1195	0	TRUE	PB2:cds-XAJ25426.1	CTG	L	TTG	L	708
PB2|PP755596.1|A/cattle/Texas/24-008749-003/2024(H5N1)	2137	C	T	1	1	77	1108	737	61	0.999098	1109	0	TRUE	PB2:cds-XAJ25426.1	CTG	L	TTG	L	713
PB2|PP755596.1|A/cattle/Texas/24-008749-003/2024(H5N1)	2146	T	C	0	0	0	1066	713	60	1	1066	0	TRUE	PB2:cds-XAJ25426.1	TTG	L	CTG	L	716
PB2|PP755596.1|A/cattle/Texas/24-008749-003/2024(H5N1)	2148	G	T	0	0	0	1080	733	61	1	1080	0	TRUE	PB2:cds-XAJ25426.1	TTG	L	TTT	F	716
PB2|PP755596.1|A/cattle/Texas/24-008749-003/2024(H5N1)	2166	T	C	0	0	0	1021	688	59	1	1021	0	TRUE	PB2:cds-XAJ25426.1	GCT	A	GCC	A	722
PB2|PP755596.1|A/cattle/Texas/24-008749-003/2024(H5N1)	2175	A	G	4	1	63	984	667	60	0.995951	988	0	TRUE	PB2:cds-XAJ25426.1	CTA	L	CTG	L	725
PB2|PP755596.1|A/cattle/Texas/24-008749-003/2024(H5N1)	2259	A	G	0	0	0	485	340	56	1	485	0	TRUE	PB2:cds-XAJ25426.1	AGA	R	AGG	R	753
