REGION	POS	REF	ALT	REF_DP	REF_RV	REF_QUAL	ALT_DP	ALT_RV	ALT_QUAL	ALT_FREQ	TOTAL_DP	PVAL	PASS	GFF_FEATURE	REF_CODON	REF_AA	ALT_CODON	ALT_AA	POS_AA
NS|PP755593.1|A/cattle/Texas/24-008749-003/2024(H5N1)	20	T	C	3	1	66	11219	1006	40	0.999555	11224	0	TRUE	NEP:cds-XAJ25421.1	TTA	L	TCA	S	7
NS|PP755593.1|A/cattle/Texas/24-008749-003/2024(H5N1)	20	T	C	3	1	66	11219	1006	40	0.999555	11224	0	TRUE	NS1:cds-XAJ25420.1	TTA	L	TCA	S	7
NS|PP755593.1|A/cattle/Texas/24-008749-003/2024(H5N1)	108	C	T	11	1	37	25258	4069	46	0.99913	25280	0	TRUE	NS1:cds-XAJ25420.1	CTC	L	CTT	L	36
NS|PP755593.1|A/cattle/Texas/24-008749-003/2024(H5N1)	117	C	T	11	1	44	25440	4185	46	0.999568	25451	0	TRUE	NS1:cds-XAJ25420.1	GAC	D	GAT	D	39
NS|PP755593.1|A/cattle/Texas/24-008749-003/2024(H5N1)	123	G	A	18	5	46	25269	4309	46	0.999012	25294	0	TRUE	NS1:cds-XAJ25420.1	AAG	K	AAA	K	41
NS|PP755593.1|A/cattle/Texas/24-008749-003/2024(H5N1)	126	T	C	18	6	52	25258	6199	46	0.998972	25284	0	TRUE	NS1:cds-XAJ25420.1	TCT	S	TCC	S	42
NS|PP755593.1|A/cattle/Texas/24-008749-003/2024(H5N1)	127	C	A	18806	6436	39	583	4	26	0.0300577	19396	4.97824e-62	TRUE	NS1:cds-XAJ25420.1	CTA	L	ATA	I	43
NS|PP755593.1|A/cattle/Texas/24-008749-003/2024(H5N1)	129	A	G	4	0	36	24996	5573	44	0.99681	25076	0	TRUE	NS1:cds-XAJ25420.1	CTA	L	CTG	L	43
NS|PP755593.1|A/cattle/Texas/24-008749-003/2024(H5N1)	165	G	A	31	19	46	30199	12462	45	0.998611	30241	0	TRUE	NS1:cds-XAJ25420.1	GAG	E	GAA	E	55
NS|PP755593.1|A/cattle/Texas/24-008749-003/2024(H5N1)	168	G	A	45	14	42	30120	12732	45	0.99831	30171	0	TRUE	NS1:cds-XAJ25420.1	ACG	T	ACA	T	56
NS|PP755593.1|A/cattle/Texas/24-008749-003/2024(H5N1)	174	T	C	18	8	41	30462	13275	45	0.998983	30493	0	TRUE	NS1:cds-XAJ25420.1	ACT	T	ACC	T	58
NS|PP755593.1|A/cattle/Texas/24-008749-003/2024(H5N1)	180	T	G	30	29	26	29244	12435	42	0.997782	29309	0	TRUE	NS1:cds-XAJ25420.1	GCT	A	GCG	A	60
NS|PP755593.1|A/cattle/Texas/24-008749-003/2024(H5N1)	183	G	A	267	167	38	30009	13478	44	0.991017	30281	0	TRUE	NS1:cds-XAJ25420.1	GGG	G	GGA	G	61
NS|PP755593.1|A/cattle/Texas/24-008749-003/2024(H5N1)	199	A	C	5	1	36	33455	15464	45	0.999432	33474	0	TRUE	NS1:cds-XAJ25420.1	AGG	R	CGG	R	67
NS|PP755593.1|A/cattle/Texas/24-008749-003/2024(H5N1)	210	G	A	42	28	38	33739	15880	45	0.998579	33787	0	TRUE	NS1:cds-XAJ25420.1	GAG	E	GAA	E	70
NS|PP755593.1|A/cattle/Texas/24-008749-003/2024(H5N1)	219	C	T	24	10	40	34625	17561	45	0.999163	34654	0	TRUE	NS1:cds-XAJ25420.1	TCC	S	TCT	S	73
NS|PP755593.1|A/cattle/Texas/24-008749-003/2024(H5N1)	224	A	G	6	4	46	34569	18820	45	0.99974	34578	0	TRUE	NS1:cds-XAJ25420.1	GAG	E	GGG	G	75
NS|PP755593.1|A/cattle/Texas/24-008749-003/2024(H5N1)	231	C	T	11	7	42	33909	18980	43	0.999146	33938	0	TRUE	NS1:cds-XAJ25420.1	CTC	L	CTT	L	77
NS|PP755593.1|A/cattle/Texas/24-008749-003/2024(H5N1)	247	T	C	7	3	41	33526	19373	44	0.999553	33541	0	TRUE	NS1:cds-XAJ25420.1	TCT	S	CCT	P	83
NS|PP755593.1|A/cattle/Texas/24-008749-003/2024(H5N1)	249	T	C	41	27	42	33204	19353	43	0.998076	33268	0	TRUE	NS1:cds-XAJ25420.1	TCT	S	TCC	S	83
NS|PP755593.1|A/cattle/Texas/24-008749-003/2024(H5N1)	255	T	A	6	4	44	34014	19574	43	0.998649	34060	0	TRUE	NS1:cds-XAJ25420.1	CCT	P	CCA	P	85
NS|PP755593.1|A/cattle/Texas/24-008749-003/2024(H5N1)	259	C	T	19	7	42	34471	19173	44	0.999304	34495	0	TRUE	NS1:cds-XAJ25420.1	CCA	P	TCA	S	87
NS|PP755593.1|A/cattle/Texas/24-008749-003/2024(H5N1)	288	A	G	13	5	48	33926	15337	41	0.998911	33963	0	TRUE	NS1:cds-XAJ25420.1	GAA	E	GAG	E	96
NS|PP755593.1|A/cattle/Texas/24-008749-003/2024(H5N1)	289	G	T	24693	5521	38	1092	1092	24	0.0423338	25795	9.48422e-166	TRUE	NS1:cds-XAJ25420.1	GAG	E	TAG	*	97
NS|PP755593.1|A/cattle/Texas/24-008749-003/2024(H5N1)	300	A	G	14	7	42	35530	18130	44	0.999353	35553	0	TRUE	NS1:cds-XAJ25420.1	AGA	R	AGG	R	100
NS|PP755593.1|A/cattle/Texas/24-008749-003/2024(H5N1)	324	G	A	17	5	42	33478	13894	43	0.999463	33496	0	TRUE	NS1:cds-XAJ25420.1	AAG	K	AAA	K	108
NS|PP755593.1|A/cattle/Texas/24-008749-003/2024(H5N1)	327	A	G	10	4	36	33293	13930	43	0.99961	33306	0	TRUE	NS1:cds-XAJ25420.1	CAA	Q	CAG	Q	109
NS|PP755593.1|A/cattle/Texas/24-008749-003/2024(H5N1)	331	G	A	41	14	38	33239	13874	43	0.998648	33284	0	TRUE	NS1:cds-XAJ25420.1	GTG	V	ATG	M	111
NS|PP755593.1|A/cattle/Texas/24-008749-003/2024(H5N1)	339	C	T	59	32	46	32006	13637	42	0.998035	32069	0	TRUE	NS1:cds-XAJ25420.1	GGC	G	GGT	G	113
NS|PP755593.1|A/cattle/Texas/24-008749-003/2024(H5N1)	345	C	T	18	5	38	30611	13056	42	0.999314	30632	0	TRUE	NS1:cds-XAJ25420.1	CTC	L	CTT	L	115
NS|PP755593.1|A/cattle/Texas/24-008749-003/2024(H5N1)	346	A	T	0	0	0	30589	13009	42	0.999379	30608	0	TRUE	NS1:cds-XAJ25420.1	AGT	S	TGT	C	116
NS|PP755593.1|A/cattle/Texas/24-008749-003/2024(H5N1)	348	T	C	19	10	42	30726	13176	42	0.999187	30751	0	TRUE	NS1:cds-XAJ25420.1	AGT	S	AGC	S	116
NS|PP755593.1|A/cattle/Texas/24-008749-003/2024(H5N1)	366	G	A	26	17	40	34214	13059	43	0.999036	34247	0	TRUE	NS1:cds-XAJ25420.1	GCG	A	GCA	A	122
NS|PP755593.1|A/cattle/Texas/24-008749-003/2024(H5N1)	369	T	A	1	0	40	34266	13434	43	0.999358	34288	0	TRUE	NS1:cds-XAJ25420.1	ATT	I	ATA	I	123
NS|PP755593.1|A/cattle/Texas/24-008749-003/2024(H5N1)	378	G	A	15	6	45	36256	15270	45	0.999394	36278	0	TRUE	NS1:cds-XAJ25420.1	AAG	K	AAA	K	126
NS|PP755593.1|A/cattle/Texas/24-008749-003/2024(H5N1)	386	T	C	10	7	37	28726	15045	39	0.972148	29549	0	TRUE	NS1:cds-XAJ25420.1	ATA	I	ACA	T	129
NS|PP755593.1|A/cattle/Texas/24-008749-003/2024(H5N1)	386	T	A	10	7	37	810	1	27	0.0274121	29549	0	TRUE	NS1:cds-XAJ25420.1	ATA	I	AAA	K	129
NS|PP755593.1|A/cattle/Texas/24-008749-003/2024(H5N1)	388	C	T	16	9	37	34707	14676	44	0.999338	34730	0	TRUE	NS1:cds-XAJ25420.1	CTG	L	TTG	L	130
NS|PP755593.1|A/cattle/Texas/24-008749-003/2024(H5N1)	393	G	A	54	19	44	35101	15057	44	0.998038	35170	0	TRUE	NS1:cds-XAJ25420.1	AAG	K	AAA	K	131
NS|PP755593.1|A/cattle/Texas/24-008749-003/2024(H5N1)	411	C	T	27	13	48	27405	14420	42	0.998652	27442	0	TRUE	NS1:cds-XAJ25420.1	ATC	I	ATT	I	137
NS|PP755593.1|A/cattle/Texas/24-008749-003/2024(H5N1)	414	C	T	12	4	36	27366	14495	42	0.999452	27381	0	TRUE	NS1:cds-XAJ25420.1	TTC	F	TTT	F	138
NS|PP755593.1|A/cattle/Texas/24-008749-003/2024(H5N1)	415	A	G	11	3	45	27603	14655	42	0.999529	27616	0	TRUE	NS1:cds-XAJ25420.1	AAT	N	GAT	D	139
NS|PP755593.1|A/cattle/Texas/24-008749-003/2024(H5N1)	417	T	C	11	7	47	25867	14640	40	0.994808	26002	0	TRUE	NS1:cds-XAJ25420.1	AAT	N	AAC	N	139
NS|PP755593.1|A/cattle/Texas/24-008749-003/2024(H5N1)	426	G	A	50	21	41	31849	18084	44	0.998245	31905	0	TRUE	NS1:cds-XAJ25420.1	GAG	E	GAA	E	142
NS|PP755593.1|A/cattle/Texas/24-008749-003/2024(H5N1)	429	A	C	36	0	26	32909	18142	43	0.998453	32960	0	TRUE	NS1:cds-XAJ25420.1	ACA	T	ACC	T	143
NS|PP755593.1|A/cattle/Texas/24-008749-003/2024(H5N1)	439	C	A	18	0	25	33649	17411	44	0.999258	33674	0	TRUE	NS1:cds-XAJ25420.1	CTC	L	ATC	I	147
NS|PP755593.1|A/cattle/Texas/24-008749-003/2024(H5N1)	441	C	T	7	1	40	33769	17434	45	0.999645	33781	0	TRUE	NS1:cds-XAJ25420.1	CTC	L	CTT	L	147
NS|PP755593.1|A/cattle/Texas/24-008749-003/2024(H5N1)	453	T	A	4	2	40	33687	19148	44	0.998488	33738	0	TRUE	NS1:cds-XAJ25420.1	ACT	T	ACA	T	151
NS|PP755593.1|A/cattle/Texas/24-008749-003/2024(H5N1)	459	G	A	61	31	42	33706	19632	44	0.997957	33775	0	TRUE	NS1:cds-XAJ25420.1	GAG	E	GAA	E	153
NS|PP755593.1|A/cattle/Texas/24-008749-003/2024(H5N1)	471	C	G	2	0	36	31961	17588	43	0.998656	32004	0	TRUE	NS1:cds-XAJ25420.1	GTC	V	GTG	V	157
NS|PP755593.1|A/cattle/Texas/24-008749-003/2024(H5N1)	473	G	T	24576	9866	38	408	408	25	0.0163285	24987	3.23016e-12	TRUE	NS1:cds-XAJ25420.1	GGC	G	GTC	V	158
NS|PP755593.1|A/cattle/Texas/24-008749-003/2024(H5N1)	474	C	A	8	2	27	32957	18656	44	0.998334	33012	0	TRUE	NS1:cds-XAJ25420.1	GGC	G	GGA	G	158
NS|PP755593.1|A/cattle/Texas/24-008749-003/2024(H5N1)	480	T	C	11	6	42	34766	20194	44	0.999626	34779	0	TRUE	NS1:cds-XAJ25420.1	ATT	I	ATC	I	160
NS|PP755593.1|A/cattle/Texas/24-008749-003/2024(H5N1)	489	G	A	27	11	43	35596	21021	45	0.99899	35632	0	TRUE	NS1:cds-XAJ25420.1	TTG	L	TTA	L	163
NS|PP755593.1|A/cattle/Texas/24-008749-003/2024(H5N1)	511	G	A	21	15	37	38857	22474	42	0.999126	38891	0	TRUE	NEP:cds-XAJ25421.1	CTG	L	CTA	L	3
NS|PP755593.1|A/cattle/Texas/24-008749-003/2024(H5N1)	511	G	A	21	15	37	38857	22474	42	0.999126	38891	0	TRUE	NS1:cds-XAJ25420.1	GAT	D	AAT	N	171
NS|PP755593.1|A/cattle/Texas/24-008749-003/2024(H5N1)	578	G	A	23	12	45	35012	17372	43	0.998745	35056	0	TRUE	NEP:cds-XAJ25421.1	GAG	E	AAG	K	26
NS|PP755593.1|A/cattle/Texas/24-008749-003/2024(H5N1)	578	G	A	23	12	45	35012	17372	43	0.998745	35056	0	TRUE	NS1:cds-XAJ25420.1	CGA	R	CAA	Q	193
NS|PP755593.1|A/cattle/Texas/24-008749-003/2024(H5N1)	592	T	C	9	5	38	34755	17826	44	0.999224	34782	0	TRUE	NEP:cds-XAJ25421.1	CTT	L	CTC	L	30
NS|PP755593.1|A/cattle/Texas/24-008749-003/2024(H5N1)	592	T	C	9	5	38	34755	17826	44	0.999224	34782	0	TRUE	NS1:cds-XAJ25420.1	TTA	L	CTA	L	198
NS|PP755593.1|A/cattle/Texas/24-008749-003/2024(H5N1)	595	C	A	32422	18748	40	330	3	26	0.0100742	32757	0.468357	FALSE	NEP:cds-XAJ25421.1	TAC	Y	TAA	*	31
NS|PP755593.1|A/cattle/Texas/24-008749-003/2024(H5N1)	595	C	A	32422	18748	40	330	3	26	0.0100742	32757	0.468357	FALSE	NS1:cds-XAJ25420.1	CAG	Q	AAG	K	199
NS|PP755593.1|A/cattle/Texas/24-008749-003/2024(H5N1)	668	A	C	4	2	36	31450	18801	48	0.999428	31468	0	TRUE	NEP:cds-XAJ25421.1	AGA	R	CGA	R	56
NS|PP755593.1|A/cattle/Texas/24-008749-003/2024(H5N1)	668	A	C	4	2	36	31450	18801	48	0.999428	31468	0	TRUE	NS1:cds-XAJ25420.1	GAG	E	GCG	A	223
NS|PP755593.1|A/cattle/Texas/24-008749-003/2024(H5N1)	703	G	A	48	30	43	29949	19682	48	0.998333	29999	0	TRUE	NEP:cds-XAJ25421.1	AGG	R	AGA	R	67
NS|PP755593.1|A/cattle/Texas/24-008749-003/2024(H5N1)	724	A	G	32	29	45	30368	24614	50	0.998619	30410	0	TRUE	NEP:cds-XAJ25421.1	CGA	R	CGG	R	74
NS|PP755593.1|A/cattle/Texas/24-008749-003/2024(H5N1)	731	C	T	18	16	50	28707	24322	49	0.998782	28742	0	TRUE	NEP:cds-XAJ25421.1	CTA	L	TTA	L	77
NS|PP755593.1|A/cattle/Texas/24-008749-003/2024(H5N1)	733	A	G	10	8	44	29032	24832	49	0.999312	29052	0	TRUE	NEP:cds-XAJ25421.1	CTA	L	CTG	L	77
NS|PP755593.1|A/cattle/Texas/24-008749-003/2024(H5N1)	739	C	T	5	5	33	27538	23374	48	0.999274	27558	0	TRUE	NEP:cds-XAJ25421.1	ATC	I	ATT	I	79
NS|PP755593.1|A/cattle/Texas/24-008749-003/2024(H5N1)	745	A	G	7	6	43	26942	23135	49	0.999592	26953	0	TRUE	NEP:cds-XAJ25421.1	GAA	E	GAG	E	81
NS|PP755593.1|A/cattle/Texas/24-008749-003/2024(H5N1)	748	T	C	11	9	40	27113	23337	50	0.999484	27127	0	TRUE	NEP:cds-XAJ25421.1	AAT	N	AAC	N	82
NS|PP755593.1|A/cattle/Texas/24-008749-003/2024(H5N1)	754	T	C	9	7	45	26782	22977	50	0.99944	26797	0	TRUE	NEP:cds-XAJ25421.1	TTT	F	TTC	F	84
NS|PP755593.1|A/cattle/Texas/24-008749-003/2024(H5N1)	760	A	G	4	4	39	25825	22163	49	0.999806	25830	0	TRUE	NEP:cds-XAJ25421.1	CAA	Q	CAG	Q	86
NS|PP755593.1|A/cattle/Texas/24-008749-003/2024(H5N1)	766	A	T	0	0	0	24943	21567	48	0.998839	24972	0	TRUE	NEP:cds-XAJ25421.1	ACA	T	ACT	T	88
NS|PP755593.1|A/cattle/Texas/24-008749-003/2024(H5N1)	769	T	C	2	1	34	25127	22139	48	0.999602	25137	0	TRUE	NEP:cds-XAJ25421.1	TTT	F	TTC	F	89
NS|PP755593.1|A/cattle/Texas/24-008749-003/2024(H5N1)	788	C	T	31	29	45	21008	19297	44	0.998432	21041	0	TRUE	NEP:cds-XAJ25421.1	CTG	L	TTG	L	96
NS|PP755593.1|A/cattle/Texas/24-008749-003/2024(H5N1)	799	G	A	26	26	37	19124	17825	44	0.99859	19151	0	TRUE	NEP:cds-XAJ25421.1	GTG	V	GTA	V	99
NS|PP755593.1|A/cattle/Texas/24-008749-003/2024(H5N1)	806	G	T	14677	13367	38	184	184	26	0.0123789	14864	0.0194038	FALSE	NEP:cds-XAJ25421.1	GAG	E	TAG	*	102
NS|PP755593.1|A/cattle/Texas/24-008749-003/2024(H5N1)	832	T	C	11	10	40	12348	11552	34	0.99911	12359	0	TRUE	NEP:cds-XAJ25421.1	CTT	L	CTC	L	110
