REGION	POS	REF	ALT	REF_DP	REF_RV	REF_QUAL	ALT_DP	ALT_RV	ALT_QUAL	ALT_FREQ	TOTAL_DP	PVAL	PASS	GFF_FEATURE	REF_CODON	REF_AA	ALT_CODON	ALT_AA	POS_AA
PB1|PP755595.1|A/cattle/Texas/24-008749-003/2024(H5N1)	18	C	T	0	0	0	6	0	34	1	6	3.06502e-07	TRUE	PB1:cds-XAJ25424.1	ACC	T	ACT	T	6
PB1|PP755595.1|A/cattle/Texas/24-008749-003/2024(H5N1)	24	C	T	0	0	0	6	0	34	1	6	3.06502e-07	TRUE	PB1:cds-XAJ25424.1	CTC	L	CTT	L	8
PB1|PP755595.1|A/cattle/Texas/24-008749-003/2024(H5N1)	28	T	C	0	0	0	6	0	34	1	6	3.06502e-07	TRUE	PB1:cds-XAJ25424.1	TTG	L	CTG	L	10
PB1|PP755595.1|A/cattle/Texas/24-008749-003/2024(H5N1)	30	G	T	0	0	0	6	0	34	1	6	3.06502e-07	TRUE	PB1:cds-XAJ25424.1	TTG	L	TTT	F	10
PB1|PP755595.1|A/cattle/Texas/24-008749-003/2024(H5N1)	69	G	A	22	5	38	1	1	34	0.0434783	23	0.302632	FALSE	PB1:cds-XAJ25424.1	CCG	P	CCA	P	23
PB1|PP755595.1|A/cattle/Texas/24-008749-003/2024(H5N1)	81	T	C	0	0	0	29	7	37	1	29	1.40932e-24	TRUE	PB1:cds-XAJ25424.1	GAT	D	GAC	D	27
PB1|PP755595.1|A/cattle/Texas/24-008749-003/2024(H5N1)	105	A	G	3	0	34	52	9	36	0.945455	55	1.1664e-35	TRUE	PB1:cds-XAJ25424.1	GGA	G	GGG	G	35
PB1|PP755595.1|A/cattle/Texas/24-008749-003/2024(H5N1)	105	A	G	3	0	34	52	9	36	0.945455	55	1.1664e-35	TRUE	PB1-F2:cds-XAJ25425.1	GAA	E	GGA	G	4
PB1|PP755595.1|A/cattle/Texas/24-008749-003/2024(H5N1)	126	A	G	0	0	0	76	11	36	1	76	1.80218e-55	TRUE	PB1:cds-XAJ25424.1	ACA	T	ACG	T	42
PB1|PP755595.1|A/cattle/Texas/24-008749-003/2024(H5N1)	126	A	G	0	0	0	76	11	36	1	76	1.80218e-55	TRUE	PB1-F2:cds-XAJ25425.1	CAG	Q	CGG	R	11
PB1|PP755595.1|A/cattle/Texas/24-008749-003/2024(H5N1)	131	A	G	84	18	37	1	0	34	0.0117647	85	0.447368	FALSE	PB1:cds-XAJ25424.1	AAC	N	AGC	S	44
PB1|PP755595.1|A/cattle/Texas/24-008749-003/2024(H5N1)	131	A	G	84	18	37	1	0	34	0.0117647	85	0.447368	FALSE	PB1-F2:cds-XAJ25425.1	ACA	T	GCA	A	13
PB1|PP755595.1|A/cattle/Texas/24-008749-003/2024(H5N1)	141	T	C	0	0	0	91	24	39	1	91	7.12209e-62	TRUE	PB1:cds-XAJ25424.1	CAT	H	CAC	H	47
PB1|PP755595.1|A/cattle/Texas/24-008749-003/2024(H5N1)	141	T	C	0	0	0	91	24	39	1	91	7.12209e-62	TRUE	PB1-F2:cds-XAJ25425.1	ATC	I	ACC	T	16
PB1|PP755595.1|A/cattle/Texas/24-008749-003/2024(H5N1)	159	G	A	0	0	0	100	32	39	1	100	2.73356e-65	TRUE	PB1:cds-XAJ25424.1	GGG	G	GGA	G	53
PB1|PP755595.1|A/cattle/Texas/24-008749-003/2024(H5N1)	159	G	A	0	0	0	100	32	39	1	100	2.73356e-65	TRUE	PB1-F2:cds-XAJ25425.1	GGA	G	GAA	E	22
PB1|PP755595.1|A/cattle/Texas/24-008749-003/2024(H5N1)	183	C	T	0	0	0	101	36	39	1	101	2.04551e-66	TRUE	PB1:cds-XAJ25424.1	ACC	T	ACT	T	61
PB1|PP755595.1|A/cattle/Texas/24-008749-003/2024(H5N1)	183	C	T	0	0	0	101	36	39	1	101	2.04551e-66	TRUE	PB1-F2:cds-XAJ25425.1	CCG	P	CTG	L	30
PB1|PP755595.1|A/cattle/Texas/24-008749-003/2024(H5N1)	186	G	A	0	0	0	103	36	39	1	103	4.22618e-67	TRUE	PB1:cds-XAJ25424.1	GGG	G	GGA	G	62
PB1|PP755595.1|A/cattle/Texas/24-008749-003/2024(H5N1)	186	G	A	0	0	0	103	36	39	1	103	4.22618e-67	TRUE	PB1-F2:cds-XAJ25425.1	GGG	G	GAG	E	31
PB1|PP755595.1|A/cattle/Texas/24-008749-003/2024(H5N1)	225	T	G	0	0	0	113	39	40	1	113	1.0492e-74	TRUE	PB1:cds-XAJ25424.1	GAT	D	GAG	E	75
PB1|PP755595.1|A/cattle/Texas/24-008749-003/2024(H5N1)	225	T	G	0	0	0	113	39	40	1	113	1.0492e-74	TRUE	PB1-F2:cds-XAJ25425.1	ATG	M	AGG	R	44
PB1|PP755595.1|A/cattle/Texas/24-008749-003/2024(H5N1)	234	G	A	0	0	0	102	43	34	1	102	1.07526e-71	TRUE	PB1:cds-XAJ25424.1	GAG	E	GAA	E	78
PB1|PP755595.1|A/cattle/Texas/24-008749-003/2024(H5N1)	234	G	A	0	0	0	102	43	34	1	102	1.07526e-71	TRUE	PB1-F2:cds-XAJ25425.1	AGC	S	AAC	N	47
PB1|PP755595.1|A/cattle/Texas/24-008749-003/2024(H5N1)	261	C	T	0	0	0	118	45	36	1	118	8.58609e-75	TRUE	PB1:cds-XAJ25424.1	TGC	C	TGT	C	87
PB1|PP755595.1|A/cattle/Texas/24-008749-003/2024(H5N1)	261	C	T	0	0	0	118	45	36	1	118	8.58609e-75	TRUE	PB1-F2:cds-XAJ25425.1	GCG	A	GTG	V	56
PB1|PP755595.1|A/cattle/Texas/24-008749-003/2024(H5N1)	291	A	G	0	0	0	118	40	34	1	118	1.11281e-73	TRUE	PB1:cds-XAJ25424.1	GAA	E	GAG	E	97
PB1|PP755595.1|A/cattle/Texas/24-008749-003/2024(H5N1)	291	A	G	0	0	0	118	40	34	1	118	1.11281e-73	TRUE	PB1-F2:cds-XAJ25425.1	AAT	N	AGT	S	66
PB1|PP755595.1|A/cattle/Texas/24-008749-003/2024(H5N1)	297	T	C	0	0	0	132	55	35	1	132	9.03737e-84	TRUE	PB1:cds-XAJ25424.1	CAT	H	CAC	H	99
PB1|PP755595.1|A/cattle/Texas/24-008749-003/2024(H5N1)	297	T	C	0	0	0	132	55	35	1	132	9.03737e-84	TRUE	PB1-F2:cds-XAJ25425.1	ATC	I	ACC	T	68
PB1|PP755595.1|A/cattle/Texas/24-008749-003/2024(H5N1)	363	G	A	0	0	0	127	65	40	1	127	1.80632e-86	TRUE	PB1:cds-XAJ25424.1	AAG	K	AAA	K	121
PB1|PP755595.1|A/cattle/Texas/24-008749-003/2024(H5N1)	363	G	A	0	0	0	127	65	40	1	127	1.80632e-86	TRUE	PB1-F2:cds-XAJ25425.1	AGT	S	AAT	N	90
PB1|PP755595.1|A/cattle/Texas/24-008749-003/2024(H5N1)	369	C	T	0	0	0	132	69	39	1	132	1.02869e-86	TRUE	PB1:cds-XAJ25424.1	ACC	T	ACT	T	123
PB1|PP755595.1|A/cattle/Texas/24-008749-003/2024(H5N1)	384	T	C	0	0	0	126	71	39	1	126	2.41049e-83	TRUE	PB1:cds-XAJ25424.1	ACT	T	ACC	T	128
PB1|PP755595.1|A/cattle/Texas/24-008749-003/2024(H5N1)	402	C	T	0	0	0	119	69	37	1	119	2.76262e-77	TRUE	PB1:cds-XAJ25424.1	AAC	N	AAT	N	134
PB1|PP755595.1|A/cattle/Texas/24-008749-003/2024(H5N1)	437	C	T	156	79	36	5	4	34	0.0310559	161	0.0237259	FALSE	PB1:cds-XAJ25424.1	ACT	T	ATT	I	146
PB1|PP755595.1|A/cattle/Texas/24-008749-003/2024(H5N1)	483	A	G	144	56	37	2	0	34	0.0136986	146	0.22683	FALSE	PB1:cds-XAJ25424.1	GGA	G	GGG	G	161
PB1|PP755595.1|A/cattle/Texas/24-008749-003/2024(H5N1)	498	C	T	0	0	0	140	52	36	1	140	1.10923e-89	TRUE	PB1:cds-XAJ25424.1	TTC	F	TTT	F	166
PB1|PP755595.1|A/cattle/Texas/24-008749-003/2024(H5N1)	511	G	A	2	1	34	139	50	37	0.985816	141	3.00692e-88	TRUE	PB1:cds-XAJ25424.1	GTG	V	ATG	M	171
PB1|PP755595.1|A/cattle/Texas/24-008749-003/2024(H5N1)	534	A	G	0	0	0	163	70	39	1	163	5.6949e-106	TRUE	PB1:cds-XAJ25424.1	GAA	E	GAG	E	178
PB1|PP755595.1|A/cattle/Texas/24-008749-003/2024(H5N1)	537	A	G	0	0	0	159	66	39	1	159	6.78255e-106	TRUE	PB1:cds-XAJ25424.1	ATA	I	ATG	M	179
PB1|PP755595.1|A/cattle/Texas/24-008749-003/2024(H5N1)	570	A	G	5	1	40	172	67	39	0.971751	177	3.83478e-109	TRUE	PB1:cds-XAJ25424.1	AGA	R	AGG	R	190
PB1|PP755595.1|A/cattle/Texas/24-008749-003/2024(H5N1)	580	A	G	181	68	38	2	1	27	0.010929	183	0.629432	FALSE	PB1:cds-XAJ25424.1	AAC	N	GAC	D	194
PB1|PP755595.1|A/cattle/Texas/24-008749-003/2024(H5N1)	607	C	A	0	0	0	162	79	36	1	162	9.91336e-109	TRUE	PB1:cds-XAJ25424.1	CGG	R	AGG	R	203
PB1|PP755595.1|A/cattle/Texas/24-008749-003/2024(H5N1)	612	G	A	0	0	0	176	101	37	1	176	1.8093e-112	TRUE	PB1:cds-XAJ25424.1	ACG	T	ACA	T	204
PB1|PP755595.1|A/cattle/Texas/24-008749-003/2024(H5N1)	613	A	G	177	102	36	3	1	34	0.0166667	180	0.10452	FALSE	PB1:cds-XAJ25424.1	ATA	I	GTA	V	205
PB1|PP755595.1|A/cattle/Texas/24-008749-003/2024(H5N1)	624	G	A	0	0	0	170	94	38	1	170	7.49299e-109	TRUE	PB1:cds-XAJ25424.1	AAG	K	AAA	K	208
PB1|PP755595.1|A/cattle/Texas/24-008749-003/2024(H5N1)	630	A	G	0	0	0	168	93	37	1	168	6.45038e-108	TRUE	PB1:cds-XAJ25424.1	CAA	Q	CAG	Q	210
PB1|PP755595.1|A/cattle/Texas/24-008749-003/2024(H5N1)	689	A	G	171	77	37	2	0	34	0.0115607	173	0.221527	FALSE	PB1:cds-XAJ25424.1	GAC	D	GGC	G	230
PB1|PP755595.1|A/cattle/Texas/24-008749-003/2024(H5N1)	702	C	T	0	0	0	175	83	37	1	175	9.08808e-111	TRUE	PB1:cds-XAJ25424.1	GGC	G	GGT	G	234
PB1|PP755595.1|A/cattle/Texas/24-008749-003/2024(H5N1)	717	G	A	6	4	37	162	77	35	0.95858	169	1.58786e-99	TRUE	PB1:cds-XAJ25424.1	AGG	R	AGA	R	239
PB1|PP755595.1|A/cattle/Texas/24-008749-003/2024(H5N1)	735	A	G	0	0	0	166	73	35	1	166	3.61435e-106	TRUE	PB1:cds-XAJ25424.1	GGA	G	GGG	G	245
PB1|PP755595.1|A/cattle/Texas/24-008749-003/2024(H5N1)	741	A	G	0	0	0	170	74	36	1	170	4.94951e-108	TRUE	PB1:cds-XAJ25424.1	CAA	Q	CAG	Q	247
PB1|PP755595.1|A/cattle/Texas/24-008749-003/2024(H5N1)	750	G	A	0	0	0	166	65	35	1	166	1.27202e-105	TRUE	PB1:cds-XAJ25424.1	GGG	G	GGA	G	250
PB1|PP755595.1|A/cattle/Texas/24-008749-003/2024(H5N1)	769	A	G	157	61	36	3	1	29	0.01875	160	0.280522	FALSE	PB1:cds-XAJ25424.1	ACA	T	GCA	A	257
PB1|PP755595.1|A/cattle/Texas/24-008749-003/2024(H5N1)	792	G	A	0	0	0	149	60	37	1	149	1.01327e-96	TRUE	PB1:cds-XAJ25424.1	GAG	E	GAA	E	264
PB1|PP755595.1|A/cattle/Texas/24-008749-003/2024(H5N1)	840	C	T	0	0	0	148	67	35	1	148	1.45107e-92	TRUE	PB1:cds-XAJ25424.1	GCC	A	GCT	A	280
PB1|PP755595.1|A/cattle/Texas/24-008749-003/2024(H5N1)	864	G	A	0	0	0	159	80	35	1	159	5.99908e-102	TRUE	PB1:cds-XAJ25424.1	AAG	K	AAA	K	288
PB1|PP755595.1|A/cattle/Texas/24-008749-003/2024(H5N1)	892	C	T	172	104	36	2	2	34	0.0114943	174	0.220479	FALSE	PB1:cds-XAJ25424.1	CTC	L	TTC	F	298
PB1|PP755595.1|A/cattle/Texas/24-008749-003/2024(H5N1)	912	A	G	177	94	36	2	1	27	0.0111732	179	0.471711	FALSE	PB1:cds-XAJ25424.1	GGA	G	GGG	G	304
PB1|PP755595.1|A/cattle/Texas/24-008749-003/2024(H5N1)	921	T	C	0	0	0	171	89	35	1	171	5.77382e-107	TRUE	PB1:cds-XAJ25424.1	ACT	T	ACC	T	307
PB1|PP755595.1|A/cattle/Texas/24-008749-003/2024(H5N1)	933	G	A	0	0	0	165	87	35	1	165	1.65745e-102	TRUE	PB1:cds-XAJ25424.1	GAG	E	GAA	E	311
PB1|PP755595.1|A/cattle/Texas/24-008749-003/2024(H5N1)	936	C	T	0	0	0	164	86	35	1	164	9.40856e-103	TRUE	PB1:cds-XAJ25424.1	AAC	N	AAT	N	312
PB1|PP755595.1|A/cattle/Texas/24-008749-003/2024(H5N1)	946	A	C	0	0	0	175	93	35	1	175	6.20843e-110	TRUE	PB1:cds-XAJ25424.1	AGG	R	CGG	R	316
PB1|PP755595.1|A/cattle/Texas/24-008749-003/2024(H5N1)	976	A	G	170	87	34	4	3	34	0.0229885	174	0.0554332	FALSE	PB1:cds-XAJ25424.1	ACA	T	GCA	A	326
PB1|PP755595.1|A/cattle/Texas/24-008749-003/2024(H5N1)	984	C	T	0	0	0	173	90	35	1	173	3.61447e-108	TRUE	PB1:cds-XAJ25424.1	AAC	N	AAT	N	328
PB1|PP755595.1|A/cattle/Texas/24-008749-003/2024(H5N1)	990	T	C	0	0	0	172	94	36	1	172	1.44462e-107	TRUE	PB1:cds-XAJ25424.1	CCT	P	CCC	P	330
PB1|PP755595.1|A/cattle/Texas/24-008749-003/2024(H5N1)	1008	A	C	0	0	0	190	87	35	1	190	5.35435e-122	TRUE	PB1:cds-XAJ25424.1	GTA	V	GTC	V	336
PB1|PP755595.1|A/cattle/Texas/24-008749-003/2024(H5N1)	1023	T	C	0	0	0	180	66	36	1	180	4.68251e-114	TRUE	PB1:cds-XAJ25424.1	CCT	P	CCC	P	341
PB1|PP755595.1|A/cattle/Texas/24-008749-003/2024(H5N1)	1038	C	T	0	0	0	176	69	37	1	176	1.20224e-111	TRUE	PB1:cds-XAJ25424.1	AAC	N	AAT	N	346
PB1|PP755595.1|A/cattle/Texas/24-008749-003/2024(H5N1)	1062	A	G	0	0	0	198	83	34	0.994975	199	5.29125e-126	TRUE	PB1:cds-XAJ25424.1	GGA	G	GGG	G	354
PB1|PP755595.1|A/cattle/Texas/24-008749-003/2024(H5N1)	1122	G	A	0	0	0	227	114	38	1	227	3.25355e-146	TRUE	PB1:cds-XAJ25424.1	GCG	A	GCA	A	374
PB1|PP755595.1|A/cattle/Texas/24-008749-003/2024(H5N1)	1149	G	A	213	112	38	3	1	34	0.0138889	216	0.0951142	FALSE	PB1:cds-XAJ25424.1	GAG	E	GAA	E	383
PB1|PP755595.1|A/cattle/Texas/24-008749-003/2024(H5N1)	1155	A	G	0	0	0	212	119	36	1	212	3.17491e-138	TRUE	PB1:cds-XAJ25424.1	ACA	T	ACG	T	385
PB1|PP755595.1|A/cattle/Texas/24-008749-003/2024(H5N1)	1158	G	A	0	0	0	204	115	37	1	204	5.52119e-131	TRUE	PB1:cds-XAJ25424.1	AGG	R	AGA	R	386
PB1|PP755595.1|A/cattle/Texas/24-008749-003/2024(H5N1)	1182	T	C	0	0	0	214	119	37	1	214	3.61817e-139	TRUE	PB1:cds-XAJ25424.1	CCT	P	CCC	P	394
PB1|PP755595.1|A/cattle/Texas/24-008749-003/2024(H5N1)	1188	A	G	0	0	0	223	120	38	0.995536	224	3.88438e-145	TRUE	PB1:cds-XAJ25424.1	CTA	L	CTG	L	396
PB1|PP755595.1|A/cattle/Texas/24-008749-003/2024(H5N1)	1203	C	T	0	0	0	216	119	37	1	216	1.21483e-140	TRUE	PB1:cds-XAJ25424.1	GCC	A	GCT	A	401
PB1|PP755595.1|A/cattle/Texas/24-008749-003/2024(H5N1)	1257	G	T	0	0	0	208	105	38	1	208	7.39928e-137	TRUE	PB1:cds-XAJ25424.1	CTG	L	CTT	L	419
PB1|PP755595.1|A/cattle/Texas/24-008749-003/2024(H5N1)	1269	T	C	0	0	0	209	109	39	1	209	1.83702e-137	TRUE	PB1:cds-XAJ25424.1	ATT	I	ATC	I	423
PB1|PP755595.1|A/cattle/Texas/24-008749-003/2024(H5N1)	1289	A	G	0	0	0	202	107	37	1	202	1.09219e-128	TRUE	PB1:cds-XAJ25424.1	AAG	K	AGG	R	430
PB1|PP755595.1|A/cattle/Texas/24-008749-003/2024(H5N1)	1290	G	A	0	0	0	201	108	37	1	201	4.37578e-128	TRUE	PB1:cds-XAJ25424.1	AAG	K	AAA	K	430
PB1|PP755595.1|A/cattle/Texas/24-008749-003/2024(H5N1)	1317	T	C	0	0	0	209	100	37	1	209	2.38983e-135	TRUE	PB1:cds-XAJ25424.1	GAT	D	GAC	D	439
PB1|PP755595.1|A/cattle/Texas/24-008749-003/2024(H5N1)	1321	C	T	0	0	0	221	101	36	1	221	1.15745e-143	TRUE	PB1:cds-XAJ25424.1	CTA	L	TTA	L	441
PB1|PP755595.1|A/cattle/Texas/24-008749-003/2024(H5N1)	1329	T	C	0	0	0	207	98	36	1	207	2.46246e-133	TRUE	PB1:cds-XAJ25424.1	TCT	S	TCC	S	443
PB1|PP755595.1|A/cattle/Texas/24-008749-003/2024(H5N1)	1350	C	A	0	0	0	209	89	36	1	209	1.1155e-130	TRUE	PB1:cds-XAJ25424.1	ATC	I	ATA	I	450
PB1|PP755595.1|A/cattle/Texas/24-008749-003/2024(H5N1)	1362	A	T	0	0	0	5	1	34	0.0233645	214	1.67448e-10	TRUE	PB1:cds-XAJ25424.1	CCA	P	CCT	P	454
PB1|PP755595.1|A/cattle/Texas/24-008749-003/2024(H5N1)	1362	A	G	0	0	0	209	89	36	0.976636	214	8.43924e-132	TRUE	PB1:cds-XAJ25424.1	CCA	P	CCG	P	454
PB1|PP755595.1|A/cattle/Texas/24-008749-003/2024(H5N1)	1389	A	G	0	0	0	216	83	35	1	216	2.70345e-136	TRUE	PB1:cds-XAJ25424.1	GTA	V	GTG	V	463
PB1|PP755595.1|A/cattle/Texas/24-008749-003/2024(H5N1)	1407	C	A	0	0	0	222	86	36	1	222	3.46502e-140	TRUE	PB1:cds-XAJ25424.1	ACC	T	ACA	T	469
PB1|PP755595.1|A/cattle/Texas/24-008749-003/2024(H5N1)	1408	T	C	226	86	35	3	0	34	0.0131004	229	0.11059	FALSE	PB1:cds-XAJ25424.1	TGC	C	CGC	R	470
PB1|PP755595.1|A/cattle/Texas/24-008749-003/2024(H5N1)	1419	A	C	0	0	0	226	87	35	1	226	9.31753e-142	TRUE	PB1:cds-XAJ25424.1	GTA	V	GTC	V	473
PB1|PP755595.1|A/cattle/Texas/24-008749-003/2024(H5N1)	1428	T	C	0	0	0	239	87	36	1	239	8.16853e-152	TRUE	PB1:cds-XAJ25424.1	AAT	N	AAC	N	476
PB1|PP755595.1|A/cattle/Texas/24-008749-003/2024(H5N1)	1446	A	C	0	0	0	231	93	36	1	231	2.8815e-147	TRUE	PB1:cds-XAJ25424.1	TCA	S	TCC	S	482
PB1|PP755595.1|A/cattle/Texas/24-008749-003/2024(H5N1)	1461	A	G	0	0	0	224	86	36	1	224	2.55349e-143	TRUE	PB1:cds-XAJ25424.1	ACA	T	ACG	T	487
PB1|PP755595.1|A/cattle/Texas/24-008749-003/2024(H5N1)	1491	T	C	0	0	0	207	92	37	1	207	1.13061e-134	TRUE	PB1:cds-XAJ25424.1	TAT	Y	TAC	Y	497
PB1|PP755595.1|A/cattle/Texas/24-008749-003/2024(H5N1)	1506	A	T	0	0	0	210	103	38	1	210	2.79546e-137	TRUE	PB1:cds-XAJ25424.1	GTA	V	GTT	V	502
PB1|PP755595.1|A/cattle/Texas/24-008749-003/2024(H5N1)	1533	C	T	0	0	0	215	123	38	1	215	6.60769e-148	TRUE	PB1:cds-XAJ25424.1	AGC	S	AGT	S	511
PB1|PP755595.1|A/cattle/Texas/24-008749-003/2024(H5N1)	1542	T	G	0	0	0	219	126	38	1	219	1.27158e-147	TRUE	PB1:cds-XAJ25424.1	GTT	V	GTG	V	514
PB1|PP755595.1|A/cattle/Texas/24-008749-003/2024(H5N1)	1548	G	A	0	0	0	234	136	36	1	234	1.62651e-151	TRUE	PB1:cds-XAJ25424.1	GGG	G	GGA	G	516
PB1|PP755595.1|A/cattle/Texas/24-008749-003/2024(H5N1)	1575	T	C	0	0	0	225	125	35	0.995575	226	5.02835e-140	TRUE	PB1:cds-XAJ25424.1	ATT	I	ATC	I	525
PB1|PP755595.1|A/cattle/Texas/24-008749-003/2024(H5N1)	1581	A	G	0	0	0	224	120	34	1	224	1.05612e-137	TRUE	PB1:cds-XAJ25424.1	GTA	V	GTG	V	527
PB1|PP755595.1|A/cattle/Texas/24-008749-003/2024(H5N1)	1584	A	G	0	0	0	223	122	34	1	223	2.16882e-137	TRUE	PB1:cds-XAJ25424.1	ACA	T	ACG	T	528
PB1|PP755595.1|A/cattle/Texas/24-008749-003/2024(H5N1)	1587	G	A	0	0	0	224	125	35	1	224	2.84857e-140	TRUE	PB1:cds-XAJ25424.1	GTG	V	GTA	V	529
PB1|PP755595.1|A/cattle/Texas/24-008749-003/2024(H5N1)	1593	G	A	0	0	0	235	133	34	1	235	9.31242e-146	TRUE	PB1:cds-XAJ25424.1	AAG	K	AAA	K	531
PB1|PP755595.1|A/cattle/Texas/24-008749-003/2024(H5N1)	1623	A	G	0	0	0	232	133	35	1	232	1.14842e-143	TRUE	PB1:cds-XAJ25424.1	CCA	P	CCG	P	541
PB1|PP755595.1|A/cattle/Texas/24-008749-003/2024(H5N1)	1647	G	A	0	0	0	236	132	35	1	236	1.87008e-152	TRUE	PB1:cds-XAJ25424.1	CAG	Q	CAA	Q	549
PB1|PP755595.1|A/cattle/Texas/24-008749-003/2024(H5N1)	1692	A	G	0	0	0	214	96	35	1	214	9.49763e-141	TRUE	PB1:cds-XAJ25424.1	GGA	G	GGG	G	564
PB1|PP755595.1|A/cattle/Texas/24-008749-003/2024(H5N1)	1704	T	C	0	0	0	230	101	36	1	230	4.09432e-146	TRUE	PB1:cds-XAJ25424.1	ATT	I	ATC	I	568
PB1|PP755595.1|A/cattle/Texas/24-008749-003/2024(H5N1)	1716	G	A	2	0	68	220	107	34	0.990991	222	3.89656e-138	TRUE	PB1:cds-XAJ25424.1	AGG	R	AGA	R	572
PB1|PP755595.1|A/cattle/Texas/24-008749-003/2024(H5N1)	1731	A	G	0	0	0	220	112	36	1	220	2.93089e-139	TRUE	PB1:cds-XAJ25424.1	AAA	K	AAG	K	577
PB1|PP755595.1|A/cattle/Texas/24-008749-003/2024(H5N1)	1759	C	G	0	0	0	236	112	36	1	236	3.54907e-149	TRUE	PB1:cds-XAJ25424.1	CCA	P	GCA	A	587
PB1|PP755595.1|A/cattle/Texas/24-008749-003/2024(H5N1)	1785	G	A	2	0	34	228	117	38	0.991304	230	7.0157e-147	TRUE	PB1:cds-XAJ25424.1	GGG	G	GGA	G	595
PB1|PP755595.1|A/cattle/Texas/24-008749-003/2024(H5N1)	1794	A	G	0	0	0	227	118	39	1	227	2.74777e-147	TRUE	PB1:cds-XAJ25424.1	CTA	L	CTG	L	598
PB1|PP755595.1|A/cattle/Texas/24-008749-003/2024(H5N1)	1800	T	C	0	0	0	220	111	39	0.995475	221	3.66966e-145	TRUE	PB1:cds-XAJ25424.1	AAT	N	AAC	N	600
PB1|PP755595.1|A/cattle/Texas/24-008749-003/2024(H5N1)	1806	A	G	0	0	0	216	110	38	1	216	1.21483e-140	TRUE	PB1:cds-XAJ25424.1	CGA	R	CGG	R	602
PB1|PP755595.1|A/cattle/Texas/24-008749-003/2024(H5N1)	1836	A	G	0	0	0	204	127	38	1	204	1.07128e-134	TRUE	PB1:cds-XAJ25424.1	AAA	K	AAG	K	612
PB1|PP755595.1|A/cattle/Texas/24-008749-003/2024(H5N1)	1851	C	T	0	0	0	210	133	36	1	210	3.21607e-136	TRUE	PB1:cds-XAJ25424.1	GAC	D	GAT	D	617
PB1|PP755595.1|A/cattle/Texas/24-008749-003/2024(H5N1)	1878	T	C	0	0	0	228	132	36	1	228	8.10682e-147	TRUE	PB1:cds-XAJ25424.1	AAT	N	AAC	N	626
PB1|PP755595.1|A/cattle/Texas/24-008749-003/2024(H5N1)	1896	A	T	0	0	0	224	134	37	1	224	3.19097e-142	TRUE	PB1:cds-XAJ25424.1	GTA	V	GTT	V	632
PB1|PP755595.1|A/cattle/Texas/24-008749-003/2024(H5N1)	1932	G	A	0	0	0	229	123	36	1	229	1.08551e-147	TRUE	PB1:cds-XAJ25424.1	GTG	V	GTA	V	644
PB1|PP755595.1|A/cattle/Texas/24-008749-003/2024(H5N1)	1944	T	A	0	0	0	229	114	36	1	229	3.09593e-145	TRUE	PB1:cds-XAJ25424.1	GCT	A	GCA	A	648
PB1|PP755595.1|A/cattle/Texas/24-008749-003/2024(H5N1)	1947	T	G	231	112	36	3	3	29	0.0128205	234	0.455969	FALSE	PB1:cds-XAJ25424.1	CAT	H	CAG	Q	649
PB1|PP755595.1|A/cattle/Texas/24-008749-003/2024(H5N1)	1956	T	C	0	0	0	231	98	35	1	231	1.93018e-146	TRUE	PB1:cds-XAJ25424.1	GCT	A	GCC	A	652
PB1|PP755595.1|A/cattle/Texas/24-008749-003/2024(H5N1)	1962	T	C	0	0	0	231	100	35	1	231	1.31422e-145	TRUE	PB1:cds-XAJ25424.1	AGT	S	AGC	S	654
PB1|PP755595.1|A/cattle/Texas/24-008749-003/2024(H5N1)	2007	G	A	0	0	0	211	72	37	1	211	6.94886e-138	TRUE	PB1:cds-XAJ25424.1	AAG	K	AAA	K	669
PB1|PP755595.1|A/cattle/Texas/24-008749-003/2024(H5N1)	2010	G	A	6	2	34	203	71	36	0.971292	209	1.08099e-120	TRUE	PB1:cds-XAJ25424.1	AGG	R	AGA	R	670
PB1|PP755595.1|A/cattle/Texas/24-008749-003/2024(H5N1)	2019	T	C	0	0	0	214	84	37	1	214	3.39515e-136	TRUE	PB1:cds-XAJ25424.1	TCT	S	TCC	S	673
PB1|PP755595.1|A/cattle/Texas/24-008749-003/2024(H5N1)	2025	T	C	0	0	0	226	91	36	1	226	1.34988e-142	TRUE	PB1:cds-XAJ25424.1	CTT	L	CTC	L	675
PB1|PP755595.1|A/cattle/Texas/24-008749-003/2024(H5N1)	2046	C	T	0	0	0	206	68	37	1	206	1.34362e-134	TRUE	PB1:cds-XAJ25424.1	ATC	I	ATT	I	682
PB1|PP755595.1|A/cattle/Texas/24-008749-003/2024(H5N1)	2055	C	T	0	0	0	210	76	37	1	210	2.79546e-137	TRUE	PB1:cds-XAJ25424.1	GAC	D	GAT	D	685
PB1|PP755595.1|A/cattle/Texas/24-008749-003/2024(H5N1)	2073	G	A	0	0	0	189	85	39	1	189	2.26045e-129	TRUE	PB1:cds-XAJ25424.1	AAG	K	AAA	K	691
PB1|PP755595.1|A/cattle/Texas/24-008749-003/2024(H5N1)	2178	A	G	0	0	0	191	180	38	1	191	1.33517e-122	TRUE	PB1:cds-XAJ25424.1	GCA	A	GCG	A	726
PB1|PP755595.1|A/cattle/Texas/24-008749-003/2024(H5N1)	2205	T	C	0	0	0	180	171	37	1	180	7.0205e-115	TRUE	PB1:cds-XAJ25424.1	ATT	I	ATC	I	735
PB1|PP755595.1|A/cattle/Texas/24-008749-003/2024(H5N1)	2244	C	G	131	127	36	2	2	20	0.0150376	133	0.467529	FALSE	PB1:cds-XAJ25424.1	TCC	S	TCG	S	748
