REGION	POS	REF	ALT	REF_DP	REF_RV	REF_QUAL	ALT_DP	ALT_RV	ALT_QUAL	ALT_FREQ	TOTAL_DP	PVAL	PASS	GFF_FEATURE	REF_CODON	REF_AA	ALT_CODON	ALT_AA	POS_AA
PB1|PP755595.1|A/cattle/Texas/24-008749-003/2024(H5N1)	18	C	T	4	0	40	574	104	41	0.99308	578	0	TRUE	PB1:cds-XAJ25424.1	ACC	T	ACT	T	6
PB1|PP755595.1|A/cattle/Texas/24-008749-003/2024(H5N1)	24	C	T	0	0	0	604	111	43	1	604	0	TRUE	PB1:cds-XAJ25424.1	CTC	L	CTT	L	8
PB1|PP755595.1|A/cattle/Texas/24-008749-003/2024(H5N1)	29	T	-G	735	133	42	73	0	20	0.0243252	3001	6.23576e-28	TRUE	NA	NA	NA	NA	NA	NA
PB1|PP755595.1|A/cattle/Texas/24-008749-003/2024(H5N1)	30	G	A	0	0	0	686	127	41	1	686	0	TRUE	PB1:cds-XAJ25424.1	TTG	L	TTA	L	10
PB1|PP755595.1|A/cattle/Texas/24-008749-003/2024(H5N1)	35	T	-TCCA	812	138	40	307	0	20	0.0969984	3165	3.50405e-154	TRUE	NA	NA	NA	NA	NA	NA
PB1|PP755595.1|A/cattle/Texas/24-008749-003/2024(H5N1)	36	T	G	0	0	0	812	143	40	1	812	0	TRUE	PB1:cds-XAJ25424.1	GTT	V	GTG	V	12
PB1|PP755595.1|A/cattle/Texas/24-008749-003/2024(H5N1)	42	G	A	2	1	37	844	156	42	0.996458	847	0	TRUE	PB1:cds-XAJ25424.1	GCG	A	GCA	A	14
PB1|PP755595.1|A/cattle/Texas/24-008749-003/2024(H5N1)	46	A	G	3	0	30	872	162	42	0.996571	875	0	TRUE	PB1:cds-XAJ25424.1	AAT	N	GAT	D	16
PB1|PP755595.1|A/cattle/Texas/24-008749-003/2024(H5N1)	57	C	T	4	1	40	1690	304	43	0.997639	1694	0	TRUE	PB1:cds-XAJ25424.1	AGC	S	AGT	S	19
PB1|PP755595.1|A/cattle/Texas/24-008749-003/2024(H5N1)	69	G	T	2	0	32	2323	381	41	0.997424	2329	0	TRUE	PB1:cds-XAJ25424.1	CCG	P	CCT	P	23
PB1|PP755595.1|A/cattle/Texas/24-008749-003/2024(H5N1)	72	T	C	0	0	0	2301	401	41	0.999132	2303	0	TRUE	PB1:cds-XAJ25424.1	TAT	Y	TAC	Y	24
PB1|PP755595.1|A/cattle/Texas/24-008749-003/2024(H5N1)	105	A	G	2	0	40	3007	657	43	0.999335	3009	0	TRUE	PB1:cds-XAJ25424.1	GGA	G	GGG	G	35
PB1|PP755595.1|A/cattle/Texas/24-008749-003/2024(H5N1)	105	A	G	2	0	40	3007	657	43	0.999335	3009	0	TRUE	PB1-F2:cds-XAJ25425.1	GAA	E	GGA	G	4
PB1|PP755595.1|A/cattle/Texas/24-008749-003/2024(H5N1)	114	T	C	4	2	64	2417	567	44	0.998348	2421	0	TRUE	PB1:cds-XAJ25424.1	TAT	Y	TAC	Y	38
PB1|PP755595.1|A/cattle/Texas/24-008749-003/2024(H5N1)	114	T	C	4	2	64	2417	567	44	0.998348	2421	0	TRUE	PB1-F2:cds-XAJ25425.1	ATA	I	ACA	T	7
PB1|PP755595.1|A/cattle/Texas/24-008749-003/2024(H5N1)	117	C	A	0	0	0	2409	566	44	0.99917	2411	0	TRUE	PB1:cds-XAJ25424.1	ACC	T	ACA	T	39
PB1|PP755595.1|A/cattle/Texas/24-008749-003/2024(H5N1)	117	C	A	0	0	0	2409	566	44	0.99917	2411	0	TRUE	PB1-F2:cds-XAJ25425.1	CCA	P	CAA	Q	8
PB1|PP755595.1|A/cattle/Texas/24-008749-003/2024(H5N1)	129	T	C	4	2	46	2426	785	44	0.997943	2431	0	TRUE	PB1:cds-XAJ25424.1	GTT	V	GTC	V	43
PB1|PP755595.1|A/cattle/Texas/24-008749-003/2024(H5N1)	129	T	C	4	2	46	2426	785	44	0.997943	2431	0	TRUE	PB1-F2:cds-XAJ25425.1	TTA	L	TCA	S	12
PB1|PP755595.1|A/cattle/Texas/24-008749-003/2024(H5N1)	147	T	C	3	0	31	1030	396	44	0.997096	1033	0	TRUE	PB1:cds-XAJ25424.1	TAT	Y	TAC	Y	49
PB1|PP755595.1|A/cattle/Texas/24-008749-003/2024(H5N1)	147	T	C	3	0	31	1030	396	44	0.997096	1033	0	TRUE	PB1-F2:cds-XAJ25425.1	ATT	I	ACT	T	18
PB1|PP755595.1|A/cattle/Texas/24-008749-003/2024(H5N1)	151	G	-A	960	339	39	40	0	20	0.0331126	1208	2.66444e-06	TRUE	NA	NA	NA	NA	NA	NA
PB1|PP755595.1|A/cattle/Texas/24-008749-003/2024(H5N1)	153	A	G	4	1	58	704	278	43	0.99435	708	0	TRUE	PB1:cds-XAJ25424.1	GAA	E	GAG	E	51
PB1|PP755595.1|A/cattle/Texas/24-008749-003/2024(H5N1)	153	A	G	4	1	58	704	278	43	0.99435	708	0	TRUE	PB1-F2:cds-XAJ25425.1	AAA	K	AGA	R	20
PB1|PP755595.1|A/cattle/Texas/24-008749-003/2024(H5N1)	156	A	G	7	4	44	695	276	43	0.987216	704	0	TRUE	PB1:cds-XAJ25424.1	AAA	K	AAG	K	52
PB1|PP755595.1|A/cattle/Texas/24-008749-003/2024(H5N1)	156	A	G	7	4	44	695	276	43	0.987216	704	0	TRUE	PB1-F2:cds-XAJ25425.1	AAG	K	AGG	R	21
PB1|PP755595.1|A/cattle/Texas/24-008749-003/2024(H5N1)	159	G	A	43	18	39	704	289	45	0.942436	747	0	TRUE	PB1:cds-XAJ25424.1	GGG	G	GGA	G	53
PB1|PP755595.1|A/cattle/Texas/24-008749-003/2024(H5N1)	159	G	A	43	18	39	704	289	45	0.942436	747	0	TRUE	PB1-F2:cds-XAJ25425.1	GGA	G	GAA	E	22
PB1|PP755595.1|A/cattle/Texas/24-008749-003/2024(H5N1)	159	G	+A	43	18	39	10	0	20	0.0112867	886	4.36375e-09	TRUE	NA	NA	NA	NA	NA	NA
PB1|PP755595.1|A/cattle/Texas/24-008749-003/2024(H5N1)	160	A	-AAT	717	314	45	34	0	20	0.0357895	950	2.43938e-06	TRUE	NA	NA	NA	NA	NA	NA
PB1|PP755595.1|A/cattle/Texas/24-008749-003/2024(H5N1)	175	T	A	0	0	0	700	354	47	0.998573	701	0	TRUE	PB1:cds-XAJ25424.1	TCA	S	ACA	T	59
PB1|PP755595.1|A/cattle/Texas/24-008749-003/2024(H5N1)	175	T	A	0	0	0	700	354	47	0.998573	701	0	TRUE	PB1-F2:cds-XAJ25425.1	ACT	T	ACA	T	27
PB1|PP755595.1|A/cattle/Texas/24-008749-003/2024(H5N1)	186	G	A	0	0	0	667	344	47	1	667	0	TRUE	PB1:cds-XAJ25424.1	GGG	G	GGA	G	62
PB1|PP755595.1|A/cattle/Texas/24-008749-003/2024(H5N1)	186	G	A	0	0	0	667	344	47	1	667	0	TRUE	PB1-F2:cds-XAJ25425.1	GGG	G	GAG	E	31
PB1|PP755595.1|A/cattle/Texas/24-008749-003/2024(H5N1)	193	C	A	545	346	42	12	0	28	0.021544	557	0.0455388	FALSE	PB1:cds-XAJ25424.1	CAA	Q	AAA	K	65
PB1|PP755595.1|A/cattle/Texas/24-008749-003/2024(H5N1)	193	C	A	545	346	42	12	0	28	0.021544	557	0.0455388	FALSE	PB1-F2:cds-XAJ25425.1	CTC	L	CTA	L	33
PB1|PP755595.1|A/cattle/Texas/24-008749-003/2024(H5N1)	201	T	C	0	0	0	543	281	42	0.994505	546	0	TRUE	PB1:cds-XAJ25424.1	AAT	N	AAC	N	67
PB1|PP755595.1|A/cattle/Texas/24-008749-003/2024(H5N1)	201	T	C	0	0	0	543	281	42	0.994505	546	0	TRUE	PB1-F2:cds-XAJ25425.1	ATC	I	ACC	T	36
PB1|PP755595.1|A/cattle/Texas/24-008749-003/2024(H5N1)	213	A	G	0	0	0	359	196	41	1	359	1.24155e-226	TRUE	PB1:cds-XAJ25424.1	GGA	G	GGG	G	71
PB1|PP755595.1|A/cattle/Texas/24-008749-003/2024(H5N1)	213	A	G	0	0	0	359	196	41	1	359	1.24155e-226	TRUE	PB1-F2:cds-XAJ25425.1	GAC	D	GGC	G	40
PB1|PP755595.1|A/cattle/Texas/24-008749-003/2024(H5N1)	217	T	C	2	0	20	327	202	41	0.993921	329	3.00316e-199	TRUE	PB1:cds-XAJ25424.1	TTG	L	CTG	L	73
PB1|PP755595.1|A/cattle/Texas/24-008749-003/2024(H5N1)	217	T	C	2	0	20	327	202	41	0.993921	329	3.00316e-199	TRUE	PB1-F2:cds-XAJ25425.1	CAT	H	CAC	H	41
PB1|PP755595.1|A/cattle/Texas/24-008749-003/2024(H5N1)	219	G	A	1	1	40	328	202	41	0.99696	329	1.24166e-202	TRUE	PB1:cds-XAJ25424.1	TTG	L	TTA	L	73
PB1|PP755595.1|A/cattle/Texas/24-008749-003/2024(H5N1)	219	G	A	1	1	40	328	202	41	0.99696	329	1.24166e-202	TRUE	PB1-F2:cds-XAJ25425.1	TGC	C	TAC	Y	42
PB1|PP755595.1|A/cattle/Texas/24-008749-003/2024(H5N1)	225	T	G	0	0	0	350	210	41	1	350	1.52355e-217	TRUE	PB1:cds-XAJ25424.1	GAT	D	GAG	E	75
PB1|PP755595.1|A/cattle/Texas/24-008749-003/2024(H5N1)	225	T	G	0	0	0	350	210	41	1	350	1.52355e-217	TRUE	PB1-F2:cds-XAJ25425.1	ATG	M	AGG	R	44
PB1|PP755595.1|A/cattle/Texas/24-008749-003/2024(H5N1)	231	T	C	0	0	0	353	209	42	1	353	1.2345e-219	TRUE	PB1:cds-XAJ25424.1	AAT	N	AAC	N	77
PB1|PP755595.1|A/cattle/Texas/24-008749-003/2024(H5N1)	231	T	C	0	0	0	353	209	42	1	353	1.2345e-219	TRUE	PB1-F2:cds-XAJ25425.1	ATG	M	ACG	T	46
PB1|PP755595.1|A/cattle/Texas/24-008749-003/2024(H5N1)	234	G	A	0	0	0	351	210	41	1	351	3.94192e-220	TRUE	PB1:cds-XAJ25424.1	GAG	E	GAA	E	78
PB1|PP755595.1|A/cattle/Texas/24-008749-003/2024(H5N1)	234	G	A	0	0	0	351	210	41	1	351	3.94192e-220	TRUE	PB1-F2:cds-XAJ25425.1	AGC	S	AAC	N	47
PB1|PP755595.1|A/cattle/Texas/24-008749-003/2024(H5N1)	240	T	C	1	0	40	385	220	42	0.997409	386	5.41134e-240	TRUE	PB1:cds-XAJ25424.1	AGT	S	AGC	S	80
PB1|PP755595.1|A/cattle/Texas/24-008749-003/2024(H5N1)	240	T	C	1	0	40	385	220	42	0.997409	386	5.41134e-240	TRUE	PB1-F2:cds-XAJ25425.1	GTG	V	GCG	A	49
PB1|PP755595.1|A/cattle/Texas/24-008749-003/2024(H5N1)	249	A	G	394	219	42	4	1	36	0.0100251	399	0.0499983	FALSE	PB1:cds-XAJ25424.1	GCA	A	GCG	A	83
PB1|PP755595.1|A/cattle/Texas/24-008749-003/2024(H5N1)	249	A	G	394	219	42	4	1	36	0.0100251	399	0.0499983	FALSE	PB1-F2:cds-XAJ25425.1	CAC	H	CGC	R	52
PB1|PP755595.1|A/cattle/Texas/24-008749-003/2024(H5N1)	255	G	A	1	0	40	309	157	42	0.996774	310	1.28748e-192	TRUE	PB1:cds-XAJ25424.1	ACG	T	ACA	T	85
PB1|PP755595.1|A/cattle/Texas/24-008749-003/2024(H5N1)	255	G	A	1	0	40	309	157	42	0.996774	310	1.28748e-192	TRUE	PB1-F2:cds-XAJ25425.1	CGG	R	CAG	Q	54
PB1|PP755595.1|A/cattle/Texas/24-008749-003/2024(H5N1)	258	C	T	0	0	0	308	156	42	1	308	3.16114e-194	TRUE	PB1:cds-XAJ25424.1	GAC	D	GAT	D	86
PB1|PP755595.1|A/cattle/Texas/24-008749-003/2024(H5N1)	258	C	T	0	0	0	308	156	42	1	308	3.16114e-194	TRUE	PB1-F2:cds-XAJ25425.1	ACT	T	ATT	I	55
PB1|PP755595.1|A/cattle/Texas/24-008749-003/2024(H5N1)	264	C	G	0	0	0	311	158	43	1	311	3.41336e-195	TRUE	PB1:cds-XAJ25424.1	GTC	V	GTG	V	88
PB1|PP755595.1|A/cattle/Texas/24-008749-003/2024(H5N1)	264	C	G	0	0	0	311	158	43	1	311	3.41336e-195	TRUE	PB1-F2:cds-XAJ25425.1	TCC	S	TGC	C	57
PB1|PP755595.1|A/cattle/Texas/24-008749-003/2024(H5N1)	265	C	T	0	0	0	305	151	42	1	305	2.97274e-193	TRUE	PB1:cds-XAJ25424.1	CTT	L	TTT	F	89
PB1|PP755595.1|A/cattle/Texas/24-008749-003/2024(H5N1)	265	C	T	0	0	0	305	151	42	1	305	2.97274e-193	TRUE	PB1-F2:cds-XAJ25425.1	TCC	S	TCT	S	57
PB1|PP755595.1|A/cattle/Texas/24-008749-003/2024(H5N1)	267	T	G	0	0	0	312	158	43	1	312	1.63089e-195	TRUE	PB1:cds-XAJ25424.1	CTT	L	CTG	L	89
PB1|PP755595.1|A/cattle/Texas/24-008749-003/2024(H5N1)	267	T	G	0	0	0	312	158	43	1	312	1.63089e-195	TRUE	PB1-F2:cds-XAJ25425.1	TTG	L	TGG	W	58
PB1|PP755595.1|A/cattle/Texas/24-008749-003/2024(H5N1)	288	A	T	0	0	0	316	158	43	0.996845	317	3.49428e-207	TRUE	PB1:cds-XAJ25424.1	GAA	E	GAT	D	96
PB1|PP755595.1|A/cattle/Texas/24-008749-003/2024(H5N1)	288	A	T	0	0	0	316	158	43	0.996845	317	3.49428e-207	TRUE	PB1-F2:cds-XAJ25425.1	AAG	K	ATG	M	65
PB1|PP755595.1|A/cattle/Texas/24-008749-003/2024(H5N1)	291	A	G	0	0	0	314	161	43	1	314	1.64336e-202	TRUE	PB1:cds-XAJ25424.1	GAA	E	GAG	E	97
PB1|PP755595.1|A/cattle/Texas/24-008749-003/2024(H5N1)	291	A	G	0	0	0	314	161	43	1	314	1.64336e-202	TRUE	PB1-F2:cds-XAJ25425.1	AAT	N	AGT	S	66
PB1|PP755595.1|A/cattle/Texas/24-008749-003/2024(H5N1)	297	T	C	0	0	0	322	184	42	1	322	1.70349e-219	TRUE	PB1:cds-XAJ25424.1	CAT	H	CAC	H	99
PB1|PP755595.1|A/cattle/Texas/24-008749-003/2024(H5N1)	297	T	C	0	0	0	322	184	42	1	322	1.70349e-219	TRUE	PB1-F2:cds-XAJ25425.1	ATC	I	ACC	T	68
PB1|PP755595.1|A/cattle/Texas/24-008749-003/2024(H5N1)	301	G	T	279	125	40	4	4	36	0.0141343	283	0.0301579	FALSE	PB1:cds-XAJ25424.1	GGA	G	TGA	*	101
PB1|PP755595.1|A/cattle/Texas/24-008749-003/2024(H5N1)	301	G	T	279	125	40	4	4	36	0.0141343	283	0.0301579	FALSE	PB1-F2:cds-XAJ25425.1	CAG	Q	CAT	H	69
PB1|PP755595.1|A/cattle/Texas/24-008749-003/2024(H5N1)	303	A	G	0	0	0	330	183	45	1	330	6.46795e-216	TRUE	PB1:cds-XAJ25424.1	GGA	G	GGG	G	101
PB1|PP755595.1|A/cattle/Texas/24-008749-003/2024(H5N1)	303	A	G	0	0	0	330	183	45	1	330	6.46795e-216	TRUE	PB1-F2:cds-XAJ25425.1	GAA	E	GGA	G	70
PB1|PP755595.1|A/cattle/Texas/24-008749-003/2024(H5N1)	318	G	T	0	0	0	290	153	47	1	290	5.36293e-193	TRUE	PB1:cds-XAJ25424.1	TCG	S	TCT	S	106
PB1|PP755595.1|A/cattle/Texas/24-008749-003/2024(H5N1)	318	G	T	0	0	0	290	153	47	1	290	5.36293e-193	TRUE	PB1-F2:cds-XAJ25425.1	CGT	R	CTT	L	75
PB1|PP755595.1|A/cattle/Texas/24-008749-003/2024(H5N1)	339	T	C	1	1	40	279	155	46	0.996429	280	1.21348e-184	TRUE	PB1:cds-XAJ25424.1	GTT	V	GTC	V	113
PB1|PP755595.1|A/cattle/Texas/24-008749-003/2024(H5N1)	339	T	C	1	1	40	279	155	46	0.996429	280	1.21348e-184	TRUE	PB1-F2:cds-XAJ25425.1	TTG	L	TCG	S	82
PB1|PP755595.1|A/cattle/Texas/24-008749-003/2024(H5N1)	345	A	G	0	0	0	278	163	46	1	278	2.36424e-182	TRUE	PB1:cds-XAJ25424.1	CAA	Q	CAG	Q	115
PB1|PP755595.1|A/cattle/Texas/24-008749-003/2024(H5N1)	345	A	G	0	0	0	278	163	46	1	278	2.36424e-182	TRUE	PB1-F2:cds-XAJ25425.1	AAC	N	AGC	S	84
PB1|PP755595.1|A/cattle/Texas/24-008749-003/2024(H5N1)	363	G	A	2	2	58	193	123	44	0.989744	195	7.09663e-121	TRUE	PB1:cds-XAJ25424.1	AAG	K	AAA	K	121
PB1|PP755595.1|A/cattle/Texas/24-008749-003/2024(H5N1)	363	G	A	2	2	58	193	123	44	0.989744	195	7.09663e-121	TRUE	PB1-F2:cds-XAJ25425.1	AGT	S	AAT	N	90
PB1|PP755595.1|A/cattle/Texas/24-008749-003/2024(H5N1)	364	T	C	0	0	0	198	128	44	1	198	6.75022e-125	TRUE	PB1:cds-XAJ25424.1	TTG	L	CTG	L	122
PB1|PP755595.1|A/cattle/Texas/24-008749-003/2024(H5N1)	364	T	C	0	0	0	198	128	44	1	198	6.75022e-125	TRUE	PB1-F2:cds-XAJ25425.1	AGT	S	AGC	S	90
PB1|PP755595.1|A/cattle/Texas/24-008749-003/2024(H5N1)	366	G	A	0	0	0	197	128	44	1	197	1.42505e-124	TRUE	PB1:cds-XAJ25424.1	TTG	L	TTA	L	122
PB1|PP755595.1|A/cattle/Texas/24-008749-003/2024(H5N1)	366	G	A	0	0	0	197	128	44	1	197	1.42505e-124	TRUE	PB1-F2:cds-XAJ25425.1	TGA	*	TAA	*	91
PB1|PP755595.1|A/cattle/Texas/24-008749-003/2024(H5N1)	369	C	T	1	1	40	197	128	44	0.994949	198	4.19667e-123	TRUE	PB1:cds-XAJ25424.1	ACC	T	ACT	T	123
PB1|PP755595.1|A/cattle/Texas/24-008749-003/2024(H5N1)	375	C	T	0	0	0	201	131	44	1	201	5.55319e-127	TRUE	PB1:cds-XAJ25424.1	GGC	G	GGT	G	125
PB1|PP755595.1|A/cattle/Texas/24-008749-003/2024(H5N1)	378	T	C	0	0	0	202	131	43	1	202	2.0556e-128	TRUE	PB1:cds-XAJ25424.1	CGT	R	CGC	R	126
PB1|PP755595.1|A/cattle/Texas/24-008749-003/2024(H5N1)	384	T	C	0	0	0	237	150	45	1	237	2.50984e-153	TRUE	PB1:cds-XAJ25424.1	ACT	T	ACC	T	128
PB1|PP755595.1|A/cattle/Texas/24-008749-003/2024(H5N1)	397	T	C	0	0	0	236	149	45	1	236	2.25225e-151	TRUE	PB1:cds-XAJ25424.1	TTA	L	CTA	L	133
PB1|PP755595.1|A/cattle/Texas/24-008749-003/2024(H5N1)	402	C	T	0	0	0	231	146	43	1	231	6.73678e-149	TRUE	PB1:cds-XAJ25424.1	AAC	N	AAT	N	134
PB1|PP755595.1|A/cattle/Texas/24-008749-003/2024(H5N1)	408	T	C	0	0	0	227	147	43	0.995614	228	7.43494e-145	TRUE	PB1:cds-XAJ25424.1	AAT	N	AAC	N	136
PB1|PP755595.1|A/cattle/Texas/24-008749-003/2024(H5N1)	411	G	A	0	0	0	229	149	43	1	229	3.09593e-145	TRUE	PB1:cds-XAJ25424.1	CAG	Q	CAA	Q	137
PB1|PP755595.1|A/cattle/Texas/24-008749-003/2024(H5N1)	414	G	A	0	0	0	228	147	44	1	228	6.57041e-145	TRUE	PB1:cds-XAJ25424.1	CCG	P	CCA	P	138
PB1|PP755595.1|A/cattle/Texas/24-008749-003/2024(H5N1)	426	A	C	0	0	0	129	80	40	1	129	7.42653e-81	TRUE	PB1:cds-XAJ25424.1	GCA	A	GCC	A	142
PB1|PP755595.1|A/cattle/Texas/24-008749-003/2024(H5N1)	427	T	C	0	0	0	133	80	42	1	133	1.49344e-81	TRUE	PB1:cds-XAJ25424.1	TTA	L	CTA	L	143
PB1|PP755595.1|A/cattle/Texas/24-008749-003/2024(H5N1)	429	A	G	0	0	0	130	78	41	1	130	1.30675e-80	TRUE	PB1:cds-XAJ25424.1	TTA	L	TTG	L	143
PB1|PP755595.1|A/cattle/Texas/24-008749-003/2024(H5N1)	432	T	C	0	0	0	136	87	41	1	136	4.57797e-85	TRUE	PB1:cds-XAJ25424.1	GCT	A	GCC	A	144
PB1|PP755595.1|A/cattle/Texas/24-008749-003/2024(H5N1)	435	T	C	1	1	40	137	89	42	0.992754	138	8.44429e-94	TRUE	PB1:cds-XAJ25424.1	AAT	N	AAC	N	145
PB1|PP755595.1|A/cattle/Texas/24-008749-003/2024(H5N1)	456	G	A	1	1	40	238	102	42	0.995816	239	1.47665e-148	TRUE	PB1:cds-XAJ25424.1	TCG	S	TCA	S	152
PB1|PP755595.1|A/cattle/Texas/24-008749-003/2024(H5N1)	460	G	A	2	0	40	234	101	42	0.991525	236	3.51981e-145	TRUE	PB1:cds-XAJ25424.1	GGT	G	AGT	S	154
PB1|PP755595.1|A/cattle/Texas/24-008749-003/2024(H5N1)	465	T	A	0	0	0	252	104	40	0.996047	253	1.5526e-158	TRUE	PB1:cds-XAJ25424.1	CTT	L	CTA	L	155
PB1|PP755595.1|A/cattle/Texas/24-008749-003/2024(H5N1)	471	T	C	0	0	0	240	94	42	1	240	2.49393e-154	TRUE	PB1:cds-XAJ25424.1	GCT	A	GCC	A	157
PB1|PP755595.1|A/cattle/Texas/24-008749-003/2024(H5N1)	480	A	G	0	0	0	232	87	43	1	232	5.83184e-149	TRUE	PB1:cds-XAJ25424.1	TCA	S	TCG	S	160
PB1|PP755595.1|A/cattle/Texas/24-008749-003/2024(H5N1)	483	A	G	0	0	0	227	82	40	1	227	5.08389e-147	TRUE	PB1:cds-XAJ25424.1	GGA	G	GGG	G	161
PB1|PP755595.1|A/cattle/Texas/24-008749-003/2024(H5N1)	486	G	A	0	0	0	231	92	43	1	231	3.08858e-150	TRUE	PB1:cds-XAJ25424.1	AGG	R	AGA	R	162
PB1|PP755595.1|A/cattle/Texas/24-008749-003/2024(H5N1)	501	C	A	200	97	39	4	0	24	0.0196078	204	0.197421	FALSE	PB1:cds-XAJ25424.1	CTC	L	CTA	L	167
PB1|PP755595.1|A/cattle/Texas/24-008749-003/2024(H5N1)	511	G	A	0	0	0	227	79	44	1	227	6.41388e-150	TRUE	PB1:cds-XAJ25424.1	GTG	V	ATG	M	171
PB1|PP755595.1|A/cattle/Texas/24-008749-003/2024(H5N1)	516	A	C	0	0	0	217	75	44	1	217	8.93076e-142	TRUE	PB1:cds-XAJ25424.1	GAA	E	GAC	D	172
PB1|PP755595.1|A/cattle/Texas/24-008749-003/2024(H5N1)	531	G	A	0	0	0	212	85	46	1	212	2.81232e-139	TRUE	PB1:cds-XAJ25424.1	GAG	E	GAA	E	177
PB1|PP755595.1|A/cattle/Texas/24-008749-003/2024(H5N1)	537	A	G	1	0	24	215	99	46	0.99537	216	5.734e-138	TRUE	PB1:cds-XAJ25424.1	ATA	I	ATG	M	179
PB1|PP755595.1|A/cattle/Texas/24-008749-003/2024(H5N1)	549	G	A	0	0	0	211	98	46	1	211	3.40927e-139	TRUE	PB1:cds-XAJ25424.1	ACG	T	ACA	T	183
PB1|PP755595.1|A/cattle/Texas/24-008749-003/2024(H5N1)	555	C	A	186	102	40	2	0	24	0.0106383	188	0.581808	FALSE	PB1:cds-XAJ25424.1	TTC	F	TTA	L	185
PB1|PP755595.1|A/cattle/Texas/24-008749-003/2024(H5N1)	558	A	G	0	0	0	184	81	43	1	184	4.55218e-122	TRUE	PB1:cds-XAJ25424.1	CAA	Q	CAG	Q	186
PB1|PP755595.1|A/cattle/Texas/24-008749-003/2024(H5N1)	561	G	A	0	0	0	192	88	44	1	192	4.43224e-125	TRUE	PB1:cds-XAJ25424.1	AGG	R	AGA	R	187
PB1|PP755595.1|A/cattle/Texas/24-008749-003/2024(H5N1)	564	A	G	1	0	24	189	86	44	0.994737	190	4.87066e-122	TRUE	PB1:cds-XAJ25424.1	AAA	K	AAG	K	188
PB1|PP755595.1|A/cattle/Texas/24-008749-003/2024(H5N1)	573	G	A	0	0	0	183	93	45	1	183	3.13527e-122	TRUE	PB1:cds-XAJ25424.1	GTG	V	GTA	V	191
PB1|PP755595.1|A/cattle/Texas/24-008749-003/2024(H5N1)	575	G	T	154	66	41	3	3	29	0.0191083	157	0.339602	FALSE	PB1:cds-XAJ25424.1	AGA	R	ATA	I	192
PB1|PP755595.1|A/cattle/Texas/24-008749-003/2024(H5N1)	576	A	G	1	1	80	184	93	46	0.994595	185	5.02832e-119	TRUE	PB1:cds-XAJ25424.1	AGA	R	AGG	R	192
PB1|PP755595.1|A/cattle/Texas/24-008749-003/2024(H5N1)	590	A	-G	143	101	42	3	0	20	0.0192308	156	0.28909	FALSE	NA	NA	NA	NA	NA	NA
PB1|PP755595.1|A/cattle/Texas/24-008749-003/2024(H5N1)	591	G	A	0	0	0	139	98	42	1	139	1.04308e-87	TRUE	PB1:cds-XAJ25424.1	AAG	K	AAA	K	197
PB1|PP755595.1|A/cattle/Texas/24-008749-003/2024(H5N1)	607	C	A	0	0	0	112	90	41	1	112	3.17665e-69	TRUE	PB1:cds-XAJ25424.1	CGG	R	AGG	R	203
PB1|PP755595.1|A/cattle/Texas/24-008749-003/2024(H5N1)	609	G	A	0	0	0	113	91	41	1	113	2.99135e-69	TRUE	PB1:cds-XAJ25424.1	CGG	R	CGA	R	203
PB1|PP755595.1|A/cattle/Texas/24-008749-003/2024(H5N1)	612	G	A	0	0	0	114	91	41	1	114	1.46358e-69	TRUE	PB1:cds-XAJ25424.1	ACG	T	ACA	T	204
PB1|PP755595.1|A/cattle/Texas/24-008749-003/2024(H5N1)	620	A	G	1	1	40	133	105	40	0.992537	134	1.02982e-79	TRUE	PB1:cds-XAJ25424.1	AAG	K	AGG	R	207
PB1|PP755595.1|A/cattle/Texas/24-008749-003/2024(H5N1)	633	G	A	0	0	0	107	92	39	1	107	4.56155e-65	TRUE	PB1:cds-XAJ25424.1	AGG	R	AGA	R	211
PB1|PP755595.1|A/cattle/Texas/24-008749-003/2024(H5N1)	634	T	C	0	0	0	107	92	37	1	107	1.39439e-63	TRUE	PB1:cds-XAJ25424.1	TTA	L	CTA	L	212
PB1|PP755595.1|A/cattle/Texas/24-008749-003/2024(H5N1)	642	A	T	0	0	0	2	2	32	0.021978	91	0.000176336	TRUE	PB1:cds-XAJ25424.1	AAA	K	AAT	N	214
PB1|PP755595.1|A/cattle/Texas/24-008749-003/2024(H5N1)	642	A	G	0	0	0	89	74	35	0.978022	91	1.34306e-57	TRUE	PB1:cds-XAJ25424.1	AAA	K	AAG	K	214
PB1|PP755595.1|A/cattle/Texas/24-008749-003/2024(H5N1)	651	T	C	0	0	0	80	70	39	1	80	2.76667e-48	TRUE	PB1:cds-XAJ25424.1	TAT	Y	TAC	Y	217
PB1|PP755595.1|A/cattle/Texas/24-008749-003/2024(H5N1)	652	C	T	0	0	0	81	69	39	1	81	1.37485e-48	TRUE	PB1:cds-XAJ25424.1	CTG	L	TTG	L	218
PB1|PP755595.1|A/cattle/Texas/24-008749-003/2024(H5N1)	654	G	A	0	0	0	83	71	39	1	83	3.45795e-49	TRUE	PB1:cds-XAJ25424.1	CTG	L	CTA	L	218
PB1|PP755595.1|A/cattle/Texas/24-008749-003/2024(H5N1)	664	T	C	0	0	0	109	83	39	1	109	8.79584e-65	TRUE	PB1:cds-XAJ25424.1	TTG	L	CTG	L	222
PB1|PP755595.1|A/cattle/Texas/24-008749-003/2024(H5N1)	675	C	T	0	0	0	110	78	38	1	110	1.1045e-65	TRUE	PB1:cds-XAJ25424.1	AAC	N	AAT	N	225
PB1|PP755595.1|A/cattle/Texas/24-008749-003/2024(H5N1)	690	C	T	0	0	0	100	68	39	1	100	5.54937e-60	TRUE	PB1:cds-XAJ25424.1	GAC	D	GAT	D	230
PB1|PP755595.1|A/cattle/Texas/24-008749-003/2024(H5N1)	693	C	T	1	0	40	100	70	39	0.990099	101	2.83018e-58	TRUE	PB1:cds-XAJ25424.1	GCC	A	GCT	A	231
PB1|PP755595.1|A/cattle/Texas/24-008749-003/2024(H5N1)	708	A	G	0	0	0	100	61	38	1	100	3.71255e-61	TRUE	PB1:cds-XAJ25424.1	TTA	L	TTG	L	236
PB1|PP755595.1|A/cattle/Texas/24-008749-003/2024(H5N1)	715	A	C	0	0	0	102	63	39	1	102	6.97089e-61	TRUE	PB1:cds-XAJ25424.1	AGG	R	CGG	R	239
PB1|PP755595.1|A/cattle/Texas/24-008749-003/2024(H5N1)	720	A	G	0	0	0	103	62	39	1	103	1.75122e-61	TRUE	PB1:cds-XAJ25424.1	GCA	A	GCG	A	240
PB1|PP755595.1|A/cattle/Texas/24-008749-003/2024(H5N1)	732	C	A	0	0	0	80	34	39	1	80	1.08642e-47	TRUE	PB1:cds-XAJ25424.1	CCC	P	CCA	P	244
PB1|PP755595.1|A/cattle/Texas/24-008749-003/2024(H5N1)	735	A	G	0	0	0	81	34	39	1	81	5.46586e-48	TRUE	PB1:cds-XAJ25424.1	GGA	G	GGG	G	245
PB1|PP755595.1|A/cattle/Texas/24-008749-003/2024(H5N1)	736	A	G	79	33	38	1	1	40	0.0125	80	0.5	FALSE	PB1:cds-XAJ25424.1	ATG	M	GTG	V	246
PB1|PP755595.1|A/cattle/Texas/24-008749-003/2024(H5N1)	741	A	G	0	0	0	80	34	39	1	80	1.08642e-47	TRUE	PB1:cds-XAJ25424.1	CAA	Q	CAG	Q	247
PB1|PP755595.1|A/cattle/Texas/24-008749-003/2024(H5N1)	744	C	T	0	0	0	81	34	39	1	81	5.46586e-48	TRUE	PB1:cds-XAJ25424.1	ATC	I	ATT	I	248
PB1|PP755595.1|A/cattle/Texas/24-008749-003/2024(H5N1)	750	G	A	0	0	0	104	38	39	1	104	5.65725e-63	TRUE	PB1:cds-XAJ25424.1	GGG	G	GGA	G	250
PB1|PP755595.1|A/cattle/Texas/24-008749-003/2024(H5N1)	765	T	C	0	0	0	110	36	39	1	110	5.54749e-66	TRUE	PB1:cds-XAJ25424.1	GTT	V	GTC	V	255
PB1|PP755595.1|A/cattle/Texas/24-008749-003/2024(H5N1)	772	T	C	0	0	0	104	33	40	1	104	2.21013e-62	TRUE	PB1:cds-XAJ25424.1	TTA	L	CTA	L	258
PB1|PP755595.1|A/cattle/Texas/24-008749-003/2024(H5N1)	774	A	G	0	0	0	102	31	38	1	102	1.20349e-62	TRUE	PB1:cds-XAJ25424.1	TTA	L	TTG	L	258
PB1|PP755595.1|A/cattle/Texas/24-008749-003/2024(H5N1)	786	T	C	0	0	0	113	28	39	1	113	1.7491e-67	TRUE	PB1:cds-XAJ25424.1	ATT	I	ATC	I	262
PB1|PP755595.1|A/cattle/Texas/24-008749-003/2024(H5N1)	792	G	A	0	0	0	111	28	39	1	111	3.56068e-67	TRUE	PB1:cds-XAJ25424.1	GAG	E	GAA	E	264
PB1|PP755595.1|A/cattle/Texas/24-008749-003/2024(H5N1)	801	A	G	0	0	0	115	28	39	1	115	5.53787e-69	TRUE	PB1:cds-XAJ25424.1	GAA	E	GAG	E	267
PB1|PP755595.1|A/cattle/Texas/24-008749-003/2024(H5N1)	816	A	T	3	0	24	1	1	40	0.0105263	95	0.031746	FALSE	PB1:cds-XAJ25424.1	CCA	P	CCT	P	272
PB1|PP755595.1|A/cattle/Texas/24-008749-003/2024(H5N1)	816	A	C	3	0	24	91	23	33	0.957895	95	3.40497e-58	TRUE	PB1:cds-XAJ25424.1	CCA	P	CCC	P	272
PB1|PP755595.1|A/cattle/Texas/24-008749-003/2024(H5N1)	825	C	G	0	0	0	121	28	41	1	121	9.32238e-79	TRUE	PB1:cds-XAJ25424.1	GGC	G	GGG	G	275
PB1|PP755595.1|A/cattle/Texas/24-008749-003/2024(H5N1)	831	A	G	0	0	0	128	32	42	1	128	1.02618e-82	TRUE	PB1:cds-XAJ25424.1	GAA	E	GAG	E	277
PB1|PP755595.1|A/cattle/Texas/24-008749-003/2024(H5N1)	840	C	T	0	0	0	137	42	43	1	137	3.16058e-86	TRUE	PB1:cds-XAJ25424.1	GCC	A	GCT	A	280
PB1|PP755595.1|A/cattle/Texas/24-008749-003/2024(H5N1)	844	C	T	0	0	0	135	40	43	1	135	3.99686e-86	TRUE	PB1:cds-XAJ25424.1	CTA	L	TTA	L	282
PB1|PP755595.1|A/cattle/Texas/24-008749-003/2024(H5N1)	846	A	G	0	0	0	135	40	43	1	135	3.3204e-87	TRUE	PB1:cds-XAJ25424.1	CTA	L	CTG	L	282
PB1|PP755595.1|A/cattle/Texas/24-008749-003/2024(H5N1)	855	T	C	0	0	0	154	58	44	0.993548	155	2.26797e-103	TRUE	PB1:cds-XAJ25424.1	GTT	V	GTC	V	285
PB1|PP755595.1|A/cattle/Texas/24-008749-003/2024(H5N1)	863	A	G	161	64	46	3	0	40	0.0182927	164	0.093598	FALSE	PB1:cds-XAJ25424.1	AAG	K	AGG	R	288
PB1|PP755595.1|A/cattle/Texas/24-008749-003/2024(H5N1)	864	G	A	0	0	0	163	67	45	1	163	1.37142e-109	TRUE	PB1:cds-XAJ25424.1	AAG	K	AAA	K	288
PB1|PP755595.1|A/cattle/Texas/24-008749-003/2024(H5N1)	876	T	C	0	0	0	159	82	46	1	159	8.0783e-104	TRUE	PB1:cds-XAJ25424.1	AAT	N	AAC	N	292
PB1|PP755595.1|A/cattle/Texas/24-008749-003/2024(H5N1)	879	G	A	0	0	0	162	89	46	1	162	1.77473e-108	TRUE	PB1:cds-XAJ25424.1	TCG	S	TCA	S	293
PB1|PP755595.1|A/cattle/Texas/24-008749-003/2024(H5N1)	885	C	T	0	0	0	191	97	46	1	191	7.77705e-131	TRUE	PB1:cds-XAJ25424.1	GAC	D	GAT	D	295
PB1|PP755595.1|A/cattle/Texas/24-008749-003/2024(H5N1)	897	T	C	0	0	0	212	101	41	1	212	5.14126e-139	TRUE	PB1:cds-XAJ25424.1	TCT	S	TCC	S	299
PB1|PP755595.1|A/cattle/Texas/24-008749-003/2024(H5N1)	906	C	T	0	0	0	226	97	42	1	226	9.31753e-142	TRUE	PB1:cds-XAJ25424.1	ATC	I	ATT	I	302
PB1|PP755595.1|A/cattle/Texas/24-008749-003/2024(H5N1)	909	G	T	0	0	0	226	97	42	1	226	7.11652e-143	TRUE	PB1:cds-XAJ25424.1	ACG	T	ACT	T	303
PB1|PP755595.1|A/cattle/Texas/24-008749-003/2024(H5N1)	911	G	T	191	53	38	2	2	24	0.0103627	193	0.566619	FALSE	PB1:cds-XAJ25424.1	GGA	G	GTA	V	304
PB1|PP755595.1|A/cattle/Texas/24-008749-003/2024(H5N1)	915	C	T	3	0	40	247	99	42	0.984064	251	3.8332e-152	TRUE	PB1:cds-XAJ25424.1	GAC	D	GAT	D	305
PB1|PP755595.1|A/cattle/Texas/24-008749-003/2024(H5N1)	921	T	C	0	0	0	264	111	43	1	264	4.41686e-169	TRUE	PB1:cds-XAJ25424.1	ACT	T	ACC	T	307
PB1|PP755595.1|A/cattle/Texas/24-008749-003/2024(H5N1)	936	C	T	0	0	0	276	125	43	1	276	7.26083e-177	TRUE	PB1:cds-XAJ25424.1	AAC	N	AAT	N	312
PB1|PP755595.1|A/cattle/Texas/24-008749-003/2024(H5N1)	939	G	A	0	0	0	275	126	42	1	275	4.47207e-177	TRUE	PB1:cds-XAJ25424.1	CAG	Q	CAA	Q	313
PB1|PP755595.1|A/cattle/Texas/24-008749-003/2024(H5N1)	946	A	C	1	0	24	281	130	43	0.996454	282	7.32832e-180	TRUE	PB1:cds-XAJ25424.1	AGG	R	CGG	R	316
PB1|PP755595.1|A/cattle/Texas/24-008749-003/2024(H5N1)	972	T	C	0	0	0	271	127	44	1	271	2.49712e-177	TRUE	PB1:cds-XAJ25424.1	TAT	Y	TAC	Y	324
PB1|PP755595.1|A/cattle/Texas/24-008749-003/2024(H5N1)	975	A	T	0	0	0	265	124	43	1	265	9.05492e-171	TRUE	PB1:cds-XAJ25424.1	ATA	I	ATT	I	325
PB1|PP755595.1|A/cattle/Texas/24-008749-003/2024(H5N1)	981	G	A	0	0	0	262	117	44	1	262	2.03432e-168	TRUE	PB1:cds-XAJ25424.1	AGG	R	AGA	R	327
PB1|PP755595.1|A/cattle/Texas/24-008749-003/2024(H5N1)	996	G	T	261	110	44	3	3	32	0.0113636	264	0.0987474	FALSE	PB1:cds-XAJ25424.1	TGG	W	TGT	C	332
PB1|PP755595.1|A/cattle/Texas/24-008749-003/2024(H5N1)	999	C	T	0	0	0	254	104	40	1	254	8.91221e-163	TRUE	PB1:cds-XAJ25424.1	TTC	F	TTT	F	333
PB1|PP755595.1|A/cattle/Texas/24-008749-003/2024(H5N1)	1002	G	A	0	0	0	244	95	44	1	244	2.02985e-159	TRUE	PB1:cds-XAJ25424.1	AGG	R	AGA	R	334
PB1|PP755595.1|A/cattle/Texas/24-008749-003/2024(H5N1)	1008	A	C	0	0	0	257	94	44	1	257	3.95093e-165	TRUE	PB1:cds-XAJ25424.1	GTA	V	GTC	V	336
PB1|PP755595.1|A/cattle/Texas/24-008749-003/2024(H5N1)	1014	C	T	0	0	0	267	82	44	1	267	4.06487e-174	TRUE	PB1:cds-XAJ25424.1	AGC	S	AGT	S	338
PB1|PP755595.1|A/cattle/Texas/24-008749-003/2024(H5N1)	1020	A	C	1	0	24	267	77	42	0.996269	268	3.22363e-172	TRUE	PB1:cds-XAJ25424.1	GCA	A	GCC	A	340
PB1|PP755595.1|A/cattle/Texas/24-008749-003/2024(H5N1)	1035	A	G	0	0	0	265	68	41	1	265	1.61227e-165	TRUE	PB1:cds-XAJ25424.1	TCA	S	TCG	S	345
PB1|PP755595.1|A/cattle/Texas/24-008749-003/2024(H5N1)	1047	A	G	1	0	40	221	66	40	0.995495	222	5.68334e-133	TRUE	PB1:cds-XAJ25424.1	GCA	A	GCG	A	349
PB1|PP755595.1|A/cattle/Texas/24-008749-003/2024(H5N1)	1051	C	T	0	0	0	215	64	39	1	215	3.74717e-133	TRUE	PB1:cds-XAJ25424.1	CTA	L	TTA	L	351
PB1|PP755595.1|A/cattle/Texas/24-008749-003/2024(H5N1)	1053	A	G	3	0	40	212	65	39	0.986047	215	2.023e-125	TRUE	PB1:cds-XAJ25424.1	CTA	L	CTG	L	351
PB1|PP755595.1|A/cattle/Texas/24-008749-003/2024(H5N1)	1056	G	A	1	0	40	214	65	40	0.990741	216	2.34524e-129	TRUE	PB1:cds-XAJ25424.1	GGG	G	GGA	G	352
PB1|PP755595.1|A/cattle/Texas/24-008749-003/2024(H5N1)	1062	A	G	0	0	0	218	69	40	1	218	2.2201e-142	TRUE	PB1:cds-XAJ25424.1	GGA	G	GGG	G	354
PB1|PP755595.1|A/cattle/Texas/24-008749-003/2024(H5N1)	1071	C	T	1	0	40	263	80	40	0.992453	265	9.3393e-161	TRUE	PB1:cds-XAJ25424.1	TTC	F	TTT	F	357
PB1|PP755595.1|A/cattle/Texas/24-008749-003/2024(H5N1)	1090	C	T	0	0	0	258	71	40	1	258	2.1597e-156	TRUE	PB1:cds-XAJ25424.1	CTT	L	TTT	F	364
PB1|PP755595.1|A/cattle/Texas/24-008749-003/2024(H5N1)	1092	T	A	0	0	0	257	72	39	0.996124	258	1.705e-155	TRUE	PB1:cds-XAJ25424.1	CTT	L	CTA	L	364
PB1|PP755595.1|A/cattle/Texas/24-008749-003/2024(H5N1)	1095	A	G	0	0	0	257	72	40	1	257	1.50079e-157	TRUE	PB1:cds-XAJ25424.1	CGA	R	CGG	R	365
PB1|PP755595.1|A/cattle/Texas/24-008749-003/2024(H5N1)	1107	G	T	0	0	0	284	80	41	0.996491	285	2.27644e-178	TRUE	PB1:cds-XAJ25424.1	CCG	P	CCT	P	369
PB1|PP755595.1|A/cattle/Texas/24-008749-003/2024(H5N1)	1119	A	T	0	0	0	225	74	39	1	225	1.86882e-139	TRUE	PB1:cds-XAJ25424.1	CTA	L	CTT	L	373
PB1|PP755595.1|A/cattle/Texas/24-008749-003/2024(H5N1)	1122	G	A	0	0	0	230	82	40	1	230	5.07393e-141	TRUE	PB1:cds-XAJ25424.1	GCG	A	GCA	A	374
PB1|PP755595.1|A/cattle/Texas/24-008749-003/2024(H5N1)	1124	G	A	0	0	0	232	82	40	1	232	1.21798e-141	TRUE	PB1:cds-XAJ25424.1	AGC	S	AAC	N	375
PB1|PP755595.1|A/cattle/Texas/24-008749-003/2024(H5N1)	1131	T	C	0	0	0	219	77	38	1	219	1.52737e-137	TRUE	PB1:cds-XAJ25424.1	GAT	D	GAC	D	377
PB1|PP755595.1|A/cattle/Texas/24-008749-003/2024(H5N1)	1132	C	T	1	1	24	222	73	39	0.995516	223	1.94442e-136	TRUE	PB1:cds-XAJ25424.1	CTG	L	TTG	L	378
PB1|PP755595.1|A/cattle/Texas/24-008749-003/2024(H5N1)	1134	G	A	0	0	0	228	81	40	1	228	1.09804e-140	TRUE	PB1:cds-XAJ25424.1	CTG	L	CTA	L	378
PB1|PP755595.1|A/cattle/Texas/24-008749-003/2024(H5N1)	1149	G	A	0	0	0	320	150	46	1	320	2.16414e-210	TRUE	PB1:cds-XAJ25424.1	GAG	E	GAA	E	383
PB1|PP755595.1|A/cattle/Texas/24-008749-003/2024(H5N1)	1158	G	A	0	0	0	309	163	43	1	309	5.41672e-204	TRUE	PB1:cds-XAJ25424.1	AGG	R	AGA	R	386
PB1|PP755595.1|A/cattle/Texas/24-008749-003/2024(H5N1)	1167	A	C	1	0	24	285	170	42	0.996503	286	3.38895e-181	TRUE	PB1:cds-XAJ25424.1	ATA	I	ATC	I	389
PB1|PP755595.1|A/cattle/Texas/24-008749-003/2024(H5N1)	1170	G	A	0	0	0	289	175	44	1	289	1.96183e-184	TRUE	PB1:cds-XAJ25424.1	GAG	E	GAA	E	390
PB1|PP755595.1|A/cattle/Texas/24-008749-003/2024(H5N1)	1173	G	A	0	0	0	290	175	43	1	290	2.60434e-185	TRUE	PB1:cds-XAJ25424.1	AAG	K	AAA	K	391
PB1|PP755595.1|A/cattle/Texas/24-008749-003/2024(H5N1)	1179	A	G	0	0	0	294	181	43	1	294	8.04239e-193	TRUE	PB1:cds-XAJ25424.1	AGA	R	AGG	R	393
PB1|PP755595.1|A/cattle/Texas/24-008749-003/2024(H5N1)	1185	T	A	0	0	0	315	195	43	1	315	1.71202e-212	TRUE	PB1:cds-XAJ25424.1	CTT	L	CTA	L	395
PB1|PP755595.1|A/cattle/Texas/24-008749-003/2024(H5N1)	1197	T	C	0	0	0	336	200	43	1	336	1.71304e-212	TRUE	PB1:cds-XAJ25424.1	GGT	G	GGC	G	399
PB1|PP755595.1|A/cattle/Texas/24-008749-003/2024(H5N1)	1200	G	T	0	0	0	332	197	43	0.994012	334	3.44787e-211	TRUE	PB1:cds-XAJ25424.1	ACG	T	ACT	T	400
PB1|PP755595.1|A/cattle/Texas/24-008749-003/2024(H5N1)	1209	A	G	0	0	0	356	216	43	1	356	6.17886e-226	TRUE	PB1:cds-XAJ25424.1	TTA	L	TTG	L	403
PB1|PP755595.1|A/cattle/Texas/24-008749-003/2024(H5N1)	1212	C	T	0	0	0	358	216	43	0.997214	359	3.71788e-230	TRUE	PB1:cds-XAJ25424.1	AGC	S	AGT	S	404
PB1|PP755595.1|A/cattle/Texas/24-008749-003/2024(H5N1)	1239	C	T	1	1	40	376	214	43	0.997347	377	4.52239e-240	TRUE	PB1:cds-XAJ25424.1	AAC	N	AAT	N	413
PB1|PP755595.1|A/cattle/Texas/24-008749-003/2024(H5N1)	1254	T	A	0	0	0	294	128	44	1	294	1.52793e-188	TRUE	PB1:cds-XAJ25424.1	GTT	V	GTA	V	418
PB1|PP755595.1|A/cattle/Texas/24-008749-003/2024(H5N1)	1255	C	T	0	0	0	292	128	45	1	292	7.05112e-188	TRUE	PB1:cds-XAJ25424.1	CTG	L	TTG	L	419
PB1|PP755595.1|A/cattle/Texas/24-008749-003/2024(H5N1)	1257	G	A	0	0	0	292	133	45	1	292	1.17328e-192	TRUE	PB1:cds-XAJ25424.1	CTG	L	CTA	L	419
PB1|PP755595.1|A/cattle/Texas/24-008749-003/2024(H5N1)	1266	G	A	0	0	0	363	166	46	1	363	1.63072e-238	TRUE	PB1:cds-XAJ25424.1	TCG	S	TCA	S	422
PB1|PP755595.1|A/cattle/Texas/24-008749-003/2024(H5N1)	1269	T	C	2	0	40	365	165	46	0.99455	367	1.10499e-235	TRUE	PB1:cds-XAJ25424.1	ATT	I	ATC	I	423
PB1|PP755595.1|A/cattle/Texas/24-008749-003/2024(H5N1)	1278	A	T	2	0	40	358	166	46	0.994444	360	3.06055e-232	TRUE	PB1:cds-XAJ25424.1	CTA	L	CTT	L	426
PB1|PP755595.1|A/cattle/Texas/24-008749-003/2024(H5N1)	1302	A	C	0	0	0	352	167	46	0.99435	354	1.80599e-235	TRUE	PB1:cds-XAJ25424.1	ACA	T	ACC	T	434
PB1|PP755595.1|A/cattle/Texas/24-008749-003/2024(H5N1)	1323	A	C	2	0	24	387	156	44	0.994859	389	7.11042e-254	TRUE	PB1:cds-XAJ25424.1	CTA	L	CTC	L	441
PB1|PP755595.1|A/cattle/Texas/24-008749-003/2024(H5N1)	1329	T	C	0	0	0	364	144	46	0.99726	365	8.47599e-247	TRUE	PB1:cds-XAJ25424.1	TCT	S	TCC	S	443
PB1|PP755595.1|A/cattle/Texas/24-008749-003/2024(H5N1)	1338	C	T	1	0	40	297	141	43	0.996644	298	7.05025e-188	TRUE	PB1:cds-XAJ25424.1	GAC	D	GAT	D	446
PB1|PP755595.1|A/cattle/Texas/24-008749-003/2024(H5N1)	1341	T	C	0	0	0	290	141	41	1	290	1.13623e-186	TRUE	PB1:cds-XAJ25424.1	TTT	F	TTC	F	447
PB1|PP755595.1|A/cattle/Texas/24-008749-003/2024(H5N1)	1344	T	C	0	0	0	290	140	43	1	290	2.11983e-186	TRUE	PB1:cds-XAJ25424.1	GCT	A	GCC	A	448
PB1|PP755595.1|A/cattle/Texas/24-008749-003/2024(H5N1)	1350	C	A	0	0	0	301	141	43	1	301	6.04537e-192	TRUE	PB1:cds-XAJ25424.1	ATC	I	ATA	I	450
PB1|PP755595.1|A/cattle/Texas/24-008749-003/2024(H5N1)	1353	G	A	0	0	0	297	142	44	1	297	3.03288e-192	TRUE	PB1:cds-XAJ25424.1	GTG	V	GTA	V	451
PB1|PP755595.1|A/cattle/Texas/24-008749-003/2024(H5N1)	1359	T	A	0	0	0	310	145	44	0.996785	311	2.26017e-197	TRUE	PB1:cds-XAJ25424.1	GCT	A	GCA	A	453
PB1|PP755595.1|A/cattle/Texas/24-008749-003/2024(H5N1)	1362	A	G	0	0	0	309	143	43	1	309	2.5591e-197	TRUE	PB1:cds-XAJ25424.1	CCA	P	CCG	P	454
PB1|PP755595.1|A/cattle/Texas/24-008749-003/2024(H5N1)	1389	A	G	0	0	0	338	167	45	1	338	3.71473e-219	TRUE	PB1:cds-XAJ25424.1	GTA	V	GTG	V	463
PB1|PP755595.1|A/cattle/Texas/24-008749-003/2024(H5N1)	1392	C	T	1	0	40	329	163	44	0.99697	330	6.90111e-215	TRUE	PB1:cds-XAJ25424.1	GAC	D	GAT	D	464
PB1|PP755595.1|A/cattle/Texas/24-008749-003/2024(H5N1)	1395	A	G	0	0	0	339	169	46	1	339	1.37268e-230	TRUE	PB1:cds-XAJ25424.1	AGA	R	AGG	R	465
PB1|PP755595.1|A/cattle/Texas/24-008749-003/2024(H5N1)	1404	A	G	0	0	0	382	181	43	1	382	2.38967e-247	TRUE	PB1:cds-XAJ25424.1	AGA	R	AGG	R	468
PB1|PP755595.1|A/cattle/Texas/24-008749-003/2024(H5N1)	1413	G	A	0	0	0	384	160	44	1	384	7.97441e-249	TRUE	PB1:cds-XAJ25424.1	AAG	K	AAA	K	471
PB1|PP755595.1|A/cattle/Texas/24-008749-003/2024(H5N1)	1419	A	C	0	0	0	374	154	44	1	374	4.10006e-244	TRUE	PB1:cds-XAJ25424.1	GTA	V	GTC	V	473
PB1|PP755595.1|A/cattle/Texas/24-008749-003/2024(H5N1)	1422	A	G	0	0	0	380	156	45	1	380	1.22751e-250	TRUE	PB1:cds-XAJ25424.1	GGA	G	GGG	G	474
PB1|PP755595.1|A/cattle/Texas/24-008749-003/2024(H5N1)	1446	A	T	2	0	31	420	176	44	0.995261	422	8.8027e-273	TRUE	PB1:cds-XAJ25424.1	TCA	S	TCT	S	482
PB1|PP755595.1|A/cattle/Texas/24-008749-003/2024(H5N1)	1456	A	C	0	0	0	413	175	45	0.997585	414	5.71262e-273	TRUE	PB1:cds-XAJ25424.1	AGG	R	CGG	R	486
PB1|PP755595.1|A/cattle/Texas/24-008749-003/2024(H5N1)	1461	A	T	1	0	40	408	174	46	0.997555	409	1.50871e-266	TRUE	PB1:cds-XAJ25424.1	ACA	T	ACT	T	487
PB1|PP755595.1|A/cattle/Texas/24-008749-003/2024(H5N1)	1473	A	G	0	0	0	393	183	45	1	393	1.48974e-259	TRUE	PB1:cds-XAJ25424.1	GAA	E	GAG	E	491
PB1|PP755595.1|A/cattle/Texas/24-008749-003/2024(H5N1)	1482	T	C	0	0	0	409	205	44	1	409	1.01934e-268	TRUE	PB1:cds-XAJ25424.1	AGT	S	AGC	S	494
PB1|PP755595.1|A/cattle/Texas/24-008749-003/2024(H5N1)	1497	T	C	427	213	46	21	9	36	0.0467706	449	5.3613e-08	TRUE	PB1:cds-XAJ25424.1	TAT	Y	TAC	Y	499
PB1|PP755595.1|A/cattle/Texas/24-008749-003/2024(H5N1)	1506	A	G	0	0	0	383	176	45	0.994805	385	8.1763e-256	TRUE	PB1:cds-XAJ25424.1	GTA	V	GTG	V	502
PB1|PP755595.1|A/cattle/Texas/24-008749-003/2024(H5N1)	1509	C	T	1	0	40	392	184	47	0.997455	393	2.36168e-256	TRUE	PB1:cds-XAJ25424.1	GCC	A	GCT	A	503
PB1|PP755595.1|A/cattle/Texas/24-008749-003/2024(H5N1)	1512	T	C	0	0	0	392	185	46	1	392	2.5178e-264	TRUE	PB1:cds-XAJ25424.1	AAT	N	AAC	N	504
PB1|PP755595.1|A/cattle/Texas/24-008749-003/2024(H5N1)	1518	C	T	0	0	0	428	190	46	1	428	5.73161e-288	TRUE	PB1:cds-XAJ25424.1	AGC	S	AGT	S	506
PB1|PP755595.1|A/cattle/Texas/24-008749-003/2024(H5N1)	1525	T	C	0	0	0	456	202	45	1	456	7.70686e-301	TRUE	PB1:cds-XAJ25424.1	TTG	L	CTG	L	509
PB1|PP755595.1|A/cattle/Texas/24-008749-003/2024(H5N1)	1542	T	C	0	0	0	449	210	45	1	449	1.76174e-307	TRUE	PB1:cds-XAJ25424.1	GTT	V	GTC	V	514
PB1|PP755595.1|A/cattle/Texas/24-008749-003/2024(H5N1)	1560	T	A	0	0	0	461	235	44	1	461	5.97094e-297	TRUE	PB1:cds-XAJ25424.1	TCT	S	TCA	S	520
PB1|PP755595.1|A/cattle/Texas/24-008749-003/2024(H5N1)	1563	A	T	0	0	0	466	231	43	0.997859	467	4.73539e-301	TRUE	PB1:cds-XAJ25424.1	GCA	A	GCT	A	521
PB1|PP755595.1|A/cattle/Texas/24-008749-003/2024(H5N1)	1578	A	C	0	0	0	483	231	43	0.997934	484	1.70846e-307	TRUE	PB1:cds-XAJ25424.1	GGA	G	GGC	G	526
PB1|PP755595.1|A/cattle/Texas/24-008749-003/2024(H5N1)	1581	A	C	0	0	0	481	232	43	1	481	1.85231e-305	TRUE	PB1:cds-XAJ25424.1	GTA	V	GTC	V	527
PB1|PP755595.1|A/cattle/Texas/24-008749-003/2024(H5N1)	1583	C	A	465	236	40	7	0	28	0.0148305	472	0.277943	FALSE	PB1:cds-XAJ25424.1	ACA	T	AAA	K	528
PB1|PP755595.1|A/cattle/Texas/24-008749-003/2024(H5N1)	1605	C	A	0	0	0	499	236	44	0.998	500	0	TRUE	PB1:cds-XAJ25424.1	ATC	I	ATA	I	535
PB1|PP755595.1|A/cattle/Texas/24-008749-003/2024(H5N1)	1630	G	-CC	474	224	46	12	0	20	0.0212014	566	0.0367358	FALSE	NA	NA	NA	NA	NA	NA
PB1|PP755595.1|A/cattle/Texas/24-008749-003/2024(H5N1)	1632	C	T	4	2	46	455	216	46	0.98913	460	1.45327e-293	TRUE	PB1:cds-XAJ25424.1	GCC	A	GCT	A	544
PB1|PP755595.1|A/cattle/Texas/24-008749-003/2024(H5N1)	1641	T	C	1	1	24	378	187	43	0.984375	384	1.05313e-256	TRUE	PB1:cds-XAJ25424.1	GCT	A	GCC	A	547
PB1|PP755595.1|A/cattle/Texas/24-008749-003/2024(H5N1)	1641	T	A	1	1	24	5	0	27	0.0130208	384	2.855e-09	TRUE	PB1:cds-XAJ25424.1	GCT	A	GCA	A	547
PB1|PP755595.1|A/cattle/Texas/24-008749-003/2024(H5N1)	1644	A	T	1	0	40	403	186	45	0.997525	404	1.9866e-261	TRUE	PB1:cds-XAJ25424.1	CTA	L	CTT	L	548
PB1|PP755595.1|A/cattle/Texas/24-008749-003/2024(H5N1)	1645	C	A	360	190	42	4	0	28	0.010989	364	0.477981	FALSE	PB1:cds-XAJ25424.1	CAG	Q	AAG	K	549
PB1|PP755595.1|A/cattle/Texas/24-008749-003/2024(H5N1)	1647	G	A	0	0	0	404	189	45	1	404	2.57453e-263	TRUE	PB1:cds-XAJ25424.1	CAG	Q	CAA	Q	549
PB1|PP755595.1|A/cattle/Texas/24-008749-003/2024(H5N1)	1659	G	A	3	1	40	439	217	46	0.993213	442	1.20491e-283	TRUE	PB1:cds-XAJ25424.1	AAG	K	AAA	K	553
PB1|PP755595.1|A/cattle/Texas/24-008749-003/2024(H5N1)	1668	A	G	1	1	40	386	202	45	0.997416	387	2.65588e-255	TRUE	PB1:cds-XAJ25424.1	AGA	R	AGG	R	556
PB1|PP755595.1|A/cattle/Texas/24-008749-003/2024(H5N1)	1674	A	G	0	0	0	293	157	44	1	293	5.93495e-192	TRUE	PB1:cds-XAJ25424.1	ACA	T	ACG	T	558
PB1|PP755595.1|A/cattle/Texas/24-008749-003/2024(H5N1)	1677	T	C	1	0	80	296	162	43	0.996633	297	1.24332e-185	TRUE	PB1:cds-XAJ25424.1	TAT	Y	TAC	Y	559
PB1|PP755595.1|A/cattle/Texas/24-008749-003/2024(H5N1)	1680	A	G	0	0	0	296	161	43	1	296	2.83331e-187	TRUE	PB1:cds-XAJ25424.1	CGA	R	CGG	R	560
PB1|PP755595.1|A/cattle/Texas/24-008749-003/2024(H5N1)	1683	T	C	0	0	0	294	161	44	1	294	1.2695e-186	TRUE	PB1:cds-XAJ25424.1	TGT	C	TGC	C	561
PB1|PP755595.1|A/cattle/Texas/24-008749-003/2024(H5N1)	1692	A	T	0	0	0	364	203	45	0.99726	365	9.72334e-237	TRUE	PB1:cds-XAJ25424.1	GGA	G	GGT	G	564
PB1|PP755595.1|A/cattle/Texas/24-008749-003/2024(H5N1)	1710	A	T	0	0	0	7	7	26	0.0205882	340	4.96763e-13	TRUE	PB1:cds-XAJ25424.1	ACA	T	ACT	T	570
PB1|PP755595.1|A/cattle/Texas/24-008749-003/2024(H5N1)	1710	A	G	0	0	0	333	173	40	0.979412	340	2.05673e-228	TRUE	PB1:cds-XAJ25424.1	ACA	T	ACG	T	570
PB1|PP755595.1|A/cattle/Texas/24-008749-003/2024(H5N1)	1713	G	T	316	152	37	7	7	26	0.0216718	323	0.130708	FALSE	PB1:cds-XAJ25424.1	AGG	R	AGT	S	571
PB1|PP755595.1|A/cattle/Texas/24-008749-003/2024(H5N1)	1716	G	A	1	1	80	366	216	43	0.997275	367	4.07965e-235	TRUE	PB1:cds-XAJ25424.1	AGG	R	AGA	R	572
PB1|PP755595.1|A/cattle/Texas/24-008749-003/2024(H5N1)	1731	A	G	1	1	40	357	229	41	0.997207	358	2.58138e-222	TRUE	PB1:cds-XAJ25424.1	AAA	K	AAG	K	577
PB1|PP755595.1|A/cattle/Texas/24-008749-003/2024(H5N1)	1735	T	C	0	0	0	346	236	41	1	346	5.4533e-214	TRUE	PB1:cds-XAJ25424.1	TTA	L	CTA	L	579
PB1|PP755595.1|A/cattle/Texas/24-008749-003/2024(H5N1)	1737	A	G	0	0	0	348	235	40	1	348	4.87589e-214	TRUE	PB1:cds-XAJ25424.1	TTA	L	TTG	L	579
PB1|PP755595.1|A/cattle/Texas/24-008749-003/2024(H5N1)	1746	A	G	0	0	0	371	251	40	1	371	1.30148e-229	TRUE	PB1:cds-XAJ25424.1	CAA	Q	CAG	Q	582
PB1|PP755595.1|A/cattle/Texas/24-008749-003/2024(H5N1)	1752	C	T	1	1	40	344	226	39	0.997101	345	2.20429e-209	TRUE	PB1:cds-XAJ25424.1	CGC	R	CGT	R	584
PB1|PP755595.1|A/cattle/Texas/24-008749-003/2024(H5N1)	1758	A	G	0	0	0	285	179	39	1	285	2.90175e-175	TRUE	PB1:cds-XAJ25424.1	AAA	K	AAG	K	586
PB1|PP755595.1|A/cattle/Texas/24-008749-003/2024(H5N1)	1759	C	G	0	0	0	294	188	39	1	294	1.90768e-177	TRUE	PB1:cds-XAJ25424.1	CCA	P	GCA	A	587
PB1|PP755595.1|A/cattle/Texas/24-008749-003/2024(H5N1)	1768	C	T	0	0	0	349	189	38	1	349	1.03537e-211	TRUE	PB1:cds-XAJ25424.1	CTG	L	TTG	L	590
PB1|PP755595.1|A/cattle/Texas/24-008749-003/2024(H5N1)	1773	C	G	0	0	0	354	192	38	1	354	3.12295e-213	TRUE	PB1:cds-XAJ25424.1	GTC	V	GTG	V	591
PB1|PP755595.1|A/cattle/Texas/24-008749-003/2024(H5N1)	1785	G	A	1	0	40	363	187	39	0.997253	364	1.11111e-216	TRUE	PB1:cds-XAJ25424.1	GGG	G	GGA	G	595
PB1|PP755595.1|A/cattle/Texas/24-008749-003/2024(H5N1)	1800	T	C	0	0	0	108	41	40	1	108	4.43827e-65	TRUE	PB1:cds-XAJ25424.1	AAT	N	AAC	N	600
PB1|PP755595.1|A/cattle/Texas/24-008749-003/2024(H5N1)	1803	C	T	0	0	0	106	39	40	1	106	1.81686e-64	TRUE	PB1:cds-XAJ25424.1	ATC	I	ATT	I	601
PB1|PP755595.1|A/cattle/Texas/24-008749-003/2024(H5N1)	1806	A	G	0	0	0	107	40	40	1	107	8.95872e-65	TRUE	PB1:cds-XAJ25424.1	CGA	R	CGG	R	602
PB1|PP755595.1|A/cattle/Texas/24-008749-003/2024(H5N1)	1815	C	T	0	0	0	106	41	40	1	106	1.81686e-64	TRUE	PB1:cds-XAJ25424.1	CAC	H	CAT	H	605
PB1|PP755595.1|A/cattle/Texas/24-008749-003/2024(H5N1)	1818	T	C	0	0	0	105	40	41	1	105	7.23629e-64	TRUE	PB1:cds-XAJ25424.1	ATT	I	ATC	I	606
PB1|PP755595.1|A/cattle/Texas/24-008749-003/2024(H5N1)	1821	G	A	0	0	0	106	40	40	1	106	7.03712e-64	TRUE	PB1:cds-XAJ25424.1	CCG	P	CCA	P	607
PB1|PP755595.1|A/cattle/Texas/24-008749-003/2024(H5N1)	1824	A	G	0	0	0	106	40	40	1	106	7.03712e-64	TRUE	PB1:cds-XAJ25424.1	GAA	E	GAG	E	608
PB1|PP755595.1|A/cattle/Texas/24-008749-003/2024(H5N1)	1831	T	C	0	0	0	109	51	38	1	109	5.46409e-68	TRUE	PB1:cds-XAJ25424.1	TTA	L	CTA	L	611
PB1|PP755595.1|A/cattle/Texas/24-008749-003/2024(H5N1)	1833	A	G	0	0	0	113	49	39	1	113	2.99135e-69	TRUE	PB1:cds-XAJ25424.1	TTA	L	TTG	L	611
PB1|PP755595.1|A/cattle/Texas/24-008749-003/2024(H5N1)	1836	A	G	3	2	40	112	49	40	0.973913	115	3.87552e-67	TRUE	PB1:cds-XAJ25424.1	AAA	K	AAG	K	612
PB1|PP755595.1|A/cattle/Texas/24-008749-003/2024(H5N1)	1842	G	T	0	0	0	130	55	40	1	130	1.30675e-80	TRUE	PB1:cds-XAJ25424.1	GAG	E	GAT	D	614
PB1|PP755595.1|A/cattle/Texas/24-008749-003/2024(H5N1)	1845	A	G	0	0	0	141	57	40	1	141	1.65755e-87	TRUE	PB1:cds-XAJ25424.1	CTA	L	CTG	L	615
PB1|PP755595.1|A/cattle/Texas/24-008749-003/2024(H5N1)	1857	C	T	0	0	0	367	139	43	1	367	9.85955e-232	TRUE	PB1:cds-XAJ25424.1	GAC	D	GAT	D	619
PB1|PP755595.1|A/cattle/Texas/24-008749-003/2024(H5N1)	1860	T	C	0	0	0	357	143	38	1	357	1.93607e-231	TRUE	PB1:cds-XAJ25424.1	TAT	Y	TAC	Y	620
PB1|PP755595.1|A/cattle/Texas/24-008749-003/2024(H5N1)	1866	A	C	0	0	0	396	147	43	1	396	2.51602e-250	TRUE	PB1:cds-XAJ25424.1	GGA	G	GGC	G	622
PB1|PP755595.1|A/cattle/Texas/24-008749-003/2024(H5N1)	1872	T	G	0	0	0	409	151	43	1	409	6.99581e-258	TRUE	PB1:cds-XAJ25424.1	CTT	L	CTG	L	624
PB1|PP755595.1|A/cattle/Texas/24-008749-003/2024(H5N1)	1881	C	T	0	0	0	352	143	42	0.997167	353	9.84839e-221	TRUE	PB1:cds-XAJ25424.1	CCC	P	CCT	P	627
PB1|PP755595.1|A/cattle/Texas/24-008749-003/2024(H5N1)	1882	C	T	0	0	0	354	144	42	1	354	2.25654e-221	TRUE	PB1:cds-XAJ25424.1	CTG	L	TTG	L	628
PB1|PP755595.1|A/cattle/Texas/24-008749-003/2024(H5N1)	1887	T	C	0	0	0	355	148	43	1	355	1.15624e-223	TRUE	PB1:cds-XAJ25424.1	AAT	N	AAC	N	629
PB1|PP755595.1|A/cattle/Texas/24-008749-003/2024(H5N1)	1890	G	A	0	0	0	356	150	43	1	356	6.17886e-226	TRUE	PB1:cds-XAJ25424.1	CCG	P	CCA	P	630
PB1|PP755595.1|A/cattle/Texas/24-008749-003/2024(H5N1)	1896	A	C	0	0	0	481	208	42	1	481	3.43957e-311	TRUE	PB1:cds-XAJ25424.1	GTA	V	GTC	V	632
PB1|PP755595.1|A/cattle/Texas/24-008749-003/2024(H5N1)	1902	C	T	1	0	40	558	231	43	0.998211	559	0	TRUE	PB1:cds-XAJ25424.1	CAC	H	CAT	H	634
PB1|PP755595.1|A/cattle/Texas/24-008749-003/2024(H5N1)	1911	A	T	0	0	0	585	244	44	1	585	0	TRUE	PB1:cds-XAJ25424.1	ATA	I	ATT	I	637
PB1|PP755595.1|A/cattle/Texas/24-008749-003/2024(H5N1)	1917	T	C	0	0	0	582	247	44	0.998285	583	0	TRUE	PB1:cds-XAJ25424.1	TCT	S	TCC	S	639
PB1|PP755595.1|A/cattle/Texas/24-008749-003/2024(H5N1)	1920	G	A	1	1	40	576	253	44	0.998267	577	0	TRUE	PB1:cds-XAJ25424.1	GTG	V	GTA	V	640
PB1|PP755595.1|A/cattle/Texas/24-008749-003/2024(H5N1)	1944	T	C	0	0	0	573	258	41	0.998258	574	0	TRUE	PB1:cds-XAJ25424.1	GCT	A	GCC	A	648
PB1|PP755595.1|A/cattle/Texas/24-008749-003/2024(H5N1)	1947	T	C	0	0	0	597	259	43	1	597	0	TRUE	PB1:cds-XAJ25424.1	CAT	H	CAC	H	649
PB1|PP755595.1|A/cattle/Texas/24-008749-003/2024(H5N1)	1950	C	T	1	0	40	593	259	42	0.998316	594	0	TRUE	PB1:cds-XAJ25424.1	GGC	G	GGT	G	650
PB1|PP755595.1|A/cattle/Texas/24-008749-003/2024(H5N1)	1956	T	C	0	0	0	590	260	42	1	590	0	TRUE	PB1:cds-XAJ25424.1	GCT	A	GCC	A	652
PB1|PP755595.1|A/cattle/Texas/24-008749-003/2024(H5N1)	1959	G	A	0	0	0	589	261	42	1	589	0	TRUE	PB1:cds-XAJ25424.1	AAG	K	AAA	K	653
PB1|PP755595.1|A/cattle/Texas/24-008749-003/2024(H5N1)	1962	T	C	0	0	0	595	262	43	1	595	0	TRUE	PB1:cds-XAJ25424.1	AGT	S	AGC	S	654
PB1|PP755595.1|A/cattle/Texas/24-008749-003/2024(H5N1)	1977	T	C	0	0	0	629	247	42	0.998413	630	0	TRUE	PB1:cds-XAJ25424.1	GCT	A	GCC	A	659
PB1|PP755595.1|A/cattle/Texas/24-008749-003/2024(H5N1)	1983	C	A	0	0	0	432	186	42	1	432	6.76134e-279	TRUE	PB1:cds-XAJ25424.1	GCC	A	GCA	A	661
PB1|PP755595.1|A/cattle/Texas/24-008749-003/2024(H5N1)	1986	C	T	0	0	0	432	187	41	1	432	2.99437e-274	TRUE	PB1:cds-XAJ25424.1	ACC	T	ACT	T	662
PB1|PP755595.1|A/cattle/Texas/24-008749-003/2024(H5N1)	1989	T	A	0	0	0	431	188	42	1	431	4.30245e-273	TRUE	PB1:cds-XAJ25424.1	ACT	T	ACA	T	663
PB1|PP755595.1|A/cattle/Texas/24-008749-003/2024(H5N1)	1995	C	A	0	0	0	430	190	42	0.99537	432	6.20348e-272	TRUE	PB1:cds-XAJ25424.1	TCC	S	TCA	S	665
PB1|PP755595.1|A/cattle/Texas/24-008749-003/2024(H5N1)	2001	C	T	2	2	36	418	176	42	0.995238	420	5.9105e-257	TRUE	PB1:cds-XAJ25424.1	ATC	I	ATT	I	667
PB1|PP755595.1|A/cattle/Texas/24-008749-003/2024(H5N1)	2007	G	A	0	0	0	431	180	41	1	431	9.71156e-268	TRUE	PB1:cds-XAJ25424.1	AAG	K	AAA	K	669
PB1|PP755595.1|A/cattle/Texas/24-008749-003/2024(H5N1)	2013	C	T	0	0	0	400	166	40	1	400	9.76741e-253	TRUE	PB1:cds-XAJ25424.1	AAC	N	AAT	N	671
PB1|PP755595.1|A/cattle/Texas/24-008749-003/2024(H5N1)	2016	C	T	1	1	40	398	167	40	0.997494	399	6.25477e-249	TRUE	PB1:cds-XAJ25424.1	CGC	R	CGT	R	672
PB1|PP755595.1|A/cattle/Texas/24-008749-003/2024(H5N1)	2019	T	C	0	0	0	395	169	40	1	395	6.93384e-249	TRUE	PB1:cds-XAJ25424.1	TCT	S	TCC	S	673
PB1|PP755595.1|A/cattle/Texas/24-008749-003/2024(H5N1)	2025	T	C	0	0	0	478	199	38	1	478	9.49664e-296	TRUE	PB1:cds-XAJ25424.1	CTT	L	CTC	L	675
PB1|PP755595.1|A/cattle/Texas/24-008749-003/2024(H5N1)	2031	A	C	0	0	0	461	183	40	1	461	4.34722e-286	TRUE	PB1:cds-XAJ25424.1	ACA	T	ACC	T	677
PB1|PP755595.1|A/cattle/Texas/24-008749-003/2024(H5N1)	2034	C	T	0	0	0	466	187	40	1	466	3.97856e-302	TRUE	PB1:cds-XAJ25424.1	AGC	S	AGT	S	678
PB1|PP755595.1|A/cattle/Texas/24-008749-003/2024(H5N1)	2046	C	T	2	2	40	1017	509	43	0.998037	1019	0	TRUE	PB1:cds-XAJ25424.1	ATC	I	ATT	I	682
PB1|PP755595.1|A/cattle/Texas/24-008749-003/2024(H5N1)	2052	A	G	0	0	0	1022	523	43	0.999022	1023	0	TRUE	PB1:cds-XAJ25424.1	GAA	E	GAG	E	684
PB1|PP755595.1|A/cattle/Texas/24-008749-003/2024(H5N1)	2055	C	T	1	1	40	1011	517	43	0.999012	1012	0	TRUE	PB1:cds-XAJ25424.1	GAC	D	GAT	D	685
PB1|PP755595.1|A/cattle/Texas/24-008749-003/2024(H5N1)	2067	T	C	1	0	40	1585	785	43	0.999369	1586	0	TRUE	PB1:cds-XAJ25424.1	TAT	Y	TAC	Y	689
PB1|PP755595.1|A/cattle/Texas/24-008749-003/2024(H5N1)	2070	A	G	3	2	20	1493	690	40	0.997328	1497	0	TRUE	PB1:cds-XAJ25424.1	CAA	Q	CAG	Q	690
PB1|PP755595.1|A/cattle/Texas/24-008749-003/2024(H5N1)	2073	G	A	0	0	0	1575	783	43	1	1575	0	TRUE	PB1:cds-XAJ25424.1	AAG	K	AAA	K	691
PB1|PP755595.1|A/cattle/Texas/24-008749-003/2024(H5N1)	2081	A	G	80	26	43	3309	1528	43	0.976394	3389	0	TRUE	PB1:cds-XAJ25424.1	AAT	N	AGT	S	694
PB1|PP755595.1|A/cattle/Texas/24-008749-003/2024(H5N1)	2088	T	C	0	0	0	3514	1690	43	1	3514	0	TRUE	PB1:cds-XAJ25424.1	TTT	F	TTC	F	696
PB1|PP755595.1|A/cattle/Texas/24-008749-003/2024(H5N1)	2091	A	G	1	0	80	3529	1698	43	0.999434	3531	0	TRUE	PB1:cds-XAJ25424.1	GAA	E	GAG	E	697
PB1|PP755595.1|A/cattle/Texas/24-008749-003/2024(H5N1)	2100	C	T	20	18	36	3620	1884	44	0.994505	3640	0	TRUE	PB1:cds-XAJ25424.1	TTC	F	TTT	F	700
PB1|PP755595.1|A/cattle/Texas/24-008749-003/2024(H5N1)	2103	T	C	0	0	0	3344	1912	41	0.995238	3360	0	TRUE	PB1:cds-XAJ25424.1	CCT	P	CCC	P	701
PB1|PP755595.1|A/cattle/Texas/24-008749-003/2024(H5N1)	2106	C	T	4	2	40	3619	1983	44	0.998896	3623	0	TRUE	PB1:cds-XAJ25424.1	AGC	S	AGT	S	702
PB1|PP755595.1|A/cattle/Texas/24-008749-003/2024(H5N1)	2118	G	T	4238	2236	42	51	51	25	0.011877	4294	0.188551	FALSE	PB1:cds-XAJ25424.1	AGG	R	AGT	S	706
PB1|PP755595.1|A/cattle/Texas/24-008749-003/2024(H5N1)	2121	G	A	9	6	53	4925	2996	47	0.997771	4936	0	TRUE	PB1:cds-XAJ25424.1	AGG	R	AGA	R	707
PB1|PP755595.1|A/cattle/Texas/24-008749-003/2024(H5N1)	2124	G	A	12	6	36	4933	3022	48	0.99717	4947	0	TRUE	PB1:cds-XAJ25424.1	CCG	P	CCA	P	708
PB1|PP755595.1|A/cattle/Texas/24-008749-003/2024(H5N1)	2156	T	-TTCTAG	4921	3426	48	81	0	20	0.0125	6480	0.00182796	TRUE	NA	NA	NA	NA	NA	NA
PB1|PP755595.1|A/cattle/Texas/24-008749-003/2024(H5N1)	2157	T	G	3	2	32	4851	3387	48	0.998148	4860	0	TRUE	PB1:cds-XAJ25424.1	GTT	V	GTG	V	719
PB1|PP755595.1|A/cattle/Texas/24-008749-003/2024(H5N1)	2172	T	C	1	1	24	5216	4321	51	0.999234	5220	0	TRUE	PB1:cds-XAJ25424.1	ATT	I	ATC	I	724
PB1|PP755595.1|A/cattle/Texas/24-008749-003/2024(H5N1)	2181	A	C	5	4	48	5234	4441	50	0.998855	5240	0	TRUE	PB1:cds-XAJ25424.1	CGA	R	CGC	R	727
PB1|PP755595.1|A/cattle/Texas/24-008749-003/2024(H5N1)	2187	C	T	7	7	51	5012	4266	50	0.998605	5019	0	TRUE	PB1:cds-XAJ25424.1	GAC	D	GAT	D	729
PB1|PP755595.1|A/cattle/Texas/24-008749-003/2024(H5N1)	2200	C	A	1	1	40	4781	4198	48	0.99833	4789	0	TRUE	PB1:cds-XAJ25424.1	CGG	R	AGG	R	734
PB1|PP755595.1|A/cattle/Texas/24-008749-003/2024(H5N1)	2205	T	C	2	2	40	4652	4109	47	0.99957	4654	0	TRUE	PB1:cds-XAJ25424.1	ATT	I	ATC	I	735
PB1|PP755595.1|A/cattle/Texas/24-008749-003/2024(H5N1)	2208	G	A	5	5	36	4617	4096	47	0.998918	4622	0	TRUE	PB1:cds-XAJ25424.1	AAG	K	AAA	K	736
PB1|PP755595.1|A/cattle/Texas/24-008749-003/2024(H5N1)	2214	G	A	13	10	48	4552	4060	47	0.997152	4565	0	TRUE	PB1:cds-XAJ25424.1	GAG	E	GAA	E	738
PB1|PP755595.1|A/cattle/Texas/24-008749-003/2024(H5N1)	2224	G	T	3290	2798	36	50	50	24	0.0149656	3341	0.0238652	FALSE	PB1:cds-XAJ25424.1	GAG	E	TAG	*	742
PB1|PP755595.1|A/cattle/Texas/24-008749-003/2024(H5N1)	2231	T	-G	4410	3999	46	219	0	20	0.0412196	5313	1.80713e-31	TRUE	NA	NA	NA	NA	NA	NA
PB1|PP755595.1|A/cattle/Texas/24-008749-003/2024(H5N1)	2268	G	A	1	1	40	570	404	33	0.998249	571	0	TRUE	PB1:cds-XAJ25424.1	CAG	Q	CAA	Q	756
