REGION	POS	REF	ALT	REF_DP	REF_RV	REF_QUAL	ALT_DP	ALT_RV	ALT_QUAL	ALT_FREQ	TOTAL_DP	PVAL	PASS	GFF_FEATURE	REF_CODON	REF_AA	ALT_CODON	ALT_AA	POS_AA
PB1|PP755595.1|A/cattle/Texas/24-008749-003/2024(H5N1)	46	A	G	0	0	0	1	0	40	1	1	0.2	FALSE	PB1:cds-XAJ25424.1	AAT	N	GAT	D	16
PB1|PP755595.1|A/cattle/Texas/24-008749-003/2024(H5N1)	57	C	T	0	0	0	4	1	39	1	4	0.0030303	TRUE	PB1:cds-XAJ25424.1	AGC	S	AGT	S	19
PB1|PP755595.1|A/cattle/Texas/24-008749-003/2024(H5N1)	69	G	T	0	0	0	9	2	40	1	9	2.01037e-06	TRUE	PB1:cds-XAJ25424.1	CCG	P	CCT	P	23
PB1|PP755595.1|A/cattle/Texas/24-008749-003/2024(H5N1)	72	T	C	0	0	0	9	2	40	1	9	2.01037e-06	TRUE	PB1:cds-XAJ25424.1	TAT	Y	TAC	Y	24
PB1|PP755595.1|A/cattle/Texas/24-008749-003/2024(H5N1)	105	A	G	0	0	0	14	2	45	1	14	1.22129e-09	TRUE	PB1:cds-XAJ25424.1	GGA	G	GGG	G	35
PB1|PP755595.1|A/cattle/Texas/24-008749-003/2024(H5N1)	105	A	G	0	0	0	14	2	45	1	14	1.22129e-09	TRUE	PB1-F2:cds-XAJ25425.1	GAA	E	GGA	G	4
PB1|PP755595.1|A/cattle/Texas/24-008749-003/2024(H5N1)	113	A	G	12	2	46	1	0	40	0.0769231	13	0.40625	FALSE	PB1:cds-XAJ25424.1	TAT	Y	TGT	C	38
PB1|PP755595.1|A/cattle/Texas/24-008749-003/2024(H5N1)	113	A	G	12	2	46	1	0	40	0.0769231	13	0.40625	FALSE	PB1-F2:cds-XAJ25425.1	ATA	I	GTA	V	7
PB1|PP755595.1|A/cattle/Texas/24-008749-003/2024(H5N1)	114	T	C	0	0	0	14	2	45	1	14	1.22129e-09	TRUE	PB1:cds-XAJ25424.1	TAT	Y	TAC	Y	38
PB1|PP755595.1|A/cattle/Texas/24-008749-003/2024(H5N1)	114	T	C	0	0	0	14	2	45	1	14	1.22129e-09	TRUE	PB1-F2:cds-XAJ25425.1	ATA	I	ACA	T	7
PB1|PP755595.1|A/cattle/Texas/24-008749-003/2024(H5N1)	117	C	A	0	0	0	14	2	45	1	14	1.22129e-09	TRUE	PB1:cds-XAJ25424.1	ACC	T	ACA	T	39
PB1|PP755595.1|A/cattle/Texas/24-008749-003/2024(H5N1)	117	C	A	0	0	0	14	2	45	1	14	1.22129e-09	TRUE	PB1-F2:cds-XAJ25425.1	CCA	P	CAA	Q	8
PB1|PP755595.1|A/cattle/Texas/24-008749-003/2024(H5N1)	129	T	C	0	0	0	18	2	44	1	18	8.81988e-12	TRUE	PB1:cds-XAJ25424.1	GTT	V	GTC	V	43
PB1|PP755595.1|A/cattle/Texas/24-008749-003/2024(H5N1)	129	T	C	0	0	0	18	2	44	1	18	8.81988e-12	TRUE	PB1-F2:cds-XAJ25425.1	TTA	L	TCA	S	12
PB1|PP755595.1|A/cattle/Texas/24-008749-003/2024(H5N1)	147	T	C	0	0	0	18	3	45	1	18	8.81988e-12	TRUE	PB1:cds-XAJ25424.1	TAT	Y	TAC	Y	49
PB1|PP755595.1|A/cattle/Texas/24-008749-003/2024(H5N1)	147	T	C	0	0	0	18	3	45	1	18	8.81988e-12	TRUE	PB1-F2:cds-XAJ25425.1	ATT	I	ACT	T	18
PB1|PP755595.1|A/cattle/Texas/24-008749-003/2024(H5N1)	153	A	G	0	0	0	18	3	43	1	18	2.97814e-11	TRUE	PB1:cds-XAJ25424.1	GAA	E	GAG	E	51
PB1|PP755595.1|A/cattle/Texas/24-008749-003/2024(H5N1)	153	A	G	0	0	0	18	3	43	1	18	2.97814e-11	TRUE	PB1-F2:cds-XAJ25425.1	AAA	K	AGA	R	20
PB1|PP755595.1|A/cattle/Texas/24-008749-003/2024(H5N1)	156	A	G	0	0	0	18	3	45	1	18	2.97814e-11	TRUE	PB1:cds-XAJ25424.1	AAA	K	AAG	K	52
PB1|PP755595.1|A/cattle/Texas/24-008749-003/2024(H5N1)	156	A	G	0	0	0	18	3	45	1	18	2.97814e-11	TRUE	PB1-F2:cds-XAJ25425.1	AAG	K	AGG	R	21
PB1|PP755595.1|A/cattle/Texas/24-008749-003/2024(H5N1)	159	G	A	0	0	0	18	3	45	1	18	2.97814e-11	TRUE	PB1:cds-XAJ25424.1	GGG	G	GGA	G	53
PB1|PP755595.1|A/cattle/Texas/24-008749-003/2024(H5N1)	159	G	A	0	0	0	18	3	45	1	18	2.97814e-11	TRUE	PB1-F2:cds-XAJ25425.1	GGA	G	GAA	E	22
PB1|PP755595.1|A/cattle/Texas/24-008749-003/2024(H5N1)	175	T	A	0	0	0	17	6	54	1	17	1.12698e-11	TRUE	PB1:cds-XAJ25424.1	TCA	S	ACA	T	59
PB1|PP755595.1|A/cattle/Texas/24-008749-003/2024(H5N1)	175	T	A	0	0	0	17	6	54	1	17	1.12698e-11	TRUE	PB1-F2:cds-XAJ25425.1	ACT	T	ACA	T	27
PB1|PP755595.1|A/cattle/Texas/24-008749-003/2024(H5N1)	186	G	A	0	0	0	19	7	51	1	19	1.24926e-12	TRUE	PB1:cds-XAJ25424.1	GGG	G	GGA	G	62
PB1|PP755595.1|A/cattle/Texas/24-008749-003/2024(H5N1)	186	G	A	0	0	0	19	7	51	1	19	1.24926e-12	TRUE	PB1-F2:cds-XAJ25425.1	GGG	G	GAG	E	31
PB1|PP755595.1|A/cattle/Texas/24-008749-003/2024(H5N1)	196	C	A	19	7	49	1	0	24	0.05	20	0.434783	FALSE	PB1:cds-XAJ25424.1	CTC	L	ATC	I	66
PB1|PP755595.1|A/cattle/Texas/24-008749-003/2024(H5N1)	196	C	A	19	7	49	1	0	24	0.05	20	0.434783	FALSE	PB1-F2:cds-XAJ25425.1	AAC	N	AAA	K	34
PB1|PP755595.1|A/cattle/Texas/24-008749-003/2024(H5N1)	201	T	C	0	0	0	17	6	50	1	17	6.59698e-12	TRUE	PB1:cds-XAJ25424.1	AAT	N	AAC	N	67
PB1|PP755595.1|A/cattle/Texas/24-008749-003/2024(H5N1)	201	T	C	0	0	0	17	6	50	1	17	6.59698e-12	TRUE	PB1-F2:cds-XAJ25425.1	ATC	I	ACC	T	36
PB1|PP755595.1|A/cattle/Texas/24-008749-003/2024(H5N1)	213	A	G	0	0	0	17	10	48	1	17	3.4745e-11	TRUE	PB1:cds-XAJ25424.1	GGA	G	GGG	G	71
PB1|PP755595.1|A/cattle/Texas/24-008749-003/2024(H5N1)	213	A	G	0	0	0	17	10	48	1	17	3.4745e-11	TRUE	PB1-F2:cds-XAJ25425.1	GAC	D	GGC	G	40
PB1|PP755595.1|A/cattle/Texas/24-008749-003/2024(H5N1)	217	T	C	0	0	0	16	11	44	1	16	4.53728e-10	TRUE	PB1:cds-XAJ25424.1	TTG	L	CTG	L	73
PB1|PP755595.1|A/cattle/Texas/24-008749-003/2024(H5N1)	217	T	C	0	0	0	16	11	44	1	16	4.53728e-10	TRUE	PB1-F2:cds-XAJ25425.1	CAT	H	CAC	H	41
PB1|PP755595.1|A/cattle/Texas/24-008749-003/2024(H5N1)	219	G	A	0	0	0	17	11	43	1	17	1.16313e-10	TRUE	PB1:cds-XAJ25424.1	TTG	L	TTA	L	73
PB1|PP755595.1|A/cattle/Texas/24-008749-003/2024(H5N1)	219	G	A	0	0	0	17	11	43	1	17	1.16313e-10	TRUE	PB1-F2:cds-XAJ25425.1	TGC	C	TAC	Y	42
PB1|PP755595.1|A/cattle/Texas/24-008749-003/2024(H5N1)	225	T	G	0	0	0	19	12	44	1	19	1.45089e-11	TRUE	PB1:cds-XAJ25424.1	GAT	D	GAG	E	75
PB1|PP755595.1|A/cattle/Texas/24-008749-003/2024(H5N1)	225	T	G	0	0	0	19	12	44	1	19	1.45089e-11	TRUE	PB1-F2:cds-XAJ25425.1	ATG	M	AGG	R	44
PB1|PP755595.1|A/cattle/Texas/24-008749-003/2024(H5N1)	231	T	C	0	0	0	19	12	48	1	19	4.08726e-12	TRUE	PB1:cds-XAJ25424.1	AAT	N	AAC	N	77
PB1|PP755595.1|A/cattle/Texas/24-008749-003/2024(H5N1)	231	T	C	0	0	0	19	12	48	1	19	4.08726e-12	TRUE	PB1-F2:cds-XAJ25425.1	ATG	M	ACG	T	46
PB1|PP755595.1|A/cattle/Texas/24-008749-003/2024(H5N1)	234	G	A	0	0	0	19	12	47	1	19	2.23826e-12	TRUE	PB1:cds-XAJ25424.1	GAG	E	GAA	E	78
PB1|PP755595.1|A/cattle/Texas/24-008749-003/2024(H5N1)	234	G	A	0	0	0	19	12	47	1	19	2.23826e-12	TRUE	PB1-F2:cds-XAJ25425.1	AGC	S	AAC	N	47
PB1|PP755595.1|A/cattle/Texas/24-008749-003/2024(H5N1)	240	T	C	0	0	0	22	15	47	1	22	3.65155e-14	TRUE	PB1:cds-XAJ25424.1	AGT	S	AGC	S	80
PB1|PP755595.1|A/cattle/Texas/24-008749-003/2024(H5N1)	240	T	C	0	0	0	22	15	47	1	22	3.65155e-14	TRUE	PB1-F2:cds-XAJ25425.1	GTG	V	GCG	A	49
PB1|PP755595.1|A/cattle/Texas/24-008749-003/2024(H5N1)	255	G	A	0	0	0	26	17	47	1	26	1.50456e-16	TRUE	PB1:cds-XAJ25424.1	ACG	T	ACA	T	85
PB1|PP755595.1|A/cattle/Texas/24-008749-003/2024(H5N1)	255	G	A	0	0	0	26	17	47	1	26	1.50456e-16	TRUE	PB1-F2:cds-XAJ25425.1	CGG	R	CAG	Q	54
PB1|PP755595.1|A/cattle/Texas/24-008749-003/2024(H5N1)	258	C	T	0	0	0	26	17	47	1	26	1.50456e-16	TRUE	PB1:cds-XAJ25424.1	GAC	D	GAT	D	86
PB1|PP755595.1|A/cattle/Texas/24-008749-003/2024(H5N1)	258	C	T	0	0	0	26	17	47	1	26	1.50456e-16	TRUE	PB1-F2:cds-XAJ25425.1	ACT	T	ATT	I	55
PB1|PP755595.1|A/cattle/Texas/24-008749-003/2024(H5N1)	264	C	G	0	0	0	26	17	47	1	26	1.50456e-16	TRUE	PB1:cds-XAJ25424.1	GTC	V	GTG	V	88
PB1|PP755595.1|A/cattle/Texas/24-008749-003/2024(H5N1)	264	C	G	0	0	0	26	17	47	1	26	1.50456e-16	TRUE	PB1-F2:cds-XAJ25425.1	TCC	S	TGC	C	57
PB1|PP755595.1|A/cattle/Texas/24-008749-003/2024(H5N1)	265	C	T	0	0	0	26	17	47	1	26	1.50456e-16	TRUE	PB1:cds-XAJ25424.1	CTT	L	TTT	F	89
PB1|PP755595.1|A/cattle/Texas/24-008749-003/2024(H5N1)	265	C	T	0	0	0	26	17	47	1	26	1.50456e-16	TRUE	PB1-F2:cds-XAJ25425.1	TCC	S	TCT	S	57
PB1|PP755595.1|A/cattle/Texas/24-008749-003/2024(H5N1)	267	T	G	0	0	0	26	17	47	1	26	1.50456e-16	TRUE	PB1:cds-XAJ25424.1	CTT	L	CTG	L	89
PB1|PP755595.1|A/cattle/Texas/24-008749-003/2024(H5N1)	267	T	G	0	0	0	26	17	47	1	26	1.50456e-16	TRUE	PB1-F2:cds-XAJ25425.1	TTG	L	TGG	W	58
PB1|PP755595.1|A/cattle/Texas/24-008749-003/2024(H5N1)	288	A	T	0	0	0	26	17	49	0.962963	27	2.52511e-17	TRUE	PB1:cds-XAJ25424.1	GAA	E	GAT	D	96
PB1|PP755595.1|A/cattle/Texas/24-008749-003/2024(H5N1)	288	A	T	0	0	0	26	17	49	0.962963	27	2.52511e-17	TRUE	PB1-F2:cds-XAJ25425.1	AAG	K	ATG	M	65
PB1|PP755595.1|A/cattle/Texas/24-008749-003/2024(H5N1)	288	A	C	0	0	0	1	0	24	0.037037	27	0.0294118	FALSE	PB1:cds-XAJ25424.1	GAA	E	GAC	D	96
PB1|PP755595.1|A/cattle/Texas/24-008749-003/2024(H5N1)	288	A	C	0	0	0	1	0	24	0.037037	27	0.0294118	FALSE	PB1-F2:cds-XAJ25425.1	AAG	K	ACG	T	65
PB1|PP755595.1|A/cattle/Texas/24-008749-003/2024(H5N1)	291	A	G	0	0	0	26	16	49	1	26	4.5146e-17	TRUE	PB1:cds-XAJ25424.1	GAA	E	GAG	E	97
PB1|PP755595.1|A/cattle/Texas/24-008749-003/2024(H5N1)	291	A	G	0	0	0	26	16	49	1	26	4.5146e-17	TRUE	PB1-F2:cds-XAJ25425.1	AAT	N	AGT	S	66
PB1|PP755595.1|A/cattle/Texas/24-008749-003/2024(H5N1)	297	T	C	0	0	0	26	16	48	1	26	1.66235e-18	TRUE	PB1:cds-XAJ25424.1	CAT	H	CAC	H	99
PB1|PP755595.1|A/cattle/Texas/24-008749-003/2024(H5N1)	297	T	C	0	0	0	26	16	48	1	26	1.66235e-18	TRUE	PB1-F2:cds-XAJ25425.1	ATC	I	ACC	T	68
PB1|PP755595.1|A/cattle/Texas/24-008749-003/2024(H5N1)	303	A	G	0	0	0	28	16	50	1	28	1.58905e-18	TRUE	PB1:cds-XAJ25424.1	GGA	G	GGG	G	101
PB1|PP755595.1|A/cattle/Texas/24-008749-003/2024(H5N1)	303	A	G	0	0	0	28	16	50	1	28	1.58905e-18	TRUE	PB1-F2:cds-XAJ25425.1	GAA	E	GGA	G	70
PB1|PP755595.1|A/cattle/Texas/24-008749-003/2024(H5N1)	318	G	T	0	0	0	28	16	52	1	28	8.93839e-19	TRUE	PB1:cds-XAJ25424.1	TCG	S	TCT	S	106
PB1|PP755595.1|A/cattle/Texas/24-008749-003/2024(H5N1)	318	G	T	0	0	0	28	16	52	1	28	8.93839e-19	TRUE	PB1-F2:cds-XAJ25425.1	CGT	R	CTT	L	75
PB1|PP755595.1|A/cattle/Texas/24-008749-003/2024(H5N1)	339	T	C	0	0	0	27	16	53	1	27	2.04306e-18	TRUE	PB1:cds-XAJ25424.1	GTT	V	GTC	V	113
PB1|PP755595.1|A/cattle/Texas/24-008749-003/2024(H5N1)	339	T	C	0	0	0	27	16	53	1	27	2.04306e-18	TRUE	PB1-F2:cds-XAJ25425.1	TTG	L	TCG	S	82
PB1|PP755595.1|A/cattle/Texas/24-008749-003/2024(H5N1)	345	A	G	0	0	0	27	18	49	1	27	6.33348e-18	TRUE	PB1:cds-XAJ25424.1	CAA	Q	CAG	Q	115
PB1|PP755595.1|A/cattle/Texas/24-008749-003/2024(H5N1)	345	A	G	0	0	0	27	18	49	1	27	6.33348e-18	TRUE	PB1-F2:cds-XAJ25425.1	AAC	N	AGC	S	84
PB1|PP755595.1|A/cattle/Texas/24-008749-003/2024(H5N1)	363	G	A	0	0	0	2	2	40	1	2	0.333333	FALSE	PB1:cds-XAJ25424.1	AAG	K	AAA	K	121
PB1|PP755595.1|A/cattle/Texas/24-008749-003/2024(H5N1)	363	G	A	0	0	0	2	2	40	1	2	0.333333	FALSE	PB1-F2:cds-XAJ25425.1	AGT	S	AAT	N	90
PB1|PP755595.1|A/cattle/Texas/24-008749-003/2024(H5N1)	364	T	C	0	0	0	2	2	40	1	2	0.333333	FALSE	PB1:cds-XAJ25424.1	TTG	L	CTG	L	122
PB1|PP755595.1|A/cattle/Texas/24-008749-003/2024(H5N1)	364	T	C	0	0	0	2	2	40	1	2	0.333333	FALSE	PB1-F2:cds-XAJ25425.1	AGT	S	AGC	S	90
PB1|PP755595.1|A/cattle/Texas/24-008749-003/2024(H5N1)	366	G	A	0	0	0	2	2	40	1	2	0.333333	FALSE	PB1:cds-XAJ25424.1	TTG	L	TTA	L	122
PB1|PP755595.1|A/cattle/Texas/24-008749-003/2024(H5N1)	366	G	A	0	0	0	2	2	40	1	2	0.333333	FALSE	PB1-F2:cds-XAJ25425.1	TGA	*	TAA	*	91
PB1|PP755595.1|A/cattle/Texas/24-008749-003/2024(H5N1)	369	C	T	0	0	0	2	2	32	1	2	0.333333	FALSE	PB1:cds-XAJ25424.1	ACC	T	ACT	T	123
PB1|PP755595.1|A/cattle/Texas/24-008749-003/2024(H5N1)	375	C	T	0	0	0	1	1	40	1	1	0.5	FALSE	PB1:cds-XAJ25424.1	GGC	G	GGT	G	125
PB1|PP755595.1|A/cattle/Texas/24-008749-003/2024(H5N1)	378	T	C	0	0	0	2	2	40	1	2	0.333333	FALSE	PB1:cds-XAJ25424.1	CGT	R	CGC	R	126
PB1|PP755595.1|A/cattle/Texas/24-008749-003/2024(H5N1)	381	G	A	0	0	0	2	2	40	1	2	0.333333	FALSE	PB1:cds-XAJ25424.1	CAG	Q	CAA	Q	127
PB1|PP755595.1|A/cattle/Texas/24-008749-003/2024(H5N1)	384	T	C	0	0	0	5	3	31	1	5	0.00396825	TRUE	PB1:cds-XAJ25424.1	ACT	T	ACC	T	128
PB1|PP755595.1|A/cattle/Texas/24-008749-003/2024(H5N1)	397	T	C	0	0	0	12	6	46	1	12	1.92297e-07	TRUE	PB1:cds-XAJ25424.1	TTA	L	CTA	L	133
PB1|PP755595.1|A/cattle/Texas/24-008749-003/2024(H5N1)	402	C	T	0	0	0	12	6	46	1	12	1.92297e-07	TRUE	PB1:cds-XAJ25424.1	AAC	N	AAT	N	134
PB1|PP755595.1|A/cattle/Texas/24-008749-003/2024(H5N1)	408	T	C	0	0	0	12	6	45	1	12	1.92297e-07	TRUE	PB1:cds-XAJ25424.1	AAT	N	AAC	N	136
PB1|PP755595.1|A/cattle/Texas/24-008749-003/2024(H5N1)	411	G	A	0	0	0	12	6	46	1	12	1.92297e-07	TRUE	PB1:cds-XAJ25424.1	CAG	Q	CAA	Q	137
PB1|PP755595.1|A/cattle/Texas/24-008749-003/2024(H5N1)	414	G	A	0	0	0	12	6	45	1	12	1.92297e-07	TRUE	PB1:cds-XAJ25424.1	CCG	P	CCA	P	138
PB1|PP755595.1|A/cattle/Texas/24-008749-003/2024(H5N1)	426	A	C	0	0	0	12	6	45	1	12	1.92297e-07	TRUE	PB1:cds-XAJ25424.1	GCA	A	GCC	A	142
PB1|PP755595.1|A/cattle/Texas/24-008749-003/2024(H5N1)	427	T	C	0	0	0	12	6	45	1	12	1.92297e-07	TRUE	PB1:cds-XAJ25424.1	TTA	L	CTA	L	143
PB1|PP755595.1|A/cattle/Texas/24-008749-003/2024(H5N1)	429	A	G	0	0	0	12	6	46	1	12	1.92297e-07	TRUE	PB1:cds-XAJ25424.1	TTA	L	TTG	L	143
PB1|PP755595.1|A/cattle/Texas/24-008749-003/2024(H5N1)	432	T	C	0	0	0	11	5	47	1	11	4.00618e-07	TRUE	PB1:cds-XAJ25424.1	GCT	A	GCC	A	144
PB1|PP755595.1|A/cattle/Texas/24-008749-003/2024(H5N1)	435	T	C	0	0	0	12	6	45	1	12	5.75246e-08	TRUE	PB1:cds-XAJ25424.1	AAT	N	AAC	N	145
PB1|PP755595.1|A/cattle/Texas/24-008749-003/2024(H5N1)	456	G	A	0	0	0	19	8	46	1	19	4.08726e-12	TRUE	PB1:cds-XAJ25424.1	TCG	S	TCA	S	152
PB1|PP755595.1|A/cattle/Texas/24-008749-003/2024(H5N1)	460	G	A	0	0	0	19	8	47	1	19	4.08726e-12	TRUE	PB1:cds-XAJ25424.1	GGT	G	AGT	S	154
PB1|PP755595.1|A/cattle/Texas/24-008749-003/2024(H5N1)	465	T	A	0	0	0	19	9	48	1	19	7.09808e-13	TRUE	PB1:cds-XAJ25424.1	CTT	L	CTA	L	155
PB1|PP755595.1|A/cattle/Texas/24-008749-003/2024(H5N1)	471	T	C	0	0	0	19	9	52	1	19	4.10111e-13	TRUE	PB1:cds-XAJ25424.1	GCT	A	GCC	A	157
PB1|PP755595.1|A/cattle/Texas/24-008749-003/2024(H5N1)	480	A	G	0	0	0	20	10	51	1	20	1.78309e-13	TRUE	PB1:cds-XAJ25424.1	TCA	S	TCG	S	160
PB1|PP755595.1|A/cattle/Texas/24-008749-003/2024(H5N1)	483	A	G	0	0	0	20	10	48	1	20	1.78309e-13	TRUE	PB1:cds-XAJ25424.1	GGA	G	GGG	G	161
PB1|PP755595.1|A/cattle/Texas/24-008749-003/2024(H5N1)	486	G	A	0	0	0	20	10	54	1	20	1.78309e-13	TRUE	PB1:cds-XAJ25424.1	AGG	R	AGA	R	162
PB1|PP755595.1|A/cattle/Texas/24-008749-003/2024(H5N1)	511	G	A	0	0	0	24	11	52	1	24	1.32938e-16	TRUE	PB1:cds-XAJ25424.1	GTG	V	ATG	M	171
PB1|PP755595.1|A/cattle/Texas/24-008749-003/2024(H5N1)	516	A	C	0	0	0	22	10	52	1	22	2.16204e-15	TRUE	PB1:cds-XAJ25424.1	GAA	E	GAC	D	172
PB1|PP755595.1|A/cattle/Texas/24-008749-003/2024(H5N1)	531	G	A	0	0	0	20	8	49	1	20	1.02433e-13	TRUE	PB1:cds-XAJ25424.1	GAG	E	GAA	E	177
PB1|PP755595.1|A/cattle/Texas/24-008749-003/2024(H5N1)	537	A	G	0	0	0	20	8	48	1	20	3.1547e-13	TRUE	PB1:cds-XAJ25424.1	ATA	I	ATG	M	179
PB1|PP755595.1|A/cattle/Texas/24-008749-003/2024(H5N1)	549	G	A	0	0	0	21	9	48	1	21	7.96701e-14	TRUE	PB1:cds-XAJ25424.1	ACG	T	ACA	T	183
PB1|PP755595.1|A/cattle/Texas/24-008749-003/2024(H5N1)	558	A	G	0	0	0	21	8	46	1	21	1.44019e-13	TRUE	PB1:cds-XAJ25424.1	CAA	Q	CAG	Q	186
PB1|PP755595.1|A/cattle/Texas/24-008749-003/2024(H5N1)	561	G	A	0	0	0	21	8	48	1	21	1.44019e-13	TRUE	PB1:cds-XAJ25424.1	AGG	R	AGA	R	187
PB1|PP755595.1|A/cattle/Texas/24-008749-003/2024(H5N1)	564	A	G	0	0	0	21	8	47	1	21	1.44019e-13	TRUE	PB1:cds-XAJ25424.1	AAA	K	AAG	K	188
PB1|PP755595.1|A/cattle/Texas/24-008749-003/2024(H5N1)	573	G	A	0	0	0	19	7	46	1	19	1.43406e-13	TRUE	PB1:cds-XAJ25424.1	GTG	V	GTA	V	191
PB1|PP755595.1|A/cattle/Texas/24-008749-003/2024(H5N1)	575	G	T	19	5	35	1	1	24	0.05	20	0.408163	FALSE	PB1:cds-XAJ25424.1	AGA	R	ATA	I	192
PB1|PP755595.1|A/cattle/Texas/24-008749-003/2024(H5N1)	576	A	G	0	0	0	21	7	43	1	21	5.20856e-15	TRUE	PB1:cds-XAJ25424.1	AGA	R	AGG	R	192
PB1|PP755595.1|A/cattle/Texas/24-008749-003/2024(H5N1)	606	A	G	16	3	47	1	0	40	0.0588235	17	0.386364	FALSE	PB1:cds-XAJ25424.1	CAA	Q	CAG	Q	202
PB1|PP755595.1|A/cattle/Texas/24-008749-003/2024(H5N1)	607	C	A	0	0	0	19	3	47	1	19	4.08726e-12	TRUE	PB1:cds-XAJ25424.1	CGG	R	AGG	R	203
PB1|PP755595.1|A/cattle/Texas/24-008749-003/2024(H5N1)	609	G	A	0	0	0	18	3	47	1	18	8.81988e-12	TRUE	PB1:cds-XAJ25424.1	CGG	R	CGA	R	203
PB1|PP755595.1|A/cattle/Texas/24-008749-003/2024(H5N1)	612	G	A	0	0	0	19	4	45	1	19	4.08726e-12	TRUE	PB1:cds-XAJ25424.1	ACG	T	ACA	T	204
PB1|PP755595.1|A/cattle/Texas/24-008749-003/2024(H5N1)	620	A	G	0	0	0	22	7	51	1	22	1.12676e-14	TRUE	PB1:cds-XAJ25424.1	AAG	K	AGG	R	207
PB1|PP755595.1|A/cattle/Texas/24-008749-003/2024(H5N1)	633	G	A	0	0	0	21	8	49	1	21	1.44019e-13	TRUE	PB1:cds-XAJ25424.1	AGG	R	AGA	R	211
PB1|PP755595.1|A/cattle/Texas/24-008749-003/2024(H5N1)	634	T	C	0	0	0	19	9	46	1	19	7.09808e-13	TRUE	PB1:cds-XAJ25424.1	TTA	L	CTA	L	212
PB1|PP755595.1|A/cattle/Texas/24-008749-003/2024(H5N1)	642	A	G	0	0	0	17	6	44	1	17	6.59698e-12	TRUE	PB1:cds-XAJ25424.1	AAA	K	AAG	K	214
PB1|PP755595.1|A/cattle/Texas/24-008749-003/2024(H5N1)	651	T	C	0	0	0	14	7	50	1	14	1.22129e-09	TRUE	PB1:cds-XAJ25424.1	TAT	Y	TAC	Y	217
PB1|PP755595.1|A/cattle/Texas/24-008749-003/2024(H5N1)	652	C	T	0	0	0	14	7	48	1	14	2.12118e-09	TRUE	PB1:cds-XAJ25424.1	CTG	L	TTG	L	218
PB1|PP755595.1|A/cattle/Texas/24-008749-003/2024(H5N1)	654	G	A	0	0	0	15	7	48	1	15	9.64173e-10	TRUE	PB1:cds-XAJ25424.1	CTG	L	CTA	L	218
PB1|PP755595.1|A/cattle/Texas/24-008749-003/2024(H5N1)	664	T	C	0	0	0	20	9	50	1	20	3.1547e-13	TRUE	PB1:cds-XAJ25424.1	TTG	L	CTG	L	222
PB1|PP755595.1|A/cattle/Texas/24-008749-003/2024(H5N1)	675	C	T	0	0	0	22	10	47	1	22	2.01208e-14	TRUE	PB1:cds-XAJ25424.1	AAC	N	AAT	N	225
PB1|PP755595.1|A/cattle/Texas/24-008749-003/2024(H5N1)	690	C	T	0	0	0	22	11	46	1	22	2.01208e-14	TRUE	PB1:cds-XAJ25424.1	GAC	D	GAT	D	230
PB1|PP755595.1|A/cattle/Texas/24-008749-003/2024(H5N1)	693	C	T	0	0	0	21	10	46	1	21	1.44019e-13	TRUE	PB1:cds-XAJ25424.1	GCC	A	GCT	A	231
PB1|PP755595.1|A/cattle/Texas/24-008749-003/2024(H5N1)	708	A	G	0	0	0	23	11	43	1	23	9.25555e-15	TRUE	PB1:cds-XAJ25424.1	TTA	L	TTG	L	236
PB1|PP755595.1|A/cattle/Texas/24-008749-003/2024(H5N1)	710	A	G	22	10	43	1	1	64	0.0434783	23	0.479167	FALSE	PB1:cds-XAJ25424.1	AAG	K	AGG	R	237
PB1|PP755595.1|A/cattle/Texas/24-008749-003/2024(H5N1)	715	A	C	0	0	0	22	10	41	1	22	1.26737e-13	TRUE	PB1:cds-XAJ25424.1	AGG	R	CGG	R	239
PB1|PP755595.1|A/cattle/Texas/24-008749-003/2024(H5N1)	720	A	G	0	0	0	21	11	41	1	21	1.85785e-12	TRUE	PB1:cds-XAJ25424.1	GCA	A	GCG	A	240
PB1|PP755595.1|A/cattle/Texas/24-008749-003/2024(H5N1)	732	C	A	0	0	0	17	6	39	1	17	8.57043e-10	TRUE	PB1:cds-XAJ25424.1	CCC	P	CCA	P	244
PB1|PP755595.1|A/cattle/Texas/24-008749-003/2024(H5N1)	735	A	G	0	0	0	17	6	40	1	17	8.57043e-10	TRUE	PB1:cds-XAJ25424.1	GGA	G	GGG	G	245
PB1|PP755595.1|A/cattle/Texas/24-008749-003/2024(H5N1)	741	A	G	0	0	0	17	6	40	1	17	8.57043e-10	TRUE	PB1:cds-XAJ25424.1	CAA	Q	CAG	Q	247
PB1|PP755595.1|A/cattle/Texas/24-008749-003/2024(H5N1)	744	C	T	0	0	0	17	6	38	1	17	8.57043e-10	TRUE	PB1:cds-XAJ25424.1	ATC	I	ATT	I	248
PB1|PP755595.1|A/cattle/Texas/24-008749-003/2024(H5N1)	750	G	A	0	0	0	16	6	39	1	16	1.66367e-09	TRUE	PB1:cds-XAJ25424.1	GGG	G	GGA	G	250
PB1|PP755595.1|A/cattle/Texas/24-008749-003/2024(H5N1)	765	T	C	0	0	0	15	5	36	1	15	6.44673e-09	TRUE	PB1:cds-XAJ25424.1	GTT	V	GTC	V	255
PB1|PP755595.1|A/cattle/Texas/24-008749-003/2024(H5N1)	772	T	C	0	0	0	13	3	40	1	13	1.92297e-07	TRUE	PB1:cds-XAJ25424.1	TTA	L	CTA	L	258
PB1|PP755595.1|A/cattle/Texas/24-008749-003/2024(H5N1)	774	A	G	0	0	0	13	3	40	1	13	1.92297e-07	TRUE	PB1:cds-XAJ25424.1	TTA	L	TTG	L	258
PB1|PP755595.1|A/cattle/Texas/24-008749-003/2024(H5N1)	786	T	C	0	0	0	15	4	37	1	15	1.28935e-08	TRUE	PB1:cds-XAJ25424.1	ATT	I	ATC	I	262
PB1|PP755595.1|A/cattle/Texas/24-008749-003/2024(H5N1)	792	G	A	0	0	0	15	4	40	1	15	6.44673e-09	TRUE	PB1:cds-XAJ25424.1	GAG	E	GAA	E	264
PB1|PP755595.1|A/cattle/Texas/24-008749-003/2024(H5N1)	801	A	G	0	0	0	15	4	42	1	15	6.44673e-09	TRUE	PB1:cds-XAJ25424.1	GAA	E	GAG	E	267
PB1|PP755595.1|A/cattle/Texas/24-008749-003/2024(H5N1)	810	A	C	16	3	39	1	0	24	0.0588235	17	0.485714	FALSE	PB1:cds-XAJ25424.1	GGA	G	GGC	G	270
PB1|PP755595.1|A/cattle/Texas/24-008749-003/2024(H5N1)	816	A	C	0	0	0	12	3	36	1	12	5.75246e-08	TRUE	PB1:cds-XAJ25424.1	CCA	P	CCC	P	272
PB1|PP755595.1|A/cattle/Texas/24-008749-003/2024(H5N1)	825	C	G	0	0	0	15	4	45	1	15	5.38803e-10	TRUE	PB1:cds-XAJ25424.1	GGC	G	GGG	G	275
PB1|PP755595.1|A/cattle/Texas/24-008749-003/2024(H5N1)	831	A	G	0	0	0	15	4	48	1	15	5.38803e-10	TRUE	PB1:cds-XAJ25424.1	GAA	E	GAG	E	277
PB1|PP755595.1|A/cattle/Texas/24-008749-003/2024(H5N1)	840	C	T	0	0	0	17	6	49	1	17	3.4745e-11	TRUE	PB1:cds-XAJ25424.1	GCC	A	GCT	A	280
PB1|PP755595.1|A/cattle/Texas/24-008749-003/2024(H5N1)	844	C	T	0	0	0	17	6	48	1	17	3.4745e-11	TRUE	PB1:cds-XAJ25424.1	CTA	L	TTA	L	282
PB1|PP755595.1|A/cattle/Texas/24-008749-003/2024(H5N1)	846	A	G	0	0	0	17	6	48	1	17	3.4745e-11	TRUE	PB1:cds-XAJ25424.1	CTA	L	CTG	L	282
PB1|PP755595.1|A/cattle/Texas/24-008749-003/2024(H5N1)	855	T	C	0	0	0	18	9	48	1	18	1.60361e-11	TRUE	PB1:cds-XAJ25424.1	GTT	V	GTC	V	285
PB1|PP755595.1|A/cattle/Texas/24-008749-003/2024(H5N1)	864	G	A	0	0	0	18	10	44	1	18	8.81988e-12	TRUE	PB1:cds-XAJ25424.1	AAG	K	AAA	K	288
PB1|PP755595.1|A/cattle/Texas/24-008749-003/2024(H5N1)	876	T	C	0	0	0	19	11	48	1	19	4.08726e-12	TRUE	PB1:cds-XAJ25424.1	AAT	N	AAC	N	292
PB1|PP755595.1|A/cattle/Texas/24-008749-003/2024(H5N1)	879	G	A	0	0	0	19	11	49	1	19	7.09808e-13	TRUE	PB1:cds-XAJ25424.1	TCG	S	TCA	S	293
PB1|PP755595.1|A/cattle/Texas/24-008749-003/2024(H5N1)	885	C	T	0	0	0	25	17	50	1	25	1.13678e-17	TRUE	PB1:cds-XAJ25424.1	GAC	D	GAT	D	295
PB1|PP755595.1|A/cattle/Texas/24-008749-003/2024(H5N1)	897	T	C	0	0	0	29	18	48	0.966667	30	7.2722e-20	TRUE	PB1:cds-XAJ25424.1	TCT	S	TCC	S	299
PB1|PP755595.1|A/cattle/Texas/24-008749-003/2024(H5N1)	897	T	A	0	0	0	1	0	24	0.0333333	30	0.025	FALSE	PB1:cds-XAJ25424.1	TCT	S	TCA	S	299
PB1|PP755595.1|A/cattle/Texas/24-008749-003/2024(H5N1)	906	C	T	0	0	0	30	17	46	1	30	6.17174e-19	TRUE	PB1:cds-XAJ25424.1	ATC	I	ATT	I	302
PB1|PP755595.1|A/cattle/Texas/24-008749-003/2024(H5N1)	909	G	T	0	0	0	30	17	46	1	30	6.17174e-19	TRUE	PB1:cds-XAJ25424.1	ACG	T	ACT	T	303
PB1|PP755595.1|A/cattle/Texas/24-008749-003/2024(H5N1)	915	C	T	0	0	0	29	17	46	1	29	1.31664e-18	TRUE	PB1:cds-XAJ25424.1	GAC	D	GAT	D	305
PB1|PP755595.1|A/cattle/Texas/24-008749-003/2024(H5N1)	921	T	C	0	0	0	30	17	45	1	30	3.32325e-19	TRUE	PB1:cds-XAJ25424.1	ACT	T	ACC	T	307
PB1|PP755595.1|A/cattle/Texas/24-008749-003/2024(H5N1)	936	C	T	0	0	0	31	17	43	1	31	2.94345e-19	TRUE	PB1:cds-XAJ25424.1	AAC	N	AAT	N	312
PB1|PP755595.1|A/cattle/Texas/24-008749-003/2024(H5N1)	939	G	A	0	0	0	29	17	44	1	29	1.31664e-18	TRUE	PB1:cds-XAJ25424.1	CAG	Q	CAA	Q	313
PB1|PP755595.1|A/cattle/Texas/24-008749-003/2024(H5N1)	946	A	C	0	0	0	30	17	42	1	30	6.17174e-19	TRUE	PB1:cds-XAJ25424.1	AGG	R	CGG	R	316
PB1|PP755595.1|A/cattle/Texas/24-008749-003/2024(H5N1)	972	T	C	0	0	0	27	16	42	1	27	7.12688e-17	TRUE	PB1:cds-XAJ25424.1	TAT	Y	TAC	Y	324
PB1|PP755595.1|A/cattle/Texas/24-008749-003/2024(H5N1)	975	A	T	0	0	0	26	15	43	1	26	5.3265e-16	TRUE	PB1:cds-XAJ25424.1	ATA	I	ATT	I	325
PB1|PP755595.1|A/cattle/Texas/24-008749-003/2024(H5N1)	981	G	A	0	0	0	26	15	42	1	26	1.02725e-15	TRUE	PB1:cds-XAJ25424.1	AGG	R	AGA	R	327
PB1|PP755595.1|A/cattle/Texas/24-008749-003/2024(H5N1)	983	A	G	25	14	42	1	1	24	0.0384615	26	0.490566	FALSE	PB1:cds-XAJ25424.1	AAC	N	AGC	S	328
PB1|PP755595.1|A/cattle/Texas/24-008749-003/2024(H5N1)	999	C	T	0	0	0	23	12	39	1	23	3.23021e-14	TRUE	PB1:cds-XAJ25424.1	TTC	F	TTT	F	333
PB1|PP755595.1|A/cattle/Texas/24-008749-003/2024(H5N1)	1002	G	A	0	0	0	23	12	45	1	23	3.23021e-14	TRUE	PB1:cds-XAJ25424.1	AGG	R	AGA	R	334
PB1|PP755595.1|A/cattle/Texas/24-008749-003/2024(H5N1)	1008	A	C	0	0	0	24	12	43	1	24	8.22716e-15	TRUE	PB1:cds-XAJ25424.1	GTA	V	GTC	V	336
PB1|PP755595.1|A/cattle/Texas/24-008749-003/2024(H5N1)	1014	C	T	1	0	40	22	10	45	0.956522	23	4.62778e-13	TRUE	PB1:cds-XAJ25424.1	AGC	S	AGT	S	338
PB1|PP755595.1|A/cattle/Texas/24-008749-003/2024(H5N1)	1020	A	C	0	0	0	22	9	42	1	22	6.74132e-14	TRUE	PB1:cds-XAJ25424.1	GCA	A	GCC	A	340
PB1|PP755595.1|A/cattle/Texas/24-008749-003/2024(H5N1)	1035	A	G	0	0	0	17	5	38	1	17	4.28521e-10	TRUE	PB1:cds-XAJ25424.1	TCA	S	TCG	S	345
PB1|PP755595.1|A/cattle/Texas/24-008749-003/2024(H5N1)	1047	A	G	0	0	0	15	5	40	1	15	1.28935e-08	TRUE	PB1:cds-XAJ25424.1	GCA	A	GCG	A	349
PB1|PP755595.1|A/cattle/Texas/24-008749-003/2024(H5N1)	1051	C	T	0	0	0	15	5	40	1	15	1.28935e-08	TRUE	PB1:cds-XAJ25424.1	CTA	L	TTA	L	351
PB1|PP755595.1|A/cattle/Texas/24-008749-003/2024(H5N1)	1053	A	G	0	0	0	15	5	38	1	15	1.28935e-08	TRUE	PB1:cds-XAJ25424.1	CTA	L	CTG	L	351
PB1|PP755595.1|A/cattle/Texas/24-008749-003/2024(H5N1)	1056	G	A	0	0	0	15	5	40	1	15	1.28935e-08	TRUE	PB1:cds-XAJ25424.1	GGG	G	GGA	G	352
PB1|PP755595.1|A/cattle/Texas/24-008749-003/2024(H5N1)	1062	A	G	0	0	0	15	5	40	1	15	3.32734e-09	TRUE	PB1:cds-XAJ25424.1	GGA	G	GGG	G	354
PB1|PP755595.1|A/cattle/Texas/24-008749-003/2024(H5N1)	1071	C	T	0	0	0	18	7	40	1	18	2.20382e-10	TRUE	PB1:cds-XAJ25424.1	TTC	F	TTT	F	357
PB1|PP755595.1|A/cattle/Texas/24-008749-003/2024(H5N1)	1090	C	T	0	0	0	21	9	40	1	21	3.71569e-12	TRUE	PB1:cds-XAJ25424.1	CTT	L	TTT	F	364
PB1|PP755595.1|A/cattle/Texas/24-008749-003/2024(H5N1)	1092	T	A	0	0	0	21	9	40	1	21	3.71569e-12	TRUE	PB1:cds-XAJ25424.1	CTT	L	CTA	L	364
PB1|PP755595.1|A/cattle/Texas/24-008749-003/2024(H5N1)	1095	A	G	0	0	0	22	11	41	1	22	2.42912e-13	TRUE	PB1:cds-XAJ25424.1	CGA	R	CGG	R	365
PB1|PP755595.1|A/cattle/Texas/24-008749-003/2024(H5N1)	1107	G	T	0	0	0	23	10	42	1	23	6.20201e-14	TRUE	PB1:cds-XAJ25424.1	CCG	P	CCT	P	369
PB1|PP755595.1|A/cattle/Texas/24-008749-003/2024(H5N1)	1119	A	T	0	0	0	20	10	45	1	20	3.1547e-13	TRUE	PB1:cds-XAJ25424.1	CTA	L	CTT	L	373
PB1|PP755595.1|A/cattle/Texas/24-008749-003/2024(H5N1)	1122	G	A	0	0	0	21	11	47	1	21	1.44019e-13	TRUE	PB1:cds-XAJ25424.1	GCG	A	GCA	A	374
PB1|PP755595.1|A/cattle/Texas/24-008749-003/2024(H5N1)	1131	T	C	0	0	0	20	10	46	1	20	5.67846e-13	TRUE	PB1:cds-XAJ25424.1	GAT	D	GAC	D	377
PB1|PP755595.1|A/cattle/Texas/24-008749-003/2024(H5N1)	1132	C	T	0	0	0	20	10	47	1	20	5.67846e-13	TRUE	PB1:cds-XAJ25424.1	CTG	L	TTG	L	378
PB1|PP755595.1|A/cattle/Texas/24-008749-003/2024(H5N1)	1134	G	A	0	0	0	19	9	48	1	19	1.24926e-12	TRUE	PB1:cds-XAJ25424.1	CTG	L	CTA	L	378
PB1|PP755595.1|A/cattle/Texas/24-008749-003/2024(H5N1)	1149	G	A	0	0	0	25	16	52	1	25	3.30207e-17	TRUE	PB1:cds-XAJ25424.1	GAG	E	GAA	E	383
PB1|PP755595.1|A/cattle/Texas/24-008749-003/2024(H5N1)	1158	G	A	0	0	0	26	16	52	1	26	4.76714e-18	TRUE	PB1:cds-XAJ25424.1	AGG	R	AGA	R	386
PB1|PP755595.1|A/cattle/Texas/24-008749-003/2024(H5N1)	1160	A	G	25	17	52	1	0	80	0.0384615	26	0.419355	FALSE	PB1:cds-XAJ25424.1	AAG	K	AGG	R	387
PB1|PP755595.1|A/cattle/Texas/24-008749-003/2024(H5N1)	1167	A	C	0	0	0	24	17	51	1	24	7.12931e-16	TRUE	PB1:cds-XAJ25424.1	ATA	I	ATC	I	389
PB1|PP755595.1|A/cattle/Texas/24-008749-003/2024(H5N1)	1170	G	A	0	0	0	24	17	51	1	24	7.12931e-16	TRUE	PB1:cds-XAJ25424.1	GAG	E	GAA	E	390
PB1|PP755595.1|A/cattle/Texas/24-008749-003/2024(H5N1)	1173	G	A	0	0	0	24	17	50	1	24	4.01834e-16	TRUE	PB1:cds-XAJ25424.1	AAG	K	AAA	K	391
PB1|PP755595.1|A/cattle/Texas/24-008749-003/2024(H5N1)	1179	A	G	0	0	0	24	18	52	1	24	2.29619e-16	TRUE	PB1:cds-XAJ25424.1	AGA	R	AGG	R	393
PB1|PP755595.1|A/cattle/Texas/24-008749-003/2024(H5N1)	1185	T	A	0	0	0	28	20	50	1	28	8.93839e-19	TRUE	PB1:cds-XAJ25424.1	CTT	L	CTA	L	395
PB1|PP755595.1|A/cattle/Texas/24-008749-003/2024(H5N1)	1197	T	C	0	0	0	29	20	49	1	29	7.20037e-19	TRUE	PB1:cds-XAJ25424.1	GGT	G	GGC	G	399
PB1|PP755595.1|A/cattle/Texas/24-008749-003/2024(H5N1)	1200	G	T	0	0	0	29	20	49	1	29	7.20037e-19	TRUE	PB1:cds-XAJ25424.1	ACG	T	ACT	T	400
PB1|PP755595.1|A/cattle/Texas/24-008749-003/2024(H5N1)	1209	A	G	0	0	0	30	20	49	1	30	1.00103e-19	TRUE	PB1:cds-XAJ25424.1	TTA	L	TTG	L	403
PB1|PP755595.1|A/cattle/Texas/24-008749-003/2024(H5N1)	1212	C	T	0	0	0	31	21	49	1	31	2.58453e-21	TRUE	PB1:cds-XAJ25424.1	AGC	S	AGT	S	404
PB1|PP755595.1|A/cattle/Texas/24-008749-003/2024(H5N1)	1224	G	A	32	19	55	2	2	40	0.0588235	34	0.182084	FALSE	PB1:cds-XAJ25424.1	ATG	M	ATA	I	408
PB1|PP755595.1|A/cattle/Texas/24-008749-003/2024(H5N1)	1239	C	T	0	0	0	33	20	53	1	33	2.78232e-22	TRUE	PB1:cds-XAJ25424.1	AAC	N	AAT	N	413
PB1|PP755595.1|A/cattle/Texas/24-008749-003/2024(H5N1)	1254	T	A	0	0	0	23	11	48	1	23	9.25555e-15	TRUE	PB1:cds-XAJ25424.1	GTT	V	GTA	V	418
PB1|PP755595.1|A/cattle/Texas/24-008749-003/2024(H5N1)	1255	C	T	0	0	0	23	11	48	1	23	9.25555e-15	TRUE	PB1:cds-XAJ25424.1	CTG	L	TTG	L	419
PB1|PP755595.1|A/cattle/Texas/24-008749-003/2024(H5N1)	1257	G	A	0	0	0	23	11	48	1	23	5.08148e-15	TRUE	PB1:cds-XAJ25424.1	CTG	L	CTA	L	419
PB1|PP755595.1|A/cattle/Texas/24-008749-003/2024(H5N1)	1266	G	A	0	0	0	25	12	49	1	25	1.7939e-16	TRUE	PB1:cds-XAJ25424.1	TCG	S	TCA	S	422
PB1|PP755595.1|A/cattle/Texas/24-008749-003/2024(H5N1)	1269	T	C	0	0	0	25	12	51	1	25	3.30207e-17	TRUE	PB1:cds-XAJ25424.1	ATT	I	ATC	I	423
PB1|PP755595.1|A/cattle/Texas/24-008749-003/2024(H5N1)	1278	A	T	0	0	0	28	12	49	1	28	1.58905e-18	TRUE	PB1:cds-XAJ25424.1	CTA	L	CTT	L	426
PB1|PP755595.1|A/cattle/Texas/24-008749-003/2024(H5N1)	1292	A	C	31	13	48	1	0	24	0.03125	32	0.457143	FALSE	PB1:cds-XAJ25424.1	TAC	Y	TCC	S	431
PB1|PP755595.1|A/cattle/Texas/24-008749-003/2024(H5N1)	1302	A	C	0	0	0	30	10	46	1	30	1.80676e-20	TRUE	PB1:cds-XAJ25424.1	ACA	T	ACC	T	434
PB1|PP755595.1|A/cattle/Texas/24-008749-003/2024(H5N1)	1323	A	C	0	0	0	29	9	45	1	29	1.31664e-18	TRUE	PB1:cds-XAJ25424.1	CTA	L	CTC	L	441
PB1|PP755595.1|A/cattle/Texas/24-008749-003/2024(H5N1)	1329	T	C	0	0	0	29	10	43	1	29	8.73747e-18	TRUE	PB1:cds-XAJ25424.1	TCT	S	TCC	S	443
PB1|PP755595.1|A/cattle/Texas/24-008749-003/2024(H5N1)	1338	C	T	0	0	0	23	8	41	1	23	3.23021e-14	TRUE	PB1:cds-XAJ25424.1	GAC	D	GAT	D	446
PB1|PP755595.1|A/cattle/Texas/24-008749-003/2024(H5N1)	1341	T	C	0	0	0	24	9	40	1	24	3.10101e-14	TRUE	PB1:cds-XAJ25424.1	TTT	F	TTC	F	447
PB1|PP755595.1|A/cattle/Texas/24-008749-003/2024(H5N1)	1344	T	C	0	0	0	24	9	41	1	24	3.10101e-14	TRUE	PB1:cds-XAJ25424.1	GCT	A	GCC	A	448
PB1|PP755595.1|A/cattle/Texas/24-008749-003/2024(H5N1)	1350	C	A	0	0	0	26	9	40	1	26	2.01646e-15	TRUE	PB1:cds-XAJ25424.1	ATC	I	ATA	I	450
PB1|PP755595.1|A/cattle/Texas/24-008749-003/2024(H5N1)	1353	G	A	1	0	40	25	10	41	0.961538	26	2.87631e-14	TRUE	PB1:cds-XAJ25424.1	GTG	V	GTA	V	451
PB1|PP755595.1|A/cattle/Texas/24-008749-003/2024(H5N1)	1359	T	A	0	0	0	25	10	43	1	25	2.09402e-15	TRUE	PB1:cds-XAJ25424.1	GCT	A	GCA	A	453
PB1|PP755595.1|A/cattle/Texas/24-008749-003/2024(H5N1)	1361	C	A	23	10	42	1	0	24	0.0416667	24	0.470588	FALSE	PB1:cds-XAJ25424.1	CCA	P	CAA	Q	454
PB1|PP755595.1|A/cattle/Texas/24-008749-003/2024(H5N1)	1362	A	G	0	0	0	26	10	42	1	26	1.02725e-15	TRUE	PB1:cds-XAJ25424.1	CCA	P	CCG	P	454
PB1|PP755595.1|A/cattle/Texas/24-008749-003/2024(H5N1)	1373	G	A	26	9	42	1	1	40	0.037037	27	0.473684	FALSE	PB1:cds-XAJ25424.1	GGA	G	GAA	E	458
PB1|PP755595.1|A/cattle/Texas/24-008749-003/2024(H5N1)	1389	A	G	0	0	0	27	9	43	1	27	1.35411e-16	TRUE	PB1:cds-XAJ25424.1	GTA	V	GTG	V	463
PB1|PP755595.1|A/cattle/Texas/24-008749-003/2024(H5N1)	1392	C	T	0	0	0	26	9	42	1	26	8.18271e-17	TRUE	PB1:cds-XAJ25424.1	GAC	D	GAT	D	464
PB1|PP755595.1|A/cattle/Texas/24-008749-003/2024(H5N1)	1395	A	G	0	0	0	26	9	44	1	26	1.66235e-18	TRUE	PB1:cds-XAJ25424.1	AGA	R	AGG	R	465
PB1|PP755595.1|A/cattle/Texas/24-008749-003/2024(H5N1)	1404	A	G	0	0	0	38	9	45	1	38	2.92478e-24	TRUE	PB1:cds-XAJ25424.1	AGA	R	AGG	R	468
PB1|PP755595.1|A/cattle/Texas/24-008749-003/2024(H5N1)	1406	C	A	42	9	42	1	0	80	0.0232558	43	0.472527	FALSE	PB1:cds-XAJ25424.1	ACC	T	AAC	N	469
PB1|PP755595.1|A/cattle/Texas/24-008749-003/2024(H5N1)	1413	G	A	0	0	0	43	8	45	1	43	5.54726e-27	TRUE	PB1:cds-XAJ25424.1	AAG	K	AAA	K	471
PB1|PP755595.1|A/cattle/Texas/24-008749-003/2024(H5N1)	1419	A	C	0	0	0	39	8	44	1	39	7.36229e-25	TRUE	PB1:cds-XAJ25424.1	GTA	V	GTC	V	473
PB1|PP755595.1|A/cattle/Texas/24-008749-003/2024(H5N1)	1422	A	G	0	0	0	39	8	45	1	39	1.20136e-25	TRUE	PB1:cds-XAJ25424.1	GGA	G	GGG	G	474
PB1|PP755595.1|A/cattle/Texas/24-008749-003/2024(H5N1)	1443	G	A	0	0	0	42	9	45	1	42	6.32129e-27	TRUE	PB1:cds-XAJ25424.1	AAG	K	AAA	K	481
PB1|PP755595.1|A/cattle/Texas/24-008749-003/2024(H5N1)	1446	A	T	0	0	0	41	9	44	1	41	1.36961e-26	TRUE	PB1:cds-XAJ25424.1	TCA	S	TCT	S	482
PB1|PP755595.1|A/cattle/Texas/24-008749-003/2024(H5N1)	1456	A	C	0	0	0	42	12	47	1	42	1.88398e-27	TRUE	PB1:cds-XAJ25424.1	AGG	R	CGG	R	486
PB1|PP755595.1|A/cattle/Texas/24-008749-003/2024(H5N1)	1461	A	T	0	0	0	45	14	46	1	45	1.62738e-29	TRUE	PB1:cds-XAJ25424.1	ACA	T	ACT	T	487
PB1|PP755595.1|A/cattle/Texas/24-008749-003/2024(H5N1)	1473	A	G	0	0	0	44	16	48	1	44	6.49899e-30	TRUE	PB1:cds-XAJ25424.1	GAA	E	GAG	E	491
PB1|PP755595.1|A/cattle/Texas/24-008749-003/2024(H5N1)	1482	T	C	0	0	0	49	20	48	1	49	6.10778e-33	TRUE	PB1:cds-XAJ25424.1	AGT	S	AGC	S	494
PB1|PP755595.1|A/cattle/Texas/24-008749-003/2024(H5N1)	1506	A	G	0	0	0	40	19	51	1	40	5.84983e-28	TRUE	PB1:cds-XAJ25424.1	GTA	V	GTG	V	502
PB1|PP755595.1|A/cattle/Texas/24-008749-003/2024(H5N1)	1507	G	A	37	17	53	4	3	50	0.097561	41	0.0292279	FALSE	PB1:cds-XAJ25424.1	GCC	A	ACC	T	503
PB1|PP755595.1|A/cattle/Texas/24-008749-003/2024(H5N1)	1509	C	T	0	0	0	40	20	54	1	40	5.84983e-28	TRUE	PB1:cds-XAJ25424.1	GCC	A	GCT	A	503
PB1|PP755595.1|A/cattle/Texas/24-008749-003/2024(H5N1)	1512	T	C	0	0	0	41	21	51	1	41	1.43815e-28	TRUE	PB1:cds-XAJ25424.1	AAT	N	AAC	N	504
PB1|PP755595.1|A/cattle/Texas/24-008749-003/2024(H5N1)	1518	C	T	0	0	0	42	21	53	1	42	1.21598e-29	TRUE	PB1:cds-XAJ25424.1	AGC	S	AGT	S	506
PB1|PP755595.1|A/cattle/Texas/24-008749-003/2024(H5N1)	1525	T	C	0	0	0	45	23	52	1	45	5.29695e-31	TRUE	PB1:cds-XAJ25424.1	TTG	L	CTG	L	509
PB1|PP755595.1|A/cattle/Texas/24-008749-003/2024(H5N1)	1536	T	G	49	24	49	1	1	40	0.02	50	0.438596	FALSE	PB1:cds-XAJ25424.1	TTT	F	TTG	L	512
PB1|PP755595.1|A/cattle/Texas/24-008749-003/2024(H5N1)	1550	T	G	39	27	48	1	1	24	0.025	40	0.449438	FALSE	PB1:cds-XAJ25424.1	ATC	I	AGC	S	517
PB1|PP755595.1|A/cattle/Texas/24-008749-003/2024(H5N1)	1555	G	A	42	28	45	1	0	80	0.0232558	43	0.462366	FALSE	PB1:cds-XAJ25424.1	GAA	E	AAA	K	519
PB1|PP755595.1|A/cattle/Texas/24-008749-003/2024(H5N1)	1560	T	A	0	0	0	41	28	43	1	41	8.73329e-26	TRUE	PB1:cds-XAJ25424.1	TCT	S	TCA	S	520
PB1|PP755595.1|A/cattle/Texas/24-008749-003/2024(H5N1)	1563	A	T	0	0	0	41	28	43	0.97619	42	4.66437e-26	TRUE	PB1:cds-XAJ25424.1	GCA	A	GCT	A	521
PB1|PP755595.1|A/cattle/Texas/24-008749-003/2024(H5N1)	1563	A	C	0	0	0	1	1	40	0.0238095	42	0.0208333	FALSE	PB1:cds-XAJ25424.1	GCA	A	GCC	A	521
PB1|PP755595.1|A/cattle/Texas/24-008749-003/2024(H5N1)	1578	A	C	0	0	0	44	30	43	1	44	1.39784e-27	TRUE	PB1:cds-XAJ25424.1	GGA	G	GGC	G	526
PB1|PP755595.1|A/cattle/Texas/24-008749-003/2024(H5N1)	1581	A	C	0	0	0	43	29	44	1	43	2.95452e-27	TRUE	PB1:cds-XAJ25424.1	GTA	V	GTC	V	527
PB1|PP755595.1|A/cattle/Texas/24-008749-003/2024(H5N1)	1586	T	C	48	35	43	1	1	40	0.0204082	49	0.471154	FALSE	PB1:cds-XAJ25424.1	GTG	V	GCG	A	529
PB1|PP755595.1|A/cattle/Texas/24-008749-003/2024(H5N1)	1605	C	A	0	0	0	44	32	43	1	44	7.4353e-28	TRUE	PB1:cds-XAJ25424.1	ATC	I	ATA	I	535
PB1|PP755595.1|A/cattle/Texas/24-008749-003/2024(H5N1)	1614	T	C	0	0	0	38	28	41	1	38	1.58572e-24	TRUE	PB1:cds-XAJ25424.1	GAT	D	GAC	D	538
PB1|PP755595.1|A/cattle/Texas/24-008749-003/2024(H5N1)	1632	C	T	0	0	0	34	23	44	1	34	2.52168e-21	TRUE	PB1:cds-XAJ25424.1	GCC	A	GCT	A	544
PB1|PP755595.1|A/cattle/Texas/24-008749-003/2024(H5N1)	1641	T	C	0	0	0	26	17	41	0.962963	27	8.21007e-18	TRUE	PB1:cds-XAJ25424.1	GCT	A	GCC	A	547
PB1|PP755595.1|A/cattle/Texas/24-008749-003/2024(H5N1)	1641	T	A	0	0	0	1	0	40	0.037037	27	0.0277778	FALSE	PB1:cds-XAJ25424.1	GCT	A	GCA	A	547
PB1|PP755595.1|A/cattle/Texas/24-008749-003/2024(H5N1)	1644	A	T	0	0	0	29	18	44	1	29	1.31664e-18	TRUE	PB1:cds-XAJ25424.1	CTA	L	CTT	L	548
PB1|PP755595.1|A/cattle/Texas/24-008749-003/2024(H5N1)	1645	C	A	26	18	42	1	0	24	0.037037	27	0.442623	FALSE	PB1:cds-XAJ25424.1	CAG	Q	AAG	K	549
PB1|PP755595.1|A/cattle/Texas/24-008749-003/2024(H5N1)	1647	G	C	0	0	0	1	0	24	0.0333333	30	0.0285714	FALSE	PB1:cds-XAJ25424.1	CAG	Q	CAC	H	549
PB1|PP755595.1|A/cattle/Texas/24-008749-003/2024(H5N1)	1647	G	A	0	0	0	29	19	44	0.966667	30	1.31664e-18	TRUE	PB1:cds-XAJ25424.1	CAG	Q	CAA	Q	549
PB1|PP755595.1|A/cattle/Texas/24-008749-003/2024(H5N1)	1659	G	A	0	0	0	30	21	46	1	30	1.00103e-19	TRUE	PB1:cds-XAJ25424.1	AAG	K	AAA	K	553
PB1|PP755595.1|A/cattle/Texas/24-008749-003/2024(H5N1)	1668	A	G	0	0	0	28	20	47	1	28	2.86028e-18	TRUE	PB1:cds-XAJ25424.1	AGA	R	AGG	R	556
PB1|PP755595.1|A/cattle/Texas/24-008749-003/2024(H5N1)	1674	A	G	0	0	0	27	20	45	1	27	3.80919e-17	TRUE	PB1:cds-XAJ25424.1	ACA	T	ACG	T	558
PB1|PP755595.1|A/cattle/Texas/24-008749-003/2024(H5N1)	1677	T	C	0	0	0	27	20	45	1	27	3.80919e-17	TRUE	PB1:cds-XAJ25424.1	TAT	Y	TAC	Y	559
PB1|PP755595.1|A/cattle/Texas/24-008749-003/2024(H5N1)	1683	T	C	0	0	0	26	22	46	1	26	2.80852e-16	TRUE	PB1:cds-XAJ25424.1	TGT	C	TGC	C	561
PB1|PP755595.1|A/cattle/Texas/24-008749-003/2024(H5N1)	1690	G	A	26	21	46	1	1	40	0.037037	27	0.465517	FALSE	PB1:cds-XAJ25424.1	GGA	G	AGA	R	564
PB1|PP755595.1|A/cattle/Texas/24-008749-003/2024(H5N1)	1692	A	T	0	0	0	24	19	47	1	24	7.12931e-16	TRUE	PB1:cds-XAJ25424.1	GGA	G	GGT	G	564
PB1|PP755595.1|A/cattle/Texas/24-008749-003/2024(H5N1)	1698	A	G	25	19	47	1	0	40	0.0384615	26	0.45614	FALSE	PB1:cds-XAJ25424.1	ACA	T	ACG	T	566
PB1|PP755595.1|A/cattle/Texas/24-008749-003/2024(H5N1)	1710	A	T	0	0	0	1	1	24	0.05	20	0.0333333	FALSE	PB1:cds-XAJ25424.1	ACA	T	ACT	T	570
PB1|PP755595.1|A/cattle/Texas/24-008749-003/2024(H5N1)	1710	A	G	0	0	0	19	12	41	0.95	20	8.66412e-14	TRUE	PB1:cds-XAJ25424.1	ACA	T	ACG	T	570
PB1|PP755595.1|A/cattle/Texas/24-008749-003/2024(H5N1)	1713	G	T	18	12	40	1	1	24	0.0526316	19	0.395833	FALSE	PB1:cds-XAJ25424.1	AGG	R	AGT	S	571
PB1|PP755595.1|A/cattle/Texas/24-008749-003/2024(H5N1)	1716	G	A	0	0	0	24	18	45	1	24	4.35555e-15	TRUE	PB1:cds-XAJ25424.1	AGG	R	AGA	R	572
PB1|PP755595.1|A/cattle/Texas/24-008749-003/2024(H5N1)	1723	G	A	25	19	41	2	2	37	0.0740741	27	0.245283	FALSE	PB1:cds-XAJ25424.1	GAG	E	AAG	K	575
PB1|PP755595.1|A/cattle/Texas/24-008749-003/2024(H5N1)	1731	A	G	0	0	0	21	15	36	1	21	1.85785e-12	TRUE	PB1:cds-XAJ25424.1	AAA	K	AAG	K	577
PB1|PP755595.1|A/cattle/Texas/24-008749-003/2024(H5N1)	1735	T	C	0	0	0	20	15	38	1	20	7.25444e-12	TRUE	PB1:cds-XAJ25424.1	TTA	L	CTA	L	579
PB1|PP755595.1|A/cattle/Texas/24-008749-003/2024(H5N1)	1737	A	G	1	1	40	19	14	39	0.95	20	2.90178e-10	TRUE	PB1:cds-XAJ25424.1	TTA	L	TTG	L	579
PB1|PP755595.1|A/cattle/Texas/24-008749-003/2024(H5N1)	1746	A	G	0	0	0	22	16	40	1	22	9.50526e-13	TRUE	PB1:cds-XAJ25424.1	CAA	Q	CAG	Q	582
PB1|PP755595.1|A/cattle/Texas/24-008749-003/2024(H5N1)	1752	C	T	0	0	0	22	16	39	1	22	9.50526e-13	TRUE	PB1:cds-XAJ25424.1	CGC	R	CGT	R	584
PB1|PP755595.1|A/cattle/Texas/24-008749-003/2024(H5N1)	1758	A	G	0	0	0	19	13	37	1	19	2.82923e-11	TRUE	PB1:cds-XAJ25424.1	AAA	K	AAG	K	586
PB1|PP755595.1|A/cattle/Texas/24-008749-003/2024(H5N1)	1759	C	G	0	0	0	19	13	40	1	19	2.82923e-11	TRUE	PB1:cds-XAJ25424.1	CCA	P	GCA	A	587
PB1|PP755595.1|A/cattle/Texas/24-008749-003/2024(H5N1)	1768	C	T	0	0	0	23	14	38	1	23	2.42912e-13	TRUE	PB1:cds-XAJ25424.1	CTG	L	TTG	L	590
PB1|PP755595.1|A/cattle/Texas/24-008749-003/2024(H5N1)	1773	C	G	0	0	0	22	13	39	1	22	4.75263e-13	TRUE	PB1:cds-XAJ25424.1	GTC	V	GTG	V	591
PB1|PP755595.1|A/cattle/Texas/24-008749-003/2024(H5N1)	1774	T	G	21	12	39	1	1	24	0.0454545	22	0.5	FALSE	PB1:cds-XAJ25424.1	TCA	S	GCA	A	592
PB1|PP755595.1|A/cattle/Texas/24-008749-003/2024(H5N1)	1785	G	A	0	0	0	22	14	40	1	22	4.75263e-13	TRUE	PB1:cds-XAJ25424.1	GGG	G	GGA	G	595
PB1|PP755595.1|A/cattle/Texas/24-008749-003/2024(H5N1)	1794	A	C	22	14	39	1	0	24	0.0434783	23	0.511111	FALSE	PB1:cds-XAJ25424.1	CTA	L	CTC	L	598
PB1|PP755595.1|A/cattle/Texas/24-008749-003/2024(H5N1)	1800	T	C	0	0	0	5	2	40	1	5	0.00793651	TRUE	PB1:cds-XAJ25424.1	AAT	N	AAC	N	600
PB1|PP755595.1|A/cattle/Texas/24-008749-003/2024(H5N1)	1803	C	T	0	0	0	5	2	40	1	5	0.00793651	TRUE	PB1:cds-XAJ25424.1	ATC	I	ATT	I	601
PB1|PP755595.1|A/cattle/Texas/24-008749-003/2024(H5N1)	1806	A	G	0	0	0	5	2	40	1	5	0.00793651	TRUE	PB1:cds-XAJ25424.1	CGA	R	CGG	R	602
PB1|PP755595.1|A/cattle/Texas/24-008749-003/2024(H5N1)	1815	C	T	0	0	0	5	2	40	1	5	0.00793651	TRUE	PB1:cds-XAJ25424.1	CAC	H	CAT	H	605
PB1|PP755595.1|A/cattle/Texas/24-008749-003/2024(H5N1)	1818	T	C	0	0	0	5	2	40	1	5	0.00793651	TRUE	PB1:cds-XAJ25424.1	ATT	I	ATC	I	606
PB1|PP755595.1|A/cattle/Texas/24-008749-003/2024(H5N1)	1821	G	A	0	0	0	5	2	40	1	5	0.00793651	TRUE	PB1:cds-XAJ25424.1	CCG	P	CCA	P	607
PB1|PP755595.1|A/cattle/Texas/24-008749-003/2024(H5N1)	1824	A	G	0	0	0	5	2	40	1	5	0.00793651	TRUE	PB1:cds-XAJ25424.1	GAA	E	GAG	E	608
PB1|PP755595.1|A/cattle/Texas/24-008749-003/2024(H5N1)	1831	T	C	0	0	0	7	4	40	1	7	0.000582751	TRUE	PB1:cds-XAJ25424.1	TTA	L	CTA	L	611
PB1|PP755595.1|A/cattle/Texas/24-008749-003/2024(H5N1)	1833	A	G	0	0	0	7	4	40	1	7	0.000582751	TRUE	PB1:cds-XAJ25424.1	TTA	L	TTG	L	611
PB1|PP755595.1|A/cattle/Texas/24-008749-003/2024(H5N1)	1836	A	G	0	0	0	7	4	37	1	7	0.000582751	TRUE	PB1:cds-XAJ25424.1	AAA	K	AAG	K	612
PB1|PP755595.1|A/cattle/Texas/24-008749-003/2024(H5N1)	1842	G	T	0	0	0	7	4	40	1	7	0.000582751	TRUE	PB1:cds-XAJ25424.1	GAG	E	GAT	D	614
PB1|PP755595.1|A/cattle/Texas/24-008749-003/2024(H5N1)	1845	A	G	0	0	0	7	5	43	1	7	0.000291375	TRUE	PB1:cds-XAJ25424.1	CTA	L	CTG	L	615
PB1|PP755595.1|A/cattle/Texas/24-008749-003/2024(H5N1)	1857	C	T	0	0	0	21	10	53	1	21	4.48144e-14	TRUE	PB1:cds-XAJ25424.1	GAC	D	GAT	D	619
PB1|PP755595.1|A/cattle/Texas/24-008749-003/2024(H5N1)	1860	T	C	0	0	0	20	10	46	1	20	5.97526e-14	TRUE	PB1:cds-XAJ25424.1	TAT	Y	TAC	Y	620
PB1|PP755595.1|A/cattle/Texas/24-008749-003/2024(H5N1)	1866	A	C	0	0	0	24	10	49	1	24	7.12931e-16	TRUE	PB1:cds-XAJ25424.1	GGA	G	GGC	G	622
PB1|PP755595.1|A/cattle/Texas/24-008749-003/2024(H5N1)	1872	T	G	0	0	0	24	10	51	1	24	7.12931e-16	TRUE	PB1:cds-XAJ25424.1	CTT	L	CTG	L	624
PB1|PP755595.1|A/cattle/Texas/24-008749-003/2024(H5N1)	1881	C	T	0	0	0	23	9	46	1	23	1.71399e-14	TRUE	PB1:cds-XAJ25424.1	CCC	P	CCT	P	627
PB1|PP755595.1|A/cattle/Texas/24-008749-003/2024(H5N1)	1882	C	T	0	0	0	22	9	47	1	22	3.65155e-14	TRUE	PB1:cds-XAJ25424.1	CTG	L	TTG	L	628
PB1|PP755595.1|A/cattle/Texas/24-008749-003/2024(H5N1)	1887	T	C	0	0	0	23	9	45	1	23	1.71399e-14	TRUE	PB1:cds-XAJ25424.1	AAT	N	AAC	N	629
PB1|PP755595.1|A/cattle/Texas/24-008749-003/2024(H5N1)	1890	G	A	0	0	0	23	9	46	1	23	1.71399e-14	TRUE	PB1:cds-XAJ25424.1	CCG	P	CCA	P	630
PB1|PP755595.1|A/cattle/Texas/24-008749-003/2024(H5N1)	1896	A	C	0	0	0	27	10	45	1	27	2.066e-17	TRUE	PB1:cds-XAJ25424.1	GTA	V	GTC	V	632
PB1|PP755595.1|A/cattle/Texas/24-008749-003/2024(H5N1)	1902	C	T	0	0	0	28	10	46	1	28	9.64135e-18	TRUE	PB1:cds-XAJ25424.1	CAC	H	CAT	H	634
PB1|PP755595.1|A/cattle/Texas/24-008749-003/2024(H5N1)	1911	A	T	0	0	0	28	10	47	1	28	2.86028e-18	TRUE	PB1:cds-XAJ25424.1	ATA	I	ATT	I	637
PB1|PP755595.1|A/cattle/Texas/24-008749-003/2024(H5N1)	1917	T	C	0	0	0	28	10	47	1	28	8.93839e-19	TRUE	PB1:cds-XAJ25424.1	TCT	S	TCC	S	639
PB1|PP755595.1|A/cattle/Texas/24-008749-003/2024(H5N1)	1920	G	A	0	0	0	29	11	45	1	29	1.26797e-19	TRUE	PB1:cds-XAJ25424.1	GTG	V	GTA	V	640
PB1|PP755595.1|A/cattle/Texas/24-008749-003/2024(H5N1)	1944	T	C	0	0	0	26	17	46	1	26	1.50456e-16	TRUE	PB1:cds-XAJ25424.1	GCT	A	GCC	A	648
PB1|PP755595.1|A/cattle/Texas/24-008749-003/2024(H5N1)	1947	T	C	0	0	0	26	17	46	1	26	1.50456e-16	TRUE	PB1:cds-XAJ25424.1	CAT	H	CAC	H	649
PB1|PP755595.1|A/cattle/Texas/24-008749-003/2024(H5N1)	1950	C	T	0	0	0	25	17	48	1	25	5.94109e-16	TRUE	PB1:cds-XAJ25424.1	GGC	G	GGT	G	650
PB1|PP755595.1|A/cattle/Texas/24-008749-003/2024(H5N1)	1956	T	C	0	0	0	24	17	48	1	24	2.3453e-15	TRUE	PB1:cds-XAJ25424.1	GCT	A	GCC	A	652
PB1|PP755595.1|A/cattle/Texas/24-008749-003/2024(H5N1)	1959	G	A	0	0	0	24	17	48	1	24	2.3453e-15	TRUE	PB1:cds-XAJ25424.1	AAG	K	AAA	K	653
PB1|PP755595.1|A/cattle/Texas/24-008749-003/2024(H5N1)	1962	T	C	0	0	0	24	17	48	1	24	2.3453e-15	TRUE	PB1:cds-XAJ25424.1	AGT	S	AGC	S	654
PB1|PP755595.1|A/cattle/Texas/24-008749-003/2024(H5N1)	1977	T	C	0	0	0	30	17	46	1	30	6.17174e-19	TRUE	PB1:cds-XAJ25424.1	GCT	A	GCC	A	659
PB1|PP755595.1|A/cattle/Texas/24-008749-003/2024(H5N1)	1983	C	A	0	0	0	24	14	42	1	24	2.3453e-15	TRUE	PB1:cds-XAJ25424.1	GCC	A	GCA	A	661
PB1|PP755595.1|A/cattle/Texas/24-008749-003/2024(H5N1)	1986	C	T	0	0	0	24	14	43	1	24	2.3453e-15	TRUE	PB1:cds-XAJ25424.1	ACC	T	ACT	T	662
PB1|PP755595.1|A/cattle/Texas/24-008749-003/2024(H5N1)	1989	T	A	0	0	0	24	14	43	1	24	2.3453e-15	TRUE	PB1:cds-XAJ25424.1	ACT	T	ACA	T	663
PB1|PP755595.1|A/cattle/Texas/24-008749-003/2024(H5N1)	1995	C	A	0	0	0	24	14	43	1	24	4.35555e-15	TRUE	PB1:cds-XAJ25424.1	TCC	S	TCA	S	665
PB1|PP755595.1|A/cattle/Texas/24-008749-003/2024(H5N1)	2001	C	T	0	0	0	23	13	42	1	23	6.20201e-14	TRUE	PB1:cds-XAJ25424.1	ATC	I	ATT	I	667
PB1|PP755595.1|A/cattle/Texas/24-008749-003/2024(H5N1)	2007	G	A	0	0	0	24	13	40	1	24	1.58215e-14	TRUE	PB1:cds-XAJ25424.1	AAG	K	AAA	K	669
PB1|PP755595.1|A/cattle/Texas/24-008749-003/2024(H5N1)	2013	C	T	0	0	0	21	12	41	1	21	4.96866e-13	TRUE	PB1:cds-XAJ25424.1	AAC	N	AAT	N	671
PB1|PP755595.1|A/cattle/Texas/24-008749-003/2024(H5N1)	2016	C	T	0	0	0	21	12	41	1	21	1.85785e-12	TRUE	PB1:cds-XAJ25424.1	CGC	R	CGT	R	672
PB1|PP755595.1|A/cattle/Texas/24-008749-003/2024(H5N1)	2019	T	C	0	0	0	21	12	41	1	21	1.85785e-12	TRUE	PB1:cds-XAJ25424.1	TCT	S	TCC	S	673
PB1|PP755595.1|A/cattle/Texas/24-008749-003/2024(H5N1)	2025	T	C	0	0	0	23	14	41	1	23	6.20201e-14	TRUE	PB1:cds-XAJ25424.1	CTT	L	CTC	L	675
PB1|PP755595.1|A/cattle/Texas/24-008749-003/2024(H5N1)	2031	A	C	0	0	0	22	13	42	1	22	1.26737e-13	TRUE	PB1:cds-XAJ25424.1	ACA	T	ACC	T	677
PB1|PP755595.1|A/cattle/Texas/24-008749-003/2024(H5N1)	2034	C	T	0	0	0	22	13	44	1	22	1.26737e-13	TRUE	PB1:cds-XAJ25424.1	AGC	S	AGT	S	678
PB1|PP755595.1|A/cattle/Texas/24-008749-003/2024(H5N1)	2046	C	T	0	0	0	30	14	46	1	30	1.81268e-19	TRUE	PB1:cds-XAJ25424.1	ATC	I	ATT	I	682
PB1|PP755595.1|A/cattle/Texas/24-008749-003/2024(H5N1)	2052	A	G	0	0	0	31	15	47	1	31	8.38702e-20	TRUE	PB1:cds-XAJ25424.1	GAA	E	GAG	E	684
PB1|PP755595.1|A/cattle/Texas/24-008749-003/2024(H5N1)	2055	C	T	0	0	0	31	15	47	1	31	4.56353e-20	TRUE	PB1:cds-XAJ25424.1	GAC	D	GAT	D	685
PB1|PP755595.1|A/cattle/Texas/24-008749-003/2024(H5N1)	2067	T	C	0	0	0	27	11	49	1	27	2.04306e-18	TRUE	PB1:cds-XAJ25424.1	TAT	Y	TAC	Y	689
PB1|PP755595.1|A/cattle/Texas/24-008749-003/2024(H5N1)	2070	A	G	0	0	0	27	11	45	1	27	6.33348e-18	TRUE	PB1:cds-XAJ25424.1	CAA	Q	CAG	Q	690
PB1|PP755595.1|A/cattle/Texas/24-008749-003/2024(H5N1)	2073	G	A	0	0	0	27	11	49	1	27	6.33348e-18	TRUE	PB1:cds-XAJ25424.1	AAG	K	AAA	K	691
PB1|PP755595.1|A/cattle/Texas/24-008749-003/2024(H5N1)	2077	T	C	28	12	49	1	0	40	0.0344828	29	0.453125	FALSE	PB1:cds-XAJ25424.1	TGC	C	CGC	R	693
PB1|PP755595.1|A/cattle/Texas/24-008749-003/2024(H5N1)	2081	A	G	0	0	0	29	12	49	1	29	7.20037e-19	TRUE	PB1:cds-XAJ25424.1	AAT	N	AGT	S	694
PB1|PP755595.1|A/cattle/Texas/24-008749-003/2024(H5N1)	2088	T	C	0	0	0	28	12	47	1	28	5.21581e-18	TRUE	PB1:cds-XAJ25424.1	TTT	F	TTC	F	696
PB1|PP755595.1|A/cattle/Texas/24-008749-003/2024(H5N1)	2091	A	G	0	0	0	28	12	48	1	28	5.21581e-18	TRUE	PB1:cds-XAJ25424.1	GAA	E	GAG	E	697
PB1|PP755595.1|A/cattle/Texas/24-008749-003/2024(H5N1)	2103	T	C	0	0	0	26	13	46	1	26	2.52511e-17	TRUE	PB1:cds-XAJ25424.1	CCT	P	CCC	P	701
PB1|PP755595.1|A/cattle/Texas/24-008749-003/2024(H5N1)	2106	C	T	0	0	0	27	15	49	1	27	6.90515e-19	TRUE	PB1:cds-XAJ25424.1	AGC	S	AGT	S	702
PB1|PP755595.1|A/cattle/Texas/24-008749-003/2024(H5N1)	2121	G	A	0	0	0	33	20	52	1	33	4.91759e-22	TRUE	PB1:cds-XAJ25424.1	AGG	R	AGA	R	707
PB1|PP755595.1|A/cattle/Texas/24-008749-003/2024(H5N1)	2124	G	A	0	0	0	34	21	50	1	34	1.22856e-22	TRUE	PB1:cds-XAJ25424.1	CCG	P	CCA	P	708
PB1|PP755595.1|A/cattle/Texas/24-008749-003/2024(H5N1)	2157	T	G	0	0	0	29	19	52	1	29	7.2722e-20	TRUE	PB1:cds-XAJ25424.1	GTT	V	GTG	V	719
PB1|PP755595.1|A/cattle/Texas/24-008749-003/2024(H5N1)	2163	G	A	26	17	47	1	0	80	0.037037	27	0.409091	FALSE	PB1:cds-XAJ25424.1	AGG	R	AGA	R	721
PB1|PP755595.1|A/cattle/Texas/24-008749-003/2024(H5N1)	2172	T	C	0	0	0	29	21	56	1	29	8.72348e-21	TRUE	PB1:cds-XAJ25424.1	ATT	I	ATC	I	724
PB1|PP755595.1|A/cattle/Texas/24-008749-003/2024(H5N1)	2181	A	C	0	0	0	29	22	56	1	29	4.21577e-20	TRUE	PB1:cds-XAJ25424.1	CGA	R	CGC	R	727
PB1|PP755595.1|A/cattle/Texas/24-008749-003/2024(H5N1)	2187	C	T	0	0	0	28	21	56	1	28	1.00306e-19	TRUE	PB1:cds-XAJ25424.1	GAC	D	GAT	D	729
PB1|PP755595.1|A/cattle/Texas/24-008749-003/2024(H5N1)	2200	C	A	0	0	0	25	19	56	1	25	6.78401e-18	TRUE	PB1:cds-XAJ25424.1	CGG	R	AGG	R	734
PB1|PP755595.1|A/cattle/Texas/24-008749-003/2024(H5N1)	2205	T	C	0	0	0	25	19	53	1	25	1.13678e-17	TRUE	PB1:cds-XAJ25424.1	ATT	I	ATC	I	735
PB1|PP755595.1|A/cattle/Texas/24-008749-003/2024(H5N1)	2208	G	A	0	0	0	24	19	54	1	24	4.6229e-17	TRUE	PB1:cds-XAJ25424.1	AAG	K	AAA	K	736
PB1|PP755595.1|A/cattle/Texas/24-008749-003/2024(H5N1)	2214	G	A	0	0	0	23	19	57	1	23	5.35779e-16	TRUE	PB1:cds-XAJ25424.1	GAG	E	GAA	E	738
PB1|PP755595.1|A/cattle/Texas/24-008749-003/2024(H5N1)	2224	G	T	19	15	45	1	1	24	0.05	20	0.392157	FALSE	PB1:cds-XAJ25424.1	GAG	E	TAG	*	742
