REGION	POS	REF	ALT	REF_DP	REF_RV	REF_QUAL	ALT_DP	ALT_RV	ALT_QUAL	ALT_FREQ	TOTAL_DP	PVAL	PASS	GFF_FEATURE	REF_CODON	REF_AA	ALT_CODON	ALT_AA	POS_AA
NP|PP755592.1|A/cattle/Texas/24-008749-003/2024(H5N1)	86	T	C	40	15	48	1	0	20	0.0243902	41	0.46802	FALSE	NP:cds-XAJ25419.1	GTT	V	GCT	A	29
NP|PP755592.1|A/cattle/Texas/24-008749-003/2024(H5N1)	109	G	A	47	18	50	1	0	33	0.0208333	48	0.284024	FALSE	NP:cds-XAJ25419.1	GGG	G	AGG	R	37
NP|PP755592.1|A/cattle/Texas/24-008749-003/2024(H5N1)	154	C	T	0	0	0	84	20	48	1	84	1.39011e-68	TRUE	NP:cds-XAJ25419.1	CAC	H	TAC	Y	52
NP|PP755592.1|A/cattle/Texas/24-008749-003/2024(H5N1)	182	T	C	99	24	49	1	0	30	0.01	100	0.359712	FALSE	NP:cds-XAJ25419.1	ATA	I	ACA	T	61
NP|PP755592.1|A/cattle/Texas/24-008749-003/2024(H5N1)	217	G	-AAA	113	37	50	2	0	20	0.0110497	181	0.336883	FALSE	NA	NA	NA	NA	NA	NA
NP|PP755592.1|A/cattle/Texas/24-008749-003/2024(H5N1)	219	A	G	0	0	0	115	40	50	1	115	1.6907e-85	TRUE	NP:cds-XAJ25419.1	GAA	E	GAG	E	73
NP|PP755592.1|A/cattle/Texas/24-008749-003/2024(H5N1)	249	C	T	0	0	0	142	51	50	1	142	5.33565e-99	TRUE	NP:cds-XAJ25419.1	CCC	P	CCT	P	83
NP|PP755592.1|A/cattle/Texas/24-008749-003/2024(H5N1)	258	A	G	0	0	0	144	52	50	1	144	4.27293e-102	TRUE	NP:cds-XAJ25419.1	GGA	G	GGG	G	86
NP|PP755592.1|A/cattle/Texas/24-008749-003/2024(H5N1)	333	C	T	0	0	0	163	72	52	1	163	2.21291e-115	TRUE	NP:cds-XAJ25419.1	TAC	Y	TAT	Y	111
NP|PP755592.1|A/cattle/Texas/24-008749-003/2024(H5N1)	405	C	T	0	0	0	159	67	50	1	159	1.57564e-111	TRUE	NP:cds-XAJ25419.1	CAC	H	CAT	H	135
NP|PP755592.1|A/cattle/Texas/24-008749-003/2024(H5N1)	427	C	T	0	0	0	157	69	50	1	157	4.54557e-110	TRUE	NP:cds-XAJ25419.1	CTG	L	TTG	L	143
NP|PP755592.1|A/cattle/Texas/24-008749-003/2024(H5N1)	480	T	C	0	0	0	155	73	46	1	155	4.45368e-109	TRUE	NP:cds-XAJ25419.1	GAT	D	GAC	D	160
NP|PP755592.1|A/cattle/Texas/24-008749-003/2024(H5N1)	495	A	T	0	0	0	151	69	47	1	151	3.70076e-106	TRUE	NP:cds-XAJ25419.1	TCA	S	TCT	S	165
NP|PP755592.1|A/cattle/Texas/24-008749-003/2024(H5N1)	543	G	A	0	0	0	148	62	46	1	148	3.16996e-99	TRUE	NP:cds-XAJ25419.1	GCG	A	GCA	A	181
NP|PP755592.1|A/cattle/Texas/24-008749-003/2024(H5N1)	585	A	G	0	0	0	153	65	49	1	153	3.09043e-105	TRUE	NP:cds-XAJ25419.1	CGA	R	CGG	R	195
NP|PP755592.1|A/cattle/Texas/24-008749-003/2024(H5N1)	600	A	G	0	0	0	161	74	47	1	161	7.6565e-111	TRUE	NP:cds-XAJ25419.1	GGA	G	GGG	G	200
NP|PP755592.1|A/cattle/Texas/24-008749-003/2024(H5N1)	627	T	C	0	0	0	156	76	47	1	156	3.20172e-109	TRUE	NP:cds-XAJ25419.1	GGT	G	GGC	G	209
NP|PP755592.1|A/cattle/Texas/24-008749-003/2024(H5N1)	630	A	G	0	0	0	159	79	48	1	159	7.29015e-110	TRUE	NP:cds-XAJ25419.1	GAA	E	GAG	E	210
NP|PP755592.1|A/cattle/Texas/24-008749-003/2024(H5N1)	633	C	T	0	0	0	158	81	47	1	158	9.03728e-109	TRUE	NP:cds-XAJ25419.1	AAC	N	AAT	N	211
NP|PP755592.1|A/cattle/Texas/24-008749-003/2024(H5N1)	654	C	A	0	0	0	165	85	50	0.993976	166	5.47015e-118	TRUE	NP:cds-XAJ25419.1	GCC	A	GCA	A	218
NP|PP755592.1|A/cattle/Texas/24-008749-003/2024(H5N1)	675	C	T	0	0	0	172	87	50	1	172	1.96722e-120	TRUE	NP:cds-XAJ25419.1	ATC	I	ATT	I	225
NP|PP755592.1|A/cattle/Texas/24-008749-003/2024(H5N1)	683	G	-A	172	90	50	24	0	20	0.0979592	245	1.92041e-07	TRUE	NA	NA	NA	NA	NA	NA
NP|PP755592.1|A/cattle/Texas/24-008749-003/2024(H5N1)	738	G	A	0	0	0	188	99	49	1	188	6.18715e-131	TRUE	NP:cds-XAJ25419.1	CGG	R	CGA	R	246
NP|PP755592.1|A/cattle/Texas/24-008749-003/2024(H5N1)	756	A	G	0	0	0	191	112	49	1	191	5.23093e-133	TRUE	NP:cds-XAJ25419.1	GAA	E	GAG	E	252
NP|PP755592.1|A/cattle/Texas/24-008749-003/2024(H5N1)	846	A	G	180	105	46	3	2	39	0.0163934	183	0.0747743	FALSE	NP:cds-XAJ25419.1	GGA	G	GGG	G	282
NP|PP755592.1|A/cattle/Texas/24-008749-003/2024(H5N1)	882	G	A	0	0	0	178	96	48	1	178	3.78319e-123	TRUE	NP:cds-XAJ25419.1	GAG	E	GAA	E	294
NP|PP755592.1|A/cattle/Texas/24-008749-003/2024(H5N1)	900	A	G	0	0	0	189	92	48	1	189	3.37866e-133	TRUE	NP:cds-XAJ25419.1	GGA	G	GGG	G	300
NP|PP755592.1|A/cattle/Texas/24-008749-003/2024(H5N1)	918	G	A	0	0	0	186	88	48	1	186	5.99384e-130	TRUE	NP:cds-XAJ25419.1	CTG	L	CTA	L	306
NP|PP755592.1|A/cattle/Texas/24-008749-003/2024(H5N1)	924	G	A	0	0	0	189	91	50	1	189	5.06616e-132	TRUE	NP:cds-XAJ25419.1	CAG	Q	CAA	Q	308
NP|PP755592.1|A/cattle/Texas/24-008749-003/2024(H5N1)	926	A	G	186	88	49	2	1	55	0.0106383	188	0.175555	FALSE	NP:cds-XAJ25419.1	AAC	N	AGC	S	309
NP|PP755592.1|A/cattle/Texas/24-008749-003/2024(H5N1)	936	T	C	0	0	0	175	81	49	1	175	1.12336e-123	TRUE	NP:cds-XAJ25419.1	GTT	V	GTC	V	312
NP|PP755592.1|A/cattle/Texas/24-008749-003/2024(H5N1)	951	A	G	0	0	0	174	89	48	1	174	2.30956e-122	TRUE	NP:cds-XAJ25419.1	AGA	R	AGG	R	317
NP|PP755592.1|A/cattle/Texas/24-008749-003/2024(H5N1)	957	T	C	0	0	0	171	83	48	1	171	9.33708e-121	TRUE	NP:cds-XAJ25419.1	AAT	N	AAC	N	319
NP|PP755592.1|A/cattle/Texas/24-008749-003/2024(H5N1)	972	C	T	0	0	0	170	86	48	1	170	9.78961e-119	TRUE	NP:cds-XAJ25419.1	CAC	H	CAT	H	324
NP|PP755592.1|A/cattle/Texas/24-008749-003/2024(H5N1)	1008	A	G	0	0	0	164	86	50	1	164	7.95658e-118	TRUE	NP:cds-XAJ25419.1	GCA	A	GCG	A	336
NP|PP755592.1|A/cattle/Texas/24-008749-003/2024(H5N1)	1014	T	C	0	0	0	172	92	51	1	172	6.66381e-121	TRUE	NP:cds-XAJ25419.1	TTT	F	TTC	F	338
NP|PP755592.1|A/cattle/Texas/24-008749-003/2024(H5N1)	1047	A	G	0	0	0	165	93	50	1	165	1.14411e-118	TRUE	NP:cds-XAJ25419.1	GGA	G	GGG	G	349
NP|PP755592.1|A/cattle/Texas/24-008749-003/2024(H5N1)	1116	G	T	0	0	0	170	103	47	1	170	5.68039e-119	TRUE	NP:cds-XAJ25419.1	GAG	E	GAT	D	372
NP|PP755592.1|A/cattle/Texas/24-008749-003/2024(H5N1)	1119	A	G	0	0	0	171	99	48	1	171	7.15395e-119	TRUE	NP:cds-XAJ25419.1	ACA	T	ACG	T	373
NP|PP755592.1|A/cattle/Texas/24-008749-003/2024(H5N1)	1125	T	C	0	0	0	166	97	48	1	166	3.79935e-118	TRUE	NP:cds-XAJ25419.1	GAT	D	GAC	D	375
NP|PP755592.1|A/cattle/Texas/24-008749-003/2024(H5N1)	1188	C	T	0	0	0	156	88	48	1	156	4.58337e-107	TRUE	NP:cds-XAJ25419.1	ACC	T	ACT	T	396
NP|PP755592.1|A/cattle/Texas/24-008749-003/2024(H5N1)	1257	A	G	133	84	55	7	5	51	0.05	140	0.00149439	TRUE	NP:cds-XAJ25419.1	CCA	P	CCG	P	419
NP|PP755592.1|A/cattle/Texas/24-008749-003/2024(H5N1)	1339	A	G	110	88	54	3	3	48	0.0265487	113	0.0646863	FALSE	NP:cds-XAJ25419.1	ATG	M	GTG	V	447
NP|PP755592.1|A/cattle/Texas/24-008749-003/2024(H5N1)	1399	T	C	80	68	45	1	1	38	0.0123457	81	0.40099	FALSE	NP:cds-XAJ25419.1	TCG	S	CCG	P	467
NP|PP755592.1|A/cattle/Texas/24-008749-003/2024(H5N1)	1445	A	G	0	0	0	69	67	40	1	69	1.73631e-44	TRUE	NP:cds-XAJ25419.1	AAC	N	AGC	S	482
NP|PP755592.1|A/cattle/Texas/24-008749-003/2024(H5N1)	1472	A	G	61	59	40	1	1	37	0.016129	62	0.466165	FALSE	NP:cds-XAJ25419.1	GAC	D	GGC	G	491
