REGION	POS	REF	ALT	REF_DP	REF_RV	REF_QUAL	ALT_DP	ALT_RV	ALT_QUAL	ALT_FREQ	TOTAL_DP	PVAL	PASS	GFF_FEATURE	REF_CODON	REF_AA	ALT_CODON	ALT_AA	POS_AA
NP|PP755592.1|A/cattle/Texas/24-008749-003/2024(H5N1)	56	G	A	21	1	32	1	1	68	0.0454545	22	0.23913	FALSE	NP:cds-XAJ25419.1	CGC	R	CAC	H	19
NP|PP755592.1|A/cattle/Texas/24-008749-003/2024(H5N1)	63	T	C	21	1	34	1	1	68	0.0454545	22	0.23913	FALSE	NP:cds-XAJ25419.1	AAT	N	AAC	N	21
NP|PP755592.1|A/cattle/Texas/24-008749-003/2024(H5N1)	106	A	G	29	6	38	1	0	34	0.0333333	30	0.285714	FALSE	NP:cds-XAJ25419.1	ATC	I	GTC	V	36
NP|PP755592.1|A/cattle/Texas/24-008749-003/2024(H5N1)	135	T	C	54	20	38	2	0	34	0.0357143	56	0.175439	FALSE	NP:cds-XAJ25419.1	ACT	T	ACC	T	45
NP|PP755592.1|A/cattle/Texas/24-008749-003/2024(H5N1)	137	A	G	58	23	38	2	0	34	0.0333333	60	0.184548	FALSE	NP:cds-XAJ25419.1	GAG	E	GGG	G	46
NP|PP755592.1|A/cattle/Texas/24-008749-003/2024(H5N1)	154	C	T	0	0	0	69	31	38	1	69	2.82674e-45	TRUE	NP:cds-XAJ25419.1	CAC	H	TAC	Y	52
NP|PP755592.1|A/cattle/Texas/24-008749-003/2024(H5N1)	167	T	C	68	31	38	1	1	34	0.0144928	69	0.469388	FALSE	NP:cds-XAJ25419.1	CTG	L	CCG	P	56
NP|PP755592.1|A/cattle/Texas/24-008749-003/2024(H5N1)	169	A	G	71	31	38	1	1	68	0.0138889	72	0.467532	FALSE	NP:cds-XAJ25419.1	ATC	I	GTC	V	57
NP|PP755592.1|A/cattle/Texas/24-008749-003/2024(H5N1)	191	A	G	83	35	37	1	1	34	0.0119048	84	0.459016	FALSE	NP:cds-XAJ25419.1	GAA	E	GGA	G	64
NP|PP755592.1|A/cattle/Texas/24-008749-003/2024(H5N1)	192	A	G	0	0	0	84	36	38	1	84	1.38803e-54	TRUE	NP:cds-XAJ25419.1	GAA	E	GAG	E	64
NP|PP755592.1|A/cattle/Texas/24-008749-003/2024(H5N1)	205	T	C	83	35	37	1	1	34	0.0119048	84	0.47191	FALSE	NP:cds-XAJ25419.1	TCG	S	CCG	P	69
NP|PP755592.1|A/cattle/Texas/24-008749-003/2024(H5N1)	213	T	A	84	35	37	1	0	24	0.0117647	85	0.469613	FALSE	NP:cds-XAJ25419.1	TTT	F	TTA	L	71
NP|PP755592.1|A/cattle/Texas/24-008749-003/2024(H5N1)	219	A	G	0	0	0	80	33	35	1	80	3.58629e-52	TRUE	NP:cds-XAJ25419.1	GAA	E	GAG	E	73
NP|PP755592.1|A/cattle/Texas/24-008749-003/2024(H5N1)	224	G	C	84	32	36	1	0	27	0.0117647	85	0.469613	FALSE	NP:cds-XAJ25419.1	AGG	R	ACG	T	75
NP|PP755592.1|A/cattle/Texas/24-008749-003/2024(H5N1)	226	A	G	87	33	36	1	1	34	0.0113636	88	0.473118	FALSE	NP:cds-XAJ25419.1	AAC	N	GAC	D	76
NP|PP755592.1|A/cattle/Texas/24-008749-003/2024(H5N1)	232	T	A	81	29	36	1	0	27	0.0121951	82	0.455556	FALSE	NP:cds-XAJ25419.1	TAT	Y	AAT	N	78
NP|PP755592.1|A/cattle/Texas/24-008749-003/2024(H5N1)	240	G	A	0	0	0	86	33	35	1	86	5.48457e-55	TRUE	NP:cds-XAJ25419.1	GAG	E	GAA	E	80
NP|PP755592.1|A/cattle/Texas/24-008749-003/2024(H5N1)	242	A	G	86	34	36	1	0	34	0.0114943	87	0.460317	FALSE	NP:cds-XAJ25419.1	GAA	E	GGA	G	81
NP|PP755592.1|A/cattle/Texas/24-008749-003/2024(H5N1)	243	A	G	95	33	36	1	1	34	0.0104167	96	0.482412	FALSE	NP:cds-XAJ25419.1	GAA	E	GAG	E	81
NP|PP755592.1|A/cattle/Texas/24-008749-003/2024(H5N1)	255	T	C	90	33	36	1	1	34	0.010989	91	0.464286	FALSE	NP:cds-XAJ25419.1	GCT	A	GCC	A	85
NP|PP755592.1|A/cattle/Texas/24-008749-003/2024(H5N1)	258	A	G	0	0	0	89	26	36	1	89	3.9856e-58	TRUE	NP:cds-XAJ25419.1	GGA	G	GGG	G	86
NP|PP755592.1|A/cattle/Texas/24-008749-003/2024(H5N1)	264	T	C	0	0	0	85	24	36	1	85	1.88891e-55	TRUE	NP:cds-XAJ25419.1	GAT	D	GAC	D	88
NP|PP755592.1|A/cattle/Texas/24-008749-003/2024(H5N1)	280	G	C	87	25	35	1	1	34	0.0113636	88	0.483516	FALSE	NP:cds-XAJ25419.1	GGT	G	CGT	R	94
NP|PP755592.1|A/cattle/Texas/24-008749-003/2024(H5N1)	297	G	A	86	26	37	1	0	24	0.0114943	87	0.71537	FALSE	NP:cds-XAJ25419.1	AGG	R	AGA	R	99
NP|PP755592.1|A/cattle/Texas/24-008749-003/2024(H5N1)	318	A	T	72	29	37	1	0	26	0.0135135	74	0.667294	FALSE	NP:cds-XAJ25419.1	AGA	R	AGT	S	106
NP|PP755592.1|A/cattle/Texas/24-008749-003/2024(H5N1)	318	A	G	72	29	37	1	1	34	0.0135135	74	0.421965	FALSE	NP:cds-XAJ25419.1	AGA	R	AGG	R	106
NP|PP755592.1|A/cattle/Texas/24-008749-003/2024(H5N1)	322	T	C	0	0	0	87	29	37	1	87	1.17407e-56	TRUE	NP:cds-XAJ25419.1	TTG	L	CTG	L	108
NP|PP755592.1|A/cattle/Texas/24-008749-003/2024(H5N1)	323	T	C	86	28	37	1	0	34	0.0114943	87	0.460317	FALSE	NP:cds-XAJ25419.1	TTG	L	TCG	S	108
NP|PP755592.1|A/cattle/Texas/24-008749-003/2024(H5N1)	346	A	G	85	34	38	1	0	34	0.0116279	86	0.455026	FALSE	NP:cds-XAJ25419.1	ATC	I	GTC	V	116
NP|PP755592.1|A/cattle/Texas/24-008749-003/2024(H5N1)	405	C	T	0	0	0	124	56	36	1	124	3.74843e-83	TRUE	NP:cds-XAJ25419.1	CAC	H	CAT	H	135
NP|PP755592.1|A/cattle/Texas/24-008749-003/2024(H5N1)	450	A	G	0	0	0	136	58	35	1	136	1.26326e-85	TRUE	NP:cds-XAJ25419.1	AGA	R	AGG	R	150
NP|PP755592.1|A/cattle/Texas/24-008749-003/2024(H5N1)	480	T	C	0	0	0	139	54	35	1	139	1.55642e-88	TRUE	NP:cds-XAJ25419.1	GAT	D	GAC	D	160
NP|PP755592.1|A/cattle/Texas/24-008749-003/2024(H5N1)	495	A	T	0	0	0	144	49	34	1	144	3.69725e-90	TRUE	NP:cds-XAJ25419.1	TCA	S	TCT	S	165
NP|PP755592.1|A/cattle/Texas/24-008749-003/2024(H5N1)	543	G	A	0	0	0	129	51	36	1	129	1.08986e-81	TRUE	NP:cds-XAJ25419.1	GCG	A	GCA	A	181
NP|PP755592.1|A/cattle/Texas/24-008749-003/2024(H5N1)	555	A	T	0	0	0	135	44	35	1	135	7.82137e-91	TRUE	NP:cds-XAJ25419.1	GGA	G	GGT	G	185
NP|PP755592.1|A/cattle/Texas/24-008749-003/2024(H5N1)	569	T	C	155	51	36	3	1	34	0.0189873	158	0.103859	FALSE	NP:cds-XAJ25419.1	GTG	V	GCG	A	190
NP|PP755592.1|A/cattle/Texas/24-008749-003/2024(H5N1)	585	A	G	0	0	0	159	63	37	1	159	2.73218e-103	TRUE	NP:cds-XAJ25419.1	CGA	R	CGG	R	195
NP|PP755592.1|A/cattle/Texas/24-008749-003/2024(H5N1)	600	A	G	0	0	0	161	67	36	1	161	2.46198e-102	TRUE	NP:cds-XAJ25419.1	GGA	G	GGG	G	200
NP|PP755592.1|A/cattle/Texas/24-008749-003/2024(H5N1)	627	T	C	0	0	0	146	69	35	1	146	2.2369e-94	TRUE	NP:cds-XAJ25419.1	GGT	G	GGC	G	209
NP|PP755592.1|A/cattle/Texas/24-008749-003/2024(H5N1)	633	C	T	0	0	0	140	66	35	1	140	2.07378e-89	TRUE	NP:cds-XAJ25419.1	AAC	N	AAT	N	211
NP|PP755592.1|A/cattle/Texas/24-008749-003/2024(H5N1)	637	C	A	0	0	0	144	71	35	1	144	9.72584e-89	TRUE	NP:cds-XAJ25419.1	CGG	R	AGG	R	213
NP|PP755592.1|A/cattle/Texas/24-008749-003/2024(H5N1)	639	G	A	0	0	0	138	70	34	1	138	7.90763e-87	TRUE	NP:cds-XAJ25419.1	CGG	R	CGA	R	213
NP|PP755592.1|A/cattle/Texas/24-008749-003/2024(H5N1)	706	C	A	0	0	0	117	81	34	0.991525	118	1.21985e-77	TRUE	NP:cds-XAJ25419.1	CGA	R	AGA	R	236
NP|PP755592.1|A/cattle/Texas/24-008749-003/2024(H5N1)	708	A	G	134	81	34	2	0	34	0.0147059	136	0.225248	FALSE	NP:cds-XAJ25419.1	CGA	R	CGG	R	236
NP|PP755592.1|A/cattle/Texas/24-008749-003/2024(H5N1)	756	A	G	0	0	0	161	100	35	1	161	8.76709e-102	TRUE	NP:cds-XAJ25419.1	GAA	E	GAG	E	252
NP|PP755592.1|A/cattle/Texas/24-008749-003/2024(H5N1)	787	G	A	180	109	36	2	1	34	0.010989	182	0.218257	FALSE	NP:cds-XAJ25419.1	GCT	A	ACT	T	263
NP|PP755592.1|A/cattle/Texas/24-008749-003/2024(H5N1)	828	G	A	199	112	36	3	3	34	0.0148515	202	0.108826	FALSE	NP:cds-XAJ25419.1	CTG	L	CTA	L	276
NP|PP755592.1|A/cattle/Texas/24-008749-003/2024(H5N1)	864	A	G	196	100	36	2	1	29	0.010101	198	0.660487	FALSE	NP:cds-XAJ25419.1	GGA	G	GGG	G	288
NP|PP755592.1|A/cattle/Texas/24-008749-003/2024(H5N1)	882	G	A	0	0	0	188	93	36	1	188	3.75998e-119	TRUE	NP:cds-XAJ25419.1	GAG	E	GAA	E	294
NP|PP755592.1|A/cattle/Texas/24-008749-003/2024(H5N1)	894	A	G	0	0	0	184	84	36	1	184	6.55395e-116	TRUE	NP:cds-XAJ25419.1	CTA	L	CTG	L	298
NP|PP755592.1|A/cattle/Texas/24-008749-003/2024(H5N1)	904	G	A	179	78	36	2	1	51	0.0110497	181	0.231064	FALSE	NP:cds-XAJ25419.1	GAT	D	AAT	N	302
NP|PP755592.1|A/cattle/Texas/24-008749-003/2024(H5N1)	915	T	C	169	80	37	2	0	34	0.0116959	171	0.208384	FALSE	NP:cds-XAJ25419.1	CGT	R	CGC	R	305
NP|PP755592.1|A/cattle/Texas/24-008749-003/2024(H5N1)	924	G	A	0	0	0	165	79	36	1	165	2.84122e-109	TRUE	NP:cds-XAJ25419.1	CAG	Q	CAA	Q	308
NP|PP755592.1|A/cattle/Texas/24-008749-003/2024(H5N1)	936	T	C	0	0	0	164	77	38	1	164	1.25138e-107	TRUE	NP:cds-XAJ25419.1	GTT	V	GTC	V	312
NP|PP755592.1|A/cattle/Texas/24-008749-003/2024(H5N1)	957	T	C	0	0	0	157	74	38	1	157	1.50271e-101	TRUE	NP:cds-XAJ25419.1	AAT	N	AAC	N	319
NP|PP755592.1|A/cattle/Texas/24-008749-003/2024(H5N1)	963	T	C	0	0	0	150	75	37	1	150	7.45124e-98	TRUE	NP:cds-XAJ25419.1	AAT	N	AAC	N	321
NP|PP755592.1|A/cattle/Texas/24-008749-003/2024(H5N1)	972	C	T	0	0	0	141	69	36	1	141	6.86142e-92	TRUE	NP:cds-XAJ25419.1	CAC	H	CAT	H	324
NP|PP755592.1|A/cattle/Texas/24-008749-003/2024(H5N1)	997	T	C	162	76	37	3	1	31	0.0181818	165	0.0945391	FALSE	NP:cds-XAJ25419.1	TGC	C	CGC	R	333
NP|PP755592.1|A/cattle/Texas/24-008749-003/2024(H5N1)	1008	A	G	0	0	0	158	79	36	1	158	2.40446e-101	TRUE	NP:cds-XAJ25419.1	GCA	A	GCG	A	336
NP|PP755592.1|A/cattle/Texas/24-008749-003/2024(H5N1)	1047	A	G	0	0	0	156	81	35	1	156	8.63178e-103	TRUE	NP:cds-XAJ25419.1	GGA	G	GGG	G	349
NP|PP755592.1|A/cattle/Texas/24-008749-003/2024(H5N1)	1108	A	G	166	78	36	2	2	34	0.0119048	168	0.231005	FALSE	NP:cds-XAJ25419.1	AAC	N	GAC	D	370
NP|PP755592.1|A/cattle/Texas/24-008749-003/2024(H5N1)	1125	T	C	0	0	0	162	70	36	1	162	6.77798e-106	TRUE	NP:cds-XAJ25419.1	GAT	D	GAC	D	375
NP|PP755592.1|A/cattle/Texas/24-008749-003/2024(H5N1)	1146	G	A	2	0	34	129	74	35	0.984733	131	6.20364e-86	TRUE	NP:cds-XAJ25419.1	AGG	R	AGA	R	382
NP|PP755592.1|A/cattle/Texas/24-008749-003/2024(H5N1)	1165	A	G	151	80	36	3	0	56	0.0194805	154	0.105299	FALSE	NP:cds-XAJ25419.1	AGA	R	GGA	G	389
NP|PP755592.1|A/cattle/Texas/24-008749-003/2024(H5N1)	1212	A	G	138	93	37	2	2	34	0.0142857	140	0.214077	FALSE	NP:cds-XAJ25419.1	GGA	G	GGG	G	404
NP|PP755592.1|A/cattle/Texas/24-008749-003/2024(H5N1)	1266	A	G	0	0	0	140	95	38	1	140	5.06777e-91	TRUE	NP:cds-XAJ25419.1	AGA	R	AGG	R	422
NP|PP755592.1|A/cattle/Texas/24-008749-003/2024(H5N1)	1284	A	G	136	91	36	2	2	34	0.0144928	138	0.224031	FALSE	NP:cds-XAJ25419.1	GCA	A	GCG	A	428
NP|PP755592.1|A/cattle/Texas/24-008749-003/2024(H5N1)	1338	G	A	0	0	0	111	74	39	1	111	5.59462e-73	TRUE	NP:cds-XAJ25419.1	AGG	R	AGA	R	446
NP|PP755592.1|A/cattle/Texas/24-008749-003/2024(H5N1)	1390	T	C	95	86	38	1	1	34	0.0104167	96	0.424779	FALSE	NP:cds-XAJ25419.1	TTC	F	CTC	L	464
NP|PP755592.1|A/cattle/Texas/24-008749-003/2024(H5N1)	1409	A	G	94	85	40	1	1	34	0.0105263	95	0.450237	FALSE	NP:cds-XAJ25419.1	AAG	K	AGG	R	470
NP|PP755592.1|A/cattle/Texas/24-008749-003/2024(H5N1)	1423	A	G	91	84	38	1	1	34	0.0108696	92	0.469388	FALSE	NP:cds-XAJ25419.1	ATC	I	GTC	V	475
NP|PP755592.1|A/cattle/Texas/24-008749-003/2024(H5N1)	1445	A	G	0	0	0	74	67	39	1	74	1.49506e-48	TRUE	NP:cds-XAJ25419.1	AAC	N	AGC	S	482
NP|PP755592.1|A/cattle/Texas/24-008749-003/2024(H5N1)	1459	T	C	65	58	38	1	1	34	0.0151515	66	0.44	FALSE	NP:cds-XAJ25419.1	TAT	Y	CAT	H	487
