REGION	POS	REF	ALT	REF_DP	REF_RV	REF_QUAL	ALT_DP	ALT_RV	ALT_QUAL	ALT_FREQ	TOTAL_DP	PVAL	PASS	GFF_FEATURE	REF_CODON	REF_AA	ALT_CODON	ALT_AA	POS_AA
NP|PP755592.1|A/cattle/Texas/24-008749-003/2024(H5N1)	28	T	C	0	0	0	1	1	50	1	1	0.5	FALSE	NP:cds-XAJ25419.1	TAT	Y	CAT	H	10
NP|PP755592.1|A/cattle/Texas/24-008749-003/2024(H5N1)	36	A	G	0	0	0	1	1	64	1	1	0.5	FALSE	NP:cds-XAJ25419.1	CAA	Q	CAG	Q	12
NP|PP755592.1|A/cattle/Texas/24-008749-003/2024(H5N1)	48	T	A	0	0	0	1	1	75	1	1	0.5	FALSE	NP:cds-XAJ25419.1	GGT	G	GGA	G	16
NP|PP755592.1|A/cattle/Texas/24-008749-003/2024(H5N1)	51	G	A	0	0	0	1	1	70	1	1	0.5	FALSE	NP:cds-XAJ25419.1	GGG	G	GGA	G	17
NP|PP755592.1|A/cattle/Texas/24-008749-003/2024(H5N1)	54	A	C	0	0	0	1	1	46	1	1	0.5	FALSE	NP:cds-XAJ25419.1	GAA	E	GAC	D	18
NP|PP755592.1|A/cattle/Texas/24-008749-003/2024(H5N1)	62	A	G	0	0	0	1	1	73	1	1	0.5	FALSE	NP:cds-XAJ25419.1	AAT	N	AGT	S	21
NP|PP755592.1|A/cattle/Texas/24-008749-003/2024(H5N1)	68	C	A	0	0	0	1	1	53	1	1	0.5	FALSE	NP:cds-XAJ25419.1	ACT	T	AAT	N	23
NP|PP755592.1|A/cattle/Texas/24-008749-003/2024(H5N1)	72	A	G	0	0	0	1	1	66	1	1	0.5	FALSE	NP:cds-XAJ25419.1	GAA	E	GAG	E	24
NP|PP755592.1|A/cattle/Texas/24-008749-003/2024(H5N1)	78	A	G	0	0	0	1	1	54	1	1	0.5	FALSE	NP:cds-XAJ25419.1	AGA	R	AGG	R	26
NP|PP755592.1|A/cattle/Texas/24-008749-003/2024(H5N1)	84	T	C	0	0	0	1	1	70	1	1	0.5	FALSE	NP:cds-XAJ25419.1	TCT	S	TCC	S	28
NP|PP755592.1|A/cattle/Texas/24-008749-003/2024(H5N1)	87	T	C	0	0	0	1	1	62	1	1	0.5	FALSE	NP:cds-XAJ25419.1	GTT	V	GTC	V	29
NP|PP755592.1|A/cattle/Texas/24-008749-003/2024(H5N1)	101	G	C	0	0	0	1	1	66	1	1	0.5	FALSE	NP:cds-XAJ25419.1	GGC	G	GCC	A	34
NP|PP755592.1|A/cattle/Texas/24-008749-003/2024(H5N1)	102	C	A	0	0	0	1	1	54	1	1	0.5	FALSE	NP:cds-XAJ25419.1	GGC	G	GGA	G	34
NP|PP755592.1|A/cattle/Texas/24-008749-003/2024(H5N1)	108	C	A	0	0	0	1	1	52	1	1	0.5	FALSE	NP:cds-XAJ25419.1	ATC	I	ATA	I	36
NP|PP755592.1|A/cattle/Texas/24-008749-003/2024(H5N1)	111	G	A	0	0	0	1	1	73	1	1	0.5	FALSE	NP:cds-XAJ25419.1	GGG	G	GGA	G	37
NP|PP755592.1|A/cattle/Texas/24-008749-003/2024(H5N1)	112	A	C	0	0	0	1	1	74	1	1	0.5	FALSE	NP:cds-XAJ25419.1	AGA	R	CGA	R	38
NP|PP755592.1|A/cattle/Texas/24-008749-003/2024(H5N1)	114	A	G	0	0	0	1	1	71	1	1	0.5	FALSE	NP:cds-XAJ25419.1	AGA	R	AGG	R	38
NP|PP755592.1|A/cattle/Texas/24-008749-003/2024(H5N1)	123	A	T	0	0	0	1	1	66	1	1	0.5	FALSE	NP:cds-XAJ25419.1	ATA	I	ATT	I	41
NP|PP755592.1|A/cattle/Texas/24-008749-003/2024(H5N1)	130	T	G	0	0	0	1	1	43	1	1	0.5	FALSE	NP:cds-XAJ25419.1	TGC	C	GGC	G	44
NP|PP755592.1|A/cattle/Texas/24-008749-003/2024(H5N1)	135	T	A	0	0	0	1	1	72	1	1	0.5	FALSE	NP:cds-XAJ25419.1	ACT	T	ACA	T	45
NP|PP755592.1|A/cattle/Texas/24-008749-003/2024(H5N1)	149	G	A	0	0	0	1	1	71	1	1	0.5	FALSE	NP:cds-XAJ25419.1	AGT	S	AAT	N	50
NP|PP755592.1|A/cattle/Texas/24-008749-003/2024(H5N1)	153	T	C	0	0	0	1	1	53	1	1	0.5	FALSE	NP:cds-XAJ25419.1	GAT	D	GAC	D	51
NP|PP755592.1|A/cattle/Texas/24-008749-003/2024(H5N1)	156	C	T	0	0	0	1	1	75	1	1	0.5	FALSE	NP:cds-XAJ25419.1	CAC	H	CAT	H	52
NP|PP755592.1|A/cattle/Texas/24-008749-003/2024(H5N1)	162	G	A	0	0	0	1	1	71	1	1	0.5	FALSE	NP:cds-XAJ25419.1	GGG	G	GGA	G	54
NP|PP755592.1|A/cattle/Texas/24-008749-003/2024(H5N1)	171	C	T	0	0	0	1	1	52	1	1	0.5	FALSE	NP:cds-XAJ25419.1	ATC	I	ATT	I	57
NP|PP755592.1|A/cattle/Texas/24-008749-003/2024(H5N1)	180	C	T	0	0	0	1	1	54	1	1	0.5	FALSE	NP:cds-XAJ25419.1	AGC	S	AGT	S	60
NP|PP755592.1|A/cattle/Texas/24-008749-003/2024(H5N1)	184	A	G	0	0	0	1	1	56	1	1	0.5	FALSE	NP:cds-XAJ25419.1	ACC	T	GCC	A	62
NP|PP755592.1|A/cattle/Texas/24-008749-003/2024(H5N1)	186	C	A	0	0	0	1	1	51	1	1	0.5	FALSE	NP:cds-XAJ25419.1	ACC	T	ACA	T	62
NP|PP755592.1|A/cattle/Texas/24-008749-003/2024(H5N1)	195	G	A	0	0	0	1	1	41	1	1	0.5	FALSE	NP:cds-XAJ25419.1	AGG	R	AGA	R	65
NP|PP755592.1|A/cattle/Texas/24-008749-003/2024(H5N1)	201	T	A	0	0	0	1	1	60	1	1	0.5	FALSE	NP:cds-XAJ25419.1	GTT	V	GTA	V	67
NP|PP755592.1|A/cattle/Texas/24-008749-003/2024(H5N1)	207	G	A	0	0	0	1	1	68	1	1	0.5	FALSE	NP:cds-XAJ25419.1	TCG	S	TCA	S	69
NP|PP755592.1|A/cattle/Texas/24-008749-003/2024(H5N1)	210	A	C	0	0	0	1	1	55	1	1	0.5	FALSE	NP:cds-XAJ25419.1	GCA	A	GCC	A	70
NP|PP755592.1|A/cattle/Texas/24-008749-003/2024(H5N1)	363	T	C	0	0	0	1	0	38	1	1	1	FALSE	NP:cds-XAJ25419.1	CGT	R	CGC	R	121
NP|PP755592.1|A/cattle/Texas/24-008749-003/2024(H5N1)	372	T	C	0	0	0	1	0	39	1	1	1	FALSE	NP:cds-XAJ25419.1	AAT	N	AAC	N	124
NP|PP755592.1|A/cattle/Texas/24-008749-003/2024(H5N1)	381	G	A	0	0	0	1	0	39	1	1	1	FALSE	NP:cds-XAJ25419.1	GAG	E	GAA	E	127
NP|PP755592.1|A/cattle/Texas/24-008749-003/2024(H5N1)	390	T	A	0	0	0	1	0	39	1	1	1	FALSE	NP:cds-XAJ25419.1	ACT	T	ACA	T	130
NP|PP755592.1|A/cattle/Texas/24-008749-003/2024(H5N1)	393	T	A	0	0	0	1	0	39	1	1	1	FALSE	NP:cds-XAJ25419.1	GCT	A	GCA	A	131
NP|PP755592.1|A/cattle/Texas/24-008749-003/2024(H5N1)	396	T	C	0	0	0	1	0	38	1	1	1	FALSE	NP:cds-XAJ25419.1	GGT	G	GGC	G	132
NP|PP755592.1|A/cattle/Texas/24-008749-003/2024(H5N1)	399	C	G	0	0	0	1	0	38	1	1	1	FALSE	NP:cds-XAJ25419.1	CTC	L	CTG	L	133
NP|PP755592.1|A/cattle/Texas/24-008749-003/2024(H5N1)	406	T	A	0	0	0	1	0	39	1	1	1	FALSE	NP:cds-XAJ25419.1	TTG	L	ATG	M	136
NP|PP755592.1|A/cattle/Texas/24-008749-003/2024(H5N1)	414	T	C	0	0	0	1	0	39	1	1	1	FALSE	NP:cds-XAJ25419.1	ATT	I	ATC	I	138
NP|PP755592.1|A/cattle/Texas/24-008749-003/2024(H5N1)	427	C	T	0	0	0	1	0	39	1	1	1	FALSE	NP:cds-XAJ25419.1	CTG	L	TTG	L	143
NP|PP755592.1|A/cattle/Texas/24-008749-003/2024(H5N1)	436	G	A	0	0	0	1	0	39	1	1	1	FALSE	NP:cds-XAJ25419.1	GCC	A	ACC	T	146
NP|PP755592.1|A/cattle/Texas/24-008749-003/2024(H5N1)	438	C	T	0	0	0	1	0	38	1	1	1	FALSE	NP:cds-XAJ25419.1	GCC	A	GCT	A	146
NP|PP755592.1|A/cattle/Texas/24-008749-003/2024(H5N1)	441	A	T	0	0	0	1	0	39	1	1	1	FALSE	NP:cds-XAJ25419.1	ACA	T	ACT	T	147
NP|PP755592.1|A/cattle/Texas/24-008749-003/2024(H5N1)	447	G	A	0	0	0	1	0	39	1	1	1	FALSE	NP:cds-XAJ25419.1	CAG	Q	CAA	Q	149
NP|PP755592.1|A/cattle/Texas/24-008749-003/2024(H5N1)	448	A	C	0	0	0	1	0	38	1	1	1	FALSE	NP:cds-XAJ25419.1	AGA	R	CGA	R	150
NP|PP755592.1|A/cattle/Texas/24-008749-003/2024(H5N1)	459	A	T	0	0	0	1	0	38	1	1	1	FALSE	NP:cds-XAJ25419.1	GCA	A	GCT	A	153
NP|PP755592.1|A/cattle/Texas/24-008749-003/2024(H5N1)	462	T	A	0	0	0	1	0	39	1	1	1	FALSE	NP:cds-XAJ25419.1	CTT	L	CTA	L	154
NP|PP755592.1|A/cattle/Texas/24-008749-003/2024(H5N1)	465	G	T	0	0	0	1	0	39	1	1	1	FALSE	NP:cds-XAJ25419.1	GTG	V	GTT	V	155
NP|PP755592.1|A/cattle/Texas/24-008749-003/2024(H5N1)	468	T	C	0	0	0	1	0	38	1	1	1	FALSE	NP:cds-XAJ25419.1	CGT	R	CGC	R	156
NP|PP755592.1|A/cattle/Texas/24-008749-003/2024(H5N1)	474	A	G	0	0	0	1	0	38	1	1	1	FALSE	NP:cds-XAJ25419.1	GGA	G	GGG	G	158
NP|PP755592.1|A/cattle/Texas/24-008749-003/2024(H5N1)	483	T	C	0	0	0	1	0	39	1	1	1	FALSE	NP:cds-XAJ25419.1	CCT	P	CCC	P	161
NP|PP755592.1|A/cattle/Texas/24-008749-003/2024(H5N1)	597	A	T	0	0	0	1	1	39	1	1	1	FALSE	NP:cds-XAJ25419.1	CGA	R	CGT	R	199
NP|PP755592.1|A/cattle/Texas/24-008749-003/2024(H5N1)	609	T	C	0	0	0	1	1	38	1	1	1	FALSE	NP:cds-XAJ25419.1	GAT	D	GAC	D	203
NP|PP755592.1|A/cattle/Texas/24-008749-003/2024(H5N1)	612	G	C	0	0	0	1	1	39	1	1	1	FALSE	NP:cds-XAJ25419.1	CGG	R	CGC	R	204
NP|PP755592.1|A/cattle/Texas/24-008749-003/2024(H5N1)	618	C	T	0	0	0	1	1	39	1	1	1	FALSE	NP:cds-XAJ25419.1	TTC	F	TTT	F	206
NP|PP755592.1|A/cattle/Texas/24-008749-003/2024(H5N1)	627	T	A	0	0	0	1	1	39	1	1	1	FALSE	NP:cds-XAJ25419.1	GGT	G	GGA	G	209
NP|PP755592.1|A/cattle/Texas/24-008749-003/2024(H5N1)	633	C	T	0	0	0	1	1	38	1	1	1	FALSE	NP:cds-XAJ25419.1	AAC	N	AAT	N	211
NP|PP755592.1|A/cattle/Texas/24-008749-003/2024(H5N1)	636	A	C	0	0	0	1	1	30	1	1	1	FALSE	NP:cds-XAJ25419.1	GGA	G	GGC	G	212
NP|PP755592.1|A/cattle/Texas/24-008749-003/2024(H5N1)	642	A	G	0	0	0	1	1	39	1	1	1	FALSE	NP:cds-XAJ25419.1	AGA	R	AGG	R	214
NP|PP755592.1|A/cattle/Texas/24-008749-003/2024(H5N1)	645	C	A	0	0	0	1	1	39	1	1	1	FALSE	NP:cds-XAJ25419.1	ACC	T	ACA	T	215
NP|PP755592.1|A/cattle/Texas/24-008749-003/2024(H5N1)	648	G	A	0	0	0	1	1	39	1	1	1	FALSE	NP:cds-XAJ25419.1	AGG	R	AGA	R	216
NP|PP755592.1|A/cattle/Texas/24-008749-003/2024(H5N1)	654	C	A	0	0	0	1	1	39	1	1	1	FALSE	NP:cds-XAJ25419.1	GCC	A	GCA	A	218
NP|PP755592.1|A/cattle/Texas/24-008749-003/2024(H5N1)	657	C	T	1	0	24	1	1	39	0.5	2	0.666667	FALSE	NP:cds-XAJ25419.1	TAC	Y	TAT	Y	219
NP|PP755592.1|A/cattle/Texas/24-008749-003/2024(H5N1)	681	G	A	0	0	0	1	1	38	1	1	0.5	FALSE	NP:cds-XAJ25419.1	AAG	K	AAA	K	227
NP|PP755592.1|A/cattle/Texas/24-008749-003/2024(H5N1)	687	G	A	0	0	0	1	1	37	1	1	0.5	FALSE	NP:cds-XAJ25419.1	AAG	K	AAA	K	229
NP|PP755592.1|A/cattle/Texas/24-008749-003/2024(H5N1)	688	T	C	1	1	37	1	0	26	0.5	2	0.666667	FALSE	NP:cds-XAJ25419.1	TTC	F	CTC	L	230
NP|PP755592.1|A/cattle/Texas/24-008749-003/2024(H5N1)	999	C	T	0	0	0	1	0	39	1	1	1	FALSE	NP:cds-XAJ25419.1	TGC	C	TGT	C	333
NP|PP755592.1|A/cattle/Texas/24-008749-003/2024(H5N1)	1002	C	T	0	0	0	1	0	37	1	1	1	FALSE	NP:cds-XAJ25419.1	CAC	H	CAT	H	334
NP|PP755592.1|A/cattle/Texas/24-008749-003/2024(H5N1)	1008	A	T	0	0	0	1	0	39	1	1	1	FALSE	NP:cds-XAJ25419.1	GCA	A	GCT	A	336
NP|PP755592.1|A/cattle/Texas/24-008749-003/2024(H5N1)	1017	G	A	0	0	0	1	0	37	1	1	1	FALSE	NP:cds-XAJ25419.1	GAG	E	GAA	E	339
NP|PP755592.1|A/cattle/Texas/24-008749-003/2024(H5N1)	1020	T	C	0	0	0	1	0	39	1	1	1	FALSE	NP:cds-XAJ25419.1	GAT	D	GAC	D	340
NP|PP755592.1|A/cattle/Texas/24-008749-003/2024(H5N1)	1044	A	G	0	0	0	1	0	33	1	1	1	FALSE	NP:cds-XAJ25419.1	AGA	R	AGG	R	348
NP|PP755592.1|A/cattle/Texas/24-008749-003/2024(H5N1)	1050	A	C	0	0	0	1	0	38	1	1	1	FALSE	NP:cds-XAJ25419.1	ACA	T	ACC	T	350
NP|PP755592.1|A/cattle/Texas/24-008749-003/2024(H5N1)	1052	G	A	0	0	0	1	0	39	1	1	1	FALSE	NP:cds-XAJ25419.1	AGA	R	AAA	K	351
NP|PP755592.1|A/cattle/Texas/24-008749-003/2024(H5N1)	1053	A	G	0	0	0	1	0	38	1	1	1	FALSE	NP:cds-XAJ25419.1	AGA	R	AGG	R	351
NP|PP755592.1|A/cattle/Texas/24-008749-003/2024(H5N1)	1056	A	G	0	0	0	1	0	39	1	1	1	FALSE	NP:cds-XAJ25419.1	GTA	V	GTG	V	352
NP|PP755592.1|A/cattle/Texas/24-008749-003/2024(H5N1)	1068	A	G	0	0	0	1	0	34	1	1	1	FALSE	NP:cds-XAJ25419.1	GGA	G	GGG	G	356
NP|PP755592.1|A/cattle/Texas/24-008749-003/2024(H5N1)	1071	A	G	0	0	0	1	0	36	1	1	1	FALSE	NP:cds-XAJ25419.1	CAA	Q	CAG	Q	357
NP|PP755592.1|A/cattle/Texas/24-008749-003/2024(H5N1)	1072	C	A	0	0	0	1	0	37	1	1	1	FALSE	NP:cds-XAJ25419.1	CTG	L	ATG	M	358
NP|PP755592.1|A/cattle/Texas/24-008749-003/2024(H5N1)	1077	C	G	0	0	0	1	0	38	1	1	1	FALSE	NP:cds-XAJ25419.1	TCC	S	TCG	S	359
NP|PP755592.1|A/cattle/Texas/24-008749-003/2024(H5N1)	1080	C	T	0	0	0	1	0	38	1	1	1	FALSE	NP:cds-XAJ25419.1	ACC	T	ACT	T	360
NP|PP755592.1|A/cattle/Texas/24-008749-003/2024(H5N1)	1086	A	G	0	0	0	1	0	35	1	1	1	FALSE	NP:cds-XAJ25419.1	GGA	G	GGG	G	362
NP|PP755592.1|A/cattle/Texas/24-008749-003/2024(H5N1)	1092	G	A	0	0	0	1	0	39	1	1	1	FALSE	NP:cds-XAJ25419.1	CAG	Q	CAA	Q	364
NP|PP755592.1|A/cattle/Texas/24-008749-003/2024(H5N1)	1101	A	G	0	0	0	1	0	34	1	1	1	FALSE	NP:cds-XAJ25419.1	TCA	S	TCG	S	367
NP|PP755592.1|A/cattle/Texas/24-008749-003/2024(H5N1)	1305	C	A	0	0	0	1	1	38	1	1	1	FALSE	NP:cds-XAJ25419.1	GGC	G	GGA	G	435
NP|PP755592.1|A/cattle/Texas/24-008749-003/2024(H5N1)	1332	C	A	0	0	0	1	1	39	1	1	1	FALSE	NP:cds-XAJ25419.1	ATC	I	ATA	I	444
NP|PP755592.1|A/cattle/Texas/24-008749-003/2024(H5N1)	1338	G	A	0	0	0	1	1	39	1	1	1	FALSE	NP:cds-XAJ25419.1	AGG	R	AGA	R	446
NP|PP755592.1|A/cattle/Texas/24-008749-003/2024(H5N1)	1353	C	A	0	0	0	1	1	37	1	1	1	FALSE	NP:cds-XAJ25419.1	GCC	A	GCA	A	451
NP|PP755592.1|A/cattle/Texas/24-008749-003/2024(H5N1)	1356	A	G	0	0	0	1	1	33	1	1	1	FALSE	NP:cds-XAJ25419.1	AGA	R	AGG	R	452
NP|PP755592.1|A/cattle/Texas/24-008749-003/2024(H5N1)	1359	T	A	0	0	0	1	1	39	1	1	1	FALSE	NP:cds-XAJ25419.1	CCT	P	CCA	P	453
NP|PP755592.1|A/cattle/Texas/24-008749-003/2024(H5N1)	1362	A	G	0	0	0	1	1	39	1	1	1	FALSE	NP:cds-XAJ25419.1	GAA	E	GAG	E	454
NP|PP755592.1|A/cattle/Texas/24-008749-003/2024(H5N1)	1371	T	A	0	0	0	2	2	57	1	2	0.166667	FALSE	NP:cds-XAJ25419.1	TCT	S	TCA	S	457
NP|PP755592.1|A/cattle/Texas/24-008749-003/2024(H5N1)	1386	A	T	0	0	0	2	2	53	1	2	0.166667	FALSE	NP:cds-XAJ25419.1	GGA	G	GGT	G	462
NP|PP755592.1|A/cattle/Texas/24-008749-003/2024(H5N1)	1398	C	A	0	0	0	2	2	55	1	2	0.166667	FALSE	NP:cds-XAJ25419.1	CTC	L	CTA	L	466
NP|PP755592.1|A/cattle/Texas/24-008749-003/2024(H5N1)	1401	G	A	0	0	0	2	2	56	1	2	0.166667	FALSE	NP:cds-XAJ25419.1	TCG	S	TCA	S	467
NP|PP755592.1|A/cattle/Texas/24-008749-003/2024(H5N1)	1413	A	C	0	0	0	2	2	51	1	2	0.166667	FALSE	NP:cds-XAJ25419.1	GCA	A	GCC	A	471
