REGION	POS	REF	ALT	REF_DP	REF_RV	REF_QUAL	ALT_DP	ALT_RV	ALT_QUAL	ALT_FREQ	TOTAL_DP	PVAL	PASS	GFF_FEATURE	REF_CODON	REF_AA	ALT_CODON	ALT_AA	POS_AA
PA|PP755594.1|A/cattle/Texas/24-008749-003/2024(H5N1)	9	C	T	0	0	0	18	2	33	1	18	3.79444e-32	TRUE	PA:cds-XAJ25422.1	GAC	D	GAT	D	3
PA|PP755594.1|A/cattle/Texas/24-008749-003/2024(H5N1)	9	C	T	0	0	0	18	2	33	1	18	3.79444e-32	TRUE	PA-X:cds-XAJ25423.1	GAC	D	GAT	D	3
PA|PP755594.1|A/cattle/Texas/24-008749-003/2024(H5N1)	25	T	C	89	12	34	1	0	34	0.0111111	90	0.155172	FALSE	PA:cds-XAJ25422.1	TTC	F	CTC	L	9
PA|PP755594.1|A/cattle/Texas/24-008749-003/2024(H5N1)	25	T	C	89	12	34	1	0	34	0.0111111	90	0.155172	FALSE	PA-X:cds-XAJ25423.1	TTC	F	CTC	L	9
PA|PP755594.1|A/cattle/Texas/24-008749-003/2024(H5N1)	39	T	C	3	0	45	135	19	34	0.978261	138	8.33755e-142	TRUE	PA:cds-XAJ25422.1	ATT	I	ATC	I	13
PA|PP755594.1|A/cattle/Texas/24-008749-003/2024(H5N1)	39	T	C	3	0	45	135	19	34	0.978261	138	8.33755e-142	TRUE	PA-X:cds-XAJ25423.1	ATT	I	ATC	I	13
PA|PP755594.1|A/cattle/Texas/24-008749-003/2024(H5N1)	57	A	G	0	0	0	160	22	35	1	160	7.52001e-167	TRUE	PA:cds-XAJ25422.1	AAA	K	AAG	K	19
PA|PP755594.1|A/cattle/Texas/24-008749-003/2024(H5N1)	57	A	G	0	0	0	160	22	35	1	160	7.52001e-167	TRUE	PA-X:cds-XAJ25423.1	AAA	K	AAG	K	19
PA|PP755594.1|A/cattle/Texas/24-008749-003/2024(H5N1)	66	A	G	182	28	35	2	0	34	0.0108696	184	0.056134	FALSE	PA:cds-XAJ25422.1	AAA	K	AAG	K	22
PA|PP755594.1|A/cattle/Texas/24-008749-003/2024(H5N1)	66	A	G	182	28	35	2	0	34	0.0108696	184	0.056134	FALSE	PA-X:cds-XAJ25423.1	AAA	K	AAG	K	22
PA|PP755594.1|A/cattle/Texas/24-008749-003/2024(H5N1)	84	G	A	1	0	34	240	38	35	0.995851	241	2.34512e-223	TRUE	PA:cds-XAJ25422.1	CCG	P	CCA	P	28
PA|PP755594.1|A/cattle/Texas/24-008749-003/2024(H5N1)	84	G	A	1	0	34	240	38	35	0.995851	241	2.34512e-223	TRUE	PA-X:cds-XAJ25423.1	CCG	P	CCA	P	28
PA|PP755594.1|A/cattle/Texas/24-008749-003/2024(H5N1)	87	A	G	0	0	0	248	39	36	1	248	4.15186e-231	TRUE	PA:cds-XAJ25422.1	AAA	K	AAG	K	29
PA|PP755594.1|A/cattle/Texas/24-008749-003/2024(H5N1)	87	A	G	0	0	0	248	39	36	1	248	4.15186e-231	TRUE	PA-X:cds-XAJ25423.1	AAA	K	AAG	K	29
PA|PP755594.1|A/cattle/Texas/24-008749-003/2024(H5N1)	108	C	T	2	0	34	270	52	36	0.992647	272	1.3565e-244	TRUE	PA:cds-XAJ25422.1	GCC	A	GCT	A	36
PA|PP755594.1|A/cattle/Texas/24-008749-003/2024(H5N1)	108	C	T	2	0	34	270	52	36	0.992647	272	1.3565e-244	TRUE	PA-X:cds-XAJ25423.1	GCC	A	GCT	A	36
PA|PP755594.1|A/cattle/Texas/24-008749-003/2024(H5N1)	126	A	G	0	0	0	433	106	37	1	433	0	TRUE	PA:cds-XAJ25422.1	TTA	L	TTG	L	42
PA|PP755594.1|A/cattle/Texas/24-008749-003/2024(H5N1)	126	A	G	0	0	0	433	106	37	1	433	0	TRUE	PA-X:cds-XAJ25423.1	TTA	L	TTG	L	42
PA|PP755594.1|A/cattle/Texas/24-008749-003/2024(H5N1)	129	A	G	0	0	0	477	185	37	1	477	0	TRUE	PA:cds-XAJ25422.1	GAA	E	GAG	E	43
PA|PP755594.1|A/cattle/Texas/24-008749-003/2024(H5N1)	129	A	G	0	0	0	477	185	37	1	477	0	TRUE	PA-X:cds-XAJ25423.1	GAA	E	GAG	E	43
PA|PP755594.1|A/cattle/Texas/24-008749-003/2024(H5N1)	132	C	G	0	0	0	496	208	38	1	496	0	TRUE	PA:cds-XAJ25422.1	GTC	V	GTG	V	44
PA|PP755594.1|A/cattle/Texas/24-008749-003/2024(H5N1)	132	C	G	0	0	0	496	208	38	1	496	0	TRUE	PA-X:cds-XAJ25423.1	GTC	V	GTG	V	44
PA|PP755594.1|A/cattle/Texas/24-008749-003/2024(H5N1)	147	G	A	0	0	0	582	267	39	1	582	0	TRUE	PA:cds-XAJ25422.1	TCG	S	TCA	S	49
PA|PP755594.1|A/cattle/Texas/24-008749-003/2024(H5N1)	147	G	A	0	0	0	582	267	39	1	582	0	TRUE	PA-X:cds-XAJ25423.1	TCG	S	TCA	S	49
PA|PP755594.1|A/cattle/Texas/24-008749-003/2024(H5N1)	159	T	C	0	0	0	586	282	37	1	586	0	TRUE	PA:cds-XAJ25422.1	TTT	F	TTC	F	53
PA|PP755594.1|A/cattle/Texas/24-008749-003/2024(H5N1)	159	T	C	0	0	0	586	282	37	1	586	0	TRUE	PA-X:cds-XAJ25423.1	TTT	F	TTC	F	53
PA|PP755594.1|A/cattle/Texas/24-008749-003/2024(H5N1)	165	C	T	0	0	0	591	281	37	1	591	0	TRUE	PA:cds-XAJ25422.1	GAC	D	GAT	D	55
PA|PP755594.1|A/cattle/Texas/24-008749-003/2024(H5N1)	165	C	T	0	0	0	591	281	37	1	591	0	TRUE	PA-X:cds-XAJ25423.1	GAC	D	GAT	D	55
PA|PP755594.1|A/cattle/Texas/24-008749-003/2024(H5N1)	171	A	G	1	1	34	568	288	37	0.998243	569	0	TRUE	PA:cds-XAJ25422.1	CGA	R	CGG	R	57
PA|PP755594.1|A/cattle/Texas/24-008749-003/2024(H5N1)	171	A	G	1	1	34	568	288	37	0.998243	569	0	TRUE	PA-X:cds-XAJ25423.1	CGA	R	CGG	R	57
PA|PP755594.1|A/cattle/Texas/24-008749-003/2024(H5N1)	174	C	T	0	0	0	570	289	37	1	570	0	TRUE	PA:cds-XAJ25422.1	GGC	G	GGT	G	58
PA|PP755594.1|A/cattle/Texas/24-008749-003/2024(H5N1)	174	C	T	0	0	0	570	289	37	1	570	0	TRUE	PA-X:cds-XAJ25423.1	GGC	G	GGT	G	58
PA|PP755594.1|A/cattle/Texas/24-008749-003/2024(H5N1)	183	G	A	0	0	0	659	292	33	1	659	0	TRUE	PA:cds-XAJ25422.1	ATG	M	ATA	I	61
PA|PP755594.1|A/cattle/Texas/24-008749-003/2024(H5N1)	183	G	A	0	0	0	659	292	33	1	659	0	TRUE	PA-X:cds-XAJ25423.1	ATG	M	ATA	I	61
PA|PP755594.1|A/cattle/Texas/24-008749-003/2024(H5N1)	211	T	C	0	0	0	705	330	36	1	705	0	TRUE	PA:cds-XAJ25422.1	TTA	L	CTA	L	71
PA|PP755594.1|A/cattle/Texas/24-008749-003/2024(H5N1)	211	T	C	0	0	0	705	330	36	1	705	0	TRUE	PA-X:cds-XAJ25423.1	TTA	L	CTA	L	71
PA|PP755594.1|A/cattle/Texas/24-008749-003/2024(H5N1)	213	A	C	0	0	0	697	322	36	1	697	0	TRUE	PA:cds-XAJ25422.1	TTA	L	TTC	F	71
PA|PP755594.1|A/cattle/Texas/24-008749-003/2024(H5N1)	213	A	C	0	0	0	697	322	36	1	697	0	TRUE	PA-X:cds-XAJ25423.1	TTA	L	TTC	F	71
PA|PP755594.1|A/cattle/Texas/24-008749-003/2024(H5N1)	214	T	C	0	0	0	698	327	36	1	698	0	TRUE	PA:cds-XAJ25422.1	TTG	L	CTG	L	72
PA|PP755594.1|A/cattle/Texas/24-008749-003/2024(H5N1)	214	T	C	0	0	0	698	327	36	1	698	0	TRUE	PA-X:cds-XAJ25423.1	TTG	L	CTG	L	72
PA|PP755594.1|A/cattle/Texas/24-008749-003/2024(H5N1)	231	G	A	0	0	0	738	342	36	1	738	0	TRUE	PA:cds-XAJ25422.1	GAG	E	GAA	E	77
PA|PP755594.1|A/cattle/Texas/24-008749-003/2024(H5N1)	231	G	A	0	0	0	738	342	36	1	738	0	TRUE	PA-X:cds-XAJ25423.1	GAG	E	GAA	E	77
PA|PP755594.1|A/cattle/Texas/24-008749-003/2024(H5N1)	237	C	T	0	0	0	764	359	36	1	764	0	TRUE	PA:cds-XAJ25422.1	ATC	I	ATT	I	79
PA|PP755594.1|A/cattle/Texas/24-008749-003/2024(H5N1)	237	C	T	0	0	0	764	359	36	1	764	0	TRUE	PA-X:cds-XAJ25423.1	ATC	I	ATT	I	79
PA|PP755594.1|A/cattle/Texas/24-008749-003/2024(H5N1)	252	A	C	0	0	0	740	359	38	1	740	0	TRUE	PA:cds-XAJ25422.1	CGA	R	CGC	R	84
PA|PP755594.1|A/cattle/Texas/24-008749-003/2024(H5N1)	252	A	C	0	0	0	740	359	38	1	740	0	TRUE	PA-X:cds-XAJ25423.1	CGA	R	CGC	R	84
PA|PP755594.1|A/cattle/Texas/24-008749-003/2024(H5N1)	253	G	A	1	1	34	743	359	37	0.998656	744	0	TRUE	PA:cds-XAJ25422.1	GCA	A	ACA	T	85
PA|PP755594.1|A/cattle/Texas/24-008749-003/2024(H5N1)	253	G	A	1	1	34	743	359	37	0.998656	744	0	TRUE	PA-X:cds-XAJ25423.1	GCA	A	ACA	T	85
PA|PP755594.1|A/cattle/Texas/24-008749-003/2024(H5N1)	255	A	T	0	0	0	748	355	37	1	748	0	TRUE	PA:cds-XAJ25422.1	GCA	A	GCT	A	85
PA|PP755594.1|A/cattle/Texas/24-008749-003/2024(H5N1)	255	A	T	0	0	0	748	355	37	1	748	0	TRUE	PA-X:cds-XAJ25423.1	GCA	A	GCT	A	85
PA|PP755594.1|A/cattle/Texas/24-008749-003/2024(H5N1)	270	G	A	1	0	34	821	358	36	0.998783	822	0	TRUE	PA:cds-XAJ25422.1	GTG	V	GTA	V	90
PA|PP755594.1|A/cattle/Texas/24-008749-003/2024(H5N1)	270	G	A	1	0	34	821	358	36	0.998783	822	0	TRUE	PA-X:cds-XAJ25423.1	GTG	V	GTA	V	90
PA|PP755594.1|A/cattle/Texas/24-008749-003/2024(H5N1)	276	T	C	0	0	0	858	328	36	1	858	0	TRUE	PA:cds-XAJ25422.1	AAT	N	AAC	N	92
PA|PP755594.1|A/cattle/Texas/24-008749-003/2024(H5N1)	276	T	C	0	0	0	858	328	36	1	858	0	TRUE	PA-X:cds-XAJ25423.1	AAT	N	AAC	N	92
PA|PP755594.1|A/cattle/Texas/24-008749-003/2024(H5N1)	288	C	T	0	0	0	836	293	36	1	836	0	TRUE	PA:cds-XAJ25422.1	AAC	N	AAT	N	96
PA|PP755594.1|A/cattle/Texas/24-008749-003/2024(H5N1)	288	C	T	0	0	0	836	293	36	1	836	0	TRUE	PA-X:cds-XAJ25423.1	AAC	N	AAT	N	96
PA|PP755594.1|A/cattle/Texas/24-008749-003/2024(H5N1)	297	G	A	1	1	34	691	298	35	0.998555	692	0	TRUE	PA:cds-XAJ25422.1	GGG	G	GGA	G	99
PA|PP755594.1|A/cattle/Texas/24-008749-003/2024(H5N1)	297	G	A	1	1	34	691	298	35	0.998555	692	0	TRUE	PA-X:cds-XAJ25423.1	GGG	G	GGA	G	99
PA|PP755594.1|A/cattle/Texas/24-008749-003/2024(H5N1)	300	C	T	0	0	0	701	303	36	1	701	0	TRUE	PA:cds-XAJ25422.1	GTC	V	GTT	V	100
PA|PP755594.1|A/cattle/Texas/24-008749-003/2024(H5N1)	300	C	T	0	0	0	701	303	36	1	701	0	TRUE	PA-X:cds-XAJ25423.1	GTC	V	GTT	V	100
PA|PP755594.1|A/cattle/Texas/24-008749-003/2024(H5N1)	306	G	A	0	0	0	694	297	35	1	694	0	TRUE	PA:cds-XAJ25422.1	AAG	K	AAA	K	102
PA|PP755594.1|A/cattle/Texas/24-008749-003/2024(H5N1)	306	G	A	0	0	0	694	297	35	1	694	0	TRUE	PA-X:cds-XAJ25423.1	AAG	K	AAA	K	102
PA|PP755594.1|A/cattle/Texas/24-008749-003/2024(H5N1)	312	A	G	1	1	34	691	301	36	0.998555	692	0	TRUE	PA:cds-XAJ25422.1	AAA	K	AAG	K	104
PA|PP755594.1|A/cattle/Texas/24-008749-003/2024(H5N1)	312	A	G	1	1	34	691	301	36	0.998555	692	0	TRUE	PA-X:cds-XAJ25423.1	AAA	K	AAG	K	104
PA|PP755594.1|A/cattle/Texas/24-008749-003/2024(H5N1)	315	C	T	0	0	0	600	208	35	1	600	0	TRUE	PA:cds-XAJ25422.1	TTC	F	TTT	F	105
PA|PP755594.1|A/cattle/Texas/24-008749-003/2024(H5N1)	315	C	T	0	0	0	600	208	35	1	600	0	TRUE	PA-X:cds-XAJ25423.1	TTC	F	TTT	F	105
PA|PP755594.1|A/cattle/Texas/24-008749-003/2024(H5N1)	321	T	G	0	0	0	687	293	36	1	687	0	TRUE	PA:cds-XAJ25422.1	CCT	P	CCG	P	107
PA|PP755594.1|A/cattle/Texas/24-008749-003/2024(H5N1)	321	T	G	0	0	0	687	293	36	1	687	0	TRUE	PA-X:cds-XAJ25423.1	CCT	P	CCG	P	107
PA|PP755594.1|A/cattle/Texas/24-008749-003/2024(H5N1)	327	G	A	0	0	0	717	310	36	1	717	0	TRUE	PA:cds-XAJ25422.1	TTG	L	TTA	L	109
PA|PP755594.1|A/cattle/Texas/24-008749-003/2024(H5N1)	327	G	A	0	0	0	717	310	36	1	717	0	TRUE	PA-X:cds-XAJ25423.1	TTG	L	TTA	L	109
PA|PP755594.1|A/cattle/Texas/24-008749-003/2024(H5N1)	330	T	C	2	1	34	700	311	36	0.997151	702	0	TRUE	PA:cds-XAJ25422.1	TAT	Y	TAC	Y	110
PA|PP755594.1|A/cattle/Texas/24-008749-003/2024(H5N1)	330	T	C	2	1	34	700	311	36	0.997151	702	0	TRUE	PA-X:cds-XAJ25423.1	TAT	Y	TAC	Y	110
PA|PP755594.1|A/cattle/Texas/24-008749-003/2024(H5N1)	338	G	A	0	0	0	755	344	37	1	755	0	TRUE	PA:cds-XAJ25422.1	AGA	R	AAA	K	113
PA|PP755594.1|A/cattle/Texas/24-008749-003/2024(H5N1)	338	G	A	0	0	0	755	344	37	1	755	0	TRUE	PA-X:cds-XAJ25423.1	AGA	R	AAA	K	113
PA|PP755594.1|A/cattle/Texas/24-008749-003/2024(H5N1)	346	A	C	0	0	0	757	356	38	0.997365	759	0	TRUE	PA:cds-XAJ25422.1	AGA	R	CGA	R	116
PA|PP755594.1|A/cattle/Texas/24-008749-003/2024(H5N1)	346	A	C	0	0	0	757	356	38	0.997365	759	0	TRUE	PA-X:cds-XAJ25423.1	AGA	R	CGA	R	116
PA|PP755594.1|A/cattle/Texas/24-008749-003/2024(H5N1)	348	A	C	0	0	0	771	356	38	1	771	0	TRUE	PA:cds-XAJ25422.1	AGA	R	AGC	S	116
PA|PP755594.1|A/cattle/Texas/24-008749-003/2024(H5N1)	348	A	C	0	0	0	771	356	38	1	771	0	TRUE	PA-X:cds-XAJ25423.1	AGA	R	AGC	S	116
PA|PP755594.1|A/cattle/Texas/24-008749-003/2024(H5N1)	369	G	A	0	0	0	522	262	36	1	522	0	TRUE	PA:cds-XAJ25422.1	ACG	T	ACA	T	123
PA|PP755594.1|A/cattle/Texas/24-008749-003/2024(H5N1)	369	G	A	0	0	0	522	262	36	1	522	0	TRUE	PA-X:cds-XAJ25423.1	ACG	T	ACA	T	123
PA|PP755594.1|A/cattle/Texas/24-008749-003/2024(H5N1)	370	C	A	0	0	0	530	262	36	1	530	0	TRUE	PA:cds-XAJ25422.1	CGA	R	AGA	R	124
PA|PP755594.1|A/cattle/Texas/24-008749-003/2024(H5N1)	370	C	A	0	0	0	530	262	36	1	530	0	TRUE	PA-X:cds-XAJ25423.1	CGA	R	AGA	R	124
PA|PP755594.1|A/cattle/Texas/24-008749-003/2024(H5N1)	372	A	G	2	0	32	522	262	36	0.996183	524	0	TRUE	PA:cds-XAJ25422.1	CGA	R	CGG	R	124
PA|PP755594.1|A/cattle/Texas/24-008749-003/2024(H5N1)	372	A	G	2	0	32	522	262	36	0.996183	524	0	TRUE	PA-X:cds-XAJ25423.1	CGA	R	CGG	R	124
PA|PP755594.1|A/cattle/Texas/24-008749-003/2024(H5N1)	375	G	A	0	0	0	494	259	35	1	494	0	TRUE	PA:cds-XAJ25422.1	AGG	R	AGA	R	125
PA|PP755594.1|A/cattle/Texas/24-008749-003/2024(H5N1)	375	G	A	0	0	0	494	259	35	1	494	0	TRUE	PA-X:cds-XAJ25423.1	AGG	R	AGA	R	125
PA|PP755594.1|A/cattle/Texas/24-008749-003/2024(H5N1)	381	T	C	0	0	0	528	259	36	1	528	0	TRUE	PA:cds-XAJ25422.1	GTT	V	GTC	V	127
PA|PP755594.1|A/cattle/Texas/24-008749-003/2024(H5N1)	381	T	C	0	0	0	528	259	36	1	528	0	TRUE	PA-X:cds-XAJ25423.1	GTT	V	GTC	V	127
PA|PP755594.1|A/cattle/Texas/24-008749-003/2024(H5N1)	384	C	T	0	0	0	530	263	36	0.998117	531	0	TRUE	PA:cds-XAJ25422.1	CAC	H	CAT	H	128
PA|PP755594.1|A/cattle/Texas/24-008749-003/2024(H5N1)	384	C	T	0	0	0	530	263	36	0.998117	531	0	TRUE	PA-X:cds-XAJ25423.1	CAC	H	CAT	H	128
PA|PP755594.1|A/cattle/Texas/24-008749-003/2024(H5N1)	396	G	A	0	0	0	677	347	38	1	677	0	TRUE	PA:cds-XAJ25422.1	TTG	L	TTA	L	132
PA|PP755594.1|A/cattle/Texas/24-008749-003/2024(H5N1)	396	G	A	0	0	0	677	347	38	1	677	0	TRUE	PA-X:cds-XAJ25423.1	TTG	L	TTA	L	132
PA|PP755594.1|A/cattle/Texas/24-008749-003/2024(H5N1)	402	A	G	0	0	0	701	347	38	1	701	0	TRUE	PA:cds-XAJ25422.1	AAA	K	AAG	K	134
PA|PP755594.1|A/cattle/Texas/24-008749-003/2024(H5N1)	402	A	G	0	0	0	701	347	38	1	701	0	TRUE	PA-X:cds-XAJ25423.1	AAA	K	AAG	K	134
PA|PP755594.1|A/cattle/Texas/24-008749-003/2024(H5N1)	408	C	T	0	0	0	716	354	38	0.998605	717	0	TRUE	PA:cds-XAJ25422.1	AAC	N	AAT	N	136
PA|PP755594.1|A/cattle/Texas/24-008749-003/2024(H5N1)	408	C	T	0	0	0	716	354	38	0.998605	717	0	TRUE	PA-X:cds-XAJ25423.1	AAC	N	AAT	N	136
PA|PP755594.1|A/cattle/Texas/24-008749-003/2024(H5N1)	417	A	G	0	0	0	672	378	36	1	672	0	TRUE	PA:cds-XAJ25422.1	AAA	K	AAG	K	139
PA|PP755594.1|A/cattle/Texas/24-008749-003/2024(H5N1)	417	A	G	0	0	0	672	378	36	1	672	0	TRUE	PA-X:cds-XAJ25423.1	AAA	K	AAG	K	139
PA|PP755594.1|A/cattle/Texas/24-008749-003/2024(H5N1)	420	A	T	0	0	0	647	386	36	1	647	0	TRUE	PA:cds-XAJ25422.1	TCA	S	TCT	S	140
PA|PP755594.1|A/cattle/Texas/24-008749-003/2024(H5N1)	420	A	T	0	0	0	647	386	36	1	647	0	TRUE	PA-X:cds-XAJ25423.1	TCA	S	TCT	S	140
PA|PP755594.1|A/cattle/Texas/24-008749-003/2024(H5N1)	426	A	G	0	0	0	620	370	35	1	620	0	TRUE	PA:cds-XAJ25422.1	AAA	K	AAG	K	142
PA|PP755594.1|A/cattle/Texas/24-008749-003/2024(H5N1)	426	A	G	0	0	0	620	370	35	1	620	0	TRUE	PA-X:cds-XAJ25423.1	AAA	K	AAG	K	142
PA|PP755594.1|A/cattle/Texas/24-008749-003/2024(H5N1)	432	T	C	0	0	0	615	385	35	1	615	0	TRUE	PA:cds-XAJ25422.1	CAT	H	CAC	H	144
PA|PP755594.1|A/cattle/Texas/24-008749-003/2024(H5N1)	432	T	C	0	0	0	615	385	35	1	615	0	TRUE	PA-X:cds-XAJ25423.1	CAT	H	CAC	H	144
PA|PP755594.1|A/cattle/Texas/24-008749-003/2024(H5N1)	438	C	T	1	0	34	535	311	35	0.998134	536	0	TRUE	PA:cds-XAJ25422.1	CAC	H	CAT	H	146
PA|PP755594.1|A/cattle/Texas/24-008749-003/2024(H5N1)	438	C	T	1	0	34	535	311	35	0.998134	536	0	TRUE	PA-X:cds-XAJ25423.1	CAC	H	CAT	H	146
PA|PP755594.1|A/cattle/Texas/24-008749-003/2024(H5N1)	441	A	C	0	0	0	572	350	35	1	572	0	TRUE	PA:cds-XAJ25422.1	ATA	I	ATC	I	147
PA|PP755594.1|A/cattle/Texas/24-008749-003/2024(H5N1)	441	A	C	0	0	0	572	350	35	1	572	0	TRUE	PA-X:cds-XAJ25423.1	ATA	I	ATC	I	147
PA|PP755594.1|A/cattle/Texas/24-008749-003/2024(H5N1)	444	C	T	0	0	0	567	343	35	1	567	0	TRUE	PA:cds-XAJ25422.1	TTC	F	TTT	F	148
PA|PP755594.1|A/cattle/Texas/24-008749-003/2024(H5N1)	444	C	T	0	0	0	567	343	35	1	567	0	TRUE	PA-X:cds-XAJ25423.1	TTC	F	TTT	F	148
PA|PP755594.1|A/cattle/Texas/24-008749-003/2024(H5N1)	456	A	G	0	0	0	713	400	35	1	713	0	TRUE	PA:cds-XAJ25422.1	GGA	G	GGG	G	152
PA|PP755594.1|A/cattle/Texas/24-008749-003/2024(H5N1)	456	A	G	0	0	0	713	400	35	1	713	0	TRUE	PA-X:cds-XAJ25423.1	GGA	G	GGG	G	152
PA|PP755594.1|A/cattle/Texas/24-008749-003/2024(H5N1)	459	G	A	4	1	34	720	408	35	0.994475	724	0	TRUE	PA:cds-XAJ25422.1	GAG	E	GAA	E	153
PA|PP755594.1|A/cattle/Texas/24-008749-003/2024(H5N1)	459	G	A	4	1	34	720	408	35	0.994475	724	0	TRUE	PA-X:cds-XAJ25423.1	GAG	E	GAA	E	153
PA|PP755594.1|A/cattle/Texas/24-008749-003/2024(H5N1)	468	C	T	0	0	0	593	330	34	1	593	0	TRUE	PA:cds-XAJ25422.1	GCC	A	GCT	A	156
PA|PP755594.1|A/cattle/Texas/24-008749-003/2024(H5N1)	468	C	T	0	0	0	593	330	34	1	593	0	TRUE	PA-X:cds-XAJ25423.1	GCC	A	GCT	A	156
PA|PP755594.1|A/cattle/Texas/24-008749-003/2024(H5N1)	471	C	T	1	1	34	601	339	34	0.998339	602	0	TRUE	PA:cds-XAJ25422.1	ACC	T	ACT	T	157
PA|PP755594.1|A/cattle/Texas/24-008749-003/2024(H5N1)	471	C	T	1	1	34	601	339	34	0.998339	602	0	TRUE	PA-X:cds-XAJ25423.1	ACC	T	ACT	T	157
PA|PP755594.1|A/cattle/Texas/24-008749-003/2024(H5N1)	474	G	A	3	3	34	596	335	34	0.994992	599	0	TRUE	PA:cds-XAJ25422.1	AAG	K	AAA	K	158
PA|PP755594.1|A/cattle/Texas/24-008749-003/2024(H5N1)	474	G	A	3	3	34	596	335	34	0.994992	599	0	TRUE	PA-X:cds-XAJ25423.1	AAG	K	AAA	K	158
PA|PP755594.1|A/cattle/Texas/24-008749-003/2024(H5N1)	477	G	A	0	0	0	601	336	34	1	601	0	TRUE	PA:cds-XAJ25422.1	GCG	A	GCA	A	159
PA|PP755594.1|A/cattle/Texas/24-008749-003/2024(H5N1)	477	G	A	0	0	0	601	336	34	1	601	0	TRUE	PA-X:cds-XAJ25423.1	GCG	A	GCA	A	159
PA|PP755594.1|A/cattle/Texas/24-008749-003/2024(H5N1)	486	C	T	1	1	34	631	299	33	0.998418	632	0	TRUE	PA:cds-XAJ25422.1	ACC	T	ACT	T	162
PA|PP755594.1|A/cattle/Texas/24-008749-003/2024(H5N1)	486	C	T	1	1	34	631	299	33	0.998418	632	0	TRUE	PA-X:cds-XAJ25423.1	ACC	T	ACT	T	162
PA|PP755594.1|A/cattle/Texas/24-008749-003/2024(H5N1)	492	T	C	0	0	0	673	340	34	1	673	0	TRUE	PA:cds-XAJ25422.1	GAT	D	GAC	D	164
PA|PP755594.1|A/cattle/Texas/24-008749-003/2024(H5N1)	492	T	C	0	0	0	673	340	34	1	673	0	TRUE	PA-X:cds-XAJ25423.1	GAT	D	GAC	D	164
PA|PP755594.1|A/cattle/Texas/24-008749-003/2024(H5N1)	498	G	A	3	2	34	680	346	34	0.995608	683	0	TRUE	PA:cds-XAJ25422.1	GAG	E	GAA	E	166
PA|PP755594.1|A/cattle/Texas/24-008749-003/2024(H5N1)	498	G	A	3	2	34	680	346	34	0.995608	683	0	TRUE	PA-X:cds-XAJ25423.1	GAG	E	GAA	E	166
PA|PP755594.1|A/cattle/Texas/24-008749-003/2024(H5N1)	501	C	T	0	0	0	675	340	34	1	675	0	TRUE	PA:cds-XAJ25422.1	AGC	S	AGT	S	167
PA|PP755594.1|A/cattle/Texas/24-008749-003/2024(H5N1)	501	C	T	0	0	0	675	340	34	1	675	0	TRUE	PA-X:cds-XAJ25423.1	AGC	S	AGT	S	167
PA|PP755594.1|A/cattle/Texas/24-008749-003/2024(H5N1)	507	A	G	1	1	34	705	352	34	0.998584	706	0	TRUE	PA:cds-XAJ25422.1	GCA	A	GCG	A	169
PA|PP755594.1|A/cattle/Texas/24-008749-003/2024(H5N1)	507	A	G	1	1	34	705	352	34	0.998584	706	0	TRUE	PA-X:cds-XAJ25423.1	GCA	A	GCG	A	169
PA|PP755594.1|A/cattle/Texas/24-008749-003/2024(H5N1)	513	A	C	0	0	0	721	367	35	0.998615	722	0	TRUE	PA:cds-XAJ25422.1	ATA	I	ATC	I	171
PA|PP755594.1|A/cattle/Texas/24-008749-003/2024(H5N1)	513	A	C	0	0	0	721	367	35	0.998615	722	0	TRUE	PA-X:cds-XAJ25423.1	ATA	I	ATC	I	171
PA|PP755594.1|A/cattle/Texas/24-008749-003/2024(H5N1)	525	G	A	0	0	0	707	365	35	1	707	0	TRUE	PA:cds-XAJ25422.1	CTG	L	CTA	L	175
PA|PP755594.1|A/cattle/Texas/24-008749-003/2024(H5N1)	525	G	A	0	0	0	707	365	35	1	707	0	TRUE	PA-X:cds-XAJ25423.1	CTG	L	CTA	L	175
PA|PP755594.1|A/cattle/Texas/24-008749-003/2024(H5N1)	537	A	G	0	0	0	710	310	35	1	710	0	TRUE	PA:cds-XAJ25422.1	AGA	R	AGG	R	179
PA|PP755594.1|A/cattle/Texas/24-008749-003/2024(H5N1)	537	A	G	0	0	0	710	310	35	1	710	0	TRUE	PA-X:cds-XAJ25423.1	AGA	R	AGG	R	179
PA|PP755594.1|A/cattle/Texas/24-008749-003/2024(H5N1)	543	A	G	0	0	0	710	287	34	1	710	0	TRUE	PA:cds-XAJ25422.1	GAA	E	GAG	E	181
PA|PP755594.1|A/cattle/Texas/24-008749-003/2024(H5N1)	543	A	G	0	0	0	710	287	34	1	710	0	TRUE	PA-X:cds-XAJ25423.1	GAA	E	GAG	E	181
PA|PP755594.1|A/cattle/Texas/24-008749-003/2024(H5N1)	552	T	C	0	0	0	708	281	35	1	708	0	TRUE	PA:cds-XAJ25422.1	AGT	S	AGC	S	184
PA|PP755594.1|A/cattle/Texas/24-008749-003/2024(H5N1)	552	T	C	0	0	0	708	281	35	1	708	0	TRUE	PA-X:cds-XAJ25423.1	AGT	S	AGC	S	184
PA|PP755594.1|A/cattle/Texas/24-008749-003/2024(H5N1)	558	T	C	0	0	0	692	267	35	1	692	0	TRUE	PA:cds-XAJ25422.1	GGT	G	GGC	G	186
PA|PP755594.1|A/cattle/Texas/24-008749-003/2024(H5N1)	558	T	C	0	0	0	692	267	35	1	692	0	TRUE	PA-X:cds-XAJ25423.1	GGT	G	GGC	G	186
PA|PP755594.1|A/cattle/Texas/24-008749-003/2024(H5N1)	561	A	C	0	0	0	696	267	35	1	696	0	TRUE	PA:cds-XAJ25422.1	CTA	L	CTC	L	187
PA|PP755594.1|A/cattle/Texas/24-008749-003/2024(H5N1)	561	A	C	0	0	0	696	267	35	1	696	0	TRUE	PA-X:cds-XAJ25423.1	CTA	L	CTC	L	187
PA|PP755594.1|A/cattle/Texas/24-008749-003/2024(H5N1)	579	A	G	1	0	34	770	346	35	0.998703	771	0	TRUE	PA:cds-XAJ25422.1	CAA	Q	CAG	Q	193
PA|PP755594.1|A/cattle/Texas/24-008749-003/2024(H5N1)	579	A	G	1	0	34	770	346	35	0.998703	771	0	TRUE	PA-X:cds-XAJ25423.1	AAT	N	AGT	S	3
PA|PP755594.1|A/cattle/Texas/24-008749-003/2024(H5N1)	621	C	T	0	0	0	873	423	36	1	873	0	TRUE	PA:cds-XAJ25422.1	ATC	I	ATT	I	207
PA|PP755594.1|A/cattle/Texas/24-008749-003/2024(H5N1)	621	C	T	0	0	0	873	423	36	1	873	0	TRUE	PA-X:cds-XAJ25423.1	TCA	S	TTA	L	17
PA|PP755594.1|A/cattle/Texas/24-008749-003/2024(H5N1)	642	T	C	0	0	0	875	420	36	0.998858	876	0	TRUE	PA:cds-XAJ25422.1	CTT	L	CTC	L	214
PA|PP755594.1|A/cattle/Texas/24-008749-003/2024(H5N1)	642	T	C	0	0	0	875	420	36	0.998858	876	0	TRUE	PA-X:cds-XAJ25423.1	TTG	L	TCG	S	24
PA|PP755594.1|A/cattle/Texas/24-008749-003/2024(H5N1)	655	A	C	0	0	0	907	443	36	1	907	0	TRUE	PA:cds-XAJ25422.1	ATT	I	CTT	L	219
PA|PP755594.1|A/cattle/Texas/24-008749-003/2024(H5N1)	655	A	C	0	0	0	907	443	36	1	907	0	TRUE	PA-X:cds-XAJ25423.1	GTA	V	GTC	V	28
PA|PP755594.1|A/cattle/Texas/24-008749-003/2024(H5N1)	657	T	C	0	0	0	907	445	36	1	907	0	TRUE	PA:cds-XAJ25422.1	ATT	I	ATC	I	219
PA|PP755594.1|A/cattle/Texas/24-008749-003/2024(H5N1)	657	T	C	0	0	0	907	445	36	1	907	0	TRUE	PA-X:cds-XAJ25423.1	TTC	F	TCC	S	29
PA|PP755594.1|A/cattle/Texas/24-008749-003/2024(H5N1)	750	A	C	0	0	0	789	414	36	1	789	0	TRUE	PA:cds-XAJ25422.1	TCA	S	TCC	S	250
PA|PP755594.1|A/cattle/Texas/24-008749-003/2024(H5N1)	750	A	C	0	0	0	789	414	36	1	789	0	TRUE	PA-X:cds-XAJ25423.1	CAA	Q	CCA	P	60
PA|PP755594.1|A/cattle/Texas/24-008749-003/2024(H5N1)	756	G	A	3	2	34	726	366	36	0.995885	729	0	TRUE	PA:cds-XAJ25422.1	GAG	E	GAA	E	252
PA|PP755594.1|A/cattle/Texas/24-008749-003/2024(H5N1)	756	G	A	3	2	34	726	366	36	0.995885	729	0	TRUE	PA-X:cds-XAJ25423.1	AGG	R	AAG	K	62
PA|PP755594.1|A/cattle/Texas/24-008749-003/2024(H5N1)	759	G	A	0	0	0	724	365	36	1	724	0	TRUE	PA:cds-XAJ25422.1	GTG	V	GTA	V	253
PA|PP755594.1|A/cattle/Texas/24-008749-003/2024(H5N1)	759	G	A	0	0	0	724	365	36	1	724	0	TRUE	PA-X:cds-XAJ25423.1	TGA	*	TAA	*	63
PA|PP755594.1|A/cattle/Texas/24-008749-003/2024(H5N1)	762	C	T	0	0	0	712	353	36	1	712	0	TRUE	PA:cds-XAJ25422.1	AAC	N	AAT	N	254
PA|PP755594.1|A/cattle/Texas/24-008749-003/2024(H5N1)	765	C	A	0	0	0	729	364	36	1	729	0	TRUE	PA:cds-XAJ25422.1	GCC	A	GCA	A	255
PA|PP755594.1|A/cattle/Texas/24-008749-003/2024(H5N1)	774	G	A	5	4	32	835	476	38	0.994048	840	0	TRUE	PA:cds-XAJ25422.1	GAG	E	GAA	E	258
PA|PP755594.1|A/cattle/Texas/24-008749-003/2024(H5N1)	789	A	G	0	0	0	823	495	37	1	823	0	TRUE	PA:cds-XAJ25422.1	ACA	T	ACG	T	263
PA|PP755594.1|A/cattle/Texas/24-008749-003/2024(H5N1)	795	A	G	0	0	0	772	453	37	1	772	0	TRUE	PA:cds-XAJ25422.1	CCA	P	CCG	P	265
PA|PP755594.1|A/cattle/Texas/24-008749-003/2024(H5N1)	804	C	G	0	0	0	747	453	36	1	747	0	TRUE	PA:cds-XAJ25422.1	CTC	L	CTG	L	268
PA|PP755594.1|A/cattle/Texas/24-008749-003/2024(H5N1)	810	A	G	0	0	0	137	110	33	1	137	8.73802e-83	TRUE	PA:cds-XAJ25422.1	TTA	L	TTG	L	270
PA|PP755594.1|A/cattle/Texas/24-008749-003/2024(H5N1)	813	T	G	0	0	0	138	111	33	1	138	1.71644e-82	TRUE	PA:cds-XAJ25422.1	CCT	P	CCG	P	271
PA|PP755594.1|A/cattle/Texas/24-008749-003/2024(H5N1)	816	T	A	0	0	0	137	110	34	1	137	3.43288e-82	TRUE	PA:cds-XAJ25422.1	GAT	D	GAA	E	272
PA|PP755594.1|A/cattle/Texas/24-008749-003/2024(H5N1)	825	C	T	1	1	34	112	97	33	0.99115	113	6.08176e-70	TRUE	PA:cds-XAJ25422.1	CCC	P	CCT	P	275
PA|PP755594.1|A/cattle/Texas/24-008749-003/2024(H5N1)	828	T	C	0	0	0	113	98	33	1	113	3.49821e-67	TRUE	PA:cds-XAJ25422.1	TGT	C	TGC	C	276
PA|PP755594.1|A/cattle/Texas/24-008749-003/2024(H5N1)	829	C	T	4	3	34	109	95	34	0.964602	113	2.5048e-60	TRUE	PA:cds-XAJ25422.1	CCT	P	TCT	S	277
PA|PP755594.1|A/cattle/Texas/24-008749-003/2024(H5N1)	831	T	C	0	0	0	112	98	33	1	112	6.96546e-67	TRUE	PA:cds-XAJ25422.1	CCT	P	CCC	P	277
PA|PP755594.1|A/cattle/Texas/24-008749-003/2024(H5N1)	837	G	A	0	0	0	111	97	33	1	111	1.39309e-66	TRUE	PA:cds-XAJ25422.1	CGG	R	CGA	R	279
PA|PP755594.1|A/cattle/Texas/24-008749-003/2024(H5N1)	843	G	A	0	0	0	113	98	33	1	113	3.49821e-67	TRUE	PA:cds-XAJ25422.1	AAG	K	AAA	K	281
PA|PP755594.1|A/cattle/Texas/24-008749-003/2024(H5N1)	846	C	T	0	0	0	112	97	33	1	112	6.96546e-67	TRUE	PA:cds-XAJ25422.1	TTC	F	TTT	F	282
PA|PP755594.1|A/cattle/Texas/24-008749-003/2024(H5N1)	847	T	C	0	0	0	112	97	33	1	112	6.96546e-67	TRUE	PA:cds-XAJ25422.1	TTG	L	CTG	L	283
PA|PP755594.1|A/cattle/Texas/24-008749-003/2024(H5N1)	861	C	T	3	2	45	115	99	33	0.974576	118	3.61345e-66	TRUE	PA:cds-XAJ25422.1	GCC	A	GCT	A	287
PA|PP755594.1|A/cattle/Texas/24-008749-003/2024(H5N1)	864	T	G	0	0	0	116	100	34	1	116	4.72473e-71	TRUE	PA:cds-XAJ25422.1	CTT	L	CTG	L	288
PA|PP755594.1|A/cattle/Texas/24-008749-003/2024(H5N1)	868	T	C	0	0	0	122	105	34	1	122	6.93236e-73	TRUE	PA:cds-XAJ25422.1	TTG	L	CTG	L	290
PA|PP755594.1|A/cattle/Texas/24-008749-003/2024(H5N1)	870	G	T	0	0	0	121	105	33	1	121	1.38647e-72	TRUE	PA:cds-XAJ25422.1	TTG	L	TTT	F	290
PA|PP755594.1|A/cattle/Texas/24-008749-003/2024(H5N1)	873	C	T	0	0	0	117	100	33	1	117	2.31294e-71	TRUE	PA:cds-XAJ25422.1	AGC	S	AGT	S	291
PA|PP755594.1|A/cattle/Texas/24-008749-003/2024(H5N1)	876	C	T	0	0	0	125	104	33	1	125	1.32246e-77	TRUE	PA:cds-XAJ25422.1	ATC	I	ATT	I	292
PA|PP755594.1|A/cattle/Texas/24-008749-003/2024(H5N1)	885	T	G	0	0	0	704	305	35	1	704	0	TRUE	PA:cds-XAJ25422.1	CCT	P	CCG	P	295
PA|PP755594.1|A/cattle/Texas/24-008749-003/2024(H5N1)	894	G	A	0	0	0	777	381	36	1	777	0	TRUE	PA:cds-XAJ25422.1	GAG	E	GAA	E	298
PA|PP755594.1|A/cattle/Texas/24-008749-003/2024(H5N1)	897	G	C	0	0	0	782	383	36	1	782	0	TRUE	PA:cds-XAJ25422.1	GGG	G	GGC	G	299
PA|PP755594.1|A/cattle/Texas/24-008749-003/2024(H5N1)	903	C	G	0	0	0	838	394	36	0.997619	840	0	TRUE	PA:cds-XAJ25422.1	GGC	G	GGG	G	301
PA|PP755594.1|A/cattle/Texas/24-008749-003/2024(H5N1)	921	A	G	0	0	0	947	319	36	1	947	0	TRUE	PA:cds-XAJ25422.1	GCA	A	GCG	A	307
PA|PP755594.1|A/cattle/Texas/24-008749-003/2024(H5N1)	939	A	C	0	0	0	916	314	36	1	916	0	TRUE	PA:cds-XAJ25422.1	ACA	T	ACC	T	313
PA|PP755594.1|A/cattle/Texas/24-008749-003/2024(H5N1)	960	C	T	3	0	34	948	339	35	0.996845	951	0	TRUE	PA:cds-XAJ25422.1	CCC	P	CCT	P	320
PA|PP755594.1|A/cattle/Texas/24-008749-003/2024(H5N1)	966	C	T	1	1	34	890	277	35	0.998878	891	0	TRUE	PA:cds-XAJ25422.1	ATC	I	ATT	I	322
PA|PP755594.1|A/cattle/Texas/24-008749-003/2024(H5N1)	969	A	C	0	0	0	901	291	35	1	901	0	TRUE	PA:cds-XAJ25422.1	GTA	V	GTC	V	323
PA|PP755594.1|A/cattle/Texas/24-008749-003/2024(H5N1)	975	G	A	0	0	0	865	294	35	1	865	0	TRUE	PA:cds-XAJ25422.1	CCG	P	CCA	P	325
PA|PP755594.1|A/cattle/Texas/24-008749-003/2024(H5N1)	981	G	A	1	1	34	828	290	34	0.998794	829	0	TRUE	PA:cds-XAJ25422.1	GAG	E	GAA	E	327
PA|PP755594.1|A/cattle/Texas/24-008749-003/2024(H5N1)	984	A	G	4	3	30	876	289	35	0.995455	880	0	TRUE	PA:cds-XAJ25422.1	AAA	K	AAG	K	328
PA|PP755594.1|A/cattle/Texas/24-008749-003/2024(H5N1)	987	C	A	0	0	0	875	285	35	0.997719	877	0	TRUE	PA:cds-XAJ25422.1	GGC	G	GGA	G	329
PA|PP755594.1|A/cattle/Texas/24-008749-003/2024(H5N1)	996	T	C	0	0	0	959	333	36	1	959	0	TRUE	PA:cds-XAJ25422.1	CCT	P	CCC	P	332
PA|PP755594.1|A/cattle/Texas/24-008749-003/2024(H5N1)	1002	C	T	3	0	34	885	265	35	0.996622	888	0	TRUE	PA:cds-XAJ25422.1	TAC	Y	TAT	Y	334
PA|PP755594.1|A/cattle/Texas/24-008749-003/2024(H5N1)	1011	T	G	0	0	0	889	332	36	1	889	0	TRUE	PA:cds-XAJ25422.1	GCT	A	GCG	A	337
PA|PP755594.1|A/cattle/Texas/24-008749-003/2024(H5N1)	1017	G	A	0	0	0	658	202	35	1	658	0	TRUE	PA:cds-XAJ25422.1	AAG	K	AAA	K	339
PA|PP755594.1|A/cattle/Texas/24-008749-003/2024(H5N1)	1020	G	A	4	4	34	695	202	35	0.994278	699	0	TRUE	PA:cds-XAJ25422.1	CAG	Q	CAA	Q	340
PA|PP755594.1|A/cattle/Texas/24-008749-003/2024(H5N1)	1024	C	T	1	1	34	643	190	35	0.998447	644	0	TRUE	PA:cds-XAJ25422.1	CTG	L	TTG	L	342
PA|PP755594.1|A/cattle/Texas/24-008749-003/2024(H5N1)	1026	G	A	1	1	34	618	199	35	0.998384	619	0	TRUE	PA:cds-XAJ25422.1	CTG	L	CTA	L	342
PA|PP755594.1|A/cattle/Texas/24-008749-003/2024(H5N1)	1035	T	A	0	0	0	929	349	36	1	929	0	TRUE	PA:cds-XAJ25422.1	CTT	L	CTA	L	345
PA|PP755594.1|A/cattle/Texas/24-008749-003/2024(H5N1)	1038	A	G	0	0	0	941	347	36	1	941	0	TRUE	PA:cds-XAJ25422.1	CAA	Q	CAG	Q	346
PA|PP755594.1|A/cattle/Texas/24-008749-003/2024(H5N1)	1050	T	C	0	0	0	990	419	37	1	990	0	TRUE	PA:cds-XAJ25422.1	AAT	N	AAC	N	350
PA|PP755594.1|A/cattle/Texas/24-008749-003/2024(H5N1)	1059	A	G	0	0	0	919	449	36	1	919	0	TRUE	PA:cds-XAJ25422.1	AAA	K	AAG	K	353
PA|PP755594.1|A/cattle/Texas/24-008749-003/2024(H5N1)	1071	A	T	0	0	0	907	481	36	0.998899	908	0	TRUE	PA:cds-XAJ25422.1	ACA	T	ACT	T	357
PA|PP755594.1|A/cattle/Texas/24-008749-003/2024(H5N1)	1074	G	A	2	0	34	906	483	36	0.997797	908	0	TRUE	PA:cds-XAJ25422.1	AAG	K	AAA	K	358
PA|PP755594.1|A/cattle/Texas/24-008749-003/2024(H5N1)	1116	G	A	0	0	0	883	529	36	1	883	0	TRUE	PA:cds-XAJ25422.1	GAG	E	GAA	E	372
PA|PP755594.1|A/cattle/Texas/24-008749-003/2024(H5N1)	1119	C	T	0	0	0	822	464	35	1	822	0	TRUE	PA:cds-XAJ25422.1	AAC	N	AAT	N	373
PA|PP755594.1|A/cattle/Texas/24-008749-003/2024(H5N1)	1125	T	A	0	0	0	860	517	36	1	860	0	TRUE	PA:cds-XAJ25422.1	GCT	A	GCA	A	375
PA|PP755594.1|A/cattle/Texas/24-008749-003/2024(H5N1)	1131	A	G	0	0	0	831	490	36	1	831	0	TRUE	PA:cds-XAJ25422.1	GAA	E	GAG	E	377
PA|PP755594.1|A/cattle/Texas/24-008749-003/2024(H5N1)	1137	G	A	1	0	34	822	498	36	0.998785	823	0	TRUE	PA:cds-XAJ25422.1	GTG	V	GTA	V	379
PA|PP755594.1|A/cattle/Texas/24-008749-003/2024(H5N1)	1146	G	A	1	0	34	751	463	35	0.99867	752	0	TRUE	PA:cds-XAJ25422.1	GAG	E	GAA	E	382
PA|PP755594.1|A/cattle/Texas/24-008749-003/2024(H5N1)	1155	A	G	0	0	0	672	390	35	1	672	0	TRUE	PA:cds-XAJ25422.1	AAA	K	AAG	K	385
PA|PP755594.1|A/cattle/Texas/24-008749-003/2024(H5N1)	1161	T	C	0	0	0	634	365	35	1	634	0	TRUE	PA:cds-XAJ25422.1	GTT	V	GTC	V	387
PA|PP755594.1|A/cattle/Texas/24-008749-003/2024(H5N1)	1168	C	T	0	0	0	14	14	31	1	14	2.12118e-09	TRUE	PA:cds-XAJ25422.1	CTA	L	TTA	L	390
PA|PP755594.1|A/cattle/Texas/24-008749-003/2024(H5N1)	1170	A	G	0	0	0	15	15	34	1	15	6.44673e-09	TRUE	PA:cds-XAJ25422.1	CTA	L	CTG	L	390
PA|PP755594.1|A/cattle/Texas/24-008749-003/2024(H5N1)	1172	G	A	0	0	0	16	16	33	1	16	3.32734e-09	TRUE	PA:cds-XAJ25422.1	AGA	R	AAA	K	391
PA|PP755594.1|A/cattle/Texas/24-008749-003/2024(H5N1)	1173	A	G	0	0	0	16	16	34	1	16	3.32734e-09	TRUE	PA:cds-XAJ25422.1	AGA	R	AGG	R	391
PA|PP755594.1|A/cattle/Texas/24-008749-003/2024(H5N1)	1176	G	A	0	0	0	16	16	34	1	16	3.32734e-09	TRUE	PA:cds-XAJ25422.1	CAG	Q	CAA	Q	392
PA|PP755594.1|A/cattle/Texas/24-008749-003/2024(H5N1)	1179	C	T	0	0	0	15	15	33	1	15	6.44673e-09	TRUE	PA:cds-XAJ25422.1	TAC	Y	TAT	Y	393
PA|PP755594.1|A/cattle/Texas/24-008749-003/2024(H5N1)	1191	A	G	0	0	0	16	16	33	1	16	3.32734e-09	TRUE	PA:cds-XAJ25422.1	GAA	E	GAG	E	397
PA|PP755594.1|A/cattle/Texas/24-008749-003/2024(H5N1)	1194	A	T	0	0	0	16	16	34	1	16	3.32734e-09	TRUE	PA:cds-XAJ25422.1	CCA	P	CCT	P	398
PA|PP755594.1|A/cattle/Texas/24-008749-003/2024(H5N1)	1198	T	C	0	0	0	16	16	34	1	16	3.32734e-09	TRUE	PA:cds-XAJ25422.1	TCT	S	CCT	P	400
PA|PP755594.1|A/cattle/Texas/24-008749-003/2024(H5N1)	1199	C	A	0	0	0	16	16	34	1	16	3.32734e-09	TRUE	PA:cds-XAJ25422.1	TCT	S	TAT	Y	400
PA|PP755594.1|A/cattle/Texas/24-008749-003/2024(H5N1)	1200	T	A	0	0	0	16	16	34	1	16	3.32734e-09	TRUE	PA:cds-XAJ25422.1	TCT	S	TCA	S	400
PA|PP755594.1|A/cattle/Texas/24-008749-003/2024(H5N1)	1209	A	G	0	0	0	137	72	33	1	137	4.43187e-83	TRUE	PA:cds-XAJ25422.1	CTA	L	CTG	L	403
PA|PP755594.1|A/cattle/Texas/24-008749-003/2024(H5N1)	1215	C	T	0	0	0	140	73	33	1	140	1.37952e-84	TRUE	PA:cds-XAJ25422.1	AGC	S	AGT	S	405
PA|PP755594.1|A/cattle/Texas/24-008749-003/2024(H5N1)	1224	G	A	0	0	0	141	72	33	1	141	3.46057e-85	TRUE	PA:cds-XAJ25422.1	CAG	Q	CAA	Q	408
PA|PP755594.1|A/cattle/Texas/24-008749-003/2024(H5N1)	1230	A	G	0	0	0	143	74	33	1	143	8.561e-86	TRUE	PA:cds-XAJ25422.1	GAA	E	GAG	E	410
PA|PP755594.1|A/cattle/Texas/24-008749-003/2024(H5N1)	1239	G	A	0	0	0	119	56	32	1	119	1.02654e-73	TRUE	PA:cds-XAJ25422.1	AAG	K	AAA	K	413
PA|PP755594.1|A/cattle/Texas/24-008749-003/2024(H5N1)	1242	A	T	0	0	0	127	59	33	1	127	3.46701e-76	TRUE	PA:cds-XAJ25422.1	GCA	A	GCT	A	414
PA|PP755594.1|A/cattle/Texas/24-008749-003/2024(H5N1)	1245	C	T	0	0	0	126	58	33	1	126	6.96132e-76	TRUE	PA:cds-XAJ25422.1	TGC	C	TGT	C	415
PA|PP755594.1|A/cattle/Texas/24-008749-003/2024(H5N1)	1254	A	C	0	0	0	121	58	33	1	121	1.2455e-74	TRUE	PA:cds-XAJ25422.1	ACA	T	ACC	T	418
PA|PP755594.1|A/cattle/Texas/24-008749-003/2024(H5N1)	1257	T	C	0	0	0	124	58	33	1	124	1.44822e-75	TRUE	PA:cds-XAJ25422.1	GAT	D	GAC	D	419
PA|PP755594.1|A/cattle/Texas/24-008749-003/2024(H5N1)	1260	G	A	0	0	0	116	56	33	1	116	4.89761e-73	TRUE	PA:cds-XAJ25422.1	TCG	S	TCA	S	420
PA|PP755594.1|A/cattle/Texas/24-008749-003/2024(H5N1)	1269	T	A	0	0	0	101	57	32	1	101	6.04355e-68	TRUE	PA:cds-XAJ25422.1	ATT	I	ATA	I	423
PA|PP755594.1|A/cattle/Texas/24-008749-003/2024(H5N1)	1272	A	G	0	0	0	129	59	33	1	129	4.35063e-77	TRUE	PA:cds-XAJ25422.1	GAA	E	GAG	E	424
PA|PP755594.1|A/cattle/Texas/24-008749-003/2024(H5N1)	1275	T	C	0	0	0	126	56	33	1	126	3.52161e-76	TRUE	PA:cds-XAJ25422.1	CTT	L	CTC	L	425
PA|PP755594.1|A/cattle/Texas/24-008749-003/2024(H5N1)	1281	G	A	1	0	34	126	59	33	0.992126	127	2.27116e-74	TRUE	PA:cds-XAJ25422.1	GAG	E	GAA	E	427
PA|PP755594.1|A/cattle/Texas/24-008749-003/2024(H5N1)	1287	G	A	0	0	0	126	59	33	1	126	3.52161e-76	TRUE	PA:cds-XAJ25422.1	GGG	G	GGA	G	429
PA|PP755594.1|A/cattle/Texas/24-008749-003/2024(H5N1)	1290	A	G	0	0	0	125	57	33	1	125	7.12707e-76	TRUE	PA:cds-XAJ25422.1	GAA	E	GAG	E	430
PA|PP755594.1|A/cattle/Texas/24-008749-003/2024(H5N1)	1299	T	C	0	0	0	128	60	33	1	128	8.70125e-77	TRUE	PA:cds-XAJ25422.1	GCT	A	GCC	A	433
PA|PP755594.1|A/cattle/Texas/24-008749-003/2024(H5N1)	1302	A	G	0	0	0	127	59	33	1	127	1.74705e-76	TRUE	PA:cds-XAJ25422.1	CCA	P	CCG	P	434
PA|PP755594.1|A/cattle/Texas/24-008749-003/2024(H5N1)	1305	C	A	0	0	0	124	58	33	1	124	1.44822e-75	TRUE	PA:cds-XAJ25422.1	ATC	I	ATA	I	435
PA|PP755594.1|A/cattle/Texas/24-008749-003/2024(H5N1)	1317	G	A	0	0	0	1	0	34	1	1	1	FALSE	PA:cds-XAJ25422.1	GCG	A	GCA	A	439
PA|PP755594.1|A/cattle/Texas/24-008749-003/2024(H5N1)	1320	T	C	0	0	0	1	0	34	1	1	1	FALSE	PA:cds-XAJ25422.1	AGT	S	AGC	S	440
PA|PP755594.1|A/cattle/Texas/24-008749-003/2024(H5N1)	1321	G	A	0	0	0	1	0	34	1	1	1	FALSE	PA:cds-XAJ25422.1	GTG	V	ATG	M	441
PA|PP755594.1|A/cattle/Texas/24-008749-003/2024(H5N1)	1332	C	T	0	0	0	1	0	34	1	1	1	FALSE	PA:cds-XAJ25422.1	AAC	N	AAT	N	444
PA|PP755594.1|A/cattle/Texas/24-008749-003/2024(H5N1)	1335	T	C	0	0	0	1	0	34	1	1	1	FALSE	PA:cds-XAJ25422.1	TAT	Y	TAC	Y	445
PA|PP755594.1|A/cattle/Texas/24-008749-003/2024(H5N1)	1338	C	T	0	0	0	1	0	26	1	1	1	FALSE	PA:cds-XAJ25422.1	TTC	F	TTT	F	446
PA|PP755594.1|A/cattle/Texas/24-008749-003/2024(H5N1)	1341	A	C	0	0	0	1	0	34	1	1	1	FALSE	PA:cds-XAJ25422.1	ACA	T	ACC	T	447
PA|PP755594.1|A/cattle/Texas/24-008749-003/2024(H5N1)	1344	G	T	0	0	0	1	0	34	1	1	1	FALSE	PA:cds-XAJ25422.1	GCG	A	GCT	A	448
PA|PP755594.1|A/cattle/Texas/24-008749-003/2024(H5N1)	1347	G	A	0	0	0	1	0	34	1	1	1	FALSE	PA:cds-XAJ25422.1	GAG	E	GAA	E	449
PA|PP755594.1|A/cattle/Texas/24-008749-003/2024(H5N1)	1350	A	G	0	0	0	1	0	34	1	1	0.5	FALSE	PA:cds-XAJ25422.1	GTA	V	GTG	V	450
PA|PP755594.1|A/cattle/Texas/24-008749-003/2024(H5N1)	1353	C	T	1	0	34	11	0	27	0.916667	12	4.80741e-06	TRUE	PA:cds-XAJ25422.1	TCC	S	TCT	S	451
PA|PP755594.1|A/cattle/Texas/24-008749-003/2024(H5N1)	1356	T	C	0	0	0	14	0	31	1	14	7.51963e-14	TRUE	PA:cds-XAJ25422.1	CAT	H	CAC	H	452
PA|PP755594.1|A/cattle/Texas/24-008749-003/2024(H5N1)	1365	C	A	0	0	0	87	20	34	1	87	8.93986e-53	TRUE	PA:cds-XAJ25422.1	GCC	A	GCA	A	455
PA|PP755594.1|A/cattle/Texas/24-008749-003/2024(H5N1)	1368	T	A	0	0	0	94	17	31	1	94	1.58044e-59	TRUE	PA:cds-XAJ25422.1	ACT	T	ACA	T	456
PA|PP755594.1|A/cattle/Texas/24-008749-003/2024(H5N1)	1371	A	G	0	0	0	116	20	32	1	116	5.73784e-81	TRUE	PA:cds-XAJ25422.1	GAA	E	GAG	E	457
PA|PP755594.1|A/cattle/Texas/24-008749-003/2024(H5N1)	1404	C	T	1	0	48	286	84	34	0.996516	287	2.0842e-173	TRUE	PA:cds-XAJ25422.1	GCC	A	GCT	A	468
PA|PP755594.1|A/cattle/Texas/24-008749-003/2024(H5N1)	1405	C	T	0	0	0	284	82	34	1	284	2.26079e-174	TRUE	PA:cds-XAJ25422.1	CTA	L	TTA	L	469
PA|PP755594.1|A/cattle/Texas/24-008749-003/2024(H5N1)	1407	A	G	1	0	26	287	84	34	0.996528	288	3.90195e-173	TRUE	PA:cds-XAJ25422.1	CTA	L	CTG	L	469
PA|PP755594.1|A/cattle/Texas/24-008749-003/2024(H5N1)	1408	T	C	4	1	31	286	86	34	0.986207	290	1.07658e-167	TRUE	PA:cds-XAJ25422.1	TTG	L	CTG	L	470
PA|PP755594.1|A/cattle/Texas/24-008749-003/2024(H5N1)	1410	G	C	1	1	29	290	86	34	0.996564	291	2.38018e-174	TRUE	PA:cds-XAJ25422.1	TTG	L	TTC	F	470
PA|PP755594.1|A/cattle/Texas/24-008749-003/2024(H5N1)	1416	A	T	0	0	0	291	86	34	1	291	7.93393e-177	TRUE	PA:cds-XAJ25422.1	GCA	A	GCT	A	472
PA|PP755594.1|A/cattle/Texas/24-008749-003/2024(H5N1)	1419	C	T	1	0	34	292	88	34	0.996587	293	5.82037e-175	TRUE	PA:cds-XAJ25422.1	TCC	S	TCT	S	473
PA|PP755594.1|A/cattle/Texas/24-008749-003/2024(H5N1)	1428	C	A	0	0	0	419	151	34	1	419	2.28335e-259	TRUE	PA:cds-XAJ25422.1	GCC	A	GCA	A	476
PA|PP755594.1|A/cattle/Texas/24-008749-003/2024(H5N1)	1437	C	T	0	0	0	431	153	35	1	431	2.13226e-263	TRUE	PA:cds-XAJ25422.1	GAC	D	GAT	D	479
PA|PP755594.1|A/cattle/Texas/24-008749-003/2024(H5N1)	1440	C	T	0	0	0	426	151	35	1	426	7.56978e-262	TRUE	PA:cds-XAJ25422.1	TTC	F	TTT	F	480
PA|PP755594.1|A/cattle/Texas/24-008749-003/2024(H5N1)	1443	A	G	1	1	68	419	143	34	0.997619	420	2.55782e-257	TRUE	PA:cds-XAJ25422.1	CAA	Q	CAG	Q	481
PA|PP755594.1|A/cattle/Texas/24-008749-003/2024(H5N1)	1449	T	C	1	0	34	458	175	35	0.997821	459	4.78588e-281	TRUE	PA:cds-XAJ25422.1	ATT	I	ATC	I	483
PA|PP755594.1|A/cattle/Texas/24-008749-003/2024(H5N1)	1461	T	C	0	0	0	481	207	36	1	481	2.16744e-302	TRUE	PA:cds-XAJ25422.1	AGT	S	AGC	S	487
PA|PP755594.1|A/cattle/Texas/24-008749-003/2024(H5N1)	1464	G	A	0	0	0	468	207	35	1	468	6.78585e-298	TRUE	PA:cds-XAJ25422.1	AAG	K	AAA	K	488
PA|PP755594.1|A/cattle/Texas/24-008749-003/2024(H5N1)	1470	A	G	0	0	0	479	208	36	1	479	6.64166e-301	TRUE	PA:cds-XAJ25422.1	AGA	R	AGG	R	490
PA|PP755594.1|A/cattle/Texas/24-008749-003/2024(H5N1)	1473	T	C	0	0	0	474	209	36	1	474	2.71663e-299	TRUE	PA:cds-XAJ25422.1	ACT	T	ACC	T	491
PA|PP755594.1|A/cattle/Texas/24-008749-003/2024(H5N1)	1483	A	C	0	0	0	451	208	35	1	451	2.77568e-289	TRUE	PA:cds-XAJ25422.1	AGA	R	CGA	R	495
PA|PP755594.1|A/cattle/Texas/24-008749-003/2024(H5N1)	1485	A	G	0	0	0	466	212	36	1	466	4.52394e-293	TRUE	PA:cds-XAJ25422.1	AGA	R	AGG	R	495
PA|PP755594.1|A/cattle/Texas/24-008749-003/2024(H5N1)	1488	G	C	1	0	33	473	210	36	0.99789	474	6.41829e-293	TRUE	PA:cds-XAJ25422.1	CGG	R	CGC	R	496
PA|PP755594.1|A/cattle/Texas/24-008749-003/2024(H5N1)	1490	G	A	0	0	0	473	211	36	1	473	1.35407e-295	TRUE	PA:cds-XAJ25422.1	AGG	R	AAG	K	497
PA|PP755594.1|A/cattle/Texas/24-008749-003/2024(H5N1)	1506	A	G	1	1	34	621	262	36	0.998392	622	0	TRUE	PA:cds-XAJ25422.1	GGA	G	GGG	G	502
PA|PP755594.1|A/cattle/Texas/24-008749-003/2024(H5N1)	1512	T	A	0	0	0	587	257	35	1	587	0	TRUE	PA:cds-XAJ25422.1	ATT	I	ATA	I	504
PA|PP755594.1|A/cattle/Texas/24-008749-003/2024(H5N1)	1518	A	G	0	0	0	564	262	34	1	564	0	TRUE	PA:cds-XAJ25422.1	AAA	K	AAG	K	506
PA|PP755594.1|A/cattle/Texas/24-008749-003/2024(H5N1)	1527	C	T	3	2	34	545	269	34	0.994526	548	0	TRUE	PA:cds-XAJ25422.1	TCC	S	TCT	S	509
PA|PP755594.1|A/cattle/Texas/24-008749-003/2024(H5N1)	1539	T	C	0	0	0	405	220	33	1	405	3.30637e-244	TRUE	PA:cds-XAJ25422.1	AAT	N	AAC	N	513
PA|PP755594.1|A/cattle/Texas/24-008749-003/2024(H5N1)	1542	C	T	0	0	0	402	219	33	1	402	2.69452e-243	TRUE	PA:cds-XAJ25422.1	GAC	D	GAT	D	514
PA|PP755594.1|A/cattle/Texas/24-008749-003/2024(H5N1)	1545	C	T	1	1	34	405	220	33	0.997537	406	6.75312e-242	TRUE	PA:cds-XAJ25422.1	ACC	T	ACT	T	515
PA|PP755594.1|A/cattle/Texas/24-008749-003/2024(H5N1)	1551	G	A	0	0	0	416	226	34	1	416	1.58973e-250	TRUE	PA:cds-XAJ25422.1	GTG	V	GTA	V	517
PA|PP755594.1|A/cattle/Texas/24-008749-003/2024(H5N1)	1554	A	G	0	0	0	409	220	33	1	409	2.79367e-249	TRUE	PA:cds-XAJ25422.1	GTA	V	GTG	V	518
PA|PP755594.1|A/cattle/Texas/24-008749-003/2024(H5N1)	1557	C	T	1	0	34	418	228	34	0.997613	419	1.97509e-256	TRUE	PA:cds-XAJ25422.1	AAC	N	AAT	N	519
PA|PP755594.1|A/cattle/Texas/24-008749-003/2024(H5N1)	1572	A	G	0	0	0	518	264	34	1	518	9.51501e-316	TRUE	PA:cds-XAJ25422.1	GAA	E	GAG	E	524
PA|PP755594.1|A/cattle/Texas/24-008749-003/2024(H5N1)	1575	C	T	0	0	0	525	269	34	1	525	0	TRUE	PA:cds-XAJ25422.1	TTC	F	TTT	F	525
PA|PP755594.1|A/cattle/Texas/24-008749-003/2024(H5N1)	1581	A	T	0	0	0	518	265	34	0.998073	519	0	TRUE	PA:cds-XAJ25422.1	CTA	L	CTT	L	527
PA|PP755594.1|A/cattle/Texas/24-008749-003/2024(H5N1)	1587	C	T	3	1	34	516	258	34	0.99422	519	2.92469e-311	TRUE	PA:cds-XAJ25422.1	GAC	D	GAT	D	529
PA|PP755594.1|A/cattle/Texas/24-008749-003/2024(H5N1)	1590	G	T	0	0	0	541	285	34	1	541	0	TRUE	PA:cds-XAJ25422.1	CCG	P	CCT	P	530
PA|PP755594.1|A/cattle/Texas/24-008749-003/2024(H5N1)	1593	G	A	1	0	34	538	284	34	0.998145	539	0	TRUE	PA:cds-XAJ25422.1	AGG	R	AGA	R	531
PA|PP755594.1|A/cattle/Texas/24-008749-003/2024(H5N1)	1599	G	A	1	0	34	689	327	35	0.998551	690	0	TRUE	PA:cds-XAJ25422.1	GAG	E	GAA	E	533
PA|PP755594.1|A/cattle/Texas/24-008749-003/2024(H5N1)	1605	C	T	0	0	0	692	331	35	1	692	0	TRUE	PA:cds-XAJ25422.1	CAC	H	CAT	H	535
PA|PP755594.1|A/cattle/Texas/24-008749-003/2024(H5N1)	1614	A	G	0	0	0	767	364	36	1	767	0	TRUE	PA:cds-XAJ25422.1	GAA	E	GAG	E	538
PA|PP755594.1|A/cattle/Texas/24-008749-003/2024(H5N1)	1626	T	C	0	0	0	784	353	36	1	784	0	TRUE	PA:cds-XAJ25422.1	GTT	V	GTC	V	542
PA|PP755594.1|A/cattle/Texas/24-008749-003/2024(H5N1)	1632	G	A	0	0	0	760	353	36	0.998686	761	0	TRUE	PA:cds-XAJ25422.1	GAG	E	GAA	E	544
PA|PP755594.1|A/cattle/Texas/24-008749-003/2024(H5N1)	1638	A	G	0	0	0	784	354	36	1	784	0	TRUE	PA:cds-XAJ25422.1	GGA	G	GGG	G	546
PA|PP755594.1|A/cattle/Texas/24-008749-003/2024(H5N1)	1650	A	G	0	0	0	812	365	36	1	812	0	TRUE	PA:cds-XAJ25422.1	CTA	L	CTG	L	550
PA|PP755594.1|A/cattle/Texas/24-008749-003/2024(H5N1)	1656	T	C	0	0	0	819	381	36	1	819	0	TRUE	PA:cds-XAJ25422.1	ACT	T	ACC	T	552
PA|PP755594.1|A/cattle/Texas/24-008749-003/2024(H5N1)	1673	T	C	1	0	34	847	345	36	0.998821	848	0	TRUE	PA:cds-XAJ25422.1	TTG	L	TCG	S	558
PA|PP755594.1|A/cattle/Texas/24-008749-003/2024(H5N1)	1677	G	A	0	0	0	819	352	35	1	819	0	TRUE	PA:cds-XAJ25422.1	AGG	R	AGA	R	559
PA|PP755594.1|A/cattle/Texas/24-008749-003/2024(H5N1)	1698	A	G	0	0	0	846	349	36	1	846	0	TRUE	PA:cds-XAJ25422.1	AGA	R	AGG	R	566
PA|PP755594.1|A/cattle/Texas/24-008749-003/2024(H5N1)	1701	C	T	0	0	0	821	323	35	1	821	0	TRUE	PA:cds-XAJ25422.1	ACC	T	ACT	T	567
PA|PP755594.1|A/cattle/Texas/24-008749-003/2024(H5N1)	1710	T	C	0	0	0	857	338	36	1	857	0	TRUE	PA:cds-XAJ25422.1	ACT	T	ACC	T	570
PA|PP755594.1|A/cattle/Texas/24-008749-003/2024(H5N1)	1716	G	A	0	0	0	850	348	36	1	850	0	TRUE	PA:cds-XAJ25422.1	AAG	K	AAA	K	572
PA|PP755594.1|A/cattle/Texas/24-008749-003/2024(H5N1)	1734	C	T	0	0	0	937	406	37	0.998934	938	0	TRUE	PA:cds-XAJ25422.1	GGC	G	GGT	G	578
PA|PP755594.1|A/cattle/Texas/24-008749-003/2024(H5N1)	1749	A	T	0	0	0	721	353	36	0.998615	722	0	TRUE	PA:cds-XAJ25422.1	CGA	R	CGT	R	583
PA|PP755594.1|A/cattle/Texas/24-008749-003/2024(H5N1)	1752	C	T	4	2	34	668	304	35	0.994048	672	0	TRUE	PA:cds-XAJ25422.1	TGC	C	TGT	C	584
PA|PP755594.1|A/cattle/Texas/24-008749-003/2024(H5N1)	1758	T	C	0	0	0	693	331	36	1	693	0	TRUE	PA:cds-XAJ25422.1	CTT	L	CTC	L	586
PA|PP755594.1|A/cattle/Texas/24-008749-003/2024(H5N1)	1761	G	A	0	0	0	693	333	36	1	693	0	TRUE	PA:cds-XAJ25422.1	CAG	Q	CAA	Q	587
PA|PP755594.1|A/cattle/Texas/24-008749-003/2024(H5N1)	1764	C	T	2	2	51	643	286	35	0.996899	645	0	TRUE	PA:cds-XAJ25422.1	TCC	S	TCT	S	588
PA|PP755594.1|A/cattle/Texas/24-008749-003/2024(H5N1)	1770	A	G	0	0	0	779	391	37	1	779	0	TRUE	PA:cds-XAJ25422.1	CAA	Q	CAG	Q	590
PA|PP755594.1|A/cattle/Texas/24-008749-003/2024(H5N1)	1773	A	G	0	0	0	788	402	37	1	788	0	TRUE	PA:cds-XAJ25422.1	CAA	Q	CAG	Q	591
PA|PP755594.1|A/cattle/Texas/24-008749-003/2024(H5N1)	1779	G	A	1	0	34	889	461	37	0.998876	890	0	TRUE	PA:cds-XAJ25422.1	GAG	E	GAA	E	593
PA|PP755594.1|A/cattle/Texas/24-008749-003/2024(H5N1)	1800	T	C	0	0	0	836	433	37	0.998805	837	0	TRUE	PA:cds-XAJ25422.1	TCT	S	TCC	S	600
PA|PP755594.1|A/cattle/Texas/24-008749-003/2024(H5N1)	1818	C	T	0	0	0	766	379	35	1	766	0	TRUE	PA:cds-XAJ25422.1	GAC	D	GAT	D	606
PA|PP755594.1|A/cattle/Texas/24-008749-003/2024(H5N1)	1822	T	A	0	0	0	787	425	36	1	787	0	TRUE	PA:cds-XAJ25422.1	TCC	S	ACC	T	608
PA|PP755594.1|A/cattle/Texas/24-008749-003/2024(H5N1)	1827	G	A	0	0	0	785	426	36	1	785	0	TRUE	PA:cds-XAJ25422.1	AAG	K	AAA	K	609
PA|PP755594.1|A/cattle/Texas/24-008749-003/2024(H5N1)	1836	T	C	0	0	0	830	466	36	1	830	0	TRUE	PA:cds-XAJ25422.1	TTT	F	TTC	F	612
PA|PP755594.1|A/cattle/Texas/24-008749-003/2024(H5N1)	1845	A	G	0	0	0	805	469	36	1	805	0	TRUE	PA:cds-XAJ25422.1	AAA	K	AAG	K	615
PA|PP755594.1|A/cattle/Texas/24-008749-003/2024(H5N1)	1851	A	G	0	0	0	812	460	35	1	812	0	TRUE	PA:cds-XAJ25422.1	GAA	E	GAG	E	617
PA|PP755594.1|A/cattle/Texas/24-008749-003/2024(H5N1)	1860	A	C	0	0	0	770	421	36	1	770	0	TRUE	PA:cds-XAJ25422.1	CCA	P	CCC	P	620
PA|PP755594.1|A/cattle/Texas/24-008749-003/2024(H5N1)	1866	A	G	0	0	0	748	399	36	0.998665	749	0	TRUE	PA:cds-XAJ25422.1	GGA	G	GGG	G	622
PA|PP755594.1|A/cattle/Texas/24-008749-003/2024(H5N1)	1881	G	A	0	0	0	143	58	32	1	143	3.79915e-94	TRUE	PA:cds-XAJ25422.1	GGG	G	GGA	G	627
PA|PP755594.1|A/cattle/Texas/24-008749-003/2024(H5N1)	1884	G	A	0	0	0	120	54	34	1	120	1.40939e-72	TRUE	PA:cds-XAJ25422.1	GTG	V	GTA	V	628
PA|PP755594.1|A/cattle/Texas/24-008749-003/2024(H5N1)	1887	G	A	0	0	0	122	56	34	1	122	3.48033e-73	TRUE	PA:cds-XAJ25422.1	GAG	E	GAA	E	629
PA|PP755594.1|A/cattle/Texas/24-008749-003/2024(H5N1)	1893	C	T	0	0	0	104	41	34	1	104	2.882e-63	TRUE	PA:cds-XAJ25422.1	GGC	G	GGT	G	631
PA|PP755594.1|A/cattle/Texas/24-008749-003/2024(H5N1)	1896	T	C	1	1	26	103	39	34	0.980952	105	3.14138e-61	TRUE	PA:cds-XAJ25422.1	TCT	S	TCC	S	632
PA|PP755594.1|A/cattle/Texas/24-008749-003/2024(H5N1)	1902	G	A	0	0	0	98	40	33	1	98	8.79087e-59	TRUE	PA:cds-XAJ25422.1	GGG	G	GGA	G	634
PA|PP755594.1|A/cattle/Texas/24-008749-003/2024(H5N1)	1905	A	G	0	0	0	98	39	34	1	98	8.79087e-59	TRUE	PA:cds-XAJ25422.1	AAA	K	AAG	K	635
PA|PP755594.1|A/cattle/Texas/24-008749-003/2024(H5N1)	1908	A	G	0	0	0	100	41	33	1	100	2.20876e-59	TRUE	PA:cds-XAJ25422.1	GTA	V	GTG	V	636
PA|PP755594.1|A/cattle/Texas/24-008749-003/2024(H5N1)	1914	A	G	0	0	0	97	40	33	1	97	1.76714e-58	TRUE	PA:cds-XAJ25422.1	AGA	R	AGG	R	638
PA|PP755594.1|A/cattle/Texas/24-008749-003/2024(H5N1)	1917	A	T	0	0	0	95	39	33	0.969388	98	7.25303e-58	TRUE	PA:cds-XAJ25422.1	ACA	T	ACT	T	639
PA|PP755594.1|A/cattle/Texas/24-008749-003/2024(H5N1)	1917	A	C	0	0	0	3	0	34	0.0306122	98	5.82411e-06	TRUE	PA:cds-XAJ25422.1	ACA	T	ACC	T	639
PA|PP755594.1|A/cattle/Texas/24-008749-003/2024(H5N1)	1918	T	C	0	0	0	99	40	33	1	99	4.39543e-59	TRUE	PA:cds-XAJ25422.1	TTG	L	CTG	L	640
PA|PP755594.1|A/cattle/Texas/24-008749-003/2024(H5N1)	1923	A	G	0	0	0	103	44	33	1	103	1.75122e-61	TRUE	PA:cds-XAJ25422.1	CTA	L	CTG	L	641
PA|PP755594.1|A/cattle/Texas/24-008749-003/2024(H5N1)	1929	G	A	0	0	0	180	122	30	1	180	8.54271e-110	TRUE	PA:cds-XAJ25422.1	AAG	K	AAA	K	643
PA|PP755594.1|A/cattle/Texas/24-008749-003/2024(H5N1)	1932	T	C	0	0	0	180	121	33	1	180	4.36421e-110	TRUE	PA:cds-XAJ25422.1	TCT	S	TCC	S	644
PA|PP755594.1|A/cattle/Texas/24-008749-003/2024(H5N1)	1945	C	T	0	0	0	646	388	36	0.993846	650	0	TRUE	PA:cds-XAJ25422.1	CTA	L	TTA	L	649
PA|PP755594.1|A/cattle/Texas/24-008749-003/2024(H5N1)	1947	A	G	0	0	0	656	397	36	1	656	0	TRUE	PA:cds-XAJ25422.1	CTA	L	CTG	L	649
PA|PP755594.1|A/cattle/Texas/24-008749-003/2024(H5N1)	1959	T	A	0	0	0	723	431	36	0.997241	725	0	TRUE	PA:cds-XAJ25422.1	CCT	P	CCA	P	653
PA|PP755594.1|A/cattle/Texas/24-008749-003/2024(H5N1)	1965	C	T	0	0	0	711	424	36	1	711	0	TRUE	PA:cds-XAJ25422.1	CTC	L	CTT	L	655
PA|PP755594.1|A/cattle/Texas/24-008749-003/2024(H5N1)	1971	G	A	0	0	0	752	464	36	1	752	0	TRUE	PA:cds-XAJ25422.1	GGG	G	GGA	G	657
PA|PP755594.1|A/cattle/Texas/24-008749-003/2024(H5N1)	1983	A	G	0	0	0	665	430	36	1	665	0	TRUE	PA:cds-XAJ25422.1	GAA	E	GAG	E	661
PA|PP755594.1|A/cattle/Texas/24-008749-003/2024(H5N1)	1986	A	G	0	0	0	668	433	36	1	668	0	TRUE	PA:cds-XAJ25422.1	TCA	S	TCG	S	662
PA|PP755594.1|A/cattle/Texas/24-008749-003/2024(H5N1)	1992	A	G	0	0	0	668	437	36	1	668	0	TRUE	PA:cds-XAJ25422.1	AAA	K	AAG	K	664
PA|PP755594.1|A/cattle/Texas/24-008749-003/2024(H5N1)	1993	T	C	80	54	37	582	380	36	0.879154	662	2.46595e-308	TRUE	PA:cds-XAJ25422.1	TTG	L	CTG	L	665
PA|PP755594.1|A/cattle/Texas/24-008749-003/2024(H5N1)	1998	T	C	0	0	0	677	446	36	1	677	0	TRUE	PA:cds-XAJ25422.1	CTT	L	CTC	L	666
PA|PP755594.1|A/cattle/Texas/24-008749-003/2024(H5N1)	2037	A	T	0	0	0	650	502	39	1	650	0	TRUE	PA:cds-XAJ25422.1	GGA	G	GGT	G	679
PA|PP755594.1|A/cattle/Texas/24-008749-003/2024(H5N1)	2052	G	A	19	16	38	608	490	39	0.969697	627	0	TRUE	PA:cds-XAJ25422.1	GGG	G	GGA	G	684
PA|PP755594.1|A/cattle/Texas/24-008749-003/2024(H5N1)	2088	C	T	0	0	0	526	474	40	1	526	0	TRUE	PA:cds-XAJ25422.1	AAC	N	AAT	N	696
PA|PP755594.1|A/cattle/Texas/24-008749-003/2024(H5N1)	2128	T	C	426	397	38	5	4	40	0.0116009	431	0.0224094	FALSE	PA:cds-XAJ25422.1	TTC	F	CTC	L	710
