REGION	POS	REF	ALT	REF_DP	REF_RV	REF_QUAL	ALT_DP	ALT_RV	ALT_QUAL	ALT_FREQ	TOTAL_DP	PVAL	PASS	GFF_FEATURE	REF_CODON	REF_AA	ALT_CODON	ALT_AA	POS_AA
PB2|PP755596.1|A/cattle/Texas/24-008749-003/2024(H5N1)	13	A	G	40	11	45	1	0	33	0.0243902	41	0.172269	FALSE	PB2:cds-XAJ25426.1	AAA	K	GAA	E	5
PB2|PP755596.1|A/cattle/Texas/24-008749-003/2024(H5N1)	21	G	A	0	0	0	54	15	46	1	54	1.78752e-58	TRUE	PB2:cds-XAJ25426.1	CTG	L	CTA	L	7
PB2|PP755596.1|A/cattle/Texas/24-008749-003/2024(H5N1)	27	T	C	0	0	0	63	17	46	1	63	1.02434e-65	TRUE	PB2:cds-XAJ25426.1	GAT	D	GAC	D	9
PB2|PP755596.1|A/cattle/Texas/24-008749-003/2024(H5N1)	42	T	C	95	32	49	1	1	71	0.0104167	96	0.254642	FALSE	PB2:cds-XAJ25426.1	TCT	S	TCC	S	14
PB2|PP755596.1|A/cattle/Texas/24-008749-003/2024(H5N1)	60	A	C	0	0	0	130	45	50	1	130	5.3302e-118	TRUE	PB2:cds-XAJ25426.1	CTA	L	CTC	L	20
PB2|PP755596.1|A/cattle/Texas/24-008749-003/2024(H5N1)	69	C	T	0	0	0	138	48	50	1	138	3.37471e-123	TRUE	PB2:cds-XAJ25426.1	ACC	T	ACT	T	23
PB2|PP755596.1|A/cattle/Texas/24-008749-003/2024(H5N1)	72	T	C	0	0	0	144	50	50	1	144	6.04403e-129	TRUE	PB2:cds-XAJ25426.1	ACT	T	ACC	T	24
PB2|PP755596.1|A/cattle/Texas/24-008749-003/2024(H5N1)	75	T	G	0	0	0	143	49	50	1	143	7.4894e-129	TRUE	PB2:cds-XAJ25426.1	GTT	V	GTG	V	25
PB2|PP755596.1|A/cattle/Texas/24-008749-003/2024(H5N1)	96	G	A	0	0	0	199	81	54	1	199	2.03592e-169	TRUE	PB2:cds-XAJ25426.1	AAG	K	AAA	K	32
PB2|PP755596.1|A/cattle/Texas/24-008749-003/2024(H5N1)	99	G	A	0	0	0	201	81	53	1	201	3.05612e-171	TRUE	PB2:cds-XAJ25426.1	AAG	K	AAA	K	33
PB2|PP755596.1|A/cattle/Texas/24-008749-003/2024(H5N1)	108	A	G	0	0	0	212	86	52	1	212	3.54304e-178	TRUE	PB2:cds-XAJ25426.1	TCA	S	TCG	S	36
PB2|PP755596.1|A/cattle/Texas/24-008749-003/2024(H5N1)	114	A	G	1	0	78	210	84	52	0.995261	211	4.79216e-176	TRUE	PB2:cds-XAJ25426.1	AGA	R	AGG	R	38
PB2|PP755596.1|A/cattle/Texas/24-008749-003/2024(H5N1)	120	A	G	0	0	0	227	88	53	1	227	8.9275e-191	TRUE	PB2:cds-XAJ25426.1	GAA	E	GAG	E	40
PB2|PP755596.1|A/cattle/Texas/24-008749-003/2024(H5N1)	129	T	C	0	0	0	243	89	51	1	243	7.35622e-200	TRUE	PB2:cds-XAJ25426.1	CCT	P	CCC	P	43
PB2|PP755596.1|A/cattle/Texas/24-008749-003/2024(H5N1)	138	A	G	0	0	0	250	96	53	1	250	1.52841e-206	TRUE	PB2:cds-XAJ25426.1	AGA	R	AGG	R	46
PB2|PP755596.1|A/cattle/Texas/24-008749-003/2024(H5N1)	172	G	A	0	0	0	284	99	54	0.996491	285	3.94988e-229	TRUE	PB2:cds-XAJ25426.1	GCA	A	ACA	T	58
PB2|PP755596.1|A/cattle/Texas/24-008749-003/2024(H5N1)	184	C	A	0	0	0	306	106	53	1	306	1.87493e-243	TRUE	PB2:cds-XAJ25426.1	CGA	R	AGA	R	62
PB2|PP755596.1|A/cattle/Texas/24-008749-003/2024(H5N1)	186	A	G	0	0	0	313	108	54	1	313	9.65319e-248	TRUE	PB2:cds-XAJ25426.1	CGA	R	CGG	R	62
PB2|PP755596.1|A/cattle/Texas/24-008749-003/2024(H5N1)	201	C	T	0	0	0	315	126	57	1	315	1.81035e-256	TRUE	PB2:cds-XAJ25426.1	ATC	I	ATT	I	67
PB2|PP755596.1|A/cattle/Texas/24-008749-003/2024(H5N1)	210	G	A	0	0	0	324	136	58	1	324	1.44926e-263	TRUE	PB2:cds-XAJ25426.1	AGG	R	AGA	R	70
PB2|PP755596.1|A/cattle/Texas/24-008749-003/2024(H5N1)	231	C	T	0	0	0	350	168	57	1	350	4.61407e-268	TRUE	PB2:cds-XAJ25426.1	CTC	L	CTT	L	77
PB2|PP755596.1|A/cattle/Texas/24-008749-003/2024(H5N1)	240	G	A	0	0	0	346	184	57	1	346	2.77267e-255	TRUE	PB2:cds-XAJ25426.1	AAG	K	AAA	K	80
PB2|PP755596.1|A/cattle/Texas/24-008749-003/2024(H5N1)	243	A	G	0	0	0	347	185	56	1	347	2.22685e-254	TRUE	PB2:cds-XAJ25426.1	ACA	T	ACG	T	81
PB2|PP755596.1|A/cattle/Texas/24-008749-003/2024(H5N1)	246	T	C	0	0	0	345	183	56	1	345	8.58519e-254	TRUE	PB2:cds-XAJ25426.1	AAT	N	AAC	N	82
PB2|PP755596.1|A/cattle/Texas/24-008749-003/2024(H5N1)	255	A	G	0	0	0	346	187	55	1	346	3.78718e-256	TRUE	PB2:cds-XAJ25426.1	GGA	G	GGG	G	85
PB2|PP755596.1|A/cattle/Texas/24-008749-003/2024(H5N1)	258	A	T	0	0	0	341	183	56	1	341	1.95299e-250	TRUE	PB2:cds-XAJ25426.1	TCA	S	TCT	S	86
PB2|PP755596.1|A/cattle/Texas/24-008749-003/2024(H5N1)	261	T	C	0	0	0	346	187	55	1	346	1.16828e-252	TRUE	PB2:cds-XAJ25426.1	GAT	D	GAC	D	87
PB2|PP755596.1|A/cattle/Texas/24-008749-003/2024(H5N1)	279	C	T	0	0	0	368	188	55	0.99729	369	2.02844e-275	TRUE	PB2:cds-XAJ25426.1	CCC	P	CCT	P	93
PB2|PP755596.1|A/cattle/Texas/24-008749-003/2024(H5N1)	306	T	C	0	0	0	378	185	53	1	378	2.56099e-271	TRUE	PB2:cds-XAJ25426.1	AAT	N	AAC	N	102
PB2|PP755596.1|A/cattle/Texas/24-008749-003/2024(H5N1)	324	A	G	1	0	39	331	159	52	0.996988	332	8.11595e-235	TRUE	PB2:cds-XAJ25426.1	ACA	T	ACG	T	108
PB2|PP755596.1|A/cattle/Texas/24-008749-003/2024(H5N1)	325	A	G	0	0	0	327	156	53	1	327	1.49723e-235	TRUE	PB2:cds-XAJ25426.1	ATT	I	GTT	V	109
PB2|PP755596.1|A/cattle/Texas/24-008749-003/2024(H5N1)	327	T	C	0	0	0	333	157	52	1	333	2.97451e-239	TRUE	PB2:cds-XAJ25426.1	ATT	I	ATC	I	109
PB2|PP755596.1|A/cattle/Texas/24-008749-003/2024(H5N1)	333	T	C	0	0	0	356	165	52	1	356	1.24931e-258	TRUE	PB2:cds-XAJ25426.1	TAT	Y	TAC	Y	111
PB2|PP755596.1|A/cattle/Texas/24-008749-003/2024(H5N1)	357	T	C	0	0	0	367	162	53	1	367	2.63529e-264	TRUE	PB2:cds-XAJ25426.1	TTT	F	TTC	F	119
PB2|PP755596.1|A/cattle/Texas/24-008749-003/2024(H5N1)	385	A	G	0	0	0	372	182	53	0.997319	373	5.60112e-271	TRUE	PB2:cds-XAJ25426.1	ACC	T	GCC	A	129
PB2|PP755596.1|A/cattle/Texas/24-008749-003/2024(H5N1)	393	C	T	2	0	45	375	176	51	0.994695	377	8.45692e-273	TRUE	PB2:cds-XAJ25426.1	GGC	G	GGT	G	131
PB2|PP755596.1|A/cattle/Texas/24-008749-003/2024(H5N1)	399	A	T	0	0	0	387	174	53	1	387	5.27718e-278	TRUE	PB2:cds-XAJ25426.1	GTA	V	GTT	V	133
PB2|PP755596.1|A/cattle/Texas/24-008749-003/2024(H5N1)	411	C	T	0	0	0	381	179	53	1	381	2.65459e-274	TRUE	PB2:cds-XAJ25426.1	AAC	N	AAT	N	137
PB2|PP755596.1|A/cattle/Texas/24-008749-003/2024(H5N1)	415	A	G	0	0	0	386	188	54	1	386	1.05035e-276	TRUE	PB2:cds-XAJ25426.1	ATT	I	GTT	V	139
PB2|PP755596.1|A/cattle/Texas/24-008749-003/2024(H5N1)	447	G	A	1	0	77	393	175	53	0.997462	394	1.71611e-282	TRUE	PB2:cds-XAJ25426.1	CCG	P	CCA	P	149
PB2|PP755596.1|A/cattle/Texas/24-008749-003/2024(H5N1)	456	T	A	0	0	0	402	169	55	1	402	3.30093e-294	TRUE	PB2:cds-XAJ25426.1	GCT	A	GCA	A	152
PB2|PP755596.1|A/cattle/Texas/24-008749-003/2024(H5N1)	465	C	T	0	0	0	386	162	55	1	386	7.75499e-290	TRUE	PB2:cds-XAJ25426.1	AGC	S	AGT	S	155
PB2|PP755596.1|A/cattle/Texas/24-008749-003/2024(H5N1)	483	C	T	0	0	0	418	180	55	1	418	1.63735e-308	TRUE	PB2:cds-XAJ25426.1	GAC	D	GAT	D	161
PB2|PP755596.1|A/cattle/Texas/24-008749-003/2024(H5N1)	531	G	A	0	0	0	409	192	57	1	409	1.07134e-302	TRUE	PB2:cds-XAJ25426.1	CTG	L	CTA	L	177
PB2|PP755596.1|A/cattle/Texas/24-008749-003/2024(H5N1)	534	G	A	0	0	0	409	199	56	1	409	5.81957e-301	TRUE	PB2:cds-XAJ25426.1	ACG	T	ACA	T	178
PB2|PP755596.1|A/cattle/Texas/24-008749-003/2024(H5N1)	540	A	G	0	0	0	412	198	56	1	412	6.49913e-304	TRUE	PB2:cds-XAJ25426.1	GAA	E	GAG	E	180
PB2|PP755596.1|A/cattle/Texas/24-008749-003/2024(H5N1)	547	T	C	0	0	0	419	205	55	1	419	9.89145e-307	TRUE	PB2:cds-XAJ25426.1	TTG	L	CTG	L	183
PB2|PP755596.1|A/cattle/Texas/24-008749-003/2024(H5N1)	552	A	G	0	0	0	423	204	56	1	423	1.5731e-310	TRUE	PB2:cds-XAJ25426.1	ACA	T	ACG	T	184
PB2|PP755596.1|A/cattle/Texas/24-008749-003/2024(H5N1)	564	A	G	1	1	76	422	205	56	0.997636	423	6.15056e-308	TRUE	PB2:cds-XAJ25426.1	GAA	E	GAG	E	188
PB2|PP755596.1|A/cattle/Texas/24-008749-003/2024(H5N1)	594	C	T	0	0	0	396	201	55	1	396	2.189e-289	TRUE	PB2:cds-XAJ25426.1	ATC	I	ATT	I	198
PB2|PP755596.1|A/cattle/Texas/24-008749-003/2024(H5N1)	597	C	A	0	0	0	395	198	54	1	395	1.60781e-290	TRUE	PB2:cds-XAJ25426.1	GCC	A	GCA	A	199
PB2|PP755596.1|A/cattle/Texas/24-008749-003/2024(H5N1)	601	C	T	0	0	0	404	212	56	1	404	1.66643e-298	TRUE	PB2:cds-XAJ25426.1	CTG	L	TTG	L	201
PB2|PP755596.1|A/cattle/Texas/24-008749-003/2024(H5N1)	609	T	C	1	0	77	409	202	54	0.997561	410	3.22129e-299	TRUE	PB2:cds-XAJ25426.1	GTT	V	GTC	V	203
PB2|PP755596.1|A/cattle/Texas/24-008749-003/2024(H5N1)	631	C	T	1	0	36	396	202	54	0.997481	397	3.15161e-287	TRUE	PB2:cds-XAJ25426.1	CTG	L	TTG	L	211
PB2|PP755596.1|A/cattle/Texas/24-008749-003/2024(H5N1)	633	G	A	0	0	0	400	202	54	1	400	3.35665e-291	TRUE	PB2:cds-XAJ25426.1	CTG	L	CTA	L	211
PB2|PP755596.1|A/cattle/Texas/24-008749-003/2024(H5N1)	645	A	G	0	0	0	398	219	54	1	398	9.68822e-290	TRUE	PB2:cds-XAJ25426.1	ACA	T	ACG	T	215
PB2|PP755596.1|A/cattle/Texas/24-008749-003/2024(H5N1)	660	T	G	0	0	0	393	203	54	1	393	2.01559e-286	TRUE	PB2:cds-XAJ25426.1	GTT	V	GTG	V	220
PB2|PP755596.1|A/cattle/Texas/24-008749-003/2024(H5N1)	684	C	T	0	0	0	409	214	53	1	409	9.00106e-304	TRUE	PB2:cds-XAJ25426.1	TAC	Y	TAT	Y	228
PB2|PP755596.1|A/cattle/Texas/24-008749-003/2024(H5N1)	702	G	A	0	0	0	415	211	51	1	415	1.52661e-297	TRUE	PB2:cds-XAJ25426.1	TTG	L	TTA	L	234
PB2|PP755596.1|A/cattle/Texas/24-008749-003/2024(H5N1)	711	A	G	0	0	0	408	207	51	0.997555	409	9.00516e-293	TRUE	PB2:cds-XAJ25426.1	GGA	G	GGG	G	237
PB2|PP755596.1|A/cattle/Texas/24-008749-003/2024(H5N1)	732	T	C	1	0	73	423	215	51	0.997642	424	1.14712e-301	TRUE	PB2:cds-XAJ25426.1	TAT	Y	TAC	Y	244
PB2|PP755596.1|A/cattle/Texas/24-008749-003/2024(H5N1)	756	C	T	0	0	0	406	183	51	1	406	8.64207e-289	TRUE	PB2:cds-XAJ25426.1	AAC	N	AAT	N	252
PB2|PP755596.1|A/cattle/Texas/24-008749-003/2024(H5N1)	764	C	T	0	0	0	409	189	50	1	409	7.64252e-294	TRUE	PB2:cds-XAJ25426.1	GCA	A	GTA	V	255
PB2|PP755596.1|A/cattle/Texas/24-008749-003/2024(H5N1)	774	C	T	0	0	0	399	176	50	1	399	1.90459e-287	TRUE	PB2:cds-XAJ25426.1	AGC	S	AGT	S	258
PB2|PP755596.1|A/cattle/Texas/24-008749-003/2024(H5N1)	780	C	T	0	0	0	394	172	51	1	394	8.93925e-283	TRUE	PB2:cds-XAJ25426.1	ATC	I	ATT	I	260
PB2|PP755596.1|A/cattle/Texas/24-008749-003/2024(H5N1)	783	T	C	0	0	0	403	184	51	1	403	7.40285e-285	TRUE	PB2:cds-XAJ25426.1	ATT	I	ATC	I	261
PB2|PP755596.1|A/cattle/Texas/24-008749-003/2024(H5N1)	795	T	C	0	0	0	400	187	52	1	400	4.36027e-290	TRUE	PB2:cds-XAJ25426.1	AAT	N	AAC	N	265
PB2|PP755596.1|A/cattle/Texas/24-008749-003/2024(H5N1)	816	G	A	0	0	0	418	200	52	1	418	6.71665e-304	TRUE	PB2:cds-XAJ25426.1	GTG	V	GTA	V	272
PB2|PP755596.1|A/cattle/Texas/24-008749-003/2024(H5N1)	829	T	C	0	0	0	423	194	53	1	423	1.50497e-308	TRUE	PB2:cds-XAJ25426.1	TTA	L	CTA	L	277
PB2|PP755596.1|A/cattle/Texas/24-008749-003/2024(H5N1)	834	A	C	0	0	0	419	202	53	1	419	3.80277e-312	TRUE	PB2:cds-XAJ25426.1	GCA	A	GCC	A	278
PB2|PP755596.1|A/cattle/Texas/24-008749-003/2024(H5N1)	840	A	G	0	0	0	445	211	55	1	445	0	TRUE	PB2:cds-XAJ25426.1	CTA	L	CTG	L	280
PB2|PP755596.1|A/cattle/Texas/24-008749-003/2024(H5N1)	864	A	G	1	1	20	447	209	56	0.997768	448	0	TRUE	PB2:cds-XAJ25426.1	CAA	Q	CAG	Q	288
PB2|PP755596.1|A/cattle/Texas/24-008749-003/2024(H5N1)	870	A	G	1	1	77	460	213	55	0.997831	461	0	TRUE	PB2:cds-XAJ25426.1	GGA	G	GGG	G	290
PB2|PP755596.1|A/cattle/Texas/24-008749-003/2024(H5N1)	885	A	C	0	0	0	484	215	56	1	484	0	TRUE	PB2:cds-XAJ25426.1	GTA	V	GTC	V	295
PB2|PP755596.1|A/cattle/Texas/24-008749-003/2024(H5N1)	891	T	C	0	0	0	468	207	56	1	468	0	TRUE	PB2:cds-XAJ25426.1	ATT	I	ATC	I	297
PB2|PP755596.1|A/cattle/Texas/24-008749-003/2024(H5N1)	897	G	A	1	0	72	471	216	57	0.997881	472	0	TRUE	PB2:cds-XAJ25426.1	CGG	R	CGA	R	299
PB2|PP755596.1|A/cattle/Texas/24-008749-003/2024(H5N1)	909	G	A	1	0	39	481	222	57	0.997925	482	0	TRUE	PB2:cds-XAJ25426.1	ACG	T	ACA	T	303
PB2|PP755596.1|A/cattle/Texas/24-008749-003/2024(H5N1)	936	G	A	0	0	0	510	233	55	1	510	0	TRUE	PB2:cds-XAJ25426.1	AAG	K	AAA	K	312
PB2|PP755596.1|A/cattle/Texas/24-008749-003/2024(H5N1)	945	G	A	2	1	36	512	229	56	0.996109	514	0	TRUE	PB2:cds-XAJ25426.1	ATG	M	ATA	I	315
PB2|PP755596.1|A/cattle/Texas/24-008749-003/2024(H5N1)	966	G	T	0	0	0	505	228	56	1	505	0	TRUE	PB2:cds-XAJ25426.1	TCG	S	TCT	S	322
PB2|PP755596.1|A/cattle/Texas/24-008749-003/2024(H5N1)	1020	G	A	0	0	0	501	270	56	1	501	0	TRUE	PB2:cds-XAJ25426.1	AGG	R	AGA	R	340
PB2|PP755596.1|A/cattle/Texas/24-008749-003/2024(H5N1)	1029	G	A	0	0	0	512	272	57	1	512	0	TRUE	PB2:cds-XAJ25426.1	GAG	E	GAA	E	343
PB2|PP755596.1|A/cattle/Texas/24-008749-003/2024(H5N1)	1050	A	G	1	1	77	552	291	54	0.998192	553	0	TRUE	PB2:cds-XAJ25426.1	CAA	Q	CAG	Q	350
PB2|PP755596.1|A/cattle/Texas/24-008749-003/2024(H5N1)	1054	T	C	0	0	0	521	265	56	1	521	0	TRUE	PB2:cds-XAJ25426.1	TTG	L	CTG	L	352
PB2|PP755596.1|A/cattle/Texas/24-008749-003/2024(H5N1)	1085	G	A	0	0	0	524	242	55	1	524	0	TRUE	PB2:cds-XAJ25426.1	GGG	G	GAG	E	362
PB2|PP755596.1|A/cattle/Texas/24-008749-003/2024(H5N1)	1092	T	A	0	0	0	534	250	55	0.998131	535	0	TRUE	PB2:cds-XAJ25426.1	ACT	T	ACA	T	364
PB2|PP755596.1|A/cattle/Texas/24-008749-003/2024(H5N1)	1104	A	G	0	0	0	535	241	53	1	535	0	TRUE	PB2:cds-XAJ25426.1	AGA	R	AGG	R	368
PB2|PP755596.1|A/cattle/Texas/24-008749-003/2024(H5N1)	1116	C	T	0	0	0	543	265	52	1	543	0	TRUE	PB2:cds-XAJ25426.1	GCC	A	GCT	A	372
PB2|PP755596.1|A/cattle/Texas/24-008749-003/2024(H5N1)	1122	C	T	0	0	0	546	260	53	1	546	0	TRUE	PB2:cds-XAJ25426.1	CTC	L	CTT	L	374
PB2|PP755596.1|A/cattle/Texas/24-008749-003/2024(H5N1)	1128	A	G	0	0	0	529	257	54	1	529	0	TRUE	PB2:cds-XAJ25426.1	AAA	K	AAG	K	376
PB2|PP755596.1|A/cattle/Texas/24-008749-003/2024(H5N1)	1136	G	A	0	0	0	535	274	54	1	535	0	TRUE	PB2:cds-XAJ25426.1	AGA	R	AAA	K	379
PB2|PP755596.1|A/cattle/Texas/24-008749-003/2024(H5N1)	1141	C	T	0	0	0	522	275	53	1	522	0	TRUE	PB2:cds-XAJ25426.1	CTG	L	TTG	L	381
PB2|PP755596.1|A/cattle/Texas/24-008749-003/2024(H5N1)	1146	T	C	0	0	0	526	266	54	1	526	0	TRUE	PB2:cds-XAJ25426.1	ATT	I	ATC	I	382
PB2|PP755596.1|A/cattle/Texas/24-008749-003/2024(H5N1)	1150	C	T	537	274	54	21	9	57	0.0376344	558	3.44266e-09	TRUE	PB2:cds-XAJ25426.1	CTA	L	TTA	L	384
PB2|PP755596.1|A/cattle/Texas/24-008749-003/2024(H5N1)	1161	T	C	0	0	0	526	273	53	1	526	0	TRUE	PB2:cds-XAJ25426.1	AGT	S	AGC	S	387
PB2|PP755596.1|A/cattle/Texas/24-008749-003/2024(H5N1)	1167	G	A	0	0	0	532	284	53	1	532	0	TRUE	PB2:cds-XAJ25426.1	AGG	R	AGA	R	389
PB2|PP755596.1|A/cattle/Texas/24-008749-003/2024(H5N1)	1173	A	G	0	0	0	524	273	52	1	524	0	TRUE	PB2:cds-XAJ25426.1	GAA	E	GAG	E	391
PB2|PP755596.1|A/cattle/Texas/24-008749-003/2024(H5N1)	1197	C	T	0	0	0	545	300	55	1	545	0	TRUE	PB2:cds-XAJ25426.1	ATC	I	ATT	I	399
PB2|PP755596.1|A/cattle/Texas/24-008749-003/2024(H5N1)	1218	A	G	0	0	0	527	282	55	1	527	0	TRUE	PB2:cds-XAJ25426.1	CAA	Q	CAG	Q	406
PB2|PP755596.1|A/cattle/Texas/24-008749-003/2024(H5N1)	1221	G	A	0	0	0	529	286	55	1	529	0	TRUE	PB2:cds-XAJ25426.1	GAG	E	GAA	E	407
PB2|PP755596.1|A/cattle/Texas/24-008749-003/2024(H5N1)	1233	A	C	0	0	0	559	299	57	1	559	0	TRUE	PB2:cds-XAJ25426.1	ATA	I	ATC	I	411
PB2|PP755596.1|A/cattle/Texas/24-008749-003/2024(H5N1)	1252	C	T	0	0	0	549	284	59	1	549	0	TRUE	PB2:cds-XAJ25426.1	CTG	L	TTG	L	418
PB2|PP755596.1|A/cattle/Texas/24-008749-003/2024(H5N1)	1257	C	T	0	0	0	537	276	59	0.998141	538	0	TRUE	PB2:cds-XAJ25426.1	AAC	N	AAT	N	419
PB2|PP755596.1|A/cattle/Texas/24-008749-003/2024(H5N1)	1263	C	T	0	0	0	536	276	59	1	536	0	TRUE	PB2:cds-XAJ25426.1	GTC	V	GTT	V	421
PB2|PP755596.1|A/cattle/Texas/24-008749-003/2024(H5N1)	1266	C	T	0	0	0	534	274	59	1	534	0	TRUE	PB2:cds-XAJ25426.1	AAC	N	AAT	N	422
PB2|PP755596.1|A/cattle/Texas/24-008749-003/2024(H5N1)	1275	T	C	1	1	75	534	272	56	0.998131	535	0	TRUE	PB2:cds-XAJ25426.1	AAT	N	AAC	N	425
PB2|PP755596.1|A/cattle/Texas/24-008749-003/2024(H5N1)	1299	G	A	0	0	0	529	292	57	1	529	0	TRUE	PB2:cds-XAJ25426.1	CAG	Q	CAA	Q	433
PB2|PP755596.1|A/cattle/Texas/24-008749-003/2024(H5N1)	1321	A	G	1	1	39	504	267	55	0.99802	505	0	TRUE	PB2:cds-XAJ25426.1	AAT	N	GAT	D	441
PB2|PP755596.1|A/cattle/Texas/24-008749-003/2024(H5N1)	1326	A	T	0	0	0	516	288	54	1	516	0	TRUE	PB2:cds-XAJ25426.1	GCA	A	GCT	A	442
PB2|PP755596.1|A/cattle/Texas/24-008749-003/2024(H5N1)	1344	T	C	0	0	0	508	288	52	1	508	0	TRUE	PB2:cds-XAJ25426.1	AAT	N	AAC	N	448
PB2|PP755596.1|A/cattle/Texas/24-008749-003/2024(H5N1)	1356	G	A	0	0	0	505	283	52	1	505	0	TRUE	PB2:cds-XAJ25426.1	GAG	E	GAA	E	452
PB2|PP755596.1|A/cattle/Texas/24-008749-003/2024(H5N1)	1377	A	G	0	0	0	488	268	52	1	488	0	TRUE	PB2:cds-XAJ25426.1	GGA	G	GGG	G	459
PB2|PP755596.1|A/cattle/Texas/24-008749-003/2024(H5N1)	1383	C	T	0	0	0	494	262	53	1	494	0	TRUE	PB2:cds-XAJ25426.1	ATC	I	ATT	I	461
PB2|PP755596.1|A/cattle/Texas/24-008749-003/2024(H5N1)	1395	T	C	0	0	0	482	254	53	1	482	0	TRUE	PB2:cds-XAJ25426.1	CCT	P	CCC	P	465
PB2|PP755596.1|A/cattle/Texas/24-008749-003/2024(H5N1)	1404	T	C	0	0	0	466	258	52	1	466	0	TRUE	PB2:cds-XAJ25426.1	ACT	T	ACC	T	468
PB2|PP755596.1|A/cattle/Texas/24-008749-003/2024(H5N1)	1409	G	A	0	0	0	469	261	52	1	469	0	TRUE	PB2:cds-XAJ25426.1	AGT	S	AAT	N	470
PB2|PP755596.1|A/cattle/Texas/24-008749-003/2024(H5N1)	1410	T	C	0	0	0	470	262	53	1	470	0	TRUE	PB2:cds-XAJ25426.1	AGT	S	AGC	S	470
PB2|PP755596.1|A/cattle/Texas/24-008749-003/2024(H5N1)	1423	C	T	0	0	0	502	267	53	1	502	0	TRUE	PB2:cds-XAJ25426.1	CTG	L	TTG	L	475
PB2|PP755596.1|A/cattle/Texas/24-008749-003/2024(H5N1)	1431	A	G	0	0	0	499	266	52	1	499	0	TRUE	PB2:cds-XAJ25426.1	GGA	G	GGG	G	477
PB2|PP755596.1|A/cattle/Texas/24-008749-003/2024(H5N1)	1437	A	G	1	0	78	495	226	53	0.997984	496	0	TRUE	PB2:cds-XAJ25426.1	AGA	R	AGG	R	479
PB2|PP755596.1|A/cattle/Texas/24-008749-003/2024(H5N1)	1477	C	A	0	0	0	379	165	51	1	379	1.21573e-274	TRUE	PB2:cds-XAJ25426.1	CGG	R	AGG	R	493
PB2|PP755596.1|A/cattle/Texas/24-008749-003/2024(H5N1)	1479	G	A	0	0	0	390	168	51	1	390	1.04403e-275	TRUE	PB2:cds-XAJ25426.1	CGG	R	CGA	R	493
PB2|PP755596.1|A/cattle/Texas/24-008749-003/2024(H5N1)	1482	A	G	0	0	0	398	168	51	1	398	9.83532e-279	TRUE	PB2:cds-XAJ25426.1	GTA	V	GTG	V	494
PB2|PP755596.1|A/cattle/Texas/24-008749-003/2024(H5N1)	1483	A	G	0	0	0	397	169	51	1	397	2.33774e-278	TRUE	PB2:cds-XAJ25426.1	ATA	I	GTA	V	495
PB2|PP755596.1|A/cattle/Texas/24-008749-003/2024(H5N1)	1485	A	G	0	0	0	396	168	50	1	396	5.56465e-278	TRUE	PB2:cds-XAJ25426.1	ATA	I	ATG	M	495
PB2|PP755596.1|A/cattle/Texas/24-008749-003/2024(H5N1)	1488	A	G	0	0	0	396	167	50	1	396	1.87953e-278	TRUE	PB2:cds-XAJ25426.1	GTA	V	GTG	V	496
PB2|PP755596.1|A/cattle/Texas/24-008749-003/2024(H5N1)	1515	A	G	1	0	77	534	227	52	0.998131	535	0	TRUE	PB2:cds-XAJ25426.1	CGA	R	CGG	R	505
PB2|PP755596.1|A/cattle/Texas/24-008749-003/2024(H5N1)	1524	G	A	0	0	0	528	220	51	1	528	0	TRUE	PB2:cds-XAJ25426.1	CGG	R	CGA	R	508
PB2|PP755596.1|A/cattle/Texas/24-008749-003/2024(H5N1)	1537	C	T	0	0	0	557	251	54	1	557	0	TRUE	PB2:cds-XAJ25426.1	CTG	L	TTG	L	513
PB2|PP755596.1|A/cattle/Texas/24-008749-003/2024(H5N1)	1545	C	A	0	0	0	522	229	56	0.996183	524	0	TRUE	PB2:cds-XAJ25426.1	CCC	P	CCA	P	515
PB2|PP755596.1|A/cattle/Texas/24-008749-003/2024(H5N1)	1569	A	G	1	0	38	539	248	55	0.998148	540	0	TRUE	PB2:cds-XAJ25426.1	GGA	G	GGG	G	523
PB2|PP755596.1|A/cattle/Texas/24-008749-003/2024(H5N1)	1599	A	G	1	1	77	550	269	57	0.998185	551	0	TRUE	PB2:cds-XAJ25426.1	TCA	S	TCG	S	533
PB2|PP755596.1|A/cattle/Texas/24-008749-003/2024(H5N1)	1623	T	A	1	0	72	545	271	57	0.996344	547	0	TRUE	PB2:cds-XAJ25426.1	GGT	G	GGA	G	541
PB2|PP755596.1|A/cattle/Texas/24-008749-003/2024(H5N1)	1629	G	A	0	0	0	553	281	57	1	553	0	TRUE	PB2:cds-XAJ25426.1	GAG	E	GAA	E	543
PB2|PP755596.1|A/cattle/Texas/24-008749-003/2024(H5N1)	1635	G	A	0	0	0	547	276	57	1	547	0	TRUE	PB2:cds-XAJ25426.1	GTG	V	GTA	V	545
PB2|PP755596.1|A/cattle/Texas/24-008749-003/2024(H5N1)	1644	T	C	1	0	39	577	280	56	0.99827	578	0	TRUE	PB2:cds-XAJ25426.1	AAT	N	AAC	N	548
PB2|PP755596.1|A/cattle/Texas/24-008749-003/2024(H5N1)	1659	A	C	0	0	0	543	260	57	1	543	0	TRUE	PB2:cds-XAJ25426.1	ATA	I	ATC	I	553
PB2|PP755596.1|A/cattle/Texas/24-008749-003/2024(H5N1)	1677	A	T	0	0	0	529	273	55	1	529	0	TRUE	PB2:cds-XAJ25426.1	ACA	T	ACT	T	559
PB2|PP755596.1|A/cattle/Texas/24-008749-003/2024(H5N1)	1680	A	G	0	0	0	534	277	55	1	534	0	TRUE	PB2:cds-XAJ25426.1	GTA	V	GTG	V	560
PB2|PP755596.1|A/cattle/Texas/24-008749-003/2024(H5N1)	1686	T	C	0	0	0	537	282	55	1	537	0	TRUE	PB2:cds-XAJ25426.1	ATT	I	ATC	I	562
PB2|PP755596.1|A/cattle/Texas/24-008749-003/2024(H5N1)	1698	A	G	0	0	0	549	285	54	1	549	0	TRUE	PB2:cds-XAJ25426.1	CAA	Q	CAG	Q	566
PB2|PP755596.1|A/cattle/Texas/24-008749-003/2024(H5N1)	1713	G	A	0	0	0	555	283	51	1	555	0	TRUE	PB2:cds-XAJ25426.1	TTG	L	TTA	L	571
PB2|PP755596.1|A/cattle/Texas/24-008749-003/2024(H5N1)	1728	G	A	0	0	0	536	295	51	1	536	0	TRUE	PB2:cds-XAJ25426.1	GAG	E	GAA	E	576
PB2|PP755596.1|A/cattle/Texas/24-008749-003/2024(H5N1)	1752	C	A	0	0	0	522	285	50	1	522	0	TRUE	PB2:cds-XAJ25426.1	GTC	V	GTA	V	584
PB2|PP755596.1|A/cattle/Texas/24-008749-003/2024(H5N1)	1758	G	A	0	0	0	527	277	51	1	527	0	TRUE	PB2:cds-XAJ25426.1	AAG	K	AAA	K	586
PB2|PP755596.1|A/cattle/Texas/24-008749-003/2024(H5N1)	1767	G	A	1	1	39	528	283	52	0.99811	529	0	TRUE	PB2:cds-XAJ25426.1	AGG	R	AGA	R	589
PB2|PP755596.1|A/cattle/Texas/24-008749-003/2024(H5N1)	1782	G	A	0	0	0	533	263	51	1	533	0	TRUE	PB2:cds-XAJ25426.1	GGG	G	GGA	G	594
PB2|PP755596.1|A/cattle/Texas/24-008749-003/2024(H5N1)	1797	A	G	0	0	0	526	243	52	1	526	0	TRUE	PB2:cds-XAJ25426.1	CTA	L	CTG	L	599
PB2|PP755596.1|A/cattle/Texas/24-008749-003/2024(H5N1)	1800	T	C	0	0	0	528	244	52	1	528	0	TRUE	PB2:cds-XAJ25426.1	TTT	F	TTC	F	600
PB2|PP755596.1|A/cattle/Texas/24-008749-003/2024(H5N1)	1821	T	C	0	0	0	537	260	53	0.981718	547	0	TRUE	PB2:cds-XAJ25426.1	CTT	L	CTC	L	607
PB2|PP755596.1|A/cattle/Texas/24-008749-003/2024(H5N1)	1821	T	A	0	0	0	10	6	54	0.0182815	547	2.859e-23	TRUE	PB2:cds-XAJ25426.1	CTT	L	CTA	L	607
PB2|PP755596.1|A/cattle/Texas/24-008749-003/2024(H5N1)	1842	G	A	1	0	39	549	242	55	0.998182	550	0	TRUE	PB2:cds-XAJ25426.1	CAG	Q	CAA	Q	614
PB2|PP755596.1|A/cattle/Texas/24-008749-003/2024(H5N1)	1854	T	C	0	0	0	562	243	53	1	562	0	TRUE	PB2:cds-XAJ25426.1	CTT	L	CTC	L	618
PB2|PP755596.1|A/cattle/Texas/24-008749-003/2024(H5N1)	1878	G	A	0	0	0	555	260	57	1	555	0	TRUE	PB2:cds-XAJ25426.1	CCG	P	CCA	P	626
PB2|PP755596.1|A/cattle/Texas/24-008749-003/2024(H5N1)	1891	C	A	0	0	0	555	281	57	1	555	0	TRUE	PB2:cds-XAJ25426.1	CTG	L	ATG	M	631
PB2|PP755596.1|A/cattle/Texas/24-008749-003/2024(H5N1)	1905	T	C	0	0	0	555	276	57	1	555	0	TRUE	PB2:cds-XAJ25426.1	TCT	S	TCC	S	635
PB2|PP755596.1|A/cattle/Texas/24-008749-003/2024(H5N1)	1911	T	C	0	0	0	559	286	57	1	559	0	TRUE	PB2:cds-XAJ25426.1	ACT	T	ACC	T	637
PB2|PP755596.1|A/cattle/Texas/24-008749-003/2024(H5N1)	1914	G	A	0	0	0	552	285	57	1	552	0	TRUE	PB2:cds-XAJ25426.1	GTG	V	GTA	V	638
PB2|PP755596.1|A/cattle/Texas/24-008749-003/2024(H5N1)	1920	G	A	0	0	0	560	286	58	0.998217	561	0	TRUE	PB2:cds-XAJ25426.1	GTG	V	GTA	V	640
PB2|PP755596.1|A/cattle/Texas/24-008749-003/2024(H5N1)	1945	A	G	0	0	0	559	287	58	1	559	0	TRUE	PB2:cds-XAJ25426.1	ATA	I	GTA	V	649
PB2|PP755596.1|A/cattle/Texas/24-008749-003/2024(H5N1)	1947	A	T	0	0	0	557	288	58	0.998208	558	0	TRUE	PB2:cds-XAJ25426.1	ATA	I	ATT	I	649
PB2|PP755596.1|A/cattle/Texas/24-008749-003/2024(H5N1)	1959	T	C	0	0	0	551	290	56	1	551	0	TRUE	PB2:cds-XAJ25426.1	TCT	S	TCC	S	653
PB2|PP755596.1|A/cattle/Texas/24-008749-003/2024(H5N1)	1962	A	G	3	1	62	556	298	56	0.994633	559	0	TRUE	PB2:cds-XAJ25426.1	CCA	P	CCG	P	654
PB2|PP755596.1|A/cattle/Texas/24-008749-003/2024(H5N1)	2026	G	A	0	0	0	562	327	57	1	562	0	TRUE	PB2:cds-XAJ25426.1	GCC	A	ACC	T	676
PB2|PP755596.1|A/cattle/Texas/24-008749-003/2024(H5N1)	2058	G	A	0	0	0	556	329	57	1	556	0	TRUE	PB2:cds-XAJ25426.1	GTG	V	GTA	V	686
PB2|PP755596.1|A/cattle/Texas/24-008749-003/2024(H5N1)	2071	T	C	0	0	0	548	355	63	1	548	0	TRUE	PB2:cds-XAJ25426.1	TTA	L	CTA	L	691
PB2|PP755596.1|A/cattle/Texas/24-008749-003/2024(H5N1)	2122	C	T	0	0	0	467	306	63	1	467	0	TRUE	PB2:cds-XAJ25426.1	CTG	L	TTG	L	708
PB2|PP755596.1|A/cattle/Texas/24-008749-003/2024(H5N1)	2146	T	C	0	0	0	426	291	62	1	426	0	TRUE	PB2:cds-XAJ25426.1	TTG	L	CTG	L	716
PB2|PP755596.1|A/cattle/Texas/24-008749-003/2024(H5N1)	2148	G	T	0	0	0	422	287	63	1	422	0	TRUE	PB2:cds-XAJ25426.1	TTG	L	TTT	F	716
PB2|PP755596.1|A/cattle/Texas/24-008749-003/2024(H5N1)	2202	G	A	0	0	0	340	240	59	1	340	3.2037e-256	TRUE	PB2:cds-XAJ25426.1	GTG	V	GTA	V	734
PB2|PP755596.1|A/cattle/Texas/24-008749-003/2024(H5N1)	2259	A	G	0	0	0	198	145	56	1	198	9.47051e-150	TRUE	PB2:cds-XAJ25426.1	AGA	R	AGG	R	753
PB2|PP755596.1|A/cattle/Texas/24-008749-003/2024(H5N1)	2265	G	A	194	145	57	2	1	58	0.0102041	196	0.151967	FALSE	PB2:cds-XAJ25426.1	CGG	R	CGA	R	755
