REGION	POS	REF	ALT	REF_DP	REF_RV	REF_QUAL	ALT_DP	ALT_RV	ALT_QUAL	ALT_FREQ	TOTAL_DP	PVAL	PASS	GFF_FEATURE	REF_CODON	REF_AA	ALT_CODON	ALT_AA	POS_AA
HA|PP755589.1|A/cattle/Texas/24-008749-003/2024(H5N1)	4	G	A	10	1	32	1	0	34	0.0909091	11	0.0948276	FALSE	NA	NA	NA	NA	NA	NA
HA|PP755589.1|A/cattle/Texas/24-008749-003/2024(H5N1)	124	G	A	281	87	33	9	0	32	0.0310345	290	0.000795635	TRUE	NA	NA	NA	NA	NA	NA
HA|PP755589.1|A/cattle/Texas/24-008749-003/2024(H5N1)	303	A	G	340	159	33	5	0	34	0.0144928	345	0.0294889	FALSE	NA	NA	NA	NA	NA	NA
HA|PP755589.1|A/cattle/Texas/24-008749-003/2024(H5N1)	311	A	G	0	0	0	342	164	33	1	342	2.18526e-216	TRUE	NA	NA	NA	NA	NA	NA
HA|PP755589.1|A/cattle/Texas/24-008749-003/2024(H5N1)	432	A	G	335	206	33	54	38	33	0.138817	389	1.73451e-18	TRUE	NA	NA	NA	NA	NA	NA
HA|PP755589.1|A/cattle/Texas/24-008749-003/2024(H5N1)	632	T	G	384	170	33	16	7	33	0.04	400	8.6168e-06	TRUE	NA	NA	NA	NA	NA	NA
HA|PP755589.1|A/cattle/Texas/24-008749-003/2024(H5N1)	651	G	A	0	0	0	399	172	33	1	399	9.34285e-249	TRUE	NA	NA	NA	NA	NA	NA
HA|PP755589.1|A/cattle/Texas/24-008749-003/2024(H5N1)	675	G	A	0	0	0	386	166	32	1	386	1.21082e-240	TRUE	NA	NA	NA	NA	NA	NA
HA|PP755589.1|A/cattle/Texas/24-008749-003/2024(H5N1)	688	G	T	12	6	34	342	150	33	0.96338	355	2.86045e-205	TRUE	NA	NA	NA	NA	NA	NA
HA|PP755589.1|A/cattle/Texas/24-008749-003/2024(H5N1)	922	C	G	406	233	33	6	3	34	0.0145631	412	0.0143704	FALSE	NA	NA	NA	NA	NA	NA
HA|PP755589.1|A/cattle/Texas/24-008749-003/2024(H5N1)	991	A	G	444	225	33	7	3	34	0.0154867	452	0.0063945	TRUE	NA	NA	NA	NA	NA	NA
HA|PP755589.1|A/cattle/Texas/24-008749-003/2024(H5N1)	1007	G	A	0	0	0	411	229	33	1	411	1.17657e-251	TRUE	NA	NA	NA	NA	NA	NA
HA|PP755589.1|A/cattle/Texas/24-008749-003/2024(H5N1)	1035	A	G	21	12	33	339	200	32	0.941667	360	4.47147e-192	TRUE	NA	NA	NA	NA	NA	NA
HA|PP755589.1|A/cattle/Texas/24-008749-003/2024(H5N1)	1052	T	A	387	230	33	4	2	34	0.0102302	391	0.060456	FALSE	NA	NA	NA	NA	NA	NA
HA|PP755589.1|A/cattle/Texas/24-008749-003/2024(H5N1)	1164	G	A	534	166	33	16	8	33	0.0290381	551	1.02189e-05	TRUE	NA	NA	NA	NA	NA	NA
HA|PP755589.1|A/cattle/Texas/24-008749-003/2024(H5N1)	1173	T	C	593	204	33	23	6	34	0.0373377	616	6.06736e-08	TRUE	NA	NA	NA	NA	NA	NA
HA|PP755589.1|A/cattle/Texas/24-008749-003/2024(H5N1)	1669	T	C	373	314	33	4	3	34	0.0106101	377	0.0610234	FALSE	NA	NA	NA	NA	NA	NA
