REGION	POS	REF	ALT	REF_DP	REF_RV	REF_QUAL	ALT_DP	ALT_RV	ALT_QUAL	ALT_FREQ	TOTAL_DP	PVAL	PASS	GFF_FEATURE	REF_CODON	REF_AA	ALT_CODON	ALT_AA	POS_AA
PA|PP755594.1|A/cattle/Texas/24-008749-003/2024(H5N1)	5	A	G	43	4	33	1	0	34	0.0227273	44	0.0470588	FALSE	PA:cds-XAJ25422.1	GAA	E	GGA	G	2
PA|PP755594.1|A/cattle/Texas/24-008749-003/2024(H5N1)	5	A	G	43	4	33	1	0	34	0.0227273	44	0.0470588	FALSE	PA-X:cds-XAJ25423.1	GAA	E	GGA	G	2
PA|PP755594.1|A/cattle/Texas/24-008749-003/2024(H5N1)	9	C	T	0	0	0	47	5	33	1	47	5.53409e-81	TRUE	PA:cds-XAJ25422.1	GAC	D	GAT	D	3
PA|PP755594.1|A/cattle/Texas/24-008749-003/2024(H5N1)	9	C	T	0	0	0	47	5	33	1	47	5.53409e-81	TRUE	PA-X:cds-XAJ25423.1	GAC	D	GAT	D	3
PA|PP755594.1|A/cattle/Texas/24-008749-003/2024(H5N1)	15	G	A	97	12	34	1	0	34	0.0102041	98	0.0932445	FALSE	PA:cds-XAJ25422.1	GTG	V	GTA	V	5
PA|PP755594.1|A/cattle/Texas/24-008749-003/2024(H5N1)	15	G	A	97	12	34	1	0	34	0.0102041	98	0.0932445	FALSE	PA-X:cds-XAJ25423.1	GTG	V	GTA	V	5
PA|PP755594.1|A/cattle/Texas/24-008749-003/2024(H5N1)	37	A	G	246	27	34	4	1	34	0.016	250	0.00483975	TRUE	PA:cds-XAJ25422.1	ATT	I	GTT	V	13
PA|PP755594.1|A/cattle/Texas/24-008749-003/2024(H5N1)	37	A	G	246	27	34	4	1	34	0.016	250	0.00483975	TRUE	PA-X:cds-XAJ25423.1	ATT	I	GTT	V	13
PA|PP755594.1|A/cattle/Texas/24-008749-003/2024(H5N1)	39	T	C	0	0	0	250	28	34	1	250	3.07373e-278	TRUE	PA:cds-XAJ25422.1	ATT	I	ATC	I	13
PA|PP755594.1|A/cattle/Texas/24-008749-003/2024(H5N1)	39	T	C	0	0	0	250	28	34	1	250	3.07373e-278	TRUE	PA-X:cds-XAJ25423.1	ATT	I	ATC	I	13
PA|PP755594.1|A/cattle/Texas/24-008749-003/2024(H5N1)	57	A	G	6	2	34	297	46	34	0.980198	303	3.26154e-306	TRUE	PA:cds-XAJ25422.1	AAA	K	AAG	K	19
PA|PP755594.1|A/cattle/Texas/24-008749-003/2024(H5N1)	57	A	G	6	2	34	297	46	34	0.980198	303	3.26154e-306	TRUE	PA-X:cds-XAJ25423.1	AAA	K	AAG	K	19
PA|PP755594.1|A/cattle/Texas/24-008749-003/2024(H5N1)	66	A	G	0	0	0	378	68	35	1	378	0	TRUE	PA:cds-XAJ25422.1	AAA	K	AAG	K	22
PA|PP755594.1|A/cattle/Texas/24-008749-003/2024(H5N1)	66	A	G	0	0	0	378	68	35	1	378	0	TRUE	PA-X:cds-XAJ25423.1	AAA	K	AAG	K	22
PA|PP755594.1|A/cattle/Texas/24-008749-003/2024(H5N1)	84	G	A	0	0	0	574	129	35	1	574	0	TRUE	PA:cds-XAJ25422.1	CCG	P	CCA	P	28
PA|PP755594.1|A/cattle/Texas/24-008749-003/2024(H5N1)	84	G	A	0	0	0	574	129	35	1	574	0	TRUE	PA-X:cds-XAJ25423.1	CCG	P	CCA	P	28
PA|PP755594.1|A/cattle/Texas/24-008749-003/2024(H5N1)	90	C	T	0	0	0	589	133	35	1	589	0	TRUE	PA:cds-XAJ25422.1	ATC	I	ATT	I	30
PA|PP755594.1|A/cattle/Texas/24-008749-003/2024(H5N1)	90	C	T	0	0	0	589	133	35	1	589	0	TRUE	PA-X:cds-XAJ25423.1	ATC	I	ATT	I	30
PA|PP755594.1|A/cattle/Texas/24-008749-003/2024(H5N1)	108	C	T	0	0	0	656	177	36	1	656	0	TRUE	PA:cds-XAJ25422.1	GCC	A	GCT	A	36
PA|PP755594.1|A/cattle/Texas/24-008749-003/2024(H5N1)	108	C	T	0	0	0	656	177	36	1	656	0	TRUE	PA-X:cds-XAJ25423.1	GCC	A	GCT	A	36
PA|PP755594.1|A/cattle/Texas/24-008749-003/2024(H5N1)	123	C	T	0	0	0	770	268	36	1	770	0	TRUE	PA:cds-XAJ25422.1	CAC	H	CAT	H	41
PA|PP755594.1|A/cattle/Texas/24-008749-003/2024(H5N1)	123	C	T	0	0	0	770	268	36	1	770	0	TRUE	PA-X:cds-XAJ25423.1	CAC	H	CAT	H	41
PA|PP755594.1|A/cattle/Texas/24-008749-003/2024(H5N1)	124	T	C	0	0	0	769	268	37	1	769	0	TRUE	PA:cds-XAJ25422.1	TTA	L	CTA	L	42
PA|PP755594.1|A/cattle/Texas/24-008749-003/2024(H5N1)	124	T	C	0	0	0	769	268	37	1	769	0	TRUE	PA-X:cds-XAJ25423.1	TTA	L	CTA	L	42
PA|PP755594.1|A/cattle/Texas/24-008749-003/2024(H5N1)	132	C	G	0	0	0	1236	516	39	1	1236	0	TRUE	PA:cds-XAJ25422.1	GTC	V	GTG	V	44
PA|PP755594.1|A/cattle/Texas/24-008749-003/2024(H5N1)	132	C	G	0	0	0	1236	516	39	1	1236	0	TRUE	PA-X:cds-XAJ25423.1	GTC	V	GTG	V	44
PA|PP755594.1|A/cattle/Texas/24-008749-003/2024(H5N1)	147	G	A	2	2	34	1384	713	41	0.998557	1386	0	TRUE	PA:cds-XAJ25422.1	TCG	S	TCA	S	49
PA|PP755594.1|A/cattle/Texas/24-008749-003/2024(H5N1)	147	G	A	2	2	34	1384	713	41	0.998557	1386	0	TRUE	PA-X:cds-XAJ25423.1	TCG	S	TCA	S	49
PA|PP755594.1|A/cattle/Texas/24-008749-003/2024(H5N1)	150	T	C	0	0	0	1379	724	40	1	1379	0	TRUE	PA:cds-XAJ25422.1	GAT	D	GAC	D	50
PA|PP755594.1|A/cattle/Texas/24-008749-003/2024(H5N1)	150	T	C	0	0	0	1379	724	40	1	1379	0	TRUE	PA-X:cds-XAJ25423.1	GAT	D	GAC	D	50
PA|PP755594.1|A/cattle/Texas/24-008749-003/2024(H5N1)	159	T	C	1	1	34	1415	757	40	0.999294	1416	0	TRUE	PA:cds-XAJ25422.1	TTT	F	TTC	F	53
PA|PP755594.1|A/cattle/Texas/24-008749-003/2024(H5N1)	159	T	C	1	1	34	1415	757	40	0.999294	1416	0	TRUE	PA-X:cds-XAJ25423.1	TTT	F	TTC	F	53
PA|PP755594.1|A/cattle/Texas/24-008749-003/2024(H5N1)	165	C	T	0	0	0	1423	762	40	1	1423	0	TRUE	PA:cds-XAJ25422.1	GAC	D	GAT	D	55
PA|PP755594.1|A/cattle/Texas/24-008749-003/2024(H5N1)	165	C	T	0	0	0	1423	762	40	1	1423	0	TRUE	PA-X:cds-XAJ25423.1	GAC	D	GAT	D	55
PA|PP755594.1|A/cattle/Texas/24-008749-003/2024(H5N1)	174	C	T	4	0	27	1407	797	38	0.997165	1411	0	TRUE	PA:cds-XAJ25422.1	GGC	G	GGT	G	58
PA|PP755594.1|A/cattle/Texas/24-008749-003/2024(H5N1)	174	C	T	4	0	27	1407	797	38	0.997165	1411	0	TRUE	PA-X:cds-XAJ25423.1	GGC	G	GGT	G	58
PA|PP755594.1|A/cattle/Texas/24-008749-003/2024(H5N1)	183	G	A	0	0	0	1397	774	38	1	1397	0	TRUE	PA:cds-XAJ25422.1	ATG	M	ATA	I	61
PA|PP755594.1|A/cattle/Texas/24-008749-003/2024(H5N1)	183	G	A	0	0	0	1397	774	38	1	1397	0	TRUE	PA-X:cds-XAJ25423.1	ATG	M	ATA	I	61
PA|PP755594.1|A/cattle/Texas/24-008749-003/2024(H5N1)	186	T	C	2	1	34	1401	768	38	0.998574	1403	0	TRUE	PA:cds-XAJ25422.1	ATT	I	ATC	I	62
PA|PP755594.1|A/cattle/Texas/24-008749-003/2024(H5N1)	186	T	C	2	1	34	1401	768	38	0.998574	1403	0	TRUE	PA-X:cds-XAJ25423.1	ATT	I	ATC	I	62
PA|PP755594.1|A/cattle/Texas/24-008749-003/2024(H5N1)	189	A	G	1	1	34	1405	775	38	0.999289	1406	0	TRUE	PA:cds-XAJ25422.1	GTA	V	GTG	V	63
PA|PP755594.1|A/cattle/Texas/24-008749-003/2024(H5N1)	189	A	G	1	1	34	1405	775	38	0.999289	1406	0	TRUE	PA-X:cds-XAJ25423.1	GTA	V	GTG	V	63
PA|PP755594.1|A/cattle/Texas/24-008749-003/2024(H5N1)	211	T	C	2	2	26	1356	762	36	0.998527	1358	0	TRUE	PA:cds-XAJ25422.1	TTA	L	CTA	L	71
PA|PP755594.1|A/cattle/Texas/24-008749-003/2024(H5N1)	211	T	C	2	2	26	1356	762	36	0.998527	1358	0	TRUE	PA-X:cds-XAJ25423.1	TTA	L	CTA	L	71
PA|PP755594.1|A/cattle/Texas/24-008749-003/2024(H5N1)	213	A	C	0	0	0	1354	759	36	1	1354	0	TRUE	PA:cds-XAJ25422.1	TTA	L	TTC	F	71
PA|PP755594.1|A/cattle/Texas/24-008749-003/2024(H5N1)	213	A	C	0	0	0	1354	759	36	1	1354	0	TRUE	PA-X:cds-XAJ25423.1	TTA	L	TTC	F	71
PA|PP755594.1|A/cattle/Texas/24-008749-003/2024(H5N1)	214	T	C	1	1	34	1358	763	36	0.999264	1359	0	TRUE	PA:cds-XAJ25422.1	TTG	L	CTG	L	72
PA|PP755594.1|A/cattle/Texas/24-008749-003/2024(H5N1)	214	T	C	1	1	34	1358	763	36	0.999264	1359	0	TRUE	PA-X:cds-XAJ25423.1	TTG	L	CTG	L	72
PA|PP755594.1|A/cattle/Texas/24-008749-003/2024(H5N1)	216	G	A	0	0	0	1363	771	37	1	1363	0	TRUE	PA:cds-XAJ25422.1	TTG	L	TTA	L	72
PA|PP755594.1|A/cattle/Texas/24-008749-003/2024(H5N1)	216	G	A	0	0	0	1363	771	37	1	1363	0	TRUE	PA-X:cds-XAJ25423.1	TTG	L	TTA	L	72
PA|PP755594.1|A/cattle/Texas/24-008749-003/2024(H5N1)	231	G	A	0	0	0	1480	836	37	1	1480	0	TRUE	PA:cds-XAJ25422.1	GAG	E	GAA	E	77
PA|PP755594.1|A/cattle/Texas/24-008749-003/2024(H5N1)	231	G	A	0	0	0	1480	836	37	1	1480	0	TRUE	PA-X:cds-XAJ25423.1	GAG	E	GAA	E	77
PA|PP755594.1|A/cattle/Texas/24-008749-003/2024(H5N1)	237	C	T	0	0	0	1503	864	38	1	1503	0	TRUE	PA:cds-XAJ25422.1	ATC	I	ATT	I	79
PA|PP755594.1|A/cattle/Texas/24-008749-003/2024(H5N1)	237	C	T	0	0	0	1503	864	38	1	1503	0	TRUE	PA-X:cds-XAJ25423.1	ATC	I	ATT	I	79
PA|PP755594.1|A/cattle/Texas/24-008749-003/2024(H5N1)	252	A	C	0	0	0	1447	829	39	1	1447	0	TRUE	PA:cds-XAJ25422.1	CGA	R	CGC	R	84
PA|PP755594.1|A/cattle/Texas/24-008749-003/2024(H5N1)	252	A	C	0	0	0	1447	829	39	1	1447	0	TRUE	PA-X:cds-XAJ25423.1	CGA	R	CGC	R	84
PA|PP755594.1|A/cattle/Texas/24-008749-003/2024(H5N1)	253	G	A	1	1	34	1450	832	39	0.999311	1451	0	TRUE	PA:cds-XAJ25422.1	GCA	A	ACA	T	85
PA|PP755594.1|A/cattle/Texas/24-008749-003/2024(H5N1)	253	G	A	1	1	34	1450	832	39	0.999311	1451	0	TRUE	PA-X:cds-XAJ25423.1	GCA	A	ACA	T	85
PA|PP755594.1|A/cattle/Texas/24-008749-003/2024(H5N1)	255	A	C	0	0	0	1437	830	38	0.999305	1438	0	TRUE	PA:cds-XAJ25422.1	GCA	A	GCC	A	85
PA|PP755594.1|A/cattle/Texas/24-008749-003/2024(H5N1)	255	A	C	0	0	0	1437	830	38	0.999305	1438	0	TRUE	PA-X:cds-XAJ25423.1	GCA	A	GCC	A	85
PA|PP755594.1|A/cattle/Texas/24-008749-003/2024(H5N1)	270	G	A	0	0	0	1491	745	38	1	1491	0	TRUE	PA:cds-XAJ25422.1	GTG	V	GTA	V	90
PA|PP755594.1|A/cattle/Texas/24-008749-003/2024(H5N1)	270	G	A	0	0	0	1491	745	38	1	1491	0	TRUE	PA-X:cds-XAJ25423.1	GTG	V	GTA	V	90
PA|PP755594.1|A/cattle/Texas/24-008749-003/2024(H5N1)	276	T	C	0	0	0	1460	672	37	1	1460	0	TRUE	PA:cds-XAJ25422.1	AAT	N	AAC	N	92
PA|PP755594.1|A/cattle/Texas/24-008749-003/2024(H5N1)	276	T	C	0	0	0	1460	672	37	1	1460	0	TRUE	PA-X:cds-XAJ25423.1	AAT	N	AAC	N	92
PA|PP755594.1|A/cattle/Texas/24-008749-003/2024(H5N1)	297	G	A	5	0	34	1365	479	37	0.99635	1370	0	TRUE	PA:cds-XAJ25422.1	GGG	G	GGA	G	99
PA|PP755594.1|A/cattle/Texas/24-008749-003/2024(H5N1)	297	G	A	5	0	34	1365	479	37	0.99635	1370	0	TRUE	PA-X:cds-XAJ25423.1	GGG	G	GGA	G	99
PA|PP755594.1|A/cattle/Texas/24-008749-003/2024(H5N1)	306	G	A	0	0	0	1356	482	36	1	1356	0	TRUE	PA:cds-XAJ25422.1	AAG	K	AAA	K	102
PA|PP755594.1|A/cattle/Texas/24-008749-003/2024(H5N1)	306	G	A	0	0	0	1356	482	36	1	1356	0	TRUE	PA-X:cds-XAJ25423.1	AAG	K	AAA	K	102
PA|PP755594.1|A/cattle/Texas/24-008749-003/2024(H5N1)	312	A	G	0	0	0	1153	415	35	1	1153	0	TRUE	PA:cds-XAJ25422.1	AAA	K	AAG	K	104
PA|PP755594.1|A/cattle/Texas/24-008749-003/2024(H5N1)	312	A	G	0	0	0	1153	415	35	1	1153	0	TRUE	PA-X:cds-XAJ25423.1	AAA	K	AAG	K	104
PA|PP755594.1|A/cattle/Texas/24-008749-003/2024(H5N1)	315	C	T	0	0	0	1133	392	34	1	1133	0	TRUE	PA:cds-XAJ25422.1	TTC	F	TTT	F	105
PA|PP755594.1|A/cattle/Texas/24-008749-003/2024(H5N1)	315	C	T	0	0	0	1133	392	34	1	1133	0	TRUE	PA-X:cds-XAJ25423.1	TTC	F	TTT	F	105
PA|PP755594.1|A/cattle/Texas/24-008749-003/2024(H5N1)	321	T	G	0	0	0	1144	408	35	1	1144	0	TRUE	PA:cds-XAJ25422.1	CCT	P	CCG	P	107
PA|PP755594.1|A/cattle/Texas/24-008749-003/2024(H5N1)	321	T	G	0	0	0	1144	408	35	1	1144	0	TRUE	PA-X:cds-XAJ25423.1	CCT	P	CCG	P	107
PA|PP755594.1|A/cattle/Texas/24-008749-003/2024(H5N1)	327	G	A	1	0	34	1124	406	35	0.999111	1125	0	TRUE	PA:cds-XAJ25422.1	TTG	L	TTA	L	109
PA|PP755594.1|A/cattle/Texas/24-008749-003/2024(H5N1)	327	G	A	1	0	34	1124	406	35	0.999111	1125	0	TRUE	PA-X:cds-XAJ25423.1	TTG	L	TTA	L	109
PA|PP755594.1|A/cattle/Texas/24-008749-003/2024(H5N1)	330	T	C	1	1	34	1119	406	35	0.999107	1120	0	TRUE	PA:cds-XAJ25422.1	TAT	Y	TAC	Y	110
PA|PP755594.1|A/cattle/Texas/24-008749-003/2024(H5N1)	330	T	C	1	1	34	1119	406	35	0.999107	1120	0	TRUE	PA-X:cds-XAJ25423.1	TAT	Y	TAC	Y	110
PA|PP755594.1|A/cattle/Texas/24-008749-003/2024(H5N1)	333	C	T	0	0	0	1116	406	35	1	1116	0	TRUE	PA:cds-XAJ25422.1	GAC	D	GAT	D	111
PA|PP755594.1|A/cattle/Texas/24-008749-003/2024(H5N1)	333	C	T	0	0	0	1116	406	35	1	1116	0	TRUE	PA-X:cds-XAJ25423.1	GAC	D	GAT	D	111
PA|PP755594.1|A/cattle/Texas/24-008749-003/2024(H5N1)	338	G	A	0	0	0	1109	401	35	1	1109	0	TRUE	PA:cds-XAJ25422.1	AGA	R	AAA	K	113
PA|PP755594.1|A/cattle/Texas/24-008749-003/2024(H5N1)	338	G	A	0	0	0	1109	401	35	1	1109	0	TRUE	PA-X:cds-XAJ25423.1	AGA	R	AAA	K	113
PA|PP755594.1|A/cattle/Texas/24-008749-003/2024(H5N1)	345	C	T	0	0	0	1110	401	35	1	1110	0	TRUE	PA:cds-XAJ25422.1	AAC	N	AAT	N	115
PA|PP755594.1|A/cattle/Texas/24-008749-003/2024(H5N1)	345	C	T	0	0	0	1110	401	35	1	1110	0	TRUE	PA-X:cds-XAJ25423.1	AAC	N	AAT	N	115
PA|PP755594.1|A/cattle/Texas/24-008749-003/2024(H5N1)	346	A	C	0	0	0	1105	396	35	0.999096	1106	0	TRUE	PA:cds-XAJ25422.1	AGA	R	CGA	R	116
PA|PP755594.1|A/cattle/Texas/24-008749-003/2024(H5N1)	346	A	C	0	0	0	1105	396	35	0.999096	1106	0	TRUE	PA-X:cds-XAJ25423.1	AGA	R	CGA	R	116
PA|PP755594.1|A/cattle/Texas/24-008749-003/2024(H5N1)	348	A	C	0	0	0	1104	397	35	1	1104	0	TRUE	PA:cds-XAJ25422.1	AGA	R	AGC	S	116
PA|PP755594.1|A/cattle/Texas/24-008749-003/2024(H5N1)	348	A	C	0	0	0	1104	397	35	1	1104	0	TRUE	PA-X:cds-XAJ25423.1	AGA	R	AGC	S	116
PA|PP755594.1|A/cattle/Texas/24-008749-003/2024(H5N1)	364	G	A	0	0	0	1195	540	39	1	1195	0	TRUE	PA:cds-XAJ25422.1	GTA	V	ATA	I	122
PA|PP755594.1|A/cattle/Texas/24-008749-003/2024(H5N1)	364	G	A	0	0	0	1195	540	39	1	1195	0	TRUE	PA-X:cds-XAJ25423.1	GTA	V	ATA	I	122
PA|PP755594.1|A/cattle/Texas/24-008749-003/2024(H5N1)	369	G	C	0	0	0	1177	525	38	1	1177	0	TRUE	PA:cds-XAJ25422.1	ACG	T	ACC	T	123
PA|PP755594.1|A/cattle/Texas/24-008749-003/2024(H5N1)	369	G	C	0	0	0	1177	525	38	1	1177	0	TRUE	PA-X:cds-XAJ25423.1	ACG	T	ACC	T	123
PA|PP755594.1|A/cattle/Texas/24-008749-003/2024(H5N1)	370	C	A	0	0	0	1185	533	39	0.999157	1186	0	TRUE	PA:cds-XAJ25422.1	CGA	R	AGA	R	124
PA|PP755594.1|A/cattle/Texas/24-008749-003/2024(H5N1)	370	C	A	0	0	0	1185	533	39	0.999157	1186	0	TRUE	PA-X:cds-XAJ25423.1	CGA	R	AGA	R	124
PA|PP755594.1|A/cattle/Texas/24-008749-003/2024(H5N1)	372	A	G	0	0	0	1181	535	38	1	1181	0	TRUE	PA:cds-XAJ25422.1	CGA	R	CGG	R	124
PA|PP755594.1|A/cattle/Texas/24-008749-003/2024(H5N1)	372	A	G	0	0	0	1181	535	38	1	1181	0	TRUE	PA-X:cds-XAJ25423.1	CGA	R	CGG	R	124
PA|PP755594.1|A/cattle/Texas/24-008749-003/2024(H5N1)	378	A	G	1	0	34	1297	585	39	0.99923	1298	0	TRUE	PA:cds-XAJ25422.1	GAA	E	GAG	E	126
PA|PP755594.1|A/cattle/Texas/24-008749-003/2024(H5N1)	378	A	G	1	0	34	1297	585	39	0.99923	1298	0	TRUE	PA-X:cds-XAJ25423.1	GAA	E	GAG	E	126
PA|PP755594.1|A/cattle/Texas/24-008749-003/2024(H5N1)	384	C	T	0	0	0	1408	633	40	1	1408	0	TRUE	PA:cds-XAJ25422.1	CAC	H	CAT	H	128
PA|PP755594.1|A/cattle/Texas/24-008749-003/2024(H5N1)	384	C	T	0	0	0	1408	633	40	1	1408	0	TRUE	PA-X:cds-XAJ25423.1	CAC	H	CAT	H	128
PA|PP755594.1|A/cattle/Texas/24-008749-003/2024(H5N1)	396	G	A	1	1	68	1485	638	40	0.999327	1486	0	TRUE	PA:cds-XAJ25422.1	TTG	L	TTA	L	132
PA|PP755594.1|A/cattle/Texas/24-008749-003/2024(H5N1)	396	G	A	1	1	68	1485	638	40	0.999327	1486	0	TRUE	PA-X:cds-XAJ25423.1	TTG	L	TTA	L	132
PA|PP755594.1|A/cattle/Texas/24-008749-003/2024(H5N1)	402	A	G	0	0	0	1401	588	40	1	1401	0	TRUE	PA:cds-XAJ25422.1	AAA	K	AAG	K	134
PA|PP755594.1|A/cattle/Texas/24-008749-003/2024(H5N1)	402	A	G	0	0	0	1401	588	40	1	1401	0	TRUE	PA-X:cds-XAJ25423.1	AAA	K	AAG	K	134
PA|PP755594.1|A/cattle/Texas/24-008749-003/2024(H5N1)	408	C	T	0	0	0	1388	629	40	1	1388	0	TRUE	PA:cds-XAJ25422.1	AAC	N	AAT	N	136
PA|PP755594.1|A/cattle/Texas/24-008749-003/2024(H5N1)	408	C	T	0	0	0	1388	629	40	1	1388	0	TRUE	PA-X:cds-XAJ25423.1	AAC	N	AAT	N	136
PA|PP755594.1|A/cattle/Texas/24-008749-003/2024(H5N1)	417	A	G	0	0	0	1065	604	36	1	1065	0	TRUE	PA:cds-XAJ25422.1	AAA	K	AAG	K	139
PA|PP755594.1|A/cattle/Texas/24-008749-003/2024(H5N1)	417	A	G	0	0	0	1065	604	36	1	1065	0	TRUE	PA-X:cds-XAJ25423.1	AAA	K	AAG	K	139
PA|PP755594.1|A/cattle/Texas/24-008749-003/2024(H5N1)	420	A	T	0	0	0	1041	643	36	0.998082	1043	0	TRUE	PA:cds-XAJ25422.1	TCA	S	TCT	S	140
PA|PP755594.1|A/cattle/Texas/24-008749-003/2024(H5N1)	420	A	T	0	0	0	1041	643	36	0.998082	1043	0	TRUE	PA-X:cds-XAJ25423.1	TCA	S	TCT	S	140
PA|PP755594.1|A/cattle/Texas/24-008749-003/2024(H5N1)	423	G	A	1	1	34	1055	653	36	0.999053	1056	0	TRUE	PA:cds-XAJ25422.1	GAG	E	GAA	E	141
PA|PP755594.1|A/cattle/Texas/24-008749-003/2024(H5N1)	423	G	A	1	1	34	1055	653	36	0.999053	1056	0	TRUE	PA-X:cds-XAJ25423.1	GAG	E	GAA	E	141
PA|PP755594.1|A/cattle/Texas/24-008749-003/2024(H5N1)	426	A	G	0	0	0	1049	648	36	1	1049	0	TRUE	PA:cds-XAJ25422.1	AAA	K	AAG	K	142
PA|PP755594.1|A/cattle/Texas/24-008749-003/2024(H5N1)	426	A	G	0	0	0	1049	648	36	1	1049	0	TRUE	PA-X:cds-XAJ25423.1	AAA	K	AAG	K	142
PA|PP755594.1|A/cattle/Texas/24-008749-003/2024(H5N1)	432	T	C	0	0	0	1063	686	35	1	1063	0	TRUE	PA:cds-XAJ25422.1	CAT	H	CAC	H	144
PA|PP755594.1|A/cattle/Texas/24-008749-003/2024(H5N1)	432	T	C	0	0	0	1063	686	35	1	1063	0	TRUE	PA-X:cds-XAJ25423.1	CAT	H	CAC	H	144
PA|PP755594.1|A/cattle/Texas/24-008749-003/2024(H5N1)	438	C	T	0	0	0	1113	690	36	1	1113	0	TRUE	PA:cds-XAJ25422.1	CAC	H	CAT	H	146
PA|PP755594.1|A/cattle/Texas/24-008749-003/2024(H5N1)	438	C	T	0	0	0	1113	690	36	1	1113	0	TRUE	PA-X:cds-XAJ25423.1	CAC	H	CAT	H	146
PA|PP755594.1|A/cattle/Texas/24-008749-003/2024(H5N1)	441	A	C	0	0	0	1112	690	36	0.999102	1113	0	TRUE	PA:cds-XAJ25422.1	ATA	I	ATC	I	147
PA|PP755594.1|A/cattle/Texas/24-008749-003/2024(H5N1)	441	A	C	0	0	0	1112	690	36	0.999102	1113	0	TRUE	PA-X:cds-XAJ25423.1	ATA	I	ATC	I	147
PA|PP755594.1|A/cattle/Texas/24-008749-003/2024(H5N1)	444	C	T	0	0	0	1118	697	36	1	1118	0	TRUE	PA:cds-XAJ25422.1	TTC	F	TTT	F	148
PA|PP755594.1|A/cattle/Texas/24-008749-003/2024(H5N1)	444	C	T	0	0	0	1118	697	36	1	1118	0	TRUE	PA-X:cds-XAJ25423.1	TTC	F	TTT	F	148
PA|PP755594.1|A/cattle/Texas/24-008749-003/2024(H5N1)	456	A	G	1	0	68	1396	861	37	0.999284	1397	0	TRUE	PA:cds-XAJ25422.1	GGA	G	GGG	G	152
PA|PP755594.1|A/cattle/Texas/24-008749-003/2024(H5N1)	456	A	G	1	0	68	1396	861	37	0.999284	1397	0	TRUE	PA-X:cds-XAJ25423.1	GGA	G	GGG	G	152
PA|PP755594.1|A/cattle/Texas/24-008749-003/2024(H5N1)	459	G	A	3	1	34	1400	862	37	0.997862	1403	0	TRUE	PA:cds-XAJ25422.1	GAG	E	GAA	E	153
PA|PP755594.1|A/cattle/Texas/24-008749-003/2024(H5N1)	459	G	A	3	1	34	1400	862	37	0.997862	1403	0	TRUE	PA-X:cds-XAJ25423.1	GAG	E	GAA	E	153
PA|PP755594.1|A/cattle/Texas/24-008749-003/2024(H5N1)	471	C	T	0	0	0	1345	805	37	1	1345	0	TRUE	PA:cds-XAJ25422.1	ACC	T	ACT	T	157
PA|PP755594.1|A/cattle/Texas/24-008749-003/2024(H5N1)	471	C	T	0	0	0	1345	805	37	1	1345	0	TRUE	PA-X:cds-XAJ25423.1	ACC	T	ACT	T	157
PA|PP755594.1|A/cattle/Texas/24-008749-003/2024(H5N1)	474	G	A	1	1	34	1356	805	36	0.999263	1357	0	TRUE	PA:cds-XAJ25422.1	AAG	K	AAA	K	158
PA|PP755594.1|A/cattle/Texas/24-008749-003/2024(H5N1)	474	G	A	1	1	34	1356	805	36	0.999263	1357	0	TRUE	PA-X:cds-XAJ25423.1	AAG	K	AAA	K	158
PA|PP755594.1|A/cattle/Texas/24-008749-003/2024(H5N1)	477	G	A	2	2	34	1351	799	37	0.998522	1353	0	TRUE	PA:cds-XAJ25422.1	GCG	A	GCA	A	159
PA|PP755594.1|A/cattle/Texas/24-008749-003/2024(H5N1)	477	G	A	2	2	34	1351	799	37	0.998522	1353	0	TRUE	PA-X:cds-XAJ25423.1	GCG	A	GCA	A	159
PA|PP755594.1|A/cattle/Texas/24-008749-003/2024(H5N1)	498	G	A	0	0	0	1520	757	38	1	1520	0	TRUE	PA:cds-XAJ25422.1	GAG	E	GAA	E	166
PA|PP755594.1|A/cattle/Texas/24-008749-003/2024(H5N1)	498	G	A	0	0	0	1520	757	38	1	1520	0	TRUE	PA-X:cds-XAJ25423.1	GAG	E	GAA	E	166
PA|PP755594.1|A/cattle/Texas/24-008749-003/2024(H5N1)	507	A	G	0	0	0	1448	705	37	1	1448	0	TRUE	PA:cds-XAJ25422.1	GCA	A	GCG	A	169
PA|PP755594.1|A/cattle/Texas/24-008749-003/2024(H5N1)	507	A	G	0	0	0	1448	705	37	1	1448	0	TRUE	PA-X:cds-XAJ25423.1	GCA	A	GCG	A	169
PA|PP755594.1|A/cattle/Texas/24-008749-003/2024(H5N1)	510	A	G	0	0	0	1445	704	37	1	1445	0	TRUE	PA:cds-XAJ25422.1	AGA	R	AGG	R	170
PA|PP755594.1|A/cattle/Texas/24-008749-003/2024(H5N1)	510	A	G	0	0	0	1445	704	37	1	1445	0	TRUE	PA-X:cds-XAJ25423.1	AGA	R	AGG	R	170
PA|PP755594.1|A/cattle/Texas/24-008749-003/2024(H5N1)	513	A	C	0	0	0	1442	715	37	1	1442	0	TRUE	PA:cds-XAJ25422.1	ATA	I	ATC	I	171
PA|PP755594.1|A/cattle/Texas/24-008749-003/2024(H5N1)	513	A	C	0	0	0	1442	715	37	1	1442	0	TRUE	PA-X:cds-XAJ25423.1	ATA	I	ATC	I	171
PA|PP755594.1|A/cattle/Texas/24-008749-003/2024(H5N1)	525	G	A	0	0	0	1478	719	38	1	1478	0	TRUE	PA:cds-XAJ25422.1	CTG	L	CTA	L	175
PA|PP755594.1|A/cattle/Texas/24-008749-003/2024(H5N1)	525	G	A	0	0	0	1478	719	38	1	1478	0	TRUE	PA-X:cds-XAJ25423.1	CTG	L	CTA	L	175
PA|PP755594.1|A/cattle/Texas/24-008749-003/2024(H5N1)	531	T	C	0	0	0	1413	682	37	1	1413	0	TRUE	PA:cds-XAJ25422.1	ACT	T	ACC	T	177
PA|PP755594.1|A/cattle/Texas/24-008749-003/2024(H5N1)	531	T	C	0	0	0	1413	682	37	1	1413	0	TRUE	PA-X:cds-XAJ25423.1	ACT	T	ACC	T	177
PA|PP755594.1|A/cattle/Texas/24-008749-003/2024(H5N1)	537	A	G	0	0	0	1408	671	36	1	1408	0	TRUE	PA:cds-XAJ25422.1	AGA	R	AGG	R	179
PA|PP755594.1|A/cattle/Texas/24-008749-003/2024(H5N1)	537	A	G	0	0	0	1408	671	36	1	1408	0	TRUE	PA-X:cds-XAJ25423.1	AGA	R	AGG	R	179
PA|PP755594.1|A/cattle/Texas/24-008749-003/2024(H5N1)	543	A	G	8	0	32	1420	618	36	0.994398	1428	0	TRUE	PA:cds-XAJ25422.1	GAA	E	GAG	E	181
PA|PP755594.1|A/cattle/Texas/24-008749-003/2024(H5N1)	543	A	G	8	0	32	1420	618	36	0.994398	1428	0	TRUE	PA-X:cds-XAJ25423.1	GAA	E	GAG	E	181
PA|PP755594.1|A/cattle/Texas/24-008749-003/2024(H5N1)	555	A	G	0	0	0	1409	512	36	1	1409	0	TRUE	PA:cds-XAJ25422.1	AGA	R	AGG	R	185
PA|PP755594.1|A/cattle/Texas/24-008749-003/2024(H5N1)	555	A	G	0	0	0	1409	512	36	1	1409	0	TRUE	PA-X:cds-XAJ25423.1	AGA	R	AGG	R	185
PA|PP755594.1|A/cattle/Texas/24-008749-003/2024(H5N1)	558	T	C	0	0	0	1412	513	36	1	1412	0	TRUE	PA:cds-XAJ25422.1	GGT	G	GGC	G	186
PA|PP755594.1|A/cattle/Texas/24-008749-003/2024(H5N1)	558	T	C	0	0	0	1412	513	36	1	1412	0	TRUE	PA-X:cds-XAJ25423.1	GGT	G	GGC	G	186
PA|PP755594.1|A/cattle/Texas/24-008749-003/2024(H5N1)	561	A	C	0	0	0	1407	503	36	0.99929	1408	0	TRUE	PA:cds-XAJ25422.1	CTA	L	CTC	L	187
PA|PP755594.1|A/cattle/Texas/24-008749-003/2024(H5N1)	561	A	C	0	0	0	1407	503	36	0.99929	1408	0	TRUE	PA-X:cds-XAJ25423.1	CTA	L	CTC	L	187
PA|PP755594.1|A/cattle/Texas/24-008749-003/2024(H5N1)	579	A	G	0	0	0	1503	599	38	1	1503	0	TRUE	PA:cds-XAJ25422.1	CAA	Q	CAG	Q	193
PA|PP755594.1|A/cattle/Texas/24-008749-003/2024(H5N1)	579	A	G	0	0	0	1503	599	38	1	1503	0	TRUE	PA-X:cds-XAJ25423.1	AAT	N	AGT	S	3
PA|PP755594.1|A/cattle/Texas/24-008749-003/2024(H5N1)	621	C	T	0	0	0	1518	670	39	1	1518	0	TRUE	PA:cds-XAJ25422.1	ATC	I	ATT	I	207
PA|PP755594.1|A/cattle/Texas/24-008749-003/2024(H5N1)	621	C	T	0	0	0	1518	670	39	1	1518	0	TRUE	PA-X:cds-XAJ25423.1	TCA	S	TTA	L	17
PA|PP755594.1|A/cattle/Texas/24-008749-003/2024(H5N1)	636	C	T	2	0	27	1473	675	38	0.998644	1475	0	TRUE	PA:cds-XAJ25422.1	CGC	R	CGT	R	212
PA|PP755594.1|A/cattle/Texas/24-008749-003/2024(H5N1)	636	C	T	2	0	27	1473	675	38	0.998644	1475	0	TRUE	PA-X:cds-XAJ25423.1	GCA	A	GTA	V	22
PA|PP755594.1|A/cattle/Texas/24-008749-003/2024(H5N1)	642	T	C	0	0	0	1444	633	37	1	1444	0	TRUE	PA:cds-XAJ25422.1	CTT	L	CTC	L	214
PA|PP755594.1|A/cattle/Texas/24-008749-003/2024(H5N1)	642	T	C	0	0	0	1444	633	37	1	1444	0	TRUE	PA-X:cds-XAJ25423.1	TTG	L	TCG	S	24
PA|PP755594.1|A/cattle/Texas/24-008749-003/2024(H5N1)	645	C	T	3	1	48	1449	649	37	0.997934	1452	0	TRUE	PA:cds-XAJ25422.1	GCC	A	GCT	A	215
PA|PP755594.1|A/cattle/Texas/24-008749-003/2024(H5N1)	645	C	T	3	1	48	1449	649	37	0.997934	1452	0	TRUE	PA-X:cds-XAJ25423.1	CCG	P	CTG	L	25
PA|PP755594.1|A/cattle/Texas/24-008749-003/2024(H5N1)	655	A	C	0	0	0	1503	688	38	1	1503	0	TRUE	PA:cds-XAJ25422.1	ATT	I	CTT	L	219
PA|PP755594.1|A/cattle/Texas/24-008749-003/2024(H5N1)	655	A	C	0	0	0	1503	688	38	1	1503	0	TRUE	PA-X:cds-XAJ25423.1	GTA	V	GTC	V	28
PA|PP755594.1|A/cattle/Texas/24-008749-003/2024(H5N1)	657	T	C	0	0	0	1506	691	38	1	1506	0	TRUE	PA:cds-XAJ25422.1	ATT	I	ATC	I	219
PA|PP755594.1|A/cattle/Texas/24-008749-003/2024(H5N1)	657	T	C	0	0	0	1506	691	38	1	1506	0	TRUE	PA-X:cds-XAJ25423.1	TTC	F	TCC	S	29
PA|PP755594.1|A/cattle/Texas/24-008749-003/2024(H5N1)	666	C	A	1521	757	40	70	46	39	0.0439975	1591	1.81019e-23	TRUE	PA:cds-XAJ25422.1	AAC	N	AAA	K	222
PA|PP755594.1|A/cattle/Texas/24-008749-003/2024(H5N1)	666	C	A	1521	757	40	70	46	39	0.0439975	1591	1.81019e-23	TRUE	PA-X:cds-XAJ25423.1	ACT	T	AAT	N	32
PA|PP755594.1|A/cattle/Texas/24-008749-003/2024(H5N1)	750	A	C	0	0	0	1362	800	37	0.999266	1363	0	TRUE	PA:cds-XAJ25422.1	TCA	S	TCC	S	250
PA|PP755594.1|A/cattle/Texas/24-008749-003/2024(H5N1)	750	A	C	0	0	0	1362	800	37	0.999266	1363	0	TRUE	PA-X:cds-XAJ25423.1	CAA	Q	CCA	P	60
PA|PP755594.1|A/cattle/Texas/24-008749-003/2024(H5N1)	756	G	A	1	1	34	1197	745	36	0.999165	1198	0	TRUE	PA:cds-XAJ25422.1	GAG	E	GAA	E	252
PA|PP755594.1|A/cattle/Texas/24-008749-003/2024(H5N1)	756	G	A	1	1	34	1197	745	36	0.999165	1198	0	TRUE	PA-X:cds-XAJ25423.1	AGG	R	AAG	K	62
PA|PP755594.1|A/cattle/Texas/24-008749-003/2024(H5N1)	759	G	A	1	1	68	1197	744	36	0.999165	1198	0	TRUE	PA:cds-XAJ25422.1	GTG	V	GTA	V	253
PA|PP755594.1|A/cattle/Texas/24-008749-003/2024(H5N1)	759	G	A	1	1	68	1197	744	36	0.999165	1198	0	TRUE	PA-X:cds-XAJ25423.1	TGA	*	TAA	*	63
PA|PP755594.1|A/cattle/Texas/24-008749-003/2024(H5N1)	762	C	T	1	1	34	1194	742	36	0.999163	1195	0	TRUE	PA:cds-XAJ25422.1	AAC	N	AAT	N	254
PA|PP755594.1|A/cattle/Texas/24-008749-003/2024(H5N1)	765	C	A	0	0	0	1196	744	36	0.998331	1198	0	TRUE	PA:cds-XAJ25422.1	GCC	A	GCA	A	255
PA|PP755594.1|A/cattle/Texas/24-008749-003/2024(H5N1)	767	G	A	1180	734	36	15	12	38	0.0125523	1195	0.000134759	TRUE	PA:cds-XAJ25422.1	AGA	R	AAA	K	256
PA|PP755594.1|A/cattle/Texas/24-008749-003/2024(H5N1)	774	G	A	4	1	34	1187	747	36	0.996641	1191	0	TRUE	PA:cds-XAJ25422.1	GAG	E	GAA	E	258
PA|PP755594.1|A/cattle/Texas/24-008749-003/2024(H5N1)	777	A	T	0	0	0	1174	732	36	0.998299	1176	0	TRUE	PA:cds-XAJ25422.1	CCA	P	CCT	P	259
PA|PP755594.1|A/cattle/Texas/24-008749-003/2024(H5N1)	785	A	G	0	0	0	1137	702	36	1	1137	0	TRUE	PA:cds-XAJ25422.1	AAG	K	AGG	R	262
PA|PP755594.1|A/cattle/Texas/24-008749-003/2024(H5N1)	792	A	G	0	0	0	1048	620	35	1	1048	0	TRUE	PA:cds-XAJ25422.1	ACA	T	ACG	T	264
PA|PP755594.1|A/cattle/Texas/24-008749-003/2024(H5N1)	804	C	G	0	0	0	404	248	34	1	404	2.5654e-248	TRUE	PA:cds-XAJ25422.1	CTC	L	CTG	L	268
PA|PP755594.1|A/cattle/Texas/24-008749-003/2024(H5N1)	807	A	G	0	0	0	382	227	34	1	382	2.49454e-233	TRUE	PA:cds-XAJ25422.1	AGA	R	AGG	R	269
PA|PP755594.1|A/cattle/Texas/24-008749-003/2024(H5N1)	808	T	C	0	0	0	383	227	34	1	383	1.22646e-233	TRUE	PA:cds-XAJ25422.1	TTA	L	CTA	L	270
PA|PP755594.1|A/cattle/Texas/24-008749-003/2024(H5N1)	810	A	G	0	0	0	383	227	34	1	383	1.22646e-233	TRUE	PA:cds-XAJ25422.1	TTA	L	TTG	L	270
PA|PP755594.1|A/cattle/Texas/24-008749-003/2024(H5N1)	813	T	A	0	0	0	381	227	34	1	381	5.08051e-233	TRUE	PA:cds-XAJ25422.1	CCT	P	CCA	P	271
PA|PP755594.1|A/cattle/Texas/24-008749-003/2024(H5N1)	816	T	A	0	0	0	384	228	34	1	384	6.03794e-234	TRUE	PA:cds-XAJ25422.1	GAT	D	GAA	E	272
PA|PP755594.1|A/cattle/Texas/24-008749-003/2024(H5N1)	825	C	T	0	0	0	384	228	34	1	384	6.03794e-234	TRUE	PA:cds-XAJ25422.1	CCC	P	CCT	P	275
PA|PP755594.1|A/cattle/Texas/24-008749-003/2024(H5N1)	828	T	C	0	0	0	381	226	34	1	381	5.08051e-233	TRUE	PA:cds-XAJ25422.1	TGT	C	TGC	C	276
PA|PP755594.1|A/cattle/Texas/24-008749-003/2024(H5N1)	829	C	T	2	2	34	380	224	34	0.994764	382	1.97076e-228	TRUE	PA:cds-XAJ25422.1	CCT	P	TCT	S	277
PA|PP755594.1|A/cattle/Texas/24-008749-003/2024(H5N1)	834	G	A	0	0	0	365	227	34	1	365	5.35797e-228	TRUE	PA:cds-XAJ25422.1	CAG	Q	CAA	Q	278
PA|PP755594.1|A/cattle/Texas/24-008749-003/2024(H5N1)	847	T	C	1	0	34	974	675	36	0.998974	975	0	TRUE	PA:cds-XAJ25422.1	TTG	L	CTG	L	283
PA|PP755594.1|A/cattle/Texas/24-008749-003/2024(H5N1)	861	C	T	2	2	34	718	491	34	0.997222	720	0	TRUE	PA:cds-XAJ25422.1	GCC	A	GCT	A	287
PA|PP755594.1|A/cattle/Texas/24-008749-003/2024(H5N1)	864	T	G	0	0	0	723	497	34	1	723	0	TRUE	PA:cds-XAJ25422.1	CTT	L	CTG	L	288
PA|PP755594.1|A/cattle/Texas/24-008749-003/2024(H5N1)	868	T	C	0	0	0	684	498	33	1	684	0	TRUE	PA:cds-XAJ25422.1	TTG	L	CTG	L	290
PA|PP755594.1|A/cattle/Texas/24-008749-003/2024(H5N1)	870	G	T	0	0	0	689	498	33	1	689	0	TRUE	PA:cds-XAJ25422.1	TTG	L	TTT	F	290
PA|PP755594.1|A/cattle/Texas/24-008749-003/2024(H5N1)	876	C	T	4	0	34	800	538	33	0.995025	804	0	TRUE	PA:cds-XAJ25422.1	ATC	I	ATT	I	292
PA|PP755594.1|A/cattle/Texas/24-008749-003/2024(H5N1)	885	T	G	0	0	0	876	582	33	0.99886	877	0	TRUE	PA:cds-XAJ25422.1	CCT	P	CCG	P	295
PA|PP755594.1|A/cattle/Texas/24-008749-003/2024(H5N1)	894	G	A	1	0	34	836	538	33	0.998805	837	0	TRUE	PA:cds-XAJ25422.1	GAG	E	GAA	E	298
PA|PP755594.1|A/cattle/Texas/24-008749-003/2024(H5N1)	897	G	C	0	0	0	837	539	33	1	837	0	TRUE	PA:cds-XAJ25422.1	GGG	G	GGC	G	299
PA|PP755594.1|A/cattle/Texas/24-008749-003/2024(H5N1)	903	C	G	0	0	0	921	593	33	1	921	0	TRUE	PA:cds-XAJ25422.1	GGC	G	GGG	G	301
PA|PP755594.1|A/cattle/Texas/24-008749-003/2024(H5N1)	921	A	T	0	0	0	870	354	33	0.998852	871	0	TRUE	PA:cds-XAJ25422.1	GCA	A	GCT	A	307
PA|PP755594.1|A/cattle/Texas/24-008749-003/2024(H5N1)	939	A	C	0	0	0	781	303	33	1	781	0	TRUE	PA:cds-XAJ25422.1	ACA	T	ACC	T	313
PA|PP755594.1|A/cattle/Texas/24-008749-003/2024(H5N1)	942	T	C	0	0	0	782	303	33	1	782	0	TRUE	PA:cds-XAJ25422.1	TTT	F	TTC	F	314
PA|PP755594.1|A/cattle/Texas/24-008749-003/2024(H5N1)	960	C	T	3	1	34	899	304	35	0.973998	923	0	TRUE	PA:cds-XAJ25422.1	CCC	P	CCT	P	320
PA|PP755594.1|A/cattle/Texas/24-008749-003/2024(H5N1)	960	C	A	3	1	34	21	1	35	0.0227519	923	1.58118e-40	TRUE	PA:cds-XAJ25422.1	CCC	P	CCA	P	320
PA|PP755594.1|A/cattle/Texas/24-008749-003/2024(H5N1)	966	C	T	3	2	34	785	235	35	0.996193	788	0	TRUE	PA:cds-XAJ25422.1	ATC	I	ATT	I	322
PA|PP755594.1|A/cattle/Texas/24-008749-003/2024(H5N1)	969	A	C	0	0	0	792	237	35	1	792	0	TRUE	PA:cds-XAJ25422.1	GTA	V	GTC	V	323
PA|PP755594.1|A/cattle/Texas/24-008749-003/2024(H5N1)	975	G	A	1	1	34	797	240	35	0.998747	798	0	TRUE	PA:cds-XAJ25422.1	CCG	P	CCA	P	325
PA|PP755594.1|A/cattle/Texas/24-008749-003/2024(H5N1)	981	G	A	0	0	0	820	246	35	1	820	0	TRUE	PA:cds-XAJ25422.1	GAG	E	GAA	E	327
PA|PP755594.1|A/cattle/Texas/24-008749-003/2024(H5N1)	984	A	G	0	0	0	823	246	35	1	823	0	TRUE	PA:cds-XAJ25422.1	AAA	K	AAG	K	328
PA|PP755594.1|A/cattle/Texas/24-008749-003/2024(H5N1)	987	C	A	0	0	0	827	249	35	0.998792	828	0	TRUE	PA:cds-XAJ25422.1	GGC	G	GGA	G	329
PA|PP755594.1|A/cattle/Texas/24-008749-003/2024(H5N1)	996	T	C	0	0	0	953	313	36	1	953	0	TRUE	PA:cds-XAJ25422.1	CCT	P	CCC	P	332
PA|PP755594.1|A/cattle/Texas/24-008749-003/2024(H5N1)	1002	C	T	1	1	34	965	324	37	0.998965	966	0	TRUE	PA:cds-XAJ25422.1	TAC	Y	TAT	Y	334
PA|PP755594.1|A/cattle/Texas/24-008749-003/2024(H5N1)	1020	G	A	1	0	34	668	308	36	0.998505	669	0	TRUE	PA:cds-XAJ25422.1	CAG	Q	CAA	Q	340
PA|PP755594.1|A/cattle/Texas/24-008749-003/2024(H5N1)	1024	C	T	2	2	51	667	307	36	0.99701	669	0	TRUE	PA:cds-XAJ25422.1	CTG	L	TTG	L	342
PA|PP755594.1|A/cattle/Texas/24-008749-003/2024(H5N1)	1026	G	A	3	2	34	668	308	36	0.995529	671	0	TRUE	PA:cds-XAJ25422.1	CTG	L	CTA	L	342
PA|PP755594.1|A/cattle/Texas/24-008749-003/2024(H5N1)	1032	A	G	0	0	0	667	307	36	1	667	0	TRUE	PA:cds-XAJ25422.1	GAA	E	GAG	E	344
PA|PP755594.1|A/cattle/Texas/24-008749-003/2024(H5N1)	1035	T	A	0	0	0	664	307	36	0.995502	667	0	TRUE	PA:cds-XAJ25422.1	CTT	L	CTA	L	345
PA|PP755594.1|A/cattle/Texas/24-008749-003/2024(H5N1)	1038	A	G	0	0	0	663	303	36	1	663	0	TRUE	PA:cds-XAJ25422.1	CAA	Q	CAG	Q	346
PA|PP755594.1|A/cattle/Texas/24-008749-003/2024(H5N1)	1041	C	T	0	0	0	675	319	36	1	675	0	TRUE	PA:cds-XAJ25422.1	GAC	D	GAT	D	347
PA|PP755594.1|A/cattle/Texas/24-008749-003/2024(H5N1)	1050	T	C	0	0	0	1164	554	38	0.999142	1165	0	TRUE	PA:cds-XAJ25422.1	AAT	N	AAC	N	350
PA|PP755594.1|A/cattle/Texas/24-008749-003/2024(H5N1)	1059	A	G	0	0	0	1222	594	38	1	1222	0	TRUE	PA:cds-XAJ25422.1	AAA	K	AAG	K	353
PA|PP755594.1|A/cattle/Texas/24-008749-003/2024(H5N1)	1071	A	G	0	0	0	1278	694	37	1	1278	0	TRUE	PA:cds-XAJ25422.1	ACA	T	ACG	T	357
PA|PP755594.1|A/cattle/Texas/24-008749-003/2024(H5N1)	1074	G	A	3	1	34	1289	700	38	0.997678	1292	0	TRUE	PA:cds-XAJ25422.1	AAG	K	AAA	K	358
PA|PP755594.1|A/cattle/Texas/24-008749-003/2024(H5N1)	1116	G	A	1	1	34	1220	701	36	0.999181	1221	0	TRUE	PA:cds-XAJ25422.1	GAG	E	GAA	E	372
PA|PP755594.1|A/cattle/Texas/24-008749-003/2024(H5N1)	1119	C	T	0	0	0	1204	687	36	1	1204	0	TRUE	PA:cds-XAJ25422.1	AAC	N	AAT	N	373
PA|PP755594.1|A/cattle/Texas/24-008749-003/2024(H5N1)	1125	T	A	0	0	0	1218	707	37	0.99918	1219	0	TRUE	PA:cds-XAJ25422.1	GCT	A	GCA	A	375
PA|PP755594.1|A/cattle/Texas/24-008749-003/2024(H5N1)	1131	A	G	0	0	0	1205	702	37	1	1205	0	TRUE	PA:cds-XAJ25422.1	GAA	E	GAG	E	377
PA|PP755594.1|A/cattle/Texas/24-008749-003/2024(H5N1)	1146	G	A	0	0	0	1120	655	37	1	1120	0	TRUE	PA:cds-XAJ25422.1	GAG	E	GAA	E	382
PA|PP755594.1|A/cattle/Texas/24-008749-003/2024(H5N1)	1161	T	C	0	0	0	313	181	34	1	313	1.58547e-191	TRUE	PA:cds-XAJ25422.1	GTT	V	GTC	V	387
PA|PP755594.1|A/cattle/Texas/24-008749-003/2024(H5N1)	1164	C	T	1	1	34	312	181	34	0.996805	313	2.9528e-187	TRUE	PA:cds-XAJ25422.1	AGC	S	AGT	S	388
PA|PP755594.1|A/cattle/Texas/24-008749-003/2024(H5N1)	1168	C	T	0	0	0	308	178	34	1	308	4.73528e-187	TRUE	PA:cds-XAJ25422.1	CTA	L	TTA	L	390
PA|PP755594.1|A/cattle/Texas/24-008749-003/2024(H5N1)	1170	A	G	0	0	0	307	178	34	1	307	9.59355e-187	TRUE	PA:cds-XAJ25422.1	CTA	L	CTG	L	390
PA|PP755594.1|A/cattle/Texas/24-008749-003/2024(H5N1)	1173	A	G	0	0	0	304	175	34	1	304	8.0573e-186	TRUE	PA:cds-XAJ25422.1	AGA	R	AGG	R	391
PA|PP755594.1|A/cattle/Texas/24-008749-003/2024(H5N1)	1176	G	A	0	0	0	308	179	34	1	308	4.73528e-187	TRUE	PA:cds-XAJ25422.1	CAG	Q	CAA	Q	392
PA|PP755594.1|A/cattle/Texas/24-008749-003/2024(H5N1)	1179	C	T	0	0	0	307	177	34	1	307	9.59355e-187	TRUE	PA:cds-XAJ25422.1	TAC	Y	TAT	Y	393
PA|PP755594.1|A/cattle/Texas/24-008749-003/2024(H5N1)	1187	A	G	297	171	34	12	8	36	0.038835	309	0.000191052	TRUE	PA:cds-XAJ25422.1	GAC	D	GGC	G	396
PA|PP755594.1|A/cattle/Texas/24-008749-003/2024(H5N1)	1191	A	G	0	0	0	307	177	34	1	307	9.59355e-187	TRUE	PA:cds-XAJ25422.1	GAA	E	GAG	E	397
PA|PP755594.1|A/cattle/Texas/24-008749-003/2024(H5N1)	1194	A	T	0	0	0	305	175	34	0.996732	306	3.95729e-186	TRUE	PA:cds-XAJ25422.1	CCA	P	CCT	P	398
PA|PP755594.1|A/cattle/Texas/24-008749-003/2024(H5N1)	1198	T	C	0	0	0	308	178	34	1	308	4.73528e-187	TRUE	PA:cds-XAJ25422.1	TCT	S	CCT	P	400
PA|PP755594.1|A/cattle/Texas/24-008749-003/2024(H5N1)	1199	C	A	0	0	0	309	179	34	1	309	2.34112e-187	TRUE	PA:cds-XAJ25422.1	TCT	S	TAT	Y	400
PA|PP755594.1|A/cattle/Texas/24-008749-003/2024(H5N1)	1200	T	A	0	0	0	309	179	34	1	309	2.34112e-187	TRUE	PA:cds-XAJ25422.1	TCT	S	TCA	S	400
PA|PP755594.1|A/cattle/Texas/24-008749-003/2024(H5N1)	1215	C	T	1	1	34	735	389	35	0.998641	736	0	TRUE	PA:cds-XAJ25422.1	AGC	S	AGT	S	405
PA|PP755594.1|A/cattle/Texas/24-008749-003/2024(H5N1)	1224	G	A	0	0	0	763	409	36	1	763	0	TRUE	PA:cds-XAJ25422.1	CAG	Q	CAA	Q	408
PA|PP755594.1|A/cattle/Texas/24-008749-003/2024(H5N1)	1239	G	A	1	0	34	330	172	32	0.996979	331	1.06715e-202	TRUE	PA:cds-XAJ25422.1	AAG	K	AAA	K	413
PA|PP755594.1|A/cattle/Texas/24-008749-003/2024(H5N1)	1242	A	T	0	0	0	312	149	33	1	312	2.85693e-188	TRUE	PA:cds-XAJ25422.1	GCA	A	GCT	A	414
PA|PP755594.1|A/cattle/Texas/24-008749-003/2024(H5N1)	1245	C	T	1	1	20	311	147	33	0.996795	312	1.40816e-184	TRUE	PA:cds-XAJ25422.1	TGC	C	TGT	C	415
PA|PP755594.1|A/cattle/Texas/24-008749-003/2024(H5N1)	1249	C	T	0	0	0	312	148	33	1	312	4.49893e-187	TRUE	PA:cds-XAJ25422.1	CTG	L	TTG	L	417
PA|PP755594.1|A/cattle/Texas/24-008749-003/2024(H5N1)	1254	A	T	0	0	0	312	149	33	0.996805	313	2.25306e-187	TRUE	PA:cds-XAJ25422.1	ACA	T	ACT	T	418
PA|PP755594.1|A/cattle/Texas/24-008749-003/2024(H5N1)	1257	T	C	10	3	37	303	146	33	0.968051	313	1.72256e-169	TRUE	PA:cds-XAJ25422.1	GAT	D	GAC	D	419
PA|PP755594.1|A/cattle/Texas/24-008749-003/2024(H5N1)	1260	G	A	0	0	0	313	149	33	1	313	5.64164e-188	TRUE	PA:cds-XAJ25422.1	TCG	S	TCA	S	420
PA|PP755594.1|A/cattle/Texas/24-008749-003/2024(H5N1)	1269	T	A	0	0	0	314	152	33	1	314	7.08568e-189	TRUE	PA:cds-XAJ25422.1	ATT	I	ATA	I	423
PA|PP755594.1|A/cattle/Texas/24-008749-003/2024(H5N1)	1275	T	C	0	0	0	317	153	33	1	317	4.42852e-190	TRUE	PA:cds-XAJ25422.1	CTT	L	CTC	L	425
PA|PP755594.1|A/cattle/Texas/24-008749-003/2024(H5N1)	1281	G	A	0	0	0	316	152	33	1	316	8.85704e-190	TRUE	PA:cds-XAJ25422.1	GAG	E	GAA	E	427
PA|PP755594.1|A/cattle/Texas/24-008749-003/2024(H5N1)	1287	G	A	0	0	0	314	152	33	1	314	1.41265e-188	TRUE	PA:cds-XAJ25422.1	GGG	G	GGA	G	429
PA|PP755594.1|A/cattle/Texas/24-008749-003/2024(H5N1)	1290	A	G	0	0	0	315	152	33	1	315	7.06326e-189	TRUE	PA:cds-XAJ25422.1	GAA	E	GAG	E	430
PA|PP755594.1|A/cattle/Texas/24-008749-003/2024(H5N1)	1299	T	C	0	0	0	312	151	33	1	312	2.25306e-187	TRUE	PA:cds-XAJ25422.1	GCT	A	GCC	A	433
PA|PP755594.1|A/cattle/Texas/24-008749-003/2024(H5N1)	1302	A	G	0	0	0	312	152	33	1	312	2.25306e-187	TRUE	PA:cds-XAJ25422.1	CCA	P	CCG	P	434
PA|PP755594.1|A/cattle/Texas/24-008749-003/2024(H5N1)	1305	C	T	0	0	0	310	149	33	1	310	9.05572e-187	TRUE	PA:cds-XAJ25422.1	ATC	I	ATT	I	435
PA|PP755594.1|A/cattle/Texas/24-008749-003/2024(H5N1)	1317	G	A	1	1	34	5	4	31	0.833333	6	0.00757576	TRUE	PA:cds-XAJ25422.1	GCG	A	GCA	A	439
PA|PP755594.1|A/cattle/Texas/24-008749-003/2024(H5N1)	1320	T	C	0	0	0	5	4	31	1	5	0.00793651	TRUE	PA:cds-XAJ25422.1	AGT	S	AGC	S	440
PA|PP755594.1|A/cattle/Texas/24-008749-003/2024(H5N1)	1321	G	A	0	0	0	5	4	31	1	5	0.00793651	TRUE	PA:cds-XAJ25422.1	GTG	V	ATG	M	441
PA|PP755594.1|A/cattle/Texas/24-008749-003/2024(H5N1)	1332	C	T	1	1	34	3	2	29	0.75	4	0.0714286	FALSE	PA:cds-XAJ25422.1	AAC	N	AAT	N	444
PA|PP755594.1|A/cattle/Texas/24-008749-003/2024(H5N1)	1335	T	C	0	0	0	3	2	34	1	3	0.05	FALSE	PA:cds-XAJ25422.1	TAT	Y	TAC	Y	445
PA|PP755594.1|A/cattle/Texas/24-008749-003/2024(H5N1)	1338	C	T	1	1	34	2	1	34	0.666667	3	0.2	FALSE	PA:cds-XAJ25422.1	TTC	F	TTT	F	446
PA|PP755594.1|A/cattle/Texas/24-008749-003/2024(H5N1)	1341	A	C	0	0	0	4	3	30	1	4	0.0285714	FALSE	PA:cds-XAJ25422.1	ACA	T	ACC	T	447
PA|PP755594.1|A/cattle/Texas/24-008749-003/2024(H5N1)	1344	G	T	0	0	0	3	2	34	1	3	0.05	FALSE	PA:cds-XAJ25422.1	GCG	A	GCT	A	448
PA|PP755594.1|A/cattle/Texas/24-008749-003/2024(H5N1)	1347	G	A	0	0	0	4	3	30	1	4	0.0285714	FALSE	PA:cds-XAJ25422.1	GAG	E	GAA	E	449
PA|PP755594.1|A/cattle/Texas/24-008749-003/2024(H5N1)	1350	A	G	0	0	0	4	3	30	1	4	0.0285714	FALSE	PA:cds-XAJ25422.1	GTA	V	GTG	V	450
PA|PP755594.1|A/cattle/Texas/24-008749-003/2024(H5N1)	1353	C	T	0	0	0	33	6	28	1	33	7.02913e-20	TRUE	PA:cds-XAJ25422.1	TCC	S	TCT	S	451
PA|PP755594.1|A/cattle/Texas/24-008749-003/2024(H5N1)	1356	T	C	0	0	0	37	10	32	1	37	1.3762e-34	TRUE	PA:cds-XAJ25422.1	CAT	H	CAC	H	452
PA|PP755594.1|A/cattle/Texas/24-008749-003/2024(H5N1)	1365	C	A	0	0	0	175	35	34	1	175	1.69555e-106	TRUE	PA:cds-XAJ25422.1	GCC	A	GCA	A	455
PA|PP755594.1|A/cattle/Texas/24-008749-003/2024(H5N1)	1368	T	A	0	0	0	209	38	32	1	209	8.21899e-128	TRUE	PA:cds-XAJ25422.1	ACT	T	ACA	T	456
PA|PP755594.1|A/cattle/Texas/24-008749-003/2024(H5N1)	1371	A	G	0	0	0	229	40	32	1	229	1.15969e-157	TRUE	PA:cds-XAJ25422.1	GAA	E	GAG	E	457
PA|PP755594.1|A/cattle/Texas/24-008749-003/2024(H5N1)	1404	C	T	0	0	0	430	148	34	1	430	6.47881e-262	TRUE	PA:cds-XAJ25422.1	GCC	A	GCT	A	468
PA|PP755594.1|A/cattle/Texas/24-008749-003/2024(H5N1)	1405	C	T	0	0	0	432	150	34	1	432	1.57738e-262	TRUE	PA:cds-XAJ25422.1	CTA	L	TTA	L	469
PA|PP755594.1|A/cattle/Texas/24-008749-003/2024(H5N1)	1407	A	G	0	0	0	430	149	34	1	430	6.47881e-262	TRUE	PA:cds-XAJ25422.1	CTA	L	CTG	L	469
PA|PP755594.1|A/cattle/Texas/24-008749-003/2024(H5N1)	1408	T	C	1	1	24	432	150	34	0.997691	433	3.46181e-260	TRUE	PA:cds-XAJ25422.1	TTG	L	CTG	L	470
PA|PP755594.1|A/cattle/Texas/24-008749-003/2024(H5N1)	1410	G	C	1	1	29	429	148	34	0.99536	431	2.87659e-259	TRUE	PA:cds-XAJ25422.1	TTG	L	TTC	F	470
PA|PP755594.1|A/cattle/Texas/24-008749-003/2024(H5N1)	1416	A	T	0	0	0	432	150	34	1	432	1.57738e-262	TRUE	PA:cds-XAJ25422.1	GCA	A	GCT	A	472
PA|PP755594.1|A/cattle/Texas/24-008749-003/2024(H5N1)	1419	C	T	0	0	0	433	151	34	1	433	7.79687e-263	TRUE	PA:cds-XAJ25422.1	TCC	S	TCT	S	473
PA|PP755594.1|A/cattle/Texas/24-008749-003/2024(H5N1)	1425	A	G	0	0	0	431	150	34	1	431	3.19493e-262	TRUE	PA:cds-XAJ25422.1	GCA	A	GCG	A	475
PA|PP755594.1|A/cattle/Texas/24-008749-003/2024(H5N1)	1428	C	A	0	0	0	433	151	34	1	433	7.79687e-263	TRUE	PA:cds-XAJ25422.1	GCC	A	GCA	A	476
PA|PP755594.1|A/cattle/Texas/24-008749-003/2024(H5N1)	1437	C	T	0	0	0	621	234	35	1	621	0	TRUE	PA:cds-XAJ25422.1	GAC	D	GAT	D	479
PA|PP755594.1|A/cattle/Texas/24-008749-003/2024(H5N1)	1440	C	T	1	0	34	622	235	35	0.998395	623	0	TRUE	PA:cds-XAJ25422.1	TTC	F	TTT	F	480
PA|PP755594.1|A/cattle/Texas/24-008749-003/2024(H5N1)	1444	T	C	0	0	0	620	235	35	1	620	0	TRUE	PA:cds-XAJ25422.1	TTG	L	CTG	L	482
PA|PP755594.1|A/cattle/Texas/24-008749-003/2024(H5N1)	1449	T	C	2	1	34	620	234	35	0.996785	622	0	TRUE	PA:cds-XAJ25422.1	ATT	I	ATC	I	483
PA|PP755594.1|A/cattle/Texas/24-008749-003/2024(H5N1)	1461	T	C	0	0	0	767	336	36	1	767	0	TRUE	PA:cds-XAJ25422.1	AGT	S	AGC	S	487
PA|PP755594.1|A/cattle/Texas/24-008749-003/2024(H5N1)	1464	G	A	0	0	0	766	338	35	1	766	0	TRUE	PA:cds-XAJ25422.1	AAG	K	AAA	K	488
PA|PP755594.1|A/cattle/Texas/24-008749-003/2024(H5N1)	1470	A	G	0	0	0	768	338	36	1	768	0	TRUE	PA:cds-XAJ25422.1	AGA	R	AGG	R	490
PA|PP755594.1|A/cattle/Texas/24-008749-003/2024(H5N1)	1473	T	C	0	0	0	764	334	36	1	764	0	TRUE	PA:cds-XAJ25422.1	ACT	T	ACC	T	491
PA|PP755594.1|A/cattle/Texas/24-008749-003/2024(H5N1)	1483	A	C	0	0	0	933	441	37	1	933	0	TRUE	PA:cds-XAJ25422.1	AGA	R	CGA	R	495
PA|PP755594.1|A/cattle/Texas/24-008749-003/2024(H5N1)	1485	A	G	2	0	34	929	442	37	0.997852	931	0	TRUE	PA:cds-XAJ25422.1	AGA	R	AGG	R	495
PA|PP755594.1|A/cattle/Texas/24-008749-003/2024(H5N1)	1490	G	A	1	0	34	934	443	37	0.99893	935	0	TRUE	PA:cds-XAJ25422.1	AGG	R	AAG	K	497
PA|PP755594.1|A/cattle/Texas/24-008749-003/2024(H5N1)	1506	A	G	0	0	0	1037	490	37	1	1037	0	TRUE	PA:cds-XAJ25422.1	GGA	G	GGG	G	502
PA|PP755594.1|A/cattle/Texas/24-008749-003/2024(H5N1)	1512	T	A	0	0	0	1029	505	36	1	1029	0	TRUE	PA:cds-XAJ25422.1	ATT	I	ATA	I	504
PA|PP755594.1|A/cattle/Texas/24-008749-003/2024(H5N1)	1518	A	G	2	2	34	978	489	34	0.997959	980	0	TRUE	PA:cds-XAJ25422.1	AAA	K	AAG	K	506
PA|PP755594.1|A/cattle/Texas/24-008749-003/2024(H5N1)	1524	A	G	0	0	0	895	479	33	1	895	0	TRUE	PA:cds-XAJ25422.1	AGA	R	AGG	R	508
PA|PP755594.1|A/cattle/Texas/24-008749-003/2024(H5N1)	1527	C	T	2	0	34	897	491	33	0.997775	899	0	TRUE	PA:cds-XAJ25422.1	TCC	S	TCT	S	509
PA|PP755594.1|A/cattle/Texas/24-008749-003/2024(H5N1)	1536	G	A	1	1	34	1045	613	33	0.999044	1046	0	TRUE	PA:cds-XAJ25422.1	AGG	R	AGA	R	512
PA|PP755594.1|A/cattle/Texas/24-008749-003/2024(H5N1)	1542	C	T	0	0	0	1007	582	34	1	1007	0	TRUE	PA:cds-XAJ25422.1	GAC	D	GAT	D	514
PA|PP755594.1|A/cattle/Texas/24-008749-003/2024(H5N1)	1545	C	T	3	1	34	1011	594	34	0.997041	1014	0	TRUE	PA:cds-XAJ25422.1	ACC	T	ACT	T	515
PA|PP755594.1|A/cattle/Texas/24-008749-003/2024(H5N1)	1554	A	G	0	0	0	1083	638	35	1	1083	0	TRUE	PA:cds-XAJ25422.1	GTA	V	GTG	V	518
PA|PP755594.1|A/cattle/Texas/24-008749-003/2024(H5N1)	1557	C	T	0	0	0	1097	649	35	1	1097	0	TRUE	PA:cds-XAJ25422.1	AAC	N	AAT	N	519
PA|PP755594.1|A/cattle/Texas/24-008749-003/2024(H5N1)	1572	A	G	1	0	34	929	549	35	0.998925	930	0	TRUE	PA:cds-XAJ25422.1	GAA	E	GAG	E	524
PA|PP755594.1|A/cattle/Texas/24-008749-003/2024(H5N1)	1575	C	T	0	0	0	932	549	35	1	932	0	TRUE	PA:cds-XAJ25422.1	TTC	F	TTT	F	525
PA|PP755594.1|A/cattle/Texas/24-008749-003/2024(H5N1)	1581	A	T	1	0	34	927	548	35	0.998922	928	0	TRUE	PA:cds-XAJ25422.1	CTA	L	CTT	L	527
PA|PP755594.1|A/cattle/Texas/24-008749-003/2024(H5N1)	1587	C	T	0	0	0	944	551	35	1	944	0	TRUE	PA:cds-XAJ25422.1	GAC	D	GAT	D	529
PA|PP755594.1|A/cattle/Texas/24-008749-003/2024(H5N1)	1590	G	T	0	0	0	967	587	36	1	967	0	TRUE	PA:cds-XAJ25422.1	CCG	P	CCT	P	530
PA|PP755594.1|A/cattle/Texas/24-008749-003/2024(H5N1)	1593	G	A	0	0	0	970	599	36	1	970	0	TRUE	PA:cds-XAJ25422.1	AGG	R	AGA	R	531
PA|PP755594.1|A/cattle/Texas/24-008749-003/2024(H5N1)	1599	G	A	4	3	34	1236	672	37	0.996774	1240	0	TRUE	PA:cds-XAJ25422.1	GAG	E	GAA	E	533
PA|PP755594.1|A/cattle/Texas/24-008749-003/2024(H5N1)	1614	A	G	0	0	0	1341	722	37	1	1341	0	TRUE	PA:cds-XAJ25422.1	GAA	E	GAG	E	538
PA|PP755594.1|A/cattle/Texas/24-008749-003/2024(H5N1)	1626	T	C	0	0	0	1385	677	38	1	1385	0	TRUE	PA:cds-XAJ25422.1	GTT	V	GTC	V	542
PA|PP755594.1|A/cattle/Texas/24-008749-003/2024(H5N1)	1632	G	A	2	0	51	1317	648	37	0.998484	1319	0	TRUE	PA:cds-XAJ25422.1	GAG	E	GAA	E	544
PA|PP755594.1|A/cattle/Texas/24-008749-003/2024(H5N1)	1633	A	G	0	0	0	1319	648	37	1	1319	0	TRUE	PA:cds-XAJ25422.1	ATA	I	GTA	V	545
PA|PP755594.1|A/cattle/Texas/24-008749-003/2024(H5N1)	1650	A	G	1	0	68	1457	622	37	0.998629	1459	0	TRUE	PA:cds-XAJ25422.1	CTA	L	CTG	L	550
PA|PP755594.1|A/cattle/Texas/24-008749-003/2024(H5N1)	1653	G	T	0	0	0	1495	657	37	0.999332	1496	0	TRUE	PA:cds-XAJ25422.1	CGG	R	CGT	R	551
PA|PP755594.1|A/cattle/Texas/24-008749-003/2024(H5N1)	1673	T	C	2	2	34	1442	524	37	0.998615	1444	0	TRUE	PA:cds-XAJ25422.1	TTG	L	TCG	S	558
PA|PP755594.1|A/cattle/Texas/24-008749-003/2024(H5N1)	1674	G	A	0	0	0	1444	526	37	1	1444	0	TRUE	PA:cds-XAJ25422.1	TTG	L	TTA	L	558
PA|PP755594.1|A/cattle/Texas/24-008749-003/2024(H5N1)	1677	G	A	1	0	34	1449	527	36	0.99931	1450	0	TRUE	PA:cds-XAJ25422.1	AGG	R	AGA	R	559
PA|PP755594.1|A/cattle/Texas/24-008749-003/2024(H5N1)	1687	C	T	1	0	34	1623	558	37	0.999384	1624	0	TRUE	PA:cds-XAJ25422.1	CTG	L	TTG	L	563
PA|PP755594.1|A/cattle/Texas/24-008749-003/2024(H5N1)	1701	C	T	3	0	34	1588	525	37	0.998114	1591	0	TRUE	PA:cds-XAJ25422.1	ACC	T	ACT	T	567
PA|PP755594.1|A/cattle/Texas/24-008749-003/2024(H5N1)	1710	T	C	0	0	0	1589	514	37	1	1589	0	TRUE	PA:cds-XAJ25422.1	ACT	T	ACC	T	570
PA|PP755594.1|A/cattle/Texas/24-008749-003/2024(H5N1)	1716	G	A	0	0	0	1603	545	38	0.999377	1604	0	TRUE	PA:cds-XAJ25422.1	AAG	K	AAA	K	572
PA|PP755594.1|A/cattle/Texas/24-008749-003/2024(H5N1)	1734	C	T	0	0	0	1769	642	39	0.999435	1770	0	TRUE	PA:cds-XAJ25422.1	GGC	G	GGT	G	578
PA|PP755594.1|A/cattle/Texas/24-008749-003/2024(H5N1)	1749	A	T	0	0	0	1658	576	39	0.998795	1660	0	TRUE	PA:cds-XAJ25422.1	CGA	R	CGT	R	583
PA|PP755594.1|A/cattle/Texas/24-008749-003/2024(H5N1)	1752	C	T	8	4	34	1634	559	39	0.995128	1642	0	TRUE	PA:cds-XAJ25422.1	TGC	C	TGT	C	584
PA|PP755594.1|A/cattle/Texas/24-008749-003/2024(H5N1)	1761	G	A	0	0	0	1628	586	39	1	1628	0	TRUE	PA:cds-XAJ25422.1	CAG	Q	CAA	Q	587
PA|PP755594.1|A/cattle/Texas/24-008749-003/2024(H5N1)	1764	C	T	2	1	44	1586	561	38	0.998741	1588	0	TRUE	PA:cds-XAJ25422.1	TCC	S	TCT	S	588
PA|PP755594.1|A/cattle/Texas/24-008749-003/2024(H5N1)	1767	T	C	0	0	0	1584	620	38	0.998739	1586	0	TRUE	PA:cds-XAJ25422.1	CTT	L	CTC	L	589
PA|PP755594.1|A/cattle/Texas/24-008749-003/2024(H5N1)	1779	G	A	0	0	0	1691	780	41	1	1691	0	TRUE	PA:cds-XAJ25422.1	GAG	E	GAA	E	593
PA|PP755594.1|A/cattle/Texas/24-008749-003/2024(H5N1)	1791	G	A	1	1	34	1679	796	40	0.99881	1681	0	TRUE	PA:cds-XAJ25422.1	GAG	E	GAA	E	597
PA|PP755594.1|A/cattle/Texas/24-008749-003/2024(H5N1)	1800	T	C	0	0	0	1618	794	38	1	1618	0	TRUE	PA:cds-XAJ25422.1	TCT	S	TCC	S	600
PA|PP755594.1|A/cattle/Texas/24-008749-003/2024(H5N1)	1822	T	A	0	0	0	1684	905	38	0.99704	1689	0	TRUE	PA:cds-XAJ25422.1	TCC	S	ACC	T	608
PA|PP755594.1|A/cattle/Texas/24-008749-003/2024(H5N1)	1827	G	A	2	2	34	1664	899	38	0.9988	1666	0	TRUE	PA:cds-XAJ25422.1	AAG	K	AAA	K	609
PA|PP755594.1|A/cattle/Texas/24-008749-003/2024(H5N1)	1836	T	C	0	0	0	1671	943	37	1	1671	0	TRUE	PA:cds-XAJ25422.1	TTT	F	TTC	F	612
PA|PP755594.1|A/cattle/Texas/24-008749-003/2024(H5N1)	1851	A	G	0	0	0	1618	938	37	1	1618	0	TRUE	PA:cds-XAJ25422.1	GAA	E	GAG	E	617
PA|PP755594.1|A/cattle/Texas/24-008749-003/2024(H5N1)	1860	A	C	0	0	0	1593	891	37	0.999373	1594	0	TRUE	PA:cds-XAJ25422.1	CCA	P	CCC	P	620
PA|PP755594.1|A/cattle/Texas/24-008749-003/2024(H5N1)	1866	A	G	0	0	0	1556	854	37	1	1556	0	TRUE	PA:cds-XAJ25422.1	GGA	G	GGG	G	622
PA|PP755594.1|A/cattle/Texas/24-008749-003/2024(H5N1)	1881	G	A	1	0	25	324	130	33	0.996923	325	6.4334e-208	TRUE	PA:cds-XAJ25422.1	GGG	G	GGA	G	627
PA|PP755594.1|A/cattle/Texas/24-008749-003/2024(H5N1)	1884	G	A	0	0	0	263	129	34	1	263	8.33774e-159	TRUE	PA:cds-XAJ25422.1	GTG	V	GTA	V	628
PA|PP755594.1|A/cattle/Texas/24-008749-003/2024(H5N1)	1887	G	A	8	7	32	252	119	34	0.969231	260	6.84704e-142	TRUE	PA:cds-XAJ25422.1	GAG	E	GAA	E	629
PA|PP755594.1|A/cattle/Texas/24-008749-003/2024(H5N1)	1893	C	T	3	2	45	230	100	34	0.987124	233	7.93076e-134	TRUE	PA:cds-XAJ25422.1	GGC	G	GGT	G	631
PA|PP755594.1|A/cattle/Texas/24-008749-003/2024(H5N1)	1896	T	C	0	0	0	233	102	34	1	233	3.57461e-140	TRUE	PA:cds-XAJ25422.1	TCT	S	TCC	S	632
PA|PP755594.1|A/cattle/Texas/24-008749-003/2024(H5N1)	1902	G	A	0	0	0	196	99	33	1	196	1.23394e-117	TRUE	PA:cds-XAJ25422.1	GGG	G	GGA	G	634
PA|PP755594.1|A/cattle/Texas/24-008749-003/2024(H5N1)	1905	A	G	1	1	34	196	100	33	0.994924	197	1.2216e-115	TRUE	PA:cds-XAJ25422.1	AAA	K	AAG	K	635
PA|PP755594.1|A/cattle/Texas/24-008749-003/2024(H5N1)	1908	A	G	2	1	34	195	98	33	0.989848	197	6.15441e-114	TRUE	PA:cds-XAJ25422.1	GTA	V	GTG	V	636
PA|PP755594.1|A/cattle/Texas/24-008749-003/2024(H5N1)	1914	A	G	0	0	0	198	100	33	1	198	3.09267e-118	TRUE	PA:cds-XAJ25422.1	AGA	R	AGG	R	638
PA|PP755594.1|A/cattle/Texas/24-008749-003/2024(H5N1)	1917	A	T	0	0	0	197	100	33	1	197	6.16972e-118	TRUE	PA:cds-XAJ25422.1	ACA	T	ACT	T	639
PA|PP755594.1|A/cattle/Texas/24-008749-003/2024(H5N1)	1918	T	C	0	0	0	196	99	33	1	196	1.94538e-121	TRUE	PA:cds-XAJ25422.1	TTG	L	CTG	L	640
PA|PP755594.1|A/cattle/Texas/24-008749-003/2024(H5N1)	1923	A	G	1	0	34	216	106	33	0.995392	217	2.16177e-129	TRUE	PA:cds-XAJ25422.1	CTA	L	CTG	L	641
PA|PP755594.1|A/cattle/Texas/24-008749-003/2024(H5N1)	1929	G	A	0	0	0	1350	740	36	1	1350	0	TRUE	PA:cds-XAJ25422.1	AAG	K	AAA	K	643
PA|PP755594.1|A/cattle/Texas/24-008749-003/2024(H5N1)	1935	G	T	1	1	34	1359	754	37	0.99853	1361	0	TRUE	PA:cds-XAJ25422.1	GTG	V	GTT	V	645
PA|PP755594.1|A/cattle/Texas/24-008749-003/2024(H5N1)	1945	C	T	2	1	34	1416	785	37	0.997886	1419	0	TRUE	PA:cds-XAJ25422.1	CTA	L	TTA	L	649
PA|PP755594.1|A/cattle/Texas/24-008749-003/2024(H5N1)	1947	A	G	0	0	0	1416	784	37	1	1416	0	TRUE	PA:cds-XAJ25422.1	CTA	L	CTG	L	649
PA|PP755594.1|A/cattle/Texas/24-008749-003/2024(H5N1)	1957	C	T	1605	859	38	19	10	37	0.0116995	1624	5.26906e-06	TRUE	PA:cds-XAJ25422.1	CCT	P	TCT	S	653
PA|PP755594.1|A/cattle/Texas/24-008749-003/2024(H5N1)	1959	T	A	0	0	0	1622	866	38	1	1622	0	TRUE	PA:cds-XAJ25422.1	CCT	P	CCA	P	653
PA|PP755594.1|A/cattle/Texas/24-008749-003/2024(H5N1)	1965	C	T	0	0	0	1643	889	38	1	1643	0	TRUE	PA:cds-XAJ25422.1	CTC	L	CTT	L	655
PA|PP755594.1|A/cattle/Texas/24-008749-003/2024(H5N1)	1971	G	A	2	1	49	1665	918	39	0.9988	1667	0	TRUE	PA:cds-XAJ25422.1	GGG	G	GGA	G	657
PA|PP755594.1|A/cattle/Texas/24-008749-003/2024(H5N1)	1983	A	G	12	9	39	1512	842	38	0.992126	1524	0	TRUE	PA:cds-XAJ25422.1	GAA	E	GAG	E	661
PA|PP755594.1|A/cattle/Texas/24-008749-003/2024(H5N1)	1986	A	G	1	1	34	1525	852	38	0.999345	1526	0	TRUE	PA:cds-XAJ25422.1	TCA	S	TCG	S	662
PA|PP755594.1|A/cattle/Texas/24-008749-003/2024(H5N1)	1992	A	G	0	0	0	1517	846	38	1	1517	0	TRUE	PA:cds-XAJ25422.1	AAA	K	AAG	K	664
PA|PP755594.1|A/cattle/Texas/24-008749-003/2024(H5N1)	1993	T	C	1	1	68	1518	863	38	0.999342	1519	0	TRUE	PA:cds-XAJ25422.1	TTG	L	CTG	L	665
PA|PP755594.1|A/cattle/Texas/24-008749-003/2024(H5N1)	1998	T	C	0	0	0	1537	875	38	1	1537	0	TRUE	PA:cds-XAJ25422.1	CTT	L	CTC	L	666
PA|PP755594.1|A/cattle/Texas/24-008749-003/2024(H5N1)	2037	A	T	0	0	0	1539	1043	43	0.999351	1540	0	TRUE	PA:cds-XAJ25422.1	GGA	G	GGT	G	679
PA|PP755594.1|A/cattle/Texas/24-008749-003/2024(H5N1)	2088	C	T	0	0	0	1272	1036	45	1	1272	0	TRUE	PA:cds-XAJ25422.1	AAC	N	AAT	N	696
PA|PP755594.1|A/cattle/Texas/24-008749-003/2024(H5N1)	2107	A	G	1159	995	42	15	12	42	0.0127768	1174	4.12745e-06	TRUE	PA:cds-XAJ25422.1	AAT	N	GAT	D	703
