REGION	POS	REF	ALT	REF_DP	REF_RV	REF_QUAL	ALT_DP	ALT_RV	ALT_QUAL	ALT_FREQ	TOTAL_DP	PVAL	PASS	GFF_FEATURE	REF_CODON	REF_AA	ALT_CODON	ALT_AA	POS_AA
NP|PP755592.1|A/cattle/Texas/24-008749-003/2024(H5N1)	14	G	A	29	5	40	1	0	26	0.0333333	30	0.301624	FALSE	NP:cds-XAJ25419.1	GGC	G	GAC	D	5
NP|PP755592.1|A/cattle/Texas/24-008749-003/2024(H5N1)	37	A	G	58	21	39	1	0	34	0.0169492	59	0.176647	FALSE	NP:cds-XAJ25419.1	ATG	M	GTG	V	13
NP|PP755592.1|A/cattle/Texas/24-008749-003/2024(H5N1)	72	A	G	0	0	0	131	43	39	1	131	7.92651e-124	TRUE	NP:cds-XAJ25419.1	GAA	E	GAG	E	24
NP|PP755592.1|A/cattle/Texas/24-008749-003/2024(H5N1)	82	T	C	149	45	39	2	0	34	0.013245	151	0.0813999	FALSE	NP:cds-XAJ25419.1	TCT	S	CCT	P	28
NP|PP755592.1|A/cattle/Texas/24-008749-003/2024(H5N1)	108	C	T	0	0	0	176	77	40	1	176	3.7127e-140	TRUE	NP:cds-XAJ25419.1	ATC	I	ATT	I	36
NP|PP755592.1|A/cattle/Texas/24-008749-003/2024(H5N1)	154	C	T	0	0	0	296	142	41	1	296	2.09643e-197	TRUE	NP:cds-XAJ25419.1	CAC	H	TAC	Y	52
NP|PP755592.1|A/cattle/Texas/24-008749-003/2024(H5N1)	159	A	G	1	0	34	288	138	40	0.99654	289	2.30092e-192	TRUE	NP:cds-XAJ25419.1	GAA	E	GAG	E	53
NP|PP755592.1|A/cattle/Texas/24-008749-003/2024(H5N1)	176	A	G	294	144	41	3	1	34	0.010101	297	0.0881873	FALSE	NP:cds-XAJ25419.1	AAC	N	AGC	S	59
NP|PP755592.1|A/cattle/Texas/24-008749-003/2024(H5N1)	192	A	G	0	0	0	269	106	41	1	269	5.46548e-190	TRUE	NP:cds-XAJ25419.1	GAA	E	GAG	E	64
NP|PP755592.1|A/cattle/Texas/24-008749-003/2024(H5N1)	210	A	T	0	0	0	276	110	41	1	276	1.57908e-186	TRUE	NP:cds-XAJ25419.1	GCA	A	GCT	A	70
NP|PP755592.1|A/cattle/Texas/24-008749-003/2024(H5N1)	219	A	G	0	0	0	271	109	40	1	271	5.48544e-183	TRUE	NP:cds-XAJ25419.1	GAA	E	GAG	E	73
NP|PP755592.1|A/cattle/Texas/24-008749-003/2024(H5N1)	231	G	A	1	0	68	277	117	39	0.996403	278	1.08283e-184	TRUE	NP:cds-XAJ25419.1	AAG	K	AAA	K	77
NP|PP755592.1|A/cattle/Texas/24-008749-003/2024(H5N1)	234	T	C	273	108	40	7	1	38	0.025	280	0.00321174	TRUE	NP:cds-XAJ25419.1	TAT	Y	TAC	Y	78
NP|PP755592.1|A/cattle/Texas/24-008749-003/2024(H5N1)	258	A	G	0	0	0	280	102	42	1	280	7.02615e-194	TRUE	NP:cds-XAJ25419.1	GGA	G	GGG	G	86
NP|PP755592.1|A/cattle/Texas/24-008749-003/2024(H5N1)	313	A	G	0	0	0	243	113	40	1	243	5.9297e-163	TRUE	NP:cds-XAJ25419.1	ATG	M	GTG	V	105
NP|PP755592.1|A/cattle/Texas/24-008749-003/2024(H5N1)	405	C	T	0	0	0	230	137	39	1	230	1.46642e-155	TRUE	NP:cds-XAJ25419.1	CAC	H	CAT	H	135
NP|PP755592.1|A/cattle/Texas/24-008749-003/2024(H5N1)	480	T	C	0	0	0	253	136	37	1	253	5.37342e-168	TRUE	NP:cds-XAJ25419.1	GAT	D	GAC	D	160
NP|PP755592.1|A/cattle/Texas/24-008749-003/2024(H5N1)	495	A	T	0	0	0	243	107	36	1	243	2.76324e-158	TRUE	NP:cds-XAJ25419.1	TCA	S	TCT	S	165
NP|PP755592.1|A/cattle/Texas/24-008749-003/2024(H5N1)	498	G	A	0	0	0	260	119	37	1	260	9.53991e-165	TRUE	NP:cds-XAJ25419.1	CTG	L	CTA	L	166
NP|PP755592.1|A/cattle/Texas/24-008749-003/2024(H5N1)	510	A	G	286	122	39	3	2	33	0.0103806	289	0.0937358	FALSE	NP:cds-XAJ25419.1	TCA	S	TCG	S	170
NP|PP755592.1|A/cattle/Texas/24-008749-003/2024(H5N1)	519	T	C	289	106	38	4	0	32	0.0136519	293	0.0403232	FALSE	NP:cds-XAJ25419.1	CCT	P	CCC	P	173
NP|PP755592.1|A/cattle/Texas/24-008749-003/2024(H5N1)	525	A	G	255	95	39	3	1	56	0.0116279	258	0.0781935	FALSE	NP:cds-XAJ25419.1	AGA	R	AGG	R	175
NP|PP755592.1|A/cattle/Texas/24-008749-003/2024(H5N1)	543	G	A	0	0	0	260	98	39	1	260	5.19657e-173	TRUE	NP:cds-XAJ25419.1	GCG	A	GCA	A	181
NP|PP755592.1|A/cattle/Texas/24-008749-003/2024(H5N1)	561	A	G	0	0	0	294	103	41	1	294	3.17946e-199	TRUE	NP:cds-XAJ25419.1	GGA	G	GGG	G	187
NP|PP755592.1|A/cattle/Texas/24-008749-003/2024(H5N1)	585	A	G	0	0	0	283	113	45	1	283	2.78942e-199	TRUE	NP:cds-XAJ25419.1	CGA	R	CGG	R	195
NP|PP755592.1|A/cattle/Texas/24-008749-003/2024(H5N1)	600	A	G	0	0	0	276	117	43	1	276	1.03286e-190	TRUE	NP:cds-XAJ25419.1	GGA	G	GGG	G	200
NP|PP755592.1|A/cattle/Texas/24-008749-003/2024(H5N1)	627	T	C	1	1	68	255	128	44	0.996094	256	1.1911e-176	TRUE	NP:cds-XAJ25419.1	GGT	G	GGC	G	209
NP|PP755592.1|A/cattle/Texas/24-008749-003/2024(H5N1)	633	C	T	0	0	0	244	123	42	1	244	1.02553e-169	TRUE	NP:cds-XAJ25419.1	AAC	N	AAT	N	211
NP|PP755592.1|A/cattle/Texas/24-008749-003/2024(H5N1)	675	C	T	0	0	0	201	107	38	1	201	6.93889e-143	TRUE	NP:cds-XAJ25419.1	ATC	I	ATT	I	225
NP|PP755592.1|A/cattle/Texas/24-008749-003/2024(H5N1)	708	A	G	28	18	37	211	134	37	0.882845	239	1.3126e-115	TRUE	NP:cds-XAJ25419.1	CGA	R	CGG	R	236
NP|PP755592.1|A/cattle/Texas/24-008749-003/2024(H5N1)	756	A	G	1	1	34	247	151	40	0.995968	248	1.04351e-161	TRUE	NP:cds-XAJ25419.1	GAA	E	GAG	E	252
NP|PP755592.1|A/cattle/Texas/24-008749-003/2024(H5N1)	882	G	A	0	0	0	244	103	41	1	244	8.04064e-165	TRUE	NP:cds-XAJ25419.1	GAG	E	GAA	E	294
NP|PP755592.1|A/cattle/Texas/24-008749-003/2024(H5N1)	900	A	G	0	0	0	261	99	41	1	261	2.09745e-177	TRUE	NP:cds-XAJ25419.1	GGA	G	GGG	G	300
NP|PP755592.1|A/cattle/Texas/24-008749-003/2024(H5N1)	918	G	A	0	0	0	260	108	42	1	260	1.61208e-178	TRUE	NP:cds-XAJ25419.1	CTG	L	CTA	L	306
NP|PP755592.1|A/cattle/Texas/24-008749-003/2024(H5N1)	924	G	A	0	0	0	261	111	42	1	261	6.53108e-184	TRUE	NP:cds-XAJ25419.1	CAG	Q	CAA	Q	308
NP|PP755592.1|A/cattle/Texas/24-008749-003/2024(H5N1)	936	T	C	0	0	0	271	129	43	1	271	1.2835e-188	TRUE	NP:cds-XAJ25419.1	GTT	V	GTC	V	312
NP|PP755592.1|A/cattle/Texas/24-008749-003/2024(H5N1)	951	A	G	1	0	46	273	137	42	0.99635	274	1.92311e-186	TRUE	NP:cds-XAJ25419.1	AGA	R	AGG	R	317
NP|PP755592.1|A/cattle/Texas/24-008749-003/2024(H5N1)	957	T	C	0	0	0	269	131	43	1	269	5.52809e-185	TRUE	NP:cds-XAJ25419.1	AAT	N	AAC	N	319
NP|PP755592.1|A/cattle/Texas/24-008749-003/2024(H5N1)	972	C	T	0	0	0	243	123	41	1	243	2.03182e-167	TRUE	NP:cds-XAJ25419.1	CAC	H	CAT	H	324
NP|PP755592.1|A/cattle/Texas/24-008749-003/2024(H5N1)	1002	C	T	0	0	0	229	131	40	1	229	2.39074e-159	TRUE	NP:cds-XAJ25419.1	CAC	H	CAT	H	334
NP|PP755592.1|A/cattle/Texas/24-008749-003/2024(H5N1)	1008	A	G	0	0	0	242	147	42	1	242	1.37456e-165	TRUE	NP:cds-XAJ25419.1	GCA	A	GCG	A	336
NP|PP755592.1|A/cattle/Texas/24-008749-003/2024(H5N1)	1014	T	C	0	0	0	248	156	42	1	248	2.98151e-167	TRUE	NP:cds-XAJ25419.1	TTT	F	TTC	F	338
NP|PP755592.1|A/cattle/Texas/24-008749-003/2024(H5N1)	1020	T	C	0	0	0	255	160	41	1	255	1.94162e-176	TRUE	NP:cds-XAJ25419.1	GAT	D	GAC	D	340
NP|PP755592.1|A/cattle/Texas/24-008749-003/2024(H5N1)	1098	T	C	0	0	0	249	141	41	1	249	1.30363e-168	TRUE	NP:cds-XAJ25419.1	GCT	A	GCC	A	366
NP|PP755592.1|A/cattle/Texas/24-008749-003/2024(H5N1)	1124	A	G	234	132	40	3	2	28	0.0126582	237	0.534609	FALSE	NP:cds-XAJ25419.1	GAT	D	GGT	G	375
NP|PP755592.1|A/cattle/Texas/24-008749-003/2024(H5N1)	1125	T	C	0	0	0	237	133	41	1	237	8.73558e-163	TRUE	NP:cds-XAJ25419.1	GAT	D	GAC	D	375
NP|PP755592.1|A/cattle/Texas/24-008749-003/2024(H5N1)	1129	A	G	250	130	41	3	3	47	0.0118577	253	0.0850613	FALSE	NP:cds-XAJ25419.1	AGT	S	GGT	G	377
NP|PP755592.1|A/cattle/Texas/24-008749-003/2024(H5N1)	1149	C	T	0	0	0	259	129	40	1	259	6.2763e-177	TRUE	NP:cds-XAJ25419.1	AGC	S	AGT	S	383
NP|PP755592.1|A/cattle/Texas/24-008749-003/2024(H5N1)	1275	C	T	0	0	0	241	115	41	1	241	1.21486e-167	TRUE	NP:cds-XAJ25419.1	ATC	I	ATT	I	425
NP|PP755592.1|A/cattle/Texas/24-008749-003/2024(H5N1)	1308	A	G	226	126	41	3	3	68	0.0131004	229	0.0872787	FALSE	NP:cds-XAJ25419.1	AGA	R	AGG	R	436
NP|PP755592.1|A/cattle/Texas/24-008749-003/2024(H5N1)	1319	T	C	213	113	41	3	1	34	0.0138889	216	0.0814447	FALSE	NP:cds-XAJ25419.1	ATG	M	ACG	T	440
NP|PP755592.1|A/cattle/Texas/24-008749-003/2024(H5N1)	1323	A	G	0	0	0	215	115	41	1	215	3.56803e-147	TRUE	NP:cds-XAJ25419.1	AGA	R	AGG	R	441
NP|PP755592.1|A/cattle/Texas/24-008749-003/2024(H5N1)	1417	A	G	185	146	45	2	2	32	0.0106952	187	0.17604	FALSE	NP:cds-XAJ25419.1	AAC	N	GAC	D	473
NP|PP755592.1|A/cattle/Texas/24-008749-003/2024(H5N1)	1432	T	C	167	135	42	2	0	68	0.0118343	169	0.175253	FALSE	NP:cds-XAJ25419.1	TCC	S	CCC	P	478
NP|PP755592.1|A/cattle/Texas/24-008749-003/2024(H5N1)	1445	A	G	0	0	0	144	115	43	1	144	2.51493e-102	TRUE	NP:cds-XAJ25419.1	AAC	N	AGC	S	482
NP|PP755592.1|A/cattle/Texas/24-008749-003/2024(H5N1)	1484	A	G	92	85	37	1	1	34	0.0107527	93	0.469697	FALSE	NP:cds-XAJ25419.1	GAG	E	GGG	G	495
NP|PP755592.1|A/cattle/Texas/24-008749-003/2024(H5N1)	1486	T	C	84	78	37	1	1	34	0.0117647	85	0.467033	FALSE	NP:cds-XAJ25419.1	TAT	Y	CAT	H	496
NP|PP755592.1|A/cattle/Texas/24-008749-003/2024(H5N1)	1490	A	G	82	78	37	1	0	68	0.0120482	83	0.474286	FALSE	NP:cds-XAJ25419.1	GAC	D	GGC	G	497
