REGION	POS	REF	ALT	REF_DP	REF_RV	REF_QUAL	ALT_DP	ALT_RV	ALT_QUAL	ALT_FREQ	TOTAL_DP	PVAL	PASS	GFF_FEATURE	REF_CODON	REF_AA	ALT_CODON	ALT_AA	POS_AA
PB1|PP755595.1|A/cattle/Texas/24-008749-003/2024(H5N1)	29	T	-GAAA	74	17	48	3	0	20	0.011811	254	0.0851592	FALSE	NA	NA	NA	NA	NA	NA
PB1|PP755595.1|A/cattle/Texas/24-008749-003/2024(H5N1)	30	G	A	71	17	49	2	0	20	0.0273973	73	0.21775	FALSE	PB1:cds-XAJ25424.1	TTG	L	TTA	L	10
PB1|PP755595.1|A/cattle/Texas/24-008749-003/2024(H5N1)	318	G	A	1	0	77	506	262	61	0.998028	507	0	TRUE	PB1:cds-XAJ25424.1	TCG	S	TCA	S	106
PB1|PP755595.1|A/cattle/Texas/24-008749-003/2024(H5N1)	318	G	A	1	0	77	506	262	61	0.998028	507	0	TRUE	PB1-F2:cds-XAJ25425.1	CGT	R	CAT	H	75
PB1|PP755595.1|A/cattle/Texas/24-008749-003/2024(H5N1)	498	C	T	0	0	0	484	192	53	1	484	0	TRUE	PB1:cds-XAJ25424.1	TTC	F	TTT	F	166
PB1|PP755595.1|A/cattle/Texas/24-008749-003/2024(H5N1)	936	C	T	0	0	0	500	263	55	1	500	0	TRUE	PB1:cds-XAJ25424.1	AAC	N	AAT	N	312
PB1|PP755595.1|A/cattle/Texas/24-008749-003/2024(H5N1)	1014	C	T	521	247	57	10	5	49	0.0188324	531	7.10364e-05	TRUE	PB1:cds-XAJ25424.1	AGC	S	AGT	S	338
PB1|PP755595.1|A/cattle/Texas/24-008749-003/2024(H5N1)	1160	A	G	572	296	62	6	3	64	0.0103806	578	0.00279357	TRUE	PB1:cds-XAJ25424.1	AAG	K	AGG	R	387
PB1|PP755595.1|A/cattle/Texas/24-008749-003/2024(H5N1)	1722	C	T	0	0	0	1002	467	58	0.999003	1003	0	TRUE	PB1:cds-XAJ25424.1	TTC	F	TTT	F	574
