REGION	POS	REF	ALT	REF_DP	REF_RV	REF_QUAL	ALT_DP	ALT_RV	ALT_QUAL	ALT_FREQ	TOTAL_DP	PVAL	PASS	GFF_FEATURE	REF_CODON	REF_AA	ALT_CODON	ALT_AA	POS_AA
PA|PP755594.1|A/cattle/Texas/24-008749-003/2024(H5N1)	39	T	C	2	0	40	1817	277	42	0.9989	1819	0	TRUE	PA:cds-XAJ25422.1	ATT	I	ATC	I	13
PA|PP755594.1|A/cattle/Texas/24-008749-003/2024(H5N1)	39	T	C	2	0	40	1817	277	42	0.9989	1819	0	TRUE	PA-X:cds-XAJ25423.1	ATT	I	ATC	I	13
PA|PP755594.1|A/cattle/Texas/24-008749-003/2024(H5N1)	54	A	-AAAGC	1800	318	42	646	0	20	0.10528	6136	1.14349e-300	TRUE	NA	NA	NA	NA	NA	NA
PA|PP755594.1|A/cattle/Texas/24-008749-003/2024(H5N1)	56	A	-AGCAAT	1789	310	41	254	0	20	0.0412338	6160	3.13286e-100	TRUE	NA	NA	NA	NA	NA	NA
PA|PP755594.1|A/cattle/Texas/24-008749-003/2024(H5N1)	57	A	G	8	3	40	1709	293	43	0.995341	1717	0	TRUE	PA:cds-XAJ25422.1	AAA	K	AAG	K	19
PA|PP755594.1|A/cattle/Texas/24-008749-003/2024(H5N1)	57	A	G	8	3	40	1709	293	43	0.995341	1717	0	TRUE	PA-X:cds-XAJ25423.1	AAA	K	AAG	K	19
PA|PP755594.1|A/cattle/Texas/24-008749-003/2024(H5N1)	93	G	A	1	0	40	2861	962	45	0.999651	2862	0	TRUE	PA:cds-XAJ25422.1	GAG	E	GAA	E	31
PA|PP755594.1|A/cattle/Texas/24-008749-003/2024(H5N1)	93	G	A	1	0	40	2861	962	45	0.999651	2862	0	TRUE	PA-X:cds-XAJ25423.1	GAG	E	GAA	E	31
PA|PP755594.1|A/cattle/Texas/24-008749-003/2024(H5N1)	95	C	A	0	0	0	2854	958	45	1	2854	0	TRUE	PA:cds-XAJ25422.1	ACA	T	AAA	K	32
PA|PP755594.1|A/cattle/Texas/24-008749-003/2024(H5N1)	95	C	A	0	0	0	2854	958	45	1	2854	0	TRUE	PA-X:cds-XAJ25423.1	ACA	T	AAA	K	32
PA|PP755594.1|A/cattle/Texas/24-008749-003/2024(H5N1)	96	A	T	0	0	0	2858	956	45	0.99965	2859	0	TRUE	PA:cds-XAJ25422.1	ACA	T	ACT	T	32
PA|PP755594.1|A/cattle/Texas/24-008749-003/2024(H5N1)	96	A	T	0	0	0	2858	956	45	0.99965	2859	0	TRUE	PA-X:cds-XAJ25423.1	ACA	T	ACT	T	32
PA|PP755594.1|A/cattle/Texas/24-008749-003/2024(H5N1)	102	A	G	1	0	40	2882	978	43	0.999653	2883	0	TRUE	PA:cds-XAJ25422.1	AAA	K	AAG	K	34
PA|PP755594.1|A/cattle/Texas/24-008749-003/2024(H5N1)	102	A	G	1	0	40	2882	978	43	0.999653	2883	0	TRUE	PA-X:cds-XAJ25423.1	AAA	K	AAG	K	34
PA|PP755594.1|A/cattle/Texas/24-008749-003/2024(H5N1)	105	T	C	1	0	80	2903	1007	45	0.999656	2904	0	TRUE	PA:cds-XAJ25422.1	TTT	F	TTC	F	35
PA|PP755594.1|A/cattle/Texas/24-008749-003/2024(H5N1)	105	T	C	1	0	80	2903	1007	45	0.999656	2904	0	TRUE	PA-X:cds-XAJ25423.1	TTT	F	TTC	F	35
PA|PP755594.1|A/cattle/Texas/24-008749-003/2024(H5N1)	108	C	T	4	2	26	2903	1007	45	0.998624	2907	0	TRUE	PA:cds-XAJ25422.1	GCC	A	GCT	A	36
PA|PP755594.1|A/cattle/Texas/24-008749-003/2024(H5N1)	108	C	T	4	2	26	2903	1007	45	0.998624	2907	0	TRUE	PA-X:cds-XAJ25423.1	GCC	A	GCT	A	36
PA|PP755594.1|A/cattle/Texas/24-008749-003/2024(H5N1)	120	A	T	0	0	0	3823	1499	46	0.996871	3835	0	TRUE	PA:cds-XAJ25422.1	ACA	T	ACT	T	40
PA|PP755594.1|A/cattle/Texas/24-008749-003/2024(H5N1)	120	A	T	0	0	0	3823	1499	46	0.996871	3835	0	TRUE	PA-X:cds-XAJ25423.1	ACA	T	ACT	T	40
PA|PP755594.1|A/cattle/Texas/24-008749-003/2024(H5N1)	123	C	T	1	0	35	3833	1511	45	0.999739	3834	0	TRUE	PA:cds-XAJ25422.1	CAC	H	CAT	H	41
PA|PP755594.1|A/cattle/Texas/24-008749-003/2024(H5N1)	123	C	T	1	0	35	3833	1511	45	0.999739	3834	0	TRUE	PA-X:cds-XAJ25423.1	CAC	H	CAT	H	41
PA|PP755594.1|A/cattle/Texas/24-008749-003/2024(H5N1)	126	A	G	5	0	40	3861	1528	46	0.998707	3866	0	TRUE	PA:cds-XAJ25422.1	TTA	L	TTG	L	42
PA|PP755594.1|A/cattle/Texas/24-008749-003/2024(H5N1)	126	A	G	5	0	40	3861	1528	46	0.998707	3866	0	TRUE	PA-X:cds-XAJ25423.1	TTA	L	TTG	L	42
PA|PP755594.1|A/cattle/Texas/24-008749-003/2024(H5N1)	159	T	C	0	0	0	3872	1935	42	1	3872	0	TRUE	PA:cds-XAJ25422.1	TTT	F	TTC	F	53
PA|PP755594.1|A/cattle/Texas/24-008749-003/2024(H5N1)	159	T	C	0	0	0	3872	1935	42	1	3872	0	TRUE	PA-X:cds-XAJ25423.1	TTT	F	TTC	F	53
PA|PP755594.1|A/cattle/Texas/24-008749-003/2024(H5N1)	165	C	T	7	5	45	3528	1758	46	0.997738	3536	0	TRUE	PA:cds-XAJ25422.1	GAC	D	GAT	D	55
PA|PP755594.1|A/cattle/Texas/24-008749-003/2024(H5N1)	165	C	T	7	5	45	3528	1758	46	0.997738	3536	0	TRUE	PA-X:cds-XAJ25423.1	GAC	D	GAT	D	55
PA|PP755594.1|A/cattle/Texas/24-008749-003/2024(H5N1)	171	A	G	14	6	46	3172	1666	45	0.995606	3186	0	TRUE	PA:cds-XAJ25422.1	CGA	R	CGG	R	57
PA|PP755594.1|A/cattle/Texas/24-008749-003/2024(H5N1)	171	A	G	14	6	46	3172	1666	45	0.995606	3186	0	TRUE	PA-X:cds-XAJ25423.1	CGA	R	CGG	R	57
PA|PP755594.1|A/cattle/Texas/24-008749-003/2024(H5N1)	183	G	A	3	1	40	2312	1257	45	0.998704	2315	0	TRUE	PA:cds-XAJ25422.1	ATG	M	ATA	I	61
PA|PP755594.1|A/cattle/Texas/24-008749-003/2024(H5N1)	183	G	A	3	1	40	2312	1257	45	0.998704	2315	0	TRUE	PA-X:cds-XAJ25423.1	ATG	M	ATA	I	61
PA|PP755594.1|A/cattle/Texas/24-008749-003/2024(H5N1)	189	A	G	5	1	36	2267	1217	45	0.997799	2272	0	TRUE	PA:cds-XAJ25422.1	GTA	V	GTG	V	63
PA|PP755594.1|A/cattle/Texas/24-008749-003/2024(H5N1)	189	A	G	5	1	36	2267	1217	45	0.997799	2272	0	TRUE	PA-X:cds-XAJ25423.1	GTA	V	GTG	V	63
PA|PP755594.1|A/cattle/Texas/24-008749-003/2024(H5N1)	204	A	T	0	0	0	1444	772	44	1	1444	0	TRUE	PA:cds-XAJ25422.1	CCA	P	CCT	P	68
PA|PP755594.1|A/cattle/Texas/24-008749-003/2024(H5N1)	204	A	T	0	0	0	1444	772	44	1	1444	0	TRUE	PA-X:cds-XAJ25423.1	CCA	P	CCT	P	68
PA|PP755594.1|A/cattle/Texas/24-008749-003/2024(H5N1)	211	T	C	0	0	0	1137	596	43	1	1137	0	TRUE	PA:cds-XAJ25422.1	TTA	L	CTA	L	71
PA|PP755594.1|A/cattle/Texas/24-008749-003/2024(H5N1)	211	T	C	0	0	0	1137	596	43	1	1137	0	TRUE	PA-X:cds-XAJ25423.1	TTA	L	CTA	L	71
PA|PP755594.1|A/cattle/Texas/24-008749-003/2024(H5N1)	214	T	C	1	1	40	1088	602	40	0.998165	1090	0	TRUE	PA:cds-XAJ25422.1	TTG	L	CTG	L	72
PA|PP755594.1|A/cattle/Texas/24-008749-003/2024(H5N1)	214	T	C	1	1	40	1088	602	40	0.998165	1090	0	TRUE	PA-X:cds-XAJ25423.1	TTG	L	CTG	L	72
PA|PP755594.1|A/cattle/Texas/24-008749-003/2024(H5N1)	219	A	G	1	0	40	1088	596	43	0.999082	1089	0	TRUE	PA:cds-XAJ25422.1	AAA	K	AAG	K	73
PA|PP755594.1|A/cattle/Texas/24-008749-003/2024(H5N1)	219	A	G	1	0	40	1088	596	43	0.999082	1089	0	TRUE	PA-X:cds-XAJ25423.1	AAA	K	AAG	K	73
PA|PP755594.1|A/cattle/Texas/24-008749-003/2024(H5N1)	222	C	T	0	0	0	1086	600	43	1	1086	0	TRUE	PA:cds-XAJ25422.1	CAC	H	CAT	H	74
PA|PP755594.1|A/cattle/Texas/24-008749-003/2024(H5N1)	222	C	T	0	0	0	1086	600	43	1	1086	0	TRUE	PA-X:cds-XAJ25423.1	CAC	H	CAT	H	74
PA|PP755594.1|A/cattle/Texas/24-008749-003/2024(H5N1)	237	C	T	2	1	31	1232	657	44	0.998379	1234	0	TRUE	PA:cds-XAJ25422.1	ATC	I	ATT	I	79
PA|PP755594.1|A/cattle/Texas/24-008749-003/2024(H5N1)	237	C	T	2	1	31	1232	657	44	0.998379	1234	0	TRUE	PA-X:cds-XAJ25423.1	ATC	I	ATT	I	79
PA|PP755594.1|A/cattle/Texas/24-008749-003/2024(H5N1)	243	G	A	0	0	0	1169	622	44	1	1169	0	TRUE	PA:cds-XAJ25422.1	GGG	G	GGA	G	81
PA|PP755594.1|A/cattle/Texas/24-008749-003/2024(H5N1)	243	G	A	0	0	0	1169	622	44	1	1169	0	TRUE	PA-X:cds-XAJ25423.1	GGG	G	GGA	G	81
PA|PP755594.1|A/cattle/Texas/24-008749-003/2024(H5N1)	245	G	T	915	348	39	17	17	25	0.0182403	932	0.0486047	FALSE	PA:cds-XAJ25422.1	AGA	R	ATA	I	82
PA|PP755594.1|A/cattle/Texas/24-008749-003/2024(H5N1)	245	G	T	915	348	39	17	17	25	0.0182403	932	0.0486047	FALSE	PA-X:cds-XAJ25423.1	AGA	R	ATA	I	82
PA|PP755594.1|A/cattle/Texas/24-008749-003/2024(H5N1)	250	C	A	0	0	0	1157	600	44	0.999136	1158	0	TRUE	PA:cds-XAJ25422.1	CGA	R	AGA	R	84
PA|PP755594.1|A/cattle/Texas/24-008749-003/2024(H5N1)	250	C	A	0	0	0	1157	600	44	0.999136	1158	0	TRUE	PA-X:cds-XAJ25423.1	CGA	R	AGA	R	84
PA|PP755594.1|A/cattle/Texas/24-008749-003/2024(H5N1)	253	G	A	3	3	40	1156	615	44	0.994836	1162	0	TRUE	PA:cds-XAJ25422.1	GCA	A	ACA	T	85
PA|PP755594.1|A/cattle/Texas/24-008749-003/2024(H5N1)	253	G	A	3	3	40	1156	615	44	0.994836	1162	0	TRUE	PA-X:cds-XAJ25423.1	GCA	A	ACA	T	85
PA|PP755594.1|A/cattle/Texas/24-008749-003/2024(H5N1)	273	G	A	1	1	40	929	501	43	0.997852	931	0	TRUE	PA:cds-XAJ25422.1	GTG	V	GTA	V	91
PA|PP755594.1|A/cattle/Texas/24-008749-003/2024(H5N1)	273	G	A	1	1	40	929	501	43	0.997852	931	0	TRUE	PA-X:cds-XAJ25423.1	GTG	V	GTA	V	91
PA|PP755594.1|A/cattle/Texas/24-008749-003/2024(H5N1)	279	T	C	1	0	40	803	403	44	0.998756	804	0	TRUE	PA:cds-XAJ25422.1	AGT	S	AGC	S	93
PA|PP755594.1|A/cattle/Texas/24-008749-003/2024(H5N1)	279	T	C	1	0	40	803	403	44	0.998756	804	0	TRUE	PA-X:cds-XAJ25423.1	AGT	S	AGC	S	93
PA|PP755594.1|A/cattle/Texas/24-008749-003/2024(H5N1)	294	A	G	0	0	0	687	333	43	1	687	0	TRUE	PA:cds-XAJ25422.1	ACA	T	ACG	T	98
PA|PP755594.1|A/cattle/Texas/24-008749-003/2024(H5N1)	294	A	G	0	0	0	687	333	43	1	687	0	TRUE	PA-X:cds-XAJ25423.1	ACA	T	ACG	T	98
PA|PP755594.1|A/cattle/Texas/24-008749-003/2024(H5N1)	297	G	A	0	0	0	685	334	44	1	685	0	TRUE	PA:cds-XAJ25422.1	GGG	G	GGA	G	99
PA|PP755594.1|A/cattle/Texas/24-008749-003/2024(H5N1)	297	G	A	0	0	0	685	334	44	1	685	0	TRUE	PA-X:cds-XAJ25423.1	GGG	G	GGA	G	99
PA|PP755594.1|A/cattle/Texas/24-008749-003/2024(H5N1)	303	A	G	1	0	40	680	332	43	0.998532	681	0	TRUE	PA:cds-XAJ25422.1	GAA	E	GAG	E	101
PA|PP755594.1|A/cattle/Texas/24-008749-003/2024(H5N1)	303	A	G	1	0	40	680	332	43	0.998532	681	0	TRUE	PA-X:cds-XAJ25423.1	GAA	E	GAG	E	101
PA|PP755594.1|A/cattle/Texas/24-008749-003/2024(H5N1)	312	A	G	1	0	40	662	334	42	0.998492	663	0	TRUE	PA:cds-XAJ25422.1	AAA	K	AAG	K	104
PA|PP755594.1|A/cattle/Texas/24-008749-003/2024(H5N1)	312	A	G	1	0	40	662	334	42	0.998492	663	0	TRUE	PA-X:cds-XAJ25423.1	AAA	K	AAG	K	104
PA|PP755594.1|A/cattle/Texas/24-008749-003/2024(H5N1)	318	C	T	0	0	0	592	300	42	1	592	0	TRUE	PA:cds-XAJ25422.1	CTC	L	CTT	L	106
PA|PP755594.1|A/cattle/Texas/24-008749-003/2024(H5N1)	318	C	T	0	0	0	592	300	42	1	592	0	TRUE	PA-X:cds-XAJ25423.1	CTC	L	CTT	L	106
PA|PP755594.1|A/cattle/Texas/24-008749-003/2024(H5N1)	333	C	T	0	0	0	383	198	41	1	383	1.49295e-238	TRUE	PA:cds-XAJ25422.1	GAC	D	GAT	D	111
PA|PP755594.1|A/cattle/Texas/24-008749-003/2024(H5N1)	333	C	T	0	0	0	383	198	41	1	383	1.49295e-238	TRUE	PA-X:cds-XAJ25423.1	GAC	D	GAT	D	111
PA|PP755594.1|A/cattle/Texas/24-008749-003/2024(H5N1)	338	G	A	0	0	0	383	201	41	1	383	2.07465e-237	TRUE	PA:cds-XAJ25422.1	AGA	R	AAA	K	113
PA|PP755594.1|A/cattle/Texas/24-008749-003/2024(H5N1)	338	G	A	0	0	0	383	201	41	1	383	2.07465e-237	TRUE	PA-X:cds-XAJ25423.1	AGA	R	AAA	K	113
PA|PP755594.1|A/cattle/Texas/24-008749-003/2024(H5N1)	339	A	G	0	0	0	381	199	41	1	381	8.88351e-237	TRUE	PA:cds-XAJ25422.1	AGA	R	AGG	R	113
PA|PP755594.1|A/cattle/Texas/24-008749-003/2024(H5N1)	339	A	G	0	0	0	381	199	41	1	381	8.88351e-237	TRUE	PA-X:cds-XAJ25423.1	AGA	R	AGG	R	113
PA|PP755594.1|A/cattle/Texas/24-008749-003/2024(H5N1)	346	A	C	0	0	0	375	199	41	1	375	9.79817e-234	TRUE	PA:cds-XAJ25422.1	AGA	R	CGA	R	116
PA|PP755594.1|A/cattle/Texas/24-008749-003/2024(H5N1)	346	A	C	0	0	0	375	199	41	1	375	9.79817e-234	TRUE	PA-X:cds-XAJ25423.1	AGA	R	CGA	R	116
PA|PP755594.1|A/cattle/Texas/24-008749-003/2024(H5N1)	357	A	G	2	1	52	328	184	41	0.993939	330	3.90977e-198	TRUE	PA:cds-XAJ25422.1	GAA	E	GAG	E	119
PA|PP755594.1|A/cattle/Texas/24-008749-003/2024(H5N1)	357	A	G	2	1	52	328	184	41	0.993939	330	3.90977e-198	TRUE	PA-X:cds-XAJ25423.1	GAA	E	GAG	E	119
PA|PP755594.1|A/cattle/Texas/24-008749-003/2024(H5N1)	366	A	T	0	0	0	9	8	40	1	9	4.11353e-05	TRUE	PA:cds-XAJ25422.1	GTA	V	GTT	V	122
PA|PP755594.1|A/cattle/Texas/24-008749-003/2024(H5N1)	366	A	T	0	0	0	9	8	40	1	9	4.11353e-05	TRUE	PA-X:cds-XAJ25423.1	GTA	V	GTT	V	122
PA|PP755594.1|A/cattle/Texas/24-008749-003/2024(H5N1)	369	G	A	1	0	40	8	8	40	0.888889	9	0.000370218	TRUE	PA:cds-XAJ25422.1	ACG	T	ACA	T	123
PA|PP755594.1|A/cattle/Texas/24-008749-003/2024(H5N1)	369	G	A	1	0	40	8	8	40	0.888889	9	0.000370218	TRUE	PA-X:cds-XAJ25423.1	ACG	T	ACA	T	123
PA|PP755594.1|A/cattle/Texas/24-008749-003/2024(H5N1)	372	A	G	0	0	0	8	8	40	1	8	0.0001554	TRUE	PA:cds-XAJ25422.1	CGA	R	CGG	R	124
PA|PP755594.1|A/cattle/Texas/24-008749-003/2024(H5N1)	372	A	G	0	0	0	8	8	40	1	8	0.0001554	TRUE	PA-X:cds-XAJ25423.1	CGA	R	CGG	R	124
PA|PP755594.1|A/cattle/Texas/24-008749-003/2024(H5N1)	375	G	A	1	1	40	7	7	40	0.875	8	0.0012432	TRUE	PA:cds-XAJ25422.1	AGG	R	AGA	R	125
PA|PP755594.1|A/cattle/Texas/24-008749-003/2024(H5N1)	375	G	A	1	1	40	7	7	40	0.875	8	0.0012432	TRUE	PA-X:cds-XAJ25423.1	AGG	R	AGA	R	125
PA|PP755594.1|A/cattle/Texas/24-008749-003/2024(H5N1)	378	A	G	0	0	0	8	8	40	1	8	0.0001554	TRUE	PA:cds-XAJ25422.1	GAA	E	GAG	E	126
PA|PP755594.1|A/cattle/Texas/24-008749-003/2024(H5N1)	378	A	G	0	0	0	8	8	40	1	8	0.0001554	TRUE	PA-X:cds-XAJ25423.1	GAA	E	GAG	E	126
PA|PP755594.1|A/cattle/Texas/24-008749-003/2024(H5N1)	381	T	C	0	0	0	8	8	40	1	8	0.0001554	TRUE	PA:cds-XAJ25422.1	GTT	V	GTC	V	127
PA|PP755594.1|A/cattle/Texas/24-008749-003/2024(H5N1)	381	T	C	0	0	0	8	8	40	1	8	0.0001554	TRUE	PA-X:cds-XAJ25423.1	GTT	V	GTC	V	127
PA|PP755594.1|A/cattle/Texas/24-008749-003/2024(H5N1)	384	C	T	0	0	0	8	8	38	1	8	0.0001554	TRUE	PA:cds-XAJ25422.1	CAC	H	CAT	H	128
PA|PP755594.1|A/cattle/Texas/24-008749-003/2024(H5N1)	384	C	T	0	0	0	8	8	38	1	8	0.0001554	TRUE	PA-X:cds-XAJ25423.1	CAC	H	CAT	H	128
PA|PP755594.1|A/cattle/Texas/24-008749-003/2024(H5N1)	390	C	T	0	0	0	8	8	40	1	8	0.0001554	TRUE	PA:cds-XAJ25422.1	TAC	Y	TAT	Y	130
PA|PP755594.1|A/cattle/Texas/24-008749-003/2024(H5N1)	390	C	T	0	0	0	8	8	40	1	8	0.0001554	TRUE	PA-X:cds-XAJ25423.1	TAC	Y	TAT	Y	130
PA|PP755594.1|A/cattle/Texas/24-008749-003/2024(H5N1)	393	T	C	0	0	0	8	8	40	1	8	0.0001554	TRUE	PA:cds-XAJ25422.1	TAT	Y	TAC	Y	131
PA|PP755594.1|A/cattle/Texas/24-008749-003/2024(H5N1)	393	T	C	0	0	0	8	8	40	1	8	0.0001554	TRUE	PA-X:cds-XAJ25423.1	TAT	Y	TAC	Y	131
PA|PP755594.1|A/cattle/Texas/24-008749-003/2024(H5N1)	394	T	C	0	0	0	8	8	40	1	8	0.0001554	TRUE	PA:cds-XAJ25422.1	TTG	L	CTG	L	132
PA|PP755594.1|A/cattle/Texas/24-008749-003/2024(H5N1)	394	T	C	0	0	0	8	8	40	1	8	0.0001554	TRUE	PA-X:cds-XAJ25423.1	TTG	L	CTG	L	132
PA|PP755594.1|A/cattle/Texas/24-008749-003/2024(H5N1)	396	G	A	1	1	40	7	7	40	0.875	8	0.0012432	TRUE	PA:cds-XAJ25422.1	TTG	L	TTA	L	132
PA|PP755594.1|A/cattle/Texas/24-008749-003/2024(H5N1)	396	G	A	1	1	40	7	7	40	0.875	8	0.0012432	TRUE	PA-X:cds-XAJ25423.1	TTG	L	TTA	L	132
PA|PP755594.1|A/cattle/Texas/24-008749-003/2024(H5N1)	399	A	G	0	0	0	15	8	31	1	15	6.44673e-09	TRUE	PA:cds-XAJ25422.1	GAA	E	GAG	E	133
PA|PP755594.1|A/cattle/Texas/24-008749-003/2024(H5N1)	399	A	G	0	0	0	15	8	31	1	15	6.44673e-09	TRUE	PA-X:cds-XAJ25423.1	GAA	E	GAG	E	133
PA|PP755594.1|A/cattle/Texas/24-008749-003/2024(H5N1)	420	A	C	0	0	0	563	359	47	0.998227	564	0	TRUE	PA:cds-XAJ25422.1	TCA	S	TCC	S	140
PA|PP755594.1|A/cattle/Texas/24-008749-003/2024(H5N1)	420	A	C	0	0	0	563	359	47	0.998227	564	0	TRUE	PA-X:cds-XAJ25423.1	TCA	S	TCC	S	140
PA|PP755594.1|A/cattle/Texas/24-008749-003/2024(H5N1)	426	A	G	3	1	40	536	336	45	0.994434	539	0	TRUE	PA:cds-XAJ25422.1	AAA	K	AAG	K	142
PA|PP755594.1|A/cattle/Texas/24-008749-003/2024(H5N1)	426	A	G	3	1	40	536	336	45	0.994434	539	0	TRUE	PA-X:cds-XAJ25423.1	AAA	K	AAG	K	142
PA|PP755594.1|A/cattle/Texas/24-008749-003/2024(H5N1)	432	T	C	0	0	0	552	353	44	1	552	0	TRUE	PA:cds-XAJ25422.1	CAT	H	CAC	H	144
PA|PP755594.1|A/cattle/Texas/24-008749-003/2024(H5N1)	432	T	C	0	0	0	552	353	44	1	552	0	TRUE	PA-X:cds-XAJ25423.1	CAT	H	CAC	H	144
PA|PP755594.1|A/cattle/Texas/24-008749-003/2024(H5N1)	435	T	C	0	0	0	555	356	44	1	555	0	TRUE	PA:cds-XAJ25422.1	ATT	I	ATC	I	145
PA|PP755594.1|A/cattle/Texas/24-008749-003/2024(H5N1)	435	T	C	0	0	0	555	356	44	1	555	0	TRUE	PA-X:cds-XAJ25423.1	ATT	I	ATC	I	145
PA|PP755594.1|A/cattle/Texas/24-008749-003/2024(H5N1)	441	A	C	0	0	0	572	348	46	1	572	0	TRUE	PA:cds-XAJ25422.1	ATA	I	ATC	I	147
PA|PP755594.1|A/cattle/Texas/24-008749-003/2024(H5N1)	441	A	C	0	0	0	572	348	46	1	572	0	TRUE	PA-X:cds-XAJ25423.1	ATA	I	ATC	I	147
PA|PP755594.1|A/cattle/Texas/24-008749-003/2024(H5N1)	450	C	T	0	0	0	567	341	46	1	567	0	TRUE	PA:cds-XAJ25422.1	TTC	F	TTT	F	150
PA|PP755594.1|A/cattle/Texas/24-008749-003/2024(H5N1)	450	C	T	0	0	0	567	341	46	1	567	0	TRUE	PA-X:cds-XAJ25423.1	TTC	F	TTT	F	150
PA|PP755594.1|A/cattle/Texas/24-008749-003/2024(H5N1)	459	G	A	2	2	40	557	338	46	0.996422	559	0	TRUE	PA:cds-XAJ25422.1	GAG	E	GAA	E	153
PA|PP755594.1|A/cattle/Texas/24-008749-003/2024(H5N1)	459	G	A	2	2	40	557	338	46	0.996422	559	0	TRUE	PA-X:cds-XAJ25423.1	GAG	E	GAA	E	153
PA|PP755594.1|A/cattle/Texas/24-008749-003/2024(H5N1)	471	C	T	0	0	0	543	300	46	1	543	0	TRUE	PA:cds-XAJ25422.1	ACC	T	ACT	T	157
PA|PP755594.1|A/cattle/Texas/24-008749-003/2024(H5N1)	471	C	T	0	0	0	543	300	46	1	543	0	TRUE	PA-X:cds-XAJ25423.1	ACC	T	ACT	T	157
PA|PP755594.1|A/cattle/Texas/24-008749-003/2024(H5N1)	474	G	A	0	0	0	545	306	46	1	545	0	TRUE	PA:cds-XAJ25422.1	AAG	K	AAA	K	158
PA|PP755594.1|A/cattle/Texas/24-008749-003/2024(H5N1)	474	G	A	0	0	0	545	306	46	1	545	0	TRUE	PA-X:cds-XAJ25423.1	AAG	K	AAA	K	158
PA|PP755594.1|A/cattle/Texas/24-008749-003/2024(H5N1)	477	G	A	0	0	0	549	304	47	1	549	0	TRUE	PA:cds-XAJ25422.1	GCG	A	GCA	A	159
PA|PP755594.1|A/cattle/Texas/24-008749-003/2024(H5N1)	477	G	A	0	0	0	549	304	47	1	549	0	TRUE	PA-X:cds-XAJ25423.1	GCG	A	GCA	A	159
PA|PP755594.1|A/cattle/Texas/24-008749-003/2024(H5N1)	492	T	C	0	0	0	537	257	45	1	537	0	TRUE	PA:cds-XAJ25422.1	GAT	D	GAC	D	164
PA|PP755594.1|A/cattle/Texas/24-008749-003/2024(H5N1)	492	T	C	0	0	0	537	257	45	1	537	0	TRUE	PA-X:cds-XAJ25423.1	GAT	D	GAC	D	164
PA|PP755594.1|A/cattle/Texas/24-008749-003/2024(H5N1)	498	G	A	0	0	0	561	271	46	1	561	0	TRUE	PA:cds-XAJ25422.1	GAG	E	GAA	E	166
PA|PP755594.1|A/cattle/Texas/24-008749-003/2024(H5N1)	498	G	A	0	0	0	561	271	46	1	561	0	TRUE	PA-X:cds-XAJ25423.1	GAG	E	GAA	E	166
PA|PP755594.1|A/cattle/Texas/24-008749-003/2024(H5N1)	510	A	G	0	0	0	543	261	45	1	543	0	TRUE	PA:cds-XAJ25422.1	AGA	R	AGG	R	170
PA|PP755594.1|A/cattle/Texas/24-008749-003/2024(H5N1)	510	A	G	0	0	0	543	261	45	1	543	0	TRUE	PA-X:cds-XAJ25423.1	AGA	R	AGG	R	170
PA|PP755594.1|A/cattle/Texas/24-008749-003/2024(H5N1)	513	A	T	0	0	0	534	267	44	1	534	0	TRUE	PA:cds-XAJ25422.1	ATA	I	ATT	I	171
PA|PP755594.1|A/cattle/Texas/24-008749-003/2024(H5N1)	513	A	T	0	0	0	534	267	44	1	534	0	TRUE	PA-X:cds-XAJ25423.1	ATA	I	ATT	I	171
PA|PP755594.1|A/cattle/Texas/24-008749-003/2024(H5N1)	522	A	G	0	0	0	556	265	45	1	556	0	TRUE	PA:cds-XAJ25422.1	AGA	R	AGG	R	174
PA|PP755594.1|A/cattle/Texas/24-008749-003/2024(H5N1)	522	A	G	0	0	0	556	265	45	1	556	0	TRUE	PA-X:cds-XAJ25423.1	AGA	R	AGG	R	174
PA|PP755594.1|A/cattle/Texas/24-008749-003/2024(H5N1)	525	G	A	0	0	0	562	267	45	1	562	0	TRUE	PA:cds-XAJ25422.1	CTG	L	CTA	L	175
PA|PP755594.1|A/cattle/Texas/24-008749-003/2024(H5N1)	525	G	A	0	0	0	562	267	45	1	562	0	TRUE	PA-X:cds-XAJ25423.1	CTG	L	CTA	L	175
PA|PP755594.1|A/cattle/Texas/24-008749-003/2024(H5N1)	552	T	C	0	0	0	566	236	45	1	566	0	TRUE	PA:cds-XAJ25422.1	AGT	S	AGC	S	184
PA|PP755594.1|A/cattle/Texas/24-008749-003/2024(H5N1)	552	T	C	0	0	0	566	236	45	1	566	0	TRUE	PA-X:cds-XAJ25423.1	AGT	S	AGC	S	184
PA|PP755594.1|A/cattle/Texas/24-008749-003/2024(H5N1)	555	A	G	0	0	0	556	228	44	1	556	0	TRUE	PA:cds-XAJ25422.1	AGA	R	AGG	R	185
PA|PP755594.1|A/cattle/Texas/24-008749-003/2024(H5N1)	555	A	G	0	0	0	556	228	44	1	556	0	TRUE	PA-X:cds-XAJ25423.1	AGA	R	AGG	R	185
PA|PP755594.1|A/cattle/Texas/24-008749-003/2024(H5N1)	579	A	G	0	0	0	601	204	47	1	601	0	TRUE	PA:cds-XAJ25422.1	CAA	Q	CAG	Q	193
PA|PP755594.1|A/cattle/Texas/24-008749-003/2024(H5N1)	579	A	G	0	0	0	601	204	47	1	601	0	TRUE	PA-X:cds-XAJ25423.1	AAT	N	AGT	S	3
PA|PP755594.1|A/cattle/Texas/24-008749-003/2024(H5N1)	585	G	A	0	0	0	596	219	48	1	596	0	TRUE	PA:cds-XAJ25422.1	GAG	E	GAA	E	195
PA|PP755594.1|A/cattle/Texas/24-008749-003/2024(H5N1)	585	G	A	0	0	0	596	219	48	1	596	0	TRUE	PA-X:cds-XAJ25423.1	AGA	R	AAA	K	5
PA|PP755594.1|A/cattle/Texas/24-008749-003/2024(H5N1)	655	A	C	0	0	0	607	266	47	1	607	0	TRUE	PA:cds-XAJ25422.1	ATT	I	CTT	L	219
PA|PP755594.1|A/cattle/Texas/24-008749-003/2024(H5N1)	655	A	C	0	0	0	607	266	47	1	607	0	TRUE	PA-X:cds-XAJ25423.1	GTA	V	GTC	V	28
PA|PP755594.1|A/cattle/Texas/24-008749-003/2024(H5N1)	657	T	C	1	1	40	547	268	42	0.994545	550	0	TRUE	PA:cds-XAJ25422.1	ATT	I	ATC	I	219
PA|PP755594.1|A/cattle/Texas/24-008749-003/2024(H5N1)	657	T	C	1	1	40	547	268	42	0.994545	550	0	TRUE	PA-X:cds-XAJ25423.1	TTC	F	TCC	S	29
PA|PP755594.1|A/cattle/Texas/24-008749-003/2024(H5N1)	671	C	A	526	296	42	7	0	24	0.0131332	533	0.316393	FALSE	PA:cds-XAJ25422.1	TCC	S	TAC	Y	224
PA|PP755594.1|A/cattle/Texas/24-008749-003/2024(H5N1)	671	C	A	526	296	42	7	0	24	0.0131332	533	0.316393	FALSE	PA-X:cds-XAJ25423.1	CCA	P	ACA	T	34
PA|PP755594.1|A/cattle/Texas/24-008749-003/2024(H5N1)	750	A	C	0	0	0	605	283	46	1	605	0	TRUE	PA:cds-XAJ25422.1	TCA	S	TCC	S	250
PA|PP755594.1|A/cattle/Texas/24-008749-003/2024(H5N1)	750	A	C	0	0	0	605	283	46	1	605	0	TRUE	PA-X:cds-XAJ25423.1	CAA	Q	CCA	P	60
PA|PP755594.1|A/cattle/Texas/24-008749-003/2024(H5N1)	756	G	A	0	0	0	598	277	46	1	598	0	TRUE	PA:cds-XAJ25422.1	GAG	E	GAA	E	252
PA|PP755594.1|A/cattle/Texas/24-008749-003/2024(H5N1)	756	G	A	0	0	0	598	277	46	1	598	0	TRUE	PA-X:cds-XAJ25423.1	AGG	R	AAG	K	62
PA|PP755594.1|A/cattle/Texas/24-008749-003/2024(H5N1)	774	G	A	0	0	0	653	400	51	1	653	0	TRUE	PA:cds-XAJ25422.1	GAG	E	GAA	E	258
PA|PP755594.1|A/cattle/Texas/24-008749-003/2024(H5N1)	781	C	T	0	0	0	659	417	49	1	659	0	TRUE	PA:cds-XAJ25422.1	CTG	L	TTG	L	261
PA|PP755594.1|A/cattle/Texas/24-008749-003/2024(H5N1)	806	G	A	0	0	0	635	371	46	1	635	0	TRUE	PA:cds-XAJ25422.1	AGA	R	AAA	K	269
PA|PP755594.1|A/cattle/Texas/24-008749-003/2024(H5N1)	810	A	G	1	0	40	609	356	48	0.998361	610	0	TRUE	PA:cds-XAJ25422.1	TTA	L	TTG	L	270
PA|PP755594.1|A/cattle/Texas/24-008749-003/2024(H5N1)	822	T	C	0	0	0	598	358	47	1	598	0	TRUE	PA:cds-XAJ25422.1	CCT	P	CCC	P	274
PA|PP755594.1|A/cattle/Texas/24-008749-003/2024(H5N1)	828	T	C	0	0	0	534	295	48	1	534	0	TRUE	PA:cds-XAJ25422.1	TGT	C	TGC	C	276
PA|PP755594.1|A/cattle/Texas/24-008749-003/2024(H5N1)	829	C	T	0	0	0	534	294	48	1	534	0	TRUE	PA:cds-XAJ25422.1	CCT	P	TCT	S	277
PA|PP755594.1|A/cattle/Texas/24-008749-003/2024(H5N1)	840	G	A	0	0	0	455	271	45	1	455	1.70531e-300	TRUE	PA:cds-XAJ25422.1	TCG	S	TCA	S	280
PA|PP755594.1|A/cattle/Texas/24-008749-003/2024(H5N1)	843	G	A	1	0	40	453	278	45	0.997797	454	1.78277e-293	TRUE	PA:cds-XAJ25422.1	AAG	K	AAA	K	281
PA|PP755594.1|A/cattle/Texas/24-008749-003/2024(H5N1)	846	C	T	0	0	0	455	282	45	1	455	2.00508e-291	TRUE	PA:cds-XAJ25422.1	TTC	F	TTT	F	282
PA|PP755594.1|A/cattle/Texas/24-008749-003/2024(H5N1)	847	T	C	0	0	0	446	282	44	1	446	1.97487e-288	TRUE	PA:cds-XAJ25422.1	TTG	L	CTG	L	283
PA|PP755594.1|A/cattle/Texas/24-008749-003/2024(H5N1)	861	C	T	2	2	40	349	236	42	0.994302	351	2.92904e-215	TRUE	PA:cds-XAJ25422.1	GCC	A	GCT	A	287
PA|PP755594.1|A/cattle/Texas/24-008749-003/2024(H5N1)	862	C	T	0	0	0	354	241	42	1	354	4.33138e-221	TRUE	PA:cds-XAJ25422.1	CTT	L	TTT	F	288
PA|PP755594.1|A/cattle/Texas/24-008749-003/2024(H5N1)	864	T	G	0	0	0	356	242	42	1	356	1.00099e-221	TRUE	PA:cds-XAJ25422.1	CTT	L	CTG	L	288
PA|PP755594.1|A/cattle/Texas/24-008749-003/2024(H5N1)	867	G	A	0	0	0	358	244	42	1	358	1.252e-224	TRUE	PA:cds-XAJ25422.1	AAG	K	AAA	K	289
PA|PP755594.1|A/cattle/Texas/24-008749-003/2024(H5N1)	870	G	A	0	0	0	366	245	42	1	366	2.57351e-228	TRUE	PA:cds-XAJ25422.1	TTG	L	TTA	L	290
PA|PP755594.1|A/cattle/Texas/24-008749-003/2024(H5N1)	876	C	T	0	0	0	566	339	44	1	566	0	TRUE	PA:cds-XAJ25422.1	ATC	I	ATT	I	292
PA|PP755594.1|A/cattle/Texas/24-008749-003/2024(H5N1)	885	T	A	0	0	0	591	356	45	1	591	0	TRUE	PA:cds-XAJ25422.1	CCT	P	CCA	P	295
PA|PP755594.1|A/cattle/Texas/24-008749-003/2024(H5N1)	897	G	A	2	2	32	595	356	46	0.99665	597	0	TRUE	PA:cds-XAJ25422.1	GGG	G	GGA	G	299
PA|PP755594.1|A/cattle/Texas/24-008749-003/2024(H5N1)	903	C	G	0	0	0	595	360	45	1	595	0	TRUE	PA:cds-XAJ25422.1	GGC	G	GGG	G	301
PA|PP755594.1|A/cattle/Texas/24-008749-003/2024(H5N1)	909	G	A	0	0	0	690	309	44	1	690	0	TRUE	PA:cds-XAJ25422.1	CCG	P	CCA	P	303
PA|PP755594.1|A/cattle/Texas/24-008749-003/2024(H5N1)	915	T	C	0	0	0	662	251	46	1	662	0	TRUE	PA:cds-XAJ25422.1	TAT	Y	TAC	Y	305
PA|PP755594.1|A/cattle/Texas/24-008749-003/2024(H5N1)	945	T	C	1	1	40	606	249	44	0.996711	608	0	TRUE	PA:cds-XAJ25422.1	TTT	F	TTC	F	315
PA|PP755594.1|A/cattle/Texas/24-008749-003/2024(H5N1)	963	C	T	1	1	40	385	129	43	0.997409	386	5.41134e-240	TRUE	PA:cds-XAJ25422.1	AAC	N	AAT	N	321
PA|PP755594.1|A/cattle/Texas/24-008749-003/2024(H5N1)	964	A	G	1	0	40	383	129	43	0.997396	384	1.64519e-238	TRUE	PA:cds-XAJ25422.1	ATC	I	GTC	V	322
PA|PP755594.1|A/cattle/Texas/24-008749-003/2024(H5N1)	966	C	A	0	0	0	385	132	42	1	385	1.86221e-241	TRUE	PA:cds-XAJ25422.1	ATC	I	ATA	I	322
PA|PP755594.1|A/cattle/Texas/24-008749-003/2024(H5N1)	967	G	A	0	0	0	387	131	42	1	387	4.26621e-242	TRUE	PA:cds-XAJ25422.1	GTA	V	ATA	I	323
PA|PP755594.1|A/cattle/Texas/24-008749-003/2024(H5N1)	969	A	C	0	0	0	388	132	43	1	388	2.04609e-242	TRUE	PA:cds-XAJ25422.1	GTA	V	GTC	V	323
PA|PP755594.1|A/cattle/Texas/24-008749-003/2024(H5N1)	972	G	A	1	1	40	385	130	43	0.997409	386	3.75885e-239	TRUE	PA:cds-XAJ25422.1	AAG	K	AAA	K	324
PA|PP755594.1|A/cattle/Texas/24-008749-003/2024(H5N1)	975	G	A	1	0	80	386	137	42	0.997416	387	6.58575e-247	TRUE	PA:cds-XAJ25422.1	CCG	P	CCA	P	325
PA|PP755594.1|A/cattle/Texas/24-008749-003/2024(H5N1)	981	G	A	0	0	0	424	154	43	0.997647	425	2.97176e-270	TRUE	PA:cds-XAJ25422.1	GAG	E	GAA	E	327
PA|PP755594.1|A/cattle/Texas/24-008749-003/2024(H5N1)	984	A	G	5	0	21	428	154	44	0.988453	433	4.92238e-264	TRUE	PA:cds-XAJ25422.1	AAA	K	AAG	K	328
PA|PP755594.1|A/cattle/Texas/24-008749-003/2024(H5N1)	984	A	+G	5	0	21	6	0	20	0.0122951	488	4.55735e-09	TRUE	NA	NA	NA	NA	NA	NA
PA|PP755594.1|A/cattle/Texas/24-008749-003/2024(H5N1)	999	T	C	0	0	0	607	241	47	1	607	0	TRUE	PA:cds-XAJ25422.1	AAT	N	AAC	N	333
PA|PP755594.1|A/cattle/Texas/24-008749-003/2024(H5N1)	1002	C	T	4	1	70	599	236	46	0.993367	603	0	TRUE	PA:cds-XAJ25422.1	TAC	Y	TAT	Y	334
PA|PP755594.1|A/cattle/Texas/24-008749-003/2024(H5N1)	1005	C	A	440	258	39	20	0	25	0.0434783	460	0.000105756	TRUE	PA:cds-XAJ25422.1	CTC	L	CTA	L	335
PA|PP755594.1|A/cattle/Texas/24-008749-003/2024(H5N1)	1020	G	A	1	1	80	660	281	48	0.998487	661	0	TRUE	PA:cds-XAJ25422.1	CAG	Q	CAA	Q	340
PA|PP755594.1|A/cattle/Texas/24-008749-003/2024(H5N1)	1026	G	A	1	1	40	682	303	48	0.998536	683	0	TRUE	PA:cds-XAJ25422.1	CTG	L	CTA	L	342
PA|PP755594.1|A/cattle/Texas/24-008749-003/2024(H5N1)	1035	T	C	0	0	0	659	290	47	1	659	0	TRUE	PA:cds-XAJ25422.1	CTT	L	CTC	L	345
PA|PP755594.1|A/cattle/Texas/24-008749-003/2024(H5N1)	1038	A	G	4	2	60	664	289	48	0.994012	668	0	TRUE	PA:cds-XAJ25422.1	CAA	Q	CAG	Q	346
PA|PP755594.1|A/cattle/Texas/24-008749-003/2024(H5N1)	1042	A	C	0	0	0	619	247	49	1	619	0	TRUE	PA:cds-XAJ25422.1	ATT	I	CTT	L	348
PA|PP755594.1|A/cattle/Texas/24-008749-003/2024(H5N1)	1062	T	C	1	1	80	657	334	46	0.996965	659	0	TRUE	PA:cds-XAJ25422.1	ATT	I	ATC	I	354
PA|PP755594.1|A/cattle/Texas/24-008749-003/2024(H5N1)	1068	A	G	1	0	24	653	335	46	0.998471	654	0	TRUE	PA:cds-XAJ25422.1	AAA	K	AAG	K	356
PA|PP755594.1|A/cattle/Texas/24-008749-003/2024(H5N1)	1071	A	G	0	0	0	643	321	45	1	643	0	TRUE	PA:cds-XAJ25422.1	ACA	T	ACG	T	357
PA|PP755594.1|A/cattle/Texas/24-008749-003/2024(H5N1)	1092	C	T	0	0	0	692	348	46	0.998557	693	0	TRUE	PA:cds-XAJ25422.1	AGC	S	AGT	S	364
PA|PP755594.1|A/cattle/Texas/24-008749-003/2024(H5N1)	1098	G	A	0	0	0	713	365	46	1	713	0	TRUE	PA:cds-XAJ25422.1	TTG	L	TTA	L	366
PA|PP755594.1|A/cattle/Texas/24-008749-003/2024(H5N1)	1125	T	A	0	0	0	700	322	46	1	700	0	TRUE	PA:cds-XAJ25422.1	GCT	A	GCA	A	375
PA|PP755594.1|A/cattle/Texas/24-008749-003/2024(H5N1)	1128	A	G	1	0	65	694	322	46	0.998561	695	0	TRUE	PA:cds-XAJ25422.1	CCA	P	CCG	P	376
PA|PP755594.1|A/cattle/Texas/24-008749-003/2024(H5N1)	1155	A	G	0	0	0	679	375	47	1	679	0	TRUE	PA:cds-XAJ25422.1	AAA	K	AAG	K	385
PA|PP755594.1|A/cattle/Texas/24-008749-003/2024(H5N1)	1162	A	G	0	0	0	648	348	45	1	648	0	TRUE	PA:cds-XAJ25422.1	AGC	S	GGC	G	388
PA|PP755594.1|A/cattle/Texas/24-008749-003/2024(H5N1)	1172	G	A	0	0	0	635	355	45	1	635	0	TRUE	PA:cds-XAJ25422.1	AGA	R	AAA	K	391
PA|PP755594.1|A/cattle/Texas/24-008749-003/2024(H5N1)	1179	C	T	1	1	40	456	281	41	0.997812	457	4.63413e-286	TRUE	PA:cds-XAJ25422.1	TAC	Y	TAT	Y	393
PA|PP755594.1|A/cattle/Texas/24-008749-003/2024(H5N1)	1182	C	T	0	0	0	455	286	41	1	455	1.8076e-284	TRUE	PA:cds-XAJ25422.1	GAC	D	GAT	D	394
PA|PP755594.1|A/cattle/Texas/24-008749-003/2024(H5N1)	1185	T	C	0	0	0	419	251	43	1	419	6.17221e-262	TRUE	PA:cds-XAJ25422.1	AGT	S	AGC	S	395
PA|PP755594.1|A/cattle/Texas/24-008749-003/2024(H5N1)	1188	C	T	3	3	40	415	247	43	0.992823	418	2.04801e-254	TRUE	PA:cds-XAJ25422.1	GAC	D	GAT	D	396
PA|PP755594.1|A/cattle/Texas/24-008749-003/2024(H5N1)	1191	A	G	0	0	0	417	249	43	1	417	2.68891e-261	TRUE	PA:cds-XAJ25422.1	GAA	E	GAG	E	397
PA|PP755594.1|A/cattle/Texas/24-008749-003/2024(H5N1)	1198	T	C	0	0	0	527	300	43	1	527	0	TRUE	PA:cds-XAJ25422.1	TCT	S	CCT	P	400
PA|PP755594.1|A/cattle/Texas/24-008749-003/2024(H5N1)	1206	A	G	1	0	40	539	294	43	0.998148	540	0	TRUE	PA:cds-XAJ25422.1	TCA	S	TCG	S	402
PA|PP755594.1|A/cattle/Texas/24-008749-003/2024(H5N1)	1212	A	G	3	3	40	534	291	43	0.994413	537	0	TRUE	PA:cds-XAJ25422.1	GCA	A	GCG	A	404
PA|PP755594.1|A/cattle/Texas/24-008749-003/2024(H5N1)	1215	C	T	0	0	0	532	291	43	1	532	0	TRUE	PA:cds-XAJ25422.1	AGC	S	AGT	S	405
PA|PP755594.1|A/cattle/Texas/24-008749-003/2024(H5N1)	1221	T	C	0	0	0	567	317	44	1	567	0	TRUE	PA:cds-XAJ25422.1	ATT	I	ATC	I	407
PA|PP755594.1|A/cattle/Texas/24-008749-003/2024(H5N1)	1236	C	T	0	0	0	560	301	43	1	560	0	TRUE	PA:cds-XAJ25422.1	AAC	N	AAT	N	412
PA|PP755594.1|A/cattle/Texas/24-008749-003/2024(H5N1)	1245	C	T	2	1	40	307	150	40	0.993528	309	3.06887e-183	TRUE	PA:cds-XAJ25422.1	TGC	C	TGT	C	415
PA|PP755594.1|A/cattle/Texas/24-008749-003/2024(H5N1)	1249	C	T	0	0	0	285	144	39	1	285	1.08674e-178	TRUE	PA:cds-XAJ25422.1	CTG	L	TTG	L	417
PA|PP755594.1|A/cattle/Texas/24-008749-003/2024(H5N1)	1254	A	T	0	0	0	282	146	39	1	282	2.52318e-174	TRUE	PA:cds-XAJ25422.1	ACA	T	ACT	T	418
PA|PP755594.1|A/cattle/Texas/24-008749-003/2024(H5N1)	1257	T	C	0	0	0	282	150	39	1	282	9.8629e-169	TRUE	PA:cds-XAJ25422.1	GAT	D	GAC	D	419
PA|PP755594.1|A/cattle/Texas/24-008749-003/2024(H5N1)	1260	G	A	1	1	40	280	149	39	0.996441	281	5.55281e-166	TRUE	PA:cds-XAJ25422.1	TCG	S	TCA	S	420
PA|PP755594.1|A/cattle/Texas/24-008749-003/2024(H5N1)	1263	T	C	0	0	0	282	150	39	1	282	4.93145e-169	TRUE	PA:cds-XAJ25422.1	AGT	S	AGC	S	421
PA|PP755594.1|A/cattle/Texas/24-008749-003/2024(H5N1)	1269	T	A	0	0	0	342	166	40	1	342	5.68203e-209	TRUE	PA:cds-XAJ25422.1	ATT	I	ATA	I	423
PA|PP755594.1|A/cattle/Texas/24-008749-003/2024(H5N1)	1275	T	G	0	0	0	369	170	41	1	369	4.30435e-226	TRUE	PA:cds-XAJ25422.1	CTT	L	CTG	L	425
PA|PP755594.1|A/cattle/Texas/24-008749-003/2024(H5N1)	1278	T	C	0	0	0	367	170	41	1	367	1.7997e-225	TRUE	PA:cds-XAJ25422.1	GAT	D	GAC	D	426
PA|PP755594.1|A/cattle/Texas/24-008749-003/2024(H5N1)	1281	G	A	0	0	0	371	170	41	1	371	6.79751e-232	TRUE	PA:cds-XAJ25422.1	GAG	E	GAA	E	427
PA|PP755594.1|A/cattle/Texas/24-008749-003/2024(H5N1)	1293	C	T	0	0	0	620	313	46	1	620	0	TRUE	PA:cds-XAJ25422.1	GAC	D	GAT	D	431
PA|PP755594.1|A/cattle/Texas/24-008749-003/2024(H5N1)	1302	A	G	4	0	40	603	290	48	0.99341	607	0	TRUE	PA:cds-XAJ25422.1	CCA	P	CCG	P	434
PA|PP755594.1|A/cattle/Texas/24-008749-003/2024(H5N1)	1305	C	T	0	0	0	612	285	47	1	612	0	TRUE	PA:cds-XAJ25422.1	ATC	I	ATT	I	435
PA|PP755594.1|A/cattle/Texas/24-008749-003/2024(H5N1)	1317	G	A	1	1	40	580	278	46	0.998279	581	0	TRUE	PA:cds-XAJ25422.1	GCG	A	GCA	A	439
PA|PP755594.1|A/cattle/Texas/24-008749-003/2024(H5N1)	1320	T	C	0	0	0	576	277	45	1	576	0	TRUE	PA:cds-XAJ25422.1	AGT	S	AGC	S	440
PA|PP755594.1|A/cattle/Texas/24-008749-003/2024(H5N1)	1321	G	A	0	0	0	577	276	46	1	577	0	TRUE	PA:cds-XAJ25422.1	GTG	V	ATG	M	441
PA|PP755594.1|A/cattle/Texas/24-008749-003/2024(H5N1)	1332	C	T	0	0	0	660	325	47	1	660	0	TRUE	PA:cds-XAJ25422.1	AAC	N	AAT	N	444
PA|PP755594.1|A/cattle/Texas/24-008749-003/2024(H5N1)	1339	A	G	0	0	0	623	317	46	1	623	0	TRUE	PA:cds-XAJ25422.1	ACA	T	GCA	A	447
PA|PP755594.1|A/cattle/Texas/24-008749-003/2024(H5N1)	1344	G	A	0	0	0	633	314	45	1	633	0	TRUE	PA:cds-XAJ25422.1	GCG	A	GCA	A	448
PA|PP755594.1|A/cattle/Texas/24-008749-003/2024(H5N1)	1347	G	A	0	0	0	635	317	45	1	635	0	TRUE	PA:cds-XAJ25422.1	GAG	E	GAA	E	449
PA|PP755594.1|A/cattle/Texas/24-008749-003/2024(H5N1)	1350	A	G	0	0	0	643	321	45	1	643	0	TRUE	PA:cds-XAJ25422.1	GTA	V	GTG	V	450
PA|PP755594.1|A/cattle/Texas/24-008749-003/2024(H5N1)	1362	G	A	0	0	0	701	361	47	1	701	0	TRUE	PA:cds-XAJ25422.1	AGG	R	AGA	R	454
PA|PP755594.1|A/cattle/Texas/24-008749-003/2024(H5N1)	1383	G	A	0	0	0	715	337	45	1	715	0	TRUE	PA:cds-XAJ25422.1	AAG	K	AAA	K	461
PA|PP755594.1|A/cattle/Texas/24-008749-003/2024(H5N1)	1389	A	C	0	0	0	703	349	45	1	703	0	TRUE	PA:cds-XAJ25422.1	GTA	V	GTC	V	463
PA|PP755594.1|A/cattle/Texas/24-008749-003/2024(H5N1)	1398	C	T	0	0	0	646	311	44	1	646	0	TRUE	PA:cds-XAJ25422.1	AAC	N	AAT	N	466
PA|PP755594.1|A/cattle/Texas/24-008749-003/2024(H5N1)	1404	C	T	1	0	66	449	206	42	0.997778	450	2.54712e-287	TRUE	PA:cds-XAJ25422.1	GCC	A	GCT	A	468
PA|PP755594.1|A/cattle/Texas/24-008749-003/2024(H5N1)	1407	A	G	0	0	0	449	209	42	1	449	3.78012e-279	TRUE	PA:cds-XAJ25422.1	CTA	L	CTG	L	469
PA|PP755594.1|A/cattle/Texas/24-008749-003/2024(H5N1)	1408	T	C	0	0	0	449	209	42	1	449	3.78012e-279	TRUE	PA:cds-XAJ25422.1	TTG	L	CTG	L	470
PA|PP755594.1|A/cattle/Texas/24-008749-003/2024(H5N1)	1410	G	C	0	0	0	450	209	42	1	450	1.82516e-279	TRUE	PA:cds-XAJ25422.1	TTG	L	TTC	F	470
PA|PP755594.1|A/cattle/Texas/24-008749-003/2024(H5N1)	1419	C	T	0	0	0	450	209	42	1	450	9.4486e-280	TRUE	PA:cds-XAJ25422.1	TCC	S	TCT	S	473
PA|PP755594.1|A/cattle/Texas/24-008749-003/2024(H5N1)	1422	T	C	2	1	40	448	207	42	0.995556	450	1.10898e-274	TRUE	PA:cds-XAJ25422.1	TGT	C	TGC	C	474
PA|PP755594.1|A/cattle/Texas/24-008749-003/2024(H5N1)	1425	A	G	0	0	0	450	208	42	1	450	9.4486e-280	TRUE	PA:cds-XAJ25422.1	GCA	A	GCG	A	475
PA|PP755594.1|A/cattle/Texas/24-008749-003/2024(H5N1)	1443	A	G	1	0	40	598	218	43	0.998331	599	0	TRUE	PA:cds-XAJ25422.1	CAA	Q	CAG	Q	481
PA|PP755594.1|A/cattle/Texas/24-008749-003/2024(H5N1)	1444	T	C	1	0	40	599	218	43	0.998333	600	0	TRUE	PA:cds-XAJ25422.1	TTG	L	CTG	L	482
PA|PP755594.1|A/cattle/Texas/24-008749-003/2024(H5N1)	1458	A	C	621	240	44	9	0	40	0.0142857	630	0.00107408	TRUE	PA:cds-XAJ25422.1	ATA	I	ATC	I	486
PA|PP755594.1|A/cattle/Texas/24-008749-003/2024(H5N1)	1461	T	C	0	0	0	617	239	43	1	617	0	TRUE	PA:cds-XAJ25422.1	AGT	S	AGC	S	487
PA|PP755594.1|A/cattle/Texas/24-008749-003/2024(H5N1)	1464	G	A	1	0	80	605	246	42	0.99835	606	0	TRUE	PA:cds-XAJ25422.1	AAG	K	AAA	K	488
PA|PP755594.1|A/cattle/Texas/24-008749-003/2024(H5N1)	1465	T	A	596	245	43	10	0	40	0.0165017	606	0.000597813	TRUE	PA:cds-XAJ25422.1	TGC	C	AGC	S	489
PA|PP755594.1|A/cattle/Texas/24-008749-003/2024(H5N1)	1470	A	G	0	0	0	572	219	42	1	572	0	TRUE	PA:cds-XAJ25422.1	AGA	R	AGG	R	490
PA|PP755594.1|A/cattle/Texas/24-008749-003/2024(H5N1)	1473	T	C	0	0	0	590	232	42	0.998308	591	0	TRUE	PA:cds-XAJ25422.1	ACT	T	ACC	T	491
PA|PP755594.1|A/cattle/Texas/24-008749-003/2024(H5N1)	1490	G	A	2	0	33	2281	305	42	0.999124	2283	0	TRUE	PA:cds-XAJ25422.1	AGG	R	AAG	K	497
PA|PP755594.1|A/cattle/Texas/24-008749-003/2024(H5N1)	1497	T	C	0	0	0	2583	323	41	1	2583	0	TRUE	PA:cds-XAJ25422.1	AAT	N	AAC	N	499
PA|PP755594.1|A/cattle/Texas/24-008749-003/2024(H5N1)	1500	G	A	1	0	40	2742	352	41	0.999635	2743	0	TRUE	PA:cds-XAJ25422.1	CTG	L	CTA	L	500
PA|PP755594.1|A/cattle/Texas/24-008749-003/2024(H5N1)	1506	A	G	2	1	60	3244	475	42	0.999384	3246	0	TRUE	PA:cds-XAJ25422.1	GGA	G	GGG	G	502
PA|PP755594.1|A/cattle/Texas/24-008749-003/2024(H5N1)	1512	T	C	2	1	60	3377	531	46	0.999408	3379	0	TRUE	PA:cds-XAJ25422.1	ATT	I	ATC	I	504
PA|PP755594.1|A/cattle/Texas/24-008749-003/2024(H5N1)	1524	A	G	1	1	40	3516	666	48	0.999716	3517	0	TRUE	PA:cds-XAJ25422.1	AGA	R	AGG	R	508
PA|PP755594.1|A/cattle/Texas/24-008749-003/2024(H5N1)	1527	C	T	10	1	47	3535	700	49	0.996898	3546	0	TRUE	PA:cds-XAJ25422.1	TCC	S	TCT	S	509
PA|PP755594.1|A/cattle/Texas/24-008749-003/2024(H5N1)	1528	C	A	3259	785	41	50	0	28	0.0151012	3311	0.0215741	FALSE	PA:cds-XAJ25422.1	CAT	H	AAT	N	510
PA|PP755594.1|A/cattle/Texas/24-008749-003/2024(H5N1)	1542	C	T	1	0	24	4106	873	51	0.999757	4107	0	TRUE	PA:cds-XAJ25422.1	GAC	D	GAT	D	514
PA|PP755594.1|A/cattle/Texas/24-008749-003/2024(H5N1)	1551	G	A	2	0	40	3397	1188	46	0.99853	3402	0	TRUE	PA:cds-XAJ25422.1	GTG	V	GTA	V	517
PA|PP755594.1|A/cattle/Texas/24-008749-003/2024(H5N1)	1554	A	G	0	0	0	3425	1187	47	1	3425	0	TRUE	PA:cds-XAJ25422.1	GTA	V	GTG	V	518
PA|PP755594.1|A/cattle/Texas/24-008749-003/2024(H5N1)	1557	C	T	0	0	0	3419	1179	47	1	3419	0	TRUE	PA:cds-XAJ25422.1	AAC	N	AAT	N	519
PA|PP755594.1|A/cattle/Texas/24-008749-003/2024(H5N1)	1563	G	A	4	1	50	3402	1218	46	0.998532	3407	0	TRUE	PA:cds-XAJ25422.1	GTG	V	GTA	V	521
PA|PP755594.1|A/cattle/Texas/24-008749-003/2024(H5N1)	1566	C	T	2	1	80	3462	1209	47	0.999423	3464	0	TRUE	PA:cds-XAJ25422.1	AGC	S	AGT	S	522
PA|PP755594.1|A/cattle/Texas/24-008749-003/2024(H5N1)	1572	A	G	2	0	40	3490	1230	47	0.999427	3492	0	TRUE	PA:cds-XAJ25422.1	GAA	E	GAG	E	524
PA|PP755594.1|A/cattle/Texas/24-008749-003/2024(H5N1)	1575	C	T	24	4	31	3481	1224	47	0.993153	3505	0	TRUE	PA:cds-XAJ25422.1	TTC	F	TTT	F	525
PA|PP755594.1|A/cattle/Texas/24-008749-003/2024(H5N1)	1581	A	C	3	0	24	3370	1244	44	0.999111	3373	0	TRUE	PA:cds-XAJ25422.1	CTA	L	CTC	L	527
PA|PP755594.1|A/cattle/Texas/24-008749-003/2024(H5N1)	1584	T	C	1	1	80	3499	1272	48	0.999714	3500	0	TRUE	PA:cds-XAJ25422.1	ACT	T	ACC	T	528
PA|PP755594.1|A/cattle/Texas/24-008749-003/2024(H5N1)	1590	G	A	1	0	40	3889	1449	48	0.999743	3890	0	TRUE	PA:cds-XAJ25422.1	CCG	P	CCA	P	530
PA|PP755594.1|A/cattle/Texas/24-008749-003/2024(H5N1)	1596	A	G	3	0	40	4329	1606	49	0.999307	4332	0	TRUE	PA:cds-XAJ25422.1	CTA	L	CTG	L	532
PA|PP755594.1|A/cattle/Texas/24-008749-003/2024(H5N1)	1599	G	A	12	5	56	4313	1664	48	0.997225	4325	0	TRUE	PA:cds-XAJ25422.1	GAG	E	GAA	E	533
PA|PP755594.1|A/cattle/Texas/24-008749-003/2024(H5N1)	1623	T	C	0	0	0	5424	2269	51	1	5424	0	TRUE	PA:cds-XAJ25422.1	TGT	C	TGC	C	541
PA|PP755594.1|A/cattle/Texas/24-008749-003/2024(H5N1)	1632	G	A	2	1	60	4532	2110	47	0.999338	4535	0	TRUE	PA:cds-XAJ25422.1	GAG	E	GAA	E	544
PA|PP755594.1|A/cattle/Texas/24-008749-003/2024(H5N1)	1633	A	G	1	0	40	4542	2103	47	0.99978	4543	0	TRUE	PA:cds-XAJ25422.1	ATA	I	GTA	V	545
PA|PP755594.1|A/cattle/Texas/24-008749-003/2024(H5N1)	1635	A	G	0	0	0	4453	2016	45	0.998878	4458	0	TRUE	PA:cds-XAJ25422.1	ATA	I	ATG	M	545
PA|PP755594.1|A/cattle/Texas/24-008749-003/2024(H5N1)	1637	G	T	3826	1243	40	45	45	24	0.0116249	3871	0.232636	FALSE	PA:cds-XAJ25422.1	GGA	G	GTA	V	546
PA|PP755594.1|A/cattle/Texas/24-008749-003/2024(H5N1)	1641	C	T	2	1	40	5060	2484	48	0.999605	5062	0	TRUE	PA:cds-XAJ25422.1	GAC	D	GAT	D	547
PA|PP755594.1|A/cattle/Texas/24-008749-003/2024(H5N1)	1650	A	G	4	1	43	5506	2674	48	0.999093	5511	0	TRUE	PA:cds-XAJ25422.1	CTA	L	CTG	L	550
PA|PP755594.1|A/cattle/Texas/24-008749-003/2024(H5N1)	1651	C	A	1	0	39	5504	2695	48	0.999274	5508	0	TRUE	PA:cds-XAJ25422.1	CGG	R	AGG	R	551
PA|PP755594.1|A/cattle/Texas/24-008749-003/2024(H5N1)	1673	T	C	7	3	38	5781	2583	46	0.998791	5788	0	TRUE	PA:cds-XAJ25422.1	TTG	L	TCG	S	558
PA|PP755594.1|A/cattle/Texas/24-008749-003/2024(H5N1)	1674	G	A	7	4	35	5762	2581	46	0.998787	5769	0	TRUE	PA:cds-XAJ25422.1	TTG	L	TTA	L	558
PA|PP755594.1|A/cattle/Texas/24-008749-003/2024(H5N1)	1677	G	A	15	5	44	5788	2583	46	0.997415	5803	0	TRUE	PA:cds-XAJ25422.1	AGG	R	AGA	R	559
PA|PP755594.1|A/cattle/Texas/24-008749-003/2024(H5N1)	1695	G	T	0	0	0	5756	2314	44	0.999653	5758	0	TRUE	PA:cds-XAJ25422.1	GTG	V	GTT	V	565
PA|PP755594.1|A/cattle/Texas/24-008749-003/2024(H5N1)	1698	A	G	6	1	40	5748	2321	44	0.998784	5755	0	TRUE	PA:cds-XAJ25422.1	AGA	R	AGG	R	566
PA|PP755594.1|A/cattle/Texas/24-008749-003/2024(H5N1)	1704	T	C	3	3	51	5652	2239	44	0.999469	5655	0	TRUE	PA:cds-XAJ25422.1	AAT	N	AAC	N	568
PA|PP755594.1|A/cattle/Texas/24-008749-003/2024(H5N1)	1707	A	G	1	1	40	5634	2205	45	0.999823	5635	0	TRUE	PA:cds-XAJ25422.1	GGA	G	GGG	G	569
PA|PP755594.1|A/cattle/Texas/24-008749-003/2024(H5N1)	1710	T	C	2	1	40	5634	2212	45	0.999645	5636	0	TRUE	PA:cds-XAJ25422.1	ACT	T	ACC	T	570
PA|PP755594.1|A/cattle/Texas/24-008749-003/2024(H5N1)	1716	G	A	5	3	40	6159	2464	45	0.998865	6166	0	TRUE	PA:cds-XAJ25422.1	AAG	K	AAA	K	572
PA|PP755594.1|A/cattle/Texas/24-008749-003/2024(H5N1)	1722	A	G	15	4	40	6200	2536	45	0.997586	6215	0	TRUE	PA:cds-XAJ25422.1	AAA	K	AAG	K	574
PA|PP755594.1|A/cattle/Texas/24-008749-003/2024(H5N1)	1734	C	T	4	2	38	6728	2698	45	0.999406	6732	0	TRUE	PA:cds-XAJ25422.1	GGC	G	GGT	G	578
PA|PP755594.1|A/cattle/Texas/24-008749-003/2024(H5N1)	1749	A	T	2	0	40	6702	2753	47	0.998361	6713	0	TRUE	PA:cds-XAJ25422.1	CGA	R	CGT	R	583
PA|PP755594.1|A/cattle/Texas/24-008749-003/2024(H5N1)	1764	C	T	13	5	45	6706	2736	47	0.997917	6720	0	TRUE	PA:cds-XAJ25422.1	TCC	S	TCT	S	588
PA|PP755594.1|A/cattle/Texas/24-008749-003/2024(H5N1)	1773	A	G	49	18	45	7055	2843	49	0.992683	7107	0	TRUE	PA:cds-XAJ25422.1	CAA	Q	CAG	Q	591
PA|PP755594.1|A/cattle/Texas/24-008749-003/2024(H5N1)	1797	A	G	1	1	40	6753	2693	48	0.999852	6754	0	TRUE	PA:cds-XAJ25422.1	GAA	E	GAG	E	599
PA|PP755594.1|A/cattle/Texas/24-008749-003/2024(H5N1)	1812	G	A	1	1	40	6132	3305	46	0.999837	6133	0	TRUE	PA:cds-XAJ25422.1	GAG	E	GAA	E	604
PA|PP755594.1|A/cattle/Texas/24-008749-003/2024(H5N1)	1815	G	A	18	11	45	6106	3314	45	0.997061	6124	0	TRUE	PA:cds-XAJ25422.1	AAG	K	AAA	K	605
PA|PP755594.1|A/cattle/Texas/24-008749-003/2024(H5N1)	1822	T	A	0	0	0	5869	3275	46	0.998299	5879	0	TRUE	PA:cds-XAJ25422.1	TCC	S	ACC	T	608
PA|PP755594.1|A/cattle/Texas/24-008749-003/2024(H5N1)	1824	C	T	3	1	40	5829	3214	45	0.999314	5833	0	TRUE	PA:cds-XAJ25422.1	TCC	S	TCT	S	608
PA|PP755594.1|A/cattle/Texas/24-008749-003/2024(H5N1)	1827	G	A	6	5	41	5884	3270	46	0.998981	5890	0	TRUE	PA:cds-XAJ25422.1	AAG	K	AAA	K	609
PA|PP755594.1|A/cattle/Texas/24-008749-003/2024(H5N1)	1833	C	T	2	0	60	6268	3507	46	0.999681	6270	0	TRUE	PA:cds-XAJ25422.1	TTC	F	TTT	F	611
PA|PP755594.1|A/cattle/Texas/24-008749-003/2024(H5N1)	1839	A	G	3	0	40	6282	3532	46	0.999523	6285	0	TRUE	PA:cds-XAJ25422.1	GAA	E	GAG	E	613
PA|PP755594.1|A/cattle/Texas/24-008749-003/2024(H5N1)	1845	A	G	1	1	40	6167	3483	45	0.999676	6169	0	TRUE	PA:cds-XAJ25422.1	AAA	K	AAG	K	615
PA|PP755594.1|A/cattle/Texas/24-008749-003/2024(H5N1)	1848	A	G	7	1	57	6209	3534	46	0.998874	6216	0	TRUE	PA:cds-XAJ25422.1	TCA	S	TCG	S	616
PA|PP755594.1|A/cattle/Texas/24-008749-003/2024(H5N1)	1854	A	G	4	2	53	6454	3569	46	0.999381	6458	0	TRUE	PA:cds-XAJ25422.1	ACA	T	ACG	T	618
PA|PP755594.1|A/cattle/Texas/24-008749-003/2024(H5N1)	1872	A	C	1	1	40	6504	3734	44	0.999539	6507	0	TRUE	PA:cds-XAJ25422.1	TCA	S	TCC	S	624
PA|PP755594.1|A/cattle/Texas/24-008749-003/2024(H5N1)	1877	A	G	13	1	45	6184	3392	41	0.995332	6213	0	TRUE	PA:cds-XAJ25422.1	AAA	K	AGA	R	626
PA|PP755594.1|A/cattle/Texas/24-008749-003/2024(H5N1)	1884	G	A	5	2	40	6839	3910	44	0.998978	6846	0	TRUE	PA:cds-XAJ25422.1	GTG	V	GTA	V	628
PA|PP755594.1|A/cattle/Texas/24-008749-003/2024(H5N1)	1893	C	A	1	0	24	6593	3693	46	0.998486	6603	0	TRUE	PA:cds-XAJ25422.1	GGC	G	GGA	G	631
PA|PP755594.1|A/cattle/Texas/24-008749-003/2024(H5N1)	1896	T	C	1	0	34	6606	3732	45	0.999849	6607	0	TRUE	PA:cds-XAJ25422.1	TCT	S	TCC	S	632
PA|PP755594.1|A/cattle/Texas/24-008749-003/2024(H5N1)	1905	A	G	22	16	52	6884	3884	45	0.996814	6906	0	TRUE	PA:cds-XAJ25422.1	AAA	K	AAG	K	635
PA|PP755594.1|A/cattle/Texas/24-008749-003/2024(H5N1)	1917	A	C	127	68	27	6395	3328	43	0.979626	6528	0	TRUE	PA:cds-XAJ25422.1	ACA	T	ACC	T	639
PA|PP755594.1|A/cattle/Texas/24-008749-003/2024(H5N1)	1918	T	C	136	71	42	6373	3344	42	0.978955	6510	0	TRUE	PA:cds-XAJ25422.1	TTG	L	CTG	L	640
PA|PP755594.1|A/cattle/Texas/24-008749-003/2024(H5N1)	1923	A	G	0	0	0	6454	3334	41	0.999535	6457	0	TRUE	PA:cds-XAJ25422.1	CTA	L	CTG	L	641
PA|PP755594.1|A/cattle/Texas/24-008749-003/2024(H5N1)	1929	G	A	4	2	56	7462	4512	44	0.999464	7466	0	TRUE	PA:cds-XAJ25422.1	AAG	K	AAA	K	643
PA|PP755594.1|A/cattle/Texas/24-008749-003/2024(H5N1)	1944	C	T	10	3	46	7814	4679	45	0.998467	7826	0	TRUE	PA:cds-XAJ25422.1	AGC	S	AGT	S	648
PA|PP755594.1|A/cattle/Texas/24-008749-003/2024(H5N1)	1950	T	C	17	13	40	7073	3864	46	0.997602	7090	0	TRUE	PA:cds-XAJ25422.1	TAT	Y	TAC	Y	650
PA|PP755594.1|A/cattle/Texas/24-008749-003/2024(H5N1)	1956	T	C	1	0	40	6299	3525	45	0.999841	6300	0	TRUE	PA:cds-XAJ25422.1	TCT	S	TCC	S	652
PA|PP755594.1|A/cattle/Texas/24-008749-003/2024(H5N1)	1959	T	A	0	0	0	6297	3533	45	0.999365	6301	0	TRUE	PA:cds-XAJ25422.1	CCT	P	CCA	P	653
PA|PP755594.1|A/cattle/Texas/24-008749-003/2024(H5N1)	1965	C	T	3	1	29	6441	3694	45	0.999534	6444	0	TRUE	PA:cds-XAJ25422.1	CTC	L	CTT	L	655
PA|PP755594.1|A/cattle/Texas/24-008749-003/2024(H5N1)	1968	G	A	13	8	48	6452	3714	45	0.997681	6467	0	TRUE	PA:cds-XAJ25422.1	GAG	E	GAA	E	656
PA|PP755594.1|A/cattle/Texas/24-008749-003/2024(H5N1)	1971	G	A	7	1	43	6451	3746	45	0.998761	6459	0	TRUE	PA:cds-XAJ25422.1	GGG	G	GGA	G	657
PA|PP755594.1|A/cattle/Texas/24-008749-003/2024(H5N1)	1980	T	A	0	0	0	9056	4867	47	0.998567	9069	0	TRUE	PA:cds-XAJ25422.1	GCT	A	GCA	A	660
PA|PP755594.1|A/cattle/Texas/24-008749-003/2024(H5N1)	1986	A	G	3	0	40	9073	4828	46	0.999119	9081	0	TRUE	PA:cds-XAJ25422.1	TCA	S	TCG	S	662
PA|PP755594.1|A/cattle/Texas/24-008749-003/2024(H5N1)	1989	A	G	4	2	67	9157	4914	47	0.999454	9162	0	TRUE	PA:cds-XAJ25422.1	AGA	R	AGG	R	663
PA|PP755594.1|A/cattle/Texas/24-008749-003/2024(H5N1)	1993	T	C	79	54	41	9186	5044	47	0.991473	9265	0	TRUE	PA:cds-XAJ25422.1	TTG	L	CTG	L	665
PA|PP755594.1|A/cattle/Texas/24-008749-003/2024(H5N1)	2024	A	G	4	2	39	10623	6281	49	0.99953	10628	0	TRUE	PA:cds-XAJ25422.1	AAC	N	AGC	S	675
PA|PP755594.1|A/cattle/Texas/24-008749-003/2024(H5N1)	2043	C	-GATCTT	10632	7299	52	354	0	20	0.0242316	14609	4.24437e-37	TRUE	NA	NA	NA	NA	NA	NA
PA|PP755594.1|A/cattle/Texas/24-008749-003/2024(H5N1)	2052	G	A	21	10	45	9917	6934	52	0.997887	9938	0	TRUE	PA:cds-XAJ25422.1	GGG	G	GGA	G	684
PA|PP755594.1|A/cattle/Texas/24-008749-003/2024(H5N1)	2088	C	T	5	5	36	9362	7286	56	0.999466	9367	0	TRUE	PA:cds-XAJ25422.1	AAC	N	AAT	N	696
