REGION	POS	REF	ALT	REF_DP	REF_RV	REF_QUAL	ALT_DP	ALT_RV	ALT_QUAL	ALT_FREQ	TOTAL_DP	PVAL	PASS	GFF_FEATURE	REF_CODON	REF_AA	ALT_CODON	ALT_AA	POS_AA
NA|PP755591.1|A/cattle/Texas/24-008749-003/2024(H5N1)	30	T	C	10	2	39	141	20	36	0.933775	151	7.51286e-139	TRUE	NA:cds-XAJ25418.1	ATT	I	ATC	I	10
NA|PP755591.1|A/cattle/Texas/24-008749-003/2024(H5N1)	33	A	G	0	0	0	155	23	35	1	155	1.41828e-162	TRUE	NA:cds-XAJ25418.1	GGA	G	GGG	G	11
NA|PP755591.1|A/cattle/Texas/24-008749-003/2024(H5N1)	34	T	C	154	23	35	2	0	34	0.0128205	156	0.0460659	FALSE	NA:cds-XAJ25418.1	TCA	S	CCA	P	12
NA|PP755591.1|A/cattle/Texas/24-008749-003/2024(H5N1)	42	T	C	0	0	0	154	23	36	0.993548	155	1.36061e-161	TRUE	NA:cds-XAJ25418.1	TGT	C	TGC	C	14
NA|PP755591.1|A/cattle/Texas/24-008749-003/2024(H5N1)	47	T	C	0	0	0	149	22	35	1	149	5.10938e-158	TRUE	NA:cds-XAJ25418.1	GTA	V	GCA	A	16
NA|PP755591.1|A/cattle/Texas/24-008749-003/2024(H5N1)	53	G	A	147	20	35	2	0	34	0.0134228	149	0.0435611	FALSE	NA:cds-XAJ25418.1	GGG	G	GAG	E	18
NA|PP755591.1|A/cattle/Texas/24-008749-003/2024(H5N1)	54	G	A	0	0	0	148	21	35	1	148	4.72799e-153	TRUE	NA:cds-XAJ25418.1	GGG	G	GGA	G	18
NA|PP755591.1|A/cattle/Texas/24-008749-003/2024(H5N1)	58	G	A	0	0	0	148	21	36	1	148	4.72799e-153	TRUE	NA:cds-XAJ25418.1	GTC	V	ATC	I	20
NA|PP755591.1|A/cattle/Texas/24-008749-003/2024(H5N1)	60	C	A	0	0	0	138	21	35	1	138	2.21304e-146	TRUE	NA:cds-XAJ25418.1	GTC	V	GTA	V	20
NA|PP755591.1|A/cattle/Texas/24-008749-003/2024(H5N1)	60	C	-AGCT	0	0	0	6	0	20	0.0114504	524	1.5617e-11	TRUE	NA	NA	NA	NA	NA	NA
NA|PP755591.1|A/cattle/Texas/24-008749-003/2024(H5N1)	63	C	T	0	0	0	147	20	35	1	147	2.14357e-152	TRUE	NA:cds-XAJ25418.1	AGC	S	AGT	S	21
NA|PP755591.1|A/cattle/Texas/24-008749-003/2024(H5N1)	64	T	C	0	0	0	151	22	36	1	151	5.23464e-155	TRUE	NA:cds-XAJ25418.1	TTG	L	CTG	L	22
NA|PP755591.1|A/cattle/Texas/24-008749-003/2024(H5N1)	66	G	A	161	28	35	2	0	34	0.0122699	163	0.0532036	FALSE	NA:cds-XAJ25418.1	TTG	L	TTA	L	22
NA|PP755591.1|A/cattle/Texas/24-008749-003/2024(H5N1)	67	A	G	2	0	34	151	26	35	0.986928	153	6.82377e-155	TRUE	NA:cds-XAJ25418.1	ATG	M	GTG	V	23
NA|PP755591.1|A/cattle/Texas/24-008749-003/2024(H5N1)	69	G	T	170	27	34	6	2	45	0.0340909	176	0.000168103	TRUE	NA:cds-XAJ25418.1	ATG	M	ATT	I	23
NA|PP755591.1|A/cattle/Texas/24-008749-003/2024(H5N1)	72	G	A	0	0	0	190	32	34	1	190	5.55875e-185	TRUE	NA:cds-XAJ25418.1	CTG	L	CTA	L	24
NA|PP755591.1|A/cattle/Texas/24-008749-003/2024(H5N1)	81	G	A	0	0	0	529	94	39	1	529	0	TRUE	NA:cds-XAJ25418.1	GGG	G	GGA	G	27
NA|PP755591.1|A/cattle/Texas/24-008749-003/2024(H5N1)	105	C	T	1	0	34	557	118	39	0.998208	558	0	TRUE	NA:cds-XAJ25418.1	AGC	S	AGT	S	35
NA|PP755591.1|A/cattle/Texas/24-008749-003/2024(H5N1)	114	C	T	0	0	0	555	125	39	1	555	0	TRUE	NA:cds-XAJ25418.1	ATC	I	ATT	I	38
NA|PP755591.1|A/cattle/Texas/24-008749-003/2024(H5N1)	120	A	T	0	0	0	243	100	37	1	243	1.11845e-161	TRUE	NA:cds-XAJ25418.1	ACA	T	ACT	T	40
NA|PP755591.1|A/cattle/Texas/24-008749-003/2024(H5N1)	123	G	A	0	0	0	258	114	38	1	258	3.44371e-165	TRUE	NA:cds-XAJ25418.1	GGG	G	GGA	G	41
NA|PP755591.1|A/cattle/Texas/24-008749-003/2024(H5N1)	126	T	C	0	0	0	257	114	37	1	257	4.85902e-164	TRUE	NA:cds-XAJ25418.1	AAT	N	AAC	N	42
NA|PP755591.1|A/cattle/Texas/24-008749-003/2024(H5N1)	129	A	G	0	0	0	254	114	38	1	254	4.76624e-163	TRUE	NA:cds-XAJ25418.1	CAA	Q	CAG	Q	43
NA|PP755591.1|A/cattle/Texas/24-008749-003/2024(H5N1)	130	T	A	0	0	0	239	113	36	1	239	5.78549e-158	TRUE	NA:cds-XAJ25418.1	TAC	Y	AAC	N	44
NA|PP755591.1|A/cattle/Texas/24-008749-003/2024(H5N1)	135	G	C	0	0	0	257	115	38	1	257	2.58853e-164	TRUE	NA:cds-XAJ25418.1	CAG	Q	CAC	H	45
NA|PP755591.1|A/cattle/Texas/24-008749-003/2024(H5N1)	138	T	A	0	0	0	236	117	37	1	236	3.53879e-157	TRUE	NA:cds-XAJ25418.1	CCT	P	CCA	P	46
NA|PP755591.1|A/cattle/Texas/24-008749-003/2024(H5N1)	142	C	A	0	0	0	255	115	37	1	255	1.188e-163	TRUE	NA:cds-XAJ25418.1	CCA	P	ACA	T	48
NA|PP755591.1|A/cattle/Texas/24-008749-003/2024(H5N1)	156	C	T	0	0	0	328	197	39	1	328	9.31857e-216	TRUE	NA:cds-XAJ25418.1	AGC	S	AGT	S	52
NA|PP755591.1|A/cattle/Texas/24-008749-003/2024(H5N1)	157	A	G	0	0	0	331	198	39	1	331	8.75141e-217	TRUE	NA:cds-XAJ25418.1	ATC	I	GTC	V	53
NA|PP755591.1|A/cattle/Texas/24-008749-003/2024(H5N1)	168	T	C	0	0	0	299	186	38	1	299	1.87878e-193	TRUE	NA:cds-XAJ25418.1	TAT	Y	TAC	Y	56
NA|PP755591.1|A/cattle/Texas/24-008749-003/2024(H5N1)	171	G	A	0	0	0	293	186	38	1	293	2.0005e-191	TRUE	NA:cds-XAJ25418.1	GAG	E	GAA	E	57
NA|PP755591.1|A/cattle/Texas/24-008749-003/2024(H5N1)	177	C	T	0	0	0	282	184	36	1	282	4.97568e-181	TRUE	NA:cds-XAJ25418.1	AAC	N	AAT	N	59
NA|PP755591.1|A/cattle/Texas/24-008749-003/2024(H5N1)	180	C	T	0	0	0	284	189	36	1	284	1.08359e-181	TRUE	NA:cds-XAJ25418.1	ACC	T	ACT	T	60
NA|PP755591.1|A/cattle/Texas/24-008749-003/2024(H5N1)	186	A	G	0	0	0	287	190	36	1	287	7.52237e-182	TRUE	NA:cds-XAJ25418.1	GTA	V	GTG	V	62
NA|PP755591.1|A/cattle/Texas/24-008749-003/2024(H5N1)	195	G	A	2	1	51	250	176	36	0.992063	252	3.22098e-164	TRUE	NA:cds-XAJ25418.1	ACG	T	ACA	T	65
NA|PP755591.1|A/cattle/Texas/24-008749-003/2024(H5N1)	198	T	C	1	1	34	258	172	36	0.996139	259	2.12408e-164	TRUE	NA:cds-XAJ25418.1	TAT	Y	TAC	Y	66
NA|PP755591.1|A/cattle/Texas/24-008749-003/2024(H5N1)	207	C	A	0	0	0	17	5	31	1	17	2.20382e-10	TRUE	NA:cds-XAJ25418.1	ATC	I	ATA	I	69
NA|PP755591.1|A/cattle/Texas/24-008749-003/2024(H5N1)	210	C	T	0	0	0	12	3	33	1	12	1.92297e-07	TRUE	NA:cds-XAJ25418.1	AGC	S	AGT	S	70
NA|PP755591.1|A/cattle/Texas/24-008749-003/2024(H5N1)	212	G	A	0	0	0	13	3	33	1	13	9.61483e-08	TRUE	NA:cds-XAJ25418.1	AGT	S	AAT	N	71
NA|PP755591.1|A/cattle/Texas/24-008749-003/2024(H5N1)	288	G	A	0	0	0	1	1	34	1	1	1	FALSE	NA:cds-XAJ25418.1	GGG	G	GGA	G	96
NA|PP755591.1|A/cattle/Texas/24-008749-003/2024(H5N1)	294	A	C	0	0	0	1	1	34	1	1	1	FALSE	NA:cds-XAJ25418.1	GCA	A	GCC	A	98
NA|PP755591.1|A/cattle/Texas/24-008749-003/2024(H5N1)	303	T	C	0	0	0	1	1	34	1	1	1	FALSE	NA:cds-XAJ25418.1	AGT	S	AGC	S	101
NA|PP755591.1|A/cattle/Texas/24-008749-003/2024(H5N1)	312	C	T	0	0	0	1	1	34	1	1	1	FALSE	NA:cds-XAJ25418.1	AAC	N	AAT	N	104
NA|PP755591.1|A/cattle/Texas/24-008749-003/2024(H5N1)	321	A	G	0	0	0	1	1	26	1	1	1	FALSE	NA:cds-XAJ25418.1	AGA	R	AGG	R	107
NA|PP755591.1|A/cattle/Texas/24-008749-003/2024(H5N1)	324	T	A	0	0	0	1	1	34	1	1	1	FALSE	NA:cds-XAJ25418.1	ATT	I	ATA	I	108
NA|PP755591.1|A/cattle/Texas/24-008749-003/2024(H5N1)	327	G	T	0	0	0	1	1	34	1	1	1	FALSE	NA:cds-XAJ25418.1	GGG	G	GGT	G	109
NA|PP755591.1|A/cattle/Texas/24-008749-003/2024(H5N1)	330	T	C	0	0	0	1	1	34	1	1	1	FALSE	NA:cds-XAJ25418.1	TCT	S	TCC	S	110
NA|PP755591.1|A/cattle/Texas/24-008749-003/2024(H5N1)	333	G	A	0	0	0	1	1	34	1	1	1	FALSE	NA:cds-XAJ25418.1	AAG	K	AAA	K	111
NA|PP755591.1|A/cattle/Texas/24-008749-003/2024(H5N1)	342	G	A	0	0	0	1	1	34	1	1	1	FALSE	NA:cds-XAJ25418.1	GTG	V	GTA	V	114
NA|PP755591.1|A/cattle/Texas/24-008749-003/2024(H5N1)	348	T	C	0	0	0	1	1	34	1	1	1	FALSE	NA:cds-XAJ25418.1	GTT	V	GTC	V	116
NA|PP755591.1|A/cattle/Texas/24-008749-003/2024(H5N1)	351	A	C	0	0	0	1	1	34	1	1	1	FALSE	NA:cds-XAJ25418.1	ATA	I	ATC	I	117
NA|PP755591.1|A/cattle/Texas/24-008749-003/2024(H5N1)	357	A	G	0	0	0	1	1	34	1	1	1	FALSE	NA:cds-XAJ25418.1	GAA	E	GAG	E	119
NA|PP755591.1|A/cattle/Texas/24-008749-003/2024(H5N1)	360	A	T	0	0	0	1	1	34	1	1	1	FALSE	NA:cds-XAJ25418.1	CCA	P	CCT	P	120
NA|PP755591.1|A/cattle/Texas/24-008749-003/2024(H5N1)	363	C	T	0	0	0	1	1	34	1	1	1	FALSE	NA:cds-XAJ25418.1	TTC	F	TTT	F	121
NA|PP755591.1|A/cattle/Texas/24-008749-003/2024(H5N1)	366	C	T	0	0	0	1	1	26	1	1	1	FALSE	NA:cds-XAJ25418.1	ATC	I	ATT	I	122
NA|PP755591.1|A/cattle/Texas/24-008749-003/2024(H5N1)	375	C	T	0	0	0	293	53	33	1	293	1.51338e-176	TRUE	NA:cds-XAJ25418.1	TCC	S	TCT	S	125
NA|PP755591.1|A/cattle/Texas/24-008749-003/2024(H5N1)	390	A	G	0	0	0	345	56	33	1	345	1.03243e-208	TRUE	NA:cds-XAJ25418.1	AGA	R	AGG	R	130
NA|PP755591.1|A/cattle/Texas/24-008749-003/2024(H5N1)	399	C	T	0	0	0	247	27	33	1	247	1.16378e-150	TRUE	NA:cds-XAJ25418.1	TTC	F	TTT	F	133
NA|PP755591.1|A/cattle/Texas/24-008749-003/2024(H5N1)	402	G	A	2	0	34	251	32	33	0.992095	253	4.36029e-147	TRUE	NA:cds-XAJ25418.1	CTG	L	CTA	L	134
NA|PP755591.1|A/cattle/Texas/24-008749-003/2024(H5N1)	405	C	T	0	0	0	251	32	33	1	251	5.39626e-151	TRUE	NA:cds-XAJ25418.1	ACC	T	ACT	T	135
NA|PP755591.1|A/cattle/Texas/24-008749-003/2024(H5N1)	408	G	A	0	0	0	251	32	33	1	251	5.39626e-151	TRUE	NA:cds-XAJ25418.1	CAG	Q	CAA	Q	136
NA|PP755591.1|A/cattle/Texas/24-008749-003/2024(H5N1)	411	A	G	0	0	0	251	32	33	1	251	5.39626e-151	TRUE	NA:cds-XAJ25418.1	GGA	G	GGG	G	137
NA|PP755591.1|A/cattle/Texas/24-008749-003/2024(H5N1)	414	T	C	0	0	0	263	32	33	1	263	5.47008e-160	TRUE	NA:cds-XAJ25418.1	GCT	A	GCC	A	138
NA|PP755591.1|A/cattle/Texas/24-008749-003/2024(H5N1)	418	C	T	0	0	0	266	49	32	1	266	1.65772e-186	TRUE	NA:cds-XAJ25418.1	CTG	L	TTG	L	140
NA|PP755591.1|A/cattle/Texas/24-008749-003/2024(H5N1)	426	C	T	0	0	0	416	101	39	1	416	1.9899e-272	TRUE	NA:cds-XAJ25418.1	GAC	D	GAT	D	142
NA|PP755591.1|A/cattle/Texas/24-008749-003/2024(H5N1)	441	G	A	1	1	68	392	123	38	0.997455	393	1.02882e-249	TRUE	NA:cds-XAJ25418.1	GGG	G	GGA	G	147
NA|PP755591.1|A/cattle/Texas/24-008749-003/2024(H5N1)	444	A	C	1	1	34	393	126	38	0.997462	394	9.72938e-253	TRUE	NA:cds-XAJ25418.1	ACA	T	ACC	T	148
NA|PP755591.1|A/cattle/Texas/24-008749-003/2024(H5N1)	450	G	A	0	0	0	460	144	38	1	460	1.28615e-296	TRUE	NA:cds-XAJ25418.1	AAG	K	AAA	K	150
NA|PP755591.1|A/cattle/Texas/24-008749-003/2024(H5N1)	453	T	C	0	0	0	456	143	38	1	456	5.27884e-299	TRUE	NA:cds-XAJ25418.1	GAT	D	GAC	D	151
NA|PP755591.1|A/cattle/Texas/24-008749-003/2024(H5N1)	468	A	G	0	0	0	484	181	37	1	484	2.25836e-308	TRUE	NA:cds-XAJ25418.1	AGA	R	AGG	R	156
NA|PP755591.1|A/cattle/Texas/24-008749-003/2024(H5N1)	471	T	C	1	1	34	466	178	37	0.997859	467	5.41294e-300	TRUE	NA:cds-XAJ25418.1	ACT	T	ACC	T	157
NA|PP755591.1|A/cattle/Texas/24-008749-003/2024(H5N1)	472	T	C	0	0	0	476	176	37	1	476	9.79824e-306	TRUE	NA:cds-XAJ25418.1	TTG	L	CTG	L	158
NA|PP755591.1|A/cattle/Texas/24-008749-003/2024(H5N1)	480	T	C	0	0	0	485	182	37	1	485	8.42826e-310	TRUE	NA:cds-XAJ25418.1	AGT	S	AGC	S	160
NA|PP755591.1|A/cattle/Texas/24-008749-003/2024(H5N1)	483	T	C	0	0	0	486	183	37	1	486	3.9538e-310	TRUE	NA:cds-XAJ25418.1	TGT	C	TGC	C	161
NA|PP755591.1|A/cattle/Texas/24-008749-003/2024(H5N1)	486	C	T	1	1	34	484	179	37	0.997938	485	1.31952e-307	TRUE	NA:cds-XAJ25418.1	CCC	P	CCT	P	162
NA|PP755591.1|A/cattle/Texas/24-008749-003/2024(H5N1)	489	G	T	0	0	0	478	180	37	1	478	3.29891e-315	TRUE	NA:cds-XAJ25418.1	GTG	V	GTT	V	163
NA|PP755591.1|A/cattle/Texas/24-008749-003/2024(H5N1)	495	G	A	0	0	0	736	270	38	1	736	0	TRUE	NA:cds-XAJ25418.1	GAG	E	GAA	E	165
NA|PP755591.1|A/cattle/Texas/24-008749-003/2024(H5N1)	504	C	A	0	0	0	809	293	38	0.997534	811	0	TRUE	NA:cds-XAJ25418.1	TCC	S	TCA	S	168
NA|PP755591.1|A/cattle/Texas/24-008749-003/2024(H5N1)	507	G	A	3	1	45	834	293	38	0.995227	838	0	TRUE	NA:cds-XAJ25418.1	CCG	P	CCA	P	169
NA|PP755591.1|A/cattle/Texas/24-008749-003/2024(H5N1)	518	G	A	876	329	39	19	9	34	0.0212291	895	2.39423e-06	TRUE	NA:cds-XAJ25418.1	AGA	R	AAA	K	173
NA|PP755591.1|A/cattle/Texas/24-008749-003/2024(H5N1)	519	A	G	0	0	0	897	341	39	1	897	0	TRUE	NA:cds-XAJ25418.1	AGA	R	AGG	R	173
NA|PP755591.1|A/cattle/Texas/24-008749-003/2024(H5N1)	540	G	A	0	0	0	993	453	41	1	993	0	TRUE	NA:cds-XAJ25418.1	TCG	S	TCA	S	180
NA|PP755591.1|A/cattle/Texas/24-008749-003/2024(H5N1)	564	C	T	0	0	0	960	448	43	1	960	0	TRUE	NA:cds-XAJ25418.1	ATC	I	ATT	I	188
NA|PP755591.1|A/cattle/Texas/24-008749-003/2024(H5N1)	579	C	T	0	0	0	895	431	42	1	895	0	TRUE	NA:cds-XAJ25418.1	ATC	I	ATT	I	193
NA|PP755591.1|A/cattle/Texas/24-008749-003/2024(H5N1)	591	T	C	0	0	0	906	446	43	1	906	0	TRUE	NA:cds-XAJ25418.1	GGT	G	GGC	G	197
NA|PP755591.1|A/cattle/Texas/24-008749-003/2024(H5N1)	603	A	G	0	0	0	843	427	43	1	843	0	TRUE	NA:cds-XAJ25418.1	GGA	G	GGG	G	201
NA|PP755591.1|A/cattle/Texas/24-008749-003/2024(H5N1)	606	T	G	0	0	0	800	404	42	0.998752	801	0	TRUE	NA:cds-XAJ25418.1	GCT	A	GCG	A	202
NA|PP755591.1|A/cattle/Texas/24-008749-003/2024(H5N1)	621	G	A	3	1	34	785	448	40	0.996193	788	0	TRUE	NA:cds-XAJ25418.1	AAG	K	AAA	K	207
NA|PP755591.1|A/cattle/Texas/24-008749-003/2024(H5N1)	639	G	A	0	0	0	734	428	38	1	734	0	TRUE	NA:cds-XAJ25418.1	ACG	T	ACA	T	213
NA|PP755591.1|A/cattle/Texas/24-008749-003/2024(H5N1)	648	C	T	0	0	0	725	427	37	1	725	0	TRUE	NA:cds-XAJ25418.1	ATC	I	ATT	I	216
NA|PP755591.1|A/cattle/Texas/24-008749-003/2024(H5N1)	662	A	G	0	0	0	639	351	35	1	639	0	TRUE	NA:cds-XAJ25418.1	AAC	N	AGC	S	221
NA|PP755591.1|A/cattle/Texas/24-008749-003/2024(H5N1)	666	C	T	0	0	0	635	352	35	1	635	0	TRUE	NA:cds-XAJ25418.1	AAC	N	AAT	N	222
NA|PP755591.1|A/cattle/Texas/24-008749-003/2024(H5N1)	669	T	A	0	0	0	638	366	35	1	638	0	TRUE	NA:cds-XAJ25418.1	ATT	I	ATA	I	223
NA|PP755591.1|A/cattle/Texas/24-008749-003/2024(H5N1)	678	T	A	0	0	0	692	356	35	1	692	0	TRUE	NA:cds-XAJ25418.1	ACT	T	ACA	T	226
NA|PP755591.1|A/cattle/Texas/24-008749-003/2024(H5N1)	684	A	G	1	0	34	646	325	35	0.998454	647	0	TRUE	NA:cds-XAJ25418.1	GAA	E	GAG	E	228
NA|PP755591.1|A/cattle/Texas/24-008749-003/2024(H5N1)	695	C	T	639	318	34	16	4	33	0.0244275	655	5.81206e-06	TRUE	NA:cds-XAJ25418.1	GCT	A	GTT	V	232
NA|PP755591.1|A/cattle/Texas/24-008749-003/2024(H5N1)	696	T	C	0	0	0	543	245	35	1	543	0	TRUE	NA:cds-XAJ25418.1	GCT	A	GCC	A	232
NA|PP755591.1|A/cattle/Texas/24-008749-003/2024(H5N1)	700	G	A	0	0	0	548	246	36	0.998179	549	0	TRUE	NA:cds-XAJ25418.1	GTA	V	ATA	I	234
NA|PP755591.1|A/cattle/Texas/24-008749-003/2024(H5N1)	702	A	T	0	0	0	530	233	35	1	530	0	TRUE	NA:cds-XAJ25418.1	GTA	V	GTT	V	234
NA|PP755591.1|A/cattle/Texas/24-008749-003/2024(H5N1)	708	C	T	0	0	0	543	245	36	1	543	0	TRUE	NA:cds-XAJ25418.1	GGC	G	GGT	G	236
NA|PP755591.1|A/cattle/Texas/24-008749-003/2024(H5N1)	711	C	T	4	1	34	556	256	36	0.992857	560	0	TRUE	NA:cds-XAJ25418.1	TCC	S	TCT	S	237
NA|PP755591.1|A/cattle/Texas/24-008749-003/2024(H5N1)	717	C	T	0	0	0	567	262	36	1	567	0	TRUE	NA:cds-XAJ25418.1	TTC	F	TTT	F	239
NA|PP755591.1|A/cattle/Texas/24-008749-003/2024(H5N1)	721	G	A	0	0	0	601	292	36	1	601	0	TRUE	NA:cds-XAJ25418.1	GTA	V	ATA	I	241
NA|PP755591.1|A/cattle/Texas/24-008749-003/2024(H5N1)	738	A	G	0	0	0	730	325	39	1	730	0	TRUE	NA:cds-XAJ25418.1	CCA	P	CCG	P	246
NA|PP755591.1|A/cattle/Texas/24-008749-003/2024(H5N1)	741	C	T	1	1	27	696	297	39	0.998565	697	0	TRUE	NA:cds-XAJ25418.1	AGC	S	AGT	S	247
NA|PP755591.1|A/cattle/Texas/24-008749-003/2024(H5N1)	747	G	C	1	0	26	707	349	40	0.995775	710	0	TRUE	NA:cds-XAJ25418.1	GGG	G	GGC	G	249
NA|PP755591.1|A/cattle/Texas/24-008749-003/2024(H5N1)	759	T	C	0	0	0	833	362	40	1	833	0	TRUE	NA:cds-XAJ25418.1	TAT	Y	TAC	Y	253
NA|PP755591.1|A/cattle/Texas/24-008749-003/2024(H5N1)	765	C	T	0	0	0	747	357	38	1	747	0	TRUE	NA:cds-XAJ25418.1	ATC	I	ATT	I	255
NA|PP755591.1|A/cattle/Texas/24-008749-003/2024(H5N1)	770	A	G	0	0	0	730	333	38	1	730	0	TRUE	NA:cds-XAJ25418.1	AAG	K	AGG	R	257
NA|PP755591.1|A/cattle/Texas/24-008749-003/2024(H5N1)	771	G	A	0	0	0	740	342	38	1	740	0	TRUE	NA:cds-XAJ25418.1	AAG	K	AAA	K	257
NA|PP755591.1|A/cattle/Texas/24-008749-003/2024(H5N1)	776	A	-G	733	347	36	793	0	20	0.885045	896	3.20007e-190	TRUE	NA	NA	NA	NA	NA	NA
NA|PP755591.1|A/cattle/Texas/24-008749-003/2024(H5N1)	777	G	A	0	0	0	81	32	32	1	81	1.26139e-120	TRUE	NA:cds-XAJ25418.1	GAG	E	GAA	E	259
NA|PP755591.1|A/cattle/Texas/24-008749-003/2024(H5N1)	780	A	G	638	317	36	78	29	32	0.108939	716	2.49474e-29	TRUE	NA:cds-XAJ25418.1	AAA	K	AAG	K	260
NA|PP755591.1|A/cattle/Texas/24-008749-003/2024(H5N1)	783	G	A	691	329	37	78	31	32	0.10143	769	3.81345e-28	TRUE	NA:cds-XAJ25418.1	GGG	G	GGA	G	261
NA|PP755591.1|A/cattle/Texas/24-008749-003/2024(H5N1)	786	A	G	667	310	37	79	32	32	0.105898	746	3.45131e-29	TRUE	NA:cds-XAJ25418.1	AAA	K	AAG	K	262
NA|PP755591.1|A/cattle/Texas/24-008749-003/2024(H5N1)	786	A	+G	667	310	37	801	0	20	0.876368	914	2.55927e-203	TRUE	NA	NA	NA	NA	NA	NA
NA|PP755591.1|A/cattle/Texas/24-008749-003/2024(H5N1)	789	T	A	0	0	0	104	54	35	1	104	1.03692e-145	TRUE	NA:cds-XAJ25418.1	GTT	V	GTA	V	263
NA|PP755591.1|A/cattle/Texas/24-008749-003/2024(H5N1)	804	A	G	0	0	0	880	463	39	1	880	0	TRUE	NA:cds-XAJ25418.1	GAA	E	GAG	E	268
NA|PP755591.1|A/cattle/Texas/24-008749-003/2024(H5N1)	805	A	T	0	0	0	830	433	39	1	830	0	TRUE	NA:cds-XAJ25418.1	ATG	M	TTG	L	269
NA|PP755591.1|A/cattle/Texas/24-008749-003/2024(H5N1)	828	C	T	3	1	50	1018	504	39	0.997062	1021	0	TRUE	NA:cds-XAJ25418.1	TAC	Y	TAT	Y	276
NA|PP755591.1|A/cattle/Texas/24-008749-003/2024(H5N1)	834	A	G	1	0	68	993	487	39	0.998994	994	0	TRUE	NA:cds-XAJ25418.1	GAA	E	GAG	E	278
NA|PP755591.1|A/cattle/Texas/24-008749-003/2024(H5N1)	855	G	T	1	1	33	323	116	34	0.996914	324	1.29376e-195	TRUE	NA:cds-XAJ25418.1	GCG	A	GCT	A	285
NA|PP755591.1|A/cattle/Texas/24-008749-003/2024(H5N1)	856	G	A	2	2	23	320	113	34	0.993789	322	3.45952e-192	TRUE	NA:cds-XAJ25418.1	GGT	G	AGT	S	286
NA|PP755591.1|A/cattle/Texas/24-008749-003/2024(H5N1)	858	T	C	0	0	0	315	117	34	0.996835	316	9.30317e-195	TRUE	NA:cds-XAJ25418.1	GGT	G	GGC	G	286
NA|PP755591.1|A/cattle/Texas/24-008749-003/2024(H5N1)	861	T	G	1	1	31	316	110	34	0.996845	317	2.78184e-192	TRUE	NA:cds-XAJ25418.1	GAT	D	GAG	E	287
NA|PP755591.1|A/cattle/Texas/24-008749-003/2024(H5N1)	862	A	G	1	1	30	322	118	34	0.996904	323	3.87079e-194	TRUE	NA:cds-XAJ25418.1	ATT	I	GTT	V	288
NA|PP755591.1|A/cattle/Texas/24-008749-003/2024(H5N1)	864	T	A	0	0	0	314	114	34	1	314	5.13699e-195	TRUE	NA:cds-XAJ25418.1	ATT	I	ATA	I	288
NA|PP755591.1|A/cattle/Texas/24-008749-003/2024(H5N1)	879	G	A	0	0	0	463	220	36	1	463	1.32797e-294	TRUE	NA:cds-XAJ25418.1	AGG	R	AGA	R	293
NA|PP755591.1|A/cattle/Texas/24-008749-003/2024(H5N1)	882	C	T	0	0	0	460	210	36	1	460	2.40855e-293	TRUE	NA:cds-XAJ25418.1	GAC	D	GAT	D	294
NA|PP755591.1|A/cattle/Texas/24-008749-003/2024(H5N1)	885	T	C	0	0	0	472	222	36	1	472	1.57975e-297	TRUE	NA:cds-XAJ25418.1	AAT	N	AAC	N	295
NA|PP755591.1|A/cattle/Texas/24-008749-003/2024(H5N1)	894	C	T	2	1	34	462	210	36	0.99569	464	4.59422e-293	TRUE	NA:cds-XAJ25418.1	GGC	G	GGT	G	298
NA|PP755591.1|A/cattle/Texas/24-008749-003/2024(H5N1)	897	G	A	0	0	0	461	228	36	1	461	3.20172e-297	TRUE	NA:cds-XAJ25418.1	TCG	S	TCA	S	299
NA|PP755591.1|A/cattle/Texas/24-008749-003/2024(H5N1)	903	G	A	4	2	34	466	225	36	0.991489	470	3.29621e-291	TRUE	NA:cds-XAJ25418.1	CGG	R	CGA	R	301
NA|PP755591.1|A/cattle/Texas/24-008749-003/2024(H5N1)	906	G	A	0	0	0	467	226	37	1	467	9.29823e-300	TRUE	NA:cds-XAJ25418.1	CCG	P	CCA	P	302
NA|PP755591.1|A/cattle/Texas/24-008749-003/2024(H5N1)	912	A	G	0	0	0	493	227	37	1	493	2.64891e-311	TRUE	NA:cds-XAJ25418.1	GTA	V	GTG	V	304
NA|PP755591.1|A/cattle/Texas/24-008749-003/2024(H5N1)	915	T	C	0	0	0	488	230	37	1	488	1.64749e-310	TRUE	NA:cds-XAJ25418.1	TCT	S	TCC	S	305
NA|PP755591.1|A/cattle/Texas/24-008749-003/2024(H5N1)	918	T	C	0	0	0	493	234	37	1	493	0	TRUE	NA:cds-XAJ25418.1	TTT	F	TTC	F	306
NA|PP755591.1|A/cattle/Texas/24-008749-003/2024(H5N1)	933	G	A	0	0	0	766	418	40	1	766	0	TRUE	NA:cds-XAJ25418.1	GAG	E	GAA	E	311
NA|PP755591.1|A/cattle/Texas/24-008749-003/2024(H5N1)	945	A	G	0	0	0	698	341	39	1	698	0	TRUE	NA:cds-XAJ25418.1	GGA	G	GGG	G	315
NA|PP755591.1|A/cattle/Texas/24-008749-003/2024(H5N1)	948	T	C	0	0	0	704	347	39	1	704	0	TRUE	NA:cds-XAJ25418.1	TAT	Y	TAC	Y	316
NA|PP755591.1|A/cattle/Texas/24-008749-003/2024(H5N1)	957	T	C	0	0	0	548	332	36	1	548	0	TRUE	NA:cds-XAJ25418.1	AGT	S	AGC	S	319
NA|PP755591.1|A/cattle/Texas/24-008749-003/2024(H5N1)	960	G	A	1	0	30	544	331	36	0.998165	545	0	TRUE	NA:cds-XAJ25418.1	GGG	G	GGA	G	320
NA|PP755591.1|A/cattle/Texas/24-008749-003/2024(H5N1)	961	A	G	0	0	0	554	332	36	1	554	0	TRUE	NA:cds-XAJ25418.1	ATT	I	GTT	V	321
NA|PP755591.1|A/cattle/Texas/24-008749-003/2024(H5N1)	966	C	T	0	0	0	555	338	36	1	555	0	TRUE	NA:cds-XAJ25418.1	TTC	F	TTT	F	322
NA|PP755591.1|A/cattle/Texas/24-008749-003/2024(H5N1)	969	G	A	0	0	0	553	340	36	1	553	0	TRUE	NA:cds-XAJ25418.1	GGG	G	GGA	G	323
NA|PP755591.1|A/cattle/Texas/24-008749-003/2024(H5N1)	975	T	C	0	0	0	588	376	37	1	588	0	TRUE	NA:cds-XAJ25418.1	AAT	N	AAC	N	325
NA|PP755591.1|A/cattle/Texas/24-008749-003/2024(H5N1)	978	C	G	0	0	0	587	379	36	1	587	0	TRUE	NA:cds-XAJ25418.1	CCC	P	CCG	P	326
NA|PP755591.1|A/cattle/Texas/24-008749-003/2024(H5N1)	986	A	G	0	0	0	777	450	38	1	777	0	TRUE	NA:cds-XAJ25418.1	AAT	N	AGT	S	329
NA|PP755591.1|A/cattle/Texas/24-008749-003/2024(H5N1)	1005	C	T	1	0	34	700	360	39	0.998573	701	0	TRUE	NA:cds-XAJ25418.1	TGC	C	TGT	C	335
NA|PP755591.1|A/cattle/Texas/24-008749-003/2024(H5N1)	1006	A	G	0	0	0	686	343	38	1	686	0	TRUE	NA:cds-XAJ25418.1	AGT	S	GGT	G	336
NA|PP755591.1|A/cattle/Texas/24-008749-003/2024(H5N1)	1012	A	G	0	0	0	742	368	39	1	742	0	TRUE	NA:cds-XAJ25418.1	ATG	M	GTG	V	338
NA|PP755591.1|A/cattle/Texas/24-008749-003/2024(H5N1)	1013	T	C	684	344	39	43	17	38	0.0591472	727	8.7543e-16	TRUE	NA:cds-XAJ25418.1	ATG	M	ACG	T	338
NA|PP755591.1|A/cattle/Texas/24-008749-003/2024(H5N1)	1015	C	T	0	0	0	720	368	38	1	720	0	TRUE	NA:cds-XAJ25418.1	CCC	P	TCC	S	339
NA|PP755591.1|A/cattle/Texas/24-008749-003/2024(H5N1)	1035	G	A	0	0	0	708	302	37	1	708	0	TRUE	NA:cds-XAJ25418.1	GGG	G	GGA	G	345
NA|PP755591.1|A/cattle/Texas/24-008749-003/2024(H5N1)	1038	A	G	0	0	0	718	307	37	1	718	0	TRUE	NA:cds-XAJ25418.1	GTA	V	GTG	V	346
NA|PP755591.1|A/cattle/Texas/24-008749-003/2024(H5N1)	1041	A	G	0	0	0	711	304	37	1	711	0	TRUE	NA:cds-XAJ25418.1	AAA	K	AAG	K	347
NA|PP755591.1|A/cattle/Texas/24-008749-003/2024(H5N1)	1044	G	A	0	0	0	694	306	36	1	694	0	TRUE	NA:cds-XAJ25418.1	GGG	G	GGA	G	348
NA|PP755591.1|A/cattle/Texas/24-008749-003/2024(H5N1)	1056	G	A	0	0	0	717	382	38	0.998607	718	0	TRUE	NA:cds-XAJ25418.1	AAG	K	AAA	K	352
NA|PP755591.1|A/cattle/Texas/24-008749-003/2024(H5N1)	1068	G	T	0	0	0	689	376	41	1	689	0	TRUE	NA:cds-XAJ25418.1	GGG	G	GGT	G	356
NA|PP755591.1|A/cattle/Texas/24-008749-003/2024(H5N1)	1077	C	A	0	0	0	686	360	40	0.998544	687	0	TRUE	NA:cds-XAJ25418.1	ATC	I	ATA	I	359
NA|PP755591.1|A/cattle/Texas/24-008749-003/2024(H5N1)	1084	A	G	644	341	41	17	5	34	0.0257186	661	8.02114e-07	TRUE	NA:cds-XAJ25418.1	ACA	T	GCA	A	362
NA|PP755591.1|A/cattle/Texas/24-008749-003/2024(H5N1)	1086	A	T	0	0	0	632	345	39	1	632	0	TRUE	NA:cds-XAJ25418.1	ACA	T	ACT	T	362
NA|PP755591.1|A/cattle/Texas/24-008749-003/2024(H5N1)	1092	C	T	0	0	0	607	340	38	1	607	0	TRUE	NA:cds-XAJ25418.1	AGC	S	AGT	S	364
NA|PP755591.1|A/cattle/Texas/24-008749-003/2024(H5N1)	1098	T	C	0	0	0	469	253	37	1	469	2.13173e-307	TRUE	NA:cds-XAJ25418.1	AGT	S	AGC	S	366
NA|PP755591.1|A/cattle/Texas/24-008749-003/2024(H5N1)	1101	C	A	0	0	0	459	248	37	1	459	3.13289e-299	TRUE	NA:cds-XAJ25418.1	TCC	S	TCA	S	367
NA|PP755591.1|A/cattle/Texas/24-008749-003/2024(H5N1)	1104	A	G	0	0	0	463	249	38	1	463	1.39582e-300	TRUE	NA:cds-XAJ25418.1	AGA	R	AGG	R	368
NA|PP755591.1|A/cattle/Texas/24-008749-003/2024(H5N1)	1107	C	T	1	1	34	457	237	37	0.997817	458	2.02361e-296	TRUE	NA:cds-XAJ25418.1	AGC	S	AGT	S	369
NA|PP755591.1|A/cattle/Texas/24-008749-003/2024(H5N1)	1110	C	G	0	0	0	457	239	37	0.995643	459	8.12332e-299	TRUE	NA:cds-XAJ25418.1	GGC	G	GGG	G	370
NA|PP755591.1|A/cattle/Texas/24-008749-003/2024(H5N1)	1122	T	C	0	0	0	571	337	38	1	571	0	TRUE	NA:cds-XAJ25418.1	ATT	I	ATC	I	374
NA|PP755591.1|A/cattle/Texas/24-008749-003/2024(H5N1)	1131	G	T	0	0	0	609	325	38	1	609	0	TRUE	NA:cds-XAJ25418.1	CCG	P	CCT	P	377
NA|PP755591.1|A/cattle/Texas/24-008749-003/2024(H5N1)	1143	T	G	0	0	0	626	327	38	1	626	0	TRUE	NA:cds-XAJ25418.1	ACT	T	ACG	T	381
NA|PP755591.1|A/cattle/Texas/24-008749-003/2024(H5N1)	1149	G	A	0	0	0	570	305	37	1	570	0	TRUE	NA:cds-XAJ25418.1	ACG	T	ACA	T	383
NA|PP755591.1|A/cattle/Texas/24-008749-003/2024(H5N1)	1155	T	C	1	1	26	550	298	36	0.998185	551	0	TRUE	NA:cds-XAJ25418.1	AGT	S	AGC	S	385
NA|PP755591.1|A/cattle/Texas/24-008749-003/2024(H5N1)	1161	C	T	0	0	0	490	299	34	1	490	2.24328e-308	TRUE	NA:cds-XAJ25418.1	TTC	F	TTT	F	387
NA|PP755591.1|A/cattle/Texas/24-008749-003/2024(H5N1)	1164	A	T	0	0	0	476	298	33	0.997904	477	3.14079e-292	TRUE	NA:cds-XAJ25418.1	TCA	S	TCT	S	388
NA|PP755591.1|A/cattle/Texas/24-008749-003/2024(H5N1)	1167	G	A	0	0	0	485	305	33	1	485	1.03414e-294	TRUE	NA:cds-XAJ25418.1	GTG	V	GTA	V	389
NA|PP755591.1|A/cattle/Texas/24-008749-003/2024(H5N1)	1176	C	T	0	0	0	507	280	33	0.998031	508	0	TRUE	NA:cds-XAJ25418.1	GAC	D	GAT	D	392
NA|PP755591.1|A/cattle/Texas/24-008749-003/2024(H5N1)	1184	A	C	1	0	34	523	303	34	0.994297	526	0	TRUE	NA:cds-XAJ25418.1	GAA	E	GCA	A	395
NA|PP755591.1|A/cattle/Texas/24-008749-003/2024(H5N1)	1190	C	T	0	0	0	481	256	33	1	481	2.63819e-292	TRUE	NA:cds-XAJ25418.1	ACT	T	ATT	I	397
NA|PP755591.1|A/cattle/Texas/24-008749-003/2024(H5N1)	1191	T	G	0	0	0	478	256	33	1	478	2.19747e-291	TRUE	NA:cds-XAJ25418.1	ACT	T	ACG	T	397
NA|PP755591.1|A/cattle/Texas/24-008749-003/2024(H5N1)	1192	G	A	468	252	33	12	8	32	0.025	480	7.81296e-05	TRUE	NA:cds-XAJ25418.1	GAC	D	AAC	N	398
NA|PP755591.1|A/cattle/Texas/24-008749-003/2024(H5N1)	1209	T	C	1	0	34	571	210	33	0.998252	572	0	TRUE	NA:cds-XAJ25418.1	AGT	S	AGC	S	403
NA|PP755591.1|A/cattle/Texas/24-008749-003/2024(H5N1)	1212	G	A	0	0	0	554	203	33	1	554	0	TRUE	NA:cds-XAJ25418.1	GGG	G	GGA	G	404
NA|PP755591.1|A/cattle/Texas/24-008749-003/2024(H5N1)	1214	G	A	583	210	33	11	4	34	0.0185185	594	0.000417032	TRUE	NA:cds-XAJ25418.1	AGT	S	AAT	N	405
NA|PP755591.1|A/cattle/Texas/24-008749-003/2024(H5N1)	1221	C	T	3	3	34	586	215	33	0.994907	589	0	TRUE	NA:cds-XAJ25418.1	GTC	V	GTT	V	407
NA|PP755591.1|A/cattle/Texas/24-008749-003/2024(H5N1)	1239	A	G	0	0	0	503	196	36	1	503	0	TRUE	NA:cds-XAJ25418.1	ACA	T	ACG	T	413
NA|PP755591.1|A/cattle/Texas/24-008749-003/2024(H5N1)	1242	A	G	1	1	34	512	188	35	0.998051	513	0	TRUE	NA:cds-XAJ25418.1	GGA	G	GGG	G	414
NA|PP755591.1|A/cattle/Texas/24-008749-003/2024(H5N1)	1245	A	G	1	1	34	527	208	36	0.998106	528	0	TRUE	NA:cds-XAJ25418.1	TTA	L	TTG	L	415
NA|PP755591.1|A/cattle/Texas/24-008749-003/2024(H5N1)	1254	G	A	0	0	0	617	309	40	0.998382	618	0	TRUE	NA:cds-XAJ25418.1	ATG	M	ATA	I	418
NA|PP755591.1|A/cattle/Texas/24-008749-003/2024(H5N1)	1263	T	C	0	0	0	676	377	41	1	676	0	TRUE	NA:cds-XAJ25418.1	TGT	C	TGC	C	421
NA|PP755591.1|A/cattle/Texas/24-008749-003/2024(H5N1)	1278	A	G	0	0	0	668	369	43	1	668	0	TRUE	NA:cds-XAJ25418.1	CTA	L	CTG	L	426
NA|PP755591.1|A/cattle/Texas/24-008749-003/2024(H5N1)	1281	T	C	0	0	0	687	394	43	0.998547	688	0	TRUE	NA:cds-XAJ25418.1	ATT	I	ATC	I	427
NA|PP755591.1|A/cattle/Texas/24-008749-003/2024(H5N1)	1287	G	A	0	0	0	690	402	44	1	690	0	TRUE	NA:cds-XAJ25418.1	GGG	G	GGA	G	429
NA|PP755591.1|A/cattle/Texas/24-008749-003/2024(H5N1)	1290	G	A	11	6	48	674	447	42	0.983942	685	0	TRUE	NA:cds-XAJ25418.1	AGG	R	AGA	R	430
NA|PP755591.1|A/cattle/Texas/24-008749-003/2024(H5N1)	1302	T	C	1	1	68	857	624	49	0.997672	859	0	TRUE	NA:cds-XAJ25418.1	AAT	N	AAC	N	434
NA|PP755591.1|A/cattle/Texas/24-008749-003/2024(H5N1)	1305	A	G	0	0	0	848	617	49	1	848	0	TRUE	NA:cds-XAJ25418.1	ACA	T	ACG	T	435
NA|PP755591.1|A/cattle/Texas/24-008749-003/2024(H5N1)	1311	G	A	812	593	50	44	32	42	0.0514019	856	1.24931e-18	TRUE	NA:cds-XAJ25418.1	TGG	W	TGA	*	437
NA|PP755591.1|A/cattle/Texas/24-008749-003/2024(H5N1)	1314	T	C	0	0	0	819	628	46	1	819	0	TRUE	NA:cds-XAJ25418.1	ACT	T	ACC	T	438
NA|PP755591.1|A/cattle/Texas/24-008749-003/2024(H5N1)	1317	C	T	0	0	0	809	615	46	1	809	0	TRUE	NA:cds-XAJ25418.1	AGC	S	AGT	S	439
NA|PP755591.1|A/cattle/Texas/24-008749-003/2024(H5N1)	1320	G	A	0	0	0	836	641	47	1	836	0	TRUE	NA:cds-XAJ25418.1	GGG	G	GGA	G	440
NA|PP755591.1|A/cattle/Texas/24-008749-003/2024(H5N1)	1329	A	T	0	0	0	861	665	47	1	861	0	TRUE	NA:cds-XAJ25418.1	ATA	I	ATT	I	443
NA|PP755591.1|A/cattle/Texas/24-008749-003/2024(H5N1)	1332	C	T	5	4	54	820	624	46	0.993939	825	0	TRUE	NA:cds-XAJ25418.1	TCC	S	TCT	S	444
NA|PP755591.1|A/cattle/Texas/24-008749-003/2024(H5N1)	1341	T	A	1	1	34	869	679	47	0.997704	871	0	TRUE	NA:cds-XAJ25418.1	GGT	G	GGA	G	447
NA|PP755591.1|A/cattle/Texas/24-008749-003/2024(H5N1)	1350	T	C	0	0	0	862	725	43	0.998841	863	0	TRUE	NA:cds-XAJ25418.1	AGT	S	AGC	S	450
