REGION	POS	REF	ALT	REF_DP	REF_RV	REF_QUAL	ALT_DP	ALT_RV	ALT_QUAL	ALT_FREQ	TOTAL_DP	PVAL	PASS	GFF_FEATURE	REF_CODON	REF_AA	ALT_CODON	ALT_AA	POS_AA
HA|PP755589.1|A/cattle/Texas/24-008749-003/2024(H5N1)	6	G	A	0	0	0	35	0	26	1	35	6.88552e-50	TRUE	HA:cds-XAJ25415.1	GAG	E	GAA	E	2
HA|PP755589.1|A/cattle/Texas/24-008749-003/2024(H5N1)	11	T	C	108	3	34	2	0	34	0.0181818	110	0.0268297	FALSE	HA:cds-XAJ25415.1	ATA	I	ACA	T	4
HA|PP755589.1|A/cattle/Texas/24-008749-003/2024(H5N1)	18	A	T	0	0	0	145	3	34	1	145	4.23383e-158	TRUE	HA:cds-XAJ25415.1	CTA	L	CTT	L	6
HA|PP755589.1|A/cattle/Texas/24-008749-003/2024(H5N1)	31	G	A	1	0	34	176	10	33	0.99435	177	1.82178e-181	TRUE	HA:cds-XAJ25415.1	GTT	V	ATT	I	11
HA|PP755589.1|A/cattle/Texas/24-008749-003/2024(H5N1)	71	A	G	388	44	35	4	1	34	0.0101781	393	0.00963183	TRUE	HA:cds-XAJ25415.1	CAT	H	CGT	R	24
HA|PP755589.1|A/cattle/Texas/24-008749-003/2024(H5N1)	93	A	G	0	0	0	522	57	35	1	522	0	TRUE	HA:cds-XAJ25415.1	CAA	Q	CAG	Q	31
HA|PP755589.1|A/cattle/Texas/24-008749-003/2024(H5N1)	123	T	C	0	0	0	605	122	35	1	605	0	TRUE	HA:cds-XAJ25415.1	ACT	T	ACC	T	41
HA|PP755589.1|A/cattle/Texas/24-008749-003/2024(H5N1)	154	A	G	0	0	0	804	298	38	1	804	0	TRUE	HA:cds-XAJ25415.1	ACA	T	GCA	A	52
HA|PP755589.1|A/cattle/Texas/24-008749-003/2024(H5N1)	171	A	C	0	0	0	814	347	37	1	814	0	TRUE	HA:cds-XAJ25415.1	CTA	L	CTC	L	57
HA|PP755589.1|A/cattle/Texas/24-008749-003/2024(H5N1)	174	C	T	2	0	34	837	344	37	0.997616	839	0	TRUE	HA:cds-XAJ25415.1	TGC	C	TGT	C	58
HA|PP755589.1|A/cattle/Texas/24-008749-003/2024(H5N1)	177	C	T	0	0	0	831	316	36	1	831	0	TRUE	HA:cds-XAJ25415.1	GAC	D	GAT	D	59
HA|PP755589.1|A/cattle/Texas/24-008749-003/2024(H5N1)	195	A	T	0	0	0	956	382	37	0.997912	958	0	TRUE	HA:cds-XAJ25415.1	CCA	P	CCT	P	65
HA|PP755589.1|A/cattle/Texas/24-008749-003/2024(H5N1)	210	C	T	0	0	0	1004	464	37	1	1004	0	TRUE	HA:cds-XAJ25415.1	GAC	D	GAT	D	70
HA|PP755589.1|A/cattle/Texas/24-008749-003/2024(H5N1)	213	C	T	0	0	0	1019	468	37	1	1019	0	TRUE	HA:cds-XAJ25415.1	TGC	C	TGT	C	71
HA|PP755589.1|A/cattle/Texas/24-008749-003/2024(H5N1)	231	C	T	2	0	34	861	326	36	0.997683	863	0	TRUE	HA:cds-XAJ25415.1	CTC	L	CTT	L	77
HA|PP755589.1|A/cattle/Texas/24-008749-003/2024(H5N1)	279	T	C	0	0	0	1139	548	36	1	1139	0	TRUE	HA:cds-XAJ25415.1	TCT	S	TCC	S	93
HA|PP755589.1|A/cattle/Texas/24-008749-003/2024(H5N1)	288	G	A	1040	412	35	19	8	34	0.0179245	1060	8.16379e-06	TRUE	HA:cds-XAJ25415.1	GTG	V	GTA	V	96
HA|PP755589.1|A/cattle/Texas/24-008749-003/2024(H5N1)	297	T	C	0	0	0	1068	439	36	0.999065	1069	0	TRUE	HA:cds-XAJ25415.1	GCT	A	GCC	A	99
HA|PP755589.1|A/cattle/Texas/24-008749-003/2024(H5N1)	300	C	T	1	0	34	1065	420	36	0.999062	1066	0	TRUE	HA:cds-XAJ25415.1	AAC	N	AAT	N	100
HA|PP755589.1|A/cattle/Texas/24-008749-003/2024(H5N1)	342	T	C	1124	465	36	124	37	35	0.099359	1248	1.87314e-40	TRUE	HA:cds-XAJ25415.1	TAT	Y	TAC	Y	114
HA|PP755589.1|A/cattle/Texas/24-008749-003/2024(H5N1)	358	A	C	0	0	0	1175	475	36	0.99915	1176	0	TRUE	HA:cds-XAJ25415.1	ATG	M	CTG	L	120
HA|PP755589.1|A/cattle/Texas/24-008749-003/2024(H5N1)	378	T	C	0	0	0	1161	443	37	0.999139	1162	0	TRUE	HA:cds-XAJ25415.1	CAT	H	CAC	H	126
HA|PP755589.1|A/cattle/Texas/24-008749-003/2024(H5N1)	392	A	T	0	0	0	1173	481	36	1	1173	0	TRUE	HA:cds-XAJ25415.1	CAG	Q	CTG	L	131
HA|PP755589.1|A/cattle/Texas/24-008749-003/2024(H5N1)	399	T	C	1	0	34	1189	505	37	0.99916	1190	0	TRUE	HA:cds-XAJ25415.1	ATT	I	ATC	I	133
HA|PP755589.1|A/cattle/Texas/24-008749-003/2024(H5N1)	468	A	G	0	0	0	1147	616	36	1	1147	0	TRUE	HA:cds-XAJ25415.1	GCA	A	GCG	A	156
HA|PP755589.1|A/cattle/Texas/24-008749-003/2024(H5N1)	549	T	C	0	0	0	1218	611	35	1	1218	0	TRUE	HA:cds-XAJ25415.1	ACT	T	ACC	T	183
HA|PP755589.1|A/cattle/Texas/24-008749-003/2024(H5N1)	621	C	T	0	0	0	1242	530	35	0.998392	1244	0	TRUE	HA:cds-XAJ25415.1	TAC	Y	TAT	Y	207
HA|PP755589.1|A/cattle/Texas/24-008749-003/2024(H5N1)	627	C	T	0	0	0	1136	455	34	1	1136	0	TRUE	HA:cds-XAJ25415.1	AAC	N	AAT	N	209
HA|PP755589.1|A/cattle/Texas/24-008749-003/2024(H5N1)	632	T	C	0	0	0	1239	545	36	1	1239	0	TRUE	HA:cds-XAJ25415.1	ATC	I	ACC	T	211
HA|PP755589.1|A/cattle/Texas/24-008749-003/2024(H5N1)	651	G	A	0	0	0	1212	528	35	1	1212	0	TRUE	HA:cds-XAJ25415.1	GGG	G	GGA	G	217
HA|PP755589.1|A/cattle/Texas/24-008749-003/2024(H5N1)	677	C	T	2	0	34	1229	529	36	0.998375	1231	0	TRUE	HA:cds-XAJ25415.1	GCA	A	GTA	V	226
HA|PP755589.1|A/cattle/Texas/24-008749-003/2024(H5N1)	744	C	T	0	0	0	1132	589	35	1	1132	0	TRUE	HA:cds-XAJ25415.1	ATC	I	ATT	I	248
HA|PP755589.1|A/cattle/Texas/24-008749-003/2024(H5N1)	762	A	C	0	0	0	1164	638	36	0.998285	1166	0	TRUE	HA:cds-XAJ25415.1	GCA	A	GCC	A	254
HA|PP755589.1|A/cattle/Texas/24-008749-003/2024(H5N1)	777	T	C	1	1	34	1108	569	35	0.999098	1109	0	TRUE	HA:cds-XAJ25415.1	AGT	S	AGC	S	259
HA|PP755589.1|A/cattle/Texas/24-008749-003/2024(H5N1)	780	C	T	0	0	0	1096	555	36	1	1096	0	TRUE	HA:cds-XAJ25415.1	AAC	N	AAT	N	260
HA|PP755589.1|A/cattle/Texas/24-008749-003/2024(H5N1)	819	T	C	2	1	34	1377	805	36	0.99855	1379	0	TRUE	HA:cds-XAJ25415.1	GTT	V	GTC	V	273
HA|PP755589.1|A/cattle/Texas/24-008749-003/2024(H5N1)	834	G	A	1	1	34	1342	788	35	0.999255	1343	0	TRUE	HA:cds-XAJ25415.1	TCG	S	TCA	S	278
HA|PP755589.1|A/cattle/Texas/24-008749-003/2024(H5N1)	867	T	C	3	1	60	1349	702	35	0.997781	1352	0	TRUE	HA:cds-XAJ25415.1	CAT	H	CAC	H	289
HA|PP755589.1|A/cattle/Texas/24-008749-003/2024(H5N1)	897	T	A	1	0	26	1223	598	34	0.999183	1224	0	TRUE	HA:cds-XAJ25415.1	GGT	G	GGA	G	299
HA|PP755589.1|A/cattle/Texas/24-008749-003/2024(H5N1)	921	T	C	2	0	34	1363	733	36	0.998535	1365	0	TRUE	HA:cds-XAJ25415.1	TTT	F	TTC	F	307
HA|PP755589.1|A/cattle/Texas/24-008749-003/2024(H5N1)	933	T	C	0	0	0	1339	571	36	0.997765	1342	0	TRUE	HA:cds-XAJ25415.1	CAT	H	CAC	H	311
HA|PP755589.1|A/cattle/Texas/24-008749-003/2024(H5N1)	963	C	T	1	0	34	1278	522	36	0.999218	1279	0	TRUE	HA:cds-XAJ25415.1	TAC	Y	TAT	Y	321
HA|PP755589.1|A/cattle/Texas/24-008749-003/2024(H5N1)	1022	A	G	0	0	0	1307	708	36	1	1307	0	TRUE	HA:cds-XAJ25415.1	AAG	K	AGG	R	341
HA|PP755589.1|A/cattle/Texas/24-008749-003/2024(H5N1)	1038	T	C	0	0	0	1320	764	36	1	1320	0	TRUE	HA:cds-XAJ25415.1	GGT	G	GGC	G	346
HA|PP755589.1|A/cattle/Texas/24-008749-003/2024(H5N1)	1080	G	A	2	2	34	1364	692	35	0.998536	1366	0	TRUE	HA:cds-XAJ25415.1	CAG	Q	CAA	Q	360
HA|PP755589.1|A/cattle/Texas/24-008749-003/2024(H5N1)	1143	G	A	2	1	34	2128	462	34	0.999061	2130	0	TRUE	HA:cds-XAJ25415.1	GCG	A	GCA	A	381
HA|PP755589.1|A/cattle/Texas/24-008749-003/2024(H5N1)	1314	A	C	0	0	0	2949	1490	37	0.999322	2951	0	TRUE	HA:cds-XAJ25415.1	ACA	T	ACC	T	438
HA|PP755589.1|A/cattle/Texas/24-008749-003/2024(H5N1)	1386	C	A	2958	1773	36	248	148	37	0.0772345	3211	1.26833e-78	TRUE	HA:cds-XAJ25415.1	AAC	N	AAA	K	462
HA|PP755589.1|A/cattle/Texas/24-008749-003/2024(H5N1)	1405	T	C	0	0	0	3161	1876	35	0.999368	3163	0	TRUE	HA:cds-XAJ25415.1	TTA	L	CTA	L	469
HA|PP755589.1|A/cattle/Texas/24-008749-003/2024(H5N1)	1415	G	A	386	225	35	2938	1614	35	0.883875	3324	0	TRUE	HA:cds-XAJ25415.1	AGG	R	AAG	K	472
HA|PP755589.1|A/cattle/Texas/24-008749-003/2024(H5N1)	1440	C	T	0	0	0	3301	1448	36	1	3301	0	TRUE	HA:cds-XAJ25415.1	AAC	N	AAT	N	480
HA|PP755589.1|A/cattle/Texas/24-008749-003/2024(H5N1)	1467	T	C	3	1	34	2940	1494	35	0.998981	2943	0	TRUE	HA:cds-XAJ25415.1	TGT	C	TGC	C	489
HA|PP755589.1|A/cattle/Texas/24-008749-003/2024(H5N1)	1471	A	G	0	0	0	2981	1495	35	1	2981	0	TRUE	HA:cds-XAJ25415.1	AAT	N	GAT	D	491
HA|PP755589.1|A/cattle/Texas/24-008749-003/2024(H5N1)	1576	G	A	1	1	34	2772	2198	37	0.999639	2773	0	TRUE	HA:cds-XAJ25415.1	GTA	V	ATA	I	526
HA|PP755589.1|A/cattle/Texas/24-008749-003/2024(H5N1)	1617	A	G	0	0	0	2855	2602	39	1	2855	0	TRUE	HA:cds-XAJ25415.1	GCA	A	GCG	A	539
HA|PP755589.1|A/cattle/Texas/24-008749-003/2024(H5N1)	1686	A	G	0	0	0	1426	1377	36	0.999299	1427	0	TRUE	HA:cds-XAJ25415.1	CAA	Q	CAG	Q	562
