REGION	POS	REF	ALT	REF_DP	REF_RV	REF_QUAL	ALT_DP	ALT_RV	ALT_QUAL	ALT_FREQ	TOTAL_DP	PVAL	PASS	GFF_FEATURE	REF_CODON	REF_AA	ALT_CODON	ALT_AA	POS_AA
NP|PP755592.1|A/cattle/Texas/24-008749-003/2024(H5N1)	10	C	A	428	110	34	42	0	24	0.0893617	470	4.19245e-22	TRUE	NP:cds-XAJ25419.1	CAA	Q	AAA	K	4
NP|PP755592.1|A/cattle/Texas/24-008749-003/2024(H5N1)	154	C	T	0	0	0	7160	3178	44	0.999721	7162	0	TRUE	NP:cds-XAJ25419.1	CAC	H	TAC	Y	52
NP|PP755592.1|A/cattle/Texas/24-008749-003/2024(H5N1)	207	G	A	6	4	40	7967	3892	44	0.999247	7973	0	TRUE	NP:cds-XAJ25419.1	TCG	S	TCA	S	69
NP|PP755592.1|A/cattle/Texas/24-008749-003/2024(H5N1)	219	A	G	0	0	0	7736	3588	42	0.999612	7739	0	TRUE	NP:cds-XAJ25419.1	GAA	E	GAG	E	73
NP|PP755592.1|A/cattle/Texas/24-008749-003/2024(H5N1)	230	A	G	3	2	40	8378	3703	43	0.999404	8383	0	TRUE	NP:cds-XAJ25419.1	AAG	K	AGG	R	77
NP|PP755592.1|A/cattle/Texas/24-008749-003/2024(H5N1)	240	G	A	8	3	43	8286	3833	44	0.999035	8294	0	TRUE	NP:cds-XAJ25419.1	GAG	E	GAA	E	80
NP|PP755592.1|A/cattle/Texas/24-008749-003/2024(H5N1)	249	C	T	7432	4127	40	102	57	43	0.0132554	7695	1.07836e-37	TRUE	NP:cds-XAJ25419.1	CCC	P	CCT	P	83
NP|PP755592.1|A/cattle/Texas/24-008749-003/2024(H5N1)	249	C	A	7432	4127	40	161	1	27	0.0209227	7695	5.22009e-10	TRUE	NP:cds-XAJ25419.1	CCC	P	CCA	P	83
NP|PP755592.1|A/cattle/Texas/24-008749-003/2024(H5N1)	258	A	G	50	45	28	8526	3217	43	0.993822	8579	0	TRUE	NP:cds-XAJ25419.1	GGA	G	GGG	G	86
NP|PP755592.1|A/cattle/Texas/24-008749-003/2024(H5N1)	267	C	A	7148	3521	39	95	0	25	0.0131125	7245	0.0317682	FALSE	NP:cds-XAJ25419.1	CCC	P	CCA	P	89
NP|PP755592.1|A/cattle/Texas/24-008749-003/2024(H5N1)	297	G	A	6	2	31	7370	3127	42	0.999187	7376	0	TRUE	NP:cds-XAJ25419.1	AGG	R	AGA	R	99
NP|PP755592.1|A/cattle/Texas/24-008749-003/2024(H5N1)	330	C	A	8034	3858	44	164	88	39	0.0200024	8199	2.74905e-44	TRUE	NP:cds-XAJ25419.1	CTC	L	CTA	L	110
NP|PP755592.1|A/cattle/Texas/24-008749-003/2024(H5N1)	357	T	C	0	0	0	8143	4331	45	1	8143	0	TRUE	NP:cds-XAJ25419.1	ATT	I	ATC	I	119
NP|PP755592.1|A/cattle/Texas/24-008749-003/2024(H5N1)	377	G	T	6242	2804	40	336	335	27	0.0510794	6578	1.95866e-60	TRUE	NP:cds-XAJ25419.1	GGA	G	GTA	V	126
NP|PP755592.1|A/cattle/Texas/24-008749-003/2024(H5N1)	405	C	T	0	0	0	8096	5115	44	0.999753	8098	0	TRUE	NP:cds-XAJ25419.1	CAC	H	CAT	H	135
NP|PP755592.1|A/cattle/Texas/24-008749-003/2024(H5N1)	480	T	C	1	1	40	7773	4498	42	0.999871	7774	0	TRUE	NP:cds-XAJ25419.1	GAT	D	GAC	D	160
NP|PP755592.1|A/cattle/Texas/24-008749-003/2024(H5N1)	495	A	T	0	0	0	7642	3742	42	1	7642	0	TRUE	NP:cds-XAJ25419.1	TCA	S	TCT	S	165
NP|PP755592.1|A/cattle/Texas/24-008749-003/2024(H5N1)	504	A	G	7736	3585	42	171	88	40	0.0216237	7908	3.499e-56	TRUE	NP:cds-XAJ25419.1	CAA	Q	CAG	Q	168
NP|PP755592.1|A/cattle/Texas/24-008749-003/2024(H5N1)	518	C	A	7048	3510	38	161	0	27	0.022327	7211	6.52936e-11	TRUE	NP:cds-XAJ25419.1	CCT	P	CAT	H	173
NP|PP755592.1|A/cattle/Texas/24-008749-003/2024(H5N1)	543	G	A	7	5	45	7614	2678	43	0.999081	7621	0	TRUE	NP:cds-XAJ25419.1	GCG	A	GCA	A	181
NP|PP755592.1|A/cattle/Texas/24-008749-003/2024(H5N1)	570	G	A	0	0	0	8044	2671	43	0.999751	8046	0	TRUE	NP:cds-XAJ25419.1	GTG	V	GTA	V	190
NP|PP755592.1|A/cattle/Texas/24-008749-003/2024(H5N1)	585	A	G	0	0	0	8167	2970	46	1	8167	0	TRUE	NP:cds-XAJ25419.1	CGA	R	CGG	R	195
NP|PP755592.1|A/cattle/Texas/24-008749-003/2024(H5N1)	600	A	G	3	3	25	7957	3027	45	0.999623	7960	0	TRUE	NP:cds-XAJ25419.1	GGA	G	GGG	G	200
NP|PP755592.1|A/cattle/Texas/24-008749-003/2024(H5N1)	621	G	T	6977	2153	41	80	80	24	0.0113363	7057	0.207763	FALSE	NP:cds-XAJ25419.1	TGG	W	TGT	C	207
NP|PP755592.1|A/cattle/Texas/24-008749-003/2024(H5N1)	627	T	C	2	0	40	7794	3251	44	0.999743	7796	0	TRUE	NP:cds-XAJ25419.1	GGT	G	GGC	G	209
NP|PP755592.1|A/cattle/Texas/24-008749-003/2024(H5N1)	633	C	T	0	0	0	7400	3334	44	0.999865	7401	0	TRUE	NP:cds-XAJ25419.1	AAC	N	AAT	N	211
NP|PP755592.1|A/cattle/Texas/24-008749-003/2024(H5N1)	675	C	T	1	1	40	7191	4116	43	0.999722	7193	0	TRUE	NP:cds-XAJ25419.1	ATC	I	ATT	I	225
NP|PP755592.1|A/cattle/Texas/24-008749-003/2024(H5N1)	733	A	G	7571	4177	43	117	66	38	0.0152165	7689	2.42934e-29	TRUE	NP:cds-XAJ25419.1	AGC	S	GGC	G	245
NP|PP755592.1|A/cattle/Texas/24-008749-003/2024(H5N1)	756	A	G	0	0	0	7815	4507	43	1	7815	0	TRUE	NP:cds-XAJ25419.1	GAA	E	GAG	E	252
NP|PP755592.1|A/cattle/Texas/24-008749-003/2024(H5N1)	796	C	T	2	2	49	8211	4429	43	0.999391	8216	0	TRUE	NP:cds-XAJ25419.1	CTG	L	TTG	L	266
NP|PP755592.1|A/cattle/Texas/24-008749-003/2024(H5N1)	882	G	A	5	3	36	7685	3525	43	0.99922	7691	0	TRUE	NP:cds-XAJ25419.1	GAG	E	GAA	E	294
NP|PP755592.1|A/cattle/Texas/24-008749-003/2024(H5N1)	936	T	C	3	2	50	8506	3909	46	0.99953	8510	0	TRUE	NP:cds-XAJ25419.1	GTT	V	GTC	V	312
NP|PP755592.1|A/cattle/Texas/24-008749-003/2024(H5N1)	957	T	C	3	1	40	8358	3894	46	0.999522	8362	0	TRUE	NP:cds-XAJ25419.1	AAT	N	AAC	N	319
NP|PP755592.1|A/cattle/Texas/24-008749-003/2024(H5N1)	972	C	T	2	1	40	7896	3847	44	0.99962	7899	0	TRUE	NP:cds-XAJ25419.1	CAC	H	CAT	H	324
NP|PP755592.1|A/cattle/Texas/24-008749-003/2024(H5N1)	1008	A	G	2	0	32	7736	4106	43	0.998967	7744	0	TRUE	NP:cds-XAJ25419.1	GCA	A	GCG	A	336
NP|PP755592.1|A/cattle/Texas/24-008749-003/2024(H5N1)	1023	G	A	0	0	0	7908	4194	43	0.999621	7911	0	TRUE	NP:cds-XAJ25419.1	CTG	L	CTA	L	341
NP|PP755592.1|A/cattle/Texas/24-008749-003/2024(H5N1)	1047	A	G	5	2	35	7693	4215	43	0.99935	7698	0	TRUE	NP:cds-XAJ25419.1	GGA	G	GGG	G	349
NP|PP755592.1|A/cattle/Texas/24-008749-003/2024(H5N1)	1068	A	G	5	2	56	7924	3822	43	0.999243	7930	0	TRUE	NP:cds-XAJ25419.1	GGA	G	GGG	G	356
NP|PP755592.1|A/cattle/Texas/24-008749-003/2024(H5N1)	1117	A	T	0	0	0	8438	4494	45	0.999763	8440	0	TRUE	NP:cds-XAJ25419.1	ACA	T	TCA	S	373
NP|PP755592.1|A/cattle/Texas/24-008749-003/2024(H5N1)	1123	G	A	1	1	40	8299	4389	45	0.99988	8300	0	TRUE	NP:cds-XAJ25419.1	GAT	D	AAT	N	375
NP|PP755592.1|A/cattle/Texas/24-008749-003/2024(H5N1)	1125	T	C	1	0	40	8268	4381	45	0.999879	8269	0	TRUE	NP:cds-XAJ25419.1	GAT	D	GAC	D	375
NP|PP755592.1|A/cattle/Texas/24-008749-003/2024(H5N1)	1188	C	T	2	2	40	8405	4167	44	0.999524	8409	0	TRUE	NP:cds-XAJ25419.1	ACC	T	ACT	T	396
NP|PP755592.1|A/cattle/Texas/24-008749-003/2024(H5N1)	1212	A	G	1	0	40	7945	3889	44	0.999497	7949	0	TRUE	NP:cds-XAJ25419.1	GGA	G	GGG	G	404
NP|PP755592.1|A/cattle/Texas/24-008749-003/2024(H5N1)	1263	G	A	0	0	0	8045	3593	45	1	8045	0	TRUE	NP:cds-XAJ25419.1	GAG	E	GAA	E	421
NP|PP755592.1|A/cattle/Texas/24-008749-003/2024(H5N1)	1290	G	A	1	1	40	7588	3529	44	0.99921	7594	0	TRUE	NP:cds-XAJ25419.1	ACG	T	ACA	T	430
NP|PP755592.1|A/cattle/Texas/24-008749-003/2024(H5N1)	1445	A	G	0	0	0	5484	5028	43	1	5484	0	TRUE	NP:cds-XAJ25419.1	AAC	N	AGC	S	482
NP|PP755592.1|A/cattle/Texas/24-008749-003/2024(H5N1)	1469	G	T	1721	1390	33	209	209	24	0.10829	1930	1.70915e-76	TRUE	NP:cds-XAJ25419.1	GGA	G	GTA	V	490
