REGION	POS	REF	ALT	REF_DP	REF_RV	REF_QUAL	ALT_DP	ALT_RV	ALT_QUAL	ALT_FREQ	TOTAL_DP	PVAL	PASS	GFF_FEATURE	REF_CODON	REF_AA	ALT_CODON	ALT_AA	POS_AA
MP|PP755590.1|A/cattle/Texas/24-008749-003/2024(H5N1)	3	G	A	160	46	36	2	0	54	0.0123457	162	0.00170909	TRUE	M2:cds-XAJ25417.1	ATG	M	ATA	I	1
MP|PP755590.1|A/cattle/Texas/24-008749-003/2024(H5N1)	3	G	A	160	46	36	2	0	54	0.0123457	162	0.00170909	TRUE	M1:cds-XAJ25416.1	ATG	M	ATA	I	1
MP|PP755590.1|A/cattle/Texas/24-008749-003/2024(H5N1)	245	G	A	0	0	0	8559	3872	38	0.999883	8560	0	TRUE	M1:cds-XAJ25416.1	AGT	S	AAT	N	82
MP|PP755590.1|A/cattle/Texas/24-008749-003/2024(H5N1)	829	C	A	8270	6622	39	96	77	40	0.0114723	8368	2.91644e-32	TRUE	M2:cds-XAJ25417.1	TTC	F	TTA	L	39
