REGION	POS	REF	ALT	REF_DP	REF_RV	REF_QUAL	ALT_DP	ALT_RV	ALT_QUAL	ALT_FREQ	TOTAL_DP	PVAL	PASS	GFF_FEATURE	REF_CODON	REF_AA	ALT_CODON	ALT_AA	POS_AA
NS|PP755593.1|A/cattle/Texas/24-008749-003/2024(H5N1)	488	T	-G	2	1	56	3	0	20	1	3	0.285714	FALSE	NA	NA	NA	NA	NA	NA
NS|PP755593.1|A/cattle/Texas/24-008749-003/2024(H5N1)	496	C	A	0	0	0	2	1	57	1	2	0.1	FALSE	NS1:cds-XAJ25420.1	CTT	L	ATT	I	166
NS|PP755593.1|A/cattle/Texas/24-008749-003/2024(H5N1)	498	T	G	0	0	0	2	1	57	1	2	0.1	FALSE	NS1:cds-XAJ25420.1	CTT	L	CTG	L	166
NS|PP755593.1|A/cattle/Texas/24-008749-003/2024(H5N1)	508	A	T	0	0	0	3	1	51	1	3	0.0285714	FALSE	NEP:cds-XAJ25421.1	ATA	I	ATT	I	2
NS|PP755593.1|A/cattle/Texas/24-008749-003/2024(H5N1)	508	A	T	0	0	0	3	1	51	1	3	0.0285714	FALSE	NS1:cds-XAJ25420.1	ACT	T	TCT	S	170
NS|PP755593.1|A/cattle/Texas/24-008749-003/2024(H5N1)	511	G	A	1	0	77	2	1	37	0.666667	3	0.142857	FALSE	NEP:cds-XAJ25421.1	CTG	L	CTA	L	3
NS|PP755593.1|A/cattle/Texas/24-008749-003/2024(H5N1)	511	G	A	1	0	77	2	1	37	0.666667	3	0.142857	FALSE	NS1:cds-XAJ25420.1	GAT	D	AAT	N	171
NS|PP755593.1|A/cattle/Texas/24-008749-003/2024(H5N1)	512	A	C	1	1	38	3	1	49	0.75	4	0.0714286	FALSE	NEP:cds-XAJ25421.1	ATG	M	CTG	L	4
NS|PP755593.1|A/cattle/Texas/24-008749-003/2024(H5N1)	512	A	C	1	1	38	3	1	49	0.75	4	0.0714286	FALSE	NS1:cds-XAJ25420.1	GAT	D	GCT	A	171
NS|PP755593.1|A/cattle/Texas/24-008749-003/2024(H5N1)	513	T	A	0	0	0	3	2	50	1	3	0.0034965	TRUE	NEP:cds-XAJ25421.1	ATG	M	AAG	K	4
NS|PP755593.1|A/cattle/Texas/24-008749-003/2024(H5N1)	513	T	A	0	0	0	3	2	50	1	3	0.0034965	TRUE	NS1:cds-XAJ25420.1	GAT	D	GAA	E	171
NS|PP755593.1|A/cattle/Texas/24-008749-003/2024(H5N1)	537	G	A	8	6	60	9453	4397	67	0.998943	9463	0	TRUE	NEP:cds-XAJ25421.1	GGG	G	GAG	E	12
NS|PP755593.1|A/cattle/Texas/24-008749-003/2024(H5N1)	537	G	A	8	6	60	9453	4397	67	0.998943	9463	0	TRUE	NS1:cds-XAJ25420.1	GGG	G	GGA	G	179
NS|PP755593.1|A/cattle/Texas/24-008749-003/2024(H5N1)	538	G	A	3	2	73	9449	4391	67	0.999683	9452	0	TRUE	NEP:cds-XAJ25421.1	GGG	G	GGA	G	12
NS|PP755593.1|A/cattle/Texas/24-008749-003/2024(H5N1)	538	G	A	3	2	73	9449	4391	67	0.999683	9452	0	TRUE	NS1:cds-XAJ25420.1	GTC	V	ATC	I	180
NS|PP755593.1|A/cattle/Texas/24-008749-003/2024(H5N1)	549	A	T	3	1	46	9657	4654	65	0.999069	9666	0	TRUE	NEP:cds-XAJ25421.1	GAG	E	GTG	V	16
NS|PP755593.1|A/cattle/Texas/24-008749-003/2024(H5N1)	549	A	T	3	1	46	9657	4654	65	0.999069	9666	0	TRUE	NS1:cds-XAJ25420.1	GGA	G	GGT	G	183
NS|PP755593.1|A/cattle/Texas/24-008749-003/2024(H5N1)	571	A	T	0	0	0	9463	4817	66	0.998417	9478	0	TRUE	NEP:cds-XAJ25421.1	ACA	T	ACT	T	23
NS|PP755593.1|A/cattle/Texas/24-008749-003/2024(H5N1)	571	A	T	0	0	0	9463	4817	66	0.998417	9478	0	TRUE	NS1:cds-XAJ25420.1	ACA	T	TCA	S	191
NS|PP755593.1|A/cattle/Texas/24-008749-003/2024(H5N1)	574	G	A	3	2	71	9596	4908	66	0.999687	9599	0	TRUE	NEP:cds-XAJ25421.1	CAG	Q	CAA	Q	24
NS|PP755593.1|A/cattle/Texas/24-008749-003/2024(H5N1)	574	G	A	3	2	71	9596	4908	66	0.999687	9599	0	TRUE	NS1:cds-XAJ25420.1	GTT	V	ATT	I	192
NS|PP755593.1|A/cattle/Texas/24-008749-003/2024(H5N1)	581	T	C	7	2	61	9363	4808	65	0.999146	9371	0	TRUE	NEP:cds-XAJ25421.1	TCT	S	CCT	P	27
NS|PP755593.1|A/cattle/Texas/24-008749-003/2024(H5N1)	581	T	C	7	2	61	9363	4808	65	0.999146	9371	0	TRUE	NS1:cds-XAJ25420.1	GTC	V	GCC	A	194
NS|PP755593.1|A/cattle/Texas/24-008749-003/2024(H5N1)	582	C	G	0	0	0	9382	4800	66	0.99968	9385	0	TRUE	NEP:cds-XAJ25421.1	TCT	S	TGT	C	27
NS|PP755593.1|A/cattle/Texas/24-008749-003/2024(H5N1)	582	C	G	0	0	0	9382	4800	66	0.99968	9385	0	TRUE	NS1:cds-XAJ25420.1	GTC	V	GTG	V	194
NS|PP755593.1|A/cattle/Texas/24-008749-003/2024(H5N1)	590	C	A	1	0	73	9611	4925	66	0.999792	9613	0	TRUE	NEP:cds-XAJ25421.1	CTT	L	ATT	I	30
NS|PP755593.1|A/cattle/Texas/24-008749-003/2024(H5N1)	590	C	A	1	0	73	9611	4925	66	0.999792	9613	0	TRUE	NS1:cds-XAJ25420.1	ACT	T	AAT	N	197
NS|PP755593.1|A/cattle/Texas/24-008749-003/2024(H5N1)	592	T	A	0	0	0	9563	4993	67	0.999791	9565	0	TRUE	NEP:cds-XAJ25421.1	CTT	L	CTA	L	30
NS|PP755593.1|A/cattle/Texas/24-008749-003/2024(H5N1)	592	T	A	0	0	0	9563	4993	67	0.999791	9565	0	TRUE	NS1:cds-XAJ25420.1	TTA	L	ATA	I	198
NS|PP755593.1|A/cattle/Texas/24-008749-003/2024(H5N1)	610	A	G	6	5	35	9100	4700	65	0.999122	9108	0	TRUE	NEP:cds-XAJ25421.1	GGA	G	GGG	G	36
NS|PP755593.1|A/cattle/Texas/24-008749-003/2024(H5N1)	610	A	G	6	5	35	9100	4700	65	0.999122	9108	0	TRUE	NS1:cds-XAJ25420.1	AGA	R	GGA	G	204
NS|PP755593.1|A/cattle/Texas/24-008749-003/2024(H5N1)	614	G	T	1	1	22	8968	4655	64	0.999889	8969	0	TRUE	NEP:cds-XAJ25421.1	GCA	A	TCA	S	38
NS|PP755593.1|A/cattle/Texas/24-008749-003/2024(H5N1)	614	G	T	1	1	22	8968	4655	64	0.999889	8969	0	TRUE	NS1:cds-XAJ25420.1	AGC	S	ATC	I	205
NS|PP755593.1|A/cattle/Texas/24-008749-003/2024(H5N1)	616	A	C	1	0	39	9011	4719	65	0.999667	9014	0	TRUE	NEP:cds-XAJ25421.1	GCA	A	GCC	A	38
NS|PP755593.1|A/cattle/Texas/24-008749-003/2024(H5N1)	616	A	C	1	0	39	9011	4719	65	0.999667	9014	0	TRUE	NS1:cds-XAJ25420.1	AGT	S	CGT	R	206
NS|PP755593.1|A/cattle/Texas/24-008749-003/2024(H5N1)	619	A	G	3	2	73	9062	4777	65	0.999669	9065	0	TRUE	NEP:cds-XAJ25421.1	GTA	V	GTG	V	39
NS|PP755593.1|A/cattle/Texas/24-008749-003/2024(H5N1)	619	A	G	3	2	73	9062	4777	65	0.999669	9065	0	TRUE	NS1:cds-XAJ25420.1	AAT	N	GAT	D	207
NS|PP755593.1|A/cattle/Texas/24-008749-003/2024(H5N1)	625	G	A	7	4	68	9554	5457	68	0.999163	9562	0	TRUE	NEP:cds-XAJ25421.1	AGG	R	AGA	R	41
NS|PP755593.1|A/cattle/Texas/24-008749-003/2024(H5N1)	625	G	A	7	4	68	9554	5457	68	0.999163	9562	0	TRUE	NS1:cds-XAJ25420.1	GAT	D	AAT	N	209
NS|PP755593.1|A/cattle/Texas/24-008749-003/2024(H5N1)	631	A	G	4	1	76	9999	5735	67	0.9996	10003	0	TRUE	NEP:cds-XAJ25421.1	GGA	G	GGG	G	43
NS|PP755593.1|A/cattle/Texas/24-008749-003/2024(H5N1)	631	A	G	4	1	76	9999	5735	67	0.9996	10003	0	TRUE	NS1:cds-XAJ25420.1	AGA	R	GGA	G	211
NS|PP755593.1|A/cattle/Texas/24-008749-003/2024(H5N1)	660	G	C	0	0	0	8760	4947	69	0.999772	8762	0	TRUE	NEP:cds-XAJ25421.1	GGA	G	GCA	A	53
NS|PP755593.1|A/cattle/Texas/24-008749-003/2024(H5N1)	660	G	C	0	0	0	8760	4947	69	0.999772	8762	0	TRUE	NS1:cds-XAJ25420.1	CGG	R	CGC	R	220
NS|PP755593.1|A/cattle/Texas/24-008749-003/2024(H5N1)	661	A	T	1	1	77	8757	4950	69	0.99829	8772	0	TRUE	NEP:cds-XAJ25421.1	GGA	G	GGT	G	53
NS|PP755593.1|A/cattle/Texas/24-008749-003/2024(H5N1)	661	A	T	1	1	77	8757	4950	69	0.99829	8772	0	TRUE	NS1:cds-XAJ25420.1	AAA	K	TAA	*	221
NS|PP755593.1|A/cattle/Texas/24-008749-003/2024(H5N1)	663	A	C	0	0	0	8781	4970	69	0.999772	8783	0	TRUE	NEP:cds-XAJ25421.1	AAA	K	ACA	T	54
NS|PP755593.1|A/cattle/Texas/24-008749-003/2024(H5N1)	663	A	C	0	0	0	8781	4970	69	0.999772	8783	0	TRUE	NS1:cds-XAJ25420.1	AAA	K	AAC	N	221
NS|PP755593.1|A/cattle/Texas/24-008749-003/2024(H5N1)	668	A	C	1	1	75	8744	4944	69	0.999657	8747	0	TRUE	NEP:cds-XAJ25421.1	AGA	R	CGA	R	56
NS|PP755593.1|A/cattle/Texas/24-008749-003/2024(H5N1)	668	A	C	1	1	75	8744	4944	69	0.999657	8747	0	TRUE	NS1:cds-XAJ25420.1	GAG	E	GCG	A	223
NS|PP755593.1|A/cattle/Texas/24-008749-003/2024(H5N1)	672	G	A	3	3	49	8776	4982	68	0.999544	8780	0	TRUE	NEP:cds-XAJ25421.1	GGA	G	GAA	E	57
NS|PP755593.1|A/cattle/Texas/24-008749-003/2024(H5N1)	672	G	A	3	3	49	8776	4982	68	0.999544	8780	0	TRUE	NS1:cds-XAJ25420.1	AGG	R	AGA	R	224
NS|PP755593.1|A/cattle/Texas/24-008749-003/2024(H5N1)	674	C	G	0	0	0	8777	4965	70	1	8777	0	TRUE	NEP:cds-XAJ25421.1	CAA	Q	GAA	E	58
NS|PP755593.1|A/cattle/Texas/24-008749-003/2024(H5N1)	674	C	G	0	0	0	8777	4965	70	1	8777	0	TRUE	NS1:cds-XAJ25420.1	ACA	T	AGA	R	225
NS|PP755593.1|A/cattle/Texas/24-008749-003/2024(H5N1)	676	A	G	4	2	64	8767	4956	70	0.999544	8771	0	TRUE	NEP:cds-XAJ25421.1	CAA	Q	CAG	Q	58
NS|PP755593.1|A/cattle/Texas/24-008749-003/2024(H5N1)	676	A	G	4	2	64	8767	4956	70	0.999544	8771	0	TRUE	NS1:cds-XAJ25420.1	ATT	I	GTT	V	226
NS|PP755593.1|A/cattle/Texas/24-008749-003/2024(H5N1)	697	A	G	3	1	70	145	58	48	0.97973	148	2.6682e-109	TRUE	NEP:cds-XAJ25421.1	GAA	E	GAG	E	65
NS|PP755593.1|A/cattle/Texas/24-008749-003/2024(H5N1)	700	A	C	0	0	0	129	58	50	1	129	9.92658e-92	TRUE	NEP:cds-XAJ25421.1	ATA	I	ATC	I	66
NS|PP755593.1|A/cattle/Texas/24-008749-003/2024(H5N1)	703	G	A	1	0	45	129	58	49	0.992308	130	7.61983e-90	TRUE	NEP:cds-XAJ25421.1	AGG	R	AGA	R	67
NS|PP755593.1|A/cattle/Texas/24-008749-003/2024(H5N1)	709	G	A	2	0	57	74	25	44	0.973684	76	4.16349e-47	TRUE	NEP:cds-XAJ25421.1	CTG	L	CTA	L	69
NS|PP755593.1|A/cattle/Texas/24-008749-003/2024(H5N1)	714	A	T	1	1	20	1	1	47	0.0357143	28	0.0465116	FALSE	NEP:cds-XAJ25421.1	GAA	E	GTA	V	71
NS|PP755593.1|A/cattle/Texas/24-008749-003/2024(H5N1)	714	A	C	1	1	20	26	10	32	0.928571	28	6.16883e-18	TRUE	NEP:cds-XAJ25421.1	GAA	E	GCA	A	71
