REGION	POS	REF	ALT	REF_DP	REF_RV	REF_QUAL	ALT_DP	ALT_RV	ALT_QUAL	ALT_FREQ	TOTAL_DP	PVAL	PASS	GFF_FEATURE	REF_CODON	REF_AA	ALT_CODON	ALT_AA	POS_AA
PB2|PP755596.1|A/cattle/Texas/24-008749-003/2024(H5N1)	240	G	A	0	0	0	1959	1022	38	0.99949	1960	0	TRUE	PB2:cds-XAJ25426.1	AAG	K	AAA	K	80
PB2|PP755596.1|A/cattle/Texas/24-008749-003/2024(H5N1)	630	G	A	2	2	34	2421	1395	38	0.999175	2423	0	TRUE	PB2:cds-XAJ25426.1	GAG	E	GAA	E	210
PB2|PP755596.1|A/cattle/Texas/24-008749-003/2024(H5N1)	764	C	T	1	1	34	2569	1162	38	0.999611	2570	0	TRUE	PB2:cds-XAJ25426.1	GCA	A	GTA	V	255
PB2|PP755596.1|A/cattle/Texas/24-008749-003/2024(H5N1)	912	G	A	5	1	32	2817	1389	39	0.998228	2822	0	TRUE	PB2:cds-XAJ25426.1	GAG	E	GAA	E	304
PB2|PP755596.1|A/cattle/Texas/24-008749-003/2024(H5N1)	1128	A	G	2817	1377	39	87	45	38	0.0299587	2904	3.1549e-26	TRUE	PB2:cds-XAJ25426.1	AAA	K	AAG	K	376
PB2|PP755596.1|A/cattle/Texas/24-008749-003/2024(H5N1)	1392	G	A	3	2	68	2865	1845	39	0.998954	2868	0	TRUE	PB2:cds-XAJ25426.1	TTG	L	TTA	L	464
PB2|PP755596.1|A/cattle/Texas/24-008749-003/2024(H5N1)	2009	A	G	2	0	34	2545	1427	40	0.999215	2547	0	TRUE	PB2:cds-XAJ25426.1	AAA	K	AGA	R	670
