REGION	POS	REF	ALT	REF_DP	REF_RV	REF_QUAL	ALT_DP	ALT_RV	ALT_QUAL	ALT_FREQ	TOTAL_DP	PVAL	PASS	GFF_FEATURE	REF_CODON	REF_AA	ALT_CODON	ALT_AA	POS_AA
PB1|PP755595.1|A/cattle/Texas/24-008749-003/2024(H5N1)	6	T	C	17	2	35	1	0	27	0.0555556	18	0.224901	FALSE	PB1:cds-XAJ25424.1	GAT	D	GAC	D	2
PB1|PP755595.1|A/cattle/Texas/24-008749-003/2024(H5N1)	18	C	T	0	0	0	23	4	38	1	23	1.73628e-28	TRUE	PB1:cds-XAJ25424.1	ACC	T	ACT	T	6
PB1|PP755595.1|A/cattle/Texas/24-008749-003/2024(H5N1)	24	C	T	0	0	0	25	5	38	1	25	2.78052e-30	TRUE	PB1:cds-XAJ25424.1	CTC	L	CTT	L	8
PB1|PP755595.1|A/cattle/Texas/24-008749-003/2024(H5N1)	30	G	A	0	0	0	25	6	39	1	25	2.36675e-30	TRUE	PB1:cds-XAJ25424.1	TTG	L	TTA	L	10
PB1|PP755595.1|A/cattle/Texas/24-008749-003/2024(H5N1)	36	T	G	0	0	0	28	6	38	1	28	6.64465e-33	TRUE	PB1:cds-XAJ25424.1	GTT	V	GTG	V	12
PB1|PP755595.1|A/cattle/Texas/24-008749-003/2024(H5N1)	46	A	G	0	0	0	33	7	39	1	33	2.76209e-37	TRUE	PB1:cds-XAJ25424.1	AAT	N	GAT	D	16
PB1|PP755595.1|A/cattle/Texas/24-008749-003/2024(H5N1)	57	C	T	0	0	0	45	10	38	1	45	1.17428e-47	TRUE	PB1:cds-XAJ25424.1	AGC	S	AGT	S	19
PB1|PP755595.1|A/cattle/Texas/24-008749-003/2024(H5N1)	69	G	T	0	0	0	80	15	35	1	80	8.8846e-73	TRUE	PB1:cds-XAJ25424.1	CCG	P	CCT	P	23
PB1|PP755595.1|A/cattle/Texas/24-008749-003/2024(H5N1)	72	T	C	0	0	0	86	16	35	1	86	3.21778e-78	TRUE	PB1:cds-XAJ25424.1	TAT	Y	TAC	Y	24
PB1|PP755595.1|A/cattle/Texas/24-008749-003/2024(H5N1)	105	A	G	0	0	0	148	28	36	1	148	6.09631e-117	TRUE	PB1:cds-XAJ25424.1	GGA	G	GGG	G	35
PB1|PP755595.1|A/cattle/Texas/24-008749-003/2024(H5N1)	105	A	G	0	0	0	148	28	36	1	148	6.09631e-117	TRUE	PB1-F2:cds-XAJ25425.1	GAA	E	GGA	G	4
PB1|PP755595.1|A/cattle/Texas/24-008749-003/2024(H5N1)	111	A	G	143	28	36	2	0	34	0.0137931	145	0.12391	FALSE	PB1:cds-XAJ25424.1	GGA	G	GGG	G	37
PB1|PP755595.1|A/cattle/Texas/24-008749-003/2024(H5N1)	111	A	G	143	28	36	2	0	34	0.0137931	145	0.12391	FALSE	PB1-F2:cds-XAJ25425.1	GAT	D	GGT	G	6
PB1|PP755595.1|A/cattle/Texas/24-008749-003/2024(H5N1)	114	T	C	0	0	0	101	16	36	1	101	6.89951e-80	TRUE	PB1:cds-XAJ25424.1	TAT	Y	TAC	Y	38
PB1|PP755595.1|A/cattle/Texas/24-008749-003/2024(H5N1)	114	T	C	0	0	0	101	16	36	1	101	6.89951e-80	TRUE	PB1-F2:cds-XAJ25425.1	ATA	I	ACA	T	7
PB1|PP755595.1|A/cattle/Texas/24-008749-003/2024(H5N1)	117	C	A	0	0	0	98	14	35	1	98	3.02039e-76	TRUE	PB1:cds-XAJ25424.1	ACC	T	ACA	T	39
PB1|PP755595.1|A/cattle/Texas/24-008749-003/2024(H5N1)	117	C	A	0	0	0	98	14	35	1	98	3.02039e-76	TRUE	PB1-F2:cds-XAJ25425.1	CCA	P	CAA	Q	8
PB1|PP755595.1|A/cattle/Texas/24-008749-003/2024(H5N1)	119	T	-G	100	17	35	13	0	20	0.0730337	178	2.84897e-05	TRUE	NA	NA	NA	NA	NA	NA
PB1|PP755595.1|A/cattle/Texas/24-008749-003/2024(H5N1)	129	T	C	0	0	0	100	23	35	1	100	4.3518e-67	TRUE	PB1:cds-XAJ25424.1	GTT	V	GTC	V	43
PB1|PP755595.1|A/cattle/Texas/24-008749-003/2024(H5N1)	129	T	C	0	0	0	100	23	35	1	100	4.3518e-67	TRUE	PB1-F2:cds-XAJ25425.1	TTA	L	TCA	S	12
PB1|PP755595.1|A/cattle/Texas/24-008749-003/2024(H5N1)	147	T	C	0	0	0	68	17	34	1	68	1.28452e-43	TRUE	PB1:cds-XAJ25424.1	TAT	Y	TAC	Y	49
PB1|PP755595.1|A/cattle/Texas/24-008749-003/2024(H5N1)	147	T	C	0	0	0	68	17	34	1	68	1.28452e-43	TRUE	PB1-F2:cds-XAJ25425.1	ATT	I	ACT	T	18
PB1|PP755595.1|A/cattle/Texas/24-008749-003/2024(H5N1)	153	A	G	0	0	0	47	17	35	1	47	2.23518e-29	TRUE	PB1:cds-XAJ25424.1	GAA	E	GAG	E	51
PB1|PP755595.1|A/cattle/Texas/24-008749-003/2024(H5N1)	153	A	G	0	0	0	47	17	35	1	47	2.23518e-29	TRUE	PB1-F2:cds-XAJ25425.1	AAA	K	AGA	R	20
PB1|PP755595.1|A/cattle/Texas/24-008749-003/2024(H5N1)	156	A	G	0	0	0	46	17	35	1	46	6.28207e-28	TRUE	PB1:cds-XAJ25424.1	AAA	K	AAG	K	52
PB1|PP755595.1|A/cattle/Texas/24-008749-003/2024(H5N1)	156	A	G	0	0	0	46	17	35	1	46	6.28207e-28	TRUE	PB1-F2:cds-XAJ25425.1	AAG	K	AGG	R	21
PB1|PP755595.1|A/cattle/Texas/24-008749-003/2024(H5N1)	159	G	A	0	0	0	46	17	35	1	46	6.28207e-28	TRUE	PB1:cds-XAJ25424.1	GGG	G	GGA	G	53
PB1|PP755595.1|A/cattle/Texas/24-008749-003/2024(H5N1)	159	G	A	0	0	0	46	17	35	1	46	6.28207e-28	TRUE	PB1-F2:cds-XAJ25425.1	GGA	G	GAA	E	22
PB1|PP755595.1|A/cattle/Texas/24-008749-003/2024(H5N1)	166	A	T	47	18	35	1	0	34	0.0208333	48	0.489796	FALSE	PB1:cds-XAJ25424.1	ACA	T	TCA	S	56
PB1|PP755595.1|A/cattle/Texas/24-008749-003/2024(H5N1)	166	A	T	47	18	35	1	0	34	0.0208333	48	0.489796	FALSE	PB1-F2:cds-XAJ25425.1	GGA	G	GGT	G	24
PB1|PP755595.1|A/cattle/Texas/24-008749-003/2024(H5N1)	175	T	A	0	0	0	47	19	35	1	47	1.58636e-28	TRUE	PB1:cds-XAJ25424.1	TCA	S	ACA	T	59
PB1|PP755595.1|A/cattle/Texas/24-008749-003/2024(H5N1)	175	T	A	0	0	0	47	19	35	1	47	1.58636e-28	TRUE	PB1-F2:cds-XAJ25425.1	ACT	T	ACA	T	27
PB1|PP755595.1|A/cattle/Texas/24-008749-003/2024(H5N1)	186	G	A	0	0	0	48	22	38	1	48	8.57002e-31	TRUE	PB1:cds-XAJ25424.1	GGG	G	GGA	G	62
PB1|PP755595.1|A/cattle/Texas/24-008749-003/2024(H5N1)	186	G	A	0	0	0	48	22	38	1	48	8.57002e-31	TRUE	PB1-F2:cds-XAJ25425.1	GGG	G	GAG	E	31
PB1|PP755595.1|A/cattle/Texas/24-008749-003/2024(H5N1)	201	T	C	0	0	0	49	23	37	1	49	7.49877e-31	TRUE	PB1:cds-XAJ25424.1	AAT	N	AAC	N	67
PB1|PP755595.1|A/cattle/Texas/24-008749-003/2024(H5N1)	201	T	C	0	0	0	49	23	37	1	49	7.49877e-31	TRUE	PB1-F2:cds-XAJ25425.1	ATC	I	ACC	T	36
PB1|PP755595.1|A/cattle/Texas/24-008749-003/2024(H5N1)	213	A	G	0	0	0	25	18	34	1	25	7.91073e-15	TRUE	PB1:cds-XAJ25424.1	GGA	G	GGG	G	71
PB1|PP755595.1|A/cattle/Texas/24-008749-003/2024(H5N1)	213	A	G	0	0	0	25	18	34	1	25	7.91073e-15	TRUE	PB1-F2:cds-XAJ25425.1	GAC	D	GGC	G	40
PB1|PP755595.1|A/cattle/Texas/24-008749-003/2024(H5N1)	217	T	C	0	0	0	22	18	33	1	22	9.50526e-13	TRUE	PB1:cds-XAJ25424.1	TTG	L	CTG	L	73
PB1|PP755595.1|A/cattle/Texas/24-008749-003/2024(H5N1)	217	T	C	0	0	0	22	18	33	1	22	9.50526e-13	TRUE	PB1-F2:cds-XAJ25425.1	CAT	H	CAC	H	41
PB1|PP755595.1|A/cattle/Texas/24-008749-003/2024(H5N1)	219	G	A	0	0	0	22	18	33	1	22	4.75263e-13	TRUE	PB1:cds-XAJ25424.1	TTG	L	TTA	L	73
PB1|PP755595.1|A/cattle/Texas/24-008749-003/2024(H5N1)	219	G	A	0	0	0	22	18	33	1	22	4.75263e-13	TRUE	PB1-F2:cds-XAJ25425.1	TGC	C	TAC	Y	42
PB1|PP755595.1|A/cattle/Texas/24-008749-003/2024(H5N1)	225	T	G	0	0	0	20	16	33	1	20	7.25444e-12	TRUE	PB1:cds-XAJ25424.1	GAT	D	GAG	E	75
PB1|PP755595.1|A/cattle/Texas/24-008749-003/2024(H5N1)	225	T	G	0	0	0	20	16	33	1	20	7.25444e-12	TRUE	PB1-F2:cds-XAJ25425.1	ATG	M	AGG	R	44
PB1|PP755595.1|A/cattle/Texas/24-008749-003/2024(H5N1)	231	T	C	0	0	0	19	16	33	1	19	5.65847e-11	TRUE	PB1:cds-XAJ25424.1	AAT	N	AAC	N	77
PB1|PP755595.1|A/cattle/Texas/24-008749-003/2024(H5N1)	231	T	C	0	0	0	19	16	33	1	19	5.65847e-11	TRUE	PB1-F2:cds-XAJ25425.1	ATG	M	ACG	T	46
PB1|PP755595.1|A/cattle/Texas/24-008749-003/2024(H5N1)	234	G	A	0	0	0	17	16	33	1	17	2.20382e-10	TRUE	PB1:cds-XAJ25424.1	GAG	E	GAA	E	78
PB1|PP755595.1|A/cattle/Texas/24-008749-003/2024(H5N1)	234	G	A	0	0	0	17	16	33	1	17	2.20382e-10	TRUE	PB1-F2:cds-XAJ25425.1	AGC	S	AAC	N	47
PB1|PP755595.1|A/cattle/Texas/24-008749-003/2024(H5N1)	240	T	C	0	0	0	22	17	34	1	22	2.42912e-13	TRUE	PB1:cds-XAJ25424.1	AGT	S	AGC	S	80
PB1|PP755595.1|A/cattle/Texas/24-008749-003/2024(H5N1)	240	T	C	0	0	0	22	17	34	1	22	2.42912e-13	TRUE	PB1-F2:cds-XAJ25425.1	GTG	V	GCG	A	49
PB1|PP755595.1|A/cattle/Texas/24-008749-003/2024(H5N1)	255	G	A	0	0	0	18	12	37	1	18	5.65847e-11	TRUE	PB1:cds-XAJ25424.1	ACG	T	ACA	T	85
PB1|PP755595.1|A/cattle/Texas/24-008749-003/2024(H5N1)	255	G	A	0	0	0	18	12	37	1	18	5.65847e-11	TRUE	PB1-F2:cds-XAJ25425.1	CGG	R	CAG	Q	54
PB1|PP755595.1|A/cattle/Texas/24-008749-003/2024(H5N1)	258	C	T	0	0	0	17	11	35	1	17	1.16313e-10	TRUE	PB1:cds-XAJ25424.1	GAC	D	GAT	D	86
PB1|PP755595.1|A/cattle/Texas/24-008749-003/2024(H5N1)	258	C	T	0	0	0	17	11	35	1	17	1.16313e-10	TRUE	PB1-F2:cds-XAJ25425.1	ACT	T	ATT	I	55
PB1|PP755595.1|A/cattle/Texas/24-008749-003/2024(H5N1)	264	C	G	0	0	0	18	12	37	1	18	5.65847e-11	TRUE	PB1:cds-XAJ25424.1	GTC	V	GTG	V	88
PB1|PP755595.1|A/cattle/Texas/24-008749-003/2024(H5N1)	264	C	G	0	0	0	18	12	37	1	18	5.65847e-11	TRUE	PB1-F2:cds-XAJ25425.1	TCC	S	TGC	C	57
PB1|PP755595.1|A/cattle/Texas/24-008749-003/2024(H5N1)	265	C	T	0	0	0	16	10	38	1	16	2.4631e-10	TRUE	PB1:cds-XAJ25424.1	CTT	L	TTT	F	89
PB1|PP755595.1|A/cattle/Texas/24-008749-003/2024(H5N1)	265	C	T	0	0	0	16	10	38	1	16	2.4631e-10	TRUE	PB1-F2:cds-XAJ25425.1	TCC	S	TCT	S	57
PB1|PP755595.1|A/cattle/Texas/24-008749-003/2024(H5N1)	267	T	G	0	0	0	18	12	37	1	18	5.65847e-11	TRUE	PB1:cds-XAJ25424.1	CTT	L	CTG	L	89
PB1|PP755595.1|A/cattle/Texas/24-008749-003/2024(H5N1)	267	T	G	0	0	0	18	12	37	1	18	5.65847e-11	TRUE	PB1-F2:cds-XAJ25425.1	TTG	L	TGG	W	58
PB1|PP755595.1|A/cattle/Texas/24-008749-003/2024(H5N1)	288	A	G	0	0	0	16	9	39	1	16	2.4631e-10	TRUE	PB1:cds-XAJ25424.1	GAA	E	GAG	E	96
PB1|PP755595.1|A/cattle/Texas/24-008749-003/2024(H5N1)	288	A	G	0	0	0	16	9	39	1	16	2.4631e-10	TRUE	PB1-F2:cds-XAJ25425.1	AAG	K	AGG	R	65
PB1|PP755595.1|A/cattle/Texas/24-008749-003/2024(H5N1)	291	A	G	0	0	0	16	9	39	1	16	4.53728e-10	TRUE	PB1:cds-XAJ25424.1	GAA	E	GAG	E	97
PB1|PP755595.1|A/cattle/Texas/24-008749-003/2024(H5N1)	291	A	G	0	0	0	16	9	39	1	16	4.53728e-10	TRUE	PB1-F2:cds-XAJ25425.1	AAT	N	AGT	S	66
PB1|PP755595.1|A/cattle/Texas/24-008749-003/2024(H5N1)	297	T	C	0	0	0	15	9	41	1	15	9.64173e-10	TRUE	PB1:cds-XAJ25424.1	CAT	H	CAC	H	99
PB1|PP755595.1|A/cattle/Texas/24-008749-003/2024(H5N1)	297	T	C	0	0	0	15	9	41	1	15	9.64173e-10	TRUE	PB1-F2:cds-XAJ25425.1	ATC	I	ACC	T	68
PB1|PP755595.1|A/cattle/Texas/24-008749-003/2024(H5N1)	303	A	G	0	0	0	14	8	42	1	14	3.77099e-09	TRUE	PB1:cds-XAJ25424.1	GGA	G	GGG	G	101
PB1|PP755595.1|A/cattle/Texas/24-008749-003/2024(H5N1)	303	A	G	0	0	0	14	8	42	1	14	3.77099e-09	TRUE	PB1-F2:cds-XAJ25425.1	GAA	E	GGA	G	70
PB1|PP755595.1|A/cattle/Texas/24-008749-003/2024(H5N1)	318	G	T	0	0	0	10	6	51	1	10	5.09877e-07	TRUE	PB1:cds-XAJ25424.1	TCG	S	TCT	S	106
PB1|PP755595.1|A/cattle/Texas/24-008749-003/2024(H5N1)	318	G	T	0	0	0	10	6	51	1	10	5.09877e-07	TRUE	PB1-F2:cds-XAJ25425.1	CGT	R	CTT	L	75
PB1|PP755595.1|A/cattle/Texas/24-008749-003/2024(H5N1)	339	T	C	0	0	0	9	4	49	1	9	3.40217e-06	TRUE	PB1:cds-XAJ25424.1	GTT	V	GTC	V	113
PB1|PP755595.1|A/cattle/Texas/24-008749-003/2024(H5N1)	339	T	C	0	0	0	9	4	49	1	9	3.40217e-06	TRUE	PB1-F2:cds-XAJ25425.1	TTG	L	TCG	S	82
PB1|PP755595.1|A/cattle/Texas/24-008749-003/2024(H5N1)	345	A	G	0	0	0	9	4	49	1	9	2.01037e-06	TRUE	PB1:cds-XAJ25424.1	CAA	Q	CAG	Q	115
PB1|PP755595.1|A/cattle/Texas/24-008749-003/2024(H5N1)	345	A	G	0	0	0	9	4	49	1	9	2.01037e-06	TRUE	PB1-F2:cds-XAJ25425.1	AAC	N	AGC	S	84
PB1|PP755595.1|A/cattle/Texas/24-008749-003/2024(H5N1)	363	G	A	0	0	0	6	2	37	1	6	0.000333	TRUE	PB1:cds-XAJ25424.1	AAG	K	AAA	K	121
PB1|PP755595.1|A/cattle/Texas/24-008749-003/2024(H5N1)	363	G	A	0	0	0	6	2	37	1	6	0.000333	TRUE	PB1-F2:cds-XAJ25425.1	AGT	S	AAT	N	90
PB1|PP755595.1|A/cattle/Texas/24-008749-003/2024(H5N1)	364	T	C	0	0	0	7	2	37	1	7	0.000291375	TRUE	PB1:cds-XAJ25424.1	TTG	L	CTG	L	122
PB1|PP755595.1|A/cattle/Texas/24-008749-003/2024(H5N1)	364	T	C	0	0	0	7	2	37	1	7	0.000291375	TRUE	PB1-F2:cds-XAJ25425.1	AGT	S	AGC	S	90
PB1|PP755595.1|A/cattle/Texas/24-008749-003/2024(H5N1)	366	G	A	0	0	0	7	2	38	1	7	0.000291375	TRUE	PB1:cds-XAJ25424.1	TTG	L	TTA	L	122
PB1|PP755595.1|A/cattle/Texas/24-008749-003/2024(H5N1)	366	G	A	0	0	0	7	2	38	1	7	0.000291375	TRUE	PB1-F2:cds-XAJ25425.1	TGA	*	TAA	*	91
PB1|PP755595.1|A/cattle/Texas/24-008749-003/2024(H5N1)	369	C	T	0	0	0	7	2	38	1	7	0.000291375	TRUE	PB1:cds-XAJ25424.1	ACC	T	ACT	T	123
PB1|PP755595.1|A/cattle/Texas/24-008749-003/2024(H5N1)	375	C	T	0	0	0	7	2	38	1	7	0.000291375	TRUE	PB1:cds-XAJ25424.1	GGC	G	GGT	G	125
PB1|PP755595.1|A/cattle/Texas/24-008749-003/2024(H5N1)	378	T	C	0	0	0	7	2	38	1	7	0.000291375	TRUE	PB1:cds-XAJ25424.1	CGT	R	CGC	R	126
PB1|PP755595.1|A/cattle/Texas/24-008749-003/2024(H5N1)	384	T	C	0	0	0	7	2	38	1	7	0.000291375	TRUE	PB1:cds-XAJ25424.1	ACT	T	ACC	T	128
PB1|PP755595.1|A/cattle/Texas/24-008749-003/2024(H5N1)	397	T	C	0	0	0	7	2	38	1	7	0.000291375	TRUE	PB1:cds-XAJ25424.1	TTA	L	CTA	L	133
PB1|PP755595.1|A/cattle/Texas/24-008749-003/2024(H5N1)	402	C	T	0	0	0	7	2	38	1	7	0.000291375	TRUE	PB1:cds-XAJ25424.1	AAC	N	AAT	N	134
PB1|PP755595.1|A/cattle/Texas/24-008749-003/2024(H5N1)	408	T	C	0	0	0	6	2	39	1	6	0.00108225	TRUE	PB1:cds-XAJ25424.1	AAT	N	AAC	N	136
PB1|PP755595.1|A/cattle/Texas/24-008749-003/2024(H5N1)	411	G	A	0	0	0	6	2	37	1	6	0.00108225	TRUE	PB1:cds-XAJ25424.1	CAG	Q	CAA	Q	137
PB1|PP755595.1|A/cattle/Texas/24-008749-003/2024(H5N1)	414	G	A	0	0	0	6	2	39	1	6	0.00108225	TRUE	PB1:cds-XAJ25424.1	CCG	P	CCA	P	138
PB1|PP755595.1|A/cattle/Texas/24-008749-003/2024(H5N1)	426	A	C	0	0	0	4	1	34	1	4	0.0285714	FALSE	PB1:cds-XAJ25424.1	GCA	A	GCC	A	142
PB1|PP755595.1|A/cattle/Texas/24-008749-003/2024(H5N1)	427	T	C	0	0	0	4	1	34	1	4	0.0285714	FALSE	PB1:cds-XAJ25424.1	TTA	L	CTA	L	143
PB1|PP755595.1|A/cattle/Texas/24-008749-003/2024(H5N1)	429	A	G	0	0	0	4	1	34	1	4	0.0285714	FALSE	PB1:cds-XAJ25424.1	TTA	L	TTG	L	143
PB1|PP755595.1|A/cattle/Texas/24-008749-003/2024(H5N1)	432	T	C	0	0	0	4	1	34	1	4	0.0285714	FALSE	PB1:cds-XAJ25424.1	GCT	A	GCC	A	144
PB1|PP755595.1|A/cattle/Texas/24-008749-003/2024(H5N1)	435	T	C	0	0	0	4	1	34	1	4	0.0285714	FALSE	PB1:cds-XAJ25424.1	AAT	N	AAC	N	145
PB1|PP755595.1|A/cattle/Texas/24-008749-003/2024(H5N1)	456	G	A	0	0	0	5	0	34	1	5	0.00793651	TRUE	PB1:cds-XAJ25424.1	TCG	S	TCA	S	152
PB1|PP755595.1|A/cattle/Texas/24-008749-003/2024(H5N1)	460	G	A	0	0	0	5	0	34	1	5	0.00793651	TRUE	PB1:cds-XAJ25424.1	GGT	G	AGT	S	154
PB1|PP755595.1|A/cattle/Texas/24-008749-003/2024(H5N1)	465	T	A	0	0	0	4	0	34	1	4	0.0142857	FALSE	PB1:cds-XAJ25424.1	CTT	L	CTA	L	155
PB1|PP755595.1|A/cattle/Texas/24-008749-003/2024(H5N1)	471	T	C	0	0	0	5	0	35	1	5	0.00396825	TRUE	PB1:cds-XAJ25424.1	GCT	A	GCC	A	157
PB1|PP755595.1|A/cattle/Texas/24-008749-003/2024(H5N1)	480	A	G	0	0	0	5	0	34	1	5	0.00396825	TRUE	PB1:cds-XAJ25424.1	TCA	S	TCG	S	160
PB1|PP755595.1|A/cattle/Texas/24-008749-003/2024(H5N1)	483	A	G	0	0	0	5	1	34	1	5	0.00793651	TRUE	PB1:cds-XAJ25424.1	GGA	G	GGG	G	161
PB1|PP755595.1|A/cattle/Texas/24-008749-003/2024(H5N1)	486	G	A	0	0	0	4	1	32	1	4	0.0142857	FALSE	PB1:cds-XAJ25424.1	AGG	R	AGA	R	162
PB1|PP755595.1|A/cattle/Texas/24-008749-003/2024(H5N1)	511	G	A	0	0	0	5	4	47	1	5	0.0021645	TRUE	PB1:cds-XAJ25424.1	GTG	V	ATG	M	171
PB1|PP755595.1|A/cattle/Texas/24-008749-003/2024(H5N1)	516	A	C	0	0	0	5	4	46	1	5	0.0021645	TRUE	PB1:cds-XAJ25424.1	GAA	E	GAC	D	172
PB1|PP755595.1|A/cattle/Texas/24-008749-003/2024(H5N1)	531	G	A	0	0	0	6	4	45	1	6	0.000582751	TRUE	PB1:cds-XAJ25424.1	GAG	E	GAA	E	177
PB1|PP755595.1|A/cattle/Texas/24-008749-003/2024(H5N1)	537	A	G	0	0	0	6	4	44	1	6	0.000582751	TRUE	PB1:cds-XAJ25424.1	ATA	I	ATG	M	179
PB1|PP755595.1|A/cattle/Texas/24-008749-003/2024(H5N1)	549	G	A	0	0	0	4	3	34	1	4	0.0285714	FALSE	PB1:cds-XAJ25424.1	ACG	T	ACA	T	183
PB1|PP755595.1|A/cattle/Texas/24-008749-003/2024(H5N1)	558	A	G	0	0	0	4	3	34	1	4	0.0285714	FALSE	PB1:cds-XAJ25424.1	CAA	Q	CAG	Q	186
PB1|PP755595.1|A/cattle/Texas/24-008749-003/2024(H5N1)	561	G	A	0	0	0	4	3	32	1	4	0.0285714	FALSE	PB1:cds-XAJ25424.1	AGG	R	AGA	R	187
PB1|PP755595.1|A/cattle/Texas/24-008749-003/2024(H5N1)	564	A	G	0	0	0	4	3	34	1	4	0.0285714	FALSE	PB1:cds-XAJ25424.1	AAA	K	AAG	K	188
PB1|PP755595.1|A/cattle/Texas/24-008749-003/2024(H5N1)	573	G	A	0	0	0	4	3	34	1	4	0.0285714	FALSE	PB1:cds-XAJ25424.1	GTG	V	GTA	V	191
PB1|PP755595.1|A/cattle/Texas/24-008749-003/2024(H5N1)	576	A	G	0	0	0	4	3	34	1	4	0.0285714	FALSE	PB1:cds-XAJ25424.1	AGA	R	AGG	R	192
PB1|PP755595.1|A/cattle/Texas/24-008749-003/2024(H5N1)	607	C	A	0	0	0	2	2	34	1	2	0.166667	FALSE	PB1:cds-XAJ25424.1	CGG	R	AGG	R	203
PB1|PP755595.1|A/cattle/Texas/24-008749-003/2024(H5N1)	609	G	A	0	0	0	3	2	34	1	3	0.1	FALSE	PB1:cds-XAJ25424.1	CGG	R	CGA	R	203
PB1|PP755595.1|A/cattle/Texas/24-008749-003/2024(H5N1)	612	G	A	0	0	0	3	2	31	1	3	0.1	FALSE	PB1:cds-XAJ25424.1	ACG	T	ACA	T	204
PB1|PP755595.1|A/cattle/Texas/24-008749-003/2024(H5N1)	620	A	G	0	0	0	3	2	34	1	3	0.1	FALSE	PB1:cds-XAJ25424.1	AAG	K	AGG	R	207
PB1|PP755595.1|A/cattle/Texas/24-008749-003/2024(H5N1)	633	G	A	0	0	0	1	0	34	1	1	1	FALSE	PB1:cds-XAJ25424.1	AGG	R	AGA	R	211
PB1|PP755595.1|A/cattle/Texas/24-008749-003/2024(H5N1)	634	T	C	0	0	0	1	0	34	1	1	1	FALSE	PB1:cds-XAJ25424.1	TTA	L	CTA	L	212
PB1|PP755595.1|A/cattle/Texas/24-008749-003/2024(H5N1)	642	A	G	0	0	0	1	0	34	1	1	1	FALSE	PB1:cds-XAJ25424.1	AAA	K	AAG	K	214
PB1|PP755595.1|A/cattle/Texas/24-008749-003/2024(H5N1)	664	T	C	0	0	0	1	1	34	1	1	1	FALSE	PB1:cds-XAJ25424.1	TTG	L	CTG	L	222
PB1|PP755595.1|A/cattle/Texas/24-008749-003/2024(H5N1)	675	C	T	0	0	0	1	1	34	1	1	1	FALSE	PB1:cds-XAJ25424.1	AAC	N	AAT	N	225
PB1|PP755595.1|A/cattle/Texas/24-008749-003/2024(H5N1)	690	C	T	0	0	0	1	0	34	1	1	0.5	FALSE	PB1:cds-XAJ25424.1	GAC	D	GAT	D	230
PB1|PP755595.1|A/cattle/Texas/24-008749-003/2024(H5N1)	693	C	T	0	0	0	2	1	34	1	2	0.333333	FALSE	PB1:cds-XAJ25424.1	GCC	A	GCT	A	231
PB1|PP755595.1|A/cattle/Texas/24-008749-003/2024(H5N1)	708	A	G	0	0	0	2	1	34	1	2	0.333333	FALSE	PB1:cds-XAJ25424.1	TTA	L	TTG	L	236
PB1|PP755595.1|A/cattle/Texas/24-008749-003/2024(H5N1)	715	A	C	0	0	0	2	1	34	1	2	0.333333	FALSE	PB1:cds-XAJ25424.1	AGG	R	CGG	R	239
PB1|PP755595.1|A/cattle/Texas/24-008749-003/2024(H5N1)	720	A	G	0	0	0	2	1	34	1	2	0.333333	FALSE	PB1:cds-XAJ25424.1	GCA	A	GCG	A	240
PB1|PP755595.1|A/cattle/Texas/24-008749-003/2024(H5N1)	732	C	A	0	0	0	2	1	34	1	2	0.333333	FALSE	PB1:cds-XAJ25424.1	CCC	P	CCA	P	244
PB1|PP755595.1|A/cattle/Texas/24-008749-003/2024(H5N1)	735	A	G	0	0	0	2	1	34	1	2	0.333333	FALSE	PB1:cds-XAJ25424.1	GGA	G	GGG	G	245
PB1|PP755595.1|A/cattle/Texas/24-008749-003/2024(H5N1)	741	A	G	0	0	0	2	1	34	1	2	0.333333	FALSE	PB1:cds-XAJ25424.1	CAA	Q	CAG	Q	247
PB1|PP755595.1|A/cattle/Texas/24-008749-003/2024(H5N1)	744	C	T	0	0	0	2	1	34	1	2	0.333333	FALSE	PB1:cds-XAJ25424.1	ATC	I	ATT	I	248
PB1|PP755595.1|A/cattle/Texas/24-008749-003/2024(H5N1)	750	G	A	0	0	0	2	1	34	1	2	0.333333	FALSE	PB1:cds-XAJ25424.1	GGG	G	GGA	G	250
PB1|PP755595.1|A/cattle/Texas/24-008749-003/2024(H5N1)	765	T	C	0	0	0	2	1	34	1	2	0.333333	FALSE	PB1:cds-XAJ25424.1	GTT	V	GTC	V	255
PB1|PP755595.1|A/cattle/Texas/24-008749-003/2024(H5N1)	772	T	C	0	0	0	2	1	34	1	2	0.333333	FALSE	PB1:cds-XAJ25424.1	TTA	L	CTA	L	258
PB1|PP755595.1|A/cattle/Texas/24-008749-003/2024(H5N1)	774	A	G	0	0	0	2	1	34	1	2	0.333333	FALSE	PB1:cds-XAJ25424.1	TTA	L	TTG	L	258
PB1|PP755595.1|A/cattle/Texas/24-008749-003/2024(H5N1)	786	T	C	0	0	0	2	0	34	1	2	0.333333	FALSE	PB1:cds-XAJ25424.1	ATT	I	ATC	I	262
PB1|PP755595.1|A/cattle/Texas/24-008749-003/2024(H5N1)	792	G	A	0	0	0	2	0	34	1	2	0.333333	FALSE	PB1:cds-XAJ25424.1	GAG	E	GAA	E	264
PB1|PP755595.1|A/cattle/Texas/24-008749-003/2024(H5N1)	801	A	G	0	0	0	2	0	34	1	2	0.333333	FALSE	PB1:cds-XAJ25424.1	GAA	E	GAG	E	267
PB1|PP755595.1|A/cattle/Texas/24-008749-003/2024(H5N1)	816	A	C	0	0	0	2	0	34	1	2	0.333333	FALSE	PB1:cds-XAJ25424.1	CCA	P	CCC	P	272
PB1|PP755595.1|A/cattle/Texas/24-008749-003/2024(H5N1)	825	C	G	0	0	0	1	0	34	1	1	1	FALSE	PB1:cds-XAJ25424.1	GGC	G	GGG	G	275
PB1|PP755595.1|A/cattle/Texas/24-008749-003/2024(H5N1)	831	A	G	0	0	0	1	0	34	1	1	1	FALSE	PB1:cds-XAJ25424.1	GAA	E	GAG	E	277
PB1|PP755595.1|A/cattle/Texas/24-008749-003/2024(H5N1)	840	C	T	0	0	0	3	2	34	1	3	0.1	FALSE	PB1:cds-XAJ25424.1	GCC	A	GCT	A	280
PB1|PP755595.1|A/cattle/Texas/24-008749-003/2024(H5N1)	844	C	T	0	0	0	2	1	34	1	2	0.166667	FALSE	PB1:cds-XAJ25424.1	CTA	L	TTA	L	282
PB1|PP755595.1|A/cattle/Texas/24-008749-003/2024(H5N1)	846	A	G	0	0	0	3	2	34	1	3	0.1	FALSE	PB1:cds-XAJ25424.1	CTA	L	CTG	L	282
PB1|PP755595.1|A/cattle/Texas/24-008749-003/2024(H5N1)	855	T	C	0	0	0	3	2	34	1	3	0.1	FALSE	PB1:cds-XAJ25424.1	GTT	V	GTC	V	285
PB1|PP755595.1|A/cattle/Texas/24-008749-003/2024(H5N1)	864	G	A	0	0	0	3	2	34	1	3	0.1	FALSE	PB1:cds-XAJ25424.1	AAG	K	AAA	K	288
PB1|PP755595.1|A/cattle/Texas/24-008749-003/2024(H5N1)	876	T	C	0	0	0	3	2	34	1	3	0.1	FALSE	PB1:cds-XAJ25424.1	AAT	N	AAC	N	292
PB1|PP755595.1|A/cattle/Texas/24-008749-003/2024(H5N1)	879	G	A	0	0	0	3	2	34	1	3	0.05	FALSE	PB1:cds-XAJ25424.1	TCG	S	TCA	S	293
PB1|PP755595.1|A/cattle/Texas/24-008749-003/2024(H5N1)	885	C	T	0	0	0	3	2	45	1	3	0.05	FALSE	PB1:cds-XAJ25424.1	GAC	D	GAT	D	295
PB1|PP755595.1|A/cattle/Texas/24-008749-003/2024(H5N1)	897	T	C	0	0	0	3	2	45	1	3	0.05	FALSE	PB1:cds-XAJ25424.1	TCT	S	TCC	S	299
PB1|PP755595.1|A/cattle/Texas/24-008749-003/2024(H5N1)	906	C	T	0	0	0	2	2	34	0.666667	3	0.166667	FALSE	PB1:cds-XAJ25424.1	ATC	I	ATT	I	302
PB1|PP755595.1|A/cattle/Texas/24-008749-003/2024(H5N1)	906	C	A	0	0	0	1	1	26	0.333333	3	0.333333	FALSE	PB1:cds-XAJ25424.1	ATC	I	ATA	I	302
PB1|PP755595.1|A/cattle/Texas/24-008749-003/2024(H5N1)	909	G	T	0	0	0	3	3	31	1	3	0.1	FALSE	PB1:cds-XAJ25424.1	ACG	T	ACT	T	303
PB1|PP755595.1|A/cattle/Texas/24-008749-003/2024(H5N1)	915	C	T	0	0	0	3	3	28	1	3	0.1	FALSE	PB1:cds-XAJ25424.1	GAC	D	GAT	D	305
PB1|PP755595.1|A/cattle/Texas/24-008749-003/2024(H5N1)	921	T	C	0	0	0	3	3	34	1	3	0.1	FALSE	PB1:cds-XAJ25424.1	ACT	T	ACC	T	307
PB1|PP755595.1|A/cattle/Texas/24-008749-003/2024(H5N1)	936	C	T	0	0	0	3	3	34	1	3	0.1	FALSE	PB1:cds-XAJ25424.1	AAC	N	AAT	N	312
PB1|PP755595.1|A/cattle/Texas/24-008749-003/2024(H5N1)	939	G	A	0	0	0	3	3	34	1	3	0.1	FALSE	PB1:cds-XAJ25424.1	CAG	Q	CAA	Q	313
PB1|PP755595.1|A/cattle/Texas/24-008749-003/2024(H5N1)	946	A	C	0	0	0	3	3	34	1	3	0.1	FALSE	PB1:cds-XAJ25424.1	AGG	R	CGG	R	316
PB1|PP755595.1|A/cattle/Texas/24-008749-003/2024(H5N1)	972	T	C	0	0	0	3	3	34	1	3	0.1	FALSE	PB1:cds-XAJ25424.1	TAT	Y	TAC	Y	324
PB1|PP755595.1|A/cattle/Texas/24-008749-003/2024(H5N1)	975	A	T	0	0	0	3	3	34	1	3	0.1	FALSE	PB1:cds-XAJ25424.1	ATA	I	ATT	I	325
PB1|PP755595.1|A/cattle/Texas/24-008749-003/2024(H5N1)	981	G	A	0	0	0	1	1	34	1	1	1	FALSE	PB1:cds-XAJ25424.1	AGG	R	AGA	R	327
PB1|PP755595.1|A/cattle/Texas/24-008749-003/2024(H5N1)	999	C	T	0	0	0	1	1	34	1	1	1	FALSE	PB1:cds-XAJ25424.1	TTC	F	TTT	F	333
PB1|PP755595.1|A/cattle/Texas/24-008749-003/2024(H5N1)	1002	G	A	0	0	0	1	1	34	1	1	1	FALSE	PB1:cds-XAJ25424.1	AGG	R	AGA	R	334
PB1|PP755595.1|A/cattle/Texas/24-008749-003/2024(H5N1)	1008	A	C	0	0	0	2	1	34	1	2	0.333333	FALSE	PB1:cds-XAJ25424.1	GTA	V	GTC	V	336
PB1|PP755595.1|A/cattle/Texas/24-008749-003/2024(H5N1)	1014	C	T	0	0	0	3	1	34	1	3	0.1	FALSE	PB1:cds-XAJ25424.1	AGC	S	AGT	S	338
PB1|PP755595.1|A/cattle/Texas/24-008749-003/2024(H5N1)	1020	A	C	0	0	0	3	1	34	1	3	0.1	FALSE	PB1:cds-XAJ25424.1	GCA	A	GCC	A	340
PB1|PP755595.1|A/cattle/Texas/24-008749-003/2024(H5N1)	1035	A	G	0	0	0	4	0	34	1	4	0.0285714	FALSE	PB1:cds-XAJ25424.1	TCA	S	TCG	S	345
PB1|PP755595.1|A/cattle/Texas/24-008749-003/2024(H5N1)	1047	A	G	0	0	0	4	0	34	1	4	0.0285714	FALSE	PB1:cds-XAJ25424.1	GCA	A	GCG	A	349
PB1|PP755595.1|A/cattle/Texas/24-008749-003/2024(H5N1)	1051	C	T	0	0	0	4	0	32	1	4	0.0285714	FALSE	PB1:cds-XAJ25424.1	CTA	L	TTA	L	351
PB1|PP755595.1|A/cattle/Texas/24-008749-003/2024(H5N1)	1053	A	G	0	0	0	4	0	34	1	4	0.0285714	FALSE	PB1:cds-XAJ25424.1	CTA	L	CTG	L	351
PB1|PP755595.1|A/cattle/Texas/24-008749-003/2024(H5N1)	1056	G	A	0	0	0	4	0	34	1	4	0.0285714	FALSE	PB1:cds-XAJ25424.1	GGG	G	GGA	G	352
PB1|PP755595.1|A/cattle/Texas/24-008749-003/2024(H5N1)	1062	A	G	0	0	0	4	0	34	1	4	0.0285714	FALSE	PB1:cds-XAJ25424.1	GGA	G	GGG	G	354
PB1|PP755595.1|A/cattle/Texas/24-008749-003/2024(H5N1)	1071	C	T	0	0	0	4	0	32	1	4	0.0285714	FALSE	PB1:cds-XAJ25424.1	TTC	F	TTT	F	357
PB1|PP755595.1|A/cattle/Texas/24-008749-003/2024(H5N1)	1090	C	T	0	0	0	4	0	34	1	4	0.0285714	FALSE	PB1:cds-XAJ25424.1	CTT	L	TTT	F	364
PB1|PP755595.1|A/cattle/Texas/24-008749-003/2024(H5N1)	1092	T	A	0	0	0	4	0	34	1	4	0.0285714	FALSE	PB1:cds-XAJ25424.1	CTT	L	CTA	L	364
PB1|PP755595.1|A/cattle/Texas/24-008749-003/2024(H5N1)	1095	A	G	0	0	0	4	0	34	1	4	0.0285714	FALSE	PB1:cds-XAJ25424.1	CGA	R	CGG	R	365
PB1|PP755595.1|A/cattle/Texas/24-008749-003/2024(H5N1)	1107	G	T	0	0	0	4	0	40	1	4	0.0142857	FALSE	PB1:cds-XAJ25424.1	CCG	P	CCT	P	369
PB1|PP755595.1|A/cattle/Texas/24-008749-003/2024(H5N1)	1119	A	T	0	0	0	2	0	51	1	2	0.166667	FALSE	PB1:cds-XAJ25424.1	CTA	L	CTT	L	373
PB1|PP755595.1|A/cattle/Texas/24-008749-003/2024(H5N1)	1122	G	A	0	0	0	2	0	51	1	2	0.166667	FALSE	PB1:cds-XAJ25424.1	GCG	A	GCA	A	374
PB1|PP755595.1|A/cattle/Texas/24-008749-003/2024(H5N1)	1124	G	A	0	0	0	1	0	60	1	1	0.333333	FALSE	PB1:cds-XAJ25424.1	AGC	S	AAC	N	375
PB1|PP755595.1|A/cattle/Texas/24-008749-003/2024(H5N1)	1131	T	C	0	0	0	2	0	51	1	2	0.166667	FALSE	PB1:cds-XAJ25424.1	GAT	D	GAC	D	377
PB1|PP755595.1|A/cattle/Texas/24-008749-003/2024(H5N1)	1132	C	T	0	0	0	2	0	51	1	2	0.166667	FALSE	PB1:cds-XAJ25424.1	CTG	L	TTG	L	378
PB1|PP755595.1|A/cattle/Texas/24-008749-003/2024(H5N1)	1134	G	A	0	0	0	2	0	51	1	2	0.166667	FALSE	PB1:cds-XAJ25424.1	CTG	L	CTA	L	378
PB1|PP755595.1|A/cattle/Texas/24-008749-003/2024(H5N1)	1149	G	A	0	0	0	4	2	40	1	4	0.00793651	TRUE	PB1:cds-XAJ25424.1	GAG	E	GAA	E	383
PB1|PP755595.1|A/cattle/Texas/24-008749-003/2024(H5N1)	1158	G	A	0	0	0	4	2	42	1	4	0.0142857	FALSE	PB1:cds-XAJ25424.1	AGG	R	AGA	R	386
PB1|PP755595.1|A/cattle/Texas/24-008749-003/2024(H5N1)	1167	A	C	0	0	0	4	3	34	1	4	0.0285714	FALSE	PB1:cds-XAJ25424.1	ATA	I	ATC	I	389
PB1|PP755595.1|A/cattle/Texas/24-008749-003/2024(H5N1)	1170	G	A	0	0	0	4	3	34	1	4	0.0285714	FALSE	PB1:cds-XAJ25424.1	GAG	E	GAA	E	390
PB1|PP755595.1|A/cattle/Texas/24-008749-003/2024(H5N1)	1173	G	A	0	0	0	4	3	32	1	4	0.0285714	FALSE	PB1:cds-XAJ25424.1	AAG	K	AAA	K	391
PB1|PP755595.1|A/cattle/Texas/24-008749-003/2024(H5N1)	1179	A	G	0	0	0	4	3	34	1	4	0.0285714	FALSE	PB1:cds-XAJ25424.1	AGA	R	AGG	R	393
PB1|PP755595.1|A/cattle/Texas/24-008749-003/2024(H5N1)	1184	T	C	3	2	34	1	1	34	0.25	4	0.571429	FALSE	PB1:cds-XAJ25424.1	CTT	L	CCT	P	395
PB1|PP755595.1|A/cattle/Texas/24-008749-003/2024(H5N1)	1185	T	A	0	0	0	4	3	32	1	4	0.0285714	FALSE	PB1:cds-XAJ25424.1	CTT	L	CTA	L	395
PB1|PP755595.1|A/cattle/Texas/24-008749-003/2024(H5N1)	1197	T	C	0	0	0	4	3	34	1	4	0.0285714	FALSE	PB1:cds-XAJ25424.1	GGT	G	GGC	G	399
PB1|PP755595.1|A/cattle/Texas/24-008749-003/2024(H5N1)	1200	G	T	0	0	0	4	3	34	1	4	0.0285714	FALSE	PB1:cds-XAJ25424.1	ACG	T	ACT	T	400
PB1|PP755595.1|A/cattle/Texas/24-008749-003/2024(H5N1)	1209	A	G	0	0	0	5	4	34	1	5	0.00793651	TRUE	PB1:cds-XAJ25424.1	TTA	L	TTG	L	403
PB1|PP755595.1|A/cattle/Texas/24-008749-003/2024(H5N1)	1212	C	T	0	0	0	5	4	34	1	5	0.00793651	TRUE	PB1:cds-XAJ25424.1	AGC	S	AGT	S	404
PB1|PP755595.1|A/cattle/Texas/24-008749-003/2024(H5N1)	1239	C	T	0	0	0	6	4	34	1	6	0.0021645	TRUE	PB1:cds-XAJ25424.1	AAC	N	AAT	N	413
PB1|PP755595.1|A/cattle/Texas/24-008749-003/2024(H5N1)	1254	T	A	0	0	0	3	2	45	1	3	0.05	FALSE	PB1:cds-XAJ25424.1	GTT	V	GTA	V	418
PB1|PP755595.1|A/cattle/Texas/24-008749-003/2024(H5N1)	1255	C	T	0	0	0	3	2	38	1	3	0.05	FALSE	PB1:cds-XAJ25424.1	CTG	L	TTG	L	419
PB1|PP755595.1|A/cattle/Texas/24-008749-003/2024(H5N1)	1257	G	A	0	0	0	3	2	45	1	3	0.05	FALSE	PB1:cds-XAJ25424.1	CTG	L	CTA	L	419
PB1|PP755595.1|A/cattle/Texas/24-008749-003/2024(H5N1)	1266	G	A	0	0	0	4	3	42	1	4	0.0142857	FALSE	PB1:cds-XAJ25424.1	TCG	S	TCA	S	422
PB1|PP755595.1|A/cattle/Texas/24-008749-003/2024(H5N1)	1269	T	C	0	0	0	4	3	42	1	4	0.0142857	FALSE	PB1:cds-XAJ25424.1	ATT	I	ATC	I	423
PB1|PP755595.1|A/cattle/Texas/24-008749-003/2024(H5N1)	1278	A	T	0	0	0	4	3	41	1	4	0.0142857	FALSE	PB1:cds-XAJ25424.1	CTA	L	CTT	L	426
PB1|PP755595.1|A/cattle/Texas/24-008749-003/2024(H5N1)	1289	A	G	3	2	34	1	1	34	0.25	4	0.571429	FALSE	PB1:cds-XAJ25424.1	AAG	K	AGG	R	430
PB1|PP755595.1|A/cattle/Texas/24-008749-003/2024(H5N1)	1302	A	C	0	0	0	5	3	34	1	5	0.00793651	TRUE	PB1:cds-XAJ25424.1	ACA	T	ACC	T	434
PB1|PP755595.1|A/cattle/Texas/24-008749-003/2024(H5N1)	1323	A	C	0	0	0	5	3	34	1	5	0.00793651	TRUE	PB1:cds-XAJ25424.1	CTA	L	CTC	L	441
PB1|PP755595.1|A/cattle/Texas/24-008749-003/2024(H5N1)	1329	T	C	0	0	0	5	3	32	1	5	0.00793651	TRUE	PB1:cds-XAJ25424.1	TCT	S	TCC	S	443
PB1|PP755595.1|A/cattle/Texas/24-008749-003/2024(H5N1)	1338	C	T	0	0	0	3	2	34	1	3	0.1	FALSE	PB1:cds-XAJ25424.1	GAC	D	GAT	D	446
PB1|PP755595.1|A/cattle/Texas/24-008749-003/2024(H5N1)	1341	T	C	0	0	0	3	2	34	1	3	0.1	FALSE	PB1:cds-XAJ25424.1	TTT	F	TTC	F	447
PB1|PP755595.1|A/cattle/Texas/24-008749-003/2024(H5N1)	1344	T	C	0	0	0	3	2	34	1	3	0.1	FALSE	PB1:cds-XAJ25424.1	GCT	A	GCC	A	448
PB1|PP755595.1|A/cattle/Texas/24-008749-003/2024(H5N1)	1350	C	A	0	0	0	3	2	34	1	3	0.1	FALSE	PB1:cds-XAJ25424.1	ATC	I	ATA	I	450
PB1|PP755595.1|A/cattle/Texas/24-008749-003/2024(H5N1)	1353	G	A	0	0	0	3	2	34	1	3	0.1	FALSE	PB1:cds-XAJ25424.1	GTG	V	GTA	V	451
PB1|PP755595.1|A/cattle/Texas/24-008749-003/2024(H5N1)	1359	T	A	0	0	0	3	2	34	1	3	0.1	FALSE	PB1:cds-XAJ25424.1	GCT	A	GCA	A	453
PB1|PP755595.1|A/cattle/Texas/24-008749-003/2024(H5N1)	1362	A	G	0	0	0	3	2	34	1	3	0.1	FALSE	PB1:cds-XAJ25424.1	CCA	P	CCG	P	454
PB1|PP755595.1|A/cattle/Texas/24-008749-003/2024(H5N1)	1389	A	G	0	0	0	6	2	39	1	6	0.00108225	TRUE	PB1:cds-XAJ25424.1	GTA	V	GTG	V	463
PB1|PP755595.1|A/cattle/Texas/24-008749-003/2024(H5N1)	1392	C	T	0	0	0	5	2	40	1	5	0.00126263	TRUE	PB1:cds-XAJ25424.1	GAC	D	GAT	D	464
PB1|PP755595.1|A/cattle/Texas/24-008749-003/2024(H5N1)	1395	A	G	0	0	0	6	2	39	1	6	0.0001998	TRUE	PB1:cds-XAJ25424.1	AGA	R	AGG	R	465
PB1|PP755595.1|A/cattle/Texas/24-008749-003/2024(H5N1)	1404	A	G	0	0	0	7	1	38	1	7	8.74126e-05	TRUE	PB1:cds-XAJ25424.1	AGA	R	AGG	R	468
PB1|PP755595.1|A/cattle/Texas/24-008749-003/2024(H5N1)	1413	G	A	0	0	0	8	1	37	1	8	4.11353e-05	TRUE	PB1:cds-XAJ25424.1	AAG	K	AAA	K	471
PB1|PP755595.1|A/cattle/Texas/24-008749-003/2024(H5N1)	1416	G	T	0	0	0	9	1	37	1	9	2.05677e-05	TRUE	PB1:cds-XAJ25424.1	CTG	L	CTT	L	472
PB1|PP755595.1|A/cattle/Texas/24-008749-003/2024(H5N1)	1419	A	C	0	0	0	9	1	36	1	9	2.05677e-05	TRUE	PB1:cds-XAJ25424.1	GTA	V	GTC	V	473
PB1|PP755595.1|A/cattle/Texas/24-008749-003/2024(H5N1)	1422	A	G	0	0	0	9	1	37	1	9	1.08251e-05	TRUE	PB1:cds-XAJ25424.1	GGA	G	GGG	G	474
PB1|PP755595.1|A/cattle/Texas/24-008749-003/2024(H5N1)	1431	G	A	10	1	37	2	0	34	0.166667	12	0.22	FALSE	PB1:cds-XAJ25424.1	ATG	M	ATA	I	477
PB1|PP755595.1|A/cattle/Texas/24-008749-003/2024(H5N1)	1446	A	T	0	0	0	12	2	33	1	12	3.69801e-07	TRUE	PB1:cds-XAJ25424.1	TCA	S	TCT	S	482
PB1|PP755595.1|A/cattle/Texas/24-008749-003/2024(H5N1)	1456	A	C	0	0	0	12	3	38	1	12	1.92297e-07	TRUE	PB1:cds-XAJ25424.1	AGG	R	CGG	R	486
PB1|PP755595.1|A/cattle/Texas/24-008749-003/2024(H5N1)	1461	A	T	0	0	0	12	3	39	1	12	1.03544e-07	TRUE	PB1:cds-XAJ25424.1	ACA	T	ACT	T	487
PB1|PP755595.1|A/cattle/Texas/24-008749-003/2024(H5N1)	1473	A	G	0	0	0	13	4	39	1	13	2.67079e-08	TRUE	PB1:cds-XAJ25424.1	GAA	E	GAG	E	491
PB1|PP755595.1|A/cattle/Texas/24-008749-003/2024(H5N1)	1482	T	C	0	0	0	13	5	41	1	13	1.47354e-08	TRUE	PB1:cds-XAJ25424.1	AGT	S	AGC	S	494
PB1|PP755595.1|A/cattle/Texas/24-008749-003/2024(H5N1)	1484	T	C	13	4	41	1	1	34	0.0714286	14	0.466667	FALSE	PB1:cds-XAJ25424.1	TTT	F	TCT	S	495
PB1|PP755595.1|A/cattle/Texas/24-008749-003/2024(H5N1)	1506	A	G	0	0	0	16	6	39	1	16	4.53728e-10	TRUE	PB1:cds-XAJ25424.1	GTA	V	GTG	V	502
PB1|PP755595.1|A/cattle/Texas/24-008749-003/2024(H5N1)	1509	C	T	0	0	0	16	6	38	1	16	4.53728e-10	TRUE	PB1:cds-XAJ25424.1	GCC	A	GCT	A	503
PB1|PP755595.1|A/cattle/Texas/24-008749-003/2024(H5N1)	1512	T	C	0	0	0	16	6	39	1	16	4.53728e-10	TRUE	PB1:cds-XAJ25424.1	AAT	N	AAC	N	504
PB1|PP755595.1|A/cattle/Texas/24-008749-003/2024(H5N1)	1518	C	T	0	0	0	16	6	41	1	16	4.49641e-11	TRUE	PB1:cds-XAJ25424.1	AGC	S	AGT	S	506
PB1|PP755595.1|A/cattle/Texas/24-008749-003/2024(H5N1)	1525	T	C	0	0	0	17	7	42	1	17	3.4745e-11	TRUE	PB1:cds-XAJ25424.1	TTG	L	CTG	L	509
PB1|PP755595.1|A/cattle/Texas/24-008749-003/2024(H5N1)	1560	T	A	0	0	0	22	10	35	1	22	4.75263e-13	TRUE	PB1:cds-XAJ25424.1	TCT	S	TCA	S	520
PB1|PP755595.1|A/cattle/Texas/24-008749-003/2024(H5N1)	1563	A	T	0	0	0	22	10	35	1	22	4.75263e-13	TRUE	PB1:cds-XAJ25424.1	GCA	A	GCT	A	521
PB1|PP755595.1|A/cattle/Texas/24-008749-003/2024(H5N1)	1578	A	C	0	0	0	24	11	33	1	24	6.20201e-14	TRUE	PB1:cds-XAJ25424.1	GGA	G	GGC	G	526
PB1|PP755595.1|A/cattle/Texas/24-008749-003/2024(H5N1)	1581	A	C	0	0	0	24	11	33	1	24	6.20201e-14	TRUE	PB1:cds-XAJ25424.1	GTA	V	GTC	V	527
PB1|PP755595.1|A/cattle/Texas/24-008749-003/2024(H5N1)	1584	A	T	23	11	34	1	0	34	0.0416667	24	0.510638	FALSE	PB1:cds-XAJ25424.1	ACA	T	ACT	T	528
PB1|PP755595.1|A/cattle/Texas/24-008749-003/2024(H5N1)	1605	C	A	0	0	0	21	8	37	1	21	9.50526e-13	TRUE	PB1:cds-XAJ25424.1	ATC	I	ATA	I	535
PB1|PP755595.1|A/cattle/Texas/24-008749-003/2024(H5N1)	1614	T	C	0	0	0	21	7	36	1	21	4.96866e-13	TRUE	PB1:cds-XAJ25424.1	GAT	D	GAC	D	538
PB1|PP755595.1|A/cattle/Texas/24-008749-003/2024(H5N1)	1632	C	T	1	0	34	18	6	39	0.947368	19	1.67578e-10	TRUE	PB1:cds-XAJ25424.1	GCC	A	GCT	A	544
PB1|PP755595.1|A/cattle/Texas/24-008749-003/2024(H5N1)	1641	T	C	0	0	0	15	4	38	1	15	3.07887e-10	TRUE	PB1:cds-XAJ25424.1	GCT	A	GCC	A	547
PB1|PP755595.1|A/cattle/Texas/24-008749-003/2024(H5N1)	1644	A	T	0	0	0	16	5	38	1	16	2.4631e-10	TRUE	PB1:cds-XAJ25424.1	CTA	L	CTT	L	548
PB1|PP755595.1|A/cattle/Texas/24-008749-003/2024(H5N1)	1647	G	A	0	0	0	16	5	37	1	16	2.4631e-10	TRUE	PB1:cds-XAJ25424.1	CAG	Q	CAA	Q	549
PB1|PP755595.1|A/cattle/Texas/24-008749-003/2024(H5N1)	1659	G	A	0	0	0	19	6	40	1	19	1.24926e-12	TRUE	PB1:cds-XAJ25424.1	AAG	K	AAA	K	553
PB1|PP755595.1|A/cattle/Texas/24-008749-003/2024(H5N1)	1668	A	G	0	0	0	17	4	38	1	17	1.95997e-11	TRUE	PB1:cds-XAJ25424.1	AGA	R	AGG	R	556
PB1|PP755595.1|A/cattle/Texas/24-008749-003/2024(H5N1)	1674	A	G	0	0	0	18	5	39	1	18	1.60361e-11	TRUE	PB1:cds-XAJ25424.1	ACA	T	ACG	T	558
PB1|PP755595.1|A/cattle/Texas/24-008749-003/2024(H5N1)	1677	T	C	0	0	0	18	5	37	1	18	1.60361e-11	TRUE	PB1:cds-XAJ25424.1	TAT	Y	TAC	Y	559
PB1|PP755595.1|A/cattle/Texas/24-008749-003/2024(H5N1)	1683	T	C	0	0	0	16	7	35	1	16	1.66367e-09	TRUE	PB1:cds-XAJ25424.1	TGT	C	TGC	C	561
PB1|PP755595.1|A/cattle/Texas/24-008749-003/2024(H5N1)	1692	A	T	0	0	0	13	5	36	1	13	9.61483e-08	TRUE	PB1:cds-XAJ25424.1	GGA	G	GGT	G	564
PB1|PP755595.1|A/cattle/Texas/24-008749-003/2024(H5N1)	1710	A	G	0	0	0	12	6	36	1	12	1.03544e-07	TRUE	PB1:cds-XAJ25424.1	ACA	T	ACG	T	570
PB1|PP755595.1|A/cattle/Texas/24-008749-003/2024(H5N1)	1716	G	A	0	0	0	13	5	35	1	13	4.98547e-08	TRUE	PB1:cds-XAJ25424.1	AGG	R	AGA	R	572
PB1|PP755595.1|A/cattle/Texas/24-008749-003/2024(H5N1)	1731	A	G	0	0	0	12	5	34	1	12	7.39602e-07	TRUE	PB1:cds-XAJ25424.1	AAA	K	AAG	K	577
PB1|PP755595.1|A/cattle/Texas/24-008749-003/2024(H5N1)	1735	T	C	0	0	0	12	5	32	1	12	7.39602e-07	TRUE	PB1:cds-XAJ25424.1	TTA	L	CTA	L	579
PB1|PP755595.1|A/cattle/Texas/24-008749-003/2024(H5N1)	1737	A	G	0	0	0	11	4	34	1	11	1.41757e-06	TRUE	PB1:cds-XAJ25424.1	TTA	L	TTG	L	579
PB1|PP755595.1|A/cattle/Texas/24-008749-003/2024(H5N1)	1746	A	G	0	0	0	16	6	35	1	16	1.66367e-09	TRUE	PB1:cds-XAJ25424.1	CAA	Q	CAG	Q	582
PB1|PP755595.1|A/cattle/Texas/24-008749-003/2024(H5N1)	1752	C	T	0	0	0	16	6	36	1	16	1.66367e-09	TRUE	PB1:cds-XAJ25424.1	CGC	R	CGT	R	584
PB1|PP755595.1|A/cattle/Texas/24-008749-003/2024(H5N1)	1758	A	G	0	0	0	14	6	34	1	14	4.98547e-08	TRUE	PB1:cds-XAJ25424.1	AAA	K	AAG	K	586
PB1|PP755595.1|A/cattle/Texas/24-008749-003/2024(H5N1)	1759	C	G	0	0	0	13	6	34	1	13	9.61483e-08	TRUE	PB1:cds-XAJ25424.1	CCA	P	GCA	A	587
PB1|PP755595.1|A/cattle/Texas/24-008749-003/2024(H5N1)	1768	C	T	0	0	0	15	3	34	1	15	9.64173e-10	TRUE	PB1:cds-XAJ25424.1	CTG	L	TTG	L	590
PB1|PP755595.1|A/cattle/Texas/24-008749-003/2024(H5N1)	1773	C	G	0	0	0	19	6	34	1	19	5.65847e-11	TRUE	PB1:cds-XAJ25424.1	GTC	V	GTG	V	591
PB1|PP755595.1|A/cattle/Texas/24-008749-003/2024(H5N1)	1785	G	A	0	0	0	22	6	33	1	22	9.50526e-13	TRUE	PB1:cds-XAJ25424.1	GGG	G	GGA	G	595
PB1|PP755595.1|A/cattle/Texas/24-008749-003/2024(H5N1)	1831	T	C	0	0	0	1	1	34	1	1	0.5	FALSE	PB1:cds-XAJ25424.1	TTA	L	CTA	L	611
PB1|PP755595.1|A/cattle/Texas/24-008749-003/2024(H5N1)	1833	A	G	0	0	0	2	2	34	1	2	0.333333	FALSE	PB1:cds-XAJ25424.1	TTA	L	TTG	L	611
PB1|PP755595.1|A/cattle/Texas/24-008749-003/2024(H5N1)	1836	A	G	0	0	0	2	2	34	1	2	0.333333	FALSE	PB1:cds-XAJ25424.1	AAA	K	AAG	K	612
PB1|PP755595.1|A/cattle/Texas/24-008749-003/2024(H5N1)	1842	G	T	0	0	0	2	2	34	1	2	0.166667	FALSE	PB1:cds-XAJ25424.1	GAG	E	GAT	D	614
PB1|PP755595.1|A/cattle/Texas/24-008749-003/2024(H5N1)	1845	A	G	0	0	0	3	2	34	1	3	0.1	FALSE	PB1:cds-XAJ25424.1	CTA	L	CTG	L	615
PB1|PP755595.1|A/cattle/Texas/24-008749-003/2024(H5N1)	1857	C	T	0	0	0	8	7	33	1	8	7.77001e-05	TRUE	PB1:cds-XAJ25424.1	GAC	D	GAT	D	619
PB1|PP755595.1|A/cattle/Texas/24-008749-003/2024(H5N1)	1860	T	C	0	0	0	9	8	33	1	9	4.11353e-05	TRUE	PB1:cds-XAJ25424.1	TAT	Y	TAC	Y	620
PB1|PP755595.1|A/cattle/Texas/24-008749-003/2024(H5N1)	1866	A	C	0	0	0	9	8	34	1	9	4.11353e-05	TRUE	PB1:cds-XAJ25424.1	GGA	G	GGC	G	622
PB1|PP755595.1|A/cattle/Texas/24-008749-003/2024(H5N1)	1870	C	T	0	0	0	9	8	34	1	9	4.11353e-05	TRUE	PB1:cds-XAJ25424.1	CTT	L	TTT	F	624
PB1|PP755595.1|A/cattle/Texas/24-008749-003/2024(H5N1)	1872	T	G	0	0	0	9	8	33	1	9	4.11353e-05	TRUE	PB1:cds-XAJ25424.1	CTT	L	CTG	L	624
PB1|PP755595.1|A/cattle/Texas/24-008749-003/2024(H5N1)	1881	C	T	0	0	0	9	8	33	1	9	4.11353e-05	TRUE	PB1:cds-XAJ25424.1	CCC	P	CCT	P	627
PB1|PP755595.1|A/cattle/Texas/24-008749-003/2024(H5N1)	1882	C	T	0	0	0	9	8	34	1	9	4.11353e-05	TRUE	PB1:cds-XAJ25424.1	CTG	L	TTG	L	628
PB1|PP755595.1|A/cattle/Texas/24-008749-003/2024(H5N1)	1887	T	C	0	0	0	10	9	33	1	10	1.08251e-05	TRUE	PB1:cds-XAJ25424.1	AAT	N	AAC	N	629
PB1|PP755595.1|A/cattle/Texas/24-008749-003/2024(H5N1)	1890	G	A	0	0	0	10	9	33	1	10	5.41254e-06	TRUE	PB1:cds-XAJ25424.1	CCG	P	CCA	P	630
PB1|PP755595.1|A/cattle/Texas/24-008749-003/2024(H5N1)	1896	A	C	0	0	0	46	26	36	1	46	1.68762e-28	TRUE	PB1:cds-XAJ25424.1	GTA	V	GTC	V	632
PB1|PP755595.1|A/cattle/Texas/24-008749-003/2024(H5N1)	1902	C	T	0	0	0	52	28	36	1	52	8.34938e-32	TRUE	PB1:cds-XAJ25424.1	CAC	H	CAT	H	634
PB1|PP755595.1|A/cattle/Texas/24-008749-003/2024(H5N1)	1911	A	T	0	0	0	53	28	35	1	53	3.00254e-33	TRUE	PB1:cds-XAJ25424.1	ATA	I	ATT	I	637
PB1|PP755595.1|A/cattle/Texas/24-008749-003/2024(H5N1)	1917	T	C	0	0	0	56	30	36	1	56	4.77639e-35	TRUE	PB1:cds-XAJ25424.1	TCT	S	TCC	S	639
PB1|PP755595.1|A/cattle/Texas/24-008749-003/2024(H5N1)	1920	G	A	0	0	0	56	32	36	1	56	2.52868e-35	TRUE	PB1:cds-XAJ25424.1	GTG	V	GTA	V	640
PB1|PP755595.1|A/cattle/Texas/24-008749-003/2024(H5N1)	1944	T	C	0	0	0	68	41	36	1	68	1.12809e-41	TRUE	PB1:cds-XAJ25424.1	GCT	A	GCC	A	648
PB1|PP755595.1|A/cattle/Texas/24-008749-003/2024(H5N1)	1947	T	C	0	0	0	66	40	36	1	66	4.8184e-41	TRUE	PB1:cds-XAJ25424.1	CAT	H	CAC	H	649
PB1|PP755595.1|A/cattle/Texas/24-008749-003/2024(H5N1)	1950	C	T	0	0	0	67	40	35	1	67	2.32254e-41	TRUE	PB1:cds-XAJ25424.1	GGC	G	GGT	G	650
PB1|PP755595.1|A/cattle/Texas/24-008749-003/2024(H5N1)	1956	T	C	0	0	0	66	39	36	1	66	4.8184e-41	TRUE	PB1:cds-XAJ25424.1	GCT	A	GCC	A	652
PB1|PP755595.1|A/cattle/Texas/24-008749-003/2024(H5N1)	1959	G	A	0	0	0	67	41	35	1	67	2.32254e-41	TRUE	PB1:cds-XAJ25424.1	AAG	K	AAA	K	653
PB1|PP755595.1|A/cattle/Texas/24-008749-003/2024(H5N1)	1962	T	C	0	0	0	67	40	35	1	67	2.32254e-41	TRUE	PB1:cds-XAJ25424.1	AGT	S	AGC	S	654
PB1|PP755595.1|A/cattle/Texas/24-008749-003/2024(H5N1)	1977	T	C	0	0	0	77	40	37	1	77	1.75482e-48	TRUE	PB1:cds-XAJ25424.1	GCT	A	GCC	A	659
PB1|PP755595.1|A/cattle/Texas/24-008749-003/2024(H5N1)	1983	C	A	0	0	0	67	34	37	1	67	6.3558e-42	TRUE	PB1:cds-XAJ25424.1	GCC	A	GCA	A	661
PB1|PP755595.1|A/cattle/Texas/24-008749-003/2024(H5N1)	1986	C	T	0	0	0	67	35	36	1	67	6.3558e-42	TRUE	PB1:cds-XAJ25424.1	ACC	T	ACT	T	662
PB1|PP755595.1|A/cattle/Texas/24-008749-003/2024(H5N1)	1989	T	G	0	0	0	4	2	51	0.0588235	68	7.01053e-07	TRUE	PB1:cds-XAJ25424.1	ACT	T	ACG	T	663
PB1|PP755595.1|A/cattle/Texas/24-008749-003/2024(H5N1)	1989	T	A	0	0	0	64	33	36	0.941176	68	6.06737e-41	TRUE	PB1:cds-XAJ25424.1	ACT	T	ACA	T	663
PB1|PP755595.1|A/cattle/Texas/24-008749-003/2024(H5N1)	1993	T	C	66	34	36	1	0	34	0.0149254	67	0.475177	FALSE	PB1:cds-XAJ25424.1	TCC	S	CCC	P	665
PB1|PP755595.1|A/cattle/Texas/24-008749-003/2024(H5N1)	1995	C	A	0	0	0	68	35	36	1	68	3.04362e-42	TRUE	PB1:cds-XAJ25424.1	TCC	S	TCA	S	665
PB1|PP755595.1|A/cattle/Texas/24-008749-003/2024(H5N1)	2000	T	C	62	32	38	2	0	34	0.03125	64	0.222886	FALSE	PB1:cds-XAJ25424.1	ATC	I	ACC	T	667
PB1|PP755595.1|A/cattle/Texas/24-008749-003/2024(H5N1)	2001	C	T	0	0	0	56	26	38	1	56	7.24469e-36	TRUE	PB1:cds-XAJ25424.1	ATC	I	ATT	I	667
PB1|PP755595.1|A/cattle/Texas/24-008749-003/2024(H5N1)	2007	G	A	0	0	0	58	26	38	1	58	4.55349e-37	TRUE	PB1:cds-XAJ25424.1	AAG	K	AAA	K	669
PB1|PP755595.1|A/cattle/Texas/24-008749-003/2024(H5N1)	2013	C	T	0	0	0	58	24	36	1	58	4.55349e-37	TRUE	PB1:cds-XAJ25424.1	AAC	N	AAT	N	671
PB1|PP755595.1|A/cattle/Texas/24-008749-003/2024(H5N1)	2016	C	T	0	0	0	61	26	37	1	61	2.53054e-38	TRUE	PB1:cds-XAJ25424.1	CGC	R	CGT	R	672
PB1|PP755595.1|A/cattle/Texas/24-008749-003/2024(H5N1)	2019	T	C	0	0	0	61	28	36	1	61	7.17704e-39	TRUE	PB1:cds-XAJ25424.1	TCT	S	TCC	S	673
PB1|PP755595.1|A/cattle/Texas/24-008749-003/2024(H5N1)	2025	T	C	0	0	0	72	30	36	1	72	5.04479e-46	TRUE	PB1:cds-XAJ25424.1	CTT	L	CTC	L	675
PB1|PP755595.1|A/cattle/Texas/24-008749-003/2024(H5N1)	2031	A	C	0	0	0	69	30	35	1	69	4.00911e-43	TRUE	PB1:cds-XAJ25424.1	ACA	T	ACC	T	677
PB1|PP755595.1|A/cattle/Texas/24-008749-003/2024(H5N1)	2034	C	T	0	0	0	72	32	35	1	72	1.76931e-45	TRUE	PB1:cds-XAJ25424.1	AGC	S	AGT	S	678
PB1|PP755595.1|A/cattle/Texas/24-008749-003/2024(H5N1)	2046	C	T	0	0	0	128	44	38	1	128	8.90606e-89	TRUE	PB1:cds-XAJ25424.1	ATC	I	ATT	I	682
PB1|PP755595.1|A/cattle/Texas/24-008749-003/2024(H5N1)	2052	A	G	0	0	0	143	59	39	1	143	4.25161e-93	TRUE	PB1:cds-XAJ25424.1	GAA	E	GAG	E	684
PB1|PP755595.1|A/cattle/Texas/24-008749-003/2024(H5N1)	2055	C	T	9	4	40	142	59	38	0.940397	151	1.23588e-82	TRUE	PB1:cds-XAJ25424.1	GAC	D	GAT	D	685
PB1|PP755595.1|A/cattle/Texas/24-008749-003/2024(H5N1)	2067	T	C	0	0	0	149	56	37	1	149	6.43068e-96	TRUE	PB1:cds-XAJ25424.1	TAT	Y	TAC	Y	689
PB1|PP755595.1|A/cattle/Texas/24-008749-003/2024(H5N1)	2070	A	G	0	0	0	147	56	38	1	147	1.92295e-94	TRUE	PB1:cds-XAJ25424.1	CAA	Q	CAG	Q	690
PB1|PP755595.1|A/cattle/Texas/24-008749-003/2024(H5N1)	2073	G	A	0	0	0	145	54	37	1	145	4.85682e-94	TRUE	PB1:cds-XAJ25424.1	AAG	K	AAA	K	691
PB1|PP755595.1|A/cattle/Texas/24-008749-003/2024(H5N1)	2081	A	G	0	0	0	241	89	38	1	241	3.33465e-155	TRUE	PB1:cds-XAJ25424.1	AAT	N	AGT	S	694
PB1|PP755595.1|A/cattle/Texas/24-008749-003/2024(H5N1)	2088	T	C	1	0	26	250	98	38	0.996016	251	1.66236e-158	TRUE	PB1:cds-XAJ25424.1	TTT	F	TTC	F	696
PB1|PP755595.1|A/cattle/Texas/24-008749-003/2024(H5N1)	2091	A	G	0	0	0	252	97	38	1	252	1.43395e-161	TRUE	PB1:cds-XAJ25424.1	GAA	E	GAG	E	697
PB1|PP755595.1|A/cattle/Texas/24-008749-003/2024(H5N1)	2103	T	C	0	0	0	265	115	38	1	265	2.23334e-172	TRUE	PB1:cds-XAJ25424.1	CCT	P	CCC	P	701
PB1|PP755595.1|A/cattle/Texas/24-008749-003/2024(H5N1)	2106	C	T	0	0	0	265	120	39	1	265	7.88351e-181	TRUE	PB1:cds-XAJ25424.1	AGC	S	AGT	S	702
PB1|PP755595.1|A/cattle/Texas/24-008749-003/2024(H5N1)	2121	G	A	0	0	0	301	166	39	1	301	1.15244e-199	TRUE	PB1:cds-XAJ25424.1	AGG	R	AGA	R	707
PB1|PP755595.1|A/cattle/Texas/24-008749-003/2024(H5N1)	2124	G	A	0	0	0	302	168	39	1	302	8.7077e-201	TRUE	PB1:cds-XAJ25424.1	CCG	P	CCA	P	708
PB1|PP755595.1|A/cattle/Texas/24-008749-003/2024(H5N1)	2157	T	G	0	0	0	301	187	41	1	301	3.18663e-205	TRUE	PB1:cds-XAJ25424.1	GTT	V	GTG	V	719
PB1|PP755595.1|A/cattle/Texas/24-008749-003/2024(H5N1)	2172	T	C	0	0	0	302	241	46	1	302	1.36496e-215	TRUE	PB1:cds-XAJ25424.1	ATT	I	ATC	I	724
PB1|PP755595.1|A/cattle/Texas/24-008749-003/2024(H5N1)	2181	A	C	0	0	0	305	249	45	1	305	6.04049e-214	TRUE	PB1:cds-XAJ25424.1	CGA	R	CGC	R	727
PB1|PP755595.1|A/cattle/Texas/24-008749-003/2024(H5N1)	2187	C	T	3	3	34	297	246	45	0.99	300	9.72599e-201	TRUE	PB1:cds-XAJ25424.1	GAC	D	GAT	D	729
PB1|PP755595.1|A/cattle/Texas/24-008749-003/2024(H5N1)	2195	C	-TGGACGGATTAAGAAGGAGGAGTT	292	247	43	10	0	20	0.0259067	386	0.0160367	FALSE	NA	NA	NA	NA	NA	NA
PB1|PP755595.1|A/cattle/Texas/24-008749-003/2024(H5N1)	2200	C	A	0	0	0	269	226	44	0.99262	271	1.09709e-190	TRUE	PB1:cds-XAJ25424.1	CGG	R	AGG	R	734
PB1|PP755595.1|A/cattle/Texas/24-008749-003/2024(H5N1)	2205	T	C	0	0	0	265	224	43	1	265	1.17037e-185	TRUE	PB1:cds-XAJ25424.1	ATT	I	ATC	I	735
PB1|PP755595.1|A/cattle/Texas/24-008749-003/2024(H5N1)	2208	G	A	0	0	0	264	227	42	1	264	1.2784e-183	TRUE	PB1:cds-XAJ25424.1	AAG	K	AAA	K	736
PB1|PP755595.1|A/cattle/Texas/24-008749-003/2024(H5N1)	2214	G	A	0	0	0	261	230	41	1	261	1.22312e-178	TRUE	PB1:cds-XAJ25424.1	GAG	E	GAA	E	738
PB1|PP755595.1|A/cattle/Texas/24-008749-003/2024(H5N1)	2225	A	G	257	228	40	3	3	34	0.0115385	260	0.0923486	FALSE	PB1:cds-XAJ25424.1	GAG	E	GGG	G	742
PB1|PP755595.1|A/cattle/Texas/24-008749-003/2024(H5N1)	2268	G	A	0	0	0	74	61	29	1	74	9.71973e-65	TRUE	PB1:cds-XAJ25424.1	CAG	Q	CAA	Q	756
