REGION	POS	REF	ALT	REF_DP	REF_RV	REF_QUAL	ALT_DP	ALT_RV	ALT_QUAL	ALT_FREQ	TOTAL_DP	PVAL	PASS	GFF_FEATURE	REF_CODON	REF_AA	ALT_CODON	ALT_AA	POS_AA
NA|PP755591.1|A/cattle/Texas/24-008749-003/2024(H5N1)	250	A	G	0	0	0	6787	3147	33	1	6787	0	TRUE	NA:cds-XAJ25418.1	ACA	T	GCA	A	84
NA|PP755591.1|A/cattle/Texas/24-008749-003/2024(H5N1)	571	T	C	1	1	34	6870	3159	33	0.999854	6871	0	TRUE	NA:cds-XAJ25418.1	TTG	L	CTG	L	191
NA|PP755591.1|A/cattle/Texas/24-008749-003/2024(H5N1)	651	G	A	7083	3428	33	73	29	33	0.0102012	7156	1.22841e-15	TRUE	NA:cds-XAJ25418.1	AAG	K	AAA	K	217
NA|PP755591.1|A/cattle/Texas/24-008749-003/2024(H5N1)	737	C	A	7271	3953	33	177	112	33	0.0237552	7451	1.24214e-46	TRUE	NA:cds-XAJ25418.1	CCA	P	CAA	Q	246
NA|PP755591.1|A/cattle/Texas/24-008749-003/2024(H5N1)	901	C	T	6889	3587	33	78	43	33	0.0111924	6969	3.63092e-18	TRUE	NA:cds-XAJ25418.1	CGG	R	TGG	W	301
NA|PP755591.1|A/cattle/Texas/24-008749-003/2024(H5N1)	915	T	C	7535	3440	33	169	65	33	0.0219367	7704	8.10786e-43	TRUE	NA:cds-XAJ25418.1	TCT	S	TCC	S	305
NA|PP755591.1|A/cattle/Texas/24-008749-003/2024(H5N1)	1091	G	A	10639	4714	33	112	58	32	0.0104167	10752	2.04248e-23	TRUE	NA:cds-XAJ25418.1	AGC	S	AAC	N	364
NA|PP755591.1|A/cattle/Texas/24-008749-003/2024(H5N1)	1149	G	A	231	139	33	10195	5473	33	0.977656	10428	0	TRUE	NA:cds-XAJ25418.1	ACG	T	ACA	T	383
NA|PP755591.1|A/cattle/Texas/24-008749-003/2024(H5N1)	1185	A	G	1	1	20	8683	5139	33	0.999655	8686	0	TRUE	NA:cds-XAJ25418.1	GAA	E	GAG	E	395
NA|PP755591.1|A/cattle/Texas/24-008749-003/2024(H5N1)	1289	G	C	5477	2935	32	64	64	27	0.0115295	5551	0.204906	FALSE	NA:cds-XAJ25418.1	AGG	R	ACG	T	430
