REGION	POS	REF	ALT	REF_DP	REF_RV	REF_QUAL	ALT_DP	ALT_RV	ALT_QUAL	ALT_FREQ	TOTAL_DP	PVAL	PASS	GFF_FEATURE	REF_CODON	REF_AA	ALT_CODON	ALT_AA	POS_AA
MP|PP755590.1|A/cattle/Texas/24-008749-003/2024(H5N1)	47	C	A	8072	1581	37	99	0	26	0.0121071	8177	0.0606253	FALSE	M1:cds-XAJ25416.1	CCG	P	CAG	Q	16
MP|PP755590.1|A/cattle/Texas/24-008749-003/2024(H5N1)	99	A	G	12	1	42	18297	4742	47	0.99929	18310	0	TRUE	M1:cds-XAJ25416.1	GCA	A	GCG	A	33
MP|PP755590.1|A/cattle/Texas/24-008749-003/2024(H5N1)	102	G	A	26	5	41	18307	4815	47	0.998473	18335	0	TRUE	M1:cds-XAJ25416.1	GGG	G	GGA	G	34
MP|PP755590.1|A/cattle/Texas/24-008749-003/2024(H5N1)	160	C	A	25949	12318	43	309	0	27	0.0117669	26260	0.0186633	FALSE	M1:cds-XAJ25416.1	CCT	P	ACT	T	54
MP|PP755590.1|A/cattle/Texas/24-008749-003/2024(H5N1)	163	C	A	24119	12629	42	623	0	27	0.0251727	24749	3.11639e-47	TRUE	M1:cds-XAJ25416.1	CTG	L	ATG	M	55
MP|PP755590.1|A/cattle/Texas/24-008749-003/2024(H5N1)	245	G	A	8	3	43	29228	13379	47	0.999658	29238	0	TRUE	M1:cds-XAJ25416.1	AGT	S	AAT	N	82
MP|PP755590.1|A/cattle/Texas/24-008749-003/2024(H5N1)	249	C	T	40	20	46	29727	14315	48	0.998522	29771	0	TRUE	M1:cds-XAJ25416.1	GCC	A	GCT	A	83
MP|PP755590.1|A/cattle/Texas/24-008749-003/2024(H5N1)	254	G	A	19	11	43	29685	14909	48	0.999226	29708	0	TRUE	M1:cds-XAJ25416.1	AGT	S	AAT	N	85
MP|PP755590.1|A/cattle/Texas/24-008749-003/2024(H5N1)	260	C	A	5	0	27	30269	15716	48	0.998878	30303	0	TRUE	M1:cds-XAJ25416.1	ACT	T	AAT	N	87
MP|PP755590.1|A/cattle/Texas/24-008749-003/2024(H5N1)	285	A	G	5	4	40	29710	15156	46	0.999563	29723	0	TRUE	M1:cds-XAJ25416.1	AGA	R	AGG	R	95
MP|PP755590.1|A/cattle/Texas/24-008749-003/2024(H5N1)	294	G	A	36	18	46	27958	14203	46	0.998536	27999	0	TRUE	M1:cds-XAJ25416.1	AAG	K	AAA	K	98
MP|PP755590.1|A/cattle/Texas/24-008749-003/2024(H5N1)	295	T	C	5	3	46	27796	14512	45	0.999712	27804	0	TRUE	M1:cds-XAJ25416.1	TTG	L	CTG	L	99
MP|PP755590.1|A/cattle/Texas/24-008749-003/2024(H5N1)	307	C	T	6	4	53	29471	16311	47	0.99922	29494	0	TRUE	M1:cds-XAJ25416.1	CTG	L	TTG	L	103
MP|PP755590.1|A/cattle/Texas/24-008749-003/2024(H5N1)	316	G	T	26121	12981	42	317	317	28	0.0119894	26440	0.00935106	TRUE	M1:cds-XAJ25416.1	GAG	E	TAG	*	106
MP|PP755590.1|A/cattle/Texas/24-008749-003/2024(H5N1)	406	G	T	25195	9849	41	396	396	25	0.0154645	25607	9.46262e-10	TRUE	M1:cds-XAJ25416.1	GGG	G	TGG	W	136
MP|PP755590.1|A/cattle/Texas/24-008749-003/2024(H5N1)	456	A	G	25	6	48	27845	12283	47	0.999067	27871	0	TRUE	M1:cds-XAJ25416.1	GAA	E	GAG	E	152
MP|PP755590.1|A/cattle/Texas/24-008749-003/2024(H5N1)	489	A	G	13	4	41	28230	14071	48	0.999469	28245	0	TRUE	M1:cds-XAJ25416.1	AGA	R	AGG	R	163
MP|PP755590.1|A/cattle/Texas/24-008749-003/2024(H5N1)	498	T	C	17	10	51	26928	13440	46	0.997999	26982	0	TRUE	M1:cds-XAJ25416.1	GCT	A	GCC	A	166
MP|PP755590.1|A/cattle/Texas/24-008749-003/2024(H5N1)	516	G	A	4	3	36	28334	14887	48	0.999718	28342	0	TRUE	M1:cds-XAJ25416.1	CTG	L	CTA	L	172
MP|PP755590.1|A/cattle/Texas/24-008749-003/2024(H5N1)	540	T	G	1	1	24	29712	16568	46	0.999361	29731	0	TRUE	M1:cds-XAJ25416.1	GTT	V	GTG	V	180
MP|PP755590.1|A/cattle/Texas/24-008749-003/2024(H5N1)	570	G	A	35	17	47	28377	11971	46	0.998522	28419	0	TRUE	M1:cds-XAJ25416.1	GAG	E	GAA	E	190
MP|PP755590.1|A/cattle/Texas/24-008749-003/2024(H5N1)	599	T	C	8	4	44	27707	14175	45	0.999675	27716	0	TRUE	M1:cds-XAJ25416.1	GTG	V	GCG	A	200
MP|PP755590.1|A/cattle/Texas/24-008749-003/2024(H5N1)	633	G	A	36	18	45	29538	13336	46	0.998614	29579	0	TRUE	M1:cds-XAJ25416.1	CAG	Q	CAA	Q	211
MP|PP755590.1|A/cattle/Texas/24-008749-003/2024(H5N1)	679	A	G	6	3	44	31304	11001	47	0.999808	31310	0	TRUE	M1:cds-XAJ25416.1	ACC	T	GCC	A	227
MP|PP755590.1|A/cattle/Texas/24-008749-003/2024(H5N1)	699	C	A	21986	11752	38	482	0	25	0.0214508	22470	2.42092e-28	TRUE	M1:cds-XAJ25416.1	CTC	L	CTA	L	233
MP|PP755590.1|A/cattle/Texas/24-008749-003/2024(H5N1)	726	A	C	71	1	25	26761	12425	42	0.99598	26869	0	TRUE	M2:cds-XAJ25417.1	AAC	N	ACC	T	4
MP|PP755590.1|A/cattle/Texas/24-008749-003/2024(H5N1)	726	A	C	71	1	25	26761	12425	42	0.99598	26869	0	TRUE	M1:cds-XAJ25416.1	AAA	K	AAC	N	242
MP|PP755590.1|A/cattle/Texas/24-008749-003/2024(H5N1)	766	C	A	26040	14123	43	469	1	27	0.0176888	26514	6.21014e-17	TRUE	M2:cds-XAJ25417.1	CTC	L	CTA	L	18
MP|PP755590.1|A/cattle/Texas/24-008749-003/2024(H5N1)	869	G	A	51	41	46	28308	23644	51	0.998166	28360	0	TRUE	M2:cds-XAJ25417.1	GGA	G	AGA	R	52
MP|PP755590.1|A/cattle/Texas/24-008749-003/2024(H5N1)	884	G	T	21402	17178	43	354	354	26	0.0162699	21758	4.55314e-11	TRUE	M2:cds-XAJ25417.1	GAA	E	TAA	*	57
MP|PP755590.1|A/cattle/Texas/24-008749-003/2024(H5N1)	908	G	T	18609	15923	41	213	213	26	0.0113105	18832	0.0880365	FALSE	M2:cds-XAJ25417.1	GAA	E	TAA	*	65
MP|PP755590.1|A/cattle/Texas/24-008749-003/2024(H5N1)	922	G	A	18105	16322	46	2420	2205	46	0.117859	20533	0	TRUE	M2:cds-XAJ25417.1	CAG	Q	CAA	Q	70
MP|PP755590.1|A/cattle/Texas/24-008749-003/2024(H5N1)	950	A	G	6	5	41	10634	9617	46	0.999061	10644	0	TRUE	M2:cds-XAJ25417.1	AAT	N	GAT	D	79
