REGION	POS	REF	ALT	REF_DP	REF_RV	REF_QUAL	ALT_DP	ALT_RV	ALT_QUAL	ALT_FREQ	TOTAL_DP	PVAL	PASS	GFF_FEATURE	REF_CODON	REF_AA	ALT_CODON	ALT_AA	POS_AA
HA|PP755589.1|A/cattle/Texas/24-008749-003/2024(H5N1)	6	G	A	0	0	0	224	83	28	1	224	2.0269e-306	TRUE	HA:cds-XAJ25415.1	GAG	E	GAA	E	2
HA|PP755589.1|A/cattle/Texas/24-008749-003/2024(H5N1)	18	A	T	0	0	0	704	169	33	0.998582	705	0	TRUE	HA:cds-XAJ25415.1	CTA	L	CTT	L	6
HA|PP755589.1|A/cattle/Texas/24-008749-003/2024(H5N1)	31	G	A	0	0	0	1132	482	33	1	1132	0	TRUE	HA:cds-XAJ25415.1	GTT	V	ATT	I	11
HA|PP755589.1|A/cattle/Texas/24-008749-003/2024(H5N1)	93	A	G	0	0	0	3054	1419	33	1	3054	0	TRUE	HA:cds-XAJ25415.1	CAA	Q	CAG	Q	31
HA|PP755589.1|A/cattle/Texas/24-008749-003/2024(H5N1)	123	T	C	0	0	0	3402	1599	33	1	3402	0	TRUE	HA:cds-XAJ25415.1	ACT	T	ACC	T	41
HA|PP755589.1|A/cattle/Texas/24-008749-003/2024(H5N1)	154	A	G	4	2	34	4245	2253	33	0.998589	4251	0	TRUE	HA:cds-XAJ25415.1	ACA	T	GCA	A	52
HA|PP755589.1|A/cattle/Texas/24-008749-003/2024(H5N1)	171	A	C	0	0	0	4063	2189	33	1	4063	0	TRUE	HA:cds-XAJ25415.1	CTA	L	CTC	L	57
HA|PP755589.1|A/cattle/Texas/24-008749-003/2024(H5N1)	174	C	T	2	1	34	4117	2203	33	0.999514	4119	0	TRUE	HA:cds-XAJ25415.1	TGC	C	TGT	C	58
HA|PP755589.1|A/cattle/Texas/24-008749-003/2024(H5N1)	177	C	T	1	1	34	3905	1924	32	0.999744	3906	0	TRUE	HA:cds-XAJ25415.1	GAC	D	GAT	D	59
HA|PP755589.1|A/cattle/Texas/24-008749-003/2024(H5N1)	195	A	T	0	0	0	4151	2125	33	0.998076	4159	0	TRUE	HA:cds-XAJ25415.1	CCA	P	CCT	P	65
HA|PP755589.1|A/cattle/Texas/24-008749-003/2024(H5N1)	210	C	T	1	1	34	4251	2332	33	0.999765	4252	0	TRUE	HA:cds-XAJ25415.1	GAC	D	GAT	D	70
HA|PP755589.1|A/cattle/Texas/24-008749-003/2024(H5N1)	213	C	T	5	3	34	4322	2354	33	0.998383	4329	0	TRUE	HA:cds-XAJ25415.1	TGC	C	TGT	C	71
HA|PP755589.1|A/cattle/Texas/24-008749-003/2024(H5N1)	231	C	T	0	0	0	3444	1479	32	0.99971	3445	0	TRUE	HA:cds-XAJ25415.1	CTC	L	CTT	L	77
HA|PP755589.1|A/cattle/Texas/24-008749-003/2024(H5N1)	279	T	C	3	1	29	4204	2214	33	0.999049	4208	0	TRUE	HA:cds-XAJ25415.1	TCT	S	TCC	S	93
HA|PP755589.1|A/cattle/Texas/24-008749-003/2024(H5N1)	297	T	C	0	0	0	3449	1589	33	0.99971	3450	0	TRUE	HA:cds-XAJ25415.1	GCT	A	GCC	A	99
HA|PP755589.1|A/cattle/Texas/24-008749-003/2024(H5N1)	300	C	T	1	1	34	3416	1514	33	0.999707	3417	0	TRUE	HA:cds-XAJ25415.1	AAC	N	AAT	N	100
HA|PP755589.1|A/cattle/Texas/24-008749-003/2024(H5N1)	342	T	C	1	0	34	3873	1736	33	0.999742	3874	0	TRUE	HA:cds-XAJ25415.1	TAT	Y	TAC	Y	114
HA|PP755589.1|A/cattle/Texas/24-008749-003/2024(H5N1)	358	A	C	0	0	0	3805	1774	33	1	3805	0	TRUE	HA:cds-XAJ25415.1	ATG	M	CTG	L	120
HA|PP755589.1|A/cattle/Texas/24-008749-003/2024(H5N1)	378	T	C	2	1	34	3865	1777	33	0.999224	3868	0	TRUE	HA:cds-XAJ25415.1	CAT	H	CAC	H	126
HA|PP755589.1|A/cattle/Texas/24-008749-003/2024(H5N1)	392	A	T	0	0	0	3933	1875	33	0.999492	3935	0	TRUE	HA:cds-XAJ25415.1	CAG	Q	CTG	L	131
HA|PP755589.1|A/cattle/Texas/24-008749-003/2024(H5N1)	399	T	C	3	2	30	3994	1898	33	0.999249	3997	0	TRUE	HA:cds-XAJ25415.1	ATT	I	ATC	I	133
HA|PP755589.1|A/cattle/Texas/24-008749-003/2024(H5N1)	468	A	G	2	1	34	3227	1730	33	0.998762	3231	0	TRUE	HA:cds-XAJ25415.1	GCA	A	GCG	A	156
HA|PP755589.1|A/cattle/Texas/24-008749-003/2024(H5N1)	549	T	C	2	1	34	2999	1510	33	0.999334	3001	0	TRUE	HA:cds-XAJ25415.1	ACT	T	ACC	T	183
HA|PP755589.1|A/cattle/Texas/24-008749-003/2024(H5N1)	621	C	T	0	0	0	3100	1478	33	0.999355	3102	0	TRUE	HA:cds-XAJ25415.1	TAC	Y	TAT	Y	207
HA|PP755589.1|A/cattle/Texas/24-008749-003/2024(H5N1)	627	C	T	2	1	34	2807	1240	32	0.999288	2809	0	TRUE	HA:cds-XAJ25415.1	AAC	N	AAT	N	209
HA|PP755589.1|A/cattle/Texas/24-008749-003/2024(H5N1)	632	T	C	0	0	0	3073	1489	33	1	3073	0	TRUE	HA:cds-XAJ25415.1	ATC	I	ACC	T	211
HA|PP755589.1|A/cattle/Texas/24-008749-003/2024(H5N1)	651	G	A	2	1	34	3025	1445	33	0.999339	3027	0	TRUE	HA:cds-XAJ25415.1	GGG	G	GGA	G	217
HA|PP755589.1|A/cattle/Texas/24-008749-003/2024(H5N1)	677	C	T	0	0	0	3040	1410	33	1	3040	0	TRUE	HA:cds-XAJ25415.1	GCA	A	GTA	V	226
HA|PP755589.1|A/cattle/Texas/24-008749-003/2024(H5N1)	744	C	T	0	0	0	2960	1430	33	1	2960	0	TRUE	HA:cds-XAJ25415.1	ATC	I	ATT	I	248
HA|PP755589.1|A/cattle/Texas/24-008749-003/2024(H5N1)	762	A	C	0	0	0	3154	1548	33	0.99905	3157	0	TRUE	HA:cds-XAJ25415.1	GCA	A	GCC	A	254
HA|PP755589.1|A/cattle/Texas/24-008749-003/2024(H5N1)	780	C	T	3	1	34	3073	1439	33	0.9987	3077	0	TRUE	HA:cds-XAJ25415.1	AAC	N	AAT	N	260
HA|PP755589.1|A/cattle/Texas/24-008749-003/2024(H5N1)	819	T	C	0	0	0	3643	1909	33	0.999451	3645	0	TRUE	HA:cds-XAJ25415.1	GTT	V	GTC	V	273
HA|PP755589.1|A/cattle/Texas/24-008749-003/2024(H5N1)	834	G	A	2	1	34	3616	1880	33	0.999447	3618	0	TRUE	HA:cds-XAJ25415.1	TCG	S	TCA	S	278
HA|PP755589.1|A/cattle/Texas/24-008749-003/2024(H5N1)	867	T	C	0	0	0	3649	1798	33	0.999179	3652	0	TRUE	HA:cds-XAJ25415.1	CAT	H	CAC	H	289
HA|PP755589.1|A/cattle/Texas/24-008749-003/2024(H5N1)	897	T	A	1	0	26	3371	1575	33	0.998223	3377	0	TRUE	HA:cds-XAJ25415.1	GGT	G	GGA	G	299
HA|PP755589.1|A/cattle/Texas/24-008749-003/2024(H5N1)	921	T	C	2	1	34	3738	1891	33	0.998931	3742	0	TRUE	HA:cds-XAJ25415.1	TTT	F	TTC	F	307
HA|PP755589.1|A/cattle/Texas/24-008749-003/2024(H5N1)	1022	A	G	2	0	34	4003	2108	33	0.999501	4005	0	TRUE	HA:cds-XAJ25415.1	AAG	K	AGG	R	341
HA|PP755589.1|A/cattle/Texas/24-008749-003/2024(H5N1)	1038	T	C	0	0	0	3923	2222	33	1	3923	0	TRUE	HA:cds-XAJ25415.1	GGT	G	GGC	G	346
HA|PP755589.1|A/cattle/Texas/24-008749-003/2024(H5N1)	1143	G	A	3	2	34	3928	1616	33	0.998983	3932	0	TRUE	HA:cds-XAJ25415.1	GCG	A	GCA	A	381
HA|PP755589.1|A/cattle/Texas/24-008749-003/2024(H5N1)	1314	A	C	5	3	32	7625	3544	33	0.999083	7632	0	TRUE	HA:cds-XAJ25415.1	ACA	T	ACC	T	438
HA|PP755589.1|A/cattle/Texas/24-008749-003/2024(H5N1)	1405	T	C	0	0	0	9014	4633	33	0.999778	9016	0	TRUE	HA:cds-XAJ25415.1	TTA	L	CTA	L	469
HA|PP755589.1|A/cattle/Texas/24-008749-003/2024(H5N1)	1407	A	G	8	4	34	8842	4543	33	0.99887	8852	0	TRUE	HA:cds-XAJ25415.1	TTA	L	TTG	L	469
HA|PP755589.1|A/cattle/Texas/24-008749-003/2024(H5N1)	1440	C	T	6	3	34	9568	4349	33	0.999373	9574	0	TRUE	HA:cds-XAJ25415.1	AAC	N	AAT	N	480
HA|PP755589.1|A/cattle/Texas/24-008749-003/2024(H5N1)	1467	T	C	9	2	34	8710	4326	33	0.998853	8720	0	TRUE	HA:cds-XAJ25415.1	TGT	C	TGC	C	489
HA|PP755589.1|A/cattle/Texas/24-008749-003/2024(H5N1)	1471	A	G	15	6	34	8927	4346	33	0.998323	8942	0	TRUE	HA:cds-XAJ25415.1	AAT	N	GAT	D	491
HA|PP755589.1|A/cattle/Texas/24-008749-003/2024(H5N1)	1514	C	T	11302	5204	33	766	380	33	0.0634684	12069	4.56898e-220	TRUE	HA:cds-XAJ25415.1	CCT	P	CTT	L	505
HA|PP755589.1|A/cattle/Texas/24-008749-003/2024(H5N1)	1576	G	A	4	2	34	12472	6792	33	0.999519	12478	0	TRUE	HA:cds-XAJ25415.1	GTA	V	ATA	I	526
HA|PP755589.1|A/cattle/Texas/24-008749-003/2024(H5N1)	1617	A	G	7	4	34	13438	7953	33	0.999405	13446	0	TRUE	HA:cds-XAJ25415.1	GCA	A	GCG	A	539
HA|PP755589.1|A/cattle/Texas/24-008749-003/2024(H5N1)	1686	A	G	4	4	34	6469	4222	33	0.999382	6473	0	TRUE	HA:cds-XAJ25415.1	CAA	Q	CAG	Q	562
