REGION	POS	REF	ALT	REF_DP	REF_RV	REF_QUAL	ALT_DP	ALT_RV	ALT_QUAL	ALT_FREQ	TOTAL_DP	PVAL	PASS	GFF_FEATURE	REF_CODON	REF_AA	ALT_CODON	ALT_AA	POS_AA
HA|PP755589.1|A/cattle/Texas/24-008749-003/2024(H5N1)	6	G	A	3	0	34	354	155	28	0.991597	357	0	TRUE	HA:cds-XAJ25415.1	GAG	E	GAA	E	2
HA|PP755589.1|A/cattle/Texas/24-008749-003/2024(H5N1)	18	A	T	1	1	26	1392	460	32	0.998565	1394	0	TRUE	HA:cds-XAJ25415.1	CTA	L	CTT	L	6
HA|PP755589.1|A/cattle/Texas/24-008749-003/2024(H5N1)	31	G	A	0	0	0	2100	976	33	1	2100	0	TRUE	HA:cds-XAJ25415.1	GTT	V	ATT	I	11
HA|PP755589.1|A/cattle/Texas/24-008749-003/2024(H5N1)	93	A	G	1	0	34	5679	2607	33	0.999824	5680	0	TRUE	HA:cds-XAJ25415.1	CAA	Q	CAG	Q	31
HA|PP755589.1|A/cattle/Texas/24-008749-003/2024(H5N1)	114	G	A	6193	2858	33	115	38	32	0.0182308	6308	1.16707e-35	TRUE	HA:cds-XAJ25415.1	AAG	K	AAA	K	38
HA|PP755589.1|A/cattle/Texas/24-008749-003/2024(H5N1)	123	T	C	0	0	0	6359	2945	33	1	6359	0	TRUE	HA:cds-XAJ25415.1	ACT	T	ACC	T	41
HA|PP755589.1|A/cattle/Texas/24-008749-003/2024(H5N1)	154	A	G	4	2	32	8205	4209	33	0.999513	8209	0	TRUE	HA:cds-XAJ25415.1	ACA	T	GCA	A	52
HA|PP755589.1|A/cattle/Texas/24-008749-003/2024(H5N1)	171	A	C	1	0	34	8038	4245	33	0.999254	8044	0	TRUE	HA:cds-XAJ25415.1	CTA	L	CTC	L	57
HA|PP755589.1|A/cattle/Texas/24-008749-003/2024(H5N1)	174	C	T	14	8	34	8152	4279	33	0.998286	8166	0	TRUE	HA:cds-XAJ25415.1	TGC	C	TGT	C	58
HA|PP755589.1|A/cattle/Texas/24-008749-003/2024(H5N1)	177	C	T	0	0	0	8060	4038	33	1	8060	0	TRUE	HA:cds-XAJ25415.1	GAC	D	GAT	D	59
HA|PP755589.1|A/cattle/Texas/24-008749-003/2024(H5N1)	195	A	T	3	2	34	8680	4424	33	0.997357	8703	0	TRUE	HA:cds-XAJ25415.1	CCA	P	CCT	P	65
HA|PP755589.1|A/cattle/Texas/24-008749-003/2024(H5N1)	210	C	T	0	0	0	8710	4647	33	1	8710	0	TRUE	HA:cds-XAJ25415.1	GAC	D	GAT	D	70
HA|PP755589.1|A/cattle/Texas/24-008749-003/2024(H5N1)	213	C	T	2	1	34	8919	4789	33	0.999664	8922	0	TRUE	HA:cds-XAJ25415.1	TGC	C	TGT	C	71
HA|PP755589.1|A/cattle/Texas/24-008749-003/2024(H5N1)	231	C	T	0	0	0	7299	3250	31	1	7299	0	TRUE	HA:cds-XAJ25415.1	CTC	L	CTT	L	77
HA|PP755589.1|A/cattle/Texas/24-008749-003/2024(H5N1)	279	T	C	7	1	34	8718	4642	33	0.999198	8725	0	TRUE	HA:cds-XAJ25415.1	TCT	S	TCC	S	93
HA|PP755589.1|A/cattle/Texas/24-008749-003/2024(H5N1)	297	T	C	0	0	0	7272	3400	33	1	7272	0	TRUE	HA:cds-XAJ25415.1	GCT	A	GCC	A	99
HA|PP755589.1|A/cattle/Texas/24-008749-003/2024(H5N1)	300	C	T	3	2	34	7117	3234	33	0.999579	7120	0	TRUE	HA:cds-XAJ25415.1	AAC	N	AAT	N	100
HA|PP755589.1|A/cattle/Texas/24-008749-003/2024(H5N1)	342	T	C	5	3	34	8255	3810	33	0.999153	8262	0	TRUE	HA:cds-XAJ25415.1	TAT	Y	TAC	Y	114
HA|PP755589.1|A/cattle/Texas/24-008749-003/2024(H5N1)	358	A	C	3	2	31	8146	3825	33	0.999387	8151	0	TRUE	HA:cds-XAJ25415.1	ATG	M	CTG	L	120
HA|PP755589.1|A/cattle/Texas/24-008749-003/2024(H5N1)	378	T	C	0	0	0	8285	3779	33	1	8285	0	TRUE	HA:cds-XAJ25415.1	CAT	H	CAC	H	126
HA|PP755589.1|A/cattle/Texas/24-008749-003/2024(H5N1)	392	A	T	1	0	34	8457	3959	33	0.999882	8458	0	TRUE	HA:cds-XAJ25415.1	CAG	Q	CTG	L	131
HA|PP755589.1|A/cattle/Texas/24-008749-003/2024(H5N1)	399	T	C	2	1	34	8327	3912	33	0.99976	8329	0	TRUE	HA:cds-XAJ25415.1	ATT	I	ATC	I	133
HA|PP755589.1|A/cattle/Texas/24-008749-003/2024(H5N1)	468	A	G	4	2	34	6760	3596	33	0.999409	6764	0	TRUE	HA:cds-XAJ25415.1	GCA	A	GCG	A	156
HA|PP755589.1|A/cattle/Texas/24-008749-003/2024(H5N1)	549	T	C	2	1	34	6273	3126	33	0.999681	6275	0	TRUE	HA:cds-XAJ25415.1	ACT	T	ACC	T	183
HA|PP755589.1|A/cattle/Texas/24-008749-003/2024(H5N1)	621	C	T	0	0	0	6512	3168	33	1	6512	0	TRUE	HA:cds-XAJ25415.1	TAC	Y	TAT	Y	207
HA|PP755589.1|A/cattle/Texas/24-008749-003/2024(H5N1)	627	C	T	0	0	0	6188	2923	32	1	6188	0	TRUE	HA:cds-XAJ25415.1	AAC	N	AAT	N	209
HA|PP755589.1|A/cattle/Texas/24-008749-003/2024(H5N1)	632	T	C	0	0	0	6460	3182	33	0.999845	6461	0	TRUE	HA:cds-XAJ25415.1	ATC	I	ACC	T	211
HA|PP755589.1|A/cattle/Texas/24-008749-003/2024(H5N1)	651	G	A	2	2	34	6329	3052	33	0.999684	6331	0	TRUE	HA:cds-XAJ25415.1	GGG	G	GGA	G	217
HA|PP755589.1|A/cattle/Texas/24-008749-003/2024(H5N1)	677	C	T	0	0	0	6253	3027	33	0.99984	6254	0	TRUE	HA:cds-XAJ25415.1	GCA	A	GTA	V	226
HA|PP755589.1|A/cattle/Texas/24-008749-003/2024(H5N1)	711	G	A	4746	2358	33	1522	719	33	0.242782	6269	0	TRUE	HA:cds-XAJ25415.1	GGG	G	GGA	G	237
HA|PP755589.1|A/cattle/Texas/24-008749-003/2024(H5N1)	744	C	T	1	1	34	5938	2788	33	0.999832	5939	0	TRUE	HA:cds-XAJ25415.1	ATC	I	ATT	I	248
HA|PP755589.1|A/cattle/Texas/24-008749-003/2024(H5N1)	762	A	C	2	1	29	6401	3034	33	0.999219	6406	0	TRUE	HA:cds-XAJ25415.1	GCA	A	GCC	A	254
HA|PP755589.1|A/cattle/Texas/24-008749-003/2024(H5N1)	780	C	T	2	1	34	6454	2978	33	0.99969	6456	0	TRUE	HA:cds-XAJ25415.1	AAC	N	AAT	N	260
HA|PP755589.1|A/cattle/Texas/24-008749-003/2024(H5N1)	819	T	C	4	2	32	7839	3940	33	0.998981	7847	0	TRUE	HA:cds-XAJ25415.1	GTT	V	GTC	V	273
HA|PP755589.1|A/cattle/Texas/24-008749-003/2024(H5N1)	834	G	A	10	4	34	7803	3900	33	0.99872	7813	0	TRUE	HA:cds-XAJ25415.1	TCG	S	TCA	S	278
HA|PP755589.1|A/cattle/Texas/24-008749-003/2024(H5N1)	853	G	T	3	1	28	7561	3699	33	0.999471	7565	0	TRUE	HA:cds-XAJ25415.1	GTG	V	TTG	L	285
HA|PP755589.1|A/cattle/Texas/24-008749-003/2024(H5N1)	867	T	C	0	0	0	7872	3951	33	1	7872	0	TRUE	HA:cds-XAJ25415.1	CAT	H	CAC	H	289
HA|PP755589.1|A/cattle/Texas/24-008749-003/2024(H5N1)	897	T	A	2	1	30	7431	3542	33	0.997316	7451	0	TRUE	HA:cds-XAJ25415.1	GGT	G	GGA	G	299
HA|PP755589.1|A/cattle/Texas/24-008749-003/2024(H5N1)	921	T	C	0	0	0	8107	4174	33	1	8107	0	TRUE	HA:cds-XAJ25415.1	TTT	F	TTC	F	307
HA|PP755589.1|A/cattle/Texas/24-008749-003/2024(H5N1)	1022	A	G	0	0	0	8975	4597	33	0.999777	8977	0	TRUE	HA:cds-XAJ25415.1	AAG	K	AGG	R	341
HA|PP755589.1|A/cattle/Texas/24-008749-003/2024(H5N1)	1038	T	C	0	0	0	8775	4760	33	1	8775	0	TRUE	HA:cds-XAJ25415.1	GGT	G	GGC	G	346
HA|PP755589.1|A/cattle/Texas/24-008749-003/2024(H5N1)	1143	G	A	7	3	32	8854	3739	33	0.999097	8862	0	TRUE	HA:cds-XAJ25415.1	GCG	A	GCA	A	381
HA|PP755589.1|A/cattle/Texas/24-008749-003/2024(H5N1)	1314	A	C	0	0	0	10226	5439	33	0.999804	10228	0	TRUE	HA:cds-XAJ25415.1	ACA	T	ACC	T	438
HA|PP755589.1|A/cattle/Texas/24-008749-003/2024(H5N1)	1405	T	C	0	0	0	10392	5509	33	1	10392	0	TRUE	HA:cds-XAJ25415.1	TTA	L	CTA	L	469
HA|PP755589.1|A/cattle/Texas/24-008749-003/2024(H5N1)	1440	C	T	4	0	34	11322	4910	33	0.999559	11327	0	TRUE	HA:cds-XAJ25415.1	AAC	N	AAT	N	480
HA|PP755589.1|A/cattle/Texas/24-008749-003/2024(H5N1)	1471	A	G	0	0	0	10488	4875	33	0.999905	10489	0	TRUE	HA:cds-XAJ25415.1	AAT	N	GAT	D	491
HA|PP755589.1|A/cattle/Texas/24-008749-003/2024(H5N1)	1576	G	A	4	2	34	13914	7570	33	0.999713	13918	0	TRUE	HA:cds-XAJ25415.1	GTA	V	ATA	I	526
HA|PP755589.1|A/cattle/Texas/24-008749-003/2024(H5N1)	1617	A	G	8	4	34	14389	8430	33	0.999444	14397	0	TRUE	HA:cds-XAJ25415.1	GCA	A	GCG	A	539
HA|PP755589.1|A/cattle/Texas/24-008749-003/2024(H5N1)	1686	A	G	7	4	34	6997	4365	33	0.999001	7004	0	TRUE	HA:cds-XAJ25415.1	CAA	Q	CAG	Q	562
