REGION	POS	REF	ALT	REF_DP	REF_RV	REF_QUAL	ALT_DP	ALT_RV	ALT_QUAL	ALT_FREQ	TOTAL_DP	PVAL	PASS	GFF_FEATURE	REF_CODON	REF_AA	ALT_CODON	ALT_AA	POS_AA
MP|PP755590.1|A/cattle/Texas/24-008749-003/2024(H5N1)	102	G	A	19	1	34	15872	3323	38	0.998742	15892	0	TRUE	M1:cds-XAJ25416.1	GGG	G	GGA	G	34
MP|PP755590.1|A/cattle/Texas/24-008749-003/2024(H5N1)	245	G	A	4	1	34	27674	11884	38	0.999855	27678	0	TRUE	M1:cds-XAJ25416.1	AGT	S	AAT	N	82
MP|PP755590.1|A/cattle/Texas/24-008749-003/2024(H5N1)	249	C	T	21	7	40	27776	12041	38	0.998993	27804	0	TRUE	M1:cds-XAJ25416.1	GCC	A	GCT	A	83
MP|PP755590.1|A/cattle/Texas/24-008749-003/2024(H5N1)	254	G	A	12	5	34	29064	13967	39	0.999587	29076	0	TRUE	M1:cds-XAJ25416.1	AGT	S	AAT	N	85
MP|PP755590.1|A/cattle/Texas/24-008749-003/2024(H5N1)	260	C	A	1	1	34	29416	14444	39	0.999151	29441	0	TRUE	M1:cds-XAJ25416.1	ACT	T	AAT	N	87
MP|PP755590.1|A/cattle/Texas/24-008749-003/2024(H5N1)	285	A	G	1	1	34	29181	14808	38	0.999897	29184	0	TRUE	M1:cds-XAJ25416.1	AGA	R	AGG	R	95
MP|PP755590.1|A/cattle/Texas/24-008749-003/2024(H5N1)	294	G	A	25	18	39	25636	13358	36	0.998675	25670	0	TRUE	M1:cds-XAJ25416.1	AAG	K	AAA	K	98
MP|PP755590.1|A/cattle/Texas/24-008749-003/2024(H5N1)	295	T	C	7	4	43	27509	13995	37	0.999673	27518	0	TRUE	M1:cds-XAJ25416.1	TTG	L	CTG	L	99
MP|PP755590.1|A/cattle/Texas/24-008749-003/2024(H5N1)	307	C	T	2	2	34	29199	15860	38	0.999795	29205	0	TRUE	M1:cds-XAJ25416.1	CTG	L	TTG	L	103
MP|PP755590.1|A/cattle/Texas/24-008749-003/2024(H5N1)	351	C	T	6	4	34	29981	17185	38	0.999767	29988	0	TRUE	M1:cds-XAJ25416.1	CTC	L	CTT	L	117
MP|PP755590.1|A/cattle/Texas/24-008749-003/2024(H5N1)	456	A	G	5	0	34	28252	12690	38	0.999752	28259	0	TRUE	M1:cds-XAJ25416.1	GAA	E	GAG	E	152
MP|PP755590.1|A/cattle/Texas/24-008749-003/2024(H5N1)	489	A	G	8	5	41	28498	14216	38	0.999369	28516	0	TRUE	M1:cds-XAJ25416.1	AGA	R	AGG	R	163
MP|PP755590.1|A/cattle/Texas/24-008749-003/2024(H5N1)	498	T	C	9	5	40	28272	13769	38	0.999682	28281	0	TRUE	M1:cds-XAJ25416.1	GCT	A	GCC	A	166
MP|PP755590.1|A/cattle/Texas/24-008749-003/2024(H5N1)	516	G	A	0	0	0	29045	14926	39	0.999862	29049	0	TRUE	M1:cds-XAJ25416.1	CTG	L	CTA	L	172
MP|PP755590.1|A/cattle/Texas/24-008749-003/2024(H5N1)	540	T	G	13	4	34	30388	16898	38	0.999178	30413	0	TRUE	M1:cds-XAJ25416.1	GTT	V	GTG	V	180
MP|PP755590.1|A/cattle/Texas/24-008749-003/2024(H5N1)	570	G	A	22	10	37	28731	12356	37	0.999235	28753	0	TRUE	M1:cds-XAJ25416.1	GAG	E	GAA	E	190
MP|PP755590.1|A/cattle/Texas/24-008749-003/2024(H5N1)	599	T	C	11	4	34	28412	14128	37	0.999507	28426	0	TRUE	M1:cds-XAJ25416.1	GTG	V	GCG	A	200
MP|PP755590.1|A/cattle/Texas/24-008749-003/2024(H5N1)	633	G	A	13	6	40	30193	13349	37	0.999404	30211	0	TRUE	M1:cds-XAJ25416.1	CAG	Q	CAA	Q	211
MP|PP755590.1|A/cattle/Texas/24-008749-003/2024(H5N1)	663	T	C	5	2	39	30830	12833	38	0.999805	30836	0	TRUE	M1:cds-XAJ25416.1	ACT	T	ACC	T	221
MP|PP755590.1|A/cattle/Texas/24-008749-003/2024(H5N1)	679	A	G	19	9	42	31857	11115	38	0.999373	31877	0	TRUE	M1:cds-XAJ25416.1	ACC	T	GCC	A	227
MP|PP755590.1|A/cattle/Texas/24-008749-003/2024(H5N1)	869	G	A	75	71	35	28103	24672	41	0.997268	28180	0	TRUE	M2:cds-XAJ25417.1	GGA	G	AGA	R	52
MP|PP755590.1|A/cattle/Texas/24-008749-003/2024(H5N1)	950	A	G	9	9	36	11406	10610	38	0.999037	11417	0	TRUE	M2:cds-XAJ25417.1	AAT	N	GAT	D	79
