REGION	POS	REF	ALT	REF_DP	REF_RV	REF_QUAL	ALT_DP	ALT_RV	ALT_QUAL	ALT_FREQ	TOTAL_DP	PVAL	PASS	GFF_FEATURE	REF_CODON	REF_AA	ALT_CODON	ALT_AA	POS_AA
MP|PP755590.1|A/cattle/Texas/24-008749-003/2024(H5N1)	99	A	G	3	1	66	6427	2565	58	0.998602	6436	0	TRUE	M1:cds-XAJ25416.1	GCA	A	GCG	A	33
MP|PP755590.1|A/cattle/Texas/24-008749-003/2024(H5N1)	102	G	A	2	1	51	6464	2591	58	0.999691	6466	0	TRUE	M1:cds-XAJ25416.1	GGG	G	GGA	G	34
MP|PP755590.1|A/cattle/Texas/24-008749-003/2024(H5N1)	171	G	A	6	2	52	7959	3895	59	0.998996	7967	0	TRUE	M1:cds-XAJ25416.1	AAG	K	AAA	K	57
MP|PP755590.1|A/cattle/Texas/24-008749-003/2024(H5N1)	245	G	A	4	0	52	7556	3586	58	0.999339	7561	0	TRUE	M1:cds-XAJ25416.1	AGT	S	AAT	N	82
MP|PP755590.1|A/cattle/Texas/24-008749-003/2024(H5N1)	249	C	T	9	5	56	7600	3764	59	0.998686	7610	0	TRUE	M1:cds-XAJ25416.1	GCC	A	GCT	A	83
MP|PP755590.1|A/cattle/Texas/24-008749-003/2024(H5N1)	254	G	A	1	0	32	7598	3909	60	0.999605	7601	0	TRUE	M1:cds-XAJ25416.1	AGT	S	AAT	N	85
MP|PP755590.1|A/cattle/Texas/24-008749-003/2024(H5N1)	260	C	A	1	1	32	7687	4028	61	0.998831	7696	0	TRUE	M1:cds-XAJ25416.1	ACT	T	AAT	N	87
MP|PP755590.1|A/cattle/Texas/24-008749-003/2024(H5N1)	271	A	T	7906	4177	60	138	69	45	0.0171429	8050	1.15747e-55	TRUE	M1:cds-XAJ25416.1	AAC	N	TAC	Y	91
MP|PP755590.1|A/cattle/Texas/24-008749-003/2024(H5N1)	285	A	G	2	1	28	8065	4039	56	0.999009	8073	0	TRUE	M1:cds-XAJ25416.1	AGA	R	AGG	R	95
MP|PP755590.1|A/cattle/Texas/24-008749-003/2024(H5N1)	294	G	A	4	3	35	7550	3687	56	0.999074	7557	0	TRUE	M1:cds-XAJ25416.1	AAG	K	AAA	K	98
MP|PP755590.1|A/cattle/Texas/24-008749-003/2024(H5N1)	295	T	C	0	0	0	7529	3795	55	0.999469	7533	0	TRUE	M1:cds-XAJ25416.1	TTG	L	CTG	L	99
MP|PP755590.1|A/cattle/Texas/24-008749-003/2024(H5N1)	307	C	T	3	2	61	7728	4160	58	0.998966	7736	0	TRUE	M1:cds-XAJ25416.1	CTG	L	TTG	L	103
MP|PP755590.1|A/cattle/Texas/24-008749-003/2024(H5N1)	456	A	G	2	2	40	7560	3248	60	0.999603	7563	0	TRUE	M1:cds-XAJ25416.1	GAA	E	GAG	E	152
MP|PP755590.1|A/cattle/Texas/24-008749-003/2024(H5N1)	489	A	G	1	1	80	7690	3779	61	0.99974	7692	0	TRUE	M1:cds-XAJ25416.1	AGA	R	AGG	R	163
MP|PP755590.1|A/cattle/Texas/24-008749-003/2024(H5N1)	498	T	C	0	0	0	7510	3626	59	0.999335	7515	0	TRUE	M1:cds-XAJ25416.1	GCT	A	GCC	A	166
MP|PP755590.1|A/cattle/Texas/24-008749-003/2024(H5N1)	516	G	A	2	1	52	7793	4000	60	0.999743	7795	0	TRUE	M1:cds-XAJ25416.1	CTG	L	CTA	L	172
MP|PP755590.1|A/cattle/Texas/24-008749-003/2024(H5N1)	522	A	G	1	1	80	7604	3869	61	0.999869	7605	0	TRUE	M1:cds-XAJ25416.1	AGA	R	AGG	R	174
MP|PP755590.1|A/cattle/Texas/24-008749-003/2024(H5N1)	540	T	G	0	0	0	8129	4509	58	0.999385	8134	0	TRUE	M1:cds-XAJ25416.1	GTT	V	GTG	V	180
MP|PP755590.1|A/cattle/Texas/24-008749-003/2024(H5N1)	570	G	A	4	2	70	7461	3375	59	0.999464	7465	0	TRUE	M1:cds-XAJ25416.1	GAG	E	GAA	E	190
MP|PP755590.1|A/cattle/Texas/24-008749-003/2024(H5N1)	599	T	C	27	14	60	7289	3996	57	0.996037	7318	0	TRUE	M1:cds-XAJ25416.1	GTG	V	GCG	A	200
MP|PP755590.1|A/cattle/Texas/24-008749-003/2024(H5N1)	633	G	A	6	3	60	7405	3601	59	0.999056	7412	0	TRUE	M1:cds-XAJ25416.1	CAG	Q	CAA	Q	211
MP|PP755590.1|A/cattle/Texas/24-008749-003/2024(H5N1)	679	A	G	1	0	80	7283	3057	60	0.999451	7287	0	TRUE	M1:cds-XAJ25416.1	ACC	T	GCC	A	227
MP|PP755590.1|A/cattle/Texas/24-008749-003/2024(H5N1)	699	C	A	6155	3450	46	77	1	25	0.0123556	6232	0.0880428	FALSE	M1:cds-XAJ25416.1	CTC	L	CTA	L	233
MP|PP755590.1|A/cattle/Texas/24-008749-003/2024(H5N1)	726	A	C	5	0	26	6996	3473	54	0.999143	7002	0	TRUE	M2:cds-XAJ25417.1	AAC	N	ACC	T	4
MP|PP755590.1|A/cattle/Texas/24-008749-003/2024(H5N1)	726	A	C	5	0	26	6996	3473	54	0.999143	7002	0	TRUE	M1:cds-XAJ25416.1	AAA	K	AAC	N	242
MP|PP755590.1|A/cattle/Texas/24-008749-003/2024(H5N1)	766	C	A	7638	3840	50	83	2	27	0.0107443	7725	0.326673	FALSE	M2:cds-XAJ25417.1	CTC	L	CTA	L	18
MP|PP755590.1|A/cattle/Texas/24-008749-003/2024(H5N1)	869	G	A	8	6	59	8270	5196	66	0.999034	8278	0	TRUE	M2:cds-XAJ25417.1	GGA	G	AGA	R	52
MP|PP755590.1|A/cattle/Texas/24-008749-003/2024(H5N1)	950	A	G	3	3	65	4261	2994	61	0.999062	4265	0	TRUE	M2:cds-XAJ25417.1	AAT	N	GAT	D	79
