REGION	POS	REF	ALT	REF_DP	REF_RV	REF_QUAL	ALT_DP	ALT_RV	ALT_QUAL	ALT_FREQ	TOTAL_DP	PVAL	PASS	GFF_FEATURE	REF_CODON	REF_AA	ALT_CODON	ALT_AA	POS_AA
PB1|PP755595.1|A/cattle/Texas/24-008749-003/2024(H5N1)	99	A	C	40	18	30	2030	783	47	0.97973	2072	0	TRUE	PB1:cds-XAJ25424.1	GGA	G	GGC	G	33
PB1|PP755595.1|A/cattle/Texas/24-008749-003/2024(H5N1)	99	A	C	40	18	30	2030	783	47	0.97973	2072	0	TRUE	PB1-F2:cds-XAJ25425.1	GAA	E	GCA	A	2
PB1|PP755595.1|A/cattle/Texas/24-008749-003/2024(H5N1)	166	A	G	1817	730	51	19	5	59	0.010343	1837	4.4645e-09	TRUE	PB1:cds-XAJ25424.1	ACA	T	GCA	A	56
PB1|PP755595.1|A/cattle/Texas/24-008749-003/2024(H5N1)	166	A	G	1817	730	51	19	5	59	0.010343	1837	4.4645e-09	TRUE	PB1-F2:cds-XAJ25425.1	GGA	G	GGG	G	24
PB1|PP755595.1|A/cattle/Texas/24-008749-003/2024(H5N1)	180	A	G	152	73	27	1600	616	52	0.913242	1752	0	TRUE	PB1:cds-XAJ25424.1	GAA	E	GAG	E	60
PB1|PP755595.1|A/cattle/Texas/24-008749-003/2024(H5N1)	180	A	G	152	73	27	1600	616	52	0.913242	1752	0	TRUE	PB1-F2:cds-XAJ25425.1	AAA	K	AGA	R	29
PB1|PP755595.1|A/cattle/Texas/24-008749-003/2024(H5N1)	297	T	C	0	0	0	966	452	60	1	966	0	TRUE	PB1:cds-XAJ25424.1	CAT	H	CAC	H	99
PB1|PP755595.1|A/cattle/Texas/24-008749-003/2024(H5N1)	297	T	C	0	0	0	966	452	60	1	966	0	TRUE	PB1-F2:cds-XAJ25425.1	ATC	I	ACC	T	68
PB1|PP755595.1|A/cattle/Texas/24-008749-003/2024(H5N1)	498	C	T	0	0	0	505	207	55	1	505	0	TRUE	PB1:cds-XAJ25424.1	TTC	F	TTT	F	166
PB1|PP755595.1|A/cattle/Texas/24-008749-003/2024(H5N1)	921	T	A	0	0	0	449	228	57	1	449	0	TRUE	PB1:cds-XAJ25424.1	ACT	T	ACA	T	307
PB1|PP755595.1|A/cattle/Texas/24-008749-003/2024(H5N1)	936	C	T	0	0	0	433	227	59	0.997696	434	0	TRUE	PB1:cds-XAJ25424.1	AAC	N	AAT	N	312
PB1|PP755595.1|A/cattle/Texas/24-008749-003/2024(H5N1)	1150	T	C	2	0	58	427	219	63	0.993023	430	0	TRUE	PB1:cds-XAJ25424.1	TCA	S	CCA	P	384
PB1|PP755595.1|A/cattle/Texas/24-008749-003/2024(H5N1)	1289	A	C	425	203	58	53	20	49	0.110879	478	4.07877e-23	TRUE	PB1:cds-XAJ25424.1	AAG	K	ACG	T	430
PB1|PP755595.1|A/cattle/Texas/24-008749-003/2024(H5N1)	1533	C	T	682	354	60	7	4	67	0.0101597	689	0.001085	TRUE	PB1:cds-XAJ25424.1	AGC	S	AGT	S	511
PB1|PP755595.1|A/cattle/Texas/24-008749-003/2024(H5N1)	1633	C	T	714	346	59	8	5	51	0.0110803	722	0.00039187	TRUE	PB1:cds-XAJ25424.1	CAA	Q	TAA	*	545
PB1|PP755595.1|A/cattle/Texas/24-008749-003/2024(H5N1)	1648	C	T	0	0	0	706	336	57	1	706	0	TRUE	PB1:cds-XAJ25424.1	CTA	L	TTA	L	550
PB1|PP755595.1|A/cattle/Texas/24-008749-003/2024(H5N1)	1956	T	-AAGAGTATGG	1908	964	52	65	0	20	0.0235507	2760	1.35488e-08	TRUE	NA	NA	NA	NA	NA	NA
PB1|PP755595.1|A/cattle/Texas/24-008749-003/2024(H5N1)	2000	T	C	1	0	76	2590	1164	54	0.999614	2591	0	TRUE	PB1:cds-XAJ25424.1	ATC	I	ACC	T	667
PB1|PP755595.1|A/cattle/Texas/24-008749-003/2024(H5N1)	2139	C	T	3718	2219	64	238	153	64	0.0601314	3958	2.58779e-107	TRUE	PB1:cds-XAJ25424.1	AGC	S	AGT	S	713
