REGION	POS	REF	ALT	REF_DP	REF_RV	REF_QUAL	ALT_DP	ALT_RV	ALT_QUAL	ALT_FREQ	TOTAL_DP	PVAL	PASS	GFF_FEATURE	REF_CODON	REF_AA	ALT_CODON	ALT_AA	POS_AA
MP|PP755590.1|A/cattle/Texas/24-008749-003/2024(H5N1)	4	A	G	93	25	39	1	0	28	0.0106383	94	0.615495	FALSE	M2:cds-XAJ25417.1	AGT	S	GGT	G	2
MP|PP755590.1|A/cattle/Texas/24-008749-003/2024(H5N1)	4	A	G	93	25	39	1	0	28	0.0106383	94	0.615495	FALSE	M1:cds-XAJ25416.1	AGT	S	GGT	G	2
MP|PP755590.1|A/cattle/Texas/24-008749-003/2024(H5N1)	12	A	G	725	108	41	54	8	42	0.0693196	779	8.98351e-40	TRUE	M2:cds-XAJ25417.1	CTA	L	CTG	L	4
MP|PP755590.1|A/cattle/Texas/24-008749-003/2024(H5N1)	12	A	G	725	108	41	54	8	42	0.0693196	779	8.98351e-40	TRUE	M1:cds-XAJ25416.1	CTA	L	CTG	L	4
MP|PP755590.1|A/cattle/Texas/24-008749-003/2024(H5N1)	100	G	A	2894	654	47	46	16	48	0.0156463	2940	3.86804e-23	TRUE	M1:cds-XAJ25416.1	GGG	G	AGG	R	34
MP|PP755590.1|A/cattle/Texas/24-008749-003/2024(H5N1)	142	A	G	4280	1048	47	126	29	48	0.0285909	4407	4.65442e-58	TRUE	M1:cds-XAJ25416.1	ACA	T	GCA	A	48
MP|PP755590.1|A/cattle/Texas/24-008749-003/2024(H5N1)	266	A	G	6760	3121	51	80	41	52	0.0116942	6841	2.93692e-32	TRUE	M1:cds-XAJ25416.1	GAC	D	GGC	G	89
MP|PP755590.1|A/cattle/Texas/24-008749-003/2024(H5N1)	285	A	G	3	3	35	7006	3231	50	0.999287	7011	0	TRUE	M1:cds-XAJ25416.1	AGA	R	AGG	R	95
MP|PP755590.1|A/cattle/Texas/24-008749-003/2024(H5N1)	307	C	T	1	0	39	7180	3489	50	0.999722	7182	0	TRUE	M1:cds-XAJ25416.1	CTG	L	TTG	L	103
MP|PP755590.1|A/cattle/Texas/24-008749-003/2024(H5N1)	456	A	G	1	0	32	7238	3536	51	0.999586	7241	0	TRUE	M1:cds-XAJ25416.1	GAA	E	GAG	E	152
MP|PP755590.1|A/cattle/Texas/24-008749-003/2024(H5N1)	467	A	G	6963	3471	50	275	149	49	0.0379834	7240	1.39924e-105	TRUE	M1:cds-XAJ25416.1	GAT	D	GGT	G	156
MP|PP755590.1|A/cattle/Texas/24-008749-003/2024(H5N1)	579	T	C	7332	3238	49	242	93	45	0.0319514	7574	1.78477e-90	TRUE	M1:cds-XAJ25416.1	GCT	A	GCC	A	193
MP|PP755590.1|A/cattle/Texas/24-008749-003/2024(H5N1)	811	G	A	5139	3881	55	1297	962	55	0.201523	6436	0	TRUE	M2:cds-XAJ25417.1	TGG	W	TGA	*	33
MP|PP755590.1|A/cattle/Texas/24-008749-003/2024(H5N1)	820	T	C	5728	4297	54	232	184	52	0.0389196	5961	2.29323e-96	TRUE	M2:cds-XAJ25417.1	GAT	D	GAC	D	36
MP|PP755590.1|A/cattle/Texas/24-008749-003/2024(H5N1)	850	C	A	5480	4299	52	221	184	50	0.0387651	5701	6.10941e-89	TRUE	M2:cds-XAJ25417.1	CGC	R	CGA	R	46
