REGION	POS	REF	ALT	REF_DP	REF_RV	REF_QUAL	ALT_DP	ALT_RV	ALT_QUAL	ALT_FREQ	TOTAL_DP	PVAL	PASS	GFF_FEATURE	REF_CODON	REF_AA	ALT_CODON	ALT_AA	POS_AA
PB2|PP755596.1|A/cattle/Texas/24-008749-003/2024(H5N1)	114	A	G	6	1	34	5299	922	37	0.998869	5305	0	TRUE	PB2:cds-XAJ25426.1	AGA	R	AGG	R	38
PB2|PP755596.1|A/cattle/Texas/24-008749-003/2024(H5N1)	138	A	G	1	0	34	5663	1553	38	0.999118	5668	0	TRUE	PB2:cds-XAJ25426.1	AGA	R	AGG	R	46
PB2|PP755596.1|A/cattle/Texas/24-008749-003/2024(H5N1)	165	T	C	0	0	0	5258	1894	37	1	5258	0	TRUE	PB2:cds-XAJ25426.1	TAT	Y	TAC	Y	55
PB2|PP755596.1|A/cattle/Texas/24-008749-003/2024(H5N1)	172	G	A	0	0	0	5166	1867	37	0.99942	5169	0	TRUE	PB2:cds-XAJ25426.1	GCA	A	ACA	T	58
PB2|PP755596.1|A/cattle/Texas/24-008749-003/2024(H5N1)	252	C	T	2	0	34	3101	1703	36	0.999355	3103	0	TRUE	PB2:cds-XAJ25426.1	GCC	A	GCT	A	84
PB2|PP755596.1|A/cattle/Texas/24-008749-003/2024(H5N1)	262	C	A	0	0	0	3058	1729	36	0.999346	3060	0	TRUE	PB2:cds-XAJ25426.1	CGA	R	AGA	R	88
PB2|PP755596.1|A/cattle/Texas/24-008749-003/2024(H5N1)	273	A	G	0	0	0	3066	1552	36	1	3066	0	TRUE	PB2:cds-XAJ25426.1	GTA	V	GTG	V	91
PB2|PP755596.1|A/cattle/Texas/24-008749-003/2024(H5N1)	325	A	G	0	0	0	2752	1387	37	1	2752	0	TRUE	PB2:cds-XAJ25426.1	ATT	I	GTT	V	109
PB2|PP755596.1|A/cattle/Texas/24-008749-003/2024(H5N1)	415	A	G	0	0	0	2484	1074	36	1	2484	0	TRUE	PB2:cds-XAJ25426.1	ATT	I	GTT	V	139
PB2|PP755596.1|A/cattle/Texas/24-008749-003/2024(H5N1)	465	C	T	4	3	33	2162	888	36	0.998153	2166	0	TRUE	PB2:cds-XAJ25426.1	AGC	S	AGT	S	155
PB2|PP755596.1|A/cattle/Texas/24-008749-003/2024(H5N1)	516	G	A	0	0	0	2267	1029	37	1	2267	0	TRUE	PB2:cds-XAJ25426.1	GTG	V	GTA	V	172
PB2|PP755596.1|A/cattle/Texas/24-008749-003/2024(H5N1)	529	C	T	0	0	0	2178	937	36	0.999083	2180	0	TRUE	PB2:cds-XAJ25426.1	CTG	L	TTG	L	177
PB2|PP755596.1|A/cattle/Texas/24-008749-003/2024(H5N1)	540	A	G	1	1	34	2125	1096	37	0.99953	2126	0	TRUE	PB2:cds-XAJ25426.1	GAA	E	GAG	E	180
PB2|PP755596.1|A/cattle/Texas/24-008749-003/2024(H5N1)	552	A	G	1	1	34	2082	1149	37	0.99952	2083	0	TRUE	PB2:cds-XAJ25426.1	ACA	T	ACG	T	184
PB2|PP755596.1|A/cattle/Texas/24-008749-003/2024(H5N1)	570	A	G	0	0	0	2102	1214	37	1	2102	0	TRUE	PB2:cds-XAJ25426.1	AAA	K	AAG	K	190
PB2|PP755596.1|A/cattle/Texas/24-008749-003/2024(H5N1)	651	C	T	0	0	0	1858	950	34	0.998925	1860	0	TRUE	PB2:cds-XAJ25426.1	TTC	F	TTT	F	217
PB2|PP755596.1|A/cattle/Texas/24-008749-003/2024(H5N1)	660	T	G	0	0	0	2081	1189	36	1	2081	0	TRUE	PB2:cds-XAJ25426.1	GTT	V	GTG	V	220
PB2|PP755596.1|A/cattle/Texas/24-008749-003/2024(H5N1)	726	G	A	0	0	0	2205	1173	37	1	2205	0	TRUE	PB2:cds-XAJ25426.1	CAG	Q	CAA	Q	242
PB2|PP755596.1|A/cattle/Texas/24-008749-003/2024(H5N1)	764	C	T	1	0	34	2187	1066	37	0.999543	2188	0	TRUE	PB2:cds-XAJ25426.1	GCA	A	GTA	V	255
PB2|PP755596.1|A/cattle/Texas/24-008749-003/2024(H5N1)	771	G	A	0	0	0	2217	1017	36	1	2217	0	TRUE	PB2:cds-XAJ25426.1	CAG	Q	CAA	Q	257
PB2|PP755596.1|A/cattle/Texas/24-008749-003/2024(H5N1)	777	G	A	1	1	34	2005	887	35	0.999501	2006	0	TRUE	PB2:cds-XAJ25426.1	TTG	L	TTA	L	259
PB2|PP755596.1|A/cattle/Texas/24-008749-003/2024(H5N1)	780	C	T	1	1	34	1939	810	35	0.99897	1941	0	TRUE	PB2:cds-XAJ25426.1	ATC	I	ATT	I	260
PB2|PP755596.1|A/cattle/Texas/24-008749-003/2024(H5N1)	783	T	C	0	0	0	2067	947	36	0.999516	2068	0	TRUE	PB2:cds-XAJ25426.1	ATT	I	ATC	I	261
PB2|PP755596.1|A/cattle/Texas/24-008749-003/2024(H5N1)	789	C	T	1	1	34	2212	1102	37	0.999548	2213	0	TRUE	PB2:cds-XAJ25426.1	GCC	A	GCT	A	263
PB2|PP755596.1|A/cattle/Texas/24-008749-003/2024(H5N1)	795	T	C	1	0	34	2343	1131	37	0.999573	2344	0	TRUE	PB2:cds-XAJ25426.1	AAT	N	AAC	N	265
PB2|PP755596.1|A/cattle/Texas/24-008749-003/2024(H5N1)	879	G	A	1	1	34	2040	859	35	0.998532	2043	0	TRUE	PB2:cds-XAJ25426.1	AGG	R	AGA	R	293
PB2|PP755596.1|A/cattle/Texas/24-008749-003/2024(H5N1)	909	G	A	0	0	0	2185	914	36	1	2185	0	TRUE	PB2:cds-XAJ25426.1	ACG	T	ACA	T	303
PB2|PP755596.1|A/cattle/Texas/24-008749-003/2024(H5N1)	939	A	G	2	1	34	2346	985	38	0.999148	2348	0	TRUE	PB2:cds-XAJ25426.1	GCA	A	GCG	A	313
PB2|PP755596.1|A/cattle/Texas/24-008749-003/2024(H5N1)	966	G	T	0	0	0	2410	1080	37	1	2410	0	TRUE	PB2:cds-XAJ25426.1	TCG	S	TCT	S	322
PB2|PP755596.1|A/cattle/Texas/24-008749-003/2024(H5N1)	1005	A	G	1	0	34	2290	1283	37	0.999564	2291	0	TRUE	PB2:cds-XAJ25426.1	GGA	G	GGG	G	335
PB2|PP755596.1|A/cattle/Texas/24-008749-003/2024(H5N1)	1029	G	A	0	0	0	2366	1367	37	1	2366	0	TRUE	PB2:cds-XAJ25426.1	GAG	E	GAA	E	343
PB2|PP755596.1|A/cattle/Texas/24-008749-003/2024(H5N1)	1044	C	T	0	0	0	2245	1221	36	1	2245	0	TRUE	PB2:cds-XAJ25426.1	AAC	N	AAT	N	348
PB2|PP755596.1|A/cattle/Texas/24-008749-003/2024(H5N1)	1068	A	G	2	0	51	2342	1302	36	0.999147	2344	0	TRUE	PB2:cds-XAJ25426.1	GTA	V	GTG	V	356
PB2|PP755596.1|A/cattle/Texas/24-008749-003/2024(H5N1)	1085	G	A	0	0	0	2279	1257	36	0.999561	2280	0	TRUE	PB2:cds-XAJ25426.1	GGG	G	GAG	E	362
PB2|PP755596.1|A/cattle/Texas/24-008749-003/2024(H5N1)	1086	G	A	0	0	0	2311	1235	37	1	2311	0	TRUE	PB2:cds-XAJ25426.1	GGG	G	GGA	G	362
PB2|PP755596.1|A/cattle/Texas/24-008749-003/2024(H5N1)	1122	C	A	0	0	0	2440	1299	36	1	2440	0	TRUE	PB2:cds-XAJ25426.1	CTC	L	CTA	L	374
PB2|PP755596.1|A/cattle/Texas/24-008749-003/2024(H5N1)	1140	G	A	0	0	0	2334	1189	36	0.999572	2335	0	TRUE	PB2:cds-XAJ25426.1	AGG	R	AGA	R	380
PB2|PP755596.1|A/cattle/Texas/24-008749-003/2024(H5N1)	1146	T	C	1	0	34	2425	1220	36	0.999588	2426	0	TRUE	PB2:cds-XAJ25426.1	ATT	I	ATC	I	382
PB2|PP755596.1|A/cattle/Texas/24-008749-003/2024(H5N1)	1150	C	T	1	1	34	2075	809	34	0.998556	2078	0	TRUE	PB2:cds-XAJ25426.1	CTA	L	TTA	L	384
PB2|PP755596.1|A/cattle/Texas/24-008749-003/2024(H5N1)	1197	C	T	0	0	0	2377	1059	36	1	2377	0	TRUE	PB2:cds-XAJ25426.1	ATC	I	ATT	I	399
PB2|PP755596.1|A/cattle/Texas/24-008749-003/2024(H5N1)	1224	C	T	0	0	0	2379	998	36	1	2379	0	TRUE	PB2:cds-XAJ25426.1	GAC	D	GAT	D	408
PB2|PP755596.1|A/cattle/Texas/24-008749-003/2024(H5N1)	1251	T	C	0	0	0	2346	958	36	0.999574	2347	0	TRUE	PB2:cds-XAJ25426.1	GAT	D	GAC	D	417
PB2|PP755596.1|A/cattle/Texas/24-008749-003/2024(H5N1)	1257	C	T	0	0	0	2326	947	36	1	2326	0	TRUE	PB2:cds-XAJ25426.1	AAC	N	AAT	N	419
PB2|PP755596.1|A/cattle/Texas/24-008749-003/2024(H5N1)	1266	C	T	0	0	0	2271	950	36	0.99956	2272	0	TRUE	PB2:cds-XAJ25426.1	AAC	N	AAT	N	422
PB2|PP755596.1|A/cattle/Texas/24-008749-003/2024(H5N1)	1272	G	A	0	0	0	2384	1095	36	1	2384	0	TRUE	PB2:cds-XAJ25426.1	GCG	A	GCA	A	424
PB2|PP755596.1|A/cattle/Texas/24-008749-003/2024(H5N1)	1321	A	G	0	0	0	2210	981	37	1	2210	0	TRUE	PB2:cds-XAJ25426.1	AAT	N	GAT	D	441
PB2|PP755596.1|A/cattle/Texas/24-008749-003/2024(H5N1)	1413	T	A	0	0	0	2620	1622	37	0.998856	2623	0	TRUE	PB2:cds-XAJ25426.1	ACT	T	ACA	T	471
PB2|PP755596.1|A/cattle/Texas/24-008749-003/2024(H5N1)	1422	A	T	0	0	0	2450	1427	36	0.998777	2453	0	TRUE	PB2:cds-XAJ25426.1	TCA	S	TCT	S	474
PB2|PP755596.1|A/cattle/Texas/24-008749-003/2024(H5N1)	1483	A	G	3	2	34	2494	1019	36	0.998399	2498	0	TRUE	PB2:cds-XAJ25426.1	ATA	I	GTA	V	495
PB2|PP755596.1|A/cattle/Texas/24-008749-003/2024(H5N1)	1512	T	C	0	0	0	2613	1167	37	0.999617	2614	0	TRUE	PB2:cds-XAJ25426.1	GTT	V	GTC	V	504
PB2|PP755596.1|A/cattle/Texas/24-008749-003/2024(H5N1)	1530	C	T	0	0	0	2634	1179	37	1	2634	0	TRUE	PB2:cds-XAJ25426.1	AAC	N	AAT	N	510
PB2|PP755596.1|A/cattle/Texas/24-008749-003/2024(H5N1)	1551	A	G	1	1	68	2603	856	37	0.999232	2605	0	TRUE	PB2:cds-XAJ25426.1	GAA	E	GAG	E	517
PB2|PP755596.1|A/cattle/Texas/24-008749-003/2024(H5N1)	1579	T	C	2	0	36	2504	1004	37	0.999202	2506	0	TRUE	PB2:cds-XAJ25426.1	TTG	L	CTG	L	527
PB2|PP755596.1|A/cattle/Texas/24-008749-003/2024(H5N1)	1593	T	C	3	1	46	2500	1034	38	0.998801	2503	0	TRUE	PB2:cds-XAJ25426.1	TAT	Y	TAC	Y	531
PB2|PP755596.1|A/cattle/Texas/24-008749-003/2024(H5N1)	1647	T	C	1	1	34	2628	1271	37	0.998101	2633	0	TRUE	PB2:cds-XAJ25426.1	ACT	T	ACC	T	549
PB2|PP755596.1|A/cattle/Texas/24-008749-003/2024(H5N1)	1677	A	T	3	2	34	2436	1248	37	0.998361	2440	0	TRUE	PB2:cds-XAJ25426.1	ACA	T	ACT	T	559
PB2|PP755596.1|A/cattle/Texas/24-008749-003/2024(H5N1)	1707	A	G	0	0	0	2636	1593	37	1	2636	0	TRUE	PB2:cds-XAJ25426.1	ACA	T	ACG	T	569
PB2|PP755596.1|A/cattle/Texas/24-008749-003/2024(H5N1)	1818	G	A	0	0	0	2962	1446	36	1	2962	0	TRUE	PB2:cds-XAJ25426.1	GTG	V	GTA	V	606
PB2|PP755596.1|A/cattle/Texas/24-008749-003/2024(H5N1)	1866	T	C	9	5	34	3096	1408	37	0.995178	3111	0	TRUE	PB2:cds-XAJ25426.1	GCT	A	GCC	A	622
PB2|PP755596.1|A/cattle/Texas/24-008749-003/2024(H5N1)	1872	C	T	9	4	34	3119	1431	37	0.997123	3128	0	TRUE	PB2:cds-XAJ25426.1	GCC	A	GCT	A	624
PB2|PP755596.1|A/cattle/Texas/24-008749-003/2024(H5N1)	1891	C	A	0	0	0	3348	1540	36	0.999701	3349	0	TRUE	PB2:cds-XAJ25426.1	CTG	L	ATG	M	631
PB2|PP755596.1|A/cattle/Texas/24-008749-003/2024(H5N1)	1905	T	C	0	0	0	3292	1468	37	1	3292	0	TRUE	PB2:cds-XAJ25426.1	TCT	S	TCC	S	635
PB2|PP755596.1|A/cattle/Texas/24-008749-003/2024(H5N1)	1911	T	C	0	0	0	3346	1555	37	1	3346	0	TRUE	PB2:cds-XAJ25426.1	ACT	T	ACC	T	637
PB2|PP755596.1|A/cattle/Texas/24-008749-003/2024(H5N1)	1945	A	G	1	0	34	3273	1522	36	0.999695	3274	0	TRUE	PB2:cds-XAJ25426.1	ATA	I	GTA	V	649
PB2|PP755596.1|A/cattle/Texas/24-008749-003/2024(H5N1)	1971	T	C	0	0	0	3539	1533	36	1	3539	0	TRUE	PB2:cds-XAJ25426.1	AAT	N	AAC	N	657
PB2|PP755596.1|A/cattle/Texas/24-008749-003/2024(H5N1)	2013	T	C	1	1	68	4676	2497	37	0.999786	4677	0	TRUE	PB2:cds-XAJ25426.1	GAT	D	GAC	D	671
PB2|PP755596.1|A/cattle/Texas/24-008749-003/2024(H5N1)	2026	G	A	2	1	34	4809	2617	37	0.999584	4811	0	TRUE	PB2:cds-XAJ25426.1	GCC	A	ACC	T	676
PB2|PP755596.1|A/cattle/Texas/24-008749-003/2024(H5N1)	2034	T	C	1	1	34	4856	2708	37	0.999794	4857	0	TRUE	PB2:cds-XAJ25426.1	GAT	D	GAC	D	678
PB2|PP755596.1|A/cattle/Texas/24-008749-003/2024(H5N1)	2082	C	T	0	0	0	4756	2689	35	0.99916	4760	0	TRUE	PB2:cds-XAJ25426.1	TTC	F	TTT	F	694
PB2|PP755596.1|A/cattle/Texas/24-008749-003/2024(H5N1)	2137	C	T	1	1	26	7741	5037	37	0.999484	7745	0	TRUE	PB2:cds-XAJ25426.1	CTG	L	TTG	L	713
PB2|PP755596.1|A/cattle/Texas/24-008749-003/2024(H5N1)	2140	A	G	4	2	51	8254	5591	37	0.999395	8259	0	TRUE	PB2:cds-XAJ25426.1	AGC	S	GGC	G	714
PB2|PP755596.1|A/cattle/Texas/24-008749-003/2024(H5N1)	2146	T	C	2	2	26	7913	5283	37	0.999242	7919	0	TRUE	PB2:cds-XAJ25426.1	TTG	L	CTG	L	716
PB2|PP755596.1|A/cattle/Texas/24-008749-003/2024(H5N1)	2148	G	T	4	4	28	8068	5569	38	0.998886	8077	0	TRUE	PB2:cds-XAJ25426.1	TTG	L	TTT	F	716
PB2|PP755596.1|A/cattle/Texas/24-008749-003/2024(H5N1)	2193	G	A	17	13	44	8788	7337	41	0.997503	8810	0	TRUE	PB2:cds-XAJ25426.1	GTG	V	GTA	V	731
