REGION	POS	REF	ALT	REF_DP	REF_RV	REF_QUAL	ALT_DP	ALT_RV	ALT_QUAL	ALT_FREQ	TOTAL_DP	PVAL	PASS	GFF_FEATURE	REF_CODON	REF_AA	ALT_CODON	ALT_AA	POS_AA
PA|PP755594.1|A/cattle/Texas/24-008749-003/2024(H5N1)	91	G	A	364	100	33	84	19	33	0.1875	448	6.29142e-43	TRUE	PA:cds-XAJ25422.1	GAG	E	AAG	K	31
PA|PP755594.1|A/cattle/Texas/24-008749-003/2024(H5N1)	91	G	A	364	100	33	84	19	33	0.1875	448	6.29142e-43	TRUE	PA-X:cds-XAJ25423.1	GAG	E	AAG	K	31
PA|PP755594.1|A/cattle/Texas/24-008749-003/2024(H5N1)	144	T	C	1	1	34	764	305	33	0.998693	765	0	TRUE	PA:cds-XAJ25422.1	TAT	Y	TAC	Y	48
PA|PP755594.1|A/cattle/Texas/24-008749-003/2024(H5N1)	144	T	C	1	1	34	764	305	33	0.998693	765	0	TRUE	PA-X:cds-XAJ25423.1	TAT	Y	TAC	Y	48
PA|PP755594.1|A/cattle/Texas/24-008749-003/2024(H5N1)	202	C	T	0	0	0	844	482	33	1	844	0	TRUE	PA:cds-XAJ25422.1	CCA	P	TCA	S	68
PA|PP755594.1|A/cattle/Texas/24-008749-003/2024(H5N1)	202	C	T	0	0	0	844	482	33	1	844	0	TRUE	PA-X:cds-XAJ25423.1	CCA	P	TCA	S	68
PA|PP755594.1|A/cattle/Texas/24-008749-003/2024(H5N1)	238	G	A	764	461	33	26	15	34	0.0329114	790	9.13299e-09	TRUE	PA:cds-XAJ25422.1	GAA	E	AAA	K	80
PA|PP755594.1|A/cattle/Texas/24-008749-003/2024(H5N1)	238	G	A	764	461	33	26	15	34	0.0329114	790	9.13299e-09	TRUE	PA-X:cds-XAJ25423.1	GAA	E	AAA	K	80
PA|PP755594.1|A/cattle/Texas/24-008749-003/2024(H5N1)	256	A	T	223	123	33	4	0	29	0.0176211	227	0.318815	FALSE	PA:cds-XAJ25422.1	ATG	M	TTG	L	86
PA|PP755594.1|A/cattle/Texas/24-008749-003/2024(H5N1)	256	A	T	223	123	33	4	0	29	0.0176211	227	0.318815	FALSE	PA-X:cds-XAJ25423.1	ATG	M	TTG	L	86
PA|PP755594.1|A/cattle/Texas/24-008749-003/2024(H5N1)	412	A	G	272	147	33	3	0	34	0.0109091	275	0.108771	FALSE	PA:cds-XAJ25422.1	ATA	I	GTA	V	138
PA|PP755594.1|A/cattle/Texas/24-008749-003/2024(H5N1)	412	A	G	272	147	33	3	0	34	0.0109091	275	0.108771	FALSE	PA-X:cds-XAJ25423.1	ATA	I	GTA	V	138
PA|PP755594.1|A/cattle/Texas/24-008749-003/2024(H5N1)	981	G	A	0	0	0	313	111	33	1	313	3.10771e-191	TRUE	PA:cds-XAJ25422.1	GAG	E	GAA	E	327
PA|PP755594.1|A/cattle/Texas/24-008749-003/2024(H5N1)	1294	G	A	0	0	0	409	214	33	1	409	8.98756e-253	TRUE	PA:cds-XAJ25422.1	GTT	V	ATT	I	432
PA|PP755594.1|A/cattle/Texas/24-008749-003/2024(H5N1)	1398	C	T	323	152	33	46	26	33	0.124661	369	5.44411e-16	TRUE	PA:cds-XAJ25422.1	AAC	N	AAT	N	466
PA|PP755594.1|A/cattle/Texas/24-008749-003/2024(H5N1)	1687	C	T	2	1	34	371	152	33	0.994638	373	9.55782e-223	TRUE	PA:cds-XAJ25422.1	CTG	L	TTG	L	563
PA|PP755594.1|A/cattle/Texas/24-008749-003/2024(H5N1)	1963	C	T	0	0	0	926	484	33	1	926	0	TRUE	PA:cds-XAJ25422.1	CTC	L	TTC	F	655
