REGION	POS	REF	ALT	REF_DP	REF_RV	REF_QUAL	ALT_DP	ALT_RV	ALT_QUAL	ALT_FREQ	TOTAL_DP	PVAL	PASS	GFF_FEATURE	REF_CODON	REF_AA	ALT_CODON	ALT_AA	POS_AA
NS|PP755593.1|A/cattle/Texas/24-008749-003/2024(H5N1)	7	T	C	6	1	32	2	1	40	0.25	8	0.0270531	FALSE	NEP:cds-XAJ25421.1	TCC	S	CCC	P	3
NS|PP755593.1|A/cattle/Texas/24-008749-003/2024(H5N1)	7	T	C	6	1	32	2	1	40	0.25	8	0.0270531	FALSE	NS1:cds-XAJ25420.1	TCC	S	CCC	P	3
NS|PP755593.1|A/cattle/Texas/24-008749-003/2024(H5N1)	74	A	G	6	1	54	11501	3250	56	0.999218	11510	0	TRUE	NS1:cds-XAJ25420.1	CAA	Q	CGA	R	25
NS|PP755593.1|A/cattle/Texas/24-008749-003/2024(H5N1)	157	G	A	30	16	71	12727	7279	67	0.997023	12765	0	TRUE	NS1:cds-XAJ25420.1	GAC	D	AAC	N	53
NS|PP755593.1|A/cattle/Texas/24-008749-003/2024(H5N1)	160	A	C	2	1	59	12533	7022	69	0.998884	12547	0	TRUE	NS1:cds-XAJ25420.1	ATC	I	CTC	L	54
NS|PP755593.1|A/cattle/Texas/24-008749-003/2024(H5N1)	178	G	A	28	14	49	12088	9591	50	0.997524	12118	0	TRUE	NS1:cds-XAJ25420.1	GCT	A	ACT	T	60
NS|PP755593.1|A/cattle/Texas/24-008749-003/2024(H5N1)	199	A	G	25	4	50	16138	8113	45	0.997959	16171	0	TRUE	NS1:cds-XAJ25420.1	AGG	R	GGG	G	67
NS|PP755593.1|A/cattle/Texas/24-008749-003/2024(H5N1)	209	A	C	4206	594	49	14344	7964	49	0.772803	18561	0	TRUE	NS1:cds-XAJ25420.1	GAG	E	GCG	A	70
NS|PP755593.1|A/cattle/Texas/24-008749-003/2024(H5N1)	222	T	C	6	3	46	18062	8188	50	0.999391	18073	0	TRUE	NS1:cds-XAJ25420.1	GAT	D	GAC	D	74
NS|PP755593.1|A/cattle/Texas/24-008749-003/2024(H5N1)	225	G	A	17811	8183	50	239	43	52	0.0131979	18109	1.81567e-88	TRUE	NS1:cds-XAJ25420.1	GAG	E	GAA	E	75
NS|PP755593.1|A/cattle/Texas/24-008749-003/2024(H5N1)	347	G	A	6045	420	40	13239	9482	59	0.686492	19285	0	TRUE	NS1:cds-XAJ25420.1	AGT	S	AAT	N	116
NS|PP755593.1|A/cattle/Texas/24-008749-003/2024(H5N1)	371	T	C	28	15	54	22086	10479	50	0.998508	22119	0	TRUE	NS1:cds-XAJ25420.1	ATG	M	ACG	T	124
NS|PP755593.1|A/cattle/Texas/24-008749-003/2024(H5N1)	552	A	G	11	6	50	27263	13433	50	0.999487	27277	0	TRUE	NEP:cds-XAJ25421.1	GAC	D	GGC	G	17
NS|PP755593.1|A/cattle/Texas/24-008749-003/2024(H5N1)	552	A	G	11	6	50	27263	13433	50	0.999487	27277	0	TRUE	NS1:cds-XAJ25420.1	GGA	G	GGG	G	184
NS|PP755593.1|A/cattle/Texas/24-008749-003/2024(H5N1)	616	A	G	18996	8832	74	1272	137	38	0.0627436	20273	0	TRUE	NEP:cds-XAJ25421.1	GCA	A	GCG	A	38
NS|PP755593.1|A/cattle/Texas/24-008749-003/2024(H5N1)	616	A	G	18996	8832	74	1272	137	38	0.0627436	20273	0	TRUE	NS1:cds-XAJ25420.1	AGT	S	GGT	G	206
