REGION	POS	REF	ALT	REF_DP	REF_RV	REF_QUAL	ALT_DP	ALT_RV	ALT_QUAL	ALT_FREQ	TOTAL_DP	PVAL	PASS	GFF_FEATURE	REF_CODON	REF_AA	ALT_CODON	ALT_AA	POS_AA
PA|PP755594.1|A/cattle/Texas/24-008749-003/2024(H5N1)	15	G	A	0	0	0	550	13	38	1	550	0	TRUE	PA:cds-XAJ25422.1	GTG	V	GTA	V	5
PA|PP755594.1|A/cattle/Texas/24-008749-003/2024(H5N1)	15	G	A	0	0	0	550	13	38	1	550	0	TRUE	PA-X:cds-XAJ25423.1	GTG	V	GTA	V	5
PA|PP755594.1|A/cattle/Texas/24-008749-003/2024(H5N1)	39	T	C	0	0	0	1023	55	40	1	1023	0	TRUE	PA:cds-XAJ25422.1	ATT	I	ATC	I	13
PA|PP755594.1|A/cattle/Texas/24-008749-003/2024(H5N1)	39	T	C	0	0	0	1023	55	40	1	1023	0	TRUE	PA-X:cds-XAJ25423.1	ATT	I	ATC	I	13
PA|PP755594.1|A/cattle/Texas/24-008749-003/2024(H5N1)	57	A	G	1	0	24	1144	83	41	0.999127	1145	0	TRUE	PA:cds-XAJ25422.1	AAA	K	AAG	K	19
PA|PP755594.1|A/cattle/Texas/24-008749-003/2024(H5N1)	57	A	G	1	0	24	1144	83	41	0.999127	1145	0	TRUE	PA-X:cds-XAJ25423.1	AAA	K	AAG	K	19
PA|PP755594.1|A/cattle/Texas/24-008749-003/2024(H5N1)	65	A	-AGAATATGGGGAAGATCCGAAAATCGAG	1226	123	41	79	0	20	0.0235329	3357	3.63655e-21	TRUE	NA	NA	NA	NA	NA	NA
PA|PP755594.1|A/cattle/Texas/24-008749-003/2024(H5N1)	90	C	T	0	0	0	1491	246	42	1	1491	0	TRUE	PA:cds-XAJ25422.1	ATC	I	ATT	I	30
PA|PP755594.1|A/cattle/Texas/24-008749-003/2024(H5N1)	90	C	T	0	0	0	1491	246	42	1	1491	0	TRUE	PA-X:cds-XAJ25423.1	ATC	I	ATT	I	30
PA|PP755594.1|A/cattle/Texas/24-008749-003/2024(H5N1)	93	G	A	0	0	0	1493	250	42	1	1493	0	TRUE	PA:cds-XAJ25422.1	GAG	E	GAA	E	31
PA|PP755594.1|A/cattle/Texas/24-008749-003/2024(H5N1)	93	G	A	0	0	0	1493	250	42	1	1493	0	TRUE	PA-X:cds-XAJ25423.1	GAG	E	GAA	E	31
PA|PP755594.1|A/cattle/Texas/24-008749-003/2024(H5N1)	96	A	T	0	0	0	1496	249	42	1	1496	0	TRUE	PA:cds-XAJ25422.1	ACA	T	ACT	T	32
PA|PP755594.1|A/cattle/Texas/24-008749-003/2024(H5N1)	96	A	T	0	0	0	1496	249	42	1	1496	0	TRUE	PA-X:cds-XAJ25423.1	ACA	T	ACT	T	32
PA|PP755594.1|A/cattle/Texas/24-008749-003/2024(H5N1)	102	A	G	0	0	0	1585	252	41	1	1585	0	TRUE	PA:cds-XAJ25422.1	AAA	K	AAG	K	34
PA|PP755594.1|A/cattle/Texas/24-008749-003/2024(H5N1)	102	A	G	0	0	0	1585	252	41	1	1585	0	TRUE	PA-X:cds-XAJ25423.1	AAA	K	AAG	K	34
PA|PP755594.1|A/cattle/Texas/24-008749-003/2024(H5N1)	105	T	C	0	0	0	1595	263	41	0.996875	1600	0	TRUE	PA:cds-XAJ25422.1	TTT	F	TTC	F	35
PA|PP755594.1|A/cattle/Texas/24-008749-003/2024(H5N1)	105	T	C	0	0	0	1595	263	41	0.996875	1600	0	TRUE	PA-X:cds-XAJ25423.1	TTT	F	TTC	F	35
PA|PP755594.1|A/cattle/Texas/24-008749-003/2024(H5N1)	108	C	T	2	0	30	1600	263	42	0.998752	1602	0	TRUE	PA:cds-XAJ25422.1	GCC	A	GCT	A	36
PA|PP755594.1|A/cattle/Texas/24-008749-003/2024(H5N1)	108	C	T	2	0	30	1600	263	42	0.998752	1602	0	TRUE	PA-X:cds-XAJ25423.1	GCC	A	GCT	A	36
PA|PP755594.1|A/cattle/Texas/24-008749-003/2024(H5N1)	120	A	T	0	0	0	2189	437	43	0.999543	2190	0	TRUE	PA:cds-XAJ25422.1	ACA	T	ACT	T	40
PA|PP755594.1|A/cattle/Texas/24-008749-003/2024(H5N1)	120	A	T	0	0	0	2189	437	43	0.999543	2190	0	TRUE	PA-X:cds-XAJ25423.1	ACA	T	ACT	T	40
PA|PP755594.1|A/cattle/Texas/24-008749-003/2024(H5N1)	123	C	T	0	0	0	2192	447	43	1	2192	0	TRUE	PA:cds-XAJ25422.1	CAC	H	CAT	H	41
PA|PP755594.1|A/cattle/Texas/24-008749-003/2024(H5N1)	123	C	T	0	0	0	2192	447	43	1	2192	0	TRUE	PA-X:cds-XAJ25423.1	CAC	H	CAT	H	41
PA|PP755594.1|A/cattle/Texas/24-008749-003/2024(H5N1)	126	A	G	0	0	0	2242	494	43	1	2242	0	TRUE	PA:cds-XAJ25422.1	TTA	L	TTG	L	42
PA|PP755594.1|A/cattle/Texas/24-008749-003/2024(H5N1)	126	A	G	0	0	0	2242	494	43	1	2242	0	TRUE	PA-X:cds-XAJ25423.1	TTA	L	TTG	L	42
PA|PP755594.1|A/cattle/Texas/24-008749-003/2024(H5N1)	165	C	T	1	1	40	2398	1151	44	0.999583	2399	0	TRUE	PA:cds-XAJ25422.1	GAC	D	GAT	D	55
PA|PP755594.1|A/cattle/Texas/24-008749-003/2024(H5N1)	165	C	T	1	1	40	2398	1151	44	0.999583	2399	0	TRUE	PA-X:cds-XAJ25423.1	GAC	D	GAT	D	55
PA|PP755594.1|A/cattle/Texas/24-008749-003/2024(H5N1)	171	A	G	13	7	32	2264	1143	44	0.994291	2277	0	TRUE	PA:cds-XAJ25422.1	CGA	R	CGG	R	57
PA|PP755594.1|A/cattle/Texas/24-008749-003/2024(H5N1)	171	A	G	13	7	32	2264	1143	44	0.994291	2277	0	TRUE	PA-X:cds-XAJ25423.1	CGA	R	CGG	R	57
PA|PP755594.1|A/cattle/Texas/24-008749-003/2024(H5N1)	182	T	C	0	0	0	1895	1055	42	1	1895	0	TRUE	PA:cds-XAJ25422.1	ATG	M	ACG	T	61
PA|PP755594.1|A/cattle/Texas/24-008749-003/2024(H5N1)	182	T	C	0	0	0	1895	1055	42	1	1895	0	TRUE	PA-X:cds-XAJ25423.1	ATG	M	ACG	T	61
PA|PP755594.1|A/cattle/Texas/24-008749-003/2024(H5N1)	183	G	A	1	1	24	1891	1056	42	0.999471	1892	0	TRUE	PA:cds-XAJ25422.1	ATG	M	ATA	I	61
PA|PP755594.1|A/cattle/Texas/24-008749-003/2024(H5N1)	183	G	A	1	1	24	1891	1056	42	0.999471	1892	0	TRUE	PA-X:cds-XAJ25423.1	ATG	M	ATA	I	61
PA|PP755594.1|A/cattle/Texas/24-008749-003/2024(H5N1)	187	G	A	1	1	40	1892	1054	42	0.999472	1893	0	TRUE	PA:cds-XAJ25422.1	GTA	V	ATA	I	63
PA|PP755594.1|A/cattle/Texas/24-008749-003/2024(H5N1)	187	G	A	1	1	40	1892	1054	42	0.999472	1893	0	TRUE	PA-X:cds-XAJ25423.1	GTA	V	ATA	I	63
PA|PP755594.1|A/cattle/Texas/24-008749-003/2024(H5N1)	189	A	G	1	1	40	1896	1052	42	0.999473	1897	0	TRUE	PA:cds-XAJ25422.1	GTA	V	GTG	V	63
PA|PP755594.1|A/cattle/Texas/24-008749-003/2024(H5N1)	189	A	G	1	1	40	1896	1052	42	0.999473	1897	0	TRUE	PA-X:cds-XAJ25423.1	GTA	V	GTG	V	63
PA|PP755594.1|A/cattle/Texas/24-008749-003/2024(H5N1)	211	T	C	2	0	28	1818	1038	42	0.998901	1820	0	TRUE	PA:cds-XAJ25422.1	TTA	L	CTA	L	71
PA|PP755594.1|A/cattle/Texas/24-008749-003/2024(H5N1)	211	T	C	2	0	28	1818	1038	42	0.998901	1820	0	TRUE	PA-X:cds-XAJ25423.1	TTA	L	CTA	L	71
PA|PP755594.1|A/cattle/Texas/24-008749-003/2024(H5N1)	214	T	C	0	0	0	1760	1037	40	0.999432	1761	0	TRUE	PA:cds-XAJ25422.1	TTG	L	CTG	L	72
PA|PP755594.1|A/cattle/Texas/24-008749-003/2024(H5N1)	214	T	C	0	0	0	1760	1037	40	0.999432	1761	0	TRUE	PA-X:cds-XAJ25423.1	TTG	L	CTG	L	72
PA|PP755594.1|A/cattle/Texas/24-008749-003/2024(H5N1)	219	A	G	0	0	0	1782	1052	41	1	1782	0	TRUE	PA:cds-XAJ25422.1	AAA	K	AAG	K	73
PA|PP755594.1|A/cattle/Texas/24-008749-003/2024(H5N1)	219	A	G	0	0	0	1782	1052	41	1	1782	0	TRUE	PA-X:cds-XAJ25423.1	AAA	K	AAG	K	73
PA|PP755594.1|A/cattle/Texas/24-008749-003/2024(H5N1)	222	C	T	0	0	0	1773	1057	41	1	1773	0	TRUE	PA:cds-XAJ25422.1	CAC	H	CAT	H	74
PA|PP755594.1|A/cattle/Texas/24-008749-003/2024(H5N1)	222	C	T	0	0	0	1773	1057	41	1	1773	0	TRUE	PA-X:cds-XAJ25423.1	CAC	H	CAT	H	74
PA|PP755594.1|A/cattle/Texas/24-008749-003/2024(H5N1)	237	C	T	0	0	0	2057	1188	42	1	2057	0	TRUE	PA:cds-XAJ25422.1	ATC	I	ATT	I	79
PA|PP755594.1|A/cattle/Texas/24-008749-003/2024(H5N1)	237	C	T	0	0	0	2057	1188	42	1	2057	0	TRUE	PA-X:cds-XAJ25423.1	ATC	I	ATT	I	79
PA|PP755594.1|A/cattle/Texas/24-008749-003/2024(H5N1)	243	G	A	0	0	0	2020	1214	43	1	2020	0	TRUE	PA:cds-XAJ25422.1	GGG	G	GGA	G	81
PA|PP755594.1|A/cattle/Texas/24-008749-003/2024(H5N1)	243	G	A	0	0	0	2020	1214	43	1	2020	0	TRUE	PA-X:cds-XAJ25423.1	GGG	G	GGA	G	81
PA|PP755594.1|A/cattle/Texas/24-008749-003/2024(H5N1)	245	G	T	1583	755	37	26	26	25	0.0161591	1609	0.0511662	FALSE	PA:cds-XAJ25422.1	AGA	R	ATA	I	82
PA|PP755594.1|A/cattle/Texas/24-008749-003/2024(H5N1)	245	G	T	1583	755	37	26	26	25	0.0161591	1609	0.0511662	FALSE	PA-X:cds-XAJ25423.1	AGA	R	ATA	I	82
PA|PP755594.1|A/cattle/Texas/24-008749-003/2024(H5N1)	250	C	A	0	0	0	2045	1207	43	1	2045	0	TRUE	PA:cds-XAJ25422.1	CGA	R	AGA	R	84
PA|PP755594.1|A/cattle/Texas/24-008749-003/2024(H5N1)	250	C	A	0	0	0	2045	1207	43	1	2045	0	TRUE	PA-X:cds-XAJ25423.1	CGA	R	AGA	R	84
PA|PP755594.1|A/cattle/Texas/24-008749-003/2024(H5N1)	253	G	A	2	0	40	2047	1231	43	0.999024	2049	0	TRUE	PA:cds-XAJ25422.1	GCA	A	ACA	T	85
PA|PP755594.1|A/cattle/Texas/24-008749-003/2024(H5N1)	253	G	A	2	0	40	2047	1231	43	0.999024	2049	0	TRUE	PA-X:cds-XAJ25423.1	GCA	A	ACA	T	85
PA|PP755594.1|A/cattle/Texas/24-008749-003/2024(H5N1)	270	G	A	1881	1031	42	168	109	40	0.0819912	2049	2.2185e-56	TRUE	PA:cds-XAJ25422.1	GTG	V	GTA	V	90
PA|PP755594.1|A/cattle/Texas/24-008749-003/2024(H5N1)	270	G	A	1881	1031	42	168	109	40	0.0819912	2049	2.2185e-56	TRUE	PA-X:cds-XAJ25423.1	GTG	V	GTA	V	90
PA|PP755594.1|A/cattle/Texas/24-008749-003/2024(H5N1)	273	G	A	2	2	52	1929	1091	41	0.998964	1931	0	TRUE	PA:cds-XAJ25422.1	GTG	V	GTA	V	91
PA|PP755594.1|A/cattle/Texas/24-008749-003/2024(H5N1)	273	G	A	2	2	52	1929	1091	41	0.998964	1931	0	TRUE	PA-X:cds-XAJ25423.1	GTG	V	GTA	V	91
PA|PP755594.1|A/cattle/Texas/24-008749-003/2024(H5N1)	279	T	C	2	0	40	1726	877	41	0.998843	1728	0	TRUE	PA:cds-XAJ25422.1	AGT	S	AGC	S	93
PA|PP755594.1|A/cattle/Texas/24-008749-003/2024(H5N1)	279	T	C	2	0	40	1726	877	41	0.998843	1728	0	TRUE	PA-X:cds-XAJ25423.1	AGT	S	AGC	S	93
PA|PP755594.1|A/cattle/Texas/24-008749-003/2024(H5N1)	294	A	G	0	0	0	1508	747	41	1	1508	0	TRUE	PA:cds-XAJ25422.1	ACA	T	ACG	T	98
PA|PP755594.1|A/cattle/Texas/24-008749-003/2024(H5N1)	294	A	G	0	0	0	1508	747	41	1	1508	0	TRUE	PA-X:cds-XAJ25423.1	ACA	T	ACG	T	98
PA|PP755594.1|A/cattle/Texas/24-008749-003/2024(H5N1)	297	G	A	1	1	40	1507	750	41	0.999337	1508	0	TRUE	PA:cds-XAJ25422.1	GGG	G	GGA	G	99
PA|PP755594.1|A/cattle/Texas/24-008749-003/2024(H5N1)	297	G	A	1	1	40	1507	750	41	0.999337	1508	0	TRUE	PA-X:cds-XAJ25423.1	GGG	G	GGA	G	99
PA|PP755594.1|A/cattle/Texas/24-008749-003/2024(H5N1)	303	A	G	0	0	0	1497	743	41	1	1497	0	TRUE	PA:cds-XAJ25422.1	GAA	E	GAG	E	101
PA|PP755594.1|A/cattle/Texas/24-008749-003/2024(H5N1)	303	A	G	0	0	0	1497	743	41	1	1497	0	TRUE	PA-X:cds-XAJ25423.1	GAA	E	GAG	E	101
PA|PP755594.1|A/cattle/Texas/24-008749-003/2024(H5N1)	312	A	G	0	0	0	1482	738	40	1	1482	0	TRUE	PA:cds-XAJ25422.1	AAA	K	AAG	K	104
PA|PP755594.1|A/cattle/Texas/24-008749-003/2024(H5N1)	312	A	G	0	0	0	1482	738	40	1	1482	0	TRUE	PA-X:cds-XAJ25423.1	AAA	K	AAG	K	104
PA|PP755594.1|A/cattle/Texas/24-008749-003/2024(H5N1)	318	C	T	3	3	35	1384	686	41	0.997837	1387	0	TRUE	PA:cds-XAJ25422.1	CTC	L	CTT	L	106
PA|PP755594.1|A/cattle/Texas/24-008749-003/2024(H5N1)	318	C	T	3	3	35	1384	686	41	0.997837	1387	0	TRUE	PA-X:cds-XAJ25423.1	CTC	L	CTT	L	106
PA|PP755594.1|A/cattle/Texas/24-008749-003/2024(H5N1)	333	C	T	0	0	0	1145	544	40	0.999127	1146	0	TRUE	PA:cds-XAJ25422.1	GAC	D	GAT	D	111
PA|PP755594.1|A/cattle/Texas/24-008749-003/2024(H5N1)	333	C	T	0	0	0	1145	544	40	0.999127	1146	0	TRUE	PA-X:cds-XAJ25423.1	GAC	D	GAT	D	111
PA|PP755594.1|A/cattle/Texas/24-008749-003/2024(H5N1)	338	G	A	0	0	0	1128	549	40	0.999114	1129	0	TRUE	PA:cds-XAJ25422.1	AGA	R	AAA	K	113
PA|PP755594.1|A/cattle/Texas/24-008749-003/2024(H5N1)	338	G	A	0	0	0	1128	549	40	0.999114	1129	0	TRUE	PA-X:cds-XAJ25423.1	AGA	R	AAA	K	113
PA|PP755594.1|A/cattle/Texas/24-008749-003/2024(H5N1)	339	A	G	1	0	40	1130	543	40	0.999116	1131	0	TRUE	PA:cds-XAJ25422.1	AGA	R	AGG	R	113
PA|PP755594.1|A/cattle/Texas/24-008749-003/2024(H5N1)	339	A	G	1	0	40	1130	543	40	0.999116	1131	0	TRUE	PA-X:cds-XAJ25423.1	AGA	R	AGG	R	113
PA|PP755594.1|A/cattle/Texas/24-008749-003/2024(H5N1)	346	A	C	1	1	40	1114	538	40	0.999103	1115	0	TRUE	PA:cds-XAJ25422.1	AGA	R	CGA	R	116
PA|PP755594.1|A/cattle/Texas/24-008749-003/2024(H5N1)	346	A	C	1	1	40	1114	538	40	0.999103	1115	0	TRUE	PA-X:cds-XAJ25423.1	AGA	R	CGA	R	116
PA|PP755594.1|A/cattle/Texas/24-008749-003/2024(H5N1)	357	A	G	1	0	40	1038	515	40	0.999038	1039	0	TRUE	PA:cds-XAJ25422.1	GAA	E	GAG	E	119
PA|PP755594.1|A/cattle/Texas/24-008749-003/2024(H5N1)	357	A	G	1	0	40	1038	515	40	0.999038	1039	0	TRUE	PA-X:cds-XAJ25423.1	GAA	E	GAG	E	119
PA|PP755594.1|A/cattle/Texas/24-008749-003/2024(H5N1)	366	A	G	0	0	0	21	21	39	1	21	4.48144e-14	TRUE	PA:cds-XAJ25422.1	GTA	V	GTG	V	122
PA|PP755594.1|A/cattle/Texas/24-008749-003/2024(H5N1)	366	A	G	0	0	0	21	21	39	1	21	4.48144e-14	TRUE	PA-X:cds-XAJ25423.1	GTA	V	GTG	V	122
PA|PP755594.1|A/cattle/Texas/24-008749-003/2024(H5N1)	369	G	A	0	0	0	21	21	40	1	21	1.85785e-12	TRUE	PA:cds-XAJ25422.1	ACG	T	ACA	T	123
PA|PP755594.1|A/cattle/Texas/24-008749-003/2024(H5N1)	369	G	A	0	0	0	21	21	40	1	21	1.85785e-12	TRUE	PA-X:cds-XAJ25423.1	ACG	T	ACA	T	123
PA|PP755594.1|A/cattle/Texas/24-008749-003/2024(H5N1)	372	A	G	0	0	0	21	21	35	1	21	3.71569e-12	TRUE	PA:cds-XAJ25422.1	CGA	R	CGG	R	124
PA|PP755594.1|A/cattle/Texas/24-008749-003/2024(H5N1)	372	A	G	0	0	0	21	21	35	1	21	3.71569e-12	TRUE	PA-X:cds-XAJ25423.1	CGA	R	CGG	R	124
PA|PP755594.1|A/cattle/Texas/24-008749-003/2024(H5N1)	375	G	A	0	0	0	21	21	40	1	21	3.71569e-12	TRUE	PA:cds-XAJ25422.1	AGG	R	AGA	R	125
PA|PP755594.1|A/cattle/Texas/24-008749-003/2024(H5N1)	375	G	A	0	0	0	21	21	40	1	21	3.71569e-12	TRUE	PA-X:cds-XAJ25423.1	AGG	R	AGA	R	125
PA|PP755594.1|A/cattle/Texas/24-008749-003/2024(H5N1)	378	A	G	0	0	0	21	21	40	1	21	3.71569e-12	TRUE	PA:cds-XAJ25422.1	GAA	E	GAG	E	126
PA|PP755594.1|A/cattle/Texas/24-008749-003/2024(H5N1)	378	A	G	0	0	0	21	21	40	1	21	3.71569e-12	TRUE	PA-X:cds-XAJ25423.1	GAA	E	GAG	E	126
PA|PP755594.1|A/cattle/Texas/24-008749-003/2024(H5N1)	381	T	C	0	0	0	21	21	40	1	21	3.71569e-12	TRUE	PA:cds-XAJ25422.1	GTT	V	GTC	V	127
PA|PP755594.1|A/cattle/Texas/24-008749-003/2024(H5N1)	381	T	C	0	0	0	21	21	40	1	21	3.71569e-12	TRUE	PA-X:cds-XAJ25423.1	GTT	V	GTC	V	127
PA|PP755594.1|A/cattle/Texas/24-008749-003/2024(H5N1)	384	C	T	0	0	0	21	21	40	1	21	3.71569e-12	TRUE	PA:cds-XAJ25422.1	CAC	H	CAT	H	128
PA|PP755594.1|A/cattle/Texas/24-008749-003/2024(H5N1)	384	C	T	0	0	0	21	21	40	1	21	3.71569e-12	TRUE	PA-X:cds-XAJ25423.1	CAC	H	CAT	H	128
PA|PP755594.1|A/cattle/Texas/24-008749-003/2024(H5N1)	390	C	T	0	0	0	21	21	37	1	21	3.71569e-12	TRUE	PA:cds-XAJ25422.1	TAC	Y	TAT	Y	130
PA|PP755594.1|A/cattle/Texas/24-008749-003/2024(H5N1)	390	C	T	0	0	0	21	21	37	1	21	3.71569e-12	TRUE	PA-X:cds-XAJ25423.1	TAC	Y	TAT	Y	130
PA|PP755594.1|A/cattle/Texas/24-008749-003/2024(H5N1)	393	T	C	0	0	0	21	21	39	1	21	3.71569e-12	TRUE	PA:cds-XAJ25422.1	TAT	Y	TAC	Y	131
PA|PP755594.1|A/cattle/Texas/24-008749-003/2024(H5N1)	393	T	C	0	0	0	21	21	39	1	21	3.71569e-12	TRUE	PA-X:cds-XAJ25423.1	TAT	Y	TAC	Y	131
PA|PP755594.1|A/cattle/Texas/24-008749-003/2024(H5N1)	394	T	C	1	1	40	20	20	40	0.952381	21	7.80295e-11	TRUE	PA:cds-XAJ25422.1	TTG	L	CTG	L	132
PA|PP755594.1|A/cattle/Texas/24-008749-003/2024(H5N1)	394	T	C	1	1	40	20	20	40	0.952381	21	7.80295e-11	TRUE	PA-X:cds-XAJ25423.1	TTG	L	CTG	L	132
PA|PP755594.1|A/cattle/Texas/24-008749-003/2024(H5N1)	396	G	A	0	0	0	21	21	40	1	21	3.71569e-12	TRUE	PA:cds-XAJ25422.1	TTG	L	TTA	L	132
PA|PP755594.1|A/cattle/Texas/24-008749-003/2024(H5N1)	396	G	A	0	0	0	21	21	40	1	21	3.71569e-12	TRUE	PA-X:cds-XAJ25423.1	TTG	L	TTA	L	132
PA|PP755594.1|A/cattle/Texas/24-008749-003/2024(H5N1)	399	A	G	0	0	0	29	22	36	1	29	4.58359e-18	TRUE	PA:cds-XAJ25422.1	GAA	E	GAG	E	133
PA|PP755594.1|A/cattle/Texas/24-008749-003/2024(H5N1)	399	A	G	0	0	0	29	22	36	1	29	4.58359e-18	TRUE	PA-X:cds-XAJ25423.1	GAA	E	GAG	E	133
PA|PP755594.1|A/cattle/Texas/24-008749-003/2024(H5N1)	420	A	C	0	0	0	1666	1001	42	1	1666	0	TRUE	PA:cds-XAJ25422.1	TCA	S	TCC	S	140
PA|PP755594.1|A/cattle/Texas/24-008749-003/2024(H5N1)	420	A	C	0	0	0	1666	1001	42	1	1666	0	TRUE	PA-X:cds-XAJ25423.1	TCA	S	TCC	S	140
PA|PP755594.1|A/cattle/Texas/24-008749-003/2024(H5N1)	426	A	G	1	0	24	1565	928	41	0.999361	1566	0	TRUE	PA:cds-XAJ25422.1	AAA	K	AAG	K	142
PA|PP755594.1|A/cattle/Texas/24-008749-003/2024(H5N1)	426	A	G	1	0	24	1565	928	41	0.999361	1566	0	TRUE	PA-X:cds-XAJ25423.1	AAA	K	AAG	K	142
PA|PP755594.1|A/cattle/Texas/24-008749-003/2024(H5N1)	432	T	C	0	0	0	1617	1010	41	1	1617	0	TRUE	PA:cds-XAJ25422.1	CAT	H	CAC	H	144
PA|PP755594.1|A/cattle/Texas/24-008749-003/2024(H5N1)	432	T	C	0	0	0	1617	1010	41	1	1617	0	TRUE	PA-X:cds-XAJ25423.1	CAT	H	CAC	H	144
PA|PP755594.1|A/cattle/Texas/24-008749-003/2024(H5N1)	435	T	C	0	0	0	1621	1011	41	1	1621	0	TRUE	PA:cds-XAJ25422.1	ATT	I	ATC	I	145
PA|PP755594.1|A/cattle/Texas/24-008749-003/2024(H5N1)	435	T	C	0	0	0	1621	1011	41	1	1621	0	TRUE	PA-X:cds-XAJ25423.1	ATT	I	ATC	I	145
PA|PP755594.1|A/cattle/Texas/24-008749-003/2024(H5N1)	441	A	C	0	0	0	1688	996	43	1	1688	0	TRUE	PA:cds-XAJ25422.1	ATA	I	ATC	I	147
PA|PP755594.1|A/cattle/Texas/24-008749-003/2024(H5N1)	441	A	C	0	0	0	1688	996	43	1	1688	0	TRUE	PA-X:cds-XAJ25423.1	ATA	I	ATC	I	147
PA|PP755594.1|A/cattle/Texas/24-008749-003/2024(H5N1)	450	C	T	0	0	0	1680	962	42	0.999405	1681	0	TRUE	PA:cds-XAJ25422.1	TTC	F	TTT	F	150
PA|PP755594.1|A/cattle/Texas/24-008749-003/2024(H5N1)	450	C	T	0	0	0	1680	962	42	0.999405	1681	0	TRUE	PA-X:cds-XAJ25423.1	TTC	F	TTT	F	150
PA|PP755594.1|A/cattle/Texas/24-008749-003/2024(H5N1)	459	G	A	3	3	40	1693	983	42	0.998231	1696	0	TRUE	PA:cds-XAJ25422.1	GAG	E	GAA	E	153
PA|PP755594.1|A/cattle/Texas/24-008749-003/2024(H5N1)	459	G	A	3	3	40	1693	983	42	0.998231	1696	0	TRUE	PA-X:cds-XAJ25423.1	GAG	E	GAA	E	153
PA|PP755594.1|A/cattle/Texas/24-008749-003/2024(H5N1)	471	C	T	1	1	40	1682	919	42	0.999406	1683	0	TRUE	PA:cds-XAJ25422.1	ACC	T	ACT	T	157
PA|PP755594.1|A/cattle/Texas/24-008749-003/2024(H5N1)	471	C	T	1	1	40	1682	919	42	0.999406	1683	0	TRUE	PA-X:cds-XAJ25423.1	ACC	T	ACT	T	157
PA|PP755594.1|A/cattle/Texas/24-008749-003/2024(H5N1)	474	G	A	0	0	0	1696	927	42	0.999411	1697	0	TRUE	PA:cds-XAJ25422.1	AAG	K	AAA	K	158
PA|PP755594.1|A/cattle/Texas/24-008749-003/2024(H5N1)	474	G	A	0	0	0	1696	927	42	0.999411	1697	0	TRUE	PA-X:cds-XAJ25423.1	AAG	K	AAA	K	158
PA|PP755594.1|A/cattle/Texas/24-008749-003/2024(H5N1)	477	G	A	0	0	0	1707	928	42	1	1707	0	TRUE	PA:cds-XAJ25422.1	GCG	A	GCA	A	159
PA|PP755594.1|A/cattle/Texas/24-008749-003/2024(H5N1)	477	G	A	0	0	0	1707	928	42	1	1707	0	TRUE	PA-X:cds-XAJ25423.1	GCG	A	GCA	A	159
PA|PP755594.1|A/cattle/Texas/24-008749-003/2024(H5N1)	492	T	C	0	0	0	1779	867	42	0.999438	1780	0	TRUE	PA:cds-XAJ25422.1	GAT	D	GAC	D	164
PA|PP755594.1|A/cattle/Texas/24-008749-003/2024(H5N1)	492	T	C	0	0	0	1779	867	42	0.999438	1780	0	TRUE	PA-X:cds-XAJ25423.1	GAT	D	GAC	D	164
PA|PP755594.1|A/cattle/Texas/24-008749-003/2024(H5N1)	498	G	A	0	0	0	1814	889	43	1	1814	0	TRUE	PA:cds-XAJ25422.1	GAG	E	GAA	E	166
PA|PP755594.1|A/cattle/Texas/24-008749-003/2024(H5N1)	498	G	A	0	0	0	1814	889	43	1	1814	0	TRUE	PA-X:cds-XAJ25423.1	GAG	E	GAA	E	166
PA|PP755594.1|A/cattle/Texas/24-008749-003/2024(H5N1)	510	A	G	2	2	35	1742	870	42	0.998853	1744	0	TRUE	PA:cds-XAJ25422.1	AGA	R	AGG	R	170
PA|PP755594.1|A/cattle/Texas/24-008749-003/2024(H5N1)	510	A	G	2	2	35	1742	870	42	0.998853	1744	0	TRUE	PA-X:cds-XAJ25423.1	AGA	R	AGG	R	170
PA|PP755594.1|A/cattle/Texas/24-008749-003/2024(H5N1)	513	A	T	2	1	31	1710	856	41	0.998832	1712	0	TRUE	PA:cds-XAJ25422.1	ATA	I	ATT	I	171
PA|PP755594.1|A/cattle/Texas/24-008749-003/2024(H5N1)	513	A	T	2	1	31	1710	856	41	0.998832	1712	0	TRUE	PA-X:cds-XAJ25423.1	ATA	I	ATT	I	171
PA|PP755594.1|A/cattle/Texas/24-008749-003/2024(H5N1)	522	A	G	1	1	40	1889	845	41	0.999471	1890	0	TRUE	PA:cds-XAJ25422.1	AGA	R	AGG	R	174
PA|PP755594.1|A/cattle/Texas/24-008749-003/2024(H5N1)	522	A	G	1	1	40	1889	845	41	0.999471	1890	0	TRUE	PA-X:cds-XAJ25423.1	AGA	R	AGG	R	174
PA|PP755594.1|A/cattle/Texas/24-008749-003/2024(H5N1)	525	G	A	0	0	0	1879	861	42	1	1879	0	TRUE	PA:cds-XAJ25422.1	CTG	L	CTA	L	175
PA|PP755594.1|A/cattle/Texas/24-008749-003/2024(H5N1)	525	G	A	0	0	0	1879	861	42	1	1879	0	TRUE	PA-X:cds-XAJ25423.1	CTG	L	CTA	L	175
PA|PP755594.1|A/cattle/Texas/24-008749-003/2024(H5N1)	552	T	C	0	0	0	1911	819	41	1	1911	0	TRUE	PA:cds-XAJ25422.1	AGT	S	AGC	S	184
PA|PP755594.1|A/cattle/Texas/24-008749-003/2024(H5N1)	552	T	C	0	0	0	1911	819	41	1	1911	0	TRUE	PA-X:cds-XAJ25423.1	AGT	S	AGC	S	184
PA|PP755594.1|A/cattle/Texas/24-008749-003/2024(H5N1)	555	A	G	0	0	0	1860	776	40	1	1860	0	TRUE	PA:cds-XAJ25422.1	AGA	R	AGG	R	185
PA|PP755594.1|A/cattle/Texas/24-008749-003/2024(H5N1)	555	A	G	0	0	0	1860	776	40	1	1860	0	TRUE	PA-X:cds-XAJ25423.1	AGA	R	AGG	R	185
PA|PP755594.1|A/cattle/Texas/24-008749-003/2024(H5N1)	579	A	G	4	1	39	2066	729	42	0.998068	2070	0	TRUE	PA:cds-XAJ25422.1	CAA	Q	CAG	Q	193
PA|PP755594.1|A/cattle/Texas/24-008749-003/2024(H5N1)	579	A	G	4	1	39	2066	729	42	0.998068	2070	0	TRUE	PA-X:cds-XAJ25423.1	AAT	N	AGT	S	3
PA|PP755594.1|A/cattle/Texas/24-008749-003/2024(H5N1)	585	G	A	0	0	0	2064	777	43	0.999516	2065	0	TRUE	PA:cds-XAJ25422.1	GAG	E	GAA	E	195
PA|PP755594.1|A/cattle/Texas/24-008749-003/2024(H5N1)	585	G	A	0	0	0	2064	777	43	0.999516	2065	0	TRUE	PA-X:cds-XAJ25423.1	AGA	R	AAA	K	5
PA|PP755594.1|A/cattle/Texas/24-008749-003/2024(H5N1)	655	A	C	2	0	24	1978	863	42	0.997982	1982	0	TRUE	PA:cds-XAJ25422.1	ATT	I	CTT	L	219
PA|PP755594.1|A/cattle/Texas/24-008749-003/2024(H5N1)	655	A	C	2	0	24	1978	863	42	0.997982	1982	0	TRUE	PA-X:cds-XAJ25423.1	GTA	V	GTC	V	28
PA|PP755594.1|A/cattle/Texas/24-008749-003/2024(H5N1)	657	T	C	0	0	0	1704	865	37	0.995909	1711	0	TRUE	PA:cds-XAJ25422.1	ATT	I	ATC	I	219
PA|PP755594.1|A/cattle/Texas/24-008749-003/2024(H5N1)	657	T	C	0	0	0	1704	865	37	0.995909	1711	0	TRUE	PA-X:cds-XAJ25423.1	TTC	F	TCC	S	29
PA|PP755594.1|A/cattle/Texas/24-008749-003/2024(H5N1)	664	A	G	0	0	0	1955	919	42	0.998978	1957	0	TRUE	PA:cds-XAJ25422.1	AAC	N	GAC	D	222
PA|PP755594.1|A/cattle/Texas/24-008749-003/2024(H5N1)	664	A	G	0	0	0	1955	919	42	0.998978	1957	0	TRUE	PA-X:cds-XAJ25423.1	CGA	R	CGG	R	31
PA|PP755594.1|A/cattle/Texas/24-008749-003/2024(H5N1)	750	A	C	0	0	0	1824	922	41	1	1824	0	TRUE	PA:cds-XAJ25422.1	TCA	S	TCC	S	250
PA|PP755594.1|A/cattle/Texas/24-008749-003/2024(H5N1)	750	A	C	0	0	0	1824	922	41	1	1824	0	TRUE	PA-X:cds-XAJ25423.1	CAA	Q	CCA	P	60
PA|PP755594.1|A/cattle/Texas/24-008749-003/2024(H5N1)	756	G	A	0	0	0	1823	922	42	1	1823	0	TRUE	PA:cds-XAJ25422.1	GAG	E	GAA	E	252
PA|PP755594.1|A/cattle/Texas/24-008749-003/2024(H5N1)	756	G	A	0	0	0	1823	922	42	1	1823	0	TRUE	PA-X:cds-XAJ25423.1	AGG	R	AAG	K	62
PA|PP755594.1|A/cattle/Texas/24-008749-003/2024(H5N1)	774	G	A	1	0	40	2131	1368	44	0.999531	2132	0	TRUE	PA:cds-XAJ25422.1	GAG	E	GAA	E	258
PA|PP755594.1|A/cattle/Texas/24-008749-003/2024(H5N1)	781	C	T	0	0	0	2119	1367	43	0.999528	2120	0	TRUE	PA:cds-XAJ25422.1	CTG	L	TTG	L	261
PA|PP755594.1|A/cattle/Texas/24-008749-003/2024(H5N1)	806	G	A	0	0	0	2006	1216	41	1	2006	0	TRUE	PA:cds-XAJ25422.1	AGA	R	AAA	K	269
PA|PP755594.1|A/cattle/Texas/24-008749-003/2024(H5N1)	810	A	G	1	0	40	1924	1169	42	0.999481	1925	0	TRUE	PA:cds-XAJ25422.1	TTA	L	TTG	L	270
PA|PP755594.1|A/cattle/Texas/24-008749-003/2024(H5N1)	819	G	A	4	4	40	1601	926	42	0.996887	1606	0	TRUE	PA:cds-XAJ25422.1	GGG	G	GGA	G	273
PA|PP755594.1|A/cattle/Texas/24-008749-003/2024(H5N1)	822	T	C	0	0	0	1589	928	41	1	1589	0	TRUE	PA:cds-XAJ25422.1	CCT	P	CCC	P	274
PA|PP755594.1|A/cattle/Texas/24-008749-003/2024(H5N1)	828	T	C	1	0	40	1581	908	42	0.999368	1582	0	TRUE	PA:cds-XAJ25422.1	TGT	C	TGC	C	276
PA|PP755594.1|A/cattle/Texas/24-008749-003/2024(H5N1)	829	C	T	1	1	80	1574	900	42	0.999365	1575	0	TRUE	PA:cds-XAJ25422.1	CCT	P	TCT	S	277
PA|PP755594.1|A/cattle/Texas/24-008749-003/2024(H5N1)	840	G	A	0	0	0	1285	800	41	1	1285	0	TRUE	PA:cds-XAJ25422.1	TCG	S	TCA	S	280
PA|PP755594.1|A/cattle/Texas/24-008749-003/2024(H5N1)	843	G	A	0	0	0	1280	804	40	1	1280	0	TRUE	PA:cds-XAJ25422.1	AAG	K	AAA	K	281
PA|PP755594.1|A/cattle/Texas/24-008749-003/2024(H5N1)	846	C	T	0	0	0	1275	801	40	1	1275	0	TRUE	PA:cds-XAJ25422.1	TTC	F	TTT	F	282
PA|PP755594.1|A/cattle/Texas/24-008749-003/2024(H5N1)	847	T	C	1	1	40	1261	806	40	0.998416	1263	0	TRUE	PA:cds-XAJ25422.1	TTG	L	CTG	L	283
PA|PP755594.1|A/cattle/Texas/24-008749-003/2024(H5N1)	861	C	T	0	0	0	359	170	39	1	359	7.77304e-217	TRUE	PA:cds-XAJ25422.1	GCC	A	GCT	A	287
PA|PP755594.1|A/cattle/Texas/24-008749-003/2024(H5N1)	862	C	T	0	0	0	358	168	39	1	358	1.56543e-216	TRUE	PA:cds-XAJ25422.1	CTT	L	TTT	F	288
PA|PP755594.1|A/cattle/Texas/24-008749-003/2024(H5N1)	864	T	G	0	0	0	361	172	39	1	361	1.92453e-217	TRUE	PA:cds-XAJ25422.1	CTT	L	CTG	L	288
PA|PP755594.1|A/cattle/Texas/24-008749-003/2024(H5N1)	867	G	A	0	0	0	361	173	39	1	361	1.92453e-217	TRUE	PA:cds-XAJ25422.1	AAG	K	AAA	K	289
PA|PP755594.1|A/cattle/Texas/24-008749-003/2024(H5N1)	870	G	A	0	0	0	363	173	39	1	363	6.06354e-219	TRUE	PA:cds-XAJ25422.1	TTG	L	TTA	L	290
PA|PP755594.1|A/cattle/Texas/24-008749-003/2024(H5N1)	876	C	T	0	0	0	435	177	39	1	435	9.65605e-264	TRUE	PA:cds-XAJ25422.1	ATC	I	ATT	I	292
PA|PP755594.1|A/cattle/Texas/24-008749-003/2024(H5N1)	879	A	G	0	0	0	437	179	40	1	437	3.05794e-265	TRUE	PA:cds-XAJ25422.1	GAA	E	GAG	E	293
PA|PP755594.1|A/cattle/Texas/24-008749-003/2024(H5N1)	885	T	A	0	0	0	1326	603	41	1	1326	0	TRUE	PA:cds-XAJ25422.1	CCT	P	CCA	P	295
PA|PP755594.1|A/cattle/Texas/24-008749-003/2024(H5N1)	897	G	A	1	1	24	1515	740	42	0.99934	1516	0	TRUE	PA:cds-XAJ25422.1	GGG	G	GGA	G	299
PA|PP755594.1|A/cattle/Texas/24-008749-003/2024(H5N1)	903	C	G	0	0	0	1528	738	42	0.998693	1530	0	TRUE	PA:cds-XAJ25422.1	GGC	G	GGG	G	301
PA|PP755594.1|A/cattle/Texas/24-008749-003/2024(H5N1)	909	G	A	1	0	40	2069	710	40	0.999517	2070	0	TRUE	PA:cds-XAJ25422.1	CCG	P	CCA	P	303
PA|PP755594.1|A/cattle/Texas/24-008749-003/2024(H5N1)	915	T	C	0	0	0	2213	720	41	0.999548	2214	0	TRUE	PA:cds-XAJ25422.1	TAT	Y	TAC	Y	305
PA|PP755594.1|A/cattle/Texas/24-008749-003/2024(H5N1)	945	T	C	1	1	40	2015	701	39	0.995553	2024	0	TRUE	PA:cds-XAJ25422.1	TTT	F	TTC	F	315
PA|PP755594.1|A/cattle/Texas/24-008749-003/2024(H5N1)	963	C	T	0	0	0	1262	316	40	1	1262	0	TRUE	PA:cds-XAJ25422.1	AAC	N	AAT	N	321
PA|PP755594.1|A/cattle/Texas/24-008749-003/2024(H5N1)	964	A	G	0	0	0	1260	315	40	0.999207	1261	0	TRUE	PA:cds-XAJ25422.1	ATC	I	GTC	V	322
PA|PP755594.1|A/cattle/Texas/24-008749-003/2024(H5N1)	966	C	A	1	1	23	1258	319	40	0.999206	1259	0	TRUE	PA:cds-XAJ25422.1	ATC	I	ATA	I	322
PA|PP755594.1|A/cattle/Texas/24-008749-003/2024(H5N1)	967	G	A	0	0	0	1259	319	39	1	1259	0	TRUE	PA:cds-XAJ25422.1	GTA	V	ATA	I	323
PA|PP755594.1|A/cattle/Texas/24-008749-003/2024(H5N1)	969	A	C	0	0	0	1263	317	40	1	1263	0	TRUE	PA:cds-XAJ25422.1	GTA	V	GTC	V	323
PA|PP755594.1|A/cattle/Texas/24-008749-003/2024(H5N1)	972	G	A	1	0	40	1258	318	40	0.999206	1259	0	TRUE	PA:cds-XAJ25422.1	AAG	K	AAA	K	324
PA|PP755594.1|A/cattle/Texas/24-008749-003/2024(H5N1)	975	G	A	0	0	0	1267	326	40	1	1267	0	TRUE	PA:cds-XAJ25422.1	CCG	P	CCA	P	325
PA|PP755594.1|A/cattle/Texas/24-008749-003/2024(H5N1)	981	G	A	0	0	0	1359	391	40	0.999265	1360	0	TRUE	PA:cds-XAJ25422.1	GAG	E	GAA	E	327
PA|PP755594.1|A/cattle/Texas/24-008749-003/2024(H5N1)	984	A	G	6	5	21	1356	384	40	0.994864	1363	0	TRUE	PA:cds-XAJ25422.1	AAA	K	AAG	K	328
PA|PP755594.1|A/cattle/Texas/24-008749-003/2024(H5N1)	999	T	C	0	0	0	1873	615	42	1	1873	0	TRUE	PA:cds-XAJ25422.1	AAT	N	AAC	N	333
PA|PP755594.1|A/cattle/Texas/24-008749-003/2024(H5N1)	1002	C	T	0	0	0	1860	594	41	1	1860	0	TRUE	PA:cds-XAJ25422.1	TAC	Y	TAT	Y	334
PA|PP755594.1|A/cattle/Texas/24-008749-003/2024(H5N1)	1005	C	A	1230	661	36	60	0	24	0.0465116	1290	1.76767e-11	TRUE	PA:cds-XAJ25422.1	CTC	L	CTA	L	335
PA|PP755594.1|A/cattle/Texas/24-008749-003/2024(H5N1)	1020	G	A	1	0	40	2120	815	43	0.999529	2121	0	TRUE	PA:cds-XAJ25422.1	CAG	Q	CAA	Q	340
PA|PP755594.1|A/cattle/Texas/24-008749-003/2024(H5N1)	1026	G	A	0	0	0	2209	906	43	1	2209	0	TRUE	PA:cds-XAJ25422.1	CTG	L	CTA	L	342
PA|PP755594.1|A/cattle/Texas/24-008749-003/2024(H5N1)	1035	T	C	0	0	0	2088	886	43	0.998565	2091	0	TRUE	PA:cds-XAJ25422.1	CTT	L	CTC	L	345
PA|PP755594.1|A/cattle/Texas/24-008749-003/2024(H5N1)	1038	A	G	0	0	0	2109	893	44	1	2109	0	TRUE	PA:cds-XAJ25422.1	CAA	Q	CAG	Q	346
PA|PP755594.1|A/cattle/Texas/24-008749-003/2024(H5N1)	1042	A	C	1	1	40	1987	784	44	0.999497	1988	0	TRUE	PA:cds-XAJ25422.1	ATT	I	CTT	L	348
PA|PP755594.1|A/cattle/Texas/24-008749-003/2024(H5N1)	1054	G	T	1765	660	39	23	23	27	0.0128635	1788	0.231707	FALSE	PA:cds-XAJ25422.1	GAG	E	TAG	*	352
PA|PP755594.1|A/cattle/Texas/24-008749-003/2024(H5N1)	1062	T	C	2	0	36	1904	1087	42	0.998951	1906	0	TRUE	PA:cds-XAJ25422.1	ATT	I	ATC	I	354
PA|PP755594.1|A/cattle/Texas/24-008749-003/2024(H5N1)	1068	A	G	6	1	29	1885	1085	41	0.996827	1891	0	TRUE	PA:cds-XAJ25422.1	AAA	K	AAG	K	356
PA|PP755594.1|A/cattle/Texas/24-008749-003/2024(H5N1)	1071	A	G	1	1	40	1837	1036	41	0.99837	1840	0	TRUE	PA:cds-XAJ25422.1	ACA	T	ACG	T	357
PA|PP755594.1|A/cattle/Texas/24-008749-003/2024(H5N1)	1092	C	T	0	0	0	2028	1208	42	1	2028	0	TRUE	PA:cds-XAJ25422.1	AGC	S	AGT	S	364
PA|PP755594.1|A/cattle/Texas/24-008749-003/2024(H5N1)	1098	G	A	0	0	0	2091	1258	42	1	2091	0	TRUE	PA:cds-XAJ25422.1	TTG	L	TTA	L	366
PA|PP755594.1|A/cattle/Texas/24-008749-003/2024(H5N1)	1125	T	A	0	0	0	2098	1155	42	0.999524	2099	0	TRUE	PA:cds-XAJ25422.1	GCT	A	GCA	A	375
PA|PP755594.1|A/cattle/Texas/24-008749-003/2024(H5N1)	1128	A	G	5	3	37	2077	1143	42	0.997598	2082	0	TRUE	PA:cds-XAJ25422.1	CCA	P	CCG	P	376
PA|PP755594.1|A/cattle/Texas/24-008749-003/2024(H5N1)	1155	A	G	1	1	40	2124	1277	42	0.999529	2125	0	TRUE	PA:cds-XAJ25422.1	AAA	K	AAG	K	385
PA|PP755594.1|A/cattle/Texas/24-008749-003/2024(H5N1)	1162	A	G	2	2	40	2046	1182	40	0.999023	2048	0	TRUE	PA:cds-XAJ25422.1	AGC	S	GGC	G	388
PA|PP755594.1|A/cattle/Texas/24-008749-003/2024(H5N1)	1172	G	A	0	0	0	1999	1207	40	1	1999	0	TRUE	PA:cds-XAJ25422.1	AGA	R	AAA	K	391
PA|PP755594.1|A/cattle/Texas/24-008749-003/2024(H5N1)	1179	C	T	0	0	0	1369	825	40	1	1369	0	TRUE	PA:cds-XAJ25422.1	TAC	Y	TAT	Y	393
PA|PP755594.1|A/cattle/Texas/24-008749-003/2024(H5N1)	1182	C	T	0	0	0	1374	835	39	0.999273	1375	0	TRUE	PA:cds-XAJ25422.1	GAC	D	GAT	D	394
PA|PP755594.1|A/cattle/Texas/24-008749-003/2024(H5N1)	1185	T	C	0	0	0	1306	769	41	1	1306	0	TRUE	PA:cds-XAJ25422.1	AGT	S	AGC	S	395
PA|PP755594.1|A/cattle/Texas/24-008749-003/2024(H5N1)	1188	C	T	0	0	0	1305	768	40	1	1305	0	TRUE	PA:cds-XAJ25422.1	GAC	D	GAT	D	396
PA|PP755594.1|A/cattle/Texas/24-008749-003/2024(H5N1)	1191	A	G	0	0	0	1303	768	40	1	1303	0	TRUE	PA:cds-XAJ25422.1	GAA	E	GAG	E	397
PA|PP755594.1|A/cattle/Texas/24-008749-003/2024(H5N1)	1198	T	C	0	0	0	1684	942	41	1	1684	0	TRUE	PA:cds-XAJ25422.1	TCT	S	CCT	P	400
PA|PP755594.1|A/cattle/Texas/24-008749-003/2024(H5N1)	1206	A	G	1	1	40	1691	907	41	0.999409	1692	0	TRUE	PA:cds-XAJ25422.1	TCA	S	TCG	S	402
PA|PP755594.1|A/cattle/Texas/24-008749-003/2024(H5N1)	1212	A	G	0	0	0	1679	901	41	1	1679	0	TRUE	PA:cds-XAJ25422.1	GCA	A	GCG	A	404
PA|PP755594.1|A/cattle/Texas/24-008749-003/2024(H5N1)	1215	C	T	2	0	40	1658	886	41	0.998795	1660	0	TRUE	PA:cds-XAJ25422.1	AGC	S	AGT	S	405
PA|PP755594.1|A/cattle/Texas/24-008749-003/2024(H5N1)	1221	T	C	1	1	40	1795	1014	42	0.999443	1796	0	TRUE	PA:cds-XAJ25422.1	ATT	I	ATC	I	407
PA|PP755594.1|A/cattle/Texas/24-008749-003/2024(H5N1)	1236	C	T	1	1	40	1713	979	42	0.998834	1715	0	TRUE	PA:cds-XAJ25422.1	AAC	N	AAT	N	412
PA|PP755594.1|A/cattle/Texas/24-008749-003/2024(H5N1)	1245	C	T	0	0	0	785	423	40	1	785	0	TRUE	PA:cds-XAJ25422.1	TGC	C	TGT	C	415
PA|PP755594.1|A/cattle/Texas/24-008749-003/2024(H5N1)	1249	C	T	0	0	0	714	416	40	1	714	0	TRUE	PA:cds-XAJ25422.1	CTG	L	TTG	L	417
PA|PP755594.1|A/cattle/Texas/24-008749-003/2024(H5N1)	1254	A	T	0	0	0	676	393	40	0.998523	677	0	TRUE	PA:cds-XAJ25422.1	ACA	T	ACT	T	418
PA|PP755594.1|A/cattle/Texas/24-008749-003/2024(H5N1)	1257	T	C	0	0	0	680	397	40	1	680	0	TRUE	PA:cds-XAJ25422.1	GAT	D	GAC	D	419
PA|PP755594.1|A/cattle/Texas/24-008749-003/2024(H5N1)	1260	G	A	0	0	0	679	397	40	1	679	0	TRUE	PA:cds-XAJ25422.1	TCG	S	TCA	S	420
PA|PP755594.1|A/cattle/Texas/24-008749-003/2024(H5N1)	1262	G	T	0	0	0	677	394	40	0.998525	678	0	TRUE	PA:cds-XAJ25422.1	AGT	S	ATT	I	421
PA|PP755594.1|A/cattle/Texas/24-008749-003/2024(H5N1)	1263	T	C	0	0	0	678	396	40	1	678	0	TRUE	PA:cds-XAJ25422.1	AGT	S	AGC	S	421
PA|PP755594.1|A/cattle/Texas/24-008749-003/2024(H5N1)	1269	T	A	0	0	0	862	440	40	1	862	0	TRUE	PA:cds-XAJ25422.1	ATT	I	ATA	I	423
PA|PP755594.1|A/cattle/Texas/24-008749-003/2024(H5N1)	1275	T	G	0	0	0	906	445	40	0.998897	907	0	TRUE	PA:cds-XAJ25422.1	CTT	L	CTG	L	425
PA|PP755594.1|A/cattle/Texas/24-008749-003/2024(H5N1)	1278	T	C	0	0	0	909	445	40	1	909	0	TRUE	PA:cds-XAJ25422.1	GAT	D	GAC	D	426
PA|PP755594.1|A/cattle/Texas/24-008749-003/2024(H5N1)	1281	G	A	0	0	0	915	445	40	1	915	0	TRUE	PA:cds-XAJ25422.1	GAG	E	GAA	E	427
PA|PP755594.1|A/cattle/Texas/24-008749-003/2024(H5N1)	1293	C	T	0	0	0	1697	891	42	1	1697	0	TRUE	PA:cds-XAJ25422.1	GAC	D	GAT	D	431
PA|PP755594.1|A/cattle/Texas/24-008749-003/2024(H5N1)	1302	A	G	0	0	0	1794	938	42	1	1794	0	TRUE	PA:cds-XAJ25422.1	CCA	P	CCG	P	434
PA|PP755594.1|A/cattle/Texas/24-008749-003/2024(H5N1)	1305	C	T	0	0	0	1830	922	41	1	1830	0	TRUE	PA:cds-XAJ25422.1	ATC	I	ATT	I	435
PA|PP755594.1|A/cattle/Texas/24-008749-003/2024(H5N1)	1317	G	A	1	1	40	1687	873	41	0.999408	1688	0	TRUE	PA:cds-XAJ25422.1	GCG	A	GCA	A	439
PA|PP755594.1|A/cattle/Texas/24-008749-003/2024(H5N1)	1320	T	C	0	0	0	1675	864	40	1	1675	0	TRUE	PA:cds-XAJ25422.1	AGT	S	AGC	S	440
PA|PP755594.1|A/cattle/Texas/24-008749-003/2024(H5N1)	1321	G	A	0	0	0	1690	872	41	1	1690	0	TRUE	PA:cds-XAJ25422.1	GTG	V	ATG	M	441
PA|PP755594.1|A/cattle/Texas/24-008749-003/2024(H5N1)	1332	C	T	0	0	0	1858	978	42	1	1858	0	TRUE	PA:cds-XAJ25422.1	AAC	N	AAT	N	444
PA|PP755594.1|A/cattle/Texas/24-008749-003/2024(H5N1)	1344	G	A	0	0	0	1778	907	41	0.999438	1779	0	TRUE	PA:cds-XAJ25422.1	GCG	A	GCA	A	448
PA|PP755594.1|A/cattle/Texas/24-008749-003/2024(H5N1)	1347	G	A	0	0	0	1776	905	41	1	1776	0	TRUE	PA:cds-XAJ25422.1	GAG	E	GAA	E	449
PA|PP755594.1|A/cattle/Texas/24-008749-003/2024(H5N1)	1350	A	G	1	1	40	1788	905	41	0.999441	1789	0	TRUE	PA:cds-XAJ25422.1	GTA	V	GTG	V	450
PA|PP755594.1|A/cattle/Texas/24-008749-003/2024(H5N1)	1354	C	A	1605	1010	37	33	0	24	0.0201465	1638	0.00750303	TRUE	PA:cds-XAJ25422.1	CAT	H	AAT	N	452
PA|PP755594.1|A/cattle/Texas/24-008749-003/2024(H5N1)	1383	G	A	0	0	0	1878	889	42	0.999468	1879	0	TRUE	PA:cds-XAJ25422.1	AAG	K	AAA	K	461
PA|PP755594.1|A/cattle/Texas/24-008749-003/2024(H5N1)	1389	A	C	1	0	24	1864	911	42	0.999464	1865	0	TRUE	PA:cds-XAJ25422.1	GTA	V	GTC	V	463
PA|PP755594.1|A/cattle/Texas/24-008749-003/2024(H5N1)	1398	C	T	0	0	0	1702	780	41	1	1702	0	TRUE	PA:cds-XAJ25422.1	AAC	N	AAT	N	466
PA|PP755594.1|A/cattle/Texas/24-008749-003/2024(H5N1)	1404	C	T	0	0	0	1180	557	41	1	1180	0	TRUE	PA:cds-XAJ25422.1	GCC	A	GCT	A	468
PA|PP755594.1|A/cattle/Texas/24-008749-003/2024(H5N1)	1407	A	G	0	0	0	1178	562	41	1	1178	0	TRUE	PA:cds-XAJ25422.1	CTA	L	CTG	L	469
PA|PP755594.1|A/cattle/Texas/24-008749-003/2024(H5N1)	1408	T	C	0	0	0	1183	563	41	1	1183	0	TRUE	PA:cds-XAJ25422.1	TTG	L	CTG	L	470
PA|PP755594.1|A/cattle/Texas/24-008749-003/2024(H5N1)	1410	G	C	0	0	0	1183	562	41	1	1183	0	TRUE	PA:cds-XAJ25422.1	TTG	L	TTC	F	470
PA|PP755594.1|A/cattle/Texas/24-008749-003/2024(H5N1)	1419	C	T	1	0	24	1181	562	41	0.999154	1182	0	TRUE	PA:cds-XAJ25422.1	TCC	S	TCT	S	473
PA|PP755594.1|A/cattle/Texas/24-008749-003/2024(H5N1)	1422	T	C	0	0	0	1179	563	41	1	1179	0	TRUE	PA:cds-XAJ25422.1	TGT	C	TGC	C	474
PA|PP755594.1|A/cattle/Texas/24-008749-003/2024(H5N1)	1425	A	G	0	0	0	1174	555	41	1	1174	0	TRUE	PA:cds-XAJ25422.1	GCA	A	GCG	A	475
PA|PP755594.1|A/cattle/Texas/24-008749-003/2024(H5N1)	1443	A	G	0	0	0	1673	633	41	1	1673	0	TRUE	PA:cds-XAJ25422.1	CAA	Q	CAG	Q	481
PA|PP755594.1|A/cattle/Texas/24-008749-003/2024(H5N1)	1444	T	C	1	1	33	1679	632	41	0.999405	1680	0	TRUE	PA:cds-XAJ25422.1	TTG	L	CTG	L	482
PA|PP755594.1|A/cattle/Texas/24-008749-003/2024(H5N1)	1461	T	C	0	0	0	1710	702	41	1	1710	0	TRUE	PA:cds-XAJ25422.1	AGT	S	AGC	S	487
PA|PP755594.1|A/cattle/Texas/24-008749-003/2024(H5N1)	1464	G	A	0	0	0	1683	703	41	1	1683	0	TRUE	PA:cds-XAJ25422.1	AAG	K	AAA	K	488
PA|PP755594.1|A/cattle/Texas/24-008749-003/2024(H5N1)	1470	A	G	1	1	70	1619	652	40	0.999383	1620	0	TRUE	PA:cds-XAJ25422.1	AGA	R	AGG	R	490
PA|PP755594.1|A/cattle/Texas/24-008749-003/2024(H5N1)	1473	T	C	1	1	24	1619	645	41	0.999383	1620	0	TRUE	PA:cds-XAJ25422.1	ACT	T	ACC	T	491
PA|PP755594.1|A/cattle/Texas/24-008749-003/2024(H5N1)	1483	A	C	0	0	0	2384	668	40	0.999162	2386	0	TRUE	PA:cds-XAJ25422.1	AGA	R	CGA	R	495
PA|PP755594.1|A/cattle/Texas/24-008749-003/2024(H5N1)	1490	G	A	0	0	0	1979	491	40	1	1979	0	TRUE	PA:cds-XAJ25422.1	AGG	R	AAG	K	497
PA|PP755594.1|A/cattle/Texas/24-008749-003/2024(H5N1)	1491	G	A	0	0	0	1975	497	40	1	1975	0	TRUE	PA:cds-XAJ25422.1	AGG	R	AGA	R	497
PA|PP755594.1|A/cattle/Texas/24-008749-003/2024(H5N1)	1497	T	C	0	0	0	2091	528	39	1	2091	0	TRUE	PA:cds-XAJ25422.1	AAT	N	AAC	N	499
PA|PP755594.1|A/cattle/Texas/24-008749-003/2024(H5N1)	1500	G	A	0	0	0	2225	542	39	1	2225	0	TRUE	PA:cds-XAJ25422.1	CTG	L	CTA	L	500
PA|PP755594.1|A/cattle/Texas/24-008749-003/2024(H5N1)	1506	A	G	1	1	40	2647	738	41	0.999622	2648	0	TRUE	PA:cds-XAJ25422.1	GGA	G	GGG	G	502
PA|PP755594.1|A/cattle/Texas/24-008749-003/2024(H5N1)	1512	T	C	0	0	0	2835	814	42	1	2835	0	TRUE	PA:cds-XAJ25422.1	ATT	I	ATC	I	504
PA|PP755594.1|A/cattle/Texas/24-008749-003/2024(H5N1)	1524	A	G	0	0	0	2907	856	43	1	2907	0	TRUE	PA:cds-XAJ25422.1	AGA	R	AGG	R	508
PA|PP755594.1|A/cattle/Texas/24-008749-003/2024(H5N1)	1527	C	T	3	2	53	2919	873	43	0.998973	2922	0	TRUE	PA:cds-XAJ25422.1	TCC	S	TCT	S	509
PA|PP755594.1|A/cattle/Texas/24-008749-003/2024(H5N1)	1528	C	A	2685	928	37	50	0	26	0.0182815	2735	0.00300989	TRUE	PA:cds-XAJ25422.1	CAT	H	AAT	N	510
PA|PP755594.1|A/cattle/Texas/24-008749-003/2024(H5N1)	1542	C	T	0	0	0	3076	921	44	1	3076	0	TRUE	PA:cds-XAJ25422.1	GAC	D	GAT	D	514
PA|PP755594.1|A/cattle/Texas/24-008749-003/2024(H5N1)	1551	G	A	0	0	0	1983	767	41	1	1983	0	TRUE	PA:cds-XAJ25422.1	GTG	V	GTA	V	517
PA|PP755594.1|A/cattle/Texas/24-008749-003/2024(H5N1)	1554	A	G	1	0	40	1995	767	42	0.999499	1996	0	TRUE	PA:cds-XAJ25422.1	GTA	V	GTG	V	518
PA|PP755594.1|A/cattle/Texas/24-008749-003/2024(H5N1)	1557	C	T	0	0	0	1991	762	42	1	1991	0	TRUE	PA:cds-XAJ25422.1	AAC	N	AAT	N	519
PA|PP755594.1|A/cattle/Texas/24-008749-003/2024(H5N1)	1563	G	A	1	1	40	1973	766	40	0.999493	1974	0	TRUE	PA:cds-XAJ25422.1	GTG	V	GTA	V	521
PA|PP755594.1|A/cattle/Texas/24-008749-003/2024(H5N1)	1566	C	T	1	0	24	1989	761	42	0.999497	1990	0	TRUE	PA:cds-XAJ25422.1	AGC	S	AGT	S	522
PA|PP755594.1|A/cattle/Texas/24-008749-003/2024(H5N1)	1572	A	G	0	0	0	1996	766	42	1	1996	0	TRUE	PA:cds-XAJ25422.1	GAA	E	GAG	E	524
PA|PP755594.1|A/cattle/Texas/24-008749-003/2024(H5N1)	1575	C	T	1	0	40	1989	761	42	0.999497	1990	0	TRUE	PA:cds-XAJ25422.1	TTC	F	TTT	F	525
PA|PP755594.1|A/cattle/Texas/24-008749-003/2024(H5N1)	1581	A	C	1	0	24	1918	763	39	0.999479	1919	0	TRUE	PA:cds-XAJ25422.1	CTA	L	CTC	L	527
PA|PP755594.1|A/cattle/Texas/24-008749-003/2024(H5N1)	1584	T	C	3	0	40	1991	765	42	0.998495	1994	0	TRUE	PA:cds-XAJ25422.1	ACT	T	ACC	T	528
PA|PP755594.1|A/cattle/Texas/24-008749-003/2024(H5N1)	1590	G	A	2	1	40	1989	766	41	0.998995	1991	0	TRUE	PA:cds-XAJ25422.1	CCG	P	CCA	P	530
PA|PP755594.1|A/cattle/Texas/24-008749-003/2024(H5N1)	1593	G	A	1	1	40	1988	765	42	0.999497	1989	0	TRUE	PA:cds-XAJ25422.1	AGG	R	AGA	R	531
PA|PP755594.1|A/cattle/Texas/24-008749-003/2024(H5N1)	1596	A	G	0	0	0	1988	757	41	1	1988	0	TRUE	PA:cds-XAJ25422.1	CTA	L	CTG	L	532
PA|PP755594.1|A/cattle/Texas/24-008749-003/2024(H5N1)	1599	G	A	1	0	40	1983	784	41	0.999496	1984	0	TRUE	PA:cds-XAJ25422.1	GAG	E	GAA	E	533
PA|PP755594.1|A/cattle/Texas/24-008749-003/2024(H5N1)	1623	T	C	0	0	0	4067	1673	44	1	4067	0	TRUE	PA:cds-XAJ25422.1	TGT	C	TGC	C	541
PA|PP755594.1|A/cattle/Texas/24-008749-003/2024(H5N1)	1632	G	A	1	0	40	3428	1359	42	0.999708	3429	0	TRUE	PA:cds-XAJ25422.1	GAG	E	GAA	E	544
PA|PP755594.1|A/cattle/Texas/24-008749-003/2024(H5N1)	1633	A	G	0	0	0	3432	1352	42	1	3432	0	TRUE	PA:cds-XAJ25422.1	ATA	I	GTA	V	545
PA|PP755594.1|A/cattle/Texas/24-008749-003/2024(H5N1)	1635	A	G	0	0	0	3358	1283	41	0.999405	3360	0	TRUE	PA:cds-XAJ25422.1	ATA	I	ATG	M	545
PA|PP755594.1|A/cattle/Texas/24-008749-003/2024(H5N1)	1637	G	T	2834	672	38	33	33	26	0.0115103	2867	0.304077	FALSE	PA:cds-XAJ25422.1	GGA	G	GTA	V	546
PA|PP755594.1|A/cattle/Texas/24-008749-003/2024(H5N1)	1641	C	T	3	2	40	3878	1665	43	0.999227	3881	0	TRUE	PA:cds-XAJ25422.1	GAC	D	GAT	D	547
PA|PP755594.1|A/cattle/Texas/24-008749-003/2024(H5N1)	1650	A	G	4	0	36	4260	1802	43	0.999062	4264	0	TRUE	PA:cds-XAJ25422.1	CTA	L	CTG	L	550
PA|PP755594.1|A/cattle/Texas/24-008749-003/2024(H5N1)	1651	C	A	0	0	0	4260	1814	43	0.999531	4262	0	TRUE	PA:cds-XAJ25422.1	CGG	R	AGG	R	551
PA|PP755594.1|A/cattle/Texas/24-008749-003/2024(H5N1)	1673	T	C	1	0	40	4612	1795	42	0.999783	4613	0	TRUE	PA:cds-XAJ25422.1	TTG	L	TCG	S	558
PA|PP755594.1|A/cattle/Texas/24-008749-003/2024(H5N1)	1674	G	A	2	2	40	4586	1796	42	0.999564	4588	0	TRUE	PA:cds-XAJ25422.1	TTG	L	TTA	L	558
PA|PP755594.1|A/cattle/Texas/24-008749-003/2024(H5N1)	1677	G	A	4	0	40	4621	1796	42	0.999135	4625	0	TRUE	PA:cds-XAJ25422.1	AGG	R	AGA	R	559
PA|PP755594.1|A/cattle/Texas/24-008749-003/2024(H5N1)	1695	G	T	0	0	0	4587	1578	40	1	4587	0	TRUE	PA:cds-XAJ25422.1	GTG	V	GTT	V	565
PA|PP755594.1|A/cattle/Texas/24-008749-003/2024(H5N1)	1698	A	G	1	1	40	4608	1606	41	0.999783	4609	0	TRUE	PA:cds-XAJ25422.1	AGA	R	AGG	R	566
PA|PP755594.1|A/cattle/Texas/24-008749-003/2024(H5N1)	1704	T	C	1	0	40	4546	1553	41	0.99978	4547	0	TRUE	PA:cds-XAJ25422.1	AAT	N	AAC	N	568
PA|PP755594.1|A/cattle/Texas/24-008749-003/2024(H5N1)	1707	A	G	1	1	23	4547	1539	41	0.99978	4548	0	TRUE	PA:cds-XAJ25422.1	GGA	G	GGG	G	569
PA|PP755594.1|A/cattle/Texas/24-008749-003/2024(H5N1)	1710	T	C	3	0	40	4546	1541	41	0.999341	4549	0	TRUE	PA:cds-XAJ25422.1	ACT	T	ACC	T	570
PA|PP755594.1|A/cattle/Texas/24-008749-003/2024(H5N1)	1716	G	A	4	0	40	4911	1673	41	0.998983	4916	0	TRUE	PA:cds-XAJ25422.1	AAG	K	AAA	K	572
PA|PP755594.1|A/cattle/Texas/24-008749-003/2024(H5N1)	1722	A	G	1	1	40	4971	1738	41	0.999397	4974	0	TRUE	PA:cds-XAJ25422.1	AAA	K	AAG	K	574
PA|PP755594.1|A/cattle/Texas/24-008749-003/2024(H5N1)	1734	C	T	2	1	40	5329	1873	41	0.999625	5331	0	TRUE	PA:cds-XAJ25422.1	GGC	G	GGT	G	578
PA|PP755594.1|A/cattle/Texas/24-008749-003/2024(H5N1)	1749	A	T	0	0	0	5178	1875	42	0.999035	5183	0	TRUE	PA:cds-XAJ25422.1	CGA	R	CGT	R	583
PA|PP755594.1|A/cattle/Texas/24-008749-003/2024(H5N1)	1764	C	T	1	0	40	5212	1887	43	0.999616	5214	0	TRUE	PA:cds-XAJ25422.1	TCC	S	TCT	S	588
PA|PP755594.1|A/cattle/Texas/24-008749-003/2024(H5N1)	1773	A	G	1	0	40	5601	2118	44	0.999643	5603	0	TRUE	PA:cds-XAJ25422.1	CAA	Q	CAG	Q	591
PA|PP755594.1|A/cattle/Texas/24-008749-003/2024(H5N1)	1797	A	G	1	1	40	5176	2010	44	0.999807	5177	0	TRUE	PA:cds-XAJ25422.1	GAA	E	GAG	E	599
PA|PP755594.1|A/cattle/Texas/24-008749-003/2024(H5N1)	1812	G	A	2	1	60	4714	2575	42	0.999576	4716	0	TRUE	PA:cds-XAJ25422.1	GAG	E	GAA	E	604
PA|PP755594.1|A/cattle/Texas/24-008749-003/2024(H5N1)	1815	G	A	1	1	40	4708	2574	41	0.999788	4709	0	TRUE	PA:cds-XAJ25422.1	AAG	K	AAA	K	605
PA|PP755594.1|A/cattle/Texas/24-008749-003/2024(H5N1)	1822	T	A	0	0	0	4529	2590	42	1	4529	0	TRUE	PA:cds-XAJ25422.1	TCC	S	ACC	T	608
PA|PP755594.1|A/cattle/Texas/24-008749-003/2024(H5N1)	1824	C	T	0	0	0	4484	2536	41	1	4484	0	TRUE	PA:cds-XAJ25422.1	TCC	S	TCT	S	608
PA|PP755594.1|A/cattle/Texas/24-008749-003/2024(H5N1)	1827	G	A	3	1	40	4534	2588	42	0.999339	4537	0	TRUE	PA:cds-XAJ25422.1	AAG	K	AAA	K	609
PA|PP755594.1|A/cattle/Texas/24-008749-003/2024(H5N1)	1833	C	T	0	0	0	4895	2815	42	1	4895	0	TRUE	PA:cds-XAJ25422.1	TTC	F	TTT	F	611
PA|PP755594.1|A/cattle/Texas/24-008749-003/2024(H5N1)	1839	A	G	1	1	40	4909	2836	42	0.999593	4911	0	TRUE	PA:cds-XAJ25422.1	GAA	E	GAG	E	613
PA|PP755594.1|A/cattle/Texas/24-008749-003/2024(H5N1)	1845	A	G	0	0	0	4781	2798	41	0.999791	4782	0	TRUE	PA:cds-XAJ25422.1	AAA	K	AAG	K	615
PA|PP755594.1|A/cattle/Texas/24-008749-003/2024(H5N1)	1848	A	G	3	2	61	4814	2830	42	0.999377	4817	0	TRUE	PA:cds-XAJ25422.1	TCA	S	TCG	S	616
PA|PP755594.1|A/cattle/Texas/24-008749-003/2024(H5N1)	1854	A	G	3	3	40	5047	2957	42	0.999208	5051	0	TRUE	PA:cds-XAJ25422.1	ACA	T	ACG	T	618
PA|PP755594.1|A/cattle/Texas/24-008749-003/2024(H5N1)	1872	A	C	2	0	28	5140	3155	41	0.998834	5146	0	TRUE	PA:cds-XAJ25422.1	TCA	S	TCC	S	624
PA|PP755594.1|A/cattle/Texas/24-008749-003/2024(H5N1)	1877	A	G	14	0	35	4796	2797	38	0.993784	4826	0	TRUE	PA:cds-XAJ25422.1	AAA	K	AGA	R	626
PA|PP755594.1|A/cattle/Texas/24-008749-003/2024(H5N1)	1884	G	A	1	0	36	5241	3257	41	0.999809	5242	0	TRUE	PA:cds-XAJ25422.1	GTG	V	GTA	V	628
PA|PP755594.1|A/cattle/Texas/24-008749-003/2024(H5N1)	1893	C	A	0	0	0	5111	3143	42	0.999804	5112	0	TRUE	PA:cds-XAJ25422.1	GGC	G	GGA	G	631
PA|PP755594.1|A/cattle/Texas/24-008749-003/2024(H5N1)	1896	T	C	1	1	40	5091	3154	42	0.999804	5092	0	TRUE	PA:cds-XAJ25422.1	TCT	S	TCC	S	632
PA|PP755594.1|A/cattle/Texas/24-008749-003/2024(H5N1)	1905	A	G	2	2	40	5080	3166	42	0.99941	5083	0	TRUE	PA:cds-XAJ25422.1	AAA	K	AAG	K	635
PA|PP755594.1|A/cattle/Texas/24-008749-003/2024(H5N1)	1917	A	C	0	0	0	4119	2456	40	0.999757	4120	0	TRUE	PA:cds-XAJ25422.1	ACA	T	ACC	T	639
PA|PP755594.1|A/cattle/Texas/24-008749-003/2024(H5N1)	1918	T	C	0	0	0	4111	2464	40	1	4111	0	TRUE	PA:cds-XAJ25422.1	TTG	L	CTG	L	640
PA|PP755594.1|A/cattle/Texas/24-008749-003/2024(H5N1)	1923	A	G	0	0	0	4069	2408	39	0.999263	4072	0	TRUE	PA:cds-XAJ25422.1	CTA	L	CTG	L	641
PA|PP755594.1|A/cattle/Texas/24-008749-003/2024(H5N1)	1929	G	A	1	1	40	5053	3392	40	0.999802	5054	0	TRUE	PA:cds-XAJ25422.1	AAG	K	AAA	K	643
PA|PP755594.1|A/cattle/Texas/24-008749-003/2024(H5N1)	1935	G	A	0	0	0	5148	3468	42	1	5148	0	TRUE	PA:cds-XAJ25422.1	GTG	V	GTA	V	645
PA|PP755594.1|A/cattle/Texas/24-008749-003/2024(H5N1)	1944	C	T	2	2	40	5325	3544	42	0.999437	5328	0	TRUE	PA:cds-XAJ25422.1	AGC	S	AGT	S	648
PA|PP755594.1|A/cattle/Texas/24-008749-003/2024(H5N1)	1950	T	C	3	1	40	4652	2856	42	0.999356	4655	0	TRUE	PA:cds-XAJ25422.1	TAT	Y	TAC	Y	650
PA|PP755594.1|A/cattle/Texas/24-008749-003/2024(H5N1)	1956	T	C	0	0	0	4021	2450	42	1	4021	0	TRUE	PA:cds-XAJ25422.1	TCT	S	TCC	S	652
PA|PP755594.1|A/cattle/Texas/24-008749-003/2024(H5N1)	1959	T	A	0	0	0	4017	2449	42	1	4017	0	TRUE	PA:cds-XAJ25422.1	CCT	P	CCA	P	653
PA|PP755594.1|A/cattle/Texas/24-008749-003/2024(H5N1)	1965	C	T	0	0	0	4105	2535	42	1	4105	0	TRUE	PA:cds-XAJ25422.1	CTC	L	CTT	L	655
PA|PP755594.1|A/cattle/Texas/24-008749-003/2024(H5N1)	1968	G	A	2	2	32	4113	2548	42	0.999028	4117	0	TRUE	PA:cds-XAJ25422.1	GAG	E	GAA	E	656
PA|PP755594.1|A/cattle/Texas/24-008749-003/2024(H5N1)	1971	G	A	0	0	0	4120	2564	42	1	4120	0	TRUE	PA:cds-XAJ25422.1	GGG	G	GGA	G	657
PA|PP755594.1|A/cattle/Texas/24-008749-003/2024(H5N1)	1980	T	A	0	0	0	5415	3206	43	0.999262	5419	0	TRUE	PA:cds-XAJ25422.1	GCT	A	GCA	A	660
PA|PP755594.1|A/cattle/Texas/24-008749-003/2024(H5N1)	1986	A	G	3	1	53	5351	3137	42	0.998135	5361	0	TRUE	PA:cds-XAJ25422.1	TCA	S	TCG	S	662
PA|PP755594.1|A/cattle/Texas/24-008749-003/2024(H5N1)	1989	A	G	7	2	37	5437	3228	43	0.998714	5444	0	TRUE	PA:cds-XAJ25422.1	AGA	R	AGG	R	663
PA|PP755594.1|A/cattle/Texas/24-008749-003/2024(H5N1)	1993	T	C	70	45	41	5468	3283	43	0.98736	5538	0	TRUE	PA:cds-XAJ25422.1	TTG	L	CTG	L	665
PA|PP755594.1|A/cattle/Texas/24-008749-003/2024(H5N1)	2018	G	T	5205	2981	39	62	62	26	0.0117647	5270	0.186039	FALSE	PA:cds-XAJ25422.1	AGG	R	ATG	M	673
PA|PP755594.1|A/cattle/Texas/24-008749-003/2024(H5N1)	2052	G	A	8	6	38	5594	4421	47	0.998572	5602	0	TRUE	PA:cds-XAJ25422.1	GGG	G	GGA	G	684
PA|PP755594.1|A/cattle/Texas/24-008749-003/2024(H5N1)	2088	C	T	0	0	0	4916	4246	49	0.999593	4918	0	TRUE	PA:cds-XAJ25422.1	AAC	N	AAT	N	696
