REGION	POS	REF	ALT	REF_DP	REF_RV	REF_QUAL	ALT_DP	ALT_RV	ALT_QUAL	ALT_FREQ	TOTAL_DP	PVAL	PASS	GFF_FEATURE	REF_CODON	REF_AA	ALT_CODON	ALT_AA	POS_AA
NA|PP755591.1|A/cattle/Texas/24-008749-003/2024(H5N1)	164	C	A	2295	709	39	31	0	26	0.0133276	2326	0.1384	FALSE	NA:cds-XAJ25418.1	ACC	T	AAC	N	55
NA|PP755591.1|A/cattle/Texas/24-008749-003/2024(H5N1)	222	T	-C	2755	1100	43	161	0	20	0.0522388	3082	1.81995e-25	TRUE	NA	NA	NA	NA	NA	NA
NA|PP755591.1|A/cattle/Texas/24-008749-003/2024(H5N1)	223	C	T	0	0	0	2603	1046	43	1	2603	0	TRUE	NA:cds-XAJ25418.1	CTT	L	TTT	F	75
NA|PP755591.1|A/cattle/Texas/24-008749-003/2024(H5N1)	368	C	A	2635	1606	37	30	0	25	0.0112528	2666	0.350862	FALSE	NA:cds-XAJ25418.1	TCA	S	TAA	*	123
NA|PP755591.1|A/cattle/Texas/24-008749-003/2024(H5N1)	439	G	T	2430	817	37	145	145	27	0.0563107	2575	4.79389e-27	TRUE	NA:cds-XAJ25418.1	GGG	G	TGG	W	147
NA|PP755591.1|A/cattle/Texas/24-008749-003/2024(H5N1)	486	C	A	2671	1669	37	78	0	27	0.0283533	2751	4.42226e-08	TRUE	NA:cds-XAJ25418.1	CCC	P	CCA	P	162
NA|PP755591.1|A/cattle/Texas/24-008749-003/2024(H5N1)	571	T	C	2	0	40	3235	1415	41	0.999382	3237	0	TRUE	NA:cds-XAJ25418.1	TTG	L	CTG	L	191
NA|PP755591.1|A/cattle/Texas/24-008749-003/2024(H5N1)	829	G	T	2739	1331	37	88	87	26	0.0311284	2827	6.3807e-10	TRUE	NA:cds-XAJ25418.1	GAG	E	TAG	*	277
NA|PP755591.1|A/cattle/Texas/24-008749-003/2024(H5N1)	857	G	T	2732	1154	36	46	46	25	0.0165527	2779	0.0112832	FALSE	NA:cds-XAJ25418.1	GGT	G	GTT	V	286
NA|PP755591.1|A/cattle/Texas/24-008749-003/2024(H5N1)	878	G	T	2471	636	37	83	82	25	0.0324853	2555	1.37801e-10	TRUE	NA:cds-XAJ25418.1	AGG	R	ATG	M	293
NA|PP755591.1|A/cattle/Texas/24-008749-003/2024(H5N1)	1024	G	T	3045	915	37	65	65	26	0.0209003	3110	0.000145844	TRUE	NA:cds-XAJ25418.1	GGG	G	TGG	W	342
NA|PP755591.1|A/cattle/Texas/24-008749-003/2024(H5N1)	1062	T	C	2	0	40	3601	1687	42	0.999168	3604	0	TRUE	NA:cds-XAJ25418.1	GGT	G	GGC	G	354
NA|PP755591.1|A/cattle/Texas/24-008749-003/2024(H5N1)	1114	G	T	2523	858	37	53	53	24	0.0205745	2576	0.000369419	TRUE	NA:cds-XAJ25418.1	GAG	E	TAG	*	372
NA|PP755591.1|A/cattle/Texas/24-008749-003/2024(H5N1)	1137	G	A	6	2	35	3546	2085	43	0.998311	3552	0	TRUE	NA:cds-XAJ25418.1	GGG	G	GGA	G	379
NA|PP755591.1|A/cattle/Texas/24-008749-003/2024(H5N1)	1144	G	T	2871	1314	37	56	56	25	0.0191257	2928	0.000685455	TRUE	NA:cds-XAJ25418.1	GAG	E	TAG	*	382
NA|PP755591.1|A/cattle/Texas/24-008749-003/2024(H5N1)	1163	C	A	2628	2020	39	33	0	24	0.0123967	2662	0.1914	FALSE	NA:cds-XAJ25418.1	TCA	S	TAA	*	388
NA|PP755591.1|A/cattle/Texas/24-008749-003/2024(H5N1)	1185	A	G	0	0	0	2754	1915	41	1	2754	0	TRUE	NA:cds-XAJ25418.1	GAA	E	GAG	E	395
