REGION	POS	REF	ALT	REF_DP	REF_RV	REF_QUAL	ALT_DP	ALT_RV	ALT_QUAL	ALT_FREQ	TOTAL_DP	PVAL	PASS	GFF_FEATURE	REF_CODON	REF_AA	ALT_CODON	ALT_AA	POS_AA
PB1|PP755595.1|A/cattle/Texas/24-008749-003/2024(H5N1)	8	T	C	15	1	41	1	0	40	0.0625	16	0.0935673	FALSE	PB1:cds-XAJ25424.1	GTC	V	GCC	A	3
PB1|PP755595.1|A/cattle/Texas/24-008749-003/2024(H5N1)	11	A	C	16	2	41	1	0	24	0.0588235	17	0.186366	FALSE	PB1:cds-XAJ25424.1	AAT	N	ACT	T	4
PB1|PP755595.1|A/cattle/Texas/24-008749-003/2024(H5N1)	18	C	T	0	0	0	21	3	41	1	21	5.86009e-28	TRUE	PB1:cds-XAJ25424.1	ACC	T	ACT	T	6
PB1|PP755595.1|A/cattle/Texas/24-008749-003/2024(H5N1)	24	C	T	0	0	0	24	3	43	1	24	7.56589e-31	TRUE	PB1:cds-XAJ25424.1	CTC	L	CTT	L	8
PB1|PP755595.1|A/cattle/Texas/24-008749-003/2024(H5N1)	30	G	A	0	0	0	26	4	41	1	26	7.66447e-33	TRUE	PB1:cds-XAJ25424.1	TTG	L	TTA	L	10
PB1|PP755595.1|A/cattle/Texas/24-008749-003/2024(H5N1)	36	T	G	0	0	0	31	4	42	1	31	1.65112e-37	TRUE	PB1:cds-XAJ25424.1	GTT	V	GTG	V	12
PB1|PP755595.1|A/cattle/Texas/24-008749-003/2024(H5N1)	46	A	G	0	0	0	45	8	44	1	45	2.6884e-49	TRUE	PB1:cds-XAJ25424.1	AAT	N	GAT	D	16
PB1|PP755595.1|A/cattle/Texas/24-008749-003/2024(H5N1)	57	C	T	0	0	0	69	17	44	1	69	6.3782e-69	TRUE	PB1:cds-XAJ25424.1	AGC	S	AGT	S	19
PB1|PP755595.1|A/cattle/Texas/24-008749-003/2024(H5N1)	68	C	A	93	23	40	1	0	24	0.0106383	94	0.602595	FALSE	PB1:cds-XAJ25424.1	CCG	P	CAG	Q	23
PB1|PP755595.1|A/cattle/Texas/24-008749-003/2024(H5N1)	69	G	T	0	0	0	105	23	43	0.990566	106	1.17658e-94	TRUE	PB1:cds-XAJ25424.1	CCG	P	CCT	P	23
PB1|PP755595.1|A/cattle/Texas/24-008749-003/2024(H5N1)	72	T	C	0	0	0	106	24	42	1	106	1.21804e-97	TRUE	PB1:cds-XAJ25424.1	TAT	Y	TAC	Y	24
PB1|PP755595.1|A/cattle/Texas/24-008749-003/2024(H5N1)	88	T	C	178	31	44	2	0	40	0.0111111	180	0.119386	FALSE	PB1:cds-XAJ25424.1	TAC	Y	CAC	H	30
PB1|PP755595.1|A/cattle/Texas/24-008749-003/2024(H5N1)	105	A	G	0	0	0	198	32	43	1	198	4.00967e-156	TRUE	PB1:cds-XAJ25424.1	GGA	G	GGG	G	35
PB1|PP755595.1|A/cattle/Texas/24-008749-003/2024(H5N1)	105	A	G	0	0	0	198	32	43	1	198	4.00967e-156	TRUE	PB1-F2:cds-XAJ25425.1	GAA	E	GGA	G	4
PB1|PP755595.1|A/cattle/Texas/24-008749-003/2024(H5N1)	114	T	C	0	0	0	216	38	45	1	216	9.18916e-168	TRUE	PB1:cds-XAJ25424.1	TAT	Y	TAC	Y	38
PB1|PP755595.1|A/cattle/Texas/24-008749-003/2024(H5N1)	114	T	C	0	0	0	216	38	45	1	216	9.18916e-168	TRUE	PB1-F2:cds-XAJ25425.1	ATA	I	ACA	T	7
PB1|PP755595.1|A/cattle/Texas/24-008749-003/2024(H5N1)	115	A	G	211	37	45	3	0	40	0.0140187	214	0.0475334	FALSE	PB1:cds-XAJ25424.1	ACC	T	GCC	A	39
PB1|PP755595.1|A/cattle/Texas/24-008749-003/2024(H5N1)	115	A	G	211	37	45	3	0	40	0.0140187	214	0.0475334	FALSE	PB1-F2:cds-XAJ25425.1	ATA	I	ATG	M	7
PB1|PP755595.1|A/cattle/Texas/24-008749-003/2024(H5N1)	117	C	A	0	0	0	211	38	45	1	211	1.31679e-163	TRUE	PB1:cds-XAJ25424.1	ACC	T	ACA	T	39
PB1|PP755595.1|A/cattle/Texas/24-008749-003/2024(H5N1)	117	C	A	0	0	0	211	38	45	1	211	1.31679e-163	TRUE	PB1-F2:cds-XAJ25425.1	CCA	P	CAA	Q	8
PB1|PP755595.1|A/cattle/Texas/24-008749-003/2024(H5N1)	129	T	C	0	0	0	262	60	44	1	262	9.15885e-178	TRUE	PB1:cds-XAJ25424.1	GTT	V	GTC	V	43
PB1|PP755595.1|A/cattle/Texas/24-008749-003/2024(H5N1)	129	T	C	0	0	0	262	60	44	1	262	9.15885e-178	TRUE	PB1-F2:cds-XAJ25425.1	TTA	L	TCA	S	12
PB1|PP755595.1|A/cattle/Texas/24-008749-003/2024(H5N1)	147	T	C	0	0	0	324	84	41	0.996923	325	1.07107e-210	TRUE	PB1:cds-XAJ25424.1	TAT	Y	TAC	Y	49
PB1|PP755595.1|A/cattle/Texas/24-008749-003/2024(H5N1)	147	T	C	0	0	0	324	84	41	0.996923	325	1.07107e-210	TRUE	PB1-F2:cds-XAJ25425.1	ATT	I	ACT	T	18
PB1|PP755595.1|A/cattle/Texas/24-008749-003/2024(H5N1)	156	A	G	12	11	28	326	84	42	0.964497	338	4.82999e-195	TRUE	PB1:cds-XAJ25424.1	AAA	K	AAG	K	52
PB1|PP755595.1|A/cattle/Texas/24-008749-003/2024(H5N1)	156	A	G	12	11	28	326	84	42	0.964497	338	4.82999e-195	TRUE	PB1-F2:cds-XAJ25425.1	AAG	K	AGG	R	21
PB1|PP755595.1|A/cattle/Texas/24-008749-003/2024(H5N1)	159	G	A	16	14	36	324	86	43	0.952941	340	1.98969e-190	TRUE	PB1:cds-XAJ25424.1	GGG	G	GGA	G	53
PB1|PP755595.1|A/cattle/Texas/24-008749-003/2024(H5N1)	159	G	A	16	14	36	324	86	43	0.952941	340	1.98969e-190	TRUE	PB1-F2:cds-XAJ25425.1	GGA	G	GAA	E	22
PB1|PP755595.1|A/cattle/Texas/24-008749-003/2024(H5N1)	159	G	+A	16	14	36	22	0	20	0.0559796	393	1.02492e-23	TRUE	NA	NA	NA	NA	NA	NA
PB1|PP755595.1|A/cattle/Texas/24-008749-003/2024(H5N1)	175	T	A	0	0	0	357	110	44	1	357	1.49256e-229	TRUE	PB1:cds-XAJ25424.1	TCA	S	ACA	T	59
PB1|PP755595.1|A/cattle/Texas/24-008749-003/2024(H5N1)	175	T	A	0	0	0	357	110	44	1	357	1.49256e-229	TRUE	PB1-F2:cds-XAJ25425.1	ACT	T	ACA	T	27
PB1|PP755595.1|A/cattle/Texas/24-008749-003/2024(H5N1)	186	G	A	1	0	80	365	112	43	0.997268	366	2.83969e-231	TRUE	PB1:cds-XAJ25424.1	GGG	G	GGA	G	62
PB1|PP755595.1|A/cattle/Texas/24-008749-003/2024(H5N1)	186	G	A	1	0	80	365	112	43	0.997268	366	2.83969e-231	TRUE	PB1-F2:cds-XAJ25425.1	GGG	G	GAG	E	31
PB1|PP755595.1|A/cattle/Texas/24-008749-003/2024(H5N1)	193	C	A	316	112	37	8	0	24	0.0246914	324	0.0740996	FALSE	PB1:cds-XAJ25424.1	CAA	Q	AAA	K	65
PB1|PP755595.1|A/cattle/Texas/24-008749-003/2024(H5N1)	193	C	A	316	112	37	8	0	24	0.0246914	324	0.0740996	FALSE	PB1-F2:cds-XAJ25425.1	CTC	L	CTA	L	33
PB1|PP755595.1|A/cattle/Texas/24-008749-003/2024(H5N1)	201	T	C	0	0	0	353	97	41	0.994366	355	5.54258e-233	TRUE	PB1:cds-XAJ25424.1	AAT	N	AAC	N	67
PB1|PP755595.1|A/cattle/Texas/24-008749-003/2024(H5N1)	201	T	C	0	0	0	353	97	41	0.994366	355	5.54258e-233	TRUE	PB1-F2:cds-XAJ25425.1	ATC	I	ACC	T	36
PB1|PP755595.1|A/cattle/Texas/24-008749-003/2024(H5N1)	207	T	A	361	95	43	13	3	38	0.0347594	374	5.19159e-05	TRUE	PB1:cds-XAJ25424.1	ATT	I	ATA	I	69
PB1|PP755595.1|A/cattle/Texas/24-008749-003/2024(H5N1)	207	T	A	361	95	43	13	3	38	0.0347594	374	5.19159e-05	TRUE	PB1-F2:cds-XAJ25425.1	TTG	L	TAG	*	38
PB1|PP755595.1|A/cattle/Texas/24-008749-003/2024(H5N1)	213	A	G	0	0	0	271	70	41	1	271	7.56899e-169	TRUE	PB1:cds-XAJ25424.1	GGA	G	GGG	G	71
PB1|PP755595.1|A/cattle/Texas/24-008749-003/2024(H5N1)	213	A	G	0	0	0	271	70	41	1	271	7.56899e-169	TRUE	PB1-F2:cds-XAJ25425.1	GAC	D	GGC	G	40
PB1|PP755595.1|A/cattle/Texas/24-008749-003/2024(H5N1)	217	T	C	0	0	0	261	73	40	1	261	4.09888e-161	TRUE	PB1:cds-XAJ25424.1	TTG	L	CTG	L	73
PB1|PP755595.1|A/cattle/Texas/24-008749-003/2024(H5N1)	217	T	C	0	0	0	261	73	40	1	261	4.09888e-161	TRUE	PB1-F2:cds-XAJ25425.1	CAT	H	CAC	H	41
PB1|PP755595.1|A/cattle/Texas/24-008749-003/2024(H5N1)	219	G	A	1	0	40	261	73	41	0.996183	262	5.53889e-159	TRUE	PB1:cds-XAJ25424.1	TTG	L	TTA	L	73
PB1|PP755595.1|A/cattle/Texas/24-008749-003/2024(H5N1)	219	G	A	1	0	40	261	73	41	0.996183	262	5.53889e-159	TRUE	PB1-F2:cds-XAJ25425.1	TGC	C	TAC	Y	42
PB1|PP755595.1|A/cattle/Texas/24-008749-003/2024(H5N1)	225	T	G	0	0	0	263	74	41	1	263	7.22741e-161	TRUE	PB1:cds-XAJ25424.1	GAT	D	GAG	E	75
PB1|PP755595.1|A/cattle/Texas/24-008749-003/2024(H5N1)	225	T	G	0	0	0	263	74	41	1	263	7.22741e-161	TRUE	PB1-F2:cds-XAJ25425.1	ATG	M	AGG	R	44
PB1|PP755595.1|A/cattle/Texas/24-008749-003/2024(H5N1)	226	G	A	0	0	0	259	74	41	1	259	1.271e-159	TRUE	PB1:cds-XAJ25424.1	GAC	D	AAC	N	76
PB1|PP755595.1|A/cattle/Texas/24-008749-003/2024(H5N1)	226	G	A	0	0	0	259	74	41	1	259	1.271e-159	TRUE	PB1-F2:cds-XAJ25425.1	ATG	M	ATA	I	44
PB1|PP755595.1|A/cattle/Texas/24-008749-003/2024(H5N1)	231	T	C	0	0	0	265	74	41	1	265	6.07915e-163	TRUE	PB1:cds-XAJ25424.1	AAT	N	AAC	N	77
PB1|PP755595.1|A/cattle/Texas/24-008749-003/2024(H5N1)	231	T	C	0	0	0	265	74	41	1	265	6.07915e-163	TRUE	PB1-F2:cds-XAJ25425.1	ATG	M	ACG	T	46
PB1|PP755595.1|A/cattle/Texas/24-008749-003/2024(H5N1)	234	G	A	0	0	0	263	75	40	0.996212	264	1.3459e-164	TRUE	PB1:cds-XAJ25424.1	GAG	E	GAA	E	78
PB1|PP755595.1|A/cattle/Texas/24-008749-003/2024(H5N1)	234	G	A	0	0	0	263	75	40	0.996212	264	1.3459e-164	TRUE	PB1-F2:cds-XAJ25425.1	AGC	S	AAC	N	47
PB1|PP755595.1|A/cattle/Texas/24-008749-003/2024(H5N1)	240	T	C	0	0	0	338	113	43	1	338	4.41545e-218	TRUE	PB1:cds-XAJ25424.1	AGT	S	AGC	S	80
PB1|PP755595.1|A/cattle/Texas/24-008749-003/2024(H5N1)	240	T	C	0	0	0	338	113	43	1	338	4.41545e-218	TRUE	PB1-F2:cds-XAJ25425.1	GTG	V	GCG	A	49
PB1|PP755595.1|A/cattle/Texas/24-008749-003/2024(H5N1)	255	G	A	2	0	40	302	121	42	0.993421	304	2.89839e-184	TRUE	PB1:cds-XAJ25424.1	ACG	T	ACA	T	85
PB1|PP755595.1|A/cattle/Texas/24-008749-003/2024(H5N1)	255	G	A	2	0	40	302	121	42	0.993421	304	2.89839e-184	TRUE	PB1-F2:cds-XAJ25425.1	CGG	R	CAG	Q	54
PB1|PP755595.1|A/cattle/Texas/24-008749-003/2024(H5N1)	258	C	T	0	0	0	305	121	41	1	305	2.59239e-189	TRUE	PB1:cds-XAJ25424.1	GAC	D	GAT	D	86
PB1|PP755595.1|A/cattle/Texas/24-008749-003/2024(H5N1)	258	C	T	0	0	0	305	121	41	1	305	2.59239e-189	TRUE	PB1-F2:cds-XAJ25425.1	ACT	T	ATT	I	55
PB1|PP755595.1|A/cattle/Texas/24-008749-003/2024(H5N1)	264	C	G	0	0	0	302	120	42	0.9967	303	4.45937e-188	TRUE	PB1:cds-XAJ25424.1	GTC	V	GTG	V	88
PB1|PP755595.1|A/cattle/Texas/24-008749-003/2024(H5N1)	264	C	G	0	0	0	302	120	42	0.9967	303	4.45937e-188	TRUE	PB1-F2:cds-XAJ25425.1	TCC	S	TGC	C	57
PB1|PP755595.1|A/cattle/Texas/24-008749-003/2024(H5N1)	265	C	T	0	0	0	297	116	42	1	297	1.76424e-186	TRUE	PB1:cds-XAJ25424.1	CTT	L	TTT	F	89
PB1|PP755595.1|A/cattle/Texas/24-008749-003/2024(H5N1)	265	C	T	0	0	0	297	116	42	1	297	1.76424e-186	TRUE	PB1-F2:cds-XAJ25425.1	TCC	S	TCT	S	57
PB1|PP755595.1|A/cattle/Texas/24-008749-003/2024(H5N1)	267	T	G	0	0	0	303	121	42	1	303	1.115e-188	TRUE	PB1:cds-XAJ25424.1	CTT	L	CTG	L	89
PB1|PP755595.1|A/cattle/Texas/24-008749-003/2024(H5N1)	267	T	G	0	0	0	303	121	42	1	303	1.115e-188	TRUE	PB1-F2:cds-XAJ25425.1	TTG	L	TGG	W	58
PB1|PP755595.1|A/cattle/Texas/24-008749-003/2024(H5N1)	288	A	G	0	0	0	357	145	41	1	357	1.93607e-231	TRUE	PB1:cds-XAJ25424.1	GAA	E	GAG	E	96
PB1|PP755595.1|A/cattle/Texas/24-008749-003/2024(H5N1)	288	A	G	0	0	0	357	145	41	1	357	1.93607e-231	TRUE	PB1-F2:cds-XAJ25425.1	AAG	K	AGG	R	65
PB1|PP755595.1|A/cattle/Texas/24-008749-003/2024(H5N1)	291	A	G	0	0	0	365	160	41	1	365	5.27891e-236	TRUE	PB1:cds-XAJ25424.1	GAA	E	GAG	E	97
PB1|PP755595.1|A/cattle/Texas/24-008749-003/2024(H5N1)	291	A	G	0	0	0	365	160	41	1	365	5.27891e-236	TRUE	PB1-F2:cds-XAJ25425.1	AAT	N	AGT	S	66
PB1|PP755595.1|A/cattle/Texas/24-008749-003/2024(H5N1)	297	T	C	2	2	40	397	203	40	0.994987	399	1.02749e-265	TRUE	PB1:cds-XAJ25424.1	CAT	H	CAC	H	99
PB1|PP755595.1|A/cattle/Texas/24-008749-003/2024(H5N1)	297	T	C	2	2	40	397	203	40	0.994987	399	1.02749e-265	TRUE	PB1-F2:cds-XAJ25425.1	ATC	I	ACC	T	68
PB1|PP755595.1|A/cattle/Texas/24-008749-003/2024(H5N1)	301	G	T	373	151	40	6	6	26	0.0158311	379	0.31846	FALSE	PB1:cds-XAJ25424.1	GGA	G	TGA	*	101
PB1|PP755595.1|A/cattle/Texas/24-008749-003/2024(H5N1)	301	G	T	373	151	40	6	6	26	0.0158311	379	0.31846	FALSE	PB1-F2:cds-XAJ25425.1	CAG	Q	CAT	H	69
PB1|PP755595.1|A/cattle/Texas/24-008749-003/2024(H5N1)	303	A	G	0	0	0	429	208	45	1	429	1.98956e-278	TRUE	PB1:cds-XAJ25424.1	GGA	G	GGG	G	101
PB1|PP755595.1|A/cattle/Texas/24-008749-003/2024(H5N1)	303	A	G	0	0	0	429	208	45	1	429	1.98956e-278	TRUE	PB1-F2:cds-XAJ25425.1	GAA	E	GGA	G	70
PB1|PP755595.1|A/cattle/Texas/24-008749-003/2024(H5N1)	318	G	T	0	0	0	449	233	45	1	449	2.19096e-292	TRUE	PB1:cds-XAJ25424.1	TCG	S	TCT	S	106
PB1|PP755595.1|A/cattle/Texas/24-008749-003/2024(H5N1)	318	G	T	0	0	0	449	233	45	1	449	2.19096e-292	TRUE	PB1-F2:cds-XAJ25425.1	CGT	R	CTT	L	75
PB1|PP755595.1|A/cattle/Texas/24-008749-003/2024(H5N1)	339	T	C	0	0	0	443	247	44	1	443	6.37555e-292	TRUE	PB1:cds-XAJ25424.1	GTT	V	GTC	V	113
PB1|PP755595.1|A/cattle/Texas/24-008749-003/2024(H5N1)	339	T	C	0	0	0	443	247	44	1	443	6.37555e-292	TRUE	PB1-F2:cds-XAJ25425.1	TTG	L	TCG	S	82
PB1|PP755595.1|A/cattle/Texas/24-008749-003/2024(H5N1)	345	A	G	0	0	0	443	258	44	1	443	8.25182e-286	TRUE	PB1:cds-XAJ25424.1	CAA	Q	CAG	Q	115
PB1|PP755595.1|A/cattle/Texas/24-008749-003/2024(H5N1)	345	A	G	0	0	0	443	258	44	1	443	8.25182e-286	TRUE	PB1-F2:cds-XAJ25425.1	AAC	N	AGC	S	84
PB1|PP755595.1|A/cattle/Texas/24-008749-003/2024(H5N1)	363	G	A	0	0	0	342	209	42	1	342	2.69108e-213	TRUE	PB1:cds-XAJ25424.1	AAG	K	AAA	K	121
PB1|PP755595.1|A/cattle/Texas/24-008749-003/2024(H5N1)	363	G	A	0	0	0	342	209	42	1	342	2.69108e-213	TRUE	PB1-F2:cds-XAJ25425.1	AGT	S	AAT	N	90
PB1|PP755595.1|A/cattle/Texas/24-008749-003/2024(H5N1)	364	T	C	0	0	0	341	210	41	1	341	2.09844e-210	TRUE	PB1:cds-XAJ25424.1	TTG	L	CTG	L	122
PB1|PP755595.1|A/cattle/Texas/24-008749-003/2024(H5N1)	364	T	C	0	0	0	341	210	41	1	341	2.09844e-210	TRUE	PB1-F2:cds-XAJ25425.1	AGT	S	AGC	S	90
PB1|PP755595.1|A/cattle/Texas/24-008749-003/2024(H5N1)	366	G	A	0	0	0	339	210	41	1	339	8.90675e-210	TRUE	PB1:cds-XAJ25424.1	TTG	L	TTA	L	122
PB1|PP755595.1|A/cattle/Texas/24-008749-003/2024(H5N1)	366	G	A	0	0	0	339	210	41	1	339	8.90675e-210	TRUE	PB1-F2:cds-XAJ25425.1	TGA	*	TAA	*	91
PB1|PP755595.1|A/cattle/Texas/24-008749-003/2024(H5N1)	369	C	T	0	0	0	342	210	41	1	342	1.39354e-211	TRUE	PB1:cds-XAJ25424.1	ACC	T	ACT	T	123
PB1|PP755595.1|A/cattle/Texas/24-008749-003/2024(H5N1)	375	C	T	1	0	40	346	214	42	0.997118	347	3.64578e-213	TRUE	PB1:cds-XAJ25424.1	GGC	G	GGT	G	125
PB1|PP755595.1|A/cattle/Texas/24-008749-003/2024(H5N1)	378	T	C	0	0	0	351	217	40	0.997159	352	1.44597e-219	TRUE	PB1:cds-XAJ25424.1	CGT	R	CGC	R	126
PB1|PP755595.1|A/cattle/Texas/24-008749-003/2024(H5N1)	384	T	C	0	0	0	432	261	42	1	432	1.29243e-270	TRUE	PB1:cds-XAJ25424.1	ACT	T	ACC	T	128
PB1|PP755595.1|A/cattle/Texas/24-008749-003/2024(H5N1)	397	T	C	0	0	0	446	267	41	1	446	2.42062e-277	TRUE	PB1:cds-XAJ25424.1	TTA	L	CTA	L	133
PB1|PP755595.1|A/cattle/Texas/24-008749-003/2024(H5N1)	402	C	T	0	0	0	440	261	41	1	440	3.76148e-275	TRUE	PB1:cds-XAJ25424.1	AAC	N	AAT	N	134
PB1|PP755595.1|A/cattle/Texas/24-008749-003/2024(H5N1)	408	T	C	0	0	0	427	257	41	1	427	9.37815e-267	TRUE	PB1:cds-XAJ25424.1	AAT	N	AAC	N	136
PB1|PP755595.1|A/cattle/Texas/24-008749-003/2024(H5N1)	411	G	A	0	0	0	427	258	41	1	427	2.48705e-265	TRUE	PB1:cds-XAJ25424.1	CAG	Q	CAA	Q	137
PB1|PP755595.1|A/cattle/Texas/24-008749-003/2024(H5N1)	414	G	A	1	1	40	426	254	42	0.997658	427	1.14156e-262	TRUE	PB1:cds-XAJ25424.1	CCG	P	CCA	P	138
PB1|PP755595.1|A/cattle/Texas/24-008749-003/2024(H5N1)	426	A	C	3	0	24	363	225	40	0.991803	366	2.05707e-222	TRUE	PB1:cds-XAJ25424.1	GCA	A	GCC	A	142
PB1|PP755595.1|A/cattle/Texas/24-008749-003/2024(H5N1)	427	T	C	0	0	0	373	223	41	1	373	1.12374e-231	TRUE	PB1:cds-XAJ25424.1	TTA	L	CTA	L	143
PB1|PP755595.1|A/cattle/Texas/24-008749-003/2024(H5N1)	432	T	C	1	1	40	385	223	41	0.997409	386	7.18813e-239	TRUE	PB1:cds-XAJ25424.1	GCT	A	GCC	A	144
PB1|PP755595.1|A/cattle/Texas/24-008749-003/2024(H5N1)	435	T	C	0	0	0	399	233	41	1	399	4.46631e-257	TRUE	PB1:cds-XAJ25424.1	AAT	N	AAC	N	145
PB1|PP755595.1|A/cattle/Texas/24-008749-003/2024(H5N1)	456	G	A	1	1	40	429	194	41	0.997674	430	4.84073e-265	TRUE	PB1:cds-XAJ25424.1	TCG	S	TCA	S	152
PB1|PP755595.1|A/cattle/Texas/24-008749-003/2024(H5N1)	460	G	A	0	0	0	423	193	41	1	423	1.25331e-264	TRUE	PB1:cds-XAJ25424.1	GGT	G	AGT	S	154
PB1|PP755595.1|A/cattle/Texas/24-008749-003/2024(H5N1)	465	T	A	0	0	0	453	198	40	0.997797	454	1.47558e-281	TRUE	PB1:cds-XAJ25424.1	CTT	L	CTA	L	155
PB1|PP755595.1|A/cattle/Texas/24-008749-003/2024(H5N1)	471	T	C	0	0	0	412	173	41	0.997579	413	3.38777e-265	TRUE	PB1:cds-XAJ25424.1	GCT	A	GCC	A	157
PB1|PP755595.1|A/cattle/Texas/24-008749-003/2024(H5N1)	480	A	G	0	0	0	424	169	41	0.997647	425	4.87357e-268	TRUE	PB1:cds-XAJ25424.1	TCA	S	TCG	S	160
PB1|PP755595.1|A/cattle/Texas/24-008749-003/2024(H5N1)	483	A	G	0	0	0	409	157	39	1	409	2.67885e-262	TRUE	PB1:cds-XAJ25424.1	GGA	G	GGG	G	161
PB1|PP755595.1|A/cattle/Texas/24-008749-003/2024(H5N1)	486	G	A	0	0	0	427	179	41	1	427	1.04519e-273	TRUE	PB1:cds-XAJ25424.1	AGG	R	AGA	R	162
PB1|PP755595.1|A/cattle/Texas/24-008749-003/2024(H5N1)	501	C	A	362	179	37	10	0	28	0.0268817	372	0.0515074	FALSE	PB1:cds-XAJ25424.1	CTC	L	CTA	L	167
PB1|PP755595.1|A/cattle/Texas/24-008749-003/2024(H5N1)	511	G	A	0	0	0	436	161	42	1	436	8.63206e-285	TRUE	PB1:cds-XAJ25424.1	GTG	V	ATG	M	171
PB1|PP755595.1|A/cattle/Texas/24-008749-003/2024(H5N1)	516	A	C	0	0	0	443	164	42	1	443	2.8971e-282	TRUE	PB1:cds-XAJ25424.1	GAA	E	GAC	D	172
PB1|PP755595.1|A/cattle/Texas/24-008749-003/2024(H5N1)	531	G	A	0	0	0	420	163	44	1	420	1.99812e-276	TRUE	PB1:cds-XAJ25424.1	GAG	E	GAA	E	177
PB1|PP755595.1|A/cattle/Texas/24-008749-003/2024(H5N1)	537	A	G	0	0	0	425	174	44	1	425	1.78537e-275	TRUE	PB1:cds-XAJ25424.1	ATA	I	ATG	M	179
PB1|PP755595.1|A/cattle/Texas/24-008749-003/2024(H5N1)	541	A	G	423	177	44	5	3	44	0.0116822	428	0.021171	FALSE	PB1:cds-XAJ25424.1	ATA	I	GTA	V	181
PB1|PP755595.1|A/cattle/Texas/24-008749-003/2024(H5N1)	549	G	A	2	0	40	414	171	44	0.992806	417	1.73008e-265	TRUE	PB1:cds-XAJ25424.1	ACG	T	ACA	T	183
PB1|PP755595.1|A/cattle/Texas/24-008749-003/2024(H5N1)	558	A	G	0	0	0	382	146	42	1	382	3.75783e-248	TRUE	PB1:cds-XAJ25424.1	CAA	Q	CAG	Q	186
PB1|PP755595.1|A/cattle/Texas/24-008749-003/2024(H5N1)	561	G	A	1	0	36	391	159	43	0.997449	392	4.12077e-249	TRUE	PB1:cds-XAJ25424.1	AGG	R	AGA	R	187
PB1|PP755595.1|A/cattle/Texas/24-008749-003/2024(H5N1)	564	A	G	1	0	35	389	152	43	0.994885	391	4.65911e-250	TRUE	PB1:cds-XAJ25424.1	AAA	K	AAG	K	188
PB1|PP755595.1|A/cattle/Texas/24-008749-003/2024(H5N1)	573	G	A	0	0	0	384	164	41	1	384	1.83655e-259	TRUE	PB1:cds-XAJ25424.1	GTG	V	GTA	V	191
PB1|PP755595.1|A/cattle/Texas/24-008749-003/2024(H5N1)	576	A	G	1	1	40	390	164	42	0.997442	391	1.61033e-262	TRUE	PB1:cds-XAJ25424.1	AGA	R	AGG	R	192
PB1|PP755595.1|A/cattle/Texas/24-008749-003/2024(H5N1)	587	C	A	335	203	37	5	0	24	0.0147059	340	0.311736	FALSE	PB1:cds-XAJ25424.1	ACC	T	AAC	N	196
PB1|PP755595.1|A/cattle/Texas/24-008749-003/2024(H5N1)	607	C	A	0	0	0	361	183	42	1	361	1.88405e-224	TRUE	PB1:cds-XAJ25424.1	CGG	R	AGG	R	203
PB1|PP755595.1|A/cattle/Texas/24-008749-003/2024(H5N1)	609	G	A	1	0	40	356	182	41	0.997199	357	2.62364e-220	TRUE	PB1:cds-XAJ25424.1	CGG	R	CGA	R	203
PB1|PP755595.1|A/cattle/Texas/24-008749-003/2024(H5N1)	612	G	A	0	0	0	358	183	41	1	358	3.24937e-223	TRUE	PB1:cds-XAJ25424.1	ACG	T	ACA	T	204
PB1|PP755595.1|A/cattle/Texas/24-008749-003/2024(H5N1)	620	A	G	0	0	0	385	206	42	1	385	2.0386e-243	TRUE	PB1:cds-XAJ25424.1	AAG	K	AGG	R	207
PB1|PP755595.1|A/cattle/Texas/24-008749-003/2024(H5N1)	633	G	A	0	0	0	352	198	43	1	352	1.2612e-224	TRUE	PB1:cds-XAJ25424.1	AGG	R	AGA	R	211
PB1|PP755595.1|A/cattle/Texas/24-008749-003/2024(H5N1)	634	T	C	0	0	0	344	200	41	0.997101	345	1.06184e-218	TRUE	PB1:cds-XAJ25424.1	TTA	L	CTA	L	212
PB1|PP755595.1|A/cattle/Texas/24-008749-003/2024(H5N1)	642	A	T	0	0	0	4	4	24	0.0128205	312	4.18049e-08	TRUE	PB1:cds-XAJ25424.1	AAA	K	AAT	N	214
PB1|PP755595.1|A/cattle/Texas/24-008749-003/2024(H5N1)	642	A	G	0	0	0	308	159	39	0.987179	312	3.97857e-203	TRUE	PB1:cds-XAJ25424.1	AAA	K	AAG	K	214
PB1|PP755595.1|A/cattle/Texas/24-008749-003/2024(H5N1)	651	T	C	0	0	0	241	142	40	1	241	8.68072e-151	TRUE	PB1:cds-XAJ25424.1	TAT	Y	TAC	Y	217
PB1|PP755595.1|A/cattle/Texas/24-008749-003/2024(H5N1)	652	C	T	0	0	0	247	142	41	1	247	1.08534e-152	TRUE	PB1:cds-XAJ25424.1	CTG	L	TTG	L	218
PB1|PP755595.1|A/cattle/Texas/24-008749-003/2024(H5N1)	654	G	A	0	0	0	245	142	41	1	245	4.63681e-152	TRUE	PB1:cds-XAJ25424.1	CTG	L	CTA	L	218
PB1|PP755595.1|A/cattle/Texas/24-008749-003/2024(H5N1)	657	A	T	0	0	0	248	141	41	1	248	5.26738e-153	TRUE	PB1:cds-XAJ25424.1	ATA	I	ATT	I	219
PB1|PP755595.1|A/cattle/Texas/24-008749-003/2024(H5N1)	664	T	C	0	0	0	301	171	41	1	301	3.52377e-185	TRUE	PB1:cds-XAJ25424.1	TTG	L	CTG	L	222
PB1|PP755595.1|A/cattle/Texas/24-008749-003/2024(H5N1)	675	C	T	0	0	0	327	184	41	1	327	7.88177e-205	TRUE	PB1:cds-XAJ25424.1	AAC	N	AAT	N	225
PB1|PP755595.1|A/cattle/Texas/24-008749-003/2024(H5N1)	690	C	T	0	0	0	340	192	42	1	340	2.40357e-214	TRUE	PB1:cds-XAJ25424.1	GAC	D	GAT	D	230
PB1|PP755595.1|A/cattle/Texas/24-008749-003/2024(H5N1)	693	C	T	0	0	0	339	194	42	1	339	8.96865e-212	TRUE	PB1:cds-XAJ25424.1	GCC	A	GCT	A	231
PB1|PP755595.1|A/cattle/Texas/24-008749-003/2024(H5N1)	708	A	G	0	0	0	347	197	40	1	347	3.70813e-217	TRUE	PB1:cds-XAJ25424.1	TTA	L	TTG	L	236
PB1|PP755595.1|A/cattle/Texas/24-008749-003/2024(H5N1)	711	G	T	313	159	37	4	4	24	0.0126183	317	0.394598	FALSE	PB1:cds-XAJ25424.1	AAG	K	AAT	N	237
PB1|PP755595.1|A/cattle/Texas/24-008749-003/2024(H5N1)	715	A	C	0	0	0	347	203	40	1	347	3.63687e-215	TRUE	PB1:cds-XAJ25424.1	AGG	R	CGG	R	239
PB1|PP755595.1|A/cattle/Texas/24-008749-003/2024(H5N1)	720	A	G	0	0	0	316	200	40	1	316	4.78517e-199	TRUE	PB1:cds-XAJ25424.1	GCA	A	GCG	A	240
PB1|PP755595.1|A/cattle/Texas/24-008749-003/2024(H5N1)	732	C	A	0	0	0	232	136	39	1	232	2.84144e-139	TRUE	PB1:cds-XAJ25424.1	CCC	P	CCA	P	244
PB1|PP755595.1|A/cattle/Texas/24-008749-003/2024(H5N1)	733	G	T	183	87	35	7	7	26	0.0368421	190	0.0474616	FALSE	PB1:cds-XAJ25424.1	GGA	G	TGA	*	245
PB1|PP755595.1|A/cattle/Texas/24-008749-003/2024(H5N1)	735	A	G	1	1	40	230	135	39	0.995671	231	5.25105e-136	TRUE	PB1:cds-XAJ25424.1	GGA	G	GGG	G	245
PB1|PP755595.1|A/cattle/Texas/24-008749-003/2024(H5N1)	740	A	C	228	133	39	3	3	29	0.012987	231	0.5	FALSE	PB1:cds-XAJ25424.1	CAA	Q	CCA	P	247
PB1|PP755595.1|A/cattle/Texas/24-008749-003/2024(H5N1)	741	A	G	0	0	0	230	136	39	1	230	4.52676e-138	TRUE	PB1:cds-XAJ25424.1	CAA	Q	CAG	Q	247
PB1|PP755595.1|A/cattle/Texas/24-008749-003/2024(H5N1)	744	C	T	0	0	0	227	132	39	1	227	3.66911e-137	TRUE	PB1:cds-XAJ25424.1	ATC	I	ATT	I	248
PB1|PP755595.1|A/cattle/Texas/24-008749-003/2024(H5N1)	750	G	A	1	1	40	309	181	39	0.996774	310	1.12113e-183	TRUE	PB1:cds-XAJ25424.1	GGG	G	GGA	G	250
PB1|PP755595.1|A/cattle/Texas/24-008749-003/2024(H5N1)	765	T	C	0	0	0	315	172	39	1	315	1.14065e-190	TRUE	PB1:cds-XAJ25424.1	GTT	V	GTC	V	255
PB1|PP755595.1|A/cattle/Texas/24-008749-003/2024(H5N1)	772	T	C	0	0	0	303	163	39	0.996711	304	1.46718e-182	TRUE	PB1:cds-XAJ25424.1	TTA	L	CTA	L	258
PB1|PP755595.1|A/cattle/Texas/24-008749-003/2024(H5N1)	774	A	G	0	0	0	295	155	38	1	295	4.09542e-180	TRUE	PB1:cds-XAJ25424.1	TTA	L	TTG	L	258
PB1|PP755595.1|A/cattle/Texas/24-008749-003/2024(H5N1)	792	G	A	1	1	64	321	177	39	0.996894	322	2.31415e-192	TRUE	PB1:cds-XAJ25424.1	GAG	E	GAA	E	264
PB1|PP755595.1|A/cattle/Texas/24-008749-003/2024(H5N1)	801	A	G	0	0	0	315	178	39	1	315	8.9131e-190	TRUE	PB1:cds-XAJ25424.1	GAA	E	GAG	E	267
PB1|PP755595.1|A/cattle/Texas/24-008749-003/2024(H5N1)	816	A	C	6	0	29	266	152	36	0.977941	272	2.29701e-163	TRUE	PB1:cds-XAJ25424.1	CCA	P	CCC	P	272
PB1|PP755595.1|A/cattle/Texas/24-008749-003/2024(H5N1)	825	C	G	0	0	0	282	137	40	1	282	3.64621e-177	TRUE	PB1:cds-XAJ25424.1	GGC	G	GGG	G	275
PB1|PP755595.1|A/cattle/Texas/24-008749-003/2024(H5N1)	831	A	G	0	0	0	289	135	40	1	289	4.12751e-179	TRUE	PB1:cds-XAJ25424.1	GAA	E	GAG	E	277
PB1|PP755595.1|A/cattle/Texas/24-008749-003/2024(H5N1)	840	C	T	0	0	0	279	133	40	1	279	8.32101e-173	TRUE	PB1:cds-XAJ25424.1	GCC	A	GCT	A	280
PB1|PP755595.1|A/cattle/Texas/24-008749-003/2024(H5N1)	844	C	T	1	0	40	285	137	41	0.996503	286	1.13013e-173	TRUE	PB1:cds-XAJ25424.1	CTA	L	TTA	L	282
PB1|PP755595.1|A/cattle/Texas/24-008749-003/2024(H5N1)	846	A	G	0	0	0	283	133	40	1	283	2.35169e-176	TRUE	PB1:cds-XAJ25424.1	CTA	L	CTG	L	282
PB1|PP755595.1|A/cattle/Texas/24-008749-003/2024(H5N1)	855	T	C	0	0	0	309	157	41	0.996774	310	3.19502e-199	TRUE	PB1:cds-XAJ25424.1	GTT	V	GTC	V	285
PB1|PP755595.1|A/cattle/Texas/24-008749-003/2024(H5N1)	864	G	A	0	0	0	320	171	43	1	320	3.91975e-206	TRUE	PB1:cds-XAJ25424.1	AAG	K	AAA	K	288
PB1|PP755595.1|A/cattle/Texas/24-008749-003/2024(H5N1)	876	T	C	0	0	0	316	187	43	1	316	2.51473e-199	TRUE	PB1:cds-XAJ25424.1	AAT	N	AAC	N	292
PB1|PP755595.1|A/cattle/Texas/24-008749-003/2024(H5N1)	879	G	A	0	0	0	316	194	44	1	316	2.5069e-211	TRUE	PB1:cds-XAJ25424.1	TCG	S	TCA	S	293
PB1|PP755595.1|A/cattle/Texas/24-008749-003/2024(H5N1)	885	C	T	0	0	0	365	218	45	1	365	1.23687e-244	TRUE	PB1:cds-XAJ25424.1	GAC	D	GAT	D	295
PB1|PP755595.1|A/cattle/Texas/24-008749-003/2024(H5N1)	897	T	C	0	0	0	370	198	42	0.997305	371	6.07997e-238	TRUE	PB1:cds-XAJ25424.1	TCT	S	TCC	S	299
PB1|PP755595.1|A/cattle/Texas/24-008749-003/2024(H5N1)	906	C	T	0	0	0	347	172	43	1	347	7.64761e-219	TRUE	PB1:cds-XAJ25424.1	ATC	I	ATT	I	302
PB1|PP755595.1|A/cattle/Texas/24-008749-003/2024(H5N1)	909	G	T	0	0	0	345	172	43	1	345	1.40394e-219	TRUE	PB1:cds-XAJ25424.1	ACG	T	ACT	T	303
PB1|PP755595.1|A/cattle/Texas/24-008749-003/2024(H5N1)	915	C	T	2	0	38	374	176	42	0.994681	376	2.02997e-234	TRUE	PB1:cds-XAJ25424.1	GAC	D	GAT	D	305
PB1|PP755595.1|A/cattle/Texas/24-008749-003/2024(H5N1)	921	T	C	0	0	0	412	205	42	1	412	1.2288e-261	TRUE	PB1:cds-XAJ25424.1	ACT	T	ACC	T	307
PB1|PP755595.1|A/cattle/Texas/24-008749-003/2024(H5N1)	936	C	T	0	0	0	417	206	43	0.997608	418	1.53396e-263	TRUE	PB1:cds-XAJ25424.1	AAC	N	AAT	N	312
PB1|PP755595.1|A/cattle/Texas/24-008749-003/2024(H5N1)	939	G	A	6	5	46	406	201	43	0.985437	412	7.758e-250	TRUE	PB1:cds-XAJ25424.1	CAG	Q	CAA	Q	313
PB1|PP755595.1|A/cattle/Texas/24-008749-003/2024(H5N1)	946	A	C	1	0	24	417	212	42	0.995227	419	2.75267e-268	TRUE	PB1:cds-XAJ25424.1	AGG	R	CGG	R	316
PB1|PP755595.1|A/cattle/Texas/24-008749-003/2024(H5N1)	972	T	C	0	0	0	397	206	41	1	397	9.21183e-252	TRUE	PB1:cds-XAJ25424.1	TAT	Y	TAC	Y	324
PB1|PP755595.1|A/cattle/Texas/24-008749-003/2024(H5N1)	975	A	T	0	0	0	392	200	41	1	392	1.5339e-244	TRUE	PB1:cds-XAJ25424.1	ATA	I	ATT	I	325
PB1|PP755595.1|A/cattle/Texas/24-008749-003/2024(H5N1)	981	G	A	0	0	0	408	197	41	1	408	1.32215e-253	TRUE	PB1:cds-XAJ25424.1	AGG	R	AGA	R	327
PB1|PP755595.1|A/cattle/Texas/24-008749-003/2024(H5N1)	999	C	T	0	0	0	380	171	38	1	380	2.58393e-237	TRUE	PB1:cds-XAJ25424.1	TTC	F	TTT	F	333
PB1|PP755595.1|A/cattle/Texas/24-008749-003/2024(H5N1)	1002	G	A	0	0	0	363	158	41	1	363	5.51594e-231	TRUE	PB1:cds-XAJ25424.1	AGG	R	AGA	R	334
PB1|PP755595.1|A/cattle/Texas/24-008749-003/2024(H5N1)	1008	A	C	0	0	0	402	161	40	1	402	1.07896e-247	TRUE	PB1:cds-XAJ25424.1	GTA	V	GTC	V	336
PB1|PP755595.1|A/cattle/Texas/24-008749-003/2024(H5N1)	1014	C	T	0	0	0	401	146	41	1	401	1.57836e-250	TRUE	PB1:cds-XAJ25424.1	AGC	S	AGT	S	338
PB1|PP755595.1|A/cattle/Texas/24-008749-003/2024(H5N1)	1020	A	C	0	0	0	396	132	39	1	396	2.30082e-248	TRUE	PB1:cds-XAJ25424.1	GCA	A	GCC	A	340
PB1|PP755595.1|A/cattle/Texas/24-008749-003/2024(H5N1)	1035	A	G	0	0	0	342	88	39	1	342	2.898e-209	TRUE	PB1:cds-XAJ25424.1	TCA	S	TCG	S	345
PB1|PP755595.1|A/cattle/Texas/24-008749-003/2024(H5N1)	1047	A	G	0	0	0	319	87	40	1	319	5.81322e-194	TRUE	PB1:cds-XAJ25424.1	GCA	A	GCG	A	349
PB1|PP755595.1|A/cattle/Texas/24-008749-003/2024(H5N1)	1051	C	T	0	0	0	309	85	38	1	309	1.43003e-190	TRUE	PB1:cds-XAJ25424.1	CTA	L	TTA	L	351
PB1|PP755595.1|A/cattle/Texas/24-008749-003/2024(H5N1)	1053	A	G	0	0	0	314	87	39	1	314	5.91238e-191	TRUE	PB1:cds-XAJ25424.1	CTA	L	CTG	L	351
PB1|PP755595.1|A/cattle/Texas/24-008749-003/2024(H5N1)	1062	A	G	0	0	0	334	110	40	1	334	3.59367e-210	TRUE	PB1:cds-XAJ25424.1	GGA	G	GGG	G	354
PB1|PP755595.1|A/cattle/Texas/24-008749-003/2024(H5N1)	1071	C	T	0	0	0	342	99	39	1	342	5.68203e-209	TRUE	PB1:cds-XAJ25424.1	TTC	F	TTT	F	357
PB1|PP755595.1|A/cattle/Texas/24-008749-003/2024(H5N1)	1090	C	T	0	0	0	344	93	39	1	344	4.73959e-211	TRUE	PB1:cds-XAJ25424.1	CTT	L	TTT	F	364
PB1|PP755595.1|A/cattle/Texas/24-008749-003/2024(H5N1)	1092	T	A	0	0	0	344	95	39	1	344	8.17746e-208	TRUE	PB1:cds-XAJ25424.1	CTT	L	CTA	L	364
PB1|PP755595.1|A/cattle/Texas/24-008749-003/2024(H5N1)	1095	A	G	0	0	0	347	96	39	1	347	2.15466e-211	TRUE	PB1:cds-XAJ25424.1	CGA	R	CGG	R	365
PB1|PP755595.1|A/cattle/Texas/24-008749-003/2024(H5N1)	1107	G	T	0	0	0	401	147	41	0.995037	403	4.18885e-256	TRUE	PB1:cds-XAJ25424.1	CCG	P	CCT	P	369
PB1|PP755595.1|A/cattle/Texas/24-008749-003/2024(H5N1)	1119	A	T	0	0	0	371	168	41	1	371	2.8302e-238	TRUE	PB1:cds-XAJ25424.1	CTA	L	CTT	L	373
PB1|PP755595.1|A/cattle/Texas/24-008749-003/2024(H5N1)	1122	G	A	0	0	0	385	183	42	1	385	7.36387e-243	TRUE	PB1:cds-XAJ25424.1	GCG	A	GCA	A	374
PB1|PP755595.1|A/cattle/Texas/24-008749-003/2024(H5N1)	1124	G	A	0	0	0	386	182	42	1	386	3.50056e-243	TRUE	PB1:cds-XAJ25424.1	AGC	S	AAC	N	375
PB1|PP755595.1|A/cattle/Texas/24-008749-003/2024(H5N1)	1132	C	T	0	0	0	388	179	43	1	388	1.03066e-247	TRUE	PB1:cds-XAJ25424.1	CTG	L	TTG	L	378
PB1|PP755595.1|A/cattle/Texas/24-008749-003/2024(H5N1)	1134	G	A	0	0	0	393	186	43	1	393	2.37676e-249	TRUE	PB1:cds-XAJ25424.1	CTG	L	CTA	L	378
PB1|PP755595.1|A/cattle/Texas/24-008749-003/2024(H5N1)	1149	G	A	0	0	0	390	200	43	1	390	5.15719e-250	TRUE	PB1:cds-XAJ25424.1	GAG	E	GAA	E	383
PB1|PP755595.1|A/cattle/Texas/24-008749-003/2024(H5N1)	1158	G	A	0	0	0	385	219	41	1	385	2.69498e-251	TRUE	PB1:cds-XAJ25424.1	AGG	R	AGA	R	386
PB1|PP755595.1|A/cattle/Texas/24-008749-003/2024(H5N1)	1167	A	C	0	0	0	347	225	41	1	347	1.01183e-217	TRUE	PB1:cds-XAJ25424.1	ATA	I	ATC	I	389
PB1|PP755595.1|A/cattle/Texas/24-008749-003/2024(H5N1)	1170	G	A	0	0	0	350	230	41	1	350	1.11019e-218	TRUE	PB1:cds-XAJ25424.1	GAG	E	GAA	E	390
PB1|PP755595.1|A/cattle/Texas/24-008749-003/2024(H5N1)	1173	G	A	0	0	0	346	225	41	1	346	3.50207e-220	TRUE	PB1:cds-XAJ25424.1	AAG	K	AAA	K	391
PB1|PP755595.1|A/cattle/Texas/24-008749-003/2024(H5N1)	1179	A	G	0	0	0	366	242	41	0.997275	367	3.05629e-232	TRUE	PB1:cds-XAJ25424.1	AGA	R	AGG	R	393
PB1|PP755595.1|A/cattle/Texas/24-008749-003/2024(H5N1)	1185	T	A	0	0	0	385	266	42	1	385	3.16861e-255	TRUE	PB1:cds-XAJ25424.1	CTT	L	CTA	L	395
PB1|PP755595.1|A/cattle/Texas/24-008749-003/2024(H5N1)	1197	T	C	0	0	0	400	253	43	1	400	5.14379e-253	TRUE	PB1:cds-XAJ25424.1	GGT	G	GGC	G	399
PB1|PP755595.1|A/cattle/Texas/24-008749-003/2024(H5N1)	1200	G	T	0	0	0	398	251	43	1	398	2.29852e-252	TRUE	PB1:cds-XAJ25424.1	ACG	T	ACT	T	400
PB1|PP755595.1|A/cattle/Texas/24-008749-003/2024(H5N1)	1209	A	G	2	1	80	413	269	42	0.995181	415	3.09943e-254	TRUE	PB1:cds-XAJ25424.1	TTA	L	TTG	L	403
PB1|PP755595.1|A/cattle/Texas/24-008749-003/2024(H5N1)	1212	C	T	2	1	60	412	265	42	0.995169	414	2.40514e-261	TRUE	PB1:cds-XAJ25424.1	AGC	S	AGT	S	404
PB1|PP755595.1|A/cattle/Texas/24-008749-003/2024(H5N1)	1239	C	T	0	0	0	466	275	41	1	466	9.49592e-295	TRUE	PB1:cds-XAJ25424.1	AAC	N	AAT	N	413
PB1|PP755595.1|A/cattle/Texas/24-008749-003/2024(H5N1)	1254	T	A	0	0	0	392	177	41	1	392	1.09711e-243	TRUE	PB1:cds-XAJ25424.1	GTT	V	GTA	V	418
PB1|PP755595.1|A/cattle/Texas/24-008749-003/2024(H5N1)	1255	C	T	1	0	40	389	175	42	0.997436	390	3.83225e-240	TRUE	PB1:cds-XAJ25424.1	CTG	L	TTG	L	419
PB1|PP755595.1|A/cattle/Texas/24-008749-003/2024(H5N1)	1257	G	A	0	0	0	393	180	42	1	393	3.07298e-248	TRUE	PB1:cds-XAJ25424.1	CTG	L	CTA	L	419
PB1|PP755595.1|A/cattle/Texas/24-008749-003/2024(H5N1)	1266	G	A	1	0	24	496	244	43	0.995984	498	1.82248e-313	TRUE	PB1:cds-XAJ25424.1	TCG	S	TCA	S	422
PB1|PP755595.1|A/cattle/Texas/24-008749-003/2024(H5N1)	1269	T	C	0	0	0	495	242	43	0.997984	496	0	TRUE	PB1:cds-XAJ25424.1	ATT	I	ATC	I	423
PB1|PP755595.1|A/cattle/Texas/24-008749-003/2024(H5N1)	1278	A	T	0	0	0	491	238	43	1	491	2.46492e-315	TRUE	PB1:cds-XAJ25424.1	CTA	L	CTT	L	426
PB1|PP755595.1|A/cattle/Texas/24-008749-003/2024(H5N1)	1302	A	C	0	0	0	499	252	44	1	499	0	TRUE	PB1:cds-XAJ25424.1	ACA	T	ACC	T	434
PB1|PP755595.1|A/cattle/Texas/24-008749-003/2024(H5N1)	1323	A	C	3	0	24	493	219	43	0.993952	496	3.28636e-312	TRUE	PB1:cds-XAJ25424.1	CTA	L	CTC	L	441
PB1|PP755595.1|A/cattle/Texas/24-008749-003/2024(H5N1)	1329	T	C	0	0	0	369	158	42	1	369	1.30802e-237	TRUE	PB1:cds-XAJ25424.1	TCT	S	TCC	S	443
PB1|PP755595.1|A/cattle/Texas/24-008749-003/2024(H5N1)	1332	T	C	0	0	0	355	158	40	1	355	6.94254e-226	TRUE	PB1:cds-XAJ25424.1	TCT	S	TCC	S	444
PB1|PP755595.1|A/cattle/Texas/24-008749-003/2024(H5N1)	1338	C	T	0	0	0	350	152	41	1	350	8.25444e-220	TRUE	PB1:cds-XAJ25424.1	GAC	D	GAT	D	446
PB1|PP755595.1|A/cattle/Texas/24-008749-003/2024(H5N1)	1341	T	C	0	0	0	347	155	39	1	347	5.05656e-216	TRUE	PB1:cds-XAJ25424.1	TTT	F	TTC	F	447
PB1|PP755595.1|A/cattle/Texas/24-008749-003/2024(H5N1)	1344	T	C	0	0	0	337	151	40	1	337	8.11949e-213	TRUE	PB1:cds-XAJ25424.1	GCT	A	GCC	A	448
PB1|PP755595.1|A/cattle/Texas/24-008749-003/2024(H5N1)	1350	C	A	0	0	0	349	155	41	1	349	1.17648e-216	TRUE	PB1:cds-XAJ25424.1	ATC	I	ATA	I	450
PB1|PP755595.1|A/cattle/Texas/24-008749-003/2024(H5N1)	1353	G	A	1	0	40	352	155	41	0.997167	353	2.43086e-215	TRUE	PB1:cds-XAJ25424.1	GTG	V	GTA	V	451
PB1|PP755595.1|A/cattle/Texas/24-008749-003/2024(H5N1)	1359	T	A	0	0	0	351	155	41	0.997159	352	2.75348e-217	TRUE	PB1:cds-XAJ25424.1	GCT	A	GCA	A	453
PB1|PP755595.1|A/cattle/Texas/24-008749-003/2024(H5N1)	1362	A	G	0	0	0	350	153	41	1	350	5.6874e-217	TRUE	PB1:cds-XAJ25424.1	CCA	P	CCG	P	454
PB1|PP755595.1|A/cattle/Texas/24-008749-003/2024(H5N1)	1363	A	G	0	0	0	351	155	41	1	351	1.07997e-220	TRUE	PB1:cds-XAJ25424.1	AAT	N	GAT	D	455
PB1|PP755595.1|A/cattle/Texas/24-008749-003/2024(H5N1)	1389	A	G	0	0	0	455	213	43	1	455	2.1437e-288	TRUE	PB1:cds-XAJ25424.1	GTA	V	GTG	V	463
PB1|PP755595.1|A/cattle/Texas/24-008749-003/2024(H5N1)	1392	C	T	2	0	32	444	207	42	0.995516	446	5.71641e-279	TRUE	PB1:cds-XAJ25424.1	GAC	D	GAT	D	464
PB1|PP755595.1|A/cattle/Texas/24-008749-003/2024(H5N1)	1395	A	G	1	0	40	455	216	43	0.997807	456	7.10161e-299	TRUE	PB1:cds-XAJ25424.1	AGA	R	AGG	R	465
PB1|PP755595.1|A/cattle/Texas/24-008749-003/2024(H5N1)	1404	A	G	0	0	0	502	208	40	1	502	3.31144e-312	TRUE	PB1:cds-XAJ25424.1	AGA	R	AGG	R	468
PB1|PP755595.1|A/cattle/Texas/24-008749-003/2024(H5N1)	1413	G	A	0	0	0	505	186	41	1	505	1.38903e-314	TRUE	PB1:cds-XAJ25424.1	AAG	K	AAA	K	471
PB1|PP755595.1|A/cattle/Texas/24-008749-003/2024(H5N1)	1419	A	C	1	0	40	501	184	40	0.996024	503	2.50931e-310	TRUE	PB1:cds-XAJ25424.1	GTA	V	GTC	V	473
PB1|PP755595.1|A/cattle/Texas/24-008749-003/2024(H5N1)	1422	A	G	0	0	0	513	186	41	1	513	0	TRUE	PB1:cds-XAJ25424.1	GGA	G	GGG	G	474
PB1|PP755595.1|A/cattle/Texas/24-008749-003/2024(H5N1)	1441	A	G	556	211	42	7	2	40	0.0124334	563	0.0054216	TRUE	PB1:cds-XAJ25424.1	AAG	K	GAG	E	481
PB1|PP755595.1|A/cattle/Texas/24-008749-003/2024(H5N1)	1446	A	T	0	0	0	571	215	41	0.99651	573	0	TRUE	PB1:cds-XAJ25424.1	TCA	S	TCT	S	482
PB1|PP755595.1|A/cattle/Texas/24-008749-003/2024(H5N1)	1456	A	C	0	0	0	575	217	42	1	575	0	TRUE	PB1:cds-XAJ25424.1	AGG	R	CGG	R	486
PB1|PP755595.1|A/cattle/Texas/24-008749-003/2024(H5N1)	1461	A	T	0	0	0	560	217	42	0.998217	561	0	TRUE	PB1:cds-XAJ25424.1	ACA	T	ACT	T	487
PB1|PP755595.1|A/cattle/Texas/24-008749-003/2024(H5N1)	1473	A	G	0	0	0	541	226	43	1	541	0	TRUE	PB1:cds-XAJ25424.1	GAA	E	GAG	E	491
PB1|PP755595.1|A/cattle/Texas/24-008749-003/2024(H5N1)	1482	T	C	0	0	0	547	243	43	1	547	0	TRUE	PB1:cds-XAJ25424.1	AGT	S	AGC	S	494
PB1|PP755595.1|A/cattle/Texas/24-008749-003/2024(H5N1)	1506	A	G	1	0	40	486	205	42	0.993865	489	1.59279e-315	TRUE	PB1:cds-XAJ25424.1	GTA	V	GTG	V	502
PB1|PP755595.1|A/cattle/Texas/24-008749-003/2024(H5N1)	1509	C	T	1	0	40	505	219	43	0.998024	506	0	TRUE	PB1:cds-XAJ25424.1	GCC	A	GCT	A	503
PB1|PP755595.1|A/cattle/Texas/24-008749-003/2024(H5N1)	1512	T	C	0	0	0	507	223	43	1	507	0	TRUE	PB1:cds-XAJ25424.1	AAT	N	AAC	N	504
PB1|PP755595.1|A/cattle/Texas/24-008749-003/2024(H5N1)	1518	C	T	2	2	40	537	228	44	0.996289	539	0	TRUE	PB1:cds-XAJ25424.1	AGC	S	AGT	S	506
PB1|PP755595.1|A/cattle/Texas/24-008749-003/2024(H5N1)	1525	T	C	0	0	0	582	245	44	1	582	0	TRUE	PB1:cds-XAJ25424.1	TTG	L	CTG	L	509
PB1|PP755595.1|A/cattle/Texas/24-008749-003/2024(H5N1)	1560	T	A	0	0	0	529	295	42	1	529	0	TRUE	PB1:cds-XAJ25424.1	TCT	S	TCA	S	520
PB1|PP755595.1|A/cattle/Texas/24-008749-003/2024(H5N1)	1563	A	T	0	0	0	527	287	42	1	527	0	TRUE	PB1:cds-XAJ25424.1	GCA	A	GCT	A	521
PB1|PP755595.1|A/cattle/Texas/24-008749-003/2024(H5N1)	1578	A	C	0	0	0	495	271	42	1	495	2.40585e-313	TRUE	PB1:cds-XAJ25424.1	GGA	G	GGC	G	526
PB1|PP755595.1|A/cattle/Texas/24-008749-003/2024(H5N1)	1581	A	C	0	0	0	493	271	42	1	493	2.43782e-309	TRUE	PB1:cds-XAJ25424.1	GTA	V	GTC	V	527
PB1|PP755595.1|A/cattle/Texas/24-008749-003/2024(H5N1)	1583	C	A	485	276	39	5	0	33	0.0102041	490	0.0216843	FALSE	PB1:cds-XAJ25424.1	ACA	T	AAA	K	528
PB1|PP755595.1|A/cattle/Texas/24-008749-003/2024(H5N1)	1605	C	A	0	0	0	504	305	43	1	504	0	TRUE	PB1:cds-XAJ25424.1	ATC	I	ATA	I	535
PB1|PP755595.1|A/cattle/Texas/24-008749-003/2024(H5N1)	1614	T	C	0	0	0	463	294	41	1	463	1.19482e-301	TRUE	PB1:cds-XAJ25424.1	GAT	D	GAC	D	538
PB1|PP755595.1|A/cattle/Texas/24-008749-003/2024(H5N1)	1632	C	T	2	1	32	477	297	43	0.995825	479	1.83765e-300	TRUE	PB1:cds-XAJ25424.1	GCC	A	GCT	A	544
PB1|PP755595.1|A/cattle/Texas/24-008749-003/2024(H5N1)	1641	T	C	0	0	0	387	257	41	0.994859	389	1.16879e-255	TRUE	PB1:cds-XAJ25424.1	GCT	A	GCC	A	547
PB1|PP755595.1|A/cattle/Texas/24-008749-003/2024(H5N1)	1644	A	T	0	0	0	408	250	42	1	408	1.67979e-259	TRUE	PB1:cds-XAJ25424.1	CTA	L	CTT	L	548
PB1|PP755595.1|A/cattle/Texas/24-008749-003/2024(H5N1)	1645	C	A	382	256	40	4	0	28	0.0103627	386	0.539169	FALSE	PB1:cds-XAJ25424.1	CAG	Q	AAG	K	549
PB1|PP755595.1|A/cattle/Texas/24-008749-003/2024(H5N1)	1647	G	A	0	0	0	414	258	42	1	414	2.46804e-260	TRUE	PB1:cds-XAJ25424.1	CAG	Q	CAA	Q	549
PB1|PP755595.1|A/cattle/Texas/24-008749-003/2024(H5N1)	1654	A	G	438	283	43	7	4	45	0.0157303	445	0.00500697	TRUE	PB1:cds-XAJ25424.1	ATC	I	GTC	V	552
PB1|PP755595.1|A/cattle/Texas/24-008749-003/2024(H5N1)	1659	G	A	0	0	0	435	283	43	1	435	2.45806e-276	TRUE	PB1:cds-XAJ25424.1	AAG	K	AAA	K	553
PB1|PP755595.1|A/cattle/Texas/24-008749-003/2024(H5N1)	1668	A	G	0	0	0	369	270	42	0.997297	370	5.00091e-240	TRUE	PB1:cds-XAJ25424.1	AGA	R	AGG	R	556
PB1|PP755595.1|A/cattle/Texas/24-008749-003/2024(H5N1)	1674	A	G	0	0	0	344	254	40	1	344	2.58467e-217	TRUE	PB1:cds-XAJ25424.1	ACA	T	ACG	T	558
PB1|PP755595.1|A/cattle/Texas/24-008749-003/2024(H5N1)	1677	T	C	0	0	0	343	257	41	1	343	6.76072e-212	TRUE	PB1:cds-XAJ25424.1	TAT	Y	TAC	Y	559
PB1|PP755595.1|A/cattle/Texas/24-008749-003/2024(H5N1)	1683	T	C	0	0	0	374	307	41	1	374	1.49101e-230	TRUE	PB1:cds-XAJ25424.1	TGT	C	TGC	C	561
PB1|PP755595.1|A/cattle/Texas/24-008749-003/2024(H5N1)	1692	A	T	0	0	0	346	278	41	1	346	7.52529e-215	TRUE	PB1:cds-XAJ25424.1	GGA	G	GGT	G	564
PB1|PP755595.1|A/cattle/Texas/24-008749-003/2024(H5N1)	1710	A	T	0	0	0	4	4	32	0.0140351	285	1.13303e-09	TRUE	PB1:cds-XAJ25424.1	ACA	T	ACT	T	570
PB1|PP755595.1|A/cattle/Texas/24-008749-003/2024(H5N1)	1710	A	G	0	0	0	281	223	36	0.985965	285	9.88324e-195	TRUE	PB1:cds-XAJ25424.1	ACA	T	ACG	T	570
PB1|PP755595.1|A/cattle/Texas/24-008749-003/2024(H5N1)	1713	G	T	247	190	33	8	8	26	0.0313725	255	0.0301053	FALSE	PB1:cds-XAJ25424.1	AGG	R	AGT	S	571
PB1|PP755595.1|A/cattle/Texas/24-008749-003/2024(H5N1)	1716	G	A	3	2	53	341	292	40	0.991279	344	1.39318e-205	TRUE	PB1:cds-XAJ25424.1	AGG	R	AGA	R	572
PB1|PP755595.1|A/cattle/Texas/24-008749-003/2024(H5N1)	1731	A	G	0	0	0	239	210	36	1	239	9.8174e-149	TRUE	PB1:cds-XAJ25424.1	AAA	K	AAG	K	577
PB1|PP755595.1|A/cattle/Texas/24-008749-003/2024(H5N1)	1732	A	G	239	211	39	8	7	40	0.0323887	247	0.00313792	TRUE	PB1:cds-XAJ25424.1	AAG	K	GAG	E	578
PB1|PP755595.1|A/cattle/Texas/24-008749-003/2024(H5N1)	1735	T	C	0	0	0	238	217	39	1	238	1.77483e-143	TRUE	PB1:cds-XAJ25424.1	TTA	L	CTA	L	579
PB1|PP755595.1|A/cattle/Texas/24-008749-003/2024(H5N1)	1737	A	G	0	0	0	233	212	39	1	233	9.07024e-141	TRUE	PB1:cds-XAJ25424.1	TTA	L	TTG	L	579
PB1|PP755595.1|A/cattle/Texas/24-008749-003/2024(H5N1)	1746	A	G	1	1	24	266	240	39	0.996255	267	2.75142e-157	TRUE	PB1:cds-XAJ25424.1	CAA	Q	CAG	Q	582
PB1|PP755595.1|A/cattle/Texas/24-008749-003/2024(H5N1)	1752	C	T	6	6	40	255	229	39	0.977011	261	9.92231e-145	TRUE	PB1:cds-XAJ25424.1	CGC	R	CGT	R	584
PB1|PP755595.1|A/cattle/Texas/24-008749-003/2024(H5N1)	1758	A	G	0	0	0	199	173	38	0.995	200	3.24426e-121	TRUE	PB1:cds-XAJ25424.1	AAA	K	AAG	K	586
PB1|PP755595.1|A/cattle/Texas/24-008749-003/2024(H5N1)	1759	C	G	0	0	0	206	180	39	1	206	2.40666e-123	TRUE	PB1:cds-XAJ25424.1	CCA	P	GCA	A	587
PB1|PP755595.1|A/cattle/Texas/24-008749-003/2024(H5N1)	1768	C	T	0	0	0	233	188	39	1	233	3.57461e-140	TRUE	PB1:cds-XAJ25424.1	CTG	L	TTG	L	590
PB1|PP755595.1|A/cattle/Texas/24-008749-003/2024(H5N1)	1773	C	G	0	0	0	234	189	38	1	234	8.95542e-141	TRUE	PB1:cds-XAJ25424.1	GTC	V	GTG	V	591
PB1|PP755595.1|A/cattle/Texas/24-008749-003/2024(H5N1)	1785	G	A	1	0	40	218	166	39	0.995434	219	8.13447e-129	TRUE	PB1:cds-XAJ25424.1	GGG	G	GGA	G	595
PB1|PP755595.1|A/cattle/Texas/24-008749-003/2024(H5N1)	1800	T	C	0	0	0	2	0	40	1	2	0.166667	FALSE	PB1:cds-XAJ25424.1	AAT	N	AAC	N	600
PB1|PP755595.1|A/cattle/Texas/24-008749-003/2024(H5N1)	1803	C	T	0	0	0	3	1	34	1	3	0.1	FALSE	PB1:cds-XAJ25424.1	ATC	I	ATT	I	601
PB1|PP755595.1|A/cattle/Texas/24-008749-003/2024(H5N1)	1806	A	G	0	0	0	2	1	40	1	2	0.166667	FALSE	PB1:cds-XAJ25424.1	CGA	R	CGG	R	602
PB1|PP755595.1|A/cattle/Texas/24-008749-003/2024(H5N1)	1815	C	T	0	0	0	2	0	32	1	2	0.333333	FALSE	PB1:cds-XAJ25424.1	CAC	H	CAT	H	605
PB1|PP755595.1|A/cattle/Texas/24-008749-003/2024(H5N1)	1818	T	C	0	0	0	2	0	40	1	2	0.333333	FALSE	PB1:cds-XAJ25424.1	ATT	I	ATC	I	606
PB1|PP755595.1|A/cattle/Texas/24-008749-003/2024(H5N1)	1821	G	A	0	0	0	2	0	40	1	2	0.333333	FALSE	PB1:cds-XAJ25424.1	CCG	P	CCA	P	607
PB1|PP755595.1|A/cattle/Texas/24-008749-003/2024(H5N1)	1824	A	G	0	0	0	2	0	40	1	2	0.333333	FALSE	PB1:cds-XAJ25424.1	GAA	E	GAG	E	608
PB1|PP755595.1|A/cattle/Texas/24-008749-003/2024(H5N1)	1831	T	C	0	0	0	2	0	32	1	2	0.333333	FALSE	PB1:cds-XAJ25424.1	TTA	L	CTA	L	611
PB1|PP755595.1|A/cattle/Texas/24-008749-003/2024(H5N1)	1833	A	G	0	0	0	2	0	40	1	2	0.333333	FALSE	PB1:cds-XAJ25424.1	TTA	L	TTG	L	611
PB1|PP755595.1|A/cattle/Texas/24-008749-003/2024(H5N1)	1836	A	G	0	0	0	2	0	40	1	2	0.333333	FALSE	PB1:cds-XAJ25424.1	AAA	K	AAG	K	612
PB1|PP755595.1|A/cattle/Texas/24-008749-003/2024(H5N1)	1842	G	T	0	0	0	2	0	40	1	2	0.333333	FALSE	PB1:cds-XAJ25424.1	GAG	E	GAT	D	614
PB1|PP755595.1|A/cattle/Texas/24-008749-003/2024(H5N1)	1845	A	G	0	0	0	2	0	40	1	2	0.333333	FALSE	PB1:cds-XAJ25424.1	CTA	L	CTG	L	615
PB1|PP755595.1|A/cattle/Texas/24-008749-003/2024(H5N1)	1857	C	T	0	0	0	2	0	40	1	2	0.333333	FALSE	PB1:cds-XAJ25424.1	GAC	D	GAT	D	619
PB1|PP755595.1|A/cattle/Texas/24-008749-003/2024(H5N1)	1860	T	C	0	0	0	1	0	24	1	1	0.5	FALSE	PB1:cds-XAJ25424.1	TAT	Y	TAC	Y	620
PB1|PP755595.1|A/cattle/Texas/24-008749-003/2024(H5N1)	1866	A	C	0	0	0	2	0	40	1	2	0.333333	FALSE	PB1:cds-XAJ25424.1	GGA	G	GGC	G	622
PB1|PP755595.1|A/cattle/Texas/24-008749-003/2024(H5N1)	1870	C	T	0	0	0	2	0	32	1	2	0.333333	FALSE	PB1:cds-XAJ25424.1	CTT	L	TTT	F	624
PB1|PP755595.1|A/cattle/Texas/24-008749-003/2024(H5N1)	1872	T	G	0	0	0	2	0	32	1	2	0.333333	FALSE	PB1:cds-XAJ25424.1	CTT	L	CTG	L	624
PB1|PP755595.1|A/cattle/Texas/24-008749-003/2024(H5N1)	1881	C	T	0	0	0	2	0	40	1	2	0.333333	FALSE	PB1:cds-XAJ25424.1	CCC	P	CCT	P	627
PB1|PP755595.1|A/cattle/Texas/24-008749-003/2024(H5N1)	1882	C	T	0	0	0	2	0	40	1	2	0.333333	FALSE	PB1:cds-XAJ25424.1	CTG	L	TTG	L	628
PB1|PP755595.1|A/cattle/Texas/24-008749-003/2024(H5N1)	1887	T	C	0	0	0	2	0	40	1	2	0.333333	FALSE	PB1:cds-XAJ25424.1	AAT	N	AAC	N	629
PB1|PP755595.1|A/cattle/Texas/24-008749-003/2024(H5N1)	1890	G	A	0	0	0	2	0	40	1	2	0.333333	FALSE	PB1:cds-XAJ25424.1	CCG	P	CCA	P	630
PB1|PP755595.1|A/cattle/Texas/24-008749-003/2024(H5N1)	1896	A	C	1	0	24	175	46	37	0.994318	176	5.8694e-104	TRUE	PB1:cds-XAJ25424.1	GTA	V	GTC	V	632
PB1|PP755595.1|A/cattle/Texas/24-008749-003/2024(H5N1)	1902	C	T	0	0	0	183	46	38	1	183	3.19263e-109	TRUE	PB1:cds-XAJ25424.1	CAC	H	CAT	H	634
PB1|PP755595.1|A/cattle/Texas/24-008749-003/2024(H5N1)	1911	A	T	0	0	0	194	46	39	1	194	9.87174e-117	TRUE	PB1:cds-XAJ25424.1	ATA	I	ATT	I	637
PB1|PP755595.1|A/cattle/Texas/24-008749-003/2024(H5N1)	1917	T	C	0	0	0	193	47	39	1	193	3.93868e-116	TRUE	PB1:cds-XAJ25424.1	TCT	S	TCC	S	639
PB1|PP755595.1|A/cattle/Texas/24-008749-003/2024(H5N1)	1920	G	A	0	0	0	191	47	38	1	191	1.59601e-115	TRUE	PB1:cds-XAJ25424.1	GTG	V	GTA	V	640
PB1|PP755595.1|A/cattle/Texas/24-008749-003/2024(H5N1)	1929	T	G	0	0	0	229	52	39	1	229	3.60572e-137	TRUE	PB1:cds-XAJ25424.1	GCT	A	GCG	A	643
PB1|PP755595.1|A/cattle/Texas/24-008749-003/2024(H5N1)	1944	T	C	0	0	0	183	35	37	1	183	1.34421e-111	TRUE	PB1:cds-XAJ25424.1	GCT	A	GCC	A	648
PB1|PP755595.1|A/cattle/Texas/24-008749-003/2024(H5N1)	1947	T	C	0	0	0	189	35	39	1	189	1.9855e-113	TRUE	PB1:cds-XAJ25424.1	CAT	H	CAC	H	649
PB1|PP755595.1|A/cattle/Texas/24-008749-003/2024(H5N1)	1950	C	T	0	0	0	189	34	39	1	189	1.9855e-113	TRUE	PB1:cds-XAJ25424.1	GGC	G	GGT	G	650
PB1|PP755595.1|A/cattle/Texas/24-008749-003/2024(H5N1)	1956	T	C	0	0	0	189	36	37	1	189	1.9855e-113	TRUE	PB1:cds-XAJ25424.1	GCT	A	GCC	A	652
PB1|PP755595.1|A/cattle/Texas/24-008749-003/2024(H5N1)	1959	G	A	0	0	0	191	36	39	1	191	4.97677e-114	TRUE	PB1:cds-XAJ25424.1	AAG	K	AAA	K	653
PB1|PP755595.1|A/cattle/Texas/24-008749-003/2024(H5N1)	1962	T	C	0	0	0	191	36	39	1	191	2.48838e-114	TRUE	PB1:cds-XAJ25424.1	AGT	S	AGC	S	654
PB1|PP755595.1|A/cattle/Texas/24-008749-003/2024(H5N1)	1977	T	C	0	0	0	224	34	38	1	224	7.86962e-137	TRUE	PB1:cds-XAJ25424.1	GCT	A	GCC	A	659
PB1|PP755595.1|A/cattle/Texas/24-008749-003/2024(H5N1)	1983	C	A	1	0	40	129	12	39	0.992308	130	1.43033e-75	TRUE	PB1:cds-XAJ25424.1	GCC	A	GCA	A	661
PB1|PP755595.1|A/cattle/Texas/24-008749-003/2024(H5N1)	1986	C	T	0	0	0	130	12	39	1	130	1.09186e-77	TRUE	PB1:cds-XAJ25424.1	ACC	T	ACT	T	662
PB1|PP755595.1|A/cattle/Texas/24-008749-003/2024(H5N1)	1989	T	A	0	0	0	128	11	39	1	128	4.38435e-77	TRUE	PB1:cds-XAJ25424.1	ACT	T	ACA	T	663
PB1|PP755595.1|A/cattle/Texas/24-008749-003/2024(H5N1)	1995	C	A	1	0	24	130	12	39	0.992366	131	3.61693e-76	TRUE	PB1:cds-XAJ25424.1	TCC	S	TCA	S	665
PB1|PP755595.1|A/cattle/Texas/24-008749-003/2024(H5N1)	2001	C	T	2	0	40	136	18	39	0.985507	138	4.34235e-79	TRUE	PB1:cds-XAJ25424.1	ATC	I	ATT	I	667
PB1|PP755595.1|A/cattle/Texas/24-008749-003/2024(H5N1)	2007	G	A	0	0	0	143	20	39	1	143	1.70625e-85	TRUE	PB1:cds-XAJ25424.1	AAG	K	AAA	K	669
PB1|PP755595.1|A/cattle/Texas/24-008749-003/2024(H5N1)	2013	C	T	0	0	0	141	20	40	1	141	2.71088e-84	TRUE	PB1:cds-XAJ25424.1	AAC	N	AAT	N	671
PB1|PP755595.1|A/cattle/Texas/24-008749-003/2024(H5N1)	2016	C	T	0	0	0	140	20	39	1	140	2.73011e-84	TRUE	PB1:cds-XAJ25424.1	CGC	R	CGT	R	672
PB1|PP755595.1|A/cattle/Texas/24-008749-003/2024(H5N1)	2019	T	C	0	0	0	139	21	38	1	139	5.49922e-84	TRUE	PB1:cds-XAJ25424.1	TCT	S	TCC	S	673
PB1|PP755595.1|A/cattle/Texas/24-008749-003/2024(H5N1)	2025	T	C	0	0	0	163	27	37	1	163	5.09283e-101	TRUE	PB1:cds-XAJ25424.1	CTT	L	CTC	L	675
PB1|PP755595.1|A/cattle/Texas/24-008749-003/2024(H5N1)	2031	A	T	0	0	0	178	28	40	1	178	2.66927e-108	TRUE	PB1:cds-XAJ25424.1	ACA	T	ACT	T	677
PB1|PP755595.1|A/cattle/Texas/24-008749-003/2024(H5N1)	2034	C	T	0	0	0	185	28	40	1	185	1.63838e-116	TRUE	PB1:cds-XAJ25424.1	AGC	S	AGT	S	678
PB1|PP755595.1|A/cattle/Texas/24-008749-003/2024(H5N1)	2046	C	T	1	0	40	336	133	45	0.997033	337	1.29108e-214	TRUE	PB1:cds-XAJ25424.1	ATC	I	ATT	I	682
PB1|PP755595.1|A/cattle/Texas/24-008749-003/2024(H5N1)	2052	A	G	0	0	0	332	137	45	1	332	5.16431e-212	TRUE	PB1:cds-XAJ25424.1	GAA	E	GAG	E	684
PB1|PP755595.1|A/cattle/Texas/24-008749-003/2024(H5N1)	2055	C	T	2	2	40	328	133	45	0.993939	330	2.62217e-207	TRUE	PB1:cds-XAJ25424.1	GAC	D	GAT	D	685
PB1|PP755595.1|A/cattle/Texas/24-008749-003/2024(H5N1)	2067	T	C	0	0	0	285	139	42	1	285	3.98504e-178	TRUE	PB1:cds-XAJ25424.1	TAT	Y	TAC	Y	689
PB1|PP755595.1|A/cattle/Texas/24-008749-003/2024(H5N1)	2069	A	G	0	0	0	285	137	42	1	285	3.98504e-178	TRUE	PB1:cds-XAJ25424.1	CAA	Q	CGA	R	690
PB1|PP755595.1|A/cattle/Texas/24-008749-003/2024(H5N1)	2070	A	G	0	0	0	271	123	40	0.996324	272	1.41197e-173	TRUE	PB1:cds-XAJ25424.1	CAA	Q	CAG	Q	690
PB1|PP755595.1|A/cattle/Texas/24-008749-003/2024(H5N1)	2073	G	A	0	0	0	287	140	42	1	287	9.76792e-181	TRUE	PB1:cds-XAJ25424.1	AAG	K	AAA	K	691
PB1|PP755595.1|A/cattle/Texas/24-008749-003/2024(H5N1)	2081	A	G	0	0	0	348	177	43	1	348	2.1792e-221	TRUE	PB1:cds-XAJ25424.1	AAT	N	AGT	S	694
PB1|PP755595.1|A/cattle/Texas/24-008749-003/2024(H5N1)	2088	T	C	0	0	0	368	195	43	1	368	2.46151e-232	TRUE	PB1:cds-XAJ25424.1	TTT	F	TTC	F	696
PB1|PP755595.1|A/cattle/Texas/24-008749-003/2024(H5N1)	2091	A	G	0	0	0	365	193	43	1	365	2.31799e-231	TRUE	PB1:cds-XAJ25424.1	GAA	E	GAG	E	697
PB1|PP755595.1|A/cattle/Texas/24-008749-003/2024(H5N1)	2103	T	C	0	0	0	372	233	42	0.997319	373	1.06985e-243	TRUE	PB1:cds-XAJ25424.1	CCT	P	CCC	P	701
PB1|PP755595.1|A/cattle/Texas/24-008749-003/2024(H5N1)	2106	C	T	0	0	0	383	235	44	1	383	7.71857e-262	TRUE	PB1:cds-XAJ25424.1	AGC	S	AGT	S	702
PB1|PP755595.1|A/cattle/Texas/24-008749-003/2024(H5N1)	2121	G	A	0	0	0	434	291	47	0.995413	436	3.2807e-286	TRUE	PB1:cds-XAJ25424.1	AGG	R	AGA	R	707
PB1|PP755595.1|A/cattle/Texas/24-008749-003/2024(H5N1)	2124	G	A	0	0	0	442	298	47	1	442	5.26579e-290	TRUE	PB1:cds-XAJ25424.1	CCG	P	CCA	P	708
PB1|PP755595.1|A/cattle/Texas/24-008749-003/2024(H5N1)	2157	T	G	0	0	0	390	289	45	1	390	7.90989e-261	TRUE	PB1:cds-XAJ25424.1	GTT	V	GTG	V	719
PB1|PP755595.1|A/cattle/Texas/24-008749-003/2024(H5N1)	2172	T	C	0	0	0	401	339	48	1	401	1.51615e-273	TRUE	PB1:cds-XAJ25424.1	ATT	I	ATC	I	724
PB1|PP755595.1|A/cattle/Texas/24-008749-003/2024(H5N1)	2181	A	C	0	0	0	409	349	47	1	409	6.59631e-275	TRUE	PB1:cds-XAJ25424.1	CGA	R	CGC	R	727
PB1|PP755595.1|A/cattle/Texas/24-008749-003/2024(H5N1)	2187	C	T	0	0	0	386	329	48	1	386	1.11131e-261	TRUE	PB1:cds-XAJ25424.1	GAC	D	GAT	D	729
PB1|PP755595.1|A/cattle/Texas/24-008749-003/2024(H5N1)	2200	C	A	0	0	0	360	314	48	1	360	7.32014e-243	TRUE	PB1:cds-XAJ25424.1	CGG	R	AGG	R	734
PB1|PP755595.1|A/cattle/Texas/24-008749-003/2024(H5N1)	2205	T	C	0	0	0	353	310	46	1	353	4.72064e-235	TRUE	PB1:cds-XAJ25424.1	ATT	I	ATC	I	735
PB1|PP755595.1|A/cattle/Texas/24-008749-003/2024(H5N1)	2208	G	A	0	0	0	352	313	46	1	352	3.71639e-233	TRUE	PB1:cds-XAJ25424.1	AAG	K	AAA	K	736
PB1|PP755595.1|A/cattle/Texas/24-008749-003/2024(H5N1)	2210	A	G	345	306	46	5	5	38	0.0142857	350	0.0177908	FALSE	PB1:cds-XAJ25424.1	AAG	K	AGG	R	737
PB1|PP755595.1|A/cattle/Texas/24-008749-003/2024(H5N1)	2214	G	A	2	2	40	344	308	46	0.99422	346	1.56382e-223	TRUE	PB1:cds-XAJ25424.1	GAG	E	GAA	E	738
PB1|PP755595.1|A/cattle/Texas/24-008749-003/2024(H5N1)	2251	G	T	231	205	40	5	5	24	0.0211864	236	0.2057	FALSE	PB1:cds-XAJ25424.1	GAA	E	TAA	*	751
PB1|PP755595.1|A/cattle/Texas/24-008749-003/2024(H5N1)	2268	G	A	1	1	40	36	21	32	0.972973	37	9.63437e-44	TRUE	PB1:cds-XAJ25424.1	CAG	Q	CAA	Q	756
