REGION	POS	REF	ALT	REF_DP	REF_RV	REF_QUAL	ALT_DP	ALT_RV	ALT_QUAL	ALT_FREQ	TOTAL_DP	PVAL	PASS	GFF_FEATURE	REF_CODON	REF_AA	ALT_CODON	ALT_AA	POS_AA
HA|PP755589.1|A/cattle/Texas/24-008749-003/2024(H5N1)	18	A	T	0	0	0	682	25	41	1	682	0	TRUE	HA:cds-XAJ25415.1	CTA	L	CTT	L	6
HA|PP755589.1|A/cattle/Texas/24-008749-003/2024(H5N1)	31	G	A	0	0	0	813	56	40	1	813	0	TRUE	HA:cds-XAJ25415.1	GTT	V	ATT	I	11
HA|PP755589.1|A/cattle/Texas/24-008749-003/2024(H5N1)	93	A	G	0	0	0	1814	219	43	1	1814	0	TRUE	HA:cds-XAJ25415.1	CAA	Q	CAG	Q	31
HA|PP755589.1|A/cattle/Texas/24-008749-003/2024(H5N1)	123	T	C	0	0	0	2027	364	43	1	2027	0	TRUE	HA:cds-XAJ25415.1	ACT	T	ACC	T	41
HA|PP755589.1|A/cattle/Texas/24-008749-003/2024(H5N1)	163	G	T	2198	717	41	29	29	27	0.0130162	2228	0.160236	FALSE	HA:cds-XAJ25415.1	GGG	G	TGG	W	55
HA|PP755589.1|A/cattle/Texas/24-008749-003/2024(H5N1)	171	A	C	0	0	0	2270	1006	44	1	2270	0	TRUE	HA:cds-XAJ25415.1	CTA	L	CTC	L	57
HA|PP755589.1|A/cattle/Texas/24-008749-003/2024(H5N1)	174	C	T	1	1	40	2276	998	44	0.999561	2277	0	TRUE	HA:cds-XAJ25415.1	TGC	C	TGT	C	58
HA|PP755589.1|A/cattle/Texas/24-008749-003/2024(H5N1)	177	C	T	0	0	0	2359	1013	44	1	2359	0	TRUE	HA:cds-XAJ25415.1	GAC	D	GAT	D	59
HA|PP755589.1|A/cattle/Texas/24-008749-003/2024(H5N1)	186	G	A	1	0	40	2626	1161	44	0.999239	2628	0	TRUE	HA:cds-XAJ25415.1	GGG	G	GGA	G	62
HA|PP755589.1|A/cattle/Texas/24-008749-003/2024(H5N1)	195	A	T	0	0	0	2645	1236	44	1	2645	0	TRUE	HA:cds-XAJ25415.1	CCA	P	CCT	P	65
HA|PP755589.1|A/cattle/Texas/24-008749-003/2024(H5N1)	196	C	A	2471	1258	41	32	0	27	0.0127847	2503	0.19264	FALSE	HA:cds-XAJ25415.1	CTG	L	ATG	M	66
HA|PP755589.1|A/cattle/Texas/24-008749-003/2024(H5N1)	210	C	T	0	0	0	2720	1362	42	1	2720	0	TRUE	HA:cds-XAJ25415.1	GAC	D	GAT	D	70
HA|PP755589.1|A/cattle/Texas/24-008749-003/2024(H5N1)	213	C	T	0	0	0	2701	1341	43	0.99963	2702	0	TRUE	HA:cds-XAJ25415.1	TGC	C	TGT	C	71
HA|PP755589.1|A/cattle/Texas/24-008749-003/2024(H5N1)	279	T	C	0	0	0	3149	1543	41	0.999683	3150	0	TRUE	HA:cds-XAJ25415.1	TCT	S	TCC	S	93
HA|PP755589.1|A/cattle/Texas/24-008749-003/2024(H5N1)	300	C	T	0	0	0	2952	1235	42	1	2952	0	TRUE	HA:cds-XAJ25415.1	AAC	N	AAT	N	100
HA|PP755589.1|A/cattle/Texas/24-008749-003/2024(H5N1)	342	T	C	0	0	0	2976	1320	41	0.996317	2987	0	TRUE	HA:cds-XAJ25415.1	TAT	Y	TAC	Y	114
HA|PP755589.1|A/cattle/Texas/24-008749-003/2024(H5N1)	358	A	C	1	1	40	3052	1338	42	0.999672	3053	0	TRUE	HA:cds-XAJ25415.1	ATG	M	CTG	L	120
HA|PP755589.1|A/cattle/Texas/24-008749-003/2024(H5N1)	378	T	C	1	1	40	2890	1312	41	0.998963	2893	0	TRUE	HA:cds-XAJ25415.1	CAT	H	CAC	H	126
HA|PP755589.1|A/cattle/Texas/24-008749-003/2024(H5N1)	392	A	T	0	0	0	3090	1432	43	0.999676	3091	0	TRUE	HA:cds-XAJ25415.1	CAG	Q	CTG	L	131
HA|PP755589.1|A/cattle/Texas/24-008749-003/2024(H5N1)	399	T	C	4	1	35	3085	1488	44	0.998705	3089	0	TRUE	HA:cds-XAJ25415.1	ATT	I	ATC	I	133
HA|PP755589.1|A/cattle/Texas/24-008749-003/2024(H5N1)	433	C	A	2956	1972	39	42	0	28	0.014	3000	0.0772083	FALSE	HA:cds-XAJ25415.1	CTA	L	ATA	I	145
HA|PP755589.1|A/cattle/Texas/24-008749-003/2024(H5N1)	549	T	C	1	0	40	3097	1452	41	0.999355	3099	0	TRUE	HA:cds-XAJ25415.1	ACT	T	ACC	T	183
HA|PP755589.1|A/cattle/Texas/24-008749-003/2024(H5N1)	621	C	T	2806	1334	38	32	22	40	0.0112478	2845	1.15498e-11	TRUE	HA:cds-XAJ25415.1	TAC	Y	TAT	Y	207
HA|PP755589.1|A/cattle/Texas/24-008749-003/2024(H5N1)	632	T	C	1	1	40	2936	1315	41	0.9983	2941	0	TRUE	HA:cds-XAJ25415.1	ATC	I	ACC	T	211
HA|PP755589.1|A/cattle/Texas/24-008749-003/2024(H5N1)	636	C	T	37	18	37	2963	1264	41	0.987667	3000	0	TRUE	HA:cds-XAJ25415.1	ACC	T	ACT	T	212
HA|PP755589.1|A/cattle/Texas/24-008749-003/2024(H5N1)	651	G	A	1	0	80	3033	1248	42	0.99967	3034	0	TRUE	HA:cds-XAJ25415.1	GGG	G	GGA	G	217
HA|PP755589.1|A/cattle/Texas/24-008749-003/2024(H5N1)	677	C	T	1	0	24	2890	1136	40	0.998963	2893	0	TRUE	HA:cds-XAJ25415.1	GCA	A	GTA	V	226
HA|PP755589.1|A/cattle/Texas/24-008749-003/2024(H5N1)	744	C	T	10	3	40	2891	1499	42	0.99621	2902	0	TRUE	HA:cds-XAJ25415.1	ATC	I	ATT	I	248
HA|PP755589.1|A/cattle/Texas/24-008749-003/2024(H5N1)	762	A	C	1	0	24	2941	1573	39	0.99966	2942	0	TRUE	HA:cds-XAJ25415.1	GCA	A	GCC	A	254
HA|PP755589.1|A/cattle/Texas/24-008749-003/2024(H5N1)	780	C	T	0	0	0	2948	1528	41	0.999661	2949	0	TRUE	HA:cds-XAJ25415.1	AAC	N	AAT	N	260
HA|PP755589.1|A/cattle/Texas/24-008749-003/2024(H5N1)	819	T	C	0	0	0	3165	1973	42	0.999368	3167	0	TRUE	HA:cds-XAJ25415.1	GTT	V	GTC	V	273
HA|PP755589.1|A/cattle/Texas/24-008749-003/2024(H5N1)	834	G	A	0	0	0	3189	1973	43	0.999687	3190	0	TRUE	HA:cds-XAJ25415.1	TCG	S	TCA	S	278
HA|PP755589.1|A/cattle/Texas/24-008749-003/2024(H5N1)	858	A	G	3387	1989	43	74	49	39	0.0213811	3461	6.97279e-21	TRUE	HA:cds-XAJ25415.1	GAA	E	GAG	E	286
HA|PP755589.1|A/cattle/Texas/24-008749-003/2024(H5N1)	867	T	C	0	0	0	3018	1768	42	0.998676	3022	0	TRUE	HA:cds-XAJ25415.1	CAT	H	CAC	H	289
HA|PP755589.1|A/cattle/Texas/24-008749-003/2024(H5N1)	892	G	A	2802	1421	39	38	15	37	0.0133146	2854	3.39645e-10	TRUE	HA:cds-XAJ25415.1	GTA	V	ATA	I	298
HA|PP755589.1|A/cattle/Texas/24-008749-003/2024(H5N1)	897	T	A	0	0	0	2848	1490	41	0.998597	2852	0	TRUE	HA:cds-XAJ25415.1	GGT	G	GGA	G	299
HA|PP755589.1|A/cattle/Texas/24-008749-003/2024(H5N1)	921	T	C	1	1	24	2993	1785	42	0.999666	2994	0	TRUE	HA:cds-XAJ25415.1	TTT	F	TTC	F	307
HA|PP755589.1|A/cattle/Texas/24-008749-003/2024(H5N1)	927	C	T	1	1	24	3020	1726	41	0.999338	3022	0	TRUE	HA:cds-XAJ25415.1	AAC	N	AAT	N	309
HA|PP755589.1|A/cattle/Texas/24-008749-003/2024(H5N1)	979	T	C	2320	1123	44	844	397	42	0.266667	3165	3.6138e-314	TRUE	HA:cds-XAJ25415.1	TTG	L	CTG	L	327
HA|PP755589.1|A/cattle/Texas/24-008749-003/2024(H5N1)	1038	T	C	0	0	0	2902	1605	42	0.999311	2904	0	TRUE	HA:cds-XAJ25415.1	GGT	G	GGC	G	346
HA|PP755589.1|A/cattle/Texas/24-008749-003/2024(H5N1)	1143	G	A	1	0	24	4182	1116	41	0.999522	4184	0	TRUE	HA:cds-XAJ25415.1	GCG	A	GCA	A	381
HA|PP755589.1|A/cattle/Texas/24-008749-003/2024(H5N1)	1148	A	G	0	0	0	4273	1078	41	0.999298	4276	0	TRUE	HA:cds-XAJ25415.1	AAA	K	AGA	R	383
HA|PP755589.1|A/cattle/Texas/24-008749-003/2024(H5N1)	1245	T	C	0	0	0	5674	1473	42	1	5674	0	TRUE	HA:cds-XAJ25415.1	TTT	F	TTC	F	415
HA|PP755589.1|A/cattle/Texas/24-008749-003/2024(H5N1)	1302	A	G	81	33	43	5634	2845	44	0.985827	5715	0	TRUE	HA:cds-XAJ25415.1	CTA	L	CTG	L	434
HA|PP755589.1|A/cattle/Texas/24-008749-003/2024(H5N1)	1314	A	C	0	0	0	5767	2770	43	0.999827	5768	0	TRUE	HA:cds-XAJ25415.1	ACA	T	ACC	T	438
HA|PP755589.1|A/cattle/Texas/24-008749-003/2024(H5N1)	1405	T	C	1	1	40	6273	3682	42	0.999841	6274	0	TRUE	HA:cds-XAJ25415.1	TTA	L	CTA	L	469
HA|PP755589.1|A/cattle/Texas/24-008749-003/2024(H5N1)	1440	C	T	3	1	40	6265	2959	41	0.999362	6269	0	TRUE	HA:cds-XAJ25415.1	AAC	N	AAT	N	480
HA|PP755589.1|A/cattle/Texas/24-008749-003/2024(H5N1)	1467	T	C	2	0	40	5757	3099	42	0.999479	5760	0	TRUE	HA:cds-XAJ25415.1	TGT	C	TGC	C	489
HA|PP755589.1|A/cattle/Texas/24-008749-003/2024(H5N1)	1536	A	G	0	0	0	5361	3278	45	1	5361	0	TRUE	HA:cds-XAJ25415.1	AGA	R	AGG	R	512
HA|PP755589.1|A/cattle/Texas/24-008749-003/2024(H5N1)	1576	G	A	0	0	0	5366	4038	44	0.999814	5367	0	TRUE	HA:cds-XAJ25415.1	GTA	V	ATA	I	526
HA|PP755589.1|A/cattle/Texas/24-008749-003/2024(H5N1)	1617	A	G	0	0	0	5590	4978	47	1	5590	0	TRUE	HA:cds-XAJ25415.1	GCA	A	GCG	A	539
HA|PP755589.1|A/cattle/Texas/24-008749-003/2024(H5N1)	1686	A	G	0	0	0	2950	2785	43	1	2950	0	TRUE	HA:cds-XAJ25415.1	CAA	Q	CAG	Q	562
