REGION	POS	REF	ALT	REF_DP	REF_RV	REF_QUAL	ALT_DP	ALT_RV	ALT_QUAL	ALT_FREQ	TOTAL_DP	PVAL	PASS	GFF_FEATURE	REF_CODON	REF_AA	ALT_CODON	ALT_AA	POS_AA
HA|PP755589.1|A/cattle/Texas/24-008749-003/2024(H5N1)	18	A	T	0	0	0	1	0	34	1	1	0.25	FALSE	HA:cds-XAJ25415.1	CTA	L	CTT	L	6
HA|PP755589.1|A/cattle/Texas/24-008749-003/2024(H5N1)	31	G	A	0	0	0	1	0	34	1	1	0.25	FALSE	HA:cds-XAJ25415.1	GTT	V	ATT	I	11
HA|PP755589.1|A/cattle/Texas/24-008749-003/2024(H5N1)	93	A	G	0	0	0	6	1	34	1	6	0.000333	TRUE	HA:cds-XAJ25415.1	CAA	Q	CAG	Q	31
HA|PP755589.1|A/cattle/Texas/24-008749-003/2024(H5N1)	123	T	C	0	0	0	8	2	34	1	8	7.77001e-05	TRUE	HA:cds-XAJ25415.1	ACT	T	ACC	T	41
HA|PP755589.1|A/cattle/Texas/24-008749-003/2024(H5N1)	154	A	G	0	0	0	9	3	33	1	9	2.05677e-05	TRUE	HA:cds-XAJ25415.1	ACA	T	GCA	A	52
HA|PP755589.1|A/cattle/Texas/24-008749-003/2024(H5N1)	163	G	A	8	2	33	1	1	34	0.111111	9	0.529412	FALSE	HA:cds-XAJ25415.1	GGG	G	AGG	R	55
HA|PP755589.1|A/cattle/Texas/24-008749-003/2024(H5N1)	171	A	C	0	0	0	8	3	33	1	8	7.77001e-05	TRUE	HA:cds-XAJ25415.1	CTA	L	CTC	L	57
HA|PP755589.1|A/cattle/Texas/24-008749-003/2024(H5N1)	174	C	T	0	0	0	9	3	34	1	9	4.11353e-05	TRUE	HA:cds-XAJ25415.1	TGC	C	TGT	C	58
HA|PP755589.1|A/cattle/Texas/24-008749-003/2024(H5N1)	177	C	T	0	0	0	9	3	34	1	9	4.11353e-05	TRUE	HA:cds-XAJ25415.1	GAC	D	GAT	D	59
HA|PP755589.1|A/cattle/Texas/24-008749-003/2024(H5N1)	195	A	T	0	0	0	10	3	34	1	10	1.08251e-05	TRUE	HA:cds-XAJ25415.1	CCA	P	CCT	P	65
HA|PP755589.1|A/cattle/Texas/24-008749-003/2024(H5N1)	210	C	T	0	0	0	9	3	33	1	9	2.05677e-05	TRUE	HA:cds-XAJ25415.1	GAC	D	GAT	D	70
HA|PP755589.1|A/cattle/Texas/24-008749-003/2024(H5N1)	213	C	T	0	0	0	10	3	33	1	10	5.41254e-06	TRUE	HA:cds-XAJ25415.1	TGC	C	TGT	C	71
HA|PP755589.1|A/cattle/Texas/24-008749-003/2024(H5N1)	231	C	T	0	0	0	13	4	32	1	13	9.61483e-08	TRUE	HA:cds-XAJ25415.1	CTC	L	CTT	L	77
HA|PP755589.1|A/cattle/Texas/24-008749-003/2024(H5N1)	251	A	G	7	3	34	1	0	34	0.125	8	0.533333	FALSE	HA:cds-XAJ25415.1	GAC	D	GGC	G	84
HA|PP755589.1|A/cattle/Texas/24-008749-003/2024(H5N1)	279	T	C	0	0	0	8	3	34	1	8	0.0001554	TRUE	HA:cds-XAJ25415.1	TCT	S	TCC	S	93
HA|PP755589.1|A/cattle/Texas/24-008749-003/2024(H5N1)	297	T	C	0	0	0	8	4	34	1	8	0.0001554	TRUE	HA:cds-XAJ25415.1	GCT	A	GCC	A	99
HA|PP755589.1|A/cattle/Texas/24-008749-003/2024(H5N1)	300	C	T	0	0	0	8	4	34	1	8	4.11353e-05	TRUE	HA:cds-XAJ25415.1	AAC	N	AAT	N	100
HA|PP755589.1|A/cattle/Texas/24-008749-003/2024(H5N1)	342	T	C	0	0	0	14	4	34	1	14	4.98547e-08	TRUE	HA:cds-XAJ25415.1	TAT	Y	TAC	Y	114
HA|PP755589.1|A/cattle/Texas/24-008749-003/2024(H5N1)	358	A	C	0	0	0	13	4	34	1	13	9.61483e-08	TRUE	HA:cds-XAJ25415.1	ATG	M	CTG	L	120
HA|PP755589.1|A/cattle/Texas/24-008749-003/2024(H5N1)	378	T	C	0	0	0	10	2	34	1	10	1.08251e-05	TRUE	HA:cds-XAJ25415.1	CAT	H	CAC	H	126
HA|PP755589.1|A/cattle/Texas/24-008749-003/2024(H5N1)	392	A	T	0	0	0	10	2	34	1	10	1.08251e-05	TRUE	HA:cds-XAJ25415.1	CAG	Q	CTG	L	131
HA|PP755589.1|A/cattle/Texas/24-008749-003/2024(H5N1)	399	T	C	0	0	0	10	2	34	1	10	1.08251e-05	TRUE	HA:cds-XAJ25415.1	ATT	I	ATC	I	133
HA|PP755589.1|A/cattle/Texas/24-008749-003/2024(H5N1)	409	T	A	9	2	34	1	0	34	0.1	10	0.526316	FALSE	HA:cds-XAJ25415.1	TCC	S	ACC	T	137
HA|PP755589.1|A/cattle/Texas/24-008749-003/2024(H5N1)	448	G	A	9	1	34	2	2	34	0.181818	11	0.217391	FALSE	HA:cds-XAJ25415.1	GCT	A	ACT	T	150
HA|PP755589.1|A/cattle/Texas/24-008749-003/2024(H5N1)	468	A	G	0	0	0	5	2	34	1	5	0.00396825	TRUE	HA:cds-XAJ25415.1	GCA	A	GCG	A	156
HA|PP755589.1|A/cattle/Texas/24-008749-003/2024(H5N1)	549	T	C	0	0	0	15	9	33	1	15	6.44673e-09	TRUE	HA:cds-XAJ25415.1	ACT	T	ACC	T	183
HA|PP755589.1|A/cattle/Texas/24-008749-003/2024(H5N1)	621	C	T	0	0	0	22	12	33	1	22	4.75263e-13	TRUE	HA:cds-XAJ25415.1	TAC	Y	TAT	Y	207
HA|PP755589.1|A/cattle/Texas/24-008749-003/2024(H5N1)	627	C	T	0	0	0	21	11	32	1	21	9.50526e-13	TRUE	HA:cds-XAJ25415.1	AAC	N	AAT	N	209
HA|PP755589.1|A/cattle/Texas/24-008749-003/2024(H5N1)	632	T	C	0	0	0	20	11	33	1	20	3.71569e-12	TRUE	HA:cds-XAJ25415.1	ATC	I	ACC	T	211
HA|PP755589.1|A/cattle/Texas/24-008749-003/2024(H5N1)	646	G	C	20	9	32	1	1	34	0.047619	21	0.5	FALSE	HA:cds-XAJ25415.1	GTT	V	CTT	L	216
HA|PP755589.1|A/cattle/Texas/24-008749-003/2024(H5N1)	651	G	A	0	0	0	22	11	34	1	22	4.75263e-13	TRUE	HA:cds-XAJ25415.1	GGG	G	GGA	G	217
HA|PP755589.1|A/cattle/Texas/24-008749-003/2024(H5N1)	677	C	T	0	0	0	26	13	32	1	26	4.03292e-15	TRUE	HA:cds-XAJ25415.1	GCA	A	GTA	V	226
HA|PP755589.1|A/cattle/Texas/24-008749-003/2024(H5N1)	744	C	T	0	0	0	30	11	32	1	30	8.45562e-18	TRUE	HA:cds-XAJ25415.1	ATC	I	ATT	I	248
HA|PP755589.1|A/cattle/Texas/24-008749-003/2024(H5N1)	762	A	C	0	0	0	28	11	34	1	28	2.61483e-16	TRUE	HA:cds-XAJ25415.1	GCA	A	GCC	A	254
HA|PP755589.1|A/cattle/Texas/24-008749-003/2024(H5N1)	780	C	T	0	0	0	25	10	33	1	25	7.91073e-15	TRUE	HA:cds-XAJ25415.1	AAC	N	AAT	N	260
HA|PP755589.1|A/cattle/Texas/24-008749-003/2024(H5N1)	819	T	C	0	0	0	25	12	32	1	25	1.58215e-14	TRUE	HA:cds-XAJ25415.1	GTT	V	GTC	V	273
HA|PP755589.1|A/cattle/Texas/24-008749-003/2024(H5N1)	821	A	C	17	11	31	1	0	26	0.0555556	18	0.428571	FALSE	HA:cds-XAJ25415.1	AAG	K	ACG	T	274
HA|PP755589.1|A/cattle/Texas/24-008749-003/2024(H5N1)	834	G	A	0	0	0	23	13	33	1	23	1.21456e-13	TRUE	HA:cds-XAJ25415.1	TCG	S	TCA	S	278
HA|PP755589.1|A/cattle/Texas/24-008749-003/2024(H5N1)	843	G	A	0	0	0	18	12	33	1	18	2.97814e-11	TRUE	HA:cds-XAJ25415.1	ATG	M	ATA	I	281
HA|PP755589.1|A/cattle/Texas/24-008749-003/2024(H5N1)	867	T	C	0	0	0	20	14	34	1	20	1.45089e-11	TRUE	HA:cds-XAJ25415.1	CAT	H	CAC	H	289
HA|PP755589.1|A/cattle/Texas/24-008749-003/2024(H5N1)	897	T	A	0	0	0	17	11	33	1	17	4.28521e-10	TRUE	HA:cds-XAJ25415.1	GGT	G	GGA	G	299
HA|PP755589.1|A/cattle/Texas/24-008749-003/2024(H5N1)	921	T	C	0	0	0	20	14	34	1	20	3.71569e-12	TRUE	HA:cds-XAJ25415.1	TTT	F	TTC	F	307
HA|PP755589.1|A/cattle/Texas/24-008749-003/2024(H5N1)	963	C	T	15	9	33	6	2	34	0.285714	21	0.0103443	FALSE	HA:cds-XAJ25415.1	TAC	Y	TAT	Y	321
HA|PP755589.1|A/cattle/Texas/24-008749-003/2024(H5N1)	1022	A	G	0	0	0	16	8	34	1	16	3.32734e-09	TRUE	HA:cds-XAJ25415.1	AAG	K	AGG	R	341
HA|PP755589.1|A/cattle/Texas/24-008749-003/2024(H5N1)	1038	T	C	0	0	0	15	8	34	1	15	1.76765e-09	TRUE	HA:cds-XAJ25415.1	GGT	G	GGC	G	346
HA|PP755589.1|A/cattle/Texas/24-008749-003/2024(H5N1)	1143	G	A	0	0	0	29	7	33	1	29	3.32588e-17	TRUE	HA:cds-XAJ25415.1	GCG	A	GCA	A	381
HA|PP755589.1|A/cattle/Texas/24-008749-003/2024(H5N1)	1222	T	G	29	9	33	1	1	34	0.0333333	30	0.483871	FALSE	HA:cds-XAJ25415.1	TTT	F	GTT	V	408
HA|PP755589.1|A/cattle/Texas/24-008749-003/2024(H5N1)	1226	A	G	30	9	33	1	0	26	0.0322581	31	0.492063	FALSE	HA:cds-XAJ25415.1	GAG	E	GGG	G	409
HA|PP755589.1|A/cattle/Texas/24-008749-003/2024(H5N1)	1249	A	G	26	9	33	1	0	34	0.037037	27	0.473684	FALSE	HA:cds-XAJ25415.1	AAC	N	GAC	D	417
HA|PP755589.1|A/cattle/Texas/24-008749-003/2024(H5N1)	1293	C	T	23	15	34	1	1	34	0.0416667	24	0.5	FALSE	HA:cds-XAJ25415.1	GAC	D	GAT	D	431
HA|PP755589.1|A/cattle/Texas/24-008749-003/2024(H5N1)	1314	A	C	0	0	0	20	15	33	1	20	7.25444e-12	TRUE	HA:cds-XAJ25415.1	ACA	T	ACC	T	438
HA|PP755589.1|A/cattle/Texas/24-008749-003/2024(H5N1)	1382	A	G	21	14	34	3	3	31	0.125	24	0.124823	FALSE	HA:cds-XAJ25415.1	AAG	K	AGG	R	461
HA|PP755589.1|A/cattle/Texas/24-008749-003/2024(H5N1)	1405	T	C	0	0	0	22	15	33	1	22	9.50526e-13	TRUE	HA:cds-XAJ25415.1	TTA	L	CTA	L	469
HA|PP755589.1|A/cattle/Texas/24-008749-003/2024(H5N1)	1429	G	T	20	12	33	1	0	34	0.047619	21	0.512195	FALSE	HA:cds-XAJ25415.1	GAG	E	TAG	*	477
HA|PP755589.1|A/cattle/Texas/24-008749-003/2024(H5N1)	1440	C	T	0	0	0	27	17	33	1	27	1.02725e-15	TRUE	HA:cds-XAJ25415.1	AAC	N	AAT	N	480
HA|PP755589.1|A/cattle/Texas/24-008749-003/2024(H5N1)	1467	T	C	0	0	0	20	11	33	1	20	1.45089e-11	TRUE	HA:cds-XAJ25415.1	TGT	C	TGC	C	489
HA|PP755589.1|A/cattle/Texas/24-008749-003/2024(H5N1)	1470	T	C	0	0	0	20	11	32	1	20	1.45089e-11	TRUE	HA:cds-XAJ25415.1	GAT	D	GAC	D	490
HA|PP755589.1|A/cattle/Texas/24-008749-003/2024(H5N1)	1471	A	G	0	0	0	19	10	32	1	19	2.82923e-11	TRUE	HA:cds-XAJ25415.1	AAT	N	GAT	D	491
HA|PP755589.1|A/cattle/Texas/24-008749-003/2024(H5N1)	1576	G	A	0	0	0	20	16	33	1	20	7.25444e-12	TRUE	HA:cds-XAJ25415.1	GTA	V	ATA	I	526
HA|PP755589.1|A/cattle/Texas/24-008749-003/2024(H5N1)	1617	A	G	0	0	0	21	17	34	1	21	9.50526e-13	TRUE	HA:cds-XAJ25415.1	GCA	A	GCG	A	539
HA|PP755589.1|A/cattle/Texas/24-008749-003/2024(H5N1)	1625	T	A	16	15	33	1	1	26	0.0588235	17	0.5	FALSE	HA:cds-XAJ25415.1	CTA	L	CAA	Q	542
HA|PP755589.1|A/cattle/Texas/24-008749-003/2024(H5N1)	1686	A	G	0	0	0	10	9	34	1	10	1.08251e-05	TRUE	HA:cds-XAJ25415.1	CAA	Q	CAG	Q	562
