REGION	POS	REF	ALT	REF_DP	REF_RV	REF_QUAL	ALT_DP	ALT_RV	ALT_QUAL	ALT_FREQ	TOTAL_DP	PVAL	PASS	GFF_FEATURE	REF_CODON	REF_AA	ALT_CODON	ALT_AA	POS_AA
PB1|PP755595.1|A/cattle/Texas/24-008749-003/2024(H5N1)	69	G	A	24	2	39	1	0	34	0.04	25	0.396825	FALSE	PB1:cds-XAJ25424.1	CCG	P	CCA	P	23
PB1|PP755595.1|A/cattle/Texas/24-008749-003/2024(H5N1)	266	T	C	55	18	36	1	0	22	0.0178571	56	0.478632	FALSE	PB1:cds-XAJ25424.1	CTT	L	CCT	P	89
PB1|PP755595.1|A/cattle/Texas/24-008749-003/2024(H5N1)	266	T	C	55	18	36	1	0	22	0.0178571	56	0.478632	FALSE	PB1-F2:cds-XAJ25425.1	TTG	L	CTG	L	58
PB1|PP755595.1|A/cattle/Texas/24-008749-003/2024(H5N1)	337	G	A	67	35	42	1	0	34	0.0147059	68	0.447368	FALSE	PB1:cds-XAJ25424.1	GTT	V	ATT	I	113
PB1|PP755595.1|A/cattle/Texas/24-008749-003/2024(H5N1)	337	G	A	67	35	42	1	0	34	0.0147059	68	0.447368	FALSE	PB1-F2:cds-XAJ25425.1	AAG	K	AAA	K	81
PB1|PP755595.1|A/cattle/Texas/24-008749-003/2024(H5N1)	382	A	G	54	36	39	1	0	68	0.0181818	55	0.443548	FALSE	PB1:cds-XAJ25424.1	ACT	T	GCT	A	128
PB1|PP755595.1|A/cattle/Texas/24-008749-003/2024(H5N1)	394	A	G	54	39	37	1	1	34	0.0181818	55	0.470085	FALSE	PB1:cds-XAJ25424.1	ACA	T	GCA	A	132
PB1|PP755595.1|A/cattle/Texas/24-008749-003/2024(H5N1)	473	A	G	10	5	35	1	0	34	0.0909091	11	0.458333	FALSE	PB1:cds-XAJ25424.1	AAT	N	AGT	S	158
PB1|PP755595.1|A/cattle/Texas/24-008749-003/2024(H5N1)	717	G	A	16	9	35	2	2	34	0.111111	18	0.242857	FALSE	PB1:cds-XAJ25424.1	AGG	R	AGA	R	239
PB1|PP755595.1|A/cattle/Texas/24-008749-003/2024(H5N1)	816	A	G	16	8	41	1	0	34	0.0588235	17	0.447368	FALSE	PB1:cds-XAJ25424.1	CCA	P	CCG	P	272
PB1|PP755595.1|A/cattle/Texas/24-008749-003/2024(H5N1)	930	T	C	20	12	39	1	1	34	0.047619	21	0.477273	FALSE	PB1:cds-XAJ25424.1	AAT	N	AAC	N	310
PB1|PP755595.1|A/cattle/Texas/24-008749-003/2024(H5N1)	1037	A	G	10	4	35	1	1	34	0.0909091	11	0.44	FALSE	PB1:cds-XAJ25424.1	AAC	N	AGC	S	346
PB1|PP755595.1|A/cattle/Texas/24-008749-003/2024(H5N1)	1322	T	C	27	8	44	1	0	34	0.0357143	28	0.444444	FALSE	PB1:cds-XAJ25424.1	CTA	L	CCA	P	441
PB1|PP755595.1|A/cattle/Texas/24-008749-003/2024(H5N1)	1387	G	A	49	12	36	1	0	28	0.02	50	0.480769	FALSE	PB1:cds-XAJ25424.1	GTA	V	ATA	I	463
PB1|PP755595.1|A/cattle/Texas/24-008749-003/2024(H5N1)	1441	A	G	95	19	34	2	0	34	0.0206186	97	0.206218	FALSE	PB1:cds-XAJ25424.1	AAG	K	GAG	E	481
PB1|PP755595.1|A/cattle/Texas/24-008749-003/2024(H5N1)	1447	T	C	112	17	36	4	2	34	0.0344828	116	0.0513686	FALSE	PB1:cds-XAJ25424.1	TAC	Y	CAC	H	483
PB1|PP755595.1|A/cattle/Texas/24-008749-003/2024(H5N1)	1461	A	G	119	15	36	4	3	32	0.0325203	123	0.0519394	FALSE	PB1:cds-XAJ25424.1	ACA	T	ACG	T	487
PB1|PP755595.1|A/cattle/Texas/24-008749-003/2024(H5N1)	1688	G	A	193	89	38	2	2	68	0.0102564	195	0.212932	FALSE	PB1:cds-XAJ25424.1	AGA	R	AAA	K	563
PB1|PP755595.1|A/cattle/Texas/24-008749-003/2024(H5N1)	1727	T	-GAAAAAGTTATGGGAAC	213	115	38	31	0	20	0.111111	279	3.4689e-09	TRUE	NA	NA	NA	NA	NA	NA
PB1|PP755595.1|A/cattle/Texas/24-008749-003/2024(H5N1)	1728	G	A	139	72	37	63	34	39	0.311881	202	3.26973e-27	TRUE	PB1:cds-XAJ25424.1	CTG	L	CTA	L	576
PB1|PP755595.1|A/cattle/Texas/24-008749-003/2024(H5N1)	1769	T	C	256	122	37	3	1	29	0.011583	259	0.435896	FALSE	PB1:cds-XAJ25424.1	CTG	L	CCG	P	590
PB1|PP755595.1|A/cattle/Texas/24-008749-003/2024(H5N1)	1782	A	G	256	123	37	8	5	34	0.030303	264	0.00214565	TRUE	PB1:cds-XAJ25424.1	GGA	G	GGG	G	594
PB1|PP755595.1|A/cattle/Texas/24-008749-003/2024(H5N1)	2198	G	T	193	186	37	2	2	34	0.0102564	195	0.226701	FALSE	PB1:cds-XAJ25424.1	GGA	G	GTA	V	733
PB1|PP755595.1|A/cattle/Texas/24-008749-003/2024(H5N1)	2239	T	A	73	70	35	77	74	36	0.513333	150	2.44245e-31	TRUE	PB1:cds-XAJ25424.1	TGT	C	AGT	S	747
