REGION	POS	REF	ALT	REF_DP	REF_RV	REF_QUAL	ALT_DP	ALT_RV	ALT_QUAL	ALT_FREQ	TOTAL_DP	PVAL	PASS	GFF_FEATURE	REF_CODON	REF_AA	ALT_CODON	ALT_AA	POS_AA
NP|PP755592.1|A/cattle/Texas/24-008749-003/2024(H5N1)	32	A	G	25	0	35	1	0	34	0.0384615	26	0.163522	FALSE	NP:cds-XAJ25419.1	GAA	E	GGA	G	11
NP|PP755592.1|A/cattle/Texas/24-008749-003/2024(H5N1)	36	A	G	27	0	34	3	0	34	0.1	30	0.00542302	TRUE	NP:cds-XAJ25419.1	CAA	Q	CAG	Q	12
NP|PP755592.1|A/cattle/Texas/24-008749-003/2024(H5N1)	56	G	A	37	1	34	3	2	68	0.075	40	0.00906558	TRUE	NP:cds-XAJ25419.1	CGC	R	CAC	H	19
NP|PP755592.1|A/cattle/Texas/24-008749-003/2024(H5N1)	90	A	G	60	7	37	1	0	34	0.0163934	61	0.261803	FALSE	NP:cds-XAJ25419.1	GGA	G	GGG	G	30
NP|PP755592.1|A/cattle/Texas/24-008749-003/2024(H5N1)	127	A	G	93	26	37	2	0	34	0.0210526	95	0.180382	FALSE	NP:cds-XAJ25419.1	ATG	M	GTG	V	43
NP|PP755592.1|A/cattle/Texas/24-008749-003/2024(H5N1)	154	C	T	0	0	0	125	37	36	1	125	1.89071e-78	TRUE	NP:cds-XAJ25419.1	CAC	H	TAC	Y	52
NP|PP755592.1|A/cattle/Texas/24-008749-003/2024(H5N1)	204	C	T	80	28	34	76	29	36	0.487179	156	3.09421e-30	TRUE	NP:cds-XAJ25419.1	CTC	L	CTT	L	68
NP|PP755592.1|A/cattle/Texas/24-008749-003/2024(H5N1)	219	A	G	0	0	0	159	61	35	1	159	2.49893e-98	TRUE	NP:cds-XAJ25419.1	GAA	E	GAG	E	73
NP|PP755592.1|A/cattle/Texas/24-008749-003/2024(H5N1)	231	G	A	103	36	34	72	25	35	0.411429	175	1.05476e-27	TRUE	NP:cds-XAJ25419.1	AAG	K	AAA	K	77
NP|PP755592.1|A/cattle/Texas/24-008749-003/2024(H5N1)	234	T	C	96	30	34	72	25	36	0.428571	168	2.22728e-28	TRUE	NP:cds-XAJ25419.1	TAT	Y	TAC	Y	78
NP|PP755592.1|A/cattle/Texas/24-008749-003/2024(H5N1)	251	G	A	189	65	35	2	1	34	0.0104712	191	0.232004	FALSE	NP:cds-XAJ25419.1	AGT	S	AAT	N	84
NP|PP755592.1|A/cattle/Texas/24-008749-003/2024(H5N1)	255	T	C	107	36	35	21	8	35	0.114754	183	1.51576e-09	TRUE	NP:cds-XAJ25419.1	GCT	A	GCC	A	85
NP|PP755592.1|A/cattle/Texas/24-008749-003/2024(H5N1)	255	T	A	107	36	35	55	15	34	0.300546	183	5.36046e-22	TRUE	NP:cds-XAJ25419.1	GCT	A	GCA	A	85
NP|PP755592.1|A/cattle/Texas/24-008749-003/2024(H5N1)	258	A	G	0	0	0	178	55	35	1	178	1.30648e-110	TRUE	NP:cds-XAJ25419.1	GGA	G	GGG	G	86
NP|PP755592.1|A/cattle/Texas/24-008749-003/2024(H5N1)	270	G	A	74	28	35	89	33	33	0.546012	163	2.89276e-37	TRUE	NP:cds-XAJ25419.1	AAG	K	AAA	K	90
NP|PP755592.1|A/cattle/Texas/24-008749-003/2024(H5N1)	273	G	A	99	32	35	66	26	34	0.4	165	1.77771e-25	TRUE	NP:cds-XAJ25419.1	AAG	K	AAA	K	91
NP|PP755592.1|A/cattle/Texas/24-008749-003/2024(H5N1)	280	G	A	149	51	34	2	0	34	0.013245	151	0.230459	FALSE	NP:cds-XAJ25419.1	GGT	G	AGT	S	94
NP|PP755592.1|A/cattle/Texas/24-008749-003/2024(H5N1)	288	C	T	68	25	35	86	32	35	0.558442	154	2.83855e-36	TRUE	NP:cds-XAJ25419.1	ATC	I	ATT	I	96
NP|PP755592.1|A/cattle/Texas/24-008749-003/2024(H5N1)	299	G	A	159	72	35	4	4	34	0.0245399	163	0.0518112	FALSE	NP:cds-XAJ25419.1	AGA	R	AAA	K	100
NP|PP755592.1|A/cattle/Texas/24-008749-003/2024(H5N1)	321	G	A	1	1	34	137	66	36	0.992754	138	5.28768e-86	TRUE	NP:cds-XAJ25419.1	GAG	E	GAA	E	107
NP|PP755592.1|A/cattle/Texas/24-008749-003/2024(H5N1)	326	T	C	144	66	36	2	1	34	0.0136986	146	0.22683	FALSE	NP:cds-XAJ25419.1	ATC	I	ACC	T	109
NP|PP755592.1|A/cattle/Texas/24-008749-003/2024(H5N1)	351	A	G	71	31	33	103	47	35	0.591954	174	1.09811e-43	TRUE	NP:cds-XAJ25419.1	AGA	R	AGG	R	117
NP|PP755592.1|A/cattle/Texas/24-008749-003/2024(H5N1)	352	A	C	105	48	34	71	32	33	0.403409	176	1.68858e-27	TRUE	NP:cds-XAJ25419.1	AGA	R	CGA	R	118
NP|PP755592.1|A/cattle/Texas/24-008749-003/2024(H5N1)	357	T	C	68	29	33	99	41	36	0.592814	167	1.06471e-42	TRUE	NP:cds-XAJ25419.1	ATT	I	ATC	I	119
NP|PP755592.1|A/cattle/Texas/24-008749-003/2024(H5N1)	405	C	T	0	0	0	192	94	34	1	192	6.22216e-123	TRUE	NP:cds-XAJ25419.1	CAC	H	CAT	H	135
NP|PP755592.1|A/cattle/Texas/24-008749-003/2024(H5N1)	426	T	C	124	56	35	95	54	34	0.43379	219	8.30306e-37	TRUE	NP:cds-XAJ25419.1	AAT	N	AAC	N	142
NP|PP755592.1|A/cattle/Texas/24-008749-003/2024(H5N1)	429	G	A	97	55	34	119	54	35	0.550926	216	4.90479e-48	TRUE	NP:cds-XAJ25419.1	CTG	L	CTA	L	143
NP|PP755592.1|A/cattle/Texas/24-008749-003/2024(H5N1)	432	T	C	95	55	35	117	58	34	0.551887	212	7.83336e-48	TRUE	NP:cds-XAJ25419.1	AAT	N	AAC	N	144
NP|PP755592.1|A/cattle/Texas/24-008749-003/2024(H5N1)	441	A	C	96	58	35	137	59	35	0.587983	233	3.84965e-58	TRUE	NP:cds-XAJ25419.1	ACA	T	ACC	T	147
NP|PP755592.1|A/cattle/Texas/24-008749-003/2024(H5N1)	480	T	C	0	0	0	232	98	35	1	232	7.19003e-148	TRUE	NP:cds-XAJ25419.1	GAT	D	GAC	D	160
NP|PP755592.1|A/cattle/Texas/24-008749-003/2024(H5N1)	486	G	A	147	52	34	101	47	35	0.407258	248	9.18055e-39	TRUE	NP:cds-XAJ25419.1	AGG	R	AGA	R	162
NP|PP755592.1|A/cattle/Texas/24-008749-003/2024(H5N1)	492	C	T	103	42	34	134	45	34	0.565401	237	7.30132e-55	TRUE	NP:cds-XAJ25419.1	TGC	C	TGT	C	164
NP|PP755592.1|A/cattle/Texas/24-008749-003/2024(H5N1)	495	A	T	0	0	0	228	84	34	1	228	5.8231e-143	TRUE	NP:cds-XAJ25419.1	TCA	S	TCT	S	165
NP|PP755592.1|A/cattle/Texas/24-008749-003/2024(H5N1)	507	C	A	106	40	36	133	42	34	0.551867	241	5.56742e-55	TRUE	NP:cds-XAJ25419.1	GGC	G	GGA	G	169
NP|PP755592.1|A/cattle/Texas/24-008749-003/2024(H5N1)	511	A	G	230	84	34	4	2	34	0.017094	234	0.0473168	FALSE	NP:cds-XAJ25419.1	ACC	T	GCC	A	171
NP|PP755592.1|A/cattle/Texas/24-008749-003/2024(H5N1)	543	G	A	1	1	34	204	60	34	0.995122	205	4.95684e-127	TRUE	NP:cds-XAJ25419.1	GCG	A	GCA	A	181
NP|PP755592.1|A/cattle/Texas/24-008749-003/2024(H5N1)	577	T	C	152	47	35	110	35	34	0.419847	262	1.04985e-41	TRUE	NP:cds-XAJ25419.1	TTG	L	CTG	L	193
NP|PP755592.1|A/cattle/Texas/24-008749-003/2024(H5N1)	579	G	A	153	47	35	106	35	34	0.409266	259	1.07531e-40	TRUE	NP:cds-XAJ25419.1	TTG	L	TTA	L	193
NP|PP755592.1|A/cattle/Texas/24-008749-003/2024(H5N1)	585	A	G	112	35	34	137	39	35	0.550201	249	2.34523e-57	TRUE	NP:cds-XAJ25419.1	CGA	R	CGG	R	195
NP|PP755592.1|A/cattle/Texas/24-008749-003/2024(H5N1)	600	A	G	0	0	0	227	76	35	1	227	1.13137e-145	TRUE	NP:cds-XAJ25419.1	GGA	G	GGG	G	200
NP|PP755592.1|A/cattle/Texas/24-008749-003/2024(H5N1)	602	T	C	244	86	35	3	0	34	0.0121457	247	0.113556	FALSE	NP:cds-XAJ25419.1	ATC	I	ACC	T	201
NP|PP755592.1|A/cattle/Texas/24-008749-003/2024(H5N1)	627	T	C	0	0	0	237	91	35	1	237	4.25461e-148	TRUE	NP:cds-XAJ25419.1	GGT	G	GGC	G	209
NP|PP755592.1|A/cattle/Texas/24-008749-003/2024(H5N1)	633	C	T	97	37	35	120	47	34	0.552995	217	2.3412e-50	TRUE	NP:cds-XAJ25419.1	AAC	N	AAT	N	211
NP|PP755592.1|A/cattle/Texas/24-008749-003/2024(H5N1)	684	A	G	263	143	35	3	2	34	0.0112782	266	0.113081	FALSE	NP:cds-XAJ25419.1	GGA	G	GGG	G	228
NP|PP755592.1|A/cattle/Texas/24-008749-003/2024(H5N1)	708	A	G	155	84	34	118	71	34	0.432234	273	4.23375e-45	TRUE	NP:cds-XAJ25419.1	CGA	R	CGG	R	236
NP|PP755592.1|A/cattle/Texas/24-008749-003/2024(H5N1)	715	A	G	267	146	35	4	3	42	0.0147601	271	0.0526906	FALSE	NP:cds-XAJ25419.1	ATG	M	GTG	V	239
NP|PP755592.1|A/cattle/Texas/24-008749-003/2024(H5N1)	729	G	A	170	94	34	108	53	34	0.388489	278	2.37179e-41	TRUE	NP:cds-XAJ25419.1	AGG	R	AGA	R	243
NP|PP755592.1|A/cattle/Texas/24-008749-003/2024(H5N1)	740	A	G	172	95	34	120	67	36	0.410959	292	3.91803e-46	TRUE	NP:cds-XAJ25419.1	AAT	N	AGT	S	247
NP|PP755592.1|A/cattle/Texas/24-008749-003/2024(H5N1)	747	G	A	300	169	35	6	2	34	0.0196078	306	0.0128008	FALSE	NP:cds-XAJ25419.1	GGG	G	GGA	G	249
NP|PP755592.1|A/cattle/Texas/24-008749-003/2024(H5N1)	756	A	G	123	72	36	172	96	35	0.583051	295	1.38552e-71	TRUE	NP:cds-XAJ25419.1	GAA	E	GAG	E	252
NP|PP755592.1|A/cattle/Texas/24-008749-003/2024(H5N1)	798	G	A	182	83	34	155	81	34	0.459941	337	2.11398e-60	TRUE	NP:cds-XAJ25419.1	CTG	L	CTA	L	266
NP|PP755592.1|A/cattle/Texas/24-008749-003/2024(H5N1)	826	C	T	151	73	35	185	75	35	0.550595	336	1.1934e-75	TRUE	NP:cds-XAJ25419.1	CTG	L	TTG	L	276
NP|PP755592.1|A/cattle/Texas/24-008749-003/2024(H5N1)	840	G	A	184	70	35	144	67	35	0.439024	328	2.41844e-55	TRUE	NP:cds-XAJ25419.1	GTG	V	GTA	V	280
NP|PP755592.1|A/cattle/Texas/24-008749-003/2024(H5N1)	846	A	G	160	73	35	174	71	35	0.520958	334	1.94126e-70	TRUE	NP:cds-XAJ25419.1	GGA	G	GGG	G	282
NP|PP755592.1|A/cattle/Texas/24-008749-003/2024(H5N1)	847	C	A	336	145	35	7	1	34	0.0204082	343	0.0060672	TRUE	NP:cds-XAJ25419.1	CTT	L	ATT	I	283
NP|PP755592.1|A/cattle/Texas/24-008749-003/2024(H5N1)	882	G	A	152	76	35	158	61	34	0.509677	310	2.17595e-66	TRUE	NP:cds-XAJ25419.1	GAG	E	GAA	E	294
NP|PP755592.1|A/cattle/Texas/24-008749-003/2024(H5N1)	897	C	T	327	124	35	5	1	40	0.0150602	332	0.0273153	FALSE	NP:cds-XAJ25419.1	GTC	V	GTT	V	299
NP|PP755592.1|A/cattle/Texas/24-008749-003/2024(H5N1)	900	A	G	324	119	35	8	4	34	0.0240964	332	0.00298334	TRUE	NP:cds-XAJ25419.1	GGA	G	GGG	G	300
NP|PP755592.1|A/cattle/Texas/24-008749-003/2024(H5N1)	921	C	T	165	68	35	187	87	36	0.53125	352	9.65184e-76	TRUE	NP:cds-XAJ25419.1	CTC	L	CTT	L	307
NP|PP755592.1|A/cattle/Texas/24-008749-003/2024(H5N1)	924	G	A	0	0	0	352	174	35	1	352	2.4088e-227	TRUE	NP:cds-XAJ25419.1	CAG	Q	CAA	Q	308
NP|PP755592.1|A/cattle/Texas/24-008749-003/2024(H5N1)	930	T	C	204	100	36	160	70	36	0.43956	364	5.0809e-63	TRUE	NP:cds-XAJ25419.1	AGT	S	AGC	S	310
NP|PP755592.1|A/cattle/Texas/24-008749-003/2024(H5N1)	936	T	C	0	0	0	364	171	36	1	364	5.83741e-233	TRUE	NP:cds-XAJ25419.1	GTT	V	GTC	V	312
NP|PP755592.1|A/cattle/Texas/24-008749-003/2024(H5N1)	957	T	C	0	0	0	347	179	35	1	347	3.63687e-215	TRUE	NP:cds-XAJ25419.1	AAT	N	AAC	N	319
NP|PP755592.1|A/cattle/Texas/24-008749-003/2024(H5N1)	963	T	C	326	174	35	4	1	42	0.0121212	330	0.0527356	FALSE	NP:cds-XAJ25419.1	AAT	N	AAC	N	321
NP|PP755592.1|A/cattle/Texas/24-008749-003/2024(H5N1)	966	A	G	134	65	36	182	107	35	0.575949	316	5.16232e-76	TRUE	NP:cds-XAJ25419.1	CCA	P	CCG	P	322
NP|PP755592.1|A/cattle/Texas/24-008749-003/2024(H5N1)	972	C	T	172	103	34	127	62	35	0.424749	299	1.93096e-49	TRUE	NP:cds-XAJ25419.1	CAC	H	CAT	H	324
NP|PP755592.1|A/cattle/Texas/24-008749-003/2024(H5N1)	988	T	C	318	177	35	4	2	34	0.0124224	322	0.0544428	FALSE	NP:cds-XAJ25419.1	TGG	W	CGG	R	330
NP|PP755592.1|A/cattle/Texas/24-008749-003/2024(H5N1)	996	A	G	186	107	34	127	64	35	0.405751	313	1.11785e-48	TRUE	NP:cds-XAJ25419.1	GCA	A	GCG	A	332
NP|PP755592.1|A/cattle/Texas/24-008749-003/2024(H5N1)	999	C	T	136	71	36	176	104	34	0.564103	312	6.00173e-73	TRUE	NP:cds-XAJ25419.1	TGC	C	TGT	C	333
NP|PP755592.1|A/cattle/Texas/24-008749-003/2024(H5N1)	1002	C	T	5	2	40	288	158	34	0.982935	293	2.07368e-174	TRUE	NP:cds-XAJ25419.1	CAC	H	CAT	H	334
NP|PP755592.1|A/cattle/Texas/24-008749-003/2024(H5N1)	1008	A	G	0	0	0	305	175	35	1	305	1.34329e-189	TRUE	NP:cds-XAJ25419.1	GCA	A	GCG	A	336
NP|PP755592.1|A/cattle/Texas/24-008749-003/2024(H5N1)	1017	G	A	183	114	35	135	69	35	0.424528	318	1.57426e-51	TRUE	NP:cds-XAJ25419.1	GAG	E	GAA	E	339
NP|PP755592.1|A/cattle/Texas/24-008749-003/2024(H5N1)	1020	T	C	308	169	34	8	6	42	0.0253165	316	0.00266776	TRUE	NP:cds-XAJ25419.1	GAT	D	GAC	D	340
NP|PP755592.1|A/cattle/Texas/24-008749-003/2024(H5N1)	1047	A	G	0	0	0	263	168	34	1	263	2.20434e-167	TRUE	NP:cds-XAJ25419.1	GGA	G	GGG	G	349
NP|PP755592.1|A/cattle/Texas/24-008749-003/2024(H5N1)	1068	A	G	129	58	35	151	90	33	0.539286	280	3.77388e-61	TRUE	NP:cds-XAJ25419.1	GGA	G	GGG	G	356
NP|PP755592.1|A/cattle/Texas/24-008749-003/2024(H5N1)	1125	T	C	2	2	34	290	160	35	0.993151	292	1.17641e-175	TRUE	NP:cds-XAJ25419.1	GAT	D	GAC	D	375
NP|PP755592.1|A/cattle/Texas/24-008749-003/2024(H5N1)	1127	C	T	282	158	35	11	4	37	0.0375427	293	0.000329139	TRUE	NP:cds-XAJ25419.1	TCC	S	TTC	F	376
NP|PP755592.1|A/cattle/Texas/24-008749-003/2024(H5N1)	1146	G	A	275	157	35	4	4	34	0.0143369	279	0.0522194	FALSE	NP:cds-XAJ25419.1	AGG	R	AGA	R	382
NP|PP755592.1|A/cattle/Texas/24-008749-003/2024(H5N1)	1179	A	G	290	183	36	3	0	34	0.0102041	294	0.109687	FALSE	NP:cds-XAJ25419.1	GGA	G	GGG	G	393
NP|PP755592.1|A/cattle/Texas/24-008749-003/2024(H5N1)	1188	C	T	2	2	34	289	181	36	0.993127	291	1.04546e-178	TRUE	NP:cds-XAJ25419.1	ACC	T	ACT	T	396
NP|PP755592.1|A/cattle/Texas/24-008749-003/2024(H5N1)	1238	C	A	243	176	35	4	3	34	0.0161943	247	0.050257	FALSE	NP:cds-XAJ25419.1	TCT	S	TAT	Y	413
NP|PP755592.1|A/cattle/Texas/24-008749-003/2024(H5N1)	1239	T	A	115	88	35	127	89	35	0.524793	242	1.02792e-52	TRUE	NP:cds-XAJ25419.1	TCT	S	TCA	S	413
NP|PP755592.1|A/cattle/Texas/24-008749-003/2024(H5N1)	1245	G	A	144	96	35	90	62	36	0.384615	234	1.27594e-34	TRUE	NP:cds-XAJ25419.1	CAG	Q	CAA	Q	415
NP|PP755592.1|A/cattle/Texas/24-008749-003/2024(H5N1)	1251	C	T	102	66	35	131	83	33	0.562232	233	3.21973e-55	TRUE	NP:cds-XAJ25419.1	AAC	N	AAT	N	417
NP|PP755592.1|A/cattle/Texas/24-008749-003/2024(H5N1)	1285	T	G	184	117	35	9	9	33	0.0466321	193	0.000756174	TRUE	NP:cds-XAJ25419.1	TTT	F	GTT	V	429
NP|PP755592.1|A/cattle/Texas/24-008749-003/2024(H5N1)	1302	A	G	184	127	36	2	1	68	0.0107527	186	0.224503	FALSE	NP:cds-XAJ25419.1	GAA	E	GAG	E	434
NP|PP755592.1|A/cattle/Texas/24-008749-003/2024(H5N1)	1321	A	G	164	111	36	3	3	34	0.0179641	167	0.107606	FALSE	NP:cds-XAJ25419.1	AGA	R	GGA	G	441
NP|PP755592.1|A/cattle/Texas/24-008749-003/2024(H5N1)	1338	G	A	181	142	38	2	1	30	0.010929	183	0.216194	FALSE	NP:cds-XAJ25419.1	AGG	R	AGA	R	446
NP|PP755592.1|A/cattle/Texas/24-008749-003/2024(H5N1)	1342	A	G	190	155	39	3	1	34	0.015544	193	0.0969093	FALSE	NP:cds-XAJ25419.1	ATG	M	GTG	V	448
NP|PP755592.1|A/cattle/Texas/24-008749-003/2024(H5N1)	1399	T	C	196	188	37	2	2	34	0.010101	198	0.224855	FALSE	NP:cds-XAJ25419.1	TCG	S	CCG	P	467
NP|PP755592.1|A/cattle/Texas/24-008749-003/2024(H5N1)	1404	C	T	191	184	36	7	6	43	0.0353535	198	0.0051418	TRUE	NP:cds-XAJ25419.1	GAC	D	GAT	D	468
NP|PP755592.1|A/cattle/Texas/24-008749-003/2024(H5N1)	1410	G	A	192	184	36	2	2	34	0.0103093	194	0.226589	FALSE	NP:cds-XAJ25419.1	AAG	K	AAA	K	470
NP|PP755592.1|A/cattle/Texas/24-008749-003/2024(H5N1)	1413	A	T	188	180	36	3	3	34	0.0157068	191	0.108793	FALSE	NP:cds-XAJ25419.1	GCA	A	GCT	A	471
NP|PP755592.1|A/cattle/Texas/24-008749-003/2024(H5N1)	1420	C	T	182	175	36	8	8	38	0.0421053	190	0.00259723	TRUE	NP:cds-XAJ25419.1	CCG	P	TCG	S	474
NP|PP755592.1|A/cattle/Texas/24-008749-003/2024(H5N1)	1431	T	C	174	168	35	8	8	34	0.043956	182	0.00290122	TRUE	NP:cds-XAJ25419.1	CCT	P	CCC	P	477
NP|PP755592.1|A/cattle/Texas/24-008749-003/2024(H5N1)	1445	A	G	0	0	0	148	143	35	1	148	3.99766e-93	TRUE	NP:cds-XAJ25419.1	AAC	N	AGC	S	482
NP|PP755592.1|A/cattle/Texas/24-008749-003/2024(H5N1)	1452	A	G	148	143	35	2	2	34	0.0133333	150	0.233323	FALSE	NP:cds-XAJ25419.1	GAA	E	GAG	E	484
NP|PP755592.1|A/cattle/Texas/24-008749-003/2024(H5N1)	1485	G	A	101	100	35	2	2	26	0.0194175	103	0.489183	FALSE	NP:cds-XAJ25419.1	GAG	E	GAA	E	495
