REGION	POS	REF	ALT	REF_DP	REF_RV	REF_QUAL	ALT_DP	ALT_RV	ALT_QUAL	ALT_FREQ	TOTAL_DP	PVAL	PASS	GFF_FEATURE	REF_CODON	REF_AA	ALT_CODON	ALT_AA	POS_AA
HA|PP755589.1|A/cattle/Texas/24-008749-003/2024(H5N1)	311	A	G	0	0	0	917	375	33	0.998911	918	0	TRUE	HA:cds-XAJ25415.1	GAC	D	GGC	G	104
HA|PP755589.1|A/cattle/Texas/24-008749-003/2024(H5N1)	407	G	A	0	0	0	1067	484	33	1	1067	0	TRUE	HA:cds-XAJ25415.1	AGT	S	AAT	N	136
HA|PP755589.1|A/cattle/Texas/24-008749-003/2024(H5N1)	439	G	A	0	0	0	1053	564	33	1	1053	0	TRUE	HA:cds-XAJ25415.1	GTG	V	ATG	M	147
HA|PP755589.1|A/cattle/Texas/24-008749-003/2024(H5N1)	651	G	A	1	0	34	1174	532	33	0.999149	1175	0	TRUE	HA:cds-XAJ25415.1	GGG	G	GGA	G	217
HA|PP755589.1|A/cattle/Texas/24-008749-003/2024(H5N1)	675	G	A	0	0	0	1122	524	32	0.99911	1123	0	TRUE	HA:cds-XAJ25415.1	TTG	L	TTA	L	225
HA|PP755589.1|A/cattle/Texas/24-008749-003/2024(H5N1)	749	A	G	0	0	0	1140	608	33	1	1140	0	TRUE	HA:cds-XAJ25415.1	AAA	K	AGA	R	250
HA|PP755589.1|A/cattle/Texas/24-008749-003/2024(H5N1)	1007	G	A	1	0	26	1166	648	33	0.998288	1168	0	TRUE	HA:cds-XAJ25415.1	AGT	S	AAT	N	336
HA|PP755589.1|A/cattle/Texas/24-008749-003/2024(H5N1)	1052	T	A	1206	705	33	24	5	34	0.0195122	1230	4.80137e-07	TRUE	HA:cds-XAJ25415.1	ATA	I	AAA	K	351
HA|PP755589.1|A/cattle/Texas/24-008749-003/2024(H5N1)	1263	G	A	2	1	34	4864	1746	32	0.999178	4868	0	TRUE	HA:cds-XAJ25415.1	AGG	R	AGA	R	421
