REGION	POS	REF	ALT	REF_DP	REF_RV	REF_QUAL	ALT_DP	ALT_RV	ALT_QUAL	ALT_FREQ	TOTAL_DP	PVAL	PASS	GFF_FEATURE	REF_CODON	REF_AA	ALT_CODON	ALT_AA	POS_AA
NP|PP755592.1|A/cattle/Texas/24-008749-003/2024(H5N1)	10	C	A	12	5	46	1	0	24	0.0769231	13	0.157312	FALSE	NP:cds-XAJ25419.1	CAA	Q	AAA	K	4
NP|PP755592.1|A/cattle/Texas/24-008749-003/2024(H5N1)	51	G	A	0	0	0	68	20	45	1	68	2.8573e-65	TRUE	NP:cds-XAJ25419.1	GGG	G	GGA	G	17
NP|PP755592.1|A/cattle/Texas/24-008749-003/2024(H5N1)	64	G	A	82	20	46	1	0	40	0.0120482	83	0.278523	FALSE	NP:cds-XAJ25419.1	GCC	A	ACC	T	22
NP|PP755592.1|A/cattle/Texas/24-008749-003/2024(H5N1)	81	A	C	90	23	47	1	0	24	0.010989	91	0.643203	FALSE	NP:cds-XAJ25419.1	GCA	A	GCC	A	27
NP|PP755592.1|A/cattle/Texas/24-008749-003/2024(H5N1)	82	T	C	89	23	46	2	0	60	0.021978	91	0.0822785	FALSE	NP:cds-XAJ25419.1	TCT	S	CCT	P	28
NP|PP755592.1|A/cattle/Texas/24-008749-003/2024(H5N1)	102	C	G	0	0	0	105	29	46	1	105	5.41681e-91	TRUE	NP:cds-XAJ25419.1	GGC	G	GGG	G	34
NP|PP755592.1|A/cattle/Texas/24-008749-003/2024(H5N1)	108	C	T	0	0	0	118	45	46	1	118	3.25699e-93	TRUE	NP:cds-XAJ25419.1	ATC	I	ATT	I	36
NP|PP755592.1|A/cattle/Texas/24-008749-003/2024(H5N1)	135	T	C	0	0	0	176	72	47	1	176	5.83033e-121	TRUE	NP:cds-XAJ25419.1	ACT	T	ACC	T	45
NP|PP755592.1|A/cattle/Texas/24-008749-003/2024(H5N1)	154	C	T	0	0	0	195	91	46	1	195	2.76883e-131	TRUE	NP:cds-XAJ25419.1	CAC	H	TAC	Y	52
NP|PP755592.1|A/cattle/Texas/24-008749-003/2024(H5N1)	206	C	A	182	105	43	2	0	24	0.0108696	184	0.558079	FALSE	NP:cds-XAJ25419.1	TCG	S	TAG	*	69
NP|PP755592.1|A/cattle/Texas/24-008749-003/2024(H5N1)	207	G	A	1	0	40	195	99	47	0.994898	196	1.70981e-129	TRUE	NP:cds-XAJ25419.1	TCG	S	TCA	S	69
NP|PP755592.1|A/cattle/Texas/24-008749-003/2024(H5N1)	219	A	G	0	0	0	188	88	45	1	188	5.02194e-128	TRUE	NP:cds-XAJ25419.1	GAA	E	GAG	E	73
NP|PP755592.1|A/cattle/Texas/24-008749-003/2024(H5N1)	220	A	G	198	99	46	2	0	40	0.01	200	0.202347	FALSE	NP:cds-XAJ25419.1	AGG	R	GGG	G	74
NP|PP755592.1|A/cattle/Texas/24-008749-003/2024(H5N1)	222	G	A	0	0	0	197	99	47	1	197	5.31279e-133	TRUE	NP:cds-XAJ25419.1	AGG	R	AGA	R	74
NP|PP755592.1|A/cattle/Texas/24-008749-003/2024(H5N1)	238	G	A	205	89	43	4	1	32	0.0191388	209	0.0381513	FALSE	NP:cds-XAJ25419.1	GAG	E	AAG	K	80
NP|PP755592.1|A/cattle/Texas/24-008749-003/2024(H5N1)	249	C	A	196	103	43	2	0	32	0.010101	198	0.16965	FALSE	NP:cds-XAJ25419.1	CCC	P	CCA	P	83
NP|PP755592.1|A/cattle/Texas/24-008749-003/2024(H5N1)	258	A	G	2	0	32	212	81	45	0.990654	214	3.12122e-141	TRUE	NP:cds-XAJ25419.1	GGA	G	GGG	G	86
NP|PP755592.1|A/cattle/Texas/24-008749-003/2024(H5N1)	291	C	A	184	85	40	3	0	29	0.0160428	187	0.391864	FALSE	NP:cds-XAJ25419.1	TAC	Y	TAA	*	97
NP|PP755592.1|A/cattle/Texas/24-008749-003/2024(H5N1)	294	G	T	180	56	40	2	2	24	0.010989	182	0.580358	FALSE	NP:cds-XAJ25419.1	AGG	R	AGT	S	98
NP|PP755592.1|A/cattle/Texas/24-008749-003/2024(H5N1)	314	T	C	0	0	0	209	94	46	1	209	5.53845e-138	TRUE	NP:cds-XAJ25419.1	ATG	M	ACG	T	105
NP|PP755592.1|A/cattle/Texas/24-008749-003/2024(H5N1)	315	G	T	198	81	44	2	2	24	0.01	200	0.592426	FALSE	NP:cds-XAJ25419.1	ATG	M	ATT	I	105
NP|PP755592.1|A/cattle/Texas/24-008749-003/2024(H5N1)	329	T	C	204	87	47	5	2	30	0.0239234	209	0.0182518	FALSE	NP:cds-XAJ25419.1	CTC	L	CCC	P	110
NP|PP755592.1|A/cattle/Texas/24-008749-003/2024(H5N1)	345	G	A	0	0	0	205	100	50	1	205	4.45633e-141	TRUE	NP:cds-XAJ25419.1	GAG	E	GAA	E	115
NP|PP755592.1|A/cattle/Texas/24-008749-003/2024(H5N1)	352	A	G	205	105	50	3	2	40	0.0144231	208	0.0832852	FALSE	NP:cds-XAJ25419.1	AGA	R	GGA	G	118
NP|PP755592.1|A/cattle/Texas/24-008749-003/2024(H5N1)	369	T	C	0	0	0	217	124	49	0.995413	218	7.45436e-150	TRUE	NP:cds-XAJ25419.1	GCT	A	GCC	A	123
NP|PP755592.1|A/cattle/Texas/24-008749-003/2024(H5N1)	377	G	T	171	78	43	4	4	28	0.0228571	175	0.229809	FALSE	NP:cds-XAJ25419.1	GGA	G	GTA	V	126
NP|PP755592.1|A/cattle/Texas/24-008749-003/2024(H5N1)	405	C	T	0	0	0	224	137	47	1	224	6.71469e-150	TRUE	NP:cds-XAJ25419.1	CAC	H	CAT	H	135
NP|PP755592.1|A/cattle/Texas/24-008749-003/2024(H5N1)	472	G	T	180	82	38	3	3	29	0.0163934	183	0.341257	FALSE	NP:cds-XAJ25419.1	GGA	G	TGA	*	158
NP|PP755592.1|A/cattle/Texas/24-008749-003/2024(H5N1)	474	A	G	0	0	0	221	124	44	1	221	3.9544e-143	TRUE	NP:cds-XAJ25419.1	GGA	G	GGG	G	158
NP|PP755592.1|A/cattle/Texas/24-008749-003/2024(H5N1)	480	T	C	0	0	0	213	119	43	1	213	6.98403e-140	TRUE	NP:cds-XAJ25419.1	GAT	D	GAC	D	160
NP|PP755592.1|A/cattle/Texas/24-008749-003/2024(H5N1)	486	G	A	0	0	0	217	113	42	1	217	2.27849e-139	TRUE	NP:cds-XAJ25419.1	AGG	R	AGA	R	162
NP|PP755592.1|A/cattle/Texas/24-008749-003/2024(H5N1)	495	A	C	3	0	24	195	95	41	0.984848	198	4.72487e-121	TRUE	NP:cds-XAJ25419.1	TCA	S	TCC	S	165
NP|PP755592.1|A/cattle/Texas/24-008749-003/2024(H5N1)	517	C	A	196	81	42	2	0	24	0.010101	198	0.566279	FALSE	NP:cds-XAJ25419.1	CCT	P	ACT	T	173
NP|PP755592.1|A/cattle/Texas/24-008749-003/2024(H5N1)	518	C	A	182	87	40	3	0	24	0.0162162	185	0.332908	FALSE	NP:cds-XAJ25419.1	CCT	P	CAT	H	173
NP|PP755592.1|A/cattle/Texas/24-008749-003/2024(H5N1)	529	G	T	194	61	44	2	2	24	0.0101523	197	0.582536	FALSE	NP:cds-XAJ25419.1	GGG	G	TGG	W	177
NP|PP755592.1|A/cattle/Texas/24-008749-003/2024(H5N1)	543	G	A	1	0	24	193	74	47	0.994845	194	5.03222e-127	TRUE	NP:cds-XAJ25419.1	GCG	A	GCA	A	181
NP|PP755592.1|A/cattle/Texas/24-008749-003/2024(H5N1)	556	G	A	209	71	47	7	1	49	0.0324074	216	0.00348782	TRUE	NP:cds-XAJ25419.1	GTT	V	ATT	I	186
NP|PP755592.1|A/cattle/Texas/24-008749-003/2024(H5N1)	622	A	C	0	0	0	208	89	47	1	208	6.39597e-139	TRUE	NP:cds-XAJ25419.1	AGA	R	CGA	R	208
NP|PP755592.1|A/cattle/Texas/24-008749-003/2024(H5N1)	627	T	C	1	0	40	215	90	47	0.99537	216	1.35065e-141	TRUE	NP:cds-XAJ25419.1	GGT	G	GGC	G	209
NP|PP755592.1|A/cattle/Texas/24-008749-003/2024(H5N1)	633	C	T	0	0	0	214	95	47	1	214	8.16548e-143	TRUE	NP:cds-XAJ25419.1	AAC	N	AAT	N	211
NP|PP755592.1|A/cattle/Texas/24-008749-003/2024(H5N1)	648	G	A	0	0	0	215	110	48	0.99537	216	3.48677e-144	TRUE	NP:cds-XAJ25419.1	AGG	R	AGA	R	216
NP|PP755592.1|A/cattle/Texas/24-008749-003/2024(H5N1)	650	T	C	0	0	0	216	111	48	1	216	9.01923e-144	TRUE	NP:cds-XAJ25419.1	ATT	I	ACT	T	217
NP|PP755592.1|A/cattle/Texas/24-008749-003/2024(H5N1)	667	T	C	223	120	45	8	3	51	0.034632	231	0.00185109	TRUE	NP:cds-XAJ25419.1	TGC	C	CGC	R	223
NP|PP755592.1|A/cattle/Texas/24-008749-003/2024(H5N1)	747	G	A	0	0	0	222	124	45	1	222	2.51608e-145	TRUE	NP:cds-XAJ25419.1	GGG	G	GGA	G	249
NP|PP755592.1|A/cattle/Texas/24-008749-003/2024(H5N1)	756	A	G	0	0	0	227	130	45	1	227	8.06827e-148	TRUE	NP:cds-XAJ25419.1	GAA	E	GAG	E	252
NP|PP755592.1|A/cattle/Texas/24-008749-003/2024(H5N1)	783	A	G	1	0	40	226	126	46	0.995595	227	9.00206e-151	TRUE	NP:cds-XAJ25419.1	CGA	R	CGG	R	261
NP|PP755592.1|A/cattle/Texas/24-008749-003/2024(H5N1)	789	T	C	256	125	46	3	3	42	0.011583	259	0.0952157	FALSE	NP:cds-XAJ25419.1	GCT	A	GCC	A	263
NP|PP755592.1|A/cattle/Texas/24-008749-003/2024(H5N1)	855	A	G	0	0	0	251	115	43	1	251	1.19064e-163	TRUE	NP:cds-XAJ25419.1	GTA	V	GTG	V	285
NP|PP755592.1|A/cattle/Texas/24-008749-003/2024(H5N1)	882	G	A	0	0	0	243	109	45	1	243	6.19767e-162	TRUE	NP:cds-XAJ25419.1	GAG	E	GAA	E	294
NP|PP755592.1|A/cattle/Texas/24-008749-003/2024(H5N1)	897	C	T	0	0	0	246	99	46	0.972332	253	5.21279e-164	TRUE	NP:cds-XAJ25419.1	GTC	V	GTT	V	299
NP|PP755592.1|A/cattle/Texas/24-008749-003/2024(H5N1)	897	C	A	0	0	0	7	2	51	0.027668	253	1.83215e-14	TRUE	NP:cds-XAJ25419.1	GTC	V	GTA	V	299
NP|PP755592.1|A/cattle/Texas/24-008749-003/2024(H5N1)	903	T	C	0	0	0	244	95	45	1	244	2.02985e-159	TRUE	NP:cds-XAJ25419.1	ATT	I	ATC	I	301
NP|PP755592.1|A/cattle/Texas/24-008749-003/2024(H5N1)	915	T	C	1	0	40	242	102	48	0.995885	243	1.03725e-162	TRUE	NP:cds-XAJ25419.1	CGT	R	CGC	R	305
NP|PP755592.1|A/cattle/Texas/24-008749-003/2024(H5N1)	918	G	T	0	0	0	240	99	49	0.995851	241	1.22859e-161	TRUE	NP:cds-XAJ25419.1	CTG	L	CTT	L	306
NP|PP755592.1|A/cattle/Texas/24-008749-003/2024(H5N1)	921	C	A	213	110	42	4	0	28	0.0184332	217	0.290867	FALSE	NP:cds-XAJ25419.1	CTC	L	CTA	L	307
NP|PP755592.1|A/cattle/Texas/24-008749-003/2024(H5N1)	924	G	A	0	0	0	258	117	48	1	258	8.23916e-177	TRUE	NP:cds-XAJ25419.1	CAG	Q	CAA	Q	308
NP|PP755592.1|A/cattle/Texas/24-008749-003/2024(H5N1)	936	T	C	0	0	0	247	120	48	1	247	1.20892e-167	TRUE	NP:cds-XAJ25419.1	GTT	V	GTC	V	312
NP|PP755592.1|A/cattle/Texas/24-008749-003/2024(H5N1)	954	G	A	0	0	0	231	115	48	1	231	6.56816e-155	TRUE	NP:cds-XAJ25419.1	CCG	P	CCA	P	318
NP|PP755592.1|A/cattle/Texas/24-008749-003/2024(H5N1)	957	T	C	0	0	0	233	117	49	1	233	4.01384e-156	TRUE	NP:cds-XAJ25419.1	AAT	N	AAC	N	319
NP|PP755592.1|A/cattle/Texas/24-008749-003/2024(H5N1)	972	C	T	0	0	0	225	122	47	1	225	1.61452e-151	TRUE	NP:cds-XAJ25419.1	CAC	H	CAT	H	324
NP|PP755592.1|A/cattle/Texas/24-008749-003/2024(H5N1)	1008	A	G	0	0	0	249	140	45	0.996	250	2.80236e-164	TRUE	NP:cds-XAJ25419.1	GCA	A	GCG	A	336
NP|PP755592.1|A/cattle/Texas/24-008749-003/2024(H5N1)	1053	A	G	271	151	45	4	3	38	0.0145455	275	0.0457087	FALSE	NP:cds-XAJ25419.1	AGA	R	AGG	R	351
NP|PP755592.1|A/cattle/Texas/24-008749-003/2024(H5N1)	1114	G	T	187	58	42	4	4	24	0.0209424	191	0.235569	FALSE	NP:cds-XAJ25419.1	GAG	E	TAG	*	372
NP|PP755592.1|A/cattle/Texas/24-008749-003/2024(H5N1)	1125	T	C	0	0	0	250	132	49	1	250	1.84179e-170	TRUE	NP:cds-XAJ25419.1	GAT	D	GAC	D	375
NP|PP755592.1|A/cattle/Texas/24-008749-003/2024(H5N1)	1146	G	A	0	0	0	249	132	47	1	249	4.12738e-168	TRUE	NP:cds-XAJ25419.1	AGG	R	AGA	R	382
NP|PP755592.1|A/cattle/Texas/24-008749-003/2024(H5N1)	1151	G	A	250	130	47	12	6	43	0.0458015	262	5.4209e-05	TRUE	NP:cds-XAJ25419.1	AGA	R	AAA	K	384
NP|PP755592.1|A/cattle/Texas/24-008749-003/2024(H5N1)	1188	C	T	0	0	0	260	143	48	1	260	4.93663e-174	TRUE	NP:cds-XAJ25419.1	ACC	T	ACT	T	396
NP|PP755592.1|A/cattle/Texas/24-008749-003/2024(H5N1)	1194	A	G	1	1	80	258	135	48	0.996139	259	3.75323e-174	TRUE	NP:cds-XAJ25419.1	CAA	Q	CAG	Q	398
NP|PP755592.1|A/cattle/Texas/24-008749-003/2024(H5N1)	1212	A	G	0	0	0	248	127	46	1	248	9.511e-167	TRUE	NP:cds-XAJ25419.1	GGA	G	GGG	G	404
NP|PP755592.1|A/cattle/Texas/24-008749-003/2024(H5N1)	1290	G	A	213	98	42	9	5	48	0.0403587	223	0.000529677	TRUE	NP:cds-XAJ25419.1	ACG	T	ACA	T	430
NP|PP755592.1|A/cattle/Texas/24-008749-003/2024(H5N1)	1371	T	C	208	151	57	3	3	53	0.014218	211	0.0662442	FALSE	NP:cds-XAJ25419.1	TCT	S	TCC	S	457
NP|PP755592.1|A/cattle/Texas/24-008749-003/2024(H5N1)	1424	T	C	167	145	48	2	2	40	0.0118343	169	0.199234	FALSE	NP:cds-XAJ25419.1	ATC	I	ACC	T	475
NP|PP755592.1|A/cattle/Texas/24-008749-003/2024(H5N1)	1445	A	G	0	0	0	140	122	44	1	140	4.50992e-92	TRUE	NP:cds-XAJ25419.1	AAC	N	AGC	S	482
NP|PP755592.1|A/cattle/Texas/24-008749-003/2024(H5N1)	1469	G	T	57	43	36	4	4	28	0.0655738	61	0.0346618	FALSE	NP:cds-XAJ25419.1	GGA	G	GTA	V	490
