REGION	POS	REF	ALT	REF_DP	REF_RV	REF_QUAL	ALT_DP	ALT_RV	ALT_QUAL	ALT_FREQ	TOTAL_DP	PVAL	PASS	GFF_FEATURE	REF_CODON	REF_AA	ALT_CODON	ALT_AA	POS_AA
PB1|PP755595.1|A/cattle/Texas/24-008749-003/2024(H5N1)	18	C	T	0	0	0	72	7	37	1	72	4.35311e-83	TRUE	PB1:cds-XAJ25424.1	ACC	T	ACT	T	6
PB1|PP755595.1|A/cattle/Texas/24-008749-003/2024(H5N1)	34	G	A	99	15	43	1	0	37	0.01	100	0.2079	FALSE	PB1:cds-XAJ25424.1	GTT	V	ATT	I	12
PB1|PP755595.1|A/cattle/Texas/24-008749-003/2024(H5N1)	43	C	-A	115	23	42	5	0	20	0.0124688	401	0.0341489	FALSE	NA	NA	NA	NA	NA	NA
PB1|PP755595.1|A/cattle/Texas/24-008749-003/2024(H5N1)	129	T	C	0	0	0	498	77	42	1	498	0	TRUE	PB1:cds-XAJ25424.1	GTT	V	GTC	V	43
PB1|PP755595.1|A/cattle/Texas/24-008749-003/2024(H5N1)	129	T	C	0	0	0	498	77	42	1	498	0	TRUE	PB1-F2:cds-XAJ25425.1	TTA	L	TCA	S	12
PB1|PP755595.1|A/cattle/Texas/24-008749-003/2024(H5N1)	183	C	T	0	0	0	535	91	45	1	535	0	TRUE	PB1:cds-XAJ25424.1	ACC	T	ACT	T	61
PB1|PP755595.1|A/cattle/Texas/24-008749-003/2024(H5N1)	183	C	T	0	0	0	535	91	45	1	535	0	TRUE	PB1-F2:cds-XAJ25425.1	CCG	P	CTG	L	30
PB1|PP755595.1|A/cattle/Texas/24-008749-003/2024(H5N1)	186	G	A	0	0	0	527	94	46	1	527	0	TRUE	PB1:cds-XAJ25424.1	GGG	G	GGA	G	62
PB1|PP755595.1|A/cattle/Texas/24-008749-003/2024(H5N1)	186	G	A	0	0	0	527	94	46	1	527	0	TRUE	PB1-F2:cds-XAJ25425.1	GGG	G	GAG	E	31
PB1|PP755595.1|A/cattle/Texas/24-008749-003/2024(H5N1)	216	A	T	0	0	0	669	183	51	0.997019	671	0	TRUE	PB1:cds-XAJ25424.1	CCA	P	CCT	P	72
PB1|PP755595.1|A/cattle/Texas/24-008749-003/2024(H5N1)	216	A	T	0	0	0	669	183	51	0.997019	671	0	TRUE	PB1-F2:cds-XAJ25425.1	CAT	H	CTT	L	41
PB1|PP755595.1|A/cattle/Texas/24-008749-003/2024(H5N1)	225	T	G	0	0	0	695	205	53	1	695	0	TRUE	PB1:cds-XAJ25424.1	GAT	D	GAG	E	75
PB1|PP755595.1|A/cattle/Texas/24-008749-003/2024(H5N1)	225	T	G	0	0	0	695	205	53	1	695	0	TRUE	PB1-F2:cds-XAJ25425.1	ATG	M	AGG	R	44
PB1|PP755595.1|A/cattle/Texas/24-008749-003/2024(H5N1)	261	C	T	1	0	39	731	281	52	0.998634	732	0	TRUE	PB1:cds-XAJ25424.1	TGC	C	TGT	C	87
PB1|PP755595.1|A/cattle/Texas/24-008749-003/2024(H5N1)	261	C	T	1	0	39	731	281	52	0.998634	732	0	TRUE	PB1-F2:cds-XAJ25425.1	GCG	A	GTG	V	56
PB1|PP755595.1|A/cattle/Texas/24-008749-003/2024(H5N1)	291	A	G	0	0	0	789	291	52	1	789	0	TRUE	PB1:cds-XAJ25424.1	GAA	E	GAG	E	97
PB1|PP755595.1|A/cattle/Texas/24-008749-003/2024(H5N1)	291	A	G	0	0	0	789	291	52	1	789	0	TRUE	PB1-F2:cds-XAJ25425.1	AAT	N	AGT	S	66
PB1|PP755595.1|A/cattle/Texas/24-008749-003/2024(H5N1)	297	T	C	0	0	0	808	291	51	0.998764	809	0	TRUE	PB1:cds-XAJ25424.1	CAT	H	CAC	H	99
PB1|PP755595.1|A/cattle/Texas/24-008749-003/2024(H5N1)	297	T	C	0	0	0	808	291	51	0.998764	809	0	TRUE	PB1-F2:cds-XAJ25425.1	ATC	I	ACC	T	68
PB1|PP755595.1|A/cattle/Texas/24-008749-003/2024(H5N1)	459	C	T	1	0	39	933	352	47	0.997861	935	0	TRUE	PB1:cds-XAJ25424.1	AAC	N	AAT	N	153
PB1|PP755595.1|A/cattle/Texas/24-008749-003/2024(H5N1)	492	A	T	0	0	0	962	350	47	1	962	0	TRUE	PB1:cds-XAJ25424.1	ATA	I	ATT	I	164
PB1|PP755595.1|A/cattle/Texas/24-008749-003/2024(H5N1)	498	C	T	0	0	0	951	351	46	1	951	0	TRUE	PB1:cds-XAJ25424.1	TTC	F	TTT	F	166
PB1|PP755595.1|A/cattle/Texas/24-008749-003/2024(H5N1)	511	G	A	0	0	0	939	378	47	0.997875	941	0	TRUE	PB1:cds-XAJ25424.1	GTG	V	ATG	M	171
PB1|PP755595.1|A/cattle/Texas/24-008749-003/2024(H5N1)	549	G	A	1	0	38	957	427	47	0.997914	959	0	TRUE	PB1:cds-XAJ25424.1	ACG	T	ACA	T	183
PB1|PP755595.1|A/cattle/Texas/24-008749-003/2024(H5N1)	607	C	A	0	0	0	953	451	48	0.998952	954	0	TRUE	PB1:cds-XAJ25424.1	CGG	R	AGG	R	203
PB1|PP755595.1|A/cattle/Texas/24-008749-003/2024(H5N1)	612	G	A	0	0	0	1016	446	48	1	1016	0	TRUE	PB1:cds-XAJ25424.1	ACG	T	ACA	T	204
PB1|PP755595.1|A/cattle/Texas/24-008749-003/2024(H5N1)	633	G	A	0	0	0	999	436	48	1	999	0	TRUE	PB1:cds-XAJ25424.1	AGG	R	AGA	R	211
PB1|PP755595.1|A/cattle/Texas/24-008749-003/2024(H5N1)	693	C	T	0	0	0	1004	480	45	1	1004	0	TRUE	PB1:cds-XAJ25424.1	GCC	A	GCT	A	231
PB1|PP755595.1|A/cattle/Texas/24-008749-003/2024(H5N1)	735	A	G	0	0	0	1014	517	45	0.999015	1015	0	TRUE	PB1:cds-XAJ25424.1	GGA	G	GGG	G	245
PB1|PP755595.1|A/cattle/Texas/24-008749-003/2024(H5N1)	798	T	C	1	1	35	1054	526	48	0.999052	1055	0	TRUE	PB1:cds-XAJ25424.1	CTT	L	CTC	L	266
PB1|PP755595.1|A/cattle/Texas/24-008749-003/2024(H5N1)	840	C	T	2	0	39	1093	562	50	0.998174	1095	0	TRUE	PB1:cds-XAJ25424.1	GCC	A	GCT	A	280
PB1|PP755595.1|A/cattle/Texas/24-008749-003/2024(H5N1)	855	T	C	0	0	0	1042	547	49	1	1042	0	TRUE	PB1:cds-XAJ25424.1	GTT	V	GTC	V	285
PB1|PP755595.1|A/cattle/Texas/24-008749-003/2024(H5N1)	921	T	C	0	0	0	1015	571	46	1	1015	0	TRUE	PB1:cds-XAJ25424.1	ACT	T	ACC	T	307
PB1|PP755595.1|A/cattle/Texas/24-008749-003/2024(H5N1)	936	C	T	0	0	0	999	571	47	1	999	0	TRUE	PB1:cds-XAJ25424.1	AAC	N	AAT	N	312
PB1|PP755595.1|A/cattle/Texas/24-008749-003/2024(H5N1)	1005	T	C	0	0	0	1001	551	46	1	1001	0	TRUE	PB1:cds-XAJ25424.1	AAT	N	AAC	N	335
PB1|PP755595.1|A/cattle/Texas/24-008749-003/2024(H5N1)	1008	A	C	0	0	0	1032	551	47	1	1032	0	TRUE	PB1:cds-XAJ25424.1	GTA	V	GTC	V	336
PB1|PP755595.1|A/cattle/Texas/24-008749-003/2024(H5N1)	1038	C	T	0	0	0	1033	489	47	1	1033	0	TRUE	PB1:cds-XAJ25424.1	AAC	N	AAT	N	346
PB1|PP755595.1|A/cattle/Texas/24-008749-003/2024(H5N1)	1122	G	A	0	0	0	1034	501	49	1	1034	0	TRUE	PB1:cds-XAJ25424.1	GCG	A	GCA	A	374
PB1|PP755595.1|A/cattle/Texas/24-008749-003/2024(H5N1)	1128	T	C	1	1	71	958	469	47	0.998957	959	0	TRUE	PB1:cds-XAJ25424.1	ATT	I	ATC	I	376
PB1|PP755595.1|A/cattle/Texas/24-008749-003/2024(H5N1)	1131	T	C	0	0	0	965	475	47	1	965	0	TRUE	PB1:cds-XAJ25424.1	GAT	D	GAC	D	377
PB1|PP755595.1|A/cattle/Texas/24-008749-003/2024(H5N1)	1137	A	G	1	1	33	1011	484	48	0.999012	1012	0	TRUE	PB1:cds-XAJ25424.1	AAA	K	AAG	K	379
PB1|PP755595.1|A/cattle/Texas/24-008749-003/2024(H5N1)	1157	G	A	0	0	0	997	505	50	1	997	0	TRUE	PB1:cds-XAJ25424.1	AGG	R	AAG	K	386
PB1|PP755595.1|A/cattle/Texas/24-008749-003/2024(H5N1)	1158	G	A	0	0	0	1008	507	50	1	1008	0	TRUE	PB1:cds-XAJ25424.1	AGG	R	AGA	R	386
PB1|PP755595.1|A/cattle/Texas/24-008749-003/2024(H5N1)	1255	C	T	0	0	0	1038	450	47	1	1038	0	TRUE	PB1:cds-XAJ25424.1	CTG	L	TTG	L	419
PB1|PP755595.1|A/cattle/Texas/24-008749-003/2024(H5N1)	1270	C	T	0	0	0	999	456	46	1	999	0	TRUE	PB1:cds-XAJ25424.1	CTA	L	TTA	L	424
PB1|PP755595.1|A/cattle/Texas/24-008749-003/2024(H5N1)	1289	A	G	0	0	0	1015	493	46	1	1015	0	TRUE	PB1:cds-XAJ25424.1	AAG	K	AGG	R	430
PB1|PP755595.1|A/cattle/Texas/24-008749-003/2024(H5N1)	1302	A	G	0	0	0	1022	522	46	1	1022	0	TRUE	PB1:cds-XAJ25424.1	ACA	T	ACG	T	434
PB1|PP755595.1|A/cattle/Texas/24-008749-003/2024(H5N1)	1329	T	C	0	0	0	1014	489	46	1	1014	0	TRUE	PB1:cds-XAJ25424.1	TCT	S	TCC	S	443
PB1|PP755595.1|A/cattle/Texas/24-008749-003/2024(H5N1)	1350	C	A	0	0	0	1078	523	48	1	1078	0	TRUE	PB1:cds-XAJ25424.1	ATC	I	ATA	I	450
PB1|PP755595.1|A/cattle/Texas/24-008749-003/2024(H5N1)	1362	A	G	0	0	0	1059	502	48	1	1059	0	TRUE	PB1:cds-XAJ25424.1	CCA	P	CCG	P	454
PB1|PP755595.1|A/cattle/Texas/24-008749-003/2024(H5N1)	1386	A	G	0	0	0	1078	501	46	1	1078	0	TRUE	PB1:cds-XAJ25424.1	GGA	G	GGG	G	462
PB1|PP755595.1|A/cattle/Texas/24-008749-003/2024(H5N1)	1419	A	C	0	0	0	1119	477	49	1	1119	0	TRUE	PB1:cds-XAJ25424.1	GTA	V	GTC	V	473
PB1|PP755595.1|A/cattle/Texas/24-008749-003/2024(H5N1)	1428	T	C	3	0	35	1126	492	50	0.997343	1129	0	TRUE	PB1:cds-XAJ25424.1	AAT	N	AAC	N	476
PB1|PP755595.1|A/cattle/Texas/24-008749-003/2024(H5N1)	1446	A	C	0	0	0	1144	516	49	1	1144	0	TRUE	PB1:cds-XAJ25424.1	TCA	S	TCC	S	482
PB1|PP755595.1|A/cattle/Texas/24-008749-003/2024(H5N1)	1461	A	G	1	0	39	1162	506	47	0.99914	1163	0	TRUE	PB1:cds-XAJ25424.1	ACA	T	ACG	T	487
PB1|PP755595.1|A/cattle/Texas/24-008749-003/2024(H5N1)	1464	A	G	1	1	33	1175	515	47	0.99915	1176	0	TRUE	PB1:cds-XAJ25424.1	GGA	G	GGG	G	488
PB1|PP755595.1|A/cattle/Texas/24-008749-003/2024(H5N1)	1491	T	C	0	0	0	1176	559	47	1	1176	0	TRUE	PB1:cds-XAJ25424.1	TAT	Y	TAC	Y	497
PB1|PP755595.1|A/cattle/Texas/24-008749-003/2024(H5N1)	1512	T	C	1	0	76	1201	600	48	0.999168	1202	0	TRUE	PB1:cds-XAJ25424.1	AAT	N	AAC	N	504
PB1|PP755595.1|A/cattle/Texas/24-008749-003/2024(H5N1)	1542	T	G	0	0	0	1280	544	46	1	1280	0	TRUE	PB1:cds-XAJ25424.1	GTT	V	GTG	V	514
PB1|PP755595.1|A/cattle/Texas/24-008749-003/2024(H5N1)	1563	A	G	5	4	54	1279	556	48	0.996106	1284	0	TRUE	PB1:cds-XAJ25424.1	GCA	A	GCG	A	521
PB1|PP755595.1|A/cattle/Texas/24-008749-003/2024(H5N1)	1572	C	T	0	0	0	1325	607	47	1	1325	0	TRUE	PB1:cds-XAJ25424.1	AGC	S	AGT	S	524
PB1|PP755595.1|A/cattle/Texas/24-008749-003/2024(H5N1)	1641	T	A	0	0	0	1361	606	48	0.998533	1363	0	TRUE	PB1:cds-XAJ25424.1	GCT	A	GCA	A	547
PB1|PP755595.1|A/cattle/Texas/24-008749-003/2024(H5N1)	1650	A	G	0	0	0	1332	584	47	1	1332	0	TRUE	PB1:cds-XAJ25424.1	CTA	L	CTG	L	550
PB1|PP755595.1|A/cattle/Texas/24-008749-003/2024(H5N1)	1722	C	T	1	0	35	1390	704	50	0.998563	1392	0	TRUE	PB1:cds-XAJ25424.1	TTC	F	TTT	F	574
PB1|PP755595.1|A/cattle/Texas/24-008749-003/2024(H5N1)	1731	A	G	0	0	0	1365	693	50	1	1365	0	TRUE	PB1:cds-XAJ25424.1	AAA	K	AAG	K	577
PB1|PP755595.1|A/cattle/Texas/24-008749-003/2024(H5N1)	1733	A	G	0	0	0	1381	690	50	1	1381	0	TRUE	PB1:cds-XAJ25424.1	AAG	K	AGG	R	578
PB1|PP755595.1|A/cattle/Texas/24-008749-003/2024(H5N1)	1759	C	G	0	0	0	1395	689	51	1	1395	0	TRUE	PB1:cds-XAJ25424.1	CCA	P	GCA	A	587
PB1|PP755595.1|A/cattle/Texas/24-008749-003/2024(H5N1)	1773	C	T	0	0	0	1381	732	50	1	1381	0	TRUE	PB1:cds-XAJ25424.1	GTC	V	GTT	V	591
PB1|PP755595.1|A/cattle/Texas/24-008749-003/2024(H5N1)	1785	G	A	2	1	56	1322	753	49	0.997736	1325	0	TRUE	PB1:cds-XAJ25424.1	GGG	G	GGA	G	595
PB1|PP755595.1|A/cattle/Texas/24-008749-003/2024(H5N1)	1806	A	G	0	0	0	1335	707	48	1	1335	0	TRUE	PB1:cds-XAJ25424.1	CGA	R	CGG	R	602
PB1|PP755595.1|A/cattle/Texas/24-008749-003/2024(H5N1)	1809	T	C	0	0	0	1356	740	48	1	1356	0	TRUE	PB1:cds-XAJ25424.1	AAT	N	AAC	N	603
PB1|PP755595.1|A/cattle/Texas/24-008749-003/2024(H5N1)	1830	C	T	0	0	0	1355	783	48	0.999263	1356	0	TRUE	PB1:cds-XAJ25424.1	TGC	C	TGT	C	610
PB1|PP755595.1|A/cattle/Texas/24-008749-003/2024(H5N1)	1851	C	T	0	0	0	1337	767	47	1	1337	0	TRUE	PB1:cds-XAJ25424.1	GAC	D	GAT	D	617
PB1|PP755595.1|A/cattle/Texas/24-008749-003/2024(H5N1)	1853	A	G	0	0	0	1327	764	46	0.999247	1328	0	TRUE	PB1:cds-XAJ25424.1	GAA	E	GGA	G	618
PB1|PP755595.1|A/cattle/Texas/24-008749-003/2024(H5N1)	1875	T	C	1	1	39	1339	762	48	0.999254	1340	0	TRUE	PB1:cds-XAJ25424.1	TGT	C	TGC	C	625
PB1|PP755595.1|A/cattle/Texas/24-008749-003/2024(H5N1)	1887	T	C	2	1	36	1294	701	47	0.997687	1297	0	TRUE	PB1:cds-XAJ25424.1	AAT	N	AAC	N	629
PB1|PP755595.1|A/cattle/Texas/24-008749-003/2024(H5N1)	1896	A	C	0	0	0	1306	742	46	1	1306	0	TRUE	PB1:cds-XAJ25424.1	GTA	V	GTC	V	632
PB1|PP755595.1|A/cattle/Texas/24-008749-003/2024(H5N1)	1956	T	C	1	1	26	1376	728	46	0.997825	1379	0	TRUE	PB1:cds-XAJ25424.1	GCT	A	GCC	A	652
PB1|PP755595.1|A/cattle/Texas/24-008749-003/2024(H5N1)	1992	C	T	0	0	0	1341	746	49	1	1341	0	TRUE	PB1:cds-XAJ25424.1	CAC	H	CAT	H	664
PB1|PP755595.1|A/cattle/Texas/24-008749-003/2024(H5N1)	2019	T	C	1	0	39	1305	773	51	0.999234	1306	0	TRUE	PB1:cds-XAJ25424.1	TCT	S	TCC	S	673
PB1|PP755595.1|A/cattle/Texas/24-008749-003/2024(H5N1)	2025	T	C	0	0	0	1295	769	52	1	1295	0	TRUE	PB1:cds-XAJ25424.1	CTT	L	CTC	L	675
PB1|PP755595.1|A/cattle/Texas/24-008749-003/2024(H5N1)	2085	A	G	1	1	74	1212	843	59	0.999176	1213	0	TRUE	PB1:cds-XAJ25424.1	CTA	L	CTG	L	695
PB1|PP755595.1|A/cattle/Texas/24-008749-003/2024(H5N1)	2178	A	G	2	2	39	911	703	53	0.997809	913	0	TRUE	PB1:cds-XAJ25424.1	GCA	A	GCG	A	726
PB1|PP755595.1|A/cattle/Texas/24-008749-003/2024(H5N1)	2187	C	T	0	0	0	906	713	52	0.998897	907	0	TRUE	PB1:cds-XAJ25424.1	GAC	D	GAT	D	729
PB1|PP755595.1|A/cattle/Texas/24-008749-003/2024(H5N1)	2200	C	A	1	0	75	899	732	51	0.99778	901	0	TRUE	PB1:cds-XAJ25424.1	CGG	R	AGG	R	734
