REGION	POS	REF	ALT	REF_DP	REF_RV	REF_QUAL	ALT_DP	ALT_RV	ALT_QUAL	ALT_FREQ	TOTAL_DP	PVAL	PASS	GFF_FEATURE	REF_CODON	REF_AA	ALT_CODON	ALT_AA	POS_AA
PB2|PP755596.1|A/cattle/Texas/24-008749-003/2024(H5N1)	33	G	A	134	23	36	2	0	26	0.0147059	136	0.416747	FALSE	PB2:cds-XAJ25426.1	ATG	M	ATA	I	11
PB2|PP755596.1|A/cattle/Texas/24-008749-003/2024(H5N1)	172	G	A	0	0	0	285	100	38	0.996503	286	4.1055e-187	TRUE	PB2:cds-XAJ25426.1	GCA	A	ACA	T	58
PB2|PP755596.1|A/cattle/Texas/24-008749-003/2024(H5N1)	222	A	G	301	142	37	10	3	44	0.0321543	311	0.000398259	TRUE	PB2:cds-XAJ25426.1	GGA	G	GGG	G	74
PB2|PP755596.1|A/cattle/Texas/24-008749-003/2024(H5N1)	240	G	A	0	0	0	278	145	36	1	278	3.54003e-184	TRUE	PB2:cds-XAJ25426.1	AAG	K	AAA	K	80
PB2|PP755596.1|A/cattle/Texas/24-008749-003/2024(H5N1)	300	T	C	0	0	0	325	177	36	1	325	1.61946e-207	TRUE	PB2:cds-XAJ25426.1	AAT	N	AAC	N	100
PB2|PP755596.1|A/cattle/Texas/24-008749-003/2024(H5N1)	587	G	A	392	228	37	5	2	46	0.0125945	397	0.0203216	FALSE	PB2:cds-XAJ25426.1	TGC	C	TAC	Y	196
PB2|PP755596.1|A/cattle/Texas/24-008749-003/2024(H5N1)	630	G	A	0	0	0	389	214	36	1	389	9.8975e-261	TRUE	PB2:cds-XAJ25426.1	GAG	E	GAA	E	210
PB2|PP755596.1|A/cattle/Texas/24-008749-003/2024(H5N1)	705	C	T	0	0	0	424	246	37	1	424	4.46171e-271	TRUE	PB2:cds-XAJ25426.1	ACC	T	ACT	T	235
PB2|PP755596.1|A/cattle/Texas/24-008749-003/2024(H5N1)	764	C	T	0	0	0	412	211	36	1	412	1.58354e-260	TRUE	PB2:cds-XAJ25426.1	GCA	A	GTA	V	255
PB2|PP755596.1|A/cattle/Texas/24-008749-003/2024(H5N1)	912	G	A	0	0	0	468	212	36	1	468	1.32758e-303	TRUE	PB2:cds-XAJ25426.1	GAG	E	GAA	E	304
PB2|PP755596.1|A/cattle/Texas/24-008749-003/2024(H5N1)	1085	G	C	330	64	34	5	5	27	0.014881	336	0.345819	FALSE	PB2:cds-XAJ25426.1	GGG	G	GCG	A	362
PB2|PP755596.1|A/cattle/Texas/24-008749-003/2024(H5N1)	1269	G	A	427	195	35	7	6	38	0.016129	434	0.00495223	TRUE	PB2:cds-XAJ25426.1	AGG	R	AGA	R	423
PB2|PP755596.1|A/cattle/Texas/24-008749-003/2024(H5N1)	1392	G	A	1	1	34	494	331	35	0.99798	495	0	TRUE	PB2:cds-XAJ25426.1	TTG	L	TTA	L	464
PB2|PP755596.1|A/cattle/Texas/24-008749-003/2024(H5N1)	1461	A	G	0	0	0	439	261	35	1	439	7.49469e-280	TRUE	PB2:cds-XAJ25426.1	GAA	E	GAG	E	487
PB2|PP755596.1|A/cattle/Texas/24-008749-003/2024(H5N1)	1770	T	C	190	111	36	443	234	35	0.699842	633	2.18101e-207	TRUE	PB2:cds-XAJ25426.1	GGT	G	GGC	G	590
PB2|PP755596.1|A/cattle/Texas/24-008749-003/2024(H5N1)	1857	C	T	508	228	36	16	10	33	0.0305344	524	4.03576e-06	TRUE	PB2:cds-XAJ25426.1	CTC	L	CTT	L	619
PB2|PP755596.1|A/cattle/Texas/24-008749-003/2024(H5N1)	2009	A	G	0	0	0	488	283	36	1	488	7.03696e-315	TRUE	PB2:cds-XAJ25426.1	AAA	K	AGA	R	670
PB2|PP755596.1|A/cattle/Texas/24-008749-003/2024(H5N1)	2046	C	A	309	174	37	187	109	36	0.377016	496	1.64308e-73	TRUE	PB2:cds-XAJ25426.1	GGC	G	GGA	G	682
PB2|PP755596.1|A/cattle/Texas/24-008749-003/2024(H5N1)	2273	T	C	0	0	0	376	362	36	1	376	1.95425e-237	TRUE	PB2:cds-XAJ25426.1	ATC	I	ACC	T	758
