REGION	POS	REF	ALT	REF_DP	REF_RV	REF_QUAL	ALT_DP	ALT_RV	ALT_QUAL	ALT_FREQ	TOTAL_DP	PVAL	PASS	GFF_FEATURE	REF_CODON	REF_AA	ALT_CODON	ALT_AA	POS_AA
NS|PP755593.1|A/cattle/Texas/24-008749-003/2024(H5N1)	199	A	G	7	4	43	27903	13235	40	0.999713	27911	0	TRUE	NS1:cds-XAJ25420.1	AGG	R	GGG	G	67
NS|PP755593.1|A/cattle/Texas/24-008749-003/2024(H5N1)	211	G	A	28209	13822	42	332	140	39	0.0116312	28544	1.08776e-79	TRUE	NS1:cds-XAJ25420.1	GAA	E	AAA	K	71
NS|PP755593.1|A/cattle/Texas/24-008749-003/2024(H5N1)	222	T	C	10	7	49	28483	14985	43	0.999579	28495	0	TRUE	NS1:cds-XAJ25420.1	GAT	D	GAC	D	74
NS|PP755593.1|A/cattle/Texas/24-008749-003/2024(H5N1)	441	C	A	29298	13324	41	484	319	40	0.0162482	29788	2.00542e-166	TRUE	NS1:cds-XAJ25420.1	CTC	L	CTA	L	147
