REGION	POS	REF	ALT	REF_DP	REF_RV	REF_QUAL	ALT_DP	ALT_RV	ALT_QUAL	ALT_FREQ	TOTAL_DP	PVAL	PASS	GFF_FEATURE	REF_CODON	REF_AA	ALT_CODON	ALT_AA	POS_AA
HA|PP755589.1|A/cattle/Texas/24-008749-003/2024(H5N1)	51	T	C	0	0	0	7	7	34	1	7	0.000582751	TRUE	HA:cds-XAJ25415.1	GAT	D	GAC	D	17
HA|PP755589.1|A/cattle/Texas/24-008749-003/2024(H5N1)	54	G	A	0	0	0	21	21	29	1	21	1.85785e-12	TRUE	HA:cds-XAJ25415.1	CAG	Q	CAA	Q	18
HA|PP755589.1|A/cattle/Texas/24-008749-003/2024(H5N1)	57	T	C	1	0	34	22	22	29	0.956522	23	8.50171e-14	TRUE	HA:cds-XAJ25415.1	ATT	I	ATC	I	19
HA|PP755589.1|A/cattle/Texas/24-008749-003/2024(H5N1)	84	G	A	0	0	0	430	58	35	1	430	0	TRUE	HA:cds-XAJ25415.1	TCG	S	TCA	S	28
HA|PP755589.1|A/cattle/Texas/24-008749-003/2024(H5N1)	93	A	G	0	0	0	435	56	36	1	435	0	TRUE	HA:cds-XAJ25415.1	CAA	Q	CAG	Q	31
HA|PP755589.1|A/cattle/Texas/24-008749-003/2024(H5N1)	99	C	T	0	0	0	2	2	22	1	2	0.0222222	FALSE	HA:cds-XAJ25415.1	GAC	D	GAT	D	33
HA|PP755589.1|A/cattle/Texas/24-008749-003/2024(H5N1)	202	T	C	1	0	34	11	6	31	0.916667	12	8.87523e-06	TRUE	HA:cds-XAJ25415.1	TTA	L	CTA	L	68
HA|PP755589.1|A/cattle/Texas/24-008749-003/2024(H5N1)	204	A	G	0	0	0	12	6	32	1	12	7.39602e-07	TRUE	HA:cds-XAJ25415.1	TTA	L	TTG	L	68
HA|PP755589.1|A/cattle/Texas/24-008749-003/2024(H5N1)	210	C	T	10	1	37	823	462	39	0.987995	833	0	TRUE	HA:cds-XAJ25415.1	GAC	D	GAT	D	70
HA|PP755589.1|A/cattle/Texas/24-008749-003/2024(H5N1)	231	C	T	0	0	0	873	515	38	1	873	0	TRUE	HA:cds-XAJ25415.1	CTC	L	CTT	L	77
HA|PP755589.1|A/cattle/Texas/24-008749-003/2024(H5N1)	234	C	T	0	0	0	878	523	39	1	878	0	TRUE	HA:cds-XAJ25415.1	CTC	L	CTT	L	78
HA|PP755589.1|A/cattle/Texas/24-008749-003/2024(H5N1)	249	C	T	2	2	51	168	142	36	0.988235	170	7.68136e-102	TRUE	HA:cds-XAJ25415.1	TGC	C	TGT	C	83
HA|PP755589.1|A/cattle/Texas/24-008749-003/2024(H5N1)	252	C	T	0	0	0	162	145	35	1	162	1.05606e-100	TRUE	HA:cds-XAJ25415.1	GAC	D	GAT	D	84
HA|PP755589.1|A/cattle/Texas/24-008749-003/2024(H5N1)	259	A	C	0	0	0	139	133	35	1	139	1.41894e-84	TRUE	HA:cds-XAJ25415.1	ATC	I	CTC	L	87
HA|PP755589.1|A/cattle/Texas/24-008749-003/2024(H5N1)	261	C	G	0	0	0	139	133	35	1	139	1.41894e-84	TRUE	HA:cds-XAJ25415.1	ATC	I	ATG	M	87
HA|PP755589.1|A/cattle/Texas/24-008749-003/2024(H5N1)	263	G	A	0	0	0	137	132	35	1	137	5.90345e-84	TRUE	HA:cds-XAJ25415.1	AGA	R	AAA	K	88
HA|PP755589.1|A/cattle/Texas/24-008749-003/2024(H5N1)	264	A	T	0	0	0	139	133	35	1	139	1.41894e-84	TRUE	HA:cds-XAJ25415.1	AGA	R	AGT	S	88
HA|PP755589.1|A/cattle/Texas/24-008749-003/2024(H5N1)	267	G	A	3	3	34	135	129	35	0.978261	138	1.49838e-78	TRUE	HA:cds-XAJ25415.1	GTG	V	GTA	V	89
HA|PP755589.1|A/cattle/Texas/24-008749-003/2024(H5N1)	279	T	A	0	0	0	138	133	35	1	138	2.88892e-84	TRUE	HA:cds-XAJ25415.1	TCT	S	TCA	S	93
HA|PP755589.1|A/cattle/Texas/24-008749-003/2024(H5N1)	285	A	C	0	0	0	2	1	34	1	2	0.333333	FALSE	HA:cds-XAJ25415.1	ATA	I	ATC	I	95
HA|PP755589.1|A/cattle/Texas/24-008749-003/2024(H5N1)	480	C	T	0	0	0	295	292	33	1	295	1.88848e-177	TRUE	HA:cds-XAJ25415.1	TTC	F	TTT	F	160
HA|PP755589.1|A/cattle/Texas/24-008749-003/2024(H5N1)	489	G	A	281	278	33	22	22	34	0.0726073	303	1.49151e-07	TRUE	HA:cds-XAJ25415.1	GTG	V	GTA	V	163
HA|PP755589.1|A/cattle/Texas/24-008749-003/2024(H5N1)	496	C	T	0	0	0	247	244	32	1	247	1.37053e-148	TRUE	HA:cds-XAJ25415.1	CTT	L	TTT	F	166
HA|PP755589.1|A/cattle/Texas/24-008749-003/2024(H5N1)	498	T	G	0	0	0	248	246	33	1	248	6.83888e-149	TRUE	HA:cds-XAJ25415.1	CTT	L	CTG	L	166
HA|PP755589.1|A/cattle/Texas/24-008749-003/2024(H5N1)	504	A	G	0	0	0	274	269	33	1	274	6.37149e-164	TRUE	HA:cds-XAJ25415.1	AAA	K	AAG	K	168
HA|PP755589.1|A/cattle/Texas/24-008749-003/2024(H5N1)	511	G	A	1	1	34	273	268	34	0.99635	274	1.74579e-161	TRUE	HA:cds-XAJ25415.1	GAT	D	AAT	N	171
HA|PP755589.1|A/cattle/Texas/24-008749-003/2024(H5N1)	516	A	G	0	0	0	274	269	33	1	274	6.37149e-164	TRUE	HA:cds-XAJ25415.1	GCA	A	GCG	A	172
HA|PP755589.1|A/cattle/Texas/24-008749-003/2024(H5N1)	690	T	C	0	0	0	69	17	34	1	69	8.46597e-41	TRUE	HA:cds-XAJ25415.1	GCT	A	GCC	A	230
HA|PP755589.1|A/cattle/Texas/24-008749-003/2024(H5N1)	697	T	C	0	0	0	69	17	34	1	69	8.46597e-41	TRUE	HA:cds-XAJ25415.1	TCC	S	CCC	P	233
HA|PP755589.1|A/cattle/Texas/24-008749-003/2024(H5N1)	700	C	A	0	0	0	69	17	33	1	69	8.46597e-41	TRUE	HA:cds-XAJ25415.1	CAA	Q	AAA	K	234
HA|PP755589.1|A/cattle/Texas/24-008749-003/2024(H5N1)	705	A	G	6	0	31	65	17	33	0.915493	71	1.17335e-33	TRUE	HA:cds-XAJ25415.1	GTA	V	GTG	V	235
HA|PP755589.1|A/cattle/Texas/24-008749-003/2024(H5N1)	715	C	A	0	0	0	70	17	33	1	70	1.06586e-41	TRUE	HA:cds-XAJ25415.1	CGT	R	AGT	S	239
HA|PP755589.1|A/cattle/Texas/24-008749-003/2024(H5N1)	878	A	G	0	0	0	265	0	33	1	265	1.64261e-158	TRUE	HA:cds-XAJ25415.1	AAA	K	AGA	R	293
HA|PP755589.1|A/cattle/Texas/24-008749-003/2024(H5N1)	885	A	G	0	0	0	299	0	33	1	299	2.95566e-179	TRUE	HA:cds-XAJ25415.1	CAA	Q	CAG	Q	295
HA|PP755589.1|A/cattle/Texas/24-008749-003/2024(H5N1)	894	A	G	0	0	0	297	0	33	1	297	1.18425e-178	TRUE	HA:cds-XAJ25415.1	GTA	V	GTG	V	298
HA|PP755589.1|A/cattle/Texas/24-008749-003/2024(H5N1)	897	T	A	0	0	0	297	0	33	0.996644	298	1.18425e-178	TRUE	HA:cds-XAJ25415.1	GGT	G	GGA	G	299
HA|PP755589.1|A/cattle/Texas/24-008749-003/2024(H5N1)	900	G	T	0	0	0	300	0	33	1	300	1.4803e-179	TRUE	HA:cds-XAJ25415.1	GCG	A	GCT	A	300
HA|PP755589.1|A/cattle/Texas/24-008749-003/2024(H5N1)	909	T	C	0	0	0	300	0	33	1	300	7.40149e-180	TRUE	HA:cds-XAJ25415.1	TCT	S	TCC	S	303
HA|PP755589.1|A/cattle/Texas/24-008749-003/2024(H5N1)	918	A	C	0	0	0	300	0	33	1	300	7.40149e-180	TRUE	HA:cds-XAJ25415.1	CCA	P	CCC	P	306
HA|PP755589.1|A/cattle/Texas/24-008749-003/2024(H5N1)	921	T	C	0	0	0	301	0	33	1	301	3.7069e-180	TRUE	HA:cds-XAJ25415.1	TTT	F	TTC	F	307
HA|PP755589.1|A/cattle/Texas/24-008749-003/2024(H5N1)	927	C	T	0	0	0	301	0	33	1	301	3.7069e-180	TRUE	HA:cds-XAJ25415.1	AAC	N	AAT	N	309
HA|PP755589.1|A/cattle/Texas/24-008749-003/2024(H5N1)	928	A	G	1	0	34	296	0	33	0.996633	297	1.79125e-176	TRUE	HA:cds-XAJ25415.1	ATA	I	GTA	V	310
HA|PP755589.1|A/cattle/Texas/24-008749-003/2024(H5N1)	930	A	T	0	0	0	299	0	33	1	299	1.4803e-179	TRUE	HA:cds-XAJ25415.1	ATA	I	ATT	I	310
HA|PP755589.1|A/cattle/Texas/24-008749-003/2024(H5N1)	939	C	T	0	0	0	479	0	33	1	479	1.59265e-287	TRUE	HA:cds-XAJ25415.1	CTC	L	CTT	L	313
HA|PP755589.1|A/cattle/Texas/24-008749-003/2024(H5N1)	951	A	G	0	0	0	464	0	33	1	464	2.11749e-279	TRUE	HA:cds-XAJ25415.1	GAA	E	GAG	E	317
HA|PP755589.1|A/cattle/Texas/24-008749-003/2024(H5N1)	1031	A	+C	12	7	29	13	0	20	1	13	0.00145975	TRUE	NA	NA	NA	NA	NA	NA
HA|PP755589.1|A/cattle/Texas/24-008749-003/2024(H5N1)	1038	T	C	1	0	34	26	21	35	0.962963	27	1.43815e-14	TRUE	HA:cds-XAJ25415.1	GGT	G	GGC	G	346
HA|PP755589.1|A/cattle/Texas/24-008749-003/2024(H5N1)	1041	G	A	0	0	0	72	66	30	1	72	2.33405e-44	TRUE	HA:cds-XAJ25415.1	CTG	L	CTA	L	347
HA|PP755589.1|A/cattle/Texas/24-008749-003/2024(H5N1)	1047	G	A	2	0	34	80	73	34	0.97561	82	2.58938e-47	TRUE	HA:cds-XAJ25415.1	GGG	G	GGA	G	349
HA|PP755589.1|A/cattle/Texas/24-008749-003/2024(H5N1)	1050	G	A	9	0	37	84	74	34	0.903226	93	9.49179e-48	TRUE	HA:cds-XAJ25415.1	GCG	A	GCA	A	350
HA|PP755589.1|A/cattle/Texas/24-008749-003/2024(H5N1)	1059	G	A	4	0	31	952	418	36	0.994775	957	0	TRUE	HA:cds-XAJ25415.1	GGG	G	GGA	G	353
HA|PP755589.1|A/cattle/Texas/24-008749-003/2024(H5N1)	1062	T	C	1	0	33	954	418	36	0.998953	955	0	TRUE	HA:cds-XAJ25415.1	TTT	F	TTC	F	354
HA|PP755589.1|A/cattle/Texas/24-008749-003/2024(H5N1)	1068	G	A	1	0	34	1205	447	36	0.998343	1207	0	TRUE	HA:cds-XAJ25415.1	GAG	E	GAA	E	356
HA|PP755589.1|A/cattle/Texas/24-008749-003/2024(H5N1)	1080	G	A	2	1	51	1331	481	37	0.9985	1333	0	TRUE	HA:cds-XAJ25415.1	CAG	Q	CAA	Q	360
HA|PP755589.1|A/cattle/Texas/24-008749-003/2024(H5N1)	1095	T	A	0	0	0	1539	526	36	0.998702	1541	0	TRUE	HA:cds-XAJ25415.1	GGT	G	GGA	G	365
HA|PP755589.1|A/cattle/Texas/24-008749-003/2024(H5N1)	1101	T	C	0	0	0	1585	559	36	1	1585	0	TRUE	HA:cds-XAJ25415.1	TAT	Y	TAC	Y	367
HA|PP755589.1|A/cattle/Texas/24-008749-003/2024(H5N1)	1104	G	A	1	0	34	1604	578	36	0.999377	1605	0	TRUE	HA:cds-XAJ25415.1	GGG	G	GGA	G	368
HA|PP755589.1|A/cattle/Texas/24-008749-003/2024(H5N1)	1128	G	A	0	0	0	2050	581	37	0.999512	2051	0	TRUE	HA:cds-XAJ25415.1	GGG	G	GGA	G	376
HA|PP755589.1|A/cattle/Texas/24-008749-003/2024(H5N1)	1134	G	A	11	0	33	2107	535	36	0.994806	2118	0	TRUE	HA:cds-XAJ25415.1	GGG	G	GGA	G	378
HA|PP755589.1|A/cattle/Texas/24-008749-003/2024(H5N1)	1137	C	T	0	0	0	2093	516	36	1	2093	0	TRUE	HA:cds-XAJ25415.1	TAC	Y	TAT	Y	379
HA|PP755589.1|A/cattle/Texas/24-008749-003/2024(H5N1)	1143	G	A	2	0	34	2136	522	36	0.999065	2138	0	TRUE	HA:cds-XAJ25415.1	GCG	A	GCA	A	381
HA|PP755589.1|A/cattle/Texas/24-008749-003/2024(H5N1)	1155	C	T	4	0	34	2099	527	36	0.998098	2103	0	TRUE	HA:cds-XAJ25415.1	TCC	S	TCT	S	385
HA|PP755589.1|A/cattle/Texas/24-008749-003/2024(H5N1)	1161	A	G	7	5	31	1881	432	35	0.996292	1888	0	TRUE	HA:cds-XAJ25415.1	CAA	Q	CAG	Q	387
HA|PP755589.1|A/cattle/Texas/24-008749-003/2024(H5N1)	1164	G	A	9	7	29	1889	431	36	0.995258	1898	0	TRUE	HA:cds-XAJ25415.1	AAG	K	AAA	K	388
HA|PP755589.1|A/cattle/Texas/24-008749-003/2024(H5N1)	1170	A	C	0	0	0	1867	425	35	1	1867	0	TRUE	HA:cds-XAJ25415.1	ATA	I	ATC	I	390
HA|PP755589.1|A/cattle/Texas/24-008749-003/2024(H5N1)	1176	A	G	2	0	68	1821	399	35	0.998903	1823	0	TRUE	HA:cds-XAJ25415.1	GGA	G	GGG	G	392
HA|PP755589.1|A/cattle/Texas/24-008749-003/2024(H5N1)	1177	G	A	3	2	34	1835	397	35	0.998368	1838	0	TRUE	HA:cds-XAJ25415.1	GTT	V	ATT	I	393
HA|PP755589.1|A/cattle/Texas/24-008749-003/2024(H5N1)	1179	T	C	1	0	34	1828	403	35	0.999453	1829	0	TRUE	HA:cds-XAJ25415.1	GTT	V	GTC	V	393
HA|PP755589.1|A/cattle/Texas/24-008749-003/2024(H5N1)	1188	G	A	0	0	0	2290	726	38	1	2290	0	TRUE	HA:cds-XAJ25415.1	AAG	K	AAA	K	396
HA|PP755589.1|A/cattle/Texas/24-008749-003/2024(H5N1)	1191	C	A	0	0	0	2294	731	39	1	2294	0	TRUE	HA:cds-XAJ25415.1	GTC	V	GTA	V	397
HA|PP755589.1|A/cattle/Texas/24-008749-003/2024(H5N1)	1224	T	C	0	0	0	93	45	34	1	93	7.6747e-63	TRUE	HA:cds-XAJ25415.1	TTT	F	TTC	F	408
HA|PP755589.1|A/cattle/Texas/24-008749-003/2024(H5N1)	1227	G	A	0	0	0	56	40	29	1	56	1.34863e-35	TRUE	HA:cds-XAJ25415.1	GAG	E	GAA	E	409
HA|PP755589.1|A/cattle/Texas/24-008749-003/2024(H5N1)	1230	A	C	0	0	0	8	0	38	1	8	7.77001e-05	TRUE	HA:cds-XAJ25415.1	GCA	A	GCC	A	410
HA|PP755589.1|A/cattle/Texas/24-008749-003/2024(H5N1)	1252	T	C	0	0	0	27	27	32	1	27	1.02725e-15	TRUE	HA:cds-XAJ25415.1	TTA	L	CTA	L	418
HA|PP755589.1|A/cattle/Texas/24-008749-003/2024(H5N1)	1254	A	G	1	1	34	29	29	31	0.966667	30	3.63833e-20	TRUE	HA:cds-XAJ25415.1	TTA	L	TTG	L	418
HA|PP755589.1|A/cattle/Texas/24-008749-003/2024(H5N1)	1263	G	A	0	0	0	879	481	33	1	879	0	TRUE	HA:cds-XAJ25415.1	AGG	R	AGA	R	421
HA|PP755589.1|A/cattle/Texas/24-008749-003/2024(H5N1)	1269	G	A	0	0	0	905	487	34	1	905	0	TRUE	HA:cds-XAJ25415.1	GAG	E	GAA	E	423
HA|PP755589.1|A/cattle/Texas/24-008749-003/2024(H5N1)	1272	T	C	0	0	0	907	480	34	1	907	0	TRUE	HA:cds-XAJ25415.1	AAT	N	AAC	N	424
HA|PP755589.1|A/cattle/Texas/24-008749-003/2024(H5N1)	1278	C	T	0	0	0	935	496	34	1	935	0	TRUE	HA:cds-XAJ25415.1	AAC	N	AAT	N	426
HA|PP755589.1|A/cattle/Texas/24-008749-003/2024(H5N1)	1280	A	G	0	0	0	928	492	34	1	928	0	TRUE	HA:cds-XAJ25415.1	AAG	K	AGG	R	427
HA|PP755589.1|A/cattle/Texas/24-008749-003/2024(H5N1)	1293	C	T	0	0	0	1017	519	34	1	1017	0	TRUE	HA:cds-XAJ25415.1	GAC	D	GAT	D	431
HA|PP755589.1|A/cattle/Texas/24-008749-003/2024(H5N1)	1296	A	G	1	0	34	1028	534	34	0.999028	1029	0	TRUE	HA:cds-XAJ25415.1	GGA	G	GGG	G	432
HA|PP755589.1|A/cattle/Texas/24-008749-003/2024(H5N1)	1299	C	T	0	0	0	1034	536	34	1	1034	0	TRUE	HA:cds-XAJ25415.1	TTC	F	TTT	F	433
HA|PP755589.1|A/cattle/Texas/24-008749-003/2024(H5N1)	1300	C	T	0	0	0	1031	536	34	1	1031	0	TRUE	HA:cds-XAJ25415.1	CTA	L	TTA	L	434
HA|PP755589.1|A/cattle/Texas/24-008749-003/2024(H5N1)	1308	C	A	0	0	0	1591	833	35	0.999372	1592	0	TRUE	HA:cds-XAJ25415.1	GTC	V	GTA	V	436
HA|PP755589.1|A/cattle/Texas/24-008749-003/2024(H5N1)	1314	A	T	1	0	34	1686	833	35	0.997043	1691	0	TRUE	HA:cds-XAJ25415.1	ACA	T	ACT	T	438
HA|PP755589.1|A/cattle/Texas/24-008749-003/2024(H5N1)	1317	T	C	0	0	0	1700	848	35	1	1700	0	TRUE	HA:cds-XAJ25415.1	TAT	Y	TAC	Y	439
HA|PP755589.1|A/cattle/Texas/24-008749-003/2024(H5N1)	1323	T	A	0	0	0	1908	928	35	1	1908	0	TRUE	HA:cds-XAJ25415.1	GCT	A	GCA	A	441
HA|PP755589.1|A/cattle/Texas/24-008749-003/2024(H5N1)	1332	A	T	0	0	0	2022	989	35	0.998519	2025	0	TRUE	HA:cds-XAJ25415.1	CTA	L	CTT	L	444
HA|PP755589.1|A/cattle/Texas/24-008749-003/2024(H5N1)	1335	T	G	0	0	0	2030	982	35	0.999016	2032	0	TRUE	HA:cds-XAJ25415.1	GTT	V	GTG	V	445
HA|PP755589.1|A/cattle/Texas/24-008749-003/2024(H5N1)	1353	G	A	0	0	0	2012	1066	35	1	2012	0	TRUE	HA:cds-XAJ25415.1	AGG	R	AGA	R	451
HA|PP755589.1|A/cattle/Texas/24-008749-003/2024(H5N1)	1357	C	T	2	0	51	2012	1061	35	0.999007	2014	0	TRUE	HA:cds-XAJ25415.1	CTA	L	TTA	L	453
HA|PP755589.1|A/cattle/Texas/24-008749-003/2024(H5N1)	1359	A	G	0	0	0	2003	1051	35	0.999501	2004	0	TRUE	HA:cds-XAJ25415.1	CTA	L	CTG	L	453
HA|PP755589.1|A/cattle/Texas/24-008749-003/2024(H5N1)	1362	T	C	0	0	0	2099	1165	36	1	2099	0	TRUE	HA:cds-XAJ25415.1	GAT	D	GAC	D	454
HA|PP755589.1|A/cattle/Texas/24-008749-003/2024(H5N1)	1389	T	A	0	0	0	286	267	31	0.993056	288	1.67253e-188	TRUE	HA:cds-XAJ25415.1	CTT	L	CTA	L	463
HA|PP755589.1|A/cattle/Texas/24-008749-003/2024(H5N1)	1392	C	T	0	0	0	265	249	31	1	265	6.75958e-161	TRUE	HA:cds-XAJ25415.1	TAC	Y	TAT	Y	464
HA|PP755589.1|A/cattle/Texas/24-008749-003/2024(H5N1)	1395	C	T	0	0	0	188	173	33	1	188	7.92109e-113	TRUE	HA:cds-XAJ25415.1	GAC	D	GAT	D	465
HA|PP755589.1|A/cattle/Texas/24-008749-003/2024(H5N1)	1398	A	G	0	0	0	188	173	33	1	188	7.92109e-113	TRUE	HA:cds-XAJ25415.1	AAA	K	AAG	K	466
HA|PP755589.1|A/cattle/Texas/24-008749-003/2024(H5N1)	1402	A	C	0	0	0	188	174	33	1	188	7.92109e-113	TRUE	HA:cds-XAJ25415.1	AGA	R	CGA	R	468
HA|PP755589.1|A/cattle/Texas/24-008749-003/2024(H5N1)	1405	T	C	0	0	0	190	175	33	1	190	1.9855e-113	TRUE	HA:cds-XAJ25415.1	TTA	L	CTA	L	469
HA|PP755589.1|A/cattle/Texas/24-008749-003/2024(H5N1)	1407	A	C	0	0	0	189	174	33	1	189	3.96054e-113	TRUE	HA:cds-XAJ25415.1	TTA	L	TTC	F	469
HA|PP755589.1|A/cattle/Texas/24-008749-003/2024(H5N1)	1413	T	G	0	0	0	190	175	33	1	190	1.9855e-113	TRUE	HA:cds-XAJ25415.1	CTT	L	CTG	L	471
HA|PP755589.1|A/cattle/Texas/24-008749-003/2024(H5N1)	1416	G	A	0	0	0	190	175	33	1	190	1.9855e-113	TRUE	HA:cds-XAJ25415.1	AGG	R	AGA	R	472
HA|PP755589.1|A/cattle/Texas/24-008749-003/2024(H5N1)	1419	T	C	0	0	0	189	174	33	1	189	3.96054e-113	TRUE	HA:cds-XAJ25415.1	GAT	D	GAC	D	473
HA|PP755589.1|A/cattle/Texas/24-008749-003/2024(H5N1)	1428	G	A	0	0	0	190	175	33	1	190	1.9855e-113	TRUE	HA:cds-XAJ25415.1	AAG	K	AAA	K	476
HA|PP755589.1|A/cattle/Texas/24-008749-003/2024(H5N1)	1431	G	A	0	0	0	190	175	33	1	190	1.9855e-113	TRUE	HA:cds-XAJ25415.1	GAG	E	GAA	E	477
HA|PP755589.1|A/cattle/Texas/24-008749-003/2024(H5N1)	1432	C	T	0	0	0	189	174	33	1	189	3.96054e-113	TRUE	HA:cds-XAJ25415.1	CTG	L	TTG	L	478
HA|PP755589.1|A/cattle/Texas/24-008749-003/2024(H5N1)	1437	T	C	0	0	0	192	175	33	1	192	1.24744e-114	TRUE	HA:cds-XAJ25415.1	GGT	G	GGC	G	479
HA|PP755589.1|A/cattle/Texas/24-008749-003/2024(H5N1)	1440	C	T	2	0	34	190	175	33	0.989583	192	2.31126e-110	TRUE	HA:cds-XAJ25415.1	AAC	N	AAT	N	480
HA|PP755589.1|A/cattle/Texas/24-008749-003/2024(H5N1)	1443	C	A	0	0	0	193	175	33	1	193	3.1267e-115	TRUE	HA:cds-XAJ25415.1	GGC	G	GGA	G	481
HA|PP755589.1|A/cattle/Texas/24-008749-003/2024(H5N1)	1446	T	C	1	1	34	195	176	33	0.994898	196	7.44319e-143	TRUE	HA:cds-XAJ25415.1	TGT	C	TGC	C	482
HA|PP755589.1|A/cattle/Texas/24-008749-003/2024(H5N1)	1458	T	C	0	0	0	1588	902	36	1	1588	0	TRUE	HA:cds-XAJ25415.1	TAT	Y	TAC	Y	486
HA|PP755589.1|A/cattle/Texas/24-008749-003/2024(H5N1)	1464	A	G	0	0	0	1741	1055	36	1	1741	0	TRUE	HA:cds-XAJ25415.1	AAA	K	AAG	K	488
HA|PP755589.1|A/cattle/Texas/24-008749-003/2024(H5N1)	1470	T	C	0	0	0	1750	1053	36	1	1750	0	TRUE	HA:cds-XAJ25415.1	GAT	D	GAC	D	490
HA|PP755589.1|A/cattle/Texas/24-008749-003/2024(H5N1)	1471	A	G	0	0	0	1760	1067	36	1	1760	0	TRUE	HA:cds-XAJ25415.1	AAT	N	GAT	D	491
HA|PP755589.1|A/cattle/Texas/24-008749-003/2024(H5N1)	1473	T	C	1884	1167	37	28	13	37	0.0146444	1912	9.36565e-08	TRUE	HA:cds-XAJ25415.1	AAT	N	AAC	N	491
HA|PP755589.1|A/cattle/Texas/24-008749-003/2024(H5N1)	1479	T	C	1	0	34	1924	1188	36	0.999481	1925	0	TRUE	HA:cds-XAJ25415.1	TGT	C	TGC	C	493
HA|PP755589.1|A/cattle/Texas/24-008749-003/2024(H5N1)	1500	G	A	1	1	34	2233	1451	38	0.999552	2234	0	TRUE	HA:cds-XAJ25415.1	GGG	G	GGA	G	500
HA|PP755589.1|A/cattle/Texas/24-008749-003/2024(H5N1)	1512	C	T	1	0	34	2042	1277	38	0.999511	2043	0	TRUE	HA:cds-XAJ25415.1	TAC	Y	TAT	Y	504
HA|PP755589.1|A/cattle/Texas/24-008749-003/2024(H5N1)	1515	T	G	0	0	0	2031	1282	38	0.999508	2032	0	TRUE	HA:cds-XAJ25415.1	CCT	P	CCG	P	505
HA|PP755589.1|A/cattle/Texas/24-008749-003/2024(H5N1)	1518	G	A	0	0	0	2069	1317	38	1	2069	0	TRUE	HA:cds-XAJ25415.1	CAG	Q	CAA	Q	506
HA|PP755589.1|A/cattle/Texas/24-008749-003/2024(H5N1)	1524	A	G	2	2	34	2087	1338	38	0.999043	2089	0	TRUE	HA:cds-XAJ25415.1	TCA	S	TCG	S	508
HA|PP755589.1|A/cattle/Texas/24-008749-003/2024(H5N1)	1531	G	T	0	0	0	2131	1431	39	1	2131	0	TRUE	HA:cds-XAJ25415.1	GCA	A	TCA	S	511
HA|PP755589.1|A/cattle/Texas/24-008749-003/2024(H5N1)	1537	T	C	0	0	0	2031	1412	37	0.999508	2032	0	TRUE	HA:cds-XAJ25415.1	TTA	L	CTA	L	513
HA|PP755589.1|A/cattle/Texas/24-008749-003/2024(H5N1)	1542	A	C	0	0	0	1939	1376	37	1	1939	0	TRUE	HA:cds-XAJ25415.1	AAA	K	AAC	N	514
HA|PP755589.1|A/cattle/Texas/24-008749-003/2024(H5N1)	1545	A	G	0	0	0	1895	1361	37	1	1895	0	TRUE	HA:cds-XAJ25415.1	AGA	R	AGG	R	515
HA|PP755589.1|A/cattle/Texas/24-008749-003/2024(H5N1)	1556	G	A	0	0	0	1967	1509	37	1	1967	0	TRUE	HA:cds-XAJ25415.1	AGC	S	AAC	N	519
HA|PP755589.1|A/cattle/Texas/24-008749-003/2024(H5N1)	1563	G	C	0	0	0	1966	1555	37	1	1966	0	TRUE	HA:cds-XAJ25415.1	GTG	V	GTC	V	521
HA|PP755589.1|A/cattle/Texas/24-008749-003/2024(H5N1)	1569	A	G	0	0	0	1914	1527	37	1	1914	0	TRUE	HA:cds-XAJ25415.1	TTA	L	TTG	L	523
HA|PP755589.1|A/cattle/Texas/24-008749-003/2024(H5N1)	1576	G	A	0	0	0	1198	954	36	1	1198	0	TRUE	HA:cds-XAJ25415.1	GTA	V	ATA	I	526
HA|PP755589.1|A/cattle/Texas/24-008749-003/2024(H5N1)	1578	A	G	0	0	0	1195	951	36	1	1195	0	TRUE	HA:cds-XAJ25415.1	GTA	V	GTG	V	526
HA|PP755589.1|A/cattle/Texas/24-008749-003/2024(H5N1)	1581	A	C	0	0	0	1197	952	36	1	1197	0	TRUE	HA:cds-XAJ25415.1	GGA	G	GGC	G	527
HA|PP755589.1|A/cattle/Texas/24-008749-003/2024(H5N1)	1584	T	C	0	0	0	1195	951	36	1	1195	0	TRUE	HA:cds-XAJ25415.1	ACT	T	ACC	T	528
HA|PP755589.1|A/cattle/Texas/24-008749-003/2024(H5N1)	1587	C	T	2	1	34	1205	957	36	0.998343	1207	0	TRUE	HA:cds-XAJ25415.1	TAC	Y	TAT	Y	529
HA|PP755589.1|A/cattle/Texas/24-008749-003/2024(H5N1)	1596	G	A	0	0	0	1427	1183	39	1	1427	0	TRUE	HA:cds-XAJ25415.1	CTG	L	CTA	L	532
HA|PP755589.1|A/cattle/Texas/24-008749-003/2024(H5N1)	1602	T	C	0	0	0	1614	1441	40	1	1614	0	TRUE	HA:cds-XAJ25415.1	ATT	I	ATC	I	534
HA|PP755589.1|A/cattle/Texas/24-008749-003/2024(H5N1)	1605	T	C	0	0	0	1619	1442	40	1	1619	0	TRUE	HA:cds-XAJ25415.1	TAT	Y	TAC	Y	535
HA|PP755589.1|A/cattle/Texas/24-008749-003/2024(H5N1)	1613	C	T	3	2	56	1585	1418	41	0.998111	1588	0	TRUE	HA:cds-XAJ25415.1	GCG	A	GTG	V	538
HA|PP755589.1|A/cattle/Texas/24-008749-003/2024(H5N1)	1617	A	G	1	1	34	1595	1427	41	0.999373	1596	0	TRUE	HA:cds-XAJ25415.1	GCA	A	GCG	A	539
HA|PP755589.1|A/cattle/Texas/24-008749-003/2024(H5N1)	1644	G	A	1	1	34	1323	1189	40	0.999245	1324	0	TRUE	HA:cds-XAJ25415.1	ATG	M	ATA	I	548
HA|PP755589.1|A/cattle/Texas/24-008749-003/2024(H5N1)	1659	A	T	0	0	0	1192	1107	38	1	1192	0	TRUE	HA:cds-XAJ25415.1	TTA	L	TTT	F	553
HA|PP755589.1|A/cattle/Texas/24-008749-003/2024(H5N1)	1677	G	A	5	3	37	797	745	38	0.993766	802	0	TRUE	HA:cds-XAJ25415.1	GGG	G	GGA	G	559
HA|PP755589.1|A/cattle/Texas/24-008749-003/2024(H5N1)	1680	G	A	0	0	0	776	730	38	1	776	0	TRUE	HA:cds-XAJ25415.1	TCG	S	TCA	S	560
HA|PP755589.1|A/cattle/Texas/24-008749-003/2024(H5N1)	1683	A	G	0	0	0	773	727	38	1	773	0	TRUE	HA:cds-XAJ25415.1	TTA	L	TTG	L	561
HA|PP755589.1|A/cattle/Texas/24-008749-003/2024(H5N1)	1686	A	G	2	2	34	773	727	38	0.996134	776	0	TRUE	HA:cds-XAJ25415.1	CAA	Q	CAG	Q	562
HA|PP755589.1|A/cattle/Texas/24-008749-003/2024(H5N1)	1701	T	C	0	0	0	2	2	34	1	2	0.0181818	FALSE	HA:cds-XAJ25415.1	ATT	I	ATC	I	567
