REGION	POS	REF	ALT	REF_DP	REF_RV	REF_QUAL	ALT_DP	ALT_RV	ALT_QUAL	ALT_FREQ	TOTAL_DP	PVAL	PASS	GFF_FEATURE	REF_CODON	REF_AA	ALT_CODON	ALT_AA	POS_AA
MP|PP755590.1|A/cattle/Texas/24-008749-003/2024(H5N1)	99	A	G	3	1	53	7057	906	43	0.999434	7061	0	TRUE	M1:cds-XAJ25416.1	GCA	A	GCG	A	33
MP|PP755590.1|A/cattle/Texas/24-008749-003/2024(H5N1)	102	G	A	5	0	26	7024	915	43	0.999289	7029	0	TRUE	M1:cds-XAJ25416.1	GGG	G	GGA	G	34
MP|PP755590.1|A/cattle/Texas/24-008749-003/2024(H5N1)	163	C	A	10282	3273	39	118	0	25	0.011344	10402	0.160303	FALSE	M1:cds-XAJ25416.1	CTG	L	ATG	M	55
MP|PP755590.1|A/cattle/Texas/24-008749-003/2024(H5N1)	168	T	G	4	3	28	11778	3183	44	0.999236	11787	0	TRUE	M1:cds-XAJ25416.1	ACT	T	ACG	T	56
MP|PP755590.1|A/cattle/Texas/24-008749-003/2024(H5N1)	245	G	A	3	1	40	13441	5591	43	0.999628	13446	0	TRUE	M1:cds-XAJ25416.1	AGT	S	AAT	N	82
MP|PP755590.1|A/cattle/Texas/24-008749-003/2024(H5N1)	249	C	T	9	5	44	13743	5933	43	0.999128	13755	0	TRUE	M1:cds-XAJ25416.1	GCC	A	GCT	A	83
MP|PP755590.1|A/cattle/Texas/24-008749-003/2024(H5N1)	254	G	A	2	2	40	13640	6183	44	0.99978	13643	0	TRUE	M1:cds-XAJ25416.1	AGT	S	AAT	N	85
MP|PP755590.1|A/cattle/Texas/24-008749-003/2024(H5N1)	260	C	A	2	1	32	14104	6671	44	0.998938	14119	0	TRUE	M1:cds-XAJ25416.1	ACT	T	AAT	N	87
MP|PP755590.1|A/cattle/Texas/24-008749-003/2024(H5N1)	285	A	G	3	1	34	14027	6890	42	0.999644	14032	0	TRUE	M1:cds-XAJ25416.1	AGA	R	AGG	R	95
MP|PP755590.1|A/cattle/Texas/24-008749-003/2024(H5N1)	294	G	A	10	10	32	13325	6610	42	0.998876	13340	0	TRUE	M1:cds-XAJ25416.1	AAG	K	AAA	K	98
MP|PP755590.1|A/cattle/Texas/24-008749-003/2024(H5N1)	295	T	C	3	1	34	13261	6693	41	0.999698	13265	0	TRUE	M1:cds-XAJ25416.1	TTG	L	CTG	L	99
MP|PP755590.1|A/cattle/Texas/24-008749-003/2024(H5N1)	307	C	T	3	1	34	14711	7834	42	0.999592	14717	0	TRUE	M1:cds-XAJ25416.1	CTG	L	TTG	L	103
MP|PP755590.1|A/cattle/Texas/24-008749-003/2024(H5N1)	396	C	T	4	2	32	14429	7192	41	0.999723	14433	0	TRUE	M1:cds-XAJ25416.1	TAC	Y	TAT	Y	132
MP|PP755590.1|A/cattle/Texas/24-008749-003/2024(H5N1)	406	G	T	13308	5530	38	140	140	26	0.0104051	13455	0.375071	FALSE	M1:cds-XAJ25416.1	GGG	G	TGG	W	136
MP|PP755590.1|A/cattle/Texas/24-008749-003/2024(H5N1)	456	A	G	3	2	34	14715	6793	43	0.99966	14720	0	TRUE	M1:cds-XAJ25416.1	GAA	E	GAG	E	152
MP|PP755590.1|A/cattle/Texas/24-008749-003/2024(H5N1)	477	T	C	3	0	40	15049	7330	42	0.999668	15054	0	TRUE	M1:cds-XAJ25416.1	CAT	H	CAC	H	159
MP|PP755590.1|A/cattle/Texas/24-008749-003/2024(H5N1)	489	A	G	10	5	38	15242	7540	43	0.999344	15252	0	TRUE	M1:cds-XAJ25416.1	AGA	R	AGG	R	163
MP|PP755590.1|A/cattle/Texas/24-008749-003/2024(H5N1)	498	T	C	2	1	40	14904	7300	42	0.999396	14913	0	TRUE	M1:cds-XAJ25416.1	GCT	A	GCC	A	166
MP|PP755590.1|A/cattle/Texas/24-008749-003/2024(H5N1)	516	G	A	2	0	40	15915	8102	43	0.999874	15917	0	TRUE	M1:cds-XAJ25416.1	CTG	L	CTA	L	172
MP|PP755590.1|A/cattle/Texas/24-008749-003/2024(H5N1)	540	T	G	1	0	40	16516	8779	42	0.999455	16525	0	TRUE	M1:cds-XAJ25416.1	GTT	V	GTG	V	180
MP|PP755590.1|A/cattle/Texas/24-008749-003/2024(H5N1)	570	G	A	24	6	43	16023	6324	42	0.998193	16052	0	TRUE	M1:cds-XAJ25416.1	GAG	E	GAA	E	190
MP|PP755590.1|A/cattle/Texas/24-008749-003/2024(H5N1)	599	T	C	7	4	40	15263	7060	42	0.999411	15272	0	TRUE	M1:cds-XAJ25416.1	GTG	V	GCG	A	200
MP|PP755590.1|A/cattle/Texas/24-008749-003/2024(H5N1)	633	G	A	9	5	38	15942	6733	42	0.99931	15953	0	TRUE	M1:cds-XAJ25416.1	CAG	Q	CAA	Q	211
MP|PP755590.1|A/cattle/Texas/24-008749-003/2024(H5N1)	679	A	G	1	0	40	15946	5860	43	0.999875	15948	0	TRUE	M1:cds-XAJ25416.1	ACC	T	GCC	A	227
MP|PP755590.1|A/cattle/Texas/24-008749-003/2024(H5N1)	699	C	A	10309	5976	36	197	0	24	0.0187423	10511	1.94227e-09	TRUE	M1:cds-XAJ25416.1	CTC	L	CTA	L	233
MP|PP755590.1|A/cattle/Texas/24-008749-003/2024(H5N1)	726	A	C	5	2	30	12545	6429	40	0.999124	12556	0	TRUE	M2:cds-XAJ25417.1	AAC	N	ACC	T	4
MP|PP755590.1|A/cattle/Texas/24-008749-003/2024(H5N1)	726	A	C	5	2	30	12545	6429	40	0.999124	12556	0	TRUE	M1:cds-XAJ25416.1	AAA	K	AAC	N	242
MP|PP755590.1|A/cattle/Texas/24-008749-003/2024(H5N1)	869	G	A	11	11	39	14832	13746	44	0.999259	14843	0	TRUE	M2:cds-XAJ25417.1	GGA	G	AGA	R	52
MP|PP755590.1|A/cattle/Texas/24-008749-003/2024(H5N1)	884	G	T	11135	10191	35	163	163	25	0.0144235	11301	0.000529566	TRUE	M2:cds-XAJ25417.1	GAA	E	TAA	*	57
MP|PP755590.1|A/cattle/Texas/24-008749-003/2024(H5N1)	950	A	G	2	2	40	6036	5789	42	0.999669	6038	0	TRUE	M2:cds-XAJ25417.1	AAT	N	GAT	D	79
