REGION	POS	REF	ALT	REF_DP	REF_RV	REF_QUAL	ALT_DP	ALT_RV	ALT_QUAL	ALT_FREQ	TOTAL_DP	PVAL	PASS	GFF_FEATURE	REF_CODON	REF_AA	ALT_CODON	ALT_AA	POS_AA
PB1|PP755595.1|A/cattle/Texas/24-008749-003/2024(H5N1)	16	A	T	0	0	0	1	0	20	1	1	0.0833333	FALSE	PB1:cds-XAJ25424.1	ACC	T	TCC	S	6
PB1|PP755595.1|A/cattle/Texas/24-008749-003/2024(H5N1)	216	A	G	1420	708	75	20	9	67	0.0138889	1440	2.67427e-10	TRUE	PB1:cds-XAJ25424.1	CCA	P	CCG	P	72
PB1|PP755595.1|A/cattle/Texas/24-008749-003/2024(H5N1)	216	A	G	1420	708	75	20	9	67	0.0138889	1440	2.67427e-10	TRUE	PB1-F2:cds-XAJ25425.1	CAT	H	CGT	R	41
PB1|PP755595.1|A/cattle/Texas/24-008749-003/2024(H5N1)	243	A	G	2284	1156	74	47	21	74	0.0198648	2366	1.67594e-23	TRUE	PB1:cds-XAJ25424.1	GGA	G	GGG	G	81
PB1|PP755595.1|A/cattle/Texas/24-008749-003/2024(H5N1)	243	A	G	2284	1156	74	47	21	74	0.0198648	2366	1.67594e-23	TRUE	PB1-F2:cds-XAJ25425.1	GAT	D	GGT	G	50
PB1|PP755595.1|A/cattle/Texas/24-008749-003/2024(H5N1)	243	A	C	2284	1156	74	35	11	74	0.0147929	2366	1.02999e-17	TRUE	PB1:cds-XAJ25424.1	GGA	G	GGC	G	81
PB1|PP755595.1|A/cattle/Texas/24-008749-003/2024(H5N1)	243	A	C	2284	1156	74	35	11	74	0.0147929	2366	1.02999e-17	TRUE	PB1-F2:cds-XAJ25425.1	GAT	D	GCT	A	50
PB1|PP755595.1|A/cattle/Texas/24-008749-003/2024(H5N1)	246	T	C	2344	1180	74	65	34	75	0.026971	2410	5.77549e-32	TRUE	PB1:cds-XAJ25424.1	TAT	Y	TAC	Y	82
PB1|PP755595.1|A/cattle/Texas/24-008749-003/2024(H5N1)	246	T	C	2344	1180	74	65	34	75	0.026971	2410	5.77549e-32	TRUE	PB1-F2:cds-XAJ25425.1	ATG	M	ACG	T	51
PB1|PP755595.1|A/cattle/Texas/24-008749-003/2024(H5N1)	258	C	T	1897	961	74	766	394	74	0.287646	2663	0	TRUE	PB1:cds-XAJ25424.1	GAC	D	GAT	D	86
PB1|PP755595.1|A/cattle/Texas/24-008749-003/2024(H5N1)	258	C	T	1897	961	74	766	394	74	0.287646	2663	0	TRUE	PB1-F2:cds-XAJ25425.1	ACT	T	ATT	I	55
PB1|PP755595.1|A/cattle/Texas/24-008749-003/2024(H5N1)	332	T	C	2976	1497	75	37	15	75	0.012276	3014	2.00343e-18	TRUE	PB1:cds-XAJ25424.1	ATG	M	ACG	T	111
PB1|PP755595.1|A/cattle/Texas/24-008749-003/2024(H5N1)	332	T	C	2976	1497	75	37	15	75	0.012276	3014	2.00343e-18	TRUE	PB1-F2:cds-XAJ25425.1	TGG	W	CGG	R	80
PB1|PP755595.1|A/cattle/Texas/24-008749-003/2024(H5N1)	351	A	G	2944	1472	75	31	15	74	0.0104202	2975	1.50973e-15	TRUE	PB1:cds-XAJ25424.1	ACA	T	ACG	T	117
PB1|PP755595.1|A/cattle/Texas/24-008749-003/2024(H5N1)	351	A	G	2944	1472	75	31	15	74	0.0104202	2975	1.50973e-15	TRUE	PB1-F2:cds-XAJ25425.1	CAA	Q	CGA	R	86
PB1|PP755595.1|A/cattle/Texas/24-008749-003/2024(H5N1)	562	A	G	2729	1375	74	28	12	65	0.0101523	2758	4.31171e-14	TRUE	PB1:cds-XAJ25424.1	AAA	K	GAA	E	188
PB1|PP755595.1|A/cattle/Texas/24-008749-003/2024(H5N1)	585	G	A	131	59	73	2460	1247	71	0.948342	2594	0	TRUE	PB1:cds-XAJ25424.1	ATG	M	ATA	I	195
PB1|PP755595.1|A/cattle/Texas/24-008749-003/2024(H5N1)	604	C	A	2066	1041	73	104	56	74	0.0478821	2172	7.35429e-51	TRUE	PB1:cds-XAJ25424.1	CAA	Q	AAA	K	202
PB1|PP755595.1|A/cattle/Texas/24-008749-003/2024(H5N1)	621	G	A	156	72	73	1916	987	73	0.92471	2072	0	TRUE	PB1:cds-XAJ25424.1	AAG	K	AAA	K	207
PB1|PP755595.1|A/cattle/Texas/24-008749-003/2024(H5N1)	623	A	G	2056	1052	73	24	10	74	0.0115385	2080	3.58161e-12	TRUE	PB1:cds-XAJ25424.1	AAG	K	AGG	R	208
PB1|PP755595.1|A/cattle/Texas/24-008749-003/2024(H5N1)	717	G	A	2	1	76	2191	1133	73	0.998633	2194	0	TRUE	PB1:cds-XAJ25424.1	AGG	R	AGA	R	239
PB1|PP755595.1|A/cattle/Texas/24-008749-003/2024(H5N1)	941	A	G	2640	1343	74	30	11	74	0.011236	2670	4.8017e-15	TRUE	PB1:cds-XAJ25424.1	AAT	N	AGT	S	314
PB1|PP755595.1|A/cattle/Texas/24-008749-003/2024(H5N1)	962	T	C	2672	1350	74	41	25	75	0.0151124	2713	2.61849e-20	TRUE	PB1:cds-XAJ25424.1	ATG	M	ACG	T	321
PB1|PP755595.1|A/cattle/Texas/24-008749-003/2024(H5N1)	998	T	C	2717	1382	74	50	28	73	0.0180701	2767	1.28643e-24	TRUE	PB1:cds-XAJ25424.1	TTC	F	TCC	S	333
PB1|PP755595.1|A/cattle/Texas/24-008749-003/2024(H5N1)	1033	T	C	4869	2468	75	98	50	74	0.0197302	4967	1.08223e-47	TRUE	PB1:cds-XAJ25424.1	TCA	S	CCA	P	345
PB1|PP755595.1|A/cattle/Texas/24-008749-003/2024(H5N1)	1062	A	G	8	5	76	5614	2838	72	0.998577	5622	0	TRUE	PB1:cds-XAJ25424.1	GGA	G	GGG	G	354
PB1|PP755595.1|A/cattle/Texas/24-008749-003/2024(H5N1)	1071	C	T	11	7	73	5306	2674	74	0.997931	5317	0	TRUE	PB1:cds-XAJ25424.1	TTC	F	TTT	F	357
PB1|PP755595.1|A/cattle/Texas/24-008749-003/2024(H5N1)	1073	A	G	4902	2463	75	432	228	74	0.0809899	5334	6.95759e-212	TRUE	PB1:cds-XAJ25424.1	GAA	E	GGA	G	358
PB1|PP755595.1|A/cattle/Texas/24-008749-003/2024(H5N1)	1074	A	G	5276	2660	74	104	51	74	0.0193273	5381	1.35142e-50	TRUE	PB1:cds-XAJ25424.1	GAA	E	GAG	E	358
PB1|PP755595.1|A/cattle/Texas/24-008749-003/2024(H5N1)	1110	A	G	2403	1188	75	2171	1085	74	0.474536	4575	0	TRUE	PB1:cds-XAJ25424.1	GCA	A	GCG	A	370
PB1|PP755595.1|A/cattle/Texas/24-008749-003/2024(H5N1)	1172	A	C	3995	1990	75	431	210	74	0.0971596	4436	5.26703e-213	TRUE	PB1:cds-XAJ25424.1	AAG	K	ACG	T	391
PB1|PP755595.1|A/cattle/Texas/24-008749-003/2024(H5N1)	1269	T	C	2277	1108	74	62	34	74	0.0264957	2340	2.3088e-30	TRUE	PB1:cds-XAJ25424.1	ATT	I	ATC	I	423
PB1|PP755595.1|A/cattle/Texas/24-008749-003/2024(H5N1)	1394	G	A	234	119	74	2790	1376	74	0.922619	3024	0	TRUE	PB1:cds-XAJ25424.1	AGA	R	AAA	K	465
PB1|PP755595.1|A/cattle/Texas/24-008749-003/2024(H5N1)	1439	A	G	2383	1209	73	162	84	74	0.0636542	2545	1.7946e-79	TRUE	PB1:cds-XAJ25424.1	AAG	K	AGG	R	480
PB1|PP755595.1|A/cattle/Texas/24-008749-003/2024(H5N1)	1518	C	T	178	86	75	2597	1298	73	0.935856	2775	0	TRUE	PB1:cds-XAJ25424.1	AGC	S	AGT	S	506
PB1|PP755595.1|A/cattle/Texas/24-008749-003/2024(H5N1)	1524	G	A	181	88	75	2582	1293	72	0.934491	2763	0	TRUE	PB1:cds-XAJ25424.1	GAG	E	GAA	E	508
PB1|PP755595.1|A/cattle/Texas/24-008749-003/2024(H5N1)	1549	A	G	2859	1462	74	44	22	75	0.0151515	2904	9.79563e-22	TRUE	PB1:cds-XAJ25424.1	ATC	I	GTC	V	517
PB1|PP755595.1|A/cattle/Texas/24-008749-003/2024(H5N1)	1582	A	G	2820	1445	74	59	39	74	0.0204861	2880	5.04674e-29	TRUE	PB1:cds-XAJ25424.1	ACA	T	GCA	A	528
PB1|PP755595.1|A/cattle/Texas/24-008749-003/2024(H5N1)	1627	A	T	1	0	76	1809	942	74	0.997794	1813	0	TRUE	PB1:cds-XAJ25424.1	ACA	T	TCA	S	543
PB1|PP755595.1|A/cattle/Texas/24-008749-003/2024(H5N1)	1641	T	C	1798	940	74	19	10	70	0.010451	1818	9.06805e-10	TRUE	PB1:cds-XAJ25424.1	GCT	A	GCC	A	547
PB1|PP755595.1|A/cattle/Texas/24-008749-003/2024(H5N1)	1675	T	C	1585	823	74	25	14	73	0.015528	1610	1.19858e-12	TRUE	PB1:cds-XAJ25424.1	TAT	Y	CAT	H	559
PB1|PP755595.1|A/cattle/Texas/24-008749-003/2024(H5N1)	1683	T	C	1325	679	74	203	108	73	0.132593	1531	1.77436e-101	TRUE	PB1:cds-XAJ25424.1	TGT	C	TGC	C	561
PB1|PP755595.1|A/cattle/Texas/24-008749-003/2024(H5N1)	1795	T	-AC	1909	928	75	203	0	20	0.053211	3815	9.62105e-57	TRUE	NA	NA	NA	NA	NA	NA
PB1|PP755595.1|A/cattle/Texas/24-008749-003/2024(H5N1)	1980	T	C	2598	1325	75	277	133	74	0.0963143	2876	7.92958e-137	TRUE	PB1:cds-XAJ25424.1	GTT	V	GTC	V	660
PB1|PP755595.1|A/cattle/Texas/24-008749-003/2024(H5N1)	2004	T	C	2618	1314	75	150	76	75	0.0541712	2769	2.25352e-73	TRUE	PB1:cds-XAJ25424.1	CCT	P	CCC	P	668
PB1|PP755595.1|A/cattle/Texas/24-008749-003/2024(H5N1)	2155	G	A	1231	627	74	37	17	74	0.0291798	1268	1.75178e-18	TRUE	PB1:cds-XAJ25424.1	GTT	V	ATT	I	719
PB1|PP755595.1|A/cattle/Texas/24-008749-003/2024(H5N1)	2241	T	C	692	367	73	12	6	73	0.0170455	704	2.00409e-06	TRUE	PB1:cds-XAJ25424.1	TGT	C	TGC	C	747
