HA|PP755589.1|A/cattle/Texas/24-008749-003/2024(H5N1)	1	626
HA|PP755589.1|A/cattle/Texas/24-008749-003/2024(H5N1)	2	627
HA|PP755589.1|A/cattle/Texas/24-008749-003/2024(H5N1)	3	638
HA|PP755589.1|A/cattle/Texas/24-008749-003/2024(H5N1)	4	639
HA|PP755589.1|A/cattle/Texas/24-008749-003/2024(H5N1)	5	639
HA|PP755589.1|A/cattle/Texas/24-008749-003/2024(H5N1)	6	649
HA|PP755589.1|A/cattle/Texas/24-008749-003/2024(H5N1)	7	650
HA|PP755589.1|A/cattle/Texas/24-008749-003/2024(H5N1)	8	744
HA|PP755589.1|A/cattle/Texas/24-008749-003/2024(H5N1)	9	747
HA|PP755589.1|A/cattle/Texas/24-008749-003/2024(H5N1)	10	748
HA|PP755589.1|A/cattle/Texas/24-008749-003/2024(H5N1)	11	794
HA|PP755589.1|A/cattle/Texas/24-008749-003/2024(H5N1)	12	794
HA|PP755589.1|A/cattle/Texas/24-008749-003/2024(H5N1)	13	884
HA|PP755589.1|A/cattle/Texas/24-008749-003/2024(H5N1)	14	901
HA|PP755589.1|A/cattle/Texas/24-008749-003/2024(H5N1)	15	902
HA|PP755589.1|A/cattle/Texas/24-008749-003/2024(H5N1)	16	909
HA|PP755589.1|A/cattle/Texas/24-008749-003/2024(H5N1)	17	910
HA|PP755589.1|A/cattle/Texas/24-008749-003/2024(H5N1)	18	918
HA|PP755589.1|A/cattle/Texas/24-008749-003/2024(H5N1)	19	922
HA|PP755589.1|A/cattle/Texas/24-008749-003/2024(H5N1)	20	924
HA|PP755589.1|A/cattle/Texas/24-008749-003/2024(H5N1)	21	939
HA|PP755589.1|A/cattle/Texas/24-008749-003/2024(H5N1)	22	938
HA|PP755589.1|A/cattle/Texas/24-008749-003/2024(H5N1)	23	993
HA|PP755589.1|A/cattle/Texas/24-008749-003/2024(H5N1)	24	994
HA|PP755589.1|A/cattle/Texas/24-008749-003/2024(H5N1)	25	1001
HA|PP755589.1|A/cattle/Texas/24-008749-003/2024(H5N1)	26	1002
HA|PP755589.1|A/cattle/Texas/24-008749-003/2024(H5N1)	27	1003
HA|PP755589.1|A/cattle/Texas/24-008749-003/2024(H5N1)	28	1017
HA|PP755589.1|A/cattle/Texas/24-008749-003/2024(H5N1)	29	1041
HA|PP755589.1|A/cattle/Texas/24-008749-003/2024(H5N1)	30	1067
HA|PP755589.1|A/cattle/Texas/24-008749-003/2024(H5N1)	31	1068
HA|PP755589.1|A/cattle/Texas/24-008749-003/2024(H5N1)	32	1070
HA|PP755589.1|A/cattle/Texas/24-008749-003/2024(H5N1)	33	1071
HA|PP755589.1|A/cattle/Texas/24-008749-003/2024(H5N1)	34	1071
HA|PP755589.1|A/cattle/Texas/24-008749-003/2024(H5N1)	35	1084
HA|PP755589.1|A/cattle/Texas/24-008749-003/2024(H5N1)	36	1186
HA|PP755589.1|A/cattle/Texas/24-008749-003/2024(H5N1)	37	1186
HA|PP755589.1|A/cattle/Texas/24-008749-003/2024(H5N1)	38	1184
HA|PP755589.1|A/cattle/Texas/24-008749-003/2024(H5N1)	39	1263
HA|PP755589.1|A/cattle/Texas/24-008749-003/2024(H5N1)	40	1285
HA|PP755589.1|A/cattle/Texas/24-008749-003/2024(H5N1)	41	1298
HA|PP755589.1|A/cattle/Texas/24-008749-003/2024(H5N1)	42	1303
HA|PP755589.1|A/cattle/Texas/24-008749-003/2024(H5N1)	43	1303
HA|PP755589.1|A/cattle/Texas/24-008749-003/2024(H5N1)	44	1310
HA|PP755589.1|A/cattle/Texas/24-008749-003/2024(H5N1)	45	1311
HA|PP755589.1|A/cattle/Texas/24-008749-003/2024(H5N1)	46	1312
HA|PP755589.1|A/cattle/Texas/24-008749-003/2024(H5N1)	47	1313
HA|PP755589.1|A/cattle/Texas/24-008749-003/2024(H5N1)	48	1312
HA|PP755589.1|A/cattle/Texas/24-008749-003/2024(H5N1)	49	1322
HA|PP755589.1|A/cattle/Texas/24-008749-003/2024(H5N1)	50	1322
HA|PP755589.1|A/cattle/Texas/24-008749-003/2024(H5N1)	51	1323
HA|PP755589.1|A/cattle/Texas/24-008749-003/2024(H5N1)	52	1323
HA|PP755589.1|A/cattle/Texas/24-008749-003/2024(H5N1)	53	1324
HA|PP755589.1|A/cattle/Texas/24-008749-003/2024(H5N1)	54	1366
HA|PP755589.1|A/cattle/Texas/24-008749-003/2024(H5N1)	55	1377
HA|PP755589.1|A/cattle/Texas/24-008749-003/2024(H5N1)	56	1378
HA|PP755589.1|A/cattle/Texas/24-008749-003/2024(H5N1)	57	1382
HA|PP755589.1|A/cattle/Texas/24-008749-003/2024(H5N1)	58	1384
HA|PP755589.1|A/cattle/Texas/24-008749-003/2024(H5N1)	59	1392
HA|PP755589.1|A/cattle/Texas/24-008749-003/2024(H5N1)	60	1399
HA|PP755589.1|A/cattle/Texas/24-008749-003/2024(H5N1)	61	1402
HA|PP755589.1|A/cattle/Texas/24-008749-003/2024(H5N1)	62	1408
HA|PP755589.1|A/cattle/Texas/24-008749-003/2024(H5N1)	63	1405
HA|PP755589.1|A/cattle/Texas/24-008749-003/2024(H5N1)	64	1438
HA|PP755589.1|A/cattle/Texas/24-008749-003/2024(H5N1)	65	1443
HA|PP755589.1|A/cattle/Texas/24-008749-003/2024(H5N1)	66	1398
HA|PP755589.1|A/cattle/Texas/24-008749-003/2024(H5N1)	67	1399
HA|PP755589.1|A/cattle/Texas/24-008749-003/2024(H5N1)	68	1404
HA|PP755589.1|A/cattle/Texas/24-008749-003/2024(H5N1)	69	1435
HA|PP755589.1|A/cattle/Texas/24-008749-003/2024(H5N1)	70	1441
HA|PP755589.1|A/cattle/Texas/24-008749-003/2024(H5N1)	71	1443
HA|PP755589.1|A/cattle/Texas/24-008749-003/2024(H5N1)	72	1449
HA|PP755589.1|A/cattle/Texas/24-008749-003/2024(H5N1)	73	1451
HA|PP755589.1|A/cattle/Texas/24-008749-003/2024(H5N1)	74	1478
HA|PP755589.1|A/cattle/Texas/24-008749-003/2024(H5N1)	75	1485
HA|PP755589.1|A/cattle/Texas/24-008749-003/2024(H5N1)	76	1512
HA|PP755589.1|A/cattle/Texas/24-008749-003/2024(H5N1)	77	1587
HA|PP755589.1|A/cattle/Texas/24-008749-003/2024(H5N1)	78	1630
HA|PP755589.1|A/cattle/Texas/24-008749-003/2024(H5N1)	79	1636
HA|PP755589.1|A/cattle/Texas/24-008749-003/2024(H5N1)	80	1643
HA|PP755589.1|A/cattle/Texas/24-008749-003/2024(H5N1)	81	1643
HA|PP755589.1|A/cattle/Texas/24-008749-003/2024(H5N1)	82	1643
HA|PP755589.1|A/cattle/Texas/24-008749-003/2024(H5N1)	83	1646
HA|PP755589.1|A/cattle/Texas/24-008749-003/2024(H5N1)	84	1647
HA|PP755589.1|A/cattle/Texas/24-008749-003/2024(H5N1)	85	1651
HA|PP755589.1|A/cattle/Texas/24-008749-003/2024(H5N1)	86	1652
HA|PP755589.1|A/cattle/Texas/24-008749-003/2024(H5N1)	87	1649
HA|PP755589.1|A/cattle/Texas/24-008749-003/2024(H5N1)	88	1719
HA|PP755589.1|A/cattle/Texas/24-008749-003/2024(H5N1)	89	1727
HA|PP755589.1|A/cattle/Texas/24-008749-003/2024(H5N1)	90	1737
HA|PP755589.1|A/cattle/Texas/24-008749-003/2024(H5N1)	91	1752
HA|PP755589.1|A/cattle/Texas/24-008749-003/2024(H5N1)	92	1753
HA|PP755589.1|A/cattle/Texas/24-008749-003/2024(H5N1)	93	1765
HA|PP755589.1|A/cattle/Texas/24-008749-003/2024(H5N1)	94	1769
HA|PP755589.1|A/cattle/Texas/24-008749-003/2024(H5N1)	95	1771
HA|PP755589.1|A/cattle/Texas/24-008749-003/2024(H5N1)	96	1786
HA|PP755589.1|A/cattle/Texas/24-008749-003/2024(H5N1)	97	1778
HA|PP755589.1|A/cattle/Texas/24-008749-003/2024(H5N1)	98	1790
HA|PP755589.1|A/cattle/Texas/24-008749-003/2024(H5N1)	99	1793
HA|PP755589.1|A/cattle/Texas/24-008749-003/2024(H5N1)	100	1793
HA|PP755589.1|A/cattle/Texas/24-008749-003/2024(H5N1)	101	1815
HA|PP755589.1|A/cattle/Texas/24-008749-003/2024(H5N1)	102	1813
HA|PP755589.1|A/cattle/Texas/24-008749-003/2024(H5N1)	103	1821
HA|PP755589.1|A/cattle/Texas/24-008749-003/2024(H5N1)	104	1828
HA|PP755589.1|A/cattle/Texas/24-008749-003/2024(H5N1)	105	1832
HA|PP755589.1|A/cattle/Texas/24-008749-003/2024(H5N1)	106	1843
HA|PP755589.1|A/cattle/Texas/24-008749-003/2024(H5N1)	107	1843
HA|PP755589.1|A/cattle/Texas/24-008749-003/2024(H5N1)	108	1845
HA|PP755589.1|A/cattle/Texas/24-008749-003/2024(H5N1)	109	1852
HA|PP755589.1|A/cattle/Texas/24-008749-003/2024(H5N1)	110	1842
HA|PP755589.1|A/cattle/Texas/24-008749-003/2024(H5N1)	111	1856
HA|PP755589.1|A/cattle/Texas/24-008749-003/2024(H5N1)	112	1853
HA|PP755589.1|A/cattle/Texas/24-008749-003/2024(H5N1)	113	1851
HA|PP755589.1|A/cattle/Texas/24-008749-003/2024(H5N1)	114	1865
HA|PP755589.1|A/cattle/Texas/24-008749-003/2024(H5N1)	115	1864
HA|PP755589.1|A/cattle/Texas/24-008749-003/2024(H5N1)	116	1922
HA|PP755589.1|A/cattle/Texas/24-008749-003/2024(H5N1)	117	1927
HA|PP755589.1|A/cattle/Texas/24-008749-003/2024(H5N1)	118	1927
HA|PP755589.1|A/cattle/Texas/24-008749-003/2024(H5N1)	119	1940
HA|PP755589.1|A/cattle/Texas/24-008749-003/2024(H5N1)	120	1945
HA|PP755589.1|A/cattle/Texas/24-008749-003/2024(H5N1)	121	1956
HA|PP755589.1|A/cattle/Texas/24-008749-003/2024(H5N1)	122	2089
HA|PP755589.1|A/cattle/Texas/24-008749-003/2024(H5N1)	123	2085
HA|PP755589.1|A/cattle/Texas/24-008749-003/2024(H5N1)	124	2121
HA|PP755589.1|A/cattle/Texas/24-008749-003/2024(H5N1)	125	2120
HA|PP755589.1|A/cattle/Texas/24-008749-003/2024(H5N1)	126	2131
HA|PP755589.1|A/cattle/Texas/24-008749-003/2024(H5N1)	127	2141
HA|PP755589.1|A/cattle/Texas/24-008749-003/2024(H5N1)	128	2144
HA|PP755589.1|A/cattle/Texas/24-008749-003/2024(H5N1)	129	2144
HA|PP755589.1|A/cattle/Texas/24-008749-003/2024(H5N1)	130	2146
HA|PP755589.1|A/cattle/Texas/24-008749-003/2024(H5N1)	131	2121
HA|PP755589.1|A/cattle/Texas/24-008749-003/2024(H5N1)	132	2146
HA|PP755589.1|A/cattle/Texas/24-008749-003/2024(H5N1)	133	2232
HA|PP755589.1|A/cattle/Texas/24-008749-003/2024(H5N1)	134	2246
HA|PP755589.1|A/cattle/Texas/24-008749-003/2024(H5N1)	135	2251
HA|PP755589.1|A/cattle/Texas/24-008749-003/2024(H5N1)	136	2250
HA|PP755589.1|A/cattle/Texas/24-008749-003/2024(H5N1)	137	2255
HA|PP755589.1|A/cattle/Texas/24-008749-003/2024(H5N1)	138	2269
HA|PP755589.1|A/cattle/Texas/24-008749-003/2024(H5N1)	139	2276
HA|PP755589.1|A/cattle/Texas/24-008749-003/2024(H5N1)	140	2277
HA|PP755589.1|A/cattle/Texas/24-008749-003/2024(H5N1)	141	2278
HA|PP755589.1|A/cattle/Texas/24-008749-003/2024(H5N1)	142	2252
HA|PP755589.1|A/cattle/Texas/24-008749-003/2024(H5N1)	143	2247
HA|PP755589.1|A/cattle/Texas/24-008749-003/2024(H5N1)	144	2248
HA|PP755589.1|A/cattle/Texas/24-008749-003/2024(H5N1)	145	2253
HA|PP755589.1|A/cattle/Texas/24-008749-003/2024(H5N1)	146	2261
HA|PP755589.1|A/cattle/Texas/24-008749-003/2024(H5N1)	147	2257
HA|PP755589.1|A/cattle/Texas/24-008749-003/2024(H5N1)	148	2260
HA|PP755589.1|A/cattle/Texas/24-008749-003/2024(H5N1)	149	2254
HA|PP755589.1|A/cattle/Texas/24-008749-003/2024(H5N1)	150	2261
HA|PP755589.1|A/cattle/Texas/24-008749-003/2024(H5N1)	151	2265
HA|PP755589.1|A/cattle/Texas/24-008749-003/2024(H5N1)	152	2264
HA|PP755589.1|A/cattle/Texas/24-008749-003/2024(H5N1)	153	2264
HA|PP755589.1|A/cattle/Texas/24-008749-003/2024(H5N1)	154	2266
HA|PP755589.1|A/cattle/Texas/24-008749-003/2024(H5N1)	155	2271
HA|PP755589.1|A/cattle/Texas/24-008749-003/2024(H5N1)	156	2270
HA|PP755589.1|A/cattle/Texas/24-008749-003/2024(H5N1)	157	2299
HA|PP755589.1|A/cattle/Texas/24-008749-003/2024(H5N1)	158	2301
HA|PP755589.1|A/cattle/Texas/24-008749-003/2024(H5N1)	159	2313
HA|PP755589.1|A/cattle/Texas/24-008749-003/2024(H5N1)	160	2317
HA|PP755589.1|A/cattle/Texas/24-008749-003/2024(H5N1)	161	2342
HA|PP755589.1|A/cattle/Texas/24-008749-003/2024(H5N1)	162	2346
HA|PP755589.1|A/cattle/Texas/24-008749-003/2024(H5N1)	163	2351
HA|PP755589.1|A/cattle/Texas/24-008749-003/2024(H5N1)	164	2354
HA|PP755589.1|A/cattle/Texas/24-008749-003/2024(H5N1)	165	2354
HA|PP755589.1|A/cattle/Texas/24-008749-003/2024(H5N1)	166	2362
HA|PP755589.1|A/cattle/Texas/24-008749-003/2024(H5N1)	167	2362
HA|PP755589.1|A/cattle/Texas/24-008749-003/2024(H5N1)	168	2352
HA|PP755589.1|A/cattle/Texas/24-008749-003/2024(H5N1)	169	2350
HA|PP755589.1|A/cattle/Texas/24-008749-003/2024(H5N1)	170	2340
HA|PP755589.1|A/cattle/Texas/24-008749-003/2024(H5N1)	171	2334
HA|PP755589.1|A/cattle/Texas/24-008749-003/2024(H5N1)	172	2335
HA|PP755589.1|A/cattle/Texas/24-008749-003/2024(H5N1)	173	2335
HA|PP755589.1|A/cattle/Texas/24-008749-003/2024(H5N1)	174	2335
HA|PP755589.1|A/cattle/Texas/24-008749-003/2024(H5N1)	175	2376
HA|PP755589.1|A/cattle/Texas/24-008749-003/2024(H5N1)	176	2401
HA|PP755589.1|A/cattle/Texas/24-008749-003/2024(H5N1)	177	2399
HA|PP755589.1|A/cattle/Texas/24-008749-003/2024(H5N1)	178	2551
HA|PP755589.1|A/cattle/Texas/24-008749-003/2024(H5N1)	179	2555
HA|PP755589.1|A/cattle/Texas/24-008749-003/2024(H5N1)	180	2582
HA|PP755589.1|A/cattle/Texas/24-008749-003/2024(H5N1)	181	2584
HA|PP755589.1|A/cattle/Texas/24-008749-003/2024(H5N1)	182	2587
HA|PP755589.1|A/cattle/Texas/24-008749-003/2024(H5N1)	183	2590
HA|PP755589.1|A/cattle/Texas/24-008749-003/2024(H5N1)	184	2577
HA|PP755589.1|A/cattle/Texas/24-008749-003/2024(H5N1)	185	2588
HA|PP755589.1|A/cattle/Texas/24-008749-003/2024(H5N1)	186	2599
HA|PP755589.1|A/cattle/Texas/24-008749-003/2024(H5N1)	187	2602
HA|PP755589.1|A/cattle/Texas/24-008749-003/2024(H5N1)	188	2601
HA|PP755589.1|A/cattle/Texas/24-008749-003/2024(H5N1)	189	2594
HA|PP755589.1|A/cattle/Texas/24-008749-003/2024(H5N1)	190	2637
HA|PP755589.1|A/cattle/Texas/24-008749-003/2024(H5N1)	191	2638
HA|PP755589.1|A/cattle/Texas/24-008749-003/2024(H5N1)	192	2640
HA|PP755589.1|A/cattle/Texas/24-008749-003/2024(H5N1)	193	2641
HA|PP755589.1|A/cattle/Texas/24-008749-003/2024(H5N1)	194	2637
HA|PP755589.1|A/cattle/Texas/24-008749-003/2024(H5N1)	195	2633
HA|PP755589.1|A/cattle/Texas/24-008749-003/2024(H5N1)	196	2643
HA|PP755589.1|A/cattle/Texas/24-008749-003/2024(H5N1)	197	2643
HA|PP755589.1|A/cattle/Texas/24-008749-003/2024(H5N1)	198	2651
HA|PP755589.1|A/cattle/Texas/24-008749-003/2024(H5N1)	199	2662
HA|PP755589.1|A/cattle/Texas/24-008749-003/2024(H5N1)	200	2681
HA|PP755589.1|A/cattle/Texas/24-008749-003/2024(H5N1)	201	2673
HA|PP755589.1|A/cattle/Texas/24-008749-003/2024(H5N1)	202	2673
HA|PP755589.1|A/cattle/Texas/24-008749-003/2024(H5N1)	203	2673
HA|PP755589.1|A/cattle/Texas/24-008749-003/2024(H5N1)	204	2686
HA|PP755589.1|A/cattle/Texas/24-008749-003/2024(H5N1)	205	2695
HA|PP755589.1|A/cattle/Texas/24-008749-003/2024(H5N1)	206	2695
HA|PP755589.1|A/cattle/Texas/24-008749-003/2024(H5N1)	207	2719
HA|PP755589.1|A/cattle/Texas/24-008749-003/2024(H5N1)	208	2725
HA|PP755589.1|A/cattle/Texas/24-008749-003/2024(H5N1)	209	2709
HA|PP755589.1|A/cattle/Texas/24-008749-003/2024(H5N1)	210	2703
HA|PP755589.1|A/cattle/Texas/24-008749-003/2024(H5N1)	211	2701
HA|PP755589.1|A/cattle/Texas/24-008749-003/2024(H5N1)	212	2725
HA|PP755589.1|A/cattle/Texas/24-008749-003/2024(H5N1)	213	2729
HA|PP755589.1|A/cattle/Texas/24-008749-003/2024(H5N1)	214	2810
HA|PP755589.1|A/cattle/Texas/24-008749-003/2024(H5N1)	215	2838
HA|PP755589.1|A/cattle/Texas/24-008749-003/2024(H5N1)	216	2833
HA|PP755589.1|A/cattle/Texas/24-008749-003/2024(H5N1)	217	2844
HA|PP755589.1|A/cattle/Texas/24-008749-003/2024(H5N1)	218	2854
HA|PP755589.1|A/cattle/Texas/24-008749-003/2024(H5N1)	219	2854
HA|PP755589.1|A/cattle/Texas/24-008749-003/2024(H5N1)	220	2863
HA|PP755589.1|A/cattle/Texas/24-008749-003/2024(H5N1)	221	2673
HA|PP755589.1|A/cattle/Texas/24-008749-003/2024(H5N1)	222	2663
HA|PP755589.1|A/cattle/Texas/24-008749-003/2024(H5N1)	223	2669
HA|PP755589.1|A/cattle/Texas/24-008749-003/2024(H5N1)	224	2654
HA|PP755589.1|A/cattle/Texas/24-008749-003/2024(H5N1)	225	2595
HA|PP755589.1|A/cattle/Texas/24-008749-003/2024(H5N1)	226	2587
HA|PP755589.1|A/cattle/Texas/24-008749-003/2024(H5N1)	227	2577
HA|PP755589.1|A/cattle/Texas/24-008749-003/2024(H5N1)	228	2582
HA|PP755589.1|A/cattle/Texas/24-008749-003/2024(H5N1)	229	2581
HA|PP755589.1|A/cattle/Texas/24-008749-003/2024(H5N1)	230	2579
HA|PP755589.1|A/cattle/Texas/24-008749-003/2024(H5N1)	231	2586
HA|PP755589.1|A/cattle/Texas/24-008749-003/2024(H5N1)	232	2580
HA|PP755589.1|A/cattle/Texas/24-008749-003/2024(H5N1)	233	2604
HA|PP755589.1|A/cattle/Texas/24-008749-003/2024(H5N1)	234	2613
HA|PP755589.1|A/cattle/Texas/24-008749-003/2024(H5N1)	235	2613
HA|PP755589.1|A/cattle/Texas/24-008749-003/2024(H5N1)	236	2594
HA|PP755589.1|A/cattle/Texas/24-008749-003/2024(H5N1)	237	2586
HA|PP755589.1|A/cattle/Texas/24-008749-003/2024(H5N1)	238	2594
HA|PP755589.1|A/cattle/Texas/24-008749-003/2024(H5N1)	239	2595
HA|PP755589.1|A/cattle/Texas/24-008749-003/2024(H5N1)	240	2614
HA|PP755589.1|A/cattle/Texas/24-008749-003/2024(H5N1)	241	2596
HA|PP755589.1|A/cattle/Texas/24-008749-003/2024(H5N1)	242	2597
HA|PP755589.1|A/cattle/Texas/24-008749-003/2024(H5N1)	243	2570
HA|PP755589.1|A/cattle/Texas/24-008749-003/2024(H5N1)	244	2567
HA|PP755589.1|A/cattle/Texas/24-008749-003/2024(H5N1)	245	2571
HA|PP755589.1|A/cattle/Texas/24-008749-003/2024(H5N1)	246	2542
HA|PP755589.1|A/cattle/Texas/24-008749-003/2024(H5N1)	247	2549
HA|PP755589.1|A/cattle/Texas/24-008749-003/2024(H5N1)	248	2544
HA|PP755589.1|A/cattle/Texas/24-008749-003/2024(H5N1)	249	2531
HA|PP755589.1|A/cattle/Texas/24-008749-003/2024(H5N1)	250	2530
HA|PP755589.1|A/cattle/Texas/24-008749-003/2024(H5N1)	251	2530
HA|PP755589.1|A/cattle/Texas/24-008749-003/2024(H5N1)	252	2527
HA|PP755589.1|A/cattle/Texas/24-008749-003/2024(H5N1)	253	2548
HA|PP755589.1|A/cattle/Texas/24-008749-003/2024(H5N1)	254	2547
HA|PP755589.1|A/cattle/Texas/24-008749-003/2024(H5N1)	255	2565
HA|PP755589.1|A/cattle/Texas/24-008749-003/2024(H5N1)	256	2564
HA|PP755589.1|A/cattle/Texas/24-008749-003/2024(H5N1)	257	2554
HA|PP755589.1|A/cattle/Texas/24-008749-003/2024(H5N1)	258	2514
HA|PP755589.1|A/cattle/Texas/24-008749-003/2024(H5N1)	259	2511
HA|PP755589.1|A/cattle/Texas/24-008749-003/2024(H5N1)	260	2511
HA|PP755589.1|A/cattle/Texas/24-008749-003/2024(H5N1)	261	2485
HA|PP755589.1|A/cattle/Texas/24-008749-003/2024(H5N1)	262	2474
HA|PP755589.1|A/cattle/Texas/24-008749-003/2024(H5N1)	263	2509
HA|PP755589.1|A/cattle/Texas/24-008749-003/2024(H5N1)	264	2425
HA|PP755589.1|A/cattle/Texas/24-008749-003/2024(H5N1)	265	2483
HA|PP755589.1|A/cattle/Texas/24-008749-003/2024(H5N1)	266	2488
HA|PP755589.1|A/cattle/Texas/24-008749-003/2024(H5N1)	267	2479
HA|PP755589.1|A/cattle/Texas/24-008749-003/2024(H5N1)	268	2476
HA|PP755589.1|A/cattle/Texas/24-008749-003/2024(H5N1)	269	2478
HA|PP755589.1|A/cattle/Texas/24-008749-003/2024(H5N1)	270	2479
HA|PP755589.1|A/cattle/Texas/24-008749-003/2024(H5N1)	271	2523
HA|PP755589.1|A/cattle/Texas/24-008749-003/2024(H5N1)	272	2520
HA|PP755589.1|A/cattle/Texas/24-008749-003/2024(H5N1)	273	2519
HA|PP755589.1|A/cattle/Texas/24-008749-003/2024(H5N1)	274	2461
HA|PP755589.1|A/cattle/Texas/24-008749-003/2024(H5N1)	275	2480
HA|PP755589.1|A/cattle/Texas/24-008749-003/2024(H5N1)	276	2667
HA|PP755589.1|A/cattle/Texas/24-008749-003/2024(H5N1)	277	2674
HA|PP755589.1|A/cattle/Texas/24-008749-003/2024(H5N1)	278	2692
HA|PP755589.1|A/cattle/Texas/24-008749-003/2024(H5N1)	279	2680
HA|PP755589.1|A/cattle/Texas/24-008749-003/2024(H5N1)	280	2679
HA|PP755589.1|A/cattle/Texas/24-008749-003/2024(H5N1)	281	2784
HA|PP755589.1|A/cattle/Texas/24-008749-003/2024(H5N1)	282	2811
HA|PP755589.1|A/cattle/Texas/24-008749-003/2024(H5N1)	283	2843
HA|PP755589.1|A/cattle/Texas/24-008749-003/2024(H5N1)	284	2850
HA|PP755589.1|A/cattle/Texas/24-008749-003/2024(H5N1)	285	2615
HA|PP755589.1|A/cattle/Texas/24-008749-003/2024(H5N1)	286	2627
HA|PP755589.1|A/cattle/Texas/24-008749-003/2024(H5N1)	287	2616
HA|PP755589.1|A/cattle/Texas/24-008749-003/2024(H5N1)	288	2611
HA|PP755589.1|A/cattle/Texas/24-008749-003/2024(H5N1)	289	2616
HA|PP755589.1|A/cattle/Texas/24-008749-003/2024(H5N1)	290	2534
HA|PP755589.1|A/cattle/Texas/24-008749-003/2024(H5N1)	291	2531
HA|PP755589.1|A/cattle/Texas/24-008749-003/2024(H5N1)	292	2506
HA|PP755589.1|A/cattle/Texas/24-008749-003/2024(H5N1)	293	2501
HA|PP755589.1|A/cattle/Texas/24-008749-003/2024(H5N1)	294	2588
HA|PP755589.1|A/cattle/Texas/24-008749-003/2024(H5N1)	295	2592
HA|PP755589.1|A/cattle/Texas/24-008749-003/2024(H5N1)	296	2598
HA|PP755589.1|A/cattle/Texas/24-008749-003/2024(H5N1)	297	2597
HA|PP755589.1|A/cattle/Texas/24-008749-003/2024(H5N1)	298	2693
HA|PP755589.1|A/cattle/Texas/24-008749-003/2024(H5N1)	299	2703
HA|PP755589.1|A/cattle/Texas/24-008749-003/2024(H5N1)	300	2701
HA|PP755589.1|A/cattle/Texas/24-008749-003/2024(H5N1)	301	2702
HA|PP755589.1|A/cattle/Texas/24-008749-003/2024(H5N1)	302	2701
HA|PP755589.1|A/cattle/Texas/24-008749-003/2024(H5N1)	303	2640
HA|PP755589.1|A/cattle/Texas/24-008749-003/2024(H5N1)	304	2672
HA|PP755589.1|A/cattle/Texas/24-008749-003/2024(H5N1)	305	2664
HA|PP755589.1|A/cattle/Texas/24-008749-003/2024(H5N1)	306	2664
HA|PP755589.1|A/cattle/Texas/24-008749-003/2024(H5N1)	307	2671
HA|PP755589.1|A/cattle/Texas/24-008749-003/2024(H5N1)	308	2665
HA|PP755589.1|A/cattle/Texas/24-008749-003/2024(H5N1)	309	2663
HA|PP755589.1|A/cattle/Texas/24-008749-003/2024(H5N1)	310	2675
HA|PP755589.1|A/cattle/Texas/24-008749-003/2024(H5N1)	311	2668
HA|PP755589.1|A/cattle/Texas/24-008749-003/2024(H5N1)	312	2680
HA|PP755589.1|A/cattle/Texas/24-008749-003/2024(H5N1)	313	2662
HA|PP755589.1|A/cattle/Texas/24-008749-003/2024(H5N1)	314	2654
HA|PP755589.1|A/cattle/Texas/24-008749-003/2024(H5N1)	315	2719
HA|PP755589.1|A/cattle/Texas/24-008749-003/2024(H5N1)	316	2719
HA|PP755589.1|A/cattle/Texas/24-008749-003/2024(H5N1)	317	2866
HA|PP755589.1|A/cattle/Texas/24-008749-003/2024(H5N1)	318	2869
HA|PP755589.1|A/cattle/Texas/24-008749-003/2024(H5N1)	319	2888
HA|PP755589.1|A/cattle/Texas/24-008749-003/2024(H5N1)	320	2914
HA|PP755589.1|A/cattle/Texas/24-008749-003/2024(H5N1)	321	2983
HA|PP755589.1|A/cattle/Texas/24-008749-003/2024(H5N1)	322	2971
HA|PP755589.1|A/cattle/Texas/24-008749-003/2024(H5N1)	323	2972
HA|PP755589.1|A/cattle/Texas/24-008749-003/2024(H5N1)	324	2919
HA|PP755589.1|A/cattle/Texas/24-008749-003/2024(H5N1)	325	2923
HA|PP755589.1|A/cattle/Texas/24-008749-003/2024(H5N1)	326	2923
HA|PP755589.1|A/cattle/Texas/24-008749-003/2024(H5N1)	327	2927
HA|PP755589.1|A/cattle/Texas/24-008749-003/2024(H5N1)	328	2890
HA|PP755589.1|A/cattle/Texas/24-008749-003/2024(H5N1)	329	2899
HA|PP755589.1|A/cattle/Texas/24-008749-003/2024(H5N1)	330	2939
HA|PP755589.1|A/cattle/Texas/24-008749-003/2024(H5N1)	331	3004
HA|PP755589.1|A/cattle/Texas/24-008749-003/2024(H5N1)	332	3004
HA|PP755589.1|A/cattle/Texas/24-008749-003/2024(H5N1)	333	3009
HA|PP755589.1|A/cattle/Texas/24-008749-003/2024(H5N1)	334	3005
HA|PP755589.1|A/cattle/Texas/24-008749-003/2024(H5N1)	335	3011
HA|PP755589.1|A/cattle/Texas/24-008749-003/2024(H5N1)	336	3014
HA|PP755589.1|A/cattle/Texas/24-008749-003/2024(H5N1)	337	3021
HA|PP755589.1|A/cattle/Texas/24-008749-003/2024(H5N1)	338	3034
HA|PP755589.1|A/cattle/Texas/24-008749-003/2024(H5N1)	339	3022
HA|PP755589.1|A/cattle/Texas/24-008749-003/2024(H5N1)	340	2985
HA|PP755589.1|A/cattle/Texas/24-008749-003/2024(H5N1)	341	3001
HA|PP755589.1|A/cattle/Texas/24-008749-003/2024(H5N1)	342	2999
HA|PP755589.1|A/cattle/Texas/24-008749-003/2024(H5N1)	343	3002
HA|PP755589.1|A/cattle/Texas/24-008749-003/2024(H5N1)	344	3011
HA|PP755589.1|A/cattle/Texas/24-008749-003/2024(H5N1)	345	3011
HA|PP755589.1|A/cattle/Texas/24-008749-003/2024(H5N1)	346	3030
HA|PP755589.1|A/cattle/Texas/24-008749-003/2024(H5N1)	347	3024
HA|PP755589.1|A/cattle/Texas/24-008749-003/2024(H5N1)	348	3009
HA|PP755589.1|A/cattle/Texas/24-008749-003/2024(H5N1)	349	3031
HA|PP755589.1|A/cattle/Texas/24-008749-003/2024(H5N1)	350	3014
HA|PP755589.1|A/cattle/Texas/24-008749-003/2024(H5N1)	351	3016
HA|PP755589.1|A/cattle/Texas/24-008749-003/2024(H5N1)	352	3021
HA|PP755589.1|A/cattle/Texas/24-008749-003/2024(H5N1)	353	3033
HA|PP755589.1|A/cattle/Texas/24-008749-003/2024(H5N1)	354	3061
HA|PP755589.1|A/cattle/Texas/24-008749-003/2024(H5N1)	355	3052
HA|PP755589.1|A/cattle/Texas/24-008749-003/2024(H5N1)	356	3054
HA|PP755589.1|A/cattle/Texas/24-008749-003/2024(H5N1)	357	3110
HA|PP755589.1|A/cattle/Texas/24-008749-003/2024(H5N1)	358	3157
HA|PP755589.1|A/cattle/Texas/24-008749-003/2024(H5N1)	359	3226
HA|PP755589.1|A/cattle/Texas/24-008749-003/2024(H5N1)	360	3241
HA|PP755589.1|A/cattle/Texas/24-008749-003/2024(H5N1)	361	3243
HA|PP755589.1|A/cattle/Texas/24-008749-003/2024(H5N1)	362	3230
HA|PP755589.1|A/cattle/Texas/24-008749-003/2024(H5N1)	363	3239
HA|PP755589.1|A/cattle/Texas/24-008749-003/2024(H5N1)	364	3235
HA|PP755589.1|A/cattle/Texas/24-008749-003/2024(H5N1)	365	3225
HA|PP755589.1|A/cattle/Texas/24-008749-003/2024(H5N1)	366	3224
HA|PP755589.1|A/cattle/Texas/24-008749-003/2024(H5N1)	367	3109
HA|PP755589.1|A/cattle/Texas/24-008749-003/2024(H5N1)	368	3146
HA|PP755589.1|A/cattle/Texas/24-008749-003/2024(H5N1)	369	3147
HA|PP755589.1|A/cattle/Texas/24-008749-003/2024(H5N1)	370	3148
HA|PP755589.1|A/cattle/Texas/24-008749-003/2024(H5N1)	371	3149
HA|PP755589.1|A/cattle/Texas/24-008749-003/2024(H5N1)	372	3126
HA|PP755589.1|A/cattle/Texas/24-008749-003/2024(H5N1)	373	3065
HA|PP755589.1|A/cattle/Texas/24-008749-003/2024(H5N1)	374	3071
HA|PP755589.1|A/cattle/Texas/24-008749-003/2024(H5N1)	375	3054
HA|PP755589.1|A/cattle/Texas/24-008749-003/2024(H5N1)	376	3053
HA|PP755589.1|A/cattle/Texas/24-008749-003/2024(H5N1)	377	3036
HA|PP755589.1|A/cattle/Texas/24-008749-003/2024(H5N1)	378	3037
HA|PP755589.1|A/cattle/Texas/24-008749-003/2024(H5N1)	379	3037
HA|PP755589.1|A/cattle/Texas/24-008749-003/2024(H5N1)	380	3037
HA|PP755589.1|A/cattle/Texas/24-008749-003/2024(H5N1)	381	3035
HA|PP755589.1|A/cattle/Texas/24-008749-003/2024(H5N1)	382	3040
HA|PP755589.1|A/cattle/Texas/24-008749-003/2024(H5N1)	383	3025
HA|PP755589.1|A/cattle/Texas/24-008749-003/2024(H5N1)	384	2998
HA|PP755589.1|A/cattle/Texas/24-008749-003/2024(H5N1)	385	2993
HA|PP755589.1|A/cattle/Texas/24-008749-003/2024(H5N1)	386	2981
HA|PP755589.1|A/cattle/Texas/24-008749-003/2024(H5N1)	387	2990
HA|PP755589.1|A/cattle/Texas/24-008749-003/2024(H5N1)	388	3010
HA|PP755589.1|A/cattle/Texas/24-008749-003/2024(H5N1)	389	3012
HA|PP755589.1|A/cattle/Texas/24-008749-003/2024(H5N1)	390	3006
HA|PP755589.1|A/cattle/Texas/24-008749-003/2024(H5N1)	391	3003
HA|PP755589.1|A/cattle/Texas/24-008749-003/2024(H5N1)	392	3003
HA|PP755589.1|A/cattle/Texas/24-008749-003/2024(H5N1)	393	3022
HA|PP755589.1|A/cattle/Texas/24-008749-003/2024(H5N1)	394	3036
HA|PP755589.1|A/cattle/Texas/24-008749-003/2024(H5N1)	395	3036
HA|PP755589.1|A/cattle/Texas/24-008749-003/2024(H5N1)	396	3042
HA|PP755589.1|A/cattle/Texas/24-008749-003/2024(H5N1)	397	3035
HA|PP755589.1|A/cattle/Texas/24-008749-003/2024(H5N1)	398	3075
HA|PP755589.1|A/cattle/Texas/24-008749-003/2024(H5N1)	399	3091
HA|PP755589.1|A/cattle/Texas/24-008749-003/2024(H5N1)	400	3096
HA|PP755589.1|A/cattle/Texas/24-008749-003/2024(H5N1)	401	3096
HA|PP755589.1|A/cattle/Texas/24-008749-003/2024(H5N1)	402	3102
HA|PP755589.1|A/cattle/Texas/24-008749-003/2024(H5N1)	403	3106
HA|PP755589.1|A/cattle/Texas/24-008749-003/2024(H5N1)	404	3106
HA|PP755589.1|A/cattle/Texas/24-008749-003/2024(H5N1)	405	3105
HA|PP755589.1|A/cattle/Texas/24-008749-003/2024(H5N1)	406	3102
HA|PP755589.1|A/cattle/Texas/24-008749-003/2024(H5N1)	407	3105
HA|PP755589.1|A/cattle/Texas/24-008749-003/2024(H5N1)	408	3067
HA|PP755589.1|A/cattle/Texas/24-008749-003/2024(H5N1)	409	3073
HA|PP755589.1|A/cattle/Texas/24-008749-003/2024(H5N1)	410	3065
HA|PP755589.1|A/cattle/Texas/24-008749-003/2024(H5N1)	411	3041
HA|PP755589.1|A/cattle/Texas/24-008749-003/2024(H5N1)	412	3041
HA|PP755589.1|A/cattle/Texas/24-008749-003/2024(H5N1)	413	3043
HA|PP755589.1|A/cattle/Texas/24-008749-003/2024(H5N1)	414	3041
HA|PP755589.1|A/cattle/Texas/24-008749-003/2024(H5N1)	415	3040
HA|PP755589.1|A/cattle/Texas/24-008749-003/2024(H5N1)	416	3042
HA|PP755589.1|A/cattle/Texas/24-008749-003/2024(H5N1)	417	3056
HA|PP755589.1|A/cattle/Texas/24-008749-003/2024(H5N1)	418	3070
HA|PP755589.1|A/cattle/Texas/24-008749-003/2024(H5N1)	419	3063
HA|PP755589.1|A/cattle/Texas/24-008749-003/2024(H5N1)	420	3079
HA|PP755589.1|A/cattle/Texas/24-008749-003/2024(H5N1)	421	3087
HA|PP755589.1|A/cattle/Texas/24-008749-003/2024(H5N1)	422	3099
HA|PP755589.1|A/cattle/Texas/24-008749-003/2024(H5N1)	423	3099
HA|PP755589.1|A/cattle/Texas/24-008749-003/2024(H5N1)	424	3019
HA|PP755589.1|A/cattle/Texas/24-008749-003/2024(H5N1)	425	3033
HA|PP755589.1|A/cattle/Texas/24-008749-003/2024(H5N1)	426	3010
HA|PP755589.1|A/cattle/Texas/24-008749-003/2024(H5N1)	427	2998
HA|PP755589.1|A/cattle/Texas/24-008749-003/2024(H5N1)	428	3005
HA|PP755589.1|A/cattle/Texas/24-008749-003/2024(H5N1)	429	3003
HA|PP755589.1|A/cattle/Texas/24-008749-003/2024(H5N1)	430	3010
HA|PP755589.1|A/cattle/Texas/24-008749-003/2024(H5N1)	431	3086
HA|PP755589.1|A/cattle/Texas/24-008749-003/2024(H5N1)	432	3089
HA|PP755589.1|A/cattle/Texas/24-008749-003/2024(H5N1)	433	3106
HA|PP755589.1|A/cattle/Texas/24-008749-003/2024(H5N1)	434	3100
HA|PP755589.1|A/cattle/Texas/24-008749-003/2024(H5N1)	435	3103
HA|PP755589.1|A/cattle/Texas/24-008749-003/2024(H5N1)	436	3094
HA|PP755589.1|A/cattle/Texas/24-008749-003/2024(H5N1)	437	3103
HA|PP755589.1|A/cattle/Texas/24-008749-003/2024(H5N1)	438	3126
HA|PP755589.1|A/cattle/Texas/24-008749-003/2024(H5N1)	439	3127
HA|PP755589.1|A/cattle/Texas/24-008749-003/2024(H5N1)	440	3056
HA|PP755589.1|A/cattle/Texas/24-008749-003/2024(H5N1)	441	3064
HA|PP755589.1|A/cattle/Texas/24-008749-003/2024(H5N1)	442	3050
HA|PP755589.1|A/cattle/Texas/24-008749-003/2024(H5N1)	443	3053
HA|PP755589.1|A/cattle/Texas/24-008749-003/2024(H5N1)	444	3069
HA|PP755589.1|A/cattle/Texas/24-008749-003/2024(H5N1)	445	3061
HA|PP755589.1|A/cattle/Texas/24-008749-003/2024(H5N1)	446	3088
HA|PP755589.1|A/cattle/Texas/24-008749-003/2024(H5N1)	447	3069
HA|PP755589.1|A/cattle/Texas/24-008749-003/2024(H5N1)	448	3079
HA|PP755589.1|A/cattle/Texas/24-008749-003/2024(H5N1)	449	3080
HA|PP755589.1|A/cattle/Texas/24-008749-003/2024(H5N1)	450	3071
HA|PP755589.1|A/cattle/Texas/24-008749-003/2024(H5N1)	451	3086
HA|PP755589.1|A/cattle/Texas/24-008749-003/2024(H5N1)	452	3135
HA|PP755589.1|A/cattle/Texas/24-008749-003/2024(H5N1)	453	3141
HA|PP755589.1|A/cattle/Texas/24-008749-003/2024(H5N1)	454	3164
HA|PP755589.1|A/cattle/Texas/24-008749-003/2024(H5N1)	455	3142
HA|PP755589.1|A/cattle/Texas/24-008749-003/2024(H5N1)	456	3182
HA|PP755589.1|A/cattle/Texas/24-008749-003/2024(H5N1)	457	3200
HA|PP755589.1|A/cattle/Texas/24-008749-003/2024(H5N1)	458	3192
HA|PP755589.1|A/cattle/Texas/24-008749-003/2024(H5N1)	459	3205
HA|PP755589.1|A/cattle/Texas/24-008749-003/2024(H5N1)	460	3177
HA|PP755589.1|A/cattle/Texas/24-008749-003/2024(H5N1)	461	3112
HA|PP755589.1|A/cattle/Texas/24-008749-003/2024(H5N1)	462	3117
HA|PP755589.1|A/cattle/Texas/24-008749-003/2024(H5N1)	463	3107
HA|PP755589.1|A/cattle/Texas/24-008749-003/2024(H5N1)	464	3105
HA|PP755589.1|A/cattle/Texas/24-008749-003/2024(H5N1)	465	3068
HA|PP755589.1|A/cattle/Texas/24-008749-003/2024(H5N1)	466	3058
HA|PP755589.1|A/cattle/Texas/24-008749-003/2024(H5N1)	467	3047
HA|PP755589.1|A/cattle/Texas/24-008749-003/2024(H5N1)	468	3043
HA|PP755589.1|A/cattle/Texas/24-008749-003/2024(H5N1)	469	3042
HA|PP755589.1|A/cattle/Texas/24-008749-003/2024(H5N1)	470	3037
HA|PP755589.1|A/cattle/Texas/24-008749-003/2024(H5N1)	471	3033
HA|PP755589.1|A/cattle/Texas/24-008749-003/2024(H5N1)	472	3063
HA|PP755589.1|A/cattle/Texas/24-008749-003/2024(H5N1)	473	3069
HA|PP755589.1|A/cattle/Texas/24-008749-003/2024(H5N1)	474	3084
HA|PP755589.1|A/cattle/Texas/24-008749-003/2024(H5N1)	475	3080
HA|PP755589.1|A/cattle/Texas/24-008749-003/2024(H5N1)	476	3080
HA|PP755589.1|A/cattle/Texas/24-008749-003/2024(H5N1)	477	3087
HA|PP755589.1|A/cattle/Texas/24-008749-003/2024(H5N1)	478	3086
HA|PP755589.1|A/cattle/Texas/24-008749-003/2024(H5N1)	479	3089
HA|PP755589.1|A/cattle/Texas/24-008749-003/2024(H5N1)	480	3087
HA|PP755589.1|A/cattle/Texas/24-008749-003/2024(H5N1)	481	3077
HA|PP755589.1|A/cattle/Texas/24-008749-003/2024(H5N1)	482	3077
HA|PP755589.1|A/cattle/Texas/24-008749-003/2024(H5N1)	483	3070
HA|PP755589.1|A/cattle/Texas/24-008749-003/2024(H5N1)	484	3066
HA|PP755589.1|A/cattle/Texas/24-008749-003/2024(H5N1)	485	3080
HA|PP755589.1|A/cattle/Texas/24-008749-003/2024(H5N1)	486	3073
HA|PP755589.1|A/cattle/Texas/24-008749-003/2024(H5N1)	487	3090
HA|PP755589.1|A/cattle/Texas/24-008749-003/2024(H5N1)	488	3094
HA|PP755589.1|A/cattle/Texas/24-008749-003/2024(H5N1)	489	3100
HA|PP755589.1|A/cattle/Texas/24-008749-003/2024(H5N1)	490	3121
HA|PP755589.1|A/cattle/Texas/24-008749-003/2024(H5N1)	491	3180
HA|PP755589.1|A/cattle/Texas/24-008749-003/2024(H5N1)	492	3182
HA|PP755589.1|A/cattle/Texas/24-008749-003/2024(H5N1)	493	3176
HA|PP755589.1|A/cattle/Texas/24-008749-003/2024(H5N1)	494	3180
HA|PP755589.1|A/cattle/Texas/24-008749-003/2024(H5N1)	495	3193
HA|PP755589.1|A/cattle/Texas/24-008749-003/2024(H5N1)	496	3175
HA|PP755589.1|A/cattle/Texas/24-008749-003/2024(H5N1)	497	3164
HA|PP755589.1|A/cattle/Texas/24-008749-003/2024(H5N1)	498	3156
HA|PP755589.1|A/cattle/Texas/24-008749-003/2024(H5N1)	499	3164
HA|PP755589.1|A/cattle/Texas/24-008749-003/2024(H5N1)	500	3169
HA|PP755589.1|A/cattle/Texas/24-008749-003/2024(H5N1)	501	3197
HA|PP755589.1|A/cattle/Texas/24-008749-003/2024(H5N1)	502	3217
HA|PP755589.1|A/cattle/Texas/24-008749-003/2024(H5N1)	503	3212
HA|PP755589.1|A/cattle/Texas/24-008749-003/2024(H5N1)	504	3197
HA|PP755589.1|A/cattle/Texas/24-008749-003/2024(H5N1)	505	3196
HA|PP755589.1|A/cattle/Texas/24-008749-003/2024(H5N1)	506	3176
HA|PP755589.1|A/cattle/Texas/24-008749-003/2024(H5N1)	507	3196
HA|PP755589.1|A/cattle/Texas/24-008749-003/2024(H5N1)	508	3207
HA|PP755589.1|A/cattle/Texas/24-008749-003/2024(H5N1)	509	3206
HA|PP755589.1|A/cattle/Texas/24-008749-003/2024(H5N1)	510	3204
HA|PP755589.1|A/cattle/Texas/24-008749-003/2024(H5N1)	511	3201
HA|PP755589.1|A/cattle/Texas/24-008749-003/2024(H5N1)	512	3301
HA|PP755589.1|A/cattle/Texas/24-008749-003/2024(H5N1)	513	3313
HA|PP755589.1|A/cattle/Texas/24-008749-003/2024(H5N1)	514	3294
HA|PP755589.1|A/cattle/Texas/24-008749-003/2024(H5N1)	515	3264
HA|PP755589.1|A/cattle/Texas/24-008749-003/2024(H5N1)	516	3289
HA|PP755589.1|A/cattle/Texas/24-008749-003/2024(H5N1)	517	3291
HA|PP755589.1|A/cattle/Texas/24-008749-003/2024(H5N1)	518	3289
HA|PP755589.1|A/cattle/Texas/24-008749-003/2024(H5N1)	519	3307
HA|PP755589.1|A/cattle/Texas/24-008749-003/2024(H5N1)	520	3302
HA|PP755589.1|A/cattle/Texas/24-008749-003/2024(H5N1)	521	3244
HA|PP755589.1|A/cattle/Texas/24-008749-003/2024(H5N1)	522	3222
HA|PP755589.1|A/cattle/Texas/24-008749-003/2024(H5N1)	523	3244
HA|PP755589.1|A/cattle/Texas/24-008749-003/2024(H5N1)	524	3329
HA|PP755589.1|A/cattle/Texas/24-008749-003/2024(H5N1)	525	3299
HA|PP755589.1|A/cattle/Texas/24-008749-003/2024(H5N1)	526	3301
HA|PP755589.1|A/cattle/Texas/24-008749-003/2024(H5N1)	527	3189
HA|PP755589.1|A/cattle/Texas/24-008749-003/2024(H5N1)	528	3174
HA|PP755589.1|A/cattle/Texas/24-008749-003/2024(H5N1)	529	3170
HA|PP755589.1|A/cattle/Texas/24-008749-003/2024(H5N1)	530	3163
HA|PP755589.1|A/cattle/Texas/24-008749-003/2024(H5N1)	531	3169
HA|PP755589.1|A/cattle/Texas/24-008749-003/2024(H5N1)	532	3108
HA|PP755589.1|A/cattle/Texas/24-008749-003/2024(H5N1)	533	3065
HA|PP755589.1|A/cattle/Texas/24-008749-003/2024(H5N1)	534	3060
HA|PP755589.1|A/cattle/Texas/24-008749-003/2024(H5N1)	535	3107
HA|PP755589.1|A/cattle/Texas/24-008749-003/2024(H5N1)	536	3182
HA|PP755589.1|A/cattle/Texas/24-008749-003/2024(H5N1)	537	3186
HA|PP755589.1|A/cattle/Texas/24-008749-003/2024(H5N1)	538	3180
HA|PP755589.1|A/cattle/Texas/24-008749-003/2024(H5N1)	539	3195
HA|PP755589.1|A/cattle/Texas/24-008749-003/2024(H5N1)	540	3312
HA|PP755589.1|A/cattle/Texas/24-008749-003/2024(H5N1)	541	3314
HA|PP755589.1|A/cattle/Texas/24-008749-003/2024(H5N1)	542	3319
HA|PP755589.1|A/cattle/Texas/24-008749-003/2024(H5N1)	543	3319
HA|PP755589.1|A/cattle/Texas/24-008749-003/2024(H5N1)	544	3266
HA|PP755589.1|A/cattle/Texas/24-008749-003/2024(H5N1)	545	3227
HA|PP755589.1|A/cattle/Texas/24-008749-003/2024(H5N1)	546	3216
HA|PP755589.1|A/cattle/Texas/24-008749-003/2024(H5N1)	547	3219
HA|PP755589.1|A/cattle/Texas/24-008749-003/2024(H5N1)	548	3208
HA|PP755589.1|A/cattle/Texas/24-008749-003/2024(H5N1)	549	3083
HA|PP755589.1|A/cattle/Texas/24-008749-003/2024(H5N1)	550	3071
HA|PP755589.1|A/cattle/Texas/24-008749-003/2024(H5N1)	551	3138
HA|PP755589.1|A/cattle/Texas/24-008749-003/2024(H5N1)	552	3158
HA|PP755589.1|A/cattle/Texas/24-008749-003/2024(H5N1)	553	3164
HA|PP755589.1|A/cattle/Texas/24-008749-003/2024(H5N1)	554	3164
HA|PP755589.1|A/cattle/Texas/24-008749-003/2024(H5N1)	555	3160
HA|PP755589.1|A/cattle/Texas/24-008749-003/2024(H5N1)	556	3162
HA|PP755589.1|A/cattle/Texas/24-008749-003/2024(H5N1)	557	3203
HA|PP755589.1|A/cattle/Texas/24-008749-003/2024(H5N1)	558	3190
HA|PP755589.1|A/cattle/Texas/24-008749-003/2024(H5N1)	559	3213
HA|PP755589.1|A/cattle/Texas/24-008749-003/2024(H5N1)	560	3212
HA|PP755589.1|A/cattle/Texas/24-008749-003/2024(H5N1)	561	3252
HA|PP755589.1|A/cattle/Texas/24-008749-003/2024(H5N1)	562	3318
HA|PP755589.1|A/cattle/Texas/24-008749-003/2024(H5N1)	563	3385
HA|PP755589.1|A/cattle/Texas/24-008749-003/2024(H5N1)	564	3438
HA|PP755589.1|A/cattle/Texas/24-008749-003/2024(H5N1)	565	3459
HA|PP755589.1|A/cattle/Texas/24-008749-003/2024(H5N1)	566	3464
HA|PP755589.1|A/cattle/Texas/24-008749-003/2024(H5N1)	567	3471
HA|PP755589.1|A/cattle/Texas/24-008749-003/2024(H5N1)	568	3372
HA|PP755589.1|A/cattle/Texas/24-008749-003/2024(H5N1)	569	3374
HA|PP755589.1|A/cattle/Texas/24-008749-003/2024(H5N1)	570	3370
HA|PP755589.1|A/cattle/Texas/24-008749-003/2024(H5N1)	571	3372
HA|PP755589.1|A/cattle/Texas/24-008749-003/2024(H5N1)	572	3247
HA|PP755589.1|A/cattle/Texas/24-008749-003/2024(H5N1)	573	3340
HA|PP755589.1|A/cattle/Texas/24-008749-003/2024(H5N1)	574	3321
HA|PP755589.1|A/cattle/Texas/24-008749-003/2024(H5N1)	575	3322
HA|PP755589.1|A/cattle/Texas/24-008749-003/2024(H5N1)	576	3324
HA|PP755589.1|A/cattle/Texas/24-008749-003/2024(H5N1)	577	3311
HA|PP755589.1|A/cattle/Texas/24-008749-003/2024(H5N1)	578	3350
HA|PP755589.1|A/cattle/Texas/24-008749-003/2024(H5N1)	579	3337
HA|PP755589.1|A/cattle/Texas/24-008749-003/2024(H5N1)	580	3293
HA|PP755589.1|A/cattle/Texas/24-008749-003/2024(H5N1)	581	3297
HA|PP755589.1|A/cattle/Texas/24-008749-003/2024(H5N1)	582	3217
HA|PP755589.1|A/cattle/Texas/24-008749-003/2024(H5N1)	583	3224
HA|PP755589.1|A/cattle/Texas/24-008749-003/2024(H5N1)	584	3220
HA|PP755589.1|A/cattle/Texas/24-008749-003/2024(H5N1)	585	3263
HA|PP755589.1|A/cattle/Texas/24-008749-003/2024(H5N1)	586	3291
HA|PP755589.1|A/cattle/Texas/24-008749-003/2024(H5N1)	587	3283
HA|PP755589.1|A/cattle/Texas/24-008749-003/2024(H5N1)	588	3323
HA|PP755589.1|A/cattle/Texas/24-008749-003/2024(H5N1)	589	3320
HA|PP755589.1|A/cattle/Texas/24-008749-003/2024(H5N1)	590	3304
HA|PP755589.1|A/cattle/Texas/24-008749-003/2024(H5N1)	591	3328
HA|PP755589.1|A/cattle/Texas/24-008749-003/2024(H5N1)	592	3321
HA|PP755589.1|A/cattle/Texas/24-008749-003/2024(H5N1)	593	3322
HA|PP755589.1|A/cattle/Texas/24-008749-003/2024(H5N1)	594	3346
HA|PP755589.1|A/cattle/Texas/24-008749-003/2024(H5N1)	595	3315
HA|PP755589.1|A/cattle/Texas/24-008749-003/2024(H5N1)	596	3398
HA|PP755589.1|A/cattle/Texas/24-008749-003/2024(H5N1)	597	3360
HA|PP755589.1|A/cattle/Texas/24-008749-003/2024(H5N1)	598	3373
HA|PP755589.1|A/cattle/Texas/24-008749-003/2024(H5N1)	599	3369
HA|PP755589.1|A/cattle/Texas/24-008749-003/2024(H5N1)	600	3352
HA|PP755589.1|A/cattle/Texas/24-008749-003/2024(H5N1)	601	3357
HA|PP755589.1|A/cattle/Texas/24-008749-003/2024(H5N1)	602	3367
HA|PP755589.1|A/cattle/Texas/24-008749-003/2024(H5N1)	603	3359
HA|PP755589.1|A/cattle/Texas/24-008749-003/2024(H5N1)	604	3374
HA|PP755589.1|A/cattle/Texas/24-008749-003/2024(H5N1)	605	3322
HA|PP755589.1|A/cattle/Texas/24-008749-003/2024(H5N1)	606	3327
HA|PP755589.1|A/cattle/Texas/24-008749-003/2024(H5N1)	607	3308
HA|PP755589.1|A/cattle/Texas/24-008749-003/2024(H5N1)	608	3314
HA|PP755589.1|A/cattle/Texas/24-008749-003/2024(H5N1)	609	3303
HA|PP755589.1|A/cattle/Texas/24-008749-003/2024(H5N1)	610	3294
HA|PP755589.1|A/cattle/Texas/24-008749-003/2024(H5N1)	611	3305
HA|PP755589.1|A/cattle/Texas/24-008749-003/2024(H5N1)	612	3299
HA|PP755589.1|A/cattle/Texas/24-008749-003/2024(H5N1)	613	3307
HA|PP755589.1|A/cattle/Texas/24-008749-003/2024(H5N1)	614	3381
HA|PP755589.1|A/cattle/Texas/24-008749-003/2024(H5N1)	615	3444
HA|PP755589.1|A/cattle/Texas/24-008749-003/2024(H5N1)	616	3450
HA|PP755589.1|A/cattle/Texas/24-008749-003/2024(H5N1)	617	3434
HA|PP755589.1|A/cattle/Texas/24-008749-003/2024(H5N1)	618	3417
HA|PP755589.1|A/cattle/Texas/24-008749-003/2024(H5N1)	619	3418
HA|PP755589.1|A/cattle/Texas/24-008749-003/2024(H5N1)	620	3439
HA|PP755589.1|A/cattle/Texas/24-008749-003/2024(H5N1)	621	3436
HA|PP755589.1|A/cattle/Texas/24-008749-003/2024(H5N1)	622	3435
HA|PP755589.1|A/cattle/Texas/24-008749-003/2024(H5N1)	623	3438
HA|PP755589.1|A/cattle/Texas/24-008749-003/2024(H5N1)	624	3433
HA|PP755589.1|A/cattle/Texas/24-008749-003/2024(H5N1)	625	3470
HA|PP755589.1|A/cattle/Texas/24-008749-003/2024(H5N1)	626	3472
HA|PP755589.1|A/cattle/Texas/24-008749-003/2024(H5N1)	627	3477
HA|PP755589.1|A/cattle/Texas/24-008749-003/2024(H5N1)	628	3470
HA|PP755589.1|A/cattle/Texas/24-008749-003/2024(H5N1)	629	3464
HA|PP755589.1|A/cattle/Texas/24-008749-003/2024(H5N1)	630	3460
HA|PP755589.1|A/cattle/Texas/24-008749-003/2024(H5N1)	631	3486
HA|PP755589.1|A/cattle/Texas/24-008749-003/2024(H5N1)	632	3493
HA|PP755589.1|A/cattle/Texas/24-008749-003/2024(H5N1)	633	3513
HA|PP755589.1|A/cattle/Texas/24-008749-003/2024(H5N1)	634	3519
HA|PP755589.1|A/cattle/Texas/24-008749-003/2024(H5N1)	635	3549
HA|PP755589.1|A/cattle/Texas/24-008749-003/2024(H5N1)	636	3547
HA|PP755589.1|A/cattle/Texas/24-008749-003/2024(H5N1)	637	3546
HA|PP755589.1|A/cattle/Texas/24-008749-003/2024(H5N1)	638	3581
HA|PP755589.1|A/cattle/Texas/24-008749-003/2024(H5N1)	639	3591
HA|PP755589.1|A/cattle/Texas/24-008749-003/2024(H5N1)	640	3585
HA|PP755589.1|A/cattle/Texas/24-008749-003/2024(H5N1)	641	3588
HA|PP755589.1|A/cattle/Texas/24-008749-003/2024(H5N1)	642	3583
HA|PP755589.1|A/cattle/Texas/24-008749-003/2024(H5N1)	643	3583
HA|PP755589.1|A/cattle/Texas/24-008749-003/2024(H5N1)	644	3567
HA|PP755589.1|A/cattle/Texas/24-008749-003/2024(H5N1)	645	3564
HA|PP755589.1|A/cattle/Texas/24-008749-003/2024(H5N1)	646	3571
HA|PP755589.1|A/cattle/Texas/24-008749-003/2024(H5N1)	647	3605
HA|PP755589.1|A/cattle/Texas/24-008749-003/2024(H5N1)	648	3612
HA|PP755589.1|A/cattle/Texas/24-008749-003/2024(H5N1)	649	3588
HA|PP755589.1|A/cattle/Texas/24-008749-003/2024(H5N1)	650	3596
HA|PP755589.1|A/cattle/Texas/24-008749-003/2024(H5N1)	651	3594
HA|PP755589.1|A/cattle/Texas/24-008749-003/2024(H5N1)	652	3600
HA|PP755589.1|A/cattle/Texas/24-008749-003/2024(H5N1)	653	3600
HA|PP755589.1|A/cattle/Texas/24-008749-003/2024(H5N1)	654	3601
HA|PP755589.1|A/cattle/Texas/24-008749-003/2024(H5N1)	655	3603
HA|PP755589.1|A/cattle/Texas/24-008749-003/2024(H5N1)	656	3601
HA|PP755589.1|A/cattle/Texas/24-008749-003/2024(H5N1)	657	3602
HA|PP755589.1|A/cattle/Texas/24-008749-003/2024(H5N1)	658	3629
HA|PP755589.1|A/cattle/Texas/24-008749-003/2024(H5N1)	659	3653
HA|PP755589.1|A/cattle/Texas/24-008749-003/2024(H5N1)	660	3643
HA|PP755589.1|A/cattle/Texas/24-008749-003/2024(H5N1)	661	3662
HA|PP755589.1|A/cattle/Texas/24-008749-003/2024(H5N1)	662	3657
HA|PP755589.1|A/cattle/Texas/24-008749-003/2024(H5N1)	663	3677
HA|PP755589.1|A/cattle/Texas/24-008749-003/2024(H5N1)	664	3702
HA|PP755589.1|A/cattle/Texas/24-008749-003/2024(H5N1)	665	3704
HA|PP755589.1|A/cattle/Texas/24-008749-003/2024(H5N1)	666	3777
HA|PP755589.1|A/cattle/Texas/24-008749-003/2024(H5N1)	667	3763
HA|PP755589.1|A/cattle/Texas/24-008749-003/2024(H5N1)	668	3732
HA|PP755589.1|A/cattle/Texas/24-008749-003/2024(H5N1)	669	3738
HA|PP755589.1|A/cattle/Texas/24-008749-003/2024(H5N1)	670	3757
HA|PP755589.1|A/cattle/Texas/24-008749-003/2024(H5N1)	671	3754
HA|PP755589.1|A/cattle/Texas/24-008749-003/2024(H5N1)	672	3752
HA|PP755589.1|A/cattle/Texas/24-008749-003/2024(H5N1)	673	3740
HA|PP755589.1|A/cattle/Texas/24-008749-003/2024(H5N1)	674	3752
HA|PP755589.1|A/cattle/Texas/24-008749-003/2024(H5N1)	675	3743
HA|PP755589.1|A/cattle/Texas/24-008749-003/2024(H5N1)	676	3744
HA|PP755589.1|A/cattle/Texas/24-008749-003/2024(H5N1)	677	3770
HA|PP755589.1|A/cattle/Texas/24-008749-003/2024(H5N1)	678	3773
HA|PP755589.1|A/cattle/Texas/24-008749-003/2024(H5N1)	679	3813
HA|PP755589.1|A/cattle/Texas/24-008749-003/2024(H5N1)	680	3801
HA|PP755589.1|A/cattle/Texas/24-008749-003/2024(H5N1)	681	3806
HA|PP755589.1|A/cattle/Texas/24-008749-003/2024(H5N1)	682	3786
HA|PP755589.1|A/cattle/Texas/24-008749-003/2024(H5N1)	683	3789
HA|PP755589.1|A/cattle/Texas/24-008749-003/2024(H5N1)	684	3887
HA|PP755589.1|A/cattle/Texas/24-008749-003/2024(H5N1)	685	3925
HA|PP755589.1|A/cattle/Texas/24-008749-003/2024(H5N1)	686	3927
HA|PP755589.1|A/cattle/Texas/24-008749-003/2024(H5N1)	687	3912
HA|PP755589.1|A/cattle/Texas/24-008749-003/2024(H5N1)	688	3902
HA|PP755589.1|A/cattle/Texas/24-008749-003/2024(H5N1)	689	3916
HA|PP755589.1|A/cattle/Texas/24-008749-003/2024(H5N1)	690	3911
HA|PP755589.1|A/cattle/Texas/24-008749-003/2024(H5N1)	691	3955
HA|PP755589.1|A/cattle/Texas/24-008749-003/2024(H5N1)	692	3967
HA|PP755589.1|A/cattle/Texas/24-008749-003/2024(H5N1)	693	3978
HA|PP755589.1|A/cattle/Texas/24-008749-003/2024(H5N1)	694	3952
HA|PP755589.1|A/cattle/Texas/24-008749-003/2024(H5N1)	695	3954
HA|PP755589.1|A/cattle/Texas/24-008749-003/2024(H5N1)	696	3980
HA|PP755589.1|A/cattle/Texas/24-008749-003/2024(H5N1)	697	3974
HA|PP755589.1|A/cattle/Texas/24-008749-003/2024(H5N1)	698	3955
HA|PP755589.1|A/cattle/Texas/24-008749-003/2024(H5N1)	699	4005
HA|PP755589.1|A/cattle/Texas/24-008749-003/2024(H5N1)	700	4004
HA|PP755589.1|A/cattle/Texas/24-008749-003/2024(H5N1)	701	4046
HA|PP755589.1|A/cattle/Texas/24-008749-003/2024(H5N1)	702	4031
HA|PP755589.1|A/cattle/Texas/24-008749-003/2024(H5N1)	703	4028
HA|PP755589.1|A/cattle/Texas/24-008749-003/2024(H5N1)	704	4032
HA|PP755589.1|A/cattle/Texas/24-008749-003/2024(H5N1)	705	4011
HA|PP755589.1|A/cattle/Texas/24-008749-003/2024(H5N1)	706	4021
HA|PP755589.1|A/cattle/Texas/24-008749-003/2024(H5N1)	707	3983
HA|PP755589.1|A/cattle/Texas/24-008749-003/2024(H5N1)	708	3968
HA|PP755589.1|A/cattle/Texas/24-008749-003/2024(H5N1)	709	3956
HA|PP755589.1|A/cattle/Texas/24-008749-003/2024(H5N1)	710	3950
HA|PP755589.1|A/cattle/Texas/24-008749-003/2024(H5N1)	711	3959
HA|PP755589.1|A/cattle/Texas/24-008749-003/2024(H5N1)	712	3991
HA|PP755589.1|A/cattle/Texas/24-008749-003/2024(H5N1)	713	3971
HA|PP755589.1|A/cattle/Texas/24-008749-003/2024(H5N1)	714	4021
HA|PP755589.1|A/cattle/Texas/24-008749-003/2024(H5N1)	715	4019
HA|PP755589.1|A/cattle/Texas/24-008749-003/2024(H5N1)	716	4034
HA|PP755589.1|A/cattle/Texas/24-008749-003/2024(H5N1)	717	4046
HA|PP755589.1|A/cattle/Texas/24-008749-003/2024(H5N1)	718	4039
HA|PP755589.1|A/cattle/Texas/24-008749-003/2024(H5N1)	719	4058
HA|PP755589.1|A/cattle/Texas/24-008749-003/2024(H5N1)	720	4056
HA|PP755589.1|A/cattle/Texas/24-008749-003/2024(H5N1)	721	4061
HA|PP755589.1|A/cattle/Texas/24-008749-003/2024(H5N1)	722	4074
HA|PP755589.1|A/cattle/Texas/24-008749-003/2024(H5N1)	723	4010
HA|PP755589.1|A/cattle/Texas/24-008749-003/2024(H5N1)	724	4002
HA|PP755589.1|A/cattle/Texas/24-008749-003/2024(H5N1)	725	3975
HA|PP755589.1|A/cattle/Texas/24-008749-003/2024(H5N1)	726	3975
HA|PP755589.1|A/cattle/Texas/24-008749-003/2024(H5N1)	727	3990
HA|PP755589.1|A/cattle/Texas/24-008749-003/2024(H5N1)	728	3987
HA|PP755589.1|A/cattle/Texas/24-008749-003/2024(H5N1)	729	3990
HA|PP755589.1|A/cattle/Texas/24-008749-003/2024(H5N1)	730	3980
HA|PP755589.1|A/cattle/Texas/24-008749-003/2024(H5N1)	731	3979
HA|PP755589.1|A/cattle/Texas/24-008749-003/2024(H5N1)	732	4116
HA|PP755589.1|A/cattle/Texas/24-008749-003/2024(H5N1)	733	4113
HA|PP755589.1|A/cattle/Texas/24-008749-003/2024(H5N1)	734	4128
HA|PP755589.1|A/cattle/Texas/24-008749-003/2024(H5N1)	735	4107
HA|PP755589.1|A/cattle/Texas/24-008749-003/2024(H5N1)	736	4078
HA|PP755589.1|A/cattle/Texas/24-008749-003/2024(H5N1)	737	4078
HA|PP755589.1|A/cattle/Texas/24-008749-003/2024(H5N1)	738	4074
HA|PP755589.1|A/cattle/Texas/24-008749-003/2024(H5N1)	739	4071
HA|PP755589.1|A/cattle/Texas/24-008749-003/2024(H5N1)	740	4059
HA|PP755589.1|A/cattle/Texas/24-008749-003/2024(H5N1)	741	3919
HA|PP755589.1|A/cattle/Texas/24-008749-003/2024(H5N1)	742	3988
HA|PP755589.1|A/cattle/Texas/24-008749-003/2024(H5N1)	743	4011
HA|PP755589.1|A/cattle/Texas/24-008749-003/2024(H5N1)	744	4055
HA|PP755589.1|A/cattle/Texas/24-008749-003/2024(H5N1)	745	4056
HA|PP755589.1|A/cattle/Texas/24-008749-003/2024(H5N1)	746	4052
HA|PP755589.1|A/cattle/Texas/24-008749-003/2024(H5N1)	747	4059
HA|PP755589.1|A/cattle/Texas/24-008749-003/2024(H5N1)	748	4065
HA|PP755589.1|A/cattle/Texas/24-008749-003/2024(H5N1)	749	4067
HA|PP755589.1|A/cattle/Texas/24-008749-003/2024(H5N1)	750	4064
HA|PP755589.1|A/cattle/Texas/24-008749-003/2024(H5N1)	751	4064
HA|PP755589.1|A/cattle/Texas/24-008749-003/2024(H5N1)	752	4011
HA|PP755589.1|A/cattle/Texas/24-008749-003/2024(H5N1)	753	4006
HA|PP755589.1|A/cattle/Texas/24-008749-003/2024(H5N1)	754	4010
HA|PP755589.1|A/cattle/Texas/24-008749-003/2024(H5N1)	755	4052
HA|PP755589.1|A/cattle/Texas/24-008749-003/2024(H5N1)	756	4052
HA|PP755589.1|A/cattle/Texas/24-008749-003/2024(H5N1)	757	4051
HA|PP755589.1|A/cattle/Texas/24-008749-003/2024(H5N1)	758	4089
HA|PP755589.1|A/cattle/Texas/24-008749-003/2024(H5N1)	759	4101
HA|PP755589.1|A/cattle/Texas/24-008749-003/2024(H5N1)	760	4097
HA|PP755589.1|A/cattle/Texas/24-008749-003/2024(H5N1)	761	4102
HA|PP755589.1|A/cattle/Texas/24-008749-003/2024(H5N1)	762	4086
HA|PP755589.1|A/cattle/Texas/24-008749-003/2024(H5N1)	763	4027
HA|PP755589.1|A/cattle/Texas/24-008749-003/2024(H5N1)	764	4018
HA|PP755589.1|A/cattle/Texas/24-008749-003/2024(H5N1)	765	4022
HA|PP755589.1|A/cattle/Texas/24-008749-003/2024(H5N1)	766	3998
HA|PP755589.1|A/cattle/Texas/24-008749-003/2024(H5N1)	767	3969
HA|PP755589.1|A/cattle/Texas/24-008749-003/2024(H5N1)	768	3995
HA|PP755589.1|A/cattle/Texas/24-008749-003/2024(H5N1)	769	4002
HA|PP755589.1|A/cattle/Texas/24-008749-003/2024(H5N1)	770	3990
HA|PP755589.1|A/cattle/Texas/24-008749-003/2024(H5N1)	771	3980
HA|PP755589.1|A/cattle/Texas/24-008749-003/2024(H5N1)	772	3974
HA|PP755589.1|A/cattle/Texas/24-008749-003/2024(H5N1)	773	3967
HA|PP755589.1|A/cattle/Texas/24-008749-003/2024(H5N1)	774	3957
HA|PP755589.1|A/cattle/Texas/24-008749-003/2024(H5N1)	775	3894
HA|PP755589.1|A/cattle/Texas/24-008749-003/2024(H5N1)	776	3907
HA|PP755589.1|A/cattle/Texas/24-008749-003/2024(H5N1)	777	3903
HA|PP755589.1|A/cattle/Texas/24-008749-003/2024(H5N1)	778	3888
HA|PP755589.1|A/cattle/Texas/24-008749-003/2024(H5N1)	779	3892
HA|PP755589.1|A/cattle/Texas/24-008749-003/2024(H5N1)	780	3890
HA|PP755589.1|A/cattle/Texas/24-008749-003/2024(H5N1)	781	3877
HA|PP755589.1|A/cattle/Texas/24-008749-003/2024(H5N1)	782	3887
HA|PP755589.1|A/cattle/Texas/24-008749-003/2024(H5N1)	783	3891
HA|PP755589.1|A/cattle/Texas/24-008749-003/2024(H5N1)	784	3902
HA|PP755589.1|A/cattle/Texas/24-008749-003/2024(H5N1)	785	3883
HA|PP755589.1|A/cattle/Texas/24-008749-003/2024(H5N1)	786	3847
HA|PP755589.1|A/cattle/Texas/24-008749-003/2024(H5N1)	787	3797
HA|PP755589.1|A/cattle/Texas/24-008749-003/2024(H5N1)	788	3788
HA|PP755589.1|A/cattle/Texas/24-008749-003/2024(H5N1)	789	3775
HA|PP755589.1|A/cattle/Texas/24-008749-003/2024(H5N1)	790	3766
HA|PP755589.1|A/cattle/Texas/24-008749-003/2024(H5N1)	791	3676
HA|PP755589.1|A/cattle/Texas/24-008749-003/2024(H5N1)	792	3673
HA|PP755589.1|A/cattle/Texas/24-008749-003/2024(H5N1)	793	3848
HA|PP755589.1|A/cattle/Texas/24-008749-003/2024(H5N1)	794	3869
HA|PP755589.1|A/cattle/Texas/24-008749-003/2024(H5N1)	795	3866
HA|PP755589.1|A/cattle/Texas/24-008749-003/2024(H5N1)	796	3890
HA|PP755589.1|A/cattle/Texas/24-008749-003/2024(H5N1)	797	3885
HA|PP755589.1|A/cattle/Texas/24-008749-003/2024(H5N1)	798	3904
HA|PP755589.1|A/cattle/Texas/24-008749-003/2024(H5N1)	799	3942
HA|PP755589.1|A/cattle/Texas/24-008749-003/2024(H5N1)	800	3985
HA|PP755589.1|A/cattle/Texas/24-008749-003/2024(H5N1)	801	3984
HA|PP755589.1|A/cattle/Texas/24-008749-003/2024(H5N1)	802	3873
HA|PP755589.1|A/cattle/Texas/24-008749-003/2024(H5N1)	803	3838
HA|PP755589.1|A/cattle/Texas/24-008749-003/2024(H5N1)	804	3832
HA|PP755589.1|A/cattle/Texas/24-008749-003/2024(H5N1)	805	3806
HA|PP755589.1|A/cattle/Texas/24-008749-003/2024(H5N1)	806	3816
HA|PP755589.1|A/cattle/Texas/24-008749-003/2024(H5N1)	807	3804
HA|PP755589.1|A/cattle/Texas/24-008749-003/2024(H5N1)	808	3762
HA|PP755589.1|A/cattle/Texas/24-008749-003/2024(H5N1)	809	3770
HA|PP755589.1|A/cattle/Texas/24-008749-003/2024(H5N1)	810	3764
HA|PP755589.1|A/cattle/Texas/24-008749-003/2024(H5N1)	811	3755
HA|PP755589.1|A/cattle/Texas/24-008749-003/2024(H5N1)	812	3731
HA|PP755589.1|A/cattle/Texas/24-008749-003/2024(H5N1)	813	3671
HA|PP755589.1|A/cattle/Texas/24-008749-003/2024(H5N1)	814	3627
HA|PP755589.1|A/cattle/Texas/24-008749-003/2024(H5N1)	815	3562
HA|PP755589.1|A/cattle/Texas/24-008749-003/2024(H5N1)	816	3640
HA|PP755589.1|A/cattle/Texas/24-008749-003/2024(H5N1)	817	3647
HA|PP755589.1|A/cattle/Texas/24-008749-003/2024(H5N1)	818	3646
HA|PP755589.1|A/cattle/Texas/24-008749-003/2024(H5N1)	819	3627
HA|PP755589.1|A/cattle/Texas/24-008749-003/2024(H5N1)	820	3648
HA|PP755589.1|A/cattle/Texas/24-008749-003/2024(H5N1)	821	3630
HA|PP755589.1|A/cattle/Texas/24-008749-003/2024(H5N1)	822	3634
HA|PP755589.1|A/cattle/Texas/24-008749-003/2024(H5N1)	823	3663
HA|PP755589.1|A/cattle/Texas/24-008749-003/2024(H5N1)	824	3599
HA|PP755589.1|A/cattle/Texas/24-008749-003/2024(H5N1)	825	3593
HA|PP755589.1|A/cattle/Texas/24-008749-003/2024(H5N1)	826	3586
HA|PP755589.1|A/cattle/Texas/24-008749-003/2024(H5N1)	827	3598
HA|PP755589.1|A/cattle/Texas/24-008749-003/2024(H5N1)	828	3612
HA|PP755589.1|A/cattle/Texas/24-008749-003/2024(H5N1)	829	3585
HA|PP755589.1|A/cattle/Texas/24-008749-003/2024(H5N1)	830	3581
HA|PP755589.1|A/cattle/Texas/24-008749-003/2024(H5N1)	831	3590
HA|PP755589.1|A/cattle/Texas/24-008749-003/2024(H5N1)	832	3568
HA|PP755589.1|A/cattle/Texas/24-008749-003/2024(H5N1)	833	3584
HA|PP755589.1|A/cattle/Texas/24-008749-003/2024(H5N1)	834	3588
HA|PP755589.1|A/cattle/Texas/24-008749-003/2024(H5N1)	835	3593
HA|PP755589.1|A/cattle/Texas/24-008749-003/2024(H5N1)	836	3555
HA|PP755589.1|A/cattle/Texas/24-008749-003/2024(H5N1)	837	3542
HA|PP755589.1|A/cattle/Texas/24-008749-003/2024(H5N1)	838	3570
HA|PP755589.1|A/cattle/Texas/24-008749-003/2024(H5N1)	839	3540
HA|PP755589.1|A/cattle/Texas/24-008749-003/2024(H5N1)	840	3534
HA|PP755589.1|A/cattle/Texas/24-008749-003/2024(H5N1)	841	3538
HA|PP755589.1|A/cattle/Texas/24-008749-003/2024(H5N1)	842	3502
HA|PP755589.1|A/cattle/Texas/24-008749-003/2024(H5N1)	843	3511
HA|PP755589.1|A/cattle/Texas/24-008749-003/2024(H5N1)	844	3520
HA|PP755589.1|A/cattle/Texas/24-008749-003/2024(H5N1)	845	3521
HA|PP755589.1|A/cattle/Texas/24-008749-003/2024(H5N1)	846	3524
HA|PP755589.1|A/cattle/Texas/24-008749-003/2024(H5N1)	847	3450
HA|PP755589.1|A/cattle/Texas/24-008749-003/2024(H5N1)	848	3465
HA|PP755589.1|A/cattle/Texas/24-008749-003/2024(H5N1)	849	3455
HA|PP755589.1|A/cattle/Texas/24-008749-003/2024(H5N1)	850	3459
HA|PP755589.1|A/cattle/Texas/24-008749-003/2024(H5N1)	851	3497
HA|PP755589.1|A/cattle/Texas/24-008749-003/2024(H5N1)	852	3495
HA|PP755589.1|A/cattle/Texas/24-008749-003/2024(H5N1)	853	3518
HA|PP755589.1|A/cattle/Texas/24-008749-003/2024(H5N1)	854	3523
HA|PP755589.1|A/cattle/Texas/24-008749-003/2024(H5N1)	855	3546
HA|PP755589.1|A/cattle/Texas/24-008749-003/2024(H5N1)	856	3687
HA|PP755589.1|A/cattle/Texas/24-008749-003/2024(H5N1)	857	3751
HA|PP755589.1|A/cattle/Texas/24-008749-003/2024(H5N1)	858	3761
HA|PP755589.1|A/cattle/Texas/24-008749-003/2024(H5N1)	859	3748
HA|PP755589.1|A/cattle/Texas/24-008749-003/2024(H5N1)	860	3742
HA|PP755589.1|A/cattle/Texas/24-008749-003/2024(H5N1)	861	3762
HA|PP755589.1|A/cattle/Texas/24-008749-003/2024(H5N1)	862	3757
HA|PP755589.1|A/cattle/Texas/24-008749-003/2024(H5N1)	863	3768
HA|PP755589.1|A/cattle/Texas/24-008749-003/2024(H5N1)	864	3747
HA|PP755589.1|A/cattle/Texas/24-008749-003/2024(H5N1)	865	3653
HA|PP755589.1|A/cattle/Texas/24-008749-003/2024(H5N1)	866	3592
HA|PP755589.1|A/cattle/Texas/24-008749-003/2024(H5N1)	867	3629
HA|PP755589.1|A/cattle/Texas/24-008749-003/2024(H5N1)	868	3665
HA|PP755589.1|A/cattle/Texas/24-008749-003/2024(H5N1)	869	3686
HA|PP755589.1|A/cattle/Texas/24-008749-003/2024(H5N1)	870	3678
HA|PP755589.1|A/cattle/Texas/24-008749-003/2024(H5N1)	871	3668
HA|PP755589.1|A/cattle/Texas/24-008749-003/2024(H5N1)	872	3669
HA|PP755589.1|A/cattle/Texas/24-008749-003/2024(H5N1)	873	3721
HA|PP755589.1|A/cattle/Texas/24-008749-003/2024(H5N1)	874	3734
HA|PP755589.1|A/cattle/Texas/24-008749-003/2024(H5N1)	875	3736
HA|PP755589.1|A/cattle/Texas/24-008749-003/2024(H5N1)	876	3678
HA|PP755589.1|A/cattle/Texas/24-008749-003/2024(H5N1)	877	3647
HA|PP755589.1|A/cattle/Texas/24-008749-003/2024(H5N1)	878	3702
HA|PP755589.1|A/cattle/Texas/24-008749-003/2024(H5N1)	879	3702
HA|PP755589.1|A/cattle/Texas/24-008749-003/2024(H5N1)	880	3728
HA|PP755589.1|A/cattle/Texas/24-008749-003/2024(H5N1)	881	3745
HA|PP755589.1|A/cattle/Texas/24-008749-003/2024(H5N1)	882	3713
HA|PP755589.1|A/cattle/Texas/24-008749-003/2024(H5N1)	883	3700
HA|PP755589.1|A/cattle/Texas/24-008749-003/2024(H5N1)	884	3700
HA|PP755589.1|A/cattle/Texas/24-008749-003/2024(H5N1)	885	3717
HA|PP755589.1|A/cattle/Texas/24-008749-003/2024(H5N1)	886	3717
HA|PP755589.1|A/cattle/Texas/24-008749-003/2024(H5N1)	887	3771
HA|PP755589.1|A/cattle/Texas/24-008749-003/2024(H5N1)	888	3760
HA|PP755589.1|A/cattle/Texas/24-008749-003/2024(H5N1)	889	3790
HA|PP755589.1|A/cattle/Texas/24-008749-003/2024(H5N1)	890	3794
HA|PP755589.1|A/cattle/Texas/24-008749-003/2024(H5N1)	891	3790
HA|PP755589.1|A/cattle/Texas/24-008749-003/2024(H5N1)	892	3783
HA|PP755589.1|A/cattle/Texas/24-008749-003/2024(H5N1)	893	3792
HA|PP755589.1|A/cattle/Texas/24-008749-003/2024(H5N1)	894	3782
HA|PP755589.1|A/cattle/Texas/24-008749-003/2024(H5N1)	895	3766
HA|PP755589.1|A/cattle/Texas/24-008749-003/2024(H5N1)	896	3732
HA|PP755589.1|A/cattle/Texas/24-008749-003/2024(H5N1)	897	3719
HA|PP755589.1|A/cattle/Texas/24-008749-003/2024(H5N1)	898	3720
HA|PP755589.1|A/cattle/Texas/24-008749-003/2024(H5N1)	899	3703
HA|PP755589.1|A/cattle/Texas/24-008749-003/2024(H5N1)	900	3704
HA|PP755589.1|A/cattle/Texas/24-008749-003/2024(H5N1)	901	3703
HA|PP755589.1|A/cattle/Texas/24-008749-003/2024(H5N1)	902	3712
HA|PP755589.1|A/cattle/Texas/24-008749-003/2024(H5N1)	903	3727
HA|PP755589.1|A/cattle/Texas/24-008749-003/2024(H5N1)	904	3733
HA|PP755589.1|A/cattle/Texas/24-008749-003/2024(H5N1)	905	3735
HA|PP755589.1|A/cattle/Texas/24-008749-003/2024(H5N1)	906	3738
HA|PP755589.1|A/cattle/Texas/24-008749-003/2024(H5N1)	907	3737
HA|PP755589.1|A/cattle/Texas/24-008749-003/2024(H5N1)	908	3796
HA|PP755589.1|A/cattle/Texas/24-008749-003/2024(H5N1)	909	3788
HA|PP755589.1|A/cattle/Texas/24-008749-003/2024(H5N1)	910	3784
HA|PP755589.1|A/cattle/Texas/24-008749-003/2024(H5N1)	911	3785
HA|PP755589.1|A/cattle/Texas/24-008749-003/2024(H5N1)	912	3759
HA|PP755589.1|A/cattle/Texas/24-008749-003/2024(H5N1)	913	3772
HA|PP755589.1|A/cattle/Texas/24-008749-003/2024(H5N1)	914	3752
HA|PP755589.1|A/cattle/Texas/24-008749-003/2024(H5N1)	915	3732
HA|PP755589.1|A/cattle/Texas/24-008749-003/2024(H5N1)	916	3758
HA|PP755589.1|A/cattle/Texas/24-008749-003/2024(H5N1)	917	3670
HA|PP755589.1|A/cattle/Texas/24-008749-003/2024(H5N1)	918	3654
HA|PP755589.1|A/cattle/Texas/24-008749-003/2024(H5N1)	919	3684
HA|PP755589.1|A/cattle/Texas/24-008749-003/2024(H5N1)	920	3670
HA|PP755589.1|A/cattle/Texas/24-008749-003/2024(H5N1)	921	3696
HA|PP755589.1|A/cattle/Texas/24-008749-003/2024(H5N1)	922	3684
HA|PP755589.1|A/cattle/Texas/24-008749-003/2024(H5N1)	923	3704
HA|PP755589.1|A/cattle/Texas/24-008749-003/2024(H5N1)	924	3713
HA|PP755589.1|A/cattle/Texas/24-008749-003/2024(H5N1)	925	3708
HA|PP755589.1|A/cattle/Texas/24-008749-003/2024(H5N1)	926	3850
HA|PP755589.1|A/cattle/Texas/24-008749-003/2024(H5N1)	927	3873
HA|PP755589.1|A/cattle/Texas/24-008749-003/2024(H5N1)	928	3845
HA|PP755589.1|A/cattle/Texas/24-008749-003/2024(H5N1)	929	3861
HA|PP755589.1|A/cattle/Texas/24-008749-003/2024(H5N1)	930	3808
HA|PP755589.1|A/cattle/Texas/24-008749-003/2024(H5N1)	931	3813
HA|PP755589.1|A/cattle/Texas/24-008749-003/2024(H5N1)	932	3800
HA|PP755589.1|A/cattle/Texas/24-008749-003/2024(H5N1)	933	3820
HA|PP755589.1|A/cattle/Texas/24-008749-003/2024(H5N1)	934	3845
HA|PP755589.1|A/cattle/Texas/24-008749-003/2024(H5N1)	935	3685
HA|PP755589.1|A/cattle/Texas/24-008749-003/2024(H5N1)	936	3669
HA|PP755589.1|A/cattle/Texas/24-008749-003/2024(H5N1)	937	3672
HA|PP755589.1|A/cattle/Texas/24-008749-003/2024(H5N1)	938	3653
HA|PP755589.1|A/cattle/Texas/24-008749-003/2024(H5N1)	939	3672
HA|PP755589.1|A/cattle/Texas/24-008749-003/2024(H5N1)	940	3673
HA|PP755589.1|A/cattle/Texas/24-008749-003/2024(H5N1)	941	3768
HA|PP755589.1|A/cattle/Texas/24-008749-003/2024(H5N1)	942	3756
HA|PP755589.1|A/cattle/Texas/24-008749-003/2024(H5N1)	943	3758
HA|PP755589.1|A/cattle/Texas/24-008749-003/2024(H5N1)	944	3753
HA|PP755589.1|A/cattle/Texas/24-008749-003/2024(H5N1)	945	3715
HA|PP755589.1|A/cattle/Texas/24-008749-003/2024(H5N1)	946	3720
HA|PP755589.1|A/cattle/Texas/24-008749-003/2024(H5N1)	947	3723
HA|PP755589.1|A/cattle/Texas/24-008749-003/2024(H5N1)	948	3706
HA|PP755589.1|A/cattle/Texas/24-008749-003/2024(H5N1)	949	3704
HA|PP755589.1|A/cattle/Texas/24-008749-003/2024(H5N1)	950	3611
HA|PP755589.1|A/cattle/Texas/24-008749-003/2024(H5N1)	951	3644
HA|PP755589.1|A/cattle/Texas/24-008749-003/2024(H5N1)	952	3586
HA|PP755589.1|A/cattle/Texas/24-008749-003/2024(H5N1)	953	3603
HA|PP755589.1|A/cattle/Texas/24-008749-003/2024(H5N1)	954	3608
HA|PP755589.1|A/cattle/Texas/24-008749-003/2024(H5N1)	955	3608
HA|PP755589.1|A/cattle/Texas/24-008749-003/2024(H5N1)	956	3617
HA|PP755589.1|A/cattle/Texas/24-008749-003/2024(H5N1)	957	3606
HA|PP755589.1|A/cattle/Texas/24-008749-003/2024(H5N1)	958	3612
HA|PP755589.1|A/cattle/Texas/24-008749-003/2024(H5N1)	959	3613
HA|PP755589.1|A/cattle/Texas/24-008749-003/2024(H5N1)	960	3615
HA|PP755589.1|A/cattle/Texas/24-008749-003/2024(H5N1)	961	3595
HA|PP755589.1|A/cattle/Texas/24-008749-003/2024(H5N1)	962	3591
HA|PP755589.1|A/cattle/Texas/24-008749-003/2024(H5N1)	963	3556
HA|PP755589.1|A/cattle/Texas/24-008749-003/2024(H5N1)	964	3551
HA|PP755589.1|A/cattle/Texas/24-008749-003/2024(H5N1)	965	3524
HA|PP755589.1|A/cattle/Texas/24-008749-003/2024(H5N1)	966	3525
HA|PP755589.1|A/cattle/Texas/24-008749-003/2024(H5N1)	967	3498
HA|PP755589.1|A/cattle/Texas/24-008749-003/2024(H5N1)	968	3494
HA|PP755589.1|A/cattle/Texas/24-008749-003/2024(H5N1)	969	3510
HA|PP755589.1|A/cattle/Texas/24-008749-003/2024(H5N1)	970	3497
HA|PP755589.1|A/cattle/Texas/24-008749-003/2024(H5N1)	971	3494
HA|PP755589.1|A/cattle/Texas/24-008749-003/2024(H5N1)	972	3482
HA|PP755589.1|A/cattle/Texas/24-008749-003/2024(H5N1)	973	3480
HA|PP755589.1|A/cattle/Texas/24-008749-003/2024(H5N1)	974	3478
HA|PP755589.1|A/cattle/Texas/24-008749-003/2024(H5N1)	975	3490
HA|PP755589.1|A/cattle/Texas/24-008749-003/2024(H5N1)	976	3506
HA|PP755589.1|A/cattle/Texas/24-008749-003/2024(H5N1)	977	3513
HA|PP755589.1|A/cattle/Texas/24-008749-003/2024(H5N1)	978	3503
HA|PP755589.1|A/cattle/Texas/24-008749-003/2024(H5N1)	979	3525
HA|PP755589.1|A/cattle/Texas/24-008749-003/2024(H5N1)	980	3516
HA|PP755589.1|A/cattle/Texas/24-008749-003/2024(H5N1)	981	3519
HA|PP755589.1|A/cattle/Texas/24-008749-003/2024(H5N1)	982	3525
HA|PP755589.1|A/cattle/Texas/24-008749-003/2024(H5N1)	983	3453
HA|PP755589.1|A/cattle/Texas/24-008749-003/2024(H5N1)	984	3476
HA|PP755589.1|A/cattle/Texas/24-008749-003/2024(H5N1)	985	3455
HA|PP755589.1|A/cattle/Texas/24-008749-003/2024(H5N1)	986	3453
HA|PP755589.1|A/cattle/Texas/24-008749-003/2024(H5N1)	987	3460
HA|PP755589.1|A/cattle/Texas/24-008749-003/2024(H5N1)	988	3459
HA|PP755589.1|A/cattle/Texas/24-008749-003/2024(H5N1)	989	3470
HA|PP755589.1|A/cattle/Texas/24-008749-003/2024(H5N1)	990	3468
HA|PP755589.1|A/cattle/Texas/24-008749-003/2024(H5N1)	991	3503
HA|PP755589.1|A/cattle/Texas/24-008749-003/2024(H5N1)	992	3441
HA|PP755589.1|A/cattle/Texas/24-008749-003/2024(H5N1)	993	3404
HA|PP755589.1|A/cattle/Texas/24-008749-003/2024(H5N1)	994	3418
HA|PP755589.1|A/cattle/Texas/24-008749-003/2024(H5N1)	995	3421
HA|PP755589.1|A/cattle/Texas/24-008749-003/2024(H5N1)	996	3449
HA|PP755589.1|A/cattle/Texas/24-008749-003/2024(H5N1)	997	3455
HA|PP755589.1|A/cattle/Texas/24-008749-003/2024(H5N1)	998	3460
HA|PP755589.1|A/cattle/Texas/24-008749-003/2024(H5N1)	999	3486
HA|PP755589.1|A/cattle/Texas/24-008749-003/2024(H5N1)	1000	3482
HA|PP755589.1|A/cattle/Texas/24-008749-003/2024(H5N1)	1001	3509
HA|PP755589.1|A/cattle/Texas/24-008749-003/2024(H5N1)	1002	3534
HA|PP755589.1|A/cattle/Texas/24-008749-003/2024(H5N1)	1003	3518
HA|PP755589.1|A/cattle/Texas/24-008749-003/2024(H5N1)	1004	3503
HA|PP755589.1|A/cattle/Texas/24-008749-003/2024(H5N1)	1005	3457
HA|PP755589.1|A/cattle/Texas/24-008749-003/2024(H5N1)	1006	3448
HA|PP755589.1|A/cattle/Texas/24-008749-003/2024(H5N1)	1007	3454
HA|PP755589.1|A/cattle/Texas/24-008749-003/2024(H5N1)	1008	3445
HA|PP755589.1|A/cattle/Texas/24-008749-003/2024(H5N1)	1009	3433
HA|PP755589.1|A/cattle/Texas/24-008749-003/2024(H5N1)	1010	3446
HA|PP755589.1|A/cattle/Texas/24-008749-003/2024(H5N1)	1011	3432
HA|PP755589.1|A/cattle/Texas/24-008749-003/2024(H5N1)	1012	3434
HA|PP755589.1|A/cattle/Texas/24-008749-003/2024(H5N1)	1013	3435
HA|PP755589.1|A/cattle/Texas/24-008749-003/2024(H5N1)	1014	3438
HA|PP755589.1|A/cattle/Texas/24-008749-003/2024(H5N1)	1015	3444
HA|PP755589.1|A/cattle/Texas/24-008749-003/2024(H5N1)	1016	3444
HA|PP755589.1|A/cattle/Texas/24-008749-003/2024(H5N1)	1017	3439
HA|PP755589.1|A/cattle/Texas/24-008749-003/2024(H5N1)	1018	3428
HA|PP755589.1|A/cattle/Texas/24-008749-003/2024(H5N1)	1019	3398
HA|PP755589.1|A/cattle/Texas/24-008749-003/2024(H5N1)	1020	3412
HA|PP755589.1|A/cattle/Texas/24-008749-003/2024(H5N1)	1021	3412
HA|PP755589.1|A/cattle/Texas/24-008749-003/2024(H5N1)	1022	3411
HA|PP755589.1|A/cattle/Texas/24-008749-003/2024(H5N1)	1023	3416
HA|PP755589.1|A/cattle/Texas/24-008749-003/2024(H5N1)	1024	3411
HA|PP755589.1|A/cattle/Texas/24-008749-003/2024(H5N1)	1025	3410
HA|PP755589.1|A/cattle/Texas/24-008749-003/2024(H5N1)	1026	3409
HA|PP755589.1|A/cattle/Texas/24-008749-003/2024(H5N1)	1027	3394
HA|PP755589.1|A/cattle/Texas/24-008749-003/2024(H5N1)	1028	3404
HA|PP755589.1|A/cattle/Texas/24-008749-003/2024(H5N1)	1029	3408
HA|PP755589.1|A/cattle/Texas/24-008749-003/2024(H5N1)	1030	3407
HA|PP755589.1|A/cattle/Texas/24-008749-003/2024(H5N1)	1031	3410
HA|PP755589.1|A/cattle/Texas/24-008749-003/2024(H5N1)	1032	3403
HA|PP755589.1|A/cattle/Texas/24-008749-003/2024(H5N1)	1033	3397
HA|PP755589.1|A/cattle/Texas/24-008749-003/2024(H5N1)	1034	3395
HA|PP755589.1|A/cattle/Texas/24-008749-003/2024(H5N1)	1035	3380
HA|PP755589.1|A/cattle/Texas/24-008749-003/2024(H5N1)	1036	3389
HA|PP755589.1|A/cattle/Texas/24-008749-003/2024(H5N1)	1037	3384
HA|PP755589.1|A/cattle/Texas/24-008749-003/2024(H5N1)	1038	3382
HA|PP755589.1|A/cattle/Texas/24-008749-003/2024(H5N1)	1039	3382
HA|PP755589.1|A/cattle/Texas/24-008749-003/2024(H5N1)	1040	3379
HA|PP755589.1|A/cattle/Texas/24-008749-003/2024(H5N1)	1041	3445
HA|PP755589.1|A/cattle/Texas/24-008749-003/2024(H5N1)	1042	3447
HA|PP755589.1|A/cattle/Texas/24-008749-003/2024(H5N1)	1043	3452
HA|PP755589.1|A/cattle/Texas/24-008749-003/2024(H5N1)	1044	3332
HA|PP755589.1|A/cattle/Texas/24-008749-003/2024(H5N1)	1045	3300
HA|PP755589.1|A/cattle/Texas/24-008749-003/2024(H5N1)	1046	3305
HA|PP755589.1|A/cattle/Texas/24-008749-003/2024(H5N1)	1047	3302
HA|PP755589.1|A/cattle/Texas/24-008749-003/2024(H5N1)	1048	3301
HA|PP755589.1|A/cattle/Texas/24-008749-003/2024(H5N1)	1049	3263
HA|PP755589.1|A/cattle/Texas/24-008749-003/2024(H5N1)	1050	3192
HA|PP755589.1|A/cattle/Texas/24-008749-003/2024(H5N1)	1051	3206
HA|PP755589.1|A/cattle/Texas/24-008749-003/2024(H5N1)	1052	3207
HA|PP755589.1|A/cattle/Texas/24-008749-003/2024(H5N1)	1053	3218
HA|PP755589.1|A/cattle/Texas/24-008749-003/2024(H5N1)	1054	3222
HA|PP755589.1|A/cattle/Texas/24-008749-003/2024(H5N1)	1055	3232
HA|PP755589.1|A/cattle/Texas/24-008749-003/2024(H5N1)	1056	3208
HA|PP755589.1|A/cattle/Texas/24-008749-003/2024(H5N1)	1057	3306
HA|PP755589.1|A/cattle/Texas/24-008749-003/2024(H5N1)	1058	3445
HA|PP755589.1|A/cattle/Texas/24-008749-003/2024(H5N1)	1059	3499
HA|PP755589.1|A/cattle/Texas/24-008749-003/2024(H5N1)	1060	3483
HA|PP755589.1|A/cattle/Texas/24-008749-003/2024(H5N1)	1061	3479
HA|PP755589.1|A/cattle/Texas/24-008749-003/2024(H5N1)	1062	3484
HA|PP755589.1|A/cattle/Texas/24-008749-003/2024(H5N1)	1063	3524
HA|PP755589.1|A/cattle/Texas/24-008749-003/2024(H5N1)	1064	3553
HA|PP755589.1|A/cattle/Texas/24-008749-003/2024(H5N1)	1065	3549
HA|PP755589.1|A/cattle/Texas/24-008749-003/2024(H5N1)	1066	3566
HA|PP755589.1|A/cattle/Texas/24-008749-003/2024(H5N1)	1067	3364
HA|PP755589.1|A/cattle/Texas/24-008749-003/2024(H5N1)	1068	3351
HA|PP755589.1|A/cattle/Texas/24-008749-003/2024(H5N1)	1069	3349
HA|PP755589.1|A/cattle/Texas/24-008749-003/2024(H5N1)	1070	3387
HA|PP755589.1|A/cattle/Texas/24-008749-003/2024(H5N1)	1071	3355
HA|PP755589.1|A/cattle/Texas/24-008749-003/2024(H5N1)	1072	3355
HA|PP755589.1|A/cattle/Texas/24-008749-003/2024(H5N1)	1073	3380
HA|PP755589.1|A/cattle/Texas/24-008749-003/2024(H5N1)	1074	3372
HA|PP755589.1|A/cattle/Texas/24-008749-003/2024(H5N1)	1075	3366
HA|PP755589.1|A/cattle/Texas/24-008749-003/2024(H5N1)	1076	3361
HA|PP755589.1|A/cattle/Texas/24-008749-003/2024(H5N1)	1077	3370
HA|PP755589.1|A/cattle/Texas/24-008749-003/2024(H5N1)	1078	3391
HA|PP755589.1|A/cattle/Texas/24-008749-003/2024(H5N1)	1079	3382
HA|PP755589.1|A/cattle/Texas/24-008749-003/2024(H5N1)	1080	3396
HA|PP755589.1|A/cattle/Texas/24-008749-003/2024(H5N1)	1081	3407
HA|PP755589.1|A/cattle/Texas/24-008749-003/2024(H5N1)	1082	3422
HA|PP755589.1|A/cattle/Texas/24-008749-003/2024(H5N1)	1083	3416
HA|PP755589.1|A/cattle/Texas/24-008749-003/2024(H5N1)	1084	3396
HA|PP755589.1|A/cattle/Texas/24-008749-003/2024(H5N1)	1085	3402
HA|PP755589.1|A/cattle/Texas/24-008749-003/2024(H5N1)	1086	3427
HA|PP755589.1|A/cattle/Texas/24-008749-003/2024(H5N1)	1087	3473
HA|PP755589.1|A/cattle/Texas/24-008749-003/2024(H5N1)	1088	3475
HA|PP755589.1|A/cattle/Texas/24-008749-003/2024(H5N1)	1089	3442
HA|PP755589.1|A/cattle/Texas/24-008749-003/2024(H5N1)	1090	3439
HA|PP755589.1|A/cattle/Texas/24-008749-003/2024(H5N1)	1091	3409
HA|PP755589.1|A/cattle/Texas/24-008749-003/2024(H5N1)	1092	3415
HA|PP755589.1|A/cattle/Texas/24-008749-003/2024(H5N1)	1093	3431
HA|PP755589.1|A/cattle/Texas/24-008749-003/2024(H5N1)	1094	3450
HA|PP755589.1|A/cattle/Texas/24-008749-003/2024(H5N1)	1095	3440
HA|PP755589.1|A/cattle/Texas/24-008749-003/2024(H5N1)	1096	3408
HA|PP755589.1|A/cattle/Texas/24-008749-003/2024(H5N1)	1097	3445
HA|PP755589.1|A/cattle/Texas/24-008749-003/2024(H5N1)	1098	3547
HA|PP755589.1|A/cattle/Texas/24-008749-003/2024(H5N1)	1099	3540
HA|PP755589.1|A/cattle/Texas/24-008749-003/2024(H5N1)	1100	3547
HA|PP755589.1|A/cattle/Texas/24-008749-003/2024(H5N1)	1101	3515
HA|PP755589.1|A/cattle/Texas/24-008749-003/2024(H5N1)	1102	3572
HA|PP755589.1|A/cattle/Texas/24-008749-003/2024(H5N1)	1103	3582
HA|PP755589.1|A/cattle/Texas/24-008749-003/2024(H5N1)	1104	3589
HA|PP755589.1|A/cattle/Texas/24-008749-003/2024(H5N1)	1105	3590
HA|PP755589.1|A/cattle/Texas/24-008749-003/2024(H5N1)	1106	3518
HA|PP755589.1|A/cattle/Texas/24-008749-003/2024(H5N1)	1107	3438
HA|PP755589.1|A/cattle/Texas/24-008749-003/2024(H5N1)	1108	3419
HA|PP755589.1|A/cattle/Texas/24-008749-003/2024(H5N1)	1109	3409
HA|PP755589.1|A/cattle/Texas/24-008749-003/2024(H5N1)	1110	3505
HA|PP755589.1|A/cattle/Texas/24-008749-003/2024(H5N1)	1111	3459
HA|PP755589.1|A/cattle/Texas/24-008749-003/2024(H5N1)	1112	3424
HA|PP755589.1|A/cattle/Texas/24-008749-003/2024(H5N1)	1113	3442
HA|PP755589.1|A/cattle/Texas/24-008749-003/2024(H5N1)	1114	3482
HA|PP755589.1|A/cattle/Texas/24-008749-003/2024(H5N1)	1115	3536
HA|PP755589.1|A/cattle/Texas/24-008749-003/2024(H5N1)	1116	3527
HA|PP755589.1|A/cattle/Texas/24-008749-003/2024(H5N1)	1117	3487
HA|PP755589.1|A/cattle/Texas/24-008749-003/2024(H5N1)	1118	3483
HA|PP755589.1|A/cattle/Texas/24-008749-003/2024(H5N1)	1119	3409
HA|PP755589.1|A/cattle/Texas/24-008749-003/2024(H5N1)	1120	3519
HA|PP755589.1|A/cattle/Texas/24-008749-003/2024(H5N1)	1121	3794
HA|PP755589.1|A/cattle/Texas/24-008749-003/2024(H5N1)	1122	3839
HA|PP755589.1|A/cattle/Texas/24-008749-003/2024(H5N1)	1123	3836
HA|PP755589.1|A/cattle/Texas/24-008749-003/2024(H5N1)	1124	3767
HA|PP755589.1|A/cattle/Texas/24-008749-003/2024(H5N1)	1125	3816
HA|PP755589.1|A/cattle/Texas/24-008749-003/2024(H5N1)	1126	3822
HA|PP755589.1|A/cattle/Texas/24-008749-003/2024(H5N1)	1127	3850
HA|PP755589.1|A/cattle/Texas/24-008749-003/2024(H5N1)	1128	3880
HA|PP755589.1|A/cattle/Texas/24-008749-003/2024(H5N1)	1129	3852
HA|PP755589.1|A/cattle/Texas/24-008749-003/2024(H5N1)	1130	3919
HA|PP755589.1|A/cattle/Texas/24-008749-003/2024(H5N1)	1131	3929
HA|PP755589.1|A/cattle/Texas/24-008749-003/2024(H5N1)	1132	3970
HA|PP755589.1|A/cattle/Texas/24-008749-003/2024(H5N1)	1133	3995
HA|PP755589.1|A/cattle/Texas/24-008749-003/2024(H5N1)	1134	3994
HA|PP755589.1|A/cattle/Texas/24-008749-003/2024(H5N1)	1135	3983
HA|PP755589.1|A/cattle/Texas/24-008749-003/2024(H5N1)	1136	3955
HA|PP755589.1|A/cattle/Texas/24-008749-003/2024(H5N1)	1137	3921
HA|PP755589.1|A/cattle/Texas/24-008749-003/2024(H5N1)	1138	3927
HA|PP755589.1|A/cattle/Texas/24-008749-003/2024(H5N1)	1139	3918
HA|PP755589.1|A/cattle/Texas/24-008749-003/2024(H5N1)	1140	3831
HA|PP755589.1|A/cattle/Texas/24-008749-003/2024(H5N1)	1141	3848
HA|PP755589.1|A/cattle/Texas/24-008749-003/2024(H5N1)	1142	3836
HA|PP755589.1|A/cattle/Texas/24-008749-003/2024(H5N1)	1143	3838
HA|PP755589.1|A/cattle/Texas/24-008749-003/2024(H5N1)	1144	3863
HA|PP755589.1|A/cattle/Texas/24-008749-003/2024(H5N1)	1145	3883
HA|PP755589.1|A/cattle/Texas/24-008749-003/2024(H5N1)	1146	3913
HA|PP755589.1|A/cattle/Texas/24-008749-003/2024(H5N1)	1147	3898
HA|PP755589.1|A/cattle/Texas/24-008749-003/2024(H5N1)	1148	3900
HA|PP755589.1|A/cattle/Texas/24-008749-003/2024(H5N1)	1149	3899
HA|PP755589.1|A/cattle/Texas/24-008749-003/2024(H5N1)	1150	3923
HA|PP755589.1|A/cattle/Texas/24-008749-003/2024(H5N1)	1151	3928
HA|PP755589.1|A/cattle/Texas/24-008749-003/2024(H5N1)	1152	3923
HA|PP755589.1|A/cattle/Texas/24-008749-003/2024(H5N1)	1153	3913
HA|PP755589.1|A/cattle/Texas/24-008749-003/2024(H5N1)	1154	3904
HA|PP755589.1|A/cattle/Texas/24-008749-003/2024(H5N1)	1155	3890
HA|PP755589.1|A/cattle/Texas/24-008749-003/2024(H5N1)	1156	3912
HA|PP755589.1|A/cattle/Texas/24-008749-003/2024(H5N1)	1157	3946
HA|PP755589.1|A/cattle/Texas/24-008749-003/2024(H5N1)	1158	3951
HA|PP755589.1|A/cattle/Texas/24-008749-003/2024(H5N1)	1159	3942
HA|PP755589.1|A/cattle/Texas/24-008749-003/2024(H5N1)	1160	3942
HA|PP755589.1|A/cattle/Texas/24-008749-003/2024(H5N1)	1161	3994
HA|PP755589.1|A/cattle/Texas/24-008749-003/2024(H5N1)	1162	3993
HA|PP755589.1|A/cattle/Texas/24-008749-003/2024(H5N1)	1163	4015
HA|PP755589.1|A/cattle/Texas/24-008749-003/2024(H5N1)	1164	4032
HA|PP755589.1|A/cattle/Texas/24-008749-003/2024(H5N1)	1165	4056
HA|PP755589.1|A/cattle/Texas/24-008749-003/2024(H5N1)	1166	4045
HA|PP755589.1|A/cattle/Texas/24-008749-003/2024(H5N1)	1167	4044
HA|PP755589.1|A/cattle/Texas/24-008749-003/2024(H5N1)	1168	4169
HA|PP755589.1|A/cattle/Texas/24-008749-003/2024(H5N1)	1169	4314
HA|PP755589.1|A/cattle/Texas/24-008749-003/2024(H5N1)	1170	4313
HA|PP755589.1|A/cattle/Texas/24-008749-003/2024(H5N1)	1171	4320
HA|PP755589.1|A/cattle/Texas/24-008749-003/2024(H5N1)	1172	4304
HA|PP755589.1|A/cattle/Texas/24-008749-003/2024(H5N1)	1173	4299
HA|PP755589.1|A/cattle/Texas/24-008749-003/2024(H5N1)	1174	4299
HA|PP755589.1|A/cattle/Texas/24-008749-003/2024(H5N1)	1175	4409
HA|PP755589.1|A/cattle/Texas/24-008749-003/2024(H5N1)	1176	4393
HA|PP755589.1|A/cattle/Texas/24-008749-003/2024(H5N1)	1177	4338
HA|PP755589.1|A/cattle/Texas/24-008749-003/2024(H5N1)	1178	4292
HA|PP755589.1|A/cattle/Texas/24-008749-003/2024(H5N1)	1179	4392
HA|PP755589.1|A/cattle/Texas/24-008749-003/2024(H5N1)	1180	4395
HA|PP755589.1|A/cattle/Texas/24-008749-003/2024(H5N1)	1181	4470
HA|PP755589.1|A/cattle/Texas/24-008749-003/2024(H5N1)	1182	4518
HA|PP755589.1|A/cattle/Texas/24-008749-003/2024(H5N1)	1183	4521
HA|PP755589.1|A/cattle/Texas/24-008749-003/2024(H5N1)	1184	4496
HA|PP755589.1|A/cattle/Texas/24-008749-003/2024(H5N1)	1185	4484
HA|PP755589.1|A/cattle/Texas/24-008749-003/2024(H5N1)	1186	4486
HA|PP755589.1|A/cattle/Texas/24-008749-003/2024(H5N1)	1187	4481
HA|PP755589.1|A/cattle/Texas/24-008749-003/2024(H5N1)	1188	4526
HA|PP755589.1|A/cattle/Texas/24-008749-003/2024(H5N1)	1189	4556
HA|PP755589.1|A/cattle/Texas/24-008749-003/2024(H5N1)	1190	4525
HA|PP755589.1|A/cattle/Texas/24-008749-003/2024(H5N1)	1191	4461
HA|PP755589.1|A/cattle/Texas/24-008749-003/2024(H5N1)	1192	4487
HA|PP755589.1|A/cattle/Texas/24-008749-003/2024(H5N1)	1193	4583
HA|PP755589.1|A/cattle/Texas/24-008749-003/2024(H5N1)	1194	4580
HA|PP755589.1|A/cattle/Texas/24-008749-003/2024(H5N1)	1195	4581
HA|PP755589.1|A/cattle/Texas/24-008749-003/2024(H5N1)	1196	4580
HA|PP755589.1|A/cattle/Texas/24-008749-003/2024(H5N1)	1197	4550
HA|PP755589.1|A/cattle/Texas/24-008749-003/2024(H5N1)	1198	4613
HA|PP755589.1|A/cattle/Texas/24-008749-003/2024(H5N1)	1199	4614
HA|PP755589.1|A/cattle/Texas/24-008749-003/2024(H5N1)	1200	4621
HA|PP755589.1|A/cattle/Texas/24-008749-003/2024(H5N1)	1201	4619
HA|PP755589.1|A/cattle/Texas/24-008749-003/2024(H5N1)	1202	4557
HA|PP755589.1|A/cattle/Texas/24-008749-003/2024(H5N1)	1203	4569
HA|PP755589.1|A/cattle/Texas/24-008749-003/2024(H5N1)	1204	4576
HA|PP755589.1|A/cattle/Texas/24-008749-003/2024(H5N1)	1205	4574
HA|PP755589.1|A/cattle/Texas/24-008749-003/2024(H5N1)	1206	4582
HA|PP755589.1|A/cattle/Texas/24-008749-003/2024(H5N1)	1207	4564
HA|PP755589.1|A/cattle/Texas/24-008749-003/2024(H5N1)	1208	4574
HA|PP755589.1|A/cattle/Texas/24-008749-003/2024(H5N1)	1209	4586
HA|PP755589.1|A/cattle/Texas/24-008749-003/2024(H5N1)	1210	4600
HA|PP755589.1|A/cattle/Texas/24-008749-003/2024(H5N1)	1211	4613
HA|PP755589.1|A/cattle/Texas/24-008749-003/2024(H5N1)	1212	4612
HA|PP755589.1|A/cattle/Texas/24-008749-003/2024(H5N1)	1213	4613
HA|PP755589.1|A/cattle/Texas/24-008749-003/2024(H5N1)	1214	4613
HA|PP755589.1|A/cattle/Texas/24-008749-003/2024(H5N1)	1215	4624
HA|PP755589.1|A/cattle/Texas/24-008749-003/2024(H5N1)	1216	4633
HA|PP755589.1|A/cattle/Texas/24-008749-003/2024(H5N1)	1217	4669
HA|PP755589.1|A/cattle/Texas/24-008749-003/2024(H5N1)	1218	4662
HA|PP755589.1|A/cattle/Texas/24-008749-003/2024(H5N1)	1219	4678
HA|PP755589.1|A/cattle/Texas/24-008749-003/2024(H5N1)	1220	4676
HA|PP755589.1|A/cattle/Texas/24-008749-003/2024(H5N1)	1221	4743
HA|PP755589.1|A/cattle/Texas/24-008749-003/2024(H5N1)	1222	4752
HA|PP755589.1|A/cattle/Texas/24-008749-003/2024(H5N1)	1223	4750
HA|PP755589.1|A/cattle/Texas/24-008749-003/2024(H5N1)	1224	4777
HA|PP755589.1|A/cattle/Texas/24-008749-003/2024(H5N1)	1225	4779
HA|PP755589.1|A/cattle/Texas/24-008749-003/2024(H5N1)	1226	4766
HA|PP755589.1|A/cattle/Texas/24-008749-003/2024(H5N1)	1227	4762
HA|PP755589.1|A/cattle/Texas/24-008749-003/2024(H5N1)	1228	4756
HA|PP755589.1|A/cattle/Texas/24-008749-003/2024(H5N1)	1229	4774
HA|PP755589.1|A/cattle/Texas/24-008749-003/2024(H5N1)	1230	4756
HA|PP755589.1|A/cattle/Texas/24-008749-003/2024(H5N1)	1231	4854
HA|PP755589.1|A/cattle/Texas/24-008749-003/2024(H5N1)	1232	4872
HA|PP755589.1|A/cattle/Texas/24-008749-003/2024(H5N1)	1233	4889
HA|PP755589.1|A/cattle/Texas/24-008749-003/2024(H5N1)	1234	4892
HA|PP755589.1|A/cattle/Texas/24-008749-003/2024(H5N1)	1235	4899
HA|PP755589.1|A/cattle/Texas/24-008749-003/2024(H5N1)	1236	4957
HA|PP755589.1|A/cattle/Texas/24-008749-003/2024(H5N1)	1237	4955
HA|PP755589.1|A/cattle/Texas/24-008749-003/2024(H5N1)	1238	4954
HA|PP755589.1|A/cattle/Texas/24-008749-003/2024(H5N1)	1239	5011
HA|PP755589.1|A/cattle/Texas/24-008749-003/2024(H5N1)	1240	5040
HA|PP755589.1|A/cattle/Texas/24-008749-003/2024(H5N1)	1241	4953
HA|PP755589.1|A/cattle/Texas/24-008749-003/2024(H5N1)	1242	5009
HA|PP755589.1|A/cattle/Texas/24-008749-003/2024(H5N1)	1243	5011
HA|PP755589.1|A/cattle/Texas/24-008749-003/2024(H5N1)	1244	5010
HA|PP755589.1|A/cattle/Texas/24-008749-003/2024(H5N1)	1245	5073
HA|PP755589.1|A/cattle/Texas/24-008749-003/2024(H5N1)	1246	5079
HA|PP755589.1|A/cattle/Texas/24-008749-003/2024(H5N1)	1247	5069
HA|PP755589.1|A/cattle/Texas/24-008749-003/2024(H5N1)	1248	5062
HA|PP755589.1|A/cattle/Texas/24-008749-003/2024(H5N1)	1249	5020
HA|PP755589.1|A/cattle/Texas/24-008749-003/2024(H5N1)	1250	5043
HA|PP755589.1|A/cattle/Texas/24-008749-003/2024(H5N1)	1251	5093
HA|PP755589.1|A/cattle/Texas/24-008749-003/2024(H5N1)	1252	5098
HA|PP755589.1|A/cattle/Texas/24-008749-003/2024(H5N1)	1253	5105
HA|PP755589.1|A/cattle/Texas/24-008749-003/2024(H5N1)	1254	5106
HA|PP755589.1|A/cattle/Texas/24-008749-003/2024(H5N1)	1255	5117
HA|PP755589.1|A/cattle/Texas/24-008749-003/2024(H5N1)	1256	5124
HA|PP755589.1|A/cattle/Texas/24-008749-003/2024(H5N1)	1257	5166
HA|PP755589.1|A/cattle/Texas/24-008749-003/2024(H5N1)	1258	5162
HA|PP755589.1|A/cattle/Texas/24-008749-003/2024(H5N1)	1259	5159
HA|PP755589.1|A/cattle/Texas/24-008749-003/2024(H5N1)	1260	5202
HA|PP755589.1|A/cattle/Texas/24-008749-003/2024(H5N1)	1261	5162
HA|PP755589.1|A/cattle/Texas/24-008749-003/2024(H5N1)	1262	5227
HA|PP755589.1|A/cattle/Texas/24-008749-003/2024(H5N1)	1263	5257
HA|PP755589.1|A/cattle/Texas/24-008749-003/2024(H5N1)	1264	5327
HA|PP755589.1|A/cattle/Texas/24-008749-003/2024(H5N1)	1265	5328
HA|PP755589.1|A/cattle/Texas/24-008749-003/2024(H5N1)	1266	5327
HA|PP755589.1|A/cattle/Texas/24-008749-003/2024(H5N1)	1267	5330
HA|PP755589.1|A/cattle/Texas/24-008749-003/2024(H5N1)	1268	5326
HA|PP755589.1|A/cattle/Texas/24-008749-003/2024(H5N1)	1269	5340
HA|PP755589.1|A/cattle/Texas/24-008749-003/2024(H5N1)	1270	5383
HA|PP755589.1|A/cattle/Texas/24-008749-003/2024(H5N1)	1271	5387
HA|PP755589.1|A/cattle/Texas/24-008749-003/2024(H5N1)	1272	5381
HA|PP755589.1|A/cattle/Texas/24-008749-003/2024(H5N1)	1273	5425
HA|PP755589.1|A/cattle/Texas/24-008749-003/2024(H5N1)	1274	5423
HA|PP755589.1|A/cattle/Texas/24-008749-003/2024(H5N1)	1275	5437
HA|PP755589.1|A/cattle/Texas/24-008749-003/2024(H5N1)	1276	5527
HA|PP755589.1|A/cattle/Texas/24-008749-003/2024(H5N1)	1277	5525
HA|PP755589.1|A/cattle/Texas/24-008749-003/2024(H5N1)	1278	5560
HA|PP755589.1|A/cattle/Texas/24-008749-003/2024(H5N1)	1279	5555
HA|PP755589.1|A/cattle/Texas/24-008749-003/2024(H5N1)	1280	5577
HA|PP755589.1|A/cattle/Texas/24-008749-003/2024(H5N1)	1281	5587
HA|PP755589.1|A/cattle/Texas/24-008749-003/2024(H5N1)	1282	5582
HA|PP755589.1|A/cattle/Texas/24-008749-003/2024(H5N1)	1283	5585
HA|PP755589.1|A/cattle/Texas/24-008749-003/2024(H5N1)	1284	5576
HA|PP755589.1|A/cattle/Texas/24-008749-003/2024(H5N1)	1285	5590
HA|PP755589.1|A/cattle/Texas/24-008749-003/2024(H5N1)	1286	5591
HA|PP755589.1|A/cattle/Texas/24-008749-003/2024(H5N1)	1287	5588
HA|PP755589.1|A/cattle/Texas/24-008749-003/2024(H5N1)	1288	5597
HA|PP755589.1|A/cattle/Texas/24-008749-003/2024(H5N1)	1289	5593
HA|PP755589.1|A/cattle/Texas/24-008749-003/2024(H5N1)	1290	5593
HA|PP755589.1|A/cattle/Texas/24-008749-003/2024(H5N1)	1291	5592
HA|PP755589.1|A/cattle/Texas/24-008749-003/2024(H5N1)	1292	5570
HA|PP755589.1|A/cattle/Texas/24-008749-003/2024(H5N1)	1293	5570
HA|PP755589.1|A/cattle/Texas/24-008749-003/2024(H5N1)	1294	5557
HA|PP755589.1|A/cattle/Texas/24-008749-003/2024(H5N1)	1295	5621
HA|PP755589.1|A/cattle/Texas/24-008749-003/2024(H5N1)	1296	5628
HA|PP755589.1|A/cattle/Texas/24-008749-003/2024(H5N1)	1297	5645
HA|PP755589.1|A/cattle/Texas/24-008749-003/2024(H5N1)	1298	5688
HA|PP755589.1|A/cattle/Texas/24-008749-003/2024(H5N1)	1299	5701
HA|PP755589.1|A/cattle/Texas/24-008749-003/2024(H5N1)	1300	5694
HA|PP755589.1|A/cattle/Texas/24-008749-003/2024(H5N1)	1301	5691
HA|PP755589.1|A/cattle/Texas/24-008749-003/2024(H5N1)	1302	5690
HA|PP755589.1|A/cattle/Texas/24-008749-003/2024(H5N1)	1303	5691
HA|PP755589.1|A/cattle/Texas/24-008749-003/2024(H5N1)	1304	5678
HA|PP755589.1|A/cattle/Texas/24-008749-003/2024(H5N1)	1305	5733
HA|PP755589.1|A/cattle/Texas/24-008749-003/2024(H5N1)	1306	5750
HA|PP755589.1|A/cattle/Texas/24-008749-003/2024(H5N1)	1307	5741
HA|PP755589.1|A/cattle/Texas/24-008749-003/2024(H5N1)	1308	5576
HA|PP755589.1|A/cattle/Texas/24-008749-003/2024(H5N1)	1309	5562
HA|PP755589.1|A/cattle/Texas/24-008749-003/2024(H5N1)	1310	5568
HA|PP755589.1|A/cattle/Texas/24-008749-003/2024(H5N1)	1311	5623
HA|PP755589.1|A/cattle/Texas/24-008749-003/2024(H5N1)	1312	5622
HA|PP755589.1|A/cattle/Texas/24-008749-003/2024(H5N1)	1313	5649
HA|PP755589.1|A/cattle/Texas/24-008749-003/2024(H5N1)	1314	5664
HA|PP755589.1|A/cattle/Texas/24-008749-003/2024(H5N1)	1315	5615
HA|PP755589.1|A/cattle/Texas/24-008749-003/2024(H5N1)	1316	5640
HA|PP755589.1|A/cattle/Texas/24-008749-003/2024(H5N1)	1317	5642
HA|PP755589.1|A/cattle/Texas/24-008749-003/2024(H5N1)	1318	5638
HA|PP755589.1|A/cattle/Texas/24-008749-003/2024(H5N1)	1319	5677
HA|PP755589.1|A/cattle/Texas/24-008749-003/2024(H5N1)	1320	5587
HA|PP755589.1|A/cattle/Texas/24-008749-003/2024(H5N1)	1321	5575
HA|PP755589.1|A/cattle/Texas/24-008749-003/2024(H5N1)	1322	5579
HA|PP755589.1|A/cattle/Texas/24-008749-003/2024(H5N1)	1323	5465
HA|PP755589.1|A/cattle/Texas/24-008749-003/2024(H5N1)	1324	5477
HA|PP755589.1|A/cattle/Texas/24-008749-003/2024(H5N1)	1325	5495
HA|PP755589.1|A/cattle/Texas/24-008749-003/2024(H5N1)	1326	5500
HA|PP755589.1|A/cattle/Texas/24-008749-003/2024(H5N1)	1327	5521
HA|PP755589.1|A/cattle/Texas/24-008749-003/2024(H5N1)	1328	5444
HA|PP755589.1|A/cattle/Texas/24-008749-003/2024(H5N1)	1329	5428
HA|PP755589.1|A/cattle/Texas/24-008749-003/2024(H5N1)	1330	5429
HA|PP755589.1|A/cattle/Texas/24-008749-003/2024(H5N1)	1331	5427
HA|PP755589.1|A/cattle/Texas/24-008749-003/2024(H5N1)	1332	5428
HA|PP755589.1|A/cattle/Texas/24-008749-003/2024(H5N1)	1333	5417
HA|PP755589.1|A/cattle/Texas/24-008749-003/2024(H5N1)	1334	5553
HA|PP755589.1|A/cattle/Texas/24-008749-003/2024(H5N1)	1335	5550
HA|PP755589.1|A/cattle/Texas/24-008749-003/2024(H5N1)	1336	5494
HA|PP755589.1|A/cattle/Texas/24-008749-003/2024(H5N1)	1337	5475
HA|PP755589.1|A/cattle/Texas/24-008749-003/2024(H5N1)	1338	5514
HA|PP755589.1|A/cattle/Texas/24-008749-003/2024(H5N1)	1339	5509
HA|PP755589.1|A/cattle/Texas/24-008749-003/2024(H5N1)	1340	5520
HA|PP755589.1|A/cattle/Texas/24-008749-003/2024(H5N1)	1341	5520
HA|PP755589.1|A/cattle/Texas/24-008749-003/2024(H5N1)	1342	5546
HA|PP755589.1|A/cattle/Texas/24-008749-003/2024(H5N1)	1343	5577
HA|PP755589.1|A/cattle/Texas/24-008749-003/2024(H5N1)	1344	5634
HA|PP755589.1|A/cattle/Texas/24-008749-003/2024(H5N1)	1345	5604
HA|PP755589.1|A/cattle/Texas/24-008749-003/2024(H5N1)	1346	5601
HA|PP755589.1|A/cattle/Texas/24-008749-003/2024(H5N1)	1347	5597
HA|PP755589.1|A/cattle/Texas/24-008749-003/2024(H5N1)	1348	5596
HA|PP755589.1|A/cattle/Texas/24-008749-003/2024(H5N1)	1349	5530
HA|PP755589.1|A/cattle/Texas/24-008749-003/2024(H5N1)	1350	5531
HA|PP755589.1|A/cattle/Texas/24-008749-003/2024(H5N1)	1351	5513
HA|PP755589.1|A/cattle/Texas/24-008749-003/2024(H5N1)	1352	5523
HA|PP755589.1|A/cattle/Texas/24-008749-003/2024(H5N1)	1353	5499
HA|PP755589.1|A/cattle/Texas/24-008749-003/2024(H5N1)	1354	5496
HA|PP755589.1|A/cattle/Texas/24-008749-003/2024(H5N1)	1355	5550
HA|PP755589.1|A/cattle/Texas/24-008749-003/2024(H5N1)	1356	5532
HA|PP755589.1|A/cattle/Texas/24-008749-003/2024(H5N1)	1357	5505
HA|PP755589.1|A/cattle/Texas/24-008749-003/2024(H5N1)	1358	5506
HA|PP755589.1|A/cattle/Texas/24-008749-003/2024(H5N1)	1359	5514
HA|PP755589.1|A/cattle/Texas/24-008749-003/2024(H5N1)	1360	5513
HA|PP755589.1|A/cattle/Texas/24-008749-003/2024(H5N1)	1361	5470
HA|PP755589.1|A/cattle/Texas/24-008749-003/2024(H5N1)	1362	5458
HA|PP755589.1|A/cattle/Texas/24-008749-003/2024(H5N1)	1363	5443
HA|PP755589.1|A/cattle/Texas/24-008749-003/2024(H5N1)	1364	5358
HA|PP755589.1|A/cattle/Texas/24-008749-003/2024(H5N1)	1365	5225
HA|PP755589.1|A/cattle/Texas/24-008749-003/2024(H5N1)	1366	5136
HA|PP755589.1|A/cattle/Texas/24-008749-003/2024(H5N1)	1367	5137
HA|PP755589.1|A/cattle/Texas/24-008749-003/2024(H5N1)	1368	5123
HA|PP755589.1|A/cattle/Texas/24-008749-003/2024(H5N1)	1369	5119
HA|PP755589.1|A/cattle/Texas/24-008749-003/2024(H5N1)	1370	5184
HA|PP755589.1|A/cattle/Texas/24-008749-003/2024(H5N1)	1371	5117
HA|PP755589.1|A/cattle/Texas/24-008749-003/2024(H5N1)	1372	5118
HA|PP755589.1|A/cattle/Texas/24-008749-003/2024(H5N1)	1373	5083
HA|PP755589.1|A/cattle/Texas/24-008749-003/2024(H5N1)	1374	5078
HA|PP755589.1|A/cattle/Texas/24-008749-003/2024(H5N1)	1375	5081
HA|PP755589.1|A/cattle/Texas/24-008749-003/2024(H5N1)	1376	5044
HA|PP755589.1|A/cattle/Texas/24-008749-003/2024(H5N1)	1377	5071
HA|PP755589.1|A/cattle/Texas/24-008749-003/2024(H5N1)	1378	5055
HA|PP755589.1|A/cattle/Texas/24-008749-003/2024(H5N1)	1379	5045
HA|PP755589.1|A/cattle/Texas/24-008749-003/2024(H5N1)	1380	5046
HA|PP755589.1|A/cattle/Texas/24-008749-003/2024(H5N1)	1381	5046
HA|PP755589.1|A/cattle/Texas/24-008749-003/2024(H5N1)	1382	5014
HA|PP755589.1|A/cattle/Texas/24-008749-003/2024(H5N1)	1383	4982
HA|PP755589.1|A/cattle/Texas/24-008749-003/2024(H5N1)	1384	4959
HA|PP755589.1|A/cattle/Texas/24-008749-003/2024(H5N1)	1385	4973
HA|PP755589.1|A/cattle/Texas/24-008749-003/2024(H5N1)	1386	4966
HA|PP755589.1|A/cattle/Texas/24-008749-003/2024(H5N1)	1387	4956
HA|PP755589.1|A/cattle/Texas/24-008749-003/2024(H5N1)	1388	4940
HA|PP755589.1|A/cattle/Texas/24-008749-003/2024(H5N1)	1389	4945
HA|PP755589.1|A/cattle/Texas/24-008749-003/2024(H5N1)	1390	4956
HA|PP755589.1|A/cattle/Texas/24-008749-003/2024(H5N1)	1391	4967
HA|PP755589.1|A/cattle/Texas/24-008749-003/2024(H5N1)	1392	4967
HA|PP755589.1|A/cattle/Texas/24-008749-003/2024(H5N1)	1393	4969
HA|PP755589.1|A/cattle/Texas/24-008749-003/2024(H5N1)	1394	4973
HA|PP755589.1|A/cattle/Texas/24-008749-003/2024(H5N1)	1395	4963
HA|PP755589.1|A/cattle/Texas/24-008749-003/2024(H5N1)	1396	4965
HA|PP755589.1|A/cattle/Texas/24-008749-003/2024(H5N1)	1397	4936
HA|PP755589.1|A/cattle/Texas/24-008749-003/2024(H5N1)	1398	4942
HA|PP755589.1|A/cattle/Texas/24-008749-003/2024(H5N1)	1399	4970
HA|PP755589.1|A/cattle/Texas/24-008749-003/2024(H5N1)	1400	4973
HA|PP755589.1|A/cattle/Texas/24-008749-003/2024(H5N1)	1401	4951
HA|PP755589.1|A/cattle/Texas/24-008749-003/2024(H5N1)	1402	4941
HA|PP755589.1|A/cattle/Texas/24-008749-003/2024(H5N1)	1403	4980
HA|PP755589.1|A/cattle/Texas/24-008749-003/2024(H5N1)	1404	4989
HA|PP755589.1|A/cattle/Texas/24-008749-003/2024(H5N1)	1405	5011
HA|PP755589.1|A/cattle/Texas/24-008749-003/2024(H5N1)	1406	5028
HA|PP755589.1|A/cattle/Texas/24-008749-003/2024(H5N1)	1407	5002
HA|PP755589.1|A/cattle/Texas/24-008749-003/2024(H5N1)	1408	4978
HA|PP755589.1|A/cattle/Texas/24-008749-003/2024(H5N1)	1409	4921
HA|PP755589.1|A/cattle/Texas/24-008749-003/2024(H5N1)	1410	5024
HA|PP755589.1|A/cattle/Texas/24-008749-003/2024(H5N1)	1411	5095
HA|PP755589.1|A/cattle/Texas/24-008749-003/2024(H5N1)	1412	5026
HA|PP755589.1|A/cattle/Texas/24-008749-003/2024(H5N1)	1413	5076
HA|PP755589.1|A/cattle/Texas/24-008749-003/2024(H5N1)	1414	5048
HA|PP755589.1|A/cattle/Texas/24-008749-003/2024(H5N1)	1415	5043
HA|PP755589.1|A/cattle/Texas/24-008749-003/2024(H5N1)	1416	5111
HA|PP755589.1|A/cattle/Texas/24-008749-003/2024(H5N1)	1417	5103
HA|PP755589.1|A/cattle/Texas/24-008749-003/2024(H5N1)	1418	5092
HA|PP755589.1|A/cattle/Texas/24-008749-003/2024(H5N1)	1419	4925
HA|PP755589.1|A/cattle/Texas/24-008749-003/2024(H5N1)	1420	4804
HA|PP755589.1|A/cattle/Texas/24-008749-003/2024(H5N1)	1421	4906
HA|PP755589.1|A/cattle/Texas/24-008749-003/2024(H5N1)	1422	4899
HA|PP755589.1|A/cattle/Texas/24-008749-003/2024(H5N1)	1423	4918
HA|PP755589.1|A/cattle/Texas/24-008749-003/2024(H5N1)	1424	4920
HA|PP755589.1|A/cattle/Texas/24-008749-003/2024(H5N1)	1425	4876
HA|PP755589.1|A/cattle/Texas/24-008749-003/2024(H5N1)	1426	4847
HA|PP755589.1|A/cattle/Texas/24-008749-003/2024(H5N1)	1427	4846
HA|PP755589.1|A/cattle/Texas/24-008749-003/2024(H5N1)	1428	4843
HA|PP755589.1|A/cattle/Texas/24-008749-003/2024(H5N1)	1429	4895
HA|PP755589.1|A/cattle/Texas/24-008749-003/2024(H5N1)	1430	4742
HA|PP755589.1|A/cattle/Texas/24-008749-003/2024(H5N1)	1431	4747
HA|PP755589.1|A/cattle/Texas/24-008749-003/2024(H5N1)	1432	4677
HA|PP755589.1|A/cattle/Texas/24-008749-003/2024(H5N1)	1433	4646
HA|PP755589.1|A/cattle/Texas/24-008749-003/2024(H5N1)	1434	4696
HA|PP755589.1|A/cattle/Texas/24-008749-003/2024(H5N1)	1435	4837
HA|PP755589.1|A/cattle/Texas/24-008749-003/2024(H5N1)	1436	4838
HA|PP755589.1|A/cattle/Texas/24-008749-003/2024(H5N1)	1437	4838
HA|PP755589.1|A/cattle/Texas/24-008749-003/2024(H5N1)	1438	4782
HA|PP755589.1|A/cattle/Texas/24-008749-003/2024(H5N1)	1439	4790
HA|PP755589.1|A/cattle/Texas/24-008749-003/2024(H5N1)	1440	4772
HA|PP755589.1|A/cattle/Texas/24-008749-003/2024(H5N1)	1441	4769
HA|PP755589.1|A/cattle/Texas/24-008749-003/2024(H5N1)	1442	4768
HA|PP755589.1|A/cattle/Texas/24-008749-003/2024(H5N1)	1443	4682
HA|PP755589.1|A/cattle/Texas/24-008749-003/2024(H5N1)	1444	4657
HA|PP755589.1|A/cattle/Texas/24-008749-003/2024(H5N1)	1445	4667
HA|PP755589.1|A/cattle/Texas/24-008749-003/2024(H5N1)	1446	4665
HA|PP755589.1|A/cattle/Texas/24-008749-003/2024(H5N1)	1447	4679
HA|PP755589.1|A/cattle/Texas/24-008749-003/2024(H5N1)	1448	4680
HA|PP755589.1|A/cattle/Texas/24-008749-003/2024(H5N1)	1449	4654
HA|PP755589.1|A/cattle/Texas/24-008749-003/2024(H5N1)	1450	4656
HA|PP755589.1|A/cattle/Texas/24-008749-003/2024(H5N1)	1451	4651
HA|PP755589.1|A/cattle/Texas/24-008749-003/2024(H5N1)	1452	4650
HA|PP755589.1|A/cattle/Texas/24-008749-003/2024(H5N1)	1453	4662
HA|PP755589.1|A/cattle/Texas/24-008749-003/2024(H5N1)	1454	4639
HA|PP755589.1|A/cattle/Texas/24-008749-003/2024(H5N1)	1455	4635
HA|PP755589.1|A/cattle/Texas/24-008749-003/2024(H5N1)	1456	4619
HA|PP755589.1|A/cattle/Texas/24-008749-003/2024(H5N1)	1457	4623
HA|PP755589.1|A/cattle/Texas/24-008749-003/2024(H5N1)	1458	4636
HA|PP755589.1|A/cattle/Texas/24-008749-003/2024(H5N1)	1459	4615
HA|PP755589.1|A/cattle/Texas/24-008749-003/2024(H5N1)	1460	4613
HA|PP755589.1|A/cattle/Texas/24-008749-003/2024(H5N1)	1461	4621
HA|PP755589.1|A/cattle/Texas/24-008749-003/2024(H5N1)	1462	4599
HA|PP755589.1|A/cattle/Texas/24-008749-003/2024(H5N1)	1463	4594
HA|PP755589.1|A/cattle/Texas/24-008749-003/2024(H5N1)	1464	4599
HA|PP755589.1|A/cattle/Texas/24-008749-003/2024(H5N1)	1465	4608
HA|PP755589.1|A/cattle/Texas/24-008749-003/2024(H5N1)	1466	4613
HA|PP755589.1|A/cattle/Texas/24-008749-003/2024(H5N1)	1467	4590
HA|PP755589.1|A/cattle/Texas/24-008749-003/2024(H5N1)	1468	4578
HA|PP755589.1|A/cattle/Texas/24-008749-003/2024(H5N1)	1469	4578
HA|PP755589.1|A/cattle/Texas/24-008749-003/2024(H5N1)	1470	4556
HA|PP755589.1|A/cattle/Texas/24-008749-003/2024(H5N1)	1471	4562
HA|PP755589.1|A/cattle/Texas/24-008749-003/2024(H5N1)	1472	4526
HA|PP755589.1|A/cattle/Texas/24-008749-003/2024(H5N1)	1473	4505
HA|PP755589.1|A/cattle/Texas/24-008749-003/2024(H5N1)	1474	4517
HA|PP755589.1|A/cattle/Texas/24-008749-003/2024(H5N1)	1475	4484
HA|PP755589.1|A/cattle/Texas/24-008749-003/2024(H5N1)	1476	4512
HA|PP755589.1|A/cattle/Texas/24-008749-003/2024(H5N1)	1477	4533
HA|PP755589.1|A/cattle/Texas/24-008749-003/2024(H5N1)	1478	4546
HA|PP755589.1|A/cattle/Texas/24-008749-003/2024(H5N1)	1479	4565
HA|PP755589.1|A/cattle/Texas/24-008749-003/2024(H5N1)	1480	4559
HA|PP755589.1|A/cattle/Texas/24-008749-003/2024(H5N1)	1481	4550
HA|PP755589.1|A/cattle/Texas/24-008749-003/2024(H5N1)	1482	4491
HA|PP755589.1|A/cattle/Texas/24-008749-003/2024(H5N1)	1483	4489
HA|PP755589.1|A/cattle/Texas/24-008749-003/2024(H5N1)	1484	4481
HA|PP755589.1|A/cattle/Texas/24-008749-003/2024(H5N1)	1485	4470
HA|PP755589.1|A/cattle/Texas/24-008749-003/2024(H5N1)	1486	4364
HA|PP755589.1|A/cattle/Texas/24-008749-003/2024(H5N1)	1487	4391
HA|PP755589.1|A/cattle/Texas/24-008749-003/2024(H5N1)	1488	4311
HA|PP755589.1|A/cattle/Texas/24-008749-003/2024(H5N1)	1489	4313
HA|PP755589.1|A/cattle/Texas/24-008749-003/2024(H5N1)	1490	4299
HA|PP755589.1|A/cattle/Texas/24-008749-003/2024(H5N1)	1491	4287
HA|PP755589.1|A/cattle/Texas/24-008749-003/2024(H5N1)	1492	4282
HA|PP755589.1|A/cattle/Texas/24-008749-003/2024(H5N1)	1493	4268
HA|PP755589.1|A/cattle/Texas/24-008749-003/2024(H5N1)	1494	4323
HA|PP755589.1|A/cattle/Texas/24-008749-003/2024(H5N1)	1495	4320
HA|PP755589.1|A/cattle/Texas/24-008749-003/2024(H5N1)	1496	4229
HA|PP755589.1|A/cattle/Texas/24-008749-003/2024(H5N1)	1497	4332
HA|PP755589.1|A/cattle/Texas/24-008749-003/2024(H5N1)	1498	4324
HA|PP755589.1|A/cattle/Texas/24-008749-003/2024(H5N1)	1499	4330
HA|PP755589.1|A/cattle/Texas/24-008749-003/2024(H5N1)	1500	4339
HA|PP755589.1|A/cattle/Texas/24-008749-003/2024(H5N1)	1501	4356
HA|PP755589.1|A/cattle/Texas/24-008749-003/2024(H5N1)	1502	4300
HA|PP755589.1|A/cattle/Texas/24-008749-003/2024(H5N1)	1503	4293
HA|PP755589.1|A/cattle/Texas/24-008749-003/2024(H5N1)	1504	4298
HA|PP755589.1|A/cattle/Texas/24-008749-003/2024(H5N1)	1505	4294
HA|PP755589.1|A/cattle/Texas/24-008749-003/2024(H5N1)	1506	4334
HA|PP755589.1|A/cattle/Texas/24-008749-003/2024(H5N1)	1507	4332
HA|PP755589.1|A/cattle/Texas/24-008749-003/2024(H5N1)	1508	4283
HA|PP755589.1|A/cattle/Texas/24-008749-003/2024(H5N1)	1509	4262
HA|PP755589.1|A/cattle/Texas/24-008749-003/2024(H5N1)	1510	4207
HA|PP755589.1|A/cattle/Texas/24-008749-003/2024(H5N1)	1511	4206
HA|PP755589.1|A/cattle/Texas/24-008749-003/2024(H5N1)	1512	4148
HA|PP755589.1|A/cattle/Texas/24-008749-003/2024(H5N1)	1513	4128
HA|PP755589.1|A/cattle/Texas/24-008749-003/2024(H5N1)	1514	4120
HA|PP755589.1|A/cattle/Texas/24-008749-003/2024(H5N1)	1515	3996
HA|PP755589.1|A/cattle/Texas/24-008749-003/2024(H5N1)	1516	4004
HA|PP755589.1|A/cattle/Texas/24-008749-003/2024(H5N1)	1517	3990
HA|PP755589.1|A/cattle/Texas/24-008749-003/2024(H5N1)	1518	4021
HA|PP755589.1|A/cattle/Texas/24-008749-003/2024(H5N1)	1519	4015
HA|PP755589.1|A/cattle/Texas/24-008749-003/2024(H5N1)	1520	3985
HA|PP755589.1|A/cattle/Texas/24-008749-003/2024(H5N1)	1521	3975
HA|PP755589.1|A/cattle/Texas/24-008749-003/2024(H5N1)	1522	3920
HA|PP755589.1|A/cattle/Texas/24-008749-003/2024(H5N1)	1523	3924
HA|PP755589.1|A/cattle/Texas/24-008749-003/2024(H5N1)	1524	3868
HA|PP755589.1|A/cattle/Texas/24-008749-003/2024(H5N1)	1525	3879
HA|PP755589.1|A/cattle/Texas/24-008749-003/2024(H5N1)	1526	3873
HA|PP755589.1|A/cattle/Texas/24-008749-003/2024(H5N1)	1527	3718
HA|PP755589.1|A/cattle/Texas/24-008749-003/2024(H5N1)	1528	3719
HA|PP755589.1|A/cattle/Texas/24-008749-003/2024(H5N1)	1529	3655
HA|PP755589.1|A/cattle/Texas/24-008749-003/2024(H5N1)	1530	3654
HA|PP755589.1|A/cattle/Texas/24-008749-003/2024(H5N1)	1531	3641
HA|PP755589.1|A/cattle/Texas/24-008749-003/2024(H5N1)	1532	3638
HA|PP755589.1|A/cattle/Texas/24-008749-003/2024(H5N1)	1533	3632
HA|PP755589.1|A/cattle/Texas/24-008749-003/2024(H5N1)	1534	3619
HA|PP755589.1|A/cattle/Texas/24-008749-003/2024(H5N1)	1535	3621
HA|PP755589.1|A/cattle/Texas/24-008749-003/2024(H5N1)	1536	3629
HA|PP755589.1|A/cattle/Texas/24-008749-003/2024(H5N1)	1537	3628
HA|PP755589.1|A/cattle/Texas/24-008749-003/2024(H5N1)	1538	3620
HA|PP755589.1|A/cattle/Texas/24-008749-003/2024(H5N1)	1539	3615
HA|PP755589.1|A/cattle/Texas/24-008749-003/2024(H5N1)	1540	3618
HA|PP755589.1|A/cattle/Texas/24-008749-003/2024(H5N1)	1541	3617
HA|PP755589.1|A/cattle/Texas/24-008749-003/2024(H5N1)	1542	3616
HA|PP755589.1|A/cattle/Texas/24-008749-003/2024(H5N1)	1543	3590
HA|PP755589.1|A/cattle/Texas/24-008749-003/2024(H5N1)	1544	3594
HA|PP755589.1|A/cattle/Texas/24-008749-003/2024(H5N1)	1545	3549
HA|PP755589.1|A/cattle/Texas/24-008749-003/2024(H5N1)	1546	3535
HA|PP755589.1|A/cattle/Texas/24-008749-003/2024(H5N1)	1547	3531
HA|PP755589.1|A/cattle/Texas/24-008749-003/2024(H5N1)	1548	3517
HA|PP755589.1|A/cattle/Texas/24-008749-003/2024(H5N1)	1549	3501
HA|PP755589.1|A/cattle/Texas/24-008749-003/2024(H5N1)	1550	3487
HA|PP755589.1|A/cattle/Texas/24-008749-003/2024(H5N1)	1551	3486
HA|PP755589.1|A/cattle/Texas/24-008749-003/2024(H5N1)	1552	3486
HA|PP755589.1|A/cattle/Texas/24-008749-003/2024(H5N1)	1553	3473
HA|PP755589.1|A/cattle/Texas/24-008749-003/2024(H5N1)	1554	3471
HA|PP755589.1|A/cattle/Texas/24-008749-003/2024(H5N1)	1555	3463
HA|PP755589.1|A/cattle/Texas/24-008749-003/2024(H5N1)	1556	3427
HA|PP755589.1|A/cattle/Texas/24-008749-003/2024(H5N1)	1557	3400
HA|PP755589.1|A/cattle/Texas/24-008749-003/2024(H5N1)	1558	3349
HA|PP755589.1|A/cattle/Texas/24-008749-003/2024(H5N1)	1559	3349
HA|PP755589.1|A/cattle/Texas/24-008749-003/2024(H5N1)	1560	3338
HA|PP755589.1|A/cattle/Texas/24-008749-003/2024(H5N1)	1561	3341
HA|PP755589.1|A/cattle/Texas/24-008749-003/2024(H5N1)	1562	3311
HA|PP755589.1|A/cattle/Texas/24-008749-003/2024(H5N1)	1563	3309
HA|PP755589.1|A/cattle/Texas/24-008749-003/2024(H5N1)	1564	3293
HA|PP755589.1|A/cattle/Texas/24-008749-003/2024(H5N1)	1565	3248
HA|PP755589.1|A/cattle/Texas/24-008749-003/2024(H5N1)	1566	3250
HA|PP755589.1|A/cattle/Texas/24-008749-003/2024(H5N1)	1567	3237
HA|PP755589.1|A/cattle/Texas/24-008749-003/2024(H5N1)	1568	3228
HA|PP755589.1|A/cattle/Texas/24-008749-003/2024(H5N1)	1569	3220
HA|PP755589.1|A/cattle/Texas/24-008749-003/2024(H5N1)	1570	3193
HA|PP755589.1|A/cattle/Texas/24-008749-003/2024(H5N1)	1571	3185
HA|PP755589.1|A/cattle/Texas/24-008749-003/2024(H5N1)	1572	3182
HA|PP755589.1|A/cattle/Texas/24-008749-003/2024(H5N1)	1573	3148
HA|PP755589.1|A/cattle/Texas/24-008749-003/2024(H5N1)	1574	3158
HA|PP755589.1|A/cattle/Texas/24-008749-003/2024(H5N1)	1575	3124
HA|PP755589.1|A/cattle/Texas/24-008749-003/2024(H5N1)	1576	3121
HA|PP755589.1|A/cattle/Texas/24-008749-003/2024(H5N1)	1577	3119
HA|PP755589.1|A/cattle/Texas/24-008749-003/2024(H5N1)	1578	3097
HA|PP755589.1|A/cattle/Texas/24-008749-003/2024(H5N1)	1579	3091
HA|PP755589.1|A/cattle/Texas/24-008749-003/2024(H5N1)	1580	3080
HA|PP755589.1|A/cattle/Texas/24-008749-003/2024(H5N1)	1581	3046
HA|PP755589.1|A/cattle/Texas/24-008749-003/2024(H5N1)	1582	3047
HA|PP755589.1|A/cattle/Texas/24-008749-003/2024(H5N1)	1583	3013
HA|PP755589.1|A/cattle/Texas/24-008749-003/2024(H5N1)	1584	2857
HA|PP755589.1|A/cattle/Texas/24-008749-003/2024(H5N1)	1585	2861
HA|PP755589.1|A/cattle/Texas/24-008749-003/2024(H5N1)	1586	2888
HA|PP755589.1|A/cattle/Texas/24-008749-003/2024(H5N1)	1587	2882
HA|PP755589.1|A/cattle/Texas/24-008749-003/2024(H5N1)	1588	2878
HA|PP755589.1|A/cattle/Texas/24-008749-003/2024(H5N1)	1589	2817
HA|PP755589.1|A/cattle/Texas/24-008749-003/2024(H5N1)	1590	2819
HA|PP755589.1|A/cattle/Texas/24-008749-003/2024(H5N1)	1591	2799
HA|PP755589.1|A/cattle/Texas/24-008749-003/2024(H5N1)	1592	2787
HA|PP755589.1|A/cattle/Texas/24-008749-003/2024(H5N1)	1593	2741
HA|PP755589.1|A/cattle/Texas/24-008749-003/2024(H5N1)	1594	2711
HA|PP755589.1|A/cattle/Texas/24-008749-003/2024(H5N1)	1595	2620
HA|PP755589.1|A/cattle/Texas/24-008749-003/2024(H5N1)	1596	2622
HA|PP755589.1|A/cattle/Texas/24-008749-003/2024(H5N1)	1597	2622
HA|PP755589.1|A/cattle/Texas/24-008749-003/2024(H5N1)	1598	2623
HA|PP755589.1|A/cattle/Texas/24-008749-003/2024(H5N1)	1599	2612
HA|PP755589.1|A/cattle/Texas/24-008749-003/2024(H5N1)	1600	2613
HA|PP755589.1|A/cattle/Texas/24-008749-003/2024(H5N1)	1601	2611
HA|PP755589.1|A/cattle/Texas/24-008749-003/2024(H5N1)	1602	2613
HA|PP755589.1|A/cattle/Texas/24-008749-003/2024(H5N1)	1603	2574
HA|PP755589.1|A/cattle/Texas/24-008749-003/2024(H5N1)	1604	2569
HA|PP755589.1|A/cattle/Texas/24-008749-003/2024(H5N1)	1605	2556
HA|PP755589.1|A/cattle/Texas/24-008749-003/2024(H5N1)	1606	2517
HA|PP755589.1|A/cattle/Texas/24-008749-003/2024(H5N1)	1607	2506
HA|PP755589.1|A/cattle/Texas/24-008749-003/2024(H5N1)	1608	2496
HA|PP755589.1|A/cattle/Texas/24-008749-003/2024(H5N1)	1609	2493
HA|PP755589.1|A/cattle/Texas/24-008749-003/2024(H5N1)	1610	2487
HA|PP755589.1|A/cattle/Texas/24-008749-003/2024(H5N1)	1611	2448
HA|PP755589.1|A/cattle/Texas/24-008749-003/2024(H5N1)	1612	2447
HA|PP755589.1|A/cattle/Texas/24-008749-003/2024(H5N1)	1613	2432
HA|PP755589.1|A/cattle/Texas/24-008749-003/2024(H5N1)	1614	2434
HA|PP755589.1|A/cattle/Texas/24-008749-003/2024(H5N1)	1615	2433
HA|PP755589.1|A/cattle/Texas/24-008749-003/2024(H5N1)	1616	2430
HA|PP755589.1|A/cattle/Texas/24-008749-003/2024(H5N1)	1617	2425
HA|PP755589.1|A/cattle/Texas/24-008749-003/2024(H5N1)	1618	2412
HA|PP755589.1|A/cattle/Texas/24-008749-003/2024(H5N1)	1619	2418
HA|PP755589.1|A/cattle/Texas/24-008749-003/2024(H5N1)	1620	2410
HA|PP755589.1|A/cattle/Texas/24-008749-003/2024(H5N1)	1621	2382
HA|PP755589.1|A/cattle/Texas/24-008749-003/2024(H5N1)	1622	2391
HA|PP755589.1|A/cattle/Texas/24-008749-003/2024(H5N1)	1623	2383
HA|PP755589.1|A/cattle/Texas/24-008749-003/2024(H5N1)	1624	2377
HA|PP755589.1|A/cattle/Texas/24-008749-003/2024(H5N1)	1625	2377
HA|PP755589.1|A/cattle/Texas/24-008749-003/2024(H5N1)	1626	2375
HA|PP755589.1|A/cattle/Texas/24-008749-003/2024(H5N1)	1627	2377
HA|PP755589.1|A/cattle/Texas/24-008749-003/2024(H5N1)	1628	2333
HA|PP755589.1|A/cattle/Texas/24-008749-003/2024(H5N1)	1629	2263
HA|PP755589.1|A/cattle/Texas/24-008749-003/2024(H5N1)	1630	2262
HA|PP755589.1|A/cattle/Texas/24-008749-003/2024(H5N1)	1631	2157
HA|PP755589.1|A/cattle/Texas/24-008749-003/2024(H5N1)	1632	2156
HA|PP755589.1|A/cattle/Texas/24-008749-003/2024(H5N1)	1633	2156
HA|PP755589.1|A/cattle/Texas/24-008749-003/2024(H5N1)	1634	2154
HA|PP755589.1|A/cattle/Texas/24-008749-003/2024(H5N1)	1635	2144
HA|PP755589.1|A/cattle/Texas/24-008749-003/2024(H5N1)	1636	2124
HA|PP755589.1|A/cattle/Texas/24-008749-003/2024(H5N1)	1637	2117
HA|PP755589.1|A/cattle/Texas/24-008749-003/2024(H5N1)	1638	2107
HA|PP755589.1|A/cattle/Texas/24-008749-003/2024(H5N1)	1639	2103
HA|PP755589.1|A/cattle/Texas/24-008749-003/2024(H5N1)	1640	2102
HA|PP755589.1|A/cattle/Texas/24-008749-003/2024(H5N1)	1641	2087
HA|PP755589.1|A/cattle/Texas/24-008749-003/2024(H5N1)	1642	2073
HA|PP755589.1|A/cattle/Texas/24-008749-003/2024(H5N1)	1643	2056
HA|PP755589.1|A/cattle/Texas/24-008749-003/2024(H5N1)	1644	2053
HA|PP755589.1|A/cattle/Texas/24-008749-003/2024(H5N1)	1645	2047
HA|PP755589.1|A/cattle/Texas/24-008749-003/2024(H5N1)	1646	2035
HA|PP755589.1|A/cattle/Texas/24-008749-003/2024(H5N1)	1647	1968
HA|PP755589.1|A/cattle/Texas/24-008749-003/2024(H5N1)	1648	1977
HA|PP755589.1|A/cattle/Texas/24-008749-003/2024(H5N1)	1649	1983
HA|PP755589.1|A/cattle/Texas/24-008749-003/2024(H5N1)	1650	1974
HA|PP755589.1|A/cattle/Texas/24-008749-003/2024(H5N1)	1651	1973
HA|PP755589.1|A/cattle/Texas/24-008749-003/2024(H5N1)	1652	1946
HA|PP755589.1|A/cattle/Texas/24-008749-003/2024(H5N1)	1653	1944
HA|PP755589.1|A/cattle/Texas/24-008749-003/2024(H5N1)	1654	1928
HA|PP755589.1|A/cattle/Texas/24-008749-003/2024(H5N1)	1655	1926
HA|PP755589.1|A/cattle/Texas/24-008749-003/2024(H5N1)	1656	1904
HA|PP755589.1|A/cattle/Texas/24-008749-003/2024(H5N1)	1657	1856
HA|PP755589.1|A/cattle/Texas/24-008749-003/2024(H5N1)	1658	1770
HA|PP755589.1|A/cattle/Texas/24-008749-003/2024(H5N1)	1659	1767
HA|PP755589.1|A/cattle/Texas/24-008749-003/2024(H5N1)	1660	1755
HA|PP755589.1|A/cattle/Texas/24-008749-003/2024(H5N1)	1661	1718
HA|PP755589.1|A/cattle/Texas/24-008749-003/2024(H5N1)	1662	1680
HA|PP755589.1|A/cattle/Texas/24-008749-003/2024(H5N1)	1663	1660
HA|PP755589.1|A/cattle/Texas/24-008749-003/2024(H5N1)	1664	1575
HA|PP755589.1|A/cattle/Texas/24-008749-003/2024(H5N1)	1665	1573
HA|PP755589.1|A/cattle/Texas/24-008749-003/2024(H5N1)	1666	1489
HA|PP755589.1|A/cattle/Texas/24-008749-003/2024(H5N1)	1667	1462
HA|PP755589.1|A/cattle/Texas/24-008749-003/2024(H5N1)	1668	1459
HA|PP755589.1|A/cattle/Texas/24-008749-003/2024(H5N1)	1669	1459
HA|PP755589.1|A/cattle/Texas/24-008749-003/2024(H5N1)	1670	1456
HA|PP755589.1|A/cattle/Texas/24-008749-003/2024(H5N1)	1671	1396
HA|PP755589.1|A/cattle/Texas/24-008749-003/2024(H5N1)	1672	1393
HA|PP755589.1|A/cattle/Texas/24-008749-003/2024(H5N1)	1673	1392
HA|PP755589.1|A/cattle/Texas/24-008749-003/2024(H5N1)	1674	1352
HA|PP755589.1|A/cattle/Texas/24-008749-003/2024(H5N1)	1675	1346
HA|PP755589.1|A/cattle/Texas/24-008749-003/2024(H5N1)	1676	1279
HA|PP755589.1|A/cattle/Texas/24-008749-003/2024(H5N1)	1677	1256
HA|PP755589.1|A/cattle/Texas/24-008749-003/2024(H5N1)	1678	1250
HA|PP755589.1|A/cattle/Texas/24-008749-003/2024(H5N1)	1679	1179
HA|PP755589.1|A/cattle/Texas/24-008749-003/2024(H5N1)	1680	1173
HA|PP755589.1|A/cattle/Texas/24-008749-003/2024(H5N1)	1681	1169
HA|PP755589.1|A/cattle/Texas/24-008749-003/2024(H5N1)	1682	1164
HA|PP755589.1|A/cattle/Texas/24-008749-003/2024(H5N1)	1683	1163
HA|PP755589.1|A/cattle/Texas/24-008749-003/2024(H5N1)	1684	1147
HA|PP755589.1|A/cattle/Texas/24-008749-003/2024(H5N1)	1685	919
HA|PP755589.1|A/cattle/Texas/24-008749-003/2024(H5N1)	1686	916
HA|PP755589.1|A/cattle/Texas/24-008749-003/2024(H5N1)	1687	877
HA|PP755589.1|A/cattle/Texas/24-008749-003/2024(H5N1)	1688	877
HA|PP755589.1|A/cattle/Texas/24-008749-003/2024(H5N1)	1689	877
HA|PP755589.1|A/cattle/Texas/24-008749-003/2024(H5N1)	1690	809
HA|PP755589.1|A/cattle/Texas/24-008749-003/2024(H5N1)	1691	806
HA|PP755589.1|A/cattle/Texas/24-008749-003/2024(H5N1)	1692	802
HA|PP755589.1|A/cattle/Texas/24-008749-003/2024(H5N1)	1693	801
HA|PP755589.1|A/cattle/Texas/24-008749-003/2024(H5N1)	1694	798
HA|PP755589.1|A/cattle/Texas/24-008749-003/2024(H5N1)	1695	721
HA|PP755589.1|A/cattle/Texas/24-008749-003/2024(H5N1)	1696	719
HA|PP755589.1|A/cattle/Texas/24-008749-003/2024(H5N1)	1697	717
HA|PP755589.1|A/cattle/Texas/24-008749-003/2024(H5N1)	1698	712
HA|PP755589.1|A/cattle/Texas/24-008749-003/2024(H5N1)	1699	712
HA|PP755589.1|A/cattle/Texas/24-008749-003/2024(H5N1)	1700	695
HA|PP755589.1|A/cattle/Texas/24-008749-003/2024(H5N1)	1701	691
HA|PP755589.1|A/cattle/Texas/24-008749-003/2024(H5N1)	1702	690
HA|PP755589.1|A/cattle/Texas/24-008749-003/2024(H5N1)	1703	687
HA|PP755589.1|A/cattle/Texas/24-008749-003/2024(H5N1)	1704	687
