MP|PP755590.1|A/cattle/Texas/24-008749-003/2024(H5N1)	1	6470
MP|PP755590.1|A/cattle/Texas/24-008749-003/2024(H5N1)	2	6528
MP|PP755590.1|A/cattle/Texas/24-008749-003/2024(H5N1)	3	6558
MP|PP755590.1|A/cattle/Texas/24-008749-003/2024(H5N1)	4	6578
MP|PP755590.1|A/cattle/Texas/24-008749-003/2024(H5N1)	5	6911
MP|PP755590.1|A/cattle/Texas/24-008749-003/2024(H5N1)	6	6952
MP|PP755590.1|A/cattle/Texas/24-008749-003/2024(H5N1)	7	7319
MP|PP755590.1|A/cattle/Texas/24-008749-003/2024(H5N1)	8	7602
MP|PP755590.1|A/cattle/Texas/24-008749-003/2024(H5N1)	9	7633
MP|PP755590.1|A/cattle/Texas/24-008749-003/2024(H5N1)	10	7684
MP|PP755590.1|A/cattle/Texas/24-008749-003/2024(H5N1)	11	7685
MP|PP755590.1|A/cattle/Texas/24-008749-003/2024(H5N1)	12	7744
MP|PP755590.1|A/cattle/Texas/24-008749-003/2024(H5N1)	13	7774
MP|PP755590.1|A/cattle/Texas/24-008749-003/2024(H5N1)	14	7777
MP|PP755590.1|A/cattle/Texas/24-008749-003/2024(H5N1)	15	7810
MP|PP755590.1|A/cattle/Texas/24-008749-003/2024(H5N1)	16	7815
MP|PP755590.1|A/cattle/Texas/24-008749-003/2024(H5N1)	17	7895
MP|PP755590.1|A/cattle/Texas/24-008749-003/2024(H5N1)	18	7943
MP|PP755590.1|A/cattle/Texas/24-008749-003/2024(H5N1)	19	8008
MP|PP755590.1|A/cattle/Texas/24-008749-003/2024(H5N1)	20	8009
MP|PP755590.1|A/cattle/Texas/24-008749-003/2024(H5N1)	21	8022
MP|PP755590.1|A/cattle/Texas/24-008749-003/2024(H5N1)	22	8038
MP|PP755590.1|A/cattle/Texas/24-008749-003/2024(H5N1)	23	8139
MP|PP755590.1|A/cattle/Texas/24-008749-003/2024(H5N1)	24	8160
MP|PP755590.1|A/cattle/Texas/24-008749-003/2024(H5N1)	25	8235
MP|PP755590.1|A/cattle/Texas/24-008749-003/2024(H5N1)	26	8392
MP|PP755590.1|A/cattle/Texas/24-008749-003/2024(H5N1)	27	8458
MP|PP755590.1|A/cattle/Texas/24-008749-003/2024(H5N1)	28	8509
MP|PP755590.1|A/cattle/Texas/24-008749-003/2024(H5N1)	29	8533
MP|PP755590.1|A/cattle/Texas/24-008749-003/2024(H5N1)	30	8581
MP|PP755590.1|A/cattle/Texas/24-008749-003/2024(H5N1)	31	8647
MP|PP755590.1|A/cattle/Texas/24-008749-003/2024(H5N1)	32	8979
MP|PP755590.1|A/cattle/Texas/24-008749-003/2024(H5N1)	33	9297
MP|PP755590.1|A/cattle/Texas/24-008749-003/2024(H5N1)	34	9611
MP|PP755590.1|A/cattle/Texas/24-008749-003/2024(H5N1)	35	9626
MP|PP755590.1|A/cattle/Texas/24-008749-003/2024(H5N1)	36	9932
MP|PP755590.1|A/cattle/Texas/24-008749-003/2024(H5N1)	37	10033
MP|PP755590.1|A/cattle/Texas/24-008749-003/2024(H5N1)	38	10330
MP|PP755590.1|A/cattle/Texas/24-008749-003/2024(H5N1)	39	10330
MP|PP755590.1|A/cattle/Texas/24-008749-003/2024(H5N1)	40	10398
MP|PP755590.1|A/cattle/Texas/24-008749-003/2024(H5N1)	41	10408
MP|PP755590.1|A/cattle/Texas/24-008749-003/2024(H5N1)	42	10538
MP|PP755590.1|A/cattle/Texas/24-008749-003/2024(H5N1)	43	10602
MP|PP755590.1|A/cattle/Texas/24-008749-003/2024(H5N1)	44	10616
MP|PP755590.1|A/cattle/Texas/24-008749-003/2024(H5N1)	45	10645
MP|PP755590.1|A/cattle/Texas/24-008749-003/2024(H5N1)	46	10661
MP|PP755590.1|A/cattle/Texas/24-008749-003/2024(H5N1)	47	10792
MP|PP755590.1|A/cattle/Texas/24-008749-003/2024(H5N1)	48	10849
MP|PP755590.1|A/cattle/Texas/24-008749-003/2024(H5N1)	49	10847
MP|PP755590.1|A/cattle/Texas/24-008749-003/2024(H5N1)	50	10902
MP|PP755590.1|A/cattle/Texas/24-008749-003/2024(H5N1)	51	10913
MP|PP755590.1|A/cattle/Texas/24-008749-003/2024(H5N1)	52	10991
MP|PP755590.1|A/cattle/Texas/24-008749-003/2024(H5N1)	53	11005
MP|PP755590.1|A/cattle/Texas/24-008749-003/2024(H5N1)	54	11011
MP|PP755590.1|A/cattle/Texas/24-008749-003/2024(H5N1)	55	11194
MP|PP755590.1|A/cattle/Texas/24-008749-003/2024(H5N1)	56	11247
MP|PP755590.1|A/cattle/Texas/24-008749-003/2024(H5N1)	57	11475
MP|PP755590.1|A/cattle/Texas/24-008749-003/2024(H5N1)	58	11521
MP|PP755590.1|A/cattle/Texas/24-008749-003/2024(H5N1)	59	11533
MP|PP755590.1|A/cattle/Texas/24-008749-003/2024(H5N1)	60	11588
MP|PP755590.1|A/cattle/Texas/24-008749-003/2024(H5N1)	61	11582
MP|PP755590.1|A/cattle/Texas/24-008749-003/2024(H5N1)	62	11675
MP|PP755590.1|A/cattle/Texas/24-008749-003/2024(H5N1)	63	11806
MP|PP755590.1|A/cattle/Texas/24-008749-003/2024(H5N1)	64	11914
MP|PP755590.1|A/cattle/Texas/24-008749-003/2024(H5N1)	65	11918
MP|PP755590.1|A/cattle/Texas/24-008749-003/2024(H5N1)	66	11934
MP|PP755590.1|A/cattle/Texas/24-008749-003/2024(H5N1)	67	11952
MP|PP755590.1|A/cattle/Texas/24-008749-003/2024(H5N1)	68	12008
MP|PP755590.1|A/cattle/Texas/24-008749-003/2024(H5N1)	69	12020
MP|PP755590.1|A/cattle/Texas/24-008749-003/2024(H5N1)	70	12084
MP|PP755590.1|A/cattle/Texas/24-008749-003/2024(H5N1)	71	12092
MP|PP755590.1|A/cattle/Texas/24-008749-003/2024(H5N1)	72	12108
MP|PP755590.1|A/cattle/Texas/24-008749-003/2024(H5N1)	73	12268
MP|PP755590.1|A/cattle/Texas/24-008749-003/2024(H5N1)	74	12337
MP|PP755590.1|A/cattle/Texas/24-008749-003/2024(H5N1)	75	12424
MP|PP755590.1|A/cattle/Texas/24-008749-003/2024(H5N1)	76	12434
MP|PP755590.1|A/cattle/Texas/24-008749-003/2024(H5N1)	77	12493
MP|PP755590.1|A/cattle/Texas/24-008749-003/2024(H5N1)	78	12555
MP|PP755590.1|A/cattle/Texas/24-008749-003/2024(H5N1)	79	12550
MP|PP755590.1|A/cattle/Texas/24-008749-003/2024(H5N1)	80	13063
MP|PP755590.1|A/cattle/Texas/24-008749-003/2024(H5N1)	81	13103
MP|PP755590.1|A/cattle/Texas/24-008749-003/2024(H5N1)	82	13224
MP|PP755590.1|A/cattle/Texas/24-008749-003/2024(H5N1)	83	13241
MP|PP755590.1|A/cattle/Texas/24-008749-003/2024(H5N1)	84	13239
MP|PP755590.1|A/cattle/Texas/24-008749-003/2024(H5N1)	85	13356
MP|PP755590.1|A/cattle/Texas/24-008749-003/2024(H5N1)	86	13359
MP|PP755590.1|A/cattle/Texas/24-008749-003/2024(H5N1)	87	13361
MP|PP755590.1|A/cattle/Texas/24-008749-003/2024(H5N1)	88	13362
MP|PP755590.1|A/cattle/Texas/24-008749-003/2024(H5N1)	89	13357
MP|PP755590.1|A/cattle/Texas/24-008749-003/2024(H5N1)	90	13534
MP|PP755590.1|A/cattle/Texas/24-008749-003/2024(H5N1)	91	13794
MP|PP755590.1|A/cattle/Texas/24-008749-003/2024(H5N1)	92	13868
MP|PP755590.1|A/cattle/Texas/24-008749-003/2024(H5N1)	93	13910
MP|PP755590.1|A/cattle/Texas/24-008749-003/2024(H5N1)	94	13911
MP|PP755590.1|A/cattle/Texas/24-008749-003/2024(H5N1)	95	14067
MP|PP755590.1|A/cattle/Texas/24-008749-003/2024(H5N1)	96	14075
MP|PP755590.1|A/cattle/Texas/24-008749-003/2024(H5N1)	97	14158
MP|PP755590.1|A/cattle/Texas/24-008749-003/2024(H5N1)	98	14165
MP|PP755590.1|A/cattle/Texas/24-008749-003/2024(H5N1)	99	14186
MP|PP755590.1|A/cattle/Texas/24-008749-003/2024(H5N1)	100	14326
MP|PP755590.1|A/cattle/Texas/24-008749-003/2024(H5N1)	101	14429
MP|PP755590.1|A/cattle/Texas/24-008749-003/2024(H5N1)	102	14749
MP|PP755590.1|A/cattle/Texas/24-008749-003/2024(H5N1)	103	14756
MP|PP755590.1|A/cattle/Texas/24-008749-003/2024(H5N1)	104	14782
MP|PP755590.1|A/cattle/Texas/24-008749-003/2024(H5N1)	105	14830
MP|PP755590.1|A/cattle/Texas/24-008749-003/2024(H5N1)	106	14829
MP|PP755590.1|A/cattle/Texas/24-008749-003/2024(H5N1)	107	14892
MP|PP755590.1|A/cattle/Texas/24-008749-003/2024(H5N1)	108	14949
MP|PP755590.1|A/cattle/Texas/24-008749-003/2024(H5N1)	109	15054
MP|PP755590.1|A/cattle/Texas/24-008749-003/2024(H5N1)	110	15092
MP|PP755590.1|A/cattle/Texas/24-008749-003/2024(H5N1)	111	15071
MP|PP755590.1|A/cattle/Texas/24-008749-003/2024(H5N1)	112	15255
MP|PP755590.1|A/cattle/Texas/24-008749-003/2024(H5N1)	113	15598
MP|PP755590.1|A/cattle/Texas/24-008749-003/2024(H5N1)	114	15654
MP|PP755590.1|A/cattle/Texas/24-008749-003/2024(H5N1)	115	15735
MP|PP755590.1|A/cattle/Texas/24-008749-003/2024(H5N1)	116	15733
MP|PP755590.1|A/cattle/Texas/24-008749-003/2024(H5N1)	117	15744
MP|PP755590.1|A/cattle/Texas/24-008749-003/2024(H5N1)	118	15762
MP|PP755590.1|A/cattle/Texas/24-008749-003/2024(H5N1)	119	15769
MP|PP755590.1|A/cattle/Texas/24-008749-003/2024(H5N1)	120	16020
MP|PP755590.1|A/cattle/Texas/24-008749-003/2024(H5N1)	121	16069
MP|PP755590.1|A/cattle/Texas/24-008749-003/2024(H5N1)	122	16128
MP|PP755590.1|A/cattle/Texas/24-008749-003/2024(H5N1)	123	16199
MP|PP755590.1|A/cattle/Texas/24-008749-003/2024(H5N1)	124	17015
MP|PP755590.1|A/cattle/Texas/24-008749-003/2024(H5N1)	125	17088
MP|PP755590.1|A/cattle/Texas/24-008749-003/2024(H5N1)	126	17131
MP|PP755590.1|A/cattle/Texas/24-008749-003/2024(H5N1)	127	17139
MP|PP755590.1|A/cattle/Texas/24-008749-003/2024(H5N1)	128	17185
MP|PP755590.1|A/cattle/Texas/24-008749-003/2024(H5N1)	129	17197
MP|PP755590.1|A/cattle/Texas/24-008749-003/2024(H5N1)	130	17394
MP|PP755590.1|A/cattle/Texas/24-008749-003/2024(H5N1)	131	17374
MP|PP755590.1|A/cattle/Texas/24-008749-003/2024(H5N1)	132	17374
MP|PP755590.1|A/cattle/Texas/24-008749-003/2024(H5N1)	133	17264
MP|PP755590.1|A/cattle/Texas/24-008749-003/2024(H5N1)	134	17774
MP|PP755590.1|A/cattle/Texas/24-008749-003/2024(H5N1)	135	18380
MP|PP755590.1|A/cattle/Texas/24-008749-003/2024(H5N1)	136	18532
MP|PP755590.1|A/cattle/Texas/24-008749-003/2024(H5N1)	137	18536
MP|PP755590.1|A/cattle/Texas/24-008749-003/2024(H5N1)	138	18676
MP|PP755590.1|A/cattle/Texas/24-008749-003/2024(H5N1)	139	18683
MP|PP755590.1|A/cattle/Texas/24-008749-003/2024(H5N1)	140	19011
MP|PP755590.1|A/cattle/Texas/24-008749-003/2024(H5N1)	141	19183
MP|PP755590.1|A/cattle/Texas/24-008749-003/2024(H5N1)	142	19195
MP|PP755590.1|A/cattle/Texas/24-008749-003/2024(H5N1)	143	19298
MP|PP755590.1|A/cattle/Texas/24-008749-003/2024(H5N1)	144	19321
MP|PP755590.1|A/cattle/Texas/24-008749-003/2024(H5N1)	145	19382
MP|PP755590.1|A/cattle/Texas/24-008749-003/2024(H5N1)	146	19867
MP|PP755590.1|A/cattle/Texas/24-008749-003/2024(H5N1)	147	19881
MP|PP755590.1|A/cattle/Texas/24-008749-003/2024(H5N1)	148	19939
MP|PP755590.1|A/cattle/Texas/24-008749-003/2024(H5N1)	149	20373
MP|PP755590.1|A/cattle/Texas/24-008749-003/2024(H5N1)	150	20336
MP|PP755590.1|A/cattle/Texas/24-008749-003/2024(H5N1)	151	20607
MP|PP755590.1|A/cattle/Texas/24-008749-003/2024(H5N1)	152	20664
MP|PP755590.1|A/cattle/Texas/24-008749-003/2024(H5N1)	153	20781
MP|PP755590.1|A/cattle/Texas/24-008749-003/2024(H5N1)	154	20977
MP|PP755590.1|A/cattle/Texas/24-008749-003/2024(H5N1)	155	21072
MP|PP755590.1|A/cattle/Texas/24-008749-003/2024(H5N1)	156	21172
MP|PP755590.1|A/cattle/Texas/24-008749-003/2024(H5N1)	157	21165
MP|PP755590.1|A/cattle/Texas/24-008749-003/2024(H5N1)	158	21189
MP|PP755590.1|A/cattle/Texas/24-008749-003/2024(H5N1)	159	21463
MP|PP755590.1|A/cattle/Texas/24-008749-003/2024(H5N1)	160	21802
MP|PP755590.1|A/cattle/Texas/24-008749-003/2024(H5N1)	161	21800
MP|PP755590.1|A/cattle/Texas/24-008749-003/2024(H5N1)	162	21795
MP|PP755590.1|A/cattle/Texas/24-008749-003/2024(H5N1)	163	21817
MP|PP755590.1|A/cattle/Texas/24-008749-003/2024(H5N1)	164	21801
MP|PP755590.1|A/cattle/Texas/24-008749-003/2024(H5N1)	165	22098
MP|PP755590.1|A/cattle/Texas/24-008749-003/2024(H5N1)	166	22139
MP|PP755590.1|A/cattle/Texas/24-008749-003/2024(H5N1)	167	22164
MP|PP755590.1|A/cattle/Texas/24-008749-003/2024(H5N1)	168	22162
MP|PP755590.1|A/cattle/Texas/24-008749-003/2024(H5N1)	169	22109
MP|PP755590.1|A/cattle/Texas/24-008749-003/2024(H5N1)	170	22110
MP|PP755590.1|A/cattle/Texas/24-008749-003/2024(H5N1)	171	22139
MP|PP755590.1|A/cattle/Texas/24-008749-003/2024(H5N1)	172	22183
MP|PP755590.1|A/cattle/Texas/24-008749-003/2024(H5N1)	173	22200
MP|PP755590.1|A/cattle/Texas/24-008749-003/2024(H5N1)	174	22279
MP|PP755590.1|A/cattle/Texas/24-008749-003/2024(H5N1)	175	22319
MP|PP755590.1|A/cattle/Texas/24-008749-003/2024(H5N1)	176	22334
MP|PP755590.1|A/cattle/Texas/24-008749-003/2024(H5N1)	177	22375
MP|PP755590.1|A/cattle/Texas/24-008749-003/2024(H5N1)	178	22374
MP|PP755590.1|A/cattle/Texas/24-008749-003/2024(H5N1)	179	22435
MP|PP755590.1|A/cattle/Texas/24-008749-003/2024(H5N1)	180	22481
MP|PP755590.1|A/cattle/Texas/24-008749-003/2024(H5N1)	181	22504
MP|PP755590.1|A/cattle/Texas/24-008749-003/2024(H5N1)	182	22532
MP|PP755590.1|A/cattle/Texas/24-008749-003/2024(H5N1)	183	22519
MP|PP755590.1|A/cattle/Texas/24-008749-003/2024(H5N1)	184	22535
MP|PP755590.1|A/cattle/Texas/24-008749-003/2024(H5N1)	185	22624
MP|PP755590.1|A/cattle/Texas/24-008749-003/2024(H5N1)	186	22637
MP|PP755590.1|A/cattle/Texas/24-008749-003/2024(H5N1)	187	22855
MP|PP755590.1|A/cattle/Texas/24-008749-003/2024(H5N1)	188	22857
MP|PP755590.1|A/cattle/Texas/24-008749-003/2024(H5N1)	189	22946
MP|PP755590.1|A/cattle/Texas/24-008749-003/2024(H5N1)	190	22952
MP|PP755590.1|A/cattle/Texas/24-008749-003/2024(H5N1)	191	23547
MP|PP755590.1|A/cattle/Texas/24-008749-003/2024(H5N1)	192	23665
MP|PP755590.1|A/cattle/Texas/24-008749-003/2024(H5N1)	193	23677
MP|PP755590.1|A/cattle/Texas/24-008749-003/2024(H5N1)	194	23975
MP|PP755590.1|A/cattle/Texas/24-008749-003/2024(H5N1)	195	23996
MP|PP755590.1|A/cattle/Texas/24-008749-003/2024(H5N1)	196	24140
MP|PP755590.1|A/cattle/Texas/24-008749-003/2024(H5N1)	197	24210
MP|PP755590.1|A/cattle/Texas/24-008749-003/2024(H5N1)	198	24583
MP|PP755590.1|A/cattle/Texas/24-008749-003/2024(H5N1)	199	24633
MP|PP755590.1|A/cattle/Texas/24-008749-003/2024(H5N1)	200	25108
MP|PP755590.1|A/cattle/Texas/24-008749-003/2024(H5N1)	201	25096
MP|PP755590.1|A/cattle/Texas/24-008749-003/2024(H5N1)	202	25269
MP|PP755590.1|A/cattle/Texas/24-008749-003/2024(H5N1)	203	25344
MP|PP755590.1|A/cattle/Texas/24-008749-003/2024(H5N1)	204	25411
MP|PP755590.1|A/cattle/Texas/24-008749-003/2024(H5N1)	205	25432
MP|PP755590.1|A/cattle/Texas/24-008749-003/2024(H5N1)	206	25445
MP|PP755590.1|A/cattle/Texas/24-008749-003/2024(H5N1)	207	25732
MP|PP755590.1|A/cattle/Texas/24-008749-003/2024(H5N1)	208	25604
MP|PP755590.1|A/cattle/Texas/24-008749-003/2024(H5N1)	209	25814
MP|PP755590.1|A/cattle/Texas/24-008749-003/2024(H5N1)	210	25789
MP|PP755590.1|A/cattle/Texas/24-008749-003/2024(H5N1)	211	25990
MP|PP755590.1|A/cattle/Texas/24-008749-003/2024(H5N1)	212	26115
MP|PP755590.1|A/cattle/Texas/24-008749-003/2024(H5N1)	213	26159
MP|PP755590.1|A/cattle/Texas/24-008749-003/2024(H5N1)	214	26184
MP|PP755590.1|A/cattle/Texas/24-008749-003/2024(H5N1)	215	26210
MP|PP755590.1|A/cattle/Texas/24-008749-003/2024(H5N1)	216	26194
MP|PP755590.1|A/cattle/Texas/24-008749-003/2024(H5N1)	217	26417
MP|PP755590.1|A/cattle/Texas/24-008749-003/2024(H5N1)	218	26491
MP|PP755590.1|A/cattle/Texas/24-008749-003/2024(H5N1)	219	26424
MP|PP755590.1|A/cattle/Texas/24-008749-003/2024(H5N1)	220	26677
MP|PP755590.1|A/cattle/Texas/24-008749-003/2024(H5N1)	221	26523
MP|PP755590.1|A/cattle/Texas/24-008749-003/2024(H5N1)	222	26626
MP|PP755590.1|A/cattle/Texas/24-008749-003/2024(H5N1)	223	26625
MP|PP755590.1|A/cattle/Texas/24-008749-003/2024(H5N1)	224	26624
MP|PP755590.1|A/cattle/Texas/24-008749-003/2024(H5N1)	225	26958
MP|PP755590.1|A/cattle/Texas/24-008749-003/2024(H5N1)	226	24300
MP|PP755590.1|A/cattle/Texas/24-008749-003/2024(H5N1)	227	24095
MP|PP755590.1|A/cattle/Texas/24-008749-003/2024(H5N1)	228	23378
MP|PP755590.1|A/cattle/Texas/24-008749-003/2024(H5N1)	229	23280
MP|PP755590.1|A/cattle/Texas/24-008749-003/2024(H5N1)	230	23295
MP|PP755590.1|A/cattle/Texas/24-008749-003/2024(H5N1)	231	23237
MP|PP755590.1|A/cattle/Texas/24-008749-003/2024(H5N1)	232	23327
MP|PP755590.1|A/cattle/Texas/24-008749-003/2024(H5N1)	233	23256
MP|PP755590.1|A/cattle/Texas/24-008749-003/2024(H5N1)	234	23206
MP|PP755590.1|A/cattle/Texas/24-008749-003/2024(H5N1)	235	23069
MP|PP755590.1|A/cattle/Texas/24-008749-003/2024(H5N1)	236	23040
MP|PP755590.1|A/cattle/Texas/24-008749-003/2024(H5N1)	237	22880
MP|PP755590.1|A/cattle/Texas/24-008749-003/2024(H5N1)	238	23363
MP|PP755590.1|A/cattle/Texas/24-008749-003/2024(H5N1)	239	23360
MP|PP755590.1|A/cattle/Texas/24-008749-003/2024(H5N1)	240	23582
MP|PP755590.1|A/cattle/Texas/24-008749-003/2024(H5N1)	241	23499
MP|PP755590.1|A/cattle/Texas/24-008749-003/2024(H5N1)	242	23472
MP|PP755590.1|A/cattle/Texas/24-008749-003/2024(H5N1)	243	23442
MP|PP755590.1|A/cattle/Texas/24-008749-003/2024(H5N1)	244	23367
MP|PP755590.1|A/cattle/Texas/24-008749-003/2024(H5N1)	245	23179
MP|PP755590.1|A/cattle/Texas/24-008749-003/2024(H5N1)	246	23288
MP|PP755590.1|A/cattle/Texas/24-008749-003/2024(H5N1)	247	23265
MP|PP755590.1|A/cattle/Texas/24-008749-003/2024(H5N1)	248	23334
MP|PP755590.1|A/cattle/Texas/24-008749-003/2024(H5N1)	249	23322
MP|PP755590.1|A/cattle/Texas/24-008749-003/2024(H5N1)	250	23381
MP|PP755590.1|A/cattle/Texas/24-008749-003/2024(H5N1)	251	23393
MP|PP755590.1|A/cattle/Texas/24-008749-003/2024(H5N1)	252	23529
MP|PP755590.1|A/cattle/Texas/24-008749-003/2024(H5N1)	253	23563
MP|PP755590.1|A/cattle/Texas/24-008749-003/2024(H5N1)	254	23610
MP|PP755590.1|A/cattle/Texas/24-008749-003/2024(H5N1)	255	23777
MP|PP755590.1|A/cattle/Texas/24-008749-003/2024(H5N1)	256	23582
MP|PP755590.1|A/cattle/Texas/24-008749-003/2024(H5N1)	257	23687
MP|PP755590.1|A/cattle/Texas/24-008749-003/2024(H5N1)	258	23409
MP|PP755590.1|A/cattle/Texas/24-008749-003/2024(H5N1)	259	23201
MP|PP755590.1|A/cattle/Texas/24-008749-003/2024(H5N1)	260	23259
MP|PP755590.1|A/cattle/Texas/24-008749-003/2024(H5N1)	261	23325
MP|PP755590.1|A/cattle/Texas/24-008749-003/2024(H5N1)	262	23391
MP|PP755590.1|A/cattle/Texas/24-008749-003/2024(H5N1)	263	23354
MP|PP755590.1|A/cattle/Texas/24-008749-003/2024(H5N1)	264	23356
MP|PP755590.1|A/cattle/Texas/24-008749-003/2024(H5N1)	265	23456
MP|PP755590.1|A/cattle/Texas/24-008749-003/2024(H5N1)	266	23396
MP|PP755590.1|A/cattle/Texas/24-008749-003/2024(H5N1)	267	23930
MP|PP755590.1|A/cattle/Texas/24-008749-003/2024(H5N1)	268	23940
MP|PP755590.1|A/cattle/Texas/24-008749-003/2024(H5N1)	269	24022
MP|PP755590.1|A/cattle/Texas/24-008749-003/2024(H5N1)	270	24051
MP|PP755590.1|A/cattle/Texas/24-008749-003/2024(H5N1)	271	24083
MP|PP755590.1|A/cattle/Texas/24-008749-003/2024(H5N1)	272	24107
MP|PP755590.1|A/cattle/Texas/24-008749-003/2024(H5N1)	273	24802
MP|PP755590.1|A/cattle/Texas/24-008749-003/2024(H5N1)	274	25011
MP|PP755590.1|A/cattle/Texas/24-008749-003/2024(H5N1)	275	25100
MP|PP755590.1|A/cattle/Texas/24-008749-003/2024(H5N1)	276	25041
MP|PP755590.1|A/cattle/Texas/24-008749-003/2024(H5N1)	277	24801
MP|PP755590.1|A/cattle/Texas/24-008749-003/2024(H5N1)	278	24762
MP|PP755590.1|A/cattle/Texas/24-008749-003/2024(H5N1)	279	25005
MP|PP755590.1|A/cattle/Texas/24-008749-003/2024(H5N1)	280	24992
MP|PP755590.1|A/cattle/Texas/24-008749-003/2024(H5N1)	281	25049
MP|PP755590.1|A/cattle/Texas/24-008749-003/2024(H5N1)	282	25002
MP|PP755590.1|A/cattle/Texas/24-008749-003/2024(H5N1)	283	24420
MP|PP755590.1|A/cattle/Texas/24-008749-003/2024(H5N1)	284	24458
MP|PP755590.1|A/cattle/Texas/24-008749-003/2024(H5N1)	285	24175
MP|PP755590.1|A/cattle/Texas/24-008749-003/2024(H5N1)	286	24309
MP|PP755590.1|A/cattle/Texas/24-008749-003/2024(H5N1)	287	24124
MP|PP755590.1|A/cattle/Texas/24-008749-003/2024(H5N1)	288	24004
MP|PP755590.1|A/cattle/Texas/24-008749-003/2024(H5N1)	289	23981
MP|PP755590.1|A/cattle/Texas/24-008749-003/2024(H5N1)	290	23981
MP|PP755590.1|A/cattle/Texas/24-008749-003/2024(H5N1)	291	24131
MP|PP755590.1|A/cattle/Texas/24-008749-003/2024(H5N1)	292	24224
MP|PP755590.1|A/cattle/Texas/24-008749-003/2024(H5N1)	293	24046
MP|PP755590.1|A/cattle/Texas/24-008749-003/2024(H5N1)	294	24113
MP|PP755590.1|A/cattle/Texas/24-008749-003/2024(H5N1)	295	24119
MP|PP755590.1|A/cattle/Texas/24-008749-003/2024(H5N1)	296	24254
MP|PP755590.1|A/cattle/Texas/24-008749-003/2024(H5N1)	297	24713
MP|PP755590.1|A/cattle/Texas/24-008749-003/2024(H5N1)	298	24567
MP|PP755590.1|A/cattle/Texas/24-008749-003/2024(H5N1)	299	24552
MP|PP755590.1|A/cattle/Texas/24-008749-003/2024(H5N1)	300	24552
MP|PP755590.1|A/cattle/Texas/24-008749-003/2024(H5N1)	301	24628
MP|PP755590.1|A/cattle/Texas/24-008749-003/2024(H5N1)	302	24790
MP|PP755590.1|A/cattle/Texas/24-008749-003/2024(H5N1)	303	24744
MP|PP755590.1|A/cattle/Texas/24-008749-003/2024(H5N1)	304	24957
MP|PP755590.1|A/cattle/Texas/24-008749-003/2024(H5N1)	305	24955
MP|PP755590.1|A/cattle/Texas/24-008749-003/2024(H5N1)	306	25386
MP|PP755590.1|A/cattle/Texas/24-008749-003/2024(H5N1)	307	25572
MP|PP755590.1|A/cattle/Texas/24-008749-003/2024(H5N1)	308	25436
MP|PP755590.1|A/cattle/Texas/24-008749-003/2024(H5N1)	309	25623
MP|PP755590.1|A/cattle/Texas/24-008749-003/2024(H5N1)	310	25632
MP|PP755590.1|A/cattle/Texas/24-008749-003/2024(H5N1)	311	25565
MP|PP755590.1|A/cattle/Texas/24-008749-003/2024(H5N1)	312	25628
MP|PP755590.1|A/cattle/Texas/24-008749-003/2024(H5N1)	313	25835
MP|PP755590.1|A/cattle/Texas/24-008749-003/2024(H5N1)	314	25898
MP|PP755590.1|A/cattle/Texas/24-008749-003/2024(H5N1)	315	25855
MP|PP755590.1|A/cattle/Texas/24-008749-003/2024(H5N1)	316	25973
MP|PP755590.1|A/cattle/Texas/24-008749-003/2024(H5N1)	317	26030
MP|PP755590.1|A/cattle/Texas/24-008749-003/2024(H5N1)	318	26322
MP|PP755590.1|A/cattle/Texas/24-008749-003/2024(H5N1)	319	26400
MP|PP755590.1|A/cattle/Texas/24-008749-003/2024(H5N1)	320	26465
MP|PP755590.1|A/cattle/Texas/24-008749-003/2024(H5N1)	321	26543
MP|PP755590.1|A/cattle/Texas/24-008749-003/2024(H5N1)	322	26657
MP|PP755590.1|A/cattle/Texas/24-008749-003/2024(H5N1)	323	26757
MP|PP755590.1|A/cattle/Texas/24-008749-003/2024(H5N1)	324	26588
MP|PP755590.1|A/cattle/Texas/24-008749-003/2024(H5N1)	325	26632
MP|PP755590.1|A/cattle/Texas/24-008749-003/2024(H5N1)	326	26554
MP|PP755590.1|A/cattle/Texas/24-008749-003/2024(H5N1)	327	26634
MP|PP755590.1|A/cattle/Texas/24-008749-003/2024(H5N1)	328	26597
MP|PP755590.1|A/cattle/Texas/24-008749-003/2024(H5N1)	329	26529
MP|PP755590.1|A/cattle/Texas/24-008749-003/2024(H5N1)	330	26533
MP|PP755590.1|A/cattle/Texas/24-008749-003/2024(H5N1)	331	26197
MP|PP755590.1|A/cattle/Texas/24-008749-003/2024(H5N1)	332	26438
MP|PP755590.1|A/cattle/Texas/24-008749-003/2024(H5N1)	333	26706
MP|PP755590.1|A/cattle/Texas/24-008749-003/2024(H5N1)	334	26714
MP|PP755590.1|A/cattle/Texas/24-008749-003/2024(H5N1)	335	26765
MP|PP755590.1|A/cattle/Texas/24-008749-003/2024(H5N1)	336	26658
MP|PP755590.1|A/cattle/Texas/24-008749-003/2024(H5N1)	337	26728
MP|PP755590.1|A/cattle/Texas/24-008749-003/2024(H5N1)	338	26760
MP|PP755590.1|A/cattle/Texas/24-008749-003/2024(H5N1)	339	26829
MP|PP755590.1|A/cattle/Texas/24-008749-003/2024(H5N1)	340	26886
MP|PP755590.1|A/cattle/Texas/24-008749-003/2024(H5N1)	341	26681
MP|PP755590.1|A/cattle/Texas/24-008749-003/2024(H5N1)	342	26377
MP|PP755590.1|A/cattle/Texas/24-008749-003/2024(H5N1)	343	26412
MP|PP755590.1|A/cattle/Texas/24-008749-003/2024(H5N1)	344	26442
MP|PP755590.1|A/cattle/Texas/24-008749-003/2024(H5N1)	345	26442
MP|PP755590.1|A/cattle/Texas/24-008749-003/2024(H5N1)	346	26441
MP|PP755590.1|A/cattle/Texas/24-008749-003/2024(H5N1)	347	26443
MP|PP755590.1|A/cattle/Texas/24-008749-003/2024(H5N1)	348	26451
MP|PP755590.1|A/cattle/Texas/24-008749-003/2024(H5N1)	349	26526
MP|PP755590.1|A/cattle/Texas/24-008749-003/2024(H5N1)	350	26475
MP|PP755590.1|A/cattle/Texas/24-008749-003/2024(H5N1)	351	26754
MP|PP755590.1|A/cattle/Texas/24-008749-003/2024(H5N1)	352	26701
MP|PP755590.1|A/cattle/Texas/24-008749-003/2024(H5N1)	353	26879
MP|PP755590.1|A/cattle/Texas/24-008749-003/2024(H5N1)	354	26920
MP|PP755590.1|A/cattle/Texas/24-008749-003/2024(H5N1)	355	26948
MP|PP755590.1|A/cattle/Texas/24-008749-003/2024(H5N1)	356	27126
MP|PP755590.1|A/cattle/Texas/24-008749-003/2024(H5N1)	357	27184
MP|PP755590.1|A/cattle/Texas/24-008749-003/2024(H5N1)	358	27108
MP|PP755590.1|A/cattle/Texas/24-008749-003/2024(H5N1)	359	27118
MP|PP755590.1|A/cattle/Texas/24-008749-003/2024(H5N1)	360	26969
MP|PP755590.1|A/cattle/Texas/24-008749-003/2024(H5N1)	361	27169
MP|PP755590.1|A/cattle/Texas/24-008749-003/2024(H5N1)	362	27556
MP|PP755590.1|A/cattle/Texas/24-008749-003/2024(H5N1)	363	27469
MP|PP755590.1|A/cattle/Texas/24-008749-003/2024(H5N1)	364	27161
MP|PP755590.1|A/cattle/Texas/24-008749-003/2024(H5N1)	365	27265
MP|PP755590.1|A/cattle/Texas/24-008749-003/2024(H5N1)	366	27186
MP|PP755590.1|A/cattle/Texas/24-008749-003/2024(H5N1)	367	27279
MP|PP755590.1|A/cattle/Texas/24-008749-003/2024(H5N1)	368	27321
MP|PP755590.1|A/cattle/Texas/24-008749-003/2024(H5N1)	369	27283
MP|PP755590.1|A/cattle/Texas/24-008749-003/2024(H5N1)	370	27359
MP|PP755590.1|A/cattle/Texas/24-008749-003/2024(H5N1)	371	26929
MP|PP755590.1|A/cattle/Texas/24-008749-003/2024(H5N1)	372	27263
MP|PP755590.1|A/cattle/Texas/24-008749-003/2024(H5N1)	373	27293
MP|PP755590.1|A/cattle/Texas/24-008749-003/2024(H5N1)	374	27210
MP|PP755590.1|A/cattle/Texas/24-008749-003/2024(H5N1)	375	26690
MP|PP755590.1|A/cattle/Texas/24-008749-003/2024(H5N1)	376	26621
MP|PP755590.1|A/cattle/Texas/24-008749-003/2024(H5N1)	377	27998
MP|PP755590.1|A/cattle/Texas/24-008749-003/2024(H5N1)	378	28040
MP|PP755590.1|A/cattle/Texas/24-008749-003/2024(H5N1)	379	27994
MP|PP755590.1|A/cattle/Texas/24-008749-003/2024(H5N1)	380	28235
MP|PP755590.1|A/cattle/Texas/24-008749-003/2024(H5N1)	381	28108
MP|PP755590.1|A/cattle/Texas/24-008749-003/2024(H5N1)	382	28205
MP|PP755590.1|A/cattle/Texas/24-008749-003/2024(H5N1)	383	28336
MP|PP755590.1|A/cattle/Texas/24-008749-003/2024(H5N1)	384	28326
MP|PP755590.1|A/cattle/Texas/24-008749-003/2024(H5N1)	385	28274
MP|PP755590.1|A/cattle/Texas/24-008749-003/2024(H5N1)	386	27778
MP|PP755590.1|A/cattle/Texas/24-008749-003/2024(H5N1)	387	27717
MP|PP755590.1|A/cattle/Texas/24-008749-003/2024(H5N1)	388	28378
MP|PP755590.1|A/cattle/Texas/24-008749-003/2024(H5N1)	389	28201
MP|PP755590.1|A/cattle/Texas/24-008749-003/2024(H5N1)	390	28643
MP|PP755590.1|A/cattle/Texas/24-008749-003/2024(H5N1)	391	29160
MP|PP755590.1|A/cattle/Texas/24-008749-003/2024(H5N1)	392	29080
MP|PP755590.1|A/cattle/Texas/24-008749-003/2024(H5N1)	393	29319
MP|PP755590.1|A/cattle/Texas/24-008749-003/2024(H5N1)	394	29228
MP|PP755590.1|A/cattle/Texas/24-008749-003/2024(H5N1)	395	29281
MP|PP755590.1|A/cattle/Texas/24-008749-003/2024(H5N1)	396	29685
MP|PP755590.1|A/cattle/Texas/24-008749-003/2024(H5N1)	397	29077
MP|PP755590.1|A/cattle/Texas/24-008749-003/2024(H5N1)	398	29212
MP|PP755590.1|A/cattle/Texas/24-008749-003/2024(H5N1)	399	29192
MP|PP755590.1|A/cattle/Texas/24-008749-003/2024(H5N1)	400	28545
MP|PP755590.1|A/cattle/Texas/24-008749-003/2024(H5N1)	401	29021
MP|PP755590.1|A/cattle/Texas/24-008749-003/2024(H5N1)	402	28842
MP|PP755590.1|A/cattle/Texas/24-008749-003/2024(H5N1)	403	28916
MP|PP755590.1|A/cattle/Texas/24-008749-003/2024(H5N1)	404	28928
MP|PP755590.1|A/cattle/Texas/24-008749-003/2024(H5N1)	405	28689
MP|PP755590.1|A/cattle/Texas/24-008749-003/2024(H5N1)	406	28672
MP|PP755590.1|A/cattle/Texas/24-008749-003/2024(H5N1)	407	28613
MP|PP755590.1|A/cattle/Texas/24-008749-003/2024(H5N1)	408	28668
MP|PP755590.1|A/cattle/Texas/24-008749-003/2024(H5N1)	409	28708
MP|PP755590.1|A/cattle/Texas/24-008749-003/2024(H5N1)	410	28373
MP|PP755590.1|A/cattle/Texas/24-008749-003/2024(H5N1)	411	28162
MP|PP755590.1|A/cattle/Texas/24-008749-003/2024(H5N1)	412	28528
MP|PP755590.1|A/cattle/Texas/24-008749-003/2024(H5N1)	413	28517
MP|PP755590.1|A/cattle/Texas/24-008749-003/2024(H5N1)	414	28621
MP|PP755590.1|A/cattle/Texas/24-008749-003/2024(H5N1)	415	28569
MP|PP755590.1|A/cattle/Texas/24-008749-003/2024(H5N1)	416	28495
MP|PP755590.1|A/cattle/Texas/24-008749-003/2024(H5N1)	417	28511
MP|PP755590.1|A/cattle/Texas/24-008749-003/2024(H5N1)	418	28506
MP|PP755590.1|A/cattle/Texas/24-008749-003/2024(H5N1)	419	28556
MP|PP755590.1|A/cattle/Texas/24-008749-003/2024(H5N1)	420	28539
MP|PP755590.1|A/cattle/Texas/24-008749-003/2024(H5N1)	421	28671
MP|PP755590.1|A/cattle/Texas/24-008749-003/2024(H5N1)	422	28714
MP|PP755590.1|A/cattle/Texas/24-008749-003/2024(H5N1)	423	28689
MP|PP755590.1|A/cattle/Texas/24-008749-003/2024(H5N1)	424	28909
MP|PP755590.1|A/cattle/Texas/24-008749-003/2024(H5N1)	425	28803
MP|PP755590.1|A/cattle/Texas/24-008749-003/2024(H5N1)	426	28825
MP|PP755590.1|A/cattle/Texas/24-008749-003/2024(H5N1)	427	28971
MP|PP755590.1|A/cattle/Texas/24-008749-003/2024(H5N1)	428	28977
MP|PP755590.1|A/cattle/Texas/24-008749-003/2024(H5N1)	429	29003
MP|PP755590.1|A/cattle/Texas/24-008749-003/2024(H5N1)	430	29229
MP|PP755590.1|A/cattle/Texas/24-008749-003/2024(H5N1)	431	29180
MP|PP755590.1|A/cattle/Texas/24-008749-003/2024(H5N1)	432	29487
MP|PP755590.1|A/cattle/Texas/24-008749-003/2024(H5N1)	433	30110
MP|PP755590.1|A/cattle/Texas/24-008749-003/2024(H5N1)	434	30172
MP|PP755590.1|A/cattle/Texas/24-008749-003/2024(H5N1)	435	30288
MP|PP755590.1|A/cattle/Texas/24-008749-003/2024(H5N1)	436	30187
MP|PP755590.1|A/cattle/Texas/24-008749-003/2024(H5N1)	437	30169
MP|PP755590.1|A/cattle/Texas/24-008749-003/2024(H5N1)	438	30321
MP|PP755590.1|A/cattle/Texas/24-008749-003/2024(H5N1)	439	30536
MP|PP755590.1|A/cattle/Texas/24-008749-003/2024(H5N1)	440	30599
MP|PP755590.1|A/cattle/Texas/24-008749-003/2024(H5N1)	441	30940
MP|PP755590.1|A/cattle/Texas/24-008749-003/2024(H5N1)	442	29913
MP|PP755590.1|A/cattle/Texas/24-008749-003/2024(H5N1)	443	29976
MP|PP755590.1|A/cattle/Texas/24-008749-003/2024(H5N1)	444	30027
MP|PP755590.1|A/cattle/Texas/24-008749-003/2024(H5N1)	445	29976
MP|PP755590.1|A/cattle/Texas/24-008749-003/2024(H5N1)	446	29995
MP|PP755590.1|A/cattle/Texas/24-008749-003/2024(H5N1)	447	29911
MP|PP755590.1|A/cattle/Texas/24-008749-003/2024(H5N1)	448	29716
MP|PP755590.1|A/cattle/Texas/24-008749-003/2024(H5N1)	449	29832
MP|PP755590.1|A/cattle/Texas/24-008749-003/2024(H5N1)	450	29787
MP|PP755590.1|A/cattle/Texas/24-008749-003/2024(H5N1)	451	29418
MP|PP755590.1|A/cattle/Texas/24-008749-003/2024(H5N1)	452	29435
MP|PP755590.1|A/cattle/Texas/24-008749-003/2024(H5N1)	453	29220
MP|PP755590.1|A/cattle/Texas/24-008749-003/2024(H5N1)	454	29141
MP|PP755590.1|A/cattle/Texas/24-008749-003/2024(H5N1)	455	29075
MP|PP755590.1|A/cattle/Texas/24-008749-003/2024(H5N1)	456	28967
MP|PP755590.1|A/cattle/Texas/24-008749-003/2024(H5N1)	457	29107
MP|PP755590.1|A/cattle/Texas/24-008749-003/2024(H5N1)	458	28791
MP|PP755590.1|A/cattle/Texas/24-008749-003/2024(H5N1)	459	28857
MP|PP755590.1|A/cattle/Texas/24-008749-003/2024(H5N1)	460	28743
MP|PP755590.1|A/cattle/Texas/24-008749-003/2024(H5N1)	461	28774
MP|PP755590.1|A/cattle/Texas/24-008749-003/2024(H5N1)	462	28707
MP|PP755590.1|A/cattle/Texas/24-008749-003/2024(H5N1)	463	28626
MP|PP755590.1|A/cattle/Texas/24-008749-003/2024(H5N1)	464	28619
MP|PP755590.1|A/cattle/Texas/24-008749-003/2024(H5N1)	465	28585
MP|PP755590.1|A/cattle/Texas/24-008749-003/2024(H5N1)	466	28780
MP|PP755590.1|A/cattle/Texas/24-008749-003/2024(H5N1)	467	28853
MP|PP755590.1|A/cattle/Texas/24-008749-003/2024(H5N1)	468	28695
MP|PP755590.1|A/cattle/Texas/24-008749-003/2024(H5N1)	469	28741
MP|PP755590.1|A/cattle/Texas/24-008749-003/2024(H5N1)	470	28715
MP|PP755590.1|A/cattle/Texas/24-008749-003/2024(H5N1)	471	28541
MP|PP755590.1|A/cattle/Texas/24-008749-003/2024(H5N1)	472	28615
MP|PP755590.1|A/cattle/Texas/24-008749-003/2024(H5N1)	473	28496
MP|PP755590.1|A/cattle/Texas/24-008749-003/2024(H5N1)	474	28657
MP|PP755590.1|A/cattle/Texas/24-008749-003/2024(H5N1)	475	28635
MP|PP755590.1|A/cattle/Texas/24-008749-003/2024(H5N1)	476	28393
MP|PP755590.1|A/cattle/Texas/24-008749-003/2024(H5N1)	477	28502
MP|PP755590.1|A/cattle/Texas/24-008749-003/2024(H5N1)	478	28384
MP|PP755590.1|A/cattle/Texas/24-008749-003/2024(H5N1)	479	28439
MP|PP755590.1|A/cattle/Texas/24-008749-003/2024(H5N1)	480	28657
MP|PP755590.1|A/cattle/Texas/24-008749-003/2024(H5N1)	481	28641
MP|PP755590.1|A/cattle/Texas/24-008749-003/2024(H5N1)	482	28974
MP|PP755590.1|A/cattle/Texas/24-008749-003/2024(H5N1)	483	28872
MP|PP755590.1|A/cattle/Texas/24-008749-003/2024(H5N1)	484	29065
MP|PP755590.1|A/cattle/Texas/24-008749-003/2024(H5N1)	485	29033
MP|PP755590.1|A/cattle/Texas/24-008749-003/2024(H5N1)	486	29456
MP|PP755590.1|A/cattle/Texas/24-008749-003/2024(H5N1)	487	29438
MP|PP755590.1|A/cattle/Texas/24-008749-003/2024(H5N1)	488	29757
MP|PP755590.1|A/cattle/Texas/24-008749-003/2024(H5N1)	489	29327
MP|PP755590.1|A/cattle/Texas/24-008749-003/2024(H5N1)	490	29425
MP|PP755590.1|A/cattle/Texas/24-008749-003/2024(H5N1)	491	29096
MP|PP755590.1|A/cattle/Texas/24-008749-003/2024(H5N1)	492	29530
MP|PP755590.1|A/cattle/Texas/24-008749-003/2024(H5N1)	493	29435
MP|PP755590.1|A/cattle/Texas/24-008749-003/2024(H5N1)	494	29558
MP|PP755590.1|A/cattle/Texas/24-008749-003/2024(H5N1)	495	29551
MP|PP755590.1|A/cattle/Texas/24-008749-003/2024(H5N1)	496	29606
MP|PP755590.1|A/cattle/Texas/24-008749-003/2024(H5N1)	497	29683
MP|PP755590.1|A/cattle/Texas/24-008749-003/2024(H5N1)	498	29646
MP|PP755590.1|A/cattle/Texas/24-008749-003/2024(H5N1)	499	29598
MP|PP755590.1|A/cattle/Texas/24-008749-003/2024(H5N1)	500	29636
MP|PP755590.1|A/cattle/Texas/24-008749-003/2024(H5N1)	501	29583
MP|PP755590.1|A/cattle/Texas/24-008749-003/2024(H5N1)	502	29534
MP|PP755590.1|A/cattle/Texas/24-008749-003/2024(H5N1)	503	29563
MP|PP755590.1|A/cattle/Texas/24-008749-003/2024(H5N1)	504	29498
MP|PP755590.1|A/cattle/Texas/24-008749-003/2024(H5N1)	505	29386
MP|PP755590.1|A/cattle/Texas/24-008749-003/2024(H5N1)	506	29478
MP|PP755590.1|A/cattle/Texas/24-008749-003/2024(H5N1)	507	29470
MP|PP755590.1|A/cattle/Texas/24-008749-003/2024(H5N1)	508	29476
MP|PP755590.1|A/cattle/Texas/24-008749-003/2024(H5N1)	509	29549
MP|PP755590.1|A/cattle/Texas/24-008749-003/2024(H5N1)	510	29653
MP|PP755590.1|A/cattle/Texas/24-008749-003/2024(H5N1)	511	29751
MP|PP755590.1|A/cattle/Texas/24-008749-003/2024(H5N1)	512	29682
MP|PP755590.1|A/cattle/Texas/24-008749-003/2024(H5N1)	513	29557
MP|PP755590.1|A/cattle/Texas/24-008749-003/2024(H5N1)	514	29636
MP|PP755590.1|A/cattle/Texas/24-008749-003/2024(H5N1)	515	29553
MP|PP755590.1|A/cattle/Texas/24-008749-003/2024(H5N1)	516	29503
MP|PP755590.1|A/cattle/Texas/24-008749-003/2024(H5N1)	517	29629
MP|PP755590.1|A/cattle/Texas/24-008749-003/2024(H5N1)	518	29251
MP|PP755590.1|A/cattle/Texas/24-008749-003/2024(H5N1)	519	29243
MP|PP755590.1|A/cattle/Texas/24-008749-003/2024(H5N1)	520	29134
MP|PP755590.1|A/cattle/Texas/24-008749-003/2024(H5N1)	521	29314
MP|PP755590.1|A/cattle/Texas/24-008749-003/2024(H5N1)	522	29343
MP|PP755590.1|A/cattle/Texas/24-008749-003/2024(H5N1)	523	29432
MP|PP755590.1|A/cattle/Texas/24-008749-003/2024(H5N1)	524	29044
MP|PP755590.1|A/cattle/Texas/24-008749-003/2024(H5N1)	525	28800
MP|PP755590.1|A/cattle/Texas/24-008749-003/2024(H5N1)	526	28763
MP|PP755590.1|A/cattle/Texas/24-008749-003/2024(H5N1)	527	28745
MP|PP755590.1|A/cattle/Texas/24-008749-003/2024(H5N1)	528	28798
MP|PP755590.1|A/cattle/Texas/24-008749-003/2024(H5N1)	529	28790
MP|PP755590.1|A/cattle/Texas/24-008749-003/2024(H5N1)	530	28571
MP|PP755590.1|A/cattle/Texas/24-008749-003/2024(H5N1)	531	28611
MP|PP755590.1|A/cattle/Texas/24-008749-003/2024(H5N1)	532	28486
MP|PP755590.1|A/cattle/Texas/24-008749-003/2024(H5N1)	533	28587
MP|PP755590.1|A/cattle/Texas/24-008749-003/2024(H5N1)	534	28571
MP|PP755590.1|A/cattle/Texas/24-008749-003/2024(H5N1)	535	28366
MP|PP755590.1|A/cattle/Texas/24-008749-003/2024(H5N1)	536	28399
MP|PP755590.1|A/cattle/Texas/24-008749-003/2024(H5N1)	537	28456
MP|PP755590.1|A/cattle/Texas/24-008749-003/2024(H5N1)	538	28821
MP|PP755590.1|A/cattle/Texas/24-008749-003/2024(H5N1)	539	28794
MP|PP755590.1|A/cattle/Texas/24-008749-003/2024(H5N1)	540	28726
MP|PP755590.1|A/cattle/Texas/24-008749-003/2024(H5N1)	541	28761
MP|PP755590.1|A/cattle/Texas/24-008749-003/2024(H5N1)	542	28847
MP|PP755590.1|A/cattle/Texas/24-008749-003/2024(H5N1)	543	29090
MP|PP755590.1|A/cattle/Texas/24-008749-003/2024(H5N1)	544	29115
MP|PP755590.1|A/cattle/Texas/24-008749-003/2024(H5N1)	545	29039
MP|PP755590.1|A/cattle/Texas/24-008749-003/2024(H5N1)	546	29114
MP|PP755590.1|A/cattle/Texas/24-008749-003/2024(H5N1)	547	28844
MP|PP755590.1|A/cattle/Texas/24-008749-003/2024(H5N1)	548	29773
MP|PP755590.1|A/cattle/Texas/24-008749-003/2024(H5N1)	549	29956
MP|PP755590.1|A/cattle/Texas/24-008749-003/2024(H5N1)	550	30018
MP|PP755590.1|A/cattle/Texas/24-008749-003/2024(H5N1)	551	30153
MP|PP755590.1|A/cattle/Texas/24-008749-003/2024(H5N1)	552	29913
MP|PP755590.1|A/cattle/Texas/24-008749-003/2024(H5N1)	553	29814
MP|PP755590.1|A/cattle/Texas/24-008749-003/2024(H5N1)	554	30188
MP|PP755590.1|A/cattle/Texas/24-008749-003/2024(H5N1)	555	30202
MP|PP755590.1|A/cattle/Texas/24-008749-003/2024(H5N1)	556	30551
MP|PP755590.1|A/cattle/Texas/24-008749-003/2024(H5N1)	557	29609
MP|PP755590.1|A/cattle/Texas/24-008749-003/2024(H5N1)	558	29390
MP|PP755590.1|A/cattle/Texas/24-008749-003/2024(H5N1)	559	29178
MP|PP755590.1|A/cattle/Texas/24-008749-003/2024(H5N1)	560	29066
MP|PP755590.1|A/cattle/Texas/24-008749-003/2024(H5N1)	561	29370
MP|PP755590.1|A/cattle/Texas/24-008749-003/2024(H5N1)	562	29471
MP|PP755590.1|A/cattle/Texas/24-008749-003/2024(H5N1)	563	29582
MP|PP755590.1|A/cattle/Texas/24-008749-003/2024(H5N1)	564	28970
MP|PP755590.1|A/cattle/Texas/24-008749-003/2024(H5N1)	565	28904
MP|PP755590.1|A/cattle/Texas/24-008749-003/2024(H5N1)	566	28944
MP|PP755590.1|A/cattle/Texas/24-008749-003/2024(H5N1)	567	28907
MP|PP755590.1|A/cattle/Texas/24-008749-003/2024(H5N1)	568	28974
MP|PP755590.1|A/cattle/Texas/24-008749-003/2024(H5N1)	569	28530
MP|PP755590.1|A/cattle/Texas/24-008749-003/2024(H5N1)	570	28516
MP|PP755590.1|A/cattle/Texas/24-008749-003/2024(H5N1)	571	28429
MP|PP755590.1|A/cattle/Texas/24-008749-003/2024(H5N1)	572	28158
MP|PP755590.1|A/cattle/Texas/24-008749-003/2024(H5N1)	573	28151
MP|PP755590.1|A/cattle/Texas/24-008749-003/2024(H5N1)	574	28083
MP|PP755590.1|A/cattle/Texas/24-008749-003/2024(H5N1)	575	28352
MP|PP755590.1|A/cattle/Texas/24-008749-003/2024(H5N1)	576	28307
MP|PP755590.1|A/cattle/Texas/24-008749-003/2024(H5N1)	577	28226
MP|PP755590.1|A/cattle/Texas/24-008749-003/2024(H5N1)	578	28184
MP|PP755590.1|A/cattle/Texas/24-008749-003/2024(H5N1)	579	28111
MP|PP755590.1|A/cattle/Texas/24-008749-003/2024(H5N1)	580	28169
MP|PP755590.1|A/cattle/Texas/24-008749-003/2024(H5N1)	581	28275
MP|PP755590.1|A/cattle/Texas/24-008749-003/2024(H5N1)	582	28510
MP|PP755590.1|A/cattle/Texas/24-008749-003/2024(H5N1)	583	28319
MP|PP755590.1|A/cattle/Texas/24-008749-003/2024(H5N1)	584	27848
MP|PP755590.1|A/cattle/Texas/24-008749-003/2024(H5N1)	585	27783
MP|PP755590.1|A/cattle/Texas/24-008749-003/2024(H5N1)	586	27788
MP|PP755590.1|A/cattle/Texas/24-008749-003/2024(H5N1)	587	27886
MP|PP755590.1|A/cattle/Texas/24-008749-003/2024(H5N1)	588	27825
MP|PP755590.1|A/cattle/Texas/24-008749-003/2024(H5N1)	589	27881
MP|PP755590.1|A/cattle/Texas/24-008749-003/2024(H5N1)	590	27864
MP|PP755590.1|A/cattle/Texas/24-008749-003/2024(H5N1)	591	27845
MP|PP755590.1|A/cattle/Texas/24-008749-003/2024(H5N1)	592	27806
MP|PP755590.1|A/cattle/Texas/24-008749-003/2024(H5N1)	593	27800
MP|PP755590.1|A/cattle/Texas/24-008749-003/2024(H5N1)	594	27732
MP|PP755590.1|A/cattle/Texas/24-008749-003/2024(H5N1)	595	27736
MP|PP755590.1|A/cattle/Texas/24-008749-003/2024(H5N1)	596	27854
MP|PP755590.1|A/cattle/Texas/24-008749-003/2024(H5N1)	597	27783
MP|PP755590.1|A/cattle/Texas/24-008749-003/2024(H5N1)	598	28040
MP|PP755590.1|A/cattle/Texas/24-008749-003/2024(H5N1)	599	27882
MP|PP755590.1|A/cattle/Texas/24-008749-003/2024(H5N1)	600	27853
MP|PP755590.1|A/cattle/Texas/24-008749-003/2024(H5N1)	601	27875
MP|PP755590.1|A/cattle/Texas/24-008749-003/2024(H5N1)	602	27629
MP|PP755590.1|A/cattle/Texas/24-008749-003/2024(H5N1)	603	27597
MP|PP755590.1|A/cattle/Texas/24-008749-003/2024(H5N1)	604	27451
MP|PP755590.1|A/cattle/Texas/24-008749-003/2024(H5N1)	605	27469
MP|PP755590.1|A/cattle/Texas/24-008749-003/2024(H5N1)	606	27373
MP|PP755590.1|A/cattle/Texas/24-008749-003/2024(H5N1)	607	27097
MP|PP755590.1|A/cattle/Texas/24-008749-003/2024(H5N1)	608	27242
MP|PP755590.1|A/cattle/Texas/24-008749-003/2024(H5N1)	609	27486
MP|PP755590.1|A/cattle/Texas/24-008749-003/2024(H5N1)	610	27484
MP|PP755590.1|A/cattle/Texas/24-008749-003/2024(H5N1)	611	27462
MP|PP755590.1|A/cattle/Texas/24-008749-003/2024(H5N1)	612	27385
MP|PP755590.1|A/cattle/Texas/24-008749-003/2024(H5N1)	613	27063
MP|PP755590.1|A/cattle/Texas/24-008749-003/2024(H5N1)	614	26950
MP|PP755590.1|A/cattle/Texas/24-008749-003/2024(H5N1)	615	26887
MP|PP755590.1|A/cattle/Texas/24-008749-003/2024(H5N1)	616	26772
MP|PP755590.1|A/cattle/Texas/24-008749-003/2024(H5N1)	617	26817
MP|PP755590.1|A/cattle/Texas/24-008749-003/2024(H5N1)	618	26787
MP|PP755590.1|A/cattle/Texas/24-008749-003/2024(H5N1)	619	26916
MP|PP755590.1|A/cattle/Texas/24-008749-003/2024(H5N1)	620	27306
MP|PP755590.1|A/cattle/Texas/24-008749-003/2024(H5N1)	621	27188
MP|PP755590.1|A/cattle/Texas/24-008749-003/2024(H5N1)	622	27195
MP|PP755590.1|A/cattle/Texas/24-008749-003/2024(H5N1)	623	26770
MP|PP755590.1|A/cattle/Texas/24-008749-003/2024(H5N1)	624	27118
MP|PP755590.1|A/cattle/Texas/24-008749-003/2024(H5N1)	625	27164
MP|PP755590.1|A/cattle/Texas/24-008749-003/2024(H5N1)	626	27147
MP|PP755590.1|A/cattle/Texas/24-008749-003/2024(H5N1)	627	27125
MP|PP755590.1|A/cattle/Texas/24-008749-003/2024(H5N1)	628	26230
MP|PP755590.1|A/cattle/Texas/24-008749-003/2024(H5N1)	629	26286
MP|PP755590.1|A/cattle/Texas/24-008749-003/2024(H5N1)	630	26294
MP|PP755590.1|A/cattle/Texas/24-008749-003/2024(H5N1)	631	26153
MP|PP755590.1|A/cattle/Texas/24-008749-003/2024(H5N1)	632	26024
MP|PP755590.1|A/cattle/Texas/24-008749-003/2024(H5N1)	633	25887
MP|PP755590.1|A/cattle/Texas/24-008749-003/2024(H5N1)	634	25753
MP|PP755590.1|A/cattle/Texas/24-008749-003/2024(H5N1)	635	25838
MP|PP755590.1|A/cattle/Texas/24-008749-003/2024(H5N1)	636	25919
MP|PP755590.1|A/cattle/Texas/24-008749-003/2024(H5N1)	637	26202
MP|PP755590.1|A/cattle/Texas/24-008749-003/2024(H5N1)	638	26060
MP|PP755590.1|A/cattle/Texas/24-008749-003/2024(H5N1)	639	25734
MP|PP755590.1|A/cattle/Texas/24-008749-003/2024(H5N1)	640	25787
MP|PP755590.1|A/cattle/Texas/24-008749-003/2024(H5N1)	641	25456
MP|PP755590.1|A/cattle/Texas/24-008749-003/2024(H5N1)	642	25162
MP|PP755590.1|A/cattle/Texas/24-008749-003/2024(H5N1)	643	25190
MP|PP755590.1|A/cattle/Texas/24-008749-003/2024(H5N1)	644	25113
MP|PP755590.1|A/cattle/Texas/24-008749-003/2024(H5N1)	645	25124
MP|PP755590.1|A/cattle/Texas/24-008749-003/2024(H5N1)	646	24958
MP|PP755590.1|A/cattle/Texas/24-008749-003/2024(H5N1)	647	24636
MP|PP755590.1|A/cattle/Texas/24-008749-003/2024(H5N1)	648	24875
MP|PP755590.1|A/cattle/Texas/24-008749-003/2024(H5N1)	649	24801
MP|PP755590.1|A/cattle/Texas/24-008749-003/2024(H5N1)	650	25003
MP|PP755590.1|A/cattle/Texas/24-008749-003/2024(H5N1)	651	24951
MP|PP755590.1|A/cattle/Texas/24-008749-003/2024(H5N1)	652	24617
MP|PP755590.1|A/cattle/Texas/24-008749-003/2024(H5N1)	653	24815
MP|PP755590.1|A/cattle/Texas/24-008749-003/2024(H5N1)	654	24831
MP|PP755590.1|A/cattle/Texas/24-008749-003/2024(H5N1)	655	24719
MP|PP755590.1|A/cattle/Texas/24-008749-003/2024(H5N1)	656	25073
MP|PP755590.1|A/cattle/Texas/24-008749-003/2024(H5N1)	657	25029
MP|PP755590.1|A/cattle/Texas/24-008749-003/2024(H5N1)	658	25061
MP|PP755590.1|A/cattle/Texas/24-008749-003/2024(H5N1)	659	25322
MP|PP755590.1|A/cattle/Texas/24-008749-003/2024(H5N1)	660	25225
MP|PP755590.1|A/cattle/Texas/24-008749-003/2024(H5N1)	661	25361
MP|PP755590.1|A/cattle/Texas/24-008749-003/2024(H5N1)	662	25259
MP|PP755590.1|A/cattle/Texas/24-008749-003/2024(H5N1)	663	24838
MP|PP755590.1|A/cattle/Texas/24-008749-003/2024(H5N1)	664	24960
MP|PP755590.1|A/cattle/Texas/24-008749-003/2024(H5N1)	665	24850
MP|PP755590.1|A/cattle/Texas/24-008749-003/2024(H5N1)	666	25352
MP|PP755590.1|A/cattle/Texas/24-008749-003/2024(H5N1)	667	25332
MP|PP755590.1|A/cattle/Texas/24-008749-003/2024(H5N1)	668	25247
MP|PP755590.1|A/cattle/Texas/24-008749-003/2024(H5N1)	669	25295
MP|PP755590.1|A/cattle/Texas/24-008749-003/2024(H5N1)	670	25329
MP|PP755590.1|A/cattle/Texas/24-008749-003/2024(H5N1)	671	25520
MP|PP755590.1|A/cattle/Texas/24-008749-003/2024(H5N1)	672	25651
MP|PP755590.1|A/cattle/Texas/24-008749-003/2024(H5N1)	673	25543
MP|PP755590.1|A/cattle/Texas/24-008749-003/2024(H5N1)	674	25518
MP|PP755590.1|A/cattle/Texas/24-008749-003/2024(H5N1)	675	25240
MP|PP755590.1|A/cattle/Texas/24-008749-003/2024(H5N1)	676	25286
MP|PP755590.1|A/cattle/Texas/24-008749-003/2024(H5N1)	677	25347
MP|PP755590.1|A/cattle/Texas/24-008749-003/2024(H5N1)	678	25195
MP|PP755590.1|A/cattle/Texas/24-008749-003/2024(H5N1)	679	25082
MP|PP755590.1|A/cattle/Texas/24-008749-003/2024(H5N1)	680	25108
MP|PP755590.1|A/cattle/Texas/24-008749-003/2024(H5N1)	681	25203
MP|PP755590.1|A/cattle/Texas/24-008749-003/2024(H5N1)	682	25293
MP|PP755590.1|A/cattle/Texas/24-008749-003/2024(H5N1)	683	25335
MP|PP755590.1|A/cattle/Texas/24-008749-003/2024(H5N1)	684	25046
MP|PP755590.1|A/cattle/Texas/24-008749-003/2024(H5N1)	685	25009
MP|PP755590.1|A/cattle/Texas/24-008749-003/2024(H5N1)	686	25050
MP|PP755590.1|A/cattle/Texas/24-008749-003/2024(H5N1)	687	25079
MP|PP755590.1|A/cattle/Texas/24-008749-003/2024(H5N1)	688	25083
MP|PP755590.1|A/cattle/Texas/24-008749-003/2024(H5N1)	689	24988
MP|PP755590.1|A/cattle/Texas/24-008749-003/2024(H5N1)	690	24817
MP|PP755590.1|A/cattle/Texas/24-008749-003/2024(H5N1)	691	25040
MP|PP755590.1|A/cattle/Texas/24-008749-003/2024(H5N1)	692	24692
MP|PP755590.1|A/cattle/Texas/24-008749-003/2024(H5N1)	693	24860
MP|PP755590.1|A/cattle/Texas/24-008749-003/2024(H5N1)	694	25146
MP|PP755590.1|A/cattle/Texas/24-008749-003/2024(H5N1)	695	25550
MP|PP755590.1|A/cattle/Texas/24-008749-003/2024(H5N1)	696	25499
MP|PP755590.1|A/cattle/Texas/24-008749-003/2024(H5N1)	697	25492
MP|PP755590.1|A/cattle/Texas/24-008749-003/2024(H5N1)	698	25413
MP|PP755590.1|A/cattle/Texas/24-008749-003/2024(H5N1)	699	25574
MP|PP755590.1|A/cattle/Texas/24-008749-003/2024(H5N1)	700	25407
MP|PP755590.1|A/cattle/Texas/24-008749-003/2024(H5N1)	701	25441
MP|PP755590.1|A/cattle/Texas/24-008749-003/2024(H5N1)	702	25468
MP|PP755590.1|A/cattle/Texas/24-008749-003/2024(H5N1)	703	25459
MP|PP755590.1|A/cattle/Texas/24-008749-003/2024(H5N1)	704	25455
MP|PP755590.1|A/cattle/Texas/24-008749-003/2024(H5N1)	705	25443
MP|PP755590.1|A/cattle/Texas/24-008749-003/2024(H5N1)	706	25446
MP|PP755590.1|A/cattle/Texas/24-008749-003/2024(H5N1)	707	25451
MP|PP755590.1|A/cattle/Texas/24-008749-003/2024(H5N1)	708	25295
MP|PP755590.1|A/cattle/Texas/24-008749-003/2024(H5N1)	709	25316
MP|PP755590.1|A/cattle/Texas/24-008749-003/2024(H5N1)	710	25281
MP|PP755590.1|A/cattle/Texas/24-008749-003/2024(H5N1)	711	25286
MP|PP755590.1|A/cattle/Texas/24-008749-003/2024(H5N1)	712	25322
MP|PP755590.1|A/cattle/Texas/24-008749-003/2024(H5N1)	713	25299
MP|PP755590.1|A/cattle/Texas/24-008749-003/2024(H5N1)	714	25334
MP|PP755590.1|A/cattle/Texas/24-008749-003/2024(H5N1)	715	25331
MP|PP755590.1|A/cattle/Texas/24-008749-003/2024(H5N1)	716	25335
MP|PP755590.1|A/cattle/Texas/24-008749-003/2024(H5N1)	717	25208
MP|PP755590.1|A/cattle/Texas/24-008749-003/2024(H5N1)	718	25120
MP|PP755590.1|A/cattle/Texas/24-008749-003/2024(H5N1)	719	25461
MP|PP755590.1|A/cattle/Texas/24-008749-003/2024(H5N1)	720	25395
MP|PP755590.1|A/cattle/Texas/24-008749-003/2024(H5N1)	721	25459
MP|PP755590.1|A/cattle/Texas/24-008749-003/2024(H5N1)	722	25427
MP|PP755590.1|A/cattle/Texas/24-008749-003/2024(H5N1)	723	25360
MP|PP755590.1|A/cattle/Texas/24-008749-003/2024(H5N1)	724	25860
MP|PP755590.1|A/cattle/Texas/24-008749-003/2024(H5N1)	725	25754
MP|PP755590.1|A/cattle/Texas/24-008749-003/2024(H5N1)	726	25758
MP|PP755590.1|A/cattle/Texas/24-008749-003/2024(H5N1)	727	25758
MP|PP755590.1|A/cattle/Texas/24-008749-003/2024(H5N1)	728	25565
MP|PP755590.1|A/cattle/Texas/24-008749-003/2024(H5N1)	729	25819
MP|PP755590.1|A/cattle/Texas/24-008749-003/2024(H5N1)	730	25793
MP|PP755590.1|A/cattle/Texas/24-008749-003/2024(H5N1)	731	25631
MP|PP755590.1|A/cattle/Texas/24-008749-003/2024(H5N1)	732	25634
MP|PP755590.1|A/cattle/Texas/24-008749-003/2024(H5N1)	733	25464
MP|PP755590.1|A/cattle/Texas/24-008749-003/2024(H5N1)	734	25584
MP|PP755590.1|A/cattle/Texas/24-008749-003/2024(H5N1)	735	25409
MP|PP755590.1|A/cattle/Texas/24-008749-003/2024(H5N1)	736	25450
MP|PP755590.1|A/cattle/Texas/24-008749-003/2024(H5N1)	737	25223
MP|PP755590.1|A/cattle/Texas/24-008749-003/2024(H5N1)	738	25263
MP|PP755590.1|A/cattle/Texas/24-008749-003/2024(H5N1)	739	25085
MP|PP755590.1|A/cattle/Texas/24-008749-003/2024(H5N1)	740	25078
MP|PP755590.1|A/cattle/Texas/24-008749-003/2024(H5N1)	741	25017
MP|PP755590.1|A/cattle/Texas/24-008749-003/2024(H5N1)	742	25084
MP|PP755590.1|A/cattle/Texas/24-008749-003/2024(H5N1)	743	24585
MP|PP755590.1|A/cattle/Texas/24-008749-003/2024(H5N1)	744	24592
MP|PP755590.1|A/cattle/Texas/24-008749-003/2024(H5N1)	745	24478
MP|PP755590.1|A/cattle/Texas/24-008749-003/2024(H5N1)	746	24373
MP|PP755590.1|A/cattle/Texas/24-008749-003/2024(H5N1)	747	24494
MP|PP755590.1|A/cattle/Texas/24-008749-003/2024(H5N1)	748	24264
MP|PP755590.1|A/cattle/Texas/24-008749-003/2024(H5N1)	749	24265
MP|PP755590.1|A/cattle/Texas/24-008749-003/2024(H5N1)	750	24232
MP|PP755590.1|A/cattle/Texas/24-008749-003/2024(H5N1)	751	25091
MP|PP755590.1|A/cattle/Texas/24-008749-003/2024(H5N1)	752	25176
MP|PP755590.1|A/cattle/Texas/24-008749-003/2024(H5N1)	753	25261
MP|PP755590.1|A/cattle/Texas/24-008749-003/2024(H5N1)	754	25158
MP|PP755590.1|A/cattle/Texas/24-008749-003/2024(H5N1)	755	25175
MP|PP755590.1|A/cattle/Texas/24-008749-003/2024(H5N1)	756	25304
MP|PP755590.1|A/cattle/Texas/24-008749-003/2024(H5N1)	757	25168
MP|PP755590.1|A/cattle/Texas/24-008749-003/2024(H5N1)	758	25156
MP|PP755590.1|A/cattle/Texas/24-008749-003/2024(H5N1)	759	24974
MP|PP755590.1|A/cattle/Texas/24-008749-003/2024(H5N1)	760	24909
MP|PP755590.1|A/cattle/Texas/24-008749-003/2024(H5N1)	761	24850
MP|PP755590.1|A/cattle/Texas/24-008749-003/2024(H5N1)	762	24713
MP|PP755590.1|A/cattle/Texas/24-008749-003/2024(H5N1)	763	24708
MP|PP755590.1|A/cattle/Texas/24-008749-003/2024(H5N1)	764	24694
MP|PP755590.1|A/cattle/Texas/24-008749-003/2024(H5N1)	765	24609
MP|PP755590.1|A/cattle/Texas/24-008749-003/2024(H5N1)	766	24648
MP|PP755590.1|A/cattle/Texas/24-008749-003/2024(H5N1)	767	24557
MP|PP755590.1|A/cattle/Texas/24-008749-003/2024(H5N1)	768	24432
MP|PP755590.1|A/cattle/Texas/24-008749-003/2024(H5N1)	769	24411
MP|PP755590.1|A/cattle/Texas/24-008749-003/2024(H5N1)	770	24318
MP|PP755590.1|A/cattle/Texas/24-008749-003/2024(H5N1)	771	24246
MP|PP755590.1|A/cattle/Texas/24-008749-003/2024(H5N1)	772	23976
MP|PP755590.1|A/cattle/Texas/24-008749-003/2024(H5N1)	773	23894
MP|PP755590.1|A/cattle/Texas/24-008749-003/2024(H5N1)	774	23811
MP|PP755590.1|A/cattle/Texas/24-008749-003/2024(H5N1)	775	23717
MP|PP755590.1|A/cattle/Texas/24-008749-003/2024(H5N1)	776	23678
MP|PP755590.1|A/cattle/Texas/24-008749-003/2024(H5N1)	777	23646
MP|PP755590.1|A/cattle/Texas/24-008749-003/2024(H5N1)	778	23636
MP|PP755590.1|A/cattle/Texas/24-008749-003/2024(H5N1)	779	23597
MP|PP755590.1|A/cattle/Texas/24-008749-003/2024(H5N1)	780	23666
MP|PP755590.1|A/cattle/Texas/24-008749-003/2024(H5N1)	781	23640
MP|PP755590.1|A/cattle/Texas/24-008749-003/2024(H5N1)	782	23599
MP|PP755590.1|A/cattle/Texas/24-008749-003/2024(H5N1)	783	23572
MP|PP755590.1|A/cattle/Texas/24-008749-003/2024(H5N1)	784	23558
MP|PP755590.1|A/cattle/Texas/24-008749-003/2024(H5N1)	785	23548
MP|PP755590.1|A/cattle/Texas/24-008749-003/2024(H5N1)	786	23519
MP|PP755590.1|A/cattle/Texas/24-008749-003/2024(H5N1)	787	23450
MP|PP755590.1|A/cattle/Texas/24-008749-003/2024(H5N1)	788	23388
MP|PP755590.1|A/cattle/Texas/24-008749-003/2024(H5N1)	789	22959
MP|PP755590.1|A/cattle/Texas/24-008749-003/2024(H5N1)	790	22971
MP|PP755590.1|A/cattle/Texas/24-008749-003/2024(H5N1)	791	22886
MP|PP755590.1|A/cattle/Texas/24-008749-003/2024(H5N1)	792	22832
MP|PP755590.1|A/cattle/Texas/24-008749-003/2024(H5N1)	793	22504
MP|PP755590.1|A/cattle/Texas/24-008749-003/2024(H5N1)	794	22232
MP|PP755590.1|A/cattle/Texas/24-008749-003/2024(H5N1)	795	22116
MP|PP755590.1|A/cattle/Texas/24-008749-003/2024(H5N1)	796	22161
MP|PP755590.1|A/cattle/Texas/24-008749-003/2024(H5N1)	797	22088
MP|PP755590.1|A/cattle/Texas/24-008749-003/2024(H5N1)	798	22058
MP|PP755590.1|A/cattle/Texas/24-008749-003/2024(H5N1)	799	21295
MP|PP755590.1|A/cattle/Texas/24-008749-003/2024(H5N1)	800	21059
MP|PP755590.1|A/cattle/Texas/24-008749-003/2024(H5N1)	801	21010
MP|PP755590.1|A/cattle/Texas/24-008749-003/2024(H5N1)	802	20949
MP|PP755590.1|A/cattle/Texas/24-008749-003/2024(H5N1)	803	20910
MP|PP755590.1|A/cattle/Texas/24-008749-003/2024(H5N1)	804	20895
MP|PP755590.1|A/cattle/Texas/24-008749-003/2024(H5N1)	805	20523
MP|PP755590.1|A/cattle/Texas/24-008749-003/2024(H5N1)	806	20320
MP|PP755590.1|A/cattle/Texas/24-008749-003/2024(H5N1)	807	19987
MP|PP755590.1|A/cattle/Texas/24-008749-003/2024(H5N1)	808	19991
MP|PP755590.1|A/cattle/Texas/24-008749-003/2024(H5N1)	809	19884
MP|PP755590.1|A/cattle/Texas/24-008749-003/2024(H5N1)	810	19793
MP|PP755590.1|A/cattle/Texas/24-008749-003/2024(H5N1)	811	19715
MP|PP755590.1|A/cattle/Texas/24-008749-003/2024(H5N1)	812	19391
MP|PP755590.1|A/cattle/Texas/24-008749-003/2024(H5N1)	813	19318
MP|PP755590.1|A/cattle/Texas/24-008749-003/2024(H5N1)	814	19150
MP|PP755590.1|A/cattle/Texas/24-008749-003/2024(H5N1)	815	19169
MP|PP755590.1|A/cattle/Texas/24-008749-003/2024(H5N1)	816	19074
MP|PP755590.1|A/cattle/Texas/24-008749-003/2024(H5N1)	817	18937
MP|PP755590.1|A/cattle/Texas/24-008749-003/2024(H5N1)	818	18915
MP|PP755590.1|A/cattle/Texas/24-008749-003/2024(H5N1)	819	18763
MP|PP755590.1|A/cattle/Texas/24-008749-003/2024(H5N1)	820	18761
MP|PP755590.1|A/cattle/Texas/24-008749-003/2024(H5N1)	821	18655
MP|PP755590.1|A/cattle/Texas/24-008749-003/2024(H5N1)	822	18638
MP|PP755590.1|A/cattle/Texas/24-008749-003/2024(H5N1)	823	18627
MP|PP755590.1|A/cattle/Texas/24-008749-003/2024(H5N1)	824	18566
MP|PP755590.1|A/cattle/Texas/24-008749-003/2024(H5N1)	825	18497
MP|PP755590.1|A/cattle/Texas/24-008749-003/2024(H5N1)	826	18303
MP|PP755590.1|A/cattle/Texas/24-008749-003/2024(H5N1)	827	18302
MP|PP755590.1|A/cattle/Texas/24-008749-003/2024(H5N1)	828	18270
MP|PP755590.1|A/cattle/Texas/24-008749-003/2024(H5N1)	829	18284
MP|PP755590.1|A/cattle/Texas/24-008749-003/2024(H5N1)	830	18261
MP|PP755590.1|A/cattle/Texas/24-008749-003/2024(H5N1)	831	18206
MP|PP755590.1|A/cattle/Texas/24-008749-003/2024(H5N1)	832	18096
MP|PP755590.1|A/cattle/Texas/24-008749-003/2024(H5N1)	833	17703
MP|PP755590.1|A/cattle/Texas/24-008749-003/2024(H5N1)	834	17702
MP|PP755590.1|A/cattle/Texas/24-008749-003/2024(H5N1)	835	17699
MP|PP755590.1|A/cattle/Texas/24-008749-003/2024(H5N1)	836	17624
MP|PP755590.1|A/cattle/Texas/24-008749-003/2024(H5N1)	837	17563
MP|PP755590.1|A/cattle/Texas/24-008749-003/2024(H5N1)	838	17463
MP|PP755590.1|A/cattle/Texas/24-008749-003/2024(H5N1)	839	17442
MP|PP755590.1|A/cattle/Texas/24-008749-003/2024(H5N1)	840	17399
MP|PP755590.1|A/cattle/Texas/24-008749-003/2024(H5N1)	841	17335
MP|PP755590.1|A/cattle/Texas/24-008749-003/2024(H5N1)	842	17326
MP|PP755590.1|A/cattle/Texas/24-008749-003/2024(H5N1)	843	17309
MP|PP755590.1|A/cattle/Texas/24-008749-003/2024(H5N1)	844	17296
MP|PP755590.1|A/cattle/Texas/24-008749-003/2024(H5N1)	845	17234
MP|PP755590.1|A/cattle/Texas/24-008749-003/2024(H5N1)	846	17115
MP|PP755590.1|A/cattle/Texas/24-008749-003/2024(H5N1)	847	16960
MP|PP755590.1|A/cattle/Texas/24-008749-003/2024(H5N1)	848	16885
MP|PP755590.1|A/cattle/Texas/24-008749-003/2024(H5N1)	849	16711
MP|PP755590.1|A/cattle/Texas/24-008749-003/2024(H5N1)	850	16731
MP|PP755590.1|A/cattle/Texas/24-008749-003/2024(H5N1)	851	16728
MP|PP755590.1|A/cattle/Texas/24-008749-003/2024(H5N1)	852	16702
MP|PP755590.1|A/cattle/Texas/24-008749-003/2024(H5N1)	853	16688
MP|PP755590.1|A/cattle/Texas/24-008749-003/2024(H5N1)	854	16684
MP|PP755590.1|A/cattle/Texas/24-008749-003/2024(H5N1)	855	16580
MP|PP755590.1|A/cattle/Texas/24-008749-003/2024(H5N1)	856	16505
MP|PP755590.1|A/cattle/Texas/24-008749-003/2024(H5N1)	857	16485
MP|PP755590.1|A/cattle/Texas/24-008749-003/2024(H5N1)	858	16310
MP|PP755590.1|A/cattle/Texas/24-008749-003/2024(H5N1)	859	16081
MP|PP755590.1|A/cattle/Texas/24-008749-003/2024(H5N1)	860	15743
MP|PP755590.1|A/cattle/Texas/24-008749-003/2024(H5N1)	861	15740
MP|PP755590.1|A/cattle/Texas/24-008749-003/2024(H5N1)	862	15664
MP|PP755590.1|A/cattle/Texas/24-008749-003/2024(H5N1)	863	15589
MP|PP755590.1|A/cattle/Texas/24-008749-003/2024(H5N1)	864	15576
MP|PP755590.1|A/cattle/Texas/24-008749-003/2024(H5N1)	865	15490
MP|PP755590.1|A/cattle/Texas/24-008749-003/2024(H5N1)	866	15480
MP|PP755590.1|A/cattle/Texas/24-008749-003/2024(H5N1)	867	15476
MP|PP755590.1|A/cattle/Texas/24-008749-003/2024(H5N1)	868	15404
MP|PP755590.1|A/cattle/Texas/24-008749-003/2024(H5N1)	869	15365
MP|PP755590.1|A/cattle/Texas/24-008749-003/2024(H5N1)	870	15180
MP|PP755590.1|A/cattle/Texas/24-008749-003/2024(H5N1)	871	14672
MP|PP755590.1|A/cattle/Texas/24-008749-003/2024(H5N1)	872	14666
MP|PP755590.1|A/cattle/Texas/24-008749-003/2024(H5N1)	873	14661
MP|PP755590.1|A/cattle/Texas/24-008749-003/2024(H5N1)	874	14598
MP|PP755590.1|A/cattle/Texas/24-008749-003/2024(H5N1)	875	14353
MP|PP755590.1|A/cattle/Texas/24-008749-003/2024(H5N1)	876	14300
MP|PP755590.1|A/cattle/Texas/24-008749-003/2024(H5N1)	877	14266
MP|PP755590.1|A/cattle/Texas/24-008749-003/2024(H5N1)	878	14254
MP|PP755590.1|A/cattle/Texas/24-008749-003/2024(H5N1)	879	14204
MP|PP755590.1|A/cattle/Texas/24-008749-003/2024(H5N1)	880	14112
MP|PP755590.1|A/cattle/Texas/24-008749-003/2024(H5N1)	881	14106
MP|PP755590.1|A/cattle/Texas/24-008749-003/2024(H5N1)	882	14081
MP|PP755590.1|A/cattle/Texas/24-008749-003/2024(H5N1)	883	13704
MP|PP755590.1|A/cattle/Texas/24-008749-003/2024(H5N1)	884	13676
MP|PP755590.1|A/cattle/Texas/24-008749-003/2024(H5N1)	885	13546
MP|PP755590.1|A/cattle/Texas/24-008749-003/2024(H5N1)	886	13450
MP|PP755590.1|A/cattle/Texas/24-008749-003/2024(H5N1)	887	13292
MP|PP755590.1|A/cattle/Texas/24-008749-003/2024(H5N1)	888	12864
MP|PP755590.1|A/cattle/Texas/24-008749-003/2024(H5N1)	889	12715
MP|PP755590.1|A/cattle/Texas/24-008749-003/2024(H5N1)	890	12669
MP|PP755590.1|A/cattle/Texas/24-008749-003/2024(H5N1)	891	12560
MP|PP755590.1|A/cattle/Texas/24-008749-003/2024(H5N1)	892	12559
MP|PP755590.1|A/cattle/Texas/24-008749-003/2024(H5N1)	893	12472
MP|PP755590.1|A/cattle/Texas/24-008749-003/2024(H5N1)	894	12403
MP|PP755590.1|A/cattle/Texas/24-008749-003/2024(H5N1)	895	12281
MP|PP755590.1|A/cattle/Texas/24-008749-003/2024(H5N1)	896	12210
MP|PP755590.1|A/cattle/Texas/24-008749-003/2024(H5N1)	897	11801
MP|PP755590.1|A/cattle/Texas/24-008749-003/2024(H5N1)	898	11810
MP|PP755590.1|A/cattle/Texas/24-008749-003/2024(H5N1)	899	11496
MP|PP755590.1|A/cattle/Texas/24-008749-003/2024(H5N1)	900	11488
MP|PP755590.1|A/cattle/Texas/24-008749-003/2024(H5N1)	901	11265
MP|PP755590.1|A/cattle/Texas/24-008749-003/2024(H5N1)	902	11126
MP|PP755590.1|A/cattle/Texas/24-008749-003/2024(H5N1)	903	11119
MP|PP755590.1|A/cattle/Texas/24-008749-003/2024(H5N1)	904	11010
MP|PP755590.1|A/cattle/Texas/24-008749-003/2024(H5N1)	905	10851
MP|PP755590.1|A/cattle/Texas/24-008749-003/2024(H5N1)	906	10820
MP|PP755590.1|A/cattle/Texas/24-008749-003/2024(H5N1)	907	10400
MP|PP755590.1|A/cattle/Texas/24-008749-003/2024(H5N1)	908	10390
MP|PP755590.1|A/cattle/Texas/24-008749-003/2024(H5N1)	909	10361
MP|PP755590.1|A/cattle/Texas/24-008749-003/2024(H5N1)	910	9957
MP|PP755590.1|A/cattle/Texas/24-008749-003/2024(H5N1)	911	9955
MP|PP755590.1|A/cattle/Texas/24-008749-003/2024(H5N1)	912	9764
MP|PP755590.1|A/cattle/Texas/24-008749-003/2024(H5N1)	913	9764
MP|PP755590.1|A/cattle/Texas/24-008749-003/2024(H5N1)	914	9604
MP|PP755590.1|A/cattle/Texas/24-008749-003/2024(H5N1)	915	9445
MP|PP755590.1|A/cattle/Texas/24-008749-003/2024(H5N1)	916	9435
MP|PP755590.1|A/cattle/Texas/24-008749-003/2024(H5N1)	917	9119
MP|PP755590.1|A/cattle/Texas/24-008749-003/2024(H5N1)	918	9080
MP|PP755590.1|A/cattle/Texas/24-008749-003/2024(H5N1)	919	9071
MP|PP755590.1|A/cattle/Texas/24-008749-003/2024(H5N1)	920	8989
MP|PP755590.1|A/cattle/Texas/24-008749-003/2024(H5N1)	921	8923
MP|PP755590.1|A/cattle/Texas/24-008749-003/2024(H5N1)	922	8692
MP|PP755590.1|A/cattle/Texas/24-008749-003/2024(H5N1)	923	8546
MP|PP755590.1|A/cattle/Texas/24-008749-003/2024(H5N1)	924	8533
MP|PP755590.1|A/cattle/Texas/24-008749-003/2024(H5N1)	925	8509
MP|PP755590.1|A/cattle/Texas/24-008749-003/2024(H5N1)	926	8510
MP|PP755590.1|A/cattle/Texas/24-008749-003/2024(H5N1)	927	8269
MP|PP755590.1|A/cattle/Texas/24-008749-003/2024(H5N1)	928	8228
MP|PP755590.1|A/cattle/Texas/24-008749-003/2024(H5N1)	929	8218
MP|PP755590.1|A/cattle/Texas/24-008749-003/2024(H5N1)	930	8185
MP|PP755590.1|A/cattle/Texas/24-008749-003/2024(H5N1)	931	8183
MP|PP755590.1|A/cattle/Texas/24-008749-003/2024(H5N1)	932	7543
MP|PP755590.1|A/cattle/Texas/24-008749-003/2024(H5N1)	933	7526
MP|PP755590.1|A/cattle/Texas/24-008749-003/2024(H5N1)	934	7427
MP|PP755590.1|A/cattle/Texas/24-008749-003/2024(H5N1)	935	7268
MP|PP755590.1|A/cattle/Texas/24-008749-003/2024(H5N1)	936	7261
MP|PP755590.1|A/cattle/Texas/24-008749-003/2024(H5N1)	937	6976
MP|PP755590.1|A/cattle/Texas/24-008749-003/2024(H5N1)	938	6962
MP|PP755590.1|A/cattle/Texas/24-008749-003/2024(H5N1)	939	6921
MP|PP755590.1|A/cattle/Texas/24-008749-003/2024(H5N1)	940	6867
MP|PP755590.1|A/cattle/Texas/24-008749-003/2024(H5N1)	941	6856
MP|PP755590.1|A/cattle/Texas/24-008749-003/2024(H5N1)	942	6410
MP|PP755590.1|A/cattle/Texas/24-008749-003/2024(H5N1)	943	6386
MP|PP755590.1|A/cattle/Texas/24-008749-003/2024(H5N1)	944	6052
MP|PP755590.1|A/cattle/Texas/24-008749-003/2024(H5N1)	945	5614
MP|PP755590.1|A/cattle/Texas/24-008749-003/2024(H5N1)	946	5069
MP|PP755590.1|A/cattle/Texas/24-008749-003/2024(H5N1)	947	5003
MP|PP755590.1|A/cattle/Texas/24-008749-003/2024(H5N1)	948	4959
MP|PP755590.1|A/cattle/Texas/24-008749-003/2024(H5N1)	949	4875
MP|PP755590.1|A/cattle/Texas/24-008749-003/2024(H5N1)	950	4683
MP|PP755590.1|A/cattle/Texas/24-008749-003/2024(H5N1)	951	4624
MP|PP755590.1|A/cattle/Texas/24-008749-003/2024(H5N1)	952	4561
MP|PP755590.1|A/cattle/Texas/24-008749-003/2024(H5N1)	953	4489
MP|PP755590.1|A/cattle/Texas/24-008749-003/2024(H5N1)	954	4491
MP|PP755590.1|A/cattle/Texas/24-008749-003/2024(H5N1)	955	4479
MP|PP755590.1|A/cattle/Texas/24-008749-003/2024(H5N1)	956	4453
MP|PP755590.1|A/cattle/Texas/24-008749-003/2024(H5N1)	957	4431
MP|PP755590.1|A/cattle/Texas/24-008749-003/2024(H5N1)	958	4417
MP|PP755590.1|A/cattle/Texas/24-008749-003/2024(H5N1)	959	4401
MP|PP755590.1|A/cattle/Texas/24-008749-003/2024(H5N1)	960	4377
MP|PP755590.1|A/cattle/Texas/24-008749-003/2024(H5N1)	961	4363
MP|PP755590.1|A/cattle/Texas/24-008749-003/2024(H5N1)	962	4353
MP|PP755590.1|A/cattle/Texas/24-008749-003/2024(H5N1)	963	4267
MP|PP755590.1|A/cattle/Texas/24-008749-003/2024(H5N1)	964	4265
MP|PP755590.1|A/cattle/Texas/24-008749-003/2024(H5N1)	965	4201
MP|PP755590.1|A/cattle/Texas/24-008749-003/2024(H5N1)	966	4190
MP|PP755590.1|A/cattle/Texas/24-008749-003/2024(H5N1)	967	4179
MP|PP755590.1|A/cattle/Texas/24-008749-003/2024(H5N1)	968	4145
MP|PP755590.1|A/cattle/Texas/24-008749-003/2024(H5N1)	969	4142
MP|PP755590.1|A/cattle/Texas/24-008749-003/2024(H5N1)	970	3795
MP|PP755590.1|A/cattle/Texas/24-008749-003/2024(H5N1)	971	3786
MP|PP755590.1|A/cattle/Texas/24-008749-003/2024(H5N1)	972	3701
MP|PP755590.1|A/cattle/Texas/24-008749-003/2024(H5N1)	973	3695
MP|PP755590.1|A/cattle/Texas/24-008749-003/2024(H5N1)	974	3681
MP|PP755590.1|A/cattle/Texas/24-008749-003/2024(H5N1)	975	3046
MP|PP755590.1|A/cattle/Texas/24-008749-003/2024(H5N1)	976	3000
MP|PP755590.1|A/cattle/Texas/24-008749-003/2024(H5N1)	977	2990
MP|PP755590.1|A/cattle/Texas/24-008749-003/2024(H5N1)	978	2955
MP|PP755590.1|A/cattle/Texas/24-008749-003/2024(H5N1)	979	2950
MP|PP755590.1|A/cattle/Texas/24-008749-003/2024(H5N1)	980	2565
MP|PP755590.1|A/cattle/Texas/24-008749-003/2024(H5N1)	981	2549
MP|PP755590.1|A/cattle/Texas/24-008749-003/2024(H5N1)	982	2537
