HA|PP755589.1|A/cattle/Texas/24-008749-003/2024(H5N1)	1	586
HA|PP755589.1|A/cattle/Texas/24-008749-003/2024(H5N1)	2	589
HA|PP755589.1|A/cattle/Texas/24-008749-003/2024(H5N1)	3	595
HA|PP755589.1|A/cattle/Texas/24-008749-003/2024(H5N1)	4	597
HA|PP755589.1|A/cattle/Texas/24-008749-003/2024(H5N1)	5	599
HA|PP755589.1|A/cattle/Texas/24-008749-003/2024(H5N1)	6	614
HA|PP755589.1|A/cattle/Texas/24-008749-003/2024(H5N1)	7	616
HA|PP755589.1|A/cattle/Texas/24-008749-003/2024(H5N1)	8	760
HA|PP755589.1|A/cattle/Texas/24-008749-003/2024(H5N1)	9	762
HA|PP755589.1|A/cattle/Texas/24-008749-003/2024(H5N1)	10	762
HA|PP755589.1|A/cattle/Texas/24-008749-003/2024(H5N1)	11	794
HA|PP755589.1|A/cattle/Texas/24-008749-003/2024(H5N1)	12	794
HA|PP755589.1|A/cattle/Texas/24-008749-003/2024(H5N1)	13	897
HA|PP755589.1|A/cattle/Texas/24-008749-003/2024(H5N1)	14	897
HA|PP755589.1|A/cattle/Texas/24-008749-003/2024(H5N1)	15	897
HA|PP755589.1|A/cattle/Texas/24-008749-003/2024(H5N1)	16	897
HA|PP755589.1|A/cattle/Texas/24-008749-003/2024(H5N1)	17	898
HA|PP755589.1|A/cattle/Texas/24-008749-003/2024(H5N1)	18	906
HA|PP755589.1|A/cattle/Texas/24-008749-003/2024(H5N1)	19	928
HA|PP755589.1|A/cattle/Texas/24-008749-003/2024(H5N1)	20	930
HA|PP755589.1|A/cattle/Texas/24-008749-003/2024(H5N1)	21	933
HA|PP755589.1|A/cattle/Texas/24-008749-003/2024(H5N1)	22	934
HA|PP755589.1|A/cattle/Texas/24-008749-003/2024(H5N1)	23	951
HA|PP755589.1|A/cattle/Texas/24-008749-003/2024(H5N1)	24	954
HA|PP755589.1|A/cattle/Texas/24-008749-003/2024(H5N1)	25	959
HA|PP755589.1|A/cattle/Texas/24-008749-003/2024(H5N1)	26	969
HA|PP755589.1|A/cattle/Texas/24-008749-003/2024(H5N1)	27	969
HA|PP755589.1|A/cattle/Texas/24-008749-003/2024(H5N1)	28	979
HA|PP755589.1|A/cattle/Texas/24-008749-003/2024(H5N1)	29	1004
HA|PP755589.1|A/cattle/Texas/24-008749-003/2024(H5N1)	30	1029
HA|PP755589.1|A/cattle/Texas/24-008749-003/2024(H5N1)	31	1029
HA|PP755589.1|A/cattle/Texas/24-008749-003/2024(H5N1)	32	1029
HA|PP755589.1|A/cattle/Texas/24-008749-003/2024(H5N1)	33	1030
HA|PP755589.1|A/cattle/Texas/24-008749-003/2024(H5N1)	34	1030
HA|PP755589.1|A/cattle/Texas/24-008749-003/2024(H5N1)	35	1038
HA|PP755589.1|A/cattle/Texas/24-008749-003/2024(H5N1)	36	1053
HA|PP755589.1|A/cattle/Texas/24-008749-003/2024(H5N1)	37	1057
HA|PP755589.1|A/cattle/Texas/24-008749-003/2024(H5N1)	38	1059
HA|PP755589.1|A/cattle/Texas/24-008749-003/2024(H5N1)	39	1114
HA|PP755589.1|A/cattle/Texas/24-008749-003/2024(H5N1)	40	1163
HA|PP755589.1|A/cattle/Texas/24-008749-003/2024(H5N1)	41	1163
HA|PP755589.1|A/cattle/Texas/24-008749-003/2024(H5N1)	42	1165
HA|PP755589.1|A/cattle/Texas/24-008749-003/2024(H5N1)	43	1162
HA|PP755589.1|A/cattle/Texas/24-008749-003/2024(H5N1)	44	1157
HA|PP755589.1|A/cattle/Texas/24-008749-003/2024(H5N1)	45	1157
HA|PP755589.1|A/cattle/Texas/24-008749-003/2024(H5N1)	46	1157
HA|PP755589.1|A/cattle/Texas/24-008749-003/2024(H5N1)	47	1160
HA|PP755589.1|A/cattle/Texas/24-008749-003/2024(H5N1)	48	1157
HA|PP755589.1|A/cattle/Texas/24-008749-003/2024(H5N1)	49	1162
HA|PP755589.1|A/cattle/Texas/24-008749-003/2024(H5N1)	50	1165
HA|PP755589.1|A/cattle/Texas/24-008749-003/2024(H5N1)	51	1165
HA|PP755589.1|A/cattle/Texas/24-008749-003/2024(H5N1)	52	1165
HA|PP755589.1|A/cattle/Texas/24-008749-003/2024(H5N1)	53	1165
HA|PP755589.1|A/cattle/Texas/24-008749-003/2024(H5N1)	54	1228
HA|PP755589.1|A/cattle/Texas/24-008749-003/2024(H5N1)	55	1229
HA|PP755589.1|A/cattle/Texas/24-008749-003/2024(H5N1)	56	1228
HA|PP755589.1|A/cattle/Texas/24-008749-003/2024(H5N1)	57	1232
HA|PP755589.1|A/cattle/Texas/24-008749-003/2024(H5N1)	58	1253
HA|PP755589.1|A/cattle/Texas/24-008749-003/2024(H5N1)	59	1265
HA|PP755589.1|A/cattle/Texas/24-008749-003/2024(H5N1)	60	1265
HA|PP755589.1|A/cattle/Texas/24-008749-003/2024(H5N1)	61	1267
HA|PP755589.1|A/cattle/Texas/24-008749-003/2024(H5N1)	62	1270
HA|PP755589.1|A/cattle/Texas/24-008749-003/2024(H5N1)	63	1264
HA|PP755589.1|A/cattle/Texas/24-008749-003/2024(H5N1)	64	1288
HA|PP755589.1|A/cattle/Texas/24-008749-003/2024(H5N1)	65	1289
HA|PP755589.1|A/cattle/Texas/24-008749-003/2024(H5N1)	66	1311
HA|PP755589.1|A/cattle/Texas/24-008749-003/2024(H5N1)	67	1315
HA|PP755589.1|A/cattle/Texas/24-008749-003/2024(H5N1)	68	1340
HA|PP755589.1|A/cattle/Texas/24-008749-003/2024(H5N1)	69	1350
HA|PP755589.1|A/cattle/Texas/24-008749-003/2024(H5N1)	70	1357
HA|PP755589.1|A/cattle/Texas/24-008749-003/2024(H5N1)	71	1364
HA|PP755589.1|A/cattle/Texas/24-008749-003/2024(H5N1)	72	1365
HA|PP755589.1|A/cattle/Texas/24-008749-003/2024(H5N1)	73	1366
HA|PP755589.1|A/cattle/Texas/24-008749-003/2024(H5N1)	74	1398
HA|PP755589.1|A/cattle/Texas/24-008749-003/2024(H5N1)	75	1412
HA|PP755589.1|A/cattle/Texas/24-008749-003/2024(H5N1)	76	1439
HA|PP755589.1|A/cattle/Texas/24-008749-003/2024(H5N1)	77	1455
HA|PP755589.1|A/cattle/Texas/24-008749-003/2024(H5N1)	78	1519
HA|PP755589.1|A/cattle/Texas/24-008749-003/2024(H5N1)	79	1517
HA|PP755589.1|A/cattle/Texas/24-008749-003/2024(H5N1)	80	1527
HA|PP755589.1|A/cattle/Texas/24-008749-003/2024(H5N1)	81	1536
HA|PP755589.1|A/cattle/Texas/24-008749-003/2024(H5N1)	82	1536
HA|PP755589.1|A/cattle/Texas/24-008749-003/2024(H5N1)	83	1537
HA|PP755589.1|A/cattle/Texas/24-008749-003/2024(H5N1)	84	1537
HA|PP755589.1|A/cattle/Texas/24-008749-003/2024(H5N1)	85	1537
HA|PP755589.1|A/cattle/Texas/24-008749-003/2024(H5N1)	86	1538
HA|PP755589.1|A/cattle/Texas/24-008749-003/2024(H5N1)	87	1528
HA|PP755589.1|A/cattle/Texas/24-008749-003/2024(H5N1)	88	1574
HA|PP755589.1|A/cattle/Texas/24-008749-003/2024(H5N1)	89	1577
HA|PP755589.1|A/cattle/Texas/24-008749-003/2024(H5N1)	90	1583
HA|PP755589.1|A/cattle/Texas/24-008749-003/2024(H5N1)	91	1585
HA|PP755589.1|A/cattle/Texas/24-008749-003/2024(H5N1)	92	1588
HA|PP755589.1|A/cattle/Texas/24-008749-003/2024(H5N1)	93	1597
HA|PP755589.1|A/cattle/Texas/24-008749-003/2024(H5N1)	94	1602
HA|PP755589.1|A/cattle/Texas/24-008749-003/2024(H5N1)	95	1605
HA|PP755589.1|A/cattle/Texas/24-008749-003/2024(H5N1)	96	1613
HA|PP755589.1|A/cattle/Texas/24-008749-003/2024(H5N1)	97	1601
HA|PP755589.1|A/cattle/Texas/24-008749-003/2024(H5N1)	98	1610
HA|PP755589.1|A/cattle/Texas/24-008749-003/2024(H5N1)	99	1610
HA|PP755589.1|A/cattle/Texas/24-008749-003/2024(H5N1)	100	1610
HA|PP755589.1|A/cattle/Texas/24-008749-003/2024(H5N1)	101	1615
HA|PP755589.1|A/cattle/Texas/24-008749-003/2024(H5N1)	102	1611
HA|PP755589.1|A/cattle/Texas/24-008749-003/2024(H5N1)	103	1616
HA|PP755589.1|A/cattle/Texas/24-008749-003/2024(H5N1)	104	1617
HA|PP755589.1|A/cattle/Texas/24-008749-003/2024(H5N1)	105	1618
HA|PP755589.1|A/cattle/Texas/24-008749-003/2024(H5N1)	106	1629
HA|PP755589.1|A/cattle/Texas/24-008749-003/2024(H5N1)	107	1629
HA|PP755589.1|A/cattle/Texas/24-008749-003/2024(H5N1)	108	1635
HA|PP755589.1|A/cattle/Texas/24-008749-003/2024(H5N1)	109	1638
HA|PP755589.1|A/cattle/Texas/24-008749-003/2024(H5N1)	110	1632
HA|PP755589.1|A/cattle/Texas/24-008749-003/2024(H5N1)	111	1645
HA|PP755589.1|A/cattle/Texas/24-008749-003/2024(H5N1)	112	1645
HA|PP755589.1|A/cattle/Texas/24-008749-003/2024(H5N1)	113	1645
HA|PP755589.1|A/cattle/Texas/24-008749-003/2024(H5N1)	114	1654
HA|PP755589.1|A/cattle/Texas/24-008749-003/2024(H5N1)	115	1664
HA|PP755589.1|A/cattle/Texas/24-008749-003/2024(H5N1)	116	1681
HA|PP755589.1|A/cattle/Texas/24-008749-003/2024(H5N1)	117	1689
HA|PP755589.1|A/cattle/Texas/24-008749-003/2024(H5N1)	118	1689
HA|PP755589.1|A/cattle/Texas/24-008749-003/2024(H5N1)	119	1693
HA|PP755589.1|A/cattle/Texas/24-008749-003/2024(H5N1)	120	1690
HA|PP755589.1|A/cattle/Texas/24-008749-003/2024(H5N1)	121	1694
HA|PP755589.1|A/cattle/Texas/24-008749-003/2024(H5N1)	122	1582
HA|PP755589.1|A/cattle/Texas/24-008749-003/2024(H5N1)	123	1606
HA|PP755589.1|A/cattle/Texas/24-008749-003/2024(H5N1)	124	1626
HA|PP755589.1|A/cattle/Texas/24-008749-003/2024(H5N1)	125	1629
HA|PP755589.1|A/cattle/Texas/24-008749-003/2024(H5N1)	126	1630
HA|PP755589.1|A/cattle/Texas/24-008749-003/2024(H5N1)	127	1632
HA|PP755589.1|A/cattle/Texas/24-008749-003/2024(H5N1)	128	1628
HA|PP755589.1|A/cattle/Texas/24-008749-003/2024(H5N1)	129	1634
HA|PP755589.1|A/cattle/Texas/24-008749-003/2024(H5N1)	130	1631
HA|PP755589.1|A/cattle/Texas/24-008749-003/2024(H5N1)	131	1590
HA|PP755589.1|A/cattle/Texas/24-008749-003/2024(H5N1)	132	1601
HA|PP755589.1|A/cattle/Texas/24-008749-003/2024(H5N1)	133	1664
HA|PP755589.1|A/cattle/Texas/24-008749-003/2024(H5N1)	134	1806
HA|PP755589.1|A/cattle/Texas/24-008749-003/2024(H5N1)	135	1735
HA|PP755589.1|A/cattle/Texas/24-008749-003/2024(H5N1)	136	1739
HA|PP755589.1|A/cattle/Texas/24-008749-003/2024(H5N1)	137	1737
HA|PP755589.1|A/cattle/Texas/24-008749-003/2024(H5N1)	138	1745
HA|PP755589.1|A/cattle/Texas/24-008749-003/2024(H5N1)	139	1756
HA|PP755589.1|A/cattle/Texas/24-008749-003/2024(H5N1)	140	1796
HA|PP755589.1|A/cattle/Texas/24-008749-003/2024(H5N1)	141	1780
HA|PP755589.1|A/cattle/Texas/24-008749-003/2024(H5N1)	142	1749
HA|PP755589.1|A/cattle/Texas/24-008749-003/2024(H5N1)	143	1745
HA|PP755589.1|A/cattle/Texas/24-008749-003/2024(H5N1)	144	1744
HA|PP755589.1|A/cattle/Texas/24-008749-003/2024(H5N1)	145	1713
HA|PP755589.1|A/cattle/Texas/24-008749-003/2024(H5N1)	146	1713
HA|PP755589.1|A/cattle/Texas/24-008749-003/2024(H5N1)	147	1726
HA|PP755589.1|A/cattle/Texas/24-008749-003/2024(H5N1)	148	1730
HA|PP755589.1|A/cattle/Texas/24-008749-003/2024(H5N1)	149	1676
HA|PP755589.1|A/cattle/Texas/24-008749-003/2024(H5N1)	150	1727
HA|PP755589.1|A/cattle/Texas/24-008749-003/2024(H5N1)	151	1734
HA|PP755589.1|A/cattle/Texas/24-008749-003/2024(H5N1)	152	1781
HA|PP755589.1|A/cattle/Texas/24-008749-003/2024(H5N1)	153	1781
HA|PP755589.1|A/cattle/Texas/24-008749-003/2024(H5N1)	154	1779
HA|PP755589.1|A/cattle/Texas/24-008749-003/2024(H5N1)	155	1775
HA|PP755589.1|A/cattle/Texas/24-008749-003/2024(H5N1)	156	1783
HA|PP755589.1|A/cattle/Texas/24-008749-003/2024(H5N1)	157	1775
HA|PP755589.1|A/cattle/Texas/24-008749-003/2024(H5N1)	158	1778
HA|PP755589.1|A/cattle/Texas/24-008749-003/2024(H5N1)	159	1664
HA|PP755589.1|A/cattle/Texas/24-008749-003/2024(H5N1)	160	1665
HA|PP755589.1|A/cattle/Texas/24-008749-003/2024(H5N1)	161	1706
HA|PP755589.1|A/cattle/Texas/24-008749-003/2024(H5N1)	162	1693
HA|PP755589.1|A/cattle/Texas/24-008749-003/2024(H5N1)	163	1698
HA|PP755589.1|A/cattle/Texas/24-008749-003/2024(H5N1)	164	1625
HA|PP755589.1|A/cattle/Texas/24-008749-003/2024(H5N1)	165	1622
HA|PP755589.1|A/cattle/Texas/24-008749-003/2024(H5N1)	166	1629
HA|PP755589.1|A/cattle/Texas/24-008749-003/2024(H5N1)	167	1629
HA|PP755589.1|A/cattle/Texas/24-008749-003/2024(H5N1)	168	1631
HA|PP755589.1|A/cattle/Texas/24-008749-003/2024(H5N1)	169	1632
HA|PP755589.1|A/cattle/Texas/24-008749-003/2024(H5N1)	170	1607
HA|PP755589.1|A/cattle/Texas/24-008749-003/2024(H5N1)	171	1611
HA|PP755589.1|A/cattle/Texas/24-008749-003/2024(H5N1)	172	1606
HA|PP755589.1|A/cattle/Texas/24-008749-003/2024(H5N1)	173	1605
HA|PP755589.1|A/cattle/Texas/24-008749-003/2024(H5N1)	174	1659
HA|PP755589.1|A/cattle/Texas/24-008749-003/2024(H5N1)	175	1659
HA|PP755589.1|A/cattle/Texas/24-008749-003/2024(H5N1)	176	1698
HA|PP755589.1|A/cattle/Texas/24-008749-003/2024(H5N1)	177	1717
HA|PP755589.1|A/cattle/Texas/24-008749-003/2024(H5N1)	178	1698
HA|PP755589.1|A/cattle/Texas/24-008749-003/2024(H5N1)	179	1709
HA|PP755589.1|A/cattle/Texas/24-008749-003/2024(H5N1)	180	1733
HA|PP755589.1|A/cattle/Texas/24-008749-003/2024(H5N1)	181	1714
HA|PP755589.1|A/cattle/Texas/24-008749-003/2024(H5N1)	182	1712
HA|PP755589.1|A/cattle/Texas/24-008749-003/2024(H5N1)	183	1714
HA|PP755589.1|A/cattle/Texas/24-008749-003/2024(H5N1)	184	1716
HA|PP755589.1|A/cattle/Texas/24-008749-003/2024(H5N1)	185	1714
HA|PP755589.1|A/cattle/Texas/24-008749-003/2024(H5N1)	186	1712
HA|PP755589.1|A/cattle/Texas/24-008749-003/2024(H5N1)	187	1714
HA|PP755589.1|A/cattle/Texas/24-008749-003/2024(H5N1)	188	1747
HA|PP755589.1|A/cattle/Texas/24-008749-003/2024(H5N1)	189	1738
HA|PP755589.1|A/cattle/Texas/24-008749-003/2024(H5N1)	190	1708
HA|PP755589.1|A/cattle/Texas/24-008749-003/2024(H5N1)	191	1667
HA|PP755589.1|A/cattle/Texas/24-008749-003/2024(H5N1)	192	1667
HA|PP755589.1|A/cattle/Texas/24-008749-003/2024(H5N1)	193	1671
HA|PP755589.1|A/cattle/Texas/24-008749-003/2024(H5N1)	194	1660
HA|PP755589.1|A/cattle/Texas/24-008749-003/2024(H5N1)	195	1659
HA|PP755589.1|A/cattle/Texas/24-008749-003/2024(H5N1)	196	1663
HA|PP755589.1|A/cattle/Texas/24-008749-003/2024(H5N1)	197	1677
HA|PP755589.1|A/cattle/Texas/24-008749-003/2024(H5N1)	198	1688
HA|PP755589.1|A/cattle/Texas/24-008749-003/2024(H5N1)	199	1703
HA|PP755589.1|A/cattle/Texas/24-008749-003/2024(H5N1)	200	1718
HA|PP755589.1|A/cattle/Texas/24-008749-003/2024(H5N1)	201	1720
HA|PP755589.1|A/cattle/Texas/24-008749-003/2024(H5N1)	202	1723
HA|PP755589.1|A/cattle/Texas/24-008749-003/2024(H5N1)	203	1723
HA|PP755589.1|A/cattle/Texas/24-008749-003/2024(H5N1)	204	1729
HA|PP755589.1|A/cattle/Texas/24-008749-003/2024(H5N1)	205	1679
HA|PP755589.1|A/cattle/Texas/24-008749-003/2024(H5N1)	206	1676
HA|PP755589.1|A/cattle/Texas/24-008749-003/2024(H5N1)	207	1696
HA|PP755589.1|A/cattle/Texas/24-008749-003/2024(H5N1)	208	1710
HA|PP755589.1|A/cattle/Texas/24-008749-003/2024(H5N1)	209	1685
HA|PP755589.1|A/cattle/Texas/24-008749-003/2024(H5N1)	210	1703
HA|PP755589.1|A/cattle/Texas/24-008749-003/2024(H5N1)	211	1708
HA|PP755589.1|A/cattle/Texas/24-008749-003/2024(H5N1)	212	1722
HA|PP755589.1|A/cattle/Texas/24-008749-003/2024(H5N1)	213	1729
HA|PP755589.1|A/cattle/Texas/24-008749-003/2024(H5N1)	214	1730
HA|PP755589.1|A/cattle/Texas/24-008749-003/2024(H5N1)	215	1757
HA|PP755589.1|A/cattle/Texas/24-008749-003/2024(H5N1)	216	1759
HA|PP755589.1|A/cattle/Texas/24-008749-003/2024(H5N1)	217	1768
HA|PP755589.1|A/cattle/Texas/24-008749-003/2024(H5N1)	218	1770
HA|PP755589.1|A/cattle/Texas/24-008749-003/2024(H5N1)	219	1746
HA|PP755589.1|A/cattle/Texas/24-008749-003/2024(H5N1)	220	1743
HA|PP755589.1|A/cattle/Texas/24-008749-003/2024(H5N1)	221	1757
HA|PP755589.1|A/cattle/Texas/24-008749-003/2024(H5N1)	222	1748
HA|PP755589.1|A/cattle/Texas/24-008749-003/2024(H5N1)	223	1760
HA|PP755589.1|A/cattle/Texas/24-008749-003/2024(H5N1)	224	1717
HA|PP755589.1|A/cattle/Texas/24-008749-003/2024(H5N1)	225	1717
HA|PP755589.1|A/cattle/Texas/24-008749-003/2024(H5N1)	226	1746
HA|PP755589.1|A/cattle/Texas/24-008749-003/2024(H5N1)	227	1721
HA|PP755589.1|A/cattle/Texas/24-008749-003/2024(H5N1)	228	1714
HA|PP755589.1|A/cattle/Texas/24-008749-003/2024(H5N1)	229	1660
HA|PP755589.1|A/cattle/Texas/24-008749-003/2024(H5N1)	230	1658
HA|PP755589.1|A/cattle/Texas/24-008749-003/2024(H5N1)	231	1669
HA|PP755589.1|A/cattle/Texas/24-008749-003/2024(H5N1)	232	1654
HA|PP755589.1|A/cattle/Texas/24-008749-003/2024(H5N1)	233	1655
HA|PP755589.1|A/cattle/Texas/24-008749-003/2024(H5N1)	234	1665
HA|PP755589.1|A/cattle/Texas/24-008749-003/2024(H5N1)	235	1665
HA|PP755589.1|A/cattle/Texas/24-008749-003/2024(H5N1)	236	1668
HA|PP755589.1|A/cattle/Texas/24-008749-003/2024(H5N1)	237	1663
HA|PP755589.1|A/cattle/Texas/24-008749-003/2024(H5N1)	238	1669
HA|PP755589.1|A/cattle/Texas/24-008749-003/2024(H5N1)	239	1635
HA|PP755589.1|A/cattle/Texas/24-008749-003/2024(H5N1)	240	1640
HA|PP755589.1|A/cattle/Texas/24-008749-003/2024(H5N1)	241	1637
HA|PP755589.1|A/cattle/Texas/24-008749-003/2024(H5N1)	242	1637
HA|PP755589.1|A/cattle/Texas/24-008749-003/2024(H5N1)	243	1632
HA|PP755589.1|A/cattle/Texas/24-008749-003/2024(H5N1)	244	1631
HA|PP755589.1|A/cattle/Texas/24-008749-003/2024(H5N1)	245	1646
HA|PP755589.1|A/cattle/Texas/24-008749-003/2024(H5N1)	246	1646
HA|PP755589.1|A/cattle/Texas/24-008749-003/2024(H5N1)	247	1667
HA|PP755589.1|A/cattle/Texas/24-008749-003/2024(H5N1)	248	1665
HA|PP755589.1|A/cattle/Texas/24-008749-003/2024(H5N1)	249	1657
HA|PP755589.1|A/cattle/Texas/24-008749-003/2024(H5N1)	250	1658
HA|PP755589.1|A/cattle/Texas/24-008749-003/2024(H5N1)	251	1667
HA|PP755589.1|A/cattle/Texas/24-008749-003/2024(H5N1)	252	1664
HA|PP755589.1|A/cattle/Texas/24-008749-003/2024(H5N1)	253	1677
HA|PP755589.1|A/cattle/Texas/24-008749-003/2024(H5N1)	254	1673
HA|PP755589.1|A/cattle/Texas/24-008749-003/2024(H5N1)	255	1698
HA|PP755589.1|A/cattle/Texas/24-008749-003/2024(H5N1)	256	1699
HA|PP755589.1|A/cattle/Texas/24-008749-003/2024(H5N1)	257	1702
HA|PP755589.1|A/cattle/Texas/24-008749-003/2024(H5N1)	258	1711
HA|PP755589.1|A/cattle/Texas/24-008749-003/2024(H5N1)	259	1711
HA|PP755589.1|A/cattle/Texas/24-008749-003/2024(H5N1)	260	1710
HA|PP755589.1|A/cattle/Texas/24-008749-003/2024(H5N1)	261	1710
HA|PP755589.1|A/cattle/Texas/24-008749-003/2024(H5N1)	262	1695
HA|PP755589.1|A/cattle/Texas/24-008749-003/2024(H5N1)	263	1699
HA|PP755589.1|A/cattle/Texas/24-008749-003/2024(H5N1)	264	1690
HA|PP755589.1|A/cattle/Texas/24-008749-003/2024(H5N1)	265	1705
HA|PP755589.1|A/cattle/Texas/24-008749-003/2024(H5N1)	266	1715
HA|PP755589.1|A/cattle/Texas/24-008749-003/2024(H5N1)	267	1696
HA|PP755589.1|A/cattle/Texas/24-008749-003/2024(H5N1)	268	1688
HA|PP755589.1|A/cattle/Texas/24-008749-003/2024(H5N1)	269	1683
HA|PP755589.1|A/cattle/Texas/24-008749-003/2024(H5N1)	270	1684
HA|PP755589.1|A/cattle/Texas/24-008749-003/2024(H5N1)	271	1686
HA|PP755589.1|A/cattle/Texas/24-008749-003/2024(H5N1)	272	1687
HA|PP755589.1|A/cattle/Texas/24-008749-003/2024(H5N1)	273	1590
HA|PP755589.1|A/cattle/Texas/24-008749-003/2024(H5N1)	274	1552
HA|PP755589.1|A/cattle/Texas/24-008749-003/2024(H5N1)	275	1538
HA|PP755589.1|A/cattle/Texas/24-008749-003/2024(H5N1)	276	1704
HA|PP755589.1|A/cattle/Texas/24-008749-003/2024(H5N1)	277	1702
HA|PP755589.1|A/cattle/Texas/24-008749-003/2024(H5N1)	278	1703
HA|PP755589.1|A/cattle/Texas/24-008749-003/2024(H5N1)	279	1701
HA|PP755589.1|A/cattle/Texas/24-008749-003/2024(H5N1)	280	1700
HA|PP755589.1|A/cattle/Texas/24-008749-003/2024(H5N1)	281	1739
HA|PP755589.1|A/cattle/Texas/24-008749-003/2024(H5N1)	282	1726
HA|PP755589.1|A/cattle/Texas/24-008749-003/2024(H5N1)	283	1736
HA|PP755589.1|A/cattle/Texas/24-008749-003/2024(H5N1)	284	1680
HA|PP755589.1|A/cattle/Texas/24-008749-003/2024(H5N1)	285	1456
HA|PP755589.1|A/cattle/Texas/24-008749-003/2024(H5N1)	286	1478
HA|PP755589.1|A/cattle/Texas/24-008749-003/2024(H5N1)	287	1489
HA|PP755589.1|A/cattle/Texas/24-008749-003/2024(H5N1)	288	1490
HA|PP755589.1|A/cattle/Texas/24-008749-003/2024(H5N1)	289	1492
HA|PP755589.1|A/cattle/Texas/24-008749-003/2024(H5N1)	290	1532
HA|PP755589.1|A/cattle/Texas/24-008749-003/2024(H5N1)	291	1542
HA|PP755589.1|A/cattle/Texas/24-008749-003/2024(H5N1)	292	1551
HA|PP755589.1|A/cattle/Texas/24-008749-003/2024(H5N1)	293	1548
HA|PP755589.1|A/cattle/Texas/24-008749-003/2024(H5N1)	294	1613
HA|PP755589.1|A/cattle/Texas/24-008749-003/2024(H5N1)	295	1619
HA|PP755589.1|A/cattle/Texas/24-008749-003/2024(H5N1)	296	1624
HA|PP755589.1|A/cattle/Texas/24-008749-003/2024(H5N1)	297	1618
HA|PP755589.1|A/cattle/Texas/24-008749-003/2024(H5N1)	298	1616
HA|PP755589.1|A/cattle/Texas/24-008749-003/2024(H5N1)	299	1625
HA|PP755589.1|A/cattle/Texas/24-008749-003/2024(H5N1)	300	1628
HA|PP755589.1|A/cattle/Texas/24-008749-003/2024(H5N1)	301	1627
HA|PP755589.1|A/cattle/Texas/24-008749-003/2024(H5N1)	302	1626
HA|PP755589.1|A/cattle/Texas/24-008749-003/2024(H5N1)	303	1550
HA|PP755589.1|A/cattle/Texas/24-008749-003/2024(H5N1)	304	1577
HA|PP755589.1|A/cattle/Texas/24-008749-003/2024(H5N1)	305	1598
HA|PP755589.1|A/cattle/Texas/24-008749-003/2024(H5N1)	306	1601
HA|PP755589.1|A/cattle/Texas/24-008749-003/2024(H5N1)	307	1592
HA|PP755589.1|A/cattle/Texas/24-008749-003/2024(H5N1)	308	1589
HA|PP755589.1|A/cattle/Texas/24-008749-003/2024(H5N1)	309	1594
HA|PP755589.1|A/cattle/Texas/24-008749-003/2024(H5N1)	310	1591
HA|PP755589.1|A/cattle/Texas/24-008749-003/2024(H5N1)	311	1656
HA|PP755589.1|A/cattle/Texas/24-008749-003/2024(H5N1)	312	1645
HA|PP755589.1|A/cattle/Texas/24-008749-003/2024(H5N1)	313	1627
HA|PP755589.1|A/cattle/Texas/24-008749-003/2024(H5N1)	314	1643
HA|PP755589.1|A/cattle/Texas/24-008749-003/2024(H5N1)	315	1716
HA|PP755589.1|A/cattle/Texas/24-008749-003/2024(H5N1)	316	1714
HA|PP755589.1|A/cattle/Texas/24-008749-003/2024(H5N1)	317	1724
HA|PP755589.1|A/cattle/Texas/24-008749-003/2024(H5N1)	318	1735
HA|PP755589.1|A/cattle/Texas/24-008749-003/2024(H5N1)	319	1752
HA|PP755589.1|A/cattle/Texas/24-008749-003/2024(H5N1)	320	1776
HA|PP755589.1|A/cattle/Texas/24-008749-003/2024(H5N1)	321	1785
HA|PP755589.1|A/cattle/Texas/24-008749-003/2024(H5N1)	322	1783
HA|PP755589.1|A/cattle/Texas/24-008749-003/2024(H5N1)	323	1786
HA|PP755589.1|A/cattle/Texas/24-008749-003/2024(H5N1)	324	1709
HA|PP755589.1|A/cattle/Texas/24-008749-003/2024(H5N1)	325	1713
HA|PP755589.1|A/cattle/Texas/24-008749-003/2024(H5N1)	326	1710
HA|PP755589.1|A/cattle/Texas/24-008749-003/2024(H5N1)	327	1676
HA|PP755589.1|A/cattle/Texas/24-008749-003/2024(H5N1)	328	1660
HA|PP755589.1|A/cattle/Texas/24-008749-003/2024(H5N1)	329	1666
HA|PP755589.1|A/cattle/Texas/24-008749-003/2024(H5N1)	330	1650
HA|PP755589.1|A/cattle/Texas/24-008749-003/2024(H5N1)	331	1666
HA|PP755589.1|A/cattle/Texas/24-008749-003/2024(H5N1)	332	1678
HA|PP755589.1|A/cattle/Texas/24-008749-003/2024(H5N1)	333	1686
HA|PP755589.1|A/cattle/Texas/24-008749-003/2024(H5N1)	334	1684
HA|PP755589.1|A/cattle/Texas/24-008749-003/2024(H5N1)	335	1686
HA|PP755589.1|A/cattle/Texas/24-008749-003/2024(H5N1)	336	1668
HA|PP755589.1|A/cattle/Texas/24-008749-003/2024(H5N1)	337	1663
HA|PP755589.1|A/cattle/Texas/24-008749-003/2024(H5N1)	338	1632
HA|PP755589.1|A/cattle/Texas/24-008749-003/2024(H5N1)	339	1632
HA|PP755589.1|A/cattle/Texas/24-008749-003/2024(H5N1)	340	1623
HA|PP755589.1|A/cattle/Texas/24-008749-003/2024(H5N1)	341	1633
HA|PP755589.1|A/cattle/Texas/24-008749-003/2024(H5N1)	342	1629
HA|PP755589.1|A/cattle/Texas/24-008749-003/2024(H5N1)	343	1628
HA|PP755589.1|A/cattle/Texas/24-008749-003/2024(H5N1)	344	1637
HA|PP755589.1|A/cattle/Texas/24-008749-003/2024(H5N1)	345	1634
HA|PP755589.1|A/cattle/Texas/24-008749-003/2024(H5N1)	346	1641
HA|PP755589.1|A/cattle/Texas/24-008749-003/2024(H5N1)	347	1677
HA|PP755589.1|A/cattle/Texas/24-008749-003/2024(H5N1)	348	1670
HA|PP755589.1|A/cattle/Texas/24-008749-003/2024(H5N1)	349	1646
HA|PP755589.1|A/cattle/Texas/24-008749-003/2024(H5N1)	350	1627
HA|PP755589.1|A/cattle/Texas/24-008749-003/2024(H5N1)	351	1634
HA|PP755589.1|A/cattle/Texas/24-008749-003/2024(H5N1)	352	1638
HA|PP755589.1|A/cattle/Texas/24-008749-003/2024(H5N1)	353	1644
HA|PP755589.1|A/cattle/Texas/24-008749-003/2024(H5N1)	354	1645
HA|PP755589.1|A/cattle/Texas/24-008749-003/2024(H5N1)	355	1651
HA|PP755589.1|A/cattle/Texas/24-008749-003/2024(H5N1)	356	1648
HA|PP755589.1|A/cattle/Texas/24-008749-003/2024(H5N1)	357	1639
HA|PP755589.1|A/cattle/Texas/24-008749-003/2024(H5N1)	358	1641
HA|PP755589.1|A/cattle/Texas/24-008749-003/2024(H5N1)	359	1639
HA|PP755589.1|A/cattle/Texas/24-008749-003/2024(H5N1)	360	1645
HA|PP755589.1|A/cattle/Texas/24-008749-003/2024(H5N1)	361	1622
HA|PP755589.1|A/cattle/Texas/24-008749-003/2024(H5N1)	362	1614
HA|PP755589.1|A/cattle/Texas/24-008749-003/2024(H5N1)	363	1617
HA|PP755589.1|A/cattle/Texas/24-008749-003/2024(H5N1)	364	1601
HA|PP755589.1|A/cattle/Texas/24-008749-003/2024(H5N1)	365	1601
HA|PP755589.1|A/cattle/Texas/24-008749-003/2024(H5N1)	366	1572
HA|PP755589.1|A/cattle/Texas/24-008749-003/2024(H5N1)	367	1549
HA|PP755589.1|A/cattle/Texas/24-008749-003/2024(H5N1)	368	1580
HA|PP755589.1|A/cattle/Texas/24-008749-003/2024(H5N1)	369	1576
HA|PP755589.1|A/cattle/Texas/24-008749-003/2024(H5N1)	370	1625
HA|PP755589.1|A/cattle/Texas/24-008749-003/2024(H5N1)	371	1624
HA|PP755589.1|A/cattle/Texas/24-008749-003/2024(H5N1)	372	1601
HA|PP755589.1|A/cattle/Texas/24-008749-003/2024(H5N1)	373	1600
HA|PP755589.1|A/cattle/Texas/24-008749-003/2024(H5N1)	374	1600
HA|PP755589.1|A/cattle/Texas/24-008749-003/2024(H5N1)	375	1600
HA|PP755589.1|A/cattle/Texas/24-008749-003/2024(H5N1)	376	1601
HA|PP755589.1|A/cattle/Texas/24-008749-003/2024(H5N1)	377	1560
HA|PP755589.1|A/cattle/Texas/24-008749-003/2024(H5N1)	378	1560
HA|PP755589.1|A/cattle/Texas/24-008749-003/2024(H5N1)	379	1554
HA|PP755589.1|A/cattle/Texas/24-008749-003/2024(H5N1)	380	1549
HA|PP755589.1|A/cattle/Texas/24-008749-003/2024(H5N1)	381	1553
HA|PP755589.1|A/cattle/Texas/24-008749-003/2024(H5N1)	382	1544
HA|PP755589.1|A/cattle/Texas/24-008749-003/2024(H5N1)	383	1588
HA|PP755589.1|A/cattle/Texas/24-008749-003/2024(H5N1)	384	1587
HA|PP755589.1|A/cattle/Texas/24-008749-003/2024(H5N1)	385	1580
HA|PP755589.1|A/cattle/Texas/24-008749-003/2024(H5N1)	386	1581
HA|PP755589.1|A/cattle/Texas/24-008749-003/2024(H5N1)	387	1601
HA|PP755589.1|A/cattle/Texas/24-008749-003/2024(H5N1)	388	1620
HA|PP755589.1|A/cattle/Texas/24-008749-003/2024(H5N1)	389	1613
HA|PP755589.1|A/cattle/Texas/24-008749-003/2024(H5N1)	390	1611
HA|PP755589.1|A/cattle/Texas/24-008749-003/2024(H5N1)	391	1600
HA|PP755589.1|A/cattle/Texas/24-008749-003/2024(H5N1)	392	1600
HA|PP755589.1|A/cattle/Texas/24-008749-003/2024(H5N1)	393	1614
HA|PP755589.1|A/cattle/Texas/24-008749-003/2024(H5N1)	394	1640
HA|PP755589.1|A/cattle/Texas/24-008749-003/2024(H5N1)	395	1645
HA|PP755589.1|A/cattle/Texas/24-008749-003/2024(H5N1)	396	1614
HA|PP755589.1|A/cattle/Texas/24-008749-003/2024(H5N1)	397	1594
HA|PP755589.1|A/cattle/Texas/24-008749-003/2024(H5N1)	398	1668
HA|PP755589.1|A/cattle/Texas/24-008749-003/2024(H5N1)	399	1681
HA|PP755589.1|A/cattle/Texas/24-008749-003/2024(H5N1)	400	1688
HA|PP755589.1|A/cattle/Texas/24-008749-003/2024(H5N1)	401	1688
HA|PP755589.1|A/cattle/Texas/24-008749-003/2024(H5N1)	402	1688
HA|PP755589.1|A/cattle/Texas/24-008749-003/2024(H5N1)	403	1694
HA|PP755589.1|A/cattle/Texas/24-008749-003/2024(H5N1)	404	1687
HA|PP755589.1|A/cattle/Texas/24-008749-003/2024(H5N1)	405	1687
HA|PP755589.1|A/cattle/Texas/24-008749-003/2024(H5N1)	406	1660
HA|PP755589.1|A/cattle/Texas/24-008749-003/2024(H5N1)	407	1662
HA|PP755589.1|A/cattle/Texas/24-008749-003/2024(H5N1)	408	1656
HA|PP755589.1|A/cattle/Texas/24-008749-003/2024(H5N1)	409	1646
HA|PP755589.1|A/cattle/Texas/24-008749-003/2024(H5N1)	410	1646
HA|PP755589.1|A/cattle/Texas/24-008749-003/2024(H5N1)	411	1645
HA|PP755589.1|A/cattle/Texas/24-008749-003/2024(H5N1)	412	1645
HA|PP755589.1|A/cattle/Texas/24-008749-003/2024(H5N1)	413	1651
HA|PP755589.1|A/cattle/Texas/24-008749-003/2024(H5N1)	414	1650
HA|PP755589.1|A/cattle/Texas/24-008749-003/2024(H5N1)	415	1630
HA|PP755589.1|A/cattle/Texas/24-008749-003/2024(H5N1)	416	1622
HA|PP755589.1|A/cattle/Texas/24-008749-003/2024(H5N1)	417	1617
HA|PP755589.1|A/cattle/Texas/24-008749-003/2024(H5N1)	418	1620
HA|PP755589.1|A/cattle/Texas/24-008749-003/2024(H5N1)	419	1632
HA|PP755589.1|A/cattle/Texas/24-008749-003/2024(H5N1)	420	1643
HA|PP755589.1|A/cattle/Texas/24-008749-003/2024(H5N1)	421	1700
HA|PP755589.1|A/cattle/Texas/24-008749-003/2024(H5N1)	422	1699
HA|PP755589.1|A/cattle/Texas/24-008749-003/2024(H5N1)	423	1705
HA|PP755589.1|A/cattle/Texas/24-008749-003/2024(H5N1)	424	1705
HA|PP755589.1|A/cattle/Texas/24-008749-003/2024(H5N1)	425	1712
HA|PP755589.1|A/cattle/Texas/24-008749-003/2024(H5N1)	426	1716
HA|PP755589.1|A/cattle/Texas/24-008749-003/2024(H5N1)	427	1570
HA|PP755589.1|A/cattle/Texas/24-008749-003/2024(H5N1)	428	1595
HA|PP755589.1|A/cattle/Texas/24-008749-003/2024(H5N1)	429	1603
HA|PP755589.1|A/cattle/Texas/24-008749-003/2024(H5N1)	430	1607
HA|PP755589.1|A/cattle/Texas/24-008749-003/2024(H5N1)	431	1666
HA|PP755589.1|A/cattle/Texas/24-008749-003/2024(H5N1)	432	1667
HA|PP755589.1|A/cattle/Texas/24-008749-003/2024(H5N1)	433	1674
HA|PP755589.1|A/cattle/Texas/24-008749-003/2024(H5N1)	434	1670
HA|PP755589.1|A/cattle/Texas/24-008749-003/2024(H5N1)	435	1670
HA|PP755589.1|A/cattle/Texas/24-008749-003/2024(H5N1)	436	1673
HA|PP755589.1|A/cattle/Texas/24-008749-003/2024(H5N1)	437	1655
HA|PP755589.1|A/cattle/Texas/24-008749-003/2024(H5N1)	438	1665
HA|PP755589.1|A/cattle/Texas/24-008749-003/2024(H5N1)	439	1661
HA|PP755589.1|A/cattle/Texas/24-008749-003/2024(H5N1)	440	1558
HA|PP755589.1|A/cattle/Texas/24-008749-003/2024(H5N1)	441	1577
HA|PP755589.1|A/cattle/Texas/24-008749-003/2024(H5N1)	442	1560
HA|PP755589.1|A/cattle/Texas/24-008749-003/2024(H5N1)	443	1560
HA|PP755589.1|A/cattle/Texas/24-008749-003/2024(H5N1)	444	1503
HA|PP755589.1|A/cattle/Texas/24-008749-003/2024(H5N1)	445	1494
HA|PP755589.1|A/cattle/Texas/24-008749-003/2024(H5N1)	446	1510
HA|PP755589.1|A/cattle/Texas/24-008749-003/2024(H5N1)	447	1500
HA|PP755589.1|A/cattle/Texas/24-008749-003/2024(H5N1)	448	1500
HA|PP755589.1|A/cattle/Texas/24-008749-003/2024(H5N1)	449	1518
HA|PP755589.1|A/cattle/Texas/24-008749-003/2024(H5N1)	450	1508
HA|PP755589.1|A/cattle/Texas/24-008749-003/2024(H5N1)	451	1522
HA|PP755589.1|A/cattle/Texas/24-008749-003/2024(H5N1)	452	1581
HA|PP755589.1|A/cattle/Texas/24-008749-003/2024(H5N1)	453	1586
HA|PP755589.1|A/cattle/Texas/24-008749-003/2024(H5N1)	454	1611
HA|PP755589.1|A/cattle/Texas/24-008749-003/2024(H5N1)	455	1587
HA|PP755589.1|A/cattle/Texas/24-008749-003/2024(H5N1)	456	1632
HA|PP755589.1|A/cattle/Texas/24-008749-003/2024(H5N1)	457	1649
HA|PP755589.1|A/cattle/Texas/24-008749-003/2024(H5N1)	458	1650
HA|PP755589.1|A/cattle/Texas/24-008749-003/2024(H5N1)	459	1661
HA|PP755589.1|A/cattle/Texas/24-008749-003/2024(H5N1)	460	1650
HA|PP755589.1|A/cattle/Texas/24-008749-003/2024(H5N1)	461	1578
HA|PP755589.1|A/cattle/Texas/24-008749-003/2024(H5N1)	462	1591
HA|PP755589.1|A/cattle/Texas/24-008749-003/2024(H5N1)	463	1588
HA|PP755589.1|A/cattle/Texas/24-008749-003/2024(H5N1)	464	1588
HA|PP755589.1|A/cattle/Texas/24-008749-003/2024(H5N1)	465	1546
HA|PP755589.1|A/cattle/Texas/24-008749-003/2024(H5N1)	466	1486
HA|PP755589.1|A/cattle/Texas/24-008749-003/2024(H5N1)	467	1502
HA|PP755589.1|A/cattle/Texas/24-008749-003/2024(H5N1)	468	1486
HA|PP755589.1|A/cattle/Texas/24-008749-003/2024(H5N1)	469	1486
HA|PP755589.1|A/cattle/Texas/24-008749-003/2024(H5N1)	470	1448
HA|PP755589.1|A/cattle/Texas/24-008749-003/2024(H5N1)	471	1445
HA|PP755589.1|A/cattle/Texas/24-008749-003/2024(H5N1)	472	1440
HA|PP755589.1|A/cattle/Texas/24-008749-003/2024(H5N1)	473	1441
HA|PP755589.1|A/cattle/Texas/24-008749-003/2024(H5N1)	474	1442
HA|PP755589.1|A/cattle/Texas/24-008749-003/2024(H5N1)	475	1436
HA|PP755589.1|A/cattle/Texas/24-008749-003/2024(H5N1)	476	1441
HA|PP755589.1|A/cattle/Texas/24-008749-003/2024(H5N1)	477	1457
HA|PP755589.1|A/cattle/Texas/24-008749-003/2024(H5N1)	478	1454
HA|PP755589.1|A/cattle/Texas/24-008749-003/2024(H5N1)	479	1456
HA|PP755589.1|A/cattle/Texas/24-008749-003/2024(H5N1)	480	1426
HA|PP755589.1|A/cattle/Texas/24-008749-003/2024(H5N1)	481	1423
HA|PP755589.1|A/cattle/Texas/24-008749-003/2024(H5N1)	482	1414
HA|PP755589.1|A/cattle/Texas/24-008749-003/2024(H5N1)	483	1406
HA|PP755589.1|A/cattle/Texas/24-008749-003/2024(H5N1)	484	1410
HA|PP755589.1|A/cattle/Texas/24-008749-003/2024(H5N1)	485	1420
HA|PP755589.1|A/cattle/Texas/24-008749-003/2024(H5N1)	486	1421
HA|PP755589.1|A/cattle/Texas/24-008749-003/2024(H5N1)	487	1431
HA|PP755589.1|A/cattle/Texas/24-008749-003/2024(H5N1)	488	1432
HA|PP755589.1|A/cattle/Texas/24-008749-003/2024(H5N1)	489	1439
HA|PP755589.1|A/cattle/Texas/24-008749-003/2024(H5N1)	490	1446
HA|PP755589.1|A/cattle/Texas/24-008749-003/2024(H5N1)	491	1449
HA|PP755589.1|A/cattle/Texas/24-008749-003/2024(H5N1)	492	1442
HA|PP755589.1|A/cattle/Texas/24-008749-003/2024(H5N1)	493	1453
HA|PP755589.1|A/cattle/Texas/24-008749-003/2024(H5N1)	494	1451
HA|PP755589.1|A/cattle/Texas/24-008749-003/2024(H5N1)	495	1459
HA|PP755589.1|A/cattle/Texas/24-008749-003/2024(H5N1)	496	1434
HA|PP755589.1|A/cattle/Texas/24-008749-003/2024(H5N1)	497	1434
HA|PP755589.1|A/cattle/Texas/24-008749-003/2024(H5N1)	498	1424
HA|PP755589.1|A/cattle/Texas/24-008749-003/2024(H5N1)	499	1425
HA|PP755589.1|A/cattle/Texas/24-008749-003/2024(H5N1)	500	1420
HA|PP755589.1|A/cattle/Texas/24-008749-003/2024(H5N1)	501	1416
HA|PP755589.1|A/cattle/Texas/24-008749-003/2024(H5N1)	502	1419
HA|PP755589.1|A/cattle/Texas/24-008749-003/2024(H5N1)	503	1419
HA|PP755589.1|A/cattle/Texas/24-008749-003/2024(H5N1)	504	1413
HA|PP755589.1|A/cattle/Texas/24-008749-003/2024(H5N1)	505	1413
HA|PP755589.1|A/cattle/Texas/24-008749-003/2024(H5N1)	506	1400
HA|PP755589.1|A/cattle/Texas/24-008749-003/2024(H5N1)	507	1417
HA|PP755589.1|A/cattle/Texas/24-008749-003/2024(H5N1)	508	1409
HA|PP755589.1|A/cattle/Texas/24-008749-003/2024(H5N1)	509	1402
HA|PP755589.1|A/cattle/Texas/24-008749-003/2024(H5N1)	510	1398
HA|PP755589.1|A/cattle/Texas/24-008749-003/2024(H5N1)	511	1395
HA|PP755589.1|A/cattle/Texas/24-008749-003/2024(H5N1)	512	1448
HA|PP755589.1|A/cattle/Texas/24-008749-003/2024(H5N1)	513	1448
HA|PP755589.1|A/cattle/Texas/24-008749-003/2024(H5N1)	514	1443
HA|PP755589.1|A/cattle/Texas/24-008749-003/2024(H5N1)	515	1443
HA|PP755589.1|A/cattle/Texas/24-008749-003/2024(H5N1)	516	1453
HA|PP755589.1|A/cattle/Texas/24-008749-003/2024(H5N1)	517	1481
HA|PP755589.1|A/cattle/Texas/24-008749-003/2024(H5N1)	518	1481
HA|PP755589.1|A/cattle/Texas/24-008749-003/2024(H5N1)	519	1463
HA|PP755589.1|A/cattle/Texas/24-008749-003/2024(H5N1)	520	1463
HA|PP755589.1|A/cattle/Texas/24-008749-003/2024(H5N1)	521	1416
HA|PP755589.1|A/cattle/Texas/24-008749-003/2024(H5N1)	522	1433
HA|PP755589.1|A/cattle/Texas/24-008749-003/2024(H5N1)	523	1440
HA|PP755589.1|A/cattle/Texas/24-008749-003/2024(H5N1)	524	1495
HA|PP755589.1|A/cattle/Texas/24-008749-003/2024(H5N1)	525	1488
HA|PP755589.1|A/cattle/Texas/24-008749-003/2024(H5N1)	526	1486
HA|PP755589.1|A/cattle/Texas/24-008749-003/2024(H5N1)	527	1490
HA|PP755589.1|A/cattle/Texas/24-008749-003/2024(H5N1)	528	1480
HA|PP755589.1|A/cattle/Texas/24-008749-003/2024(H5N1)	529	1491
HA|PP755589.1|A/cattle/Texas/24-008749-003/2024(H5N1)	530	1500
HA|PP755589.1|A/cattle/Texas/24-008749-003/2024(H5N1)	531	1503
HA|PP755589.1|A/cattle/Texas/24-008749-003/2024(H5N1)	532	1499
HA|PP755589.1|A/cattle/Texas/24-008749-003/2024(H5N1)	533	1447
HA|PP755589.1|A/cattle/Texas/24-008749-003/2024(H5N1)	534	1446
HA|PP755589.1|A/cattle/Texas/24-008749-003/2024(H5N1)	535	1467
HA|PP755589.1|A/cattle/Texas/24-008749-003/2024(H5N1)	536	1497
HA|PP755589.1|A/cattle/Texas/24-008749-003/2024(H5N1)	537	1478
HA|PP755589.1|A/cattle/Texas/24-008749-003/2024(H5N1)	538	1482
HA|PP755589.1|A/cattle/Texas/24-008749-003/2024(H5N1)	539	1488
HA|PP755589.1|A/cattle/Texas/24-008749-003/2024(H5N1)	540	1563
HA|PP755589.1|A/cattle/Texas/24-008749-003/2024(H5N1)	541	1563
HA|PP755589.1|A/cattle/Texas/24-008749-003/2024(H5N1)	542	1565
HA|PP755589.1|A/cattle/Texas/24-008749-003/2024(H5N1)	543	1564
HA|PP755589.1|A/cattle/Texas/24-008749-003/2024(H5N1)	544	1528
HA|PP755589.1|A/cattle/Texas/24-008749-003/2024(H5N1)	545	1529
HA|PP755589.1|A/cattle/Texas/24-008749-003/2024(H5N1)	546	1521
HA|PP755589.1|A/cattle/Texas/24-008749-003/2024(H5N1)	547	1522
HA|PP755589.1|A/cattle/Texas/24-008749-003/2024(H5N1)	548	1494
HA|PP755589.1|A/cattle/Texas/24-008749-003/2024(H5N1)	549	1446
HA|PP755589.1|A/cattle/Texas/24-008749-003/2024(H5N1)	550	1450
HA|PP755589.1|A/cattle/Texas/24-008749-003/2024(H5N1)	551	1440
HA|PP755589.1|A/cattle/Texas/24-008749-003/2024(H5N1)	552	1440
HA|PP755589.1|A/cattle/Texas/24-008749-003/2024(H5N1)	553	1445
HA|PP755589.1|A/cattle/Texas/24-008749-003/2024(H5N1)	554	1441
HA|PP755589.1|A/cattle/Texas/24-008749-003/2024(H5N1)	555	1455
HA|PP755589.1|A/cattle/Texas/24-008749-003/2024(H5N1)	556	1456
HA|PP755589.1|A/cattle/Texas/24-008749-003/2024(H5N1)	557	1453
HA|PP755589.1|A/cattle/Texas/24-008749-003/2024(H5N1)	558	1450
HA|PP755589.1|A/cattle/Texas/24-008749-003/2024(H5N1)	559	1455
HA|PP755589.1|A/cattle/Texas/24-008749-003/2024(H5N1)	560	1468
HA|PP755589.1|A/cattle/Texas/24-008749-003/2024(H5N1)	561	1497
HA|PP755589.1|A/cattle/Texas/24-008749-003/2024(H5N1)	562	1512
HA|PP755589.1|A/cattle/Texas/24-008749-003/2024(H5N1)	563	1548
HA|PP755589.1|A/cattle/Texas/24-008749-003/2024(H5N1)	564	1584
HA|PP755589.1|A/cattle/Texas/24-008749-003/2024(H5N1)	565	1585
HA|PP755589.1|A/cattle/Texas/24-008749-003/2024(H5N1)	566	1588
HA|PP755589.1|A/cattle/Texas/24-008749-003/2024(H5N1)	567	1588
HA|PP755589.1|A/cattle/Texas/24-008749-003/2024(H5N1)	568	1604
HA|PP755589.1|A/cattle/Texas/24-008749-003/2024(H5N1)	569	1599
HA|PP755589.1|A/cattle/Texas/24-008749-003/2024(H5N1)	570	1594
HA|PP755589.1|A/cattle/Texas/24-008749-003/2024(H5N1)	571	1601
HA|PP755589.1|A/cattle/Texas/24-008749-003/2024(H5N1)	572	1581
HA|PP755589.1|A/cattle/Texas/24-008749-003/2024(H5N1)	573	1624
HA|PP755589.1|A/cattle/Texas/24-008749-003/2024(H5N1)	574	1621
HA|PP755589.1|A/cattle/Texas/24-008749-003/2024(H5N1)	575	1617
HA|PP755589.1|A/cattle/Texas/24-008749-003/2024(H5N1)	576	1614
HA|PP755589.1|A/cattle/Texas/24-008749-003/2024(H5N1)	577	1598
HA|PP755589.1|A/cattle/Texas/24-008749-003/2024(H5N1)	578	1623
HA|PP755589.1|A/cattle/Texas/24-008749-003/2024(H5N1)	579	1594
HA|PP755589.1|A/cattle/Texas/24-008749-003/2024(H5N1)	580	1598
HA|PP755589.1|A/cattle/Texas/24-008749-003/2024(H5N1)	581	1594
HA|PP755589.1|A/cattle/Texas/24-008749-003/2024(H5N1)	582	1490
HA|PP755589.1|A/cattle/Texas/24-008749-003/2024(H5N1)	583	1480
HA|PP755589.1|A/cattle/Texas/24-008749-003/2024(H5N1)	584	1474
HA|PP755589.1|A/cattle/Texas/24-008749-003/2024(H5N1)	585	1503
HA|PP755589.1|A/cattle/Texas/24-008749-003/2024(H5N1)	586	1496
HA|PP755589.1|A/cattle/Texas/24-008749-003/2024(H5N1)	587	1475
HA|PP755589.1|A/cattle/Texas/24-008749-003/2024(H5N1)	588	1482
HA|PP755589.1|A/cattle/Texas/24-008749-003/2024(H5N1)	589	1469
HA|PP755589.1|A/cattle/Texas/24-008749-003/2024(H5N1)	590	1586
HA|PP755589.1|A/cattle/Texas/24-008749-003/2024(H5N1)	591	1593
HA|PP755589.1|A/cattle/Texas/24-008749-003/2024(H5N1)	592	1587
HA|PP755589.1|A/cattle/Texas/24-008749-003/2024(H5N1)	593	1587
HA|PP755589.1|A/cattle/Texas/24-008749-003/2024(H5N1)	594	1595
HA|PP755589.1|A/cattle/Texas/24-008749-003/2024(H5N1)	595	1592
HA|PP755589.1|A/cattle/Texas/24-008749-003/2024(H5N1)	596	1652
HA|PP755589.1|A/cattle/Texas/24-008749-003/2024(H5N1)	597	1618
HA|PP755589.1|A/cattle/Texas/24-008749-003/2024(H5N1)	598	1625
HA|PP755589.1|A/cattle/Texas/24-008749-003/2024(H5N1)	599	1631
HA|PP755589.1|A/cattle/Texas/24-008749-003/2024(H5N1)	600	1622
HA|PP755589.1|A/cattle/Texas/24-008749-003/2024(H5N1)	601	1623
HA|PP755589.1|A/cattle/Texas/24-008749-003/2024(H5N1)	602	1650
HA|PP755589.1|A/cattle/Texas/24-008749-003/2024(H5N1)	603	1586
HA|PP755589.1|A/cattle/Texas/24-008749-003/2024(H5N1)	604	1602
HA|PP755589.1|A/cattle/Texas/24-008749-003/2024(H5N1)	605	1551
HA|PP755589.1|A/cattle/Texas/24-008749-003/2024(H5N1)	606	1559
HA|PP755589.1|A/cattle/Texas/24-008749-003/2024(H5N1)	607	1510
HA|PP755589.1|A/cattle/Texas/24-008749-003/2024(H5N1)	608	1511
HA|PP755589.1|A/cattle/Texas/24-008749-003/2024(H5N1)	609	1523
HA|PP755589.1|A/cattle/Texas/24-008749-003/2024(H5N1)	610	1519
HA|PP755589.1|A/cattle/Texas/24-008749-003/2024(H5N1)	611	1527
HA|PP755589.1|A/cattle/Texas/24-008749-003/2024(H5N1)	612	1523
HA|PP755589.1|A/cattle/Texas/24-008749-003/2024(H5N1)	613	1511
HA|PP755589.1|A/cattle/Texas/24-008749-003/2024(H5N1)	614	1511
HA|PP755589.1|A/cattle/Texas/24-008749-003/2024(H5N1)	615	1511
HA|PP755589.1|A/cattle/Texas/24-008749-003/2024(H5N1)	616	1569
HA|PP755589.1|A/cattle/Texas/24-008749-003/2024(H5N1)	617	1550
HA|PP755589.1|A/cattle/Texas/24-008749-003/2024(H5N1)	618	1558
HA|PP755589.1|A/cattle/Texas/24-008749-003/2024(H5N1)	619	1558
HA|PP755589.1|A/cattle/Texas/24-008749-003/2024(H5N1)	620	1566
HA|PP755589.1|A/cattle/Texas/24-008749-003/2024(H5N1)	621	1568
HA|PP755589.1|A/cattle/Texas/24-008749-003/2024(H5N1)	622	1564
HA|PP755589.1|A/cattle/Texas/24-008749-003/2024(H5N1)	623	1562
HA|PP755589.1|A/cattle/Texas/24-008749-003/2024(H5N1)	624	1569
HA|PP755589.1|A/cattle/Texas/24-008749-003/2024(H5N1)	625	1569
HA|PP755589.1|A/cattle/Texas/24-008749-003/2024(H5N1)	626	1572
HA|PP755589.1|A/cattle/Texas/24-008749-003/2024(H5N1)	627	1580
HA|PP755589.1|A/cattle/Texas/24-008749-003/2024(H5N1)	628	1562
HA|PP755589.1|A/cattle/Texas/24-008749-003/2024(H5N1)	629	1558
HA|PP755589.1|A/cattle/Texas/24-008749-003/2024(H5N1)	630	1556
HA|PP755589.1|A/cattle/Texas/24-008749-003/2024(H5N1)	631	1566
HA|PP755589.1|A/cattle/Texas/24-008749-003/2024(H5N1)	632	1568
HA|PP755589.1|A/cattle/Texas/24-008749-003/2024(H5N1)	633	1567
HA|PP755589.1|A/cattle/Texas/24-008749-003/2024(H5N1)	634	1562
HA|PP755589.1|A/cattle/Texas/24-008749-003/2024(H5N1)	635	1565
HA|PP755589.1|A/cattle/Texas/24-008749-003/2024(H5N1)	636	1551
HA|PP755589.1|A/cattle/Texas/24-008749-003/2024(H5N1)	637	1548
HA|PP755589.1|A/cattle/Texas/24-008749-003/2024(H5N1)	638	1562
HA|PP755589.1|A/cattle/Texas/24-008749-003/2024(H5N1)	639	1564
HA|PP755589.1|A/cattle/Texas/24-008749-003/2024(H5N1)	640	1557
HA|PP755589.1|A/cattle/Texas/24-008749-003/2024(H5N1)	641	1561
HA|PP755589.1|A/cattle/Texas/24-008749-003/2024(H5N1)	642	1547
HA|PP755589.1|A/cattle/Texas/24-008749-003/2024(H5N1)	643	1545
HA|PP755589.1|A/cattle/Texas/24-008749-003/2024(H5N1)	644	1522
HA|PP755589.1|A/cattle/Texas/24-008749-003/2024(H5N1)	645	1522
HA|PP755589.1|A/cattle/Texas/24-008749-003/2024(H5N1)	646	1521
HA|PP755589.1|A/cattle/Texas/24-008749-003/2024(H5N1)	647	1519
HA|PP755589.1|A/cattle/Texas/24-008749-003/2024(H5N1)	648	1512
HA|PP755589.1|A/cattle/Texas/24-008749-003/2024(H5N1)	649	1511
HA|PP755589.1|A/cattle/Texas/24-008749-003/2024(H5N1)	650	1507
HA|PP755589.1|A/cattle/Texas/24-008749-003/2024(H5N1)	651	1571
HA|PP755589.1|A/cattle/Texas/24-008749-003/2024(H5N1)	652	1582
HA|PP755589.1|A/cattle/Texas/24-008749-003/2024(H5N1)	653	1587
HA|PP755589.1|A/cattle/Texas/24-008749-003/2024(H5N1)	654	1595
HA|PP755589.1|A/cattle/Texas/24-008749-003/2024(H5N1)	655	1589
HA|PP755589.1|A/cattle/Texas/24-008749-003/2024(H5N1)	656	1600
HA|PP755589.1|A/cattle/Texas/24-008749-003/2024(H5N1)	657	1623
HA|PP755589.1|A/cattle/Texas/24-008749-003/2024(H5N1)	658	1625
HA|PP755589.1|A/cattle/Texas/24-008749-003/2024(H5N1)	659	1663
HA|PP755589.1|A/cattle/Texas/24-008749-003/2024(H5N1)	660	1662
HA|PP755589.1|A/cattle/Texas/24-008749-003/2024(H5N1)	661	1661
HA|PP755589.1|A/cattle/Texas/24-008749-003/2024(H5N1)	662	1656
HA|PP755589.1|A/cattle/Texas/24-008749-003/2024(H5N1)	663	1614
HA|PP755589.1|A/cattle/Texas/24-008749-003/2024(H5N1)	664	1651
HA|PP755589.1|A/cattle/Texas/24-008749-003/2024(H5N1)	665	1661
HA|PP755589.1|A/cattle/Texas/24-008749-003/2024(H5N1)	666	1667
HA|PP755589.1|A/cattle/Texas/24-008749-003/2024(H5N1)	667	1646
HA|PP755589.1|A/cattle/Texas/24-008749-003/2024(H5N1)	668	1610
HA|PP755589.1|A/cattle/Texas/24-008749-003/2024(H5N1)	669	1616
HA|PP755589.1|A/cattle/Texas/24-008749-003/2024(H5N1)	670	1604
HA|PP755589.1|A/cattle/Texas/24-008749-003/2024(H5N1)	671	1613
HA|PP755589.1|A/cattle/Texas/24-008749-003/2024(H5N1)	672	1611
HA|PP755589.1|A/cattle/Texas/24-008749-003/2024(H5N1)	673	1593
HA|PP755589.1|A/cattle/Texas/24-008749-003/2024(H5N1)	674	1585
HA|PP755589.1|A/cattle/Texas/24-008749-003/2024(H5N1)	675	1531
HA|PP755589.1|A/cattle/Texas/24-008749-003/2024(H5N1)	676	1536
HA|PP755589.1|A/cattle/Texas/24-008749-003/2024(H5N1)	677	1536
HA|PP755589.1|A/cattle/Texas/24-008749-003/2024(H5N1)	678	1532
HA|PP755589.1|A/cattle/Texas/24-008749-003/2024(H5N1)	679	1542
HA|PP755589.1|A/cattle/Texas/24-008749-003/2024(H5N1)	680	1516
HA|PP755589.1|A/cattle/Texas/24-008749-003/2024(H5N1)	681	1523
HA|PP755589.1|A/cattle/Texas/24-008749-003/2024(H5N1)	682	1527
HA|PP755589.1|A/cattle/Texas/24-008749-003/2024(H5N1)	683	1527
HA|PP755589.1|A/cattle/Texas/24-008749-003/2024(H5N1)	684	1527
HA|PP755589.1|A/cattle/Texas/24-008749-003/2024(H5N1)	685	1525
HA|PP755589.1|A/cattle/Texas/24-008749-003/2024(H5N1)	686	1519
HA|PP755589.1|A/cattle/Texas/24-008749-003/2024(H5N1)	687	1493
HA|PP755589.1|A/cattle/Texas/24-008749-003/2024(H5N1)	688	1489
HA|PP755589.1|A/cattle/Texas/24-008749-003/2024(H5N1)	689	1450
HA|PP755589.1|A/cattle/Texas/24-008749-003/2024(H5N1)	690	1450
HA|PP755589.1|A/cattle/Texas/24-008749-003/2024(H5N1)	691	1493
HA|PP755589.1|A/cattle/Texas/24-008749-003/2024(H5N1)	692	1491
HA|PP755589.1|A/cattle/Texas/24-008749-003/2024(H5N1)	693	1491
HA|PP755589.1|A/cattle/Texas/24-008749-003/2024(H5N1)	694	1490
HA|PP755589.1|A/cattle/Texas/24-008749-003/2024(H5N1)	695	1495
HA|PP755589.1|A/cattle/Texas/24-008749-003/2024(H5N1)	696	1519
HA|PP755589.1|A/cattle/Texas/24-008749-003/2024(H5N1)	697	1518
HA|PP755589.1|A/cattle/Texas/24-008749-003/2024(H5N1)	698	1512
HA|PP755589.1|A/cattle/Texas/24-008749-003/2024(H5N1)	699	1516
HA|PP755589.1|A/cattle/Texas/24-008749-003/2024(H5N1)	700	1485
HA|PP755589.1|A/cattle/Texas/24-008749-003/2024(H5N1)	701	1491
HA|PP755589.1|A/cattle/Texas/24-008749-003/2024(H5N1)	702	1493
HA|PP755589.1|A/cattle/Texas/24-008749-003/2024(H5N1)	703	1506
HA|PP755589.1|A/cattle/Texas/24-008749-003/2024(H5N1)	704	1502
HA|PP755589.1|A/cattle/Texas/24-008749-003/2024(H5N1)	705	1484
HA|PP755589.1|A/cattle/Texas/24-008749-003/2024(H5N1)	706	1493
HA|PP755589.1|A/cattle/Texas/24-008749-003/2024(H5N1)	707	1494
HA|PP755589.1|A/cattle/Texas/24-008749-003/2024(H5N1)	708	1499
HA|PP755589.1|A/cattle/Texas/24-008749-003/2024(H5N1)	709	1484
HA|PP755589.1|A/cattle/Texas/24-008749-003/2024(H5N1)	710	1485
HA|PP755589.1|A/cattle/Texas/24-008749-003/2024(H5N1)	711	1483
HA|PP755589.1|A/cattle/Texas/24-008749-003/2024(H5N1)	712	1467
HA|PP755589.1|A/cattle/Texas/24-008749-003/2024(H5N1)	713	1472
HA|PP755589.1|A/cattle/Texas/24-008749-003/2024(H5N1)	714	1625
HA|PP755589.1|A/cattle/Texas/24-008749-003/2024(H5N1)	715	1628
HA|PP755589.1|A/cattle/Texas/24-008749-003/2024(H5N1)	716	1632
HA|PP755589.1|A/cattle/Texas/24-008749-003/2024(H5N1)	717	1625
HA|PP755589.1|A/cattle/Texas/24-008749-003/2024(H5N1)	718	1623
HA|PP755589.1|A/cattle/Texas/24-008749-003/2024(H5N1)	719	1618
HA|PP755589.1|A/cattle/Texas/24-008749-003/2024(H5N1)	720	1634
HA|PP755589.1|A/cattle/Texas/24-008749-003/2024(H5N1)	721	1634
HA|PP755589.1|A/cattle/Texas/24-008749-003/2024(H5N1)	722	1625
HA|PP755589.1|A/cattle/Texas/24-008749-003/2024(H5N1)	723	1574
HA|PP755589.1|A/cattle/Texas/24-008749-003/2024(H5N1)	724	1529
HA|PP755589.1|A/cattle/Texas/24-008749-003/2024(H5N1)	725	1546
HA|PP755589.1|A/cattle/Texas/24-008749-003/2024(H5N1)	726	1543
HA|PP755589.1|A/cattle/Texas/24-008749-003/2024(H5N1)	727	1565
HA|PP755589.1|A/cattle/Texas/24-008749-003/2024(H5N1)	728	1558
HA|PP755589.1|A/cattle/Texas/24-008749-003/2024(H5N1)	729	1537
HA|PP755589.1|A/cattle/Texas/24-008749-003/2024(H5N1)	730	1527
HA|PP755589.1|A/cattle/Texas/24-008749-003/2024(H5N1)	731	1531
HA|PP755589.1|A/cattle/Texas/24-008749-003/2024(H5N1)	732	1665
HA|PP755589.1|A/cattle/Texas/24-008749-003/2024(H5N1)	733	1669
HA|PP755589.1|A/cattle/Texas/24-008749-003/2024(H5N1)	734	1669
HA|PP755589.1|A/cattle/Texas/24-008749-003/2024(H5N1)	735	1658
HA|PP755589.1|A/cattle/Texas/24-008749-003/2024(H5N1)	736	1633
HA|PP755589.1|A/cattle/Texas/24-008749-003/2024(H5N1)	737	1641
HA|PP755589.1|A/cattle/Texas/24-008749-003/2024(H5N1)	738	1642
HA|PP755589.1|A/cattle/Texas/24-008749-003/2024(H5N1)	739	1652
HA|PP755589.1|A/cattle/Texas/24-008749-003/2024(H5N1)	740	1654
HA|PP755589.1|A/cattle/Texas/24-008749-003/2024(H5N1)	741	1527
HA|PP755589.1|A/cattle/Texas/24-008749-003/2024(H5N1)	742	1525
HA|PP755589.1|A/cattle/Texas/24-008749-003/2024(H5N1)	743	1548
HA|PP755589.1|A/cattle/Texas/24-008749-003/2024(H5N1)	744	1562
HA|PP755589.1|A/cattle/Texas/24-008749-003/2024(H5N1)	745	1604
HA|PP755589.1|A/cattle/Texas/24-008749-003/2024(H5N1)	746	1612
HA|PP755589.1|A/cattle/Texas/24-008749-003/2024(H5N1)	747	1564
HA|PP755589.1|A/cattle/Texas/24-008749-003/2024(H5N1)	748	1571
HA|PP755589.1|A/cattle/Texas/24-008749-003/2024(H5N1)	749	1568
HA|PP755589.1|A/cattle/Texas/24-008749-003/2024(H5N1)	750	1563
HA|PP755589.1|A/cattle/Texas/24-008749-003/2024(H5N1)	751	1562
HA|PP755589.1|A/cattle/Texas/24-008749-003/2024(H5N1)	752	1551
HA|PP755589.1|A/cattle/Texas/24-008749-003/2024(H5N1)	753	1535
HA|PP755589.1|A/cattle/Texas/24-008749-003/2024(H5N1)	754	1535
HA|PP755589.1|A/cattle/Texas/24-008749-003/2024(H5N1)	755	1522
HA|PP755589.1|A/cattle/Texas/24-008749-003/2024(H5N1)	756	1522
HA|PP755589.1|A/cattle/Texas/24-008749-003/2024(H5N1)	757	1516
HA|PP755589.1|A/cattle/Texas/24-008749-003/2024(H5N1)	758	1577
HA|PP755589.1|A/cattle/Texas/24-008749-003/2024(H5N1)	759	1573
HA|PP755589.1|A/cattle/Texas/24-008749-003/2024(H5N1)	760	1561
HA|PP755589.1|A/cattle/Texas/24-008749-003/2024(H5N1)	761	1576
HA|PP755589.1|A/cattle/Texas/24-008749-003/2024(H5N1)	762	1564
HA|PP755589.1|A/cattle/Texas/24-008749-003/2024(H5N1)	763	1579
HA|PP755589.1|A/cattle/Texas/24-008749-003/2024(H5N1)	764	1577
HA|PP755589.1|A/cattle/Texas/24-008749-003/2024(H5N1)	765	1586
HA|PP755589.1|A/cattle/Texas/24-008749-003/2024(H5N1)	766	1600
HA|PP755589.1|A/cattle/Texas/24-008749-003/2024(H5N1)	767	1535
HA|PP755589.1|A/cattle/Texas/24-008749-003/2024(H5N1)	768	1538
HA|PP755589.1|A/cattle/Texas/24-008749-003/2024(H5N1)	769	1523
HA|PP755589.1|A/cattle/Texas/24-008749-003/2024(H5N1)	770	1523
HA|PP755589.1|A/cattle/Texas/24-008749-003/2024(H5N1)	771	1516
HA|PP755589.1|A/cattle/Texas/24-008749-003/2024(H5N1)	772	1514
HA|PP755589.1|A/cattle/Texas/24-008749-003/2024(H5N1)	773	1514
HA|PP755589.1|A/cattle/Texas/24-008749-003/2024(H5N1)	774	1518
HA|PP755589.1|A/cattle/Texas/24-008749-003/2024(H5N1)	775	1512
HA|PP755589.1|A/cattle/Texas/24-008749-003/2024(H5N1)	776	1510
HA|PP755589.1|A/cattle/Texas/24-008749-003/2024(H5N1)	777	1514
HA|PP755589.1|A/cattle/Texas/24-008749-003/2024(H5N1)	778	1502
HA|PP755589.1|A/cattle/Texas/24-008749-003/2024(H5N1)	779	1509
HA|PP755589.1|A/cattle/Texas/24-008749-003/2024(H5N1)	780	1511
HA|PP755589.1|A/cattle/Texas/24-008749-003/2024(H5N1)	781	1512
HA|PP755589.1|A/cattle/Texas/24-008749-003/2024(H5N1)	782	1504
HA|PP755589.1|A/cattle/Texas/24-008749-003/2024(H5N1)	783	1507
HA|PP755589.1|A/cattle/Texas/24-008749-003/2024(H5N1)	784	1593
HA|PP755589.1|A/cattle/Texas/24-008749-003/2024(H5N1)	785	1618
HA|PP755589.1|A/cattle/Texas/24-008749-003/2024(H5N1)	786	1609
HA|PP755589.1|A/cattle/Texas/24-008749-003/2024(H5N1)	787	1627
HA|PP755589.1|A/cattle/Texas/24-008749-003/2024(H5N1)	788	1632
HA|PP755589.1|A/cattle/Texas/24-008749-003/2024(H5N1)	789	1610
HA|PP755589.1|A/cattle/Texas/24-008749-003/2024(H5N1)	790	1609
HA|PP755589.1|A/cattle/Texas/24-008749-003/2024(H5N1)	791	1612
HA|PP755589.1|A/cattle/Texas/24-008749-003/2024(H5N1)	792	1629
HA|PP755589.1|A/cattle/Texas/24-008749-003/2024(H5N1)	793	1682
HA|PP755589.1|A/cattle/Texas/24-008749-003/2024(H5N1)	794	1707
HA|PP755589.1|A/cattle/Texas/24-008749-003/2024(H5N1)	795	1704
HA|PP755589.1|A/cattle/Texas/24-008749-003/2024(H5N1)	796	1719
HA|PP755589.1|A/cattle/Texas/24-008749-003/2024(H5N1)	797	1718
HA|PP755589.1|A/cattle/Texas/24-008749-003/2024(H5N1)	798	1723
HA|PP755589.1|A/cattle/Texas/24-008749-003/2024(H5N1)	799	1761
HA|PP755589.1|A/cattle/Texas/24-008749-003/2024(H5N1)	800	1856
HA|PP755589.1|A/cattle/Texas/24-008749-003/2024(H5N1)	801	1860
HA|PP755589.1|A/cattle/Texas/24-008749-003/2024(H5N1)	802	1796
HA|PP755589.1|A/cattle/Texas/24-008749-003/2024(H5N1)	803	1788
HA|PP755589.1|A/cattle/Texas/24-008749-003/2024(H5N1)	804	1783
HA|PP755589.1|A/cattle/Texas/24-008749-003/2024(H5N1)	805	1770
HA|PP755589.1|A/cattle/Texas/24-008749-003/2024(H5N1)	806	1774
HA|PP755589.1|A/cattle/Texas/24-008749-003/2024(H5N1)	807	1772
HA|PP755589.1|A/cattle/Texas/24-008749-003/2024(H5N1)	808	1747
HA|PP755589.1|A/cattle/Texas/24-008749-003/2024(H5N1)	809	1734
HA|PP755589.1|A/cattle/Texas/24-008749-003/2024(H5N1)	810	1699
HA|PP755589.1|A/cattle/Texas/24-008749-003/2024(H5N1)	811	1703
HA|PP755589.1|A/cattle/Texas/24-008749-003/2024(H5N1)	812	1719
HA|PP755589.1|A/cattle/Texas/24-008749-003/2024(H5N1)	813	1719
HA|PP755589.1|A/cattle/Texas/24-008749-003/2024(H5N1)	814	1720
HA|PP755589.1|A/cattle/Texas/24-008749-003/2024(H5N1)	815	1690
HA|PP755589.1|A/cattle/Texas/24-008749-003/2024(H5N1)	816	1679
HA|PP755589.1|A/cattle/Texas/24-008749-003/2024(H5N1)	817	1673
HA|PP755589.1|A/cattle/Texas/24-008749-003/2024(H5N1)	818	1672
HA|PP755589.1|A/cattle/Texas/24-008749-003/2024(H5N1)	819	1676
HA|PP755589.1|A/cattle/Texas/24-008749-003/2024(H5N1)	820	1672
HA|PP755589.1|A/cattle/Texas/24-008749-003/2024(H5N1)	821	1674
HA|PP755589.1|A/cattle/Texas/24-008749-003/2024(H5N1)	822	1672
HA|PP755589.1|A/cattle/Texas/24-008749-003/2024(H5N1)	823	1669
HA|PP755589.1|A/cattle/Texas/24-008749-003/2024(H5N1)	824	1669
HA|PP755589.1|A/cattle/Texas/24-008749-003/2024(H5N1)	825	1669
HA|PP755589.1|A/cattle/Texas/24-008749-003/2024(H5N1)	826	1666
HA|PP755589.1|A/cattle/Texas/24-008749-003/2024(H5N1)	827	1668
HA|PP755589.1|A/cattle/Texas/24-008749-003/2024(H5N1)	828	1678
HA|PP755589.1|A/cattle/Texas/24-008749-003/2024(H5N1)	829	1674
HA|PP755589.1|A/cattle/Texas/24-008749-003/2024(H5N1)	830	1664
HA|PP755589.1|A/cattle/Texas/24-008749-003/2024(H5N1)	831	1664
HA|PP755589.1|A/cattle/Texas/24-008749-003/2024(H5N1)	832	1659
HA|PP755589.1|A/cattle/Texas/24-008749-003/2024(H5N1)	833	1666
HA|PP755589.1|A/cattle/Texas/24-008749-003/2024(H5N1)	834	1666
HA|PP755589.1|A/cattle/Texas/24-008749-003/2024(H5N1)	835	1693
HA|PP755589.1|A/cattle/Texas/24-008749-003/2024(H5N1)	836	1687
HA|PP755589.1|A/cattle/Texas/24-008749-003/2024(H5N1)	837	1677
HA|PP755589.1|A/cattle/Texas/24-008749-003/2024(H5N1)	838	1683
HA|PP755589.1|A/cattle/Texas/24-008749-003/2024(H5N1)	839	1677
HA|PP755589.1|A/cattle/Texas/24-008749-003/2024(H5N1)	840	1661
HA|PP755589.1|A/cattle/Texas/24-008749-003/2024(H5N1)	841	1665
HA|PP755589.1|A/cattle/Texas/24-008749-003/2024(H5N1)	842	1634
HA|PP755589.1|A/cattle/Texas/24-008749-003/2024(H5N1)	843	1638
HA|PP755589.1|A/cattle/Texas/24-008749-003/2024(H5N1)	844	1641
HA|PP755589.1|A/cattle/Texas/24-008749-003/2024(H5N1)	845	1644
HA|PP755589.1|A/cattle/Texas/24-008749-003/2024(H5N1)	846	1638
HA|PP755589.1|A/cattle/Texas/24-008749-003/2024(H5N1)	847	1610
HA|PP755589.1|A/cattle/Texas/24-008749-003/2024(H5N1)	848	1618
HA|PP755589.1|A/cattle/Texas/24-008749-003/2024(H5N1)	849	1631
HA|PP755589.1|A/cattle/Texas/24-008749-003/2024(H5N1)	850	1628
HA|PP755589.1|A/cattle/Texas/24-008749-003/2024(H5N1)	851	1638
HA|PP755589.1|A/cattle/Texas/24-008749-003/2024(H5N1)	852	1633
HA|PP755589.1|A/cattle/Texas/24-008749-003/2024(H5N1)	853	1638
HA|PP755589.1|A/cattle/Texas/24-008749-003/2024(H5N1)	854	1654
HA|PP755589.1|A/cattle/Texas/24-008749-003/2024(H5N1)	855	1665
HA|PP755589.1|A/cattle/Texas/24-008749-003/2024(H5N1)	856	1794
HA|PP755589.1|A/cattle/Texas/24-008749-003/2024(H5N1)	857	1809
HA|PP755589.1|A/cattle/Texas/24-008749-003/2024(H5N1)	858	1810
HA|PP755589.1|A/cattle/Texas/24-008749-003/2024(H5N1)	859	1835
HA|PP755589.1|A/cattle/Texas/24-008749-003/2024(H5N1)	860	1829
HA|PP755589.1|A/cattle/Texas/24-008749-003/2024(H5N1)	861	1829
HA|PP755589.1|A/cattle/Texas/24-008749-003/2024(H5N1)	862	1828
HA|PP755589.1|A/cattle/Texas/24-008749-003/2024(H5N1)	863	1831
HA|PP755589.1|A/cattle/Texas/24-008749-003/2024(H5N1)	864	1753
HA|PP755589.1|A/cattle/Texas/24-008749-003/2024(H5N1)	865	1613
HA|PP755589.1|A/cattle/Texas/24-008749-003/2024(H5N1)	866	1578
HA|PP755589.1|A/cattle/Texas/24-008749-003/2024(H5N1)	867	1620
HA|PP755589.1|A/cattle/Texas/24-008749-003/2024(H5N1)	868	1627
HA|PP755589.1|A/cattle/Texas/24-008749-003/2024(H5N1)	869	1628
HA|PP755589.1|A/cattle/Texas/24-008749-003/2024(H5N1)	870	1620
HA|PP755589.1|A/cattle/Texas/24-008749-003/2024(H5N1)	871	1604
HA|PP755589.1|A/cattle/Texas/24-008749-003/2024(H5N1)	872	1593
HA|PP755589.1|A/cattle/Texas/24-008749-003/2024(H5N1)	873	1592
HA|PP755589.1|A/cattle/Texas/24-008749-003/2024(H5N1)	874	1600
HA|PP755589.1|A/cattle/Texas/24-008749-003/2024(H5N1)	875	1612
HA|PP755589.1|A/cattle/Texas/24-008749-003/2024(H5N1)	876	1582
HA|PP755589.1|A/cattle/Texas/24-008749-003/2024(H5N1)	877	1581
HA|PP755589.1|A/cattle/Texas/24-008749-003/2024(H5N1)	878	1570
HA|PP755589.1|A/cattle/Texas/24-008749-003/2024(H5N1)	879	1571
HA|PP755589.1|A/cattle/Texas/24-008749-003/2024(H5N1)	880	1586
HA|PP755589.1|A/cattle/Texas/24-008749-003/2024(H5N1)	881	1593
HA|PP755589.1|A/cattle/Texas/24-008749-003/2024(H5N1)	882	1577
HA|PP755589.1|A/cattle/Texas/24-008749-003/2024(H5N1)	883	1459
HA|PP755589.1|A/cattle/Texas/24-008749-003/2024(H5N1)	884	1465
HA|PP755589.1|A/cattle/Texas/24-008749-003/2024(H5N1)	885	1470
HA|PP755589.1|A/cattle/Texas/24-008749-003/2024(H5N1)	886	1473
HA|PP755589.1|A/cattle/Texas/24-008749-003/2024(H5N1)	887	1510
HA|PP755589.1|A/cattle/Texas/24-008749-003/2024(H5N1)	888	1510
HA|PP755589.1|A/cattle/Texas/24-008749-003/2024(H5N1)	889	1498
HA|PP755589.1|A/cattle/Texas/24-008749-003/2024(H5N1)	890	1499
HA|PP755589.1|A/cattle/Texas/24-008749-003/2024(H5N1)	891	1497
HA|PP755589.1|A/cattle/Texas/24-008749-003/2024(H5N1)	892	1498
HA|PP755589.1|A/cattle/Texas/24-008749-003/2024(H5N1)	893	1492
HA|PP755589.1|A/cattle/Texas/24-008749-003/2024(H5N1)	894	1472
HA|PP755589.1|A/cattle/Texas/24-008749-003/2024(H5N1)	895	1452
HA|PP755589.1|A/cattle/Texas/24-008749-003/2024(H5N1)	896	1433
HA|PP755589.1|A/cattle/Texas/24-008749-003/2024(H5N1)	897	1419
HA|PP755589.1|A/cattle/Texas/24-008749-003/2024(H5N1)	898	1419
HA|PP755589.1|A/cattle/Texas/24-008749-003/2024(H5N1)	899	1448
HA|PP755589.1|A/cattle/Texas/24-008749-003/2024(H5N1)	900	1447
HA|PP755589.1|A/cattle/Texas/24-008749-003/2024(H5N1)	901	1448
HA|PP755589.1|A/cattle/Texas/24-008749-003/2024(H5N1)	902	1447
HA|PP755589.1|A/cattle/Texas/24-008749-003/2024(H5N1)	903	1462
HA|PP755589.1|A/cattle/Texas/24-008749-003/2024(H5N1)	904	1451
HA|PP755589.1|A/cattle/Texas/24-008749-003/2024(H5N1)	905	1471
HA|PP755589.1|A/cattle/Texas/24-008749-003/2024(H5N1)	906	1472
HA|PP755589.1|A/cattle/Texas/24-008749-003/2024(H5N1)	907	1476
HA|PP755589.1|A/cattle/Texas/24-008749-003/2024(H5N1)	908	1416
HA|PP755589.1|A/cattle/Texas/24-008749-003/2024(H5N1)	909	1424
HA|PP755589.1|A/cattle/Texas/24-008749-003/2024(H5N1)	910	1424
HA|PP755589.1|A/cattle/Texas/24-008749-003/2024(H5N1)	911	1424
HA|PP755589.1|A/cattle/Texas/24-008749-003/2024(H5N1)	912	1411
HA|PP755589.1|A/cattle/Texas/24-008749-003/2024(H5N1)	913	1410
HA|PP755589.1|A/cattle/Texas/24-008749-003/2024(H5N1)	914	1397
HA|PP755589.1|A/cattle/Texas/24-008749-003/2024(H5N1)	915	1394
HA|PP755589.1|A/cattle/Texas/24-008749-003/2024(H5N1)	916	1502
HA|PP755589.1|A/cattle/Texas/24-008749-003/2024(H5N1)	917	1497
HA|PP755589.1|A/cattle/Texas/24-008749-003/2024(H5N1)	918	1497
HA|PP755589.1|A/cattle/Texas/24-008749-003/2024(H5N1)	919	1496
HA|PP755589.1|A/cattle/Texas/24-008749-003/2024(H5N1)	920	1498
HA|PP755589.1|A/cattle/Texas/24-008749-003/2024(H5N1)	921	1520
HA|PP755589.1|A/cattle/Texas/24-008749-003/2024(H5N1)	922	1521
HA|PP755589.1|A/cattle/Texas/24-008749-003/2024(H5N1)	923	1520
HA|PP755589.1|A/cattle/Texas/24-008749-003/2024(H5N1)	924	1527
HA|PP755589.1|A/cattle/Texas/24-008749-003/2024(H5N1)	925	1520
HA|PP755589.1|A/cattle/Texas/24-008749-003/2024(H5N1)	926	1637
HA|PP755589.1|A/cattle/Texas/24-008749-003/2024(H5N1)	927	1660
HA|PP755589.1|A/cattle/Texas/24-008749-003/2024(H5N1)	928	1663
HA|PP755589.1|A/cattle/Texas/24-008749-003/2024(H5N1)	929	1682
HA|PP755589.1|A/cattle/Texas/24-008749-003/2024(H5N1)	930	1685
HA|PP755589.1|A/cattle/Texas/24-008749-003/2024(H5N1)	931	1686
HA|PP755589.1|A/cattle/Texas/24-008749-003/2024(H5N1)	932	1686
HA|PP755589.1|A/cattle/Texas/24-008749-003/2024(H5N1)	933	1690
HA|PP755589.1|A/cattle/Texas/24-008749-003/2024(H5N1)	934	1720
HA|PP755589.1|A/cattle/Texas/24-008749-003/2024(H5N1)	935	1637
HA|PP755589.1|A/cattle/Texas/24-008749-003/2024(H5N1)	936	1613
HA|PP755589.1|A/cattle/Texas/24-008749-003/2024(H5N1)	937	1606
HA|PP755589.1|A/cattle/Texas/24-008749-003/2024(H5N1)	938	1590
HA|PP755589.1|A/cattle/Texas/24-008749-003/2024(H5N1)	939	1591
HA|PP755589.1|A/cattle/Texas/24-008749-003/2024(H5N1)	940	1599
HA|PP755589.1|A/cattle/Texas/24-008749-003/2024(H5N1)	941	1690
HA|PP755589.1|A/cattle/Texas/24-008749-003/2024(H5N1)	942	1684
HA|PP755589.1|A/cattle/Texas/24-008749-003/2024(H5N1)	943	1678
HA|PP755589.1|A/cattle/Texas/24-008749-003/2024(H5N1)	944	1655
HA|PP755589.1|A/cattle/Texas/24-008749-003/2024(H5N1)	945	1643
HA|PP755589.1|A/cattle/Texas/24-008749-003/2024(H5N1)	946	1645
HA|PP755589.1|A/cattle/Texas/24-008749-003/2024(H5N1)	947	1633
HA|PP755589.1|A/cattle/Texas/24-008749-003/2024(H5N1)	948	1633
HA|PP755589.1|A/cattle/Texas/24-008749-003/2024(H5N1)	949	1627
HA|PP755589.1|A/cattle/Texas/24-008749-003/2024(H5N1)	950	1504
HA|PP755589.1|A/cattle/Texas/24-008749-003/2024(H5N1)	951	1514
HA|PP755589.1|A/cattle/Texas/24-008749-003/2024(H5N1)	952	1505
HA|PP755589.1|A/cattle/Texas/24-008749-003/2024(H5N1)	953	1509
HA|PP755589.1|A/cattle/Texas/24-008749-003/2024(H5N1)	954	1525
HA|PP755589.1|A/cattle/Texas/24-008749-003/2024(H5N1)	955	1543
HA|PP755589.1|A/cattle/Texas/24-008749-003/2024(H5N1)	956	1548
HA|PP755589.1|A/cattle/Texas/24-008749-003/2024(H5N1)	957	1552
HA|PP755589.1|A/cattle/Texas/24-008749-003/2024(H5N1)	958	1555
HA|PP755589.1|A/cattle/Texas/24-008749-003/2024(H5N1)	959	1556
HA|PP755589.1|A/cattle/Texas/24-008749-003/2024(H5N1)	960	1578
HA|PP755589.1|A/cattle/Texas/24-008749-003/2024(H5N1)	961	1588
HA|PP755589.1|A/cattle/Texas/24-008749-003/2024(H5N1)	962	1581
HA|PP755589.1|A/cattle/Texas/24-008749-003/2024(H5N1)	963	1562
HA|PP755589.1|A/cattle/Texas/24-008749-003/2024(H5N1)	964	1562
HA|PP755589.1|A/cattle/Texas/24-008749-003/2024(H5N1)	965	1569
HA|PP755589.1|A/cattle/Texas/24-008749-003/2024(H5N1)	966	1570
HA|PP755589.1|A/cattle/Texas/24-008749-003/2024(H5N1)	967	1580
HA|PP755589.1|A/cattle/Texas/24-008749-003/2024(H5N1)	968	1604
HA|PP755589.1|A/cattle/Texas/24-008749-003/2024(H5N1)	969	1605
HA|PP755589.1|A/cattle/Texas/24-008749-003/2024(H5N1)	970	1604
HA|PP755589.1|A/cattle/Texas/24-008749-003/2024(H5N1)	971	1600
HA|PP755589.1|A/cattle/Texas/24-008749-003/2024(H5N1)	972	1598
HA|PP755589.1|A/cattle/Texas/24-008749-003/2024(H5N1)	973	1622
HA|PP755589.1|A/cattle/Texas/24-008749-003/2024(H5N1)	974	1621
HA|PP755589.1|A/cattle/Texas/24-008749-003/2024(H5N1)	975	1623
HA|PP755589.1|A/cattle/Texas/24-008749-003/2024(H5N1)	976	1627
HA|PP755589.1|A/cattle/Texas/24-008749-003/2024(H5N1)	977	1651
HA|PP755589.1|A/cattle/Texas/24-008749-003/2024(H5N1)	978	1650
HA|PP755589.1|A/cattle/Texas/24-008749-003/2024(H5N1)	979	1689
HA|PP755589.1|A/cattle/Texas/24-008749-003/2024(H5N1)	980	1702
HA|PP755589.1|A/cattle/Texas/24-008749-003/2024(H5N1)	981	1703
HA|PP755589.1|A/cattle/Texas/24-008749-003/2024(H5N1)	982	1697
HA|PP755589.1|A/cattle/Texas/24-008749-003/2024(H5N1)	983	1708
HA|PP755589.1|A/cattle/Texas/24-008749-003/2024(H5N1)	984	1734
HA|PP755589.1|A/cattle/Texas/24-008749-003/2024(H5N1)	985	1742
HA|PP755589.1|A/cattle/Texas/24-008749-003/2024(H5N1)	986	1729
HA|PP755589.1|A/cattle/Texas/24-008749-003/2024(H5N1)	987	1731
HA|PP755589.1|A/cattle/Texas/24-008749-003/2024(H5N1)	988	1731
HA|PP755589.1|A/cattle/Texas/24-008749-003/2024(H5N1)	989	1771
HA|PP755589.1|A/cattle/Texas/24-008749-003/2024(H5N1)	990	1772
HA|PP755589.1|A/cattle/Texas/24-008749-003/2024(H5N1)	991	1767
HA|PP755589.1|A/cattle/Texas/24-008749-003/2024(H5N1)	992	1758
HA|PP755589.1|A/cattle/Texas/24-008749-003/2024(H5N1)	993	1744
HA|PP755589.1|A/cattle/Texas/24-008749-003/2024(H5N1)	994	1746
HA|PP755589.1|A/cattle/Texas/24-008749-003/2024(H5N1)	995	1745
HA|PP755589.1|A/cattle/Texas/24-008749-003/2024(H5N1)	996	1771
HA|PP755589.1|A/cattle/Texas/24-008749-003/2024(H5N1)	997	1773
HA|PP755589.1|A/cattle/Texas/24-008749-003/2024(H5N1)	998	1758
HA|PP755589.1|A/cattle/Texas/24-008749-003/2024(H5N1)	999	1781
HA|PP755589.1|A/cattle/Texas/24-008749-003/2024(H5N1)	1000	1778
HA|PP755589.1|A/cattle/Texas/24-008749-003/2024(H5N1)	1001	1808
HA|PP755589.1|A/cattle/Texas/24-008749-003/2024(H5N1)	1002	1804
HA|PP755589.1|A/cattle/Texas/24-008749-003/2024(H5N1)	1003	1795
HA|PP755589.1|A/cattle/Texas/24-008749-003/2024(H5N1)	1004	1786
HA|PP755589.1|A/cattle/Texas/24-008749-003/2024(H5N1)	1005	1757
HA|PP755589.1|A/cattle/Texas/24-008749-003/2024(H5N1)	1006	1736
HA|PP755589.1|A/cattle/Texas/24-008749-003/2024(H5N1)	1007	1629
HA|PP755589.1|A/cattle/Texas/24-008749-003/2024(H5N1)	1008	1608
HA|PP755589.1|A/cattle/Texas/24-008749-003/2024(H5N1)	1009	1610
HA|PP755589.1|A/cattle/Texas/24-008749-003/2024(H5N1)	1010	1589
HA|PP755589.1|A/cattle/Texas/24-008749-003/2024(H5N1)	1011	1580
HA|PP755589.1|A/cattle/Texas/24-008749-003/2024(H5N1)	1012	1566
HA|PP755589.1|A/cattle/Texas/24-008749-003/2024(H5N1)	1013	1565
HA|PP755589.1|A/cattle/Texas/24-008749-003/2024(H5N1)	1014	1567
HA|PP755589.1|A/cattle/Texas/24-008749-003/2024(H5N1)	1015	1565
HA|PP755589.1|A/cattle/Texas/24-008749-003/2024(H5N1)	1016	1566
HA|PP755589.1|A/cattle/Texas/24-008749-003/2024(H5N1)	1017	1574
HA|PP755589.1|A/cattle/Texas/24-008749-003/2024(H5N1)	1018	1530
HA|PP755589.1|A/cattle/Texas/24-008749-003/2024(H5N1)	1019	1525
HA|PP755589.1|A/cattle/Texas/24-008749-003/2024(H5N1)	1020	1524
HA|PP755589.1|A/cattle/Texas/24-008749-003/2024(H5N1)	1021	1535
HA|PP755589.1|A/cattle/Texas/24-008749-003/2024(H5N1)	1022	1535
HA|PP755589.1|A/cattle/Texas/24-008749-003/2024(H5N1)	1023	1536
HA|PP755589.1|A/cattle/Texas/24-008749-003/2024(H5N1)	1024	1533
HA|PP755589.1|A/cattle/Texas/24-008749-003/2024(H5N1)	1025	1524
HA|PP755589.1|A/cattle/Texas/24-008749-003/2024(H5N1)	1026	1521
HA|PP755589.1|A/cattle/Texas/24-008749-003/2024(H5N1)	1027	1517
HA|PP755589.1|A/cattle/Texas/24-008749-003/2024(H5N1)	1028	1526
HA|PP755589.1|A/cattle/Texas/24-008749-003/2024(H5N1)	1029	1568
HA|PP755589.1|A/cattle/Texas/24-008749-003/2024(H5N1)	1030	1567
HA|PP755589.1|A/cattle/Texas/24-008749-003/2024(H5N1)	1031	1556
HA|PP755589.1|A/cattle/Texas/24-008749-003/2024(H5N1)	1032	1556
HA|PP755589.1|A/cattle/Texas/24-008749-003/2024(H5N1)	1033	1556
HA|PP755589.1|A/cattle/Texas/24-008749-003/2024(H5N1)	1034	1558
HA|PP755589.1|A/cattle/Texas/24-008749-003/2024(H5N1)	1035	1563
HA|PP755589.1|A/cattle/Texas/24-008749-003/2024(H5N1)	1036	1585
HA|PP755589.1|A/cattle/Texas/24-008749-003/2024(H5N1)	1037	1592
HA|PP755589.1|A/cattle/Texas/24-008749-003/2024(H5N1)	1038	1549
HA|PP755589.1|A/cattle/Texas/24-008749-003/2024(H5N1)	1039	1560
HA|PP755589.1|A/cattle/Texas/24-008749-003/2024(H5N1)	1040	1565
HA|PP755589.1|A/cattle/Texas/24-008749-003/2024(H5N1)	1041	1607
HA|PP755589.1|A/cattle/Texas/24-008749-003/2024(H5N1)	1042	1609
HA|PP755589.1|A/cattle/Texas/24-008749-003/2024(H5N1)	1043	1607
HA|PP755589.1|A/cattle/Texas/24-008749-003/2024(H5N1)	1044	1609
HA|PP755589.1|A/cattle/Texas/24-008749-003/2024(H5N1)	1045	1588
HA|PP755589.1|A/cattle/Texas/24-008749-003/2024(H5N1)	1046	1594
HA|PP755589.1|A/cattle/Texas/24-008749-003/2024(H5N1)	1047	1704
HA|PP755589.1|A/cattle/Texas/24-008749-003/2024(H5N1)	1048	1818
HA|PP755589.1|A/cattle/Texas/24-008749-003/2024(H5N1)	1049	1815
HA|PP755589.1|A/cattle/Texas/24-008749-003/2024(H5N1)	1050	1781
HA|PP755589.1|A/cattle/Texas/24-008749-003/2024(H5N1)	1051	1868
HA|PP755589.1|A/cattle/Texas/24-008749-003/2024(H5N1)	1052	1920
HA|PP755589.1|A/cattle/Texas/24-008749-003/2024(H5N1)	1053	3283
HA|PP755589.1|A/cattle/Texas/24-008749-003/2024(H5N1)	1054	3308
HA|PP755589.1|A/cattle/Texas/24-008749-003/2024(H5N1)	1055	3315
HA|PP755589.1|A/cattle/Texas/24-008749-003/2024(H5N1)	1056	3304
HA|PP755589.1|A/cattle/Texas/24-008749-003/2024(H5N1)	1057	4526
HA|PP755589.1|A/cattle/Texas/24-008749-003/2024(H5N1)	1058	5304
HA|PP755589.1|A/cattle/Texas/24-008749-003/2024(H5N1)	1059	5358
HA|PP755589.1|A/cattle/Texas/24-008749-003/2024(H5N1)	1060	5349
HA|PP755589.1|A/cattle/Texas/24-008749-003/2024(H5N1)	1061	5344
HA|PP755589.1|A/cattle/Texas/24-008749-003/2024(H5N1)	1062	5385
HA|PP755589.1|A/cattle/Texas/24-008749-003/2024(H5N1)	1063	5470
HA|PP755589.1|A/cattle/Texas/24-008749-003/2024(H5N1)	1064	5476
HA|PP755589.1|A/cattle/Texas/24-008749-003/2024(H5N1)	1065	5484
HA|PP755589.1|A/cattle/Texas/24-008749-003/2024(H5N1)	1066	5572
HA|PP755589.1|A/cattle/Texas/24-008749-003/2024(H5N1)	1067	5436
HA|PP755589.1|A/cattle/Texas/24-008749-003/2024(H5N1)	1068	5454
HA|PP755589.1|A/cattle/Texas/24-008749-003/2024(H5N1)	1069	5486
HA|PP755589.1|A/cattle/Texas/24-008749-003/2024(H5N1)	1070	5571
HA|PP755589.1|A/cattle/Texas/24-008749-003/2024(H5N1)	1071	5566
HA|PP755589.1|A/cattle/Texas/24-008749-003/2024(H5N1)	1072	5686
HA|PP755589.1|A/cattle/Texas/24-008749-003/2024(H5N1)	1073	5697
HA|PP755589.1|A/cattle/Texas/24-008749-003/2024(H5N1)	1074	5723
HA|PP755589.1|A/cattle/Texas/24-008749-003/2024(H5N1)	1075	5773
HA|PP755589.1|A/cattle/Texas/24-008749-003/2024(H5N1)	1076	5826
HA|PP755589.1|A/cattle/Texas/24-008749-003/2024(H5N1)	1077	5959
HA|PP755589.1|A/cattle/Texas/24-008749-003/2024(H5N1)	1078	5953
HA|PP755589.1|A/cattle/Texas/24-008749-003/2024(H5N1)	1079	5948
HA|PP755589.1|A/cattle/Texas/24-008749-003/2024(H5N1)	1080	6153
HA|PP755589.1|A/cattle/Texas/24-008749-003/2024(H5N1)	1081	6225
HA|PP755589.1|A/cattle/Texas/24-008749-003/2024(H5N1)	1082	6320
HA|PP755589.1|A/cattle/Texas/24-008749-003/2024(H5N1)	1083	6321
HA|PP755589.1|A/cattle/Texas/24-008749-003/2024(H5N1)	1084	6327
HA|PP755589.1|A/cattle/Texas/24-008749-003/2024(H5N1)	1085	6306
HA|PP755589.1|A/cattle/Texas/24-008749-003/2024(H5N1)	1086	6510
HA|PP755589.1|A/cattle/Texas/24-008749-003/2024(H5N1)	1087	6695
HA|PP755589.1|A/cattle/Texas/24-008749-003/2024(H5N1)	1088	6703
HA|PP755589.1|A/cattle/Texas/24-008749-003/2024(H5N1)	1089	6706
HA|PP755589.1|A/cattle/Texas/24-008749-003/2024(H5N1)	1090	6709
HA|PP755589.1|A/cattle/Texas/24-008749-003/2024(H5N1)	1091	6887
HA|PP755589.1|A/cattle/Texas/24-008749-003/2024(H5N1)	1092	6854
HA|PP755589.1|A/cattle/Texas/24-008749-003/2024(H5N1)	1093	6979
HA|PP755589.1|A/cattle/Texas/24-008749-003/2024(H5N1)	1094	7058
HA|PP755589.1|A/cattle/Texas/24-008749-003/2024(H5N1)	1095	7042
HA|PP755589.1|A/cattle/Texas/24-008749-003/2024(H5N1)	1096	7028
HA|PP755589.1|A/cattle/Texas/24-008749-003/2024(H5N1)	1097	7225
HA|PP755589.1|A/cattle/Texas/24-008749-003/2024(H5N1)	1098	7459
HA|PP755589.1|A/cattle/Texas/24-008749-003/2024(H5N1)	1099	7582
HA|PP755589.1|A/cattle/Texas/24-008749-003/2024(H5N1)	1100	7636
HA|PP755589.1|A/cattle/Texas/24-008749-003/2024(H5N1)	1101	7654
HA|PP755589.1|A/cattle/Texas/24-008749-003/2024(H5N1)	1102	8006
HA|PP755589.1|A/cattle/Texas/24-008749-003/2024(H5N1)	1103	8144
HA|PP755589.1|A/cattle/Texas/24-008749-003/2024(H5N1)	1104	8162
HA|PP755589.1|A/cattle/Texas/24-008749-003/2024(H5N1)	1105	8154
HA|PP755589.1|A/cattle/Texas/24-008749-003/2024(H5N1)	1106	8103
HA|PP755589.1|A/cattle/Texas/24-008749-003/2024(H5N1)	1107	8231
HA|PP755589.1|A/cattle/Texas/24-008749-003/2024(H5N1)	1108	8433
HA|PP755589.1|A/cattle/Texas/24-008749-003/2024(H5N1)	1109	8439
HA|PP755589.1|A/cattle/Texas/24-008749-003/2024(H5N1)	1110	8839
HA|PP755589.1|A/cattle/Texas/24-008749-003/2024(H5N1)	1111	8789
HA|PP755589.1|A/cattle/Texas/24-008749-003/2024(H5N1)	1112	8776
HA|PP755589.1|A/cattle/Texas/24-008749-003/2024(H5N1)	1113	8812
HA|PP755589.1|A/cattle/Texas/24-008749-003/2024(H5N1)	1114	8818
HA|PP755589.1|A/cattle/Texas/24-008749-003/2024(H5N1)	1115	9200
HA|PP755589.1|A/cattle/Texas/24-008749-003/2024(H5N1)	1116	9217
HA|PP755589.1|A/cattle/Texas/24-008749-003/2024(H5N1)	1117	9286
HA|PP755589.1|A/cattle/Texas/24-008749-003/2024(H5N1)	1118	9294
HA|PP755589.1|A/cattle/Texas/24-008749-003/2024(H5N1)	1119	9277
HA|PP755589.1|A/cattle/Texas/24-008749-003/2024(H5N1)	1120	10038
HA|PP755589.1|A/cattle/Texas/24-008749-003/2024(H5N1)	1121	10851
HA|PP755589.1|A/cattle/Texas/24-008749-003/2024(H5N1)	1122	11194
HA|PP755589.1|A/cattle/Texas/24-008749-003/2024(H5N1)	1123	11227
HA|PP755589.1|A/cattle/Texas/24-008749-003/2024(H5N1)	1124	11148
HA|PP755589.1|A/cattle/Texas/24-008749-003/2024(H5N1)	1125	11526
HA|PP755589.1|A/cattle/Texas/24-008749-003/2024(H5N1)	1126	11592
HA|PP755589.1|A/cattle/Texas/24-008749-003/2024(H5N1)	1127	11800
HA|PP755589.1|A/cattle/Texas/24-008749-003/2024(H5N1)	1128	11902
HA|PP755589.1|A/cattle/Texas/24-008749-003/2024(H5N1)	1129	11878
HA|PP755589.1|A/cattle/Texas/24-008749-003/2024(H5N1)	1130	12224
HA|PP755589.1|A/cattle/Texas/24-008749-003/2024(H5N1)	1131	12333
HA|PP755589.1|A/cattle/Texas/24-008749-003/2024(H5N1)	1132	12500
HA|PP755589.1|A/cattle/Texas/24-008749-003/2024(H5N1)	1133	12613
HA|PP755589.1|A/cattle/Texas/24-008749-003/2024(H5N1)	1134	12613
HA|PP755589.1|A/cattle/Texas/24-008749-003/2024(H5N1)	1135	12575
HA|PP755589.1|A/cattle/Texas/24-008749-003/2024(H5N1)	1136	12559
HA|PP755589.1|A/cattle/Texas/24-008749-003/2024(H5N1)	1137	12558
HA|PP755589.1|A/cattle/Texas/24-008749-003/2024(H5N1)	1138	12613
HA|PP755589.1|A/cattle/Texas/24-008749-003/2024(H5N1)	1139	12695
HA|PP755589.1|A/cattle/Texas/24-008749-003/2024(H5N1)	1140	12627
HA|PP755589.1|A/cattle/Texas/24-008749-003/2024(H5N1)	1141	12692
HA|PP755589.1|A/cattle/Texas/24-008749-003/2024(H5N1)	1142	12688
HA|PP755589.1|A/cattle/Texas/24-008749-003/2024(H5N1)	1143	12706
HA|PP755589.1|A/cattle/Texas/24-008749-003/2024(H5N1)	1144	12841
HA|PP755589.1|A/cattle/Texas/24-008749-003/2024(H5N1)	1145	12845
HA|PP755589.1|A/cattle/Texas/24-008749-003/2024(H5N1)	1146	12999
HA|PP755589.1|A/cattle/Texas/24-008749-003/2024(H5N1)	1147	12984
HA|PP755589.1|A/cattle/Texas/24-008749-003/2024(H5N1)	1148	12985
HA|PP755589.1|A/cattle/Texas/24-008749-003/2024(H5N1)	1149	12988
HA|PP755589.1|A/cattle/Texas/24-008749-003/2024(H5N1)	1150	13100
HA|PP755589.1|A/cattle/Texas/24-008749-003/2024(H5N1)	1151	13128
HA|PP755589.1|A/cattle/Texas/24-008749-003/2024(H5N1)	1152	13112
HA|PP755589.1|A/cattle/Texas/24-008749-003/2024(H5N1)	1153	13178
HA|PP755589.1|A/cattle/Texas/24-008749-003/2024(H5N1)	1154	13323
HA|PP755589.1|A/cattle/Texas/24-008749-003/2024(H5N1)	1155	13383
HA|PP755589.1|A/cattle/Texas/24-008749-003/2024(H5N1)	1156	13631
HA|PP755589.1|A/cattle/Texas/24-008749-003/2024(H5N1)	1157	13851
HA|PP755589.1|A/cattle/Texas/24-008749-003/2024(H5N1)	1158	13910
HA|PP755589.1|A/cattle/Texas/24-008749-003/2024(H5N1)	1159	13875
HA|PP755589.1|A/cattle/Texas/24-008749-003/2024(H5N1)	1160	13869
HA|PP755589.1|A/cattle/Texas/24-008749-003/2024(H5N1)	1161	13915
HA|PP755589.1|A/cattle/Texas/24-008749-003/2024(H5N1)	1162	13917
HA|PP755589.1|A/cattle/Texas/24-008749-003/2024(H5N1)	1163	14032
HA|PP755589.1|A/cattle/Texas/24-008749-003/2024(H5N1)	1164	14197
HA|PP755589.1|A/cattle/Texas/24-008749-003/2024(H5N1)	1165	14659
HA|PP755589.1|A/cattle/Texas/24-008749-003/2024(H5N1)	1166	14677
HA|PP755589.1|A/cattle/Texas/24-008749-003/2024(H5N1)	1167	14672
HA|PP755589.1|A/cattle/Texas/24-008749-003/2024(H5N1)	1168	14823
HA|PP755589.1|A/cattle/Texas/24-008749-003/2024(H5N1)	1169	15392
HA|PP755589.1|A/cattle/Texas/24-008749-003/2024(H5N1)	1170	15447
HA|PP755589.1|A/cattle/Texas/24-008749-003/2024(H5N1)	1171	15471
HA|PP755589.1|A/cattle/Texas/24-008749-003/2024(H5N1)	1172	15969
HA|PP755589.1|A/cattle/Texas/24-008749-003/2024(H5N1)	1173	15958
HA|PP755589.1|A/cattle/Texas/24-008749-003/2024(H5N1)	1174	16027
HA|PP755589.1|A/cattle/Texas/24-008749-003/2024(H5N1)	1175	16253
HA|PP755589.1|A/cattle/Texas/24-008749-003/2024(H5N1)	1176	16255
HA|PP755589.1|A/cattle/Texas/24-008749-003/2024(H5N1)	1177	16396
HA|PP755589.1|A/cattle/Texas/24-008749-003/2024(H5N1)	1178	16512
HA|PP755589.1|A/cattle/Texas/24-008749-003/2024(H5N1)	1179	16529
HA|PP755589.1|A/cattle/Texas/24-008749-003/2024(H5N1)	1180	16549
HA|PP755589.1|A/cattle/Texas/24-008749-003/2024(H5N1)	1181	16883
HA|PP755589.1|A/cattle/Texas/24-008749-003/2024(H5N1)	1182	16948
HA|PP755589.1|A/cattle/Texas/24-008749-003/2024(H5N1)	1183	17026
HA|PP755589.1|A/cattle/Texas/24-008749-003/2024(H5N1)	1184	17016
HA|PP755589.1|A/cattle/Texas/24-008749-003/2024(H5N1)	1185	17222
HA|PP755589.1|A/cattle/Texas/24-008749-003/2024(H5N1)	1186	17261
HA|PP755589.1|A/cattle/Texas/24-008749-003/2024(H5N1)	1187	17245
HA|PP755589.1|A/cattle/Texas/24-008749-003/2024(H5N1)	1188	17702
HA|PP755589.1|A/cattle/Texas/24-008749-003/2024(H5N1)	1189	17731
HA|PP755589.1|A/cattle/Texas/24-008749-003/2024(H5N1)	1190	17613
HA|PP755589.1|A/cattle/Texas/24-008749-003/2024(H5N1)	1191	17599
HA|PP755589.1|A/cattle/Texas/24-008749-003/2024(H5N1)	1192	17602
HA|PP755589.1|A/cattle/Texas/24-008749-003/2024(H5N1)	1193	17911
HA|PP755589.1|A/cattle/Texas/24-008749-003/2024(H5N1)	1194	17998
HA|PP755589.1|A/cattle/Texas/24-008749-003/2024(H5N1)	1195	17987
HA|PP755589.1|A/cattle/Texas/24-008749-003/2024(H5N1)	1196	17282
HA|PP755589.1|A/cattle/Texas/24-008749-003/2024(H5N1)	1197	17110
HA|PP755589.1|A/cattle/Texas/24-008749-003/2024(H5N1)	1198	17213
HA|PP755589.1|A/cattle/Texas/24-008749-003/2024(H5N1)	1199	16913
HA|PP755589.1|A/cattle/Texas/24-008749-003/2024(H5N1)	1200	16989
HA|PP755589.1|A/cattle/Texas/24-008749-003/2024(H5N1)	1201	16987
HA|PP755589.1|A/cattle/Texas/24-008749-003/2024(H5N1)	1202	16826
HA|PP755589.1|A/cattle/Texas/24-008749-003/2024(H5N1)	1203	16793
HA|PP755589.1|A/cattle/Texas/24-008749-003/2024(H5N1)	1204	16832
HA|PP755589.1|A/cattle/Texas/24-008749-003/2024(H5N1)	1205	16932
HA|PP755589.1|A/cattle/Texas/24-008749-003/2024(H5N1)	1206	16954
HA|PP755589.1|A/cattle/Texas/24-008749-003/2024(H5N1)	1207	16874
HA|PP755589.1|A/cattle/Texas/24-008749-003/2024(H5N1)	1208	15966
HA|PP755589.1|A/cattle/Texas/24-008749-003/2024(H5N1)	1209	15479
HA|PP755589.1|A/cattle/Texas/24-008749-003/2024(H5N1)	1210	15596
HA|PP755589.1|A/cattle/Texas/24-008749-003/2024(H5N1)	1211	15674
HA|PP755589.1|A/cattle/Texas/24-008749-003/2024(H5N1)	1212	15672
HA|PP755589.1|A/cattle/Texas/24-008749-003/2024(H5N1)	1213	16219
HA|PP755589.1|A/cattle/Texas/24-008749-003/2024(H5N1)	1214	16172
HA|PP755589.1|A/cattle/Texas/24-008749-003/2024(H5N1)	1215	16370
HA|PP755589.1|A/cattle/Texas/24-008749-003/2024(H5N1)	1216	16365
HA|PP755589.1|A/cattle/Texas/24-008749-003/2024(H5N1)	1217	16541
HA|PP755589.1|A/cattle/Texas/24-008749-003/2024(H5N1)	1218	16504
HA|PP755589.1|A/cattle/Texas/24-008749-003/2024(H5N1)	1219	16586
HA|PP755589.1|A/cattle/Texas/24-008749-003/2024(H5N1)	1220	16592
HA|PP755589.1|A/cattle/Texas/24-008749-003/2024(H5N1)	1221	16941
HA|PP755589.1|A/cattle/Texas/24-008749-003/2024(H5N1)	1222	16901
HA|PP755589.1|A/cattle/Texas/24-008749-003/2024(H5N1)	1223	16800
HA|PP755589.1|A/cattle/Texas/24-008749-003/2024(H5N1)	1224	16743
HA|PP755589.1|A/cattle/Texas/24-008749-003/2024(H5N1)	1225	16736
HA|PP755589.1|A/cattle/Texas/24-008749-003/2024(H5N1)	1226	16626
HA|PP755589.1|A/cattle/Texas/24-008749-003/2024(H5N1)	1227	16588
HA|PP755589.1|A/cattle/Texas/24-008749-003/2024(H5N1)	1228	16490
HA|PP755589.1|A/cattle/Texas/24-008749-003/2024(H5N1)	1229	16752
HA|PP755589.1|A/cattle/Texas/24-008749-003/2024(H5N1)	1230	16638
HA|PP755589.1|A/cattle/Texas/24-008749-003/2024(H5N1)	1231	17252
HA|PP755589.1|A/cattle/Texas/24-008749-003/2024(H5N1)	1232	17300
HA|PP755589.1|A/cattle/Texas/24-008749-003/2024(H5N1)	1233	17240
HA|PP755589.1|A/cattle/Texas/24-008749-003/2024(H5N1)	1234	17281
HA|PP755589.1|A/cattle/Texas/24-008749-003/2024(H5N1)	1235	17355
HA|PP755589.1|A/cattle/Texas/24-008749-003/2024(H5N1)	1236	17554
HA|PP755589.1|A/cattle/Texas/24-008749-003/2024(H5N1)	1237	17376
HA|PP755589.1|A/cattle/Texas/24-008749-003/2024(H5N1)	1238	17223
HA|PP755589.1|A/cattle/Texas/24-008749-003/2024(H5N1)	1239	17319
HA|PP755589.1|A/cattle/Texas/24-008749-003/2024(H5N1)	1240	17645
HA|PP755589.1|A/cattle/Texas/24-008749-003/2024(H5N1)	1241	17293
HA|PP755589.1|A/cattle/Texas/24-008749-003/2024(H5N1)	1242	17487
HA|PP755589.1|A/cattle/Texas/24-008749-003/2024(H5N1)	1243	17479
HA|PP755589.1|A/cattle/Texas/24-008749-003/2024(H5N1)	1244	17401
HA|PP755589.1|A/cattle/Texas/24-008749-003/2024(H5N1)	1245	17655
HA|PP755589.1|A/cattle/Texas/24-008749-003/2024(H5N1)	1246	17646
HA|PP755589.1|A/cattle/Texas/24-008749-003/2024(H5N1)	1247	17632
HA|PP755589.1|A/cattle/Texas/24-008749-003/2024(H5N1)	1248	17464
HA|PP755589.1|A/cattle/Texas/24-008749-003/2024(H5N1)	1249	17096
HA|PP755589.1|A/cattle/Texas/24-008749-003/2024(H5N1)	1250	17274
HA|PP755589.1|A/cattle/Texas/24-008749-003/2024(H5N1)	1251	17099
HA|PP755589.1|A/cattle/Texas/24-008749-003/2024(H5N1)	1252	17072
HA|PP755589.1|A/cattle/Texas/24-008749-003/2024(H5N1)	1253	17076
HA|PP755589.1|A/cattle/Texas/24-008749-003/2024(H5N1)	1254	16937
HA|PP755589.1|A/cattle/Texas/24-008749-003/2024(H5N1)	1255	16994
HA|PP755589.1|A/cattle/Texas/24-008749-003/2024(H5N1)	1256	17105
HA|PP755589.1|A/cattle/Texas/24-008749-003/2024(H5N1)	1257	17221
HA|PP755589.1|A/cattle/Texas/24-008749-003/2024(H5N1)	1258	17080
HA|PP755589.1|A/cattle/Texas/24-008749-003/2024(H5N1)	1259	17010
HA|PP755589.1|A/cattle/Texas/24-008749-003/2024(H5N1)	1260	17119
HA|PP755589.1|A/cattle/Texas/24-008749-003/2024(H5N1)	1261	16803
HA|PP755589.1|A/cattle/Texas/24-008749-003/2024(H5N1)	1262	17089
HA|PP755589.1|A/cattle/Texas/24-008749-003/2024(H5N1)	1263	17687
HA|PP755589.1|A/cattle/Texas/24-008749-003/2024(H5N1)	1264	17682
HA|PP755589.1|A/cattle/Texas/24-008749-003/2024(H5N1)	1265	17483
HA|PP755589.1|A/cattle/Texas/24-008749-003/2024(H5N1)	1266	17028
HA|PP755589.1|A/cattle/Texas/24-008749-003/2024(H5N1)	1267	16795
HA|PP755589.1|A/cattle/Texas/24-008749-003/2024(H5N1)	1268	16704
HA|PP755589.1|A/cattle/Texas/24-008749-003/2024(H5N1)	1269	16788
HA|PP755589.1|A/cattle/Texas/24-008749-003/2024(H5N1)	1270	17581
HA|PP755589.1|A/cattle/Texas/24-008749-003/2024(H5N1)	1271	16786
HA|PP755589.1|A/cattle/Texas/24-008749-003/2024(H5N1)	1272	16750
HA|PP755589.1|A/cattle/Texas/24-008749-003/2024(H5N1)	1273	16488
HA|PP755589.1|A/cattle/Texas/24-008749-003/2024(H5N1)	1274	16812
HA|PP755589.1|A/cattle/Texas/24-008749-003/2024(H5N1)	1275	16870
HA|PP755589.1|A/cattle/Texas/24-008749-003/2024(H5N1)	1276	16559
HA|PP755589.1|A/cattle/Texas/24-008749-003/2024(H5N1)	1277	16507
HA|PP755589.1|A/cattle/Texas/24-008749-003/2024(H5N1)	1278	16268
HA|PP755589.1|A/cattle/Texas/24-008749-003/2024(H5N1)	1279	17091
HA|PP755589.1|A/cattle/Texas/24-008749-003/2024(H5N1)	1280	17156
HA|PP755589.1|A/cattle/Texas/24-008749-003/2024(H5N1)	1281	16923
HA|PP755589.1|A/cattle/Texas/24-008749-003/2024(H5N1)	1282	16866
HA|PP755589.1|A/cattle/Texas/24-008749-003/2024(H5N1)	1283	16736
HA|PP755589.1|A/cattle/Texas/24-008749-003/2024(H5N1)	1284	16622
HA|PP755589.1|A/cattle/Texas/24-008749-003/2024(H5N1)	1285	16734
HA|PP755589.1|A/cattle/Texas/24-008749-003/2024(H5N1)	1286	16791
HA|PP755589.1|A/cattle/Texas/24-008749-003/2024(H5N1)	1287	16782
HA|PP755589.1|A/cattle/Texas/24-008749-003/2024(H5N1)	1288	17096
HA|PP755589.1|A/cattle/Texas/24-008749-003/2024(H5N1)	1289	17020
HA|PP755589.1|A/cattle/Texas/24-008749-003/2024(H5N1)	1290	16988
HA|PP755589.1|A/cattle/Texas/24-008749-003/2024(H5N1)	1291	17019
HA|PP755589.1|A/cattle/Texas/24-008749-003/2024(H5N1)	1292	17414
HA|PP755589.1|A/cattle/Texas/24-008749-003/2024(H5N1)	1293	17715
HA|PP755589.1|A/cattle/Texas/24-008749-003/2024(H5N1)	1294	17641
HA|PP755589.1|A/cattle/Texas/24-008749-003/2024(H5N1)	1295	17772
HA|PP755589.1|A/cattle/Texas/24-008749-003/2024(H5N1)	1296	17825
HA|PP755589.1|A/cattle/Texas/24-008749-003/2024(H5N1)	1297	17764
HA|PP755589.1|A/cattle/Texas/24-008749-003/2024(H5N1)	1298	18118
HA|PP755589.1|A/cattle/Texas/24-008749-003/2024(H5N1)	1299	18248
HA|PP755589.1|A/cattle/Texas/24-008749-003/2024(H5N1)	1300	18164
HA|PP755589.1|A/cattle/Texas/24-008749-003/2024(H5N1)	1301	18150
HA|PP755589.1|A/cattle/Texas/24-008749-003/2024(H5N1)	1302	18142
HA|PP755589.1|A/cattle/Texas/24-008749-003/2024(H5N1)	1303	18162
HA|PP755589.1|A/cattle/Texas/24-008749-003/2024(H5N1)	1304	18175
HA|PP755589.1|A/cattle/Texas/24-008749-003/2024(H5N1)	1305	18571
HA|PP755589.1|A/cattle/Texas/24-008749-003/2024(H5N1)	1306	18578
HA|PP755589.1|A/cattle/Texas/24-008749-003/2024(H5N1)	1307	18310
HA|PP755589.1|A/cattle/Texas/24-008749-003/2024(H5N1)	1308	18126
HA|PP755589.1|A/cattle/Texas/24-008749-003/2024(H5N1)	1309	18062
HA|PP755589.1|A/cattle/Texas/24-008749-003/2024(H5N1)	1310	18193
HA|PP755589.1|A/cattle/Texas/24-008749-003/2024(H5N1)	1311	18353
HA|PP755589.1|A/cattle/Texas/24-008749-003/2024(H5N1)	1312	18356
HA|PP755589.1|A/cattle/Texas/24-008749-003/2024(H5N1)	1313	18313
HA|PP755589.1|A/cattle/Texas/24-008749-003/2024(H5N1)	1314	18607
HA|PP755589.1|A/cattle/Texas/24-008749-003/2024(H5N1)	1315	18471
HA|PP755589.1|A/cattle/Texas/24-008749-003/2024(H5N1)	1316	18456
HA|PP755589.1|A/cattle/Texas/24-008749-003/2024(H5N1)	1317	18444
HA|PP755589.1|A/cattle/Texas/24-008749-003/2024(H5N1)	1318	18432
HA|PP755589.1|A/cattle/Texas/24-008749-003/2024(H5N1)	1319	18665
HA|PP755589.1|A/cattle/Texas/24-008749-003/2024(H5N1)	1320	18133
HA|PP755589.1|A/cattle/Texas/24-008749-003/2024(H5N1)	1321	18104
HA|PP755589.1|A/cattle/Texas/24-008749-003/2024(H5N1)	1322	18327
HA|PP755589.1|A/cattle/Texas/24-008749-003/2024(H5N1)	1323	17732
HA|PP755589.1|A/cattle/Texas/24-008749-003/2024(H5N1)	1324	17755
HA|PP755589.1|A/cattle/Texas/24-008749-003/2024(H5N1)	1325	17932
HA|PP755589.1|A/cattle/Texas/24-008749-003/2024(H5N1)	1326	17836
HA|PP755589.1|A/cattle/Texas/24-008749-003/2024(H5N1)	1327	18049
HA|PP755589.1|A/cattle/Texas/24-008749-003/2024(H5N1)	1328	17846
HA|PP755589.1|A/cattle/Texas/24-008749-003/2024(H5N1)	1329	17888
HA|PP755589.1|A/cattle/Texas/24-008749-003/2024(H5N1)	1330	17550
HA|PP755589.1|A/cattle/Texas/24-008749-003/2024(H5N1)	1331	17557
HA|PP755589.1|A/cattle/Texas/24-008749-003/2024(H5N1)	1332	17552
HA|PP755589.1|A/cattle/Texas/24-008749-003/2024(H5N1)	1333	17500
HA|PP755589.1|A/cattle/Texas/24-008749-003/2024(H5N1)	1334	17490
HA|PP755589.1|A/cattle/Texas/24-008749-003/2024(H5N1)	1335	17730
HA|PP755589.1|A/cattle/Texas/24-008749-003/2024(H5N1)	1336	17584
HA|PP755589.1|A/cattle/Texas/24-008749-003/2024(H5N1)	1337	17864
HA|PP755589.1|A/cattle/Texas/24-008749-003/2024(H5N1)	1338	17489
HA|PP755589.1|A/cattle/Texas/24-008749-003/2024(H5N1)	1339	17519
HA|PP755589.1|A/cattle/Texas/24-008749-003/2024(H5N1)	1340	17577
HA|PP755589.1|A/cattle/Texas/24-008749-003/2024(H5N1)	1341	17578
HA|PP755589.1|A/cattle/Texas/24-008749-003/2024(H5N1)	1342	17669
HA|PP755589.1|A/cattle/Texas/24-008749-003/2024(H5N1)	1343	17657
HA|PP755589.1|A/cattle/Texas/24-008749-003/2024(H5N1)	1344	17403
HA|PP755589.1|A/cattle/Texas/24-008749-003/2024(H5N1)	1345	17641
HA|PP755589.1|A/cattle/Texas/24-008749-003/2024(H5N1)	1346	17690
HA|PP755589.1|A/cattle/Texas/24-008749-003/2024(H5N1)	1347	17839
HA|PP755589.1|A/cattle/Texas/24-008749-003/2024(H5N1)	1348	17834
HA|PP755589.1|A/cattle/Texas/24-008749-003/2024(H5N1)	1349	17654
HA|PP755589.1|A/cattle/Texas/24-008749-003/2024(H5N1)	1350	17664
HA|PP755589.1|A/cattle/Texas/24-008749-003/2024(H5N1)	1351	17582
HA|PP755589.1|A/cattle/Texas/24-008749-003/2024(H5N1)	1352	17728
HA|PP755589.1|A/cattle/Texas/24-008749-003/2024(H5N1)	1353	17956
HA|PP755589.1|A/cattle/Texas/24-008749-003/2024(H5N1)	1354	18050
HA|PP755589.1|A/cattle/Texas/24-008749-003/2024(H5N1)	1355	18452
HA|PP755589.1|A/cattle/Texas/24-008749-003/2024(H5N1)	1356	18287
HA|PP755589.1|A/cattle/Texas/24-008749-003/2024(H5N1)	1357	18433
HA|PP755589.1|A/cattle/Texas/24-008749-003/2024(H5N1)	1358	18457
HA|PP755589.1|A/cattle/Texas/24-008749-003/2024(H5N1)	1359	18519
HA|PP755589.1|A/cattle/Texas/24-008749-003/2024(H5N1)	1360	18416
HA|PP755589.1|A/cattle/Texas/24-008749-003/2024(H5N1)	1361	18675
HA|PP755589.1|A/cattle/Texas/24-008749-003/2024(H5N1)	1362	18684
HA|PP755589.1|A/cattle/Texas/24-008749-003/2024(H5N1)	1363	18568
HA|PP755589.1|A/cattle/Texas/24-008749-003/2024(H5N1)	1364	18686
HA|PP755589.1|A/cattle/Texas/24-008749-003/2024(H5N1)	1365	18587
HA|PP755589.1|A/cattle/Texas/24-008749-003/2024(H5N1)	1366	18534
HA|PP755589.1|A/cattle/Texas/24-008749-003/2024(H5N1)	1367	18528
HA|PP755589.1|A/cattle/Texas/24-008749-003/2024(H5N1)	1368	18316
HA|PP755589.1|A/cattle/Texas/24-008749-003/2024(H5N1)	1369	18301
HA|PP755589.1|A/cattle/Texas/24-008749-003/2024(H5N1)	1370	18774
HA|PP755589.1|A/cattle/Texas/24-008749-003/2024(H5N1)	1371	19023
HA|PP755589.1|A/cattle/Texas/24-008749-003/2024(H5N1)	1372	18659
HA|PP755589.1|A/cattle/Texas/24-008749-003/2024(H5N1)	1373	18758
HA|PP755589.1|A/cattle/Texas/24-008749-003/2024(H5N1)	1374	18754
HA|PP755589.1|A/cattle/Texas/24-008749-003/2024(H5N1)	1375	18792
HA|PP755589.1|A/cattle/Texas/24-008749-003/2024(H5N1)	1376	19355
HA|PP755589.1|A/cattle/Texas/24-008749-003/2024(H5N1)	1377	19339
HA|PP755589.1|A/cattle/Texas/24-008749-003/2024(H5N1)	1378	19652
HA|PP755589.1|A/cattle/Texas/24-008749-003/2024(H5N1)	1379	19555
HA|PP755589.1|A/cattle/Texas/24-008749-003/2024(H5N1)	1380	19501
HA|PP755589.1|A/cattle/Texas/24-008749-003/2024(H5N1)	1381	19505
HA|PP755589.1|A/cattle/Texas/24-008749-003/2024(H5N1)	1382	18812
HA|PP755589.1|A/cattle/Texas/24-008749-003/2024(H5N1)	1383	18787
HA|PP755589.1|A/cattle/Texas/24-008749-003/2024(H5N1)	1384	18868
HA|PP755589.1|A/cattle/Texas/24-008749-003/2024(H5N1)	1385	18841
HA|PP755589.1|A/cattle/Texas/24-008749-003/2024(H5N1)	1386	19056
HA|PP755589.1|A/cattle/Texas/24-008749-003/2024(H5N1)	1387	18915
HA|PP755589.1|A/cattle/Texas/24-008749-003/2024(H5N1)	1388	18788
HA|PP755589.1|A/cattle/Texas/24-008749-003/2024(H5N1)	1389	18791
HA|PP755589.1|A/cattle/Texas/24-008749-003/2024(H5N1)	1390	18773
HA|PP755589.1|A/cattle/Texas/24-008749-003/2024(H5N1)	1391	18466
HA|PP755589.1|A/cattle/Texas/24-008749-003/2024(H5N1)	1392	18367
HA|PP755589.1|A/cattle/Texas/24-008749-003/2024(H5N1)	1393	18363
HA|PP755589.1|A/cattle/Texas/24-008749-003/2024(H5N1)	1394	18466
HA|PP755589.1|A/cattle/Texas/24-008749-003/2024(H5N1)	1395	18375
HA|PP755589.1|A/cattle/Texas/24-008749-003/2024(H5N1)	1396	18059
HA|PP755589.1|A/cattle/Texas/24-008749-003/2024(H5N1)	1397	18078
HA|PP755589.1|A/cattle/Texas/24-008749-003/2024(H5N1)	1398	18170
HA|PP755589.1|A/cattle/Texas/24-008749-003/2024(H5N1)	1399	18231
HA|PP755589.1|A/cattle/Texas/24-008749-003/2024(H5N1)	1400	18209
HA|PP755589.1|A/cattle/Texas/24-008749-003/2024(H5N1)	1401	17859
HA|PP755589.1|A/cattle/Texas/24-008749-003/2024(H5N1)	1402	17826
HA|PP755589.1|A/cattle/Texas/24-008749-003/2024(H5N1)	1403	18362
HA|PP755589.1|A/cattle/Texas/24-008749-003/2024(H5N1)	1404	18505
HA|PP755589.1|A/cattle/Texas/24-008749-003/2024(H5N1)	1405	18535
HA|PP755589.1|A/cattle/Texas/24-008749-003/2024(H5N1)	1406	18453
HA|PP755589.1|A/cattle/Texas/24-008749-003/2024(H5N1)	1407	18351
HA|PP755589.1|A/cattle/Texas/24-008749-003/2024(H5N1)	1408	18258
HA|PP755589.1|A/cattle/Texas/24-008749-003/2024(H5N1)	1409	18177
HA|PP755589.1|A/cattle/Texas/24-008749-003/2024(H5N1)	1410	18892
HA|PP755589.1|A/cattle/Texas/24-008749-003/2024(H5N1)	1411	18940
HA|PP755589.1|A/cattle/Texas/24-008749-003/2024(H5N1)	1412	18268
HA|PP755589.1|A/cattle/Texas/24-008749-003/2024(H5N1)	1413	18272
HA|PP755589.1|A/cattle/Texas/24-008749-003/2024(H5N1)	1414	18201
HA|PP755589.1|A/cattle/Texas/24-008749-003/2024(H5N1)	1415	18254
HA|PP755589.1|A/cattle/Texas/24-008749-003/2024(H5N1)	1416	18612
HA|PP755589.1|A/cattle/Texas/24-008749-003/2024(H5N1)	1417	18606
HA|PP755589.1|A/cattle/Texas/24-008749-003/2024(H5N1)	1418	18623
HA|PP755589.1|A/cattle/Texas/24-008749-003/2024(H5N1)	1419	17798
HA|PP755589.1|A/cattle/Texas/24-008749-003/2024(H5N1)	1420	17590
HA|PP755589.1|A/cattle/Texas/24-008749-003/2024(H5N1)	1421	18496
HA|PP755589.1|A/cattle/Texas/24-008749-003/2024(H5N1)	1422	18560
HA|PP755589.1|A/cattle/Texas/24-008749-003/2024(H5N1)	1423	18591
HA|PP755589.1|A/cattle/Texas/24-008749-003/2024(H5N1)	1424	18697
HA|PP755589.1|A/cattle/Texas/24-008749-003/2024(H5N1)	1425	18289
HA|PP755589.1|A/cattle/Texas/24-008749-003/2024(H5N1)	1426	18263
HA|PP755589.1|A/cattle/Texas/24-008749-003/2024(H5N1)	1427	18258
HA|PP755589.1|A/cattle/Texas/24-008749-003/2024(H5N1)	1428	18329
HA|PP755589.1|A/cattle/Texas/24-008749-003/2024(H5N1)	1429	18603
HA|PP755589.1|A/cattle/Texas/24-008749-003/2024(H5N1)	1430	17594
HA|PP755589.1|A/cattle/Texas/24-008749-003/2024(H5N1)	1431	17564
HA|PP755589.1|A/cattle/Texas/24-008749-003/2024(H5N1)	1432	17628
HA|PP755589.1|A/cattle/Texas/24-008749-003/2024(H5N1)	1433	17876
HA|PP755589.1|A/cattle/Texas/24-008749-003/2024(H5N1)	1434	18554
HA|PP755589.1|A/cattle/Texas/24-008749-003/2024(H5N1)	1435	18797
HA|PP755589.1|A/cattle/Texas/24-008749-003/2024(H5N1)	1436	18726
HA|PP755589.1|A/cattle/Texas/24-008749-003/2024(H5N1)	1437	18657
HA|PP755589.1|A/cattle/Texas/24-008749-003/2024(H5N1)	1438	18719
HA|PP755589.1|A/cattle/Texas/24-008749-003/2024(H5N1)	1439	18700
HA|PP755589.1|A/cattle/Texas/24-008749-003/2024(H5N1)	1440	18715
HA|PP755589.1|A/cattle/Texas/24-008749-003/2024(H5N1)	1441	18712
HA|PP755589.1|A/cattle/Texas/24-008749-003/2024(H5N1)	1442	18740
HA|PP755589.1|A/cattle/Texas/24-008749-003/2024(H5N1)	1443	18127
HA|PP755589.1|A/cattle/Texas/24-008749-003/2024(H5N1)	1444	18099
HA|PP755589.1|A/cattle/Texas/24-008749-003/2024(H5N1)	1445	18210
HA|PP755589.1|A/cattle/Texas/24-008749-003/2024(H5N1)	1446	18214
HA|PP755589.1|A/cattle/Texas/24-008749-003/2024(H5N1)	1447	18280
HA|PP755589.1|A/cattle/Texas/24-008749-003/2024(H5N1)	1448	18246
HA|PP755589.1|A/cattle/Texas/24-008749-003/2024(H5N1)	1449	17819
HA|PP755589.1|A/cattle/Texas/24-008749-003/2024(H5N1)	1450	17824
HA|PP755589.1|A/cattle/Texas/24-008749-003/2024(H5N1)	1451	17796
HA|PP755589.1|A/cattle/Texas/24-008749-003/2024(H5N1)	1452	17946
HA|PP755589.1|A/cattle/Texas/24-008749-003/2024(H5N1)	1453	17986
HA|PP755589.1|A/cattle/Texas/24-008749-003/2024(H5N1)	1454	17832
HA|PP755589.1|A/cattle/Texas/24-008749-003/2024(H5N1)	1455	17377
HA|PP755589.1|A/cattle/Texas/24-008749-003/2024(H5N1)	1456	17290
HA|PP755589.1|A/cattle/Texas/24-008749-003/2024(H5N1)	1457	17331
HA|PP755589.1|A/cattle/Texas/24-008749-003/2024(H5N1)	1458	17389
HA|PP755589.1|A/cattle/Texas/24-008749-003/2024(H5N1)	1459	17368
HA|PP755589.1|A/cattle/Texas/24-008749-003/2024(H5N1)	1460	17485
HA|PP755589.1|A/cattle/Texas/24-008749-003/2024(H5N1)	1461	17273
HA|PP755589.1|A/cattle/Texas/24-008749-003/2024(H5N1)	1462	17296
HA|PP755589.1|A/cattle/Texas/24-008749-003/2024(H5N1)	1463	17297
HA|PP755589.1|A/cattle/Texas/24-008749-003/2024(H5N1)	1464	17514
HA|PP755589.1|A/cattle/Texas/24-008749-003/2024(H5N1)	1465	16980
HA|PP755589.1|A/cattle/Texas/24-008749-003/2024(H5N1)	1466	17060
HA|PP755589.1|A/cattle/Texas/24-008749-003/2024(H5N1)	1467	16988
HA|PP755589.1|A/cattle/Texas/24-008749-003/2024(H5N1)	1468	17029
HA|PP755589.1|A/cattle/Texas/24-008749-003/2024(H5N1)	1469	17046
HA|PP755589.1|A/cattle/Texas/24-008749-003/2024(H5N1)	1470	16776
HA|PP755589.1|A/cattle/Texas/24-008749-003/2024(H5N1)	1471	16797
HA|PP755589.1|A/cattle/Texas/24-008749-003/2024(H5N1)	1472	16817
HA|PP755589.1|A/cattle/Texas/24-008749-003/2024(H5N1)	1473	16468
HA|PP755589.1|A/cattle/Texas/24-008749-003/2024(H5N1)	1474	16483
HA|PP755589.1|A/cattle/Texas/24-008749-003/2024(H5N1)	1475	16300
HA|PP755589.1|A/cattle/Texas/24-008749-003/2024(H5N1)	1476	16362
HA|PP755589.1|A/cattle/Texas/24-008749-003/2024(H5N1)	1477	16698
HA|PP755589.1|A/cattle/Texas/24-008749-003/2024(H5N1)	1478	16632
HA|PP755589.1|A/cattle/Texas/24-008749-003/2024(H5N1)	1479	16813
HA|PP755589.1|A/cattle/Texas/24-008749-003/2024(H5N1)	1480	17568
HA|PP755589.1|A/cattle/Texas/24-008749-003/2024(H5N1)	1481	17570
HA|PP755589.1|A/cattle/Texas/24-008749-003/2024(H5N1)	1482	17556
HA|PP755589.1|A/cattle/Texas/24-008749-003/2024(H5N1)	1483	17550
HA|PP755589.1|A/cattle/Texas/24-008749-003/2024(H5N1)	1484	17522
HA|PP755589.1|A/cattle/Texas/24-008749-003/2024(H5N1)	1485	17562
HA|PP755589.1|A/cattle/Texas/24-008749-003/2024(H5N1)	1486	17279
HA|PP755589.1|A/cattle/Texas/24-008749-003/2024(H5N1)	1487	17488
HA|PP755589.1|A/cattle/Texas/24-008749-003/2024(H5N1)	1488	17121
HA|PP755589.1|A/cattle/Texas/24-008749-003/2024(H5N1)	1489	17100
HA|PP755589.1|A/cattle/Texas/24-008749-003/2024(H5N1)	1490	17137
HA|PP755589.1|A/cattle/Texas/24-008749-003/2024(H5N1)	1491	17110
HA|PP755589.1|A/cattle/Texas/24-008749-003/2024(H5N1)	1492	17146
HA|PP755589.1|A/cattle/Texas/24-008749-003/2024(H5N1)	1493	17210
HA|PP755589.1|A/cattle/Texas/24-008749-003/2024(H5N1)	1494	17296
HA|PP755589.1|A/cattle/Texas/24-008749-003/2024(H5N1)	1495	17302
HA|PP755589.1|A/cattle/Texas/24-008749-003/2024(H5N1)	1496	17288
HA|PP755589.1|A/cattle/Texas/24-008749-003/2024(H5N1)	1497	17244
HA|PP755589.1|A/cattle/Texas/24-008749-003/2024(H5N1)	1498	17052
HA|PP755589.1|A/cattle/Texas/24-008749-003/2024(H5N1)	1499	17086
HA|PP755589.1|A/cattle/Texas/24-008749-003/2024(H5N1)	1500	17062
HA|PP755589.1|A/cattle/Texas/24-008749-003/2024(H5N1)	1501	17376
HA|PP755589.1|A/cattle/Texas/24-008749-003/2024(H5N1)	1502	17203
HA|PP755589.1|A/cattle/Texas/24-008749-003/2024(H5N1)	1503	17235
HA|PP755589.1|A/cattle/Texas/24-008749-003/2024(H5N1)	1504	17286
HA|PP755589.1|A/cattle/Texas/24-008749-003/2024(H5N1)	1505	17215
HA|PP755589.1|A/cattle/Texas/24-008749-003/2024(H5N1)	1506	17809
HA|PP755589.1|A/cattle/Texas/24-008749-003/2024(H5N1)	1507	17830
HA|PP755589.1|A/cattle/Texas/24-008749-003/2024(H5N1)	1508	17802
HA|PP755589.1|A/cattle/Texas/24-008749-003/2024(H5N1)	1509	17748
HA|PP755589.1|A/cattle/Texas/24-008749-003/2024(H5N1)	1510	17446
HA|PP755589.1|A/cattle/Texas/24-008749-003/2024(H5N1)	1511	17948
HA|PP755589.1|A/cattle/Texas/24-008749-003/2024(H5N1)	1512	18069
HA|PP755589.1|A/cattle/Texas/24-008749-003/2024(H5N1)	1513	18412
HA|PP755589.1|A/cattle/Texas/24-008749-003/2024(H5N1)	1514	18409
HA|PP755589.1|A/cattle/Texas/24-008749-003/2024(H5N1)	1515	18062
HA|PP755589.1|A/cattle/Texas/24-008749-003/2024(H5N1)	1516	18085
HA|PP755589.1|A/cattle/Texas/24-008749-003/2024(H5N1)	1517	18008
HA|PP755589.1|A/cattle/Texas/24-008749-003/2024(H5N1)	1518	18474
HA|PP755589.1|A/cattle/Texas/24-008749-003/2024(H5N1)	1519	18462
HA|PP755589.1|A/cattle/Texas/24-008749-003/2024(H5N1)	1520	18599
HA|PP755589.1|A/cattle/Texas/24-008749-003/2024(H5N1)	1521	18307
HA|PP755589.1|A/cattle/Texas/24-008749-003/2024(H5N1)	1522	18004
HA|PP755589.1|A/cattle/Texas/24-008749-003/2024(H5N1)	1523	18006
HA|PP755589.1|A/cattle/Texas/24-008749-003/2024(H5N1)	1524	17879
HA|PP755589.1|A/cattle/Texas/24-008749-003/2024(H5N1)	1525	17994
HA|PP755589.1|A/cattle/Texas/24-008749-003/2024(H5N1)	1526	18816
HA|PP755589.1|A/cattle/Texas/24-008749-003/2024(H5N1)	1527	18161
HA|PP755589.1|A/cattle/Texas/24-008749-003/2024(H5N1)	1528	18163
HA|PP755589.1|A/cattle/Texas/24-008749-003/2024(H5N1)	1529	18048
HA|PP755589.1|A/cattle/Texas/24-008749-003/2024(H5N1)	1530	18029
HA|PP755589.1|A/cattle/Texas/24-008749-003/2024(H5N1)	1531	18027
HA|PP755589.1|A/cattle/Texas/24-008749-003/2024(H5N1)	1532	18038
HA|PP755589.1|A/cattle/Texas/24-008749-003/2024(H5N1)	1533	18039
HA|PP755589.1|A/cattle/Texas/24-008749-003/2024(H5N1)	1534	17962
HA|PP755589.1|A/cattle/Texas/24-008749-003/2024(H5N1)	1535	17985
HA|PP755589.1|A/cattle/Texas/24-008749-003/2024(H5N1)	1536	18632
HA|PP755589.1|A/cattle/Texas/24-008749-003/2024(H5N1)	1537	18394
HA|PP755589.1|A/cattle/Texas/24-008749-003/2024(H5N1)	1538	18308
HA|PP755589.1|A/cattle/Texas/24-008749-003/2024(H5N1)	1539	18708
HA|PP755589.1|A/cattle/Texas/24-008749-003/2024(H5N1)	1540	18705
HA|PP755589.1|A/cattle/Texas/24-008749-003/2024(H5N1)	1541	18740
HA|PP755589.1|A/cattle/Texas/24-008749-003/2024(H5N1)	1542	18741
HA|PP755589.1|A/cattle/Texas/24-008749-003/2024(H5N1)	1543	18633
HA|PP755589.1|A/cattle/Texas/24-008749-003/2024(H5N1)	1544	18746
HA|PP755589.1|A/cattle/Texas/24-008749-003/2024(H5N1)	1545	18734
HA|PP755589.1|A/cattle/Texas/24-008749-003/2024(H5N1)	1546	18763
HA|PP755589.1|A/cattle/Texas/24-008749-003/2024(H5N1)	1547	18792
HA|PP755589.1|A/cattle/Texas/24-008749-003/2024(H5N1)	1548	18773
HA|PP755589.1|A/cattle/Texas/24-008749-003/2024(H5N1)	1549	18953
HA|PP755589.1|A/cattle/Texas/24-008749-003/2024(H5N1)	1550	18995
HA|PP755589.1|A/cattle/Texas/24-008749-003/2024(H5N1)	1551	19037
HA|PP755589.1|A/cattle/Texas/24-008749-003/2024(H5N1)	1552	19038
HA|PP755589.1|A/cattle/Texas/24-008749-003/2024(H5N1)	1553	18907
HA|PP755589.1|A/cattle/Texas/24-008749-003/2024(H5N1)	1554	18419
HA|PP755589.1|A/cattle/Texas/24-008749-003/2024(H5N1)	1555	18389
HA|PP755589.1|A/cattle/Texas/24-008749-003/2024(H5N1)	1556	18365
HA|PP755589.1|A/cattle/Texas/24-008749-003/2024(H5N1)	1557	18422
HA|PP755589.1|A/cattle/Texas/24-008749-003/2024(H5N1)	1558	18002
HA|PP755589.1|A/cattle/Texas/24-008749-003/2024(H5N1)	1559	18026
HA|PP755589.1|A/cattle/Texas/24-008749-003/2024(H5N1)	1560	17936
HA|PP755589.1|A/cattle/Texas/24-008749-003/2024(H5N1)	1561	17200
HA|PP755589.1|A/cattle/Texas/24-008749-003/2024(H5N1)	1562	17402
HA|PP755589.1|A/cattle/Texas/24-008749-003/2024(H5N1)	1563	17404
HA|PP755589.1|A/cattle/Texas/24-008749-003/2024(H5N1)	1564	17476
HA|PP755589.1|A/cattle/Texas/24-008749-003/2024(H5N1)	1565	17480
HA|PP755589.1|A/cattle/Texas/24-008749-003/2024(H5N1)	1566	17515
HA|PP755589.1|A/cattle/Texas/24-008749-003/2024(H5N1)	1567	17189
HA|PP755589.1|A/cattle/Texas/24-008749-003/2024(H5N1)	1568	17122
HA|PP755589.1|A/cattle/Texas/24-008749-003/2024(H5N1)	1569	17101
HA|PP755589.1|A/cattle/Texas/24-008749-003/2024(H5N1)	1570	17090
HA|PP755589.1|A/cattle/Texas/24-008749-003/2024(H5N1)	1571	17345
HA|PP755589.1|A/cattle/Texas/24-008749-003/2024(H5N1)	1572	16616
HA|PP755589.1|A/cattle/Texas/24-008749-003/2024(H5N1)	1573	16553
HA|PP755589.1|A/cattle/Texas/24-008749-003/2024(H5N1)	1574	16597
HA|PP755589.1|A/cattle/Texas/24-008749-003/2024(H5N1)	1575	16577
HA|PP755589.1|A/cattle/Texas/24-008749-003/2024(H5N1)	1576	16632
HA|PP755589.1|A/cattle/Texas/24-008749-003/2024(H5N1)	1577	16906
HA|PP755589.1|A/cattle/Texas/24-008749-003/2024(H5N1)	1578	16897
HA|PP755589.1|A/cattle/Texas/24-008749-003/2024(H5N1)	1579	16823
HA|PP755589.1|A/cattle/Texas/24-008749-003/2024(H5N1)	1580	16767
HA|PP755589.1|A/cattle/Texas/24-008749-003/2024(H5N1)	1581	16833
HA|PP755589.1|A/cattle/Texas/24-008749-003/2024(H5N1)	1582	16818
HA|PP755589.1|A/cattle/Texas/24-008749-003/2024(H5N1)	1583	16464
HA|PP755589.1|A/cattle/Texas/24-008749-003/2024(H5N1)	1584	16110
HA|PP755589.1|A/cattle/Texas/24-008749-003/2024(H5N1)	1585	16058
HA|PP755589.1|A/cattle/Texas/24-008749-003/2024(H5N1)	1586	16054
HA|PP755589.1|A/cattle/Texas/24-008749-003/2024(H5N1)	1587	16139
HA|PP755589.1|A/cattle/Texas/24-008749-003/2024(H5N1)	1588	16142
HA|PP755589.1|A/cattle/Texas/24-008749-003/2024(H5N1)	1589	15671
HA|PP755589.1|A/cattle/Texas/24-008749-003/2024(H5N1)	1590	15698
HA|PP755589.1|A/cattle/Texas/24-008749-003/2024(H5N1)	1591	15706
HA|PP755589.1|A/cattle/Texas/24-008749-003/2024(H5N1)	1592	15686
HA|PP755589.1|A/cattle/Texas/24-008749-003/2024(H5N1)	1593	16495
HA|PP755589.1|A/cattle/Texas/24-008749-003/2024(H5N1)	1594	16399
HA|PP755589.1|A/cattle/Texas/24-008749-003/2024(H5N1)	1595	16037
HA|PP755589.1|A/cattle/Texas/24-008749-003/2024(H5N1)	1596	16058
HA|PP755589.1|A/cattle/Texas/24-008749-003/2024(H5N1)	1597	18618
HA|PP755589.1|A/cattle/Texas/24-008749-003/2024(H5N1)	1598	18672
HA|PP755589.1|A/cattle/Texas/24-008749-003/2024(H5N1)	1599	18872
HA|PP755589.1|A/cattle/Texas/24-008749-003/2024(H5N1)	1600	18886
HA|PP755589.1|A/cattle/Texas/24-008749-003/2024(H5N1)	1601	18895
HA|PP755589.1|A/cattle/Texas/24-008749-003/2024(H5N1)	1602	19180
HA|PP755589.1|A/cattle/Texas/24-008749-003/2024(H5N1)	1603	18979
HA|PP755589.1|A/cattle/Texas/24-008749-003/2024(H5N1)	1604	18975
HA|PP755589.1|A/cattle/Texas/24-008749-003/2024(H5N1)	1605	18953
HA|PP755589.1|A/cattle/Texas/24-008749-003/2024(H5N1)	1606	18923
HA|PP755589.1|A/cattle/Texas/24-008749-003/2024(H5N1)	1607	18900
HA|PP755589.1|A/cattle/Texas/24-008749-003/2024(H5N1)	1608	18879
HA|PP755589.1|A/cattle/Texas/24-008749-003/2024(H5N1)	1609	18828
HA|PP755589.1|A/cattle/Texas/24-008749-003/2024(H5N1)	1610	18823
HA|PP755589.1|A/cattle/Texas/24-008749-003/2024(H5N1)	1611	18679
HA|PP755589.1|A/cattle/Texas/24-008749-003/2024(H5N1)	1612	18664
HA|PP755589.1|A/cattle/Texas/24-008749-003/2024(H5N1)	1613	18570
HA|PP755589.1|A/cattle/Texas/24-008749-003/2024(H5N1)	1614	18597
HA|PP755589.1|A/cattle/Texas/24-008749-003/2024(H5N1)	1615	18320
HA|PP755589.1|A/cattle/Texas/24-008749-003/2024(H5N1)	1616	18165
HA|PP755589.1|A/cattle/Texas/24-008749-003/2024(H5N1)	1617	18159
HA|PP755589.1|A/cattle/Texas/24-008749-003/2024(H5N1)	1618	18137
HA|PP755589.1|A/cattle/Texas/24-008749-003/2024(H5N1)	1619	18170
HA|PP755589.1|A/cattle/Texas/24-008749-003/2024(H5N1)	1620	18170
HA|PP755589.1|A/cattle/Texas/24-008749-003/2024(H5N1)	1621	18101
HA|PP755589.1|A/cattle/Texas/24-008749-003/2024(H5N1)	1622	18356
HA|PP755589.1|A/cattle/Texas/24-008749-003/2024(H5N1)	1623	18284
HA|PP755589.1|A/cattle/Texas/24-008749-003/2024(H5N1)	1624	18228
HA|PP755589.1|A/cattle/Texas/24-008749-003/2024(H5N1)	1625	18227
HA|PP755589.1|A/cattle/Texas/24-008749-003/2024(H5N1)	1626	18203
HA|PP755589.1|A/cattle/Texas/24-008749-003/2024(H5N1)	1627	18186
HA|PP755589.1|A/cattle/Texas/24-008749-003/2024(H5N1)	1628	17572
HA|PP755589.1|A/cattle/Texas/24-008749-003/2024(H5N1)	1629	17454
HA|PP755589.1|A/cattle/Texas/24-008749-003/2024(H5N1)	1630	17264
HA|PP755589.1|A/cattle/Texas/24-008749-003/2024(H5N1)	1631	16328
HA|PP755589.1|A/cattle/Texas/24-008749-003/2024(H5N1)	1632	16367
HA|PP755589.1|A/cattle/Texas/24-008749-003/2024(H5N1)	1633	16366
HA|PP755589.1|A/cattle/Texas/24-008749-003/2024(H5N1)	1634	16363
HA|PP755589.1|A/cattle/Texas/24-008749-003/2024(H5N1)	1635	16337
HA|PP755589.1|A/cattle/Texas/24-008749-003/2024(H5N1)	1636	16237
HA|PP755589.1|A/cattle/Texas/24-008749-003/2024(H5N1)	1637	16221
HA|PP755589.1|A/cattle/Texas/24-008749-003/2024(H5N1)	1638	16058
HA|PP755589.1|A/cattle/Texas/24-008749-003/2024(H5N1)	1639	16033
HA|PP755589.1|A/cattle/Texas/24-008749-003/2024(H5N1)	1640	16007
HA|PP755589.1|A/cattle/Texas/24-008749-003/2024(H5N1)	1641	15902
HA|PP755589.1|A/cattle/Texas/24-008749-003/2024(H5N1)	1642	15828
HA|PP755589.1|A/cattle/Texas/24-008749-003/2024(H5N1)	1643	15793
HA|PP755589.1|A/cattle/Texas/24-008749-003/2024(H5N1)	1644	15660
HA|PP755589.1|A/cattle/Texas/24-008749-003/2024(H5N1)	1645	15595
HA|PP755589.1|A/cattle/Texas/24-008749-003/2024(H5N1)	1646	15554
HA|PP755589.1|A/cattle/Texas/24-008749-003/2024(H5N1)	1647	15129
HA|PP755589.1|A/cattle/Texas/24-008749-003/2024(H5N1)	1648	15195
HA|PP755589.1|A/cattle/Texas/24-008749-003/2024(H5N1)	1649	15214
HA|PP755589.1|A/cattle/Texas/24-008749-003/2024(H5N1)	1650	15189
HA|PP755589.1|A/cattle/Texas/24-008749-003/2024(H5N1)	1651	14906
HA|PP755589.1|A/cattle/Texas/24-008749-003/2024(H5N1)	1652	14817
HA|PP755589.1|A/cattle/Texas/24-008749-003/2024(H5N1)	1653	14867
HA|PP755589.1|A/cattle/Texas/24-008749-003/2024(H5N1)	1654	14825
HA|PP755589.1|A/cattle/Texas/24-008749-003/2024(H5N1)	1655	14186
HA|PP755589.1|A/cattle/Texas/24-008749-003/2024(H5N1)	1656	14166
HA|PP755589.1|A/cattle/Texas/24-008749-003/2024(H5N1)	1657	13746
HA|PP755589.1|A/cattle/Texas/24-008749-003/2024(H5N1)	1658	13645
HA|PP755589.1|A/cattle/Texas/24-008749-003/2024(H5N1)	1659	13614
HA|PP755589.1|A/cattle/Texas/24-008749-003/2024(H5N1)	1660	13550
HA|PP755589.1|A/cattle/Texas/24-008749-003/2024(H5N1)	1661	13543
HA|PP755589.1|A/cattle/Texas/24-008749-003/2024(H5N1)	1662	12910
HA|PP755589.1|A/cattle/Texas/24-008749-003/2024(H5N1)	1663	12702
HA|PP755589.1|A/cattle/Texas/24-008749-003/2024(H5N1)	1664	12262
HA|PP755589.1|A/cattle/Texas/24-008749-003/2024(H5N1)	1665	12267
HA|PP755589.1|A/cattle/Texas/24-008749-003/2024(H5N1)	1666	11775
HA|PP755589.1|A/cattle/Texas/24-008749-003/2024(H5N1)	1667	11809
HA|PP755589.1|A/cattle/Texas/24-008749-003/2024(H5N1)	1668	11487
HA|PP755589.1|A/cattle/Texas/24-008749-003/2024(H5N1)	1669	11473
HA|PP755589.1|A/cattle/Texas/24-008749-003/2024(H5N1)	1670	11343
HA|PP755589.1|A/cattle/Texas/24-008749-003/2024(H5N1)	1671	11130
HA|PP755589.1|A/cattle/Texas/24-008749-003/2024(H5N1)	1672	11114
HA|PP755589.1|A/cattle/Texas/24-008749-003/2024(H5N1)	1673	11110
HA|PP755589.1|A/cattle/Texas/24-008749-003/2024(H5N1)	1674	10957
HA|PP755589.1|A/cattle/Texas/24-008749-003/2024(H5N1)	1675	10944
HA|PP755589.1|A/cattle/Texas/24-008749-003/2024(H5N1)	1676	10200
HA|PP755589.1|A/cattle/Texas/24-008749-003/2024(H5N1)	1677	10050
HA|PP755589.1|A/cattle/Texas/24-008749-003/2024(H5N1)	1678	10034
HA|PP755589.1|A/cattle/Texas/24-008749-003/2024(H5N1)	1679	9596
HA|PP755589.1|A/cattle/Texas/24-008749-003/2024(H5N1)	1680	9591
HA|PP755589.1|A/cattle/Texas/24-008749-003/2024(H5N1)	1681	9569
HA|PP755589.1|A/cattle/Texas/24-008749-003/2024(H5N1)	1682	9565
HA|PP755589.1|A/cattle/Texas/24-008749-003/2024(H5N1)	1683	9560
HA|PP755589.1|A/cattle/Texas/24-008749-003/2024(H5N1)	1684	9527
HA|PP755589.1|A/cattle/Texas/24-008749-003/2024(H5N1)	1685	8964
HA|PP755589.1|A/cattle/Texas/24-008749-003/2024(H5N1)	1686	8942
HA|PP755589.1|A/cattle/Texas/24-008749-003/2024(H5N1)	1687	8798
HA|PP755589.1|A/cattle/Texas/24-008749-003/2024(H5N1)	1688	8794
HA|PP755589.1|A/cattle/Texas/24-008749-003/2024(H5N1)	1689	8791
HA|PP755589.1|A/cattle/Texas/24-008749-003/2024(H5N1)	1690	8307
HA|PP755589.1|A/cattle/Texas/24-008749-003/2024(H5N1)	1691	8305
HA|PP755589.1|A/cattle/Texas/24-008749-003/2024(H5N1)	1692	8271
HA|PP755589.1|A/cattle/Texas/24-008749-003/2024(H5N1)	1693	8269
HA|PP755589.1|A/cattle/Texas/24-008749-003/2024(H5N1)	1694	8240
HA|PP755589.1|A/cattle/Texas/24-008749-003/2024(H5N1)	1695	8035
HA|PP755589.1|A/cattle/Texas/24-008749-003/2024(H5N1)	1696	8025
HA|PP755589.1|A/cattle/Texas/24-008749-003/2024(H5N1)	1697	7991
HA|PP755589.1|A/cattle/Texas/24-008749-003/2024(H5N1)	1698	7979
HA|PP755589.1|A/cattle/Texas/24-008749-003/2024(H5N1)	1699	7976
HA|PP755589.1|A/cattle/Texas/24-008749-003/2024(H5N1)	1700	7728
HA|PP755589.1|A/cattle/Texas/24-008749-003/2024(H5N1)	1701	7699
HA|PP755589.1|A/cattle/Texas/24-008749-003/2024(H5N1)	1702	7668
HA|PP755589.1|A/cattle/Texas/24-008749-003/2024(H5N1)	1703	7655
HA|PP755589.1|A/cattle/Texas/24-008749-003/2024(H5N1)	1704	7641
