PB1|PP755595.1|A/cattle/Texas/24-008749-003/2024(H5N1)	1	600
PB1|PP755595.1|A/cattle/Texas/24-008749-003/2024(H5N1)	2	606
PB1|PP755595.1|A/cattle/Texas/24-008749-003/2024(H5N1)	3	607
PB1|PP755595.1|A/cattle/Texas/24-008749-003/2024(H5N1)	4	615
PB1|PP755595.1|A/cattle/Texas/24-008749-003/2024(H5N1)	5	629
PB1|PP755595.1|A/cattle/Texas/24-008749-003/2024(H5N1)	6	635
PB1|PP755595.1|A/cattle/Texas/24-008749-003/2024(H5N1)	7	641
PB1|PP755595.1|A/cattle/Texas/24-008749-003/2024(H5N1)	8	648
PB1|PP755595.1|A/cattle/Texas/24-008749-003/2024(H5N1)	9	658
PB1|PP755595.1|A/cattle/Texas/24-008749-003/2024(H5N1)	10	662
PB1|PP755595.1|A/cattle/Texas/24-008749-003/2024(H5N1)	11	665
PB1|PP755595.1|A/cattle/Texas/24-008749-003/2024(H5N1)	12	668
PB1|PP755595.1|A/cattle/Texas/24-008749-003/2024(H5N1)	13	669
PB1|PP755595.1|A/cattle/Texas/24-008749-003/2024(H5N1)	14	671
PB1|PP755595.1|A/cattle/Texas/24-008749-003/2024(H5N1)	15	676
PB1|PP755595.1|A/cattle/Texas/24-008749-003/2024(H5N1)	16	701
PB1|PP755595.1|A/cattle/Texas/24-008749-003/2024(H5N1)	17	704
PB1|PP755595.1|A/cattle/Texas/24-008749-003/2024(H5N1)	18	706
PB1|PP755595.1|A/cattle/Texas/24-008749-003/2024(H5N1)	19	713
PB1|PP755595.1|A/cattle/Texas/24-008749-003/2024(H5N1)	20	714
PB1|PP755595.1|A/cattle/Texas/24-008749-003/2024(H5N1)	21	717
PB1|PP755595.1|A/cattle/Texas/24-008749-003/2024(H5N1)	22	717
PB1|PP755595.1|A/cattle/Texas/24-008749-003/2024(H5N1)	23	719
PB1|PP755595.1|A/cattle/Texas/24-008749-003/2024(H5N1)	24	741
PB1|PP755595.1|A/cattle/Texas/24-008749-003/2024(H5N1)	25	743
PB1|PP755595.1|A/cattle/Texas/24-008749-003/2024(H5N1)	26	763
PB1|PP755595.1|A/cattle/Texas/24-008749-003/2024(H5N1)	27	767
PB1|PP755595.1|A/cattle/Texas/24-008749-003/2024(H5N1)	28	768
PB1|PP755595.1|A/cattle/Texas/24-008749-003/2024(H5N1)	29	772
PB1|PP755595.1|A/cattle/Texas/24-008749-003/2024(H5N1)	30	774
PB1|PP755595.1|A/cattle/Texas/24-008749-003/2024(H5N1)	31	773
PB1|PP755595.1|A/cattle/Texas/24-008749-003/2024(H5N1)	32	775
PB1|PP755595.1|A/cattle/Texas/24-008749-003/2024(H5N1)	33	775
PB1|PP755595.1|A/cattle/Texas/24-008749-003/2024(H5N1)	34	777
PB1|PP755595.1|A/cattle/Texas/24-008749-003/2024(H5N1)	35	787
PB1|PP755595.1|A/cattle/Texas/24-008749-003/2024(H5N1)	36	790
PB1|PP755595.1|A/cattle/Texas/24-008749-003/2024(H5N1)	37	793
PB1|PP755595.1|A/cattle/Texas/24-008749-003/2024(H5N1)	38	796
PB1|PP755595.1|A/cattle/Texas/24-008749-003/2024(H5N1)	39	786
PB1|PP755595.1|A/cattle/Texas/24-008749-003/2024(H5N1)	40	794
PB1|PP755595.1|A/cattle/Texas/24-008749-003/2024(H5N1)	41	799
PB1|PP755595.1|A/cattle/Texas/24-008749-003/2024(H5N1)	42	803
PB1|PP755595.1|A/cattle/Texas/24-008749-003/2024(H5N1)	43	805
PB1|PP755595.1|A/cattle/Texas/24-008749-003/2024(H5N1)	44	784
PB1|PP755595.1|A/cattle/Texas/24-008749-003/2024(H5N1)	45	816
PB1|PP755595.1|A/cattle/Texas/24-008749-003/2024(H5N1)	46	820
PB1|PP755595.1|A/cattle/Texas/24-008749-003/2024(H5N1)	47	831
PB1|PP755595.1|A/cattle/Texas/24-008749-003/2024(H5N1)	48	832
PB1|PP755595.1|A/cattle/Texas/24-008749-003/2024(H5N1)	49	856
PB1|PP755595.1|A/cattle/Texas/24-008749-003/2024(H5N1)	50	864
PB1|PP755595.1|A/cattle/Texas/24-008749-003/2024(H5N1)	51	869
PB1|PP755595.1|A/cattle/Texas/24-008749-003/2024(H5N1)	52	869
PB1|PP755595.1|A/cattle/Texas/24-008749-003/2024(H5N1)	53	870
PB1|PP755595.1|A/cattle/Texas/24-008749-003/2024(H5N1)	54	884
PB1|PP755595.1|A/cattle/Texas/24-008749-003/2024(H5N1)	55	884
PB1|PP755595.1|A/cattle/Texas/24-008749-003/2024(H5N1)	56	901
PB1|PP755595.1|A/cattle/Texas/24-008749-003/2024(H5N1)	57	906
PB1|PP755595.1|A/cattle/Texas/24-008749-003/2024(H5N1)	58	905
PB1|PP755595.1|A/cattle/Texas/24-008749-003/2024(H5N1)	59	922
PB1|PP755595.1|A/cattle/Texas/24-008749-003/2024(H5N1)	60	923
PB1|PP755595.1|A/cattle/Texas/24-008749-003/2024(H5N1)	61	935
PB1|PP755595.1|A/cattle/Texas/24-008749-003/2024(H5N1)	62	939
PB1|PP755595.1|A/cattle/Texas/24-008749-003/2024(H5N1)	63	933
PB1|PP755595.1|A/cattle/Texas/24-008749-003/2024(H5N1)	64	971
PB1|PP755595.1|A/cattle/Texas/24-008749-003/2024(H5N1)	65	979
PB1|PP755595.1|A/cattle/Texas/24-008749-003/2024(H5N1)	66	1045
PB1|PP755595.1|A/cattle/Texas/24-008749-003/2024(H5N1)	67	1051
PB1|PP755595.1|A/cattle/Texas/24-008749-003/2024(H5N1)	68	1050
PB1|PP755595.1|A/cattle/Texas/24-008749-003/2024(H5N1)	69	1081
PB1|PP755595.1|A/cattle/Texas/24-008749-003/2024(H5N1)	70	1086
PB1|PP755595.1|A/cattle/Texas/24-008749-003/2024(H5N1)	71	1135
PB1|PP755595.1|A/cattle/Texas/24-008749-003/2024(H5N1)	72	1139
PB1|PP755595.1|A/cattle/Texas/24-008749-003/2024(H5N1)	73	1138
PB1|PP755595.1|A/cattle/Texas/24-008749-003/2024(H5N1)	74	1145
PB1|PP755595.1|A/cattle/Texas/24-008749-003/2024(H5N1)	75	1133
PB1|PP755595.1|A/cattle/Texas/24-008749-003/2024(H5N1)	76	1143
PB1|PP755595.1|A/cattle/Texas/24-008749-003/2024(H5N1)	77	1147
PB1|PP755595.1|A/cattle/Texas/24-008749-003/2024(H5N1)	78	1135
PB1|PP755595.1|A/cattle/Texas/24-008749-003/2024(H5N1)	79	1139
PB1|PP755595.1|A/cattle/Texas/24-008749-003/2024(H5N1)	80	1150
PB1|PP755595.1|A/cattle/Texas/24-008749-003/2024(H5N1)	81	1152
PB1|PP755595.1|A/cattle/Texas/24-008749-003/2024(H5N1)	82	1179
PB1|PP755595.1|A/cattle/Texas/24-008749-003/2024(H5N1)	83	1177
PB1|PP755595.1|A/cattle/Texas/24-008749-003/2024(H5N1)	84	1180
PB1|PP755595.1|A/cattle/Texas/24-008749-003/2024(H5N1)	85	1227
PB1|PP755595.1|A/cattle/Texas/24-008749-003/2024(H5N1)	86	1226
PB1|PP755595.1|A/cattle/Texas/24-008749-003/2024(H5N1)	87	1231
PB1|PP755595.1|A/cattle/Texas/24-008749-003/2024(H5N1)	88	1238
PB1|PP755595.1|A/cattle/Texas/24-008749-003/2024(H5N1)	89	1236
PB1|PP755595.1|A/cattle/Texas/24-008749-003/2024(H5N1)	90	1241
PB1|PP755595.1|A/cattle/Texas/24-008749-003/2024(H5N1)	91	1235
PB1|PP755595.1|A/cattle/Texas/24-008749-003/2024(H5N1)	92	1259
PB1|PP755595.1|A/cattle/Texas/24-008749-003/2024(H5N1)	93	1272
PB1|PP755595.1|A/cattle/Texas/24-008749-003/2024(H5N1)	94	1260
PB1|PP755595.1|A/cattle/Texas/24-008749-003/2024(H5N1)	95	1259
PB1|PP755595.1|A/cattle/Texas/24-008749-003/2024(H5N1)	96	1256
PB1|PP755595.1|A/cattle/Texas/24-008749-003/2024(H5N1)	97	1250
PB1|PP755595.1|A/cattle/Texas/24-008749-003/2024(H5N1)	98	1268
PB1|PP755595.1|A/cattle/Texas/24-008749-003/2024(H5N1)	99	1285
PB1|PP755595.1|A/cattle/Texas/24-008749-003/2024(H5N1)	100	1285
PB1|PP755595.1|A/cattle/Texas/24-008749-003/2024(H5N1)	101	1277
PB1|PP755595.1|A/cattle/Texas/24-008749-003/2024(H5N1)	102	1275
PB1|PP755595.1|A/cattle/Texas/24-008749-003/2024(H5N1)	103	1286
PB1|PP755595.1|A/cattle/Texas/24-008749-003/2024(H5N1)	104	1309
PB1|PP755595.1|A/cattle/Texas/24-008749-003/2024(H5N1)	105	1309
PB1|PP755595.1|A/cattle/Texas/24-008749-003/2024(H5N1)	106	1323
PB1|PP755595.1|A/cattle/Texas/24-008749-003/2024(H5N1)	107	1325
PB1|PP755595.1|A/cattle/Texas/24-008749-003/2024(H5N1)	108	1326
PB1|PP755595.1|A/cattle/Texas/24-008749-003/2024(H5N1)	109	1456
PB1|PP755595.1|A/cattle/Texas/24-008749-003/2024(H5N1)	110	1472
PB1|PP755595.1|A/cattle/Texas/24-008749-003/2024(H5N1)	111	1465
PB1|PP755595.1|A/cattle/Texas/24-008749-003/2024(H5N1)	112	1453
PB1|PP755595.1|A/cattle/Texas/24-008749-003/2024(H5N1)	113	1450
PB1|PP755595.1|A/cattle/Texas/24-008749-003/2024(H5N1)	114	1443
PB1|PP755595.1|A/cattle/Texas/24-008749-003/2024(H5N1)	115	1472
PB1|PP755595.1|A/cattle/Texas/24-008749-003/2024(H5N1)	116	1481
PB1|PP755595.1|A/cattle/Texas/24-008749-003/2024(H5N1)	117	1470
PB1|PP755595.1|A/cattle/Texas/24-008749-003/2024(H5N1)	118	1428
PB1|PP755595.1|A/cattle/Texas/24-008749-003/2024(H5N1)	119	1411
PB1|PP755595.1|A/cattle/Texas/24-008749-003/2024(H5N1)	120	1417
PB1|PP755595.1|A/cattle/Texas/24-008749-003/2024(H5N1)	121	1419
PB1|PP755595.1|A/cattle/Texas/24-008749-003/2024(H5N1)	122	1368
PB1|PP755595.1|A/cattle/Texas/24-008749-003/2024(H5N1)	123	1361
PB1|PP755595.1|A/cattle/Texas/24-008749-003/2024(H5N1)	124	1354
PB1|PP755595.1|A/cattle/Texas/24-008749-003/2024(H5N1)	125	1410
PB1|PP755595.1|A/cattle/Texas/24-008749-003/2024(H5N1)	126	1396
PB1|PP755595.1|A/cattle/Texas/24-008749-003/2024(H5N1)	127	1351
PB1|PP755595.1|A/cattle/Texas/24-008749-003/2024(H5N1)	128	1359
PB1|PP755595.1|A/cattle/Texas/24-008749-003/2024(H5N1)	129	1385
PB1|PP755595.1|A/cattle/Texas/24-008749-003/2024(H5N1)	130	1382
PB1|PP755595.1|A/cattle/Texas/24-008749-003/2024(H5N1)	131	1389
PB1|PP755595.1|A/cattle/Texas/24-008749-003/2024(H5N1)	132	1381
PB1|PP755595.1|A/cattle/Texas/24-008749-003/2024(H5N1)	133	1378
PB1|PP755595.1|A/cattle/Texas/24-008749-003/2024(H5N1)	134	1386
PB1|PP755595.1|A/cattle/Texas/24-008749-003/2024(H5N1)	135	1381
PB1|PP755595.1|A/cattle/Texas/24-008749-003/2024(H5N1)	136	1381
PB1|PP755595.1|A/cattle/Texas/24-008749-003/2024(H5N1)	137	1358
PB1|PP755595.1|A/cattle/Texas/24-008749-003/2024(H5N1)	138	1357
PB1|PP755595.1|A/cattle/Texas/24-008749-003/2024(H5N1)	139	1391
PB1|PP755595.1|A/cattle/Texas/24-008749-003/2024(H5N1)	140	1372
PB1|PP755595.1|A/cattle/Texas/24-008749-003/2024(H5N1)	141	1366
PB1|PP755595.1|A/cattle/Texas/24-008749-003/2024(H5N1)	142	1368
PB1|PP755595.1|A/cattle/Texas/24-008749-003/2024(H5N1)	143	1349
PB1|PP755595.1|A/cattle/Texas/24-008749-003/2024(H5N1)	144	1353
PB1|PP755595.1|A/cattle/Texas/24-008749-003/2024(H5N1)	145	1351
PB1|PP755595.1|A/cattle/Texas/24-008749-003/2024(H5N1)	146	1304
PB1|PP755595.1|A/cattle/Texas/24-008749-003/2024(H5N1)	147	1298
PB1|PP755595.1|A/cattle/Texas/24-008749-003/2024(H5N1)	148	1286
PB1|PP755595.1|A/cattle/Texas/24-008749-003/2024(H5N1)	149	1285
PB1|PP755595.1|A/cattle/Texas/24-008749-003/2024(H5N1)	150	1283
PB1|PP755595.1|A/cattle/Texas/24-008749-003/2024(H5N1)	151	1292
PB1|PP755595.1|A/cattle/Texas/24-008749-003/2024(H5N1)	152	1251
PB1|PP755595.1|A/cattle/Texas/24-008749-003/2024(H5N1)	153	1248
PB1|PP755595.1|A/cattle/Texas/24-008749-003/2024(H5N1)	154	1247
PB1|PP755595.1|A/cattle/Texas/24-008749-003/2024(H5N1)	155	1243
PB1|PP755595.1|A/cattle/Texas/24-008749-003/2024(H5N1)	156	1243
PB1|PP755595.1|A/cattle/Texas/24-008749-003/2024(H5N1)	157	1241
PB1|PP755595.1|A/cattle/Texas/24-008749-003/2024(H5N1)	158	1222
PB1|PP755595.1|A/cattle/Texas/24-008749-003/2024(H5N1)	159	1223
PB1|PP755595.1|A/cattle/Texas/24-008749-003/2024(H5N1)	160	1240
PB1|PP755595.1|A/cattle/Texas/24-008749-003/2024(H5N1)	161	1232
PB1|PP755595.1|A/cattle/Texas/24-008749-003/2024(H5N1)	162	1232
PB1|PP755595.1|A/cattle/Texas/24-008749-003/2024(H5N1)	163	1231
PB1|PP755595.1|A/cattle/Texas/24-008749-003/2024(H5N1)	164	1236
PB1|PP755595.1|A/cattle/Texas/24-008749-003/2024(H5N1)	165	1239
PB1|PP755595.1|A/cattle/Texas/24-008749-003/2024(H5N1)	166	1233
PB1|PP755595.1|A/cattle/Texas/24-008749-003/2024(H5N1)	167	1156
PB1|PP755595.1|A/cattle/Texas/24-008749-003/2024(H5N1)	168	1149
PB1|PP755595.1|A/cattle/Texas/24-008749-003/2024(H5N1)	169	1156
PB1|PP755595.1|A/cattle/Texas/24-008749-003/2024(H5N1)	170	1158
PB1|PP755595.1|A/cattle/Texas/24-008749-003/2024(H5N1)	171	1154
PB1|PP755595.1|A/cattle/Texas/24-008749-003/2024(H5N1)	172	1161
PB1|PP755595.1|A/cattle/Texas/24-008749-003/2024(H5N1)	173	1163
PB1|PP755595.1|A/cattle/Texas/24-008749-003/2024(H5N1)	174	1172
PB1|PP755595.1|A/cattle/Texas/24-008749-003/2024(H5N1)	175	1175
PB1|PP755595.1|A/cattle/Texas/24-008749-003/2024(H5N1)	176	1176
PB1|PP755595.1|A/cattle/Texas/24-008749-003/2024(H5N1)	177	1174
PB1|PP755595.1|A/cattle/Texas/24-008749-003/2024(H5N1)	178	1174
PB1|PP755595.1|A/cattle/Texas/24-008749-003/2024(H5N1)	179	1177
PB1|PP755595.1|A/cattle/Texas/24-008749-003/2024(H5N1)	180	1181
PB1|PP755595.1|A/cattle/Texas/24-008749-003/2024(H5N1)	181	1186
PB1|PP755595.1|A/cattle/Texas/24-008749-003/2024(H5N1)	182	1186
PB1|PP755595.1|A/cattle/Texas/24-008749-003/2024(H5N1)	183	1152
PB1|PP755595.1|A/cattle/Texas/24-008749-003/2024(H5N1)	184	1152
PB1|PP755595.1|A/cattle/Texas/24-008749-003/2024(H5N1)	185	1154
PB1|PP755595.1|A/cattle/Texas/24-008749-003/2024(H5N1)	186	1147
PB1|PP755595.1|A/cattle/Texas/24-008749-003/2024(H5N1)	187	1158
PB1|PP755595.1|A/cattle/Texas/24-008749-003/2024(H5N1)	188	1193
PB1|PP755595.1|A/cattle/Texas/24-008749-003/2024(H5N1)	189	1190
PB1|PP755595.1|A/cattle/Texas/24-008749-003/2024(H5N1)	190	1224
PB1|PP755595.1|A/cattle/Texas/24-008749-003/2024(H5N1)	191	1221
PB1|PP755595.1|A/cattle/Texas/24-008749-003/2024(H5N1)	192	1251
PB1|PP755595.1|A/cattle/Texas/24-008749-003/2024(H5N1)	193	1252
PB1|PP755595.1|A/cattle/Texas/24-008749-003/2024(H5N1)	194	1261
PB1|PP755595.1|A/cattle/Texas/24-008749-003/2024(H5N1)	195	1293
PB1|PP755595.1|A/cattle/Texas/24-008749-003/2024(H5N1)	196	1271
PB1|PP755595.1|A/cattle/Texas/24-008749-003/2024(H5N1)	197	1268
PB1|PP755595.1|A/cattle/Texas/24-008749-003/2024(H5N1)	198	1268
PB1|PP755595.1|A/cattle/Texas/24-008749-003/2024(H5N1)	199	1249
PB1|PP755595.1|A/cattle/Texas/24-008749-003/2024(H5N1)	200	1252
PB1|PP755595.1|A/cattle/Texas/24-008749-003/2024(H5N1)	201	1237
PB1|PP755595.1|A/cattle/Texas/24-008749-003/2024(H5N1)	202	1236
PB1|PP755595.1|A/cattle/Texas/24-008749-003/2024(H5N1)	203	1190
PB1|PP755595.1|A/cattle/Texas/24-008749-003/2024(H5N1)	204	1139
PB1|PP755595.1|A/cattle/Texas/24-008749-003/2024(H5N1)	205	1143
PB1|PP755595.1|A/cattle/Texas/24-008749-003/2024(H5N1)	206	1134
PB1|PP755595.1|A/cattle/Texas/24-008749-003/2024(H5N1)	207	1137
PB1|PP755595.1|A/cattle/Texas/24-008749-003/2024(H5N1)	208	1122
PB1|PP755595.1|A/cattle/Texas/24-008749-003/2024(H5N1)	209	1099
PB1|PP755595.1|A/cattle/Texas/24-008749-003/2024(H5N1)	210	1099
PB1|PP755595.1|A/cattle/Texas/24-008749-003/2024(H5N1)	211	1095
PB1|PP755595.1|A/cattle/Texas/24-008749-003/2024(H5N1)	212	1093
PB1|PP755595.1|A/cattle/Texas/24-008749-003/2024(H5N1)	213	1089
PB1|PP755595.1|A/cattle/Texas/24-008749-003/2024(H5N1)	214	1085
PB1|PP755595.1|A/cattle/Texas/24-008749-003/2024(H5N1)	215	1081
PB1|PP755595.1|A/cattle/Texas/24-008749-003/2024(H5N1)	216	1066
PB1|PP755595.1|A/cattle/Texas/24-008749-003/2024(H5N1)	217	1072
PB1|PP755595.1|A/cattle/Texas/24-008749-003/2024(H5N1)	218	1072
PB1|PP755595.1|A/cattle/Texas/24-008749-003/2024(H5N1)	219	1074
PB1|PP755595.1|A/cattle/Texas/24-008749-003/2024(H5N1)	220	1101
PB1|PP755595.1|A/cattle/Texas/24-008749-003/2024(H5N1)	221	1102
PB1|PP755595.1|A/cattle/Texas/24-008749-003/2024(H5N1)	222	1099
PB1|PP755595.1|A/cattle/Texas/24-008749-003/2024(H5N1)	223	1105
PB1|PP755595.1|A/cattle/Texas/24-008749-003/2024(H5N1)	224	1096
PB1|PP755595.1|A/cattle/Texas/24-008749-003/2024(H5N1)	225	1016
PB1|PP755595.1|A/cattle/Texas/24-008749-003/2024(H5N1)	226	1015
PB1|PP755595.1|A/cattle/Texas/24-008749-003/2024(H5N1)	227	989
PB1|PP755595.1|A/cattle/Texas/24-008749-003/2024(H5N1)	228	984
PB1|PP755595.1|A/cattle/Texas/24-008749-003/2024(H5N1)	229	975
PB1|PP755595.1|A/cattle/Texas/24-008749-003/2024(H5N1)	230	975
PB1|PP755595.1|A/cattle/Texas/24-008749-003/2024(H5N1)	231	975
PB1|PP755595.1|A/cattle/Texas/24-008749-003/2024(H5N1)	232	974
PB1|PP755595.1|A/cattle/Texas/24-008749-003/2024(H5N1)	233	977
PB1|PP755595.1|A/cattle/Texas/24-008749-003/2024(H5N1)	234	980
PB1|PP755595.1|A/cattle/Texas/24-008749-003/2024(H5N1)	235	977
PB1|PP755595.1|A/cattle/Texas/24-008749-003/2024(H5N1)	236	978
PB1|PP755595.1|A/cattle/Texas/24-008749-003/2024(H5N1)	237	978
PB1|PP755595.1|A/cattle/Texas/24-008749-003/2024(H5N1)	238	976
PB1|PP755595.1|A/cattle/Texas/24-008749-003/2024(H5N1)	239	977
PB1|PP755595.1|A/cattle/Texas/24-008749-003/2024(H5N1)	240	979
PB1|PP755595.1|A/cattle/Texas/24-008749-003/2024(H5N1)	241	978
PB1|PP755595.1|A/cattle/Texas/24-008749-003/2024(H5N1)	242	985
PB1|PP755595.1|A/cattle/Texas/24-008749-003/2024(H5N1)	243	982
PB1|PP755595.1|A/cattle/Texas/24-008749-003/2024(H5N1)	244	973
PB1|PP755595.1|A/cattle/Texas/24-008749-003/2024(H5N1)	245	958
PB1|PP755595.1|A/cattle/Texas/24-008749-003/2024(H5N1)	246	965
PB1|PP755595.1|A/cattle/Texas/24-008749-003/2024(H5N1)	247	977
PB1|PP755595.1|A/cattle/Texas/24-008749-003/2024(H5N1)	248	979
PB1|PP755595.1|A/cattle/Texas/24-008749-003/2024(H5N1)	249	977
PB1|PP755595.1|A/cattle/Texas/24-008749-003/2024(H5N1)	250	987
PB1|PP755595.1|A/cattle/Texas/24-008749-003/2024(H5N1)	251	983
PB1|PP755595.1|A/cattle/Texas/24-008749-003/2024(H5N1)	252	977
PB1|PP755595.1|A/cattle/Texas/24-008749-003/2024(H5N1)	253	977
PB1|PP755595.1|A/cattle/Texas/24-008749-003/2024(H5N1)	254	978
PB1|PP755595.1|A/cattle/Texas/24-008749-003/2024(H5N1)	255	976
PB1|PP755595.1|A/cattle/Texas/24-008749-003/2024(H5N1)	256	983
PB1|PP755595.1|A/cattle/Texas/24-008749-003/2024(H5N1)	257	980
PB1|PP755595.1|A/cattle/Texas/24-008749-003/2024(H5N1)	258	977
PB1|PP755595.1|A/cattle/Texas/24-008749-003/2024(H5N1)	259	965
PB1|PP755595.1|A/cattle/Texas/24-008749-003/2024(H5N1)	260	968
PB1|PP755595.1|A/cattle/Texas/24-008749-003/2024(H5N1)	261	940
PB1|PP755595.1|A/cattle/Texas/24-008749-003/2024(H5N1)	262	964
PB1|PP755595.1|A/cattle/Texas/24-008749-003/2024(H5N1)	263	967
PB1|PP755595.1|A/cattle/Texas/24-008749-003/2024(H5N1)	264	974
PB1|PP755595.1|A/cattle/Texas/24-008749-003/2024(H5N1)	265	965
PB1|PP755595.1|A/cattle/Texas/24-008749-003/2024(H5N1)	266	965
PB1|PP755595.1|A/cattle/Texas/24-008749-003/2024(H5N1)	267	965
PB1|PP755595.1|A/cattle/Texas/24-008749-003/2024(H5N1)	268	966
PB1|PP755595.1|A/cattle/Texas/24-008749-003/2024(H5N1)	269	963
PB1|PP755595.1|A/cattle/Texas/24-008749-003/2024(H5N1)	270	965
PB1|PP755595.1|A/cattle/Texas/24-008749-003/2024(H5N1)	271	962
PB1|PP755595.1|A/cattle/Texas/24-008749-003/2024(H5N1)	272	964
PB1|PP755595.1|A/cattle/Texas/24-008749-003/2024(H5N1)	273	963
PB1|PP755595.1|A/cattle/Texas/24-008749-003/2024(H5N1)	274	966
PB1|PP755595.1|A/cattle/Texas/24-008749-003/2024(H5N1)	275	960
PB1|PP755595.1|A/cattle/Texas/24-008749-003/2024(H5N1)	276	959
PB1|PP755595.1|A/cattle/Texas/24-008749-003/2024(H5N1)	277	955
PB1|PP755595.1|A/cattle/Texas/24-008749-003/2024(H5N1)	278	954
PB1|PP755595.1|A/cattle/Texas/24-008749-003/2024(H5N1)	279	956
PB1|PP755595.1|A/cattle/Texas/24-008749-003/2024(H5N1)	280	955
PB1|PP755595.1|A/cattle/Texas/24-008749-003/2024(H5N1)	281	973
PB1|PP755595.1|A/cattle/Texas/24-008749-003/2024(H5N1)	282	976
PB1|PP755595.1|A/cattle/Texas/24-008749-003/2024(H5N1)	283	971
PB1|PP755595.1|A/cattle/Texas/24-008749-003/2024(H5N1)	284	971
PB1|PP755595.1|A/cattle/Texas/24-008749-003/2024(H5N1)	285	972
PB1|PP755595.1|A/cattle/Texas/24-008749-003/2024(H5N1)	286	992
PB1|PP755595.1|A/cattle/Texas/24-008749-003/2024(H5N1)	287	998
PB1|PP755595.1|A/cattle/Texas/24-008749-003/2024(H5N1)	288	998
PB1|PP755595.1|A/cattle/Texas/24-008749-003/2024(H5N1)	289	1021
PB1|PP755595.1|A/cattle/Texas/24-008749-003/2024(H5N1)	290	1020
PB1|PP755595.1|A/cattle/Texas/24-008749-003/2024(H5N1)	291	1023
PB1|PP755595.1|A/cattle/Texas/24-008749-003/2024(H5N1)	292	1024
PB1|PP755595.1|A/cattle/Texas/24-008749-003/2024(H5N1)	293	1020
PB1|PP755595.1|A/cattle/Texas/24-008749-003/2024(H5N1)	294	1021
PB1|PP755595.1|A/cattle/Texas/24-008749-003/2024(H5N1)	295	1010
PB1|PP755595.1|A/cattle/Texas/24-008749-003/2024(H5N1)	296	1012
PB1|PP755595.1|A/cattle/Texas/24-008749-003/2024(H5N1)	297	1016
PB1|PP755595.1|A/cattle/Texas/24-008749-003/2024(H5N1)	298	1012
PB1|PP755595.1|A/cattle/Texas/24-008749-003/2024(H5N1)	299	1006
PB1|PP755595.1|A/cattle/Texas/24-008749-003/2024(H5N1)	300	1001
PB1|PP755595.1|A/cattle/Texas/24-008749-003/2024(H5N1)	301	1001
PB1|PP755595.1|A/cattle/Texas/24-008749-003/2024(H5N1)	302	1006
PB1|PP755595.1|A/cattle/Texas/24-008749-003/2024(H5N1)	303	1007
PB1|PP755595.1|A/cattle/Texas/24-008749-003/2024(H5N1)	304	1008
PB1|PP755595.1|A/cattle/Texas/24-008749-003/2024(H5N1)	305	1006
PB1|PP755595.1|A/cattle/Texas/24-008749-003/2024(H5N1)	306	1009
PB1|PP755595.1|A/cattle/Texas/24-008749-003/2024(H5N1)	307	1007
PB1|PP755595.1|A/cattle/Texas/24-008749-003/2024(H5N1)	308	1009
PB1|PP755595.1|A/cattle/Texas/24-008749-003/2024(H5N1)	309	1005
PB1|PP755595.1|A/cattle/Texas/24-008749-003/2024(H5N1)	310	1003
PB1|PP755595.1|A/cattle/Texas/24-008749-003/2024(H5N1)	311	999
PB1|PP755595.1|A/cattle/Texas/24-008749-003/2024(H5N1)	312	997
PB1|PP755595.1|A/cattle/Texas/24-008749-003/2024(H5N1)	313	995
PB1|PP755595.1|A/cattle/Texas/24-008749-003/2024(H5N1)	314	999
PB1|PP755595.1|A/cattle/Texas/24-008749-003/2024(H5N1)	315	979
PB1|PP755595.1|A/cattle/Texas/24-008749-003/2024(H5N1)	316	955
PB1|PP755595.1|A/cattle/Texas/24-008749-003/2024(H5N1)	317	957
PB1|PP755595.1|A/cattle/Texas/24-008749-003/2024(H5N1)	318	955
PB1|PP755595.1|A/cattle/Texas/24-008749-003/2024(H5N1)	319	962
PB1|PP755595.1|A/cattle/Texas/24-008749-003/2024(H5N1)	320	960
PB1|PP755595.1|A/cattle/Texas/24-008749-003/2024(H5N1)	321	978
PB1|PP755595.1|A/cattle/Texas/24-008749-003/2024(H5N1)	322	969
PB1|PP755595.1|A/cattle/Texas/24-008749-003/2024(H5N1)	323	968
PB1|PP755595.1|A/cattle/Texas/24-008749-003/2024(H5N1)	324	973
PB1|PP755595.1|A/cattle/Texas/24-008749-003/2024(H5N1)	325	974
PB1|PP755595.1|A/cattle/Texas/24-008749-003/2024(H5N1)	326	1019
PB1|PP755595.1|A/cattle/Texas/24-008749-003/2024(H5N1)	327	1017
PB1|PP755595.1|A/cattle/Texas/24-008749-003/2024(H5N1)	328	1013
PB1|PP755595.1|A/cattle/Texas/24-008749-003/2024(H5N1)	329	1014
PB1|PP755595.1|A/cattle/Texas/24-008749-003/2024(H5N1)	330	1002
PB1|PP755595.1|A/cattle/Texas/24-008749-003/2024(H5N1)	331	1002
PB1|PP755595.1|A/cattle/Texas/24-008749-003/2024(H5N1)	332	1003
PB1|PP755595.1|A/cattle/Texas/24-008749-003/2024(H5N1)	333	999
PB1|PP755595.1|A/cattle/Texas/24-008749-003/2024(H5N1)	334	1002
PB1|PP755595.1|A/cattle/Texas/24-008749-003/2024(H5N1)	335	1005
PB1|PP755595.1|A/cattle/Texas/24-008749-003/2024(H5N1)	336	995
PB1|PP755595.1|A/cattle/Texas/24-008749-003/2024(H5N1)	337	995
PB1|PP755595.1|A/cattle/Texas/24-008749-003/2024(H5N1)	338	993
PB1|PP755595.1|A/cattle/Texas/24-008749-003/2024(H5N1)	339	990
PB1|PP755595.1|A/cattle/Texas/24-008749-003/2024(H5N1)	340	996
PB1|PP755595.1|A/cattle/Texas/24-008749-003/2024(H5N1)	341	995
PB1|PP755595.1|A/cattle/Texas/24-008749-003/2024(H5N1)	342	995
PB1|PP755595.1|A/cattle/Texas/24-008749-003/2024(H5N1)	343	991
PB1|PP755595.1|A/cattle/Texas/24-008749-003/2024(H5N1)	344	991
PB1|PP755595.1|A/cattle/Texas/24-008749-003/2024(H5N1)	345	997
PB1|PP755595.1|A/cattle/Texas/24-008749-003/2024(H5N1)	346	997
PB1|PP755595.1|A/cattle/Texas/24-008749-003/2024(H5N1)	347	1005
PB1|PP755595.1|A/cattle/Texas/24-008749-003/2024(H5N1)	348	1006
PB1|PP755595.1|A/cattle/Texas/24-008749-003/2024(H5N1)	349	1001
PB1|PP755595.1|A/cattle/Texas/24-008749-003/2024(H5N1)	350	1003
PB1|PP755595.1|A/cattle/Texas/24-008749-003/2024(H5N1)	351	1002
PB1|PP755595.1|A/cattle/Texas/24-008749-003/2024(H5N1)	352	1004
PB1|PP755595.1|A/cattle/Texas/24-008749-003/2024(H5N1)	353	1006
PB1|PP755595.1|A/cattle/Texas/24-008749-003/2024(H5N1)	354	999
PB1|PP755595.1|A/cattle/Texas/24-008749-003/2024(H5N1)	355	990
PB1|PP755595.1|A/cattle/Texas/24-008749-003/2024(H5N1)	356	980
PB1|PP755595.1|A/cattle/Texas/24-008749-003/2024(H5N1)	357	986
PB1|PP755595.1|A/cattle/Texas/24-008749-003/2024(H5N1)	358	987
PB1|PP755595.1|A/cattle/Texas/24-008749-003/2024(H5N1)	359	987
PB1|PP755595.1|A/cattle/Texas/24-008749-003/2024(H5N1)	360	962
PB1|PP755595.1|A/cattle/Texas/24-008749-003/2024(H5N1)	361	965
PB1|PP755595.1|A/cattle/Texas/24-008749-003/2024(H5N1)	362	973
PB1|PP755595.1|A/cattle/Texas/24-008749-003/2024(H5N1)	363	974
PB1|PP755595.1|A/cattle/Texas/24-008749-003/2024(H5N1)	364	974
PB1|PP755595.1|A/cattle/Texas/24-008749-003/2024(H5N1)	365	973
PB1|PP755595.1|A/cattle/Texas/24-008749-003/2024(H5N1)	366	955
PB1|PP755595.1|A/cattle/Texas/24-008749-003/2024(H5N1)	367	967
PB1|PP755595.1|A/cattle/Texas/24-008749-003/2024(H5N1)	368	967
PB1|PP755595.1|A/cattle/Texas/24-008749-003/2024(H5N1)	369	969
PB1|PP755595.1|A/cattle/Texas/24-008749-003/2024(H5N1)	370	965
PB1|PP755595.1|A/cattle/Texas/24-008749-003/2024(H5N1)	371	959
PB1|PP755595.1|A/cattle/Texas/24-008749-003/2024(H5N1)	372	957
PB1|PP755595.1|A/cattle/Texas/24-008749-003/2024(H5N1)	373	957
PB1|PP755595.1|A/cattle/Texas/24-008749-003/2024(H5N1)	374	957
PB1|PP755595.1|A/cattle/Texas/24-008749-003/2024(H5N1)	375	940
PB1|PP755595.1|A/cattle/Texas/24-008749-003/2024(H5N1)	376	932
PB1|PP755595.1|A/cattle/Texas/24-008749-003/2024(H5N1)	377	932
PB1|PP755595.1|A/cattle/Texas/24-008749-003/2024(H5N1)	378	904
PB1|PP755595.1|A/cattle/Texas/24-008749-003/2024(H5N1)	379	892
PB1|PP755595.1|A/cattle/Texas/24-008749-003/2024(H5N1)	380	891
PB1|PP755595.1|A/cattle/Texas/24-008749-003/2024(H5N1)	381	902
PB1|PP755595.1|A/cattle/Texas/24-008749-003/2024(H5N1)	382	893
PB1|PP755595.1|A/cattle/Texas/24-008749-003/2024(H5N1)	383	890
PB1|PP755595.1|A/cattle/Texas/24-008749-003/2024(H5N1)	384	884
PB1|PP755595.1|A/cattle/Texas/24-008749-003/2024(H5N1)	385	883
PB1|PP755595.1|A/cattle/Texas/24-008749-003/2024(H5N1)	386	882
PB1|PP755595.1|A/cattle/Texas/24-008749-003/2024(H5N1)	387	884
PB1|PP755595.1|A/cattle/Texas/24-008749-003/2024(H5N1)	388	883
PB1|PP755595.1|A/cattle/Texas/24-008749-003/2024(H5N1)	389	883
PB1|PP755595.1|A/cattle/Texas/24-008749-003/2024(H5N1)	390	861
PB1|PP755595.1|A/cattle/Texas/24-008749-003/2024(H5N1)	391	847
PB1|PP755595.1|A/cattle/Texas/24-008749-003/2024(H5N1)	392	843
PB1|PP755595.1|A/cattle/Texas/24-008749-003/2024(H5N1)	393	842
PB1|PP755595.1|A/cattle/Texas/24-008749-003/2024(H5N1)	394	846
PB1|PP755595.1|A/cattle/Texas/24-008749-003/2024(H5N1)	395	852
PB1|PP755595.1|A/cattle/Texas/24-008749-003/2024(H5N1)	396	846
PB1|PP755595.1|A/cattle/Texas/24-008749-003/2024(H5N1)	397	846
PB1|PP755595.1|A/cattle/Texas/24-008749-003/2024(H5N1)	398	845
PB1|PP755595.1|A/cattle/Texas/24-008749-003/2024(H5N1)	399	852
PB1|PP755595.1|A/cattle/Texas/24-008749-003/2024(H5N1)	400	853
PB1|PP755595.1|A/cattle/Texas/24-008749-003/2024(H5N1)	401	854
PB1|PP755595.1|A/cattle/Texas/24-008749-003/2024(H5N1)	402	852
PB1|PP755595.1|A/cattle/Texas/24-008749-003/2024(H5N1)	403	840
PB1|PP755595.1|A/cattle/Texas/24-008749-003/2024(H5N1)	404	847
PB1|PP755595.1|A/cattle/Texas/24-008749-003/2024(H5N1)	405	842
PB1|PP755595.1|A/cattle/Texas/24-008749-003/2024(H5N1)	406	842
PB1|PP755595.1|A/cattle/Texas/24-008749-003/2024(H5N1)	407	843
PB1|PP755595.1|A/cattle/Texas/24-008749-003/2024(H5N1)	408	837
PB1|PP755595.1|A/cattle/Texas/24-008749-003/2024(H5N1)	409	835
PB1|PP755595.1|A/cattle/Texas/24-008749-003/2024(H5N1)	410	831
PB1|PP755595.1|A/cattle/Texas/24-008749-003/2024(H5N1)	411	833
PB1|PP755595.1|A/cattle/Texas/24-008749-003/2024(H5N1)	412	842
PB1|PP755595.1|A/cattle/Texas/24-008749-003/2024(H5N1)	413	843
PB1|PP755595.1|A/cattle/Texas/24-008749-003/2024(H5N1)	414	848
PB1|PP755595.1|A/cattle/Texas/24-008749-003/2024(H5N1)	415	842
PB1|PP755595.1|A/cattle/Texas/24-008749-003/2024(H5N1)	416	841
PB1|PP755595.1|A/cattle/Texas/24-008749-003/2024(H5N1)	417	841
PB1|PP755595.1|A/cattle/Texas/24-008749-003/2024(H5N1)	418	842
PB1|PP755595.1|A/cattle/Texas/24-008749-003/2024(H5N1)	419	845
PB1|PP755595.1|A/cattle/Texas/24-008749-003/2024(H5N1)	420	850
PB1|PP755595.1|A/cattle/Texas/24-008749-003/2024(H5N1)	421	847
PB1|PP755595.1|A/cattle/Texas/24-008749-003/2024(H5N1)	422	846
PB1|PP755595.1|A/cattle/Texas/24-008749-003/2024(H5N1)	423	832
PB1|PP755595.1|A/cattle/Texas/24-008749-003/2024(H5N1)	424	851
PB1|PP755595.1|A/cattle/Texas/24-008749-003/2024(H5N1)	425	850
PB1|PP755595.1|A/cattle/Texas/24-008749-003/2024(H5N1)	426	851
PB1|PP755595.1|A/cattle/Texas/24-008749-003/2024(H5N1)	427	852
PB1|PP755595.1|A/cattle/Texas/24-008749-003/2024(H5N1)	428	850
PB1|PP755595.1|A/cattle/Texas/24-008749-003/2024(H5N1)	429	898
PB1|PP755595.1|A/cattle/Texas/24-008749-003/2024(H5N1)	430	926
PB1|PP755595.1|A/cattle/Texas/24-008749-003/2024(H5N1)	431	928
PB1|PP755595.1|A/cattle/Texas/24-008749-003/2024(H5N1)	432	926
PB1|PP755595.1|A/cattle/Texas/24-008749-003/2024(H5N1)	433	918
PB1|PP755595.1|A/cattle/Texas/24-008749-003/2024(H5N1)	434	969
PB1|PP755595.1|A/cattle/Texas/24-008749-003/2024(H5N1)	435	973
PB1|PP755595.1|A/cattle/Texas/24-008749-003/2024(H5N1)	436	973
PB1|PP755595.1|A/cattle/Texas/24-008749-003/2024(H5N1)	437	1017
PB1|PP755595.1|A/cattle/Texas/24-008749-003/2024(H5N1)	438	962
PB1|PP755595.1|A/cattle/Texas/24-008749-003/2024(H5N1)	439	967
PB1|PP755595.1|A/cattle/Texas/24-008749-003/2024(H5N1)	440	968
PB1|PP755595.1|A/cattle/Texas/24-008749-003/2024(H5N1)	441	949
PB1|PP755595.1|A/cattle/Texas/24-008749-003/2024(H5N1)	442	949
PB1|PP755595.1|A/cattle/Texas/24-008749-003/2024(H5N1)	443	893
PB1|PP755595.1|A/cattle/Texas/24-008749-003/2024(H5N1)	444	894
PB1|PP755595.1|A/cattle/Texas/24-008749-003/2024(H5N1)	445	896
PB1|PP755595.1|A/cattle/Texas/24-008749-003/2024(H5N1)	446	859
PB1|PP755595.1|A/cattle/Texas/24-008749-003/2024(H5N1)	447	858
PB1|PP755595.1|A/cattle/Texas/24-008749-003/2024(H5N1)	448	858
PB1|PP755595.1|A/cattle/Texas/24-008749-003/2024(H5N1)	449	858
PB1|PP755595.1|A/cattle/Texas/24-008749-003/2024(H5N1)	450	855
PB1|PP755595.1|A/cattle/Texas/24-008749-003/2024(H5N1)	451	853
PB1|PP755595.1|A/cattle/Texas/24-008749-003/2024(H5N1)	452	853
PB1|PP755595.1|A/cattle/Texas/24-008749-003/2024(H5N1)	453	843
PB1|PP755595.1|A/cattle/Texas/24-008749-003/2024(H5N1)	454	842
PB1|PP755595.1|A/cattle/Texas/24-008749-003/2024(H5N1)	455	838
PB1|PP755595.1|A/cattle/Texas/24-008749-003/2024(H5N1)	456	835
PB1|PP755595.1|A/cattle/Texas/24-008749-003/2024(H5N1)	457	836
PB1|PP755595.1|A/cattle/Texas/24-008749-003/2024(H5N1)	458	835
PB1|PP755595.1|A/cattle/Texas/24-008749-003/2024(H5N1)	459	835
PB1|PP755595.1|A/cattle/Texas/24-008749-003/2024(H5N1)	460	833
PB1|PP755595.1|A/cattle/Texas/24-008749-003/2024(H5N1)	461	874
PB1|PP755595.1|A/cattle/Texas/24-008749-003/2024(H5N1)	462	875
PB1|PP755595.1|A/cattle/Texas/24-008749-003/2024(H5N1)	463	874
PB1|PP755595.1|A/cattle/Texas/24-008749-003/2024(H5N1)	464	874
PB1|PP755595.1|A/cattle/Texas/24-008749-003/2024(H5N1)	465	876
PB1|PP755595.1|A/cattle/Texas/24-008749-003/2024(H5N1)	466	876
PB1|PP755595.1|A/cattle/Texas/24-008749-003/2024(H5N1)	467	878
PB1|PP755595.1|A/cattle/Texas/24-008749-003/2024(H5N1)	468	876
PB1|PP755595.1|A/cattle/Texas/24-008749-003/2024(H5N1)	469	878
PB1|PP755595.1|A/cattle/Texas/24-008749-003/2024(H5N1)	470	844
PB1|PP755595.1|A/cattle/Texas/24-008749-003/2024(H5N1)	471	835
PB1|PP755595.1|A/cattle/Texas/24-008749-003/2024(H5N1)	472	837
PB1|PP755595.1|A/cattle/Texas/24-008749-003/2024(H5N1)	473	835
PB1|PP755595.1|A/cattle/Texas/24-008749-003/2024(H5N1)	474	832
PB1|PP755595.1|A/cattle/Texas/24-008749-003/2024(H5N1)	475	837
PB1|PP755595.1|A/cattle/Texas/24-008749-003/2024(H5N1)	476	828
PB1|PP755595.1|A/cattle/Texas/24-008749-003/2024(H5N1)	477	829
PB1|PP755595.1|A/cattle/Texas/24-008749-003/2024(H5N1)	478	826
PB1|PP755595.1|A/cattle/Texas/24-008749-003/2024(H5N1)	479	822
PB1|PP755595.1|A/cattle/Texas/24-008749-003/2024(H5N1)	480	820
PB1|PP755595.1|A/cattle/Texas/24-008749-003/2024(H5N1)	481	820
PB1|PP755595.1|A/cattle/Texas/24-008749-003/2024(H5N1)	482	826
PB1|PP755595.1|A/cattle/Texas/24-008749-003/2024(H5N1)	483	823
PB1|PP755595.1|A/cattle/Texas/24-008749-003/2024(H5N1)	484	814
PB1|PP755595.1|A/cattle/Texas/24-008749-003/2024(H5N1)	485	816
PB1|PP755595.1|A/cattle/Texas/24-008749-003/2024(H5N1)	486	820
PB1|PP755595.1|A/cattle/Texas/24-008749-003/2024(H5N1)	487	818
PB1|PP755595.1|A/cattle/Texas/24-008749-003/2024(H5N1)	488	818
PB1|PP755595.1|A/cattle/Texas/24-008749-003/2024(H5N1)	489	820
PB1|PP755595.1|A/cattle/Texas/24-008749-003/2024(H5N1)	490	813
PB1|PP755595.1|A/cattle/Texas/24-008749-003/2024(H5N1)	491	811
PB1|PP755595.1|A/cattle/Texas/24-008749-003/2024(H5N1)	492	812
PB1|PP755595.1|A/cattle/Texas/24-008749-003/2024(H5N1)	493	809
PB1|PP755595.1|A/cattle/Texas/24-008749-003/2024(H5N1)	494	810
PB1|PP755595.1|A/cattle/Texas/24-008749-003/2024(H5N1)	495	809
PB1|PP755595.1|A/cattle/Texas/24-008749-003/2024(H5N1)	496	807
PB1|PP755595.1|A/cattle/Texas/24-008749-003/2024(H5N1)	497	805
PB1|PP755595.1|A/cattle/Texas/24-008749-003/2024(H5N1)	498	812
PB1|PP755595.1|A/cattle/Texas/24-008749-003/2024(H5N1)	499	804
PB1|PP755595.1|A/cattle/Texas/24-008749-003/2024(H5N1)	500	812
PB1|PP755595.1|A/cattle/Texas/24-008749-003/2024(H5N1)	501	815
PB1|PP755595.1|A/cattle/Texas/24-008749-003/2024(H5N1)	502	814
PB1|PP755595.1|A/cattle/Texas/24-008749-003/2024(H5N1)	503	809
PB1|PP755595.1|A/cattle/Texas/24-008749-003/2024(H5N1)	504	815
PB1|PP755595.1|A/cattle/Texas/24-008749-003/2024(H5N1)	505	820
PB1|PP755595.1|A/cattle/Texas/24-008749-003/2024(H5N1)	506	821
PB1|PP755595.1|A/cattle/Texas/24-008749-003/2024(H5N1)	507	818
PB1|PP755595.1|A/cattle/Texas/24-008749-003/2024(H5N1)	508	819
PB1|PP755595.1|A/cattle/Texas/24-008749-003/2024(H5N1)	509	833
PB1|PP755595.1|A/cattle/Texas/24-008749-003/2024(H5N1)	510	839
PB1|PP755595.1|A/cattle/Texas/24-008749-003/2024(H5N1)	511	832
PB1|PP755595.1|A/cattle/Texas/24-008749-003/2024(H5N1)	512	836
PB1|PP755595.1|A/cattle/Texas/24-008749-003/2024(H5N1)	513	826
PB1|PP755595.1|A/cattle/Texas/24-008749-003/2024(H5N1)	514	825
PB1|PP755595.1|A/cattle/Texas/24-008749-003/2024(H5N1)	515	820
PB1|PP755595.1|A/cattle/Texas/24-008749-003/2024(H5N1)	516	819
PB1|PP755595.1|A/cattle/Texas/24-008749-003/2024(H5N1)	517	816
PB1|PP755595.1|A/cattle/Texas/24-008749-003/2024(H5N1)	518	814
PB1|PP755595.1|A/cattle/Texas/24-008749-003/2024(H5N1)	519	810
PB1|PP755595.1|A/cattle/Texas/24-008749-003/2024(H5N1)	520	811
PB1|PP755595.1|A/cattle/Texas/24-008749-003/2024(H5N1)	521	809
PB1|PP755595.1|A/cattle/Texas/24-008749-003/2024(H5N1)	522	815
PB1|PP755595.1|A/cattle/Texas/24-008749-003/2024(H5N1)	523	817
PB1|PP755595.1|A/cattle/Texas/24-008749-003/2024(H5N1)	524	819
PB1|PP755595.1|A/cattle/Texas/24-008749-003/2024(H5N1)	525	819
PB1|PP755595.1|A/cattle/Texas/24-008749-003/2024(H5N1)	526	815
PB1|PP755595.1|A/cattle/Texas/24-008749-003/2024(H5N1)	527	817
PB1|PP755595.1|A/cattle/Texas/24-008749-003/2024(H5N1)	528	819
PB1|PP755595.1|A/cattle/Texas/24-008749-003/2024(H5N1)	529	820
PB1|PP755595.1|A/cattle/Texas/24-008749-003/2024(H5N1)	530	828
PB1|PP755595.1|A/cattle/Texas/24-008749-003/2024(H5N1)	531	825
PB1|PP755595.1|A/cattle/Texas/24-008749-003/2024(H5N1)	532	817
PB1|PP755595.1|A/cattle/Texas/24-008749-003/2024(H5N1)	533	816
PB1|PP755595.1|A/cattle/Texas/24-008749-003/2024(H5N1)	534	820
PB1|PP755595.1|A/cattle/Texas/24-008749-003/2024(H5N1)	535	820
PB1|PP755595.1|A/cattle/Texas/24-008749-003/2024(H5N1)	536	824
PB1|PP755595.1|A/cattle/Texas/24-008749-003/2024(H5N1)	537	809
PB1|PP755595.1|A/cattle/Texas/24-008749-003/2024(H5N1)	538	807
PB1|PP755595.1|A/cattle/Texas/24-008749-003/2024(H5N1)	539	810
PB1|PP755595.1|A/cattle/Texas/24-008749-003/2024(H5N1)	540	803
PB1|PP755595.1|A/cattle/Texas/24-008749-003/2024(H5N1)	541	801
PB1|PP755595.1|A/cattle/Texas/24-008749-003/2024(H5N1)	542	803
PB1|PP755595.1|A/cattle/Texas/24-008749-003/2024(H5N1)	543	804
PB1|PP755595.1|A/cattle/Texas/24-008749-003/2024(H5N1)	544	802
PB1|PP755595.1|A/cattle/Texas/24-008749-003/2024(H5N1)	545	802
PB1|PP755595.1|A/cattle/Texas/24-008749-003/2024(H5N1)	546	795
PB1|PP755595.1|A/cattle/Texas/24-008749-003/2024(H5N1)	547	794
PB1|PP755595.1|A/cattle/Texas/24-008749-003/2024(H5N1)	548	792
PB1|PP755595.1|A/cattle/Texas/24-008749-003/2024(H5N1)	549	788
PB1|PP755595.1|A/cattle/Texas/24-008749-003/2024(H5N1)	550	791
PB1|PP755595.1|A/cattle/Texas/24-008749-003/2024(H5N1)	551	788
PB1|PP755595.1|A/cattle/Texas/24-008749-003/2024(H5N1)	552	791
PB1|PP755595.1|A/cattle/Texas/24-008749-003/2024(H5N1)	553	792
PB1|PP755595.1|A/cattle/Texas/24-008749-003/2024(H5N1)	554	795
PB1|PP755595.1|A/cattle/Texas/24-008749-003/2024(H5N1)	555	776
PB1|PP755595.1|A/cattle/Texas/24-008749-003/2024(H5N1)	556	774
PB1|PP755595.1|A/cattle/Texas/24-008749-003/2024(H5N1)	557	774
PB1|PP755595.1|A/cattle/Texas/24-008749-003/2024(H5N1)	558	775
PB1|PP755595.1|A/cattle/Texas/24-008749-003/2024(H5N1)	559	774
PB1|PP755595.1|A/cattle/Texas/24-008749-003/2024(H5N1)	560	779
PB1|PP755595.1|A/cattle/Texas/24-008749-003/2024(H5N1)	561	785
PB1|PP755595.1|A/cattle/Texas/24-008749-003/2024(H5N1)	562	794
PB1|PP755595.1|A/cattle/Texas/24-008749-003/2024(H5N1)	563	796
PB1|PP755595.1|A/cattle/Texas/24-008749-003/2024(H5N1)	564	797
PB1|PP755595.1|A/cattle/Texas/24-008749-003/2024(H5N1)	565	798
PB1|PP755595.1|A/cattle/Texas/24-008749-003/2024(H5N1)	566	857
PB1|PP755595.1|A/cattle/Texas/24-008749-003/2024(H5N1)	567	869
PB1|PP755595.1|A/cattle/Texas/24-008749-003/2024(H5N1)	568	869
PB1|PP755595.1|A/cattle/Texas/24-008749-003/2024(H5N1)	569	874
PB1|PP755595.1|A/cattle/Texas/24-008749-003/2024(H5N1)	570	872
PB1|PP755595.1|A/cattle/Texas/24-008749-003/2024(H5N1)	571	884
PB1|PP755595.1|A/cattle/Texas/24-008749-003/2024(H5N1)	572	880
PB1|PP755595.1|A/cattle/Texas/24-008749-003/2024(H5N1)	573	880
PB1|PP755595.1|A/cattle/Texas/24-008749-003/2024(H5N1)	574	880
PB1|PP755595.1|A/cattle/Texas/24-008749-003/2024(H5N1)	575	879
PB1|PP755595.1|A/cattle/Texas/24-008749-003/2024(H5N1)	576	817
PB1|PP755595.1|A/cattle/Texas/24-008749-003/2024(H5N1)	577	817
PB1|PP755595.1|A/cattle/Texas/24-008749-003/2024(H5N1)	578	807
PB1|PP755595.1|A/cattle/Texas/24-008749-003/2024(H5N1)	579	811
PB1|PP755595.1|A/cattle/Texas/24-008749-003/2024(H5N1)	580	804
PB1|PP755595.1|A/cattle/Texas/24-008749-003/2024(H5N1)	581	801
PB1|PP755595.1|A/cattle/Texas/24-008749-003/2024(H5N1)	582	799
PB1|PP755595.1|A/cattle/Texas/24-008749-003/2024(H5N1)	583	799
PB1|PP755595.1|A/cattle/Texas/24-008749-003/2024(H5N1)	584	799
PB1|PP755595.1|A/cattle/Texas/24-008749-003/2024(H5N1)	585	794
PB1|PP755595.1|A/cattle/Texas/24-008749-003/2024(H5N1)	586	792
PB1|PP755595.1|A/cattle/Texas/24-008749-003/2024(H5N1)	587	790
PB1|PP755595.1|A/cattle/Texas/24-008749-003/2024(H5N1)	588	782
PB1|PP755595.1|A/cattle/Texas/24-008749-003/2024(H5N1)	589	782
PB1|PP755595.1|A/cattle/Texas/24-008749-003/2024(H5N1)	590	784
PB1|PP755595.1|A/cattle/Texas/24-008749-003/2024(H5N1)	591	789
PB1|PP755595.1|A/cattle/Texas/24-008749-003/2024(H5N1)	592	789
PB1|PP755595.1|A/cattle/Texas/24-008749-003/2024(H5N1)	593	790
PB1|PP755595.1|A/cattle/Texas/24-008749-003/2024(H5N1)	594	784
PB1|PP755595.1|A/cattle/Texas/24-008749-003/2024(H5N1)	595	783
PB1|PP755595.1|A/cattle/Texas/24-008749-003/2024(H5N1)	596	783
PB1|PP755595.1|A/cattle/Texas/24-008749-003/2024(H5N1)	597	785
PB1|PP755595.1|A/cattle/Texas/24-008749-003/2024(H5N1)	598	786
PB1|PP755595.1|A/cattle/Texas/24-008749-003/2024(H5N1)	599	788
PB1|PP755595.1|A/cattle/Texas/24-008749-003/2024(H5N1)	600	780
PB1|PP755595.1|A/cattle/Texas/24-008749-003/2024(H5N1)	601	779
PB1|PP755595.1|A/cattle/Texas/24-008749-003/2024(H5N1)	602	796
PB1|PP755595.1|A/cattle/Texas/24-008749-003/2024(H5N1)	603	797
PB1|PP755595.1|A/cattle/Texas/24-008749-003/2024(H5N1)	604	800
PB1|PP755595.1|A/cattle/Texas/24-008749-003/2024(H5N1)	605	800
PB1|PP755595.1|A/cattle/Texas/24-008749-003/2024(H5N1)	606	800
PB1|PP755595.1|A/cattle/Texas/24-008749-003/2024(H5N1)	607	791
PB1|PP755595.1|A/cattle/Texas/24-008749-003/2024(H5N1)	608	805
PB1|PP755595.1|A/cattle/Texas/24-008749-003/2024(H5N1)	609	802
PB1|PP755595.1|A/cattle/Texas/24-008749-003/2024(H5N1)	610	799
PB1|PP755595.1|A/cattle/Texas/24-008749-003/2024(H5N1)	611	810
PB1|PP755595.1|A/cattle/Texas/24-008749-003/2024(H5N1)	612	797
PB1|PP755595.1|A/cattle/Texas/24-008749-003/2024(H5N1)	613	798
PB1|PP755595.1|A/cattle/Texas/24-008749-003/2024(H5N1)	614	796
PB1|PP755595.1|A/cattle/Texas/24-008749-003/2024(H5N1)	615	791
PB1|PP755595.1|A/cattle/Texas/24-008749-003/2024(H5N1)	616	793
PB1|PP755595.1|A/cattle/Texas/24-008749-003/2024(H5N1)	617	780
PB1|PP755595.1|A/cattle/Texas/24-008749-003/2024(H5N1)	618	777
PB1|PP755595.1|A/cattle/Texas/24-008749-003/2024(H5N1)	619	779
PB1|PP755595.1|A/cattle/Texas/24-008749-003/2024(H5N1)	620	763
PB1|PP755595.1|A/cattle/Texas/24-008749-003/2024(H5N1)	621	765
PB1|PP755595.1|A/cattle/Texas/24-008749-003/2024(H5N1)	622	766
PB1|PP755595.1|A/cattle/Texas/24-008749-003/2024(H5N1)	623	765
PB1|PP755595.1|A/cattle/Texas/24-008749-003/2024(H5N1)	624	765
PB1|PP755595.1|A/cattle/Texas/24-008749-003/2024(H5N1)	625	765
PB1|PP755595.1|A/cattle/Texas/24-008749-003/2024(H5N1)	626	765
PB1|PP755595.1|A/cattle/Texas/24-008749-003/2024(H5N1)	627	764
PB1|PP755595.1|A/cattle/Texas/24-008749-003/2024(H5N1)	628	766
PB1|PP755595.1|A/cattle/Texas/24-008749-003/2024(H5N1)	629	765
PB1|PP755595.1|A/cattle/Texas/24-008749-003/2024(H5N1)	630	763
PB1|PP755595.1|A/cattle/Texas/24-008749-003/2024(H5N1)	631	762
PB1|PP755595.1|A/cattle/Texas/24-008749-003/2024(H5N1)	632	766
PB1|PP755595.1|A/cattle/Texas/24-008749-003/2024(H5N1)	633	761
PB1|PP755595.1|A/cattle/Texas/24-008749-003/2024(H5N1)	634	761
PB1|PP755595.1|A/cattle/Texas/24-008749-003/2024(H5N1)	635	760
PB1|PP755595.1|A/cattle/Texas/24-008749-003/2024(H5N1)	636	761
PB1|PP755595.1|A/cattle/Texas/24-008749-003/2024(H5N1)	637	772
PB1|PP755595.1|A/cattle/Texas/24-008749-003/2024(H5N1)	638	771
PB1|PP755595.1|A/cattle/Texas/24-008749-003/2024(H5N1)	639	778
PB1|PP755595.1|A/cattle/Texas/24-008749-003/2024(H5N1)	640	777
PB1|PP755595.1|A/cattle/Texas/24-008749-003/2024(H5N1)	641	770
PB1|PP755595.1|A/cattle/Texas/24-008749-003/2024(H5N1)	642	778
PB1|PP755595.1|A/cattle/Texas/24-008749-003/2024(H5N1)	643	779
PB1|PP755595.1|A/cattle/Texas/24-008749-003/2024(H5N1)	644	780
PB1|PP755595.1|A/cattle/Texas/24-008749-003/2024(H5N1)	645	783
PB1|PP755595.1|A/cattle/Texas/24-008749-003/2024(H5N1)	646	781
PB1|PP755595.1|A/cattle/Texas/24-008749-003/2024(H5N1)	647	782
PB1|PP755595.1|A/cattle/Texas/24-008749-003/2024(H5N1)	648	782
PB1|PP755595.1|A/cattle/Texas/24-008749-003/2024(H5N1)	649	783
PB1|PP755595.1|A/cattle/Texas/24-008749-003/2024(H5N1)	650	792
PB1|PP755595.1|A/cattle/Texas/24-008749-003/2024(H5N1)	651	797
PB1|PP755595.1|A/cattle/Texas/24-008749-003/2024(H5N1)	652	806
PB1|PP755595.1|A/cattle/Texas/24-008749-003/2024(H5N1)	653	806
PB1|PP755595.1|A/cattle/Texas/24-008749-003/2024(H5N1)	654	824
PB1|PP755595.1|A/cattle/Texas/24-008749-003/2024(H5N1)	655	829
PB1|PP755595.1|A/cattle/Texas/24-008749-003/2024(H5N1)	656	827
PB1|PP755595.1|A/cattle/Texas/24-008749-003/2024(H5N1)	657	827
PB1|PP755595.1|A/cattle/Texas/24-008749-003/2024(H5N1)	658	826
PB1|PP755595.1|A/cattle/Texas/24-008749-003/2024(H5N1)	659	837
PB1|PP755595.1|A/cattle/Texas/24-008749-003/2024(H5N1)	660	836
PB1|PP755595.1|A/cattle/Texas/24-008749-003/2024(H5N1)	661	844
PB1|PP755595.1|A/cattle/Texas/24-008749-003/2024(H5N1)	662	850
PB1|PP755595.1|A/cattle/Texas/24-008749-003/2024(H5N1)	663	832
PB1|PP755595.1|A/cattle/Texas/24-008749-003/2024(H5N1)	664	835
PB1|PP755595.1|A/cattle/Texas/24-008749-003/2024(H5N1)	665	828
PB1|PP755595.1|A/cattle/Texas/24-008749-003/2024(H5N1)	666	831
PB1|PP755595.1|A/cattle/Texas/24-008749-003/2024(H5N1)	667	847
PB1|PP755595.1|A/cattle/Texas/24-008749-003/2024(H5N1)	668	846
PB1|PP755595.1|A/cattle/Texas/24-008749-003/2024(H5N1)	669	829
PB1|PP755595.1|A/cattle/Texas/24-008749-003/2024(H5N1)	670	838
PB1|PP755595.1|A/cattle/Texas/24-008749-003/2024(H5N1)	671	824
PB1|PP755595.1|A/cattle/Texas/24-008749-003/2024(H5N1)	672	837
PB1|PP755595.1|A/cattle/Texas/24-008749-003/2024(H5N1)	673	836
PB1|PP755595.1|A/cattle/Texas/24-008749-003/2024(H5N1)	674	836
PB1|PP755595.1|A/cattle/Texas/24-008749-003/2024(H5N1)	675	832
PB1|PP755595.1|A/cattle/Texas/24-008749-003/2024(H5N1)	676	823
PB1|PP755595.1|A/cattle/Texas/24-008749-003/2024(H5N1)	677	834
PB1|PP755595.1|A/cattle/Texas/24-008749-003/2024(H5N1)	678	831
PB1|PP755595.1|A/cattle/Texas/24-008749-003/2024(H5N1)	679	830
PB1|PP755595.1|A/cattle/Texas/24-008749-003/2024(H5N1)	680	819
PB1|PP755595.1|A/cattle/Texas/24-008749-003/2024(H5N1)	681	805
PB1|PP755595.1|A/cattle/Texas/24-008749-003/2024(H5N1)	682	808
PB1|PP755595.1|A/cattle/Texas/24-008749-003/2024(H5N1)	683	806
PB1|PP755595.1|A/cattle/Texas/24-008749-003/2024(H5N1)	684	808
PB1|PP755595.1|A/cattle/Texas/24-008749-003/2024(H5N1)	685	784
PB1|PP755595.1|A/cattle/Texas/24-008749-003/2024(H5N1)	686	781
PB1|PP755595.1|A/cattle/Texas/24-008749-003/2024(H5N1)	687	778
PB1|PP755595.1|A/cattle/Texas/24-008749-003/2024(H5N1)	688	756
PB1|PP755595.1|A/cattle/Texas/24-008749-003/2024(H5N1)	689	756
PB1|PP755595.1|A/cattle/Texas/24-008749-003/2024(H5N1)	690	749
PB1|PP755595.1|A/cattle/Texas/24-008749-003/2024(H5N1)	691	746
PB1|PP755595.1|A/cattle/Texas/24-008749-003/2024(H5N1)	692	748
PB1|PP755595.1|A/cattle/Texas/24-008749-003/2024(H5N1)	693	748
PB1|PP755595.1|A/cattle/Texas/24-008749-003/2024(H5N1)	694	749
PB1|PP755595.1|A/cattle/Texas/24-008749-003/2024(H5N1)	695	748
PB1|PP755595.1|A/cattle/Texas/24-008749-003/2024(H5N1)	696	746
PB1|PP755595.1|A/cattle/Texas/24-008749-003/2024(H5N1)	697	742
PB1|PP755595.1|A/cattle/Texas/24-008749-003/2024(H5N1)	698	739
PB1|PP755595.1|A/cattle/Texas/24-008749-003/2024(H5N1)	699	739
PB1|PP755595.1|A/cattle/Texas/24-008749-003/2024(H5N1)	700	740
PB1|PP755595.1|A/cattle/Texas/24-008749-003/2024(H5N1)	701	749
PB1|PP755595.1|A/cattle/Texas/24-008749-003/2024(H5N1)	702	752
PB1|PP755595.1|A/cattle/Texas/24-008749-003/2024(H5N1)	703	752
PB1|PP755595.1|A/cattle/Texas/24-008749-003/2024(H5N1)	704	755
PB1|PP755595.1|A/cattle/Texas/24-008749-003/2024(H5N1)	705	764
PB1|PP755595.1|A/cattle/Texas/24-008749-003/2024(H5N1)	706	768
PB1|PP755595.1|A/cattle/Texas/24-008749-003/2024(H5N1)	707	768
PB1|PP755595.1|A/cattle/Texas/24-008749-003/2024(H5N1)	708	765
PB1|PP755595.1|A/cattle/Texas/24-008749-003/2024(H5N1)	709	766
PB1|PP755595.1|A/cattle/Texas/24-008749-003/2024(H5N1)	710	766
PB1|PP755595.1|A/cattle/Texas/24-008749-003/2024(H5N1)	711	771
PB1|PP755595.1|A/cattle/Texas/24-008749-003/2024(H5N1)	712	737
PB1|PP755595.1|A/cattle/Texas/24-008749-003/2024(H5N1)	713	738
PB1|PP755595.1|A/cattle/Texas/24-008749-003/2024(H5N1)	714	728
PB1|PP755595.1|A/cattle/Texas/24-008749-003/2024(H5N1)	715	724
PB1|PP755595.1|A/cattle/Texas/24-008749-003/2024(H5N1)	716	733
PB1|PP755595.1|A/cattle/Texas/24-008749-003/2024(H5N1)	717	734
PB1|PP755595.1|A/cattle/Texas/24-008749-003/2024(H5N1)	718	731
PB1|PP755595.1|A/cattle/Texas/24-008749-003/2024(H5N1)	719	730
PB1|PP755595.1|A/cattle/Texas/24-008749-003/2024(H5N1)	720	730
PB1|PP755595.1|A/cattle/Texas/24-008749-003/2024(H5N1)	721	734
PB1|PP755595.1|A/cattle/Texas/24-008749-003/2024(H5N1)	722	744
PB1|PP755595.1|A/cattle/Texas/24-008749-003/2024(H5N1)	723	744
PB1|PP755595.1|A/cattle/Texas/24-008749-003/2024(H5N1)	724	748
PB1|PP755595.1|A/cattle/Texas/24-008749-003/2024(H5N1)	725	746
PB1|PP755595.1|A/cattle/Texas/24-008749-003/2024(H5N1)	726	753
PB1|PP755595.1|A/cattle/Texas/24-008749-003/2024(H5N1)	727	770
PB1|PP755595.1|A/cattle/Texas/24-008749-003/2024(H5N1)	728	774
PB1|PP755595.1|A/cattle/Texas/24-008749-003/2024(H5N1)	729	779
PB1|PP755595.1|A/cattle/Texas/24-008749-003/2024(H5N1)	730	782
PB1|PP755595.1|A/cattle/Texas/24-008749-003/2024(H5N1)	731	777
PB1|PP755595.1|A/cattle/Texas/24-008749-003/2024(H5N1)	732	775
PB1|PP755595.1|A/cattle/Texas/24-008749-003/2024(H5N1)	733	775
PB1|PP755595.1|A/cattle/Texas/24-008749-003/2024(H5N1)	734	777
PB1|PP755595.1|A/cattle/Texas/24-008749-003/2024(H5N1)	735	777
PB1|PP755595.1|A/cattle/Texas/24-008749-003/2024(H5N1)	736	780
PB1|PP755595.1|A/cattle/Texas/24-008749-003/2024(H5N1)	737	776
PB1|PP755595.1|A/cattle/Texas/24-008749-003/2024(H5N1)	738	776
PB1|PP755595.1|A/cattle/Texas/24-008749-003/2024(H5N1)	739	781
PB1|PP755595.1|A/cattle/Texas/24-008749-003/2024(H5N1)	740	781
PB1|PP755595.1|A/cattle/Texas/24-008749-003/2024(H5N1)	741	787
PB1|PP755595.1|A/cattle/Texas/24-008749-003/2024(H5N1)	742	778
PB1|PP755595.1|A/cattle/Texas/24-008749-003/2024(H5N1)	743	778
PB1|PP755595.1|A/cattle/Texas/24-008749-003/2024(H5N1)	744	778
PB1|PP755595.1|A/cattle/Texas/24-008749-003/2024(H5N1)	745	769
PB1|PP755595.1|A/cattle/Texas/24-008749-003/2024(H5N1)	746	773
PB1|PP755595.1|A/cattle/Texas/24-008749-003/2024(H5N1)	747	785
PB1|PP755595.1|A/cattle/Texas/24-008749-003/2024(H5N1)	748	787
PB1|PP755595.1|A/cattle/Texas/24-008749-003/2024(H5N1)	749	784
PB1|PP755595.1|A/cattle/Texas/24-008749-003/2024(H5N1)	750	787
PB1|PP755595.1|A/cattle/Texas/24-008749-003/2024(H5N1)	751	781
PB1|PP755595.1|A/cattle/Texas/24-008749-003/2024(H5N1)	752	778
PB1|PP755595.1|A/cattle/Texas/24-008749-003/2024(H5N1)	753	781
PB1|PP755595.1|A/cattle/Texas/24-008749-003/2024(H5N1)	754	790
PB1|PP755595.1|A/cattle/Texas/24-008749-003/2024(H5N1)	755	810
PB1|PP755595.1|A/cattle/Texas/24-008749-003/2024(H5N1)	756	817
PB1|PP755595.1|A/cattle/Texas/24-008749-003/2024(H5N1)	757	815
PB1|PP755595.1|A/cattle/Texas/24-008749-003/2024(H5N1)	758	807
PB1|PP755595.1|A/cattle/Texas/24-008749-003/2024(H5N1)	759	806
PB1|PP755595.1|A/cattle/Texas/24-008749-003/2024(H5N1)	760	781
PB1|PP755595.1|A/cattle/Texas/24-008749-003/2024(H5N1)	761	784
PB1|PP755595.1|A/cattle/Texas/24-008749-003/2024(H5N1)	762	781
PB1|PP755595.1|A/cattle/Texas/24-008749-003/2024(H5N1)	763	780
PB1|PP755595.1|A/cattle/Texas/24-008749-003/2024(H5N1)	764	789
PB1|PP755595.1|A/cattle/Texas/24-008749-003/2024(H5N1)	765	787
PB1|PP755595.1|A/cattle/Texas/24-008749-003/2024(H5N1)	766	785
PB1|PP755595.1|A/cattle/Texas/24-008749-003/2024(H5N1)	767	790
PB1|PP755595.1|A/cattle/Texas/24-008749-003/2024(H5N1)	768	791
PB1|PP755595.1|A/cattle/Texas/24-008749-003/2024(H5N1)	769	793
PB1|PP755595.1|A/cattle/Texas/24-008749-003/2024(H5N1)	770	797
PB1|PP755595.1|A/cattle/Texas/24-008749-003/2024(H5N1)	771	801
PB1|PP755595.1|A/cattle/Texas/24-008749-003/2024(H5N1)	772	794
PB1|PP755595.1|A/cattle/Texas/24-008749-003/2024(H5N1)	773	793
PB1|PP755595.1|A/cattle/Texas/24-008749-003/2024(H5N1)	774	791
PB1|PP755595.1|A/cattle/Texas/24-008749-003/2024(H5N1)	775	786
PB1|PP755595.1|A/cattle/Texas/24-008749-003/2024(H5N1)	776	786
PB1|PP755595.1|A/cattle/Texas/24-008749-003/2024(H5N1)	777	789
PB1|PP755595.1|A/cattle/Texas/24-008749-003/2024(H5N1)	778	785
PB1|PP755595.1|A/cattle/Texas/24-008749-003/2024(H5N1)	779	773
PB1|PP755595.1|A/cattle/Texas/24-008749-003/2024(H5N1)	780	802
PB1|PP755595.1|A/cattle/Texas/24-008749-003/2024(H5N1)	781	801
PB1|PP755595.1|A/cattle/Texas/24-008749-003/2024(H5N1)	782	803
PB1|PP755595.1|A/cattle/Texas/24-008749-003/2024(H5N1)	783	802
PB1|PP755595.1|A/cattle/Texas/24-008749-003/2024(H5N1)	784	800
PB1|PP755595.1|A/cattle/Texas/24-008749-003/2024(H5N1)	785	803
PB1|PP755595.1|A/cattle/Texas/24-008749-003/2024(H5N1)	786	803
PB1|PP755595.1|A/cattle/Texas/24-008749-003/2024(H5N1)	787	805
PB1|PP755595.1|A/cattle/Texas/24-008749-003/2024(H5N1)	788	802
PB1|PP755595.1|A/cattle/Texas/24-008749-003/2024(H5N1)	789	791
PB1|PP755595.1|A/cattle/Texas/24-008749-003/2024(H5N1)	790	791
PB1|PP755595.1|A/cattle/Texas/24-008749-003/2024(H5N1)	791	790
PB1|PP755595.1|A/cattle/Texas/24-008749-003/2024(H5N1)	792	791
PB1|PP755595.1|A/cattle/Texas/24-008749-003/2024(H5N1)	793	790
PB1|PP755595.1|A/cattle/Texas/24-008749-003/2024(H5N1)	794	791
PB1|PP755595.1|A/cattle/Texas/24-008749-003/2024(H5N1)	795	791
PB1|PP755595.1|A/cattle/Texas/24-008749-003/2024(H5N1)	796	790
PB1|PP755595.1|A/cattle/Texas/24-008749-003/2024(H5N1)	797	790
PB1|PP755595.1|A/cattle/Texas/24-008749-003/2024(H5N1)	798	778
PB1|PP755595.1|A/cattle/Texas/24-008749-003/2024(H5N1)	799	777
PB1|PP755595.1|A/cattle/Texas/24-008749-003/2024(H5N1)	800	776
PB1|PP755595.1|A/cattle/Texas/24-008749-003/2024(H5N1)	801	777
PB1|PP755595.1|A/cattle/Texas/24-008749-003/2024(H5N1)	802	779
PB1|PP755595.1|A/cattle/Texas/24-008749-003/2024(H5N1)	803	776
PB1|PP755595.1|A/cattle/Texas/24-008749-003/2024(H5N1)	804	782
PB1|PP755595.1|A/cattle/Texas/24-008749-003/2024(H5N1)	805	776
PB1|PP755595.1|A/cattle/Texas/24-008749-003/2024(H5N1)	806	779
PB1|PP755595.1|A/cattle/Texas/24-008749-003/2024(H5N1)	807	784
PB1|PP755595.1|A/cattle/Texas/24-008749-003/2024(H5N1)	808	786
PB1|PP755595.1|A/cattle/Texas/24-008749-003/2024(H5N1)	809	788
PB1|PP755595.1|A/cattle/Texas/24-008749-003/2024(H5N1)	810	788
PB1|PP755595.1|A/cattle/Texas/24-008749-003/2024(H5N1)	811	786
PB1|PP755595.1|A/cattle/Texas/24-008749-003/2024(H5N1)	812	786
PB1|PP755595.1|A/cattle/Texas/24-008749-003/2024(H5N1)	813	794
PB1|PP755595.1|A/cattle/Texas/24-008749-003/2024(H5N1)	814	794
PB1|PP755595.1|A/cattle/Texas/24-008749-003/2024(H5N1)	815	798
PB1|PP755595.1|A/cattle/Texas/24-008749-003/2024(H5N1)	816	797
PB1|PP755595.1|A/cattle/Texas/24-008749-003/2024(H5N1)	817	775
PB1|PP755595.1|A/cattle/Texas/24-008749-003/2024(H5N1)	818	782
PB1|PP755595.1|A/cattle/Texas/24-008749-003/2024(H5N1)	819	781
PB1|PP755595.1|A/cattle/Texas/24-008749-003/2024(H5N1)	820	776
PB1|PP755595.1|A/cattle/Texas/24-008749-003/2024(H5N1)	821	776
PB1|PP755595.1|A/cattle/Texas/24-008749-003/2024(H5N1)	822	767
PB1|PP755595.1|A/cattle/Texas/24-008749-003/2024(H5N1)	823	767
PB1|PP755595.1|A/cattle/Texas/24-008749-003/2024(H5N1)	824	763
PB1|PP755595.1|A/cattle/Texas/24-008749-003/2024(H5N1)	825	762
PB1|PP755595.1|A/cattle/Texas/24-008749-003/2024(H5N1)	826	757
PB1|PP755595.1|A/cattle/Texas/24-008749-003/2024(H5N1)	827	757
PB1|PP755595.1|A/cattle/Texas/24-008749-003/2024(H5N1)	828	755
PB1|PP755595.1|A/cattle/Texas/24-008749-003/2024(H5N1)	829	756
PB1|PP755595.1|A/cattle/Texas/24-008749-003/2024(H5N1)	830	751
PB1|PP755595.1|A/cattle/Texas/24-008749-003/2024(H5N1)	831	756
PB1|PP755595.1|A/cattle/Texas/24-008749-003/2024(H5N1)	832	755
PB1|PP755595.1|A/cattle/Texas/24-008749-003/2024(H5N1)	833	755
PB1|PP755595.1|A/cattle/Texas/24-008749-003/2024(H5N1)	834	748
PB1|PP755595.1|A/cattle/Texas/24-008749-003/2024(H5N1)	835	756
PB1|PP755595.1|A/cattle/Texas/24-008749-003/2024(H5N1)	836	755
PB1|PP755595.1|A/cattle/Texas/24-008749-003/2024(H5N1)	837	757
PB1|PP755595.1|A/cattle/Texas/24-008749-003/2024(H5N1)	838	755
PB1|PP755595.1|A/cattle/Texas/24-008749-003/2024(H5N1)	839	755
PB1|PP755595.1|A/cattle/Texas/24-008749-003/2024(H5N1)	840	756
PB1|PP755595.1|A/cattle/Texas/24-008749-003/2024(H5N1)	841	757
PB1|PP755595.1|A/cattle/Texas/24-008749-003/2024(H5N1)	842	757
PB1|PP755595.1|A/cattle/Texas/24-008749-003/2024(H5N1)	843	757
PB1|PP755595.1|A/cattle/Texas/24-008749-003/2024(H5N1)	844	764
PB1|PP755595.1|A/cattle/Texas/24-008749-003/2024(H5N1)	845	764
PB1|PP755595.1|A/cattle/Texas/24-008749-003/2024(H5N1)	846	775
PB1|PP755595.1|A/cattle/Texas/24-008749-003/2024(H5N1)	847	775
PB1|PP755595.1|A/cattle/Texas/24-008749-003/2024(H5N1)	848	774
PB1|PP755595.1|A/cattle/Texas/24-008749-003/2024(H5N1)	849	774
PB1|PP755595.1|A/cattle/Texas/24-008749-003/2024(H5N1)	850	769
PB1|PP755595.1|A/cattle/Texas/24-008749-003/2024(H5N1)	851	768
PB1|PP755595.1|A/cattle/Texas/24-008749-003/2024(H5N1)	852	768
PB1|PP755595.1|A/cattle/Texas/24-008749-003/2024(H5N1)	853	757
PB1|PP755595.1|A/cattle/Texas/24-008749-003/2024(H5N1)	854	756
PB1|PP755595.1|A/cattle/Texas/24-008749-003/2024(H5N1)	855	741
PB1|PP755595.1|A/cattle/Texas/24-008749-003/2024(H5N1)	856	741
PB1|PP755595.1|A/cattle/Texas/24-008749-003/2024(H5N1)	857	739
PB1|PP755595.1|A/cattle/Texas/24-008749-003/2024(H5N1)	858	739
PB1|PP755595.1|A/cattle/Texas/24-008749-003/2024(H5N1)	859	733
PB1|PP755595.1|A/cattle/Texas/24-008749-003/2024(H5N1)	860	736
PB1|PP755595.1|A/cattle/Texas/24-008749-003/2024(H5N1)	861	736
PB1|PP755595.1|A/cattle/Texas/24-008749-003/2024(H5N1)	862	728
PB1|PP755595.1|A/cattle/Texas/24-008749-003/2024(H5N1)	863	727
PB1|PP755595.1|A/cattle/Texas/24-008749-003/2024(H5N1)	864	732
PB1|PP755595.1|A/cattle/Texas/24-008749-003/2024(H5N1)	865	734
PB1|PP755595.1|A/cattle/Texas/24-008749-003/2024(H5N1)	866	734
PB1|PP755595.1|A/cattle/Texas/24-008749-003/2024(H5N1)	867	734
PB1|PP755595.1|A/cattle/Texas/24-008749-003/2024(H5N1)	868	735
PB1|PP755595.1|A/cattle/Texas/24-008749-003/2024(H5N1)	869	735
PB1|PP755595.1|A/cattle/Texas/24-008749-003/2024(H5N1)	870	734
PB1|PP755595.1|A/cattle/Texas/24-008749-003/2024(H5N1)	871	735
PB1|PP755595.1|A/cattle/Texas/24-008749-003/2024(H5N1)	872	735
PB1|PP755595.1|A/cattle/Texas/24-008749-003/2024(H5N1)	873	732
PB1|PP755595.1|A/cattle/Texas/24-008749-003/2024(H5N1)	874	731
PB1|PP755595.1|A/cattle/Texas/24-008749-003/2024(H5N1)	875	732
PB1|PP755595.1|A/cattle/Texas/24-008749-003/2024(H5N1)	876	727
PB1|PP755595.1|A/cattle/Texas/24-008749-003/2024(H5N1)	877	730
PB1|PP755595.1|A/cattle/Texas/24-008749-003/2024(H5N1)	878	732
PB1|PP755595.1|A/cattle/Texas/24-008749-003/2024(H5N1)	879	736
PB1|PP755595.1|A/cattle/Texas/24-008749-003/2024(H5N1)	880	736
PB1|PP755595.1|A/cattle/Texas/24-008749-003/2024(H5N1)	881	733
PB1|PP755595.1|A/cattle/Texas/24-008749-003/2024(H5N1)	882	733
PB1|PP755595.1|A/cattle/Texas/24-008749-003/2024(H5N1)	883	728
PB1|PP755595.1|A/cattle/Texas/24-008749-003/2024(H5N1)	884	741
PB1|PP755595.1|A/cattle/Texas/24-008749-003/2024(H5N1)	885	742
PB1|PP755595.1|A/cattle/Texas/24-008749-003/2024(H5N1)	886	741
PB1|PP755595.1|A/cattle/Texas/24-008749-003/2024(H5N1)	887	738
PB1|PP755595.1|A/cattle/Texas/24-008749-003/2024(H5N1)	888	728
PB1|PP755595.1|A/cattle/Texas/24-008749-003/2024(H5N1)	889	735
PB1|PP755595.1|A/cattle/Texas/24-008749-003/2024(H5N1)	890	739
PB1|PP755595.1|A/cattle/Texas/24-008749-003/2024(H5N1)	891	746
PB1|PP755595.1|A/cattle/Texas/24-008749-003/2024(H5N1)	892	750
PB1|PP755595.1|A/cattle/Texas/24-008749-003/2024(H5N1)	893	735
PB1|PP755595.1|A/cattle/Texas/24-008749-003/2024(H5N1)	894	736
PB1|PP755595.1|A/cattle/Texas/24-008749-003/2024(H5N1)	895	741
PB1|PP755595.1|A/cattle/Texas/24-008749-003/2024(H5N1)	896	748
PB1|PP755595.1|A/cattle/Texas/24-008749-003/2024(H5N1)	897	756
PB1|PP755595.1|A/cattle/Texas/24-008749-003/2024(H5N1)	898	753
PB1|PP755595.1|A/cattle/Texas/24-008749-003/2024(H5N1)	899	754
PB1|PP755595.1|A/cattle/Texas/24-008749-003/2024(H5N1)	900	748
PB1|PP755595.1|A/cattle/Texas/24-008749-003/2024(H5N1)	901	749
PB1|PP755595.1|A/cattle/Texas/24-008749-003/2024(H5N1)	902	746
PB1|PP755595.1|A/cattle/Texas/24-008749-003/2024(H5N1)	903	735
PB1|PP755595.1|A/cattle/Texas/24-008749-003/2024(H5N1)	904	736
PB1|PP755595.1|A/cattle/Texas/24-008749-003/2024(H5N1)	905	721
PB1|PP755595.1|A/cattle/Texas/24-008749-003/2024(H5N1)	906	723
PB1|PP755595.1|A/cattle/Texas/24-008749-003/2024(H5N1)	907	725
PB1|PP755595.1|A/cattle/Texas/24-008749-003/2024(H5N1)	908	725
PB1|PP755595.1|A/cattle/Texas/24-008749-003/2024(H5N1)	909	725
PB1|PP755595.1|A/cattle/Texas/24-008749-003/2024(H5N1)	910	717
PB1|PP755595.1|A/cattle/Texas/24-008749-003/2024(H5N1)	911	716
PB1|PP755595.1|A/cattle/Texas/24-008749-003/2024(H5N1)	912	715
PB1|PP755595.1|A/cattle/Texas/24-008749-003/2024(H5N1)	913	708
PB1|PP755595.1|A/cattle/Texas/24-008749-003/2024(H5N1)	914	705
PB1|PP755595.1|A/cattle/Texas/24-008749-003/2024(H5N1)	915	704
PB1|PP755595.1|A/cattle/Texas/24-008749-003/2024(H5N1)	916	704
PB1|PP755595.1|A/cattle/Texas/24-008749-003/2024(H5N1)	917	703
PB1|PP755595.1|A/cattle/Texas/24-008749-003/2024(H5N1)	918	697
PB1|PP755595.1|A/cattle/Texas/24-008749-003/2024(H5N1)	919	698
PB1|PP755595.1|A/cattle/Texas/24-008749-003/2024(H5N1)	920	693
PB1|PP755595.1|A/cattle/Texas/24-008749-003/2024(H5N1)	921	685
PB1|PP755595.1|A/cattle/Texas/24-008749-003/2024(H5N1)	922	686
PB1|PP755595.1|A/cattle/Texas/24-008749-003/2024(H5N1)	923	681
PB1|PP755595.1|A/cattle/Texas/24-008749-003/2024(H5N1)	924	680
PB1|PP755595.1|A/cattle/Texas/24-008749-003/2024(H5N1)	925	680
PB1|PP755595.1|A/cattle/Texas/24-008749-003/2024(H5N1)	926	676
PB1|PP755595.1|A/cattle/Texas/24-008749-003/2024(H5N1)	927	677
PB1|PP755595.1|A/cattle/Texas/24-008749-003/2024(H5N1)	928	671
PB1|PP755595.1|A/cattle/Texas/24-008749-003/2024(H5N1)	929	672
PB1|PP755595.1|A/cattle/Texas/24-008749-003/2024(H5N1)	930	677
PB1|PP755595.1|A/cattle/Texas/24-008749-003/2024(H5N1)	931	673
PB1|PP755595.1|A/cattle/Texas/24-008749-003/2024(H5N1)	932	663
PB1|PP755595.1|A/cattle/Texas/24-008749-003/2024(H5N1)	933	664
PB1|PP755595.1|A/cattle/Texas/24-008749-003/2024(H5N1)	934	665
PB1|PP755595.1|A/cattle/Texas/24-008749-003/2024(H5N1)	935	664
PB1|PP755595.1|A/cattle/Texas/24-008749-003/2024(H5N1)	936	673
PB1|PP755595.1|A/cattle/Texas/24-008749-003/2024(H5N1)	937	669
PB1|PP755595.1|A/cattle/Texas/24-008749-003/2024(H5N1)	938	669
PB1|PP755595.1|A/cattle/Texas/24-008749-003/2024(H5N1)	939	673
PB1|PP755595.1|A/cattle/Texas/24-008749-003/2024(H5N1)	940	669
PB1|PP755595.1|A/cattle/Texas/24-008749-003/2024(H5N1)	941	685
PB1|PP755595.1|A/cattle/Texas/24-008749-003/2024(H5N1)	942	697
PB1|PP755595.1|A/cattle/Texas/24-008749-003/2024(H5N1)	943	704
PB1|PP755595.1|A/cattle/Texas/24-008749-003/2024(H5N1)	944	706
PB1|PP755595.1|A/cattle/Texas/24-008749-003/2024(H5N1)	945	702
PB1|PP755595.1|A/cattle/Texas/24-008749-003/2024(H5N1)	946	704
PB1|PP755595.1|A/cattle/Texas/24-008749-003/2024(H5N1)	947	706
PB1|PP755595.1|A/cattle/Texas/24-008749-003/2024(H5N1)	948	709
PB1|PP755595.1|A/cattle/Texas/24-008749-003/2024(H5N1)	949	710
PB1|PP755595.1|A/cattle/Texas/24-008749-003/2024(H5N1)	950	693
PB1|PP755595.1|A/cattle/Texas/24-008749-003/2024(H5N1)	951	697
PB1|PP755595.1|A/cattle/Texas/24-008749-003/2024(H5N1)	952	695
PB1|PP755595.1|A/cattle/Texas/24-008749-003/2024(H5N1)	953	701
PB1|PP755595.1|A/cattle/Texas/24-008749-003/2024(H5N1)	954	701
PB1|PP755595.1|A/cattle/Texas/24-008749-003/2024(H5N1)	955	690
PB1|PP755595.1|A/cattle/Texas/24-008749-003/2024(H5N1)	956	689
PB1|PP755595.1|A/cattle/Texas/24-008749-003/2024(H5N1)	957	692
PB1|PP755595.1|A/cattle/Texas/24-008749-003/2024(H5N1)	958	692
PB1|PP755595.1|A/cattle/Texas/24-008749-003/2024(H5N1)	959	695
PB1|PP755595.1|A/cattle/Texas/24-008749-003/2024(H5N1)	960	691
PB1|PP755595.1|A/cattle/Texas/24-008749-003/2024(H5N1)	961	689
PB1|PP755595.1|A/cattle/Texas/24-008749-003/2024(H5N1)	962	699
PB1|PP755595.1|A/cattle/Texas/24-008749-003/2024(H5N1)	963	700
PB1|PP755595.1|A/cattle/Texas/24-008749-003/2024(H5N1)	964	714
PB1|PP755595.1|A/cattle/Texas/24-008749-003/2024(H5N1)	965	716
PB1|PP755595.1|A/cattle/Texas/24-008749-003/2024(H5N1)	966	716
PB1|PP755595.1|A/cattle/Texas/24-008749-003/2024(H5N1)	967	709
PB1|PP755595.1|A/cattle/Texas/24-008749-003/2024(H5N1)	968	738
PB1|PP755595.1|A/cattle/Texas/24-008749-003/2024(H5N1)	969	770
PB1|PP755595.1|A/cattle/Texas/24-008749-003/2024(H5N1)	970	774
PB1|PP755595.1|A/cattle/Texas/24-008749-003/2024(H5N1)	971	772
PB1|PP755595.1|A/cattle/Texas/24-008749-003/2024(H5N1)	972	770
PB1|PP755595.1|A/cattle/Texas/24-008749-003/2024(H5N1)	973	762
PB1|PP755595.1|A/cattle/Texas/24-008749-003/2024(H5N1)	974	764
PB1|PP755595.1|A/cattle/Texas/24-008749-003/2024(H5N1)	975	765
PB1|PP755595.1|A/cattle/Texas/24-008749-003/2024(H5N1)	976	769
PB1|PP755595.1|A/cattle/Texas/24-008749-003/2024(H5N1)	977	765
PB1|PP755595.1|A/cattle/Texas/24-008749-003/2024(H5N1)	978	729
PB1|PP755595.1|A/cattle/Texas/24-008749-003/2024(H5N1)	979	727
PB1|PP755595.1|A/cattle/Texas/24-008749-003/2024(H5N1)	980	720
PB1|PP755595.1|A/cattle/Texas/24-008749-003/2024(H5N1)	981	728
PB1|PP755595.1|A/cattle/Texas/24-008749-003/2024(H5N1)	982	725
PB1|PP755595.1|A/cattle/Texas/24-008749-003/2024(H5N1)	983	724
PB1|PP755595.1|A/cattle/Texas/24-008749-003/2024(H5N1)	984	724
PB1|PP755595.1|A/cattle/Texas/24-008749-003/2024(H5N1)	985	720
PB1|PP755595.1|A/cattle/Texas/24-008749-003/2024(H5N1)	986	732
PB1|PP755595.1|A/cattle/Texas/24-008749-003/2024(H5N1)	987	731
PB1|PP755595.1|A/cattle/Texas/24-008749-003/2024(H5N1)	988	732
PB1|PP755595.1|A/cattle/Texas/24-008749-003/2024(H5N1)	989	731
PB1|PP755595.1|A/cattle/Texas/24-008749-003/2024(H5N1)	990	721
PB1|PP755595.1|A/cattle/Texas/24-008749-003/2024(H5N1)	991	723
PB1|PP755595.1|A/cattle/Texas/24-008749-003/2024(H5N1)	992	730
PB1|PP755595.1|A/cattle/Texas/24-008749-003/2024(H5N1)	993	730
PB1|PP755595.1|A/cattle/Texas/24-008749-003/2024(H5N1)	994	728
PB1|PP755595.1|A/cattle/Texas/24-008749-003/2024(H5N1)	995	714
PB1|PP755595.1|A/cattle/Texas/24-008749-003/2024(H5N1)	996	742
PB1|PP755595.1|A/cattle/Texas/24-008749-003/2024(H5N1)	997	733
PB1|PP755595.1|A/cattle/Texas/24-008749-003/2024(H5N1)	998	733
PB1|PP755595.1|A/cattle/Texas/24-008749-003/2024(H5N1)	999	734
PB1|PP755595.1|A/cattle/Texas/24-008749-003/2024(H5N1)	1000	733
PB1|PP755595.1|A/cattle/Texas/24-008749-003/2024(H5N1)	1001	741
PB1|PP755595.1|A/cattle/Texas/24-008749-003/2024(H5N1)	1002	742
PB1|PP755595.1|A/cattle/Texas/24-008749-003/2024(H5N1)	1003	747
PB1|PP755595.1|A/cattle/Texas/24-008749-003/2024(H5N1)	1004	746
PB1|PP755595.1|A/cattle/Texas/24-008749-003/2024(H5N1)	1005	713
PB1|PP755595.1|A/cattle/Texas/24-008749-003/2024(H5N1)	1006	744
PB1|PP755595.1|A/cattle/Texas/24-008749-003/2024(H5N1)	1007	739
PB1|PP755595.1|A/cattle/Texas/24-008749-003/2024(H5N1)	1008	742
PB1|PP755595.1|A/cattle/Texas/24-008749-003/2024(H5N1)	1009	743
PB1|PP755595.1|A/cattle/Texas/24-008749-003/2024(H5N1)	1010	742
PB1|PP755595.1|A/cattle/Texas/24-008749-003/2024(H5N1)	1011	744
PB1|PP755595.1|A/cattle/Texas/24-008749-003/2024(H5N1)	1012	746
PB1|PP755595.1|A/cattle/Texas/24-008749-003/2024(H5N1)	1013	749
PB1|PP755595.1|A/cattle/Texas/24-008749-003/2024(H5N1)	1014	748
PB1|PP755595.1|A/cattle/Texas/24-008749-003/2024(H5N1)	1015	731
PB1|PP755595.1|A/cattle/Texas/24-008749-003/2024(H5N1)	1016	732
PB1|PP755595.1|A/cattle/Texas/24-008749-003/2024(H5N1)	1017	728
PB1|PP755595.1|A/cattle/Texas/24-008749-003/2024(H5N1)	1018	731
PB1|PP755595.1|A/cattle/Texas/24-008749-003/2024(H5N1)	1019	736
PB1|PP755595.1|A/cattle/Texas/24-008749-003/2024(H5N1)	1020	738
PB1|PP755595.1|A/cattle/Texas/24-008749-003/2024(H5N1)	1021	772
PB1|PP755595.1|A/cattle/Texas/24-008749-003/2024(H5N1)	1022	767
PB1|PP755595.1|A/cattle/Texas/24-008749-003/2024(H5N1)	1023	765
PB1|PP755595.1|A/cattle/Texas/24-008749-003/2024(H5N1)	1024	781
PB1|PP755595.1|A/cattle/Texas/24-008749-003/2024(H5N1)	1025	777
PB1|PP755595.1|A/cattle/Texas/24-008749-003/2024(H5N1)	1026	778
PB1|PP755595.1|A/cattle/Texas/24-008749-003/2024(H5N1)	1027	784
PB1|PP755595.1|A/cattle/Texas/24-008749-003/2024(H5N1)	1028	777
PB1|PP755595.1|A/cattle/Texas/24-008749-003/2024(H5N1)	1029	778
PB1|PP755595.1|A/cattle/Texas/24-008749-003/2024(H5N1)	1030	745
PB1|PP755595.1|A/cattle/Texas/24-008749-003/2024(H5N1)	1031	741
PB1|PP755595.1|A/cattle/Texas/24-008749-003/2024(H5N1)	1032	742
PB1|PP755595.1|A/cattle/Texas/24-008749-003/2024(H5N1)	1033	740
PB1|PP755595.1|A/cattle/Texas/24-008749-003/2024(H5N1)	1034	742
PB1|PP755595.1|A/cattle/Texas/24-008749-003/2024(H5N1)	1035	742
PB1|PP755595.1|A/cattle/Texas/24-008749-003/2024(H5N1)	1036	741
PB1|PP755595.1|A/cattle/Texas/24-008749-003/2024(H5N1)	1037	745
PB1|PP755595.1|A/cattle/Texas/24-008749-003/2024(H5N1)	1038	745
PB1|PP755595.1|A/cattle/Texas/24-008749-003/2024(H5N1)	1039	745
PB1|PP755595.1|A/cattle/Texas/24-008749-003/2024(H5N1)	1040	745
PB1|PP755595.1|A/cattle/Texas/24-008749-003/2024(H5N1)	1041	745
PB1|PP755595.1|A/cattle/Texas/24-008749-003/2024(H5N1)	1042	745
PB1|PP755595.1|A/cattle/Texas/24-008749-003/2024(H5N1)	1043	746
PB1|PP755595.1|A/cattle/Texas/24-008749-003/2024(H5N1)	1044	743
PB1|PP755595.1|A/cattle/Texas/24-008749-003/2024(H5N1)	1045	741
PB1|PP755595.1|A/cattle/Texas/24-008749-003/2024(H5N1)	1046	739
PB1|PP755595.1|A/cattle/Texas/24-008749-003/2024(H5N1)	1047	739
PB1|PP755595.1|A/cattle/Texas/24-008749-003/2024(H5N1)	1048	747
PB1|PP755595.1|A/cattle/Texas/24-008749-003/2024(H5N1)	1049	761
PB1|PP755595.1|A/cattle/Texas/24-008749-003/2024(H5N1)	1050	766
PB1|PP755595.1|A/cattle/Texas/24-008749-003/2024(H5N1)	1051	777
PB1|PP755595.1|A/cattle/Texas/24-008749-003/2024(H5N1)	1052	773
PB1|PP755595.1|A/cattle/Texas/24-008749-003/2024(H5N1)	1053	774
PB1|PP755595.1|A/cattle/Texas/24-008749-003/2024(H5N1)	1054	774
PB1|PP755595.1|A/cattle/Texas/24-008749-003/2024(H5N1)	1055	777
PB1|PP755595.1|A/cattle/Texas/24-008749-003/2024(H5N1)	1056	777
PB1|PP755595.1|A/cattle/Texas/24-008749-003/2024(H5N1)	1057	771
PB1|PP755595.1|A/cattle/Texas/24-008749-003/2024(H5N1)	1058	768
PB1|PP755595.1|A/cattle/Texas/24-008749-003/2024(H5N1)	1059	763
PB1|PP755595.1|A/cattle/Texas/24-008749-003/2024(H5N1)	1060	783
PB1|PP755595.1|A/cattle/Texas/24-008749-003/2024(H5N1)	1061	784
PB1|PP755595.1|A/cattle/Texas/24-008749-003/2024(H5N1)	1062	788
PB1|PP755595.1|A/cattle/Texas/24-008749-003/2024(H5N1)	1063	785
PB1|PP755595.1|A/cattle/Texas/24-008749-003/2024(H5N1)	1064	777
PB1|PP755595.1|A/cattle/Texas/24-008749-003/2024(H5N1)	1065	776
PB1|PP755595.1|A/cattle/Texas/24-008749-003/2024(H5N1)	1066	781
PB1|PP755595.1|A/cattle/Texas/24-008749-003/2024(H5N1)	1067	778
PB1|PP755595.1|A/cattle/Texas/24-008749-003/2024(H5N1)	1068	772
PB1|PP755595.1|A/cattle/Texas/24-008749-003/2024(H5N1)	1069	754
PB1|PP755595.1|A/cattle/Texas/24-008749-003/2024(H5N1)	1070	754
PB1|PP755595.1|A/cattle/Texas/24-008749-003/2024(H5N1)	1071	756
PB1|PP755595.1|A/cattle/Texas/24-008749-003/2024(H5N1)	1072	758
PB1|PP755595.1|A/cattle/Texas/24-008749-003/2024(H5N1)	1073	760
PB1|PP755595.1|A/cattle/Texas/24-008749-003/2024(H5N1)	1074	762
PB1|PP755595.1|A/cattle/Texas/24-008749-003/2024(H5N1)	1075	760
PB1|PP755595.1|A/cattle/Texas/24-008749-003/2024(H5N1)	1076	760
PB1|PP755595.1|A/cattle/Texas/24-008749-003/2024(H5N1)	1077	772
PB1|PP755595.1|A/cattle/Texas/24-008749-003/2024(H5N1)	1078	770
PB1|PP755595.1|A/cattle/Texas/24-008749-003/2024(H5N1)	1079	770
PB1|PP755595.1|A/cattle/Texas/24-008749-003/2024(H5N1)	1080	777
PB1|PP755595.1|A/cattle/Texas/24-008749-003/2024(H5N1)	1081	791
PB1|PP755595.1|A/cattle/Texas/24-008749-003/2024(H5N1)	1082	797
PB1|PP755595.1|A/cattle/Texas/24-008749-003/2024(H5N1)	1083	795
PB1|PP755595.1|A/cattle/Texas/24-008749-003/2024(H5N1)	1084	798
PB1|PP755595.1|A/cattle/Texas/24-008749-003/2024(H5N1)	1085	795
PB1|PP755595.1|A/cattle/Texas/24-008749-003/2024(H5N1)	1086	796
PB1|PP755595.1|A/cattle/Texas/24-008749-003/2024(H5N1)	1087	795
PB1|PP755595.1|A/cattle/Texas/24-008749-003/2024(H5N1)	1088	798
PB1|PP755595.1|A/cattle/Texas/24-008749-003/2024(H5N1)	1089	798
PB1|PP755595.1|A/cattle/Texas/24-008749-003/2024(H5N1)	1090	802
PB1|PP755595.1|A/cattle/Texas/24-008749-003/2024(H5N1)	1091	801
PB1|PP755595.1|A/cattle/Texas/24-008749-003/2024(H5N1)	1092	801
PB1|PP755595.1|A/cattle/Texas/24-008749-003/2024(H5N1)	1093	800
PB1|PP755595.1|A/cattle/Texas/24-008749-003/2024(H5N1)	1094	800
PB1|PP755595.1|A/cattle/Texas/24-008749-003/2024(H5N1)	1095	800
PB1|PP755595.1|A/cattle/Texas/24-008749-003/2024(H5N1)	1096	800
PB1|PP755595.1|A/cattle/Texas/24-008749-003/2024(H5N1)	1097	816
PB1|PP755595.1|A/cattle/Texas/24-008749-003/2024(H5N1)	1098	814
PB1|PP755595.1|A/cattle/Texas/24-008749-003/2024(H5N1)	1099	814
PB1|PP755595.1|A/cattle/Texas/24-008749-003/2024(H5N1)	1100	814
PB1|PP755595.1|A/cattle/Texas/24-008749-003/2024(H5N1)	1101	822
PB1|PP755595.1|A/cattle/Texas/24-008749-003/2024(H5N1)	1102	822
PB1|PP755595.1|A/cattle/Texas/24-008749-003/2024(H5N1)	1103	831
PB1|PP755595.1|A/cattle/Texas/24-008749-003/2024(H5N1)	1104	831
PB1|PP755595.1|A/cattle/Texas/24-008749-003/2024(H5N1)	1105	841
PB1|PP755595.1|A/cattle/Texas/24-008749-003/2024(H5N1)	1106	838
PB1|PP755595.1|A/cattle/Texas/24-008749-003/2024(H5N1)	1107	836
PB1|PP755595.1|A/cattle/Texas/24-008749-003/2024(H5N1)	1108	837
PB1|PP755595.1|A/cattle/Texas/24-008749-003/2024(H5N1)	1109	841
PB1|PP755595.1|A/cattle/Texas/24-008749-003/2024(H5N1)	1110	839
PB1|PP755595.1|A/cattle/Texas/24-008749-003/2024(H5N1)	1111	838
PB1|PP755595.1|A/cattle/Texas/24-008749-003/2024(H5N1)	1112	840
PB1|PP755595.1|A/cattle/Texas/24-008749-003/2024(H5N1)	1113	840
PB1|PP755595.1|A/cattle/Texas/24-008749-003/2024(H5N1)	1114	844
PB1|PP755595.1|A/cattle/Texas/24-008749-003/2024(H5N1)	1115	840
PB1|PP755595.1|A/cattle/Texas/24-008749-003/2024(H5N1)	1116	840
PB1|PP755595.1|A/cattle/Texas/24-008749-003/2024(H5N1)	1117	838
PB1|PP755595.1|A/cattle/Texas/24-008749-003/2024(H5N1)	1118	835
PB1|PP755595.1|A/cattle/Texas/24-008749-003/2024(H5N1)	1119	844
PB1|PP755595.1|A/cattle/Texas/24-008749-003/2024(H5N1)	1120	842
PB1|PP755595.1|A/cattle/Texas/24-008749-003/2024(H5N1)	1121	844
PB1|PP755595.1|A/cattle/Texas/24-008749-003/2024(H5N1)	1122	842
PB1|PP755595.1|A/cattle/Texas/24-008749-003/2024(H5N1)	1123	841
PB1|PP755595.1|A/cattle/Texas/24-008749-003/2024(H5N1)	1124	846
PB1|PP755595.1|A/cattle/Texas/24-008749-003/2024(H5N1)	1125	849
PB1|PP755595.1|A/cattle/Texas/24-008749-003/2024(H5N1)	1126	850
PB1|PP755595.1|A/cattle/Texas/24-008749-003/2024(H5N1)	1127	850
PB1|PP755595.1|A/cattle/Texas/24-008749-003/2024(H5N1)	1128	843
PB1|PP755595.1|A/cattle/Texas/24-008749-003/2024(H5N1)	1129	848
PB1|PP755595.1|A/cattle/Texas/24-008749-003/2024(H5N1)	1130	854
PB1|PP755595.1|A/cattle/Texas/24-008749-003/2024(H5N1)	1131	856
PB1|PP755595.1|A/cattle/Texas/24-008749-003/2024(H5N1)	1132	849
PB1|PP755595.1|A/cattle/Texas/24-008749-003/2024(H5N1)	1133	845
PB1|PP755595.1|A/cattle/Texas/24-008749-003/2024(H5N1)	1134	851
PB1|PP755595.1|A/cattle/Texas/24-008749-003/2024(H5N1)	1135	851
PB1|PP755595.1|A/cattle/Texas/24-008749-003/2024(H5N1)	1136	850
PB1|PP755595.1|A/cattle/Texas/24-008749-003/2024(H5N1)	1137	853
PB1|PP755595.1|A/cattle/Texas/24-008749-003/2024(H5N1)	1138	844
PB1|PP755595.1|A/cattle/Texas/24-008749-003/2024(H5N1)	1139	850
PB1|PP755595.1|A/cattle/Texas/24-008749-003/2024(H5N1)	1140	841
PB1|PP755595.1|A/cattle/Texas/24-008749-003/2024(H5N1)	1141	838
PB1|PP755595.1|A/cattle/Texas/24-008749-003/2024(H5N1)	1142	856
PB1|PP755595.1|A/cattle/Texas/24-008749-003/2024(H5N1)	1143	856
PB1|PP755595.1|A/cattle/Texas/24-008749-003/2024(H5N1)	1144	853
PB1|PP755595.1|A/cattle/Texas/24-008749-003/2024(H5N1)	1145	848
PB1|PP755595.1|A/cattle/Texas/24-008749-003/2024(H5N1)	1146	841
PB1|PP755595.1|A/cattle/Texas/24-008749-003/2024(H5N1)	1147	841
PB1|PP755595.1|A/cattle/Texas/24-008749-003/2024(H5N1)	1148	830
PB1|PP755595.1|A/cattle/Texas/24-008749-003/2024(H5N1)	1149	828
PB1|PP755595.1|A/cattle/Texas/24-008749-003/2024(H5N1)	1150	828
PB1|PP755595.1|A/cattle/Texas/24-008749-003/2024(H5N1)	1151	829
PB1|PP755595.1|A/cattle/Texas/24-008749-003/2024(H5N1)	1152	828
PB1|PP755595.1|A/cattle/Texas/24-008749-003/2024(H5N1)	1153	841
PB1|PP755595.1|A/cattle/Texas/24-008749-003/2024(H5N1)	1154	840
PB1|PP755595.1|A/cattle/Texas/24-008749-003/2024(H5N1)	1155	840
PB1|PP755595.1|A/cattle/Texas/24-008749-003/2024(H5N1)	1156	838
PB1|PP755595.1|A/cattle/Texas/24-008749-003/2024(H5N1)	1157	829
PB1|PP755595.1|A/cattle/Texas/24-008749-003/2024(H5N1)	1158	833
PB1|PP755595.1|A/cattle/Texas/24-008749-003/2024(H5N1)	1159	847
PB1|PP755595.1|A/cattle/Texas/24-008749-003/2024(H5N1)	1160	849
PB1|PP755595.1|A/cattle/Texas/24-008749-003/2024(H5N1)	1161	849
PB1|PP755595.1|A/cattle/Texas/24-008749-003/2024(H5N1)	1162	851
PB1|PP755595.1|A/cattle/Texas/24-008749-003/2024(H5N1)	1163	851
PB1|PP755595.1|A/cattle/Texas/24-008749-003/2024(H5N1)	1164	853
PB1|PP755595.1|A/cattle/Texas/24-008749-003/2024(H5N1)	1165	856
PB1|PP755595.1|A/cattle/Texas/24-008749-003/2024(H5N1)	1166	854
PB1|PP755595.1|A/cattle/Texas/24-008749-003/2024(H5N1)	1167	848
PB1|PP755595.1|A/cattle/Texas/24-008749-003/2024(H5N1)	1168	846
PB1|PP755595.1|A/cattle/Texas/24-008749-003/2024(H5N1)	1169	844
PB1|PP755595.1|A/cattle/Texas/24-008749-003/2024(H5N1)	1170	849
PB1|PP755595.1|A/cattle/Texas/24-008749-003/2024(H5N1)	1171	850
PB1|PP755595.1|A/cattle/Texas/24-008749-003/2024(H5N1)	1172	865
PB1|PP755595.1|A/cattle/Texas/24-008749-003/2024(H5N1)	1173	884
PB1|PP755595.1|A/cattle/Texas/24-008749-003/2024(H5N1)	1174	884
PB1|PP755595.1|A/cattle/Texas/24-008749-003/2024(H5N1)	1175	885
PB1|PP755595.1|A/cattle/Texas/24-008749-003/2024(H5N1)	1176	885
PB1|PP755595.1|A/cattle/Texas/24-008749-003/2024(H5N1)	1177	877
PB1|PP755595.1|A/cattle/Texas/24-008749-003/2024(H5N1)	1178	880
PB1|PP755595.1|A/cattle/Texas/24-008749-003/2024(H5N1)	1179	885
PB1|PP755595.1|A/cattle/Texas/24-008749-003/2024(H5N1)	1180	887
PB1|PP755595.1|A/cattle/Texas/24-008749-003/2024(H5N1)	1181	870
PB1|PP755595.1|A/cattle/Texas/24-008749-003/2024(H5N1)	1182	864
PB1|PP755595.1|A/cattle/Texas/24-008749-003/2024(H5N1)	1183	916
PB1|PP755595.1|A/cattle/Texas/24-008749-003/2024(H5N1)	1184	916
PB1|PP755595.1|A/cattle/Texas/24-008749-003/2024(H5N1)	1185	919
PB1|PP755595.1|A/cattle/Texas/24-008749-003/2024(H5N1)	1186	931
PB1|PP755595.1|A/cattle/Texas/24-008749-003/2024(H5N1)	1187	930
PB1|PP755595.1|A/cattle/Texas/24-008749-003/2024(H5N1)	1188	933
PB1|PP755595.1|A/cattle/Texas/24-008749-003/2024(H5N1)	1189	934
PB1|PP755595.1|A/cattle/Texas/24-008749-003/2024(H5N1)	1190	932
PB1|PP755595.1|A/cattle/Texas/24-008749-003/2024(H5N1)	1191	947
PB1|PP755595.1|A/cattle/Texas/24-008749-003/2024(H5N1)	1192	931
PB1|PP755595.1|A/cattle/Texas/24-008749-003/2024(H5N1)	1193	894
PB1|PP755595.1|A/cattle/Texas/24-008749-003/2024(H5N1)	1194	893
PB1|PP755595.1|A/cattle/Texas/24-008749-003/2024(H5N1)	1195	891
PB1|PP755595.1|A/cattle/Texas/24-008749-003/2024(H5N1)	1196	898
PB1|PP755595.1|A/cattle/Texas/24-008749-003/2024(H5N1)	1197	892
PB1|PP755595.1|A/cattle/Texas/24-008749-003/2024(H5N1)	1198	890
PB1|PP755595.1|A/cattle/Texas/24-008749-003/2024(H5N1)	1199	890
PB1|PP755595.1|A/cattle/Texas/24-008749-003/2024(H5N1)	1200	874
PB1|PP755595.1|A/cattle/Texas/24-008749-003/2024(H5N1)	1201	883
PB1|PP755595.1|A/cattle/Texas/24-008749-003/2024(H5N1)	1202	884
PB1|PP755595.1|A/cattle/Texas/24-008749-003/2024(H5N1)	1203	878
PB1|PP755595.1|A/cattle/Texas/24-008749-003/2024(H5N1)	1204	874
PB1|PP755595.1|A/cattle/Texas/24-008749-003/2024(H5N1)	1205	910
PB1|PP755595.1|A/cattle/Texas/24-008749-003/2024(H5N1)	1206	915
PB1|PP755595.1|A/cattle/Texas/24-008749-003/2024(H5N1)	1207	915
PB1|PP755595.1|A/cattle/Texas/24-008749-003/2024(H5N1)	1208	914
PB1|PP755595.1|A/cattle/Texas/24-008749-003/2024(H5N1)	1209	911
PB1|PP755595.1|A/cattle/Texas/24-008749-003/2024(H5N1)	1210	905
PB1|PP755595.1|A/cattle/Texas/24-008749-003/2024(H5N1)	1211	916
PB1|PP755595.1|A/cattle/Texas/24-008749-003/2024(H5N1)	1212	915
PB1|PP755595.1|A/cattle/Texas/24-008749-003/2024(H5N1)	1213	916
PB1|PP755595.1|A/cattle/Texas/24-008749-003/2024(H5N1)	1214	900
PB1|PP755595.1|A/cattle/Texas/24-008749-003/2024(H5N1)	1215	906
PB1|PP755595.1|A/cattle/Texas/24-008749-003/2024(H5N1)	1216	915
PB1|PP755595.1|A/cattle/Texas/24-008749-003/2024(H5N1)	1217	919
PB1|PP755595.1|A/cattle/Texas/24-008749-003/2024(H5N1)	1218	920
PB1|PP755595.1|A/cattle/Texas/24-008749-003/2024(H5N1)	1219	911
PB1|PP755595.1|A/cattle/Texas/24-008749-003/2024(H5N1)	1220	893
PB1|PP755595.1|A/cattle/Texas/24-008749-003/2024(H5N1)	1221	902
PB1|PP755595.1|A/cattle/Texas/24-008749-003/2024(H5N1)	1222	904
PB1|PP755595.1|A/cattle/Texas/24-008749-003/2024(H5N1)	1223	899
PB1|PP755595.1|A/cattle/Texas/24-008749-003/2024(H5N1)	1224	899
PB1|PP755595.1|A/cattle/Texas/24-008749-003/2024(H5N1)	1225	891
PB1|PP755595.1|A/cattle/Texas/24-008749-003/2024(H5N1)	1226	888
PB1|PP755595.1|A/cattle/Texas/24-008749-003/2024(H5N1)	1227	888
PB1|PP755595.1|A/cattle/Texas/24-008749-003/2024(H5N1)	1228	891
PB1|PP755595.1|A/cattle/Texas/24-008749-003/2024(H5N1)	1229	891
PB1|PP755595.1|A/cattle/Texas/24-008749-003/2024(H5N1)	1230	888
PB1|PP755595.1|A/cattle/Texas/24-008749-003/2024(H5N1)	1231	884
PB1|PP755595.1|A/cattle/Texas/24-008749-003/2024(H5N1)	1232	881
PB1|PP755595.1|A/cattle/Texas/24-008749-003/2024(H5N1)	1233	899
PB1|PP755595.1|A/cattle/Texas/24-008749-003/2024(H5N1)	1234	899
PB1|PP755595.1|A/cattle/Texas/24-008749-003/2024(H5N1)	1235	905
PB1|PP755595.1|A/cattle/Texas/24-008749-003/2024(H5N1)	1236	908
PB1|PP755595.1|A/cattle/Texas/24-008749-003/2024(H5N1)	1237	908
PB1|PP755595.1|A/cattle/Texas/24-008749-003/2024(H5N1)	1238	910
PB1|PP755595.1|A/cattle/Texas/24-008749-003/2024(H5N1)	1239	911
PB1|PP755595.1|A/cattle/Texas/24-008749-003/2024(H5N1)	1240	912
PB1|PP755595.1|A/cattle/Texas/24-008749-003/2024(H5N1)	1241	910
PB1|PP755595.1|A/cattle/Texas/24-008749-003/2024(H5N1)	1242	900
PB1|PP755595.1|A/cattle/Texas/24-008749-003/2024(H5N1)	1243	899
PB1|PP755595.1|A/cattle/Texas/24-008749-003/2024(H5N1)	1244	889
PB1|PP755595.1|A/cattle/Texas/24-008749-003/2024(H5N1)	1245	895
PB1|PP755595.1|A/cattle/Texas/24-008749-003/2024(H5N1)	1246	889
PB1|PP755595.1|A/cattle/Texas/24-008749-003/2024(H5N1)	1247	879
PB1|PP755595.1|A/cattle/Texas/24-008749-003/2024(H5N1)	1248	880
PB1|PP755595.1|A/cattle/Texas/24-008749-003/2024(H5N1)	1249	879
PB1|PP755595.1|A/cattle/Texas/24-008749-003/2024(H5N1)	1250	880
PB1|PP755595.1|A/cattle/Texas/24-008749-003/2024(H5N1)	1251	871
PB1|PP755595.1|A/cattle/Texas/24-008749-003/2024(H5N1)	1252	876
PB1|PP755595.1|A/cattle/Texas/24-008749-003/2024(H5N1)	1253	881
PB1|PP755595.1|A/cattle/Texas/24-008749-003/2024(H5N1)	1254	867
PB1|PP755595.1|A/cattle/Texas/24-008749-003/2024(H5N1)	1255	869
PB1|PP755595.1|A/cattle/Texas/24-008749-003/2024(H5N1)	1256	854
PB1|PP755595.1|A/cattle/Texas/24-008749-003/2024(H5N1)	1257	850
PB1|PP755595.1|A/cattle/Texas/24-008749-003/2024(H5N1)	1258	852
PB1|PP755595.1|A/cattle/Texas/24-008749-003/2024(H5N1)	1259	852
PB1|PP755595.1|A/cattle/Texas/24-008749-003/2024(H5N1)	1260	850
PB1|PP755595.1|A/cattle/Texas/24-008749-003/2024(H5N1)	1261	848
PB1|PP755595.1|A/cattle/Texas/24-008749-003/2024(H5N1)	1262	846
PB1|PP755595.1|A/cattle/Texas/24-008749-003/2024(H5N1)	1263	846
PB1|PP755595.1|A/cattle/Texas/24-008749-003/2024(H5N1)	1264	844
PB1|PP755595.1|A/cattle/Texas/24-008749-003/2024(H5N1)	1265	844
PB1|PP755595.1|A/cattle/Texas/24-008749-003/2024(H5N1)	1266	844
PB1|PP755595.1|A/cattle/Texas/24-008749-003/2024(H5N1)	1267	846
PB1|PP755595.1|A/cattle/Texas/24-008749-003/2024(H5N1)	1268	845
PB1|PP755595.1|A/cattle/Texas/24-008749-003/2024(H5N1)	1269	844
PB1|PP755595.1|A/cattle/Texas/24-008749-003/2024(H5N1)	1270	833
PB1|PP755595.1|A/cattle/Texas/24-008749-003/2024(H5N1)	1271	831
PB1|PP755595.1|A/cattle/Texas/24-008749-003/2024(H5N1)	1272	812
PB1|PP755595.1|A/cattle/Texas/24-008749-003/2024(H5N1)	1273	823
PB1|PP755595.1|A/cattle/Texas/24-008749-003/2024(H5N1)	1274	828
PB1|PP755595.1|A/cattle/Texas/24-008749-003/2024(H5N1)	1275	829
PB1|PP755595.1|A/cattle/Texas/24-008749-003/2024(H5N1)	1276	828
PB1|PP755595.1|A/cattle/Texas/24-008749-003/2024(H5N1)	1277	828
PB1|PP755595.1|A/cattle/Texas/24-008749-003/2024(H5N1)	1278	821
PB1|PP755595.1|A/cattle/Texas/24-008749-003/2024(H5N1)	1279	826
PB1|PP755595.1|A/cattle/Texas/24-008749-003/2024(H5N1)	1280	826
PB1|PP755595.1|A/cattle/Texas/24-008749-003/2024(H5N1)	1281	830
PB1|PP755595.1|A/cattle/Texas/24-008749-003/2024(H5N1)	1282	829
PB1|PP755595.1|A/cattle/Texas/24-008749-003/2024(H5N1)	1283	830
PB1|PP755595.1|A/cattle/Texas/24-008749-003/2024(H5N1)	1284	831
PB1|PP755595.1|A/cattle/Texas/24-008749-003/2024(H5N1)	1285	832
PB1|PP755595.1|A/cattle/Texas/24-008749-003/2024(H5N1)	1286	832
PB1|PP755595.1|A/cattle/Texas/24-008749-003/2024(H5N1)	1287	832
PB1|PP755595.1|A/cattle/Texas/24-008749-003/2024(H5N1)	1288	826
PB1|PP755595.1|A/cattle/Texas/24-008749-003/2024(H5N1)	1289	816
PB1|PP755595.1|A/cattle/Texas/24-008749-003/2024(H5N1)	1290	818
PB1|PP755595.1|A/cattle/Texas/24-008749-003/2024(H5N1)	1291	841
PB1|PP755595.1|A/cattle/Texas/24-008749-003/2024(H5N1)	1292	842
PB1|PP755595.1|A/cattle/Texas/24-008749-003/2024(H5N1)	1293	853
PB1|PP755595.1|A/cattle/Texas/24-008749-003/2024(H5N1)	1294	854
PB1|PP755595.1|A/cattle/Texas/24-008749-003/2024(H5N1)	1295	865
PB1|PP755595.1|A/cattle/Texas/24-008749-003/2024(H5N1)	1296	867
PB1|PP755595.1|A/cattle/Texas/24-008749-003/2024(H5N1)	1297	867
PB1|PP755595.1|A/cattle/Texas/24-008749-003/2024(H5N1)	1298	876
PB1|PP755595.1|A/cattle/Texas/24-008749-003/2024(H5N1)	1299	876
PB1|PP755595.1|A/cattle/Texas/24-008749-003/2024(H5N1)	1300	915
PB1|PP755595.1|A/cattle/Texas/24-008749-003/2024(H5N1)	1301	921
PB1|PP755595.1|A/cattle/Texas/24-008749-003/2024(H5N1)	1302	908
PB1|PP755595.1|A/cattle/Texas/24-008749-003/2024(H5N1)	1303	912
PB1|PP755595.1|A/cattle/Texas/24-008749-003/2024(H5N1)	1304	909
PB1|PP755595.1|A/cattle/Texas/24-008749-003/2024(H5N1)	1305	921
PB1|PP755595.1|A/cattle/Texas/24-008749-003/2024(H5N1)	1306	921
PB1|PP755595.1|A/cattle/Texas/24-008749-003/2024(H5N1)	1307	919
PB1|PP755595.1|A/cattle/Texas/24-008749-003/2024(H5N1)	1308	909
PB1|PP755595.1|A/cattle/Texas/24-008749-003/2024(H5N1)	1309	906
PB1|PP755595.1|A/cattle/Texas/24-008749-003/2024(H5N1)	1310	909
PB1|PP755595.1|A/cattle/Texas/24-008749-003/2024(H5N1)	1311	910
PB1|PP755595.1|A/cattle/Texas/24-008749-003/2024(H5N1)	1312	904
PB1|PP755595.1|A/cattle/Texas/24-008749-003/2024(H5N1)	1313	906
PB1|PP755595.1|A/cattle/Texas/24-008749-003/2024(H5N1)	1314	906
PB1|PP755595.1|A/cattle/Texas/24-008749-003/2024(H5N1)	1315	905
PB1|PP755595.1|A/cattle/Texas/24-008749-003/2024(H5N1)	1316	913
PB1|PP755595.1|A/cattle/Texas/24-008749-003/2024(H5N1)	1317	905
PB1|PP755595.1|A/cattle/Texas/24-008749-003/2024(H5N1)	1318	911
PB1|PP755595.1|A/cattle/Texas/24-008749-003/2024(H5N1)	1319	934
PB1|PP755595.1|A/cattle/Texas/24-008749-003/2024(H5N1)	1320	934
PB1|PP755595.1|A/cattle/Texas/24-008749-003/2024(H5N1)	1321	942
PB1|PP755595.1|A/cattle/Texas/24-008749-003/2024(H5N1)	1322	941
PB1|PP755595.1|A/cattle/Texas/24-008749-003/2024(H5N1)	1323	947
PB1|PP755595.1|A/cattle/Texas/24-008749-003/2024(H5N1)	1324	949
PB1|PP755595.1|A/cattle/Texas/24-008749-003/2024(H5N1)	1325	947
PB1|PP755595.1|A/cattle/Texas/24-008749-003/2024(H5N1)	1326	952
PB1|PP755595.1|A/cattle/Texas/24-008749-003/2024(H5N1)	1327	950
PB1|PP755595.1|A/cattle/Texas/24-008749-003/2024(H5N1)	1328	941
PB1|PP755595.1|A/cattle/Texas/24-008749-003/2024(H5N1)	1329	949
PB1|PP755595.1|A/cattle/Texas/24-008749-003/2024(H5N1)	1330	950
PB1|PP755595.1|A/cattle/Texas/24-008749-003/2024(H5N1)	1331	945
PB1|PP755595.1|A/cattle/Texas/24-008749-003/2024(H5N1)	1332	938
PB1|PP755595.1|A/cattle/Texas/24-008749-003/2024(H5N1)	1333	939
PB1|PP755595.1|A/cattle/Texas/24-008749-003/2024(H5N1)	1334	940
PB1|PP755595.1|A/cattle/Texas/24-008749-003/2024(H5N1)	1335	957
PB1|PP755595.1|A/cattle/Texas/24-008749-003/2024(H5N1)	1336	958
PB1|PP755595.1|A/cattle/Texas/24-008749-003/2024(H5N1)	1337	960
PB1|PP755595.1|A/cattle/Texas/24-008749-003/2024(H5N1)	1338	960
PB1|PP755595.1|A/cattle/Texas/24-008749-003/2024(H5N1)	1339	955
PB1|PP755595.1|A/cattle/Texas/24-008749-003/2024(H5N1)	1340	953
PB1|PP755595.1|A/cattle/Texas/24-008749-003/2024(H5N1)	1341	952
PB1|PP755595.1|A/cattle/Texas/24-008749-003/2024(H5N1)	1342	958
PB1|PP755595.1|A/cattle/Texas/24-008749-003/2024(H5N1)	1343	981
PB1|PP755595.1|A/cattle/Texas/24-008749-003/2024(H5N1)	1344	980
PB1|PP755595.1|A/cattle/Texas/24-008749-003/2024(H5N1)	1345	1004
PB1|PP755595.1|A/cattle/Texas/24-008749-003/2024(H5N1)	1346	998
PB1|PP755595.1|A/cattle/Texas/24-008749-003/2024(H5N1)	1347	1020
PB1|PP755595.1|A/cattle/Texas/24-008749-003/2024(H5N1)	1348	1025
PB1|PP755595.1|A/cattle/Texas/24-008749-003/2024(H5N1)	1349	1032
PB1|PP755595.1|A/cattle/Texas/24-008749-003/2024(H5N1)	1350	1035
PB1|PP755595.1|A/cattle/Texas/24-008749-003/2024(H5N1)	1351	1040
PB1|PP755595.1|A/cattle/Texas/24-008749-003/2024(H5N1)	1352	1042
PB1|PP755595.1|A/cattle/Texas/24-008749-003/2024(H5N1)	1353	1043
PB1|PP755595.1|A/cattle/Texas/24-008749-003/2024(H5N1)	1354	1033
PB1|PP755595.1|A/cattle/Texas/24-008749-003/2024(H5N1)	1355	1034
PB1|PP755595.1|A/cattle/Texas/24-008749-003/2024(H5N1)	1356	1020
PB1|PP755595.1|A/cattle/Texas/24-008749-003/2024(H5N1)	1357	1020
PB1|PP755595.1|A/cattle/Texas/24-008749-003/2024(H5N1)	1358	1024
PB1|PP755595.1|A/cattle/Texas/24-008749-003/2024(H5N1)	1359	1015
PB1|PP755595.1|A/cattle/Texas/24-008749-003/2024(H5N1)	1360	1019
PB1|PP755595.1|A/cattle/Texas/24-008749-003/2024(H5N1)	1361	1016
PB1|PP755595.1|A/cattle/Texas/24-008749-003/2024(H5N1)	1362	1020
PB1|PP755595.1|A/cattle/Texas/24-008749-003/2024(H5N1)	1363	1024
PB1|PP755595.1|A/cattle/Texas/24-008749-003/2024(H5N1)	1364	1024
PB1|PP755595.1|A/cattle/Texas/24-008749-003/2024(H5N1)	1365	1035
PB1|PP755595.1|A/cattle/Texas/24-008749-003/2024(H5N1)	1366	1033
PB1|PP755595.1|A/cattle/Texas/24-008749-003/2024(H5N1)	1367	1035
PB1|PP755595.1|A/cattle/Texas/24-008749-003/2024(H5N1)	1368	1033
PB1|PP755595.1|A/cattle/Texas/24-008749-003/2024(H5N1)	1369	1033
PB1|PP755595.1|A/cattle/Texas/24-008749-003/2024(H5N1)	1370	1028
PB1|PP755595.1|A/cattle/Texas/24-008749-003/2024(H5N1)	1371	1030
PB1|PP755595.1|A/cattle/Texas/24-008749-003/2024(H5N1)	1372	1035
PB1|PP755595.1|A/cattle/Texas/24-008749-003/2024(H5N1)	1373	1049
PB1|PP755595.1|A/cattle/Texas/24-008749-003/2024(H5N1)	1374	1046
PB1|PP755595.1|A/cattle/Texas/24-008749-003/2024(H5N1)	1375	1051
PB1|PP755595.1|A/cattle/Texas/24-008749-003/2024(H5N1)	1376	1051
PB1|PP755595.1|A/cattle/Texas/24-008749-003/2024(H5N1)	1377	1052
PB1|PP755595.1|A/cattle/Texas/24-008749-003/2024(H5N1)	1378	1055
PB1|PP755595.1|A/cattle/Texas/24-008749-003/2024(H5N1)	1379	1055
PB1|PP755595.1|A/cattle/Texas/24-008749-003/2024(H5N1)	1380	1051
PB1|PP755595.1|A/cattle/Texas/24-008749-003/2024(H5N1)	1381	1045
PB1|PP755595.1|A/cattle/Texas/24-008749-003/2024(H5N1)	1382	1040
PB1|PP755595.1|A/cattle/Texas/24-008749-003/2024(H5N1)	1383	1037
PB1|PP755595.1|A/cattle/Texas/24-008749-003/2024(H5N1)	1384	1060
PB1|PP755595.1|A/cattle/Texas/24-008749-003/2024(H5N1)	1385	1063
PB1|PP755595.1|A/cattle/Texas/24-008749-003/2024(H5N1)	1386	1064
PB1|PP755595.1|A/cattle/Texas/24-008749-003/2024(H5N1)	1387	1064
PB1|PP755595.1|A/cattle/Texas/24-008749-003/2024(H5N1)	1388	1067
PB1|PP755595.1|A/cattle/Texas/24-008749-003/2024(H5N1)	1389	1069
PB1|PP755595.1|A/cattle/Texas/24-008749-003/2024(H5N1)	1390	1068
PB1|PP755595.1|A/cattle/Texas/24-008749-003/2024(H5N1)	1391	1067
PB1|PP755595.1|A/cattle/Texas/24-008749-003/2024(H5N1)	1392	1063
PB1|PP755595.1|A/cattle/Texas/24-008749-003/2024(H5N1)	1393	1014
PB1|PP755595.1|A/cattle/Texas/24-008749-003/2024(H5N1)	1394	1018
PB1|PP755595.1|A/cattle/Texas/24-008749-003/2024(H5N1)	1395	1050
PB1|PP755595.1|A/cattle/Texas/24-008749-003/2024(H5N1)	1396	1052
PB1|PP755595.1|A/cattle/Texas/24-008749-003/2024(H5N1)	1397	1056
PB1|PP755595.1|A/cattle/Texas/24-008749-003/2024(H5N1)	1398	1092
PB1|PP755595.1|A/cattle/Texas/24-008749-003/2024(H5N1)	1399	1089
PB1|PP755595.1|A/cattle/Texas/24-008749-003/2024(H5N1)	1400	1093
PB1|PP755595.1|A/cattle/Texas/24-008749-003/2024(H5N1)	1401	1094
PB1|PP755595.1|A/cattle/Texas/24-008749-003/2024(H5N1)	1402	1091
PB1|PP755595.1|A/cattle/Texas/24-008749-003/2024(H5N1)	1403	1093
PB1|PP755595.1|A/cattle/Texas/24-008749-003/2024(H5N1)	1404	1075
PB1|PP755595.1|A/cattle/Texas/24-008749-003/2024(H5N1)	1405	1082
PB1|PP755595.1|A/cattle/Texas/24-008749-003/2024(H5N1)	1406	1090
PB1|PP755595.1|A/cattle/Texas/24-008749-003/2024(H5N1)	1407	1070
PB1|PP755595.1|A/cattle/Texas/24-008749-003/2024(H5N1)	1408	1067
PB1|PP755595.1|A/cattle/Texas/24-008749-003/2024(H5N1)	1409	1069
PB1|PP755595.1|A/cattle/Texas/24-008749-003/2024(H5N1)	1410	1069
PB1|PP755595.1|A/cattle/Texas/24-008749-003/2024(H5N1)	1411	1074
PB1|PP755595.1|A/cattle/Texas/24-008749-003/2024(H5N1)	1412	1074
PB1|PP755595.1|A/cattle/Texas/24-008749-003/2024(H5N1)	1413	1074
PB1|PP755595.1|A/cattle/Texas/24-008749-003/2024(H5N1)	1414	1072
PB1|PP755595.1|A/cattle/Texas/24-008749-003/2024(H5N1)	1415	1062
PB1|PP755595.1|A/cattle/Texas/24-008749-003/2024(H5N1)	1416	1060
PB1|PP755595.1|A/cattle/Texas/24-008749-003/2024(H5N1)	1417	1065
PB1|PP755595.1|A/cattle/Texas/24-008749-003/2024(H5N1)	1418	1077
PB1|PP755595.1|A/cattle/Texas/24-008749-003/2024(H5N1)	1419	1077
PB1|PP755595.1|A/cattle/Texas/24-008749-003/2024(H5N1)	1420	1077
PB1|PP755595.1|A/cattle/Texas/24-008749-003/2024(H5N1)	1421	1089
PB1|PP755595.1|A/cattle/Texas/24-008749-003/2024(H5N1)	1422	1090
PB1|PP755595.1|A/cattle/Texas/24-008749-003/2024(H5N1)	1423	1104
PB1|PP755595.1|A/cattle/Texas/24-008749-003/2024(H5N1)	1424	1090
PB1|PP755595.1|A/cattle/Texas/24-008749-003/2024(H5N1)	1425	1095
PB1|PP755595.1|A/cattle/Texas/24-008749-003/2024(H5N1)	1426	1096
PB1|PP755595.1|A/cattle/Texas/24-008749-003/2024(H5N1)	1427	1107
PB1|PP755595.1|A/cattle/Texas/24-008749-003/2024(H5N1)	1428	1111
PB1|PP755595.1|A/cattle/Texas/24-008749-003/2024(H5N1)	1429	1117
PB1|PP755595.1|A/cattle/Texas/24-008749-003/2024(H5N1)	1430	1106
PB1|PP755595.1|A/cattle/Texas/24-008749-003/2024(H5N1)	1431	1110
PB1|PP755595.1|A/cattle/Texas/24-008749-003/2024(H5N1)	1432	1117
PB1|PP755595.1|A/cattle/Texas/24-008749-003/2024(H5N1)	1433	1118
PB1|PP755595.1|A/cattle/Texas/24-008749-003/2024(H5N1)	1434	1097
PB1|PP755595.1|A/cattle/Texas/24-008749-003/2024(H5N1)	1435	1093
PB1|PP755595.1|A/cattle/Texas/24-008749-003/2024(H5N1)	1436	1094
PB1|PP755595.1|A/cattle/Texas/24-008749-003/2024(H5N1)	1437	1087
PB1|PP755595.1|A/cattle/Texas/24-008749-003/2024(H5N1)	1438	1092
PB1|PP755595.1|A/cattle/Texas/24-008749-003/2024(H5N1)	1439	1089
PB1|PP755595.1|A/cattle/Texas/24-008749-003/2024(H5N1)	1440	1089
PB1|PP755595.1|A/cattle/Texas/24-008749-003/2024(H5N1)	1441	1092
PB1|PP755595.1|A/cattle/Texas/24-008749-003/2024(H5N1)	1442	1072
PB1|PP755595.1|A/cattle/Texas/24-008749-003/2024(H5N1)	1443	1080
PB1|PP755595.1|A/cattle/Texas/24-008749-003/2024(H5N1)	1444	1076
PB1|PP755595.1|A/cattle/Texas/24-008749-003/2024(H5N1)	1445	1078
PB1|PP755595.1|A/cattle/Texas/24-008749-003/2024(H5N1)	1446	1079
PB1|PP755595.1|A/cattle/Texas/24-008749-003/2024(H5N1)	1447	1087
PB1|PP755595.1|A/cattle/Texas/24-008749-003/2024(H5N1)	1448	1103
PB1|PP755595.1|A/cattle/Texas/24-008749-003/2024(H5N1)	1449	1105
PB1|PP755595.1|A/cattle/Texas/24-008749-003/2024(H5N1)	1450	1107
PB1|PP755595.1|A/cattle/Texas/24-008749-003/2024(H5N1)	1451	1109
PB1|PP755595.1|A/cattle/Texas/24-008749-003/2024(H5N1)	1452	1111
PB1|PP755595.1|A/cattle/Texas/24-008749-003/2024(H5N1)	1453	1114
PB1|PP755595.1|A/cattle/Texas/24-008749-003/2024(H5N1)	1454	1112
PB1|PP755595.1|A/cattle/Texas/24-008749-003/2024(H5N1)	1455	1102
PB1|PP755595.1|A/cattle/Texas/24-008749-003/2024(H5N1)	1456	1073
PB1|PP755595.1|A/cattle/Texas/24-008749-003/2024(H5N1)	1457	1080
PB1|PP755595.1|A/cattle/Texas/24-008749-003/2024(H5N1)	1458	1080
PB1|PP755595.1|A/cattle/Texas/24-008749-003/2024(H5N1)	1459	1076
PB1|PP755595.1|A/cattle/Texas/24-008749-003/2024(H5N1)	1460	1079
PB1|PP755595.1|A/cattle/Texas/24-008749-003/2024(H5N1)	1461	1070
PB1|PP755595.1|A/cattle/Texas/24-008749-003/2024(H5N1)	1462	1056
PB1|PP755595.1|A/cattle/Texas/24-008749-003/2024(H5N1)	1463	1063
PB1|PP755595.1|A/cattle/Texas/24-008749-003/2024(H5N1)	1464	1084
PB1|PP755595.1|A/cattle/Texas/24-008749-003/2024(H5N1)	1465	1078
PB1|PP755595.1|A/cattle/Texas/24-008749-003/2024(H5N1)	1466	1062
PB1|PP755595.1|A/cattle/Texas/24-008749-003/2024(H5N1)	1467	1056
PB1|PP755595.1|A/cattle/Texas/24-008749-003/2024(H5N1)	1468	1055
PB1|PP755595.1|A/cattle/Texas/24-008749-003/2024(H5N1)	1469	1057
PB1|PP755595.1|A/cattle/Texas/24-008749-003/2024(H5N1)	1470	1056
PB1|PP755595.1|A/cattle/Texas/24-008749-003/2024(H5N1)	1471	1051
PB1|PP755595.1|A/cattle/Texas/24-008749-003/2024(H5N1)	1472	1044
PB1|PP755595.1|A/cattle/Texas/24-008749-003/2024(H5N1)	1473	1046
PB1|PP755595.1|A/cattle/Texas/24-008749-003/2024(H5N1)	1474	1044
PB1|PP755595.1|A/cattle/Texas/24-008749-003/2024(H5N1)	1475	1039
PB1|PP755595.1|A/cattle/Texas/24-008749-003/2024(H5N1)	1476	1045
PB1|PP755595.1|A/cattle/Texas/24-008749-003/2024(H5N1)	1477	1046
PB1|PP755595.1|A/cattle/Texas/24-008749-003/2024(H5N1)	1478	1043
PB1|PP755595.1|A/cattle/Texas/24-008749-003/2024(H5N1)	1479	1040
PB1|PP755595.1|A/cattle/Texas/24-008749-003/2024(H5N1)	1480	1042
PB1|PP755595.1|A/cattle/Texas/24-008749-003/2024(H5N1)	1481	1046
PB1|PP755595.1|A/cattle/Texas/24-008749-003/2024(H5N1)	1482	1042
PB1|PP755595.1|A/cattle/Texas/24-008749-003/2024(H5N1)	1483	1042
PB1|PP755595.1|A/cattle/Texas/24-008749-003/2024(H5N1)	1484	1037
PB1|PP755595.1|A/cattle/Texas/24-008749-003/2024(H5N1)	1485	1038
PB1|PP755595.1|A/cattle/Texas/24-008749-003/2024(H5N1)	1486	1037
PB1|PP755595.1|A/cattle/Texas/24-008749-003/2024(H5N1)	1487	1030
PB1|PP755595.1|A/cattle/Texas/24-008749-003/2024(H5N1)	1488	1026
PB1|PP755595.1|A/cattle/Texas/24-008749-003/2024(H5N1)	1489	1027
PB1|PP755595.1|A/cattle/Texas/24-008749-003/2024(H5N1)	1490	1022
PB1|PP755595.1|A/cattle/Texas/24-008749-003/2024(H5N1)	1491	1032
PB1|PP755595.1|A/cattle/Texas/24-008749-003/2024(H5N1)	1492	1029
PB1|PP755595.1|A/cattle/Texas/24-008749-003/2024(H5N1)	1493	1035
PB1|PP755595.1|A/cattle/Texas/24-008749-003/2024(H5N1)	1494	1040
PB1|PP755595.1|A/cattle/Texas/24-008749-003/2024(H5N1)	1495	1039
PB1|PP755595.1|A/cattle/Texas/24-008749-003/2024(H5N1)	1496	1042
PB1|PP755595.1|A/cattle/Texas/24-008749-003/2024(H5N1)	1497	1042
PB1|PP755595.1|A/cattle/Texas/24-008749-003/2024(H5N1)	1498	1037
PB1|PP755595.1|A/cattle/Texas/24-008749-003/2024(H5N1)	1499	1040
PB1|PP755595.1|A/cattle/Texas/24-008749-003/2024(H5N1)	1500	1042
PB1|PP755595.1|A/cattle/Texas/24-008749-003/2024(H5N1)	1501	1041
PB1|PP755595.1|A/cattle/Texas/24-008749-003/2024(H5N1)	1502	1031
PB1|PP755595.1|A/cattle/Texas/24-008749-003/2024(H5N1)	1503	1017
PB1|PP755595.1|A/cattle/Texas/24-008749-003/2024(H5N1)	1504	1018
PB1|PP755595.1|A/cattle/Texas/24-008749-003/2024(H5N1)	1505	1018
PB1|PP755595.1|A/cattle/Texas/24-008749-003/2024(H5N1)	1506	1018
PB1|PP755595.1|A/cattle/Texas/24-008749-003/2024(H5N1)	1507	1020
PB1|PP755595.1|A/cattle/Texas/24-008749-003/2024(H5N1)	1508	1013
PB1|PP755595.1|A/cattle/Texas/24-008749-003/2024(H5N1)	1509	1012
PB1|PP755595.1|A/cattle/Texas/24-008749-003/2024(H5N1)	1510	1012
PB1|PP755595.1|A/cattle/Texas/24-008749-003/2024(H5N1)	1511	1012
PB1|PP755595.1|A/cattle/Texas/24-008749-003/2024(H5N1)	1512	1019
PB1|PP755595.1|A/cattle/Texas/24-008749-003/2024(H5N1)	1513	1014
PB1|PP755595.1|A/cattle/Texas/24-008749-003/2024(H5N1)	1514	1013
PB1|PP755595.1|A/cattle/Texas/24-008749-003/2024(H5N1)	1515	1014
PB1|PP755595.1|A/cattle/Texas/24-008749-003/2024(H5N1)	1516	1013
PB1|PP755595.1|A/cattle/Texas/24-008749-003/2024(H5N1)	1517	1021
PB1|PP755595.1|A/cattle/Texas/24-008749-003/2024(H5N1)	1518	1021
PB1|PP755595.1|A/cattle/Texas/24-008749-003/2024(H5N1)	1519	1019
PB1|PP755595.1|A/cattle/Texas/24-008749-003/2024(H5N1)	1520	1019
PB1|PP755595.1|A/cattle/Texas/24-008749-003/2024(H5N1)	1521	1011
PB1|PP755595.1|A/cattle/Texas/24-008749-003/2024(H5N1)	1522	1015
PB1|PP755595.1|A/cattle/Texas/24-008749-003/2024(H5N1)	1523	1016
PB1|PP755595.1|A/cattle/Texas/24-008749-003/2024(H5N1)	1524	1015
PB1|PP755595.1|A/cattle/Texas/24-008749-003/2024(H5N1)	1525	1015
PB1|PP755595.1|A/cattle/Texas/24-008749-003/2024(H5N1)	1526	1012
PB1|PP755595.1|A/cattle/Texas/24-008749-003/2024(H5N1)	1527	1012
PB1|PP755595.1|A/cattle/Texas/24-008749-003/2024(H5N1)	1528	1014
PB1|PP755595.1|A/cattle/Texas/24-008749-003/2024(H5N1)	1529	1014
PB1|PP755595.1|A/cattle/Texas/24-008749-003/2024(H5N1)	1530	1011
PB1|PP755595.1|A/cattle/Texas/24-008749-003/2024(H5N1)	1531	1001
PB1|PP755595.1|A/cattle/Texas/24-008749-003/2024(H5N1)	1532	1045
PB1|PP755595.1|A/cattle/Texas/24-008749-003/2024(H5N1)	1533	1049
PB1|PP755595.1|A/cattle/Texas/24-008749-003/2024(H5N1)	1534	1048
PB1|PP755595.1|A/cattle/Texas/24-008749-003/2024(H5N1)	1535	1050
PB1|PP755595.1|A/cattle/Texas/24-008749-003/2024(H5N1)	1536	1052
PB1|PP755595.1|A/cattle/Texas/24-008749-003/2024(H5N1)	1537	1052
PB1|PP755595.1|A/cattle/Texas/24-008749-003/2024(H5N1)	1538	1054
PB1|PP755595.1|A/cattle/Texas/24-008749-003/2024(H5N1)	1539	1048
PB1|PP755595.1|A/cattle/Texas/24-008749-003/2024(H5N1)	1540	1049
PB1|PP755595.1|A/cattle/Texas/24-008749-003/2024(H5N1)	1541	1004
PB1|PP755595.1|A/cattle/Texas/24-008749-003/2024(H5N1)	1542	1040
PB1|PP755595.1|A/cattle/Texas/24-008749-003/2024(H5N1)	1543	1053
PB1|PP755595.1|A/cattle/Texas/24-008749-003/2024(H5N1)	1544	1044
PB1|PP755595.1|A/cattle/Texas/24-008749-003/2024(H5N1)	1545	1044
PB1|PP755595.1|A/cattle/Texas/24-008749-003/2024(H5N1)	1546	1045
PB1|PP755595.1|A/cattle/Texas/24-008749-003/2024(H5N1)	1547	1050
PB1|PP755595.1|A/cattle/Texas/24-008749-003/2024(H5N1)	1548	1085
PB1|PP755595.1|A/cattle/Texas/24-008749-003/2024(H5N1)	1549	1085
PB1|PP755595.1|A/cattle/Texas/24-008749-003/2024(H5N1)	1550	1086
PB1|PP755595.1|A/cattle/Texas/24-008749-003/2024(H5N1)	1551	1039
PB1|PP755595.1|A/cattle/Texas/24-008749-003/2024(H5N1)	1552	1036
PB1|PP755595.1|A/cattle/Texas/24-008749-003/2024(H5N1)	1553	1043
PB1|PP755595.1|A/cattle/Texas/24-008749-003/2024(H5N1)	1554	1055
PB1|PP755595.1|A/cattle/Texas/24-008749-003/2024(H5N1)	1555	1057
PB1|PP755595.1|A/cattle/Texas/24-008749-003/2024(H5N1)	1556	1046
PB1|PP755595.1|A/cattle/Texas/24-008749-003/2024(H5N1)	1557	1045
PB1|PP755595.1|A/cattle/Texas/24-008749-003/2024(H5N1)	1558	1046
PB1|PP755595.1|A/cattle/Texas/24-008749-003/2024(H5N1)	1559	1038
PB1|PP755595.1|A/cattle/Texas/24-008749-003/2024(H5N1)	1560	1027
PB1|PP755595.1|A/cattle/Texas/24-008749-003/2024(H5N1)	1561	1031
PB1|PP755595.1|A/cattle/Texas/24-008749-003/2024(H5N1)	1562	1030
PB1|PP755595.1|A/cattle/Texas/24-008749-003/2024(H5N1)	1563	1030
PB1|PP755595.1|A/cattle/Texas/24-008749-003/2024(H5N1)	1564	1041
PB1|PP755595.1|A/cattle/Texas/24-008749-003/2024(H5N1)	1565	1043
PB1|PP755595.1|A/cattle/Texas/24-008749-003/2024(H5N1)	1566	1056
PB1|PP755595.1|A/cattle/Texas/24-008749-003/2024(H5N1)	1567	1054
PB1|PP755595.1|A/cattle/Texas/24-008749-003/2024(H5N1)	1568	1055
PB1|PP755595.1|A/cattle/Texas/24-008749-003/2024(H5N1)	1569	1060
PB1|PP755595.1|A/cattle/Texas/24-008749-003/2024(H5N1)	1570	1047
PB1|PP755595.1|A/cattle/Texas/24-008749-003/2024(H5N1)	1571	1081
PB1|PP755595.1|A/cattle/Texas/24-008749-003/2024(H5N1)	1572	1074
PB1|PP755595.1|A/cattle/Texas/24-008749-003/2024(H5N1)	1573	1069
PB1|PP755595.1|A/cattle/Texas/24-008749-003/2024(H5N1)	1574	1067
PB1|PP755595.1|A/cattle/Texas/24-008749-003/2024(H5N1)	1575	1061
PB1|PP755595.1|A/cattle/Texas/24-008749-003/2024(H5N1)	1576	1067
PB1|PP755595.1|A/cattle/Texas/24-008749-003/2024(H5N1)	1577	1080
PB1|PP755595.1|A/cattle/Texas/24-008749-003/2024(H5N1)	1578	1062
PB1|PP755595.1|A/cattle/Texas/24-008749-003/2024(H5N1)	1579	1060
PB1|PP755595.1|A/cattle/Texas/24-008749-003/2024(H5N1)	1580	1035
PB1|PP755595.1|A/cattle/Texas/24-008749-003/2024(H5N1)	1581	1030
PB1|PP755595.1|A/cattle/Texas/24-008749-003/2024(H5N1)	1582	1031
PB1|PP755595.1|A/cattle/Texas/24-008749-003/2024(H5N1)	1583	1035
PB1|PP755595.1|A/cattle/Texas/24-008749-003/2024(H5N1)	1584	1034
PB1|PP755595.1|A/cattle/Texas/24-008749-003/2024(H5N1)	1585	1049
PB1|PP755595.1|A/cattle/Texas/24-008749-003/2024(H5N1)	1586	1027
PB1|PP755595.1|A/cattle/Texas/24-008749-003/2024(H5N1)	1587	1030
PB1|PP755595.1|A/cattle/Texas/24-008749-003/2024(H5N1)	1588	1041
PB1|PP755595.1|A/cattle/Texas/24-008749-003/2024(H5N1)	1589	1037
PB1|PP755595.1|A/cattle/Texas/24-008749-003/2024(H5N1)	1590	1036
PB1|PP755595.1|A/cattle/Texas/24-008749-003/2024(H5N1)	1591	1036
PB1|PP755595.1|A/cattle/Texas/24-008749-003/2024(H5N1)	1592	1021
PB1|PP755595.1|A/cattle/Texas/24-008749-003/2024(H5N1)	1593	1024
PB1|PP755595.1|A/cattle/Texas/24-008749-003/2024(H5N1)	1594	1003
PB1|PP755595.1|A/cattle/Texas/24-008749-003/2024(H5N1)	1595	1003
PB1|PP755595.1|A/cattle/Texas/24-008749-003/2024(H5N1)	1596	997
PB1|PP755595.1|A/cattle/Texas/24-008749-003/2024(H5N1)	1597	993
PB1|PP755595.1|A/cattle/Texas/24-008749-003/2024(H5N1)	1598	988
PB1|PP755595.1|A/cattle/Texas/24-008749-003/2024(H5N1)	1599	985
PB1|PP755595.1|A/cattle/Texas/24-008749-003/2024(H5N1)	1600	985
PB1|PP755595.1|A/cattle/Texas/24-008749-003/2024(H5N1)	1601	983
PB1|PP755595.1|A/cattle/Texas/24-008749-003/2024(H5N1)	1602	982
PB1|PP755595.1|A/cattle/Texas/24-008749-003/2024(H5N1)	1603	983
PB1|PP755595.1|A/cattle/Texas/24-008749-003/2024(H5N1)	1604	982
PB1|PP755595.1|A/cattle/Texas/24-008749-003/2024(H5N1)	1605	980
PB1|PP755595.1|A/cattle/Texas/24-008749-003/2024(H5N1)	1606	987
PB1|PP755595.1|A/cattle/Texas/24-008749-003/2024(H5N1)	1607	1009
PB1|PP755595.1|A/cattle/Texas/24-008749-003/2024(H5N1)	1608	1005
PB1|PP755595.1|A/cattle/Texas/24-008749-003/2024(H5N1)	1609	1003
PB1|PP755595.1|A/cattle/Texas/24-008749-003/2024(H5N1)	1610	1004
PB1|PP755595.1|A/cattle/Texas/24-008749-003/2024(H5N1)	1611	992
PB1|PP755595.1|A/cattle/Texas/24-008749-003/2024(H5N1)	1612	990
PB1|PP755595.1|A/cattle/Texas/24-008749-003/2024(H5N1)	1613	994
PB1|PP755595.1|A/cattle/Texas/24-008749-003/2024(H5N1)	1614	996
PB1|PP755595.1|A/cattle/Texas/24-008749-003/2024(H5N1)	1615	1002
PB1|PP755595.1|A/cattle/Texas/24-008749-003/2024(H5N1)	1616	992
PB1|PP755595.1|A/cattle/Texas/24-008749-003/2024(H5N1)	1617	992
PB1|PP755595.1|A/cattle/Texas/24-008749-003/2024(H5N1)	1618	992
PB1|PP755595.1|A/cattle/Texas/24-008749-003/2024(H5N1)	1619	993
PB1|PP755595.1|A/cattle/Texas/24-008749-003/2024(H5N1)	1620	1002
PB1|PP755595.1|A/cattle/Texas/24-008749-003/2024(H5N1)	1621	997
PB1|PP755595.1|A/cattle/Texas/24-008749-003/2024(H5N1)	1622	989
PB1|PP755595.1|A/cattle/Texas/24-008749-003/2024(H5N1)	1623	985
PB1|PP755595.1|A/cattle/Texas/24-008749-003/2024(H5N1)	1624	987
PB1|PP755595.1|A/cattle/Texas/24-008749-003/2024(H5N1)	1625	985
PB1|PP755595.1|A/cattle/Texas/24-008749-003/2024(H5N1)	1626	985
PB1|PP755595.1|A/cattle/Texas/24-008749-003/2024(H5N1)	1627	989
PB1|PP755595.1|A/cattle/Texas/24-008749-003/2024(H5N1)	1628	987
PB1|PP755595.1|A/cattle/Texas/24-008749-003/2024(H5N1)	1629	985
PB1|PP755595.1|A/cattle/Texas/24-008749-003/2024(H5N1)	1630	993
PB1|PP755595.1|A/cattle/Texas/24-008749-003/2024(H5N1)	1631	1016
PB1|PP755595.1|A/cattle/Texas/24-008749-003/2024(H5N1)	1632	1023
PB1|PP755595.1|A/cattle/Texas/24-008749-003/2024(H5N1)	1633	1024
PB1|PP755595.1|A/cattle/Texas/24-008749-003/2024(H5N1)	1634	1020
PB1|PP755595.1|A/cattle/Texas/24-008749-003/2024(H5N1)	1635	1007
PB1|PP755595.1|A/cattle/Texas/24-008749-003/2024(H5N1)	1636	1008
PB1|PP755595.1|A/cattle/Texas/24-008749-003/2024(H5N1)	1637	1010
PB1|PP755595.1|A/cattle/Texas/24-008749-003/2024(H5N1)	1638	1008
PB1|PP755595.1|A/cattle/Texas/24-008749-003/2024(H5N1)	1639	1023
PB1|PP755595.1|A/cattle/Texas/24-008749-003/2024(H5N1)	1640	1028
PB1|PP755595.1|A/cattle/Texas/24-008749-003/2024(H5N1)	1641	1027
PB1|PP755595.1|A/cattle/Texas/24-008749-003/2024(H5N1)	1642	1036
PB1|PP755595.1|A/cattle/Texas/24-008749-003/2024(H5N1)	1643	1033
PB1|PP755595.1|A/cattle/Texas/24-008749-003/2024(H5N1)	1644	1037
PB1|PP755595.1|A/cattle/Texas/24-008749-003/2024(H5N1)	1645	1024
PB1|PP755595.1|A/cattle/Texas/24-008749-003/2024(H5N1)	1646	1021
PB1|PP755595.1|A/cattle/Texas/24-008749-003/2024(H5N1)	1647	1034
PB1|PP755595.1|A/cattle/Texas/24-008749-003/2024(H5N1)	1648	1015
PB1|PP755595.1|A/cattle/Texas/24-008749-003/2024(H5N1)	1649	1002
PB1|PP755595.1|A/cattle/Texas/24-008749-003/2024(H5N1)	1650	1008
PB1|PP755595.1|A/cattle/Texas/24-008749-003/2024(H5N1)	1651	1003
PB1|PP755595.1|A/cattle/Texas/24-008749-003/2024(H5N1)	1652	1007
PB1|PP755595.1|A/cattle/Texas/24-008749-003/2024(H5N1)	1653	1010
PB1|PP755595.1|A/cattle/Texas/24-008749-003/2024(H5N1)	1654	1007
PB1|PP755595.1|A/cattle/Texas/24-008749-003/2024(H5N1)	1655	1007
PB1|PP755595.1|A/cattle/Texas/24-008749-003/2024(H5N1)	1656	999
PB1|PP755595.1|A/cattle/Texas/24-008749-003/2024(H5N1)	1657	1001
PB1|PP755595.1|A/cattle/Texas/24-008749-003/2024(H5N1)	1658	997
PB1|PP755595.1|A/cattle/Texas/24-008749-003/2024(H5N1)	1659	1013
PB1|PP755595.1|A/cattle/Texas/24-008749-003/2024(H5N1)	1660	1023
PB1|PP755595.1|A/cattle/Texas/24-008749-003/2024(H5N1)	1661	1023
PB1|PP755595.1|A/cattle/Texas/24-008749-003/2024(H5N1)	1662	1025
PB1|PP755595.1|A/cattle/Texas/24-008749-003/2024(H5N1)	1663	1021
PB1|PP755595.1|A/cattle/Texas/24-008749-003/2024(H5N1)	1664	1025
PB1|PP755595.1|A/cattle/Texas/24-008749-003/2024(H5N1)	1665	1055
PB1|PP755595.1|A/cattle/Texas/24-008749-003/2024(H5N1)	1666	1052
PB1|PP755595.1|A/cattle/Texas/24-008749-003/2024(H5N1)	1667	1063
PB1|PP755595.1|A/cattle/Texas/24-008749-003/2024(H5N1)	1668	1070
PB1|PP755595.1|A/cattle/Texas/24-008749-003/2024(H5N1)	1669	1063
PB1|PP755595.1|A/cattle/Texas/24-008749-003/2024(H5N1)	1670	1067
PB1|PP755595.1|A/cattle/Texas/24-008749-003/2024(H5N1)	1671	1072
PB1|PP755595.1|A/cattle/Texas/24-008749-003/2024(H5N1)	1672	1076
PB1|PP755595.1|A/cattle/Texas/24-008749-003/2024(H5N1)	1673	1089
PB1|PP755595.1|A/cattle/Texas/24-008749-003/2024(H5N1)	1674	1063
PB1|PP755595.1|A/cattle/Texas/24-008749-003/2024(H5N1)	1675	1065
PB1|PP755595.1|A/cattle/Texas/24-008749-003/2024(H5N1)	1676	1056
PB1|PP755595.1|A/cattle/Texas/24-008749-003/2024(H5N1)	1677	1053
PB1|PP755595.1|A/cattle/Texas/24-008749-003/2024(H5N1)	1678	1051
PB1|PP755595.1|A/cattle/Texas/24-008749-003/2024(H5N1)	1679	1048
PB1|PP755595.1|A/cattle/Texas/24-008749-003/2024(H5N1)	1680	1053
PB1|PP755595.1|A/cattle/Texas/24-008749-003/2024(H5N1)	1681	1053
PB1|PP755595.1|A/cattle/Texas/24-008749-003/2024(H5N1)	1682	1052
PB1|PP755595.1|A/cattle/Texas/24-008749-003/2024(H5N1)	1683	1078
PB1|PP755595.1|A/cattle/Texas/24-008749-003/2024(H5N1)	1684	1073
PB1|PP755595.1|A/cattle/Texas/24-008749-003/2024(H5N1)	1685	1073
PB1|PP755595.1|A/cattle/Texas/24-008749-003/2024(H5N1)	1686	1078
PB1|PP755595.1|A/cattle/Texas/24-008749-003/2024(H5N1)	1687	1076
PB1|PP755595.1|A/cattle/Texas/24-008749-003/2024(H5N1)	1688	1086
PB1|PP755595.1|A/cattle/Texas/24-008749-003/2024(H5N1)	1689	1090
PB1|PP755595.1|A/cattle/Texas/24-008749-003/2024(H5N1)	1690	1099
PB1|PP755595.1|A/cattle/Texas/24-008749-003/2024(H5N1)	1691	1100
PB1|PP755595.1|A/cattle/Texas/24-008749-003/2024(H5N1)	1692	1088
PB1|PP755595.1|A/cattle/Texas/24-008749-003/2024(H5N1)	1693	1089
PB1|PP755595.1|A/cattle/Texas/24-008749-003/2024(H5N1)	1694	1085
PB1|PP755595.1|A/cattle/Texas/24-008749-003/2024(H5N1)	1695	1084
PB1|PP755595.1|A/cattle/Texas/24-008749-003/2024(H5N1)	1696	1083
PB1|PP755595.1|A/cattle/Texas/24-008749-003/2024(H5N1)	1697	1092
PB1|PP755595.1|A/cattle/Texas/24-008749-003/2024(H5N1)	1698	1093
PB1|PP755595.1|A/cattle/Texas/24-008749-003/2024(H5N1)	1699	1090
PB1|PP755595.1|A/cattle/Texas/24-008749-003/2024(H5N1)	1700	1085
PB1|PP755595.1|A/cattle/Texas/24-008749-003/2024(H5N1)	1701	1096
PB1|PP755595.1|A/cattle/Texas/24-008749-003/2024(H5N1)	1702	1097
PB1|PP755595.1|A/cattle/Texas/24-008749-003/2024(H5N1)	1703	1089
PB1|PP755595.1|A/cattle/Texas/24-008749-003/2024(H5N1)	1704	1089
PB1|PP755595.1|A/cattle/Texas/24-008749-003/2024(H5N1)	1705	1092
PB1|PP755595.1|A/cattle/Texas/24-008749-003/2024(H5N1)	1706	1094
PB1|PP755595.1|A/cattle/Texas/24-008749-003/2024(H5N1)	1707	1103
PB1|PP755595.1|A/cattle/Texas/24-008749-003/2024(H5N1)	1708	1096
PB1|PP755595.1|A/cattle/Texas/24-008749-003/2024(H5N1)	1709	1102
PB1|PP755595.1|A/cattle/Texas/24-008749-003/2024(H5N1)	1710	1092
PB1|PP755595.1|A/cattle/Texas/24-008749-003/2024(H5N1)	1711	1089
PB1|PP755595.1|A/cattle/Texas/24-008749-003/2024(H5N1)	1712	1088
PB1|PP755595.1|A/cattle/Texas/24-008749-003/2024(H5N1)	1713	1112
PB1|PP755595.1|A/cattle/Texas/24-008749-003/2024(H5N1)	1714	1084
PB1|PP755595.1|A/cattle/Texas/24-008749-003/2024(H5N1)	1715	1091
PB1|PP755595.1|A/cattle/Texas/24-008749-003/2024(H5N1)	1716	1096
PB1|PP755595.1|A/cattle/Texas/24-008749-003/2024(H5N1)	1717	1104
PB1|PP755595.1|A/cattle/Texas/24-008749-003/2024(H5N1)	1718	1111
PB1|PP755595.1|A/cattle/Texas/24-008749-003/2024(H5N1)	1719	1126
PB1|PP755595.1|A/cattle/Texas/24-008749-003/2024(H5N1)	1720	1125
PB1|PP755595.1|A/cattle/Texas/24-008749-003/2024(H5N1)	1721	1132
PB1|PP755595.1|A/cattle/Texas/24-008749-003/2024(H5N1)	1722	1131
PB1|PP755595.1|A/cattle/Texas/24-008749-003/2024(H5N1)	1723	1132
PB1|PP755595.1|A/cattle/Texas/24-008749-003/2024(H5N1)	1724	1132
PB1|PP755595.1|A/cattle/Texas/24-008749-003/2024(H5N1)	1725	1134
PB1|PP755595.1|A/cattle/Texas/24-008749-003/2024(H5N1)	1726	1153
PB1|PP755595.1|A/cattle/Texas/24-008749-003/2024(H5N1)	1727	1148
PB1|PP755595.1|A/cattle/Texas/24-008749-003/2024(H5N1)	1728	1156
PB1|PP755595.1|A/cattle/Texas/24-008749-003/2024(H5N1)	1729	1160
PB1|PP755595.1|A/cattle/Texas/24-008749-003/2024(H5N1)	1730	1160
PB1|PP755595.1|A/cattle/Texas/24-008749-003/2024(H5N1)	1731	1160
PB1|PP755595.1|A/cattle/Texas/24-008749-003/2024(H5N1)	1732	1157
PB1|PP755595.1|A/cattle/Texas/24-008749-003/2024(H5N1)	1733	1160
PB1|PP755595.1|A/cattle/Texas/24-008749-003/2024(H5N1)	1734	1166
PB1|PP755595.1|A/cattle/Texas/24-008749-003/2024(H5N1)	1735	1172
PB1|PP755595.1|A/cattle/Texas/24-008749-003/2024(H5N1)	1736	1177
PB1|PP755595.1|A/cattle/Texas/24-008749-003/2024(H5N1)	1737	1162
PB1|PP755595.1|A/cattle/Texas/24-008749-003/2024(H5N1)	1738	1165
PB1|PP755595.1|A/cattle/Texas/24-008749-003/2024(H5N1)	1739	1165
PB1|PP755595.1|A/cattle/Texas/24-008749-003/2024(H5N1)	1740	1167
PB1|PP755595.1|A/cattle/Texas/24-008749-003/2024(H5N1)	1741	1179
PB1|PP755595.1|A/cattle/Texas/24-008749-003/2024(H5N1)	1742	1169
PB1|PP755595.1|A/cattle/Texas/24-008749-003/2024(H5N1)	1743	1163
PB1|PP755595.1|A/cattle/Texas/24-008749-003/2024(H5N1)	1744	1157
PB1|PP755595.1|A/cattle/Texas/24-008749-003/2024(H5N1)	1745	1155
PB1|PP755595.1|A/cattle/Texas/24-008749-003/2024(H5N1)	1746	1158
PB1|PP755595.1|A/cattle/Texas/24-008749-003/2024(H5N1)	1747	1155
PB1|PP755595.1|A/cattle/Texas/24-008749-003/2024(H5N1)	1748	1160
PB1|PP755595.1|A/cattle/Texas/24-008749-003/2024(H5N1)	1749	1159
PB1|PP755595.1|A/cattle/Texas/24-008749-003/2024(H5N1)	1750	1158
PB1|PP755595.1|A/cattle/Texas/24-008749-003/2024(H5N1)	1751	1158
PB1|PP755595.1|A/cattle/Texas/24-008749-003/2024(H5N1)	1752	1167
PB1|PP755595.1|A/cattle/Texas/24-008749-003/2024(H5N1)	1753	1171
PB1|PP755595.1|A/cattle/Texas/24-008749-003/2024(H5N1)	1754	1175
PB1|PP755595.1|A/cattle/Texas/24-008749-003/2024(H5N1)	1755	1174
PB1|PP755595.1|A/cattle/Texas/24-008749-003/2024(H5N1)	1756	1175
PB1|PP755595.1|A/cattle/Texas/24-008749-003/2024(H5N1)	1757	1181
PB1|PP755595.1|A/cattle/Texas/24-008749-003/2024(H5N1)	1758	1180
PB1|PP755595.1|A/cattle/Texas/24-008749-003/2024(H5N1)	1759	1182
PB1|PP755595.1|A/cattle/Texas/24-008749-003/2024(H5N1)	1760	1197
PB1|PP755595.1|A/cattle/Texas/24-008749-003/2024(H5N1)	1761	1190
PB1|PP755595.1|A/cattle/Texas/24-008749-003/2024(H5N1)	1762	1197
PB1|PP755595.1|A/cattle/Texas/24-008749-003/2024(H5N1)	1763	1198
PB1|PP755595.1|A/cattle/Texas/24-008749-003/2024(H5N1)	1764	1198
PB1|PP755595.1|A/cattle/Texas/24-008749-003/2024(H5N1)	1765	1198
PB1|PP755595.1|A/cattle/Texas/24-008749-003/2024(H5N1)	1766	1185
PB1|PP755595.1|A/cattle/Texas/24-008749-003/2024(H5N1)	1767	1186
PB1|PP755595.1|A/cattle/Texas/24-008749-003/2024(H5N1)	1768	1187
PB1|PP755595.1|A/cattle/Texas/24-008749-003/2024(H5N1)	1769	1186
PB1|PP755595.1|A/cattle/Texas/24-008749-003/2024(H5N1)	1770	1186
PB1|PP755595.1|A/cattle/Texas/24-008749-003/2024(H5N1)	1771	1193
PB1|PP755595.1|A/cattle/Texas/24-008749-003/2024(H5N1)	1772	1193
PB1|PP755595.1|A/cattle/Texas/24-008749-003/2024(H5N1)	1773	1202
PB1|PP755595.1|A/cattle/Texas/24-008749-003/2024(H5N1)	1774	1200
PB1|PP755595.1|A/cattle/Texas/24-008749-003/2024(H5N1)	1775	1206
PB1|PP755595.1|A/cattle/Texas/24-008749-003/2024(H5N1)	1776	1204
PB1|PP755595.1|A/cattle/Texas/24-008749-003/2024(H5N1)	1777	1204
PB1|PP755595.1|A/cattle/Texas/24-008749-003/2024(H5N1)	1778	1221
PB1|PP755595.1|A/cattle/Texas/24-008749-003/2024(H5N1)	1779	1214
PB1|PP755595.1|A/cattle/Texas/24-008749-003/2024(H5N1)	1780	1203
PB1|PP755595.1|A/cattle/Texas/24-008749-003/2024(H5N1)	1781	1210
PB1|PP755595.1|A/cattle/Texas/24-008749-003/2024(H5N1)	1782	1198
PB1|PP755595.1|A/cattle/Texas/24-008749-003/2024(H5N1)	1783	1173
PB1|PP755595.1|A/cattle/Texas/24-008749-003/2024(H5N1)	1784	1177
PB1|PP755595.1|A/cattle/Texas/24-008749-003/2024(H5N1)	1785	1180
PB1|PP755595.1|A/cattle/Texas/24-008749-003/2024(H5N1)	1786	1197
PB1|PP755595.1|A/cattle/Texas/24-008749-003/2024(H5N1)	1787	1190
PB1|PP755595.1|A/cattle/Texas/24-008749-003/2024(H5N1)	1788	1193
PB1|PP755595.1|A/cattle/Texas/24-008749-003/2024(H5N1)	1789	1267
PB1|PP755595.1|A/cattle/Texas/24-008749-003/2024(H5N1)	1790	1279
PB1|PP755595.1|A/cattle/Texas/24-008749-003/2024(H5N1)	1791	1283
PB1|PP755595.1|A/cattle/Texas/24-008749-003/2024(H5N1)	1792	1282
PB1|PP755595.1|A/cattle/Texas/24-008749-003/2024(H5N1)	1793	1269
PB1|PP755595.1|A/cattle/Texas/24-008749-003/2024(H5N1)	1794	1298
PB1|PP755595.1|A/cattle/Texas/24-008749-003/2024(H5N1)	1795	1297
PB1|PP755595.1|A/cattle/Texas/24-008749-003/2024(H5N1)	1796	1305
PB1|PP755595.1|A/cattle/Texas/24-008749-003/2024(H5N1)	1797	1307
PB1|PP755595.1|A/cattle/Texas/24-008749-003/2024(H5N1)	1798	1240
PB1|PP755595.1|A/cattle/Texas/24-008749-003/2024(H5N1)	1799	1241
PB1|PP755595.1|A/cattle/Texas/24-008749-003/2024(H5N1)	1800	1228
PB1|PP755595.1|A/cattle/Texas/24-008749-003/2024(H5N1)	1801	1228
PB1|PP755595.1|A/cattle/Texas/24-008749-003/2024(H5N1)	1802	1231
PB1|PP755595.1|A/cattle/Texas/24-008749-003/2024(H5N1)	1803	1225
PB1|PP755595.1|A/cattle/Texas/24-008749-003/2024(H5N1)	1804	1223
PB1|PP755595.1|A/cattle/Texas/24-008749-003/2024(H5N1)	1805	1204
PB1|PP755595.1|A/cattle/Texas/24-008749-003/2024(H5N1)	1806	1208
PB1|PP755595.1|A/cattle/Texas/24-008749-003/2024(H5N1)	1807	1209
PB1|PP755595.1|A/cattle/Texas/24-008749-003/2024(H5N1)	1808	1209
PB1|PP755595.1|A/cattle/Texas/24-008749-003/2024(H5N1)	1809	1225
PB1|PP755595.1|A/cattle/Texas/24-008749-003/2024(H5N1)	1810	1220
PB1|PP755595.1|A/cattle/Texas/24-008749-003/2024(H5N1)	1811	1212
PB1|PP755595.1|A/cattle/Texas/24-008749-003/2024(H5N1)	1812	1213
PB1|PP755595.1|A/cattle/Texas/24-008749-003/2024(H5N1)	1813	1216
PB1|PP755595.1|A/cattle/Texas/24-008749-003/2024(H5N1)	1814	1220
PB1|PP755595.1|A/cattle/Texas/24-008749-003/2024(H5N1)	1815	1217
PB1|PP755595.1|A/cattle/Texas/24-008749-003/2024(H5N1)	1816	1211
PB1|PP755595.1|A/cattle/Texas/24-008749-003/2024(H5N1)	1817	1220
PB1|PP755595.1|A/cattle/Texas/24-008749-003/2024(H5N1)	1818	1215
PB1|PP755595.1|A/cattle/Texas/24-008749-003/2024(H5N1)	1819	1229
PB1|PP755595.1|A/cattle/Texas/24-008749-003/2024(H5N1)	1820	1227
PB1|PP755595.1|A/cattle/Texas/24-008749-003/2024(H5N1)	1821	1227
PB1|PP755595.1|A/cattle/Texas/24-008749-003/2024(H5N1)	1822	1215
PB1|PP755595.1|A/cattle/Texas/24-008749-003/2024(H5N1)	1823	1230
PB1|PP755595.1|A/cattle/Texas/24-008749-003/2024(H5N1)	1824	1224
PB1|PP755595.1|A/cattle/Texas/24-008749-003/2024(H5N1)	1825	1223
PB1|PP755595.1|A/cattle/Texas/24-008749-003/2024(H5N1)	1826	1211
PB1|PP755595.1|A/cattle/Texas/24-008749-003/2024(H5N1)	1827	1193
PB1|PP755595.1|A/cattle/Texas/24-008749-003/2024(H5N1)	1828	1191
PB1|PP755595.1|A/cattle/Texas/24-008749-003/2024(H5N1)	1829	1214
PB1|PP755595.1|A/cattle/Texas/24-008749-003/2024(H5N1)	1830	1211
PB1|PP755595.1|A/cattle/Texas/24-008749-003/2024(H5N1)	1831	1217
PB1|PP755595.1|A/cattle/Texas/24-008749-003/2024(H5N1)	1832	1221
PB1|PP755595.1|A/cattle/Texas/24-008749-003/2024(H5N1)	1833	1222
PB1|PP755595.1|A/cattle/Texas/24-008749-003/2024(H5N1)	1834	1218
PB1|PP755595.1|A/cattle/Texas/24-008749-003/2024(H5N1)	1835	1218
PB1|PP755595.1|A/cattle/Texas/24-008749-003/2024(H5N1)	1836	1210
PB1|PP755595.1|A/cattle/Texas/24-008749-003/2024(H5N1)	1837	1207
PB1|PP755595.1|A/cattle/Texas/24-008749-003/2024(H5N1)	1838	1197
PB1|PP755595.1|A/cattle/Texas/24-008749-003/2024(H5N1)	1839	1193
PB1|PP755595.1|A/cattle/Texas/24-008749-003/2024(H5N1)	1840	1199
PB1|PP755595.1|A/cattle/Texas/24-008749-003/2024(H5N1)	1841	1199
PB1|PP755595.1|A/cattle/Texas/24-008749-003/2024(H5N1)	1842	1200
PB1|PP755595.1|A/cattle/Texas/24-008749-003/2024(H5N1)	1843	1218
PB1|PP755595.1|A/cattle/Texas/24-008749-003/2024(H5N1)	1844	1218
PB1|PP755595.1|A/cattle/Texas/24-008749-003/2024(H5N1)	1845	1224
PB1|PP755595.1|A/cattle/Texas/24-008749-003/2024(H5N1)	1846	1224
PB1|PP755595.1|A/cattle/Texas/24-008749-003/2024(H5N1)	1847	1222
PB1|PP755595.1|A/cattle/Texas/24-008749-003/2024(H5N1)	1848	1222
PB1|PP755595.1|A/cattle/Texas/24-008749-003/2024(H5N1)	1849	1225
PB1|PP755595.1|A/cattle/Texas/24-008749-003/2024(H5N1)	1850	1218
PB1|PP755595.1|A/cattle/Texas/24-008749-003/2024(H5N1)	1851	1217
PB1|PP755595.1|A/cattle/Texas/24-008749-003/2024(H5N1)	1852	1210
PB1|PP755595.1|A/cattle/Texas/24-008749-003/2024(H5N1)	1853	1205
PB1|PP755595.1|A/cattle/Texas/24-008749-003/2024(H5N1)	1854	1203
PB1|PP755595.1|A/cattle/Texas/24-008749-003/2024(H5N1)	1855	1218
PB1|PP755595.1|A/cattle/Texas/24-008749-003/2024(H5N1)	1856	1221
PB1|PP755595.1|A/cattle/Texas/24-008749-003/2024(H5N1)	1857	1233
PB1|PP755595.1|A/cattle/Texas/24-008749-003/2024(H5N1)	1858	1228
PB1|PP755595.1|A/cattle/Texas/24-008749-003/2024(H5N1)	1859	1236
PB1|PP755595.1|A/cattle/Texas/24-008749-003/2024(H5N1)	1860	1239
PB1|PP755595.1|A/cattle/Texas/24-008749-003/2024(H5N1)	1861	1238
PB1|PP755595.1|A/cattle/Texas/24-008749-003/2024(H5N1)	1862	1240
PB1|PP755595.1|A/cattle/Texas/24-008749-003/2024(H5N1)	1863	1242
PB1|PP755595.1|A/cattle/Texas/24-008749-003/2024(H5N1)	1864	1235
PB1|PP755595.1|A/cattle/Texas/24-008749-003/2024(H5N1)	1865	1234
PB1|PP755595.1|A/cattle/Texas/24-008749-003/2024(H5N1)	1866	1224
PB1|PP755595.1|A/cattle/Texas/24-008749-003/2024(H5N1)	1867	1224
PB1|PP755595.1|A/cattle/Texas/24-008749-003/2024(H5N1)	1868	1228
PB1|PP755595.1|A/cattle/Texas/24-008749-003/2024(H5N1)	1869	1265
PB1|PP755595.1|A/cattle/Texas/24-008749-003/2024(H5N1)	1870	1263
PB1|PP755595.1|A/cattle/Texas/24-008749-003/2024(H5N1)	1871	1253
PB1|PP755595.1|A/cattle/Texas/24-008749-003/2024(H5N1)	1872	1265
PB1|PP755595.1|A/cattle/Texas/24-008749-003/2024(H5N1)	1873	1267
PB1|PP755595.1|A/cattle/Texas/24-008749-003/2024(H5N1)	1874	1272
PB1|PP755595.1|A/cattle/Texas/24-008749-003/2024(H5N1)	1875	1270
PB1|PP755595.1|A/cattle/Texas/24-008749-003/2024(H5N1)	1876	1268
PB1|PP755595.1|A/cattle/Texas/24-008749-003/2024(H5N1)	1877	1266
PB1|PP755595.1|A/cattle/Texas/24-008749-003/2024(H5N1)	1878	1243
PB1|PP755595.1|A/cattle/Texas/24-008749-003/2024(H5N1)	1879	1244
PB1|PP755595.1|A/cattle/Texas/24-008749-003/2024(H5N1)	1880	1248
PB1|PP755595.1|A/cattle/Texas/24-008749-003/2024(H5N1)	1881	1235
PB1|PP755595.1|A/cattle/Texas/24-008749-003/2024(H5N1)	1882	1232
PB1|PP755595.1|A/cattle/Texas/24-008749-003/2024(H5N1)	1883	1223
PB1|PP755595.1|A/cattle/Texas/24-008749-003/2024(H5N1)	1884	1232
PB1|PP755595.1|A/cattle/Texas/24-008749-003/2024(H5N1)	1885	1234
PB1|PP755595.1|A/cattle/Texas/24-008749-003/2024(H5N1)	1886	1238
PB1|PP755595.1|A/cattle/Texas/24-008749-003/2024(H5N1)	1887	1238
PB1|PP755595.1|A/cattle/Texas/24-008749-003/2024(H5N1)	1888	1234
PB1|PP755595.1|A/cattle/Texas/24-008749-003/2024(H5N1)	1889	1217
PB1|PP755595.1|A/cattle/Texas/24-008749-003/2024(H5N1)	1890	1222
PB1|PP755595.1|A/cattle/Texas/24-008749-003/2024(H5N1)	1891	1226
PB1|PP755595.1|A/cattle/Texas/24-008749-003/2024(H5N1)	1892	1226
PB1|PP755595.1|A/cattle/Texas/24-008749-003/2024(H5N1)	1893	1218
PB1|PP755595.1|A/cattle/Texas/24-008749-003/2024(H5N1)	1894	1219
PB1|PP755595.1|A/cattle/Texas/24-008749-003/2024(H5N1)	1895	1216
PB1|PP755595.1|A/cattle/Texas/24-008749-003/2024(H5N1)	1896	1212
PB1|PP755595.1|A/cattle/Texas/24-008749-003/2024(H5N1)	1897	1209
PB1|PP755595.1|A/cattle/Texas/24-008749-003/2024(H5N1)	1898	1205
PB1|PP755595.1|A/cattle/Texas/24-008749-003/2024(H5N1)	1899	1213
PB1|PP755595.1|A/cattle/Texas/24-008749-003/2024(H5N1)	1900	1214
PB1|PP755595.1|A/cattle/Texas/24-008749-003/2024(H5N1)	1901	1224
PB1|PP755595.1|A/cattle/Texas/24-008749-003/2024(H5N1)	1902	1235
PB1|PP755595.1|A/cattle/Texas/24-008749-003/2024(H5N1)	1903	1233
PB1|PP755595.1|A/cattle/Texas/24-008749-003/2024(H5N1)	1904	1244
PB1|PP755595.1|A/cattle/Texas/24-008749-003/2024(H5N1)	1905	1249
PB1|PP755595.1|A/cattle/Texas/24-008749-003/2024(H5N1)	1906	1279
PB1|PP755595.1|A/cattle/Texas/24-008749-003/2024(H5N1)	1907	1284
PB1|PP755595.1|A/cattle/Texas/24-008749-003/2024(H5N1)	1908	1286
PB1|PP755595.1|A/cattle/Texas/24-008749-003/2024(H5N1)	1909	1288
PB1|PP755595.1|A/cattle/Texas/24-008749-003/2024(H5N1)	1910	1275
PB1|PP755595.1|A/cattle/Texas/24-008749-003/2024(H5N1)	1911	1260
PB1|PP755595.1|A/cattle/Texas/24-008749-003/2024(H5N1)	1912	1259
PB1|PP755595.1|A/cattle/Texas/24-008749-003/2024(H5N1)	1913	1254
PB1|PP755595.1|A/cattle/Texas/24-008749-003/2024(H5N1)	1914	1265
PB1|PP755595.1|A/cattle/Texas/24-008749-003/2024(H5N1)	1915	1243
PB1|PP755595.1|A/cattle/Texas/24-008749-003/2024(H5N1)	1916	1217
PB1|PP755595.1|A/cattle/Texas/24-008749-003/2024(H5N1)	1917	1211
PB1|PP755595.1|A/cattle/Texas/24-008749-003/2024(H5N1)	1918	1217
PB1|PP755595.1|A/cattle/Texas/24-008749-003/2024(H5N1)	1919	1213
PB1|PP755595.1|A/cattle/Texas/24-008749-003/2024(H5N1)	1920	1241
PB1|PP755595.1|A/cattle/Texas/24-008749-003/2024(H5N1)	1921	1248
PB1|PP755595.1|A/cattle/Texas/24-008749-003/2024(H5N1)	1922	1240
PB1|PP755595.1|A/cattle/Texas/24-008749-003/2024(H5N1)	1923	1232
PB1|PP755595.1|A/cattle/Texas/24-008749-003/2024(H5N1)	1924	1211
PB1|PP755595.1|A/cattle/Texas/24-008749-003/2024(H5N1)	1925	1231
PB1|PP755595.1|A/cattle/Texas/24-008749-003/2024(H5N1)	1926	1236
PB1|PP755595.1|A/cattle/Texas/24-008749-003/2024(H5N1)	1927	1232
PB1|PP755595.1|A/cattle/Texas/24-008749-003/2024(H5N1)	1928	1230
PB1|PP755595.1|A/cattle/Texas/24-008749-003/2024(H5N1)	1929	1213
PB1|PP755595.1|A/cattle/Texas/24-008749-003/2024(H5N1)	1930	1222
PB1|PP755595.1|A/cattle/Texas/24-008749-003/2024(H5N1)	1931	1214
PB1|PP755595.1|A/cattle/Texas/24-008749-003/2024(H5N1)	1932	1221
PB1|PP755595.1|A/cattle/Texas/24-008749-003/2024(H5N1)	1933	1222
PB1|PP755595.1|A/cattle/Texas/24-008749-003/2024(H5N1)	1934	1189
PB1|PP755595.1|A/cattle/Texas/24-008749-003/2024(H5N1)	1935	1196
PB1|PP755595.1|A/cattle/Texas/24-008749-003/2024(H5N1)	1936	1188
PB1|PP755595.1|A/cattle/Texas/24-008749-003/2024(H5N1)	1937	1188
PB1|PP755595.1|A/cattle/Texas/24-008749-003/2024(H5N1)	1938	1188
PB1|PP755595.1|A/cattle/Texas/24-008749-003/2024(H5N1)	1939	1182
PB1|PP755595.1|A/cattle/Texas/24-008749-003/2024(H5N1)	1940	1179
PB1|PP755595.1|A/cattle/Texas/24-008749-003/2024(H5N1)	1941	1177
PB1|PP755595.1|A/cattle/Texas/24-008749-003/2024(H5N1)	1942	1182
PB1|PP755595.1|A/cattle/Texas/24-008749-003/2024(H5N1)	1943	1186
PB1|PP755595.1|A/cattle/Texas/24-008749-003/2024(H5N1)	1944	1187
PB1|PP755595.1|A/cattle/Texas/24-008749-003/2024(H5N1)	1945	1209
PB1|PP755595.1|A/cattle/Texas/24-008749-003/2024(H5N1)	1946	1202
PB1|PP755595.1|A/cattle/Texas/24-008749-003/2024(H5N1)	1947	1202
PB1|PP755595.1|A/cattle/Texas/24-008749-003/2024(H5N1)	1948	1194
PB1|PP755595.1|A/cattle/Texas/24-008749-003/2024(H5N1)	1949	1209
PB1|PP755595.1|A/cattle/Texas/24-008749-003/2024(H5N1)	1950	1215
PB1|PP755595.1|A/cattle/Texas/24-008749-003/2024(H5N1)	1951	1210
PB1|PP755595.1|A/cattle/Texas/24-008749-003/2024(H5N1)	1952	1207
PB1|PP755595.1|A/cattle/Texas/24-008749-003/2024(H5N1)	1953	1223
PB1|PP755595.1|A/cattle/Texas/24-008749-003/2024(H5N1)	1954	1231
PB1|PP755595.1|A/cattle/Texas/24-008749-003/2024(H5N1)	1955	1229
PB1|PP755595.1|A/cattle/Texas/24-008749-003/2024(H5N1)	1956	1228
PB1|PP755595.1|A/cattle/Texas/24-008749-003/2024(H5N1)	1957	1230
PB1|PP755595.1|A/cattle/Texas/24-008749-003/2024(H5N1)	1958	1213
PB1|PP755595.1|A/cattle/Texas/24-008749-003/2024(H5N1)	1959	1231
PB1|PP755595.1|A/cattle/Texas/24-008749-003/2024(H5N1)	1960	1232
PB1|PP755595.1|A/cattle/Texas/24-008749-003/2024(H5N1)	1961	1251
PB1|PP755595.1|A/cattle/Texas/24-008749-003/2024(H5N1)	1962	1254
PB1|PP755595.1|A/cattle/Texas/24-008749-003/2024(H5N1)	1963	1256
PB1|PP755595.1|A/cattle/Texas/24-008749-003/2024(H5N1)	1964	1255
PB1|PP755595.1|A/cattle/Texas/24-008749-003/2024(H5N1)	1965	1255
PB1|PP755595.1|A/cattle/Texas/24-008749-003/2024(H5N1)	1966	1278
PB1|PP755595.1|A/cattle/Texas/24-008749-003/2024(H5N1)	1967	1278
PB1|PP755595.1|A/cattle/Texas/24-008749-003/2024(H5N1)	1968	1276
PB1|PP755595.1|A/cattle/Texas/24-008749-003/2024(H5N1)	1969	1266
PB1|PP755595.1|A/cattle/Texas/24-008749-003/2024(H5N1)	1970	1252
PB1|PP755595.1|A/cattle/Texas/24-008749-003/2024(H5N1)	1971	1253
PB1|PP755595.1|A/cattle/Texas/24-008749-003/2024(H5N1)	1972	1244
PB1|PP755595.1|A/cattle/Texas/24-008749-003/2024(H5N1)	1973	1254
PB1|PP755595.1|A/cattle/Texas/24-008749-003/2024(H5N1)	1974	1258
PB1|PP755595.1|A/cattle/Texas/24-008749-003/2024(H5N1)	1975	1246
PB1|PP755595.1|A/cattle/Texas/24-008749-003/2024(H5N1)	1976	1239
PB1|PP755595.1|A/cattle/Texas/24-008749-003/2024(H5N1)	1977	1218
PB1|PP755595.1|A/cattle/Texas/24-008749-003/2024(H5N1)	1978	1225
PB1|PP755595.1|A/cattle/Texas/24-008749-003/2024(H5N1)	1979	1223
PB1|PP755595.1|A/cattle/Texas/24-008749-003/2024(H5N1)	1980	1231
PB1|PP755595.1|A/cattle/Texas/24-008749-003/2024(H5N1)	1981	1238
PB1|PP755595.1|A/cattle/Texas/24-008749-003/2024(H5N1)	1982	1235
PB1|PP755595.1|A/cattle/Texas/24-008749-003/2024(H5N1)	1983	1235
PB1|PP755595.1|A/cattle/Texas/24-008749-003/2024(H5N1)	1984	1243
PB1|PP755595.1|A/cattle/Texas/24-008749-003/2024(H5N1)	1985	1245
PB1|PP755595.1|A/cattle/Texas/24-008749-003/2024(H5N1)	1986	1244
PB1|PP755595.1|A/cattle/Texas/24-008749-003/2024(H5N1)	1987	1255
PB1|PP755595.1|A/cattle/Texas/24-008749-003/2024(H5N1)	1988	1279
PB1|PP755595.1|A/cattle/Texas/24-008749-003/2024(H5N1)	1989	1279
PB1|PP755595.1|A/cattle/Texas/24-008749-003/2024(H5N1)	1990	1277
PB1|PP755595.1|A/cattle/Texas/24-008749-003/2024(H5N1)	1991	1269
PB1|PP755595.1|A/cattle/Texas/24-008749-003/2024(H5N1)	1992	1269
PB1|PP755595.1|A/cattle/Texas/24-008749-003/2024(H5N1)	1993	1278
PB1|PP755595.1|A/cattle/Texas/24-008749-003/2024(H5N1)	1994	1288
PB1|PP755595.1|A/cattle/Texas/24-008749-003/2024(H5N1)	1995	1285
PB1|PP755595.1|A/cattle/Texas/24-008749-003/2024(H5N1)	1996	1297
PB1|PP755595.1|A/cattle/Texas/24-008749-003/2024(H5N1)	1997	1298
PB1|PP755595.1|A/cattle/Texas/24-008749-003/2024(H5N1)	1998	1303
PB1|PP755595.1|A/cattle/Texas/24-008749-003/2024(H5N1)	1999	1308
PB1|PP755595.1|A/cattle/Texas/24-008749-003/2024(H5N1)	2000	1307
PB1|PP755595.1|A/cattle/Texas/24-008749-003/2024(H5N1)	2001	1290
PB1|PP755595.1|A/cattle/Texas/24-008749-003/2024(H5N1)	2002	1321
PB1|PP755595.1|A/cattle/Texas/24-008749-003/2024(H5N1)	2003	1319
PB1|PP755595.1|A/cattle/Texas/24-008749-003/2024(H5N1)	2004	1367
PB1|PP755595.1|A/cattle/Texas/24-008749-003/2024(H5N1)	2005	1393
PB1|PP755595.1|A/cattle/Texas/24-008749-003/2024(H5N1)	2006	1399
PB1|PP755595.1|A/cattle/Texas/24-008749-003/2024(H5N1)	2007	1407
PB1|PP755595.1|A/cattle/Texas/24-008749-003/2024(H5N1)	2008	1413
PB1|PP755595.1|A/cattle/Texas/24-008749-003/2024(H5N1)	2009	1414
PB1|PP755595.1|A/cattle/Texas/24-008749-003/2024(H5N1)	2010	1419
PB1|PP755595.1|A/cattle/Texas/24-008749-003/2024(H5N1)	2011	1412
PB1|PP755595.1|A/cattle/Texas/24-008749-003/2024(H5N1)	2012	1419
PB1|PP755595.1|A/cattle/Texas/24-008749-003/2024(H5N1)	2013	1417
PB1|PP755595.1|A/cattle/Texas/24-008749-003/2024(H5N1)	2014	1419
PB1|PP755595.1|A/cattle/Texas/24-008749-003/2024(H5N1)	2015	1424
PB1|PP755595.1|A/cattle/Texas/24-008749-003/2024(H5N1)	2016	1419
PB1|PP755595.1|A/cattle/Texas/24-008749-003/2024(H5N1)	2017	1417
PB1|PP755595.1|A/cattle/Texas/24-008749-003/2024(H5N1)	2018	1420
PB1|PP755595.1|A/cattle/Texas/24-008749-003/2024(H5N1)	2019	1415
PB1|PP755595.1|A/cattle/Texas/24-008749-003/2024(H5N1)	2020	1444
PB1|PP755595.1|A/cattle/Texas/24-008749-003/2024(H5N1)	2021	1447
PB1|PP755595.1|A/cattle/Texas/24-008749-003/2024(H5N1)	2022	1467
PB1|PP755595.1|A/cattle/Texas/24-008749-003/2024(H5N1)	2023	1464
PB1|PP755595.1|A/cattle/Texas/24-008749-003/2024(H5N1)	2024	1467
PB1|PP755595.1|A/cattle/Texas/24-008749-003/2024(H5N1)	2025	1472
PB1|PP755595.1|A/cattle/Texas/24-008749-003/2024(H5N1)	2026	1510
PB1|PP755595.1|A/cattle/Texas/24-008749-003/2024(H5N1)	2027	1521
PB1|PP755595.1|A/cattle/Texas/24-008749-003/2024(H5N1)	2028	1519
PB1|PP755595.1|A/cattle/Texas/24-008749-003/2024(H5N1)	2029	1503
PB1|PP755595.1|A/cattle/Texas/24-008749-003/2024(H5N1)	2030	1506
PB1|PP755595.1|A/cattle/Texas/24-008749-003/2024(H5N1)	2031	1474
PB1|PP755595.1|A/cattle/Texas/24-008749-003/2024(H5N1)	2032	1482
PB1|PP755595.1|A/cattle/Texas/24-008749-003/2024(H5N1)	2033	1491
PB1|PP755595.1|A/cattle/Texas/24-008749-003/2024(H5N1)	2034	1500
PB1|PP755595.1|A/cattle/Texas/24-008749-003/2024(H5N1)	2035	1502
PB1|PP755595.1|A/cattle/Texas/24-008749-003/2024(H5N1)	2036	1495
PB1|PP755595.1|A/cattle/Texas/24-008749-003/2024(H5N1)	2037	1496
PB1|PP755595.1|A/cattle/Texas/24-008749-003/2024(H5N1)	2038	1498
PB1|PP755595.1|A/cattle/Texas/24-008749-003/2024(H5N1)	2039	1501
PB1|PP755595.1|A/cattle/Texas/24-008749-003/2024(H5N1)	2040	1473
PB1|PP755595.1|A/cattle/Texas/24-008749-003/2024(H5N1)	2041	1489
PB1|PP755595.1|A/cattle/Texas/24-008749-003/2024(H5N1)	2042	1602
PB1|PP755595.1|A/cattle/Texas/24-008749-003/2024(H5N1)	2043	1659
PB1|PP755595.1|A/cattle/Texas/24-008749-003/2024(H5N1)	2044	1679
PB1|PP755595.1|A/cattle/Texas/24-008749-003/2024(H5N1)	2045	1676
PB1|PP755595.1|A/cattle/Texas/24-008749-003/2024(H5N1)	2046	1695
PB1|PP755595.1|A/cattle/Texas/24-008749-003/2024(H5N1)	2047	1698
PB1|PP755595.1|A/cattle/Texas/24-008749-003/2024(H5N1)	2048	1694
PB1|PP755595.1|A/cattle/Texas/24-008749-003/2024(H5N1)	2049	1699
PB1|PP755595.1|A/cattle/Texas/24-008749-003/2024(H5N1)	2050	1706
PB1|PP755595.1|A/cattle/Texas/24-008749-003/2024(H5N1)	2051	1712
PB1|PP755595.1|A/cattle/Texas/24-008749-003/2024(H5N1)	2052	1712
PB1|PP755595.1|A/cattle/Texas/24-008749-003/2024(H5N1)	2053	1710
PB1|PP755595.1|A/cattle/Texas/24-008749-003/2024(H5N1)	2054	1712
PB1|PP755595.1|A/cattle/Texas/24-008749-003/2024(H5N1)	2055	1722
PB1|PP755595.1|A/cattle/Texas/24-008749-003/2024(H5N1)	2056	1732
PB1|PP755595.1|A/cattle/Texas/24-008749-003/2024(H5N1)	2057	1747
PB1|PP755595.1|A/cattle/Texas/24-008749-003/2024(H5N1)	2058	1756
PB1|PP755595.1|A/cattle/Texas/24-008749-003/2024(H5N1)	2059	1753
PB1|PP755595.1|A/cattle/Texas/24-008749-003/2024(H5N1)	2060	1719
PB1|PP755595.1|A/cattle/Texas/24-008749-003/2024(H5N1)	2061	1734
PB1|PP755595.1|A/cattle/Texas/24-008749-003/2024(H5N1)	2062	1756
PB1|PP755595.1|A/cattle/Texas/24-008749-003/2024(H5N1)	2063	1760
PB1|PP755595.1|A/cattle/Texas/24-008749-003/2024(H5N1)	2064	1821
PB1|PP755595.1|A/cattle/Texas/24-008749-003/2024(H5N1)	2065	1830
PB1|PP755595.1|A/cattle/Texas/24-008749-003/2024(H5N1)	2066	1957
PB1|PP755595.1|A/cattle/Texas/24-008749-003/2024(H5N1)	2067	1969
PB1|PP755595.1|A/cattle/Texas/24-008749-003/2024(H5N1)	2068	1981
PB1|PP755595.1|A/cattle/Texas/24-008749-003/2024(H5N1)	2069	1979
PB1|PP755595.1|A/cattle/Texas/24-008749-003/2024(H5N1)	2070	1961
PB1|PP755595.1|A/cattle/Texas/24-008749-003/2024(H5N1)	2071	1983
PB1|PP755595.1|A/cattle/Texas/24-008749-003/2024(H5N1)	2072	1982
PB1|PP755595.1|A/cattle/Texas/24-008749-003/2024(H5N1)	2073	1994
PB1|PP755595.1|A/cattle/Texas/24-008749-003/2024(H5N1)	2074	1957
PB1|PP755595.1|A/cattle/Texas/24-008749-003/2024(H5N1)	2075	1992
PB1|PP755595.1|A/cattle/Texas/24-008749-003/2024(H5N1)	2076	2004
PB1|PP755595.1|A/cattle/Texas/24-008749-003/2024(H5N1)	2077	2001
PB1|PP755595.1|A/cattle/Texas/24-008749-003/2024(H5N1)	2078	2061
PB1|PP755595.1|A/cattle/Texas/24-008749-003/2024(H5N1)	2079	2046
PB1|PP755595.1|A/cattle/Texas/24-008749-003/2024(H5N1)	2080	2049
PB1|PP755595.1|A/cattle/Texas/24-008749-003/2024(H5N1)	2081	2051
PB1|PP755595.1|A/cattle/Texas/24-008749-003/2024(H5N1)	2082	2034
PB1|PP755595.1|A/cattle/Texas/24-008749-003/2024(H5N1)	2083	2027
PB1|PP755595.1|A/cattle/Texas/24-008749-003/2024(H5N1)	2084	2009
PB1|PP755595.1|A/cattle/Texas/24-008749-003/2024(H5N1)	2085	2015
PB1|PP755595.1|A/cattle/Texas/24-008749-003/2024(H5N1)	2086	2025
PB1|PP755595.1|A/cattle/Texas/24-008749-003/2024(H5N1)	2087	2024
PB1|PP755595.1|A/cattle/Texas/24-008749-003/2024(H5N1)	2088	2024
PB1|PP755595.1|A/cattle/Texas/24-008749-003/2024(H5N1)	2089	2031
PB1|PP755595.1|A/cattle/Texas/24-008749-003/2024(H5N1)	2090	2032
PB1|PP755595.1|A/cattle/Texas/24-008749-003/2024(H5N1)	2091	2028
PB1|PP755595.1|A/cattle/Texas/24-008749-003/2024(H5N1)	2092	2032
PB1|PP755595.1|A/cattle/Texas/24-008749-003/2024(H5N1)	2093	2037
PB1|PP755595.1|A/cattle/Texas/24-008749-003/2024(H5N1)	2094	2032
PB1|PP755595.1|A/cattle/Texas/24-008749-003/2024(H5N1)	2095	2031
PB1|PP755595.1|A/cattle/Texas/24-008749-003/2024(H5N1)	2096	2025
PB1|PP755595.1|A/cattle/Texas/24-008749-003/2024(H5N1)	2097	2038
PB1|PP755595.1|A/cattle/Texas/24-008749-003/2024(H5N1)	2098	2038
PB1|PP755595.1|A/cattle/Texas/24-008749-003/2024(H5N1)	2099	2038
PB1|PP755595.1|A/cattle/Texas/24-008749-003/2024(H5N1)	2100	2069
PB1|PP755595.1|A/cattle/Texas/24-008749-003/2024(H5N1)	2101	2069
PB1|PP755595.1|A/cattle/Texas/24-008749-003/2024(H5N1)	2102	2059
PB1|PP755595.1|A/cattle/Texas/24-008749-003/2024(H5N1)	2103	2166
PB1|PP755595.1|A/cattle/Texas/24-008749-003/2024(H5N1)	2104	2161
PB1|PP755595.1|A/cattle/Texas/24-008749-003/2024(H5N1)	2105	2166
PB1|PP755595.1|A/cattle/Texas/24-008749-003/2024(H5N1)	2106	2168
PB1|PP755595.1|A/cattle/Texas/24-008749-003/2024(H5N1)	2107	2141
PB1|PP755595.1|A/cattle/Texas/24-008749-003/2024(H5N1)	2108	2149
PB1|PP755595.1|A/cattle/Texas/24-008749-003/2024(H5N1)	2109	2142
PB1|PP755595.1|A/cattle/Texas/24-008749-003/2024(H5N1)	2110	2175
PB1|PP755595.1|A/cattle/Texas/24-008749-003/2024(H5N1)	2111	2169
PB1|PP755595.1|A/cattle/Texas/24-008749-003/2024(H5N1)	2112	2172
PB1|PP755595.1|A/cattle/Texas/24-008749-003/2024(H5N1)	2113	2173
PB1|PP755595.1|A/cattle/Texas/24-008749-003/2024(H5N1)	2114	2172
PB1|PP755595.1|A/cattle/Texas/24-008749-003/2024(H5N1)	2115	2174
PB1|PP755595.1|A/cattle/Texas/24-008749-003/2024(H5N1)	2116	2144
PB1|PP755595.1|A/cattle/Texas/24-008749-003/2024(H5N1)	2117	2125
PB1|PP755595.1|A/cattle/Texas/24-008749-003/2024(H5N1)	2118	2118
PB1|PP755595.1|A/cattle/Texas/24-008749-003/2024(H5N1)	2119	2059
PB1|PP755595.1|A/cattle/Texas/24-008749-003/2024(H5N1)	2120	2046
PB1|PP755595.1|A/cattle/Texas/24-008749-003/2024(H5N1)	2121	2024
PB1|PP755595.1|A/cattle/Texas/24-008749-003/2024(H5N1)	2122	2016
PB1|PP755595.1|A/cattle/Texas/24-008749-003/2024(H5N1)	2123	2007
PB1|PP755595.1|A/cattle/Texas/24-008749-003/2024(H5N1)	2124	2007
PB1|PP755595.1|A/cattle/Texas/24-008749-003/2024(H5N1)	2125	2005
PB1|PP755595.1|A/cattle/Texas/24-008749-003/2024(H5N1)	2126	1998
PB1|PP755595.1|A/cattle/Texas/24-008749-003/2024(H5N1)	2127	1997
PB1|PP755595.1|A/cattle/Texas/24-008749-003/2024(H5N1)	2128	2000
PB1|PP755595.1|A/cattle/Texas/24-008749-003/2024(H5N1)	2129	1999
PB1|PP755595.1|A/cattle/Texas/24-008749-003/2024(H5N1)	2130	1996
PB1|PP755595.1|A/cattle/Texas/24-008749-003/2024(H5N1)	2131	2054
PB1|PP755595.1|A/cattle/Texas/24-008749-003/2024(H5N1)	2132	2049
PB1|PP755595.1|A/cattle/Texas/24-008749-003/2024(H5N1)	2133	2064
PB1|PP755595.1|A/cattle/Texas/24-008749-003/2024(H5N1)	2134	2060
PB1|PP755595.1|A/cattle/Texas/24-008749-003/2024(H5N1)	2135	2053
PB1|PP755595.1|A/cattle/Texas/24-008749-003/2024(H5N1)	2136	2049
PB1|PP755595.1|A/cattle/Texas/24-008749-003/2024(H5N1)	2137	2038
PB1|PP755595.1|A/cattle/Texas/24-008749-003/2024(H5N1)	2138	2074
PB1|PP755595.1|A/cattle/Texas/24-008749-003/2024(H5N1)	2139	2074
PB1|PP755595.1|A/cattle/Texas/24-008749-003/2024(H5N1)	2140	2075
PB1|PP755595.1|A/cattle/Texas/24-008749-003/2024(H5N1)	2141	2064
PB1|PP755595.1|A/cattle/Texas/24-008749-003/2024(H5N1)	2142	2050
PB1|PP755595.1|A/cattle/Texas/24-008749-003/2024(H5N1)	2143	2058
PB1|PP755595.1|A/cattle/Texas/24-008749-003/2024(H5N1)	2144	2053
PB1|PP755595.1|A/cattle/Texas/24-008749-003/2024(H5N1)	2145	2050
PB1|PP755595.1|A/cattle/Texas/24-008749-003/2024(H5N1)	2146	2048
PB1|PP755595.1|A/cattle/Texas/24-008749-003/2024(H5N1)	2147	2033
PB1|PP755595.1|A/cattle/Texas/24-008749-003/2024(H5N1)	2148	2031
PB1|PP755595.1|A/cattle/Texas/24-008749-003/2024(H5N1)	2149	2026
PB1|PP755595.1|A/cattle/Texas/24-008749-003/2024(H5N1)	2150	2019
PB1|PP755595.1|A/cattle/Texas/24-008749-003/2024(H5N1)	2151	2002
PB1|PP755595.1|A/cattle/Texas/24-008749-003/2024(H5N1)	2152	1965
PB1|PP755595.1|A/cattle/Texas/24-008749-003/2024(H5N1)	2153	1958
PB1|PP755595.1|A/cattle/Texas/24-008749-003/2024(H5N1)	2154	1967
PB1|PP755595.1|A/cattle/Texas/24-008749-003/2024(H5N1)	2155	1980
PB1|PP755595.1|A/cattle/Texas/24-008749-003/2024(H5N1)	2156	1965
PB1|PP755595.1|A/cattle/Texas/24-008749-003/2024(H5N1)	2157	1923
PB1|PP755595.1|A/cattle/Texas/24-008749-003/2024(H5N1)	2158	1922
PB1|PP755595.1|A/cattle/Texas/24-008749-003/2024(H5N1)	2159	1913
PB1|PP755595.1|A/cattle/Texas/24-008749-003/2024(H5N1)	2160	1906
PB1|PP755595.1|A/cattle/Texas/24-008749-003/2024(H5N1)	2161	1899
PB1|PP755595.1|A/cattle/Texas/24-008749-003/2024(H5N1)	2162	1920
PB1|PP755595.1|A/cattle/Texas/24-008749-003/2024(H5N1)	2163	1893
PB1|PP755595.1|A/cattle/Texas/24-008749-003/2024(H5N1)	2164	1890
PB1|PP755595.1|A/cattle/Texas/24-008749-003/2024(H5N1)	2165	1868
PB1|PP755595.1|A/cattle/Texas/24-008749-003/2024(H5N1)	2166	1866
PB1|PP755595.1|A/cattle/Texas/24-008749-003/2024(H5N1)	2167	1860
PB1|PP755595.1|A/cattle/Texas/24-008749-003/2024(H5N1)	2168	1862
PB1|PP755595.1|A/cattle/Texas/24-008749-003/2024(H5N1)	2169	1862
PB1|PP755595.1|A/cattle/Texas/24-008749-003/2024(H5N1)	2170	1859
PB1|PP755595.1|A/cattle/Texas/24-008749-003/2024(H5N1)	2171	1849
PB1|PP755595.1|A/cattle/Texas/24-008749-003/2024(H5N1)	2172	1817
PB1|PP755595.1|A/cattle/Texas/24-008749-003/2024(H5N1)	2173	1812
PB1|PP755595.1|A/cattle/Texas/24-008749-003/2024(H5N1)	2174	1802
PB1|PP755595.1|A/cattle/Texas/24-008749-003/2024(H5N1)	2175	1798
PB1|PP755595.1|A/cattle/Texas/24-008749-003/2024(H5N1)	2176	1787
PB1|PP755595.1|A/cattle/Texas/24-008749-003/2024(H5N1)	2177	1749
PB1|PP755595.1|A/cattle/Texas/24-008749-003/2024(H5N1)	2178	1743
PB1|PP755595.1|A/cattle/Texas/24-008749-003/2024(H5N1)	2179	1736
PB1|PP755595.1|A/cattle/Texas/24-008749-003/2024(H5N1)	2180	1735
PB1|PP755595.1|A/cattle/Texas/24-008749-003/2024(H5N1)	2181	1737
PB1|PP755595.1|A/cattle/Texas/24-008749-003/2024(H5N1)	2182	1739
PB1|PP755595.1|A/cattle/Texas/24-008749-003/2024(H5N1)	2183	1735
PB1|PP755595.1|A/cattle/Texas/24-008749-003/2024(H5N1)	2184	1725
PB1|PP755595.1|A/cattle/Texas/24-008749-003/2024(H5N1)	2185	1724
PB1|PP755595.1|A/cattle/Texas/24-008749-003/2024(H5N1)	2186	1716
PB1|PP755595.1|A/cattle/Texas/24-008749-003/2024(H5N1)	2187	1715
PB1|PP755595.1|A/cattle/Texas/24-008749-003/2024(H5N1)	2188	1710
PB1|PP755595.1|A/cattle/Texas/24-008749-003/2024(H5N1)	2189	1710
PB1|PP755595.1|A/cattle/Texas/24-008749-003/2024(H5N1)	2190	1699
PB1|PP755595.1|A/cattle/Texas/24-008749-003/2024(H5N1)	2191	1698
PB1|PP755595.1|A/cattle/Texas/24-008749-003/2024(H5N1)	2192	1704
PB1|PP755595.1|A/cattle/Texas/24-008749-003/2024(H5N1)	2193	1697
PB1|PP755595.1|A/cattle/Texas/24-008749-003/2024(H5N1)	2194	1683
PB1|PP755595.1|A/cattle/Texas/24-008749-003/2024(H5N1)	2195	1672
PB1|PP755595.1|A/cattle/Texas/24-008749-003/2024(H5N1)	2196	1664
PB1|PP755595.1|A/cattle/Texas/24-008749-003/2024(H5N1)	2197	1664
PB1|PP755595.1|A/cattle/Texas/24-008749-003/2024(H5N1)	2198	1667
PB1|PP755595.1|A/cattle/Texas/24-008749-003/2024(H5N1)	2199	1662
PB1|PP755595.1|A/cattle/Texas/24-008749-003/2024(H5N1)	2200	1659
PB1|PP755595.1|A/cattle/Texas/24-008749-003/2024(H5N1)	2201	1625
PB1|PP755595.1|A/cattle/Texas/24-008749-003/2024(H5N1)	2202	1654
PB1|PP755595.1|A/cattle/Texas/24-008749-003/2024(H5N1)	2203	1646
PB1|PP755595.1|A/cattle/Texas/24-008749-003/2024(H5N1)	2204	1637
PB1|PP755595.1|A/cattle/Texas/24-008749-003/2024(H5N1)	2205	1631
PB1|PP755595.1|A/cattle/Texas/24-008749-003/2024(H5N1)	2206	1626
PB1|PP755595.1|A/cattle/Texas/24-008749-003/2024(H5N1)	2207	1621
PB1|PP755595.1|A/cattle/Texas/24-008749-003/2024(H5N1)	2208	1618
PB1|PP755595.1|A/cattle/Texas/24-008749-003/2024(H5N1)	2209	1616
PB1|PP755595.1|A/cattle/Texas/24-008749-003/2024(H5N1)	2210	1593
PB1|PP755595.1|A/cattle/Texas/24-008749-003/2024(H5N1)	2211	1439
PB1|PP755595.1|A/cattle/Texas/24-008749-003/2024(H5N1)	2212	1430
PB1|PP755595.1|A/cattle/Texas/24-008749-003/2024(H5N1)	2213	1419
PB1|PP755595.1|A/cattle/Texas/24-008749-003/2024(H5N1)	2214	1415
PB1|PP755595.1|A/cattle/Texas/24-008749-003/2024(H5N1)	2215	1413
PB1|PP755595.1|A/cattle/Texas/24-008749-003/2024(H5N1)	2216	1386
PB1|PP755595.1|A/cattle/Texas/24-008749-003/2024(H5N1)	2217	1378
PB1|PP755595.1|A/cattle/Texas/24-008749-003/2024(H5N1)	2218	1356
PB1|PP755595.1|A/cattle/Texas/24-008749-003/2024(H5N1)	2219	1343
PB1|PP755595.1|A/cattle/Texas/24-008749-003/2024(H5N1)	2220	1330
PB1|PP755595.1|A/cattle/Texas/24-008749-003/2024(H5N1)	2221	1323
PB1|PP755595.1|A/cattle/Texas/24-008749-003/2024(H5N1)	2222	1314
PB1|PP755595.1|A/cattle/Texas/24-008749-003/2024(H5N1)	2223	1304
PB1|PP755595.1|A/cattle/Texas/24-008749-003/2024(H5N1)	2224	1306
PB1|PP755595.1|A/cattle/Texas/24-008749-003/2024(H5N1)	2225	1286
PB1|PP755595.1|A/cattle/Texas/24-008749-003/2024(H5N1)	2226	1283
PB1|PP755595.1|A/cattle/Texas/24-008749-003/2024(H5N1)	2227	1279
PB1|PP755595.1|A/cattle/Texas/24-008749-003/2024(H5N1)	2228	1279
PB1|PP755595.1|A/cattle/Texas/24-008749-003/2024(H5N1)	2229	1272
PB1|PP755595.1|A/cattle/Texas/24-008749-003/2024(H5N1)	2230	1267
PB1|PP755595.1|A/cattle/Texas/24-008749-003/2024(H5N1)	2231	1259
PB1|PP755595.1|A/cattle/Texas/24-008749-003/2024(H5N1)	2232	1232
PB1|PP755595.1|A/cattle/Texas/24-008749-003/2024(H5N1)	2233	1237
PB1|PP755595.1|A/cattle/Texas/24-008749-003/2024(H5N1)	2234	1229
PB1|PP755595.1|A/cattle/Texas/24-008749-003/2024(H5N1)	2235	1201
PB1|PP755595.1|A/cattle/Texas/24-008749-003/2024(H5N1)	2236	1178
PB1|PP755595.1|A/cattle/Texas/24-008749-003/2024(H5N1)	2237	1176
PB1|PP755595.1|A/cattle/Texas/24-008749-003/2024(H5N1)	2238	1141
PB1|PP755595.1|A/cattle/Texas/24-008749-003/2024(H5N1)	2239	1035
PB1|PP755595.1|A/cattle/Texas/24-008749-003/2024(H5N1)	2240	1045
PB1|PP755595.1|A/cattle/Texas/24-008749-003/2024(H5N1)	2241	1047
PB1|PP755595.1|A/cattle/Texas/24-008749-003/2024(H5N1)	2242	1047
PB1|PP755595.1|A/cattle/Texas/24-008749-003/2024(H5N1)	2243	1041
PB1|PP755595.1|A/cattle/Texas/24-008749-003/2024(H5N1)	2244	1028
PB1|PP755595.1|A/cattle/Texas/24-008749-003/2024(H5N1)	2245	1027
PB1|PP755595.1|A/cattle/Texas/24-008749-003/2024(H5N1)	2246	1021
PB1|PP755595.1|A/cattle/Texas/24-008749-003/2024(H5N1)	2247	1008
PB1|PP755595.1|A/cattle/Texas/24-008749-003/2024(H5N1)	2248	1002
PB1|PP755595.1|A/cattle/Texas/24-008749-003/2024(H5N1)	2249	964
PB1|PP755595.1|A/cattle/Texas/24-008749-003/2024(H5N1)	2250	950
PB1|PP755595.1|A/cattle/Texas/24-008749-003/2024(H5N1)	2251	948
PB1|PP755595.1|A/cattle/Texas/24-008749-003/2024(H5N1)	2252	946
PB1|PP755595.1|A/cattle/Texas/24-008749-003/2024(H5N1)	2253	938
PB1|PP755595.1|A/cattle/Texas/24-008749-003/2024(H5N1)	2254	937
PB1|PP755595.1|A/cattle/Texas/24-008749-003/2024(H5N1)	2255	875
PB1|PP755595.1|A/cattle/Texas/24-008749-003/2024(H5N1)	2256	870
PB1|PP755595.1|A/cattle/Texas/24-008749-003/2024(H5N1)	2257	852
PB1|PP755595.1|A/cattle/Texas/24-008749-003/2024(H5N1)	2258	849
PB1|PP755595.1|A/cattle/Texas/24-008749-003/2024(H5N1)	2259	849
PB1|PP755595.1|A/cattle/Texas/24-008749-003/2024(H5N1)	2260	839
PB1|PP755595.1|A/cattle/Texas/24-008749-003/2024(H5N1)	2261	834
PB1|PP755595.1|A/cattle/Texas/24-008749-003/2024(H5N1)	2262	832
PB1|PP755595.1|A/cattle/Texas/24-008749-003/2024(H5N1)	2263	820
PB1|PP755595.1|A/cattle/Texas/24-008749-003/2024(H5N1)	2264	814
PB1|PP755595.1|A/cattle/Texas/24-008749-003/2024(H5N1)	2265	796
PB1|PP755595.1|A/cattle/Texas/24-008749-003/2024(H5N1)	2266	788
PB1|PP755595.1|A/cattle/Texas/24-008749-003/2024(H5N1)	2267	785
PB1|PP755595.1|A/cattle/Texas/24-008749-003/2024(H5N1)	2268	784
PB1|PP755595.1|A/cattle/Texas/24-008749-003/2024(H5N1)	2269	783
PB1|PP755595.1|A/cattle/Texas/24-008749-003/2024(H5N1)	2270	780
PB1|PP755595.1|A/cattle/Texas/24-008749-003/2024(H5N1)	2271	778
PB1|PP755595.1|A/cattle/Texas/24-008749-003/2024(H5N1)	2272	763
PB1|PP755595.1|A/cattle/Texas/24-008749-003/2024(H5N1)	2273	736
PB1|PP755595.1|A/cattle/Texas/24-008749-003/2024(H5N1)	2274	733
