HA|PP755589.1|A/cattle/Texas/24-008749-003/2024(H5N1)	1	129
HA|PP755589.1|A/cattle/Texas/24-008749-003/2024(H5N1)	2	129
HA|PP755589.1|A/cattle/Texas/24-008749-003/2024(H5N1)	3	130
HA|PP755589.1|A/cattle/Texas/24-008749-003/2024(H5N1)	4	130
HA|PP755589.1|A/cattle/Texas/24-008749-003/2024(H5N1)	5	131
HA|PP755589.1|A/cattle/Texas/24-008749-003/2024(H5N1)	6	136
HA|PP755589.1|A/cattle/Texas/24-008749-003/2024(H5N1)	7	138
HA|PP755589.1|A/cattle/Texas/24-008749-003/2024(H5N1)	8	159
HA|PP755589.1|A/cattle/Texas/24-008749-003/2024(H5N1)	9	159
HA|PP755589.1|A/cattle/Texas/24-008749-003/2024(H5N1)	10	159
HA|PP755589.1|A/cattle/Texas/24-008749-003/2024(H5N1)	11	183
HA|PP755589.1|A/cattle/Texas/24-008749-003/2024(H5N1)	12	184
HA|PP755589.1|A/cattle/Texas/24-008749-003/2024(H5N1)	13	203
HA|PP755589.1|A/cattle/Texas/24-008749-003/2024(H5N1)	14	204
HA|PP755589.1|A/cattle/Texas/24-008749-003/2024(H5N1)	15	205
HA|PP755589.1|A/cattle/Texas/24-008749-003/2024(H5N1)	16	205
HA|PP755589.1|A/cattle/Texas/24-008749-003/2024(H5N1)	17	206
HA|PP755589.1|A/cattle/Texas/24-008749-003/2024(H5N1)	18	214
HA|PP755589.1|A/cattle/Texas/24-008749-003/2024(H5N1)	19	215
HA|PP755589.1|A/cattle/Texas/24-008749-003/2024(H5N1)	20	217
HA|PP755589.1|A/cattle/Texas/24-008749-003/2024(H5N1)	21	220
HA|PP755589.1|A/cattle/Texas/24-008749-003/2024(H5N1)	22	221
HA|PP755589.1|A/cattle/Texas/24-008749-003/2024(H5N1)	23	234
HA|PP755589.1|A/cattle/Texas/24-008749-003/2024(H5N1)	24	234
HA|PP755589.1|A/cattle/Texas/24-008749-003/2024(H5N1)	25	237
HA|PP755589.1|A/cattle/Texas/24-008749-003/2024(H5N1)	26	237
HA|PP755589.1|A/cattle/Texas/24-008749-003/2024(H5N1)	27	237
HA|PP755589.1|A/cattle/Texas/24-008749-003/2024(H5N1)	28	240
HA|PP755589.1|A/cattle/Texas/24-008749-003/2024(H5N1)	29	249
HA|PP755589.1|A/cattle/Texas/24-008749-003/2024(H5N1)	30	254
HA|PP755589.1|A/cattle/Texas/24-008749-003/2024(H5N1)	31	256
HA|PP755589.1|A/cattle/Texas/24-008749-003/2024(H5N1)	32	257
HA|PP755589.1|A/cattle/Texas/24-008749-003/2024(H5N1)	33	258
HA|PP755589.1|A/cattle/Texas/24-008749-003/2024(H5N1)	34	259
HA|PP755589.1|A/cattle/Texas/24-008749-003/2024(H5N1)	35	261
HA|PP755589.1|A/cattle/Texas/24-008749-003/2024(H5N1)	36	273
HA|PP755589.1|A/cattle/Texas/24-008749-003/2024(H5N1)	37	273
HA|PP755589.1|A/cattle/Texas/24-008749-003/2024(H5N1)	38	276
HA|PP755589.1|A/cattle/Texas/24-008749-003/2024(H5N1)	39	301
HA|PP755589.1|A/cattle/Texas/24-008749-003/2024(H5N1)	40	302
HA|PP755589.1|A/cattle/Texas/24-008749-003/2024(H5N1)	41	306
HA|PP755589.1|A/cattle/Texas/24-008749-003/2024(H5N1)	42	307
HA|PP755589.1|A/cattle/Texas/24-008749-003/2024(H5N1)	43	307
HA|PP755589.1|A/cattle/Texas/24-008749-003/2024(H5N1)	44	307
HA|PP755589.1|A/cattle/Texas/24-008749-003/2024(H5N1)	45	307
HA|PP755589.1|A/cattle/Texas/24-008749-003/2024(H5N1)	46	307
HA|PP755589.1|A/cattle/Texas/24-008749-003/2024(H5N1)	47	307
HA|PP755589.1|A/cattle/Texas/24-008749-003/2024(H5N1)	48	308
HA|PP755589.1|A/cattle/Texas/24-008749-003/2024(H5N1)	49	311
HA|PP755589.1|A/cattle/Texas/24-008749-003/2024(H5N1)	50	311
HA|PP755589.1|A/cattle/Texas/24-008749-003/2024(H5N1)	51	311
HA|PP755589.1|A/cattle/Texas/24-008749-003/2024(H5N1)	52	311
HA|PP755589.1|A/cattle/Texas/24-008749-003/2024(H5N1)	53	311
HA|PP755589.1|A/cattle/Texas/24-008749-003/2024(H5N1)	54	320
HA|PP755589.1|A/cattle/Texas/24-008749-003/2024(H5N1)	55	325
HA|PP755589.1|A/cattle/Texas/24-008749-003/2024(H5N1)	56	326
HA|PP755589.1|A/cattle/Texas/24-008749-003/2024(H5N1)	57	326
HA|PP755589.1|A/cattle/Texas/24-008749-003/2024(H5N1)	58	327
HA|PP755589.1|A/cattle/Texas/24-008749-003/2024(H5N1)	59	330
HA|PP755589.1|A/cattle/Texas/24-008749-003/2024(H5N1)	60	331
HA|PP755589.1|A/cattle/Texas/24-008749-003/2024(H5N1)	61	336
HA|PP755589.1|A/cattle/Texas/24-008749-003/2024(H5N1)	62	336
HA|PP755589.1|A/cattle/Texas/24-008749-003/2024(H5N1)	63	337
HA|PP755589.1|A/cattle/Texas/24-008749-003/2024(H5N1)	64	345
HA|PP755589.1|A/cattle/Texas/24-008749-003/2024(H5N1)	65	346
HA|PP755589.1|A/cattle/Texas/24-008749-003/2024(H5N1)	66	346
HA|PP755589.1|A/cattle/Texas/24-008749-003/2024(H5N1)	67	346
HA|PP755589.1|A/cattle/Texas/24-008749-003/2024(H5N1)	68	347
HA|PP755589.1|A/cattle/Texas/24-008749-003/2024(H5N1)	69	355
HA|PP755589.1|A/cattle/Texas/24-008749-003/2024(H5N1)	70	356
HA|PP755589.1|A/cattle/Texas/24-008749-003/2024(H5N1)	71	356
HA|PP755589.1|A/cattle/Texas/24-008749-003/2024(H5N1)	72	356
HA|PP755589.1|A/cattle/Texas/24-008749-003/2024(H5N1)	73	356
HA|PP755589.1|A/cattle/Texas/24-008749-003/2024(H5N1)	74	361
HA|PP755589.1|A/cattle/Texas/24-008749-003/2024(H5N1)	75	362
HA|PP755589.1|A/cattle/Texas/24-008749-003/2024(H5N1)	76	363
HA|PP755589.1|A/cattle/Texas/24-008749-003/2024(H5N1)	77	372
HA|PP755589.1|A/cattle/Texas/24-008749-003/2024(H5N1)	78	382
HA|PP755589.1|A/cattle/Texas/24-008749-003/2024(H5N1)	79	383
HA|PP755589.1|A/cattle/Texas/24-008749-003/2024(H5N1)	80	383
HA|PP755589.1|A/cattle/Texas/24-008749-003/2024(H5N1)	81	383
HA|PP755589.1|A/cattle/Texas/24-008749-003/2024(H5N1)	82	383
HA|PP755589.1|A/cattle/Texas/24-008749-003/2024(H5N1)	83	383
HA|PP755589.1|A/cattle/Texas/24-008749-003/2024(H5N1)	84	383
HA|PP755589.1|A/cattle/Texas/24-008749-003/2024(H5N1)	85	384
HA|PP755589.1|A/cattle/Texas/24-008749-003/2024(H5N1)	86	384
HA|PP755589.1|A/cattle/Texas/24-008749-003/2024(H5N1)	87	382
HA|PP755589.1|A/cattle/Texas/24-008749-003/2024(H5N1)	88	397
HA|PP755589.1|A/cattle/Texas/24-008749-003/2024(H5N1)	89	400
HA|PP755589.1|A/cattle/Texas/24-008749-003/2024(H5N1)	90	401
HA|PP755589.1|A/cattle/Texas/24-008749-003/2024(H5N1)	91	404
HA|PP755589.1|A/cattle/Texas/24-008749-003/2024(H5N1)	92	404
HA|PP755589.1|A/cattle/Texas/24-008749-003/2024(H5N1)	93	405
HA|PP755589.1|A/cattle/Texas/24-008749-003/2024(H5N1)	94	405
HA|PP755589.1|A/cattle/Texas/24-008749-003/2024(H5N1)	95	406
HA|PP755589.1|A/cattle/Texas/24-008749-003/2024(H5N1)	96	406
HA|PP755589.1|A/cattle/Texas/24-008749-003/2024(H5N1)	97	407
HA|PP755589.1|A/cattle/Texas/24-008749-003/2024(H5N1)	98	407
HA|PP755589.1|A/cattle/Texas/24-008749-003/2024(H5N1)	99	309
HA|PP755589.1|A/cattle/Texas/24-008749-003/2024(H5N1)	100	309
HA|PP755589.1|A/cattle/Texas/24-008749-003/2024(H5N1)	101	313
HA|PP755589.1|A/cattle/Texas/24-008749-003/2024(H5N1)	102	313
HA|PP755589.1|A/cattle/Texas/24-008749-003/2024(H5N1)	103	314
HA|PP755589.1|A/cattle/Texas/24-008749-003/2024(H5N1)	104	318
HA|PP755589.1|A/cattle/Texas/24-008749-003/2024(H5N1)	105	319
HA|PP755589.1|A/cattle/Texas/24-008749-003/2024(H5N1)	106	324
HA|PP755589.1|A/cattle/Texas/24-008749-003/2024(H5N1)	107	329
HA|PP755589.1|A/cattle/Texas/24-008749-003/2024(H5N1)	108	329
HA|PP755589.1|A/cattle/Texas/24-008749-003/2024(H5N1)	109	333
HA|PP755589.1|A/cattle/Texas/24-008749-003/2024(H5N1)	110	333
HA|PP755589.1|A/cattle/Texas/24-008749-003/2024(H5N1)	111	336
HA|PP755589.1|A/cattle/Texas/24-008749-003/2024(H5N1)	112	336
HA|PP755589.1|A/cattle/Texas/24-008749-003/2024(H5N1)	113	336
HA|PP755589.1|A/cattle/Texas/24-008749-003/2024(H5N1)	114	336
HA|PP755589.1|A/cattle/Texas/24-008749-003/2024(H5N1)	115	339
HA|PP755589.1|A/cattle/Texas/24-008749-003/2024(H5N1)	116	344
HA|PP755589.1|A/cattle/Texas/24-008749-003/2024(H5N1)	117	346
HA|PP755589.1|A/cattle/Texas/24-008749-003/2024(H5N1)	118	346
HA|PP755589.1|A/cattle/Texas/24-008749-003/2024(H5N1)	119	348
HA|PP755589.1|A/cattle/Texas/24-008749-003/2024(H5N1)	120	350
HA|PP755589.1|A/cattle/Texas/24-008749-003/2024(H5N1)	121	351
HA|PP755589.1|A/cattle/Texas/24-008749-003/2024(H5N1)	122	369
HA|PP755589.1|A/cattle/Texas/24-008749-003/2024(H5N1)	123	369
HA|PP755589.1|A/cattle/Texas/24-008749-003/2024(H5N1)	124	373
HA|PP755589.1|A/cattle/Texas/24-008749-003/2024(H5N1)	125	373
HA|PP755589.1|A/cattle/Texas/24-008749-003/2024(H5N1)	126	377
HA|PP755589.1|A/cattle/Texas/24-008749-003/2024(H5N1)	127	378
HA|PP755589.1|A/cattle/Texas/24-008749-003/2024(H5N1)	128	378
HA|PP755589.1|A/cattle/Texas/24-008749-003/2024(H5N1)	129	378
HA|PP755589.1|A/cattle/Texas/24-008749-003/2024(H5N1)	130	378
HA|PP755589.1|A/cattle/Texas/24-008749-003/2024(H5N1)	131	378
HA|PP755589.1|A/cattle/Texas/24-008749-003/2024(H5N1)	132	380
HA|PP755589.1|A/cattle/Texas/24-008749-003/2024(H5N1)	133	386
HA|PP755589.1|A/cattle/Texas/24-008749-003/2024(H5N1)	134	388
HA|PP755589.1|A/cattle/Texas/24-008749-003/2024(H5N1)	135	388
HA|PP755589.1|A/cattle/Texas/24-008749-003/2024(H5N1)	136	389
HA|PP755589.1|A/cattle/Texas/24-008749-003/2024(H5N1)	137	389
HA|PP755589.1|A/cattle/Texas/24-008749-003/2024(H5N1)	138	390
HA|PP755589.1|A/cattle/Texas/24-008749-003/2024(H5N1)	139	391
HA|PP755589.1|A/cattle/Texas/24-008749-003/2024(H5N1)	140	393
HA|PP755589.1|A/cattle/Texas/24-008749-003/2024(H5N1)	141	395
HA|PP755589.1|A/cattle/Texas/24-008749-003/2024(H5N1)	142	394
HA|PP755589.1|A/cattle/Texas/24-008749-003/2024(H5N1)	143	394
HA|PP755589.1|A/cattle/Texas/24-008749-003/2024(H5N1)	144	394
HA|PP755589.1|A/cattle/Texas/24-008749-003/2024(H5N1)	145	395
HA|PP755589.1|A/cattle/Texas/24-008749-003/2024(H5N1)	146	399
HA|PP755589.1|A/cattle/Texas/24-008749-003/2024(H5N1)	147	399
HA|PP755589.1|A/cattle/Texas/24-008749-003/2024(H5N1)	148	400
HA|PP755589.1|A/cattle/Texas/24-008749-003/2024(H5N1)	149	398
HA|PP755589.1|A/cattle/Texas/24-008749-003/2024(H5N1)	150	402
HA|PP755589.1|A/cattle/Texas/24-008749-003/2024(H5N1)	151	403
HA|PP755589.1|A/cattle/Texas/24-008749-003/2024(H5N1)	152	404
HA|PP755589.1|A/cattle/Texas/24-008749-003/2024(H5N1)	153	404
HA|PP755589.1|A/cattle/Texas/24-008749-003/2024(H5N1)	154	405
HA|PP755589.1|A/cattle/Texas/24-008749-003/2024(H5N1)	155	407
HA|PP755589.1|A/cattle/Texas/24-008749-003/2024(H5N1)	156	407
HA|PP755589.1|A/cattle/Texas/24-008749-003/2024(H5N1)	157	412
HA|PP755589.1|A/cattle/Texas/24-008749-003/2024(H5N1)	158	412
HA|PP755589.1|A/cattle/Texas/24-008749-003/2024(H5N1)	159	415
HA|PP755589.1|A/cattle/Texas/24-008749-003/2024(H5N1)	160	417
HA|PP755589.1|A/cattle/Texas/24-008749-003/2024(H5N1)	161	421
HA|PP755589.1|A/cattle/Texas/24-008749-003/2024(H5N1)	162	422
HA|PP755589.1|A/cattle/Texas/24-008749-003/2024(H5N1)	163	422
HA|PP755589.1|A/cattle/Texas/24-008749-003/2024(H5N1)	164	424
HA|PP755589.1|A/cattle/Texas/24-008749-003/2024(H5N1)	165	424
HA|PP755589.1|A/cattle/Texas/24-008749-003/2024(H5N1)	166	426
HA|PP755589.1|A/cattle/Texas/24-008749-003/2024(H5N1)	167	426
HA|PP755589.1|A/cattle/Texas/24-008749-003/2024(H5N1)	168	426
HA|PP755589.1|A/cattle/Texas/24-008749-003/2024(H5N1)	169	426
HA|PP755589.1|A/cattle/Texas/24-008749-003/2024(H5N1)	170	426
HA|PP755589.1|A/cattle/Texas/24-008749-003/2024(H5N1)	171	424
HA|PP755589.1|A/cattle/Texas/24-008749-003/2024(H5N1)	172	424
HA|PP755589.1|A/cattle/Texas/24-008749-003/2024(H5N1)	173	424
HA|PP755589.1|A/cattle/Texas/24-008749-003/2024(H5N1)	174	424
HA|PP755589.1|A/cattle/Texas/24-008749-003/2024(H5N1)	175	437
HA|PP755589.1|A/cattle/Texas/24-008749-003/2024(H5N1)	176	439
HA|PP755589.1|A/cattle/Texas/24-008749-003/2024(H5N1)	177	438
HA|PP755589.1|A/cattle/Texas/24-008749-003/2024(H5N1)	178	473
HA|PP755589.1|A/cattle/Texas/24-008749-003/2024(H5N1)	179	474
HA|PP755589.1|A/cattle/Texas/24-008749-003/2024(H5N1)	180	477
HA|PP755589.1|A/cattle/Texas/24-008749-003/2024(H5N1)	181	478
HA|PP755589.1|A/cattle/Texas/24-008749-003/2024(H5N1)	182	478
HA|PP755589.1|A/cattle/Texas/24-008749-003/2024(H5N1)	183	479
HA|PP755589.1|A/cattle/Texas/24-008749-003/2024(H5N1)	184	477
HA|PP755589.1|A/cattle/Texas/24-008749-003/2024(H5N1)	185	479
HA|PP755589.1|A/cattle/Texas/24-008749-003/2024(H5N1)	186	481
HA|PP755589.1|A/cattle/Texas/24-008749-003/2024(H5N1)	187	482
HA|PP755589.1|A/cattle/Texas/24-008749-003/2024(H5N1)	188	482
HA|PP755589.1|A/cattle/Texas/24-008749-003/2024(H5N1)	189	482
HA|PP755589.1|A/cattle/Texas/24-008749-003/2024(H5N1)	190	490
HA|PP755589.1|A/cattle/Texas/24-008749-003/2024(H5N1)	191	490
HA|PP755589.1|A/cattle/Texas/24-008749-003/2024(H5N1)	192	491
HA|PP755589.1|A/cattle/Texas/24-008749-003/2024(H5N1)	193	493
HA|PP755589.1|A/cattle/Texas/24-008749-003/2024(H5N1)	194	493
HA|PP755589.1|A/cattle/Texas/24-008749-003/2024(H5N1)	195	493
HA|PP755589.1|A/cattle/Texas/24-008749-003/2024(H5N1)	196	494
HA|PP755589.1|A/cattle/Texas/24-008749-003/2024(H5N1)	197	494
HA|PP755589.1|A/cattle/Texas/24-008749-003/2024(H5N1)	198	511
HA|PP755589.1|A/cattle/Texas/24-008749-003/2024(H5N1)	199	517
HA|PP755589.1|A/cattle/Texas/24-008749-003/2024(H5N1)	200	522
HA|PP755589.1|A/cattle/Texas/24-008749-003/2024(H5N1)	201	522
HA|PP755589.1|A/cattle/Texas/24-008749-003/2024(H5N1)	202	522
HA|PP755589.1|A/cattle/Texas/24-008749-003/2024(H5N1)	203	522
HA|PP755589.1|A/cattle/Texas/24-008749-003/2024(H5N1)	204	526
HA|PP755589.1|A/cattle/Texas/24-008749-003/2024(H5N1)	205	528
HA|PP755589.1|A/cattle/Texas/24-008749-003/2024(H5N1)	206	527
HA|PP755589.1|A/cattle/Texas/24-008749-003/2024(H5N1)	207	529
HA|PP755589.1|A/cattle/Texas/24-008749-003/2024(H5N1)	208	529
HA|PP755589.1|A/cattle/Texas/24-008749-003/2024(H5N1)	209	527
HA|PP755589.1|A/cattle/Texas/24-008749-003/2024(H5N1)	210	527
HA|PP755589.1|A/cattle/Texas/24-008749-003/2024(H5N1)	211	527
HA|PP755589.1|A/cattle/Texas/24-008749-003/2024(H5N1)	212	534
HA|PP755589.1|A/cattle/Texas/24-008749-003/2024(H5N1)	213	534
HA|PP755589.1|A/cattle/Texas/24-008749-003/2024(H5N1)	214	541
HA|PP755589.1|A/cattle/Texas/24-008749-003/2024(H5N1)	215	541
HA|PP755589.1|A/cattle/Texas/24-008749-003/2024(H5N1)	216	555
HA|PP755589.1|A/cattle/Texas/24-008749-003/2024(H5N1)	217	559
HA|PP755589.1|A/cattle/Texas/24-008749-003/2024(H5N1)	218	560
HA|PP755589.1|A/cattle/Texas/24-008749-003/2024(H5N1)	219	560
HA|PP755589.1|A/cattle/Texas/24-008749-003/2024(H5N1)	220	562
HA|PP755589.1|A/cattle/Texas/24-008749-003/2024(H5N1)	221	526
HA|PP755589.1|A/cattle/Texas/24-008749-003/2024(H5N1)	222	526
HA|PP755589.1|A/cattle/Texas/24-008749-003/2024(H5N1)	223	522
HA|PP755589.1|A/cattle/Texas/24-008749-003/2024(H5N1)	224	521
HA|PP755589.1|A/cattle/Texas/24-008749-003/2024(H5N1)	225	511
HA|PP755589.1|A/cattle/Texas/24-008749-003/2024(H5N1)	226	510
HA|PP755589.1|A/cattle/Texas/24-008749-003/2024(H5N1)	227	509
HA|PP755589.1|A/cattle/Texas/24-008749-003/2024(H5N1)	228	513
HA|PP755589.1|A/cattle/Texas/24-008749-003/2024(H5N1)	229	511
HA|PP755589.1|A/cattle/Texas/24-008749-003/2024(H5N1)	230	512
HA|PP755589.1|A/cattle/Texas/24-008749-003/2024(H5N1)	231	511
HA|PP755589.1|A/cattle/Texas/24-008749-003/2024(H5N1)	232	513
HA|PP755589.1|A/cattle/Texas/24-008749-003/2024(H5N1)	233	514
HA|PP755589.1|A/cattle/Texas/24-008749-003/2024(H5N1)	234	515
HA|PP755589.1|A/cattle/Texas/24-008749-003/2024(H5N1)	235	515
HA|PP755589.1|A/cattle/Texas/24-008749-003/2024(H5N1)	236	513
HA|PP755589.1|A/cattle/Texas/24-008749-003/2024(H5N1)	237	512
HA|PP755589.1|A/cattle/Texas/24-008749-003/2024(H5N1)	238	512
HA|PP755589.1|A/cattle/Texas/24-008749-003/2024(H5N1)	239	513
HA|PP755589.1|A/cattle/Texas/24-008749-003/2024(H5N1)	240	516
HA|PP755589.1|A/cattle/Texas/24-008749-003/2024(H5N1)	241	514
HA|PP755589.1|A/cattle/Texas/24-008749-003/2024(H5N1)	242	515
HA|PP755589.1|A/cattle/Texas/24-008749-003/2024(H5N1)	243	513
HA|PP755589.1|A/cattle/Texas/24-008749-003/2024(H5N1)	244	513
HA|PP755589.1|A/cattle/Texas/24-008749-003/2024(H5N1)	245	515
HA|PP755589.1|A/cattle/Texas/24-008749-003/2024(H5N1)	246	510
HA|PP755589.1|A/cattle/Texas/24-008749-003/2024(H5N1)	247	511
HA|PP755589.1|A/cattle/Texas/24-008749-003/2024(H5N1)	248	512
HA|PP755589.1|A/cattle/Texas/24-008749-003/2024(H5N1)	249	510
HA|PP755589.1|A/cattle/Texas/24-008749-003/2024(H5N1)	250	509
HA|PP755589.1|A/cattle/Texas/24-008749-003/2024(H5N1)	251	509
HA|PP755589.1|A/cattle/Texas/24-008749-003/2024(H5N1)	252	512
HA|PP755589.1|A/cattle/Texas/24-008749-003/2024(H5N1)	253	513
HA|PP755589.1|A/cattle/Texas/24-008749-003/2024(H5N1)	254	512
HA|PP755589.1|A/cattle/Texas/24-008749-003/2024(H5N1)	255	515
HA|PP755589.1|A/cattle/Texas/24-008749-003/2024(H5N1)	256	515
HA|PP755589.1|A/cattle/Texas/24-008749-003/2024(H5N1)	257	512
HA|PP755589.1|A/cattle/Texas/24-008749-003/2024(H5N1)	258	496
HA|PP755589.1|A/cattle/Texas/24-008749-003/2024(H5N1)	259	496
HA|PP755589.1|A/cattle/Texas/24-008749-003/2024(H5N1)	260	496
HA|PP755589.1|A/cattle/Texas/24-008749-003/2024(H5N1)	261	485
HA|PP755589.1|A/cattle/Texas/24-008749-003/2024(H5N1)	262	484
HA|PP755589.1|A/cattle/Texas/24-008749-003/2024(H5N1)	263	486
HA|PP755589.1|A/cattle/Texas/24-008749-003/2024(H5N1)	264	470
HA|PP755589.1|A/cattle/Texas/24-008749-003/2024(H5N1)	265	477
HA|PP755589.1|A/cattle/Texas/24-008749-003/2024(H5N1)	266	477
HA|PP755589.1|A/cattle/Texas/24-008749-003/2024(H5N1)	267	477
HA|PP755589.1|A/cattle/Texas/24-008749-003/2024(H5N1)	268	472
HA|PP755589.1|A/cattle/Texas/24-008749-003/2024(H5N1)	269	470
HA|PP755589.1|A/cattle/Texas/24-008749-003/2024(H5N1)	270	472
HA|PP755589.1|A/cattle/Texas/24-008749-003/2024(H5N1)	271	480
HA|PP755589.1|A/cattle/Texas/24-008749-003/2024(H5N1)	272	479
HA|PP755589.1|A/cattle/Texas/24-008749-003/2024(H5N1)	273	478
HA|PP755589.1|A/cattle/Texas/24-008749-003/2024(H5N1)	274	473
HA|PP755589.1|A/cattle/Texas/24-008749-003/2024(H5N1)	275	473
HA|PP755589.1|A/cattle/Texas/24-008749-003/2024(H5N1)	276	506
HA|PP755589.1|A/cattle/Texas/24-008749-003/2024(H5N1)	277	512
HA|PP755589.1|A/cattle/Texas/24-008749-003/2024(H5N1)	278	512
HA|PP755589.1|A/cattle/Texas/24-008749-003/2024(H5N1)	279	511
HA|PP755589.1|A/cattle/Texas/24-008749-003/2024(H5N1)	280	511
HA|PP755589.1|A/cattle/Texas/24-008749-003/2024(H5N1)	281	534
HA|PP755589.1|A/cattle/Texas/24-008749-003/2024(H5N1)	282	542
HA|PP755589.1|A/cattle/Texas/24-008749-003/2024(H5N1)	283	548
HA|PP755589.1|A/cattle/Texas/24-008749-003/2024(H5N1)	284	550
HA|PP755589.1|A/cattle/Texas/24-008749-003/2024(H5N1)	285	530
HA|PP755589.1|A/cattle/Texas/24-008749-003/2024(H5N1)	286	537
HA|PP755589.1|A/cattle/Texas/24-008749-003/2024(H5N1)	287	533
HA|PP755589.1|A/cattle/Texas/24-008749-003/2024(H5N1)	288	533
HA|PP755589.1|A/cattle/Texas/24-008749-003/2024(H5N1)	289	535
HA|PP755589.1|A/cattle/Texas/24-008749-003/2024(H5N1)	290	513
HA|PP755589.1|A/cattle/Texas/24-008749-003/2024(H5N1)	291	515
HA|PP755589.1|A/cattle/Texas/24-008749-003/2024(H5N1)	292	514
HA|PP755589.1|A/cattle/Texas/24-008749-003/2024(H5N1)	293	515
HA|PP755589.1|A/cattle/Texas/24-008749-003/2024(H5N1)	294	531
HA|PP755589.1|A/cattle/Texas/24-008749-003/2024(H5N1)	295	531
HA|PP755589.1|A/cattle/Texas/24-008749-003/2024(H5N1)	296	534
HA|PP755589.1|A/cattle/Texas/24-008749-003/2024(H5N1)	297	534
HA|PP755589.1|A/cattle/Texas/24-008749-003/2024(H5N1)	298	558
HA|PP755589.1|A/cattle/Texas/24-008749-003/2024(H5N1)	299	558
HA|PP755589.1|A/cattle/Texas/24-008749-003/2024(H5N1)	300	555
HA|PP755589.1|A/cattle/Texas/24-008749-003/2024(H5N1)	301	556
HA|PP755589.1|A/cattle/Texas/24-008749-003/2024(H5N1)	302	556
HA|PP755589.1|A/cattle/Texas/24-008749-003/2024(H5N1)	303	551
HA|PP755589.1|A/cattle/Texas/24-008749-003/2024(H5N1)	304	557
HA|PP755589.1|A/cattle/Texas/24-008749-003/2024(H5N1)	305	558
HA|PP755589.1|A/cattle/Texas/24-008749-003/2024(H5N1)	306	558
HA|PP755589.1|A/cattle/Texas/24-008749-003/2024(H5N1)	307	557
HA|PP755589.1|A/cattle/Texas/24-008749-003/2024(H5N1)	308	557
HA|PP755589.1|A/cattle/Texas/24-008749-003/2024(H5N1)	309	560
HA|PP755589.1|A/cattle/Texas/24-008749-003/2024(H5N1)	310	561
HA|PP755589.1|A/cattle/Texas/24-008749-003/2024(H5N1)	311	560
HA|PP755589.1|A/cattle/Texas/24-008749-003/2024(H5N1)	312	562
HA|PP755589.1|A/cattle/Texas/24-008749-003/2024(H5N1)	313	558
HA|PP755589.1|A/cattle/Texas/24-008749-003/2024(H5N1)	314	557
HA|PP755589.1|A/cattle/Texas/24-008749-003/2024(H5N1)	315	564
HA|PP755589.1|A/cattle/Texas/24-008749-003/2024(H5N1)	316	562
HA|PP755589.1|A/cattle/Texas/24-008749-003/2024(H5N1)	317	568
HA|PP755589.1|A/cattle/Texas/24-008749-003/2024(H5N1)	318	571
HA|PP755589.1|A/cattle/Texas/24-008749-003/2024(H5N1)	319	578
HA|PP755589.1|A/cattle/Texas/24-008749-003/2024(H5N1)	320	578
HA|PP755589.1|A/cattle/Texas/24-008749-003/2024(H5N1)	321	590
HA|PP755589.1|A/cattle/Texas/24-008749-003/2024(H5N1)	322	591
HA|PP755589.1|A/cattle/Texas/24-008749-003/2024(H5N1)	323	591
HA|PP755589.1|A/cattle/Texas/24-008749-003/2024(H5N1)	324	582
HA|PP755589.1|A/cattle/Texas/24-008749-003/2024(H5N1)	325	582
HA|PP755589.1|A/cattle/Texas/24-008749-003/2024(H5N1)	326	583
HA|PP755589.1|A/cattle/Texas/24-008749-003/2024(H5N1)	327	584
HA|PP755589.1|A/cattle/Texas/24-008749-003/2024(H5N1)	328	573
HA|PP755589.1|A/cattle/Texas/24-008749-003/2024(H5N1)	329	567
HA|PP755589.1|A/cattle/Texas/24-008749-003/2024(H5N1)	330	578
HA|PP755589.1|A/cattle/Texas/24-008749-003/2024(H5N1)	331	586
HA|PP755589.1|A/cattle/Texas/24-008749-003/2024(H5N1)	332	589
HA|PP755589.1|A/cattle/Texas/24-008749-003/2024(H5N1)	333	590
HA|PP755589.1|A/cattle/Texas/24-008749-003/2024(H5N1)	334	590
HA|PP755589.1|A/cattle/Texas/24-008749-003/2024(H5N1)	335	591
HA|PP755589.1|A/cattle/Texas/24-008749-003/2024(H5N1)	336	593
HA|PP755589.1|A/cattle/Texas/24-008749-003/2024(H5N1)	337	595
HA|PP755589.1|A/cattle/Texas/24-008749-003/2024(H5N1)	338	591
HA|PP755589.1|A/cattle/Texas/24-008749-003/2024(H5N1)	339	578
HA|PP755589.1|A/cattle/Texas/24-008749-003/2024(H5N1)	340	574
HA|PP755589.1|A/cattle/Texas/24-008749-003/2024(H5N1)	341	580
HA|PP755589.1|A/cattle/Texas/24-008749-003/2024(H5N1)	342	580
HA|PP755589.1|A/cattle/Texas/24-008749-003/2024(H5N1)	343	581
HA|PP755589.1|A/cattle/Texas/24-008749-003/2024(H5N1)	344	582
HA|PP755589.1|A/cattle/Texas/24-008749-003/2024(H5N1)	345	582
HA|PP755589.1|A/cattle/Texas/24-008749-003/2024(H5N1)	346	590
HA|PP755589.1|A/cattle/Texas/24-008749-003/2024(H5N1)	347	593
HA|PP755589.1|A/cattle/Texas/24-008749-003/2024(H5N1)	348	592
HA|PP755589.1|A/cattle/Texas/24-008749-003/2024(H5N1)	349	598
HA|PP755589.1|A/cattle/Texas/24-008749-003/2024(H5N1)	350	597
HA|PP755589.1|A/cattle/Texas/24-008749-003/2024(H5N1)	351	599
HA|PP755589.1|A/cattle/Texas/24-008749-003/2024(H5N1)	352	600
HA|PP755589.1|A/cattle/Texas/24-008749-003/2024(H5N1)	353	602
HA|PP755589.1|A/cattle/Texas/24-008749-003/2024(H5N1)	354	606
HA|PP755589.1|A/cattle/Texas/24-008749-003/2024(H5N1)	355	602
HA|PP755589.1|A/cattle/Texas/24-008749-003/2024(H5N1)	356	601
HA|PP755589.1|A/cattle/Texas/24-008749-003/2024(H5N1)	357	604
HA|PP755589.1|A/cattle/Texas/24-008749-003/2024(H5N1)	358	605
HA|PP755589.1|A/cattle/Texas/24-008749-003/2024(H5N1)	359	606
HA|PP755589.1|A/cattle/Texas/24-008749-003/2024(H5N1)	360	605
HA|PP755589.1|A/cattle/Texas/24-008749-003/2024(H5N1)	361	607
HA|PP755589.1|A/cattle/Texas/24-008749-003/2024(H5N1)	362	605
HA|PP755589.1|A/cattle/Texas/24-008749-003/2024(H5N1)	363	605
HA|PP755589.1|A/cattle/Texas/24-008749-003/2024(H5N1)	364	600
HA|PP755589.1|A/cattle/Texas/24-008749-003/2024(H5N1)	365	601
HA|PP755589.1|A/cattle/Texas/24-008749-003/2024(H5N1)	366	600
HA|PP755589.1|A/cattle/Texas/24-008749-003/2024(H5N1)	367	600
HA|PP755589.1|A/cattle/Texas/24-008749-003/2024(H5N1)	368	611
HA|PP755589.1|A/cattle/Texas/24-008749-003/2024(H5N1)	369	613
HA|PP755589.1|A/cattle/Texas/24-008749-003/2024(H5N1)	370	611
HA|PP755589.1|A/cattle/Texas/24-008749-003/2024(H5N1)	371	611
HA|PP755589.1|A/cattle/Texas/24-008749-003/2024(H5N1)	372	614
HA|PP755589.1|A/cattle/Texas/24-008749-003/2024(H5N1)	373	604
HA|PP755589.1|A/cattle/Texas/24-008749-003/2024(H5N1)	374	604
HA|PP755589.1|A/cattle/Texas/24-008749-003/2024(H5N1)	375	602
HA|PP755589.1|A/cattle/Texas/24-008749-003/2024(H5N1)	376	602
HA|PP755589.1|A/cattle/Texas/24-008749-003/2024(H5N1)	377	590
HA|PP755589.1|A/cattle/Texas/24-008749-003/2024(H5N1)	378	590
HA|PP755589.1|A/cattle/Texas/24-008749-003/2024(H5N1)	379	594
HA|PP755589.1|A/cattle/Texas/24-008749-003/2024(H5N1)	380	594
HA|PP755589.1|A/cattle/Texas/24-008749-003/2024(H5N1)	381	594
HA|PP755589.1|A/cattle/Texas/24-008749-003/2024(H5N1)	382	595
HA|PP755589.1|A/cattle/Texas/24-008749-003/2024(H5N1)	383	593
HA|PP755589.1|A/cattle/Texas/24-008749-003/2024(H5N1)	384	589
HA|PP755589.1|A/cattle/Texas/24-008749-003/2024(H5N1)	385	589
HA|PP755589.1|A/cattle/Texas/24-008749-003/2024(H5N1)	386	587
HA|PP755589.1|A/cattle/Texas/24-008749-003/2024(H5N1)	387	589
HA|PP755589.1|A/cattle/Texas/24-008749-003/2024(H5N1)	388	591
HA|PP755589.1|A/cattle/Texas/24-008749-003/2024(H5N1)	389	591
HA|PP755589.1|A/cattle/Texas/24-008749-003/2024(H5N1)	390	590
HA|PP755589.1|A/cattle/Texas/24-008749-003/2024(H5N1)	391	590
HA|PP755589.1|A/cattle/Texas/24-008749-003/2024(H5N1)	392	589
HA|PP755589.1|A/cattle/Texas/24-008749-003/2024(H5N1)	393	593
HA|PP755589.1|A/cattle/Texas/24-008749-003/2024(H5N1)	394	595
HA|PP755589.1|A/cattle/Texas/24-008749-003/2024(H5N1)	395	595
HA|PP755589.1|A/cattle/Texas/24-008749-003/2024(H5N1)	396	595
HA|PP755589.1|A/cattle/Texas/24-008749-003/2024(H5N1)	397	594
HA|PP755589.1|A/cattle/Texas/24-008749-003/2024(H5N1)	398	599
HA|PP755589.1|A/cattle/Texas/24-008749-003/2024(H5N1)	399	602
HA|PP755589.1|A/cattle/Texas/24-008749-003/2024(H5N1)	400	603
HA|PP755589.1|A/cattle/Texas/24-008749-003/2024(H5N1)	401	603
HA|PP755589.1|A/cattle/Texas/24-008749-003/2024(H5N1)	402	604
HA|PP755589.1|A/cattle/Texas/24-008749-003/2024(H5N1)	403	604
HA|PP755589.1|A/cattle/Texas/24-008749-003/2024(H5N1)	404	604
HA|PP755589.1|A/cattle/Texas/24-008749-003/2024(H5N1)	405	603
HA|PP755589.1|A/cattle/Texas/24-008749-003/2024(H5N1)	406	602
HA|PP755589.1|A/cattle/Texas/24-008749-003/2024(H5N1)	407	602
HA|PP755589.1|A/cattle/Texas/24-008749-003/2024(H5N1)	408	594
HA|PP755589.1|A/cattle/Texas/24-008749-003/2024(H5N1)	409	595
HA|PP755589.1|A/cattle/Texas/24-008749-003/2024(H5N1)	410	594
HA|PP755589.1|A/cattle/Texas/24-008749-003/2024(H5N1)	411	589
HA|PP755589.1|A/cattle/Texas/24-008749-003/2024(H5N1)	412	590
HA|PP755589.1|A/cattle/Texas/24-008749-003/2024(H5N1)	413	593
HA|PP755589.1|A/cattle/Texas/24-008749-003/2024(H5N1)	414	591
HA|PP755589.1|A/cattle/Texas/24-008749-003/2024(H5N1)	415	589
HA|PP755589.1|A/cattle/Texas/24-008749-003/2024(H5N1)	416	588
HA|PP755589.1|A/cattle/Texas/24-008749-003/2024(H5N1)	417	591
HA|PP755589.1|A/cattle/Texas/24-008749-003/2024(H5N1)	418	597
HA|PP755589.1|A/cattle/Texas/24-008749-003/2024(H5N1)	419	597
HA|PP755589.1|A/cattle/Texas/24-008749-003/2024(H5N1)	420	600
HA|PP755589.1|A/cattle/Texas/24-008749-003/2024(H5N1)	421	596
HA|PP755589.1|A/cattle/Texas/24-008749-003/2024(H5N1)	422	594
HA|PP755589.1|A/cattle/Texas/24-008749-003/2024(H5N1)	423	594
HA|PP755589.1|A/cattle/Texas/24-008749-003/2024(H5N1)	424	578
HA|PP755589.1|A/cattle/Texas/24-008749-003/2024(H5N1)	425	586
HA|PP755589.1|A/cattle/Texas/24-008749-003/2024(H5N1)	426	582
HA|PP755589.1|A/cattle/Texas/24-008749-003/2024(H5N1)	427	585
HA|PP755589.1|A/cattle/Texas/24-008749-003/2024(H5N1)	428	589
HA|PP755589.1|A/cattle/Texas/24-008749-003/2024(H5N1)	429	589
HA|PP755589.1|A/cattle/Texas/24-008749-003/2024(H5N1)	430	592
HA|PP755589.1|A/cattle/Texas/24-008749-003/2024(H5N1)	431	605
HA|PP755589.1|A/cattle/Texas/24-008749-003/2024(H5N1)	432	605
HA|PP755589.1|A/cattle/Texas/24-008749-003/2024(H5N1)	433	607
HA|PP755589.1|A/cattle/Texas/24-008749-003/2024(H5N1)	434	606
HA|PP755589.1|A/cattle/Texas/24-008749-003/2024(H5N1)	435	605
HA|PP755589.1|A/cattle/Texas/24-008749-003/2024(H5N1)	436	606
HA|PP755589.1|A/cattle/Texas/24-008749-003/2024(H5N1)	437	608
HA|PP755589.1|A/cattle/Texas/24-008749-003/2024(H5N1)	438	611
HA|PP755589.1|A/cattle/Texas/24-008749-003/2024(H5N1)	439	613
HA|PP755589.1|A/cattle/Texas/24-008749-003/2024(H5N1)	440	601
HA|PP755589.1|A/cattle/Texas/24-008749-003/2024(H5N1)	441	603
HA|PP755589.1|A/cattle/Texas/24-008749-003/2024(H5N1)	442	602
HA|PP755589.1|A/cattle/Texas/24-008749-003/2024(H5N1)	443	601
HA|PP755589.1|A/cattle/Texas/24-008749-003/2024(H5N1)	444	602
HA|PP755589.1|A/cattle/Texas/24-008749-003/2024(H5N1)	445	601
HA|PP755589.1|A/cattle/Texas/24-008749-003/2024(H5N1)	446	607
HA|PP755589.1|A/cattle/Texas/24-008749-003/2024(H5N1)	447	606
HA|PP755589.1|A/cattle/Texas/24-008749-003/2024(H5N1)	448	606
HA|PP755589.1|A/cattle/Texas/24-008749-003/2024(H5N1)	449	595
HA|PP755589.1|A/cattle/Texas/24-008749-003/2024(H5N1)	450	595
HA|PP755589.1|A/cattle/Texas/24-008749-003/2024(H5N1)	451	597
HA|PP755589.1|A/cattle/Texas/24-008749-003/2024(H5N1)	452	604
HA|PP755589.1|A/cattle/Texas/24-008749-003/2024(H5N1)	453	604
HA|PP755589.1|A/cattle/Texas/24-008749-003/2024(H5N1)	454	604
HA|PP755589.1|A/cattle/Texas/24-008749-003/2024(H5N1)	455	601
HA|PP755589.1|A/cattle/Texas/24-008749-003/2024(H5N1)	456	609
HA|PP755589.1|A/cattle/Texas/24-008749-003/2024(H5N1)	457	610
HA|PP755589.1|A/cattle/Texas/24-008749-003/2024(H5N1)	458	634
HA|PP755589.1|A/cattle/Texas/24-008749-003/2024(H5N1)	459	632
HA|PP755589.1|A/cattle/Texas/24-008749-003/2024(H5N1)	460	630
HA|PP755589.1|A/cattle/Texas/24-008749-003/2024(H5N1)	461	628
HA|PP755589.1|A/cattle/Texas/24-008749-003/2024(H5N1)	462	628
HA|PP755589.1|A/cattle/Texas/24-008749-003/2024(H5N1)	463	631
HA|PP755589.1|A/cattle/Texas/24-008749-003/2024(H5N1)	464	631
HA|PP755589.1|A/cattle/Texas/24-008749-003/2024(H5N1)	465	621
HA|PP755589.1|A/cattle/Texas/24-008749-003/2024(H5N1)	466	621
HA|PP755589.1|A/cattle/Texas/24-008749-003/2024(H5N1)	467	603
HA|PP755589.1|A/cattle/Texas/24-008749-003/2024(H5N1)	468	604
HA|PP755589.1|A/cattle/Texas/24-008749-003/2024(H5N1)	469	603
HA|PP755589.1|A/cattle/Texas/24-008749-003/2024(H5N1)	470	601
HA|PP755589.1|A/cattle/Texas/24-008749-003/2024(H5N1)	471	599
HA|PP755589.1|A/cattle/Texas/24-008749-003/2024(H5N1)	472	604
HA|PP755589.1|A/cattle/Texas/24-008749-003/2024(H5N1)	473	609
HA|PP755589.1|A/cattle/Texas/24-008749-003/2024(H5N1)	474	612
HA|PP755589.1|A/cattle/Texas/24-008749-003/2024(H5N1)	475	609
HA|PP755589.1|A/cattle/Texas/24-008749-003/2024(H5N1)	476	610
HA|PP755589.1|A/cattle/Texas/24-008749-003/2024(H5N1)	477	611
HA|PP755589.1|A/cattle/Texas/24-008749-003/2024(H5N1)	478	609
HA|PP755589.1|A/cattle/Texas/24-008749-003/2024(H5N1)	479	612
HA|PP755589.1|A/cattle/Texas/24-008749-003/2024(H5N1)	480	612
HA|PP755589.1|A/cattle/Texas/24-008749-003/2024(H5N1)	481	611
HA|PP755589.1|A/cattle/Texas/24-008749-003/2024(H5N1)	482	618
HA|PP755589.1|A/cattle/Texas/24-008749-003/2024(H5N1)	483	618
HA|PP755589.1|A/cattle/Texas/24-008749-003/2024(H5N1)	484	624
HA|PP755589.1|A/cattle/Texas/24-008749-003/2024(H5N1)	485	628
HA|PP755589.1|A/cattle/Texas/24-008749-003/2024(H5N1)	486	628
HA|PP755589.1|A/cattle/Texas/24-008749-003/2024(H5N1)	487	629
HA|PP755589.1|A/cattle/Texas/24-008749-003/2024(H5N1)	488	630
HA|PP755589.1|A/cattle/Texas/24-008749-003/2024(H5N1)	489	632
HA|PP755589.1|A/cattle/Texas/24-008749-003/2024(H5N1)	490	633
HA|PP755589.1|A/cattle/Texas/24-008749-003/2024(H5N1)	491	638
HA|PP755589.1|A/cattle/Texas/24-008749-003/2024(H5N1)	492	638
HA|PP755589.1|A/cattle/Texas/24-008749-003/2024(H5N1)	493	637
HA|PP755589.1|A/cattle/Texas/24-008749-003/2024(H5N1)	494	638
HA|PP755589.1|A/cattle/Texas/24-008749-003/2024(H5N1)	495	638
HA|PP755589.1|A/cattle/Texas/24-008749-003/2024(H5N1)	496	638
HA|PP755589.1|A/cattle/Texas/24-008749-003/2024(H5N1)	497	635
HA|PP755589.1|A/cattle/Texas/24-008749-003/2024(H5N1)	498	633
HA|PP755589.1|A/cattle/Texas/24-008749-003/2024(H5N1)	499	636
HA|PP755589.1|A/cattle/Texas/24-008749-003/2024(H5N1)	500	638
HA|PP755589.1|A/cattle/Texas/24-008749-003/2024(H5N1)	501	642
HA|PP755589.1|A/cattle/Texas/24-008749-003/2024(H5N1)	502	649
HA|PP755589.1|A/cattle/Texas/24-008749-003/2024(H5N1)	503	644
HA|PP755589.1|A/cattle/Texas/24-008749-003/2024(H5N1)	504	643
HA|PP755589.1|A/cattle/Texas/24-008749-003/2024(H5N1)	505	643
HA|PP755589.1|A/cattle/Texas/24-008749-003/2024(H5N1)	506	642
HA|PP755589.1|A/cattle/Texas/24-008749-003/2024(H5N1)	507	643
HA|PP755589.1|A/cattle/Texas/24-008749-003/2024(H5N1)	508	641
HA|PP755589.1|A/cattle/Texas/24-008749-003/2024(H5N1)	509	642
HA|PP755589.1|A/cattle/Texas/24-008749-003/2024(H5N1)	510	648
HA|PP755589.1|A/cattle/Texas/24-008749-003/2024(H5N1)	511	648
HA|PP755589.1|A/cattle/Texas/24-008749-003/2024(H5N1)	512	662
HA|PP755589.1|A/cattle/Texas/24-008749-003/2024(H5N1)	513	662
HA|PP755589.1|A/cattle/Texas/24-008749-003/2024(H5N1)	514	660
HA|PP755589.1|A/cattle/Texas/24-008749-003/2024(H5N1)	515	656
HA|PP755589.1|A/cattle/Texas/24-008749-003/2024(H5N1)	516	668
HA|PP755589.1|A/cattle/Texas/24-008749-003/2024(H5N1)	517	668
HA|PP755589.1|A/cattle/Texas/24-008749-003/2024(H5N1)	518	667
HA|PP755589.1|A/cattle/Texas/24-008749-003/2024(H5N1)	519	669
HA|PP755589.1|A/cattle/Texas/24-008749-003/2024(H5N1)	520	668
HA|PP755589.1|A/cattle/Texas/24-008749-003/2024(H5N1)	521	662
HA|PP755589.1|A/cattle/Texas/24-008749-003/2024(H5N1)	522	663
HA|PP755589.1|A/cattle/Texas/24-008749-003/2024(H5N1)	523	664
HA|PP755589.1|A/cattle/Texas/24-008749-003/2024(H5N1)	524	678
HA|PP755589.1|A/cattle/Texas/24-008749-003/2024(H5N1)	525	674
HA|PP755589.1|A/cattle/Texas/24-008749-003/2024(H5N1)	526	677
HA|PP755589.1|A/cattle/Texas/24-008749-003/2024(H5N1)	527	653
HA|PP755589.1|A/cattle/Texas/24-008749-003/2024(H5N1)	528	643
HA|PP755589.1|A/cattle/Texas/24-008749-003/2024(H5N1)	529	641
HA|PP755589.1|A/cattle/Texas/24-008749-003/2024(H5N1)	530	646
HA|PP755589.1|A/cattle/Texas/24-008749-003/2024(H5N1)	531	649
HA|PP755589.1|A/cattle/Texas/24-008749-003/2024(H5N1)	532	636
HA|PP755589.1|A/cattle/Texas/24-008749-003/2024(H5N1)	533	619
HA|PP755589.1|A/cattle/Texas/24-008749-003/2024(H5N1)	534	619
HA|PP755589.1|A/cattle/Texas/24-008749-003/2024(H5N1)	535	629
HA|PP755589.1|A/cattle/Texas/24-008749-003/2024(H5N1)	536	635
HA|PP755589.1|A/cattle/Texas/24-008749-003/2024(H5N1)	537	635
HA|PP755589.1|A/cattle/Texas/24-008749-003/2024(H5N1)	538	635
HA|PP755589.1|A/cattle/Texas/24-008749-003/2024(H5N1)	539	637
HA|PP755589.1|A/cattle/Texas/24-008749-003/2024(H5N1)	540	673
HA|PP755589.1|A/cattle/Texas/24-008749-003/2024(H5N1)	541	674
HA|PP755589.1|A/cattle/Texas/24-008749-003/2024(H5N1)	542	675
HA|PP755589.1|A/cattle/Texas/24-008749-003/2024(H5N1)	543	677
HA|PP755589.1|A/cattle/Texas/24-008749-003/2024(H5N1)	544	671
HA|PP755589.1|A/cattle/Texas/24-008749-003/2024(H5N1)	545	664
HA|PP755589.1|A/cattle/Texas/24-008749-003/2024(H5N1)	546	667
HA|PP755589.1|A/cattle/Texas/24-008749-003/2024(H5N1)	547	667
HA|PP755589.1|A/cattle/Texas/24-008749-003/2024(H5N1)	548	666
HA|PP755589.1|A/cattle/Texas/24-008749-003/2024(H5N1)	549	633
HA|PP755589.1|A/cattle/Texas/24-008749-003/2024(H5N1)	550	631
HA|PP755589.1|A/cattle/Texas/24-008749-003/2024(H5N1)	551	647
HA|PP755589.1|A/cattle/Texas/24-008749-003/2024(H5N1)	552	650
HA|PP755589.1|A/cattle/Texas/24-008749-003/2024(H5N1)	553	648
HA|PP755589.1|A/cattle/Texas/24-008749-003/2024(H5N1)	554	649
HA|PP755589.1|A/cattle/Texas/24-008749-003/2024(H5N1)	555	650
HA|PP755589.1|A/cattle/Texas/24-008749-003/2024(H5N1)	556	650
HA|PP755589.1|A/cattle/Texas/24-008749-003/2024(H5N1)	557	656
HA|PP755589.1|A/cattle/Texas/24-008749-003/2024(H5N1)	558	654
HA|PP755589.1|A/cattle/Texas/24-008749-003/2024(H5N1)	559	660
HA|PP755589.1|A/cattle/Texas/24-008749-003/2024(H5N1)	560	660
HA|PP755589.1|A/cattle/Texas/24-008749-003/2024(H5N1)	561	677
HA|PP755589.1|A/cattle/Texas/24-008749-003/2024(H5N1)	562	682
HA|PP755589.1|A/cattle/Texas/24-008749-003/2024(H5N1)	563	690
HA|PP755589.1|A/cattle/Texas/24-008749-003/2024(H5N1)	564	696
HA|PP755589.1|A/cattle/Texas/24-008749-003/2024(H5N1)	565	701
HA|PP755589.1|A/cattle/Texas/24-008749-003/2024(H5N1)	566	702
HA|PP755589.1|A/cattle/Texas/24-008749-003/2024(H5N1)	567	702
HA|PP755589.1|A/cattle/Texas/24-008749-003/2024(H5N1)	568	700
HA|PP755589.1|A/cattle/Texas/24-008749-003/2024(H5N1)	569	702
HA|PP755589.1|A/cattle/Texas/24-008749-003/2024(H5N1)	570	702
HA|PP755589.1|A/cattle/Texas/24-008749-003/2024(H5N1)	571	727
HA|PP755589.1|A/cattle/Texas/24-008749-003/2024(H5N1)	572	712
HA|PP755589.1|A/cattle/Texas/24-008749-003/2024(H5N1)	573	731
HA|PP755589.1|A/cattle/Texas/24-008749-003/2024(H5N1)	574	730
HA|PP755589.1|A/cattle/Texas/24-008749-003/2024(H5N1)	575	729
HA|PP755589.1|A/cattle/Texas/24-008749-003/2024(H5N1)	576	731
HA|PP755589.1|A/cattle/Texas/24-008749-003/2024(H5N1)	577	730
HA|PP755589.1|A/cattle/Texas/24-008749-003/2024(H5N1)	578	734
HA|PP755589.1|A/cattle/Texas/24-008749-003/2024(H5N1)	579	733
HA|PP755589.1|A/cattle/Texas/24-008749-003/2024(H5N1)	580	714
HA|PP755589.1|A/cattle/Texas/24-008749-003/2024(H5N1)	581	717
HA|PP755589.1|A/cattle/Texas/24-008749-003/2024(H5N1)	582	707
HA|PP755589.1|A/cattle/Texas/24-008749-003/2024(H5N1)	583	708
HA|PP755589.1|A/cattle/Texas/24-008749-003/2024(H5N1)	584	707
HA|PP755589.1|A/cattle/Texas/24-008749-003/2024(H5N1)	585	720
HA|PP755589.1|A/cattle/Texas/24-008749-003/2024(H5N1)	586	721
HA|PP755589.1|A/cattle/Texas/24-008749-003/2024(H5N1)	587	720
HA|PP755589.1|A/cattle/Texas/24-008749-003/2024(H5N1)	588	724
HA|PP755589.1|A/cattle/Texas/24-008749-003/2024(H5N1)	589	726
HA|PP755589.1|A/cattle/Texas/24-008749-003/2024(H5N1)	590	725
HA|PP755589.1|A/cattle/Texas/24-008749-003/2024(H5N1)	591	730
HA|PP755589.1|A/cattle/Texas/24-008749-003/2024(H5N1)	592	730
HA|PP755589.1|A/cattle/Texas/24-008749-003/2024(H5N1)	593	730
HA|PP755589.1|A/cattle/Texas/24-008749-003/2024(H5N1)	594	734
HA|PP755589.1|A/cattle/Texas/24-008749-003/2024(H5N1)	595	731
HA|PP755589.1|A/cattle/Texas/24-008749-003/2024(H5N1)	596	745
HA|PP755589.1|A/cattle/Texas/24-008749-003/2024(H5N1)	597	728
HA|PP755589.1|A/cattle/Texas/24-008749-003/2024(H5N1)	598	733
HA|PP755589.1|A/cattle/Texas/24-008749-003/2024(H5N1)	599	733
HA|PP755589.1|A/cattle/Texas/24-008749-003/2024(H5N1)	600	729
HA|PP755589.1|A/cattle/Texas/24-008749-003/2024(H5N1)	601	731
HA|PP755589.1|A/cattle/Texas/24-008749-003/2024(H5N1)	602	734
HA|PP755589.1|A/cattle/Texas/24-008749-003/2024(H5N1)	603	733
HA|PP755589.1|A/cattle/Texas/24-008749-003/2024(H5N1)	604	735
HA|PP755589.1|A/cattle/Texas/24-008749-003/2024(H5N1)	605	733
HA|PP755589.1|A/cattle/Texas/24-008749-003/2024(H5N1)	606	731
HA|PP755589.1|A/cattle/Texas/24-008749-003/2024(H5N1)	607	730
HA|PP755589.1|A/cattle/Texas/24-008749-003/2024(H5N1)	608	729
HA|PP755589.1|A/cattle/Texas/24-008749-003/2024(H5N1)	609	731
HA|PP755589.1|A/cattle/Texas/24-008749-003/2024(H5N1)	610	736
HA|PP755589.1|A/cattle/Texas/24-008749-003/2024(H5N1)	611	735
HA|PP755589.1|A/cattle/Texas/24-008749-003/2024(H5N1)	612	733
HA|PP755589.1|A/cattle/Texas/24-008749-003/2024(H5N1)	613	741
HA|PP755589.1|A/cattle/Texas/24-008749-003/2024(H5N1)	614	750
HA|PP755589.1|A/cattle/Texas/24-008749-003/2024(H5N1)	615	759
HA|PP755589.1|A/cattle/Texas/24-008749-003/2024(H5N1)	616	761
HA|PP755589.1|A/cattle/Texas/24-008749-003/2024(H5N1)	617	757
HA|PP755589.1|A/cattle/Texas/24-008749-003/2024(H5N1)	618	755
HA|PP755589.1|A/cattle/Texas/24-008749-003/2024(H5N1)	619	755
HA|PP755589.1|A/cattle/Texas/24-008749-003/2024(H5N1)	620	762
HA|PP755589.1|A/cattle/Texas/24-008749-003/2024(H5N1)	621	762
HA|PP755589.1|A/cattle/Texas/24-008749-003/2024(H5N1)	622	760
HA|PP755589.1|A/cattle/Texas/24-008749-003/2024(H5N1)	623	758
HA|PP755589.1|A/cattle/Texas/24-008749-003/2024(H5N1)	624	753
HA|PP755589.1|A/cattle/Texas/24-008749-003/2024(H5N1)	625	760
HA|PP755589.1|A/cattle/Texas/24-008749-003/2024(H5N1)	626	760
HA|PP755589.1|A/cattle/Texas/24-008749-003/2024(H5N1)	627	760
HA|PP755589.1|A/cattle/Texas/24-008749-003/2024(H5N1)	628	756
HA|PP755589.1|A/cattle/Texas/24-008749-003/2024(H5N1)	629	755
HA|PP755589.1|A/cattle/Texas/24-008749-003/2024(H5N1)	630	753
HA|PP755589.1|A/cattle/Texas/24-008749-003/2024(H5N1)	631	758
HA|PP755589.1|A/cattle/Texas/24-008749-003/2024(H5N1)	632	760
HA|PP755589.1|A/cattle/Texas/24-008749-003/2024(H5N1)	633	765
HA|PP755589.1|A/cattle/Texas/24-008749-003/2024(H5N1)	634	765
HA|PP755589.1|A/cattle/Texas/24-008749-003/2024(H5N1)	635	773
HA|PP755589.1|A/cattle/Texas/24-008749-003/2024(H5N1)	636	777
HA|PP755589.1|A/cattle/Texas/24-008749-003/2024(H5N1)	637	778
HA|PP755589.1|A/cattle/Texas/24-008749-003/2024(H5N1)	638	789
HA|PP755589.1|A/cattle/Texas/24-008749-003/2024(H5N1)	639	791
HA|PP755589.1|A/cattle/Texas/24-008749-003/2024(H5N1)	640	791
HA|PP755589.1|A/cattle/Texas/24-008749-003/2024(H5N1)	641	792
HA|PP755589.1|A/cattle/Texas/24-008749-003/2024(H5N1)	642	791
HA|PP755589.1|A/cattle/Texas/24-008749-003/2024(H5N1)	643	791
HA|PP755589.1|A/cattle/Texas/24-008749-003/2024(H5N1)	644	791
HA|PP755589.1|A/cattle/Texas/24-008749-003/2024(H5N1)	645	785
HA|PP755589.1|A/cattle/Texas/24-008749-003/2024(H5N1)	646	787
HA|PP755589.1|A/cattle/Texas/24-008749-003/2024(H5N1)	647	799
HA|PP755589.1|A/cattle/Texas/24-008749-003/2024(H5N1)	648	798
HA|PP755589.1|A/cattle/Texas/24-008749-003/2024(H5N1)	649	795
HA|PP755589.1|A/cattle/Texas/24-008749-003/2024(H5N1)	650	796
HA|PP755589.1|A/cattle/Texas/24-008749-003/2024(H5N1)	651	797
HA|PP755589.1|A/cattle/Texas/24-008749-003/2024(H5N1)	652	798
HA|PP755589.1|A/cattle/Texas/24-008749-003/2024(H5N1)	653	797
HA|PP755589.1|A/cattle/Texas/24-008749-003/2024(H5N1)	654	801
HA|PP755589.1|A/cattle/Texas/24-008749-003/2024(H5N1)	655	798
HA|PP755589.1|A/cattle/Texas/24-008749-003/2024(H5N1)	656	799
HA|PP755589.1|A/cattle/Texas/24-008749-003/2024(H5N1)	657	798
HA|PP755589.1|A/cattle/Texas/24-008749-003/2024(H5N1)	658	809
HA|PP755589.1|A/cattle/Texas/24-008749-003/2024(H5N1)	659	813
HA|PP755589.1|A/cattle/Texas/24-008749-003/2024(H5N1)	660	812
HA|PP755589.1|A/cattle/Texas/24-008749-003/2024(H5N1)	661	820
HA|PP755589.1|A/cattle/Texas/24-008749-003/2024(H5N1)	662	821
HA|PP755589.1|A/cattle/Texas/24-008749-003/2024(H5N1)	663	821
HA|PP755589.1|A/cattle/Texas/24-008749-003/2024(H5N1)	664	823
HA|PP755589.1|A/cattle/Texas/24-008749-003/2024(H5N1)	665	823
HA|PP755589.1|A/cattle/Texas/24-008749-003/2024(H5N1)	666	828
HA|PP755589.1|A/cattle/Texas/24-008749-003/2024(H5N1)	667	824
HA|PP755589.1|A/cattle/Texas/24-008749-003/2024(H5N1)	668	817
HA|PP755589.1|A/cattle/Texas/24-008749-003/2024(H5N1)	669	813
HA|PP755589.1|A/cattle/Texas/24-008749-003/2024(H5N1)	670	817
HA|PP755589.1|A/cattle/Texas/24-008749-003/2024(H5N1)	671	820
HA|PP755589.1|A/cattle/Texas/24-008749-003/2024(H5N1)	672	820
HA|PP755589.1|A/cattle/Texas/24-008749-003/2024(H5N1)	673	820
HA|PP755589.1|A/cattle/Texas/24-008749-003/2024(H5N1)	674	825
HA|PP755589.1|A/cattle/Texas/24-008749-003/2024(H5N1)	675	825
HA|PP755589.1|A/cattle/Texas/24-008749-003/2024(H5N1)	676	823
HA|PP755589.1|A/cattle/Texas/24-008749-003/2024(H5N1)	677	827
HA|PP755589.1|A/cattle/Texas/24-008749-003/2024(H5N1)	678	828
HA|PP755589.1|A/cattle/Texas/24-008749-003/2024(H5N1)	679	839
HA|PP755589.1|A/cattle/Texas/24-008749-003/2024(H5N1)	680	838
HA|PP755589.1|A/cattle/Texas/24-008749-003/2024(H5N1)	681	840
HA|PP755589.1|A/cattle/Texas/24-008749-003/2024(H5N1)	682	835
HA|PP755589.1|A/cattle/Texas/24-008749-003/2024(H5N1)	683	835
HA|PP755589.1|A/cattle/Texas/24-008749-003/2024(H5N1)	684	849
HA|PP755589.1|A/cattle/Texas/24-008749-003/2024(H5N1)	685	852
HA|PP755589.1|A/cattle/Texas/24-008749-003/2024(H5N1)	686	854
HA|PP755589.1|A/cattle/Texas/24-008749-003/2024(H5N1)	687	851
HA|PP755589.1|A/cattle/Texas/24-008749-003/2024(H5N1)	688	849
HA|PP755589.1|A/cattle/Texas/24-008749-003/2024(H5N1)	689	852
HA|PP755589.1|A/cattle/Texas/24-008749-003/2024(H5N1)	690	852
HA|PP755589.1|A/cattle/Texas/24-008749-003/2024(H5N1)	691	858
HA|PP755589.1|A/cattle/Texas/24-008749-003/2024(H5N1)	692	868
HA|PP755589.1|A/cattle/Texas/24-008749-003/2024(H5N1)	693	868
HA|PP755589.1|A/cattle/Texas/24-008749-003/2024(H5N1)	694	867
HA|PP755589.1|A/cattle/Texas/24-008749-003/2024(H5N1)	695	866
HA|PP755589.1|A/cattle/Texas/24-008749-003/2024(H5N1)	696	864
HA|PP755589.1|A/cattle/Texas/24-008749-003/2024(H5N1)	697	864
HA|PP755589.1|A/cattle/Texas/24-008749-003/2024(H5N1)	698	864
HA|PP755589.1|A/cattle/Texas/24-008749-003/2024(H5N1)	699	881
HA|PP755589.1|A/cattle/Texas/24-008749-003/2024(H5N1)	700	882
HA|PP755589.1|A/cattle/Texas/24-008749-003/2024(H5N1)	701	886
HA|PP755589.1|A/cattle/Texas/24-008749-003/2024(H5N1)	702	884
HA|PP755589.1|A/cattle/Texas/24-008749-003/2024(H5N1)	703	881
HA|PP755589.1|A/cattle/Texas/24-008749-003/2024(H5N1)	704	883
HA|PP755589.1|A/cattle/Texas/24-008749-003/2024(H5N1)	705	879
HA|PP755589.1|A/cattle/Texas/24-008749-003/2024(H5N1)	706	881
HA|PP755589.1|A/cattle/Texas/24-008749-003/2024(H5N1)	707	878
HA|PP755589.1|A/cattle/Texas/24-008749-003/2024(H5N1)	708	862
HA|PP755589.1|A/cattle/Texas/24-008749-003/2024(H5N1)	709	850
HA|PP755589.1|A/cattle/Texas/24-008749-003/2024(H5N1)	710	847
HA|PP755589.1|A/cattle/Texas/24-008749-003/2024(H5N1)	711	848
HA|PP755589.1|A/cattle/Texas/24-008749-003/2024(H5N1)	712	880
HA|PP755589.1|A/cattle/Texas/24-008749-003/2024(H5N1)	713	879
HA|PP755589.1|A/cattle/Texas/24-008749-003/2024(H5N1)	714	886
HA|PP755589.1|A/cattle/Texas/24-008749-003/2024(H5N1)	715	885
HA|PP755589.1|A/cattle/Texas/24-008749-003/2024(H5N1)	716	892
HA|PP755589.1|A/cattle/Texas/24-008749-003/2024(H5N1)	717	896
HA|PP755589.1|A/cattle/Texas/24-008749-003/2024(H5N1)	718	896
HA|PP755589.1|A/cattle/Texas/24-008749-003/2024(H5N1)	719	897
HA|PP755589.1|A/cattle/Texas/24-008749-003/2024(H5N1)	720	896
HA|PP755589.1|A/cattle/Texas/24-008749-003/2024(H5N1)	721	896
HA|PP755589.1|A/cattle/Texas/24-008749-003/2024(H5N1)	722	901
HA|PP755589.1|A/cattle/Texas/24-008749-003/2024(H5N1)	723	890
HA|PP755589.1|A/cattle/Texas/24-008749-003/2024(H5N1)	724	887
HA|PP755589.1|A/cattle/Texas/24-008749-003/2024(H5N1)	725	885
HA|PP755589.1|A/cattle/Texas/24-008749-003/2024(H5N1)	726	887
HA|PP755589.1|A/cattle/Texas/24-008749-003/2024(H5N1)	727	894
HA|PP755589.1|A/cattle/Texas/24-008749-003/2024(H5N1)	728	894
HA|PP755589.1|A/cattle/Texas/24-008749-003/2024(H5N1)	729	892
HA|PP755589.1|A/cattle/Texas/24-008749-003/2024(H5N1)	730	891
HA|PP755589.1|A/cattle/Texas/24-008749-003/2024(H5N1)	731	887
HA|PP755589.1|A/cattle/Texas/24-008749-003/2024(H5N1)	732	904
HA|PP755589.1|A/cattle/Texas/24-008749-003/2024(H5N1)	733	900
HA|PP755589.1|A/cattle/Texas/24-008749-003/2024(H5N1)	734	905
HA|PP755589.1|A/cattle/Texas/24-008749-003/2024(H5N1)	735	901
HA|PP755589.1|A/cattle/Texas/24-008749-003/2024(H5N1)	736	899
HA|PP755589.1|A/cattle/Texas/24-008749-003/2024(H5N1)	737	899
HA|PP755589.1|A/cattle/Texas/24-008749-003/2024(H5N1)	738	899
HA|PP755589.1|A/cattle/Texas/24-008749-003/2024(H5N1)	739	898
HA|PP755589.1|A/cattle/Texas/24-008749-003/2024(H5N1)	740	896
HA|PP755589.1|A/cattle/Texas/24-008749-003/2024(H5N1)	741	880
HA|PP755589.1|A/cattle/Texas/24-008749-003/2024(H5N1)	742	903
HA|PP755589.1|A/cattle/Texas/24-008749-003/2024(H5N1)	743	915
HA|PP755589.1|A/cattle/Texas/24-008749-003/2024(H5N1)	744	923
HA|PP755589.1|A/cattle/Texas/24-008749-003/2024(H5N1)	745	923
HA|PP755589.1|A/cattle/Texas/24-008749-003/2024(H5N1)	746	922
HA|PP755589.1|A/cattle/Texas/24-008749-003/2024(H5N1)	747	923
HA|PP755589.1|A/cattle/Texas/24-008749-003/2024(H5N1)	748	923
HA|PP755589.1|A/cattle/Texas/24-008749-003/2024(H5N1)	749	922
HA|PP755589.1|A/cattle/Texas/24-008749-003/2024(H5N1)	750	919
HA|PP755589.1|A/cattle/Texas/24-008749-003/2024(H5N1)	751	919
HA|PP755589.1|A/cattle/Texas/24-008749-003/2024(H5N1)	752	907
HA|PP755589.1|A/cattle/Texas/24-008749-003/2024(H5N1)	753	904
HA|PP755589.1|A/cattle/Texas/24-008749-003/2024(H5N1)	754	904
HA|PP755589.1|A/cattle/Texas/24-008749-003/2024(H5N1)	755	913
HA|PP755589.1|A/cattle/Texas/24-008749-003/2024(H5N1)	756	913
HA|PP755589.1|A/cattle/Texas/24-008749-003/2024(H5N1)	757	915
HA|PP755589.1|A/cattle/Texas/24-008749-003/2024(H5N1)	758	925
HA|PP755589.1|A/cattle/Texas/24-008749-003/2024(H5N1)	759	928
HA|PP755589.1|A/cattle/Texas/24-008749-003/2024(H5N1)	760	926
HA|PP755589.1|A/cattle/Texas/24-008749-003/2024(H5N1)	761	929
HA|PP755589.1|A/cattle/Texas/24-008749-003/2024(H5N1)	762	924
HA|PP755589.1|A/cattle/Texas/24-008749-003/2024(H5N1)	763	912
HA|PP755589.1|A/cattle/Texas/24-008749-003/2024(H5N1)	764	912
HA|PP755589.1|A/cattle/Texas/24-008749-003/2024(H5N1)	765	921
HA|PP755589.1|A/cattle/Texas/24-008749-003/2024(H5N1)	766	917
HA|PP755589.1|A/cattle/Texas/24-008749-003/2024(H5N1)	767	908
HA|PP755589.1|A/cattle/Texas/24-008749-003/2024(H5N1)	768	915
HA|PP755589.1|A/cattle/Texas/24-008749-003/2024(H5N1)	769	914
HA|PP755589.1|A/cattle/Texas/24-008749-003/2024(H5N1)	770	912
HA|PP755589.1|A/cattle/Texas/24-008749-003/2024(H5N1)	771	908
HA|PP755589.1|A/cattle/Texas/24-008749-003/2024(H5N1)	772	908
HA|PP755589.1|A/cattle/Texas/24-008749-003/2024(H5N1)	773	905
HA|PP755589.1|A/cattle/Texas/24-008749-003/2024(H5N1)	774	906
HA|PP755589.1|A/cattle/Texas/24-008749-003/2024(H5N1)	775	895
HA|PP755589.1|A/cattle/Texas/24-008749-003/2024(H5N1)	776	899
HA|PP755589.1|A/cattle/Texas/24-008749-003/2024(H5N1)	777	893
HA|PP755589.1|A/cattle/Texas/24-008749-003/2024(H5N1)	778	893
HA|PP755589.1|A/cattle/Texas/24-008749-003/2024(H5N1)	779	894
HA|PP755589.1|A/cattle/Texas/24-008749-003/2024(H5N1)	780	895
HA|PP755589.1|A/cattle/Texas/24-008749-003/2024(H5N1)	781	890
HA|PP755589.1|A/cattle/Texas/24-008749-003/2024(H5N1)	782	890
HA|PP755589.1|A/cattle/Texas/24-008749-003/2024(H5N1)	783	888
HA|PP755589.1|A/cattle/Texas/24-008749-003/2024(H5N1)	784	889
HA|PP755589.1|A/cattle/Texas/24-008749-003/2024(H5N1)	785	878
HA|PP755589.1|A/cattle/Texas/24-008749-003/2024(H5N1)	786	875
HA|PP755589.1|A/cattle/Texas/24-008749-003/2024(H5N1)	787	872
HA|PP755589.1|A/cattle/Texas/24-008749-003/2024(H5N1)	788	868
HA|PP755589.1|A/cattle/Texas/24-008749-003/2024(H5N1)	789	868
HA|PP755589.1|A/cattle/Texas/24-008749-003/2024(H5N1)	790	866
HA|PP755589.1|A/cattle/Texas/24-008749-003/2024(H5N1)	791	845
HA|PP755589.1|A/cattle/Texas/24-008749-003/2024(H5N1)	792	842
HA|PP755589.1|A/cattle/Texas/24-008749-003/2024(H5N1)	793	874
HA|PP755589.1|A/cattle/Texas/24-008749-003/2024(H5N1)	794	876
HA|PP755589.1|A/cattle/Texas/24-008749-003/2024(H5N1)	795	876
HA|PP755589.1|A/cattle/Texas/24-008749-003/2024(H5N1)	796	879
HA|PP755589.1|A/cattle/Texas/24-008749-003/2024(H5N1)	797	879
HA|PP755589.1|A/cattle/Texas/24-008749-003/2024(H5N1)	798	880
HA|PP755589.1|A/cattle/Texas/24-008749-003/2024(H5N1)	799	886
HA|PP755589.1|A/cattle/Texas/24-008749-003/2024(H5N1)	800	889
HA|PP755589.1|A/cattle/Texas/24-008749-003/2024(H5N1)	801	891
HA|PP755589.1|A/cattle/Texas/24-008749-003/2024(H5N1)	802	871
HA|PP755589.1|A/cattle/Texas/24-008749-003/2024(H5N1)	803	861
HA|PP755589.1|A/cattle/Texas/24-008749-003/2024(H5N1)	804	861
HA|PP755589.1|A/cattle/Texas/24-008749-003/2024(H5N1)	805	856
HA|PP755589.1|A/cattle/Texas/24-008749-003/2024(H5N1)	806	855
HA|PP755589.1|A/cattle/Texas/24-008749-003/2024(H5N1)	807	855
HA|PP755589.1|A/cattle/Texas/24-008749-003/2024(H5N1)	808	850
HA|PP755589.1|A/cattle/Texas/24-008749-003/2024(H5N1)	809	856
HA|PP755589.1|A/cattle/Texas/24-008749-003/2024(H5N1)	810	850
HA|PP755589.1|A/cattle/Texas/24-008749-003/2024(H5N1)	811	846
HA|PP755589.1|A/cattle/Texas/24-008749-003/2024(H5N1)	812	834
HA|PP755589.1|A/cattle/Texas/24-008749-003/2024(H5N1)	813	828
HA|PP755589.1|A/cattle/Texas/24-008749-003/2024(H5N1)	814	820
HA|PP755589.1|A/cattle/Texas/24-008749-003/2024(H5N1)	815	808
HA|PP755589.1|A/cattle/Texas/24-008749-003/2024(H5N1)	816	856
HA|PP755589.1|A/cattle/Texas/24-008749-003/2024(H5N1)	817	858
HA|PP755589.1|A/cattle/Texas/24-008749-003/2024(H5N1)	818	861
HA|PP755589.1|A/cattle/Texas/24-008749-003/2024(H5N1)	819	856
HA|PP755589.1|A/cattle/Texas/24-008749-003/2024(H5N1)	820	864
HA|PP755589.1|A/cattle/Texas/24-008749-003/2024(H5N1)	821	861
HA|PP755589.1|A/cattle/Texas/24-008749-003/2024(H5N1)	822	851
HA|PP755589.1|A/cattle/Texas/24-008749-003/2024(H5N1)	823	858
HA|PP755589.1|A/cattle/Texas/24-008749-003/2024(H5N1)	824	850
HA|PP755589.1|A/cattle/Texas/24-008749-003/2024(H5N1)	825	850
HA|PP755589.1|A/cattle/Texas/24-008749-003/2024(H5N1)	826	848
HA|PP755589.1|A/cattle/Texas/24-008749-003/2024(H5N1)	827	850
HA|PP755589.1|A/cattle/Texas/24-008749-003/2024(H5N1)	828	850
HA|PP755589.1|A/cattle/Texas/24-008749-003/2024(H5N1)	829	849
HA|PP755589.1|A/cattle/Texas/24-008749-003/2024(H5N1)	830	848
HA|PP755589.1|A/cattle/Texas/24-008749-003/2024(H5N1)	831	850
HA|PP755589.1|A/cattle/Texas/24-008749-003/2024(H5N1)	832	848
HA|PP755589.1|A/cattle/Texas/24-008749-003/2024(H5N1)	833	850
HA|PP755589.1|A/cattle/Texas/24-008749-003/2024(H5N1)	834	852
HA|PP755589.1|A/cattle/Texas/24-008749-003/2024(H5N1)	835	860
HA|PP755589.1|A/cattle/Texas/24-008749-003/2024(H5N1)	836	848
HA|PP755589.1|A/cattle/Texas/24-008749-003/2024(H5N1)	837	846
HA|PP755589.1|A/cattle/Texas/24-008749-003/2024(H5N1)	838	848
HA|PP755589.1|A/cattle/Texas/24-008749-003/2024(H5N1)	839	844
HA|PP755589.1|A/cattle/Texas/24-008749-003/2024(H5N1)	840	841
HA|PP755589.1|A/cattle/Texas/24-008749-003/2024(H5N1)	841	842
HA|PP755589.1|A/cattle/Texas/24-008749-003/2024(H5N1)	842	830
HA|PP755589.1|A/cattle/Texas/24-008749-003/2024(H5N1)	843	835
HA|PP755589.1|A/cattle/Texas/24-008749-003/2024(H5N1)	844	838
HA|PP755589.1|A/cattle/Texas/24-008749-003/2024(H5N1)	845	832
HA|PP755589.1|A/cattle/Texas/24-008749-003/2024(H5N1)	846	832
HA|PP755589.1|A/cattle/Texas/24-008749-003/2024(H5N1)	847	816
HA|PP755589.1|A/cattle/Texas/24-008749-003/2024(H5N1)	848	821
HA|PP755589.1|A/cattle/Texas/24-008749-003/2024(H5N1)	849	820
HA|PP755589.1|A/cattle/Texas/24-008749-003/2024(H5N1)	850	822
HA|PP755589.1|A/cattle/Texas/24-008749-003/2024(H5N1)	851	824
HA|PP755589.1|A/cattle/Texas/24-008749-003/2024(H5N1)	852	818
HA|PP755589.1|A/cattle/Texas/24-008749-003/2024(H5N1)	853	820
HA|PP755589.1|A/cattle/Texas/24-008749-003/2024(H5N1)	854	821
HA|PP755589.1|A/cattle/Texas/24-008749-003/2024(H5N1)	855	820
HA|PP755589.1|A/cattle/Texas/24-008749-003/2024(H5N1)	856	843
HA|PP755589.1|A/cattle/Texas/24-008749-003/2024(H5N1)	857	851
HA|PP755589.1|A/cattle/Texas/24-008749-003/2024(H5N1)	858	854
HA|PP755589.1|A/cattle/Texas/24-008749-003/2024(H5N1)	859	853
HA|PP755589.1|A/cattle/Texas/24-008749-003/2024(H5N1)	860	845
HA|PP755589.1|A/cattle/Texas/24-008749-003/2024(H5N1)	861	854
HA|PP755589.1|A/cattle/Texas/24-008749-003/2024(H5N1)	862	855
HA|PP755589.1|A/cattle/Texas/24-008749-003/2024(H5N1)	863	855
HA|PP755589.1|A/cattle/Texas/24-008749-003/2024(H5N1)	864	847
HA|PP755589.1|A/cattle/Texas/24-008749-003/2024(H5N1)	865	831
HA|PP755589.1|A/cattle/Texas/24-008749-003/2024(H5N1)	866	829
HA|PP755589.1|A/cattle/Texas/24-008749-003/2024(H5N1)	867	833
HA|PP755589.1|A/cattle/Texas/24-008749-003/2024(H5N1)	868	837
HA|PP755589.1|A/cattle/Texas/24-008749-003/2024(H5N1)	869	844
HA|PP755589.1|A/cattle/Texas/24-008749-003/2024(H5N1)	870	843
HA|PP755589.1|A/cattle/Texas/24-008749-003/2024(H5N1)	871	843
HA|PP755589.1|A/cattle/Texas/24-008749-003/2024(H5N1)	872	843
HA|PP755589.1|A/cattle/Texas/24-008749-003/2024(H5N1)	873	857
HA|PP755589.1|A/cattle/Texas/24-008749-003/2024(H5N1)	874	856
HA|PP755589.1|A/cattle/Texas/24-008749-003/2024(H5N1)	875	857
HA|PP755589.1|A/cattle/Texas/24-008749-003/2024(H5N1)	876	846
HA|PP755589.1|A/cattle/Texas/24-008749-003/2024(H5N1)	877	846
HA|PP755589.1|A/cattle/Texas/24-008749-003/2024(H5N1)	878	848
HA|PP755589.1|A/cattle/Texas/24-008749-003/2024(H5N1)	879	848
HA|PP755589.1|A/cattle/Texas/24-008749-003/2024(H5N1)	880	850
HA|PP755589.1|A/cattle/Texas/24-008749-003/2024(H5N1)	881	850
HA|PP755589.1|A/cattle/Texas/24-008749-003/2024(H5N1)	882	847
HA|PP755589.1|A/cattle/Texas/24-008749-003/2024(H5N1)	883	839
HA|PP755589.1|A/cattle/Texas/24-008749-003/2024(H5N1)	884	838
HA|PP755589.1|A/cattle/Texas/24-008749-003/2024(H5N1)	885	840
HA|PP755589.1|A/cattle/Texas/24-008749-003/2024(H5N1)	886	839
HA|PP755589.1|A/cattle/Texas/24-008749-003/2024(H5N1)	887	840
HA|PP755589.1|A/cattle/Texas/24-008749-003/2024(H5N1)	888	834
HA|PP755589.1|A/cattle/Texas/24-008749-003/2024(H5N1)	889	837
HA|PP755589.1|A/cattle/Texas/24-008749-003/2024(H5N1)	890	835
HA|PP755589.1|A/cattle/Texas/24-008749-003/2024(H5N1)	891	834
HA|PP755589.1|A/cattle/Texas/24-008749-003/2024(H5N1)	892	833
HA|PP755589.1|A/cattle/Texas/24-008749-003/2024(H5N1)	893	836
HA|PP755589.1|A/cattle/Texas/24-008749-003/2024(H5N1)	894	836
HA|PP755589.1|A/cattle/Texas/24-008749-003/2024(H5N1)	895	833
HA|PP755589.1|A/cattle/Texas/24-008749-003/2024(H5N1)	896	829
HA|PP755589.1|A/cattle/Texas/24-008749-003/2024(H5N1)	897	822
HA|PP755589.1|A/cattle/Texas/24-008749-003/2024(H5N1)	898	822
HA|PP755589.1|A/cattle/Texas/24-008749-003/2024(H5N1)	899	820
HA|PP755589.1|A/cattle/Texas/24-008749-003/2024(H5N1)	900	820
HA|PP755589.1|A/cattle/Texas/24-008749-003/2024(H5N1)	901	818
HA|PP755589.1|A/cattle/Texas/24-008749-003/2024(H5N1)	902	818
HA|PP755589.1|A/cattle/Texas/24-008749-003/2024(H5N1)	903	826
HA|PP755589.1|A/cattle/Texas/24-008749-003/2024(H5N1)	904	825
HA|PP755589.1|A/cattle/Texas/24-008749-003/2024(H5N1)	905	822
HA|PP755589.1|A/cattle/Texas/24-008749-003/2024(H5N1)	906	822
HA|PP755589.1|A/cattle/Texas/24-008749-003/2024(H5N1)	907	821
HA|PP755589.1|A/cattle/Texas/24-008749-003/2024(H5N1)	908	814
HA|PP755589.1|A/cattle/Texas/24-008749-003/2024(H5N1)	909	806
HA|PP755589.1|A/cattle/Texas/24-008749-003/2024(H5N1)	910	804
HA|PP755589.1|A/cattle/Texas/24-008749-003/2024(H5N1)	911	805
HA|PP755589.1|A/cattle/Texas/24-008749-003/2024(H5N1)	912	797
HA|PP755589.1|A/cattle/Texas/24-008749-003/2024(H5N1)	913	796
HA|PP755589.1|A/cattle/Texas/24-008749-003/2024(H5N1)	914	793
HA|PP755589.1|A/cattle/Texas/24-008749-003/2024(H5N1)	915	786
HA|PP755589.1|A/cattle/Texas/24-008749-003/2024(H5N1)	916	792
HA|PP755589.1|A/cattle/Texas/24-008749-003/2024(H5N1)	917	788
HA|PP755589.1|A/cattle/Texas/24-008749-003/2024(H5N1)	918	789
HA|PP755589.1|A/cattle/Texas/24-008749-003/2024(H5N1)	919	790
HA|PP755589.1|A/cattle/Texas/24-008749-003/2024(H5N1)	920	789
HA|PP755589.1|A/cattle/Texas/24-008749-003/2024(H5N1)	921	792
HA|PP755589.1|A/cattle/Texas/24-008749-003/2024(H5N1)	922	792
HA|PP755589.1|A/cattle/Texas/24-008749-003/2024(H5N1)	923	797
HA|PP755589.1|A/cattle/Texas/24-008749-003/2024(H5N1)	924	799
HA|PP755589.1|A/cattle/Texas/24-008749-003/2024(H5N1)	925	797
HA|PP755589.1|A/cattle/Texas/24-008749-003/2024(H5N1)	926	815
HA|PP755589.1|A/cattle/Texas/24-008749-003/2024(H5N1)	927	822
HA|PP755589.1|A/cattle/Texas/24-008749-003/2024(H5N1)	928	820
HA|PP755589.1|A/cattle/Texas/24-008749-003/2024(H5N1)	929	823
HA|PP755589.1|A/cattle/Texas/24-008749-003/2024(H5N1)	930	806
HA|PP755589.1|A/cattle/Texas/24-008749-003/2024(H5N1)	931	806
HA|PP755589.1|A/cattle/Texas/24-008749-003/2024(H5N1)	932	804
HA|PP755589.1|A/cattle/Texas/24-008749-003/2024(H5N1)	933	807
HA|PP755589.1|A/cattle/Texas/24-008749-003/2024(H5N1)	934	808
HA|PP755589.1|A/cattle/Texas/24-008749-003/2024(H5N1)	935	785
HA|PP755589.1|A/cattle/Texas/24-008749-003/2024(H5N1)	936	787
HA|PP755589.1|A/cattle/Texas/24-008749-003/2024(H5N1)	937	788
HA|PP755589.1|A/cattle/Texas/24-008749-003/2024(H5N1)	938	783
HA|PP755589.1|A/cattle/Texas/24-008749-003/2024(H5N1)	939	797
HA|PP755589.1|A/cattle/Texas/24-008749-003/2024(H5N1)	940	798
HA|PP755589.1|A/cattle/Texas/24-008749-003/2024(H5N1)	941	819
HA|PP755589.1|A/cattle/Texas/24-008749-003/2024(H5N1)	942	817
HA|PP755589.1|A/cattle/Texas/24-008749-003/2024(H5N1)	943	810
HA|PP755589.1|A/cattle/Texas/24-008749-003/2024(H5N1)	944	807
HA|PP755589.1|A/cattle/Texas/24-008749-003/2024(H5N1)	945	808
HA|PP755589.1|A/cattle/Texas/24-008749-003/2024(H5N1)	946	807
HA|PP755589.1|A/cattle/Texas/24-008749-003/2024(H5N1)	947	808
HA|PP755589.1|A/cattle/Texas/24-008749-003/2024(H5N1)	948	801
HA|PP755589.1|A/cattle/Texas/24-008749-003/2024(H5N1)	949	801
HA|PP755589.1|A/cattle/Texas/24-008749-003/2024(H5N1)	950	776
HA|PP755589.1|A/cattle/Texas/24-008749-003/2024(H5N1)	951	785
HA|PP755589.1|A/cattle/Texas/24-008749-003/2024(H5N1)	952	784
HA|PP755589.1|A/cattle/Texas/24-008749-003/2024(H5N1)	953	804
HA|PP755589.1|A/cattle/Texas/24-008749-003/2024(H5N1)	954	804
HA|PP755589.1|A/cattle/Texas/24-008749-003/2024(H5N1)	955	798
HA|PP755589.1|A/cattle/Texas/24-008749-003/2024(H5N1)	956	802
HA|PP755589.1|A/cattle/Texas/24-008749-003/2024(H5N1)	957	800
HA|PP755589.1|A/cattle/Texas/24-008749-003/2024(H5N1)	958	806
HA|PP755589.1|A/cattle/Texas/24-008749-003/2024(H5N1)	959	806
HA|PP755589.1|A/cattle/Texas/24-008749-003/2024(H5N1)	960	805
HA|PP755589.1|A/cattle/Texas/24-008749-003/2024(H5N1)	961	805
HA|PP755589.1|A/cattle/Texas/24-008749-003/2024(H5N1)	962	784
HA|PP755589.1|A/cattle/Texas/24-008749-003/2024(H5N1)	963	767
HA|PP755589.1|A/cattle/Texas/24-008749-003/2024(H5N1)	964	762
HA|PP755589.1|A/cattle/Texas/24-008749-003/2024(H5N1)	965	761
HA|PP755589.1|A/cattle/Texas/24-008749-003/2024(H5N1)	966	761
HA|PP755589.1|A/cattle/Texas/24-008749-003/2024(H5N1)	967	752
HA|PP755589.1|A/cattle/Texas/24-008749-003/2024(H5N1)	968	753
HA|PP755589.1|A/cattle/Texas/24-008749-003/2024(H5N1)	969	755
HA|PP755589.1|A/cattle/Texas/24-008749-003/2024(H5N1)	970	757
HA|PP755589.1|A/cattle/Texas/24-008749-003/2024(H5N1)	971	761
HA|PP755589.1|A/cattle/Texas/24-008749-003/2024(H5N1)	972	761
HA|PP755589.1|A/cattle/Texas/24-008749-003/2024(H5N1)	973	761
HA|PP755589.1|A/cattle/Texas/24-008749-003/2024(H5N1)	974	761
HA|PP755589.1|A/cattle/Texas/24-008749-003/2024(H5N1)	975	765
HA|PP755589.1|A/cattle/Texas/24-008749-003/2024(H5N1)	976	765
HA|PP755589.1|A/cattle/Texas/24-008749-003/2024(H5N1)	977	765
HA|PP755589.1|A/cattle/Texas/24-008749-003/2024(H5N1)	978	760
HA|PP755589.1|A/cattle/Texas/24-008749-003/2024(H5N1)	979	759
HA|PP755589.1|A/cattle/Texas/24-008749-003/2024(H5N1)	980	758
HA|PP755589.1|A/cattle/Texas/24-008749-003/2024(H5N1)	981	759
HA|PP755589.1|A/cattle/Texas/24-008749-003/2024(H5N1)	982	763
HA|PP755589.1|A/cattle/Texas/24-008749-003/2024(H5N1)	983	746
HA|PP755589.1|A/cattle/Texas/24-008749-003/2024(H5N1)	984	745
HA|PP755589.1|A/cattle/Texas/24-008749-003/2024(H5N1)	985	741
HA|PP755589.1|A/cattle/Texas/24-008749-003/2024(H5N1)	986	740
HA|PP755589.1|A/cattle/Texas/24-008749-003/2024(H5N1)	987	740
HA|PP755589.1|A/cattle/Texas/24-008749-003/2024(H5N1)	988	740
HA|PP755589.1|A/cattle/Texas/24-008749-003/2024(H5N1)	989	742
HA|PP755589.1|A/cattle/Texas/24-008749-003/2024(H5N1)	990	742
HA|PP755589.1|A/cattle/Texas/24-008749-003/2024(H5N1)	991	746
HA|PP755589.1|A/cattle/Texas/24-008749-003/2024(H5N1)	992	724
HA|PP755589.1|A/cattle/Texas/24-008749-003/2024(H5N1)	993	719
HA|PP755589.1|A/cattle/Texas/24-008749-003/2024(H5N1)	994	721
HA|PP755589.1|A/cattle/Texas/24-008749-003/2024(H5N1)	995	716
HA|PP755589.1|A/cattle/Texas/24-008749-003/2024(H5N1)	996	719
HA|PP755589.1|A/cattle/Texas/24-008749-003/2024(H5N1)	997	720
HA|PP755589.1|A/cattle/Texas/24-008749-003/2024(H5N1)	998	721
HA|PP755589.1|A/cattle/Texas/24-008749-003/2024(H5N1)	999	723
HA|PP755589.1|A/cattle/Texas/24-008749-003/2024(H5N1)	1000	724
HA|PP755589.1|A/cattle/Texas/24-008749-003/2024(H5N1)	1001	735
HA|PP755589.1|A/cattle/Texas/24-008749-003/2024(H5N1)	1002	741
HA|PP755589.1|A/cattle/Texas/24-008749-003/2024(H5N1)	1003	741
HA|PP755589.1|A/cattle/Texas/24-008749-003/2024(H5N1)	1004	735
HA|PP755589.1|A/cattle/Texas/24-008749-003/2024(H5N1)	1005	731
HA|PP755589.1|A/cattle/Texas/24-008749-003/2024(H5N1)	1006	728
HA|PP755589.1|A/cattle/Texas/24-008749-003/2024(H5N1)	1007	733
HA|PP755589.1|A/cattle/Texas/24-008749-003/2024(H5N1)	1008	735
HA|PP755589.1|A/cattle/Texas/24-008749-003/2024(H5N1)	1009	730
HA|PP755589.1|A/cattle/Texas/24-008749-003/2024(H5N1)	1010	731
HA|PP755589.1|A/cattle/Texas/24-008749-003/2024(H5N1)	1011	727
HA|PP755589.1|A/cattle/Texas/24-008749-003/2024(H5N1)	1012	727
HA|PP755589.1|A/cattle/Texas/24-008749-003/2024(H5N1)	1013	728
HA|PP755589.1|A/cattle/Texas/24-008749-003/2024(H5N1)	1014	728
HA|PP755589.1|A/cattle/Texas/24-008749-003/2024(H5N1)	1015	730
HA|PP755589.1|A/cattle/Texas/24-008749-003/2024(H5N1)	1016	726
HA|PP755589.1|A/cattle/Texas/24-008749-003/2024(H5N1)	1017	724
HA|PP755589.1|A/cattle/Texas/24-008749-003/2024(H5N1)	1018	724
HA|PP755589.1|A/cattle/Texas/24-008749-003/2024(H5N1)	1019	721
HA|PP755589.1|A/cattle/Texas/24-008749-003/2024(H5N1)	1020	730
HA|PP755589.1|A/cattle/Texas/24-008749-003/2024(H5N1)	1021	732
HA|PP755589.1|A/cattle/Texas/24-008749-003/2024(H5N1)	1022	732
HA|PP755589.1|A/cattle/Texas/24-008749-003/2024(H5N1)	1023	734
HA|PP755589.1|A/cattle/Texas/24-008749-003/2024(H5N1)	1024	732
HA|PP755589.1|A/cattle/Texas/24-008749-003/2024(H5N1)	1025	737
HA|PP755589.1|A/cattle/Texas/24-008749-003/2024(H5N1)	1026	736
HA|PP755589.1|A/cattle/Texas/24-008749-003/2024(H5N1)	1027	732
HA|PP755589.1|A/cattle/Texas/24-008749-003/2024(H5N1)	1028	735
HA|PP755589.1|A/cattle/Texas/24-008749-003/2024(H5N1)	1029	736
HA|PP755589.1|A/cattle/Texas/24-008749-003/2024(H5N1)	1030	735
HA|PP755589.1|A/cattle/Texas/24-008749-003/2024(H5N1)	1031	736
HA|PP755589.1|A/cattle/Texas/24-008749-003/2024(H5N1)	1032	733
HA|PP755589.1|A/cattle/Texas/24-008749-003/2024(H5N1)	1033	729
HA|PP755589.1|A/cattle/Texas/24-008749-003/2024(H5N1)	1034	729
HA|PP755589.1|A/cattle/Texas/24-008749-003/2024(H5N1)	1035	725
HA|PP755589.1|A/cattle/Texas/24-008749-003/2024(H5N1)	1036	727
HA|PP755589.1|A/cattle/Texas/24-008749-003/2024(H5N1)	1037	724
HA|PP755589.1|A/cattle/Texas/24-008749-003/2024(H5N1)	1038	726
HA|PP755589.1|A/cattle/Texas/24-008749-003/2024(H5N1)	1039	726
HA|PP755589.1|A/cattle/Texas/24-008749-003/2024(H5N1)	1040	724
HA|PP755589.1|A/cattle/Texas/24-008749-003/2024(H5N1)	1041	735
HA|PP755589.1|A/cattle/Texas/24-008749-003/2024(H5N1)	1042	735
HA|PP755589.1|A/cattle/Texas/24-008749-003/2024(H5N1)	1043	737
HA|PP755589.1|A/cattle/Texas/24-008749-003/2024(H5N1)	1044	713
HA|PP755589.1|A/cattle/Texas/24-008749-003/2024(H5N1)	1045	711
HA|PP755589.1|A/cattle/Texas/24-008749-003/2024(H5N1)	1046	709
HA|PP755589.1|A/cattle/Texas/24-008749-003/2024(H5N1)	1047	708
HA|PP755589.1|A/cattle/Texas/24-008749-003/2024(H5N1)	1048	708
HA|PP755589.1|A/cattle/Texas/24-008749-003/2024(H5N1)	1049	697
HA|PP755589.1|A/cattle/Texas/24-008749-003/2024(H5N1)	1050	699
HA|PP755589.1|A/cattle/Texas/24-008749-003/2024(H5N1)	1051	701
HA|PP755589.1|A/cattle/Texas/24-008749-003/2024(H5N1)	1052	704
HA|PP755589.1|A/cattle/Texas/24-008749-003/2024(H5N1)	1053	707
HA|PP755589.1|A/cattle/Texas/24-008749-003/2024(H5N1)	1054	709
HA|PP755589.1|A/cattle/Texas/24-008749-003/2024(H5N1)	1055	716
HA|PP755589.1|A/cattle/Texas/24-008749-003/2024(H5N1)	1056	715
HA|PP755589.1|A/cattle/Texas/24-008749-003/2024(H5N1)	1057	760
HA|PP755589.1|A/cattle/Texas/24-008749-003/2024(H5N1)	1058	806
HA|PP755589.1|A/cattle/Texas/24-008749-003/2024(H5N1)	1059	817
HA|PP755589.1|A/cattle/Texas/24-008749-003/2024(H5N1)	1060	807
HA|PP755589.1|A/cattle/Texas/24-008749-003/2024(H5N1)	1061	809
HA|PP755589.1|A/cattle/Texas/24-008749-003/2024(H5N1)	1062	811
HA|PP755589.1|A/cattle/Texas/24-008749-003/2024(H5N1)	1063	822
HA|PP755589.1|A/cattle/Texas/24-008749-003/2024(H5N1)	1064	824
HA|PP755589.1|A/cattle/Texas/24-008749-003/2024(H5N1)	1065	825
HA|PP755589.1|A/cattle/Texas/24-008749-003/2024(H5N1)	1066	825
HA|PP755589.1|A/cattle/Texas/24-008749-003/2024(H5N1)	1067	752
HA|PP755589.1|A/cattle/Texas/24-008749-003/2024(H5N1)	1068	751
HA|PP755589.1|A/cattle/Texas/24-008749-003/2024(H5N1)	1069	746
HA|PP755589.1|A/cattle/Texas/24-008749-003/2024(H5N1)	1070	754
HA|PP755589.1|A/cattle/Texas/24-008749-003/2024(H5N1)	1071	742
HA|PP755589.1|A/cattle/Texas/24-008749-003/2024(H5N1)	1072	743
HA|PP755589.1|A/cattle/Texas/24-008749-003/2024(H5N1)	1073	749
HA|PP755589.1|A/cattle/Texas/24-008749-003/2024(H5N1)	1074	747
HA|PP755589.1|A/cattle/Texas/24-008749-003/2024(H5N1)	1075	743
HA|PP755589.1|A/cattle/Texas/24-008749-003/2024(H5N1)	1076	742
HA|PP755589.1|A/cattle/Texas/24-008749-003/2024(H5N1)	1077	742
HA|PP755589.1|A/cattle/Texas/24-008749-003/2024(H5N1)	1078	746
HA|PP755589.1|A/cattle/Texas/24-008749-003/2024(H5N1)	1079	742
HA|PP755589.1|A/cattle/Texas/24-008749-003/2024(H5N1)	1080	747
HA|PP755589.1|A/cattle/Texas/24-008749-003/2024(H5N1)	1081	751
HA|PP755589.1|A/cattle/Texas/24-008749-003/2024(H5N1)	1082	755
HA|PP755589.1|A/cattle/Texas/24-008749-003/2024(H5N1)	1083	751
HA|PP755589.1|A/cattle/Texas/24-008749-003/2024(H5N1)	1084	749
HA|PP755589.1|A/cattle/Texas/24-008749-003/2024(H5N1)	1085	752
HA|PP755589.1|A/cattle/Texas/24-008749-003/2024(H5N1)	1086	759
HA|PP755589.1|A/cattle/Texas/24-008749-003/2024(H5N1)	1087	767
HA|PP755589.1|A/cattle/Texas/24-008749-003/2024(H5N1)	1088	766
HA|PP755589.1|A/cattle/Texas/24-008749-003/2024(H5N1)	1089	761
HA|PP755589.1|A/cattle/Texas/24-008749-003/2024(H5N1)	1090	761
HA|PP755589.1|A/cattle/Texas/24-008749-003/2024(H5N1)	1091	755
HA|PP755589.1|A/cattle/Texas/24-008749-003/2024(H5N1)	1092	755
HA|PP755589.1|A/cattle/Texas/24-008749-003/2024(H5N1)	1093	759
HA|PP755589.1|A/cattle/Texas/24-008749-003/2024(H5N1)	1094	761
HA|PP755589.1|A/cattle/Texas/24-008749-003/2024(H5N1)	1095	757
HA|PP755589.1|A/cattle/Texas/24-008749-003/2024(H5N1)	1096	762
HA|PP755589.1|A/cattle/Texas/24-008749-003/2024(H5N1)	1097	770
HA|PP755589.1|A/cattle/Texas/24-008749-003/2024(H5N1)	1098	795
HA|PP755589.1|A/cattle/Texas/24-008749-003/2024(H5N1)	1099	790
HA|PP755589.1|A/cattle/Texas/24-008749-003/2024(H5N1)	1100	795
HA|PP755589.1|A/cattle/Texas/24-008749-003/2024(H5N1)	1101	794
HA|PP755589.1|A/cattle/Texas/24-008749-003/2024(H5N1)	1102	797
HA|PP755589.1|A/cattle/Texas/24-008749-003/2024(H5N1)	1103	797
HA|PP755589.1|A/cattle/Texas/24-008749-003/2024(H5N1)	1104	792
HA|PP755589.1|A/cattle/Texas/24-008749-003/2024(H5N1)	1105	793
HA|PP755589.1|A/cattle/Texas/24-008749-003/2024(H5N1)	1106	787
HA|PP755589.1|A/cattle/Texas/24-008749-003/2024(H5N1)	1107	773
HA|PP755589.1|A/cattle/Texas/24-008749-003/2024(H5N1)	1108	771
HA|PP755589.1|A/cattle/Texas/24-008749-003/2024(H5N1)	1109	770
HA|PP755589.1|A/cattle/Texas/24-008749-003/2024(H5N1)	1110	783
HA|PP755589.1|A/cattle/Texas/24-008749-003/2024(H5N1)	1111	786
HA|PP755589.1|A/cattle/Texas/24-008749-003/2024(H5N1)	1112	778
HA|PP755589.1|A/cattle/Texas/24-008749-003/2024(H5N1)	1113	781
HA|PP755589.1|A/cattle/Texas/24-008749-003/2024(H5N1)	1114	779
HA|PP755589.1|A/cattle/Texas/24-008749-003/2024(H5N1)	1115	789
HA|PP755589.1|A/cattle/Texas/24-008749-003/2024(H5N1)	1116	793
HA|PP755589.1|A/cattle/Texas/24-008749-003/2024(H5N1)	1117	781
HA|PP755589.1|A/cattle/Texas/24-008749-003/2024(H5N1)	1118	776
HA|PP755589.1|A/cattle/Texas/24-008749-003/2024(H5N1)	1119	771
HA|PP755589.1|A/cattle/Texas/24-008749-003/2024(H5N1)	1120	792
HA|PP755589.1|A/cattle/Texas/24-008749-003/2024(H5N1)	1121	907
HA|PP755589.1|A/cattle/Texas/24-008749-003/2024(H5N1)	1122	920
HA|PP755589.1|A/cattle/Texas/24-008749-003/2024(H5N1)	1123	921
HA|PP755589.1|A/cattle/Texas/24-008749-003/2024(H5N1)	1124	907
HA|PP755589.1|A/cattle/Texas/24-008749-003/2024(H5N1)	1125	925
HA|PP755589.1|A/cattle/Texas/24-008749-003/2024(H5N1)	1126	925
HA|PP755589.1|A/cattle/Texas/24-008749-003/2024(H5N1)	1127	936
HA|PP755589.1|A/cattle/Texas/24-008749-003/2024(H5N1)	1128	938
HA|PP755589.1|A/cattle/Texas/24-008749-003/2024(H5N1)	1129	937
HA|PP755589.1|A/cattle/Texas/24-008749-003/2024(H5N1)	1130	954
HA|PP755589.1|A/cattle/Texas/24-008749-003/2024(H5N1)	1131	955
HA|PP755589.1|A/cattle/Texas/24-008749-003/2024(H5N1)	1132	972
HA|PP755589.1|A/cattle/Texas/24-008749-003/2024(H5N1)	1133	977
HA|PP755589.1|A/cattle/Texas/24-008749-003/2024(H5N1)	1134	976
HA|PP755589.1|A/cattle/Texas/24-008749-003/2024(H5N1)	1135	976
HA|PP755589.1|A/cattle/Texas/24-008749-003/2024(H5N1)	1136	974
HA|PP755589.1|A/cattle/Texas/24-008749-003/2024(H5N1)	1137	972
HA|PP755589.1|A/cattle/Texas/24-008749-003/2024(H5N1)	1138	978
HA|PP755589.1|A/cattle/Texas/24-008749-003/2024(H5N1)	1139	975
HA|PP755589.1|A/cattle/Texas/24-008749-003/2024(H5N1)	1140	964
HA|PP755589.1|A/cattle/Texas/24-008749-003/2024(H5N1)	1141	971
HA|PP755589.1|A/cattle/Texas/24-008749-003/2024(H5N1)	1142	967
HA|PP755589.1|A/cattle/Texas/24-008749-003/2024(H5N1)	1143	966
HA|PP755589.1|A/cattle/Texas/24-008749-003/2024(H5N1)	1144	969
HA|PP755589.1|A/cattle/Texas/24-008749-003/2024(H5N1)	1145	976
HA|PP755589.1|A/cattle/Texas/24-008749-003/2024(H5N1)	1146	987
HA|PP755589.1|A/cattle/Texas/24-008749-003/2024(H5N1)	1147	985
HA|PP755589.1|A/cattle/Texas/24-008749-003/2024(H5N1)	1148	984
HA|PP755589.1|A/cattle/Texas/24-008749-003/2024(H5N1)	1149	985
HA|PP755589.1|A/cattle/Texas/24-008749-003/2024(H5N1)	1150	990
HA|PP755589.1|A/cattle/Texas/24-008749-003/2024(H5N1)	1151	991
HA|PP755589.1|A/cattle/Texas/24-008749-003/2024(H5N1)	1152	990
HA|PP755589.1|A/cattle/Texas/24-008749-003/2024(H5N1)	1153	987
HA|PP755589.1|A/cattle/Texas/24-008749-003/2024(H5N1)	1154	983
HA|PP755589.1|A/cattle/Texas/24-008749-003/2024(H5N1)	1155	982
HA|PP755589.1|A/cattle/Texas/24-008749-003/2024(H5N1)	1156	992
HA|PP755589.1|A/cattle/Texas/24-008749-003/2024(H5N1)	1157	1009
HA|PP755589.1|A/cattle/Texas/24-008749-003/2024(H5N1)	1158	1010
HA|PP755589.1|A/cattle/Texas/24-008749-003/2024(H5N1)	1159	1010
HA|PP755589.1|A/cattle/Texas/24-008749-003/2024(H5N1)	1160	1011
HA|PP755589.1|A/cattle/Texas/24-008749-003/2024(H5N1)	1161	1020
HA|PP755589.1|A/cattle/Texas/24-008749-003/2024(H5N1)	1162	1019
HA|PP755589.1|A/cattle/Texas/24-008749-003/2024(H5N1)	1163	1031
HA|PP755589.1|A/cattle/Texas/24-008749-003/2024(H5N1)	1164	1045
HA|PP755589.1|A/cattle/Texas/24-008749-003/2024(H5N1)	1165	1061
HA|PP755589.1|A/cattle/Texas/24-008749-003/2024(H5N1)	1166	1060
HA|PP755589.1|A/cattle/Texas/24-008749-003/2024(H5N1)	1167	1058
HA|PP755589.1|A/cattle/Texas/24-008749-003/2024(H5N1)	1168	1081
HA|PP755589.1|A/cattle/Texas/24-008749-003/2024(H5N1)	1169	1112
HA|PP755589.1|A/cattle/Texas/24-008749-003/2024(H5N1)	1170	1116
HA|PP755589.1|A/cattle/Texas/24-008749-003/2024(H5N1)	1171	1119
HA|PP755589.1|A/cattle/Texas/24-008749-003/2024(H5N1)	1172	1108
HA|PP755589.1|A/cattle/Texas/24-008749-003/2024(H5N1)	1173	1108
HA|PP755589.1|A/cattle/Texas/24-008749-003/2024(H5N1)	1174	1103
HA|PP755589.1|A/cattle/Texas/24-008749-003/2024(H5N1)	1175	1126
HA|PP755589.1|A/cattle/Texas/24-008749-003/2024(H5N1)	1176	1124
HA|PP755589.1|A/cattle/Texas/24-008749-003/2024(H5N1)	1177	1121
HA|PP755589.1|A/cattle/Texas/24-008749-003/2024(H5N1)	1178	1116
HA|PP755589.1|A/cattle/Texas/24-008749-003/2024(H5N1)	1179	1137
HA|PP755589.1|A/cattle/Texas/24-008749-003/2024(H5N1)	1180	1134
HA|PP755589.1|A/cattle/Texas/24-008749-003/2024(H5N1)	1181	1161
HA|PP755589.1|A/cattle/Texas/24-008749-003/2024(H5N1)	1182	1177
HA|PP755589.1|A/cattle/Texas/24-008749-003/2024(H5N1)	1183	1179
HA|PP755589.1|A/cattle/Texas/24-008749-003/2024(H5N1)	1184	1175
HA|PP755589.1|A/cattle/Texas/24-008749-003/2024(H5N1)	1185	1173
HA|PP755589.1|A/cattle/Texas/24-008749-003/2024(H5N1)	1186	1169
HA|PP755589.1|A/cattle/Texas/24-008749-003/2024(H5N1)	1187	1170
HA|PP755589.1|A/cattle/Texas/24-008749-003/2024(H5N1)	1188	1185
HA|PP755589.1|A/cattle/Texas/24-008749-003/2024(H5N1)	1189	1194
HA|PP755589.1|A/cattle/Texas/24-008749-003/2024(H5N1)	1190	1179
HA|PP755589.1|A/cattle/Texas/24-008749-003/2024(H5N1)	1191	1169
HA|PP755589.1|A/cattle/Texas/24-008749-003/2024(H5N1)	1192	1175
HA|PP755589.1|A/cattle/Texas/24-008749-003/2024(H5N1)	1193	1202
HA|PP755589.1|A/cattle/Texas/24-008749-003/2024(H5N1)	1194	1205
HA|PP755589.1|A/cattle/Texas/24-008749-003/2024(H5N1)	1195	1205
HA|PP755589.1|A/cattle/Texas/24-008749-003/2024(H5N1)	1196	1207
HA|PP755589.1|A/cattle/Texas/24-008749-003/2024(H5N1)	1197	1205
HA|PP755589.1|A/cattle/Texas/24-008749-003/2024(H5N1)	1198	1219
HA|PP755589.1|A/cattle/Texas/24-008749-003/2024(H5N1)	1199	1220
HA|PP755589.1|A/cattle/Texas/24-008749-003/2024(H5N1)	1200	1221
HA|PP755589.1|A/cattle/Texas/24-008749-003/2024(H5N1)	1201	1220
HA|PP755589.1|A/cattle/Texas/24-008749-003/2024(H5N1)	1202	1204
HA|PP755589.1|A/cattle/Texas/24-008749-003/2024(H5N1)	1203	1210
HA|PP755589.1|A/cattle/Texas/24-008749-003/2024(H5N1)	1204	1220
HA|PP755589.1|A/cattle/Texas/24-008749-003/2024(H5N1)	1205	1225
HA|PP755589.1|A/cattle/Texas/24-008749-003/2024(H5N1)	1206	1240
HA|PP755589.1|A/cattle/Texas/24-008749-003/2024(H5N1)	1207	1239
HA|PP755589.1|A/cattle/Texas/24-008749-003/2024(H5N1)	1208	1240
HA|PP755589.1|A/cattle/Texas/24-008749-003/2024(H5N1)	1209	1252
HA|PP755589.1|A/cattle/Texas/24-008749-003/2024(H5N1)	1210	1254
HA|PP755589.1|A/cattle/Texas/24-008749-003/2024(H5N1)	1211	1256
HA|PP755589.1|A/cattle/Texas/24-008749-003/2024(H5N1)	1212	1259
HA|PP755589.1|A/cattle/Texas/24-008749-003/2024(H5N1)	1213	1255
HA|PP755589.1|A/cattle/Texas/24-008749-003/2024(H5N1)	1214	1259
HA|PP755589.1|A/cattle/Texas/24-008749-003/2024(H5N1)	1215	1267
HA|PP755589.1|A/cattle/Texas/24-008749-003/2024(H5N1)	1216	1267
HA|PP755589.1|A/cattle/Texas/24-008749-003/2024(H5N1)	1217	1280
HA|PP755589.1|A/cattle/Texas/24-008749-003/2024(H5N1)	1218	1273
HA|PP755589.1|A/cattle/Texas/24-008749-003/2024(H5N1)	1219	1282
HA|PP755589.1|A/cattle/Texas/24-008749-003/2024(H5N1)	1220	1280
HA|PP755589.1|A/cattle/Texas/24-008749-003/2024(H5N1)	1221	1297
HA|PP755589.1|A/cattle/Texas/24-008749-003/2024(H5N1)	1222	1300
HA|PP755589.1|A/cattle/Texas/24-008749-003/2024(H5N1)	1223	1302
HA|PP755589.1|A/cattle/Texas/24-008749-003/2024(H5N1)	1224	1314
HA|PP755589.1|A/cattle/Texas/24-008749-003/2024(H5N1)	1225	1313
HA|PP755589.1|A/cattle/Texas/24-008749-003/2024(H5N1)	1226	1309
HA|PP755589.1|A/cattle/Texas/24-008749-003/2024(H5N1)	1227	1307
HA|PP755589.1|A/cattle/Texas/24-008749-003/2024(H5N1)	1228	1319
HA|PP755589.1|A/cattle/Texas/24-008749-003/2024(H5N1)	1229	1325
HA|PP755589.1|A/cattle/Texas/24-008749-003/2024(H5N1)	1230	1327
HA|PP755589.1|A/cattle/Texas/24-008749-003/2024(H5N1)	1231	1360
HA|PP755589.1|A/cattle/Texas/24-008749-003/2024(H5N1)	1232	1368
HA|PP755589.1|A/cattle/Texas/24-008749-003/2024(H5N1)	1233	1375
HA|PP755589.1|A/cattle/Texas/24-008749-003/2024(H5N1)	1234	1378
HA|PP755589.1|A/cattle/Texas/24-008749-003/2024(H5N1)	1235	1388
HA|PP755589.1|A/cattle/Texas/24-008749-003/2024(H5N1)	1236	1402
HA|PP755589.1|A/cattle/Texas/24-008749-003/2024(H5N1)	1237	1403
HA|PP755589.1|A/cattle/Texas/24-008749-003/2024(H5N1)	1238	1405
HA|PP755589.1|A/cattle/Texas/24-008749-003/2024(H5N1)	1239	1432
HA|PP755589.1|A/cattle/Texas/24-008749-003/2024(H5N1)	1240	1454
HA|PP755589.1|A/cattle/Texas/24-008749-003/2024(H5N1)	1241	1441
HA|PP755589.1|A/cattle/Texas/24-008749-003/2024(H5N1)	1242	1463
HA|PP755589.1|A/cattle/Texas/24-008749-003/2024(H5N1)	1243	1467
HA|PP755589.1|A/cattle/Texas/24-008749-003/2024(H5N1)	1244	1466
HA|PP755589.1|A/cattle/Texas/24-008749-003/2024(H5N1)	1245	1491
HA|PP755589.1|A/cattle/Texas/24-008749-003/2024(H5N1)	1246	1492
HA|PP755589.1|A/cattle/Texas/24-008749-003/2024(H5N1)	1247	1495
HA|PP755589.1|A/cattle/Texas/24-008749-003/2024(H5N1)	1248	1494
HA|PP755589.1|A/cattle/Texas/24-008749-003/2024(H5N1)	1249	1497
HA|PP755589.1|A/cattle/Texas/24-008749-003/2024(H5N1)	1250	1514
HA|PP755589.1|A/cattle/Texas/24-008749-003/2024(H5N1)	1251	1520
HA|PP755589.1|A/cattle/Texas/24-008749-003/2024(H5N1)	1252	1519
HA|PP755589.1|A/cattle/Texas/24-008749-003/2024(H5N1)	1253	1522
HA|PP755589.1|A/cattle/Texas/24-008749-003/2024(H5N1)	1254	1523
HA|PP755589.1|A/cattle/Texas/24-008749-003/2024(H5N1)	1255	1526
HA|PP755589.1|A/cattle/Texas/24-008749-003/2024(H5N1)	1256	1526
HA|PP755589.1|A/cattle/Texas/24-008749-003/2024(H5N1)	1257	1537
HA|PP755589.1|A/cattle/Texas/24-008749-003/2024(H5N1)	1258	1534
HA|PP755589.1|A/cattle/Texas/24-008749-003/2024(H5N1)	1259	1532
HA|PP755589.1|A/cattle/Texas/24-008749-003/2024(H5N1)	1260	1543
HA|PP755589.1|A/cattle/Texas/24-008749-003/2024(H5N1)	1261	1532
HA|PP755589.1|A/cattle/Texas/24-008749-003/2024(H5N1)	1262	1548
HA|PP755589.1|A/cattle/Texas/24-008749-003/2024(H5N1)	1263	1555
HA|PP755589.1|A/cattle/Texas/24-008749-003/2024(H5N1)	1264	1574
HA|PP755589.1|A/cattle/Texas/24-008749-003/2024(H5N1)	1265	1578
HA|PP755589.1|A/cattle/Texas/24-008749-003/2024(H5N1)	1266	1576
HA|PP755589.1|A/cattle/Texas/24-008749-003/2024(H5N1)	1267	1576
HA|PP755589.1|A/cattle/Texas/24-008749-003/2024(H5N1)	1268	1575
HA|PP755589.1|A/cattle/Texas/24-008749-003/2024(H5N1)	1269	1584
HA|PP755589.1|A/cattle/Texas/24-008749-003/2024(H5N1)	1270	1600
HA|PP755589.1|A/cattle/Texas/24-008749-003/2024(H5N1)	1271	1595
HA|PP755589.1|A/cattle/Texas/24-008749-003/2024(H5N1)	1272	1589
HA|PP755589.1|A/cattle/Texas/24-008749-003/2024(H5N1)	1273	1593
HA|PP755589.1|A/cattle/Texas/24-008749-003/2024(H5N1)	1274	1589
HA|PP755589.1|A/cattle/Texas/24-008749-003/2024(H5N1)	1275	1592
HA|PP755589.1|A/cattle/Texas/24-008749-003/2024(H5N1)	1276	1616
HA|PP755589.1|A/cattle/Texas/24-008749-003/2024(H5N1)	1277	1617
HA|PP755589.1|A/cattle/Texas/24-008749-003/2024(H5N1)	1278	1625
HA|PP755589.1|A/cattle/Texas/24-008749-003/2024(H5N1)	1279	1624
HA|PP755589.1|A/cattle/Texas/24-008749-003/2024(H5N1)	1280	1628
HA|PP755589.1|A/cattle/Texas/24-008749-003/2024(H5N1)	1281	1631
HA|PP755589.1|A/cattle/Texas/24-008749-003/2024(H5N1)	1282	1631
HA|PP755589.1|A/cattle/Texas/24-008749-003/2024(H5N1)	1283	1642
HA|PP755589.1|A/cattle/Texas/24-008749-003/2024(H5N1)	1284	1642
HA|PP755589.1|A/cattle/Texas/24-008749-003/2024(H5N1)	1285	1646
HA|PP755589.1|A/cattle/Texas/24-008749-003/2024(H5N1)	1286	1647
HA|PP755589.1|A/cattle/Texas/24-008749-003/2024(H5N1)	1287	1643
HA|PP755589.1|A/cattle/Texas/24-008749-003/2024(H5N1)	1288	1645
HA|PP755589.1|A/cattle/Texas/24-008749-003/2024(H5N1)	1289	1639
HA|PP755589.1|A/cattle/Texas/24-008749-003/2024(H5N1)	1290	1639
HA|PP755589.1|A/cattle/Texas/24-008749-003/2024(H5N1)	1291	1639
HA|PP755589.1|A/cattle/Texas/24-008749-003/2024(H5N1)	1292	1635
HA|PP755589.1|A/cattle/Texas/24-008749-003/2024(H5N1)	1293	1635
HA|PP755589.1|A/cattle/Texas/24-008749-003/2024(H5N1)	1294	1631
HA|PP755589.1|A/cattle/Texas/24-008749-003/2024(H5N1)	1295	1650
HA|PP755589.1|A/cattle/Texas/24-008749-003/2024(H5N1)	1296	1650
HA|PP755589.1|A/cattle/Texas/24-008749-003/2024(H5N1)	1297	1660
HA|PP755589.1|A/cattle/Texas/24-008749-003/2024(H5N1)	1298	1674
HA|PP755589.1|A/cattle/Texas/24-008749-003/2024(H5N1)	1299	1679
HA|PP755589.1|A/cattle/Texas/24-008749-003/2024(H5N1)	1300	1678
HA|PP755589.1|A/cattle/Texas/24-008749-003/2024(H5N1)	1301	1678
HA|PP755589.1|A/cattle/Texas/24-008749-003/2024(H5N1)	1302	1678
HA|PP755589.1|A/cattle/Texas/24-008749-003/2024(H5N1)	1303	1675
HA|PP755589.1|A/cattle/Texas/24-008749-003/2024(H5N1)	1304	1677
HA|PP755589.1|A/cattle/Texas/24-008749-003/2024(H5N1)	1305	1682
HA|PP755589.1|A/cattle/Texas/24-008749-003/2024(H5N1)	1306	1687
HA|PP755589.1|A/cattle/Texas/24-008749-003/2024(H5N1)	1307	1692
HA|PP755589.1|A/cattle/Texas/24-008749-003/2024(H5N1)	1308	1618
HA|PP755589.1|A/cattle/Texas/24-008749-003/2024(H5N1)	1309	1614
HA|PP755589.1|A/cattle/Texas/24-008749-003/2024(H5N1)	1310	1617
HA|PP755589.1|A/cattle/Texas/24-008749-003/2024(H5N1)	1311	1632
HA|PP755589.1|A/cattle/Texas/24-008749-003/2024(H5N1)	1312	1632
HA|PP755589.1|A/cattle/Texas/24-008749-003/2024(H5N1)	1313	1633
HA|PP755589.1|A/cattle/Texas/24-008749-003/2024(H5N1)	1314	1655
HA|PP755589.1|A/cattle/Texas/24-008749-003/2024(H5N1)	1315	1647
HA|PP755589.1|A/cattle/Texas/24-008749-003/2024(H5N1)	1316	1657
HA|PP755589.1|A/cattle/Texas/24-008749-003/2024(H5N1)	1317	1656
HA|PP755589.1|A/cattle/Texas/24-008749-003/2024(H5N1)	1318	1662
HA|PP755589.1|A/cattle/Texas/24-008749-003/2024(H5N1)	1319	1679
HA|PP755589.1|A/cattle/Texas/24-008749-003/2024(H5N1)	1320	1663
HA|PP755589.1|A/cattle/Texas/24-008749-003/2024(H5N1)	1321	1662
HA|PP755589.1|A/cattle/Texas/24-008749-003/2024(H5N1)	1322	1664
HA|PP755589.1|A/cattle/Texas/24-008749-003/2024(H5N1)	1323	1646
HA|PP755589.1|A/cattle/Texas/24-008749-003/2024(H5N1)	1324	1649
HA|PP755589.1|A/cattle/Texas/24-008749-003/2024(H5N1)	1325	1646
HA|PP755589.1|A/cattle/Texas/24-008749-003/2024(H5N1)	1326	1647
HA|PP755589.1|A/cattle/Texas/24-008749-003/2024(H5N1)	1327	1651
HA|PP755589.1|A/cattle/Texas/24-008749-003/2024(H5N1)	1328	1639
HA|PP755589.1|A/cattle/Texas/24-008749-003/2024(H5N1)	1329	1637
HA|PP755589.1|A/cattle/Texas/24-008749-003/2024(H5N1)	1330	1633
HA|PP755589.1|A/cattle/Texas/24-008749-003/2024(H5N1)	1331	1633
HA|PP755589.1|A/cattle/Texas/24-008749-003/2024(H5N1)	1332	1633
HA|PP755589.1|A/cattle/Texas/24-008749-003/2024(H5N1)	1333	1630
HA|PP755589.1|A/cattle/Texas/24-008749-003/2024(H5N1)	1334	1656
HA|PP755589.1|A/cattle/Texas/24-008749-003/2024(H5N1)	1335	1659
HA|PP755589.1|A/cattle/Texas/24-008749-003/2024(H5N1)	1336	1639
HA|PP755589.1|A/cattle/Texas/24-008749-003/2024(H5N1)	1337	1636
HA|PP755589.1|A/cattle/Texas/24-008749-003/2024(H5N1)	1338	1652
HA|PP755589.1|A/cattle/Texas/24-008749-003/2024(H5N1)	1339	1652
HA|PP755589.1|A/cattle/Texas/24-008749-003/2024(H5N1)	1340	1652
HA|PP755589.1|A/cattle/Texas/24-008749-003/2024(H5N1)	1341	1650
HA|PP755589.1|A/cattle/Texas/24-008749-003/2024(H5N1)	1342	1657
HA|PP755589.1|A/cattle/Texas/24-008749-003/2024(H5N1)	1343	1662
HA|PP755589.1|A/cattle/Texas/24-008749-003/2024(H5N1)	1344	1689
HA|PP755589.1|A/cattle/Texas/24-008749-003/2024(H5N1)	1345	1689
HA|PP755589.1|A/cattle/Texas/24-008749-003/2024(H5N1)	1346	1689
HA|PP755589.1|A/cattle/Texas/24-008749-003/2024(H5N1)	1347	1681
HA|PP755589.1|A/cattle/Texas/24-008749-003/2024(H5N1)	1348	1681
HA|PP755589.1|A/cattle/Texas/24-008749-003/2024(H5N1)	1349	1668
HA|PP755589.1|A/cattle/Texas/24-008749-003/2024(H5N1)	1350	1668
HA|PP755589.1|A/cattle/Texas/24-008749-003/2024(H5N1)	1351	1663
HA|PP755589.1|A/cattle/Texas/24-008749-003/2024(H5N1)	1352	1665
HA|PP755589.1|A/cattle/Texas/24-008749-003/2024(H5N1)	1353	1673
HA|PP755589.1|A/cattle/Texas/24-008749-003/2024(H5N1)	1354	1673
HA|PP755589.1|A/cattle/Texas/24-008749-003/2024(H5N1)	1355	1690
HA|PP755589.1|A/cattle/Texas/24-008749-003/2024(H5N1)	1356	1686
HA|PP755589.1|A/cattle/Texas/24-008749-003/2024(H5N1)	1357	1692
HA|PP755589.1|A/cattle/Texas/24-008749-003/2024(H5N1)	1358	1695
HA|PP755589.1|A/cattle/Texas/24-008749-003/2024(H5N1)	1359	1696
HA|PP755589.1|A/cattle/Texas/24-008749-003/2024(H5N1)	1360	1698
HA|PP755589.1|A/cattle/Texas/24-008749-003/2024(H5N1)	1361	1694
HA|PP755589.1|A/cattle/Texas/24-008749-003/2024(H5N1)	1362	1686
HA|PP755589.1|A/cattle/Texas/24-008749-003/2024(H5N1)	1363	1677
HA|PP755589.1|A/cattle/Texas/24-008749-003/2024(H5N1)	1364	1664
HA|PP755589.1|A/cattle/Texas/24-008749-003/2024(H5N1)	1365	1613
HA|PP755589.1|A/cattle/Texas/24-008749-003/2024(H5N1)	1366	1578
HA|PP755589.1|A/cattle/Texas/24-008749-003/2024(H5N1)	1367	1580
HA|PP755589.1|A/cattle/Texas/24-008749-003/2024(H5N1)	1368	1574
HA|PP755589.1|A/cattle/Texas/24-008749-003/2024(H5N1)	1369	1572
HA|PP755589.1|A/cattle/Texas/24-008749-003/2024(H5N1)	1370	1584
HA|PP755589.1|A/cattle/Texas/24-008749-003/2024(H5N1)	1371	1566
HA|PP755589.1|A/cattle/Texas/24-008749-003/2024(H5N1)	1372	1565
HA|PP755589.1|A/cattle/Texas/24-008749-003/2024(H5N1)	1373	1557
HA|PP755589.1|A/cattle/Texas/24-008749-003/2024(H5N1)	1374	1556
HA|PP755589.1|A/cattle/Texas/24-008749-003/2024(H5N1)	1375	1558
HA|PP755589.1|A/cattle/Texas/24-008749-003/2024(H5N1)	1376	1544
HA|PP755589.1|A/cattle/Texas/24-008749-003/2024(H5N1)	1377	1546
HA|PP755589.1|A/cattle/Texas/24-008749-003/2024(H5N1)	1378	1550
HA|PP755589.1|A/cattle/Texas/24-008749-003/2024(H5N1)	1379	1551
HA|PP755589.1|A/cattle/Texas/24-008749-003/2024(H5N1)	1380	1551
HA|PP755589.1|A/cattle/Texas/24-008749-003/2024(H5N1)	1381	1551
HA|PP755589.1|A/cattle/Texas/24-008749-003/2024(H5N1)	1382	1548
HA|PP755589.1|A/cattle/Texas/24-008749-003/2024(H5N1)	1383	1536
HA|PP755589.1|A/cattle/Texas/24-008749-003/2024(H5N1)	1384	1535
HA|PP755589.1|A/cattle/Texas/24-008749-003/2024(H5N1)	1385	1538
HA|PP755589.1|A/cattle/Texas/24-008749-003/2024(H5N1)	1386	1542
HA|PP755589.1|A/cattle/Texas/24-008749-003/2024(H5N1)	1387	1538
HA|PP755589.1|A/cattle/Texas/24-008749-003/2024(H5N1)	1388	1531
HA|PP755589.1|A/cattle/Texas/24-008749-003/2024(H5N1)	1389	1533
HA|PP755589.1|A/cattle/Texas/24-008749-003/2024(H5N1)	1390	1540
HA|PP755589.1|A/cattle/Texas/24-008749-003/2024(H5N1)	1391	1547
HA|PP755589.1|A/cattle/Texas/24-008749-003/2024(H5N1)	1392	1545
HA|PP755589.1|A/cattle/Texas/24-008749-003/2024(H5N1)	1393	1544
HA|PP755589.1|A/cattle/Texas/24-008749-003/2024(H5N1)	1394	1541
HA|PP755589.1|A/cattle/Texas/24-008749-003/2024(H5N1)	1395	1538
HA|PP755589.1|A/cattle/Texas/24-008749-003/2024(H5N1)	1396	1540
HA|PP755589.1|A/cattle/Texas/24-008749-003/2024(H5N1)	1397	1531
HA|PP755589.1|A/cattle/Texas/24-008749-003/2024(H5N1)	1398	1534
HA|PP755589.1|A/cattle/Texas/24-008749-003/2024(H5N1)	1399	1544
HA|PP755589.1|A/cattle/Texas/24-008749-003/2024(H5N1)	1400	1543
HA|PP755589.1|A/cattle/Texas/24-008749-003/2024(H5N1)	1401	1536
HA|PP755589.1|A/cattle/Texas/24-008749-003/2024(H5N1)	1402	1537
HA|PP755589.1|A/cattle/Texas/24-008749-003/2024(H5N1)	1403	1551
HA|PP755589.1|A/cattle/Texas/24-008749-003/2024(H5N1)	1404	1551
HA|PP755589.1|A/cattle/Texas/24-008749-003/2024(H5N1)	1405	1558
HA|PP755589.1|A/cattle/Texas/24-008749-003/2024(H5N1)	1406	1569
HA|PP755589.1|A/cattle/Texas/24-008749-003/2024(H5N1)	1407	1558
HA|PP755589.1|A/cattle/Texas/24-008749-003/2024(H5N1)	1408	1542
HA|PP755589.1|A/cattle/Texas/24-008749-003/2024(H5N1)	1409	1531
HA|PP755589.1|A/cattle/Texas/24-008749-003/2024(H5N1)	1410	1555
HA|PP755589.1|A/cattle/Texas/24-008749-003/2024(H5N1)	1411	1597
HA|PP755589.1|A/cattle/Texas/24-008749-003/2024(H5N1)	1412	1584
HA|PP755589.1|A/cattle/Texas/24-008749-003/2024(H5N1)	1413	1592
HA|PP755589.1|A/cattle/Texas/24-008749-003/2024(H5N1)	1414	1580
HA|PP755589.1|A/cattle/Texas/24-008749-003/2024(H5N1)	1415	1582
HA|PP755589.1|A/cattle/Texas/24-008749-003/2024(H5N1)	1416	1598
HA|PP755589.1|A/cattle/Texas/24-008749-003/2024(H5N1)	1417	1594
HA|PP755589.1|A/cattle/Texas/24-008749-003/2024(H5N1)	1418	1590
HA|PP755589.1|A/cattle/Texas/24-008749-003/2024(H5N1)	1419	1550
HA|PP755589.1|A/cattle/Texas/24-008749-003/2024(H5N1)	1420	1518
HA|PP755589.1|A/cattle/Texas/24-008749-003/2024(H5N1)	1421	1539
HA|PP755589.1|A/cattle/Texas/24-008749-003/2024(H5N1)	1422	1538
HA|PP755589.1|A/cattle/Texas/24-008749-003/2024(H5N1)	1423	1539
HA|PP755589.1|A/cattle/Texas/24-008749-003/2024(H5N1)	1424	1540
HA|PP755589.1|A/cattle/Texas/24-008749-003/2024(H5N1)	1425	1522
HA|PP755589.1|A/cattle/Texas/24-008749-003/2024(H5N1)	1426	1516
HA|PP755589.1|A/cattle/Texas/24-008749-003/2024(H5N1)	1427	1515
HA|PP755589.1|A/cattle/Texas/24-008749-003/2024(H5N1)	1428	1511
HA|PP755589.1|A/cattle/Texas/24-008749-003/2024(H5N1)	1429	1523
HA|PP755589.1|A/cattle/Texas/24-008749-003/2024(H5N1)	1430	1488
HA|PP755589.1|A/cattle/Texas/24-008749-003/2024(H5N1)	1431	1485
HA|PP755589.1|A/cattle/Texas/24-008749-003/2024(H5N1)	1432	1461
HA|PP755589.1|A/cattle/Texas/24-008749-003/2024(H5N1)	1433	1451
HA|PP755589.1|A/cattle/Texas/24-008749-003/2024(H5N1)	1434	1459
HA|PP755589.1|A/cattle/Texas/24-008749-003/2024(H5N1)	1435	1510
HA|PP755589.1|A/cattle/Texas/24-008749-003/2024(H5N1)	1436	1513
HA|PP755589.1|A/cattle/Texas/24-008749-003/2024(H5N1)	1437	1508
HA|PP755589.1|A/cattle/Texas/24-008749-003/2024(H5N1)	1438	1486
HA|PP755589.1|A/cattle/Texas/24-008749-003/2024(H5N1)	1439	1480
HA|PP755589.1|A/cattle/Texas/24-008749-003/2024(H5N1)	1440	1483
HA|PP755589.1|A/cattle/Texas/24-008749-003/2024(H5N1)	1441	1482
HA|PP755589.1|A/cattle/Texas/24-008749-003/2024(H5N1)	1442	1481
HA|PP755589.1|A/cattle/Texas/24-008749-003/2024(H5N1)	1443	1447
HA|PP755589.1|A/cattle/Texas/24-008749-003/2024(H5N1)	1444	1459
HA|PP755589.1|A/cattle/Texas/24-008749-003/2024(H5N1)	1445	1462
HA|PP755589.1|A/cattle/Texas/24-008749-003/2024(H5N1)	1446	1461
HA|PP755589.1|A/cattle/Texas/24-008749-003/2024(H5N1)	1447	1466
HA|PP755589.1|A/cattle/Texas/24-008749-003/2024(H5N1)	1448	1466
HA|PP755589.1|A/cattle/Texas/24-008749-003/2024(H5N1)	1449	1463
HA|PP755589.1|A/cattle/Texas/24-008749-003/2024(H5N1)	1450	1462
HA|PP755589.1|A/cattle/Texas/24-008749-003/2024(H5N1)	1451	1462
HA|PP755589.1|A/cattle/Texas/24-008749-003/2024(H5N1)	1452	1463
HA|PP755589.1|A/cattle/Texas/24-008749-003/2024(H5N1)	1453	1464
HA|PP755589.1|A/cattle/Texas/24-008749-003/2024(H5N1)	1454	1458
HA|PP755589.1|A/cattle/Texas/24-008749-003/2024(H5N1)	1455	1434
HA|PP755589.1|A/cattle/Texas/24-008749-003/2024(H5N1)	1456	1432
HA|PP755589.1|A/cattle/Texas/24-008749-003/2024(H5N1)	1457	1438
HA|PP755589.1|A/cattle/Texas/24-008749-003/2024(H5N1)	1458	1447
HA|PP755589.1|A/cattle/Texas/24-008749-003/2024(H5N1)	1459	1439
HA|PP755589.1|A/cattle/Texas/24-008749-003/2024(H5N1)	1460	1439
HA|PP755589.1|A/cattle/Texas/24-008749-003/2024(H5N1)	1461	1453
HA|PP755589.1|A/cattle/Texas/24-008749-003/2024(H5N1)	1462	1452
HA|PP755589.1|A/cattle/Texas/24-008749-003/2024(H5N1)	1463	1448
HA|PP755589.1|A/cattle/Texas/24-008749-003/2024(H5N1)	1464	1449
HA|PP755589.1|A/cattle/Texas/24-008749-003/2024(H5N1)	1465	1447
HA|PP755589.1|A/cattle/Texas/24-008749-003/2024(H5N1)	1466	1450
HA|PP755589.1|A/cattle/Texas/24-008749-003/2024(H5N1)	1467	1439
HA|PP755589.1|A/cattle/Texas/24-008749-003/2024(H5N1)	1468	1433
HA|PP755589.1|A/cattle/Texas/24-008749-003/2024(H5N1)	1469	1431
HA|PP755589.1|A/cattle/Texas/24-008749-003/2024(H5N1)	1470	1429
HA|PP755589.1|A/cattle/Texas/24-008749-003/2024(H5N1)	1471	1554
HA|PP755589.1|A/cattle/Texas/24-008749-003/2024(H5N1)	1472	1547
HA|PP755589.1|A/cattle/Texas/24-008749-003/2024(H5N1)	1473	1543
HA|PP755589.1|A/cattle/Texas/24-008749-003/2024(H5N1)	1474	1540
HA|PP755589.1|A/cattle/Texas/24-008749-003/2024(H5N1)	1475	1529
HA|PP755589.1|A/cattle/Texas/24-008749-003/2024(H5N1)	1476	1540
HA|PP755589.1|A/cattle/Texas/24-008749-003/2024(H5N1)	1477	1540
HA|PP755589.1|A/cattle/Texas/24-008749-003/2024(H5N1)	1478	1537
HA|PP755589.1|A/cattle/Texas/24-008749-003/2024(H5N1)	1479	1542
HA|PP755589.1|A/cattle/Texas/24-008749-003/2024(H5N1)	1480	1544
HA|PP755589.1|A/cattle/Texas/24-008749-003/2024(H5N1)	1481	1542
HA|PP755589.1|A/cattle/Texas/24-008749-003/2024(H5N1)	1482	1517
HA|PP755589.1|A/cattle/Texas/24-008749-003/2024(H5N1)	1483	1523
HA|PP755589.1|A/cattle/Texas/24-008749-003/2024(H5N1)	1484	1520
HA|PP755589.1|A/cattle/Texas/24-008749-003/2024(H5N1)	1485	1520
HA|PP755589.1|A/cattle/Texas/24-008749-003/2024(H5N1)	1486	1498
HA|PP755589.1|A/cattle/Texas/24-008749-003/2024(H5N1)	1487	1506
HA|PP755589.1|A/cattle/Texas/24-008749-003/2024(H5N1)	1488	1479
HA|PP755589.1|A/cattle/Texas/24-008749-003/2024(H5N1)	1489	1481
HA|PP755589.1|A/cattle/Texas/24-008749-003/2024(H5N1)	1490	1476
HA|PP755589.1|A/cattle/Texas/24-008749-003/2024(H5N1)	1491	1467
HA|PP755589.1|A/cattle/Texas/24-008749-003/2024(H5N1)	1492	1460
HA|PP755589.1|A/cattle/Texas/24-008749-003/2024(H5N1)	1493	1447
HA|PP755589.1|A/cattle/Texas/24-008749-003/2024(H5N1)	1494	1467
HA|PP755589.1|A/cattle/Texas/24-008749-003/2024(H5N1)	1495	1471
HA|PP755589.1|A/cattle/Texas/24-008749-003/2024(H5N1)	1496	1438
HA|PP755589.1|A/cattle/Texas/24-008749-003/2024(H5N1)	1497	1502
HA|PP755589.1|A/cattle/Texas/24-008749-003/2024(H5N1)	1498	1499
HA|PP755589.1|A/cattle/Texas/24-008749-003/2024(H5N1)	1499	1502
HA|PP755589.1|A/cattle/Texas/24-008749-003/2024(H5N1)	1500	1502
HA|PP755589.1|A/cattle/Texas/24-008749-003/2024(H5N1)	1501	1501
HA|PP755589.1|A/cattle/Texas/24-008749-003/2024(H5N1)	1502	1487
HA|PP755589.1|A/cattle/Texas/24-008749-003/2024(H5N1)	1503	1493
HA|PP755589.1|A/cattle/Texas/24-008749-003/2024(H5N1)	1504	1498
HA|PP755589.1|A/cattle/Texas/24-008749-003/2024(H5N1)	1505	1499
HA|PP755589.1|A/cattle/Texas/24-008749-003/2024(H5N1)	1506	1510
HA|PP755589.1|A/cattle/Texas/24-008749-003/2024(H5N1)	1507	1510
HA|PP755589.1|A/cattle/Texas/24-008749-003/2024(H5N1)	1508	1501
HA|PP755589.1|A/cattle/Texas/24-008749-003/2024(H5N1)	1509	1498
HA|PP755589.1|A/cattle/Texas/24-008749-003/2024(H5N1)	1510	1483
HA|PP755589.1|A/cattle/Texas/24-008749-003/2024(H5N1)	1511	1487
HA|PP755589.1|A/cattle/Texas/24-008749-003/2024(H5N1)	1512	1471
HA|PP755589.1|A/cattle/Texas/24-008749-003/2024(H5N1)	1513	1468
HA|PP755589.1|A/cattle/Texas/24-008749-003/2024(H5N1)	1514	1465
HA|PP755589.1|A/cattle/Texas/24-008749-003/2024(H5N1)	1515	1446
HA|PP755589.1|A/cattle/Texas/24-008749-003/2024(H5N1)	1516	1446
HA|PP755589.1|A/cattle/Texas/24-008749-003/2024(H5N1)	1517	1439
HA|PP755589.1|A/cattle/Texas/24-008749-003/2024(H5N1)	1518	1452
HA|PP755589.1|A/cattle/Texas/24-008749-003/2024(H5N1)	1519	1449
HA|PP755589.1|A/cattle/Texas/24-008749-003/2024(H5N1)	1520	1438
HA|PP755589.1|A/cattle/Texas/24-008749-003/2024(H5N1)	1521	1429
HA|PP755589.1|A/cattle/Texas/24-008749-003/2024(H5N1)	1522	1417
HA|PP755589.1|A/cattle/Texas/24-008749-003/2024(H5N1)	1523	1417
HA|PP755589.1|A/cattle/Texas/24-008749-003/2024(H5N1)	1524	1411
HA|PP755589.1|A/cattle/Texas/24-008749-003/2024(H5N1)	1525	1415
HA|PP755589.1|A/cattle/Texas/24-008749-003/2024(H5N1)	1526	1415
HA|PP755589.1|A/cattle/Texas/24-008749-003/2024(H5N1)	1527	1372
HA|PP755589.1|A/cattle/Texas/24-008749-003/2024(H5N1)	1528	1371
HA|PP755589.1|A/cattle/Texas/24-008749-003/2024(H5N1)	1529	1359
HA|PP755589.1|A/cattle/Texas/24-008749-003/2024(H5N1)	1530	1358
HA|PP755589.1|A/cattle/Texas/24-008749-003/2024(H5N1)	1531	1354
HA|PP755589.1|A/cattle/Texas/24-008749-003/2024(H5N1)	1532	1352
HA|PP755589.1|A/cattle/Texas/24-008749-003/2024(H5N1)	1533	1352
HA|PP755589.1|A/cattle/Texas/24-008749-003/2024(H5N1)	1534	1337
HA|PP755589.1|A/cattle/Texas/24-008749-003/2024(H5N1)	1535	1338
HA|PP755589.1|A/cattle/Texas/24-008749-003/2024(H5N1)	1536	1340
HA|PP755589.1|A/cattle/Texas/24-008749-003/2024(H5N1)	1537	1339
HA|PP755589.1|A/cattle/Texas/24-008749-003/2024(H5N1)	1538	1332
HA|PP755589.1|A/cattle/Texas/24-008749-003/2024(H5N1)	1539	1330
HA|PP755589.1|A/cattle/Texas/24-008749-003/2024(H5N1)	1540	1330
HA|PP755589.1|A/cattle/Texas/24-008749-003/2024(H5N1)	1541	1330
HA|PP755589.1|A/cattle/Texas/24-008749-003/2024(H5N1)	1542	1330
HA|PP755589.1|A/cattle/Texas/24-008749-003/2024(H5N1)	1543	1321
HA|PP755589.1|A/cattle/Texas/24-008749-003/2024(H5N1)	1544	1322
HA|PP755589.1|A/cattle/Texas/24-008749-003/2024(H5N1)	1545	1300
HA|PP755589.1|A/cattle/Texas/24-008749-003/2024(H5N1)	1546	1296
HA|PP755589.1|A/cattle/Texas/24-008749-003/2024(H5N1)	1547	1294
HA|PP755589.1|A/cattle/Texas/24-008749-003/2024(H5N1)	1548	1285
HA|PP755589.1|A/cattle/Texas/24-008749-003/2024(H5N1)	1549	1285
HA|PP755589.1|A/cattle/Texas/24-008749-003/2024(H5N1)	1550	1278
HA|PP755589.1|A/cattle/Texas/24-008749-003/2024(H5N1)	1551	1275
HA|PP755589.1|A/cattle/Texas/24-008749-003/2024(H5N1)	1552	1275
HA|PP755589.1|A/cattle/Texas/24-008749-003/2024(H5N1)	1553	1261
HA|PP755589.1|A/cattle/Texas/24-008749-003/2024(H5N1)	1554	1262
HA|PP755589.1|A/cattle/Texas/24-008749-003/2024(H5N1)	1555	1257
HA|PP755589.1|A/cattle/Texas/24-008749-003/2024(H5N1)	1556	1250
HA|PP755589.1|A/cattle/Texas/24-008749-003/2024(H5N1)	1557	1246
HA|PP755589.1|A/cattle/Texas/24-008749-003/2024(H5N1)	1558	1222
HA|PP755589.1|A/cattle/Texas/24-008749-003/2024(H5N1)	1559	1221
HA|PP755589.1|A/cattle/Texas/24-008749-003/2024(H5N1)	1560	1219
HA|PP755589.1|A/cattle/Texas/24-008749-003/2024(H5N1)	1561	1216
HA|PP755589.1|A/cattle/Texas/24-008749-003/2024(H5N1)	1562	1206
HA|PP755589.1|A/cattle/Texas/24-008749-003/2024(H5N1)	1563	1206
HA|PP755589.1|A/cattle/Texas/24-008749-003/2024(H5N1)	1564	1200
HA|PP755589.1|A/cattle/Texas/24-008749-003/2024(H5N1)	1565	1179
HA|PP755589.1|A/cattle/Texas/24-008749-003/2024(H5N1)	1566	1179
HA|PP755589.1|A/cattle/Texas/24-008749-003/2024(H5N1)	1567	1175
HA|PP755589.1|A/cattle/Texas/24-008749-003/2024(H5N1)	1568	1172
HA|PP755589.1|A/cattle/Texas/24-008749-003/2024(H5N1)	1569	1162
HA|PP755589.1|A/cattle/Texas/24-008749-003/2024(H5N1)	1570	1149
HA|PP755589.1|A/cattle/Texas/24-008749-003/2024(H5N1)	1571	1149
HA|PP755589.1|A/cattle/Texas/24-008749-003/2024(H5N1)	1572	1146
HA|PP755589.1|A/cattle/Texas/24-008749-003/2024(H5N1)	1573	1131
HA|PP755589.1|A/cattle/Texas/24-008749-003/2024(H5N1)	1574	1126
HA|PP755589.1|A/cattle/Texas/24-008749-003/2024(H5N1)	1575	1125
HA|PP755589.1|A/cattle/Texas/24-008749-003/2024(H5N1)	1576	1125
HA|PP755589.1|A/cattle/Texas/24-008749-003/2024(H5N1)	1577	1126
HA|PP755589.1|A/cattle/Texas/24-008749-003/2024(H5N1)	1578	1123
HA|PP755589.1|A/cattle/Texas/24-008749-003/2024(H5N1)	1579	1123
HA|PP755589.1|A/cattle/Texas/24-008749-003/2024(H5N1)	1580	1120
HA|PP755589.1|A/cattle/Texas/24-008749-003/2024(H5N1)	1581	1118
HA|PP755589.1|A/cattle/Texas/24-008749-003/2024(H5N1)	1582	1118
HA|PP755589.1|A/cattle/Texas/24-008749-003/2024(H5N1)	1583	1108
HA|PP755589.1|A/cattle/Texas/24-008749-003/2024(H5N1)	1584	1080
HA|PP755589.1|A/cattle/Texas/24-008749-003/2024(H5N1)	1585	1076
HA|PP755589.1|A/cattle/Texas/24-008749-003/2024(H5N1)	1586	1088
HA|PP755589.1|A/cattle/Texas/24-008749-003/2024(H5N1)	1587	1088
HA|PP755589.1|A/cattle/Texas/24-008749-003/2024(H5N1)	1588	1085
HA|PP755589.1|A/cattle/Texas/24-008749-003/2024(H5N1)	1589	1061
HA|PP755589.1|A/cattle/Texas/24-008749-003/2024(H5N1)	1590	1063
HA|PP755589.1|A/cattle/Texas/24-008749-003/2024(H5N1)	1591	1063
HA|PP755589.1|A/cattle/Texas/24-008749-003/2024(H5N1)	1592	1060
HA|PP755589.1|A/cattle/Texas/24-008749-003/2024(H5N1)	1593	1045
HA|PP755589.1|A/cattle/Texas/24-008749-003/2024(H5N1)	1594	1026
HA|PP755589.1|A/cattle/Texas/24-008749-003/2024(H5N1)	1595	988
HA|PP755589.1|A/cattle/Texas/24-008749-003/2024(H5N1)	1596	987
HA|PP755589.1|A/cattle/Texas/24-008749-003/2024(H5N1)	1597	987
HA|PP755589.1|A/cattle/Texas/24-008749-003/2024(H5N1)	1598	987
HA|PP755589.1|A/cattle/Texas/24-008749-003/2024(H5N1)	1599	982
HA|PP755589.1|A/cattle/Texas/24-008749-003/2024(H5N1)	1600	984
HA|PP755589.1|A/cattle/Texas/24-008749-003/2024(H5N1)	1601	983
HA|PP755589.1|A/cattle/Texas/24-008749-003/2024(H5N1)	1602	987
HA|PP755589.1|A/cattle/Texas/24-008749-003/2024(H5N1)	1603	970
HA|PP755589.1|A/cattle/Texas/24-008749-003/2024(H5N1)	1604	969
HA|PP755589.1|A/cattle/Texas/24-008749-003/2024(H5N1)	1605	962
HA|PP755589.1|A/cattle/Texas/24-008749-003/2024(H5N1)	1606	954
HA|PP755589.1|A/cattle/Texas/24-008749-003/2024(H5N1)	1607	938
HA|PP755589.1|A/cattle/Texas/24-008749-003/2024(H5N1)	1608	933
HA|PP755589.1|A/cattle/Texas/24-008749-003/2024(H5N1)	1609	926
HA|PP755589.1|A/cattle/Texas/24-008749-003/2024(H5N1)	1610	925
HA|PP755589.1|A/cattle/Texas/24-008749-003/2024(H5N1)	1611	908
HA|PP755589.1|A/cattle/Texas/24-008749-003/2024(H5N1)	1612	907
HA|PP755589.1|A/cattle/Texas/24-008749-003/2024(H5N1)	1613	902
HA|PP755589.1|A/cattle/Texas/24-008749-003/2024(H5N1)	1614	902
HA|PP755589.1|A/cattle/Texas/24-008749-003/2024(H5N1)	1615	902
HA|PP755589.1|A/cattle/Texas/24-008749-003/2024(H5N1)	1616	897
HA|PP755589.1|A/cattle/Texas/24-008749-003/2024(H5N1)	1617	896
HA|PP755589.1|A/cattle/Texas/24-008749-003/2024(H5N1)	1618	894
HA|PP755589.1|A/cattle/Texas/24-008749-003/2024(H5N1)	1619	896
HA|PP755589.1|A/cattle/Texas/24-008749-003/2024(H5N1)	1620	895
HA|PP755589.1|A/cattle/Texas/24-008749-003/2024(H5N1)	1621	889
HA|PP755589.1|A/cattle/Texas/24-008749-003/2024(H5N1)	1622	893
HA|PP755589.1|A/cattle/Texas/24-008749-003/2024(H5N1)	1623	891
HA|PP755589.1|A/cattle/Texas/24-008749-003/2024(H5N1)	1624	889
HA|PP755589.1|A/cattle/Texas/24-008749-003/2024(H5N1)	1625	889
HA|PP755589.1|A/cattle/Texas/24-008749-003/2024(H5N1)	1626	888
HA|PP755589.1|A/cattle/Texas/24-008749-003/2024(H5N1)	1627	888
HA|PP755589.1|A/cattle/Texas/24-008749-003/2024(H5N1)	1628	876
HA|PP755589.1|A/cattle/Texas/24-008749-003/2024(H5N1)	1629	859
HA|PP755589.1|A/cattle/Texas/24-008749-003/2024(H5N1)	1630	855
HA|PP755589.1|A/cattle/Texas/24-008749-003/2024(H5N1)	1631	822
HA|PP755589.1|A/cattle/Texas/24-008749-003/2024(H5N1)	1632	822
HA|PP755589.1|A/cattle/Texas/24-008749-003/2024(H5N1)	1633	822
HA|PP755589.1|A/cattle/Texas/24-008749-003/2024(H5N1)	1634	817
HA|PP755589.1|A/cattle/Texas/24-008749-003/2024(H5N1)	1635	816
HA|PP755589.1|A/cattle/Texas/24-008749-003/2024(H5N1)	1636	811
HA|PP755589.1|A/cattle/Texas/24-008749-003/2024(H5N1)	1637	805
HA|PP755589.1|A/cattle/Texas/24-008749-003/2024(H5N1)	1638	804
HA|PP755589.1|A/cattle/Texas/24-008749-003/2024(H5N1)	1639	799
HA|PP755589.1|A/cattle/Texas/24-008749-003/2024(H5N1)	1640	796
HA|PP755589.1|A/cattle/Texas/24-008749-003/2024(H5N1)	1641	785
HA|PP755589.1|A/cattle/Texas/24-008749-003/2024(H5N1)	1642	776
HA|PP755589.1|A/cattle/Texas/24-008749-003/2024(H5N1)	1643	771
HA|PP755589.1|A/cattle/Texas/24-008749-003/2024(H5N1)	1644	771
HA|PP755589.1|A/cattle/Texas/24-008749-003/2024(H5N1)	1645	768
HA|PP755589.1|A/cattle/Texas/24-008749-003/2024(H5N1)	1646	763
HA|PP755589.1|A/cattle/Texas/24-008749-003/2024(H5N1)	1647	741
HA|PP755589.1|A/cattle/Texas/24-008749-003/2024(H5N1)	1648	741
HA|PP755589.1|A/cattle/Texas/24-008749-003/2024(H5N1)	1649	749
HA|PP755589.1|A/cattle/Texas/24-008749-003/2024(H5N1)	1650	742
HA|PP755589.1|A/cattle/Texas/24-008749-003/2024(H5N1)	1651	739
HA|PP755589.1|A/cattle/Texas/24-008749-003/2024(H5N1)	1652	737
HA|PP755589.1|A/cattle/Texas/24-008749-003/2024(H5N1)	1653	738
HA|PP755589.1|A/cattle/Texas/24-008749-003/2024(H5N1)	1654	732
HA|PP755589.1|A/cattle/Texas/24-008749-003/2024(H5N1)	1655	731
HA|PP755589.1|A/cattle/Texas/24-008749-003/2024(H5N1)	1656	722
HA|PP755589.1|A/cattle/Texas/24-008749-003/2024(H5N1)	1657	699
HA|PP755589.1|A/cattle/Texas/24-008749-003/2024(H5N1)	1658	677
HA|PP755589.1|A/cattle/Texas/24-008749-003/2024(H5N1)	1659	673
HA|PP755589.1|A/cattle/Texas/24-008749-003/2024(H5N1)	1660	673
HA|PP755589.1|A/cattle/Texas/24-008749-003/2024(H5N1)	1661	657
HA|PP755589.1|A/cattle/Texas/24-008749-003/2024(H5N1)	1662	618
HA|PP755589.1|A/cattle/Texas/24-008749-003/2024(H5N1)	1663	607
HA|PP755589.1|A/cattle/Texas/24-008749-003/2024(H5N1)	1664	586
HA|PP755589.1|A/cattle/Texas/24-008749-003/2024(H5N1)	1665	584
HA|PP755589.1|A/cattle/Texas/24-008749-003/2024(H5N1)	1666	567
HA|PP755589.1|A/cattle/Texas/24-008749-003/2024(H5N1)	1667	562
HA|PP755589.1|A/cattle/Texas/24-008749-003/2024(H5N1)	1668	562
HA|PP755589.1|A/cattle/Texas/24-008749-003/2024(H5N1)	1669	562
HA|PP755589.1|A/cattle/Texas/24-008749-003/2024(H5N1)	1670	562
HA|PP755589.1|A/cattle/Texas/24-008749-003/2024(H5N1)	1671	540
HA|PP755589.1|A/cattle/Texas/24-008749-003/2024(H5N1)	1672	537
HA|PP755589.1|A/cattle/Texas/24-008749-003/2024(H5N1)	1673	537
HA|PP755589.1|A/cattle/Texas/24-008749-003/2024(H5N1)	1674	532
HA|PP755589.1|A/cattle/Texas/24-008749-003/2024(H5N1)	1675	531
HA|PP755589.1|A/cattle/Texas/24-008749-003/2024(H5N1)	1676	519
HA|PP755589.1|A/cattle/Texas/24-008749-003/2024(H5N1)	1677	513
HA|PP755589.1|A/cattle/Texas/24-008749-003/2024(H5N1)	1678	512
HA|PP755589.1|A/cattle/Texas/24-008749-003/2024(H5N1)	1679	489
HA|PP755589.1|A/cattle/Texas/24-008749-003/2024(H5N1)	1680	487
HA|PP755589.1|A/cattle/Texas/24-008749-003/2024(H5N1)	1681	487
HA|PP755589.1|A/cattle/Texas/24-008749-003/2024(H5N1)	1682	486
HA|PP755589.1|A/cattle/Texas/24-008749-003/2024(H5N1)	1683	485
HA|PP755589.1|A/cattle/Texas/24-008749-003/2024(H5N1)	1684	481
HA|PP755589.1|A/cattle/Texas/24-008749-003/2024(H5N1)	1685	406
HA|PP755589.1|A/cattle/Texas/24-008749-003/2024(H5N1)	1686	405
HA|PP755589.1|A/cattle/Texas/24-008749-003/2024(H5N1)	1687	403
HA|PP755589.1|A/cattle/Texas/24-008749-003/2024(H5N1)	1688	403
HA|PP755589.1|A/cattle/Texas/24-008749-003/2024(H5N1)	1689	402
HA|PP755589.1|A/cattle/Texas/24-008749-003/2024(H5N1)	1690	389
HA|PP755589.1|A/cattle/Texas/24-008749-003/2024(H5N1)	1691	387
HA|PP755589.1|A/cattle/Texas/24-008749-003/2024(H5N1)	1692	383
HA|PP755589.1|A/cattle/Texas/24-008749-003/2024(H5N1)	1693	383
HA|PP755589.1|A/cattle/Texas/24-008749-003/2024(H5N1)	1694	381
HA|PP755589.1|A/cattle/Texas/24-008749-003/2024(H5N1)	1695	346
HA|PP755589.1|A/cattle/Texas/24-008749-003/2024(H5N1)	1696	345
HA|PP755589.1|A/cattle/Texas/24-008749-003/2024(H5N1)	1697	345
HA|PP755589.1|A/cattle/Texas/24-008749-003/2024(H5N1)	1698	344
HA|PP755589.1|A/cattle/Texas/24-008749-003/2024(H5N1)	1699	344
HA|PP755589.1|A/cattle/Texas/24-008749-003/2024(H5N1)	1700	334
HA|PP755589.1|A/cattle/Texas/24-008749-003/2024(H5N1)	1701	328
HA|PP755589.1|A/cattle/Texas/24-008749-003/2024(H5N1)	1702	328
HA|PP755589.1|A/cattle/Texas/24-008749-003/2024(H5N1)	1703	327
HA|PP755589.1|A/cattle/Texas/24-008749-003/2024(H5N1)	1704	326
