PB1|PP755595.1|A/cattle/Texas/24-008749-003/2024(H5N1)	1	986
PB1|PP755595.1|A/cattle/Texas/24-008749-003/2024(H5N1)	2	991
PB1|PP755595.1|A/cattle/Texas/24-008749-003/2024(H5N1)	3	997
PB1|PP755595.1|A/cattle/Texas/24-008749-003/2024(H5N1)	4	1007
PB1|PP755595.1|A/cattle/Texas/24-008749-003/2024(H5N1)	5	1027
PB1|PP755595.1|A/cattle/Texas/24-008749-003/2024(H5N1)	6	1038
PB1|PP755595.1|A/cattle/Texas/24-008749-003/2024(H5N1)	7	1038
PB1|PP755595.1|A/cattle/Texas/24-008749-003/2024(H5N1)	8	1039
PB1|PP755595.1|A/cattle/Texas/24-008749-003/2024(H5N1)	9	1057
PB1|PP755595.1|A/cattle/Texas/24-008749-003/2024(H5N1)	10	1059
PB1|PP755595.1|A/cattle/Texas/24-008749-003/2024(H5N1)	11	1065
PB1|PP755595.1|A/cattle/Texas/24-008749-003/2024(H5N1)	12	1065
PB1|PP755595.1|A/cattle/Texas/24-008749-003/2024(H5N1)	13	1065
PB1|PP755595.1|A/cattle/Texas/24-008749-003/2024(H5N1)	14	1066
PB1|PP755595.1|A/cattle/Texas/24-008749-003/2024(H5N1)	15	1077
PB1|PP755595.1|A/cattle/Texas/24-008749-003/2024(H5N1)	16	1201
PB1|PP755595.1|A/cattle/Texas/24-008749-003/2024(H5N1)	17	1204
PB1|PP755595.1|A/cattle/Texas/24-008749-003/2024(H5N1)	18	1204
PB1|PP755595.1|A/cattle/Texas/24-008749-003/2024(H5N1)	19	1213
PB1|PP755595.1|A/cattle/Texas/24-008749-003/2024(H5N1)	20	1214
PB1|PP755595.1|A/cattle/Texas/24-008749-003/2024(H5N1)	21	1216
PB1|PP755595.1|A/cattle/Texas/24-008749-003/2024(H5N1)	22	1220
PB1|PP755595.1|A/cattle/Texas/24-008749-003/2024(H5N1)	23	1220
PB1|PP755595.1|A/cattle/Texas/24-008749-003/2024(H5N1)	24	1246
PB1|PP755595.1|A/cattle/Texas/24-008749-003/2024(H5N1)	25	1247
PB1|PP755595.1|A/cattle/Texas/24-008749-003/2024(H5N1)	26	1274
PB1|PP755595.1|A/cattle/Texas/24-008749-003/2024(H5N1)	27	1277
PB1|PP755595.1|A/cattle/Texas/24-008749-003/2024(H5N1)	28	1278
PB1|PP755595.1|A/cattle/Texas/24-008749-003/2024(H5N1)	29	1278
PB1|PP755595.1|A/cattle/Texas/24-008749-003/2024(H5N1)	30	1258
PB1|PP755595.1|A/cattle/Texas/24-008749-003/2024(H5N1)	31	1249
PB1|PP755595.1|A/cattle/Texas/24-008749-003/2024(H5N1)	32	1256
PB1|PP755595.1|A/cattle/Texas/24-008749-003/2024(H5N1)	33	1259
PB1|PP755595.1|A/cattle/Texas/24-008749-003/2024(H5N1)	34	1307
PB1|PP755595.1|A/cattle/Texas/24-008749-003/2024(H5N1)	35	1318
PB1|PP755595.1|A/cattle/Texas/24-008749-003/2024(H5N1)	36	1320
PB1|PP755595.1|A/cattle/Texas/24-008749-003/2024(H5N1)	37	1323
PB1|PP755595.1|A/cattle/Texas/24-008749-003/2024(H5N1)	38	1323
PB1|PP755595.1|A/cattle/Texas/24-008749-003/2024(H5N1)	39	1324
PB1|PP755595.1|A/cattle/Texas/24-008749-003/2024(H5N1)	40	1344
PB1|PP755595.1|A/cattle/Texas/24-008749-003/2024(H5N1)	41	1359
PB1|PP755595.1|A/cattle/Texas/24-008749-003/2024(H5N1)	42	1362
PB1|PP755595.1|A/cattle/Texas/24-008749-003/2024(H5N1)	43	1370
PB1|PP755595.1|A/cattle/Texas/24-008749-003/2024(H5N1)	44	1174
PB1|PP755595.1|A/cattle/Texas/24-008749-003/2024(H5N1)	45	1373
PB1|PP755595.1|A/cattle/Texas/24-008749-003/2024(H5N1)	46	1379
PB1|PP755595.1|A/cattle/Texas/24-008749-003/2024(H5N1)	47	1386
PB1|PP755595.1|A/cattle/Texas/24-008749-003/2024(H5N1)	48	1455
PB1|PP755595.1|A/cattle/Texas/24-008749-003/2024(H5N1)	49	1480
PB1|PP755595.1|A/cattle/Texas/24-008749-003/2024(H5N1)	50	1491
PB1|PP755595.1|A/cattle/Texas/24-008749-003/2024(H5N1)	51	1490
PB1|PP755595.1|A/cattle/Texas/24-008749-003/2024(H5N1)	52	1494
PB1|PP755595.1|A/cattle/Texas/24-008749-003/2024(H5N1)	53	1502
PB1|PP755595.1|A/cattle/Texas/24-008749-003/2024(H5N1)	54	1531
PB1|PP755595.1|A/cattle/Texas/24-008749-003/2024(H5N1)	55	1532
PB1|PP755595.1|A/cattle/Texas/24-008749-003/2024(H5N1)	56	1540
PB1|PP755595.1|A/cattle/Texas/24-008749-003/2024(H5N1)	57	1552
PB1|PP755595.1|A/cattle/Texas/24-008749-003/2024(H5N1)	58	1556
PB1|PP755595.1|A/cattle/Texas/24-008749-003/2024(H5N1)	59	1583
PB1|PP755595.1|A/cattle/Texas/24-008749-003/2024(H5N1)	60	1583
PB1|PP755595.1|A/cattle/Texas/24-008749-003/2024(H5N1)	61	1594
PB1|PP755595.1|A/cattle/Texas/24-008749-003/2024(H5N1)	62	1603
PB1|PP755595.1|A/cattle/Texas/24-008749-003/2024(H5N1)	63	1598
PB1|PP755595.1|A/cattle/Texas/24-008749-003/2024(H5N1)	64	1628
PB1|PP755595.1|A/cattle/Texas/24-008749-003/2024(H5N1)	65	1632
PB1|PP755595.1|A/cattle/Texas/24-008749-003/2024(H5N1)	66	1741
PB1|PP755595.1|A/cattle/Texas/24-008749-003/2024(H5N1)	67	1743
PB1|PP755595.1|A/cattle/Texas/24-008749-003/2024(H5N1)	68	1737
PB1|PP755595.1|A/cattle/Texas/24-008749-003/2024(H5N1)	69	1758
PB1|PP755595.1|A/cattle/Texas/24-008749-003/2024(H5N1)	70	1758
PB1|PP755595.1|A/cattle/Texas/24-008749-003/2024(H5N1)	71	1834
PB1|PP755595.1|A/cattle/Texas/24-008749-003/2024(H5N1)	72	1836
PB1|PP755595.1|A/cattle/Texas/24-008749-003/2024(H5N1)	73	1837
PB1|PP755595.1|A/cattle/Texas/24-008749-003/2024(H5N1)	74	1834
PB1|PP755595.1|A/cattle/Texas/24-008749-003/2024(H5N1)	75	1819
PB1|PP755595.1|A/cattle/Texas/24-008749-003/2024(H5N1)	76	1823
PB1|PP755595.1|A/cattle/Texas/24-008749-003/2024(H5N1)	77	1829
PB1|PP755595.1|A/cattle/Texas/24-008749-003/2024(H5N1)	78	1823
PB1|PP755595.1|A/cattle/Texas/24-008749-003/2024(H5N1)	79	1824
PB1|PP755595.1|A/cattle/Texas/24-008749-003/2024(H5N1)	80	1826
PB1|PP755595.1|A/cattle/Texas/24-008749-003/2024(H5N1)	81	1831
PB1|PP755595.1|A/cattle/Texas/24-008749-003/2024(H5N1)	82	1922
PB1|PP755595.1|A/cattle/Texas/24-008749-003/2024(H5N1)	83	1930
PB1|PP755595.1|A/cattle/Texas/24-008749-003/2024(H5N1)	84	1933
PB1|PP755595.1|A/cattle/Texas/24-008749-003/2024(H5N1)	85	2002
PB1|PP755595.1|A/cattle/Texas/24-008749-003/2024(H5N1)	86	2013
PB1|PP755595.1|A/cattle/Texas/24-008749-003/2024(H5N1)	87	2024
PB1|PP755595.1|A/cattle/Texas/24-008749-003/2024(H5N1)	88	2025
PB1|PP755595.1|A/cattle/Texas/24-008749-003/2024(H5N1)	89	2023
PB1|PP755595.1|A/cattle/Texas/24-008749-003/2024(H5N1)	90	2008
PB1|PP755595.1|A/cattle/Texas/24-008749-003/2024(H5N1)	91	1974
PB1|PP755595.1|A/cattle/Texas/24-008749-003/2024(H5N1)	92	2007
PB1|PP755595.1|A/cattle/Texas/24-008749-003/2024(H5N1)	93	2029
PB1|PP755595.1|A/cattle/Texas/24-008749-003/2024(H5N1)	94	2007
PB1|PP755595.1|A/cattle/Texas/24-008749-003/2024(H5N1)	95	2018
PB1|PP755595.1|A/cattle/Texas/24-008749-003/2024(H5N1)	96	2013
PB1|PP755595.1|A/cattle/Texas/24-008749-003/2024(H5N1)	97	2018
PB1|PP755595.1|A/cattle/Texas/24-008749-003/2024(H5N1)	98	2052
PB1|PP755595.1|A/cattle/Texas/24-008749-003/2024(H5N1)	99	2060
PB1|PP755595.1|A/cattle/Texas/24-008749-003/2024(H5N1)	100	2054
PB1|PP755595.1|A/cattle/Texas/24-008749-003/2024(H5N1)	101	2045
PB1|PP755595.1|A/cattle/Texas/24-008749-003/2024(H5N1)	102	2027
PB1|PP755595.1|A/cattle/Texas/24-008749-003/2024(H5N1)	103	2056
PB1|PP755595.1|A/cattle/Texas/24-008749-003/2024(H5N1)	104	2123
PB1|PP755595.1|A/cattle/Texas/24-008749-003/2024(H5N1)	105	2129
PB1|PP755595.1|A/cattle/Texas/24-008749-003/2024(H5N1)	106	2130
PB1|PP755595.1|A/cattle/Texas/24-008749-003/2024(H5N1)	107	2130
PB1|PP755595.1|A/cattle/Texas/24-008749-003/2024(H5N1)	108	2119
PB1|PP755595.1|A/cattle/Texas/24-008749-003/2024(H5N1)	109	2306
PB1|PP755595.1|A/cattle/Texas/24-008749-003/2024(H5N1)	110	2329
PB1|PP755595.1|A/cattle/Texas/24-008749-003/2024(H5N1)	111	2348
PB1|PP755595.1|A/cattle/Texas/24-008749-003/2024(H5N1)	112	2335
PB1|PP755595.1|A/cattle/Texas/24-008749-003/2024(H5N1)	113	2326
PB1|PP755595.1|A/cattle/Texas/24-008749-003/2024(H5N1)	114	2346
PB1|PP755595.1|A/cattle/Texas/24-008749-003/2024(H5N1)	115	2432
PB1|PP755595.1|A/cattle/Texas/24-008749-003/2024(H5N1)	116	2449
PB1|PP755595.1|A/cattle/Texas/24-008749-003/2024(H5N1)	117	2431
PB1|PP755595.1|A/cattle/Texas/24-008749-003/2024(H5N1)	118	2330
PB1|PP755595.1|A/cattle/Texas/24-008749-003/2024(H5N1)	119	2326
PB1|PP755595.1|A/cattle/Texas/24-008749-003/2024(H5N1)	120	2342
PB1|PP755595.1|A/cattle/Texas/24-008749-003/2024(H5N1)	121	2362
PB1|PP755595.1|A/cattle/Texas/24-008749-003/2024(H5N1)	122	2389
PB1|PP755595.1|A/cattle/Texas/24-008749-003/2024(H5N1)	123	2394
PB1|PP755595.1|A/cattle/Texas/24-008749-003/2024(H5N1)	124	2336
PB1|PP755595.1|A/cattle/Texas/24-008749-003/2024(H5N1)	125	2346
PB1|PP755595.1|A/cattle/Texas/24-008749-003/2024(H5N1)	126	2341
PB1|PP755595.1|A/cattle/Texas/24-008749-003/2024(H5N1)	127	2156
PB1|PP755595.1|A/cattle/Texas/24-008749-003/2024(H5N1)	128	2110
PB1|PP755595.1|A/cattle/Texas/24-008749-003/2024(H5N1)	129	2019
PB1|PP755595.1|A/cattle/Texas/24-008749-003/2024(H5N1)	130	2020
PB1|PP755595.1|A/cattle/Texas/24-008749-003/2024(H5N1)	131	2035
PB1|PP755595.1|A/cattle/Texas/24-008749-003/2024(H5N1)	132	2020
PB1|PP755595.1|A/cattle/Texas/24-008749-003/2024(H5N1)	133	2017
PB1|PP755595.1|A/cattle/Texas/24-008749-003/2024(H5N1)	134	2036
PB1|PP755595.1|A/cattle/Texas/24-008749-003/2024(H5N1)	135	2039
PB1|PP755595.1|A/cattle/Texas/24-008749-003/2024(H5N1)	136	2027
PB1|PP755595.1|A/cattle/Texas/24-008749-003/2024(H5N1)	137	2007
PB1|PP755595.1|A/cattle/Texas/24-008749-003/2024(H5N1)	138	1978
PB1|PP755595.1|A/cattle/Texas/24-008749-003/2024(H5N1)	139	2078
PB1|PP755595.1|A/cattle/Texas/24-008749-003/2024(H5N1)	140	2072
PB1|PP755595.1|A/cattle/Texas/24-008749-003/2024(H5N1)	141	2087
PB1|PP755595.1|A/cattle/Texas/24-008749-003/2024(H5N1)	142	2079
PB1|PP755595.1|A/cattle/Texas/24-008749-003/2024(H5N1)	143	2070
PB1|PP755595.1|A/cattle/Texas/24-008749-003/2024(H5N1)	144	2061
PB1|PP755595.1|A/cattle/Texas/24-008749-003/2024(H5N1)	145	2054
PB1|PP755595.1|A/cattle/Texas/24-008749-003/2024(H5N1)	146	2049
PB1|PP755595.1|A/cattle/Texas/24-008749-003/2024(H5N1)	147	2047
PB1|PP755595.1|A/cattle/Texas/24-008749-003/2024(H5N1)	148	2025
PB1|PP755595.1|A/cattle/Texas/24-008749-003/2024(H5N1)	149	2009
PB1|PP755595.1|A/cattle/Texas/24-008749-003/2024(H5N1)	150	2005
PB1|PP755595.1|A/cattle/Texas/24-008749-003/2024(H5N1)	151	2009
PB1|PP755595.1|A/cattle/Texas/24-008749-003/2024(H5N1)	152	2049
PB1|PP755595.1|A/cattle/Texas/24-008749-003/2024(H5N1)	153	2056
PB1|PP755595.1|A/cattle/Texas/24-008749-003/2024(H5N1)	154	2010
PB1|PP755595.1|A/cattle/Texas/24-008749-003/2024(H5N1)	155	2009
PB1|PP755595.1|A/cattle/Texas/24-008749-003/2024(H5N1)	156	1977
PB1|PP755595.1|A/cattle/Texas/24-008749-003/2024(H5N1)	157	1945
PB1|PP755595.1|A/cattle/Texas/24-008749-003/2024(H5N1)	158	1937
PB1|PP755595.1|A/cattle/Texas/24-008749-003/2024(H5N1)	159	1916
PB1|PP755595.1|A/cattle/Texas/24-008749-003/2024(H5N1)	160	1904
PB1|PP755595.1|A/cattle/Texas/24-008749-003/2024(H5N1)	161	1903
PB1|PP755595.1|A/cattle/Texas/24-008749-003/2024(H5N1)	162	1908
PB1|PP755595.1|A/cattle/Texas/24-008749-003/2024(H5N1)	163	1909
PB1|PP755595.1|A/cattle/Texas/24-008749-003/2024(H5N1)	164	1912
PB1|PP755595.1|A/cattle/Texas/24-008749-003/2024(H5N1)	165	1916
PB1|PP755595.1|A/cattle/Texas/24-008749-003/2024(H5N1)	166	1891
PB1|PP755595.1|A/cattle/Texas/24-008749-003/2024(H5N1)	167	1829
PB1|PP755595.1|A/cattle/Texas/24-008749-003/2024(H5N1)	168	1823
PB1|PP755595.1|A/cattle/Texas/24-008749-003/2024(H5N1)	169	1824
PB1|PP755595.1|A/cattle/Texas/24-008749-003/2024(H5N1)	170	1819
PB1|PP755595.1|A/cattle/Texas/24-008749-003/2024(H5N1)	171	1814
PB1|PP755595.1|A/cattle/Texas/24-008749-003/2024(H5N1)	172	1815
PB1|PP755595.1|A/cattle/Texas/24-008749-003/2024(H5N1)	173	1818
PB1|PP755595.1|A/cattle/Texas/24-008749-003/2024(H5N1)	174	1807
PB1|PP755595.1|A/cattle/Texas/24-008749-003/2024(H5N1)	175	1805
PB1|PP755595.1|A/cattle/Texas/24-008749-003/2024(H5N1)	176	1787
PB1|PP755595.1|A/cattle/Texas/24-008749-003/2024(H5N1)	177	1785
PB1|PP755595.1|A/cattle/Texas/24-008749-003/2024(H5N1)	178	1783
PB1|PP755595.1|A/cattle/Texas/24-008749-003/2024(H5N1)	179	1802
PB1|PP755595.1|A/cattle/Texas/24-008749-003/2024(H5N1)	180	1812
PB1|PP755595.1|A/cattle/Texas/24-008749-003/2024(H5N1)	181	1813
PB1|PP755595.1|A/cattle/Texas/24-008749-003/2024(H5N1)	182	1808
PB1|PP755595.1|A/cattle/Texas/24-008749-003/2024(H5N1)	183	1773
PB1|PP755595.1|A/cattle/Texas/24-008749-003/2024(H5N1)	184	1773
PB1|PP755595.1|A/cattle/Texas/24-008749-003/2024(H5N1)	185	1780
PB1|PP755595.1|A/cattle/Texas/24-008749-003/2024(H5N1)	186	1777
PB1|PP755595.1|A/cattle/Texas/24-008749-003/2024(H5N1)	187	1804
PB1|PP755595.1|A/cattle/Texas/24-008749-003/2024(H5N1)	188	1824
PB1|PP755595.1|A/cattle/Texas/24-008749-003/2024(H5N1)	189	1816
PB1|PP755595.1|A/cattle/Texas/24-008749-003/2024(H5N1)	190	1893
PB1|PP755595.1|A/cattle/Texas/24-008749-003/2024(H5N1)	191	1874
PB1|PP755595.1|A/cattle/Texas/24-008749-003/2024(H5N1)	192	1876
PB1|PP755595.1|A/cattle/Texas/24-008749-003/2024(H5N1)	193	1875
PB1|PP755595.1|A/cattle/Texas/24-008749-003/2024(H5N1)	194	1579
PB1|PP755595.1|A/cattle/Texas/24-008749-003/2024(H5N1)	195	1588
PB1|PP755595.1|A/cattle/Texas/24-008749-003/2024(H5N1)	196	1593
PB1|PP755595.1|A/cattle/Texas/24-008749-003/2024(H5N1)	197	1586
PB1|PP755595.1|A/cattle/Texas/24-008749-003/2024(H5N1)	198	1589
PB1|PP755595.1|A/cattle/Texas/24-008749-003/2024(H5N1)	199	1506
PB1|PP755595.1|A/cattle/Texas/24-008749-003/2024(H5N1)	200	1503
PB1|PP755595.1|A/cattle/Texas/24-008749-003/2024(H5N1)	201	1504
PB1|PP755595.1|A/cattle/Texas/24-008749-003/2024(H5N1)	202	1502
PB1|PP755595.1|A/cattle/Texas/24-008749-003/2024(H5N1)	203	1510
PB1|PP755595.1|A/cattle/Texas/24-008749-003/2024(H5N1)	204	1485
PB1|PP755595.1|A/cattle/Texas/24-008749-003/2024(H5N1)	205	1486
PB1|PP755595.1|A/cattle/Texas/24-008749-003/2024(H5N1)	206	1475
PB1|PP755595.1|A/cattle/Texas/24-008749-003/2024(H5N1)	207	1482
PB1|PP755595.1|A/cattle/Texas/24-008749-003/2024(H5N1)	208	1417
PB1|PP755595.1|A/cattle/Texas/24-008749-003/2024(H5N1)	209	1409
PB1|PP755595.1|A/cattle/Texas/24-008749-003/2024(H5N1)	210	1406
PB1|PP755595.1|A/cattle/Texas/24-008749-003/2024(H5N1)	211	1407
PB1|PP755595.1|A/cattle/Texas/24-008749-003/2024(H5N1)	212	1409
PB1|PP755595.1|A/cattle/Texas/24-008749-003/2024(H5N1)	213	1467
PB1|PP755595.1|A/cattle/Texas/24-008749-003/2024(H5N1)	214	1457
PB1|PP755595.1|A/cattle/Texas/24-008749-003/2024(H5N1)	215	1403
PB1|PP755595.1|A/cattle/Texas/24-008749-003/2024(H5N1)	216	1395
PB1|PP755595.1|A/cattle/Texas/24-008749-003/2024(H5N1)	217	1395
PB1|PP755595.1|A/cattle/Texas/24-008749-003/2024(H5N1)	218	1400
PB1|PP755595.1|A/cattle/Texas/24-008749-003/2024(H5N1)	219	1401
PB1|PP755595.1|A/cattle/Texas/24-008749-003/2024(H5N1)	220	1437
PB1|PP755595.1|A/cattle/Texas/24-008749-003/2024(H5N1)	221	1417
PB1|PP755595.1|A/cattle/Texas/24-008749-003/2024(H5N1)	222	1367
PB1|PP755595.1|A/cattle/Texas/24-008749-003/2024(H5N1)	223	1372
PB1|PP755595.1|A/cattle/Texas/24-008749-003/2024(H5N1)	224	1377
PB1|PP755595.1|A/cattle/Texas/24-008749-003/2024(H5N1)	225	1380
PB1|PP755595.1|A/cattle/Texas/24-008749-003/2024(H5N1)	226	1411
PB1|PP755595.1|A/cattle/Texas/24-008749-003/2024(H5N1)	227	1411
PB1|PP755595.1|A/cattle/Texas/24-008749-003/2024(H5N1)	228	1431
PB1|PP755595.1|A/cattle/Texas/24-008749-003/2024(H5N1)	229	1414
PB1|PP755595.1|A/cattle/Texas/24-008749-003/2024(H5N1)	230	1414
PB1|PP755595.1|A/cattle/Texas/24-008749-003/2024(H5N1)	231	1415
PB1|PP755595.1|A/cattle/Texas/24-008749-003/2024(H5N1)	232	1413
PB1|PP755595.1|A/cattle/Texas/24-008749-003/2024(H5N1)	233	1374
PB1|PP755595.1|A/cattle/Texas/24-008749-003/2024(H5N1)	234	1371
PB1|PP755595.1|A/cattle/Texas/24-008749-003/2024(H5N1)	235	1349
PB1|PP755595.1|A/cattle/Texas/24-008749-003/2024(H5N1)	236	1350
PB1|PP755595.1|A/cattle/Texas/24-008749-003/2024(H5N1)	237	1334
PB1|PP755595.1|A/cattle/Texas/24-008749-003/2024(H5N1)	238	1331
PB1|PP755595.1|A/cattle/Texas/24-008749-003/2024(H5N1)	239	1345
PB1|PP755595.1|A/cattle/Texas/24-008749-003/2024(H5N1)	240	1372
PB1|PP755595.1|A/cattle/Texas/24-008749-003/2024(H5N1)	241	1377
PB1|PP755595.1|A/cattle/Texas/24-008749-003/2024(H5N1)	242	1412
PB1|PP755595.1|A/cattle/Texas/24-008749-003/2024(H5N1)	243	1391
PB1|PP755595.1|A/cattle/Texas/24-008749-003/2024(H5N1)	244	1385
PB1|PP755595.1|A/cattle/Texas/24-008749-003/2024(H5N1)	245	1392
PB1|PP755595.1|A/cattle/Texas/24-008749-003/2024(H5N1)	246	1392
PB1|PP755595.1|A/cattle/Texas/24-008749-003/2024(H5N1)	247	1398
PB1|PP755595.1|A/cattle/Texas/24-008749-003/2024(H5N1)	248	1381
PB1|PP755595.1|A/cattle/Texas/24-008749-003/2024(H5N1)	249	1383
PB1|PP755595.1|A/cattle/Texas/24-008749-003/2024(H5N1)	250	1412
PB1|PP755595.1|A/cattle/Texas/24-008749-003/2024(H5N1)	251	1372
PB1|PP755595.1|A/cattle/Texas/24-008749-003/2024(H5N1)	252	1393
PB1|PP755595.1|A/cattle/Texas/24-008749-003/2024(H5N1)	253	1393
PB1|PP755595.1|A/cattle/Texas/24-008749-003/2024(H5N1)	254	1363
PB1|PP755595.1|A/cattle/Texas/24-008749-003/2024(H5N1)	255	1361
PB1|PP755595.1|A/cattle/Texas/24-008749-003/2024(H5N1)	256	1373
PB1|PP755595.1|A/cattle/Texas/24-008749-003/2024(H5N1)	257	1375
PB1|PP755595.1|A/cattle/Texas/24-008749-003/2024(H5N1)	258	1287
PB1|PP755595.1|A/cattle/Texas/24-008749-003/2024(H5N1)	259	1268
PB1|PP755595.1|A/cattle/Texas/24-008749-003/2024(H5N1)	260	1290
PB1|PP755595.1|A/cattle/Texas/24-008749-003/2024(H5N1)	261	1269
PB1|PP755595.1|A/cattle/Texas/24-008749-003/2024(H5N1)	262	1295
PB1|PP755595.1|A/cattle/Texas/24-008749-003/2024(H5N1)	263	1303
PB1|PP755595.1|A/cattle/Texas/24-008749-003/2024(H5N1)	264	1314
PB1|PP755595.1|A/cattle/Texas/24-008749-003/2024(H5N1)	265	1226
PB1|PP755595.1|A/cattle/Texas/24-008749-003/2024(H5N1)	266	1223
PB1|PP755595.1|A/cattle/Texas/24-008749-003/2024(H5N1)	267	1221
PB1|PP755595.1|A/cattle/Texas/24-008749-003/2024(H5N1)	268	1222
PB1|PP755595.1|A/cattle/Texas/24-008749-003/2024(H5N1)	269	1205
PB1|PP755595.1|A/cattle/Texas/24-008749-003/2024(H5N1)	270	1209
PB1|PP755595.1|A/cattle/Texas/24-008749-003/2024(H5N1)	271	1203
PB1|PP755595.1|A/cattle/Texas/24-008749-003/2024(H5N1)	272	1203
PB1|PP755595.1|A/cattle/Texas/24-008749-003/2024(H5N1)	273	1185
PB1|PP755595.1|A/cattle/Texas/24-008749-003/2024(H5N1)	274	1186
PB1|PP755595.1|A/cattle/Texas/24-008749-003/2024(H5N1)	275	1188
PB1|PP755595.1|A/cattle/Texas/24-008749-003/2024(H5N1)	276	1179
PB1|PP755595.1|A/cattle/Texas/24-008749-003/2024(H5N1)	277	1177
PB1|PP755595.1|A/cattle/Texas/24-008749-003/2024(H5N1)	278	1127
PB1|PP755595.1|A/cattle/Texas/24-008749-003/2024(H5N1)	279	1117
PB1|PP755595.1|A/cattle/Texas/24-008749-003/2024(H5N1)	280	1111
PB1|PP755595.1|A/cattle/Texas/24-008749-003/2024(H5N1)	281	1177
PB1|PP755595.1|A/cattle/Texas/24-008749-003/2024(H5N1)	282	1198
PB1|PP755595.1|A/cattle/Texas/24-008749-003/2024(H5N1)	283	1185
PB1|PP755595.1|A/cattle/Texas/24-008749-003/2024(H5N1)	284	1183
PB1|PP755595.1|A/cattle/Texas/24-008749-003/2024(H5N1)	285	1177
PB1|PP755595.1|A/cattle/Texas/24-008749-003/2024(H5N1)	286	1184
PB1|PP755595.1|A/cattle/Texas/24-008749-003/2024(H5N1)	287	1263
PB1|PP755595.1|A/cattle/Texas/24-008749-003/2024(H5N1)	288	1263
PB1|PP755595.1|A/cattle/Texas/24-008749-003/2024(H5N1)	289	1281
PB1|PP755595.1|A/cattle/Texas/24-008749-003/2024(H5N1)	290	1177
PB1|PP755595.1|A/cattle/Texas/24-008749-003/2024(H5N1)	291	1207
PB1|PP755595.1|A/cattle/Texas/24-008749-003/2024(H5N1)	292	1279
PB1|PP755595.1|A/cattle/Texas/24-008749-003/2024(H5N1)	293	1281
PB1|PP755595.1|A/cattle/Texas/24-008749-003/2024(H5N1)	294	1283
PB1|PP755595.1|A/cattle/Texas/24-008749-003/2024(H5N1)	295	1350
PB1|PP755595.1|A/cattle/Texas/24-008749-003/2024(H5N1)	296	1365
PB1|PP755595.1|A/cattle/Texas/24-008749-003/2024(H5N1)	297	1376
PB1|PP755595.1|A/cattle/Texas/24-008749-003/2024(H5N1)	298	1372
PB1|PP755595.1|A/cattle/Texas/24-008749-003/2024(H5N1)	299	1369
PB1|PP755595.1|A/cattle/Texas/24-008749-003/2024(H5N1)	300	1330
PB1|PP755595.1|A/cattle/Texas/24-008749-003/2024(H5N1)	301	1330
PB1|PP755595.1|A/cattle/Texas/24-008749-003/2024(H5N1)	302	1331
PB1|PP755595.1|A/cattle/Texas/24-008749-003/2024(H5N1)	303	1329
PB1|PP755595.1|A/cattle/Texas/24-008749-003/2024(H5N1)	304	1331
PB1|PP755595.1|A/cattle/Texas/24-008749-003/2024(H5N1)	305	1325
PB1|PP755595.1|A/cattle/Texas/24-008749-003/2024(H5N1)	306	1315
PB1|PP755595.1|A/cattle/Texas/24-008749-003/2024(H5N1)	307	1312
PB1|PP755595.1|A/cattle/Texas/24-008749-003/2024(H5N1)	308	1315
PB1|PP755595.1|A/cattle/Texas/24-008749-003/2024(H5N1)	309	1313
PB1|PP755595.1|A/cattle/Texas/24-008749-003/2024(H5N1)	310	1311
PB1|PP755595.1|A/cattle/Texas/24-008749-003/2024(H5N1)	311	1324
PB1|PP755595.1|A/cattle/Texas/24-008749-003/2024(H5N1)	312	1324
PB1|PP755595.1|A/cattle/Texas/24-008749-003/2024(H5N1)	313	1320
PB1|PP755595.1|A/cattle/Texas/24-008749-003/2024(H5N1)	314	1319
PB1|PP755595.1|A/cattle/Texas/24-008749-003/2024(H5N1)	315	1327
PB1|PP755595.1|A/cattle/Texas/24-008749-003/2024(H5N1)	316	1327
PB1|PP755595.1|A/cattle/Texas/24-008749-003/2024(H5N1)	317	1320
PB1|PP755595.1|A/cattle/Texas/24-008749-003/2024(H5N1)	318	1320
PB1|PP755595.1|A/cattle/Texas/24-008749-003/2024(H5N1)	319	1403
PB1|PP755595.1|A/cattle/Texas/24-008749-003/2024(H5N1)	320	1412
PB1|PP755595.1|A/cattle/Texas/24-008749-003/2024(H5N1)	321	1426
PB1|PP755595.1|A/cattle/Texas/24-008749-003/2024(H5N1)	322	1426
PB1|PP755595.1|A/cattle/Texas/24-008749-003/2024(H5N1)	323	1426
PB1|PP755595.1|A/cattle/Texas/24-008749-003/2024(H5N1)	324	1417
PB1|PP755595.1|A/cattle/Texas/24-008749-003/2024(H5N1)	325	1415
PB1|PP755595.1|A/cattle/Texas/24-008749-003/2024(H5N1)	326	1421
PB1|PP755595.1|A/cattle/Texas/24-008749-003/2024(H5N1)	327	1328
PB1|PP755595.1|A/cattle/Texas/24-008749-003/2024(H5N1)	328	1328
PB1|PP755595.1|A/cattle/Texas/24-008749-003/2024(H5N1)	329	1325
PB1|PP755595.1|A/cattle/Texas/24-008749-003/2024(H5N1)	330	1326
PB1|PP755595.1|A/cattle/Texas/24-008749-003/2024(H5N1)	331	1316
PB1|PP755595.1|A/cattle/Texas/24-008749-003/2024(H5N1)	332	1317
PB1|PP755595.1|A/cattle/Texas/24-008749-003/2024(H5N1)	333	1303
PB1|PP755595.1|A/cattle/Texas/24-008749-003/2024(H5N1)	334	1305
PB1|PP755595.1|A/cattle/Texas/24-008749-003/2024(H5N1)	335	1318
PB1|PP755595.1|A/cattle/Texas/24-008749-003/2024(H5N1)	336	1314
PB1|PP755595.1|A/cattle/Texas/24-008749-003/2024(H5N1)	337	1315
PB1|PP755595.1|A/cattle/Texas/24-008749-003/2024(H5N1)	338	1310
PB1|PP755595.1|A/cattle/Texas/24-008749-003/2024(H5N1)	339	1295
PB1|PP755595.1|A/cattle/Texas/24-008749-003/2024(H5N1)	340	1299
PB1|PP755595.1|A/cattle/Texas/24-008749-003/2024(H5N1)	341	1238
PB1|PP755595.1|A/cattle/Texas/24-008749-003/2024(H5N1)	342	1238
PB1|PP755595.1|A/cattle/Texas/24-008749-003/2024(H5N1)	343	1253
PB1|PP755595.1|A/cattle/Texas/24-008749-003/2024(H5N1)	344	1244
PB1|PP755595.1|A/cattle/Texas/24-008749-003/2024(H5N1)	345	1258
PB1|PP755595.1|A/cattle/Texas/24-008749-003/2024(H5N1)	346	1254
PB1|PP755595.1|A/cattle/Texas/24-008749-003/2024(H5N1)	347	1259
PB1|PP755595.1|A/cattle/Texas/24-008749-003/2024(H5N1)	348	1260
PB1|PP755595.1|A/cattle/Texas/24-008749-003/2024(H5N1)	349	1258
PB1|PP755595.1|A/cattle/Texas/24-008749-003/2024(H5N1)	350	1249
PB1|PP755595.1|A/cattle/Texas/24-008749-003/2024(H5N1)	351	1251
PB1|PP755595.1|A/cattle/Texas/24-008749-003/2024(H5N1)	352	1255
PB1|PP755595.1|A/cattle/Texas/24-008749-003/2024(H5N1)	353	1262
PB1|PP755595.1|A/cattle/Texas/24-008749-003/2024(H5N1)	354	1247
PB1|PP755595.1|A/cattle/Texas/24-008749-003/2024(H5N1)	355	1250
PB1|PP755595.1|A/cattle/Texas/24-008749-003/2024(H5N1)	356	1248
PB1|PP755595.1|A/cattle/Texas/24-008749-003/2024(H5N1)	357	1253
PB1|PP755595.1|A/cattle/Texas/24-008749-003/2024(H5N1)	358	1244
PB1|PP755595.1|A/cattle/Texas/24-008749-003/2024(H5N1)	359	1244
PB1|PP755595.1|A/cattle/Texas/24-008749-003/2024(H5N1)	360	1242
PB1|PP755595.1|A/cattle/Texas/24-008749-003/2024(H5N1)	361	1216
PB1|PP755595.1|A/cattle/Texas/24-008749-003/2024(H5N1)	362	1225
PB1|PP755595.1|A/cattle/Texas/24-008749-003/2024(H5N1)	363	1226
PB1|PP755595.1|A/cattle/Texas/24-008749-003/2024(H5N1)	364	1193
PB1|PP755595.1|A/cattle/Texas/24-008749-003/2024(H5N1)	365	1189
PB1|PP755595.1|A/cattle/Texas/24-008749-003/2024(H5N1)	366	1176
PB1|PP755595.1|A/cattle/Texas/24-008749-003/2024(H5N1)	367	1217
PB1|PP755595.1|A/cattle/Texas/24-008749-003/2024(H5N1)	368	1216
PB1|PP755595.1|A/cattle/Texas/24-008749-003/2024(H5N1)	369	1215
PB1|PP755595.1|A/cattle/Texas/24-008749-003/2024(H5N1)	370	1204
PB1|PP755595.1|A/cattle/Texas/24-008749-003/2024(H5N1)	371	1170
PB1|PP755595.1|A/cattle/Texas/24-008749-003/2024(H5N1)	372	1168
PB1|PP755595.1|A/cattle/Texas/24-008749-003/2024(H5N1)	373	1169
PB1|PP755595.1|A/cattle/Texas/24-008749-003/2024(H5N1)	374	1175
PB1|PP755595.1|A/cattle/Texas/24-008749-003/2024(H5N1)	375	1187
PB1|PP755595.1|A/cattle/Texas/24-008749-003/2024(H5N1)	376	1149
PB1|PP755595.1|A/cattle/Texas/24-008749-003/2024(H5N1)	377	1143
PB1|PP755595.1|A/cattle/Texas/24-008749-003/2024(H5N1)	378	1145
PB1|PP755595.1|A/cattle/Texas/24-008749-003/2024(H5N1)	379	1131
PB1|PP755595.1|A/cattle/Texas/24-008749-003/2024(H5N1)	380	1132
PB1|PP755595.1|A/cattle/Texas/24-008749-003/2024(H5N1)	381	1154
PB1|PP755595.1|A/cattle/Texas/24-008749-003/2024(H5N1)	382	1170
PB1|PP755595.1|A/cattle/Texas/24-008749-003/2024(H5N1)	383	1161
PB1|PP755595.1|A/cattle/Texas/24-008749-003/2024(H5N1)	384	1156
PB1|PP755595.1|A/cattle/Texas/24-008749-003/2024(H5N1)	385	1155
PB1|PP755595.1|A/cattle/Texas/24-008749-003/2024(H5N1)	386	1155
PB1|PP755595.1|A/cattle/Texas/24-008749-003/2024(H5N1)	387	1162
PB1|PP755595.1|A/cattle/Texas/24-008749-003/2024(H5N1)	388	1157
PB1|PP755595.1|A/cattle/Texas/24-008749-003/2024(H5N1)	389	1166
PB1|PP755595.1|A/cattle/Texas/24-008749-003/2024(H5N1)	390	1132
PB1|PP755595.1|A/cattle/Texas/24-008749-003/2024(H5N1)	391	1120
PB1|PP755595.1|A/cattle/Texas/24-008749-003/2024(H5N1)	392	1115
PB1|PP755595.1|A/cattle/Texas/24-008749-003/2024(H5N1)	393	1094
PB1|PP755595.1|A/cattle/Texas/24-008749-003/2024(H5N1)	394	1105
PB1|PP755595.1|A/cattle/Texas/24-008749-003/2024(H5N1)	395	1108
PB1|PP755595.1|A/cattle/Texas/24-008749-003/2024(H5N1)	396	1106
PB1|PP755595.1|A/cattle/Texas/24-008749-003/2024(H5N1)	397	1100
PB1|PP755595.1|A/cattle/Texas/24-008749-003/2024(H5N1)	398	1096
PB1|PP755595.1|A/cattle/Texas/24-008749-003/2024(H5N1)	399	1096
PB1|PP755595.1|A/cattle/Texas/24-008749-003/2024(H5N1)	400	1105
PB1|PP755595.1|A/cattle/Texas/24-008749-003/2024(H5N1)	401	1085
PB1|PP755595.1|A/cattle/Texas/24-008749-003/2024(H5N1)	402	1074
PB1|PP755595.1|A/cattle/Texas/24-008749-003/2024(H5N1)	403	1063
PB1|PP755595.1|A/cattle/Texas/24-008749-003/2024(H5N1)	404	1068
PB1|PP755595.1|A/cattle/Texas/24-008749-003/2024(H5N1)	405	1079
PB1|PP755595.1|A/cattle/Texas/24-008749-003/2024(H5N1)	406	1076
PB1|PP755595.1|A/cattle/Texas/24-008749-003/2024(H5N1)	407	1066
PB1|PP755595.1|A/cattle/Texas/24-008749-003/2024(H5N1)	408	1062
PB1|PP755595.1|A/cattle/Texas/24-008749-003/2024(H5N1)	409	1060
PB1|PP755595.1|A/cattle/Texas/24-008749-003/2024(H5N1)	410	1059
PB1|PP755595.1|A/cattle/Texas/24-008749-003/2024(H5N1)	411	1043
PB1|PP755595.1|A/cattle/Texas/24-008749-003/2024(H5N1)	412	1038
PB1|PP755595.1|A/cattle/Texas/24-008749-003/2024(H5N1)	413	1032
PB1|PP755595.1|A/cattle/Texas/24-008749-003/2024(H5N1)	414	1045
PB1|PP755595.1|A/cattle/Texas/24-008749-003/2024(H5N1)	415	1036
PB1|PP755595.1|A/cattle/Texas/24-008749-003/2024(H5N1)	416	1037
PB1|PP755595.1|A/cattle/Texas/24-008749-003/2024(H5N1)	417	1039
PB1|PP755595.1|A/cattle/Texas/24-008749-003/2024(H5N1)	418	1039
PB1|PP755595.1|A/cattle/Texas/24-008749-003/2024(H5N1)	419	1060
PB1|PP755595.1|A/cattle/Texas/24-008749-003/2024(H5N1)	420	1061
PB1|PP755595.1|A/cattle/Texas/24-008749-003/2024(H5N1)	421	1064
PB1|PP755595.1|A/cattle/Texas/24-008749-003/2024(H5N1)	422	1059
PB1|PP755595.1|A/cattle/Texas/24-008749-003/2024(H5N1)	423	1046
PB1|PP755595.1|A/cattle/Texas/24-008749-003/2024(H5N1)	424	1067
PB1|PP755595.1|A/cattle/Texas/24-008749-003/2024(H5N1)	425	1066
PB1|PP755595.1|A/cattle/Texas/24-008749-003/2024(H5N1)	426	1066
PB1|PP755595.1|A/cattle/Texas/24-008749-003/2024(H5N1)	427	1074
PB1|PP755595.1|A/cattle/Texas/24-008749-003/2024(H5N1)	428	1071
PB1|PP755595.1|A/cattle/Texas/24-008749-003/2024(H5N1)	429	1147
PB1|PP755595.1|A/cattle/Texas/24-008749-003/2024(H5N1)	430	1202
PB1|PP755595.1|A/cattle/Texas/24-008749-003/2024(H5N1)	431	1168
PB1|PP755595.1|A/cattle/Texas/24-008749-003/2024(H5N1)	432	1168
PB1|PP755595.1|A/cattle/Texas/24-008749-003/2024(H5N1)	433	1149
PB1|PP755595.1|A/cattle/Texas/24-008749-003/2024(H5N1)	434	1218
PB1|PP755595.1|A/cattle/Texas/24-008749-003/2024(H5N1)	435	1220
PB1|PP755595.1|A/cattle/Texas/24-008749-003/2024(H5N1)	436	1221
PB1|PP755595.1|A/cattle/Texas/24-008749-003/2024(H5N1)	437	1295
PB1|PP755595.1|A/cattle/Texas/24-008749-003/2024(H5N1)	438	1201
PB1|PP755595.1|A/cattle/Texas/24-008749-003/2024(H5N1)	439	1204
PB1|PP755595.1|A/cattle/Texas/24-008749-003/2024(H5N1)	440	1200
PB1|PP755595.1|A/cattle/Texas/24-008749-003/2024(H5N1)	441	1197
PB1|PP755595.1|A/cattle/Texas/24-008749-003/2024(H5N1)	442	1173
PB1|PP755595.1|A/cattle/Texas/24-008749-003/2024(H5N1)	443	1081
PB1|PP755595.1|A/cattle/Texas/24-008749-003/2024(H5N1)	444	1081
PB1|PP755595.1|A/cattle/Texas/24-008749-003/2024(H5N1)	445	1086
PB1|PP755595.1|A/cattle/Texas/24-008749-003/2024(H5N1)	446	1009
PB1|PP755595.1|A/cattle/Texas/24-008749-003/2024(H5N1)	447	1001
PB1|PP755595.1|A/cattle/Texas/24-008749-003/2024(H5N1)	448	995
PB1|PP755595.1|A/cattle/Texas/24-008749-003/2024(H5N1)	449	998
PB1|PP755595.1|A/cattle/Texas/24-008749-003/2024(H5N1)	450	998
PB1|PP755595.1|A/cattle/Texas/24-008749-003/2024(H5N1)	451	995
PB1|PP755595.1|A/cattle/Texas/24-008749-003/2024(H5N1)	452	1007
PB1|PP755595.1|A/cattle/Texas/24-008749-003/2024(H5N1)	453	1004
PB1|PP755595.1|A/cattle/Texas/24-008749-003/2024(H5N1)	454	1010
PB1|PP755595.1|A/cattle/Texas/24-008749-003/2024(H5N1)	455	1005
PB1|PP755595.1|A/cattle/Texas/24-008749-003/2024(H5N1)	456	999
PB1|PP755595.1|A/cattle/Texas/24-008749-003/2024(H5N1)	457	998
PB1|PP755595.1|A/cattle/Texas/24-008749-003/2024(H5N1)	458	998
PB1|PP755595.1|A/cattle/Texas/24-008749-003/2024(H5N1)	459	1006
PB1|PP755595.1|A/cattle/Texas/24-008749-003/2024(H5N1)	460	1008
PB1|PP755595.1|A/cattle/Texas/24-008749-003/2024(H5N1)	461	1095
PB1|PP755595.1|A/cattle/Texas/24-008749-003/2024(H5N1)	462	1106
PB1|PP755595.1|A/cattle/Texas/24-008749-003/2024(H5N1)	463	1110
PB1|PP755595.1|A/cattle/Texas/24-008749-003/2024(H5N1)	464	1120
PB1|PP755595.1|A/cattle/Texas/24-008749-003/2024(H5N1)	465	1121
PB1|PP755595.1|A/cattle/Texas/24-008749-003/2024(H5N1)	466	1118
PB1|PP755595.1|A/cattle/Texas/24-008749-003/2024(H5N1)	467	1121
PB1|PP755595.1|A/cattle/Texas/24-008749-003/2024(H5N1)	468	1121
PB1|PP755595.1|A/cattle/Texas/24-008749-003/2024(H5N1)	469	1132
PB1|PP755595.1|A/cattle/Texas/24-008749-003/2024(H5N1)	470	1067
PB1|PP755595.1|A/cattle/Texas/24-008749-003/2024(H5N1)	471	1062
PB1|PP755595.1|A/cattle/Texas/24-008749-003/2024(H5N1)	472	1063
PB1|PP755595.1|A/cattle/Texas/24-008749-003/2024(H5N1)	473	1064
PB1|PP755595.1|A/cattle/Texas/24-008749-003/2024(H5N1)	474	1067
PB1|PP755595.1|A/cattle/Texas/24-008749-003/2024(H5N1)	475	1072
PB1|PP755595.1|A/cattle/Texas/24-008749-003/2024(H5N1)	476	1070
PB1|PP755595.1|A/cattle/Texas/24-008749-003/2024(H5N1)	477	1069
PB1|PP755595.1|A/cattle/Texas/24-008749-003/2024(H5N1)	478	1057
PB1|PP755595.1|A/cattle/Texas/24-008749-003/2024(H5N1)	479	1054
PB1|PP755595.1|A/cattle/Texas/24-008749-003/2024(H5N1)	480	1050
PB1|PP755595.1|A/cattle/Texas/24-008749-003/2024(H5N1)	481	1046
PB1|PP755595.1|A/cattle/Texas/24-008749-003/2024(H5N1)	482	1048
PB1|PP755595.1|A/cattle/Texas/24-008749-003/2024(H5N1)	483	1051
PB1|PP755595.1|A/cattle/Texas/24-008749-003/2024(H5N1)	484	1046
PB1|PP755595.1|A/cattle/Texas/24-008749-003/2024(H5N1)	485	1062
PB1|PP755595.1|A/cattle/Texas/24-008749-003/2024(H5N1)	486	1062
PB1|PP755595.1|A/cattle/Texas/24-008749-003/2024(H5N1)	487	1063
PB1|PP755595.1|A/cattle/Texas/24-008749-003/2024(H5N1)	488	1061
PB1|PP755595.1|A/cattle/Texas/24-008749-003/2024(H5N1)	489	1063
PB1|PP755595.1|A/cattle/Texas/24-008749-003/2024(H5N1)	490	1067
PB1|PP755595.1|A/cattle/Texas/24-008749-003/2024(H5N1)	491	1062
PB1|PP755595.1|A/cattle/Texas/24-008749-003/2024(H5N1)	492	1059
PB1|PP755595.1|A/cattle/Texas/24-008749-003/2024(H5N1)	493	1061
PB1|PP755595.1|A/cattle/Texas/24-008749-003/2024(H5N1)	494	1042
PB1|PP755595.1|A/cattle/Texas/24-008749-003/2024(H5N1)	495	1052
PB1|PP755595.1|A/cattle/Texas/24-008749-003/2024(H5N1)	496	1047
PB1|PP755595.1|A/cattle/Texas/24-008749-003/2024(H5N1)	497	1053
PB1|PP755595.1|A/cattle/Texas/24-008749-003/2024(H5N1)	498	1048
PB1|PP755595.1|A/cattle/Texas/24-008749-003/2024(H5N1)	499	1044
PB1|PP755595.1|A/cattle/Texas/24-008749-003/2024(H5N1)	500	1044
PB1|PP755595.1|A/cattle/Texas/24-008749-003/2024(H5N1)	501	1044
PB1|PP755595.1|A/cattle/Texas/24-008749-003/2024(H5N1)	502	1048
PB1|PP755595.1|A/cattle/Texas/24-008749-003/2024(H5N1)	503	1043
PB1|PP755595.1|A/cattle/Texas/24-008749-003/2024(H5N1)	504	1038
PB1|PP755595.1|A/cattle/Texas/24-008749-003/2024(H5N1)	505	1057
PB1|PP755595.1|A/cattle/Texas/24-008749-003/2024(H5N1)	506	1059
PB1|PP755595.1|A/cattle/Texas/24-008749-003/2024(H5N1)	507	1049
PB1|PP755595.1|A/cattle/Texas/24-008749-003/2024(H5N1)	508	1047
PB1|PP755595.1|A/cattle/Texas/24-008749-003/2024(H5N1)	509	1057
PB1|PP755595.1|A/cattle/Texas/24-008749-003/2024(H5N1)	510	1061
PB1|PP755595.1|A/cattle/Texas/24-008749-003/2024(H5N1)	511	1061
PB1|PP755595.1|A/cattle/Texas/24-008749-003/2024(H5N1)	512	1083
PB1|PP755595.1|A/cattle/Texas/24-008749-003/2024(H5N1)	513	1056
PB1|PP755595.1|A/cattle/Texas/24-008749-003/2024(H5N1)	514	1044
PB1|PP755595.1|A/cattle/Texas/24-008749-003/2024(H5N1)	515	1049
PB1|PP755595.1|A/cattle/Texas/24-008749-003/2024(H5N1)	516	1050
PB1|PP755595.1|A/cattle/Texas/24-008749-003/2024(H5N1)	517	1043
PB1|PP755595.1|A/cattle/Texas/24-008749-003/2024(H5N1)	518	1043
PB1|PP755595.1|A/cattle/Texas/24-008749-003/2024(H5N1)	519	1043
PB1|PP755595.1|A/cattle/Texas/24-008749-003/2024(H5N1)	520	1082
PB1|PP755595.1|A/cattle/Texas/24-008749-003/2024(H5N1)	521	1082
PB1|PP755595.1|A/cattle/Texas/24-008749-003/2024(H5N1)	522	1096
PB1|PP755595.1|A/cattle/Texas/24-008749-003/2024(H5N1)	523	1096
PB1|PP755595.1|A/cattle/Texas/24-008749-003/2024(H5N1)	524	1096
PB1|PP755595.1|A/cattle/Texas/24-008749-003/2024(H5N1)	525	1129
PB1|PP755595.1|A/cattle/Texas/24-008749-003/2024(H5N1)	526	1123
PB1|PP755595.1|A/cattle/Texas/24-008749-003/2024(H5N1)	527	1127
PB1|PP755595.1|A/cattle/Texas/24-008749-003/2024(H5N1)	528	1126
PB1|PP755595.1|A/cattle/Texas/24-008749-003/2024(H5N1)	529	1133
PB1|PP755595.1|A/cattle/Texas/24-008749-003/2024(H5N1)	530	1132
PB1|PP755595.1|A/cattle/Texas/24-008749-003/2024(H5N1)	531	1124
PB1|PP755595.1|A/cattle/Texas/24-008749-003/2024(H5N1)	532	1123
PB1|PP755595.1|A/cattle/Texas/24-008749-003/2024(H5N1)	533	1124
PB1|PP755595.1|A/cattle/Texas/24-008749-003/2024(H5N1)	534	1124
PB1|PP755595.1|A/cattle/Texas/24-008749-003/2024(H5N1)	535	1131
PB1|PP755595.1|A/cattle/Texas/24-008749-003/2024(H5N1)	536	1131
PB1|PP755595.1|A/cattle/Texas/24-008749-003/2024(H5N1)	537	1132
PB1|PP755595.1|A/cattle/Texas/24-008749-003/2024(H5N1)	538	1126
PB1|PP755595.1|A/cattle/Texas/24-008749-003/2024(H5N1)	539	1133
PB1|PP755595.1|A/cattle/Texas/24-008749-003/2024(H5N1)	540	1131
PB1|PP755595.1|A/cattle/Texas/24-008749-003/2024(H5N1)	541	1131
PB1|PP755595.1|A/cattle/Texas/24-008749-003/2024(H5N1)	542	1143
PB1|PP755595.1|A/cattle/Texas/24-008749-003/2024(H5N1)	543	1141
PB1|PP755595.1|A/cattle/Texas/24-008749-003/2024(H5N1)	544	1142
PB1|PP755595.1|A/cattle/Texas/24-008749-003/2024(H5N1)	545	1137
PB1|PP755595.1|A/cattle/Texas/24-008749-003/2024(H5N1)	546	1136
PB1|PP755595.1|A/cattle/Texas/24-008749-003/2024(H5N1)	547	1140
PB1|PP755595.1|A/cattle/Texas/24-008749-003/2024(H5N1)	548	1145
PB1|PP755595.1|A/cattle/Texas/24-008749-003/2024(H5N1)	549	1144
PB1|PP755595.1|A/cattle/Texas/24-008749-003/2024(H5N1)	550	1137
PB1|PP755595.1|A/cattle/Texas/24-008749-003/2024(H5N1)	551	1123
PB1|PP755595.1|A/cattle/Texas/24-008749-003/2024(H5N1)	552	1129
PB1|PP755595.1|A/cattle/Texas/24-008749-003/2024(H5N1)	553	1125
PB1|PP755595.1|A/cattle/Texas/24-008749-003/2024(H5N1)	554	1120
PB1|PP755595.1|A/cattle/Texas/24-008749-003/2024(H5N1)	555	1117
PB1|PP755595.1|A/cattle/Texas/24-008749-003/2024(H5N1)	556	1110
PB1|PP755595.1|A/cattle/Texas/24-008749-003/2024(H5N1)	557	1112
PB1|PP755595.1|A/cattle/Texas/24-008749-003/2024(H5N1)	558	1113
PB1|PP755595.1|A/cattle/Texas/24-008749-003/2024(H5N1)	559	1113
PB1|PP755595.1|A/cattle/Texas/24-008749-003/2024(H5N1)	560	1122
PB1|PP755595.1|A/cattle/Texas/24-008749-003/2024(H5N1)	561	1139
PB1|PP755595.1|A/cattle/Texas/24-008749-003/2024(H5N1)	562	1143
PB1|PP755595.1|A/cattle/Texas/24-008749-003/2024(H5N1)	563	1167
PB1|PP755595.1|A/cattle/Texas/24-008749-003/2024(H5N1)	564	1172
PB1|PP755595.1|A/cattle/Texas/24-008749-003/2024(H5N1)	565	1164
PB1|PP755595.1|A/cattle/Texas/24-008749-003/2024(H5N1)	566	1170
PB1|PP755595.1|A/cattle/Texas/24-008749-003/2024(H5N1)	567	1169
PB1|PP755595.1|A/cattle/Texas/24-008749-003/2024(H5N1)	568	1167
PB1|PP755595.1|A/cattle/Texas/24-008749-003/2024(H5N1)	569	1177
PB1|PP755595.1|A/cattle/Texas/24-008749-003/2024(H5N1)	570	1149
PB1|PP755595.1|A/cattle/Texas/24-008749-003/2024(H5N1)	571	1168
PB1|PP755595.1|A/cattle/Texas/24-008749-003/2024(H5N1)	572	1156
PB1|PP755595.1|A/cattle/Texas/24-008749-003/2024(H5N1)	573	1156
PB1|PP755595.1|A/cattle/Texas/24-008749-003/2024(H5N1)	574	1157
PB1|PP755595.1|A/cattle/Texas/24-008749-003/2024(H5N1)	575	1142
PB1|PP755595.1|A/cattle/Texas/24-008749-003/2024(H5N1)	576	1160
PB1|PP755595.1|A/cattle/Texas/24-008749-003/2024(H5N1)	577	1162
PB1|PP755595.1|A/cattle/Texas/24-008749-003/2024(H5N1)	578	1148
PB1|PP755595.1|A/cattle/Texas/24-008749-003/2024(H5N1)	579	1110
PB1|PP755595.1|A/cattle/Texas/24-008749-003/2024(H5N1)	580	1092
PB1|PP755595.1|A/cattle/Texas/24-008749-003/2024(H5N1)	581	1044
PB1|PP755595.1|A/cattle/Texas/24-008749-003/2024(H5N1)	582	1048
PB1|PP755595.1|A/cattle/Texas/24-008749-003/2024(H5N1)	583	1043
PB1|PP755595.1|A/cattle/Texas/24-008749-003/2024(H5N1)	584	1021
PB1|PP755595.1|A/cattle/Texas/24-008749-003/2024(H5N1)	585	973
PB1|PP755595.1|A/cattle/Texas/24-008749-003/2024(H5N1)	586	979
PB1|PP755595.1|A/cattle/Texas/24-008749-003/2024(H5N1)	587	936
PB1|PP755595.1|A/cattle/Texas/24-008749-003/2024(H5N1)	588	912
PB1|PP755595.1|A/cattle/Texas/24-008749-003/2024(H5N1)	589	909
PB1|PP755595.1|A/cattle/Texas/24-008749-003/2024(H5N1)	590	909
PB1|PP755595.1|A/cattle/Texas/24-008749-003/2024(H5N1)	591	918
PB1|PP755595.1|A/cattle/Texas/24-008749-003/2024(H5N1)	592	925
PB1|PP755595.1|A/cattle/Texas/24-008749-003/2024(H5N1)	593	922
PB1|PP755595.1|A/cattle/Texas/24-008749-003/2024(H5N1)	594	928
PB1|PP755595.1|A/cattle/Texas/24-008749-003/2024(H5N1)	595	925
PB1|PP755595.1|A/cattle/Texas/24-008749-003/2024(H5N1)	596	929
PB1|PP755595.1|A/cattle/Texas/24-008749-003/2024(H5N1)	597	931
PB1|PP755595.1|A/cattle/Texas/24-008749-003/2024(H5N1)	598	926
PB1|PP755595.1|A/cattle/Texas/24-008749-003/2024(H5N1)	599	926
PB1|PP755595.1|A/cattle/Texas/24-008749-003/2024(H5N1)	600	929
PB1|PP755595.1|A/cattle/Texas/24-008749-003/2024(H5N1)	601	933
PB1|PP755595.1|A/cattle/Texas/24-008749-003/2024(H5N1)	602	946
PB1|PP755595.1|A/cattle/Texas/24-008749-003/2024(H5N1)	603	946
PB1|PP755595.1|A/cattle/Texas/24-008749-003/2024(H5N1)	604	946
PB1|PP755595.1|A/cattle/Texas/24-008749-003/2024(H5N1)	605	938
PB1|PP755595.1|A/cattle/Texas/24-008749-003/2024(H5N1)	606	944
PB1|PP755595.1|A/cattle/Texas/24-008749-003/2024(H5N1)	607	932
PB1|PP755595.1|A/cattle/Texas/24-008749-003/2024(H5N1)	608	965
PB1|PP755595.1|A/cattle/Texas/24-008749-003/2024(H5N1)	609	983
PB1|PP755595.1|A/cattle/Texas/24-008749-003/2024(H5N1)	610	1018
PB1|PP755595.1|A/cattle/Texas/24-008749-003/2024(H5N1)	611	957
PB1|PP755595.1|A/cattle/Texas/24-008749-003/2024(H5N1)	612	947
PB1|PP755595.1|A/cattle/Texas/24-008749-003/2024(H5N1)	613	952
PB1|PP755595.1|A/cattle/Texas/24-008749-003/2024(H5N1)	614	951
PB1|PP755595.1|A/cattle/Texas/24-008749-003/2024(H5N1)	615	942
PB1|PP755595.1|A/cattle/Texas/24-008749-003/2024(H5N1)	616	948
PB1|PP755595.1|A/cattle/Texas/24-008749-003/2024(H5N1)	617	921
PB1|PP755595.1|A/cattle/Texas/24-008749-003/2024(H5N1)	618	917
PB1|PP755595.1|A/cattle/Texas/24-008749-003/2024(H5N1)	619	917
PB1|PP755595.1|A/cattle/Texas/24-008749-003/2024(H5N1)	620	884
PB1|PP755595.1|A/cattle/Texas/24-008749-003/2024(H5N1)	621	888
PB1|PP755595.1|A/cattle/Texas/24-008749-003/2024(H5N1)	622	894
PB1|PP755595.1|A/cattle/Texas/24-008749-003/2024(H5N1)	623	890
PB1|PP755595.1|A/cattle/Texas/24-008749-003/2024(H5N1)	624	889
PB1|PP755595.1|A/cattle/Texas/24-008749-003/2024(H5N1)	625	884
PB1|PP755595.1|A/cattle/Texas/24-008749-003/2024(H5N1)	626	884
PB1|PP755595.1|A/cattle/Texas/24-008749-003/2024(H5N1)	627	887
PB1|PP755595.1|A/cattle/Texas/24-008749-003/2024(H5N1)	628	907
PB1|PP755595.1|A/cattle/Texas/24-008749-003/2024(H5N1)	629	907
PB1|PP755595.1|A/cattle/Texas/24-008749-003/2024(H5N1)	630	908
PB1|PP755595.1|A/cattle/Texas/24-008749-003/2024(H5N1)	631	909
PB1|PP755595.1|A/cattle/Texas/24-008749-003/2024(H5N1)	632	931
PB1|PP755595.1|A/cattle/Texas/24-008749-003/2024(H5N1)	633	932
PB1|PP755595.1|A/cattle/Texas/24-008749-003/2024(H5N1)	634	932
PB1|PP755595.1|A/cattle/Texas/24-008749-003/2024(H5N1)	635	929
PB1|PP755595.1|A/cattle/Texas/24-008749-003/2024(H5N1)	636	918
PB1|PP755595.1|A/cattle/Texas/24-008749-003/2024(H5N1)	637	919
PB1|PP755595.1|A/cattle/Texas/24-008749-003/2024(H5N1)	638	931
PB1|PP755595.1|A/cattle/Texas/24-008749-003/2024(H5N1)	639	934
PB1|PP755595.1|A/cattle/Texas/24-008749-003/2024(H5N1)	640	934
PB1|PP755595.1|A/cattle/Texas/24-008749-003/2024(H5N1)	641	929
PB1|PP755595.1|A/cattle/Texas/24-008749-003/2024(H5N1)	642	931
PB1|PP755595.1|A/cattle/Texas/24-008749-003/2024(H5N1)	643	932
PB1|PP755595.1|A/cattle/Texas/24-008749-003/2024(H5N1)	644	934
PB1|PP755595.1|A/cattle/Texas/24-008749-003/2024(H5N1)	645	945
PB1|PP755595.1|A/cattle/Texas/24-008749-003/2024(H5N1)	646	935
PB1|PP755595.1|A/cattle/Texas/24-008749-003/2024(H5N1)	647	935
PB1|PP755595.1|A/cattle/Texas/24-008749-003/2024(H5N1)	648	921
PB1|PP755595.1|A/cattle/Texas/24-008749-003/2024(H5N1)	649	914
PB1|PP755595.1|A/cattle/Texas/24-008749-003/2024(H5N1)	650	923
PB1|PP755595.1|A/cattle/Texas/24-008749-003/2024(H5N1)	651	935
PB1|PP755595.1|A/cattle/Texas/24-008749-003/2024(H5N1)	652	938
PB1|PP755595.1|A/cattle/Texas/24-008749-003/2024(H5N1)	653	933
PB1|PP755595.1|A/cattle/Texas/24-008749-003/2024(H5N1)	654	947
PB1|PP755595.1|A/cattle/Texas/24-008749-003/2024(H5N1)	655	951
PB1|PP755595.1|A/cattle/Texas/24-008749-003/2024(H5N1)	656	939
PB1|PP755595.1|A/cattle/Texas/24-008749-003/2024(H5N1)	657	934
PB1|PP755595.1|A/cattle/Texas/24-008749-003/2024(H5N1)	658	931
PB1|PP755595.1|A/cattle/Texas/24-008749-003/2024(H5N1)	659	959
PB1|PP755595.1|A/cattle/Texas/24-008749-003/2024(H5N1)	660	959
PB1|PP755595.1|A/cattle/Texas/24-008749-003/2024(H5N1)	661	969
PB1|PP755595.1|A/cattle/Texas/24-008749-003/2024(H5N1)	662	1018
PB1|PP755595.1|A/cattle/Texas/24-008749-003/2024(H5N1)	663	989
PB1|PP755595.1|A/cattle/Texas/24-008749-003/2024(H5N1)	664	989
PB1|PP755595.1|A/cattle/Texas/24-008749-003/2024(H5N1)	665	983
PB1|PP755595.1|A/cattle/Texas/24-008749-003/2024(H5N1)	666	985
PB1|PP755595.1|A/cattle/Texas/24-008749-003/2024(H5N1)	667	1026
PB1|PP755595.1|A/cattle/Texas/24-008749-003/2024(H5N1)	668	1025
PB1|PP755595.1|A/cattle/Texas/24-008749-003/2024(H5N1)	669	998
PB1|PP755595.1|A/cattle/Texas/24-008749-003/2024(H5N1)	670	990
PB1|PP755595.1|A/cattle/Texas/24-008749-003/2024(H5N1)	671	953
PB1|PP755595.1|A/cattle/Texas/24-008749-003/2024(H5N1)	672	965
PB1|PP755595.1|A/cattle/Texas/24-008749-003/2024(H5N1)	673	973
PB1|PP755595.1|A/cattle/Texas/24-008749-003/2024(H5N1)	674	973
PB1|PP755595.1|A/cattle/Texas/24-008749-003/2024(H5N1)	675	997
PB1|PP755595.1|A/cattle/Texas/24-008749-003/2024(H5N1)	676	957
PB1|PP755595.1|A/cattle/Texas/24-008749-003/2024(H5N1)	677	962
PB1|PP755595.1|A/cattle/Texas/24-008749-003/2024(H5N1)	678	951
PB1|PP755595.1|A/cattle/Texas/24-008749-003/2024(H5N1)	679	950
PB1|PP755595.1|A/cattle/Texas/24-008749-003/2024(H5N1)	680	949
PB1|PP755595.1|A/cattle/Texas/24-008749-003/2024(H5N1)	681	924
PB1|PP755595.1|A/cattle/Texas/24-008749-003/2024(H5N1)	682	923
PB1|PP755595.1|A/cattle/Texas/24-008749-003/2024(H5N1)	683	923
PB1|PP755595.1|A/cattle/Texas/24-008749-003/2024(H5N1)	684	921
PB1|PP755595.1|A/cattle/Texas/24-008749-003/2024(H5N1)	685	923
PB1|PP755595.1|A/cattle/Texas/24-008749-003/2024(H5N1)	686	915
PB1|PP755595.1|A/cattle/Texas/24-008749-003/2024(H5N1)	687	914
PB1|PP755595.1|A/cattle/Texas/24-008749-003/2024(H5N1)	688	915
PB1|PP755595.1|A/cattle/Texas/24-008749-003/2024(H5N1)	689	925
PB1|PP755595.1|A/cattle/Texas/24-008749-003/2024(H5N1)	690	930
PB1|PP755595.1|A/cattle/Texas/24-008749-003/2024(H5N1)	691	929
PB1|PP755595.1|A/cattle/Texas/24-008749-003/2024(H5N1)	692	915
PB1|PP755595.1|A/cattle/Texas/24-008749-003/2024(H5N1)	693	912
PB1|PP755595.1|A/cattle/Texas/24-008749-003/2024(H5N1)	694	918
PB1|PP755595.1|A/cattle/Texas/24-008749-003/2024(H5N1)	695	934
PB1|PP755595.1|A/cattle/Texas/24-008749-003/2024(H5N1)	696	934
PB1|PP755595.1|A/cattle/Texas/24-008749-003/2024(H5N1)	697	932
PB1|PP755595.1|A/cattle/Texas/24-008749-003/2024(H5N1)	698	927
PB1|PP755595.1|A/cattle/Texas/24-008749-003/2024(H5N1)	699	915
PB1|PP755595.1|A/cattle/Texas/24-008749-003/2024(H5N1)	700	915
PB1|PP755595.1|A/cattle/Texas/24-008749-003/2024(H5N1)	701	916
PB1|PP755595.1|A/cattle/Texas/24-008749-003/2024(H5N1)	702	918
PB1|PP755595.1|A/cattle/Texas/24-008749-003/2024(H5N1)	703	920
PB1|PP755595.1|A/cattle/Texas/24-008749-003/2024(H5N1)	704	942
PB1|PP755595.1|A/cattle/Texas/24-008749-003/2024(H5N1)	705	949
PB1|PP755595.1|A/cattle/Texas/24-008749-003/2024(H5N1)	706	950
PB1|PP755595.1|A/cattle/Texas/24-008749-003/2024(H5N1)	707	950
PB1|PP755595.1|A/cattle/Texas/24-008749-003/2024(H5N1)	708	953
PB1|PP755595.1|A/cattle/Texas/24-008749-003/2024(H5N1)	709	953
PB1|PP755595.1|A/cattle/Texas/24-008749-003/2024(H5N1)	710	953
PB1|PP755595.1|A/cattle/Texas/24-008749-003/2024(H5N1)	711	949
PB1|PP755595.1|A/cattle/Texas/24-008749-003/2024(H5N1)	712	934
PB1|PP755595.1|A/cattle/Texas/24-008749-003/2024(H5N1)	713	933
PB1|PP755595.1|A/cattle/Texas/24-008749-003/2024(H5N1)	714	913
PB1|PP755595.1|A/cattle/Texas/24-008749-003/2024(H5N1)	715	906
PB1|PP755595.1|A/cattle/Texas/24-008749-003/2024(H5N1)	716	924
PB1|PP755595.1|A/cattle/Texas/24-008749-003/2024(H5N1)	717	927
PB1|PP755595.1|A/cattle/Texas/24-008749-003/2024(H5N1)	718	927
PB1|PP755595.1|A/cattle/Texas/24-008749-003/2024(H5N1)	719	927
PB1|PP755595.1|A/cattle/Texas/24-008749-003/2024(H5N1)	720	925
PB1|PP755595.1|A/cattle/Texas/24-008749-003/2024(H5N1)	721	927
PB1|PP755595.1|A/cattle/Texas/24-008749-003/2024(H5N1)	722	927
PB1|PP755595.1|A/cattle/Texas/24-008749-003/2024(H5N1)	723	927
PB1|PP755595.1|A/cattle/Texas/24-008749-003/2024(H5N1)	724	928
PB1|PP755595.1|A/cattle/Texas/24-008749-003/2024(H5N1)	725	902
PB1|PP755595.1|A/cattle/Texas/24-008749-003/2024(H5N1)	726	899
PB1|PP755595.1|A/cattle/Texas/24-008749-003/2024(H5N1)	727	900
PB1|PP755595.1|A/cattle/Texas/24-008749-003/2024(H5N1)	728	902
PB1|PP755595.1|A/cattle/Texas/24-008749-003/2024(H5N1)	729	903
PB1|PP755595.1|A/cattle/Texas/24-008749-003/2024(H5N1)	730	885
PB1|PP755595.1|A/cattle/Texas/24-008749-003/2024(H5N1)	731	867
PB1|PP755595.1|A/cattle/Texas/24-008749-003/2024(H5N1)	732	863
PB1|PP755595.1|A/cattle/Texas/24-008749-003/2024(H5N1)	733	859
PB1|PP755595.1|A/cattle/Texas/24-008749-003/2024(H5N1)	734	860
PB1|PP755595.1|A/cattle/Texas/24-008749-003/2024(H5N1)	735	860
PB1|PP755595.1|A/cattle/Texas/24-008749-003/2024(H5N1)	736	868
PB1|PP755595.1|A/cattle/Texas/24-008749-003/2024(H5N1)	737	862
PB1|PP755595.1|A/cattle/Texas/24-008749-003/2024(H5N1)	738	862
PB1|PP755595.1|A/cattle/Texas/24-008749-003/2024(H5N1)	739	862
PB1|PP755595.1|A/cattle/Texas/24-008749-003/2024(H5N1)	740	863
PB1|PP755595.1|A/cattle/Texas/24-008749-003/2024(H5N1)	741	864
PB1|PP755595.1|A/cattle/Texas/24-008749-003/2024(H5N1)	742	904
PB1|PP755595.1|A/cattle/Texas/24-008749-003/2024(H5N1)	743	900
PB1|PP755595.1|A/cattle/Texas/24-008749-003/2024(H5N1)	744	900
PB1|PP755595.1|A/cattle/Texas/24-008749-003/2024(H5N1)	745	886
PB1|PP755595.1|A/cattle/Texas/24-008749-003/2024(H5N1)	746	886
PB1|PP755595.1|A/cattle/Texas/24-008749-003/2024(H5N1)	747	881
PB1|PP755595.1|A/cattle/Texas/24-008749-003/2024(H5N1)	748	896
PB1|PP755595.1|A/cattle/Texas/24-008749-003/2024(H5N1)	749	919
PB1|PP755595.1|A/cattle/Texas/24-008749-003/2024(H5N1)	750	950
PB1|PP755595.1|A/cattle/Texas/24-008749-003/2024(H5N1)	751	947
PB1|PP755595.1|A/cattle/Texas/24-008749-003/2024(H5N1)	752	963
PB1|PP755595.1|A/cattle/Texas/24-008749-003/2024(H5N1)	753	945
PB1|PP755595.1|A/cattle/Texas/24-008749-003/2024(H5N1)	754	952
PB1|PP755595.1|A/cattle/Texas/24-008749-003/2024(H5N1)	755	952
PB1|PP755595.1|A/cattle/Texas/24-008749-003/2024(H5N1)	756	961
PB1|PP755595.1|A/cattle/Texas/24-008749-003/2024(H5N1)	757	949
PB1|PP755595.1|A/cattle/Texas/24-008749-003/2024(H5N1)	758	923
PB1|PP755595.1|A/cattle/Texas/24-008749-003/2024(H5N1)	759	904
PB1|PP755595.1|A/cattle/Texas/24-008749-003/2024(H5N1)	760	853
PB1|PP755595.1|A/cattle/Texas/24-008749-003/2024(H5N1)	761	856
PB1|PP755595.1|A/cattle/Texas/24-008749-003/2024(H5N1)	762	846
PB1|PP755595.1|A/cattle/Texas/24-008749-003/2024(H5N1)	763	865
PB1|PP755595.1|A/cattle/Texas/24-008749-003/2024(H5N1)	764	863
PB1|PP755595.1|A/cattle/Texas/24-008749-003/2024(H5N1)	765	864
PB1|PP755595.1|A/cattle/Texas/24-008749-003/2024(H5N1)	766	864
PB1|PP755595.1|A/cattle/Texas/24-008749-003/2024(H5N1)	767	857
PB1|PP755595.1|A/cattle/Texas/24-008749-003/2024(H5N1)	768	866
PB1|PP755595.1|A/cattle/Texas/24-008749-003/2024(H5N1)	769	868
PB1|PP755595.1|A/cattle/Texas/24-008749-003/2024(H5N1)	770	921
PB1|PP755595.1|A/cattle/Texas/24-008749-003/2024(H5N1)	771	920
PB1|PP755595.1|A/cattle/Texas/24-008749-003/2024(H5N1)	772	914
PB1|PP755595.1|A/cattle/Texas/24-008749-003/2024(H5N1)	773	914
PB1|PP755595.1|A/cattle/Texas/24-008749-003/2024(H5N1)	774	920
PB1|PP755595.1|A/cattle/Texas/24-008749-003/2024(H5N1)	775	923
PB1|PP755595.1|A/cattle/Texas/24-008749-003/2024(H5N1)	776	937
PB1|PP755595.1|A/cattle/Texas/24-008749-003/2024(H5N1)	777	935
PB1|PP755595.1|A/cattle/Texas/24-008749-003/2024(H5N1)	778	931
PB1|PP755595.1|A/cattle/Texas/24-008749-003/2024(H5N1)	779	910
PB1|PP755595.1|A/cattle/Texas/24-008749-003/2024(H5N1)	780	940
PB1|PP755595.1|A/cattle/Texas/24-008749-003/2024(H5N1)	781	938
PB1|PP755595.1|A/cattle/Texas/24-008749-003/2024(H5N1)	782	947
PB1|PP755595.1|A/cattle/Texas/24-008749-003/2024(H5N1)	783	926
PB1|PP755595.1|A/cattle/Texas/24-008749-003/2024(H5N1)	784	925
PB1|PP755595.1|A/cattle/Texas/24-008749-003/2024(H5N1)	785	932
PB1|PP755595.1|A/cattle/Texas/24-008749-003/2024(H5N1)	786	934
PB1|PP755595.1|A/cattle/Texas/24-008749-003/2024(H5N1)	787	934
PB1|PP755595.1|A/cattle/Texas/24-008749-003/2024(H5N1)	788	933
PB1|PP755595.1|A/cattle/Texas/24-008749-003/2024(H5N1)	789	916
PB1|PP755595.1|A/cattle/Texas/24-008749-003/2024(H5N1)	790	914
PB1|PP755595.1|A/cattle/Texas/24-008749-003/2024(H5N1)	791	912
PB1|PP755595.1|A/cattle/Texas/24-008749-003/2024(H5N1)	792	912
PB1|PP755595.1|A/cattle/Texas/24-008749-003/2024(H5N1)	793	916
PB1|PP755595.1|A/cattle/Texas/24-008749-003/2024(H5N1)	794	917
PB1|PP755595.1|A/cattle/Texas/24-008749-003/2024(H5N1)	795	914
PB1|PP755595.1|A/cattle/Texas/24-008749-003/2024(H5N1)	796	915
PB1|PP755595.1|A/cattle/Texas/24-008749-003/2024(H5N1)	797	917
PB1|PP755595.1|A/cattle/Texas/24-008749-003/2024(H5N1)	798	918
PB1|PP755595.1|A/cattle/Texas/24-008749-003/2024(H5N1)	799	921
PB1|PP755595.1|A/cattle/Texas/24-008749-003/2024(H5N1)	800	931
PB1|PP755595.1|A/cattle/Texas/24-008749-003/2024(H5N1)	801	934
PB1|PP755595.1|A/cattle/Texas/24-008749-003/2024(H5N1)	802	934
PB1|PP755595.1|A/cattle/Texas/24-008749-003/2024(H5N1)	803	935
PB1|PP755595.1|A/cattle/Texas/24-008749-003/2024(H5N1)	804	947
PB1|PP755595.1|A/cattle/Texas/24-008749-003/2024(H5N1)	805	923
PB1|PP755595.1|A/cattle/Texas/24-008749-003/2024(H5N1)	806	923
PB1|PP755595.1|A/cattle/Texas/24-008749-003/2024(H5N1)	807	922
PB1|PP755595.1|A/cattle/Texas/24-008749-003/2024(H5N1)	808	922
PB1|PP755595.1|A/cattle/Texas/24-008749-003/2024(H5N1)	809	924
PB1|PP755595.1|A/cattle/Texas/24-008749-003/2024(H5N1)	810	907
PB1|PP755595.1|A/cattle/Texas/24-008749-003/2024(H5N1)	811	867
PB1|PP755595.1|A/cattle/Texas/24-008749-003/2024(H5N1)	812	853
PB1|PP755595.1|A/cattle/Texas/24-008749-003/2024(H5N1)	813	866
PB1|PP755595.1|A/cattle/Texas/24-008749-003/2024(H5N1)	814	861
PB1|PP755595.1|A/cattle/Texas/24-008749-003/2024(H5N1)	815	873
PB1|PP755595.1|A/cattle/Texas/24-008749-003/2024(H5N1)	816	877
PB1|PP755595.1|A/cattle/Texas/24-008749-003/2024(H5N1)	817	898
PB1|PP755595.1|A/cattle/Texas/24-008749-003/2024(H5N1)	818	872
PB1|PP755595.1|A/cattle/Texas/24-008749-003/2024(H5N1)	819	872
PB1|PP755595.1|A/cattle/Texas/24-008749-003/2024(H5N1)	820	864
PB1|PP755595.1|A/cattle/Texas/24-008749-003/2024(H5N1)	821	877
PB1|PP755595.1|A/cattle/Texas/24-008749-003/2024(H5N1)	822	871
PB1|PP755595.1|A/cattle/Texas/24-008749-003/2024(H5N1)	823	859
PB1|PP755595.1|A/cattle/Texas/24-008749-003/2024(H5N1)	824	853
PB1|PP755595.1|A/cattle/Texas/24-008749-003/2024(H5N1)	825	851
PB1|PP755595.1|A/cattle/Texas/24-008749-003/2024(H5N1)	826	837
PB1|PP755595.1|A/cattle/Texas/24-008749-003/2024(H5N1)	827	878
PB1|PP755595.1|A/cattle/Texas/24-008749-003/2024(H5N1)	828	872
PB1|PP755595.1|A/cattle/Texas/24-008749-003/2024(H5N1)	829	874
PB1|PP755595.1|A/cattle/Texas/24-008749-003/2024(H5N1)	830	875
PB1|PP755595.1|A/cattle/Texas/24-008749-003/2024(H5N1)	831	876
PB1|PP755595.1|A/cattle/Texas/24-008749-003/2024(H5N1)	832	871
PB1|PP755595.1|A/cattle/Texas/24-008749-003/2024(H5N1)	833	870
PB1|PP755595.1|A/cattle/Texas/24-008749-003/2024(H5N1)	834	871
PB1|PP755595.1|A/cattle/Texas/24-008749-003/2024(H5N1)	835	877
PB1|PP755595.1|A/cattle/Texas/24-008749-003/2024(H5N1)	836	874
PB1|PP755595.1|A/cattle/Texas/24-008749-003/2024(H5N1)	837	890
PB1|PP755595.1|A/cattle/Texas/24-008749-003/2024(H5N1)	838	890
PB1|PP755595.1|A/cattle/Texas/24-008749-003/2024(H5N1)	839	891
PB1|PP755595.1|A/cattle/Texas/24-008749-003/2024(H5N1)	840	875
PB1|PP755595.1|A/cattle/Texas/24-008749-003/2024(H5N1)	841	879
PB1|PP755595.1|A/cattle/Texas/24-008749-003/2024(H5N1)	842	879
PB1|PP755595.1|A/cattle/Texas/24-008749-003/2024(H5N1)	843	879
PB1|PP755595.1|A/cattle/Texas/24-008749-003/2024(H5N1)	844	896
PB1|PP755595.1|A/cattle/Texas/24-008749-003/2024(H5N1)	845	896
PB1|PP755595.1|A/cattle/Texas/24-008749-003/2024(H5N1)	846	907
PB1|PP755595.1|A/cattle/Texas/24-008749-003/2024(H5N1)	847	907
PB1|PP755595.1|A/cattle/Texas/24-008749-003/2024(H5N1)	848	910
PB1|PP755595.1|A/cattle/Texas/24-008749-003/2024(H5N1)	849	913
PB1|PP755595.1|A/cattle/Texas/24-008749-003/2024(H5N1)	850	907
PB1|PP755595.1|A/cattle/Texas/24-008749-003/2024(H5N1)	851	907
PB1|PP755595.1|A/cattle/Texas/24-008749-003/2024(H5N1)	852	908
PB1|PP755595.1|A/cattle/Texas/24-008749-003/2024(H5N1)	853	910
PB1|PP755595.1|A/cattle/Texas/24-008749-003/2024(H5N1)	854	980
PB1|PP755595.1|A/cattle/Texas/24-008749-003/2024(H5N1)	855	951
PB1|PP755595.1|A/cattle/Texas/24-008749-003/2024(H5N1)	856	951
PB1|PP755595.1|A/cattle/Texas/24-008749-003/2024(H5N1)	857	950
PB1|PP755595.1|A/cattle/Texas/24-008749-003/2024(H5N1)	858	950
PB1|PP755595.1|A/cattle/Texas/24-008749-003/2024(H5N1)	859	945
PB1|PP755595.1|A/cattle/Texas/24-008749-003/2024(H5N1)	860	947
PB1|PP755595.1|A/cattle/Texas/24-008749-003/2024(H5N1)	861	951
PB1|PP755595.1|A/cattle/Texas/24-008749-003/2024(H5N1)	862	945
PB1|PP755595.1|A/cattle/Texas/24-008749-003/2024(H5N1)	863	943
PB1|PP755595.1|A/cattle/Texas/24-008749-003/2024(H5N1)	864	965
PB1|PP755595.1|A/cattle/Texas/24-008749-003/2024(H5N1)	865	1024
PB1|PP755595.1|A/cattle/Texas/24-008749-003/2024(H5N1)	866	1027
PB1|PP755595.1|A/cattle/Texas/24-008749-003/2024(H5N1)	867	1004
PB1|PP755595.1|A/cattle/Texas/24-008749-003/2024(H5N1)	868	1000
PB1|PP755595.1|A/cattle/Texas/24-008749-003/2024(H5N1)	869	999
PB1|PP755595.1|A/cattle/Texas/24-008749-003/2024(H5N1)	870	995
PB1|PP755595.1|A/cattle/Texas/24-008749-003/2024(H5N1)	871	1008
PB1|PP755595.1|A/cattle/Texas/24-008749-003/2024(H5N1)	872	1000
PB1|PP755595.1|A/cattle/Texas/24-008749-003/2024(H5N1)	873	996
PB1|PP755595.1|A/cattle/Texas/24-008749-003/2024(H5N1)	874	994
PB1|PP755595.1|A/cattle/Texas/24-008749-003/2024(H5N1)	875	995
PB1|PP755595.1|A/cattle/Texas/24-008749-003/2024(H5N1)	876	994
PB1|PP755595.1|A/cattle/Texas/24-008749-003/2024(H5N1)	877	1003
PB1|PP755595.1|A/cattle/Texas/24-008749-003/2024(H5N1)	878	1000
PB1|PP755595.1|A/cattle/Texas/24-008749-003/2024(H5N1)	879	1003
PB1|PP755595.1|A/cattle/Texas/24-008749-003/2024(H5N1)	880	1044
PB1|PP755595.1|A/cattle/Texas/24-008749-003/2024(H5N1)	881	1042
PB1|PP755595.1|A/cattle/Texas/24-008749-003/2024(H5N1)	882	1044
PB1|PP755595.1|A/cattle/Texas/24-008749-003/2024(H5N1)	883	1048
PB1|PP755595.1|A/cattle/Texas/24-008749-003/2024(H5N1)	884	1092
PB1|PP755595.1|A/cattle/Texas/24-008749-003/2024(H5N1)	885	1092
PB1|PP755595.1|A/cattle/Texas/24-008749-003/2024(H5N1)	886	1094
PB1|PP755595.1|A/cattle/Texas/24-008749-003/2024(H5N1)	887	1080
PB1|PP755595.1|A/cattle/Texas/24-008749-003/2024(H5N1)	888	1071
PB1|PP755595.1|A/cattle/Texas/24-008749-003/2024(H5N1)	889	1086
PB1|PP755595.1|A/cattle/Texas/24-008749-003/2024(H5N1)	890	1083
PB1|PP755595.1|A/cattle/Texas/24-008749-003/2024(H5N1)	891	1087
PB1|PP755595.1|A/cattle/Texas/24-008749-003/2024(H5N1)	892	1072
PB1|PP755595.1|A/cattle/Texas/24-008749-003/2024(H5N1)	893	1025
PB1|PP755595.1|A/cattle/Texas/24-008749-003/2024(H5N1)	894	1055
PB1|PP755595.1|A/cattle/Texas/24-008749-003/2024(H5N1)	895	1053
PB1|PP755595.1|A/cattle/Texas/24-008749-003/2024(H5N1)	896	1057
PB1|PP755595.1|A/cattle/Texas/24-008749-003/2024(H5N1)	897	1057
PB1|PP755595.1|A/cattle/Texas/24-008749-003/2024(H5N1)	898	1052
PB1|PP755595.1|A/cattle/Texas/24-008749-003/2024(H5N1)	899	1041
PB1|PP755595.1|A/cattle/Texas/24-008749-003/2024(H5N1)	900	993
PB1|PP755595.1|A/cattle/Texas/24-008749-003/2024(H5N1)	901	994
PB1|PP755595.1|A/cattle/Texas/24-008749-003/2024(H5N1)	902	989
PB1|PP755595.1|A/cattle/Texas/24-008749-003/2024(H5N1)	903	960
PB1|PP755595.1|A/cattle/Texas/24-008749-003/2024(H5N1)	904	959
PB1|PP755595.1|A/cattle/Texas/24-008749-003/2024(H5N1)	905	950
PB1|PP755595.1|A/cattle/Texas/24-008749-003/2024(H5N1)	906	953
PB1|PP755595.1|A/cattle/Texas/24-008749-003/2024(H5N1)	907	970
PB1|PP755595.1|A/cattle/Texas/24-008749-003/2024(H5N1)	908	976
PB1|PP755595.1|A/cattle/Texas/24-008749-003/2024(H5N1)	909	977
PB1|PP755595.1|A/cattle/Texas/24-008749-003/2024(H5N1)	910	983
PB1|PP755595.1|A/cattle/Texas/24-008749-003/2024(H5N1)	911	982
PB1|PP755595.1|A/cattle/Texas/24-008749-003/2024(H5N1)	912	1010
PB1|PP755595.1|A/cattle/Texas/24-008749-003/2024(H5N1)	913	1010
PB1|PP755595.1|A/cattle/Texas/24-008749-003/2024(H5N1)	914	998
PB1|PP755595.1|A/cattle/Texas/24-008749-003/2024(H5N1)	915	999
PB1|PP755595.1|A/cattle/Texas/24-008749-003/2024(H5N1)	916	995
PB1|PP755595.1|A/cattle/Texas/24-008749-003/2024(H5N1)	917	1003
PB1|PP755595.1|A/cattle/Texas/24-008749-003/2024(H5N1)	918	1045
PB1|PP755595.1|A/cattle/Texas/24-008749-003/2024(H5N1)	919	1041
PB1|PP755595.1|A/cattle/Texas/24-008749-003/2024(H5N1)	920	1022
PB1|PP755595.1|A/cattle/Texas/24-008749-003/2024(H5N1)	921	990
PB1|PP755595.1|A/cattle/Texas/24-008749-003/2024(H5N1)	922	992
PB1|PP755595.1|A/cattle/Texas/24-008749-003/2024(H5N1)	923	989
PB1|PP755595.1|A/cattle/Texas/24-008749-003/2024(H5N1)	924	989
PB1|PP755595.1|A/cattle/Texas/24-008749-003/2024(H5N1)	925	985
PB1|PP755595.1|A/cattle/Texas/24-008749-003/2024(H5N1)	926	971
PB1|PP755595.1|A/cattle/Texas/24-008749-003/2024(H5N1)	927	967
PB1|PP755595.1|A/cattle/Texas/24-008749-003/2024(H5N1)	928	965
PB1|PP755595.1|A/cattle/Texas/24-008749-003/2024(H5N1)	929	965
PB1|PP755595.1|A/cattle/Texas/24-008749-003/2024(H5N1)	930	965
PB1|PP755595.1|A/cattle/Texas/24-008749-003/2024(H5N1)	931	944
PB1|PP755595.1|A/cattle/Texas/24-008749-003/2024(H5N1)	932	942
PB1|PP755595.1|A/cattle/Texas/24-008749-003/2024(H5N1)	933	938
PB1|PP755595.1|A/cattle/Texas/24-008749-003/2024(H5N1)	934	947
PB1|PP755595.1|A/cattle/Texas/24-008749-003/2024(H5N1)	935	947
PB1|PP755595.1|A/cattle/Texas/24-008749-003/2024(H5N1)	936	942
PB1|PP755595.1|A/cattle/Texas/24-008749-003/2024(H5N1)	937	942
PB1|PP755595.1|A/cattle/Texas/24-008749-003/2024(H5N1)	938	941
PB1|PP755595.1|A/cattle/Texas/24-008749-003/2024(H5N1)	939	940
PB1|PP755595.1|A/cattle/Texas/24-008749-003/2024(H5N1)	940	952
PB1|PP755595.1|A/cattle/Texas/24-008749-003/2024(H5N1)	941	961
PB1|PP755595.1|A/cattle/Texas/24-008749-003/2024(H5N1)	942	958
PB1|PP755595.1|A/cattle/Texas/24-008749-003/2024(H5N1)	943	973
PB1|PP755595.1|A/cattle/Texas/24-008749-003/2024(H5N1)	944	968
PB1|PP755595.1|A/cattle/Texas/24-008749-003/2024(H5N1)	945	964
PB1|PP755595.1|A/cattle/Texas/24-008749-003/2024(H5N1)	946	966
PB1|PP755595.1|A/cattle/Texas/24-008749-003/2024(H5N1)	947	964
PB1|PP755595.1|A/cattle/Texas/24-008749-003/2024(H5N1)	948	963
PB1|PP755595.1|A/cattle/Texas/24-008749-003/2024(H5N1)	949	963
PB1|PP755595.1|A/cattle/Texas/24-008749-003/2024(H5N1)	950	941
PB1|PP755595.1|A/cattle/Texas/24-008749-003/2024(H5N1)	951	947
PB1|PP755595.1|A/cattle/Texas/24-008749-003/2024(H5N1)	952	938
PB1|PP755595.1|A/cattle/Texas/24-008749-003/2024(H5N1)	953	933
PB1|PP755595.1|A/cattle/Texas/24-008749-003/2024(H5N1)	954	926
PB1|PP755595.1|A/cattle/Texas/24-008749-003/2024(H5N1)	955	922
PB1|PP755595.1|A/cattle/Texas/24-008749-003/2024(H5N1)	956	920
PB1|PP755595.1|A/cattle/Texas/24-008749-003/2024(H5N1)	957	921
PB1|PP755595.1|A/cattle/Texas/24-008749-003/2024(H5N1)	958	923
PB1|PP755595.1|A/cattle/Texas/24-008749-003/2024(H5N1)	959	921
PB1|PP755595.1|A/cattle/Texas/24-008749-003/2024(H5N1)	960	909
PB1|PP755595.1|A/cattle/Texas/24-008749-003/2024(H5N1)	961	917
PB1|PP755595.1|A/cattle/Texas/24-008749-003/2024(H5N1)	962	928
PB1|PP755595.1|A/cattle/Texas/24-008749-003/2024(H5N1)	963	935
PB1|PP755595.1|A/cattle/Texas/24-008749-003/2024(H5N1)	964	919
PB1|PP755595.1|A/cattle/Texas/24-008749-003/2024(H5N1)	965	919
PB1|PP755595.1|A/cattle/Texas/24-008749-003/2024(H5N1)	966	908
PB1|PP755595.1|A/cattle/Texas/24-008749-003/2024(H5N1)	967	906
PB1|PP755595.1|A/cattle/Texas/24-008749-003/2024(H5N1)	968	914
PB1|PP755595.1|A/cattle/Texas/24-008749-003/2024(H5N1)	969	937
PB1|PP755595.1|A/cattle/Texas/24-008749-003/2024(H5N1)	970	937
PB1|PP755595.1|A/cattle/Texas/24-008749-003/2024(H5N1)	971	926
PB1|PP755595.1|A/cattle/Texas/24-008749-003/2024(H5N1)	972	930
PB1|PP755595.1|A/cattle/Texas/24-008749-003/2024(H5N1)	973	931
PB1|PP755595.1|A/cattle/Texas/24-008749-003/2024(H5N1)	974	935
PB1|PP755595.1|A/cattle/Texas/24-008749-003/2024(H5N1)	975	934
PB1|PP755595.1|A/cattle/Texas/24-008749-003/2024(H5N1)	976	934
PB1|PP755595.1|A/cattle/Texas/24-008749-003/2024(H5N1)	977	921
PB1|PP755595.1|A/cattle/Texas/24-008749-003/2024(H5N1)	978	887
PB1|PP755595.1|A/cattle/Texas/24-008749-003/2024(H5N1)	979	886
PB1|PP755595.1|A/cattle/Texas/24-008749-003/2024(H5N1)	980	879
PB1|PP755595.1|A/cattle/Texas/24-008749-003/2024(H5N1)	981	893
PB1|PP755595.1|A/cattle/Texas/24-008749-003/2024(H5N1)	982	893
PB1|PP755595.1|A/cattle/Texas/24-008749-003/2024(H5N1)	983	893
PB1|PP755595.1|A/cattle/Texas/24-008749-003/2024(H5N1)	984	892
PB1|PP755595.1|A/cattle/Texas/24-008749-003/2024(H5N1)	985	885
PB1|PP755595.1|A/cattle/Texas/24-008749-003/2024(H5N1)	986	904
PB1|PP755595.1|A/cattle/Texas/24-008749-003/2024(H5N1)	987	922
PB1|PP755595.1|A/cattle/Texas/24-008749-003/2024(H5N1)	988	940
PB1|PP755595.1|A/cattle/Texas/24-008749-003/2024(H5N1)	989	940
PB1|PP755595.1|A/cattle/Texas/24-008749-003/2024(H5N1)	990	927
PB1|PP755595.1|A/cattle/Texas/24-008749-003/2024(H5N1)	991	934
PB1|PP755595.1|A/cattle/Texas/24-008749-003/2024(H5N1)	992	941
PB1|PP755595.1|A/cattle/Texas/24-008749-003/2024(H5N1)	993	944
PB1|PP755595.1|A/cattle/Texas/24-008749-003/2024(H5N1)	994	945
PB1|PP755595.1|A/cattle/Texas/24-008749-003/2024(H5N1)	995	920
PB1|PP755595.1|A/cattle/Texas/24-008749-003/2024(H5N1)	996	999
PB1|PP755595.1|A/cattle/Texas/24-008749-003/2024(H5N1)	997	985
PB1|PP755595.1|A/cattle/Texas/24-008749-003/2024(H5N1)	998	987
PB1|PP755595.1|A/cattle/Texas/24-008749-003/2024(H5N1)	999	987
PB1|PP755595.1|A/cattle/Texas/24-008749-003/2024(H5N1)	1000	983
PB1|PP755595.1|A/cattle/Texas/24-008749-003/2024(H5N1)	1001	992
PB1|PP755595.1|A/cattle/Texas/24-008749-003/2024(H5N1)	1002	998
PB1|PP755595.1|A/cattle/Texas/24-008749-003/2024(H5N1)	1003	995
PB1|PP755595.1|A/cattle/Texas/24-008749-003/2024(H5N1)	1004	989
PB1|PP755595.1|A/cattle/Texas/24-008749-003/2024(H5N1)	1005	901
PB1|PP755595.1|A/cattle/Texas/24-008749-003/2024(H5N1)	1006	976
PB1|PP755595.1|A/cattle/Texas/24-008749-003/2024(H5N1)	1007	977
PB1|PP755595.1|A/cattle/Texas/24-008749-003/2024(H5N1)	1008	978
PB1|PP755595.1|A/cattle/Texas/24-008749-003/2024(H5N1)	1009	980
PB1|PP755595.1|A/cattle/Texas/24-008749-003/2024(H5N1)	1010	981
PB1|PP755595.1|A/cattle/Texas/24-008749-003/2024(H5N1)	1011	978
PB1|PP755595.1|A/cattle/Texas/24-008749-003/2024(H5N1)	1012	978
PB1|PP755595.1|A/cattle/Texas/24-008749-003/2024(H5N1)	1013	1000
PB1|PP755595.1|A/cattle/Texas/24-008749-003/2024(H5N1)	1014	991
PB1|PP755595.1|A/cattle/Texas/24-008749-003/2024(H5N1)	1015	932
PB1|PP755595.1|A/cattle/Texas/24-008749-003/2024(H5N1)	1016	935
PB1|PP755595.1|A/cattle/Texas/24-008749-003/2024(H5N1)	1017	930
PB1|PP755595.1|A/cattle/Texas/24-008749-003/2024(H5N1)	1018	936
PB1|PP755595.1|A/cattle/Texas/24-008749-003/2024(H5N1)	1019	940
PB1|PP755595.1|A/cattle/Texas/24-008749-003/2024(H5N1)	1020	941
PB1|PP755595.1|A/cattle/Texas/24-008749-003/2024(H5N1)	1021	1050
PB1|PP755595.1|A/cattle/Texas/24-008749-003/2024(H5N1)	1022	1032
PB1|PP755595.1|A/cattle/Texas/24-008749-003/2024(H5N1)	1023	1034
PB1|PP755595.1|A/cattle/Texas/24-008749-003/2024(H5N1)	1024	1047
PB1|PP755595.1|A/cattle/Texas/24-008749-003/2024(H5N1)	1025	1048
PB1|PP755595.1|A/cattle/Texas/24-008749-003/2024(H5N1)	1026	1050
PB1|PP755595.1|A/cattle/Texas/24-008749-003/2024(H5N1)	1027	1050
PB1|PP755595.1|A/cattle/Texas/24-008749-003/2024(H5N1)	1028	1043
PB1|PP755595.1|A/cattle/Texas/24-008749-003/2024(H5N1)	1029	1044
PB1|PP755595.1|A/cattle/Texas/24-008749-003/2024(H5N1)	1030	996
PB1|PP755595.1|A/cattle/Texas/24-008749-003/2024(H5N1)	1031	1030
PB1|PP755595.1|A/cattle/Texas/24-008749-003/2024(H5N1)	1032	1028
PB1|PP755595.1|A/cattle/Texas/24-008749-003/2024(H5N1)	1033	1028
PB1|PP755595.1|A/cattle/Texas/24-008749-003/2024(H5N1)	1034	998
PB1|PP755595.1|A/cattle/Texas/24-008749-003/2024(H5N1)	1035	998
PB1|PP755595.1|A/cattle/Texas/24-008749-003/2024(H5N1)	1036	1002
PB1|PP755595.1|A/cattle/Texas/24-008749-003/2024(H5N1)	1037	1001
PB1|PP755595.1|A/cattle/Texas/24-008749-003/2024(H5N1)	1038	1001
PB1|PP755595.1|A/cattle/Texas/24-008749-003/2024(H5N1)	1039	1002
PB1|PP755595.1|A/cattle/Texas/24-008749-003/2024(H5N1)	1040	996
PB1|PP755595.1|A/cattle/Texas/24-008749-003/2024(H5N1)	1041	996
PB1|PP755595.1|A/cattle/Texas/24-008749-003/2024(H5N1)	1042	1017
PB1|PP755595.1|A/cattle/Texas/24-008749-003/2024(H5N1)	1043	1020
PB1|PP755595.1|A/cattle/Texas/24-008749-003/2024(H5N1)	1044	1026
PB1|PP755595.1|A/cattle/Texas/24-008749-003/2024(H5N1)	1045	1011
PB1|PP755595.1|A/cattle/Texas/24-008749-003/2024(H5N1)	1046	1010
PB1|PP755595.1|A/cattle/Texas/24-008749-003/2024(H5N1)	1047	1012
PB1|PP755595.1|A/cattle/Texas/24-008749-003/2024(H5N1)	1048	1027
PB1|PP755595.1|A/cattle/Texas/24-008749-003/2024(H5N1)	1049	1060
PB1|PP755595.1|A/cattle/Texas/24-008749-003/2024(H5N1)	1050	1072
PB1|PP755595.1|A/cattle/Texas/24-008749-003/2024(H5N1)	1051	1079
PB1|PP755595.1|A/cattle/Texas/24-008749-003/2024(H5N1)	1052	1077
PB1|PP755595.1|A/cattle/Texas/24-008749-003/2024(H5N1)	1053	1082
PB1|PP755595.1|A/cattle/Texas/24-008749-003/2024(H5N1)	1054	1097
PB1|PP755595.1|A/cattle/Texas/24-008749-003/2024(H5N1)	1055	1125
PB1|PP755595.1|A/cattle/Texas/24-008749-003/2024(H5N1)	1056	1123
PB1|PP755595.1|A/cattle/Texas/24-008749-003/2024(H5N1)	1057	1109
PB1|PP755595.1|A/cattle/Texas/24-008749-003/2024(H5N1)	1058	1085
PB1|PP755595.1|A/cattle/Texas/24-008749-003/2024(H5N1)	1059	1077
PB1|PP755595.1|A/cattle/Texas/24-008749-003/2024(H5N1)	1060	1144
PB1|PP755595.1|A/cattle/Texas/24-008749-003/2024(H5N1)	1061	1155
PB1|PP755595.1|A/cattle/Texas/24-008749-003/2024(H5N1)	1062	1157
PB1|PP755595.1|A/cattle/Texas/24-008749-003/2024(H5N1)	1063	1170
PB1|PP755595.1|A/cattle/Texas/24-008749-003/2024(H5N1)	1064	1163
PB1|PP755595.1|A/cattle/Texas/24-008749-003/2024(H5N1)	1065	1161
PB1|PP755595.1|A/cattle/Texas/24-008749-003/2024(H5N1)	1066	1162
PB1|PP755595.1|A/cattle/Texas/24-008749-003/2024(H5N1)	1067	1161
PB1|PP755595.1|A/cattle/Texas/24-008749-003/2024(H5N1)	1068	1162
PB1|PP755595.1|A/cattle/Texas/24-008749-003/2024(H5N1)	1069	1152
PB1|PP755595.1|A/cattle/Texas/24-008749-003/2024(H5N1)	1070	1151
PB1|PP755595.1|A/cattle/Texas/24-008749-003/2024(H5N1)	1071	1146
PB1|PP755595.1|A/cattle/Texas/24-008749-003/2024(H5N1)	1072	1148
PB1|PP755595.1|A/cattle/Texas/24-008749-003/2024(H5N1)	1073	1150
PB1|PP755595.1|A/cattle/Texas/24-008749-003/2024(H5N1)	1074	1159
PB1|PP755595.1|A/cattle/Texas/24-008749-003/2024(H5N1)	1075	1169
PB1|PP755595.1|A/cattle/Texas/24-008749-003/2024(H5N1)	1076	1174
PB1|PP755595.1|A/cattle/Texas/24-008749-003/2024(H5N1)	1077	1179
PB1|PP755595.1|A/cattle/Texas/24-008749-003/2024(H5N1)	1078	1176
PB1|PP755595.1|A/cattle/Texas/24-008749-003/2024(H5N1)	1079	1177
PB1|PP755595.1|A/cattle/Texas/24-008749-003/2024(H5N1)	1080	1183
PB1|PP755595.1|A/cattle/Texas/24-008749-003/2024(H5N1)	1081	1205
PB1|PP755595.1|A/cattle/Texas/24-008749-003/2024(H5N1)	1082	1221
PB1|PP755595.1|A/cattle/Texas/24-008749-003/2024(H5N1)	1083	1219
PB1|PP755595.1|A/cattle/Texas/24-008749-003/2024(H5N1)	1084	1219
PB1|PP755595.1|A/cattle/Texas/24-008749-003/2024(H5N1)	1085	1211
PB1|PP755595.1|A/cattle/Texas/24-008749-003/2024(H5N1)	1086	1210
PB1|PP755595.1|A/cattle/Texas/24-008749-003/2024(H5N1)	1087	1217
PB1|PP755595.1|A/cattle/Texas/24-008749-003/2024(H5N1)	1088	1216
PB1|PP755595.1|A/cattle/Texas/24-008749-003/2024(H5N1)	1089	1218
PB1|PP755595.1|A/cattle/Texas/24-008749-003/2024(H5N1)	1090	1215
PB1|PP755595.1|A/cattle/Texas/24-008749-003/2024(H5N1)	1091	1220
PB1|PP755595.1|A/cattle/Texas/24-008749-003/2024(H5N1)	1092	1221
PB1|PP755595.1|A/cattle/Texas/24-008749-003/2024(H5N1)	1093	1212
PB1|PP755595.1|A/cattle/Texas/24-008749-003/2024(H5N1)	1094	1212
PB1|PP755595.1|A/cattle/Texas/24-008749-003/2024(H5N1)	1095	1216
PB1|PP755595.1|A/cattle/Texas/24-008749-003/2024(H5N1)	1096	1215
PB1|PP755595.1|A/cattle/Texas/24-008749-003/2024(H5N1)	1097	1234
PB1|PP755595.1|A/cattle/Texas/24-008749-003/2024(H5N1)	1098	1234
PB1|PP755595.1|A/cattle/Texas/24-008749-003/2024(H5N1)	1099	1238
PB1|PP755595.1|A/cattle/Texas/24-008749-003/2024(H5N1)	1100	1247
PB1|PP755595.1|A/cattle/Texas/24-008749-003/2024(H5N1)	1101	1248
PB1|PP755595.1|A/cattle/Texas/24-008749-003/2024(H5N1)	1102	1242
PB1|PP755595.1|A/cattle/Texas/24-008749-003/2024(H5N1)	1103	1260
PB1|PP755595.1|A/cattle/Texas/24-008749-003/2024(H5N1)	1104	1260
PB1|PP755595.1|A/cattle/Texas/24-008749-003/2024(H5N1)	1105	1289
PB1|PP755595.1|A/cattle/Texas/24-008749-003/2024(H5N1)	1106	1265
PB1|PP755595.1|A/cattle/Texas/24-008749-003/2024(H5N1)	1107	1265
PB1|PP755595.1|A/cattle/Texas/24-008749-003/2024(H5N1)	1108	1264
PB1|PP755595.1|A/cattle/Texas/24-008749-003/2024(H5N1)	1109	1264
PB1|PP755595.1|A/cattle/Texas/24-008749-003/2024(H5N1)	1110	1263
PB1|PP755595.1|A/cattle/Texas/24-008749-003/2024(H5N1)	1111	1263
PB1|PP755595.1|A/cattle/Texas/24-008749-003/2024(H5N1)	1112	1292
PB1|PP755595.1|A/cattle/Texas/24-008749-003/2024(H5N1)	1113	1283
PB1|PP755595.1|A/cattle/Texas/24-008749-003/2024(H5N1)	1114	1282
PB1|PP755595.1|A/cattle/Texas/24-008749-003/2024(H5N1)	1115	1284
PB1|PP755595.1|A/cattle/Texas/24-008749-003/2024(H5N1)	1116	1286
PB1|PP755595.1|A/cattle/Texas/24-008749-003/2024(H5N1)	1117	1263
PB1|PP755595.1|A/cattle/Texas/24-008749-003/2024(H5N1)	1118	1263
PB1|PP755595.1|A/cattle/Texas/24-008749-003/2024(H5N1)	1119	1281
PB1|PP755595.1|A/cattle/Texas/24-008749-003/2024(H5N1)	1120	1260
PB1|PP755595.1|A/cattle/Texas/24-008749-003/2024(H5N1)	1121	1249
PB1|PP755595.1|A/cattle/Texas/24-008749-003/2024(H5N1)	1122	1249
PB1|PP755595.1|A/cattle/Texas/24-008749-003/2024(H5N1)	1123	1247
PB1|PP755595.1|A/cattle/Texas/24-008749-003/2024(H5N1)	1124	1259
PB1|PP755595.1|A/cattle/Texas/24-008749-003/2024(H5N1)	1125	1254
PB1|PP755595.1|A/cattle/Texas/24-008749-003/2024(H5N1)	1126	1253
PB1|PP755595.1|A/cattle/Texas/24-008749-003/2024(H5N1)	1127	1252
PB1|PP755595.1|A/cattle/Texas/24-008749-003/2024(H5N1)	1128	1192
PB1|PP755595.1|A/cattle/Texas/24-008749-003/2024(H5N1)	1129	1213
PB1|PP755595.1|A/cattle/Texas/24-008749-003/2024(H5N1)	1130	1246
PB1|PP755595.1|A/cattle/Texas/24-008749-003/2024(H5N1)	1131	1234
PB1|PP755595.1|A/cattle/Texas/24-008749-003/2024(H5N1)	1132	1244
PB1|PP755595.1|A/cattle/Texas/24-008749-003/2024(H5N1)	1133	1244
PB1|PP755595.1|A/cattle/Texas/24-008749-003/2024(H5N1)	1134	1272
PB1|PP755595.1|A/cattle/Texas/24-008749-003/2024(H5N1)	1135	1274
PB1|PP755595.1|A/cattle/Texas/24-008749-003/2024(H5N1)	1136	1274
PB1|PP755595.1|A/cattle/Texas/24-008749-003/2024(H5N1)	1137	1274
PB1|PP755595.1|A/cattle/Texas/24-008749-003/2024(H5N1)	1138	1286
PB1|PP755595.1|A/cattle/Texas/24-008749-003/2024(H5N1)	1139	1278
PB1|PP755595.1|A/cattle/Texas/24-008749-003/2024(H5N1)	1140	1277
PB1|PP755595.1|A/cattle/Texas/24-008749-003/2024(H5N1)	1141	1275
PB1|PP755595.1|A/cattle/Texas/24-008749-003/2024(H5N1)	1142	1276
PB1|PP755595.1|A/cattle/Texas/24-008749-003/2024(H5N1)	1143	1264
PB1|PP755595.1|A/cattle/Texas/24-008749-003/2024(H5N1)	1144	1260
PB1|PP755595.1|A/cattle/Texas/24-008749-003/2024(H5N1)	1145	1269
PB1|PP755595.1|A/cattle/Texas/24-008749-003/2024(H5N1)	1146	1251
PB1|PP755595.1|A/cattle/Texas/24-008749-003/2024(H5N1)	1147	1195
PB1|PP755595.1|A/cattle/Texas/24-008749-003/2024(H5N1)	1148	1172
PB1|PP755595.1|A/cattle/Texas/24-008749-003/2024(H5N1)	1149	1173
PB1|PP755595.1|A/cattle/Texas/24-008749-003/2024(H5N1)	1150	1170
PB1|PP755595.1|A/cattle/Texas/24-008749-003/2024(H5N1)	1151	1165
PB1|PP755595.1|A/cattle/Texas/24-008749-003/2024(H5N1)	1152	1164
PB1|PP755595.1|A/cattle/Texas/24-008749-003/2024(H5N1)	1153	1165
PB1|PP755595.1|A/cattle/Texas/24-008749-003/2024(H5N1)	1154	1165
PB1|PP755595.1|A/cattle/Texas/24-008749-003/2024(H5N1)	1155	1163
PB1|PP755595.1|A/cattle/Texas/24-008749-003/2024(H5N1)	1156	1162
PB1|PP755595.1|A/cattle/Texas/24-008749-003/2024(H5N1)	1157	1100
PB1|PP755595.1|A/cattle/Texas/24-008749-003/2024(H5N1)	1158	1118
PB1|PP755595.1|A/cattle/Texas/24-008749-003/2024(H5N1)	1159	1131
PB1|PP755595.1|A/cattle/Texas/24-008749-003/2024(H5N1)	1160	1135
PB1|PP755595.1|A/cattle/Texas/24-008749-003/2024(H5N1)	1161	1136
PB1|PP755595.1|A/cattle/Texas/24-008749-003/2024(H5N1)	1162	1149
PB1|PP755595.1|A/cattle/Texas/24-008749-003/2024(H5N1)	1163	1164
PB1|PP755595.1|A/cattle/Texas/24-008749-003/2024(H5N1)	1164	1153
PB1|PP755595.1|A/cattle/Texas/24-008749-003/2024(H5N1)	1165	1157
PB1|PP755595.1|A/cattle/Texas/24-008749-003/2024(H5N1)	1166	1171
PB1|PP755595.1|A/cattle/Texas/24-008749-003/2024(H5N1)	1167	1160
PB1|PP755595.1|A/cattle/Texas/24-008749-003/2024(H5N1)	1168	1161
PB1|PP755595.1|A/cattle/Texas/24-008749-003/2024(H5N1)	1169	1161
PB1|PP755595.1|A/cattle/Texas/24-008749-003/2024(H5N1)	1170	1164
PB1|PP755595.1|A/cattle/Texas/24-008749-003/2024(H5N1)	1171	1168
PB1|PP755595.1|A/cattle/Texas/24-008749-003/2024(H5N1)	1172	1112
PB1|PP755595.1|A/cattle/Texas/24-008749-003/2024(H5N1)	1173	1173
PB1|PP755595.1|A/cattle/Texas/24-008749-003/2024(H5N1)	1174	1180
PB1|PP755595.1|A/cattle/Texas/24-008749-003/2024(H5N1)	1175	1167
PB1|PP755595.1|A/cattle/Texas/24-008749-003/2024(H5N1)	1176	1176
PB1|PP755595.1|A/cattle/Texas/24-008749-003/2024(H5N1)	1177	1175
PB1|PP755595.1|A/cattle/Texas/24-008749-003/2024(H5N1)	1178	1182
PB1|PP755595.1|A/cattle/Texas/24-008749-003/2024(H5N1)	1179	1225
PB1|PP755595.1|A/cattle/Texas/24-008749-003/2024(H5N1)	1180	1222
PB1|PP755595.1|A/cattle/Texas/24-008749-003/2024(H5N1)	1181	1214
PB1|PP755595.1|A/cattle/Texas/24-008749-003/2024(H5N1)	1182	1167
PB1|PP755595.1|A/cattle/Texas/24-008749-003/2024(H5N1)	1183	1199
PB1|PP755595.1|A/cattle/Texas/24-008749-003/2024(H5N1)	1184	1204
PB1|PP755595.1|A/cattle/Texas/24-008749-003/2024(H5N1)	1185	1209
PB1|PP755595.1|A/cattle/Texas/24-008749-003/2024(H5N1)	1186	1230
PB1|PP755595.1|A/cattle/Texas/24-008749-003/2024(H5N1)	1187	1225
PB1|PP755595.1|A/cattle/Texas/24-008749-003/2024(H5N1)	1188	1239
PB1|PP755595.1|A/cattle/Texas/24-008749-003/2024(H5N1)	1189	1242
PB1|PP755595.1|A/cattle/Texas/24-008749-003/2024(H5N1)	1190	1246
PB1|PP755595.1|A/cattle/Texas/24-008749-003/2024(H5N1)	1191	1248
PB1|PP755595.1|A/cattle/Texas/24-008749-003/2024(H5N1)	1192	1245
PB1|PP755595.1|A/cattle/Texas/24-008749-003/2024(H5N1)	1193	1218
PB1|PP755595.1|A/cattle/Texas/24-008749-003/2024(H5N1)	1194	1225
PB1|PP755595.1|A/cattle/Texas/24-008749-003/2024(H5N1)	1195	1229
PB1|PP755595.1|A/cattle/Texas/24-008749-003/2024(H5N1)	1196	1252
PB1|PP755595.1|A/cattle/Texas/24-008749-003/2024(H5N1)	1197	1248
PB1|PP755595.1|A/cattle/Texas/24-008749-003/2024(H5N1)	1198	1246
PB1|PP755595.1|A/cattle/Texas/24-008749-003/2024(H5N1)	1199	1208
PB1|PP755595.1|A/cattle/Texas/24-008749-003/2024(H5N1)	1200	1197
PB1|PP755595.1|A/cattle/Texas/24-008749-003/2024(H5N1)	1201	1206
PB1|PP755595.1|A/cattle/Texas/24-008749-003/2024(H5N1)	1202	1202
PB1|PP755595.1|A/cattle/Texas/24-008749-003/2024(H5N1)	1203	1197
PB1|PP755595.1|A/cattle/Texas/24-008749-003/2024(H5N1)	1204	1182
PB1|PP755595.1|A/cattle/Texas/24-008749-003/2024(H5N1)	1205	1264
PB1|PP755595.1|A/cattle/Texas/24-008749-003/2024(H5N1)	1206	1265
PB1|PP755595.1|A/cattle/Texas/24-008749-003/2024(H5N1)	1207	1262
PB1|PP755595.1|A/cattle/Texas/24-008749-003/2024(H5N1)	1208	1269
PB1|PP755595.1|A/cattle/Texas/24-008749-003/2024(H5N1)	1209	1264
PB1|PP755595.1|A/cattle/Texas/24-008749-003/2024(H5N1)	1210	1243
PB1|PP755595.1|A/cattle/Texas/24-008749-003/2024(H5N1)	1211	1235
PB1|PP755595.1|A/cattle/Texas/24-008749-003/2024(H5N1)	1212	1238
PB1|PP755595.1|A/cattle/Texas/24-008749-003/2024(H5N1)	1213	1235
PB1|PP755595.1|A/cattle/Texas/24-008749-003/2024(H5N1)	1214	1193
PB1|PP755595.1|A/cattle/Texas/24-008749-003/2024(H5N1)	1215	1199
PB1|PP755595.1|A/cattle/Texas/24-008749-003/2024(H5N1)	1216	1222
PB1|PP755595.1|A/cattle/Texas/24-008749-003/2024(H5N1)	1217	1235
PB1|PP755595.1|A/cattle/Texas/24-008749-003/2024(H5N1)	1218	1235
PB1|PP755595.1|A/cattle/Texas/24-008749-003/2024(H5N1)	1219	1228
PB1|PP755595.1|A/cattle/Texas/24-008749-003/2024(H5N1)	1220	1176
PB1|PP755595.1|A/cattle/Texas/24-008749-003/2024(H5N1)	1221	1198
PB1|PP755595.1|A/cattle/Texas/24-008749-003/2024(H5N1)	1222	1208
PB1|PP755595.1|A/cattle/Texas/24-008749-003/2024(H5N1)	1223	1210
PB1|PP755595.1|A/cattle/Texas/24-008749-003/2024(H5N1)	1224	1210
PB1|PP755595.1|A/cattle/Texas/24-008749-003/2024(H5N1)	1225	1194
PB1|PP755595.1|A/cattle/Texas/24-008749-003/2024(H5N1)	1226	1179
PB1|PP755595.1|A/cattle/Texas/24-008749-003/2024(H5N1)	1227	1177
PB1|PP755595.1|A/cattle/Texas/24-008749-003/2024(H5N1)	1228	1189
PB1|PP755595.1|A/cattle/Texas/24-008749-003/2024(H5N1)	1229	1196
PB1|PP755595.1|A/cattle/Texas/24-008749-003/2024(H5N1)	1230	1177
PB1|PP755595.1|A/cattle/Texas/24-008749-003/2024(H5N1)	1231	1179
PB1|PP755595.1|A/cattle/Texas/24-008749-003/2024(H5N1)	1232	1197
PB1|PP755595.1|A/cattle/Texas/24-008749-003/2024(H5N1)	1233	1209
PB1|PP755595.1|A/cattle/Texas/24-008749-003/2024(H5N1)	1234	1213
PB1|PP755595.1|A/cattle/Texas/24-008749-003/2024(H5N1)	1235	1220
PB1|PP755595.1|A/cattle/Texas/24-008749-003/2024(H5N1)	1236	1221
PB1|PP755595.1|A/cattle/Texas/24-008749-003/2024(H5N1)	1237	1210
PB1|PP755595.1|A/cattle/Texas/24-008749-003/2024(H5N1)	1238	1215
PB1|PP755595.1|A/cattle/Texas/24-008749-003/2024(H5N1)	1239	1209
PB1|PP755595.1|A/cattle/Texas/24-008749-003/2024(H5N1)	1240	1211
PB1|PP755595.1|A/cattle/Texas/24-008749-003/2024(H5N1)	1241	1207
PB1|PP755595.1|A/cattle/Texas/24-008749-003/2024(H5N1)	1242	1194
PB1|PP755595.1|A/cattle/Texas/24-008749-003/2024(H5N1)	1243	1266
PB1|PP755595.1|A/cattle/Texas/24-008749-003/2024(H5N1)	1244	1264
PB1|PP755595.1|A/cattle/Texas/24-008749-003/2024(H5N1)	1245	1277
PB1|PP755595.1|A/cattle/Texas/24-008749-003/2024(H5N1)	1246	1274
PB1|PP755595.1|A/cattle/Texas/24-008749-003/2024(H5N1)	1247	1299
PB1|PP755595.1|A/cattle/Texas/24-008749-003/2024(H5N1)	1248	1295
PB1|PP755595.1|A/cattle/Texas/24-008749-003/2024(H5N1)	1249	1282
PB1|PP755595.1|A/cattle/Texas/24-008749-003/2024(H5N1)	1250	1287
PB1|PP755595.1|A/cattle/Texas/24-008749-003/2024(H5N1)	1251	1270
PB1|PP755595.1|A/cattle/Texas/24-008749-003/2024(H5N1)	1252	1292
PB1|PP755595.1|A/cattle/Texas/24-008749-003/2024(H5N1)	1253	1320
PB1|PP755595.1|A/cattle/Texas/24-008749-003/2024(H5N1)	1254	1296
PB1|PP755595.1|A/cattle/Texas/24-008749-003/2024(H5N1)	1255	1295
PB1|PP755595.1|A/cattle/Texas/24-008749-003/2024(H5N1)	1256	1296
PB1|PP755595.1|A/cattle/Texas/24-008749-003/2024(H5N1)	1257	1299
PB1|PP755595.1|A/cattle/Texas/24-008749-003/2024(H5N1)	1258	1312
PB1|PP755595.1|A/cattle/Texas/24-008749-003/2024(H5N1)	1259	1309
PB1|PP755595.1|A/cattle/Texas/24-008749-003/2024(H5N1)	1260	1301
PB1|PP755595.1|A/cattle/Texas/24-008749-003/2024(H5N1)	1261	1289
PB1|PP755595.1|A/cattle/Texas/24-008749-003/2024(H5N1)	1262	1264
PB1|PP755595.1|A/cattle/Texas/24-008749-003/2024(H5N1)	1263	1267
PB1|PP755595.1|A/cattle/Texas/24-008749-003/2024(H5N1)	1264	1290
PB1|PP755595.1|A/cattle/Texas/24-008749-003/2024(H5N1)	1265	1284
PB1|PP755595.1|A/cattle/Texas/24-008749-003/2024(H5N1)	1266	1284
PB1|PP755595.1|A/cattle/Texas/24-008749-003/2024(H5N1)	1267	1283
PB1|PP755595.1|A/cattle/Texas/24-008749-003/2024(H5N1)	1268	1283
PB1|PP755595.1|A/cattle/Texas/24-008749-003/2024(H5N1)	1269	1283
PB1|PP755595.1|A/cattle/Texas/24-008749-003/2024(H5N1)	1270	1267
PB1|PP755595.1|A/cattle/Texas/24-008749-003/2024(H5N1)	1271	1267
PB1|PP755595.1|A/cattle/Texas/24-008749-003/2024(H5N1)	1272	1267
PB1|PP755595.1|A/cattle/Texas/24-008749-003/2024(H5N1)	1273	1267
PB1|PP755595.1|A/cattle/Texas/24-008749-003/2024(H5N1)	1274	1276
PB1|PP755595.1|A/cattle/Texas/24-008749-003/2024(H5N1)	1275	1264
PB1|PP755595.1|A/cattle/Texas/24-008749-003/2024(H5N1)	1276	1264
PB1|PP755595.1|A/cattle/Texas/24-008749-003/2024(H5N1)	1277	1264
PB1|PP755595.1|A/cattle/Texas/24-008749-003/2024(H5N1)	1278	1259
PB1|PP755595.1|A/cattle/Texas/24-008749-003/2024(H5N1)	1279	1288
PB1|PP755595.1|A/cattle/Texas/24-008749-003/2024(H5N1)	1280	1311
PB1|PP755595.1|A/cattle/Texas/24-008749-003/2024(H5N1)	1281	1287
PB1|PP755595.1|A/cattle/Texas/24-008749-003/2024(H5N1)	1282	1291
PB1|PP755595.1|A/cattle/Texas/24-008749-003/2024(H5N1)	1283	1289
PB1|PP755595.1|A/cattle/Texas/24-008749-003/2024(H5N1)	1284	1290
PB1|PP755595.1|A/cattle/Texas/24-008749-003/2024(H5N1)	1285	1267
PB1|PP755595.1|A/cattle/Texas/24-008749-003/2024(H5N1)	1286	1264
PB1|PP755595.1|A/cattle/Texas/24-008749-003/2024(H5N1)	1287	1279
PB1|PP755595.1|A/cattle/Texas/24-008749-003/2024(H5N1)	1288	1255
PB1|PP755595.1|A/cattle/Texas/24-008749-003/2024(H5N1)	1289	1257
PB1|PP755595.1|A/cattle/Texas/24-008749-003/2024(H5N1)	1290	1234
PB1|PP755595.1|A/cattle/Texas/24-008749-003/2024(H5N1)	1291	1239
PB1|PP755595.1|A/cattle/Texas/24-008749-003/2024(H5N1)	1292	1238
PB1|PP755595.1|A/cattle/Texas/24-008749-003/2024(H5N1)	1293	1257
PB1|PP755595.1|A/cattle/Texas/24-008749-003/2024(H5N1)	1294	1255
PB1|PP755595.1|A/cattle/Texas/24-008749-003/2024(H5N1)	1295	1258
PB1|PP755595.1|A/cattle/Texas/24-008749-003/2024(H5N1)	1296	1250
PB1|PP755595.1|A/cattle/Texas/24-008749-003/2024(H5N1)	1297	1241
PB1|PP755595.1|A/cattle/Texas/24-008749-003/2024(H5N1)	1298	1241
PB1|PP755595.1|A/cattle/Texas/24-008749-003/2024(H5N1)	1299	1238
PB1|PP755595.1|A/cattle/Texas/24-008749-003/2024(H5N1)	1300	1254
PB1|PP755595.1|A/cattle/Texas/24-008749-003/2024(H5N1)	1301	1282
PB1|PP755595.1|A/cattle/Texas/24-008749-003/2024(H5N1)	1302	1268
PB1|PP755595.1|A/cattle/Texas/24-008749-003/2024(H5N1)	1303	1300
PB1|PP755595.1|A/cattle/Texas/24-008749-003/2024(H5N1)	1304	1299
PB1|PP755595.1|A/cattle/Texas/24-008749-003/2024(H5N1)	1305	1341
PB1|PP755595.1|A/cattle/Texas/24-008749-003/2024(H5N1)	1306	1343
PB1|PP755595.1|A/cattle/Texas/24-008749-003/2024(H5N1)	1307	1343
PB1|PP755595.1|A/cattle/Texas/24-008749-003/2024(H5N1)	1308	1355
PB1|PP755595.1|A/cattle/Texas/24-008749-003/2024(H5N1)	1309	1340
PB1|PP755595.1|A/cattle/Texas/24-008749-003/2024(H5N1)	1310	1343
PB1|PP755595.1|A/cattle/Texas/24-008749-003/2024(H5N1)	1311	1347
PB1|PP755595.1|A/cattle/Texas/24-008749-003/2024(H5N1)	1312	1319
PB1|PP755595.1|A/cattle/Texas/24-008749-003/2024(H5N1)	1313	1319
PB1|PP755595.1|A/cattle/Texas/24-008749-003/2024(H5N1)	1314	1307
PB1|PP755595.1|A/cattle/Texas/24-008749-003/2024(H5N1)	1315	1305
PB1|PP755595.1|A/cattle/Texas/24-008749-003/2024(H5N1)	1316	1327
PB1|PP755595.1|A/cattle/Texas/24-008749-003/2024(H5N1)	1317	1307
PB1|PP755595.1|A/cattle/Texas/24-008749-003/2024(H5N1)	1318	1321
PB1|PP755595.1|A/cattle/Texas/24-008749-003/2024(H5N1)	1319	1343
PB1|PP755595.1|A/cattle/Texas/24-008749-003/2024(H5N1)	1320	1348
PB1|PP755595.1|A/cattle/Texas/24-008749-003/2024(H5N1)	1321	1363
PB1|PP755595.1|A/cattle/Texas/24-008749-003/2024(H5N1)	1322	1355
PB1|PP755595.1|A/cattle/Texas/24-008749-003/2024(H5N1)	1323	1376
PB1|PP755595.1|A/cattle/Texas/24-008749-003/2024(H5N1)	1324	1332
PB1|PP755595.1|A/cattle/Texas/24-008749-003/2024(H5N1)	1325	1324
PB1|PP755595.1|A/cattle/Texas/24-008749-003/2024(H5N1)	1326	1326
PB1|PP755595.1|A/cattle/Texas/24-008749-003/2024(H5N1)	1327	1316
PB1|PP755595.1|A/cattle/Texas/24-008749-003/2024(H5N1)	1328	1296
PB1|PP755595.1|A/cattle/Texas/24-008749-003/2024(H5N1)	1329	1294
PB1|PP755595.1|A/cattle/Texas/24-008749-003/2024(H5N1)	1330	1284
PB1|PP755595.1|A/cattle/Texas/24-008749-003/2024(H5N1)	1331	1259
PB1|PP755595.1|A/cattle/Texas/24-008749-003/2024(H5N1)	1332	1251
PB1|PP755595.1|A/cattle/Texas/24-008749-003/2024(H5N1)	1333	1252
PB1|PP755595.1|A/cattle/Texas/24-008749-003/2024(H5N1)	1334	1252
PB1|PP755595.1|A/cattle/Texas/24-008749-003/2024(H5N1)	1335	1248
PB1|PP755595.1|A/cattle/Texas/24-008749-003/2024(H5N1)	1336	1243
PB1|PP755595.1|A/cattle/Texas/24-008749-003/2024(H5N1)	1337	1230
PB1|PP755595.1|A/cattle/Texas/24-008749-003/2024(H5N1)	1338	1231
PB1|PP755595.1|A/cattle/Texas/24-008749-003/2024(H5N1)	1339	1221
PB1|PP755595.1|A/cattle/Texas/24-008749-003/2024(H5N1)	1340	1220
PB1|PP755595.1|A/cattle/Texas/24-008749-003/2024(H5N1)	1341	1215
PB1|PP755595.1|A/cattle/Texas/24-008749-003/2024(H5N1)	1342	1208
PB1|PP755595.1|A/cattle/Texas/24-008749-003/2024(H5N1)	1343	1217
PB1|PP755595.1|A/cattle/Texas/24-008749-003/2024(H5N1)	1344	1217
PB1|PP755595.1|A/cattle/Texas/24-008749-003/2024(H5N1)	1345	1233
PB1|PP755595.1|A/cattle/Texas/24-008749-003/2024(H5N1)	1346	1214
PB1|PP755595.1|A/cattle/Texas/24-008749-003/2024(H5N1)	1347	1243
PB1|PP755595.1|A/cattle/Texas/24-008749-003/2024(H5N1)	1348	1243
PB1|PP755595.1|A/cattle/Texas/24-008749-003/2024(H5N1)	1349	1249
PB1|PP755595.1|A/cattle/Texas/24-008749-003/2024(H5N1)	1350	1249
PB1|PP755595.1|A/cattle/Texas/24-008749-003/2024(H5N1)	1351	1254
PB1|PP755595.1|A/cattle/Texas/24-008749-003/2024(H5N1)	1352	1252
PB1|PP755595.1|A/cattle/Texas/24-008749-003/2024(H5N1)	1353	1255
PB1|PP755595.1|A/cattle/Texas/24-008749-003/2024(H5N1)	1354	1241
PB1|PP755595.1|A/cattle/Texas/24-008749-003/2024(H5N1)	1355	1242
PB1|PP755595.1|A/cattle/Texas/24-008749-003/2024(H5N1)	1356	1155
PB1|PP755595.1|A/cattle/Texas/24-008749-003/2024(H5N1)	1357	1161
PB1|PP755595.1|A/cattle/Texas/24-008749-003/2024(H5N1)	1358	1172
PB1|PP755595.1|A/cattle/Texas/24-008749-003/2024(H5N1)	1359	1168
PB1|PP755595.1|A/cattle/Texas/24-008749-003/2024(H5N1)	1360	1168
PB1|PP755595.1|A/cattle/Texas/24-008749-003/2024(H5N1)	1361	1125
PB1|PP755595.1|A/cattle/Texas/24-008749-003/2024(H5N1)	1362	1124
PB1|PP755595.1|A/cattle/Texas/24-008749-003/2024(H5N1)	1363	1131
PB1|PP755595.1|A/cattle/Texas/24-008749-003/2024(H5N1)	1364	1134
PB1|PP755595.1|A/cattle/Texas/24-008749-003/2024(H5N1)	1365	1141
PB1|PP755595.1|A/cattle/Texas/24-008749-003/2024(H5N1)	1366	1116
PB1|PP755595.1|A/cattle/Texas/24-008749-003/2024(H5N1)	1367	1115
PB1|PP755595.1|A/cattle/Texas/24-008749-003/2024(H5N1)	1368	1107
PB1|PP755595.1|A/cattle/Texas/24-008749-003/2024(H5N1)	1369	1108
PB1|PP755595.1|A/cattle/Texas/24-008749-003/2024(H5N1)	1370	1112
PB1|PP755595.1|A/cattle/Texas/24-008749-003/2024(H5N1)	1371	1117
PB1|PP755595.1|A/cattle/Texas/24-008749-003/2024(H5N1)	1372	1117
PB1|PP755595.1|A/cattle/Texas/24-008749-003/2024(H5N1)	1373	1122
PB1|PP755595.1|A/cattle/Texas/24-008749-003/2024(H5N1)	1374	1121
PB1|PP755595.1|A/cattle/Texas/24-008749-003/2024(H5N1)	1375	1138
PB1|PP755595.1|A/cattle/Texas/24-008749-003/2024(H5N1)	1376	1139
PB1|PP755595.1|A/cattle/Texas/24-008749-003/2024(H5N1)	1377	1135
PB1|PP755595.1|A/cattle/Texas/24-008749-003/2024(H5N1)	1378	1122
PB1|PP755595.1|A/cattle/Texas/24-008749-003/2024(H5N1)	1379	1119
PB1|PP755595.1|A/cattle/Texas/24-008749-003/2024(H5N1)	1380	1130
PB1|PP755595.1|A/cattle/Texas/24-008749-003/2024(H5N1)	1381	1128
PB1|PP755595.1|A/cattle/Texas/24-008749-003/2024(H5N1)	1382	1131
PB1|PP755595.1|A/cattle/Texas/24-008749-003/2024(H5N1)	1383	1113
PB1|PP755595.1|A/cattle/Texas/24-008749-003/2024(H5N1)	1384	1093
PB1|PP755595.1|A/cattle/Texas/24-008749-003/2024(H5N1)	1385	1091
PB1|PP755595.1|A/cattle/Texas/24-008749-003/2024(H5N1)	1386	1066
PB1|PP755595.1|A/cattle/Texas/24-008749-003/2024(H5N1)	1387	1058
PB1|PP755595.1|A/cattle/Texas/24-008749-003/2024(H5N1)	1388	1186
PB1|PP755595.1|A/cattle/Texas/24-008749-003/2024(H5N1)	1389	1190
PB1|PP755595.1|A/cattle/Texas/24-008749-003/2024(H5N1)	1390	1203
PB1|PP755595.1|A/cattle/Texas/24-008749-003/2024(H5N1)	1391	1204
PB1|PP755595.1|A/cattle/Texas/24-008749-003/2024(H5N1)	1392	1193
PB1|PP755595.1|A/cattle/Texas/24-008749-003/2024(H5N1)	1393	1104
PB1|PP755595.1|A/cattle/Texas/24-008749-003/2024(H5N1)	1394	1109
PB1|PP755595.1|A/cattle/Texas/24-008749-003/2024(H5N1)	1395	1209
PB1|PP755595.1|A/cattle/Texas/24-008749-003/2024(H5N1)	1396	1201
PB1|PP755595.1|A/cattle/Texas/24-008749-003/2024(H5N1)	1397	1200
PB1|PP755595.1|A/cattle/Texas/24-008749-003/2024(H5N1)	1398	1245
PB1|PP755595.1|A/cattle/Texas/24-008749-003/2024(H5N1)	1399	1227
PB1|PP755595.1|A/cattle/Texas/24-008749-003/2024(H5N1)	1400	1280
PB1|PP755595.1|A/cattle/Texas/24-008749-003/2024(H5N1)	1401	1281
PB1|PP755595.1|A/cattle/Texas/24-008749-003/2024(H5N1)	1402	1281
PB1|PP755595.1|A/cattle/Texas/24-008749-003/2024(H5N1)	1403	1270
PB1|PP755595.1|A/cattle/Texas/24-008749-003/2024(H5N1)	1404	1242
PB1|PP755595.1|A/cattle/Texas/24-008749-003/2024(H5N1)	1405	1248
PB1|PP755595.1|A/cattle/Texas/24-008749-003/2024(H5N1)	1406	1292
PB1|PP755595.1|A/cattle/Texas/24-008749-003/2024(H5N1)	1407	1257
PB1|PP755595.1|A/cattle/Texas/24-008749-003/2024(H5N1)	1408	1245
PB1|PP755595.1|A/cattle/Texas/24-008749-003/2024(H5N1)	1409	1244
PB1|PP755595.1|A/cattle/Texas/24-008749-003/2024(H5N1)	1410	1252
PB1|PP755595.1|A/cattle/Texas/24-008749-003/2024(H5N1)	1411	1255
PB1|PP755595.1|A/cattle/Texas/24-008749-003/2024(H5N1)	1412	1254
PB1|PP755595.1|A/cattle/Texas/24-008749-003/2024(H5N1)	1413	1254
PB1|PP755595.1|A/cattle/Texas/24-008749-003/2024(H5N1)	1414	1252
PB1|PP755595.1|A/cattle/Texas/24-008749-003/2024(H5N1)	1415	1213
PB1|PP755595.1|A/cattle/Texas/24-008749-003/2024(H5N1)	1416	1221
PB1|PP755595.1|A/cattle/Texas/24-008749-003/2024(H5N1)	1417	1226
PB1|PP755595.1|A/cattle/Texas/24-008749-003/2024(H5N1)	1418	1227
PB1|PP755595.1|A/cattle/Texas/24-008749-003/2024(H5N1)	1419	1229
PB1|PP755595.1|A/cattle/Texas/24-008749-003/2024(H5N1)	1420	1231
PB1|PP755595.1|A/cattle/Texas/24-008749-003/2024(H5N1)	1421	1275
PB1|PP755595.1|A/cattle/Texas/24-008749-003/2024(H5N1)	1422	1282
PB1|PP755595.1|A/cattle/Texas/24-008749-003/2024(H5N1)	1423	1285
PB1|PP755595.1|A/cattle/Texas/24-008749-003/2024(H5N1)	1424	1299
PB1|PP755595.1|A/cattle/Texas/24-008749-003/2024(H5N1)	1425	1293
PB1|PP755595.1|A/cattle/Texas/24-008749-003/2024(H5N1)	1426	1298
PB1|PP755595.1|A/cattle/Texas/24-008749-003/2024(H5N1)	1427	1308
PB1|PP755595.1|A/cattle/Texas/24-008749-003/2024(H5N1)	1428	1309
PB1|PP755595.1|A/cattle/Texas/24-008749-003/2024(H5N1)	1429	1355
PB1|PP755595.1|A/cattle/Texas/24-008749-003/2024(H5N1)	1430	1278
PB1|PP755595.1|A/cattle/Texas/24-008749-003/2024(H5N1)	1431	1280
PB1|PP755595.1|A/cattle/Texas/24-008749-003/2024(H5N1)	1432	1277
PB1|PP755595.1|A/cattle/Texas/24-008749-003/2024(H5N1)	1433	1285
PB1|PP755595.1|A/cattle/Texas/24-008749-003/2024(H5N1)	1434	1282
PB1|PP755595.1|A/cattle/Texas/24-008749-003/2024(H5N1)	1435	1332
PB1|PP755595.1|A/cattle/Texas/24-008749-003/2024(H5N1)	1436	1334
PB1|PP755595.1|A/cattle/Texas/24-008749-003/2024(H5N1)	1437	1332
PB1|PP755595.1|A/cattle/Texas/24-008749-003/2024(H5N1)	1438	1325
PB1|PP755595.1|A/cattle/Texas/24-008749-003/2024(H5N1)	1439	1321
PB1|PP755595.1|A/cattle/Texas/24-008749-003/2024(H5N1)	1440	1320
PB1|PP755595.1|A/cattle/Texas/24-008749-003/2024(H5N1)	1441	1321
PB1|PP755595.1|A/cattle/Texas/24-008749-003/2024(H5N1)	1442	1314
PB1|PP755595.1|A/cattle/Texas/24-008749-003/2024(H5N1)	1443	1336
PB1|PP755595.1|A/cattle/Texas/24-008749-003/2024(H5N1)	1444	1325
PB1|PP755595.1|A/cattle/Texas/24-008749-003/2024(H5N1)	1445	1323
PB1|PP755595.1|A/cattle/Texas/24-008749-003/2024(H5N1)	1446	1331
PB1|PP755595.1|A/cattle/Texas/24-008749-003/2024(H5N1)	1447	1329
PB1|PP755595.1|A/cattle/Texas/24-008749-003/2024(H5N1)	1448	1359
PB1|PP755595.1|A/cattle/Texas/24-008749-003/2024(H5N1)	1449	1360
PB1|PP755595.1|A/cattle/Texas/24-008749-003/2024(H5N1)	1450	1363
PB1|PP755595.1|A/cattle/Texas/24-008749-003/2024(H5N1)	1451	1361
PB1|PP755595.1|A/cattle/Texas/24-008749-003/2024(H5N1)	1452	1342
PB1|PP755595.1|A/cattle/Texas/24-008749-003/2024(H5N1)	1453	1344
PB1|PP755595.1|A/cattle/Texas/24-008749-003/2024(H5N1)	1454	1319
PB1|PP755595.1|A/cattle/Texas/24-008749-003/2024(H5N1)	1455	1317
PB1|PP755595.1|A/cattle/Texas/24-008749-003/2024(H5N1)	1456	1270
PB1|PP755595.1|A/cattle/Texas/24-008749-003/2024(H5N1)	1457	1288
PB1|PP755595.1|A/cattle/Texas/24-008749-003/2024(H5N1)	1458	1286
PB1|PP755595.1|A/cattle/Texas/24-008749-003/2024(H5N1)	1459	1273
PB1|PP755595.1|A/cattle/Texas/24-008749-003/2024(H5N1)	1460	1270
PB1|PP755595.1|A/cattle/Texas/24-008749-003/2024(H5N1)	1461	1230
PB1|PP755595.1|A/cattle/Texas/24-008749-003/2024(H5N1)	1462	1230
PB1|PP755595.1|A/cattle/Texas/24-008749-003/2024(H5N1)	1463	1236
PB1|PP755595.1|A/cattle/Texas/24-008749-003/2024(H5N1)	1464	1234
PB1|PP755595.1|A/cattle/Texas/24-008749-003/2024(H5N1)	1465	1262
PB1|PP755595.1|A/cattle/Texas/24-008749-003/2024(H5N1)	1466	1290
PB1|PP755595.1|A/cattle/Texas/24-008749-003/2024(H5N1)	1467	1279
PB1|PP755595.1|A/cattle/Texas/24-008749-003/2024(H5N1)	1468	1280
PB1|PP755595.1|A/cattle/Texas/24-008749-003/2024(H5N1)	1469	1268
PB1|PP755595.1|A/cattle/Texas/24-008749-003/2024(H5N1)	1470	1250
PB1|PP755595.1|A/cattle/Texas/24-008749-003/2024(H5N1)	1471	1248
PB1|PP755595.1|A/cattle/Texas/24-008749-003/2024(H5N1)	1472	1240
PB1|PP755595.1|A/cattle/Texas/24-008749-003/2024(H5N1)	1473	1243
PB1|PP755595.1|A/cattle/Texas/24-008749-003/2024(H5N1)	1474	1227
PB1|PP755595.1|A/cattle/Texas/24-008749-003/2024(H5N1)	1475	1214
PB1|PP755595.1|A/cattle/Texas/24-008749-003/2024(H5N1)	1476	1214
PB1|PP755595.1|A/cattle/Texas/24-008749-003/2024(H5N1)	1477	1214
PB1|PP755595.1|A/cattle/Texas/24-008749-003/2024(H5N1)	1478	1206
PB1|PP755595.1|A/cattle/Texas/24-008749-003/2024(H5N1)	1479	1206
PB1|PP755595.1|A/cattle/Texas/24-008749-003/2024(H5N1)	1480	1208
PB1|PP755595.1|A/cattle/Texas/24-008749-003/2024(H5N1)	1481	1195
PB1|PP755595.1|A/cattle/Texas/24-008749-003/2024(H5N1)	1482	1199
PB1|PP755595.1|A/cattle/Texas/24-008749-003/2024(H5N1)	1483	1201
PB1|PP755595.1|A/cattle/Texas/24-008749-003/2024(H5N1)	1484	1200
PB1|PP755595.1|A/cattle/Texas/24-008749-003/2024(H5N1)	1485	1198
PB1|PP755595.1|A/cattle/Texas/24-008749-003/2024(H5N1)	1486	1198
PB1|PP755595.1|A/cattle/Texas/24-008749-003/2024(H5N1)	1487	1198
PB1|PP755595.1|A/cattle/Texas/24-008749-003/2024(H5N1)	1488	1199
PB1|PP755595.1|A/cattle/Texas/24-008749-003/2024(H5N1)	1489	1196
PB1|PP755595.1|A/cattle/Texas/24-008749-003/2024(H5N1)	1490	1192
PB1|PP755595.1|A/cattle/Texas/24-008749-003/2024(H5N1)	1491	1193
PB1|PP755595.1|A/cattle/Texas/24-008749-003/2024(H5N1)	1492	1197
PB1|PP755595.1|A/cattle/Texas/24-008749-003/2024(H5N1)	1493	1214
PB1|PP755595.1|A/cattle/Texas/24-008749-003/2024(H5N1)	1494	1192
PB1|PP755595.1|A/cattle/Texas/24-008749-003/2024(H5N1)	1495	1198
PB1|PP755595.1|A/cattle/Texas/24-008749-003/2024(H5N1)	1496	1200
PB1|PP755595.1|A/cattle/Texas/24-008749-003/2024(H5N1)	1497	1213
PB1|PP755595.1|A/cattle/Texas/24-008749-003/2024(H5N1)	1498	1188
PB1|PP755595.1|A/cattle/Texas/24-008749-003/2024(H5N1)	1499	1251
PB1|PP755595.1|A/cattle/Texas/24-008749-003/2024(H5N1)	1500	1256
PB1|PP755595.1|A/cattle/Texas/24-008749-003/2024(H5N1)	1501	1258
PB1|PP755595.1|A/cattle/Texas/24-008749-003/2024(H5N1)	1502	1244
PB1|PP755595.1|A/cattle/Texas/24-008749-003/2024(H5N1)	1503	1240
PB1|PP755595.1|A/cattle/Texas/24-008749-003/2024(H5N1)	1504	1245
PB1|PP755595.1|A/cattle/Texas/24-008749-003/2024(H5N1)	1505	1243
PB1|PP755595.1|A/cattle/Texas/24-008749-003/2024(H5N1)	1506	1243
PB1|PP755595.1|A/cattle/Texas/24-008749-003/2024(H5N1)	1507	1244
PB1|PP755595.1|A/cattle/Texas/24-008749-003/2024(H5N1)	1508	1229
PB1|PP755595.1|A/cattle/Texas/24-008749-003/2024(H5N1)	1509	1230
PB1|PP755595.1|A/cattle/Texas/24-008749-003/2024(H5N1)	1510	1232
PB1|PP755595.1|A/cattle/Texas/24-008749-003/2024(H5N1)	1511	1240
PB1|PP755595.1|A/cattle/Texas/24-008749-003/2024(H5N1)	1512	1253
PB1|PP755595.1|A/cattle/Texas/24-008749-003/2024(H5N1)	1513	1253
PB1|PP755595.1|A/cattle/Texas/24-008749-003/2024(H5N1)	1514	1255
PB1|PP755595.1|A/cattle/Texas/24-008749-003/2024(H5N1)	1515	1247
PB1|PP755595.1|A/cattle/Texas/24-008749-003/2024(H5N1)	1516	1249
PB1|PP755595.1|A/cattle/Texas/24-008749-003/2024(H5N1)	1517	1266
PB1|PP755595.1|A/cattle/Texas/24-008749-003/2024(H5N1)	1518	1281
PB1|PP755595.1|A/cattle/Texas/24-008749-003/2024(H5N1)	1519	1283
PB1|PP755595.1|A/cattle/Texas/24-008749-003/2024(H5N1)	1520	1281
PB1|PP755595.1|A/cattle/Texas/24-008749-003/2024(H5N1)	1521	1252
PB1|PP755595.1|A/cattle/Texas/24-008749-003/2024(H5N1)	1522	1294
PB1|PP755595.1|A/cattle/Texas/24-008749-003/2024(H5N1)	1523	1290
PB1|PP755595.1|A/cattle/Texas/24-008749-003/2024(H5N1)	1524	1280
PB1|PP755595.1|A/cattle/Texas/24-008749-003/2024(H5N1)	1525	1315
PB1|PP755595.1|A/cattle/Texas/24-008749-003/2024(H5N1)	1526	1288
PB1|PP755595.1|A/cattle/Texas/24-008749-003/2024(H5N1)	1527	1295
PB1|PP755595.1|A/cattle/Texas/24-008749-003/2024(H5N1)	1528	1303
PB1|PP755595.1|A/cattle/Texas/24-008749-003/2024(H5N1)	1529	1314
PB1|PP755595.1|A/cattle/Texas/24-008749-003/2024(H5N1)	1530	1300
PB1|PP755595.1|A/cattle/Texas/24-008749-003/2024(H5N1)	1531	1263
PB1|PP755595.1|A/cattle/Texas/24-008749-003/2024(H5N1)	1532	1352
PB1|PP755595.1|A/cattle/Texas/24-008749-003/2024(H5N1)	1533	1288
PB1|PP755595.1|A/cattle/Texas/24-008749-003/2024(H5N1)	1534	1286
PB1|PP755595.1|A/cattle/Texas/24-008749-003/2024(H5N1)	1535	1286
PB1|PP755595.1|A/cattle/Texas/24-008749-003/2024(H5N1)	1536	1281
PB1|PP755595.1|A/cattle/Texas/24-008749-003/2024(H5N1)	1537	1281
PB1|PP755595.1|A/cattle/Texas/24-008749-003/2024(H5N1)	1538	1282
PB1|PP755595.1|A/cattle/Texas/24-008749-003/2024(H5N1)	1539	1287
PB1|PP755595.1|A/cattle/Texas/24-008749-003/2024(H5N1)	1540	1286
PB1|PP755595.1|A/cattle/Texas/24-008749-003/2024(H5N1)	1541	1199
PB1|PP755595.1|A/cattle/Texas/24-008749-003/2024(H5N1)	1542	1278
PB1|PP755595.1|A/cattle/Texas/24-008749-003/2024(H5N1)	1543	1277
PB1|PP755595.1|A/cattle/Texas/24-008749-003/2024(H5N1)	1544	1260
PB1|PP755595.1|A/cattle/Texas/24-008749-003/2024(H5N1)	1545	1256
PB1|PP755595.1|A/cattle/Texas/24-008749-003/2024(H5N1)	1546	1255
PB1|PP755595.1|A/cattle/Texas/24-008749-003/2024(H5N1)	1547	1262
PB1|PP755595.1|A/cattle/Texas/24-008749-003/2024(H5N1)	1548	1268
PB1|PP755595.1|A/cattle/Texas/24-008749-003/2024(H5N1)	1549	1237
PB1|PP755595.1|A/cattle/Texas/24-008749-003/2024(H5N1)	1550	1238
PB1|PP755595.1|A/cattle/Texas/24-008749-003/2024(H5N1)	1551	1176
PB1|PP755595.1|A/cattle/Texas/24-008749-003/2024(H5N1)	1552	1171
PB1|PP755595.1|A/cattle/Texas/24-008749-003/2024(H5N1)	1553	1175
PB1|PP755595.1|A/cattle/Texas/24-008749-003/2024(H5N1)	1554	1173
PB1|PP755595.1|A/cattle/Texas/24-008749-003/2024(H5N1)	1555	1172
PB1|PP755595.1|A/cattle/Texas/24-008749-003/2024(H5N1)	1556	1170
PB1|PP755595.1|A/cattle/Texas/24-008749-003/2024(H5N1)	1557	1142
PB1|PP755595.1|A/cattle/Texas/24-008749-003/2024(H5N1)	1558	1141
PB1|PP755595.1|A/cattle/Texas/24-008749-003/2024(H5N1)	1559	1148
PB1|PP755595.1|A/cattle/Texas/24-008749-003/2024(H5N1)	1560	1139
PB1|PP755595.1|A/cattle/Texas/24-008749-003/2024(H5N1)	1561	1140
PB1|PP755595.1|A/cattle/Texas/24-008749-003/2024(H5N1)	1562	1138
PB1|PP755595.1|A/cattle/Texas/24-008749-003/2024(H5N1)	1563	1140
PB1|PP755595.1|A/cattle/Texas/24-008749-003/2024(H5N1)	1564	1154
PB1|PP755595.1|A/cattle/Texas/24-008749-003/2024(H5N1)	1565	1153
PB1|PP755595.1|A/cattle/Texas/24-008749-003/2024(H5N1)	1566	1159
PB1|PP755595.1|A/cattle/Texas/24-008749-003/2024(H5N1)	1567	1162
PB1|PP755595.1|A/cattle/Texas/24-008749-003/2024(H5N1)	1568	1160
PB1|PP755595.1|A/cattle/Texas/24-008749-003/2024(H5N1)	1569	1179
PB1|PP755595.1|A/cattle/Texas/24-008749-003/2024(H5N1)	1570	1177
PB1|PP755595.1|A/cattle/Texas/24-008749-003/2024(H5N1)	1571	1235
PB1|PP755595.1|A/cattle/Texas/24-008749-003/2024(H5N1)	1572	1210
PB1|PP755595.1|A/cattle/Texas/24-008749-003/2024(H5N1)	1573	1207
PB1|PP755595.1|A/cattle/Texas/24-008749-003/2024(H5N1)	1574	1205
PB1|PP755595.1|A/cattle/Texas/24-008749-003/2024(H5N1)	1575	1190
PB1|PP755595.1|A/cattle/Texas/24-008749-003/2024(H5N1)	1576	1192
PB1|PP755595.1|A/cattle/Texas/24-008749-003/2024(H5N1)	1577	1251
PB1|PP755595.1|A/cattle/Texas/24-008749-003/2024(H5N1)	1578	1241
PB1|PP755595.1|A/cattle/Texas/24-008749-003/2024(H5N1)	1579	1240
PB1|PP755595.1|A/cattle/Texas/24-008749-003/2024(H5N1)	1580	1198
PB1|PP755595.1|A/cattle/Texas/24-008749-003/2024(H5N1)	1581	1202
PB1|PP755595.1|A/cattle/Texas/24-008749-003/2024(H5N1)	1582	1197
PB1|PP755595.1|A/cattle/Texas/24-008749-003/2024(H5N1)	1583	1194
PB1|PP755595.1|A/cattle/Texas/24-008749-003/2024(H5N1)	1584	1193
PB1|PP755595.1|A/cattle/Texas/24-008749-003/2024(H5N1)	1585	1208
PB1|PP755595.1|A/cattle/Texas/24-008749-003/2024(H5N1)	1586	1154
PB1|PP755595.1|A/cattle/Texas/24-008749-003/2024(H5N1)	1587	1158
PB1|PP755595.1|A/cattle/Texas/24-008749-003/2024(H5N1)	1588	1163
PB1|PP755595.1|A/cattle/Texas/24-008749-003/2024(H5N1)	1589	1161
PB1|PP755595.1|A/cattle/Texas/24-008749-003/2024(H5N1)	1590	1160
PB1|PP755595.1|A/cattle/Texas/24-008749-003/2024(H5N1)	1591	1172
PB1|PP755595.1|A/cattle/Texas/24-008749-003/2024(H5N1)	1592	1166
PB1|PP755595.1|A/cattle/Texas/24-008749-003/2024(H5N1)	1593	1173
PB1|PP755595.1|A/cattle/Texas/24-008749-003/2024(H5N1)	1594	1151
PB1|PP755595.1|A/cattle/Texas/24-008749-003/2024(H5N1)	1595	1151
PB1|PP755595.1|A/cattle/Texas/24-008749-003/2024(H5N1)	1596	1155
PB1|PP755595.1|A/cattle/Texas/24-008749-003/2024(H5N1)	1597	1142
PB1|PP755595.1|A/cattle/Texas/24-008749-003/2024(H5N1)	1598	1137
PB1|PP755595.1|A/cattle/Texas/24-008749-003/2024(H5N1)	1599	1155
PB1|PP755595.1|A/cattle/Texas/24-008749-003/2024(H5N1)	1600	1157
PB1|PP755595.1|A/cattle/Texas/24-008749-003/2024(H5N1)	1601	1153
PB1|PP755595.1|A/cattle/Texas/24-008749-003/2024(H5N1)	1602	1144
PB1|PP755595.1|A/cattle/Texas/24-008749-003/2024(H5N1)	1603	1136
PB1|PP755595.1|A/cattle/Texas/24-008749-003/2024(H5N1)	1604	1138
PB1|PP755595.1|A/cattle/Texas/24-008749-003/2024(H5N1)	1605	1135
PB1|PP755595.1|A/cattle/Texas/24-008749-003/2024(H5N1)	1606	1134
PB1|PP755595.1|A/cattle/Texas/24-008749-003/2024(H5N1)	1607	1156
PB1|PP755595.1|A/cattle/Texas/24-008749-003/2024(H5N1)	1608	1139
PB1|PP755595.1|A/cattle/Texas/24-008749-003/2024(H5N1)	1609	1139
PB1|PP755595.1|A/cattle/Texas/24-008749-003/2024(H5N1)	1610	1149
PB1|PP755595.1|A/cattle/Texas/24-008749-003/2024(H5N1)	1611	1133
PB1|PP755595.1|A/cattle/Texas/24-008749-003/2024(H5N1)	1612	1135
PB1|PP755595.1|A/cattle/Texas/24-008749-003/2024(H5N1)	1613	1147
PB1|PP755595.1|A/cattle/Texas/24-008749-003/2024(H5N1)	1614	1154
PB1|PP755595.1|A/cattle/Texas/24-008749-003/2024(H5N1)	1615	1156
PB1|PP755595.1|A/cattle/Texas/24-008749-003/2024(H5N1)	1616	1133
PB1|PP755595.1|A/cattle/Texas/24-008749-003/2024(H5N1)	1617	1124
PB1|PP755595.1|A/cattle/Texas/24-008749-003/2024(H5N1)	1618	1124
PB1|PP755595.1|A/cattle/Texas/24-008749-003/2024(H5N1)	1619	1123
PB1|PP755595.1|A/cattle/Texas/24-008749-003/2024(H5N1)	1620	1130
PB1|PP755595.1|A/cattle/Texas/24-008749-003/2024(H5N1)	1621	1132
PB1|PP755595.1|A/cattle/Texas/24-008749-003/2024(H5N1)	1622	1120
PB1|PP755595.1|A/cattle/Texas/24-008749-003/2024(H5N1)	1623	1108
PB1|PP755595.1|A/cattle/Texas/24-008749-003/2024(H5N1)	1624	1112
PB1|PP755595.1|A/cattle/Texas/24-008749-003/2024(H5N1)	1625	1130
PB1|PP755595.1|A/cattle/Texas/24-008749-003/2024(H5N1)	1626	1129
PB1|PP755595.1|A/cattle/Texas/24-008749-003/2024(H5N1)	1627	1128
PB1|PP755595.1|A/cattle/Texas/24-008749-003/2024(H5N1)	1628	1126
PB1|PP755595.1|A/cattle/Texas/24-008749-003/2024(H5N1)	1629	1124
PB1|PP755595.1|A/cattle/Texas/24-008749-003/2024(H5N1)	1630	1148
PB1|PP755595.1|A/cattle/Texas/24-008749-003/2024(H5N1)	1631	1164
PB1|PP755595.1|A/cattle/Texas/24-008749-003/2024(H5N1)	1632	1164
PB1|PP755595.1|A/cattle/Texas/24-008749-003/2024(H5N1)	1633	1159
PB1|PP755595.1|A/cattle/Texas/24-008749-003/2024(H5N1)	1634	1158
PB1|PP755595.1|A/cattle/Texas/24-008749-003/2024(H5N1)	1635	1159
PB1|PP755595.1|A/cattle/Texas/24-008749-003/2024(H5N1)	1636	1159
PB1|PP755595.1|A/cattle/Texas/24-008749-003/2024(H5N1)	1637	1167
PB1|PP755595.1|A/cattle/Texas/24-008749-003/2024(H5N1)	1638	1167
PB1|PP755595.1|A/cattle/Texas/24-008749-003/2024(H5N1)	1639	1178
PB1|PP755595.1|A/cattle/Texas/24-008749-003/2024(H5N1)	1640	1217
PB1|PP755595.1|A/cattle/Texas/24-008749-003/2024(H5N1)	1641	1219
PB1|PP755595.1|A/cattle/Texas/24-008749-003/2024(H5N1)	1642	1240
PB1|PP755595.1|A/cattle/Texas/24-008749-003/2024(H5N1)	1643	1237
PB1|PP755595.1|A/cattle/Texas/24-008749-003/2024(H5N1)	1644	1237
PB1|PP755595.1|A/cattle/Texas/24-008749-003/2024(H5N1)	1645	1232
PB1|PP755595.1|A/cattle/Texas/24-008749-003/2024(H5N1)	1646	1221
PB1|PP755595.1|A/cattle/Texas/24-008749-003/2024(H5N1)	1647	1223
PB1|PP755595.1|A/cattle/Texas/24-008749-003/2024(H5N1)	1648	1233
PB1|PP755595.1|A/cattle/Texas/24-008749-003/2024(H5N1)	1649	1171
PB1|PP755595.1|A/cattle/Texas/24-008749-003/2024(H5N1)	1650	1176
PB1|PP755595.1|A/cattle/Texas/24-008749-003/2024(H5N1)	1651	1159
PB1|PP755595.1|A/cattle/Texas/24-008749-003/2024(H5N1)	1652	1160
PB1|PP755595.1|A/cattle/Texas/24-008749-003/2024(H5N1)	1653	1181
PB1|PP755595.1|A/cattle/Texas/24-008749-003/2024(H5N1)	1654	1194
PB1|PP755595.1|A/cattle/Texas/24-008749-003/2024(H5N1)	1655	1191
PB1|PP755595.1|A/cattle/Texas/24-008749-003/2024(H5N1)	1656	1188
PB1|PP755595.1|A/cattle/Texas/24-008749-003/2024(H5N1)	1657	1201
PB1|PP755595.1|A/cattle/Texas/24-008749-003/2024(H5N1)	1658	1200
PB1|PP755595.1|A/cattle/Texas/24-008749-003/2024(H5N1)	1659	1227
PB1|PP755595.1|A/cattle/Texas/24-008749-003/2024(H5N1)	1660	1259
PB1|PP755595.1|A/cattle/Texas/24-008749-003/2024(H5N1)	1661	1260
PB1|PP755595.1|A/cattle/Texas/24-008749-003/2024(H5N1)	1662	1254
PB1|PP755595.1|A/cattle/Texas/24-008749-003/2024(H5N1)	1663	1236
PB1|PP755595.1|A/cattle/Texas/24-008749-003/2024(H5N1)	1664	1245
PB1|PP755595.1|A/cattle/Texas/24-008749-003/2024(H5N1)	1665	1317
PB1|PP755595.1|A/cattle/Texas/24-008749-003/2024(H5N1)	1666	1316
PB1|PP755595.1|A/cattle/Texas/24-008749-003/2024(H5N1)	1667	1331
PB1|PP755595.1|A/cattle/Texas/24-008749-003/2024(H5N1)	1668	1307
PB1|PP755595.1|A/cattle/Texas/24-008749-003/2024(H5N1)	1669	1306
PB1|PP755595.1|A/cattle/Texas/24-008749-003/2024(H5N1)	1670	1310
PB1|PP755595.1|A/cattle/Texas/24-008749-003/2024(H5N1)	1671	1326
PB1|PP755595.1|A/cattle/Texas/24-008749-003/2024(H5N1)	1672	1325
PB1|PP755595.1|A/cattle/Texas/24-008749-003/2024(H5N1)	1673	1307
PB1|PP755595.1|A/cattle/Texas/24-008749-003/2024(H5N1)	1674	1250
PB1|PP755595.1|A/cattle/Texas/24-008749-003/2024(H5N1)	1675	1275
PB1|PP755595.1|A/cattle/Texas/24-008749-003/2024(H5N1)	1676	1265
PB1|PP755595.1|A/cattle/Texas/24-008749-003/2024(H5N1)	1677	1273
PB1|PP755595.1|A/cattle/Texas/24-008749-003/2024(H5N1)	1678	1261
PB1|PP755595.1|A/cattle/Texas/24-008749-003/2024(H5N1)	1679	1254
PB1|PP755595.1|A/cattle/Texas/24-008749-003/2024(H5N1)	1680	1255
PB1|PP755595.1|A/cattle/Texas/24-008749-003/2024(H5N1)	1681	1250
PB1|PP755595.1|A/cattle/Texas/24-008749-003/2024(H5N1)	1682	1249
PB1|PP755595.1|A/cattle/Texas/24-008749-003/2024(H5N1)	1683	1215
PB1|PP755595.1|A/cattle/Texas/24-008749-003/2024(H5N1)	1684	1209
PB1|PP755595.1|A/cattle/Texas/24-008749-003/2024(H5N1)	1685	1212
PB1|PP755595.1|A/cattle/Texas/24-008749-003/2024(H5N1)	1686	1217
PB1|PP755595.1|A/cattle/Texas/24-008749-003/2024(H5N1)	1687	1216
PB1|PP755595.1|A/cattle/Texas/24-008749-003/2024(H5N1)	1688	1224
PB1|PP755595.1|A/cattle/Texas/24-008749-003/2024(H5N1)	1689	1234
PB1|PP755595.1|A/cattle/Texas/24-008749-003/2024(H5N1)	1690	1245
PB1|PP755595.1|A/cattle/Texas/24-008749-003/2024(H5N1)	1691	1244
PB1|PP755595.1|A/cattle/Texas/24-008749-003/2024(H5N1)	1692	1219
PB1|PP755595.1|A/cattle/Texas/24-008749-003/2024(H5N1)	1693	1153
PB1|PP755595.1|A/cattle/Texas/24-008749-003/2024(H5N1)	1694	1155
PB1|PP755595.1|A/cattle/Texas/24-008749-003/2024(H5N1)	1695	1153
PB1|PP755595.1|A/cattle/Texas/24-008749-003/2024(H5N1)	1696	1151
PB1|PP755595.1|A/cattle/Texas/24-008749-003/2024(H5N1)	1697	1146
PB1|PP755595.1|A/cattle/Texas/24-008749-003/2024(H5N1)	1698	1145
PB1|PP755595.1|A/cattle/Texas/24-008749-003/2024(H5N1)	1699	1146
PB1|PP755595.1|A/cattle/Texas/24-008749-003/2024(H5N1)	1700	1134
PB1|PP755595.1|A/cattle/Texas/24-008749-003/2024(H5N1)	1701	1145
PB1|PP755595.1|A/cattle/Texas/24-008749-003/2024(H5N1)	1702	1139
PB1|PP755595.1|A/cattle/Texas/24-008749-003/2024(H5N1)	1703	1148
PB1|PP755595.1|A/cattle/Texas/24-008749-003/2024(H5N1)	1704	1144
PB1|PP755595.1|A/cattle/Texas/24-008749-003/2024(H5N1)	1705	1148
PB1|PP755595.1|A/cattle/Texas/24-008749-003/2024(H5N1)	1706	1159
PB1|PP755595.1|A/cattle/Texas/24-008749-003/2024(H5N1)	1707	1167
PB1|PP755595.1|A/cattle/Texas/24-008749-003/2024(H5N1)	1708	1167
PB1|PP755595.1|A/cattle/Texas/24-008749-003/2024(H5N1)	1709	1171
PB1|PP755595.1|A/cattle/Texas/24-008749-003/2024(H5N1)	1710	1165
PB1|PP755595.1|A/cattle/Texas/24-008749-003/2024(H5N1)	1711	1162
PB1|PP755595.1|A/cattle/Texas/24-008749-003/2024(H5N1)	1712	1160
PB1|PP755595.1|A/cattle/Texas/24-008749-003/2024(H5N1)	1713	1170
PB1|PP755595.1|A/cattle/Texas/24-008749-003/2024(H5N1)	1714	1168
PB1|PP755595.1|A/cattle/Texas/24-008749-003/2024(H5N1)	1715	1176
PB1|PP755595.1|A/cattle/Texas/24-008749-003/2024(H5N1)	1716	1204
PB1|PP755595.1|A/cattle/Texas/24-008749-003/2024(H5N1)	1717	1206
PB1|PP755595.1|A/cattle/Texas/24-008749-003/2024(H5N1)	1718	1223
PB1|PP755595.1|A/cattle/Texas/24-008749-003/2024(H5N1)	1719	1223
PB1|PP755595.1|A/cattle/Texas/24-008749-003/2024(H5N1)	1720	1217
PB1|PP755595.1|A/cattle/Texas/24-008749-003/2024(H5N1)	1721	1220
PB1|PP755595.1|A/cattle/Texas/24-008749-003/2024(H5N1)	1722	1157
PB1|PP755595.1|A/cattle/Texas/24-008749-003/2024(H5N1)	1723	1163
PB1|PP755595.1|A/cattle/Texas/24-008749-003/2024(H5N1)	1724	1159
PB1|PP755595.1|A/cattle/Texas/24-008749-003/2024(H5N1)	1725	1158
PB1|PP755595.1|A/cattle/Texas/24-008749-003/2024(H5N1)	1726	1126
PB1|PP755595.1|A/cattle/Texas/24-008749-003/2024(H5N1)	1727	1122
PB1|PP755595.1|A/cattle/Texas/24-008749-003/2024(H5N1)	1728	1145
PB1|PP755595.1|A/cattle/Texas/24-008749-003/2024(H5N1)	1729	1145
PB1|PP755595.1|A/cattle/Texas/24-008749-003/2024(H5N1)	1730	1144
PB1|PP755595.1|A/cattle/Texas/24-008749-003/2024(H5N1)	1731	1153
PB1|PP755595.1|A/cattle/Texas/24-008749-003/2024(H5N1)	1732	1171
PB1|PP755595.1|A/cattle/Texas/24-008749-003/2024(H5N1)	1733	1181
PB1|PP755595.1|A/cattle/Texas/24-008749-003/2024(H5N1)	1734	1187
PB1|PP755595.1|A/cattle/Texas/24-008749-003/2024(H5N1)	1735	1186
PB1|PP755595.1|A/cattle/Texas/24-008749-003/2024(H5N1)	1736	1176
PB1|PP755595.1|A/cattle/Texas/24-008749-003/2024(H5N1)	1737	1193
PB1|PP755595.1|A/cattle/Texas/24-008749-003/2024(H5N1)	1738	1203
PB1|PP755595.1|A/cattle/Texas/24-008749-003/2024(H5N1)	1739	1199
PB1|PP755595.1|A/cattle/Texas/24-008749-003/2024(H5N1)	1740	1198
PB1|PP755595.1|A/cattle/Texas/24-008749-003/2024(H5N1)	1741	1257
PB1|PP755595.1|A/cattle/Texas/24-008749-003/2024(H5N1)	1742	1240
PB1|PP755595.1|A/cattle/Texas/24-008749-003/2024(H5N1)	1743	1233
PB1|PP755595.1|A/cattle/Texas/24-008749-003/2024(H5N1)	1744	1233
PB1|PP755595.1|A/cattle/Texas/24-008749-003/2024(H5N1)	1745	1234
PB1|PP755595.1|A/cattle/Texas/24-008749-003/2024(H5N1)	1746	1236
PB1|PP755595.1|A/cattle/Texas/24-008749-003/2024(H5N1)	1747	1231
PB1|PP755595.1|A/cattle/Texas/24-008749-003/2024(H5N1)	1748	1230
PB1|PP755595.1|A/cattle/Texas/24-008749-003/2024(H5N1)	1749	1232
PB1|PP755595.1|A/cattle/Texas/24-008749-003/2024(H5N1)	1750	1175
PB1|PP755595.1|A/cattle/Texas/24-008749-003/2024(H5N1)	1751	1177
PB1|PP755595.1|A/cattle/Texas/24-008749-003/2024(H5N1)	1752	1182
PB1|PP755595.1|A/cattle/Texas/24-008749-003/2024(H5N1)	1753	1184
PB1|PP755595.1|A/cattle/Texas/24-008749-003/2024(H5N1)	1754	1185
PB1|PP755595.1|A/cattle/Texas/24-008749-003/2024(H5N1)	1755	1183
PB1|PP755595.1|A/cattle/Texas/24-008749-003/2024(H5N1)	1756	1183
PB1|PP755595.1|A/cattle/Texas/24-008749-003/2024(H5N1)	1757	1213
PB1|PP755595.1|A/cattle/Texas/24-008749-003/2024(H5N1)	1758	1195
PB1|PP755595.1|A/cattle/Texas/24-008749-003/2024(H5N1)	1759	1195
PB1|PP755595.1|A/cattle/Texas/24-008749-003/2024(H5N1)	1760	1195
PB1|PP755595.1|A/cattle/Texas/24-008749-003/2024(H5N1)	1761	1179
PB1|PP755595.1|A/cattle/Texas/24-008749-003/2024(H5N1)	1762	1198
PB1|PP755595.1|A/cattle/Texas/24-008749-003/2024(H5N1)	1763	1211
PB1|PP755595.1|A/cattle/Texas/24-008749-003/2024(H5N1)	1764	1242
PB1|PP755595.1|A/cattle/Texas/24-008749-003/2024(H5N1)	1765	1239
PB1|PP755595.1|A/cattle/Texas/24-008749-003/2024(H5N1)	1766	1220
PB1|PP755595.1|A/cattle/Texas/24-008749-003/2024(H5N1)	1767	1234
PB1|PP755595.1|A/cattle/Texas/24-008749-003/2024(H5N1)	1768	1231
PB1|PP755595.1|A/cattle/Texas/24-008749-003/2024(H5N1)	1769	1231
PB1|PP755595.1|A/cattle/Texas/24-008749-003/2024(H5N1)	1770	1245
PB1|PP755595.1|A/cattle/Texas/24-008749-003/2024(H5N1)	1771	1244
PB1|PP755595.1|A/cattle/Texas/24-008749-003/2024(H5N1)	1772	1240
PB1|PP755595.1|A/cattle/Texas/24-008749-003/2024(H5N1)	1773	1261
PB1|PP755595.1|A/cattle/Texas/24-008749-003/2024(H5N1)	1774	1251
PB1|PP755595.1|A/cattle/Texas/24-008749-003/2024(H5N1)	1775	1255
PB1|PP755595.1|A/cattle/Texas/24-008749-003/2024(H5N1)	1776	1251
PB1|PP755595.1|A/cattle/Texas/24-008749-003/2024(H5N1)	1777	1252
PB1|PP755595.1|A/cattle/Texas/24-008749-003/2024(H5N1)	1778	1293
PB1|PP755595.1|A/cattle/Texas/24-008749-003/2024(H5N1)	1779	1281
PB1|PP755595.1|A/cattle/Texas/24-008749-003/2024(H5N1)	1780	1275
PB1|PP755595.1|A/cattle/Texas/24-008749-003/2024(H5N1)	1781	1258
PB1|PP755595.1|A/cattle/Texas/24-008749-003/2024(H5N1)	1782	1255
PB1|PP755595.1|A/cattle/Texas/24-008749-003/2024(H5N1)	1783	1261
PB1|PP755595.1|A/cattle/Texas/24-008749-003/2024(H5N1)	1784	1298
PB1|PP755595.1|A/cattle/Texas/24-008749-003/2024(H5N1)	1785	1308
PB1|PP755595.1|A/cattle/Texas/24-008749-003/2024(H5N1)	1786	1310
PB1|PP755595.1|A/cattle/Texas/24-008749-003/2024(H5N1)	1787	1302
PB1|PP755595.1|A/cattle/Texas/24-008749-003/2024(H5N1)	1788	1309
PB1|PP755595.1|A/cattle/Texas/24-008749-003/2024(H5N1)	1789	1359
PB1|PP755595.1|A/cattle/Texas/24-008749-003/2024(H5N1)	1790	1346
PB1|PP755595.1|A/cattle/Texas/24-008749-003/2024(H5N1)	1791	1312
PB1|PP755595.1|A/cattle/Texas/24-008749-003/2024(H5N1)	1792	1309
PB1|PP755595.1|A/cattle/Texas/24-008749-003/2024(H5N1)	1793	1287
PB1|PP755595.1|A/cattle/Texas/24-008749-003/2024(H5N1)	1794	1285
PB1|PP755595.1|A/cattle/Texas/24-008749-003/2024(H5N1)	1795	1296
PB1|PP755595.1|A/cattle/Texas/24-008749-003/2024(H5N1)	1796	1292
PB1|PP755595.1|A/cattle/Texas/24-008749-003/2024(H5N1)	1797	1292
PB1|PP755595.1|A/cattle/Texas/24-008749-003/2024(H5N1)	1798	1247
PB1|PP755595.1|A/cattle/Texas/24-008749-003/2024(H5N1)	1799	1264
PB1|PP755595.1|A/cattle/Texas/24-008749-003/2024(H5N1)	1800	1280
PB1|PP755595.1|A/cattle/Texas/24-008749-003/2024(H5N1)	1801	1309
PB1|PP755595.1|A/cattle/Texas/24-008749-003/2024(H5N1)	1802	1310
PB1|PP755595.1|A/cattle/Texas/24-008749-003/2024(H5N1)	1803	1302
PB1|PP755595.1|A/cattle/Texas/24-008749-003/2024(H5N1)	1804	1280
PB1|PP755595.1|A/cattle/Texas/24-008749-003/2024(H5N1)	1805	1252
PB1|PP755595.1|A/cattle/Texas/24-008749-003/2024(H5N1)	1806	1200
PB1|PP755595.1|A/cattle/Texas/24-008749-003/2024(H5N1)	1807	1204
PB1|PP755595.1|A/cattle/Texas/24-008749-003/2024(H5N1)	1808	1193
PB1|PP755595.1|A/cattle/Texas/24-008749-003/2024(H5N1)	1809	1185
PB1|PP755595.1|A/cattle/Texas/24-008749-003/2024(H5N1)	1810	1193
PB1|PP755595.1|A/cattle/Texas/24-008749-003/2024(H5N1)	1811	1220
PB1|PP755595.1|A/cattle/Texas/24-008749-003/2024(H5N1)	1812	1231
PB1|PP755595.1|A/cattle/Texas/24-008749-003/2024(H5N1)	1813	1231
PB1|PP755595.1|A/cattle/Texas/24-008749-003/2024(H5N1)	1814	1234
PB1|PP755595.1|A/cattle/Texas/24-008749-003/2024(H5N1)	1815	1175
PB1|PP755595.1|A/cattle/Texas/24-008749-003/2024(H5N1)	1816	1181
PB1|PP755595.1|A/cattle/Texas/24-008749-003/2024(H5N1)	1817	1228
PB1|PP755595.1|A/cattle/Texas/24-008749-003/2024(H5N1)	1818	1194
PB1|PP755595.1|A/cattle/Texas/24-008749-003/2024(H5N1)	1819	1219
PB1|PP755595.1|A/cattle/Texas/24-008749-003/2024(H5N1)	1820	1217
PB1|PP755595.1|A/cattle/Texas/24-008749-003/2024(H5N1)	1821	1213
PB1|PP755595.1|A/cattle/Texas/24-008749-003/2024(H5N1)	1822	1202
PB1|PP755595.1|A/cattle/Texas/24-008749-003/2024(H5N1)	1823	1201
PB1|PP755595.1|A/cattle/Texas/24-008749-003/2024(H5N1)	1824	1189
PB1|PP755595.1|A/cattle/Texas/24-008749-003/2024(H5N1)	1825	1188
PB1|PP755595.1|A/cattle/Texas/24-008749-003/2024(H5N1)	1826	1183
PB1|PP755595.1|A/cattle/Texas/24-008749-003/2024(H5N1)	1827	1174
PB1|PP755595.1|A/cattle/Texas/24-008749-003/2024(H5N1)	1828	1172
PB1|PP755595.1|A/cattle/Texas/24-008749-003/2024(H5N1)	1829	1193
PB1|PP755595.1|A/cattle/Texas/24-008749-003/2024(H5N1)	1830	1190
PB1|PP755595.1|A/cattle/Texas/24-008749-003/2024(H5N1)	1831	1190
PB1|PP755595.1|A/cattle/Texas/24-008749-003/2024(H5N1)	1832	1190
PB1|PP755595.1|A/cattle/Texas/24-008749-003/2024(H5N1)	1833	1187
PB1|PP755595.1|A/cattle/Texas/24-008749-003/2024(H5N1)	1834	1167
PB1|PP755595.1|A/cattle/Texas/24-008749-003/2024(H5N1)	1835	1164
PB1|PP755595.1|A/cattle/Texas/24-008749-003/2024(H5N1)	1836	1166
PB1|PP755595.1|A/cattle/Texas/24-008749-003/2024(H5N1)	1837	1163
PB1|PP755595.1|A/cattle/Texas/24-008749-003/2024(H5N1)	1838	1139
PB1|PP755595.1|A/cattle/Texas/24-008749-003/2024(H5N1)	1839	1140
PB1|PP755595.1|A/cattle/Texas/24-008749-003/2024(H5N1)	1840	1227
PB1|PP755595.1|A/cattle/Texas/24-008749-003/2024(H5N1)	1841	1231
PB1|PP755595.1|A/cattle/Texas/24-008749-003/2024(H5N1)	1842	1235
PB1|PP755595.1|A/cattle/Texas/24-008749-003/2024(H5N1)	1843	1240
PB1|PP755595.1|A/cattle/Texas/24-008749-003/2024(H5N1)	1844	1240
PB1|PP755595.1|A/cattle/Texas/24-008749-003/2024(H5N1)	1845	1274
PB1|PP755595.1|A/cattle/Texas/24-008749-003/2024(H5N1)	1846	1275
PB1|PP755595.1|A/cattle/Texas/24-008749-003/2024(H5N1)	1847	1277
PB1|PP755595.1|A/cattle/Texas/24-008749-003/2024(H5N1)	1848	1294
PB1|PP755595.1|A/cattle/Texas/24-008749-003/2024(H5N1)	1849	1291
PB1|PP755595.1|A/cattle/Texas/24-008749-003/2024(H5N1)	1850	1286
PB1|PP755595.1|A/cattle/Texas/24-008749-003/2024(H5N1)	1851	1265
PB1|PP755595.1|A/cattle/Texas/24-008749-003/2024(H5N1)	1852	1253
PB1|PP755595.1|A/cattle/Texas/24-008749-003/2024(H5N1)	1853	1265
PB1|PP755595.1|A/cattle/Texas/24-008749-003/2024(H5N1)	1854	1318
PB1|PP755595.1|A/cattle/Texas/24-008749-003/2024(H5N1)	1855	1333
PB1|PP755595.1|A/cattle/Texas/24-008749-003/2024(H5N1)	1856	1333
PB1|PP755595.1|A/cattle/Texas/24-008749-003/2024(H5N1)	1857	1361
PB1|PP755595.1|A/cattle/Texas/24-008749-003/2024(H5N1)	1858	1354
PB1|PP755595.1|A/cattle/Texas/24-008749-003/2024(H5N1)	1859	1382
PB1|PP755595.1|A/cattle/Texas/24-008749-003/2024(H5N1)	1860	1381
PB1|PP755595.1|A/cattle/Texas/24-008749-003/2024(H5N1)	1861	1382
PB1|PP755595.1|A/cattle/Texas/24-008749-003/2024(H5N1)	1862	1373
PB1|PP755595.1|A/cattle/Texas/24-008749-003/2024(H5N1)	1863	1388
PB1|PP755595.1|A/cattle/Texas/24-008749-003/2024(H5N1)	1864	1394
PB1|PP755595.1|A/cattle/Texas/24-008749-003/2024(H5N1)	1865	1394
PB1|PP755595.1|A/cattle/Texas/24-008749-003/2024(H5N1)	1866	1349
PB1|PP755595.1|A/cattle/Texas/24-008749-003/2024(H5N1)	1867	1346
PB1|PP755595.1|A/cattle/Texas/24-008749-003/2024(H5N1)	1868	1339
PB1|PP755595.1|A/cattle/Texas/24-008749-003/2024(H5N1)	1869	1359
PB1|PP755595.1|A/cattle/Texas/24-008749-003/2024(H5N1)	1870	1361
PB1|PP755595.1|A/cattle/Texas/24-008749-003/2024(H5N1)	1871	1352
PB1|PP755595.1|A/cattle/Texas/24-008749-003/2024(H5N1)	1872	1357
PB1|PP755595.1|A/cattle/Texas/24-008749-003/2024(H5N1)	1873	1372
PB1|PP755595.1|A/cattle/Texas/24-008749-003/2024(H5N1)	1874	1380
PB1|PP755595.1|A/cattle/Texas/24-008749-003/2024(H5N1)	1875	1382
PB1|PP755595.1|A/cattle/Texas/24-008749-003/2024(H5N1)	1876	1387
PB1|PP755595.1|A/cattle/Texas/24-008749-003/2024(H5N1)	1877	1383
PB1|PP755595.1|A/cattle/Texas/24-008749-003/2024(H5N1)	1878	1371
PB1|PP755595.1|A/cattle/Texas/24-008749-003/2024(H5N1)	1879	1389
PB1|PP755595.1|A/cattle/Texas/24-008749-003/2024(H5N1)	1880	1445
PB1|PP755595.1|A/cattle/Texas/24-008749-003/2024(H5N1)	1881	1421
PB1|PP755595.1|A/cattle/Texas/24-008749-003/2024(H5N1)	1882	1408
PB1|PP755595.1|A/cattle/Texas/24-008749-003/2024(H5N1)	1883	1404
PB1|PP755595.1|A/cattle/Texas/24-008749-003/2024(H5N1)	1884	1411
PB1|PP755595.1|A/cattle/Texas/24-008749-003/2024(H5N1)	1885	1427
PB1|PP755595.1|A/cattle/Texas/24-008749-003/2024(H5N1)	1886	1428
PB1|PP755595.1|A/cattle/Texas/24-008749-003/2024(H5N1)	1887	1429
PB1|PP755595.1|A/cattle/Texas/24-008749-003/2024(H5N1)	1888	1397
PB1|PP755595.1|A/cattle/Texas/24-008749-003/2024(H5N1)	1889	1381
PB1|PP755595.1|A/cattle/Texas/24-008749-003/2024(H5N1)	1890	1380
PB1|PP755595.1|A/cattle/Texas/24-008749-003/2024(H5N1)	1891	1404
PB1|PP755595.1|A/cattle/Texas/24-008749-003/2024(H5N1)	1892	1361
PB1|PP755595.1|A/cattle/Texas/24-008749-003/2024(H5N1)	1893	1359
PB1|PP755595.1|A/cattle/Texas/24-008749-003/2024(H5N1)	1894	1359
PB1|PP755595.1|A/cattle/Texas/24-008749-003/2024(H5N1)	1895	1357
PB1|PP755595.1|A/cattle/Texas/24-008749-003/2024(H5N1)	1896	1355
PB1|PP755595.1|A/cattle/Texas/24-008749-003/2024(H5N1)	1897	1357
PB1|PP755595.1|A/cattle/Texas/24-008749-003/2024(H5N1)	1898	1361
PB1|PP755595.1|A/cattle/Texas/24-008749-003/2024(H5N1)	1899	1371
PB1|PP755595.1|A/cattle/Texas/24-008749-003/2024(H5N1)	1900	1368
PB1|PP755595.1|A/cattle/Texas/24-008749-003/2024(H5N1)	1901	1369
PB1|PP755595.1|A/cattle/Texas/24-008749-003/2024(H5N1)	1902	1362
PB1|PP755595.1|A/cattle/Texas/24-008749-003/2024(H5N1)	1903	1365
PB1|PP755595.1|A/cattle/Texas/24-008749-003/2024(H5N1)	1904	1391
PB1|PP755595.1|A/cattle/Texas/24-008749-003/2024(H5N1)	1905	1390
PB1|PP755595.1|A/cattle/Texas/24-008749-003/2024(H5N1)	1906	1453
PB1|PP755595.1|A/cattle/Texas/24-008749-003/2024(H5N1)	1907	1446
PB1|PP755595.1|A/cattle/Texas/24-008749-003/2024(H5N1)	1908	1420
PB1|PP755595.1|A/cattle/Texas/24-008749-003/2024(H5N1)	1909	1434
PB1|PP755595.1|A/cattle/Texas/24-008749-003/2024(H5N1)	1910	1434
PB1|PP755595.1|A/cattle/Texas/24-008749-003/2024(H5N1)	1911	1423
PB1|PP755595.1|A/cattle/Texas/24-008749-003/2024(H5N1)	1912	1422
PB1|PP755595.1|A/cattle/Texas/24-008749-003/2024(H5N1)	1913	1404
PB1|PP755595.1|A/cattle/Texas/24-008749-003/2024(H5N1)	1914	1433
PB1|PP755595.1|A/cattle/Texas/24-008749-003/2024(H5N1)	1915	1412
PB1|PP755595.1|A/cattle/Texas/24-008749-003/2024(H5N1)	1916	1400
PB1|PP755595.1|A/cattle/Texas/24-008749-003/2024(H5N1)	1917	1402
PB1|PP755595.1|A/cattle/Texas/24-008749-003/2024(H5N1)	1918	1408
PB1|PP755595.1|A/cattle/Texas/24-008749-003/2024(H5N1)	1919	1425
PB1|PP755595.1|A/cattle/Texas/24-008749-003/2024(H5N1)	1920	1467
PB1|PP755595.1|A/cattle/Texas/24-008749-003/2024(H5N1)	1921	1460
PB1|PP755595.1|A/cattle/Texas/24-008749-003/2024(H5N1)	1922	1454
PB1|PP755595.1|A/cattle/Texas/24-008749-003/2024(H5N1)	1923	1479
PB1|PP755595.1|A/cattle/Texas/24-008749-003/2024(H5N1)	1924	1464
PB1|PP755595.1|A/cattle/Texas/24-008749-003/2024(H5N1)	1925	1562
PB1|PP755595.1|A/cattle/Texas/24-008749-003/2024(H5N1)	1926	1554
PB1|PP755595.1|A/cattle/Texas/24-008749-003/2024(H5N1)	1927	1564
PB1|PP755595.1|A/cattle/Texas/24-008749-003/2024(H5N1)	1928	1559
PB1|PP755595.1|A/cattle/Texas/24-008749-003/2024(H5N1)	1929	1521
PB1|PP755595.1|A/cattle/Texas/24-008749-003/2024(H5N1)	1930	1533
PB1|PP755595.1|A/cattle/Texas/24-008749-003/2024(H5N1)	1931	1547
PB1|PP755595.1|A/cattle/Texas/24-008749-003/2024(H5N1)	1932	1577
PB1|PP755595.1|A/cattle/Texas/24-008749-003/2024(H5N1)	1933	1577
PB1|PP755595.1|A/cattle/Texas/24-008749-003/2024(H5N1)	1934	1527
PB1|PP755595.1|A/cattle/Texas/24-008749-003/2024(H5N1)	1935	1525
PB1|PP755595.1|A/cattle/Texas/24-008749-003/2024(H5N1)	1936	1505
PB1|PP755595.1|A/cattle/Texas/24-008749-003/2024(H5N1)	1937	1531
PB1|PP755595.1|A/cattle/Texas/24-008749-003/2024(H5N1)	1938	1531
PB1|PP755595.1|A/cattle/Texas/24-008749-003/2024(H5N1)	1939	1484
PB1|PP755595.1|A/cattle/Texas/24-008749-003/2024(H5N1)	1940	1487
PB1|PP755595.1|A/cattle/Texas/24-008749-003/2024(H5N1)	1941	1474
PB1|PP755595.1|A/cattle/Texas/24-008749-003/2024(H5N1)	1942	1497
PB1|PP755595.1|A/cattle/Texas/24-008749-003/2024(H5N1)	1943	1525
PB1|PP755595.1|A/cattle/Texas/24-008749-003/2024(H5N1)	1944	1521
PB1|PP755595.1|A/cattle/Texas/24-008749-003/2024(H5N1)	1945	1520
PB1|PP755595.1|A/cattle/Texas/24-008749-003/2024(H5N1)	1946	1508
PB1|PP755595.1|A/cattle/Texas/24-008749-003/2024(H5N1)	1947	1510
PB1|PP755595.1|A/cattle/Texas/24-008749-003/2024(H5N1)	1948	1509
PB1|PP755595.1|A/cattle/Texas/24-008749-003/2024(H5N1)	1949	1518
PB1|PP755595.1|A/cattle/Texas/24-008749-003/2024(H5N1)	1950	1504
PB1|PP755595.1|A/cattle/Texas/24-008749-003/2024(H5N1)	1951	1467
PB1|PP755595.1|A/cattle/Texas/24-008749-003/2024(H5N1)	1952	1451
PB1|PP755595.1|A/cattle/Texas/24-008749-003/2024(H5N1)	1953	1494
PB1|PP755595.1|A/cattle/Texas/24-008749-003/2024(H5N1)	1954	1524
PB1|PP755595.1|A/cattle/Texas/24-008749-003/2024(H5N1)	1955	1520
PB1|PP755595.1|A/cattle/Texas/24-008749-003/2024(H5N1)	1956	1518
PB1|PP755595.1|A/cattle/Texas/24-008749-003/2024(H5N1)	1957	1520
PB1|PP755595.1|A/cattle/Texas/24-008749-003/2024(H5N1)	1958	1523
PB1|PP755595.1|A/cattle/Texas/24-008749-003/2024(H5N1)	1959	1550
PB1|PP755595.1|A/cattle/Texas/24-008749-003/2024(H5N1)	1960	1556
PB1|PP755595.1|A/cattle/Texas/24-008749-003/2024(H5N1)	1961	1584
PB1|PP755595.1|A/cattle/Texas/24-008749-003/2024(H5N1)	1962	1548
PB1|PP755595.1|A/cattle/Texas/24-008749-003/2024(H5N1)	1963	1544
PB1|PP755595.1|A/cattle/Texas/24-008749-003/2024(H5N1)	1964	1543
PB1|PP755595.1|A/cattle/Texas/24-008749-003/2024(H5N1)	1965	1543
PB1|PP755595.1|A/cattle/Texas/24-008749-003/2024(H5N1)	1966	1609
PB1|PP755595.1|A/cattle/Texas/24-008749-003/2024(H5N1)	1967	1616
PB1|PP755595.1|A/cattle/Texas/24-008749-003/2024(H5N1)	1968	1680
PB1|PP755595.1|A/cattle/Texas/24-008749-003/2024(H5N1)	1969	1742
PB1|PP755595.1|A/cattle/Texas/24-008749-003/2024(H5N1)	1970	1728
PB1|PP755595.1|A/cattle/Texas/24-008749-003/2024(H5N1)	1971	1729
PB1|PP755595.1|A/cattle/Texas/24-008749-003/2024(H5N1)	1972	1721
PB1|PP755595.1|A/cattle/Texas/24-008749-003/2024(H5N1)	1973	1735
PB1|PP755595.1|A/cattle/Texas/24-008749-003/2024(H5N1)	1974	1733
PB1|PP755595.1|A/cattle/Texas/24-008749-003/2024(H5N1)	1975	1721
PB1|PP755595.1|A/cattle/Texas/24-008749-003/2024(H5N1)	1976	1706
PB1|PP755595.1|A/cattle/Texas/24-008749-003/2024(H5N1)	1977	1691
PB1|PP755595.1|A/cattle/Texas/24-008749-003/2024(H5N1)	1978	1718
PB1|PP755595.1|A/cattle/Texas/24-008749-003/2024(H5N1)	1979	1711
PB1|PP755595.1|A/cattle/Texas/24-008749-003/2024(H5N1)	1980	1727
PB1|PP755595.1|A/cattle/Texas/24-008749-003/2024(H5N1)	1981	1729
PB1|PP755595.1|A/cattle/Texas/24-008749-003/2024(H5N1)	1982	1736
PB1|PP755595.1|A/cattle/Texas/24-008749-003/2024(H5N1)	1983	1737
PB1|PP755595.1|A/cattle/Texas/24-008749-003/2024(H5N1)	1984	1730
PB1|PP755595.1|A/cattle/Texas/24-008749-003/2024(H5N1)	1985	1732
PB1|PP755595.1|A/cattle/Texas/24-008749-003/2024(H5N1)	1986	1738
PB1|PP755595.1|A/cattle/Texas/24-008749-003/2024(H5N1)	1987	1751
PB1|PP755595.1|A/cattle/Texas/24-008749-003/2024(H5N1)	1988	1754
PB1|PP755595.1|A/cattle/Texas/24-008749-003/2024(H5N1)	1989	1745
PB1|PP755595.1|A/cattle/Texas/24-008749-003/2024(H5N1)	1990	1739
PB1|PP755595.1|A/cattle/Texas/24-008749-003/2024(H5N1)	1991	1745
PB1|PP755595.1|A/cattle/Texas/24-008749-003/2024(H5N1)	1992	1783
PB1|PP755595.1|A/cattle/Texas/24-008749-003/2024(H5N1)	1993	1784
PB1|PP755595.1|A/cattle/Texas/24-008749-003/2024(H5N1)	1994	1780
PB1|PP755595.1|A/cattle/Texas/24-008749-003/2024(H5N1)	1995	1766
PB1|PP755595.1|A/cattle/Texas/24-008749-003/2024(H5N1)	1996	1764
PB1|PP755595.1|A/cattle/Texas/24-008749-003/2024(H5N1)	1997	1769
PB1|PP755595.1|A/cattle/Texas/24-008749-003/2024(H5N1)	1998	1770
PB1|PP755595.1|A/cattle/Texas/24-008749-003/2024(H5N1)	1999	1754
PB1|PP755595.1|A/cattle/Texas/24-008749-003/2024(H5N1)	2000	1767
PB1|PP755595.1|A/cattle/Texas/24-008749-003/2024(H5N1)	2001	1832
PB1|PP755595.1|A/cattle/Texas/24-008749-003/2024(H5N1)	2002	1858
PB1|PP755595.1|A/cattle/Texas/24-008749-003/2024(H5N1)	2003	1848
PB1|PP755595.1|A/cattle/Texas/24-008749-003/2024(H5N1)	2004	1851
PB1|PP755595.1|A/cattle/Texas/24-008749-003/2024(H5N1)	2005	1890
PB1|PP755595.1|A/cattle/Texas/24-008749-003/2024(H5N1)	2006	1881
PB1|PP755595.1|A/cattle/Texas/24-008749-003/2024(H5N1)	2007	1887
PB1|PP755595.1|A/cattle/Texas/24-008749-003/2024(H5N1)	2008	1873
PB1|PP755595.1|A/cattle/Texas/24-008749-003/2024(H5N1)	2009	1869
PB1|PP755595.1|A/cattle/Texas/24-008749-003/2024(H5N1)	2010	1873
PB1|PP755595.1|A/cattle/Texas/24-008749-003/2024(H5N1)	2011	1864
PB1|PP755595.1|A/cattle/Texas/24-008749-003/2024(H5N1)	2012	1921
PB1|PP755595.1|A/cattle/Texas/24-008749-003/2024(H5N1)	2013	1910
PB1|PP755595.1|A/cattle/Texas/24-008749-003/2024(H5N1)	2014	1903
PB1|PP755595.1|A/cattle/Texas/24-008749-003/2024(H5N1)	2015	1953
PB1|PP755595.1|A/cattle/Texas/24-008749-003/2024(H5N1)	2016	1951
PB1|PP755595.1|A/cattle/Texas/24-008749-003/2024(H5N1)	2017	1951
PB1|PP755595.1|A/cattle/Texas/24-008749-003/2024(H5N1)	2018	1946
PB1|PP755595.1|A/cattle/Texas/24-008749-003/2024(H5N1)	2019	1906
PB1|PP755595.1|A/cattle/Texas/24-008749-003/2024(H5N1)	2020	1933
PB1|PP755595.1|A/cattle/Texas/24-008749-003/2024(H5N1)	2021	1955
PB1|PP755595.1|A/cattle/Texas/24-008749-003/2024(H5N1)	2022	2035
PB1|PP755595.1|A/cattle/Texas/24-008749-003/2024(H5N1)	2023	2029
PB1|PP755595.1|A/cattle/Texas/24-008749-003/2024(H5N1)	2024	2009
PB1|PP755595.1|A/cattle/Texas/24-008749-003/2024(H5N1)	2025	2014
PB1|PP755595.1|A/cattle/Texas/24-008749-003/2024(H5N1)	2026	2049
PB1|PP755595.1|A/cattle/Texas/24-008749-003/2024(H5N1)	2027	2081
PB1|PP755595.1|A/cattle/Texas/24-008749-003/2024(H5N1)	2028	2079
PB1|PP755595.1|A/cattle/Texas/24-008749-003/2024(H5N1)	2029	2062
PB1|PP755595.1|A/cattle/Texas/24-008749-003/2024(H5N1)	2030	2024
PB1|PP755595.1|A/cattle/Texas/24-008749-003/2024(H5N1)	2031	1981
PB1|PP755595.1|A/cattle/Texas/24-008749-003/2024(H5N1)	2032	2021
PB1|PP755595.1|A/cattle/Texas/24-008749-003/2024(H5N1)	2033	2031
PB1|PP755595.1|A/cattle/Texas/24-008749-003/2024(H5N1)	2034	2030
PB1|PP755595.1|A/cattle/Texas/24-008749-003/2024(H5N1)	2035	2030
PB1|PP755595.1|A/cattle/Texas/24-008749-003/2024(H5N1)	2036	2017
PB1|PP755595.1|A/cattle/Texas/24-008749-003/2024(H5N1)	2037	2016
PB1|PP755595.1|A/cattle/Texas/24-008749-003/2024(H5N1)	2038	2011
PB1|PP755595.1|A/cattle/Texas/24-008749-003/2024(H5N1)	2039	2035
PB1|PP755595.1|A/cattle/Texas/24-008749-003/2024(H5N1)	2040	2046
PB1|PP755595.1|A/cattle/Texas/24-008749-003/2024(H5N1)	2041	2018
PB1|PP755595.1|A/cattle/Texas/24-008749-003/2024(H5N1)	2042	2311
PB1|PP755595.1|A/cattle/Texas/24-008749-003/2024(H5N1)	2043	2344
PB1|PP755595.1|A/cattle/Texas/24-008749-003/2024(H5N1)	2044	2348
PB1|PP755595.1|A/cattle/Texas/24-008749-003/2024(H5N1)	2045	2356
PB1|PP755595.1|A/cattle/Texas/24-008749-003/2024(H5N1)	2046	2392
PB1|PP755595.1|A/cattle/Texas/24-008749-003/2024(H5N1)	2047	2386
PB1|PP755595.1|A/cattle/Texas/24-008749-003/2024(H5N1)	2048	2372
PB1|PP755595.1|A/cattle/Texas/24-008749-003/2024(H5N1)	2049	2373
PB1|PP755595.1|A/cattle/Texas/24-008749-003/2024(H5N1)	2050	2373
PB1|PP755595.1|A/cattle/Texas/24-008749-003/2024(H5N1)	2051	2389
PB1|PP755595.1|A/cattle/Texas/24-008749-003/2024(H5N1)	2052	2387
PB1|PP755595.1|A/cattle/Texas/24-008749-003/2024(H5N1)	2053	2383
PB1|PP755595.1|A/cattle/Texas/24-008749-003/2024(H5N1)	2054	2384
PB1|PP755595.1|A/cattle/Texas/24-008749-003/2024(H5N1)	2055	2358
PB1|PP755595.1|A/cattle/Texas/24-008749-003/2024(H5N1)	2056	2400
PB1|PP755595.1|A/cattle/Texas/24-008749-003/2024(H5N1)	2057	2353
PB1|PP755595.1|A/cattle/Texas/24-008749-003/2024(H5N1)	2058	2353
PB1|PP755595.1|A/cattle/Texas/24-008749-003/2024(H5N1)	2059	2354
PB1|PP755595.1|A/cattle/Texas/24-008749-003/2024(H5N1)	2060	2330
PB1|PP755595.1|A/cattle/Texas/24-008749-003/2024(H5N1)	2061	2354
PB1|PP755595.1|A/cattle/Texas/24-008749-003/2024(H5N1)	2062	2478
PB1|PP755595.1|A/cattle/Texas/24-008749-003/2024(H5N1)	2063	2478
PB1|PP755595.1|A/cattle/Texas/24-008749-003/2024(H5N1)	2064	2477
PB1|PP755595.1|A/cattle/Texas/24-008749-003/2024(H5N1)	2065	2495
PB1|PP755595.1|A/cattle/Texas/24-008749-003/2024(H5N1)	2066	2491
PB1|PP755595.1|A/cattle/Texas/24-008749-003/2024(H5N1)	2067	2509
PB1|PP755595.1|A/cattle/Texas/24-008749-003/2024(H5N1)	2068	2587
PB1|PP755595.1|A/cattle/Texas/24-008749-003/2024(H5N1)	2069	2591
PB1|PP755595.1|A/cattle/Texas/24-008749-003/2024(H5N1)	2070	2572
PB1|PP755595.1|A/cattle/Texas/24-008749-003/2024(H5N1)	2071	2537
PB1|PP755595.1|A/cattle/Texas/24-008749-003/2024(H5N1)	2072	2528
PB1|PP755595.1|A/cattle/Texas/24-008749-003/2024(H5N1)	2073	2545
PB1|PP755595.1|A/cattle/Texas/24-008749-003/2024(H5N1)	2074	2553
PB1|PP755595.1|A/cattle/Texas/24-008749-003/2024(H5N1)	2075	2570
PB1|PP755595.1|A/cattle/Texas/24-008749-003/2024(H5N1)	2076	2491
PB1|PP755595.1|A/cattle/Texas/24-008749-003/2024(H5N1)	2077	2485
PB1|PP755595.1|A/cattle/Texas/24-008749-003/2024(H5N1)	2078	2491
PB1|PP755595.1|A/cattle/Texas/24-008749-003/2024(H5N1)	2079	2492
PB1|PP755595.1|A/cattle/Texas/24-008749-003/2024(H5N1)	2080	2492
PB1|PP755595.1|A/cattle/Texas/24-008749-003/2024(H5N1)	2081	2468
PB1|PP755595.1|A/cattle/Texas/24-008749-003/2024(H5N1)	2082	2439
PB1|PP755595.1|A/cattle/Texas/24-008749-003/2024(H5N1)	2083	2403
PB1|PP755595.1|A/cattle/Texas/24-008749-003/2024(H5N1)	2084	2409
PB1|PP755595.1|A/cattle/Texas/24-008749-003/2024(H5N1)	2085	2430
PB1|PP755595.1|A/cattle/Texas/24-008749-003/2024(H5N1)	2086	2471
PB1|PP755595.1|A/cattle/Texas/24-008749-003/2024(H5N1)	2087	2479
PB1|PP755595.1|A/cattle/Texas/24-008749-003/2024(H5N1)	2088	2497
PB1|PP755595.1|A/cattle/Texas/24-008749-003/2024(H5N1)	2089	2502
PB1|PP755595.1|A/cattle/Texas/24-008749-003/2024(H5N1)	2090	2505
PB1|PP755595.1|A/cattle/Texas/24-008749-003/2024(H5N1)	2091	2536
PB1|PP755595.1|A/cattle/Texas/24-008749-003/2024(H5N1)	2092	2534
PB1|PP755595.1|A/cattle/Texas/24-008749-003/2024(H5N1)	2093	2583
PB1|PP755595.1|A/cattle/Texas/24-008749-003/2024(H5N1)	2094	2562
PB1|PP755595.1|A/cattle/Texas/24-008749-003/2024(H5N1)	2095	2561
PB1|PP755595.1|A/cattle/Texas/24-008749-003/2024(H5N1)	2096	2589
PB1|PP755595.1|A/cattle/Texas/24-008749-003/2024(H5N1)	2097	2598
PB1|PP755595.1|A/cattle/Texas/24-008749-003/2024(H5N1)	2098	2635
PB1|PP755595.1|A/cattle/Texas/24-008749-003/2024(H5N1)	2099	2643
PB1|PP755595.1|A/cattle/Texas/24-008749-003/2024(H5N1)	2100	2653
PB1|PP755595.1|A/cattle/Texas/24-008749-003/2024(H5N1)	2101	2650
PB1|PP755595.1|A/cattle/Texas/24-008749-003/2024(H5N1)	2102	2612
PB1|PP755595.1|A/cattle/Texas/24-008749-003/2024(H5N1)	2103	2614
PB1|PP755595.1|A/cattle/Texas/24-008749-003/2024(H5N1)	2104	2612
PB1|PP755595.1|A/cattle/Texas/24-008749-003/2024(H5N1)	2105	2586
PB1|PP755595.1|A/cattle/Texas/24-008749-003/2024(H5N1)	2106	2722
PB1|PP755595.1|A/cattle/Texas/24-008749-003/2024(H5N1)	2107	2750
PB1|PP755595.1|A/cattle/Texas/24-008749-003/2024(H5N1)	2108	2785
PB1|PP755595.1|A/cattle/Texas/24-008749-003/2024(H5N1)	2109	2807
PB1|PP755595.1|A/cattle/Texas/24-008749-003/2024(H5N1)	2110	2910
PB1|PP755595.1|A/cattle/Texas/24-008749-003/2024(H5N1)	2111	2883
PB1|PP755595.1|A/cattle/Texas/24-008749-003/2024(H5N1)	2112	2904
PB1|PP755595.1|A/cattle/Texas/24-008749-003/2024(H5N1)	2113	2920
PB1|PP755595.1|A/cattle/Texas/24-008749-003/2024(H5N1)	2114	2892
PB1|PP755595.1|A/cattle/Texas/24-008749-003/2024(H5N1)	2115	2896
PB1|PP755595.1|A/cattle/Texas/24-008749-003/2024(H5N1)	2116	2837
PB1|PP755595.1|A/cattle/Texas/24-008749-003/2024(H5N1)	2117	2794
PB1|PP755595.1|A/cattle/Texas/24-008749-003/2024(H5N1)	2118	2852
PB1|PP755595.1|A/cattle/Texas/24-008749-003/2024(H5N1)	2119	2719
PB1|PP755595.1|A/cattle/Texas/24-008749-003/2024(H5N1)	2120	2719
PB1|PP755595.1|A/cattle/Texas/24-008749-003/2024(H5N1)	2121	2693
PB1|PP755595.1|A/cattle/Texas/24-008749-003/2024(H5N1)	2122	2705
PB1|PP755595.1|A/cattle/Texas/24-008749-003/2024(H5N1)	2123	2695
PB1|PP755595.1|A/cattle/Texas/24-008749-003/2024(H5N1)	2124	2690
PB1|PP755595.1|A/cattle/Texas/24-008749-003/2024(H5N1)	2125	2712
PB1|PP755595.1|A/cattle/Texas/24-008749-003/2024(H5N1)	2126	2720
PB1|PP755595.1|A/cattle/Texas/24-008749-003/2024(H5N1)	2127	2720
PB1|PP755595.1|A/cattle/Texas/24-008749-003/2024(H5N1)	2128	2714
PB1|PP755595.1|A/cattle/Texas/24-008749-003/2024(H5N1)	2129	2690
PB1|PP755595.1|A/cattle/Texas/24-008749-003/2024(H5N1)	2130	2696
PB1|PP755595.1|A/cattle/Texas/24-008749-003/2024(H5N1)	2131	2690
PB1|PP755595.1|A/cattle/Texas/24-008749-003/2024(H5N1)	2132	2677
PB1|PP755595.1|A/cattle/Texas/24-008749-003/2024(H5N1)	2133	2679
PB1|PP755595.1|A/cattle/Texas/24-008749-003/2024(H5N1)	2134	2760
PB1|PP755595.1|A/cattle/Texas/24-008749-003/2024(H5N1)	2135	2768
PB1|PP755595.1|A/cattle/Texas/24-008749-003/2024(H5N1)	2136	2765
PB1|PP755595.1|A/cattle/Texas/24-008749-003/2024(H5N1)	2137	2759
PB1|PP755595.1|A/cattle/Texas/24-008749-003/2024(H5N1)	2138	2777
PB1|PP755595.1|A/cattle/Texas/24-008749-003/2024(H5N1)	2139	2776
PB1|PP755595.1|A/cattle/Texas/24-008749-003/2024(H5N1)	2140	2895
PB1|PP755595.1|A/cattle/Texas/24-008749-003/2024(H5N1)	2141	2895
PB1|PP755595.1|A/cattle/Texas/24-008749-003/2024(H5N1)	2142	2913
PB1|PP755595.1|A/cattle/Texas/24-008749-003/2024(H5N1)	2143	2957
PB1|PP755595.1|A/cattle/Texas/24-008749-003/2024(H5N1)	2144	2947
PB1|PP755595.1|A/cattle/Texas/24-008749-003/2024(H5N1)	2145	2943
PB1|PP755595.1|A/cattle/Texas/24-008749-003/2024(H5N1)	2146	2940
PB1|PP755595.1|A/cattle/Texas/24-008749-003/2024(H5N1)	2147	2909
PB1|PP755595.1|A/cattle/Texas/24-008749-003/2024(H5N1)	2148	2933
PB1|PP755595.1|A/cattle/Texas/24-008749-003/2024(H5N1)	2149	2928
PB1|PP755595.1|A/cattle/Texas/24-008749-003/2024(H5N1)	2150	2916
PB1|PP755595.1|A/cattle/Texas/24-008749-003/2024(H5N1)	2151	2836
PB1|PP755595.1|A/cattle/Texas/24-008749-003/2024(H5N1)	2152	2728
PB1|PP755595.1|A/cattle/Texas/24-008749-003/2024(H5N1)	2153	2699
PB1|PP755595.1|A/cattle/Texas/24-008749-003/2024(H5N1)	2154	2746
PB1|PP755595.1|A/cattle/Texas/24-008749-003/2024(H5N1)	2155	2753
PB1|PP755595.1|A/cattle/Texas/24-008749-003/2024(H5N1)	2156	2732
PB1|PP755595.1|A/cattle/Texas/24-008749-003/2024(H5N1)	2157	2689
PB1|PP755595.1|A/cattle/Texas/24-008749-003/2024(H5N1)	2158	2673
PB1|PP755595.1|A/cattle/Texas/24-008749-003/2024(H5N1)	2159	2659
PB1|PP755595.1|A/cattle/Texas/24-008749-003/2024(H5N1)	2160	2720
PB1|PP755595.1|A/cattle/Texas/24-008749-003/2024(H5N1)	2161	2717
PB1|PP755595.1|A/cattle/Texas/24-008749-003/2024(H5N1)	2162	2720
PB1|PP755595.1|A/cattle/Texas/24-008749-003/2024(H5N1)	2163	2719
PB1|PP755595.1|A/cattle/Texas/24-008749-003/2024(H5N1)	2164	2722
PB1|PP755595.1|A/cattle/Texas/24-008749-003/2024(H5N1)	2165	2685
PB1|PP755595.1|A/cattle/Texas/24-008749-003/2024(H5N1)	2166	2943
PB1|PP755595.1|A/cattle/Texas/24-008749-003/2024(H5N1)	2167	2993
PB1|PP755595.1|A/cattle/Texas/24-008749-003/2024(H5N1)	2168	3031
PB1|PP755595.1|A/cattle/Texas/24-008749-003/2024(H5N1)	2169	3104
PB1|PP755595.1|A/cattle/Texas/24-008749-003/2024(H5N1)	2170	3105
PB1|PP755595.1|A/cattle/Texas/24-008749-003/2024(H5N1)	2171	3135
PB1|PP755595.1|A/cattle/Texas/24-008749-003/2024(H5N1)	2172	3089
PB1|PP755595.1|A/cattle/Texas/24-008749-003/2024(H5N1)	2173	3012
PB1|PP755595.1|A/cattle/Texas/24-008749-003/2024(H5N1)	2174	3007
PB1|PP755595.1|A/cattle/Texas/24-008749-003/2024(H5N1)	2175	3007
PB1|PP755595.1|A/cattle/Texas/24-008749-003/2024(H5N1)	2176	3002
PB1|PP755595.1|A/cattle/Texas/24-008749-003/2024(H5N1)	2177	2914
PB1|PP755595.1|A/cattle/Texas/24-008749-003/2024(H5N1)	2178	2906
PB1|PP755595.1|A/cattle/Texas/24-008749-003/2024(H5N1)	2179	2902
PB1|PP755595.1|A/cattle/Texas/24-008749-003/2024(H5N1)	2180	2901
PB1|PP755595.1|A/cattle/Texas/24-008749-003/2024(H5N1)	2181	2919
PB1|PP755595.1|A/cattle/Texas/24-008749-003/2024(H5N1)	2182	2918
PB1|PP755595.1|A/cattle/Texas/24-008749-003/2024(H5N1)	2183	2881
PB1|PP755595.1|A/cattle/Texas/24-008749-003/2024(H5N1)	2184	2873
PB1|PP755595.1|A/cattle/Texas/24-008749-003/2024(H5N1)	2185	2866
PB1|PP755595.1|A/cattle/Texas/24-008749-003/2024(H5N1)	2186	2860
PB1|PP755595.1|A/cattle/Texas/24-008749-003/2024(H5N1)	2187	2798
PB1|PP755595.1|A/cattle/Texas/24-008749-003/2024(H5N1)	2188	2846
PB1|PP755595.1|A/cattle/Texas/24-008749-003/2024(H5N1)	2189	2816
PB1|PP755595.1|A/cattle/Texas/24-008749-003/2024(H5N1)	2190	2827
PB1|PP755595.1|A/cattle/Texas/24-008749-003/2024(H5N1)	2191	2803
PB1|PP755595.1|A/cattle/Texas/24-008749-003/2024(H5N1)	2192	2806
PB1|PP755595.1|A/cattle/Texas/24-008749-003/2024(H5N1)	2193	2803
PB1|PP755595.1|A/cattle/Texas/24-008749-003/2024(H5N1)	2194	2799
PB1|PP755595.1|A/cattle/Texas/24-008749-003/2024(H5N1)	2195	2756
PB1|PP755595.1|A/cattle/Texas/24-008749-003/2024(H5N1)	2196	2752
PB1|PP755595.1|A/cattle/Texas/24-008749-003/2024(H5N1)	2197	2754
PB1|PP755595.1|A/cattle/Texas/24-008749-003/2024(H5N1)	2198	2754
PB1|PP755595.1|A/cattle/Texas/24-008749-003/2024(H5N1)	2199	2751
PB1|PP755595.1|A/cattle/Texas/24-008749-003/2024(H5N1)	2200	2746
PB1|PP755595.1|A/cattle/Texas/24-008749-003/2024(H5N1)	2201	2767
PB1|PP755595.1|A/cattle/Texas/24-008749-003/2024(H5N1)	2202	2803
PB1|PP755595.1|A/cattle/Texas/24-008749-003/2024(H5N1)	2203	2796
PB1|PP755595.1|A/cattle/Texas/24-008749-003/2024(H5N1)	2204	2789
PB1|PP755595.1|A/cattle/Texas/24-008749-003/2024(H5N1)	2205	2787
PB1|PP755595.1|A/cattle/Texas/24-008749-003/2024(H5N1)	2206	2788
PB1|PP755595.1|A/cattle/Texas/24-008749-003/2024(H5N1)	2207	2736
PB1|PP755595.1|A/cattle/Texas/24-008749-003/2024(H5N1)	2208	2746
PB1|PP755595.1|A/cattle/Texas/24-008749-003/2024(H5N1)	2209	2752
PB1|PP755595.1|A/cattle/Texas/24-008749-003/2024(H5N1)	2210	2671
PB1|PP755595.1|A/cattle/Texas/24-008749-003/2024(H5N1)	2211	2592
PB1|PP755595.1|A/cattle/Texas/24-008749-003/2024(H5N1)	2212	2570
PB1|PP755595.1|A/cattle/Texas/24-008749-003/2024(H5N1)	2213	2582
PB1|PP755595.1|A/cattle/Texas/24-008749-003/2024(H5N1)	2214	2578
PB1|PP755595.1|A/cattle/Texas/24-008749-003/2024(H5N1)	2215	2588
PB1|PP755595.1|A/cattle/Texas/24-008749-003/2024(H5N1)	2216	2555
PB1|PP755595.1|A/cattle/Texas/24-008749-003/2024(H5N1)	2217	2545
PB1|PP755595.1|A/cattle/Texas/24-008749-003/2024(H5N1)	2218	2521
PB1|PP755595.1|A/cattle/Texas/24-008749-003/2024(H5N1)	2219	2518
PB1|PP755595.1|A/cattle/Texas/24-008749-003/2024(H5N1)	2220	2514
PB1|PP755595.1|A/cattle/Texas/24-008749-003/2024(H5N1)	2221	2511
PB1|PP755595.1|A/cattle/Texas/24-008749-003/2024(H5N1)	2222	2478
PB1|PP755595.1|A/cattle/Texas/24-008749-003/2024(H5N1)	2223	2466
PB1|PP755595.1|A/cattle/Texas/24-008749-003/2024(H5N1)	2224	2463
PB1|PP755595.1|A/cattle/Texas/24-008749-003/2024(H5N1)	2225	2407
PB1|PP755595.1|A/cattle/Texas/24-008749-003/2024(H5N1)	2226	2398
PB1|PP755595.1|A/cattle/Texas/24-008749-003/2024(H5N1)	2227	2390
PB1|PP755595.1|A/cattle/Texas/24-008749-003/2024(H5N1)	2228	2383
PB1|PP755595.1|A/cattle/Texas/24-008749-003/2024(H5N1)	2229	2378
PB1|PP755595.1|A/cattle/Texas/24-008749-003/2024(H5N1)	2230	2369
PB1|PP755595.1|A/cattle/Texas/24-008749-003/2024(H5N1)	2231	2368
PB1|PP755595.1|A/cattle/Texas/24-008749-003/2024(H5N1)	2232	2371
PB1|PP755595.1|A/cattle/Texas/24-008749-003/2024(H5N1)	2233	2383
PB1|PP755595.1|A/cattle/Texas/24-008749-003/2024(H5N1)	2234	2374
PB1|PP755595.1|A/cattle/Texas/24-008749-003/2024(H5N1)	2235	2347
PB1|PP755595.1|A/cattle/Texas/24-008749-003/2024(H5N1)	2236	2314
PB1|PP755595.1|A/cattle/Texas/24-008749-003/2024(H5N1)	2237	2313
PB1|PP755595.1|A/cattle/Texas/24-008749-003/2024(H5N1)	2238	2299
PB1|PP755595.1|A/cattle/Texas/24-008749-003/2024(H5N1)	2239	2250
PB1|PP755595.1|A/cattle/Texas/24-008749-003/2024(H5N1)	2240	2263
PB1|PP755595.1|A/cattle/Texas/24-008749-003/2024(H5N1)	2241	2262
PB1|PP755595.1|A/cattle/Texas/24-008749-003/2024(H5N1)	2242	2262
PB1|PP755595.1|A/cattle/Texas/24-008749-003/2024(H5N1)	2243	2261
PB1|PP755595.1|A/cattle/Texas/24-008749-003/2024(H5N1)	2244	2210
PB1|PP755595.1|A/cattle/Texas/24-008749-003/2024(H5N1)	2245	2209
PB1|PP755595.1|A/cattle/Texas/24-008749-003/2024(H5N1)	2246	2209
PB1|PP755595.1|A/cattle/Texas/24-008749-003/2024(H5N1)	2247	2155
PB1|PP755595.1|A/cattle/Texas/24-008749-003/2024(H5N1)	2248	2136
PB1|PP755595.1|A/cattle/Texas/24-008749-003/2024(H5N1)	2249	2065
PB1|PP755595.1|A/cattle/Texas/24-008749-003/2024(H5N1)	2250	2050
PB1|PP755595.1|A/cattle/Texas/24-008749-003/2024(H5N1)	2251	2035
PB1|PP755595.1|A/cattle/Texas/24-008749-003/2024(H5N1)	2252	2031
PB1|PP755595.1|A/cattle/Texas/24-008749-003/2024(H5N1)	2253	2029
PB1|PP755595.1|A/cattle/Texas/24-008749-003/2024(H5N1)	2254	2026
PB1|PP755595.1|A/cattle/Texas/24-008749-003/2024(H5N1)	2255	1835
PB1|PP755595.1|A/cattle/Texas/24-008749-003/2024(H5N1)	2256	1834
PB1|PP755595.1|A/cattle/Texas/24-008749-003/2024(H5N1)	2257	1741
PB1|PP755595.1|A/cattle/Texas/24-008749-003/2024(H5N1)	2258	1722
PB1|PP755595.1|A/cattle/Texas/24-008749-003/2024(H5N1)	2259	1716
PB1|PP755595.1|A/cattle/Texas/24-008749-003/2024(H5N1)	2260	1694
PB1|PP755595.1|A/cattle/Texas/24-008749-003/2024(H5N1)	2261	1622
PB1|PP755595.1|A/cattle/Texas/24-008749-003/2024(H5N1)	2262	1617
PB1|PP755595.1|A/cattle/Texas/24-008749-003/2024(H5N1)	2263	1595
PB1|PP755595.1|A/cattle/Texas/24-008749-003/2024(H5N1)	2264	1572
PB1|PP755595.1|A/cattle/Texas/24-008749-003/2024(H5N1)	2265	1471
PB1|PP755595.1|A/cattle/Texas/24-008749-003/2024(H5N1)	2266	1456
PB1|PP755595.1|A/cattle/Texas/24-008749-003/2024(H5N1)	2267	1455
PB1|PP755595.1|A/cattle/Texas/24-008749-003/2024(H5N1)	2268	1453
PB1|PP755595.1|A/cattle/Texas/24-008749-003/2024(H5N1)	2269	1453
PB1|PP755595.1|A/cattle/Texas/24-008749-003/2024(H5N1)	2270	1450
PB1|PP755595.1|A/cattle/Texas/24-008749-003/2024(H5N1)	2271	1444
PB1|PP755595.1|A/cattle/Texas/24-008749-003/2024(H5N1)	2272	1430
PB1|PP755595.1|A/cattle/Texas/24-008749-003/2024(H5N1)	2273	1415
PB1|PP755595.1|A/cattle/Texas/24-008749-003/2024(H5N1)	2274	1413
