M2|PP755582.1|A/cattle/Texas/24-008749-002/2024(H5N1)	1	6604
M2|PP755582.1|A/cattle/Texas/24-008749-002/2024(H5N1)	2	6665
M2|PP755582.1|A/cattle/Texas/24-008749-002/2024(H5N1)	3	6674
M2|PP755582.1|A/cattle/Texas/24-008749-002/2024(H5N1)	4	6680
M2|PP755582.1|A/cattle/Texas/24-008749-002/2024(H5N1)	5	7033
M2|PP755582.1|A/cattle/Texas/24-008749-002/2024(H5N1)	6	7162
M2|PP755582.1|A/cattle/Texas/24-008749-002/2024(H5N1)	7	7713
M2|PP755582.1|A/cattle/Texas/24-008749-002/2024(H5N1)	8	8008
M2|PP755582.1|A/cattle/Texas/24-008749-002/2024(H5N1)	9	8065
M2|PP755582.1|A/cattle/Texas/24-008749-002/2024(H5N1)	10	8126
M2|PP755582.1|A/cattle/Texas/24-008749-002/2024(H5N1)	11	8130
M2|PP755582.1|A/cattle/Texas/24-008749-002/2024(H5N1)	12	8262
M2|PP755582.1|A/cattle/Texas/24-008749-002/2024(H5N1)	13	8280
M2|PP755582.1|A/cattle/Texas/24-008749-002/2024(H5N1)	14	8283
M2|PP755582.1|A/cattle/Texas/24-008749-002/2024(H5N1)	15	8335
M2|PP755582.1|A/cattle/Texas/24-008749-002/2024(H5N1)	16	8339
M2|PP755582.1|A/cattle/Texas/24-008749-002/2024(H5N1)	17	8394
M2|PP755582.1|A/cattle/Texas/24-008749-002/2024(H5N1)	18	8464
M2|PP755582.1|A/cattle/Texas/24-008749-002/2024(H5N1)	19	8604
M2|PP755582.1|A/cattle/Texas/24-008749-002/2024(H5N1)	20	8605
M2|PP755582.1|A/cattle/Texas/24-008749-002/2024(H5N1)	21	8608
M2|PP755582.1|A/cattle/Texas/24-008749-002/2024(H5N1)	22	8616
M2|PP755582.1|A/cattle/Texas/24-008749-002/2024(H5N1)	23	8798
M2|PP755582.1|A/cattle/Texas/24-008749-002/2024(H5N1)	24	8807
M2|PP755582.1|A/cattle/Texas/24-008749-002/2024(H5N1)	25	8874
M2|PP755582.1|A/cattle/Texas/24-008749-002/2024(H5N1)	26	9180
M2|PP755582.1|A/cattle/Texas/24-008749-002/2024(H5N1)	27	9198
M2|PP755582.1|A/cattle/Texas/24-008749-002/2024(H5N1)	28	9260
M2|PP755582.1|A/cattle/Texas/24-008749-002/2024(H5N1)	29	9271
M2|PP755582.1|A/cattle/Texas/24-008749-002/2024(H5N1)	30	9351
M2|PP755582.1|A/cattle/Texas/24-008749-002/2024(H5N1)	31	9423
M2|PP755582.1|A/cattle/Texas/24-008749-002/2024(H5N1)	32	9544
M2|PP755582.1|A/cattle/Texas/24-008749-002/2024(H5N1)	33	9848
M2|PP755582.1|A/cattle/Texas/24-008749-002/2024(H5N1)	34	10100
M2|PP755582.1|A/cattle/Texas/24-008749-002/2024(H5N1)	35	10101
M2|PP755582.1|A/cattle/Texas/24-008749-002/2024(H5N1)	36	10501
M2|PP755582.1|A/cattle/Texas/24-008749-002/2024(H5N1)	37	10598
M2|PP755582.1|A/cattle/Texas/24-008749-002/2024(H5N1)	38	11094
M2|PP755582.1|A/cattle/Texas/24-008749-002/2024(H5N1)	39	11091
M2|PP755582.1|A/cattle/Texas/24-008749-002/2024(H5N1)	40	11180
M2|PP755582.1|A/cattle/Texas/24-008749-002/2024(H5N1)	41	11183
M2|PP755582.1|A/cattle/Texas/24-008749-002/2024(H5N1)	42	11255
M2|PP755582.1|A/cattle/Texas/24-008749-002/2024(H5N1)	43	11314
M2|PP755582.1|A/cattle/Texas/24-008749-002/2024(H5N1)	44	11343
M2|PP755582.1|A/cattle/Texas/24-008749-002/2024(H5N1)	45	11329
M2|PP755582.1|A/cattle/Texas/24-008749-002/2024(H5N1)	46	11356
M2|PP755582.1|A/cattle/Texas/24-008749-002/2024(H5N1)	47	11480
M2|PP755582.1|A/cattle/Texas/24-008749-002/2024(H5N1)	48	11582
M2|PP755582.1|A/cattle/Texas/24-008749-002/2024(H5N1)	49	11570
M2|PP755582.1|A/cattle/Texas/24-008749-002/2024(H5N1)	50	11592
M2|PP755582.1|A/cattle/Texas/24-008749-002/2024(H5N1)	51	11591
M2|PP755582.1|A/cattle/Texas/24-008749-002/2024(H5N1)	52	11764
M2|PP755582.1|A/cattle/Texas/24-008749-002/2024(H5N1)	53	11777
M2|PP755582.1|A/cattle/Texas/24-008749-002/2024(H5N1)	54	11786
M2|PP755582.1|A/cattle/Texas/24-008749-002/2024(H5N1)	55	11849
M2|PP755582.1|A/cattle/Texas/24-008749-002/2024(H5N1)	56	11865
M2|PP755582.1|A/cattle/Texas/24-008749-002/2024(H5N1)	57	12624
M2|PP755582.1|A/cattle/Texas/24-008749-002/2024(H5N1)	58	12647
M2|PP755582.1|A/cattle/Texas/24-008749-002/2024(H5N1)	59	12654
M2|PP755582.1|A/cattle/Texas/24-008749-002/2024(H5N1)	60	12666
M2|PP755582.1|A/cattle/Texas/24-008749-002/2024(H5N1)	61	12643
M2|PP755582.1|A/cattle/Texas/24-008749-002/2024(H5N1)	62	12707
M2|PP755582.1|A/cattle/Texas/24-008749-002/2024(H5N1)	63	12893
M2|PP755582.1|A/cattle/Texas/24-008749-002/2024(H5N1)	64	12974
M2|PP755582.1|A/cattle/Texas/24-008749-002/2024(H5N1)	65	13005
M2|PP755582.1|A/cattle/Texas/24-008749-002/2024(H5N1)	66	12882
M2|PP755582.1|A/cattle/Texas/24-008749-002/2024(H5N1)	67	12878
M2|PP755582.1|A/cattle/Texas/24-008749-002/2024(H5N1)	68	12926
M2|PP755582.1|A/cattle/Texas/24-008749-002/2024(H5N1)	69	12941
M2|PP755582.1|A/cattle/Texas/24-008749-002/2024(H5N1)	70	13000
M2|PP755582.1|A/cattle/Texas/24-008749-002/2024(H5N1)	71	13003
M2|PP755582.1|A/cattle/Texas/24-008749-002/2024(H5N1)	72	12962
M2|PP755582.1|A/cattle/Texas/24-008749-002/2024(H5N1)	73	13051
M2|PP755582.1|A/cattle/Texas/24-008749-002/2024(H5N1)	74	13201
M2|PP755582.1|A/cattle/Texas/24-008749-002/2024(H5N1)	75	13202
M2|PP755582.1|A/cattle/Texas/24-008749-002/2024(H5N1)	76	13239
M2|PP755582.1|A/cattle/Texas/24-008749-002/2024(H5N1)	77	13231
M2|PP755582.1|A/cattle/Texas/24-008749-002/2024(H5N1)	78	13276
M2|PP755582.1|A/cattle/Texas/24-008749-002/2024(H5N1)	79	13287
M2|PP755582.1|A/cattle/Texas/24-008749-002/2024(H5N1)	80	14125
M2|PP755582.1|A/cattle/Texas/24-008749-002/2024(H5N1)	81	14200
M2|PP755582.1|A/cattle/Texas/24-008749-002/2024(H5N1)	82	14306
M2|PP755582.1|A/cattle/Texas/24-008749-002/2024(H5N1)	83	14304
M2|PP755582.1|A/cattle/Texas/24-008749-002/2024(H5N1)	84	14308
M2|PP755582.1|A/cattle/Texas/24-008749-002/2024(H5N1)	85	14488
M2|PP755582.1|A/cattle/Texas/24-008749-002/2024(H5N1)	86	14498
M2|PP755582.1|A/cattle/Texas/24-008749-002/2024(H5N1)	87	14485
M2|PP755582.1|A/cattle/Texas/24-008749-002/2024(H5N1)	88	14487
M2|PP755582.1|A/cattle/Texas/24-008749-002/2024(H5N1)	89	14265
M2|PP755582.1|A/cattle/Texas/24-008749-002/2024(H5N1)	90	14431
M2|PP755582.1|A/cattle/Texas/24-008749-002/2024(H5N1)	91	14434
M2|PP755582.1|A/cattle/Texas/24-008749-002/2024(H5N1)	92	14542
M2|PP755582.1|A/cattle/Texas/24-008749-002/2024(H5N1)	93	14549
M2|PP755582.1|A/cattle/Texas/24-008749-002/2024(H5N1)	94	14495
M2|PP755582.1|A/cattle/Texas/24-008749-002/2024(H5N1)	95	14647
M2|PP755582.1|A/cattle/Texas/24-008749-002/2024(H5N1)	96	14648
M2|PP755582.1|A/cattle/Texas/24-008749-002/2024(H5N1)	97	14708
M2|PP755582.1|A/cattle/Texas/24-008749-002/2024(H5N1)	98	14708
M2|PP755582.1|A/cattle/Texas/24-008749-002/2024(H5N1)	99	14662
M2|PP755582.1|A/cattle/Texas/24-008749-002/2024(H5N1)	100	14909
M2|PP755582.1|A/cattle/Texas/24-008749-002/2024(H5N1)	101	14909
M2|PP755582.1|A/cattle/Texas/24-008749-002/2024(H5N1)	102	15669
M2|PP755582.1|A/cattle/Texas/24-008749-002/2024(H5N1)	103	15667
M2|PP755582.1|A/cattle/Texas/24-008749-002/2024(H5N1)	104	15633
M2|PP755582.1|A/cattle/Texas/24-008749-002/2024(H5N1)	105	15722
M2|PP755582.1|A/cattle/Texas/24-008749-002/2024(H5N1)	106	15746
M2|PP755582.1|A/cattle/Texas/24-008749-002/2024(H5N1)	107	15852
M2|PP755582.1|A/cattle/Texas/24-008749-002/2024(H5N1)	108	15923
M2|PP755582.1|A/cattle/Texas/24-008749-002/2024(H5N1)	109	15963
M2|PP755582.1|A/cattle/Texas/24-008749-002/2024(H5N1)	110	15979
M2|PP755582.1|A/cattle/Texas/24-008749-002/2024(H5N1)	111	15622
M2|PP755582.1|A/cattle/Texas/24-008749-002/2024(H5N1)	112	15644
M2|PP755582.1|A/cattle/Texas/24-008749-002/2024(H5N1)	113	15978
M2|PP755582.1|A/cattle/Texas/24-008749-002/2024(H5N1)	114	15996
M2|PP755582.1|A/cattle/Texas/24-008749-002/2024(H5N1)	115	16066
M2|PP755582.1|A/cattle/Texas/24-008749-002/2024(H5N1)	116	16024
M2|PP755582.1|A/cattle/Texas/24-008749-002/2024(H5N1)	117	15991
M2|PP755582.1|A/cattle/Texas/24-008749-002/2024(H5N1)	118	15991
M2|PP755582.1|A/cattle/Texas/24-008749-002/2024(H5N1)	119	15988
M2|PP755582.1|A/cattle/Texas/24-008749-002/2024(H5N1)	120	16016
M2|PP755582.1|A/cattle/Texas/24-008749-002/2024(H5N1)	121	16092
M2|PP755582.1|A/cattle/Texas/24-008749-002/2024(H5N1)	122	15976
M2|PP755582.1|A/cattle/Texas/24-008749-002/2024(H5N1)	123	15980
M2|PP755582.1|A/cattle/Texas/24-008749-002/2024(H5N1)	124	16784
M2|PP755582.1|A/cattle/Texas/24-008749-002/2024(H5N1)	125	16789
M2|PP755582.1|A/cattle/Texas/24-008749-002/2024(H5N1)	126	16812
M2|PP755582.1|A/cattle/Texas/24-008749-002/2024(H5N1)	127	16814
M2|PP755582.1|A/cattle/Texas/24-008749-002/2024(H5N1)	128	16854
M2|PP755582.1|A/cattle/Texas/24-008749-002/2024(H5N1)	129	16849
M2|PP755582.1|A/cattle/Texas/24-008749-002/2024(H5N1)	130	16856
M2|PP755582.1|A/cattle/Texas/24-008749-002/2024(H5N1)	131	16862
M2|PP755582.1|A/cattle/Texas/24-008749-002/2024(H5N1)	132	16846
M2|PP755582.1|A/cattle/Texas/24-008749-002/2024(H5N1)	133	16342
M2|PP755582.1|A/cattle/Texas/24-008749-002/2024(H5N1)	134	16609
M2|PP755582.1|A/cattle/Texas/24-008749-002/2024(H5N1)	135	17114
M2|PP755582.1|A/cattle/Texas/24-008749-002/2024(H5N1)	136	17223
M2|PP755582.1|A/cattle/Texas/24-008749-002/2024(H5N1)	137	17202
M2|PP755582.1|A/cattle/Texas/24-008749-002/2024(H5N1)	138	17227
M2|PP755582.1|A/cattle/Texas/24-008749-002/2024(H5N1)	139	17228
M2|PP755582.1|A/cattle/Texas/24-008749-002/2024(H5N1)	140	17598
M2|PP755582.1|A/cattle/Texas/24-008749-002/2024(H5N1)	141	17852
M2|PP755582.1|A/cattle/Texas/24-008749-002/2024(H5N1)	142	17846
M2|PP755582.1|A/cattle/Texas/24-008749-002/2024(H5N1)	143	17766
M2|PP755582.1|A/cattle/Texas/24-008749-002/2024(H5N1)	144	17344
M2|PP755582.1|A/cattle/Texas/24-008749-002/2024(H5N1)	145	17362
M2|PP755582.1|A/cattle/Texas/24-008749-002/2024(H5N1)	146	17866
M2|PP755582.1|A/cattle/Texas/24-008749-002/2024(H5N1)	147	17987
M2|PP755582.1|A/cattle/Texas/24-008749-002/2024(H5N1)	148	18026
M2|PP755582.1|A/cattle/Texas/24-008749-002/2024(H5N1)	149	17823
M2|PP755582.1|A/cattle/Texas/24-008749-002/2024(H5N1)	150	17653
M2|PP755582.1|A/cattle/Texas/24-008749-002/2024(H5N1)	151	17858
M2|PP755582.1|A/cattle/Texas/24-008749-002/2024(H5N1)	152	17882
M2|PP755582.1|A/cattle/Texas/24-008749-002/2024(H5N1)	153	17991
M2|PP755582.1|A/cattle/Texas/24-008749-002/2024(H5N1)	154	18033
M2|PP755582.1|A/cattle/Texas/24-008749-002/2024(H5N1)	155	17781
M2|PP755582.1|A/cattle/Texas/24-008749-002/2024(H5N1)	156	17800
M2|PP755582.1|A/cattle/Texas/24-008749-002/2024(H5N1)	157	17795
M2|PP755582.1|A/cattle/Texas/24-008749-002/2024(H5N1)	158	17803
M2|PP755582.1|A/cattle/Texas/24-008749-002/2024(H5N1)	159	17872
M2|PP755582.1|A/cattle/Texas/24-008749-002/2024(H5N1)	160	18467
M2|PP755582.1|A/cattle/Texas/24-008749-002/2024(H5N1)	161	18443
M2|PP755582.1|A/cattle/Texas/24-008749-002/2024(H5N1)	162	18286
M2|PP755582.1|A/cattle/Texas/24-008749-002/2024(H5N1)	163	18289
M2|PP755582.1|A/cattle/Texas/24-008749-002/2024(H5N1)	164	18164
M2|PP755582.1|A/cattle/Texas/24-008749-002/2024(H5N1)	165	18458
M2|PP755582.1|A/cattle/Texas/24-008749-002/2024(H5N1)	166	18480
M2|PP755582.1|A/cattle/Texas/24-008749-002/2024(H5N1)	167	18493
M2|PP755582.1|A/cattle/Texas/24-008749-002/2024(H5N1)	168	18475
M2|PP755582.1|A/cattle/Texas/24-008749-002/2024(H5N1)	169	17859
M2|PP755582.1|A/cattle/Texas/24-008749-002/2024(H5N1)	170	17863
M2|PP755582.1|A/cattle/Texas/24-008749-002/2024(H5N1)	171	17888
M2|PP755582.1|A/cattle/Texas/24-008749-002/2024(H5N1)	172	17880
M2|PP755582.1|A/cattle/Texas/24-008749-002/2024(H5N1)	173	17900
M2|PP755582.1|A/cattle/Texas/24-008749-002/2024(H5N1)	174	17672
M2|PP755582.1|A/cattle/Texas/24-008749-002/2024(H5N1)	175	17725
M2|PP755582.1|A/cattle/Texas/24-008749-002/2024(H5N1)	176	17718
M2|PP755582.1|A/cattle/Texas/24-008749-002/2024(H5N1)	177	17728
M2|PP755582.1|A/cattle/Texas/24-008749-002/2024(H5N1)	178	17723
M2|PP755582.1|A/cattle/Texas/24-008749-002/2024(H5N1)	179	17741
M2|PP755582.1|A/cattle/Texas/24-008749-002/2024(H5N1)	180	17729
M2|PP755582.1|A/cattle/Texas/24-008749-002/2024(H5N1)	181	17768
M2|PP755582.1|A/cattle/Texas/24-008749-002/2024(H5N1)	182	17782
M2|PP755582.1|A/cattle/Texas/24-008749-002/2024(H5N1)	183	17768
M2|PP755582.1|A/cattle/Texas/24-008749-002/2024(H5N1)	184	17759
M2|PP755582.1|A/cattle/Texas/24-008749-002/2024(H5N1)	185	17803
M2|PP755582.1|A/cattle/Texas/24-008749-002/2024(H5N1)	186	17803
M2|PP755582.1|A/cattle/Texas/24-008749-002/2024(H5N1)	187	18009
M2|PP755582.1|A/cattle/Texas/24-008749-002/2024(H5N1)	188	18024
M2|PP755582.1|A/cattle/Texas/24-008749-002/2024(H5N1)	189	18060
M2|PP755582.1|A/cattle/Texas/24-008749-002/2024(H5N1)	190	18023
M2|PP755582.1|A/cattle/Texas/24-008749-002/2024(H5N1)	191	18259
M2|PP755582.1|A/cattle/Texas/24-008749-002/2024(H5N1)	192	18320
M2|PP755582.1|A/cattle/Texas/24-008749-002/2024(H5N1)	193	18298
M2|PP755582.1|A/cattle/Texas/24-008749-002/2024(H5N1)	194	18792
M2|PP755582.1|A/cattle/Texas/24-008749-002/2024(H5N1)	195	18792
M2|PP755582.1|A/cattle/Texas/24-008749-002/2024(H5N1)	196	18770
M2|PP755582.1|A/cattle/Texas/24-008749-002/2024(H5N1)	197	18695
M2|PP755582.1|A/cattle/Texas/24-008749-002/2024(H5N1)	198	19102
M2|PP755582.1|A/cattle/Texas/24-008749-002/2024(H5N1)	199	19148
M2|PP755582.1|A/cattle/Texas/24-008749-002/2024(H5N1)	200	19385
M2|PP755582.1|A/cattle/Texas/24-008749-002/2024(H5N1)	201	19293
M2|PP755582.1|A/cattle/Texas/24-008749-002/2024(H5N1)	202	19298
M2|PP755582.1|A/cattle/Texas/24-008749-002/2024(H5N1)	203	18907
M2|PP755582.1|A/cattle/Texas/24-008749-002/2024(H5N1)	204	18933
M2|PP755582.1|A/cattle/Texas/24-008749-002/2024(H5N1)	205	18928
M2|PP755582.1|A/cattle/Texas/24-008749-002/2024(H5N1)	206	18927
M2|PP755582.1|A/cattle/Texas/24-008749-002/2024(H5N1)	207	18733
M2|PP755582.1|A/cattle/Texas/24-008749-002/2024(H5N1)	208	18527
M2|PP755582.1|A/cattle/Texas/24-008749-002/2024(H5N1)	209	18696
M2|PP755582.1|A/cattle/Texas/24-008749-002/2024(H5N1)	210	18697
M2|PP755582.1|A/cattle/Texas/24-008749-002/2024(H5N1)	211	18783
M2|PP755582.1|A/cattle/Texas/24-008749-002/2024(H5N1)	212	18950
M2|PP755582.1|A/cattle/Texas/24-008749-002/2024(H5N1)	213	18962
M2|PP755582.1|A/cattle/Texas/24-008749-002/2024(H5N1)	214	18933
M2|PP755582.1|A/cattle/Texas/24-008749-002/2024(H5N1)	215	18981
M2|PP755582.1|A/cattle/Texas/24-008749-002/2024(H5N1)	216	18898
M2|PP755582.1|A/cattle/Texas/24-008749-002/2024(H5N1)	217	19310
M2|PP755582.1|A/cattle/Texas/24-008749-002/2024(H5N1)	218	19345
M2|PP755582.1|A/cattle/Texas/24-008749-002/2024(H5N1)	219	19183
M2|PP755582.1|A/cattle/Texas/24-008749-002/2024(H5N1)	220	19805
M2|PP755582.1|A/cattle/Texas/24-008749-002/2024(H5N1)	221	19320
M2|PP755582.1|A/cattle/Texas/24-008749-002/2024(H5N1)	222	19342
M2|PP755582.1|A/cattle/Texas/24-008749-002/2024(H5N1)	223	19358
M2|PP755582.1|A/cattle/Texas/24-008749-002/2024(H5N1)	224	19302
M2|PP755582.1|A/cattle/Texas/24-008749-002/2024(H5N1)	225	19734
M2|PP755582.1|A/cattle/Texas/24-008749-002/2024(H5N1)	226	18809
M2|PP755582.1|A/cattle/Texas/24-008749-002/2024(H5N1)	227	18851
M2|PP755582.1|A/cattle/Texas/24-008749-002/2024(H5N1)	228	18752
M2|PP755582.1|A/cattle/Texas/24-008749-002/2024(H5N1)	229	18130
M2|PP755582.1|A/cattle/Texas/24-008749-002/2024(H5N1)	230	18132
M2|PP755582.1|A/cattle/Texas/24-008749-002/2024(H5N1)	231	18087
M2|PP755582.1|A/cattle/Texas/24-008749-002/2024(H5N1)	232	18102
M2|PP755582.1|A/cattle/Texas/24-008749-002/2024(H5N1)	233	18195
M2|PP755582.1|A/cattle/Texas/24-008749-002/2024(H5N1)	234	17770
M2|PP755582.1|A/cattle/Texas/24-008749-002/2024(H5N1)	235	17648
M2|PP755582.1|A/cattle/Texas/24-008749-002/2024(H5N1)	236	17604
M2|PP755582.1|A/cattle/Texas/24-008749-002/2024(H5N1)	237	17548
M2|PP755582.1|A/cattle/Texas/24-008749-002/2024(H5N1)	238	18068
M2|PP755582.1|A/cattle/Texas/24-008749-002/2024(H5N1)	239	18111
M2|PP755582.1|A/cattle/Texas/24-008749-002/2024(H5N1)	240	18149
M2|PP755582.1|A/cattle/Texas/24-008749-002/2024(H5N1)	241	18118
M2|PP755582.1|A/cattle/Texas/24-008749-002/2024(H5N1)	242	18026
M2|PP755582.1|A/cattle/Texas/24-008749-002/2024(H5N1)	243	18031
M2|PP755582.1|A/cattle/Texas/24-008749-002/2024(H5N1)	244	17997
M2|PP755582.1|A/cattle/Texas/24-008749-002/2024(H5N1)	245	18043
M2|PP755582.1|A/cattle/Texas/24-008749-002/2024(H5N1)	246	18080
M2|PP755582.1|A/cattle/Texas/24-008749-002/2024(H5N1)	247	17902
M2|PP755582.1|A/cattle/Texas/24-008749-002/2024(H5N1)	248	17966
M2|PP755582.1|A/cattle/Texas/24-008749-002/2024(H5N1)	249	17962
M2|PP755582.1|A/cattle/Texas/24-008749-002/2024(H5N1)	250	17938
M2|PP755582.1|A/cattle/Texas/24-008749-002/2024(H5N1)	251	17908
M2|PP755582.1|A/cattle/Texas/24-008749-002/2024(H5N1)	252	18299
M2|PP755582.1|A/cattle/Texas/24-008749-002/2024(H5N1)	253	18295
M2|PP755582.1|A/cattle/Texas/24-008749-002/2024(H5N1)	254	18380
M2|PP755582.1|A/cattle/Texas/24-008749-002/2024(H5N1)	255	18347
M2|PP755582.1|A/cattle/Texas/24-008749-002/2024(H5N1)	256	17938
M2|PP755582.1|A/cattle/Texas/24-008749-002/2024(H5N1)	257	18194
M2|PP755582.1|A/cattle/Texas/24-008749-002/2024(H5N1)	258	18131
M2|PP755582.1|A/cattle/Texas/24-008749-002/2024(H5N1)	259	18092
M2|PP755582.1|A/cattle/Texas/24-008749-002/2024(H5N1)	260	18198
M2|PP755582.1|A/cattle/Texas/24-008749-002/2024(H5N1)	261	17857
M2|PP755582.1|A/cattle/Texas/24-008749-002/2024(H5N1)	262	17871
M2|PP755582.1|A/cattle/Texas/24-008749-002/2024(H5N1)	263	17848
M2|PP755582.1|A/cattle/Texas/24-008749-002/2024(H5N1)	264	17808
M2|PP755582.1|A/cattle/Texas/24-008749-002/2024(H5N1)	265	17902
M2|PP755582.1|A/cattle/Texas/24-008749-002/2024(H5N1)	266	17608
M2|PP755582.1|A/cattle/Texas/24-008749-002/2024(H5N1)	267	17841
M2|PP755582.1|A/cattle/Texas/24-008749-002/2024(H5N1)	268	17822
M2|PP755582.1|A/cattle/Texas/24-008749-002/2024(H5N1)	269	17727
M2|PP755582.1|A/cattle/Texas/24-008749-002/2024(H5N1)	270	17772
M2|PP755582.1|A/cattle/Texas/24-008749-002/2024(H5N1)	271	17783
M2|PP755582.1|A/cattle/Texas/24-008749-002/2024(H5N1)	272	17800
M2|PP755582.1|A/cattle/Texas/24-008749-002/2024(H5N1)	273	18226
M2|PP755582.1|A/cattle/Texas/24-008749-002/2024(H5N1)	274	18323
M2|PP755582.1|A/cattle/Texas/24-008749-002/2024(H5N1)	275	18378
M2|PP755582.1|A/cattle/Texas/24-008749-002/2024(H5N1)	276	18204
M2|PP755582.1|A/cattle/Texas/24-008749-002/2024(H5N1)	277	18174
M2|PP755582.1|A/cattle/Texas/24-008749-002/2024(H5N1)	278	18161
M2|PP755582.1|A/cattle/Texas/24-008749-002/2024(H5N1)	279	18668
M2|PP755582.1|A/cattle/Texas/24-008749-002/2024(H5N1)	280	18677
M2|PP755582.1|A/cattle/Texas/24-008749-002/2024(H5N1)	281	18668
M2|PP755582.1|A/cattle/Texas/24-008749-002/2024(H5N1)	282	18645
M2|PP755582.1|A/cattle/Texas/24-008749-002/2024(H5N1)	283	18023
M2|PP755582.1|A/cattle/Texas/24-008749-002/2024(H5N1)	284	18353
M2|PP755582.1|A/cattle/Texas/24-008749-002/2024(H5N1)	285	18303
M2|PP755582.1|A/cattle/Texas/24-008749-002/2024(H5N1)	286	18358
M2|PP755582.1|A/cattle/Texas/24-008749-002/2024(H5N1)	287	18327
M2|PP755582.1|A/cattle/Texas/24-008749-002/2024(H5N1)	288	17763
M2|PP755582.1|A/cattle/Texas/24-008749-002/2024(H5N1)	289	17914
M2|PP755582.1|A/cattle/Texas/24-008749-002/2024(H5N1)	290	17923
M2|PP755582.1|A/cattle/Texas/24-008749-002/2024(H5N1)	291	17935
M2|PP755582.1|A/cattle/Texas/24-008749-002/2024(H5N1)	292	18007
M2|PP755582.1|A/cattle/Texas/24-008749-002/2024(H5N1)	293	17557
M2|PP755582.1|A/cattle/Texas/24-008749-002/2024(H5N1)	294	17654
M2|PP755582.1|A/cattle/Texas/24-008749-002/2024(H5N1)	295	17619
M2|PP755582.1|A/cattle/Texas/24-008749-002/2024(H5N1)	296	17639
M2|PP755582.1|A/cattle/Texas/24-008749-002/2024(H5N1)	297	18028
M2|PP755582.1|A/cattle/Texas/24-008749-002/2024(H5N1)	298	17776
M2|PP755582.1|A/cattle/Texas/24-008749-002/2024(H5N1)	299	17783
M2|PP755582.1|A/cattle/Texas/24-008749-002/2024(H5N1)	300	17788
M2|PP755582.1|A/cattle/Texas/24-008749-002/2024(H5N1)	301	17663
M2|PP755582.1|A/cattle/Texas/24-008749-002/2024(H5N1)	302	17712
M2|PP755582.1|A/cattle/Texas/24-008749-002/2024(H5N1)	303	17662
M2|PP755582.1|A/cattle/Texas/24-008749-002/2024(H5N1)	304	17884
M2|PP755582.1|A/cattle/Texas/24-008749-002/2024(H5N1)	305	17885
M2|PP755582.1|A/cattle/Texas/24-008749-002/2024(H5N1)	306	17882
M2|PP755582.1|A/cattle/Texas/24-008749-002/2024(H5N1)	307	17800
M2|PP755582.1|A/cattle/Texas/24-008749-002/2024(H5N1)	308	17766
M2|PP755582.1|A/cattle/Texas/24-008749-002/2024(H5N1)	309	17836
M2|PP755582.1|A/cattle/Texas/24-008749-002/2024(H5N1)	310	17849
M2|PP755582.1|A/cattle/Texas/24-008749-002/2024(H5N1)	311	17813
M2|PP755582.1|A/cattle/Texas/24-008749-002/2024(H5N1)	312	17836
M2|PP755582.1|A/cattle/Texas/24-008749-002/2024(H5N1)	313	17561
M2|PP755582.1|A/cattle/Texas/24-008749-002/2024(H5N1)	314	17633
M2|PP755582.1|A/cattle/Texas/24-008749-002/2024(H5N1)	315	17641
M2|PP755582.1|A/cattle/Texas/24-008749-002/2024(H5N1)	316	17736
M2|PP755582.1|A/cattle/Texas/24-008749-002/2024(H5N1)	317	17872
M2|PP755582.1|A/cattle/Texas/24-008749-002/2024(H5N1)	318	17902
M2|PP755582.1|A/cattle/Texas/24-008749-002/2024(H5N1)	319	17997
M2|PP755582.1|A/cattle/Texas/24-008749-002/2024(H5N1)	320	18031
M2|PP755582.1|A/cattle/Texas/24-008749-002/2024(H5N1)	321	18025
M2|PP755582.1|A/cattle/Texas/24-008749-002/2024(H5N1)	322	18126
M2|PP755582.1|A/cattle/Texas/24-008749-002/2024(H5N1)	323	18200
M2|PP755582.1|A/cattle/Texas/24-008749-002/2024(H5N1)	324	18055
M2|PP755582.1|A/cattle/Texas/24-008749-002/2024(H5N1)	325	18040
M2|PP755582.1|A/cattle/Texas/24-008749-002/2024(H5N1)	326	17826
M2|PP755582.1|A/cattle/Texas/24-008749-002/2024(H5N1)	327	17919
M2|PP755582.1|A/cattle/Texas/24-008749-002/2024(H5N1)	328	17803
M2|PP755582.1|A/cattle/Texas/24-008749-002/2024(H5N1)	329	17790
M2|PP755582.1|A/cattle/Texas/24-008749-002/2024(H5N1)	330	17791
M2|PP755582.1|A/cattle/Texas/24-008749-002/2024(H5N1)	331	17539
M2|PP755582.1|A/cattle/Texas/24-008749-002/2024(H5N1)	332	17772
M2|PP755582.1|A/cattle/Texas/24-008749-002/2024(H5N1)	333	17841
M2|PP755582.1|A/cattle/Texas/24-008749-002/2024(H5N1)	334	17893
M2|PP755582.1|A/cattle/Texas/24-008749-002/2024(H5N1)	335	17877
M2|PP755582.1|A/cattle/Texas/24-008749-002/2024(H5N1)	336	17794
M2|PP755582.1|A/cattle/Texas/24-008749-002/2024(H5N1)	337	17806
M2|PP755582.1|A/cattle/Texas/24-008749-002/2024(H5N1)	338	17820
M2|PP755582.1|A/cattle/Texas/24-008749-002/2024(H5N1)	339	17820
M2|PP755582.1|A/cattle/Texas/24-008749-002/2024(H5N1)	340	17834
M2|PP755582.1|A/cattle/Texas/24-008749-002/2024(H5N1)	341	17566
M2|PP755582.1|A/cattle/Texas/24-008749-002/2024(H5N1)	342	17339
M2|PP755582.1|A/cattle/Texas/24-008749-002/2024(H5N1)	343	17421
M2|PP755582.1|A/cattle/Texas/24-008749-002/2024(H5N1)	344	17414
M2|PP755582.1|A/cattle/Texas/24-008749-002/2024(H5N1)	345	17405
M2|PP755582.1|A/cattle/Texas/24-008749-002/2024(H5N1)	346	17514
M2|PP755582.1|A/cattle/Texas/24-008749-002/2024(H5N1)	347	17505
M2|PP755582.1|A/cattle/Texas/24-008749-002/2024(H5N1)	348	17528
M2|PP755582.1|A/cattle/Texas/24-008749-002/2024(H5N1)	349	17517
M2|PP755582.1|A/cattle/Texas/24-008749-002/2024(H5N1)	350	17416
M2|PP755582.1|A/cattle/Texas/24-008749-002/2024(H5N1)	351	18017
M2|PP755582.1|A/cattle/Texas/24-008749-002/2024(H5N1)	352	17904
M2|PP755582.1|A/cattle/Texas/24-008749-002/2024(H5N1)	353	17915
M2|PP755582.1|A/cattle/Texas/24-008749-002/2024(H5N1)	354	17934
M2|PP755582.1|A/cattle/Texas/24-008749-002/2024(H5N1)	355	17772
M2|PP755582.1|A/cattle/Texas/24-008749-002/2024(H5N1)	356	17845
M2|PP755582.1|A/cattle/Texas/24-008749-002/2024(H5N1)	357	17878
M2|PP755582.1|A/cattle/Texas/24-008749-002/2024(H5N1)	358	17830
M2|PP755582.1|A/cattle/Texas/24-008749-002/2024(H5N1)	359	17867
M2|PP755582.1|A/cattle/Texas/24-008749-002/2024(H5N1)	360	17191
M2|PP755582.1|A/cattle/Texas/24-008749-002/2024(H5N1)	361	17254
M2|PP755582.1|A/cattle/Texas/24-008749-002/2024(H5N1)	362	17496
M2|PP755582.1|A/cattle/Texas/24-008749-002/2024(H5N1)	363	17238
M2|PP755582.1|A/cattle/Texas/24-008749-002/2024(H5N1)	364	17182
M2|PP755582.1|A/cattle/Texas/24-008749-002/2024(H5N1)	365	17245
M2|PP755582.1|A/cattle/Texas/24-008749-002/2024(H5N1)	366	17172
M2|PP755582.1|A/cattle/Texas/24-008749-002/2024(H5N1)	367	17242
M2|PP755582.1|A/cattle/Texas/24-008749-002/2024(H5N1)	368	17215
M2|PP755582.1|A/cattle/Texas/24-008749-002/2024(H5N1)	369	17207
M2|PP755582.1|A/cattle/Texas/24-008749-002/2024(H5N1)	370	17298
M2|PP755582.1|A/cattle/Texas/24-008749-002/2024(H5N1)	371	16986
M2|PP755582.1|A/cattle/Texas/24-008749-002/2024(H5N1)	372	17179
M2|PP755582.1|A/cattle/Texas/24-008749-002/2024(H5N1)	373	17172
M2|PP755582.1|A/cattle/Texas/24-008749-002/2024(H5N1)	374	16897
M2|PP755582.1|A/cattle/Texas/24-008749-002/2024(H5N1)	375	16897
M2|PP755582.1|A/cattle/Texas/24-008749-002/2024(H5N1)	376	16803
M2|PP755582.1|A/cattle/Texas/24-008749-002/2024(H5N1)	377	17098
M2|PP755582.1|A/cattle/Texas/24-008749-002/2024(H5N1)	378	17292
M2|PP755582.1|A/cattle/Texas/24-008749-002/2024(H5N1)	379	17184
M2|PP755582.1|A/cattle/Texas/24-008749-002/2024(H5N1)	380	17450
M2|PP755582.1|A/cattle/Texas/24-008749-002/2024(H5N1)	381	17242
M2|PP755582.1|A/cattle/Texas/24-008749-002/2024(H5N1)	382	17269
M2|PP755582.1|A/cattle/Texas/24-008749-002/2024(H5N1)	383	17281
M2|PP755582.1|A/cattle/Texas/24-008749-002/2024(H5N1)	384	17274
M2|PP755582.1|A/cattle/Texas/24-008749-002/2024(H5N1)	385	17325
M2|PP755582.1|A/cattle/Texas/24-008749-002/2024(H5N1)	386	17148
M2|PP755582.1|A/cattle/Texas/24-008749-002/2024(H5N1)	387	17025
M2|PP755582.1|A/cattle/Texas/24-008749-002/2024(H5N1)	388	17540
M2|PP755582.1|A/cattle/Texas/24-008749-002/2024(H5N1)	389	17328
M2|PP755582.1|A/cattle/Texas/24-008749-002/2024(H5N1)	390	17411
M2|PP755582.1|A/cattle/Texas/24-008749-002/2024(H5N1)	391	17799
M2|PP755582.1|A/cattle/Texas/24-008749-002/2024(H5N1)	392	17764
M2|PP755582.1|A/cattle/Texas/24-008749-002/2024(H5N1)	393	17860
M2|PP755582.1|A/cattle/Texas/24-008749-002/2024(H5N1)	394	17732
M2|PP755582.1|A/cattle/Texas/24-008749-002/2024(H5N1)	395	17583
M2|PP755582.1|A/cattle/Texas/24-008749-002/2024(H5N1)	396	17828
M2|PP755582.1|A/cattle/Texas/24-008749-002/2024(H5N1)	397	17233
M2|PP755582.1|A/cattle/Texas/24-008749-002/2024(H5N1)	398	17279
M2|PP755582.1|A/cattle/Texas/24-008749-002/2024(H5N1)	399	17236
M2|PP755582.1|A/cattle/Texas/24-008749-002/2024(H5N1)	400	16713
M2|PP755582.1|A/cattle/Texas/24-008749-002/2024(H5N1)	401	17177
M2|PP755582.1|A/cattle/Texas/24-008749-002/2024(H5N1)	402	17120
M2|PP755582.1|A/cattle/Texas/24-008749-002/2024(H5N1)	403	17125
M2|PP755582.1|A/cattle/Texas/24-008749-002/2024(H5N1)	404	17155
M2|PP755582.1|A/cattle/Texas/24-008749-002/2024(H5N1)	405	16872
M2|PP755582.1|A/cattle/Texas/24-008749-002/2024(H5N1)	406	16917
M2|PP755582.1|A/cattle/Texas/24-008749-002/2024(H5N1)	407	16903
M2|PP755582.1|A/cattle/Texas/24-008749-002/2024(H5N1)	408	16929
M2|PP755582.1|A/cattle/Texas/24-008749-002/2024(H5N1)	409	16928
M2|PP755582.1|A/cattle/Texas/24-008749-002/2024(H5N1)	410	16402
M2|PP755582.1|A/cattle/Texas/24-008749-002/2024(H5N1)	411	16361
M2|PP755582.1|A/cattle/Texas/24-008749-002/2024(H5N1)	412	16389
M2|PP755582.1|A/cattle/Texas/24-008749-002/2024(H5N1)	413	16406
M2|PP755582.1|A/cattle/Texas/24-008749-002/2024(H5N1)	414	16453
M2|PP755582.1|A/cattle/Texas/24-008749-002/2024(H5N1)	415	16398
M2|PP755582.1|A/cattle/Texas/24-008749-002/2024(H5N1)	416	16543
M2|PP755582.1|A/cattle/Texas/24-008749-002/2024(H5N1)	417	16528
M2|PP755582.1|A/cattle/Texas/24-008749-002/2024(H5N1)	418	16529
M2|PP755582.1|A/cattle/Texas/24-008749-002/2024(H5N1)	419	16553
M2|PP755582.1|A/cattle/Texas/24-008749-002/2024(H5N1)	420	16536
M2|PP755582.1|A/cattle/Texas/24-008749-002/2024(H5N1)	421	16592
M2|PP755582.1|A/cattle/Texas/24-008749-002/2024(H5N1)	422	16615
M2|PP755582.1|A/cattle/Texas/24-008749-002/2024(H5N1)	423	16573
M2|PP755582.1|A/cattle/Texas/24-008749-002/2024(H5N1)	424	16601
M2|PP755582.1|A/cattle/Texas/24-008749-002/2024(H5N1)	425	16411
M2|PP755582.1|A/cattle/Texas/24-008749-002/2024(H5N1)	426	16443
M2|PP755582.1|A/cattle/Texas/24-008749-002/2024(H5N1)	427	16788
M2|PP755582.1|A/cattle/Texas/24-008749-002/2024(H5N1)	428	16793
M2|PP755582.1|A/cattle/Texas/24-008749-002/2024(H5N1)	429	16795
M2|PP755582.1|A/cattle/Texas/24-008749-002/2024(H5N1)	430	16961
M2|PP755582.1|A/cattle/Texas/24-008749-002/2024(H5N1)	431	16953
M2|PP755582.1|A/cattle/Texas/24-008749-002/2024(H5N1)	432	17006
M2|PP755582.1|A/cattle/Texas/24-008749-002/2024(H5N1)	433	18246
M2|PP755582.1|A/cattle/Texas/24-008749-002/2024(H5N1)	434	18282
M2|PP755582.1|A/cattle/Texas/24-008749-002/2024(H5N1)	435	18325
M2|PP755582.1|A/cattle/Texas/24-008749-002/2024(H5N1)	436	17943
M2|PP755582.1|A/cattle/Texas/24-008749-002/2024(H5N1)	437	17920
M2|PP755582.1|A/cattle/Texas/24-008749-002/2024(H5N1)	438	18303
M2|PP755582.1|A/cattle/Texas/24-008749-002/2024(H5N1)	439	18588
M2|PP755582.1|A/cattle/Texas/24-008749-002/2024(H5N1)	440	18617
M2|PP755582.1|A/cattle/Texas/24-008749-002/2024(H5N1)	441	18808
M2|PP755582.1|A/cattle/Texas/24-008749-002/2024(H5N1)	442	17191
M2|PP755582.1|A/cattle/Texas/24-008749-002/2024(H5N1)	443	17191
M2|PP755582.1|A/cattle/Texas/24-008749-002/2024(H5N1)	444	17241
M2|PP755582.1|A/cattle/Texas/24-008749-002/2024(H5N1)	445	17169
M2|PP755582.1|A/cattle/Texas/24-008749-002/2024(H5N1)	446	17187
M2|PP755582.1|A/cattle/Texas/24-008749-002/2024(H5N1)	447	16838
M2|PP755582.1|A/cattle/Texas/24-008749-002/2024(H5N1)	448	16581
M2|PP755582.1|A/cattle/Texas/24-008749-002/2024(H5N1)	449	17331
M2|PP755582.1|A/cattle/Texas/24-008749-002/2024(H5N1)	450	17243
M2|PP755582.1|A/cattle/Texas/24-008749-002/2024(H5N1)	451	17100
M2|PP755582.1|A/cattle/Texas/24-008749-002/2024(H5N1)	452	17144
M2|PP755582.1|A/cattle/Texas/24-008749-002/2024(H5N1)	453	17067
M2|PP755582.1|A/cattle/Texas/24-008749-002/2024(H5N1)	454	17075
M2|PP755582.1|A/cattle/Texas/24-008749-002/2024(H5N1)	455	17076
M2|PP755582.1|A/cattle/Texas/24-008749-002/2024(H5N1)	456	17104
M2|PP755582.1|A/cattle/Texas/24-008749-002/2024(H5N1)	457	17089
M2|PP755582.1|A/cattle/Texas/24-008749-002/2024(H5N1)	458	16348
M2|PP755582.1|A/cattle/Texas/24-008749-002/2024(H5N1)	459	16409
M2|PP755582.1|A/cattle/Texas/24-008749-002/2024(H5N1)	460	16399
M2|PP755582.1|A/cattle/Texas/24-008749-002/2024(H5N1)	461	16360
M2|PP755582.1|A/cattle/Texas/24-008749-002/2024(H5N1)	462	16353
M2|PP755582.1|A/cattle/Texas/24-008749-002/2024(H5N1)	463	16337
M2|PP755582.1|A/cattle/Texas/24-008749-002/2024(H5N1)	464	16352
M2|PP755582.1|A/cattle/Texas/24-008749-002/2024(H5N1)	465	16321
M2|PP755582.1|A/cattle/Texas/24-008749-002/2024(H5N1)	466	16454
M2|PP755582.1|A/cattle/Texas/24-008749-002/2024(H5N1)	467	16491
M2|PP755582.1|A/cattle/Texas/24-008749-002/2024(H5N1)	468	16381
M2|PP755582.1|A/cattle/Texas/24-008749-002/2024(H5N1)	469	16427
M2|PP755582.1|A/cattle/Texas/24-008749-002/2024(H5N1)	470	16310
M2|PP755582.1|A/cattle/Texas/24-008749-002/2024(H5N1)	471	16300
M2|PP755582.1|A/cattle/Texas/24-008749-002/2024(H5N1)	472	16343
M2|PP755582.1|A/cattle/Texas/24-008749-002/2024(H5N1)	473	16274
M2|PP755582.1|A/cattle/Texas/24-008749-002/2024(H5N1)	474	16458
M2|PP755582.1|A/cattle/Texas/24-008749-002/2024(H5N1)	475	16311
M2|PP755582.1|A/cattle/Texas/24-008749-002/2024(H5N1)	476	16255
M2|PP755582.1|A/cattle/Texas/24-008749-002/2024(H5N1)	477	16297
M2|PP755582.1|A/cattle/Texas/24-008749-002/2024(H5N1)	478	16285
M2|PP755582.1|A/cattle/Texas/24-008749-002/2024(H5N1)	479	16295
M2|PP755582.1|A/cattle/Texas/24-008749-002/2024(H5N1)	480	16534
M2|PP755582.1|A/cattle/Texas/24-008749-002/2024(H5N1)	481	16484
M2|PP755582.1|A/cattle/Texas/24-008749-002/2024(H5N1)	482	16784
M2|PP755582.1|A/cattle/Texas/24-008749-002/2024(H5N1)	483	16630
M2|PP755582.1|A/cattle/Texas/24-008749-002/2024(H5N1)	484	16747
M2|PP755582.1|A/cattle/Texas/24-008749-002/2024(H5N1)	485	16743
M2|PP755582.1|A/cattle/Texas/24-008749-002/2024(H5N1)	486	16874
M2|PP755582.1|A/cattle/Texas/24-008749-002/2024(H5N1)	487	16831
M2|PP755582.1|A/cattle/Texas/24-008749-002/2024(H5N1)	488	17106
M2|PP755582.1|A/cattle/Texas/24-008749-002/2024(H5N1)	489	16793
M2|PP755582.1|A/cattle/Texas/24-008749-002/2024(H5N1)	490	16979
M2|PP755582.1|A/cattle/Texas/24-008749-002/2024(H5N1)	491	16699
M2|PP755582.1|A/cattle/Texas/24-008749-002/2024(H5N1)	492	16821
M2|PP755582.1|A/cattle/Texas/24-008749-002/2024(H5N1)	493	16853
M2|PP755582.1|A/cattle/Texas/24-008749-002/2024(H5N1)	494	16917
M2|PP755582.1|A/cattle/Texas/24-008749-002/2024(H5N1)	495	16855
M2|PP755582.1|A/cattle/Texas/24-008749-002/2024(H5N1)	496	16931
M2|PP755582.1|A/cattle/Texas/24-008749-002/2024(H5N1)	497	16681
M2|PP755582.1|A/cattle/Texas/24-008749-002/2024(H5N1)	498	16662
M2|PP755582.1|A/cattle/Texas/24-008749-002/2024(H5N1)	499	16614
M2|PP755582.1|A/cattle/Texas/24-008749-002/2024(H5N1)	500	16614
M2|PP755582.1|A/cattle/Texas/24-008749-002/2024(H5N1)	501	16585
M2|PP755582.1|A/cattle/Texas/24-008749-002/2024(H5N1)	502	16513
M2|PP755582.1|A/cattle/Texas/24-008749-002/2024(H5N1)	503	16721
M2|PP755582.1|A/cattle/Texas/24-008749-002/2024(H5N1)	504	16702
M2|PP755582.1|A/cattle/Texas/24-008749-002/2024(H5N1)	505	16617
M2|PP755582.1|A/cattle/Texas/24-008749-002/2024(H5N1)	506	16853
M2|PP755582.1|A/cattle/Texas/24-008749-002/2024(H5N1)	507	16793
M2|PP755582.1|A/cattle/Texas/24-008749-002/2024(H5N1)	508	16742
M2|PP755582.1|A/cattle/Texas/24-008749-002/2024(H5N1)	509	16775
M2|PP755582.1|A/cattle/Texas/24-008749-002/2024(H5N1)	510	16814
M2|PP755582.1|A/cattle/Texas/24-008749-002/2024(H5N1)	511	16956
M2|PP755582.1|A/cattle/Texas/24-008749-002/2024(H5N1)	512	16718
M2|PP755582.1|A/cattle/Texas/24-008749-002/2024(H5N1)	513	16653
M2|PP755582.1|A/cattle/Texas/24-008749-002/2024(H5N1)	514	16679
M2|PP755582.1|A/cattle/Texas/24-008749-002/2024(H5N1)	515	16457
M2|PP755582.1|A/cattle/Texas/24-008749-002/2024(H5N1)	516	16811
M2|PP755582.1|A/cattle/Texas/24-008749-002/2024(H5N1)	517	16829
M2|PP755582.1|A/cattle/Texas/24-008749-002/2024(H5N1)	518	16772
M2|PP755582.1|A/cattle/Texas/24-008749-002/2024(H5N1)	519	16732
M2|PP755582.1|A/cattle/Texas/24-008749-002/2024(H5N1)	520	16593
M2|PP755582.1|A/cattle/Texas/24-008749-002/2024(H5N1)	521	16705
M2|PP755582.1|A/cattle/Texas/24-008749-002/2024(H5N1)	522	16769
M2|PP755582.1|A/cattle/Texas/24-008749-002/2024(H5N1)	523	16823
M2|PP755582.1|A/cattle/Texas/24-008749-002/2024(H5N1)	524	16847
M2|PP755582.1|A/cattle/Texas/24-008749-002/2024(H5N1)	525	16456
M2|PP755582.1|A/cattle/Texas/24-008749-002/2024(H5N1)	526	16444
M2|PP755582.1|A/cattle/Texas/24-008749-002/2024(H5N1)	527	16424
M2|PP755582.1|A/cattle/Texas/24-008749-002/2024(H5N1)	528	16433
M2|PP755582.1|A/cattle/Texas/24-008749-002/2024(H5N1)	529	16434
M2|PP755582.1|A/cattle/Texas/24-008749-002/2024(H5N1)	530	16269
M2|PP755582.1|A/cattle/Texas/24-008749-002/2024(H5N1)	531	16294
M2|PP755582.1|A/cattle/Texas/24-008749-002/2024(H5N1)	532	16111
M2|PP755582.1|A/cattle/Texas/24-008749-002/2024(H5N1)	533	16191
M2|PP755582.1|A/cattle/Texas/24-008749-002/2024(H5N1)	534	16200
M2|PP755582.1|A/cattle/Texas/24-008749-002/2024(H5N1)	535	16127
M2|PP755582.1|A/cattle/Texas/24-008749-002/2024(H5N1)	536	16126
M2|PP755582.1|A/cattle/Texas/24-008749-002/2024(H5N1)	537	16096
M2|PP755582.1|A/cattle/Texas/24-008749-002/2024(H5N1)	538	16437
M2|PP755582.1|A/cattle/Texas/24-008749-002/2024(H5N1)	539	16460
M2|PP755582.1|A/cattle/Texas/24-008749-002/2024(H5N1)	540	16385
M2|PP755582.1|A/cattle/Texas/24-008749-002/2024(H5N1)	541	16388
M2|PP755582.1|A/cattle/Texas/24-008749-002/2024(H5N1)	542	16328
M2|PP755582.1|A/cattle/Texas/24-008749-002/2024(H5N1)	543	16535
M2|PP755582.1|A/cattle/Texas/24-008749-002/2024(H5N1)	544	16534
M2|PP755582.1|A/cattle/Texas/24-008749-002/2024(H5N1)	545	16508
M2|PP755582.1|A/cattle/Texas/24-008749-002/2024(H5N1)	546	16583
M2|PP755582.1|A/cattle/Texas/24-008749-002/2024(H5N1)	547	16244
M2|PP755582.1|A/cattle/Texas/24-008749-002/2024(H5N1)	548	17505
M2|PP755582.1|A/cattle/Texas/24-008749-002/2024(H5N1)	549	17595
M2|PP755582.1|A/cattle/Texas/24-008749-002/2024(H5N1)	550	17613
M2|PP755582.1|A/cattle/Texas/24-008749-002/2024(H5N1)	551	17707
M2|PP755582.1|A/cattle/Texas/24-008749-002/2024(H5N1)	552	17421
M2|PP755582.1|A/cattle/Texas/24-008749-002/2024(H5N1)	553	17435
M2|PP755582.1|A/cattle/Texas/24-008749-002/2024(H5N1)	554	17494
M2|PP755582.1|A/cattle/Texas/24-008749-002/2024(H5N1)	555	17693
M2|PP755582.1|A/cattle/Texas/24-008749-002/2024(H5N1)	556	17901
M2|PP755582.1|A/cattle/Texas/24-008749-002/2024(H5N1)	557	16659
M2|PP755582.1|A/cattle/Texas/24-008749-002/2024(H5N1)	558	16575
M2|PP755582.1|A/cattle/Texas/24-008749-002/2024(H5N1)	559	16542
M2|PP755582.1|A/cattle/Texas/24-008749-002/2024(H5N1)	560	16665
M2|PP755582.1|A/cattle/Texas/24-008749-002/2024(H5N1)	561	16876
M2|PP755582.1|A/cattle/Texas/24-008749-002/2024(H5N1)	562	17065
M2|PP755582.1|A/cattle/Texas/24-008749-002/2024(H5N1)	563	17215
M2|PP755582.1|A/cattle/Texas/24-008749-002/2024(H5N1)	564	16725
M2|PP755582.1|A/cattle/Texas/24-008749-002/2024(H5N1)	565	16725
M2|PP755582.1|A/cattle/Texas/24-008749-002/2024(H5N1)	566	16745
M2|PP755582.1|A/cattle/Texas/24-008749-002/2024(H5N1)	567	16743
M2|PP755582.1|A/cattle/Texas/24-008749-002/2024(H5N1)	568	16859
M2|PP755582.1|A/cattle/Texas/24-008749-002/2024(H5N1)	569	16595
M2|PP755582.1|A/cattle/Texas/24-008749-002/2024(H5N1)	570	16583
M2|PP755582.1|A/cattle/Texas/24-008749-002/2024(H5N1)	571	16502
M2|PP755582.1|A/cattle/Texas/24-008749-002/2024(H5N1)	572	16267
M2|PP755582.1|A/cattle/Texas/24-008749-002/2024(H5N1)	573	16288
M2|PP755582.1|A/cattle/Texas/24-008749-002/2024(H5N1)	574	16215
M2|PP755582.1|A/cattle/Texas/24-008749-002/2024(H5N1)	575	16586
M2|PP755582.1|A/cattle/Texas/24-008749-002/2024(H5N1)	576	16591
M2|PP755582.1|A/cattle/Texas/24-008749-002/2024(H5N1)	577	16487
M2|PP755582.1|A/cattle/Texas/24-008749-002/2024(H5N1)	578	16471
M2|PP755582.1|A/cattle/Texas/24-008749-002/2024(H5N1)	579	16384
M2|PP755582.1|A/cattle/Texas/24-008749-002/2024(H5N1)	580	16410
M2|PP755582.1|A/cattle/Texas/24-008749-002/2024(H5N1)	581	16495
M2|PP755582.1|A/cattle/Texas/24-008749-002/2024(H5N1)	582	16499
M2|PP755582.1|A/cattle/Texas/24-008749-002/2024(H5N1)	583	16450
M2|PP755582.1|A/cattle/Texas/24-008749-002/2024(H5N1)	584	16040
M2|PP755582.1|A/cattle/Texas/24-008749-002/2024(H5N1)	585	16046
M2|PP755582.1|A/cattle/Texas/24-008749-002/2024(H5N1)	586	16050
M2|PP755582.1|A/cattle/Texas/24-008749-002/2024(H5N1)	587	16064
M2|PP755582.1|A/cattle/Texas/24-008749-002/2024(H5N1)	588	16088
M2|PP755582.1|A/cattle/Texas/24-008749-002/2024(H5N1)	589	16112
M2|PP755582.1|A/cattle/Texas/24-008749-002/2024(H5N1)	590	16167
M2|PP755582.1|A/cattle/Texas/24-008749-002/2024(H5N1)	591	16169
M2|PP755582.1|A/cattle/Texas/24-008749-002/2024(H5N1)	592	16163
M2|PP755582.1|A/cattle/Texas/24-008749-002/2024(H5N1)	593	16175
M2|PP755582.1|A/cattle/Texas/24-008749-002/2024(H5N1)	594	16143
M2|PP755582.1|A/cattle/Texas/24-008749-002/2024(H5N1)	595	16164
M2|PP755582.1|A/cattle/Texas/24-008749-002/2024(H5N1)	596	16241
M2|PP755582.1|A/cattle/Texas/24-008749-002/2024(H5N1)	597	16202
M2|PP755582.1|A/cattle/Texas/24-008749-002/2024(H5N1)	598	16735
M2|PP755582.1|A/cattle/Texas/24-008749-002/2024(H5N1)	599	16617
M2|PP755582.1|A/cattle/Texas/24-008749-002/2024(H5N1)	600	16605
M2|PP755582.1|A/cattle/Texas/24-008749-002/2024(H5N1)	601	16616
M2|PP755582.1|A/cattle/Texas/24-008749-002/2024(H5N1)	602	16536
M2|PP755582.1|A/cattle/Texas/24-008749-002/2024(H5N1)	603	16526
M2|PP755582.1|A/cattle/Texas/24-008749-002/2024(H5N1)	604	16686
M2|PP755582.1|A/cattle/Texas/24-008749-002/2024(H5N1)	605	16906
M2|PP755582.1|A/cattle/Texas/24-008749-002/2024(H5N1)	606	16910
M2|PP755582.1|A/cattle/Texas/24-008749-002/2024(H5N1)	607	16440
M2|PP755582.1|A/cattle/Texas/24-008749-002/2024(H5N1)	608	16488
M2|PP755582.1|A/cattle/Texas/24-008749-002/2024(H5N1)	609	16496
M2|PP755582.1|A/cattle/Texas/24-008749-002/2024(H5N1)	610	16598
M2|PP755582.1|A/cattle/Texas/24-008749-002/2024(H5N1)	611	16556
M2|PP755582.1|A/cattle/Texas/24-008749-002/2024(H5N1)	612	16624
M2|PP755582.1|A/cattle/Texas/24-008749-002/2024(H5N1)	613	16365
M2|PP755582.1|A/cattle/Texas/24-008749-002/2024(H5N1)	614	16230
M2|PP755582.1|A/cattle/Texas/24-008749-002/2024(H5N1)	615	16204
M2|PP755582.1|A/cattle/Texas/24-008749-002/2024(H5N1)	616	16206
M2|PP755582.1|A/cattle/Texas/24-008749-002/2024(H5N1)	617	16217
M2|PP755582.1|A/cattle/Texas/24-008749-002/2024(H5N1)	618	16218
M2|PP755582.1|A/cattle/Texas/24-008749-002/2024(H5N1)	619	16398
M2|PP755582.1|A/cattle/Texas/24-008749-002/2024(H5N1)	620	16403
M2|PP755582.1|A/cattle/Texas/24-008749-002/2024(H5N1)	621	16390
M2|PP755582.1|A/cattle/Texas/24-008749-002/2024(H5N1)	622	16353
M2|PP755582.1|A/cattle/Texas/24-008749-002/2024(H5N1)	623	16318
M2|PP755582.1|A/cattle/Texas/24-008749-002/2024(H5N1)	624	16969
M2|PP755582.1|A/cattle/Texas/24-008749-002/2024(H5N1)	625	17001
M2|PP755582.1|A/cattle/Texas/24-008749-002/2024(H5N1)	626	16949
M2|PP755582.1|A/cattle/Texas/24-008749-002/2024(H5N1)	627	16951
M2|PP755582.1|A/cattle/Texas/24-008749-002/2024(H5N1)	628	16785
M2|PP755582.1|A/cattle/Texas/24-008749-002/2024(H5N1)	629	17000
M2|PP755582.1|A/cattle/Texas/24-008749-002/2024(H5N1)	630	17010
M2|PP755582.1|A/cattle/Texas/24-008749-002/2024(H5N1)	631	16978
M2|PP755582.1|A/cattle/Texas/24-008749-002/2024(H5N1)	632	16435
M2|PP755582.1|A/cattle/Texas/24-008749-002/2024(H5N1)	633	16337
M2|PP755582.1|A/cattle/Texas/24-008749-002/2024(H5N1)	634	16294
M2|PP755582.1|A/cattle/Texas/24-008749-002/2024(H5N1)	635	16330
M2|PP755582.1|A/cattle/Texas/24-008749-002/2024(H5N1)	636	16354
M2|PP755582.1|A/cattle/Texas/24-008749-002/2024(H5N1)	637	16828
M2|PP755582.1|A/cattle/Texas/24-008749-002/2024(H5N1)	638	16611
M2|PP755582.1|A/cattle/Texas/24-008749-002/2024(H5N1)	639	16522
M2|PP755582.1|A/cattle/Texas/24-008749-002/2024(H5N1)	640	16495
M2|PP755582.1|A/cattle/Texas/24-008749-002/2024(H5N1)	641	16459
M2|PP755582.1|A/cattle/Texas/24-008749-002/2024(H5N1)	642	16540
M2|PP755582.1|A/cattle/Texas/24-008749-002/2024(H5N1)	643	16582
M2|PP755582.1|A/cattle/Texas/24-008749-002/2024(H5N1)	644	16588
M2|PP755582.1|A/cattle/Texas/24-008749-002/2024(H5N1)	645	16624
M2|PP755582.1|A/cattle/Texas/24-008749-002/2024(H5N1)	646	16513
M2|PP755582.1|A/cattle/Texas/24-008749-002/2024(H5N1)	647	16432
M2|PP755582.1|A/cattle/Texas/24-008749-002/2024(H5N1)	648	16447
M2|PP755582.1|A/cattle/Texas/24-008749-002/2024(H5N1)	649	16543
M2|PP755582.1|A/cattle/Texas/24-008749-002/2024(H5N1)	650	16654
M2|PP755582.1|A/cattle/Texas/24-008749-002/2024(H5N1)	651	16650
M2|PP755582.1|A/cattle/Texas/24-008749-002/2024(H5N1)	652	16537
M2|PP755582.1|A/cattle/Texas/24-008749-002/2024(H5N1)	653	16939
M2|PP755582.1|A/cattle/Texas/24-008749-002/2024(H5N1)	654	16989
M2|PP755582.1|A/cattle/Texas/24-008749-002/2024(H5N1)	655	16932
M2|PP755582.1|A/cattle/Texas/24-008749-002/2024(H5N1)	656	17143
M2|PP755582.1|A/cattle/Texas/24-008749-002/2024(H5N1)	657	17111
M2|PP755582.1|A/cattle/Texas/24-008749-002/2024(H5N1)	658	17115
M2|PP755582.1|A/cattle/Texas/24-008749-002/2024(H5N1)	659	17131
M2|PP755582.1|A/cattle/Texas/24-008749-002/2024(H5N1)	660	17107
M2|PP755582.1|A/cattle/Texas/24-008749-002/2024(H5N1)	661	17157
M2|PP755582.1|A/cattle/Texas/24-008749-002/2024(H5N1)	662	17044
M2|PP755582.1|A/cattle/Texas/24-008749-002/2024(H5N1)	663	16769
M2|PP755582.1|A/cattle/Texas/24-008749-002/2024(H5N1)	664	16966
M2|PP755582.1|A/cattle/Texas/24-008749-002/2024(H5N1)	665	16886
M2|PP755582.1|A/cattle/Texas/24-008749-002/2024(H5N1)	666	17403
M2|PP755582.1|A/cattle/Texas/24-008749-002/2024(H5N1)	667	17389
M2|PP755582.1|A/cattle/Texas/24-008749-002/2024(H5N1)	668	17290
M2|PP755582.1|A/cattle/Texas/24-008749-002/2024(H5N1)	669	17327
M2|PP755582.1|A/cattle/Texas/24-008749-002/2024(H5N1)	670	17345
M2|PP755582.1|A/cattle/Texas/24-008749-002/2024(H5N1)	671	17365
M2|PP755582.1|A/cattle/Texas/24-008749-002/2024(H5N1)	672	19168
M2|PP755582.1|A/cattle/Texas/24-008749-002/2024(H5N1)	673	19022
M2|PP755582.1|A/cattle/Texas/24-008749-002/2024(H5N1)	674	19047
M2|PP755582.1|A/cattle/Texas/24-008749-002/2024(H5N1)	675	18734
M2|PP755582.1|A/cattle/Texas/24-008749-002/2024(H5N1)	676	18719
M2|PP755582.1|A/cattle/Texas/24-008749-002/2024(H5N1)	677	19113
M2|PP755582.1|A/cattle/Texas/24-008749-002/2024(H5N1)	678	19079
M2|PP755582.1|A/cattle/Texas/24-008749-002/2024(H5N1)	679	19035
M2|PP755582.1|A/cattle/Texas/24-008749-002/2024(H5N1)	680	19040
M2|PP755582.1|A/cattle/Texas/24-008749-002/2024(H5N1)	681	17789
M2|PP755582.1|A/cattle/Texas/24-008749-002/2024(H5N1)	682	17978
M2|PP755582.1|A/cattle/Texas/24-008749-002/2024(H5N1)	683	18148
M2|PP755582.1|A/cattle/Texas/24-008749-002/2024(H5N1)	684	18055
M2|PP755582.1|A/cattle/Texas/24-008749-002/2024(H5N1)	685	18057
M2|PP755582.1|A/cattle/Texas/24-008749-002/2024(H5N1)	686	17793
M2|PP755582.1|A/cattle/Texas/24-008749-002/2024(H5N1)	687	17889
M2|PP755582.1|A/cattle/Texas/24-008749-002/2024(H5N1)	688	17884
M2|PP755582.1|A/cattle/Texas/24-008749-002/2024(H5N1)	689	18213
M2|PP755582.1|A/cattle/Texas/24-008749-002/2024(H5N1)	690	18168
M2|PP755582.1|A/cattle/Texas/24-008749-002/2024(H5N1)	691	18188
M2|PP755582.1|A/cattle/Texas/24-008749-002/2024(H5N1)	692	18290
M2|PP755582.1|A/cattle/Texas/24-008749-002/2024(H5N1)	693	18321
M2|PP755582.1|A/cattle/Texas/24-008749-002/2024(H5N1)	694	18317
M2|PP755582.1|A/cattle/Texas/24-008749-002/2024(H5N1)	695	18388
M2|PP755582.1|A/cattle/Texas/24-008749-002/2024(H5N1)	696	18331
M2|PP755582.1|A/cattle/Texas/24-008749-002/2024(H5N1)	697	18341
M2|PP755582.1|A/cattle/Texas/24-008749-002/2024(H5N1)	698	18092
M2|PP755582.1|A/cattle/Texas/24-008749-002/2024(H5N1)	699	18278
M2|PP755582.1|A/cattle/Texas/24-008749-002/2024(H5N1)	700	18189
M2|PP755582.1|A/cattle/Texas/24-008749-002/2024(H5N1)	701	18180
M2|PP755582.1|A/cattle/Texas/24-008749-002/2024(H5N1)	702	18190
M2|PP755582.1|A/cattle/Texas/24-008749-002/2024(H5N1)	703	18197
M2|PP755582.1|A/cattle/Texas/24-008749-002/2024(H5N1)	704	18211
M2|PP755582.1|A/cattle/Texas/24-008749-002/2024(H5N1)	705	18216
M2|PP755582.1|A/cattle/Texas/24-008749-002/2024(H5N1)	706	18227
M2|PP755582.1|A/cattle/Texas/24-008749-002/2024(H5N1)	707	18241
M2|PP755582.1|A/cattle/Texas/24-008749-002/2024(H5N1)	708	18164
M2|PP755582.1|A/cattle/Texas/24-008749-002/2024(H5N1)	709	18227
M2|PP755582.1|A/cattle/Texas/24-008749-002/2024(H5N1)	710	18223
M2|PP755582.1|A/cattle/Texas/24-008749-002/2024(H5N1)	711	18223
M2|PP755582.1|A/cattle/Texas/24-008749-002/2024(H5N1)	712	18223
M2|PP755582.1|A/cattle/Texas/24-008749-002/2024(H5N1)	713	18222
M2|PP755582.1|A/cattle/Texas/24-008749-002/2024(H5N1)	714	18369
M2|PP755582.1|A/cattle/Texas/24-008749-002/2024(H5N1)	715	18387
M2|PP755582.1|A/cattle/Texas/24-008749-002/2024(H5N1)	716	18384
M2|PP755582.1|A/cattle/Texas/24-008749-002/2024(H5N1)	717	18341
M2|PP755582.1|A/cattle/Texas/24-008749-002/2024(H5N1)	718	18317
M2|PP755582.1|A/cattle/Texas/24-008749-002/2024(H5N1)	719	18872
M2|PP755582.1|A/cattle/Texas/24-008749-002/2024(H5N1)	720	18895
M2|PP755582.1|A/cattle/Texas/24-008749-002/2024(H5N1)	721	18910
M2|PP755582.1|A/cattle/Texas/24-008749-002/2024(H5N1)	722	18887
M2|PP755582.1|A/cattle/Texas/24-008749-002/2024(H5N1)	723	18769
M2|PP755582.1|A/cattle/Texas/24-008749-002/2024(H5N1)	724	19005
M2|PP755582.1|A/cattle/Texas/24-008749-002/2024(H5N1)	725	18967
M2|PP755582.1|A/cattle/Texas/24-008749-002/2024(H5N1)	726	19149
M2|PP755582.1|A/cattle/Texas/24-008749-002/2024(H5N1)	727	19179
M2|PP755582.1|A/cattle/Texas/24-008749-002/2024(H5N1)	728	18972
M2|PP755582.1|A/cattle/Texas/24-008749-002/2024(H5N1)	729	18981
M2|PP755582.1|A/cattle/Texas/24-008749-002/2024(H5N1)	730	19040
M2|PP755582.1|A/cattle/Texas/24-008749-002/2024(H5N1)	731	19042
M2|PP755582.1|A/cattle/Texas/24-008749-002/2024(H5N1)	732	19040
M2|PP755582.1|A/cattle/Texas/24-008749-002/2024(H5N1)	733	19058
M2|PP755582.1|A/cattle/Texas/24-008749-002/2024(H5N1)	734	19853
M2|PP755582.1|A/cattle/Texas/24-008749-002/2024(H5N1)	735	19704
M2|PP755582.1|A/cattle/Texas/24-008749-002/2024(H5N1)	736	19979
M2|PP755582.1|A/cattle/Texas/24-008749-002/2024(H5N1)	737	19867
M2|PP755582.1|A/cattle/Texas/24-008749-002/2024(H5N1)	738	19860
M2|PP755582.1|A/cattle/Texas/24-008749-002/2024(H5N1)	739	20284
M2|PP755582.1|A/cattle/Texas/24-008749-002/2024(H5N1)	740	20263
M2|PP755582.1|A/cattle/Texas/24-008749-002/2024(H5N1)	741	20266
M2|PP755582.1|A/cattle/Texas/24-008749-002/2024(H5N1)	742	20287
M2|PP755582.1|A/cattle/Texas/24-008749-002/2024(H5N1)	743	19671
M2|PP755582.1|A/cattle/Texas/24-008749-002/2024(H5N1)	744	19712
M2|PP755582.1|A/cattle/Texas/24-008749-002/2024(H5N1)	745	19488
M2|PP755582.1|A/cattle/Texas/24-008749-002/2024(H5N1)	746	19459
M2|PP755582.1|A/cattle/Texas/24-008749-002/2024(H5N1)	747	19468
M2|PP755582.1|A/cattle/Texas/24-008749-002/2024(H5N1)	748	19277
M2|PP755582.1|A/cattle/Texas/24-008749-002/2024(H5N1)	749	19364
M2|PP755582.1|A/cattle/Texas/24-008749-002/2024(H5N1)	750	19768
M2|PP755582.1|A/cattle/Texas/24-008749-002/2024(H5N1)	751	20039
M2|PP755582.1|A/cattle/Texas/24-008749-002/2024(H5N1)	752	20071
M2|PP755582.1|A/cattle/Texas/24-008749-002/2024(H5N1)	753	20340
M2|PP755582.1|A/cattle/Texas/24-008749-002/2024(H5N1)	754	20407
M2|PP755582.1|A/cattle/Texas/24-008749-002/2024(H5N1)	755	20449
M2|PP755582.1|A/cattle/Texas/24-008749-002/2024(H5N1)	756	20515
M2|PP755582.1|A/cattle/Texas/24-008749-002/2024(H5N1)	757	20456
M2|PP755582.1|A/cattle/Texas/24-008749-002/2024(H5N1)	758	20431
M2|PP755582.1|A/cattle/Texas/24-008749-002/2024(H5N1)	759	20255
M2|PP755582.1|A/cattle/Texas/24-008749-002/2024(H5N1)	760	20245
M2|PP755582.1|A/cattle/Texas/24-008749-002/2024(H5N1)	761	20414
M2|PP755582.1|A/cattle/Texas/24-008749-002/2024(H5N1)	762	20244
M2|PP755582.1|A/cattle/Texas/24-008749-002/2024(H5N1)	763	20370
M2|PP755582.1|A/cattle/Texas/24-008749-002/2024(H5N1)	764	20429
M2|PP755582.1|A/cattle/Texas/24-008749-002/2024(H5N1)	765	20397
M2|PP755582.1|A/cattle/Texas/24-008749-002/2024(H5N1)	766	20612
M2|PP755582.1|A/cattle/Texas/24-008749-002/2024(H5N1)	767	20610
M2|PP755582.1|A/cattle/Texas/24-008749-002/2024(H5N1)	768	20454
M2|PP755582.1|A/cattle/Texas/24-008749-002/2024(H5N1)	769	20449
M2|PP755582.1|A/cattle/Texas/24-008749-002/2024(H5N1)	770	20299
M2|PP755582.1|A/cattle/Texas/24-008749-002/2024(H5N1)	771	20226
M2|PP755582.1|A/cattle/Texas/24-008749-002/2024(H5N1)	772	20041
M2|PP755582.1|A/cattle/Texas/24-008749-002/2024(H5N1)	773	19966
M2|PP755582.1|A/cattle/Texas/24-008749-002/2024(H5N1)	774	19959
M2|PP755582.1|A/cattle/Texas/24-008749-002/2024(H5N1)	775	19740
M2|PP755582.1|A/cattle/Texas/24-008749-002/2024(H5N1)	776	19735
M2|PP755582.1|A/cattle/Texas/24-008749-002/2024(H5N1)	777	19721
M2|PP755582.1|A/cattle/Texas/24-008749-002/2024(H5N1)	778	19746
M2|PP755582.1|A/cattle/Texas/24-008749-002/2024(H5N1)	779	19757
M2|PP755582.1|A/cattle/Texas/24-008749-002/2024(H5N1)	780	20191
M2|PP755582.1|A/cattle/Texas/24-008749-002/2024(H5N1)	781	20194
M2|PP755582.1|A/cattle/Texas/24-008749-002/2024(H5N1)	782	20203
M2|PP755582.1|A/cattle/Texas/24-008749-002/2024(H5N1)	783	20278
M2|PP755582.1|A/cattle/Texas/24-008749-002/2024(H5N1)	784	20552
M2|PP755582.1|A/cattle/Texas/24-008749-002/2024(H5N1)	785	20620
M2|PP755582.1|A/cattle/Texas/24-008749-002/2024(H5N1)	786	20637
M2|PP755582.1|A/cattle/Texas/24-008749-002/2024(H5N1)	787	20594
M2|PP755582.1|A/cattle/Texas/24-008749-002/2024(H5N1)	788	20619
M2|PP755582.1|A/cattle/Texas/24-008749-002/2024(H5N1)	789	20214
M2|PP755582.1|A/cattle/Texas/24-008749-002/2024(H5N1)	790	20223
M2|PP755582.1|A/cattle/Texas/24-008749-002/2024(H5N1)	791	20519
M2|PP755582.1|A/cattle/Texas/24-008749-002/2024(H5N1)	792	20473
M2|PP755582.1|A/cattle/Texas/24-008749-002/2024(H5N1)	793	20113
M2|PP755582.1|A/cattle/Texas/24-008749-002/2024(H5N1)	794	20079
M2|PP755582.1|A/cattle/Texas/24-008749-002/2024(H5N1)	795	20032
M2|PP755582.1|A/cattle/Texas/24-008749-002/2024(H5N1)	796	20324
M2|PP755582.1|A/cattle/Texas/24-008749-002/2024(H5N1)	797	20285
M2|PP755582.1|A/cattle/Texas/24-008749-002/2024(H5N1)	798	20351
M2|PP755582.1|A/cattle/Texas/24-008749-002/2024(H5N1)	799	20117
M2|PP755582.1|A/cattle/Texas/24-008749-002/2024(H5N1)	800	19782
M2|PP755582.1|A/cattle/Texas/24-008749-002/2024(H5N1)	801	19819
M2|PP755582.1|A/cattle/Texas/24-008749-002/2024(H5N1)	802	19816
M2|PP755582.1|A/cattle/Texas/24-008749-002/2024(H5N1)	803	20150
M2|PP755582.1|A/cattle/Texas/24-008749-002/2024(H5N1)	804	20148
M2|PP755582.1|A/cattle/Texas/24-008749-002/2024(H5N1)	805	19894
M2|PP755582.1|A/cattle/Texas/24-008749-002/2024(H5N1)	806	19800
M2|PP755582.1|A/cattle/Texas/24-008749-002/2024(H5N1)	807	19582
M2|PP755582.1|A/cattle/Texas/24-008749-002/2024(H5N1)	808	19765
M2|PP755582.1|A/cattle/Texas/24-008749-002/2024(H5N1)	809	19714
M2|PP755582.1|A/cattle/Texas/24-008749-002/2024(H5N1)	810	19744
M2|PP755582.1|A/cattle/Texas/24-008749-002/2024(H5N1)	811	19686
M2|PP755582.1|A/cattle/Texas/24-008749-002/2024(H5N1)	812	19255
M2|PP755582.1|A/cattle/Texas/24-008749-002/2024(H5N1)	813	19265
M2|PP755582.1|A/cattle/Texas/24-008749-002/2024(H5N1)	814	19117
M2|PP755582.1|A/cattle/Texas/24-008749-002/2024(H5N1)	815	19199
M2|PP755582.1|A/cattle/Texas/24-008749-002/2024(H5N1)	816	19177
M2|PP755582.1|A/cattle/Texas/24-008749-002/2024(H5N1)	817	18970
M2|PP755582.1|A/cattle/Texas/24-008749-002/2024(H5N1)	818	18971
M2|PP755582.1|A/cattle/Texas/24-008749-002/2024(H5N1)	819	18845
M2|PP755582.1|A/cattle/Texas/24-008749-002/2024(H5N1)	820	18841
M2|PP755582.1|A/cattle/Texas/24-008749-002/2024(H5N1)	821	18764
M2|PP755582.1|A/cattle/Texas/24-008749-002/2024(H5N1)	822	18744
M2|PP755582.1|A/cattle/Texas/24-008749-002/2024(H5N1)	823	18862
M2|PP755582.1|A/cattle/Texas/24-008749-002/2024(H5N1)	824	18764
M2|PP755582.1|A/cattle/Texas/24-008749-002/2024(H5N1)	825	18700
M2|PP755582.1|A/cattle/Texas/24-008749-002/2024(H5N1)	826	18704
M2|PP755582.1|A/cattle/Texas/24-008749-002/2024(H5N1)	827	18726
M2|PP755582.1|A/cattle/Texas/24-008749-002/2024(H5N1)	828	18718
M2|PP755582.1|A/cattle/Texas/24-008749-002/2024(H5N1)	829	18833
M2|PP755582.1|A/cattle/Texas/24-008749-002/2024(H5N1)	830	18807
M2|PP755582.1|A/cattle/Texas/24-008749-002/2024(H5N1)	831	18809
M2|PP755582.1|A/cattle/Texas/24-008749-002/2024(H5N1)	832	18710
M2|PP755582.1|A/cattle/Texas/24-008749-002/2024(H5N1)	833	18567
M2|PP755582.1|A/cattle/Texas/24-008749-002/2024(H5N1)	834	18571
M2|PP755582.1|A/cattle/Texas/24-008749-002/2024(H5N1)	835	18569
M2|PP755582.1|A/cattle/Texas/24-008749-002/2024(H5N1)	836	18556
M2|PP755582.1|A/cattle/Texas/24-008749-002/2024(H5N1)	837	18627
M2|PP755582.1|A/cattle/Texas/24-008749-002/2024(H5N1)	838	18546
M2|PP755582.1|A/cattle/Texas/24-008749-002/2024(H5N1)	839	18573
M2|PP755582.1|A/cattle/Texas/24-008749-002/2024(H5N1)	840	18561
M2|PP755582.1|A/cattle/Texas/24-008749-002/2024(H5N1)	841	18526
M2|PP755582.1|A/cattle/Texas/24-008749-002/2024(H5N1)	842	18529
M2|PP755582.1|A/cattle/Texas/24-008749-002/2024(H5N1)	843	18527
M2|PP755582.1|A/cattle/Texas/24-008749-002/2024(H5N1)	844	18533
M2|PP755582.1|A/cattle/Texas/24-008749-002/2024(H5N1)	845	18448
M2|PP755582.1|A/cattle/Texas/24-008749-002/2024(H5N1)	846	18293
M2|PP755582.1|A/cattle/Texas/24-008749-002/2024(H5N1)	847	18019
M2|PP755582.1|A/cattle/Texas/24-008749-002/2024(H5N1)	848	17837
M2|PP755582.1|A/cattle/Texas/24-008749-002/2024(H5N1)	849	17881
M2|PP755582.1|A/cattle/Texas/24-008749-002/2024(H5N1)	850	18145
M2|PP755582.1|A/cattle/Texas/24-008749-002/2024(H5N1)	851	18148
M2|PP755582.1|A/cattle/Texas/24-008749-002/2024(H5N1)	852	18111
M2|PP755582.1|A/cattle/Texas/24-008749-002/2024(H5N1)	853	18141
M2|PP755582.1|A/cattle/Texas/24-008749-002/2024(H5N1)	854	18162
M2|PP755582.1|A/cattle/Texas/24-008749-002/2024(H5N1)	855	18109
M2|PP755582.1|A/cattle/Texas/24-008749-002/2024(H5N1)	856	18021
M2|PP755582.1|A/cattle/Texas/24-008749-002/2024(H5N1)	857	18012
M2|PP755582.1|A/cattle/Texas/24-008749-002/2024(H5N1)	858	17822
M2|PP755582.1|A/cattle/Texas/24-008749-002/2024(H5N1)	859	17429
M2|PP755582.1|A/cattle/Texas/24-008749-002/2024(H5N1)	860	17211
M2|PP755582.1|A/cattle/Texas/24-008749-002/2024(H5N1)	861	17444
M2|PP755582.1|A/cattle/Texas/24-008749-002/2024(H5N1)	862	17311
M2|PP755582.1|A/cattle/Texas/24-008749-002/2024(H5N1)	863	17229
M2|PP755582.1|A/cattle/Texas/24-008749-002/2024(H5N1)	864	17216
M2|PP755582.1|A/cattle/Texas/24-008749-002/2024(H5N1)	865	17176
M2|PP755582.1|A/cattle/Texas/24-008749-002/2024(H5N1)	866	17182
M2|PP755582.1|A/cattle/Texas/24-008749-002/2024(H5N1)	867	17214
M2|PP755582.1|A/cattle/Texas/24-008749-002/2024(H5N1)	868	17143
M2|PP755582.1|A/cattle/Texas/24-008749-002/2024(H5N1)	869	17126
M2|PP755582.1|A/cattle/Texas/24-008749-002/2024(H5N1)	870	16921
M2|PP755582.1|A/cattle/Texas/24-008749-002/2024(H5N1)	871	16431
M2|PP755582.1|A/cattle/Texas/24-008749-002/2024(H5N1)	872	16436
M2|PP755582.1|A/cattle/Texas/24-008749-002/2024(H5N1)	873	16443
M2|PP755582.1|A/cattle/Texas/24-008749-002/2024(H5N1)	874	16512
M2|PP755582.1|A/cattle/Texas/24-008749-002/2024(H5N1)	875	16332
M2|PP755582.1|A/cattle/Texas/24-008749-002/2024(H5N1)	876	16314
M2|PP755582.1|A/cattle/Texas/24-008749-002/2024(H5N1)	877	16276
M2|PP755582.1|A/cattle/Texas/24-008749-002/2024(H5N1)	878	16218
M2|PP755582.1|A/cattle/Texas/24-008749-002/2024(H5N1)	879	16162
M2|PP755582.1|A/cattle/Texas/24-008749-002/2024(H5N1)	880	16139
M2|PP755582.1|A/cattle/Texas/24-008749-002/2024(H5N1)	881	16144
M2|PP755582.1|A/cattle/Texas/24-008749-002/2024(H5N1)	882	16112
M2|PP755582.1|A/cattle/Texas/24-008749-002/2024(H5N1)	883	15693
M2|PP755582.1|A/cattle/Texas/24-008749-002/2024(H5N1)	884	15696
M2|PP755582.1|A/cattle/Texas/24-008749-002/2024(H5N1)	885	15531
M2|PP755582.1|A/cattle/Texas/24-008749-002/2024(H5N1)	886	15520
M2|PP755582.1|A/cattle/Texas/24-008749-002/2024(H5N1)	887	15455
M2|PP755582.1|A/cattle/Texas/24-008749-002/2024(H5N1)	888	15446
M2|PP755582.1|A/cattle/Texas/24-008749-002/2024(H5N1)	889	15321
M2|PP755582.1|A/cattle/Texas/24-008749-002/2024(H5N1)	890	15409
M2|PP755582.1|A/cattle/Texas/24-008749-002/2024(H5N1)	891	15348
M2|PP755582.1|A/cattle/Texas/24-008749-002/2024(H5N1)	892	15397
M2|PP755582.1|A/cattle/Texas/24-008749-002/2024(H5N1)	893	15346
M2|PP755582.1|A/cattle/Texas/24-008749-002/2024(H5N1)	894	15258
M2|PP755582.1|A/cattle/Texas/24-008749-002/2024(H5N1)	895	15106
M2|PP755582.1|A/cattle/Texas/24-008749-002/2024(H5N1)	896	15067
M2|PP755582.1|A/cattle/Texas/24-008749-002/2024(H5N1)	897	14010
M2|PP755582.1|A/cattle/Texas/24-008749-002/2024(H5N1)	898	14100
M2|PP755582.1|A/cattle/Texas/24-008749-002/2024(H5N1)	899	13546
M2|PP755582.1|A/cattle/Texas/24-008749-002/2024(H5N1)	900	13516
M2|PP755582.1|A/cattle/Texas/24-008749-002/2024(H5N1)	901	13290
M2|PP755582.1|A/cattle/Texas/24-008749-002/2024(H5N1)	902	13138
M2|PP755582.1|A/cattle/Texas/24-008749-002/2024(H5N1)	903	13148
M2|PP755582.1|A/cattle/Texas/24-008749-002/2024(H5N1)	904	13060
M2|PP755582.1|A/cattle/Texas/24-008749-002/2024(H5N1)	905	12941
M2|PP755582.1|A/cattle/Texas/24-008749-002/2024(H5N1)	906	12961
M2|PP755582.1|A/cattle/Texas/24-008749-002/2024(H5N1)	907	12530
M2|PP755582.1|A/cattle/Texas/24-008749-002/2024(H5N1)	908	12566
M2|PP755582.1|A/cattle/Texas/24-008749-002/2024(H5N1)	909	12554
M2|PP755582.1|A/cattle/Texas/24-008749-002/2024(H5N1)	910	12349
M2|PP755582.1|A/cattle/Texas/24-008749-002/2024(H5N1)	911	12351
M2|PP755582.1|A/cattle/Texas/24-008749-002/2024(H5N1)	912	12263
M2|PP755582.1|A/cattle/Texas/24-008749-002/2024(H5N1)	913	12275
M2|PP755582.1|A/cattle/Texas/24-008749-002/2024(H5N1)	914	12145
M2|PP755582.1|A/cattle/Texas/24-008749-002/2024(H5N1)	915	11917
M2|PP755582.1|A/cattle/Texas/24-008749-002/2024(H5N1)	916	11799
M2|PP755582.1|A/cattle/Texas/24-008749-002/2024(H5N1)	917	11613
M2|PP755582.1|A/cattle/Texas/24-008749-002/2024(H5N1)	918	11640
M2|PP755582.1|A/cattle/Texas/24-008749-002/2024(H5N1)	919	11634
M2|PP755582.1|A/cattle/Texas/24-008749-002/2024(H5N1)	920	11445
M2|PP755582.1|A/cattle/Texas/24-008749-002/2024(H5N1)	921	11401
M2|PP755582.1|A/cattle/Texas/24-008749-002/2024(H5N1)	922	11181
M2|PP755582.1|A/cattle/Texas/24-008749-002/2024(H5N1)	923	10878
M2|PP755582.1|A/cattle/Texas/24-008749-002/2024(H5N1)	924	10864
M2|PP755582.1|A/cattle/Texas/24-008749-002/2024(H5N1)	925	10850
M2|PP755582.1|A/cattle/Texas/24-008749-002/2024(H5N1)	926	10864
M2|PP755582.1|A/cattle/Texas/24-008749-002/2024(H5N1)	927	10686
M2|PP755582.1|A/cattle/Texas/24-008749-002/2024(H5N1)	928	10659
M2|PP755582.1|A/cattle/Texas/24-008749-002/2024(H5N1)	929	10655
M2|PP755582.1|A/cattle/Texas/24-008749-002/2024(H5N1)	930	10629
M2|PP755582.1|A/cattle/Texas/24-008749-002/2024(H5N1)	931	10625
M2|PP755582.1|A/cattle/Texas/24-008749-002/2024(H5N1)	932	9711
M2|PP755582.1|A/cattle/Texas/24-008749-002/2024(H5N1)	933	9721
M2|PP755582.1|A/cattle/Texas/24-008749-002/2024(H5N1)	934	9651
M2|PP755582.1|A/cattle/Texas/24-008749-002/2024(H5N1)	935	9376
M2|PP755582.1|A/cattle/Texas/24-008749-002/2024(H5N1)	936	9325
M2|PP755582.1|A/cattle/Texas/24-008749-002/2024(H5N1)	937	8840
M2|PP755582.1|A/cattle/Texas/24-008749-002/2024(H5N1)	938	8840
M2|PP755582.1|A/cattle/Texas/24-008749-002/2024(H5N1)	939	8816
M2|PP755582.1|A/cattle/Texas/24-008749-002/2024(H5N1)	940	8770
M2|PP755582.1|A/cattle/Texas/24-008749-002/2024(H5N1)	941	8766
M2|PP755582.1|A/cattle/Texas/24-008749-002/2024(H5N1)	942	7866
M2|PP755582.1|A/cattle/Texas/24-008749-002/2024(H5N1)	943	7848
M2|PP755582.1|A/cattle/Texas/24-008749-002/2024(H5N1)	944	7551
M2|PP755582.1|A/cattle/Texas/24-008749-002/2024(H5N1)	945	7308
M2|PP755582.1|A/cattle/Texas/24-008749-002/2024(H5N1)	946	7274
M2|PP755582.1|A/cattle/Texas/24-008749-002/2024(H5N1)	947	7266
M2|PP755582.1|A/cattle/Texas/24-008749-002/2024(H5N1)	948	7222
M2|PP755582.1|A/cattle/Texas/24-008749-002/2024(H5N1)	949	7192
M2|PP755582.1|A/cattle/Texas/24-008749-002/2024(H5N1)	950	6907
M2|PP755582.1|A/cattle/Texas/24-008749-002/2024(H5N1)	951	6900
M2|PP755582.1|A/cattle/Texas/24-008749-002/2024(H5N1)	952	6849
M2|PP755582.1|A/cattle/Texas/24-008749-002/2024(H5N1)	953	6797
M2|PP755582.1|A/cattle/Texas/24-008749-002/2024(H5N1)	954	6793
M2|PP755582.1|A/cattle/Texas/24-008749-002/2024(H5N1)	955	6728
M2|PP755582.1|A/cattle/Texas/24-008749-002/2024(H5N1)	956	6696
M2|PP755582.1|A/cattle/Texas/24-008749-002/2024(H5N1)	957	6683
M2|PP755582.1|A/cattle/Texas/24-008749-002/2024(H5N1)	958	6666
M2|PP755582.1|A/cattle/Texas/24-008749-002/2024(H5N1)	959	6659
M2|PP755582.1|A/cattle/Texas/24-008749-002/2024(H5N1)	960	6622
M2|PP755582.1|A/cattle/Texas/24-008749-002/2024(H5N1)	961	6585
M2|PP755582.1|A/cattle/Texas/24-008749-002/2024(H5N1)	962	6575
M2|PP755582.1|A/cattle/Texas/24-008749-002/2024(H5N1)	963	6508
M2|PP755582.1|A/cattle/Texas/24-008749-002/2024(H5N1)	964	6497
M2|PP755582.1|A/cattle/Texas/24-008749-002/2024(H5N1)	965	6463
M2|PP755582.1|A/cattle/Texas/24-008749-002/2024(H5N1)	966	6460
M2|PP755582.1|A/cattle/Texas/24-008749-002/2024(H5N1)	967	6445
M2|PP755582.1|A/cattle/Texas/24-008749-002/2024(H5N1)	968	6427
M2|PP755582.1|A/cattle/Texas/24-008749-002/2024(H5N1)	969	6427
M2|PP755582.1|A/cattle/Texas/24-008749-002/2024(H5N1)	970	6140
M2|PP755582.1|A/cattle/Texas/24-008749-002/2024(H5N1)	971	6127
M2|PP755582.1|A/cattle/Texas/24-008749-002/2024(H5N1)	972	6041
M2|PP755582.1|A/cattle/Texas/24-008749-002/2024(H5N1)	973	6034
M2|PP755582.1|A/cattle/Texas/24-008749-002/2024(H5N1)	974	6011
M2|PP755582.1|A/cattle/Texas/24-008749-002/2024(H5N1)	975	4721
M2|PP755582.1|A/cattle/Texas/24-008749-002/2024(H5N1)	976	4672
M2|PP755582.1|A/cattle/Texas/24-008749-002/2024(H5N1)	977	4668
M2|PP755582.1|A/cattle/Texas/24-008749-002/2024(H5N1)	978	4645
M2|PP755582.1|A/cattle/Texas/24-008749-002/2024(H5N1)	979	4634
M2|PP755582.1|A/cattle/Texas/24-008749-002/2024(H5N1)	980	4131
M2|PP755582.1|A/cattle/Texas/24-008749-002/2024(H5N1)	981	4110
M2|PP755582.1|A/cattle/Texas/24-008749-002/2024(H5N1)	982	4107
M2|PP755582.1|A/cattle/Texas/24-008749-002/2024(H5N1)	983	8
M2|PP755582.1|A/cattle/Texas/24-008749-002/2024(H5N1)	984	0
M2|PP755582.1|A/cattle/Texas/24-008749-002/2024(H5N1)	985	0
M2|PP755582.1|A/cattle/Texas/24-008749-002/2024(H5N1)	986	0
M2|PP755582.1|A/cattle/Texas/24-008749-002/2024(H5N1)	987	0
M2|PP755582.1|A/cattle/Texas/24-008749-002/2024(H5N1)	988	0
M2|PP755582.1|A/cattle/Texas/24-008749-002/2024(H5N1)	989	0
M2|PP755582.1|A/cattle/Texas/24-008749-002/2024(H5N1)	990	0
M2|PP755582.1|A/cattle/Texas/24-008749-002/2024(H5N1)	991	0
M2|PP755582.1|A/cattle/Texas/24-008749-002/2024(H5N1)	992	0
M2|PP755582.1|A/cattle/Texas/24-008749-002/2024(H5N1)	993	0
M2|PP755582.1|A/cattle/Texas/24-008749-002/2024(H5N1)	994	0
M2|PP755582.1|A/cattle/Texas/24-008749-002/2024(H5N1)	995	0
M2|PP755582.1|A/cattle/Texas/24-008749-002/2024(H5N1)	996	0
M2|PP755582.1|A/cattle/Texas/24-008749-002/2024(H5N1)	997	0
M2|PP755582.1|A/cattle/Texas/24-008749-002/2024(H5N1)	998	0
M2|PP755582.1|A/cattle/Texas/24-008749-002/2024(H5N1)	999	0
M2|PP755582.1|A/cattle/Texas/24-008749-002/2024(H5N1)	1000	0
M2|PP755582.1|A/cattle/Texas/24-008749-002/2024(H5N1)	1001	0
M2|PP755582.1|A/cattle/Texas/24-008749-002/2024(H5N1)	1002	0
M2|PP755582.1|A/cattle/Texas/24-008749-002/2024(H5N1)	1003	0
M2|PP755582.1|A/cattle/Texas/24-008749-002/2024(H5N1)	1004	0
M2|PP755582.1|A/cattle/Texas/24-008749-002/2024(H5N1)	1005	0
M2|PP755582.1|A/cattle/Texas/24-008749-002/2024(H5N1)	1006	0
M2|PP755582.1|A/cattle/Texas/24-008749-002/2024(H5N1)	1007	0
M2|PP755582.1|A/cattle/Texas/24-008749-002/2024(H5N1)	1008	0
M2|PP755582.1|A/cattle/Texas/24-008749-002/2024(H5N1)	1009	0
M2|PP755582.1|A/cattle/Texas/24-008749-002/2024(H5N1)	1010	0
M2|PP755582.1|A/cattle/Texas/24-008749-002/2024(H5N1)	1011	0
M2|PP755582.1|A/cattle/Texas/24-008749-002/2024(H5N1)	1012	0
M2|PP755582.1|A/cattle/Texas/24-008749-002/2024(H5N1)	1013	0
M2|PP755582.1|A/cattle/Texas/24-008749-002/2024(H5N1)	1014	0
M2|PP755582.1|A/cattle/Texas/24-008749-002/2024(H5N1)	1015	0
M2|PP755582.1|A/cattle/Texas/24-008749-002/2024(H5N1)	1016	0
M2|PP755582.1|A/cattle/Texas/24-008749-002/2024(H5N1)	1017	0
M2|PP755582.1|A/cattle/Texas/24-008749-002/2024(H5N1)	1018	0
M2|PP755582.1|A/cattle/Texas/24-008749-002/2024(H5N1)	1019	0
M2|PP755582.1|A/cattle/Texas/24-008749-002/2024(H5N1)	1020	0
M2|PP755582.1|A/cattle/Texas/24-008749-002/2024(H5N1)	1021	0
M2|PP755582.1|A/cattle/Texas/24-008749-002/2024(H5N1)	1022	0
M2|PP755582.1|A/cattle/Texas/24-008749-002/2024(H5N1)	1023	0
M2|PP755582.1|A/cattle/Texas/24-008749-002/2024(H5N1)	1024	0
M2|PP755582.1|A/cattle/Texas/24-008749-002/2024(H5N1)	1025	0
M2|PP755582.1|A/cattle/Texas/24-008749-002/2024(H5N1)	1026	0
M2|PP755582.1|A/cattle/Texas/24-008749-002/2024(H5N1)	1027	0
M2|PP755582.1|A/cattle/Texas/24-008749-002/2024(H5N1)	1028	0
M2|PP755582.1|A/cattle/Texas/24-008749-002/2024(H5N1)	1029	0
M2|PP755582.1|A/cattle/Texas/24-008749-002/2024(H5N1)	1030	0
M2|PP755582.1|A/cattle/Texas/24-008749-002/2024(H5N1)	1031	0
M2|PP755582.1|A/cattle/Texas/24-008749-002/2024(H5N1)	1032	0
M2|PP755582.1|A/cattle/Texas/24-008749-002/2024(H5N1)	1033	0
M2|PP755582.1|A/cattle/Texas/24-008749-002/2024(H5N1)	1034	0
M2|PP755582.1|A/cattle/Texas/24-008749-002/2024(H5N1)	1035	0
M2|PP755582.1|A/cattle/Texas/24-008749-002/2024(H5N1)	1036	0
M2|PP755582.1|A/cattle/Texas/24-008749-002/2024(H5N1)	1037	0
M2|PP755582.1|A/cattle/Texas/24-008749-002/2024(H5N1)	1038	0
M2|PP755582.1|A/cattle/Texas/24-008749-002/2024(H5N1)	1039	0
M2|PP755582.1|A/cattle/Texas/24-008749-002/2024(H5N1)	1040	0
M2|PP755582.1|A/cattle/Texas/24-008749-002/2024(H5N1)	1041	0
M2|PP755582.1|A/cattle/Texas/24-008749-002/2024(H5N1)	1042	0
M2|PP755582.1|A/cattle/Texas/24-008749-002/2024(H5N1)	1043	0
M2|PP755582.1|A/cattle/Texas/24-008749-002/2024(H5N1)	1044	0
M2|PP755582.1|A/cattle/Texas/24-008749-002/2024(H5N1)	1045	0
M2|PP755582.1|A/cattle/Texas/24-008749-002/2024(H5N1)	1046	0
M2|PP755582.1|A/cattle/Texas/24-008749-002/2024(H5N1)	1047	0
M2|PP755582.1|A/cattle/Texas/24-008749-002/2024(H5N1)	1048	0
M2|PP755582.1|A/cattle/Texas/24-008749-002/2024(H5N1)	1049	0
M2|PP755582.1|A/cattle/Texas/24-008749-002/2024(H5N1)	1050	0
M2|PP755582.1|A/cattle/Texas/24-008749-002/2024(H5N1)	1051	0
M2|PP755582.1|A/cattle/Texas/24-008749-002/2024(H5N1)	1052	0
M2|PP755582.1|A/cattle/Texas/24-008749-002/2024(H5N1)	1053	0
M2|PP755582.1|A/cattle/Texas/24-008749-002/2024(H5N1)	1054	0
M2|PP755582.1|A/cattle/Texas/24-008749-002/2024(H5N1)	1055	0
M2|PP755582.1|A/cattle/Texas/24-008749-002/2024(H5N1)	1056	0
M2|PP755582.1|A/cattle/Texas/24-008749-002/2024(H5N1)	1057	0
M2|PP755582.1|A/cattle/Texas/24-008749-002/2024(H5N1)	1058	0
M2|PP755582.1|A/cattle/Texas/24-008749-002/2024(H5N1)	1059	0
M2|PP755582.1|A/cattle/Texas/24-008749-002/2024(H5N1)	1060	0
M2|PP755582.1|A/cattle/Texas/24-008749-002/2024(H5N1)	1061	0
M2|PP755582.1|A/cattle/Texas/24-008749-002/2024(H5N1)	1062	0
M2|PP755582.1|A/cattle/Texas/24-008749-002/2024(H5N1)	1063	0
M2|PP755582.1|A/cattle/Texas/24-008749-002/2024(H5N1)	1064	0
M2|PP755582.1|A/cattle/Texas/24-008749-002/2024(H5N1)	1065	0
M2|PP755582.1|A/cattle/Texas/24-008749-002/2024(H5N1)	1066	0
M2|PP755582.1|A/cattle/Texas/24-008749-002/2024(H5N1)	1067	0
M2|PP755582.1|A/cattle/Texas/24-008749-002/2024(H5N1)	1068	0
M2|PP755582.1|A/cattle/Texas/24-008749-002/2024(H5N1)	1069	0
M2|PP755582.1|A/cattle/Texas/24-008749-002/2024(H5N1)	1070	0
M2|PP755582.1|A/cattle/Texas/24-008749-002/2024(H5N1)	1071	0
M2|PP755582.1|A/cattle/Texas/24-008749-002/2024(H5N1)	1072	0
M2|PP755582.1|A/cattle/Texas/24-008749-002/2024(H5N1)	1073	0
M2|PP755582.1|A/cattle/Texas/24-008749-002/2024(H5N1)	1074	0
M2|PP755582.1|A/cattle/Texas/24-008749-002/2024(H5N1)	1075	0
M2|PP755582.1|A/cattle/Texas/24-008749-002/2024(H5N1)	1076	0
M2|PP755582.1|A/cattle/Texas/24-008749-002/2024(H5N1)	1077	0
M2|PP755582.1|A/cattle/Texas/24-008749-002/2024(H5N1)	1078	0
M2|PP755582.1|A/cattle/Texas/24-008749-002/2024(H5N1)	1079	0
M2|PP755582.1|A/cattle/Texas/24-008749-002/2024(H5N1)	1080	0
M2|PP755582.1|A/cattle/Texas/24-008749-002/2024(H5N1)	1081	0
M2|PP755582.1|A/cattle/Texas/24-008749-002/2024(H5N1)	1082	0
M2|PP755582.1|A/cattle/Texas/24-008749-002/2024(H5N1)	1083	0
M2|PP755582.1|A/cattle/Texas/24-008749-002/2024(H5N1)	1084	0
M2|PP755582.1|A/cattle/Texas/24-008749-002/2024(H5N1)	1085	0
M2|PP755582.1|A/cattle/Texas/24-008749-002/2024(H5N1)	1086	0
M2|PP755582.1|A/cattle/Texas/24-008749-002/2024(H5N1)	1087	0
M2|PP755582.1|A/cattle/Texas/24-008749-002/2024(H5N1)	1088	0
M2|PP755582.1|A/cattle/Texas/24-008749-002/2024(H5N1)	1089	0
M2|PP755582.1|A/cattle/Texas/24-008749-002/2024(H5N1)	1090	0
M2|PP755582.1|A/cattle/Texas/24-008749-002/2024(H5N1)	1091	0
M2|PP755582.1|A/cattle/Texas/24-008749-002/2024(H5N1)	1092	0
M2|PP755582.1|A/cattle/Texas/24-008749-002/2024(H5N1)	1093	0
M2|PP755582.1|A/cattle/Texas/24-008749-002/2024(H5N1)	1094	0
M2|PP755582.1|A/cattle/Texas/24-008749-002/2024(H5N1)	1095	0
M2|PP755582.1|A/cattle/Texas/24-008749-002/2024(H5N1)	1096	0
M2|PP755582.1|A/cattle/Texas/24-008749-002/2024(H5N1)	1097	0
M2|PP755582.1|A/cattle/Texas/24-008749-002/2024(H5N1)	1098	0
M2|PP755582.1|A/cattle/Texas/24-008749-002/2024(H5N1)	1099	0
M2|PP755582.1|A/cattle/Texas/24-008749-002/2024(H5N1)	1100	0
M2|PP755582.1|A/cattle/Texas/24-008749-002/2024(H5N1)	1101	0
M2|PP755582.1|A/cattle/Texas/24-008749-002/2024(H5N1)	1102	0
M2|PP755582.1|A/cattle/Texas/24-008749-002/2024(H5N1)	1103	0
M2|PP755582.1|A/cattle/Texas/24-008749-002/2024(H5N1)	1104	0
M2|PP755582.1|A/cattle/Texas/24-008749-002/2024(H5N1)	1105	0
M2|PP755582.1|A/cattle/Texas/24-008749-002/2024(H5N1)	1106	0
M2|PP755582.1|A/cattle/Texas/24-008749-002/2024(H5N1)	1107	0
M2|PP755582.1|A/cattle/Texas/24-008749-002/2024(H5N1)	1108	0
M2|PP755582.1|A/cattle/Texas/24-008749-002/2024(H5N1)	1109	0
M2|PP755582.1|A/cattle/Texas/24-008749-002/2024(H5N1)	1110	0
M2|PP755582.1|A/cattle/Texas/24-008749-002/2024(H5N1)	1111	0
M2|PP755582.1|A/cattle/Texas/24-008749-002/2024(H5N1)	1112	0
M2|PP755582.1|A/cattle/Texas/24-008749-002/2024(H5N1)	1113	0
M2|PP755582.1|A/cattle/Texas/24-008749-002/2024(H5N1)	1114	0
M2|PP755582.1|A/cattle/Texas/24-008749-002/2024(H5N1)	1115	0
M2|PP755582.1|A/cattle/Texas/24-008749-002/2024(H5N1)	1116	0
M2|PP755582.1|A/cattle/Texas/24-008749-002/2024(H5N1)	1117	0
M2|PP755582.1|A/cattle/Texas/24-008749-002/2024(H5N1)	1118	0
M2|PP755582.1|A/cattle/Texas/24-008749-002/2024(H5N1)	1119	0
M2|PP755582.1|A/cattle/Texas/24-008749-002/2024(H5N1)	1120	0
M2|PP755582.1|A/cattle/Texas/24-008749-002/2024(H5N1)	1121	0
M2|PP755582.1|A/cattle/Texas/24-008749-002/2024(H5N1)	1122	0
M2|PP755582.1|A/cattle/Texas/24-008749-002/2024(H5N1)	1123	0
M2|PP755582.1|A/cattle/Texas/24-008749-002/2024(H5N1)	1124	0
M2|PP755582.1|A/cattle/Texas/24-008749-002/2024(H5N1)	1125	0
M2|PP755582.1|A/cattle/Texas/24-008749-002/2024(H5N1)	1126	0
M2|PP755582.1|A/cattle/Texas/24-008749-002/2024(H5N1)	1127	0
M2|PP755582.1|A/cattle/Texas/24-008749-002/2024(H5N1)	1128	0
M2|PP755582.1|A/cattle/Texas/24-008749-002/2024(H5N1)	1129	0
M2|PP755582.1|A/cattle/Texas/24-008749-002/2024(H5N1)	1130	0
M2|PP755582.1|A/cattle/Texas/24-008749-002/2024(H5N1)	1131	0
M2|PP755582.1|A/cattle/Texas/24-008749-002/2024(H5N1)	1132	0
M2|PP755582.1|A/cattle/Texas/24-008749-002/2024(H5N1)	1133	0
M2|PP755582.1|A/cattle/Texas/24-008749-002/2024(H5N1)	1134	0
M2|PP755582.1|A/cattle/Texas/24-008749-002/2024(H5N1)	1135	0
M2|PP755582.1|A/cattle/Texas/24-008749-002/2024(H5N1)	1136	0
M2|PP755582.1|A/cattle/Texas/24-008749-002/2024(H5N1)	1137	0
M2|PP755582.1|A/cattle/Texas/24-008749-002/2024(H5N1)	1138	0
M2|PP755582.1|A/cattle/Texas/24-008749-002/2024(H5N1)	1139	0
M2|PP755582.1|A/cattle/Texas/24-008749-002/2024(H5N1)	1140	0
M2|PP755582.1|A/cattle/Texas/24-008749-002/2024(H5N1)	1141	0
M2|PP755582.1|A/cattle/Texas/24-008749-002/2024(H5N1)	1142	0
M2|PP755582.1|A/cattle/Texas/24-008749-002/2024(H5N1)	1143	0
M2|PP755582.1|A/cattle/Texas/24-008749-002/2024(H5N1)	1144	0
M2|PP755582.1|A/cattle/Texas/24-008749-002/2024(H5N1)	1145	0
M2|PP755582.1|A/cattle/Texas/24-008749-002/2024(H5N1)	1146	0
M2|PP755582.1|A/cattle/Texas/24-008749-002/2024(H5N1)	1147	0
M2|PP755582.1|A/cattle/Texas/24-008749-002/2024(H5N1)	1148	0
M2|PP755582.1|A/cattle/Texas/24-008749-002/2024(H5N1)	1149	0
M2|PP755582.1|A/cattle/Texas/24-008749-002/2024(H5N1)	1150	0
M2|PP755582.1|A/cattle/Texas/24-008749-002/2024(H5N1)	1151	0
M2|PP755582.1|A/cattle/Texas/24-008749-002/2024(H5N1)	1152	0
M2|PP755582.1|A/cattle/Texas/24-008749-002/2024(H5N1)	1153	0
M2|PP755582.1|A/cattle/Texas/24-008749-002/2024(H5N1)	1154	0
M2|PP755582.1|A/cattle/Texas/24-008749-002/2024(H5N1)	1155	0
M2|PP755582.1|A/cattle/Texas/24-008749-002/2024(H5N1)	1156	0
M2|PP755582.1|A/cattle/Texas/24-008749-002/2024(H5N1)	1157	0
M2|PP755582.1|A/cattle/Texas/24-008749-002/2024(H5N1)	1158	0
M2|PP755582.1|A/cattle/Texas/24-008749-002/2024(H5N1)	1159	0
M2|PP755582.1|A/cattle/Texas/24-008749-002/2024(H5N1)	1160	0
M2|PP755582.1|A/cattle/Texas/24-008749-002/2024(H5N1)	1161	0
M2|PP755582.1|A/cattle/Texas/24-008749-002/2024(H5N1)	1162	0
M2|PP755582.1|A/cattle/Texas/24-008749-002/2024(H5N1)	1163	0
M2|PP755582.1|A/cattle/Texas/24-008749-002/2024(H5N1)	1164	0
M2|PP755582.1|A/cattle/Texas/24-008749-002/2024(H5N1)	1165	0
M2|PP755582.1|A/cattle/Texas/24-008749-002/2024(H5N1)	1166	0
M2|PP755582.1|A/cattle/Texas/24-008749-002/2024(H5N1)	1167	0
M2|PP755582.1|A/cattle/Texas/24-008749-002/2024(H5N1)	1168	0
M2|PP755582.1|A/cattle/Texas/24-008749-002/2024(H5N1)	1169	0
M2|PP755582.1|A/cattle/Texas/24-008749-002/2024(H5N1)	1170	0
M2|PP755582.1|A/cattle/Texas/24-008749-002/2024(H5N1)	1171	0
M2|PP755582.1|A/cattle/Texas/24-008749-002/2024(H5N1)	1172	0
M2|PP755582.1|A/cattle/Texas/24-008749-002/2024(H5N1)	1173	0
M2|PP755582.1|A/cattle/Texas/24-008749-002/2024(H5N1)	1174	0
M2|PP755582.1|A/cattle/Texas/24-008749-002/2024(H5N1)	1175	0
M2|PP755582.1|A/cattle/Texas/24-008749-002/2024(H5N1)	1176	0
M2|PP755582.1|A/cattle/Texas/24-008749-002/2024(H5N1)	1177	0
M2|PP755582.1|A/cattle/Texas/24-008749-002/2024(H5N1)	1178	0
M2|PP755582.1|A/cattle/Texas/24-008749-002/2024(H5N1)	1179	0
M2|PP755582.1|A/cattle/Texas/24-008749-002/2024(H5N1)	1180	0
M2|PP755582.1|A/cattle/Texas/24-008749-002/2024(H5N1)	1181	0
M2|PP755582.1|A/cattle/Texas/24-008749-002/2024(H5N1)	1182	0
M2|PP755582.1|A/cattle/Texas/24-008749-002/2024(H5N1)	1183	0
M2|PP755582.1|A/cattle/Texas/24-008749-002/2024(H5N1)	1184	0
M2|PP755582.1|A/cattle/Texas/24-008749-002/2024(H5N1)	1185	0
M2|PP755582.1|A/cattle/Texas/24-008749-002/2024(H5N1)	1186	0
M2|PP755582.1|A/cattle/Texas/24-008749-002/2024(H5N1)	1187	0
M2|PP755582.1|A/cattle/Texas/24-008749-002/2024(H5N1)	1188	0
M2|PP755582.1|A/cattle/Texas/24-008749-002/2024(H5N1)	1189	0
M2|PP755582.1|A/cattle/Texas/24-008749-002/2024(H5N1)	1190	0
M2|PP755582.1|A/cattle/Texas/24-008749-002/2024(H5N1)	1191	0
M2|PP755582.1|A/cattle/Texas/24-008749-002/2024(H5N1)	1192	0
M2|PP755582.1|A/cattle/Texas/24-008749-002/2024(H5N1)	1193	0
M2|PP755582.1|A/cattle/Texas/24-008749-002/2024(H5N1)	1194	0
M2|PP755582.1|A/cattle/Texas/24-008749-002/2024(H5N1)	1195	0
M2|PP755582.1|A/cattle/Texas/24-008749-002/2024(H5N1)	1196	0
M2|PP755582.1|A/cattle/Texas/24-008749-002/2024(H5N1)	1197	0
M2|PP755582.1|A/cattle/Texas/24-008749-002/2024(H5N1)	1198	0
M2|PP755582.1|A/cattle/Texas/24-008749-002/2024(H5N1)	1199	0
M2|PP755582.1|A/cattle/Texas/24-008749-002/2024(H5N1)	1200	0
M2|PP755582.1|A/cattle/Texas/24-008749-002/2024(H5N1)	1201	0
M2|PP755582.1|A/cattle/Texas/24-008749-002/2024(H5N1)	1202	0
M2|PP755582.1|A/cattle/Texas/24-008749-002/2024(H5N1)	1203	0
M2|PP755582.1|A/cattle/Texas/24-008749-002/2024(H5N1)	1204	0
M2|PP755582.1|A/cattle/Texas/24-008749-002/2024(H5N1)	1205	0
M2|PP755582.1|A/cattle/Texas/24-008749-002/2024(H5N1)	1206	0
M2|PP755582.1|A/cattle/Texas/24-008749-002/2024(H5N1)	1207	0
M2|PP755582.1|A/cattle/Texas/24-008749-002/2024(H5N1)	1208	0
M2|PP755582.1|A/cattle/Texas/24-008749-002/2024(H5N1)	1209	0
M2|PP755582.1|A/cattle/Texas/24-008749-002/2024(H5N1)	1210	0
M2|PP755582.1|A/cattle/Texas/24-008749-002/2024(H5N1)	1211	0
M2|PP755582.1|A/cattle/Texas/24-008749-002/2024(H5N1)	1212	0
M2|PP755582.1|A/cattle/Texas/24-008749-002/2024(H5N1)	1213	0
M2|PP755582.1|A/cattle/Texas/24-008749-002/2024(H5N1)	1214	0
M2|PP755582.1|A/cattle/Texas/24-008749-002/2024(H5N1)	1215	0
M2|PP755582.1|A/cattle/Texas/24-008749-002/2024(H5N1)	1216	0
M2|PP755582.1|A/cattle/Texas/24-008749-002/2024(H5N1)	1217	0
M2|PP755582.1|A/cattle/Texas/24-008749-002/2024(H5N1)	1218	0
M2|PP755582.1|A/cattle/Texas/24-008749-002/2024(H5N1)	1219	0
M2|PP755582.1|A/cattle/Texas/24-008749-002/2024(H5N1)	1220	0
M2|PP755582.1|A/cattle/Texas/24-008749-002/2024(H5N1)	1221	0
M2|PP755582.1|A/cattle/Texas/24-008749-002/2024(H5N1)	1222	0
M2|PP755582.1|A/cattle/Texas/24-008749-002/2024(H5N1)	1223	0
M2|PP755582.1|A/cattle/Texas/24-008749-002/2024(H5N1)	1224	0
M2|PP755582.1|A/cattle/Texas/24-008749-002/2024(H5N1)	1225	0
M2|PP755582.1|A/cattle/Texas/24-008749-002/2024(H5N1)	1226	0
M2|PP755582.1|A/cattle/Texas/24-008749-002/2024(H5N1)	1227	0
M2|PP755582.1|A/cattle/Texas/24-008749-002/2024(H5N1)	1228	0
M2|PP755582.1|A/cattle/Texas/24-008749-002/2024(H5N1)	1229	0
M2|PP755582.1|A/cattle/Texas/24-008749-002/2024(H5N1)	1230	0
M2|PP755582.1|A/cattle/Texas/24-008749-002/2024(H5N1)	1231	0
M2|PP755582.1|A/cattle/Texas/24-008749-002/2024(H5N1)	1232	0
M2|PP755582.1|A/cattle/Texas/24-008749-002/2024(H5N1)	1233	0
M2|PP755582.1|A/cattle/Texas/24-008749-002/2024(H5N1)	1234	0
M2|PP755582.1|A/cattle/Texas/24-008749-002/2024(H5N1)	1235	0
M2|PP755582.1|A/cattle/Texas/24-008749-002/2024(H5N1)	1236	0
M2|PP755582.1|A/cattle/Texas/24-008749-002/2024(H5N1)	1237	0
M2|PP755582.1|A/cattle/Texas/24-008749-002/2024(H5N1)	1238	0
M2|PP755582.1|A/cattle/Texas/24-008749-002/2024(H5N1)	1239	0
M2|PP755582.1|A/cattle/Texas/24-008749-002/2024(H5N1)	1240	0
M2|PP755582.1|A/cattle/Texas/24-008749-002/2024(H5N1)	1241	0
M2|PP755582.1|A/cattle/Texas/24-008749-002/2024(H5N1)	1242	0
M2|PP755582.1|A/cattle/Texas/24-008749-002/2024(H5N1)	1243	0
M2|PP755582.1|A/cattle/Texas/24-008749-002/2024(H5N1)	1244	0
M2|PP755582.1|A/cattle/Texas/24-008749-002/2024(H5N1)	1245	0
M2|PP755582.1|A/cattle/Texas/24-008749-002/2024(H5N1)	1246	0
M2|PP755582.1|A/cattle/Texas/24-008749-002/2024(H5N1)	1247	0
M2|PP755582.1|A/cattle/Texas/24-008749-002/2024(H5N1)	1248	0
M2|PP755582.1|A/cattle/Texas/24-008749-002/2024(H5N1)	1249	0
M2|PP755582.1|A/cattle/Texas/24-008749-002/2024(H5N1)	1250	0
M2|PP755582.1|A/cattle/Texas/24-008749-002/2024(H5N1)	1251	0
M2|PP755582.1|A/cattle/Texas/24-008749-002/2024(H5N1)	1252	0
M2|PP755582.1|A/cattle/Texas/24-008749-002/2024(H5N1)	1253	0
M2|PP755582.1|A/cattle/Texas/24-008749-002/2024(H5N1)	1254	0
M2|PP755582.1|A/cattle/Texas/24-008749-002/2024(H5N1)	1255	0
M2|PP755582.1|A/cattle/Texas/24-008749-002/2024(H5N1)	1256	0
M2|PP755582.1|A/cattle/Texas/24-008749-002/2024(H5N1)	1257	0
M2|PP755582.1|A/cattle/Texas/24-008749-002/2024(H5N1)	1258	0
M2|PP755582.1|A/cattle/Texas/24-008749-002/2024(H5N1)	1259	0
M2|PP755582.1|A/cattle/Texas/24-008749-002/2024(H5N1)	1260	0
M2|PP755582.1|A/cattle/Texas/24-008749-002/2024(H5N1)	1261	0
M2|PP755582.1|A/cattle/Texas/24-008749-002/2024(H5N1)	1262	0
M2|PP755582.1|A/cattle/Texas/24-008749-002/2024(H5N1)	1263	0
M2|PP755582.1|A/cattle/Texas/24-008749-002/2024(H5N1)	1264	0
M2|PP755582.1|A/cattle/Texas/24-008749-002/2024(H5N1)	1265	0
M2|PP755582.1|A/cattle/Texas/24-008749-002/2024(H5N1)	1266	0
M2|PP755582.1|A/cattle/Texas/24-008749-002/2024(H5N1)	1267	0
M2|PP755582.1|A/cattle/Texas/24-008749-002/2024(H5N1)	1268	0
M2|PP755582.1|A/cattle/Texas/24-008749-002/2024(H5N1)	1269	0
M2|PP755582.1|A/cattle/Texas/24-008749-002/2024(H5N1)	1270	0
M2|PP755582.1|A/cattle/Texas/24-008749-002/2024(H5N1)	1271	0
M2|PP755582.1|A/cattle/Texas/24-008749-002/2024(H5N1)	1272	0
M2|PP755582.1|A/cattle/Texas/24-008749-002/2024(H5N1)	1273	0
M2|PP755582.1|A/cattle/Texas/24-008749-002/2024(H5N1)	1274	0
M2|PP755582.1|A/cattle/Texas/24-008749-002/2024(H5N1)	1275	0
M2|PP755582.1|A/cattle/Texas/24-008749-002/2024(H5N1)	1276	0
M2|PP755582.1|A/cattle/Texas/24-008749-002/2024(H5N1)	1277	0
M2|PP755582.1|A/cattle/Texas/24-008749-002/2024(H5N1)	1278	0
M2|PP755582.1|A/cattle/Texas/24-008749-002/2024(H5N1)	1279	0
M2|PP755582.1|A/cattle/Texas/24-008749-002/2024(H5N1)	1280	0
M2|PP755582.1|A/cattle/Texas/24-008749-002/2024(H5N1)	1281	0
M2|PP755582.1|A/cattle/Texas/24-008749-002/2024(H5N1)	1282	0
M2|PP755582.1|A/cattle/Texas/24-008749-002/2024(H5N1)	1283	0
M2|PP755582.1|A/cattle/Texas/24-008749-002/2024(H5N1)	1284	0
M2|PP755582.1|A/cattle/Texas/24-008749-002/2024(H5N1)	1285	0
M2|PP755582.1|A/cattle/Texas/24-008749-002/2024(H5N1)	1286	0
M2|PP755582.1|A/cattle/Texas/24-008749-002/2024(H5N1)	1287	0
M2|PP755582.1|A/cattle/Texas/24-008749-002/2024(H5N1)	1288	0
M2|PP755582.1|A/cattle/Texas/24-008749-002/2024(H5N1)	1289	0
M2|PP755582.1|A/cattle/Texas/24-008749-002/2024(H5N1)	1290	0
M2|PP755582.1|A/cattle/Texas/24-008749-002/2024(H5N1)	1291	0
M2|PP755582.1|A/cattle/Texas/24-008749-002/2024(H5N1)	1292	0
M2|PP755582.1|A/cattle/Texas/24-008749-002/2024(H5N1)	1293	0
M2|PP755582.1|A/cattle/Texas/24-008749-002/2024(H5N1)	1294	0
M2|PP755582.1|A/cattle/Texas/24-008749-002/2024(H5N1)	1295	0
M2|PP755582.1|A/cattle/Texas/24-008749-002/2024(H5N1)	1296	0
M2|PP755582.1|A/cattle/Texas/24-008749-002/2024(H5N1)	1297	0
M2|PP755582.1|A/cattle/Texas/24-008749-002/2024(H5N1)	1298	0
M2|PP755582.1|A/cattle/Texas/24-008749-002/2024(H5N1)	1299	0
M2|PP755582.1|A/cattle/Texas/24-008749-002/2024(H5N1)	1300	0
M2|PP755582.1|A/cattle/Texas/24-008749-002/2024(H5N1)	1301	0
M2|PP755582.1|A/cattle/Texas/24-008749-002/2024(H5N1)	1302	0
M2|PP755582.1|A/cattle/Texas/24-008749-002/2024(H5N1)	1303	0
M2|PP755582.1|A/cattle/Texas/24-008749-002/2024(H5N1)	1304	0
M2|PP755582.1|A/cattle/Texas/24-008749-002/2024(H5N1)	1305	0
M2|PP755582.1|A/cattle/Texas/24-008749-002/2024(H5N1)	1306	0
M2|PP755582.1|A/cattle/Texas/24-008749-002/2024(H5N1)	1307	0
M2|PP755582.1|A/cattle/Texas/24-008749-002/2024(H5N1)	1308	0
M2|PP755582.1|A/cattle/Texas/24-008749-002/2024(H5N1)	1309	0
M2|PP755582.1|A/cattle/Texas/24-008749-002/2024(H5N1)	1310	0
M2|PP755582.1|A/cattle/Texas/24-008749-002/2024(H5N1)	1311	0
M2|PP755582.1|A/cattle/Texas/24-008749-002/2024(H5N1)	1312	0
M2|PP755582.1|A/cattle/Texas/24-008749-002/2024(H5N1)	1313	0
M2|PP755582.1|A/cattle/Texas/24-008749-002/2024(H5N1)	1314	0
M2|PP755582.1|A/cattle/Texas/24-008749-002/2024(H5N1)	1315	0
M2|PP755582.1|A/cattle/Texas/24-008749-002/2024(H5N1)	1316	0
M2|PP755582.1|A/cattle/Texas/24-008749-002/2024(H5N1)	1317	0
M2|PP755582.1|A/cattle/Texas/24-008749-002/2024(H5N1)	1318	0
M2|PP755582.1|A/cattle/Texas/24-008749-002/2024(H5N1)	1319	0
M2|PP755582.1|A/cattle/Texas/24-008749-002/2024(H5N1)	1320	0
M2|PP755582.1|A/cattle/Texas/24-008749-002/2024(H5N1)	1321	0
M2|PP755582.1|A/cattle/Texas/24-008749-002/2024(H5N1)	1322	0
M2|PP755582.1|A/cattle/Texas/24-008749-002/2024(H5N1)	1323	0
M2|PP755582.1|A/cattle/Texas/24-008749-002/2024(H5N1)	1324	0
M2|PP755582.1|A/cattle/Texas/24-008749-002/2024(H5N1)	1325	0
M2|PP755582.1|A/cattle/Texas/24-008749-002/2024(H5N1)	1326	0
M2|PP755582.1|A/cattle/Texas/24-008749-002/2024(H5N1)	1327	0
M2|PP755582.1|A/cattle/Texas/24-008749-002/2024(H5N1)	1328	0
M2|PP755582.1|A/cattle/Texas/24-008749-002/2024(H5N1)	1329	0
M2|PP755582.1|A/cattle/Texas/24-008749-002/2024(H5N1)	1330	0
M2|PP755582.1|A/cattle/Texas/24-008749-002/2024(H5N1)	1331	0
M2|PP755582.1|A/cattle/Texas/24-008749-002/2024(H5N1)	1332	0
M2|PP755582.1|A/cattle/Texas/24-008749-002/2024(H5N1)	1333	0
M2|PP755582.1|A/cattle/Texas/24-008749-002/2024(H5N1)	1334	0
M2|PP755582.1|A/cattle/Texas/24-008749-002/2024(H5N1)	1335	0
M2|PP755582.1|A/cattle/Texas/24-008749-002/2024(H5N1)	1336	0
M2|PP755582.1|A/cattle/Texas/24-008749-002/2024(H5N1)	1337	0
M2|PP755582.1|A/cattle/Texas/24-008749-002/2024(H5N1)	1338	0
M2|PP755582.1|A/cattle/Texas/24-008749-002/2024(H5N1)	1339	0
M2|PP755582.1|A/cattle/Texas/24-008749-002/2024(H5N1)	1340	0
M2|PP755582.1|A/cattle/Texas/24-008749-002/2024(H5N1)	1341	0
M2|PP755582.1|A/cattle/Texas/24-008749-002/2024(H5N1)	1342	0
M2|PP755582.1|A/cattle/Texas/24-008749-002/2024(H5N1)	1343	0
M2|PP755582.1|A/cattle/Texas/24-008749-002/2024(H5N1)	1344	0
M2|PP755582.1|A/cattle/Texas/24-008749-002/2024(H5N1)	1345	0
M2|PP755582.1|A/cattle/Texas/24-008749-002/2024(H5N1)	1346	0
M2|PP755582.1|A/cattle/Texas/24-008749-002/2024(H5N1)	1347	0
M2|PP755582.1|A/cattle/Texas/24-008749-002/2024(H5N1)	1348	0
M2|PP755582.1|A/cattle/Texas/24-008749-002/2024(H5N1)	1349	0
M2|PP755582.1|A/cattle/Texas/24-008749-002/2024(H5N1)	1350	0
M2|PP755582.1|A/cattle/Texas/24-008749-002/2024(H5N1)	1351	0
M2|PP755582.1|A/cattle/Texas/24-008749-002/2024(H5N1)	1352	0
M2|PP755582.1|A/cattle/Texas/24-008749-002/2024(H5N1)	1353	0
M2|PP755582.1|A/cattle/Texas/24-008749-002/2024(H5N1)	1354	0
M2|PP755582.1|A/cattle/Texas/24-008749-002/2024(H5N1)	1355	0
M2|PP755582.1|A/cattle/Texas/24-008749-002/2024(H5N1)	1356	0
M2|PP755582.1|A/cattle/Texas/24-008749-002/2024(H5N1)	1357	0
M2|PP755582.1|A/cattle/Texas/24-008749-002/2024(H5N1)	1358	0
M2|PP755582.1|A/cattle/Texas/24-008749-002/2024(H5N1)	1359	0
M2|PP755582.1|A/cattle/Texas/24-008749-002/2024(H5N1)	1360	0
M2|PP755582.1|A/cattle/Texas/24-008749-002/2024(H5N1)	1361	0
M2|PP755582.1|A/cattle/Texas/24-008749-002/2024(H5N1)	1362	0
M2|PP755582.1|A/cattle/Texas/24-008749-002/2024(H5N1)	1363	0
M2|PP755582.1|A/cattle/Texas/24-008749-002/2024(H5N1)	1364	0
M2|PP755582.1|A/cattle/Texas/24-008749-002/2024(H5N1)	1365	0
M2|PP755582.1|A/cattle/Texas/24-008749-002/2024(H5N1)	1366	0
M2|PP755582.1|A/cattle/Texas/24-008749-002/2024(H5N1)	1367	0
M2|PP755582.1|A/cattle/Texas/24-008749-002/2024(H5N1)	1368	0
M2|PP755582.1|A/cattle/Texas/24-008749-002/2024(H5N1)	1369	0
M2|PP755582.1|A/cattle/Texas/24-008749-002/2024(H5N1)	1370	0
M2|PP755582.1|A/cattle/Texas/24-008749-002/2024(H5N1)	1371	0
M2|PP755582.1|A/cattle/Texas/24-008749-002/2024(H5N1)	1372	0
M2|PP755582.1|A/cattle/Texas/24-008749-002/2024(H5N1)	1373	0
M2|PP755582.1|A/cattle/Texas/24-008749-002/2024(H5N1)	1374	0
M2|PP755582.1|A/cattle/Texas/24-008749-002/2024(H5N1)	1375	0
M2|PP755582.1|A/cattle/Texas/24-008749-002/2024(H5N1)	1376	0
M2|PP755582.1|A/cattle/Texas/24-008749-002/2024(H5N1)	1377	0
M2|PP755582.1|A/cattle/Texas/24-008749-002/2024(H5N1)	1378	0
M2|PP755582.1|A/cattle/Texas/24-008749-002/2024(H5N1)	1379	0
M2|PP755582.1|A/cattle/Texas/24-008749-002/2024(H5N1)	1380	0
M2|PP755582.1|A/cattle/Texas/24-008749-002/2024(H5N1)	1381	0
M2|PP755582.1|A/cattle/Texas/24-008749-002/2024(H5N1)	1382	0
M2|PP755582.1|A/cattle/Texas/24-008749-002/2024(H5N1)	1383	0
M2|PP755582.1|A/cattle/Texas/24-008749-002/2024(H5N1)	1384	0
M2|PP755582.1|A/cattle/Texas/24-008749-002/2024(H5N1)	1385	0
M2|PP755582.1|A/cattle/Texas/24-008749-002/2024(H5N1)	1386	0
M2|PP755582.1|A/cattle/Texas/24-008749-002/2024(H5N1)	1387	0
M2|PP755582.1|A/cattle/Texas/24-008749-002/2024(H5N1)	1388	0
M2|PP755582.1|A/cattle/Texas/24-008749-002/2024(H5N1)	1389	0
M2|PP755582.1|A/cattle/Texas/24-008749-002/2024(H5N1)	1390	0
M2|PP755582.1|A/cattle/Texas/24-008749-002/2024(H5N1)	1391	0
M2|PP755582.1|A/cattle/Texas/24-008749-002/2024(H5N1)	1392	0
M2|PP755582.1|A/cattle/Texas/24-008749-002/2024(H5N1)	1393	0
M2|PP755582.1|A/cattle/Texas/24-008749-002/2024(H5N1)	1394	0
M2|PP755582.1|A/cattle/Texas/24-008749-002/2024(H5N1)	1395	0
M2|PP755582.1|A/cattle/Texas/24-008749-002/2024(H5N1)	1396	0
M2|PP755582.1|A/cattle/Texas/24-008749-002/2024(H5N1)	1397	0
M2|PP755582.1|A/cattle/Texas/24-008749-002/2024(H5N1)	1398	0
M2|PP755582.1|A/cattle/Texas/24-008749-002/2024(H5N1)	1399	0
M2|PP755582.1|A/cattle/Texas/24-008749-002/2024(H5N1)	1400	0
M2|PP755582.1|A/cattle/Texas/24-008749-002/2024(H5N1)	1401	0
M2|PP755582.1|A/cattle/Texas/24-008749-002/2024(H5N1)	1402	0
M2|PP755582.1|A/cattle/Texas/24-008749-002/2024(H5N1)	1403	0
M2|PP755582.1|A/cattle/Texas/24-008749-002/2024(H5N1)	1404	0
M2|PP755582.1|A/cattle/Texas/24-008749-002/2024(H5N1)	1405	0
M2|PP755582.1|A/cattle/Texas/24-008749-002/2024(H5N1)	1406	0
M2|PP755582.1|A/cattle/Texas/24-008749-002/2024(H5N1)	1407	0
M2|PP755582.1|A/cattle/Texas/24-008749-002/2024(H5N1)	1408	0
M2|PP755582.1|A/cattle/Texas/24-008749-002/2024(H5N1)	1409	0
M2|PP755582.1|A/cattle/Texas/24-008749-002/2024(H5N1)	1410	0
M2|PP755582.1|A/cattle/Texas/24-008749-002/2024(H5N1)	1411	0
M2|PP755582.1|A/cattle/Texas/24-008749-002/2024(H5N1)	1412	0
M2|PP755582.1|A/cattle/Texas/24-008749-002/2024(H5N1)	1413	0
M2|PP755582.1|A/cattle/Texas/24-008749-002/2024(H5N1)	1414	0
M2|PP755582.1|A/cattle/Texas/24-008749-002/2024(H5N1)	1415	0
M2|PP755582.1|A/cattle/Texas/24-008749-002/2024(H5N1)	1416	0
M2|PP755582.1|A/cattle/Texas/24-008749-002/2024(H5N1)	1417	0
M2|PP755582.1|A/cattle/Texas/24-008749-002/2024(H5N1)	1418	0
M2|PP755582.1|A/cattle/Texas/24-008749-002/2024(H5N1)	1419	0
M2|PP755582.1|A/cattle/Texas/24-008749-002/2024(H5N1)	1420	0
M2|PP755582.1|A/cattle/Texas/24-008749-002/2024(H5N1)	1421	0
M2|PP755582.1|A/cattle/Texas/24-008749-002/2024(H5N1)	1422	0
M2|PP755582.1|A/cattle/Texas/24-008749-002/2024(H5N1)	1423	0
M2|PP755582.1|A/cattle/Texas/24-008749-002/2024(H5N1)	1424	0
M2|PP755582.1|A/cattle/Texas/24-008749-002/2024(H5N1)	1425	0
M2|PP755582.1|A/cattle/Texas/24-008749-002/2024(H5N1)	1426	0
M2|PP755582.1|A/cattle/Texas/24-008749-002/2024(H5N1)	1427	0
M2|PP755582.1|A/cattle/Texas/24-008749-002/2024(H5N1)	1428	0
M2|PP755582.1|A/cattle/Texas/24-008749-002/2024(H5N1)	1429	0
M2|PP755582.1|A/cattle/Texas/24-008749-002/2024(H5N1)	1430	0
M2|PP755582.1|A/cattle/Texas/24-008749-002/2024(H5N1)	1431	0
M2|PP755582.1|A/cattle/Texas/24-008749-002/2024(H5N1)	1432	0
M2|PP755582.1|A/cattle/Texas/24-008749-002/2024(H5N1)	1433	0
M2|PP755582.1|A/cattle/Texas/24-008749-002/2024(H5N1)	1434	0
M2|PP755582.1|A/cattle/Texas/24-008749-002/2024(H5N1)	1435	0
M2|PP755582.1|A/cattle/Texas/24-008749-002/2024(H5N1)	1436	0
M2|PP755582.1|A/cattle/Texas/24-008749-002/2024(H5N1)	1437	0
M2|PP755582.1|A/cattle/Texas/24-008749-002/2024(H5N1)	1438	0
M2|PP755582.1|A/cattle/Texas/24-008749-002/2024(H5N1)	1439	0
M2|PP755582.1|A/cattle/Texas/24-008749-002/2024(H5N1)	1440	0
M2|PP755582.1|A/cattle/Texas/24-008749-002/2024(H5N1)	1441	0
M2|PP755582.1|A/cattle/Texas/24-008749-002/2024(H5N1)	1442	0
M2|PP755582.1|A/cattle/Texas/24-008749-002/2024(H5N1)	1443	0
M2|PP755582.1|A/cattle/Texas/24-008749-002/2024(H5N1)	1444	0
M2|PP755582.1|A/cattle/Texas/24-008749-002/2024(H5N1)	1445	0
M2|PP755582.1|A/cattle/Texas/24-008749-002/2024(H5N1)	1446	0
M2|PP755582.1|A/cattle/Texas/24-008749-002/2024(H5N1)	1447	0
M2|PP755582.1|A/cattle/Texas/24-008749-002/2024(H5N1)	1448	0
M2|PP755582.1|A/cattle/Texas/24-008749-002/2024(H5N1)	1449	0
M2|PP755582.1|A/cattle/Texas/24-008749-002/2024(H5N1)	1450	0
M2|PP755582.1|A/cattle/Texas/24-008749-002/2024(H5N1)	1451	0
M2|PP755582.1|A/cattle/Texas/24-008749-002/2024(H5N1)	1452	0
M2|PP755582.1|A/cattle/Texas/24-008749-002/2024(H5N1)	1453	0
M2|PP755582.1|A/cattle/Texas/24-008749-002/2024(H5N1)	1454	0
M2|PP755582.1|A/cattle/Texas/24-008749-002/2024(H5N1)	1455	0
M2|PP755582.1|A/cattle/Texas/24-008749-002/2024(H5N1)	1456	0
M2|PP755582.1|A/cattle/Texas/24-008749-002/2024(H5N1)	1457	0
M2|PP755582.1|A/cattle/Texas/24-008749-002/2024(H5N1)	1458	0
M2|PP755582.1|A/cattle/Texas/24-008749-002/2024(H5N1)	1459	0
M2|PP755582.1|A/cattle/Texas/24-008749-002/2024(H5N1)	1460	0
M2|PP755582.1|A/cattle/Texas/24-008749-002/2024(H5N1)	1461	0
M2|PP755582.1|A/cattle/Texas/24-008749-002/2024(H5N1)	1462	0
M2|PP755582.1|A/cattle/Texas/24-008749-002/2024(H5N1)	1463	0
M2|PP755582.1|A/cattle/Texas/24-008749-002/2024(H5N1)	1464	0
M2|PP755582.1|A/cattle/Texas/24-008749-002/2024(H5N1)	1465	0
M2|PP755582.1|A/cattle/Texas/24-008749-002/2024(H5N1)	1466	0
M2|PP755582.1|A/cattle/Texas/24-008749-002/2024(H5N1)	1467	0
M2|PP755582.1|A/cattle/Texas/24-008749-002/2024(H5N1)	1468	0
M2|PP755582.1|A/cattle/Texas/24-008749-002/2024(H5N1)	1469	0
M2|PP755582.1|A/cattle/Texas/24-008749-002/2024(H5N1)	1470	0
M2|PP755582.1|A/cattle/Texas/24-008749-002/2024(H5N1)	1471	0
M2|PP755582.1|A/cattle/Texas/24-008749-002/2024(H5N1)	1472	0
M2|PP755582.1|A/cattle/Texas/24-008749-002/2024(H5N1)	1473	0
M2|PP755582.1|A/cattle/Texas/24-008749-002/2024(H5N1)	1474	0
M2|PP755582.1|A/cattle/Texas/24-008749-002/2024(H5N1)	1475	0
M2|PP755582.1|A/cattle/Texas/24-008749-002/2024(H5N1)	1476	0
M2|PP755582.1|A/cattle/Texas/24-008749-002/2024(H5N1)	1477	0
M2|PP755582.1|A/cattle/Texas/24-008749-002/2024(H5N1)	1478	0
M2|PP755582.1|A/cattle/Texas/24-008749-002/2024(H5N1)	1479	0
M2|PP755582.1|A/cattle/Texas/24-008749-002/2024(H5N1)	1480	0
M2|PP755582.1|A/cattle/Texas/24-008749-002/2024(H5N1)	1481	0
M2|PP755582.1|A/cattle/Texas/24-008749-002/2024(H5N1)	1482	0
M2|PP755582.1|A/cattle/Texas/24-008749-002/2024(H5N1)	1483	0
M2|PP755582.1|A/cattle/Texas/24-008749-002/2024(H5N1)	1484	0
M2|PP755582.1|A/cattle/Texas/24-008749-002/2024(H5N1)	1485	0
M2|PP755582.1|A/cattle/Texas/24-008749-002/2024(H5N1)	1486	0
M2|PP755582.1|A/cattle/Texas/24-008749-002/2024(H5N1)	1487	0
M2|PP755582.1|A/cattle/Texas/24-008749-002/2024(H5N1)	1488	0
M2|PP755582.1|A/cattle/Texas/24-008749-002/2024(H5N1)	1489	0
M2|PP755582.1|A/cattle/Texas/24-008749-002/2024(H5N1)	1490	0
M2|PP755582.1|A/cattle/Texas/24-008749-002/2024(H5N1)	1491	0
M2|PP755582.1|A/cattle/Texas/24-008749-002/2024(H5N1)	1492	0
M2|PP755582.1|A/cattle/Texas/24-008749-002/2024(H5N1)	1493	0
M2|PP755582.1|A/cattle/Texas/24-008749-002/2024(H5N1)	1494	0
M2|PP755582.1|A/cattle/Texas/24-008749-002/2024(H5N1)	1495	0
M2|PP755582.1|A/cattle/Texas/24-008749-002/2024(H5N1)	1496	0
M2|PP755582.1|A/cattle/Texas/24-008749-002/2024(H5N1)	1497	0
M2|PP755582.1|A/cattle/Texas/24-008749-002/2024(H5N1)	1498	0
M2|PP755582.1|A/cattle/Texas/24-008749-002/2024(H5N1)	1499	0
M2|PP755582.1|A/cattle/Texas/24-008749-002/2024(H5N1)	1500	0
M2|PP755582.1|A/cattle/Texas/24-008749-002/2024(H5N1)	1501	0
M2|PP755582.1|A/cattle/Texas/24-008749-002/2024(H5N1)	1502	0
M2|PP755582.1|A/cattle/Texas/24-008749-002/2024(H5N1)	1503	0
M2|PP755582.1|A/cattle/Texas/24-008749-002/2024(H5N1)	1504	0
M2|PP755582.1|A/cattle/Texas/24-008749-002/2024(H5N1)	1505	0
M2|PP755582.1|A/cattle/Texas/24-008749-002/2024(H5N1)	1506	0
M2|PP755582.1|A/cattle/Texas/24-008749-002/2024(H5N1)	1507	0
M2|PP755582.1|A/cattle/Texas/24-008749-002/2024(H5N1)	1508	0
M2|PP755582.1|A/cattle/Texas/24-008749-002/2024(H5N1)	1509	0
M2|PP755582.1|A/cattle/Texas/24-008749-002/2024(H5N1)	1510	0
M2|PP755582.1|A/cattle/Texas/24-008749-002/2024(H5N1)	1511	0
M2|PP755582.1|A/cattle/Texas/24-008749-002/2024(H5N1)	1512	0
M2|PP755582.1|A/cattle/Texas/24-008749-002/2024(H5N1)	1513	0
M2|PP755582.1|A/cattle/Texas/24-008749-002/2024(H5N1)	1514	0
M2|PP755582.1|A/cattle/Texas/24-008749-002/2024(H5N1)	1515	0
M2|PP755582.1|A/cattle/Texas/24-008749-002/2024(H5N1)	1516	0
M2|PP755582.1|A/cattle/Texas/24-008749-002/2024(H5N1)	1517	0
M2|PP755582.1|A/cattle/Texas/24-008749-002/2024(H5N1)	1518	0
M2|PP755582.1|A/cattle/Texas/24-008749-002/2024(H5N1)	1519	0
M2|PP755582.1|A/cattle/Texas/24-008749-002/2024(H5N1)	1520	0
M2|PP755582.1|A/cattle/Texas/24-008749-002/2024(H5N1)	1521	0
M2|PP755582.1|A/cattle/Texas/24-008749-002/2024(H5N1)	1522	0
M2|PP755582.1|A/cattle/Texas/24-008749-002/2024(H5N1)	1523	0
M2|PP755582.1|A/cattle/Texas/24-008749-002/2024(H5N1)	1524	0
M2|PP755582.1|A/cattle/Texas/24-008749-002/2024(H5N1)	1525	0
M2|PP755582.1|A/cattle/Texas/24-008749-002/2024(H5N1)	1526	0
M2|PP755582.1|A/cattle/Texas/24-008749-002/2024(H5N1)	1527	0
M2|PP755582.1|A/cattle/Texas/24-008749-002/2024(H5N1)	1528	0
M2|PP755582.1|A/cattle/Texas/24-008749-002/2024(H5N1)	1529	0
M2|PP755582.1|A/cattle/Texas/24-008749-002/2024(H5N1)	1530	0
M2|PP755582.1|A/cattle/Texas/24-008749-002/2024(H5N1)	1531	0
M2|PP755582.1|A/cattle/Texas/24-008749-002/2024(H5N1)	1532	0
M2|PP755582.1|A/cattle/Texas/24-008749-002/2024(H5N1)	1533	0
M2|PP755582.1|A/cattle/Texas/24-008749-002/2024(H5N1)	1534	0
M2|PP755582.1|A/cattle/Texas/24-008749-002/2024(H5N1)	1535	0
M2|PP755582.1|A/cattle/Texas/24-008749-002/2024(H5N1)	1536	0
M2|PP755582.1|A/cattle/Texas/24-008749-002/2024(H5N1)	1537	0
M2|PP755582.1|A/cattle/Texas/24-008749-002/2024(H5N1)	1538	0
M2|PP755582.1|A/cattle/Texas/24-008749-002/2024(H5N1)	1539	0
M2|PP755582.1|A/cattle/Texas/24-008749-002/2024(H5N1)	1540	0
M2|PP755582.1|A/cattle/Texas/24-008749-002/2024(H5N1)	1541	0
M2|PP755582.1|A/cattle/Texas/24-008749-002/2024(H5N1)	1542	0
M2|PP755582.1|A/cattle/Texas/24-008749-002/2024(H5N1)	1543	0
M2|PP755582.1|A/cattle/Texas/24-008749-002/2024(H5N1)	1544	0
M2|PP755582.1|A/cattle/Texas/24-008749-002/2024(H5N1)	1545	0
M2|PP755582.1|A/cattle/Texas/24-008749-002/2024(H5N1)	1546	0
M2|PP755582.1|A/cattle/Texas/24-008749-002/2024(H5N1)	1547	0
M2|PP755582.1|A/cattle/Texas/24-008749-002/2024(H5N1)	1548	0
M2|PP755582.1|A/cattle/Texas/24-008749-002/2024(H5N1)	1549	0
M2|PP755582.1|A/cattle/Texas/24-008749-002/2024(H5N1)	1550	0
M2|PP755582.1|A/cattle/Texas/24-008749-002/2024(H5N1)	1551	0
M2|PP755582.1|A/cattle/Texas/24-008749-002/2024(H5N1)	1552	0
M2|PP755582.1|A/cattle/Texas/24-008749-002/2024(H5N1)	1553	0
M2|PP755582.1|A/cattle/Texas/24-008749-002/2024(H5N1)	1554	0
M2|PP755582.1|A/cattle/Texas/24-008749-002/2024(H5N1)	1555	0
M2|PP755582.1|A/cattle/Texas/24-008749-002/2024(H5N1)	1556	0
M2|PP755582.1|A/cattle/Texas/24-008749-002/2024(H5N1)	1557	0
M2|PP755582.1|A/cattle/Texas/24-008749-002/2024(H5N1)	1558	0
M2|PP755582.1|A/cattle/Texas/24-008749-002/2024(H5N1)	1559	0
M2|PP755582.1|A/cattle/Texas/24-008749-002/2024(H5N1)	1560	0
M2|PP755582.1|A/cattle/Texas/24-008749-002/2024(H5N1)	1561	0
M2|PP755582.1|A/cattle/Texas/24-008749-002/2024(H5N1)	1562	0
M2|PP755582.1|A/cattle/Texas/24-008749-002/2024(H5N1)	1563	0
M2|PP755582.1|A/cattle/Texas/24-008749-002/2024(H5N1)	1564	0
M2|PP755582.1|A/cattle/Texas/24-008749-002/2024(H5N1)	1565	0
M2|PP755582.1|A/cattle/Texas/24-008749-002/2024(H5N1)	1566	0
M2|PP755582.1|A/cattle/Texas/24-008749-002/2024(H5N1)	1567	0
M2|PP755582.1|A/cattle/Texas/24-008749-002/2024(H5N1)	1568	0
M2|PP755582.1|A/cattle/Texas/24-008749-002/2024(H5N1)	1569	0
M2|PP755582.1|A/cattle/Texas/24-008749-002/2024(H5N1)	1570	0
M2|PP755582.1|A/cattle/Texas/24-008749-002/2024(H5N1)	1571	0
M2|PP755582.1|A/cattle/Texas/24-008749-002/2024(H5N1)	1572	0
M2|PP755582.1|A/cattle/Texas/24-008749-002/2024(H5N1)	1573	0
M2|PP755582.1|A/cattle/Texas/24-008749-002/2024(H5N1)	1574	0
M2|PP755582.1|A/cattle/Texas/24-008749-002/2024(H5N1)	1575	0
M2|PP755582.1|A/cattle/Texas/24-008749-002/2024(H5N1)	1576	0
M2|PP755582.1|A/cattle/Texas/24-008749-002/2024(H5N1)	1577	0
M2|PP755582.1|A/cattle/Texas/24-008749-002/2024(H5N1)	1578	0
M2|PP755582.1|A/cattle/Texas/24-008749-002/2024(H5N1)	1579	0
M2|PP755582.1|A/cattle/Texas/24-008749-002/2024(H5N1)	1580	0
M2|PP755582.1|A/cattle/Texas/24-008749-002/2024(H5N1)	1581	0
M2|PP755582.1|A/cattle/Texas/24-008749-002/2024(H5N1)	1582	0
M2|PP755582.1|A/cattle/Texas/24-008749-002/2024(H5N1)	1583	0
M2|PP755582.1|A/cattle/Texas/24-008749-002/2024(H5N1)	1584	0
M2|PP755582.1|A/cattle/Texas/24-008749-002/2024(H5N1)	1585	0
M2|PP755582.1|A/cattle/Texas/24-008749-002/2024(H5N1)	1586	0
M2|PP755582.1|A/cattle/Texas/24-008749-002/2024(H5N1)	1587	0
M2|PP755582.1|A/cattle/Texas/24-008749-002/2024(H5N1)	1588	0
M2|PP755582.1|A/cattle/Texas/24-008749-002/2024(H5N1)	1589	0
M2|PP755582.1|A/cattle/Texas/24-008749-002/2024(H5N1)	1590	0
M2|PP755582.1|A/cattle/Texas/24-008749-002/2024(H5N1)	1591	0
M2|PP755582.1|A/cattle/Texas/24-008749-002/2024(H5N1)	1592	0
M2|PP755582.1|A/cattle/Texas/24-008749-002/2024(H5N1)	1593	0
M2|PP755582.1|A/cattle/Texas/24-008749-002/2024(H5N1)	1594	0
M2|PP755582.1|A/cattle/Texas/24-008749-002/2024(H5N1)	1595	0
M2|PP755582.1|A/cattle/Texas/24-008749-002/2024(H5N1)	1596	0
M2|PP755582.1|A/cattle/Texas/24-008749-002/2024(H5N1)	1597	0
M2|PP755582.1|A/cattle/Texas/24-008749-002/2024(H5N1)	1598	0
M2|PP755582.1|A/cattle/Texas/24-008749-002/2024(H5N1)	1599	0
M2|PP755582.1|A/cattle/Texas/24-008749-002/2024(H5N1)	1600	0
M2|PP755582.1|A/cattle/Texas/24-008749-002/2024(H5N1)	1601	0
M2|PP755582.1|A/cattle/Texas/24-008749-002/2024(H5N1)	1602	0
M2|PP755582.1|A/cattle/Texas/24-008749-002/2024(H5N1)	1603	0
M2|PP755582.1|A/cattle/Texas/24-008749-002/2024(H5N1)	1604	0
M2|PP755582.1|A/cattle/Texas/24-008749-002/2024(H5N1)	1605	0
M2|PP755582.1|A/cattle/Texas/24-008749-002/2024(H5N1)	1606	0
M2|PP755582.1|A/cattle/Texas/24-008749-002/2024(H5N1)	1607	0
M2|PP755582.1|A/cattle/Texas/24-008749-002/2024(H5N1)	1608	0
M2|PP755582.1|A/cattle/Texas/24-008749-002/2024(H5N1)	1609	0
M2|PP755582.1|A/cattle/Texas/24-008749-002/2024(H5N1)	1610	0
M2|PP755582.1|A/cattle/Texas/24-008749-002/2024(H5N1)	1611	0
M2|PP755582.1|A/cattle/Texas/24-008749-002/2024(H5N1)	1612	0
M2|PP755582.1|A/cattle/Texas/24-008749-002/2024(H5N1)	1613	0
M2|PP755582.1|A/cattle/Texas/24-008749-002/2024(H5N1)	1614	0
M2|PP755582.1|A/cattle/Texas/24-008749-002/2024(H5N1)	1615	0
M2|PP755582.1|A/cattle/Texas/24-008749-002/2024(H5N1)	1616	0
M2|PP755582.1|A/cattle/Texas/24-008749-002/2024(H5N1)	1617	0
M2|PP755582.1|A/cattle/Texas/24-008749-002/2024(H5N1)	1618	0
M2|PP755582.1|A/cattle/Texas/24-008749-002/2024(H5N1)	1619	0
M2|PP755582.1|A/cattle/Texas/24-008749-002/2024(H5N1)	1620	0
M2|PP755582.1|A/cattle/Texas/24-008749-002/2024(H5N1)	1621	0
M2|PP755582.1|A/cattle/Texas/24-008749-002/2024(H5N1)	1622	0
M2|PP755582.1|A/cattle/Texas/24-008749-002/2024(H5N1)	1623	0
M2|PP755582.1|A/cattle/Texas/24-008749-002/2024(H5N1)	1624	0
M2|PP755582.1|A/cattle/Texas/24-008749-002/2024(H5N1)	1625	0
M2|PP755582.1|A/cattle/Texas/24-008749-002/2024(H5N1)	1626	0
M2|PP755582.1|A/cattle/Texas/24-008749-002/2024(H5N1)	1627	0
M2|PP755582.1|A/cattle/Texas/24-008749-002/2024(H5N1)	1628	0
M2|PP755582.1|A/cattle/Texas/24-008749-002/2024(H5N1)	1629	0
M2|PP755582.1|A/cattle/Texas/24-008749-002/2024(H5N1)	1630	0
M2|PP755582.1|A/cattle/Texas/24-008749-002/2024(H5N1)	1631	0
M2|PP755582.1|A/cattle/Texas/24-008749-002/2024(H5N1)	1632	0
M2|PP755582.1|A/cattle/Texas/24-008749-002/2024(H5N1)	1633	0
M2|PP755582.1|A/cattle/Texas/24-008749-002/2024(H5N1)	1634	0
M2|PP755582.1|A/cattle/Texas/24-008749-002/2024(H5N1)	1635	0
M2|PP755582.1|A/cattle/Texas/24-008749-002/2024(H5N1)	1636	0
M2|PP755582.1|A/cattle/Texas/24-008749-002/2024(H5N1)	1637	0
M2|PP755582.1|A/cattle/Texas/24-008749-002/2024(H5N1)	1638	0
M2|PP755582.1|A/cattle/Texas/24-008749-002/2024(H5N1)	1639	0
M2|PP755582.1|A/cattle/Texas/24-008749-002/2024(H5N1)	1640	0
M2|PP755582.1|A/cattle/Texas/24-008749-002/2024(H5N1)	1641	0
M2|PP755582.1|A/cattle/Texas/24-008749-002/2024(H5N1)	1642	0
M2|PP755582.1|A/cattle/Texas/24-008749-002/2024(H5N1)	1643	0
M2|PP755582.1|A/cattle/Texas/24-008749-002/2024(H5N1)	1644	0
M2|PP755582.1|A/cattle/Texas/24-008749-002/2024(H5N1)	1645	0
M2|PP755582.1|A/cattle/Texas/24-008749-002/2024(H5N1)	1646	0
M2|PP755582.1|A/cattle/Texas/24-008749-002/2024(H5N1)	1647	0
M2|PP755582.1|A/cattle/Texas/24-008749-002/2024(H5N1)	1648	0
M2|PP755582.1|A/cattle/Texas/24-008749-002/2024(H5N1)	1649	0
M2|PP755582.1|A/cattle/Texas/24-008749-002/2024(H5N1)	1650	0
M2|PP755582.1|A/cattle/Texas/24-008749-002/2024(H5N1)	1651	0
M2|PP755582.1|A/cattle/Texas/24-008749-002/2024(H5N1)	1652	0
M2|PP755582.1|A/cattle/Texas/24-008749-002/2024(H5N1)	1653	0
M2|PP755582.1|A/cattle/Texas/24-008749-002/2024(H5N1)	1654	0
M2|PP755582.1|A/cattle/Texas/24-008749-002/2024(H5N1)	1655	0
M2|PP755582.1|A/cattle/Texas/24-008749-002/2024(H5N1)	1656	0
M2|PP755582.1|A/cattle/Texas/24-008749-002/2024(H5N1)	1657	0
M2|PP755582.1|A/cattle/Texas/24-008749-002/2024(H5N1)	1658	0
M2|PP755582.1|A/cattle/Texas/24-008749-002/2024(H5N1)	1659	0
M2|PP755582.1|A/cattle/Texas/24-008749-002/2024(H5N1)	1660	0
M2|PP755582.1|A/cattle/Texas/24-008749-002/2024(H5N1)	1661	0
M2|PP755582.1|A/cattle/Texas/24-008749-002/2024(H5N1)	1662	0
M2|PP755582.1|A/cattle/Texas/24-008749-002/2024(H5N1)	1663	0
M2|PP755582.1|A/cattle/Texas/24-008749-002/2024(H5N1)	1664	0
M2|PP755582.1|A/cattle/Texas/24-008749-002/2024(H5N1)	1665	0
M2|PP755582.1|A/cattle/Texas/24-008749-002/2024(H5N1)	1666	0
M2|PP755582.1|A/cattle/Texas/24-008749-002/2024(H5N1)	1667	0
M2|PP755582.1|A/cattle/Texas/24-008749-002/2024(H5N1)	1668	0
M2|PP755582.1|A/cattle/Texas/24-008749-002/2024(H5N1)	1669	0
M2|PP755582.1|A/cattle/Texas/24-008749-002/2024(H5N1)	1670	0
M2|PP755582.1|A/cattle/Texas/24-008749-002/2024(H5N1)	1671	0
M2|PP755582.1|A/cattle/Texas/24-008749-002/2024(H5N1)	1672	0
M2|PP755582.1|A/cattle/Texas/24-008749-002/2024(H5N1)	1673	0
M2|PP755582.1|A/cattle/Texas/24-008749-002/2024(H5N1)	1674	0
M2|PP755582.1|A/cattle/Texas/24-008749-002/2024(H5N1)	1675	0
M2|PP755582.1|A/cattle/Texas/24-008749-002/2024(H5N1)	1676	0
M2|PP755582.1|A/cattle/Texas/24-008749-002/2024(H5N1)	1677	0
M2|PP755582.1|A/cattle/Texas/24-008749-002/2024(H5N1)	1678	0
M2|PP755582.1|A/cattle/Texas/24-008749-002/2024(H5N1)	1679	0
M2|PP755582.1|A/cattle/Texas/24-008749-002/2024(H5N1)	1680	0
M2|PP755582.1|A/cattle/Texas/24-008749-002/2024(H5N1)	1681	0
M2|PP755582.1|A/cattle/Texas/24-008749-002/2024(H5N1)	1682	0
M2|PP755582.1|A/cattle/Texas/24-008749-002/2024(H5N1)	1683	0
M2|PP755582.1|A/cattle/Texas/24-008749-002/2024(H5N1)	1684	0
M2|PP755582.1|A/cattle/Texas/24-008749-002/2024(H5N1)	1685	0
M2|PP755582.1|A/cattle/Texas/24-008749-002/2024(H5N1)	1686	0
M2|PP755582.1|A/cattle/Texas/24-008749-002/2024(H5N1)	1687	0
M2|PP755582.1|A/cattle/Texas/24-008749-002/2024(H5N1)	1688	0
M2|PP755582.1|A/cattle/Texas/24-008749-002/2024(H5N1)	1689	0
M2|PP755582.1|A/cattle/Texas/24-008749-002/2024(H5N1)	1690	0
M2|PP755582.1|A/cattle/Texas/24-008749-002/2024(H5N1)	1691	0
M2|PP755582.1|A/cattle/Texas/24-008749-002/2024(H5N1)	1692	0
M2|PP755582.1|A/cattle/Texas/24-008749-002/2024(H5N1)	1693	0
M2|PP755582.1|A/cattle/Texas/24-008749-002/2024(H5N1)	1694	0
M2|PP755582.1|A/cattle/Texas/24-008749-002/2024(H5N1)	1695	0
M2|PP755582.1|A/cattle/Texas/24-008749-002/2024(H5N1)	1696	0
M2|PP755582.1|A/cattle/Texas/24-008749-002/2024(H5N1)	1697	0
M2|PP755582.1|A/cattle/Texas/24-008749-002/2024(H5N1)	1698	0
M2|PP755582.1|A/cattle/Texas/24-008749-002/2024(H5N1)	1699	0
M2|PP755582.1|A/cattle/Texas/24-008749-002/2024(H5N1)	1700	0
M2|PP755582.1|A/cattle/Texas/24-008749-002/2024(H5N1)	1701	0
M2|PP755582.1|A/cattle/Texas/24-008749-002/2024(H5N1)	1702	0
M2|PP755582.1|A/cattle/Texas/24-008749-002/2024(H5N1)	1703	0
M2|PP755582.1|A/cattle/Texas/24-008749-002/2024(H5N1)	1704	0
M2|PP755582.1|A/cattle/Texas/24-008749-002/2024(H5N1)	1705	0
M2|PP755582.1|A/cattle/Texas/24-008749-002/2024(H5N1)	1706	0
M2|PP755582.1|A/cattle/Texas/24-008749-002/2024(H5N1)	1707	0
M2|PP755582.1|A/cattle/Texas/24-008749-002/2024(H5N1)	1708	0
M2|PP755582.1|A/cattle/Texas/24-008749-002/2024(H5N1)	1709	0
M2|PP755582.1|A/cattle/Texas/24-008749-002/2024(H5N1)	1710	0
M2|PP755582.1|A/cattle/Texas/24-008749-002/2024(H5N1)	1711	0
M2|PP755582.1|A/cattle/Texas/24-008749-002/2024(H5N1)	1712	0
M2|PP755582.1|A/cattle/Texas/24-008749-002/2024(H5N1)	1713	0
M2|PP755582.1|A/cattle/Texas/24-008749-002/2024(H5N1)	1714	0
M2|PP755582.1|A/cattle/Texas/24-008749-002/2024(H5N1)	1715	0
M2|PP755582.1|A/cattle/Texas/24-008749-002/2024(H5N1)	1716	0
M2|PP755582.1|A/cattle/Texas/24-008749-002/2024(H5N1)	1717	0
M2|PP755582.1|A/cattle/Texas/24-008749-002/2024(H5N1)	1718	0
M2|PP755582.1|A/cattle/Texas/24-008749-002/2024(H5N1)	1719	0
M2|PP755582.1|A/cattle/Texas/24-008749-002/2024(H5N1)	1720	0
M2|PP755582.1|A/cattle/Texas/24-008749-002/2024(H5N1)	1721	0
M2|PP755582.1|A/cattle/Texas/24-008749-002/2024(H5N1)	1722	0
M2|PP755582.1|A/cattle/Texas/24-008749-002/2024(H5N1)	1723	0
M2|PP755582.1|A/cattle/Texas/24-008749-002/2024(H5N1)	1724	0
M2|PP755582.1|A/cattle/Texas/24-008749-002/2024(H5N1)	1725	0
M2|PP755582.1|A/cattle/Texas/24-008749-002/2024(H5N1)	1726	0
M2|PP755582.1|A/cattle/Texas/24-008749-002/2024(H5N1)	1727	0
M2|PP755582.1|A/cattle/Texas/24-008749-002/2024(H5N1)	1728	0
M2|PP755582.1|A/cattle/Texas/24-008749-002/2024(H5N1)	1729	0
M2|PP755582.1|A/cattle/Texas/24-008749-002/2024(H5N1)	1730	0
M2|PP755582.1|A/cattle/Texas/24-008749-002/2024(H5N1)	1731	0
M2|PP755582.1|A/cattle/Texas/24-008749-002/2024(H5N1)	1732	0
M2|PP755582.1|A/cattle/Texas/24-008749-002/2024(H5N1)	1733	0
M2|PP755582.1|A/cattle/Texas/24-008749-002/2024(H5N1)	1734	0
M2|PP755582.1|A/cattle/Texas/24-008749-002/2024(H5N1)	1735	0
M2|PP755582.1|A/cattle/Texas/24-008749-002/2024(H5N1)	1736	0
M2|PP755582.1|A/cattle/Texas/24-008749-002/2024(H5N1)	1737	0
M2|PP755582.1|A/cattle/Texas/24-008749-002/2024(H5N1)	1738	0
M2|PP755582.1|A/cattle/Texas/24-008749-002/2024(H5N1)	1739	0
M2|PP755582.1|A/cattle/Texas/24-008749-002/2024(H5N1)	1740	0
M2|PP755582.1|A/cattle/Texas/24-008749-002/2024(H5N1)	1741	0
M2|PP755582.1|A/cattle/Texas/24-008749-002/2024(H5N1)	1742	0
M2|PP755582.1|A/cattle/Texas/24-008749-002/2024(H5N1)	1743	0
M2|PP755582.1|A/cattle/Texas/24-008749-002/2024(H5N1)	1744	0
M2|PP755582.1|A/cattle/Texas/24-008749-002/2024(H5N1)	1745	0
M2|PP755582.1|A/cattle/Texas/24-008749-002/2024(H5N1)	1746	0
M2|PP755582.1|A/cattle/Texas/24-008749-002/2024(H5N1)	1747	0
M2|PP755582.1|A/cattle/Texas/24-008749-002/2024(H5N1)	1748	0
M2|PP755582.1|A/cattle/Texas/24-008749-002/2024(H5N1)	1749	0
M2|PP755582.1|A/cattle/Texas/24-008749-002/2024(H5N1)	1750	0
M2|PP755582.1|A/cattle/Texas/24-008749-002/2024(H5N1)	1751	0
M2|PP755582.1|A/cattle/Texas/24-008749-002/2024(H5N1)	1752	0
M2|PP755582.1|A/cattle/Texas/24-008749-002/2024(H5N1)	1753	0
M2|PP755582.1|A/cattle/Texas/24-008749-002/2024(H5N1)	1754	0
M2|PP755582.1|A/cattle/Texas/24-008749-002/2024(H5N1)	1755	0
M2|PP755582.1|A/cattle/Texas/24-008749-002/2024(H5N1)	1756	0
M2|PP755582.1|A/cattle/Texas/24-008749-002/2024(H5N1)	1757	0
M2|PP755582.1|A/cattle/Texas/24-008749-002/2024(H5N1)	1758	0
M2|PP755582.1|A/cattle/Texas/24-008749-002/2024(H5N1)	1759	0
M2|PP755582.1|A/cattle/Texas/24-008749-002/2024(H5N1)	1760	0
M2|PP755582.1|A/cattle/Texas/24-008749-002/2024(H5N1)	1761	0
M2|PP755582.1|A/cattle/Texas/24-008749-002/2024(H5N1)	1762	0
M2|PP755582.1|A/cattle/Texas/24-008749-002/2024(H5N1)	1763	0
M2|PP755582.1|A/cattle/Texas/24-008749-002/2024(H5N1)	1764	0
M2|PP755582.1|A/cattle/Texas/24-008749-002/2024(H5N1)	1765	0
M2|PP755582.1|A/cattle/Texas/24-008749-002/2024(H5N1)	1766	0
M2|PP755582.1|A/cattle/Texas/24-008749-002/2024(H5N1)	1767	0
M2|PP755582.1|A/cattle/Texas/24-008749-002/2024(H5N1)	1768	0
M2|PP755582.1|A/cattle/Texas/24-008749-002/2024(H5N1)	1769	0
M2|PP755582.1|A/cattle/Texas/24-008749-002/2024(H5N1)	1770	0
M2|PP755582.1|A/cattle/Texas/24-008749-002/2024(H5N1)	1771	0
M2|PP755582.1|A/cattle/Texas/24-008749-002/2024(H5N1)	1772	0
M2|PP755582.1|A/cattle/Texas/24-008749-002/2024(H5N1)	1773	0
M2|PP755582.1|A/cattle/Texas/24-008749-002/2024(H5N1)	1774	0
M2|PP755582.1|A/cattle/Texas/24-008749-002/2024(H5N1)	1775	0
M2|PP755582.1|A/cattle/Texas/24-008749-002/2024(H5N1)	1776	0
M2|PP755582.1|A/cattle/Texas/24-008749-002/2024(H5N1)	1777	0
M2|PP755582.1|A/cattle/Texas/24-008749-002/2024(H5N1)	1778	0
M2|PP755582.1|A/cattle/Texas/24-008749-002/2024(H5N1)	1779	0
M2|PP755582.1|A/cattle/Texas/24-008749-002/2024(H5N1)	1780	0
M2|PP755582.1|A/cattle/Texas/24-008749-002/2024(H5N1)	1781	0
M2|PP755582.1|A/cattle/Texas/24-008749-002/2024(H5N1)	1782	0
M2|PP755582.1|A/cattle/Texas/24-008749-002/2024(H5N1)	1783	0
M2|PP755582.1|A/cattle/Texas/24-008749-002/2024(H5N1)	1784	0
M2|PP755582.1|A/cattle/Texas/24-008749-002/2024(H5N1)	1785	0
M2|PP755582.1|A/cattle/Texas/24-008749-002/2024(H5N1)	1786	0
M2|PP755582.1|A/cattle/Texas/24-008749-002/2024(H5N1)	1787	0
M2|PP755582.1|A/cattle/Texas/24-008749-002/2024(H5N1)	1788	0
M2|PP755582.1|A/cattle/Texas/24-008749-002/2024(H5N1)	1789	0
M2|PP755582.1|A/cattle/Texas/24-008749-002/2024(H5N1)	1790	0
M2|PP755582.1|A/cattle/Texas/24-008749-002/2024(H5N1)	1791	0
M2|PP755582.1|A/cattle/Texas/24-008749-002/2024(H5N1)	1792	0
M2|PP755582.1|A/cattle/Texas/24-008749-002/2024(H5N1)	1793	0
M2|PP755582.1|A/cattle/Texas/24-008749-002/2024(H5N1)	1794	0
M2|PP755582.1|A/cattle/Texas/24-008749-002/2024(H5N1)	1795	0
M2|PP755582.1|A/cattle/Texas/24-008749-002/2024(H5N1)	1796	0
M2|PP755582.1|A/cattle/Texas/24-008749-002/2024(H5N1)	1797	0
M2|PP755582.1|A/cattle/Texas/24-008749-002/2024(H5N1)	1798	0
M2|PP755582.1|A/cattle/Texas/24-008749-002/2024(H5N1)	1799	0
M2|PP755582.1|A/cattle/Texas/24-008749-002/2024(H5N1)	1800	0
M2|PP755582.1|A/cattle/Texas/24-008749-002/2024(H5N1)	1801	0
M2|PP755582.1|A/cattle/Texas/24-008749-002/2024(H5N1)	1802	0
M2|PP755582.1|A/cattle/Texas/24-008749-002/2024(H5N1)	1803	0
M2|PP755582.1|A/cattle/Texas/24-008749-002/2024(H5N1)	1804	0
M2|PP755582.1|A/cattle/Texas/24-008749-002/2024(H5N1)	1805	0
M2|PP755582.1|A/cattle/Texas/24-008749-002/2024(H5N1)	1806	0
M2|PP755582.1|A/cattle/Texas/24-008749-002/2024(H5N1)	1807	0
M2|PP755582.1|A/cattle/Texas/24-008749-002/2024(H5N1)	1808	0
M2|PP755582.1|A/cattle/Texas/24-008749-002/2024(H5N1)	1809	0
M2|PP755582.1|A/cattle/Texas/24-008749-002/2024(H5N1)	1810	0
M2|PP755582.1|A/cattle/Texas/24-008749-002/2024(H5N1)	1811	0
M2|PP755582.1|A/cattle/Texas/24-008749-002/2024(H5N1)	1812	0
M2|PP755582.1|A/cattle/Texas/24-008749-002/2024(H5N1)	1813	0
M2|PP755582.1|A/cattle/Texas/24-008749-002/2024(H5N1)	1814	0
M2|PP755582.1|A/cattle/Texas/24-008749-002/2024(H5N1)	1815	0
M2|PP755582.1|A/cattle/Texas/24-008749-002/2024(H5N1)	1816	0
M2|PP755582.1|A/cattle/Texas/24-008749-002/2024(H5N1)	1817	0
M2|PP755582.1|A/cattle/Texas/24-008749-002/2024(H5N1)	1818	0
M2|PP755582.1|A/cattle/Texas/24-008749-002/2024(H5N1)	1819	0
M2|PP755582.1|A/cattle/Texas/24-008749-002/2024(H5N1)	1820	0
M2|PP755582.1|A/cattle/Texas/24-008749-002/2024(H5N1)	1821	0
M2|PP755582.1|A/cattle/Texas/24-008749-002/2024(H5N1)	1822	0
M2|PP755582.1|A/cattle/Texas/24-008749-002/2024(H5N1)	1823	0
M2|PP755582.1|A/cattle/Texas/24-008749-002/2024(H5N1)	1824	0
M2|PP755582.1|A/cattle/Texas/24-008749-002/2024(H5N1)	1825	0
M2|PP755582.1|A/cattle/Texas/24-008749-002/2024(H5N1)	1826	0
M2|PP755582.1|A/cattle/Texas/24-008749-002/2024(H5N1)	1827	0
M2|PP755582.1|A/cattle/Texas/24-008749-002/2024(H5N1)	1828	0
M2|PP755582.1|A/cattle/Texas/24-008749-002/2024(H5N1)	1829	0
M2|PP755582.1|A/cattle/Texas/24-008749-002/2024(H5N1)	1830	0
M2|PP755582.1|A/cattle/Texas/24-008749-002/2024(H5N1)	1831	0
M2|PP755582.1|A/cattle/Texas/24-008749-002/2024(H5N1)	1832	0
M2|PP755582.1|A/cattle/Texas/24-008749-002/2024(H5N1)	1833	0
M2|PP755582.1|A/cattle/Texas/24-008749-002/2024(H5N1)	1834	0
M2|PP755582.1|A/cattle/Texas/24-008749-002/2024(H5N1)	1835	0
M2|PP755582.1|A/cattle/Texas/24-008749-002/2024(H5N1)	1836	0
M2|PP755582.1|A/cattle/Texas/24-008749-002/2024(H5N1)	1837	0
M2|PP755582.1|A/cattle/Texas/24-008749-002/2024(H5N1)	1838	0
M2|PP755582.1|A/cattle/Texas/24-008749-002/2024(H5N1)	1839	0
M2|PP755582.1|A/cattle/Texas/24-008749-002/2024(H5N1)	1840	0
M2|PP755582.1|A/cattle/Texas/24-008749-002/2024(H5N1)	1841	0
M2|PP755582.1|A/cattle/Texas/24-008749-002/2024(H5N1)	1842	0
M2|PP755582.1|A/cattle/Texas/24-008749-002/2024(H5N1)	1843	0
M2|PP755582.1|A/cattle/Texas/24-008749-002/2024(H5N1)	1844	0
M2|PP755582.1|A/cattle/Texas/24-008749-002/2024(H5N1)	1845	0
M2|PP755582.1|A/cattle/Texas/24-008749-002/2024(H5N1)	1846	0
M2|PP755582.1|A/cattle/Texas/24-008749-002/2024(H5N1)	1847	0
M2|PP755582.1|A/cattle/Texas/24-008749-002/2024(H5N1)	1848	0
M2|PP755582.1|A/cattle/Texas/24-008749-002/2024(H5N1)	1849	0
M2|PP755582.1|A/cattle/Texas/24-008749-002/2024(H5N1)	1850	0
M2|PP755582.1|A/cattle/Texas/24-008749-002/2024(H5N1)	1851	0
M2|PP755582.1|A/cattle/Texas/24-008749-002/2024(H5N1)	1852	0
M2|PP755582.1|A/cattle/Texas/24-008749-002/2024(H5N1)	1853	0
M2|PP755582.1|A/cattle/Texas/24-008749-002/2024(H5N1)	1854	0
M2|PP755582.1|A/cattle/Texas/24-008749-002/2024(H5N1)	1855	0
M2|PP755582.1|A/cattle/Texas/24-008749-002/2024(H5N1)	1856	0
M2|PP755582.1|A/cattle/Texas/24-008749-002/2024(H5N1)	1857	0
M2|PP755582.1|A/cattle/Texas/24-008749-002/2024(H5N1)	1858	0
M2|PP755582.1|A/cattle/Texas/24-008749-002/2024(H5N1)	1859	0
M2|PP755582.1|A/cattle/Texas/24-008749-002/2024(H5N1)	1860	0
M2|PP755582.1|A/cattle/Texas/24-008749-002/2024(H5N1)	1861	0
M2|PP755582.1|A/cattle/Texas/24-008749-002/2024(H5N1)	1862	0
M2|PP755582.1|A/cattle/Texas/24-008749-002/2024(H5N1)	1863	0
M2|PP755582.1|A/cattle/Texas/24-008749-002/2024(H5N1)	1864	0
M2|PP755582.1|A/cattle/Texas/24-008749-002/2024(H5N1)	1865	0
M2|PP755582.1|A/cattle/Texas/24-008749-002/2024(H5N1)	1866	0
M2|PP755582.1|A/cattle/Texas/24-008749-002/2024(H5N1)	1867	0
M2|PP755582.1|A/cattle/Texas/24-008749-002/2024(H5N1)	1868	0
M2|PP755582.1|A/cattle/Texas/24-008749-002/2024(H5N1)	1869	0
M2|PP755582.1|A/cattle/Texas/24-008749-002/2024(H5N1)	1870	0
M2|PP755582.1|A/cattle/Texas/24-008749-002/2024(H5N1)	1871	0
M2|PP755582.1|A/cattle/Texas/24-008749-002/2024(H5N1)	1872	0
M2|PP755582.1|A/cattle/Texas/24-008749-002/2024(H5N1)	1873	0
M2|PP755582.1|A/cattle/Texas/24-008749-002/2024(H5N1)	1874	0
M2|PP755582.1|A/cattle/Texas/24-008749-002/2024(H5N1)	1875	0
M2|PP755582.1|A/cattle/Texas/24-008749-002/2024(H5N1)	1876	0
M2|PP755582.1|A/cattle/Texas/24-008749-002/2024(H5N1)	1877	0
M2|PP755582.1|A/cattle/Texas/24-008749-002/2024(H5N1)	1878	0
M2|PP755582.1|A/cattle/Texas/24-008749-002/2024(H5N1)	1879	0
M2|PP755582.1|A/cattle/Texas/24-008749-002/2024(H5N1)	1880	0
M2|PP755582.1|A/cattle/Texas/24-008749-002/2024(H5N1)	1881	0
M2|PP755582.1|A/cattle/Texas/24-008749-002/2024(H5N1)	1882	0
M2|PP755582.1|A/cattle/Texas/24-008749-002/2024(H5N1)	1883	0
M2|PP755582.1|A/cattle/Texas/24-008749-002/2024(H5N1)	1884	0
M2|PP755582.1|A/cattle/Texas/24-008749-002/2024(H5N1)	1885	0
M2|PP755582.1|A/cattle/Texas/24-008749-002/2024(H5N1)	1886	0
M2|PP755582.1|A/cattle/Texas/24-008749-002/2024(H5N1)	1887	0
M2|PP755582.1|A/cattle/Texas/24-008749-002/2024(H5N1)	1888	0
M2|PP755582.1|A/cattle/Texas/24-008749-002/2024(H5N1)	1889	0
M2|PP755582.1|A/cattle/Texas/24-008749-002/2024(H5N1)	1890	0
M2|PP755582.1|A/cattle/Texas/24-008749-002/2024(H5N1)	1891	0
M2|PP755582.1|A/cattle/Texas/24-008749-002/2024(H5N1)	1892	0
M2|PP755582.1|A/cattle/Texas/24-008749-002/2024(H5N1)	1893	0
M2|PP755582.1|A/cattle/Texas/24-008749-002/2024(H5N1)	1894	0
M2|PP755582.1|A/cattle/Texas/24-008749-002/2024(H5N1)	1895	0
M2|PP755582.1|A/cattle/Texas/24-008749-002/2024(H5N1)	1896	0
M2|PP755582.1|A/cattle/Texas/24-008749-002/2024(H5N1)	1897	0
M2|PP755582.1|A/cattle/Texas/24-008749-002/2024(H5N1)	1898	0
M2|PP755582.1|A/cattle/Texas/24-008749-002/2024(H5N1)	1899	0
M2|PP755582.1|A/cattle/Texas/24-008749-002/2024(H5N1)	1900	0
M2|PP755582.1|A/cattle/Texas/24-008749-002/2024(H5N1)	1901	0
M2|PP755582.1|A/cattle/Texas/24-008749-002/2024(H5N1)	1902	0
M2|PP755582.1|A/cattle/Texas/24-008749-002/2024(H5N1)	1903	0
M2|PP755582.1|A/cattle/Texas/24-008749-002/2024(H5N1)	1904	0
M2|PP755582.1|A/cattle/Texas/24-008749-002/2024(H5N1)	1905	0
M2|PP755582.1|A/cattle/Texas/24-008749-002/2024(H5N1)	1906	0
M2|PP755582.1|A/cattle/Texas/24-008749-002/2024(H5N1)	1907	0
M2|PP755582.1|A/cattle/Texas/24-008749-002/2024(H5N1)	1908	0
M2|PP755582.1|A/cattle/Texas/24-008749-002/2024(H5N1)	1909	0
M2|PP755582.1|A/cattle/Texas/24-008749-002/2024(H5N1)	1910	0
M2|PP755582.1|A/cattle/Texas/24-008749-002/2024(H5N1)	1911	0
M2|PP755582.1|A/cattle/Texas/24-008749-002/2024(H5N1)	1912	0
M2|PP755582.1|A/cattle/Texas/24-008749-002/2024(H5N1)	1913	0
M2|PP755582.1|A/cattle/Texas/24-008749-002/2024(H5N1)	1914	0
M2|PP755582.1|A/cattle/Texas/24-008749-002/2024(H5N1)	1915	0
M2|PP755582.1|A/cattle/Texas/24-008749-002/2024(H5N1)	1916	0
M2|PP755582.1|A/cattle/Texas/24-008749-002/2024(H5N1)	1917	0
M2|PP755582.1|A/cattle/Texas/24-008749-002/2024(H5N1)	1918	0
M2|PP755582.1|A/cattle/Texas/24-008749-002/2024(H5N1)	1919	0
M2|PP755582.1|A/cattle/Texas/24-008749-002/2024(H5N1)	1920	0
M2|PP755582.1|A/cattle/Texas/24-008749-002/2024(H5N1)	1921	0
M2|PP755582.1|A/cattle/Texas/24-008749-002/2024(H5N1)	1922	0
M2|PP755582.1|A/cattle/Texas/24-008749-002/2024(H5N1)	1923	0
M2|PP755582.1|A/cattle/Texas/24-008749-002/2024(H5N1)	1924	0
M2|PP755582.1|A/cattle/Texas/24-008749-002/2024(H5N1)	1925	0
M2|PP755582.1|A/cattle/Texas/24-008749-002/2024(H5N1)	1926	0
M2|PP755582.1|A/cattle/Texas/24-008749-002/2024(H5N1)	1927	0
M2|PP755582.1|A/cattle/Texas/24-008749-002/2024(H5N1)	1928	0
M2|PP755582.1|A/cattle/Texas/24-008749-002/2024(H5N1)	1929	0
M2|PP755582.1|A/cattle/Texas/24-008749-002/2024(H5N1)	1930	0
M2|PP755582.1|A/cattle/Texas/24-008749-002/2024(H5N1)	1931	0
M2|PP755582.1|A/cattle/Texas/24-008749-002/2024(H5N1)	1932	0
M2|PP755582.1|A/cattle/Texas/24-008749-002/2024(H5N1)	1933	0
M2|PP755582.1|A/cattle/Texas/24-008749-002/2024(H5N1)	1934	0
M2|PP755582.1|A/cattle/Texas/24-008749-002/2024(H5N1)	1935	0
M2|PP755582.1|A/cattle/Texas/24-008749-002/2024(H5N1)	1936	0
M2|PP755582.1|A/cattle/Texas/24-008749-002/2024(H5N1)	1937	0
M2|PP755582.1|A/cattle/Texas/24-008749-002/2024(H5N1)	1938	0
M2|PP755582.1|A/cattle/Texas/24-008749-002/2024(H5N1)	1939	0
M2|PP755582.1|A/cattle/Texas/24-008749-002/2024(H5N1)	1940	0
M2|PP755582.1|A/cattle/Texas/24-008749-002/2024(H5N1)	1941	0
M2|PP755582.1|A/cattle/Texas/24-008749-002/2024(H5N1)	1942	0
M2|PP755582.1|A/cattle/Texas/24-008749-002/2024(H5N1)	1943	0
M2|PP755582.1|A/cattle/Texas/24-008749-002/2024(H5N1)	1944	0
M2|PP755582.1|A/cattle/Texas/24-008749-002/2024(H5N1)	1945	0
M2|PP755582.1|A/cattle/Texas/24-008749-002/2024(H5N1)	1946	0
M2|PP755582.1|A/cattle/Texas/24-008749-002/2024(H5N1)	1947	0
M2|PP755582.1|A/cattle/Texas/24-008749-002/2024(H5N1)	1948	0
M2|PP755582.1|A/cattle/Texas/24-008749-002/2024(H5N1)	1949	0
M2|PP755582.1|A/cattle/Texas/24-008749-002/2024(H5N1)	1950	0
M2|PP755582.1|A/cattle/Texas/24-008749-002/2024(H5N1)	1951	0
M2|PP755582.1|A/cattle/Texas/24-008749-002/2024(H5N1)	1952	0
M2|PP755582.1|A/cattle/Texas/24-008749-002/2024(H5N1)	1953	0
M2|PP755582.1|A/cattle/Texas/24-008749-002/2024(H5N1)	1954	0
M2|PP755582.1|A/cattle/Texas/24-008749-002/2024(H5N1)	1955	0
M2|PP755582.1|A/cattle/Texas/24-008749-002/2024(H5N1)	1956	0
M2|PP755582.1|A/cattle/Texas/24-008749-002/2024(H5N1)	1957	0
M2|PP755582.1|A/cattle/Texas/24-008749-002/2024(H5N1)	1958	0
M2|PP755582.1|A/cattle/Texas/24-008749-002/2024(H5N1)	1959	0
M2|PP755582.1|A/cattle/Texas/24-008749-002/2024(H5N1)	1960	0
M2|PP755582.1|A/cattle/Texas/24-008749-002/2024(H5N1)	1961	0
M2|PP755582.1|A/cattle/Texas/24-008749-002/2024(H5N1)	1962	0
M2|PP755582.1|A/cattle/Texas/24-008749-002/2024(H5N1)	1963	0
M2|PP755582.1|A/cattle/Texas/24-008749-002/2024(H5N1)	1964	0
M2|PP755582.1|A/cattle/Texas/24-008749-002/2024(H5N1)	1965	0
M2|PP755582.1|A/cattle/Texas/24-008749-002/2024(H5N1)	1966	0
M2|PP755582.1|A/cattle/Texas/24-008749-002/2024(H5N1)	1967	0
M2|PP755582.1|A/cattle/Texas/24-008749-002/2024(H5N1)	1968	0
M2|PP755582.1|A/cattle/Texas/24-008749-002/2024(H5N1)	1969	0
M2|PP755582.1|A/cattle/Texas/24-008749-002/2024(H5N1)	1970	0
M2|PP755582.1|A/cattle/Texas/24-008749-002/2024(H5N1)	1971	0
M2|PP755582.1|A/cattle/Texas/24-008749-002/2024(H5N1)	1972	0
M2|PP755582.1|A/cattle/Texas/24-008749-002/2024(H5N1)	1973	0
M2|PP755582.1|A/cattle/Texas/24-008749-002/2024(H5N1)	1974	0
M2|PP755582.1|A/cattle/Texas/24-008749-002/2024(H5N1)	1975	0
M2|PP755582.1|A/cattle/Texas/24-008749-002/2024(H5N1)	1976	0
M2|PP755582.1|A/cattle/Texas/24-008749-002/2024(H5N1)	1977	0
M2|PP755582.1|A/cattle/Texas/24-008749-002/2024(H5N1)	1978	0
M2|PP755582.1|A/cattle/Texas/24-008749-002/2024(H5N1)	1979	0
M2|PP755582.1|A/cattle/Texas/24-008749-002/2024(H5N1)	1980	0
M2|PP755582.1|A/cattle/Texas/24-008749-002/2024(H5N1)	1981	0
M2|PP755582.1|A/cattle/Texas/24-008749-002/2024(H5N1)	1982	0
M2|PP755582.1|A/cattle/Texas/24-008749-002/2024(H5N1)	1983	0
M2|PP755582.1|A/cattle/Texas/24-008749-002/2024(H5N1)	1984	0
M2|PP755582.1|A/cattle/Texas/24-008749-002/2024(H5N1)	1985	0
M2|PP755582.1|A/cattle/Texas/24-008749-002/2024(H5N1)	1986	0
M2|PP755582.1|A/cattle/Texas/24-008749-002/2024(H5N1)	1987	0
M2|PP755582.1|A/cattle/Texas/24-008749-002/2024(H5N1)	1988	0
M2|PP755582.1|A/cattle/Texas/24-008749-002/2024(H5N1)	1989	0
M2|PP755582.1|A/cattle/Texas/24-008749-002/2024(H5N1)	1990	0
M2|PP755582.1|A/cattle/Texas/24-008749-002/2024(H5N1)	1991	0
M2|PP755582.1|A/cattle/Texas/24-008749-002/2024(H5N1)	1992	0
M2|PP755582.1|A/cattle/Texas/24-008749-002/2024(H5N1)	1993	0
M2|PP755582.1|A/cattle/Texas/24-008749-002/2024(H5N1)	1994	0
M2|PP755582.1|A/cattle/Texas/24-008749-002/2024(H5N1)	1995	0
M2|PP755582.1|A/cattle/Texas/24-008749-002/2024(H5N1)	1996	0
M2|PP755582.1|A/cattle/Texas/24-008749-002/2024(H5N1)	1997	0
M2|PP755582.1|A/cattle/Texas/24-008749-002/2024(H5N1)	1998	0
M2|PP755582.1|A/cattle/Texas/24-008749-002/2024(H5N1)	1999	0
M2|PP755582.1|A/cattle/Texas/24-008749-002/2024(H5N1)	2000	0
M2|PP755582.1|A/cattle/Texas/24-008749-002/2024(H5N1)	2001	0
M2|PP755582.1|A/cattle/Texas/24-008749-002/2024(H5N1)	2002	0
M2|PP755582.1|A/cattle/Texas/24-008749-002/2024(H5N1)	2003	0
M2|PP755582.1|A/cattle/Texas/24-008749-002/2024(H5N1)	2004	0
M2|PP755582.1|A/cattle/Texas/24-008749-002/2024(H5N1)	2005	0
M2|PP755582.1|A/cattle/Texas/24-008749-002/2024(H5N1)	2006	0
M2|PP755582.1|A/cattle/Texas/24-008749-002/2024(H5N1)	2007	0
M2|PP755582.1|A/cattle/Texas/24-008749-002/2024(H5N1)	2008	0
M2|PP755582.1|A/cattle/Texas/24-008749-002/2024(H5N1)	2009	0
M2|PP755582.1|A/cattle/Texas/24-008749-002/2024(H5N1)	2010	0
M2|PP755582.1|A/cattle/Texas/24-008749-002/2024(H5N1)	2011	0
M2|PP755582.1|A/cattle/Texas/24-008749-002/2024(H5N1)	2012	0
M2|PP755582.1|A/cattle/Texas/24-008749-002/2024(H5N1)	2013	0
M2|PP755582.1|A/cattle/Texas/24-008749-002/2024(H5N1)	2014	0
M2|PP755582.1|A/cattle/Texas/24-008749-002/2024(H5N1)	2015	0
M2|PP755582.1|A/cattle/Texas/24-008749-002/2024(H5N1)	2016	0
M2|PP755582.1|A/cattle/Texas/24-008749-002/2024(H5N1)	2017	0
M2|PP755582.1|A/cattle/Texas/24-008749-002/2024(H5N1)	2018	0
M2|PP755582.1|A/cattle/Texas/24-008749-002/2024(H5N1)	2019	0
M2|PP755582.1|A/cattle/Texas/24-008749-002/2024(H5N1)	2020	0
M2|PP755582.1|A/cattle/Texas/24-008749-002/2024(H5N1)	2021	0
M2|PP755582.1|A/cattle/Texas/24-008749-002/2024(H5N1)	2022	0
M2|PP755582.1|A/cattle/Texas/24-008749-002/2024(H5N1)	2023	0
M2|PP755582.1|A/cattle/Texas/24-008749-002/2024(H5N1)	2024	0
M2|PP755582.1|A/cattle/Texas/24-008749-002/2024(H5N1)	2025	0
M2|PP755582.1|A/cattle/Texas/24-008749-002/2024(H5N1)	2026	0
M2|PP755582.1|A/cattle/Texas/24-008749-002/2024(H5N1)	2027	0
M2|PP755582.1|A/cattle/Texas/24-008749-002/2024(H5N1)	2028	0
M2|PP755582.1|A/cattle/Texas/24-008749-002/2024(H5N1)	2029	0
M2|PP755582.1|A/cattle/Texas/24-008749-002/2024(H5N1)	2030	0
M2|PP755582.1|A/cattle/Texas/24-008749-002/2024(H5N1)	2031	0
M2|PP755582.1|A/cattle/Texas/24-008749-002/2024(H5N1)	2032	0
M2|PP755582.1|A/cattle/Texas/24-008749-002/2024(H5N1)	2033	0
M2|PP755582.1|A/cattle/Texas/24-008749-002/2024(H5N1)	2034	0
M2|PP755582.1|A/cattle/Texas/24-008749-002/2024(H5N1)	2035	0
M2|PP755582.1|A/cattle/Texas/24-008749-002/2024(H5N1)	2036	0
M2|PP755582.1|A/cattle/Texas/24-008749-002/2024(H5N1)	2037	0
M2|PP755582.1|A/cattle/Texas/24-008749-002/2024(H5N1)	2038	0
M2|PP755582.1|A/cattle/Texas/24-008749-002/2024(H5N1)	2039	0
M2|PP755582.1|A/cattle/Texas/24-008749-002/2024(H5N1)	2040	0
M2|PP755582.1|A/cattle/Texas/24-008749-002/2024(H5N1)	2041	0
M2|PP755582.1|A/cattle/Texas/24-008749-002/2024(H5N1)	2042	0
M2|PP755582.1|A/cattle/Texas/24-008749-002/2024(H5N1)	2043	0
M2|PP755582.1|A/cattle/Texas/24-008749-002/2024(H5N1)	2044	0
M2|PP755582.1|A/cattle/Texas/24-008749-002/2024(H5N1)	2045	0
M2|PP755582.1|A/cattle/Texas/24-008749-002/2024(H5N1)	2046	0
M2|PP755582.1|A/cattle/Texas/24-008749-002/2024(H5N1)	2047	0
M2|PP755582.1|A/cattle/Texas/24-008749-002/2024(H5N1)	2048	0
M2|PP755582.1|A/cattle/Texas/24-008749-002/2024(H5N1)	2049	0
M2|PP755582.1|A/cattle/Texas/24-008749-002/2024(H5N1)	2050	0
M2|PP755582.1|A/cattle/Texas/24-008749-002/2024(H5N1)	2051	0
M2|PP755582.1|A/cattle/Texas/24-008749-002/2024(H5N1)	2052	0
M2|PP755582.1|A/cattle/Texas/24-008749-002/2024(H5N1)	2053	0
M2|PP755582.1|A/cattle/Texas/24-008749-002/2024(H5N1)	2054	0
M2|PP755582.1|A/cattle/Texas/24-008749-002/2024(H5N1)	2055	0
M2|PP755582.1|A/cattle/Texas/24-008749-002/2024(H5N1)	2056	0
M2|PP755582.1|A/cattle/Texas/24-008749-002/2024(H5N1)	2057	0
M2|PP755582.1|A/cattle/Texas/24-008749-002/2024(H5N1)	2058	0
M2|PP755582.1|A/cattle/Texas/24-008749-002/2024(H5N1)	2059	0
M2|PP755582.1|A/cattle/Texas/24-008749-002/2024(H5N1)	2060	0
M2|PP755582.1|A/cattle/Texas/24-008749-002/2024(H5N1)	2061	0
M2|PP755582.1|A/cattle/Texas/24-008749-002/2024(H5N1)	2062	0
M2|PP755582.1|A/cattle/Texas/24-008749-002/2024(H5N1)	2063	0
M2|PP755582.1|A/cattle/Texas/24-008749-002/2024(H5N1)	2064	0
M2|PP755582.1|A/cattle/Texas/24-008749-002/2024(H5N1)	2065	0
M2|PP755582.1|A/cattle/Texas/24-008749-002/2024(H5N1)	2066	0
M2|PP755582.1|A/cattle/Texas/24-008749-002/2024(H5N1)	2067	0
M2|PP755582.1|A/cattle/Texas/24-008749-002/2024(H5N1)	2068	0
M2|PP755582.1|A/cattle/Texas/24-008749-002/2024(H5N1)	2069	0
M2|PP755582.1|A/cattle/Texas/24-008749-002/2024(H5N1)	2070	0
M2|PP755582.1|A/cattle/Texas/24-008749-002/2024(H5N1)	2071	0
M2|PP755582.1|A/cattle/Texas/24-008749-002/2024(H5N1)	2072	0
M2|PP755582.1|A/cattle/Texas/24-008749-002/2024(H5N1)	2073	0
M2|PP755582.1|A/cattle/Texas/24-008749-002/2024(H5N1)	2074	0
M2|PP755582.1|A/cattle/Texas/24-008749-002/2024(H5N1)	2075	0
M2|PP755582.1|A/cattle/Texas/24-008749-002/2024(H5N1)	2076	0
M2|PP755582.1|A/cattle/Texas/24-008749-002/2024(H5N1)	2077	0
M2|PP755582.1|A/cattle/Texas/24-008749-002/2024(H5N1)	2078	0
M2|PP755582.1|A/cattle/Texas/24-008749-002/2024(H5N1)	2079	0
M2|PP755582.1|A/cattle/Texas/24-008749-002/2024(H5N1)	2080	0
M2|PP755582.1|A/cattle/Texas/24-008749-002/2024(H5N1)	2081	0
M2|PP755582.1|A/cattle/Texas/24-008749-002/2024(H5N1)	2082	0
M2|PP755582.1|A/cattle/Texas/24-008749-002/2024(H5N1)	2083	0
M2|PP755582.1|A/cattle/Texas/24-008749-002/2024(H5N1)	2084	0
M2|PP755582.1|A/cattle/Texas/24-008749-002/2024(H5N1)	2085	0
M2|PP755582.1|A/cattle/Texas/24-008749-002/2024(H5N1)	2086	0
M2|PP755582.1|A/cattle/Texas/24-008749-002/2024(H5N1)	2087	0
M2|PP755582.1|A/cattle/Texas/24-008749-002/2024(H5N1)	2088	0
M2|PP755582.1|A/cattle/Texas/24-008749-002/2024(H5N1)	2089	0
M2|PP755582.1|A/cattle/Texas/24-008749-002/2024(H5N1)	2090	0
M2|PP755582.1|A/cattle/Texas/24-008749-002/2024(H5N1)	2091	0
M2|PP755582.1|A/cattle/Texas/24-008749-002/2024(H5N1)	2092	0
M2|PP755582.1|A/cattle/Texas/24-008749-002/2024(H5N1)	2093	0
M2|PP755582.1|A/cattle/Texas/24-008749-002/2024(H5N1)	2094	0
M2|PP755582.1|A/cattle/Texas/24-008749-002/2024(H5N1)	2095	0
M2|PP755582.1|A/cattle/Texas/24-008749-002/2024(H5N1)	2096	0
M2|PP755582.1|A/cattle/Texas/24-008749-002/2024(H5N1)	2097	0
M2|PP755582.1|A/cattle/Texas/24-008749-002/2024(H5N1)	2098	0
M2|PP755582.1|A/cattle/Texas/24-008749-002/2024(H5N1)	2099	0
M2|PP755582.1|A/cattle/Texas/24-008749-002/2024(H5N1)	2100	0
M2|PP755582.1|A/cattle/Texas/24-008749-002/2024(H5N1)	2101	0
M2|PP755582.1|A/cattle/Texas/24-008749-002/2024(H5N1)	2102	0
M2|PP755582.1|A/cattle/Texas/24-008749-002/2024(H5N1)	2103	0
M2|PP755582.1|A/cattle/Texas/24-008749-002/2024(H5N1)	2104	0
M2|PP755582.1|A/cattle/Texas/24-008749-002/2024(H5N1)	2105	0
M2|PP755582.1|A/cattle/Texas/24-008749-002/2024(H5N1)	2106	0
M2|PP755582.1|A/cattle/Texas/24-008749-002/2024(H5N1)	2107	0
M2|PP755582.1|A/cattle/Texas/24-008749-002/2024(H5N1)	2108	0
M2|PP755582.1|A/cattle/Texas/24-008749-002/2024(H5N1)	2109	0
M2|PP755582.1|A/cattle/Texas/24-008749-002/2024(H5N1)	2110	0
M2|PP755582.1|A/cattle/Texas/24-008749-002/2024(H5N1)	2111	0
M2|PP755582.1|A/cattle/Texas/24-008749-002/2024(H5N1)	2112	0
M2|PP755582.1|A/cattle/Texas/24-008749-002/2024(H5N1)	2113	0
M2|PP755582.1|A/cattle/Texas/24-008749-002/2024(H5N1)	2114	0
M2|PP755582.1|A/cattle/Texas/24-008749-002/2024(H5N1)	2115	0
M2|PP755582.1|A/cattle/Texas/24-008749-002/2024(H5N1)	2116	0
M2|PP755582.1|A/cattle/Texas/24-008749-002/2024(H5N1)	2117	0
M2|PP755582.1|A/cattle/Texas/24-008749-002/2024(H5N1)	2118	0
M2|PP755582.1|A/cattle/Texas/24-008749-002/2024(H5N1)	2119	0
M2|PP755582.1|A/cattle/Texas/24-008749-002/2024(H5N1)	2120	0
M2|PP755582.1|A/cattle/Texas/24-008749-002/2024(H5N1)	2121	0
M2|PP755582.1|A/cattle/Texas/24-008749-002/2024(H5N1)	2122	0
M2|PP755582.1|A/cattle/Texas/24-008749-002/2024(H5N1)	2123	0
M2|PP755582.1|A/cattle/Texas/24-008749-002/2024(H5N1)	2124	0
M2|PP755582.1|A/cattle/Texas/24-008749-002/2024(H5N1)	2125	0
M2|PP755582.1|A/cattle/Texas/24-008749-002/2024(H5N1)	2126	0
M2|PP755582.1|A/cattle/Texas/24-008749-002/2024(H5N1)	2127	0
M2|PP755582.1|A/cattle/Texas/24-008749-002/2024(H5N1)	2128	0
M2|PP755582.1|A/cattle/Texas/24-008749-002/2024(H5N1)	2129	0
M2|PP755582.1|A/cattle/Texas/24-008749-002/2024(H5N1)	2130	0
M2|PP755582.1|A/cattle/Texas/24-008749-002/2024(H5N1)	2131	0
M2|PP755582.1|A/cattle/Texas/24-008749-002/2024(H5N1)	2132	0
M2|PP755582.1|A/cattle/Texas/24-008749-002/2024(H5N1)	2133	0
M2|PP755582.1|A/cattle/Texas/24-008749-002/2024(H5N1)	2134	0
M2|PP755582.1|A/cattle/Texas/24-008749-002/2024(H5N1)	2135	0
M2|PP755582.1|A/cattle/Texas/24-008749-002/2024(H5N1)	2136	0
M2|PP755582.1|A/cattle/Texas/24-008749-002/2024(H5N1)	2137	0
M2|PP755582.1|A/cattle/Texas/24-008749-002/2024(H5N1)	2138	0
M2|PP755582.1|A/cattle/Texas/24-008749-002/2024(H5N1)	2139	0
M2|PP755582.1|A/cattle/Texas/24-008749-002/2024(H5N1)	2140	0
M2|PP755582.1|A/cattle/Texas/24-008749-002/2024(H5N1)	2141	0
M2|PP755582.1|A/cattle/Texas/24-008749-002/2024(H5N1)	2142	0
M2|PP755582.1|A/cattle/Texas/24-008749-002/2024(H5N1)	2143	0
M2|PP755582.1|A/cattle/Texas/24-008749-002/2024(H5N1)	2144	0
M2|PP755582.1|A/cattle/Texas/24-008749-002/2024(H5N1)	2145	0
M2|PP755582.1|A/cattle/Texas/24-008749-002/2024(H5N1)	2146	0
M2|PP755582.1|A/cattle/Texas/24-008749-002/2024(H5N1)	2147	0
M2|PP755582.1|A/cattle/Texas/24-008749-002/2024(H5N1)	2148	0
M2|PP755582.1|A/cattle/Texas/24-008749-002/2024(H5N1)	2149	0
M2|PP755582.1|A/cattle/Texas/24-008749-002/2024(H5N1)	2150	0
M2|PP755582.1|A/cattle/Texas/24-008749-002/2024(H5N1)	2151	0
M2|PP755582.1|A/cattle/Texas/24-008749-002/2024(H5N1)	2152	0
M2|PP755582.1|A/cattle/Texas/24-008749-002/2024(H5N1)	2153	0
M2|PP755582.1|A/cattle/Texas/24-008749-002/2024(H5N1)	2154	0
M2|PP755582.1|A/cattle/Texas/24-008749-002/2024(H5N1)	2155	0
M2|PP755582.1|A/cattle/Texas/24-008749-002/2024(H5N1)	2156	0
M2|PP755582.1|A/cattle/Texas/24-008749-002/2024(H5N1)	2157	0
M2|PP755582.1|A/cattle/Texas/24-008749-002/2024(H5N1)	2158	0
M2|PP755582.1|A/cattle/Texas/24-008749-002/2024(H5N1)	2159	0
M2|PP755582.1|A/cattle/Texas/24-008749-002/2024(H5N1)	2160	0
M2|PP755582.1|A/cattle/Texas/24-008749-002/2024(H5N1)	2161	0
M2|PP755582.1|A/cattle/Texas/24-008749-002/2024(H5N1)	2162	0
M2|PP755582.1|A/cattle/Texas/24-008749-002/2024(H5N1)	2163	0
M2|PP755582.1|A/cattle/Texas/24-008749-002/2024(H5N1)	2164	0
M2|PP755582.1|A/cattle/Texas/24-008749-002/2024(H5N1)	2165	0
M2|PP755582.1|A/cattle/Texas/24-008749-002/2024(H5N1)	2166	0
M2|PP755582.1|A/cattle/Texas/24-008749-002/2024(H5N1)	2167	0
M2|PP755582.1|A/cattle/Texas/24-008749-002/2024(H5N1)	2168	0
M2|PP755582.1|A/cattle/Texas/24-008749-002/2024(H5N1)	2169	0
M2|PP755582.1|A/cattle/Texas/24-008749-002/2024(H5N1)	2170	0
M2|PP755582.1|A/cattle/Texas/24-008749-002/2024(H5N1)	2171	0
M2|PP755582.1|A/cattle/Texas/24-008749-002/2024(H5N1)	2172	0
M2|PP755582.1|A/cattle/Texas/24-008749-002/2024(H5N1)	2173	0
M2|PP755582.1|A/cattle/Texas/24-008749-002/2024(H5N1)	2174	0
M2|PP755582.1|A/cattle/Texas/24-008749-002/2024(H5N1)	2175	0
M2|PP755582.1|A/cattle/Texas/24-008749-002/2024(H5N1)	2176	0
M2|PP755582.1|A/cattle/Texas/24-008749-002/2024(H5N1)	2177	0
M2|PP755582.1|A/cattle/Texas/24-008749-002/2024(H5N1)	2178	0
M2|PP755582.1|A/cattle/Texas/24-008749-002/2024(H5N1)	2179	0
M2|PP755582.1|A/cattle/Texas/24-008749-002/2024(H5N1)	2180	0
M2|PP755582.1|A/cattle/Texas/24-008749-002/2024(H5N1)	2181	0
M2|PP755582.1|A/cattle/Texas/24-008749-002/2024(H5N1)	2182	0
M2|PP755582.1|A/cattle/Texas/24-008749-002/2024(H5N1)	2183	0
M2|PP755582.1|A/cattle/Texas/24-008749-002/2024(H5N1)	2184	0
M2|PP755582.1|A/cattle/Texas/24-008749-002/2024(H5N1)	2185	0
M2|PP755582.1|A/cattle/Texas/24-008749-002/2024(H5N1)	2186	0
M2|PP755582.1|A/cattle/Texas/24-008749-002/2024(H5N1)	2187	0
M2|PP755582.1|A/cattle/Texas/24-008749-002/2024(H5N1)	2188	0
M2|PP755582.1|A/cattle/Texas/24-008749-002/2024(H5N1)	2189	0
M2|PP755582.1|A/cattle/Texas/24-008749-002/2024(H5N1)	2190	0
M2|PP755582.1|A/cattle/Texas/24-008749-002/2024(H5N1)	2191	0
M2|PP755582.1|A/cattle/Texas/24-008749-002/2024(H5N1)	2192	0
M2|PP755582.1|A/cattle/Texas/24-008749-002/2024(H5N1)	2193	0
M2|PP755582.1|A/cattle/Texas/24-008749-002/2024(H5N1)	2194	0
M2|PP755582.1|A/cattle/Texas/24-008749-002/2024(H5N1)	2195	0
M2|PP755582.1|A/cattle/Texas/24-008749-002/2024(H5N1)	2196	0
M2|PP755582.1|A/cattle/Texas/24-008749-002/2024(H5N1)	2197	0
M2|PP755582.1|A/cattle/Texas/24-008749-002/2024(H5N1)	2198	0
M2|PP755582.1|A/cattle/Texas/24-008749-002/2024(H5N1)	2199	0
M2|PP755582.1|A/cattle/Texas/24-008749-002/2024(H5N1)	2200	0
M2|PP755582.1|A/cattle/Texas/24-008749-002/2024(H5N1)	2201	0
M2|PP755582.1|A/cattle/Texas/24-008749-002/2024(H5N1)	2202	0
M2|PP755582.1|A/cattle/Texas/24-008749-002/2024(H5N1)	2203	0
M2|PP755582.1|A/cattle/Texas/24-008749-002/2024(H5N1)	2204	0
M2|PP755582.1|A/cattle/Texas/24-008749-002/2024(H5N1)	2205	0
M2|PP755582.1|A/cattle/Texas/24-008749-002/2024(H5N1)	2206	0
M2|PP755582.1|A/cattle/Texas/24-008749-002/2024(H5N1)	2207	0
M2|PP755582.1|A/cattle/Texas/24-008749-002/2024(H5N1)	2208	0
M2|PP755582.1|A/cattle/Texas/24-008749-002/2024(H5N1)	2209	0
M2|PP755582.1|A/cattle/Texas/24-008749-002/2024(H5N1)	2210	0
M2|PP755582.1|A/cattle/Texas/24-008749-002/2024(H5N1)	2211	0
M2|PP755582.1|A/cattle/Texas/24-008749-002/2024(H5N1)	2212	0
M2|PP755582.1|A/cattle/Texas/24-008749-002/2024(H5N1)	2213	0
M2|PP755582.1|A/cattle/Texas/24-008749-002/2024(H5N1)	2214	0
M2|PP755582.1|A/cattle/Texas/24-008749-002/2024(H5N1)	2215	0
M2|PP755582.1|A/cattle/Texas/24-008749-002/2024(H5N1)	2216	0
M2|PP755582.1|A/cattle/Texas/24-008749-002/2024(H5N1)	2217	0
M2|PP755582.1|A/cattle/Texas/24-008749-002/2024(H5N1)	2218	0
M2|PP755582.1|A/cattle/Texas/24-008749-002/2024(H5N1)	2219	0
M2|PP755582.1|A/cattle/Texas/24-008749-002/2024(H5N1)	2220	0
M2|PP755582.1|A/cattle/Texas/24-008749-002/2024(H5N1)	2221	0
M2|PP755582.1|A/cattle/Texas/24-008749-002/2024(H5N1)	2222	0
M2|PP755582.1|A/cattle/Texas/24-008749-002/2024(H5N1)	2223	0
M2|PP755582.1|A/cattle/Texas/24-008749-002/2024(H5N1)	2224	0
M2|PP755582.1|A/cattle/Texas/24-008749-002/2024(H5N1)	2225	0
M2|PP755582.1|A/cattle/Texas/24-008749-002/2024(H5N1)	2226	0
M2|PP755582.1|A/cattle/Texas/24-008749-002/2024(H5N1)	2227	0
M2|PP755582.1|A/cattle/Texas/24-008749-002/2024(H5N1)	2228	0
M2|PP755582.1|A/cattle/Texas/24-008749-002/2024(H5N1)	2229	0
M2|PP755582.1|A/cattle/Texas/24-008749-002/2024(H5N1)	2230	0
M2|PP755582.1|A/cattle/Texas/24-008749-002/2024(H5N1)	2231	0
M2|PP755582.1|A/cattle/Texas/24-008749-002/2024(H5N1)	2232	0
M2|PP755582.1|A/cattle/Texas/24-008749-002/2024(H5N1)	2233	0
M2|PP755582.1|A/cattle/Texas/24-008749-002/2024(H5N1)	2234	0
M2|PP755582.1|A/cattle/Texas/24-008749-002/2024(H5N1)	2235	0
M2|PP755582.1|A/cattle/Texas/24-008749-002/2024(H5N1)	2236	0
M2|PP755582.1|A/cattle/Texas/24-008749-002/2024(H5N1)	2237	0
M2|PP755582.1|A/cattle/Texas/24-008749-002/2024(H5N1)	2238	0
M2|PP755582.1|A/cattle/Texas/24-008749-002/2024(H5N1)	2239	0
M2|PP755582.1|A/cattle/Texas/24-008749-002/2024(H5N1)	2240	0
M2|PP755582.1|A/cattle/Texas/24-008749-002/2024(H5N1)	2241	0
M2|PP755582.1|A/cattle/Texas/24-008749-002/2024(H5N1)	2242	0
M2|PP755582.1|A/cattle/Texas/24-008749-002/2024(H5N1)	2243	0
M2|PP755582.1|A/cattle/Texas/24-008749-002/2024(H5N1)	2244	0
M2|PP755582.1|A/cattle/Texas/24-008749-002/2024(H5N1)	2245	0
M2|PP755582.1|A/cattle/Texas/24-008749-002/2024(H5N1)	2246	0
M2|PP755582.1|A/cattle/Texas/24-008749-002/2024(H5N1)	2247	0
M2|PP755582.1|A/cattle/Texas/24-008749-002/2024(H5N1)	2248	0
M2|PP755582.1|A/cattle/Texas/24-008749-002/2024(H5N1)	2249	0
M2|PP755582.1|A/cattle/Texas/24-008749-002/2024(H5N1)	2250	0
M2|PP755582.1|A/cattle/Texas/24-008749-002/2024(H5N1)	2251	0
M2|PP755582.1|A/cattle/Texas/24-008749-002/2024(H5N1)	2252	0
M2|PP755582.1|A/cattle/Texas/24-008749-002/2024(H5N1)	2253	0
M2|PP755582.1|A/cattle/Texas/24-008749-002/2024(H5N1)	2254	0
M2|PP755582.1|A/cattle/Texas/24-008749-002/2024(H5N1)	2255	0
M2|PP755582.1|A/cattle/Texas/24-008749-002/2024(H5N1)	2256	0
M2|PP755582.1|A/cattle/Texas/24-008749-002/2024(H5N1)	2257	0
M2|PP755582.1|A/cattle/Texas/24-008749-002/2024(H5N1)	2258	0
M2|PP755582.1|A/cattle/Texas/24-008749-002/2024(H5N1)	2259	0
M2|PP755582.1|A/cattle/Texas/24-008749-002/2024(H5N1)	2260	0
M2|PP755582.1|A/cattle/Texas/24-008749-002/2024(H5N1)	2261	0
M2|PP755582.1|A/cattle/Texas/24-008749-002/2024(H5N1)	2262	0
M2|PP755582.1|A/cattle/Texas/24-008749-002/2024(H5N1)	2263	0
M2|PP755582.1|A/cattle/Texas/24-008749-002/2024(H5N1)	2264	0
M2|PP755582.1|A/cattle/Texas/24-008749-002/2024(H5N1)	2265	0
M2|PP755582.1|A/cattle/Texas/24-008749-002/2024(H5N1)	2266	0
M2|PP755582.1|A/cattle/Texas/24-008749-002/2024(H5N1)	2267	0
M2|PP755582.1|A/cattle/Texas/24-008749-002/2024(H5N1)	2268	0
M2|PP755582.1|A/cattle/Texas/24-008749-002/2024(H5N1)	2269	0
M2|PP755582.1|A/cattle/Texas/24-008749-002/2024(H5N1)	2270	0
M2|PP755582.1|A/cattle/Texas/24-008749-002/2024(H5N1)	2271	0
M2|PP755582.1|A/cattle/Texas/24-008749-002/2024(H5N1)	2272	0
M2|PP755582.1|A/cattle/Texas/24-008749-002/2024(H5N1)	2273	0
M2|PP755582.1|A/cattle/Texas/24-008749-002/2024(H5N1)	2274	0
M2|PP755582.1|A/cattle/Texas/24-008749-002/2024(H5N1)	2275	0
M2|PP755582.1|A/cattle/Texas/24-008749-002/2024(H5N1)	2276	0
M2|PP755582.1|A/cattle/Texas/24-008749-002/2024(H5N1)	2277	0
M2|PP755582.1|A/cattle/Texas/24-008749-002/2024(H5N1)	2278	0
M2|PP755582.1|A/cattle/Texas/24-008749-002/2024(H5N1)	2279	0
M2|PP755582.1|A/cattle/Texas/24-008749-002/2024(H5N1)	2280	0
M2|PP755582.1|A/cattle/Texas/24-008749-002/2024(H5N1)	2281	0
M2|PP755582.1|A/cattle/Texas/24-008749-002/2024(H5N1)	2282	0
M2|PP755582.1|A/cattle/Texas/24-008749-002/2024(H5N1)	2283	0
M2|PP755582.1|A/cattle/Texas/24-008749-002/2024(H5N1)	2284	0
M2|PP755582.1|A/cattle/Texas/24-008749-002/2024(H5N1)	2285	0
M2|PP755582.1|A/cattle/Texas/24-008749-002/2024(H5N1)	2286	0
M2|PP755582.1|A/cattle/Texas/24-008749-002/2024(H5N1)	2287	0
