NA|PP755583.1|A/cattle/Texas/24-008749-002/2024(H5N1)	1	1356
NA|PP755583.1|A/cattle/Texas/24-008749-002/2024(H5N1)	2	1356
NA|PP755583.1|A/cattle/Texas/24-008749-002/2024(H5N1)	3	1361
NA|PP755583.1|A/cattle/Texas/24-008749-002/2024(H5N1)	4	1366
NA|PP755583.1|A/cattle/Texas/24-008749-002/2024(H5N1)	5	1372
NA|PP755583.1|A/cattle/Texas/24-008749-002/2024(H5N1)	6	1377
NA|PP755583.1|A/cattle/Texas/24-008749-002/2024(H5N1)	7	1386
NA|PP755583.1|A/cattle/Texas/24-008749-002/2024(H5N1)	8	1387
NA|PP755583.1|A/cattle/Texas/24-008749-002/2024(H5N1)	9	1386
NA|PP755583.1|A/cattle/Texas/24-008749-002/2024(H5N1)	10	1409
NA|PP755583.1|A/cattle/Texas/24-008749-002/2024(H5N1)	11	1411
NA|PP755583.1|A/cattle/Texas/24-008749-002/2024(H5N1)	12	1416
NA|PP755583.1|A/cattle/Texas/24-008749-002/2024(H5N1)	13	1421
NA|PP755583.1|A/cattle/Texas/24-008749-002/2024(H5N1)	14	1427
NA|PP755583.1|A/cattle/Texas/24-008749-002/2024(H5N1)	15	1443
NA|PP755583.1|A/cattle/Texas/24-008749-002/2024(H5N1)	16	1456
NA|PP755583.1|A/cattle/Texas/24-008749-002/2024(H5N1)	17	1459
NA|PP755583.1|A/cattle/Texas/24-008749-002/2024(H5N1)	18	1543
NA|PP755583.1|A/cattle/Texas/24-008749-002/2024(H5N1)	19	1569
NA|PP755583.1|A/cattle/Texas/24-008749-002/2024(H5N1)	20	1570
NA|PP755583.1|A/cattle/Texas/24-008749-002/2024(H5N1)	21	1584
NA|PP755583.1|A/cattle/Texas/24-008749-002/2024(H5N1)	22	1589
NA|PP755583.1|A/cattle/Texas/24-008749-002/2024(H5N1)	23	1618
NA|PP755583.1|A/cattle/Texas/24-008749-002/2024(H5N1)	24	1627
NA|PP755583.1|A/cattle/Texas/24-008749-002/2024(H5N1)	25	1630
NA|PP755583.1|A/cattle/Texas/24-008749-002/2024(H5N1)	26	1786
NA|PP755583.1|A/cattle/Texas/24-008749-002/2024(H5N1)	27	1800
NA|PP755583.1|A/cattle/Texas/24-008749-002/2024(H5N1)	28	1800
NA|PP755583.1|A/cattle/Texas/24-008749-002/2024(H5N1)	29	1836
NA|PP755583.1|A/cattle/Texas/24-008749-002/2024(H5N1)	30	1848
NA|PP755583.1|A/cattle/Texas/24-008749-002/2024(H5N1)	31	1975
NA|PP755583.1|A/cattle/Texas/24-008749-002/2024(H5N1)	32	1979
NA|PP755583.1|A/cattle/Texas/24-008749-002/2024(H5N1)	33	1982
NA|PP755583.1|A/cattle/Texas/24-008749-002/2024(H5N1)	34	1991
NA|PP755583.1|A/cattle/Texas/24-008749-002/2024(H5N1)	35	2010
NA|PP755583.1|A/cattle/Texas/24-008749-002/2024(H5N1)	36	2034
NA|PP755583.1|A/cattle/Texas/24-008749-002/2024(H5N1)	37	2051
NA|PP755583.1|A/cattle/Texas/24-008749-002/2024(H5N1)	38	2066
NA|PP755583.1|A/cattle/Texas/24-008749-002/2024(H5N1)	39	2125
NA|PP755583.1|A/cattle/Texas/24-008749-002/2024(H5N1)	40	2156
NA|PP755583.1|A/cattle/Texas/24-008749-002/2024(H5N1)	41	2337
NA|PP755583.1|A/cattle/Texas/24-008749-002/2024(H5N1)	42	2340
NA|PP755583.1|A/cattle/Texas/24-008749-002/2024(H5N1)	43	2341
NA|PP755583.1|A/cattle/Texas/24-008749-002/2024(H5N1)	44	2355
NA|PP755583.1|A/cattle/Texas/24-008749-002/2024(H5N1)	45	2362
NA|PP755583.1|A/cattle/Texas/24-008749-002/2024(H5N1)	46	2469
NA|PP755583.1|A/cattle/Texas/24-008749-002/2024(H5N1)	47	2474
NA|PP755583.1|A/cattle/Texas/24-008749-002/2024(H5N1)	48	2505
NA|PP755583.1|A/cattle/Texas/24-008749-002/2024(H5N1)	49	2506
NA|PP755583.1|A/cattle/Texas/24-008749-002/2024(H5N1)	50	2537
NA|PP755583.1|A/cattle/Texas/24-008749-002/2024(H5N1)	51	2543
NA|PP755583.1|A/cattle/Texas/24-008749-002/2024(H5N1)	52	2621
NA|PP755583.1|A/cattle/Texas/24-008749-002/2024(H5N1)	53	2631
NA|PP755583.1|A/cattle/Texas/24-008749-002/2024(H5N1)	54	2637
NA|PP755583.1|A/cattle/Texas/24-008749-002/2024(H5N1)	55	2652
NA|PP755583.1|A/cattle/Texas/24-008749-002/2024(H5N1)	56	2661
NA|PP755583.1|A/cattle/Texas/24-008749-002/2024(H5N1)	57	2690
NA|PP755583.1|A/cattle/Texas/24-008749-002/2024(H5N1)	58	2707
NA|PP755583.1|A/cattle/Texas/24-008749-002/2024(H5N1)	59	2713
NA|PP755583.1|A/cattle/Texas/24-008749-002/2024(H5N1)	60	2728
NA|PP755583.1|A/cattle/Texas/24-008749-002/2024(H5N1)	61	2721
NA|PP755583.1|A/cattle/Texas/24-008749-002/2024(H5N1)	62	2823
NA|PP755583.1|A/cattle/Texas/24-008749-002/2024(H5N1)	63	2866
NA|PP755583.1|A/cattle/Texas/24-008749-002/2024(H5N1)	64	2866
NA|PP755583.1|A/cattle/Texas/24-008749-002/2024(H5N1)	65	2875
NA|PP755583.1|A/cattle/Texas/24-008749-002/2024(H5N1)	66	2876
NA|PP755583.1|A/cattle/Texas/24-008749-002/2024(H5N1)	67	2884
NA|PP755583.1|A/cattle/Texas/24-008749-002/2024(H5N1)	68	2886
NA|PP755583.1|A/cattle/Texas/24-008749-002/2024(H5N1)	69	2889
NA|PP755583.1|A/cattle/Texas/24-008749-002/2024(H5N1)	70	2913
NA|PP755583.1|A/cattle/Texas/24-008749-002/2024(H5N1)	71	2912
NA|PP755583.1|A/cattle/Texas/24-008749-002/2024(H5N1)	72	2935
NA|PP755583.1|A/cattle/Texas/24-008749-002/2024(H5N1)	73	2942
NA|PP755583.1|A/cattle/Texas/24-008749-002/2024(H5N1)	74	2945
NA|PP755583.1|A/cattle/Texas/24-008749-002/2024(H5N1)	75	2945
NA|PP755583.1|A/cattle/Texas/24-008749-002/2024(H5N1)	76	2950
NA|PP755583.1|A/cattle/Texas/24-008749-002/2024(H5N1)	77	2957
NA|PP755583.1|A/cattle/Texas/24-008749-002/2024(H5N1)	78	2958
NA|PP755583.1|A/cattle/Texas/24-008749-002/2024(H5N1)	79	2961
NA|PP755583.1|A/cattle/Texas/24-008749-002/2024(H5N1)	80	2963
NA|PP755583.1|A/cattle/Texas/24-008749-002/2024(H5N1)	81	2970
NA|PP755583.1|A/cattle/Texas/24-008749-002/2024(H5N1)	82	2971
NA|PP755583.1|A/cattle/Texas/24-008749-002/2024(H5N1)	83	2975
NA|PP755583.1|A/cattle/Texas/24-008749-002/2024(H5N1)	84	3007
NA|PP755583.1|A/cattle/Texas/24-008749-002/2024(H5N1)	85	3008
NA|PP755583.1|A/cattle/Texas/24-008749-002/2024(H5N1)	86	3009
NA|PP755583.1|A/cattle/Texas/24-008749-002/2024(H5N1)	87	3034
NA|PP755583.1|A/cattle/Texas/24-008749-002/2024(H5N1)	88	3052
NA|PP755583.1|A/cattle/Texas/24-008749-002/2024(H5N1)	89	3080
NA|PP755583.1|A/cattle/Texas/24-008749-002/2024(H5N1)	90	3084
NA|PP755583.1|A/cattle/Texas/24-008749-002/2024(H5N1)	91	3084
NA|PP755583.1|A/cattle/Texas/24-008749-002/2024(H5N1)	92	3329
NA|PP755583.1|A/cattle/Texas/24-008749-002/2024(H5N1)	93	3327
NA|PP755583.1|A/cattle/Texas/24-008749-002/2024(H5N1)	94	3387
NA|PP755583.1|A/cattle/Texas/24-008749-002/2024(H5N1)	95	3390
NA|PP755583.1|A/cattle/Texas/24-008749-002/2024(H5N1)	96	3393
NA|PP755583.1|A/cattle/Texas/24-008749-002/2024(H5N1)	97	3393
NA|PP755583.1|A/cattle/Texas/24-008749-002/2024(H5N1)	98	3503
NA|PP755583.1|A/cattle/Texas/24-008749-002/2024(H5N1)	99	3513
NA|PP755583.1|A/cattle/Texas/24-008749-002/2024(H5N1)	100	3514
NA|PP755583.1|A/cattle/Texas/24-008749-002/2024(H5N1)	101	3489
NA|PP755583.1|A/cattle/Texas/24-008749-002/2024(H5N1)	102	3496
NA|PP755583.1|A/cattle/Texas/24-008749-002/2024(H5N1)	103	3493
NA|PP755583.1|A/cattle/Texas/24-008749-002/2024(H5N1)	104	3502
NA|PP755583.1|A/cattle/Texas/24-008749-002/2024(H5N1)	105	3518
NA|PP755583.1|A/cattle/Texas/24-008749-002/2024(H5N1)	106	3522
NA|PP755583.1|A/cattle/Texas/24-008749-002/2024(H5N1)	107	3525
NA|PP755583.1|A/cattle/Texas/24-008749-002/2024(H5N1)	108	3527
NA|PP755583.1|A/cattle/Texas/24-008749-002/2024(H5N1)	109	3548
NA|PP755583.1|A/cattle/Texas/24-008749-002/2024(H5N1)	110	3554
NA|PP755583.1|A/cattle/Texas/24-008749-002/2024(H5N1)	111	3571
NA|PP755583.1|A/cattle/Texas/24-008749-002/2024(H5N1)	112	3585
NA|PP755583.1|A/cattle/Texas/24-008749-002/2024(H5N1)	113	3580
NA|PP755583.1|A/cattle/Texas/24-008749-002/2024(H5N1)	114	3584
NA|PP755583.1|A/cattle/Texas/24-008749-002/2024(H5N1)	115	3586
NA|PP755583.1|A/cattle/Texas/24-008749-002/2024(H5N1)	116	3591
NA|PP755583.1|A/cattle/Texas/24-008749-002/2024(H5N1)	117	3591
NA|PP755583.1|A/cattle/Texas/24-008749-002/2024(H5N1)	118	3594
NA|PP755583.1|A/cattle/Texas/24-008749-002/2024(H5N1)	119	3613
NA|PP755583.1|A/cattle/Texas/24-008749-002/2024(H5N1)	120	3603
NA|PP755583.1|A/cattle/Texas/24-008749-002/2024(H5N1)	121	3603
NA|PP755583.1|A/cattle/Texas/24-008749-002/2024(H5N1)	122	3678
NA|PP755583.1|A/cattle/Texas/24-008749-002/2024(H5N1)	123	3692
NA|PP755583.1|A/cattle/Texas/24-008749-002/2024(H5N1)	124	3706
NA|PP755583.1|A/cattle/Texas/24-008749-002/2024(H5N1)	125	3792
NA|PP755583.1|A/cattle/Texas/24-008749-002/2024(H5N1)	126	3795
NA|PP755583.1|A/cattle/Texas/24-008749-002/2024(H5N1)	127	3802
NA|PP755583.1|A/cattle/Texas/24-008749-002/2024(H5N1)	128	3820
NA|PP755583.1|A/cattle/Texas/24-008749-002/2024(H5N1)	129	3898
NA|PP755583.1|A/cattle/Texas/24-008749-002/2024(H5N1)	130	3894
NA|PP755583.1|A/cattle/Texas/24-008749-002/2024(H5N1)	131	3371
NA|PP755583.1|A/cattle/Texas/24-008749-002/2024(H5N1)	132	3117
NA|PP755583.1|A/cattle/Texas/24-008749-002/2024(H5N1)	133	3098
NA|PP755583.1|A/cattle/Texas/24-008749-002/2024(H5N1)	134	3544
NA|PP755583.1|A/cattle/Texas/24-008749-002/2024(H5N1)	135	3590
NA|PP755583.1|A/cattle/Texas/24-008749-002/2024(H5N1)	136	3664
NA|PP755583.1|A/cattle/Texas/24-008749-002/2024(H5N1)	137	3645
NA|PP755583.1|A/cattle/Texas/24-008749-002/2024(H5N1)	138	3818
NA|PP755583.1|A/cattle/Texas/24-008749-002/2024(H5N1)	139	3864
NA|PP755583.1|A/cattle/Texas/24-008749-002/2024(H5N1)	140	3864
NA|PP755583.1|A/cattle/Texas/24-008749-002/2024(H5N1)	141	3868
NA|PP755583.1|A/cattle/Texas/24-008749-002/2024(H5N1)	142	3858
NA|PP755583.1|A/cattle/Texas/24-008749-002/2024(H5N1)	143	3700
NA|PP755583.1|A/cattle/Texas/24-008749-002/2024(H5N1)	144	3689
NA|PP755583.1|A/cattle/Texas/24-008749-002/2024(H5N1)	145	3583
NA|PP755583.1|A/cattle/Texas/24-008749-002/2024(H5N1)	146	3585
NA|PP755583.1|A/cattle/Texas/24-008749-002/2024(H5N1)	147	3588
NA|PP755583.1|A/cattle/Texas/24-008749-002/2024(H5N1)	148	3626
NA|PP755583.1|A/cattle/Texas/24-008749-002/2024(H5N1)	149	3653
NA|PP755583.1|A/cattle/Texas/24-008749-002/2024(H5N1)	150	3829
NA|PP755583.1|A/cattle/Texas/24-008749-002/2024(H5N1)	151	3827
NA|PP755583.1|A/cattle/Texas/24-008749-002/2024(H5N1)	152	3831
NA|PP755583.1|A/cattle/Texas/24-008749-002/2024(H5N1)	153	3956
NA|PP755583.1|A/cattle/Texas/24-008749-002/2024(H5N1)	154	3953
NA|PP755583.1|A/cattle/Texas/24-008749-002/2024(H5N1)	155	3965
NA|PP755583.1|A/cattle/Texas/24-008749-002/2024(H5N1)	156	4005
NA|PP755583.1|A/cattle/Texas/24-008749-002/2024(H5N1)	157	4035
NA|PP755583.1|A/cattle/Texas/24-008749-002/2024(H5N1)	158	4121
NA|PP755583.1|A/cattle/Texas/24-008749-002/2024(H5N1)	159	4131
NA|PP755583.1|A/cattle/Texas/24-008749-002/2024(H5N1)	160	4140
NA|PP755583.1|A/cattle/Texas/24-008749-002/2024(H5N1)	161	4161
NA|PP755583.1|A/cattle/Texas/24-008749-002/2024(H5N1)	162	4173
NA|PP755583.1|A/cattle/Texas/24-008749-002/2024(H5N1)	163	4195
NA|PP755583.1|A/cattle/Texas/24-008749-002/2024(H5N1)	164	4267
NA|PP755583.1|A/cattle/Texas/24-008749-002/2024(H5N1)	165	4255
NA|PP755583.1|A/cattle/Texas/24-008749-002/2024(H5N1)	166	4259
NA|PP755583.1|A/cattle/Texas/24-008749-002/2024(H5N1)	167	4246
NA|PP755583.1|A/cattle/Texas/24-008749-002/2024(H5N1)	168	4244
NA|PP755583.1|A/cattle/Texas/24-008749-002/2024(H5N1)	169	4183
NA|PP755583.1|A/cattle/Texas/24-008749-002/2024(H5N1)	170	4154
NA|PP755583.1|A/cattle/Texas/24-008749-002/2024(H5N1)	171	4268
NA|PP755583.1|A/cattle/Texas/24-008749-002/2024(H5N1)	172	4438
NA|PP755583.1|A/cattle/Texas/24-008749-002/2024(H5N1)	173	4437
NA|PP755583.1|A/cattle/Texas/24-008749-002/2024(H5N1)	174	4420
NA|PP755583.1|A/cattle/Texas/24-008749-002/2024(H5N1)	175	4404
NA|PP755583.1|A/cattle/Texas/24-008749-002/2024(H5N1)	176	4423
NA|PP755583.1|A/cattle/Texas/24-008749-002/2024(H5N1)	177	4379
NA|PP755583.1|A/cattle/Texas/24-008749-002/2024(H5N1)	178	4401
NA|PP755583.1|A/cattle/Texas/24-008749-002/2024(H5N1)	179	4419
NA|PP755583.1|A/cattle/Texas/24-008749-002/2024(H5N1)	180	4270
NA|PP755583.1|A/cattle/Texas/24-008749-002/2024(H5N1)	181	4258
NA|PP755583.1|A/cattle/Texas/24-008749-002/2024(H5N1)	182	4338
NA|PP755583.1|A/cattle/Texas/24-008749-002/2024(H5N1)	183	4338
NA|PP755583.1|A/cattle/Texas/24-008749-002/2024(H5N1)	184	4341
NA|PP755583.1|A/cattle/Texas/24-008749-002/2024(H5N1)	185	4478
NA|PP755583.1|A/cattle/Texas/24-008749-002/2024(H5N1)	186	4458
NA|PP755583.1|A/cattle/Texas/24-008749-002/2024(H5N1)	187	4490
NA|PP755583.1|A/cattle/Texas/24-008749-002/2024(H5N1)	188	4481
NA|PP755583.1|A/cattle/Texas/24-008749-002/2024(H5N1)	189	4468
NA|PP755583.1|A/cattle/Texas/24-008749-002/2024(H5N1)	190	4413
NA|PP755583.1|A/cattle/Texas/24-008749-002/2024(H5N1)	191	4367
NA|PP755583.1|A/cattle/Texas/24-008749-002/2024(H5N1)	192	4288
NA|PP755583.1|A/cattle/Texas/24-008749-002/2024(H5N1)	193	4333
NA|PP755583.1|A/cattle/Texas/24-008749-002/2024(H5N1)	194	4345
NA|PP755583.1|A/cattle/Texas/24-008749-002/2024(H5N1)	195	4343
NA|PP755583.1|A/cattle/Texas/24-008749-002/2024(H5N1)	196	4338
NA|PP755583.1|A/cattle/Texas/24-008749-002/2024(H5N1)	197	4285
NA|PP755583.1|A/cattle/Texas/24-008749-002/2024(H5N1)	198	4305
NA|PP755583.1|A/cattle/Texas/24-008749-002/2024(H5N1)	199	4313
NA|PP755583.1|A/cattle/Texas/24-008749-002/2024(H5N1)	200	4317
NA|PP755583.1|A/cattle/Texas/24-008749-002/2024(H5N1)	201	4275
NA|PP755583.1|A/cattle/Texas/24-008749-002/2024(H5N1)	202	4271
NA|PP755583.1|A/cattle/Texas/24-008749-002/2024(H5N1)	203	4250
NA|PP755583.1|A/cattle/Texas/24-008749-002/2024(H5N1)	204	4280
NA|PP755583.1|A/cattle/Texas/24-008749-002/2024(H5N1)	205	4271
NA|PP755583.1|A/cattle/Texas/24-008749-002/2024(H5N1)	206	4257
NA|PP755583.1|A/cattle/Texas/24-008749-002/2024(H5N1)	207	4244
NA|PP755583.1|A/cattle/Texas/24-008749-002/2024(H5N1)	208	4239
NA|PP755583.1|A/cattle/Texas/24-008749-002/2024(H5N1)	209	4231
NA|PP755583.1|A/cattle/Texas/24-008749-002/2024(H5N1)	210	4259
NA|PP755583.1|A/cattle/Texas/24-008749-002/2024(H5N1)	211	4235
NA|PP755583.1|A/cattle/Texas/24-008749-002/2024(H5N1)	212	4255
NA|PP755583.1|A/cattle/Texas/24-008749-002/2024(H5N1)	213	4162
NA|PP755583.1|A/cattle/Texas/24-008749-002/2024(H5N1)	214	4165
NA|PP755583.1|A/cattle/Texas/24-008749-002/2024(H5N1)	215	4175
NA|PP755583.1|A/cattle/Texas/24-008749-002/2024(H5N1)	216	4250
NA|PP755583.1|A/cattle/Texas/24-008749-002/2024(H5N1)	217	4254
NA|PP755583.1|A/cattle/Texas/24-008749-002/2024(H5N1)	218	4280
NA|PP755583.1|A/cattle/Texas/24-008749-002/2024(H5N1)	219	4286
NA|PP755583.1|A/cattle/Texas/24-008749-002/2024(H5N1)	220	4283
NA|PP755583.1|A/cattle/Texas/24-008749-002/2024(H5N1)	221	4259
NA|PP755583.1|A/cattle/Texas/24-008749-002/2024(H5N1)	222	4270
NA|PP755583.1|A/cattle/Texas/24-008749-002/2024(H5N1)	223	4253
NA|PP755583.1|A/cattle/Texas/24-008749-002/2024(H5N1)	224	4259
NA|PP755583.1|A/cattle/Texas/24-008749-002/2024(H5N1)	225	4260
NA|PP755583.1|A/cattle/Texas/24-008749-002/2024(H5N1)	226	4261
NA|PP755583.1|A/cattle/Texas/24-008749-002/2024(H5N1)	227	4263
NA|PP755583.1|A/cattle/Texas/24-008749-002/2024(H5N1)	228	4269
NA|PP755583.1|A/cattle/Texas/24-008749-002/2024(H5N1)	229	4358
NA|PP755583.1|A/cattle/Texas/24-008749-002/2024(H5N1)	230	4365
NA|PP755583.1|A/cattle/Texas/24-008749-002/2024(H5N1)	231	4367
NA|PP755583.1|A/cattle/Texas/24-008749-002/2024(H5N1)	232	4368
NA|PP755583.1|A/cattle/Texas/24-008749-002/2024(H5N1)	233	4365
NA|PP755583.1|A/cattle/Texas/24-008749-002/2024(H5N1)	234	4507
NA|PP755583.1|A/cattle/Texas/24-008749-002/2024(H5N1)	235	4552
NA|PP755583.1|A/cattle/Texas/24-008749-002/2024(H5N1)	236	4581
NA|PP755583.1|A/cattle/Texas/24-008749-002/2024(H5N1)	237	4590
NA|PP755583.1|A/cattle/Texas/24-008749-002/2024(H5N1)	238	4576
NA|PP755583.1|A/cattle/Texas/24-008749-002/2024(H5N1)	239	4558
NA|PP755583.1|A/cattle/Texas/24-008749-002/2024(H5N1)	240	4558
NA|PP755583.1|A/cattle/Texas/24-008749-002/2024(H5N1)	241	4562
NA|PP755583.1|A/cattle/Texas/24-008749-002/2024(H5N1)	242	4458
NA|PP755583.1|A/cattle/Texas/24-008749-002/2024(H5N1)	243	4338
NA|PP755583.1|A/cattle/Texas/24-008749-002/2024(H5N1)	244	4345
NA|PP755583.1|A/cattle/Texas/24-008749-002/2024(H5N1)	245	4277
NA|PP755583.1|A/cattle/Texas/24-008749-002/2024(H5N1)	246	4287
NA|PP755583.1|A/cattle/Texas/24-008749-002/2024(H5N1)	247	4287
NA|PP755583.1|A/cattle/Texas/24-008749-002/2024(H5N1)	248	4287
NA|PP755583.1|A/cattle/Texas/24-008749-002/2024(H5N1)	249	4191
NA|PP755583.1|A/cattle/Texas/24-008749-002/2024(H5N1)	250	4223
NA|PP755583.1|A/cattle/Texas/24-008749-002/2024(H5N1)	251	4280
NA|PP755583.1|A/cattle/Texas/24-008749-002/2024(H5N1)	252	4283
NA|PP755583.1|A/cattle/Texas/24-008749-002/2024(H5N1)	253	4283
NA|PP755583.1|A/cattle/Texas/24-008749-002/2024(H5N1)	254	4276
NA|PP755583.1|A/cattle/Texas/24-008749-002/2024(H5N1)	255	4260
NA|PP755583.1|A/cattle/Texas/24-008749-002/2024(H5N1)	256	4259
NA|PP755583.1|A/cattle/Texas/24-008749-002/2024(H5N1)	257	4252
NA|PP755583.1|A/cattle/Texas/24-008749-002/2024(H5N1)	258	4257
NA|PP755583.1|A/cattle/Texas/24-008749-002/2024(H5N1)	259	4255
NA|PP755583.1|A/cattle/Texas/24-008749-002/2024(H5N1)	260	4230
NA|PP755583.1|A/cattle/Texas/24-008749-002/2024(H5N1)	261	4292
NA|PP755583.1|A/cattle/Texas/24-008749-002/2024(H5N1)	262	4310
NA|PP755583.1|A/cattle/Texas/24-008749-002/2024(H5N1)	263	4397
NA|PP755583.1|A/cattle/Texas/24-008749-002/2024(H5N1)	264	4390
NA|PP755583.1|A/cattle/Texas/24-008749-002/2024(H5N1)	265	4410
NA|PP755583.1|A/cattle/Texas/24-008749-002/2024(H5N1)	266	4406
NA|PP755583.1|A/cattle/Texas/24-008749-002/2024(H5N1)	267	4394
NA|PP755583.1|A/cattle/Texas/24-008749-002/2024(H5N1)	268	4425
NA|PP755583.1|A/cattle/Texas/24-008749-002/2024(H5N1)	269	4419
NA|PP755583.1|A/cattle/Texas/24-008749-002/2024(H5N1)	270	4450
NA|PP755583.1|A/cattle/Texas/24-008749-002/2024(H5N1)	271	4447
NA|PP755583.1|A/cattle/Texas/24-008749-002/2024(H5N1)	272	4358
NA|PP755583.1|A/cattle/Texas/24-008749-002/2024(H5N1)	273	4404
NA|PP755583.1|A/cattle/Texas/24-008749-002/2024(H5N1)	274	4391
NA|PP755583.1|A/cattle/Texas/24-008749-002/2024(H5N1)	275	4383
NA|PP755583.1|A/cattle/Texas/24-008749-002/2024(H5N1)	276	4400
NA|PP755583.1|A/cattle/Texas/24-008749-002/2024(H5N1)	277	4397
NA|PP755583.1|A/cattle/Texas/24-008749-002/2024(H5N1)	278	4387
NA|PP755583.1|A/cattle/Texas/24-008749-002/2024(H5N1)	279	4354
NA|PP755583.1|A/cattle/Texas/24-008749-002/2024(H5N1)	280	4590
NA|PP755583.1|A/cattle/Texas/24-008749-002/2024(H5N1)	281	4591
NA|PP755583.1|A/cattle/Texas/24-008749-002/2024(H5N1)	282	4592
NA|PP755583.1|A/cattle/Texas/24-008749-002/2024(H5N1)	283	4595
NA|PP755583.1|A/cattle/Texas/24-008749-002/2024(H5N1)	284	4594
NA|PP755583.1|A/cattle/Texas/24-008749-002/2024(H5N1)	285	4092
NA|PP755583.1|A/cattle/Texas/24-008749-002/2024(H5N1)	286	4044
NA|PP755583.1|A/cattle/Texas/24-008749-002/2024(H5N1)	287	3995
NA|PP755583.1|A/cattle/Texas/24-008749-002/2024(H5N1)	288	3997
NA|PP755583.1|A/cattle/Texas/24-008749-002/2024(H5N1)	289	3792
NA|PP755583.1|A/cattle/Texas/24-008749-002/2024(H5N1)	290	3852
NA|PP755583.1|A/cattle/Texas/24-008749-002/2024(H5N1)	291	3919
NA|PP755583.1|A/cattle/Texas/24-008749-002/2024(H5N1)	292	4072
NA|PP755583.1|A/cattle/Texas/24-008749-002/2024(H5N1)	293	4086
NA|PP755583.1|A/cattle/Texas/24-008749-002/2024(H5N1)	294	4078
NA|PP755583.1|A/cattle/Texas/24-008749-002/2024(H5N1)	295	4268
NA|PP755583.1|A/cattle/Texas/24-008749-002/2024(H5N1)	296	4266
NA|PP755583.1|A/cattle/Texas/24-008749-002/2024(H5N1)	297	4293
NA|PP755583.1|A/cattle/Texas/24-008749-002/2024(H5N1)	298	4302
NA|PP755583.1|A/cattle/Texas/24-008749-002/2024(H5N1)	299	4251
NA|PP755583.1|A/cattle/Texas/24-008749-002/2024(H5N1)	300	4275
NA|PP755583.1|A/cattle/Texas/24-008749-002/2024(H5N1)	301	4073
NA|PP755583.1|A/cattle/Texas/24-008749-002/2024(H5N1)	302	4081
NA|PP755583.1|A/cattle/Texas/24-008749-002/2024(H5N1)	303	4552
NA|PP755583.1|A/cattle/Texas/24-008749-002/2024(H5N1)	304	4412
NA|PP755583.1|A/cattle/Texas/24-008749-002/2024(H5N1)	305	4409
NA|PP755583.1|A/cattle/Texas/24-008749-002/2024(H5N1)	306	4443
NA|PP755583.1|A/cattle/Texas/24-008749-002/2024(H5N1)	307	4426
NA|PP755583.1|A/cattle/Texas/24-008749-002/2024(H5N1)	308	4491
NA|PP755583.1|A/cattle/Texas/24-008749-002/2024(H5N1)	309	4403
NA|PP755583.1|A/cattle/Texas/24-008749-002/2024(H5N1)	310	4408
NA|PP755583.1|A/cattle/Texas/24-008749-002/2024(H5N1)	311	4406
NA|PP755583.1|A/cattle/Texas/24-008749-002/2024(H5N1)	312	4410
NA|PP755583.1|A/cattle/Texas/24-008749-002/2024(H5N1)	313	4404
NA|PP755583.1|A/cattle/Texas/24-008749-002/2024(H5N1)	314	4511
NA|PP755583.1|A/cattle/Texas/24-008749-002/2024(H5N1)	315	4417
NA|PP755583.1|A/cattle/Texas/24-008749-002/2024(H5N1)	316	4418
NA|PP755583.1|A/cattle/Texas/24-008749-002/2024(H5N1)	317	4474
NA|PP755583.1|A/cattle/Texas/24-008749-002/2024(H5N1)	318	4473
NA|PP755583.1|A/cattle/Texas/24-008749-002/2024(H5N1)	319	4474
NA|PP755583.1|A/cattle/Texas/24-008749-002/2024(H5N1)	320	4510
NA|PP755583.1|A/cattle/Texas/24-008749-002/2024(H5N1)	321	4501
NA|PP755583.1|A/cattle/Texas/24-008749-002/2024(H5N1)	322	4418
NA|PP755583.1|A/cattle/Texas/24-008749-002/2024(H5N1)	323	4271
NA|PP755583.1|A/cattle/Texas/24-008749-002/2024(H5N1)	324	4257
NA|PP755583.1|A/cattle/Texas/24-008749-002/2024(H5N1)	325	4259
NA|PP755583.1|A/cattle/Texas/24-008749-002/2024(H5N1)	326	4326
NA|PP755583.1|A/cattle/Texas/24-008749-002/2024(H5N1)	327	4406
NA|PP755583.1|A/cattle/Texas/24-008749-002/2024(H5N1)	328	4387
NA|PP755583.1|A/cattle/Texas/24-008749-002/2024(H5N1)	329	4355
NA|PP755583.1|A/cattle/Texas/24-008749-002/2024(H5N1)	330	4368
NA|PP755583.1|A/cattle/Texas/24-008749-002/2024(H5N1)	331	4378
NA|PP755583.1|A/cattle/Texas/24-008749-002/2024(H5N1)	332	4383
NA|PP755583.1|A/cattle/Texas/24-008749-002/2024(H5N1)	333	4335
NA|PP755583.1|A/cattle/Texas/24-008749-002/2024(H5N1)	334	4361
NA|PP755583.1|A/cattle/Texas/24-008749-002/2024(H5N1)	335	4310
NA|PP755583.1|A/cattle/Texas/24-008749-002/2024(H5N1)	336	4256
NA|PP755583.1|A/cattle/Texas/24-008749-002/2024(H5N1)	337	4253
NA|PP755583.1|A/cattle/Texas/24-008749-002/2024(H5N1)	338	4281
NA|PP755583.1|A/cattle/Texas/24-008749-002/2024(H5N1)	339	4273
NA|PP755583.1|A/cattle/Texas/24-008749-002/2024(H5N1)	340	4296
NA|PP755583.1|A/cattle/Texas/24-008749-002/2024(H5N1)	341	4347
NA|PP755583.1|A/cattle/Texas/24-008749-002/2024(H5N1)	342	4363
NA|PP755583.1|A/cattle/Texas/24-008749-002/2024(H5N1)	343	4292
NA|PP755583.1|A/cattle/Texas/24-008749-002/2024(H5N1)	344	4286
NA|PP755583.1|A/cattle/Texas/24-008749-002/2024(H5N1)	345	4291
NA|PP755583.1|A/cattle/Texas/24-008749-002/2024(H5N1)	346	4320
NA|PP755583.1|A/cattle/Texas/24-008749-002/2024(H5N1)	347	4340
NA|PP755583.1|A/cattle/Texas/24-008749-002/2024(H5N1)	348	4338
NA|PP755583.1|A/cattle/Texas/24-008749-002/2024(H5N1)	349	4346
NA|PP755583.1|A/cattle/Texas/24-008749-002/2024(H5N1)	350	4348
NA|PP755583.1|A/cattle/Texas/24-008749-002/2024(H5N1)	351	4338
NA|PP755583.1|A/cattle/Texas/24-008749-002/2024(H5N1)	352	4333
NA|PP755583.1|A/cattle/Texas/24-008749-002/2024(H5N1)	353	4335
NA|PP755583.1|A/cattle/Texas/24-008749-002/2024(H5N1)	354	4369
NA|PP755583.1|A/cattle/Texas/24-008749-002/2024(H5N1)	355	4363
NA|PP755583.1|A/cattle/Texas/24-008749-002/2024(H5N1)	356	4406
NA|PP755583.1|A/cattle/Texas/24-008749-002/2024(H5N1)	357	4412
NA|PP755583.1|A/cattle/Texas/24-008749-002/2024(H5N1)	358	4468
NA|PP755583.1|A/cattle/Texas/24-008749-002/2024(H5N1)	359	4426
NA|PP755583.1|A/cattle/Texas/24-008749-002/2024(H5N1)	360	4560
NA|PP755583.1|A/cattle/Texas/24-008749-002/2024(H5N1)	361	4567
NA|PP755583.1|A/cattle/Texas/24-008749-002/2024(H5N1)	362	4564
NA|PP755583.1|A/cattle/Texas/24-008749-002/2024(H5N1)	363	4585
NA|PP755583.1|A/cattle/Texas/24-008749-002/2024(H5N1)	364	4573
NA|PP755583.1|A/cattle/Texas/24-008749-002/2024(H5N1)	365	4597
NA|PP755583.1|A/cattle/Texas/24-008749-002/2024(H5N1)	366	4596
NA|PP755583.1|A/cattle/Texas/24-008749-002/2024(H5N1)	367	4490
NA|PP755583.1|A/cattle/Texas/24-008749-002/2024(H5N1)	368	4482
NA|PP755583.1|A/cattle/Texas/24-008749-002/2024(H5N1)	369	4465
NA|PP755583.1|A/cattle/Texas/24-008749-002/2024(H5N1)	370	4506
NA|PP755583.1|A/cattle/Texas/24-008749-002/2024(H5N1)	371	4511
NA|PP755583.1|A/cattle/Texas/24-008749-002/2024(H5N1)	372	4503
NA|PP755583.1|A/cattle/Texas/24-008749-002/2024(H5N1)	373	4488
NA|PP755583.1|A/cattle/Texas/24-008749-002/2024(H5N1)	374	4492
NA|PP755583.1|A/cattle/Texas/24-008749-002/2024(H5N1)	375	4497
NA|PP755583.1|A/cattle/Texas/24-008749-002/2024(H5N1)	376	4564
NA|PP755583.1|A/cattle/Texas/24-008749-002/2024(H5N1)	377	4576
NA|PP755583.1|A/cattle/Texas/24-008749-002/2024(H5N1)	378	4534
NA|PP755583.1|A/cattle/Texas/24-008749-002/2024(H5N1)	379	4516
NA|PP755583.1|A/cattle/Texas/24-008749-002/2024(H5N1)	380	4511
NA|PP755583.1|A/cattle/Texas/24-008749-002/2024(H5N1)	381	4508
NA|PP755583.1|A/cattle/Texas/24-008749-002/2024(H5N1)	382	4507
NA|PP755583.1|A/cattle/Texas/24-008749-002/2024(H5N1)	383	4509
NA|PP755583.1|A/cattle/Texas/24-008749-002/2024(H5N1)	384	4527
NA|PP755583.1|A/cattle/Texas/24-008749-002/2024(H5N1)	385	4365
NA|PP755583.1|A/cattle/Texas/24-008749-002/2024(H5N1)	386	4368
NA|PP755583.1|A/cattle/Texas/24-008749-002/2024(H5N1)	387	4315
NA|PP755583.1|A/cattle/Texas/24-008749-002/2024(H5N1)	388	4302
NA|PP755583.1|A/cattle/Texas/24-008749-002/2024(H5N1)	389	4297
NA|PP755583.1|A/cattle/Texas/24-008749-002/2024(H5N1)	390	4321
NA|PP755583.1|A/cattle/Texas/24-008749-002/2024(H5N1)	391	4330
NA|PP755583.1|A/cattle/Texas/24-008749-002/2024(H5N1)	392	4362
NA|PP755583.1|A/cattle/Texas/24-008749-002/2024(H5N1)	393	4345
NA|PP755583.1|A/cattle/Texas/24-008749-002/2024(H5N1)	394	4336
NA|PP755583.1|A/cattle/Texas/24-008749-002/2024(H5N1)	395	4383
NA|PP755583.1|A/cattle/Texas/24-008749-002/2024(H5N1)	396	4376
NA|PP755583.1|A/cattle/Texas/24-008749-002/2024(H5N1)	397	4407
NA|PP755583.1|A/cattle/Texas/24-008749-002/2024(H5N1)	398	4444
NA|PP755583.1|A/cattle/Texas/24-008749-002/2024(H5N1)	399	4452
NA|PP755583.1|A/cattle/Texas/24-008749-002/2024(H5N1)	400	4394
NA|PP755583.1|A/cattle/Texas/24-008749-002/2024(H5N1)	401	4346
NA|PP755583.1|A/cattle/Texas/24-008749-002/2024(H5N1)	402	4405
NA|PP755583.1|A/cattle/Texas/24-008749-002/2024(H5N1)	403	4478
NA|PP755583.1|A/cattle/Texas/24-008749-002/2024(H5N1)	404	4508
NA|PP755583.1|A/cattle/Texas/24-008749-002/2024(H5N1)	405	4516
NA|PP755583.1|A/cattle/Texas/24-008749-002/2024(H5N1)	406	4508
NA|PP755583.1|A/cattle/Texas/24-008749-002/2024(H5N1)	407	4514
NA|PP755583.1|A/cattle/Texas/24-008749-002/2024(H5N1)	408	4517
NA|PP755583.1|A/cattle/Texas/24-008749-002/2024(H5N1)	409	4557
NA|PP755583.1|A/cattle/Texas/24-008749-002/2024(H5N1)	410	4635
NA|PP755583.1|A/cattle/Texas/24-008749-002/2024(H5N1)	411	4569
NA|PP755583.1|A/cattle/Texas/24-008749-002/2024(H5N1)	412	4835
NA|PP755583.1|A/cattle/Texas/24-008749-002/2024(H5N1)	413	4755
NA|PP755583.1|A/cattle/Texas/24-008749-002/2024(H5N1)	414	4738
NA|PP755583.1|A/cattle/Texas/24-008749-002/2024(H5N1)	415	4801
NA|PP755583.1|A/cattle/Texas/24-008749-002/2024(H5N1)	416	4778
NA|PP755583.1|A/cattle/Texas/24-008749-002/2024(H5N1)	417	4805
NA|PP755583.1|A/cattle/Texas/24-008749-002/2024(H5N1)	418	4833
NA|PP755583.1|A/cattle/Texas/24-008749-002/2024(H5N1)	419	4797
NA|PP755583.1|A/cattle/Texas/24-008749-002/2024(H5N1)	420	4807
NA|PP755583.1|A/cattle/Texas/24-008749-002/2024(H5N1)	421	4765
NA|PP755583.1|A/cattle/Texas/24-008749-002/2024(H5N1)	422	4790
NA|PP755583.1|A/cattle/Texas/24-008749-002/2024(H5N1)	423	4794
NA|PP755583.1|A/cattle/Texas/24-008749-002/2024(H5N1)	424	4738
NA|PP755583.1|A/cattle/Texas/24-008749-002/2024(H5N1)	425	4762
NA|PP755583.1|A/cattle/Texas/24-008749-002/2024(H5N1)	426	4674
NA|PP755583.1|A/cattle/Texas/24-008749-002/2024(H5N1)	427	4681
NA|PP755583.1|A/cattle/Texas/24-008749-002/2024(H5N1)	428	4692
NA|PP755583.1|A/cattle/Texas/24-008749-002/2024(H5N1)	429	4636
NA|PP755583.1|A/cattle/Texas/24-008749-002/2024(H5N1)	430	4469
NA|PP755583.1|A/cattle/Texas/24-008749-002/2024(H5N1)	431	4450
NA|PP755583.1|A/cattle/Texas/24-008749-002/2024(H5N1)	432	4474
NA|PP755583.1|A/cattle/Texas/24-008749-002/2024(H5N1)	433	4478
NA|PP755583.1|A/cattle/Texas/24-008749-002/2024(H5N1)	434	4487
NA|PP755583.1|A/cattle/Texas/24-008749-002/2024(H5N1)	435	4485
NA|PP755583.1|A/cattle/Texas/24-008749-002/2024(H5N1)	436	4489
NA|PP755583.1|A/cattle/Texas/24-008749-002/2024(H5N1)	437	4540
NA|PP755583.1|A/cattle/Texas/24-008749-002/2024(H5N1)	438	4530
NA|PP755583.1|A/cattle/Texas/24-008749-002/2024(H5N1)	439	4489
NA|PP755583.1|A/cattle/Texas/24-008749-002/2024(H5N1)	440	4518
NA|PP755583.1|A/cattle/Texas/24-008749-002/2024(H5N1)	441	4443
NA|PP755583.1|A/cattle/Texas/24-008749-002/2024(H5N1)	442	4393
NA|PP755583.1|A/cattle/Texas/24-008749-002/2024(H5N1)	443	4279
NA|PP755583.1|A/cattle/Texas/24-008749-002/2024(H5N1)	444	4263
NA|PP755583.1|A/cattle/Texas/24-008749-002/2024(H5N1)	445	4718
NA|PP755583.1|A/cattle/Texas/24-008749-002/2024(H5N1)	446	4571
NA|PP755583.1|A/cattle/Texas/24-008749-002/2024(H5N1)	447	4646
NA|PP755583.1|A/cattle/Texas/24-008749-002/2024(H5N1)	448	4623
NA|PP755583.1|A/cattle/Texas/24-008749-002/2024(H5N1)	449	4607
NA|PP755583.1|A/cattle/Texas/24-008749-002/2024(H5N1)	450	4731
NA|PP755583.1|A/cattle/Texas/24-008749-002/2024(H5N1)	451	4709
NA|PP755583.1|A/cattle/Texas/24-008749-002/2024(H5N1)	452	4774
NA|PP755583.1|A/cattle/Texas/24-008749-002/2024(H5N1)	453	4779
NA|PP755583.1|A/cattle/Texas/24-008749-002/2024(H5N1)	454	4237
NA|PP755583.1|A/cattle/Texas/24-008749-002/2024(H5N1)	455	4233
NA|PP755583.1|A/cattle/Texas/24-008749-002/2024(H5N1)	456	4365
NA|PP755583.1|A/cattle/Texas/24-008749-002/2024(H5N1)	457	4314
NA|PP755583.1|A/cattle/Texas/24-008749-002/2024(H5N1)	458	4315
NA|PP755583.1|A/cattle/Texas/24-008749-002/2024(H5N1)	459	4340
NA|PP755583.1|A/cattle/Texas/24-008749-002/2024(H5N1)	460	4355
NA|PP755583.1|A/cattle/Texas/24-008749-002/2024(H5N1)	461	4362
NA|PP755583.1|A/cattle/Texas/24-008749-002/2024(H5N1)	462	4409
NA|PP755583.1|A/cattle/Texas/24-008749-002/2024(H5N1)	463	4422
NA|PP755583.1|A/cattle/Texas/24-008749-002/2024(H5N1)	464	4425
NA|PP755583.1|A/cattle/Texas/24-008749-002/2024(H5N1)	465	4329
NA|PP755583.1|A/cattle/Texas/24-008749-002/2024(H5N1)	466	4325
NA|PP755583.1|A/cattle/Texas/24-008749-002/2024(H5N1)	467	4324
NA|PP755583.1|A/cattle/Texas/24-008749-002/2024(H5N1)	468	4279
NA|PP755583.1|A/cattle/Texas/24-008749-002/2024(H5N1)	469	4304
NA|PP755583.1|A/cattle/Texas/24-008749-002/2024(H5N1)	470	4269
NA|PP755583.1|A/cattle/Texas/24-008749-002/2024(H5N1)	471	4366
NA|PP755583.1|A/cattle/Texas/24-008749-002/2024(H5N1)	472	4407
NA|PP755583.1|A/cattle/Texas/24-008749-002/2024(H5N1)	473	4401
NA|PP755583.1|A/cattle/Texas/24-008749-002/2024(H5N1)	474	4405
NA|PP755583.1|A/cattle/Texas/24-008749-002/2024(H5N1)	475	4431
NA|PP755583.1|A/cattle/Texas/24-008749-002/2024(H5N1)	476	4465
NA|PP755583.1|A/cattle/Texas/24-008749-002/2024(H5N1)	477	4447
NA|PP755583.1|A/cattle/Texas/24-008749-002/2024(H5N1)	478	4346
NA|PP755583.1|A/cattle/Texas/24-008749-002/2024(H5N1)	479	4438
NA|PP755583.1|A/cattle/Texas/24-008749-002/2024(H5N1)	480	4530
NA|PP755583.1|A/cattle/Texas/24-008749-002/2024(H5N1)	481	4489
NA|PP755583.1|A/cattle/Texas/24-008749-002/2024(H5N1)	482	4520
NA|PP755583.1|A/cattle/Texas/24-008749-002/2024(H5N1)	483	4540
NA|PP755583.1|A/cattle/Texas/24-008749-002/2024(H5N1)	484	4519
NA|PP755583.1|A/cattle/Texas/24-008749-002/2024(H5N1)	485	4547
NA|PP755583.1|A/cattle/Texas/24-008749-002/2024(H5N1)	486	4495
NA|PP755583.1|A/cattle/Texas/24-008749-002/2024(H5N1)	487	4500
NA|PP755583.1|A/cattle/Texas/24-008749-002/2024(H5N1)	488	4467
NA|PP755583.1|A/cattle/Texas/24-008749-002/2024(H5N1)	489	4488
NA|PP755583.1|A/cattle/Texas/24-008749-002/2024(H5N1)	490	4527
NA|PP755583.1|A/cattle/Texas/24-008749-002/2024(H5N1)	491	4524
NA|PP755583.1|A/cattle/Texas/24-008749-002/2024(H5N1)	492	4485
NA|PP755583.1|A/cattle/Texas/24-008749-002/2024(H5N1)	493	4465
NA|PP755583.1|A/cattle/Texas/24-008749-002/2024(H5N1)	494	4463
NA|PP755583.1|A/cattle/Texas/24-008749-002/2024(H5N1)	495	4536
NA|PP755583.1|A/cattle/Texas/24-008749-002/2024(H5N1)	496	4588
NA|PP755583.1|A/cattle/Texas/24-008749-002/2024(H5N1)	497	4629
NA|PP755583.1|A/cattle/Texas/24-008749-002/2024(H5N1)	498	4584
NA|PP755583.1|A/cattle/Texas/24-008749-002/2024(H5N1)	499	4574
NA|PP755583.1|A/cattle/Texas/24-008749-002/2024(H5N1)	500	4531
NA|PP755583.1|A/cattle/Texas/24-008749-002/2024(H5N1)	501	4565
NA|PP755583.1|A/cattle/Texas/24-008749-002/2024(H5N1)	502	4756
NA|PP755583.1|A/cattle/Texas/24-008749-002/2024(H5N1)	503	4853
NA|PP755583.1|A/cattle/Texas/24-008749-002/2024(H5N1)	504	4821
NA|PP755583.1|A/cattle/Texas/24-008749-002/2024(H5N1)	505	4799
NA|PP755583.1|A/cattle/Texas/24-008749-002/2024(H5N1)	506	4735
NA|PP755583.1|A/cattle/Texas/24-008749-002/2024(H5N1)	507	4758
NA|PP755583.1|A/cattle/Texas/24-008749-002/2024(H5N1)	508	4754
NA|PP755583.1|A/cattle/Texas/24-008749-002/2024(H5N1)	509	4748
NA|PP755583.1|A/cattle/Texas/24-008749-002/2024(H5N1)	510	4738
NA|PP755583.1|A/cattle/Texas/24-008749-002/2024(H5N1)	511	4608
NA|PP755583.1|A/cattle/Texas/24-008749-002/2024(H5N1)	512	4622
NA|PP755583.1|A/cattle/Texas/24-008749-002/2024(H5N1)	513	4619
NA|PP755583.1|A/cattle/Texas/24-008749-002/2024(H5N1)	514	4581
NA|PP755583.1|A/cattle/Texas/24-008749-002/2024(H5N1)	515	4560
NA|PP755583.1|A/cattle/Texas/24-008749-002/2024(H5N1)	516	4547
NA|PP755583.1|A/cattle/Texas/24-008749-002/2024(H5N1)	517	4559
NA|PP755583.1|A/cattle/Texas/24-008749-002/2024(H5N1)	518	4564
NA|PP755583.1|A/cattle/Texas/24-008749-002/2024(H5N1)	519	4605
NA|PP755583.1|A/cattle/Texas/24-008749-002/2024(H5N1)	520	4607
NA|PP755583.1|A/cattle/Texas/24-008749-002/2024(H5N1)	521	4558
NA|PP755583.1|A/cattle/Texas/24-008749-002/2024(H5N1)	522	4558
NA|PP755583.1|A/cattle/Texas/24-008749-002/2024(H5N1)	523	4554
NA|PP755583.1|A/cattle/Texas/24-008749-002/2024(H5N1)	524	4559
NA|PP755583.1|A/cattle/Texas/24-008749-002/2024(H5N1)	525	4567
NA|PP755583.1|A/cattle/Texas/24-008749-002/2024(H5N1)	526	4582
NA|PP755583.1|A/cattle/Texas/24-008749-002/2024(H5N1)	527	4533
NA|PP755583.1|A/cattle/Texas/24-008749-002/2024(H5N1)	528	4516
NA|PP755583.1|A/cattle/Texas/24-008749-002/2024(H5N1)	529	4536
NA|PP755583.1|A/cattle/Texas/24-008749-002/2024(H5N1)	530	4537
NA|PP755583.1|A/cattle/Texas/24-008749-002/2024(H5N1)	531	4539
NA|PP755583.1|A/cattle/Texas/24-008749-002/2024(H5N1)	532	4537
NA|PP755583.1|A/cattle/Texas/24-008749-002/2024(H5N1)	533	4529
NA|PP755583.1|A/cattle/Texas/24-008749-002/2024(H5N1)	534	4528
NA|PP755583.1|A/cattle/Texas/24-008749-002/2024(H5N1)	535	4532
NA|PP755583.1|A/cattle/Texas/24-008749-002/2024(H5N1)	536	4514
NA|PP755583.1|A/cattle/Texas/24-008749-002/2024(H5N1)	537	4590
NA|PP755583.1|A/cattle/Texas/24-008749-002/2024(H5N1)	538	4570
NA|PP755583.1|A/cattle/Texas/24-008749-002/2024(H5N1)	539	4569
NA|PP755583.1|A/cattle/Texas/24-008749-002/2024(H5N1)	540	4615
NA|PP755583.1|A/cattle/Texas/24-008749-002/2024(H5N1)	541	4639
NA|PP755583.1|A/cattle/Texas/24-008749-002/2024(H5N1)	542	4653
NA|PP755583.1|A/cattle/Texas/24-008749-002/2024(H5N1)	543	4653
NA|PP755583.1|A/cattle/Texas/24-008749-002/2024(H5N1)	544	4651
NA|PP755583.1|A/cattle/Texas/24-008749-002/2024(H5N1)	545	4738
NA|PP755583.1|A/cattle/Texas/24-008749-002/2024(H5N1)	546	4757
NA|PP755583.1|A/cattle/Texas/24-008749-002/2024(H5N1)	547	4760
NA|PP755583.1|A/cattle/Texas/24-008749-002/2024(H5N1)	548	4733
NA|PP755583.1|A/cattle/Texas/24-008749-002/2024(H5N1)	549	4705
NA|PP755583.1|A/cattle/Texas/24-008749-002/2024(H5N1)	550	4742
NA|PP755583.1|A/cattle/Texas/24-008749-002/2024(H5N1)	551	4787
NA|PP755583.1|A/cattle/Texas/24-008749-002/2024(H5N1)	552	4804
NA|PP755583.1|A/cattle/Texas/24-008749-002/2024(H5N1)	553	4752
NA|PP755583.1|A/cattle/Texas/24-008749-002/2024(H5N1)	554	4676
NA|PP755583.1|A/cattle/Texas/24-008749-002/2024(H5N1)	555	4670
NA|PP755583.1|A/cattle/Texas/24-008749-002/2024(H5N1)	556	4675
NA|PP755583.1|A/cattle/Texas/24-008749-002/2024(H5N1)	557	4688
NA|PP755583.1|A/cattle/Texas/24-008749-002/2024(H5N1)	558	4688
NA|PP755583.1|A/cattle/Texas/24-008749-002/2024(H5N1)	559	4693
NA|PP755583.1|A/cattle/Texas/24-008749-002/2024(H5N1)	560	4654
NA|PP755583.1|A/cattle/Texas/24-008749-002/2024(H5N1)	561	4639
NA|PP755583.1|A/cattle/Texas/24-008749-002/2024(H5N1)	562	4637
NA|PP755583.1|A/cattle/Texas/24-008749-002/2024(H5N1)	563	4375
NA|PP755583.1|A/cattle/Texas/24-008749-002/2024(H5N1)	564	4358
NA|PP755583.1|A/cattle/Texas/24-008749-002/2024(H5N1)	565	4355
NA|PP755583.1|A/cattle/Texas/24-008749-002/2024(H5N1)	566	4341
NA|PP755583.1|A/cattle/Texas/24-008749-002/2024(H5N1)	567	4370
NA|PP755583.1|A/cattle/Texas/24-008749-002/2024(H5N1)	568	4287
NA|PP755583.1|A/cattle/Texas/24-008749-002/2024(H5N1)	569	4285
NA|PP755583.1|A/cattle/Texas/24-008749-002/2024(H5N1)	570	4338
NA|PP755583.1|A/cattle/Texas/24-008749-002/2024(H5N1)	571	4350
NA|PP755583.1|A/cattle/Texas/24-008749-002/2024(H5N1)	572	4360
NA|PP755583.1|A/cattle/Texas/24-008749-002/2024(H5N1)	573	4337
NA|PP755583.1|A/cattle/Texas/24-008749-002/2024(H5N1)	574	4345
NA|PP755583.1|A/cattle/Texas/24-008749-002/2024(H5N1)	575	4349
NA|PP755583.1|A/cattle/Texas/24-008749-002/2024(H5N1)	576	4333
NA|PP755583.1|A/cattle/Texas/24-008749-002/2024(H5N1)	577	4356
NA|PP755583.1|A/cattle/Texas/24-008749-002/2024(H5N1)	578	4382
NA|PP755583.1|A/cattle/Texas/24-008749-002/2024(H5N1)	579	4414
NA|PP755583.1|A/cattle/Texas/24-008749-002/2024(H5N1)	580	4416
NA|PP755583.1|A/cattle/Texas/24-008749-002/2024(H5N1)	581	4400
NA|PP755583.1|A/cattle/Texas/24-008749-002/2024(H5N1)	582	4404
NA|PP755583.1|A/cattle/Texas/24-008749-002/2024(H5N1)	583	4378
NA|PP755583.1|A/cattle/Texas/24-008749-002/2024(H5N1)	584	4390
NA|PP755583.1|A/cattle/Texas/24-008749-002/2024(H5N1)	585	4389
NA|PP755583.1|A/cattle/Texas/24-008749-002/2024(H5N1)	586	4541
NA|PP755583.1|A/cattle/Texas/24-008749-002/2024(H5N1)	587	4539
NA|PP755583.1|A/cattle/Texas/24-008749-002/2024(H5N1)	588	4479
NA|PP755583.1|A/cattle/Texas/24-008749-002/2024(H5N1)	589	4556
NA|PP755583.1|A/cattle/Texas/24-008749-002/2024(H5N1)	590	4551
NA|PP755583.1|A/cattle/Texas/24-008749-002/2024(H5N1)	591	4531
NA|PP755583.1|A/cattle/Texas/24-008749-002/2024(H5N1)	592	4550
NA|PP755583.1|A/cattle/Texas/24-008749-002/2024(H5N1)	593	4526
NA|PP755583.1|A/cattle/Texas/24-008749-002/2024(H5N1)	594	4575
NA|PP755583.1|A/cattle/Texas/24-008749-002/2024(H5N1)	595	4582
NA|PP755583.1|A/cattle/Texas/24-008749-002/2024(H5N1)	596	4228
NA|PP755583.1|A/cattle/Texas/24-008749-002/2024(H5N1)	597	4408
NA|PP755583.1|A/cattle/Texas/24-008749-002/2024(H5N1)	598	4510
NA|PP755583.1|A/cattle/Texas/24-008749-002/2024(H5N1)	599	4549
NA|PP755583.1|A/cattle/Texas/24-008749-002/2024(H5N1)	600	4549
NA|PP755583.1|A/cattle/Texas/24-008749-002/2024(H5N1)	601	4416
NA|PP755583.1|A/cattle/Texas/24-008749-002/2024(H5N1)	602	4419
NA|PP755583.1|A/cattle/Texas/24-008749-002/2024(H5N1)	603	4356
NA|PP755583.1|A/cattle/Texas/24-008749-002/2024(H5N1)	604	4373
NA|PP755583.1|A/cattle/Texas/24-008749-002/2024(H5N1)	605	4500
NA|PP755583.1|A/cattle/Texas/24-008749-002/2024(H5N1)	606	4338
NA|PP755583.1|A/cattle/Texas/24-008749-002/2024(H5N1)	607	4355
NA|PP755583.1|A/cattle/Texas/24-008749-002/2024(H5N1)	608	4321
NA|PP755583.1|A/cattle/Texas/24-008749-002/2024(H5N1)	609	4331
NA|PP755583.1|A/cattle/Texas/24-008749-002/2024(H5N1)	610	4299
NA|PP755583.1|A/cattle/Texas/24-008749-002/2024(H5N1)	611	4229
NA|PP755583.1|A/cattle/Texas/24-008749-002/2024(H5N1)	612	4172
NA|PP755583.1|A/cattle/Texas/24-008749-002/2024(H5N1)	613	4306
NA|PP755583.1|A/cattle/Texas/24-008749-002/2024(H5N1)	614	4345
NA|PP755583.1|A/cattle/Texas/24-008749-002/2024(H5N1)	615	4370
NA|PP755583.1|A/cattle/Texas/24-008749-002/2024(H5N1)	616	4391
NA|PP755583.1|A/cattle/Texas/24-008749-002/2024(H5N1)	617	4376
NA|PP755583.1|A/cattle/Texas/24-008749-002/2024(H5N1)	618	4421
NA|PP755583.1|A/cattle/Texas/24-008749-002/2024(H5N1)	619	4425
NA|PP755583.1|A/cattle/Texas/24-008749-002/2024(H5N1)	620	4400
NA|PP755583.1|A/cattle/Texas/24-008749-002/2024(H5N1)	621	4508
NA|PP755583.1|A/cattle/Texas/24-008749-002/2024(H5N1)	622	4356
NA|PP755583.1|A/cattle/Texas/24-008749-002/2024(H5N1)	623	4374
NA|PP755583.1|A/cattle/Texas/24-008749-002/2024(H5N1)	624	4383
NA|PP755583.1|A/cattle/Texas/24-008749-002/2024(H5N1)	625	4361
NA|PP755583.1|A/cattle/Texas/24-008749-002/2024(H5N1)	626	4362
NA|PP755583.1|A/cattle/Texas/24-008749-002/2024(H5N1)	627	4322
NA|PP755583.1|A/cattle/Texas/24-008749-002/2024(H5N1)	628	4305
NA|PP755583.1|A/cattle/Texas/24-008749-002/2024(H5N1)	629	4388
NA|PP755583.1|A/cattle/Texas/24-008749-002/2024(H5N1)	630	4197
NA|PP755583.1|A/cattle/Texas/24-008749-002/2024(H5N1)	631	4198
NA|PP755583.1|A/cattle/Texas/24-008749-002/2024(H5N1)	632	4222
NA|PP755583.1|A/cattle/Texas/24-008749-002/2024(H5N1)	633	4187
NA|PP755583.1|A/cattle/Texas/24-008749-002/2024(H5N1)	634	4185
NA|PP755583.1|A/cattle/Texas/24-008749-002/2024(H5N1)	635	4180
NA|PP755583.1|A/cattle/Texas/24-008749-002/2024(H5N1)	636	4190
NA|PP755583.1|A/cattle/Texas/24-008749-002/2024(H5N1)	637	4187
NA|PP755583.1|A/cattle/Texas/24-008749-002/2024(H5N1)	638	4146
NA|PP755583.1|A/cattle/Texas/24-008749-002/2024(H5N1)	639	4158
NA|PP755583.1|A/cattle/Texas/24-008749-002/2024(H5N1)	640	4143
NA|PP755583.1|A/cattle/Texas/24-008749-002/2024(H5N1)	641	4095
NA|PP755583.1|A/cattle/Texas/24-008749-002/2024(H5N1)	642	4091
NA|PP755583.1|A/cattle/Texas/24-008749-002/2024(H5N1)	643	4094
NA|PP755583.1|A/cattle/Texas/24-008749-002/2024(H5N1)	644	4151
NA|PP755583.1|A/cattle/Texas/24-008749-002/2024(H5N1)	645	4169
NA|PP755583.1|A/cattle/Texas/24-008749-002/2024(H5N1)	646	4227
NA|PP755583.1|A/cattle/Texas/24-008749-002/2024(H5N1)	647	4205
NA|PP755583.1|A/cattle/Texas/24-008749-002/2024(H5N1)	648	4148
NA|PP755583.1|A/cattle/Texas/24-008749-002/2024(H5N1)	649	4145
NA|PP755583.1|A/cattle/Texas/24-008749-002/2024(H5N1)	650	4136
NA|PP755583.1|A/cattle/Texas/24-008749-002/2024(H5N1)	651	4188
NA|PP755583.1|A/cattle/Texas/24-008749-002/2024(H5N1)	652	4145
NA|PP755583.1|A/cattle/Texas/24-008749-002/2024(H5N1)	653	3971
NA|PP755583.1|A/cattle/Texas/24-008749-002/2024(H5N1)	654	3854
NA|PP755583.1|A/cattle/Texas/24-008749-002/2024(H5N1)	655	3789
NA|PP755583.1|A/cattle/Texas/24-008749-002/2024(H5N1)	656	3791
NA|PP755583.1|A/cattle/Texas/24-008749-002/2024(H5N1)	657	3790
NA|PP755583.1|A/cattle/Texas/24-008749-002/2024(H5N1)	658	3827
NA|PP755583.1|A/cattle/Texas/24-008749-002/2024(H5N1)	659	3829
NA|PP755583.1|A/cattle/Texas/24-008749-002/2024(H5N1)	660	3790
NA|PP755583.1|A/cattle/Texas/24-008749-002/2024(H5N1)	661	3786
NA|PP755583.1|A/cattle/Texas/24-008749-002/2024(H5N1)	662	3789
NA|PP755583.1|A/cattle/Texas/24-008749-002/2024(H5N1)	663	3769
NA|PP755583.1|A/cattle/Texas/24-008749-002/2024(H5N1)	664	3771
NA|PP755583.1|A/cattle/Texas/24-008749-002/2024(H5N1)	665	3793
NA|PP755583.1|A/cattle/Texas/24-008749-002/2024(H5N1)	666	3807
NA|PP755583.1|A/cattle/Texas/24-008749-002/2024(H5N1)	667	3805
NA|PP755583.1|A/cattle/Texas/24-008749-002/2024(H5N1)	668	3795
NA|PP755583.1|A/cattle/Texas/24-008749-002/2024(H5N1)	669	3783
NA|PP755583.1|A/cattle/Texas/24-008749-002/2024(H5N1)	670	3816
NA|PP755583.1|A/cattle/Texas/24-008749-002/2024(H5N1)	671	3814
NA|PP755583.1|A/cattle/Texas/24-008749-002/2024(H5N1)	672	3815
NA|PP755583.1|A/cattle/Texas/24-008749-002/2024(H5N1)	673	3821
NA|PP755583.1|A/cattle/Texas/24-008749-002/2024(H5N1)	674	3828
NA|PP755583.1|A/cattle/Texas/24-008749-002/2024(H5N1)	675	3911
NA|PP755583.1|A/cattle/Texas/24-008749-002/2024(H5N1)	676	3904
NA|PP755583.1|A/cattle/Texas/24-008749-002/2024(H5N1)	677	3911
NA|PP755583.1|A/cattle/Texas/24-008749-002/2024(H5N1)	678	3901
NA|PP755583.1|A/cattle/Texas/24-008749-002/2024(H5N1)	679	3890
NA|PP755583.1|A/cattle/Texas/24-008749-002/2024(H5N1)	680	3909
NA|PP755583.1|A/cattle/Texas/24-008749-002/2024(H5N1)	681	3910
NA|PP755583.1|A/cattle/Texas/24-008749-002/2024(H5N1)	682	3921
NA|PP755583.1|A/cattle/Texas/24-008749-002/2024(H5N1)	683	3941
NA|PP755583.1|A/cattle/Texas/24-008749-002/2024(H5N1)	684	4014
NA|PP755583.1|A/cattle/Texas/24-008749-002/2024(H5N1)	685	4013
NA|PP755583.1|A/cattle/Texas/24-008749-002/2024(H5N1)	686	3953
NA|PP755583.1|A/cattle/Texas/24-008749-002/2024(H5N1)	687	3963
NA|PP755583.1|A/cattle/Texas/24-008749-002/2024(H5N1)	688	4023
NA|PP755583.1|A/cattle/Texas/24-008749-002/2024(H5N1)	689	4023
NA|PP755583.1|A/cattle/Texas/24-008749-002/2024(H5N1)	690	4062
NA|PP755583.1|A/cattle/Texas/24-008749-002/2024(H5N1)	691	4011
NA|PP755583.1|A/cattle/Texas/24-008749-002/2024(H5N1)	692	4018
NA|PP755583.1|A/cattle/Texas/24-008749-002/2024(H5N1)	693	4000
NA|PP755583.1|A/cattle/Texas/24-008749-002/2024(H5N1)	694	4001
NA|PP755583.1|A/cattle/Texas/24-008749-002/2024(H5N1)	695	3945
NA|PP755583.1|A/cattle/Texas/24-008749-002/2024(H5N1)	696	3941
NA|PP755583.1|A/cattle/Texas/24-008749-002/2024(H5N1)	697	3904
NA|PP755583.1|A/cattle/Texas/24-008749-002/2024(H5N1)	698	3924
NA|PP755583.1|A/cattle/Texas/24-008749-002/2024(H5N1)	699	4027
NA|PP755583.1|A/cattle/Texas/24-008749-002/2024(H5N1)	700	4036
NA|PP755583.1|A/cattle/Texas/24-008749-002/2024(H5N1)	701	4008
NA|PP755583.1|A/cattle/Texas/24-008749-002/2024(H5N1)	702	3954
NA|PP755583.1|A/cattle/Texas/24-008749-002/2024(H5N1)	703	4051
NA|PP755583.1|A/cattle/Texas/24-008749-002/2024(H5N1)	704	4049
NA|PP755583.1|A/cattle/Texas/24-008749-002/2024(H5N1)	705	4053
NA|PP755583.1|A/cattle/Texas/24-008749-002/2024(H5N1)	706	4035
NA|PP755583.1|A/cattle/Texas/24-008749-002/2024(H5N1)	707	4026
NA|PP755583.1|A/cattle/Texas/24-008749-002/2024(H5N1)	708	3966
NA|PP755583.1|A/cattle/Texas/24-008749-002/2024(H5N1)	709	3958
NA|PP755583.1|A/cattle/Texas/24-008749-002/2024(H5N1)	710	3958
NA|PP755583.1|A/cattle/Texas/24-008749-002/2024(H5N1)	711	3979
NA|PP755583.1|A/cattle/Texas/24-008749-002/2024(H5N1)	712	3966
NA|PP755583.1|A/cattle/Texas/24-008749-002/2024(H5N1)	713	4017
NA|PP755583.1|A/cattle/Texas/24-008749-002/2024(H5N1)	714	4079
NA|PP755583.1|A/cattle/Texas/24-008749-002/2024(H5N1)	715	4094
NA|PP755583.1|A/cattle/Texas/24-008749-002/2024(H5N1)	716	4080
NA|PP755583.1|A/cattle/Texas/24-008749-002/2024(H5N1)	717	4180
NA|PP755583.1|A/cattle/Texas/24-008749-002/2024(H5N1)	718	4183
NA|PP755583.1|A/cattle/Texas/24-008749-002/2024(H5N1)	719	4425
NA|PP755583.1|A/cattle/Texas/24-008749-002/2024(H5N1)	720	4361
NA|PP755583.1|A/cattle/Texas/24-008749-002/2024(H5N1)	721	4374
NA|PP755583.1|A/cattle/Texas/24-008749-002/2024(H5N1)	722	4375
NA|PP755583.1|A/cattle/Texas/24-008749-002/2024(H5N1)	723	4394
NA|PP755583.1|A/cattle/Texas/24-008749-002/2024(H5N1)	724	4390
NA|PP755583.1|A/cattle/Texas/24-008749-002/2024(H5N1)	725	4390
NA|PP755583.1|A/cattle/Texas/24-008749-002/2024(H5N1)	726	4391
NA|PP755583.1|A/cattle/Texas/24-008749-002/2024(H5N1)	727	4467
NA|PP755583.1|A/cattle/Texas/24-008749-002/2024(H5N1)	728	4597
NA|PP755583.1|A/cattle/Texas/24-008749-002/2024(H5N1)	729	4556
NA|PP755583.1|A/cattle/Texas/24-008749-002/2024(H5N1)	730	4542
NA|PP755583.1|A/cattle/Texas/24-008749-002/2024(H5N1)	731	4589
NA|PP755583.1|A/cattle/Texas/24-008749-002/2024(H5N1)	732	4624
NA|PP755583.1|A/cattle/Texas/24-008749-002/2024(H5N1)	733	4665
NA|PP755583.1|A/cattle/Texas/24-008749-002/2024(H5N1)	734	4680
NA|PP755583.1|A/cattle/Texas/24-008749-002/2024(H5N1)	735	4711
NA|PP755583.1|A/cattle/Texas/24-008749-002/2024(H5N1)	736	4719
NA|PP755583.1|A/cattle/Texas/24-008749-002/2024(H5N1)	737	4542
NA|PP755583.1|A/cattle/Texas/24-008749-002/2024(H5N1)	738	4554
NA|PP755583.1|A/cattle/Texas/24-008749-002/2024(H5N1)	739	4556
NA|PP755583.1|A/cattle/Texas/24-008749-002/2024(H5N1)	740	4696
NA|PP755583.1|A/cattle/Texas/24-008749-002/2024(H5N1)	741	4775
NA|PP755583.1|A/cattle/Texas/24-008749-002/2024(H5N1)	742	4734
NA|PP755583.1|A/cattle/Texas/24-008749-002/2024(H5N1)	743	4712
NA|PP755583.1|A/cattle/Texas/24-008749-002/2024(H5N1)	744	4657
NA|PP755583.1|A/cattle/Texas/24-008749-002/2024(H5N1)	745	4711
NA|PP755583.1|A/cattle/Texas/24-008749-002/2024(H5N1)	746	4738
NA|PP755583.1|A/cattle/Texas/24-008749-002/2024(H5N1)	747	4744
NA|PP755583.1|A/cattle/Texas/24-008749-002/2024(H5N1)	748	4584
NA|PP755583.1|A/cattle/Texas/24-008749-002/2024(H5N1)	749	4369
NA|PP755583.1|A/cattle/Texas/24-008749-002/2024(H5N1)	750	4354
NA|PP755583.1|A/cattle/Texas/24-008749-002/2024(H5N1)	751	4539
NA|PP755583.1|A/cattle/Texas/24-008749-002/2024(H5N1)	752	4563
NA|PP755583.1|A/cattle/Texas/24-008749-002/2024(H5N1)	753	4510
NA|PP755583.1|A/cattle/Texas/24-008749-002/2024(H5N1)	754	4371
NA|PP755583.1|A/cattle/Texas/24-008749-002/2024(H5N1)	755	4403
NA|PP755583.1|A/cattle/Texas/24-008749-002/2024(H5N1)	756	4450
NA|PP755583.1|A/cattle/Texas/24-008749-002/2024(H5N1)	757	4470
NA|PP755583.1|A/cattle/Texas/24-008749-002/2024(H5N1)	758	4457
NA|PP755583.1|A/cattle/Texas/24-008749-002/2024(H5N1)	759	4439
NA|PP755583.1|A/cattle/Texas/24-008749-002/2024(H5N1)	760	4415
NA|PP755583.1|A/cattle/Texas/24-008749-002/2024(H5N1)	761	4436
NA|PP755583.1|A/cattle/Texas/24-008749-002/2024(H5N1)	762	4434
NA|PP755583.1|A/cattle/Texas/24-008749-002/2024(H5N1)	763	4456
NA|PP755583.1|A/cattle/Texas/24-008749-002/2024(H5N1)	764	4303
NA|PP755583.1|A/cattle/Texas/24-008749-002/2024(H5N1)	765	4305
NA|PP755583.1|A/cattle/Texas/24-008749-002/2024(H5N1)	766	4306
NA|PP755583.1|A/cattle/Texas/24-008749-002/2024(H5N1)	767	4327
NA|PP755583.1|A/cattle/Texas/24-008749-002/2024(H5N1)	768	4284
NA|PP755583.1|A/cattle/Texas/24-008749-002/2024(H5N1)	769	4282
NA|PP755583.1|A/cattle/Texas/24-008749-002/2024(H5N1)	770	4306
NA|PP755583.1|A/cattle/Texas/24-008749-002/2024(H5N1)	771	4315
NA|PP755583.1|A/cattle/Texas/24-008749-002/2024(H5N1)	772	4231
NA|PP755583.1|A/cattle/Texas/24-008749-002/2024(H5N1)	773	4231
NA|PP755583.1|A/cattle/Texas/24-008749-002/2024(H5N1)	774	4172
NA|PP755583.1|A/cattle/Texas/24-008749-002/2024(H5N1)	775	4198
NA|PP755583.1|A/cattle/Texas/24-008749-002/2024(H5N1)	776	4194
NA|PP755583.1|A/cattle/Texas/24-008749-002/2024(H5N1)	777	4200
NA|PP755583.1|A/cattle/Texas/24-008749-002/2024(H5N1)	778	4195
NA|PP755583.1|A/cattle/Texas/24-008749-002/2024(H5N1)	779	4139
NA|PP755583.1|A/cattle/Texas/24-008749-002/2024(H5N1)	780	4113
NA|PP755583.1|A/cattle/Texas/24-008749-002/2024(H5N1)	781	4109
NA|PP755583.1|A/cattle/Texas/24-008749-002/2024(H5N1)	782	4115
NA|PP755583.1|A/cattle/Texas/24-008749-002/2024(H5N1)	783	4099
NA|PP755583.1|A/cattle/Texas/24-008749-002/2024(H5N1)	784	4095
NA|PP755583.1|A/cattle/Texas/24-008749-002/2024(H5N1)	785	4081
NA|PP755583.1|A/cattle/Texas/24-008749-002/2024(H5N1)	786	4071
NA|PP755583.1|A/cattle/Texas/24-008749-002/2024(H5N1)	787	4053
NA|PP755583.1|A/cattle/Texas/24-008749-002/2024(H5N1)	788	4050
NA|PP755583.1|A/cattle/Texas/24-008749-002/2024(H5N1)	789	4049
NA|PP755583.1|A/cattle/Texas/24-008749-002/2024(H5N1)	790	4039
NA|PP755583.1|A/cattle/Texas/24-008749-002/2024(H5N1)	791	4082
NA|PP755583.1|A/cattle/Texas/24-008749-002/2024(H5N1)	792	4075
NA|PP755583.1|A/cattle/Texas/24-008749-002/2024(H5N1)	793	4108
NA|PP755583.1|A/cattle/Texas/24-008749-002/2024(H5N1)	794	4099
NA|PP755583.1|A/cattle/Texas/24-008749-002/2024(H5N1)	795	3979
NA|PP755583.1|A/cattle/Texas/24-008749-002/2024(H5N1)	796	3949
NA|PP755583.1|A/cattle/Texas/24-008749-002/2024(H5N1)	797	3902
NA|PP755583.1|A/cattle/Texas/24-008749-002/2024(H5N1)	798	3886
NA|PP755583.1|A/cattle/Texas/24-008749-002/2024(H5N1)	799	3954
NA|PP755583.1|A/cattle/Texas/24-008749-002/2024(H5N1)	800	3970
NA|PP755583.1|A/cattle/Texas/24-008749-002/2024(H5N1)	801	4142
NA|PP755583.1|A/cattle/Texas/24-008749-002/2024(H5N1)	802	4099
NA|PP755583.1|A/cattle/Texas/24-008749-002/2024(H5N1)	803	4129
NA|PP755583.1|A/cattle/Texas/24-008749-002/2024(H5N1)	804	4260
NA|PP755583.1|A/cattle/Texas/24-008749-002/2024(H5N1)	805	4264
NA|PP755583.1|A/cattle/Texas/24-008749-002/2024(H5N1)	806	4323
NA|PP755583.1|A/cattle/Texas/24-008749-002/2024(H5N1)	807	4338
NA|PP755583.1|A/cattle/Texas/24-008749-002/2024(H5N1)	808	4281
NA|PP755583.1|A/cattle/Texas/24-008749-002/2024(H5N1)	809	4287
NA|PP755583.1|A/cattle/Texas/24-008749-002/2024(H5N1)	810	4288
NA|PP755583.1|A/cattle/Texas/24-008749-002/2024(H5N1)	811	4275
NA|PP755583.1|A/cattle/Texas/24-008749-002/2024(H5N1)	812	4342
NA|PP755583.1|A/cattle/Texas/24-008749-002/2024(H5N1)	813	4339
NA|PP755583.1|A/cattle/Texas/24-008749-002/2024(H5N1)	814	4367
NA|PP755583.1|A/cattle/Texas/24-008749-002/2024(H5N1)	815	4353
NA|PP755583.1|A/cattle/Texas/24-008749-002/2024(H5N1)	816	4341
NA|PP755583.1|A/cattle/Texas/24-008749-002/2024(H5N1)	817	4431
NA|PP755583.1|A/cattle/Texas/24-008749-002/2024(H5N1)	818	4434
NA|PP755583.1|A/cattle/Texas/24-008749-002/2024(H5N1)	819	4435
NA|PP755583.1|A/cattle/Texas/24-008749-002/2024(H5N1)	820	4428
NA|PP755583.1|A/cattle/Texas/24-008749-002/2024(H5N1)	821	4356
NA|PP755583.1|A/cattle/Texas/24-008749-002/2024(H5N1)	822	4395
NA|PP755583.1|A/cattle/Texas/24-008749-002/2024(H5N1)	823	4381
NA|PP755583.1|A/cattle/Texas/24-008749-002/2024(H5N1)	824	4367
NA|PP755583.1|A/cattle/Texas/24-008749-002/2024(H5N1)	825	4379
NA|PP755583.1|A/cattle/Texas/24-008749-002/2024(H5N1)	826	4280
NA|PP755583.1|A/cattle/Texas/24-008749-002/2024(H5N1)	827	4302
NA|PP755583.1|A/cattle/Texas/24-008749-002/2024(H5N1)	828	4293
NA|PP755583.1|A/cattle/Texas/24-008749-002/2024(H5N1)	829	4304
NA|PP755583.1|A/cattle/Texas/24-008749-002/2024(H5N1)	830	4300
NA|PP755583.1|A/cattle/Texas/24-008749-002/2024(H5N1)	831	4283
NA|PP755583.1|A/cattle/Texas/24-008749-002/2024(H5N1)	832	4306
NA|PP755583.1|A/cattle/Texas/24-008749-002/2024(H5N1)	833	4327
NA|PP755583.1|A/cattle/Texas/24-008749-002/2024(H5N1)	834	4332
NA|PP755583.1|A/cattle/Texas/24-008749-002/2024(H5N1)	835	4270
NA|PP755583.1|A/cattle/Texas/24-008749-002/2024(H5N1)	836	4274
NA|PP755583.1|A/cattle/Texas/24-008749-002/2024(H5N1)	837	4233
NA|PP755583.1|A/cattle/Texas/24-008749-002/2024(H5N1)	838	4206
NA|PP755583.1|A/cattle/Texas/24-008749-002/2024(H5N1)	839	4312
NA|PP755583.1|A/cattle/Texas/24-008749-002/2024(H5N1)	840	4350
NA|PP755583.1|A/cattle/Texas/24-008749-002/2024(H5N1)	841	4305
NA|PP755583.1|A/cattle/Texas/24-008749-002/2024(H5N1)	842	4327
NA|PP755583.1|A/cattle/Texas/24-008749-002/2024(H5N1)	843	4293
NA|PP755583.1|A/cattle/Texas/24-008749-002/2024(H5N1)	844	4293
NA|PP755583.1|A/cattle/Texas/24-008749-002/2024(H5N1)	845	4420
NA|PP755583.1|A/cattle/Texas/24-008749-002/2024(H5N1)	846	4399
NA|PP755583.1|A/cattle/Texas/24-008749-002/2024(H5N1)	847	4385
NA|PP755583.1|A/cattle/Texas/24-008749-002/2024(H5N1)	848	4322
NA|PP755583.1|A/cattle/Texas/24-008749-002/2024(H5N1)	849	4210
NA|PP755583.1|A/cattle/Texas/24-008749-002/2024(H5N1)	850	4219
NA|PP755583.1|A/cattle/Texas/24-008749-002/2024(H5N1)	851	4236
NA|PP755583.1|A/cattle/Texas/24-008749-002/2024(H5N1)	852	4232
NA|PP755583.1|A/cattle/Texas/24-008749-002/2024(H5N1)	853	4231
NA|PP755583.1|A/cattle/Texas/24-008749-002/2024(H5N1)	854	4119
NA|PP755583.1|A/cattle/Texas/24-008749-002/2024(H5N1)	855	4178
NA|PP755583.1|A/cattle/Texas/24-008749-002/2024(H5N1)	856	4252
NA|PP755583.1|A/cattle/Texas/24-008749-002/2024(H5N1)	857	4249
NA|PP755583.1|A/cattle/Texas/24-008749-002/2024(H5N1)	858	4234
NA|PP755583.1|A/cattle/Texas/24-008749-002/2024(H5N1)	859	4378
NA|PP755583.1|A/cattle/Texas/24-008749-002/2024(H5N1)	860	4501
NA|PP755583.1|A/cattle/Texas/24-008749-002/2024(H5N1)	861	4638
NA|PP755583.1|A/cattle/Texas/24-008749-002/2024(H5N1)	862	4621
NA|PP755583.1|A/cattle/Texas/24-008749-002/2024(H5N1)	863	4663
NA|PP755583.1|A/cattle/Texas/24-008749-002/2024(H5N1)	864	4557
NA|PP755583.1|A/cattle/Texas/24-008749-002/2024(H5N1)	865	4699
NA|PP755583.1|A/cattle/Texas/24-008749-002/2024(H5N1)	866	4663
NA|PP755583.1|A/cattle/Texas/24-008749-002/2024(H5N1)	867	4690
NA|PP755583.1|A/cattle/Texas/24-008749-002/2024(H5N1)	868	4578
NA|PP755583.1|A/cattle/Texas/24-008749-002/2024(H5N1)	869	4583
NA|PP755583.1|A/cattle/Texas/24-008749-002/2024(H5N1)	870	4344
NA|PP755583.1|A/cattle/Texas/24-008749-002/2024(H5N1)	871	4349
NA|PP755583.1|A/cattle/Texas/24-008749-002/2024(H5N1)	872	4327
NA|PP755583.1|A/cattle/Texas/24-008749-002/2024(H5N1)	873	4426
NA|PP755583.1|A/cattle/Texas/24-008749-002/2024(H5N1)	874	4443
NA|PP755583.1|A/cattle/Texas/24-008749-002/2024(H5N1)	875	4652
NA|PP755583.1|A/cattle/Texas/24-008749-002/2024(H5N1)	876	4732
NA|PP755583.1|A/cattle/Texas/24-008749-002/2024(H5N1)	877	4642
NA|PP755583.1|A/cattle/Texas/24-008749-002/2024(H5N1)	878	4652
NA|PP755583.1|A/cattle/Texas/24-008749-002/2024(H5N1)	879	4630
NA|PP755583.1|A/cattle/Texas/24-008749-002/2024(H5N1)	880	4649
NA|PP755583.1|A/cattle/Texas/24-008749-002/2024(H5N1)	881	4637
NA|PP755583.1|A/cattle/Texas/24-008749-002/2024(H5N1)	882	4737
NA|PP755583.1|A/cattle/Texas/24-008749-002/2024(H5N1)	883	4715
NA|PP755583.1|A/cattle/Texas/24-008749-002/2024(H5N1)	884	4744
NA|PP755583.1|A/cattle/Texas/24-008749-002/2024(H5N1)	885	4730
NA|PP755583.1|A/cattle/Texas/24-008749-002/2024(H5N1)	886	4691
NA|PP755583.1|A/cattle/Texas/24-008749-002/2024(H5N1)	887	4715
NA|PP755583.1|A/cattle/Texas/24-008749-002/2024(H5N1)	888	4717
NA|PP755583.1|A/cattle/Texas/24-008749-002/2024(H5N1)	889	4687
NA|PP755583.1|A/cattle/Texas/24-008749-002/2024(H5N1)	890	4679
NA|PP755583.1|A/cattle/Texas/24-008749-002/2024(H5N1)	891	4424
NA|PP755583.1|A/cattle/Texas/24-008749-002/2024(H5N1)	892	4659
NA|PP755583.1|A/cattle/Texas/24-008749-002/2024(H5N1)	893	4801
NA|PP755583.1|A/cattle/Texas/24-008749-002/2024(H5N1)	894	4787
NA|PP755583.1|A/cattle/Texas/24-008749-002/2024(H5N1)	895	4790
NA|PP755583.1|A/cattle/Texas/24-008749-002/2024(H5N1)	896	4753
NA|PP755583.1|A/cattle/Texas/24-008749-002/2024(H5N1)	897	4750
NA|PP755583.1|A/cattle/Texas/24-008749-002/2024(H5N1)	898	4789
NA|PP755583.1|A/cattle/Texas/24-008749-002/2024(H5N1)	899	4791
NA|PP755583.1|A/cattle/Texas/24-008749-002/2024(H5N1)	900	4766
NA|PP755583.1|A/cattle/Texas/24-008749-002/2024(H5N1)	901	4590
NA|PP755583.1|A/cattle/Texas/24-008749-002/2024(H5N1)	902	4610
NA|PP755583.1|A/cattle/Texas/24-008749-002/2024(H5N1)	903	4639
NA|PP755583.1|A/cattle/Texas/24-008749-002/2024(H5N1)	904	4636
NA|PP755583.1|A/cattle/Texas/24-008749-002/2024(H5N1)	905	4598
NA|PP755583.1|A/cattle/Texas/24-008749-002/2024(H5N1)	906	4609
NA|PP755583.1|A/cattle/Texas/24-008749-002/2024(H5N1)	907	4589
NA|PP755583.1|A/cattle/Texas/24-008749-002/2024(H5N1)	908	4613
NA|PP755583.1|A/cattle/Texas/24-008749-002/2024(H5N1)	909	4653
NA|PP755583.1|A/cattle/Texas/24-008749-002/2024(H5N1)	910	4664
NA|PP755583.1|A/cattle/Texas/24-008749-002/2024(H5N1)	911	4648
NA|PP755583.1|A/cattle/Texas/24-008749-002/2024(H5N1)	912	4639
NA|PP755583.1|A/cattle/Texas/24-008749-002/2024(H5N1)	913	4639
NA|PP755583.1|A/cattle/Texas/24-008749-002/2024(H5N1)	914	4645
NA|PP755583.1|A/cattle/Texas/24-008749-002/2024(H5N1)	915	4639
NA|PP755583.1|A/cattle/Texas/24-008749-002/2024(H5N1)	916	4635
NA|PP755583.1|A/cattle/Texas/24-008749-002/2024(H5N1)	917	4684
NA|PP755583.1|A/cattle/Texas/24-008749-002/2024(H5N1)	918	4659
NA|PP755583.1|A/cattle/Texas/24-008749-002/2024(H5N1)	919	4839
NA|PP755583.1|A/cattle/Texas/24-008749-002/2024(H5N1)	920	4849
NA|PP755583.1|A/cattle/Texas/24-008749-002/2024(H5N1)	921	4823
NA|PP755583.1|A/cattle/Texas/24-008749-002/2024(H5N1)	922	4815
NA|PP755583.1|A/cattle/Texas/24-008749-002/2024(H5N1)	923	4802
NA|PP755583.1|A/cattle/Texas/24-008749-002/2024(H5N1)	924	4806
NA|PP755583.1|A/cattle/Texas/24-008749-002/2024(H5N1)	925	4836
NA|PP755583.1|A/cattle/Texas/24-008749-002/2024(H5N1)	926	4864
NA|PP755583.1|A/cattle/Texas/24-008749-002/2024(H5N1)	927	4869
NA|PP755583.1|A/cattle/Texas/24-008749-002/2024(H5N1)	928	4838
NA|PP755583.1|A/cattle/Texas/24-008749-002/2024(H5N1)	929	4836
NA|PP755583.1|A/cattle/Texas/24-008749-002/2024(H5N1)	930	4841
NA|PP755583.1|A/cattle/Texas/24-008749-002/2024(H5N1)	931	4846
NA|PP755583.1|A/cattle/Texas/24-008749-002/2024(H5N1)	932	4844
NA|PP755583.1|A/cattle/Texas/24-008749-002/2024(H5N1)	933	4928
NA|PP755583.1|A/cattle/Texas/24-008749-002/2024(H5N1)	934	4935
NA|PP755583.1|A/cattle/Texas/24-008749-002/2024(H5N1)	935	5002
NA|PP755583.1|A/cattle/Texas/24-008749-002/2024(H5N1)	936	5004
NA|PP755583.1|A/cattle/Texas/24-008749-002/2024(H5N1)	937	5028
NA|PP755583.1|A/cattle/Texas/24-008749-002/2024(H5N1)	938	5050
NA|PP755583.1|A/cattle/Texas/24-008749-002/2024(H5N1)	939	5047
NA|PP755583.1|A/cattle/Texas/24-008749-002/2024(H5N1)	940	5038
NA|PP755583.1|A/cattle/Texas/24-008749-002/2024(H5N1)	941	5046
NA|PP755583.1|A/cattle/Texas/24-008749-002/2024(H5N1)	942	4980
NA|PP755583.1|A/cattle/Texas/24-008749-002/2024(H5N1)	943	5385
NA|PP755583.1|A/cattle/Texas/24-008749-002/2024(H5N1)	944	5376
NA|PP755583.1|A/cattle/Texas/24-008749-002/2024(H5N1)	945	5420
NA|PP755583.1|A/cattle/Texas/24-008749-002/2024(H5N1)	946	5636
NA|PP755583.1|A/cattle/Texas/24-008749-002/2024(H5N1)	947	5659
NA|PP755583.1|A/cattle/Texas/24-008749-002/2024(H5N1)	948	5763
NA|PP755583.1|A/cattle/Texas/24-008749-002/2024(H5N1)	949	5782
NA|PP755583.1|A/cattle/Texas/24-008749-002/2024(H5N1)	950	5727
NA|PP755583.1|A/cattle/Texas/24-008749-002/2024(H5N1)	951	5737
NA|PP755583.1|A/cattle/Texas/24-008749-002/2024(H5N1)	952	5546
NA|PP755583.1|A/cattle/Texas/24-008749-002/2024(H5N1)	953	5520
NA|PP755583.1|A/cattle/Texas/24-008749-002/2024(H5N1)	954	5516
NA|PP755583.1|A/cattle/Texas/24-008749-002/2024(H5N1)	955	5353
NA|PP755583.1|A/cattle/Texas/24-008749-002/2024(H5N1)	956	5360
NA|PP755583.1|A/cattle/Texas/24-008749-002/2024(H5N1)	957	5380
NA|PP755583.1|A/cattle/Texas/24-008749-002/2024(H5N1)	958	5365
NA|PP755583.1|A/cattle/Texas/24-008749-002/2024(H5N1)	959	5361
NA|PP755583.1|A/cattle/Texas/24-008749-002/2024(H5N1)	960	5346
NA|PP755583.1|A/cattle/Texas/24-008749-002/2024(H5N1)	961	5348
NA|PP755583.1|A/cattle/Texas/24-008749-002/2024(H5N1)	962	5346
NA|PP755583.1|A/cattle/Texas/24-008749-002/2024(H5N1)	963	5290
NA|PP755583.1|A/cattle/Texas/24-008749-002/2024(H5N1)	964	5318
NA|PP755583.1|A/cattle/Texas/24-008749-002/2024(H5N1)	965	5294
NA|PP755583.1|A/cattle/Texas/24-008749-002/2024(H5N1)	966	5288
NA|PP755583.1|A/cattle/Texas/24-008749-002/2024(H5N1)	967	5280
NA|PP755583.1|A/cattle/Texas/24-008749-002/2024(H5N1)	968	5299
NA|PP755583.1|A/cattle/Texas/24-008749-002/2024(H5N1)	969	5321
NA|PP755583.1|A/cattle/Texas/24-008749-002/2024(H5N1)	970	5349
NA|PP755583.1|A/cattle/Texas/24-008749-002/2024(H5N1)	971	5349
NA|PP755583.1|A/cattle/Texas/24-008749-002/2024(H5N1)	972	5335
NA|PP755583.1|A/cattle/Texas/24-008749-002/2024(H5N1)	973	5309
NA|PP755583.1|A/cattle/Texas/24-008749-002/2024(H5N1)	974	5393
NA|PP755583.1|A/cattle/Texas/24-008749-002/2024(H5N1)	975	5398
NA|PP755583.1|A/cattle/Texas/24-008749-002/2024(H5N1)	976	5375
NA|PP755583.1|A/cattle/Texas/24-008749-002/2024(H5N1)	977	5404
NA|PP755583.1|A/cattle/Texas/24-008749-002/2024(H5N1)	978	5395
NA|PP755583.1|A/cattle/Texas/24-008749-002/2024(H5N1)	979	5380
NA|PP755583.1|A/cattle/Texas/24-008749-002/2024(H5N1)	980	5393
NA|PP755583.1|A/cattle/Texas/24-008749-002/2024(H5N1)	981	5442
NA|PP755583.1|A/cattle/Texas/24-008749-002/2024(H5N1)	982	5424
NA|PP755583.1|A/cattle/Texas/24-008749-002/2024(H5N1)	983	5385
NA|PP755583.1|A/cattle/Texas/24-008749-002/2024(H5N1)	984	5366
NA|PP755583.1|A/cattle/Texas/24-008749-002/2024(H5N1)	985	5360
NA|PP755583.1|A/cattle/Texas/24-008749-002/2024(H5N1)	986	5376
NA|PP755583.1|A/cattle/Texas/24-008749-002/2024(H5N1)	987	5436
NA|PP755583.1|A/cattle/Texas/24-008749-002/2024(H5N1)	988	5422
NA|PP755583.1|A/cattle/Texas/24-008749-002/2024(H5N1)	989	5429
NA|PP755583.1|A/cattle/Texas/24-008749-002/2024(H5N1)	990	5316
NA|PP755583.1|A/cattle/Texas/24-008749-002/2024(H5N1)	991	5281
NA|PP755583.1|A/cattle/Texas/24-008749-002/2024(H5N1)	992	5324
NA|PP755583.1|A/cattle/Texas/24-008749-002/2024(H5N1)	993	5460
NA|PP755583.1|A/cattle/Texas/24-008749-002/2024(H5N1)	994	5460
NA|PP755583.1|A/cattle/Texas/24-008749-002/2024(H5N1)	995	5357
NA|PP755583.1|A/cattle/Texas/24-008749-002/2024(H5N1)	996	5313
NA|PP755583.1|A/cattle/Texas/24-008749-002/2024(H5N1)	997	5437
NA|PP755583.1|A/cattle/Texas/24-008749-002/2024(H5N1)	998	5535
NA|PP755583.1|A/cattle/Texas/24-008749-002/2024(H5N1)	999	5606
NA|PP755583.1|A/cattle/Texas/24-008749-002/2024(H5N1)	1000	5587
NA|PP755583.1|A/cattle/Texas/24-008749-002/2024(H5N1)	1001	5630
NA|PP755583.1|A/cattle/Texas/24-008749-002/2024(H5N1)	1002	5774
NA|PP755583.1|A/cattle/Texas/24-008749-002/2024(H5N1)	1003	5774
NA|PP755583.1|A/cattle/Texas/24-008749-002/2024(H5N1)	1004	5778
NA|PP755583.1|A/cattle/Texas/24-008749-002/2024(H5N1)	1005	5733
NA|PP755583.1|A/cattle/Texas/24-008749-002/2024(H5N1)	1006	5642
NA|PP755583.1|A/cattle/Texas/24-008749-002/2024(H5N1)	1007	5911
NA|PP755583.1|A/cattle/Texas/24-008749-002/2024(H5N1)	1008	5986
NA|PP755583.1|A/cattle/Texas/24-008749-002/2024(H5N1)	1009	5909
NA|PP755583.1|A/cattle/Texas/24-008749-002/2024(H5N1)	1010	5823
NA|PP755583.1|A/cattle/Texas/24-008749-002/2024(H5N1)	1011	5792
NA|PP755583.1|A/cattle/Texas/24-008749-002/2024(H5N1)	1012	5677
NA|PP755583.1|A/cattle/Texas/24-008749-002/2024(H5N1)	1013	5721
NA|PP755583.1|A/cattle/Texas/24-008749-002/2024(H5N1)	1014	5731
NA|PP755583.1|A/cattle/Texas/24-008749-002/2024(H5N1)	1015	5754
NA|PP755583.1|A/cattle/Texas/24-008749-002/2024(H5N1)	1016	5592
NA|PP755583.1|A/cattle/Texas/24-008749-002/2024(H5N1)	1017	5613
NA|PP755583.1|A/cattle/Texas/24-008749-002/2024(H5N1)	1018	5596
NA|PP755583.1|A/cattle/Texas/24-008749-002/2024(H5N1)	1019	5801
NA|PP755583.1|A/cattle/Texas/24-008749-002/2024(H5N1)	1020	5798
NA|PP755583.1|A/cattle/Texas/24-008749-002/2024(H5N1)	1021	5834
NA|PP755583.1|A/cattle/Texas/24-008749-002/2024(H5N1)	1022	5823
NA|PP755583.1|A/cattle/Texas/24-008749-002/2024(H5N1)	1023	5784
NA|PP755583.1|A/cattle/Texas/24-008749-002/2024(H5N1)	1024	5707
NA|PP755583.1|A/cattle/Texas/24-008749-002/2024(H5N1)	1025	5749
NA|PP755583.1|A/cattle/Texas/24-008749-002/2024(H5N1)	1026	5694
NA|PP755583.1|A/cattle/Texas/24-008749-002/2024(H5N1)	1027	5846
NA|PP755583.1|A/cattle/Texas/24-008749-002/2024(H5N1)	1028	5686
NA|PP755583.1|A/cattle/Texas/24-008749-002/2024(H5N1)	1029	5699
NA|PP755583.1|A/cattle/Texas/24-008749-002/2024(H5N1)	1030	5677
NA|PP755583.1|A/cattle/Texas/24-008749-002/2024(H5N1)	1031	5676
NA|PP755583.1|A/cattle/Texas/24-008749-002/2024(H5N1)	1032	5677
NA|PP755583.1|A/cattle/Texas/24-008749-002/2024(H5N1)	1033	5575
NA|PP755583.1|A/cattle/Texas/24-008749-002/2024(H5N1)	1034	5726
NA|PP755583.1|A/cattle/Texas/24-008749-002/2024(H5N1)	1035	5684
NA|PP755583.1|A/cattle/Texas/24-008749-002/2024(H5N1)	1036	5743
NA|PP755583.1|A/cattle/Texas/24-008749-002/2024(H5N1)	1037	5761
NA|PP755583.1|A/cattle/Texas/24-008749-002/2024(H5N1)	1038	5719
NA|PP755583.1|A/cattle/Texas/24-008749-002/2024(H5N1)	1039	5721
NA|PP755583.1|A/cattle/Texas/24-008749-002/2024(H5N1)	1040	5755
NA|PP755583.1|A/cattle/Texas/24-008749-002/2024(H5N1)	1041	5756
NA|PP755583.1|A/cattle/Texas/24-008749-002/2024(H5N1)	1042	5764
NA|PP755583.1|A/cattle/Texas/24-008749-002/2024(H5N1)	1043	5475
NA|PP755583.1|A/cattle/Texas/24-008749-002/2024(H5N1)	1044	5432
NA|PP755583.1|A/cattle/Texas/24-008749-002/2024(H5N1)	1045	5377
NA|PP755583.1|A/cattle/Texas/24-008749-002/2024(H5N1)	1046	5376
NA|PP755583.1|A/cattle/Texas/24-008749-002/2024(H5N1)	1047	5383
NA|PP755583.1|A/cattle/Texas/24-008749-002/2024(H5N1)	1048	5384
NA|PP755583.1|A/cattle/Texas/24-008749-002/2024(H5N1)	1049	5399
NA|PP755583.1|A/cattle/Texas/24-008749-002/2024(H5N1)	1050	5402
NA|PP755583.1|A/cattle/Texas/24-008749-002/2024(H5N1)	1051	5422
NA|PP755583.1|A/cattle/Texas/24-008749-002/2024(H5N1)	1052	5420
NA|PP755583.1|A/cattle/Texas/24-008749-002/2024(H5N1)	1053	5383
NA|PP755583.1|A/cattle/Texas/24-008749-002/2024(H5N1)	1054	5682
NA|PP755583.1|A/cattle/Texas/24-008749-002/2024(H5N1)	1055	5681
NA|PP755583.1|A/cattle/Texas/24-008749-002/2024(H5N1)	1056	5721
NA|PP755583.1|A/cattle/Texas/24-008749-002/2024(H5N1)	1057	5723
NA|PP755583.1|A/cattle/Texas/24-008749-002/2024(H5N1)	1058	5783
NA|PP755583.1|A/cattle/Texas/24-008749-002/2024(H5N1)	1059	6136
NA|PP755583.1|A/cattle/Texas/24-008749-002/2024(H5N1)	1060	6132
NA|PP755583.1|A/cattle/Texas/24-008749-002/2024(H5N1)	1061	6529
NA|PP755583.1|A/cattle/Texas/24-008749-002/2024(H5N1)	1062	6546
NA|PP755583.1|A/cattle/Texas/24-008749-002/2024(H5N1)	1063	6515
NA|PP755583.1|A/cattle/Texas/24-008749-002/2024(H5N1)	1064	6533
NA|PP755583.1|A/cattle/Texas/24-008749-002/2024(H5N1)	1065	6492
NA|PP755583.1|A/cattle/Texas/24-008749-002/2024(H5N1)	1066	6495
NA|PP755583.1|A/cattle/Texas/24-008749-002/2024(H5N1)	1067	6524
NA|PP755583.1|A/cattle/Texas/24-008749-002/2024(H5N1)	1068	6512
NA|PP755583.1|A/cattle/Texas/24-008749-002/2024(H5N1)	1069	6517
NA|PP755583.1|A/cattle/Texas/24-008749-002/2024(H5N1)	1070	6277
NA|PP755583.1|A/cattle/Texas/24-008749-002/2024(H5N1)	1071	6276
NA|PP755583.1|A/cattle/Texas/24-008749-002/2024(H5N1)	1072	6305
NA|PP755583.1|A/cattle/Texas/24-008749-002/2024(H5N1)	1073	6307
NA|PP755583.1|A/cattle/Texas/24-008749-002/2024(H5N1)	1074	6339
NA|PP755583.1|A/cattle/Texas/24-008749-002/2024(H5N1)	1075	6337
NA|PP755583.1|A/cattle/Texas/24-008749-002/2024(H5N1)	1076	6307
NA|PP755583.1|A/cattle/Texas/24-008749-002/2024(H5N1)	1077	6256
NA|PP755583.1|A/cattle/Texas/24-008749-002/2024(H5N1)	1078	6251
NA|PP755583.1|A/cattle/Texas/24-008749-002/2024(H5N1)	1079	6296
NA|PP755583.1|A/cattle/Texas/24-008749-002/2024(H5N1)	1080	6334
NA|PP755583.1|A/cattle/Texas/24-008749-002/2024(H5N1)	1081	6331
NA|PP755583.1|A/cattle/Texas/24-008749-002/2024(H5N1)	1082	6341
NA|PP755583.1|A/cattle/Texas/24-008749-002/2024(H5N1)	1083	6341
NA|PP755583.1|A/cattle/Texas/24-008749-002/2024(H5N1)	1084	6465
NA|PP755583.1|A/cattle/Texas/24-008749-002/2024(H5N1)	1085	6419
NA|PP755583.1|A/cattle/Texas/24-008749-002/2024(H5N1)	1086	6419
NA|PP755583.1|A/cattle/Texas/24-008749-002/2024(H5N1)	1087	6422
NA|PP755583.1|A/cattle/Texas/24-008749-002/2024(H5N1)	1088	6378
NA|PP755583.1|A/cattle/Texas/24-008749-002/2024(H5N1)	1089	6405
NA|PP755583.1|A/cattle/Texas/24-008749-002/2024(H5N1)	1090	6398
NA|PP755583.1|A/cattle/Texas/24-008749-002/2024(H5N1)	1091	6410
NA|PP755583.1|A/cattle/Texas/24-008749-002/2024(H5N1)	1092	6419
NA|PP755583.1|A/cattle/Texas/24-008749-002/2024(H5N1)	1093	6412
NA|PP755583.1|A/cattle/Texas/24-008749-002/2024(H5N1)	1094	6034
NA|PP755583.1|A/cattle/Texas/24-008749-002/2024(H5N1)	1095	6025
NA|PP755583.1|A/cattle/Texas/24-008749-002/2024(H5N1)	1096	6123
NA|PP755583.1|A/cattle/Texas/24-008749-002/2024(H5N1)	1097	5939
NA|PP755583.1|A/cattle/Texas/24-008749-002/2024(H5N1)	1098	6293
NA|PP755583.1|A/cattle/Texas/24-008749-002/2024(H5N1)	1099	6206
NA|PP755583.1|A/cattle/Texas/24-008749-002/2024(H5N1)	1100	6179
NA|PP755583.1|A/cattle/Texas/24-008749-002/2024(H5N1)	1101	6163
NA|PP755583.1|A/cattle/Texas/24-008749-002/2024(H5N1)	1102	6161
NA|PP755583.1|A/cattle/Texas/24-008749-002/2024(H5N1)	1103	6161
NA|PP755583.1|A/cattle/Texas/24-008749-002/2024(H5N1)	1104	6223
NA|PP755583.1|A/cattle/Texas/24-008749-002/2024(H5N1)	1105	6130
NA|PP755583.1|A/cattle/Texas/24-008749-002/2024(H5N1)	1106	6132
NA|PP755583.1|A/cattle/Texas/24-008749-002/2024(H5N1)	1107	6068
NA|PP755583.1|A/cattle/Texas/24-008749-002/2024(H5N1)	1108	6068
NA|PP755583.1|A/cattle/Texas/24-008749-002/2024(H5N1)	1109	6280
NA|PP755583.1|A/cattle/Texas/24-008749-002/2024(H5N1)	1110	6287
NA|PP755583.1|A/cattle/Texas/24-008749-002/2024(H5N1)	1111	6282
NA|PP755583.1|A/cattle/Texas/24-008749-002/2024(H5N1)	1112	6283
NA|PP755583.1|A/cattle/Texas/24-008749-002/2024(H5N1)	1113	6289
NA|PP755583.1|A/cattle/Texas/24-008749-002/2024(H5N1)	1114	6298
NA|PP755583.1|A/cattle/Texas/24-008749-002/2024(H5N1)	1115	6298
NA|PP755583.1|A/cattle/Texas/24-008749-002/2024(H5N1)	1116	6303
NA|PP755583.1|A/cattle/Texas/24-008749-002/2024(H5N1)	1117	6340
NA|PP755583.1|A/cattle/Texas/24-008749-002/2024(H5N1)	1118	6255
NA|PP755583.1|A/cattle/Texas/24-008749-002/2024(H5N1)	1119	6329
NA|PP755583.1|A/cattle/Texas/24-008749-002/2024(H5N1)	1120	6373
NA|PP755583.1|A/cattle/Texas/24-008749-002/2024(H5N1)	1121	6469
NA|PP755583.1|A/cattle/Texas/24-008749-002/2024(H5N1)	1122	6469
NA|PP755583.1|A/cattle/Texas/24-008749-002/2024(H5N1)	1123	6466
NA|PP755583.1|A/cattle/Texas/24-008749-002/2024(H5N1)	1124	6466
NA|PP755583.1|A/cattle/Texas/24-008749-002/2024(H5N1)	1125	6402
NA|PP755583.1|A/cattle/Texas/24-008749-002/2024(H5N1)	1126	6402
NA|PP755583.1|A/cattle/Texas/24-008749-002/2024(H5N1)	1127	6442
NA|PP755583.1|A/cattle/Texas/24-008749-002/2024(H5N1)	1128	6383
NA|PP755583.1|A/cattle/Texas/24-008749-002/2024(H5N1)	1129	6403
NA|PP755583.1|A/cattle/Texas/24-008749-002/2024(H5N1)	1130	6370
NA|PP755583.1|A/cattle/Texas/24-008749-002/2024(H5N1)	1131	6380
NA|PP755583.1|A/cattle/Texas/24-008749-002/2024(H5N1)	1132	6394
NA|PP755583.1|A/cattle/Texas/24-008749-002/2024(H5N1)	1133	6416
NA|PP755583.1|A/cattle/Texas/24-008749-002/2024(H5N1)	1134	6472
NA|PP755583.1|A/cattle/Texas/24-008749-002/2024(H5N1)	1135	6476
NA|PP755583.1|A/cattle/Texas/24-008749-002/2024(H5N1)	1136	6557
NA|PP755583.1|A/cattle/Texas/24-008749-002/2024(H5N1)	1137	6695
NA|PP755583.1|A/cattle/Texas/24-008749-002/2024(H5N1)	1138	6712
NA|PP755583.1|A/cattle/Texas/24-008749-002/2024(H5N1)	1139	6790
NA|PP755583.1|A/cattle/Texas/24-008749-002/2024(H5N1)	1140	6846
NA|PP755583.1|A/cattle/Texas/24-008749-002/2024(H5N1)	1141	6858
NA|PP755583.1|A/cattle/Texas/24-008749-002/2024(H5N1)	1142	6805
NA|PP755583.1|A/cattle/Texas/24-008749-002/2024(H5N1)	1143	6633
NA|PP755583.1|A/cattle/Texas/24-008749-002/2024(H5N1)	1144	6695
NA|PP755583.1|A/cattle/Texas/24-008749-002/2024(H5N1)	1145	6624
NA|PP755583.1|A/cattle/Texas/24-008749-002/2024(H5N1)	1146	6629
NA|PP755583.1|A/cattle/Texas/24-008749-002/2024(H5N1)	1147	6738
NA|PP755583.1|A/cattle/Texas/24-008749-002/2024(H5N1)	1148	6569
NA|PP755583.1|A/cattle/Texas/24-008749-002/2024(H5N1)	1149	6614
NA|PP755583.1|A/cattle/Texas/24-008749-002/2024(H5N1)	1150	6673
NA|PP755583.1|A/cattle/Texas/24-008749-002/2024(H5N1)	1151	6658
NA|PP755583.1|A/cattle/Texas/24-008749-002/2024(H5N1)	1152	6573
NA|PP755583.1|A/cattle/Texas/24-008749-002/2024(H5N1)	1153	6471
NA|PP755583.1|A/cattle/Texas/24-008749-002/2024(H5N1)	1154	6555
NA|PP755583.1|A/cattle/Texas/24-008749-002/2024(H5N1)	1155	6588
NA|PP755583.1|A/cattle/Texas/24-008749-002/2024(H5N1)	1156	6587
NA|PP755583.1|A/cattle/Texas/24-008749-002/2024(H5N1)	1157	6600
NA|PP755583.1|A/cattle/Texas/24-008749-002/2024(H5N1)	1158	6301
NA|PP755583.1|A/cattle/Texas/24-008749-002/2024(H5N1)	1159	6301
NA|PP755583.1|A/cattle/Texas/24-008749-002/2024(H5N1)	1160	6265
NA|PP755583.1|A/cattle/Texas/24-008749-002/2024(H5N1)	1161	6241
NA|PP755583.1|A/cattle/Texas/24-008749-002/2024(H5N1)	1162	6219
NA|PP755583.1|A/cattle/Texas/24-008749-002/2024(H5N1)	1163	6241
NA|PP755583.1|A/cattle/Texas/24-008749-002/2024(H5N1)	1164	6161
NA|PP755583.1|A/cattle/Texas/24-008749-002/2024(H5N1)	1165	6126
NA|PP755583.1|A/cattle/Texas/24-008749-002/2024(H5N1)	1166	6113
NA|PP755583.1|A/cattle/Texas/24-008749-002/2024(H5N1)	1167	6103
NA|PP755583.1|A/cattle/Texas/24-008749-002/2024(H5N1)	1168	6130
NA|PP755583.1|A/cattle/Texas/24-008749-002/2024(H5N1)	1169	6118
NA|PP755583.1|A/cattle/Texas/24-008749-002/2024(H5N1)	1170	5927
NA|PP755583.1|A/cattle/Texas/24-008749-002/2024(H5N1)	1171	5910
NA|PP755583.1|A/cattle/Texas/24-008749-002/2024(H5N1)	1172	5888
NA|PP755583.1|A/cattle/Texas/24-008749-002/2024(H5N1)	1173	5913
NA|PP755583.1|A/cattle/Texas/24-008749-002/2024(H5N1)	1174	5908
NA|PP755583.1|A/cattle/Texas/24-008749-002/2024(H5N1)	1175	6027
NA|PP755583.1|A/cattle/Texas/24-008749-002/2024(H5N1)	1176	5917
NA|PP755583.1|A/cattle/Texas/24-008749-002/2024(H5N1)	1177	5745
NA|PP755583.1|A/cattle/Texas/24-008749-002/2024(H5N1)	1178	5780
NA|PP755583.1|A/cattle/Texas/24-008749-002/2024(H5N1)	1179	5752
NA|PP755583.1|A/cattle/Texas/24-008749-002/2024(H5N1)	1180	5745
NA|PP755583.1|A/cattle/Texas/24-008749-002/2024(H5N1)	1181	5767
NA|PP755583.1|A/cattle/Texas/24-008749-002/2024(H5N1)	1182	5766
NA|PP755583.1|A/cattle/Texas/24-008749-002/2024(H5N1)	1183	5781
NA|PP755583.1|A/cattle/Texas/24-008749-002/2024(H5N1)	1184	5908
NA|PP755583.1|A/cattle/Texas/24-008749-002/2024(H5N1)	1185	5749
NA|PP755583.1|A/cattle/Texas/24-008749-002/2024(H5N1)	1186	5732
NA|PP755583.1|A/cattle/Texas/24-008749-002/2024(H5N1)	1187	5674
NA|PP755583.1|A/cattle/Texas/24-008749-002/2024(H5N1)	1188	5703
NA|PP755583.1|A/cattle/Texas/24-008749-002/2024(H5N1)	1189	5701
NA|PP755583.1|A/cattle/Texas/24-008749-002/2024(H5N1)	1190	5753
NA|PP755583.1|A/cattle/Texas/24-008749-002/2024(H5N1)	1191	5718
NA|PP755583.1|A/cattle/Texas/24-008749-002/2024(H5N1)	1192	5718
NA|PP755583.1|A/cattle/Texas/24-008749-002/2024(H5N1)	1193	5718
NA|PP755583.1|A/cattle/Texas/24-008749-002/2024(H5N1)	1194	5713
NA|PP755583.1|A/cattle/Texas/24-008749-002/2024(H5N1)	1195	5708
NA|PP755583.1|A/cattle/Texas/24-008749-002/2024(H5N1)	1196	5941
NA|PP755583.1|A/cattle/Texas/24-008749-002/2024(H5N1)	1197	5952
NA|PP755583.1|A/cattle/Texas/24-008749-002/2024(H5N1)	1198	6019
NA|PP755583.1|A/cattle/Texas/24-008749-002/2024(H5N1)	1199	5984
NA|PP755583.1|A/cattle/Texas/24-008749-002/2024(H5N1)	1200	5985
NA|PP755583.1|A/cattle/Texas/24-008749-002/2024(H5N1)	1201	6300
NA|PP755583.1|A/cattle/Texas/24-008749-002/2024(H5N1)	1202	6377
NA|PP755583.1|A/cattle/Texas/24-008749-002/2024(H5N1)	1203	6403
NA|PP755583.1|A/cattle/Texas/24-008749-002/2024(H5N1)	1204	6407
NA|PP755583.1|A/cattle/Texas/24-008749-002/2024(H5N1)	1205	6172
NA|PP755583.1|A/cattle/Texas/24-008749-002/2024(H5N1)	1206	6191
NA|PP755583.1|A/cattle/Texas/24-008749-002/2024(H5N1)	1207	6140
NA|PP755583.1|A/cattle/Texas/24-008749-002/2024(H5N1)	1208	6145
NA|PP755583.1|A/cattle/Texas/24-008749-002/2024(H5N1)	1209	6066
NA|PP755583.1|A/cattle/Texas/24-008749-002/2024(H5N1)	1210	5607
NA|PP755583.1|A/cattle/Texas/24-008749-002/2024(H5N1)	1211	5580
NA|PP755583.1|A/cattle/Texas/24-008749-002/2024(H5N1)	1212	5340
NA|PP755583.1|A/cattle/Texas/24-008749-002/2024(H5N1)	1213	5361
NA|PP755583.1|A/cattle/Texas/24-008749-002/2024(H5N1)	1214	5382
NA|PP755583.1|A/cattle/Texas/24-008749-002/2024(H5N1)	1215	5434
NA|PP755583.1|A/cattle/Texas/24-008749-002/2024(H5N1)	1216	5445
NA|PP755583.1|A/cattle/Texas/24-008749-002/2024(H5N1)	1217	5503
NA|PP755583.1|A/cattle/Texas/24-008749-002/2024(H5N1)	1218	5490
NA|PP755583.1|A/cattle/Texas/24-008749-002/2024(H5N1)	1219	5446
NA|PP755583.1|A/cattle/Texas/24-008749-002/2024(H5N1)	1220	5442
NA|PP755583.1|A/cattle/Texas/24-008749-002/2024(H5N1)	1221	5443
NA|PP755583.1|A/cattle/Texas/24-008749-002/2024(H5N1)	1222	5439
NA|PP755583.1|A/cattle/Texas/24-008749-002/2024(H5N1)	1223	5403
NA|PP755583.1|A/cattle/Texas/24-008749-002/2024(H5N1)	1224	5418
NA|PP755583.1|A/cattle/Texas/24-008749-002/2024(H5N1)	1225	5659
NA|PP755583.1|A/cattle/Texas/24-008749-002/2024(H5N1)	1226	5752
NA|PP755583.1|A/cattle/Texas/24-008749-002/2024(H5N1)	1227	5797
NA|PP755583.1|A/cattle/Texas/24-008749-002/2024(H5N1)	1228	5811
NA|PP755583.1|A/cattle/Texas/24-008749-002/2024(H5N1)	1229	5765
NA|PP755583.1|A/cattle/Texas/24-008749-002/2024(H5N1)	1230	5724
NA|PP755583.1|A/cattle/Texas/24-008749-002/2024(H5N1)	1231	5748
NA|PP755583.1|A/cattle/Texas/24-008749-002/2024(H5N1)	1232	5789
NA|PP755583.1|A/cattle/Texas/24-008749-002/2024(H5N1)	1233	5764
NA|PP755583.1|A/cattle/Texas/24-008749-002/2024(H5N1)	1234	5762
NA|PP755583.1|A/cattle/Texas/24-008749-002/2024(H5N1)	1235	5539
NA|PP755583.1|A/cattle/Texas/24-008749-002/2024(H5N1)	1236	5552
NA|PP755583.1|A/cattle/Texas/24-008749-002/2024(H5N1)	1237	5574
NA|PP755583.1|A/cattle/Texas/24-008749-002/2024(H5N1)	1238	5575
NA|PP755583.1|A/cattle/Texas/24-008749-002/2024(H5N1)	1239	5576
NA|PP755583.1|A/cattle/Texas/24-008749-002/2024(H5N1)	1240	5680
NA|PP755583.1|A/cattle/Texas/24-008749-002/2024(H5N1)	1241	6215
NA|PP755583.1|A/cattle/Texas/24-008749-002/2024(H5N1)	1242	6263
NA|PP755583.1|A/cattle/Texas/24-008749-002/2024(H5N1)	1243	6247
NA|PP755583.1|A/cattle/Texas/24-008749-002/2024(H5N1)	1244	6246
NA|PP755583.1|A/cattle/Texas/24-008749-002/2024(H5N1)	1245	6237
NA|PP755583.1|A/cattle/Texas/24-008749-002/2024(H5N1)	1246	6251
NA|PP755583.1|A/cattle/Texas/24-008749-002/2024(H5N1)	1247	6206
NA|PP755583.1|A/cattle/Texas/24-008749-002/2024(H5N1)	1248	6221
NA|PP755583.1|A/cattle/Texas/24-008749-002/2024(H5N1)	1249	5812
NA|PP755583.1|A/cattle/Texas/24-008749-002/2024(H5N1)	1250	5838
NA|PP755583.1|A/cattle/Texas/24-008749-002/2024(H5N1)	1251	5868
NA|PP755583.1|A/cattle/Texas/24-008749-002/2024(H5N1)	1252	5876
NA|PP755583.1|A/cattle/Texas/24-008749-002/2024(H5N1)	1253	5874
NA|PP755583.1|A/cattle/Texas/24-008749-002/2024(H5N1)	1254	5826
NA|PP755583.1|A/cattle/Texas/24-008749-002/2024(H5N1)	1255	5821
NA|PP755583.1|A/cattle/Texas/24-008749-002/2024(H5N1)	1256	5833
NA|PP755583.1|A/cattle/Texas/24-008749-002/2024(H5N1)	1257	5989
NA|PP755583.1|A/cattle/Texas/24-008749-002/2024(H5N1)	1258	6067
NA|PP755583.1|A/cattle/Texas/24-008749-002/2024(H5N1)	1259	5886
NA|PP755583.1|A/cattle/Texas/24-008749-002/2024(H5N1)	1260	5970
NA|PP755583.1|A/cattle/Texas/24-008749-002/2024(H5N1)	1261	5969
NA|PP755583.1|A/cattle/Texas/24-008749-002/2024(H5N1)	1262	5994
NA|PP755583.1|A/cattle/Texas/24-008749-002/2024(H5N1)	1263	6144
NA|PP755583.1|A/cattle/Texas/24-008749-002/2024(H5N1)	1264	6145
NA|PP755583.1|A/cattle/Texas/24-008749-002/2024(H5N1)	1265	6127
NA|PP755583.1|A/cattle/Texas/24-008749-002/2024(H5N1)	1266	6096
NA|PP755583.1|A/cattle/Texas/24-008749-002/2024(H5N1)	1267	6084
NA|PP755583.1|A/cattle/Texas/24-008749-002/2024(H5N1)	1268	6097
NA|PP755583.1|A/cattle/Texas/24-008749-002/2024(H5N1)	1269	6096
NA|PP755583.1|A/cattle/Texas/24-008749-002/2024(H5N1)	1270	6015
NA|PP755583.1|A/cattle/Texas/24-008749-002/2024(H5N1)	1271	5946
NA|PP755583.1|A/cattle/Texas/24-008749-002/2024(H5N1)	1272	5836
NA|PP755583.1|A/cattle/Texas/24-008749-002/2024(H5N1)	1273	5874
NA|PP755583.1|A/cattle/Texas/24-008749-002/2024(H5N1)	1274	5876
NA|PP755583.1|A/cattle/Texas/24-008749-002/2024(H5N1)	1275	5889
NA|PP755583.1|A/cattle/Texas/24-008749-002/2024(H5N1)	1276	5910
NA|PP755583.1|A/cattle/Texas/24-008749-002/2024(H5N1)	1277	5887
NA|PP755583.1|A/cattle/Texas/24-008749-002/2024(H5N1)	1278	5940
NA|PP755583.1|A/cattle/Texas/24-008749-002/2024(H5N1)	1279	5965
NA|PP755583.1|A/cattle/Texas/24-008749-002/2024(H5N1)	1280	5955
NA|PP755583.1|A/cattle/Texas/24-008749-002/2024(H5N1)	1281	5963
NA|PP755583.1|A/cattle/Texas/24-008749-002/2024(H5N1)	1282	5869
NA|PP755583.1|A/cattle/Texas/24-008749-002/2024(H5N1)	1283	5872
NA|PP755583.1|A/cattle/Texas/24-008749-002/2024(H5N1)	1284	5900
NA|PP755583.1|A/cattle/Texas/24-008749-002/2024(H5N1)	1285	5841
NA|PP755583.1|A/cattle/Texas/24-008749-002/2024(H5N1)	1286	5847
NA|PP755583.1|A/cattle/Texas/24-008749-002/2024(H5N1)	1287	5574
NA|PP755583.1|A/cattle/Texas/24-008749-002/2024(H5N1)	1288	5770
NA|PP755583.1|A/cattle/Texas/24-008749-002/2024(H5N1)	1289	5817
NA|PP755583.1|A/cattle/Texas/24-008749-002/2024(H5N1)	1290	5859
NA|PP755583.1|A/cattle/Texas/24-008749-002/2024(H5N1)	1291	5884
NA|PP755583.1|A/cattle/Texas/24-008749-002/2024(H5N1)	1292	5933
NA|PP755583.1|A/cattle/Texas/24-008749-002/2024(H5N1)	1293	5926
NA|PP755583.1|A/cattle/Texas/24-008749-002/2024(H5N1)	1294	5916
NA|PP755583.1|A/cattle/Texas/24-008749-002/2024(H5N1)	1295	5852
NA|PP755583.1|A/cattle/Texas/24-008749-002/2024(H5N1)	1296	5861
NA|PP755583.1|A/cattle/Texas/24-008749-002/2024(H5N1)	1297	5856
NA|PP755583.1|A/cattle/Texas/24-008749-002/2024(H5N1)	1298	5722
NA|PP755583.1|A/cattle/Texas/24-008749-002/2024(H5N1)	1299	5726
NA|PP755583.1|A/cattle/Texas/24-008749-002/2024(H5N1)	1300	5579
NA|PP755583.1|A/cattle/Texas/24-008749-002/2024(H5N1)	1301	5567
NA|PP755583.1|A/cattle/Texas/24-008749-002/2024(H5N1)	1302	5566
NA|PP755583.1|A/cattle/Texas/24-008749-002/2024(H5N1)	1303	5536
NA|PP755583.1|A/cattle/Texas/24-008749-002/2024(H5N1)	1304	5472
NA|PP755583.1|A/cattle/Texas/24-008749-002/2024(H5N1)	1305	5440
NA|PP755583.1|A/cattle/Texas/24-008749-002/2024(H5N1)	1306	5436
NA|PP755583.1|A/cattle/Texas/24-008749-002/2024(H5N1)	1307	5428
NA|PP755583.1|A/cattle/Texas/24-008749-002/2024(H5N1)	1308	5365
NA|PP755583.1|A/cattle/Texas/24-008749-002/2024(H5N1)	1309	5361
NA|PP755583.1|A/cattle/Texas/24-008749-002/2024(H5N1)	1310	5354
NA|PP755583.1|A/cattle/Texas/24-008749-002/2024(H5N1)	1311	5349
NA|PP755583.1|A/cattle/Texas/24-008749-002/2024(H5N1)	1312	5349
NA|PP755583.1|A/cattle/Texas/24-008749-002/2024(H5N1)	1313	5314
NA|PP755583.1|A/cattle/Texas/24-008749-002/2024(H5N1)	1314	5296
NA|PP755583.1|A/cattle/Texas/24-008749-002/2024(H5N1)	1315	5290
NA|PP755583.1|A/cattle/Texas/24-008749-002/2024(H5N1)	1316	5279
NA|PP755583.1|A/cattle/Texas/24-008749-002/2024(H5N1)	1317	5266
NA|PP755583.1|A/cattle/Texas/24-008749-002/2024(H5N1)	1318	5265
NA|PP755583.1|A/cattle/Texas/24-008749-002/2024(H5N1)	1319	5097
NA|PP755583.1|A/cattle/Texas/24-008749-002/2024(H5N1)	1320	5102
NA|PP755583.1|A/cattle/Texas/24-008749-002/2024(H5N1)	1321	5086
NA|PP755583.1|A/cattle/Texas/24-008749-002/2024(H5N1)	1322	5082
NA|PP755583.1|A/cattle/Texas/24-008749-002/2024(H5N1)	1323	5071
NA|PP755583.1|A/cattle/Texas/24-008749-002/2024(H5N1)	1324	4928
NA|PP755583.1|A/cattle/Texas/24-008749-002/2024(H5N1)	1325	4954
NA|PP755583.1|A/cattle/Texas/24-008749-002/2024(H5N1)	1326	4923
NA|PP755583.1|A/cattle/Texas/24-008749-002/2024(H5N1)	1327	4915
NA|PP755583.1|A/cattle/Texas/24-008749-002/2024(H5N1)	1328	4911
NA|PP755583.1|A/cattle/Texas/24-008749-002/2024(H5N1)	1329	4870
NA|PP755583.1|A/cattle/Texas/24-008749-002/2024(H5N1)	1330	4869
NA|PP755583.1|A/cattle/Texas/24-008749-002/2024(H5N1)	1331	4861
NA|PP755583.1|A/cattle/Texas/24-008749-002/2024(H5N1)	1332	4819
NA|PP755583.1|A/cattle/Texas/24-008749-002/2024(H5N1)	1333	4776
NA|PP755583.1|A/cattle/Texas/24-008749-002/2024(H5N1)	1334	4586
NA|PP755583.1|A/cattle/Texas/24-008749-002/2024(H5N1)	1335	4585
NA|PP755583.1|A/cattle/Texas/24-008749-002/2024(H5N1)	1336	4576
NA|PP755583.1|A/cattle/Texas/24-008749-002/2024(H5N1)	1337	4569
NA|PP755583.1|A/cattle/Texas/24-008749-002/2024(H5N1)	1338	4538
NA|PP755583.1|A/cattle/Texas/24-008749-002/2024(H5N1)	1339	4521
NA|PP755583.1|A/cattle/Texas/24-008749-002/2024(H5N1)	1340	4522
NA|PP755583.1|A/cattle/Texas/24-008749-002/2024(H5N1)	1341	4435
NA|PP755583.1|A/cattle/Texas/24-008749-002/2024(H5N1)	1342	4437
NA|PP755583.1|A/cattle/Texas/24-008749-002/2024(H5N1)	1343	4427
NA|PP755583.1|A/cattle/Texas/24-008749-002/2024(H5N1)	1344	4434
NA|PP755583.1|A/cattle/Texas/24-008749-002/2024(H5N1)	1345	4432
NA|PP755583.1|A/cattle/Texas/24-008749-002/2024(H5N1)	1346	4418
NA|PP755583.1|A/cattle/Texas/24-008749-002/2024(H5N1)	1347	4239
NA|PP755583.1|A/cattle/Texas/24-008749-002/2024(H5N1)	1348	4140
NA|PP755583.1|A/cattle/Texas/24-008749-002/2024(H5N1)	1349	4134
NA|PP755583.1|A/cattle/Texas/24-008749-002/2024(H5N1)	1350	4026
NA|PP755583.1|A/cattle/Texas/24-008749-002/2024(H5N1)	1351	4013
NA|PP755583.1|A/cattle/Texas/24-008749-002/2024(H5N1)	1352	3773
NA|PP755583.1|A/cattle/Texas/24-008749-002/2024(H5N1)	1353	3778
NA|PP755583.1|A/cattle/Texas/24-008749-002/2024(H5N1)	1354	3747
NA|PP755583.1|A/cattle/Texas/24-008749-002/2024(H5N1)	1355	3730
NA|PP755583.1|A/cattle/Texas/24-008749-002/2024(H5N1)	1356	3566
NA|PP755583.1|A/cattle/Texas/24-008749-002/2024(H5N1)	1357	3571
NA|PP755583.1|A/cattle/Texas/24-008749-002/2024(H5N1)	1358	3550
NA|PP755583.1|A/cattle/Texas/24-008749-002/2024(H5N1)	1359	3552
NA|PP755583.1|A/cattle/Texas/24-008749-002/2024(H5N1)	1360	3555
NA|PP755583.1|A/cattle/Texas/24-008749-002/2024(H5N1)	1361	3553
NA|PP755583.1|A/cattle/Texas/24-008749-002/2024(H5N1)	1362	3489
NA|PP755583.1|A/cattle/Texas/24-008749-002/2024(H5N1)	1363	3455
NA|PP755583.1|A/cattle/Texas/24-008749-002/2024(H5N1)	1364	3377
NA|PP755583.1|A/cattle/Texas/24-008749-002/2024(H5N1)	1365	3365
NA|PP755583.1|A/cattle/Texas/24-008749-002/2024(H5N1)	1366	3340
NA|PP755583.1|A/cattle/Texas/24-008749-002/2024(H5N1)	1367	3323
NA|PP755583.1|A/cattle/Texas/24-008749-002/2024(H5N1)	1368	3246
NA|PP755583.1|A/cattle/Texas/24-008749-002/2024(H5N1)	1369	3232
NA|PP755583.1|A/cattle/Texas/24-008749-002/2024(H5N1)	1370	3227
NA|PP755583.1|A/cattle/Texas/24-008749-002/2024(H5N1)	1371	3227
NA|PP755583.1|A/cattle/Texas/24-008749-002/2024(H5N1)	1372	3225
NA|PP755583.1|A/cattle/Texas/24-008749-002/2024(H5N1)	1373	3186
NA|PP755583.1|A/cattle/Texas/24-008749-002/2024(H5N1)	1374	2917
NA|PP755583.1|A/cattle/Texas/24-008749-002/2024(H5N1)	1375	2911
NA|PP755583.1|A/cattle/Texas/24-008749-002/2024(H5N1)	1376	2911
NA|PP755583.1|A/cattle/Texas/24-008749-002/2024(H5N1)	1377	2857
NA|PP755583.1|A/cattle/Texas/24-008749-002/2024(H5N1)	1378	2806
NA|PP755583.1|A/cattle/Texas/24-008749-002/2024(H5N1)	1379	2807
NA|PP755583.1|A/cattle/Texas/24-008749-002/2024(H5N1)	1380	2778
NA|PP755583.1|A/cattle/Texas/24-008749-002/2024(H5N1)	1381	2774
NA|PP755583.1|A/cattle/Texas/24-008749-002/2024(H5N1)	1382	2753
NA|PP755583.1|A/cattle/Texas/24-008749-002/2024(H5N1)	1383	2734
NA|PP755583.1|A/cattle/Texas/24-008749-002/2024(H5N1)	1384	2733
NA|PP755583.1|A/cattle/Texas/24-008749-002/2024(H5N1)	1385	2718
NA|PP755583.1|A/cattle/Texas/24-008749-002/2024(H5N1)	1386	2717
NA|PP755583.1|A/cattle/Texas/24-008749-002/2024(H5N1)	1387	2703
NA|PP755583.1|A/cattle/Texas/24-008749-002/2024(H5N1)	1388	2048
NA|PP755583.1|A/cattle/Texas/24-008749-002/2024(H5N1)	1389	2044
NA|PP755583.1|A/cattle/Texas/24-008749-002/2024(H5N1)	1390	1967
NA|PP755583.1|A/cattle/Texas/24-008749-002/2024(H5N1)	1391	1965
NA|PP755583.1|A/cattle/Texas/24-008749-002/2024(H5N1)	1392	1961
NA|PP755583.1|A/cattle/Texas/24-008749-002/2024(H5N1)	1393	1867
NA|PP755583.1|A/cattle/Texas/24-008749-002/2024(H5N1)	1394	1865
NA|PP755583.1|A/cattle/Texas/24-008749-002/2024(H5N1)	1395	1855
NA|PP755583.1|A/cattle/Texas/24-008749-002/2024(H5N1)	1396	1839
NA|PP755583.1|A/cattle/Texas/24-008749-002/2024(H5N1)	1397	1829
NA|PP755583.1|A/cattle/Texas/24-008749-002/2024(H5N1)	1398	1769
NA|PP755583.1|A/cattle/Texas/24-008749-002/2024(H5N1)	1399	1747
NA|PP755583.1|A/cattle/Texas/24-008749-002/2024(H5N1)	1400	1746
NA|PP755583.1|A/cattle/Texas/24-008749-002/2024(H5N1)	1401	1690
NA|PP755583.1|A/cattle/Texas/24-008749-002/2024(H5N1)	1402	1684
NA|PP755583.1|A/cattle/Texas/24-008749-002/2024(H5N1)	1403	1678
NA|PP755583.1|A/cattle/Texas/24-008749-002/2024(H5N1)	1404	1675
NA|PP755583.1|A/cattle/Texas/24-008749-002/2024(H5N1)	1405	1640
NA|PP755583.1|A/cattle/Texas/24-008749-002/2024(H5N1)	1406	1492
NA|PP755583.1|A/cattle/Texas/24-008749-002/2024(H5N1)	1407	1427
NA|PP755583.1|A/cattle/Texas/24-008749-002/2024(H5N1)	1408	1412
NA|PP755583.1|A/cattle/Texas/24-008749-002/2024(H5N1)	1409	1317
NA|PP755583.1|A/cattle/Texas/24-008749-002/2024(H5N1)	1410	1316
