PA|PP755594.1|A/cattle/Texas/24-008749-003/2024(H5N1)	1	1589
PA|PP755594.1|A/cattle/Texas/24-008749-003/2024(H5N1)	2	1596
PA|PP755594.1|A/cattle/Texas/24-008749-003/2024(H5N1)	3	1614
PA|PP755594.1|A/cattle/Texas/24-008749-003/2024(H5N1)	4	1622
PA|PP755594.1|A/cattle/Texas/24-008749-003/2024(H5N1)	5	1637
PA|PP755594.1|A/cattle/Texas/24-008749-003/2024(H5N1)	6	1642
PA|PP755594.1|A/cattle/Texas/24-008749-003/2024(H5N1)	7	1652
PA|PP755594.1|A/cattle/Texas/24-008749-003/2024(H5N1)	8	1680
PA|PP755594.1|A/cattle/Texas/24-008749-003/2024(H5N1)	9	1691
PA|PP755594.1|A/cattle/Texas/24-008749-003/2024(H5N1)	10	1699
PA|PP755594.1|A/cattle/Texas/24-008749-003/2024(H5N1)	11	1728
PA|PP755594.1|A/cattle/Texas/24-008749-003/2024(H5N1)	12	1731
PA|PP755594.1|A/cattle/Texas/24-008749-003/2024(H5N1)	13	1746
PA|PP755594.1|A/cattle/Texas/24-008749-003/2024(H5N1)	14	1750
PA|PP755594.1|A/cattle/Texas/24-008749-003/2024(H5N1)	15	1750
PA|PP755594.1|A/cattle/Texas/24-008749-003/2024(H5N1)	16	1770
PA|PP755594.1|A/cattle/Texas/24-008749-003/2024(H5N1)	17	1771
PA|PP755594.1|A/cattle/Texas/24-008749-003/2024(H5N1)	18	1812
PA|PP755594.1|A/cattle/Texas/24-008749-003/2024(H5N1)	19	1820
PA|PP755594.1|A/cattle/Texas/24-008749-003/2024(H5N1)	20	1823
PA|PP755594.1|A/cattle/Texas/24-008749-003/2024(H5N1)	21	1839
PA|PP755594.1|A/cattle/Texas/24-008749-003/2024(H5N1)	22	1857
PA|PP755594.1|A/cattle/Texas/24-008749-003/2024(H5N1)	23	1896
PA|PP755594.1|A/cattle/Texas/24-008749-003/2024(H5N1)	24	1934
PA|PP755594.1|A/cattle/Texas/24-008749-003/2024(H5N1)	25	1937
PA|PP755594.1|A/cattle/Texas/24-008749-003/2024(H5N1)	26	1955
PA|PP755594.1|A/cattle/Texas/24-008749-003/2024(H5N1)	27	1957
PA|PP755594.1|A/cattle/Texas/24-008749-003/2024(H5N1)	28	1974
PA|PP755594.1|A/cattle/Texas/24-008749-003/2024(H5N1)	29	2020
PA|PP755594.1|A/cattle/Texas/24-008749-003/2024(H5N1)	30	2026
PA|PP755594.1|A/cattle/Texas/24-008749-003/2024(H5N1)	31	2027
PA|PP755594.1|A/cattle/Texas/24-008749-003/2024(H5N1)	32	2035
PA|PP755594.1|A/cattle/Texas/24-008749-003/2024(H5N1)	33	2044
PA|PP755594.1|A/cattle/Texas/24-008749-003/2024(H5N1)	34	2051
PA|PP755594.1|A/cattle/Texas/24-008749-003/2024(H5N1)	35	2069
PA|PP755594.1|A/cattle/Texas/24-008749-003/2024(H5N1)	36	2080
PA|PP755594.1|A/cattle/Texas/24-008749-003/2024(H5N1)	37	2104
PA|PP755594.1|A/cattle/Texas/24-008749-003/2024(H5N1)	38	2117
PA|PP755594.1|A/cattle/Texas/24-008749-003/2024(H5N1)	39	2124
PA|PP755594.1|A/cattle/Texas/24-008749-003/2024(H5N1)	40	2127
PA|PP755594.1|A/cattle/Texas/24-008749-003/2024(H5N1)	41	2137
PA|PP755594.1|A/cattle/Texas/24-008749-003/2024(H5N1)	42	2140
PA|PP755594.1|A/cattle/Texas/24-008749-003/2024(H5N1)	43	2143
PA|PP755594.1|A/cattle/Texas/24-008749-003/2024(H5N1)	44	2152
PA|PP755594.1|A/cattle/Texas/24-008749-003/2024(H5N1)	45	2154
PA|PP755594.1|A/cattle/Texas/24-008749-003/2024(H5N1)	46	2171
PA|PP755594.1|A/cattle/Texas/24-008749-003/2024(H5N1)	47	2179
PA|PP755594.1|A/cattle/Texas/24-008749-003/2024(H5N1)	48	2186
PA|PP755594.1|A/cattle/Texas/24-008749-003/2024(H5N1)	49	2189
PA|PP755594.1|A/cattle/Texas/24-008749-003/2024(H5N1)	50	2199
PA|PP755594.1|A/cattle/Texas/24-008749-003/2024(H5N1)	51	2197
PA|PP755594.1|A/cattle/Texas/24-008749-003/2024(H5N1)	52	2215
PA|PP755594.1|A/cattle/Texas/24-008749-003/2024(H5N1)	53	2221
PA|PP755594.1|A/cattle/Texas/24-008749-003/2024(H5N1)	54	2230
PA|PP755594.1|A/cattle/Texas/24-008749-003/2024(H5N1)	55	2232
PA|PP755594.1|A/cattle/Texas/24-008749-003/2024(H5N1)	56	2228
PA|PP755594.1|A/cattle/Texas/24-008749-003/2024(H5N1)	57	2227
PA|PP755594.1|A/cattle/Texas/24-008749-003/2024(H5N1)	58	2203
PA|PP755594.1|A/cattle/Texas/24-008749-003/2024(H5N1)	59	2229
PA|PP755594.1|A/cattle/Texas/24-008749-003/2024(H5N1)	60	2273
PA|PP755594.1|A/cattle/Texas/24-008749-003/2024(H5N1)	61	2294
PA|PP755594.1|A/cattle/Texas/24-008749-003/2024(H5N1)	62	2296
PA|PP755594.1|A/cattle/Texas/24-008749-003/2024(H5N1)	63	2327
PA|PP755594.1|A/cattle/Texas/24-008749-003/2024(H5N1)	64	2361
PA|PP755594.1|A/cattle/Texas/24-008749-003/2024(H5N1)	65	2366
PA|PP755594.1|A/cattle/Texas/24-008749-003/2024(H5N1)	66	2370
PA|PP755594.1|A/cattle/Texas/24-008749-003/2024(H5N1)	67	2400
PA|PP755594.1|A/cattle/Texas/24-008749-003/2024(H5N1)	68	2431
PA|PP755594.1|A/cattle/Texas/24-008749-003/2024(H5N1)	69	2474
PA|PP755594.1|A/cattle/Texas/24-008749-003/2024(H5N1)	70	2493
PA|PP755594.1|A/cattle/Texas/24-008749-003/2024(H5N1)	71	2505
PA|PP755594.1|A/cattle/Texas/24-008749-003/2024(H5N1)	72	2509
PA|PP755594.1|A/cattle/Texas/24-008749-003/2024(H5N1)	73	2510
PA|PP755594.1|A/cattle/Texas/24-008749-003/2024(H5N1)	74	2528
PA|PP755594.1|A/cattle/Texas/24-008749-003/2024(H5N1)	75	2534
PA|PP755594.1|A/cattle/Texas/24-008749-003/2024(H5N1)	76	2539
PA|PP755594.1|A/cattle/Texas/24-008749-003/2024(H5N1)	77	2540
PA|PP755594.1|A/cattle/Texas/24-008749-003/2024(H5N1)	78	2535
PA|PP755594.1|A/cattle/Texas/24-008749-003/2024(H5N1)	79	2559
PA|PP755594.1|A/cattle/Texas/24-008749-003/2024(H5N1)	80	2583
PA|PP755594.1|A/cattle/Texas/24-008749-003/2024(H5N1)	81	2596
PA|PP755594.1|A/cattle/Texas/24-008749-003/2024(H5N1)	82	2605
PA|PP755594.1|A/cattle/Texas/24-008749-003/2024(H5N1)	83	2607
PA|PP755594.1|A/cattle/Texas/24-008749-003/2024(H5N1)	84	2606
PA|PP755594.1|A/cattle/Texas/24-008749-003/2024(H5N1)	85	2606
PA|PP755594.1|A/cattle/Texas/24-008749-003/2024(H5N1)	86	2606
PA|PP755594.1|A/cattle/Texas/24-008749-003/2024(H5N1)	87	2618
PA|PP755594.1|A/cattle/Texas/24-008749-003/2024(H5N1)	88	2622
PA|PP755594.1|A/cattle/Texas/24-008749-003/2024(H5N1)	89	2628
PA|PP755594.1|A/cattle/Texas/24-008749-003/2024(H5N1)	90	2630
PA|PP755594.1|A/cattle/Texas/24-008749-003/2024(H5N1)	91	2631
PA|PP755594.1|A/cattle/Texas/24-008749-003/2024(H5N1)	92	2636
PA|PP755594.1|A/cattle/Texas/24-008749-003/2024(H5N1)	93	2636
PA|PP755594.1|A/cattle/Texas/24-008749-003/2024(H5N1)	94	2650
PA|PP755594.1|A/cattle/Texas/24-008749-003/2024(H5N1)	95	2657
PA|PP755594.1|A/cattle/Texas/24-008749-003/2024(H5N1)	96	2666
PA|PP755594.1|A/cattle/Texas/24-008749-003/2024(H5N1)	97	2682
PA|PP755594.1|A/cattle/Texas/24-008749-003/2024(H5N1)	98	2686
PA|PP755594.1|A/cattle/Texas/24-008749-003/2024(H5N1)	99	2700
PA|PP755594.1|A/cattle/Texas/24-008749-003/2024(H5N1)	100	2706
PA|PP755594.1|A/cattle/Texas/24-008749-003/2024(H5N1)	101	2720
PA|PP755594.1|A/cattle/Texas/24-008749-003/2024(H5N1)	102	2726
PA|PP755594.1|A/cattle/Texas/24-008749-003/2024(H5N1)	103	2729
PA|PP755594.1|A/cattle/Texas/24-008749-003/2024(H5N1)	104	2732
PA|PP755594.1|A/cattle/Texas/24-008749-003/2024(H5N1)	105	2734
PA|PP755594.1|A/cattle/Texas/24-008749-003/2024(H5N1)	106	2734
PA|PP755594.1|A/cattle/Texas/24-008749-003/2024(H5N1)	107	2752
PA|PP755594.1|A/cattle/Texas/24-008749-003/2024(H5N1)	108	2750
PA|PP755594.1|A/cattle/Texas/24-008749-003/2024(H5N1)	109	2761
PA|PP755594.1|A/cattle/Texas/24-008749-003/2024(H5N1)	110	2812
PA|PP755594.1|A/cattle/Texas/24-008749-003/2024(H5N1)	111	2836
PA|PP755594.1|A/cattle/Texas/24-008749-003/2024(H5N1)	112	2866
PA|PP755594.1|A/cattle/Texas/24-008749-003/2024(H5N1)	113	2877
PA|PP755594.1|A/cattle/Texas/24-008749-003/2024(H5N1)	114	2933
PA|PP755594.1|A/cattle/Texas/24-008749-003/2024(H5N1)	115	2916
PA|PP755594.1|A/cattle/Texas/24-008749-003/2024(H5N1)	116	2915
PA|PP755594.1|A/cattle/Texas/24-008749-003/2024(H5N1)	117	2925
PA|PP755594.1|A/cattle/Texas/24-008749-003/2024(H5N1)	118	2919
PA|PP755594.1|A/cattle/Texas/24-008749-003/2024(H5N1)	119	2953
PA|PP755594.1|A/cattle/Texas/24-008749-003/2024(H5N1)	120	2941
PA|PP755594.1|A/cattle/Texas/24-008749-003/2024(H5N1)	121	3138
PA|PP755594.1|A/cattle/Texas/24-008749-003/2024(H5N1)	122	3154
PA|PP755594.1|A/cattle/Texas/24-008749-003/2024(H5N1)	123	3225
PA|PP755594.1|A/cattle/Texas/24-008749-003/2024(H5N1)	124	3217
PA|PP755594.1|A/cattle/Texas/24-008749-003/2024(H5N1)	125	3223
PA|PP755594.1|A/cattle/Texas/24-008749-003/2024(H5N1)	126	3220
PA|PP755594.1|A/cattle/Texas/24-008749-003/2024(H5N1)	127	3226
PA|PP755594.1|A/cattle/Texas/24-008749-003/2024(H5N1)	128	3230
PA|PP755594.1|A/cattle/Texas/24-008749-003/2024(H5N1)	129	3233
PA|PP755594.1|A/cattle/Texas/24-008749-003/2024(H5N1)	130	3238
PA|PP755594.1|A/cattle/Texas/24-008749-003/2024(H5N1)	131	3221
PA|PP755594.1|A/cattle/Texas/24-008749-003/2024(H5N1)	132	3237
PA|PP755594.1|A/cattle/Texas/24-008749-003/2024(H5N1)	133	3233
PA|PP755594.1|A/cattle/Texas/24-008749-003/2024(H5N1)	134	3271
PA|PP755594.1|A/cattle/Texas/24-008749-003/2024(H5N1)	135	3275
PA|PP755594.1|A/cattle/Texas/24-008749-003/2024(H5N1)	136	3279
PA|PP755594.1|A/cattle/Texas/24-008749-003/2024(H5N1)	137	3284
PA|PP755594.1|A/cattle/Texas/24-008749-003/2024(H5N1)	138	3295
PA|PP755594.1|A/cattle/Texas/24-008749-003/2024(H5N1)	139	3287
PA|PP755594.1|A/cattle/Texas/24-008749-003/2024(H5N1)	140	3306
PA|PP755594.1|A/cattle/Texas/24-008749-003/2024(H5N1)	141	3326
PA|PP755594.1|A/cattle/Texas/24-008749-003/2024(H5N1)	142	3328
PA|PP755594.1|A/cattle/Texas/24-008749-003/2024(H5N1)	143	3312
PA|PP755594.1|A/cattle/Texas/24-008749-003/2024(H5N1)	144	3310
PA|PP755594.1|A/cattle/Texas/24-008749-003/2024(H5N1)	145	3310
PA|PP755594.1|A/cattle/Texas/24-008749-003/2024(H5N1)	146	3304
PA|PP755594.1|A/cattle/Texas/24-008749-003/2024(H5N1)	147	3301
PA|PP755594.1|A/cattle/Texas/24-008749-003/2024(H5N1)	148	3309
PA|PP755594.1|A/cattle/Texas/24-008749-003/2024(H5N1)	149	3302
PA|PP755594.1|A/cattle/Texas/24-008749-003/2024(H5N1)	150	3303
PA|PP755594.1|A/cattle/Texas/24-008749-003/2024(H5N1)	151	3308
PA|PP755594.1|A/cattle/Texas/24-008749-003/2024(H5N1)	152	3314
PA|PP755594.1|A/cattle/Texas/24-008749-003/2024(H5N1)	153	3333
PA|PP755594.1|A/cattle/Texas/24-008749-003/2024(H5N1)	154	3339
PA|PP755594.1|A/cattle/Texas/24-008749-003/2024(H5N1)	155	3342
PA|PP755594.1|A/cattle/Texas/24-008749-003/2024(H5N1)	156	3341
PA|PP755594.1|A/cattle/Texas/24-008749-003/2024(H5N1)	157	3324
PA|PP755594.1|A/cattle/Texas/24-008749-003/2024(H5N1)	158	3337
PA|PP755594.1|A/cattle/Texas/24-008749-003/2024(H5N1)	159	3342
PA|PP755594.1|A/cattle/Texas/24-008749-003/2024(H5N1)	160	3335
PA|PP755594.1|A/cattle/Texas/24-008749-003/2024(H5N1)	161	3306
PA|PP755594.1|A/cattle/Texas/24-008749-003/2024(H5N1)	162	3288
PA|PP755594.1|A/cattle/Texas/24-008749-003/2024(H5N1)	163	3248
PA|PP755594.1|A/cattle/Texas/24-008749-003/2024(H5N1)	164	3203
PA|PP755594.1|A/cattle/Texas/24-008749-003/2024(H5N1)	165	2973
PA|PP755594.1|A/cattle/Texas/24-008749-003/2024(H5N1)	166	2984
PA|PP755594.1|A/cattle/Texas/24-008749-003/2024(H5N1)	167	2986
PA|PP755594.1|A/cattle/Texas/24-008749-003/2024(H5N1)	168	2994
PA|PP755594.1|A/cattle/Texas/24-008749-003/2024(H5N1)	169	3004
PA|PP755594.1|A/cattle/Texas/24-008749-003/2024(H5N1)	170	2963
PA|PP755594.1|A/cattle/Texas/24-008749-003/2024(H5N1)	171	2913
PA|PP755594.1|A/cattle/Texas/24-008749-003/2024(H5N1)	172	2898
PA|PP755594.1|A/cattle/Texas/24-008749-003/2024(H5N1)	173	2893
PA|PP755594.1|A/cattle/Texas/24-008749-003/2024(H5N1)	174	2862
PA|PP755594.1|A/cattle/Texas/24-008749-003/2024(H5N1)	175	2850
PA|PP755594.1|A/cattle/Texas/24-008749-003/2024(H5N1)	176	2845
PA|PP755594.1|A/cattle/Texas/24-008749-003/2024(H5N1)	177	2850
PA|PP755594.1|A/cattle/Texas/24-008749-003/2024(H5N1)	178	2847
PA|PP755594.1|A/cattle/Texas/24-008749-003/2024(H5N1)	179	2847
PA|PP755594.1|A/cattle/Texas/24-008749-003/2024(H5N1)	180	2811
PA|PP755594.1|A/cattle/Texas/24-008749-003/2024(H5N1)	181	2806
PA|PP755594.1|A/cattle/Texas/24-008749-003/2024(H5N1)	182	2804
PA|PP755594.1|A/cattle/Texas/24-008749-003/2024(H5N1)	183	2795
PA|PP755594.1|A/cattle/Texas/24-008749-003/2024(H5N1)	184	2783
PA|PP755594.1|A/cattle/Texas/24-008749-003/2024(H5N1)	185	2794
PA|PP755594.1|A/cattle/Texas/24-008749-003/2024(H5N1)	186	2790
PA|PP755594.1|A/cattle/Texas/24-008749-003/2024(H5N1)	187	2782
PA|PP755594.1|A/cattle/Texas/24-008749-003/2024(H5N1)	188	2762
PA|PP755594.1|A/cattle/Texas/24-008749-003/2024(H5N1)	189	2711
PA|PP755594.1|A/cattle/Texas/24-008749-003/2024(H5N1)	190	2691
PA|PP755594.1|A/cattle/Texas/24-008749-003/2024(H5N1)	191	2523
PA|PP755594.1|A/cattle/Texas/24-008749-003/2024(H5N1)	192	2520
PA|PP755594.1|A/cattle/Texas/24-008749-003/2024(H5N1)	193	2504
PA|PP755594.1|A/cattle/Texas/24-008749-003/2024(H5N1)	194	2469
PA|PP755594.1|A/cattle/Texas/24-008749-003/2024(H5N1)	195	2468
PA|PP755594.1|A/cattle/Texas/24-008749-003/2024(H5N1)	196	2408
PA|PP755594.1|A/cattle/Texas/24-008749-003/2024(H5N1)	197	2374
PA|PP755594.1|A/cattle/Texas/24-008749-003/2024(H5N1)	198	2306
PA|PP755594.1|A/cattle/Texas/24-008749-003/2024(H5N1)	199	2265
PA|PP755594.1|A/cattle/Texas/24-008749-003/2024(H5N1)	200	2283
PA|PP755594.1|A/cattle/Texas/24-008749-003/2024(H5N1)	201	2285
PA|PP755594.1|A/cattle/Texas/24-008749-003/2024(H5N1)	202	2207
PA|PP755594.1|A/cattle/Texas/24-008749-003/2024(H5N1)	203	2309
PA|PP755594.1|A/cattle/Texas/24-008749-003/2024(H5N1)	204	2308
PA|PP755594.1|A/cattle/Texas/24-008749-003/2024(H5N1)	205	2295
PA|PP755594.1|A/cattle/Texas/24-008749-003/2024(H5N1)	206	2287
PA|PP755594.1|A/cattle/Texas/24-008749-003/2024(H5N1)	207	2282
PA|PP755594.1|A/cattle/Texas/24-008749-003/2024(H5N1)	208	2232
PA|PP755594.1|A/cattle/Texas/24-008749-003/2024(H5N1)	209	2163
PA|PP755594.1|A/cattle/Texas/24-008749-003/2024(H5N1)	210	2126
PA|PP755594.1|A/cattle/Texas/24-008749-003/2024(H5N1)	211	2142
PA|PP755594.1|A/cattle/Texas/24-008749-003/2024(H5N1)	212	2140
PA|PP755594.1|A/cattle/Texas/24-008749-003/2024(H5N1)	213	2144
PA|PP755594.1|A/cattle/Texas/24-008749-003/2024(H5N1)	214	2084
PA|PP755594.1|A/cattle/Texas/24-008749-003/2024(H5N1)	215	2082
PA|PP755594.1|A/cattle/Texas/24-008749-003/2024(H5N1)	216	2082
PA|PP755594.1|A/cattle/Texas/24-008749-003/2024(H5N1)	217	1997
PA|PP755594.1|A/cattle/Texas/24-008749-003/2024(H5N1)	218	1951
PA|PP755594.1|A/cattle/Texas/24-008749-003/2024(H5N1)	219	1904
PA|PP755594.1|A/cattle/Texas/24-008749-003/2024(H5N1)	220	1873
PA|PP755594.1|A/cattle/Texas/24-008749-003/2024(H5N1)	221	1837
PA|PP755594.1|A/cattle/Texas/24-008749-003/2024(H5N1)	222	1834
PA|PP755594.1|A/cattle/Texas/24-008749-003/2024(H5N1)	223	1818
PA|PP755594.1|A/cattle/Texas/24-008749-003/2024(H5N1)	224	1781
PA|PP755594.1|A/cattle/Texas/24-008749-003/2024(H5N1)	225	1796
PA|PP755594.1|A/cattle/Texas/24-008749-003/2024(H5N1)	226	1781
PA|PP755594.1|A/cattle/Texas/24-008749-003/2024(H5N1)	227	1580
PA|PP755594.1|A/cattle/Texas/24-008749-003/2024(H5N1)	228	1561
PA|PP755594.1|A/cattle/Texas/24-008749-003/2024(H5N1)	229	1475
PA|PP755594.1|A/cattle/Texas/24-008749-003/2024(H5N1)	230	1449
PA|PP755594.1|A/cattle/Texas/24-008749-003/2024(H5N1)	231	1439
PA|PP755594.1|A/cattle/Texas/24-008749-003/2024(H5N1)	232	1421
PA|PP755594.1|A/cattle/Texas/24-008749-003/2024(H5N1)	233	1408
PA|PP755594.1|A/cattle/Texas/24-008749-003/2024(H5N1)	234	1342
PA|PP755594.1|A/cattle/Texas/24-008749-003/2024(H5N1)	235	1335
PA|PP755594.1|A/cattle/Texas/24-008749-003/2024(H5N1)	236	1309
PA|PP755594.1|A/cattle/Texas/24-008749-003/2024(H5N1)	237	1304
PA|PP755594.1|A/cattle/Texas/24-008749-003/2024(H5N1)	238	1292
PA|PP755594.1|A/cattle/Texas/24-008749-003/2024(H5N1)	239	1293
PA|PP755594.1|A/cattle/Texas/24-008749-003/2024(H5N1)	240	1291
PA|PP755594.1|A/cattle/Texas/24-008749-003/2024(H5N1)	241	1292
PA|PP755594.1|A/cattle/Texas/24-008749-003/2024(H5N1)	242	1299
PA|PP755594.1|A/cattle/Texas/24-008749-003/2024(H5N1)	243	1298
PA|PP755594.1|A/cattle/Texas/24-008749-003/2024(H5N1)	244	1283
PA|PP755594.1|A/cattle/Texas/24-008749-003/2024(H5N1)	245	1226
PA|PP755594.1|A/cattle/Texas/24-008749-003/2024(H5N1)	246	1209
PA|PP755594.1|A/cattle/Texas/24-008749-003/2024(H5N1)	247	1167
PA|PP755594.1|A/cattle/Texas/24-008749-003/2024(H5N1)	248	1143
PA|PP755594.1|A/cattle/Texas/24-008749-003/2024(H5N1)	249	1103
PA|PP755594.1|A/cattle/Texas/24-008749-003/2024(H5N1)	250	1088
PA|PP755594.1|A/cattle/Texas/24-008749-003/2024(H5N1)	251	1083
PA|PP755594.1|A/cattle/Texas/24-008749-003/2024(H5N1)	252	1069
PA|PP755594.1|A/cattle/Texas/24-008749-003/2024(H5N1)	253	1067
PA|PP755594.1|A/cattle/Texas/24-008749-003/2024(H5N1)	254	1050
PA|PP755594.1|A/cattle/Texas/24-008749-003/2024(H5N1)	255	1025
PA|PP755594.1|A/cattle/Texas/24-008749-003/2024(H5N1)	256	1009
PA|PP755594.1|A/cattle/Texas/24-008749-003/2024(H5N1)	257	1006
PA|PP755594.1|A/cattle/Texas/24-008749-003/2024(H5N1)	258	1019
PA|PP755594.1|A/cattle/Texas/24-008749-003/2024(H5N1)	259	1008
PA|PP755594.1|A/cattle/Texas/24-008749-003/2024(H5N1)	260	979
PA|PP755594.1|A/cattle/Texas/24-008749-003/2024(H5N1)	261	970
PA|PP755594.1|A/cattle/Texas/24-008749-003/2024(H5N1)	262	968
PA|PP755594.1|A/cattle/Texas/24-008749-003/2024(H5N1)	263	971
PA|PP755594.1|A/cattle/Texas/24-008749-003/2024(H5N1)	264	964
PA|PP755594.1|A/cattle/Texas/24-008749-003/2024(H5N1)	265	960
PA|PP755594.1|A/cattle/Texas/24-008749-003/2024(H5N1)	266	946
PA|PP755594.1|A/cattle/Texas/24-008749-003/2024(H5N1)	267	925
PA|PP755594.1|A/cattle/Texas/24-008749-003/2024(H5N1)	268	945
PA|PP755594.1|A/cattle/Texas/24-008749-003/2024(H5N1)	269	943
PA|PP755594.1|A/cattle/Texas/24-008749-003/2024(H5N1)	270	951
PA|PP755594.1|A/cattle/Texas/24-008749-003/2024(H5N1)	271	946
PA|PP755594.1|A/cattle/Texas/24-008749-003/2024(H5N1)	272	934
PA|PP755594.1|A/cattle/Texas/24-008749-003/2024(H5N1)	273	937
PA|PP755594.1|A/cattle/Texas/24-008749-003/2024(H5N1)	274	922
PA|PP755594.1|A/cattle/Texas/24-008749-003/2024(H5N1)	275	907
PA|PP755594.1|A/cattle/Texas/24-008749-003/2024(H5N1)	276	882
PA|PP755594.1|A/cattle/Texas/24-008749-003/2024(H5N1)	277	847
PA|PP755594.1|A/cattle/Texas/24-008749-003/2024(H5N1)	278	862
PA|PP755594.1|A/cattle/Texas/24-008749-003/2024(H5N1)	279	847
PA|PP755594.1|A/cattle/Texas/24-008749-003/2024(H5N1)	280	845
PA|PP755594.1|A/cattle/Texas/24-008749-003/2024(H5N1)	281	841
PA|PP755594.1|A/cattle/Texas/24-008749-003/2024(H5N1)	282	843
PA|PP755594.1|A/cattle/Texas/24-008749-003/2024(H5N1)	283	849
PA|PP755594.1|A/cattle/Texas/24-008749-003/2024(H5N1)	284	849
PA|PP755594.1|A/cattle/Texas/24-008749-003/2024(H5N1)	285	837
PA|PP755594.1|A/cattle/Texas/24-008749-003/2024(H5N1)	286	832
PA|PP755594.1|A/cattle/Texas/24-008749-003/2024(H5N1)	287	825
PA|PP755594.1|A/cattle/Texas/24-008749-003/2024(H5N1)	288	825
PA|PP755594.1|A/cattle/Texas/24-008749-003/2024(H5N1)	289	820
PA|PP755594.1|A/cattle/Texas/24-008749-003/2024(H5N1)	290	821
PA|PP755594.1|A/cattle/Texas/24-008749-003/2024(H5N1)	291	819
PA|PP755594.1|A/cattle/Texas/24-008749-003/2024(H5N1)	292	817
PA|PP755594.1|A/cattle/Texas/24-008749-003/2024(H5N1)	293	810
PA|PP755594.1|A/cattle/Texas/24-008749-003/2024(H5N1)	294	803
PA|PP755594.1|A/cattle/Texas/24-008749-003/2024(H5N1)	295	630
PA|PP755594.1|A/cattle/Texas/24-008749-003/2024(H5N1)	296	624
PA|PP755594.1|A/cattle/Texas/24-008749-003/2024(H5N1)	297	628
PA|PP755594.1|A/cattle/Texas/24-008749-003/2024(H5N1)	298	628
PA|PP755594.1|A/cattle/Texas/24-008749-003/2024(H5N1)	299	626
PA|PP755594.1|A/cattle/Texas/24-008749-003/2024(H5N1)	300	604
PA|PP755594.1|A/cattle/Texas/24-008749-003/2024(H5N1)	301	601
PA|PP755594.1|A/cattle/Texas/24-008749-003/2024(H5N1)	302	603
PA|PP755594.1|A/cattle/Texas/24-008749-003/2024(H5N1)	303	601
PA|PP755594.1|A/cattle/Texas/24-008749-003/2024(H5N1)	304	600
PA|PP755594.1|A/cattle/Texas/24-008749-003/2024(H5N1)	305	599
PA|PP755594.1|A/cattle/Texas/24-008749-003/2024(H5N1)	306	604
PA|PP755594.1|A/cattle/Texas/24-008749-003/2024(H5N1)	307	595
PA|PP755594.1|A/cattle/Texas/24-008749-003/2024(H5N1)	308	597
PA|PP755594.1|A/cattle/Texas/24-008749-003/2024(H5N1)	309	596
PA|PP755594.1|A/cattle/Texas/24-008749-003/2024(H5N1)	310	597
PA|PP755594.1|A/cattle/Texas/24-008749-003/2024(H5N1)	311	596
PA|PP755594.1|A/cattle/Texas/24-008749-003/2024(H5N1)	312	597
PA|PP755594.1|A/cattle/Texas/24-008749-003/2024(H5N1)	313	597
PA|PP755594.1|A/cattle/Texas/24-008749-003/2024(H5N1)	314	593
PA|PP755594.1|A/cattle/Texas/24-008749-003/2024(H5N1)	315	592
PA|PP755594.1|A/cattle/Texas/24-008749-003/2024(H5N1)	316	579
PA|PP755594.1|A/cattle/Texas/24-008749-003/2024(H5N1)	317	578
PA|PP755594.1|A/cattle/Texas/24-008749-003/2024(H5N1)	318	569
PA|PP755594.1|A/cattle/Texas/24-008749-003/2024(H5N1)	319	562
PA|PP755594.1|A/cattle/Texas/24-008749-003/2024(H5N1)	320	560
PA|PP755594.1|A/cattle/Texas/24-008749-003/2024(H5N1)	321	554
PA|PP755594.1|A/cattle/Texas/24-008749-003/2024(H5N1)	322	560
PA|PP755594.1|A/cattle/Texas/24-008749-003/2024(H5N1)	323	556
PA|PP755594.1|A/cattle/Texas/24-008749-003/2024(H5N1)	324	554
PA|PP755594.1|A/cattle/Texas/24-008749-003/2024(H5N1)	325	556
PA|PP755594.1|A/cattle/Texas/24-008749-003/2024(H5N1)	326	553
PA|PP755594.1|A/cattle/Texas/24-008749-003/2024(H5N1)	327	561
PA|PP755594.1|A/cattle/Texas/24-008749-003/2024(H5N1)	328	539
PA|PP755594.1|A/cattle/Texas/24-008749-003/2024(H5N1)	329	537
PA|PP755594.1|A/cattle/Texas/24-008749-003/2024(H5N1)	330	536
PA|PP755594.1|A/cattle/Texas/24-008749-003/2024(H5N1)	331	534
PA|PP755594.1|A/cattle/Texas/24-008749-003/2024(H5N1)	332	526
PA|PP755594.1|A/cattle/Texas/24-008749-003/2024(H5N1)	333	528
PA|PP755594.1|A/cattle/Texas/24-008749-003/2024(H5N1)	334	528
PA|PP755594.1|A/cattle/Texas/24-008749-003/2024(H5N1)	335	519
PA|PP755594.1|A/cattle/Texas/24-008749-003/2024(H5N1)	336	514
PA|PP755594.1|A/cattle/Texas/24-008749-003/2024(H5N1)	337	519
PA|PP755594.1|A/cattle/Texas/24-008749-003/2024(H5N1)	338	507
PA|PP755594.1|A/cattle/Texas/24-008749-003/2024(H5N1)	339	506
PA|PP755594.1|A/cattle/Texas/24-008749-003/2024(H5N1)	340	504
PA|PP755594.1|A/cattle/Texas/24-008749-003/2024(H5N1)	341	501
PA|PP755594.1|A/cattle/Texas/24-008749-003/2024(H5N1)	342	498
PA|PP755594.1|A/cattle/Texas/24-008749-003/2024(H5N1)	343	497
PA|PP755594.1|A/cattle/Texas/24-008749-003/2024(H5N1)	344	490
PA|PP755594.1|A/cattle/Texas/24-008749-003/2024(H5N1)	345	485
PA|PP755594.1|A/cattle/Texas/24-008749-003/2024(H5N1)	346	476
PA|PP755594.1|A/cattle/Texas/24-008749-003/2024(H5N1)	347	486
PA|PP755594.1|A/cattle/Texas/24-008749-003/2024(H5N1)	348	488
PA|PP755594.1|A/cattle/Texas/24-008749-003/2024(H5N1)	349	490
PA|PP755594.1|A/cattle/Texas/24-008749-003/2024(H5N1)	350	491
PA|PP755594.1|A/cattle/Texas/24-008749-003/2024(H5N1)	351	491
PA|PP755594.1|A/cattle/Texas/24-008749-003/2024(H5N1)	352	491
PA|PP755594.1|A/cattle/Texas/24-008749-003/2024(H5N1)	353	492
PA|PP755594.1|A/cattle/Texas/24-008749-003/2024(H5N1)	354	493
PA|PP755594.1|A/cattle/Texas/24-008749-003/2024(H5N1)	355	498
PA|PP755594.1|A/cattle/Texas/24-008749-003/2024(H5N1)	356	499
PA|PP755594.1|A/cattle/Texas/24-008749-003/2024(H5N1)	357	497
PA|PP755594.1|A/cattle/Texas/24-008749-003/2024(H5N1)	358	498
PA|PP755594.1|A/cattle/Texas/24-008749-003/2024(H5N1)	359	501
PA|PP755594.1|A/cattle/Texas/24-008749-003/2024(H5N1)	360	496
PA|PP755594.1|A/cattle/Texas/24-008749-003/2024(H5N1)	361	489
PA|PP755594.1|A/cattle/Texas/24-008749-003/2024(H5N1)	362	490
PA|PP755594.1|A/cattle/Texas/24-008749-003/2024(H5N1)	363	489
PA|PP755594.1|A/cattle/Texas/24-008749-003/2024(H5N1)	364	479
PA|PP755594.1|A/cattle/Texas/24-008749-003/2024(H5N1)	365	477
PA|PP755594.1|A/cattle/Texas/24-008749-003/2024(H5N1)	366	442
PA|PP755594.1|A/cattle/Texas/24-008749-003/2024(H5N1)	367	442
PA|PP755594.1|A/cattle/Texas/24-008749-003/2024(H5N1)	368	438
PA|PP755594.1|A/cattle/Texas/24-008749-003/2024(H5N1)	369	438
PA|PP755594.1|A/cattle/Texas/24-008749-003/2024(H5N1)	370	434
PA|PP755594.1|A/cattle/Texas/24-008749-003/2024(H5N1)	371	431
PA|PP755594.1|A/cattle/Texas/24-008749-003/2024(H5N1)	372	416
PA|PP755594.1|A/cattle/Texas/24-008749-003/2024(H5N1)	373	415
PA|PP755594.1|A/cattle/Texas/24-008749-003/2024(H5N1)	374	410
PA|PP755594.1|A/cattle/Texas/24-008749-003/2024(H5N1)	375	413
PA|PP755594.1|A/cattle/Texas/24-008749-003/2024(H5N1)	376	414
PA|PP755594.1|A/cattle/Texas/24-008749-003/2024(H5N1)	377	412
PA|PP755594.1|A/cattle/Texas/24-008749-003/2024(H5N1)	378	413
PA|PP755594.1|A/cattle/Texas/24-008749-003/2024(H5N1)	379	417
PA|PP755594.1|A/cattle/Texas/24-008749-003/2024(H5N1)	380	415
PA|PP755594.1|A/cattle/Texas/24-008749-003/2024(H5N1)	381	413
PA|PP755594.1|A/cattle/Texas/24-008749-003/2024(H5N1)	382	424
PA|PP755594.1|A/cattle/Texas/24-008749-003/2024(H5N1)	383	420
PA|PP755594.1|A/cattle/Texas/24-008749-003/2024(H5N1)	384	414
PA|PP755594.1|A/cattle/Texas/24-008749-003/2024(H5N1)	385	412
PA|PP755594.1|A/cattle/Texas/24-008749-003/2024(H5N1)	386	413
PA|PP755594.1|A/cattle/Texas/24-008749-003/2024(H5N1)	387	417
PA|PP755594.1|A/cattle/Texas/24-008749-003/2024(H5N1)	388	414
PA|PP755594.1|A/cattle/Texas/24-008749-003/2024(H5N1)	389	407
PA|PP755594.1|A/cattle/Texas/24-008749-003/2024(H5N1)	390	408
PA|PP755594.1|A/cattle/Texas/24-008749-003/2024(H5N1)	391	396
PA|PP755594.1|A/cattle/Texas/24-008749-003/2024(H5N1)	392	402
PA|PP755594.1|A/cattle/Texas/24-008749-003/2024(H5N1)	393	401
PA|PP755594.1|A/cattle/Texas/24-008749-003/2024(H5N1)	394	402
PA|PP755594.1|A/cattle/Texas/24-008749-003/2024(H5N1)	395	402
PA|PP755594.1|A/cattle/Texas/24-008749-003/2024(H5N1)	396	393
PA|PP755594.1|A/cattle/Texas/24-008749-003/2024(H5N1)	397	395
PA|PP755594.1|A/cattle/Texas/24-008749-003/2024(H5N1)	398	404
PA|PP755594.1|A/cattle/Texas/24-008749-003/2024(H5N1)	399	405
PA|PP755594.1|A/cattle/Texas/24-008749-003/2024(H5N1)	400	403
PA|PP755594.1|A/cattle/Texas/24-008749-003/2024(H5N1)	401	401
PA|PP755594.1|A/cattle/Texas/24-008749-003/2024(H5N1)	402	401
PA|PP755594.1|A/cattle/Texas/24-008749-003/2024(H5N1)	403	402
PA|PP755594.1|A/cattle/Texas/24-008749-003/2024(H5N1)	404	400
PA|PP755594.1|A/cattle/Texas/24-008749-003/2024(H5N1)	405	400
PA|PP755594.1|A/cattle/Texas/24-008749-003/2024(H5N1)	406	401
PA|PP755594.1|A/cattle/Texas/24-008749-003/2024(H5N1)	407	400
PA|PP755594.1|A/cattle/Texas/24-008749-003/2024(H5N1)	408	400
PA|PP755594.1|A/cattle/Texas/24-008749-003/2024(H5N1)	409	400
PA|PP755594.1|A/cattle/Texas/24-008749-003/2024(H5N1)	410	397
PA|PP755594.1|A/cattle/Texas/24-008749-003/2024(H5N1)	411	397
PA|PP755594.1|A/cattle/Texas/24-008749-003/2024(H5N1)	412	399
PA|PP755594.1|A/cattle/Texas/24-008749-003/2024(H5N1)	413	397
PA|PP755594.1|A/cattle/Texas/24-008749-003/2024(H5N1)	414	391
PA|PP755594.1|A/cattle/Texas/24-008749-003/2024(H5N1)	415	393
PA|PP755594.1|A/cattle/Texas/24-008749-003/2024(H5N1)	416	393
PA|PP755594.1|A/cattle/Texas/24-008749-003/2024(H5N1)	417	396
PA|PP755594.1|A/cattle/Texas/24-008749-003/2024(H5N1)	418	396
PA|PP755594.1|A/cattle/Texas/24-008749-003/2024(H5N1)	419	394
PA|PP755594.1|A/cattle/Texas/24-008749-003/2024(H5N1)	420	390
PA|PP755594.1|A/cattle/Texas/24-008749-003/2024(H5N1)	421	391
PA|PP755594.1|A/cattle/Texas/24-008749-003/2024(H5N1)	422	386
PA|PP755594.1|A/cattle/Texas/24-008749-003/2024(H5N1)	423	384
PA|PP755594.1|A/cattle/Texas/24-008749-003/2024(H5N1)	424	382
PA|PP755594.1|A/cattle/Texas/24-008749-003/2024(H5N1)	425	384
PA|PP755594.1|A/cattle/Texas/24-008749-003/2024(H5N1)	426	385
PA|PP755594.1|A/cattle/Texas/24-008749-003/2024(H5N1)	427	385
PA|PP755594.1|A/cattle/Texas/24-008749-003/2024(H5N1)	428	380
PA|PP755594.1|A/cattle/Texas/24-008749-003/2024(H5N1)	429	367
PA|PP755594.1|A/cattle/Texas/24-008749-003/2024(H5N1)	430	370
PA|PP755594.1|A/cattle/Texas/24-008749-003/2024(H5N1)	431	367
PA|PP755594.1|A/cattle/Texas/24-008749-003/2024(H5N1)	432	365
PA|PP755594.1|A/cattle/Texas/24-008749-003/2024(H5N1)	433	368
PA|PP755594.1|A/cattle/Texas/24-008749-003/2024(H5N1)	434	367
PA|PP755594.1|A/cattle/Texas/24-008749-003/2024(H5N1)	435	364
PA|PP755594.1|A/cattle/Texas/24-008749-003/2024(H5N1)	436	369
PA|PP755594.1|A/cattle/Texas/24-008749-003/2024(H5N1)	437	368
PA|PP755594.1|A/cattle/Texas/24-008749-003/2024(H5N1)	438	365
PA|PP755594.1|A/cattle/Texas/24-008749-003/2024(H5N1)	439	365
PA|PP755594.1|A/cattle/Texas/24-008749-003/2024(H5N1)	440	367
PA|PP755594.1|A/cattle/Texas/24-008749-003/2024(H5N1)	441	374
PA|PP755594.1|A/cattle/Texas/24-008749-003/2024(H5N1)	442	379
PA|PP755594.1|A/cattle/Texas/24-008749-003/2024(H5N1)	443	381
PA|PP755594.1|A/cattle/Texas/24-008749-003/2024(H5N1)	444	383
PA|PP755594.1|A/cattle/Texas/24-008749-003/2024(H5N1)	445	379
PA|PP755594.1|A/cattle/Texas/24-008749-003/2024(H5N1)	446	381
PA|PP755594.1|A/cattle/Texas/24-008749-003/2024(H5N1)	447	378
PA|PP755594.1|A/cattle/Texas/24-008749-003/2024(H5N1)	448	379
PA|PP755594.1|A/cattle/Texas/24-008749-003/2024(H5N1)	449	380
PA|PP755594.1|A/cattle/Texas/24-008749-003/2024(H5N1)	450	380
PA|PP755594.1|A/cattle/Texas/24-008749-003/2024(H5N1)	451	375
PA|PP755594.1|A/cattle/Texas/24-008749-003/2024(H5N1)	452	376
PA|PP755594.1|A/cattle/Texas/24-008749-003/2024(H5N1)	453	375
PA|PP755594.1|A/cattle/Texas/24-008749-003/2024(H5N1)	454	380
PA|PP755594.1|A/cattle/Texas/24-008749-003/2024(H5N1)	455	381
PA|PP755594.1|A/cattle/Texas/24-008749-003/2024(H5N1)	456	378
PA|PP755594.1|A/cattle/Texas/24-008749-003/2024(H5N1)	457	378
PA|PP755594.1|A/cattle/Texas/24-008749-003/2024(H5N1)	458	378
PA|PP755594.1|A/cattle/Texas/24-008749-003/2024(H5N1)	459	375
PA|PP755594.1|A/cattle/Texas/24-008749-003/2024(H5N1)	460	372
PA|PP755594.1|A/cattle/Texas/24-008749-003/2024(H5N1)	461	365
PA|PP755594.1|A/cattle/Texas/24-008749-003/2024(H5N1)	462	365
PA|PP755594.1|A/cattle/Texas/24-008749-003/2024(H5N1)	463	364
PA|PP755594.1|A/cattle/Texas/24-008749-003/2024(H5N1)	464	361
PA|PP755594.1|A/cattle/Texas/24-008749-003/2024(H5N1)	465	360
PA|PP755594.1|A/cattle/Texas/24-008749-003/2024(H5N1)	466	360
PA|PP755594.1|A/cattle/Texas/24-008749-003/2024(H5N1)	467	358
PA|PP755594.1|A/cattle/Texas/24-008749-003/2024(H5N1)	468	359
PA|PP755594.1|A/cattle/Texas/24-008749-003/2024(H5N1)	469	359
PA|PP755594.1|A/cattle/Texas/24-008749-003/2024(H5N1)	470	362
PA|PP755594.1|A/cattle/Texas/24-008749-003/2024(H5N1)	471	360
PA|PP755594.1|A/cattle/Texas/24-008749-003/2024(H5N1)	472	359
PA|PP755594.1|A/cattle/Texas/24-008749-003/2024(H5N1)	473	359
PA|PP755594.1|A/cattle/Texas/24-008749-003/2024(H5N1)	474	361
PA|PP755594.1|A/cattle/Texas/24-008749-003/2024(H5N1)	475	361
PA|PP755594.1|A/cattle/Texas/24-008749-003/2024(H5N1)	476	360
PA|PP755594.1|A/cattle/Texas/24-008749-003/2024(H5N1)	477	358
PA|PP755594.1|A/cattle/Texas/24-008749-003/2024(H5N1)	478	365
PA|PP755594.1|A/cattle/Texas/24-008749-003/2024(H5N1)	479	361
PA|PP755594.1|A/cattle/Texas/24-008749-003/2024(H5N1)	480	352
PA|PP755594.1|A/cattle/Texas/24-008749-003/2024(H5N1)	481	354
PA|PP755594.1|A/cattle/Texas/24-008749-003/2024(H5N1)	482	357
PA|PP755594.1|A/cattle/Texas/24-008749-003/2024(H5N1)	483	356
PA|PP755594.1|A/cattle/Texas/24-008749-003/2024(H5N1)	484	352
PA|PP755594.1|A/cattle/Texas/24-008749-003/2024(H5N1)	485	351
PA|PP755594.1|A/cattle/Texas/24-008749-003/2024(H5N1)	486	351
PA|PP755594.1|A/cattle/Texas/24-008749-003/2024(H5N1)	487	355
PA|PP755594.1|A/cattle/Texas/24-008749-003/2024(H5N1)	488	352
PA|PP755594.1|A/cattle/Texas/24-008749-003/2024(H5N1)	489	352
PA|PP755594.1|A/cattle/Texas/24-008749-003/2024(H5N1)	490	353
PA|PP755594.1|A/cattle/Texas/24-008749-003/2024(H5N1)	491	352
PA|PP755594.1|A/cattle/Texas/24-008749-003/2024(H5N1)	492	346
PA|PP755594.1|A/cattle/Texas/24-008749-003/2024(H5N1)	493	348
PA|PP755594.1|A/cattle/Texas/24-008749-003/2024(H5N1)	494	347
PA|PP755594.1|A/cattle/Texas/24-008749-003/2024(H5N1)	495	349
PA|PP755594.1|A/cattle/Texas/24-008749-003/2024(H5N1)	496	350
PA|PP755594.1|A/cattle/Texas/24-008749-003/2024(H5N1)	497	342
PA|PP755594.1|A/cattle/Texas/24-008749-003/2024(H5N1)	498	343
PA|PP755594.1|A/cattle/Texas/24-008749-003/2024(H5N1)	499	341
PA|PP755594.1|A/cattle/Texas/24-008749-003/2024(H5N1)	500	340
PA|PP755594.1|A/cattle/Texas/24-008749-003/2024(H5N1)	501	339
PA|PP755594.1|A/cattle/Texas/24-008749-003/2024(H5N1)	502	330
PA|PP755594.1|A/cattle/Texas/24-008749-003/2024(H5N1)	503	332
PA|PP755594.1|A/cattle/Texas/24-008749-003/2024(H5N1)	504	331
PA|PP755594.1|A/cattle/Texas/24-008749-003/2024(H5N1)	505	332
PA|PP755594.1|A/cattle/Texas/24-008749-003/2024(H5N1)	506	334
PA|PP755594.1|A/cattle/Texas/24-008749-003/2024(H5N1)	507	331
PA|PP755594.1|A/cattle/Texas/24-008749-003/2024(H5N1)	508	332
PA|PP755594.1|A/cattle/Texas/24-008749-003/2024(H5N1)	509	333
PA|PP755594.1|A/cattle/Texas/24-008749-003/2024(H5N1)	510	333
PA|PP755594.1|A/cattle/Texas/24-008749-003/2024(H5N1)	511	328
PA|PP755594.1|A/cattle/Texas/24-008749-003/2024(H5N1)	512	324
PA|PP755594.1|A/cattle/Texas/24-008749-003/2024(H5N1)	513	324
PA|PP755594.1|A/cattle/Texas/24-008749-003/2024(H5N1)	514	325
PA|PP755594.1|A/cattle/Texas/24-008749-003/2024(H5N1)	515	329
PA|PP755594.1|A/cattle/Texas/24-008749-003/2024(H5N1)	516	331
PA|PP755594.1|A/cattle/Texas/24-008749-003/2024(H5N1)	517	329
PA|PP755594.1|A/cattle/Texas/24-008749-003/2024(H5N1)	518	319
PA|PP755594.1|A/cattle/Texas/24-008749-003/2024(H5N1)	519	317
PA|PP755594.1|A/cattle/Texas/24-008749-003/2024(H5N1)	520	315
PA|PP755594.1|A/cattle/Texas/24-008749-003/2024(H5N1)	521	309
PA|PP755594.1|A/cattle/Texas/24-008749-003/2024(H5N1)	522	301
PA|PP755594.1|A/cattle/Texas/24-008749-003/2024(H5N1)	523	301
PA|PP755594.1|A/cattle/Texas/24-008749-003/2024(H5N1)	524	298
PA|PP755594.1|A/cattle/Texas/24-008749-003/2024(H5N1)	525	308
PA|PP755594.1|A/cattle/Texas/24-008749-003/2024(H5N1)	526	309
PA|PP755594.1|A/cattle/Texas/24-008749-003/2024(H5N1)	527	308
PA|PP755594.1|A/cattle/Texas/24-008749-003/2024(H5N1)	528	304
PA|PP755594.1|A/cattle/Texas/24-008749-003/2024(H5N1)	529	303
PA|PP755594.1|A/cattle/Texas/24-008749-003/2024(H5N1)	530	302
PA|PP755594.1|A/cattle/Texas/24-008749-003/2024(H5N1)	531	301
PA|PP755594.1|A/cattle/Texas/24-008749-003/2024(H5N1)	532	301
PA|PP755594.1|A/cattle/Texas/24-008749-003/2024(H5N1)	533	299
PA|PP755594.1|A/cattle/Texas/24-008749-003/2024(H5N1)	534	289
PA|PP755594.1|A/cattle/Texas/24-008749-003/2024(H5N1)	535	288
PA|PP755594.1|A/cattle/Texas/24-008749-003/2024(H5N1)	536	291
PA|PP755594.1|A/cattle/Texas/24-008749-003/2024(H5N1)	537	293
PA|PP755594.1|A/cattle/Texas/24-008749-003/2024(H5N1)	538	291
PA|PP755594.1|A/cattle/Texas/24-008749-003/2024(H5N1)	539	286
PA|PP755594.1|A/cattle/Texas/24-008749-003/2024(H5N1)	540	285
PA|PP755594.1|A/cattle/Texas/24-008749-003/2024(H5N1)	541	285
PA|PP755594.1|A/cattle/Texas/24-008749-003/2024(H5N1)	542	284
PA|PP755594.1|A/cattle/Texas/24-008749-003/2024(H5N1)	543	285
PA|PP755594.1|A/cattle/Texas/24-008749-003/2024(H5N1)	544	283
PA|PP755594.1|A/cattle/Texas/24-008749-003/2024(H5N1)	545	282
PA|PP755594.1|A/cattle/Texas/24-008749-003/2024(H5N1)	546	283
PA|PP755594.1|A/cattle/Texas/24-008749-003/2024(H5N1)	547	270
PA|PP755594.1|A/cattle/Texas/24-008749-003/2024(H5N1)	548	270
PA|PP755594.1|A/cattle/Texas/24-008749-003/2024(H5N1)	549	270
PA|PP755594.1|A/cattle/Texas/24-008749-003/2024(H5N1)	550	270
PA|PP755594.1|A/cattle/Texas/24-008749-003/2024(H5N1)	551	279
PA|PP755594.1|A/cattle/Texas/24-008749-003/2024(H5N1)	552	281
PA|PP755594.1|A/cattle/Texas/24-008749-003/2024(H5N1)	553	281
PA|PP755594.1|A/cattle/Texas/24-008749-003/2024(H5N1)	554	282
PA|PP755594.1|A/cattle/Texas/24-008749-003/2024(H5N1)	555	281
PA|PP755594.1|A/cattle/Texas/24-008749-003/2024(H5N1)	556	286
PA|PP755594.1|A/cattle/Texas/24-008749-003/2024(H5N1)	557	285
PA|PP755594.1|A/cattle/Texas/24-008749-003/2024(H5N1)	558	287
PA|PP755594.1|A/cattle/Texas/24-008749-003/2024(H5N1)	559	287
PA|PP755594.1|A/cattle/Texas/24-008749-003/2024(H5N1)	560	282
PA|PP755594.1|A/cattle/Texas/24-008749-003/2024(H5N1)	561	284
PA|PP755594.1|A/cattle/Texas/24-008749-003/2024(H5N1)	562	287
PA|PP755594.1|A/cattle/Texas/24-008749-003/2024(H5N1)	563	287
PA|PP755594.1|A/cattle/Texas/24-008749-003/2024(H5N1)	564	288
PA|PP755594.1|A/cattle/Texas/24-008749-003/2024(H5N1)	565	287
PA|PP755594.1|A/cattle/Texas/24-008749-003/2024(H5N1)	566	286
PA|PP755594.1|A/cattle/Texas/24-008749-003/2024(H5N1)	567	282
PA|PP755594.1|A/cattle/Texas/24-008749-003/2024(H5N1)	568	279
PA|PP755594.1|A/cattle/Texas/24-008749-003/2024(H5N1)	569	287
PA|PP755594.1|A/cattle/Texas/24-008749-003/2024(H5N1)	570	287
PA|PP755594.1|A/cattle/Texas/24-008749-003/2024(H5N1)	571	289
PA|PP755594.1|A/cattle/Texas/24-008749-003/2024(H5N1)	572	289
PA|PP755594.1|A/cattle/Texas/24-008749-003/2024(H5N1)	573	284
PA|PP755594.1|A/cattle/Texas/24-008749-003/2024(H5N1)	574	284
PA|PP755594.1|A/cattle/Texas/24-008749-003/2024(H5N1)	575	284
PA|PP755594.1|A/cattle/Texas/24-008749-003/2024(H5N1)	576	286
PA|PP755594.1|A/cattle/Texas/24-008749-003/2024(H5N1)	577	286
PA|PP755594.1|A/cattle/Texas/24-008749-003/2024(H5N1)	578	286
PA|PP755594.1|A/cattle/Texas/24-008749-003/2024(H5N1)	579	288
PA|PP755594.1|A/cattle/Texas/24-008749-003/2024(H5N1)	580	296
PA|PP755594.1|A/cattle/Texas/24-008749-003/2024(H5N1)	581	297
PA|PP755594.1|A/cattle/Texas/24-008749-003/2024(H5N1)	582	296
PA|PP755594.1|A/cattle/Texas/24-008749-003/2024(H5N1)	583	297
PA|PP755594.1|A/cattle/Texas/24-008749-003/2024(H5N1)	584	296
PA|PP755594.1|A/cattle/Texas/24-008749-003/2024(H5N1)	585	296
PA|PP755594.1|A/cattle/Texas/24-008749-003/2024(H5N1)	586	296
PA|PP755594.1|A/cattle/Texas/24-008749-003/2024(H5N1)	587	295
PA|PP755594.1|A/cattle/Texas/24-008749-003/2024(H5N1)	588	288
PA|PP755594.1|A/cattle/Texas/24-008749-003/2024(H5N1)	589	288
PA|PP755594.1|A/cattle/Texas/24-008749-003/2024(H5N1)	590	288
PA|PP755594.1|A/cattle/Texas/24-008749-003/2024(H5N1)	591	286
PA|PP755594.1|A/cattle/Texas/24-008749-003/2024(H5N1)	592	286
PA|PP755594.1|A/cattle/Texas/24-008749-003/2024(H5N1)	593	287
PA|PP755594.1|A/cattle/Texas/24-008749-003/2024(H5N1)	594	287
PA|PP755594.1|A/cattle/Texas/24-008749-003/2024(H5N1)	595	287
PA|PP755594.1|A/cattle/Texas/24-008749-003/2024(H5N1)	596	287
PA|PP755594.1|A/cattle/Texas/24-008749-003/2024(H5N1)	597	287
PA|PP755594.1|A/cattle/Texas/24-008749-003/2024(H5N1)	598	285
PA|PP755594.1|A/cattle/Texas/24-008749-003/2024(H5N1)	599	286
PA|PP755594.1|A/cattle/Texas/24-008749-003/2024(H5N1)	600	284
PA|PP755594.1|A/cattle/Texas/24-008749-003/2024(H5N1)	601	286
PA|PP755594.1|A/cattle/Texas/24-008749-003/2024(H5N1)	602	286
PA|PP755594.1|A/cattle/Texas/24-008749-003/2024(H5N1)	603	285
PA|PP755594.1|A/cattle/Texas/24-008749-003/2024(H5N1)	604	285
PA|PP755594.1|A/cattle/Texas/24-008749-003/2024(H5N1)	605	285
PA|PP755594.1|A/cattle/Texas/24-008749-003/2024(H5N1)	606	285
PA|PP755594.1|A/cattle/Texas/24-008749-003/2024(H5N1)	607	283
PA|PP755594.1|A/cattle/Texas/24-008749-003/2024(H5N1)	608	290
PA|PP755594.1|A/cattle/Texas/24-008749-003/2024(H5N1)	609	290
PA|PP755594.1|A/cattle/Texas/24-008749-003/2024(H5N1)	610	286
PA|PP755594.1|A/cattle/Texas/24-008749-003/2024(H5N1)	611	286
PA|PP755594.1|A/cattle/Texas/24-008749-003/2024(H5N1)	612	287
PA|PP755594.1|A/cattle/Texas/24-008749-003/2024(H5N1)	613	288
PA|PP755594.1|A/cattle/Texas/24-008749-003/2024(H5N1)	614	288
PA|PP755594.1|A/cattle/Texas/24-008749-003/2024(H5N1)	615	288
PA|PP755594.1|A/cattle/Texas/24-008749-003/2024(H5N1)	616	290
PA|PP755594.1|A/cattle/Texas/24-008749-003/2024(H5N1)	617	290
PA|PP755594.1|A/cattle/Texas/24-008749-003/2024(H5N1)	618	299
PA|PP755594.1|A/cattle/Texas/24-008749-003/2024(H5N1)	619	298
PA|PP755594.1|A/cattle/Texas/24-008749-003/2024(H5N1)	620	297
PA|PP755594.1|A/cattle/Texas/24-008749-003/2024(H5N1)	621	299
PA|PP755594.1|A/cattle/Texas/24-008749-003/2024(H5N1)	622	299
PA|PP755594.1|A/cattle/Texas/24-008749-003/2024(H5N1)	623	299
PA|PP755594.1|A/cattle/Texas/24-008749-003/2024(H5N1)	624	298
PA|PP755594.1|A/cattle/Texas/24-008749-003/2024(H5N1)	625	296
PA|PP755594.1|A/cattle/Texas/24-008749-003/2024(H5N1)	626	301
PA|PP755594.1|A/cattle/Texas/24-008749-003/2024(H5N1)	627	301
PA|PP755594.1|A/cattle/Texas/24-008749-003/2024(H5N1)	628	301
PA|PP755594.1|A/cattle/Texas/24-008749-003/2024(H5N1)	629	298
PA|PP755594.1|A/cattle/Texas/24-008749-003/2024(H5N1)	630	299
PA|PP755594.1|A/cattle/Texas/24-008749-003/2024(H5N1)	631	298
PA|PP755594.1|A/cattle/Texas/24-008749-003/2024(H5N1)	632	301
PA|PP755594.1|A/cattle/Texas/24-008749-003/2024(H5N1)	633	293
PA|PP755594.1|A/cattle/Texas/24-008749-003/2024(H5N1)	634	303
PA|PP755594.1|A/cattle/Texas/24-008749-003/2024(H5N1)	635	302
PA|PP755594.1|A/cattle/Texas/24-008749-003/2024(H5N1)	636	301
PA|PP755594.1|A/cattle/Texas/24-008749-003/2024(H5N1)	637	300
PA|PP755594.1|A/cattle/Texas/24-008749-003/2024(H5N1)	638	299
PA|PP755594.1|A/cattle/Texas/24-008749-003/2024(H5N1)	639	299
PA|PP755594.1|A/cattle/Texas/24-008749-003/2024(H5N1)	640	304
PA|PP755594.1|A/cattle/Texas/24-008749-003/2024(H5N1)	641	302
PA|PP755594.1|A/cattle/Texas/24-008749-003/2024(H5N1)	642	301
PA|PP755594.1|A/cattle/Texas/24-008749-003/2024(H5N1)	643	299
PA|PP755594.1|A/cattle/Texas/24-008749-003/2024(H5N1)	644	303
PA|PP755594.1|A/cattle/Texas/24-008749-003/2024(H5N1)	645	303
PA|PP755594.1|A/cattle/Texas/24-008749-003/2024(H5N1)	646	304
PA|PP755594.1|A/cattle/Texas/24-008749-003/2024(H5N1)	647	308
PA|PP755594.1|A/cattle/Texas/24-008749-003/2024(H5N1)	648	307
PA|PP755594.1|A/cattle/Texas/24-008749-003/2024(H5N1)	649	308
PA|PP755594.1|A/cattle/Texas/24-008749-003/2024(H5N1)	650	309
PA|PP755594.1|A/cattle/Texas/24-008749-003/2024(H5N1)	651	309
PA|PP755594.1|A/cattle/Texas/24-008749-003/2024(H5N1)	652	308
PA|PP755594.1|A/cattle/Texas/24-008749-003/2024(H5N1)	653	312
PA|PP755594.1|A/cattle/Texas/24-008749-003/2024(H5N1)	654	312
PA|PP755594.1|A/cattle/Texas/24-008749-003/2024(H5N1)	655	313
PA|PP755594.1|A/cattle/Texas/24-008749-003/2024(H5N1)	656	313
PA|PP755594.1|A/cattle/Texas/24-008749-003/2024(H5N1)	657	313
PA|PP755594.1|A/cattle/Texas/24-008749-003/2024(H5N1)	658	317
PA|PP755594.1|A/cattle/Texas/24-008749-003/2024(H5N1)	659	318
PA|PP755594.1|A/cattle/Texas/24-008749-003/2024(H5N1)	660	322
PA|PP755594.1|A/cattle/Texas/24-008749-003/2024(H5N1)	661	321
PA|PP755594.1|A/cattle/Texas/24-008749-003/2024(H5N1)	662	317
PA|PP755594.1|A/cattle/Texas/24-008749-003/2024(H5N1)	663	317
PA|PP755594.1|A/cattle/Texas/24-008749-003/2024(H5N1)	664	317
PA|PP755594.1|A/cattle/Texas/24-008749-003/2024(H5N1)	665	318
PA|PP755594.1|A/cattle/Texas/24-008749-003/2024(H5N1)	666	317
PA|PP755594.1|A/cattle/Texas/24-008749-003/2024(H5N1)	667	320
PA|PP755594.1|A/cattle/Texas/24-008749-003/2024(H5N1)	668	319
PA|PP755594.1|A/cattle/Texas/24-008749-003/2024(H5N1)	669	319
PA|PP755594.1|A/cattle/Texas/24-008749-003/2024(H5N1)	670	326
PA|PP755594.1|A/cattle/Texas/24-008749-003/2024(H5N1)	671	325
PA|PP755594.1|A/cattle/Texas/24-008749-003/2024(H5N1)	672	325
PA|PP755594.1|A/cattle/Texas/24-008749-003/2024(H5N1)	673	325
PA|PP755594.1|A/cattle/Texas/24-008749-003/2024(H5N1)	674	325
PA|PP755594.1|A/cattle/Texas/24-008749-003/2024(H5N1)	675	326
PA|PP755594.1|A/cattle/Texas/24-008749-003/2024(H5N1)	676	328
PA|PP755594.1|A/cattle/Texas/24-008749-003/2024(H5N1)	677	327
PA|PP755594.1|A/cattle/Texas/24-008749-003/2024(H5N1)	678	327
PA|PP755594.1|A/cattle/Texas/24-008749-003/2024(H5N1)	679	328
PA|PP755594.1|A/cattle/Texas/24-008749-003/2024(H5N1)	680	329
PA|PP755594.1|A/cattle/Texas/24-008749-003/2024(H5N1)	681	328
PA|PP755594.1|A/cattle/Texas/24-008749-003/2024(H5N1)	682	328
PA|PP755594.1|A/cattle/Texas/24-008749-003/2024(H5N1)	683	324
PA|PP755594.1|A/cattle/Texas/24-008749-003/2024(H5N1)	684	325
PA|PP755594.1|A/cattle/Texas/24-008749-003/2024(H5N1)	685	325
PA|PP755594.1|A/cattle/Texas/24-008749-003/2024(H5N1)	686	326
PA|PP755594.1|A/cattle/Texas/24-008749-003/2024(H5N1)	687	324
PA|PP755594.1|A/cattle/Texas/24-008749-003/2024(H5N1)	688	322
PA|PP755594.1|A/cattle/Texas/24-008749-003/2024(H5N1)	689	321
PA|PP755594.1|A/cattle/Texas/24-008749-003/2024(H5N1)	690	320
PA|PP755594.1|A/cattle/Texas/24-008749-003/2024(H5N1)	691	319
PA|PP755594.1|A/cattle/Texas/24-008749-003/2024(H5N1)	692	312
PA|PP755594.1|A/cattle/Texas/24-008749-003/2024(H5N1)	693	311
PA|PP755594.1|A/cattle/Texas/24-008749-003/2024(H5N1)	694	309
PA|PP755594.1|A/cattle/Texas/24-008749-003/2024(H5N1)	695	313
PA|PP755594.1|A/cattle/Texas/24-008749-003/2024(H5N1)	696	313
PA|PP755594.1|A/cattle/Texas/24-008749-003/2024(H5N1)	697	311
PA|PP755594.1|A/cattle/Texas/24-008749-003/2024(H5N1)	698	309
PA|PP755594.1|A/cattle/Texas/24-008749-003/2024(H5N1)	699	308
PA|PP755594.1|A/cattle/Texas/24-008749-003/2024(H5N1)	700	307
PA|PP755594.1|A/cattle/Texas/24-008749-003/2024(H5N1)	701	306
PA|PP755594.1|A/cattle/Texas/24-008749-003/2024(H5N1)	702	305
PA|PP755594.1|A/cattle/Texas/24-008749-003/2024(H5N1)	703	303
PA|PP755594.1|A/cattle/Texas/24-008749-003/2024(H5N1)	704	304
PA|PP755594.1|A/cattle/Texas/24-008749-003/2024(H5N1)	705	301
PA|PP755594.1|A/cattle/Texas/24-008749-003/2024(H5N1)	706	301
PA|PP755594.1|A/cattle/Texas/24-008749-003/2024(H5N1)	707	301
PA|PP755594.1|A/cattle/Texas/24-008749-003/2024(H5N1)	708	301
PA|PP755594.1|A/cattle/Texas/24-008749-003/2024(H5N1)	709	301
PA|PP755594.1|A/cattle/Texas/24-008749-003/2024(H5N1)	710	300
PA|PP755594.1|A/cattle/Texas/24-008749-003/2024(H5N1)	711	299
PA|PP755594.1|A/cattle/Texas/24-008749-003/2024(H5N1)	712	301
PA|PP755594.1|A/cattle/Texas/24-008749-003/2024(H5N1)	713	302
PA|PP755594.1|A/cattle/Texas/24-008749-003/2024(H5N1)	714	304
PA|PP755594.1|A/cattle/Texas/24-008749-003/2024(H5N1)	715	305
PA|PP755594.1|A/cattle/Texas/24-008749-003/2024(H5N1)	716	305
PA|PP755594.1|A/cattle/Texas/24-008749-003/2024(H5N1)	717	305
PA|PP755594.1|A/cattle/Texas/24-008749-003/2024(H5N1)	718	306
PA|PP755594.1|A/cattle/Texas/24-008749-003/2024(H5N1)	719	311
PA|PP755594.1|A/cattle/Texas/24-008749-003/2024(H5N1)	720	310
PA|PP755594.1|A/cattle/Texas/24-008749-003/2024(H5N1)	721	311
PA|PP755594.1|A/cattle/Texas/24-008749-003/2024(H5N1)	722	311
PA|PP755594.1|A/cattle/Texas/24-008749-003/2024(H5N1)	723	314
PA|PP755594.1|A/cattle/Texas/24-008749-003/2024(H5N1)	724	315
PA|PP755594.1|A/cattle/Texas/24-008749-003/2024(H5N1)	725	313
PA|PP755594.1|A/cattle/Texas/24-008749-003/2024(H5N1)	726	312
PA|PP755594.1|A/cattle/Texas/24-008749-003/2024(H5N1)	727	312
PA|PP755594.1|A/cattle/Texas/24-008749-003/2024(H5N1)	728	302
PA|PP755594.1|A/cattle/Texas/24-008749-003/2024(H5N1)	729	306
PA|PP755594.1|A/cattle/Texas/24-008749-003/2024(H5N1)	730	307
PA|PP755594.1|A/cattle/Texas/24-008749-003/2024(H5N1)	731	306
PA|PP755594.1|A/cattle/Texas/24-008749-003/2024(H5N1)	732	302
PA|PP755594.1|A/cattle/Texas/24-008749-003/2024(H5N1)	733	303
PA|PP755594.1|A/cattle/Texas/24-008749-003/2024(H5N1)	734	305
PA|PP755594.1|A/cattle/Texas/24-008749-003/2024(H5N1)	735	304
PA|PP755594.1|A/cattle/Texas/24-008749-003/2024(H5N1)	736	302
PA|PP755594.1|A/cattle/Texas/24-008749-003/2024(H5N1)	737	302
PA|PP755594.1|A/cattle/Texas/24-008749-003/2024(H5N1)	738	301
PA|PP755594.1|A/cattle/Texas/24-008749-003/2024(H5N1)	739	301
PA|PP755594.1|A/cattle/Texas/24-008749-003/2024(H5N1)	740	302
PA|PP755594.1|A/cattle/Texas/24-008749-003/2024(H5N1)	741	301
PA|PP755594.1|A/cattle/Texas/24-008749-003/2024(H5N1)	742	301
PA|PP755594.1|A/cattle/Texas/24-008749-003/2024(H5N1)	743	303
PA|PP755594.1|A/cattle/Texas/24-008749-003/2024(H5N1)	744	304
PA|PP755594.1|A/cattle/Texas/24-008749-003/2024(H5N1)	745	304
PA|PP755594.1|A/cattle/Texas/24-008749-003/2024(H5N1)	746	300
PA|PP755594.1|A/cattle/Texas/24-008749-003/2024(H5N1)	747	304
PA|PP755594.1|A/cattle/Texas/24-008749-003/2024(H5N1)	748	304
PA|PP755594.1|A/cattle/Texas/24-008749-003/2024(H5N1)	749	303
PA|PP755594.1|A/cattle/Texas/24-008749-003/2024(H5N1)	750	304
PA|PP755594.1|A/cattle/Texas/24-008749-003/2024(H5N1)	751	308
PA|PP755594.1|A/cattle/Texas/24-008749-003/2024(H5N1)	752	310
PA|PP755594.1|A/cattle/Texas/24-008749-003/2024(H5N1)	753	310
PA|PP755594.1|A/cattle/Texas/24-008749-003/2024(H5N1)	754	306
PA|PP755594.1|A/cattle/Texas/24-008749-003/2024(H5N1)	755	305
PA|PP755594.1|A/cattle/Texas/24-008749-003/2024(H5N1)	756	303
PA|PP755594.1|A/cattle/Texas/24-008749-003/2024(H5N1)	757	304
PA|PP755594.1|A/cattle/Texas/24-008749-003/2024(H5N1)	758	304
PA|PP755594.1|A/cattle/Texas/24-008749-003/2024(H5N1)	759	303
PA|PP755594.1|A/cattle/Texas/24-008749-003/2024(H5N1)	760	299
PA|PP755594.1|A/cattle/Texas/24-008749-003/2024(H5N1)	761	298
PA|PP755594.1|A/cattle/Texas/24-008749-003/2024(H5N1)	762	302
PA|PP755594.1|A/cattle/Texas/24-008749-003/2024(H5N1)	763	302
PA|PP755594.1|A/cattle/Texas/24-008749-003/2024(H5N1)	764	302
PA|PP755594.1|A/cattle/Texas/24-008749-003/2024(H5N1)	765	300
PA|PP755594.1|A/cattle/Texas/24-008749-003/2024(H5N1)	766	300
PA|PP755594.1|A/cattle/Texas/24-008749-003/2024(H5N1)	767	301
PA|PP755594.1|A/cattle/Texas/24-008749-003/2024(H5N1)	768	304
PA|PP755594.1|A/cattle/Texas/24-008749-003/2024(H5N1)	769	304
PA|PP755594.1|A/cattle/Texas/24-008749-003/2024(H5N1)	770	304
PA|PP755594.1|A/cattle/Texas/24-008749-003/2024(H5N1)	771	302
PA|PP755594.1|A/cattle/Texas/24-008749-003/2024(H5N1)	772	303
PA|PP755594.1|A/cattle/Texas/24-008749-003/2024(H5N1)	773	304
PA|PP755594.1|A/cattle/Texas/24-008749-003/2024(H5N1)	774	302
PA|PP755594.1|A/cattle/Texas/24-008749-003/2024(H5N1)	775	296
PA|PP755594.1|A/cattle/Texas/24-008749-003/2024(H5N1)	776	294
PA|PP755594.1|A/cattle/Texas/24-008749-003/2024(H5N1)	777	295
PA|PP755594.1|A/cattle/Texas/24-008749-003/2024(H5N1)	778	296
PA|PP755594.1|A/cattle/Texas/24-008749-003/2024(H5N1)	779	296
PA|PP755594.1|A/cattle/Texas/24-008749-003/2024(H5N1)	780	302
PA|PP755594.1|A/cattle/Texas/24-008749-003/2024(H5N1)	781	290
PA|PP755594.1|A/cattle/Texas/24-008749-003/2024(H5N1)	782	290
PA|PP755594.1|A/cattle/Texas/24-008749-003/2024(H5N1)	783	292
PA|PP755594.1|A/cattle/Texas/24-008749-003/2024(H5N1)	784	294
PA|PP755594.1|A/cattle/Texas/24-008749-003/2024(H5N1)	785	299
PA|PP755594.1|A/cattle/Texas/24-008749-003/2024(H5N1)	786	298
PA|PP755594.1|A/cattle/Texas/24-008749-003/2024(H5N1)	787	293
PA|PP755594.1|A/cattle/Texas/24-008749-003/2024(H5N1)	788	295
PA|PP755594.1|A/cattle/Texas/24-008749-003/2024(H5N1)	789	291
PA|PP755594.1|A/cattle/Texas/24-008749-003/2024(H5N1)	790	291
PA|PP755594.1|A/cattle/Texas/24-008749-003/2024(H5N1)	791	293
PA|PP755594.1|A/cattle/Texas/24-008749-003/2024(H5N1)	792	293
PA|PP755594.1|A/cattle/Texas/24-008749-003/2024(H5N1)	793	293
PA|PP755594.1|A/cattle/Texas/24-008749-003/2024(H5N1)	794	291
PA|PP755594.1|A/cattle/Texas/24-008749-003/2024(H5N1)	795	291
PA|PP755594.1|A/cattle/Texas/24-008749-003/2024(H5N1)	796	287
PA|PP755594.1|A/cattle/Texas/24-008749-003/2024(H5N1)	797	286
PA|PP755594.1|A/cattle/Texas/24-008749-003/2024(H5N1)	798	290
PA|PP755594.1|A/cattle/Texas/24-008749-003/2024(H5N1)	799	293
PA|PP755594.1|A/cattle/Texas/24-008749-003/2024(H5N1)	800	293
PA|PP755594.1|A/cattle/Texas/24-008749-003/2024(H5N1)	801	292
PA|PP755594.1|A/cattle/Texas/24-008749-003/2024(H5N1)	802	296
PA|PP755594.1|A/cattle/Texas/24-008749-003/2024(H5N1)	803	295
PA|PP755594.1|A/cattle/Texas/24-008749-003/2024(H5N1)	804	298
PA|PP755594.1|A/cattle/Texas/24-008749-003/2024(H5N1)	805	297
PA|PP755594.1|A/cattle/Texas/24-008749-003/2024(H5N1)	806	297
PA|PP755594.1|A/cattle/Texas/24-008749-003/2024(H5N1)	807	293
PA|PP755594.1|A/cattle/Texas/24-008749-003/2024(H5N1)	808	292
PA|PP755594.1|A/cattle/Texas/24-008749-003/2024(H5N1)	809	288
PA|PP755594.1|A/cattle/Texas/24-008749-003/2024(H5N1)	810	289
PA|PP755594.1|A/cattle/Texas/24-008749-003/2024(H5N1)	811	288
PA|PP755594.1|A/cattle/Texas/24-008749-003/2024(H5N1)	812	286
PA|PP755594.1|A/cattle/Texas/24-008749-003/2024(H5N1)	813	283
PA|PP755594.1|A/cattle/Texas/24-008749-003/2024(H5N1)	814	282
PA|PP755594.1|A/cattle/Texas/24-008749-003/2024(H5N1)	815	280
PA|PP755594.1|A/cattle/Texas/24-008749-003/2024(H5N1)	816	280
PA|PP755594.1|A/cattle/Texas/24-008749-003/2024(H5N1)	817	280
PA|PP755594.1|A/cattle/Texas/24-008749-003/2024(H5N1)	818	280
PA|PP755594.1|A/cattle/Texas/24-008749-003/2024(H5N1)	819	283
PA|PP755594.1|A/cattle/Texas/24-008749-003/2024(H5N1)	820	276
PA|PP755594.1|A/cattle/Texas/24-008749-003/2024(H5N1)	821	275
PA|PP755594.1|A/cattle/Texas/24-008749-003/2024(H5N1)	822	283
PA|PP755594.1|A/cattle/Texas/24-008749-003/2024(H5N1)	823	284
PA|PP755594.1|A/cattle/Texas/24-008749-003/2024(H5N1)	824	285
PA|PP755594.1|A/cattle/Texas/24-008749-003/2024(H5N1)	825	281
PA|PP755594.1|A/cattle/Texas/24-008749-003/2024(H5N1)	826	279
PA|PP755594.1|A/cattle/Texas/24-008749-003/2024(H5N1)	827	289
PA|PP755594.1|A/cattle/Texas/24-008749-003/2024(H5N1)	828	287
PA|PP755594.1|A/cattle/Texas/24-008749-003/2024(H5N1)	829	285
PA|PP755594.1|A/cattle/Texas/24-008749-003/2024(H5N1)	830	282
PA|PP755594.1|A/cattle/Texas/24-008749-003/2024(H5N1)	831	277
PA|PP755594.1|A/cattle/Texas/24-008749-003/2024(H5N1)	832	277
PA|PP755594.1|A/cattle/Texas/24-008749-003/2024(H5N1)	833	277
PA|PP755594.1|A/cattle/Texas/24-008749-003/2024(H5N1)	834	280
PA|PP755594.1|A/cattle/Texas/24-008749-003/2024(H5N1)	835	279
PA|PP755594.1|A/cattle/Texas/24-008749-003/2024(H5N1)	836	277
PA|PP755594.1|A/cattle/Texas/24-008749-003/2024(H5N1)	837	277
PA|PP755594.1|A/cattle/Texas/24-008749-003/2024(H5N1)	838	279
PA|PP755594.1|A/cattle/Texas/24-008749-003/2024(H5N1)	839	279
PA|PP755594.1|A/cattle/Texas/24-008749-003/2024(H5N1)	840	279
PA|PP755594.1|A/cattle/Texas/24-008749-003/2024(H5N1)	841	281
PA|PP755594.1|A/cattle/Texas/24-008749-003/2024(H5N1)	842	281
PA|PP755594.1|A/cattle/Texas/24-008749-003/2024(H5N1)	843	288
PA|PP755594.1|A/cattle/Texas/24-008749-003/2024(H5N1)	844	287
PA|PP755594.1|A/cattle/Texas/24-008749-003/2024(H5N1)	845	287
PA|PP755594.1|A/cattle/Texas/24-008749-003/2024(H5N1)	846	287
PA|PP755594.1|A/cattle/Texas/24-008749-003/2024(H5N1)	847	287
PA|PP755594.1|A/cattle/Texas/24-008749-003/2024(H5N1)	848	288
PA|PP755594.1|A/cattle/Texas/24-008749-003/2024(H5N1)	849	288
PA|PP755594.1|A/cattle/Texas/24-008749-003/2024(H5N1)	850	289
PA|PP755594.1|A/cattle/Texas/24-008749-003/2024(H5N1)	851	291
PA|PP755594.1|A/cattle/Texas/24-008749-003/2024(H5N1)	852	290
PA|PP755594.1|A/cattle/Texas/24-008749-003/2024(H5N1)	853	290
PA|PP755594.1|A/cattle/Texas/24-008749-003/2024(H5N1)	854	290
PA|PP755594.1|A/cattle/Texas/24-008749-003/2024(H5N1)	855	290
PA|PP755594.1|A/cattle/Texas/24-008749-003/2024(H5N1)	856	290
PA|PP755594.1|A/cattle/Texas/24-008749-003/2024(H5N1)	857	280
PA|PP755594.1|A/cattle/Texas/24-008749-003/2024(H5N1)	858	279
PA|PP755594.1|A/cattle/Texas/24-008749-003/2024(H5N1)	859	278
PA|PP755594.1|A/cattle/Texas/24-008749-003/2024(H5N1)	860	285
PA|PP755594.1|A/cattle/Texas/24-008749-003/2024(H5N1)	861	288
PA|PP755594.1|A/cattle/Texas/24-008749-003/2024(H5N1)	862	290
PA|PP755594.1|A/cattle/Texas/24-008749-003/2024(H5N1)	863	289
PA|PP755594.1|A/cattle/Texas/24-008749-003/2024(H5N1)	864	290
PA|PP755594.1|A/cattle/Texas/24-008749-003/2024(H5N1)	865	291
PA|PP755594.1|A/cattle/Texas/24-008749-003/2024(H5N1)	866	291
PA|PP755594.1|A/cattle/Texas/24-008749-003/2024(H5N1)	867	292
PA|PP755594.1|A/cattle/Texas/24-008749-003/2024(H5N1)	868	292
PA|PP755594.1|A/cattle/Texas/24-008749-003/2024(H5N1)	869	280
PA|PP755594.1|A/cattle/Texas/24-008749-003/2024(H5N1)	870	281
PA|PP755594.1|A/cattle/Texas/24-008749-003/2024(H5N1)	871	281
PA|PP755594.1|A/cattle/Texas/24-008749-003/2024(H5N1)	872	280
PA|PP755594.1|A/cattle/Texas/24-008749-003/2024(H5N1)	873	284
PA|PP755594.1|A/cattle/Texas/24-008749-003/2024(H5N1)	874	285
PA|PP755594.1|A/cattle/Texas/24-008749-003/2024(H5N1)	875	291
PA|PP755594.1|A/cattle/Texas/24-008749-003/2024(H5N1)	876	290
PA|PP755594.1|A/cattle/Texas/24-008749-003/2024(H5N1)	877	293
PA|PP755594.1|A/cattle/Texas/24-008749-003/2024(H5N1)	878	293
PA|PP755594.1|A/cattle/Texas/24-008749-003/2024(H5N1)	879	292
PA|PP755594.1|A/cattle/Texas/24-008749-003/2024(H5N1)	880	293
PA|PP755594.1|A/cattle/Texas/24-008749-003/2024(H5N1)	881	292
PA|PP755594.1|A/cattle/Texas/24-008749-003/2024(H5N1)	882	293
PA|PP755594.1|A/cattle/Texas/24-008749-003/2024(H5N1)	883	293
PA|PP755594.1|A/cattle/Texas/24-008749-003/2024(H5N1)	884	281
PA|PP755594.1|A/cattle/Texas/24-008749-003/2024(H5N1)	885	281
PA|PP755594.1|A/cattle/Texas/24-008749-003/2024(H5N1)	886	282
PA|PP755594.1|A/cattle/Texas/24-008749-003/2024(H5N1)	887	284
PA|PP755594.1|A/cattle/Texas/24-008749-003/2024(H5N1)	888	284
PA|PP755594.1|A/cattle/Texas/24-008749-003/2024(H5N1)	889	284
PA|PP755594.1|A/cattle/Texas/24-008749-003/2024(H5N1)	890	288
PA|PP755594.1|A/cattle/Texas/24-008749-003/2024(H5N1)	891	284
PA|PP755594.1|A/cattle/Texas/24-008749-003/2024(H5N1)	892	289
PA|PP755594.1|A/cattle/Texas/24-008749-003/2024(H5N1)	893	289
PA|PP755594.1|A/cattle/Texas/24-008749-003/2024(H5N1)	894	289
PA|PP755594.1|A/cattle/Texas/24-008749-003/2024(H5N1)	895	282
PA|PP755594.1|A/cattle/Texas/24-008749-003/2024(H5N1)	896	281
PA|PP755594.1|A/cattle/Texas/24-008749-003/2024(H5N1)	897	278
PA|PP755594.1|A/cattle/Texas/24-008749-003/2024(H5N1)	898	280
PA|PP755594.1|A/cattle/Texas/24-008749-003/2024(H5N1)	899	278
PA|PP755594.1|A/cattle/Texas/24-008749-003/2024(H5N1)	900	292
PA|PP755594.1|A/cattle/Texas/24-008749-003/2024(H5N1)	901	291
PA|PP755594.1|A/cattle/Texas/24-008749-003/2024(H5N1)	902	296
PA|PP755594.1|A/cattle/Texas/24-008749-003/2024(H5N1)	903	295
PA|PP755594.1|A/cattle/Texas/24-008749-003/2024(H5N1)	904	294
PA|PP755594.1|A/cattle/Texas/24-008749-003/2024(H5N1)	905	294
PA|PP755594.1|A/cattle/Texas/24-008749-003/2024(H5N1)	906	293
PA|PP755594.1|A/cattle/Texas/24-008749-003/2024(H5N1)	907	307
PA|PP755594.1|A/cattle/Texas/24-008749-003/2024(H5N1)	908	306
PA|PP755594.1|A/cattle/Texas/24-008749-003/2024(H5N1)	909	303
PA|PP755594.1|A/cattle/Texas/24-008749-003/2024(H5N1)	910	309
PA|PP755594.1|A/cattle/Texas/24-008749-003/2024(H5N1)	911	306
PA|PP755594.1|A/cattle/Texas/24-008749-003/2024(H5N1)	912	312
PA|PP755594.1|A/cattle/Texas/24-008749-003/2024(H5N1)	913	312
PA|PP755594.1|A/cattle/Texas/24-008749-003/2024(H5N1)	914	313
PA|PP755594.1|A/cattle/Texas/24-008749-003/2024(H5N1)	915	316
PA|PP755594.1|A/cattle/Texas/24-008749-003/2024(H5N1)	916	312
PA|PP755594.1|A/cattle/Texas/24-008749-003/2024(H5N1)	917	314
PA|PP755594.1|A/cattle/Texas/24-008749-003/2024(H5N1)	918	312
PA|PP755594.1|A/cattle/Texas/24-008749-003/2024(H5N1)	919	313
PA|PP755594.1|A/cattle/Texas/24-008749-003/2024(H5N1)	920	314
PA|PP755594.1|A/cattle/Texas/24-008749-003/2024(H5N1)	921	307
PA|PP755594.1|A/cattle/Texas/24-008749-003/2024(H5N1)	922	308
PA|PP755594.1|A/cattle/Texas/24-008749-003/2024(H5N1)	923	307
PA|PP755594.1|A/cattle/Texas/24-008749-003/2024(H5N1)	924	320
PA|PP755594.1|A/cattle/Texas/24-008749-003/2024(H5N1)	925	321
PA|PP755594.1|A/cattle/Texas/24-008749-003/2024(H5N1)	926	320
PA|PP755594.1|A/cattle/Texas/24-008749-003/2024(H5N1)	927	320
PA|PP755594.1|A/cattle/Texas/24-008749-003/2024(H5N1)	928	320
PA|PP755594.1|A/cattle/Texas/24-008749-003/2024(H5N1)	929	320
PA|PP755594.1|A/cattle/Texas/24-008749-003/2024(H5N1)	930	319
PA|PP755594.1|A/cattle/Texas/24-008749-003/2024(H5N1)	931	320
PA|PP755594.1|A/cattle/Texas/24-008749-003/2024(H5N1)	932	321
PA|PP755594.1|A/cattle/Texas/24-008749-003/2024(H5N1)	933	321
PA|PP755594.1|A/cattle/Texas/24-008749-003/2024(H5N1)	934	323
PA|PP755594.1|A/cattle/Texas/24-008749-003/2024(H5N1)	935	321
PA|PP755594.1|A/cattle/Texas/24-008749-003/2024(H5N1)	936	322
PA|PP755594.1|A/cattle/Texas/24-008749-003/2024(H5N1)	937	321
PA|PP755594.1|A/cattle/Texas/24-008749-003/2024(H5N1)	938	325
PA|PP755594.1|A/cattle/Texas/24-008749-003/2024(H5N1)	939	325
PA|PP755594.1|A/cattle/Texas/24-008749-003/2024(H5N1)	940	325
PA|PP755594.1|A/cattle/Texas/24-008749-003/2024(H5N1)	941	324
PA|PP755594.1|A/cattle/Texas/24-008749-003/2024(H5N1)	942	323
PA|PP755594.1|A/cattle/Texas/24-008749-003/2024(H5N1)	943	323
PA|PP755594.1|A/cattle/Texas/24-008749-003/2024(H5N1)	944	322
PA|PP755594.1|A/cattle/Texas/24-008749-003/2024(H5N1)	945	322
PA|PP755594.1|A/cattle/Texas/24-008749-003/2024(H5N1)	946	317
PA|PP755594.1|A/cattle/Texas/24-008749-003/2024(H5N1)	947	318
PA|PP755594.1|A/cattle/Texas/24-008749-003/2024(H5N1)	948	317
PA|PP755594.1|A/cattle/Texas/24-008749-003/2024(H5N1)	949	316
PA|PP755594.1|A/cattle/Texas/24-008749-003/2024(H5N1)	950	321
PA|PP755594.1|A/cattle/Texas/24-008749-003/2024(H5N1)	951	324
PA|PP755594.1|A/cattle/Texas/24-008749-003/2024(H5N1)	952	324
PA|PP755594.1|A/cattle/Texas/24-008749-003/2024(H5N1)	953	324
PA|PP755594.1|A/cattle/Texas/24-008749-003/2024(H5N1)	954	323
PA|PP755594.1|A/cattle/Texas/24-008749-003/2024(H5N1)	955	323
PA|PP755594.1|A/cattle/Texas/24-008749-003/2024(H5N1)	956	328
PA|PP755594.1|A/cattle/Texas/24-008749-003/2024(H5N1)	957	331
PA|PP755594.1|A/cattle/Texas/24-008749-003/2024(H5N1)	958	331
PA|PP755594.1|A/cattle/Texas/24-008749-003/2024(H5N1)	959	331
PA|PP755594.1|A/cattle/Texas/24-008749-003/2024(H5N1)	960	331
PA|PP755594.1|A/cattle/Texas/24-008749-003/2024(H5N1)	961	332
PA|PP755594.1|A/cattle/Texas/24-008749-003/2024(H5N1)	962	333
PA|PP755594.1|A/cattle/Texas/24-008749-003/2024(H5N1)	963	333
PA|PP755594.1|A/cattle/Texas/24-008749-003/2024(H5N1)	964	331
PA|PP755594.1|A/cattle/Texas/24-008749-003/2024(H5N1)	965	339
PA|PP755594.1|A/cattle/Texas/24-008749-003/2024(H5N1)	966	340
PA|PP755594.1|A/cattle/Texas/24-008749-003/2024(H5N1)	967	340
PA|PP755594.1|A/cattle/Texas/24-008749-003/2024(H5N1)	968	341
PA|PP755594.1|A/cattle/Texas/24-008749-003/2024(H5N1)	969	342
PA|PP755594.1|A/cattle/Texas/24-008749-003/2024(H5N1)	970	340
PA|PP755594.1|A/cattle/Texas/24-008749-003/2024(H5N1)	971	337
PA|PP755594.1|A/cattle/Texas/24-008749-003/2024(H5N1)	972	340
PA|PP755594.1|A/cattle/Texas/24-008749-003/2024(H5N1)	973	347
PA|PP755594.1|A/cattle/Texas/24-008749-003/2024(H5N1)	974	341
PA|PP755594.1|A/cattle/Texas/24-008749-003/2024(H5N1)	975	343
PA|PP755594.1|A/cattle/Texas/24-008749-003/2024(H5N1)	976	358
PA|PP755594.1|A/cattle/Texas/24-008749-003/2024(H5N1)	977	358
PA|PP755594.1|A/cattle/Texas/24-008749-003/2024(H5N1)	978	360
PA|PP755594.1|A/cattle/Texas/24-008749-003/2024(H5N1)	979	361
PA|PP755594.1|A/cattle/Texas/24-008749-003/2024(H5N1)	980	356
PA|PP755594.1|A/cattle/Texas/24-008749-003/2024(H5N1)	981	356
PA|PP755594.1|A/cattle/Texas/24-008749-003/2024(H5N1)	982	357
PA|PP755594.1|A/cattle/Texas/24-008749-003/2024(H5N1)	983	359
PA|PP755594.1|A/cattle/Texas/24-008749-003/2024(H5N1)	984	357
PA|PP755594.1|A/cattle/Texas/24-008749-003/2024(H5N1)	985	359
PA|PP755594.1|A/cattle/Texas/24-008749-003/2024(H5N1)	986	362
PA|PP755594.1|A/cattle/Texas/24-008749-003/2024(H5N1)	987	366
PA|PP755594.1|A/cattle/Texas/24-008749-003/2024(H5N1)	988	367
PA|PP755594.1|A/cattle/Texas/24-008749-003/2024(H5N1)	989	367
PA|PP755594.1|A/cattle/Texas/24-008749-003/2024(H5N1)	990	366
PA|PP755594.1|A/cattle/Texas/24-008749-003/2024(H5N1)	991	368
PA|PP755594.1|A/cattle/Texas/24-008749-003/2024(H5N1)	992	371
PA|PP755594.1|A/cattle/Texas/24-008749-003/2024(H5N1)	993	380
PA|PP755594.1|A/cattle/Texas/24-008749-003/2024(H5N1)	994	378
PA|PP755594.1|A/cattle/Texas/24-008749-003/2024(H5N1)	995	377
PA|PP755594.1|A/cattle/Texas/24-008749-003/2024(H5N1)	996	376
PA|PP755594.1|A/cattle/Texas/24-008749-003/2024(H5N1)	997	380
PA|PP755594.1|A/cattle/Texas/24-008749-003/2024(H5N1)	998	376
PA|PP755594.1|A/cattle/Texas/24-008749-003/2024(H5N1)	999	376
PA|PP755594.1|A/cattle/Texas/24-008749-003/2024(H5N1)	1000	376
PA|PP755594.1|A/cattle/Texas/24-008749-003/2024(H5N1)	1001	371
PA|PP755594.1|A/cattle/Texas/24-008749-003/2024(H5N1)	1002	370
PA|PP755594.1|A/cattle/Texas/24-008749-003/2024(H5N1)	1003	369
PA|PP755594.1|A/cattle/Texas/24-008749-003/2024(H5N1)	1004	368
PA|PP755594.1|A/cattle/Texas/24-008749-003/2024(H5N1)	1005	369
PA|PP755594.1|A/cattle/Texas/24-008749-003/2024(H5N1)	1006	368
PA|PP755594.1|A/cattle/Texas/24-008749-003/2024(H5N1)	1007	367
PA|PP755594.1|A/cattle/Texas/24-008749-003/2024(H5N1)	1008	369
PA|PP755594.1|A/cattle/Texas/24-008749-003/2024(H5N1)	1009	370
PA|PP755594.1|A/cattle/Texas/24-008749-003/2024(H5N1)	1010	369
PA|PP755594.1|A/cattle/Texas/24-008749-003/2024(H5N1)	1011	369
PA|PP755594.1|A/cattle/Texas/24-008749-003/2024(H5N1)	1012	370
PA|PP755594.1|A/cattle/Texas/24-008749-003/2024(H5N1)	1013	367
PA|PP755594.1|A/cattle/Texas/24-008749-003/2024(H5N1)	1014	367
PA|PP755594.1|A/cattle/Texas/24-008749-003/2024(H5N1)	1015	368
PA|PP755594.1|A/cattle/Texas/24-008749-003/2024(H5N1)	1016	369
PA|PP755594.1|A/cattle/Texas/24-008749-003/2024(H5N1)	1017	369
PA|PP755594.1|A/cattle/Texas/24-008749-003/2024(H5N1)	1018	367
PA|PP755594.1|A/cattle/Texas/24-008749-003/2024(H5N1)	1019	363
PA|PP755594.1|A/cattle/Texas/24-008749-003/2024(H5N1)	1020	365
PA|PP755594.1|A/cattle/Texas/24-008749-003/2024(H5N1)	1021	369
PA|PP755594.1|A/cattle/Texas/24-008749-003/2024(H5N1)	1022	368
PA|PP755594.1|A/cattle/Texas/24-008749-003/2024(H5N1)	1023	369
PA|PP755594.1|A/cattle/Texas/24-008749-003/2024(H5N1)	1024	370
PA|PP755594.1|A/cattle/Texas/24-008749-003/2024(H5N1)	1025	370
PA|PP755594.1|A/cattle/Texas/24-008749-003/2024(H5N1)	1026	369
PA|PP755594.1|A/cattle/Texas/24-008749-003/2024(H5N1)	1027	369
PA|PP755594.1|A/cattle/Texas/24-008749-003/2024(H5N1)	1028	368
PA|PP755594.1|A/cattle/Texas/24-008749-003/2024(H5N1)	1029	368
PA|PP755594.1|A/cattle/Texas/24-008749-003/2024(H5N1)	1030	367
PA|PP755594.1|A/cattle/Texas/24-008749-003/2024(H5N1)	1031	366
PA|PP755594.1|A/cattle/Texas/24-008749-003/2024(H5N1)	1032	366
PA|PP755594.1|A/cattle/Texas/24-008749-003/2024(H5N1)	1033	375
PA|PP755594.1|A/cattle/Texas/24-008749-003/2024(H5N1)	1034	371
PA|PP755594.1|A/cattle/Texas/24-008749-003/2024(H5N1)	1035	373
PA|PP755594.1|A/cattle/Texas/24-008749-003/2024(H5N1)	1036	370
PA|PP755594.1|A/cattle/Texas/24-008749-003/2024(H5N1)	1037	370
PA|PP755594.1|A/cattle/Texas/24-008749-003/2024(H5N1)	1038	370
PA|PP755594.1|A/cattle/Texas/24-008749-003/2024(H5N1)	1039	368
PA|PP755594.1|A/cattle/Texas/24-008749-003/2024(H5N1)	1040	375
PA|PP755594.1|A/cattle/Texas/24-008749-003/2024(H5N1)	1041	379
PA|PP755594.1|A/cattle/Texas/24-008749-003/2024(H5N1)	1042	377
PA|PP755594.1|A/cattle/Texas/24-008749-003/2024(H5N1)	1043	383
PA|PP755594.1|A/cattle/Texas/24-008749-003/2024(H5N1)	1044	383
PA|PP755594.1|A/cattle/Texas/24-008749-003/2024(H5N1)	1045	383
PA|PP755594.1|A/cattle/Texas/24-008749-003/2024(H5N1)	1046	385
PA|PP755594.1|A/cattle/Texas/24-008749-003/2024(H5N1)	1047	384
PA|PP755594.1|A/cattle/Texas/24-008749-003/2024(H5N1)	1048	384
PA|PP755594.1|A/cattle/Texas/24-008749-003/2024(H5N1)	1049	381
PA|PP755594.1|A/cattle/Texas/24-008749-003/2024(H5N1)	1050	378
PA|PP755594.1|A/cattle/Texas/24-008749-003/2024(H5N1)	1051	372
PA|PP755594.1|A/cattle/Texas/24-008749-003/2024(H5N1)	1052	371
PA|PP755594.1|A/cattle/Texas/24-008749-003/2024(H5N1)	1053	370
PA|PP755594.1|A/cattle/Texas/24-008749-003/2024(H5N1)	1054	370
PA|PP755594.1|A/cattle/Texas/24-008749-003/2024(H5N1)	1055	368
PA|PP755594.1|A/cattle/Texas/24-008749-003/2024(H5N1)	1056	368
PA|PP755594.1|A/cattle/Texas/24-008749-003/2024(H5N1)	1057	368
PA|PP755594.1|A/cattle/Texas/24-008749-003/2024(H5N1)	1058	369
PA|PP755594.1|A/cattle/Texas/24-008749-003/2024(H5N1)	1059	370
PA|PP755594.1|A/cattle/Texas/24-008749-003/2024(H5N1)	1060	368
PA|PP755594.1|A/cattle/Texas/24-008749-003/2024(H5N1)	1061	372
PA|PP755594.1|A/cattle/Texas/24-008749-003/2024(H5N1)	1062	372
PA|PP755594.1|A/cattle/Texas/24-008749-003/2024(H5N1)	1063	372
PA|PP755594.1|A/cattle/Texas/24-008749-003/2024(H5N1)	1064	373
PA|PP755594.1|A/cattle/Texas/24-008749-003/2024(H5N1)	1065	374
PA|PP755594.1|A/cattle/Texas/24-008749-003/2024(H5N1)	1066	374
PA|PP755594.1|A/cattle/Texas/24-008749-003/2024(H5N1)	1067	375
PA|PP755594.1|A/cattle/Texas/24-008749-003/2024(H5N1)	1068	377
PA|PP755594.1|A/cattle/Texas/24-008749-003/2024(H5N1)	1069	379
PA|PP755594.1|A/cattle/Texas/24-008749-003/2024(H5N1)	1070	375
PA|PP755594.1|A/cattle/Texas/24-008749-003/2024(H5N1)	1071	379
PA|PP755594.1|A/cattle/Texas/24-008749-003/2024(H5N1)	1072	379
PA|PP755594.1|A/cattle/Texas/24-008749-003/2024(H5N1)	1073	370
PA|PP755594.1|A/cattle/Texas/24-008749-003/2024(H5N1)	1074	372
PA|PP755594.1|A/cattle/Texas/24-008749-003/2024(H5N1)	1075	372
PA|PP755594.1|A/cattle/Texas/24-008749-003/2024(H5N1)	1076	375
PA|PP755594.1|A/cattle/Texas/24-008749-003/2024(H5N1)	1077	368
PA|PP755594.1|A/cattle/Texas/24-008749-003/2024(H5N1)	1078	368
PA|PP755594.1|A/cattle/Texas/24-008749-003/2024(H5N1)	1079	368
PA|PP755594.1|A/cattle/Texas/24-008749-003/2024(H5N1)	1080	371
PA|PP755594.1|A/cattle/Texas/24-008749-003/2024(H5N1)	1081	371
PA|PP755594.1|A/cattle/Texas/24-008749-003/2024(H5N1)	1082	371
PA|PP755594.1|A/cattle/Texas/24-008749-003/2024(H5N1)	1083	371
PA|PP755594.1|A/cattle/Texas/24-008749-003/2024(H5N1)	1084	373
PA|PP755594.1|A/cattle/Texas/24-008749-003/2024(H5N1)	1085	377
PA|PP755594.1|A/cattle/Texas/24-008749-003/2024(H5N1)	1086	377
PA|PP755594.1|A/cattle/Texas/24-008749-003/2024(H5N1)	1087	378
PA|PP755594.1|A/cattle/Texas/24-008749-003/2024(H5N1)	1088	378
PA|PP755594.1|A/cattle/Texas/24-008749-003/2024(H5N1)	1089	375
PA|PP755594.1|A/cattle/Texas/24-008749-003/2024(H5N1)	1090	375
PA|PP755594.1|A/cattle/Texas/24-008749-003/2024(H5N1)	1091	375
PA|PP755594.1|A/cattle/Texas/24-008749-003/2024(H5N1)	1092	377
PA|PP755594.1|A/cattle/Texas/24-008749-003/2024(H5N1)	1093	373
PA|PP755594.1|A/cattle/Texas/24-008749-003/2024(H5N1)	1094	372
PA|PP755594.1|A/cattle/Texas/24-008749-003/2024(H5N1)	1095	374
PA|PP755594.1|A/cattle/Texas/24-008749-003/2024(H5N1)	1096	374
PA|PP755594.1|A/cattle/Texas/24-008749-003/2024(H5N1)	1097	373
PA|PP755594.1|A/cattle/Texas/24-008749-003/2024(H5N1)	1098	373
PA|PP755594.1|A/cattle/Texas/24-008749-003/2024(H5N1)	1099	372
PA|PP755594.1|A/cattle/Texas/24-008749-003/2024(H5N1)	1100	374
PA|PP755594.1|A/cattle/Texas/24-008749-003/2024(H5N1)	1101	374
PA|PP755594.1|A/cattle/Texas/24-008749-003/2024(H5N1)	1102	371
PA|PP755594.1|A/cattle/Texas/24-008749-003/2024(H5N1)	1103	370
PA|PP755594.1|A/cattle/Texas/24-008749-003/2024(H5N1)	1104	371
PA|PP755594.1|A/cattle/Texas/24-008749-003/2024(H5N1)	1105	374
PA|PP755594.1|A/cattle/Texas/24-008749-003/2024(H5N1)	1106	377
PA|PP755594.1|A/cattle/Texas/24-008749-003/2024(H5N1)	1107	376
PA|PP755594.1|A/cattle/Texas/24-008749-003/2024(H5N1)	1108	380
PA|PP755594.1|A/cattle/Texas/24-008749-003/2024(H5N1)	1109	382
PA|PP755594.1|A/cattle/Texas/24-008749-003/2024(H5N1)	1110	383
PA|PP755594.1|A/cattle/Texas/24-008749-003/2024(H5N1)	1111	377
PA|PP755594.1|A/cattle/Texas/24-008749-003/2024(H5N1)	1112	379
PA|PP755594.1|A/cattle/Texas/24-008749-003/2024(H5N1)	1113	379
PA|PP755594.1|A/cattle/Texas/24-008749-003/2024(H5N1)	1114	379
PA|PP755594.1|A/cattle/Texas/24-008749-003/2024(H5N1)	1115	381
PA|PP755594.1|A/cattle/Texas/24-008749-003/2024(H5N1)	1116	384
PA|PP755594.1|A/cattle/Texas/24-008749-003/2024(H5N1)	1117	384
PA|PP755594.1|A/cattle/Texas/24-008749-003/2024(H5N1)	1118	383
PA|PP755594.1|A/cattle/Texas/24-008749-003/2024(H5N1)	1119	383
PA|PP755594.1|A/cattle/Texas/24-008749-003/2024(H5N1)	1120	380
PA|PP755594.1|A/cattle/Texas/24-008749-003/2024(H5N1)	1121	377
PA|PP755594.1|A/cattle/Texas/24-008749-003/2024(H5N1)	1122	374
PA|PP755594.1|A/cattle/Texas/24-008749-003/2024(H5N1)	1123	377
PA|PP755594.1|A/cattle/Texas/24-008749-003/2024(H5N1)	1124	375
PA|PP755594.1|A/cattle/Texas/24-008749-003/2024(H5N1)	1125	370
PA|PP755594.1|A/cattle/Texas/24-008749-003/2024(H5N1)	1126	371
PA|PP755594.1|A/cattle/Texas/24-008749-003/2024(H5N1)	1127	372
PA|PP755594.1|A/cattle/Texas/24-008749-003/2024(H5N1)	1128	372
PA|PP755594.1|A/cattle/Texas/24-008749-003/2024(H5N1)	1129	374
PA|PP755594.1|A/cattle/Texas/24-008749-003/2024(H5N1)	1130	378
PA|PP755594.1|A/cattle/Texas/24-008749-003/2024(H5N1)	1131	378
PA|PP755594.1|A/cattle/Texas/24-008749-003/2024(H5N1)	1132	382
PA|PP755594.1|A/cattle/Texas/24-008749-003/2024(H5N1)	1133	385
PA|PP755594.1|A/cattle/Texas/24-008749-003/2024(H5N1)	1134	385
PA|PP755594.1|A/cattle/Texas/24-008749-003/2024(H5N1)	1135	383
PA|PP755594.1|A/cattle/Texas/24-008749-003/2024(H5N1)	1136	383
PA|PP755594.1|A/cattle/Texas/24-008749-003/2024(H5N1)	1137	382
PA|PP755594.1|A/cattle/Texas/24-008749-003/2024(H5N1)	1138	381
PA|PP755594.1|A/cattle/Texas/24-008749-003/2024(H5N1)	1139	386
PA|PP755594.1|A/cattle/Texas/24-008749-003/2024(H5N1)	1140	385
PA|PP755594.1|A/cattle/Texas/24-008749-003/2024(H5N1)	1141	382
PA|PP755594.1|A/cattle/Texas/24-008749-003/2024(H5N1)	1142	383
PA|PP755594.1|A/cattle/Texas/24-008749-003/2024(H5N1)	1143	384
PA|PP755594.1|A/cattle/Texas/24-008749-003/2024(H5N1)	1144	384
PA|PP755594.1|A/cattle/Texas/24-008749-003/2024(H5N1)	1145	385
PA|PP755594.1|A/cattle/Texas/24-008749-003/2024(H5N1)	1146	384
PA|PP755594.1|A/cattle/Texas/24-008749-003/2024(H5N1)	1147	387
PA|PP755594.1|A/cattle/Texas/24-008749-003/2024(H5N1)	1148	391
PA|PP755594.1|A/cattle/Texas/24-008749-003/2024(H5N1)	1149	385
PA|PP755594.1|A/cattle/Texas/24-008749-003/2024(H5N1)	1150	391
PA|PP755594.1|A/cattle/Texas/24-008749-003/2024(H5N1)	1151	398
PA|PP755594.1|A/cattle/Texas/24-008749-003/2024(H5N1)	1152	395
PA|PP755594.1|A/cattle/Texas/24-008749-003/2024(H5N1)	1153	395
PA|PP755594.1|A/cattle/Texas/24-008749-003/2024(H5N1)	1154	395
PA|PP755594.1|A/cattle/Texas/24-008749-003/2024(H5N1)	1155	395
PA|PP755594.1|A/cattle/Texas/24-008749-003/2024(H5N1)	1156	402
PA|PP755594.1|A/cattle/Texas/24-008749-003/2024(H5N1)	1157	405
PA|PP755594.1|A/cattle/Texas/24-008749-003/2024(H5N1)	1158	393
PA|PP755594.1|A/cattle/Texas/24-008749-003/2024(H5N1)	1159	392
PA|PP755594.1|A/cattle/Texas/24-008749-003/2024(H5N1)	1160	395
PA|PP755594.1|A/cattle/Texas/24-008749-003/2024(H5N1)	1161	393
PA|PP755594.1|A/cattle/Texas/24-008749-003/2024(H5N1)	1162	392
PA|PP755594.1|A/cattle/Texas/24-008749-003/2024(H5N1)	1163	388
PA|PP755594.1|A/cattle/Texas/24-008749-003/2024(H5N1)	1164	396
PA|PP755594.1|A/cattle/Texas/24-008749-003/2024(H5N1)	1165	397
PA|PP755594.1|A/cattle/Texas/24-008749-003/2024(H5N1)	1166	420
PA|PP755594.1|A/cattle/Texas/24-008749-003/2024(H5N1)	1167	422
PA|PP755594.1|A/cattle/Texas/24-008749-003/2024(H5N1)	1168	420
PA|PP755594.1|A/cattle/Texas/24-008749-003/2024(H5N1)	1169	426
PA|PP755594.1|A/cattle/Texas/24-008749-003/2024(H5N1)	1170	427
PA|PP755594.1|A/cattle/Texas/24-008749-003/2024(H5N1)	1171	429
PA|PP755594.1|A/cattle/Texas/24-008749-003/2024(H5N1)	1172	429
PA|PP755594.1|A/cattle/Texas/24-008749-003/2024(H5N1)	1173	428
PA|PP755594.1|A/cattle/Texas/24-008749-003/2024(H5N1)	1174	429
PA|PP755594.1|A/cattle/Texas/24-008749-003/2024(H5N1)	1175	412
PA|PP755594.1|A/cattle/Texas/24-008749-003/2024(H5N1)	1176	419
PA|PP755594.1|A/cattle/Texas/24-008749-003/2024(H5N1)	1177	424
PA|PP755594.1|A/cattle/Texas/24-008749-003/2024(H5N1)	1178	425
PA|PP755594.1|A/cattle/Texas/24-008749-003/2024(H5N1)	1179	425
PA|PP755594.1|A/cattle/Texas/24-008749-003/2024(H5N1)	1180	424
PA|PP755594.1|A/cattle/Texas/24-008749-003/2024(H5N1)	1181	426
PA|PP755594.1|A/cattle/Texas/24-008749-003/2024(H5N1)	1182	425
PA|PP755594.1|A/cattle/Texas/24-008749-003/2024(H5N1)	1183	424
PA|PP755594.1|A/cattle/Texas/24-008749-003/2024(H5N1)	1184	426
PA|PP755594.1|A/cattle/Texas/24-008749-003/2024(H5N1)	1185	425
PA|PP755594.1|A/cattle/Texas/24-008749-003/2024(H5N1)	1186	425
PA|PP755594.1|A/cattle/Texas/24-008749-003/2024(H5N1)	1187	424
PA|PP755594.1|A/cattle/Texas/24-008749-003/2024(H5N1)	1188	421
PA|PP755594.1|A/cattle/Texas/24-008749-003/2024(H5N1)	1189	420
PA|PP755594.1|A/cattle/Texas/24-008749-003/2024(H5N1)	1190	424
PA|PP755594.1|A/cattle/Texas/24-008749-003/2024(H5N1)	1191	424
PA|PP755594.1|A/cattle/Texas/24-008749-003/2024(H5N1)	1192	425
PA|PP755594.1|A/cattle/Texas/24-008749-003/2024(H5N1)	1193	425
PA|PP755594.1|A/cattle/Texas/24-008749-003/2024(H5N1)	1194	425
PA|PP755594.1|A/cattle/Texas/24-008749-003/2024(H5N1)	1195	425
PA|PP755594.1|A/cattle/Texas/24-008749-003/2024(H5N1)	1196	435
PA|PP755594.1|A/cattle/Texas/24-008749-003/2024(H5N1)	1197	442
PA|PP755594.1|A/cattle/Texas/24-008749-003/2024(H5N1)	1198	441
PA|PP755594.1|A/cattle/Texas/24-008749-003/2024(H5N1)	1199	437
PA|PP755594.1|A/cattle/Texas/24-008749-003/2024(H5N1)	1200	437
PA|PP755594.1|A/cattle/Texas/24-008749-003/2024(H5N1)	1201	435
PA|PP755594.1|A/cattle/Texas/24-008749-003/2024(H5N1)	1202	435
PA|PP755594.1|A/cattle/Texas/24-008749-003/2024(H5N1)	1203	436
PA|PP755594.1|A/cattle/Texas/24-008749-003/2024(H5N1)	1204	437
PA|PP755594.1|A/cattle/Texas/24-008749-003/2024(H5N1)	1205	437
PA|PP755594.1|A/cattle/Texas/24-008749-003/2024(H5N1)	1206	427
PA|PP755594.1|A/cattle/Texas/24-008749-003/2024(H5N1)	1207	424
PA|PP755594.1|A/cattle/Texas/24-008749-003/2024(H5N1)	1208	424
PA|PP755594.1|A/cattle/Texas/24-008749-003/2024(H5N1)	1209	424
PA|PP755594.1|A/cattle/Texas/24-008749-003/2024(H5N1)	1210	424
PA|PP755594.1|A/cattle/Texas/24-008749-003/2024(H5N1)	1211	423
PA|PP755594.1|A/cattle/Texas/24-008749-003/2024(H5N1)	1212	424
PA|PP755594.1|A/cattle/Texas/24-008749-003/2024(H5N1)	1213	422
PA|PP755594.1|A/cattle/Texas/24-008749-003/2024(H5N1)	1214	422
PA|PP755594.1|A/cattle/Texas/24-008749-003/2024(H5N1)	1215	419
PA|PP755594.1|A/cattle/Texas/24-008749-003/2024(H5N1)	1216	416
PA|PP755594.1|A/cattle/Texas/24-008749-003/2024(H5N1)	1217	433
PA|PP755594.1|A/cattle/Texas/24-008749-003/2024(H5N1)	1218	442
PA|PP755594.1|A/cattle/Texas/24-008749-003/2024(H5N1)	1219	442
PA|PP755594.1|A/cattle/Texas/24-008749-003/2024(H5N1)	1220	441
PA|PP755594.1|A/cattle/Texas/24-008749-003/2024(H5N1)	1221	441
PA|PP755594.1|A/cattle/Texas/24-008749-003/2024(H5N1)	1222	439
PA|PP755594.1|A/cattle/Texas/24-008749-003/2024(H5N1)	1223	434
PA|PP755594.1|A/cattle/Texas/24-008749-003/2024(H5N1)	1224	436
PA|PP755594.1|A/cattle/Texas/24-008749-003/2024(H5N1)	1225	439
PA|PP755594.1|A/cattle/Texas/24-008749-003/2024(H5N1)	1226	437
PA|PP755594.1|A/cattle/Texas/24-008749-003/2024(H5N1)	1227	421
PA|PP755594.1|A/cattle/Texas/24-008749-003/2024(H5N1)	1228	424
PA|PP755594.1|A/cattle/Texas/24-008749-003/2024(H5N1)	1229	423
PA|PP755594.1|A/cattle/Texas/24-008749-003/2024(H5N1)	1230	424
PA|PP755594.1|A/cattle/Texas/24-008749-003/2024(H5N1)	1231	425
PA|PP755594.1|A/cattle/Texas/24-008749-003/2024(H5N1)	1232	424
PA|PP755594.1|A/cattle/Texas/24-008749-003/2024(H5N1)	1233	424
PA|PP755594.1|A/cattle/Texas/24-008749-003/2024(H5N1)	1234	424
PA|PP755594.1|A/cattle/Texas/24-008749-003/2024(H5N1)	1235	424
PA|PP755594.1|A/cattle/Texas/24-008749-003/2024(H5N1)	1236	424
PA|PP755594.1|A/cattle/Texas/24-008749-003/2024(H5N1)	1237	417
PA|PP755594.1|A/cattle/Texas/24-008749-003/2024(H5N1)	1238	420
PA|PP755594.1|A/cattle/Texas/24-008749-003/2024(H5N1)	1239	420
PA|PP755594.1|A/cattle/Texas/24-008749-003/2024(H5N1)	1240	421
PA|PP755594.1|A/cattle/Texas/24-008749-003/2024(H5N1)	1241	421
PA|PP755594.1|A/cattle/Texas/24-008749-003/2024(H5N1)	1242	418
PA|PP755594.1|A/cattle/Texas/24-008749-003/2024(H5N1)	1243	415
PA|PP755594.1|A/cattle/Texas/24-008749-003/2024(H5N1)	1244	409
PA|PP755594.1|A/cattle/Texas/24-008749-003/2024(H5N1)	1245	408
PA|PP755594.1|A/cattle/Texas/24-008749-003/2024(H5N1)	1246	409
PA|PP755594.1|A/cattle/Texas/24-008749-003/2024(H5N1)	1247	412
PA|PP755594.1|A/cattle/Texas/24-008749-003/2024(H5N1)	1248	409
PA|PP755594.1|A/cattle/Texas/24-008749-003/2024(H5N1)	1249	409
PA|PP755594.1|A/cattle/Texas/24-008749-003/2024(H5N1)	1250	409
PA|PP755594.1|A/cattle/Texas/24-008749-003/2024(H5N1)	1251	409
PA|PP755594.1|A/cattle/Texas/24-008749-003/2024(H5N1)	1252	409
PA|PP755594.1|A/cattle/Texas/24-008749-003/2024(H5N1)	1253	408
PA|PP755594.1|A/cattle/Texas/24-008749-003/2024(H5N1)	1254	408
PA|PP755594.1|A/cattle/Texas/24-008749-003/2024(H5N1)	1255	411
PA|PP755594.1|A/cattle/Texas/24-008749-003/2024(H5N1)	1256	418
PA|PP755594.1|A/cattle/Texas/24-008749-003/2024(H5N1)	1257	418
PA|PP755594.1|A/cattle/Texas/24-008749-003/2024(H5N1)	1258	422
PA|PP755594.1|A/cattle/Texas/24-008749-003/2024(H5N1)	1259	423
PA|PP755594.1|A/cattle/Texas/24-008749-003/2024(H5N1)	1260	423
PA|PP755594.1|A/cattle/Texas/24-008749-003/2024(H5N1)	1261	422
PA|PP755594.1|A/cattle/Texas/24-008749-003/2024(H5N1)	1262	422
PA|PP755594.1|A/cattle/Texas/24-008749-003/2024(H5N1)	1263	423
PA|PP755594.1|A/cattle/Texas/24-008749-003/2024(H5N1)	1264	424
PA|PP755594.1|A/cattle/Texas/24-008749-003/2024(H5N1)	1265	425
PA|PP755594.1|A/cattle/Texas/24-008749-003/2024(H5N1)	1266	425
PA|PP755594.1|A/cattle/Texas/24-008749-003/2024(H5N1)	1267	426
PA|PP755594.1|A/cattle/Texas/24-008749-003/2024(H5N1)	1268	426
PA|PP755594.1|A/cattle/Texas/24-008749-003/2024(H5N1)	1269	421
PA|PP755594.1|A/cattle/Texas/24-008749-003/2024(H5N1)	1270	422
PA|PP755594.1|A/cattle/Texas/24-008749-003/2024(H5N1)	1271	427
PA|PP755594.1|A/cattle/Texas/24-008749-003/2024(H5N1)	1272	428
PA|PP755594.1|A/cattle/Texas/24-008749-003/2024(H5N1)	1273	429
PA|PP755594.1|A/cattle/Texas/24-008749-003/2024(H5N1)	1274	428
PA|PP755594.1|A/cattle/Texas/24-008749-003/2024(H5N1)	1275	430
PA|PP755594.1|A/cattle/Texas/24-008749-003/2024(H5N1)	1276	432
PA|PP755594.1|A/cattle/Texas/24-008749-003/2024(H5N1)	1277	435
PA|PP755594.1|A/cattle/Texas/24-008749-003/2024(H5N1)	1278	436
PA|PP755594.1|A/cattle/Texas/24-008749-003/2024(H5N1)	1279	435
PA|PP755594.1|A/cattle/Texas/24-008749-003/2024(H5N1)	1280	436
PA|PP755594.1|A/cattle/Texas/24-008749-003/2024(H5N1)	1281	439
PA|PP755594.1|A/cattle/Texas/24-008749-003/2024(H5N1)	1282	441
PA|PP755594.1|A/cattle/Texas/24-008749-003/2024(H5N1)	1283	443
PA|PP755594.1|A/cattle/Texas/24-008749-003/2024(H5N1)	1284	434
PA|PP755594.1|A/cattle/Texas/24-008749-003/2024(H5N1)	1285	439
PA|PP755594.1|A/cattle/Texas/24-008749-003/2024(H5N1)	1286	438
PA|PP755594.1|A/cattle/Texas/24-008749-003/2024(H5N1)	1287	442
PA|PP755594.1|A/cattle/Texas/24-008749-003/2024(H5N1)	1288	442
PA|PP755594.1|A/cattle/Texas/24-008749-003/2024(H5N1)	1289	437
PA|PP755594.1|A/cattle/Texas/24-008749-003/2024(H5N1)	1290	434
PA|PP755594.1|A/cattle/Texas/24-008749-003/2024(H5N1)	1291	434
PA|PP755594.1|A/cattle/Texas/24-008749-003/2024(H5N1)	1292	434
PA|PP755594.1|A/cattle/Texas/24-008749-003/2024(H5N1)	1293	435
PA|PP755594.1|A/cattle/Texas/24-008749-003/2024(H5N1)	1294	432
PA|PP755594.1|A/cattle/Texas/24-008749-003/2024(H5N1)	1295	437
PA|PP755594.1|A/cattle/Texas/24-008749-003/2024(H5N1)	1296	441
PA|PP755594.1|A/cattle/Texas/24-008749-003/2024(H5N1)	1297	443
PA|PP755594.1|A/cattle/Texas/24-008749-003/2024(H5N1)	1298	443
PA|PP755594.1|A/cattle/Texas/24-008749-003/2024(H5N1)	1299	444
PA|PP755594.1|A/cattle/Texas/24-008749-003/2024(H5N1)	1300	445
PA|PP755594.1|A/cattle/Texas/24-008749-003/2024(H5N1)	1301	445
PA|PP755594.1|A/cattle/Texas/24-008749-003/2024(H5N1)	1302	446
PA|PP755594.1|A/cattle/Texas/24-008749-003/2024(H5N1)	1303	451
PA|PP755594.1|A/cattle/Texas/24-008749-003/2024(H5N1)	1304	451
PA|PP755594.1|A/cattle/Texas/24-008749-003/2024(H5N1)	1305	449
PA|PP755594.1|A/cattle/Texas/24-008749-003/2024(H5N1)	1306	446
PA|PP755594.1|A/cattle/Texas/24-008749-003/2024(H5N1)	1307	447
PA|PP755594.1|A/cattle/Texas/24-008749-003/2024(H5N1)	1308	447
PA|PP755594.1|A/cattle/Texas/24-008749-003/2024(H5N1)	1309	457
PA|PP755594.1|A/cattle/Texas/24-008749-003/2024(H5N1)	1310	457
PA|PP755594.1|A/cattle/Texas/24-008749-003/2024(H5N1)	1311	461
PA|PP755594.1|A/cattle/Texas/24-008749-003/2024(H5N1)	1312	454
PA|PP755594.1|A/cattle/Texas/24-008749-003/2024(H5N1)	1313	460
PA|PP755594.1|A/cattle/Texas/24-008749-003/2024(H5N1)	1314	461
PA|PP755594.1|A/cattle/Texas/24-008749-003/2024(H5N1)	1315	460
PA|PP755594.1|A/cattle/Texas/24-008749-003/2024(H5N1)	1316	459
PA|PP755594.1|A/cattle/Texas/24-008749-003/2024(H5N1)	1317	459
PA|PP755594.1|A/cattle/Texas/24-008749-003/2024(H5N1)	1318	459
PA|PP755594.1|A/cattle/Texas/24-008749-003/2024(H5N1)	1319	459
PA|PP755594.1|A/cattle/Texas/24-008749-003/2024(H5N1)	1320	454
PA|PP755594.1|A/cattle/Texas/24-008749-003/2024(H5N1)	1321	454
PA|PP755594.1|A/cattle/Texas/24-008749-003/2024(H5N1)	1322	450
PA|PP755594.1|A/cattle/Texas/24-008749-003/2024(H5N1)	1323	450
PA|PP755594.1|A/cattle/Texas/24-008749-003/2024(H5N1)	1324	451
PA|PP755594.1|A/cattle/Texas/24-008749-003/2024(H5N1)	1325	451
PA|PP755594.1|A/cattle/Texas/24-008749-003/2024(H5N1)	1326	452
PA|PP755594.1|A/cattle/Texas/24-008749-003/2024(H5N1)	1327	449
PA|PP755594.1|A/cattle/Texas/24-008749-003/2024(H5N1)	1328	448
PA|PP755594.1|A/cattle/Texas/24-008749-003/2024(H5N1)	1329	447
PA|PP755594.1|A/cattle/Texas/24-008749-003/2024(H5N1)	1330	446
PA|PP755594.1|A/cattle/Texas/24-008749-003/2024(H5N1)	1331	443
PA|PP755594.1|A/cattle/Texas/24-008749-003/2024(H5N1)	1332	446
PA|PP755594.1|A/cattle/Texas/24-008749-003/2024(H5N1)	1333	451
PA|PP755594.1|A/cattle/Texas/24-008749-003/2024(H5N1)	1334	454
PA|PP755594.1|A/cattle/Texas/24-008749-003/2024(H5N1)	1335	453
PA|PP755594.1|A/cattle/Texas/24-008749-003/2024(H5N1)	1336	450
PA|PP755594.1|A/cattle/Texas/24-008749-003/2024(H5N1)	1337	450
PA|PP755594.1|A/cattle/Texas/24-008749-003/2024(H5N1)	1338	450
PA|PP755594.1|A/cattle/Texas/24-008749-003/2024(H5N1)	1339	450
PA|PP755594.1|A/cattle/Texas/24-008749-003/2024(H5N1)	1340	450
PA|PP755594.1|A/cattle/Texas/24-008749-003/2024(H5N1)	1341	448
PA|PP755594.1|A/cattle/Texas/24-008749-003/2024(H5N1)	1342	449
PA|PP755594.1|A/cattle/Texas/24-008749-003/2024(H5N1)	1343	445
PA|PP755594.1|A/cattle/Texas/24-008749-003/2024(H5N1)	1344	444
PA|PP755594.1|A/cattle/Texas/24-008749-003/2024(H5N1)	1345	448
PA|PP755594.1|A/cattle/Texas/24-008749-003/2024(H5N1)	1346	447
PA|PP755594.1|A/cattle/Texas/24-008749-003/2024(H5N1)	1347	448
PA|PP755594.1|A/cattle/Texas/24-008749-003/2024(H5N1)	1348	450
PA|PP755594.1|A/cattle/Texas/24-008749-003/2024(H5N1)	1349	450
PA|PP755594.1|A/cattle/Texas/24-008749-003/2024(H5N1)	1350	450
PA|PP755594.1|A/cattle/Texas/24-008749-003/2024(H5N1)	1351	447
PA|PP755594.1|A/cattle/Texas/24-008749-003/2024(H5N1)	1352	446
PA|PP755594.1|A/cattle/Texas/24-008749-003/2024(H5N1)	1353	445
PA|PP755594.1|A/cattle/Texas/24-008749-003/2024(H5N1)	1354	442
PA|PP755594.1|A/cattle/Texas/24-008749-003/2024(H5N1)	1355	441
PA|PP755594.1|A/cattle/Texas/24-008749-003/2024(H5N1)	1356	443
PA|PP755594.1|A/cattle/Texas/24-008749-003/2024(H5N1)	1357	442
PA|PP755594.1|A/cattle/Texas/24-008749-003/2024(H5N1)	1358	443
PA|PP755594.1|A/cattle/Texas/24-008749-003/2024(H5N1)	1359	441
PA|PP755594.1|A/cattle/Texas/24-008749-003/2024(H5N1)	1360	437
PA|PP755594.1|A/cattle/Texas/24-008749-003/2024(H5N1)	1361	440
PA|PP755594.1|A/cattle/Texas/24-008749-003/2024(H5N1)	1362	436
PA|PP755594.1|A/cattle/Texas/24-008749-003/2024(H5N1)	1363	434
PA|PP755594.1|A/cattle/Texas/24-008749-003/2024(H5N1)	1364	438
PA|PP755594.1|A/cattle/Texas/24-008749-003/2024(H5N1)	1365	433
PA|PP755594.1|A/cattle/Texas/24-008749-003/2024(H5N1)	1366	439
PA|PP755594.1|A/cattle/Texas/24-008749-003/2024(H5N1)	1367	442
PA|PP755594.1|A/cattle/Texas/24-008749-003/2024(H5N1)	1368	444
PA|PP755594.1|A/cattle/Texas/24-008749-003/2024(H5N1)	1369	447
PA|PP755594.1|A/cattle/Texas/24-008749-003/2024(H5N1)	1370	453
PA|PP755594.1|A/cattle/Texas/24-008749-003/2024(H5N1)	1371	459
PA|PP755594.1|A/cattle/Texas/24-008749-003/2024(H5N1)	1372	465
PA|PP755594.1|A/cattle/Texas/24-008749-003/2024(H5N1)	1373	466
PA|PP755594.1|A/cattle/Texas/24-008749-003/2024(H5N1)	1374	468
PA|PP755594.1|A/cattle/Texas/24-008749-003/2024(H5N1)	1375	467
PA|PP755594.1|A/cattle/Texas/24-008749-003/2024(H5N1)	1376	467
PA|PP755594.1|A/cattle/Texas/24-008749-003/2024(H5N1)	1377	466
PA|PP755594.1|A/cattle/Texas/24-008749-003/2024(H5N1)	1378	468
PA|PP755594.1|A/cattle/Texas/24-008749-003/2024(H5N1)	1379	467
PA|PP755594.1|A/cattle/Texas/24-008749-003/2024(H5N1)	1380	464
PA|PP755594.1|A/cattle/Texas/24-008749-003/2024(H5N1)	1381	462
PA|PP755594.1|A/cattle/Texas/24-008749-003/2024(H5N1)	1382	457
PA|PP755594.1|A/cattle/Texas/24-008749-003/2024(H5N1)	1383	453
PA|PP755594.1|A/cattle/Texas/24-008749-003/2024(H5N1)	1384	451
PA|PP755594.1|A/cattle/Texas/24-008749-003/2024(H5N1)	1385	464
PA|PP755594.1|A/cattle/Texas/24-008749-003/2024(H5N1)	1386	466
PA|PP755594.1|A/cattle/Texas/24-008749-003/2024(H5N1)	1387	470
PA|PP755594.1|A/cattle/Texas/24-008749-003/2024(H5N1)	1388	469
PA|PP755594.1|A/cattle/Texas/24-008749-003/2024(H5N1)	1389	468
PA|PP755594.1|A/cattle/Texas/24-008749-003/2024(H5N1)	1390	473
PA|PP755594.1|A/cattle/Texas/24-008749-003/2024(H5N1)	1391	474
PA|PP755594.1|A/cattle/Texas/24-008749-003/2024(H5N1)	1392	494
PA|PP755594.1|A/cattle/Texas/24-008749-003/2024(H5N1)	1393	491
PA|PP755594.1|A/cattle/Texas/24-008749-003/2024(H5N1)	1394	485
PA|PP755594.1|A/cattle/Texas/24-008749-003/2024(H5N1)	1395	486
PA|PP755594.1|A/cattle/Texas/24-008749-003/2024(H5N1)	1396	481
PA|PP755594.1|A/cattle/Texas/24-008749-003/2024(H5N1)	1397	488
PA|PP755594.1|A/cattle/Texas/24-008749-003/2024(H5N1)	1398	488
PA|PP755594.1|A/cattle/Texas/24-008749-003/2024(H5N1)	1399	482
PA|PP755594.1|A/cattle/Texas/24-008749-003/2024(H5N1)	1400	481
PA|PP755594.1|A/cattle/Texas/24-008749-003/2024(H5N1)	1401	465
PA|PP755594.1|A/cattle/Texas/24-008749-003/2024(H5N1)	1402	483
PA|PP755594.1|A/cattle/Texas/24-008749-003/2024(H5N1)	1403	498
PA|PP755594.1|A/cattle/Texas/24-008749-003/2024(H5N1)	1404	501
PA|PP755594.1|A/cattle/Texas/24-008749-003/2024(H5N1)	1405	504
PA|PP755594.1|A/cattle/Texas/24-008749-003/2024(H5N1)	1406	503
PA|PP755594.1|A/cattle/Texas/24-008749-003/2024(H5N1)	1407	510
PA|PP755594.1|A/cattle/Texas/24-008749-003/2024(H5N1)	1408	511
PA|PP755594.1|A/cattle/Texas/24-008749-003/2024(H5N1)	1409	511
PA|PP755594.1|A/cattle/Texas/24-008749-003/2024(H5N1)	1410	529
PA|PP755594.1|A/cattle/Texas/24-008749-003/2024(H5N1)	1411	527
PA|PP755594.1|A/cattle/Texas/24-008749-003/2024(H5N1)	1412	528
PA|PP755594.1|A/cattle/Texas/24-008749-003/2024(H5N1)	1413	529
PA|PP755594.1|A/cattle/Texas/24-008749-003/2024(H5N1)	1414	524
PA|PP755594.1|A/cattle/Texas/24-008749-003/2024(H5N1)	1415	526
PA|PP755594.1|A/cattle/Texas/24-008749-003/2024(H5N1)	1416	524
PA|PP755594.1|A/cattle/Texas/24-008749-003/2024(H5N1)	1417	505
PA|PP755594.1|A/cattle/Texas/24-008749-003/2024(H5N1)	1418	504
PA|PP755594.1|A/cattle/Texas/24-008749-003/2024(H5N1)	1419	502
PA|PP755594.1|A/cattle/Texas/24-008749-003/2024(H5N1)	1420	492
PA|PP755594.1|A/cattle/Texas/24-008749-003/2024(H5N1)	1421	494
PA|PP755594.1|A/cattle/Texas/24-008749-003/2024(H5N1)	1422	497
PA|PP755594.1|A/cattle/Texas/24-008749-003/2024(H5N1)	1423	497
PA|PP755594.1|A/cattle/Texas/24-008749-003/2024(H5N1)	1424	529
PA|PP755594.1|A/cattle/Texas/24-008749-003/2024(H5N1)	1425	527
PA|PP755594.1|A/cattle/Texas/24-008749-003/2024(H5N1)	1426	534
PA|PP755594.1|A/cattle/Texas/24-008749-003/2024(H5N1)	1427	530
PA|PP755594.1|A/cattle/Texas/24-008749-003/2024(H5N1)	1428	529
PA|PP755594.1|A/cattle/Texas/24-008749-003/2024(H5N1)	1429	527
PA|PP755594.1|A/cattle/Texas/24-008749-003/2024(H5N1)	1430	528
PA|PP755594.1|A/cattle/Texas/24-008749-003/2024(H5N1)	1431	529
PA|PP755594.1|A/cattle/Texas/24-008749-003/2024(H5N1)	1432	529
PA|PP755594.1|A/cattle/Texas/24-008749-003/2024(H5N1)	1433	528
PA|PP755594.1|A/cattle/Texas/24-008749-003/2024(H5N1)	1434	530
PA|PP755594.1|A/cattle/Texas/24-008749-003/2024(H5N1)	1435	524
PA|PP755594.1|A/cattle/Texas/24-008749-003/2024(H5N1)	1436	529
PA|PP755594.1|A/cattle/Texas/24-008749-003/2024(H5N1)	1437	536
PA|PP755594.1|A/cattle/Texas/24-008749-003/2024(H5N1)	1438	533
PA|PP755594.1|A/cattle/Texas/24-008749-003/2024(H5N1)	1439	534
PA|PP755594.1|A/cattle/Texas/24-008749-003/2024(H5N1)	1440	531
PA|PP755594.1|A/cattle/Texas/24-008749-003/2024(H5N1)	1441	535
PA|PP755594.1|A/cattle/Texas/24-008749-003/2024(H5N1)	1442	535
PA|PP755594.1|A/cattle/Texas/24-008749-003/2024(H5N1)	1443	537
PA|PP755594.1|A/cattle/Texas/24-008749-003/2024(H5N1)	1444	537
PA|PP755594.1|A/cattle/Texas/24-008749-003/2024(H5N1)	1445	534
PA|PP755594.1|A/cattle/Texas/24-008749-003/2024(H5N1)	1446	531
PA|PP755594.1|A/cattle/Texas/24-008749-003/2024(H5N1)	1447	534
PA|PP755594.1|A/cattle/Texas/24-008749-003/2024(H5N1)	1448	532
PA|PP755594.1|A/cattle/Texas/24-008749-003/2024(H5N1)	1449	533
PA|PP755594.1|A/cattle/Texas/24-008749-003/2024(H5N1)	1450	535
PA|PP755594.1|A/cattle/Texas/24-008749-003/2024(H5N1)	1451	538
PA|PP755594.1|A/cattle/Texas/24-008749-003/2024(H5N1)	1452	537
PA|PP755594.1|A/cattle/Texas/24-008749-003/2024(H5N1)	1453	537
PA|PP755594.1|A/cattle/Texas/24-008749-003/2024(H5N1)	1454	539
PA|PP755594.1|A/cattle/Texas/24-008749-003/2024(H5N1)	1455	539
PA|PP755594.1|A/cattle/Texas/24-008749-003/2024(H5N1)	1456	542
PA|PP755594.1|A/cattle/Texas/24-008749-003/2024(H5N1)	1457	542
PA|PP755594.1|A/cattle/Texas/24-008749-003/2024(H5N1)	1458	548
PA|PP755594.1|A/cattle/Texas/24-008749-003/2024(H5N1)	1459	553
PA|PP755594.1|A/cattle/Texas/24-008749-003/2024(H5N1)	1460	555
PA|PP755594.1|A/cattle/Texas/24-008749-003/2024(H5N1)	1461	556
PA|PP755594.1|A/cattle/Texas/24-008749-003/2024(H5N1)	1462	524
PA|PP755594.1|A/cattle/Texas/24-008749-003/2024(H5N1)	1463	521
PA|PP755594.1|A/cattle/Texas/24-008749-003/2024(H5N1)	1464	525
PA|PP755594.1|A/cattle/Texas/24-008749-003/2024(H5N1)	1465	520
PA|PP755594.1|A/cattle/Texas/24-008749-003/2024(H5N1)	1466	520
PA|PP755594.1|A/cattle/Texas/24-008749-003/2024(H5N1)	1467	507
PA|PP755594.1|A/cattle/Texas/24-008749-003/2024(H5N1)	1468	502
PA|PP755594.1|A/cattle/Texas/24-008749-003/2024(H5N1)	1469	506
PA|PP755594.1|A/cattle/Texas/24-008749-003/2024(H5N1)	1470	509
PA|PP755594.1|A/cattle/Texas/24-008749-003/2024(H5N1)	1471	510
PA|PP755594.1|A/cattle/Texas/24-008749-003/2024(H5N1)	1472	510
PA|PP755594.1|A/cattle/Texas/24-008749-003/2024(H5N1)	1473	501
PA|PP755594.1|A/cattle/Texas/24-008749-003/2024(H5N1)	1474	505
PA|PP755594.1|A/cattle/Texas/24-008749-003/2024(H5N1)	1475	504
PA|PP755594.1|A/cattle/Texas/24-008749-003/2024(H5N1)	1476	504
PA|PP755594.1|A/cattle/Texas/24-008749-003/2024(H5N1)	1477	505
PA|PP755594.1|A/cattle/Texas/24-008749-003/2024(H5N1)	1478	503
PA|PP755594.1|A/cattle/Texas/24-008749-003/2024(H5N1)	1479	501
PA|PP755594.1|A/cattle/Texas/24-008749-003/2024(H5N1)	1480	499
PA|PP755594.1|A/cattle/Texas/24-008749-003/2024(H5N1)	1481	500
PA|PP755594.1|A/cattle/Texas/24-008749-003/2024(H5N1)	1482	499
PA|PP755594.1|A/cattle/Texas/24-008749-003/2024(H5N1)	1483	499
PA|PP755594.1|A/cattle/Texas/24-008749-003/2024(H5N1)	1484	499
PA|PP755594.1|A/cattle/Texas/24-008749-003/2024(H5N1)	1485	500
PA|PP755594.1|A/cattle/Texas/24-008749-003/2024(H5N1)	1486	501
PA|PP755594.1|A/cattle/Texas/24-008749-003/2024(H5N1)	1487	501
PA|PP755594.1|A/cattle/Texas/24-008749-003/2024(H5N1)	1488	503
PA|PP755594.1|A/cattle/Texas/24-008749-003/2024(H5N1)	1489	503
PA|PP755594.1|A/cattle/Texas/24-008749-003/2024(H5N1)	1490	503
PA|PP755594.1|A/cattle/Texas/24-008749-003/2024(H5N1)	1491	505
PA|PP755594.1|A/cattle/Texas/24-008749-003/2024(H5N1)	1492	510
PA|PP755594.1|A/cattle/Texas/24-008749-003/2024(H5N1)	1493	511
PA|PP755594.1|A/cattle/Texas/24-008749-003/2024(H5N1)	1494	511
PA|PP755594.1|A/cattle/Texas/24-008749-003/2024(H5N1)	1495	518
PA|PP755594.1|A/cattle/Texas/24-008749-003/2024(H5N1)	1496	519
PA|PP755594.1|A/cattle/Texas/24-008749-003/2024(H5N1)	1497	517
PA|PP755594.1|A/cattle/Texas/24-008749-003/2024(H5N1)	1498	515
PA|PP755594.1|A/cattle/Texas/24-008749-003/2024(H5N1)	1499	513
PA|PP755594.1|A/cattle/Texas/24-008749-003/2024(H5N1)	1500	516
PA|PP755594.1|A/cattle/Texas/24-008749-003/2024(H5N1)	1501	514
PA|PP755594.1|A/cattle/Texas/24-008749-003/2024(H5N1)	1502	514
PA|PP755594.1|A/cattle/Texas/24-008749-003/2024(H5N1)	1503	516
PA|PP755594.1|A/cattle/Texas/24-008749-003/2024(H5N1)	1504	512
PA|PP755594.1|A/cattle/Texas/24-008749-003/2024(H5N1)	1505	513
PA|PP755594.1|A/cattle/Texas/24-008749-003/2024(H5N1)	1506	511
PA|PP755594.1|A/cattle/Texas/24-008749-003/2024(H5N1)	1507	508
PA|PP755594.1|A/cattle/Texas/24-008749-003/2024(H5N1)	1508	509
PA|PP755594.1|A/cattle/Texas/24-008749-003/2024(H5N1)	1509	513
PA|PP755594.1|A/cattle/Texas/24-008749-003/2024(H5N1)	1510	510
PA|PP755594.1|A/cattle/Texas/24-008749-003/2024(H5N1)	1511	511
PA|PP755594.1|A/cattle/Texas/24-008749-003/2024(H5N1)	1512	512
PA|PP755594.1|A/cattle/Texas/24-008749-003/2024(H5N1)	1513	515
PA|PP755594.1|A/cattle/Texas/24-008749-003/2024(H5N1)	1514	515
PA|PP755594.1|A/cattle/Texas/24-008749-003/2024(H5N1)	1515	516
PA|PP755594.1|A/cattle/Texas/24-008749-003/2024(H5N1)	1516	514
PA|PP755594.1|A/cattle/Texas/24-008749-003/2024(H5N1)	1517	514
PA|PP755594.1|A/cattle/Texas/24-008749-003/2024(H5N1)	1518	510
PA|PP755594.1|A/cattle/Texas/24-008749-003/2024(H5N1)	1519	511
PA|PP755594.1|A/cattle/Texas/24-008749-003/2024(H5N1)	1520	511
PA|PP755594.1|A/cattle/Texas/24-008749-003/2024(H5N1)	1521	508
PA|PP755594.1|A/cattle/Texas/24-008749-003/2024(H5N1)	1522	504
PA|PP755594.1|A/cattle/Texas/24-008749-003/2024(H5N1)	1523	499
PA|PP755594.1|A/cattle/Texas/24-008749-003/2024(H5N1)	1524	501
PA|PP755594.1|A/cattle/Texas/24-008749-003/2024(H5N1)	1525	501
PA|PP755594.1|A/cattle/Texas/24-008749-003/2024(H5N1)	1526	499
PA|PP755594.1|A/cattle/Texas/24-008749-003/2024(H5N1)	1527	500
PA|PP755594.1|A/cattle/Texas/24-008749-003/2024(H5N1)	1528	494
PA|PP755594.1|A/cattle/Texas/24-008749-003/2024(H5N1)	1529	496
PA|PP755594.1|A/cattle/Texas/24-008749-003/2024(H5N1)	1530	499
PA|PP755594.1|A/cattle/Texas/24-008749-003/2024(H5N1)	1531	499
PA|PP755594.1|A/cattle/Texas/24-008749-003/2024(H5N1)	1532	499
PA|PP755594.1|A/cattle/Texas/24-008749-003/2024(H5N1)	1533	499
PA|PP755594.1|A/cattle/Texas/24-008749-003/2024(H5N1)	1534	496
PA|PP755594.1|A/cattle/Texas/24-008749-003/2024(H5N1)	1535	496
PA|PP755594.1|A/cattle/Texas/24-008749-003/2024(H5N1)	1536	495
PA|PP755594.1|A/cattle/Texas/24-008749-003/2024(H5N1)	1537	488
PA|PP755594.1|A/cattle/Texas/24-008749-003/2024(H5N1)	1538	492
PA|PP755594.1|A/cattle/Texas/24-008749-003/2024(H5N1)	1539	497
PA|PP755594.1|A/cattle/Texas/24-008749-003/2024(H5N1)	1540	499
PA|PP755594.1|A/cattle/Texas/24-008749-003/2024(H5N1)	1541	498
PA|PP755594.1|A/cattle/Texas/24-008749-003/2024(H5N1)	1542	497
PA|PP755594.1|A/cattle/Texas/24-008749-003/2024(H5N1)	1543	499
PA|PP755594.1|A/cattle/Texas/24-008749-003/2024(H5N1)	1544	499
PA|PP755594.1|A/cattle/Texas/24-008749-003/2024(H5N1)	1545	491
PA|PP755594.1|A/cattle/Texas/24-008749-003/2024(H5N1)	1546	492
PA|PP755594.1|A/cattle/Texas/24-008749-003/2024(H5N1)	1547	491
PA|PP755594.1|A/cattle/Texas/24-008749-003/2024(H5N1)	1548	490
PA|PP755594.1|A/cattle/Texas/24-008749-003/2024(H5N1)	1549	494
PA|PP755594.1|A/cattle/Texas/24-008749-003/2024(H5N1)	1550	495
PA|PP755594.1|A/cattle/Texas/24-008749-003/2024(H5N1)	1551	496
PA|PP755594.1|A/cattle/Texas/24-008749-003/2024(H5N1)	1552	495
PA|PP755594.1|A/cattle/Texas/24-008749-003/2024(H5N1)	1553	496
PA|PP755594.1|A/cattle/Texas/24-008749-003/2024(H5N1)	1554	496
PA|PP755594.1|A/cattle/Texas/24-008749-003/2024(H5N1)	1555	497
PA|PP755594.1|A/cattle/Texas/24-008749-003/2024(H5N1)	1556	497
PA|PP755594.1|A/cattle/Texas/24-008749-003/2024(H5N1)	1557	499
PA|PP755594.1|A/cattle/Texas/24-008749-003/2024(H5N1)	1558	491
PA|PP755594.1|A/cattle/Texas/24-008749-003/2024(H5N1)	1559	491
PA|PP755594.1|A/cattle/Texas/24-008749-003/2024(H5N1)	1560	479
PA|PP755594.1|A/cattle/Texas/24-008749-003/2024(H5N1)	1561	478
PA|PP755594.1|A/cattle/Texas/24-008749-003/2024(H5N1)	1562	476
PA|PP755594.1|A/cattle/Texas/24-008749-003/2024(H5N1)	1563	476
PA|PP755594.1|A/cattle/Texas/24-008749-003/2024(H5N1)	1564	473
PA|PP755594.1|A/cattle/Texas/24-008749-003/2024(H5N1)	1565	472
PA|PP755594.1|A/cattle/Texas/24-008749-003/2024(H5N1)	1566	471
PA|PP755594.1|A/cattle/Texas/24-008749-003/2024(H5N1)	1567	473
PA|PP755594.1|A/cattle/Texas/24-008749-003/2024(H5N1)	1568	474
PA|PP755594.1|A/cattle/Texas/24-008749-003/2024(H5N1)	1569	474
PA|PP755594.1|A/cattle/Texas/24-008749-003/2024(H5N1)	1570	477
PA|PP755594.1|A/cattle/Texas/24-008749-003/2024(H5N1)	1571	478
PA|PP755594.1|A/cattle/Texas/24-008749-003/2024(H5N1)	1572	477
PA|PP755594.1|A/cattle/Texas/24-008749-003/2024(H5N1)	1573	477
PA|PP755594.1|A/cattle/Texas/24-008749-003/2024(H5N1)	1574	474
PA|PP755594.1|A/cattle/Texas/24-008749-003/2024(H5N1)	1575	487
PA|PP755594.1|A/cattle/Texas/24-008749-003/2024(H5N1)	1576	483
PA|PP755594.1|A/cattle/Texas/24-008749-003/2024(H5N1)	1577	486
PA|PP755594.1|A/cattle/Texas/24-008749-003/2024(H5N1)	1578	487
PA|PP755594.1|A/cattle/Texas/24-008749-003/2024(H5N1)	1579	490
PA|PP755594.1|A/cattle/Texas/24-008749-003/2024(H5N1)	1580	487
PA|PP755594.1|A/cattle/Texas/24-008749-003/2024(H5N1)	1581	489
PA|PP755594.1|A/cattle/Texas/24-008749-003/2024(H5N1)	1582	488
PA|PP755594.1|A/cattle/Texas/24-008749-003/2024(H5N1)	1583	485
PA|PP755594.1|A/cattle/Texas/24-008749-003/2024(H5N1)	1584	469
PA|PP755594.1|A/cattle/Texas/24-008749-003/2024(H5N1)	1585	470
PA|PP755594.1|A/cattle/Texas/24-008749-003/2024(H5N1)	1586	471
PA|PP755594.1|A/cattle/Texas/24-008749-003/2024(H5N1)	1587	471
PA|PP755594.1|A/cattle/Texas/24-008749-003/2024(H5N1)	1588	471
PA|PP755594.1|A/cattle/Texas/24-008749-003/2024(H5N1)	1589	466
PA|PP755594.1|A/cattle/Texas/24-008749-003/2024(H5N1)	1590	466
PA|PP755594.1|A/cattle/Texas/24-008749-003/2024(H5N1)	1591	465
PA|PP755594.1|A/cattle/Texas/24-008749-003/2024(H5N1)	1592	468
PA|PP755594.1|A/cattle/Texas/24-008749-003/2024(H5N1)	1593	475
PA|PP755594.1|A/cattle/Texas/24-008749-003/2024(H5N1)	1594	473
PA|PP755594.1|A/cattle/Texas/24-008749-003/2024(H5N1)	1595	472
PA|PP755594.1|A/cattle/Texas/24-008749-003/2024(H5N1)	1596	475
PA|PP755594.1|A/cattle/Texas/24-008749-003/2024(H5N1)	1597	476
PA|PP755594.1|A/cattle/Texas/24-008749-003/2024(H5N1)	1598	477
PA|PP755594.1|A/cattle/Texas/24-008749-003/2024(H5N1)	1599	477
PA|PP755594.1|A/cattle/Texas/24-008749-003/2024(H5N1)	1600	477
PA|PP755594.1|A/cattle/Texas/24-008749-003/2024(H5N1)	1601	473
PA|PP755594.1|A/cattle/Texas/24-008749-003/2024(H5N1)	1602	473
PA|PP755594.1|A/cattle/Texas/24-008749-003/2024(H5N1)	1603	475
PA|PP755594.1|A/cattle/Texas/24-008749-003/2024(H5N1)	1604	475
PA|PP755594.1|A/cattle/Texas/24-008749-003/2024(H5N1)	1605	478
PA|PP755594.1|A/cattle/Texas/24-008749-003/2024(H5N1)	1606	476
PA|PP755594.1|A/cattle/Texas/24-008749-003/2024(H5N1)	1607	476
PA|PP755594.1|A/cattle/Texas/24-008749-003/2024(H5N1)	1608	476
PA|PP755594.1|A/cattle/Texas/24-008749-003/2024(H5N1)	1609	476
PA|PP755594.1|A/cattle/Texas/24-008749-003/2024(H5N1)	1610	476
PA|PP755594.1|A/cattle/Texas/24-008749-003/2024(H5N1)	1611	481
PA|PP755594.1|A/cattle/Texas/24-008749-003/2024(H5N1)	1612	481
PA|PP755594.1|A/cattle/Texas/24-008749-003/2024(H5N1)	1613	484
PA|PP755594.1|A/cattle/Texas/24-008749-003/2024(H5N1)	1614	481
PA|PP755594.1|A/cattle/Texas/24-008749-003/2024(H5N1)	1615	480
PA|PP755594.1|A/cattle/Texas/24-008749-003/2024(H5N1)	1616	478
PA|PP755594.1|A/cattle/Texas/24-008749-003/2024(H5N1)	1617	481
PA|PP755594.1|A/cattle/Texas/24-008749-003/2024(H5N1)	1618	478
PA|PP755594.1|A/cattle/Texas/24-008749-003/2024(H5N1)	1619	478
PA|PP755594.1|A/cattle/Texas/24-008749-003/2024(H5N1)	1620	473
PA|PP755594.1|A/cattle/Texas/24-008749-003/2024(H5N1)	1621	467
PA|PP755594.1|A/cattle/Texas/24-008749-003/2024(H5N1)	1622	471
PA|PP755594.1|A/cattle/Texas/24-008749-003/2024(H5N1)	1623	468
PA|PP755594.1|A/cattle/Texas/24-008749-003/2024(H5N1)	1624	472
PA|PP755594.1|A/cattle/Texas/24-008749-003/2024(H5N1)	1625	470
PA|PP755594.1|A/cattle/Texas/24-008749-003/2024(H5N1)	1626	470
PA|PP755594.1|A/cattle/Texas/24-008749-003/2024(H5N1)	1627	469
PA|PP755594.1|A/cattle/Texas/24-008749-003/2024(H5N1)	1628	469
PA|PP755594.1|A/cattle/Texas/24-008749-003/2024(H5N1)	1629	469
PA|PP755594.1|A/cattle/Texas/24-008749-003/2024(H5N1)	1630	468
PA|PP755594.1|A/cattle/Texas/24-008749-003/2024(H5N1)	1631	476
PA|PP755594.1|A/cattle/Texas/24-008749-003/2024(H5N1)	1632	476
PA|PP755594.1|A/cattle/Texas/24-008749-003/2024(H5N1)	1633	475
PA|PP755594.1|A/cattle/Texas/24-008749-003/2024(H5N1)	1634	474
PA|PP755594.1|A/cattle/Texas/24-008749-003/2024(H5N1)	1635	471
PA|PP755594.1|A/cattle/Texas/24-008749-003/2024(H5N1)	1636	460
PA|PP755594.1|A/cattle/Texas/24-008749-003/2024(H5N1)	1637	462
PA|PP755594.1|A/cattle/Texas/24-008749-003/2024(H5N1)	1638	457
PA|PP755594.1|A/cattle/Texas/24-008749-003/2024(H5N1)	1639	460
PA|PP755594.1|A/cattle/Texas/24-008749-003/2024(H5N1)	1640	458
PA|PP755594.1|A/cattle/Texas/24-008749-003/2024(H5N1)	1641	454
PA|PP755594.1|A/cattle/Texas/24-008749-003/2024(H5N1)	1642	455
PA|PP755594.1|A/cattle/Texas/24-008749-003/2024(H5N1)	1643	437
PA|PP755594.1|A/cattle/Texas/24-008749-003/2024(H5N1)	1644	437
PA|PP755594.1|A/cattle/Texas/24-008749-003/2024(H5N1)	1645	441
PA|PP755594.1|A/cattle/Texas/24-008749-003/2024(H5N1)	1646	441
PA|PP755594.1|A/cattle/Texas/24-008749-003/2024(H5N1)	1647	447
PA|PP755594.1|A/cattle/Texas/24-008749-003/2024(H5N1)	1648	447
PA|PP755594.1|A/cattle/Texas/24-008749-003/2024(H5N1)	1649	446
PA|PP755594.1|A/cattle/Texas/24-008749-003/2024(H5N1)	1650	448
PA|PP755594.1|A/cattle/Texas/24-008749-003/2024(H5N1)	1651	444
PA|PP755594.1|A/cattle/Texas/24-008749-003/2024(H5N1)	1652	443
PA|PP755594.1|A/cattle/Texas/24-008749-003/2024(H5N1)	1653	429
PA|PP755594.1|A/cattle/Texas/24-008749-003/2024(H5N1)	1654	419
PA|PP755594.1|A/cattle/Texas/24-008749-003/2024(H5N1)	1655	413
PA|PP755594.1|A/cattle/Texas/24-008749-003/2024(H5N1)	1656	417
PA|PP755594.1|A/cattle/Texas/24-008749-003/2024(H5N1)	1657	422
PA|PP755594.1|A/cattle/Texas/24-008749-003/2024(H5N1)	1658	430
PA|PP755594.1|A/cattle/Texas/24-008749-003/2024(H5N1)	1659	429
PA|PP755594.1|A/cattle/Texas/24-008749-003/2024(H5N1)	1660	429
PA|PP755594.1|A/cattle/Texas/24-008749-003/2024(H5N1)	1661	416
PA|PP755594.1|A/cattle/Texas/24-008749-003/2024(H5N1)	1662	413
PA|PP755594.1|A/cattle/Texas/24-008749-003/2024(H5N1)	1663	412
PA|PP755594.1|A/cattle/Texas/24-008749-003/2024(H5N1)	1664	410
PA|PP755594.1|A/cattle/Texas/24-008749-003/2024(H5N1)	1665	412
PA|PP755594.1|A/cattle/Texas/24-008749-003/2024(H5N1)	1666	410
PA|PP755594.1|A/cattle/Texas/24-008749-003/2024(H5N1)	1667	408
PA|PP755594.1|A/cattle/Texas/24-008749-003/2024(H5N1)	1668	408
PA|PP755594.1|A/cattle/Texas/24-008749-003/2024(H5N1)	1669	406
PA|PP755594.1|A/cattle/Texas/24-008749-003/2024(H5N1)	1670	405
PA|PP755594.1|A/cattle/Texas/24-008749-003/2024(H5N1)	1671	405
PA|PP755594.1|A/cattle/Texas/24-008749-003/2024(H5N1)	1672	403
PA|PP755594.1|A/cattle/Texas/24-008749-003/2024(H5N1)	1673	401
PA|PP755594.1|A/cattle/Texas/24-008749-003/2024(H5N1)	1674	408
PA|PP755594.1|A/cattle/Texas/24-008749-003/2024(H5N1)	1675	409
PA|PP755594.1|A/cattle/Texas/24-008749-003/2024(H5N1)	1676	409
PA|PP755594.1|A/cattle/Texas/24-008749-003/2024(H5N1)	1677	411
PA|PP755594.1|A/cattle/Texas/24-008749-003/2024(H5N1)	1678	408
PA|PP755594.1|A/cattle/Texas/24-008749-003/2024(H5N1)	1679	410
PA|PP755594.1|A/cattle/Texas/24-008749-003/2024(H5N1)	1680	410
PA|PP755594.1|A/cattle/Texas/24-008749-003/2024(H5N1)	1681	415
PA|PP755594.1|A/cattle/Texas/24-008749-003/2024(H5N1)	1682	418
PA|PP755594.1|A/cattle/Texas/24-008749-003/2024(H5N1)	1683	420
PA|PP755594.1|A/cattle/Texas/24-008749-003/2024(H5N1)	1684	422
PA|PP755594.1|A/cattle/Texas/24-008749-003/2024(H5N1)	1685	422
PA|PP755594.1|A/cattle/Texas/24-008749-003/2024(H5N1)	1686	424
PA|PP755594.1|A/cattle/Texas/24-008749-003/2024(H5N1)	1687	427
PA|PP755594.1|A/cattle/Texas/24-008749-003/2024(H5N1)	1688	429
PA|PP755594.1|A/cattle/Texas/24-008749-003/2024(H5N1)	1689	433
PA|PP755594.1|A/cattle/Texas/24-008749-003/2024(H5N1)	1690	432
PA|PP755594.1|A/cattle/Texas/24-008749-003/2024(H5N1)	1691	435
PA|PP755594.1|A/cattle/Texas/24-008749-003/2024(H5N1)	1692	430
PA|PP755594.1|A/cattle/Texas/24-008749-003/2024(H5N1)	1693	436
PA|PP755594.1|A/cattle/Texas/24-008749-003/2024(H5N1)	1694	437
PA|PP755594.1|A/cattle/Texas/24-008749-003/2024(H5N1)	1695	449
PA|PP755594.1|A/cattle/Texas/24-008749-003/2024(H5N1)	1696	451
PA|PP755594.1|A/cattle/Texas/24-008749-003/2024(H5N1)	1697	452
PA|PP755594.1|A/cattle/Texas/24-008749-003/2024(H5N1)	1698	449
PA|PP755594.1|A/cattle/Texas/24-008749-003/2024(H5N1)	1699	448
PA|PP755594.1|A/cattle/Texas/24-008749-003/2024(H5N1)	1700	451
PA|PP755594.1|A/cattle/Texas/24-008749-003/2024(H5N1)	1701	458
PA|PP755594.1|A/cattle/Texas/24-008749-003/2024(H5N1)	1702	460
PA|PP755594.1|A/cattle/Texas/24-008749-003/2024(H5N1)	1703	460
PA|PP755594.1|A/cattle/Texas/24-008749-003/2024(H5N1)	1704	460
PA|PP755594.1|A/cattle/Texas/24-008749-003/2024(H5N1)	1705	460
PA|PP755594.1|A/cattle/Texas/24-008749-003/2024(H5N1)	1706	460
PA|PP755594.1|A/cattle/Texas/24-008749-003/2024(H5N1)	1707	456
PA|PP755594.1|A/cattle/Texas/24-008749-003/2024(H5N1)	1708	462
PA|PP755594.1|A/cattle/Texas/24-008749-003/2024(H5N1)	1709	455
PA|PP755594.1|A/cattle/Texas/24-008749-003/2024(H5N1)	1710	461
PA|PP755594.1|A/cattle/Texas/24-008749-003/2024(H5N1)	1711	466
PA|PP755594.1|A/cattle/Texas/24-008749-003/2024(H5N1)	1712	463
PA|PP755594.1|A/cattle/Texas/24-008749-003/2024(H5N1)	1713	463
PA|PP755594.1|A/cattle/Texas/24-008749-003/2024(H5N1)	1714	463
PA|PP755594.1|A/cattle/Texas/24-008749-003/2024(H5N1)	1715	468
PA|PP755594.1|A/cattle/Texas/24-008749-003/2024(H5N1)	1716	468
PA|PP755594.1|A/cattle/Texas/24-008749-003/2024(H5N1)	1717	470
PA|PP755594.1|A/cattle/Texas/24-008749-003/2024(H5N1)	1718	468
PA|PP755594.1|A/cattle/Texas/24-008749-003/2024(H5N1)	1719	476
PA|PP755594.1|A/cattle/Texas/24-008749-003/2024(H5N1)	1720	477
PA|PP755594.1|A/cattle/Texas/24-008749-003/2024(H5N1)	1721	481
PA|PP755594.1|A/cattle/Texas/24-008749-003/2024(H5N1)	1722	482
PA|PP755594.1|A/cattle/Texas/24-008749-003/2024(H5N1)	1723	483
PA|PP755594.1|A/cattle/Texas/24-008749-003/2024(H5N1)	1724	488
PA|PP755594.1|A/cattle/Texas/24-008749-003/2024(H5N1)	1725	485
PA|PP755594.1|A/cattle/Texas/24-008749-003/2024(H5N1)	1726	485
PA|PP755594.1|A/cattle/Texas/24-008749-003/2024(H5N1)	1727	484
PA|PP755594.1|A/cattle/Texas/24-008749-003/2024(H5N1)	1728	485
PA|PP755594.1|A/cattle/Texas/24-008749-003/2024(H5N1)	1729	489
PA|PP755594.1|A/cattle/Texas/24-008749-003/2024(H5N1)	1730	489
PA|PP755594.1|A/cattle/Texas/24-008749-003/2024(H5N1)	1731	498
PA|PP755594.1|A/cattle/Texas/24-008749-003/2024(H5N1)	1732	500
PA|PP755594.1|A/cattle/Texas/24-008749-003/2024(H5N1)	1733	503
PA|PP755594.1|A/cattle/Texas/24-008749-003/2024(H5N1)	1734	507
PA|PP755594.1|A/cattle/Texas/24-008749-003/2024(H5N1)	1735	508
PA|PP755594.1|A/cattle/Texas/24-008749-003/2024(H5N1)	1736	508
PA|PP755594.1|A/cattle/Texas/24-008749-003/2024(H5N1)	1737	509
PA|PP755594.1|A/cattle/Texas/24-008749-003/2024(H5N1)	1738	511
PA|PP755594.1|A/cattle/Texas/24-008749-003/2024(H5N1)	1739	511
PA|PP755594.1|A/cattle/Texas/24-008749-003/2024(H5N1)	1740	512
PA|PP755594.1|A/cattle/Texas/24-008749-003/2024(H5N1)	1741	510
PA|PP755594.1|A/cattle/Texas/24-008749-003/2024(H5N1)	1742	507
PA|PP755594.1|A/cattle/Texas/24-008749-003/2024(H5N1)	1743	512
PA|PP755594.1|A/cattle/Texas/24-008749-003/2024(H5N1)	1744	518
PA|PP755594.1|A/cattle/Texas/24-008749-003/2024(H5N1)	1745	519
PA|PP755594.1|A/cattle/Texas/24-008749-003/2024(H5N1)	1746	518
PA|PP755594.1|A/cattle/Texas/24-008749-003/2024(H5N1)	1747	519
PA|PP755594.1|A/cattle/Texas/24-008749-003/2024(H5N1)	1748	525
PA|PP755594.1|A/cattle/Texas/24-008749-003/2024(H5N1)	1749	532
PA|PP755594.1|A/cattle/Texas/24-008749-003/2024(H5N1)	1750	532
PA|PP755594.1|A/cattle/Texas/24-008749-003/2024(H5N1)	1751	534
PA|PP755594.1|A/cattle/Texas/24-008749-003/2024(H5N1)	1752	533
PA|PP755594.1|A/cattle/Texas/24-008749-003/2024(H5N1)	1753	533
PA|PP755594.1|A/cattle/Texas/24-008749-003/2024(H5N1)	1754	531
PA|PP755594.1|A/cattle/Texas/24-008749-003/2024(H5N1)	1755	536
PA|PP755594.1|A/cattle/Texas/24-008749-003/2024(H5N1)	1756	543
PA|PP755594.1|A/cattle/Texas/24-008749-003/2024(H5N1)	1757	542
PA|PP755594.1|A/cattle/Texas/24-008749-003/2024(H5N1)	1758	545
PA|PP755594.1|A/cattle/Texas/24-008749-003/2024(H5N1)	1759	546
PA|PP755594.1|A/cattle/Texas/24-008749-003/2024(H5N1)	1760	535
PA|PP755594.1|A/cattle/Texas/24-008749-003/2024(H5N1)	1761	534
PA|PP755594.1|A/cattle/Texas/24-008749-003/2024(H5N1)	1762	534
PA|PP755594.1|A/cattle/Texas/24-008749-003/2024(H5N1)	1763	537
PA|PP755594.1|A/cattle/Texas/24-008749-003/2024(H5N1)	1764	538
PA|PP755594.1|A/cattle/Texas/24-008749-003/2024(H5N1)	1765	534
PA|PP755594.1|A/cattle/Texas/24-008749-003/2024(H5N1)	1766	534
PA|PP755594.1|A/cattle/Texas/24-008749-003/2024(H5N1)	1767	573
PA|PP755594.1|A/cattle/Texas/24-008749-003/2024(H5N1)	1768	569
PA|PP755594.1|A/cattle/Texas/24-008749-003/2024(H5N1)	1769	575
PA|PP755594.1|A/cattle/Texas/24-008749-003/2024(H5N1)	1770	574
PA|PP755594.1|A/cattle/Texas/24-008749-003/2024(H5N1)	1771	573
PA|PP755594.1|A/cattle/Texas/24-008749-003/2024(H5N1)	1772	583
PA|PP755594.1|A/cattle/Texas/24-008749-003/2024(H5N1)	1773	584
PA|PP755594.1|A/cattle/Texas/24-008749-003/2024(H5N1)	1774	584
PA|PP755594.1|A/cattle/Texas/24-008749-003/2024(H5N1)	1775	586
PA|PP755594.1|A/cattle/Texas/24-008749-003/2024(H5N1)	1776	595
PA|PP755594.1|A/cattle/Texas/24-008749-003/2024(H5N1)	1777	600
PA|PP755594.1|A/cattle/Texas/24-008749-003/2024(H5N1)	1778	599
PA|PP755594.1|A/cattle/Texas/24-008749-003/2024(H5N1)	1779	607
PA|PP755594.1|A/cattle/Texas/24-008749-003/2024(H5N1)	1780	603
PA|PP755594.1|A/cattle/Texas/24-008749-003/2024(H5N1)	1781	605
PA|PP755594.1|A/cattle/Texas/24-008749-003/2024(H5N1)	1782	609
PA|PP755594.1|A/cattle/Texas/24-008749-003/2024(H5N1)	1783	610
PA|PP755594.1|A/cattle/Texas/24-008749-003/2024(H5N1)	1784	607
PA|PP755594.1|A/cattle/Texas/24-008749-003/2024(H5N1)	1785	613
PA|PP755594.1|A/cattle/Texas/24-008749-003/2024(H5N1)	1786	613
PA|PP755594.1|A/cattle/Texas/24-008749-003/2024(H5N1)	1787	617
PA|PP755594.1|A/cattle/Texas/24-008749-003/2024(H5N1)	1788	617
PA|PP755594.1|A/cattle/Texas/24-008749-003/2024(H5N1)	1789	625
PA|PP755594.1|A/cattle/Texas/24-008749-003/2024(H5N1)	1790	633
PA|PP755594.1|A/cattle/Texas/24-008749-003/2024(H5N1)	1791	633
PA|PP755594.1|A/cattle/Texas/24-008749-003/2024(H5N1)	1792	638
PA|PP755594.1|A/cattle/Texas/24-008749-003/2024(H5N1)	1793	639
PA|PP755594.1|A/cattle/Texas/24-008749-003/2024(H5N1)	1794	638
PA|PP755594.1|A/cattle/Texas/24-008749-003/2024(H5N1)	1795	656
PA|PP755594.1|A/cattle/Texas/24-008749-003/2024(H5N1)	1796	707
PA|PP755594.1|A/cattle/Texas/24-008749-003/2024(H5N1)	1797	709
PA|PP755594.1|A/cattle/Texas/24-008749-003/2024(H5N1)	1798	709
PA|PP755594.1|A/cattle/Texas/24-008749-003/2024(H5N1)	1799	706
PA|PP755594.1|A/cattle/Texas/24-008749-003/2024(H5N1)	1800	704
PA|PP755594.1|A/cattle/Texas/24-008749-003/2024(H5N1)	1801	712
PA|PP755594.1|A/cattle/Texas/24-008749-003/2024(H5N1)	1802	706
PA|PP755594.1|A/cattle/Texas/24-008749-003/2024(H5N1)	1803	717
PA|PP755594.1|A/cattle/Texas/24-008749-003/2024(H5N1)	1804	727
PA|PP755594.1|A/cattle/Texas/24-008749-003/2024(H5N1)	1805	735
PA|PP755594.1|A/cattle/Texas/24-008749-003/2024(H5N1)	1806	740
PA|PP755594.1|A/cattle/Texas/24-008749-003/2024(H5N1)	1807	746
PA|PP755594.1|A/cattle/Texas/24-008749-003/2024(H5N1)	1808	745
PA|PP755594.1|A/cattle/Texas/24-008749-003/2024(H5N1)	1809	744
PA|PP755594.1|A/cattle/Texas/24-008749-003/2024(H5N1)	1810	750
PA|PP755594.1|A/cattle/Texas/24-008749-003/2024(H5N1)	1811	751
PA|PP755594.1|A/cattle/Texas/24-008749-003/2024(H5N1)	1812	765
PA|PP755594.1|A/cattle/Texas/24-008749-003/2024(H5N1)	1813	783
PA|PP755594.1|A/cattle/Texas/24-008749-003/2024(H5N1)	1814	783
PA|PP755594.1|A/cattle/Texas/24-008749-003/2024(H5N1)	1815	788
PA|PP755594.1|A/cattle/Texas/24-008749-003/2024(H5N1)	1816	797
PA|PP755594.1|A/cattle/Texas/24-008749-003/2024(H5N1)	1817	825
PA|PP755594.1|A/cattle/Texas/24-008749-003/2024(H5N1)	1818	831
PA|PP755594.1|A/cattle/Texas/24-008749-003/2024(H5N1)	1819	832
PA|PP755594.1|A/cattle/Texas/24-008749-003/2024(H5N1)	1820	834
PA|PP755594.1|A/cattle/Texas/24-008749-003/2024(H5N1)	1821	838
PA|PP755594.1|A/cattle/Texas/24-008749-003/2024(H5N1)	1822	844
PA|PP755594.1|A/cattle/Texas/24-008749-003/2024(H5N1)	1823	891
PA|PP755594.1|A/cattle/Texas/24-008749-003/2024(H5N1)	1824	894
PA|PP755594.1|A/cattle/Texas/24-008749-003/2024(H5N1)	1825	899
PA|PP755594.1|A/cattle/Texas/24-008749-003/2024(H5N1)	1826	888
PA|PP755594.1|A/cattle/Texas/24-008749-003/2024(H5N1)	1827	888
PA|PP755594.1|A/cattle/Texas/24-008749-003/2024(H5N1)	1828	907
PA|PP755594.1|A/cattle/Texas/24-008749-003/2024(H5N1)	1829	907
PA|PP755594.1|A/cattle/Texas/24-008749-003/2024(H5N1)	1830	906
PA|PP755594.1|A/cattle/Texas/24-008749-003/2024(H5N1)	1831	903
PA|PP755594.1|A/cattle/Texas/24-008749-003/2024(H5N1)	1832	901
PA|PP755594.1|A/cattle/Texas/24-008749-003/2024(H5N1)	1833	917
PA|PP755594.1|A/cattle/Texas/24-008749-003/2024(H5N1)	1834	915
PA|PP755594.1|A/cattle/Texas/24-008749-003/2024(H5N1)	1835	919
PA|PP755594.1|A/cattle/Texas/24-008749-003/2024(H5N1)	1836	919
PA|PP755594.1|A/cattle/Texas/24-008749-003/2024(H5N1)	1837	918
PA|PP755594.1|A/cattle/Texas/24-008749-003/2024(H5N1)	1838	928
PA|PP755594.1|A/cattle/Texas/24-008749-003/2024(H5N1)	1839	936
PA|PP755594.1|A/cattle/Texas/24-008749-003/2024(H5N1)	1840	948
PA|PP755594.1|A/cattle/Texas/24-008749-003/2024(H5N1)	1841	951
PA|PP755594.1|A/cattle/Texas/24-008749-003/2024(H5N1)	1842	951
PA|PP755594.1|A/cattle/Texas/24-008749-003/2024(H5N1)	1843	938
PA|PP755594.1|A/cattle/Texas/24-008749-003/2024(H5N1)	1844	942
PA|PP755594.1|A/cattle/Texas/24-008749-003/2024(H5N1)	1845	943
PA|PP755594.1|A/cattle/Texas/24-008749-003/2024(H5N1)	1846	946
PA|PP755594.1|A/cattle/Texas/24-008749-003/2024(H5N1)	1847	947
PA|PP755594.1|A/cattle/Texas/24-008749-003/2024(H5N1)	1848	949
PA|PP755594.1|A/cattle/Texas/24-008749-003/2024(H5N1)	1849	960
PA|PP755594.1|A/cattle/Texas/24-008749-003/2024(H5N1)	1850	980
PA|PP755594.1|A/cattle/Texas/24-008749-003/2024(H5N1)	1851	985
PA|PP755594.1|A/cattle/Texas/24-008749-003/2024(H5N1)	1852	985
PA|PP755594.1|A/cattle/Texas/24-008749-003/2024(H5N1)	1853	981
PA|PP755594.1|A/cattle/Texas/24-008749-003/2024(H5N1)	1854	985
PA|PP755594.1|A/cattle/Texas/24-008749-003/2024(H5N1)	1855	975
PA|PP755594.1|A/cattle/Texas/24-008749-003/2024(H5N1)	1856	971
PA|PP755594.1|A/cattle/Texas/24-008749-003/2024(H5N1)	1857	987
PA|PP755594.1|A/cattle/Texas/24-008749-003/2024(H5N1)	1858	987
PA|PP755594.1|A/cattle/Texas/24-008749-003/2024(H5N1)	1859	991
PA|PP755594.1|A/cattle/Texas/24-008749-003/2024(H5N1)	1860	992
PA|PP755594.1|A/cattle/Texas/24-008749-003/2024(H5N1)	1861	997
PA|PP755594.1|A/cattle/Texas/24-008749-003/2024(H5N1)	1862	994
PA|PP755594.1|A/cattle/Texas/24-008749-003/2024(H5N1)	1863	1002
PA|PP755594.1|A/cattle/Texas/24-008749-003/2024(H5N1)	1864	1010
PA|PP755594.1|A/cattle/Texas/24-008749-003/2024(H5N1)	1865	1022
PA|PP755594.1|A/cattle/Texas/24-008749-003/2024(H5N1)	1866	1038
PA|PP755594.1|A/cattle/Texas/24-008749-003/2024(H5N1)	1867	1050
PA|PP755594.1|A/cattle/Texas/24-008749-003/2024(H5N1)	1868	1090
PA|PP755594.1|A/cattle/Texas/24-008749-003/2024(H5N1)	1869	1089
PA|PP755594.1|A/cattle/Texas/24-008749-003/2024(H5N1)	1870	1097
PA|PP755594.1|A/cattle/Texas/24-008749-003/2024(H5N1)	1871	1107
PA|PP755594.1|A/cattle/Texas/24-008749-003/2024(H5N1)	1872	1108
PA|PP755594.1|A/cattle/Texas/24-008749-003/2024(H5N1)	1873	1113
PA|PP755594.1|A/cattle/Texas/24-008749-003/2024(H5N1)	1874	1113
PA|PP755594.1|A/cattle/Texas/24-008749-003/2024(H5N1)	1875	1116
PA|PP755594.1|A/cattle/Texas/24-008749-003/2024(H5N1)	1876	1114
PA|PP755594.1|A/cattle/Texas/24-008749-003/2024(H5N1)	1877	1127
PA|PP755594.1|A/cattle/Texas/24-008749-003/2024(H5N1)	1878	1170
PA|PP755594.1|A/cattle/Texas/24-008749-003/2024(H5N1)	1879	1235
PA|PP755594.1|A/cattle/Texas/24-008749-003/2024(H5N1)	1880	1250
PA|PP755594.1|A/cattle/Texas/24-008749-003/2024(H5N1)	1881	1246
PA|PP755594.1|A/cattle/Texas/24-008749-003/2024(H5N1)	1882	1248
PA|PP755594.1|A/cattle/Texas/24-008749-003/2024(H5N1)	1883	1245
PA|PP755594.1|A/cattle/Texas/24-008749-003/2024(H5N1)	1884	1242
PA|PP755594.1|A/cattle/Texas/24-008749-003/2024(H5N1)	1885	1258
PA|PP755594.1|A/cattle/Texas/24-008749-003/2024(H5N1)	1886	1260
PA|PP755594.1|A/cattle/Texas/24-008749-003/2024(H5N1)	1887	1267
PA|PP755594.1|A/cattle/Texas/24-008749-003/2024(H5N1)	1888	1279
PA|PP755594.1|A/cattle/Texas/24-008749-003/2024(H5N1)	1889	1289
PA|PP755594.1|A/cattle/Texas/24-008749-003/2024(H5N1)	1890	1282
PA|PP755594.1|A/cattle/Texas/24-008749-003/2024(H5N1)	1891	1295
PA|PP755594.1|A/cattle/Texas/24-008749-003/2024(H5N1)	1892	1322
PA|PP755594.1|A/cattle/Texas/24-008749-003/2024(H5N1)	1893	1364
PA|PP755594.1|A/cattle/Texas/24-008749-003/2024(H5N1)	1894	1361
PA|PP755594.1|A/cattle/Texas/24-008749-003/2024(H5N1)	1895	1367
PA|PP755594.1|A/cattle/Texas/24-008749-003/2024(H5N1)	1896	1380
PA|PP755594.1|A/cattle/Texas/24-008749-003/2024(H5N1)	1897	1396
PA|PP755594.1|A/cattle/Texas/24-008749-003/2024(H5N1)	1898	1403
PA|PP755594.1|A/cattle/Texas/24-008749-003/2024(H5N1)	1899	1449
PA|PP755594.1|A/cattle/Texas/24-008749-003/2024(H5N1)	1900	1487
PA|PP755594.1|A/cattle/Texas/24-008749-003/2024(H5N1)	1901	1542
PA|PP755594.1|A/cattle/Texas/24-008749-003/2024(H5N1)	1902	1640
PA|PP755594.1|A/cattle/Texas/24-008749-003/2024(H5N1)	1903	1721
PA|PP755594.1|A/cattle/Texas/24-008749-003/2024(H5N1)	1904	1733
PA|PP755594.1|A/cattle/Texas/24-008749-003/2024(H5N1)	1905	1734
PA|PP755594.1|A/cattle/Texas/24-008749-003/2024(H5N1)	1906	1749
PA|PP755594.1|A/cattle/Texas/24-008749-003/2024(H5N1)	1907	1781
PA|PP755594.1|A/cattle/Texas/24-008749-003/2024(H5N1)	1908	1804
PA|PP755594.1|A/cattle/Texas/24-008749-003/2024(H5N1)	1909	1831
PA|PP755594.1|A/cattle/Texas/24-008749-003/2024(H5N1)	1910	1847
PA|PP755594.1|A/cattle/Texas/24-008749-003/2024(H5N1)	1911	1846
PA|PP755594.1|A/cattle/Texas/24-008749-003/2024(H5N1)	1912	1855
PA|PP755594.1|A/cattle/Texas/24-008749-003/2024(H5N1)	1913	2179
PA|PP755594.1|A/cattle/Texas/24-008749-003/2024(H5N1)	1914	2320
PA|PP755594.1|A/cattle/Texas/24-008749-003/2024(H5N1)	1915	2402
PA|PP755594.1|A/cattle/Texas/24-008749-003/2024(H5N1)	1916	2441
PA|PP755594.1|A/cattle/Texas/24-008749-003/2024(H5N1)	1917	2468
PA|PP755594.1|A/cattle/Texas/24-008749-003/2024(H5N1)	1918	2509
PA|PP755594.1|A/cattle/Texas/24-008749-003/2024(H5N1)	1919	2563
PA|PP755594.1|A/cattle/Texas/24-008749-003/2024(H5N1)	1920	2571
PA|PP755594.1|A/cattle/Texas/24-008749-003/2024(H5N1)	1921	2584
PA|PP755594.1|A/cattle/Texas/24-008749-003/2024(H5N1)	1922	2598
PA|PP755594.1|A/cattle/Texas/24-008749-003/2024(H5N1)	1923	2619
PA|PP755594.1|A/cattle/Texas/24-008749-003/2024(H5N1)	1924	2656
PA|PP755594.1|A/cattle/Texas/24-008749-003/2024(H5N1)	1925	2721
PA|PP755594.1|A/cattle/Texas/24-008749-003/2024(H5N1)	1926	2735
PA|PP755594.1|A/cattle/Texas/24-008749-003/2024(H5N1)	1927	2752
PA|PP755594.1|A/cattle/Texas/24-008749-003/2024(H5N1)	1928	2770
PA|PP755594.1|A/cattle/Texas/24-008749-003/2024(H5N1)	1929	2813
PA|PP755594.1|A/cattle/Texas/24-008749-003/2024(H5N1)	1930	2903
PA|PP755594.1|A/cattle/Texas/24-008749-003/2024(H5N1)	1931	2904
PA|PP755594.1|A/cattle/Texas/24-008749-003/2024(H5N1)	1932	3046
PA|PP755594.1|A/cattle/Texas/24-008749-003/2024(H5N1)	1933	3072
PA|PP755594.1|A/cattle/Texas/24-008749-003/2024(H5N1)	1934	3151
PA|PP755594.1|A/cattle/Texas/24-008749-003/2024(H5N1)	1935	3163
PA|PP755594.1|A/cattle/Texas/24-008749-003/2024(H5N1)	1936	3180
PA|PP755594.1|A/cattle/Texas/24-008749-003/2024(H5N1)	1937	3204
PA|PP755594.1|A/cattle/Texas/24-008749-003/2024(H5N1)	1938	3213
PA|PP755594.1|A/cattle/Texas/24-008749-003/2024(H5N1)	1939	3211
PA|PP755594.1|A/cattle/Texas/24-008749-003/2024(H5N1)	1940	3204
PA|PP755594.1|A/cattle/Texas/24-008749-003/2024(H5N1)	1941	3201
PA|PP755594.1|A/cattle/Texas/24-008749-003/2024(H5N1)	1942	3229
PA|PP755594.1|A/cattle/Texas/24-008749-003/2024(H5N1)	1943	3310
PA|PP755594.1|A/cattle/Texas/24-008749-003/2024(H5N1)	1944	3444
PA|PP755594.1|A/cattle/Texas/24-008749-003/2024(H5N1)	1945	3450
PA|PP755594.1|A/cattle/Texas/24-008749-003/2024(H5N1)	1946	3448
PA|PP755594.1|A/cattle/Texas/24-008749-003/2024(H5N1)	1947	3503
PA|PP755594.1|A/cattle/Texas/24-008749-003/2024(H5N1)	1948	3520
PA|PP755594.1|A/cattle/Texas/24-008749-003/2024(H5N1)	1949	3572
PA|PP755594.1|A/cattle/Texas/24-008749-003/2024(H5N1)	1950	3600
PA|PP755594.1|A/cattle/Texas/24-008749-003/2024(H5N1)	1951	3617
PA|PP755594.1|A/cattle/Texas/24-008749-003/2024(H5N1)	1952	3772
PA|PP755594.1|A/cattle/Texas/24-008749-003/2024(H5N1)	1953	3775
PA|PP755594.1|A/cattle/Texas/24-008749-003/2024(H5N1)	1954	3651
PA|PP755594.1|A/cattle/Texas/24-008749-003/2024(H5N1)	1955	3647
PA|PP755594.1|A/cattle/Texas/24-008749-003/2024(H5N1)	1956	3604
PA|PP755594.1|A/cattle/Texas/24-008749-003/2024(H5N1)	1957	3616
PA|PP755594.1|A/cattle/Texas/24-008749-003/2024(H5N1)	1958	3719
PA|PP755594.1|A/cattle/Texas/24-008749-003/2024(H5N1)	1959	3725
PA|PP755594.1|A/cattle/Texas/24-008749-003/2024(H5N1)	1960	3817
PA|PP755594.1|A/cattle/Texas/24-008749-003/2024(H5N1)	1961	3799
PA|PP755594.1|A/cattle/Texas/24-008749-003/2024(H5N1)	1962	3792
PA|PP755594.1|A/cattle/Texas/24-008749-003/2024(H5N1)	1963	3793
PA|PP755594.1|A/cattle/Texas/24-008749-003/2024(H5N1)	1964	3797
PA|PP755594.1|A/cattle/Texas/24-008749-003/2024(H5N1)	1965	3792
PA|PP755594.1|A/cattle/Texas/24-008749-003/2024(H5N1)	1966	3781
PA|PP755594.1|A/cattle/Texas/24-008749-003/2024(H5N1)	1967	3802
PA|PP755594.1|A/cattle/Texas/24-008749-003/2024(H5N1)	1968	3810
PA|PP755594.1|A/cattle/Texas/24-008749-003/2024(H5N1)	1969	3977
PA|PP755594.1|A/cattle/Texas/24-008749-003/2024(H5N1)	1970	3992
PA|PP755594.1|A/cattle/Texas/24-008749-003/2024(H5N1)	1971	4086
PA|PP755594.1|A/cattle/Texas/24-008749-003/2024(H5N1)	1972	4047
PA|PP755594.1|A/cattle/Texas/24-008749-003/2024(H5N1)	1973	4051
PA|PP755594.1|A/cattle/Texas/24-008749-003/2024(H5N1)	1974	4045
PA|PP755594.1|A/cattle/Texas/24-008749-003/2024(H5N1)	1975	4048
PA|PP755594.1|A/cattle/Texas/24-008749-003/2024(H5N1)	1976	4053
PA|PP755594.1|A/cattle/Texas/24-008749-003/2024(H5N1)	1977	3990
PA|PP755594.1|A/cattle/Texas/24-008749-003/2024(H5N1)	1978	3989
PA|PP755594.1|A/cattle/Texas/24-008749-003/2024(H5N1)	1979	3969
PA|PP755594.1|A/cattle/Texas/24-008749-003/2024(H5N1)	1980	3949
PA|PP755594.1|A/cattle/Texas/24-008749-003/2024(H5N1)	1981	3960
PA|PP755594.1|A/cattle/Texas/24-008749-003/2024(H5N1)	1982	3961
PA|PP755594.1|A/cattle/Texas/24-008749-003/2024(H5N1)	1983	3970
PA|PP755594.1|A/cattle/Texas/24-008749-003/2024(H5N1)	1984	3965
PA|PP755594.1|A/cattle/Texas/24-008749-003/2024(H5N1)	1985	3957
PA|PP755594.1|A/cattle/Texas/24-008749-003/2024(H5N1)	1986	3954
PA|PP755594.1|A/cattle/Texas/24-008749-003/2024(H5N1)	1987	4019
PA|PP755594.1|A/cattle/Texas/24-008749-003/2024(H5N1)	1988	4026
PA|PP755594.1|A/cattle/Texas/24-008749-003/2024(H5N1)	1989	4033
PA|PP755594.1|A/cattle/Texas/24-008749-003/2024(H5N1)	1990	4020
PA|PP755594.1|A/cattle/Texas/24-008749-003/2024(H5N1)	1991	4020
PA|PP755594.1|A/cattle/Texas/24-008749-003/2024(H5N1)	1992	4022
PA|PP755594.1|A/cattle/Texas/24-008749-003/2024(H5N1)	1993	4013
PA|PP755594.1|A/cattle/Texas/24-008749-003/2024(H5N1)	1994	4002
PA|PP755594.1|A/cattle/Texas/24-008749-003/2024(H5N1)	1995	4037
PA|PP755594.1|A/cattle/Texas/24-008749-003/2024(H5N1)	1996	4027
PA|PP755594.1|A/cattle/Texas/24-008749-003/2024(H5N1)	1997	4022
PA|PP755594.1|A/cattle/Texas/24-008749-003/2024(H5N1)	1998	4022
PA|PP755594.1|A/cattle/Texas/24-008749-003/2024(H5N1)	1999	3997
PA|PP755594.1|A/cattle/Texas/24-008749-003/2024(H5N1)	2000	4007
PA|PP755594.1|A/cattle/Texas/24-008749-003/2024(H5N1)	2001	4000
PA|PP755594.1|A/cattle/Texas/24-008749-003/2024(H5N1)	2002	4000
PA|PP755594.1|A/cattle/Texas/24-008749-003/2024(H5N1)	2003	3995
PA|PP755594.1|A/cattle/Texas/24-008749-003/2024(H5N1)	2004	3974
PA|PP755594.1|A/cattle/Texas/24-008749-003/2024(H5N1)	2005	3995
PA|PP755594.1|A/cattle/Texas/24-008749-003/2024(H5N1)	2006	3971
PA|PP755594.1|A/cattle/Texas/24-008749-003/2024(H5N1)	2007	3952
PA|PP755594.1|A/cattle/Texas/24-008749-003/2024(H5N1)	2008	3950
PA|PP755594.1|A/cattle/Texas/24-008749-003/2024(H5N1)	2009	3906
PA|PP755594.1|A/cattle/Texas/24-008749-003/2024(H5N1)	2010	3911
PA|PP755594.1|A/cattle/Texas/24-008749-003/2024(H5N1)	2011	3905
PA|PP755594.1|A/cattle/Texas/24-008749-003/2024(H5N1)	2012	3882
PA|PP755594.1|A/cattle/Texas/24-008749-003/2024(H5N1)	2013	3875
PA|PP755594.1|A/cattle/Texas/24-008749-003/2024(H5N1)	2014	3894
PA|PP755594.1|A/cattle/Texas/24-008749-003/2024(H5N1)	2015	3856
PA|PP755594.1|A/cattle/Texas/24-008749-003/2024(H5N1)	2016	3864
PA|PP755594.1|A/cattle/Texas/24-008749-003/2024(H5N1)	2017	3856
PA|PP755594.1|A/cattle/Texas/24-008749-003/2024(H5N1)	2018	3851
PA|PP755594.1|A/cattle/Texas/24-008749-003/2024(H5N1)	2019	3832
PA|PP755594.1|A/cattle/Texas/24-008749-003/2024(H5N1)	2020	3819
PA|PP755594.1|A/cattle/Texas/24-008749-003/2024(H5N1)	2021	3799
PA|PP755594.1|A/cattle/Texas/24-008749-003/2024(H5N1)	2022	3785
PA|PP755594.1|A/cattle/Texas/24-008749-003/2024(H5N1)	2023	3703
PA|PP755594.1|A/cattle/Texas/24-008749-003/2024(H5N1)	2024	3715
PA|PP755594.1|A/cattle/Texas/24-008749-003/2024(H5N1)	2025	3708
PA|PP755594.1|A/cattle/Texas/24-008749-003/2024(H5N1)	2026	3681
PA|PP755594.1|A/cattle/Texas/24-008749-003/2024(H5N1)	2027	3676
PA|PP755594.1|A/cattle/Texas/24-008749-003/2024(H5N1)	2028	3674
PA|PP755594.1|A/cattle/Texas/24-008749-003/2024(H5N1)	2029	3672
PA|PP755594.1|A/cattle/Texas/24-008749-003/2024(H5N1)	2030	3673
PA|PP755594.1|A/cattle/Texas/24-008749-003/2024(H5N1)	2031	3663
PA|PP755594.1|A/cattle/Texas/24-008749-003/2024(H5N1)	2032	3652
PA|PP755594.1|A/cattle/Texas/24-008749-003/2024(H5N1)	2033	3609
PA|PP755594.1|A/cattle/Texas/24-008749-003/2024(H5N1)	2034	3596
PA|PP755594.1|A/cattle/Texas/24-008749-003/2024(H5N1)	2035	3599
PA|PP755594.1|A/cattle/Texas/24-008749-003/2024(H5N1)	2036	3600
PA|PP755594.1|A/cattle/Texas/24-008749-003/2024(H5N1)	2037	3593
PA|PP755594.1|A/cattle/Texas/24-008749-003/2024(H5N1)	2038	3589
PA|PP755594.1|A/cattle/Texas/24-008749-003/2024(H5N1)	2039	3573
PA|PP755594.1|A/cattle/Texas/24-008749-003/2024(H5N1)	2040	3552
PA|PP755594.1|A/cattle/Texas/24-008749-003/2024(H5N1)	2041	3542
PA|PP755594.1|A/cattle/Texas/24-008749-003/2024(H5N1)	2042	3543
PA|PP755594.1|A/cattle/Texas/24-008749-003/2024(H5N1)	2043	3527
PA|PP755594.1|A/cattle/Texas/24-008749-003/2024(H5N1)	2044	3489
PA|PP755594.1|A/cattle/Texas/24-008749-003/2024(H5N1)	2045	3534
PA|PP755594.1|A/cattle/Texas/24-008749-003/2024(H5N1)	2046	3531
PA|PP755594.1|A/cattle/Texas/24-008749-003/2024(H5N1)	2047	3521
PA|PP755594.1|A/cattle/Texas/24-008749-003/2024(H5N1)	2048	3502
PA|PP755594.1|A/cattle/Texas/24-008749-003/2024(H5N1)	2049	3484
PA|PP755594.1|A/cattle/Texas/24-008749-003/2024(H5N1)	2050	3473
PA|PP755594.1|A/cattle/Texas/24-008749-003/2024(H5N1)	2051	3476
PA|PP755594.1|A/cattle/Texas/24-008749-003/2024(H5N1)	2052	3468
PA|PP755594.1|A/cattle/Texas/24-008749-003/2024(H5N1)	2053	3470
PA|PP755594.1|A/cattle/Texas/24-008749-003/2024(H5N1)	2054	3439
PA|PP755594.1|A/cattle/Texas/24-008749-003/2024(H5N1)	2055	3423
PA|PP755594.1|A/cattle/Texas/24-008749-003/2024(H5N1)	2056	3402
PA|PP755594.1|A/cattle/Texas/24-008749-003/2024(H5N1)	2057	3393
PA|PP755594.1|A/cattle/Texas/24-008749-003/2024(H5N1)	2058	3429
PA|PP755594.1|A/cattle/Texas/24-008749-003/2024(H5N1)	2059	3421
PA|PP755594.1|A/cattle/Texas/24-008749-003/2024(H5N1)	2060	3420
PA|PP755594.1|A/cattle/Texas/24-008749-003/2024(H5N1)	2061	3414
PA|PP755594.1|A/cattle/Texas/24-008749-003/2024(H5N1)	2062	3343
PA|PP755594.1|A/cattle/Texas/24-008749-003/2024(H5N1)	2063	3326
PA|PP755594.1|A/cattle/Texas/24-008749-003/2024(H5N1)	2064	3297
PA|PP755594.1|A/cattle/Texas/24-008749-003/2024(H5N1)	2065	3292
PA|PP755594.1|A/cattle/Texas/24-008749-003/2024(H5N1)	2066	3286
PA|PP755594.1|A/cattle/Texas/24-008749-003/2024(H5N1)	2067	3214
PA|PP755594.1|A/cattle/Texas/24-008749-003/2024(H5N1)	2068	3219
PA|PP755594.1|A/cattle/Texas/24-008749-003/2024(H5N1)	2069	3211
PA|PP755594.1|A/cattle/Texas/24-008749-003/2024(H5N1)	2070	3201
PA|PP755594.1|A/cattle/Texas/24-008749-003/2024(H5N1)	2071	3191
PA|PP755594.1|A/cattle/Texas/24-008749-003/2024(H5N1)	2072	3169
PA|PP755594.1|A/cattle/Texas/24-008749-003/2024(H5N1)	2073	3167
PA|PP755594.1|A/cattle/Texas/24-008749-003/2024(H5N1)	2074	3158
PA|PP755594.1|A/cattle/Texas/24-008749-003/2024(H5N1)	2075	3102
PA|PP755594.1|A/cattle/Texas/24-008749-003/2024(H5N1)	2076	3103
PA|PP755594.1|A/cattle/Texas/24-008749-003/2024(H5N1)	2077	2974
PA|PP755594.1|A/cattle/Texas/24-008749-003/2024(H5N1)	2078	2969
PA|PP755594.1|A/cattle/Texas/24-008749-003/2024(H5N1)	2079	2956
PA|PP755594.1|A/cattle/Texas/24-008749-003/2024(H5N1)	2080	2936
PA|PP755594.1|A/cattle/Texas/24-008749-003/2024(H5N1)	2081	2927
PA|PP755594.1|A/cattle/Texas/24-008749-003/2024(H5N1)	2082	2930
PA|PP755594.1|A/cattle/Texas/24-008749-003/2024(H5N1)	2083	2929
PA|PP755594.1|A/cattle/Texas/24-008749-003/2024(H5N1)	2084	2922
PA|PP755594.1|A/cattle/Texas/24-008749-003/2024(H5N1)	2085	2859
PA|PP755594.1|A/cattle/Texas/24-008749-003/2024(H5N1)	2086	2847
PA|PP755594.1|A/cattle/Texas/24-008749-003/2024(H5N1)	2087	2838
PA|PP755594.1|A/cattle/Texas/24-008749-003/2024(H5N1)	2088	2822
PA|PP755594.1|A/cattle/Texas/24-008749-003/2024(H5N1)	2089	2815
PA|PP755594.1|A/cattle/Texas/24-008749-003/2024(H5N1)	2090	2815
PA|PP755594.1|A/cattle/Texas/24-008749-003/2024(H5N1)	2091	2781
PA|PP755594.1|A/cattle/Texas/24-008749-003/2024(H5N1)	2092	2766
PA|PP755594.1|A/cattle/Texas/24-008749-003/2024(H5N1)	2093	2760
PA|PP755594.1|A/cattle/Texas/24-008749-003/2024(H5N1)	2094	2743
PA|PP755594.1|A/cattle/Texas/24-008749-003/2024(H5N1)	2095	2741
PA|PP755594.1|A/cattle/Texas/24-008749-003/2024(H5N1)	2096	2740
PA|PP755594.1|A/cattle/Texas/24-008749-003/2024(H5N1)	2097	2739
PA|PP755594.1|A/cattle/Texas/24-008749-003/2024(H5N1)	2098	2735
PA|PP755594.1|A/cattle/Texas/24-008749-003/2024(H5N1)	2099	2711
PA|PP755594.1|A/cattle/Texas/24-008749-003/2024(H5N1)	2100	2662
PA|PP755594.1|A/cattle/Texas/24-008749-003/2024(H5N1)	2101	2661
PA|PP755594.1|A/cattle/Texas/24-008749-003/2024(H5N1)	2102	2654
PA|PP755594.1|A/cattle/Texas/24-008749-003/2024(H5N1)	2103	2658
PA|PP755594.1|A/cattle/Texas/24-008749-003/2024(H5N1)	2104	2645
PA|PP755594.1|A/cattle/Texas/24-008749-003/2024(H5N1)	2105	2616
PA|PP755594.1|A/cattle/Texas/24-008749-003/2024(H5N1)	2106	2612
PA|PP755594.1|A/cattle/Texas/24-008749-003/2024(H5N1)	2107	2587
PA|PP755594.1|A/cattle/Texas/24-008749-003/2024(H5N1)	2108	2570
PA|PP755594.1|A/cattle/Texas/24-008749-003/2024(H5N1)	2109	2565
PA|PP755594.1|A/cattle/Texas/24-008749-003/2024(H5N1)	2110	2559
PA|PP755594.1|A/cattle/Texas/24-008749-003/2024(H5N1)	2111	2525
PA|PP755594.1|A/cattle/Texas/24-008749-003/2024(H5N1)	2112	2489
PA|PP755594.1|A/cattle/Texas/24-008749-003/2024(H5N1)	2113	2482
PA|PP755594.1|A/cattle/Texas/24-008749-003/2024(H5N1)	2114	2469
PA|PP755594.1|A/cattle/Texas/24-008749-003/2024(H5N1)	2115	2466
PA|PP755594.1|A/cattle/Texas/24-008749-003/2024(H5N1)	2116	2465
PA|PP755594.1|A/cattle/Texas/24-008749-003/2024(H5N1)	2117	2457
PA|PP755594.1|A/cattle/Texas/24-008749-003/2024(H5N1)	2118	2449
PA|PP755594.1|A/cattle/Texas/24-008749-003/2024(H5N1)	2119	2442
PA|PP755594.1|A/cattle/Texas/24-008749-003/2024(H5N1)	2120	2430
PA|PP755594.1|A/cattle/Texas/24-008749-003/2024(H5N1)	2121	2406
PA|PP755594.1|A/cattle/Texas/24-008749-003/2024(H5N1)	2122	2393
PA|PP755594.1|A/cattle/Texas/24-008749-003/2024(H5N1)	2123	2389
PA|PP755594.1|A/cattle/Texas/24-008749-003/2024(H5N1)	2124	2373
PA|PP755594.1|A/cattle/Texas/24-008749-003/2024(H5N1)	2125	2355
PA|PP755594.1|A/cattle/Texas/24-008749-003/2024(H5N1)	2126	2350
PA|PP755594.1|A/cattle/Texas/24-008749-003/2024(H5N1)	2127	2299
PA|PP755594.1|A/cattle/Texas/24-008749-003/2024(H5N1)	2128	2293
PA|PP755594.1|A/cattle/Texas/24-008749-003/2024(H5N1)	2129	2295
PA|PP755594.1|A/cattle/Texas/24-008749-003/2024(H5N1)	2130	2285
PA|PP755594.1|A/cattle/Texas/24-008749-003/2024(H5N1)	2131	2274
PA|PP755594.1|A/cattle/Texas/24-008749-003/2024(H5N1)	2132	2264
PA|PP755594.1|A/cattle/Texas/24-008749-003/2024(H5N1)	2133	2258
PA|PP755594.1|A/cattle/Texas/24-008749-003/2024(H5N1)	2134	2254
PA|PP755594.1|A/cattle/Texas/24-008749-003/2024(H5N1)	2135	2233
PA|PP755594.1|A/cattle/Texas/24-008749-003/2024(H5N1)	2136	2205
PA|PP755594.1|A/cattle/Texas/24-008749-003/2024(H5N1)	2137	2182
PA|PP755594.1|A/cattle/Texas/24-008749-003/2024(H5N1)	2138	2159
PA|PP755594.1|A/cattle/Texas/24-008749-003/2024(H5N1)	2139	2134
PA|PP755594.1|A/cattle/Texas/24-008749-003/2024(H5N1)	2140	2124
PA|PP755594.1|A/cattle/Texas/24-008749-003/2024(H5N1)	2141	2108
PA|PP755594.1|A/cattle/Texas/24-008749-003/2024(H5N1)	2142	2091
PA|PP755594.1|A/cattle/Texas/24-008749-003/2024(H5N1)	2143	2067
PA|PP755594.1|A/cattle/Texas/24-008749-003/2024(H5N1)	2144	2020
PA|PP755594.1|A/cattle/Texas/24-008749-003/2024(H5N1)	2145	2020
PA|PP755594.1|A/cattle/Texas/24-008749-003/2024(H5N1)	2146	2011
PA|PP755594.1|A/cattle/Texas/24-008749-003/2024(H5N1)	2147	2004
PA|PP755594.1|A/cattle/Texas/24-008749-003/2024(H5N1)	2148	1986
PA|PP755594.1|A/cattle/Texas/24-008749-003/2024(H5N1)	2149	1958
PA|PP755594.1|A/cattle/Texas/24-008749-003/2024(H5N1)	2150	1888
PA|PP755594.1|A/cattle/Texas/24-008749-003/2024(H5N1)	2151	1871
