HA|PP755589.1|A/cattle/Texas/24-008749-003/2024(H5N1)	1	354
HA|PP755589.1|A/cattle/Texas/24-008749-003/2024(H5N1)	2	354
HA|PP755589.1|A/cattle/Texas/24-008749-003/2024(H5N1)	3	363
HA|PP755589.1|A/cattle/Texas/24-008749-003/2024(H5N1)	4	363
HA|PP755589.1|A/cattle/Texas/24-008749-003/2024(H5N1)	5	364
HA|PP755589.1|A/cattle/Texas/24-008749-003/2024(H5N1)	6	373
HA|PP755589.1|A/cattle/Texas/24-008749-003/2024(H5N1)	7	374
HA|PP755589.1|A/cattle/Texas/24-008749-003/2024(H5N1)	8	434
HA|PP755589.1|A/cattle/Texas/24-008749-003/2024(H5N1)	9	440
HA|PP755589.1|A/cattle/Texas/24-008749-003/2024(H5N1)	10	440
HA|PP755589.1|A/cattle/Texas/24-008749-003/2024(H5N1)	11	476
HA|PP755589.1|A/cattle/Texas/24-008749-003/2024(H5N1)	12	478
HA|PP755589.1|A/cattle/Texas/24-008749-003/2024(H5N1)	13	543
HA|PP755589.1|A/cattle/Texas/24-008749-003/2024(H5N1)	14	545
HA|PP755589.1|A/cattle/Texas/24-008749-003/2024(H5N1)	15	546
HA|PP755589.1|A/cattle/Texas/24-008749-003/2024(H5N1)	16	551
HA|PP755589.1|A/cattle/Texas/24-008749-003/2024(H5N1)	17	552
HA|PP755589.1|A/cattle/Texas/24-008749-003/2024(H5N1)	18	558
HA|PP755589.1|A/cattle/Texas/24-008749-003/2024(H5N1)	19	559
HA|PP755589.1|A/cattle/Texas/24-008749-003/2024(H5N1)	20	560
HA|PP755589.1|A/cattle/Texas/24-008749-003/2024(H5N1)	21	565
HA|PP755589.1|A/cattle/Texas/24-008749-003/2024(H5N1)	22	566
HA|PP755589.1|A/cattle/Texas/24-008749-003/2024(H5N1)	23	588
HA|PP755589.1|A/cattle/Texas/24-008749-003/2024(H5N1)	24	590
HA|PP755589.1|A/cattle/Texas/24-008749-003/2024(H5N1)	25	591
HA|PP755589.1|A/cattle/Texas/24-008749-003/2024(H5N1)	26	592
HA|PP755589.1|A/cattle/Texas/24-008749-003/2024(H5N1)	27	592
HA|PP755589.1|A/cattle/Texas/24-008749-003/2024(H5N1)	28	604
HA|PP755589.1|A/cattle/Texas/24-008749-003/2024(H5N1)	29	620
HA|PP755589.1|A/cattle/Texas/24-008749-003/2024(H5N1)	30	638
HA|PP755589.1|A/cattle/Texas/24-008749-003/2024(H5N1)	31	641
HA|PP755589.1|A/cattle/Texas/24-008749-003/2024(H5N1)	32	638
HA|PP755589.1|A/cattle/Texas/24-008749-003/2024(H5N1)	33	640
HA|PP755589.1|A/cattle/Texas/24-008749-003/2024(H5N1)	34	640
HA|PP755589.1|A/cattle/Texas/24-008749-003/2024(H5N1)	35	651
HA|PP755589.1|A/cattle/Texas/24-008749-003/2024(H5N1)	36	694
HA|PP755589.1|A/cattle/Texas/24-008749-003/2024(H5N1)	37	694
HA|PP755589.1|A/cattle/Texas/24-008749-003/2024(H5N1)	38	696
HA|PP755589.1|A/cattle/Texas/24-008749-003/2024(H5N1)	39	743
HA|PP755589.1|A/cattle/Texas/24-008749-003/2024(H5N1)	40	756
HA|PP755589.1|A/cattle/Texas/24-008749-003/2024(H5N1)	41	763
HA|PP755589.1|A/cattle/Texas/24-008749-003/2024(H5N1)	42	765
HA|PP755589.1|A/cattle/Texas/24-008749-003/2024(H5N1)	43	766
HA|PP755589.1|A/cattle/Texas/24-008749-003/2024(H5N1)	44	768
HA|PP755589.1|A/cattle/Texas/24-008749-003/2024(H5N1)	45	769
HA|PP755589.1|A/cattle/Texas/24-008749-003/2024(H5N1)	46	769
HA|PP755589.1|A/cattle/Texas/24-008749-003/2024(H5N1)	47	777
HA|PP755589.1|A/cattle/Texas/24-008749-003/2024(H5N1)	48	779
HA|PP755589.1|A/cattle/Texas/24-008749-003/2024(H5N1)	49	783
HA|PP755589.1|A/cattle/Texas/24-008749-003/2024(H5N1)	50	783
HA|PP755589.1|A/cattle/Texas/24-008749-003/2024(H5N1)	51	785
HA|PP755589.1|A/cattle/Texas/24-008749-003/2024(H5N1)	52	785
HA|PP755589.1|A/cattle/Texas/24-008749-003/2024(H5N1)	53	785
HA|PP755589.1|A/cattle/Texas/24-008749-003/2024(H5N1)	54	809
HA|PP755589.1|A/cattle/Texas/24-008749-003/2024(H5N1)	55	818
HA|PP755589.1|A/cattle/Texas/24-008749-003/2024(H5N1)	56	820
HA|PP755589.1|A/cattle/Texas/24-008749-003/2024(H5N1)	57	829
HA|PP755589.1|A/cattle/Texas/24-008749-003/2024(H5N1)	58	829
HA|PP755589.1|A/cattle/Texas/24-008749-003/2024(H5N1)	59	835
HA|PP755589.1|A/cattle/Texas/24-008749-003/2024(H5N1)	60	838
HA|PP755589.1|A/cattle/Texas/24-008749-003/2024(H5N1)	61	837
HA|PP755589.1|A/cattle/Texas/24-008749-003/2024(H5N1)	62	845
HA|PP755589.1|A/cattle/Texas/24-008749-003/2024(H5N1)	63	852
HA|PP755589.1|A/cattle/Texas/24-008749-003/2024(H5N1)	64	873
HA|PP755589.1|A/cattle/Texas/24-008749-003/2024(H5N1)	65	873
HA|PP755589.1|A/cattle/Texas/24-008749-003/2024(H5N1)	66	874
HA|PP755589.1|A/cattle/Texas/24-008749-003/2024(H5N1)	67	874
HA|PP755589.1|A/cattle/Texas/24-008749-003/2024(H5N1)	68	875
HA|PP755589.1|A/cattle/Texas/24-008749-003/2024(H5N1)	69	886
HA|PP755589.1|A/cattle/Texas/24-008749-003/2024(H5N1)	70	885
HA|PP755589.1|A/cattle/Texas/24-008749-003/2024(H5N1)	71	887
HA|PP755589.1|A/cattle/Texas/24-008749-003/2024(H5N1)	72	890
HA|PP755589.1|A/cattle/Texas/24-008749-003/2024(H5N1)	73	890
HA|PP755589.1|A/cattle/Texas/24-008749-003/2024(H5N1)	74	914
HA|PP755589.1|A/cattle/Texas/24-008749-003/2024(H5N1)	75	918
HA|PP755589.1|A/cattle/Texas/24-008749-003/2024(H5N1)	76	931
HA|PP755589.1|A/cattle/Texas/24-008749-003/2024(H5N1)	77	963
HA|PP755589.1|A/cattle/Texas/24-008749-003/2024(H5N1)	78	1009
HA|PP755589.1|A/cattle/Texas/24-008749-003/2024(H5N1)	79	1008
HA|PP755589.1|A/cattle/Texas/24-008749-003/2024(H5N1)	80	1017
HA|PP755589.1|A/cattle/Texas/24-008749-003/2024(H5N1)	81	1019
HA|PP755589.1|A/cattle/Texas/24-008749-003/2024(H5N1)	82	1019
HA|PP755589.1|A/cattle/Texas/24-008749-003/2024(H5N1)	83	1021
HA|PP755589.1|A/cattle/Texas/24-008749-003/2024(H5N1)	84	1021
HA|PP755589.1|A/cattle/Texas/24-008749-003/2024(H5N1)	85	1020
HA|PP755589.1|A/cattle/Texas/24-008749-003/2024(H5N1)	86	1020
HA|PP755589.1|A/cattle/Texas/24-008749-003/2024(H5N1)	87	1016
HA|PP755589.1|A/cattle/Texas/24-008749-003/2024(H5N1)	88	1041
HA|PP755589.1|A/cattle/Texas/24-008749-003/2024(H5N1)	89	1058
HA|PP755589.1|A/cattle/Texas/24-008749-003/2024(H5N1)	90	1066
HA|PP755589.1|A/cattle/Texas/24-008749-003/2024(H5N1)	91	1075
HA|PP755589.1|A/cattle/Texas/24-008749-003/2024(H5N1)	92	1075
HA|PP755589.1|A/cattle/Texas/24-008749-003/2024(H5N1)	93	1085
HA|PP755589.1|A/cattle/Texas/24-008749-003/2024(H5N1)	94	1088
HA|PP755589.1|A/cattle/Texas/24-008749-003/2024(H5N1)	95	1091
HA|PP755589.1|A/cattle/Texas/24-008749-003/2024(H5N1)	96	1101
HA|PP755589.1|A/cattle/Texas/24-008749-003/2024(H5N1)	97	1102
HA|PP755589.1|A/cattle/Texas/24-008749-003/2024(H5N1)	98	1112
HA|PP755589.1|A/cattle/Texas/24-008749-003/2024(H5N1)	99	1114
HA|PP755589.1|A/cattle/Texas/24-008749-003/2024(H5N1)	100	1117
HA|PP755589.1|A/cattle/Texas/24-008749-003/2024(H5N1)	101	1127
HA|PP755589.1|A/cattle/Texas/24-008749-003/2024(H5N1)	102	1125
HA|PP755589.1|A/cattle/Texas/24-008749-003/2024(H5N1)	103	1128
HA|PP755589.1|A/cattle/Texas/24-008749-003/2024(H5N1)	104	1137
HA|PP755589.1|A/cattle/Texas/24-008749-003/2024(H5N1)	105	1138
HA|PP755589.1|A/cattle/Texas/24-008749-003/2024(H5N1)	106	1145
HA|PP755589.1|A/cattle/Texas/24-008749-003/2024(H5N1)	107	1148
HA|PP755589.1|A/cattle/Texas/24-008749-003/2024(H5N1)	108	1155
HA|PP755589.1|A/cattle/Texas/24-008749-003/2024(H5N1)	109	1162
HA|PP755589.1|A/cattle/Texas/24-008749-003/2024(H5N1)	110	1164
HA|PP755589.1|A/cattle/Texas/24-008749-003/2024(H5N1)	111	1167
HA|PP755589.1|A/cattle/Texas/24-008749-003/2024(H5N1)	112	1165
HA|PP755589.1|A/cattle/Texas/24-008749-003/2024(H5N1)	113	1166
HA|PP755589.1|A/cattle/Texas/24-008749-003/2024(H5N1)	114	1168
HA|PP755589.1|A/cattle/Texas/24-008749-003/2024(H5N1)	115	1171
HA|PP755589.1|A/cattle/Texas/24-008749-003/2024(H5N1)	116	1185
HA|PP755589.1|A/cattle/Texas/24-008749-003/2024(H5N1)	117	1186
HA|PP755589.1|A/cattle/Texas/24-008749-003/2024(H5N1)	118	1186
HA|PP755589.1|A/cattle/Texas/24-008749-003/2024(H5N1)	119	1191
HA|PP755589.1|A/cattle/Texas/24-008749-003/2024(H5N1)	120	1197
HA|PP755589.1|A/cattle/Texas/24-008749-003/2024(H5N1)	121	1203
HA|PP755589.1|A/cattle/Texas/24-008749-003/2024(H5N1)	122	1252
HA|PP755589.1|A/cattle/Texas/24-008749-003/2024(H5N1)	123	1250
HA|PP755589.1|A/cattle/Texas/24-008749-003/2024(H5N1)	124	1267
HA|PP755589.1|A/cattle/Texas/24-008749-003/2024(H5N1)	125	1268
HA|PP755589.1|A/cattle/Texas/24-008749-003/2024(H5N1)	126	1284
HA|PP755589.1|A/cattle/Texas/24-008749-003/2024(H5N1)	127	1287
HA|PP755589.1|A/cattle/Texas/24-008749-003/2024(H5N1)	128	1291
HA|PP755589.1|A/cattle/Texas/24-008749-003/2024(H5N1)	129	1287
HA|PP755589.1|A/cattle/Texas/24-008749-003/2024(H5N1)	130	1291
HA|PP755589.1|A/cattle/Texas/24-008749-003/2024(H5N1)	131	1281
HA|PP755589.1|A/cattle/Texas/24-008749-003/2024(H5N1)	132	1293
HA|PP755589.1|A/cattle/Texas/24-008749-003/2024(H5N1)	133	1333
HA|PP755589.1|A/cattle/Texas/24-008749-003/2024(H5N1)	134	1344
HA|PP755589.1|A/cattle/Texas/24-008749-003/2024(H5N1)	135	1350
HA|PP755589.1|A/cattle/Texas/24-008749-003/2024(H5N1)	136	1356
HA|PP755589.1|A/cattle/Texas/24-008749-003/2024(H5N1)	137	1355
HA|PP755589.1|A/cattle/Texas/24-008749-003/2024(H5N1)	138	1367
HA|PP755589.1|A/cattle/Texas/24-008749-003/2024(H5N1)	139	1371
HA|PP755589.1|A/cattle/Texas/24-008749-003/2024(H5N1)	140	1373
HA|PP755589.1|A/cattle/Texas/24-008749-003/2024(H5N1)	141	1375
HA|PP755589.1|A/cattle/Texas/24-008749-003/2024(H5N1)	142	1366
HA|PP755589.1|A/cattle/Texas/24-008749-003/2024(H5N1)	143	1367
HA|PP755589.1|A/cattle/Texas/24-008749-003/2024(H5N1)	144	1367
HA|PP755589.1|A/cattle/Texas/24-008749-003/2024(H5N1)	145	1373
HA|PP755589.1|A/cattle/Texas/24-008749-003/2024(H5N1)	146	1382
HA|PP755589.1|A/cattle/Texas/24-008749-003/2024(H5N1)	147	1390
HA|PP755589.1|A/cattle/Texas/24-008749-003/2024(H5N1)	148	1390
HA|PP755589.1|A/cattle/Texas/24-008749-003/2024(H5N1)	149	1384
HA|PP755589.1|A/cattle/Texas/24-008749-003/2024(H5N1)	150	1390
HA|PP755589.1|A/cattle/Texas/24-008749-003/2024(H5N1)	151	1392
HA|PP755589.1|A/cattle/Texas/24-008749-003/2024(H5N1)	152	1392
HA|PP755589.1|A/cattle/Texas/24-008749-003/2024(H5N1)	153	1393
HA|PP755589.1|A/cattle/Texas/24-008749-003/2024(H5N1)	154	1393
HA|PP755589.1|A/cattle/Texas/24-008749-003/2024(H5N1)	155	1400
HA|PP755589.1|A/cattle/Texas/24-008749-003/2024(H5N1)	156	1396
HA|PP755589.1|A/cattle/Texas/24-008749-003/2024(H5N1)	157	1412
HA|PP755589.1|A/cattle/Texas/24-008749-003/2024(H5N1)	158	1409
HA|PP755589.1|A/cattle/Texas/24-008749-003/2024(H5N1)	159	1431
HA|PP755589.1|A/cattle/Texas/24-008749-003/2024(H5N1)	160	1433
HA|PP755589.1|A/cattle/Texas/24-008749-003/2024(H5N1)	161	1448
HA|PP755589.1|A/cattle/Texas/24-008749-003/2024(H5N1)	162	1448
HA|PP755589.1|A/cattle/Texas/24-008749-003/2024(H5N1)	163	1453
HA|PP755589.1|A/cattle/Texas/24-008749-003/2024(H5N1)	164	1452
HA|PP755589.1|A/cattle/Texas/24-008749-003/2024(H5N1)	165	1450
HA|PP755589.1|A/cattle/Texas/24-008749-003/2024(H5N1)	166	1453
HA|PP755589.1|A/cattle/Texas/24-008749-003/2024(H5N1)	167	1453
HA|PP755589.1|A/cattle/Texas/24-008749-003/2024(H5N1)	168	1451
HA|PP755589.1|A/cattle/Texas/24-008749-003/2024(H5N1)	169	1452
HA|PP755589.1|A/cattle/Texas/24-008749-003/2024(H5N1)	170	1448
HA|PP755589.1|A/cattle/Texas/24-008749-003/2024(H5N1)	171	1440
HA|PP755589.1|A/cattle/Texas/24-008749-003/2024(H5N1)	172	1438
HA|PP755589.1|A/cattle/Texas/24-008749-003/2024(H5N1)	173	1439
HA|PP755589.1|A/cattle/Texas/24-008749-003/2024(H5N1)	174	1439
HA|PP755589.1|A/cattle/Texas/24-008749-003/2024(H5N1)	175	1465
HA|PP755589.1|A/cattle/Texas/24-008749-003/2024(H5N1)	176	1477
HA|PP755589.1|A/cattle/Texas/24-008749-003/2024(H5N1)	177	1481
HA|PP755589.1|A/cattle/Texas/24-008749-003/2024(H5N1)	178	1622
HA|PP755589.1|A/cattle/Texas/24-008749-003/2024(H5N1)	179	1622
HA|PP755589.1|A/cattle/Texas/24-008749-003/2024(H5N1)	180	1651
HA|PP755589.1|A/cattle/Texas/24-008749-003/2024(H5N1)	181	1651
HA|PP755589.1|A/cattle/Texas/24-008749-003/2024(H5N1)	182	1658
HA|PP755589.1|A/cattle/Texas/24-008749-003/2024(H5N1)	183	1658
HA|PP755589.1|A/cattle/Texas/24-008749-003/2024(H5N1)	184	1652
HA|PP755589.1|A/cattle/Texas/24-008749-003/2024(H5N1)	185	1653
HA|PP755589.1|A/cattle/Texas/24-008749-003/2024(H5N1)	186	1659
HA|PP755589.1|A/cattle/Texas/24-008749-003/2024(H5N1)	187	1668
HA|PP755589.1|A/cattle/Texas/24-008749-003/2024(H5N1)	188	1664
HA|PP755589.1|A/cattle/Texas/24-008749-003/2024(H5N1)	189	1664
HA|PP755589.1|A/cattle/Texas/24-008749-003/2024(H5N1)	190	1695
HA|PP755589.1|A/cattle/Texas/24-008749-003/2024(H5N1)	191	1696
HA|PP755589.1|A/cattle/Texas/24-008749-003/2024(H5N1)	192	1701
HA|PP755589.1|A/cattle/Texas/24-008749-003/2024(H5N1)	193	1709
HA|PP755589.1|A/cattle/Texas/24-008749-003/2024(H5N1)	194	1706
HA|PP755589.1|A/cattle/Texas/24-008749-003/2024(H5N1)	195	1707
HA|PP755589.1|A/cattle/Texas/24-008749-003/2024(H5N1)	196	1709
HA|PP755589.1|A/cattle/Texas/24-008749-003/2024(H5N1)	197	1709
HA|PP755589.1|A/cattle/Texas/24-008749-003/2024(H5N1)	198	1724
HA|PP755589.1|A/cattle/Texas/24-008749-003/2024(H5N1)	199	1732
HA|PP755589.1|A/cattle/Texas/24-008749-003/2024(H5N1)	200	1769
HA|PP755589.1|A/cattle/Texas/24-008749-003/2024(H5N1)	201	1772
HA|PP755589.1|A/cattle/Texas/24-008749-003/2024(H5N1)	202	1773
HA|PP755589.1|A/cattle/Texas/24-008749-003/2024(H5N1)	203	1773
HA|PP755589.1|A/cattle/Texas/24-008749-003/2024(H5N1)	204	1778
HA|PP755589.1|A/cattle/Texas/24-008749-003/2024(H5N1)	205	1783
HA|PP755589.1|A/cattle/Texas/24-008749-003/2024(H5N1)	206	1782
HA|PP755589.1|A/cattle/Texas/24-008749-003/2024(H5N1)	207	1810
HA|PP755589.1|A/cattle/Texas/24-008749-003/2024(H5N1)	208	1809
HA|PP755589.1|A/cattle/Texas/24-008749-003/2024(H5N1)	209	1793
HA|PP755589.1|A/cattle/Texas/24-008749-003/2024(H5N1)	210	1793
HA|PP755589.1|A/cattle/Texas/24-008749-003/2024(H5N1)	211	1791
HA|PP755589.1|A/cattle/Texas/24-008749-003/2024(H5N1)	212	1822
HA|PP755589.1|A/cattle/Texas/24-008749-003/2024(H5N1)	213	1831
HA|PP755589.1|A/cattle/Texas/24-008749-003/2024(H5N1)	214	1876
HA|PP755589.1|A/cattle/Texas/24-008749-003/2024(H5N1)	215	1887
HA|PP755589.1|A/cattle/Texas/24-008749-003/2024(H5N1)	216	1904
HA|PP755589.1|A/cattle/Texas/24-008749-003/2024(H5N1)	217	1908
HA|PP755589.1|A/cattle/Texas/24-008749-003/2024(H5N1)	218	1915
HA|PP755589.1|A/cattle/Texas/24-008749-003/2024(H5N1)	219	1914
HA|PP755589.1|A/cattle/Texas/24-008749-003/2024(H5N1)	220	1919
HA|PP755589.1|A/cattle/Texas/24-008749-003/2024(H5N1)	221	1817
HA|PP755589.1|A/cattle/Texas/24-008749-003/2024(H5N1)	222	1810
HA|PP755589.1|A/cattle/Texas/24-008749-003/2024(H5N1)	223	1818
HA|PP755589.1|A/cattle/Texas/24-008749-003/2024(H5N1)	224	1814
HA|PP755589.1|A/cattle/Texas/24-008749-003/2024(H5N1)	225	1774
HA|PP755589.1|A/cattle/Texas/24-008749-003/2024(H5N1)	226	1774
HA|PP755589.1|A/cattle/Texas/24-008749-003/2024(H5N1)	227	1771
HA|PP755589.1|A/cattle/Texas/24-008749-003/2024(H5N1)	228	1777
HA|PP755589.1|A/cattle/Texas/24-008749-003/2024(H5N1)	229	1756
HA|PP755589.1|A/cattle/Texas/24-008749-003/2024(H5N1)	230	1757
HA|PP755589.1|A/cattle/Texas/24-008749-003/2024(H5N1)	231	1762
HA|PP755589.1|A/cattle/Texas/24-008749-003/2024(H5N1)	232	1760
HA|PP755589.1|A/cattle/Texas/24-008749-003/2024(H5N1)	233	1762
HA|PP755589.1|A/cattle/Texas/24-008749-003/2024(H5N1)	234	1762
HA|PP755589.1|A/cattle/Texas/24-008749-003/2024(H5N1)	235	1762
HA|PP755589.1|A/cattle/Texas/24-008749-003/2024(H5N1)	236	1757
HA|PP755589.1|A/cattle/Texas/24-008749-003/2024(H5N1)	237	1758
HA|PP755589.1|A/cattle/Texas/24-008749-003/2024(H5N1)	238	1763
HA|PP755589.1|A/cattle/Texas/24-008749-003/2024(H5N1)	239	1763
HA|PP755589.1|A/cattle/Texas/24-008749-003/2024(H5N1)	240	1784
HA|PP755589.1|A/cattle/Texas/24-008749-003/2024(H5N1)	241	1776
HA|PP755589.1|A/cattle/Texas/24-008749-003/2024(H5N1)	242	1779
HA|PP755589.1|A/cattle/Texas/24-008749-003/2024(H5N1)	243	1781
HA|PP755589.1|A/cattle/Texas/24-008749-003/2024(H5N1)	244	1778
HA|PP755589.1|A/cattle/Texas/24-008749-003/2024(H5N1)	245	1775
HA|PP755589.1|A/cattle/Texas/24-008749-003/2024(H5N1)	246	1755
HA|PP755589.1|A/cattle/Texas/24-008749-003/2024(H5N1)	247	1761
HA|PP755589.1|A/cattle/Texas/24-008749-003/2024(H5N1)	248	1762
HA|PP755589.1|A/cattle/Texas/24-008749-003/2024(H5N1)	249	1755
HA|PP755589.1|A/cattle/Texas/24-008749-003/2024(H5N1)	250	1755
HA|PP755589.1|A/cattle/Texas/24-008749-003/2024(H5N1)	251	1756
HA|PP755589.1|A/cattle/Texas/24-008749-003/2024(H5N1)	252	1747
HA|PP755589.1|A/cattle/Texas/24-008749-003/2024(H5N1)	253	1759
HA|PP755589.1|A/cattle/Texas/24-008749-003/2024(H5N1)	254	1757
HA|PP755589.1|A/cattle/Texas/24-008749-003/2024(H5N1)	255	1765
HA|PP755589.1|A/cattle/Texas/24-008749-003/2024(H5N1)	256	1766
HA|PP755589.1|A/cattle/Texas/24-008749-003/2024(H5N1)	257	1772
HA|PP755589.1|A/cattle/Texas/24-008749-003/2024(H5N1)	258	1735
HA|PP755589.1|A/cattle/Texas/24-008749-003/2024(H5N1)	259	1735
HA|PP755589.1|A/cattle/Texas/24-008749-003/2024(H5N1)	260	1733
HA|PP755589.1|A/cattle/Texas/24-008749-003/2024(H5N1)	261	1717
HA|PP755589.1|A/cattle/Texas/24-008749-003/2024(H5N1)	262	1709
HA|PP755589.1|A/cattle/Texas/24-008749-003/2024(H5N1)	263	1712
HA|PP755589.1|A/cattle/Texas/24-008749-003/2024(H5N1)	264	1656
HA|PP755589.1|A/cattle/Texas/24-008749-003/2024(H5N1)	265	1677
HA|PP755589.1|A/cattle/Texas/24-008749-003/2024(H5N1)	266	1678
HA|PP755589.1|A/cattle/Texas/24-008749-003/2024(H5N1)	267	1673
HA|PP755589.1|A/cattle/Texas/24-008749-003/2024(H5N1)	268	1675
HA|PP755589.1|A/cattle/Texas/24-008749-003/2024(H5N1)	269	1677
HA|PP755589.1|A/cattle/Texas/24-008749-003/2024(H5N1)	270	1677
HA|PP755589.1|A/cattle/Texas/24-008749-003/2024(H5N1)	271	1707
HA|PP755589.1|A/cattle/Texas/24-008749-003/2024(H5N1)	272	1704
HA|PP755589.1|A/cattle/Texas/24-008749-003/2024(H5N1)	273	1703
HA|PP755589.1|A/cattle/Texas/24-008749-003/2024(H5N1)	274	1688
HA|PP755589.1|A/cattle/Texas/24-008749-003/2024(H5N1)	275	1690
HA|PP755589.1|A/cattle/Texas/24-008749-003/2024(H5N1)	276	1814
HA|PP755589.1|A/cattle/Texas/24-008749-003/2024(H5N1)	277	1821
HA|PP755589.1|A/cattle/Texas/24-008749-003/2024(H5N1)	278	1823
HA|PP755589.1|A/cattle/Texas/24-008749-003/2024(H5N1)	279	1812
HA|PP755589.1|A/cattle/Texas/24-008749-003/2024(H5N1)	280	1810
HA|PP755589.1|A/cattle/Texas/24-008749-003/2024(H5N1)	281	1886
HA|PP755589.1|A/cattle/Texas/24-008749-003/2024(H5N1)	282	1906
HA|PP755589.1|A/cattle/Texas/24-008749-003/2024(H5N1)	283	1920
HA|PP755589.1|A/cattle/Texas/24-008749-003/2024(H5N1)	284	1932
HA|PP755589.1|A/cattle/Texas/24-008749-003/2024(H5N1)	285	1850
HA|PP755589.1|A/cattle/Texas/24-008749-003/2024(H5N1)	286	1851
HA|PP755589.1|A/cattle/Texas/24-008749-003/2024(H5N1)	287	1847
HA|PP755589.1|A/cattle/Texas/24-008749-003/2024(H5N1)	288	1848
HA|PP755589.1|A/cattle/Texas/24-008749-003/2024(H5N1)	289	1853
HA|PP755589.1|A/cattle/Texas/24-008749-003/2024(H5N1)	290	1789
HA|PP755589.1|A/cattle/Texas/24-008749-003/2024(H5N1)	291	1793
HA|PP755589.1|A/cattle/Texas/24-008749-003/2024(H5N1)	292	1787
HA|PP755589.1|A/cattle/Texas/24-008749-003/2024(H5N1)	293	1788
HA|PP755589.1|A/cattle/Texas/24-008749-003/2024(H5N1)	294	1830
HA|PP755589.1|A/cattle/Texas/24-008749-003/2024(H5N1)	295	1832
HA|PP755589.1|A/cattle/Texas/24-008749-003/2024(H5N1)	296	1834
HA|PP755589.1|A/cattle/Texas/24-008749-003/2024(H5N1)	297	1834
HA|PP755589.1|A/cattle/Texas/24-008749-003/2024(H5N1)	298	1894
HA|PP755589.1|A/cattle/Texas/24-008749-003/2024(H5N1)	299	1899
HA|PP755589.1|A/cattle/Texas/24-008749-003/2024(H5N1)	300	1897
HA|PP755589.1|A/cattle/Texas/24-008749-003/2024(H5N1)	301	1898
HA|PP755589.1|A/cattle/Texas/24-008749-003/2024(H5N1)	302	1902
HA|PP755589.1|A/cattle/Texas/24-008749-003/2024(H5N1)	303	1885
HA|PP755589.1|A/cattle/Texas/24-008749-003/2024(H5N1)	304	1916
HA|PP755589.1|A/cattle/Texas/24-008749-003/2024(H5N1)	305	1914
HA|PP755589.1|A/cattle/Texas/24-008749-003/2024(H5N1)	306	1915
HA|PP755589.1|A/cattle/Texas/24-008749-003/2024(H5N1)	307	1919
HA|PP755589.1|A/cattle/Texas/24-008749-003/2024(H5N1)	308	1914
HA|PP755589.1|A/cattle/Texas/24-008749-003/2024(H5N1)	309	1919
HA|PP755589.1|A/cattle/Texas/24-008749-003/2024(H5N1)	310	1915
HA|PP755589.1|A/cattle/Texas/24-008749-003/2024(H5N1)	311	1917
HA|PP755589.1|A/cattle/Texas/24-008749-003/2024(H5N1)	312	1928
HA|PP755589.1|A/cattle/Texas/24-008749-003/2024(H5N1)	313	1911
HA|PP755589.1|A/cattle/Texas/24-008749-003/2024(H5N1)	314	1899
HA|PP755589.1|A/cattle/Texas/24-008749-003/2024(H5N1)	315	1946
HA|PP755589.1|A/cattle/Texas/24-008749-003/2024(H5N1)	316	1946
HA|PP755589.1|A/cattle/Texas/24-008749-003/2024(H5N1)	317	1957
HA|PP755589.1|A/cattle/Texas/24-008749-003/2024(H5N1)	318	1962
HA|PP755589.1|A/cattle/Texas/24-008749-003/2024(H5N1)	319	1988
HA|PP755589.1|A/cattle/Texas/24-008749-003/2024(H5N1)	320	1997
HA|PP755589.1|A/cattle/Texas/24-008749-003/2024(H5N1)	321	2029
HA|PP755589.1|A/cattle/Texas/24-008749-003/2024(H5N1)	322	2027
HA|PP755589.1|A/cattle/Texas/24-008749-003/2024(H5N1)	323	2031
HA|PP755589.1|A/cattle/Texas/24-008749-003/2024(H5N1)	324	1993
HA|PP755589.1|A/cattle/Texas/24-008749-003/2024(H5N1)	325	1994
HA|PP755589.1|A/cattle/Texas/24-008749-003/2024(H5N1)	326	2006
HA|PP755589.1|A/cattle/Texas/24-008749-003/2024(H5N1)	327	2009
HA|PP755589.1|A/cattle/Texas/24-008749-003/2024(H5N1)	328	1989
HA|PP755589.1|A/cattle/Texas/24-008749-003/2024(H5N1)	329	1976
HA|PP755589.1|A/cattle/Texas/24-008749-003/2024(H5N1)	330	1999
HA|PP755589.1|A/cattle/Texas/24-008749-003/2024(H5N1)	331	2038
HA|PP755589.1|A/cattle/Texas/24-008749-003/2024(H5N1)	332	2042
HA|PP755589.1|A/cattle/Texas/24-008749-003/2024(H5N1)	333	2051
HA|PP755589.1|A/cattle/Texas/24-008749-003/2024(H5N1)	334	2049
HA|PP755589.1|A/cattle/Texas/24-008749-003/2024(H5N1)	335	2049
HA|PP755589.1|A/cattle/Texas/24-008749-003/2024(H5N1)	336	2060
HA|PP755589.1|A/cattle/Texas/24-008749-003/2024(H5N1)	337	2071
HA|PP755589.1|A/cattle/Texas/24-008749-003/2024(H5N1)	338	2056
HA|PP755589.1|A/cattle/Texas/24-008749-003/2024(H5N1)	339	2045
HA|PP755589.1|A/cattle/Texas/24-008749-003/2024(H5N1)	340	2024
HA|PP755589.1|A/cattle/Texas/24-008749-003/2024(H5N1)	341	2045
HA|PP755589.1|A/cattle/Texas/24-008749-003/2024(H5N1)	342	2042
HA|PP755589.1|A/cattle/Texas/24-008749-003/2024(H5N1)	343	2043
HA|PP755589.1|A/cattle/Texas/24-008749-003/2024(H5N1)	344	2055
HA|PP755589.1|A/cattle/Texas/24-008749-003/2024(H5N1)	345	2052
HA|PP755589.1|A/cattle/Texas/24-008749-003/2024(H5N1)	346	2064
HA|PP755589.1|A/cattle/Texas/24-008749-003/2024(H5N1)	347	2063
HA|PP755589.1|A/cattle/Texas/24-008749-003/2024(H5N1)	348	2050
HA|PP755589.1|A/cattle/Texas/24-008749-003/2024(H5N1)	349	2060
HA|PP755589.1|A/cattle/Texas/24-008749-003/2024(H5N1)	350	2057
HA|PP755589.1|A/cattle/Texas/24-008749-003/2024(H5N1)	351	2058
HA|PP755589.1|A/cattle/Texas/24-008749-003/2024(H5N1)	352	2062
HA|PP755589.1|A/cattle/Texas/24-008749-003/2024(H5N1)	353	2067
HA|PP755589.1|A/cattle/Texas/24-008749-003/2024(H5N1)	354	2082
HA|PP755589.1|A/cattle/Texas/24-008749-003/2024(H5N1)	355	2085
HA|PP755589.1|A/cattle/Texas/24-008749-003/2024(H5N1)	356	2090
HA|PP755589.1|A/cattle/Texas/24-008749-003/2024(H5N1)	357	2096
HA|PP755589.1|A/cattle/Texas/24-008749-003/2024(H5N1)	358	2102
HA|PP755589.1|A/cattle/Texas/24-008749-003/2024(H5N1)	359	2099
HA|PP755589.1|A/cattle/Texas/24-008749-003/2024(H5N1)	360	2095
HA|PP755589.1|A/cattle/Texas/24-008749-003/2024(H5N1)	361	2098
HA|PP755589.1|A/cattle/Texas/24-008749-003/2024(H5N1)	362	2097
HA|PP755589.1|A/cattle/Texas/24-008749-003/2024(H5N1)	363	2102
HA|PP755589.1|A/cattle/Texas/24-008749-003/2024(H5N1)	364	2094
HA|PP755589.1|A/cattle/Texas/24-008749-003/2024(H5N1)	365	2093
HA|PP755589.1|A/cattle/Texas/24-008749-003/2024(H5N1)	366	2090
HA|PP755589.1|A/cattle/Texas/24-008749-003/2024(H5N1)	367	2082
HA|PP755589.1|A/cattle/Texas/24-008749-003/2024(H5N1)	368	2112
HA|PP755589.1|A/cattle/Texas/24-008749-003/2024(H5N1)	369	2121
HA|PP755589.1|A/cattle/Texas/24-008749-003/2024(H5N1)	370	2123
HA|PP755589.1|A/cattle/Texas/24-008749-003/2024(H5N1)	371	2126
HA|PP755589.1|A/cattle/Texas/24-008749-003/2024(H5N1)	372	2111
HA|PP755589.1|A/cattle/Texas/24-008749-003/2024(H5N1)	373	2085
HA|PP755589.1|A/cattle/Texas/24-008749-003/2024(H5N1)	374	2087
HA|PP755589.1|A/cattle/Texas/24-008749-003/2024(H5N1)	375	2076
HA|PP755589.1|A/cattle/Texas/24-008749-003/2024(H5N1)	376	2077
HA|PP755589.1|A/cattle/Texas/24-008749-003/2024(H5N1)	377	2060
HA|PP755589.1|A/cattle/Texas/24-008749-003/2024(H5N1)	378	2064
HA|PP755589.1|A/cattle/Texas/24-008749-003/2024(H5N1)	379	2065
HA|PP755589.1|A/cattle/Texas/24-008749-003/2024(H5N1)	380	2064
HA|PP755589.1|A/cattle/Texas/24-008749-003/2024(H5N1)	381	2056
HA|PP755589.1|A/cattle/Texas/24-008749-003/2024(H5N1)	382	2056
HA|PP755589.1|A/cattle/Texas/24-008749-003/2024(H5N1)	383	2046
HA|PP755589.1|A/cattle/Texas/24-008749-003/2024(H5N1)	384	2016
HA|PP755589.1|A/cattle/Texas/24-008749-003/2024(H5N1)	385	2016
HA|PP755589.1|A/cattle/Texas/24-008749-003/2024(H5N1)	386	2009
HA|PP755589.1|A/cattle/Texas/24-008749-003/2024(H5N1)	387	2015
HA|PP755589.1|A/cattle/Texas/24-008749-003/2024(H5N1)	388	2030
HA|PP755589.1|A/cattle/Texas/24-008749-003/2024(H5N1)	389	2034
HA|PP755589.1|A/cattle/Texas/24-008749-003/2024(H5N1)	390	2032
HA|PP755589.1|A/cattle/Texas/24-008749-003/2024(H5N1)	391	2032
HA|PP755589.1|A/cattle/Texas/24-008749-003/2024(H5N1)	392	2030
HA|PP755589.1|A/cattle/Texas/24-008749-003/2024(H5N1)	393	2040
HA|PP755589.1|A/cattle/Texas/24-008749-003/2024(H5N1)	394	2048
HA|PP755589.1|A/cattle/Texas/24-008749-003/2024(H5N1)	395	2048
HA|PP755589.1|A/cattle/Texas/24-008749-003/2024(H5N1)	396	2053
HA|PP755589.1|A/cattle/Texas/24-008749-003/2024(H5N1)	397	2038
HA|PP755589.1|A/cattle/Texas/24-008749-003/2024(H5N1)	398	2058
HA|PP755589.1|A/cattle/Texas/24-008749-003/2024(H5N1)	399	2072
HA|PP755589.1|A/cattle/Texas/24-008749-003/2024(H5N1)	400	2077
HA|PP755589.1|A/cattle/Texas/24-008749-003/2024(H5N1)	401	2077
HA|PP755589.1|A/cattle/Texas/24-008749-003/2024(H5N1)	402	2076
HA|PP755589.1|A/cattle/Texas/24-008749-003/2024(H5N1)	403	2081
HA|PP755589.1|A/cattle/Texas/24-008749-003/2024(H5N1)	404	2082
HA|PP755589.1|A/cattle/Texas/24-008749-003/2024(H5N1)	405	2086
HA|PP755589.1|A/cattle/Texas/24-008749-003/2024(H5N1)	406	2068
HA|PP755589.1|A/cattle/Texas/24-008749-003/2024(H5N1)	407	2077
HA|PP755589.1|A/cattle/Texas/24-008749-003/2024(H5N1)	408	2054
HA|PP755589.1|A/cattle/Texas/24-008749-003/2024(H5N1)	409	2055
HA|PP755589.1|A/cattle/Texas/24-008749-003/2024(H5N1)	410	2040
HA|PP755589.1|A/cattle/Texas/24-008749-003/2024(H5N1)	411	2028
HA|PP755589.1|A/cattle/Texas/24-008749-003/2024(H5N1)	412	2025
HA|PP755589.1|A/cattle/Texas/24-008749-003/2024(H5N1)	413	2030
HA|PP755589.1|A/cattle/Texas/24-008749-003/2024(H5N1)	414	2031
HA|PP755589.1|A/cattle/Texas/24-008749-003/2024(H5N1)	415	2030
HA|PP755589.1|A/cattle/Texas/24-008749-003/2024(H5N1)	416	2033
HA|PP755589.1|A/cattle/Texas/24-008749-003/2024(H5N1)	417	2045
HA|PP755589.1|A/cattle/Texas/24-008749-003/2024(H5N1)	418	2047
HA|PP755589.1|A/cattle/Texas/24-008749-003/2024(H5N1)	419	2038
HA|PP755589.1|A/cattle/Texas/24-008749-003/2024(H5N1)	420	2045
HA|PP755589.1|A/cattle/Texas/24-008749-003/2024(H5N1)	421	2034
HA|PP755589.1|A/cattle/Texas/24-008749-003/2024(H5N1)	422	2039
HA|PP755589.1|A/cattle/Texas/24-008749-003/2024(H5N1)	423	2041
HA|PP755589.1|A/cattle/Texas/24-008749-003/2024(H5N1)	424	1968
HA|PP755589.1|A/cattle/Texas/24-008749-003/2024(H5N1)	425	1979
HA|PP755589.1|A/cattle/Texas/24-008749-003/2024(H5N1)	426	1959
HA|PP755589.1|A/cattle/Texas/24-008749-003/2024(H5N1)	427	1953
HA|PP755589.1|A/cattle/Texas/24-008749-003/2024(H5N1)	428	1948
HA|PP755589.1|A/cattle/Texas/24-008749-003/2024(H5N1)	429	1947
HA|PP755589.1|A/cattle/Texas/24-008749-003/2024(H5N1)	430	1951
HA|PP755589.1|A/cattle/Texas/24-008749-003/2024(H5N1)	431	1986
HA|PP755589.1|A/cattle/Texas/24-008749-003/2024(H5N1)	432	1989
HA|PP755589.1|A/cattle/Texas/24-008749-003/2024(H5N1)	433	2005
HA|PP755589.1|A/cattle/Texas/24-008749-003/2024(H5N1)	434	2005
HA|PP755589.1|A/cattle/Texas/24-008749-003/2024(H5N1)	435	2007
HA|PP755589.1|A/cattle/Texas/24-008749-003/2024(H5N1)	436	1995
HA|PP755589.1|A/cattle/Texas/24-008749-003/2024(H5N1)	437	1984
HA|PP755589.1|A/cattle/Texas/24-008749-003/2024(H5N1)	438	1992
HA|PP755589.1|A/cattle/Texas/24-008749-003/2024(H5N1)	439	1996
HA|PP755589.1|A/cattle/Texas/24-008749-003/2024(H5N1)	440	1940
HA|PP755589.1|A/cattle/Texas/24-008749-003/2024(H5N1)	441	1942
HA|PP755589.1|A/cattle/Texas/24-008749-003/2024(H5N1)	442	1932
HA|PP755589.1|A/cattle/Texas/24-008749-003/2024(H5N1)	443	1931
HA|PP755589.1|A/cattle/Texas/24-008749-003/2024(H5N1)	444	1930
HA|PP755589.1|A/cattle/Texas/24-008749-003/2024(H5N1)	445	1929
HA|PP755589.1|A/cattle/Texas/24-008749-003/2024(H5N1)	446	1936
HA|PP755589.1|A/cattle/Texas/24-008749-003/2024(H5N1)	447	1932
HA|PP755589.1|A/cattle/Texas/24-008749-003/2024(H5N1)	448	1938
HA|PP755589.1|A/cattle/Texas/24-008749-003/2024(H5N1)	449	1907
HA|PP755589.1|A/cattle/Texas/24-008749-003/2024(H5N1)	450	1913
HA|PP755589.1|A/cattle/Texas/24-008749-003/2024(H5N1)	451	1924
HA|PP755589.1|A/cattle/Texas/24-008749-003/2024(H5N1)	452	1955
HA|PP755589.1|A/cattle/Texas/24-008749-003/2024(H5N1)	453	1955
HA|PP755589.1|A/cattle/Texas/24-008749-003/2024(H5N1)	454	1967
HA|PP755589.1|A/cattle/Texas/24-008749-003/2024(H5N1)	455	1952
HA|PP755589.1|A/cattle/Texas/24-008749-003/2024(H5N1)	456	2003
HA|PP755589.1|A/cattle/Texas/24-008749-003/2024(H5N1)	457	2006
HA|PP755589.1|A/cattle/Texas/24-008749-003/2024(H5N1)	458	2000
HA|PP755589.1|A/cattle/Texas/24-008749-003/2024(H5N1)	459	2003
HA|PP755589.1|A/cattle/Texas/24-008749-003/2024(H5N1)	460	1987
HA|PP755589.1|A/cattle/Texas/24-008749-003/2024(H5N1)	461	1962
HA|PP755589.1|A/cattle/Texas/24-008749-003/2024(H5N1)	462	1966
HA|PP755589.1|A/cattle/Texas/24-008749-003/2024(H5N1)	463	1944
HA|PP755589.1|A/cattle/Texas/24-008749-003/2024(H5N1)	464	1942
HA|PP755589.1|A/cattle/Texas/24-008749-003/2024(H5N1)	465	1907
HA|PP755589.1|A/cattle/Texas/24-008749-003/2024(H5N1)	466	1896
HA|PP755589.1|A/cattle/Texas/24-008749-003/2024(H5N1)	467	1890
HA|PP755589.1|A/cattle/Texas/24-008749-003/2024(H5N1)	468	1886
HA|PP755589.1|A/cattle/Texas/24-008749-003/2024(H5N1)	469	1887
HA|PP755589.1|A/cattle/Texas/24-008749-003/2024(H5N1)	470	1880
HA|PP755589.1|A/cattle/Texas/24-008749-003/2024(H5N1)	471	1882
HA|PP755589.1|A/cattle/Texas/24-008749-003/2024(H5N1)	472	1895
HA|PP755589.1|A/cattle/Texas/24-008749-003/2024(H5N1)	473	1892
HA|PP755589.1|A/cattle/Texas/24-008749-003/2024(H5N1)	474	1908
HA|PP755589.1|A/cattle/Texas/24-008749-003/2024(H5N1)	475	1904
HA|PP755589.1|A/cattle/Texas/24-008749-003/2024(H5N1)	476	1904
HA|PP755589.1|A/cattle/Texas/24-008749-003/2024(H5N1)	477	1908
HA|PP755589.1|A/cattle/Texas/24-008749-003/2024(H5N1)	478	1907
HA|PP755589.1|A/cattle/Texas/24-008749-003/2024(H5N1)	479	1906
HA|PP755589.1|A/cattle/Texas/24-008749-003/2024(H5N1)	480	1908
HA|PP755589.1|A/cattle/Texas/24-008749-003/2024(H5N1)	481	1906
HA|PP755589.1|A/cattle/Texas/24-008749-003/2024(H5N1)	482	1912
HA|PP755589.1|A/cattle/Texas/24-008749-003/2024(H5N1)	483	1909
HA|PP755589.1|A/cattle/Texas/24-008749-003/2024(H5N1)	484	1912
HA|PP755589.1|A/cattle/Texas/24-008749-003/2024(H5N1)	485	1916
HA|PP755589.1|A/cattle/Texas/24-008749-003/2024(H5N1)	486	1914
HA|PP755589.1|A/cattle/Texas/24-008749-003/2024(H5N1)	487	1926
HA|PP755589.1|A/cattle/Texas/24-008749-003/2024(H5N1)	488	1926
HA|PP755589.1|A/cattle/Texas/24-008749-003/2024(H5N1)	489	1931
HA|PP755589.1|A/cattle/Texas/24-008749-003/2024(H5N1)	490	1935
HA|PP755589.1|A/cattle/Texas/24-008749-003/2024(H5N1)	491	1969
HA|PP755589.1|A/cattle/Texas/24-008749-003/2024(H5N1)	492	1971
HA|PP755589.1|A/cattle/Texas/24-008749-003/2024(H5N1)	493	1963
HA|PP755589.1|A/cattle/Texas/24-008749-003/2024(H5N1)	494	1963
HA|PP755589.1|A/cattle/Texas/24-008749-003/2024(H5N1)	495	1967
HA|PP755589.1|A/cattle/Texas/24-008749-003/2024(H5N1)	496	1958
HA|PP755589.1|A/cattle/Texas/24-008749-003/2024(H5N1)	497	1951
HA|PP755589.1|A/cattle/Texas/24-008749-003/2024(H5N1)	498	1945
HA|PP755589.1|A/cattle/Texas/24-008749-003/2024(H5N1)	499	1959
HA|PP755589.1|A/cattle/Texas/24-008749-003/2024(H5N1)	500	1959
HA|PP755589.1|A/cattle/Texas/24-008749-003/2024(H5N1)	501	1984
HA|PP755589.1|A/cattle/Texas/24-008749-003/2024(H5N1)	502	2005
HA|PP755589.1|A/cattle/Texas/24-008749-003/2024(H5N1)	503	2001
HA|PP755589.1|A/cattle/Texas/24-008749-003/2024(H5N1)	504	1990
HA|PP755589.1|A/cattle/Texas/24-008749-003/2024(H5N1)	505	1991
HA|PP755589.1|A/cattle/Texas/24-008749-003/2024(H5N1)	506	1985
HA|PP755589.1|A/cattle/Texas/24-008749-003/2024(H5N1)	507	1990
HA|PP755589.1|A/cattle/Texas/24-008749-003/2024(H5N1)	508	1980
HA|PP755589.1|A/cattle/Texas/24-008749-003/2024(H5N1)	509	1971
HA|PP755589.1|A/cattle/Texas/24-008749-003/2024(H5N1)	510	1973
HA|PP755589.1|A/cattle/Texas/24-008749-003/2024(H5N1)	511	1966
HA|PP755589.1|A/cattle/Texas/24-008749-003/2024(H5N1)	512	2022
HA|PP755589.1|A/cattle/Texas/24-008749-003/2024(H5N1)	513	2023
HA|PP755589.1|A/cattle/Texas/24-008749-003/2024(H5N1)	514	2021
HA|PP755589.1|A/cattle/Texas/24-008749-003/2024(H5N1)	515	2016
HA|PP755589.1|A/cattle/Texas/24-008749-003/2024(H5N1)	516	2037
HA|PP755589.1|A/cattle/Texas/24-008749-003/2024(H5N1)	517	2035
HA|PP755589.1|A/cattle/Texas/24-008749-003/2024(H5N1)	518	2038
HA|PP755589.1|A/cattle/Texas/24-008749-003/2024(H5N1)	519	2082
HA|PP755589.1|A/cattle/Texas/24-008749-003/2024(H5N1)	520	2079
HA|PP755589.1|A/cattle/Texas/24-008749-003/2024(H5N1)	521	2060
HA|PP755589.1|A/cattle/Texas/24-008749-003/2024(H5N1)	522	2059
HA|PP755589.1|A/cattle/Texas/24-008749-003/2024(H5N1)	523	2070
HA|PP755589.1|A/cattle/Texas/24-008749-003/2024(H5N1)	524	2153
HA|PP755589.1|A/cattle/Texas/24-008749-003/2024(H5N1)	525	2137
HA|PP755589.1|A/cattle/Texas/24-008749-003/2024(H5N1)	526	2146
HA|PP755589.1|A/cattle/Texas/24-008749-003/2024(H5N1)	527	2062
HA|PP755589.1|A/cattle/Texas/24-008749-003/2024(H5N1)	528	2055
HA|PP755589.1|A/cattle/Texas/24-008749-003/2024(H5N1)	529	2049
HA|PP755589.1|A/cattle/Texas/24-008749-003/2024(H5N1)	530	2046
HA|PP755589.1|A/cattle/Texas/24-008749-003/2024(H5N1)	531	2058
HA|PP755589.1|A/cattle/Texas/24-008749-003/2024(H5N1)	532	1997
HA|PP755589.1|A/cattle/Texas/24-008749-003/2024(H5N1)	533	1958
HA|PP755589.1|A/cattle/Texas/24-008749-003/2024(H5N1)	534	1956
HA|PP755589.1|A/cattle/Texas/24-008749-003/2024(H5N1)	535	1977
HA|PP755589.1|A/cattle/Texas/24-008749-003/2024(H5N1)	536	2000
HA|PP755589.1|A/cattle/Texas/24-008749-003/2024(H5N1)	537	1998
HA|PP755589.1|A/cattle/Texas/24-008749-003/2024(H5N1)	538	1998
HA|PP755589.1|A/cattle/Texas/24-008749-003/2024(H5N1)	539	2007
HA|PP755589.1|A/cattle/Texas/24-008749-003/2024(H5N1)	540	2090
HA|PP755589.1|A/cattle/Texas/24-008749-003/2024(H5N1)	541	2094
HA|PP755589.1|A/cattle/Texas/24-008749-003/2024(H5N1)	542	2086
HA|PP755589.1|A/cattle/Texas/24-008749-003/2024(H5N1)	543	2086
HA|PP755589.1|A/cattle/Texas/24-008749-003/2024(H5N1)	544	2045
HA|PP755589.1|A/cattle/Texas/24-008749-003/2024(H5N1)	545	2032
HA|PP755589.1|A/cattle/Texas/24-008749-003/2024(H5N1)	546	2025
HA|PP755589.1|A/cattle/Texas/24-008749-003/2024(H5N1)	547	2024
HA|PP755589.1|A/cattle/Texas/24-008749-003/2024(H5N1)	548	2014
HA|PP755589.1|A/cattle/Texas/24-008749-003/2024(H5N1)	549	1939
HA|PP755589.1|A/cattle/Texas/24-008749-003/2024(H5N1)	550	1936
HA|PP755589.1|A/cattle/Texas/24-008749-003/2024(H5N1)	551	1980
HA|PP755589.1|A/cattle/Texas/24-008749-003/2024(H5N1)	552	2002
HA|PP755589.1|A/cattle/Texas/24-008749-003/2024(H5N1)	553	2004
HA|PP755589.1|A/cattle/Texas/24-008749-003/2024(H5N1)	554	2004
HA|PP755589.1|A/cattle/Texas/24-008749-003/2024(H5N1)	555	1995
HA|PP755589.1|A/cattle/Texas/24-008749-003/2024(H5N1)	556	1995
HA|PP755589.1|A/cattle/Texas/24-008749-003/2024(H5N1)	557	2011
HA|PP755589.1|A/cattle/Texas/24-008749-003/2024(H5N1)	558	2005
HA|PP755589.1|A/cattle/Texas/24-008749-003/2024(H5N1)	559	2021
HA|PP755589.1|A/cattle/Texas/24-008749-003/2024(H5N1)	560	2024
HA|PP755589.1|A/cattle/Texas/24-008749-003/2024(H5N1)	561	2048
HA|PP755589.1|A/cattle/Texas/24-008749-003/2024(H5N1)	562	2096
HA|PP755589.1|A/cattle/Texas/24-008749-003/2024(H5N1)	563	2118
HA|PP755589.1|A/cattle/Texas/24-008749-003/2024(H5N1)	564	2141
HA|PP755589.1|A/cattle/Texas/24-008749-003/2024(H5N1)	565	2150
HA|PP755589.1|A/cattle/Texas/24-008749-003/2024(H5N1)	566	2153
HA|PP755589.1|A/cattle/Texas/24-008749-003/2024(H5N1)	567	2156
HA|PP755589.1|A/cattle/Texas/24-008749-003/2024(H5N1)	568	2153
HA|PP755589.1|A/cattle/Texas/24-008749-003/2024(H5N1)	569	2154
HA|PP755589.1|A/cattle/Texas/24-008749-003/2024(H5N1)	570	2132
HA|PP755589.1|A/cattle/Texas/24-008749-003/2024(H5N1)	571	2131
HA|PP755589.1|A/cattle/Texas/24-008749-003/2024(H5N1)	572	2071
HA|PP755589.1|A/cattle/Texas/24-008749-003/2024(H5N1)	573	2119
HA|PP755589.1|A/cattle/Texas/24-008749-003/2024(H5N1)	574	2102
HA|PP755589.1|A/cattle/Texas/24-008749-003/2024(H5N1)	575	2089
HA|PP755589.1|A/cattle/Texas/24-008749-003/2024(H5N1)	576	2120
HA|PP755589.1|A/cattle/Texas/24-008749-003/2024(H5N1)	577	2115
HA|PP755589.1|A/cattle/Texas/24-008749-003/2024(H5N1)	578	2127
HA|PP755589.1|A/cattle/Texas/24-008749-003/2024(H5N1)	579	2123
HA|PP755589.1|A/cattle/Texas/24-008749-003/2024(H5N1)	580	2098
HA|PP755589.1|A/cattle/Texas/24-008749-003/2024(H5N1)	581	2100
HA|PP755589.1|A/cattle/Texas/24-008749-003/2024(H5N1)	582	2060
HA|PP755589.1|A/cattle/Texas/24-008749-003/2024(H5N1)	583	2070
HA|PP755589.1|A/cattle/Texas/24-008749-003/2024(H5N1)	584	2068
HA|PP755589.1|A/cattle/Texas/24-008749-003/2024(H5N1)	585	2085
HA|PP755589.1|A/cattle/Texas/24-008749-003/2024(H5N1)	586	2109
HA|PP755589.1|A/cattle/Texas/24-008749-003/2024(H5N1)	587	2095
HA|PP755589.1|A/cattle/Texas/24-008749-003/2024(H5N1)	588	2115
HA|PP755589.1|A/cattle/Texas/24-008749-003/2024(H5N1)	589	2120
HA|PP755589.1|A/cattle/Texas/24-008749-003/2024(H5N1)	590	2115
HA|PP755589.1|A/cattle/Texas/24-008749-003/2024(H5N1)	591	2123
HA|PP755589.1|A/cattle/Texas/24-008749-003/2024(H5N1)	592	2115
HA|PP755589.1|A/cattle/Texas/24-008749-003/2024(H5N1)	593	2119
HA|PP755589.1|A/cattle/Texas/24-008749-003/2024(H5N1)	594	2130
HA|PP755589.1|A/cattle/Texas/24-008749-003/2024(H5N1)	595	2110
HA|PP755589.1|A/cattle/Texas/24-008749-003/2024(H5N1)	596	2169
HA|PP755589.1|A/cattle/Texas/24-008749-003/2024(H5N1)	597	2146
HA|PP755589.1|A/cattle/Texas/24-008749-003/2024(H5N1)	598	2149
HA|PP755589.1|A/cattle/Texas/24-008749-003/2024(H5N1)	599	2149
HA|PP755589.1|A/cattle/Texas/24-008749-003/2024(H5N1)	600	2138
HA|PP755589.1|A/cattle/Texas/24-008749-003/2024(H5N1)	601	2143
HA|PP755589.1|A/cattle/Texas/24-008749-003/2024(H5N1)	602	2155
HA|PP755589.1|A/cattle/Texas/24-008749-003/2024(H5N1)	603	2146
HA|PP755589.1|A/cattle/Texas/24-008749-003/2024(H5N1)	604	2150
HA|PP755589.1|A/cattle/Texas/24-008749-003/2024(H5N1)	605	2150
HA|PP755589.1|A/cattle/Texas/24-008749-003/2024(H5N1)	606	2150
HA|PP755589.1|A/cattle/Texas/24-008749-003/2024(H5N1)	607	2156
HA|PP755589.1|A/cattle/Texas/24-008749-003/2024(H5N1)	608	2157
HA|PP755589.1|A/cattle/Texas/24-008749-003/2024(H5N1)	609	2161
HA|PP755589.1|A/cattle/Texas/24-008749-003/2024(H5N1)	610	2174
HA|PP755589.1|A/cattle/Texas/24-008749-003/2024(H5N1)	611	2182
HA|PP755589.1|A/cattle/Texas/24-008749-003/2024(H5N1)	612	2177
HA|PP755589.1|A/cattle/Texas/24-008749-003/2024(H5N1)	613	2192
HA|PP755589.1|A/cattle/Texas/24-008749-003/2024(H5N1)	614	2207
HA|PP755589.1|A/cattle/Texas/24-008749-003/2024(H5N1)	615	2236
HA|PP755589.1|A/cattle/Texas/24-008749-003/2024(H5N1)	616	2236
HA|PP755589.1|A/cattle/Texas/24-008749-003/2024(H5N1)	617	2229
HA|PP755589.1|A/cattle/Texas/24-008749-003/2024(H5N1)	618	2218
HA|PP755589.1|A/cattle/Texas/24-008749-003/2024(H5N1)	619	2219
HA|PP755589.1|A/cattle/Texas/24-008749-003/2024(H5N1)	620	2240
HA|PP755589.1|A/cattle/Texas/24-008749-003/2024(H5N1)	621	2243
HA|PP755589.1|A/cattle/Texas/24-008749-003/2024(H5N1)	622	2234
HA|PP755589.1|A/cattle/Texas/24-008749-003/2024(H5N1)	623	2236
HA|PP755589.1|A/cattle/Texas/24-008749-003/2024(H5N1)	624	2235
HA|PP755589.1|A/cattle/Texas/24-008749-003/2024(H5N1)	625	2268
HA|PP755589.1|A/cattle/Texas/24-008749-003/2024(H5N1)	626	2270
HA|PP755589.1|A/cattle/Texas/24-008749-003/2024(H5N1)	627	2275
HA|PP755589.1|A/cattle/Texas/24-008749-003/2024(H5N1)	628	2264
HA|PP755589.1|A/cattle/Texas/24-008749-003/2024(H5N1)	629	2256
HA|PP755589.1|A/cattle/Texas/24-008749-003/2024(H5N1)	630	2256
HA|PP755589.1|A/cattle/Texas/24-008749-003/2024(H5N1)	631	2275
HA|PP755589.1|A/cattle/Texas/24-008749-003/2024(H5N1)	632	2287
HA|PP755589.1|A/cattle/Texas/24-008749-003/2024(H5N1)	633	2297
HA|PP755589.1|A/cattle/Texas/24-008749-003/2024(H5N1)	634	2304
HA|PP755589.1|A/cattle/Texas/24-008749-003/2024(H5N1)	635	2325
HA|PP755589.1|A/cattle/Texas/24-008749-003/2024(H5N1)	636	2323
HA|PP755589.1|A/cattle/Texas/24-008749-003/2024(H5N1)	637	2322
HA|PP755589.1|A/cattle/Texas/24-008749-003/2024(H5N1)	638	2343
HA|PP755589.1|A/cattle/Texas/24-008749-003/2024(H5N1)	639	2341
HA|PP755589.1|A/cattle/Texas/24-008749-003/2024(H5N1)	640	2337
HA|PP755589.1|A/cattle/Texas/24-008749-003/2024(H5N1)	641	2337
HA|PP755589.1|A/cattle/Texas/24-008749-003/2024(H5N1)	642	2327
HA|PP755589.1|A/cattle/Texas/24-008749-003/2024(H5N1)	643	2333
HA|PP755589.1|A/cattle/Texas/24-008749-003/2024(H5N1)	644	2327
HA|PP755589.1|A/cattle/Texas/24-008749-003/2024(H5N1)	645	2326
HA|PP755589.1|A/cattle/Texas/24-008749-003/2024(H5N1)	646	2328
HA|PP755589.1|A/cattle/Texas/24-008749-003/2024(H5N1)	647	2345
HA|PP755589.1|A/cattle/Texas/24-008749-003/2024(H5N1)	648	2350
HA|PP755589.1|A/cattle/Texas/24-008749-003/2024(H5N1)	649	2337
HA|PP755589.1|A/cattle/Texas/24-008749-003/2024(H5N1)	650	2337
HA|PP755589.1|A/cattle/Texas/24-008749-003/2024(H5N1)	651	2334
HA|PP755589.1|A/cattle/Texas/24-008749-003/2024(H5N1)	652	2335
HA|PP755589.1|A/cattle/Texas/24-008749-003/2024(H5N1)	653	2341
HA|PP755589.1|A/cattle/Texas/24-008749-003/2024(H5N1)	654	2343
HA|PP755589.1|A/cattle/Texas/24-008749-003/2024(H5N1)	655	2340
HA|PP755589.1|A/cattle/Texas/24-008749-003/2024(H5N1)	656	2341
HA|PP755589.1|A/cattle/Texas/24-008749-003/2024(H5N1)	657	2342
HA|PP755589.1|A/cattle/Texas/24-008749-003/2024(H5N1)	658	2366
HA|PP755589.1|A/cattle/Texas/24-008749-003/2024(H5N1)	659	2382
HA|PP755589.1|A/cattle/Texas/24-008749-003/2024(H5N1)	660	2375
HA|PP755589.1|A/cattle/Texas/24-008749-003/2024(H5N1)	661	2399
HA|PP755589.1|A/cattle/Texas/24-008749-003/2024(H5N1)	662	2393
HA|PP755589.1|A/cattle/Texas/24-008749-003/2024(H5N1)	663	2404
HA|PP755589.1|A/cattle/Texas/24-008749-003/2024(H5N1)	664	2416
HA|PP755589.1|A/cattle/Texas/24-008749-003/2024(H5N1)	665	2418
HA|PP755589.1|A/cattle/Texas/24-008749-003/2024(H5N1)	666	2453
HA|PP755589.1|A/cattle/Texas/24-008749-003/2024(H5N1)	667	2444
HA|PP755589.1|A/cattle/Texas/24-008749-003/2024(H5N1)	668	2424
HA|PP755589.1|A/cattle/Texas/24-008749-003/2024(H5N1)	669	2425
HA|PP755589.1|A/cattle/Texas/24-008749-003/2024(H5N1)	670	2440
HA|PP755589.1|A/cattle/Texas/24-008749-003/2024(H5N1)	671	2443
HA|PP755589.1|A/cattle/Texas/24-008749-003/2024(H5N1)	672	2452
HA|PP755589.1|A/cattle/Texas/24-008749-003/2024(H5N1)	673	2442
HA|PP755589.1|A/cattle/Texas/24-008749-003/2024(H5N1)	674	2447
HA|PP755589.1|A/cattle/Texas/24-008749-003/2024(H5N1)	675	2448
HA|PP755589.1|A/cattle/Texas/24-008749-003/2024(H5N1)	676	2446
HA|PP755589.1|A/cattle/Texas/24-008749-003/2024(H5N1)	677	2464
HA|PP755589.1|A/cattle/Texas/24-008749-003/2024(H5N1)	678	2468
HA|PP755589.1|A/cattle/Texas/24-008749-003/2024(H5N1)	679	2496
HA|PP755589.1|A/cattle/Texas/24-008749-003/2024(H5N1)	680	2488
HA|PP755589.1|A/cattle/Texas/24-008749-003/2024(H5N1)	681	2503
HA|PP755589.1|A/cattle/Texas/24-008749-003/2024(H5N1)	682	2480
HA|PP755589.1|A/cattle/Texas/24-008749-003/2024(H5N1)	683	2480
HA|PP755589.1|A/cattle/Texas/24-008749-003/2024(H5N1)	684	2550
HA|PP755589.1|A/cattle/Texas/24-008749-003/2024(H5N1)	685	2563
HA|PP755589.1|A/cattle/Texas/24-008749-003/2024(H5N1)	686	2569
HA|PP755589.1|A/cattle/Texas/24-008749-003/2024(H5N1)	687	2566
HA|PP755589.1|A/cattle/Texas/24-008749-003/2024(H5N1)	688	2564
HA|PP755589.1|A/cattle/Texas/24-008749-003/2024(H5N1)	689	2564
HA|PP755589.1|A/cattle/Texas/24-008749-003/2024(H5N1)	690	2565
HA|PP755589.1|A/cattle/Texas/24-008749-003/2024(H5N1)	691	2592
HA|PP755589.1|A/cattle/Texas/24-008749-003/2024(H5N1)	692	2601
HA|PP755589.1|A/cattle/Texas/24-008749-003/2024(H5N1)	693	2606
HA|PP755589.1|A/cattle/Texas/24-008749-003/2024(H5N1)	694	2603
HA|PP755589.1|A/cattle/Texas/24-008749-003/2024(H5N1)	695	2607
HA|PP755589.1|A/cattle/Texas/24-008749-003/2024(H5N1)	696	2618
HA|PP755589.1|A/cattle/Texas/24-008749-003/2024(H5N1)	697	2622
HA|PP755589.1|A/cattle/Texas/24-008749-003/2024(H5N1)	698	2617
HA|PP755589.1|A/cattle/Texas/24-008749-003/2024(H5N1)	699	2671
HA|PP755589.1|A/cattle/Texas/24-008749-003/2024(H5N1)	700	2664
HA|PP755589.1|A/cattle/Texas/24-008749-003/2024(H5N1)	701	2676
HA|PP755589.1|A/cattle/Texas/24-008749-003/2024(H5N1)	702	2669
HA|PP755589.1|A/cattle/Texas/24-008749-003/2024(H5N1)	703	2658
HA|PP755589.1|A/cattle/Texas/24-008749-003/2024(H5N1)	704	2665
HA|PP755589.1|A/cattle/Texas/24-008749-003/2024(H5N1)	705	2654
HA|PP755589.1|A/cattle/Texas/24-008749-003/2024(H5N1)	706	2663
HA|PP755589.1|A/cattle/Texas/24-008749-003/2024(H5N1)	707	2628
HA|PP755589.1|A/cattle/Texas/24-008749-003/2024(H5N1)	708	2623
HA|PP755589.1|A/cattle/Texas/24-008749-003/2024(H5N1)	709	2614
HA|PP755589.1|A/cattle/Texas/24-008749-003/2024(H5N1)	710	2610
HA|PP755589.1|A/cattle/Texas/24-008749-003/2024(H5N1)	711	2614
HA|PP755589.1|A/cattle/Texas/24-008749-003/2024(H5N1)	712	2643
HA|PP755589.1|A/cattle/Texas/24-008749-003/2024(H5N1)	713	2633
HA|PP755589.1|A/cattle/Texas/24-008749-003/2024(H5N1)	714	2666
HA|PP755589.1|A/cattle/Texas/24-008749-003/2024(H5N1)	715	2667
HA|PP755589.1|A/cattle/Texas/24-008749-003/2024(H5N1)	716	2678
HA|PP755589.1|A/cattle/Texas/24-008749-003/2024(H5N1)	717	2684
HA|PP755589.1|A/cattle/Texas/24-008749-003/2024(H5N1)	718	2680
HA|PP755589.1|A/cattle/Texas/24-008749-003/2024(H5N1)	719	2683
HA|PP755589.1|A/cattle/Texas/24-008749-003/2024(H5N1)	720	2684
HA|PP755589.1|A/cattle/Texas/24-008749-003/2024(H5N1)	721	2691
HA|PP755589.1|A/cattle/Texas/24-008749-003/2024(H5N1)	722	2695
HA|PP755589.1|A/cattle/Texas/24-008749-003/2024(H5N1)	723	2670
HA|PP755589.1|A/cattle/Texas/24-008749-003/2024(H5N1)	724	2670
HA|PP755589.1|A/cattle/Texas/24-008749-003/2024(H5N1)	725	2651
HA|PP755589.1|A/cattle/Texas/24-008749-003/2024(H5N1)	726	2651
HA|PP755589.1|A/cattle/Texas/24-008749-003/2024(H5N1)	727	2660
HA|PP755589.1|A/cattle/Texas/24-008749-003/2024(H5N1)	728	2662
HA|PP755589.1|A/cattle/Texas/24-008749-003/2024(H5N1)	729	2663
HA|PP755589.1|A/cattle/Texas/24-008749-003/2024(H5N1)	730	2657
HA|PP755589.1|A/cattle/Texas/24-008749-003/2024(H5N1)	731	2657
HA|PP755589.1|A/cattle/Texas/24-008749-003/2024(H5N1)	732	2720
HA|PP755589.1|A/cattle/Texas/24-008749-003/2024(H5N1)	733	2718
HA|PP755589.1|A/cattle/Texas/24-008749-003/2024(H5N1)	734	2726
HA|PP755589.1|A/cattle/Texas/24-008749-003/2024(H5N1)	735	2712
HA|PP755589.1|A/cattle/Texas/24-008749-003/2024(H5N1)	736	2705
HA|PP755589.1|A/cattle/Texas/24-008749-003/2024(H5N1)	737	2710
HA|PP755589.1|A/cattle/Texas/24-008749-003/2024(H5N1)	738	2708
HA|PP755589.1|A/cattle/Texas/24-008749-003/2024(H5N1)	739	2707
HA|PP755589.1|A/cattle/Texas/24-008749-003/2024(H5N1)	740	2704
HA|PP755589.1|A/cattle/Texas/24-008749-003/2024(H5N1)	741	2614
HA|PP755589.1|A/cattle/Texas/24-008749-003/2024(H5N1)	742	2661
HA|PP755589.1|A/cattle/Texas/24-008749-003/2024(H5N1)	743	2690
HA|PP755589.1|A/cattle/Texas/24-008749-003/2024(H5N1)	744	2704
HA|PP755589.1|A/cattle/Texas/24-008749-003/2024(H5N1)	745	2704
HA|PP755589.1|A/cattle/Texas/24-008749-003/2024(H5N1)	746	2703
HA|PP755589.1|A/cattle/Texas/24-008749-003/2024(H5N1)	747	2707
HA|PP755589.1|A/cattle/Texas/24-008749-003/2024(H5N1)	748	2716
HA|PP755589.1|A/cattle/Texas/24-008749-003/2024(H5N1)	749	2719
HA|PP755589.1|A/cattle/Texas/24-008749-003/2024(H5N1)	750	2706
HA|PP755589.1|A/cattle/Texas/24-008749-003/2024(H5N1)	751	2708
HA|PP755589.1|A/cattle/Texas/24-008749-003/2024(H5N1)	752	2674
HA|PP755589.1|A/cattle/Texas/24-008749-003/2024(H5N1)	753	2655
HA|PP755589.1|A/cattle/Texas/24-008749-003/2024(H5N1)	754	2653
HA|PP755589.1|A/cattle/Texas/24-008749-003/2024(H5N1)	755	2673
HA|PP755589.1|A/cattle/Texas/24-008749-003/2024(H5N1)	756	2673
HA|PP755589.1|A/cattle/Texas/24-008749-003/2024(H5N1)	757	2669
HA|PP755589.1|A/cattle/Texas/24-008749-003/2024(H5N1)	758	2688
HA|PP755589.1|A/cattle/Texas/24-008749-003/2024(H5N1)	759	2692
HA|PP755589.1|A/cattle/Texas/24-008749-003/2024(H5N1)	760	2694
HA|PP755589.1|A/cattle/Texas/24-008749-003/2024(H5N1)	761	2697
HA|PP755589.1|A/cattle/Texas/24-008749-003/2024(H5N1)	762	2689
HA|PP755589.1|A/cattle/Texas/24-008749-003/2024(H5N1)	763	2651
HA|PP755589.1|A/cattle/Texas/24-008749-003/2024(H5N1)	764	2647
HA|PP755589.1|A/cattle/Texas/24-008749-003/2024(H5N1)	765	2658
HA|PP755589.1|A/cattle/Texas/24-008749-003/2024(H5N1)	766	2644
HA|PP755589.1|A/cattle/Texas/24-008749-003/2024(H5N1)	767	2621
HA|PP755589.1|A/cattle/Texas/24-008749-003/2024(H5N1)	768	2636
HA|PP755589.1|A/cattle/Texas/24-008749-003/2024(H5N1)	769	2638
HA|PP755589.1|A/cattle/Texas/24-008749-003/2024(H5N1)	770	2628
HA|PP755589.1|A/cattle/Texas/24-008749-003/2024(H5N1)	771	2609
HA|PP755589.1|A/cattle/Texas/24-008749-003/2024(H5N1)	772	2606
HA|PP755589.1|A/cattle/Texas/24-008749-003/2024(H5N1)	773	2605
HA|PP755589.1|A/cattle/Texas/24-008749-003/2024(H5N1)	774	2592
HA|PP755589.1|A/cattle/Texas/24-008749-003/2024(H5N1)	775	2506
HA|PP755589.1|A/cattle/Texas/24-008749-003/2024(H5N1)	776	2515
HA|PP755589.1|A/cattle/Texas/24-008749-003/2024(H5N1)	777	2496
HA|PP755589.1|A/cattle/Texas/24-008749-003/2024(H5N1)	778	2493
HA|PP755589.1|A/cattle/Texas/24-008749-003/2024(H5N1)	779	2491
HA|PP755589.1|A/cattle/Texas/24-008749-003/2024(H5N1)	780	2491
HA|PP755589.1|A/cattle/Texas/24-008749-003/2024(H5N1)	781	2481
HA|PP755589.1|A/cattle/Texas/24-008749-003/2024(H5N1)	782	2480
HA|PP755589.1|A/cattle/Texas/24-008749-003/2024(H5N1)	783	2480
HA|PP755589.1|A/cattle/Texas/24-008749-003/2024(H5N1)	784	2485
HA|PP755589.1|A/cattle/Texas/24-008749-003/2024(H5N1)	785	2470
HA|PP755589.1|A/cattle/Texas/24-008749-003/2024(H5N1)	786	2454
HA|PP755589.1|A/cattle/Texas/24-008749-003/2024(H5N1)	787	2442
HA|PP755589.1|A/cattle/Texas/24-008749-003/2024(H5N1)	788	2440
HA|PP755589.1|A/cattle/Texas/24-008749-003/2024(H5N1)	789	2437
HA|PP755589.1|A/cattle/Texas/24-008749-003/2024(H5N1)	790	2431
HA|PP755589.1|A/cattle/Texas/24-008749-003/2024(H5N1)	791	2365
HA|PP755589.1|A/cattle/Texas/24-008749-003/2024(H5N1)	792	2359
HA|PP755589.1|A/cattle/Texas/24-008749-003/2024(H5N1)	793	2563
HA|PP755589.1|A/cattle/Texas/24-008749-003/2024(H5N1)	794	2577
HA|PP755589.1|A/cattle/Texas/24-008749-003/2024(H5N1)	795	2575
HA|PP755589.1|A/cattle/Texas/24-008749-003/2024(H5N1)	796	2589
HA|PP755589.1|A/cattle/Texas/24-008749-003/2024(H5N1)	797	2588
HA|PP755589.1|A/cattle/Texas/24-008749-003/2024(H5N1)	798	2596
HA|PP755589.1|A/cattle/Texas/24-008749-003/2024(H5N1)	799	2624
HA|PP755589.1|A/cattle/Texas/24-008749-003/2024(H5N1)	800	2652
HA|PP755589.1|A/cattle/Texas/24-008749-003/2024(H5N1)	801	2654
HA|PP755589.1|A/cattle/Texas/24-008749-003/2024(H5N1)	802	2605
HA|PP755589.1|A/cattle/Texas/24-008749-003/2024(H5N1)	803	2589
HA|PP755589.1|A/cattle/Texas/24-008749-003/2024(H5N1)	804	2587
HA|PP755589.1|A/cattle/Texas/24-008749-003/2024(H5N1)	805	2579
HA|PP755589.1|A/cattle/Texas/24-008749-003/2024(H5N1)	806	2579
HA|PP755589.1|A/cattle/Texas/24-008749-003/2024(H5N1)	807	2577
HA|PP755589.1|A/cattle/Texas/24-008749-003/2024(H5N1)	808	2562
HA|PP755589.1|A/cattle/Texas/24-008749-003/2024(H5N1)	809	2575
HA|PP755589.1|A/cattle/Texas/24-008749-003/2024(H5N1)	810	2564
HA|PP755589.1|A/cattle/Texas/24-008749-003/2024(H5N1)	811	2559
HA|PP755589.1|A/cattle/Texas/24-008749-003/2024(H5N1)	812	2547
HA|PP755589.1|A/cattle/Texas/24-008749-003/2024(H5N1)	813	2508
HA|PP755589.1|A/cattle/Texas/24-008749-003/2024(H5N1)	814	2495
HA|PP755589.1|A/cattle/Texas/24-008749-003/2024(H5N1)	815	2453
HA|PP755589.1|A/cattle/Texas/24-008749-003/2024(H5N1)	816	2568
HA|PP755589.1|A/cattle/Texas/24-008749-003/2024(H5N1)	817	2577
HA|PP755589.1|A/cattle/Texas/24-008749-003/2024(H5N1)	818	2591
HA|PP755589.1|A/cattle/Texas/24-008749-003/2024(H5N1)	819	2581
HA|PP755589.1|A/cattle/Texas/24-008749-003/2024(H5N1)	820	2605
HA|PP755589.1|A/cattle/Texas/24-008749-003/2024(H5N1)	821	2599
HA|PP755589.1|A/cattle/Texas/24-008749-003/2024(H5N1)	822	2598
HA|PP755589.1|A/cattle/Texas/24-008749-003/2024(H5N1)	823	2614
HA|PP755589.1|A/cattle/Texas/24-008749-003/2024(H5N1)	824	2577
HA|PP755589.1|A/cattle/Texas/24-008749-003/2024(H5N1)	825	2574
HA|PP755589.1|A/cattle/Texas/24-008749-003/2024(H5N1)	826	2560
HA|PP755589.1|A/cattle/Texas/24-008749-003/2024(H5N1)	827	2561
HA|PP755589.1|A/cattle/Texas/24-008749-003/2024(H5N1)	828	2561
HA|PP755589.1|A/cattle/Texas/24-008749-003/2024(H5N1)	829	2554
HA|PP755589.1|A/cattle/Texas/24-008749-003/2024(H5N1)	830	2561
HA|PP755589.1|A/cattle/Texas/24-008749-003/2024(H5N1)	831	2574
HA|PP755589.1|A/cattle/Texas/24-008749-003/2024(H5N1)	832	2563
HA|PP755589.1|A/cattle/Texas/24-008749-003/2024(H5N1)	833	2566
HA|PP755589.1|A/cattle/Texas/24-008749-003/2024(H5N1)	834	2570
HA|PP755589.1|A/cattle/Texas/24-008749-003/2024(H5N1)	835	2573
HA|PP755589.1|A/cattle/Texas/24-008749-003/2024(H5N1)	836	2549
HA|PP755589.1|A/cattle/Texas/24-008749-003/2024(H5N1)	837	2543
HA|PP755589.1|A/cattle/Texas/24-008749-003/2024(H5N1)	838	2567
HA|PP755589.1|A/cattle/Texas/24-008749-003/2024(H5N1)	839	2549
HA|PP755589.1|A/cattle/Texas/24-008749-003/2024(H5N1)	840	2540
HA|PP755589.1|A/cattle/Texas/24-008749-003/2024(H5N1)	841	2546
HA|PP755589.1|A/cattle/Texas/24-008749-003/2024(H5N1)	842	2526
HA|PP755589.1|A/cattle/Texas/24-008749-003/2024(H5N1)	843	2536
HA|PP755589.1|A/cattle/Texas/24-008749-003/2024(H5N1)	844	2545
HA|PP755589.1|A/cattle/Texas/24-008749-003/2024(H5N1)	845	2546
HA|PP755589.1|A/cattle/Texas/24-008749-003/2024(H5N1)	846	2549
HA|PP755589.1|A/cattle/Texas/24-008749-003/2024(H5N1)	847	2494
HA|PP755589.1|A/cattle/Texas/24-008749-003/2024(H5N1)	848	2497
HA|PP755589.1|A/cattle/Texas/24-008749-003/2024(H5N1)	849	2486
HA|PP755589.1|A/cattle/Texas/24-008749-003/2024(H5N1)	850	2476
HA|PP755589.1|A/cattle/Texas/24-008749-003/2024(H5N1)	851	2492
HA|PP755589.1|A/cattle/Texas/24-008749-003/2024(H5N1)	852	2491
HA|PP755589.1|A/cattle/Texas/24-008749-003/2024(H5N1)	853	2512
HA|PP755589.1|A/cattle/Texas/24-008749-003/2024(H5N1)	854	2499
HA|PP755589.1|A/cattle/Texas/24-008749-003/2024(H5N1)	855	2534
HA|PP755589.1|A/cattle/Texas/24-008749-003/2024(H5N1)	856	2597
HA|PP755589.1|A/cattle/Texas/24-008749-003/2024(H5N1)	857	2620
HA|PP755589.1|A/cattle/Texas/24-008749-003/2024(H5N1)	858	2628
HA|PP755589.1|A/cattle/Texas/24-008749-003/2024(H5N1)	859	2612
HA|PP755589.1|A/cattle/Texas/24-008749-003/2024(H5N1)	860	2610
HA|PP755589.1|A/cattle/Texas/24-008749-003/2024(H5N1)	861	2619
HA|PP755589.1|A/cattle/Texas/24-008749-003/2024(H5N1)	862	2607
HA|PP755589.1|A/cattle/Texas/24-008749-003/2024(H5N1)	863	2611
HA|PP755589.1|A/cattle/Texas/24-008749-003/2024(H5N1)	864	2595
HA|PP755589.1|A/cattle/Texas/24-008749-003/2024(H5N1)	865	2580
HA|PP755589.1|A/cattle/Texas/24-008749-003/2024(H5N1)	866	2571
HA|PP755589.1|A/cattle/Texas/24-008749-003/2024(H5N1)	867	2590
HA|PP755589.1|A/cattle/Texas/24-008749-003/2024(H5N1)	868	2614
HA|PP755589.1|A/cattle/Texas/24-008749-003/2024(H5N1)	869	2635
HA|PP755589.1|A/cattle/Texas/24-008749-003/2024(H5N1)	870	2625
HA|PP755589.1|A/cattle/Texas/24-008749-003/2024(H5N1)	871	2613
HA|PP755589.1|A/cattle/Texas/24-008749-003/2024(H5N1)	872	2612
HA|PP755589.1|A/cattle/Texas/24-008749-003/2024(H5N1)	873	2634
HA|PP755589.1|A/cattle/Texas/24-008749-003/2024(H5N1)	874	2639
HA|PP755589.1|A/cattle/Texas/24-008749-003/2024(H5N1)	875	2634
HA|PP755589.1|A/cattle/Texas/24-008749-003/2024(H5N1)	876	2598
HA|PP755589.1|A/cattle/Texas/24-008749-003/2024(H5N1)	877	2594
HA|PP755589.1|A/cattle/Texas/24-008749-003/2024(H5N1)	878	2609
HA|PP755589.1|A/cattle/Texas/24-008749-003/2024(H5N1)	879	2610
HA|PP755589.1|A/cattle/Texas/24-008749-003/2024(H5N1)	880	2626
HA|PP755589.1|A/cattle/Texas/24-008749-003/2024(H5N1)	881	2631
HA|PP755589.1|A/cattle/Texas/24-008749-003/2024(H5N1)	882	2612
HA|PP755589.1|A/cattle/Texas/24-008749-003/2024(H5N1)	883	2597
HA|PP755589.1|A/cattle/Texas/24-008749-003/2024(H5N1)	884	2602
HA|PP755589.1|A/cattle/Texas/24-008749-003/2024(H5N1)	885	2607
HA|PP755589.1|A/cattle/Texas/24-008749-003/2024(H5N1)	886	2607
HA|PP755589.1|A/cattle/Texas/24-008749-003/2024(H5N1)	887	2656
HA|PP755589.1|A/cattle/Texas/24-008749-003/2024(H5N1)	888	2652
HA|PP755589.1|A/cattle/Texas/24-008749-003/2024(H5N1)	889	2649
HA|PP755589.1|A/cattle/Texas/24-008749-003/2024(H5N1)	890	2659
HA|PP755589.1|A/cattle/Texas/24-008749-003/2024(H5N1)	891	2652
HA|PP755589.1|A/cattle/Texas/24-008749-003/2024(H5N1)	892	2647
HA|PP755589.1|A/cattle/Texas/24-008749-003/2024(H5N1)	893	2652
HA|PP755589.1|A/cattle/Texas/24-008749-003/2024(H5N1)	894	2646
HA|PP755589.1|A/cattle/Texas/24-008749-003/2024(H5N1)	895	2641
HA|PP755589.1|A/cattle/Texas/24-008749-003/2024(H5N1)	896	2639
HA|PP755589.1|A/cattle/Texas/24-008749-003/2024(H5N1)	897	2622
HA|PP755589.1|A/cattle/Texas/24-008749-003/2024(H5N1)	898	2621
HA|PP755589.1|A/cattle/Texas/24-008749-003/2024(H5N1)	899	2605
HA|PP755589.1|A/cattle/Texas/24-008749-003/2024(H5N1)	900	2605
HA|PP755589.1|A/cattle/Texas/24-008749-003/2024(H5N1)	901	2605
HA|PP755589.1|A/cattle/Texas/24-008749-003/2024(H5N1)	902	2604
HA|PP755589.1|A/cattle/Texas/24-008749-003/2024(H5N1)	903	2624
HA|PP755589.1|A/cattle/Texas/24-008749-003/2024(H5N1)	904	2620
HA|PP755589.1|A/cattle/Texas/24-008749-003/2024(H5N1)	905	2623
HA|PP755589.1|A/cattle/Texas/24-008749-003/2024(H5N1)	906	2626
HA|PP755589.1|A/cattle/Texas/24-008749-003/2024(H5N1)	907	2622
HA|PP755589.1|A/cattle/Texas/24-008749-003/2024(H5N1)	908	2611
HA|PP755589.1|A/cattle/Texas/24-008749-003/2024(H5N1)	909	2603
HA|PP755589.1|A/cattle/Texas/24-008749-003/2024(H5N1)	910	2600
HA|PP755589.1|A/cattle/Texas/24-008749-003/2024(H5N1)	911	2602
HA|PP755589.1|A/cattle/Texas/24-008749-003/2024(H5N1)	912	2574
HA|PP755589.1|A/cattle/Texas/24-008749-003/2024(H5N1)	913	2584
HA|PP755589.1|A/cattle/Texas/24-008749-003/2024(H5N1)	914	2576
HA|PP755589.1|A/cattle/Texas/24-008749-003/2024(H5N1)	915	2567
HA|PP755589.1|A/cattle/Texas/24-008749-003/2024(H5N1)	916	2586
HA|PP755589.1|A/cattle/Texas/24-008749-003/2024(H5N1)	917	2558
HA|PP755589.1|A/cattle/Texas/24-008749-003/2024(H5N1)	918	2543
HA|PP755589.1|A/cattle/Texas/24-008749-003/2024(H5N1)	919	2554
HA|PP755589.1|A/cattle/Texas/24-008749-003/2024(H5N1)	920	2552
HA|PP755589.1|A/cattle/Texas/24-008749-003/2024(H5N1)	921	2585
HA|PP755589.1|A/cattle/Texas/24-008749-003/2024(H5N1)	922	2580
HA|PP755589.1|A/cattle/Texas/24-008749-003/2024(H5N1)	923	2602
HA|PP755589.1|A/cattle/Texas/24-008749-003/2024(H5N1)	924	2608
HA|PP755589.1|A/cattle/Texas/24-008749-003/2024(H5N1)	925	2624
HA|PP755589.1|A/cattle/Texas/24-008749-003/2024(H5N1)	926	2693
HA|PP755589.1|A/cattle/Texas/24-008749-003/2024(H5N1)	927	2728
HA|PP755589.1|A/cattle/Texas/24-008749-003/2024(H5N1)	928	2725
HA|PP755589.1|A/cattle/Texas/24-008749-003/2024(H5N1)	929	2726
HA|PP755589.1|A/cattle/Texas/24-008749-003/2024(H5N1)	930	2687
HA|PP755589.1|A/cattle/Texas/24-008749-003/2024(H5N1)	931	2685
HA|PP755589.1|A/cattle/Texas/24-008749-003/2024(H5N1)	932	2678
HA|PP755589.1|A/cattle/Texas/24-008749-003/2024(H5N1)	933	2686
HA|PP755589.1|A/cattle/Texas/24-008749-003/2024(H5N1)	934	2699
HA|PP755589.1|A/cattle/Texas/24-008749-003/2024(H5N1)	935	2602
HA|PP755589.1|A/cattle/Texas/24-008749-003/2024(H5N1)	936	2592
HA|PP755589.1|A/cattle/Texas/24-008749-003/2024(H5N1)	937	2589
HA|PP755589.1|A/cattle/Texas/24-008749-003/2024(H5N1)	938	2580
HA|PP755589.1|A/cattle/Texas/24-008749-003/2024(H5N1)	939	2612
HA|PP755589.1|A/cattle/Texas/24-008749-003/2024(H5N1)	940	2618
HA|PP755589.1|A/cattle/Texas/24-008749-003/2024(H5N1)	941	2669
HA|PP755589.1|A/cattle/Texas/24-008749-003/2024(H5N1)	942	2662
HA|PP755589.1|A/cattle/Texas/24-008749-003/2024(H5N1)	943	2666
HA|PP755589.1|A/cattle/Texas/24-008749-003/2024(H5N1)	944	2666
HA|PP755589.1|A/cattle/Texas/24-008749-003/2024(H5N1)	945	2657
HA|PP755589.1|A/cattle/Texas/24-008749-003/2024(H5N1)	946	2656
HA|PP755589.1|A/cattle/Texas/24-008749-003/2024(H5N1)	947	2665
HA|PP755589.1|A/cattle/Texas/24-008749-003/2024(H5N1)	948	2659
HA|PP755589.1|A/cattle/Texas/24-008749-003/2024(H5N1)	949	2658
HA|PP755589.1|A/cattle/Texas/24-008749-003/2024(H5N1)	950	2583
HA|PP755589.1|A/cattle/Texas/24-008749-003/2024(H5N1)	951	2631
HA|PP755589.1|A/cattle/Texas/24-008749-003/2024(H5N1)	952	2619
HA|PP755589.1|A/cattle/Texas/24-008749-003/2024(H5N1)	953	2647
HA|PP755589.1|A/cattle/Texas/24-008749-003/2024(H5N1)	954	2666
HA|PP755589.1|A/cattle/Texas/24-008749-003/2024(H5N1)	955	2659
HA|PP755589.1|A/cattle/Texas/24-008749-003/2024(H5N1)	956	2667
HA|PP755589.1|A/cattle/Texas/24-008749-003/2024(H5N1)	957	2660
HA|PP755589.1|A/cattle/Texas/24-008749-003/2024(H5N1)	958	2665
HA|PP755589.1|A/cattle/Texas/24-008749-003/2024(H5N1)	959	2668
HA|PP755589.1|A/cattle/Texas/24-008749-003/2024(H5N1)	960	2669
HA|PP755589.1|A/cattle/Texas/24-008749-003/2024(H5N1)	961	2663
HA|PP755589.1|A/cattle/Texas/24-008749-003/2024(H5N1)	962	2650
HA|PP755589.1|A/cattle/Texas/24-008749-003/2024(H5N1)	963	2621
HA|PP755589.1|A/cattle/Texas/24-008749-003/2024(H5N1)	964	2618
HA|PP755589.1|A/cattle/Texas/24-008749-003/2024(H5N1)	965	2602
HA|PP755589.1|A/cattle/Texas/24-008749-003/2024(H5N1)	966	2602
HA|PP755589.1|A/cattle/Texas/24-008749-003/2024(H5N1)	967	2601
HA|PP755589.1|A/cattle/Texas/24-008749-003/2024(H5N1)	968	2600
HA|PP755589.1|A/cattle/Texas/24-008749-003/2024(H5N1)	969	2605
HA|PP755589.1|A/cattle/Texas/24-008749-003/2024(H5N1)	970	2603
HA|PP755589.1|A/cattle/Texas/24-008749-003/2024(H5N1)	971	2600
HA|PP755589.1|A/cattle/Texas/24-008749-003/2024(H5N1)	972	2596
HA|PP755589.1|A/cattle/Texas/24-008749-003/2024(H5N1)	973	2600
HA|PP755589.1|A/cattle/Texas/24-008749-003/2024(H5N1)	974	2600
HA|PP755589.1|A/cattle/Texas/24-008749-003/2024(H5N1)	975	2608
HA|PP755589.1|A/cattle/Texas/24-008749-003/2024(H5N1)	976	2611
HA|PP755589.1|A/cattle/Texas/24-008749-003/2024(H5N1)	977	2616
HA|PP755589.1|A/cattle/Texas/24-008749-003/2024(H5N1)	978	2606
HA|PP755589.1|A/cattle/Texas/24-008749-003/2024(H5N1)	979	2624
HA|PP755589.1|A/cattle/Texas/24-008749-003/2024(H5N1)	980	2618
HA|PP755589.1|A/cattle/Texas/24-008749-003/2024(H5N1)	981	2620
HA|PP755589.1|A/cattle/Texas/24-008749-003/2024(H5N1)	982	2626
HA|PP755589.1|A/cattle/Texas/24-008749-003/2024(H5N1)	983	2573
HA|PP755589.1|A/cattle/Texas/24-008749-003/2024(H5N1)	984	2581
HA|PP755589.1|A/cattle/Texas/24-008749-003/2024(H5N1)	985	2570
HA|PP755589.1|A/cattle/Texas/24-008749-003/2024(H5N1)	986	2571
HA|PP755589.1|A/cattle/Texas/24-008749-003/2024(H5N1)	987	2571
HA|PP755589.1|A/cattle/Texas/24-008749-003/2024(H5N1)	988	2567
HA|PP755589.1|A/cattle/Texas/24-008749-003/2024(H5N1)	989	2575
HA|PP755589.1|A/cattle/Texas/24-008749-003/2024(H5N1)	990	2571
HA|PP755589.1|A/cattle/Texas/24-008749-003/2024(H5N1)	991	2590
HA|PP755589.1|A/cattle/Texas/24-008749-003/2024(H5N1)	992	2532
HA|PP755589.1|A/cattle/Texas/24-008749-003/2024(H5N1)	993	2520
HA|PP755589.1|A/cattle/Texas/24-008749-003/2024(H5N1)	994	2525
HA|PP755589.1|A/cattle/Texas/24-008749-003/2024(H5N1)	995	2525
HA|PP755589.1|A/cattle/Texas/24-008749-003/2024(H5N1)	996	2560
HA|PP755589.1|A/cattle/Texas/24-008749-003/2024(H5N1)	997	2566
HA|PP755589.1|A/cattle/Texas/24-008749-003/2024(H5N1)	998	2572
HA|PP755589.1|A/cattle/Texas/24-008749-003/2024(H5N1)	999	2587
HA|PP755589.1|A/cattle/Texas/24-008749-003/2024(H5N1)	1000	2587
HA|PP755589.1|A/cattle/Texas/24-008749-003/2024(H5N1)	1001	2609
HA|PP755589.1|A/cattle/Texas/24-008749-003/2024(H5N1)	1002	2636
HA|PP755589.1|A/cattle/Texas/24-008749-003/2024(H5N1)	1003	2634
HA|PP755589.1|A/cattle/Texas/24-008749-003/2024(H5N1)	1004	2626
HA|PP755589.1|A/cattle/Texas/24-008749-003/2024(H5N1)	1005	2609
HA|PP755589.1|A/cattle/Texas/24-008749-003/2024(H5N1)	1006	2601
HA|PP755589.1|A/cattle/Texas/24-008749-003/2024(H5N1)	1007	2608
HA|PP755589.1|A/cattle/Texas/24-008749-003/2024(H5N1)	1008	2594
HA|PP755589.1|A/cattle/Texas/24-008749-003/2024(H5N1)	1009	2592
HA|PP755589.1|A/cattle/Texas/24-008749-003/2024(H5N1)	1010	2617
HA|PP755589.1|A/cattle/Texas/24-008749-003/2024(H5N1)	1011	2609
HA|PP755589.1|A/cattle/Texas/24-008749-003/2024(H5N1)	1012	2607
HA|PP755589.1|A/cattle/Texas/24-008749-003/2024(H5N1)	1013	2609
HA|PP755589.1|A/cattle/Texas/24-008749-003/2024(H5N1)	1014	2610
HA|PP755589.1|A/cattle/Texas/24-008749-003/2024(H5N1)	1015	2618
HA|PP755589.1|A/cattle/Texas/24-008749-003/2024(H5N1)	1016	2619
HA|PP755589.1|A/cattle/Texas/24-008749-003/2024(H5N1)	1017	2614
HA|PP755589.1|A/cattle/Texas/24-008749-003/2024(H5N1)	1018	2613
HA|PP755589.1|A/cattle/Texas/24-008749-003/2024(H5N1)	1019	2616
HA|PP755589.1|A/cattle/Texas/24-008749-003/2024(H5N1)	1020	2628
HA|PP755589.1|A/cattle/Texas/24-008749-003/2024(H5N1)	1021	2632
HA|PP755589.1|A/cattle/Texas/24-008749-003/2024(H5N1)	1022	2630
HA|PP755589.1|A/cattle/Texas/24-008749-003/2024(H5N1)	1023	2637
HA|PP755589.1|A/cattle/Texas/24-008749-003/2024(H5N1)	1024	2631
HA|PP755589.1|A/cattle/Texas/24-008749-003/2024(H5N1)	1025	2642
HA|PP755589.1|A/cattle/Texas/24-008749-003/2024(H5N1)	1026	2643
HA|PP755589.1|A/cattle/Texas/24-008749-003/2024(H5N1)	1027	2624
HA|PP755589.1|A/cattle/Texas/24-008749-003/2024(H5N1)	1028	2640
HA|PP755589.1|A/cattle/Texas/24-008749-003/2024(H5N1)	1029	2639
HA|PP755589.1|A/cattle/Texas/24-008749-003/2024(H5N1)	1030	2640
HA|PP755589.1|A/cattle/Texas/24-008749-003/2024(H5N1)	1031	2645
HA|PP755589.1|A/cattle/Texas/24-008749-003/2024(H5N1)	1032	2641
HA|PP755589.1|A/cattle/Texas/24-008749-003/2024(H5N1)	1033	2636
HA|PP755589.1|A/cattle/Texas/24-008749-003/2024(H5N1)	1034	2634
HA|PP755589.1|A/cattle/Texas/24-008749-003/2024(H5N1)	1035	2623
HA|PP755589.1|A/cattle/Texas/24-008749-003/2024(H5N1)	1036	2631
HA|PP755589.1|A/cattle/Texas/24-008749-003/2024(H5N1)	1037	2621
HA|PP755589.1|A/cattle/Texas/24-008749-003/2024(H5N1)	1038	2616
HA|PP755589.1|A/cattle/Texas/24-008749-003/2024(H5N1)	1039	2621
HA|PP755589.1|A/cattle/Texas/24-008749-003/2024(H5N1)	1040	2617
HA|PP755589.1|A/cattle/Texas/24-008749-003/2024(H5N1)	1041	2638
HA|PP755589.1|A/cattle/Texas/24-008749-003/2024(H5N1)	1042	2641
HA|PP755589.1|A/cattle/Texas/24-008749-003/2024(H5N1)	1043	2646
HA|PP755589.1|A/cattle/Texas/24-008749-003/2024(H5N1)	1044	2472
HA|PP755589.1|A/cattle/Texas/24-008749-003/2024(H5N1)	1045	2452
HA|PP755589.1|A/cattle/Texas/24-008749-003/2024(H5N1)	1046	2454
HA|PP755589.1|A/cattle/Texas/24-008749-003/2024(H5N1)	1047	2446
HA|PP755589.1|A/cattle/Texas/24-008749-003/2024(H5N1)	1048	2445
HA|PP755589.1|A/cattle/Texas/24-008749-003/2024(H5N1)	1049	2426
HA|PP755589.1|A/cattle/Texas/24-008749-003/2024(H5N1)	1050	2396
HA|PP755589.1|A/cattle/Texas/24-008749-003/2024(H5N1)	1051	2410
HA|PP755589.1|A/cattle/Texas/24-008749-003/2024(H5N1)	1052	2416
HA|PP755589.1|A/cattle/Texas/24-008749-003/2024(H5N1)	1053	2421
HA|PP755589.1|A/cattle/Texas/24-008749-003/2024(H5N1)	1054	2417
HA|PP755589.1|A/cattle/Texas/24-008749-003/2024(H5N1)	1055	2430
HA|PP755589.1|A/cattle/Texas/24-008749-003/2024(H5N1)	1056	2423
HA|PP755589.1|A/cattle/Texas/24-008749-003/2024(H5N1)	1057	2526
HA|PP755589.1|A/cattle/Texas/24-008749-003/2024(H5N1)	1058	2637
HA|PP755589.1|A/cattle/Texas/24-008749-003/2024(H5N1)	1059	2654
HA|PP755589.1|A/cattle/Texas/24-008749-003/2024(H5N1)	1060	2638
HA|PP755589.1|A/cattle/Texas/24-008749-003/2024(H5N1)	1061	2638
HA|PP755589.1|A/cattle/Texas/24-008749-003/2024(H5N1)	1062	2645
HA|PP755589.1|A/cattle/Texas/24-008749-003/2024(H5N1)	1063	2666
HA|PP755589.1|A/cattle/Texas/24-008749-003/2024(H5N1)	1064	2675
HA|PP755589.1|A/cattle/Texas/24-008749-003/2024(H5N1)	1065	2670
HA|PP755589.1|A/cattle/Texas/24-008749-003/2024(H5N1)	1066	2677
HA|PP755589.1|A/cattle/Texas/24-008749-003/2024(H5N1)	1067	2478
HA|PP755589.1|A/cattle/Texas/24-008749-003/2024(H5N1)	1068	2467
HA|PP755589.1|A/cattle/Texas/24-008749-003/2024(H5N1)	1069	2465
HA|PP755589.1|A/cattle/Texas/24-008749-003/2024(H5N1)	1070	2495
HA|PP755589.1|A/cattle/Texas/24-008749-003/2024(H5N1)	1071	2472
HA|PP755589.1|A/cattle/Texas/24-008749-003/2024(H5N1)	1072	2474
HA|PP755589.1|A/cattle/Texas/24-008749-003/2024(H5N1)	1073	2510
HA|PP755589.1|A/cattle/Texas/24-008749-003/2024(H5N1)	1074	2515
HA|PP755589.1|A/cattle/Texas/24-008749-003/2024(H5N1)	1075	2509
HA|PP755589.1|A/cattle/Texas/24-008749-003/2024(H5N1)	1076	2514
HA|PP755589.1|A/cattle/Texas/24-008749-003/2024(H5N1)	1077	2521
HA|PP755589.1|A/cattle/Texas/24-008749-003/2024(H5N1)	1078	2539
HA|PP755589.1|A/cattle/Texas/24-008749-003/2024(H5N1)	1079	2526
HA|PP755589.1|A/cattle/Texas/24-008749-003/2024(H5N1)	1080	2534
HA|PP755589.1|A/cattle/Texas/24-008749-003/2024(H5N1)	1081	2542
HA|PP755589.1|A/cattle/Texas/24-008749-003/2024(H5N1)	1082	2556
HA|PP755589.1|A/cattle/Texas/24-008749-003/2024(H5N1)	1083	2550
HA|PP755589.1|A/cattle/Texas/24-008749-003/2024(H5N1)	1084	2540
HA|PP755589.1|A/cattle/Texas/24-008749-003/2024(H5N1)	1085	2541
HA|PP755589.1|A/cattle/Texas/24-008749-003/2024(H5N1)	1086	2568
HA|PP755589.1|A/cattle/Texas/24-008749-003/2024(H5N1)	1087	2588
HA|PP755589.1|A/cattle/Texas/24-008749-003/2024(H5N1)	1088	2588
HA|PP755589.1|A/cattle/Texas/24-008749-003/2024(H5N1)	1089	2560
HA|PP755589.1|A/cattle/Texas/24-008749-003/2024(H5N1)	1090	2559
HA|PP755589.1|A/cattle/Texas/24-008749-003/2024(H5N1)	1091	2546
HA|PP755589.1|A/cattle/Texas/24-008749-003/2024(H5N1)	1092	2551
HA|PP755589.1|A/cattle/Texas/24-008749-003/2024(H5N1)	1093	2568
HA|PP755589.1|A/cattle/Texas/24-008749-003/2024(H5N1)	1094	2574
HA|PP755589.1|A/cattle/Texas/24-008749-003/2024(H5N1)	1095	2557
HA|PP755589.1|A/cattle/Texas/24-008749-003/2024(H5N1)	1096	2536
HA|PP755589.1|A/cattle/Texas/24-008749-003/2024(H5N1)	1097	2543
HA|PP755589.1|A/cattle/Texas/24-008749-003/2024(H5N1)	1098	2596
HA|PP755589.1|A/cattle/Texas/24-008749-003/2024(H5N1)	1099	2595
HA|PP755589.1|A/cattle/Texas/24-008749-003/2024(H5N1)	1100	2610
HA|PP755589.1|A/cattle/Texas/24-008749-003/2024(H5N1)	1101	2600
HA|PP755589.1|A/cattle/Texas/24-008749-003/2024(H5N1)	1102	2618
HA|PP755589.1|A/cattle/Texas/24-008749-003/2024(H5N1)	1103	2639
HA|PP755589.1|A/cattle/Texas/24-008749-003/2024(H5N1)	1104	2636
HA|PP755589.1|A/cattle/Texas/24-008749-003/2024(H5N1)	1105	2643
HA|PP755589.1|A/cattle/Texas/24-008749-003/2024(H5N1)	1106	2594
HA|PP755589.1|A/cattle/Texas/24-008749-003/2024(H5N1)	1107	2560
HA|PP755589.1|A/cattle/Texas/24-008749-003/2024(H5N1)	1108	2547
HA|PP755589.1|A/cattle/Texas/24-008749-003/2024(H5N1)	1109	2544
HA|PP755589.1|A/cattle/Texas/24-008749-003/2024(H5N1)	1110	2604
HA|PP755589.1|A/cattle/Texas/24-008749-003/2024(H5N1)	1111	2585
HA|PP755589.1|A/cattle/Texas/24-008749-003/2024(H5N1)	1112	2569
HA|PP755589.1|A/cattle/Texas/24-008749-003/2024(H5N1)	1113	2592
HA|PP755589.1|A/cattle/Texas/24-008749-003/2024(H5N1)	1114	2592
HA|PP755589.1|A/cattle/Texas/24-008749-003/2024(H5N1)	1115	2630
HA|PP755589.1|A/cattle/Texas/24-008749-003/2024(H5N1)	1116	2605
HA|PP755589.1|A/cattle/Texas/24-008749-003/2024(H5N1)	1117	2580
HA|PP755589.1|A/cattle/Texas/24-008749-003/2024(H5N1)	1118	2563
HA|PP755589.1|A/cattle/Texas/24-008749-003/2024(H5N1)	1119	2530
HA|PP755589.1|A/cattle/Texas/24-008749-003/2024(H5N1)	1120	2602
HA|PP755589.1|A/cattle/Texas/24-008749-003/2024(H5N1)	1121	2998
HA|PP755589.1|A/cattle/Texas/24-008749-003/2024(H5N1)	1122	3022
HA|PP755589.1|A/cattle/Texas/24-008749-003/2024(H5N1)	1123	3018
HA|PP755589.1|A/cattle/Texas/24-008749-003/2024(H5N1)	1124	2991
HA|PP755589.1|A/cattle/Texas/24-008749-003/2024(H5N1)	1125	3024
HA|PP755589.1|A/cattle/Texas/24-008749-003/2024(H5N1)	1126	3028
HA|PP755589.1|A/cattle/Texas/24-008749-003/2024(H5N1)	1127	3053
HA|PP755589.1|A/cattle/Texas/24-008749-003/2024(H5N1)	1128	3071
HA|PP755589.1|A/cattle/Texas/24-008749-003/2024(H5N1)	1129	3068
HA|PP755589.1|A/cattle/Texas/24-008749-003/2024(H5N1)	1130	3117
HA|PP755589.1|A/cattle/Texas/24-008749-003/2024(H5N1)	1131	3120
HA|PP755589.1|A/cattle/Texas/24-008749-003/2024(H5N1)	1132	3158
HA|PP755589.1|A/cattle/Texas/24-008749-003/2024(H5N1)	1133	3170
HA|PP755589.1|A/cattle/Texas/24-008749-003/2024(H5N1)	1134	3168
HA|PP755589.1|A/cattle/Texas/24-008749-003/2024(H5N1)	1135	3152
HA|PP755589.1|A/cattle/Texas/24-008749-003/2024(H5N1)	1136	3156
HA|PP755589.1|A/cattle/Texas/24-008749-003/2024(H5N1)	1137	3140
HA|PP755589.1|A/cattle/Texas/24-008749-003/2024(H5N1)	1138	3136
HA|PP755589.1|A/cattle/Texas/24-008749-003/2024(H5N1)	1139	3126
HA|PP755589.1|A/cattle/Texas/24-008749-003/2024(H5N1)	1140	3097
HA|PP755589.1|A/cattle/Texas/24-008749-003/2024(H5N1)	1141	3110
HA|PP755589.1|A/cattle/Texas/24-008749-003/2024(H5N1)	1142	3104
HA|PP755589.1|A/cattle/Texas/24-008749-003/2024(H5N1)	1143	3101
HA|PP755589.1|A/cattle/Texas/24-008749-003/2024(H5N1)	1144	3107
HA|PP755589.1|A/cattle/Texas/24-008749-003/2024(H5N1)	1145	3143
HA|PP755589.1|A/cattle/Texas/24-008749-003/2024(H5N1)	1146	3163
HA|PP755589.1|A/cattle/Texas/24-008749-003/2024(H5N1)	1147	3159
HA|PP755589.1|A/cattle/Texas/24-008749-003/2024(H5N1)	1148	3158
HA|PP755589.1|A/cattle/Texas/24-008749-003/2024(H5N1)	1149	3157
HA|PP755589.1|A/cattle/Texas/24-008749-003/2024(H5N1)	1150	3183
HA|PP755589.1|A/cattle/Texas/24-008749-003/2024(H5N1)	1151	3187
HA|PP755589.1|A/cattle/Texas/24-008749-003/2024(H5N1)	1152	3186
HA|PP755589.1|A/cattle/Texas/24-008749-003/2024(H5N1)	1153	3182
HA|PP755589.1|A/cattle/Texas/24-008749-003/2024(H5N1)	1154	3167
HA|PP755589.1|A/cattle/Texas/24-008749-003/2024(H5N1)	1155	3154
HA|PP755589.1|A/cattle/Texas/24-008749-003/2024(H5N1)	1156	3189
HA|PP755589.1|A/cattle/Texas/24-008749-003/2024(H5N1)	1157	3225
HA|PP755589.1|A/cattle/Texas/24-008749-003/2024(H5N1)	1158	3247
HA|PP755589.1|A/cattle/Texas/24-008749-003/2024(H5N1)	1159	3244
HA|PP755589.1|A/cattle/Texas/24-008749-003/2024(H5N1)	1160	3239
HA|PP755589.1|A/cattle/Texas/24-008749-003/2024(H5N1)	1161	3272
HA|PP755589.1|A/cattle/Texas/24-008749-003/2024(H5N1)	1162	3272
HA|PP755589.1|A/cattle/Texas/24-008749-003/2024(H5N1)	1163	3291
HA|PP755589.1|A/cattle/Texas/24-008749-003/2024(H5N1)	1164	3314
HA|PP755589.1|A/cattle/Texas/24-008749-003/2024(H5N1)	1165	3347
HA|PP755589.1|A/cattle/Texas/24-008749-003/2024(H5N1)	1166	3337
HA|PP755589.1|A/cattle/Texas/24-008749-003/2024(H5N1)	1167	3329
HA|PP755589.1|A/cattle/Texas/24-008749-003/2024(H5N1)	1168	3408
HA|PP755589.1|A/cattle/Texas/24-008749-003/2024(H5N1)	1169	3531
HA|PP755589.1|A/cattle/Texas/24-008749-003/2024(H5N1)	1170	3539
HA|PP755589.1|A/cattle/Texas/24-008749-003/2024(H5N1)	1171	3542
HA|PP755589.1|A/cattle/Texas/24-008749-003/2024(H5N1)	1172	3508
HA|PP755589.1|A/cattle/Texas/24-008749-003/2024(H5N1)	1173	3506
HA|PP755589.1|A/cattle/Texas/24-008749-003/2024(H5N1)	1174	3491
HA|PP755589.1|A/cattle/Texas/24-008749-003/2024(H5N1)	1175	3575
HA|PP755589.1|A/cattle/Texas/24-008749-003/2024(H5N1)	1176	3548
HA|PP755589.1|A/cattle/Texas/24-008749-003/2024(H5N1)	1177	3524
HA|PP755589.1|A/cattle/Texas/24-008749-003/2024(H5N1)	1178	3483
HA|PP755589.1|A/cattle/Texas/24-008749-003/2024(H5N1)	1179	3565
HA|PP755589.1|A/cattle/Texas/24-008749-003/2024(H5N1)	1180	3576
HA|PP755589.1|A/cattle/Texas/24-008749-003/2024(H5N1)	1181	3641
HA|PP755589.1|A/cattle/Texas/24-008749-003/2024(H5N1)	1182	3742
HA|PP755589.1|A/cattle/Texas/24-008749-003/2024(H5N1)	1183	3747
HA|PP755589.1|A/cattle/Texas/24-008749-003/2024(H5N1)	1184	3734
HA|PP755589.1|A/cattle/Texas/24-008749-003/2024(H5N1)	1185	3723
HA|PP755589.1|A/cattle/Texas/24-008749-003/2024(H5N1)	1186	3719
HA|PP755589.1|A/cattle/Texas/24-008749-003/2024(H5N1)	1187	3715
HA|PP755589.1|A/cattle/Texas/24-008749-003/2024(H5N1)	1188	3757
HA|PP755589.1|A/cattle/Texas/24-008749-003/2024(H5N1)	1189	3777
HA|PP755589.1|A/cattle/Texas/24-008749-003/2024(H5N1)	1190	3738
HA|PP755589.1|A/cattle/Texas/24-008749-003/2024(H5N1)	1191	3700
HA|PP755589.1|A/cattle/Texas/24-008749-003/2024(H5N1)	1192	3718
HA|PP755589.1|A/cattle/Texas/24-008749-003/2024(H5N1)	1193	3785
HA|PP755589.1|A/cattle/Texas/24-008749-003/2024(H5N1)	1194	3783
HA|PP755589.1|A/cattle/Texas/24-008749-003/2024(H5N1)	1195	3782
HA|PP755589.1|A/cattle/Texas/24-008749-003/2024(H5N1)	1196	3791
HA|PP755589.1|A/cattle/Texas/24-008749-003/2024(H5N1)	1197	3775
HA|PP755589.1|A/cattle/Texas/24-008749-003/2024(H5N1)	1198	3815
HA|PP755589.1|A/cattle/Texas/24-008749-003/2024(H5N1)	1199	3814
HA|PP755589.1|A/cattle/Texas/24-008749-003/2024(H5N1)	1200	3810
HA|PP755589.1|A/cattle/Texas/24-008749-003/2024(H5N1)	1201	3808
HA|PP755589.1|A/cattle/Texas/24-008749-003/2024(H5N1)	1202	3763
HA|PP755589.1|A/cattle/Texas/24-008749-003/2024(H5N1)	1203	3775
HA|PP755589.1|A/cattle/Texas/24-008749-003/2024(H5N1)	1204	3773
HA|PP755589.1|A/cattle/Texas/24-008749-003/2024(H5N1)	1205	3759
HA|PP755589.1|A/cattle/Texas/24-008749-003/2024(H5N1)	1206	3765
HA|PP755589.1|A/cattle/Texas/24-008749-003/2024(H5N1)	1207	3752
HA|PP755589.1|A/cattle/Texas/24-008749-003/2024(H5N1)	1208	3759
HA|PP755589.1|A/cattle/Texas/24-008749-003/2024(H5N1)	1209	3768
HA|PP755589.1|A/cattle/Texas/24-008749-003/2024(H5N1)	1210	3769
HA|PP755589.1|A/cattle/Texas/24-008749-003/2024(H5N1)	1211	3782
HA|PP755589.1|A/cattle/Texas/24-008749-003/2024(H5N1)	1212	3780
HA|PP755589.1|A/cattle/Texas/24-008749-003/2024(H5N1)	1213	3785
HA|PP755589.1|A/cattle/Texas/24-008749-003/2024(H5N1)	1214	3789
HA|PP755589.1|A/cattle/Texas/24-008749-003/2024(H5N1)	1215	3803
HA|PP755589.1|A/cattle/Texas/24-008749-003/2024(H5N1)	1216	3824
HA|PP755589.1|A/cattle/Texas/24-008749-003/2024(H5N1)	1217	3858
HA|PP755589.1|A/cattle/Texas/24-008749-003/2024(H5N1)	1218	3851
HA|PP755589.1|A/cattle/Texas/24-008749-003/2024(H5N1)	1219	3882
HA|PP755589.1|A/cattle/Texas/24-008749-003/2024(H5N1)	1220	3878
HA|PP755589.1|A/cattle/Texas/24-008749-003/2024(H5N1)	1221	3933
HA|PP755589.1|A/cattle/Texas/24-008749-003/2024(H5N1)	1222	3937
HA|PP755589.1|A/cattle/Texas/24-008749-003/2024(H5N1)	1223	3937
HA|PP755589.1|A/cattle/Texas/24-008749-003/2024(H5N1)	1224	3976
HA|PP755589.1|A/cattle/Texas/24-008749-003/2024(H5N1)	1225	3977
HA|PP755589.1|A/cattle/Texas/24-008749-003/2024(H5N1)	1226	3967
HA|PP755589.1|A/cattle/Texas/24-008749-003/2024(H5N1)	1227	3961
HA|PP755589.1|A/cattle/Texas/24-008749-003/2024(H5N1)	1228	3967
HA|PP755589.1|A/cattle/Texas/24-008749-003/2024(H5N1)	1229	3991
HA|PP755589.1|A/cattle/Texas/24-008749-003/2024(H5N1)	1230	3972
HA|PP755589.1|A/cattle/Texas/24-008749-003/2024(H5N1)	1231	4064
HA|PP755589.1|A/cattle/Texas/24-008749-003/2024(H5N1)	1232	4084
HA|PP755589.1|A/cattle/Texas/24-008749-003/2024(H5N1)	1233	4099
HA|PP755589.1|A/cattle/Texas/24-008749-003/2024(H5N1)	1234	4108
HA|PP755589.1|A/cattle/Texas/24-008749-003/2024(H5N1)	1235	4115
HA|PP755589.1|A/cattle/Texas/24-008749-003/2024(H5N1)	1236	4166
HA|PP755589.1|A/cattle/Texas/24-008749-003/2024(H5N1)	1237	4163
HA|PP755589.1|A/cattle/Texas/24-008749-003/2024(H5N1)	1238	4161
HA|PP755589.1|A/cattle/Texas/24-008749-003/2024(H5N1)	1239	4208
HA|PP755589.1|A/cattle/Texas/24-008749-003/2024(H5N1)	1240	4251
HA|PP755589.1|A/cattle/Texas/24-008749-003/2024(H5N1)	1241	4197
HA|PP755589.1|A/cattle/Texas/24-008749-003/2024(H5N1)	1242	4269
HA|PP755589.1|A/cattle/Texas/24-008749-003/2024(H5N1)	1243	4274
HA|PP755589.1|A/cattle/Texas/24-008749-003/2024(H5N1)	1244	4276
HA|PP755589.1|A/cattle/Texas/24-008749-003/2024(H5N1)	1245	4343
HA|PP755589.1|A/cattle/Texas/24-008749-003/2024(H5N1)	1246	4347
HA|PP755589.1|A/cattle/Texas/24-008749-003/2024(H5N1)	1247	4335
HA|PP755589.1|A/cattle/Texas/24-008749-003/2024(H5N1)	1248	4328
HA|PP755589.1|A/cattle/Texas/24-008749-003/2024(H5N1)	1249	4311
HA|PP755589.1|A/cattle/Texas/24-008749-003/2024(H5N1)	1250	4341
HA|PP755589.1|A/cattle/Texas/24-008749-003/2024(H5N1)	1251	4375
HA|PP755589.1|A/cattle/Texas/24-008749-003/2024(H5N1)	1252	4372
HA|PP755589.1|A/cattle/Texas/24-008749-003/2024(H5N1)	1253	4379
HA|PP755589.1|A/cattle/Texas/24-008749-003/2024(H5N1)	1254	4378
HA|PP755589.1|A/cattle/Texas/24-008749-003/2024(H5N1)	1255	4382
HA|PP755589.1|A/cattle/Texas/24-008749-003/2024(H5N1)	1256	4386
HA|PP755589.1|A/cattle/Texas/24-008749-003/2024(H5N1)	1257	4401
HA|PP755589.1|A/cattle/Texas/24-008749-003/2024(H5N1)	1258	4390
HA|PP755589.1|A/cattle/Texas/24-008749-003/2024(H5N1)	1259	4404
HA|PP755589.1|A/cattle/Texas/24-008749-003/2024(H5N1)	1260	4430
HA|PP755589.1|A/cattle/Texas/24-008749-003/2024(H5N1)	1261	4400
HA|PP755589.1|A/cattle/Texas/24-008749-003/2024(H5N1)	1262	4452
HA|PP755589.1|A/cattle/Texas/24-008749-003/2024(H5N1)	1263	4479
HA|PP755589.1|A/cattle/Texas/24-008749-003/2024(H5N1)	1264	4536
HA|PP755589.1|A/cattle/Texas/24-008749-003/2024(H5N1)	1265	4537
HA|PP755589.1|A/cattle/Texas/24-008749-003/2024(H5N1)	1266	4525
HA|PP755589.1|A/cattle/Texas/24-008749-003/2024(H5N1)	1267	4527
HA|PP755589.1|A/cattle/Texas/24-008749-003/2024(H5N1)	1268	4527
HA|PP755589.1|A/cattle/Texas/24-008749-003/2024(H5N1)	1269	4536
HA|PP755589.1|A/cattle/Texas/24-008749-003/2024(H5N1)	1270	4555
HA|PP755589.1|A/cattle/Texas/24-008749-003/2024(H5N1)	1271	4566
HA|PP755589.1|A/cattle/Texas/24-008749-003/2024(H5N1)	1272	4555
HA|PP755589.1|A/cattle/Texas/24-008749-003/2024(H5N1)	1273	4567
HA|PP755589.1|A/cattle/Texas/24-008749-003/2024(H5N1)	1274	4562
HA|PP755589.1|A/cattle/Texas/24-008749-003/2024(H5N1)	1275	4567
HA|PP755589.1|A/cattle/Texas/24-008749-003/2024(H5N1)	1276	4645
HA|PP755589.1|A/cattle/Texas/24-008749-003/2024(H5N1)	1277	4643
HA|PP755589.1|A/cattle/Texas/24-008749-003/2024(H5N1)	1278	4685
HA|PP755589.1|A/cattle/Texas/24-008749-003/2024(H5N1)	1279	4676
HA|PP755589.1|A/cattle/Texas/24-008749-003/2024(H5N1)	1280	4701
HA|PP755589.1|A/cattle/Texas/24-008749-003/2024(H5N1)	1281	4715
HA|PP755589.1|A/cattle/Texas/24-008749-003/2024(H5N1)	1282	4712
HA|PP755589.1|A/cattle/Texas/24-008749-003/2024(H5N1)	1283	4733
HA|PP755589.1|A/cattle/Texas/24-008749-003/2024(H5N1)	1284	4729
HA|PP755589.1|A/cattle/Texas/24-008749-003/2024(H5N1)	1285	4746
HA|PP755589.1|A/cattle/Texas/24-008749-003/2024(H5N1)	1286	4749
HA|PP755589.1|A/cattle/Texas/24-008749-003/2024(H5N1)	1287	4747
HA|PP755589.1|A/cattle/Texas/24-008749-003/2024(H5N1)	1288	4753
HA|PP755589.1|A/cattle/Texas/24-008749-003/2024(H5N1)	1289	4736
HA|PP755589.1|A/cattle/Texas/24-008749-003/2024(H5N1)	1290	4731
HA|PP755589.1|A/cattle/Texas/24-008749-003/2024(H5N1)	1291	4730
HA|PP755589.1|A/cattle/Texas/24-008749-003/2024(H5N1)	1292	4728
HA|PP755589.1|A/cattle/Texas/24-008749-003/2024(H5N1)	1293	4729
HA|PP755589.1|A/cattle/Texas/24-008749-003/2024(H5N1)	1294	4723
HA|PP755589.1|A/cattle/Texas/24-008749-003/2024(H5N1)	1295	4771
HA|PP755589.1|A/cattle/Texas/24-008749-003/2024(H5N1)	1296	4771
HA|PP755589.1|A/cattle/Texas/24-008749-003/2024(H5N1)	1297	4780
HA|PP755589.1|A/cattle/Texas/24-008749-003/2024(H5N1)	1298	4813
HA|PP755589.1|A/cattle/Texas/24-008749-003/2024(H5N1)	1299	4826
HA|PP755589.1|A/cattle/Texas/24-008749-003/2024(H5N1)	1300	4823
HA|PP755589.1|A/cattle/Texas/24-008749-003/2024(H5N1)	1301	4819
HA|PP755589.1|A/cattle/Texas/24-008749-003/2024(H5N1)	1302	4821
HA|PP755589.1|A/cattle/Texas/24-008749-003/2024(H5N1)	1303	4816
HA|PP755589.1|A/cattle/Texas/24-008749-003/2024(H5N1)	1304	4814
HA|PP755589.1|A/cattle/Texas/24-008749-003/2024(H5N1)	1305	4842
HA|PP755589.1|A/cattle/Texas/24-008749-003/2024(H5N1)	1306	4878
HA|PP755589.1|A/cattle/Texas/24-008749-003/2024(H5N1)	1307	4895
HA|PP755589.1|A/cattle/Texas/24-008749-003/2024(H5N1)	1308	4733
HA|PP755589.1|A/cattle/Texas/24-008749-003/2024(H5N1)	1309	4734
HA|PP755589.1|A/cattle/Texas/24-008749-003/2024(H5N1)	1310	4738
HA|PP755589.1|A/cattle/Texas/24-008749-003/2024(H5N1)	1311	4773
HA|PP755589.1|A/cattle/Texas/24-008749-003/2024(H5N1)	1312	4775
HA|PP755589.1|A/cattle/Texas/24-008749-003/2024(H5N1)	1313	4796
HA|PP755589.1|A/cattle/Texas/24-008749-003/2024(H5N1)	1314	4817
HA|PP755589.1|A/cattle/Texas/24-008749-003/2024(H5N1)	1315	4810
HA|PP755589.1|A/cattle/Texas/24-008749-003/2024(H5N1)	1316	4833
HA|PP755589.1|A/cattle/Texas/24-008749-003/2024(H5N1)	1317	4838
HA|PP755589.1|A/cattle/Texas/24-008749-003/2024(H5N1)	1318	4848
HA|PP755589.1|A/cattle/Texas/24-008749-003/2024(H5N1)	1319	4873
HA|PP755589.1|A/cattle/Texas/24-008749-003/2024(H5N1)	1320	4835
HA|PP755589.1|A/cattle/Texas/24-008749-003/2024(H5N1)	1321	4820
HA|PP755589.1|A/cattle/Texas/24-008749-003/2024(H5N1)	1322	4811
HA|PP755589.1|A/cattle/Texas/24-008749-003/2024(H5N1)	1323	4743
HA|PP755589.1|A/cattle/Texas/24-008749-003/2024(H5N1)	1324	4755
HA|PP755589.1|A/cattle/Texas/24-008749-003/2024(H5N1)	1325	4754
HA|PP755589.1|A/cattle/Texas/24-008749-003/2024(H5N1)	1326	4756
HA|PP755589.1|A/cattle/Texas/24-008749-003/2024(H5N1)	1327	4774
HA|PP755589.1|A/cattle/Texas/24-008749-003/2024(H5N1)	1328	4753
HA|PP755589.1|A/cattle/Texas/24-008749-003/2024(H5N1)	1329	4754
HA|PP755589.1|A/cattle/Texas/24-008749-003/2024(H5N1)	1330	4763
HA|PP755589.1|A/cattle/Texas/24-008749-003/2024(H5N1)	1331	4760
HA|PP755589.1|A/cattle/Texas/24-008749-003/2024(H5N1)	1332	4760
HA|PP755589.1|A/cattle/Texas/24-008749-003/2024(H5N1)	1333	4754
HA|PP755589.1|A/cattle/Texas/24-008749-003/2024(H5N1)	1334	4824
HA|PP755589.1|A/cattle/Texas/24-008749-003/2024(H5N1)	1335	4820
HA|PP755589.1|A/cattle/Texas/24-008749-003/2024(H5N1)	1336	4784
HA|PP755589.1|A/cattle/Texas/24-008749-003/2024(H5N1)	1337	4764
HA|PP755589.1|A/cattle/Texas/24-008749-003/2024(H5N1)	1338	4799
HA|PP755589.1|A/cattle/Texas/24-008749-003/2024(H5N1)	1339	4800
HA|PP755589.1|A/cattle/Texas/24-008749-003/2024(H5N1)	1340	4811
HA|PP755589.1|A/cattle/Texas/24-008749-003/2024(H5N1)	1341	4810
HA|PP755589.1|A/cattle/Texas/24-008749-003/2024(H5N1)	1342	4827
HA|PP755589.1|A/cattle/Texas/24-008749-003/2024(H5N1)	1343	4849
HA|PP755589.1|A/cattle/Texas/24-008749-003/2024(H5N1)	1344	4871
HA|PP755589.1|A/cattle/Texas/24-008749-003/2024(H5N1)	1345	4859
HA|PP755589.1|A/cattle/Texas/24-008749-003/2024(H5N1)	1346	4856
HA|PP755589.1|A/cattle/Texas/24-008749-003/2024(H5N1)	1347	4854
HA|PP755589.1|A/cattle/Texas/24-008749-003/2024(H5N1)	1348	4852
HA|PP755589.1|A/cattle/Texas/24-008749-003/2024(H5N1)	1349	4832
HA|PP755589.1|A/cattle/Texas/24-008749-003/2024(H5N1)	1350	4831
HA|PP755589.1|A/cattle/Texas/24-008749-003/2024(H5N1)	1351	4807
HA|PP755589.1|A/cattle/Texas/24-008749-003/2024(H5N1)	1352	4817
HA|PP755589.1|A/cattle/Texas/24-008749-003/2024(H5N1)	1353	4808
HA|PP755589.1|A/cattle/Texas/24-008749-003/2024(H5N1)	1354	4823
HA|PP755589.1|A/cattle/Texas/24-008749-003/2024(H5N1)	1355	4863
HA|PP755589.1|A/cattle/Texas/24-008749-003/2024(H5N1)	1356	4846
HA|PP755589.1|A/cattle/Texas/24-008749-003/2024(H5N1)	1357	4853
HA|PP755589.1|A/cattle/Texas/24-008749-003/2024(H5N1)	1358	4852
HA|PP755589.1|A/cattle/Texas/24-008749-003/2024(H5N1)	1359	4866
HA|PP755589.1|A/cattle/Texas/24-008749-003/2024(H5N1)	1360	4866
HA|PP755589.1|A/cattle/Texas/24-008749-003/2024(H5N1)	1361	4846
HA|PP755589.1|A/cattle/Texas/24-008749-003/2024(H5N1)	1362	4851
HA|PP755589.1|A/cattle/Texas/24-008749-003/2024(H5N1)	1363	4843
HA|PP755589.1|A/cattle/Texas/24-008749-003/2024(H5N1)	1364	4799
HA|PP755589.1|A/cattle/Texas/24-008749-003/2024(H5N1)	1365	4575
HA|PP755589.1|A/cattle/Texas/24-008749-003/2024(H5N1)	1366	4456
HA|PP755589.1|A/cattle/Texas/24-008749-003/2024(H5N1)	1367	4455
HA|PP755589.1|A/cattle/Texas/24-008749-003/2024(H5N1)	1368	4443
HA|PP755589.1|A/cattle/Texas/24-008749-003/2024(H5N1)	1369	4440
HA|PP755589.1|A/cattle/Texas/24-008749-003/2024(H5N1)	1370	4462
HA|PP755589.1|A/cattle/Texas/24-008749-003/2024(H5N1)	1371	4392
HA|PP755589.1|A/cattle/Texas/24-008749-003/2024(H5N1)	1372	4393
HA|PP755589.1|A/cattle/Texas/24-008749-003/2024(H5N1)	1373	4374
HA|PP755589.1|A/cattle/Texas/24-008749-003/2024(H5N1)	1374	4370
HA|PP755589.1|A/cattle/Texas/24-008749-003/2024(H5N1)	1375	4374
HA|PP755589.1|A/cattle/Texas/24-008749-003/2024(H5N1)	1376	4352
HA|PP755589.1|A/cattle/Texas/24-008749-003/2024(H5N1)	1377	4361
HA|PP755589.1|A/cattle/Texas/24-008749-003/2024(H5N1)	1378	4373
HA|PP755589.1|A/cattle/Texas/24-008749-003/2024(H5N1)	1379	4368
HA|PP755589.1|A/cattle/Texas/24-008749-003/2024(H5N1)	1380	4369
HA|PP755589.1|A/cattle/Texas/24-008749-003/2024(H5N1)	1381	4368
HA|PP755589.1|A/cattle/Texas/24-008749-003/2024(H5N1)	1382	4347
HA|PP755589.1|A/cattle/Texas/24-008749-003/2024(H5N1)	1383	4316
HA|PP755589.1|A/cattle/Texas/24-008749-003/2024(H5N1)	1384	4306
HA|PP755589.1|A/cattle/Texas/24-008749-003/2024(H5N1)	1385	4316
HA|PP755589.1|A/cattle/Texas/24-008749-003/2024(H5N1)	1386	4349
HA|PP755589.1|A/cattle/Texas/24-008749-003/2024(H5N1)	1387	4338
HA|PP755589.1|A/cattle/Texas/24-008749-003/2024(H5N1)	1388	4314
HA|PP755589.1|A/cattle/Texas/24-008749-003/2024(H5N1)	1389	4317
HA|PP755589.1|A/cattle/Texas/24-008749-003/2024(H5N1)	1390	4328
HA|PP755589.1|A/cattle/Texas/24-008749-003/2024(H5N1)	1391	4339
HA|PP755589.1|A/cattle/Texas/24-008749-003/2024(H5N1)	1392	4338
HA|PP755589.1|A/cattle/Texas/24-008749-003/2024(H5N1)	1393	4332
HA|PP755589.1|A/cattle/Texas/24-008749-003/2024(H5N1)	1394	4331
HA|PP755589.1|A/cattle/Texas/24-008749-003/2024(H5N1)	1395	4323
HA|PP755589.1|A/cattle/Texas/24-008749-003/2024(H5N1)	1396	4316
HA|PP755589.1|A/cattle/Texas/24-008749-003/2024(H5N1)	1397	4296
HA|PP755589.1|A/cattle/Texas/24-008749-003/2024(H5N1)	1398	4298
HA|PP755589.1|A/cattle/Texas/24-008749-003/2024(H5N1)	1399	4312
HA|PP755589.1|A/cattle/Texas/24-008749-003/2024(H5N1)	1400	4311
HA|PP755589.1|A/cattle/Texas/24-008749-003/2024(H5N1)	1401	4288
HA|PP755589.1|A/cattle/Texas/24-008749-003/2024(H5N1)	1402	4278
HA|PP755589.1|A/cattle/Texas/24-008749-003/2024(H5N1)	1403	4305
HA|PP755589.1|A/cattle/Texas/24-008749-003/2024(H5N1)	1404	4317
HA|PP755589.1|A/cattle/Texas/24-008749-003/2024(H5N1)	1405	4326
HA|PP755589.1|A/cattle/Texas/24-008749-003/2024(H5N1)	1406	4369
HA|PP755589.1|A/cattle/Texas/24-008749-003/2024(H5N1)	1407	4334
HA|PP755589.1|A/cattle/Texas/24-008749-003/2024(H5N1)	1408	4299
HA|PP755589.1|A/cattle/Texas/24-008749-003/2024(H5N1)	1409	4254
HA|PP755589.1|A/cattle/Texas/24-008749-003/2024(H5N1)	1410	4313
HA|PP755589.1|A/cattle/Texas/24-008749-003/2024(H5N1)	1411	4409
HA|PP755589.1|A/cattle/Texas/24-008749-003/2024(H5N1)	1412	4383
HA|PP755589.1|A/cattle/Texas/24-008749-003/2024(H5N1)	1413	4437
HA|PP755589.1|A/cattle/Texas/24-008749-003/2024(H5N1)	1414	4412
HA|PP755589.1|A/cattle/Texas/24-008749-003/2024(H5N1)	1415	4404
HA|PP755589.1|A/cattle/Texas/24-008749-003/2024(H5N1)	1416	4449
HA|PP755589.1|A/cattle/Texas/24-008749-003/2024(H5N1)	1417	4445
HA|PP755589.1|A/cattle/Texas/24-008749-003/2024(H5N1)	1418	4436
HA|PP755589.1|A/cattle/Texas/24-008749-003/2024(H5N1)	1419	4322
HA|PP755589.1|A/cattle/Texas/24-008749-003/2024(H5N1)	1420	4217
HA|PP755589.1|A/cattle/Texas/24-008749-003/2024(H5N1)	1421	4270
HA|PP755589.1|A/cattle/Texas/24-008749-003/2024(H5N1)	1422	4270
HA|PP755589.1|A/cattle/Texas/24-008749-003/2024(H5N1)	1423	4309
HA|PP755589.1|A/cattle/Texas/24-008749-003/2024(H5N1)	1424	4377
HA|PP755589.1|A/cattle/Texas/24-008749-003/2024(H5N1)	1425	4351
HA|PP755589.1|A/cattle/Texas/24-008749-003/2024(H5N1)	1426	4339
HA|PP755589.1|A/cattle/Texas/24-008749-003/2024(H5N1)	1427	4332
HA|PP755589.1|A/cattle/Texas/24-008749-003/2024(H5N1)	1428	4324
HA|PP755589.1|A/cattle/Texas/24-008749-003/2024(H5N1)	1429	4362
HA|PP755589.1|A/cattle/Texas/24-008749-003/2024(H5N1)	1430	4217
HA|PP755589.1|A/cattle/Texas/24-008749-003/2024(H5N1)	1431	4199
HA|PP755589.1|A/cattle/Texas/24-008749-003/2024(H5N1)	1432	4129
HA|PP755589.1|A/cattle/Texas/24-008749-003/2024(H5N1)	1433	3996
HA|PP755589.1|A/cattle/Texas/24-008749-003/2024(H5N1)	1434	4012
HA|PP755589.1|A/cattle/Texas/24-008749-003/2024(H5N1)	1435	4121
HA|PP755589.1|A/cattle/Texas/24-008749-003/2024(H5N1)	1436	4120
HA|PP755589.1|A/cattle/Texas/24-008749-003/2024(H5N1)	1437	4118
HA|PP755589.1|A/cattle/Texas/24-008749-003/2024(H5N1)	1438	4090
HA|PP755589.1|A/cattle/Texas/24-008749-003/2024(H5N1)	1439	4089
HA|PP755589.1|A/cattle/Texas/24-008749-003/2024(H5N1)	1440	4087
HA|PP755589.1|A/cattle/Texas/24-008749-003/2024(H5N1)	1441	4087
HA|PP755589.1|A/cattle/Texas/24-008749-003/2024(H5N1)	1442	4080
HA|PP755589.1|A/cattle/Texas/24-008749-003/2024(H5N1)	1443	4001
HA|PP755589.1|A/cattle/Texas/24-008749-003/2024(H5N1)	1444	4029
HA|PP755589.1|A/cattle/Texas/24-008749-003/2024(H5N1)	1445	4035
HA|PP755589.1|A/cattle/Texas/24-008749-003/2024(H5N1)	1446	4038
HA|PP755589.1|A/cattle/Texas/24-008749-003/2024(H5N1)	1447	4048
HA|PP755589.1|A/cattle/Texas/24-008749-003/2024(H5N1)	1448	4047
HA|PP755589.1|A/cattle/Texas/24-008749-003/2024(H5N1)	1449	4029
HA|PP755589.1|A/cattle/Texas/24-008749-003/2024(H5N1)	1450	4036
HA|PP755589.1|A/cattle/Texas/24-008749-003/2024(H5N1)	1451	4032
HA|PP755589.1|A/cattle/Texas/24-008749-003/2024(H5N1)	1452	4034
HA|PP755589.1|A/cattle/Texas/24-008749-003/2024(H5N1)	1453	4036
HA|PP755589.1|A/cattle/Texas/24-008749-003/2024(H5N1)	1454	4005
HA|PP755589.1|A/cattle/Texas/24-008749-003/2024(H5N1)	1455	4008
HA|PP755589.1|A/cattle/Texas/24-008749-003/2024(H5N1)	1456	3997
HA|PP755589.1|A/cattle/Texas/24-008749-003/2024(H5N1)	1457	4009
HA|PP755589.1|A/cattle/Texas/24-008749-003/2024(H5N1)	1458	4012
HA|PP755589.1|A/cattle/Texas/24-008749-003/2024(H5N1)	1459	3995
HA|PP755589.1|A/cattle/Texas/24-008749-003/2024(H5N1)	1460	3995
HA|PP755589.1|A/cattle/Texas/24-008749-003/2024(H5N1)	1461	4020
HA|PP755589.1|A/cattle/Texas/24-008749-003/2024(H5N1)	1462	4013
HA|PP755589.1|A/cattle/Texas/24-008749-003/2024(H5N1)	1463	4011
HA|PP755589.1|A/cattle/Texas/24-008749-003/2024(H5N1)	1464	4006
HA|PP755589.1|A/cattle/Texas/24-008749-003/2024(H5N1)	1465	4003
HA|PP755589.1|A/cattle/Texas/24-008749-003/2024(H5N1)	1466	4027
HA|PP755589.1|A/cattle/Texas/24-008749-003/2024(H5N1)	1467	3995
HA|PP755589.1|A/cattle/Texas/24-008749-003/2024(H5N1)	1468	3977
HA|PP755589.1|A/cattle/Texas/24-008749-003/2024(H5N1)	1469	3978
HA|PP755589.1|A/cattle/Texas/24-008749-003/2024(H5N1)	1470	3958
HA|PP755589.1|A/cattle/Texas/24-008749-003/2024(H5N1)	1471	3967
HA|PP755589.1|A/cattle/Texas/24-008749-003/2024(H5N1)	1472	3938
HA|PP755589.1|A/cattle/Texas/24-008749-003/2024(H5N1)	1473	3930
HA|PP755589.1|A/cattle/Texas/24-008749-003/2024(H5N1)	1474	3931
HA|PP755589.1|A/cattle/Texas/24-008749-003/2024(H5N1)	1475	3894
HA|PP755589.1|A/cattle/Texas/24-008749-003/2024(H5N1)	1476	3917
HA|PP755589.1|A/cattle/Texas/24-008749-003/2024(H5N1)	1477	3899
HA|PP755589.1|A/cattle/Texas/24-008749-003/2024(H5N1)	1478	3907
HA|PP755589.1|A/cattle/Texas/24-008749-003/2024(H5N1)	1479	3910
HA|PP755589.1|A/cattle/Texas/24-008749-003/2024(H5N1)	1480	3919
HA|PP755589.1|A/cattle/Texas/24-008749-003/2024(H5N1)	1481	3913
HA|PP755589.1|A/cattle/Texas/24-008749-003/2024(H5N1)	1482	3843
HA|PP755589.1|A/cattle/Texas/24-008749-003/2024(H5N1)	1483	3835
HA|PP755589.1|A/cattle/Texas/24-008749-003/2024(H5N1)	1484	3839
HA|PP755589.1|A/cattle/Texas/24-008749-003/2024(H5N1)	1485	3828
HA|PP755589.1|A/cattle/Texas/24-008749-003/2024(H5N1)	1486	3755
HA|PP755589.1|A/cattle/Texas/24-008749-003/2024(H5N1)	1487	3773
HA|PP755589.1|A/cattle/Texas/24-008749-003/2024(H5N1)	1488	3727
HA|PP755589.1|A/cattle/Texas/24-008749-003/2024(H5N1)	1489	3729
HA|PP755589.1|A/cattle/Texas/24-008749-003/2024(H5N1)	1490	3713
HA|PP755589.1|A/cattle/Texas/24-008749-003/2024(H5N1)	1491	3692
HA|PP755589.1|A/cattle/Texas/24-008749-003/2024(H5N1)	1492	3688
HA|PP755589.1|A/cattle/Texas/24-008749-003/2024(H5N1)	1493	3661
HA|PP755589.1|A/cattle/Texas/24-008749-003/2024(H5N1)	1494	3715
HA|PP755589.1|A/cattle/Texas/24-008749-003/2024(H5N1)	1495	3718
HA|PP755589.1|A/cattle/Texas/24-008749-003/2024(H5N1)	1496	3615
HA|PP755589.1|A/cattle/Texas/24-008749-003/2024(H5N1)	1497	3740
HA|PP755589.1|A/cattle/Texas/24-008749-003/2024(H5N1)	1498	3734
HA|PP755589.1|A/cattle/Texas/24-008749-003/2024(H5N1)	1499	3753
HA|PP755589.1|A/cattle/Texas/24-008749-003/2024(H5N1)	1500	3752
HA|PP755589.1|A/cattle/Texas/24-008749-003/2024(H5N1)	1501	3749
HA|PP755589.1|A/cattle/Texas/24-008749-003/2024(H5N1)	1502	3696
HA|PP755589.1|A/cattle/Texas/24-008749-003/2024(H5N1)	1503	3691
HA|PP755589.1|A/cattle/Texas/24-008749-003/2024(H5N1)	1504	3696
HA|PP755589.1|A/cattle/Texas/24-008749-003/2024(H5N1)	1505	3694
HA|PP755589.1|A/cattle/Texas/24-008749-003/2024(H5N1)	1506	3696
HA|PP755589.1|A/cattle/Texas/24-008749-003/2024(H5N1)	1507	3695
HA|PP755589.1|A/cattle/Texas/24-008749-003/2024(H5N1)	1508	3680
HA|PP755589.1|A/cattle/Texas/24-008749-003/2024(H5N1)	1509	3660
HA|PP755589.1|A/cattle/Texas/24-008749-003/2024(H5N1)	1510	3626
HA|PP755589.1|A/cattle/Texas/24-008749-003/2024(H5N1)	1511	3629
HA|PP755589.1|A/cattle/Texas/24-008749-003/2024(H5N1)	1512	3596
HA|PP755589.1|A/cattle/Texas/24-008749-003/2024(H5N1)	1513	3581
HA|PP755589.1|A/cattle/Texas/24-008749-003/2024(H5N1)	1514	3577
HA|PP755589.1|A/cattle/Texas/24-008749-003/2024(H5N1)	1515	3519
HA|PP755589.1|A/cattle/Texas/24-008749-003/2024(H5N1)	1516	3522
HA|PP755589.1|A/cattle/Texas/24-008749-003/2024(H5N1)	1517	3512
HA|PP755589.1|A/cattle/Texas/24-008749-003/2024(H5N1)	1518	3538
HA|PP755589.1|A/cattle/Texas/24-008749-003/2024(H5N1)	1519	3531
HA|PP755589.1|A/cattle/Texas/24-008749-003/2024(H5N1)	1520	3514
HA|PP755589.1|A/cattle/Texas/24-008749-003/2024(H5N1)	1521	3502
HA|PP755589.1|A/cattle/Texas/24-008749-003/2024(H5N1)	1522	3464
HA|PP755589.1|A/cattle/Texas/24-008749-003/2024(H5N1)	1523	3466
HA|PP755589.1|A/cattle/Texas/24-008749-003/2024(H5N1)	1524	3445
HA|PP755589.1|A/cattle/Texas/24-008749-003/2024(H5N1)	1525	3449
HA|PP755589.1|A/cattle/Texas/24-008749-003/2024(H5N1)	1526	3423
HA|PP755589.1|A/cattle/Texas/24-008749-003/2024(H5N1)	1527	3317
HA|PP755589.1|A/cattle/Texas/24-008749-003/2024(H5N1)	1528	3316
HA|PP755589.1|A/cattle/Texas/24-008749-003/2024(H5N1)	1529	3269
HA|PP755589.1|A/cattle/Texas/24-008749-003/2024(H5N1)	1530	3269
HA|PP755589.1|A/cattle/Texas/24-008749-003/2024(H5N1)	1531	3256
HA|PP755589.1|A/cattle/Texas/24-008749-003/2024(H5N1)	1532	3247
HA|PP755589.1|A/cattle/Texas/24-008749-003/2024(H5N1)	1533	3238
HA|PP755589.1|A/cattle/Texas/24-008749-003/2024(H5N1)	1534	3217
HA|PP755589.1|A/cattle/Texas/24-008749-003/2024(H5N1)	1535	3218
HA|PP755589.1|A/cattle/Texas/24-008749-003/2024(H5N1)	1536	3225
HA|PP755589.1|A/cattle/Texas/24-008749-003/2024(H5N1)	1537	3220
HA|PP755589.1|A/cattle/Texas/24-008749-003/2024(H5N1)	1538	3212
HA|PP755589.1|A/cattle/Texas/24-008749-003/2024(H5N1)	1539	3208
HA|PP755589.1|A/cattle/Texas/24-008749-003/2024(H5N1)	1540	3210
HA|PP755589.1|A/cattle/Texas/24-008749-003/2024(H5N1)	1541	3211
HA|PP755589.1|A/cattle/Texas/24-008749-003/2024(H5N1)	1542	3210
HA|PP755589.1|A/cattle/Texas/24-008749-003/2024(H5N1)	1543	3182
HA|PP755589.1|A/cattle/Texas/24-008749-003/2024(H5N1)	1544	3186
HA|PP755589.1|A/cattle/Texas/24-008749-003/2024(H5N1)	1545	3132
HA|PP755589.1|A/cattle/Texas/24-008749-003/2024(H5N1)	1546	3126
HA|PP755589.1|A/cattle/Texas/24-008749-003/2024(H5N1)	1547	3127
HA|PP755589.1|A/cattle/Texas/24-008749-003/2024(H5N1)	1548	3119
HA|PP755589.1|A/cattle/Texas/24-008749-003/2024(H5N1)	1549	3099
HA|PP755589.1|A/cattle/Texas/24-008749-003/2024(H5N1)	1550	3079
HA|PP755589.1|A/cattle/Texas/24-008749-003/2024(H5N1)	1551	3079
HA|PP755589.1|A/cattle/Texas/24-008749-003/2024(H5N1)	1552	3079
HA|PP755589.1|A/cattle/Texas/24-008749-003/2024(H5N1)	1553	3062
HA|PP755589.1|A/cattle/Texas/24-008749-003/2024(H5N1)	1554	3059
HA|PP755589.1|A/cattle/Texas/24-008749-003/2024(H5N1)	1555	3044
HA|PP755589.1|A/cattle/Texas/24-008749-003/2024(H5N1)	1556	3022
HA|PP755589.1|A/cattle/Texas/24-008749-003/2024(H5N1)	1557	3001
HA|PP755589.1|A/cattle/Texas/24-008749-003/2024(H5N1)	1558	2937
HA|PP755589.1|A/cattle/Texas/24-008749-003/2024(H5N1)	1559	2946
HA|PP755589.1|A/cattle/Texas/24-008749-003/2024(H5N1)	1560	2940
HA|PP755589.1|A/cattle/Texas/24-008749-003/2024(H5N1)	1561	2938
HA|PP755589.1|A/cattle/Texas/24-008749-003/2024(H5N1)	1562	2924
HA|PP755589.1|A/cattle/Texas/24-008749-003/2024(H5N1)	1563	2919
HA|PP755589.1|A/cattle/Texas/24-008749-003/2024(H5N1)	1564	2887
HA|PP755589.1|A/cattle/Texas/24-008749-003/2024(H5N1)	1565	2851
HA|PP755589.1|A/cattle/Texas/24-008749-003/2024(H5N1)	1566	2853
HA|PP755589.1|A/cattle/Texas/24-008749-003/2024(H5N1)	1567	2842
HA|PP755589.1|A/cattle/Texas/24-008749-003/2024(H5N1)	1568	2824
HA|PP755589.1|A/cattle/Texas/24-008749-003/2024(H5N1)	1569	2805
HA|PP755589.1|A/cattle/Texas/24-008749-003/2024(H5N1)	1570	2786
HA|PP755589.1|A/cattle/Texas/24-008749-003/2024(H5N1)	1571	2787
HA|PP755589.1|A/cattle/Texas/24-008749-003/2024(H5N1)	1572	2786
HA|PP755589.1|A/cattle/Texas/24-008749-003/2024(H5N1)	1573	2768
HA|PP755589.1|A/cattle/Texas/24-008749-003/2024(H5N1)	1574	2763
HA|PP755589.1|A/cattle/Texas/24-008749-003/2024(H5N1)	1575	2751
HA|PP755589.1|A/cattle/Texas/24-008749-003/2024(H5N1)	1576	2750
HA|PP755589.1|A/cattle/Texas/24-008749-003/2024(H5N1)	1577	2747
HA|PP755589.1|A/cattle/Texas/24-008749-003/2024(H5N1)	1578	2735
HA|PP755589.1|A/cattle/Texas/24-008749-003/2024(H5N1)	1579	2725
HA|PP755589.1|A/cattle/Texas/24-008749-003/2024(H5N1)	1580	2721
HA|PP755589.1|A/cattle/Texas/24-008749-003/2024(H5N1)	1581	2704
HA|PP755589.1|A/cattle/Texas/24-008749-003/2024(H5N1)	1582	2706
HA|PP755589.1|A/cattle/Texas/24-008749-003/2024(H5N1)	1583	2686
HA|PP755589.1|A/cattle/Texas/24-008749-003/2024(H5N1)	1584	2607
HA|PP755589.1|A/cattle/Texas/24-008749-003/2024(H5N1)	1585	2602
HA|PP755589.1|A/cattle/Texas/24-008749-003/2024(H5N1)	1586	2611
HA|PP755589.1|A/cattle/Texas/24-008749-003/2024(H5N1)	1587	2608
HA|PP755589.1|A/cattle/Texas/24-008749-003/2024(H5N1)	1588	2603
HA|PP755589.1|A/cattle/Texas/24-008749-003/2024(H5N1)	1589	2550
HA|PP755589.1|A/cattle/Texas/24-008749-003/2024(H5N1)	1590	2551
HA|PP755589.1|A/cattle/Texas/24-008749-003/2024(H5N1)	1591	2540
HA|PP755589.1|A/cattle/Texas/24-008749-003/2024(H5N1)	1592	2535
HA|PP755589.1|A/cattle/Texas/24-008749-003/2024(H5N1)	1593	2499
HA|PP755589.1|A/cattle/Texas/24-008749-003/2024(H5N1)	1594	2488
HA|PP755589.1|A/cattle/Texas/24-008749-003/2024(H5N1)	1595	2433
HA|PP755589.1|A/cattle/Texas/24-008749-003/2024(H5N1)	1596	2435
HA|PP755589.1|A/cattle/Texas/24-008749-003/2024(H5N1)	1597	2433
HA|PP755589.1|A/cattle/Texas/24-008749-003/2024(H5N1)	1598	2433
HA|PP755589.1|A/cattle/Texas/24-008749-003/2024(H5N1)	1599	2418
HA|PP755589.1|A/cattle/Texas/24-008749-003/2024(H5N1)	1600	2416
HA|PP755589.1|A/cattle/Texas/24-008749-003/2024(H5N1)	1601	2415
HA|PP755589.1|A/cattle/Texas/24-008749-003/2024(H5N1)	1602	2429
HA|PP755589.1|A/cattle/Texas/24-008749-003/2024(H5N1)	1603	2391
HA|PP755589.1|A/cattle/Texas/24-008749-003/2024(H5N1)	1604	2382
HA|PP755589.1|A/cattle/Texas/24-008749-003/2024(H5N1)	1605	2360
HA|PP755589.1|A/cattle/Texas/24-008749-003/2024(H5N1)	1606	2332
HA|PP755589.1|A/cattle/Texas/24-008749-003/2024(H5N1)	1607	2320
HA|PP755589.1|A/cattle/Texas/24-008749-003/2024(H5N1)	1608	2308
HA|PP755589.1|A/cattle/Texas/24-008749-003/2024(H5N1)	1609	2298
HA|PP755589.1|A/cattle/Texas/24-008749-003/2024(H5N1)	1610	2292
HA|PP755589.1|A/cattle/Texas/24-008749-003/2024(H5N1)	1611	2249
HA|PP755589.1|A/cattle/Texas/24-008749-003/2024(H5N1)	1612	2248
HA|PP755589.1|A/cattle/Texas/24-008749-003/2024(H5N1)	1613	2226
HA|PP755589.1|A/cattle/Texas/24-008749-003/2024(H5N1)	1614	2224
HA|PP755589.1|A/cattle/Texas/24-008749-003/2024(H5N1)	1615	2223
HA|PP755589.1|A/cattle/Texas/24-008749-003/2024(H5N1)	1616	2222
HA|PP755589.1|A/cattle/Texas/24-008749-003/2024(H5N1)	1617	2220
HA|PP755589.1|A/cattle/Texas/24-008749-003/2024(H5N1)	1618	2219
HA|PP755589.1|A/cattle/Texas/24-008749-003/2024(H5N1)	1619	2219
HA|PP755589.1|A/cattle/Texas/24-008749-003/2024(H5N1)	1620	2213
HA|PP755589.1|A/cattle/Texas/24-008749-003/2024(H5N1)	1621	2196
HA|PP755589.1|A/cattle/Texas/24-008749-003/2024(H5N1)	1622	2208
HA|PP755589.1|A/cattle/Texas/24-008749-003/2024(H5N1)	1623	2197
HA|PP755589.1|A/cattle/Texas/24-008749-003/2024(H5N1)	1624	2195
HA|PP755589.1|A/cattle/Texas/24-008749-003/2024(H5N1)	1625	2194
HA|PP755589.1|A/cattle/Texas/24-008749-003/2024(H5N1)	1626	2189
HA|PP755589.1|A/cattle/Texas/24-008749-003/2024(H5N1)	1627	2191
HA|PP755589.1|A/cattle/Texas/24-008749-003/2024(H5N1)	1628	2158
HA|PP755589.1|A/cattle/Texas/24-008749-003/2024(H5N1)	1629	2129
HA|PP755589.1|A/cattle/Texas/24-008749-003/2024(H5N1)	1630	2123
HA|PP755589.1|A/cattle/Texas/24-008749-003/2024(H5N1)	1631	2056
HA|PP755589.1|A/cattle/Texas/24-008749-003/2024(H5N1)	1632	2059
HA|PP755589.1|A/cattle/Texas/24-008749-003/2024(H5N1)	1633	2059
HA|PP755589.1|A/cattle/Texas/24-008749-003/2024(H5N1)	1634	2058
HA|PP755589.1|A/cattle/Texas/24-008749-003/2024(H5N1)	1635	2056
HA|PP755589.1|A/cattle/Texas/24-008749-003/2024(H5N1)	1636	2037
HA|PP755589.1|A/cattle/Texas/24-008749-003/2024(H5N1)	1637	2013
HA|PP755589.1|A/cattle/Texas/24-008749-003/2024(H5N1)	1638	2015
HA|PP755589.1|A/cattle/Texas/24-008749-003/2024(H5N1)	1639	2009
HA|PP755589.1|A/cattle/Texas/24-008749-003/2024(H5N1)	1640	2000
HA|PP755589.1|A/cattle/Texas/24-008749-003/2024(H5N1)	1641	1986
HA|PP755589.1|A/cattle/Texas/24-008749-003/2024(H5N1)	1642	1970
HA|PP755589.1|A/cattle/Texas/24-008749-003/2024(H5N1)	1643	1961
HA|PP755589.1|A/cattle/Texas/24-008749-003/2024(H5N1)	1644	1957
HA|PP755589.1|A/cattle/Texas/24-008749-003/2024(H5N1)	1645	1954
HA|PP755589.1|A/cattle/Texas/24-008749-003/2024(H5N1)	1646	1946
HA|PP755589.1|A/cattle/Texas/24-008749-003/2024(H5N1)	1647	1879
HA|PP755589.1|A/cattle/Texas/24-008749-003/2024(H5N1)	1648	1881
HA|PP755589.1|A/cattle/Texas/24-008749-003/2024(H5N1)	1649	1882
HA|PP755589.1|A/cattle/Texas/24-008749-003/2024(H5N1)	1650	1869
HA|PP755589.1|A/cattle/Texas/24-008749-003/2024(H5N1)	1651	1869
HA|PP755589.1|A/cattle/Texas/24-008749-003/2024(H5N1)	1652	1863
HA|PP755589.1|A/cattle/Texas/24-008749-003/2024(H5N1)	1653	1863
HA|PP755589.1|A/cattle/Texas/24-008749-003/2024(H5N1)	1654	1843
HA|PP755589.1|A/cattle/Texas/24-008749-003/2024(H5N1)	1655	1838
HA|PP755589.1|A/cattle/Texas/24-008749-003/2024(H5N1)	1656	1828
HA|PP755589.1|A/cattle/Texas/24-008749-003/2024(H5N1)	1657	1758
HA|PP755589.1|A/cattle/Texas/24-008749-003/2024(H5N1)	1658	1700
HA|PP755589.1|A/cattle/Texas/24-008749-003/2024(H5N1)	1659	1700
HA|PP755589.1|A/cattle/Texas/24-008749-003/2024(H5N1)	1660	1697
HA|PP755589.1|A/cattle/Texas/24-008749-003/2024(H5N1)	1661	1666
HA|PP755589.1|A/cattle/Texas/24-008749-003/2024(H5N1)	1662	1579
HA|PP755589.1|A/cattle/Texas/24-008749-003/2024(H5N1)	1663	1538
HA|PP755589.1|A/cattle/Texas/24-008749-003/2024(H5N1)	1664	1455
HA|PP755589.1|A/cattle/Texas/24-008749-003/2024(H5N1)	1665	1455
HA|PP755589.1|A/cattle/Texas/24-008749-003/2024(H5N1)	1666	1365
HA|PP755589.1|A/cattle/Texas/24-008749-003/2024(H5N1)	1667	1359
HA|PP755589.1|A/cattle/Texas/24-008749-003/2024(H5N1)	1668	1357
HA|PP755589.1|A/cattle/Texas/24-008749-003/2024(H5N1)	1669	1354
HA|PP755589.1|A/cattle/Texas/24-008749-003/2024(H5N1)	1670	1354
HA|PP755589.1|A/cattle/Texas/24-008749-003/2024(H5N1)	1671	1311
HA|PP755589.1|A/cattle/Texas/24-008749-003/2024(H5N1)	1672	1305
HA|PP755589.1|A/cattle/Texas/24-008749-003/2024(H5N1)	1673	1303
HA|PP755589.1|A/cattle/Texas/24-008749-003/2024(H5N1)	1674	1267
HA|PP755589.1|A/cattle/Texas/24-008749-003/2024(H5N1)	1675	1225
HA|PP755589.1|A/cattle/Texas/24-008749-003/2024(H5N1)	1676	1173
HA|PP755589.1|A/cattle/Texas/24-008749-003/2024(H5N1)	1677	1150
HA|PP755589.1|A/cattle/Texas/24-008749-003/2024(H5N1)	1678	1148
HA|PP755589.1|A/cattle/Texas/24-008749-003/2024(H5N1)	1679	1105
HA|PP755589.1|A/cattle/Texas/24-008749-003/2024(H5N1)	1680	1101
HA|PP755589.1|A/cattle/Texas/24-008749-003/2024(H5N1)	1681	1093
HA|PP755589.1|A/cattle/Texas/24-008749-003/2024(H5N1)	1682	1093
HA|PP755589.1|A/cattle/Texas/24-008749-003/2024(H5N1)	1683	1093
HA|PP755589.1|A/cattle/Texas/24-008749-003/2024(H5N1)	1684	1085
HA|PP755589.1|A/cattle/Texas/24-008749-003/2024(H5N1)	1685	934
HA|PP755589.1|A/cattle/Texas/24-008749-003/2024(H5N1)	1686	932
HA|PP755589.1|A/cattle/Texas/24-008749-003/2024(H5N1)	1687	913
HA|PP755589.1|A/cattle/Texas/24-008749-003/2024(H5N1)	1688	913
HA|PP755589.1|A/cattle/Texas/24-008749-003/2024(H5N1)	1689	913
HA|PP755589.1|A/cattle/Texas/24-008749-003/2024(H5N1)	1690	848
HA|PP755589.1|A/cattle/Texas/24-008749-003/2024(H5N1)	1691	846
HA|PP755589.1|A/cattle/Texas/24-008749-003/2024(H5N1)	1692	840
HA|PP755589.1|A/cattle/Texas/24-008749-003/2024(H5N1)	1693	838
HA|PP755589.1|A/cattle/Texas/24-008749-003/2024(H5N1)	1694	835
HA|PP755589.1|A/cattle/Texas/24-008749-003/2024(H5N1)	1695	750
HA|PP755589.1|A/cattle/Texas/24-008749-003/2024(H5N1)	1696	747
HA|PP755589.1|A/cattle/Texas/24-008749-003/2024(H5N1)	1697	745
HA|PP755589.1|A/cattle/Texas/24-008749-003/2024(H5N1)	1698	742
HA|PP755589.1|A/cattle/Texas/24-008749-003/2024(H5N1)	1699	742
HA|PP755589.1|A/cattle/Texas/24-008749-003/2024(H5N1)	1700	716
HA|PP755589.1|A/cattle/Texas/24-008749-003/2024(H5N1)	1701	710
HA|PP755589.1|A/cattle/Texas/24-008749-003/2024(H5N1)	1702	710
HA|PP755589.1|A/cattle/Texas/24-008749-003/2024(H5N1)	1703	708
HA|PP755589.1|A/cattle/Texas/24-008749-003/2024(H5N1)	1704	706
