PB2|PP755596.1|A/cattle/Texas/24-008749-003/2024(H5N1)	1	241
PB2|PP755596.1|A/cattle/Texas/24-008749-003/2024(H5N1)	2	241
PB2|PP755596.1|A/cattle/Texas/24-008749-003/2024(H5N1)	3	247
PB2|PP755596.1|A/cattle/Texas/24-008749-003/2024(H5N1)	4	248
PB2|PP755596.1|A/cattle/Texas/24-008749-003/2024(H5N1)	5	248
PB2|PP755596.1|A/cattle/Texas/24-008749-003/2024(H5N1)	6	251
PB2|PP755596.1|A/cattle/Texas/24-008749-003/2024(H5N1)	7	254
PB2|PP755596.1|A/cattle/Texas/24-008749-003/2024(H5N1)	8	273
PB2|PP755596.1|A/cattle/Texas/24-008749-003/2024(H5N1)	9	275
PB2|PP755596.1|A/cattle/Texas/24-008749-003/2024(H5N1)	10	277
PB2|PP755596.1|A/cattle/Texas/24-008749-003/2024(H5N1)	11	283
PB2|PP755596.1|A/cattle/Texas/24-008749-003/2024(H5N1)	12	283
PB2|PP755596.1|A/cattle/Texas/24-008749-003/2024(H5N1)	13	283
PB2|PP755596.1|A/cattle/Texas/24-008749-003/2024(H5N1)	14	283
PB2|PP755596.1|A/cattle/Texas/24-008749-003/2024(H5N1)	15	284
PB2|PP755596.1|A/cattle/Texas/24-008749-003/2024(H5N1)	16	295
PB2|PP755596.1|A/cattle/Texas/24-008749-003/2024(H5N1)	17	302
PB2|PP755596.1|A/cattle/Texas/24-008749-003/2024(H5N1)	18	303
PB2|PP755596.1|A/cattle/Texas/24-008749-003/2024(H5N1)	19	305
PB2|PP755596.1|A/cattle/Texas/24-008749-003/2024(H5N1)	20	305
PB2|PP755596.1|A/cattle/Texas/24-008749-003/2024(H5N1)	21	306
PB2|PP755596.1|A/cattle/Texas/24-008749-003/2024(H5N1)	22	307
PB2|PP755596.1|A/cattle/Texas/24-008749-003/2024(H5N1)	23	307
PB2|PP755596.1|A/cattle/Texas/24-008749-003/2024(H5N1)	24	307
PB2|PP755596.1|A/cattle/Texas/24-008749-003/2024(H5N1)	25	325
PB2|PP755596.1|A/cattle/Texas/24-008749-003/2024(H5N1)	26	327
PB2|PP755596.1|A/cattle/Texas/24-008749-003/2024(H5N1)	27	331
PB2|PP755596.1|A/cattle/Texas/24-008749-003/2024(H5N1)	28	330
PB2|PP755596.1|A/cattle/Texas/24-008749-003/2024(H5N1)	29	334
PB2|PP755596.1|A/cattle/Texas/24-008749-003/2024(H5N1)	30	337
PB2|PP755596.1|A/cattle/Texas/24-008749-003/2024(H5N1)	31	340
PB2|PP755596.1|A/cattle/Texas/24-008749-003/2024(H5N1)	32	342
PB2|PP755596.1|A/cattle/Texas/24-008749-003/2024(H5N1)	33	345
PB2|PP755596.1|A/cattle/Texas/24-008749-003/2024(H5N1)	34	352
PB2|PP755596.1|A/cattle/Texas/24-008749-003/2024(H5N1)	35	353
PB2|PP755596.1|A/cattle/Texas/24-008749-003/2024(H5N1)	36	353
PB2|PP755596.1|A/cattle/Texas/24-008749-003/2024(H5N1)	37	353
PB2|PP755596.1|A/cattle/Texas/24-008749-003/2024(H5N1)	38	353
PB2|PP755596.1|A/cattle/Texas/24-008749-003/2024(H5N1)	39	371
PB2|PP755596.1|A/cattle/Texas/24-008749-003/2024(H5N1)	40	379
PB2|PP755596.1|A/cattle/Texas/24-008749-003/2024(H5N1)	41	381
PB2|PP755596.1|A/cattle/Texas/24-008749-003/2024(H5N1)	42	382
PB2|PP755596.1|A/cattle/Texas/24-008749-003/2024(H5N1)	43	382
PB2|PP755596.1|A/cattle/Texas/24-008749-003/2024(H5N1)	44	382
PB2|PP755596.1|A/cattle/Texas/24-008749-003/2024(H5N1)	45	385
PB2|PP755596.1|A/cattle/Texas/24-008749-003/2024(H5N1)	46	385
PB2|PP755596.1|A/cattle/Texas/24-008749-003/2024(H5N1)	47	386
PB2|PP755596.1|A/cattle/Texas/24-008749-003/2024(H5N1)	48	385
PB2|PP755596.1|A/cattle/Texas/24-008749-003/2024(H5N1)	49	390
PB2|PP755596.1|A/cattle/Texas/24-008749-003/2024(H5N1)	50	395
PB2|PP755596.1|A/cattle/Texas/24-008749-003/2024(H5N1)	51	399
PB2|PP755596.1|A/cattle/Texas/24-008749-003/2024(H5N1)	52	399
PB2|PP755596.1|A/cattle/Texas/24-008749-003/2024(H5N1)	53	403
PB2|PP755596.1|A/cattle/Texas/24-008749-003/2024(H5N1)	54	407
PB2|PP755596.1|A/cattle/Texas/24-008749-003/2024(H5N1)	55	423
PB2|PP755596.1|A/cattle/Texas/24-008749-003/2024(H5N1)	56	425
PB2|PP755596.1|A/cattle/Texas/24-008749-003/2024(H5N1)	57	425
PB2|PP755596.1|A/cattle/Texas/24-008749-003/2024(H5N1)	58	425
PB2|PP755596.1|A/cattle/Texas/24-008749-003/2024(H5N1)	59	425
PB2|PP755596.1|A/cattle/Texas/24-008749-003/2024(H5N1)	60	436
PB2|PP755596.1|A/cattle/Texas/24-008749-003/2024(H5N1)	61	439
PB2|PP755596.1|A/cattle/Texas/24-008749-003/2024(H5N1)	62	440
PB2|PP755596.1|A/cattle/Texas/24-008749-003/2024(H5N1)	63	441
PB2|PP755596.1|A/cattle/Texas/24-008749-003/2024(H5N1)	64	438
PB2|PP755596.1|A/cattle/Texas/24-008749-003/2024(H5N1)	65	442
PB2|PP755596.1|A/cattle/Texas/24-008749-003/2024(H5N1)	66	445
PB2|PP755596.1|A/cattle/Texas/24-008749-003/2024(H5N1)	67	446
PB2|PP755596.1|A/cattle/Texas/24-008749-003/2024(H5N1)	68	456
PB2|PP755596.1|A/cattle/Texas/24-008749-003/2024(H5N1)	69	458
PB2|PP755596.1|A/cattle/Texas/24-008749-003/2024(H5N1)	70	453
PB2|PP755596.1|A/cattle/Texas/24-008749-003/2024(H5N1)	71	463
PB2|PP755596.1|A/cattle/Texas/24-008749-003/2024(H5N1)	72	463
PB2|PP755596.1|A/cattle/Texas/24-008749-003/2024(H5N1)	73	477
PB2|PP755596.1|A/cattle/Texas/24-008749-003/2024(H5N1)	74	476
PB2|PP755596.1|A/cattle/Texas/24-008749-003/2024(H5N1)	75	477
PB2|PP755596.1|A/cattle/Texas/24-008749-003/2024(H5N1)	76	480
PB2|PP755596.1|A/cattle/Texas/24-008749-003/2024(H5N1)	77	482
PB2|PP755596.1|A/cattle/Texas/24-008749-003/2024(H5N1)	78	488
PB2|PP755596.1|A/cattle/Texas/24-008749-003/2024(H5N1)	79	490
PB2|PP755596.1|A/cattle/Texas/24-008749-003/2024(H5N1)	80	496
PB2|PP755596.1|A/cattle/Texas/24-008749-003/2024(H5N1)	81	499
PB2|PP755596.1|A/cattle/Texas/24-008749-003/2024(H5N1)	82	499
PB2|PP755596.1|A/cattle/Texas/24-008749-003/2024(H5N1)	83	500
PB2|PP755596.1|A/cattle/Texas/24-008749-003/2024(H5N1)	84	501
PB2|PP755596.1|A/cattle/Texas/24-008749-003/2024(H5N1)	85	512
PB2|PP755596.1|A/cattle/Texas/24-008749-003/2024(H5N1)	86	515
PB2|PP755596.1|A/cattle/Texas/24-008749-003/2024(H5N1)	87	516
PB2|PP755596.1|A/cattle/Texas/24-008749-003/2024(H5N1)	88	516
PB2|PP755596.1|A/cattle/Texas/24-008749-003/2024(H5N1)	89	521
PB2|PP755596.1|A/cattle/Texas/24-008749-003/2024(H5N1)	90	526
PB2|PP755596.1|A/cattle/Texas/24-008749-003/2024(H5N1)	91	532
PB2|PP755596.1|A/cattle/Texas/24-008749-003/2024(H5N1)	92	534
PB2|PP755596.1|A/cattle/Texas/24-008749-003/2024(H5N1)	93	530
PB2|PP755596.1|A/cattle/Texas/24-008749-003/2024(H5N1)	94	529
PB2|PP755596.1|A/cattle/Texas/24-008749-003/2024(H5N1)	95	529
PB2|PP755596.1|A/cattle/Texas/24-008749-003/2024(H5N1)	96	534
PB2|PP755596.1|A/cattle/Texas/24-008749-003/2024(H5N1)	97	539
PB2|PP755596.1|A/cattle/Texas/24-008749-003/2024(H5N1)	98	539
PB2|PP755596.1|A/cattle/Texas/24-008749-003/2024(H5N1)	99	547
PB2|PP755596.1|A/cattle/Texas/24-008749-003/2024(H5N1)	100	551
PB2|PP755596.1|A/cattle/Texas/24-008749-003/2024(H5N1)	101	551
PB2|PP755596.1|A/cattle/Texas/24-008749-003/2024(H5N1)	102	538
PB2|PP755596.1|A/cattle/Texas/24-008749-003/2024(H5N1)	103	538
PB2|PP755596.1|A/cattle/Texas/24-008749-003/2024(H5N1)	104	546
PB2|PP755596.1|A/cattle/Texas/24-008749-003/2024(H5N1)	105	544
PB2|PP755596.1|A/cattle/Texas/24-008749-003/2024(H5N1)	106	540
PB2|PP755596.1|A/cattle/Texas/24-008749-003/2024(H5N1)	107	540
PB2|PP755596.1|A/cattle/Texas/24-008749-003/2024(H5N1)	108	539
PB2|PP755596.1|A/cattle/Texas/24-008749-003/2024(H5N1)	109	543
PB2|PP755596.1|A/cattle/Texas/24-008749-003/2024(H5N1)	110	545
PB2|PP755596.1|A/cattle/Texas/24-008749-003/2024(H5N1)	111	545
PB2|PP755596.1|A/cattle/Texas/24-008749-003/2024(H5N1)	112	545
PB2|PP755596.1|A/cattle/Texas/24-008749-003/2024(H5N1)	113	554
PB2|PP755596.1|A/cattle/Texas/24-008749-003/2024(H5N1)	114	504
PB2|PP755596.1|A/cattle/Texas/24-008749-003/2024(H5N1)	115	506
PB2|PP755596.1|A/cattle/Texas/24-008749-003/2024(H5N1)	116	505
PB2|PP755596.1|A/cattle/Texas/24-008749-003/2024(H5N1)	117	505
PB2|PP755596.1|A/cattle/Texas/24-008749-003/2024(H5N1)	118	511
PB2|PP755596.1|A/cattle/Texas/24-008749-003/2024(H5N1)	119	520
PB2|PP755596.1|A/cattle/Texas/24-008749-003/2024(H5N1)	120	521
PB2|PP755596.1|A/cattle/Texas/24-008749-003/2024(H5N1)	121	524
PB2|PP755596.1|A/cattle/Texas/24-008749-003/2024(H5N1)	122	524
PB2|PP755596.1|A/cattle/Texas/24-008749-003/2024(H5N1)	123	524
PB2|PP755596.1|A/cattle/Texas/24-008749-003/2024(H5N1)	124	528
PB2|PP755596.1|A/cattle/Texas/24-008749-003/2024(H5N1)	125	533
PB2|PP755596.1|A/cattle/Texas/24-008749-003/2024(H5N1)	126	533
PB2|PP755596.1|A/cattle/Texas/24-008749-003/2024(H5N1)	127	532
PB2|PP755596.1|A/cattle/Texas/24-008749-003/2024(H5N1)	128	532
PB2|PP755596.1|A/cattle/Texas/24-008749-003/2024(H5N1)	129	528
PB2|PP755596.1|A/cattle/Texas/24-008749-003/2024(H5N1)	130	528
PB2|PP755596.1|A/cattle/Texas/24-008749-003/2024(H5N1)	131	530
PB2|PP755596.1|A/cattle/Texas/24-008749-003/2024(H5N1)	132	534
PB2|PP755596.1|A/cattle/Texas/24-008749-003/2024(H5N1)	133	539
PB2|PP755596.1|A/cattle/Texas/24-008749-003/2024(H5N1)	134	538
PB2|PP755596.1|A/cattle/Texas/24-008749-003/2024(H5N1)	135	538
PB2|PP755596.1|A/cattle/Texas/24-008749-003/2024(H5N1)	136	538
PB2|PP755596.1|A/cattle/Texas/24-008749-003/2024(H5N1)	137	553
PB2|PP755596.1|A/cattle/Texas/24-008749-003/2024(H5N1)	138	555
PB2|PP755596.1|A/cattle/Texas/24-008749-003/2024(H5N1)	139	554
PB2|PP755596.1|A/cattle/Texas/24-008749-003/2024(H5N1)	140	553
PB2|PP755596.1|A/cattle/Texas/24-008749-003/2024(H5N1)	141	559
PB2|PP755596.1|A/cattle/Texas/24-008749-003/2024(H5N1)	142	561
PB2|PP755596.1|A/cattle/Texas/24-008749-003/2024(H5N1)	143	562
PB2|PP755596.1|A/cattle/Texas/24-008749-003/2024(H5N1)	144	562
PB2|PP755596.1|A/cattle/Texas/24-008749-003/2024(H5N1)	145	563
PB2|PP755596.1|A/cattle/Texas/24-008749-003/2024(H5N1)	146	560
PB2|PP755596.1|A/cattle/Texas/24-008749-003/2024(H5N1)	147	561
PB2|PP755596.1|A/cattle/Texas/24-008749-003/2024(H5N1)	148	563
PB2|PP755596.1|A/cattle/Texas/24-008749-003/2024(H5N1)	149	563
PB2|PP755596.1|A/cattle/Texas/24-008749-003/2024(H5N1)	150	563
PB2|PP755596.1|A/cattle/Texas/24-008749-003/2024(H5N1)	151	559
PB2|PP755596.1|A/cattle/Texas/24-008749-003/2024(H5N1)	152	564
PB2|PP755596.1|A/cattle/Texas/24-008749-003/2024(H5N1)	153	564
PB2|PP755596.1|A/cattle/Texas/24-008749-003/2024(H5N1)	154	566
PB2|PP755596.1|A/cattle/Texas/24-008749-003/2024(H5N1)	155	570
PB2|PP755596.1|A/cattle/Texas/24-008749-003/2024(H5N1)	156	572
PB2|PP755596.1|A/cattle/Texas/24-008749-003/2024(H5N1)	157	571
PB2|PP755596.1|A/cattle/Texas/24-008749-003/2024(H5N1)	158	572
PB2|PP755596.1|A/cattle/Texas/24-008749-003/2024(H5N1)	159	577
PB2|PP755596.1|A/cattle/Texas/24-008749-003/2024(H5N1)	160	576
PB2|PP755596.1|A/cattle/Texas/24-008749-003/2024(H5N1)	161	576
PB2|PP755596.1|A/cattle/Texas/24-008749-003/2024(H5N1)	162	576
PB2|PP755596.1|A/cattle/Texas/24-008749-003/2024(H5N1)	163	572
PB2|PP755596.1|A/cattle/Texas/24-008749-003/2024(H5N1)	164	577
PB2|PP755596.1|A/cattle/Texas/24-008749-003/2024(H5N1)	165	576
PB2|PP755596.1|A/cattle/Texas/24-008749-003/2024(H5N1)	166	577
PB2|PP755596.1|A/cattle/Texas/24-008749-003/2024(H5N1)	167	580
PB2|PP755596.1|A/cattle/Texas/24-008749-003/2024(H5N1)	168	569
PB2|PP755596.1|A/cattle/Texas/24-008749-003/2024(H5N1)	169	569
PB2|PP755596.1|A/cattle/Texas/24-008749-003/2024(H5N1)	170	569
PB2|PP755596.1|A/cattle/Texas/24-008749-003/2024(H5N1)	171	546
PB2|PP755596.1|A/cattle/Texas/24-008749-003/2024(H5N1)	172	547
PB2|PP755596.1|A/cattle/Texas/24-008749-003/2024(H5N1)	173	563
PB2|PP755596.1|A/cattle/Texas/24-008749-003/2024(H5N1)	174	563
PB2|PP755596.1|A/cattle/Texas/24-008749-003/2024(H5N1)	175	564
PB2|PP755596.1|A/cattle/Texas/24-008749-003/2024(H5N1)	176	566
PB2|PP755596.1|A/cattle/Texas/24-008749-003/2024(H5N1)	177	570
PB2|PP755596.1|A/cattle/Texas/24-008749-003/2024(H5N1)	178	576
PB2|PP755596.1|A/cattle/Texas/24-008749-003/2024(H5N1)	179	580
PB2|PP755596.1|A/cattle/Texas/24-008749-003/2024(H5N1)	180	584
PB2|PP755596.1|A/cattle/Texas/24-008749-003/2024(H5N1)	181	584
PB2|PP755596.1|A/cattle/Texas/24-008749-003/2024(H5N1)	182	585
PB2|PP755596.1|A/cattle/Texas/24-008749-003/2024(H5N1)	183	585
PB2|PP755596.1|A/cattle/Texas/24-008749-003/2024(H5N1)	184	590
PB2|PP755596.1|A/cattle/Texas/24-008749-003/2024(H5N1)	185	592
PB2|PP755596.1|A/cattle/Texas/24-008749-003/2024(H5N1)	186	595
PB2|PP755596.1|A/cattle/Texas/24-008749-003/2024(H5N1)	187	596
PB2|PP755596.1|A/cattle/Texas/24-008749-003/2024(H5N1)	188	601
PB2|PP755596.1|A/cattle/Texas/24-008749-003/2024(H5N1)	189	594
PB2|PP755596.1|A/cattle/Texas/24-008749-003/2024(H5N1)	190	596
PB2|PP755596.1|A/cattle/Texas/24-008749-003/2024(H5N1)	191	592
PB2|PP755596.1|A/cattle/Texas/24-008749-003/2024(H5N1)	192	592
PB2|PP755596.1|A/cattle/Texas/24-008749-003/2024(H5N1)	193	591
PB2|PP755596.1|A/cattle/Texas/24-008749-003/2024(H5N1)	194	589
PB2|PP755596.1|A/cattle/Texas/24-008749-003/2024(H5N1)	195	579
PB2|PP755596.1|A/cattle/Texas/24-008749-003/2024(H5N1)	196	577
PB2|PP755596.1|A/cattle/Texas/24-008749-003/2024(H5N1)	197	578
PB2|PP755596.1|A/cattle/Texas/24-008749-003/2024(H5N1)	198	578
PB2|PP755596.1|A/cattle/Texas/24-008749-003/2024(H5N1)	199	576
PB2|PP755596.1|A/cattle/Texas/24-008749-003/2024(H5N1)	200	576
PB2|PP755596.1|A/cattle/Texas/24-008749-003/2024(H5N1)	201	577
PB2|PP755596.1|A/cattle/Texas/24-008749-003/2024(H5N1)	202	576
PB2|PP755596.1|A/cattle/Texas/24-008749-003/2024(H5N1)	203	570
PB2|PP755596.1|A/cattle/Texas/24-008749-003/2024(H5N1)	204	566
PB2|PP755596.1|A/cattle/Texas/24-008749-003/2024(H5N1)	205	558
PB2|PP755596.1|A/cattle/Texas/24-008749-003/2024(H5N1)	206	556
PB2|PP755596.1|A/cattle/Texas/24-008749-003/2024(H5N1)	207	557
PB2|PP755596.1|A/cattle/Texas/24-008749-003/2024(H5N1)	208	557
PB2|PP755596.1|A/cattle/Texas/24-008749-003/2024(H5N1)	209	560
PB2|PP755596.1|A/cattle/Texas/24-008749-003/2024(H5N1)	210	565
PB2|PP755596.1|A/cattle/Texas/24-008749-003/2024(H5N1)	211	558
PB2|PP755596.1|A/cattle/Texas/24-008749-003/2024(H5N1)	212	560
PB2|PP755596.1|A/cattle/Texas/24-008749-003/2024(H5N1)	213	561
PB2|PP755596.1|A/cattle/Texas/24-008749-003/2024(H5N1)	214	568
PB2|PP755596.1|A/cattle/Texas/24-008749-003/2024(H5N1)	215	568
PB2|PP755596.1|A/cattle/Texas/24-008749-003/2024(H5N1)	216	567
PB2|PP755596.1|A/cattle/Texas/24-008749-003/2024(H5N1)	217	565
PB2|PP755596.1|A/cattle/Texas/24-008749-003/2024(H5N1)	218	563
PB2|PP755596.1|A/cattle/Texas/24-008749-003/2024(H5N1)	219	557
PB2|PP755596.1|A/cattle/Texas/24-008749-003/2024(H5N1)	220	558
PB2|PP755596.1|A/cattle/Texas/24-008749-003/2024(H5N1)	221	557
PB2|PP755596.1|A/cattle/Texas/24-008749-003/2024(H5N1)	222	547
PB2|PP755596.1|A/cattle/Texas/24-008749-003/2024(H5N1)	223	526
PB2|PP755596.1|A/cattle/Texas/24-008749-003/2024(H5N1)	224	527
PB2|PP755596.1|A/cattle/Texas/24-008749-003/2024(H5N1)	225	522
PB2|PP755596.1|A/cattle/Texas/24-008749-003/2024(H5N1)	226	514
PB2|PP755596.1|A/cattle/Texas/24-008749-003/2024(H5N1)	227	514
PB2|PP755596.1|A/cattle/Texas/24-008749-003/2024(H5N1)	228	514
PB2|PP755596.1|A/cattle/Texas/24-008749-003/2024(H5N1)	229	520
PB2|PP755596.1|A/cattle/Texas/24-008749-003/2024(H5N1)	230	521
PB2|PP755596.1|A/cattle/Texas/24-008749-003/2024(H5N1)	231	521
PB2|PP755596.1|A/cattle/Texas/24-008749-003/2024(H5N1)	232	521
PB2|PP755596.1|A/cattle/Texas/24-008749-003/2024(H5N1)	233	524
PB2|PP755596.1|A/cattle/Texas/24-008749-003/2024(H5N1)	234	525
PB2|PP755596.1|A/cattle/Texas/24-008749-003/2024(H5N1)	235	515
PB2|PP755596.1|A/cattle/Texas/24-008749-003/2024(H5N1)	236	514
PB2|PP755596.1|A/cattle/Texas/24-008749-003/2024(H5N1)	237	512
PB2|PP755596.1|A/cattle/Texas/24-008749-003/2024(H5N1)	238	505
PB2|PP755596.1|A/cattle/Texas/24-008749-003/2024(H5N1)	239	503
PB2|PP755596.1|A/cattle/Texas/24-008749-003/2024(H5N1)	240	492
PB2|PP755596.1|A/cattle/Texas/24-008749-003/2024(H5N1)	241	492
PB2|PP755596.1|A/cattle/Texas/24-008749-003/2024(H5N1)	242	490
PB2|PP755596.1|A/cattle/Texas/24-008749-003/2024(H5N1)	243	488
PB2|PP755596.1|A/cattle/Texas/24-008749-003/2024(H5N1)	244	489
PB2|PP755596.1|A/cattle/Texas/24-008749-003/2024(H5N1)	245	483
PB2|PP755596.1|A/cattle/Texas/24-008749-003/2024(H5N1)	246	412
PB2|PP755596.1|A/cattle/Texas/24-008749-003/2024(H5N1)	247	412
PB2|PP755596.1|A/cattle/Texas/24-008749-003/2024(H5N1)	248	410
PB2|PP755596.1|A/cattle/Texas/24-008749-003/2024(H5N1)	249	408
PB2|PP755596.1|A/cattle/Texas/24-008749-003/2024(H5N1)	250	406
PB2|PP755596.1|A/cattle/Texas/24-008749-003/2024(H5N1)	251	407
PB2|PP755596.1|A/cattle/Texas/24-008749-003/2024(H5N1)	252	406
PB2|PP755596.1|A/cattle/Texas/24-008749-003/2024(H5N1)	253	409
PB2|PP755596.1|A/cattle/Texas/24-008749-003/2024(H5N1)	254	410
PB2|PP755596.1|A/cattle/Texas/24-008749-003/2024(H5N1)	255	410
PB2|PP755596.1|A/cattle/Texas/24-008749-003/2024(H5N1)	256	410
PB2|PP755596.1|A/cattle/Texas/24-008749-003/2024(H5N1)	257	409
PB2|PP755596.1|A/cattle/Texas/24-008749-003/2024(H5N1)	258	409
PB2|PP755596.1|A/cattle/Texas/24-008749-003/2024(H5N1)	259	405
PB2|PP755596.1|A/cattle/Texas/24-008749-003/2024(H5N1)	260	405
PB2|PP755596.1|A/cattle/Texas/24-008749-003/2024(H5N1)	261	402
PB2|PP755596.1|A/cattle/Texas/24-008749-003/2024(H5N1)	262	400
PB2|PP755596.1|A/cattle/Texas/24-008749-003/2024(H5N1)	263	403
PB2|PP755596.1|A/cattle/Texas/24-008749-003/2024(H5N1)	264	405
PB2|PP755596.1|A/cattle/Texas/24-008749-003/2024(H5N1)	265	406
PB2|PP755596.1|A/cattle/Texas/24-008749-003/2024(H5N1)	266	405
PB2|PP755596.1|A/cattle/Texas/24-008749-003/2024(H5N1)	267	397
PB2|PP755596.1|A/cattle/Texas/24-008749-003/2024(H5N1)	268	384
PB2|PP755596.1|A/cattle/Texas/24-008749-003/2024(H5N1)	269	384
PB2|PP755596.1|A/cattle/Texas/24-008749-003/2024(H5N1)	270	385
PB2|PP755596.1|A/cattle/Texas/24-008749-003/2024(H5N1)	271	386
PB2|PP755596.1|A/cattle/Texas/24-008749-003/2024(H5N1)	272	384
PB2|PP755596.1|A/cattle/Texas/24-008749-003/2024(H5N1)	273	385
PB2|PP755596.1|A/cattle/Texas/24-008749-003/2024(H5N1)	274	385
PB2|PP755596.1|A/cattle/Texas/24-008749-003/2024(H5N1)	275	378
PB2|PP755596.1|A/cattle/Texas/24-008749-003/2024(H5N1)	276	377
PB2|PP755596.1|A/cattle/Texas/24-008749-003/2024(H5N1)	277	384
PB2|PP755596.1|A/cattle/Texas/24-008749-003/2024(H5N1)	278	381
PB2|PP755596.1|A/cattle/Texas/24-008749-003/2024(H5N1)	279	380
PB2|PP755596.1|A/cattle/Texas/24-008749-003/2024(H5N1)	280	370
PB2|PP755596.1|A/cattle/Texas/24-008749-003/2024(H5N1)	281	368
PB2|PP755596.1|A/cattle/Texas/24-008749-003/2024(H5N1)	282	369
PB2|PP755596.1|A/cattle/Texas/24-008749-003/2024(H5N1)	283	367
PB2|PP755596.1|A/cattle/Texas/24-008749-003/2024(H5N1)	284	362
PB2|PP755596.1|A/cattle/Texas/24-008749-003/2024(H5N1)	285	354
PB2|PP755596.1|A/cattle/Texas/24-008749-003/2024(H5N1)	286	351
PB2|PP755596.1|A/cattle/Texas/24-008749-003/2024(H5N1)	287	294
PB2|PP755596.1|A/cattle/Texas/24-008749-003/2024(H5N1)	288	292
PB2|PP755596.1|A/cattle/Texas/24-008749-003/2024(H5N1)	289	289
PB2|PP755596.1|A/cattle/Texas/24-008749-003/2024(H5N1)	290	268
PB2|PP755596.1|A/cattle/Texas/24-008749-003/2024(H5N1)	291	265
PB2|PP755596.1|A/cattle/Texas/24-008749-003/2024(H5N1)	292	263
PB2|PP755596.1|A/cattle/Texas/24-008749-003/2024(H5N1)	293	259
PB2|PP755596.1|A/cattle/Texas/24-008749-003/2024(H5N1)	294	242
PB2|PP755596.1|A/cattle/Texas/24-008749-003/2024(H5N1)	295	233
PB2|PP755596.1|A/cattle/Texas/24-008749-003/2024(H5N1)	296	230
PB2|PP755596.1|A/cattle/Texas/24-008749-003/2024(H5N1)	297	228
PB2|PP755596.1|A/cattle/Texas/24-008749-003/2024(H5N1)	298	222
PB2|PP755596.1|A/cattle/Texas/24-008749-003/2024(H5N1)	299	221
PB2|PP755596.1|A/cattle/Texas/24-008749-003/2024(H5N1)	300	200
PB2|PP755596.1|A/cattle/Texas/24-008749-003/2024(H5N1)	301	165
PB2|PP755596.1|A/cattle/Texas/24-008749-003/2024(H5N1)	302	166
PB2|PP755596.1|A/cattle/Texas/24-008749-003/2024(H5N1)	303	165
PB2|PP755596.1|A/cattle/Texas/24-008749-003/2024(H5N1)	304	165
PB2|PP755596.1|A/cattle/Texas/24-008749-003/2024(H5N1)	305	164
PB2|PP755596.1|A/cattle/Texas/24-008749-003/2024(H5N1)	306	146
PB2|PP755596.1|A/cattle/Texas/24-008749-003/2024(H5N1)	307	148
PB2|PP755596.1|A/cattle/Texas/24-008749-003/2024(H5N1)	308	151
PB2|PP755596.1|A/cattle/Texas/24-008749-003/2024(H5N1)	309	150
PB2|PP755596.1|A/cattle/Texas/24-008749-003/2024(H5N1)	310	150
PB2|PP755596.1|A/cattle/Texas/24-008749-003/2024(H5N1)	311	150
PB2|PP755596.1|A/cattle/Texas/24-008749-003/2024(H5N1)	312	150
PB2|PP755596.1|A/cattle/Texas/24-008749-003/2024(H5N1)	313	152
PB2|PP755596.1|A/cattle/Texas/24-008749-003/2024(H5N1)	314	152
PB2|PP755596.1|A/cattle/Texas/24-008749-003/2024(H5N1)	315	153
PB2|PP755596.1|A/cattle/Texas/24-008749-003/2024(H5N1)	316	152
PB2|PP755596.1|A/cattle/Texas/24-008749-003/2024(H5N1)	317	150
PB2|PP755596.1|A/cattle/Texas/24-008749-003/2024(H5N1)	318	149
PB2|PP755596.1|A/cattle/Texas/24-008749-003/2024(H5N1)	319	149
PB2|PP755596.1|A/cattle/Texas/24-008749-003/2024(H5N1)	320	150
PB2|PP755596.1|A/cattle/Texas/24-008749-003/2024(H5N1)	321	148
PB2|PP755596.1|A/cattle/Texas/24-008749-003/2024(H5N1)	322	146
PB2|PP755596.1|A/cattle/Texas/24-008749-003/2024(H5N1)	323	143
PB2|PP755596.1|A/cattle/Texas/24-008749-003/2024(H5N1)	324	136
PB2|PP755596.1|A/cattle/Texas/24-008749-003/2024(H5N1)	325	136
PB2|PP755596.1|A/cattle/Texas/24-008749-003/2024(H5N1)	326	135
PB2|PP755596.1|A/cattle/Texas/24-008749-003/2024(H5N1)	327	138
PB2|PP755596.1|A/cattle/Texas/24-008749-003/2024(H5N1)	328	138
PB2|PP755596.1|A/cattle/Texas/24-008749-003/2024(H5N1)	329	137
PB2|PP755596.1|A/cattle/Texas/24-008749-003/2024(H5N1)	330	140
PB2|PP755596.1|A/cattle/Texas/24-008749-003/2024(H5N1)	331	137
PB2|PP755596.1|A/cattle/Texas/24-008749-003/2024(H5N1)	332	138
PB2|PP755596.1|A/cattle/Texas/24-008749-003/2024(H5N1)	333	140
PB2|PP755596.1|A/cattle/Texas/24-008749-003/2024(H5N1)	334	141
PB2|PP755596.1|A/cattle/Texas/24-008749-003/2024(H5N1)	335	142
PB2|PP755596.1|A/cattle/Texas/24-008749-003/2024(H5N1)	336	140
PB2|PP755596.1|A/cattle/Texas/24-008749-003/2024(H5N1)	337	142
PB2|PP755596.1|A/cattle/Texas/24-008749-003/2024(H5N1)	338	142
PB2|PP755596.1|A/cattle/Texas/24-008749-003/2024(H5N1)	339	147
PB2|PP755596.1|A/cattle/Texas/24-008749-003/2024(H5N1)	340	146
PB2|PP755596.1|A/cattle/Texas/24-008749-003/2024(H5N1)	341	143
PB2|PP755596.1|A/cattle/Texas/24-008749-003/2024(H5N1)	342	145
PB2|PP755596.1|A/cattle/Texas/24-008749-003/2024(H5N1)	343	136
PB2|PP755596.1|A/cattle/Texas/24-008749-003/2024(H5N1)	344	136
PB2|PP755596.1|A/cattle/Texas/24-008749-003/2024(H5N1)	345	135
PB2|PP755596.1|A/cattle/Texas/24-008749-003/2024(H5N1)	346	133
PB2|PP755596.1|A/cattle/Texas/24-008749-003/2024(H5N1)	347	132
PB2|PP755596.1|A/cattle/Texas/24-008749-003/2024(H5N1)	348	129
PB2|PP755596.1|A/cattle/Texas/24-008749-003/2024(H5N1)	349	128
PB2|PP755596.1|A/cattle/Texas/24-008749-003/2024(H5N1)	350	127
PB2|PP755596.1|A/cattle/Texas/24-008749-003/2024(H5N1)	351	116
PB2|PP755596.1|A/cattle/Texas/24-008749-003/2024(H5N1)	352	116
PB2|PP755596.1|A/cattle/Texas/24-008749-003/2024(H5N1)	353	116
PB2|PP755596.1|A/cattle/Texas/24-008749-003/2024(H5N1)	354	118
PB2|PP755596.1|A/cattle/Texas/24-008749-003/2024(H5N1)	355	118
PB2|PP755596.1|A/cattle/Texas/24-008749-003/2024(H5N1)	356	118
PB2|PP755596.1|A/cattle/Texas/24-008749-003/2024(H5N1)	357	118
PB2|PP755596.1|A/cattle/Texas/24-008749-003/2024(H5N1)	358	118
PB2|PP755596.1|A/cattle/Texas/24-008749-003/2024(H5N1)	359	120
PB2|PP755596.1|A/cattle/Texas/24-008749-003/2024(H5N1)	360	120
PB2|PP755596.1|A/cattle/Texas/24-008749-003/2024(H5N1)	361	121
PB2|PP755596.1|A/cattle/Texas/24-008749-003/2024(H5N1)	362	121
PB2|PP755596.1|A/cattle/Texas/24-008749-003/2024(H5N1)	363	121
PB2|PP755596.1|A/cattle/Texas/24-008749-003/2024(H5N1)	364	124
PB2|PP755596.1|A/cattle/Texas/24-008749-003/2024(H5N1)	365	125
PB2|PP755596.1|A/cattle/Texas/24-008749-003/2024(H5N1)	366	125
PB2|PP755596.1|A/cattle/Texas/24-008749-003/2024(H5N1)	367	125
PB2|PP755596.1|A/cattle/Texas/24-008749-003/2024(H5N1)	368	126
PB2|PP755596.1|A/cattle/Texas/24-008749-003/2024(H5N1)	369	125
PB2|PP755596.1|A/cattle/Texas/24-008749-003/2024(H5N1)	370	125
PB2|PP755596.1|A/cattle/Texas/24-008749-003/2024(H5N1)	371	127
PB2|PP755596.1|A/cattle/Texas/24-008749-003/2024(H5N1)	372	127
PB2|PP755596.1|A/cattle/Texas/24-008749-003/2024(H5N1)	373	128
PB2|PP755596.1|A/cattle/Texas/24-008749-003/2024(H5N1)	374	128
PB2|PP755596.1|A/cattle/Texas/24-008749-003/2024(H5N1)	375	128
PB2|PP755596.1|A/cattle/Texas/24-008749-003/2024(H5N1)	376	128
PB2|PP755596.1|A/cattle/Texas/24-008749-003/2024(H5N1)	377	128
PB2|PP755596.1|A/cattle/Texas/24-008749-003/2024(H5N1)	378	128
PB2|PP755596.1|A/cattle/Texas/24-008749-003/2024(H5N1)	379	128
PB2|PP755596.1|A/cattle/Texas/24-008749-003/2024(H5N1)	380	129
PB2|PP755596.1|A/cattle/Texas/24-008749-003/2024(H5N1)	381	129
PB2|PP755596.1|A/cattle/Texas/24-008749-003/2024(H5N1)	382	127
PB2|PP755596.1|A/cattle/Texas/24-008749-003/2024(H5N1)	383	126
PB2|PP755596.1|A/cattle/Texas/24-008749-003/2024(H5N1)	384	128
PB2|PP755596.1|A/cattle/Texas/24-008749-003/2024(H5N1)	385	129
PB2|PP755596.1|A/cattle/Texas/24-008749-003/2024(H5N1)	386	134
PB2|PP755596.1|A/cattle/Texas/24-008749-003/2024(H5N1)	387	135
PB2|PP755596.1|A/cattle/Texas/24-008749-003/2024(H5N1)	388	133
PB2|PP755596.1|A/cattle/Texas/24-008749-003/2024(H5N1)	389	133
PB2|PP755596.1|A/cattle/Texas/24-008749-003/2024(H5N1)	390	133
PB2|PP755596.1|A/cattle/Texas/24-008749-003/2024(H5N1)	391	133
PB2|PP755596.1|A/cattle/Texas/24-008749-003/2024(H5N1)	392	134
PB2|PP755596.1|A/cattle/Texas/24-008749-003/2024(H5N1)	393	135
PB2|PP755596.1|A/cattle/Texas/24-008749-003/2024(H5N1)	394	134
PB2|PP755596.1|A/cattle/Texas/24-008749-003/2024(H5N1)	395	132
PB2|PP755596.1|A/cattle/Texas/24-008749-003/2024(H5N1)	396	127
PB2|PP755596.1|A/cattle/Texas/24-008749-003/2024(H5N1)	397	128
PB2|PP755596.1|A/cattle/Texas/24-008749-003/2024(H5N1)	398	128
PB2|PP755596.1|A/cattle/Texas/24-008749-003/2024(H5N1)	399	129
PB2|PP755596.1|A/cattle/Texas/24-008749-003/2024(H5N1)	400	130
PB2|PP755596.1|A/cattle/Texas/24-008749-003/2024(H5N1)	401	130
PB2|PP755596.1|A/cattle/Texas/24-008749-003/2024(H5N1)	402	129
PB2|PP755596.1|A/cattle/Texas/24-008749-003/2024(H5N1)	403	129
PB2|PP755596.1|A/cattle/Texas/24-008749-003/2024(H5N1)	404	129
PB2|PP755596.1|A/cattle/Texas/24-008749-003/2024(H5N1)	405	129
PB2|PP755596.1|A/cattle/Texas/24-008749-003/2024(H5N1)	406	129
PB2|PP755596.1|A/cattle/Texas/24-008749-003/2024(H5N1)	407	131
PB2|PP755596.1|A/cattle/Texas/24-008749-003/2024(H5N1)	408	127
PB2|PP755596.1|A/cattle/Texas/24-008749-003/2024(H5N1)	409	127
PB2|PP755596.1|A/cattle/Texas/24-008749-003/2024(H5N1)	410	127
PB2|PP755596.1|A/cattle/Texas/24-008749-003/2024(H5N1)	411	125
PB2|PP755596.1|A/cattle/Texas/24-008749-003/2024(H5N1)	412	125
PB2|PP755596.1|A/cattle/Texas/24-008749-003/2024(H5N1)	413	123
PB2|PP755596.1|A/cattle/Texas/24-008749-003/2024(H5N1)	414	125
PB2|PP755596.1|A/cattle/Texas/24-008749-003/2024(H5N1)	415	127
PB2|PP755596.1|A/cattle/Texas/24-008749-003/2024(H5N1)	416	126
PB2|PP755596.1|A/cattle/Texas/24-008749-003/2024(H5N1)	417	128
PB2|PP755596.1|A/cattle/Texas/24-008749-003/2024(H5N1)	418	128
PB2|PP755596.1|A/cattle/Texas/24-008749-003/2024(H5N1)	419	128
PB2|PP755596.1|A/cattle/Texas/24-008749-003/2024(H5N1)	420	128
PB2|PP755596.1|A/cattle/Texas/24-008749-003/2024(H5N1)	421	129
PB2|PP755596.1|A/cattle/Texas/24-008749-003/2024(H5N1)	422	129
PB2|PP755596.1|A/cattle/Texas/24-008749-003/2024(H5N1)	423	128
PB2|PP755596.1|A/cattle/Texas/24-008749-003/2024(H5N1)	424	128
PB2|PP755596.1|A/cattle/Texas/24-008749-003/2024(H5N1)	425	130
PB2|PP755596.1|A/cattle/Texas/24-008749-003/2024(H5N1)	426	131
PB2|PP755596.1|A/cattle/Texas/24-008749-003/2024(H5N1)	427	132
PB2|PP755596.1|A/cattle/Texas/24-008749-003/2024(H5N1)	428	130
PB2|PP755596.1|A/cattle/Texas/24-008749-003/2024(H5N1)	429	130
PB2|PP755596.1|A/cattle/Texas/24-008749-003/2024(H5N1)	430	130
PB2|PP755596.1|A/cattle/Texas/24-008749-003/2024(H5N1)	431	130
PB2|PP755596.1|A/cattle/Texas/24-008749-003/2024(H5N1)	432	130
PB2|PP755596.1|A/cattle/Texas/24-008749-003/2024(H5N1)	433	129
PB2|PP755596.1|A/cattle/Texas/24-008749-003/2024(H5N1)	434	128
PB2|PP755596.1|A/cattle/Texas/24-008749-003/2024(H5N1)	435	128
PB2|PP755596.1|A/cattle/Texas/24-008749-003/2024(H5N1)	436	128
PB2|PP755596.1|A/cattle/Texas/24-008749-003/2024(H5N1)	437	130
PB2|PP755596.1|A/cattle/Texas/24-008749-003/2024(H5N1)	438	129
PB2|PP755596.1|A/cattle/Texas/24-008749-003/2024(H5N1)	439	127
PB2|PP755596.1|A/cattle/Texas/24-008749-003/2024(H5N1)	440	127
PB2|PP755596.1|A/cattle/Texas/24-008749-003/2024(H5N1)	441	126
PB2|PP755596.1|A/cattle/Texas/24-008749-003/2024(H5N1)	442	128
PB2|PP755596.1|A/cattle/Texas/24-008749-003/2024(H5N1)	443	128
PB2|PP755596.1|A/cattle/Texas/24-008749-003/2024(H5N1)	444	128
PB2|PP755596.1|A/cattle/Texas/24-008749-003/2024(H5N1)	445	125
PB2|PP755596.1|A/cattle/Texas/24-008749-003/2024(H5N1)	446	122
PB2|PP755596.1|A/cattle/Texas/24-008749-003/2024(H5N1)	447	122
PB2|PP755596.1|A/cattle/Texas/24-008749-003/2024(H5N1)	448	122
PB2|PP755596.1|A/cattle/Texas/24-008749-003/2024(H5N1)	449	122
PB2|PP755596.1|A/cattle/Texas/24-008749-003/2024(H5N1)	450	121
PB2|PP755596.1|A/cattle/Texas/24-008749-003/2024(H5N1)	451	113
PB2|PP755596.1|A/cattle/Texas/24-008749-003/2024(H5N1)	452	114
PB2|PP755596.1|A/cattle/Texas/24-008749-003/2024(H5N1)	453	113
PB2|PP755596.1|A/cattle/Texas/24-008749-003/2024(H5N1)	454	114
PB2|PP755596.1|A/cattle/Texas/24-008749-003/2024(H5N1)	455	111
PB2|PP755596.1|A/cattle/Texas/24-008749-003/2024(H5N1)	456	111
PB2|PP755596.1|A/cattle/Texas/24-008749-003/2024(H5N1)	457	111
PB2|PP755596.1|A/cattle/Texas/24-008749-003/2024(H5N1)	458	111
PB2|PP755596.1|A/cattle/Texas/24-008749-003/2024(H5N1)	459	112
PB2|PP755596.1|A/cattle/Texas/24-008749-003/2024(H5N1)	460	110
PB2|PP755596.1|A/cattle/Texas/24-008749-003/2024(H5N1)	461	108
PB2|PP755596.1|A/cattle/Texas/24-008749-003/2024(H5N1)	462	108
PB2|PP755596.1|A/cattle/Texas/24-008749-003/2024(H5N1)	463	106
PB2|PP755596.1|A/cattle/Texas/24-008749-003/2024(H5N1)	464	108
PB2|PP755596.1|A/cattle/Texas/24-008749-003/2024(H5N1)	465	107
PB2|PP755596.1|A/cattle/Texas/24-008749-003/2024(H5N1)	466	107
PB2|PP755596.1|A/cattle/Texas/24-008749-003/2024(H5N1)	467	108
PB2|PP755596.1|A/cattle/Texas/24-008749-003/2024(H5N1)	468	109
PB2|PP755596.1|A/cattle/Texas/24-008749-003/2024(H5N1)	469	109
PB2|PP755596.1|A/cattle/Texas/24-008749-003/2024(H5N1)	470	109
PB2|PP755596.1|A/cattle/Texas/24-008749-003/2024(H5N1)	471	108
PB2|PP755596.1|A/cattle/Texas/24-008749-003/2024(H5N1)	472	108
PB2|PP755596.1|A/cattle/Texas/24-008749-003/2024(H5N1)	473	107
PB2|PP755596.1|A/cattle/Texas/24-008749-003/2024(H5N1)	474	107
PB2|PP755596.1|A/cattle/Texas/24-008749-003/2024(H5N1)	475	107
PB2|PP755596.1|A/cattle/Texas/24-008749-003/2024(H5N1)	476	106
PB2|PP755596.1|A/cattle/Texas/24-008749-003/2024(H5N1)	477	106
PB2|PP755596.1|A/cattle/Texas/24-008749-003/2024(H5N1)	478	106
PB2|PP755596.1|A/cattle/Texas/24-008749-003/2024(H5N1)	479	106
PB2|PP755596.1|A/cattle/Texas/24-008749-003/2024(H5N1)	480	108
PB2|PP755596.1|A/cattle/Texas/24-008749-003/2024(H5N1)	481	109
PB2|PP755596.1|A/cattle/Texas/24-008749-003/2024(H5N1)	482	110
PB2|PP755596.1|A/cattle/Texas/24-008749-003/2024(H5N1)	483	110
PB2|PP755596.1|A/cattle/Texas/24-008749-003/2024(H5N1)	484	112
PB2|PP755596.1|A/cattle/Texas/24-008749-003/2024(H5N1)	485	114
PB2|PP755596.1|A/cattle/Texas/24-008749-003/2024(H5N1)	486	114
PB2|PP755596.1|A/cattle/Texas/24-008749-003/2024(H5N1)	487	114
PB2|PP755596.1|A/cattle/Texas/24-008749-003/2024(H5N1)	488	114
PB2|PP755596.1|A/cattle/Texas/24-008749-003/2024(H5N1)	489	110
PB2|PP755596.1|A/cattle/Texas/24-008749-003/2024(H5N1)	490	110
PB2|PP755596.1|A/cattle/Texas/24-008749-003/2024(H5N1)	491	109
PB2|PP755596.1|A/cattle/Texas/24-008749-003/2024(H5N1)	492	109
PB2|PP755596.1|A/cattle/Texas/24-008749-003/2024(H5N1)	493	109
PB2|PP755596.1|A/cattle/Texas/24-008749-003/2024(H5N1)	494	107
PB2|PP755596.1|A/cattle/Texas/24-008749-003/2024(H5N1)	495	106
PB2|PP755596.1|A/cattle/Texas/24-008749-003/2024(H5N1)	496	106
PB2|PP755596.1|A/cattle/Texas/24-008749-003/2024(H5N1)	497	106
PB2|PP755596.1|A/cattle/Texas/24-008749-003/2024(H5N1)	498	105
PB2|PP755596.1|A/cattle/Texas/24-008749-003/2024(H5N1)	499	105
PB2|PP755596.1|A/cattle/Texas/24-008749-003/2024(H5N1)	500	105
PB2|PP755596.1|A/cattle/Texas/24-008749-003/2024(H5N1)	501	105
PB2|PP755596.1|A/cattle/Texas/24-008749-003/2024(H5N1)	502	105
PB2|PP755596.1|A/cattle/Texas/24-008749-003/2024(H5N1)	503	105
PB2|PP755596.1|A/cattle/Texas/24-008749-003/2024(H5N1)	504	102
PB2|PP755596.1|A/cattle/Texas/24-008749-003/2024(H5N1)	505	103
PB2|PP755596.1|A/cattle/Texas/24-008749-003/2024(H5N1)	506	105
PB2|PP755596.1|A/cattle/Texas/24-008749-003/2024(H5N1)	507	105
PB2|PP755596.1|A/cattle/Texas/24-008749-003/2024(H5N1)	508	105
PB2|PP755596.1|A/cattle/Texas/24-008749-003/2024(H5N1)	509	105
PB2|PP755596.1|A/cattle/Texas/24-008749-003/2024(H5N1)	510	106
PB2|PP755596.1|A/cattle/Texas/24-008749-003/2024(H5N1)	511	106
PB2|PP755596.1|A/cattle/Texas/24-008749-003/2024(H5N1)	512	106
PB2|PP755596.1|A/cattle/Texas/24-008749-003/2024(H5N1)	513	106
PB2|PP755596.1|A/cattle/Texas/24-008749-003/2024(H5N1)	514	104
PB2|PP755596.1|A/cattle/Texas/24-008749-003/2024(H5N1)	515	104
PB2|PP755596.1|A/cattle/Texas/24-008749-003/2024(H5N1)	516	105
PB2|PP755596.1|A/cattle/Texas/24-008749-003/2024(H5N1)	517	105
PB2|PP755596.1|A/cattle/Texas/24-008749-003/2024(H5N1)	518	105
PB2|PP755596.1|A/cattle/Texas/24-008749-003/2024(H5N1)	519	108
PB2|PP755596.1|A/cattle/Texas/24-008749-003/2024(H5N1)	520	108
PB2|PP755596.1|A/cattle/Texas/24-008749-003/2024(H5N1)	521	107
PB2|PP755596.1|A/cattle/Texas/24-008749-003/2024(H5N1)	522	102
PB2|PP755596.1|A/cattle/Texas/24-008749-003/2024(H5N1)	523	103
PB2|PP755596.1|A/cattle/Texas/24-008749-003/2024(H5N1)	524	103
PB2|PP755596.1|A/cattle/Texas/24-008749-003/2024(H5N1)	525	103
PB2|PP755596.1|A/cattle/Texas/24-008749-003/2024(H5N1)	526	105
PB2|PP755596.1|A/cattle/Texas/24-008749-003/2024(H5N1)	527	105
PB2|PP755596.1|A/cattle/Texas/24-008749-003/2024(H5N1)	528	103
PB2|PP755596.1|A/cattle/Texas/24-008749-003/2024(H5N1)	529	103
PB2|PP755596.1|A/cattle/Texas/24-008749-003/2024(H5N1)	530	107
PB2|PP755596.1|A/cattle/Texas/24-008749-003/2024(H5N1)	531	107
PB2|PP755596.1|A/cattle/Texas/24-008749-003/2024(H5N1)	532	107
PB2|PP755596.1|A/cattle/Texas/24-008749-003/2024(H5N1)	533	106
PB2|PP755596.1|A/cattle/Texas/24-008749-003/2024(H5N1)	534	105
PB2|PP755596.1|A/cattle/Texas/24-008749-003/2024(H5N1)	535	105
PB2|PP755596.1|A/cattle/Texas/24-008749-003/2024(H5N1)	536	105
PB2|PP755596.1|A/cattle/Texas/24-008749-003/2024(H5N1)	537	104
PB2|PP755596.1|A/cattle/Texas/24-008749-003/2024(H5N1)	538	104
PB2|PP755596.1|A/cattle/Texas/24-008749-003/2024(H5N1)	539	104
PB2|PP755596.1|A/cattle/Texas/24-008749-003/2024(H5N1)	540	103
PB2|PP755596.1|A/cattle/Texas/24-008749-003/2024(H5N1)	541	103
PB2|PP755596.1|A/cattle/Texas/24-008749-003/2024(H5N1)	542	105
PB2|PP755596.1|A/cattle/Texas/24-008749-003/2024(H5N1)	543	105
PB2|PP755596.1|A/cattle/Texas/24-008749-003/2024(H5N1)	544	105
PB2|PP755596.1|A/cattle/Texas/24-008749-003/2024(H5N1)	545	106
PB2|PP755596.1|A/cattle/Texas/24-008749-003/2024(H5N1)	546	106
PB2|PP755596.1|A/cattle/Texas/24-008749-003/2024(H5N1)	547	105
PB2|PP755596.1|A/cattle/Texas/24-008749-003/2024(H5N1)	548	105
PB2|PP755596.1|A/cattle/Texas/24-008749-003/2024(H5N1)	549	106
PB2|PP755596.1|A/cattle/Texas/24-008749-003/2024(H5N1)	550	106
PB2|PP755596.1|A/cattle/Texas/24-008749-003/2024(H5N1)	551	106
PB2|PP755596.1|A/cattle/Texas/24-008749-003/2024(H5N1)	552	106
PB2|PP755596.1|A/cattle/Texas/24-008749-003/2024(H5N1)	553	105
PB2|PP755596.1|A/cattle/Texas/24-008749-003/2024(H5N1)	554	108
PB2|PP755596.1|A/cattle/Texas/24-008749-003/2024(H5N1)	555	108
PB2|PP755596.1|A/cattle/Texas/24-008749-003/2024(H5N1)	556	108
PB2|PP755596.1|A/cattle/Texas/24-008749-003/2024(H5N1)	557	107
PB2|PP755596.1|A/cattle/Texas/24-008749-003/2024(H5N1)	558	104
PB2|PP755596.1|A/cattle/Texas/24-008749-003/2024(H5N1)	559	104
PB2|PP755596.1|A/cattle/Texas/24-008749-003/2024(H5N1)	560	104
PB2|PP755596.1|A/cattle/Texas/24-008749-003/2024(H5N1)	561	104
PB2|PP755596.1|A/cattle/Texas/24-008749-003/2024(H5N1)	562	104
PB2|PP755596.1|A/cattle/Texas/24-008749-003/2024(H5N1)	563	104
PB2|PP755596.1|A/cattle/Texas/24-008749-003/2024(H5N1)	564	101
PB2|PP755596.1|A/cattle/Texas/24-008749-003/2024(H5N1)	565	102
PB2|PP755596.1|A/cattle/Texas/24-008749-003/2024(H5N1)	566	103
PB2|PP755596.1|A/cattle/Texas/24-008749-003/2024(H5N1)	567	103
PB2|PP755596.1|A/cattle/Texas/24-008749-003/2024(H5N1)	568	103
PB2|PP755596.1|A/cattle/Texas/24-008749-003/2024(H5N1)	569	103
PB2|PP755596.1|A/cattle/Texas/24-008749-003/2024(H5N1)	570	103
PB2|PP755596.1|A/cattle/Texas/24-008749-003/2024(H5N1)	571	104
PB2|PP755596.1|A/cattle/Texas/24-008749-003/2024(H5N1)	572	104
PB2|PP755596.1|A/cattle/Texas/24-008749-003/2024(H5N1)	573	104
PB2|PP755596.1|A/cattle/Texas/24-008749-003/2024(H5N1)	574	104
PB2|PP755596.1|A/cattle/Texas/24-008749-003/2024(H5N1)	575	103
PB2|PP755596.1|A/cattle/Texas/24-008749-003/2024(H5N1)	576	105
PB2|PP755596.1|A/cattle/Texas/24-008749-003/2024(H5N1)	577	106
PB2|PP755596.1|A/cattle/Texas/24-008749-003/2024(H5N1)	578	106
PB2|PP755596.1|A/cattle/Texas/24-008749-003/2024(H5N1)	579	106
PB2|PP755596.1|A/cattle/Texas/24-008749-003/2024(H5N1)	580	106
PB2|PP755596.1|A/cattle/Texas/24-008749-003/2024(H5N1)	581	106
PB2|PP755596.1|A/cattle/Texas/24-008749-003/2024(H5N1)	582	106
PB2|PP755596.1|A/cattle/Texas/24-008749-003/2024(H5N1)	583	105
PB2|PP755596.1|A/cattle/Texas/24-008749-003/2024(H5N1)	584	102
PB2|PP755596.1|A/cattle/Texas/24-008749-003/2024(H5N1)	585	104
PB2|PP755596.1|A/cattle/Texas/24-008749-003/2024(H5N1)	586	103
PB2|PP755596.1|A/cattle/Texas/24-008749-003/2024(H5N1)	587	103
PB2|PP755596.1|A/cattle/Texas/24-008749-003/2024(H5N1)	588	103
PB2|PP755596.1|A/cattle/Texas/24-008749-003/2024(H5N1)	589	103
PB2|PP755596.1|A/cattle/Texas/24-008749-003/2024(H5N1)	590	99
PB2|PP755596.1|A/cattle/Texas/24-008749-003/2024(H5N1)	591	99
PB2|PP755596.1|A/cattle/Texas/24-008749-003/2024(H5N1)	592	97
PB2|PP755596.1|A/cattle/Texas/24-008749-003/2024(H5N1)	593	96
PB2|PP755596.1|A/cattle/Texas/24-008749-003/2024(H5N1)	594	95
PB2|PP755596.1|A/cattle/Texas/24-008749-003/2024(H5N1)	595	95
PB2|PP755596.1|A/cattle/Texas/24-008749-003/2024(H5N1)	596	98
PB2|PP755596.1|A/cattle/Texas/24-008749-003/2024(H5N1)	597	97
PB2|PP755596.1|A/cattle/Texas/24-008749-003/2024(H5N1)	598	96
PB2|PP755596.1|A/cattle/Texas/24-008749-003/2024(H5N1)	599	97
PB2|PP755596.1|A/cattle/Texas/24-008749-003/2024(H5N1)	600	97
PB2|PP755596.1|A/cattle/Texas/24-008749-003/2024(H5N1)	601	97
PB2|PP755596.1|A/cattle/Texas/24-008749-003/2024(H5N1)	602	97
PB2|PP755596.1|A/cattle/Texas/24-008749-003/2024(H5N1)	603	95
PB2|PP755596.1|A/cattle/Texas/24-008749-003/2024(H5N1)	604	95
PB2|PP755596.1|A/cattle/Texas/24-008749-003/2024(H5N1)	605	93
PB2|PP755596.1|A/cattle/Texas/24-008749-003/2024(H5N1)	606	95
PB2|PP755596.1|A/cattle/Texas/24-008749-003/2024(H5N1)	607	99
PB2|PP755596.1|A/cattle/Texas/24-008749-003/2024(H5N1)	608	99
PB2|PP755596.1|A/cattle/Texas/24-008749-003/2024(H5N1)	609	98
PB2|PP755596.1|A/cattle/Texas/24-008749-003/2024(H5N1)	610	98
PB2|PP755596.1|A/cattle/Texas/24-008749-003/2024(H5N1)	611	97
PB2|PP755596.1|A/cattle/Texas/24-008749-003/2024(H5N1)	612	97
PB2|PP755596.1|A/cattle/Texas/24-008749-003/2024(H5N1)	613	97
PB2|PP755596.1|A/cattle/Texas/24-008749-003/2024(H5N1)	614	97
PB2|PP755596.1|A/cattle/Texas/24-008749-003/2024(H5N1)	615	94
PB2|PP755596.1|A/cattle/Texas/24-008749-003/2024(H5N1)	616	93
PB2|PP755596.1|A/cattle/Texas/24-008749-003/2024(H5N1)	617	93
PB2|PP755596.1|A/cattle/Texas/24-008749-003/2024(H5N1)	618	93
PB2|PP755596.1|A/cattle/Texas/24-008749-003/2024(H5N1)	619	93
PB2|PP755596.1|A/cattle/Texas/24-008749-003/2024(H5N1)	620	93
PB2|PP755596.1|A/cattle/Texas/24-008749-003/2024(H5N1)	621	93
PB2|PP755596.1|A/cattle/Texas/24-008749-003/2024(H5N1)	622	93
PB2|PP755596.1|A/cattle/Texas/24-008749-003/2024(H5N1)	623	91
PB2|PP755596.1|A/cattle/Texas/24-008749-003/2024(H5N1)	624	91
PB2|PP755596.1|A/cattle/Texas/24-008749-003/2024(H5N1)	625	91
PB2|PP755596.1|A/cattle/Texas/24-008749-003/2024(H5N1)	626	89
PB2|PP755596.1|A/cattle/Texas/24-008749-003/2024(H5N1)	627	90
PB2|PP755596.1|A/cattle/Texas/24-008749-003/2024(H5N1)	628	88
PB2|PP755596.1|A/cattle/Texas/24-008749-003/2024(H5N1)	629	88
PB2|PP755596.1|A/cattle/Texas/24-008749-003/2024(H5N1)	630	88
PB2|PP755596.1|A/cattle/Texas/24-008749-003/2024(H5N1)	631	85
PB2|PP755596.1|A/cattle/Texas/24-008749-003/2024(H5N1)	632	85
PB2|PP755596.1|A/cattle/Texas/24-008749-003/2024(H5N1)	633	85
PB2|PP755596.1|A/cattle/Texas/24-008749-003/2024(H5N1)	634	85
PB2|PP755596.1|A/cattle/Texas/24-008749-003/2024(H5N1)	635	85
PB2|PP755596.1|A/cattle/Texas/24-008749-003/2024(H5N1)	636	85
PB2|PP755596.1|A/cattle/Texas/24-008749-003/2024(H5N1)	637	81
PB2|PP755596.1|A/cattle/Texas/24-008749-003/2024(H5N1)	638	81
PB2|PP755596.1|A/cattle/Texas/24-008749-003/2024(H5N1)	639	81
PB2|PP755596.1|A/cattle/Texas/24-008749-003/2024(H5N1)	640	81
PB2|PP755596.1|A/cattle/Texas/24-008749-003/2024(H5N1)	641	81
PB2|PP755596.1|A/cattle/Texas/24-008749-003/2024(H5N1)	642	81
PB2|PP755596.1|A/cattle/Texas/24-008749-003/2024(H5N1)	643	80
PB2|PP755596.1|A/cattle/Texas/24-008749-003/2024(H5N1)	644	80
PB2|PP755596.1|A/cattle/Texas/24-008749-003/2024(H5N1)	645	80
PB2|PP755596.1|A/cattle/Texas/24-008749-003/2024(H5N1)	646	80
PB2|PP755596.1|A/cattle/Texas/24-008749-003/2024(H5N1)	647	80
PB2|PP755596.1|A/cattle/Texas/24-008749-003/2024(H5N1)	648	82
PB2|PP755596.1|A/cattle/Texas/24-008749-003/2024(H5N1)	649	82
PB2|PP755596.1|A/cattle/Texas/24-008749-003/2024(H5N1)	650	82
PB2|PP755596.1|A/cattle/Texas/24-008749-003/2024(H5N1)	651	83
PB2|PP755596.1|A/cattle/Texas/24-008749-003/2024(H5N1)	652	83
PB2|PP755596.1|A/cattle/Texas/24-008749-003/2024(H5N1)	653	81
PB2|PP755596.1|A/cattle/Texas/24-008749-003/2024(H5N1)	654	82
PB2|PP755596.1|A/cattle/Texas/24-008749-003/2024(H5N1)	655	82
PB2|PP755596.1|A/cattle/Texas/24-008749-003/2024(H5N1)	656	82
PB2|PP755596.1|A/cattle/Texas/24-008749-003/2024(H5N1)	657	82
PB2|PP755596.1|A/cattle/Texas/24-008749-003/2024(H5N1)	658	82
PB2|PP755596.1|A/cattle/Texas/24-008749-003/2024(H5N1)	659	82
PB2|PP755596.1|A/cattle/Texas/24-008749-003/2024(H5N1)	660	82
PB2|PP755596.1|A/cattle/Texas/24-008749-003/2024(H5N1)	661	82
PB2|PP755596.1|A/cattle/Texas/24-008749-003/2024(H5N1)	662	82
PB2|PP755596.1|A/cattle/Texas/24-008749-003/2024(H5N1)	663	82
PB2|PP755596.1|A/cattle/Texas/24-008749-003/2024(H5N1)	664	82
PB2|PP755596.1|A/cattle/Texas/24-008749-003/2024(H5N1)	665	82
PB2|PP755596.1|A/cattle/Texas/24-008749-003/2024(H5N1)	666	83
PB2|PP755596.1|A/cattle/Texas/24-008749-003/2024(H5N1)	667	83
PB2|PP755596.1|A/cattle/Texas/24-008749-003/2024(H5N1)	668	82
PB2|PP755596.1|A/cattle/Texas/24-008749-003/2024(H5N1)	669	81
PB2|PP755596.1|A/cattle/Texas/24-008749-003/2024(H5N1)	670	82
PB2|PP755596.1|A/cattle/Texas/24-008749-003/2024(H5N1)	671	82
PB2|PP755596.1|A/cattle/Texas/24-008749-003/2024(H5N1)	672	81
PB2|PP755596.1|A/cattle/Texas/24-008749-003/2024(H5N1)	673	81
PB2|PP755596.1|A/cattle/Texas/24-008749-003/2024(H5N1)	674	84
PB2|PP755596.1|A/cattle/Texas/24-008749-003/2024(H5N1)	675	84
PB2|PP755596.1|A/cattle/Texas/24-008749-003/2024(H5N1)	676	81
PB2|PP755596.1|A/cattle/Texas/24-008749-003/2024(H5N1)	677	82
PB2|PP755596.1|A/cattle/Texas/24-008749-003/2024(H5N1)	678	82
PB2|PP755596.1|A/cattle/Texas/24-008749-003/2024(H5N1)	679	81
PB2|PP755596.1|A/cattle/Texas/24-008749-003/2024(H5N1)	680	80
PB2|PP755596.1|A/cattle/Texas/24-008749-003/2024(H5N1)	681	80
PB2|PP755596.1|A/cattle/Texas/24-008749-003/2024(H5N1)	682	81
PB2|PP755596.1|A/cattle/Texas/24-008749-003/2024(H5N1)	683	85
PB2|PP755596.1|A/cattle/Texas/24-008749-003/2024(H5N1)	684	85
PB2|PP755596.1|A/cattle/Texas/24-008749-003/2024(H5N1)	685	83
PB2|PP755596.1|A/cattle/Texas/24-008749-003/2024(H5N1)	686	82
PB2|PP755596.1|A/cattle/Texas/24-008749-003/2024(H5N1)	687	79
PB2|PP755596.1|A/cattle/Texas/24-008749-003/2024(H5N1)	688	78
PB2|PP755596.1|A/cattle/Texas/24-008749-003/2024(H5N1)	689	79
PB2|PP755596.1|A/cattle/Texas/24-008749-003/2024(H5N1)	690	79
PB2|PP755596.1|A/cattle/Texas/24-008749-003/2024(H5N1)	691	81
PB2|PP755596.1|A/cattle/Texas/24-008749-003/2024(H5N1)	692	79
PB2|PP755596.1|A/cattle/Texas/24-008749-003/2024(H5N1)	693	79
PB2|PP755596.1|A/cattle/Texas/24-008749-003/2024(H5N1)	694	78
PB2|PP755596.1|A/cattle/Texas/24-008749-003/2024(H5N1)	695	78
PB2|PP755596.1|A/cattle/Texas/24-008749-003/2024(H5N1)	696	80
PB2|PP755596.1|A/cattle/Texas/24-008749-003/2024(H5N1)	697	80
PB2|PP755596.1|A/cattle/Texas/24-008749-003/2024(H5N1)	698	82
PB2|PP755596.1|A/cattle/Texas/24-008749-003/2024(H5N1)	699	83
PB2|PP755596.1|A/cattle/Texas/24-008749-003/2024(H5N1)	700	82
PB2|PP755596.1|A/cattle/Texas/24-008749-003/2024(H5N1)	701	82
PB2|PP755596.1|A/cattle/Texas/24-008749-003/2024(H5N1)	702	82
PB2|PP755596.1|A/cattle/Texas/24-008749-003/2024(H5N1)	703	84
PB2|PP755596.1|A/cattle/Texas/24-008749-003/2024(H5N1)	704	83
PB2|PP755596.1|A/cattle/Texas/24-008749-003/2024(H5N1)	705	84
PB2|PP755596.1|A/cattle/Texas/24-008749-003/2024(H5N1)	706	84
PB2|PP755596.1|A/cattle/Texas/24-008749-003/2024(H5N1)	707	84
PB2|PP755596.1|A/cattle/Texas/24-008749-003/2024(H5N1)	708	84
PB2|PP755596.1|A/cattle/Texas/24-008749-003/2024(H5N1)	709	84
PB2|PP755596.1|A/cattle/Texas/24-008749-003/2024(H5N1)	710	83
PB2|PP755596.1|A/cattle/Texas/24-008749-003/2024(H5N1)	711	82
PB2|PP755596.1|A/cattle/Texas/24-008749-003/2024(H5N1)	712	85
PB2|PP755596.1|A/cattle/Texas/24-008749-003/2024(H5N1)	713	85
PB2|PP755596.1|A/cattle/Texas/24-008749-003/2024(H5N1)	714	83
PB2|PP755596.1|A/cattle/Texas/24-008749-003/2024(H5N1)	715	83
PB2|PP755596.1|A/cattle/Texas/24-008749-003/2024(H5N1)	716	83
PB2|PP755596.1|A/cattle/Texas/24-008749-003/2024(H5N1)	717	83
PB2|PP755596.1|A/cattle/Texas/24-008749-003/2024(H5N1)	718	80
PB2|PP755596.1|A/cattle/Texas/24-008749-003/2024(H5N1)	719	80
PB2|PP755596.1|A/cattle/Texas/24-008749-003/2024(H5N1)	720	80
PB2|PP755596.1|A/cattle/Texas/24-008749-003/2024(H5N1)	721	80
PB2|PP755596.1|A/cattle/Texas/24-008749-003/2024(H5N1)	722	80
PB2|PP755596.1|A/cattle/Texas/24-008749-003/2024(H5N1)	723	80
PB2|PP755596.1|A/cattle/Texas/24-008749-003/2024(H5N1)	724	80
PB2|PP755596.1|A/cattle/Texas/24-008749-003/2024(H5N1)	725	80
PB2|PP755596.1|A/cattle/Texas/24-008749-003/2024(H5N1)	726	82
PB2|PP755596.1|A/cattle/Texas/24-008749-003/2024(H5N1)	727	82
PB2|PP755596.1|A/cattle/Texas/24-008749-003/2024(H5N1)	728	78
PB2|PP755596.1|A/cattle/Texas/24-008749-003/2024(H5N1)	729	80
PB2|PP755596.1|A/cattle/Texas/24-008749-003/2024(H5N1)	730	80
PB2|PP755596.1|A/cattle/Texas/24-008749-003/2024(H5N1)	731	79
PB2|PP755596.1|A/cattle/Texas/24-008749-003/2024(H5N1)	732	79
PB2|PP755596.1|A/cattle/Texas/24-008749-003/2024(H5N1)	733	78
PB2|PP755596.1|A/cattle/Texas/24-008749-003/2024(H5N1)	734	81
PB2|PP755596.1|A/cattle/Texas/24-008749-003/2024(H5N1)	735	78
PB2|PP755596.1|A/cattle/Texas/24-008749-003/2024(H5N1)	736	78
PB2|PP755596.1|A/cattle/Texas/24-008749-003/2024(H5N1)	737	79
PB2|PP755596.1|A/cattle/Texas/24-008749-003/2024(H5N1)	738	79
PB2|PP755596.1|A/cattle/Texas/24-008749-003/2024(H5N1)	739	79
PB2|PP755596.1|A/cattle/Texas/24-008749-003/2024(H5N1)	740	79
PB2|PP755596.1|A/cattle/Texas/24-008749-003/2024(H5N1)	741	77
PB2|PP755596.1|A/cattle/Texas/24-008749-003/2024(H5N1)	742	77
PB2|PP755596.1|A/cattle/Texas/24-008749-003/2024(H5N1)	743	77
PB2|PP755596.1|A/cattle/Texas/24-008749-003/2024(H5N1)	744	77
PB2|PP755596.1|A/cattle/Texas/24-008749-003/2024(H5N1)	745	74
PB2|PP755596.1|A/cattle/Texas/24-008749-003/2024(H5N1)	746	75
PB2|PP755596.1|A/cattle/Texas/24-008749-003/2024(H5N1)	747	75
PB2|PP755596.1|A/cattle/Texas/24-008749-003/2024(H5N1)	748	77
PB2|PP755596.1|A/cattle/Texas/24-008749-003/2024(H5N1)	749	76
PB2|PP755596.1|A/cattle/Texas/24-008749-003/2024(H5N1)	750	76
PB2|PP755596.1|A/cattle/Texas/24-008749-003/2024(H5N1)	751	76
PB2|PP755596.1|A/cattle/Texas/24-008749-003/2024(H5N1)	752	76
PB2|PP755596.1|A/cattle/Texas/24-008749-003/2024(H5N1)	753	77
PB2|PP755596.1|A/cattle/Texas/24-008749-003/2024(H5N1)	754	77
PB2|PP755596.1|A/cattle/Texas/24-008749-003/2024(H5N1)	755	77
PB2|PP755596.1|A/cattle/Texas/24-008749-003/2024(H5N1)	756	77
PB2|PP755596.1|A/cattle/Texas/24-008749-003/2024(H5N1)	757	76
PB2|PP755596.1|A/cattle/Texas/24-008749-003/2024(H5N1)	758	76
PB2|PP755596.1|A/cattle/Texas/24-008749-003/2024(H5N1)	759	76
PB2|PP755596.1|A/cattle/Texas/24-008749-003/2024(H5N1)	760	78
PB2|PP755596.1|A/cattle/Texas/24-008749-003/2024(H5N1)	761	78
PB2|PP755596.1|A/cattle/Texas/24-008749-003/2024(H5N1)	762	78
PB2|PP755596.1|A/cattle/Texas/24-008749-003/2024(H5N1)	763	78
PB2|PP755596.1|A/cattle/Texas/24-008749-003/2024(H5N1)	764	78
PB2|PP755596.1|A/cattle/Texas/24-008749-003/2024(H5N1)	765	76
PB2|PP755596.1|A/cattle/Texas/24-008749-003/2024(H5N1)	766	77
PB2|PP755596.1|A/cattle/Texas/24-008749-003/2024(H5N1)	767	77
PB2|PP755596.1|A/cattle/Texas/24-008749-003/2024(H5N1)	768	77
PB2|PP755596.1|A/cattle/Texas/24-008749-003/2024(H5N1)	769	76
PB2|PP755596.1|A/cattle/Texas/24-008749-003/2024(H5N1)	770	72
PB2|PP755596.1|A/cattle/Texas/24-008749-003/2024(H5N1)	771	72
PB2|PP755596.1|A/cattle/Texas/24-008749-003/2024(H5N1)	772	72
PB2|PP755596.1|A/cattle/Texas/24-008749-003/2024(H5N1)	773	72
PB2|PP755596.1|A/cattle/Texas/24-008749-003/2024(H5N1)	774	71
PB2|PP755596.1|A/cattle/Texas/24-008749-003/2024(H5N1)	775	71
PB2|PP755596.1|A/cattle/Texas/24-008749-003/2024(H5N1)	776	71
PB2|PP755596.1|A/cattle/Texas/24-008749-003/2024(H5N1)	777	72
PB2|PP755596.1|A/cattle/Texas/24-008749-003/2024(H5N1)	778	72
PB2|PP755596.1|A/cattle/Texas/24-008749-003/2024(H5N1)	779	74
PB2|PP755596.1|A/cattle/Texas/24-008749-003/2024(H5N1)	780	74
PB2|PP755596.1|A/cattle/Texas/24-008749-003/2024(H5N1)	781	72
PB2|PP755596.1|A/cattle/Texas/24-008749-003/2024(H5N1)	782	72
PB2|PP755596.1|A/cattle/Texas/24-008749-003/2024(H5N1)	783	72
PB2|PP755596.1|A/cattle/Texas/24-008749-003/2024(H5N1)	784	72
PB2|PP755596.1|A/cattle/Texas/24-008749-003/2024(H5N1)	785	72
PB2|PP755596.1|A/cattle/Texas/24-008749-003/2024(H5N1)	786	72
PB2|PP755596.1|A/cattle/Texas/24-008749-003/2024(H5N1)	787	73
PB2|PP755596.1|A/cattle/Texas/24-008749-003/2024(H5N1)	788	73
PB2|PP755596.1|A/cattle/Texas/24-008749-003/2024(H5N1)	789	71
PB2|PP755596.1|A/cattle/Texas/24-008749-003/2024(H5N1)	790	71
PB2|PP755596.1|A/cattle/Texas/24-008749-003/2024(H5N1)	791	74
PB2|PP755596.1|A/cattle/Texas/24-008749-003/2024(H5N1)	792	74
PB2|PP755596.1|A/cattle/Texas/24-008749-003/2024(H5N1)	793	74
PB2|PP755596.1|A/cattle/Texas/24-008749-003/2024(H5N1)	794	75
PB2|PP755596.1|A/cattle/Texas/24-008749-003/2024(H5N1)	795	75
PB2|PP755596.1|A/cattle/Texas/24-008749-003/2024(H5N1)	796	74
PB2|PP755596.1|A/cattle/Texas/24-008749-003/2024(H5N1)	797	74
PB2|PP755596.1|A/cattle/Texas/24-008749-003/2024(H5N1)	798	75
PB2|PP755596.1|A/cattle/Texas/24-008749-003/2024(H5N1)	799	76
PB2|PP755596.1|A/cattle/Texas/24-008749-003/2024(H5N1)	800	76
PB2|PP755596.1|A/cattle/Texas/24-008749-003/2024(H5N1)	801	76
PB2|PP755596.1|A/cattle/Texas/24-008749-003/2024(H5N1)	802	74
PB2|PP755596.1|A/cattle/Texas/24-008749-003/2024(H5N1)	803	74
PB2|PP755596.1|A/cattle/Texas/24-008749-003/2024(H5N1)	804	74
PB2|PP755596.1|A/cattle/Texas/24-008749-003/2024(H5N1)	805	74
PB2|PP755596.1|A/cattle/Texas/24-008749-003/2024(H5N1)	806	77
PB2|PP755596.1|A/cattle/Texas/24-008749-003/2024(H5N1)	807	77
PB2|PP755596.1|A/cattle/Texas/24-008749-003/2024(H5N1)	808	77
PB2|PP755596.1|A/cattle/Texas/24-008749-003/2024(H5N1)	809	77
PB2|PP755596.1|A/cattle/Texas/24-008749-003/2024(H5N1)	810	77
PB2|PP755596.1|A/cattle/Texas/24-008749-003/2024(H5N1)	811	76
PB2|PP755596.1|A/cattle/Texas/24-008749-003/2024(H5N1)	812	76
PB2|PP755596.1|A/cattle/Texas/24-008749-003/2024(H5N1)	813	76
PB2|PP755596.1|A/cattle/Texas/24-008749-003/2024(H5N1)	814	83
PB2|PP755596.1|A/cattle/Texas/24-008749-003/2024(H5N1)	815	82
PB2|PP755596.1|A/cattle/Texas/24-008749-003/2024(H5N1)	816	82
PB2|PP755596.1|A/cattle/Texas/24-008749-003/2024(H5N1)	817	82
PB2|PP755596.1|A/cattle/Texas/24-008749-003/2024(H5N1)	818	84
PB2|PP755596.1|A/cattle/Texas/24-008749-003/2024(H5N1)	819	84
PB2|PP755596.1|A/cattle/Texas/24-008749-003/2024(H5N1)	820	84
PB2|PP755596.1|A/cattle/Texas/24-008749-003/2024(H5N1)	821	84
PB2|PP755596.1|A/cattle/Texas/24-008749-003/2024(H5N1)	822	82
PB2|PP755596.1|A/cattle/Texas/24-008749-003/2024(H5N1)	823	82
PB2|PP755596.1|A/cattle/Texas/24-008749-003/2024(H5N1)	824	85
PB2|PP755596.1|A/cattle/Texas/24-008749-003/2024(H5N1)	825	87
PB2|PP755596.1|A/cattle/Texas/24-008749-003/2024(H5N1)	826	88
PB2|PP755596.1|A/cattle/Texas/24-008749-003/2024(H5N1)	827	88
PB2|PP755596.1|A/cattle/Texas/24-008749-003/2024(H5N1)	828	89
PB2|PP755596.1|A/cattle/Texas/24-008749-003/2024(H5N1)	829	89
PB2|PP755596.1|A/cattle/Texas/24-008749-003/2024(H5N1)	830	89
PB2|PP755596.1|A/cattle/Texas/24-008749-003/2024(H5N1)	831	89
PB2|PP755596.1|A/cattle/Texas/24-008749-003/2024(H5N1)	832	89
PB2|PP755596.1|A/cattle/Texas/24-008749-003/2024(H5N1)	833	89
PB2|PP755596.1|A/cattle/Texas/24-008749-003/2024(H5N1)	834	92
PB2|PP755596.1|A/cattle/Texas/24-008749-003/2024(H5N1)	835	92
PB2|PP755596.1|A/cattle/Texas/24-008749-003/2024(H5N1)	836	91
PB2|PP755596.1|A/cattle/Texas/24-008749-003/2024(H5N1)	837	91
PB2|PP755596.1|A/cattle/Texas/24-008749-003/2024(H5N1)	838	103
PB2|PP755596.1|A/cattle/Texas/24-008749-003/2024(H5N1)	839	103
PB2|PP755596.1|A/cattle/Texas/24-008749-003/2024(H5N1)	840	103
PB2|PP755596.1|A/cattle/Texas/24-008749-003/2024(H5N1)	841	103
PB2|PP755596.1|A/cattle/Texas/24-008749-003/2024(H5N1)	842	103
PB2|PP755596.1|A/cattle/Texas/24-008749-003/2024(H5N1)	843	103
PB2|PP755596.1|A/cattle/Texas/24-008749-003/2024(H5N1)	844	103
PB2|PP755596.1|A/cattle/Texas/24-008749-003/2024(H5N1)	845	101
PB2|PP755596.1|A/cattle/Texas/24-008749-003/2024(H5N1)	846	101
PB2|PP755596.1|A/cattle/Texas/24-008749-003/2024(H5N1)	847	96
PB2|PP755596.1|A/cattle/Texas/24-008749-003/2024(H5N1)	848	95
PB2|PP755596.1|A/cattle/Texas/24-008749-003/2024(H5N1)	849	94
PB2|PP755596.1|A/cattle/Texas/24-008749-003/2024(H5N1)	850	95
PB2|PP755596.1|A/cattle/Texas/24-008749-003/2024(H5N1)	851	95
PB2|PP755596.1|A/cattle/Texas/24-008749-003/2024(H5N1)	852	95
PB2|PP755596.1|A/cattle/Texas/24-008749-003/2024(H5N1)	853	95
PB2|PP755596.1|A/cattle/Texas/24-008749-003/2024(H5N1)	854	95
PB2|PP755596.1|A/cattle/Texas/24-008749-003/2024(H5N1)	855	96
PB2|PP755596.1|A/cattle/Texas/24-008749-003/2024(H5N1)	856	96
PB2|PP755596.1|A/cattle/Texas/24-008749-003/2024(H5N1)	857	95
PB2|PP755596.1|A/cattle/Texas/24-008749-003/2024(H5N1)	858	95
PB2|PP755596.1|A/cattle/Texas/24-008749-003/2024(H5N1)	859	93
PB2|PP755596.1|A/cattle/Texas/24-008749-003/2024(H5N1)	860	92
PB2|PP755596.1|A/cattle/Texas/24-008749-003/2024(H5N1)	861	92
PB2|PP755596.1|A/cattle/Texas/24-008749-003/2024(H5N1)	862	94
PB2|PP755596.1|A/cattle/Texas/24-008749-003/2024(H5N1)	863	94
PB2|PP755596.1|A/cattle/Texas/24-008749-003/2024(H5N1)	864	95
PB2|PP755596.1|A/cattle/Texas/24-008749-003/2024(H5N1)	865	95
PB2|PP755596.1|A/cattle/Texas/24-008749-003/2024(H5N1)	866	95
PB2|PP755596.1|A/cattle/Texas/24-008749-003/2024(H5N1)	867	95
PB2|PP755596.1|A/cattle/Texas/24-008749-003/2024(H5N1)	868	96
PB2|PP755596.1|A/cattle/Texas/24-008749-003/2024(H5N1)	869	96
PB2|PP755596.1|A/cattle/Texas/24-008749-003/2024(H5N1)	870	95
PB2|PP755596.1|A/cattle/Texas/24-008749-003/2024(H5N1)	871	95
PB2|PP755596.1|A/cattle/Texas/24-008749-003/2024(H5N1)	872	97
PB2|PP755596.1|A/cattle/Texas/24-008749-003/2024(H5N1)	873	96
PB2|PP755596.1|A/cattle/Texas/24-008749-003/2024(H5N1)	874	96
PB2|PP755596.1|A/cattle/Texas/24-008749-003/2024(H5N1)	875	96
PB2|PP755596.1|A/cattle/Texas/24-008749-003/2024(H5N1)	876	96
PB2|PP755596.1|A/cattle/Texas/24-008749-003/2024(H5N1)	877	95
PB2|PP755596.1|A/cattle/Texas/24-008749-003/2024(H5N1)	878	93
PB2|PP755596.1|A/cattle/Texas/24-008749-003/2024(H5N1)	879	94
PB2|PP755596.1|A/cattle/Texas/24-008749-003/2024(H5N1)	880	94
PB2|PP755596.1|A/cattle/Texas/24-008749-003/2024(H5N1)	881	92
PB2|PP755596.1|A/cattle/Texas/24-008749-003/2024(H5N1)	882	90
PB2|PP755596.1|A/cattle/Texas/24-008749-003/2024(H5N1)	883	89
PB2|PP755596.1|A/cattle/Texas/24-008749-003/2024(H5N1)	884	89
PB2|PP755596.1|A/cattle/Texas/24-008749-003/2024(H5N1)	885	89
PB2|PP755596.1|A/cattle/Texas/24-008749-003/2024(H5N1)	886	89
PB2|PP755596.1|A/cattle/Texas/24-008749-003/2024(H5N1)	887	89
PB2|PP755596.1|A/cattle/Texas/24-008749-003/2024(H5N1)	888	88
PB2|PP755596.1|A/cattle/Texas/24-008749-003/2024(H5N1)	889	88
PB2|PP755596.1|A/cattle/Texas/24-008749-003/2024(H5N1)	890	89
PB2|PP755596.1|A/cattle/Texas/24-008749-003/2024(H5N1)	891	88
PB2|PP755596.1|A/cattle/Texas/24-008749-003/2024(H5N1)	892	88
PB2|PP755596.1|A/cattle/Texas/24-008749-003/2024(H5N1)	893	87
PB2|PP755596.1|A/cattle/Texas/24-008749-003/2024(H5N1)	894	87
PB2|PP755596.1|A/cattle/Texas/24-008749-003/2024(H5N1)	895	87
PB2|PP755596.1|A/cattle/Texas/24-008749-003/2024(H5N1)	896	87
PB2|PP755596.1|A/cattle/Texas/24-008749-003/2024(H5N1)	897	87
PB2|PP755596.1|A/cattle/Texas/24-008749-003/2024(H5N1)	898	87
PB2|PP755596.1|A/cattle/Texas/24-008749-003/2024(H5N1)	899	87
PB2|PP755596.1|A/cattle/Texas/24-008749-003/2024(H5N1)	900	87
PB2|PP755596.1|A/cattle/Texas/24-008749-003/2024(H5N1)	901	87
PB2|PP755596.1|A/cattle/Texas/24-008749-003/2024(H5N1)	902	87
PB2|PP755596.1|A/cattle/Texas/24-008749-003/2024(H5N1)	903	87
PB2|PP755596.1|A/cattle/Texas/24-008749-003/2024(H5N1)	904	86
PB2|PP755596.1|A/cattle/Texas/24-008749-003/2024(H5N1)	905	86
PB2|PP755596.1|A/cattle/Texas/24-008749-003/2024(H5N1)	906	86
PB2|PP755596.1|A/cattle/Texas/24-008749-003/2024(H5N1)	907	86
PB2|PP755596.1|A/cattle/Texas/24-008749-003/2024(H5N1)	908	86
PB2|PP755596.1|A/cattle/Texas/24-008749-003/2024(H5N1)	909	86
PB2|PP755596.1|A/cattle/Texas/24-008749-003/2024(H5N1)	910	88
PB2|PP755596.1|A/cattle/Texas/24-008749-003/2024(H5N1)	911	88
PB2|PP755596.1|A/cattle/Texas/24-008749-003/2024(H5N1)	912	88
PB2|PP755596.1|A/cattle/Texas/24-008749-003/2024(H5N1)	913	88
PB2|PP755596.1|A/cattle/Texas/24-008749-003/2024(H5N1)	914	88
PB2|PP755596.1|A/cattle/Texas/24-008749-003/2024(H5N1)	915	88
PB2|PP755596.1|A/cattle/Texas/24-008749-003/2024(H5N1)	916	88
PB2|PP755596.1|A/cattle/Texas/24-008749-003/2024(H5N1)	917	87
PB2|PP755596.1|A/cattle/Texas/24-008749-003/2024(H5N1)	918	87
PB2|PP755596.1|A/cattle/Texas/24-008749-003/2024(H5N1)	919	87
PB2|PP755596.1|A/cattle/Texas/24-008749-003/2024(H5N1)	920	87
PB2|PP755596.1|A/cattle/Texas/24-008749-003/2024(H5N1)	921	87
PB2|PP755596.1|A/cattle/Texas/24-008749-003/2024(H5N1)	922	87
PB2|PP755596.1|A/cattle/Texas/24-008749-003/2024(H5N1)	923	87
PB2|PP755596.1|A/cattle/Texas/24-008749-003/2024(H5N1)	924	87
PB2|PP755596.1|A/cattle/Texas/24-008749-003/2024(H5N1)	925	86
PB2|PP755596.1|A/cattle/Texas/24-008749-003/2024(H5N1)	926	86
PB2|PP755596.1|A/cattle/Texas/24-008749-003/2024(H5N1)	927	86
PB2|PP755596.1|A/cattle/Texas/24-008749-003/2024(H5N1)	928	85
PB2|PP755596.1|A/cattle/Texas/24-008749-003/2024(H5N1)	929	87
PB2|PP755596.1|A/cattle/Texas/24-008749-003/2024(H5N1)	930	87
PB2|PP755596.1|A/cattle/Texas/24-008749-003/2024(H5N1)	931	88
PB2|PP755596.1|A/cattle/Texas/24-008749-003/2024(H5N1)	932	88
PB2|PP755596.1|A/cattle/Texas/24-008749-003/2024(H5N1)	933	87
PB2|PP755596.1|A/cattle/Texas/24-008749-003/2024(H5N1)	934	85
PB2|PP755596.1|A/cattle/Texas/24-008749-003/2024(H5N1)	935	87
PB2|PP755596.1|A/cattle/Texas/24-008749-003/2024(H5N1)	936	87
PB2|PP755596.1|A/cattle/Texas/24-008749-003/2024(H5N1)	937	87
PB2|PP755596.1|A/cattle/Texas/24-008749-003/2024(H5N1)	938	87
PB2|PP755596.1|A/cattle/Texas/24-008749-003/2024(H5N1)	939	85
PB2|PP755596.1|A/cattle/Texas/24-008749-003/2024(H5N1)	940	85
PB2|PP755596.1|A/cattle/Texas/24-008749-003/2024(H5N1)	941	85
PB2|PP755596.1|A/cattle/Texas/24-008749-003/2024(H5N1)	942	85
PB2|PP755596.1|A/cattle/Texas/24-008749-003/2024(H5N1)	943	85
PB2|PP755596.1|A/cattle/Texas/24-008749-003/2024(H5N1)	944	85
PB2|PP755596.1|A/cattle/Texas/24-008749-003/2024(H5N1)	945	86
PB2|PP755596.1|A/cattle/Texas/24-008749-003/2024(H5N1)	946	86
PB2|PP755596.1|A/cattle/Texas/24-008749-003/2024(H5N1)	947	86
PB2|PP755596.1|A/cattle/Texas/24-008749-003/2024(H5N1)	948	87
PB2|PP755596.1|A/cattle/Texas/24-008749-003/2024(H5N1)	949	87
PB2|PP755596.1|A/cattle/Texas/24-008749-003/2024(H5N1)	950	87
PB2|PP755596.1|A/cattle/Texas/24-008749-003/2024(H5N1)	951	87
PB2|PP755596.1|A/cattle/Texas/24-008749-003/2024(H5N1)	952	87
PB2|PP755596.1|A/cattle/Texas/24-008749-003/2024(H5N1)	953	89
PB2|PP755596.1|A/cattle/Texas/24-008749-003/2024(H5N1)	954	90
PB2|PP755596.1|A/cattle/Texas/24-008749-003/2024(H5N1)	955	88
PB2|PP755596.1|A/cattle/Texas/24-008749-003/2024(H5N1)	956	87
PB2|PP755596.1|A/cattle/Texas/24-008749-003/2024(H5N1)	957	87
PB2|PP755596.1|A/cattle/Texas/24-008749-003/2024(H5N1)	958	87
PB2|PP755596.1|A/cattle/Texas/24-008749-003/2024(H5N1)	959	87
PB2|PP755596.1|A/cattle/Texas/24-008749-003/2024(H5N1)	960	88
PB2|PP755596.1|A/cattle/Texas/24-008749-003/2024(H5N1)	961	88
PB2|PP755596.1|A/cattle/Texas/24-008749-003/2024(H5N1)	962	87
PB2|PP755596.1|A/cattle/Texas/24-008749-003/2024(H5N1)	963	85
PB2|PP755596.1|A/cattle/Texas/24-008749-003/2024(H5N1)	964	85
PB2|PP755596.1|A/cattle/Texas/24-008749-003/2024(H5N1)	965	83
PB2|PP755596.1|A/cattle/Texas/24-008749-003/2024(H5N1)	966	82
PB2|PP755596.1|A/cattle/Texas/24-008749-003/2024(H5N1)	967	82
PB2|PP755596.1|A/cattle/Texas/24-008749-003/2024(H5N1)	968	82
PB2|PP755596.1|A/cattle/Texas/24-008749-003/2024(H5N1)	969	82
PB2|PP755596.1|A/cattle/Texas/24-008749-003/2024(H5N1)	970	82
PB2|PP755596.1|A/cattle/Texas/24-008749-003/2024(H5N1)	971	84
PB2|PP755596.1|A/cattle/Texas/24-008749-003/2024(H5N1)	972	84
PB2|PP755596.1|A/cattle/Texas/24-008749-003/2024(H5N1)	973	82
PB2|PP755596.1|A/cattle/Texas/24-008749-003/2024(H5N1)	974	86
PB2|PP755596.1|A/cattle/Texas/24-008749-003/2024(H5N1)	975	86
PB2|PP755596.1|A/cattle/Texas/24-008749-003/2024(H5N1)	976	86
PB2|PP755596.1|A/cattle/Texas/24-008749-003/2024(H5N1)	977	86
PB2|PP755596.1|A/cattle/Texas/24-008749-003/2024(H5N1)	978	86
PB2|PP755596.1|A/cattle/Texas/24-008749-003/2024(H5N1)	979	86
PB2|PP755596.1|A/cattle/Texas/24-008749-003/2024(H5N1)	980	84
PB2|PP755596.1|A/cattle/Texas/24-008749-003/2024(H5N1)	981	86
PB2|PP755596.1|A/cattle/Texas/24-008749-003/2024(H5N1)	982	85
PB2|PP755596.1|A/cattle/Texas/24-008749-003/2024(H5N1)	983	86
PB2|PP755596.1|A/cattle/Texas/24-008749-003/2024(H5N1)	984	85
PB2|PP755596.1|A/cattle/Texas/24-008749-003/2024(H5N1)	985	85
PB2|PP755596.1|A/cattle/Texas/24-008749-003/2024(H5N1)	986	89
PB2|PP755596.1|A/cattle/Texas/24-008749-003/2024(H5N1)	987	89
PB2|PP755596.1|A/cattle/Texas/24-008749-003/2024(H5N1)	988	89
PB2|PP755596.1|A/cattle/Texas/24-008749-003/2024(H5N1)	989	89
PB2|PP755596.1|A/cattle/Texas/24-008749-003/2024(H5N1)	990	89
PB2|PP755596.1|A/cattle/Texas/24-008749-003/2024(H5N1)	991	89
PB2|PP755596.1|A/cattle/Texas/24-008749-003/2024(H5N1)	992	91
PB2|PP755596.1|A/cattle/Texas/24-008749-003/2024(H5N1)	993	91
PB2|PP755596.1|A/cattle/Texas/24-008749-003/2024(H5N1)	994	91
PB2|PP755596.1|A/cattle/Texas/24-008749-003/2024(H5N1)	995	91
PB2|PP755596.1|A/cattle/Texas/24-008749-003/2024(H5N1)	996	90
PB2|PP755596.1|A/cattle/Texas/24-008749-003/2024(H5N1)	997	92
PB2|PP755596.1|A/cattle/Texas/24-008749-003/2024(H5N1)	998	92
PB2|PP755596.1|A/cattle/Texas/24-008749-003/2024(H5N1)	999	92
PB2|PP755596.1|A/cattle/Texas/24-008749-003/2024(H5N1)	1000	92
PB2|PP755596.1|A/cattle/Texas/24-008749-003/2024(H5N1)	1001	92
PB2|PP755596.1|A/cattle/Texas/24-008749-003/2024(H5N1)	1002	92
PB2|PP755596.1|A/cattle/Texas/24-008749-003/2024(H5N1)	1003	92
PB2|PP755596.1|A/cattle/Texas/24-008749-003/2024(H5N1)	1004	91
PB2|PP755596.1|A/cattle/Texas/24-008749-003/2024(H5N1)	1005	91
PB2|PP755596.1|A/cattle/Texas/24-008749-003/2024(H5N1)	1006	90
PB2|PP755596.1|A/cattle/Texas/24-008749-003/2024(H5N1)	1007	90
PB2|PP755596.1|A/cattle/Texas/24-008749-003/2024(H5N1)	1008	90
PB2|PP755596.1|A/cattle/Texas/24-008749-003/2024(H5N1)	1009	91
PB2|PP755596.1|A/cattle/Texas/24-008749-003/2024(H5N1)	1010	91
PB2|PP755596.1|A/cattle/Texas/24-008749-003/2024(H5N1)	1011	91
PB2|PP755596.1|A/cattle/Texas/24-008749-003/2024(H5N1)	1012	92
PB2|PP755596.1|A/cattle/Texas/24-008749-003/2024(H5N1)	1013	92
PB2|PP755596.1|A/cattle/Texas/24-008749-003/2024(H5N1)	1014	92
PB2|PP755596.1|A/cattle/Texas/24-008749-003/2024(H5N1)	1015	92
PB2|PP755596.1|A/cattle/Texas/24-008749-003/2024(H5N1)	1016	92
PB2|PP755596.1|A/cattle/Texas/24-008749-003/2024(H5N1)	1017	91
PB2|PP755596.1|A/cattle/Texas/24-008749-003/2024(H5N1)	1018	91
PB2|PP755596.1|A/cattle/Texas/24-008749-003/2024(H5N1)	1019	91
PB2|PP755596.1|A/cattle/Texas/24-008749-003/2024(H5N1)	1020	91
PB2|PP755596.1|A/cattle/Texas/24-008749-003/2024(H5N1)	1021	91
PB2|PP755596.1|A/cattle/Texas/24-008749-003/2024(H5N1)	1022	91
PB2|PP755596.1|A/cattle/Texas/24-008749-003/2024(H5N1)	1023	91
PB2|PP755596.1|A/cattle/Texas/24-008749-003/2024(H5N1)	1024	91
PB2|PP755596.1|A/cattle/Texas/24-008749-003/2024(H5N1)	1025	91
PB2|PP755596.1|A/cattle/Texas/24-008749-003/2024(H5N1)	1026	91
PB2|PP755596.1|A/cattle/Texas/24-008749-003/2024(H5N1)	1027	91
PB2|PP755596.1|A/cattle/Texas/24-008749-003/2024(H5N1)	1028	89
PB2|PP755596.1|A/cattle/Texas/24-008749-003/2024(H5N1)	1029	89
PB2|PP755596.1|A/cattle/Texas/24-008749-003/2024(H5N1)	1030	89
PB2|PP755596.1|A/cattle/Texas/24-008749-003/2024(H5N1)	1031	89
PB2|PP755596.1|A/cattle/Texas/24-008749-003/2024(H5N1)	1032	89
PB2|PP755596.1|A/cattle/Texas/24-008749-003/2024(H5N1)	1033	89
PB2|PP755596.1|A/cattle/Texas/24-008749-003/2024(H5N1)	1034	89
PB2|PP755596.1|A/cattle/Texas/24-008749-003/2024(H5N1)	1035	85
PB2|PP755596.1|A/cattle/Texas/24-008749-003/2024(H5N1)	1036	85
PB2|PP755596.1|A/cattle/Texas/24-008749-003/2024(H5N1)	1037	84
PB2|PP755596.1|A/cattle/Texas/24-008749-003/2024(H5N1)	1038	84
PB2|PP755596.1|A/cattle/Texas/24-008749-003/2024(H5N1)	1039	85
PB2|PP755596.1|A/cattle/Texas/24-008749-003/2024(H5N1)	1040	86
PB2|PP755596.1|A/cattle/Texas/24-008749-003/2024(H5N1)	1041	85
PB2|PP755596.1|A/cattle/Texas/24-008749-003/2024(H5N1)	1042	86
PB2|PP755596.1|A/cattle/Texas/24-008749-003/2024(H5N1)	1043	86
PB2|PP755596.1|A/cattle/Texas/24-008749-003/2024(H5N1)	1044	89
PB2|PP755596.1|A/cattle/Texas/24-008749-003/2024(H5N1)	1045	89
PB2|PP755596.1|A/cattle/Texas/24-008749-003/2024(H5N1)	1046	89
PB2|PP755596.1|A/cattle/Texas/24-008749-003/2024(H5N1)	1047	89
PB2|PP755596.1|A/cattle/Texas/24-008749-003/2024(H5N1)	1048	88
PB2|PP755596.1|A/cattle/Texas/24-008749-003/2024(H5N1)	1049	89
PB2|PP755596.1|A/cattle/Texas/24-008749-003/2024(H5N1)	1050	90
PB2|PP755596.1|A/cattle/Texas/24-008749-003/2024(H5N1)	1051	90
PB2|PP755596.1|A/cattle/Texas/24-008749-003/2024(H5N1)	1052	90
PB2|PP755596.1|A/cattle/Texas/24-008749-003/2024(H5N1)	1053	82
PB2|PP755596.1|A/cattle/Texas/24-008749-003/2024(H5N1)	1054	82
PB2|PP755596.1|A/cattle/Texas/24-008749-003/2024(H5N1)	1055	82
PB2|PP755596.1|A/cattle/Texas/24-008749-003/2024(H5N1)	1056	83
PB2|PP755596.1|A/cattle/Texas/24-008749-003/2024(H5N1)	1057	81
PB2|PP755596.1|A/cattle/Texas/24-008749-003/2024(H5N1)	1058	83
PB2|PP755596.1|A/cattle/Texas/24-008749-003/2024(H5N1)	1059	84
PB2|PP755596.1|A/cattle/Texas/24-008749-003/2024(H5N1)	1060	84
PB2|PP755596.1|A/cattle/Texas/24-008749-003/2024(H5N1)	1061	84
PB2|PP755596.1|A/cattle/Texas/24-008749-003/2024(H5N1)	1062	84
PB2|PP755596.1|A/cattle/Texas/24-008749-003/2024(H5N1)	1063	84
PB2|PP755596.1|A/cattle/Texas/24-008749-003/2024(H5N1)	1064	86
PB2|PP755596.1|A/cattle/Texas/24-008749-003/2024(H5N1)	1065	83
PB2|PP755596.1|A/cattle/Texas/24-008749-003/2024(H5N1)	1066	86
PB2|PP755596.1|A/cattle/Texas/24-008749-003/2024(H5N1)	1067	86
PB2|PP755596.1|A/cattle/Texas/24-008749-003/2024(H5N1)	1068	86
PB2|PP755596.1|A/cattle/Texas/24-008749-003/2024(H5N1)	1069	87
PB2|PP755596.1|A/cattle/Texas/24-008749-003/2024(H5N1)	1070	90
PB2|PP755596.1|A/cattle/Texas/24-008749-003/2024(H5N1)	1071	89
PB2|PP755596.1|A/cattle/Texas/24-008749-003/2024(H5N1)	1072	89
PB2|PP755596.1|A/cattle/Texas/24-008749-003/2024(H5N1)	1073	89
PB2|PP755596.1|A/cattle/Texas/24-008749-003/2024(H5N1)	1074	90
PB2|PP755596.1|A/cattle/Texas/24-008749-003/2024(H5N1)	1075	87
PB2|PP755596.1|A/cattle/Texas/24-008749-003/2024(H5N1)	1076	84
PB2|PP755596.1|A/cattle/Texas/24-008749-003/2024(H5N1)	1077	83
PB2|PP755596.1|A/cattle/Texas/24-008749-003/2024(H5N1)	1078	81
PB2|PP755596.1|A/cattle/Texas/24-008749-003/2024(H5N1)	1079	80
PB2|PP755596.1|A/cattle/Texas/24-008749-003/2024(H5N1)	1080	80
PB2|PP755596.1|A/cattle/Texas/24-008749-003/2024(H5N1)	1081	80
PB2|PP755596.1|A/cattle/Texas/24-008749-003/2024(H5N1)	1082	80
PB2|PP755596.1|A/cattle/Texas/24-008749-003/2024(H5N1)	1083	78
PB2|PP755596.1|A/cattle/Texas/24-008749-003/2024(H5N1)	1084	81
PB2|PP755596.1|A/cattle/Texas/24-008749-003/2024(H5N1)	1085	79
PB2|PP755596.1|A/cattle/Texas/24-008749-003/2024(H5N1)	1086	79
PB2|PP755596.1|A/cattle/Texas/24-008749-003/2024(H5N1)	1087	76
PB2|PP755596.1|A/cattle/Texas/24-008749-003/2024(H5N1)	1088	77
PB2|PP755596.1|A/cattle/Texas/24-008749-003/2024(H5N1)	1089	74
PB2|PP755596.1|A/cattle/Texas/24-008749-003/2024(H5N1)	1090	74
PB2|PP755596.1|A/cattle/Texas/24-008749-003/2024(H5N1)	1091	74
PB2|PP755596.1|A/cattle/Texas/24-008749-003/2024(H5N1)	1092	74
PB2|PP755596.1|A/cattle/Texas/24-008749-003/2024(H5N1)	1093	74
PB2|PP755596.1|A/cattle/Texas/24-008749-003/2024(H5N1)	1094	74
PB2|PP755596.1|A/cattle/Texas/24-008749-003/2024(H5N1)	1095	75
PB2|PP755596.1|A/cattle/Texas/24-008749-003/2024(H5N1)	1096	75
PB2|PP755596.1|A/cattle/Texas/24-008749-003/2024(H5N1)	1097	75
PB2|PP755596.1|A/cattle/Texas/24-008749-003/2024(H5N1)	1098	75
PB2|PP755596.1|A/cattle/Texas/24-008749-003/2024(H5N1)	1099	75
PB2|PP755596.1|A/cattle/Texas/24-008749-003/2024(H5N1)	1100	74
PB2|PP755596.1|A/cattle/Texas/24-008749-003/2024(H5N1)	1101	73
PB2|PP755596.1|A/cattle/Texas/24-008749-003/2024(H5N1)	1102	75
PB2|PP755596.1|A/cattle/Texas/24-008749-003/2024(H5N1)	1103	76
PB2|PP755596.1|A/cattle/Texas/24-008749-003/2024(H5N1)	1104	74
PB2|PP755596.1|A/cattle/Texas/24-008749-003/2024(H5N1)	1105	74
PB2|PP755596.1|A/cattle/Texas/24-008749-003/2024(H5N1)	1106	75
PB2|PP755596.1|A/cattle/Texas/24-008749-003/2024(H5N1)	1107	75
PB2|PP755596.1|A/cattle/Texas/24-008749-003/2024(H5N1)	1108	74
PB2|PP755596.1|A/cattle/Texas/24-008749-003/2024(H5N1)	1109	78
PB2|PP755596.1|A/cattle/Texas/24-008749-003/2024(H5N1)	1110	78
PB2|PP755596.1|A/cattle/Texas/24-008749-003/2024(H5N1)	1111	78
PB2|PP755596.1|A/cattle/Texas/24-008749-003/2024(H5N1)	1112	78
PB2|PP755596.1|A/cattle/Texas/24-008749-003/2024(H5N1)	1113	78
PB2|PP755596.1|A/cattle/Texas/24-008749-003/2024(H5N1)	1114	78
PB2|PP755596.1|A/cattle/Texas/24-008749-003/2024(H5N1)	1115	79
PB2|PP755596.1|A/cattle/Texas/24-008749-003/2024(H5N1)	1116	79
PB2|PP755596.1|A/cattle/Texas/24-008749-003/2024(H5N1)	1117	80
PB2|PP755596.1|A/cattle/Texas/24-008749-003/2024(H5N1)	1118	80
PB2|PP755596.1|A/cattle/Texas/24-008749-003/2024(H5N1)	1119	79
PB2|PP755596.1|A/cattle/Texas/24-008749-003/2024(H5N1)	1120	79
PB2|PP755596.1|A/cattle/Texas/24-008749-003/2024(H5N1)	1121	79
PB2|PP755596.1|A/cattle/Texas/24-008749-003/2024(H5N1)	1122	80
PB2|PP755596.1|A/cattle/Texas/24-008749-003/2024(H5N1)	1123	76
PB2|PP755596.1|A/cattle/Texas/24-008749-003/2024(H5N1)	1124	76
PB2|PP755596.1|A/cattle/Texas/24-008749-003/2024(H5N1)	1125	76
PB2|PP755596.1|A/cattle/Texas/24-008749-003/2024(H5N1)	1126	76
PB2|PP755596.1|A/cattle/Texas/24-008749-003/2024(H5N1)	1127	76
PB2|PP755596.1|A/cattle/Texas/24-008749-003/2024(H5N1)	1128	75
PB2|PP755596.1|A/cattle/Texas/24-008749-003/2024(H5N1)	1129	78
PB2|PP755596.1|A/cattle/Texas/24-008749-003/2024(H5N1)	1130	78
PB2|PP755596.1|A/cattle/Texas/24-008749-003/2024(H5N1)	1131	76
PB2|PP755596.1|A/cattle/Texas/24-008749-003/2024(H5N1)	1132	77
PB2|PP755596.1|A/cattle/Texas/24-008749-003/2024(H5N1)	1133	78
PB2|PP755596.1|A/cattle/Texas/24-008749-003/2024(H5N1)	1134	78
PB2|PP755596.1|A/cattle/Texas/24-008749-003/2024(H5N1)	1135	78
PB2|PP755596.1|A/cattle/Texas/24-008749-003/2024(H5N1)	1136	79
PB2|PP755596.1|A/cattle/Texas/24-008749-003/2024(H5N1)	1137	79
PB2|PP755596.1|A/cattle/Texas/24-008749-003/2024(H5N1)	1138	80
PB2|PP755596.1|A/cattle/Texas/24-008749-003/2024(H5N1)	1139	82
PB2|PP755596.1|A/cattle/Texas/24-008749-003/2024(H5N1)	1140	83
PB2|PP755596.1|A/cattle/Texas/24-008749-003/2024(H5N1)	1141	82
PB2|PP755596.1|A/cattle/Texas/24-008749-003/2024(H5N1)	1142	82
PB2|PP755596.1|A/cattle/Texas/24-008749-003/2024(H5N1)	1143	82
PB2|PP755596.1|A/cattle/Texas/24-008749-003/2024(H5N1)	1144	84
PB2|PP755596.1|A/cattle/Texas/24-008749-003/2024(H5N1)	1145	84
PB2|PP755596.1|A/cattle/Texas/24-008749-003/2024(H5N1)	1146	84
PB2|PP755596.1|A/cattle/Texas/24-008749-003/2024(H5N1)	1147	84
PB2|PP755596.1|A/cattle/Texas/24-008749-003/2024(H5N1)	1148	85
PB2|PP755596.1|A/cattle/Texas/24-008749-003/2024(H5N1)	1149	85
PB2|PP755596.1|A/cattle/Texas/24-008749-003/2024(H5N1)	1150	85
PB2|PP755596.1|A/cattle/Texas/24-008749-003/2024(H5N1)	1151	85
PB2|PP755596.1|A/cattle/Texas/24-008749-003/2024(H5N1)	1152	85
PB2|PP755596.1|A/cattle/Texas/24-008749-003/2024(H5N1)	1153	82
PB2|PP755596.1|A/cattle/Texas/24-008749-003/2024(H5N1)	1154	85
PB2|PP755596.1|A/cattle/Texas/24-008749-003/2024(H5N1)	1155	85
PB2|PP755596.1|A/cattle/Texas/24-008749-003/2024(H5N1)	1156	85
PB2|PP755596.1|A/cattle/Texas/24-008749-003/2024(H5N1)	1157	84
PB2|PP755596.1|A/cattle/Texas/24-008749-003/2024(H5N1)	1158	82
PB2|PP755596.1|A/cattle/Texas/24-008749-003/2024(H5N1)	1159	82
PB2|PP755596.1|A/cattle/Texas/24-008749-003/2024(H5N1)	1160	82
PB2|PP755596.1|A/cattle/Texas/24-008749-003/2024(H5N1)	1161	83
PB2|PP755596.1|A/cattle/Texas/24-008749-003/2024(H5N1)	1162	83
PB2|PP755596.1|A/cattle/Texas/24-008749-003/2024(H5N1)	1163	83
PB2|PP755596.1|A/cattle/Texas/24-008749-003/2024(H5N1)	1164	81
PB2|PP755596.1|A/cattle/Texas/24-008749-003/2024(H5N1)	1165	81
PB2|PP755596.1|A/cattle/Texas/24-008749-003/2024(H5N1)	1166	81
PB2|PP755596.1|A/cattle/Texas/24-008749-003/2024(H5N1)	1167	81
PB2|PP755596.1|A/cattle/Texas/24-008749-003/2024(H5N1)	1168	84
PB2|PP755596.1|A/cattle/Texas/24-008749-003/2024(H5N1)	1169	87
PB2|PP755596.1|A/cattle/Texas/24-008749-003/2024(H5N1)	1170	88
PB2|PP755596.1|A/cattle/Texas/24-008749-003/2024(H5N1)	1171	88
PB2|PP755596.1|A/cattle/Texas/24-008749-003/2024(H5N1)	1172	88
PB2|PP755596.1|A/cattle/Texas/24-008749-003/2024(H5N1)	1173	88
PB2|PP755596.1|A/cattle/Texas/24-008749-003/2024(H5N1)	1174	88
PB2|PP755596.1|A/cattle/Texas/24-008749-003/2024(H5N1)	1175	88
PB2|PP755596.1|A/cattle/Texas/24-008749-003/2024(H5N1)	1176	93
PB2|PP755596.1|A/cattle/Texas/24-008749-003/2024(H5N1)	1177	93
PB2|PP755596.1|A/cattle/Texas/24-008749-003/2024(H5N1)	1178	93
PB2|PP755596.1|A/cattle/Texas/24-008749-003/2024(H5N1)	1179	93
PB2|PP755596.1|A/cattle/Texas/24-008749-003/2024(H5N1)	1180	93
PB2|PP755596.1|A/cattle/Texas/24-008749-003/2024(H5N1)	1181	92
PB2|PP755596.1|A/cattle/Texas/24-008749-003/2024(H5N1)	1182	91
PB2|PP755596.1|A/cattle/Texas/24-008749-003/2024(H5N1)	1183	91
PB2|PP755596.1|A/cattle/Texas/24-008749-003/2024(H5N1)	1184	91
PB2|PP755596.1|A/cattle/Texas/24-008749-003/2024(H5N1)	1185	92
PB2|PP755596.1|A/cattle/Texas/24-008749-003/2024(H5N1)	1186	92
PB2|PP755596.1|A/cattle/Texas/24-008749-003/2024(H5N1)	1187	90
PB2|PP755596.1|A/cattle/Texas/24-008749-003/2024(H5N1)	1188	91
PB2|PP755596.1|A/cattle/Texas/24-008749-003/2024(H5N1)	1189	93
PB2|PP755596.1|A/cattle/Texas/24-008749-003/2024(H5N1)	1190	96
PB2|PP755596.1|A/cattle/Texas/24-008749-003/2024(H5N1)	1191	96
PB2|PP755596.1|A/cattle/Texas/24-008749-003/2024(H5N1)	1192	96
PB2|PP755596.1|A/cattle/Texas/24-008749-003/2024(H5N1)	1193	96
PB2|PP755596.1|A/cattle/Texas/24-008749-003/2024(H5N1)	1194	98
PB2|PP755596.1|A/cattle/Texas/24-008749-003/2024(H5N1)	1195	98
PB2|PP755596.1|A/cattle/Texas/24-008749-003/2024(H5N1)	1196	97
PB2|PP755596.1|A/cattle/Texas/24-008749-003/2024(H5N1)	1197	97
PB2|PP755596.1|A/cattle/Texas/24-008749-003/2024(H5N1)	1198	97
PB2|PP755596.1|A/cattle/Texas/24-008749-003/2024(H5N1)	1199	95
PB2|PP755596.1|A/cattle/Texas/24-008749-003/2024(H5N1)	1200	96
PB2|PP755596.1|A/cattle/Texas/24-008749-003/2024(H5N1)	1201	96
PB2|PP755596.1|A/cattle/Texas/24-008749-003/2024(H5N1)	1202	96
PB2|PP755596.1|A/cattle/Texas/24-008749-003/2024(H5N1)	1203	95
PB2|PP755596.1|A/cattle/Texas/24-008749-003/2024(H5N1)	1204	95
PB2|PP755596.1|A/cattle/Texas/24-008749-003/2024(H5N1)	1205	94
PB2|PP755596.1|A/cattle/Texas/24-008749-003/2024(H5N1)	1206	94
PB2|PP755596.1|A/cattle/Texas/24-008749-003/2024(H5N1)	1207	95
PB2|PP755596.1|A/cattle/Texas/24-008749-003/2024(H5N1)	1208	95
PB2|PP755596.1|A/cattle/Texas/24-008749-003/2024(H5N1)	1209	94
PB2|PP755596.1|A/cattle/Texas/24-008749-003/2024(H5N1)	1210	94
PB2|PP755596.1|A/cattle/Texas/24-008749-003/2024(H5N1)	1211	95
PB2|PP755596.1|A/cattle/Texas/24-008749-003/2024(H5N1)	1212	95
PB2|PP755596.1|A/cattle/Texas/24-008749-003/2024(H5N1)	1213	95
PB2|PP755596.1|A/cattle/Texas/24-008749-003/2024(H5N1)	1214	100
PB2|PP755596.1|A/cattle/Texas/24-008749-003/2024(H5N1)	1215	100
PB2|PP755596.1|A/cattle/Texas/24-008749-003/2024(H5N1)	1216	100
PB2|PP755596.1|A/cattle/Texas/24-008749-003/2024(H5N1)	1217	100
PB2|PP755596.1|A/cattle/Texas/24-008749-003/2024(H5N1)	1218	100
PB2|PP755596.1|A/cattle/Texas/24-008749-003/2024(H5N1)	1219	100
PB2|PP755596.1|A/cattle/Texas/24-008749-003/2024(H5N1)	1220	99
PB2|PP755596.1|A/cattle/Texas/24-008749-003/2024(H5N1)	1221	99
PB2|PP755596.1|A/cattle/Texas/24-008749-003/2024(H5N1)	1222	99
PB2|PP755596.1|A/cattle/Texas/24-008749-003/2024(H5N1)	1223	98
PB2|PP755596.1|A/cattle/Texas/24-008749-003/2024(H5N1)	1224	97
PB2|PP755596.1|A/cattle/Texas/24-008749-003/2024(H5N1)	1225	94
PB2|PP755596.1|A/cattle/Texas/24-008749-003/2024(H5N1)	1226	94
PB2|PP755596.1|A/cattle/Texas/24-008749-003/2024(H5N1)	1227	94
PB2|PP755596.1|A/cattle/Texas/24-008749-003/2024(H5N1)	1228	94
PB2|PP755596.1|A/cattle/Texas/24-008749-003/2024(H5N1)	1229	94
PB2|PP755596.1|A/cattle/Texas/24-008749-003/2024(H5N1)	1230	98
PB2|PP755596.1|A/cattle/Texas/24-008749-003/2024(H5N1)	1231	98
PB2|PP755596.1|A/cattle/Texas/24-008749-003/2024(H5N1)	1232	98
PB2|PP755596.1|A/cattle/Texas/24-008749-003/2024(H5N1)	1233	96
PB2|PP755596.1|A/cattle/Texas/24-008749-003/2024(H5N1)	1234	96
PB2|PP755596.1|A/cattle/Texas/24-008749-003/2024(H5N1)	1235	96
PB2|PP755596.1|A/cattle/Texas/24-008749-003/2024(H5N1)	1236	96
PB2|PP755596.1|A/cattle/Texas/24-008749-003/2024(H5N1)	1237	97
PB2|PP755596.1|A/cattle/Texas/24-008749-003/2024(H5N1)	1238	101
PB2|PP755596.1|A/cattle/Texas/24-008749-003/2024(H5N1)	1239	101
PB2|PP755596.1|A/cattle/Texas/24-008749-003/2024(H5N1)	1240	103
PB2|PP755596.1|A/cattle/Texas/24-008749-003/2024(H5N1)	1241	104
PB2|PP755596.1|A/cattle/Texas/24-008749-003/2024(H5N1)	1242	104
PB2|PP755596.1|A/cattle/Texas/24-008749-003/2024(H5N1)	1243	104
PB2|PP755596.1|A/cattle/Texas/24-008749-003/2024(H5N1)	1244	104
PB2|PP755596.1|A/cattle/Texas/24-008749-003/2024(H5N1)	1245	104
PB2|PP755596.1|A/cattle/Texas/24-008749-003/2024(H5N1)	1246	104
PB2|PP755596.1|A/cattle/Texas/24-008749-003/2024(H5N1)	1247	104
PB2|PP755596.1|A/cattle/Texas/24-008749-003/2024(H5N1)	1248	103
PB2|PP755596.1|A/cattle/Texas/24-008749-003/2024(H5N1)	1249	103
PB2|PP755596.1|A/cattle/Texas/24-008749-003/2024(H5N1)	1250	103
PB2|PP755596.1|A/cattle/Texas/24-008749-003/2024(H5N1)	1251	103
PB2|PP755596.1|A/cattle/Texas/24-008749-003/2024(H5N1)	1252	103
PB2|PP755596.1|A/cattle/Texas/24-008749-003/2024(H5N1)	1253	103
PB2|PP755596.1|A/cattle/Texas/24-008749-003/2024(H5N1)	1254	103
PB2|PP755596.1|A/cattle/Texas/24-008749-003/2024(H5N1)	1255	104
PB2|PP755596.1|A/cattle/Texas/24-008749-003/2024(H5N1)	1256	104
PB2|PP755596.1|A/cattle/Texas/24-008749-003/2024(H5N1)	1257	104
PB2|PP755596.1|A/cattle/Texas/24-008749-003/2024(H5N1)	1258	110
PB2|PP755596.1|A/cattle/Texas/24-008749-003/2024(H5N1)	1259	110
PB2|PP755596.1|A/cattle/Texas/24-008749-003/2024(H5N1)	1260	112
PB2|PP755596.1|A/cattle/Texas/24-008749-003/2024(H5N1)	1261	112
PB2|PP755596.1|A/cattle/Texas/24-008749-003/2024(H5N1)	1262	112
PB2|PP755596.1|A/cattle/Texas/24-008749-003/2024(H5N1)	1263	111
PB2|PP755596.1|A/cattle/Texas/24-008749-003/2024(H5N1)	1264	111
PB2|PP755596.1|A/cattle/Texas/24-008749-003/2024(H5N1)	1265	111
PB2|PP755596.1|A/cattle/Texas/24-008749-003/2024(H5N1)	1266	111
PB2|PP755596.1|A/cattle/Texas/24-008749-003/2024(H5N1)	1267	111
PB2|PP755596.1|A/cattle/Texas/24-008749-003/2024(H5N1)	1268	111
PB2|PP755596.1|A/cattle/Texas/24-008749-003/2024(H5N1)	1269	111
PB2|PP755596.1|A/cattle/Texas/24-008749-003/2024(H5N1)	1270	112
PB2|PP755596.1|A/cattle/Texas/24-008749-003/2024(H5N1)	1271	112
PB2|PP755596.1|A/cattle/Texas/24-008749-003/2024(H5N1)	1272	112
PB2|PP755596.1|A/cattle/Texas/24-008749-003/2024(H5N1)	1273	112
PB2|PP755596.1|A/cattle/Texas/24-008749-003/2024(H5N1)	1274	112
PB2|PP755596.1|A/cattle/Texas/24-008749-003/2024(H5N1)	1275	110
PB2|PP755596.1|A/cattle/Texas/24-008749-003/2024(H5N1)	1276	110
PB2|PP755596.1|A/cattle/Texas/24-008749-003/2024(H5N1)	1277	110
PB2|PP755596.1|A/cattle/Texas/24-008749-003/2024(H5N1)	1278	110
PB2|PP755596.1|A/cattle/Texas/24-008749-003/2024(H5N1)	1279	110
PB2|PP755596.1|A/cattle/Texas/24-008749-003/2024(H5N1)	1280	110
PB2|PP755596.1|A/cattle/Texas/24-008749-003/2024(H5N1)	1281	107
PB2|PP755596.1|A/cattle/Texas/24-008749-003/2024(H5N1)	1282	107
PB2|PP755596.1|A/cattle/Texas/24-008749-003/2024(H5N1)	1283	107
PB2|PP755596.1|A/cattle/Texas/24-008749-003/2024(H5N1)	1284	107
PB2|PP755596.1|A/cattle/Texas/24-008749-003/2024(H5N1)	1285	108
PB2|PP755596.1|A/cattle/Texas/24-008749-003/2024(H5N1)	1286	112
PB2|PP755596.1|A/cattle/Texas/24-008749-003/2024(H5N1)	1287	112
PB2|PP755596.1|A/cattle/Texas/24-008749-003/2024(H5N1)	1288	118
PB2|PP755596.1|A/cattle/Texas/24-008749-003/2024(H5N1)	1289	117
PB2|PP755596.1|A/cattle/Texas/24-008749-003/2024(H5N1)	1290	117
PB2|PP755596.1|A/cattle/Texas/24-008749-003/2024(H5N1)	1291	117
PB2|PP755596.1|A/cattle/Texas/24-008749-003/2024(H5N1)	1292	117
PB2|PP755596.1|A/cattle/Texas/24-008749-003/2024(H5N1)	1293	116
PB2|PP755596.1|A/cattle/Texas/24-008749-003/2024(H5N1)	1294	113
PB2|PP755596.1|A/cattle/Texas/24-008749-003/2024(H5N1)	1295	113
PB2|PP755596.1|A/cattle/Texas/24-008749-003/2024(H5N1)	1296	113
PB2|PP755596.1|A/cattle/Texas/24-008749-003/2024(H5N1)	1297	111
PB2|PP755596.1|A/cattle/Texas/24-008749-003/2024(H5N1)	1298	113
PB2|PP755596.1|A/cattle/Texas/24-008749-003/2024(H5N1)	1299	113
PB2|PP755596.1|A/cattle/Texas/24-008749-003/2024(H5N1)	1300	113
PB2|PP755596.1|A/cattle/Texas/24-008749-003/2024(H5N1)	1301	112
PB2|PP755596.1|A/cattle/Texas/24-008749-003/2024(H5N1)	1302	116
PB2|PP755596.1|A/cattle/Texas/24-008749-003/2024(H5N1)	1303	116
PB2|PP755596.1|A/cattle/Texas/24-008749-003/2024(H5N1)	1304	116
PB2|PP755596.1|A/cattle/Texas/24-008749-003/2024(H5N1)	1305	116
PB2|PP755596.1|A/cattle/Texas/24-008749-003/2024(H5N1)	1306	116
PB2|PP755596.1|A/cattle/Texas/24-008749-003/2024(H5N1)	1307	115
PB2|PP755596.1|A/cattle/Texas/24-008749-003/2024(H5N1)	1308	115
PB2|PP755596.1|A/cattle/Texas/24-008749-003/2024(H5N1)	1309	111
PB2|PP755596.1|A/cattle/Texas/24-008749-003/2024(H5N1)	1310	109
PB2|PP755596.1|A/cattle/Texas/24-008749-003/2024(H5N1)	1311	109
PB2|PP755596.1|A/cattle/Texas/24-008749-003/2024(H5N1)	1312	109
PB2|PP755596.1|A/cattle/Texas/24-008749-003/2024(H5N1)	1313	109
PB2|PP755596.1|A/cattle/Texas/24-008749-003/2024(H5N1)	1314	107
PB2|PP755596.1|A/cattle/Texas/24-008749-003/2024(H5N1)	1315	107
PB2|PP755596.1|A/cattle/Texas/24-008749-003/2024(H5N1)	1316	107
PB2|PP755596.1|A/cattle/Texas/24-008749-003/2024(H5N1)	1317	106
PB2|PP755596.1|A/cattle/Texas/24-008749-003/2024(H5N1)	1318	107
PB2|PP755596.1|A/cattle/Texas/24-008749-003/2024(H5N1)	1319	107
PB2|PP755596.1|A/cattle/Texas/24-008749-003/2024(H5N1)	1320	106
PB2|PP755596.1|A/cattle/Texas/24-008749-003/2024(H5N1)	1321	103
PB2|PP755596.1|A/cattle/Texas/24-008749-003/2024(H5N1)	1322	103
PB2|PP755596.1|A/cattle/Texas/24-008749-003/2024(H5N1)	1323	104
PB2|PP755596.1|A/cattle/Texas/24-008749-003/2024(H5N1)	1324	105
PB2|PP755596.1|A/cattle/Texas/24-008749-003/2024(H5N1)	1325	104
PB2|PP755596.1|A/cattle/Texas/24-008749-003/2024(H5N1)	1326	104
PB2|PP755596.1|A/cattle/Texas/24-008749-003/2024(H5N1)	1327	106
PB2|PP755596.1|A/cattle/Texas/24-008749-003/2024(H5N1)	1328	106
PB2|PP755596.1|A/cattle/Texas/24-008749-003/2024(H5N1)	1329	110
PB2|PP755596.1|A/cattle/Texas/24-008749-003/2024(H5N1)	1330	111
PB2|PP755596.1|A/cattle/Texas/24-008749-003/2024(H5N1)	1331	111
PB2|PP755596.1|A/cattle/Texas/24-008749-003/2024(H5N1)	1332	111
PB2|PP755596.1|A/cattle/Texas/24-008749-003/2024(H5N1)	1333	110
PB2|PP755596.1|A/cattle/Texas/24-008749-003/2024(H5N1)	1334	110
PB2|PP755596.1|A/cattle/Texas/24-008749-003/2024(H5N1)	1335	110
PB2|PP755596.1|A/cattle/Texas/24-008749-003/2024(H5N1)	1336	110
PB2|PP755596.1|A/cattle/Texas/24-008749-003/2024(H5N1)	1337	110
PB2|PP755596.1|A/cattle/Texas/24-008749-003/2024(H5N1)	1338	109
PB2|PP755596.1|A/cattle/Texas/24-008749-003/2024(H5N1)	1339	111
PB2|PP755596.1|A/cattle/Texas/24-008749-003/2024(H5N1)	1340	111
PB2|PP755596.1|A/cattle/Texas/24-008749-003/2024(H5N1)	1341	111
PB2|PP755596.1|A/cattle/Texas/24-008749-003/2024(H5N1)	1342	111
PB2|PP755596.1|A/cattle/Texas/24-008749-003/2024(H5N1)	1343	111
PB2|PP755596.1|A/cattle/Texas/24-008749-003/2024(H5N1)	1344	111
PB2|PP755596.1|A/cattle/Texas/24-008749-003/2024(H5N1)	1345	112
PB2|PP755596.1|A/cattle/Texas/24-008749-003/2024(H5N1)	1346	111
PB2|PP755596.1|A/cattle/Texas/24-008749-003/2024(H5N1)	1347	111
PB2|PP755596.1|A/cattle/Texas/24-008749-003/2024(H5N1)	1348	111
PB2|PP755596.1|A/cattle/Texas/24-008749-003/2024(H5N1)	1349	112
PB2|PP755596.1|A/cattle/Texas/24-008749-003/2024(H5N1)	1350	112
PB2|PP755596.1|A/cattle/Texas/24-008749-003/2024(H5N1)	1351	110
PB2|PP755596.1|A/cattle/Texas/24-008749-003/2024(H5N1)	1352	109
PB2|PP755596.1|A/cattle/Texas/24-008749-003/2024(H5N1)	1353	109
PB2|PP755596.1|A/cattle/Texas/24-008749-003/2024(H5N1)	1354	108
PB2|PP755596.1|A/cattle/Texas/24-008749-003/2024(H5N1)	1355	108
PB2|PP755596.1|A/cattle/Texas/24-008749-003/2024(H5N1)	1356	108
PB2|PP755596.1|A/cattle/Texas/24-008749-003/2024(H5N1)	1357	109
PB2|PP755596.1|A/cattle/Texas/24-008749-003/2024(H5N1)	1358	105
PB2|PP755596.1|A/cattle/Texas/24-008749-003/2024(H5N1)	1359	103
PB2|PP755596.1|A/cattle/Texas/24-008749-003/2024(H5N1)	1360	101
PB2|PP755596.1|A/cattle/Texas/24-008749-003/2024(H5N1)	1361	102
PB2|PP755596.1|A/cattle/Texas/24-008749-003/2024(H5N1)	1362	102
PB2|PP755596.1|A/cattle/Texas/24-008749-003/2024(H5N1)	1363	104
PB2|PP755596.1|A/cattle/Texas/24-008749-003/2024(H5N1)	1364	104
PB2|PP755596.1|A/cattle/Texas/24-008749-003/2024(H5N1)	1365	104
PB2|PP755596.1|A/cattle/Texas/24-008749-003/2024(H5N1)	1366	101
PB2|PP755596.1|A/cattle/Texas/24-008749-003/2024(H5N1)	1367	102
PB2|PP755596.1|A/cattle/Texas/24-008749-003/2024(H5N1)	1368	101
PB2|PP755596.1|A/cattle/Texas/24-008749-003/2024(H5N1)	1369	101
PB2|PP755596.1|A/cattle/Texas/24-008749-003/2024(H5N1)	1370	101
PB2|PP755596.1|A/cattle/Texas/24-008749-003/2024(H5N1)	1371	101
PB2|PP755596.1|A/cattle/Texas/24-008749-003/2024(H5N1)	1372	101
PB2|PP755596.1|A/cattle/Texas/24-008749-003/2024(H5N1)	1373	100
PB2|PP755596.1|A/cattle/Texas/24-008749-003/2024(H5N1)	1374	100
PB2|PP755596.1|A/cattle/Texas/24-008749-003/2024(H5N1)	1375	100
PB2|PP755596.1|A/cattle/Texas/24-008749-003/2024(H5N1)	1376	100
PB2|PP755596.1|A/cattle/Texas/24-008749-003/2024(H5N1)	1377	101
PB2|PP755596.1|A/cattle/Texas/24-008749-003/2024(H5N1)	1378	101
PB2|PP755596.1|A/cattle/Texas/24-008749-003/2024(H5N1)	1379	101
PB2|PP755596.1|A/cattle/Texas/24-008749-003/2024(H5N1)	1380	100
PB2|PP755596.1|A/cattle/Texas/24-008749-003/2024(H5N1)	1381	101
PB2|PP755596.1|A/cattle/Texas/24-008749-003/2024(H5N1)	1382	101
PB2|PP755596.1|A/cattle/Texas/24-008749-003/2024(H5N1)	1383	99
PB2|PP755596.1|A/cattle/Texas/24-008749-003/2024(H5N1)	1384	98
PB2|PP755596.1|A/cattle/Texas/24-008749-003/2024(H5N1)	1385	99
PB2|PP755596.1|A/cattle/Texas/24-008749-003/2024(H5N1)	1386	100
PB2|PP755596.1|A/cattle/Texas/24-008749-003/2024(H5N1)	1387	99
PB2|PP755596.1|A/cattle/Texas/24-008749-003/2024(H5N1)	1388	99
PB2|PP755596.1|A/cattle/Texas/24-008749-003/2024(H5N1)	1389	98
PB2|PP755596.1|A/cattle/Texas/24-008749-003/2024(H5N1)	1390	98
PB2|PP755596.1|A/cattle/Texas/24-008749-003/2024(H5N1)	1391	99
PB2|PP755596.1|A/cattle/Texas/24-008749-003/2024(H5N1)	1392	100
PB2|PP755596.1|A/cattle/Texas/24-008749-003/2024(H5N1)	1393	100
PB2|PP755596.1|A/cattle/Texas/24-008749-003/2024(H5N1)	1394	99
PB2|PP755596.1|A/cattle/Texas/24-008749-003/2024(H5N1)	1395	98
PB2|PP755596.1|A/cattle/Texas/24-008749-003/2024(H5N1)	1396	98
PB2|PP755596.1|A/cattle/Texas/24-008749-003/2024(H5N1)	1397	100
PB2|PP755596.1|A/cattle/Texas/24-008749-003/2024(H5N1)	1398	99
PB2|PP755596.1|A/cattle/Texas/24-008749-003/2024(H5N1)	1399	99
PB2|PP755596.1|A/cattle/Texas/24-008749-003/2024(H5N1)	1400	99
PB2|PP755596.1|A/cattle/Texas/24-008749-003/2024(H5N1)	1401	99
PB2|PP755596.1|A/cattle/Texas/24-008749-003/2024(H5N1)	1402	101
PB2|PP755596.1|A/cattle/Texas/24-008749-003/2024(H5N1)	1403	101
PB2|PP755596.1|A/cattle/Texas/24-008749-003/2024(H5N1)	1404	102
PB2|PP755596.1|A/cattle/Texas/24-008749-003/2024(H5N1)	1405	102
PB2|PP755596.1|A/cattle/Texas/24-008749-003/2024(H5N1)	1406	102
PB2|PP755596.1|A/cattle/Texas/24-008749-003/2024(H5N1)	1407	102
PB2|PP755596.1|A/cattle/Texas/24-008749-003/2024(H5N1)	1408	102
PB2|PP755596.1|A/cattle/Texas/24-008749-003/2024(H5N1)	1409	103
PB2|PP755596.1|A/cattle/Texas/24-008749-003/2024(H5N1)	1410	103
PB2|PP755596.1|A/cattle/Texas/24-008749-003/2024(H5N1)	1411	101
PB2|PP755596.1|A/cattle/Texas/24-008749-003/2024(H5N1)	1412	100
PB2|PP755596.1|A/cattle/Texas/24-008749-003/2024(H5N1)	1413	98
PB2|PP755596.1|A/cattle/Texas/24-008749-003/2024(H5N1)	1414	98
PB2|PP755596.1|A/cattle/Texas/24-008749-003/2024(H5N1)	1415	98
PB2|PP755596.1|A/cattle/Texas/24-008749-003/2024(H5N1)	1416	98
PB2|PP755596.1|A/cattle/Texas/24-008749-003/2024(H5N1)	1417	97
PB2|PP755596.1|A/cattle/Texas/24-008749-003/2024(H5N1)	1418	95
PB2|PP755596.1|A/cattle/Texas/24-008749-003/2024(H5N1)	1419	95
PB2|PP755596.1|A/cattle/Texas/24-008749-003/2024(H5N1)	1420	95
PB2|PP755596.1|A/cattle/Texas/24-008749-003/2024(H5N1)	1421	94
PB2|PP755596.1|A/cattle/Texas/24-008749-003/2024(H5N1)	1422	94
PB2|PP755596.1|A/cattle/Texas/24-008749-003/2024(H5N1)	1423	100
PB2|PP755596.1|A/cattle/Texas/24-008749-003/2024(H5N1)	1424	100
PB2|PP755596.1|A/cattle/Texas/24-008749-003/2024(H5N1)	1425	100
PB2|PP755596.1|A/cattle/Texas/24-008749-003/2024(H5N1)	1426	100
PB2|PP755596.1|A/cattle/Texas/24-008749-003/2024(H5N1)	1427	100
PB2|PP755596.1|A/cattle/Texas/24-008749-003/2024(H5N1)	1428	100
PB2|PP755596.1|A/cattle/Texas/24-008749-003/2024(H5N1)	1429	100
PB2|PP755596.1|A/cattle/Texas/24-008749-003/2024(H5N1)	1430	100
PB2|PP755596.1|A/cattle/Texas/24-008749-003/2024(H5N1)	1431	100
PB2|PP755596.1|A/cattle/Texas/24-008749-003/2024(H5N1)	1432	101
PB2|PP755596.1|A/cattle/Texas/24-008749-003/2024(H5N1)	1433	101
PB2|PP755596.1|A/cattle/Texas/24-008749-003/2024(H5N1)	1434	103
PB2|PP755596.1|A/cattle/Texas/24-008749-003/2024(H5N1)	1435	103
PB2|PP755596.1|A/cattle/Texas/24-008749-003/2024(H5N1)	1436	102
PB2|PP755596.1|A/cattle/Texas/24-008749-003/2024(H5N1)	1437	101
PB2|PP755596.1|A/cattle/Texas/24-008749-003/2024(H5N1)	1438	104
PB2|PP755596.1|A/cattle/Texas/24-008749-003/2024(H5N1)	1439	100
PB2|PP755596.1|A/cattle/Texas/24-008749-003/2024(H5N1)	1440	100
PB2|PP755596.1|A/cattle/Texas/24-008749-003/2024(H5N1)	1441	95
PB2|PP755596.1|A/cattle/Texas/24-008749-003/2024(H5N1)	1442	95
PB2|PP755596.1|A/cattle/Texas/24-008749-003/2024(H5N1)	1443	97
PB2|PP755596.1|A/cattle/Texas/24-008749-003/2024(H5N1)	1444	95
PB2|PP755596.1|A/cattle/Texas/24-008749-003/2024(H5N1)	1445	93
PB2|PP755596.1|A/cattle/Texas/24-008749-003/2024(H5N1)	1446	94
PB2|PP755596.1|A/cattle/Texas/24-008749-003/2024(H5N1)	1447	92
PB2|PP755596.1|A/cattle/Texas/24-008749-003/2024(H5N1)	1448	92
PB2|PP755596.1|A/cattle/Texas/24-008749-003/2024(H5N1)	1449	92
PB2|PP755596.1|A/cattle/Texas/24-008749-003/2024(H5N1)	1450	92
PB2|PP755596.1|A/cattle/Texas/24-008749-003/2024(H5N1)	1451	93
PB2|PP755596.1|A/cattle/Texas/24-008749-003/2024(H5N1)	1452	93
PB2|PP755596.1|A/cattle/Texas/24-008749-003/2024(H5N1)	1453	93
PB2|PP755596.1|A/cattle/Texas/24-008749-003/2024(H5N1)	1454	93
PB2|PP755596.1|A/cattle/Texas/24-008749-003/2024(H5N1)	1455	93
PB2|PP755596.1|A/cattle/Texas/24-008749-003/2024(H5N1)	1456	92
PB2|PP755596.1|A/cattle/Texas/24-008749-003/2024(H5N1)	1457	92
PB2|PP755596.1|A/cattle/Texas/24-008749-003/2024(H5N1)	1458	91
PB2|PP755596.1|A/cattle/Texas/24-008749-003/2024(H5N1)	1459	89
PB2|PP755596.1|A/cattle/Texas/24-008749-003/2024(H5N1)	1460	89
PB2|PP755596.1|A/cattle/Texas/24-008749-003/2024(H5N1)	1461	91
PB2|PP755596.1|A/cattle/Texas/24-008749-003/2024(H5N1)	1462	90
PB2|PP755596.1|A/cattle/Texas/24-008749-003/2024(H5N1)	1463	91
PB2|PP755596.1|A/cattle/Texas/24-008749-003/2024(H5N1)	1464	90
PB2|PP755596.1|A/cattle/Texas/24-008749-003/2024(H5N1)	1465	86
PB2|PP755596.1|A/cattle/Texas/24-008749-003/2024(H5N1)	1466	87
PB2|PP755596.1|A/cattle/Texas/24-008749-003/2024(H5N1)	1467	87
PB2|PP755596.1|A/cattle/Texas/24-008749-003/2024(H5N1)	1468	91
PB2|PP755596.1|A/cattle/Texas/24-008749-003/2024(H5N1)	1469	93
PB2|PP755596.1|A/cattle/Texas/24-008749-003/2024(H5N1)	1470	94
PB2|PP755596.1|A/cattle/Texas/24-008749-003/2024(H5N1)	1471	94
PB2|PP755596.1|A/cattle/Texas/24-008749-003/2024(H5N1)	1472	94
PB2|PP755596.1|A/cattle/Texas/24-008749-003/2024(H5N1)	1473	91
PB2|PP755596.1|A/cattle/Texas/24-008749-003/2024(H5N1)	1474	91
PB2|PP755596.1|A/cattle/Texas/24-008749-003/2024(H5N1)	1475	94
PB2|PP755596.1|A/cattle/Texas/24-008749-003/2024(H5N1)	1476	94
PB2|PP755596.1|A/cattle/Texas/24-008749-003/2024(H5N1)	1477	94
PB2|PP755596.1|A/cattle/Texas/24-008749-003/2024(H5N1)	1478	94
PB2|PP755596.1|A/cattle/Texas/24-008749-003/2024(H5N1)	1479	93
PB2|PP755596.1|A/cattle/Texas/24-008749-003/2024(H5N1)	1480	93
PB2|PP755596.1|A/cattle/Texas/24-008749-003/2024(H5N1)	1481	92
PB2|PP755596.1|A/cattle/Texas/24-008749-003/2024(H5N1)	1482	92
PB2|PP755596.1|A/cattle/Texas/24-008749-003/2024(H5N1)	1483	92
PB2|PP755596.1|A/cattle/Texas/24-008749-003/2024(H5N1)	1484	92
PB2|PP755596.1|A/cattle/Texas/24-008749-003/2024(H5N1)	1485	92
PB2|PP755596.1|A/cattle/Texas/24-008749-003/2024(H5N1)	1486	92
PB2|PP755596.1|A/cattle/Texas/24-008749-003/2024(H5N1)	1487	89
PB2|PP755596.1|A/cattle/Texas/24-008749-003/2024(H5N1)	1488	89
PB2|PP755596.1|A/cattle/Texas/24-008749-003/2024(H5N1)	1489	89
PB2|PP755596.1|A/cattle/Texas/24-008749-003/2024(H5N1)	1490	89
PB2|PP755596.1|A/cattle/Texas/24-008749-003/2024(H5N1)	1491	87
PB2|PP755596.1|A/cattle/Texas/24-008749-003/2024(H5N1)	1492	86
PB2|PP755596.1|A/cattle/Texas/24-008749-003/2024(H5N1)	1493	86
PB2|PP755596.1|A/cattle/Texas/24-008749-003/2024(H5N1)	1494	86
PB2|PP755596.1|A/cattle/Texas/24-008749-003/2024(H5N1)	1495	88
PB2|PP755596.1|A/cattle/Texas/24-008749-003/2024(H5N1)	1496	88
PB2|PP755596.1|A/cattle/Texas/24-008749-003/2024(H5N1)	1497	87
PB2|PP755596.1|A/cattle/Texas/24-008749-003/2024(H5N1)	1498	88
PB2|PP755596.1|A/cattle/Texas/24-008749-003/2024(H5N1)	1499	86
PB2|PP755596.1|A/cattle/Texas/24-008749-003/2024(H5N1)	1500	90
PB2|PP755596.1|A/cattle/Texas/24-008749-003/2024(H5N1)	1501	90
PB2|PP755596.1|A/cattle/Texas/24-008749-003/2024(H5N1)	1502	89
PB2|PP755596.1|A/cattle/Texas/24-008749-003/2024(H5N1)	1503	89
PB2|PP755596.1|A/cattle/Texas/24-008749-003/2024(H5N1)	1504	89
PB2|PP755596.1|A/cattle/Texas/24-008749-003/2024(H5N1)	1505	89
PB2|PP755596.1|A/cattle/Texas/24-008749-003/2024(H5N1)	1506	88
PB2|PP755596.1|A/cattle/Texas/24-008749-003/2024(H5N1)	1507	88
PB2|PP755596.1|A/cattle/Texas/24-008749-003/2024(H5N1)	1508	87
PB2|PP755596.1|A/cattle/Texas/24-008749-003/2024(H5N1)	1509	87
PB2|PP755596.1|A/cattle/Texas/24-008749-003/2024(H5N1)	1510	87
PB2|PP755596.1|A/cattle/Texas/24-008749-003/2024(H5N1)	1511	87
PB2|PP755596.1|A/cattle/Texas/24-008749-003/2024(H5N1)	1512	85
PB2|PP755596.1|A/cattle/Texas/24-008749-003/2024(H5N1)	1513	85
PB2|PP755596.1|A/cattle/Texas/24-008749-003/2024(H5N1)	1514	85
PB2|PP755596.1|A/cattle/Texas/24-008749-003/2024(H5N1)	1515	85
PB2|PP755596.1|A/cattle/Texas/24-008749-003/2024(H5N1)	1516	85
PB2|PP755596.1|A/cattle/Texas/24-008749-003/2024(H5N1)	1517	85
PB2|PP755596.1|A/cattle/Texas/24-008749-003/2024(H5N1)	1518	83
PB2|PP755596.1|A/cattle/Texas/24-008749-003/2024(H5N1)	1519	83
PB2|PP755596.1|A/cattle/Texas/24-008749-003/2024(H5N1)	1520	81
PB2|PP755596.1|A/cattle/Texas/24-008749-003/2024(H5N1)	1521	82
PB2|PP755596.1|A/cattle/Texas/24-008749-003/2024(H5N1)	1522	82
PB2|PP755596.1|A/cattle/Texas/24-008749-003/2024(H5N1)	1523	82
PB2|PP755596.1|A/cattle/Texas/24-008749-003/2024(H5N1)	1524	82
PB2|PP755596.1|A/cattle/Texas/24-008749-003/2024(H5N1)	1525	82
PB2|PP755596.1|A/cattle/Texas/24-008749-003/2024(H5N1)	1526	82
PB2|PP755596.1|A/cattle/Texas/24-008749-003/2024(H5N1)	1527	84
PB2|PP755596.1|A/cattle/Texas/24-008749-003/2024(H5N1)	1528	84
PB2|PP755596.1|A/cattle/Texas/24-008749-003/2024(H5N1)	1529	88
PB2|PP755596.1|A/cattle/Texas/24-008749-003/2024(H5N1)	1530	88
PB2|PP755596.1|A/cattle/Texas/24-008749-003/2024(H5N1)	1531	87
PB2|PP755596.1|A/cattle/Texas/24-008749-003/2024(H5N1)	1532	89
PB2|PP755596.1|A/cattle/Texas/24-008749-003/2024(H5N1)	1533	89
PB2|PP755596.1|A/cattle/Texas/24-008749-003/2024(H5N1)	1534	89
PB2|PP755596.1|A/cattle/Texas/24-008749-003/2024(H5N1)	1535	89
PB2|PP755596.1|A/cattle/Texas/24-008749-003/2024(H5N1)	1536	88
PB2|PP755596.1|A/cattle/Texas/24-008749-003/2024(H5N1)	1537	85
PB2|PP755596.1|A/cattle/Texas/24-008749-003/2024(H5N1)	1538	86
PB2|PP755596.1|A/cattle/Texas/24-008749-003/2024(H5N1)	1539	86
PB2|PP755596.1|A/cattle/Texas/24-008749-003/2024(H5N1)	1540	89
PB2|PP755596.1|A/cattle/Texas/24-008749-003/2024(H5N1)	1541	90
PB2|PP755596.1|A/cattle/Texas/24-008749-003/2024(H5N1)	1542	90
PB2|PP755596.1|A/cattle/Texas/24-008749-003/2024(H5N1)	1543	92
PB2|PP755596.1|A/cattle/Texas/24-008749-003/2024(H5N1)	1544	92
PB2|PP755596.1|A/cattle/Texas/24-008749-003/2024(H5N1)	1545	92
PB2|PP755596.1|A/cattle/Texas/24-008749-003/2024(H5N1)	1546	92
PB2|PP755596.1|A/cattle/Texas/24-008749-003/2024(H5N1)	1547	92
PB2|PP755596.1|A/cattle/Texas/24-008749-003/2024(H5N1)	1548	92
PB2|PP755596.1|A/cattle/Texas/24-008749-003/2024(H5N1)	1549	92
PB2|PP755596.1|A/cattle/Texas/24-008749-003/2024(H5N1)	1550	90
PB2|PP755596.1|A/cattle/Texas/24-008749-003/2024(H5N1)	1551	89
PB2|PP755596.1|A/cattle/Texas/24-008749-003/2024(H5N1)	1552	89
PB2|PP755596.1|A/cattle/Texas/24-008749-003/2024(H5N1)	1553	78
PB2|PP755596.1|A/cattle/Texas/24-008749-003/2024(H5N1)	1554	78
PB2|PP755596.1|A/cattle/Texas/24-008749-003/2024(H5N1)	1555	78
PB2|PP755596.1|A/cattle/Texas/24-008749-003/2024(H5N1)	1556	79
PB2|PP755596.1|A/cattle/Texas/24-008749-003/2024(H5N1)	1557	80
PB2|PP755596.1|A/cattle/Texas/24-008749-003/2024(H5N1)	1558	80
PB2|PP755596.1|A/cattle/Texas/24-008749-003/2024(H5N1)	1559	80
PB2|PP755596.1|A/cattle/Texas/24-008749-003/2024(H5N1)	1560	80
PB2|PP755596.1|A/cattle/Texas/24-008749-003/2024(H5N1)	1561	82
PB2|PP755596.1|A/cattle/Texas/24-008749-003/2024(H5N1)	1562	81
PB2|PP755596.1|A/cattle/Texas/24-008749-003/2024(H5N1)	1563	87
PB2|PP755596.1|A/cattle/Texas/24-008749-003/2024(H5N1)	1564	87
PB2|PP755596.1|A/cattle/Texas/24-008749-003/2024(H5N1)	1565	87
PB2|PP755596.1|A/cattle/Texas/24-008749-003/2024(H5N1)	1566	87
PB2|PP755596.1|A/cattle/Texas/24-008749-003/2024(H5N1)	1567	87
PB2|PP755596.1|A/cattle/Texas/24-008749-003/2024(H5N1)	1568	88
PB2|PP755596.1|A/cattle/Texas/24-008749-003/2024(H5N1)	1569	85
PB2|PP755596.1|A/cattle/Texas/24-008749-003/2024(H5N1)	1570	85
PB2|PP755596.1|A/cattle/Texas/24-008749-003/2024(H5N1)	1571	85
PB2|PP755596.1|A/cattle/Texas/24-008749-003/2024(H5N1)	1572	85
PB2|PP755596.1|A/cattle/Texas/24-008749-003/2024(H5N1)	1573	87
PB2|PP755596.1|A/cattle/Texas/24-008749-003/2024(H5N1)	1574	86
PB2|PP755596.1|A/cattle/Texas/24-008749-003/2024(H5N1)	1575	85
PB2|PP755596.1|A/cattle/Texas/24-008749-003/2024(H5N1)	1576	86
PB2|PP755596.1|A/cattle/Texas/24-008749-003/2024(H5N1)	1577	84
PB2|PP755596.1|A/cattle/Texas/24-008749-003/2024(H5N1)	1578	85
PB2|PP755596.1|A/cattle/Texas/24-008749-003/2024(H5N1)	1579	85
PB2|PP755596.1|A/cattle/Texas/24-008749-003/2024(H5N1)	1580	85
PB2|PP755596.1|A/cattle/Texas/24-008749-003/2024(H5N1)	1581	85
PB2|PP755596.1|A/cattle/Texas/24-008749-003/2024(H5N1)	1582	85
PB2|PP755596.1|A/cattle/Texas/24-008749-003/2024(H5N1)	1583	96
PB2|PP755596.1|A/cattle/Texas/24-008749-003/2024(H5N1)	1584	96
PB2|PP755596.1|A/cattle/Texas/24-008749-003/2024(H5N1)	1585	97
PB2|PP755596.1|A/cattle/Texas/24-008749-003/2024(H5N1)	1586	97
PB2|PP755596.1|A/cattle/Texas/24-008749-003/2024(H5N1)	1587	97
PB2|PP755596.1|A/cattle/Texas/24-008749-003/2024(H5N1)	1588	98
PB2|PP755596.1|A/cattle/Texas/24-008749-003/2024(H5N1)	1589	98
PB2|PP755596.1|A/cattle/Texas/24-008749-003/2024(H5N1)	1590	100
PB2|PP755596.1|A/cattle/Texas/24-008749-003/2024(H5N1)	1591	100
PB2|PP755596.1|A/cattle/Texas/24-008749-003/2024(H5N1)	1592	100
PB2|PP755596.1|A/cattle/Texas/24-008749-003/2024(H5N1)	1593	100
PB2|PP755596.1|A/cattle/Texas/24-008749-003/2024(H5N1)	1594	101
PB2|PP755596.1|A/cattle/Texas/24-008749-003/2024(H5N1)	1595	101
PB2|PP755596.1|A/cattle/Texas/24-008749-003/2024(H5N1)	1596	100
PB2|PP755596.1|A/cattle/Texas/24-008749-003/2024(H5N1)	1597	102
PB2|PP755596.1|A/cattle/Texas/24-008749-003/2024(H5N1)	1598	103
PB2|PP755596.1|A/cattle/Texas/24-008749-003/2024(H5N1)	1599	105
PB2|PP755596.1|A/cattle/Texas/24-008749-003/2024(H5N1)	1600	107
PB2|PP755596.1|A/cattle/Texas/24-008749-003/2024(H5N1)	1601	107
PB2|PP755596.1|A/cattle/Texas/24-008749-003/2024(H5N1)	1602	105
PB2|PP755596.1|A/cattle/Texas/24-008749-003/2024(H5N1)	1603	105
PB2|PP755596.1|A/cattle/Texas/24-008749-003/2024(H5N1)	1604	105
PB2|PP755596.1|A/cattle/Texas/24-008749-003/2024(H5N1)	1605	105
PB2|PP755596.1|A/cattle/Texas/24-008749-003/2024(H5N1)	1606	105
PB2|PP755596.1|A/cattle/Texas/24-008749-003/2024(H5N1)	1607	105
PB2|PP755596.1|A/cattle/Texas/24-008749-003/2024(H5N1)	1608	105
PB2|PP755596.1|A/cattle/Texas/24-008749-003/2024(H5N1)	1609	103
PB2|PP755596.1|A/cattle/Texas/24-008749-003/2024(H5N1)	1610	102
PB2|PP755596.1|A/cattle/Texas/24-008749-003/2024(H5N1)	1611	104
PB2|PP755596.1|A/cattle/Texas/24-008749-003/2024(H5N1)	1612	103
PB2|PP755596.1|A/cattle/Texas/24-008749-003/2024(H5N1)	1613	98
PB2|PP755596.1|A/cattle/Texas/24-008749-003/2024(H5N1)	1614	97
PB2|PP755596.1|A/cattle/Texas/24-008749-003/2024(H5N1)	1615	97
PB2|PP755596.1|A/cattle/Texas/24-008749-003/2024(H5N1)	1616	97
PB2|PP755596.1|A/cattle/Texas/24-008749-003/2024(H5N1)	1617	94
PB2|PP755596.1|A/cattle/Texas/24-008749-003/2024(H5N1)	1618	94
PB2|PP755596.1|A/cattle/Texas/24-008749-003/2024(H5N1)	1619	94
PB2|PP755596.1|A/cattle/Texas/24-008749-003/2024(H5N1)	1620	94
PB2|PP755596.1|A/cattle/Texas/24-008749-003/2024(H5N1)	1621	98
PB2|PP755596.1|A/cattle/Texas/24-008749-003/2024(H5N1)	1622	100
PB2|PP755596.1|A/cattle/Texas/24-008749-003/2024(H5N1)	1623	100
PB2|PP755596.1|A/cattle/Texas/24-008749-003/2024(H5N1)	1624	101
PB2|PP755596.1|A/cattle/Texas/24-008749-003/2024(H5N1)	1625	101
PB2|PP755596.1|A/cattle/Texas/24-008749-003/2024(H5N1)	1626	99
PB2|PP755596.1|A/cattle/Texas/24-008749-003/2024(H5N1)	1627	99
PB2|PP755596.1|A/cattle/Texas/24-008749-003/2024(H5N1)	1628	98
PB2|PP755596.1|A/cattle/Texas/24-008749-003/2024(H5N1)	1629	98
PB2|PP755596.1|A/cattle/Texas/24-008749-003/2024(H5N1)	1630	98
PB2|PP755596.1|A/cattle/Texas/24-008749-003/2024(H5N1)	1631	97
PB2|PP755596.1|A/cattle/Texas/24-008749-003/2024(H5N1)	1632	97
PB2|PP755596.1|A/cattle/Texas/24-008749-003/2024(H5N1)	1633	99
PB2|PP755596.1|A/cattle/Texas/24-008749-003/2024(H5N1)	1634	99
PB2|PP755596.1|A/cattle/Texas/24-008749-003/2024(H5N1)	1635	99
PB2|PP755596.1|A/cattle/Texas/24-008749-003/2024(H5N1)	1636	97
PB2|PP755596.1|A/cattle/Texas/24-008749-003/2024(H5N1)	1637	97
PB2|PP755596.1|A/cattle/Texas/24-008749-003/2024(H5N1)	1638	104
PB2|PP755596.1|A/cattle/Texas/24-008749-003/2024(H5N1)	1639	104
PB2|PP755596.1|A/cattle/Texas/24-008749-003/2024(H5N1)	1640	103
PB2|PP755596.1|A/cattle/Texas/24-008749-003/2024(H5N1)	1641	104
PB2|PP755596.1|A/cattle/Texas/24-008749-003/2024(H5N1)	1642	103
PB2|PP755596.1|A/cattle/Texas/24-008749-003/2024(H5N1)	1643	104
PB2|PP755596.1|A/cattle/Texas/24-008749-003/2024(H5N1)	1644	104
PB2|PP755596.1|A/cattle/Texas/24-008749-003/2024(H5N1)	1645	105
PB2|PP755596.1|A/cattle/Texas/24-008749-003/2024(H5N1)	1646	103
PB2|PP755596.1|A/cattle/Texas/24-008749-003/2024(H5N1)	1647	99
PB2|PP755596.1|A/cattle/Texas/24-008749-003/2024(H5N1)	1648	99
PB2|PP755596.1|A/cattle/Texas/24-008749-003/2024(H5N1)	1649	99
PB2|PP755596.1|A/cattle/Texas/24-008749-003/2024(H5N1)	1650	101
PB2|PP755596.1|A/cattle/Texas/24-008749-003/2024(H5N1)	1651	101
PB2|PP755596.1|A/cattle/Texas/24-008749-003/2024(H5N1)	1652	97
PB2|PP755596.1|A/cattle/Texas/24-008749-003/2024(H5N1)	1653	98
PB2|PP755596.1|A/cattle/Texas/24-008749-003/2024(H5N1)	1654	98
PB2|PP755596.1|A/cattle/Texas/24-008749-003/2024(H5N1)	1655	98
PB2|PP755596.1|A/cattle/Texas/24-008749-003/2024(H5N1)	1656	98
PB2|PP755596.1|A/cattle/Texas/24-008749-003/2024(H5N1)	1657	98
PB2|PP755596.1|A/cattle/Texas/24-008749-003/2024(H5N1)	1658	98
PB2|PP755596.1|A/cattle/Texas/24-008749-003/2024(H5N1)	1659	97
PB2|PP755596.1|A/cattle/Texas/24-008749-003/2024(H5N1)	1660	97
PB2|PP755596.1|A/cattle/Texas/24-008749-003/2024(H5N1)	1661	97
PB2|PP755596.1|A/cattle/Texas/24-008749-003/2024(H5N1)	1662	98
PB2|PP755596.1|A/cattle/Texas/24-008749-003/2024(H5N1)	1663	98
PB2|PP755596.1|A/cattle/Texas/24-008749-003/2024(H5N1)	1664	98
PB2|PP755596.1|A/cattle/Texas/24-008749-003/2024(H5N1)	1665	99
PB2|PP755596.1|A/cattle/Texas/24-008749-003/2024(H5N1)	1666	99
PB2|PP755596.1|A/cattle/Texas/24-008749-003/2024(H5N1)	1667	101
PB2|PP755596.1|A/cattle/Texas/24-008749-003/2024(H5N1)	1668	100
PB2|PP755596.1|A/cattle/Texas/24-008749-003/2024(H5N1)	1669	97
PB2|PP755596.1|A/cattle/Texas/24-008749-003/2024(H5N1)	1670	97
PB2|PP755596.1|A/cattle/Texas/24-008749-003/2024(H5N1)	1671	97
PB2|PP755596.1|A/cattle/Texas/24-008749-003/2024(H5N1)	1672	97
PB2|PP755596.1|A/cattle/Texas/24-008749-003/2024(H5N1)	1673	98
PB2|PP755596.1|A/cattle/Texas/24-008749-003/2024(H5N1)	1674	98
PB2|PP755596.1|A/cattle/Texas/24-008749-003/2024(H5N1)	1675	98
PB2|PP755596.1|A/cattle/Texas/24-008749-003/2024(H5N1)	1676	99
PB2|PP755596.1|A/cattle/Texas/24-008749-003/2024(H5N1)	1677	99
PB2|PP755596.1|A/cattle/Texas/24-008749-003/2024(H5N1)	1678	99
PB2|PP755596.1|A/cattle/Texas/24-008749-003/2024(H5N1)	1679	99
PB2|PP755596.1|A/cattle/Texas/24-008749-003/2024(H5N1)	1680	99
PB2|PP755596.1|A/cattle/Texas/24-008749-003/2024(H5N1)	1681	99
PB2|PP755596.1|A/cattle/Texas/24-008749-003/2024(H5N1)	1682	99
PB2|PP755596.1|A/cattle/Texas/24-008749-003/2024(H5N1)	1683	104
PB2|PP755596.1|A/cattle/Texas/24-008749-003/2024(H5N1)	1684	104
PB2|PP755596.1|A/cattle/Texas/24-008749-003/2024(H5N1)	1685	104
PB2|PP755596.1|A/cattle/Texas/24-008749-003/2024(H5N1)	1686	104
PB2|PP755596.1|A/cattle/Texas/24-008749-003/2024(H5N1)	1687	103
PB2|PP755596.1|A/cattle/Texas/24-008749-003/2024(H5N1)	1688	103
PB2|PP755596.1|A/cattle/Texas/24-008749-003/2024(H5N1)	1689	102
PB2|PP755596.1|A/cattle/Texas/24-008749-003/2024(H5N1)	1690	102
PB2|PP755596.1|A/cattle/Texas/24-008749-003/2024(H5N1)	1691	102
PB2|PP755596.1|A/cattle/Texas/24-008749-003/2024(H5N1)	1692	102
PB2|PP755596.1|A/cattle/Texas/24-008749-003/2024(H5N1)	1693	103
PB2|PP755596.1|A/cattle/Texas/24-008749-003/2024(H5N1)	1694	103
PB2|PP755596.1|A/cattle/Texas/24-008749-003/2024(H5N1)	1695	103
PB2|PP755596.1|A/cattle/Texas/24-008749-003/2024(H5N1)	1696	102
PB2|PP755596.1|A/cattle/Texas/24-008749-003/2024(H5N1)	1697	102
PB2|PP755596.1|A/cattle/Texas/24-008749-003/2024(H5N1)	1698	102
PB2|PP755596.1|A/cattle/Texas/24-008749-003/2024(H5N1)	1699	103
PB2|PP755596.1|A/cattle/Texas/24-008749-003/2024(H5N1)	1700	103
PB2|PP755596.1|A/cattle/Texas/24-008749-003/2024(H5N1)	1701	102
PB2|PP755596.1|A/cattle/Texas/24-008749-003/2024(H5N1)	1702	102
PB2|PP755596.1|A/cattle/Texas/24-008749-003/2024(H5N1)	1703	107
PB2|PP755596.1|A/cattle/Texas/24-008749-003/2024(H5N1)	1704	102
PB2|PP755596.1|A/cattle/Texas/24-008749-003/2024(H5N1)	1705	103
PB2|PP755596.1|A/cattle/Texas/24-008749-003/2024(H5N1)	1706	109
PB2|PP755596.1|A/cattle/Texas/24-008749-003/2024(H5N1)	1707	109
PB2|PP755596.1|A/cattle/Texas/24-008749-003/2024(H5N1)	1708	109
PB2|PP755596.1|A/cattle/Texas/24-008749-003/2024(H5N1)	1709	108
PB2|PP755596.1|A/cattle/Texas/24-008749-003/2024(H5N1)	1710	114
PB2|PP755596.1|A/cattle/Texas/24-008749-003/2024(H5N1)	1711	117
PB2|PP755596.1|A/cattle/Texas/24-008749-003/2024(H5N1)	1712	115
PB2|PP755596.1|A/cattle/Texas/24-008749-003/2024(H5N1)	1713	120
PB2|PP755596.1|A/cattle/Texas/24-008749-003/2024(H5N1)	1714	120
PB2|PP755596.1|A/cattle/Texas/24-008749-003/2024(H5N1)	1715	118
PB2|PP755596.1|A/cattle/Texas/24-008749-003/2024(H5N1)	1716	118
PB2|PP755596.1|A/cattle/Texas/24-008749-003/2024(H5N1)	1717	115
PB2|PP755596.1|A/cattle/Texas/24-008749-003/2024(H5N1)	1718	117
PB2|PP755596.1|A/cattle/Texas/24-008749-003/2024(H5N1)	1719	114
PB2|PP755596.1|A/cattle/Texas/24-008749-003/2024(H5N1)	1720	112
PB2|PP755596.1|A/cattle/Texas/24-008749-003/2024(H5N1)	1721	112
PB2|PP755596.1|A/cattle/Texas/24-008749-003/2024(H5N1)	1722	105
PB2|PP755596.1|A/cattle/Texas/24-008749-003/2024(H5N1)	1723	107
PB2|PP755596.1|A/cattle/Texas/24-008749-003/2024(H5N1)	1724	107
PB2|PP755596.1|A/cattle/Texas/24-008749-003/2024(H5N1)	1725	106
PB2|PP755596.1|A/cattle/Texas/24-008749-003/2024(H5N1)	1726	107
PB2|PP755596.1|A/cattle/Texas/24-008749-003/2024(H5N1)	1727	107
PB2|PP755596.1|A/cattle/Texas/24-008749-003/2024(H5N1)	1728	107
PB2|PP755596.1|A/cattle/Texas/24-008749-003/2024(H5N1)	1729	107
PB2|PP755596.1|A/cattle/Texas/24-008749-003/2024(H5N1)	1730	107
PB2|PP755596.1|A/cattle/Texas/24-008749-003/2024(H5N1)	1731	106
PB2|PP755596.1|A/cattle/Texas/24-008749-003/2024(H5N1)	1732	106
PB2|PP755596.1|A/cattle/Texas/24-008749-003/2024(H5N1)	1733	107
PB2|PP755596.1|A/cattle/Texas/24-008749-003/2024(H5N1)	1734	106
PB2|PP755596.1|A/cattle/Texas/24-008749-003/2024(H5N1)	1735	107
PB2|PP755596.1|A/cattle/Texas/24-008749-003/2024(H5N1)	1736	107
PB2|PP755596.1|A/cattle/Texas/24-008749-003/2024(H5N1)	1737	106
PB2|PP755596.1|A/cattle/Texas/24-008749-003/2024(H5N1)	1738	108
PB2|PP755596.1|A/cattle/Texas/24-008749-003/2024(H5N1)	1739	108
PB2|PP755596.1|A/cattle/Texas/24-008749-003/2024(H5N1)	1740	108
PB2|PP755596.1|A/cattle/Texas/24-008749-003/2024(H5N1)	1741	108
PB2|PP755596.1|A/cattle/Texas/24-008749-003/2024(H5N1)	1742	108
PB2|PP755596.1|A/cattle/Texas/24-008749-003/2024(H5N1)	1743	110
PB2|PP755596.1|A/cattle/Texas/24-008749-003/2024(H5N1)	1744	111
PB2|PP755596.1|A/cattle/Texas/24-008749-003/2024(H5N1)	1745	112
PB2|PP755596.1|A/cattle/Texas/24-008749-003/2024(H5N1)	1746	112
PB2|PP755596.1|A/cattle/Texas/24-008749-003/2024(H5N1)	1747	109
PB2|PP755596.1|A/cattle/Texas/24-008749-003/2024(H5N1)	1748	109
PB2|PP755596.1|A/cattle/Texas/24-008749-003/2024(H5N1)	1749	107
PB2|PP755596.1|A/cattle/Texas/24-008749-003/2024(H5N1)	1750	108
PB2|PP755596.1|A/cattle/Texas/24-008749-003/2024(H5N1)	1751	107
PB2|PP755596.1|A/cattle/Texas/24-008749-003/2024(H5N1)	1752	109
PB2|PP755596.1|A/cattle/Texas/24-008749-003/2024(H5N1)	1753	109
PB2|PP755596.1|A/cattle/Texas/24-008749-003/2024(H5N1)	1754	107
PB2|PP755596.1|A/cattle/Texas/24-008749-003/2024(H5N1)	1755	107
PB2|PP755596.1|A/cattle/Texas/24-008749-003/2024(H5N1)	1756	107
PB2|PP755596.1|A/cattle/Texas/24-008749-003/2024(H5N1)	1757	107
PB2|PP755596.1|A/cattle/Texas/24-008749-003/2024(H5N1)	1758	107
PB2|PP755596.1|A/cattle/Texas/24-008749-003/2024(H5N1)	1759	107
PB2|PP755596.1|A/cattle/Texas/24-008749-003/2024(H5N1)	1760	107
PB2|PP755596.1|A/cattle/Texas/24-008749-003/2024(H5N1)	1761	107
PB2|PP755596.1|A/cattle/Texas/24-008749-003/2024(H5N1)	1762	106
PB2|PP755596.1|A/cattle/Texas/24-008749-003/2024(H5N1)	1763	106
PB2|PP755596.1|A/cattle/Texas/24-008749-003/2024(H5N1)	1764	105
PB2|PP755596.1|A/cattle/Texas/24-008749-003/2024(H5N1)	1765	105
PB2|PP755596.1|A/cattle/Texas/24-008749-003/2024(H5N1)	1766	103
PB2|PP755596.1|A/cattle/Texas/24-008749-003/2024(H5N1)	1767	109
PB2|PP755596.1|A/cattle/Texas/24-008749-003/2024(H5N1)	1768	122
PB2|PP755596.1|A/cattle/Texas/24-008749-003/2024(H5N1)	1769	124
PB2|PP755596.1|A/cattle/Texas/24-008749-003/2024(H5N1)	1770	124
PB2|PP755596.1|A/cattle/Texas/24-008749-003/2024(H5N1)	1771	126
PB2|PP755596.1|A/cattle/Texas/24-008749-003/2024(H5N1)	1772	128
PB2|PP755596.1|A/cattle/Texas/24-008749-003/2024(H5N1)	1773	128
PB2|PP755596.1|A/cattle/Texas/24-008749-003/2024(H5N1)	1774	129
PB2|PP755596.1|A/cattle/Texas/24-008749-003/2024(H5N1)	1775	132
PB2|PP755596.1|A/cattle/Texas/24-008749-003/2024(H5N1)	1776	133
PB2|PP755596.1|A/cattle/Texas/24-008749-003/2024(H5N1)	1777	125
PB2|PP755596.1|A/cattle/Texas/24-008749-003/2024(H5N1)	1778	125
PB2|PP755596.1|A/cattle/Texas/24-008749-003/2024(H5N1)	1779	126
PB2|PP755596.1|A/cattle/Texas/24-008749-003/2024(H5N1)	1780	127
PB2|PP755596.1|A/cattle/Texas/24-008749-003/2024(H5N1)	1781	128
PB2|PP755596.1|A/cattle/Texas/24-008749-003/2024(H5N1)	1782	126
PB2|PP755596.1|A/cattle/Texas/24-008749-003/2024(H5N1)	1783	126
PB2|PP755596.1|A/cattle/Texas/24-008749-003/2024(H5N1)	1784	126
PB2|PP755596.1|A/cattle/Texas/24-008749-003/2024(H5N1)	1785	126
PB2|PP755596.1|A/cattle/Texas/24-008749-003/2024(H5N1)	1786	127
PB2|PP755596.1|A/cattle/Texas/24-008749-003/2024(H5N1)	1787	128
PB2|PP755596.1|A/cattle/Texas/24-008749-003/2024(H5N1)	1788	128
PB2|PP755596.1|A/cattle/Texas/24-008749-003/2024(H5N1)	1789	127
PB2|PP755596.1|A/cattle/Texas/24-008749-003/2024(H5N1)	1790	127
PB2|PP755596.1|A/cattle/Texas/24-008749-003/2024(H5N1)	1791	127
PB2|PP755596.1|A/cattle/Texas/24-008749-003/2024(H5N1)	1792	128
PB2|PP755596.1|A/cattle/Texas/24-008749-003/2024(H5N1)	1793	129
PB2|PP755596.1|A/cattle/Texas/24-008749-003/2024(H5N1)	1794	138
PB2|PP755596.1|A/cattle/Texas/24-008749-003/2024(H5N1)	1795	142
PB2|PP755596.1|A/cattle/Texas/24-008749-003/2024(H5N1)	1796	144
PB2|PP755596.1|A/cattle/Texas/24-008749-003/2024(H5N1)	1797	144
PB2|PP755596.1|A/cattle/Texas/24-008749-003/2024(H5N1)	1798	145
PB2|PP755596.1|A/cattle/Texas/24-008749-003/2024(H5N1)	1799	144
PB2|PP755596.1|A/cattle/Texas/24-008749-003/2024(H5N1)	1800	144
PB2|PP755596.1|A/cattle/Texas/24-008749-003/2024(H5N1)	1801	150
PB2|PP755596.1|A/cattle/Texas/24-008749-003/2024(H5N1)	1802	149
PB2|PP755596.1|A/cattle/Texas/24-008749-003/2024(H5N1)	1803	149
PB2|PP755596.1|A/cattle/Texas/24-008749-003/2024(H5N1)	1804	150
PB2|PP755596.1|A/cattle/Texas/24-008749-003/2024(H5N1)	1805	149
PB2|PP755596.1|A/cattle/Texas/24-008749-003/2024(H5N1)	1806	147
PB2|PP755596.1|A/cattle/Texas/24-008749-003/2024(H5N1)	1807	146
PB2|PP755596.1|A/cattle/Texas/24-008749-003/2024(H5N1)	1808	148
PB2|PP755596.1|A/cattle/Texas/24-008749-003/2024(H5N1)	1809	148
PB2|PP755596.1|A/cattle/Texas/24-008749-003/2024(H5N1)	1810	151
PB2|PP755596.1|A/cattle/Texas/24-008749-003/2024(H5N1)	1811	151
PB2|PP755596.1|A/cattle/Texas/24-008749-003/2024(H5N1)	1812	154
PB2|PP755596.1|A/cattle/Texas/24-008749-003/2024(H5N1)	1813	154
PB2|PP755596.1|A/cattle/Texas/24-008749-003/2024(H5N1)	1814	156
PB2|PP755596.1|A/cattle/Texas/24-008749-003/2024(H5N1)	1815	156
PB2|PP755596.1|A/cattle/Texas/24-008749-003/2024(H5N1)	1816	157
PB2|PP755596.1|A/cattle/Texas/24-008749-003/2024(H5N1)	1817	157
PB2|PP755596.1|A/cattle/Texas/24-008749-003/2024(H5N1)	1818	158
PB2|PP755596.1|A/cattle/Texas/24-008749-003/2024(H5N1)	1819	157
PB2|PP755596.1|A/cattle/Texas/24-008749-003/2024(H5N1)	1820	157
PB2|PP755596.1|A/cattle/Texas/24-008749-003/2024(H5N1)	1821	158
PB2|PP755596.1|A/cattle/Texas/24-008749-003/2024(H5N1)	1822	160
PB2|PP755596.1|A/cattle/Texas/24-008749-003/2024(H5N1)	1823	157
PB2|PP755596.1|A/cattle/Texas/24-008749-003/2024(H5N1)	1824	158
PB2|PP755596.1|A/cattle/Texas/24-008749-003/2024(H5N1)	1825	158
PB2|PP755596.1|A/cattle/Texas/24-008749-003/2024(H5N1)	1826	160
PB2|PP755596.1|A/cattle/Texas/24-008749-003/2024(H5N1)	1827	163
PB2|PP755596.1|A/cattle/Texas/24-008749-003/2024(H5N1)	1828	163
PB2|PP755596.1|A/cattle/Texas/24-008749-003/2024(H5N1)	1829	162
PB2|PP755596.1|A/cattle/Texas/24-008749-003/2024(H5N1)	1830	161
PB2|PP755596.1|A/cattle/Texas/24-008749-003/2024(H5N1)	1831	162
PB2|PP755596.1|A/cattle/Texas/24-008749-003/2024(H5N1)	1832	165
PB2|PP755596.1|A/cattle/Texas/24-008749-003/2024(H5N1)	1833	169
PB2|PP755596.1|A/cattle/Texas/24-008749-003/2024(H5N1)	1834	168
PB2|PP755596.1|A/cattle/Texas/24-008749-003/2024(H5N1)	1835	168
PB2|PP755596.1|A/cattle/Texas/24-008749-003/2024(H5N1)	1836	165
PB2|PP755596.1|A/cattle/Texas/24-008749-003/2024(H5N1)	1837	193
PB2|PP755596.1|A/cattle/Texas/24-008749-003/2024(H5N1)	1838	193
PB2|PP755596.1|A/cattle/Texas/24-008749-003/2024(H5N1)	1839	194
PB2|PP755596.1|A/cattle/Texas/24-008749-003/2024(H5N1)	1840	196
PB2|PP755596.1|A/cattle/Texas/24-008749-003/2024(H5N1)	1841	196
PB2|PP755596.1|A/cattle/Texas/24-008749-003/2024(H5N1)	1842	199
PB2|PP755596.1|A/cattle/Texas/24-008749-003/2024(H5N1)	1843	199
PB2|PP755596.1|A/cattle/Texas/24-008749-003/2024(H5N1)	1844	198
PB2|PP755596.1|A/cattle/Texas/24-008749-003/2024(H5N1)	1845	196
PB2|PP755596.1|A/cattle/Texas/24-008749-003/2024(H5N1)	1846	195
PB2|PP755596.1|A/cattle/Texas/24-008749-003/2024(H5N1)	1847	195
PB2|PP755596.1|A/cattle/Texas/24-008749-003/2024(H5N1)	1848	195
PB2|PP755596.1|A/cattle/Texas/24-008749-003/2024(H5N1)	1849	195
PB2|PP755596.1|A/cattle/Texas/24-008749-003/2024(H5N1)	1850	195
PB2|PP755596.1|A/cattle/Texas/24-008749-003/2024(H5N1)	1851	196
PB2|PP755596.1|A/cattle/Texas/24-008749-003/2024(H5N1)	1852	198
PB2|PP755596.1|A/cattle/Texas/24-008749-003/2024(H5N1)	1853	195
PB2|PP755596.1|A/cattle/Texas/24-008749-003/2024(H5N1)	1854	194
PB2|PP755596.1|A/cattle/Texas/24-008749-003/2024(H5N1)	1855	192
PB2|PP755596.1|A/cattle/Texas/24-008749-003/2024(H5N1)	1856	192
PB2|PP755596.1|A/cattle/Texas/24-008749-003/2024(H5N1)	1857	197
PB2|PP755596.1|A/cattle/Texas/24-008749-003/2024(H5N1)	1858	199
PB2|PP755596.1|A/cattle/Texas/24-008749-003/2024(H5N1)	1859	201
PB2|PP755596.1|A/cattle/Texas/24-008749-003/2024(H5N1)	1860	203
PB2|PP755596.1|A/cattle/Texas/24-008749-003/2024(H5N1)	1861	205
PB2|PP755596.1|A/cattle/Texas/24-008749-003/2024(H5N1)	1862	205
PB2|PP755596.1|A/cattle/Texas/24-008749-003/2024(H5N1)	1863	205
PB2|PP755596.1|A/cattle/Texas/24-008749-003/2024(H5N1)	1864	207
PB2|PP755596.1|A/cattle/Texas/24-008749-003/2024(H5N1)	1865	207
PB2|PP755596.1|A/cattle/Texas/24-008749-003/2024(H5N1)	1866	208
PB2|PP755596.1|A/cattle/Texas/24-008749-003/2024(H5N1)	1867	208
PB2|PP755596.1|A/cattle/Texas/24-008749-003/2024(H5N1)	1868	211
PB2|PP755596.1|A/cattle/Texas/24-008749-003/2024(H5N1)	1869	213
PB2|PP755596.1|A/cattle/Texas/24-008749-003/2024(H5N1)	1870	228
PB2|PP755596.1|A/cattle/Texas/24-008749-003/2024(H5N1)	1871	227
PB2|PP755596.1|A/cattle/Texas/24-008749-003/2024(H5N1)	1872	231
PB2|PP755596.1|A/cattle/Texas/24-008749-003/2024(H5N1)	1873	231
PB2|PP755596.1|A/cattle/Texas/24-008749-003/2024(H5N1)	1874	233
PB2|PP755596.1|A/cattle/Texas/24-008749-003/2024(H5N1)	1875	233
PB2|PP755596.1|A/cattle/Texas/24-008749-003/2024(H5N1)	1876	235
PB2|PP755596.1|A/cattle/Texas/24-008749-003/2024(H5N1)	1877	236
PB2|PP755596.1|A/cattle/Texas/24-008749-003/2024(H5N1)	1878	236
PB2|PP755596.1|A/cattle/Texas/24-008749-003/2024(H5N1)	1879	236
PB2|PP755596.1|A/cattle/Texas/24-008749-003/2024(H5N1)	1880	237
PB2|PP755596.1|A/cattle/Texas/24-008749-003/2024(H5N1)	1881	240
PB2|PP755596.1|A/cattle/Texas/24-008749-003/2024(H5N1)	1882	242
PB2|PP755596.1|A/cattle/Texas/24-008749-003/2024(H5N1)	1883	242
PB2|PP755596.1|A/cattle/Texas/24-008749-003/2024(H5N1)	1884	244
PB2|PP755596.1|A/cattle/Texas/24-008749-003/2024(H5N1)	1885	244
PB2|PP755596.1|A/cattle/Texas/24-008749-003/2024(H5N1)	1886	250
PB2|PP755596.1|A/cattle/Texas/24-008749-003/2024(H5N1)	1887	250
PB2|PP755596.1|A/cattle/Texas/24-008749-003/2024(H5N1)	1888	248
PB2|PP755596.1|A/cattle/Texas/24-008749-003/2024(H5N1)	1889	247
PB2|PP755596.1|A/cattle/Texas/24-008749-003/2024(H5N1)	1890	241
PB2|PP755596.1|A/cattle/Texas/24-008749-003/2024(H5N1)	1891	240
PB2|PP755596.1|A/cattle/Texas/24-008749-003/2024(H5N1)	1892	240
PB2|PP755596.1|A/cattle/Texas/24-008749-003/2024(H5N1)	1893	240
PB2|PP755596.1|A/cattle/Texas/24-008749-003/2024(H5N1)	1894	240
PB2|PP755596.1|A/cattle/Texas/24-008749-003/2024(H5N1)	1895	240
PB2|PP755596.1|A/cattle/Texas/24-008749-003/2024(H5N1)	1896	242
PB2|PP755596.1|A/cattle/Texas/24-008749-003/2024(H5N1)	1897	253
PB2|PP755596.1|A/cattle/Texas/24-008749-003/2024(H5N1)	1898	254
PB2|PP755596.1|A/cattle/Texas/24-008749-003/2024(H5N1)	1899	254
PB2|PP755596.1|A/cattle/Texas/24-008749-003/2024(H5N1)	1900	254
PB2|PP755596.1|A/cattle/Texas/24-008749-003/2024(H5N1)	1901	255
PB2|PP755596.1|A/cattle/Texas/24-008749-003/2024(H5N1)	1902	256
PB2|PP755596.1|A/cattle/Texas/24-008749-003/2024(H5N1)	1903	256
PB2|PP755596.1|A/cattle/Texas/24-008749-003/2024(H5N1)	1904	260
PB2|PP755596.1|A/cattle/Texas/24-008749-003/2024(H5N1)	1905	260
PB2|PP755596.1|A/cattle/Texas/24-008749-003/2024(H5N1)	1906	263
PB2|PP755596.1|A/cattle/Texas/24-008749-003/2024(H5N1)	1907	261
PB2|PP755596.1|A/cattle/Texas/24-008749-003/2024(H5N1)	1908	269
PB2|PP755596.1|A/cattle/Texas/24-008749-003/2024(H5N1)	1909	270
PB2|PP755596.1|A/cattle/Texas/24-008749-003/2024(H5N1)	1910	272
PB2|PP755596.1|A/cattle/Texas/24-008749-003/2024(H5N1)	1911	268
PB2|PP755596.1|A/cattle/Texas/24-008749-003/2024(H5N1)	1912	269
PB2|PP755596.1|A/cattle/Texas/24-008749-003/2024(H5N1)	1913	270
PB2|PP755596.1|A/cattle/Texas/24-008749-003/2024(H5N1)	1914	272
PB2|PP755596.1|A/cattle/Texas/24-008749-003/2024(H5N1)	1915	273
PB2|PP755596.1|A/cattle/Texas/24-008749-003/2024(H5N1)	1916	274
PB2|PP755596.1|A/cattle/Texas/24-008749-003/2024(H5N1)	1917	276
PB2|PP755596.1|A/cattle/Texas/24-008749-003/2024(H5N1)	1918	279
PB2|PP755596.1|A/cattle/Texas/24-008749-003/2024(H5N1)	1919	279
PB2|PP755596.1|A/cattle/Texas/24-008749-003/2024(H5N1)	1920	278
PB2|PP755596.1|A/cattle/Texas/24-008749-003/2024(H5N1)	1921	289
PB2|PP755596.1|A/cattle/Texas/24-008749-003/2024(H5N1)	1922	291
PB2|PP755596.1|A/cattle/Texas/24-008749-003/2024(H5N1)	1923	343
PB2|PP755596.1|A/cattle/Texas/24-008749-003/2024(H5N1)	1924	336
PB2|PP755596.1|A/cattle/Texas/24-008749-003/2024(H5N1)	1925	338
PB2|PP755596.1|A/cattle/Texas/24-008749-003/2024(H5N1)	1926	338
PB2|PP755596.1|A/cattle/Texas/24-008749-003/2024(H5N1)	1927	339
PB2|PP755596.1|A/cattle/Texas/24-008749-003/2024(H5N1)	1928	341
PB2|PP755596.1|A/cattle/Texas/24-008749-003/2024(H5N1)	1929	341
PB2|PP755596.1|A/cattle/Texas/24-008749-003/2024(H5N1)	1930	350
PB2|PP755596.1|A/cattle/Texas/24-008749-003/2024(H5N1)	1931	351
PB2|PP755596.1|A/cattle/Texas/24-008749-003/2024(H5N1)	1932	349
PB2|PP755596.1|A/cattle/Texas/24-008749-003/2024(H5N1)	1933	348
PB2|PP755596.1|A/cattle/Texas/24-008749-003/2024(H5N1)	1934	341
PB2|PP755596.1|A/cattle/Texas/24-008749-003/2024(H5N1)	1935	344
PB2|PP755596.1|A/cattle/Texas/24-008749-003/2024(H5N1)	1936	344
PB2|PP755596.1|A/cattle/Texas/24-008749-003/2024(H5N1)	1937	344
PB2|PP755596.1|A/cattle/Texas/24-008749-003/2024(H5N1)	1938	337
PB2|PP755596.1|A/cattle/Texas/24-008749-003/2024(H5N1)	1939	335
PB2|PP755596.1|A/cattle/Texas/24-008749-003/2024(H5N1)	1940	338
PB2|PP755596.1|A/cattle/Texas/24-008749-003/2024(H5N1)	1941	338
PB2|PP755596.1|A/cattle/Texas/24-008749-003/2024(H5N1)	1942	338
PB2|PP755596.1|A/cattle/Texas/24-008749-003/2024(H5N1)	1943	340
PB2|PP755596.1|A/cattle/Texas/24-008749-003/2024(H5N1)	1944	354
PB2|PP755596.1|A/cattle/Texas/24-008749-003/2024(H5N1)	1945	364
PB2|PP755596.1|A/cattle/Texas/24-008749-003/2024(H5N1)	1946	431
PB2|PP755596.1|A/cattle/Texas/24-008749-003/2024(H5N1)	1947	432
PB2|PP755596.1|A/cattle/Texas/24-008749-003/2024(H5N1)	1948	433
PB2|PP755596.1|A/cattle/Texas/24-008749-003/2024(H5N1)	1949	435
PB2|PP755596.1|A/cattle/Texas/24-008749-003/2024(H5N1)	1950	437
PB2|PP755596.1|A/cattle/Texas/24-008749-003/2024(H5N1)	1951	438
PB2|PP755596.1|A/cattle/Texas/24-008749-003/2024(H5N1)	1952	442
PB2|PP755596.1|A/cattle/Texas/24-008749-003/2024(H5N1)	1953	447
PB2|PP755596.1|A/cattle/Texas/24-008749-003/2024(H5N1)	1954	445
PB2|PP755596.1|A/cattle/Texas/24-008749-003/2024(H5N1)	1955	458
PB2|PP755596.1|A/cattle/Texas/24-008749-003/2024(H5N1)	1956	457
PB2|PP755596.1|A/cattle/Texas/24-008749-003/2024(H5N1)	1957	456
PB2|PP755596.1|A/cattle/Texas/24-008749-003/2024(H5N1)	1958	459
PB2|PP755596.1|A/cattle/Texas/24-008749-003/2024(H5N1)	1959	458
PB2|PP755596.1|A/cattle/Texas/24-008749-003/2024(H5N1)	1960	458
PB2|PP755596.1|A/cattle/Texas/24-008749-003/2024(H5N1)	1961	458
PB2|PP755596.1|A/cattle/Texas/24-008749-003/2024(H5N1)	1962	455
PB2|PP755596.1|A/cattle/Texas/24-008749-003/2024(H5N1)	1963	456
PB2|PP755596.1|A/cattle/Texas/24-008749-003/2024(H5N1)	1964	451
PB2|PP755596.1|A/cattle/Texas/24-008749-003/2024(H5N1)	1965	458
PB2|PP755596.1|A/cattle/Texas/24-008749-003/2024(H5N1)	1966	457
PB2|PP755596.1|A/cattle/Texas/24-008749-003/2024(H5N1)	1967	458
PB2|PP755596.1|A/cattle/Texas/24-008749-003/2024(H5N1)	1968	456
PB2|PP755596.1|A/cattle/Texas/24-008749-003/2024(H5N1)	1969	458
PB2|PP755596.1|A/cattle/Texas/24-008749-003/2024(H5N1)	1970	462
PB2|PP755596.1|A/cattle/Texas/24-008749-003/2024(H5N1)	1971	462
PB2|PP755596.1|A/cattle/Texas/24-008749-003/2024(H5N1)	1972	460
PB2|PP755596.1|A/cattle/Texas/24-008749-003/2024(H5N1)	1973	475
PB2|PP755596.1|A/cattle/Texas/24-008749-003/2024(H5N1)	1974	483
PB2|PP755596.1|A/cattle/Texas/24-008749-003/2024(H5N1)	1975	485
PB2|PP755596.1|A/cattle/Texas/24-008749-003/2024(H5N1)	1976	485
PB2|PP755596.1|A/cattle/Texas/24-008749-003/2024(H5N1)	1977	486
PB2|PP755596.1|A/cattle/Texas/24-008749-003/2024(H5N1)	1978	486
PB2|PP755596.1|A/cattle/Texas/24-008749-003/2024(H5N1)	1979	486
PB2|PP755596.1|A/cattle/Texas/24-008749-003/2024(H5N1)	1980	492
PB2|PP755596.1|A/cattle/Texas/24-008749-003/2024(H5N1)	1981	518
PB2|PP755596.1|A/cattle/Texas/24-008749-003/2024(H5N1)	1982	520
PB2|PP755596.1|A/cattle/Texas/24-008749-003/2024(H5N1)	1983	521
PB2|PP755596.1|A/cattle/Texas/24-008749-003/2024(H5N1)	1984	523
PB2|PP755596.1|A/cattle/Texas/24-008749-003/2024(H5N1)	1985	526
PB2|PP755596.1|A/cattle/Texas/24-008749-003/2024(H5N1)	1986	531
PB2|PP755596.1|A/cattle/Texas/24-008749-003/2024(H5N1)	1987	531
PB2|PP755596.1|A/cattle/Texas/24-008749-003/2024(H5N1)	1988	530
PB2|PP755596.1|A/cattle/Texas/24-008749-003/2024(H5N1)	1989	584
PB2|PP755596.1|A/cattle/Texas/24-008749-003/2024(H5N1)	1990	589
PB2|PP755596.1|A/cattle/Texas/24-008749-003/2024(H5N1)	1991	592
PB2|PP755596.1|A/cattle/Texas/24-008749-003/2024(H5N1)	1992	596
PB2|PP755596.1|A/cattle/Texas/24-008749-003/2024(H5N1)	1993	601
PB2|PP755596.1|A/cattle/Texas/24-008749-003/2024(H5N1)	1994	597
PB2|PP755596.1|A/cattle/Texas/24-008749-003/2024(H5N1)	1995	598
PB2|PP755596.1|A/cattle/Texas/24-008749-003/2024(H5N1)	1996	600
PB2|PP755596.1|A/cattle/Texas/24-008749-003/2024(H5N1)	1997	601
PB2|PP755596.1|A/cattle/Texas/24-008749-003/2024(H5N1)	1998	599
PB2|PP755596.1|A/cattle/Texas/24-008749-003/2024(H5N1)	1999	604
PB2|PP755596.1|A/cattle/Texas/24-008749-003/2024(H5N1)	2000	604
PB2|PP755596.1|A/cattle/Texas/24-008749-003/2024(H5N1)	2001	603
PB2|PP755596.1|A/cattle/Texas/24-008749-003/2024(H5N1)	2002	602
PB2|PP755596.1|A/cattle/Texas/24-008749-003/2024(H5N1)	2003	602
PB2|PP755596.1|A/cattle/Texas/24-008749-003/2024(H5N1)	2004	602
PB2|PP755596.1|A/cattle/Texas/24-008749-003/2024(H5N1)	2005	605
PB2|PP755596.1|A/cattle/Texas/24-008749-003/2024(H5N1)	2006	614
PB2|PP755596.1|A/cattle/Texas/24-008749-003/2024(H5N1)	2007	615
PB2|PP755596.1|A/cattle/Texas/24-008749-003/2024(H5N1)	2008	619
PB2|PP755596.1|A/cattle/Texas/24-008749-003/2024(H5N1)	2009	618
PB2|PP755596.1|A/cattle/Texas/24-008749-003/2024(H5N1)	2010	616
PB2|PP755596.1|A/cattle/Texas/24-008749-003/2024(H5N1)	2011	614
PB2|PP755596.1|A/cattle/Texas/24-008749-003/2024(H5N1)	2012	614
PB2|PP755596.1|A/cattle/Texas/24-008749-003/2024(H5N1)	2013	615
PB2|PP755596.1|A/cattle/Texas/24-008749-003/2024(H5N1)	2014	615
PB2|PP755596.1|A/cattle/Texas/24-008749-003/2024(H5N1)	2015	607
PB2|PP755596.1|A/cattle/Texas/24-008749-003/2024(H5N1)	2016	607
PB2|PP755596.1|A/cattle/Texas/24-008749-003/2024(H5N1)	2017	623
PB2|PP755596.1|A/cattle/Texas/24-008749-003/2024(H5N1)	2018	620
PB2|PP755596.1|A/cattle/Texas/24-008749-003/2024(H5N1)	2019	617
PB2|PP755596.1|A/cattle/Texas/24-008749-003/2024(H5N1)	2020	620
PB2|PP755596.1|A/cattle/Texas/24-008749-003/2024(H5N1)	2021	617
PB2|PP755596.1|A/cattle/Texas/24-008749-003/2024(H5N1)	2022	619
PB2|PP755596.1|A/cattle/Texas/24-008749-003/2024(H5N1)	2023	619
PB2|PP755596.1|A/cattle/Texas/24-008749-003/2024(H5N1)	2024	613
PB2|PP755596.1|A/cattle/Texas/24-008749-003/2024(H5N1)	2025	615
PB2|PP755596.1|A/cattle/Texas/24-008749-003/2024(H5N1)	2026	616
PB2|PP755596.1|A/cattle/Texas/24-008749-003/2024(H5N1)	2027	626
PB2|PP755596.1|A/cattle/Texas/24-008749-003/2024(H5N1)	2028	628
PB2|PP755596.1|A/cattle/Texas/24-008749-003/2024(H5N1)	2029	631
PB2|PP755596.1|A/cattle/Texas/24-008749-003/2024(H5N1)	2030	635
PB2|PP755596.1|A/cattle/Texas/24-008749-003/2024(H5N1)	2031	633
PB2|PP755596.1|A/cattle/Texas/24-008749-003/2024(H5N1)	2032	635
PB2|PP755596.1|A/cattle/Texas/24-008749-003/2024(H5N1)	2033	637
PB2|PP755596.1|A/cattle/Texas/24-008749-003/2024(H5N1)	2034	628
PB2|PP755596.1|A/cattle/Texas/24-008749-003/2024(H5N1)	2035	631
PB2|PP755596.1|A/cattle/Texas/24-008749-003/2024(H5N1)	2036	625
PB2|PP755596.1|A/cattle/Texas/24-008749-003/2024(H5N1)	2037	614
PB2|PP755596.1|A/cattle/Texas/24-008749-003/2024(H5N1)	2038	618
PB2|PP755596.1|A/cattle/Texas/24-008749-003/2024(H5N1)	2039	623
PB2|PP755596.1|A/cattle/Texas/24-008749-003/2024(H5N1)	2040	624
PB2|PP755596.1|A/cattle/Texas/24-008749-003/2024(H5N1)	2041	624
PB2|PP755596.1|A/cattle/Texas/24-008749-003/2024(H5N1)	2042	624
PB2|PP755596.1|A/cattle/Texas/24-008749-003/2024(H5N1)	2043	623
PB2|PP755596.1|A/cattle/Texas/24-008749-003/2024(H5N1)	2044	623
PB2|PP755596.1|A/cattle/Texas/24-008749-003/2024(H5N1)	2045	623
PB2|PP755596.1|A/cattle/Texas/24-008749-003/2024(H5N1)	2046	614
PB2|PP755596.1|A/cattle/Texas/24-008749-003/2024(H5N1)	2047	604
PB2|PP755596.1|A/cattle/Texas/24-008749-003/2024(H5N1)	2048	604
PB2|PP755596.1|A/cattle/Texas/24-008749-003/2024(H5N1)	2049	600
PB2|PP755596.1|A/cattle/Texas/24-008749-003/2024(H5N1)	2050	604
PB2|PP755596.1|A/cattle/Texas/24-008749-003/2024(H5N1)	2051	610
PB2|PP755596.1|A/cattle/Texas/24-008749-003/2024(H5N1)	2052	605
PB2|PP755596.1|A/cattle/Texas/24-008749-003/2024(H5N1)	2053	609
PB2|PP755596.1|A/cattle/Texas/24-008749-003/2024(H5N1)	2054	614
PB2|PP755596.1|A/cattle/Texas/24-008749-003/2024(H5N1)	2055	616
PB2|PP755596.1|A/cattle/Texas/24-008749-003/2024(H5N1)	2056	613
PB2|PP755596.1|A/cattle/Texas/24-008749-003/2024(H5N1)	2057	614
PB2|PP755596.1|A/cattle/Texas/24-008749-003/2024(H5N1)	2058	614
PB2|PP755596.1|A/cattle/Texas/24-008749-003/2024(H5N1)	2059	612
PB2|PP755596.1|A/cattle/Texas/24-008749-003/2024(H5N1)	2060	602
PB2|PP755596.1|A/cattle/Texas/24-008749-003/2024(H5N1)	2061	604
PB2|PP755596.1|A/cattle/Texas/24-008749-003/2024(H5N1)	2062	599
PB2|PP755596.1|A/cattle/Texas/24-008749-003/2024(H5N1)	2063	618
PB2|PP755596.1|A/cattle/Texas/24-008749-003/2024(H5N1)	2064	618
PB2|PP755596.1|A/cattle/Texas/24-008749-003/2024(H5N1)	2065	627
PB2|PP755596.1|A/cattle/Texas/24-008749-003/2024(H5N1)	2066	623
PB2|PP755596.1|A/cattle/Texas/24-008749-003/2024(H5N1)	2067	616
PB2|PP755596.1|A/cattle/Texas/24-008749-003/2024(H5N1)	2068	636
PB2|PP755596.1|A/cattle/Texas/24-008749-003/2024(H5N1)	2069	644
PB2|PP755596.1|A/cattle/Texas/24-008749-003/2024(H5N1)	2070	730
PB2|PP755596.1|A/cattle/Texas/24-008749-003/2024(H5N1)	2071	728
PB2|PP755596.1|A/cattle/Texas/24-008749-003/2024(H5N1)	2072	729
PB2|PP755596.1|A/cattle/Texas/24-008749-003/2024(H5N1)	2073	730
PB2|PP755596.1|A/cattle/Texas/24-008749-003/2024(H5N1)	2074	727
PB2|PP755596.1|A/cattle/Texas/24-008749-003/2024(H5N1)	2075	729
PB2|PP755596.1|A/cattle/Texas/24-008749-003/2024(H5N1)	2076	722
PB2|PP755596.1|A/cattle/Texas/24-008749-003/2024(H5N1)	2077	708
PB2|PP755596.1|A/cattle/Texas/24-008749-003/2024(H5N1)	2078	691
PB2|PP755596.1|A/cattle/Texas/24-008749-003/2024(H5N1)	2079	683
PB2|PP755596.1|A/cattle/Texas/24-008749-003/2024(H5N1)	2080	685
PB2|PP755596.1|A/cattle/Texas/24-008749-003/2024(H5N1)	2081	683
PB2|PP755596.1|A/cattle/Texas/24-008749-003/2024(H5N1)	2082	689
PB2|PP755596.1|A/cattle/Texas/24-008749-003/2024(H5N1)	2083	693
PB2|PP755596.1|A/cattle/Texas/24-008749-003/2024(H5N1)	2084	694
PB2|PP755596.1|A/cattle/Texas/24-008749-003/2024(H5N1)	2085	696
PB2|PP755596.1|A/cattle/Texas/24-008749-003/2024(H5N1)	2086	698
PB2|PP755596.1|A/cattle/Texas/24-008749-003/2024(H5N1)	2087	697
PB2|PP755596.1|A/cattle/Texas/24-008749-003/2024(H5N1)	2088	683
PB2|PP755596.1|A/cattle/Texas/24-008749-003/2024(H5N1)	2089	683
PB2|PP755596.1|A/cattle/Texas/24-008749-003/2024(H5N1)	2090	682
PB2|PP755596.1|A/cattle/Texas/24-008749-003/2024(H5N1)	2091	686
PB2|PP755596.1|A/cattle/Texas/24-008749-003/2024(H5N1)	2092	688
PB2|PP755596.1|A/cattle/Texas/24-008749-003/2024(H5N1)	2093	687
PB2|PP755596.1|A/cattle/Texas/24-008749-003/2024(H5N1)	2094	683
PB2|PP755596.1|A/cattle/Texas/24-008749-003/2024(H5N1)	2095	683
PB2|PP755596.1|A/cattle/Texas/24-008749-003/2024(H5N1)	2096	689
PB2|PP755596.1|A/cattle/Texas/24-008749-003/2024(H5N1)	2097	688
PB2|PP755596.1|A/cattle/Texas/24-008749-003/2024(H5N1)	2098	691
PB2|PP755596.1|A/cattle/Texas/24-008749-003/2024(H5N1)	2099	694
PB2|PP755596.1|A/cattle/Texas/24-008749-003/2024(H5N1)	2100	694
PB2|PP755596.1|A/cattle/Texas/24-008749-003/2024(H5N1)	2101	700
PB2|PP755596.1|A/cattle/Texas/24-008749-003/2024(H5N1)	2102	699
PB2|PP755596.1|A/cattle/Texas/24-008749-003/2024(H5N1)	2103	699
PB2|PP755596.1|A/cattle/Texas/24-008749-003/2024(H5N1)	2104	698
PB2|PP755596.1|A/cattle/Texas/24-008749-003/2024(H5N1)	2105	696
PB2|PP755596.1|A/cattle/Texas/24-008749-003/2024(H5N1)	2106	699
PB2|PP755596.1|A/cattle/Texas/24-008749-003/2024(H5N1)	2107	692
PB2|PP755596.1|A/cattle/Texas/24-008749-003/2024(H5N1)	2108	694
PB2|PP755596.1|A/cattle/Texas/24-008749-003/2024(H5N1)	2109	695
PB2|PP755596.1|A/cattle/Texas/24-008749-003/2024(H5N1)	2110	698
PB2|PP755596.1|A/cattle/Texas/24-008749-003/2024(H5N1)	2111	700
PB2|PP755596.1|A/cattle/Texas/24-008749-003/2024(H5N1)	2112	694
PB2|PP755596.1|A/cattle/Texas/24-008749-003/2024(H5N1)	2113	691
PB2|PP755596.1|A/cattle/Texas/24-008749-003/2024(H5N1)	2114	707
PB2|PP755596.1|A/cattle/Texas/24-008749-003/2024(H5N1)	2115	705
PB2|PP755596.1|A/cattle/Texas/24-008749-003/2024(H5N1)	2116	688
PB2|PP755596.1|A/cattle/Texas/24-008749-003/2024(H5N1)	2117	683
PB2|PP755596.1|A/cattle/Texas/24-008749-003/2024(H5N1)	2118	663
PB2|PP755596.1|A/cattle/Texas/24-008749-003/2024(H5N1)	2119	671
PB2|PP755596.1|A/cattle/Texas/24-008749-003/2024(H5N1)	2120	673
PB2|PP755596.1|A/cattle/Texas/24-008749-003/2024(H5N1)	2121	671
PB2|PP755596.1|A/cattle/Texas/24-008749-003/2024(H5N1)	2122	668
PB2|PP755596.1|A/cattle/Texas/24-008749-003/2024(H5N1)	2123	653
PB2|PP755596.1|A/cattle/Texas/24-008749-003/2024(H5N1)	2124	654
PB2|PP755596.1|A/cattle/Texas/24-008749-003/2024(H5N1)	2125	656
PB2|PP755596.1|A/cattle/Texas/24-008749-003/2024(H5N1)	2126	656
PB2|PP755596.1|A/cattle/Texas/24-008749-003/2024(H5N1)	2127	652
PB2|PP755596.1|A/cattle/Texas/24-008749-003/2024(H5N1)	2128	643
PB2|PP755596.1|A/cattle/Texas/24-008749-003/2024(H5N1)	2129	645
PB2|PP755596.1|A/cattle/Texas/24-008749-003/2024(H5N1)	2130	639
PB2|PP755596.1|A/cattle/Texas/24-008749-003/2024(H5N1)	2131	639
PB2|PP755596.1|A/cattle/Texas/24-008749-003/2024(H5N1)	2132	639
PB2|PP755596.1|A/cattle/Texas/24-008749-003/2024(H5N1)	2133	627
PB2|PP755596.1|A/cattle/Texas/24-008749-003/2024(H5N1)	2134	626
PB2|PP755596.1|A/cattle/Texas/24-008749-003/2024(H5N1)	2135	620
PB2|PP755596.1|A/cattle/Texas/24-008749-003/2024(H5N1)	2136	624
PB2|PP755596.1|A/cattle/Texas/24-008749-003/2024(H5N1)	2137	620
PB2|PP755596.1|A/cattle/Texas/24-008749-003/2024(H5N1)	2138	611
PB2|PP755596.1|A/cattle/Texas/24-008749-003/2024(H5N1)	2139	619
PB2|PP755596.1|A/cattle/Texas/24-008749-003/2024(H5N1)	2140	618
PB2|PP755596.1|A/cattle/Texas/24-008749-003/2024(H5N1)	2141	618
PB2|PP755596.1|A/cattle/Texas/24-008749-003/2024(H5N1)	2142	614
PB2|PP755596.1|A/cattle/Texas/24-008749-003/2024(H5N1)	2143	611
PB2|PP755596.1|A/cattle/Texas/24-008749-003/2024(H5N1)	2144	607
PB2|PP755596.1|A/cattle/Texas/24-008749-003/2024(H5N1)	2145	606
PB2|PP755596.1|A/cattle/Texas/24-008749-003/2024(H5N1)	2146	599
PB2|PP755596.1|A/cattle/Texas/24-008749-003/2024(H5N1)	2147	599
PB2|PP755596.1|A/cattle/Texas/24-008749-003/2024(H5N1)	2148	600
PB2|PP755596.1|A/cattle/Texas/24-008749-003/2024(H5N1)	2149	603
PB2|PP755596.1|A/cattle/Texas/24-008749-003/2024(H5N1)	2150	603
PB2|PP755596.1|A/cattle/Texas/24-008749-003/2024(H5N1)	2151	617
PB2|PP755596.1|A/cattle/Texas/24-008749-003/2024(H5N1)	2152	616
PB2|PP755596.1|A/cattle/Texas/24-008749-003/2024(H5N1)	2153	593
PB2|PP755596.1|A/cattle/Texas/24-008749-003/2024(H5N1)	2154	595
PB2|PP755596.1|A/cattle/Texas/24-008749-003/2024(H5N1)	2155	590
PB2|PP755596.1|A/cattle/Texas/24-008749-003/2024(H5N1)	2156	590
PB2|PP755596.1|A/cattle/Texas/24-008749-003/2024(H5N1)	2157	583
PB2|PP755596.1|A/cattle/Texas/24-008749-003/2024(H5N1)	2158	585
PB2|PP755596.1|A/cattle/Texas/24-008749-003/2024(H5N1)	2159	581
PB2|PP755596.1|A/cattle/Texas/24-008749-003/2024(H5N1)	2160	580
PB2|PP755596.1|A/cattle/Texas/24-008749-003/2024(H5N1)	2161	574
PB2|PP755596.1|A/cattle/Texas/24-008749-003/2024(H5N1)	2162	578
PB2|PP755596.1|A/cattle/Texas/24-008749-003/2024(H5N1)	2163	564
PB2|PP755596.1|A/cattle/Texas/24-008749-003/2024(H5N1)	2164	564
PB2|PP755596.1|A/cattle/Texas/24-008749-003/2024(H5N1)	2165	563
PB2|PP755596.1|A/cattle/Texas/24-008749-003/2024(H5N1)	2166	561
PB2|PP755596.1|A/cattle/Texas/24-008749-003/2024(H5N1)	2167	558
PB2|PP755596.1|A/cattle/Texas/24-008749-003/2024(H5N1)	2168	556
PB2|PP755596.1|A/cattle/Texas/24-008749-003/2024(H5N1)	2169	555
PB2|PP755596.1|A/cattle/Texas/24-008749-003/2024(H5N1)	2170	555
PB2|PP755596.1|A/cattle/Texas/24-008749-003/2024(H5N1)	2171	551
PB2|PP755596.1|A/cattle/Texas/24-008749-003/2024(H5N1)	2172	546
PB2|PP755596.1|A/cattle/Texas/24-008749-003/2024(H5N1)	2173	542
PB2|PP755596.1|A/cattle/Texas/24-008749-003/2024(H5N1)	2174	536
PB2|PP755596.1|A/cattle/Texas/24-008749-003/2024(H5N1)	2175	538
PB2|PP755596.1|A/cattle/Texas/24-008749-003/2024(H5N1)	2176	544
PB2|PP755596.1|A/cattle/Texas/24-008749-003/2024(H5N1)	2177	544
PB2|PP755596.1|A/cattle/Texas/24-008749-003/2024(H5N1)	2178	542
PB2|PP755596.1|A/cattle/Texas/24-008749-003/2024(H5N1)	2179	538
PB2|PP755596.1|A/cattle/Texas/24-008749-003/2024(H5N1)	2180	537
PB2|PP755596.1|A/cattle/Texas/24-008749-003/2024(H5N1)	2181	533
PB2|PP755596.1|A/cattle/Texas/24-008749-003/2024(H5N1)	2182	532
PB2|PP755596.1|A/cattle/Texas/24-008749-003/2024(H5N1)	2183	525
PB2|PP755596.1|A/cattle/Texas/24-008749-003/2024(H5N1)	2184	521
PB2|PP755596.1|A/cattle/Texas/24-008749-003/2024(H5N1)	2185	523
PB2|PP755596.1|A/cattle/Texas/24-008749-003/2024(H5N1)	2186	525
PB2|PP755596.1|A/cattle/Texas/24-008749-003/2024(H5N1)	2187	524
PB2|PP755596.1|A/cattle/Texas/24-008749-003/2024(H5N1)	2188	513
PB2|PP755596.1|A/cattle/Texas/24-008749-003/2024(H5N1)	2189	509
PB2|PP755596.1|A/cattle/Texas/24-008749-003/2024(H5N1)	2190	508
PB2|PP755596.1|A/cattle/Texas/24-008749-003/2024(H5N1)	2191	508
PB2|PP755596.1|A/cattle/Texas/24-008749-003/2024(H5N1)	2192	504
PB2|PP755596.1|A/cattle/Texas/24-008749-003/2024(H5N1)	2193	498
PB2|PP755596.1|A/cattle/Texas/24-008749-003/2024(H5N1)	2194	500
PB2|PP755596.1|A/cattle/Texas/24-008749-003/2024(H5N1)	2195	484
PB2|PP755596.1|A/cattle/Texas/24-008749-003/2024(H5N1)	2196	483
PB2|PP755596.1|A/cattle/Texas/24-008749-003/2024(H5N1)	2197	474
PB2|PP755596.1|A/cattle/Texas/24-008749-003/2024(H5N1)	2198	468
PB2|PP755596.1|A/cattle/Texas/24-008749-003/2024(H5N1)	2199	468
PB2|PP755596.1|A/cattle/Texas/24-008749-003/2024(H5N1)	2200	467
PB2|PP755596.1|A/cattle/Texas/24-008749-003/2024(H5N1)	2201	467
PB2|PP755596.1|A/cattle/Texas/24-008749-003/2024(H5N1)	2202	466
PB2|PP755596.1|A/cattle/Texas/24-008749-003/2024(H5N1)	2203	460
PB2|PP755596.1|A/cattle/Texas/24-008749-003/2024(H5N1)	2204	459
PB2|PP755596.1|A/cattle/Texas/24-008749-003/2024(H5N1)	2205	457
PB2|PP755596.1|A/cattle/Texas/24-008749-003/2024(H5N1)	2206	451
PB2|PP755596.1|A/cattle/Texas/24-008749-003/2024(H5N1)	2207	452
PB2|PP755596.1|A/cattle/Texas/24-008749-003/2024(H5N1)	2208	449
PB2|PP755596.1|A/cattle/Texas/24-008749-003/2024(H5N1)	2209	446
PB2|PP755596.1|A/cattle/Texas/24-008749-003/2024(H5N1)	2210	445
PB2|PP755596.1|A/cattle/Texas/24-008749-003/2024(H5N1)	2211	445
PB2|PP755596.1|A/cattle/Texas/24-008749-003/2024(H5N1)	2212	445
PB2|PP755596.1|A/cattle/Texas/24-008749-003/2024(H5N1)	2213	444
PB2|PP755596.1|A/cattle/Texas/24-008749-003/2024(H5N1)	2214	443
PB2|PP755596.1|A/cattle/Texas/24-008749-003/2024(H5N1)	2215	443
PB2|PP755596.1|A/cattle/Texas/24-008749-003/2024(H5N1)	2216	441
PB2|PP755596.1|A/cattle/Texas/24-008749-003/2024(H5N1)	2217	441
PB2|PP755596.1|A/cattle/Texas/24-008749-003/2024(H5N1)	2218	441
PB2|PP755596.1|A/cattle/Texas/24-008749-003/2024(H5N1)	2219	438
PB2|PP755596.1|A/cattle/Texas/24-008749-003/2024(H5N1)	2220	436
PB2|PP755596.1|A/cattle/Texas/24-008749-003/2024(H5N1)	2221	435
PB2|PP755596.1|A/cattle/Texas/24-008749-003/2024(H5N1)	2222	436
PB2|PP755596.1|A/cattle/Texas/24-008749-003/2024(H5N1)	2223	436
PB2|PP755596.1|A/cattle/Texas/24-008749-003/2024(H5N1)	2224	436
PB2|PP755596.1|A/cattle/Texas/24-008749-003/2024(H5N1)	2225	435
PB2|PP755596.1|A/cattle/Texas/24-008749-003/2024(H5N1)	2226	428
PB2|PP755596.1|A/cattle/Texas/24-008749-003/2024(H5N1)	2227	428
PB2|PP755596.1|A/cattle/Texas/24-008749-003/2024(H5N1)	2228	426
PB2|PP755596.1|A/cattle/Texas/24-008749-003/2024(H5N1)	2229	426
PB2|PP755596.1|A/cattle/Texas/24-008749-003/2024(H5N1)	2230	427
PB2|PP755596.1|A/cattle/Texas/24-008749-003/2024(H5N1)	2231	371
PB2|PP755596.1|A/cattle/Texas/24-008749-003/2024(H5N1)	2232	371
PB2|PP755596.1|A/cattle/Texas/24-008749-003/2024(H5N1)	2233	364
PB2|PP755596.1|A/cattle/Texas/24-008749-003/2024(H5N1)	2234	353
PB2|PP755596.1|A/cattle/Texas/24-008749-003/2024(H5N1)	2235	351
PB2|PP755596.1|A/cattle/Texas/24-008749-003/2024(H5N1)	2236	353
PB2|PP755596.1|A/cattle/Texas/24-008749-003/2024(H5N1)	2237	347
PB2|PP755596.1|A/cattle/Texas/24-008749-003/2024(H5N1)	2238	347
PB2|PP755596.1|A/cattle/Texas/24-008749-003/2024(H5N1)	2239	332
PB2|PP755596.1|A/cattle/Texas/24-008749-003/2024(H5N1)	2240	332
PB2|PP755596.1|A/cattle/Texas/24-008749-003/2024(H5N1)	2241	332
PB2|PP755596.1|A/cattle/Texas/24-008749-003/2024(H5N1)	2242	332
PB2|PP755596.1|A/cattle/Texas/24-008749-003/2024(H5N1)	2243	329
PB2|PP755596.1|A/cattle/Texas/24-008749-003/2024(H5N1)	2244	329
PB2|PP755596.1|A/cattle/Texas/24-008749-003/2024(H5N1)	2245	329
PB2|PP755596.1|A/cattle/Texas/24-008749-003/2024(H5N1)	2246	329
PB2|PP755596.1|A/cattle/Texas/24-008749-003/2024(H5N1)	2247	319
PB2|PP755596.1|A/cattle/Texas/24-008749-003/2024(H5N1)	2248	318
PB2|PP755596.1|A/cattle/Texas/24-008749-003/2024(H5N1)	2249	316
PB2|PP755596.1|A/cattle/Texas/24-008749-003/2024(H5N1)	2250	316
PB2|PP755596.1|A/cattle/Texas/24-008749-003/2024(H5N1)	2251	316
PB2|PP755596.1|A/cattle/Texas/24-008749-003/2024(H5N1)	2252	315
PB2|PP755596.1|A/cattle/Texas/24-008749-003/2024(H5N1)	2253	312
PB2|PP755596.1|A/cattle/Texas/24-008749-003/2024(H5N1)	2254	311
PB2|PP755596.1|A/cattle/Texas/24-008749-003/2024(H5N1)	2255	311
PB2|PP755596.1|A/cattle/Texas/24-008749-003/2024(H5N1)	2256	311
PB2|PP755596.1|A/cattle/Texas/24-008749-003/2024(H5N1)	2257	306
PB2|PP755596.1|A/cattle/Texas/24-008749-003/2024(H5N1)	2258	305
PB2|PP755596.1|A/cattle/Texas/24-008749-003/2024(H5N1)	2259	297
PB2|PP755596.1|A/cattle/Texas/24-008749-003/2024(H5N1)	2260	296
PB2|PP755596.1|A/cattle/Texas/24-008749-003/2024(H5N1)	2261	295
PB2|PP755596.1|A/cattle/Texas/24-008749-003/2024(H5N1)	2262	295
PB2|PP755596.1|A/cattle/Texas/24-008749-003/2024(H5N1)	2263	295
PB2|PP755596.1|A/cattle/Texas/24-008749-003/2024(H5N1)	2264	294
PB2|PP755596.1|A/cattle/Texas/24-008749-003/2024(H5N1)	2265	292
PB2|PP755596.1|A/cattle/Texas/24-008749-003/2024(H5N1)	2266	292
PB2|PP755596.1|A/cattle/Texas/24-008749-003/2024(H5N1)	2267	278
PB2|PP755596.1|A/cattle/Texas/24-008749-003/2024(H5N1)	2268	278
PB2|PP755596.1|A/cattle/Texas/24-008749-003/2024(H5N1)	2269	278
PB2|PP755596.1|A/cattle/Texas/24-008749-003/2024(H5N1)	2270	276
PB2|PP755596.1|A/cattle/Texas/24-008749-003/2024(H5N1)	2271	275
PB2|PP755596.1|A/cattle/Texas/24-008749-003/2024(H5N1)	2272	275
PB2|PP755596.1|A/cattle/Texas/24-008749-003/2024(H5N1)	2273	274
PB2|PP755596.1|A/cattle/Texas/24-008749-003/2024(H5N1)	2274	269
PB2|PP755596.1|A/cattle/Texas/24-008749-003/2024(H5N1)	2275	269
PB2|PP755596.1|A/cattle/Texas/24-008749-003/2024(H5N1)	2276	267
PB2|PP755596.1|A/cattle/Texas/24-008749-003/2024(H5N1)	2277	266
PB2|PP755596.1|A/cattle/Texas/24-008749-003/2024(H5N1)	2278	257
PB2|PP755596.1|A/cattle/Texas/24-008749-003/2024(H5N1)	2279	239
PB2|PP755596.1|A/cattle/Texas/24-008749-003/2024(H5N1)	2280	238
