HA|PP755581.1|A/cattle/Texas/24-008749-002/2024(H5N1)	1	3482
HA|PP755581.1|A/cattle/Texas/24-008749-002/2024(H5N1)	2	3492
HA|PP755581.1|A/cattle/Texas/24-008749-002/2024(H5N1)	3	3586
HA|PP755581.1|A/cattle/Texas/24-008749-002/2024(H5N1)	4	3592
HA|PP755581.1|A/cattle/Texas/24-008749-002/2024(H5N1)	5	3595
HA|PP755581.1|A/cattle/Texas/24-008749-002/2024(H5N1)	6	3702
HA|PP755581.1|A/cattle/Texas/24-008749-002/2024(H5N1)	7	3724
HA|PP755581.1|A/cattle/Texas/24-008749-002/2024(H5N1)	8	4417
HA|PP755581.1|A/cattle/Texas/24-008749-002/2024(H5N1)	9	4434
HA|PP755581.1|A/cattle/Texas/24-008749-002/2024(H5N1)	10	4437
HA|PP755581.1|A/cattle/Texas/24-008749-002/2024(H5N1)	11	4675
HA|PP755581.1|A/cattle/Texas/24-008749-002/2024(H5N1)	12	4675
HA|PP755581.1|A/cattle/Texas/24-008749-002/2024(H5N1)	13	5297
HA|PP755581.1|A/cattle/Texas/24-008749-002/2024(H5N1)	14	5306
HA|PP755581.1|A/cattle/Texas/24-008749-002/2024(H5N1)	15	5310
HA|PP755581.1|A/cattle/Texas/24-008749-002/2024(H5N1)	16	5310
HA|PP755581.1|A/cattle/Texas/24-008749-002/2024(H5N1)	17	5330
HA|PP755581.1|A/cattle/Texas/24-008749-002/2024(H5N1)	18	5377
HA|PP755581.1|A/cattle/Texas/24-008749-002/2024(H5N1)	19	5478
HA|PP755581.1|A/cattle/Texas/24-008749-002/2024(H5N1)	20	5483
HA|PP755581.1|A/cattle/Texas/24-008749-002/2024(H5N1)	21	5531
HA|PP755581.1|A/cattle/Texas/24-008749-002/2024(H5N1)	22	5540
HA|PP755581.1|A/cattle/Texas/24-008749-002/2024(H5N1)	23	5611
HA|PP755581.1|A/cattle/Texas/24-008749-002/2024(H5N1)	24	5624
HA|PP755581.1|A/cattle/Texas/24-008749-002/2024(H5N1)	25	5654
HA|PP755581.1|A/cattle/Texas/24-008749-002/2024(H5N1)	26	5679
HA|PP755581.1|A/cattle/Texas/24-008749-002/2024(H5N1)	27	5693
HA|PP755581.1|A/cattle/Texas/24-008749-002/2024(H5N1)	28	5749
HA|PP755581.1|A/cattle/Texas/24-008749-002/2024(H5N1)	29	5901
HA|PP755581.1|A/cattle/Texas/24-008749-002/2024(H5N1)	30	6025
HA|PP755581.1|A/cattle/Texas/24-008749-002/2024(H5N1)	31	6027
HA|PP755581.1|A/cattle/Texas/24-008749-002/2024(H5N1)	32	6021
HA|PP755581.1|A/cattle/Texas/24-008749-002/2024(H5N1)	33	6039
HA|PP755581.1|A/cattle/Texas/24-008749-002/2024(H5N1)	34	6040
HA|PP755581.1|A/cattle/Texas/24-008749-002/2024(H5N1)	35	6085
HA|PP755581.1|A/cattle/Texas/24-008749-002/2024(H5N1)	36	6251
HA|PP755581.1|A/cattle/Texas/24-008749-002/2024(H5N1)	37	6265
HA|PP755581.1|A/cattle/Texas/24-008749-002/2024(H5N1)	38	6300
HA|PP755581.1|A/cattle/Texas/24-008749-002/2024(H5N1)	39	6603
HA|PP755581.1|A/cattle/Texas/24-008749-002/2024(H5N1)	40	6670
HA|PP755581.1|A/cattle/Texas/24-008749-002/2024(H5N1)	41	6671
HA|PP755581.1|A/cattle/Texas/24-008749-002/2024(H5N1)	42	6696
HA|PP755581.1|A/cattle/Texas/24-008749-002/2024(H5N1)	43	6763
HA|PP755581.1|A/cattle/Texas/24-008749-002/2024(H5N1)	44	6795
HA|PP755581.1|A/cattle/Texas/24-008749-002/2024(H5N1)	45	6799
HA|PP755581.1|A/cattle/Texas/24-008749-002/2024(H5N1)	46	6801
HA|PP755581.1|A/cattle/Texas/24-008749-002/2024(H5N1)	47	6831
HA|PP755581.1|A/cattle/Texas/24-008749-002/2024(H5N1)	48	6808
HA|PP755581.1|A/cattle/Texas/24-008749-002/2024(H5N1)	49	6858
HA|PP755581.1|A/cattle/Texas/24-008749-002/2024(H5N1)	50	6879
HA|PP755581.1|A/cattle/Texas/24-008749-002/2024(H5N1)	51	6885
HA|PP755581.1|A/cattle/Texas/24-008749-002/2024(H5N1)	52	6885
HA|PP755581.1|A/cattle/Texas/24-008749-002/2024(H5N1)	53	6884
HA|PP755581.1|A/cattle/Texas/24-008749-002/2024(H5N1)	54	7243
HA|PP755581.1|A/cattle/Texas/24-008749-002/2024(H5N1)	55	7244
HA|PP755581.1|A/cattle/Texas/24-008749-002/2024(H5N1)	56	7260
HA|PP755581.1|A/cattle/Texas/24-008749-002/2024(H5N1)	57	7284
HA|PP755581.1|A/cattle/Texas/24-008749-002/2024(H5N1)	58	7420
HA|PP755581.1|A/cattle/Texas/24-008749-002/2024(H5N1)	59	7488
HA|PP755581.1|A/cattle/Texas/24-008749-002/2024(H5N1)	60	7507
HA|PP755581.1|A/cattle/Texas/24-008749-002/2024(H5N1)	61	7508
HA|PP755581.1|A/cattle/Texas/24-008749-002/2024(H5N1)	62	7520
HA|PP755581.1|A/cattle/Texas/24-008749-002/2024(H5N1)	63	7503
HA|PP755581.1|A/cattle/Texas/24-008749-002/2024(H5N1)	64	7632
HA|PP755581.1|A/cattle/Texas/24-008749-002/2024(H5N1)	65	7639
HA|PP755581.1|A/cattle/Texas/24-008749-002/2024(H5N1)	66	7804
HA|PP755581.1|A/cattle/Texas/24-008749-002/2024(H5N1)	67	7810
HA|PP755581.1|A/cattle/Texas/24-008749-002/2024(H5N1)	68	7940
HA|PP755581.1|A/cattle/Texas/24-008749-002/2024(H5N1)	69	8006
HA|PP755581.1|A/cattle/Texas/24-008749-002/2024(H5N1)	70	8067
HA|PP755581.1|A/cattle/Texas/24-008749-002/2024(H5N1)	71	8159
HA|PP755581.1|A/cattle/Texas/24-008749-002/2024(H5N1)	72	8167
HA|PP755581.1|A/cattle/Texas/24-008749-002/2024(H5N1)	73	8161
HA|PP755581.1|A/cattle/Texas/24-008749-002/2024(H5N1)	74	8383
HA|PP755581.1|A/cattle/Texas/24-008749-002/2024(H5N1)	75	8438
HA|PP755581.1|A/cattle/Texas/24-008749-002/2024(H5N1)	76	8571
HA|PP755581.1|A/cattle/Texas/24-008749-002/2024(H5N1)	77	8679
HA|PP755581.1|A/cattle/Texas/24-008749-002/2024(H5N1)	78	9010
HA|PP755581.1|A/cattle/Texas/24-008749-002/2024(H5N1)	79	9036
HA|PP755581.1|A/cattle/Texas/24-008749-002/2024(H5N1)	80	9074
HA|PP755581.1|A/cattle/Texas/24-008749-002/2024(H5N1)	81	9116
HA|PP755581.1|A/cattle/Texas/24-008749-002/2024(H5N1)	82	9117
HA|PP755581.1|A/cattle/Texas/24-008749-002/2024(H5N1)	83	9143
HA|PP755581.1|A/cattle/Texas/24-008749-002/2024(H5N1)	84	9145
HA|PP755581.1|A/cattle/Texas/24-008749-002/2024(H5N1)	85	9147
HA|PP755581.1|A/cattle/Texas/24-008749-002/2024(H5N1)	86	9148
HA|PP755581.1|A/cattle/Texas/24-008749-002/2024(H5N1)	87	9089
HA|PP755581.1|A/cattle/Texas/24-008749-002/2024(H5N1)	88	9396
HA|PP755581.1|A/cattle/Texas/24-008749-002/2024(H5N1)	89	9439
HA|PP755581.1|A/cattle/Texas/24-008749-002/2024(H5N1)	90	9462
HA|PP755581.1|A/cattle/Texas/24-008749-002/2024(H5N1)	91	9482
HA|PP755581.1|A/cattle/Texas/24-008749-002/2024(H5N1)	92	9517
HA|PP755581.1|A/cattle/Texas/24-008749-002/2024(H5N1)	93	9573
HA|PP755581.1|A/cattle/Texas/24-008749-002/2024(H5N1)	94	9599
HA|PP755581.1|A/cattle/Texas/24-008749-002/2024(H5N1)	95	9614
HA|PP755581.1|A/cattle/Texas/24-008749-002/2024(H5N1)	96	9676
HA|PP755581.1|A/cattle/Texas/24-008749-002/2024(H5N1)	97	9624
HA|PP755581.1|A/cattle/Texas/24-008749-002/2024(H5N1)	98	9720
HA|PP755581.1|A/cattle/Texas/24-008749-002/2024(H5N1)	99	9731
HA|PP755581.1|A/cattle/Texas/24-008749-002/2024(H5N1)	100	9727
HA|PP755581.1|A/cattle/Texas/24-008749-002/2024(H5N1)	101	9825
HA|PP755581.1|A/cattle/Texas/24-008749-002/2024(H5N1)	102	9820
HA|PP755581.1|A/cattle/Texas/24-008749-002/2024(H5N1)	103	9833
HA|PP755581.1|A/cattle/Texas/24-008749-002/2024(H5N1)	104	9834
HA|PP755581.1|A/cattle/Texas/24-008749-002/2024(H5N1)	105	9827
HA|PP755581.1|A/cattle/Texas/24-008749-002/2024(H5N1)	106	9906
HA|PP755581.1|A/cattle/Texas/24-008749-002/2024(H5N1)	107	9908
HA|PP755581.1|A/cattle/Texas/24-008749-002/2024(H5N1)	108	9939
HA|PP755581.1|A/cattle/Texas/24-008749-002/2024(H5N1)	109	9949
HA|PP755581.1|A/cattle/Texas/24-008749-002/2024(H5N1)	110	9912
HA|PP755581.1|A/cattle/Texas/24-008749-002/2024(H5N1)	111	9987
HA|PP755581.1|A/cattle/Texas/24-008749-002/2024(H5N1)	112	9985
HA|PP755581.1|A/cattle/Texas/24-008749-002/2024(H5N1)	113	9982
HA|PP755581.1|A/cattle/Texas/24-008749-002/2024(H5N1)	114	10024
HA|PP755581.1|A/cattle/Texas/24-008749-002/2024(H5N1)	115	10060
HA|PP755581.1|A/cattle/Texas/24-008749-002/2024(H5N1)	116	10136
HA|PP755581.1|A/cattle/Texas/24-008749-002/2024(H5N1)	117	10163
HA|PP755581.1|A/cattle/Texas/24-008749-002/2024(H5N1)	118	10149
HA|PP755581.1|A/cattle/Texas/24-008749-002/2024(H5N1)	119	10161
HA|PP755581.1|A/cattle/Texas/24-008749-002/2024(H5N1)	120	10152
HA|PP755581.1|A/cattle/Texas/24-008749-002/2024(H5N1)	121	10172
HA|PP755581.1|A/cattle/Texas/24-008749-002/2024(H5N1)	122	9505
HA|PP755581.1|A/cattle/Texas/24-008749-002/2024(H5N1)	123	9584
HA|PP755581.1|A/cattle/Texas/24-008749-002/2024(H5N1)	124	9667
HA|PP755581.1|A/cattle/Texas/24-008749-002/2024(H5N1)	125	9663
HA|PP755581.1|A/cattle/Texas/24-008749-002/2024(H5N1)	126	9670
HA|PP755581.1|A/cattle/Texas/24-008749-002/2024(H5N1)	127	9692
HA|PP755581.1|A/cattle/Texas/24-008749-002/2024(H5N1)	128	9626
HA|PP755581.1|A/cattle/Texas/24-008749-002/2024(H5N1)	129	9640
HA|PP755581.1|A/cattle/Texas/24-008749-002/2024(H5N1)	130	9595
HA|PP755581.1|A/cattle/Texas/24-008749-002/2024(H5N1)	131	9266
HA|PP755581.1|A/cattle/Texas/24-008749-002/2024(H5N1)	132	9301
HA|PP755581.1|A/cattle/Texas/24-008749-002/2024(H5N1)	133	9646
HA|PP755581.1|A/cattle/Texas/24-008749-002/2024(H5N1)	134	10449
HA|PP755581.1|A/cattle/Texas/24-008749-002/2024(H5N1)	135	10055
HA|PP755581.1|A/cattle/Texas/24-008749-002/2024(H5N1)	136	10109
HA|PP755581.1|A/cattle/Texas/24-008749-002/2024(H5N1)	137	10082
HA|PP755581.1|A/cattle/Texas/24-008749-002/2024(H5N1)	138	10224
HA|PP755581.1|A/cattle/Texas/24-008749-002/2024(H5N1)	139	10233
HA|PP755581.1|A/cattle/Texas/24-008749-002/2024(H5N1)	140	10501
HA|PP755581.1|A/cattle/Texas/24-008749-002/2024(H5N1)	141	10434
HA|PP755581.1|A/cattle/Texas/24-008749-002/2024(H5N1)	142	10303
HA|PP755581.1|A/cattle/Texas/24-008749-002/2024(H5N1)	143	10304
HA|PP755581.1|A/cattle/Texas/24-008749-002/2024(H5N1)	144	10301
HA|PP755581.1|A/cattle/Texas/24-008749-002/2024(H5N1)	145	10122
HA|PP755581.1|A/cattle/Texas/24-008749-002/2024(H5N1)	146	10127
HA|PP755581.1|A/cattle/Texas/24-008749-002/2024(H5N1)	147	10059
HA|PP755581.1|A/cattle/Texas/24-008749-002/2024(H5N1)	148	10074
HA|PP755581.1|A/cattle/Texas/24-008749-002/2024(H5N1)	149	10088
HA|PP755581.1|A/cattle/Texas/24-008749-002/2024(H5N1)	150	10086
HA|PP755581.1|A/cattle/Texas/24-008749-002/2024(H5N1)	151	10108
HA|PP755581.1|A/cattle/Texas/24-008749-002/2024(H5N1)	152	10348
HA|PP755581.1|A/cattle/Texas/24-008749-002/2024(H5N1)	153	10355
HA|PP755581.1|A/cattle/Texas/24-008749-002/2024(H5N1)	154	10302
HA|PP755581.1|A/cattle/Texas/24-008749-002/2024(H5N1)	155	10302
HA|PP755581.1|A/cattle/Texas/24-008749-002/2024(H5N1)	156	10323
HA|PP755581.1|A/cattle/Texas/24-008749-002/2024(H5N1)	157	10279
HA|PP755581.1|A/cattle/Texas/24-008749-002/2024(H5N1)	158	10270
HA|PP755581.1|A/cattle/Texas/24-008749-002/2024(H5N1)	159	9711
HA|PP755581.1|A/cattle/Texas/24-008749-002/2024(H5N1)	160	9732
HA|PP755581.1|A/cattle/Texas/24-008749-002/2024(H5N1)	161	10004
HA|PP755581.1|A/cattle/Texas/24-008749-002/2024(H5N1)	162	9865
HA|PP755581.1|A/cattle/Texas/24-008749-002/2024(H5N1)	163	9879
HA|PP755581.1|A/cattle/Texas/24-008749-002/2024(H5N1)	164	9423
HA|PP755581.1|A/cattle/Texas/24-008749-002/2024(H5N1)	165	9420
HA|PP755581.1|A/cattle/Texas/24-008749-002/2024(H5N1)	166	9443
HA|PP755581.1|A/cattle/Texas/24-008749-002/2024(H5N1)	167	9448
HA|PP755581.1|A/cattle/Texas/24-008749-002/2024(H5N1)	168	9480
HA|PP755581.1|A/cattle/Texas/24-008749-002/2024(H5N1)	169	9499
HA|PP755581.1|A/cattle/Texas/24-008749-002/2024(H5N1)	170	9395
HA|PP755581.1|A/cattle/Texas/24-008749-002/2024(H5N1)	171	9404
HA|PP755581.1|A/cattle/Texas/24-008749-002/2024(H5N1)	172	9364
HA|PP755581.1|A/cattle/Texas/24-008749-002/2024(H5N1)	173	9359
HA|PP755581.1|A/cattle/Texas/24-008749-002/2024(H5N1)	174	9732
HA|PP755581.1|A/cattle/Texas/24-008749-002/2024(H5N1)	175	9726
HA|PP755581.1|A/cattle/Texas/24-008749-002/2024(H5N1)	176	10013
HA|PP755581.1|A/cattle/Texas/24-008749-002/2024(H5N1)	177	10110
HA|PP755581.1|A/cattle/Texas/24-008749-002/2024(H5N1)	178	10027
HA|PP755581.1|A/cattle/Texas/24-008749-002/2024(H5N1)	179	10064
HA|PP755581.1|A/cattle/Texas/24-008749-002/2024(H5N1)	180	10154
HA|PP755581.1|A/cattle/Texas/24-008749-002/2024(H5N1)	181	10057
HA|PP755581.1|A/cattle/Texas/24-008749-002/2024(H5N1)	182	10047
HA|PP755581.1|A/cattle/Texas/24-008749-002/2024(H5N1)	183	10057
HA|PP755581.1|A/cattle/Texas/24-008749-002/2024(H5N1)	184	10046
HA|PP755581.1|A/cattle/Texas/24-008749-002/2024(H5N1)	185	9962
HA|PP755581.1|A/cattle/Texas/24-008749-002/2024(H5N1)	186	9951
HA|PP755581.1|A/cattle/Texas/24-008749-002/2024(H5N1)	187	9949
HA|PP755581.1|A/cattle/Texas/24-008749-002/2024(H5N1)	188	10071
HA|PP755581.1|A/cattle/Texas/24-008749-002/2024(H5N1)	189	10010
HA|PP755581.1|A/cattle/Texas/24-008749-002/2024(H5N1)	190	9843
HA|PP755581.1|A/cattle/Texas/24-008749-002/2024(H5N1)	191	9791
HA|PP755581.1|A/cattle/Texas/24-008749-002/2024(H5N1)	192	9804
HA|PP755581.1|A/cattle/Texas/24-008749-002/2024(H5N1)	193	9798
HA|PP755581.1|A/cattle/Texas/24-008749-002/2024(H5N1)	194	9713
HA|PP755581.1|A/cattle/Texas/24-008749-002/2024(H5N1)	195	9686
HA|PP755581.1|A/cattle/Texas/24-008749-002/2024(H5N1)	196	9711
HA|PP755581.1|A/cattle/Texas/24-008749-002/2024(H5N1)	197	9759
HA|PP755581.1|A/cattle/Texas/24-008749-002/2024(H5N1)	198	9819
HA|PP755581.1|A/cattle/Texas/24-008749-002/2024(H5N1)	199	9879
HA|PP755581.1|A/cattle/Texas/24-008749-002/2024(H5N1)	200	10033
HA|PP755581.1|A/cattle/Texas/24-008749-002/2024(H5N1)	201	10028
HA|PP755581.1|A/cattle/Texas/24-008749-002/2024(H5N1)	202	10030
HA|PP755581.1|A/cattle/Texas/24-008749-002/2024(H5N1)	203	10031
HA|PP755581.1|A/cattle/Texas/24-008749-002/2024(H5N1)	204	10079
HA|PP755581.1|A/cattle/Texas/24-008749-002/2024(H5N1)	205	9799
HA|PP755581.1|A/cattle/Texas/24-008749-002/2024(H5N1)	206	9797
HA|PP755581.1|A/cattle/Texas/24-008749-002/2024(H5N1)	207	9983
HA|PP755581.1|A/cattle/Texas/24-008749-002/2024(H5N1)	208	10061
HA|PP755581.1|A/cattle/Texas/24-008749-002/2024(H5N1)	209	9899
HA|PP755581.1|A/cattle/Texas/24-008749-002/2024(H5N1)	210	9979
HA|PP755581.1|A/cattle/Texas/24-008749-002/2024(H5N1)	211	10038
HA|PP755581.1|A/cattle/Texas/24-008749-002/2024(H5N1)	212	10128
HA|PP755581.1|A/cattle/Texas/24-008749-002/2024(H5N1)	213	10158
HA|PP755581.1|A/cattle/Texas/24-008749-002/2024(H5N1)	214	10149
HA|PP755581.1|A/cattle/Texas/24-008749-002/2024(H5N1)	215	10367
HA|PP755581.1|A/cattle/Texas/24-008749-002/2024(H5N1)	216	10291
HA|PP755581.1|A/cattle/Texas/24-008749-002/2024(H5N1)	217	10346
HA|PP755581.1|A/cattle/Texas/24-008749-002/2024(H5N1)	218	10364
HA|PP755581.1|A/cattle/Texas/24-008749-002/2024(H5N1)	219	10223
HA|PP755581.1|A/cattle/Texas/24-008749-002/2024(H5N1)	220	10205
HA|PP755581.1|A/cattle/Texas/24-008749-002/2024(H5N1)	221	10216
HA|PP755581.1|A/cattle/Texas/24-008749-002/2024(H5N1)	222	10121
HA|PP755581.1|A/cattle/Texas/24-008749-002/2024(H5N1)	223	10220
HA|PP755581.1|A/cattle/Texas/24-008749-002/2024(H5N1)	224	9945
HA|PP755581.1|A/cattle/Texas/24-008749-002/2024(H5N1)	225	9935
HA|PP755581.1|A/cattle/Texas/24-008749-002/2024(H5N1)	226	10103
HA|PP755581.1|A/cattle/Texas/24-008749-002/2024(H5N1)	227	9989
HA|PP755581.1|A/cattle/Texas/24-008749-002/2024(H5N1)	228	9929
HA|PP755581.1|A/cattle/Texas/24-008749-002/2024(H5N1)	229	9651
HA|PP755581.1|A/cattle/Texas/24-008749-002/2024(H5N1)	230	9625
HA|PP755581.1|A/cattle/Texas/24-008749-002/2024(H5N1)	231	9677
HA|PP755581.1|A/cattle/Texas/24-008749-002/2024(H5N1)	232	9616
HA|PP755581.1|A/cattle/Texas/24-008749-002/2024(H5N1)	233	9621
HA|PP755581.1|A/cattle/Texas/24-008749-002/2024(H5N1)	234	9666
HA|PP755581.1|A/cattle/Texas/24-008749-002/2024(H5N1)	235	9665
HA|PP755581.1|A/cattle/Texas/24-008749-002/2024(H5N1)	236	9702
HA|PP755581.1|A/cattle/Texas/24-008749-002/2024(H5N1)	237	9670
HA|PP755581.1|A/cattle/Texas/24-008749-002/2024(H5N1)	238	9689
HA|PP755581.1|A/cattle/Texas/24-008749-002/2024(H5N1)	239	9469
HA|PP755581.1|A/cattle/Texas/24-008749-002/2024(H5N1)	240	9542
HA|PP755581.1|A/cattle/Texas/24-008749-002/2024(H5N1)	241	9538
HA|PP755581.1|A/cattle/Texas/24-008749-002/2024(H5N1)	242	9529
HA|PP755581.1|A/cattle/Texas/24-008749-002/2024(H5N1)	243	9481
HA|PP755581.1|A/cattle/Texas/24-008749-002/2024(H5N1)	244	9452
HA|PP755581.1|A/cattle/Texas/24-008749-002/2024(H5N1)	245	9545
HA|PP755581.1|A/cattle/Texas/24-008749-002/2024(H5N1)	246	9547
HA|PP755581.1|A/cattle/Texas/24-008749-002/2024(H5N1)	247	9605
HA|PP755581.1|A/cattle/Texas/24-008749-002/2024(H5N1)	248	9619
HA|PP755581.1|A/cattle/Texas/24-008749-002/2024(H5N1)	249	9504
HA|PP755581.1|A/cattle/Texas/24-008749-002/2024(H5N1)	250	9502
HA|PP755581.1|A/cattle/Texas/24-008749-002/2024(H5N1)	251	9559
HA|PP755581.1|A/cattle/Texas/24-008749-002/2024(H5N1)	252	9457
HA|PP755581.1|A/cattle/Texas/24-008749-002/2024(H5N1)	253	9538
HA|PP755581.1|A/cattle/Texas/24-008749-002/2024(H5N1)	254	9528
HA|PP755581.1|A/cattle/Texas/24-008749-002/2024(H5N1)	255	9680
HA|PP755581.1|A/cattle/Texas/24-008749-002/2024(H5N1)	256	9687
HA|PP755581.1|A/cattle/Texas/24-008749-002/2024(H5N1)	257	9726
HA|PP755581.1|A/cattle/Texas/24-008749-002/2024(H5N1)	258	9757
HA|PP755581.1|A/cattle/Texas/24-008749-002/2024(H5N1)	259	9755
HA|PP755581.1|A/cattle/Texas/24-008749-002/2024(H5N1)	260	9797
HA|PP755581.1|A/cattle/Texas/24-008749-002/2024(H5N1)	261	9797
HA|PP755581.1|A/cattle/Texas/24-008749-002/2024(H5N1)	262	9716
HA|PP755581.1|A/cattle/Texas/24-008749-002/2024(H5N1)	263	9741
HA|PP755581.1|A/cattle/Texas/24-008749-002/2024(H5N1)	264	9674
HA|PP755581.1|A/cattle/Texas/24-008749-002/2024(H5N1)	265	9801
HA|PP755581.1|A/cattle/Texas/24-008749-002/2024(H5N1)	266	9859
HA|PP755581.1|A/cattle/Texas/24-008749-002/2024(H5N1)	267	9798
HA|PP755581.1|A/cattle/Texas/24-008749-002/2024(H5N1)	268	9779
HA|PP755581.1|A/cattle/Texas/24-008749-002/2024(H5N1)	269	9754
HA|PP755581.1|A/cattle/Texas/24-008749-002/2024(H5N1)	270	9762
HA|PP755581.1|A/cattle/Texas/24-008749-002/2024(H5N1)	271	9779
HA|PP755581.1|A/cattle/Texas/24-008749-002/2024(H5N1)	272	9790
HA|PP755581.1|A/cattle/Texas/24-008749-002/2024(H5N1)	273	9095
HA|PP755581.1|A/cattle/Texas/24-008749-002/2024(H5N1)	274	8950
HA|PP755581.1|A/cattle/Texas/24-008749-002/2024(H5N1)	275	8902
HA|PP755581.1|A/cattle/Texas/24-008749-002/2024(H5N1)	276	9885
HA|PP755581.1|A/cattle/Texas/24-008749-002/2024(H5N1)	277	9918
HA|PP755581.1|A/cattle/Texas/24-008749-002/2024(H5N1)	278	9940
HA|PP755581.1|A/cattle/Texas/24-008749-002/2024(H5N1)	279	9923
HA|PP755581.1|A/cattle/Texas/24-008749-002/2024(H5N1)	280	9923
HA|PP755581.1|A/cattle/Texas/24-008749-002/2024(H5N1)	281	10191
HA|PP755581.1|A/cattle/Texas/24-008749-002/2024(H5N1)	282	10130
HA|PP755581.1|A/cattle/Texas/24-008749-002/2024(H5N1)	283	10167
HA|PP755581.1|A/cattle/Texas/24-008749-002/2024(H5N1)	284	9911
HA|PP755581.1|A/cattle/Texas/24-008749-002/2024(H5N1)	285	8790
HA|PP755581.1|A/cattle/Texas/24-008749-002/2024(H5N1)	286	8915
HA|PP755581.1|A/cattle/Texas/24-008749-002/2024(H5N1)	287	8957
HA|PP755581.1|A/cattle/Texas/24-008749-002/2024(H5N1)	288	8962
HA|PP755581.1|A/cattle/Texas/24-008749-002/2024(H5N1)	289	8899
HA|PP755581.1|A/cattle/Texas/24-008749-002/2024(H5N1)	290	9172
HA|PP755581.1|A/cattle/Texas/24-008749-002/2024(H5N1)	291	9244
HA|PP755581.1|A/cattle/Texas/24-008749-002/2024(H5N1)	292	9331
HA|PP755581.1|A/cattle/Texas/24-008749-002/2024(H5N1)	293	9319
HA|PP755581.1|A/cattle/Texas/24-008749-002/2024(H5N1)	294	9667
HA|PP755581.1|A/cattle/Texas/24-008749-002/2024(H5N1)	295	9685
HA|PP755581.1|A/cattle/Texas/24-008749-002/2024(H5N1)	296	9811
HA|PP755581.1|A/cattle/Texas/24-008749-002/2024(H5N1)	297	9802
HA|PP755581.1|A/cattle/Texas/24-008749-002/2024(H5N1)	298	9795
HA|PP755581.1|A/cattle/Texas/24-008749-002/2024(H5N1)	299	9832
HA|PP755581.1|A/cattle/Texas/24-008749-002/2024(H5N1)	300	9844
HA|PP755581.1|A/cattle/Texas/24-008749-002/2024(H5N1)	301	9845
HA|PP755581.1|A/cattle/Texas/24-008749-002/2024(H5N1)	302	9846
HA|PP755581.1|A/cattle/Texas/24-008749-002/2024(H5N1)	303	9451
HA|PP755581.1|A/cattle/Texas/24-008749-002/2024(H5N1)	304	9566
HA|PP755581.1|A/cattle/Texas/24-008749-002/2024(H5N1)	305	9732
HA|PP755581.1|A/cattle/Texas/24-008749-002/2024(H5N1)	306	9740
HA|PP755581.1|A/cattle/Texas/24-008749-002/2024(H5N1)	307	9753
HA|PP755581.1|A/cattle/Texas/24-008749-002/2024(H5N1)	308	9724
HA|PP755581.1|A/cattle/Texas/24-008749-002/2024(H5N1)	309	9757
HA|PP755581.1|A/cattle/Texas/24-008749-002/2024(H5N1)	310	9754
HA|PP755581.1|A/cattle/Texas/24-008749-002/2024(H5N1)	311	10069
HA|PP755581.1|A/cattle/Texas/24-008749-002/2024(H5N1)	312	9912
HA|PP755581.1|A/cattle/Texas/24-008749-002/2024(H5N1)	313	9846
HA|PP755581.1|A/cattle/Texas/24-008749-002/2024(H5N1)	314	9953
HA|PP755581.1|A/cattle/Texas/24-008749-002/2024(H5N1)	315	10431
HA|PP755581.1|A/cattle/Texas/24-008749-002/2024(H5N1)	316	10420
HA|PP755581.1|A/cattle/Texas/24-008749-002/2024(H5N1)	317	10473
HA|PP755581.1|A/cattle/Texas/24-008749-002/2024(H5N1)	318	10540
HA|PP755581.1|A/cattle/Texas/24-008749-002/2024(H5N1)	319	10663
HA|PP755581.1|A/cattle/Texas/24-008749-002/2024(H5N1)	320	10789
HA|PP755581.1|A/cattle/Texas/24-008749-002/2024(H5N1)	321	10803
HA|PP755581.1|A/cattle/Texas/24-008749-002/2024(H5N1)	322	10811
HA|PP755581.1|A/cattle/Texas/24-008749-002/2024(H5N1)	323	10821
HA|PP755581.1|A/cattle/Texas/24-008749-002/2024(H5N1)	324	10285
HA|PP755581.1|A/cattle/Texas/24-008749-002/2024(H5N1)	325	10304
HA|PP755581.1|A/cattle/Texas/24-008749-002/2024(H5N1)	326	10323
HA|PP755581.1|A/cattle/Texas/24-008749-002/2024(H5N1)	327	10095
HA|PP755581.1|A/cattle/Texas/24-008749-002/2024(H5N1)	328	9994
HA|PP755581.1|A/cattle/Texas/24-008749-002/2024(H5N1)	329	10066
HA|PP755581.1|A/cattle/Texas/24-008749-002/2024(H5N1)	330	9985
HA|PP755581.1|A/cattle/Texas/24-008749-002/2024(H5N1)	331	10097
HA|PP755581.1|A/cattle/Texas/24-008749-002/2024(H5N1)	332	10132
HA|PP755581.1|A/cattle/Texas/24-008749-002/2024(H5N1)	333	10152
HA|PP755581.1|A/cattle/Texas/24-008749-002/2024(H5N1)	334	10134
HA|PP755581.1|A/cattle/Texas/24-008749-002/2024(H5N1)	335	10132
HA|PP755581.1|A/cattle/Texas/24-008749-002/2024(H5N1)	336	10071
HA|PP755581.1|A/cattle/Texas/24-008749-002/2024(H5N1)	337	10050
HA|PP755581.1|A/cattle/Texas/24-008749-002/2024(H5N1)	338	9959
HA|PP755581.1|A/cattle/Texas/24-008749-002/2024(H5N1)	339	10004
HA|PP755581.1|A/cattle/Texas/24-008749-002/2024(H5N1)	340	9961
HA|PP755581.1|A/cattle/Texas/24-008749-002/2024(H5N1)	341	10053
HA|PP755581.1|A/cattle/Texas/24-008749-002/2024(H5N1)	342	10073
HA|PP755581.1|A/cattle/Texas/24-008749-002/2024(H5N1)	343	10081
HA|PP755581.1|A/cattle/Texas/24-008749-002/2024(H5N1)	344	10092
HA|PP755581.1|A/cattle/Texas/24-008749-002/2024(H5N1)	345	10084
HA|PP755581.1|A/cattle/Texas/24-008749-002/2024(H5N1)	346	10138
HA|PP755581.1|A/cattle/Texas/24-008749-002/2024(H5N1)	347	10253
HA|PP755581.1|A/cattle/Texas/24-008749-002/2024(H5N1)	348	10222
HA|PP755581.1|A/cattle/Texas/24-008749-002/2024(H5N1)	349	10073
HA|PP755581.1|A/cattle/Texas/24-008749-002/2024(H5N1)	350	9999
HA|PP755581.1|A/cattle/Texas/24-008749-002/2024(H5N1)	351	10025
HA|PP755581.1|A/cattle/Texas/24-008749-002/2024(H5N1)	352	10039
HA|PP755581.1|A/cattle/Texas/24-008749-002/2024(H5N1)	353	10109
HA|PP755581.1|A/cattle/Texas/24-008749-002/2024(H5N1)	354	10110
HA|PP755581.1|A/cattle/Texas/24-008749-002/2024(H5N1)	355	10096
HA|PP755581.1|A/cattle/Texas/24-008749-002/2024(H5N1)	356	10094
HA|PP755581.1|A/cattle/Texas/24-008749-002/2024(H5N1)	357	9988
HA|PP755581.1|A/cattle/Texas/24-008749-002/2024(H5N1)	358	9989
HA|PP755581.1|A/cattle/Texas/24-008749-002/2024(H5N1)	359	9973
HA|PP755581.1|A/cattle/Texas/24-008749-002/2024(H5N1)	360	9974
HA|PP755581.1|A/cattle/Texas/24-008749-002/2024(H5N1)	361	9844
HA|PP755581.1|A/cattle/Texas/24-008749-002/2024(H5N1)	362	9761
HA|PP755581.1|A/cattle/Texas/24-008749-002/2024(H5N1)	363	9783
HA|PP755581.1|A/cattle/Texas/24-008749-002/2024(H5N1)	364	9683
HA|PP755581.1|A/cattle/Texas/24-008749-002/2024(H5N1)	365	9689
HA|PP755581.1|A/cattle/Texas/24-008749-002/2024(H5N1)	366	9499
HA|PP755581.1|A/cattle/Texas/24-008749-002/2024(H5N1)	367	9422
HA|PP755581.1|A/cattle/Texas/24-008749-002/2024(H5N1)	368	9618
HA|PP755581.1|A/cattle/Texas/24-008749-002/2024(H5N1)	369	9605
HA|PP755581.1|A/cattle/Texas/24-008749-002/2024(H5N1)	370	9852
HA|PP755581.1|A/cattle/Texas/24-008749-002/2024(H5N1)	371	9870
HA|PP755581.1|A/cattle/Texas/24-008749-002/2024(H5N1)	372	9791
HA|PP755581.1|A/cattle/Texas/24-008749-002/2024(H5N1)	373	9792
HA|PP755581.1|A/cattle/Texas/24-008749-002/2024(H5N1)	374	9762
HA|PP755581.1|A/cattle/Texas/24-008749-002/2024(H5N1)	375	9761
HA|PP755581.1|A/cattle/Texas/24-008749-002/2024(H5N1)	376	9763
HA|PP755581.1|A/cattle/Texas/24-008749-002/2024(H5N1)	377	9555
HA|PP755581.1|A/cattle/Texas/24-008749-002/2024(H5N1)	378	9556
HA|PP755581.1|A/cattle/Texas/24-008749-002/2024(H5N1)	379	9545
HA|PP755581.1|A/cattle/Texas/24-008749-002/2024(H5N1)	380	9536
HA|PP755581.1|A/cattle/Texas/24-008749-002/2024(H5N1)	381	9552
HA|PP755581.1|A/cattle/Texas/24-008749-002/2024(H5N1)	382	9510
HA|PP755581.1|A/cattle/Texas/24-008749-002/2024(H5N1)	383	9663
HA|PP755581.1|A/cattle/Texas/24-008749-002/2024(H5N1)	384	9655
HA|PP755581.1|A/cattle/Texas/24-008749-002/2024(H5N1)	385	9630
HA|PP755581.1|A/cattle/Texas/24-008749-002/2024(H5N1)	386	9614
HA|PP755581.1|A/cattle/Texas/24-008749-002/2024(H5N1)	387	9717
HA|PP755581.1|A/cattle/Texas/24-008749-002/2024(H5N1)	388	9917
HA|PP755581.1|A/cattle/Texas/24-008749-002/2024(H5N1)	389	9889
HA|PP755581.1|A/cattle/Texas/24-008749-002/2024(H5N1)	390	9888
HA|PP755581.1|A/cattle/Texas/24-008749-002/2024(H5N1)	391	9790
HA|PP755581.1|A/cattle/Texas/24-008749-002/2024(H5N1)	392	9786
HA|PP755581.1|A/cattle/Texas/24-008749-002/2024(H5N1)	393	9861
HA|PP755581.1|A/cattle/Texas/24-008749-002/2024(H5N1)	394	10024
HA|PP755581.1|A/cattle/Texas/24-008749-002/2024(H5N1)	395	10036
HA|PP755581.1|A/cattle/Texas/24-008749-002/2024(H5N1)	396	9885
HA|PP755581.1|A/cattle/Texas/24-008749-002/2024(H5N1)	397	9831
HA|PP755581.1|A/cattle/Texas/24-008749-002/2024(H5N1)	398	10415
HA|PP755581.1|A/cattle/Texas/24-008749-002/2024(H5N1)	399	10456
HA|PP755581.1|A/cattle/Texas/24-008749-002/2024(H5N1)	400	10492
HA|PP755581.1|A/cattle/Texas/24-008749-002/2024(H5N1)	401	10491
HA|PP755581.1|A/cattle/Texas/24-008749-002/2024(H5N1)	402	10479
HA|PP755581.1|A/cattle/Texas/24-008749-002/2024(H5N1)	403	10516
HA|PP755581.1|A/cattle/Texas/24-008749-002/2024(H5N1)	404	10447
HA|PP755581.1|A/cattle/Texas/24-008749-002/2024(H5N1)	405	10458
HA|PP755581.1|A/cattle/Texas/24-008749-002/2024(H5N1)	406	10306
HA|PP755581.1|A/cattle/Texas/24-008749-002/2024(H5N1)	407	10343
HA|PP755581.1|A/cattle/Texas/24-008749-002/2024(H5N1)	408	10258
HA|PP755581.1|A/cattle/Texas/24-008749-002/2024(H5N1)	409	10223
HA|PP755581.1|A/cattle/Texas/24-008749-002/2024(H5N1)	410	10223
HA|PP755581.1|A/cattle/Texas/24-008749-002/2024(H5N1)	411	10153
HA|PP755581.1|A/cattle/Texas/24-008749-002/2024(H5N1)	412	10158
HA|PP755581.1|A/cattle/Texas/24-008749-002/2024(H5N1)	413	10214
HA|PP755581.1|A/cattle/Texas/24-008749-002/2024(H5N1)	414	10208
HA|PP755581.1|A/cattle/Texas/24-008749-002/2024(H5N1)	415	10029
HA|PP755581.1|A/cattle/Texas/24-008749-002/2024(H5N1)	416	9990
HA|PP755581.1|A/cattle/Texas/24-008749-002/2024(H5N1)	417	10020
HA|PP755581.1|A/cattle/Texas/24-008749-002/2024(H5N1)	418	10009
HA|PP755581.1|A/cattle/Texas/24-008749-002/2024(H5N1)	419	10167
HA|PP755581.1|A/cattle/Texas/24-008749-002/2024(H5N1)	420	10185
HA|PP755581.1|A/cattle/Texas/24-008749-002/2024(H5N1)	421	10529
HA|PP755581.1|A/cattle/Texas/24-008749-002/2024(H5N1)	422	10494
HA|PP755581.1|A/cattle/Texas/24-008749-002/2024(H5N1)	423	10542
HA|PP755581.1|A/cattle/Texas/24-008749-002/2024(H5N1)	424	10540
HA|PP755581.1|A/cattle/Texas/24-008749-002/2024(H5N1)	425	10551
HA|PP755581.1|A/cattle/Texas/24-008749-002/2024(H5N1)	426	10478
HA|PP755581.1|A/cattle/Texas/24-008749-002/2024(H5N1)	427	9743
HA|PP755581.1|A/cattle/Texas/24-008749-002/2024(H5N1)	428	9746
HA|PP755581.1|A/cattle/Texas/24-008749-002/2024(H5N1)	429	9826
HA|PP755581.1|A/cattle/Texas/24-008749-002/2024(H5N1)	430	9862
HA|PP755581.1|A/cattle/Texas/24-008749-002/2024(H5N1)	431	10565
HA|PP755581.1|A/cattle/Texas/24-008749-002/2024(H5N1)	432	10575
HA|PP755581.1|A/cattle/Texas/24-008749-002/2024(H5N1)	433	10721
HA|PP755581.1|A/cattle/Texas/24-008749-002/2024(H5N1)	434	10702
HA|PP755581.1|A/cattle/Texas/24-008749-002/2024(H5N1)	435	10691
HA|PP755581.1|A/cattle/Texas/24-008749-002/2024(H5N1)	436	10666
HA|PP755581.1|A/cattle/Texas/24-008749-002/2024(H5N1)	437	10682
HA|PP755581.1|A/cattle/Texas/24-008749-002/2024(H5N1)	438	10804
HA|PP755581.1|A/cattle/Texas/24-008749-002/2024(H5N1)	439	10786
HA|PP755581.1|A/cattle/Texas/24-008749-002/2024(H5N1)	440	10072
HA|PP755581.1|A/cattle/Texas/24-008749-002/2024(H5N1)	441	10129
HA|PP755581.1|A/cattle/Texas/24-008749-002/2024(H5N1)	442	9942
HA|PP755581.1|A/cattle/Texas/24-008749-002/2024(H5N1)	443	9960
HA|PP755581.1|A/cattle/Texas/24-008749-002/2024(H5N1)	444	9717
HA|PP755581.1|A/cattle/Texas/24-008749-002/2024(H5N1)	445	9645
HA|PP755581.1|A/cattle/Texas/24-008749-002/2024(H5N1)	446	9786
HA|PP755581.1|A/cattle/Texas/24-008749-002/2024(H5N1)	447	9636
HA|PP755581.1|A/cattle/Texas/24-008749-002/2024(H5N1)	448	9650
HA|PP755581.1|A/cattle/Texas/24-008749-002/2024(H5N1)	449	9757
HA|PP755581.1|A/cattle/Texas/24-008749-002/2024(H5N1)	450	9706
HA|PP755581.1|A/cattle/Texas/24-008749-002/2024(H5N1)	451	9741
HA|PP755581.1|A/cattle/Texas/24-008749-002/2024(H5N1)	452	10143
HA|PP755581.1|A/cattle/Texas/24-008749-002/2024(H5N1)	453	10185
HA|PP755581.1|A/cattle/Texas/24-008749-002/2024(H5N1)	454	10367
HA|PP755581.1|A/cattle/Texas/24-008749-002/2024(H5N1)	455	10205
HA|PP755581.1|A/cattle/Texas/24-008749-002/2024(H5N1)	456	10414
HA|PP755581.1|A/cattle/Texas/24-008749-002/2024(H5N1)	457	10488
HA|PP755581.1|A/cattle/Texas/24-008749-002/2024(H5N1)	458	10460
HA|PP755581.1|A/cattle/Texas/24-008749-002/2024(H5N1)	459	10547
HA|PP755581.1|A/cattle/Texas/24-008749-002/2024(H5N1)	460	10483
HA|PP755581.1|A/cattle/Texas/24-008749-002/2024(H5N1)	461	10144
HA|PP755581.1|A/cattle/Texas/24-008749-002/2024(H5N1)	462	10180
HA|PP755581.1|A/cattle/Texas/24-008749-002/2024(H5N1)	463	10217
HA|PP755581.1|A/cattle/Texas/24-008749-002/2024(H5N1)	464	10229
HA|PP755581.1|A/cattle/Texas/24-008749-002/2024(H5N1)	465	10023
HA|PP755581.1|A/cattle/Texas/24-008749-002/2024(H5N1)	466	9660
HA|PP755581.1|A/cattle/Texas/24-008749-002/2024(H5N1)	467	9717
HA|PP755581.1|A/cattle/Texas/24-008749-002/2024(H5N1)	468	9646
HA|PP755581.1|A/cattle/Texas/24-008749-002/2024(H5N1)	469	9628
HA|PP755581.1|A/cattle/Texas/24-008749-002/2024(H5N1)	470	9428
HA|PP755581.1|A/cattle/Texas/24-008749-002/2024(H5N1)	471	9435
HA|PP755581.1|A/cattle/Texas/24-008749-002/2024(H5N1)	472	9399
HA|PP755581.1|A/cattle/Texas/24-008749-002/2024(H5N1)	473	9432
HA|PP755581.1|A/cattle/Texas/24-008749-002/2024(H5N1)	474	9430
HA|PP755581.1|A/cattle/Texas/24-008749-002/2024(H5N1)	475	9379
HA|PP755581.1|A/cattle/Texas/24-008749-002/2024(H5N1)	476	9379
HA|PP755581.1|A/cattle/Texas/24-008749-002/2024(H5N1)	477	9401
HA|PP755581.1|A/cattle/Texas/24-008749-002/2024(H5N1)	478	9387
HA|PP755581.1|A/cattle/Texas/24-008749-002/2024(H5N1)	479	9403
HA|PP755581.1|A/cattle/Texas/24-008749-002/2024(H5N1)	480	9235
HA|PP755581.1|A/cattle/Texas/24-008749-002/2024(H5N1)	481	9220
HA|PP755581.1|A/cattle/Texas/24-008749-002/2024(H5N1)	482	9201
HA|PP755581.1|A/cattle/Texas/24-008749-002/2024(H5N1)	483	9168
HA|PP755581.1|A/cattle/Texas/24-008749-002/2024(H5N1)	484	9195
HA|PP755581.1|A/cattle/Texas/24-008749-002/2024(H5N1)	485	9235
HA|PP755581.1|A/cattle/Texas/24-008749-002/2024(H5N1)	486	9238
HA|PP755581.1|A/cattle/Texas/24-008749-002/2024(H5N1)	487	9320
HA|PP755581.1|A/cattle/Texas/24-008749-002/2024(H5N1)	488	9331
HA|PP755581.1|A/cattle/Texas/24-008749-002/2024(H5N1)	489	9355
HA|PP755581.1|A/cattle/Texas/24-008749-002/2024(H5N1)	490	9364
HA|PP755581.1|A/cattle/Texas/24-008749-002/2024(H5N1)	491	9368
HA|PP755581.1|A/cattle/Texas/24-008749-002/2024(H5N1)	492	9288
HA|PP755581.1|A/cattle/Texas/24-008749-002/2024(H5N1)	493	9325
HA|PP755581.1|A/cattle/Texas/24-008749-002/2024(H5N1)	494	9319
HA|PP755581.1|A/cattle/Texas/24-008749-002/2024(H5N1)	495	9363
HA|PP755581.1|A/cattle/Texas/24-008749-002/2024(H5N1)	496	9287
HA|PP755581.1|A/cattle/Texas/24-008749-002/2024(H5N1)	497	9288
HA|PP755581.1|A/cattle/Texas/24-008749-002/2024(H5N1)	498	9201
HA|PP755581.1|A/cattle/Texas/24-008749-002/2024(H5N1)	499	9221
HA|PP755581.1|A/cattle/Texas/24-008749-002/2024(H5N1)	500	9175
HA|PP755581.1|A/cattle/Texas/24-008749-002/2024(H5N1)	501	9148
HA|PP755581.1|A/cattle/Texas/24-008749-002/2024(H5N1)	502	9149
HA|PP755581.1|A/cattle/Texas/24-008749-002/2024(H5N1)	503	9150
HA|PP755581.1|A/cattle/Texas/24-008749-002/2024(H5N1)	504	9107
HA|PP755581.1|A/cattle/Texas/24-008749-002/2024(H5N1)	505	9104
HA|PP755581.1|A/cattle/Texas/24-008749-002/2024(H5N1)	506	9068
HA|PP755581.1|A/cattle/Texas/24-008749-002/2024(H5N1)	507	9169
HA|PP755581.1|A/cattle/Texas/24-008749-002/2024(H5N1)	508	9106
HA|PP755581.1|A/cattle/Texas/24-008749-002/2024(H5N1)	509	9082
HA|PP755581.1|A/cattle/Texas/24-008749-002/2024(H5N1)	510	9070
HA|PP755581.1|A/cattle/Texas/24-008749-002/2024(H5N1)	511	9077
HA|PP755581.1|A/cattle/Texas/24-008749-002/2024(H5N1)	512	9431
HA|PP755581.1|A/cattle/Texas/24-008749-002/2024(H5N1)	513	9446
HA|PP755581.1|A/cattle/Texas/24-008749-002/2024(H5N1)	514	9360
HA|PP755581.1|A/cattle/Texas/24-008749-002/2024(H5N1)	515	9348
HA|PP755581.1|A/cattle/Texas/24-008749-002/2024(H5N1)	516	9395
HA|PP755581.1|A/cattle/Texas/24-008749-002/2024(H5N1)	517	9606
HA|PP755581.1|A/cattle/Texas/24-008749-002/2024(H5N1)	518	9603
HA|PP755581.1|A/cattle/Texas/24-008749-002/2024(H5N1)	519	9462
HA|PP755581.1|A/cattle/Texas/24-008749-002/2024(H5N1)	520	9441
HA|PP755581.1|A/cattle/Texas/24-008749-002/2024(H5N1)	521	9208
HA|PP755581.1|A/cattle/Texas/24-008749-002/2024(H5N1)	522	9292
HA|PP755581.1|A/cattle/Texas/24-008749-002/2024(H5N1)	523	9323
HA|PP755581.1|A/cattle/Texas/24-008749-002/2024(H5N1)	524	9707
HA|PP755581.1|A/cattle/Texas/24-008749-002/2024(H5N1)	525	9642
HA|PP755581.1|A/cattle/Texas/24-008749-002/2024(H5N1)	526	9636
HA|PP755581.1|A/cattle/Texas/24-008749-002/2024(H5N1)	527	9664
HA|PP755581.1|A/cattle/Texas/24-008749-002/2024(H5N1)	528	9587
HA|PP755581.1|A/cattle/Texas/24-008749-002/2024(H5N1)	529	9676
HA|PP755581.1|A/cattle/Texas/24-008749-002/2024(H5N1)	530	9719
HA|PP755581.1|A/cattle/Texas/24-008749-002/2024(H5N1)	531	9750
HA|PP755581.1|A/cattle/Texas/24-008749-002/2024(H5N1)	532	9721
HA|PP755581.1|A/cattle/Texas/24-008749-002/2024(H5N1)	533	9521
HA|PP755581.1|A/cattle/Texas/24-008749-002/2024(H5N1)	534	9519
HA|PP755581.1|A/cattle/Texas/24-008749-002/2024(H5N1)	535	9673
HA|PP755581.1|A/cattle/Texas/24-008749-002/2024(H5N1)	536	9878
HA|PP755581.1|A/cattle/Texas/24-008749-002/2024(H5N1)	537	9730
HA|PP755581.1|A/cattle/Texas/24-008749-002/2024(H5N1)	538	9745
HA|PP755581.1|A/cattle/Texas/24-008749-002/2024(H5N1)	539	9731
HA|PP755581.1|A/cattle/Texas/24-008749-002/2024(H5N1)	540	10341
HA|PP755581.1|A/cattle/Texas/24-008749-002/2024(H5N1)	541	10330
HA|PP755581.1|A/cattle/Texas/24-008749-002/2024(H5N1)	542	10348
HA|PP755581.1|A/cattle/Texas/24-008749-002/2024(H5N1)	543	10347
HA|PP755581.1|A/cattle/Texas/24-008749-002/2024(H5N1)	544	10154
HA|PP755581.1|A/cattle/Texas/24-008749-002/2024(H5N1)	545	10230
HA|PP755581.1|A/cattle/Texas/24-008749-002/2024(H5N1)	546	10208
HA|PP755581.1|A/cattle/Texas/24-008749-002/2024(H5N1)	547	10225
HA|PP755581.1|A/cattle/Texas/24-008749-002/2024(H5N1)	548	10080
HA|PP755581.1|A/cattle/Texas/24-008749-002/2024(H5N1)	549	9566
HA|PP755581.1|A/cattle/Texas/24-008749-002/2024(H5N1)	550	9587
HA|PP755581.1|A/cattle/Texas/24-008749-002/2024(H5N1)	551	9564
HA|PP755581.1|A/cattle/Texas/24-008749-002/2024(H5N1)	552	9563
HA|PP755581.1|A/cattle/Texas/24-008749-002/2024(H5N1)	553	9559
HA|PP755581.1|A/cattle/Texas/24-008749-002/2024(H5N1)	554	9519
HA|PP755581.1|A/cattle/Texas/24-008749-002/2024(H5N1)	555	9594
HA|PP755581.1|A/cattle/Texas/24-008749-002/2024(H5N1)	556	9592
HA|PP755581.1|A/cattle/Texas/24-008749-002/2024(H5N1)	557	9601
HA|PP755581.1|A/cattle/Texas/24-008749-002/2024(H5N1)	558	9561
HA|PP755581.1|A/cattle/Texas/24-008749-002/2024(H5N1)	559	9620
HA|PP755581.1|A/cattle/Texas/24-008749-002/2024(H5N1)	560	9668
HA|PP755581.1|A/cattle/Texas/24-008749-002/2024(H5N1)	561	9802
HA|PP755581.1|A/cattle/Texas/24-008749-002/2024(H5N1)	562	9921
HA|PP755581.1|A/cattle/Texas/24-008749-002/2024(H5N1)	563	10106
HA|PP755581.1|A/cattle/Texas/24-008749-002/2024(H5N1)	564	10247
HA|PP755581.1|A/cattle/Texas/24-008749-002/2024(H5N1)	565	10240
HA|PP755581.1|A/cattle/Texas/24-008749-002/2024(H5N1)	566	10263
HA|PP755581.1|A/cattle/Texas/24-008749-002/2024(H5N1)	567	10267
HA|PP755581.1|A/cattle/Texas/24-008749-002/2024(H5N1)	568	10262
HA|PP755581.1|A/cattle/Texas/24-008749-002/2024(H5N1)	569	10267
HA|PP755581.1|A/cattle/Texas/24-008749-002/2024(H5N1)	570	10159
HA|PP755581.1|A/cattle/Texas/24-008749-002/2024(H5N1)	571	10238
HA|PP755581.1|A/cattle/Texas/24-008749-002/2024(H5N1)	572	10057
HA|PP755581.1|A/cattle/Texas/24-008749-002/2024(H5N1)	573	10338
HA|PP755581.1|A/cattle/Texas/24-008749-002/2024(H5N1)	574	10347
HA|PP755581.1|A/cattle/Texas/24-008749-002/2024(H5N1)	575	10340
HA|PP755581.1|A/cattle/Texas/24-008749-002/2024(H5N1)	576	10346
HA|PP755581.1|A/cattle/Texas/24-008749-002/2024(H5N1)	577	10297
HA|PP755581.1|A/cattle/Texas/24-008749-002/2024(H5N1)	578	10427
HA|PP755581.1|A/cattle/Texas/24-008749-002/2024(H5N1)	579	10339
HA|PP755581.1|A/cattle/Texas/24-008749-002/2024(H5N1)	580	10348
HA|PP755581.1|A/cattle/Texas/24-008749-002/2024(H5N1)	581	10312
HA|PP755581.1|A/cattle/Texas/24-008749-002/2024(H5N1)	582	9463
HA|PP755581.1|A/cattle/Texas/24-008749-002/2024(H5N1)	583	9367
HA|PP755581.1|A/cattle/Texas/24-008749-002/2024(H5N1)	584	9345
HA|PP755581.1|A/cattle/Texas/24-008749-002/2024(H5N1)	585	9569
HA|PP755581.1|A/cattle/Texas/24-008749-002/2024(H5N1)	586	9553
HA|PP755581.1|A/cattle/Texas/24-008749-002/2024(H5N1)	587	9384
HA|PP755581.1|A/cattle/Texas/24-008749-002/2024(H5N1)	588	9461
HA|PP755581.1|A/cattle/Texas/24-008749-002/2024(H5N1)	589	9349
HA|PP755581.1|A/cattle/Texas/24-008749-002/2024(H5N1)	590	9980
HA|PP755581.1|A/cattle/Texas/24-008749-002/2024(H5N1)	591	10013
HA|PP755581.1|A/cattle/Texas/24-008749-002/2024(H5N1)	592	9976
HA|PP755581.1|A/cattle/Texas/24-008749-002/2024(H5N1)	593	9981
HA|PP755581.1|A/cattle/Texas/24-008749-002/2024(H5N1)	594	10071
HA|PP755581.1|A/cattle/Texas/24-008749-002/2024(H5N1)	595	10026
HA|PP755581.1|A/cattle/Texas/24-008749-002/2024(H5N1)	596	10372
HA|PP755581.1|A/cattle/Texas/24-008749-002/2024(H5N1)	597	10153
HA|PP755581.1|A/cattle/Texas/24-008749-002/2024(H5N1)	598	10188
HA|PP755581.1|A/cattle/Texas/24-008749-002/2024(H5N1)	599	10220
HA|PP755581.1|A/cattle/Texas/24-008749-002/2024(H5N1)	600	10142
HA|PP755581.1|A/cattle/Texas/24-008749-002/2024(H5N1)	601	10193
HA|PP755581.1|A/cattle/Texas/24-008749-002/2024(H5N1)	602	10530
HA|PP755581.1|A/cattle/Texas/24-008749-002/2024(H5N1)	603	10139
HA|PP755581.1|A/cattle/Texas/24-008749-002/2024(H5N1)	604	10238
HA|PP755581.1|A/cattle/Texas/24-008749-002/2024(H5N1)	605	9917
HA|PP755581.1|A/cattle/Texas/24-008749-002/2024(H5N1)	606	9948
HA|PP755581.1|A/cattle/Texas/24-008749-002/2024(H5N1)	607	9710
HA|PP755581.1|A/cattle/Texas/24-008749-002/2024(H5N1)	608	9741
HA|PP755581.1|A/cattle/Texas/24-008749-002/2024(H5N1)	609	9823
HA|PP755581.1|A/cattle/Texas/24-008749-002/2024(H5N1)	610	9787
HA|PP755581.1|A/cattle/Texas/24-008749-002/2024(H5N1)	611	9823
HA|PP755581.1|A/cattle/Texas/24-008749-002/2024(H5N1)	612	9788
HA|PP755581.1|A/cattle/Texas/24-008749-002/2024(H5N1)	613	9748
HA|PP755581.1|A/cattle/Texas/24-008749-002/2024(H5N1)	614	9737
HA|PP755581.1|A/cattle/Texas/24-008749-002/2024(H5N1)	615	9740
HA|PP755581.1|A/cattle/Texas/24-008749-002/2024(H5N1)	616	10101
HA|PP755581.1|A/cattle/Texas/24-008749-002/2024(H5N1)	617	10028
HA|PP755581.1|A/cattle/Texas/24-008749-002/2024(H5N1)	618	9967
HA|PP755581.1|A/cattle/Texas/24-008749-002/2024(H5N1)	619	9964
HA|PP755581.1|A/cattle/Texas/24-008749-002/2024(H5N1)	620	10021
HA|PP755581.1|A/cattle/Texas/24-008749-002/2024(H5N1)	621	10051
HA|PP755581.1|A/cattle/Texas/24-008749-002/2024(H5N1)	622	10093
HA|PP755581.1|A/cattle/Texas/24-008749-002/2024(H5N1)	623	10082
HA|PP755581.1|A/cattle/Texas/24-008749-002/2024(H5N1)	624	10146
HA|PP755581.1|A/cattle/Texas/24-008749-002/2024(H5N1)	625	10154
HA|PP755581.1|A/cattle/Texas/24-008749-002/2024(H5N1)	626	10189
HA|PP755581.1|A/cattle/Texas/24-008749-002/2024(H5N1)	627	10265
HA|PP755581.1|A/cattle/Texas/24-008749-002/2024(H5N1)	628	10242
HA|PP755581.1|A/cattle/Texas/24-008749-002/2024(H5N1)	629	10214
HA|PP755581.1|A/cattle/Texas/24-008749-002/2024(H5N1)	630	10195
HA|PP755581.1|A/cattle/Texas/24-008749-002/2024(H5N1)	631	10291
HA|PP755581.1|A/cattle/Texas/24-008749-002/2024(H5N1)	632	10315
HA|PP755581.1|A/cattle/Texas/24-008749-002/2024(H5N1)	633	10347
HA|PP755581.1|A/cattle/Texas/24-008749-002/2024(H5N1)	634	10355
HA|PP755581.1|A/cattle/Texas/24-008749-002/2024(H5N1)	635	10468
HA|PP755581.1|A/cattle/Texas/24-008749-002/2024(H5N1)	636	10388
HA|PP755581.1|A/cattle/Texas/24-008749-002/2024(H5N1)	637	10358
HA|PP755581.1|A/cattle/Texas/24-008749-002/2024(H5N1)	638	10452
HA|PP755581.1|A/cattle/Texas/24-008749-002/2024(H5N1)	639	10439
HA|PP755581.1|A/cattle/Texas/24-008749-002/2024(H5N1)	640	10382
HA|PP755581.1|A/cattle/Texas/24-008749-002/2024(H5N1)	641	10394
HA|PP755581.1|A/cattle/Texas/24-008749-002/2024(H5N1)	642	10311
HA|PP755581.1|A/cattle/Texas/24-008749-002/2024(H5N1)	643	10296
HA|PP755581.1|A/cattle/Texas/24-008749-002/2024(H5N1)	644	10200
HA|PP755581.1|A/cattle/Texas/24-008749-002/2024(H5N1)	645	10172
HA|PP755581.1|A/cattle/Texas/24-008749-002/2024(H5N1)	646	10193
HA|PP755581.1|A/cattle/Texas/24-008749-002/2024(H5N1)	647	10139
HA|PP755581.1|A/cattle/Texas/24-008749-002/2024(H5N1)	648	10081
HA|PP755581.1|A/cattle/Texas/24-008749-002/2024(H5N1)	649	10085
HA|PP755581.1|A/cattle/Texas/24-008749-002/2024(H5N1)	650	10099
HA|PP755581.1|A/cattle/Texas/24-008749-002/2024(H5N1)	651	10493
HA|PP755581.1|A/cattle/Texas/24-008749-002/2024(H5N1)	652	10601
HA|PP755581.1|A/cattle/Texas/24-008749-002/2024(H5N1)	653	10678
HA|PP755581.1|A/cattle/Texas/24-008749-002/2024(H5N1)	654	10687
HA|PP755581.1|A/cattle/Texas/24-008749-002/2024(H5N1)	655	10678
HA|PP755581.1|A/cattle/Texas/24-008749-002/2024(H5N1)	656	10738
HA|PP755581.1|A/cattle/Texas/24-008749-002/2024(H5N1)	657	10876
HA|PP755581.1|A/cattle/Texas/24-008749-002/2024(H5N1)	658	10944
HA|PP755581.1|A/cattle/Texas/24-008749-002/2024(H5N1)	659	11177
HA|PP755581.1|A/cattle/Texas/24-008749-002/2024(H5N1)	660	11150
HA|PP755581.1|A/cattle/Texas/24-008749-002/2024(H5N1)	661	11158
HA|PP755581.1|A/cattle/Texas/24-008749-002/2024(H5N1)	662	11065
HA|PP755581.1|A/cattle/Texas/24-008749-002/2024(H5N1)	663	10824
HA|PP755581.1|A/cattle/Texas/24-008749-002/2024(H5N1)	664	10990
HA|PP755581.1|A/cattle/Texas/24-008749-002/2024(H5N1)	665	11060
HA|PP755581.1|A/cattle/Texas/24-008749-002/2024(H5N1)	666	11077
HA|PP755581.1|A/cattle/Texas/24-008749-002/2024(H5N1)	667	10987
HA|PP755581.1|A/cattle/Texas/24-008749-002/2024(H5N1)	668	10716
HA|PP755581.1|A/cattle/Texas/24-008749-002/2024(H5N1)	669	10757
HA|PP755581.1|A/cattle/Texas/24-008749-002/2024(H5N1)	670	10731
HA|PP755581.1|A/cattle/Texas/24-008749-002/2024(H5N1)	671	10856
HA|PP755581.1|A/cattle/Texas/24-008749-002/2024(H5N1)	672	10836
HA|PP755581.1|A/cattle/Texas/24-008749-002/2024(H5N1)	673	10703
HA|PP755581.1|A/cattle/Texas/24-008749-002/2024(H5N1)	674	10657
HA|PP755581.1|A/cattle/Texas/24-008749-002/2024(H5N1)	675	10300
HA|PP755581.1|A/cattle/Texas/24-008749-002/2024(H5N1)	676	10323
HA|PP755581.1|A/cattle/Texas/24-008749-002/2024(H5N1)	677	10335
HA|PP755581.1|A/cattle/Texas/24-008749-002/2024(H5N1)	678	10308
HA|PP755581.1|A/cattle/Texas/24-008749-002/2024(H5N1)	679	10366
HA|PP755581.1|A/cattle/Texas/24-008749-002/2024(H5N1)	680	10197
HA|PP755581.1|A/cattle/Texas/24-008749-002/2024(H5N1)	681	10257
HA|PP755581.1|A/cattle/Texas/24-008749-002/2024(H5N1)	682	10256
HA|PP755581.1|A/cattle/Texas/24-008749-002/2024(H5N1)	683	10264
HA|PP755581.1|A/cattle/Texas/24-008749-002/2024(H5N1)	684	10278
HA|PP755581.1|A/cattle/Texas/24-008749-002/2024(H5N1)	685	10283
HA|PP755581.1|A/cattle/Texas/24-008749-002/2024(H5N1)	686	10211
HA|PP755581.1|A/cattle/Texas/24-008749-002/2024(H5N1)	687	10075
HA|PP755581.1|A/cattle/Texas/24-008749-002/2024(H5N1)	688	10041
HA|PP755581.1|A/cattle/Texas/24-008749-002/2024(H5N1)	689	9550
HA|PP755581.1|A/cattle/Texas/24-008749-002/2024(H5N1)	690	9542
HA|PP755581.1|A/cattle/Texas/24-008749-002/2024(H5N1)	691	9800
HA|PP755581.1|A/cattle/Texas/24-008749-002/2024(H5N1)	692	9798
HA|PP755581.1|A/cattle/Texas/24-008749-002/2024(H5N1)	693	9800
HA|PP755581.1|A/cattle/Texas/24-008749-002/2024(H5N1)	694	9796
HA|PP755581.1|A/cattle/Texas/24-008749-002/2024(H5N1)	695	9820
HA|PP755581.1|A/cattle/Texas/24-008749-002/2024(H5N1)	696	9904
HA|PP755581.1|A/cattle/Texas/24-008749-002/2024(H5N1)	697	9889
HA|PP755581.1|A/cattle/Texas/24-008749-002/2024(H5N1)	698	9869
HA|PP755581.1|A/cattle/Texas/24-008749-002/2024(H5N1)	699	9903
HA|PP755581.1|A/cattle/Texas/24-008749-002/2024(H5N1)	700	9768
HA|PP755581.1|A/cattle/Texas/24-008749-002/2024(H5N1)	701	9784
HA|PP755581.1|A/cattle/Texas/24-008749-002/2024(H5N1)	702	9781
HA|PP755581.1|A/cattle/Texas/24-008749-002/2024(H5N1)	703	9855
HA|PP755581.1|A/cattle/Texas/24-008749-002/2024(H5N1)	704	9827
HA|PP755581.1|A/cattle/Texas/24-008749-002/2024(H5N1)	705	9732
HA|PP755581.1|A/cattle/Texas/24-008749-002/2024(H5N1)	706	9739
HA|PP755581.1|A/cattle/Texas/24-008749-002/2024(H5N1)	707	9734
HA|PP755581.1|A/cattle/Texas/24-008749-002/2024(H5N1)	708	9745
HA|PP755581.1|A/cattle/Texas/24-008749-002/2024(H5N1)	709	9722
HA|PP755581.1|A/cattle/Texas/24-008749-002/2024(H5N1)	710	9868
HA|PP755581.1|A/cattle/Texas/24-008749-002/2024(H5N1)	711	9863
HA|PP755581.1|A/cattle/Texas/24-008749-002/2024(H5N1)	712	9778
HA|PP755581.1|A/cattle/Texas/24-008749-002/2024(H5N1)	713	9778
HA|PP755581.1|A/cattle/Texas/24-008749-002/2024(H5N1)	714	10480
HA|PP755581.1|A/cattle/Texas/24-008749-002/2024(H5N1)	715	10533
HA|PP755581.1|A/cattle/Texas/24-008749-002/2024(H5N1)	716	10615
HA|PP755581.1|A/cattle/Texas/24-008749-002/2024(H5N1)	717	10597
HA|PP755581.1|A/cattle/Texas/24-008749-002/2024(H5N1)	718	10578
HA|PP755581.1|A/cattle/Texas/24-008749-002/2024(H5N1)	719	10575
HA|PP755581.1|A/cattle/Texas/24-008749-002/2024(H5N1)	720	10654
HA|PP755581.1|A/cattle/Texas/24-008749-002/2024(H5N1)	721	10653
HA|PP755581.1|A/cattle/Texas/24-008749-002/2024(H5N1)	722	10649
HA|PP755581.1|A/cattle/Texas/24-008749-002/2024(H5N1)	723	10378
HA|PP755581.1|A/cattle/Texas/24-008749-002/2024(H5N1)	724	10123
HA|PP755581.1|A/cattle/Texas/24-008749-002/2024(H5N1)	725	10242
HA|PP755581.1|A/cattle/Texas/24-008749-002/2024(H5N1)	726	10230
HA|PP755581.1|A/cattle/Texas/24-008749-002/2024(H5N1)	727	10395
HA|PP755581.1|A/cattle/Texas/24-008749-002/2024(H5N1)	728	10322
HA|PP755581.1|A/cattle/Texas/24-008749-002/2024(H5N1)	729	10158
HA|PP755581.1|A/cattle/Texas/24-008749-002/2024(H5N1)	730	10097
HA|PP755581.1|A/cattle/Texas/24-008749-002/2024(H5N1)	731	10099
HA|PP755581.1|A/cattle/Texas/24-008749-002/2024(H5N1)	732	10896
HA|PP755581.1|A/cattle/Texas/24-008749-002/2024(H5N1)	733	10914
HA|PP755581.1|A/cattle/Texas/24-008749-002/2024(H5N1)	734	10917
HA|PP755581.1|A/cattle/Texas/24-008749-002/2024(H5N1)	735	10787
HA|PP755581.1|A/cattle/Texas/24-008749-002/2024(H5N1)	736	10641
HA|PP755581.1|A/cattle/Texas/24-008749-002/2024(H5N1)	737	10705
HA|PP755581.1|A/cattle/Texas/24-008749-002/2024(H5N1)	738	10718
HA|PP755581.1|A/cattle/Texas/24-008749-002/2024(H5N1)	739	10821
HA|PP755581.1|A/cattle/Texas/24-008749-002/2024(H5N1)	740	10831
HA|PP755581.1|A/cattle/Texas/24-008749-002/2024(H5N1)	741	10109
HA|PP755581.1|A/cattle/Texas/24-008749-002/2024(H5N1)	742	10161
HA|PP755581.1|A/cattle/Texas/24-008749-002/2024(H5N1)	743	10369
HA|PP755581.1|A/cattle/Texas/24-008749-002/2024(H5N1)	744	10490
HA|PP755581.1|A/cattle/Texas/24-008749-002/2024(H5N1)	745	10706
HA|PP755581.1|A/cattle/Texas/24-008749-002/2024(H5N1)	746	10769
HA|PP755581.1|A/cattle/Texas/24-008749-002/2024(H5N1)	747	10489
HA|PP755581.1|A/cattle/Texas/24-008749-002/2024(H5N1)	748	10591
HA|PP755581.1|A/cattle/Texas/24-008749-002/2024(H5N1)	749	10568
HA|PP755581.1|A/cattle/Texas/24-008749-002/2024(H5N1)	750	10537
HA|PP755581.1|A/cattle/Texas/24-008749-002/2024(H5N1)	751	10507
HA|PP755581.1|A/cattle/Texas/24-008749-002/2024(H5N1)	752	10316
HA|PP755581.1|A/cattle/Texas/24-008749-002/2024(H5N1)	753	10210
HA|PP755581.1|A/cattle/Texas/24-008749-002/2024(H5N1)	754	10199
HA|PP755581.1|A/cattle/Texas/24-008749-002/2024(H5N1)	755	10168
HA|PP755581.1|A/cattle/Texas/24-008749-002/2024(H5N1)	756	10175
HA|PP755581.1|A/cattle/Texas/24-008749-002/2024(H5N1)	757	10140
HA|PP755581.1|A/cattle/Texas/24-008749-002/2024(H5N1)	758	10537
HA|PP755581.1|A/cattle/Texas/24-008749-002/2024(H5N1)	759	10493
HA|PP755581.1|A/cattle/Texas/24-008749-002/2024(H5N1)	760	10403
HA|PP755581.1|A/cattle/Texas/24-008749-002/2024(H5N1)	761	10476
HA|PP755581.1|A/cattle/Texas/24-008749-002/2024(H5N1)	762	10381
HA|PP755581.1|A/cattle/Texas/24-008749-002/2024(H5N1)	763	10507
HA|PP755581.1|A/cattle/Texas/24-008749-002/2024(H5N1)	764	10514
HA|PP755581.1|A/cattle/Texas/24-008749-002/2024(H5N1)	765	10584
HA|PP755581.1|A/cattle/Texas/24-008749-002/2024(H5N1)	766	10653
HA|PP755581.1|A/cattle/Texas/24-008749-002/2024(H5N1)	767	10196
HA|PP755581.1|A/cattle/Texas/24-008749-002/2024(H5N1)	768	10245
HA|PP755581.1|A/cattle/Texas/24-008749-002/2024(H5N1)	769	10236
HA|PP755581.1|A/cattle/Texas/24-008749-002/2024(H5N1)	770	10235
HA|PP755581.1|A/cattle/Texas/24-008749-002/2024(H5N1)	771	10191
HA|PP755581.1|A/cattle/Texas/24-008749-002/2024(H5N1)	772	10158
HA|PP755581.1|A/cattle/Texas/24-008749-002/2024(H5N1)	773	10070
HA|PP755581.1|A/cattle/Texas/24-008749-002/2024(H5N1)	774	10102
HA|PP755581.1|A/cattle/Texas/24-008749-002/2024(H5N1)	775	10043
HA|PP755581.1|A/cattle/Texas/24-008749-002/2024(H5N1)	776	10032
HA|PP755581.1|A/cattle/Texas/24-008749-002/2024(H5N1)	777	10033
HA|PP755581.1|A/cattle/Texas/24-008749-002/2024(H5N1)	778	9963
HA|PP755581.1|A/cattle/Texas/24-008749-002/2024(H5N1)	779	10023
HA|PP755581.1|A/cattle/Texas/24-008749-002/2024(H5N1)	780	10033
HA|PP755581.1|A/cattle/Texas/24-008749-002/2024(H5N1)	781	10036
HA|PP755581.1|A/cattle/Texas/24-008749-002/2024(H5N1)	782	9979
HA|PP755581.1|A/cattle/Texas/24-008749-002/2024(H5N1)	783	9997
HA|PP755581.1|A/cattle/Texas/24-008749-002/2024(H5N1)	784	10432
HA|PP755581.1|A/cattle/Texas/24-008749-002/2024(H5N1)	785	10550
HA|PP755581.1|A/cattle/Texas/24-008749-002/2024(H5N1)	786	10447
HA|PP755581.1|A/cattle/Texas/24-008749-002/2024(H5N1)	787	10513
HA|PP755581.1|A/cattle/Texas/24-008749-002/2024(H5N1)	788	10517
HA|PP755581.1|A/cattle/Texas/24-008749-002/2024(H5N1)	789	10389
HA|PP755581.1|A/cattle/Texas/24-008749-002/2024(H5N1)	790	10380
HA|PP755581.1|A/cattle/Texas/24-008749-002/2024(H5N1)	791	10406
HA|PP755581.1|A/cattle/Texas/24-008749-002/2024(H5N1)	792	10540
HA|PP755581.1|A/cattle/Texas/24-008749-002/2024(H5N1)	793	10882
HA|PP755581.1|A/cattle/Texas/24-008749-002/2024(H5N1)	794	11019
HA|PP755581.1|A/cattle/Texas/24-008749-002/2024(H5N1)	795	11006
HA|PP755581.1|A/cattle/Texas/24-008749-002/2024(H5N1)	796	11048
HA|PP755581.1|A/cattle/Texas/24-008749-002/2024(H5N1)	797	11049
HA|PP755581.1|A/cattle/Texas/24-008749-002/2024(H5N1)	798	11101
HA|PP755581.1|A/cattle/Texas/24-008749-002/2024(H5N1)	799	11312
HA|PP755581.1|A/cattle/Texas/24-008749-002/2024(H5N1)	800	11926
HA|PP755581.1|A/cattle/Texas/24-008749-002/2024(H5N1)	801	11958
HA|PP755581.1|A/cattle/Texas/24-008749-002/2024(H5N1)	802	11520
HA|PP755581.1|A/cattle/Texas/24-008749-002/2024(H5N1)	803	11412
HA|PP755581.1|A/cattle/Texas/24-008749-002/2024(H5N1)	804	11372
HA|PP755581.1|A/cattle/Texas/24-008749-002/2024(H5N1)	805	11351
HA|PP755581.1|A/cattle/Texas/24-008749-002/2024(H5N1)	806	11404
HA|PP755581.1|A/cattle/Texas/24-008749-002/2024(H5N1)	807	11396
HA|PP755581.1|A/cattle/Texas/24-008749-002/2024(H5N1)	808	11240
HA|PP755581.1|A/cattle/Texas/24-008749-002/2024(H5N1)	809	11103
HA|PP755581.1|A/cattle/Texas/24-008749-002/2024(H5N1)	810	10908
HA|PP755581.1|A/cattle/Texas/24-008749-002/2024(H5N1)	811	10941
HA|PP755581.1|A/cattle/Texas/24-008749-002/2024(H5N1)	812	11056
HA|PP755581.1|A/cattle/Texas/24-008749-002/2024(H5N1)	813	11057
HA|PP755581.1|A/cattle/Texas/24-008749-002/2024(H5N1)	814	11088
HA|PP755581.1|A/cattle/Texas/24-008749-002/2024(H5N1)	815	10935
HA|PP755581.1|A/cattle/Texas/24-008749-002/2024(H5N1)	816	10899
HA|PP755581.1|A/cattle/Texas/24-008749-002/2024(H5N1)	817	10874
HA|PP755581.1|A/cattle/Texas/24-008749-002/2024(H5N1)	818	10863
HA|PP755581.1|A/cattle/Texas/24-008749-002/2024(H5N1)	819	10853
HA|PP755581.1|A/cattle/Texas/24-008749-002/2024(H5N1)	820	10829
HA|PP755581.1|A/cattle/Texas/24-008749-002/2024(H5N1)	821	10808
HA|PP755581.1|A/cattle/Texas/24-008749-002/2024(H5N1)	822	10776
HA|PP755581.1|A/cattle/Texas/24-008749-002/2024(H5N1)	823	10784
HA|PP755581.1|A/cattle/Texas/24-008749-002/2024(H5N1)	824	10789
HA|PP755581.1|A/cattle/Texas/24-008749-002/2024(H5N1)	825	10784
HA|PP755581.1|A/cattle/Texas/24-008749-002/2024(H5N1)	826	10774
HA|PP755581.1|A/cattle/Texas/24-008749-002/2024(H5N1)	827	10797
HA|PP755581.1|A/cattle/Texas/24-008749-002/2024(H5N1)	828	10874
HA|PP755581.1|A/cattle/Texas/24-008749-002/2024(H5N1)	829	10869
HA|PP755581.1|A/cattle/Texas/24-008749-002/2024(H5N1)	830	10822
HA|PP755581.1|A/cattle/Texas/24-008749-002/2024(H5N1)	831	10873
HA|PP755581.1|A/cattle/Texas/24-008749-002/2024(H5N1)	832	10801
HA|PP755581.1|A/cattle/Texas/24-008749-002/2024(H5N1)	833	10851
HA|PP755581.1|A/cattle/Texas/24-008749-002/2024(H5N1)	834	10848
HA|PP755581.1|A/cattle/Texas/24-008749-002/2024(H5N1)	835	11018
HA|PP755581.1|A/cattle/Texas/24-008749-002/2024(H5N1)	836	11009
HA|PP755581.1|A/cattle/Texas/24-008749-002/2024(H5N1)	837	10917
HA|PP755581.1|A/cattle/Texas/24-008749-002/2024(H5N1)	838	10974
HA|PP755581.1|A/cattle/Texas/24-008749-002/2024(H5N1)	839	10975
HA|PP755581.1|A/cattle/Texas/24-008749-002/2024(H5N1)	840	10926
HA|PP755581.1|A/cattle/Texas/24-008749-002/2024(H5N1)	841	10969
HA|PP755581.1|A/cattle/Texas/24-008749-002/2024(H5N1)	842	10793
HA|PP755581.1|A/cattle/Texas/24-008749-002/2024(H5N1)	843	10801
HA|PP755581.1|A/cattle/Texas/24-008749-002/2024(H5N1)	844	10816
HA|PP755581.1|A/cattle/Texas/24-008749-002/2024(H5N1)	845	10798
HA|PP755581.1|A/cattle/Texas/24-008749-002/2024(H5N1)	846	10764
HA|PP755581.1|A/cattle/Texas/24-008749-002/2024(H5N1)	847	10586
HA|PP755581.1|A/cattle/Texas/24-008749-002/2024(H5N1)	848	10629
HA|PP755581.1|A/cattle/Texas/24-008749-002/2024(H5N1)	849	10679
HA|PP755581.1|A/cattle/Texas/24-008749-002/2024(H5N1)	850	10653
HA|PP755581.1|A/cattle/Texas/24-008749-002/2024(H5N1)	851	10890
HA|PP755581.1|A/cattle/Texas/24-008749-002/2024(H5N1)	852	10865
HA|PP755581.1|A/cattle/Texas/24-008749-002/2024(H5N1)	853	11039
HA|PP755581.1|A/cattle/Texas/24-008749-002/2024(H5N1)	854	11138
HA|PP755581.1|A/cattle/Texas/24-008749-002/2024(H5N1)	855	11210
HA|PP755581.1|A/cattle/Texas/24-008749-002/2024(H5N1)	856	11971
HA|PP755581.1|A/cattle/Texas/24-008749-002/2024(H5N1)	857	12160
HA|PP755581.1|A/cattle/Texas/24-008749-002/2024(H5N1)	858	12167
HA|PP755581.1|A/cattle/Texas/24-008749-002/2024(H5N1)	859	12326
HA|PP755581.1|A/cattle/Texas/24-008749-002/2024(H5N1)	860	12031
HA|PP755581.1|A/cattle/Texas/24-008749-002/2024(H5N1)	861	12010
HA|PP755581.1|A/cattle/Texas/24-008749-002/2024(H5N1)	862	11941
HA|PP755581.1|A/cattle/Texas/24-008749-002/2024(H5N1)	863	11956
HA|PP755581.1|A/cattle/Texas/24-008749-002/2024(H5N1)	864	11601
HA|PP755581.1|A/cattle/Texas/24-008749-002/2024(H5N1)	865	10943
HA|PP755581.1|A/cattle/Texas/24-008749-002/2024(H5N1)	866	10767
HA|PP755581.1|A/cattle/Texas/24-008749-002/2024(H5N1)	867	10958
HA|PP755581.1|A/cattle/Texas/24-008749-002/2024(H5N1)	868	10994
HA|PP755581.1|A/cattle/Texas/24-008749-002/2024(H5N1)	869	10997
HA|PP755581.1|A/cattle/Texas/24-008749-002/2024(H5N1)	870	10944
HA|PP755581.1|A/cattle/Texas/24-008749-002/2024(H5N1)	871	10848
HA|PP755581.1|A/cattle/Texas/24-008749-002/2024(H5N1)	872	10781
HA|PP755581.1|A/cattle/Texas/24-008749-002/2024(H5N1)	873	10801
HA|PP755581.1|A/cattle/Texas/24-008749-002/2024(H5N1)	874	10842
HA|PP755581.1|A/cattle/Texas/24-008749-002/2024(H5N1)	875	10891
HA|PP755581.1|A/cattle/Texas/24-008749-002/2024(H5N1)	876	10665
HA|PP755581.1|A/cattle/Texas/24-008749-002/2024(H5N1)	877	10664
HA|PP755581.1|A/cattle/Texas/24-008749-002/2024(H5N1)	878	10536
HA|PP755581.1|A/cattle/Texas/24-008749-002/2024(H5N1)	879	10555
HA|PP755581.1|A/cattle/Texas/24-008749-002/2024(H5N1)	880	10675
HA|PP755581.1|A/cattle/Texas/24-008749-002/2024(H5N1)	881	10720
HA|PP755581.1|A/cattle/Texas/24-008749-002/2024(H5N1)	882	10659
HA|PP755581.1|A/cattle/Texas/24-008749-002/2024(H5N1)	883	9964
HA|PP755581.1|A/cattle/Texas/24-008749-002/2024(H5N1)	884	9991
HA|PP755581.1|A/cattle/Texas/24-008749-002/2024(H5N1)	885	10027
HA|PP755581.1|A/cattle/Texas/24-008749-002/2024(H5N1)	886	10062
HA|PP755581.1|A/cattle/Texas/24-008749-002/2024(H5N1)	887	10389
HA|PP755581.1|A/cattle/Texas/24-008749-002/2024(H5N1)	888	10405
HA|PP755581.1|A/cattle/Texas/24-008749-002/2024(H5N1)	889	10312
HA|PP755581.1|A/cattle/Texas/24-008749-002/2024(H5N1)	890	10323
HA|PP755581.1|A/cattle/Texas/24-008749-002/2024(H5N1)	891	10310
HA|PP755581.1|A/cattle/Texas/24-008749-002/2024(H5N1)	892	10313
HA|PP755581.1|A/cattle/Texas/24-008749-002/2024(H5N1)	893	10214
HA|PP755581.1|A/cattle/Texas/24-008749-002/2024(H5N1)	894	10035
HA|PP755581.1|A/cattle/Texas/24-008749-002/2024(H5N1)	895	9846
HA|PP755581.1|A/cattle/Texas/24-008749-002/2024(H5N1)	896	9713
HA|PP755581.1|A/cattle/Texas/24-008749-002/2024(H5N1)	897	9608
HA|PP755581.1|A/cattle/Texas/24-008749-002/2024(H5N1)	898	9609
HA|PP755581.1|A/cattle/Texas/24-008749-002/2024(H5N1)	899	9708
HA|PP755581.1|A/cattle/Texas/24-008749-002/2024(H5N1)	900	9717
HA|PP755581.1|A/cattle/Texas/24-008749-002/2024(H5N1)	901	9729
HA|PP755581.1|A/cattle/Texas/24-008749-002/2024(H5N1)	902	9712
HA|PP755581.1|A/cattle/Texas/24-008749-002/2024(H5N1)	903	9811
HA|PP755581.1|A/cattle/Texas/24-008749-002/2024(H5N1)	904	9724
HA|PP755581.1|A/cattle/Texas/24-008749-002/2024(H5N1)	905	9824
HA|PP755581.1|A/cattle/Texas/24-008749-002/2024(H5N1)	906	9833
HA|PP755581.1|A/cattle/Texas/24-008749-002/2024(H5N1)	907	9836
HA|PP755581.1|A/cattle/Texas/24-008749-002/2024(H5N1)	908	9565
HA|PP755581.1|A/cattle/Texas/24-008749-002/2024(H5N1)	909	9639
HA|PP755581.1|A/cattle/Texas/24-008749-002/2024(H5N1)	910	9639
HA|PP755581.1|A/cattle/Texas/24-008749-002/2024(H5N1)	911	9641
HA|PP755581.1|A/cattle/Texas/24-008749-002/2024(H5N1)	912	9556
HA|PP755581.1|A/cattle/Texas/24-008749-002/2024(H5N1)	913	9557
HA|PP755581.1|A/cattle/Texas/24-008749-002/2024(H5N1)	914	9442
HA|PP755581.1|A/cattle/Texas/24-008749-002/2024(H5N1)	915	9410
HA|PP755581.1|A/cattle/Texas/24-008749-002/2024(H5N1)	916	10265
HA|PP755581.1|A/cattle/Texas/24-008749-002/2024(H5N1)	917	10213
HA|PP755581.1|A/cattle/Texas/24-008749-002/2024(H5N1)	918	10219
HA|PP755581.1|A/cattle/Texas/24-008749-002/2024(H5N1)	919	10220
HA|PP755581.1|A/cattle/Texas/24-008749-002/2024(H5N1)	920	10228
HA|PP755581.1|A/cattle/Texas/24-008749-002/2024(H5N1)	921	10300
HA|PP755581.1|A/cattle/Texas/24-008749-002/2024(H5N1)	922	10302
HA|PP755581.1|A/cattle/Texas/24-008749-002/2024(H5N1)	923	10316
HA|PP755581.1|A/cattle/Texas/24-008749-002/2024(H5N1)	924	10375
HA|PP755581.1|A/cattle/Texas/24-008749-002/2024(H5N1)	925	10322
HA|PP755581.1|A/cattle/Texas/24-008749-002/2024(H5N1)	926	10969
HA|PP755581.1|A/cattle/Texas/24-008749-002/2024(H5N1)	927	11098
HA|PP755581.1|A/cattle/Texas/24-008749-002/2024(H5N1)	928	11152
HA|PP755581.1|A/cattle/Texas/24-008749-002/2024(H5N1)	929	11259
HA|PP755581.1|A/cattle/Texas/24-008749-002/2024(H5N1)	930	11254
HA|PP755581.1|A/cattle/Texas/24-008749-002/2024(H5N1)	931	11279
HA|PP755581.1|A/cattle/Texas/24-008749-002/2024(H5N1)	932	11279
HA|PP755581.1|A/cattle/Texas/24-008749-002/2024(H5N1)	933	11296
HA|PP755581.1|A/cattle/Texas/24-008749-002/2024(H5N1)	934	11460
HA|PP755581.1|A/cattle/Texas/24-008749-002/2024(H5N1)	935	10872
HA|PP755581.1|A/cattle/Texas/24-008749-002/2024(H5N1)	936	10762
HA|PP755581.1|A/cattle/Texas/24-008749-002/2024(H5N1)	937	10751
HA|PP755581.1|A/cattle/Texas/24-008749-002/2024(H5N1)	938	10724
HA|PP755581.1|A/cattle/Texas/24-008749-002/2024(H5N1)	939	10749
HA|PP755581.1|A/cattle/Texas/24-008749-002/2024(H5N1)	940	10805
HA|PP755581.1|A/cattle/Texas/24-008749-002/2024(H5N1)	941	11526
HA|PP755581.1|A/cattle/Texas/24-008749-002/2024(H5N1)	942	11494
HA|PP755581.1|A/cattle/Texas/24-008749-002/2024(H5N1)	943	11389
HA|PP755581.1|A/cattle/Texas/24-008749-002/2024(H5N1)	944	11262
HA|PP755581.1|A/cattle/Texas/24-008749-002/2024(H5N1)	945	11210
HA|PP755581.1|A/cattle/Texas/24-008749-002/2024(H5N1)	946	11229
HA|PP755581.1|A/cattle/Texas/24-008749-002/2024(H5N1)	947	11183
HA|PP755581.1|A/cattle/Texas/24-008749-002/2024(H5N1)	948	11180
HA|PP755581.1|A/cattle/Texas/24-008749-002/2024(H5N1)	949	11133
HA|PP755581.1|A/cattle/Texas/24-008749-002/2024(H5N1)	950	10329
HA|PP755581.1|A/cattle/Texas/24-008749-002/2024(H5N1)	951	10388
HA|PP755581.1|A/cattle/Texas/24-008749-002/2024(H5N1)	952	10346
HA|PP755581.1|A/cattle/Texas/24-008749-002/2024(H5N1)	953	10408
HA|PP755581.1|A/cattle/Texas/24-008749-002/2024(H5N1)	954	10532
HA|PP755581.1|A/cattle/Texas/24-008749-002/2024(H5N1)	955	10607
HA|PP755581.1|A/cattle/Texas/24-008749-002/2024(H5N1)	956	10655
HA|PP755581.1|A/cattle/Texas/24-008749-002/2024(H5N1)	957	10664
HA|PP755581.1|A/cattle/Texas/24-008749-002/2024(H5N1)	958	10707
HA|PP755581.1|A/cattle/Texas/24-008749-002/2024(H5N1)	959	10710
HA|PP755581.1|A/cattle/Texas/24-008749-002/2024(H5N1)	960	10889
HA|PP755581.1|A/cattle/Texas/24-008749-002/2024(H5N1)	961	10994
HA|PP755581.1|A/cattle/Texas/24-008749-002/2024(H5N1)	962	10940
HA|PP755581.1|A/cattle/Texas/24-008749-002/2024(H5N1)	963	10813
HA|PP755581.1|A/cattle/Texas/24-008749-002/2024(H5N1)	964	10809
HA|PP755581.1|A/cattle/Texas/24-008749-002/2024(H5N1)	965	10851
HA|PP755581.1|A/cattle/Texas/24-008749-002/2024(H5N1)	966	10853
HA|PP755581.1|A/cattle/Texas/24-008749-002/2024(H5N1)	967	10941
HA|PP755581.1|A/cattle/Texas/24-008749-002/2024(H5N1)	968	11092
HA|PP755581.1|A/cattle/Texas/24-008749-002/2024(H5N1)	969	11098
HA|PP755581.1|A/cattle/Texas/24-008749-002/2024(H5N1)	970	11108
HA|PP755581.1|A/cattle/Texas/24-008749-002/2024(H5N1)	971	11108
HA|PP755581.1|A/cattle/Texas/24-008749-002/2024(H5N1)	972	11090
HA|PP755581.1|A/cattle/Texas/24-008749-002/2024(H5N1)	973	11267
HA|PP755581.1|A/cattle/Texas/24-008749-002/2024(H5N1)	974	11254
HA|PP755581.1|A/cattle/Texas/24-008749-002/2024(H5N1)	975	11261
HA|PP755581.1|A/cattle/Texas/24-008749-002/2024(H5N1)	976	11298
HA|PP755581.1|A/cattle/Texas/24-008749-002/2024(H5N1)	977	11428
HA|PP755581.1|A/cattle/Texas/24-008749-002/2024(H5N1)	978	11430
HA|PP755581.1|A/cattle/Texas/24-008749-002/2024(H5N1)	979	11762
HA|PP755581.1|A/cattle/Texas/24-008749-002/2024(H5N1)	980	11836
HA|PP755581.1|A/cattle/Texas/24-008749-002/2024(H5N1)	981	11836
HA|PP755581.1|A/cattle/Texas/24-008749-002/2024(H5N1)	982	11825
HA|PP755581.1|A/cattle/Texas/24-008749-002/2024(H5N1)	983	11895
HA|PP755581.1|A/cattle/Texas/24-008749-002/2024(H5N1)	984	12009
HA|PP755581.1|A/cattle/Texas/24-008749-002/2024(H5N1)	985	11980
HA|PP755581.1|A/cattle/Texas/24-008749-002/2024(H5N1)	986	11896
HA|PP755581.1|A/cattle/Texas/24-008749-002/2024(H5N1)	987	11930
HA|PP755581.1|A/cattle/Texas/24-008749-002/2024(H5N1)	988	11931
HA|PP755581.1|A/cattle/Texas/24-008749-002/2024(H5N1)	989	12090
HA|PP755581.1|A/cattle/Texas/24-008749-002/2024(H5N1)	990	12083
HA|PP755581.1|A/cattle/Texas/24-008749-002/2024(H5N1)	991	12103
HA|PP755581.1|A/cattle/Texas/24-008749-002/2024(H5N1)	992	12050
HA|PP755581.1|A/cattle/Texas/24-008749-002/2024(H5N1)	993	11941
HA|PP755581.1|A/cattle/Texas/24-008749-002/2024(H5N1)	994	12005
HA|PP755581.1|A/cattle/Texas/24-008749-002/2024(H5N1)	995	12001
HA|PP755581.1|A/cattle/Texas/24-008749-002/2024(H5N1)	996	12130
HA|PP755581.1|A/cattle/Texas/24-008749-002/2024(H5N1)	997	12138
HA|PP755581.1|A/cattle/Texas/24-008749-002/2024(H5N1)	998	12071
HA|PP755581.1|A/cattle/Texas/24-008749-002/2024(H5N1)	999	12224
HA|PP755581.1|A/cattle/Texas/24-008749-002/2024(H5N1)	1000	12204
HA|PP755581.1|A/cattle/Texas/24-008749-002/2024(H5N1)	1001	12439
HA|PP755581.1|A/cattle/Texas/24-008749-002/2024(H5N1)	1002	12270
HA|PP755581.1|A/cattle/Texas/24-008749-002/2024(H5N1)	1003	12227
HA|PP755581.1|A/cattle/Texas/24-008749-002/2024(H5N1)	1004	12144
HA|PP755581.1|A/cattle/Texas/24-008749-002/2024(H5N1)	1005	12009
HA|PP755581.1|A/cattle/Texas/24-008749-002/2024(H5N1)	1006	11891
HA|PP755581.1|A/cattle/Texas/24-008749-002/2024(H5N1)	1007	11274
HA|PP755581.1|A/cattle/Texas/24-008749-002/2024(H5N1)	1008	11081
HA|PP755581.1|A/cattle/Texas/24-008749-002/2024(H5N1)	1009	11110
HA|PP755581.1|A/cattle/Texas/24-008749-002/2024(H5N1)	1010	10927
HA|PP755581.1|A/cattle/Texas/24-008749-002/2024(H5N1)	1011	10873
HA|PP755581.1|A/cattle/Texas/24-008749-002/2024(H5N1)	1012	10787
HA|PP755581.1|A/cattle/Texas/24-008749-002/2024(H5N1)	1013	10772
HA|PP755581.1|A/cattle/Texas/24-008749-002/2024(H5N1)	1014	10786
HA|PP755581.1|A/cattle/Texas/24-008749-002/2024(H5N1)	1015	10807
HA|PP755581.1|A/cattle/Texas/24-008749-002/2024(H5N1)	1016	10832
HA|PP755581.1|A/cattle/Texas/24-008749-002/2024(H5N1)	1017	10876
HA|PP755581.1|A/cattle/Texas/24-008749-002/2024(H5N1)	1018	10664
HA|PP755581.1|A/cattle/Texas/24-008749-002/2024(H5N1)	1019	10628
HA|PP755581.1|A/cattle/Texas/24-008749-002/2024(H5N1)	1020	10625
HA|PP755581.1|A/cattle/Texas/24-008749-002/2024(H5N1)	1021	10686
HA|PP755581.1|A/cattle/Texas/24-008749-002/2024(H5N1)	1022	10684
HA|PP755581.1|A/cattle/Texas/24-008749-002/2024(H5N1)	1023	10695
HA|PP755581.1|A/cattle/Texas/24-008749-002/2024(H5N1)	1024	10710
HA|PP755581.1|A/cattle/Texas/24-008749-002/2024(H5N1)	1025	10712
HA|PP755581.1|A/cattle/Texas/24-008749-002/2024(H5N1)	1026	10694
HA|PP755581.1|A/cattle/Texas/24-008749-002/2024(H5N1)	1027	10674
HA|PP755581.1|A/cattle/Texas/24-008749-002/2024(H5N1)	1028	10709
HA|PP755581.1|A/cattle/Texas/24-008749-002/2024(H5N1)	1029	10946
HA|PP755581.1|A/cattle/Texas/24-008749-002/2024(H5N1)	1030	10930
HA|PP755581.1|A/cattle/Texas/24-008749-002/2024(H5N1)	1031	10859
HA|PP755581.1|A/cattle/Texas/24-008749-002/2024(H5N1)	1032	10849
HA|PP755581.1|A/cattle/Texas/24-008749-002/2024(H5N1)	1033	10843
HA|PP755581.1|A/cattle/Texas/24-008749-002/2024(H5N1)	1034	10854
HA|PP755581.1|A/cattle/Texas/24-008749-002/2024(H5N1)	1035	10853
HA|PP755581.1|A/cattle/Texas/24-008749-002/2024(H5N1)	1036	10942
HA|PP755581.1|A/cattle/Texas/24-008749-002/2024(H5N1)	1037	10962
HA|PP755581.1|A/cattle/Texas/24-008749-002/2024(H5N1)	1038	10625
HA|PP755581.1|A/cattle/Texas/24-008749-002/2024(H5N1)	1039	10676
HA|PP755581.1|A/cattle/Texas/24-008749-002/2024(H5N1)	1040	10671
HA|PP755581.1|A/cattle/Texas/24-008749-002/2024(H5N1)	1041	10951
HA|PP755581.1|A/cattle/Texas/24-008749-002/2024(H5N1)	1042	10981
HA|PP755581.1|A/cattle/Texas/24-008749-002/2024(H5N1)	1043	10976
HA|PP755581.1|A/cattle/Texas/24-008749-002/2024(H5N1)	1044	10994
HA|PP755581.1|A/cattle/Texas/24-008749-002/2024(H5N1)	1045	10870
HA|PP755581.1|A/cattle/Texas/24-008749-002/2024(H5N1)	1046	10901
HA|PP755581.1|A/cattle/Texas/24-008749-002/2024(H5N1)	1047	11106
HA|PP755581.1|A/cattle/Texas/24-008749-002/2024(H5N1)	1048	11140
HA|PP755581.1|A/cattle/Texas/24-008749-002/2024(H5N1)	1049	11131
HA|PP755581.1|A/cattle/Texas/24-008749-002/2024(H5N1)	1050	10854
HA|PP755581.1|A/cattle/Texas/24-008749-002/2024(H5N1)	1051	11097
HA|PP755581.1|A/cattle/Texas/24-008749-002/2024(H5N1)	1052	11152
HA|PP755581.1|A/cattle/Texas/24-008749-002/2024(H5N1)	1053	11471
HA|PP755581.1|A/cattle/Texas/24-008749-002/2024(H5N1)	1054	11413
HA|PP755581.1|A/cattle/Texas/24-008749-002/2024(H5N1)	1055	11361
HA|PP755581.1|A/cattle/Texas/24-008749-002/2024(H5N1)	1056	11296
HA|PP755581.1|A/cattle/Texas/24-008749-002/2024(H5N1)	1057	12058
HA|PP755581.1|A/cattle/Texas/24-008749-002/2024(H5N1)	1058	13091
HA|PP755581.1|A/cattle/Texas/24-008749-002/2024(H5N1)	1059	13130
HA|PP755581.1|A/cattle/Texas/24-008749-002/2024(H5N1)	1060	13022
HA|PP755581.1|A/cattle/Texas/24-008749-002/2024(H5N1)	1061	12989
HA|PP755581.1|A/cattle/Texas/24-008749-002/2024(H5N1)	1062	13039
HA|PP755581.1|A/cattle/Texas/24-008749-002/2024(H5N1)	1063	13105
HA|PP755581.1|A/cattle/Texas/24-008749-002/2024(H5N1)	1064	13101
HA|PP755581.1|A/cattle/Texas/24-008749-002/2024(H5N1)	1065	13101
HA|PP755581.1|A/cattle/Texas/24-008749-002/2024(H5N1)	1066	13157
HA|PP755581.1|A/cattle/Texas/24-008749-002/2024(H5N1)	1067	11979
HA|PP755581.1|A/cattle/Texas/24-008749-002/2024(H5N1)	1068	11991
HA|PP755581.1|A/cattle/Texas/24-008749-002/2024(H5N1)	1069	12035
HA|PP755581.1|A/cattle/Texas/24-008749-002/2024(H5N1)	1070	12130
HA|PP755581.1|A/cattle/Texas/24-008749-002/2024(H5N1)	1071	12104
HA|PP755581.1|A/cattle/Texas/24-008749-002/2024(H5N1)	1072	12212
HA|PP755581.1|A/cattle/Texas/24-008749-002/2024(H5N1)	1073	12220
HA|PP755581.1|A/cattle/Texas/24-008749-002/2024(H5N1)	1074	12269
HA|PP755581.1|A/cattle/Texas/24-008749-002/2024(H5N1)	1075	12320
HA|PP755581.1|A/cattle/Texas/24-008749-002/2024(H5N1)	1076	12358
HA|PP755581.1|A/cattle/Texas/24-008749-002/2024(H5N1)	1077	11959
HA|PP755581.1|A/cattle/Texas/24-008749-002/2024(H5N1)	1078	11863
HA|PP755581.1|A/cattle/Texas/24-008749-002/2024(H5N1)	1079	11816
HA|PP755581.1|A/cattle/Texas/24-008749-002/2024(H5N1)	1080	11903
HA|PP755581.1|A/cattle/Texas/24-008749-002/2024(H5N1)	1081	12026
HA|PP755581.1|A/cattle/Texas/24-008749-002/2024(H5N1)	1082	12130
HA|PP755581.1|A/cattle/Texas/24-008749-002/2024(H5N1)	1083	12116
HA|PP755581.1|A/cattle/Texas/24-008749-002/2024(H5N1)	1084	12081
HA|PP755581.1|A/cattle/Texas/24-008749-002/2024(H5N1)	1085	11928
HA|PP755581.1|A/cattle/Texas/24-008749-002/2024(H5N1)	1086	12155
HA|PP755581.1|A/cattle/Texas/24-008749-002/2024(H5N1)	1087	12304
HA|PP755581.1|A/cattle/Texas/24-008749-002/2024(H5N1)	1088	12324
HA|PP755581.1|A/cattle/Texas/24-008749-002/2024(H5N1)	1089	12266
HA|PP755581.1|A/cattle/Texas/24-008749-002/2024(H5N1)	1090	12249
HA|PP755581.1|A/cattle/Texas/24-008749-002/2024(H5N1)	1091	12521
HA|PP755581.1|A/cattle/Texas/24-008749-002/2024(H5N1)	1092	11995
HA|PP755581.1|A/cattle/Texas/24-008749-002/2024(H5N1)	1093	12124
HA|PP755581.1|A/cattle/Texas/24-008749-002/2024(H5N1)	1094	12188
HA|PP755581.1|A/cattle/Texas/24-008749-002/2024(H5N1)	1095	12012
HA|PP755581.1|A/cattle/Texas/24-008749-002/2024(H5N1)	1096	11935
HA|PP755581.1|A/cattle/Texas/24-008749-002/2024(H5N1)	1097	12109
HA|PP755581.1|A/cattle/Texas/24-008749-002/2024(H5N1)	1098	12363
HA|PP755581.1|A/cattle/Texas/24-008749-002/2024(H5N1)	1099	12506
HA|PP755581.1|A/cattle/Texas/24-008749-002/2024(H5N1)	1100	12598
HA|PP755581.1|A/cattle/Texas/24-008749-002/2024(H5N1)	1101	12604
HA|PP755581.1|A/cattle/Texas/24-008749-002/2024(H5N1)	1102	12934
HA|PP755581.1|A/cattle/Texas/24-008749-002/2024(H5N1)	1103	13073
HA|PP755581.1|A/cattle/Texas/24-008749-002/2024(H5N1)	1104	13038
HA|PP755581.1|A/cattle/Texas/24-008749-002/2024(H5N1)	1105	12913
HA|PP755581.1|A/cattle/Texas/24-008749-002/2024(H5N1)	1106	12782
HA|PP755581.1|A/cattle/Texas/24-008749-002/2024(H5N1)	1107	12871
HA|PP755581.1|A/cattle/Texas/24-008749-002/2024(H5N1)	1108	13024
HA|PP755581.1|A/cattle/Texas/24-008749-002/2024(H5N1)	1109	13028
HA|PP755581.1|A/cattle/Texas/24-008749-002/2024(H5N1)	1110	13502
HA|PP755581.1|A/cattle/Texas/24-008749-002/2024(H5N1)	1111	13305
HA|PP755581.1|A/cattle/Texas/24-008749-002/2024(H5N1)	1112	13165
HA|PP755581.1|A/cattle/Texas/24-008749-002/2024(H5N1)	1113	13205
HA|PP755581.1|A/cattle/Texas/24-008749-002/2024(H5N1)	1114	13191
HA|PP755581.1|A/cattle/Texas/24-008749-002/2024(H5N1)	1115	13586
HA|PP755581.1|A/cattle/Texas/24-008749-002/2024(H5N1)	1116	13542
HA|PP755581.1|A/cattle/Texas/24-008749-002/2024(H5N1)	1117	13547
HA|PP755581.1|A/cattle/Texas/24-008749-002/2024(H5N1)	1118	13544
HA|PP755581.1|A/cattle/Texas/24-008749-002/2024(H5N1)	1119	13334
HA|PP755581.1|A/cattle/Texas/24-008749-002/2024(H5N1)	1120	14224
HA|PP755581.1|A/cattle/Texas/24-008749-002/2024(H5N1)	1121	15128
HA|PP755581.1|A/cattle/Texas/24-008749-002/2024(H5N1)	1122	15435
HA|PP755581.1|A/cattle/Texas/24-008749-002/2024(H5N1)	1123	15462
HA|PP755581.1|A/cattle/Texas/24-008749-002/2024(H5N1)	1124	15188
HA|PP755581.1|A/cattle/Texas/24-008749-002/2024(H5N1)	1125	15591
HA|PP755581.1|A/cattle/Texas/24-008749-002/2024(H5N1)	1126	15637
HA|PP755581.1|A/cattle/Texas/24-008749-002/2024(H5N1)	1127	15867
HA|PP755581.1|A/cattle/Texas/24-008749-002/2024(H5N1)	1128	15883
HA|PP755581.1|A/cattle/Texas/24-008749-002/2024(H5N1)	1129	15535
HA|PP755581.1|A/cattle/Texas/24-008749-002/2024(H5N1)	1130	15920
HA|PP755581.1|A/cattle/Texas/24-008749-002/2024(H5N1)	1131	15958
HA|PP755581.1|A/cattle/Texas/24-008749-002/2024(H5N1)	1132	16150
HA|PP755581.1|A/cattle/Texas/24-008749-002/2024(H5N1)	1133	16253
HA|PP755581.1|A/cattle/Texas/24-008749-002/2024(H5N1)	1134	16221
HA|PP755581.1|A/cattle/Texas/24-008749-002/2024(H5N1)	1135	16065
HA|PP755581.1|A/cattle/Texas/24-008749-002/2024(H5N1)	1136	15979
HA|PP755581.1|A/cattle/Texas/24-008749-002/2024(H5N1)	1137	15926
HA|PP755581.1|A/cattle/Texas/24-008749-002/2024(H5N1)	1138	15975
HA|PP755581.1|A/cattle/Texas/24-008749-002/2024(H5N1)	1139	16084
HA|PP755581.1|A/cattle/Texas/24-008749-002/2024(H5N1)	1140	15806
HA|PP755581.1|A/cattle/Texas/24-008749-002/2024(H5N1)	1141	15905
HA|PP755581.1|A/cattle/Texas/24-008749-002/2024(H5N1)	1142	15833
HA|PP755581.1|A/cattle/Texas/24-008749-002/2024(H5N1)	1143	15848
HA|PP755581.1|A/cattle/Texas/24-008749-002/2024(H5N1)	1144	16039
HA|PP755581.1|A/cattle/Texas/24-008749-002/2024(H5N1)	1145	16006
HA|PP755581.1|A/cattle/Texas/24-008749-002/2024(H5N1)	1146	16170
HA|PP755581.1|A/cattle/Texas/24-008749-002/2024(H5N1)	1147	16141
HA|PP755581.1|A/cattle/Texas/24-008749-002/2024(H5N1)	1148	16124
HA|PP755581.1|A/cattle/Texas/24-008749-002/2024(H5N1)	1149	16123
HA|PP755581.1|A/cattle/Texas/24-008749-002/2024(H5N1)	1150	16239
HA|PP755581.1|A/cattle/Texas/24-008749-002/2024(H5N1)	1151	16273
HA|PP755581.1|A/cattle/Texas/24-008749-002/2024(H5N1)	1152	16079
HA|PP755581.1|A/cattle/Texas/24-008749-002/2024(H5N1)	1153	16140
HA|PP755581.1|A/cattle/Texas/24-008749-002/2024(H5N1)	1154	16214
HA|PP755581.1|A/cattle/Texas/24-008749-002/2024(H5N1)	1155	16183
HA|PP755581.1|A/cattle/Texas/24-008749-002/2024(H5N1)	1156	16513
HA|PP755581.1|A/cattle/Texas/24-008749-002/2024(H5N1)	1157	16788
HA|PP755581.1|A/cattle/Texas/24-008749-002/2024(H5N1)	1158	16845
HA|PP755581.1|A/cattle/Texas/24-008749-002/2024(H5N1)	1159	16765
HA|PP755581.1|A/cattle/Texas/24-008749-002/2024(H5N1)	1160	16738
HA|PP755581.1|A/cattle/Texas/24-008749-002/2024(H5N1)	1161	16758
HA|PP755581.1|A/cattle/Texas/24-008749-002/2024(H5N1)	1162	16765
HA|PP755581.1|A/cattle/Texas/24-008749-002/2024(H5N1)	1163	16967
HA|PP755581.1|A/cattle/Texas/24-008749-002/2024(H5N1)	1164	17168
HA|PP755581.1|A/cattle/Texas/24-008749-002/2024(H5N1)	1165	17657
HA|PP755581.1|A/cattle/Texas/24-008749-002/2024(H5N1)	1166	17590
HA|PP755581.1|A/cattle/Texas/24-008749-002/2024(H5N1)	1167	17562
HA|PP755581.1|A/cattle/Texas/24-008749-002/2024(H5N1)	1168	17736
HA|PP755581.1|A/cattle/Texas/24-008749-002/2024(H5N1)	1169	18383
HA|PP755581.1|A/cattle/Texas/24-008749-002/2024(H5N1)	1170	18465
HA|PP755581.1|A/cattle/Texas/24-008749-002/2024(H5N1)	1171	18483
HA|PP755581.1|A/cattle/Texas/24-008749-002/2024(H5N1)	1172	19136
HA|PP755581.1|A/cattle/Texas/24-008749-002/2024(H5N1)	1173	19053
HA|PP755581.1|A/cattle/Texas/24-008749-002/2024(H5N1)	1174	19105
HA|PP755581.1|A/cattle/Texas/24-008749-002/2024(H5N1)	1175	19371
HA|PP755581.1|A/cattle/Texas/24-008749-002/2024(H5N1)	1176	19304
HA|PP755581.1|A/cattle/Texas/24-008749-002/2024(H5N1)	1177	19478
HA|PP755581.1|A/cattle/Texas/24-008749-002/2024(H5N1)	1178	19541
HA|PP755581.1|A/cattle/Texas/24-008749-002/2024(H5N1)	1179	19528
HA|PP755581.1|A/cattle/Texas/24-008749-002/2024(H5N1)	1180	19560
HA|PP755581.1|A/cattle/Texas/24-008749-002/2024(H5N1)	1181	20002
HA|PP755581.1|A/cattle/Texas/24-008749-002/2024(H5N1)	1182	20086
HA|PP755581.1|A/cattle/Texas/24-008749-002/2024(H5N1)	1183	20132
HA|PP755581.1|A/cattle/Texas/24-008749-002/2024(H5N1)	1184	20086
HA|PP755581.1|A/cattle/Texas/24-008749-002/2024(H5N1)	1185	20354
HA|PP755581.1|A/cattle/Texas/24-008749-002/2024(H5N1)	1186	20392
HA|PP755581.1|A/cattle/Texas/24-008749-002/2024(H5N1)	1187	20304
HA|PP755581.1|A/cattle/Texas/24-008749-002/2024(H5N1)	1188	20822
HA|PP755581.1|A/cattle/Texas/24-008749-002/2024(H5N1)	1189	20869
HA|PP755581.1|A/cattle/Texas/24-008749-002/2024(H5N1)	1190	20657
HA|PP755581.1|A/cattle/Texas/24-008749-002/2024(H5N1)	1191	20441
HA|PP755581.1|A/cattle/Texas/24-008749-002/2024(H5N1)	1192	20422
HA|PP755581.1|A/cattle/Texas/24-008749-002/2024(H5N1)	1193	20840
HA|PP755581.1|A/cattle/Texas/24-008749-002/2024(H5N1)	1194	20978
HA|PP755581.1|A/cattle/Texas/24-008749-002/2024(H5N1)	1195	20954
HA|PP755581.1|A/cattle/Texas/24-008749-002/2024(H5N1)	1196	20900
HA|PP755581.1|A/cattle/Texas/24-008749-002/2024(H5N1)	1197	20638
HA|PP755581.1|A/cattle/Texas/24-008749-002/2024(H5N1)	1198	20868
HA|PP755581.1|A/cattle/Texas/24-008749-002/2024(H5N1)	1199	20777
HA|PP755581.1|A/cattle/Texas/24-008749-002/2024(H5N1)	1200	20863
HA|PP755581.1|A/cattle/Texas/24-008749-002/2024(H5N1)	1201	20860
HA|PP755581.1|A/cattle/Texas/24-008749-002/2024(H5N1)	1202	20587
HA|PP755581.1|A/cattle/Texas/24-008749-002/2024(H5N1)	1203	20546
HA|PP755581.1|A/cattle/Texas/24-008749-002/2024(H5N1)	1204	20604
HA|PP755581.1|A/cattle/Texas/24-008749-002/2024(H5N1)	1205	20755
HA|PP755581.1|A/cattle/Texas/24-008749-002/2024(H5N1)	1206	20802
HA|PP755581.1|A/cattle/Texas/24-008749-002/2024(H5N1)	1207	20697
HA|PP755581.1|A/cattle/Texas/24-008749-002/2024(H5N1)	1208	20073
HA|PP755581.1|A/cattle/Texas/24-008749-002/2024(H5N1)	1209	19452
HA|PP755581.1|A/cattle/Texas/24-008749-002/2024(H5N1)	1210	19596
HA|PP755581.1|A/cattle/Texas/24-008749-002/2024(H5N1)	1211	19696
HA|PP755581.1|A/cattle/Texas/24-008749-002/2024(H5N1)	1212	19705
HA|PP755581.1|A/cattle/Texas/24-008749-002/2024(H5N1)	1213	20251
HA|PP755581.1|A/cattle/Texas/24-008749-002/2024(H5N1)	1214	20202
HA|PP755581.1|A/cattle/Texas/24-008749-002/2024(H5N1)	1215	20461
HA|PP755581.1|A/cattle/Texas/24-008749-002/2024(H5N1)	1216	20458
HA|PP755581.1|A/cattle/Texas/24-008749-002/2024(H5N1)	1217	20702
HA|PP755581.1|A/cattle/Texas/24-008749-002/2024(H5N1)	1218	20639
HA|PP755581.1|A/cattle/Texas/24-008749-002/2024(H5N1)	1219	20805
HA|PP755581.1|A/cattle/Texas/24-008749-002/2024(H5N1)	1220	20789
HA|PP755581.1|A/cattle/Texas/24-008749-002/2024(H5N1)	1221	21166
HA|PP755581.1|A/cattle/Texas/24-008749-002/2024(H5N1)	1222	21153
HA|PP755581.1|A/cattle/Texas/24-008749-002/2024(H5N1)	1223	21018
HA|PP755581.1|A/cattle/Texas/24-008749-002/2024(H5N1)	1224	20903
HA|PP755581.1|A/cattle/Texas/24-008749-002/2024(H5N1)	1225	20903
HA|PP755581.1|A/cattle/Texas/24-008749-002/2024(H5N1)	1226	20715
HA|PP755581.1|A/cattle/Texas/24-008749-002/2024(H5N1)	1227	20679
HA|PP755581.1|A/cattle/Texas/24-008749-002/2024(H5N1)	1228	20596
HA|PP755581.1|A/cattle/Texas/24-008749-002/2024(H5N1)	1229	20897
HA|PP755581.1|A/cattle/Texas/24-008749-002/2024(H5N1)	1230	20657
HA|PP755581.1|A/cattle/Texas/24-008749-002/2024(H5N1)	1231	21440
HA|PP755581.1|A/cattle/Texas/24-008749-002/2024(H5N1)	1232	21505
HA|PP755581.1|A/cattle/Texas/24-008749-002/2024(H5N1)	1233	21402
HA|PP755581.1|A/cattle/Texas/24-008749-002/2024(H5N1)	1234	21472
HA|PP755581.1|A/cattle/Texas/24-008749-002/2024(H5N1)	1235	21571
HA|PP755581.1|A/cattle/Texas/24-008749-002/2024(H5N1)	1236	21802
HA|PP755581.1|A/cattle/Texas/24-008749-002/2024(H5N1)	1237	21541
HA|PP755581.1|A/cattle/Texas/24-008749-002/2024(H5N1)	1238	21404
HA|PP755581.1|A/cattle/Texas/24-008749-002/2024(H5N1)	1239	21580
HA|PP755581.1|A/cattle/Texas/24-008749-002/2024(H5N1)	1240	21970
HA|PP755581.1|A/cattle/Texas/24-008749-002/2024(H5N1)	1241	21419
HA|PP755581.1|A/cattle/Texas/24-008749-002/2024(H5N1)	1242	21698
HA|PP755581.1|A/cattle/Texas/24-008749-002/2024(H5N1)	1243	21697
HA|PP755581.1|A/cattle/Texas/24-008749-002/2024(H5N1)	1244	21583
HA|PP755581.1|A/cattle/Texas/24-008749-002/2024(H5N1)	1245	21891
HA|PP755581.1|A/cattle/Texas/24-008749-002/2024(H5N1)	1246	21877
HA|PP755581.1|A/cattle/Texas/24-008749-002/2024(H5N1)	1247	21852
HA|PP755581.1|A/cattle/Texas/24-008749-002/2024(H5N1)	1248	21661
HA|PP755581.1|A/cattle/Texas/24-008749-002/2024(H5N1)	1249	21199
HA|PP755581.1|A/cattle/Texas/24-008749-002/2024(H5N1)	1250	21368
HA|PP755581.1|A/cattle/Texas/24-008749-002/2024(H5N1)	1251	21181
HA|PP755581.1|A/cattle/Texas/24-008749-002/2024(H5N1)	1252	21135
HA|PP755581.1|A/cattle/Texas/24-008749-002/2024(H5N1)	1253	21146
HA|PP755581.1|A/cattle/Texas/24-008749-002/2024(H5N1)	1254	20962
HA|PP755581.1|A/cattle/Texas/24-008749-002/2024(H5N1)	1255	21062
HA|PP755581.1|A/cattle/Texas/24-008749-002/2024(H5N1)	1256	21192
HA|PP755581.1|A/cattle/Texas/24-008749-002/2024(H5N1)	1257	21316
HA|PP755581.1|A/cattle/Texas/24-008749-002/2024(H5N1)	1258	21164
HA|PP755581.1|A/cattle/Texas/24-008749-002/2024(H5N1)	1259	21152
HA|PP755581.1|A/cattle/Texas/24-008749-002/2024(H5N1)	1260	21314
HA|PP755581.1|A/cattle/Texas/24-008749-002/2024(H5N1)	1261	20904
HA|PP755581.1|A/cattle/Texas/24-008749-002/2024(H5N1)	1262	21320
HA|PP755581.1|A/cattle/Texas/24-008749-002/2024(H5N1)	1263	21990
HA|PP755581.1|A/cattle/Texas/24-008749-002/2024(H5N1)	1264	22007
HA|PP755581.1|A/cattle/Texas/24-008749-002/2024(H5N1)	1265	21771
HA|PP755581.1|A/cattle/Texas/24-008749-002/2024(H5N1)	1266	21282
HA|PP755581.1|A/cattle/Texas/24-008749-002/2024(H5N1)	1267	21134
HA|PP755581.1|A/cattle/Texas/24-008749-002/2024(H5N1)	1268	21021
HA|PP755581.1|A/cattle/Texas/24-008749-002/2024(H5N1)	1269	21148
HA|PP755581.1|A/cattle/Texas/24-008749-002/2024(H5N1)	1270	22031
HA|PP755581.1|A/cattle/Texas/24-008749-002/2024(H5N1)	1271	21039
HA|PP755581.1|A/cattle/Texas/24-008749-002/2024(H5N1)	1272	20994
HA|PP755581.1|A/cattle/Texas/24-008749-002/2024(H5N1)	1273	20765
HA|PP755581.1|A/cattle/Texas/24-008749-002/2024(H5N1)	1274	21254
HA|PP755581.1|A/cattle/Texas/24-008749-002/2024(H5N1)	1275	21308
HA|PP755581.1|A/cattle/Texas/24-008749-002/2024(H5N1)	1276	20976
HA|PP755581.1|A/cattle/Texas/24-008749-002/2024(H5N1)	1277	20932
HA|PP755581.1|A/cattle/Texas/24-008749-002/2024(H5N1)	1278	20639
HA|PP755581.1|A/cattle/Texas/24-008749-002/2024(H5N1)	1279	21646
HA|PP755581.1|A/cattle/Texas/24-008749-002/2024(H5N1)	1280	21739
HA|PP755581.1|A/cattle/Texas/24-008749-002/2024(H5N1)	1281	21499
HA|PP755581.1|A/cattle/Texas/24-008749-002/2024(H5N1)	1282	21459
HA|PP755581.1|A/cattle/Texas/24-008749-002/2024(H5N1)	1283	21318
HA|PP755581.1|A/cattle/Texas/24-008749-002/2024(H5N1)	1284	21193
HA|PP755581.1|A/cattle/Texas/24-008749-002/2024(H5N1)	1285	21325
HA|PP755581.1|A/cattle/Texas/24-008749-002/2024(H5N1)	1286	21431
HA|PP755581.1|A/cattle/Texas/24-008749-002/2024(H5N1)	1287	21414
HA|PP755581.1|A/cattle/Texas/24-008749-002/2024(H5N1)	1288	21723
HA|PP755581.1|A/cattle/Texas/24-008749-002/2024(H5N1)	1289	21567
HA|PP755581.1|A/cattle/Texas/24-008749-002/2024(H5N1)	1290	21511
HA|PP755581.1|A/cattle/Texas/24-008749-002/2024(H5N1)	1291	21531
HA|PP755581.1|A/cattle/Texas/24-008749-002/2024(H5N1)	1292	21980
HA|PP755581.1|A/cattle/Texas/24-008749-002/2024(H5N1)	1293	22263
HA|PP755581.1|A/cattle/Texas/24-008749-002/2024(H5N1)	1294	22157
HA|PP755581.1|A/cattle/Texas/24-008749-002/2024(H5N1)	1295	22318
HA|PP755581.1|A/cattle/Texas/24-008749-002/2024(H5N1)	1296	22391
HA|PP755581.1|A/cattle/Texas/24-008749-002/2024(H5N1)	1297	22262
HA|PP755581.1|A/cattle/Texas/24-008749-002/2024(H5N1)	1298	22733
HA|PP755581.1|A/cattle/Texas/24-008749-002/2024(H5N1)	1299	22888
HA|PP755581.1|A/cattle/Texas/24-008749-002/2024(H5N1)	1300	22775
HA|PP755581.1|A/cattle/Texas/24-008749-002/2024(H5N1)	1301	22746
HA|PP755581.1|A/cattle/Texas/24-008749-002/2024(H5N1)	1302	22743
HA|PP755581.1|A/cattle/Texas/24-008749-002/2024(H5N1)	1303	22764
HA|PP755581.1|A/cattle/Texas/24-008749-002/2024(H5N1)	1304	22759
HA|PP755581.1|A/cattle/Texas/24-008749-002/2024(H5N1)	1305	23218
HA|PP755581.1|A/cattle/Texas/24-008749-002/2024(H5N1)	1306	23230
HA|PP755581.1|A/cattle/Texas/24-008749-002/2024(H5N1)	1307	22853
HA|PP755581.1|A/cattle/Texas/24-008749-002/2024(H5N1)	1308	22609
HA|PP755581.1|A/cattle/Texas/24-008749-002/2024(H5N1)	1309	22537
HA|PP755581.1|A/cattle/Texas/24-008749-002/2024(H5N1)	1310	22698
HA|PP755581.1|A/cattle/Texas/24-008749-002/2024(H5N1)	1311	22922
HA|PP755581.1|A/cattle/Texas/24-008749-002/2024(H5N1)	1312	22933
HA|PP755581.1|A/cattle/Texas/24-008749-002/2024(H5N1)	1313	22882
HA|PP755581.1|A/cattle/Texas/24-008749-002/2024(H5N1)	1314	23445
HA|PP755581.1|A/cattle/Texas/24-008749-002/2024(H5N1)	1315	23311
HA|PP755581.1|A/cattle/Texas/24-008749-002/2024(H5N1)	1316	23325
HA|PP755581.1|A/cattle/Texas/24-008749-002/2024(H5N1)	1317	23307
HA|PP755581.1|A/cattle/Texas/24-008749-002/2024(H5N1)	1318	23281
HA|PP755581.1|A/cattle/Texas/24-008749-002/2024(H5N1)	1319	23581
HA|PP755581.1|A/cattle/Texas/24-008749-002/2024(H5N1)	1320	22972
HA|PP755581.1|A/cattle/Texas/24-008749-002/2024(H5N1)	1321	22937
HA|PP755581.1|A/cattle/Texas/24-008749-002/2024(H5N1)	1322	22867
HA|PP755581.1|A/cattle/Texas/24-008749-002/2024(H5N1)	1323	21968
HA|PP755581.1|A/cattle/Texas/24-008749-002/2024(H5N1)	1324	22013
HA|PP755581.1|A/cattle/Texas/24-008749-002/2024(H5N1)	1325	22188
HA|PP755581.1|A/cattle/Texas/24-008749-002/2024(H5N1)	1326	22122
HA|PP755581.1|A/cattle/Texas/24-008749-002/2024(H5N1)	1327	22329
HA|PP755581.1|A/cattle/Texas/24-008749-002/2024(H5N1)	1328	22056
HA|PP755581.1|A/cattle/Texas/24-008749-002/2024(H5N1)	1329	22118
HA|PP755581.1|A/cattle/Texas/24-008749-002/2024(H5N1)	1330	21643
HA|PP755581.1|A/cattle/Texas/24-008749-002/2024(H5N1)	1331	21647
HA|PP755581.1|A/cattle/Texas/24-008749-002/2024(H5N1)	1332	21645
HA|PP755581.1|A/cattle/Texas/24-008749-002/2024(H5N1)	1333	21602
HA|PP755581.1|A/cattle/Texas/24-008749-002/2024(H5N1)	1334	21637
HA|PP755581.1|A/cattle/Texas/24-008749-002/2024(H5N1)	1335	21882
HA|PP755581.1|A/cattle/Texas/24-008749-002/2024(H5N1)	1336	21573
HA|PP755581.1|A/cattle/Texas/24-008749-002/2024(H5N1)	1337	21798
HA|PP755581.1|A/cattle/Texas/24-008749-002/2024(H5N1)	1338	21385
HA|PP755581.1|A/cattle/Texas/24-008749-002/2024(H5N1)	1339	21393
HA|PP755581.1|A/cattle/Texas/24-008749-002/2024(H5N1)	1340	21434
HA|PP755581.1|A/cattle/Texas/24-008749-002/2024(H5N1)	1341	21412
HA|PP755581.1|A/cattle/Texas/24-008749-002/2024(H5N1)	1342	21520
HA|PP755581.1|A/cattle/Texas/24-008749-002/2024(H5N1)	1343	21507
HA|PP755581.1|A/cattle/Texas/24-008749-002/2024(H5N1)	1344	21200
HA|PP755581.1|A/cattle/Texas/24-008749-002/2024(H5N1)	1345	21457
HA|PP755581.1|A/cattle/Texas/24-008749-002/2024(H5N1)	1346	21522
HA|PP755581.1|A/cattle/Texas/24-008749-002/2024(H5N1)	1347	21695
HA|PP755581.1|A/cattle/Texas/24-008749-002/2024(H5N1)	1348	21693
HA|PP755581.1|A/cattle/Texas/24-008749-002/2024(H5N1)	1349	21459
HA|PP755581.1|A/cattle/Texas/24-008749-002/2024(H5N1)	1350	21473
HA|PP755581.1|A/cattle/Texas/24-008749-002/2024(H5N1)	1351	21336
HA|PP755581.1|A/cattle/Texas/24-008749-002/2024(H5N1)	1352	21544
HA|PP755581.1|A/cattle/Texas/24-008749-002/2024(H5N1)	1353	21853
HA|PP755581.1|A/cattle/Texas/24-008749-002/2024(H5N1)	1354	21987
HA|PP755581.1|A/cattle/Texas/24-008749-002/2024(H5N1)	1355	22522
HA|PP755581.1|A/cattle/Texas/24-008749-002/2024(H5N1)	1356	22261
HA|PP755581.1|A/cattle/Texas/24-008749-002/2024(H5N1)	1357	22472
HA|PP755581.1|A/cattle/Texas/24-008749-002/2024(H5N1)	1358	22483
HA|PP755581.1|A/cattle/Texas/24-008749-002/2024(H5N1)	1359	22566
HA|PP755581.1|A/cattle/Texas/24-008749-002/2024(H5N1)	1360	22405
HA|PP755581.1|A/cattle/Texas/24-008749-002/2024(H5N1)	1361	22626
HA|PP755581.1|A/cattle/Texas/24-008749-002/2024(H5N1)	1362	22629
HA|PP755581.1|A/cattle/Texas/24-008749-002/2024(H5N1)	1363	22494
HA|PP755581.1|A/cattle/Texas/24-008749-002/2024(H5N1)	1364	22616
HA|PP755581.1|A/cattle/Texas/24-008749-002/2024(H5N1)	1365	22524
HA|PP755581.1|A/cattle/Texas/24-008749-002/2024(H5N1)	1366	22440
HA|PP755581.1|A/cattle/Texas/24-008749-002/2024(H5N1)	1367	22443
HA|PP755581.1|A/cattle/Texas/24-008749-002/2024(H5N1)	1368	22129
HA|PP755581.1|A/cattle/Texas/24-008749-002/2024(H5N1)	1369	22118
HA|PP755581.1|A/cattle/Texas/24-008749-002/2024(H5N1)	1370	22690
HA|PP755581.1|A/cattle/Texas/24-008749-002/2024(H5N1)	1371	22956
HA|PP755581.1|A/cattle/Texas/24-008749-002/2024(H5N1)	1372	22540
HA|PP755581.1|A/cattle/Texas/24-008749-002/2024(H5N1)	1373	22672
HA|PP755581.1|A/cattle/Texas/24-008749-002/2024(H5N1)	1374	22649
HA|PP755581.1|A/cattle/Texas/24-008749-002/2024(H5N1)	1375	22685
HA|PP755581.1|A/cattle/Texas/24-008749-002/2024(H5N1)	1376	23308
HA|PP755581.1|A/cattle/Texas/24-008749-002/2024(H5N1)	1377	23314
HA|PP755581.1|A/cattle/Texas/24-008749-002/2024(H5N1)	1378	23745
HA|PP755581.1|A/cattle/Texas/24-008749-002/2024(H5N1)	1379	23611
HA|PP755581.1|A/cattle/Texas/24-008749-002/2024(H5N1)	1380	23558
HA|PP755581.1|A/cattle/Texas/24-008749-002/2024(H5N1)	1381	23570
HA|PP755581.1|A/cattle/Texas/24-008749-002/2024(H5N1)	1382	22787
HA|PP755581.1|A/cattle/Texas/24-008749-002/2024(H5N1)	1383	22769
HA|PP755581.1|A/cattle/Texas/24-008749-002/2024(H5N1)	1384	22925
HA|PP755581.1|A/cattle/Texas/24-008749-002/2024(H5N1)	1385	22862
HA|PP755581.1|A/cattle/Texas/24-008749-002/2024(H5N1)	1386	23169
HA|PP755581.1|A/cattle/Texas/24-008749-002/2024(H5N1)	1387	22988
HA|PP755581.1|A/cattle/Texas/24-008749-002/2024(H5N1)	1388	22790
HA|PP755581.1|A/cattle/Texas/24-008749-002/2024(H5N1)	1389	22784
HA|PP755581.1|A/cattle/Texas/24-008749-002/2024(H5N1)	1390	22748
HA|PP755581.1|A/cattle/Texas/24-008749-002/2024(H5N1)	1391	22397
HA|PP755581.1|A/cattle/Texas/24-008749-002/2024(H5N1)	1392	22296
HA|PP755581.1|A/cattle/Texas/24-008749-002/2024(H5N1)	1393	22302
HA|PP755581.1|A/cattle/Texas/24-008749-002/2024(H5N1)	1394	22455
HA|PP755581.1|A/cattle/Texas/24-008749-002/2024(H5N1)	1395	22335
HA|PP755581.1|A/cattle/Texas/24-008749-002/2024(H5N1)	1396	21940
HA|PP755581.1|A/cattle/Texas/24-008749-002/2024(H5N1)	1397	21969
HA|PP755581.1|A/cattle/Texas/24-008749-002/2024(H5N1)	1398	22093
HA|PP755581.1|A/cattle/Texas/24-008749-002/2024(H5N1)	1399	22224
HA|PP755581.1|A/cattle/Texas/24-008749-002/2024(H5N1)	1400	22218
HA|PP755581.1|A/cattle/Texas/24-008749-002/2024(H5N1)	1401	21852
HA|PP755581.1|A/cattle/Texas/24-008749-002/2024(H5N1)	1402	21800
HA|PP755581.1|A/cattle/Texas/24-008749-002/2024(H5N1)	1403	22638
HA|PP755581.1|A/cattle/Texas/24-008749-002/2024(H5N1)	1404	22762
HA|PP755581.1|A/cattle/Texas/24-008749-002/2024(H5N1)	1405	22813
HA|PP755581.1|A/cattle/Texas/24-008749-002/2024(H5N1)	1406	22688
HA|PP755581.1|A/cattle/Texas/24-008749-002/2024(H5N1)	1407	22566
HA|PP755581.1|A/cattle/Texas/24-008749-002/2024(H5N1)	1408	22480
HA|PP755581.1|A/cattle/Texas/24-008749-002/2024(H5N1)	1409	22321
HA|PP755581.1|A/cattle/Texas/24-008749-002/2024(H5N1)	1410	23182
HA|PP755581.1|A/cattle/Texas/24-008749-002/2024(H5N1)	1411	23244
HA|PP755581.1|A/cattle/Texas/24-008749-002/2024(H5N1)	1412	22458
HA|PP755581.1|A/cattle/Texas/24-008749-002/2024(H5N1)	1413	22458
HA|PP755581.1|A/cattle/Texas/24-008749-002/2024(H5N1)	1414	22346
HA|PP755581.1|A/cattle/Texas/24-008749-002/2024(H5N1)	1415	22408
HA|PP755581.1|A/cattle/Texas/24-008749-002/2024(H5N1)	1416	22946
HA|PP755581.1|A/cattle/Texas/24-008749-002/2024(H5N1)	1417	22922
HA|PP755581.1|A/cattle/Texas/24-008749-002/2024(H5N1)	1418	22957
HA|PP755581.1|A/cattle/Texas/24-008749-002/2024(H5N1)	1419	22057
HA|PP755581.1|A/cattle/Texas/24-008749-002/2024(H5N1)	1420	21816
HA|PP755581.1|A/cattle/Texas/24-008749-002/2024(H5N1)	1421	23098
HA|PP755581.1|A/cattle/Texas/24-008749-002/2024(H5N1)	1422	23183
HA|PP755581.1|A/cattle/Texas/24-008749-002/2024(H5N1)	1423	23233
HA|PP755581.1|A/cattle/Texas/24-008749-002/2024(H5N1)	1424	23418
HA|PP755581.1|A/cattle/Texas/24-008749-002/2024(H5N1)	1425	22831
HA|PP755581.1|A/cattle/Texas/24-008749-002/2024(H5N1)	1426	22812
HA|PP755581.1|A/cattle/Texas/24-008749-002/2024(H5N1)	1427	22806
HA|PP755581.1|A/cattle/Texas/24-008749-002/2024(H5N1)	1428	22921
HA|PP755581.1|A/cattle/Texas/24-008749-002/2024(H5N1)	1429	23239
HA|PP755581.1|A/cattle/Texas/24-008749-002/2024(H5N1)	1430	21956
HA|PP755581.1|A/cattle/Texas/24-008749-002/2024(H5N1)	1431	21900
HA|PP755581.1|A/cattle/Texas/24-008749-002/2024(H5N1)	1432	22041
HA|PP755581.1|A/cattle/Texas/24-008749-002/2024(H5N1)	1433	22434
HA|PP755581.1|A/cattle/Texas/24-008749-002/2024(H5N1)	1434	23186
HA|PP755581.1|A/cattle/Texas/24-008749-002/2024(H5N1)	1435	23497
HA|PP755581.1|A/cattle/Texas/24-008749-002/2024(H5N1)	1436	23411
HA|PP755581.1|A/cattle/Texas/24-008749-002/2024(H5N1)	1437	23295
HA|PP755581.1|A/cattle/Texas/24-008749-002/2024(H5N1)	1438	23486
HA|PP755581.1|A/cattle/Texas/24-008749-002/2024(H5N1)	1439	23458
HA|PP755581.1|A/cattle/Texas/24-008749-002/2024(H5N1)	1440	23540
HA|PP755581.1|A/cattle/Texas/24-008749-002/2024(H5N1)	1441	23541
HA|PP755581.1|A/cattle/Texas/24-008749-002/2024(H5N1)	1442	23576
HA|PP755581.1|A/cattle/Texas/24-008749-002/2024(H5N1)	1443	22777
HA|PP755581.1|A/cattle/Texas/24-008749-002/2024(H5N1)	1444	22875
HA|PP755581.1|A/cattle/Texas/24-008749-002/2024(H5N1)	1445	23045
HA|PP755581.1|A/cattle/Texas/24-008749-002/2024(H5N1)	1446	23054
HA|PP755581.1|A/cattle/Texas/24-008749-002/2024(H5N1)	1447	23120
HA|PP755581.1|A/cattle/Texas/24-008749-002/2024(H5N1)	1448	23069
HA|PP755581.1|A/cattle/Texas/24-008749-002/2024(H5N1)	1449	22542
HA|PP755581.1|A/cattle/Texas/24-008749-002/2024(H5N1)	1450	22551
HA|PP755581.1|A/cattle/Texas/24-008749-002/2024(H5N1)	1451	22510
HA|PP755581.1|A/cattle/Texas/24-008749-002/2024(H5N1)	1452	22722
HA|PP755581.1|A/cattle/Texas/24-008749-002/2024(H5N1)	1453	22776
HA|PP755581.1|A/cattle/Texas/24-008749-002/2024(H5N1)	1454	22645
HA|PP755581.1|A/cattle/Texas/24-008749-002/2024(H5N1)	1455	22245
HA|PP755581.1|A/cattle/Texas/24-008749-002/2024(H5N1)	1456	22139
HA|PP755581.1|A/cattle/Texas/24-008749-002/2024(H5N1)	1457	22225
HA|PP755581.1|A/cattle/Texas/24-008749-002/2024(H5N1)	1458	22313
HA|PP755581.1|A/cattle/Texas/24-008749-002/2024(H5N1)	1459	22298
HA|PP755581.1|A/cattle/Texas/24-008749-002/2024(H5N1)	1460	22454
HA|PP755581.1|A/cattle/Texas/24-008749-002/2024(H5N1)	1461	22199
HA|PP755581.1|A/cattle/Texas/24-008749-002/2024(H5N1)	1462	22244
HA|PP755581.1|A/cattle/Texas/24-008749-002/2024(H5N1)	1463	22240
HA|PP755581.1|A/cattle/Texas/24-008749-002/2024(H5N1)	1464	22170
HA|PP755581.1|A/cattle/Texas/24-008749-002/2024(H5N1)	1465	21455
HA|PP755581.1|A/cattle/Texas/24-008749-002/2024(H5N1)	1466	21591
HA|PP755581.1|A/cattle/Texas/24-008749-002/2024(H5N1)	1467	21563
HA|PP755581.1|A/cattle/Texas/24-008749-002/2024(H5N1)	1468	21636
HA|PP755581.1|A/cattle/Texas/24-008749-002/2024(H5N1)	1469	21650
HA|PP755581.1|A/cattle/Texas/24-008749-002/2024(H5N1)	1470	21337
HA|PP755581.1|A/cattle/Texas/24-008749-002/2024(H5N1)	1471	21356
HA|PP755581.1|A/cattle/Texas/24-008749-002/2024(H5N1)	1472	21409
HA|PP755581.1|A/cattle/Texas/24-008749-002/2024(H5N1)	1473	21341
HA|PP755581.1|A/cattle/Texas/24-008749-002/2024(H5N1)	1474	21372
HA|PP755581.1|A/cattle/Texas/24-008749-002/2024(H5N1)	1475	21196
HA|PP755581.1|A/cattle/Texas/24-008749-002/2024(H5N1)	1476	21261
HA|PP755581.1|A/cattle/Texas/24-008749-002/2024(H5N1)	1477	21587
HA|PP755581.1|A/cattle/Texas/24-008749-002/2024(H5N1)	1478	21426
HA|PP755581.1|A/cattle/Texas/24-008749-002/2024(H5N1)	1479	21646
HA|PP755581.1|A/cattle/Texas/24-008749-002/2024(H5N1)	1480	22584
HA|PP755581.1|A/cattle/Texas/24-008749-002/2024(H5N1)	1481	22592
HA|PP755581.1|A/cattle/Texas/24-008749-002/2024(H5N1)	1482	22570
HA|PP755581.1|A/cattle/Texas/24-008749-002/2024(H5N1)	1483	22564
HA|PP755581.1|A/cattle/Texas/24-008749-002/2024(H5N1)	1484	22518
HA|PP755581.1|A/cattle/Texas/24-008749-002/2024(H5N1)	1485	22564
HA|PP755581.1|A/cattle/Texas/24-008749-002/2024(H5N1)	1486	22242
HA|PP755581.1|A/cattle/Texas/24-008749-002/2024(H5N1)	1487	22656
HA|PP755581.1|A/cattle/Texas/24-008749-002/2024(H5N1)	1488	22333
HA|PP755581.1|A/cattle/Texas/24-008749-002/2024(H5N1)	1489	22307
HA|PP755581.1|A/cattle/Texas/24-008749-002/2024(H5N1)	1490	22359
HA|PP755581.1|A/cattle/Texas/24-008749-002/2024(H5N1)	1491	22361
HA|PP755581.1|A/cattle/Texas/24-008749-002/2024(H5N1)	1492	22418
HA|PP755581.1|A/cattle/Texas/24-008749-002/2024(H5N1)	1493	22573
HA|PP755581.1|A/cattle/Texas/24-008749-002/2024(H5N1)	1494	22685
HA|PP755581.1|A/cattle/Texas/24-008749-002/2024(H5N1)	1495	22674
HA|PP755581.1|A/cattle/Texas/24-008749-002/2024(H5N1)	1496	22637
HA|PP755581.1|A/cattle/Texas/24-008749-002/2024(H5N1)	1497	22582
HA|PP755581.1|A/cattle/Texas/24-008749-002/2024(H5N1)	1498	22350
HA|PP755581.1|A/cattle/Texas/24-008749-002/2024(H5N1)	1499	22418
HA|PP755581.1|A/cattle/Texas/24-008749-002/2024(H5N1)	1500	22403
HA|PP755581.1|A/cattle/Texas/24-008749-002/2024(H5N1)	1501	22781
HA|PP755581.1|A/cattle/Texas/24-008749-002/2024(H5N1)	1502	22531
HA|PP755581.1|A/cattle/Texas/24-008749-002/2024(H5N1)	1503	22575
HA|PP755581.1|A/cattle/Texas/24-008749-002/2024(H5N1)	1504	22592
HA|PP755581.1|A/cattle/Texas/24-008749-002/2024(H5N1)	1505	22499
HA|PP755581.1|A/cattle/Texas/24-008749-002/2024(H5N1)	1506	23247
HA|PP755581.1|A/cattle/Texas/24-008749-002/2024(H5N1)	1507	23251
HA|PP755581.1|A/cattle/Texas/24-008749-002/2024(H5N1)	1508	23262
HA|PP755581.1|A/cattle/Texas/24-008749-002/2024(H5N1)	1509	23169
HA|PP755581.1|A/cattle/Texas/24-008749-002/2024(H5N1)	1510	22812
HA|PP755581.1|A/cattle/Texas/24-008749-002/2024(H5N1)	1511	23419
HA|PP755581.1|A/cattle/Texas/24-008749-002/2024(H5N1)	1512	23632
HA|PP755581.1|A/cattle/Texas/24-008749-002/2024(H5N1)	1513	24096
HA|PP755581.1|A/cattle/Texas/24-008749-002/2024(H5N1)	1514	24068
HA|PP755581.1|A/cattle/Texas/24-008749-002/2024(H5N1)	1515	23810
HA|PP755581.1|A/cattle/Texas/24-008749-002/2024(H5N1)	1516	23870
HA|PP755581.1|A/cattle/Texas/24-008749-002/2024(H5N1)	1517	23778
HA|PP755581.1|A/cattle/Texas/24-008749-002/2024(H5N1)	1518	24404
HA|PP755581.1|A/cattle/Texas/24-008749-002/2024(H5N1)	1519	24391
HA|PP755581.1|A/cattle/Texas/24-008749-002/2024(H5N1)	1520	24633
HA|PP755581.1|A/cattle/Texas/24-008749-002/2024(H5N1)	1521	24261
HA|PP755581.1|A/cattle/Texas/24-008749-002/2024(H5N1)	1522	23956
HA|PP755581.1|A/cattle/Texas/24-008749-002/2024(H5N1)	1523	23963
HA|PP755581.1|A/cattle/Texas/24-008749-002/2024(H5N1)	1524	23784
HA|PP755581.1|A/cattle/Texas/24-008749-002/2024(H5N1)	1525	23974
HA|PP755581.1|A/cattle/Texas/24-008749-002/2024(H5N1)	1526	24843
HA|PP755581.1|A/cattle/Texas/24-008749-002/2024(H5N1)	1527	24041
HA|PP755581.1|A/cattle/Texas/24-008749-002/2024(H5N1)	1528	24034
HA|PP755581.1|A/cattle/Texas/24-008749-002/2024(H5N1)	1529	23911
HA|PP755581.1|A/cattle/Texas/24-008749-002/2024(H5N1)	1530	23879
HA|PP755581.1|A/cattle/Texas/24-008749-002/2024(H5N1)	1531	23873
HA|PP755581.1|A/cattle/Texas/24-008749-002/2024(H5N1)	1532	23886
HA|PP755581.1|A/cattle/Texas/24-008749-002/2024(H5N1)	1533	23876
HA|PP755581.1|A/cattle/Texas/24-008749-002/2024(H5N1)	1534	23770
HA|PP755581.1|A/cattle/Texas/24-008749-002/2024(H5N1)	1535	23810
HA|PP755581.1|A/cattle/Texas/24-008749-002/2024(H5N1)	1536	24664
HA|PP755581.1|A/cattle/Texas/24-008749-002/2024(H5N1)	1537	24346
HA|PP755581.1|A/cattle/Texas/24-008749-002/2024(H5N1)	1538	24230
HA|PP755581.1|A/cattle/Texas/24-008749-002/2024(H5N1)	1539	24741
HA|PP755581.1|A/cattle/Texas/24-008749-002/2024(H5N1)	1540	24734
HA|PP755581.1|A/cattle/Texas/24-008749-002/2024(H5N1)	1541	24770
HA|PP755581.1|A/cattle/Texas/24-008749-002/2024(H5N1)	1542	24771
HA|PP755581.1|A/cattle/Texas/24-008749-002/2024(H5N1)	1543	24597
HA|PP755581.1|A/cattle/Texas/24-008749-002/2024(H5N1)	1544	24692
HA|PP755581.1|A/cattle/Texas/24-008749-002/2024(H5N1)	1545	24635
HA|PP755581.1|A/cattle/Texas/24-008749-002/2024(H5N1)	1546	24680
HA|PP755581.1|A/cattle/Texas/24-008749-002/2024(H5N1)	1547	24729
HA|PP755581.1|A/cattle/Texas/24-008749-002/2024(H5N1)	1548	24710
HA|PP755581.1|A/cattle/Texas/24-008749-002/2024(H5N1)	1549	25006
HA|PP755581.1|A/cattle/Texas/24-008749-002/2024(H5N1)	1550	25005
HA|PP755581.1|A/cattle/Texas/24-008749-002/2024(H5N1)	1551	25033
HA|PP755581.1|A/cattle/Texas/24-008749-002/2024(H5N1)	1552	25028
HA|PP755581.1|A/cattle/Texas/24-008749-002/2024(H5N1)	1553	24921
HA|PP755581.1|A/cattle/Texas/24-008749-002/2024(H5N1)	1554	24219
HA|PP755581.1|A/cattle/Texas/24-008749-002/2024(H5N1)	1555	24157
HA|PP755581.1|A/cattle/Texas/24-008749-002/2024(H5N1)	1556	24109
HA|PP755581.1|A/cattle/Texas/24-008749-002/2024(H5N1)	1557	24201
HA|PP755581.1|A/cattle/Texas/24-008749-002/2024(H5N1)	1558	23638
HA|PP755581.1|A/cattle/Texas/24-008749-002/2024(H5N1)	1559	23681
HA|PP755581.1|A/cattle/Texas/24-008749-002/2024(H5N1)	1560	23596
HA|PP755581.1|A/cattle/Texas/24-008749-002/2024(H5N1)	1561	22680
HA|PP755581.1|A/cattle/Texas/24-008749-002/2024(H5N1)	1562	22940
HA|PP755581.1|A/cattle/Texas/24-008749-002/2024(H5N1)	1563	22944
HA|PP755581.1|A/cattle/Texas/24-008749-002/2024(H5N1)	1564	23045
HA|PP755581.1|A/cattle/Texas/24-008749-002/2024(H5N1)	1565	23038
HA|PP755581.1|A/cattle/Texas/24-008749-002/2024(H5N1)	1566	23095
HA|PP755581.1|A/cattle/Texas/24-008749-002/2024(H5N1)	1567	22655
HA|PP755581.1|A/cattle/Texas/24-008749-002/2024(H5N1)	1568	22569
HA|PP755581.1|A/cattle/Texas/24-008749-002/2024(H5N1)	1569	22523
HA|PP755581.1|A/cattle/Texas/24-008749-002/2024(H5N1)	1570	22495
HA|PP755581.1|A/cattle/Texas/24-008749-002/2024(H5N1)	1571	22820
HA|PP755581.1|A/cattle/Texas/24-008749-002/2024(H5N1)	1572	21771
HA|PP755581.1|A/cattle/Texas/24-008749-002/2024(H5N1)	1573	21679
HA|PP755581.1|A/cattle/Texas/24-008749-002/2024(H5N1)	1574	21750
HA|PP755581.1|A/cattle/Texas/24-008749-002/2024(H5N1)	1575	21661
HA|PP755581.1|A/cattle/Texas/24-008749-002/2024(H5N1)	1576	21712
HA|PP755581.1|A/cattle/Texas/24-008749-002/2024(H5N1)	1577	22032
HA|PP755581.1|A/cattle/Texas/24-008749-002/2024(H5N1)	1578	22018
HA|PP755581.1|A/cattle/Texas/24-008749-002/2024(H5N1)	1579	21912
HA|PP755581.1|A/cattle/Texas/24-008749-002/2024(H5N1)	1580	21894
HA|PP755581.1|A/cattle/Texas/24-008749-002/2024(H5N1)	1581	21862
HA|PP755581.1|A/cattle/Texas/24-008749-002/2024(H5N1)	1582	21846
HA|PP755581.1|A/cattle/Texas/24-008749-002/2024(H5N1)	1583	21504
HA|PP755581.1|A/cattle/Texas/24-008749-002/2024(H5N1)	1584	20957
HA|PP755581.1|A/cattle/Texas/24-008749-002/2024(H5N1)	1585	20919
HA|PP755581.1|A/cattle/Texas/24-008749-002/2024(H5N1)	1586	20884
HA|PP755581.1|A/cattle/Texas/24-008749-002/2024(H5N1)	1587	20971
HA|PP755581.1|A/cattle/Texas/24-008749-002/2024(H5N1)	1588	20968
HA|PP755581.1|A/cattle/Texas/24-008749-002/2024(H5N1)	1589	20310
HA|PP755581.1|A/cattle/Texas/24-008749-002/2024(H5N1)	1590	20328
HA|PP755581.1|A/cattle/Texas/24-008749-002/2024(H5N1)	1591	20397
HA|PP755581.1|A/cattle/Texas/24-008749-002/2024(H5N1)	1592	20417
HA|PP755581.1|A/cattle/Texas/24-008749-002/2024(H5N1)	1593	21442
HA|PP755581.1|A/cattle/Texas/24-008749-002/2024(H5N1)	1594	21373
HA|PP755581.1|A/cattle/Texas/24-008749-002/2024(H5N1)	1595	20818
HA|PP755581.1|A/cattle/Texas/24-008749-002/2024(H5N1)	1596	20829
HA|PP755581.1|A/cattle/Texas/24-008749-002/2024(H5N1)	1597	23869
HA|PP755581.1|A/cattle/Texas/24-008749-002/2024(H5N1)	1598	23944
HA|PP755581.1|A/cattle/Texas/24-008749-002/2024(H5N1)	1599	24110
HA|PP755581.1|A/cattle/Texas/24-008749-002/2024(H5N1)	1600	24116
HA|PP755581.1|A/cattle/Texas/24-008749-002/2024(H5N1)	1601	24128
HA|PP755581.1|A/cattle/Texas/24-008749-002/2024(H5N1)	1602	24381
HA|PP755581.1|A/cattle/Texas/24-008749-002/2024(H5N1)	1603	24105
HA|PP755581.1|A/cattle/Texas/24-008749-002/2024(H5N1)	1604	24109
HA|PP755581.1|A/cattle/Texas/24-008749-002/2024(H5N1)	1605	24069
HA|PP755581.1|A/cattle/Texas/24-008749-002/2024(H5N1)	1606	24008
HA|PP755581.1|A/cattle/Texas/24-008749-002/2024(H5N1)	1607	23963
HA|PP755581.1|A/cattle/Texas/24-008749-002/2024(H5N1)	1608	23915
HA|PP755581.1|A/cattle/Texas/24-008749-002/2024(H5N1)	1609	23826
HA|PP755581.1|A/cattle/Texas/24-008749-002/2024(H5N1)	1610	23815
HA|PP755581.1|A/cattle/Texas/24-008749-002/2024(H5N1)	1611	23610
HA|PP755581.1|A/cattle/Texas/24-008749-002/2024(H5N1)	1612	23564
HA|PP755581.1|A/cattle/Texas/24-008749-002/2024(H5N1)	1613	23425
HA|PP755581.1|A/cattle/Texas/24-008749-002/2024(H5N1)	1614	23455
HA|PP755581.1|A/cattle/Texas/24-008749-002/2024(H5N1)	1615	23393
HA|PP755581.1|A/cattle/Texas/24-008749-002/2024(H5N1)	1616	23148
HA|PP755581.1|A/cattle/Texas/24-008749-002/2024(H5N1)	1617	23056
HA|PP755581.1|A/cattle/Texas/24-008749-002/2024(H5N1)	1618	23005
HA|PP755581.1|A/cattle/Texas/24-008749-002/2024(H5N1)	1619	23008
HA|PP755581.1|A/cattle/Texas/24-008749-002/2024(H5N1)	1620	23003
HA|PP755581.1|A/cattle/Texas/24-008749-002/2024(H5N1)	1621	22880
HA|PP755581.1|A/cattle/Texas/24-008749-002/2024(H5N1)	1622	23200
HA|PP755581.1|A/cattle/Texas/24-008749-002/2024(H5N1)	1623	23074
HA|PP755581.1|A/cattle/Texas/24-008749-002/2024(H5N1)	1624	22992
HA|PP755581.1|A/cattle/Texas/24-008749-002/2024(H5N1)	1625	22988
HA|PP755581.1|A/cattle/Texas/24-008749-002/2024(H5N1)	1626	22950
HA|PP755581.1|A/cattle/Texas/24-008749-002/2024(H5N1)	1627	22903
HA|PP755581.1|A/cattle/Texas/24-008749-002/2024(H5N1)	1628	22319
HA|PP755581.1|A/cattle/Texas/24-008749-002/2024(H5N1)	1629	22133
HA|PP755581.1|A/cattle/Texas/24-008749-002/2024(H5N1)	1630	21897
HA|PP755581.1|A/cattle/Texas/24-008749-002/2024(H5N1)	1631	20681
HA|PP755581.1|A/cattle/Texas/24-008749-002/2024(H5N1)	1632	20726
HA|PP755581.1|A/cattle/Texas/24-008749-002/2024(H5N1)	1633	20724
HA|PP755581.1|A/cattle/Texas/24-008749-002/2024(H5N1)	1634	20714
HA|PP755581.1|A/cattle/Texas/24-008749-002/2024(H5N1)	1635	20672
HA|PP755581.1|A/cattle/Texas/24-008749-002/2024(H5N1)	1636	20498
HA|PP755581.1|A/cattle/Texas/24-008749-002/2024(H5N1)	1637	20485
HA|PP755581.1|A/cattle/Texas/24-008749-002/2024(H5N1)	1638	20195
HA|PP755581.1|A/cattle/Texas/24-008749-002/2024(H5N1)	1639	20173
HA|PP755581.1|A/cattle/Texas/24-008749-002/2024(H5N1)	1640	20140
HA|PP755581.1|A/cattle/Texas/24-008749-002/2024(H5N1)	1641	20000
HA|PP755581.1|A/cattle/Texas/24-008749-002/2024(H5N1)	1642	19879
HA|PP755581.1|A/cattle/Texas/24-008749-002/2024(H5N1)	1643	19830
HA|PP755581.1|A/cattle/Texas/24-008749-002/2024(H5N1)	1644	19630
HA|PP755581.1|A/cattle/Texas/24-008749-002/2024(H5N1)	1645	19553
HA|PP755581.1|A/cattle/Texas/24-008749-002/2024(H5N1)	1646	19492
HA|PP755581.1|A/cattle/Texas/24-008749-002/2024(H5N1)	1647	18979
HA|PP755581.1|A/cattle/Texas/24-008749-002/2024(H5N1)	1648	19073
HA|PP755581.1|A/cattle/Texas/24-008749-002/2024(H5N1)	1649	19097
HA|PP755581.1|A/cattle/Texas/24-008749-002/2024(H5N1)	1650	19037
HA|PP755581.1|A/cattle/Texas/24-008749-002/2024(H5N1)	1651	18694
HA|PP755581.1|A/cattle/Texas/24-008749-002/2024(H5N1)	1652	18584
HA|PP755581.1|A/cattle/Texas/24-008749-002/2024(H5N1)	1653	18660
HA|PP755581.1|A/cattle/Texas/24-008749-002/2024(H5N1)	1654	18600
HA|PP755581.1|A/cattle/Texas/24-008749-002/2024(H5N1)	1655	17956
HA|PP755581.1|A/cattle/Texas/24-008749-002/2024(H5N1)	1656	17930
HA|PP755581.1|A/cattle/Texas/24-008749-002/2024(H5N1)	1657	17278
HA|PP755581.1|A/cattle/Texas/24-008749-002/2024(H5N1)	1658	17117
HA|PP755581.1|A/cattle/Texas/24-008749-002/2024(H5N1)	1659	17044
HA|PP755581.1|A/cattle/Texas/24-008749-002/2024(H5N1)	1660	17032
HA|PP755581.1|A/cattle/Texas/24-008749-002/2024(H5N1)	1661	17025
HA|PP755581.1|A/cattle/Texas/24-008749-002/2024(H5N1)	1662	16273
HA|PP755581.1|A/cattle/Texas/24-008749-002/2024(H5N1)	1663	15938
HA|PP755581.1|A/cattle/Texas/24-008749-002/2024(H5N1)	1664	15317
HA|PP755581.1|A/cattle/Texas/24-008749-002/2024(H5N1)	1665	15327
HA|PP755581.1|A/cattle/Texas/24-008749-002/2024(H5N1)	1666	14691
HA|PP755581.1|A/cattle/Texas/24-008749-002/2024(H5N1)	1667	14688
HA|PP755581.1|A/cattle/Texas/24-008749-002/2024(H5N1)	1668	14265
HA|PP755581.1|A/cattle/Texas/24-008749-002/2024(H5N1)	1669	14246
HA|PP755581.1|A/cattle/Texas/24-008749-002/2024(H5N1)	1670	14084
HA|PP755581.1|A/cattle/Texas/24-008749-002/2024(H5N1)	1671	13786
HA|PP755581.1|A/cattle/Texas/24-008749-002/2024(H5N1)	1672	13763
HA|PP755581.1|A/cattle/Texas/24-008749-002/2024(H5N1)	1673	13761
HA|PP755581.1|A/cattle/Texas/24-008749-002/2024(H5N1)	1674	13594
HA|PP755581.1|A/cattle/Texas/24-008749-002/2024(H5N1)	1675	13565
HA|PP755581.1|A/cattle/Texas/24-008749-002/2024(H5N1)	1676	12760
HA|PP755581.1|A/cattle/Texas/24-008749-002/2024(H5N1)	1677	12578
HA|PP755581.1|A/cattle/Texas/24-008749-002/2024(H5N1)	1678	12564
HA|PP755581.1|A/cattle/Texas/24-008749-002/2024(H5N1)	1679	12007
HA|PP755581.1|A/cattle/Texas/24-008749-002/2024(H5N1)	1680	11998
HA|PP755581.1|A/cattle/Texas/24-008749-002/2024(H5N1)	1681	11967
HA|PP755581.1|A/cattle/Texas/24-008749-002/2024(H5N1)	1682	11963
HA|PP755581.1|A/cattle/Texas/24-008749-002/2024(H5N1)	1683	11957
HA|PP755581.1|A/cattle/Texas/24-008749-002/2024(H5N1)	1684	11886
HA|PP755581.1|A/cattle/Texas/24-008749-002/2024(H5N1)	1685	11132
HA|PP755581.1|A/cattle/Texas/24-008749-002/2024(H5N1)	1686	11088
HA|PP755581.1|A/cattle/Texas/24-008749-002/2024(H5N1)	1687	10938
HA|PP755581.1|A/cattle/Texas/24-008749-002/2024(H5N1)	1688	10933
HA|PP755581.1|A/cattle/Texas/24-008749-002/2024(H5N1)	1689	10926
HA|PP755581.1|A/cattle/Texas/24-008749-002/2024(H5N1)	1690	10275
HA|PP755581.1|A/cattle/Texas/24-008749-002/2024(H5N1)	1691	10271
HA|PP755581.1|A/cattle/Texas/24-008749-002/2024(H5N1)	1692	10231
HA|PP755581.1|A/cattle/Texas/24-008749-002/2024(H5N1)	1693	10228
HA|PP755581.1|A/cattle/Texas/24-008749-002/2024(H5N1)	1694	10219
HA|PP755581.1|A/cattle/Texas/24-008749-002/2024(H5N1)	1695	9940
HA|PP755581.1|A/cattle/Texas/24-008749-002/2024(H5N1)	1696	9930
HA|PP755581.1|A/cattle/Texas/24-008749-002/2024(H5N1)	1697	9861
HA|PP755581.1|A/cattle/Texas/24-008749-002/2024(H5N1)	1698	9836
HA|PP755581.1|A/cattle/Texas/24-008749-002/2024(H5N1)	1699	9829
HA|PP755581.1|A/cattle/Texas/24-008749-002/2024(H5N1)	1700	9467
HA|PP755581.1|A/cattle/Texas/24-008749-002/2024(H5N1)	1701	9433
HA|PP755581.1|A/cattle/Texas/24-008749-002/2024(H5N1)	1702	9395
HA|PP755581.1|A/cattle/Texas/24-008749-002/2024(H5N1)	1703	9375
HA|PP755581.1|A/cattle/Texas/24-008749-002/2024(H5N1)	1704	9356
