NA|PP755591.1|A/cattle/Texas/24-008749-003/2024(H5N1)	1	1068
NA|PP755591.1|A/cattle/Texas/24-008749-003/2024(H5N1)	2	1070
NA|PP755591.1|A/cattle/Texas/24-008749-003/2024(H5N1)	3	1072
NA|PP755591.1|A/cattle/Texas/24-008749-003/2024(H5N1)	4	1080
NA|PP755591.1|A/cattle/Texas/24-008749-003/2024(H5N1)	5	1092
NA|PP755591.1|A/cattle/Texas/24-008749-003/2024(H5N1)	6	1094
NA|PP755591.1|A/cattle/Texas/24-008749-003/2024(H5N1)	7	1095
NA|PP755591.1|A/cattle/Texas/24-008749-003/2024(H5N1)	8	1103
NA|PP755591.1|A/cattle/Texas/24-008749-003/2024(H5N1)	9	1106
NA|PP755591.1|A/cattle/Texas/24-008749-003/2024(H5N1)	10	1127
NA|PP755591.1|A/cattle/Texas/24-008749-003/2024(H5N1)	11	1130
NA|PP755591.1|A/cattle/Texas/24-008749-003/2024(H5N1)	12	1134
NA|PP755591.1|A/cattle/Texas/24-008749-003/2024(H5N1)	13	1134
NA|PP755591.1|A/cattle/Texas/24-008749-003/2024(H5N1)	14	1134
NA|PP755591.1|A/cattle/Texas/24-008749-003/2024(H5N1)	15	1141
NA|PP755591.1|A/cattle/Texas/24-008749-003/2024(H5N1)	16	1145
NA|PP755591.1|A/cattle/Texas/24-008749-003/2024(H5N1)	17	1150
NA|PP755591.1|A/cattle/Texas/24-008749-003/2024(H5N1)	18	1237
NA|PP755591.1|A/cattle/Texas/24-008749-003/2024(H5N1)	19	1269
NA|PP755591.1|A/cattle/Texas/24-008749-003/2024(H5N1)	20	1274
NA|PP755591.1|A/cattle/Texas/24-008749-003/2024(H5N1)	21	1288
NA|PP755591.1|A/cattle/Texas/24-008749-003/2024(H5N1)	22	1289
NA|PP755591.1|A/cattle/Texas/24-008749-003/2024(H5N1)	23	1341
NA|PP755591.1|A/cattle/Texas/24-008749-003/2024(H5N1)	24	1344
NA|PP755591.1|A/cattle/Texas/24-008749-003/2024(H5N1)	25	1346
NA|PP755591.1|A/cattle/Texas/24-008749-003/2024(H5N1)	26	1459
NA|PP755591.1|A/cattle/Texas/24-008749-003/2024(H5N1)	27	1464
NA|PP755591.1|A/cattle/Texas/24-008749-003/2024(H5N1)	28	1471
NA|PP755591.1|A/cattle/Texas/24-008749-003/2024(H5N1)	29	1472
NA|PP755591.1|A/cattle/Texas/24-008749-003/2024(H5N1)	30	1472
NA|PP755591.1|A/cattle/Texas/24-008749-003/2024(H5N1)	31	1534
NA|PP755591.1|A/cattle/Texas/24-008749-003/2024(H5N1)	32	1549
NA|PP755591.1|A/cattle/Texas/24-008749-003/2024(H5N1)	33	1556
NA|PP755591.1|A/cattle/Texas/24-008749-003/2024(H5N1)	34	1569
NA|PP755591.1|A/cattle/Texas/24-008749-003/2024(H5N1)	35	1569
NA|PP755591.1|A/cattle/Texas/24-008749-003/2024(H5N1)	36	1633
NA|PP755591.1|A/cattle/Texas/24-008749-003/2024(H5N1)	37	1671
NA|PP755591.1|A/cattle/Texas/24-008749-003/2024(H5N1)	38	1749
NA|PP755591.1|A/cattle/Texas/24-008749-003/2024(H5N1)	39	1796
NA|PP755591.1|A/cattle/Texas/24-008749-003/2024(H5N1)	40	1788
NA|PP755591.1|A/cattle/Texas/24-008749-003/2024(H5N1)	41	2041
NA|PP755591.1|A/cattle/Texas/24-008749-003/2024(H5N1)	42	2043
NA|PP755591.1|A/cattle/Texas/24-008749-003/2024(H5N1)	43	2055
NA|PP755591.1|A/cattle/Texas/24-008749-003/2024(H5N1)	44	2077
NA|PP755591.1|A/cattle/Texas/24-008749-003/2024(H5N1)	45	2079
NA|PP755591.1|A/cattle/Texas/24-008749-003/2024(H5N1)	46	2160
NA|PP755591.1|A/cattle/Texas/24-008749-003/2024(H5N1)	47	2165
NA|PP755591.1|A/cattle/Texas/24-008749-003/2024(H5N1)	48	2219
NA|PP755591.1|A/cattle/Texas/24-008749-003/2024(H5N1)	49	2221
NA|PP755591.1|A/cattle/Texas/24-008749-003/2024(H5N1)	50	2319
NA|PP755591.1|A/cattle/Texas/24-008749-003/2024(H5N1)	51	2319
NA|PP755591.1|A/cattle/Texas/24-008749-003/2024(H5N1)	52	2381
NA|PP755591.1|A/cattle/Texas/24-008749-003/2024(H5N1)	53	2387
NA|PP755591.1|A/cattle/Texas/24-008749-003/2024(H5N1)	54	2428
NA|PP755591.1|A/cattle/Texas/24-008749-003/2024(H5N1)	55	2448
NA|PP755591.1|A/cattle/Texas/24-008749-003/2024(H5N1)	56	2451
NA|PP755591.1|A/cattle/Texas/24-008749-003/2024(H5N1)	57	2490
NA|PP755591.1|A/cattle/Texas/24-008749-003/2024(H5N1)	58	2512
NA|PP755591.1|A/cattle/Texas/24-008749-003/2024(H5N1)	59	2554
NA|PP755591.1|A/cattle/Texas/24-008749-003/2024(H5N1)	60	2567
NA|PP755591.1|A/cattle/Texas/24-008749-003/2024(H5N1)	61	2566
NA|PP755591.1|A/cattle/Texas/24-008749-003/2024(H5N1)	62	2607
NA|PP755591.1|A/cattle/Texas/24-008749-003/2024(H5N1)	63	2625
NA|PP755591.1|A/cattle/Texas/24-008749-003/2024(H5N1)	64	2640
NA|PP755591.1|A/cattle/Texas/24-008749-003/2024(H5N1)	65	2640
NA|PP755591.1|A/cattle/Texas/24-008749-003/2024(H5N1)	66	2640
NA|PP755591.1|A/cattle/Texas/24-008749-003/2024(H5N1)	67	2654
NA|PP755591.1|A/cattle/Texas/24-008749-003/2024(H5N1)	68	2657
NA|PP755591.1|A/cattle/Texas/24-008749-003/2024(H5N1)	69	2663
NA|PP755591.1|A/cattle/Texas/24-008749-003/2024(H5N1)	70	2707
NA|PP755591.1|A/cattle/Texas/24-008749-003/2024(H5N1)	71	2706
NA|PP755591.1|A/cattle/Texas/24-008749-003/2024(H5N1)	72	2718
NA|PP755591.1|A/cattle/Texas/24-008749-003/2024(H5N1)	73	2798
NA|PP755591.1|A/cattle/Texas/24-008749-003/2024(H5N1)	74	2801
NA|PP755591.1|A/cattle/Texas/24-008749-003/2024(H5N1)	75	2804
NA|PP755591.1|A/cattle/Texas/24-008749-003/2024(H5N1)	76	2810
NA|PP755591.1|A/cattle/Texas/24-008749-003/2024(H5N1)	77	2819
NA|PP755591.1|A/cattle/Texas/24-008749-003/2024(H5N1)	78	2823
NA|PP755591.1|A/cattle/Texas/24-008749-003/2024(H5N1)	79	2827
NA|PP755591.1|A/cattle/Texas/24-008749-003/2024(H5N1)	80	2828
NA|PP755591.1|A/cattle/Texas/24-008749-003/2024(H5N1)	81	2857
NA|PP755591.1|A/cattle/Texas/24-008749-003/2024(H5N1)	82	2858
NA|PP755591.1|A/cattle/Texas/24-008749-003/2024(H5N1)	83	2872
NA|PP755591.1|A/cattle/Texas/24-008749-003/2024(H5N1)	84	2945
NA|PP755591.1|A/cattle/Texas/24-008749-003/2024(H5N1)	85	2975
NA|PP755591.1|A/cattle/Texas/24-008749-003/2024(H5N1)	86	2980
NA|PP755591.1|A/cattle/Texas/24-008749-003/2024(H5N1)	87	2989
NA|PP755591.1|A/cattle/Texas/24-008749-003/2024(H5N1)	88	3018
NA|PP755591.1|A/cattle/Texas/24-008749-003/2024(H5N1)	89	3083
NA|PP755591.1|A/cattle/Texas/24-008749-003/2024(H5N1)	90	3101
NA|PP755591.1|A/cattle/Texas/24-008749-003/2024(H5N1)	91	3102
NA|PP755591.1|A/cattle/Texas/24-008749-003/2024(H5N1)	92	3360
NA|PP755591.1|A/cattle/Texas/24-008749-003/2024(H5N1)	93	3356
NA|PP755591.1|A/cattle/Texas/24-008749-003/2024(H5N1)	94	3379
NA|PP755591.1|A/cattle/Texas/24-008749-003/2024(H5N1)	95	3380
NA|PP755591.1|A/cattle/Texas/24-008749-003/2024(H5N1)	96	3385
NA|PP755591.1|A/cattle/Texas/24-008749-003/2024(H5N1)	97	3380
NA|PP755591.1|A/cattle/Texas/24-008749-003/2024(H5N1)	98	3445
NA|PP755591.1|A/cattle/Texas/24-008749-003/2024(H5N1)	99	3472
NA|PP755591.1|A/cattle/Texas/24-008749-003/2024(H5N1)	100	3484
NA|PP755591.1|A/cattle/Texas/24-008749-003/2024(H5N1)	101	3460
NA|PP755591.1|A/cattle/Texas/24-008749-003/2024(H5N1)	102	3473
NA|PP755591.1|A/cattle/Texas/24-008749-003/2024(H5N1)	103	3474
NA|PP755591.1|A/cattle/Texas/24-008749-003/2024(H5N1)	104	3485
NA|PP755591.1|A/cattle/Texas/24-008749-003/2024(H5N1)	105	3528
NA|PP755591.1|A/cattle/Texas/24-008749-003/2024(H5N1)	106	3533
NA|PP755591.1|A/cattle/Texas/24-008749-003/2024(H5N1)	107	3569
NA|PP755591.1|A/cattle/Texas/24-008749-003/2024(H5N1)	108	3594
NA|PP755591.1|A/cattle/Texas/24-008749-003/2024(H5N1)	109	3595
NA|PP755591.1|A/cattle/Texas/24-008749-003/2024(H5N1)	110	3607
NA|PP755591.1|A/cattle/Texas/24-008749-003/2024(H5N1)	111	3631
NA|PP755591.1|A/cattle/Texas/24-008749-003/2024(H5N1)	112	3685
NA|PP755591.1|A/cattle/Texas/24-008749-003/2024(H5N1)	113	3696
NA|PP755591.1|A/cattle/Texas/24-008749-003/2024(H5N1)	114	3706
NA|PP755591.1|A/cattle/Texas/24-008749-003/2024(H5N1)	115	3708
NA|PP755591.1|A/cattle/Texas/24-008749-003/2024(H5N1)	116	3718
NA|PP755591.1|A/cattle/Texas/24-008749-003/2024(H5N1)	117	3722
NA|PP755591.1|A/cattle/Texas/24-008749-003/2024(H5N1)	118	3730
NA|PP755591.1|A/cattle/Texas/24-008749-003/2024(H5N1)	119	3754
NA|PP755591.1|A/cattle/Texas/24-008749-003/2024(H5N1)	120	3751
NA|PP755591.1|A/cattle/Texas/24-008749-003/2024(H5N1)	121	3777
NA|PP755591.1|A/cattle/Texas/24-008749-003/2024(H5N1)	122	3790
NA|PP755591.1|A/cattle/Texas/24-008749-003/2024(H5N1)	123	3813
NA|PP755591.1|A/cattle/Texas/24-008749-003/2024(H5N1)	124	3857
NA|PP755591.1|A/cattle/Texas/24-008749-003/2024(H5N1)	125	3934
NA|PP755591.1|A/cattle/Texas/24-008749-003/2024(H5N1)	126	3940
NA|PP755591.1|A/cattle/Texas/24-008749-003/2024(H5N1)	127	3955
NA|PP755591.1|A/cattle/Texas/24-008749-003/2024(H5N1)	128	3951
NA|PP755591.1|A/cattle/Texas/24-008749-003/2024(H5N1)	129	4026
NA|PP755591.1|A/cattle/Texas/24-008749-003/2024(H5N1)	130	4032
NA|PP755591.1|A/cattle/Texas/24-008749-003/2024(H5N1)	131	4031
NA|PP755591.1|A/cattle/Texas/24-008749-003/2024(H5N1)	132	4040
NA|PP755591.1|A/cattle/Texas/24-008749-003/2024(H5N1)	133	4037
NA|PP755591.1|A/cattle/Texas/24-008749-003/2024(H5N1)	134	4279
NA|PP755591.1|A/cattle/Texas/24-008749-003/2024(H5N1)	135	4318
NA|PP755591.1|A/cattle/Texas/24-008749-003/2024(H5N1)	136	4352
NA|PP755591.1|A/cattle/Texas/24-008749-003/2024(H5N1)	137	4367
NA|PP755591.1|A/cattle/Texas/24-008749-003/2024(H5N1)	138	4355
NA|PP755591.1|A/cattle/Texas/24-008749-003/2024(H5N1)	139	4385
NA|PP755591.1|A/cattle/Texas/24-008749-003/2024(H5N1)	140	4388
NA|PP755591.1|A/cattle/Texas/24-008749-003/2024(H5N1)	141	4403
NA|PP755591.1|A/cattle/Texas/24-008749-003/2024(H5N1)	142	4426
NA|PP755591.1|A/cattle/Texas/24-008749-003/2024(H5N1)	143	4391
NA|PP755591.1|A/cattle/Texas/24-008749-003/2024(H5N1)	144	4397
NA|PP755591.1|A/cattle/Texas/24-008749-003/2024(H5N1)	145	4398
NA|PP755591.1|A/cattle/Texas/24-008749-003/2024(H5N1)	146	4406
NA|PP755591.1|A/cattle/Texas/24-008749-003/2024(H5N1)	147	4425
NA|PP755591.1|A/cattle/Texas/24-008749-003/2024(H5N1)	148	4430
NA|PP755591.1|A/cattle/Texas/24-008749-003/2024(H5N1)	149	4468
NA|PP755591.1|A/cattle/Texas/24-008749-003/2024(H5N1)	150	4494
NA|PP755591.1|A/cattle/Texas/24-008749-003/2024(H5N1)	151	4498
NA|PP755591.1|A/cattle/Texas/24-008749-003/2024(H5N1)	152	4490
NA|PP755591.1|A/cattle/Texas/24-008749-003/2024(H5N1)	153	4500
NA|PP755591.1|A/cattle/Texas/24-008749-003/2024(H5N1)	154	4501
NA|PP755591.1|A/cattle/Texas/24-008749-003/2024(H5N1)	155	4521
NA|PP755591.1|A/cattle/Texas/24-008749-003/2024(H5N1)	156	4570
NA|PP755591.1|A/cattle/Texas/24-008749-003/2024(H5N1)	157	4606
NA|PP755591.1|A/cattle/Texas/24-008749-003/2024(H5N1)	158	4660
NA|PP755591.1|A/cattle/Texas/24-008749-003/2024(H5N1)	159	4662
NA|PP755591.1|A/cattle/Texas/24-008749-003/2024(H5N1)	160	4680
NA|PP755591.1|A/cattle/Texas/24-008749-003/2024(H5N1)	161	4759
NA|PP755591.1|A/cattle/Texas/24-008749-003/2024(H5N1)	162	4767
NA|PP755591.1|A/cattle/Texas/24-008749-003/2024(H5N1)	163	4830
NA|PP755591.1|A/cattle/Texas/24-008749-003/2024(H5N1)	164	4873
NA|PP755591.1|A/cattle/Texas/24-008749-003/2024(H5N1)	165	4870
NA|PP755591.1|A/cattle/Texas/24-008749-003/2024(H5N1)	166	4876
NA|PP755591.1|A/cattle/Texas/24-008749-003/2024(H5N1)	167	4883
NA|PP755591.1|A/cattle/Texas/24-008749-003/2024(H5N1)	168	4892
NA|PP755591.1|A/cattle/Texas/24-008749-003/2024(H5N1)	169	4902
NA|PP755591.1|A/cattle/Texas/24-008749-003/2024(H5N1)	170	4893
NA|PP755591.1|A/cattle/Texas/24-008749-003/2024(H5N1)	171	4981
NA|PP755591.1|A/cattle/Texas/24-008749-003/2024(H5N1)	172	4986
NA|PP755591.1|A/cattle/Texas/24-008749-003/2024(H5N1)	173	4993
NA|PP755591.1|A/cattle/Texas/24-008749-003/2024(H5N1)	174	5008
NA|PP755591.1|A/cattle/Texas/24-008749-003/2024(H5N1)	175	5008
NA|PP755591.1|A/cattle/Texas/24-008749-003/2024(H5N1)	176	5033
NA|PP755591.1|A/cattle/Texas/24-008749-003/2024(H5N1)	177	5071
NA|PP755591.1|A/cattle/Texas/24-008749-003/2024(H5N1)	178	5077
NA|PP755591.1|A/cattle/Texas/24-008749-003/2024(H5N1)	179	5081
NA|PP755591.1|A/cattle/Texas/24-008749-003/2024(H5N1)	180	5064
NA|PP755591.1|A/cattle/Texas/24-008749-003/2024(H5N1)	181	5039
NA|PP755591.1|A/cattle/Texas/24-008749-003/2024(H5N1)	182	5118
NA|PP755591.1|A/cattle/Texas/24-008749-003/2024(H5N1)	183	5124
NA|PP755591.1|A/cattle/Texas/24-008749-003/2024(H5N1)	184	5123
NA|PP755591.1|A/cattle/Texas/24-008749-003/2024(H5N1)	185	5119
NA|PP755591.1|A/cattle/Texas/24-008749-003/2024(H5N1)	186	5110
NA|PP755591.1|A/cattle/Texas/24-008749-003/2024(H5N1)	187	5176
NA|PP755591.1|A/cattle/Texas/24-008749-003/2024(H5N1)	188	5218
NA|PP755591.1|A/cattle/Texas/24-008749-003/2024(H5N1)	189	5244
NA|PP755591.1|A/cattle/Texas/24-008749-003/2024(H5N1)	190	5245
NA|PP755591.1|A/cattle/Texas/24-008749-003/2024(H5N1)	191	5207
NA|PP755591.1|A/cattle/Texas/24-008749-003/2024(H5N1)	192	5250
NA|PP755591.1|A/cattle/Texas/24-008749-003/2024(H5N1)	193	5302
NA|PP755591.1|A/cattle/Texas/24-008749-003/2024(H5N1)	194	5311
NA|PP755591.1|A/cattle/Texas/24-008749-003/2024(H5N1)	195	5309
NA|PP755591.1|A/cattle/Texas/24-008749-003/2024(H5N1)	196	5296
NA|PP755591.1|A/cattle/Texas/24-008749-003/2024(H5N1)	197	5308
NA|PP755591.1|A/cattle/Texas/24-008749-003/2024(H5N1)	198	5317
NA|PP755591.1|A/cattle/Texas/24-008749-003/2024(H5N1)	199	5332
NA|PP755591.1|A/cattle/Texas/24-008749-003/2024(H5N1)	200	5339
NA|PP755591.1|A/cattle/Texas/24-008749-003/2024(H5N1)	201	5351
NA|PP755591.1|A/cattle/Texas/24-008749-003/2024(H5N1)	202	5365
NA|PP755591.1|A/cattle/Texas/24-008749-003/2024(H5N1)	203	5511
NA|PP755591.1|A/cattle/Texas/24-008749-003/2024(H5N1)	204	5538
NA|PP755591.1|A/cattle/Texas/24-008749-003/2024(H5N1)	205	5528
NA|PP755591.1|A/cattle/Texas/24-008749-003/2024(H5N1)	206	5533
NA|PP755591.1|A/cattle/Texas/24-008749-003/2024(H5N1)	207	5554
NA|PP755591.1|A/cattle/Texas/24-008749-003/2024(H5N1)	208	5530
NA|PP755591.1|A/cattle/Texas/24-008749-003/2024(H5N1)	209	5535
NA|PP755591.1|A/cattle/Texas/24-008749-003/2024(H5N1)	210	5588
NA|PP755591.1|A/cattle/Texas/24-008749-003/2024(H5N1)	211	5590
NA|PP755591.1|A/cattle/Texas/24-008749-003/2024(H5N1)	212	5589
NA|PP755591.1|A/cattle/Texas/24-008749-003/2024(H5N1)	213	5589
NA|PP755591.1|A/cattle/Texas/24-008749-003/2024(H5N1)	214	5595
NA|PP755591.1|A/cattle/Texas/24-008749-003/2024(H5N1)	215	5617
NA|PP755591.1|A/cattle/Texas/24-008749-003/2024(H5N1)	216	5609
NA|PP755591.1|A/cattle/Texas/24-008749-003/2024(H5N1)	217	5671
NA|PP755591.1|A/cattle/Texas/24-008749-003/2024(H5N1)	218	5688
NA|PP755591.1|A/cattle/Texas/24-008749-003/2024(H5N1)	219	5708
NA|PP755591.1|A/cattle/Texas/24-008749-003/2024(H5N1)	220	5750
NA|PP755591.1|A/cattle/Texas/24-008749-003/2024(H5N1)	221	5761
NA|PP755591.1|A/cattle/Texas/24-008749-003/2024(H5N1)	222	5764
NA|PP755591.1|A/cattle/Texas/24-008749-003/2024(H5N1)	223	5760
NA|PP755591.1|A/cattle/Texas/24-008749-003/2024(H5N1)	224	5762
NA|PP755591.1|A/cattle/Texas/24-008749-003/2024(H5N1)	225	5772
NA|PP755591.1|A/cattle/Texas/24-008749-003/2024(H5N1)	226	5778
NA|PP755591.1|A/cattle/Texas/24-008749-003/2024(H5N1)	227	5782
NA|PP755591.1|A/cattle/Texas/24-008749-003/2024(H5N1)	228	5768
NA|PP755591.1|A/cattle/Texas/24-008749-003/2024(H5N1)	229	5792
NA|PP755591.1|A/cattle/Texas/24-008749-003/2024(H5N1)	230	5798
NA|PP755591.1|A/cattle/Texas/24-008749-003/2024(H5N1)	231	5480
NA|PP755591.1|A/cattle/Texas/24-008749-003/2024(H5N1)	232	5350
NA|PP755591.1|A/cattle/Texas/24-008749-003/2024(H5N1)	233	5344
NA|PP755591.1|A/cattle/Texas/24-008749-003/2024(H5N1)	234	5400
NA|PP755591.1|A/cattle/Texas/24-008749-003/2024(H5N1)	235	5393
NA|PP755591.1|A/cattle/Texas/24-008749-003/2024(H5N1)	236	5406
NA|PP755591.1|A/cattle/Texas/24-008749-003/2024(H5N1)	237	5413
NA|PP755591.1|A/cattle/Texas/24-008749-003/2024(H5N1)	238	5424
NA|PP755591.1|A/cattle/Texas/24-008749-003/2024(H5N1)	239	5409
NA|PP755591.1|A/cattle/Texas/24-008749-003/2024(H5N1)	240	5421
NA|PP755591.1|A/cattle/Texas/24-008749-003/2024(H5N1)	241	5452
NA|PP755591.1|A/cattle/Texas/24-008749-003/2024(H5N1)	242	5452
NA|PP755591.1|A/cattle/Texas/24-008749-003/2024(H5N1)	243	5420
NA|PP755591.1|A/cattle/Texas/24-008749-003/2024(H5N1)	244	5420
NA|PP755591.1|A/cattle/Texas/24-008749-003/2024(H5N1)	245	5365
NA|PP755591.1|A/cattle/Texas/24-008749-003/2024(H5N1)	246	5367
NA|PP755591.1|A/cattle/Texas/24-008749-003/2024(H5N1)	247	5368
NA|PP755591.1|A/cattle/Texas/24-008749-003/2024(H5N1)	248	5374
NA|PP755591.1|A/cattle/Texas/24-008749-003/2024(H5N1)	249	5375
NA|PP755591.1|A/cattle/Texas/24-008749-003/2024(H5N1)	250	5379
NA|PP755591.1|A/cattle/Texas/24-008749-003/2024(H5N1)	251	5406
NA|PP755591.1|A/cattle/Texas/24-008749-003/2024(H5N1)	252	5407
NA|PP755591.1|A/cattle/Texas/24-008749-003/2024(H5N1)	253	5425
NA|PP755591.1|A/cattle/Texas/24-008749-003/2024(H5N1)	254	5418
NA|PP755591.1|A/cattle/Texas/24-008749-003/2024(H5N1)	255	5407
NA|PP755591.1|A/cattle/Texas/24-008749-003/2024(H5N1)	256	5404
NA|PP755591.1|A/cattle/Texas/24-008749-003/2024(H5N1)	257	5435
NA|PP755591.1|A/cattle/Texas/24-008749-003/2024(H5N1)	258	5440
NA|PP755591.1|A/cattle/Texas/24-008749-003/2024(H5N1)	259	5435
NA|PP755591.1|A/cattle/Texas/24-008749-003/2024(H5N1)	260	5421
NA|PP755591.1|A/cattle/Texas/24-008749-003/2024(H5N1)	261	5476
NA|PP755591.1|A/cattle/Texas/24-008749-003/2024(H5N1)	262	5471
NA|PP755591.1|A/cattle/Texas/24-008749-003/2024(H5N1)	263	5570
NA|PP755591.1|A/cattle/Texas/24-008749-003/2024(H5N1)	264	5572
NA|PP755591.1|A/cattle/Texas/24-008749-003/2024(H5N1)	265	5585
NA|PP755591.1|A/cattle/Texas/24-008749-003/2024(H5N1)	266	5580
NA|PP755591.1|A/cattle/Texas/24-008749-003/2024(H5N1)	267	5574
NA|PP755591.1|A/cattle/Texas/24-008749-003/2024(H5N1)	268	5581
NA|PP755591.1|A/cattle/Texas/24-008749-003/2024(H5N1)	269	5532
NA|PP755591.1|A/cattle/Texas/24-008749-003/2024(H5N1)	270	5558
NA|PP755591.1|A/cattle/Texas/24-008749-003/2024(H5N1)	271	5565
NA|PP755591.1|A/cattle/Texas/24-008749-003/2024(H5N1)	272	5503
NA|PP755591.1|A/cattle/Texas/24-008749-003/2024(H5N1)	273	5505
NA|PP755591.1|A/cattle/Texas/24-008749-003/2024(H5N1)	274	5471
NA|PP755591.1|A/cattle/Texas/24-008749-003/2024(H5N1)	275	5491
NA|PP755591.1|A/cattle/Texas/24-008749-003/2024(H5N1)	276	5498
NA|PP755591.1|A/cattle/Texas/24-008749-003/2024(H5N1)	277	5508
NA|PP755591.1|A/cattle/Texas/24-008749-003/2024(H5N1)	278	5613
NA|PP755591.1|A/cattle/Texas/24-008749-003/2024(H5N1)	279	5589
NA|PP755591.1|A/cattle/Texas/24-008749-003/2024(H5N1)	280	5836
NA|PP755591.1|A/cattle/Texas/24-008749-003/2024(H5N1)	281	5836
NA|PP755591.1|A/cattle/Texas/24-008749-003/2024(H5N1)	282	5798
NA|PP755591.1|A/cattle/Texas/24-008749-003/2024(H5N1)	283	5790
NA|PP755591.1|A/cattle/Texas/24-008749-003/2024(H5N1)	284	5790
NA|PP755591.1|A/cattle/Texas/24-008749-003/2024(H5N1)	285	5752
NA|PP755591.1|A/cattle/Texas/24-008749-003/2024(H5N1)	286	5758
NA|PP755591.1|A/cattle/Texas/24-008749-003/2024(H5N1)	287	5667
NA|PP755591.1|A/cattle/Texas/24-008749-003/2024(H5N1)	288	5661
NA|PP755591.1|A/cattle/Texas/24-008749-003/2024(H5N1)	289	5486
NA|PP755591.1|A/cattle/Texas/24-008749-003/2024(H5N1)	290	5510
NA|PP755591.1|A/cattle/Texas/24-008749-003/2024(H5N1)	291	5589
NA|PP755591.1|A/cattle/Texas/24-008749-003/2024(H5N1)	292	5513
NA|PP755591.1|A/cattle/Texas/24-008749-003/2024(H5N1)	293	5518
NA|PP755591.1|A/cattle/Texas/24-008749-003/2024(H5N1)	294	5512
NA|PP755591.1|A/cattle/Texas/24-008749-003/2024(H5N1)	295	5670
NA|PP755591.1|A/cattle/Texas/24-008749-003/2024(H5N1)	296	5661
NA|PP755591.1|A/cattle/Texas/24-008749-003/2024(H5N1)	297	5740
NA|PP755591.1|A/cattle/Texas/24-008749-003/2024(H5N1)	298	5758
NA|PP755591.1|A/cattle/Texas/24-008749-003/2024(H5N1)	299	5712
NA|PP755591.1|A/cattle/Texas/24-008749-003/2024(H5N1)	300	5781
NA|PP755591.1|A/cattle/Texas/24-008749-003/2024(H5N1)	301	5622
NA|PP755591.1|A/cattle/Texas/24-008749-003/2024(H5N1)	302	5652
NA|PP755591.1|A/cattle/Texas/24-008749-003/2024(H5N1)	303	5628
NA|PP755591.1|A/cattle/Texas/24-008749-003/2024(H5N1)	304	5548
NA|PP755591.1|A/cattle/Texas/24-008749-003/2024(H5N1)	305	5550
NA|PP755591.1|A/cattle/Texas/24-008749-003/2024(H5N1)	306	5540
NA|PP755591.1|A/cattle/Texas/24-008749-003/2024(H5N1)	307	5559
NA|PP755591.1|A/cattle/Texas/24-008749-003/2024(H5N1)	308	5523
NA|PP755591.1|A/cattle/Texas/24-008749-003/2024(H5N1)	309	5489
NA|PP755591.1|A/cattle/Texas/24-008749-003/2024(H5N1)	310	5454
NA|PP755591.1|A/cattle/Texas/24-008749-003/2024(H5N1)	311	5449
NA|PP755591.1|A/cattle/Texas/24-008749-003/2024(H5N1)	312	5502
NA|PP755591.1|A/cattle/Texas/24-008749-003/2024(H5N1)	313	5496
NA|PP755591.1|A/cattle/Texas/24-008749-003/2024(H5N1)	314	5705
NA|PP755591.1|A/cattle/Texas/24-008749-003/2024(H5N1)	315	5672
NA|PP755591.1|A/cattle/Texas/24-008749-003/2024(H5N1)	316	5682
NA|PP755591.1|A/cattle/Texas/24-008749-003/2024(H5N1)	317	5701
NA|PP755591.1|A/cattle/Texas/24-008749-003/2024(H5N1)	318	5693
NA|PP755591.1|A/cattle/Texas/24-008749-003/2024(H5N1)	319	5699
NA|PP755591.1|A/cattle/Texas/24-008749-003/2024(H5N1)	320	5757
NA|PP755591.1|A/cattle/Texas/24-008749-003/2024(H5N1)	321	5689
NA|PP755591.1|A/cattle/Texas/24-008749-003/2024(H5N1)	322	5689
NA|PP755591.1|A/cattle/Texas/24-008749-003/2024(H5N1)	323	5487
NA|PP755591.1|A/cattle/Texas/24-008749-003/2024(H5N1)	324	5465
NA|PP755591.1|A/cattle/Texas/24-008749-003/2024(H5N1)	325	5472
NA|PP755591.1|A/cattle/Texas/24-008749-003/2024(H5N1)	326	5516
NA|PP755591.1|A/cattle/Texas/24-008749-003/2024(H5N1)	327	5602
NA|PP755591.1|A/cattle/Texas/24-008749-003/2024(H5N1)	328	5603
NA|PP755591.1|A/cattle/Texas/24-008749-003/2024(H5N1)	329	5588
NA|PP755591.1|A/cattle/Texas/24-008749-003/2024(H5N1)	330	5574
NA|PP755591.1|A/cattle/Texas/24-008749-003/2024(H5N1)	331	5570
NA|PP755591.1|A/cattle/Texas/24-008749-003/2024(H5N1)	332	5570
NA|PP755591.1|A/cattle/Texas/24-008749-003/2024(H5N1)	333	5578
NA|PP755591.1|A/cattle/Texas/24-008749-003/2024(H5N1)	334	5620
NA|PP755591.1|A/cattle/Texas/24-008749-003/2024(H5N1)	335	5596
NA|PP755591.1|A/cattle/Texas/24-008749-003/2024(H5N1)	336	5529
NA|PP755591.1|A/cattle/Texas/24-008749-003/2024(H5N1)	337	5523
NA|PP755591.1|A/cattle/Texas/24-008749-003/2024(H5N1)	338	5557
NA|PP755591.1|A/cattle/Texas/24-008749-003/2024(H5N1)	339	5524
NA|PP755591.1|A/cattle/Texas/24-008749-003/2024(H5N1)	340	5526
NA|PP755591.1|A/cattle/Texas/24-008749-003/2024(H5N1)	341	5503
NA|PP755591.1|A/cattle/Texas/24-008749-003/2024(H5N1)	342	5539
NA|PP755591.1|A/cattle/Texas/24-008749-003/2024(H5N1)	343	5396
NA|PP755591.1|A/cattle/Texas/24-008749-003/2024(H5N1)	344	5382
NA|PP755591.1|A/cattle/Texas/24-008749-003/2024(H5N1)	345	5404
NA|PP755591.1|A/cattle/Texas/24-008749-003/2024(H5N1)	346	5446
NA|PP755591.1|A/cattle/Texas/24-008749-003/2024(H5N1)	347	5501
NA|PP755591.1|A/cattle/Texas/24-008749-003/2024(H5N1)	348	5508
NA|PP755591.1|A/cattle/Texas/24-008749-003/2024(H5N1)	349	5457
NA|PP755591.1|A/cattle/Texas/24-008749-003/2024(H5N1)	350	5534
NA|PP755591.1|A/cattle/Texas/24-008749-003/2024(H5N1)	351	5504
NA|PP755591.1|A/cattle/Texas/24-008749-003/2024(H5N1)	352	5509
NA|PP755591.1|A/cattle/Texas/24-008749-003/2024(H5N1)	353	5514
NA|PP755591.1|A/cattle/Texas/24-008749-003/2024(H5N1)	354	5499
NA|PP755591.1|A/cattle/Texas/24-008749-003/2024(H5N1)	355	5491
NA|PP755591.1|A/cattle/Texas/24-008749-003/2024(H5N1)	356	5508
NA|PP755591.1|A/cattle/Texas/24-008749-003/2024(H5N1)	357	5518
NA|PP755591.1|A/cattle/Texas/24-008749-003/2024(H5N1)	358	5535
NA|PP755591.1|A/cattle/Texas/24-008749-003/2024(H5N1)	359	5458
NA|PP755591.1|A/cattle/Texas/24-008749-003/2024(H5N1)	360	5496
NA|PP755591.1|A/cattle/Texas/24-008749-003/2024(H5N1)	361	5510
NA|PP755591.1|A/cattle/Texas/24-008749-003/2024(H5N1)	362	5504
NA|PP755591.1|A/cattle/Texas/24-008749-003/2024(H5N1)	363	5501
NA|PP755591.1|A/cattle/Texas/24-008749-003/2024(H5N1)	364	5503
NA|PP755591.1|A/cattle/Texas/24-008749-003/2024(H5N1)	365	5517
NA|PP755591.1|A/cattle/Texas/24-008749-003/2024(H5N1)	366	5536
NA|PP755591.1|A/cattle/Texas/24-008749-003/2024(H5N1)	367	5495
NA|PP755591.1|A/cattle/Texas/24-008749-003/2024(H5N1)	368	5507
NA|PP755591.1|A/cattle/Texas/24-008749-003/2024(H5N1)	369	5498
NA|PP755591.1|A/cattle/Texas/24-008749-003/2024(H5N1)	370	5490
NA|PP755591.1|A/cattle/Texas/24-008749-003/2024(H5N1)	371	5494
NA|PP755591.1|A/cattle/Texas/24-008749-003/2024(H5N1)	372	5545
NA|PP755591.1|A/cattle/Texas/24-008749-003/2024(H5N1)	373	5535
NA|PP755591.1|A/cattle/Texas/24-008749-003/2024(H5N1)	374	5545
NA|PP755591.1|A/cattle/Texas/24-008749-003/2024(H5N1)	375	5484
NA|PP755591.1|A/cattle/Texas/24-008749-003/2024(H5N1)	376	5574
NA|PP755591.1|A/cattle/Texas/24-008749-003/2024(H5N1)	377	5590
NA|PP755591.1|A/cattle/Texas/24-008749-003/2024(H5N1)	378	5570
NA|PP755591.1|A/cattle/Texas/24-008749-003/2024(H5N1)	379	5600
NA|PP755591.1|A/cattle/Texas/24-008749-003/2024(H5N1)	380	5601
NA|PP755591.1|A/cattle/Texas/24-008749-003/2024(H5N1)	381	5602
NA|PP755591.1|A/cattle/Texas/24-008749-003/2024(H5N1)	382	5613
NA|PP755591.1|A/cattle/Texas/24-008749-003/2024(H5N1)	383	5608
NA|PP755591.1|A/cattle/Texas/24-008749-003/2024(H5N1)	384	5620
NA|PP755591.1|A/cattle/Texas/24-008749-003/2024(H5N1)	385	5475
NA|PP755591.1|A/cattle/Texas/24-008749-003/2024(H5N1)	386	5465
NA|PP755591.1|A/cattle/Texas/24-008749-003/2024(H5N1)	387	5473
NA|PP755591.1|A/cattle/Texas/24-008749-003/2024(H5N1)	388	5438
NA|PP755591.1|A/cattle/Texas/24-008749-003/2024(H5N1)	389	5441
NA|PP755591.1|A/cattle/Texas/24-008749-003/2024(H5N1)	390	5506
NA|PP755591.1|A/cattle/Texas/24-008749-003/2024(H5N1)	391	5540
NA|PP755591.1|A/cattle/Texas/24-008749-003/2024(H5N1)	392	5585
NA|PP755591.1|A/cattle/Texas/24-008749-003/2024(H5N1)	393	5577
NA|PP755591.1|A/cattle/Texas/24-008749-003/2024(H5N1)	394	5586
NA|PP755591.1|A/cattle/Texas/24-008749-003/2024(H5N1)	395	5591
NA|PP755591.1|A/cattle/Texas/24-008749-003/2024(H5N1)	396	5605
NA|PP755591.1|A/cattle/Texas/24-008749-003/2024(H5N1)	397	5644
NA|PP755591.1|A/cattle/Texas/24-008749-003/2024(H5N1)	398	5663
NA|PP755591.1|A/cattle/Texas/24-008749-003/2024(H5N1)	399	5651
NA|PP755591.1|A/cattle/Texas/24-008749-003/2024(H5N1)	400	5633
NA|PP755591.1|A/cattle/Texas/24-008749-003/2024(H5N1)	401	5602
NA|PP755591.1|A/cattle/Texas/24-008749-003/2024(H5N1)	402	5657
NA|PP755591.1|A/cattle/Texas/24-008749-003/2024(H5N1)	403	5761
NA|PP755591.1|A/cattle/Texas/24-008749-003/2024(H5N1)	404	5838
NA|PP755591.1|A/cattle/Texas/24-008749-003/2024(H5N1)	405	5830
NA|PP755591.1|A/cattle/Texas/24-008749-003/2024(H5N1)	406	5799
NA|PP755591.1|A/cattle/Texas/24-008749-003/2024(H5N1)	407	5805
NA|PP755591.1|A/cattle/Texas/24-008749-003/2024(H5N1)	408	5791
NA|PP755591.1|A/cattle/Texas/24-008749-003/2024(H5N1)	409	5763
NA|PP755591.1|A/cattle/Texas/24-008749-003/2024(H5N1)	410	5791
NA|PP755591.1|A/cattle/Texas/24-008749-003/2024(H5N1)	411	5756
NA|PP755591.1|A/cattle/Texas/24-008749-003/2024(H5N1)	412	5755
NA|PP755591.1|A/cattle/Texas/24-008749-003/2024(H5N1)	413	5696
NA|PP755591.1|A/cattle/Texas/24-008749-003/2024(H5N1)	414	5676
NA|PP755591.1|A/cattle/Texas/24-008749-003/2024(H5N1)	415	5706
NA|PP755591.1|A/cattle/Texas/24-008749-003/2024(H5N1)	416	5704
NA|PP755591.1|A/cattle/Texas/24-008749-003/2024(H5N1)	417	5741
NA|PP755591.1|A/cattle/Texas/24-008749-003/2024(H5N1)	418	5754
NA|PP755591.1|A/cattle/Texas/24-008749-003/2024(H5N1)	419	5739
NA|PP755591.1|A/cattle/Texas/24-008749-003/2024(H5N1)	420	5751
NA|PP755591.1|A/cattle/Texas/24-008749-003/2024(H5N1)	421	5738
NA|PP755591.1|A/cattle/Texas/24-008749-003/2024(H5N1)	422	5733
NA|PP755591.1|A/cattle/Texas/24-008749-003/2024(H5N1)	423	5726
NA|PP755591.1|A/cattle/Texas/24-008749-003/2024(H5N1)	424	5691
NA|PP755591.1|A/cattle/Texas/24-008749-003/2024(H5N1)	425	5708
NA|PP755591.1|A/cattle/Texas/24-008749-003/2024(H5N1)	426	5694
NA|PP755591.1|A/cattle/Texas/24-008749-003/2024(H5N1)	427	5694
NA|PP755591.1|A/cattle/Texas/24-008749-003/2024(H5N1)	428	5676
NA|PP755591.1|A/cattle/Texas/24-008749-003/2024(H5N1)	429	5688
NA|PP755591.1|A/cattle/Texas/24-008749-003/2024(H5N1)	430	5773
NA|PP755591.1|A/cattle/Texas/24-008749-003/2024(H5N1)	431	5780
NA|PP755591.1|A/cattle/Texas/24-008749-003/2024(H5N1)	432	5831
NA|PP755591.1|A/cattle/Texas/24-008749-003/2024(H5N1)	433	5791
NA|PP755591.1|A/cattle/Texas/24-008749-003/2024(H5N1)	434	5841
NA|PP755591.1|A/cattle/Texas/24-008749-003/2024(H5N1)	435	5848
NA|PP755591.1|A/cattle/Texas/24-008749-003/2024(H5N1)	436	5881
NA|PP755591.1|A/cattle/Texas/24-008749-003/2024(H5N1)	437	5882
NA|PP755591.1|A/cattle/Texas/24-008749-003/2024(H5N1)	438	5834
NA|PP755591.1|A/cattle/Texas/24-008749-003/2024(H5N1)	439	5771
NA|PP755591.1|A/cattle/Texas/24-008749-003/2024(H5N1)	440	5735
NA|PP755591.1|A/cattle/Texas/24-008749-003/2024(H5N1)	441	5730
NA|PP755591.1|A/cattle/Texas/24-008749-003/2024(H5N1)	442	5763
NA|PP755591.1|A/cattle/Texas/24-008749-003/2024(H5N1)	443	5761
NA|PP755591.1|A/cattle/Texas/24-008749-003/2024(H5N1)	444	5738
NA|PP755591.1|A/cattle/Texas/24-008749-003/2024(H5N1)	445	5966
NA|PP755591.1|A/cattle/Texas/24-008749-003/2024(H5N1)	446	5994
NA|PP755591.1|A/cattle/Texas/24-008749-003/2024(H5N1)	447	5981
NA|PP755591.1|A/cattle/Texas/24-008749-003/2024(H5N1)	448	5973
NA|PP755591.1|A/cattle/Texas/24-008749-003/2024(H5N1)	449	5964
NA|PP755591.1|A/cattle/Texas/24-008749-003/2024(H5N1)	450	6035
NA|PP755591.1|A/cattle/Texas/24-008749-003/2024(H5N1)	451	6043
NA|PP755591.1|A/cattle/Texas/24-008749-003/2024(H5N1)	452	6036
NA|PP755591.1|A/cattle/Texas/24-008749-003/2024(H5N1)	453	6040
NA|PP755591.1|A/cattle/Texas/24-008749-003/2024(H5N1)	454	5743
NA|PP755591.1|A/cattle/Texas/24-008749-003/2024(H5N1)	455	5720
NA|PP755591.1|A/cattle/Texas/24-008749-003/2024(H5N1)	456	5752
NA|PP755591.1|A/cattle/Texas/24-008749-003/2024(H5N1)	457	5748
NA|PP755591.1|A/cattle/Texas/24-008749-003/2024(H5N1)	458	5737
NA|PP755591.1|A/cattle/Texas/24-008749-003/2024(H5N1)	459	5834
NA|PP755591.1|A/cattle/Texas/24-008749-003/2024(H5N1)	460	5838
NA|PP755591.1|A/cattle/Texas/24-008749-003/2024(H5N1)	461	5838
NA|PP755591.1|A/cattle/Texas/24-008749-003/2024(H5N1)	462	5943
NA|PP755591.1|A/cattle/Texas/24-008749-003/2024(H5N1)	463	5950
NA|PP755591.1|A/cattle/Texas/24-008749-003/2024(H5N1)	464	5965
NA|PP755591.1|A/cattle/Texas/24-008749-003/2024(H5N1)	465	5981
NA|PP755591.1|A/cattle/Texas/24-008749-003/2024(H5N1)	466	5955
NA|PP755591.1|A/cattle/Texas/24-008749-003/2024(H5N1)	467	5973
NA|PP755591.1|A/cattle/Texas/24-008749-003/2024(H5N1)	468	5826
NA|PP755591.1|A/cattle/Texas/24-008749-003/2024(H5N1)	469	5846
NA|PP755591.1|A/cattle/Texas/24-008749-003/2024(H5N1)	470	5835
NA|PP755591.1|A/cattle/Texas/24-008749-003/2024(H5N1)	471	5750
NA|PP755591.1|A/cattle/Texas/24-008749-003/2024(H5N1)	472	5800
NA|PP755591.1|A/cattle/Texas/24-008749-003/2024(H5N1)	473	5791
NA|PP755591.1|A/cattle/Texas/24-008749-003/2024(H5N1)	474	5799
NA|PP755591.1|A/cattle/Texas/24-008749-003/2024(H5N1)	475	5809
NA|PP755591.1|A/cattle/Texas/24-008749-003/2024(H5N1)	476	5803
NA|PP755591.1|A/cattle/Texas/24-008749-003/2024(H5N1)	477	5839
NA|PP755591.1|A/cattle/Texas/24-008749-003/2024(H5N1)	478	5829
NA|PP755591.1|A/cattle/Texas/24-008749-003/2024(H5N1)	479	5893
NA|PP755591.1|A/cattle/Texas/24-008749-003/2024(H5N1)	480	5920
NA|PP755591.1|A/cattle/Texas/24-008749-003/2024(H5N1)	481	5886
NA|PP755591.1|A/cattle/Texas/24-008749-003/2024(H5N1)	482	5937
NA|PP755591.1|A/cattle/Texas/24-008749-003/2024(H5N1)	483	5955
NA|PP755591.1|A/cattle/Texas/24-008749-003/2024(H5N1)	484	5946
NA|PP755591.1|A/cattle/Texas/24-008749-003/2024(H5N1)	485	5952
NA|PP755591.1|A/cattle/Texas/24-008749-003/2024(H5N1)	486	6017
NA|PP755591.1|A/cattle/Texas/24-008749-003/2024(H5N1)	487	6027
NA|PP755591.1|A/cattle/Texas/24-008749-003/2024(H5N1)	488	6012
NA|PP755591.1|A/cattle/Texas/24-008749-003/2024(H5N1)	489	6020
NA|PP755591.1|A/cattle/Texas/24-008749-003/2024(H5N1)	490	6051
NA|PP755591.1|A/cattle/Texas/24-008749-003/2024(H5N1)	491	6043
NA|PP755591.1|A/cattle/Texas/24-008749-003/2024(H5N1)	492	6024
NA|PP755591.1|A/cattle/Texas/24-008749-003/2024(H5N1)	493	6009
NA|PP755591.1|A/cattle/Texas/24-008749-003/2024(H5N1)	494	6027
NA|PP755591.1|A/cattle/Texas/24-008749-003/2024(H5N1)	495	6055
NA|PP755591.1|A/cattle/Texas/24-008749-003/2024(H5N1)	496	6083
NA|PP755591.1|A/cattle/Texas/24-008749-003/2024(H5N1)	497	6108
NA|PP755591.1|A/cattle/Texas/24-008749-003/2024(H5N1)	498	6195
NA|PP755591.1|A/cattle/Texas/24-008749-003/2024(H5N1)	499	6198
NA|PP755591.1|A/cattle/Texas/24-008749-003/2024(H5N1)	500	6158
NA|PP755591.1|A/cattle/Texas/24-008749-003/2024(H5N1)	501	6158
NA|PP755591.1|A/cattle/Texas/24-008749-003/2024(H5N1)	502	6340
NA|PP755591.1|A/cattle/Texas/24-008749-003/2024(H5N1)	503	6378
NA|PP755591.1|A/cattle/Texas/24-008749-003/2024(H5N1)	504	6359
NA|PP755591.1|A/cattle/Texas/24-008749-003/2024(H5N1)	505	6358
NA|PP755591.1|A/cattle/Texas/24-008749-003/2024(H5N1)	506	6286
NA|PP755591.1|A/cattle/Texas/24-008749-003/2024(H5N1)	507	6306
NA|PP755591.1|A/cattle/Texas/24-008749-003/2024(H5N1)	508	6312
NA|PP755591.1|A/cattle/Texas/24-008749-003/2024(H5N1)	509	6351
NA|PP755591.1|A/cattle/Texas/24-008749-003/2024(H5N1)	510	6371
NA|PP755591.1|A/cattle/Texas/24-008749-003/2024(H5N1)	511	6242
NA|PP755591.1|A/cattle/Texas/24-008749-003/2024(H5N1)	512	6309
NA|PP755591.1|A/cattle/Texas/24-008749-003/2024(H5N1)	513	6359
NA|PP755591.1|A/cattle/Texas/24-008749-003/2024(H5N1)	514	6334
NA|PP755591.1|A/cattle/Texas/24-008749-003/2024(H5N1)	515	6356
NA|PP755591.1|A/cattle/Texas/24-008749-003/2024(H5N1)	516	6337
NA|PP755591.1|A/cattle/Texas/24-008749-003/2024(H5N1)	517	6356
NA|PP755591.1|A/cattle/Texas/24-008749-003/2024(H5N1)	518	6368
NA|PP755591.1|A/cattle/Texas/24-008749-003/2024(H5N1)	519	6396
NA|PP755591.1|A/cattle/Texas/24-008749-003/2024(H5N1)	520	6382
NA|PP755591.1|A/cattle/Texas/24-008749-003/2024(H5N1)	521	6348
NA|PP755591.1|A/cattle/Texas/24-008749-003/2024(H5N1)	522	6340
NA|PP755591.1|A/cattle/Texas/24-008749-003/2024(H5N1)	523	6342
NA|PP755591.1|A/cattle/Texas/24-008749-003/2024(H5N1)	524	6398
NA|PP755591.1|A/cattle/Texas/24-008749-003/2024(H5N1)	525	6410
NA|PP755591.1|A/cattle/Texas/24-008749-003/2024(H5N1)	526	6385
NA|PP755591.1|A/cattle/Texas/24-008749-003/2024(H5N1)	527	6169
NA|PP755591.1|A/cattle/Texas/24-008749-003/2024(H5N1)	528	6160
NA|PP755591.1|A/cattle/Texas/24-008749-003/2024(H5N1)	529	6183
NA|PP755591.1|A/cattle/Texas/24-008749-003/2024(H5N1)	530	6248
NA|PP755591.1|A/cattle/Texas/24-008749-003/2024(H5N1)	531	6248
NA|PP755591.1|A/cattle/Texas/24-008749-003/2024(H5N1)	532	6250
NA|PP755591.1|A/cattle/Texas/24-008749-003/2024(H5N1)	533	6269
NA|PP755591.1|A/cattle/Texas/24-008749-003/2024(H5N1)	534	6262
NA|PP755591.1|A/cattle/Texas/24-008749-003/2024(H5N1)	535	6265
NA|PP755591.1|A/cattle/Texas/24-008749-003/2024(H5N1)	536	6262
NA|PP755591.1|A/cattle/Texas/24-008749-003/2024(H5N1)	537	6293
NA|PP755591.1|A/cattle/Texas/24-008749-003/2024(H5N1)	538	6288
NA|PP755591.1|A/cattle/Texas/24-008749-003/2024(H5N1)	539	6277
NA|PP755591.1|A/cattle/Texas/24-008749-003/2024(H5N1)	540	6273
NA|PP755591.1|A/cattle/Texas/24-008749-003/2024(H5N1)	541	6260
NA|PP755591.1|A/cattle/Texas/24-008749-003/2024(H5N1)	542	6159
NA|PP755591.1|A/cattle/Texas/24-008749-003/2024(H5N1)	543	6160
NA|PP755591.1|A/cattle/Texas/24-008749-003/2024(H5N1)	544	6153
NA|PP755591.1|A/cattle/Texas/24-008749-003/2024(H5N1)	545	6226
NA|PP755591.1|A/cattle/Texas/24-008749-003/2024(H5N1)	546	6101
NA|PP755591.1|A/cattle/Texas/24-008749-003/2024(H5N1)	547	6102
NA|PP755591.1|A/cattle/Texas/24-008749-003/2024(H5N1)	548	5995
NA|PP755591.1|A/cattle/Texas/24-008749-003/2024(H5N1)	549	5964
NA|PP755591.1|A/cattle/Texas/24-008749-003/2024(H5N1)	550	5989
NA|PP755591.1|A/cattle/Texas/24-008749-003/2024(H5N1)	551	5961
NA|PP755591.1|A/cattle/Texas/24-008749-003/2024(H5N1)	552	5947
NA|PP755591.1|A/cattle/Texas/24-008749-003/2024(H5N1)	553	5928
NA|PP755591.1|A/cattle/Texas/24-008749-003/2024(H5N1)	554	5888
NA|PP755591.1|A/cattle/Texas/24-008749-003/2024(H5N1)	555	5882
NA|PP755591.1|A/cattle/Texas/24-008749-003/2024(H5N1)	556	5883
NA|PP755591.1|A/cattle/Texas/24-008749-003/2024(H5N1)	557	5870
NA|PP755591.1|A/cattle/Texas/24-008749-003/2024(H5N1)	558	5869
NA|PP755591.1|A/cattle/Texas/24-008749-003/2024(H5N1)	559	5868
NA|PP755591.1|A/cattle/Texas/24-008749-003/2024(H5N1)	560	5858
NA|PP755591.1|A/cattle/Texas/24-008749-003/2024(H5N1)	561	5864
NA|PP755591.1|A/cattle/Texas/24-008749-003/2024(H5N1)	562	5866
NA|PP755591.1|A/cattle/Texas/24-008749-003/2024(H5N1)	563	5818
NA|PP755591.1|A/cattle/Texas/24-008749-003/2024(H5N1)	564	5688
NA|PP755591.1|A/cattle/Texas/24-008749-003/2024(H5N1)	565	5683
NA|PP755591.1|A/cattle/Texas/24-008749-003/2024(H5N1)	566	5747
NA|PP755591.1|A/cattle/Texas/24-008749-003/2024(H5N1)	567	5743
NA|PP755591.1|A/cattle/Texas/24-008749-003/2024(H5N1)	568	5713
NA|PP755591.1|A/cattle/Texas/24-008749-003/2024(H5N1)	569	5712
NA|PP755591.1|A/cattle/Texas/24-008749-003/2024(H5N1)	570	5718
NA|PP755591.1|A/cattle/Texas/24-008749-003/2024(H5N1)	571	5735
NA|PP755591.1|A/cattle/Texas/24-008749-003/2024(H5N1)	572	5737
NA|PP755591.1|A/cattle/Texas/24-008749-003/2024(H5N1)	573	5728
NA|PP755591.1|A/cattle/Texas/24-008749-003/2024(H5N1)	574	5742
NA|PP755591.1|A/cattle/Texas/24-008749-003/2024(H5N1)	575	5785
NA|PP755591.1|A/cattle/Texas/24-008749-003/2024(H5N1)	576	5738
NA|PP755591.1|A/cattle/Texas/24-008749-003/2024(H5N1)	577	5739
NA|PP755591.1|A/cattle/Texas/24-008749-003/2024(H5N1)	578	5691
NA|PP755591.1|A/cattle/Texas/24-008749-003/2024(H5N1)	579	5704
NA|PP755591.1|A/cattle/Texas/24-008749-003/2024(H5N1)	580	5705
NA|PP755591.1|A/cattle/Texas/24-008749-003/2024(H5N1)	581	5752
NA|PP755591.1|A/cattle/Texas/24-008749-003/2024(H5N1)	582	5757
NA|PP755591.1|A/cattle/Texas/24-008749-003/2024(H5N1)	583	5777
NA|PP755591.1|A/cattle/Texas/24-008749-003/2024(H5N1)	584	5777
NA|PP755591.1|A/cattle/Texas/24-008749-003/2024(H5N1)	585	5765
NA|PP755591.1|A/cattle/Texas/24-008749-003/2024(H5N1)	586	5760
NA|PP755591.1|A/cattle/Texas/24-008749-003/2024(H5N1)	587	5752
NA|PP755591.1|A/cattle/Texas/24-008749-003/2024(H5N1)	588	5717
NA|PP755591.1|A/cattle/Texas/24-008749-003/2024(H5N1)	589	5767
NA|PP755591.1|A/cattle/Texas/24-008749-003/2024(H5N1)	590	5776
NA|PP755591.1|A/cattle/Texas/24-008749-003/2024(H5N1)	591	5813
NA|PP755591.1|A/cattle/Texas/24-008749-003/2024(H5N1)	592	5797
NA|PP755591.1|A/cattle/Texas/24-008749-003/2024(H5N1)	593	5778
NA|PP755591.1|A/cattle/Texas/24-008749-003/2024(H5N1)	594	5792
NA|PP755591.1|A/cattle/Texas/24-008749-003/2024(H5N1)	595	5802
NA|PP755591.1|A/cattle/Texas/24-008749-003/2024(H5N1)	596	5813
NA|PP755591.1|A/cattle/Texas/24-008749-003/2024(H5N1)	597	5857
NA|PP755591.1|A/cattle/Texas/24-008749-003/2024(H5N1)	598	5851
NA|PP755591.1|A/cattle/Texas/24-008749-003/2024(H5N1)	599	5886
NA|PP755591.1|A/cattle/Texas/24-008749-003/2024(H5N1)	600	5891
NA|PP755591.1|A/cattle/Texas/24-008749-003/2024(H5N1)	601	5829
NA|PP755591.1|A/cattle/Texas/24-008749-003/2024(H5N1)	602	5846
NA|PP755591.1|A/cattle/Texas/24-008749-003/2024(H5N1)	603	5799
NA|PP755591.1|A/cattle/Texas/24-008749-003/2024(H5N1)	604	5810
NA|PP755591.1|A/cattle/Texas/24-008749-003/2024(H5N1)	605	5811
NA|PP755591.1|A/cattle/Texas/24-008749-003/2024(H5N1)	606	5735
NA|PP755591.1|A/cattle/Texas/24-008749-003/2024(H5N1)	607	5772
NA|PP755591.1|A/cattle/Texas/24-008749-003/2024(H5N1)	608	5764
NA|PP755591.1|A/cattle/Texas/24-008749-003/2024(H5N1)	609	5773
NA|PP755591.1|A/cattle/Texas/24-008749-003/2024(H5N1)	610	5793
NA|PP755591.1|A/cattle/Texas/24-008749-003/2024(H5N1)	611	5744
NA|PP755591.1|A/cattle/Texas/24-008749-003/2024(H5N1)	612	5714
NA|PP755591.1|A/cattle/Texas/24-008749-003/2024(H5N1)	613	5857
NA|PP755591.1|A/cattle/Texas/24-008749-003/2024(H5N1)	614	5911
NA|PP755591.1|A/cattle/Texas/24-008749-003/2024(H5N1)	615	5962
NA|PP755591.1|A/cattle/Texas/24-008749-003/2024(H5N1)	616	5998
NA|PP755591.1|A/cattle/Texas/24-008749-003/2024(H5N1)	617	6059
NA|PP755591.1|A/cattle/Texas/24-008749-003/2024(H5N1)	618	6108
NA|PP755591.1|A/cattle/Texas/24-008749-003/2024(H5N1)	619	6256
NA|PP755591.1|A/cattle/Texas/24-008749-003/2024(H5N1)	620	6249
NA|PP755591.1|A/cattle/Texas/24-008749-003/2024(H5N1)	621	6322
NA|PP755591.1|A/cattle/Texas/24-008749-003/2024(H5N1)	622	6261
NA|PP755591.1|A/cattle/Texas/24-008749-003/2024(H5N1)	623	6263
NA|PP755591.1|A/cattle/Texas/24-008749-003/2024(H5N1)	624	6276
NA|PP755591.1|A/cattle/Texas/24-008749-003/2024(H5N1)	625	6232
NA|PP755591.1|A/cattle/Texas/24-008749-003/2024(H5N1)	626	6267
NA|PP755591.1|A/cattle/Texas/24-008749-003/2024(H5N1)	627	6218
NA|PP755591.1|A/cattle/Texas/24-008749-003/2024(H5N1)	628	6234
NA|PP755591.1|A/cattle/Texas/24-008749-003/2024(H5N1)	629	6284
NA|PP755591.1|A/cattle/Texas/24-008749-003/2024(H5N1)	630	6254
NA|PP755591.1|A/cattle/Texas/24-008749-003/2024(H5N1)	631	6259
NA|PP755591.1|A/cattle/Texas/24-008749-003/2024(H5N1)	632	6333
NA|PP755591.1|A/cattle/Texas/24-008749-003/2024(H5N1)	633	6298
NA|PP755591.1|A/cattle/Texas/24-008749-003/2024(H5N1)	634	6366
NA|PP755591.1|A/cattle/Texas/24-008749-003/2024(H5N1)	635	6358
NA|PP755591.1|A/cattle/Texas/24-008749-003/2024(H5N1)	636	6380
NA|PP755591.1|A/cattle/Texas/24-008749-003/2024(H5N1)	637	6368
NA|PP755591.1|A/cattle/Texas/24-008749-003/2024(H5N1)	638	6282
NA|PP755591.1|A/cattle/Texas/24-008749-003/2024(H5N1)	639	6289
NA|PP755591.1|A/cattle/Texas/24-008749-003/2024(H5N1)	640	6306
NA|PP755591.1|A/cattle/Texas/24-008749-003/2024(H5N1)	641	6318
NA|PP755591.1|A/cattle/Texas/24-008749-003/2024(H5N1)	642	6297
NA|PP755591.1|A/cattle/Texas/24-008749-003/2024(H5N1)	643	6254
NA|PP755591.1|A/cattle/Texas/24-008749-003/2024(H5N1)	644	6365
NA|PP755591.1|A/cattle/Texas/24-008749-003/2024(H5N1)	645	6338
NA|PP755591.1|A/cattle/Texas/24-008749-003/2024(H5N1)	646	6403
NA|PP755591.1|A/cattle/Texas/24-008749-003/2024(H5N1)	647	6385
NA|PP755591.1|A/cattle/Texas/24-008749-003/2024(H5N1)	648	6348
NA|PP755591.1|A/cattle/Texas/24-008749-003/2024(H5N1)	649	6335
NA|PP755591.1|A/cattle/Texas/24-008749-003/2024(H5N1)	650	6311
NA|PP755591.1|A/cattle/Texas/24-008749-003/2024(H5N1)	651	6348
NA|PP755591.1|A/cattle/Texas/24-008749-003/2024(H5N1)	652	6376
NA|PP755591.1|A/cattle/Texas/24-008749-003/2024(H5N1)	653	6309
NA|PP755591.1|A/cattle/Texas/24-008749-003/2024(H5N1)	654	6192
NA|PP755591.1|A/cattle/Texas/24-008749-003/2024(H5N1)	655	6118
NA|PP755591.1|A/cattle/Texas/24-008749-003/2024(H5N1)	656	6116
NA|PP755591.1|A/cattle/Texas/24-008749-003/2024(H5N1)	657	6130
NA|PP755591.1|A/cattle/Texas/24-008749-003/2024(H5N1)	658	6117
NA|PP755591.1|A/cattle/Texas/24-008749-003/2024(H5N1)	659	6120
NA|PP755591.1|A/cattle/Texas/24-008749-003/2024(H5N1)	660	6122
NA|PP755591.1|A/cattle/Texas/24-008749-003/2024(H5N1)	661	6122
NA|PP755591.1|A/cattle/Texas/24-008749-003/2024(H5N1)	662	6113
NA|PP755591.1|A/cattle/Texas/24-008749-003/2024(H5N1)	663	6081
NA|PP755591.1|A/cattle/Texas/24-008749-003/2024(H5N1)	664	6086
NA|PP755591.1|A/cattle/Texas/24-008749-003/2024(H5N1)	665	6093
NA|PP755591.1|A/cattle/Texas/24-008749-003/2024(H5N1)	666	6116
NA|PP755591.1|A/cattle/Texas/24-008749-003/2024(H5N1)	667	6129
NA|PP755591.1|A/cattle/Texas/24-008749-003/2024(H5N1)	668	6099
NA|PP755591.1|A/cattle/Texas/24-008749-003/2024(H5N1)	669	6089
NA|PP755591.1|A/cattle/Texas/24-008749-003/2024(H5N1)	670	6088
NA|PP755591.1|A/cattle/Texas/24-008749-003/2024(H5N1)	671	6079
NA|PP755591.1|A/cattle/Texas/24-008749-003/2024(H5N1)	672	6076
NA|PP755591.1|A/cattle/Texas/24-008749-003/2024(H5N1)	673	6071
NA|PP755591.1|A/cattle/Texas/24-008749-003/2024(H5N1)	674	6079
NA|PP755591.1|A/cattle/Texas/24-008749-003/2024(H5N1)	675	6040
NA|PP755591.1|A/cattle/Texas/24-008749-003/2024(H5N1)	676	6045
NA|PP755591.1|A/cattle/Texas/24-008749-003/2024(H5N1)	677	6080
NA|PP755591.1|A/cattle/Texas/24-008749-003/2024(H5N1)	678	6076
NA|PP755591.1|A/cattle/Texas/24-008749-003/2024(H5N1)	679	6068
NA|PP755591.1|A/cattle/Texas/24-008749-003/2024(H5N1)	680	6068
NA|PP755591.1|A/cattle/Texas/24-008749-003/2024(H5N1)	681	6020
NA|PP755591.1|A/cattle/Texas/24-008749-003/2024(H5N1)	682	6017
NA|PP755591.1|A/cattle/Texas/24-008749-003/2024(H5N1)	683	6014
NA|PP755591.1|A/cattle/Texas/24-008749-003/2024(H5N1)	684	6056
NA|PP755591.1|A/cattle/Texas/24-008749-003/2024(H5N1)	685	6024
NA|PP755591.1|A/cattle/Texas/24-008749-003/2024(H5N1)	686	6021
NA|PP755591.1|A/cattle/Texas/24-008749-003/2024(H5N1)	687	5984
NA|PP755591.1|A/cattle/Texas/24-008749-003/2024(H5N1)	688	6007
NA|PP755591.1|A/cattle/Texas/24-008749-003/2024(H5N1)	689	6005
NA|PP755591.1|A/cattle/Texas/24-008749-003/2024(H5N1)	690	6009
NA|PP755591.1|A/cattle/Texas/24-008749-003/2024(H5N1)	691	6021
NA|PP755591.1|A/cattle/Texas/24-008749-003/2024(H5N1)	692	6021
NA|PP755591.1|A/cattle/Texas/24-008749-003/2024(H5N1)	693	5947
NA|PP755591.1|A/cattle/Texas/24-008749-003/2024(H5N1)	694	5943
NA|PP755591.1|A/cattle/Texas/24-008749-003/2024(H5N1)	695	5814
NA|PP755591.1|A/cattle/Texas/24-008749-003/2024(H5N1)	696	5788
NA|PP755591.1|A/cattle/Texas/24-008749-003/2024(H5N1)	697	5793
NA|PP755591.1|A/cattle/Texas/24-008749-003/2024(H5N1)	698	5807
NA|PP755591.1|A/cattle/Texas/24-008749-003/2024(H5N1)	699	5837
NA|PP755591.1|A/cattle/Texas/24-008749-003/2024(H5N1)	700	5852
NA|PP755591.1|A/cattle/Texas/24-008749-003/2024(H5N1)	701	5989
NA|PP755591.1|A/cattle/Texas/24-008749-003/2024(H5N1)	702	6024
NA|PP755591.1|A/cattle/Texas/24-008749-003/2024(H5N1)	703	6026
NA|PP755591.1|A/cattle/Texas/24-008749-003/2024(H5N1)	704	6139
NA|PP755591.1|A/cattle/Texas/24-008749-003/2024(H5N1)	705	6144
NA|PP755591.1|A/cattle/Texas/24-008749-003/2024(H5N1)	706	6095
NA|PP755591.1|A/cattle/Texas/24-008749-003/2024(H5N1)	707	6190
NA|PP755591.1|A/cattle/Texas/24-008749-003/2024(H5N1)	708	6131
NA|PP755591.1|A/cattle/Texas/24-008749-003/2024(H5N1)	709	6094
NA|PP755591.1|A/cattle/Texas/24-008749-003/2024(H5N1)	710	6065
NA|PP755591.1|A/cattle/Texas/24-008749-003/2024(H5N1)	711	6080
NA|PP755591.1|A/cattle/Texas/24-008749-003/2024(H5N1)	712	6120
NA|PP755591.1|A/cattle/Texas/24-008749-003/2024(H5N1)	713	6064
NA|PP755591.1|A/cattle/Texas/24-008749-003/2024(H5N1)	714	6063
NA|PP755591.1|A/cattle/Texas/24-008749-003/2024(H5N1)	715	6055
NA|PP755591.1|A/cattle/Texas/24-008749-003/2024(H5N1)	716	6049
NA|PP755591.1|A/cattle/Texas/24-008749-003/2024(H5N1)	717	6037
NA|PP755591.1|A/cattle/Texas/24-008749-003/2024(H5N1)	718	6044
NA|PP755591.1|A/cattle/Texas/24-008749-003/2024(H5N1)	719	6077
NA|PP755591.1|A/cattle/Texas/24-008749-003/2024(H5N1)	720	6064
NA|PP755591.1|A/cattle/Texas/24-008749-003/2024(H5N1)	721	6108
NA|PP755591.1|A/cattle/Texas/24-008749-003/2024(H5N1)	722	6095
NA|PP755591.1|A/cattle/Texas/24-008749-003/2024(H5N1)	723	6054
NA|PP755591.1|A/cattle/Texas/24-008749-003/2024(H5N1)	724	6061
NA|PP755591.1|A/cattle/Texas/24-008749-003/2024(H5N1)	725	6057
NA|PP755591.1|A/cattle/Texas/24-008749-003/2024(H5N1)	726	6080
NA|PP755591.1|A/cattle/Texas/24-008749-003/2024(H5N1)	727	6092
NA|PP755591.1|A/cattle/Texas/24-008749-003/2024(H5N1)	728	6125
NA|PP755591.1|A/cattle/Texas/24-008749-003/2024(H5N1)	729	6077
NA|PP755591.1|A/cattle/Texas/24-008749-003/2024(H5N1)	730	6046
NA|PP755591.1|A/cattle/Texas/24-008749-003/2024(H5N1)	731	6040
NA|PP755591.1|A/cattle/Texas/24-008749-003/2024(H5N1)	732	6052
NA|PP755591.1|A/cattle/Texas/24-008749-003/2024(H5N1)	733	6033
NA|PP755591.1|A/cattle/Texas/24-008749-003/2024(H5N1)	734	6100
NA|PP755591.1|A/cattle/Texas/24-008749-003/2024(H5N1)	735	6107
NA|PP755591.1|A/cattle/Texas/24-008749-003/2024(H5N1)	736	6103
NA|PP755591.1|A/cattle/Texas/24-008749-003/2024(H5N1)	737	5915
NA|PP755591.1|A/cattle/Texas/24-008749-003/2024(H5N1)	738	5928
NA|PP755591.1|A/cattle/Texas/24-008749-003/2024(H5N1)	739	5947
NA|PP755591.1|A/cattle/Texas/24-008749-003/2024(H5N1)	740	6079
NA|PP755591.1|A/cattle/Texas/24-008749-003/2024(H5N1)	741	6085
NA|PP755591.1|A/cattle/Texas/24-008749-003/2024(H5N1)	742	6075
NA|PP755591.1|A/cattle/Texas/24-008749-003/2024(H5N1)	743	6065
NA|PP755591.1|A/cattle/Texas/24-008749-003/2024(H5N1)	744	6013
NA|PP755591.1|A/cattle/Texas/24-008749-003/2024(H5N1)	745	6082
NA|PP755591.1|A/cattle/Texas/24-008749-003/2024(H5N1)	746	6078
NA|PP755591.1|A/cattle/Texas/24-008749-003/2024(H5N1)	747	6058
NA|PP755591.1|A/cattle/Texas/24-008749-003/2024(H5N1)	748	6034
NA|PP755591.1|A/cattle/Texas/24-008749-003/2024(H5N1)	749	5886
NA|PP755591.1|A/cattle/Texas/24-008749-003/2024(H5N1)	750	5897
NA|PP755591.1|A/cattle/Texas/24-008749-003/2024(H5N1)	751	5952
NA|PP755591.1|A/cattle/Texas/24-008749-003/2024(H5N1)	752	5851
NA|PP755591.1|A/cattle/Texas/24-008749-003/2024(H5N1)	753	5841
NA|PP755591.1|A/cattle/Texas/24-008749-003/2024(H5N1)	754	5795
NA|PP755591.1|A/cattle/Texas/24-008749-003/2024(H5N1)	755	5912
NA|PP755591.1|A/cattle/Texas/24-008749-003/2024(H5N1)	756	5941
NA|PP755591.1|A/cattle/Texas/24-008749-003/2024(H5N1)	757	5981
NA|PP755591.1|A/cattle/Texas/24-008749-003/2024(H5N1)	758	5967
NA|PP755591.1|A/cattle/Texas/24-008749-003/2024(H5N1)	759	5964
NA|PP755591.1|A/cattle/Texas/24-008749-003/2024(H5N1)	760	5900
NA|PP755591.1|A/cattle/Texas/24-008749-003/2024(H5N1)	761	5891
NA|PP755591.1|A/cattle/Texas/24-008749-003/2024(H5N1)	762	5889
NA|PP755591.1|A/cattle/Texas/24-008749-003/2024(H5N1)	763	5856
NA|PP755591.1|A/cattle/Texas/24-008749-003/2024(H5N1)	764	5784
NA|PP755591.1|A/cattle/Texas/24-008749-003/2024(H5N1)	765	5834
NA|PP755591.1|A/cattle/Texas/24-008749-003/2024(H5N1)	766	5797
NA|PP755591.1|A/cattle/Texas/24-008749-003/2024(H5N1)	767	5807
NA|PP755591.1|A/cattle/Texas/24-008749-003/2024(H5N1)	768	5788
NA|PP755591.1|A/cattle/Texas/24-008749-003/2024(H5N1)	769	5791
NA|PP755591.1|A/cattle/Texas/24-008749-003/2024(H5N1)	770	5816
NA|PP755591.1|A/cattle/Texas/24-008749-003/2024(H5N1)	771	5820
NA|PP755591.1|A/cattle/Texas/24-008749-003/2024(H5N1)	772	5865
NA|PP755591.1|A/cattle/Texas/24-008749-003/2024(H5N1)	773	5870
NA|PP755591.1|A/cattle/Texas/24-008749-003/2024(H5N1)	774	5807
NA|PP755591.1|A/cattle/Texas/24-008749-003/2024(H5N1)	775	5838
NA|PP755591.1|A/cattle/Texas/24-008749-003/2024(H5N1)	776	5872
NA|PP755591.1|A/cattle/Texas/24-008749-003/2024(H5N1)	777	5900
NA|PP755591.1|A/cattle/Texas/24-008749-003/2024(H5N1)	778	5910
NA|PP755591.1|A/cattle/Texas/24-008749-003/2024(H5N1)	779	5878
NA|PP755591.1|A/cattle/Texas/24-008749-003/2024(H5N1)	780	5860
NA|PP755591.1|A/cattle/Texas/24-008749-003/2024(H5N1)	781	5849
NA|PP755591.1|A/cattle/Texas/24-008749-003/2024(H5N1)	782	5854
NA|PP755591.1|A/cattle/Texas/24-008749-003/2024(H5N1)	783	5859
NA|PP755591.1|A/cattle/Texas/24-008749-003/2024(H5N1)	784	5848
NA|PP755591.1|A/cattle/Texas/24-008749-003/2024(H5N1)	785	5847
NA|PP755591.1|A/cattle/Texas/24-008749-003/2024(H5N1)	786	5839
NA|PP755591.1|A/cattle/Texas/24-008749-003/2024(H5N1)	787	5850
NA|PP755591.1|A/cattle/Texas/24-008749-003/2024(H5N1)	788	5809
NA|PP755591.1|A/cattle/Texas/24-008749-003/2024(H5N1)	789	5807
NA|PP755591.1|A/cattle/Texas/24-008749-003/2024(H5N1)	790	5799
NA|PP755591.1|A/cattle/Texas/24-008749-003/2024(H5N1)	791	5790
NA|PP755591.1|A/cattle/Texas/24-008749-003/2024(H5N1)	792	5807
NA|PP755591.1|A/cattle/Texas/24-008749-003/2024(H5N1)	793	5814
NA|PP755591.1|A/cattle/Texas/24-008749-003/2024(H5N1)	794	5842
NA|PP755591.1|A/cattle/Texas/24-008749-003/2024(H5N1)	795	5842
NA|PP755591.1|A/cattle/Texas/24-008749-003/2024(H5N1)	796	5767
NA|PP755591.1|A/cattle/Texas/24-008749-003/2024(H5N1)	797	5770
NA|PP755591.1|A/cattle/Texas/24-008749-003/2024(H5N1)	798	5726
NA|PP755591.1|A/cattle/Texas/24-008749-003/2024(H5N1)	799	5766
NA|PP755591.1|A/cattle/Texas/24-008749-003/2024(H5N1)	800	5773
NA|PP755591.1|A/cattle/Texas/24-008749-003/2024(H5N1)	801	5761
NA|PP755591.1|A/cattle/Texas/24-008749-003/2024(H5N1)	802	5770
NA|PP755591.1|A/cattle/Texas/24-008749-003/2024(H5N1)	803	5764
NA|PP755591.1|A/cattle/Texas/24-008749-003/2024(H5N1)	804	5769
NA|PP755591.1|A/cattle/Texas/24-008749-003/2024(H5N1)	805	5769
NA|PP755591.1|A/cattle/Texas/24-008749-003/2024(H5N1)	806	5757
NA|PP755591.1|A/cattle/Texas/24-008749-003/2024(H5N1)	807	5786
NA|PP755591.1|A/cattle/Texas/24-008749-003/2024(H5N1)	808	5742
NA|PP755591.1|A/cattle/Texas/24-008749-003/2024(H5N1)	809	5750
NA|PP755591.1|A/cattle/Texas/24-008749-003/2024(H5N1)	810	5743
NA|PP755591.1|A/cattle/Texas/24-008749-003/2024(H5N1)	811	5717
NA|PP755591.1|A/cattle/Texas/24-008749-003/2024(H5N1)	812	5791
NA|PP755591.1|A/cattle/Texas/24-008749-003/2024(H5N1)	813	5784
NA|PP755591.1|A/cattle/Texas/24-008749-003/2024(H5N1)	814	5827
NA|PP755591.1|A/cattle/Texas/24-008749-003/2024(H5N1)	815	5791
NA|PP755591.1|A/cattle/Texas/24-008749-003/2024(H5N1)	816	5788
NA|PP755591.1|A/cattle/Texas/24-008749-003/2024(H5N1)	817	5879
NA|PP755591.1|A/cattle/Texas/24-008749-003/2024(H5N1)	818	5879
NA|PP755591.1|A/cattle/Texas/24-008749-003/2024(H5N1)	819	5951
NA|PP755591.1|A/cattle/Texas/24-008749-003/2024(H5N1)	820	5944
NA|PP755591.1|A/cattle/Texas/24-008749-003/2024(H5N1)	821	5837
NA|PP755591.1|A/cattle/Texas/24-008749-003/2024(H5N1)	822	5852
NA|PP755591.1|A/cattle/Texas/24-008749-003/2024(H5N1)	823	5837
NA|PP755591.1|A/cattle/Texas/24-008749-003/2024(H5N1)	824	5821
NA|PP755591.1|A/cattle/Texas/24-008749-003/2024(H5N1)	825	5844
NA|PP755591.1|A/cattle/Texas/24-008749-003/2024(H5N1)	826	5790
NA|PP755591.1|A/cattle/Texas/24-008749-003/2024(H5N1)	827	5800
NA|PP755591.1|A/cattle/Texas/24-008749-003/2024(H5N1)	828	5792
NA|PP755591.1|A/cattle/Texas/24-008749-003/2024(H5N1)	829	5810
NA|PP755591.1|A/cattle/Texas/24-008749-003/2024(H5N1)	830	5795
NA|PP755591.1|A/cattle/Texas/24-008749-003/2024(H5N1)	831	5786
NA|PP755591.1|A/cattle/Texas/24-008749-003/2024(H5N1)	832	5786
NA|PP755591.1|A/cattle/Texas/24-008749-003/2024(H5N1)	833	5773
NA|PP755591.1|A/cattle/Texas/24-008749-003/2024(H5N1)	834	5751
NA|PP755591.1|A/cattle/Texas/24-008749-003/2024(H5N1)	835	5722
NA|PP755591.1|A/cattle/Texas/24-008749-003/2024(H5N1)	836	5718
NA|PP755591.1|A/cattle/Texas/24-008749-003/2024(H5N1)	837	5743
NA|PP755591.1|A/cattle/Texas/24-008749-003/2024(H5N1)	838	5720
NA|PP755591.1|A/cattle/Texas/24-008749-003/2024(H5N1)	839	5732
NA|PP755591.1|A/cattle/Texas/24-008749-003/2024(H5N1)	840	5750
NA|PP755591.1|A/cattle/Texas/24-008749-003/2024(H5N1)	841	5609
NA|PP755591.1|A/cattle/Texas/24-008749-003/2024(H5N1)	842	5627
NA|PP755591.1|A/cattle/Texas/24-008749-003/2024(H5N1)	843	5609
NA|PP755591.1|A/cattle/Texas/24-008749-003/2024(H5N1)	844	5606
NA|PP755591.1|A/cattle/Texas/24-008749-003/2024(H5N1)	845	5656
NA|PP755591.1|A/cattle/Texas/24-008749-003/2024(H5N1)	846	5623
NA|PP755591.1|A/cattle/Texas/24-008749-003/2024(H5N1)	847	5585
NA|PP755591.1|A/cattle/Texas/24-008749-003/2024(H5N1)	848	5573
NA|PP755591.1|A/cattle/Texas/24-008749-003/2024(H5N1)	849	5497
NA|PP755591.1|A/cattle/Texas/24-008749-003/2024(H5N1)	850	5505
NA|PP755591.1|A/cattle/Texas/24-008749-003/2024(H5N1)	851	5503
NA|PP755591.1|A/cattle/Texas/24-008749-003/2024(H5N1)	852	5499
NA|PP755591.1|A/cattle/Texas/24-008749-003/2024(H5N1)	853	5493
NA|PP755591.1|A/cattle/Texas/24-008749-003/2024(H5N1)	854	5416
NA|PP755591.1|A/cattle/Texas/24-008749-003/2024(H5N1)	855	5476
NA|PP755591.1|A/cattle/Texas/24-008749-003/2024(H5N1)	856	5512
NA|PP755591.1|A/cattle/Texas/24-008749-003/2024(H5N1)	857	5539
NA|PP755591.1|A/cattle/Texas/24-008749-003/2024(H5N1)	858	5523
NA|PP755591.1|A/cattle/Texas/24-008749-003/2024(H5N1)	859	5611
NA|PP755591.1|A/cattle/Texas/24-008749-003/2024(H5N1)	860	5676
NA|PP755591.1|A/cattle/Texas/24-008749-003/2024(H5N1)	861	5795
NA|PP755591.1|A/cattle/Texas/24-008749-003/2024(H5N1)	862	5805
NA|PP755591.1|A/cattle/Texas/24-008749-003/2024(H5N1)	863	5887
NA|PP755591.1|A/cattle/Texas/24-008749-003/2024(H5N1)	864	5726
NA|PP755591.1|A/cattle/Texas/24-008749-003/2024(H5N1)	865	5743
NA|PP755591.1|A/cattle/Texas/24-008749-003/2024(H5N1)	866	5664
NA|PP755591.1|A/cattle/Texas/24-008749-003/2024(H5N1)	867	5674
NA|PP755591.1|A/cattle/Texas/24-008749-003/2024(H5N1)	868	5534
NA|PP755591.1|A/cattle/Texas/24-008749-003/2024(H5N1)	869	5513
NA|PP755591.1|A/cattle/Texas/24-008749-003/2024(H5N1)	870	5260
NA|PP755591.1|A/cattle/Texas/24-008749-003/2024(H5N1)	871	5275
NA|PP755591.1|A/cattle/Texas/24-008749-003/2024(H5N1)	872	5177
NA|PP755591.1|A/cattle/Texas/24-008749-003/2024(H5N1)	873	5232
NA|PP755591.1|A/cattle/Texas/24-008749-003/2024(H5N1)	874	5223
NA|PP755591.1|A/cattle/Texas/24-008749-003/2024(H5N1)	875	5358
NA|PP755591.1|A/cattle/Texas/24-008749-003/2024(H5N1)	876	5355
NA|PP755591.1|A/cattle/Texas/24-008749-003/2024(H5N1)	877	5303
NA|PP755591.1|A/cattle/Texas/24-008749-003/2024(H5N1)	878	5287
NA|PP755591.1|A/cattle/Texas/24-008749-003/2024(H5N1)	879	5275
NA|PP755591.1|A/cattle/Texas/24-008749-003/2024(H5N1)	880	5265
NA|PP755591.1|A/cattle/Texas/24-008749-003/2024(H5N1)	881	5246
NA|PP755591.1|A/cattle/Texas/24-008749-003/2024(H5N1)	882	5237
NA|PP755591.1|A/cattle/Texas/24-008749-003/2024(H5N1)	883	5192
NA|PP755591.1|A/cattle/Texas/24-008749-003/2024(H5N1)	884	5196
NA|PP755591.1|A/cattle/Texas/24-008749-003/2024(H5N1)	885	5170
NA|PP755591.1|A/cattle/Texas/24-008749-003/2024(H5N1)	886	5167
NA|PP755591.1|A/cattle/Texas/24-008749-003/2024(H5N1)	887	5139
NA|PP755591.1|A/cattle/Texas/24-008749-003/2024(H5N1)	888	5151
NA|PP755591.1|A/cattle/Texas/24-008749-003/2024(H5N1)	889	5126
NA|PP755591.1|A/cattle/Texas/24-008749-003/2024(H5N1)	890	5109
NA|PP755591.1|A/cattle/Texas/24-008749-003/2024(H5N1)	891	5066
NA|PP755591.1|A/cattle/Texas/24-008749-003/2024(H5N1)	892	5091
NA|PP755591.1|A/cattle/Texas/24-008749-003/2024(H5N1)	893	5156
NA|PP755591.1|A/cattle/Texas/24-008749-003/2024(H5N1)	894	5094
NA|PP755591.1|A/cattle/Texas/24-008749-003/2024(H5N1)	895	5087
NA|PP755591.1|A/cattle/Texas/24-008749-003/2024(H5N1)	896	5056
NA|PP755591.1|A/cattle/Texas/24-008749-003/2024(H5N1)	897	5056
NA|PP755591.1|A/cattle/Texas/24-008749-003/2024(H5N1)	898	5121
NA|PP755591.1|A/cattle/Texas/24-008749-003/2024(H5N1)	899	5122
NA|PP755591.1|A/cattle/Texas/24-008749-003/2024(H5N1)	900	5135
NA|PP755591.1|A/cattle/Texas/24-008749-003/2024(H5N1)	901	5060
NA|PP755591.1|A/cattle/Texas/24-008749-003/2024(H5N1)	902	5050
NA|PP755591.1|A/cattle/Texas/24-008749-003/2024(H5N1)	903	5088
NA|PP755591.1|A/cattle/Texas/24-008749-003/2024(H5N1)	904	5090
NA|PP755591.1|A/cattle/Texas/24-008749-003/2024(H5N1)	905	5089
NA|PP755591.1|A/cattle/Texas/24-008749-003/2024(H5N1)	906	5097
NA|PP755591.1|A/cattle/Texas/24-008749-003/2024(H5N1)	907	5105
NA|PP755591.1|A/cattle/Texas/24-008749-003/2024(H5N1)	908	5125
NA|PP755591.1|A/cattle/Texas/24-008749-003/2024(H5N1)	909	5167
NA|PP755591.1|A/cattle/Texas/24-008749-003/2024(H5N1)	910	5170
NA|PP755591.1|A/cattle/Texas/24-008749-003/2024(H5N1)	911	5162
NA|PP755591.1|A/cattle/Texas/24-008749-003/2024(H5N1)	912	5142
NA|PP755591.1|A/cattle/Texas/24-008749-003/2024(H5N1)	913	5174
NA|PP755591.1|A/cattle/Texas/24-008749-003/2024(H5N1)	914	5212
NA|PP755591.1|A/cattle/Texas/24-008749-003/2024(H5N1)	915	5203
NA|PP755591.1|A/cattle/Texas/24-008749-003/2024(H5N1)	916	5200
NA|PP755591.1|A/cattle/Texas/24-008749-003/2024(H5N1)	917	5170
NA|PP755591.1|A/cattle/Texas/24-008749-003/2024(H5N1)	918	5146
NA|PP755591.1|A/cattle/Texas/24-008749-003/2024(H5N1)	919	5139
NA|PP755591.1|A/cattle/Texas/24-008749-003/2024(H5N1)	920	5142
NA|PP755591.1|A/cattle/Texas/24-008749-003/2024(H5N1)	921	5148
NA|PP755591.1|A/cattle/Texas/24-008749-003/2024(H5N1)	922	5146
NA|PP755591.1|A/cattle/Texas/24-008749-003/2024(H5N1)	923	5127
NA|PP755591.1|A/cattle/Texas/24-008749-003/2024(H5N1)	924	5131
NA|PP755591.1|A/cattle/Texas/24-008749-003/2024(H5N1)	925	5161
NA|PP755591.1|A/cattle/Texas/24-008749-003/2024(H5N1)	926	5215
NA|PP755591.1|A/cattle/Texas/24-008749-003/2024(H5N1)	927	5212
NA|PP755591.1|A/cattle/Texas/24-008749-003/2024(H5N1)	928	5194
NA|PP755591.1|A/cattle/Texas/24-008749-003/2024(H5N1)	929	5188
NA|PP755591.1|A/cattle/Texas/24-008749-003/2024(H5N1)	930	5194
NA|PP755591.1|A/cattle/Texas/24-008749-003/2024(H5N1)	931	5197
NA|PP755591.1|A/cattle/Texas/24-008749-003/2024(H5N1)	932	5205
NA|PP755591.1|A/cattle/Texas/24-008749-003/2024(H5N1)	933	5270
NA|PP755591.1|A/cattle/Texas/24-008749-003/2024(H5N1)	934	5258
NA|PP755591.1|A/cattle/Texas/24-008749-003/2024(H5N1)	935	5331
NA|PP755591.1|A/cattle/Texas/24-008749-003/2024(H5N1)	936	5345
NA|PP755591.1|A/cattle/Texas/24-008749-003/2024(H5N1)	937	5340
NA|PP755591.1|A/cattle/Texas/24-008749-003/2024(H5N1)	938	5382
NA|PP755591.1|A/cattle/Texas/24-008749-003/2024(H5N1)	939	5365
NA|PP755591.1|A/cattle/Texas/24-008749-003/2024(H5N1)	940	5393
NA|PP755591.1|A/cattle/Texas/24-008749-003/2024(H5N1)	941	5403
NA|PP755591.1|A/cattle/Texas/24-008749-003/2024(H5N1)	942	5346
NA|PP755591.1|A/cattle/Texas/24-008749-003/2024(H5N1)	943	5692
NA|PP755591.1|A/cattle/Texas/24-008749-003/2024(H5N1)	944	5697
NA|PP755591.1|A/cattle/Texas/24-008749-003/2024(H5N1)	945	5776
NA|PP755591.1|A/cattle/Texas/24-008749-003/2024(H5N1)	946	6020
NA|PP755591.1|A/cattle/Texas/24-008749-003/2024(H5N1)	947	6045
NA|PP755591.1|A/cattle/Texas/24-008749-003/2024(H5N1)	948	6177
NA|PP755591.1|A/cattle/Texas/24-008749-003/2024(H5N1)	949	6181
NA|PP755591.1|A/cattle/Texas/24-008749-003/2024(H5N1)	950	6158
NA|PP755591.1|A/cattle/Texas/24-008749-003/2024(H5N1)	951	6162
NA|PP755591.1|A/cattle/Texas/24-008749-003/2024(H5N1)	952	5812
NA|PP755591.1|A/cattle/Texas/24-008749-003/2024(H5N1)	953	5762
NA|PP755591.1|A/cattle/Texas/24-008749-003/2024(H5N1)	954	5770
NA|PP755591.1|A/cattle/Texas/24-008749-003/2024(H5N1)	955	5572
NA|PP755591.1|A/cattle/Texas/24-008749-003/2024(H5N1)	956	5597
NA|PP755591.1|A/cattle/Texas/24-008749-003/2024(H5N1)	957	5529
NA|PP755591.1|A/cattle/Texas/24-008749-003/2024(H5N1)	958	5504
NA|PP755591.1|A/cattle/Texas/24-008749-003/2024(H5N1)	959	5554
NA|PP755591.1|A/cattle/Texas/24-008749-003/2024(H5N1)	960	5662
NA|PP755591.1|A/cattle/Texas/24-008749-003/2024(H5N1)	961	5688
NA|PP755591.1|A/cattle/Texas/24-008749-003/2024(H5N1)	962	5700
NA|PP755591.1|A/cattle/Texas/24-008749-003/2024(H5N1)	963	5691
NA|PP755591.1|A/cattle/Texas/24-008749-003/2024(H5N1)	964	5745
NA|PP755591.1|A/cattle/Texas/24-008749-003/2024(H5N1)	965	5742
NA|PP755591.1|A/cattle/Texas/24-008749-003/2024(H5N1)	966	5741
NA|PP755591.1|A/cattle/Texas/24-008749-003/2024(H5N1)	967	5735
NA|PP755591.1|A/cattle/Texas/24-008749-003/2024(H5N1)	968	5747
NA|PP755591.1|A/cattle/Texas/24-008749-003/2024(H5N1)	969	5743
NA|PP755591.1|A/cattle/Texas/24-008749-003/2024(H5N1)	970	5740
NA|PP755591.1|A/cattle/Texas/24-008749-003/2024(H5N1)	971	5744
NA|PP755591.1|A/cattle/Texas/24-008749-003/2024(H5N1)	972	5743
NA|PP755591.1|A/cattle/Texas/24-008749-003/2024(H5N1)	973	5728
NA|PP755591.1|A/cattle/Texas/24-008749-003/2024(H5N1)	974	5783
NA|PP755591.1|A/cattle/Texas/24-008749-003/2024(H5N1)	975	5793
NA|PP755591.1|A/cattle/Texas/24-008749-003/2024(H5N1)	976	5787
NA|PP755591.1|A/cattle/Texas/24-008749-003/2024(H5N1)	977	5778
NA|PP755591.1|A/cattle/Texas/24-008749-003/2024(H5N1)	978	5705
NA|PP755591.1|A/cattle/Texas/24-008749-003/2024(H5N1)	979	5694
NA|PP755591.1|A/cattle/Texas/24-008749-003/2024(H5N1)	980	5704
NA|PP755591.1|A/cattle/Texas/24-008749-003/2024(H5N1)	981	5745
NA|PP755591.1|A/cattle/Texas/24-008749-003/2024(H5N1)	982	5763
NA|PP755591.1|A/cattle/Texas/24-008749-003/2024(H5N1)	983	5747
NA|PP755591.1|A/cattle/Texas/24-008749-003/2024(H5N1)	984	5819
NA|PP755591.1|A/cattle/Texas/24-008749-003/2024(H5N1)	985	5816
NA|PP755591.1|A/cattle/Texas/24-008749-003/2024(H5N1)	986	5814
NA|PP755591.1|A/cattle/Texas/24-008749-003/2024(H5N1)	987	5869
NA|PP755591.1|A/cattle/Texas/24-008749-003/2024(H5N1)	988	5873
NA|PP755591.1|A/cattle/Texas/24-008749-003/2024(H5N1)	989	5882
NA|PP755591.1|A/cattle/Texas/24-008749-003/2024(H5N1)	990	5840
NA|PP755591.1|A/cattle/Texas/24-008749-003/2024(H5N1)	991	5796
NA|PP755591.1|A/cattle/Texas/24-008749-003/2024(H5N1)	992	5826
NA|PP755591.1|A/cattle/Texas/24-008749-003/2024(H5N1)	993	5816
NA|PP755591.1|A/cattle/Texas/24-008749-003/2024(H5N1)	994	5814
NA|PP755591.1|A/cattle/Texas/24-008749-003/2024(H5N1)	995	5781
NA|PP755591.1|A/cattle/Texas/24-008749-003/2024(H5N1)	996	5749
NA|PP755591.1|A/cattle/Texas/24-008749-003/2024(H5N1)	997	5799
NA|PP755591.1|A/cattle/Texas/24-008749-003/2024(H5N1)	998	5820
NA|PP755591.1|A/cattle/Texas/24-008749-003/2024(H5N1)	999	5943
NA|PP755591.1|A/cattle/Texas/24-008749-003/2024(H5N1)	1000	5933
NA|PP755591.1|A/cattle/Texas/24-008749-003/2024(H5N1)	1001	5944
NA|PP755591.1|A/cattle/Texas/24-008749-003/2024(H5N1)	1002	5951
NA|PP755591.1|A/cattle/Texas/24-008749-003/2024(H5N1)	1003	5963
NA|PP755591.1|A/cattle/Texas/24-008749-003/2024(H5N1)	1004	5960
NA|PP755591.1|A/cattle/Texas/24-008749-003/2024(H5N1)	1005	5956
NA|PP755591.1|A/cattle/Texas/24-008749-003/2024(H5N1)	1006	5856
NA|PP755591.1|A/cattle/Texas/24-008749-003/2024(H5N1)	1007	5983
NA|PP755591.1|A/cattle/Texas/24-008749-003/2024(H5N1)	1008	5984
NA|PP755591.1|A/cattle/Texas/24-008749-003/2024(H5N1)	1009	6024
NA|PP755591.1|A/cattle/Texas/24-008749-003/2024(H5N1)	1010	6003
NA|PP755591.1|A/cattle/Texas/24-008749-003/2024(H5N1)	1011	5969
NA|PP755591.1|A/cattle/Texas/24-008749-003/2024(H5N1)	1012	5968
NA|PP755591.1|A/cattle/Texas/24-008749-003/2024(H5N1)	1013	5965
NA|PP755591.1|A/cattle/Texas/24-008749-003/2024(H5N1)	1014	6066
NA|PP755591.1|A/cattle/Texas/24-008749-003/2024(H5N1)	1015	6081
NA|PP755591.1|A/cattle/Texas/24-008749-003/2024(H5N1)	1016	6080
NA|PP755591.1|A/cattle/Texas/24-008749-003/2024(H5N1)	1017	6151
NA|PP755591.1|A/cattle/Texas/24-008749-003/2024(H5N1)	1018	6134
NA|PP755591.1|A/cattle/Texas/24-008749-003/2024(H5N1)	1019	6243
NA|PP755591.1|A/cattle/Texas/24-008749-003/2024(H5N1)	1020	6271
NA|PP755591.1|A/cattle/Texas/24-008749-003/2024(H5N1)	1021	6354
NA|PP755591.1|A/cattle/Texas/24-008749-003/2024(H5N1)	1022	6358
NA|PP755591.1|A/cattle/Texas/24-008749-003/2024(H5N1)	1023	6250
NA|PP755591.1|A/cattle/Texas/24-008749-003/2024(H5N1)	1024	6267
NA|PP755591.1|A/cattle/Texas/24-008749-003/2024(H5N1)	1025	6272
NA|PP755591.1|A/cattle/Texas/24-008749-003/2024(H5N1)	1026	6256
NA|PP755591.1|A/cattle/Texas/24-008749-003/2024(H5N1)	1027	6272
NA|PP755591.1|A/cattle/Texas/24-008749-003/2024(H5N1)	1028	6208
NA|PP755591.1|A/cattle/Texas/24-008749-003/2024(H5N1)	1029	6240
NA|PP755591.1|A/cattle/Texas/24-008749-003/2024(H5N1)	1030	6229
NA|PP755591.1|A/cattle/Texas/24-008749-003/2024(H5N1)	1031	6274
NA|PP755591.1|A/cattle/Texas/24-008749-003/2024(H5N1)	1032	6273
NA|PP755591.1|A/cattle/Texas/24-008749-003/2024(H5N1)	1033	6265
NA|PP755591.1|A/cattle/Texas/24-008749-003/2024(H5N1)	1034	6358
NA|PP755591.1|A/cattle/Texas/24-008749-003/2024(H5N1)	1035	6346
NA|PP755591.1|A/cattle/Texas/24-008749-003/2024(H5N1)	1036	6392
NA|PP755591.1|A/cattle/Texas/24-008749-003/2024(H5N1)	1037	6521
NA|PP755591.1|A/cattle/Texas/24-008749-003/2024(H5N1)	1038	6494
NA|PP755591.1|A/cattle/Texas/24-008749-003/2024(H5N1)	1039	6498
NA|PP755591.1|A/cattle/Texas/24-008749-003/2024(H5N1)	1040	6494
NA|PP755591.1|A/cattle/Texas/24-008749-003/2024(H5N1)	1041	6497
NA|PP755591.1|A/cattle/Texas/24-008749-003/2024(H5N1)	1042	6509
NA|PP755591.1|A/cattle/Texas/24-008749-003/2024(H5N1)	1043	6455
NA|PP755591.1|A/cattle/Texas/24-008749-003/2024(H5N1)	1044	6452
NA|PP755591.1|A/cattle/Texas/24-008749-003/2024(H5N1)	1045	6391
NA|PP755591.1|A/cattle/Texas/24-008749-003/2024(H5N1)	1046	6393
NA|PP755591.1|A/cattle/Texas/24-008749-003/2024(H5N1)	1047	6462
NA|PP755591.1|A/cattle/Texas/24-008749-003/2024(H5N1)	1048	6476
NA|PP755591.1|A/cattle/Texas/24-008749-003/2024(H5N1)	1049	6556
NA|PP755591.1|A/cattle/Texas/24-008749-003/2024(H5N1)	1050	6552
NA|PP755591.1|A/cattle/Texas/24-008749-003/2024(H5N1)	1051	6578
NA|PP755591.1|A/cattle/Texas/24-008749-003/2024(H5N1)	1052	6577
NA|PP755591.1|A/cattle/Texas/24-008749-003/2024(H5N1)	1053	6562
NA|PP755591.1|A/cattle/Texas/24-008749-003/2024(H5N1)	1054	6617
NA|PP755591.1|A/cattle/Texas/24-008749-003/2024(H5N1)	1055	6618
NA|PP755591.1|A/cattle/Texas/24-008749-003/2024(H5N1)	1056	6650
NA|PP755591.1|A/cattle/Texas/24-008749-003/2024(H5N1)	1057	6652
NA|PP755591.1|A/cattle/Texas/24-008749-003/2024(H5N1)	1058	6603
NA|PP755591.1|A/cattle/Texas/24-008749-003/2024(H5N1)	1059	6672
NA|PP755591.1|A/cattle/Texas/24-008749-003/2024(H5N1)	1060	6673
NA|PP755591.1|A/cattle/Texas/24-008749-003/2024(H5N1)	1061	6863
NA|PP755591.1|A/cattle/Texas/24-008749-003/2024(H5N1)	1062	6872
NA|PP755591.1|A/cattle/Texas/24-008749-003/2024(H5N1)	1063	6843
NA|PP755591.1|A/cattle/Texas/24-008749-003/2024(H5N1)	1064	6867
NA|PP755591.1|A/cattle/Texas/24-008749-003/2024(H5N1)	1065	6831
NA|PP755591.1|A/cattle/Texas/24-008749-003/2024(H5N1)	1066	6829
NA|PP755591.1|A/cattle/Texas/24-008749-003/2024(H5N1)	1067	6838
NA|PP755591.1|A/cattle/Texas/24-008749-003/2024(H5N1)	1068	6801
NA|PP755591.1|A/cattle/Texas/24-008749-003/2024(H5N1)	1069	6816
NA|PP755591.1|A/cattle/Texas/24-008749-003/2024(H5N1)	1070	6660
NA|PP755591.1|A/cattle/Texas/24-008749-003/2024(H5N1)	1071	6660
NA|PP755591.1|A/cattle/Texas/24-008749-003/2024(H5N1)	1072	6651
NA|PP755591.1|A/cattle/Texas/24-008749-003/2024(H5N1)	1073	6640
NA|PP755591.1|A/cattle/Texas/24-008749-003/2024(H5N1)	1074	6672
NA|PP755591.1|A/cattle/Texas/24-008749-003/2024(H5N1)	1075	6662
NA|PP755591.1|A/cattle/Texas/24-008749-003/2024(H5N1)	1076	6640
NA|PP755591.1|A/cattle/Texas/24-008749-003/2024(H5N1)	1077	6585
NA|PP755591.1|A/cattle/Texas/24-008749-003/2024(H5N1)	1078	6579
NA|PP755591.1|A/cattle/Texas/24-008749-003/2024(H5N1)	1079	6627
NA|PP755591.1|A/cattle/Texas/24-008749-003/2024(H5N1)	1080	6621
NA|PP755591.1|A/cattle/Texas/24-008749-003/2024(H5N1)	1081	6616
NA|PP755591.1|A/cattle/Texas/24-008749-003/2024(H5N1)	1082	6626
NA|PP755591.1|A/cattle/Texas/24-008749-003/2024(H5N1)	1083	6738
NA|PP755591.1|A/cattle/Texas/24-008749-003/2024(H5N1)	1084	6742
NA|PP755591.1|A/cattle/Texas/24-008749-003/2024(H5N1)	1085	6740
NA|PP755591.1|A/cattle/Texas/24-008749-003/2024(H5N1)	1086	6738
NA|PP755591.1|A/cattle/Texas/24-008749-003/2024(H5N1)	1087	6768
NA|PP755591.1|A/cattle/Texas/24-008749-003/2024(H5N1)	1088	6736
NA|PP755591.1|A/cattle/Texas/24-008749-003/2024(H5N1)	1089	6741
NA|PP755591.1|A/cattle/Texas/24-008749-003/2024(H5N1)	1090	6725
NA|PP755591.1|A/cattle/Texas/24-008749-003/2024(H5N1)	1091	6715
NA|PP755591.1|A/cattle/Texas/24-008749-003/2024(H5N1)	1092	6753
NA|PP755591.1|A/cattle/Texas/24-008749-003/2024(H5N1)	1093	6742
NA|PP755591.1|A/cattle/Texas/24-008749-003/2024(H5N1)	1094	6711
NA|PP755591.1|A/cattle/Texas/24-008749-003/2024(H5N1)	1095	6710
NA|PP755591.1|A/cattle/Texas/24-008749-003/2024(H5N1)	1096	6731
NA|PP755591.1|A/cattle/Texas/24-008749-003/2024(H5N1)	1097	6750
NA|PP755591.1|A/cattle/Texas/24-008749-003/2024(H5N1)	1098	6854
NA|PP755591.1|A/cattle/Texas/24-008749-003/2024(H5N1)	1099	6961
NA|PP755591.1|A/cattle/Texas/24-008749-003/2024(H5N1)	1100	6959
NA|PP755591.1|A/cattle/Texas/24-008749-003/2024(H5N1)	1101	6951
NA|PP755591.1|A/cattle/Texas/24-008749-003/2024(H5N1)	1102	6941
NA|PP755591.1|A/cattle/Texas/24-008749-003/2024(H5N1)	1103	6946
NA|PP755591.1|A/cattle/Texas/24-008749-003/2024(H5N1)	1104	6986
NA|PP755591.1|A/cattle/Texas/24-008749-003/2024(H5N1)	1105	6926
NA|PP755591.1|A/cattle/Texas/24-008749-003/2024(H5N1)	1106	6902
NA|PP755591.1|A/cattle/Texas/24-008749-003/2024(H5N1)	1107	6877
NA|PP755591.1|A/cattle/Texas/24-008749-003/2024(H5N1)	1108	6879
NA|PP755591.1|A/cattle/Texas/24-008749-003/2024(H5N1)	1109	6895
NA|PP755591.1|A/cattle/Texas/24-008749-003/2024(H5N1)	1110	6764
NA|PP755591.1|A/cattle/Texas/24-008749-003/2024(H5N1)	1111	6775
NA|PP755591.1|A/cattle/Texas/24-008749-003/2024(H5N1)	1112	6790
NA|PP755591.1|A/cattle/Texas/24-008749-003/2024(H5N1)	1113	6811
NA|PP755591.1|A/cattle/Texas/24-008749-003/2024(H5N1)	1114	6780
NA|PP755591.1|A/cattle/Texas/24-008749-003/2024(H5N1)	1115	6774
NA|PP755591.1|A/cattle/Texas/24-008749-003/2024(H5N1)	1116	6763
NA|PP755591.1|A/cattle/Texas/24-008749-003/2024(H5N1)	1117	6797
NA|PP755591.1|A/cattle/Texas/24-008749-003/2024(H5N1)	1118	6681
NA|PP755591.1|A/cattle/Texas/24-008749-003/2024(H5N1)	1119	6707
NA|PP755591.1|A/cattle/Texas/24-008749-003/2024(H5N1)	1120	6682
NA|PP755591.1|A/cattle/Texas/24-008749-003/2024(H5N1)	1121	6697
NA|PP755591.1|A/cattle/Texas/24-008749-003/2024(H5N1)	1122	6695
NA|PP755591.1|A/cattle/Texas/24-008749-003/2024(H5N1)	1123	6738
NA|PP755591.1|A/cattle/Texas/24-008749-003/2024(H5N1)	1124	6710
NA|PP755591.1|A/cattle/Texas/24-008749-003/2024(H5N1)	1125	6701
NA|PP755591.1|A/cattle/Texas/24-008749-003/2024(H5N1)	1126	6704
NA|PP755591.1|A/cattle/Texas/24-008749-003/2024(H5N1)	1127	6739
NA|PP755591.1|A/cattle/Texas/24-008749-003/2024(H5N1)	1128	6717
NA|PP755591.1|A/cattle/Texas/24-008749-003/2024(H5N1)	1129	6711
NA|PP755591.1|A/cattle/Texas/24-008749-003/2024(H5N1)	1130	6674
NA|PP755591.1|A/cattle/Texas/24-008749-003/2024(H5N1)	1131	6683
NA|PP755591.1|A/cattle/Texas/24-008749-003/2024(H5N1)	1132	6695
NA|PP755591.1|A/cattle/Texas/24-008749-003/2024(H5N1)	1133	6675
NA|PP755591.1|A/cattle/Texas/24-008749-003/2024(H5N1)	1134	6698
NA|PP755591.1|A/cattle/Texas/24-008749-003/2024(H5N1)	1135	6691
NA|PP755591.1|A/cattle/Texas/24-008749-003/2024(H5N1)	1136	6705
NA|PP755591.1|A/cattle/Texas/24-008749-003/2024(H5N1)	1137	6710
NA|PP755591.1|A/cattle/Texas/24-008749-003/2024(H5N1)	1138	6828
NA|PP755591.1|A/cattle/Texas/24-008749-003/2024(H5N1)	1139	6821
NA|PP755591.1|A/cattle/Texas/24-008749-003/2024(H5N1)	1140	6841
NA|PP755591.1|A/cattle/Texas/24-008749-003/2024(H5N1)	1141	6843
NA|PP755591.1|A/cattle/Texas/24-008749-003/2024(H5N1)	1142	6814
NA|PP755591.1|A/cattle/Texas/24-008749-003/2024(H5N1)	1143	6757
NA|PP755591.1|A/cattle/Texas/24-008749-003/2024(H5N1)	1144	6774
NA|PP755591.1|A/cattle/Texas/24-008749-003/2024(H5N1)	1145	6726
NA|PP755591.1|A/cattle/Texas/24-008749-003/2024(H5N1)	1146	6731
NA|PP755591.1|A/cattle/Texas/24-008749-003/2024(H5N1)	1147	6743
NA|PP755591.1|A/cattle/Texas/24-008749-003/2024(H5N1)	1148	6724
NA|PP755591.1|A/cattle/Texas/24-008749-003/2024(H5N1)	1149	6694
NA|PP755591.1|A/cattle/Texas/24-008749-003/2024(H5N1)	1150	6705
NA|PP755591.1|A/cattle/Texas/24-008749-003/2024(H5N1)	1151	6700
NA|PP755591.1|A/cattle/Texas/24-008749-003/2024(H5N1)	1152	6724
NA|PP755591.1|A/cattle/Texas/24-008749-003/2024(H5N1)	1153	6653
NA|PP755591.1|A/cattle/Texas/24-008749-003/2024(H5N1)	1154	6698
NA|PP755591.1|A/cattle/Texas/24-008749-003/2024(H5N1)	1155	6769
NA|PP755591.1|A/cattle/Texas/24-008749-003/2024(H5N1)	1156	6764
NA|PP755591.1|A/cattle/Texas/24-008749-003/2024(H5N1)	1157	6780
NA|PP755591.1|A/cattle/Texas/24-008749-003/2024(H5N1)	1158	6751
NA|PP755591.1|A/cattle/Texas/24-008749-003/2024(H5N1)	1159	6714
NA|PP755591.1|A/cattle/Texas/24-008749-003/2024(H5N1)	1160	6759
NA|PP755591.1|A/cattle/Texas/24-008749-003/2024(H5N1)	1161	6740
NA|PP755591.1|A/cattle/Texas/24-008749-003/2024(H5N1)	1162	6748
NA|PP755591.1|A/cattle/Texas/24-008749-003/2024(H5N1)	1163	6748
NA|PP755591.1|A/cattle/Texas/24-008749-003/2024(H5N1)	1164	6677
NA|PP755591.1|A/cattle/Texas/24-008749-003/2024(H5N1)	1165	6682
NA|PP755591.1|A/cattle/Texas/24-008749-003/2024(H5N1)	1166	6670
NA|PP755591.1|A/cattle/Texas/24-008749-003/2024(H5N1)	1167	6686
NA|PP755591.1|A/cattle/Texas/24-008749-003/2024(H5N1)	1168	6733
NA|PP755591.1|A/cattle/Texas/24-008749-003/2024(H5N1)	1169	6729
NA|PP755591.1|A/cattle/Texas/24-008749-003/2024(H5N1)	1170	6729
NA|PP755591.1|A/cattle/Texas/24-008749-003/2024(H5N1)	1171	6723
NA|PP755591.1|A/cattle/Texas/24-008749-003/2024(H5N1)	1172	6715
NA|PP755591.1|A/cattle/Texas/24-008749-003/2024(H5N1)	1173	6719
NA|PP755591.1|A/cattle/Texas/24-008749-003/2024(H5N1)	1174	6708
NA|PP755591.1|A/cattle/Texas/24-008749-003/2024(H5N1)	1175	6729
NA|PP755591.1|A/cattle/Texas/24-008749-003/2024(H5N1)	1176	6713
NA|PP755591.1|A/cattle/Texas/24-008749-003/2024(H5N1)	1177	6575
NA|PP755591.1|A/cattle/Texas/24-008749-003/2024(H5N1)	1178	6595
NA|PP755591.1|A/cattle/Texas/24-008749-003/2024(H5N1)	1179	6570
NA|PP755591.1|A/cattle/Texas/24-008749-003/2024(H5N1)	1180	6583
NA|PP755591.1|A/cattle/Texas/24-008749-003/2024(H5N1)	1181	6590
NA|PP755591.1|A/cattle/Texas/24-008749-003/2024(H5N1)	1182	6581
NA|PP755591.1|A/cattle/Texas/24-008749-003/2024(H5N1)	1183	6580
NA|PP755591.1|A/cattle/Texas/24-008749-003/2024(H5N1)	1184	6493
NA|PP755591.1|A/cattle/Texas/24-008749-003/2024(H5N1)	1185	6490
NA|PP755591.1|A/cattle/Texas/24-008749-003/2024(H5N1)	1186	6440
NA|PP755591.1|A/cattle/Texas/24-008749-003/2024(H5N1)	1187	6518
NA|PP755591.1|A/cattle/Texas/24-008749-003/2024(H5N1)	1188	6518
NA|PP755591.1|A/cattle/Texas/24-008749-003/2024(H5N1)	1189	6502
NA|PP755591.1|A/cattle/Texas/24-008749-003/2024(H5N1)	1190	6480
NA|PP755591.1|A/cattle/Texas/24-008749-003/2024(H5N1)	1191	6430
NA|PP755591.1|A/cattle/Texas/24-008749-003/2024(H5N1)	1192	6430
NA|PP755591.1|A/cattle/Texas/24-008749-003/2024(H5N1)	1193	6429
NA|PP755591.1|A/cattle/Texas/24-008749-003/2024(H5N1)	1194	6017
NA|PP755591.1|A/cattle/Texas/24-008749-003/2024(H5N1)	1195	5972
NA|PP755591.1|A/cattle/Texas/24-008749-003/2024(H5N1)	1196	6043
NA|PP755591.1|A/cattle/Texas/24-008749-003/2024(H5N1)	1197	6045
NA|PP755591.1|A/cattle/Texas/24-008749-003/2024(H5N1)	1198	6008
NA|PP755591.1|A/cattle/Texas/24-008749-003/2024(H5N1)	1199	5902
NA|PP755591.1|A/cattle/Texas/24-008749-003/2024(H5N1)	1200	5891
NA|PP755591.1|A/cattle/Texas/24-008749-003/2024(H5N1)	1201	5995
NA|PP755591.1|A/cattle/Texas/24-008749-003/2024(H5N1)	1202	5989
NA|PP755591.1|A/cattle/Texas/24-008749-003/2024(H5N1)	1203	5978
NA|PP755591.1|A/cattle/Texas/24-008749-003/2024(H5N1)	1204	5969
NA|PP755591.1|A/cattle/Texas/24-008749-003/2024(H5N1)	1205	5730
NA|PP755591.1|A/cattle/Texas/24-008749-003/2024(H5N1)	1206	5725
NA|PP755591.1|A/cattle/Texas/24-008749-003/2024(H5N1)	1207	5681
NA|PP755591.1|A/cattle/Texas/24-008749-003/2024(H5N1)	1208	5687
NA|PP755591.1|A/cattle/Texas/24-008749-003/2024(H5N1)	1209	5581
NA|PP755591.1|A/cattle/Texas/24-008749-003/2024(H5N1)	1210	5341
NA|PP755591.1|A/cattle/Texas/24-008749-003/2024(H5N1)	1211	5291
NA|PP755591.1|A/cattle/Texas/24-008749-003/2024(H5N1)	1212	5285
NA|PP755591.1|A/cattle/Texas/24-008749-003/2024(H5N1)	1213	5266
NA|PP755591.1|A/cattle/Texas/24-008749-003/2024(H5N1)	1214	5274
NA|PP755591.1|A/cattle/Texas/24-008749-003/2024(H5N1)	1215	5232
NA|PP755591.1|A/cattle/Texas/24-008749-003/2024(H5N1)	1216	5227
NA|PP755591.1|A/cattle/Texas/24-008749-003/2024(H5N1)	1217	5215
NA|PP755591.1|A/cattle/Texas/24-008749-003/2024(H5N1)	1218	5205
NA|PP755591.1|A/cattle/Texas/24-008749-003/2024(H5N1)	1219	5210
NA|PP755591.1|A/cattle/Texas/24-008749-003/2024(H5N1)	1220	5207
NA|PP755591.1|A/cattle/Texas/24-008749-003/2024(H5N1)	1221	5185
NA|PP755591.1|A/cattle/Texas/24-008749-003/2024(H5N1)	1222	5179
NA|PP755591.1|A/cattle/Texas/24-008749-003/2024(H5N1)	1223	5152
NA|PP755591.1|A/cattle/Texas/24-008749-003/2024(H5N1)	1224	5160
NA|PP755591.1|A/cattle/Texas/24-008749-003/2024(H5N1)	1225	5125
NA|PP755591.1|A/cattle/Texas/24-008749-003/2024(H5N1)	1226	5157
NA|PP755591.1|A/cattle/Texas/24-008749-003/2024(H5N1)	1227	5155
NA|PP755591.1|A/cattle/Texas/24-008749-003/2024(H5N1)	1228	5140
NA|PP755591.1|A/cattle/Texas/24-008749-003/2024(H5N1)	1229	5140
NA|PP755591.1|A/cattle/Texas/24-008749-003/2024(H5N1)	1230	5135
NA|PP755591.1|A/cattle/Texas/24-008749-003/2024(H5N1)	1231	5150
NA|PP755591.1|A/cattle/Texas/24-008749-003/2024(H5N1)	1232	5126
NA|PP755591.1|A/cattle/Texas/24-008749-003/2024(H5N1)	1233	5106
NA|PP755591.1|A/cattle/Texas/24-008749-003/2024(H5N1)	1234	5094
NA|PP755591.1|A/cattle/Texas/24-008749-003/2024(H5N1)	1235	4951
NA|PP755591.1|A/cattle/Texas/24-008749-003/2024(H5N1)	1236	4960
NA|PP755591.1|A/cattle/Texas/24-008749-003/2024(H5N1)	1237	4953
NA|PP755591.1|A/cattle/Texas/24-008749-003/2024(H5N1)	1238	4927
NA|PP755591.1|A/cattle/Texas/24-008749-003/2024(H5N1)	1239	4923
NA|PP755591.1|A/cattle/Texas/24-008749-003/2024(H5N1)	1240	4937
NA|PP755591.1|A/cattle/Texas/24-008749-003/2024(H5N1)	1241	4939
NA|PP755591.1|A/cattle/Texas/24-008749-003/2024(H5N1)	1242	4925
NA|PP755591.1|A/cattle/Texas/24-008749-003/2024(H5N1)	1243	4907
NA|PP755591.1|A/cattle/Texas/24-008749-003/2024(H5N1)	1244	4904
NA|PP755591.1|A/cattle/Texas/24-008749-003/2024(H5N1)	1245	4885
NA|PP755591.1|A/cattle/Texas/24-008749-003/2024(H5N1)	1246	4889
NA|PP755591.1|A/cattle/Texas/24-008749-003/2024(H5N1)	1247	4863
NA|PP755591.1|A/cattle/Texas/24-008749-003/2024(H5N1)	1248	4832
NA|PP755591.1|A/cattle/Texas/24-008749-003/2024(H5N1)	1249	4612
NA|PP755591.1|A/cattle/Texas/24-008749-003/2024(H5N1)	1250	4616
NA|PP755591.1|A/cattle/Texas/24-008749-003/2024(H5N1)	1251	4585
NA|PP755591.1|A/cattle/Texas/24-008749-003/2024(H5N1)	1252	4592
NA|PP755591.1|A/cattle/Texas/24-008749-003/2024(H5N1)	1253	4581
NA|PP755591.1|A/cattle/Texas/24-008749-003/2024(H5N1)	1254	4547
NA|PP755591.1|A/cattle/Texas/24-008749-003/2024(H5N1)	1255	4513
NA|PP755591.1|A/cattle/Texas/24-008749-003/2024(H5N1)	1256	4515
NA|PP755591.1|A/cattle/Texas/24-008749-003/2024(H5N1)	1257	4520
NA|PP755591.1|A/cattle/Texas/24-008749-003/2024(H5N1)	1258	4468
NA|PP755591.1|A/cattle/Texas/24-008749-003/2024(H5N1)	1259	4399
NA|PP755591.1|A/cattle/Texas/24-008749-003/2024(H5N1)	1260	4386
NA|PP755591.1|A/cattle/Texas/24-008749-003/2024(H5N1)	1261	4385
NA|PP755591.1|A/cattle/Texas/24-008749-003/2024(H5N1)	1262	4404
NA|PP755591.1|A/cattle/Texas/24-008749-003/2024(H5N1)	1263	4413
NA|PP755591.1|A/cattle/Texas/24-008749-003/2024(H5N1)	1264	4409
NA|PP755591.1|A/cattle/Texas/24-008749-003/2024(H5N1)	1265	4342
NA|PP755591.1|A/cattle/Texas/24-008749-003/2024(H5N1)	1266	4254
NA|PP755591.1|A/cattle/Texas/24-008749-003/2024(H5N1)	1267	4216
NA|PP755591.1|A/cattle/Texas/24-008749-003/2024(H5N1)	1268	4214
NA|PP755591.1|A/cattle/Texas/24-008749-003/2024(H5N1)	1269	4210
NA|PP755591.1|A/cattle/Texas/24-008749-003/2024(H5N1)	1270	4147
NA|PP755591.1|A/cattle/Texas/24-008749-003/2024(H5N1)	1271	4085
NA|PP755591.1|A/cattle/Texas/24-008749-003/2024(H5N1)	1272	3950
NA|PP755591.1|A/cattle/Texas/24-008749-003/2024(H5N1)	1273	3958
NA|PP755591.1|A/cattle/Texas/24-008749-003/2024(H5N1)	1274	3956
NA|PP755591.1|A/cattle/Texas/24-008749-003/2024(H5N1)	1275	3950
NA|PP755591.1|A/cattle/Texas/24-008749-003/2024(H5N1)	1276	3900
NA|PP755591.1|A/cattle/Texas/24-008749-003/2024(H5N1)	1277	3887
NA|PP755591.1|A/cattle/Texas/24-008749-003/2024(H5N1)	1278	3921
NA|PP755591.1|A/cattle/Texas/24-008749-003/2024(H5N1)	1279	3914
NA|PP755591.1|A/cattle/Texas/24-008749-003/2024(H5N1)	1280	3902
NA|PP755591.1|A/cattle/Texas/24-008749-003/2024(H5N1)	1281	3901
NA|PP755591.1|A/cattle/Texas/24-008749-003/2024(H5N1)	1282	3814
NA|PP755591.1|A/cattle/Texas/24-008749-003/2024(H5N1)	1283	3812
NA|PP755591.1|A/cattle/Texas/24-008749-003/2024(H5N1)	1284	3762
NA|PP755591.1|A/cattle/Texas/24-008749-003/2024(H5N1)	1285	3720
NA|PP755591.1|A/cattle/Texas/24-008749-003/2024(H5N1)	1286	3697
NA|PP755591.1|A/cattle/Texas/24-008749-003/2024(H5N1)	1287	3539
NA|PP755591.1|A/cattle/Texas/24-008749-003/2024(H5N1)	1288	3432
NA|PP755591.1|A/cattle/Texas/24-008749-003/2024(H5N1)	1289	3424
NA|PP755591.1|A/cattle/Texas/24-008749-003/2024(H5N1)	1290	3430
NA|PP755591.1|A/cattle/Texas/24-008749-003/2024(H5N1)	1291	3425
NA|PP755591.1|A/cattle/Texas/24-008749-003/2024(H5N1)	1292	3417
NA|PP755591.1|A/cattle/Texas/24-008749-003/2024(H5N1)	1293	3405
NA|PP755591.1|A/cattle/Texas/24-008749-003/2024(H5N1)	1294	3397
NA|PP755591.1|A/cattle/Texas/24-008749-003/2024(H5N1)	1295	3393
NA|PP755591.1|A/cattle/Texas/24-008749-003/2024(H5N1)	1296	3390
NA|PP755591.1|A/cattle/Texas/24-008749-003/2024(H5N1)	1297	3390
NA|PP755591.1|A/cattle/Texas/24-008749-003/2024(H5N1)	1298	3281
NA|PP755591.1|A/cattle/Texas/24-008749-003/2024(H5N1)	1299	3272
NA|PP755591.1|A/cattle/Texas/24-008749-003/2024(H5N1)	1300	3173
NA|PP755591.1|A/cattle/Texas/24-008749-003/2024(H5N1)	1301	3172
NA|PP755591.1|A/cattle/Texas/24-008749-003/2024(H5N1)	1302	3161
NA|PP755591.1|A/cattle/Texas/24-008749-003/2024(H5N1)	1303	3147
NA|PP755591.1|A/cattle/Texas/24-008749-003/2024(H5N1)	1304	3148
NA|PP755591.1|A/cattle/Texas/24-008749-003/2024(H5N1)	1305	3116
NA|PP755591.1|A/cattle/Texas/24-008749-003/2024(H5N1)	1306	3123
NA|PP755591.1|A/cattle/Texas/24-008749-003/2024(H5N1)	1307	3105
NA|PP755591.1|A/cattle/Texas/24-008749-003/2024(H5N1)	1308	3087
NA|PP755591.1|A/cattle/Texas/24-008749-003/2024(H5N1)	1309	3084
NA|PP755591.1|A/cattle/Texas/24-008749-003/2024(H5N1)	1310	3050
NA|PP755591.1|A/cattle/Texas/24-008749-003/2024(H5N1)	1311	3037
NA|PP755591.1|A/cattle/Texas/24-008749-003/2024(H5N1)	1312	2935
NA|PP755591.1|A/cattle/Texas/24-008749-003/2024(H5N1)	1313	2916
NA|PP755591.1|A/cattle/Texas/24-008749-003/2024(H5N1)	1314	2872
NA|PP755591.1|A/cattle/Texas/24-008749-003/2024(H5N1)	1315	2832
NA|PP755591.1|A/cattle/Texas/24-008749-003/2024(H5N1)	1316	2831
NA|PP755591.1|A/cattle/Texas/24-008749-003/2024(H5N1)	1317	2821
NA|PP755591.1|A/cattle/Texas/24-008749-003/2024(H5N1)	1318	2824
NA|PP755591.1|A/cattle/Texas/24-008749-003/2024(H5N1)	1319	2786
NA|PP755591.1|A/cattle/Texas/24-008749-003/2024(H5N1)	1320	2786
NA|PP755591.1|A/cattle/Texas/24-008749-003/2024(H5N1)	1321	2783
NA|PP755591.1|A/cattle/Texas/24-008749-003/2024(H5N1)	1322	2777
NA|PP755591.1|A/cattle/Texas/24-008749-003/2024(H5N1)	1323	2778
NA|PP755591.1|A/cattle/Texas/24-008749-003/2024(H5N1)	1324	2734
NA|PP755591.1|A/cattle/Texas/24-008749-003/2024(H5N1)	1325	2743
NA|PP755591.1|A/cattle/Texas/24-008749-003/2024(H5N1)	1326	2739
NA|PP755591.1|A/cattle/Texas/24-008749-003/2024(H5N1)	1327	2736
NA|PP755591.1|A/cattle/Texas/24-008749-003/2024(H5N1)	1328	2727
NA|PP755591.1|A/cattle/Texas/24-008749-003/2024(H5N1)	1329	2696
NA|PP755591.1|A/cattle/Texas/24-008749-003/2024(H5N1)	1330	2688
NA|PP755591.1|A/cattle/Texas/24-008749-003/2024(H5N1)	1331	2683
NA|PP755591.1|A/cattle/Texas/24-008749-003/2024(H5N1)	1332	2643
NA|PP755591.1|A/cattle/Texas/24-008749-003/2024(H5N1)	1333	2603
NA|PP755591.1|A/cattle/Texas/24-008749-003/2024(H5N1)	1334	2469
NA|PP755591.1|A/cattle/Texas/24-008749-003/2024(H5N1)	1335	2464
NA|PP755591.1|A/cattle/Texas/24-008749-003/2024(H5N1)	1336	2452
NA|PP755591.1|A/cattle/Texas/24-008749-003/2024(H5N1)	1337	2451
NA|PP755591.1|A/cattle/Texas/24-008749-003/2024(H5N1)	1338	2401
NA|PP755591.1|A/cattle/Texas/24-008749-003/2024(H5N1)	1339	2351
NA|PP755591.1|A/cattle/Texas/24-008749-003/2024(H5N1)	1340	2356
NA|PP755591.1|A/cattle/Texas/24-008749-003/2024(H5N1)	1341	2291
NA|PP755591.1|A/cattle/Texas/24-008749-003/2024(H5N1)	1342	2287
NA|PP755591.1|A/cattle/Texas/24-008749-003/2024(H5N1)	1343	2282
NA|PP755591.1|A/cattle/Texas/24-008749-003/2024(H5N1)	1344	2283
NA|PP755591.1|A/cattle/Texas/24-008749-003/2024(H5N1)	1345	2283
NA|PP755591.1|A/cattle/Texas/24-008749-003/2024(H5N1)	1346	2265
NA|PP755591.1|A/cattle/Texas/24-008749-003/2024(H5N1)	1347	2255
NA|PP755591.1|A/cattle/Texas/24-008749-003/2024(H5N1)	1348	2166
NA|PP755591.1|A/cattle/Texas/24-008749-003/2024(H5N1)	1349	2137
NA|PP755591.1|A/cattle/Texas/24-008749-003/2024(H5N1)	1350	1952
NA|PP755591.1|A/cattle/Texas/24-008749-003/2024(H5N1)	1351	1938
NA|PP755591.1|A/cattle/Texas/24-008749-003/2024(H5N1)	1352	1931
NA|PP755591.1|A/cattle/Texas/24-008749-003/2024(H5N1)	1353	1921
NA|PP755591.1|A/cattle/Texas/24-008749-003/2024(H5N1)	1354	1872
NA|PP755591.1|A/cattle/Texas/24-008749-003/2024(H5N1)	1355	1874
NA|PP755591.1|A/cattle/Texas/24-008749-003/2024(H5N1)	1356	1744
NA|PP755591.1|A/cattle/Texas/24-008749-003/2024(H5N1)	1357	1744
NA|PP755591.1|A/cattle/Texas/24-008749-003/2024(H5N1)	1358	1716
NA|PP755591.1|A/cattle/Texas/24-008749-003/2024(H5N1)	1359	1716
NA|PP755591.1|A/cattle/Texas/24-008749-003/2024(H5N1)	1360	1706
NA|PP755591.1|A/cattle/Texas/24-008749-003/2024(H5N1)	1361	1696
NA|PP755591.1|A/cattle/Texas/24-008749-003/2024(H5N1)	1362	1643
NA|PP755591.1|A/cattle/Texas/24-008749-003/2024(H5N1)	1363	1617
NA|PP755591.1|A/cattle/Texas/24-008749-003/2024(H5N1)	1364	1585
NA|PP755591.1|A/cattle/Texas/24-008749-003/2024(H5N1)	1365	1588
NA|PP755591.1|A/cattle/Texas/24-008749-003/2024(H5N1)	1366	1570
NA|PP755591.1|A/cattle/Texas/24-008749-003/2024(H5N1)	1367	1557
NA|PP755591.1|A/cattle/Texas/24-008749-003/2024(H5N1)	1368	1515
NA|PP755591.1|A/cattle/Texas/24-008749-003/2024(H5N1)	1369	1504
NA|PP755591.1|A/cattle/Texas/24-008749-003/2024(H5N1)	1370	1497
NA|PP755591.1|A/cattle/Texas/24-008749-003/2024(H5N1)	1371	1496
NA|PP755591.1|A/cattle/Texas/24-008749-003/2024(H5N1)	1372	1492
NA|PP755591.1|A/cattle/Texas/24-008749-003/2024(H5N1)	1373	1480
NA|PP755591.1|A/cattle/Texas/24-008749-003/2024(H5N1)	1374	1376
NA|PP755591.1|A/cattle/Texas/24-008749-003/2024(H5N1)	1375	1376
NA|PP755591.1|A/cattle/Texas/24-008749-003/2024(H5N1)	1376	1372
NA|PP755591.1|A/cattle/Texas/24-008749-003/2024(H5N1)	1377	1370
NA|PP755591.1|A/cattle/Texas/24-008749-003/2024(H5N1)	1378	1332
NA|PP755591.1|A/cattle/Texas/24-008749-003/2024(H5N1)	1379	1304
NA|PP755591.1|A/cattle/Texas/24-008749-003/2024(H5N1)	1380	1288
NA|PP755591.1|A/cattle/Texas/24-008749-003/2024(H5N1)	1381	1285
NA|PP755591.1|A/cattle/Texas/24-008749-003/2024(H5N1)	1382	1282
NA|PP755591.1|A/cattle/Texas/24-008749-003/2024(H5N1)	1383	1267
NA|PP755591.1|A/cattle/Texas/24-008749-003/2024(H5N1)	1384	1267
NA|PP755591.1|A/cattle/Texas/24-008749-003/2024(H5N1)	1385	1254
NA|PP755591.1|A/cattle/Texas/24-008749-003/2024(H5N1)	1386	1252
NA|PP755591.1|A/cattle/Texas/24-008749-003/2024(H5N1)	1387	1238
NA|PP755591.1|A/cattle/Texas/24-008749-003/2024(H5N1)	1388	958
NA|PP755591.1|A/cattle/Texas/24-008749-003/2024(H5N1)	1389	958
NA|PP755591.1|A/cattle/Texas/24-008749-003/2024(H5N1)	1390	948
NA|PP755591.1|A/cattle/Texas/24-008749-003/2024(H5N1)	1391	942
NA|PP755591.1|A/cattle/Texas/24-008749-003/2024(H5N1)	1392	940
NA|PP755591.1|A/cattle/Texas/24-008749-003/2024(H5N1)	1393	908
NA|PP755591.1|A/cattle/Texas/24-008749-003/2024(H5N1)	1394	900
NA|PP755591.1|A/cattle/Texas/24-008749-003/2024(H5N1)	1395	898
NA|PP755591.1|A/cattle/Texas/24-008749-003/2024(H5N1)	1396	882
NA|PP755591.1|A/cattle/Texas/24-008749-003/2024(H5N1)	1397	881
NA|PP755591.1|A/cattle/Texas/24-008749-003/2024(H5N1)	1398	849
NA|PP755591.1|A/cattle/Texas/24-008749-003/2024(H5N1)	1399	829
NA|PP755591.1|A/cattle/Texas/24-008749-003/2024(H5N1)	1400	819
NA|PP755591.1|A/cattle/Texas/24-008749-003/2024(H5N1)	1401	795
NA|PP755591.1|A/cattle/Texas/24-008749-003/2024(H5N1)	1402	795
NA|PP755591.1|A/cattle/Texas/24-008749-003/2024(H5N1)	1403	788
NA|PP755591.1|A/cattle/Texas/24-008749-003/2024(H5N1)	1404	770
NA|PP755591.1|A/cattle/Texas/24-008749-003/2024(H5N1)	1405	748
NA|PP755591.1|A/cattle/Texas/24-008749-003/2024(H5N1)	1406	683
NA|PP755591.1|A/cattle/Texas/24-008749-003/2024(H5N1)	1407	671
NA|PP755591.1|A/cattle/Texas/24-008749-003/2024(H5N1)	1408	658
NA|PP755591.1|A/cattle/Texas/24-008749-003/2024(H5N1)	1409	626
NA|PP755591.1|A/cattle/Texas/24-008749-003/2024(H5N1)	1410	624
