PB2|PP755596.1|A/cattle/Texas/24-008749-003/2024(H5N1)	1	109
PB2|PP755596.1|A/cattle/Texas/24-008749-003/2024(H5N1)	2	110
PB2|PP755596.1|A/cattle/Texas/24-008749-003/2024(H5N1)	3	112
PB2|PP755596.1|A/cattle/Texas/24-008749-003/2024(H5N1)	4	112
PB2|PP755596.1|A/cattle/Texas/24-008749-003/2024(H5N1)	5	112
PB2|PP755596.1|A/cattle/Texas/24-008749-003/2024(H5N1)	6	114
PB2|PP755596.1|A/cattle/Texas/24-008749-003/2024(H5N1)	7	114
PB2|PP755596.1|A/cattle/Texas/24-008749-003/2024(H5N1)	8	127
PB2|PP755596.1|A/cattle/Texas/24-008749-003/2024(H5N1)	9	127
PB2|PP755596.1|A/cattle/Texas/24-008749-003/2024(H5N1)	10	128
PB2|PP755596.1|A/cattle/Texas/24-008749-003/2024(H5N1)	11	128
PB2|PP755596.1|A/cattle/Texas/24-008749-003/2024(H5N1)	12	129
PB2|PP755596.1|A/cattle/Texas/24-008749-003/2024(H5N1)	13	129
PB2|PP755596.1|A/cattle/Texas/24-008749-003/2024(H5N1)	14	129
PB2|PP755596.1|A/cattle/Texas/24-008749-003/2024(H5N1)	15	130
PB2|PP755596.1|A/cattle/Texas/24-008749-003/2024(H5N1)	16	133
PB2|PP755596.1|A/cattle/Texas/24-008749-003/2024(H5N1)	17	136
PB2|PP755596.1|A/cattle/Texas/24-008749-003/2024(H5N1)	18	136
PB2|PP755596.1|A/cattle/Texas/24-008749-003/2024(H5N1)	19	138
PB2|PP755596.1|A/cattle/Texas/24-008749-003/2024(H5N1)	20	139
PB2|PP755596.1|A/cattle/Texas/24-008749-003/2024(H5N1)	21	140
PB2|PP755596.1|A/cattle/Texas/24-008749-003/2024(H5N1)	22	140
PB2|PP755596.1|A/cattle/Texas/24-008749-003/2024(H5N1)	23	140
PB2|PP755596.1|A/cattle/Texas/24-008749-003/2024(H5N1)	24	141
PB2|PP755596.1|A/cattle/Texas/24-008749-003/2024(H5N1)	25	150
PB2|PP755596.1|A/cattle/Texas/24-008749-003/2024(H5N1)	26	152
PB2|PP755596.1|A/cattle/Texas/24-008749-003/2024(H5N1)	27	152
PB2|PP755596.1|A/cattle/Texas/24-008749-003/2024(H5N1)	28	154
PB2|PP755596.1|A/cattle/Texas/24-008749-003/2024(H5N1)	29	155
PB2|PP755596.1|A/cattle/Texas/24-008749-003/2024(H5N1)	30	157
PB2|PP755596.1|A/cattle/Texas/24-008749-003/2024(H5N1)	31	164
PB2|PP755596.1|A/cattle/Texas/24-008749-003/2024(H5N1)	32	164
PB2|PP755596.1|A/cattle/Texas/24-008749-003/2024(H5N1)	33	167
PB2|PP755596.1|A/cattle/Texas/24-008749-003/2024(H5N1)	34	169
PB2|PP755596.1|A/cattle/Texas/24-008749-003/2024(H5N1)	35	169
PB2|PP755596.1|A/cattle/Texas/24-008749-003/2024(H5N1)	36	169
PB2|PP755596.1|A/cattle/Texas/24-008749-003/2024(H5N1)	37	169
PB2|PP755596.1|A/cattle/Texas/24-008749-003/2024(H5N1)	38	169
PB2|PP755596.1|A/cattle/Texas/24-008749-003/2024(H5N1)	39	175
PB2|PP755596.1|A/cattle/Texas/24-008749-003/2024(H5N1)	40	177
PB2|PP755596.1|A/cattle/Texas/24-008749-003/2024(H5N1)	41	179
PB2|PP755596.1|A/cattle/Texas/24-008749-003/2024(H5N1)	42	178
PB2|PP755596.1|A/cattle/Texas/24-008749-003/2024(H5N1)	43	178
PB2|PP755596.1|A/cattle/Texas/24-008749-003/2024(H5N1)	44	178
PB2|PP755596.1|A/cattle/Texas/24-008749-003/2024(H5N1)	45	178
PB2|PP755596.1|A/cattle/Texas/24-008749-003/2024(H5N1)	46	179
PB2|PP755596.1|A/cattle/Texas/24-008749-003/2024(H5N1)	47	179
PB2|PP755596.1|A/cattle/Texas/24-008749-003/2024(H5N1)	48	179
PB2|PP755596.1|A/cattle/Texas/24-008749-003/2024(H5N1)	49	188
PB2|PP755596.1|A/cattle/Texas/24-008749-003/2024(H5N1)	50	190
PB2|PP755596.1|A/cattle/Texas/24-008749-003/2024(H5N1)	51	191
PB2|PP755596.1|A/cattle/Texas/24-008749-003/2024(H5N1)	52	191
PB2|PP755596.1|A/cattle/Texas/24-008749-003/2024(H5N1)	53	193
PB2|PP755596.1|A/cattle/Texas/24-008749-003/2024(H5N1)	54	196
PB2|PP755596.1|A/cattle/Texas/24-008749-003/2024(H5N1)	55	208
PB2|PP755596.1|A/cattle/Texas/24-008749-003/2024(H5N1)	56	213
PB2|PP755596.1|A/cattle/Texas/24-008749-003/2024(H5N1)	57	213
PB2|PP755596.1|A/cattle/Texas/24-008749-003/2024(H5N1)	58	213
PB2|PP755596.1|A/cattle/Texas/24-008749-003/2024(H5N1)	59	213
PB2|PP755596.1|A/cattle/Texas/24-008749-003/2024(H5N1)	60	214
PB2|PP755596.1|A/cattle/Texas/24-008749-003/2024(H5N1)	61	217
PB2|PP755596.1|A/cattle/Texas/24-008749-003/2024(H5N1)	62	220
PB2|PP755596.1|A/cattle/Texas/24-008749-003/2024(H5N1)	63	220
PB2|PP755596.1|A/cattle/Texas/24-008749-003/2024(H5N1)	64	220
PB2|PP755596.1|A/cattle/Texas/24-008749-003/2024(H5N1)	65	225
PB2|PP755596.1|A/cattle/Texas/24-008749-003/2024(H5N1)	66	229
PB2|PP755596.1|A/cattle/Texas/24-008749-003/2024(H5N1)	67	230
PB2|PP755596.1|A/cattle/Texas/24-008749-003/2024(H5N1)	68	235
PB2|PP755596.1|A/cattle/Texas/24-008749-003/2024(H5N1)	69	234
PB2|PP755596.1|A/cattle/Texas/24-008749-003/2024(H5N1)	70	234
PB2|PP755596.1|A/cattle/Texas/24-008749-003/2024(H5N1)	71	237
PB2|PP755596.1|A/cattle/Texas/24-008749-003/2024(H5N1)	72	237
PB2|PP755596.1|A/cattle/Texas/24-008749-003/2024(H5N1)	73	244
PB2|PP755596.1|A/cattle/Texas/24-008749-003/2024(H5N1)	74	247
PB2|PP755596.1|A/cattle/Texas/24-008749-003/2024(H5N1)	75	247
PB2|PP755596.1|A/cattle/Texas/24-008749-003/2024(H5N1)	76	247
PB2|PP755596.1|A/cattle/Texas/24-008749-003/2024(H5N1)	77	248
PB2|PP755596.1|A/cattle/Texas/24-008749-003/2024(H5N1)	78	253
PB2|PP755596.1|A/cattle/Texas/24-008749-003/2024(H5N1)	79	253
PB2|PP755596.1|A/cattle/Texas/24-008749-003/2024(H5N1)	80	253
PB2|PP755596.1|A/cattle/Texas/24-008749-003/2024(H5N1)	81	255
PB2|PP755596.1|A/cattle/Texas/24-008749-003/2024(H5N1)	82	253
PB2|PP755596.1|A/cattle/Texas/24-008749-003/2024(H5N1)	83	255
PB2|PP755596.1|A/cattle/Texas/24-008749-003/2024(H5N1)	84	258
PB2|PP755596.1|A/cattle/Texas/24-008749-003/2024(H5N1)	85	264
PB2|PP755596.1|A/cattle/Texas/24-008749-003/2024(H5N1)	86	265
PB2|PP755596.1|A/cattle/Texas/24-008749-003/2024(H5N1)	87	265
PB2|PP755596.1|A/cattle/Texas/24-008749-003/2024(H5N1)	88	265
PB2|PP755596.1|A/cattle/Texas/24-008749-003/2024(H5N1)	89	266
PB2|PP755596.1|A/cattle/Texas/24-008749-003/2024(H5N1)	90	271
PB2|PP755596.1|A/cattle/Texas/24-008749-003/2024(H5N1)	91	277
PB2|PP755596.1|A/cattle/Texas/24-008749-003/2024(H5N1)	92	278
PB2|PP755596.1|A/cattle/Texas/24-008749-003/2024(H5N1)	93	278
PB2|PP755596.1|A/cattle/Texas/24-008749-003/2024(H5N1)	94	279
PB2|PP755596.1|A/cattle/Texas/24-008749-003/2024(H5N1)	95	279
PB2|PP755596.1|A/cattle/Texas/24-008749-003/2024(H5N1)	96	280
PB2|PP755596.1|A/cattle/Texas/24-008749-003/2024(H5N1)	97	286
PB2|PP755596.1|A/cattle/Texas/24-008749-003/2024(H5N1)	98	286
PB2|PP755596.1|A/cattle/Texas/24-008749-003/2024(H5N1)	99	287
PB2|PP755596.1|A/cattle/Texas/24-008749-003/2024(H5N1)	100	302
PB2|PP755596.1|A/cattle/Texas/24-008749-003/2024(H5N1)	101	302
PB2|PP755596.1|A/cattle/Texas/24-008749-003/2024(H5N1)	102	304
PB2|PP755596.1|A/cattle/Texas/24-008749-003/2024(H5N1)	103	304
PB2|PP755596.1|A/cattle/Texas/24-008749-003/2024(H5N1)	104	306
PB2|PP755596.1|A/cattle/Texas/24-008749-003/2024(H5N1)	105	306
PB2|PP755596.1|A/cattle/Texas/24-008749-003/2024(H5N1)	106	306
PB2|PP755596.1|A/cattle/Texas/24-008749-003/2024(H5N1)	107	307
PB2|PP755596.1|A/cattle/Texas/24-008749-003/2024(H5N1)	108	304
PB2|PP755596.1|A/cattle/Texas/24-008749-003/2024(H5N1)	109	306
PB2|PP755596.1|A/cattle/Texas/24-008749-003/2024(H5N1)	110	308
PB2|PP755596.1|A/cattle/Texas/24-008749-003/2024(H5N1)	111	308
PB2|PP755596.1|A/cattle/Texas/24-008749-003/2024(H5N1)	112	308
PB2|PP755596.1|A/cattle/Texas/24-008749-003/2024(H5N1)	113	307
PB2|PP755596.1|A/cattle/Texas/24-008749-003/2024(H5N1)	114	307
PB2|PP755596.1|A/cattle/Texas/24-008749-003/2024(H5N1)	115	310
PB2|PP755596.1|A/cattle/Texas/24-008749-003/2024(H5N1)	116	311
PB2|PP755596.1|A/cattle/Texas/24-008749-003/2024(H5N1)	117	311
PB2|PP755596.1|A/cattle/Texas/24-008749-003/2024(H5N1)	118	315
PB2|PP755596.1|A/cattle/Texas/24-008749-003/2024(H5N1)	119	316
PB2|PP755596.1|A/cattle/Texas/24-008749-003/2024(H5N1)	120	316
PB2|PP755596.1|A/cattle/Texas/24-008749-003/2024(H5N1)	121	319
PB2|PP755596.1|A/cattle/Texas/24-008749-003/2024(H5N1)	122	319
PB2|PP755596.1|A/cattle/Texas/24-008749-003/2024(H5N1)	123	319
PB2|PP755596.1|A/cattle/Texas/24-008749-003/2024(H5N1)	124	323
PB2|PP755596.1|A/cattle/Texas/24-008749-003/2024(H5N1)	125	323
PB2|PP755596.1|A/cattle/Texas/24-008749-003/2024(H5N1)	126	320
PB2|PP755596.1|A/cattle/Texas/24-008749-003/2024(H5N1)	127	317
PB2|PP755596.1|A/cattle/Texas/24-008749-003/2024(H5N1)	128	317
PB2|PP755596.1|A/cattle/Texas/24-008749-003/2024(H5N1)	129	317
PB2|PP755596.1|A/cattle/Texas/24-008749-003/2024(H5N1)	130	319
PB2|PP755596.1|A/cattle/Texas/24-008749-003/2024(H5N1)	131	320
PB2|PP755596.1|A/cattle/Texas/24-008749-003/2024(H5N1)	132	322
PB2|PP755596.1|A/cattle/Texas/24-008749-003/2024(H5N1)	133	325
PB2|PP755596.1|A/cattle/Texas/24-008749-003/2024(H5N1)	134	325
PB2|PP755596.1|A/cattle/Texas/24-008749-003/2024(H5N1)	135	325
PB2|PP755596.1|A/cattle/Texas/24-008749-003/2024(H5N1)	136	326
PB2|PP755596.1|A/cattle/Texas/24-008749-003/2024(H5N1)	137	332
PB2|PP755596.1|A/cattle/Texas/24-008749-003/2024(H5N1)	138	334
PB2|PP755596.1|A/cattle/Texas/24-008749-003/2024(H5N1)	139	334
PB2|PP755596.1|A/cattle/Texas/24-008749-003/2024(H5N1)	140	334
PB2|PP755596.1|A/cattle/Texas/24-008749-003/2024(H5N1)	141	331
PB2|PP755596.1|A/cattle/Texas/24-008749-003/2024(H5N1)	142	335
PB2|PP755596.1|A/cattle/Texas/24-008749-003/2024(H5N1)	143	335
PB2|PP755596.1|A/cattle/Texas/24-008749-003/2024(H5N1)	144	335
PB2|PP755596.1|A/cattle/Texas/24-008749-003/2024(H5N1)	145	339
PB2|PP755596.1|A/cattle/Texas/24-008749-003/2024(H5N1)	146	342
PB2|PP755596.1|A/cattle/Texas/24-008749-003/2024(H5N1)	147	344
PB2|PP755596.1|A/cattle/Texas/24-008749-003/2024(H5N1)	148	346
PB2|PP755596.1|A/cattle/Texas/24-008749-003/2024(H5N1)	149	344
PB2|PP755596.1|A/cattle/Texas/24-008749-003/2024(H5N1)	150	343
PB2|PP755596.1|A/cattle/Texas/24-008749-003/2024(H5N1)	151	343
PB2|PP755596.1|A/cattle/Texas/24-008749-003/2024(H5N1)	152	346
PB2|PP755596.1|A/cattle/Texas/24-008749-003/2024(H5N1)	153	347
PB2|PP755596.1|A/cattle/Texas/24-008749-003/2024(H5N1)	154	348
PB2|PP755596.1|A/cattle/Texas/24-008749-003/2024(H5N1)	155	349
PB2|PP755596.1|A/cattle/Texas/24-008749-003/2024(H5N1)	156	349
PB2|PP755596.1|A/cattle/Texas/24-008749-003/2024(H5N1)	157	351
PB2|PP755596.1|A/cattle/Texas/24-008749-003/2024(H5N1)	158	353
PB2|PP755596.1|A/cattle/Texas/24-008749-003/2024(H5N1)	159	366
PB2|PP755596.1|A/cattle/Texas/24-008749-003/2024(H5N1)	160	368
PB2|PP755596.1|A/cattle/Texas/24-008749-003/2024(H5N1)	161	370
PB2|PP755596.1|A/cattle/Texas/24-008749-003/2024(H5N1)	162	373
PB2|PP755596.1|A/cattle/Texas/24-008749-003/2024(H5N1)	163	371
PB2|PP755596.1|A/cattle/Texas/24-008749-003/2024(H5N1)	164	371
PB2|PP755596.1|A/cattle/Texas/24-008749-003/2024(H5N1)	165	377
PB2|PP755596.1|A/cattle/Texas/24-008749-003/2024(H5N1)	166	377
PB2|PP755596.1|A/cattle/Texas/24-008749-003/2024(H5N1)	167	379
PB2|PP755596.1|A/cattle/Texas/24-008749-003/2024(H5N1)	168	375
PB2|PP755596.1|A/cattle/Texas/24-008749-003/2024(H5N1)	169	375
PB2|PP755596.1|A/cattle/Texas/24-008749-003/2024(H5N1)	170	375
PB2|PP755596.1|A/cattle/Texas/24-008749-003/2024(H5N1)	171	368
PB2|PP755596.1|A/cattle/Texas/24-008749-003/2024(H5N1)	172	368
PB2|PP755596.1|A/cattle/Texas/24-008749-003/2024(H5N1)	173	372
PB2|PP755596.1|A/cattle/Texas/24-008749-003/2024(H5N1)	174	373
PB2|PP755596.1|A/cattle/Texas/24-008749-003/2024(H5N1)	175	375
PB2|PP755596.1|A/cattle/Texas/24-008749-003/2024(H5N1)	176	381
PB2|PP755596.1|A/cattle/Texas/24-008749-003/2024(H5N1)	177	381
PB2|PP755596.1|A/cattle/Texas/24-008749-003/2024(H5N1)	178	381
PB2|PP755596.1|A/cattle/Texas/24-008749-003/2024(H5N1)	179	386
PB2|PP755596.1|A/cattle/Texas/24-008749-003/2024(H5N1)	180	389
PB2|PP755596.1|A/cattle/Texas/24-008749-003/2024(H5N1)	181	391
PB2|PP755596.1|A/cattle/Texas/24-008749-003/2024(H5N1)	182	394
PB2|PP755596.1|A/cattle/Texas/24-008749-003/2024(H5N1)	183	394
PB2|PP755596.1|A/cattle/Texas/24-008749-003/2024(H5N1)	184	390
PB2|PP755596.1|A/cattle/Texas/24-008749-003/2024(H5N1)	185	392
PB2|PP755596.1|A/cattle/Texas/24-008749-003/2024(H5N1)	186	388
PB2|PP755596.1|A/cattle/Texas/24-008749-003/2024(H5N1)	187	387
PB2|PP755596.1|A/cattle/Texas/24-008749-003/2024(H5N1)	188	389
PB2|PP755596.1|A/cattle/Texas/24-008749-003/2024(H5N1)	189	390
PB2|PP755596.1|A/cattle/Texas/24-008749-003/2024(H5N1)	190	395
PB2|PP755596.1|A/cattle/Texas/24-008749-003/2024(H5N1)	191	395
PB2|PP755596.1|A/cattle/Texas/24-008749-003/2024(H5N1)	192	395
PB2|PP755596.1|A/cattle/Texas/24-008749-003/2024(H5N1)	193	399
PB2|PP755596.1|A/cattle/Texas/24-008749-003/2024(H5N1)	194	400
PB2|PP755596.1|A/cattle/Texas/24-008749-003/2024(H5N1)	195	415
PB2|PP755596.1|A/cattle/Texas/24-008749-003/2024(H5N1)	196	417
PB2|PP755596.1|A/cattle/Texas/24-008749-003/2024(H5N1)	197	416
PB2|PP755596.1|A/cattle/Texas/24-008749-003/2024(H5N1)	198	416
PB2|PP755596.1|A/cattle/Texas/24-008749-003/2024(H5N1)	199	416
PB2|PP755596.1|A/cattle/Texas/24-008749-003/2024(H5N1)	200	420
PB2|PP755596.1|A/cattle/Texas/24-008749-003/2024(H5N1)	201	420
PB2|PP755596.1|A/cattle/Texas/24-008749-003/2024(H5N1)	202	423
PB2|PP755596.1|A/cattle/Texas/24-008749-003/2024(H5N1)	203	427
PB2|PP755596.1|A/cattle/Texas/24-008749-003/2024(H5N1)	204	425
PB2|PP755596.1|A/cattle/Texas/24-008749-003/2024(H5N1)	205	425
PB2|PP755596.1|A/cattle/Texas/24-008749-003/2024(H5N1)	206	426
PB2|PP755596.1|A/cattle/Texas/24-008749-003/2024(H5N1)	207	428
PB2|PP755596.1|A/cattle/Texas/24-008749-003/2024(H5N1)	208	428
PB2|PP755596.1|A/cattle/Texas/24-008749-003/2024(H5N1)	209	432
PB2|PP755596.1|A/cattle/Texas/24-008749-003/2024(H5N1)	210	438
PB2|PP755596.1|A/cattle/Texas/24-008749-003/2024(H5N1)	211	441
PB2|PP755596.1|A/cattle/Texas/24-008749-003/2024(H5N1)	212	443
PB2|PP755596.1|A/cattle/Texas/24-008749-003/2024(H5N1)	213	442
PB2|PP755596.1|A/cattle/Texas/24-008749-003/2024(H5N1)	214	447
PB2|PP755596.1|A/cattle/Texas/24-008749-003/2024(H5N1)	215	447
PB2|PP755596.1|A/cattle/Texas/24-008749-003/2024(H5N1)	216	445
PB2|PP755596.1|A/cattle/Texas/24-008749-003/2024(H5N1)	217	446
PB2|PP755596.1|A/cattle/Texas/24-008749-003/2024(H5N1)	218	444
PB2|PP755596.1|A/cattle/Texas/24-008749-003/2024(H5N1)	219	447
PB2|PP755596.1|A/cattle/Texas/24-008749-003/2024(H5N1)	220	448
PB2|PP755596.1|A/cattle/Texas/24-008749-003/2024(H5N1)	221	450
PB2|PP755596.1|A/cattle/Texas/24-008749-003/2024(H5N1)	222	445
PB2|PP755596.1|A/cattle/Texas/24-008749-003/2024(H5N1)	223	431
PB2|PP755596.1|A/cattle/Texas/24-008749-003/2024(H5N1)	224	431
PB2|PP755596.1|A/cattle/Texas/24-008749-003/2024(H5N1)	225	430
PB2|PP755596.1|A/cattle/Texas/24-008749-003/2024(H5N1)	226	423
PB2|PP755596.1|A/cattle/Texas/24-008749-003/2024(H5N1)	227	424
PB2|PP755596.1|A/cattle/Texas/24-008749-003/2024(H5N1)	228	424
PB2|PP755596.1|A/cattle/Texas/24-008749-003/2024(H5N1)	229	426
PB2|PP755596.1|A/cattle/Texas/24-008749-003/2024(H5N1)	230	427
PB2|PP755596.1|A/cattle/Texas/24-008749-003/2024(H5N1)	231	426
PB2|PP755596.1|A/cattle/Texas/24-008749-003/2024(H5N1)	232	426
PB2|PP755596.1|A/cattle/Texas/24-008749-003/2024(H5N1)	233	429
PB2|PP755596.1|A/cattle/Texas/24-008749-003/2024(H5N1)	234	431
PB2|PP755596.1|A/cattle/Texas/24-008749-003/2024(H5N1)	235	427
PB2|PP755596.1|A/cattle/Texas/24-008749-003/2024(H5N1)	236	426
PB2|PP755596.1|A/cattle/Texas/24-008749-003/2024(H5N1)	237	427
PB2|PP755596.1|A/cattle/Texas/24-008749-003/2024(H5N1)	238	433
PB2|PP755596.1|A/cattle/Texas/24-008749-003/2024(H5N1)	239	441
PB2|PP755596.1|A/cattle/Texas/24-008749-003/2024(H5N1)	240	436
PB2|PP755596.1|A/cattle/Texas/24-008749-003/2024(H5N1)	241	436
PB2|PP755596.1|A/cattle/Texas/24-008749-003/2024(H5N1)	242	435
PB2|PP755596.1|A/cattle/Texas/24-008749-003/2024(H5N1)	243	437
PB2|PP755596.1|A/cattle/Texas/24-008749-003/2024(H5N1)	244	439
PB2|PP755596.1|A/cattle/Texas/24-008749-003/2024(H5N1)	245	435
PB2|PP755596.1|A/cattle/Texas/24-008749-003/2024(H5N1)	246	431
PB2|PP755596.1|A/cattle/Texas/24-008749-003/2024(H5N1)	247	432
PB2|PP755596.1|A/cattle/Texas/24-008749-003/2024(H5N1)	248	438
PB2|PP755596.1|A/cattle/Texas/24-008749-003/2024(H5N1)	249	437
PB2|PP755596.1|A/cattle/Texas/24-008749-003/2024(H5N1)	250	437
PB2|PP755596.1|A/cattle/Texas/24-008749-003/2024(H5N1)	251	439
PB2|PP755596.1|A/cattle/Texas/24-008749-003/2024(H5N1)	252	439
PB2|PP755596.1|A/cattle/Texas/24-008749-003/2024(H5N1)	253	446
PB2|PP755596.1|A/cattle/Texas/24-008749-003/2024(H5N1)	254	442
PB2|PP755596.1|A/cattle/Texas/24-008749-003/2024(H5N1)	255	442
PB2|PP755596.1|A/cattle/Texas/24-008749-003/2024(H5N1)	256	442
PB2|PP755596.1|A/cattle/Texas/24-008749-003/2024(H5N1)	257	442
PB2|PP755596.1|A/cattle/Texas/24-008749-003/2024(H5N1)	258	442
PB2|PP755596.1|A/cattle/Texas/24-008749-003/2024(H5N1)	259	437
PB2|PP755596.1|A/cattle/Texas/24-008749-003/2024(H5N1)	260	439
PB2|PP755596.1|A/cattle/Texas/24-008749-003/2024(H5N1)	261	439
PB2|PP755596.1|A/cattle/Texas/24-008749-003/2024(H5N1)	262	435
PB2|PP755596.1|A/cattle/Texas/24-008749-003/2024(H5N1)	263	442
PB2|PP755596.1|A/cattle/Texas/24-008749-003/2024(H5N1)	264	442
PB2|PP755596.1|A/cattle/Texas/24-008749-003/2024(H5N1)	265	443
PB2|PP755596.1|A/cattle/Texas/24-008749-003/2024(H5N1)	266	444
PB2|PP755596.1|A/cattle/Texas/24-008749-003/2024(H5N1)	267	444
PB2|PP755596.1|A/cattle/Texas/24-008749-003/2024(H5N1)	268	442
PB2|PP755596.1|A/cattle/Texas/24-008749-003/2024(H5N1)	269	441
PB2|PP755596.1|A/cattle/Texas/24-008749-003/2024(H5N1)	270	439
PB2|PP755596.1|A/cattle/Texas/24-008749-003/2024(H5N1)	271	450
PB2|PP755596.1|A/cattle/Texas/24-008749-003/2024(H5N1)	272	447
PB2|PP755596.1|A/cattle/Texas/24-008749-003/2024(H5N1)	273	447
PB2|PP755596.1|A/cattle/Texas/24-008749-003/2024(H5N1)	274	446
PB2|PP755596.1|A/cattle/Texas/24-008749-003/2024(H5N1)	275	441
PB2|PP755596.1|A/cattle/Texas/24-008749-003/2024(H5N1)	276	450
PB2|PP755596.1|A/cattle/Texas/24-008749-003/2024(H5N1)	277	457
PB2|PP755596.1|A/cattle/Texas/24-008749-003/2024(H5N1)	278	455
PB2|PP755596.1|A/cattle/Texas/24-008749-003/2024(H5N1)	279	453
PB2|PP755596.1|A/cattle/Texas/24-008749-003/2024(H5N1)	280	447
PB2|PP755596.1|A/cattle/Texas/24-008749-003/2024(H5N1)	281	448
PB2|PP755596.1|A/cattle/Texas/24-008749-003/2024(H5N1)	282	454
PB2|PP755596.1|A/cattle/Texas/24-008749-003/2024(H5N1)	283	462
PB2|PP755596.1|A/cattle/Texas/24-008749-003/2024(H5N1)	284	468
PB2|PP755596.1|A/cattle/Texas/24-008749-003/2024(H5N1)	285	466
PB2|PP755596.1|A/cattle/Texas/24-008749-003/2024(H5N1)	286	467
PB2|PP755596.1|A/cattle/Texas/24-008749-003/2024(H5N1)	287	467
PB2|PP755596.1|A/cattle/Texas/24-008749-003/2024(H5N1)	288	467
PB2|PP755596.1|A/cattle/Texas/24-008749-003/2024(H5N1)	289	469
PB2|PP755596.1|A/cattle/Texas/24-008749-003/2024(H5N1)	290	468
PB2|PP755596.1|A/cattle/Texas/24-008749-003/2024(H5N1)	291	464
PB2|PP755596.1|A/cattle/Texas/24-008749-003/2024(H5N1)	292	460
PB2|PP755596.1|A/cattle/Texas/24-008749-003/2024(H5N1)	293	460
PB2|PP755596.1|A/cattle/Texas/24-008749-003/2024(H5N1)	294	461
PB2|PP755596.1|A/cattle/Texas/24-008749-003/2024(H5N1)	295	459
PB2|PP755596.1|A/cattle/Texas/24-008749-003/2024(H5N1)	296	459
PB2|PP755596.1|A/cattle/Texas/24-008749-003/2024(H5N1)	297	463
PB2|PP755596.1|A/cattle/Texas/24-008749-003/2024(H5N1)	298	465
PB2|PP755596.1|A/cattle/Texas/24-008749-003/2024(H5N1)	299	465
PB2|PP755596.1|A/cattle/Texas/24-008749-003/2024(H5N1)	300	455
PB2|PP755596.1|A/cattle/Texas/24-008749-003/2024(H5N1)	301	452
PB2|PP755596.1|A/cattle/Texas/24-008749-003/2024(H5N1)	302	454
PB2|PP755596.1|A/cattle/Texas/24-008749-003/2024(H5N1)	303	453
PB2|PP755596.1|A/cattle/Texas/24-008749-003/2024(H5N1)	304	452
PB2|PP755596.1|A/cattle/Texas/24-008749-003/2024(H5N1)	305	450
PB2|PP755596.1|A/cattle/Texas/24-008749-003/2024(H5N1)	306	442
PB2|PP755596.1|A/cattle/Texas/24-008749-003/2024(H5N1)	307	443
PB2|PP755596.1|A/cattle/Texas/24-008749-003/2024(H5N1)	308	451
PB2|PP755596.1|A/cattle/Texas/24-008749-003/2024(H5N1)	309	451
PB2|PP755596.1|A/cattle/Texas/24-008749-003/2024(H5N1)	310	453
PB2|PP755596.1|A/cattle/Texas/24-008749-003/2024(H5N1)	311	450
PB2|PP755596.1|A/cattle/Texas/24-008749-003/2024(H5N1)	312	451
PB2|PP755596.1|A/cattle/Texas/24-008749-003/2024(H5N1)	313	450
PB2|PP755596.1|A/cattle/Texas/24-008749-003/2024(H5N1)	314	459
PB2|PP755596.1|A/cattle/Texas/24-008749-003/2024(H5N1)	315	461
PB2|PP755596.1|A/cattle/Texas/24-008749-003/2024(H5N1)	316	460
PB2|PP755596.1|A/cattle/Texas/24-008749-003/2024(H5N1)	317	462
PB2|PP755596.1|A/cattle/Texas/24-008749-003/2024(H5N1)	318	461
PB2|PP755596.1|A/cattle/Texas/24-008749-003/2024(H5N1)	319	458
PB2|PP755596.1|A/cattle/Texas/24-008749-003/2024(H5N1)	320	460
PB2|PP755596.1|A/cattle/Texas/24-008749-003/2024(H5N1)	321	463
PB2|PP755596.1|A/cattle/Texas/24-008749-003/2024(H5N1)	322	461
PB2|PP755596.1|A/cattle/Texas/24-008749-003/2024(H5N1)	323	457
PB2|PP755596.1|A/cattle/Texas/24-008749-003/2024(H5N1)	324	450
PB2|PP755596.1|A/cattle/Texas/24-008749-003/2024(H5N1)	325	456
PB2|PP755596.1|A/cattle/Texas/24-008749-003/2024(H5N1)	326	457
PB2|PP755596.1|A/cattle/Texas/24-008749-003/2024(H5N1)	327	462
PB2|PP755596.1|A/cattle/Texas/24-008749-003/2024(H5N1)	328	459
PB2|PP755596.1|A/cattle/Texas/24-008749-003/2024(H5N1)	329	458
PB2|PP755596.1|A/cattle/Texas/24-008749-003/2024(H5N1)	330	459
PB2|PP755596.1|A/cattle/Texas/24-008749-003/2024(H5N1)	331	458
PB2|PP755596.1|A/cattle/Texas/24-008749-003/2024(H5N1)	332	476
PB2|PP755596.1|A/cattle/Texas/24-008749-003/2024(H5N1)	333	477
PB2|PP755596.1|A/cattle/Texas/24-008749-003/2024(H5N1)	334	476
PB2|PP755596.1|A/cattle/Texas/24-008749-003/2024(H5N1)	335	480
PB2|PP755596.1|A/cattle/Texas/24-008749-003/2024(H5N1)	336	480
PB2|PP755596.1|A/cattle/Texas/24-008749-003/2024(H5N1)	337	481
PB2|PP755596.1|A/cattle/Texas/24-008749-003/2024(H5N1)	338	481
PB2|PP755596.1|A/cattle/Texas/24-008749-003/2024(H5N1)	339	504
PB2|PP755596.1|A/cattle/Texas/24-008749-003/2024(H5N1)	340	503
PB2|PP755596.1|A/cattle/Texas/24-008749-003/2024(H5N1)	341	485
PB2|PP755596.1|A/cattle/Texas/24-008749-003/2024(H5N1)	342	494
PB2|PP755596.1|A/cattle/Texas/24-008749-003/2024(H5N1)	343	497
PB2|PP755596.1|A/cattle/Texas/24-008749-003/2024(H5N1)	344	502
PB2|PP755596.1|A/cattle/Texas/24-008749-003/2024(H5N1)	345	502
PB2|PP755596.1|A/cattle/Texas/24-008749-003/2024(H5N1)	346	502
PB2|PP755596.1|A/cattle/Texas/24-008749-003/2024(H5N1)	347	501
PB2|PP755596.1|A/cattle/Texas/24-008749-003/2024(H5N1)	348	497
PB2|PP755596.1|A/cattle/Texas/24-008749-003/2024(H5N1)	349	498
PB2|PP755596.1|A/cattle/Texas/24-008749-003/2024(H5N1)	350	499
PB2|PP755596.1|A/cattle/Texas/24-008749-003/2024(H5N1)	351	479
PB2|PP755596.1|A/cattle/Texas/24-008749-003/2024(H5N1)	352	479
PB2|PP755596.1|A/cattle/Texas/24-008749-003/2024(H5N1)	353	477
PB2|PP755596.1|A/cattle/Texas/24-008749-003/2024(H5N1)	354	478
PB2|PP755596.1|A/cattle/Texas/24-008749-003/2024(H5N1)	355	478
PB2|PP755596.1|A/cattle/Texas/24-008749-003/2024(H5N1)	356	480
PB2|PP755596.1|A/cattle/Texas/24-008749-003/2024(H5N1)	357	479
PB2|PP755596.1|A/cattle/Texas/24-008749-003/2024(H5N1)	358	480
PB2|PP755596.1|A/cattle/Texas/24-008749-003/2024(H5N1)	359	483
PB2|PP755596.1|A/cattle/Texas/24-008749-003/2024(H5N1)	360	483
PB2|PP755596.1|A/cattle/Texas/24-008749-003/2024(H5N1)	361	483
PB2|PP755596.1|A/cattle/Texas/24-008749-003/2024(H5N1)	362	483
PB2|PP755596.1|A/cattle/Texas/24-008749-003/2024(H5N1)	363	483
PB2|PP755596.1|A/cattle/Texas/24-008749-003/2024(H5N1)	364	493
PB2|PP755596.1|A/cattle/Texas/24-008749-003/2024(H5N1)	365	500
PB2|PP755596.1|A/cattle/Texas/24-008749-003/2024(H5N1)	366	501
PB2|PP755596.1|A/cattle/Texas/24-008749-003/2024(H5N1)	367	502
PB2|PP755596.1|A/cattle/Texas/24-008749-003/2024(H5N1)	368	504
PB2|PP755596.1|A/cattle/Texas/24-008749-003/2024(H5N1)	369	504
PB2|PP755596.1|A/cattle/Texas/24-008749-003/2024(H5N1)	370	506
PB2|PP755596.1|A/cattle/Texas/24-008749-003/2024(H5N1)	371	510
PB2|PP755596.1|A/cattle/Texas/24-008749-003/2024(H5N1)	372	519
PB2|PP755596.1|A/cattle/Texas/24-008749-003/2024(H5N1)	373	516
PB2|PP755596.1|A/cattle/Texas/24-008749-003/2024(H5N1)	374	516
PB2|PP755596.1|A/cattle/Texas/24-008749-003/2024(H5N1)	375	517
PB2|PP755596.1|A/cattle/Texas/24-008749-003/2024(H5N1)	376	520
PB2|PP755596.1|A/cattle/Texas/24-008749-003/2024(H5N1)	377	521
PB2|PP755596.1|A/cattle/Texas/24-008749-003/2024(H5N1)	378	524
PB2|PP755596.1|A/cattle/Texas/24-008749-003/2024(H5N1)	379	525
PB2|PP755596.1|A/cattle/Texas/24-008749-003/2024(H5N1)	380	527
PB2|PP755596.1|A/cattle/Texas/24-008749-003/2024(H5N1)	381	526
PB2|PP755596.1|A/cattle/Texas/24-008749-003/2024(H5N1)	382	524
PB2|PP755596.1|A/cattle/Texas/24-008749-003/2024(H5N1)	383	525
PB2|PP755596.1|A/cattle/Texas/24-008749-003/2024(H5N1)	384	523
PB2|PP755596.1|A/cattle/Texas/24-008749-003/2024(H5N1)	385	525
PB2|PP755596.1|A/cattle/Texas/24-008749-003/2024(H5N1)	386	537
PB2|PP755596.1|A/cattle/Texas/24-008749-003/2024(H5N1)	387	535
PB2|PP755596.1|A/cattle/Texas/24-008749-003/2024(H5N1)	388	532
PB2|PP755596.1|A/cattle/Texas/24-008749-003/2024(H5N1)	389	532
PB2|PP755596.1|A/cattle/Texas/24-008749-003/2024(H5N1)	390	532
PB2|PP755596.1|A/cattle/Texas/24-008749-003/2024(H5N1)	391	534
PB2|PP755596.1|A/cattle/Texas/24-008749-003/2024(H5N1)	392	538
PB2|PP755596.1|A/cattle/Texas/24-008749-003/2024(H5N1)	393	536
PB2|PP755596.1|A/cattle/Texas/24-008749-003/2024(H5N1)	394	538
PB2|PP755596.1|A/cattle/Texas/24-008749-003/2024(H5N1)	395	536
PB2|PP755596.1|A/cattle/Texas/24-008749-003/2024(H5N1)	396	528
PB2|PP755596.1|A/cattle/Texas/24-008749-003/2024(H5N1)	397	530
PB2|PP755596.1|A/cattle/Texas/24-008749-003/2024(H5N1)	398	531
PB2|PP755596.1|A/cattle/Texas/24-008749-003/2024(H5N1)	399	532
PB2|PP755596.1|A/cattle/Texas/24-008749-003/2024(H5N1)	400	534
PB2|PP755596.1|A/cattle/Texas/24-008749-003/2024(H5N1)	401	533
PB2|PP755596.1|A/cattle/Texas/24-008749-003/2024(H5N1)	402	542
PB2|PP755596.1|A/cattle/Texas/24-008749-003/2024(H5N1)	403	541
PB2|PP755596.1|A/cattle/Texas/24-008749-003/2024(H5N1)	404	544
PB2|PP755596.1|A/cattle/Texas/24-008749-003/2024(H5N1)	405	540
PB2|PP755596.1|A/cattle/Texas/24-008749-003/2024(H5N1)	406	535
PB2|PP755596.1|A/cattle/Texas/24-008749-003/2024(H5N1)	407	535
PB2|PP755596.1|A/cattle/Texas/24-008749-003/2024(H5N1)	408	541
PB2|PP755596.1|A/cattle/Texas/24-008749-003/2024(H5N1)	409	540
PB2|PP755596.1|A/cattle/Texas/24-008749-003/2024(H5N1)	410	533
PB2|PP755596.1|A/cattle/Texas/24-008749-003/2024(H5N1)	411	527
PB2|PP755596.1|A/cattle/Texas/24-008749-003/2024(H5N1)	412	523
PB2|PP755596.1|A/cattle/Texas/24-008749-003/2024(H5N1)	413	523
PB2|PP755596.1|A/cattle/Texas/24-008749-003/2024(H5N1)	414	529
PB2|PP755596.1|A/cattle/Texas/24-008749-003/2024(H5N1)	415	531
PB2|PP755596.1|A/cattle/Texas/24-008749-003/2024(H5N1)	416	532
PB2|PP755596.1|A/cattle/Texas/24-008749-003/2024(H5N1)	417	534
PB2|PP755596.1|A/cattle/Texas/24-008749-003/2024(H5N1)	418	531
PB2|PP755596.1|A/cattle/Texas/24-008749-003/2024(H5N1)	419	539
PB2|PP755596.1|A/cattle/Texas/24-008749-003/2024(H5N1)	420	541
PB2|PP755596.1|A/cattle/Texas/24-008749-003/2024(H5N1)	421	541
PB2|PP755596.1|A/cattle/Texas/24-008749-003/2024(H5N1)	422	543
PB2|PP755596.1|A/cattle/Texas/24-008749-003/2024(H5N1)	423	539
PB2|PP755596.1|A/cattle/Texas/24-008749-003/2024(H5N1)	424	541
PB2|PP755596.1|A/cattle/Texas/24-008749-003/2024(H5N1)	425	542
PB2|PP755596.1|A/cattle/Texas/24-008749-003/2024(H5N1)	426	542
PB2|PP755596.1|A/cattle/Texas/24-008749-003/2024(H5N1)	427	544
PB2|PP755596.1|A/cattle/Texas/24-008749-003/2024(H5N1)	428	540
PB2|PP755596.1|A/cattle/Texas/24-008749-003/2024(H5N1)	429	540
PB2|PP755596.1|A/cattle/Texas/24-008749-003/2024(H5N1)	430	538
PB2|PP755596.1|A/cattle/Texas/24-008749-003/2024(H5N1)	431	540
PB2|PP755596.1|A/cattle/Texas/24-008749-003/2024(H5N1)	432	546
PB2|PP755596.1|A/cattle/Texas/24-008749-003/2024(H5N1)	433	544
PB2|PP755596.1|A/cattle/Texas/24-008749-003/2024(H5N1)	434	544
PB2|PP755596.1|A/cattle/Texas/24-008749-003/2024(H5N1)	435	545
PB2|PP755596.1|A/cattle/Texas/24-008749-003/2024(H5N1)	436	543
PB2|PP755596.1|A/cattle/Texas/24-008749-003/2024(H5N1)	437	605
PB2|PP755596.1|A/cattle/Texas/24-008749-003/2024(H5N1)	438	609
PB2|PP755596.1|A/cattle/Texas/24-008749-003/2024(H5N1)	439	608
PB2|PP755596.1|A/cattle/Texas/24-008749-003/2024(H5N1)	440	605
PB2|PP755596.1|A/cattle/Texas/24-008749-003/2024(H5N1)	441	607
PB2|PP755596.1|A/cattle/Texas/24-008749-003/2024(H5N1)	442	607
PB2|PP755596.1|A/cattle/Texas/24-008749-003/2024(H5N1)	443	608
PB2|PP755596.1|A/cattle/Texas/24-008749-003/2024(H5N1)	444	606
PB2|PP755596.1|A/cattle/Texas/24-008749-003/2024(H5N1)	445	607
PB2|PP755596.1|A/cattle/Texas/24-008749-003/2024(H5N1)	446	585
PB2|PP755596.1|A/cattle/Texas/24-008749-003/2024(H5N1)	447	582
PB2|PP755596.1|A/cattle/Texas/24-008749-003/2024(H5N1)	448	584
PB2|PP755596.1|A/cattle/Texas/24-008749-003/2024(H5N1)	449	585
PB2|PP755596.1|A/cattle/Texas/24-008749-003/2024(H5N1)	450	585
PB2|PP755596.1|A/cattle/Texas/24-008749-003/2024(H5N1)	451	580
PB2|PP755596.1|A/cattle/Texas/24-008749-003/2024(H5N1)	452	585
PB2|PP755596.1|A/cattle/Texas/24-008749-003/2024(H5N1)	453	582
PB2|PP755596.1|A/cattle/Texas/24-008749-003/2024(H5N1)	454	583
PB2|PP755596.1|A/cattle/Texas/24-008749-003/2024(H5N1)	455	586
PB2|PP755596.1|A/cattle/Texas/24-008749-003/2024(H5N1)	456	588
PB2|PP755596.1|A/cattle/Texas/24-008749-003/2024(H5N1)	457	592
PB2|PP755596.1|A/cattle/Texas/24-008749-003/2024(H5N1)	458	592
PB2|PP755596.1|A/cattle/Texas/24-008749-003/2024(H5N1)	459	597
PB2|PP755596.1|A/cattle/Texas/24-008749-003/2024(H5N1)	460	593
PB2|PP755596.1|A/cattle/Texas/24-008749-003/2024(H5N1)	461	591
PB2|PP755596.1|A/cattle/Texas/24-008749-003/2024(H5N1)	462	593
PB2|PP755596.1|A/cattle/Texas/24-008749-003/2024(H5N1)	463	592
PB2|PP755596.1|A/cattle/Texas/24-008749-003/2024(H5N1)	464	600
PB2|PP755596.1|A/cattle/Texas/24-008749-003/2024(H5N1)	465	601
PB2|PP755596.1|A/cattle/Texas/24-008749-003/2024(H5N1)	466	601
PB2|PP755596.1|A/cattle/Texas/24-008749-003/2024(H5N1)	467	605
PB2|PP755596.1|A/cattle/Texas/24-008749-003/2024(H5N1)	468	603
PB2|PP755596.1|A/cattle/Texas/24-008749-003/2024(H5N1)	469	605
PB2|PP755596.1|A/cattle/Texas/24-008749-003/2024(H5N1)	470	604
PB2|PP755596.1|A/cattle/Texas/24-008749-003/2024(H5N1)	471	603
PB2|PP755596.1|A/cattle/Texas/24-008749-003/2024(H5N1)	472	604
PB2|PP755596.1|A/cattle/Texas/24-008749-003/2024(H5N1)	473	595
PB2|PP755596.1|A/cattle/Texas/24-008749-003/2024(H5N1)	474	596
PB2|PP755596.1|A/cattle/Texas/24-008749-003/2024(H5N1)	475	596
PB2|PP755596.1|A/cattle/Texas/24-008749-003/2024(H5N1)	476	594
PB2|PP755596.1|A/cattle/Texas/24-008749-003/2024(H5N1)	477	596
PB2|PP755596.1|A/cattle/Texas/24-008749-003/2024(H5N1)	478	595
PB2|PP755596.1|A/cattle/Texas/24-008749-003/2024(H5N1)	479	595
PB2|PP755596.1|A/cattle/Texas/24-008749-003/2024(H5N1)	480	613
PB2|PP755596.1|A/cattle/Texas/24-008749-003/2024(H5N1)	481	616
PB2|PP755596.1|A/cattle/Texas/24-008749-003/2024(H5N1)	482	628
PB2|PP755596.1|A/cattle/Texas/24-008749-003/2024(H5N1)	483	629
PB2|PP755596.1|A/cattle/Texas/24-008749-003/2024(H5N1)	484	628
PB2|PP755596.1|A/cattle/Texas/24-008749-003/2024(H5N1)	485	643
PB2|PP755596.1|A/cattle/Texas/24-008749-003/2024(H5N1)	486	645
PB2|PP755596.1|A/cattle/Texas/24-008749-003/2024(H5N1)	487	646
PB2|PP755596.1|A/cattle/Texas/24-008749-003/2024(H5N1)	488	647
PB2|PP755596.1|A/cattle/Texas/24-008749-003/2024(H5N1)	489	630
PB2|PP755596.1|A/cattle/Texas/24-008749-003/2024(H5N1)	490	628
PB2|PP755596.1|A/cattle/Texas/24-008749-003/2024(H5N1)	491	625
PB2|PP755596.1|A/cattle/Texas/24-008749-003/2024(H5N1)	492	624
PB2|PP755596.1|A/cattle/Texas/24-008749-003/2024(H5N1)	493	631
PB2|PP755596.1|A/cattle/Texas/24-008749-003/2024(H5N1)	494	633
PB2|PP755596.1|A/cattle/Texas/24-008749-003/2024(H5N1)	495	633
PB2|PP755596.1|A/cattle/Texas/24-008749-003/2024(H5N1)	496	633
PB2|PP755596.1|A/cattle/Texas/24-008749-003/2024(H5N1)	497	635
PB2|PP755596.1|A/cattle/Texas/24-008749-003/2024(H5N1)	498	634
PB2|PP755596.1|A/cattle/Texas/24-008749-003/2024(H5N1)	499	630
PB2|PP755596.1|A/cattle/Texas/24-008749-003/2024(H5N1)	500	626
PB2|PP755596.1|A/cattle/Texas/24-008749-003/2024(H5N1)	501	627
PB2|PP755596.1|A/cattle/Texas/24-008749-003/2024(H5N1)	502	627
PB2|PP755596.1|A/cattle/Texas/24-008749-003/2024(H5N1)	503	632
PB2|PP755596.1|A/cattle/Texas/24-008749-003/2024(H5N1)	504	631
PB2|PP755596.1|A/cattle/Texas/24-008749-003/2024(H5N1)	505	633
PB2|PP755596.1|A/cattle/Texas/24-008749-003/2024(H5N1)	506	637
PB2|PP755596.1|A/cattle/Texas/24-008749-003/2024(H5N1)	507	637
PB2|PP755596.1|A/cattle/Texas/24-008749-003/2024(H5N1)	508	639
PB2|PP755596.1|A/cattle/Texas/24-008749-003/2024(H5N1)	509	639
PB2|PP755596.1|A/cattle/Texas/24-008749-003/2024(H5N1)	510	637
PB2|PP755596.1|A/cattle/Texas/24-008749-003/2024(H5N1)	511	637
PB2|PP755596.1|A/cattle/Texas/24-008749-003/2024(H5N1)	512	637
PB2|PP755596.1|A/cattle/Texas/24-008749-003/2024(H5N1)	513	637
PB2|PP755596.1|A/cattle/Texas/24-008749-003/2024(H5N1)	514	635
PB2|PP755596.1|A/cattle/Texas/24-008749-003/2024(H5N1)	515	644
PB2|PP755596.1|A/cattle/Texas/24-008749-003/2024(H5N1)	516	643
PB2|PP755596.1|A/cattle/Texas/24-008749-003/2024(H5N1)	517	644
PB2|PP755596.1|A/cattle/Texas/24-008749-003/2024(H5N1)	518	647
PB2|PP755596.1|A/cattle/Texas/24-008749-003/2024(H5N1)	519	651
PB2|PP755596.1|A/cattle/Texas/24-008749-003/2024(H5N1)	520	651
PB2|PP755596.1|A/cattle/Texas/24-008749-003/2024(H5N1)	521	644
PB2|PP755596.1|A/cattle/Texas/24-008749-003/2024(H5N1)	522	623
PB2|PP755596.1|A/cattle/Texas/24-008749-003/2024(H5N1)	523	624
PB2|PP755596.1|A/cattle/Texas/24-008749-003/2024(H5N1)	524	630
PB2|PP755596.1|A/cattle/Texas/24-008749-003/2024(H5N1)	525	630
PB2|PP755596.1|A/cattle/Texas/24-008749-003/2024(H5N1)	526	633
PB2|PP755596.1|A/cattle/Texas/24-008749-003/2024(H5N1)	527	633
PB2|PP755596.1|A/cattle/Texas/24-008749-003/2024(H5N1)	528	631
PB2|PP755596.1|A/cattle/Texas/24-008749-003/2024(H5N1)	529	631
PB2|PP755596.1|A/cattle/Texas/24-008749-003/2024(H5N1)	530	657
PB2|PP755596.1|A/cattle/Texas/24-008749-003/2024(H5N1)	531	657
PB2|PP755596.1|A/cattle/Texas/24-008749-003/2024(H5N1)	532	663
PB2|PP755596.1|A/cattle/Texas/24-008749-003/2024(H5N1)	533	654
PB2|PP755596.1|A/cattle/Texas/24-008749-003/2024(H5N1)	534	649
PB2|PP755596.1|A/cattle/Texas/24-008749-003/2024(H5N1)	535	646
PB2|PP755596.1|A/cattle/Texas/24-008749-003/2024(H5N1)	536	645
PB2|PP755596.1|A/cattle/Texas/24-008749-003/2024(H5N1)	537	647
PB2|PP755596.1|A/cattle/Texas/24-008749-003/2024(H5N1)	538	650
PB2|PP755596.1|A/cattle/Texas/24-008749-003/2024(H5N1)	539	650
PB2|PP755596.1|A/cattle/Texas/24-008749-003/2024(H5N1)	540	647
PB2|PP755596.1|A/cattle/Texas/24-008749-003/2024(H5N1)	541	647
PB2|PP755596.1|A/cattle/Texas/24-008749-003/2024(H5N1)	542	649
PB2|PP755596.1|A/cattle/Texas/24-008749-003/2024(H5N1)	543	650
PB2|PP755596.1|A/cattle/Texas/24-008749-003/2024(H5N1)	544	652
PB2|PP755596.1|A/cattle/Texas/24-008749-003/2024(H5N1)	545	657
PB2|PP755596.1|A/cattle/Texas/24-008749-003/2024(H5N1)	546	657
PB2|PP755596.1|A/cattle/Texas/24-008749-003/2024(H5N1)	547	655
PB2|PP755596.1|A/cattle/Texas/24-008749-003/2024(H5N1)	548	655
PB2|PP755596.1|A/cattle/Texas/24-008749-003/2024(H5N1)	549	659
PB2|PP755596.1|A/cattle/Texas/24-008749-003/2024(H5N1)	550	666
PB2|PP755596.1|A/cattle/Texas/24-008749-003/2024(H5N1)	551	670
PB2|PP755596.1|A/cattle/Texas/24-008749-003/2024(H5N1)	552	670
PB2|PP755596.1|A/cattle/Texas/24-008749-003/2024(H5N1)	553	679
PB2|PP755596.1|A/cattle/Texas/24-008749-003/2024(H5N1)	554	687
PB2|PP755596.1|A/cattle/Texas/24-008749-003/2024(H5N1)	555	687
PB2|PP755596.1|A/cattle/Texas/24-008749-003/2024(H5N1)	556	691
PB2|PP755596.1|A/cattle/Texas/24-008749-003/2024(H5N1)	557	690
PB2|PP755596.1|A/cattle/Texas/24-008749-003/2024(H5N1)	558	686
PB2|PP755596.1|A/cattle/Texas/24-008749-003/2024(H5N1)	559	681
PB2|PP755596.1|A/cattle/Texas/24-008749-003/2024(H5N1)	560	679
PB2|PP755596.1|A/cattle/Texas/24-008749-003/2024(H5N1)	561	679
PB2|PP755596.1|A/cattle/Texas/24-008749-003/2024(H5N1)	562	679
PB2|PP755596.1|A/cattle/Texas/24-008749-003/2024(H5N1)	563	674
PB2|PP755596.1|A/cattle/Texas/24-008749-003/2024(H5N1)	564	666
PB2|PP755596.1|A/cattle/Texas/24-008749-003/2024(H5N1)	565	661
PB2|PP755596.1|A/cattle/Texas/24-008749-003/2024(H5N1)	566	664
PB2|PP755596.1|A/cattle/Texas/24-008749-003/2024(H5N1)	567	655
PB2|PP755596.1|A/cattle/Texas/24-008749-003/2024(H5N1)	568	655
PB2|PP755596.1|A/cattle/Texas/24-008749-003/2024(H5N1)	569	655
PB2|PP755596.1|A/cattle/Texas/24-008749-003/2024(H5N1)	570	654
PB2|PP755596.1|A/cattle/Texas/24-008749-003/2024(H5N1)	571	667
PB2|PP755596.1|A/cattle/Texas/24-008749-003/2024(H5N1)	572	683
PB2|PP755596.1|A/cattle/Texas/24-008749-003/2024(H5N1)	573	685
PB2|PP755596.1|A/cattle/Texas/24-008749-003/2024(H5N1)	574	687
PB2|PP755596.1|A/cattle/Texas/24-008749-003/2024(H5N1)	575	689
PB2|PP755596.1|A/cattle/Texas/24-008749-003/2024(H5N1)	576	683
PB2|PP755596.1|A/cattle/Texas/24-008749-003/2024(H5N1)	577	693
PB2|PP755596.1|A/cattle/Texas/24-008749-003/2024(H5N1)	578	691
PB2|PP755596.1|A/cattle/Texas/24-008749-003/2024(H5N1)	579	693
PB2|PP755596.1|A/cattle/Texas/24-008749-003/2024(H5N1)	580	689
PB2|PP755596.1|A/cattle/Texas/24-008749-003/2024(H5N1)	581	689
PB2|PP755596.1|A/cattle/Texas/24-008749-003/2024(H5N1)	582	692
PB2|PP755596.1|A/cattle/Texas/24-008749-003/2024(H5N1)	583	676
PB2|PP755596.1|A/cattle/Texas/24-008749-003/2024(H5N1)	584	676
PB2|PP755596.1|A/cattle/Texas/24-008749-003/2024(H5N1)	585	680
PB2|PP755596.1|A/cattle/Texas/24-008749-003/2024(H5N1)	586	665
PB2|PP755596.1|A/cattle/Texas/24-008749-003/2024(H5N1)	587	667
PB2|PP755596.1|A/cattle/Texas/24-008749-003/2024(H5N1)	588	666
PB2|PP755596.1|A/cattle/Texas/24-008749-003/2024(H5N1)	589	666
PB2|PP755596.1|A/cattle/Texas/24-008749-003/2024(H5N1)	590	648
PB2|PP755596.1|A/cattle/Texas/24-008749-003/2024(H5N1)	591	650
PB2|PP755596.1|A/cattle/Texas/24-008749-003/2024(H5N1)	592	649
PB2|PP755596.1|A/cattle/Texas/24-008749-003/2024(H5N1)	593	641
PB2|PP755596.1|A/cattle/Texas/24-008749-003/2024(H5N1)	594	633
PB2|PP755596.1|A/cattle/Texas/24-008749-003/2024(H5N1)	595	634
PB2|PP755596.1|A/cattle/Texas/24-008749-003/2024(H5N1)	596	647
PB2|PP755596.1|A/cattle/Texas/24-008749-003/2024(H5N1)	597	647
PB2|PP755596.1|A/cattle/Texas/24-008749-003/2024(H5N1)	598	655
PB2|PP755596.1|A/cattle/Texas/24-008749-003/2024(H5N1)	599	656
PB2|PP755596.1|A/cattle/Texas/24-008749-003/2024(H5N1)	600	662
PB2|PP755596.1|A/cattle/Texas/24-008749-003/2024(H5N1)	601	667
PB2|PP755596.1|A/cattle/Texas/24-008749-003/2024(H5N1)	602	668
PB2|PP755596.1|A/cattle/Texas/24-008749-003/2024(H5N1)	603	669
PB2|PP755596.1|A/cattle/Texas/24-008749-003/2024(H5N1)	604	669
PB2|PP755596.1|A/cattle/Texas/24-008749-003/2024(H5N1)	605	670
PB2|PP755596.1|A/cattle/Texas/24-008749-003/2024(H5N1)	606	670
PB2|PP755596.1|A/cattle/Texas/24-008749-003/2024(H5N1)	607	669
PB2|PP755596.1|A/cattle/Texas/24-008749-003/2024(H5N1)	608	671
PB2|PP755596.1|A/cattle/Texas/24-008749-003/2024(H5N1)	609	670
PB2|PP755596.1|A/cattle/Texas/24-008749-003/2024(H5N1)	610	671
PB2|PP755596.1|A/cattle/Texas/24-008749-003/2024(H5N1)	611	673
PB2|PP755596.1|A/cattle/Texas/24-008749-003/2024(H5N1)	612	676
PB2|PP755596.1|A/cattle/Texas/24-008749-003/2024(H5N1)	613	678
PB2|PP755596.1|A/cattle/Texas/24-008749-003/2024(H5N1)	614	676
PB2|PP755596.1|A/cattle/Texas/24-008749-003/2024(H5N1)	615	668
PB2|PP755596.1|A/cattle/Texas/24-008749-003/2024(H5N1)	616	663
PB2|PP755596.1|A/cattle/Texas/24-008749-003/2024(H5N1)	617	665
PB2|PP755596.1|A/cattle/Texas/24-008749-003/2024(H5N1)	618	669
PB2|PP755596.1|A/cattle/Texas/24-008749-003/2024(H5N1)	619	669
PB2|PP755596.1|A/cattle/Texas/24-008749-003/2024(H5N1)	620	669
PB2|PP755596.1|A/cattle/Texas/24-008749-003/2024(H5N1)	621	668
PB2|PP755596.1|A/cattle/Texas/24-008749-003/2024(H5N1)	622	664
PB2|PP755596.1|A/cattle/Texas/24-008749-003/2024(H5N1)	623	665
PB2|PP755596.1|A/cattle/Texas/24-008749-003/2024(H5N1)	624	665
PB2|PP755596.1|A/cattle/Texas/24-008749-003/2024(H5N1)	625	663
PB2|PP755596.1|A/cattle/Texas/24-008749-003/2024(H5N1)	626	664
PB2|PP755596.1|A/cattle/Texas/24-008749-003/2024(H5N1)	627	662
PB2|PP755596.1|A/cattle/Texas/24-008749-003/2024(H5N1)	628	663
PB2|PP755596.1|A/cattle/Texas/24-008749-003/2024(H5N1)	629	656
PB2|PP755596.1|A/cattle/Texas/24-008749-003/2024(H5N1)	630	658
PB2|PP755596.1|A/cattle/Texas/24-008749-003/2024(H5N1)	631	664
PB2|PP755596.1|A/cattle/Texas/24-008749-003/2024(H5N1)	632	665
PB2|PP755596.1|A/cattle/Texas/24-008749-003/2024(H5N1)	633	664
PB2|PP755596.1|A/cattle/Texas/24-008749-003/2024(H5N1)	634	665
PB2|PP755596.1|A/cattle/Texas/24-008749-003/2024(H5N1)	635	661
PB2|PP755596.1|A/cattle/Texas/24-008749-003/2024(H5N1)	636	666
PB2|PP755596.1|A/cattle/Texas/24-008749-003/2024(H5N1)	637	657
PB2|PP755596.1|A/cattle/Texas/24-008749-003/2024(H5N1)	638	657
PB2|PP755596.1|A/cattle/Texas/24-008749-003/2024(H5N1)	639	658
PB2|PP755596.1|A/cattle/Texas/24-008749-003/2024(H5N1)	640	659
PB2|PP755596.1|A/cattle/Texas/24-008749-003/2024(H5N1)	641	664
PB2|PP755596.1|A/cattle/Texas/24-008749-003/2024(H5N1)	642	663
PB2|PP755596.1|A/cattle/Texas/24-008749-003/2024(H5N1)	643	669
PB2|PP755596.1|A/cattle/Texas/24-008749-003/2024(H5N1)	644	667
PB2|PP755596.1|A/cattle/Texas/24-008749-003/2024(H5N1)	645	666
PB2|PP755596.1|A/cattle/Texas/24-008749-003/2024(H5N1)	646	664
PB2|PP755596.1|A/cattle/Texas/24-008749-003/2024(H5N1)	647	666
PB2|PP755596.1|A/cattle/Texas/24-008749-003/2024(H5N1)	648	664
PB2|PP755596.1|A/cattle/Texas/24-008749-003/2024(H5N1)	649	666
PB2|PP755596.1|A/cattle/Texas/24-008749-003/2024(H5N1)	650	666
PB2|PP755596.1|A/cattle/Texas/24-008749-003/2024(H5N1)	651	663
PB2|PP755596.1|A/cattle/Texas/24-008749-003/2024(H5N1)	652	660
PB2|PP755596.1|A/cattle/Texas/24-008749-003/2024(H5N1)	653	661
PB2|PP755596.1|A/cattle/Texas/24-008749-003/2024(H5N1)	654	658
PB2|PP755596.1|A/cattle/Texas/24-008749-003/2024(H5N1)	655	661
PB2|PP755596.1|A/cattle/Texas/24-008749-003/2024(H5N1)	656	656
PB2|PP755596.1|A/cattle/Texas/24-008749-003/2024(H5N1)	657	652
PB2|PP755596.1|A/cattle/Texas/24-008749-003/2024(H5N1)	658	653
PB2|PP755596.1|A/cattle/Texas/24-008749-003/2024(H5N1)	659	655
PB2|PP755596.1|A/cattle/Texas/24-008749-003/2024(H5N1)	660	657
PB2|PP755596.1|A/cattle/Texas/24-008749-003/2024(H5N1)	661	657
PB2|PP755596.1|A/cattle/Texas/24-008749-003/2024(H5N1)	662	654
PB2|PP755596.1|A/cattle/Texas/24-008749-003/2024(H5N1)	663	658
PB2|PP755596.1|A/cattle/Texas/24-008749-003/2024(H5N1)	664	659
PB2|PP755596.1|A/cattle/Texas/24-008749-003/2024(H5N1)	665	659
PB2|PP755596.1|A/cattle/Texas/24-008749-003/2024(H5N1)	666	656
PB2|PP755596.1|A/cattle/Texas/24-008749-003/2024(H5N1)	667	660
PB2|PP755596.1|A/cattle/Texas/24-008749-003/2024(H5N1)	668	660
PB2|PP755596.1|A/cattle/Texas/24-008749-003/2024(H5N1)	669	666
PB2|PP755596.1|A/cattle/Texas/24-008749-003/2024(H5N1)	670	661
PB2|PP755596.1|A/cattle/Texas/24-008749-003/2024(H5N1)	671	662
PB2|PP755596.1|A/cattle/Texas/24-008749-003/2024(H5N1)	672	662
PB2|PP755596.1|A/cattle/Texas/24-008749-003/2024(H5N1)	673	660
PB2|PP755596.1|A/cattle/Texas/24-008749-003/2024(H5N1)	674	661
PB2|PP755596.1|A/cattle/Texas/24-008749-003/2024(H5N1)	675	660
PB2|PP755596.1|A/cattle/Texas/24-008749-003/2024(H5N1)	676	659
PB2|PP755596.1|A/cattle/Texas/24-008749-003/2024(H5N1)	677	668
PB2|PP755596.1|A/cattle/Texas/24-008749-003/2024(H5N1)	678	665
PB2|PP755596.1|A/cattle/Texas/24-008749-003/2024(H5N1)	679	673
PB2|PP755596.1|A/cattle/Texas/24-008749-003/2024(H5N1)	680	675
PB2|PP755596.1|A/cattle/Texas/24-008749-003/2024(H5N1)	681	672
PB2|PP755596.1|A/cattle/Texas/24-008749-003/2024(H5N1)	682	669
PB2|PP755596.1|A/cattle/Texas/24-008749-003/2024(H5N1)	683	690
PB2|PP755596.1|A/cattle/Texas/24-008749-003/2024(H5N1)	684	692
PB2|PP755596.1|A/cattle/Texas/24-008749-003/2024(H5N1)	685	692
PB2|PP755596.1|A/cattle/Texas/24-008749-003/2024(H5N1)	686	692
PB2|PP755596.1|A/cattle/Texas/24-008749-003/2024(H5N1)	687	681
PB2|PP755596.1|A/cattle/Texas/24-008749-003/2024(H5N1)	688	640
PB2|PP755596.1|A/cattle/Texas/24-008749-003/2024(H5N1)	689	640
PB2|PP755596.1|A/cattle/Texas/24-008749-003/2024(H5N1)	690	642
PB2|PP755596.1|A/cattle/Texas/24-008749-003/2024(H5N1)	691	645
PB2|PP755596.1|A/cattle/Texas/24-008749-003/2024(H5N1)	692	632
PB2|PP755596.1|A/cattle/Texas/24-008749-003/2024(H5N1)	693	633
PB2|PP755596.1|A/cattle/Texas/24-008749-003/2024(H5N1)	694	633
PB2|PP755596.1|A/cattle/Texas/24-008749-003/2024(H5N1)	695	633
PB2|PP755596.1|A/cattle/Texas/24-008749-003/2024(H5N1)	696	648
PB2|PP755596.1|A/cattle/Texas/24-008749-003/2024(H5N1)	697	650
PB2|PP755596.1|A/cattle/Texas/24-008749-003/2024(H5N1)	698	655
PB2|PP755596.1|A/cattle/Texas/24-008749-003/2024(H5N1)	699	663
PB2|PP755596.1|A/cattle/Texas/24-008749-003/2024(H5N1)	700	661
PB2|PP755596.1|A/cattle/Texas/24-008749-003/2024(H5N1)	701	660
PB2|PP755596.1|A/cattle/Texas/24-008749-003/2024(H5N1)	702	659
PB2|PP755596.1|A/cattle/Texas/24-008749-003/2024(H5N1)	703	665
PB2|PP755596.1|A/cattle/Texas/24-008749-003/2024(H5N1)	704	665
PB2|PP755596.1|A/cattle/Texas/24-008749-003/2024(H5N1)	705	654
PB2|PP755596.1|A/cattle/Texas/24-008749-003/2024(H5N1)	706	657
PB2|PP755596.1|A/cattle/Texas/24-008749-003/2024(H5N1)	707	651
PB2|PP755596.1|A/cattle/Texas/24-008749-003/2024(H5N1)	708	650
PB2|PP755596.1|A/cattle/Texas/24-008749-003/2024(H5N1)	709	651
PB2|PP755596.1|A/cattle/Texas/24-008749-003/2024(H5N1)	710	648
PB2|PP755596.1|A/cattle/Texas/24-008749-003/2024(H5N1)	711	648
PB2|PP755596.1|A/cattle/Texas/24-008749-003/2024(H5N1)	712	648
PB2|PP755596.1|A/cattle/Texas/24-008749-003/2024(H5N1)	713	645
PB2|PP755596.1|A/cattle/Texas/24-008749-003/2024(H5N1)	714	645
PB2|PP755596.1|A/cattle/Texas/24-008749-003/2024(H5N1)	715	640
PB2|PP755596.1|A/cattle/Texas/24-008749-003/2024(H5N1)	716	642
PB2|PP755596.1|A/cattle/Texas/24-008749-003/2024(H5N1)	717	645
PB2|PP755596.1|A/cattle/Texas/24-008749-003/2024(H5N1)	718	641
PB2|PP755596.1|A/cattle/Texas/24-008749-003/2024(H5N1)	719	639
PB2|PP755596.1|A/cattle/Texas/24-008749-003/2024(H5N1)	720	638
PB2|PP755596.1|A/cattle/Texas/24-008749-003/2024(H5N1)	721	642
PB2|PP755596.1|A/cattle/Texas/24-008749-003/2024(H5N1)	722	643
PB2|PP755596.1|A/cattle/Texas/24-008749-003/2024(H5N1)	723	641
PB2|PP755596.1|A/cattle/Texas/24-008749-003/2024(H5N1)	724	647
PB2|PP755596.1|A/cattle/Texas/24-008749-003/2024(H5N1)	725	644
PB2|PP755596.1|A/cattle/Texas/24-008749-003/2024(H5N1)	726	657
PB2|PP755596.1|A/cattle/Texas/24-008749-003/2024(H5N1)	727	658
PB2|PP755596.1|A/cattle/Texas/24-008749-003/2024(H5N1)	728	658
PB2|PP755596.1|A/cattle/Texas/24-008749-003/2024(H5N1)	729	660
PB2|PP755596.1|A/cattle/Texas/24-008749-003/2024(H5N1)	730	658
PB2|PP755596.1|A/cattle/Texas/24-008749-003/2024(H5N1)	731	646
PB2|PP755596.1|A/cattle/Texas/24-008749-003/2024(H5N1)	732	641
PB2|PP755596.1|A/cattle/Texas/24-008749-003/2024(H5N1)	733	630
PB2|PP755596.1|A/cattle/Texas/24-008749-003/2024(H5N1)	734	634
PB2|PP755596.1|A/cattle/Texas/24-008749-003/2024(H5N1)	735	619
PB2|PP755596.1|A/cattle/Texas/24-008749-003/2024(H5N1)	736	627
PB2|PP755596.1|A/cattle/Texas/24-008749-003/2024(H5N1)	737	624
PB2|PP755596.1|A/cattle/Texas/24-008749-003/2024(H5N1)	738	622
PB2|PP755596.1|A/cattle/Texas/24-008749-003/2024(H5N1)	739	622
PB2|PP755596.1|A/cattle/Texas/24-008749-003/2024(H5N1)	740	624
PB2|PP755596.1|A/cattle/Texas/24-008749-003/2024(H5N1)	741	624
PB2|PP755596.1|A/cattle/Texas/24-008749-003/2024(H5N1)	742	623
PB2|PP755596.1|A/cattle/Texas/24-008749-003/2024(H5N1)	743	623
PB2|PP755596.1|A/cattle/Texas/24-008749-003/2024(H5N1)	744	620
PB2|PP755596.1|A/cattle/Texas/24-008749-003/2024(H5N1)	745	623
PB2|PP755596.1|A/cattle/Texas/24-008749-003/2024(H5N1)	746	626
PB2|PP755596.1|A/cattle/Texas/24-008749-003/2024(H5N1)	747	626
PB2|PP755596.1|A/cattle/Texas/24-008749-003/2024(H5N1)	748	628
PB2|PP755596.1|A/cattle/Texas/24-008749-003/2024(H5N1)	749	629
PB2|PP755596.1|A/cattle/Texas/24-008749-003/2024(H5N1)	750	629
PB2|PP755596.1|A/cattle/Texas/24-008749-003/2024(H5N1)	751	628
PB2|PP755596.1|A/cattle/Texas/24-008749-003/2024(H5N1)	752	627
PB2|PP755596.1|A/cattle/Texas/24-008749-003/2024(H5N1)	753	628
PB2|PP755596.1|A/cattle/Texas/24-008749-003/2024(H5N1)	754	624
PB2|PP755596.1|A/cattle/Texas/24-008749-003/2024(H5N1)	755	624
PB2|PP755596.1|A/cattle/Texas/24-008749-003/2024(H5N1)	756	630
PB2|PP755596.1|A/cattle/Texas/24-008749-003/2024(H5N1)	757	628
PB2|PP755596.1|A/cattle/Texas/24-008749-003/2024(H5N1)	758	632
PB2|PP755596.1|A/cattle/Texas/24-008749-003/2024(H5N1)	759	628
PB2|PP755596.1|A/cattle/Texas/24-008749-003/2024(H5N1)	760	635
PB2|PP755596.1|A/cattle/Texas/24-008749-003/2024(H5N1)	761	641
PB2|PP755596.1|A/cattle/Texas/24-008749-003/2024(H5N1)	762	638
PB2|PP755596.1|A/cattle/Texas/24-008749-003/2024(H5N1)	763	641
PB2|PP755596.1|A/cattle/Texas/24-008749-003/2024(H5N1)	764	641
PB2|PP755596.1|A/cattle/Texas/24-008749-003/2024(H5N1)	765	633
PB2|PP755596.1|A/cattle/Texas/24-008749-003/2024(H5N1)	766	648
PB2|PP755596.1|A/cattle/Texas/24-008749-003/2024(H5N1)	767	647
PB2|PP755596.1|A/cattle/Texas/24-008749-003/2024(H5N1)	768	652
PB2|PP755596.1|A/cattle/Texas/24-008749-003/2024(H5N1)	769	645
PB2|PP755596.1|A/cattle/Texas/24-008749-003/2024(H5N1)	770	630
PB2|PP755596.1|A/cattle/Texas/24-008749-003/2024(H5N1)	771	632
PB2|PP755596.1|A/cattle/Texas/24-008749-003/2024(H5N1)	772	636
PB2|PP755596.1|A/cattle/Texas/24-008749-003/2024(H5N1)	773	638
PB2|PP755596.1|A/cattle/Texas/24-008749-003/2024(H5N1)	774	630
PB2|PP755596.1|A/cattle/Texas/24-008749-003/2024(H5N1)	775	629
PB2|PP755596.1|A/cattle/Texas/24-008749-003/2024(H5N1)	776	630
PB2|PP755596.1|A/cattle/Texas/24-008749-003/2024(H5N1)	777	629
PB2|PP755596.1|A/cattle/Texas/24-008749-003/2024(H5N1)	778	628
PB2|PP755596.1|A/cattle/Texas/24-008749-003/2024(H5N1)	779	630
PB2|PP755596.1|A/cattle/Texas/24-008749-003/2024(H5N1)	780	644
PB2|PP755596.1|A/cattle/Texas/24-008749-003/2024(H5N1)	781	623
PB2|PP755596.1|A/cattle/Texas/24-008749-003/2024(H5N1)	782	618
PB2|PP755596.1|A/cattle/Texas/24-008749-003/2024(H5N1)	783	609
PB2|PP755596.1|A/cattle/Texas/24-008749-003/2024(H5N1)	784	609
PB2|PP755596.1|A/cattle/Texas/24-008749-003/2024(H5N1)	785	608
PB2|PP755596.1|A/cattle/Texas/24-008749-003/2024(H5N1)	786	608
PB2|PP755596.1|A/cattle/Texas/24-008749-003/2024(H5N1)	787	615
PB2|PP755596.1|A/cattle/Texas/24-008749-003/2024(H5N1)	788	617
PB2|PP755596.1|A/cattle/Texas/24-008749-003/2024(H5N1)	789	619
PB2|PP755596.1|A/cattle/Texas/24-008749-003/2024(H5N1)	790	617
PB2|PP755596.1|A/cattle/Texas/24-008749-003/2024(H5N1)	791	625
PB2|PP755596.1|A/cattle/Texas/24-008749-003/2024(H5N1)	792	633
PB2|PP755596.1|A/cattle/Texas/24-008749-003/2024(H5N1)	793	633
PB2|PP755596.1|A/cattle/Texas/24-008749-003/2024(H5N1)	794	633
PB2|PP755596.1|A/cattle/Texas/24-008749-003/2024(H5N1)	795	636
PB2|PP755596.1|A/cattle/Texas/24-008749-003/2024(H5N1)	796	640
PB2|PP755596.1|A/cattle/Texas/24-008749-003/2024(H5N1)	797	640
PB2|PP755596.1|A/cattle/Texas/24-008749-003/2024(H5N1)	798	638
PB2|PP755596.1|A/cattle/Texas/24-008749-003/2024(H5N1)	799	639
PB2|PP755596.1|A/cattle/Texas/24-008749-003/2024(H5N1)	800	628
PB2|PP755596.1|A/cattle/Texas/24-008749-003/2024(H5N1)	801	627
PB2|PP755596.1|A/cattle/Texas/24-008749-003/2024(H5N1)	802	625
PB2|PP755596.1|A/cattle/Texas/24-008749-003/2024(H5N1)	803	630
PB2|PP755596.1|A/cattle/Texas/24-008749-003/2024(H5N1)	804	634
PB2|PP755596.1|A/cattle/Texas/24-008749-003/2024(H5N1)	805	616
PB2|PP755596.1|A/cattle/Texas/24-008749-003/2024(H5N1)	806	622
PB2|PP755596.1|A/cattle/Texas/24-008749-003/2024(H5N1)	807	618
PB2|PP755596.1|A/cattle/Texas/24-008749-003/2024(H5N1)	808	621
PB2|PP755596.1|A/cattle/Texas/24-008749-003/2024(H5N1)	809	622
PB2|PP755596.1|A/cattle/Texas/24-008749-003/2024(H5N1)	810	621
PB2|PP755596.1|A/cattle/Texas/24-008749-003/2024(H5N1)	811	622
PB2|PP755596.1|A/cattle/Texas/24-008749-003/2024(H5N1)	812	623
PB2|PP755596.1|A/cattle/Texas/24-008749-003/2024(H5N1)	813	622
PB2|PP755596.1|A/cattle/Texas/24-008749-003/2024(H5N1)	814	641
PB2|PP755596.1|A/cattle/Texas/24-008749-003/2024(H5N1)	815	640
PB2|PP755596.1|A/cattle/Texas/24-008749-003/2024(H5N1)	816	640
PB2|PP755596.1|A/cattle/Texas/24-008749-003/2024(H5N1)	817	640
PB2|PP755596.1|A/cattle/Texas/24-008749-003/2024(H5N1)	818	643
PB2|PP755596.1|A/cattle/Texas/24-008749-003/2024(H5N1)	819	643
PB2|PP755596.1|A/cattle/Texas/24-008749-003/2024(H5N1)	820	646
PB2|PP755596.1|A/cattle/Texas/24-008749-003/2024(H5N1)	821	646
PB2|PP755596.1|A/cattle/Texas/24-008749-003/2024(H5N1)	822	637
PB2|PP755596.1|A/cattle/Texas/24-008749-003/2024(H5N1)	823	635
PB2|PP755596.1|A/cattle/Texas/24-008749-003/2024(H5N1)	824	653
PB2|PP755596.1|A/cattle/Texas/24-008749-003/2024(H5N1)	825	652
PB2|PP755596.1|A/cattle/Texas/24-008749-003/2024(H5N1)	826	653
PB2|PP755596.1|A/cattle/Texas/24-008749-003/2024(H5N1)	827	652
PB2|PP755596.1|A/cattle/Texas/24-008749-003/2024(H5N1)	828	651
PB2|PP755596.1|A/cattle/Texas/24-008749-003/2024(H5N1)	829	649
PB2|PP755596.1|A/cattle/Texas/24-008749-003/2024(H5N1)	830	647
PB2|PP755596.1|A/cattle/Texas/24-008749-003/2024(H5N1)	831	647
PB2|PP755596.1|A/cattle/Texas/24-008749-003/2024(H5N1)	832	646
PB2|PP755596.1|A/cattle/Texas/24-008749-003/2024(H5N1)	833	643
PB2|PP755596.1|A/cattle/Texas/24-008749-003/2024(H5N1)	834	656
PB2|PP755596.1|A/cattle/Texas/24-008749-003/2024(H5N1)	835	650
PB2|PP755596.1|A/cattle/Texas/24-008749-003/2024(H5N1)	836	659
PB2|PP755596.1|A/cattle/Texas/24-008749-003/2024(H5N1)	837	659
PB2|PP755596.1|A/cattle/Texas/24-008749-003/2024(H5N1)	838	689
PB2|PP755596.1|A/cattle/Texas/24-008749-003/2024(H5N1)	839	691
PB2|PP755596.1|A/cattle/Texas/24-008749-003/2024(H5N1)	840	694
PB2|PP755596.1|A/cattle/Texas/24-008749-003/2024(H5N1)	841	696
PB2|PP755596.1|A/cattle/Texas/24-008749-003/2024(H5N1)	842	694
PB2|PP755596.1|A/cattle/Texas/24-008749-003/2024(H5N1)	843	697
PB2|PP755596.1|A/cattle/Texas/24-008749-003/2024(H5N1)	844	699
PB2|PP755596.1|A/cattle/Texas/24-008749-003/2024(H5N1)	845	704
PB2|PP755596.1|A/cattle/Texas/24-008749-003/2024(H5N1)	846	705
PB2|PP755596.1|A/cattle/Texas/24-008749-003/2024(H5N1)	847	695
PB2|PP755596.1|A/cattle/Texas/24-008749-003/2024(H5N1)	848	689
PB2|PP755596.1|A/cattle/Texas/24-008749-003/2024(H5N1)	849	690
PB2|PP755596.1|A/cattle/Texas/24-008749-003/2024(H5N1)	850	693
PB2|PP755596.1|A/cattle/Texas/24-008749-003/2024(H5N1)	851	690
PB2|PP755596.1|A/cattle/Texas/24-008749-003/2024(H5N1)	852	692
PB2|PP755596.1|A/cattle/Texas/24-008749-003/2024(H5N1)	853	698
PB2|PP755596.1|A/cattle/Texas/24-008749-003/2024(H5N1)	854	698
PB2|PP755596.1|A/cattle/Texas/24-008749-003/2024(H5N1)	855	697
PB2|PP755596.1|A/cattle/Texas/24-008749-003/2024(H5N1)	856	695
PB2|PP755596.1|A/cattle/Texas/24-008749-003/2024(H5N1)	857	704
PB2|PP755596.1|A/cattle/Texas/24-008749-003/2024(H5N1)	858	699
PB2|PP755596.1|A/cattle/Texas/24-008749-003/2024(H5N1)	859	701
PB2|PP755596.1|A/cattle/Texas/24-008749-003/2024(H5N1)	860	706
PB2|PP755596.1|A/cattle/Texas/24-008749-003/2024(H5N1)	861	709
PB2|PP755596.1|A/cattle/Texas/24-008749-003/2024(H5N1)	862	711
PB2|PP755596.1|A/cattle/Texas/24-008749-003/2024(H5N1)	863	711
PB2|PP755596.1|A/cattle/Texas/24-008749-003/2024(H5N1)	864	710
PB2|PP755596.1|A/cattle/Texas/24-008749-003/2024(H5N1)	865	710
PB2|PP755596.1|A/cattle/Texas/24-008749-003/2024(H5N1)	866	707
PB2|PP755596.1|A/cattle/Texas/24-008749-003/2024(H5N1)	867	704
PB2|PP755596.1|A/cattle/Texas/24-008749-003/2024(H5N1)	868	703
PB2|PP755596.1|A/cattle/Texas/24-008749-003/2024(H5N1)	869	701
PB2|PP755596.1|A/cattle/Texas/24-008749-003/2024(H5N1)	870	699
PB2|PP755596.1|A/cattle/Texas/24-008749-003/2024(H5N1)	871	700
PB2|PP755596.1|A/cattle/Texas/24-008749-003/2024(H5N1)	872	711
PB2|PP755596.1|A/cattle/Texas/24-008749-003/2024(H5N1)	873	706
PB2|PP755596.1|A/cattle/Texas/24-008749-003/2024(H5N1)	874	706
PB2|PP755596.1|A/cattle/Texas/24-008749-003/2024(H5N1)	875	712
PB2|PP755596.1|A/cattle/Texas/24-008749-003/2024(H5N1)	876	711
PB2|PP755596.1|A/cattle/Texas/24-008749-003/2024(H5N1)	877	711
PB2|PP755596.1|A/cattle/Texas/24-008749-003/2024(H5N1)	878	718
PB2|PP755596.1|A/cattle/Texas/24-008749-003/2024(H5N1)	879	714
PB2|PP755596.1|A/cattle/Texas/24-008749-003/2024(H5N1)	880	723
PB2|PP755596.1|A/cattle/Texas/24-008749-003/2024(H5N1)	881	713
PB2|PP755596.1|A/cattle/Texas/24-008749-003/2024(H5N1)	882	714
PB2|PP755596.1|A/cattle/Texas/24-008749-003/2024(H5N1)	883	723
PB2|PP755596.1|A/cattle/Texas/24-008749-003/2024(H5N1)	884	721
PB2|PP755596.1|A/cattle/Texas/24-008749-003/2024(H5N1)	885	723
PB2|PP755596.1|A/cattle/Texas/24-008749-003/2024(H5N1)	886	723
PB2|PP755596.1|A/cattle/Texas/24-008749-003/2024(H5N1)	887	717
PB2|PP755596.1|A/cattle/Texas/24-008749-003/2024(H5N1)	888	717
PB2|PP755596.1|A/cattle/Texas/24-008749-003/2024(H5N1)	889	716
PB2|PP755596.1|A/cattle/Texas/24-008749-003/2024(H5N1)	890	719
PB2|PP755596.1|A/cattle/Texas/24-008749-003/2024(H5N1)	891	726
PB2|PP755596.1|A/cattle/Texas/24-008749-003/2024(H5N1)	892	717
PB2|PP755596.1|A/cattle/Texas/24-008749-003/2024(H5N1)	893	711
PB2|PP755596.1|A/cattle/Texas/24-008749-003/2024(H5N1)	894	712
PB2|PP755596.1|A/cattle/Texas/24-008749-003/2024(H5N1)	895	712
PB2|PP755596.1|A/cattle/Texas/24-008749-003/2024(H5N1)	896	713
PB2|PP755596.1|A/cattle/Texas/24-008749-003/2024(H5N1)	897	715
PB2|PP755596.1|A/cattle/Texas/24-008749-003/2024(H5N1)	898	717
PB2|PP755596.1|A/cattle/Texas/24-008749-003/2024(H5N1)	899	716
PB2|PP755596.1|A/cattle/Texas/24-008749-003/2024(H5N1)	900	716
PB2|PP755596.1|A/cattle/Texas/24-008749-003/2024(H5N1)	901	716
PB2|PP755596.1|A/cattle/Texas/24-008749-003/2024(H5N1)	902	728
PB2|PP755596.1|A/cattle/Texas/24-008749-003/2024(H5N1)	903	729
PB2|PP755596.1|A/cattle/Texas/24-008749-003/2024(H5N1)	904	729
PB2|PP755596.1|A/cattle/Texas/24-008749-003/2024(H5N1)	905	728
PB2|PP755596.1|A/cattle/Texas/24-008749-003/2024(H5N1)	906	737
PB2|PP755596.1|A/cattle/Texas/24-008749-003/2024(H5N1)	907	738
PB2|PP755596.1|A/cattle/Texas/24-008749-003/2024(H5N1)	908	740
PB2|PP755596.1|A/cattle/Texas/24-008749-003/2024(H5N1)	909	737
PB2|PP755596.1|A/cattle/Texas/24-008749-003/2024(H5N1)	910	740
PB2|PP755596.1|A/cattle/Texas/24-008749-003/2024(H5N1)	911	742
PB2|PP755596.1|A/cattle/Texas/24-008749-003/2024(H5N1)	912	750
PB2|PP755596.1|A/cattle/Texas/24-008749-003/2024(H5N1)	913	755
PB2|PP755596.1|A/cattle/Texas/24-008749-003/2024(H5N1)	914	755
PB2|PP755596.1|A/cattle/Texas/24-008749-003/2024(H5N1)	915	754
PB2|PP755596.1|A/cattle/Texas/24-008749-003/2024(H5N1)	916	755
PB2|PP755596.1|A/cattle/Texas/24-008749-003/2024(H5N1)	917	752
PB2|PP755596.1|A/cattle/Texas/24-008749-003/2024(H5N1)	918	751
PB2|PP755596.1|A/cattle/Texas/24-008749-003/2024(H5N1)	919	754
PB2|PP755596.1|A/cattle/Texas/24-008749-003/2024(H5N1)	920	752
PB2|PP755596.1|A/cattle/Texas/24-008749-003/2024(H5N1)	921	748
PB2|PP755596.1|A/cattle/Texas/24-008749-003/2024(H5N1)	922	746
PB2|PP755596.1|A/cattle/Texas/24-008749-003/2024(H5N1)	923	746
PB2|PP755596.1|A/cattle/Texas/24-008749-003/2024(H5N1)	924	752
PB2|PP755596.1|A/cattle/Texas/24-008749-003/2024(H5N1)	925	779
PB2|PP755596.1|A/cattle/Texas/24-008749-003/2024(H5N1)	926	782
PB2|PP755596.1|A/cattle/Texas/24-008749-003/2024(H5N1)	927	781
PB2|PP755596.1|A/cattle/Texas/24-008749-003/2024(H5N1)	928	773
PB2|PP755596.1|A/cattle/Texas/24-008749-003/2024(H5N1)	929	774
PB2|PP755596.1|A/cattle/Texas/24-008749-003/2024(H5N1)	930	776
PB2|PP755596.1|A/cattle/Texas/24-008749-003/2024(H5N1)	931	773
PB2|PP755596.1|A/cattle/Texas/24-008749-003/2024(H5N1)	932	772
PB2|PP755596.1|A/cattle/Texas/24-008749-003/2024(H5N1)	933	764
PB2|PP755596.1|A/cattle/Texas/24-008749-003/2024(H5N1)	934	747
PB2|PP755596.1|A/cattle/Texas/24-008749-003/2024(H5N1)	935	748
PB2|PP755596.1|A/cattle/Texas/24-008749-003/2024(H5N1)	936	758
PB2|PP755596.1|A/cattle/Texas/24-008749-003/2024(H5N1)	937	766
PB2|PP755596.1|A/cattle/Texas/24-008749-003/2024(H5N1)	938	764
PB2|PP755596.1|A/cattle/Texas/24-008749-003/2024(H5N1)	939	753
PB2|PP755596.1|A/cattle/Texas/24-008749-003/2024(H5N1)	940	763
PB2|PP755596.1|A/cattle/Texas/24-008749-003/2024(H5N1)	941	760
PB2|PP755596.1|A/cattle/Texas/24-008749-003/2024(H5N1)	942	761
PB2|PP755596.1|A/cattle/Texas/24-008749-003/2024(H5N1)	943	770
PB2|PP755596.1|A/cattle/Texas/24-008749-003/2024(H5N1)	944	768
PB2|PP755596.1|A/cattle/Texas/24-008749-003/2024(H5N1)	945	777
PB2|PP755596.1|A/cattle/Texas/24-008749-003/2024(H5N1)	946	778
PB2|PP755596.1|A/cattle/Texas/24-008749-003/2024(H5N1)	947	776
PB2|PP755596.1|A/cattle/Texas/24-008749-003/2024(H5N1)	948	780
PB2|PP755596.1|A/cattle/Texas/24-008749-003/2024(H5N1)	949	779
PB2|PP755596.1|A/cattle/Texas/24-008749-003/2024(H5N1)	950	777
PB2|PP755596.1|A/cattle/Texas/24-008749-003/2024(H5N1)	951	777
PB2|PP755596.1|A/cattle/Texas/24-008749-003/2024(H5N1)	952	778
PB2|PP755596.1|A/cattle/Texas/24-008749-003/2024(H5N1)	953	788
PB2|PP755596.1|A/cattle/Texas/24-008749-003/2024(H5N1)	954	783
PB2|PP755596.1|A/cattle/Texas/24-008749-003/2024(H5N1)	955	779
PB2|PP755596.1|A/cattle/Texas/24-008749-003/2024(H5N1)	956	780
PB2|PP755596.1|A/cattle/Texas/24-008749-003/2024(H5N1)	957	779
PB2|PP755596.1|A/cattle/Texas/24-008749-003/2024(H5N1)	958	779
PB2|PP755596.1|A/cattle/Texas/24-008749-003/2024(H5N1)	959	779
PB2|PP755596.1|A/cattle/Texas/24-008749-003/2024(H5N1)	960	781
PB2|PP755596.1|A/cattle/Texas/24-008749-003/2024(H5N1)	961	778
PB2|PP755596.1|A/cattle/Texas/24-008749-003/2024(H5N1)	962	776
PB2|PP755596.1|A/cattle/Texas/24-008749-003/2024(H5N1)	963	777
PB2|PP755596.1|A/cattle/Texas/24-008749-003/2024(H5N1)	964	788
PB2|PP755596.1|A/cattle/Texas/24-008749-003/2024(H5N1)	965	786
PB2|PP755596.1|A/cattle/Texas/24-008749-003/2024(H5N1)	966	791
PB2|PP755596.1|A/cattle/Texas/24-008749-003/2024(H5N1)	967	792
PB2|PP755596.1|A/cattle/Texas/24-008749-003/2024(H5N1)	968	790
PB2|PP755596.1|A/cattle/Texas/24-008749-003/2024(H5N1)	969	788
PB2|PP755596.1|A/cattle/Texas/24-008749-003/2024(H5N1)	970	788
PB2|PP755596.1|A/cattle/Texas/24-008749-003/2024(H5N1)	971	793
PB2|PP755596.1|A/cattle/Texas/24-008749-003/2024(H5N1)	972	805
PB2|PP755596.1|A/cattle/Texas/24-008749-003/2024(H5N1)	973	801
PB2|PP755596.1|A/cattle/Texas/24-008749-003/2024(H5N1)	974	823
PB2|PP755596.1|A/cattle/Texas/24-008749-003/2024(H5N1)	975	821
PB2|PP755596.1|A/cattle/Texas/24-008749-003/2024(H5N1)	976	824
PB2|PP755596.1|A/cattle/Texas/24-008749-003/2024(H5N1)	977	817
PB2|PP755596.1|A/cattle/Texas/24-008749-003/2024(H5N1)	978	818
PB2|PP755596.1|A/cattle/Texas/24-008749-003/2024(H5N1)	979	819
PB2|PP755596.1|A/cattle/Texas/24-008749-003/2024(H5N1)	980	816
PB2|PP755596.1|A/cattle/Texas/24-008749-003/2024(H5N1)	981	817
PB2|PP755596.1|A/cattle/Texas/24-008749-003/2024(H5N1)	982	825
PB2|PP755596.1|A/cattle/Texas/24-008749-003/2024(H5N1)	983	826
PB2|PP755596.1|A/cattle/Texas/24-008749-003/2024(H5N1)	984	826
PB2|PP755596.1|A/cattle/Texas/24-008749-003/2024(H5N1)	985	822
PB2|PP755596.1|A/cattle/Texas/24-008749-003/2024(H5N1)	986	832
PB2|PP755596.1|A/cattle/Texas/24-008749-003/2024(H5N1)	987	831
PB2|PP755596.1|A/cattle/Texas/24-008749-003/2024(H5N1)	988	849
PB2|PP755596.1|A/cattle/Texas/24-008749-003/2024(H5N1)	989	849
PB2|PP755596.1|A/cattle/Texas/24-008749-003/2024(H5N1)	990	851
PB2|PP755596.1|A/cattle/Texas/24-008749-003/2024(H5N1)	991	849
PB2|PP755596.1|A/cattle/Texas/24-008749-003/2024(H5N1)	992	849
PB2|PP755596.1|A/cattle/Texas/24-008749-003/2024(H5N1)	993	850
PB2|PP755596.1|A/cattle/Texas/24-008749-003/2024(H5N1)	994	848
PB2|PP755596.1|A/cattle/Texas/24-008749-003/2024(H5N1)	995	854
PB2|PP755596.1|A/cattle/Texas/24-008749-003/2024(H5N1)	996	849
PB2|PP755596.1|A/cattle/Texas/24-008749-003/2024(H5N1)	997	876
PB2|PP755596.1|A/cattle/Texas/24-008749-003/2024(H5N1)	998	877
PB2|PP755596.1|A/cattle/Texas/24-008749-003/2024(H5N1)	999	876
PB2|PP755596.1|A/cattle/Texas/24-008749-003/2024(H5N1)	1000	878
PB2|PP755596.1|A/cattle/Texas/24-008749-003/2024(H5N1)	1001	883
PB2|PP755596.1|A/cattle/Texas/24-008749-003/2024(H5N1)	1002	883
PB2|PP755596.1|A/cattle/Texas/24-008749-003/2024(H5N1)	1003	883
PB2|PP755596.1|A/cattle/Texas/24-008749-003/2024(H5N1)	1004	883
PB2|PP755596.1|A/cattle/Texas/24-008749-003/2024(H5N1)	1005	882
PB2|PP755596.1|A/cattle/Texas/24-008749-003/2024(H5N1)	1006	883
PB2|PP755596.1|A/cattle/Texas/24-008749-003/2024(H5N1)	1007	876
PB2|PP755596.1|A/cattle/Texas/24-008749-003/2024(H5N1)	1008	876
PB2|PP755596.1|A/cattle/Texas/24-008749-003/2024(H5N1)	1009	880
PB2|PP755596.1|A/cattle/Texas/24-008749-003/2024(H5N1)	1010	871
PB2|PP755596.1|A/cattle/Texas/24-008749-003/2024(H5N1)	1011	871
PB2|PP755596.1|A/cattle/Texas/24-008749-003/2024(H5N1)	1012	870
PB2|PP755596.1|A/cattle/Texas/24-008749-003/2024(H5N1)	1013	874
PB2|PP755596.1|A/cattle/Texas/24-008749-003/2024(H5N1)	1014	872
PB2|PP755596.1|A/cattle/Texas/24-008749-003/2024(H5N1)	1015	872
PB2|PP755596.1|A/cattle/Texas/24-008749-003/2024(H5N1)	1016	869
PB2|PP755596.1|A/cattle/Texas/24-008749-003/2024(H5N1)	1017	859
PB2|PP755596.1|A/cattle/Texas/24-008749-003/2024(H5N1)	1018	857
PB2|PP755596.1|A/cattle/Texas/24-008749-003/2024(H5N1)	1019	837
PB2|PP755596.1|A/cattle/Texas/24-008749-003/2024(H5N1)	1020	842
PB2|PP755596.1|A/cattle/Texas/24-008749-003/2024(H5N1)	1021	859
PB2|PP755596.1|A/cattle/Texas/24-008749-003/2024(H5N1)	1022	867
PB2|PP755596.1|A/cattle/Texas/24-008749-003/2024(H5N1)	1023	869
PB2|PP755596.1|A/cattle/Texas/24-008749-003/2024(H5N1)	1024	874
PB2|PP755596.1|A/cattle/Texas/24-008749-003/2024(H5N1)	1025	874
PB2|PP755596.1|A/cattle/Texas/24-008749-003/2024(H5N1)	1026	874
PB2|PP755596.1|A/cattle/Texas/24-008749-003/2024(H5N1)	1027	873
PB2|PP755596.1|A/cattle/Texas/24-008749-003/2024(H5N1)	1028	870
PB2|PP755596.1|A/cattle/Texas/24-008749-003/2024(H5N1)	1029	870
PB2|PP755596.1|A/cattle/Texas/24-008749-003/2024(H5N1)	1030	874
PB2|PP755596.1|A/cattle/Texas/24-008749-003/2024(H5N1)	1031	876
PB2|PP755596.1|A/cattle/Texas/24-008749-003/2024(H5N1)	1032	884
PB2|PP755596.1|A/cattle/Texas/24-008749-003/2024(H5N1)	1033	886
PB2|PP755596.1|A/cattle/Texas/24-008749-003/2024(H5N1)	1034	885
PB2|PP755596.1|A/cattle/Texas/24-008749-003/2024(H5N1)	1035	879
PB2|PP755596.1|A/cattle/Texas/24-008749-003/2024(H5N1)	1036	878
PB2|PP755596.1|A/cattle/Texas/24-008749-003/2024(H5N1)	1037	875
PB2|PP755596.1|A/cattle/Texas/24-008749-003/2024(H5N1)	1038	870
PB2|PP755596.1|A/cattle/Texas/24-008749-003/2024(H5N1)	1039	876
PB2|PP755596.1|A/cattle/Texas/24-008749-003/2024(H5N1)	1040	886
PB2|PP755596.1|A/cattle/Texas/24-008749-003/2024(H5N1)	1041	879
PB2|PP755596.1|A/cattle/Texas/24-008749-003/2024(H5N1)	1042	880
PB2|PP755596.1|A/cattle/Texas/24-008749-003/2024(H5N1)	1043	878
PB2|PP755596.1|A/cattle/Texas/24-008749-003/2024(H5N1)	1044	899
PB2|PP755596.1|A/cattle/Texas/24-008749-003/2024(H5N1)	1045	887
PB2|PP755596.1|A/cattle/Texas/24-008749-003/2024(H5N1)	1046	886
PB2|PP755596.1|A/cattle/Texas/24-008749-003/2024(H5N1)	1047	890
PB2|PP755596.1|A/cattle/Texas/24-008749-003/2024(H5N1)	1048	886
PB2|PP755596.1|A/cattle/Texas/24-008749-003/2024(H5N1)	1049	889
PB2|PP755596.1|A/cattle/Texas/24-008749-003/2024(H5N1)	1050	891
PB2|PP755596.1|A/cattle/Texas/24-008749-003/2024(H5N1)	1051	893
PB2|PP755596.1|A/cattle/Texas/24-008749-003/2024(H5N1)	1052	903
PB2|PP755596.1|A/cattle/Texas/24-008749-003/2024(H5N1)	1053	890
PB2|PP755596.1|A/cattle/Texas/24-008749-003/2024(H5N1)	1054	891
PB2|PP755596.1|A/cattle/Texas/24-008749-003/2024(H5N1)	1055	893
PB2|PP755596.1|A/cattle/Texas/24-008749-003/2024(H5N1)	1056	898
PB2|PP755596.1|A/cattle/Texas/24-008749-003/2024(H5N1)	1057	896
PB2|PP755596.1|A/cattle/Texas/24-008749-003/2024(H5N1)	1058	910
PB2|PP755596.1|A/cattle/Texas/24-008749-003/2024(H5N1)	1059	912
PB2|PP755596.1|A/cattle/Texas/24-008749-003/2024(H5N1)	1060	913
PB2|PP755596.1|A/cattle/Texas/24-008749-003/2024(H5N1)	1061	922
PB2|PP755596.1|A/cattle/Texas/24-008749-003/2024(H5N1)	1062	917
PB2|PP755596.1|A/cattle/Texas/24-008749-003/2024(H5N1)	1063	911
PB2|PP755596.1|A/cattle/Texas/24-008749-003/2024(H5N1)	1064	922
PB2|PP755596.1|A/cattle/Texas/24-008749-003/2024(H5N1)	1065	901
PB2|PP755596.1|A/cattle/Texas/24-008749-003/2024(H5N1)	1066	913
PB2|PP755596.1|A/cattle/Texas/24-008749-003/2024(H5N1)	1067	912
PB2|PP755596.1|A/cattle/Texas/24-008749-003/2024(H5N1)	1068	920
PB2|PP755596.1|A/cattle/Texas/24-008749-003/2024(H5N1)	1069	930
PB2|PP755596.1|A/cattle/Texas/24-008749-003/2024(H5N1)	1070	934
PB2|PP755596.1|A/cattle/Texas/24-008749-003/2024(H5N1)	1071	932
PB2|PP755596.1|A/cattle/Texas/24-008749-003/2024(H5N1)	1072	933
PB2|PP755596.1|A/cattle/Texas/24-008749-003/2024(H5N1)	1073	917
PB2|PP755596.1|A/cattle/Texas/24-008749-003/2024(H5N1)	1074	917
PB2|PP755596.1|A/cattle/Texas/24-008749-003/2024(H5N1)	1075	908
PB2|PP755596.1|A/cattle/Texas/24-008749-003/2024(H5N1)	1076	929
PB2|PP755596.1|A/cattle/Texas/24-008749-003/2024(H5N1)	1077	929
PB2|PP755596.1|A/cattle/Texas/24-008749-003/2024(H5N1)	1078	911
PB2|PP755596.1|A/cattle/Texas/24-008749-003/2024(H5N1)	1079	912
PB2|PP755596.1|A/cattle/Texas/24-008749-003/2024(H5N1)	1080	917
PB2|PP755596.1|A/cattle/Texas/24-008749-003/2024(H5N1)	1081	917
PB2|PP755596.1|A/cattle/Texas/24-008749-003/2024(H5N1)	1082	917
PB2|PP755596.1|A/cattle/Texas/24-008749-003/2024(H5N1)	1083	913
PB2|PP755596.1|A/cattle/Texas/24-008749-003/2024(H5N1)	1084	914
PB2|PP755596.1|A/cattle/Texas/24-008749-003/2024(H5N1)	1085	887
PB2|PP755596.1|A/cattle/Texas/24-008749-003/2024(H5N1)	1086	891
PB2|PP755596.1|A/cattle/Texas/24-008749-003/2024(H5N1)	1087	874
PB2|PP755596.1|A/cattle/Texas/24-008749-003/2024(H5N1)	1088	880
PB2|PP755596.1|A/cattle/Texas/24-008749-003/2024(H5N1)	1089	857
PB2|PP755596.1|A/cattle/Texas/24-008749-003/2024(H5N1)	1090	856
PB2|PP755596.1|A/cattle/Texas/24-008749-003/2024(H5N1)	1091	855
PB2|PP755596.1|A/cattle/Texas/24-008749-003/2024(H5N1)	1092	854
PB2|PP755596.1|A/cattle/Texas/24-008749-003/2024(H5N1)	1093	856
PB2|PP755596.1|A/cattle/Texas/24-008749-003/2024(H5N1)	1094	858
PB2|PP755596.1|A/cattle/Texas/24-008749-003/2024(H5N1)	1095	862
PB2|PP755596.1|A/cattle/Texas/24-008749-003/2024(H5N1)	1096	864
PB2|PP755596.1|A/cattle/Texas/24-008749-003/2024(H5N1)	1097	861
PB2|PP755596.1|A/cattle/Texas/24-008749-003/2024(H5N1)	1098	852
PB2|PP755596.1|A/cattle/Texas/24-008749-003/2024(H5N1)	1099	852
PB2|PP755596.1|A/cattle/Texas/24-008749-003/2024(H5N1)	1100	841
PB2|PP755596.1|A/cattle/Texas/24-008749-003/2024(H5N1)	1101	842
PB2|PP755596.1|A/cattle/Texas/24-008749-003/2024(H5N1)	1102	841
PB2|PP755596.1|A/cattle/Texas/24-008749-003/2024(H5N1)	1103	844
PB2|PP755596.1|A/cattle/Texas/24-008749-003/2024(H5N1)	1104	845
PB2|PP755596.1|A/cattle/Texas/24-008749-003/2024(H5N1)	1105	836
PB2|PP755596.1|A/cattle/Texas/24-008749-003/2024(H5N1)	1106	840
PB2|PP755596.1|A/cattle/Texas/24-008749-003/2024(H5N1)	1107	839
PB2|PP755596.1|A/cattle/Texas/24-008749-003/2024(H5N1)	1108	834
PB2|PP755596.1|A/cattle/Texas/24-008749-003/2024(H5N1)	1109	840
PB2|PP755596.1|A/cattle/Texas/24-008749-003/2024(H5N1)	1110	838
PB2|PP755596.1|A/cattle/Texas/24-008749-003/2024(H5N1)	1111	835
PB2|PP755596.1|A/cattle/Texas/24-008749-003/2024(H5N1)	1112	832
PB2|PP755596.1|A/cattle/Texas/24-008749-003/2024(H5N1)	1113	831
PB2|PP755596.1|A/cattle/Texas/24-008749-003/2024(H5N1)	1114	831
PB2|PP755596.1|A/cattle/Texas/24-008749-003/2024(H5N1)	1115	838
PB2|PP755596.1|A/cattle/Texas/24-008749-003/2024(H5N1)	1116	838
PB2|PP755596.1|A/cattle/Texas/24-008749-003/2024(H5N1)	1117	851
PB2|PP755596.1|A/cattle/Texas/24-008749-003/2024(H5N1)	1118	852
PB2|PP755596.1|A/cattle/Texas/24-008749-003/2024(H5N1)	1119	856
PB2|PP755596.1|A/cattle/Texas/24-008749-003/2024(H5N1)	1120	851
PB2|PP755596.1|A/cattle/Texas/24-008749-003/2024(H5N1)	1121	846
PB2|PP755596.1|A/cattle/Texas/24-008749-003/2024(H5N1)	1122	849
PB2|PP755596.1|A/cattle/Texas/24-008749-003/2024(H5N1)	1123	847
PB2|PP755596.1|A/cattle/Texas/24-008749-003/2024(H5N1)	1124	850
PB2|PP755596.1|A/cattle/Texas/24-008749-003/2024(H5N1)	1125	852
PB2|PP755596.1|A/cattle/Texas/24-008749-003/2024(H5N1)	1126	853
PB2|PP755596.1|A/cattle/Texas/24-008749-003/2024(H5N1)	1127	853
PB2|PP755596.1|A/cattle/Texas/24-008749-003/2024(H5N1)	1128	851
PB2|PP755596.1|A/cattle/Texas/24-008749-003/2024(H5N1)	1129	851
PB2|PP755596.1|A/cattle/Texas/24-008749-003/2024(H5N1)	1130	855
PB2|PP755596.1|A/cattle/Texas/24-008749-003/2024(H5N1)	1131	851
PB2|PP755596.1|A/cattle/Texas/24-008749-003/2024(H5N1)	1132	856
PB2|PP755596.1|A/cattle/Texas/24-008749-003/2024(H5N1)	1133	852
PB2|PP755596.1|A/cattle/Texas/24-008749-003/2024(H5N1)	1134	851
PB2|PP755596.1|A/cattle/Texas/24-008749-003/2024(H5N1)	1135	851
PB2|PP755596.1|A/cattle/Texas/24-008749-003/2024(H5N1)	1136	848
PB2|PP755596.1|A/cattle/Texas/24-008749-003/2024(H5N1)	1137	849
PB2|PP755596.1|A/cattle/Texas/24-008749-003/2024(H5N1)	1138	845
PB2|PP755596.1|A/cattle/Texas/24-008749-003/2024(H5N1)	1139	845
PB2|PP755596.1|A/cattle/Texas/24-008749-003/2024(H5N1)	1140	849
PB2|PP755596.1|A/cattle/Texas/24-008749-003/2024(H5N1)	1141	844
PB2|PP755596.1|A/cattle/Texas/24-008749-003/2024(H5N1)	1142	818
PB2|PP755596.1|A/cattle/Texas/24-008749-003/2024(H5N1)	1143	818
PB2|PP755596.1|A/cattle/Texas/24-008749-003/2024(H5N1)	1144	827
PB2|PP755596.1|A/cattle/Texas/24-008749-003/2024(H5N1)	1145	826
PB2|PP755596.1|A/cattle/Texas/24-008749-003/2024(H5N1)	1146	825
PB2|PP755596.1|A/cattle/Texas/24-008749-003/2024(H5N1)	1147	823
PB2|PP755596.1|A/cattle/Texas/24-008749-003/2024(H5N1)	1148	848
PB2|PP755596.1|A/cattle/Texas/24-008749-003/2024(H5N1)	1149	858
PB2|PP755596.1|A/cattle/Texas/24-008749-003/2024(H5N1)	1150	862
PB2|PP755596.1|A/cattle/Texas/24-008749-003/2024(H5N1)	1151	862
PB2|PP755596.1|A/cattle/Texas/24-008749-003/2024(H5N1)	1152	872
PB2|PP755596.1|A/cattle/Texas/24-008749-003/2024(H5N1)	1153	864
PB2|PP755596.1|A/cattle/Texas/24-008749-003/2024(H5N1)	1154	868
PB2|PP755596.1|A/cattle/Texas/24-008749-003/2024(H5N1)	1155	868
PB2|PP755596.1|A/cattle/Texas/24-008749-003/2024(H5N1)	1156	874
PB2|PP755596.1|A/cattle/Texas/24-008749-003/2024(H5N1)	1157	852
PB2|PP755596.1|A/cattle/Texas/24-008749-003/2024(H5N1)	1158	851
PB2|PP755596.1|A/cattle/Texas/24-008749-003/2024(H5N1)	1159	848
PB2|PP755596.1|A/cattle/Texas/24-008749-003/2024(H5N1)	1160	853
PB2|PP755596.1|A/cattle/Texas/24-008749-003/2024(H5N1)	1161	849
PB2|PP755596.1|A/cattle/Texas/24-008749-003/2024(H5N1)	1162	846
PB2|PP755596.1|A/cattle/Texas/24-008749-003/2024(H5N1)	1163	840
PB2|PP755596.1|A/cattle/Texas/24-008749-003/2024(H5N1)	1164	820
PB2|PP755596.1|A/cattle/Texas/24-008749-003/2024(H5N1)	1165	816
PB2|PP755596.1|A/cattle/Texas/24-008749-003/2024(H5N1)	1166	817
PB2|PP755596.1|A/cattle/Texas/24-008749-003/2024(H5N1)	1167	816
PB2|PP755596.1|A/cattle/Texas/24-008749-003/2024(H5N1)	1168	836
PB2|PP755596.1|A/cattle/Texas/24-008749-003/2024(H5N1)	1169	851
PB2|PP755596.1|A/cattle/Texas/24-008749-003/2024(H5N1)	1170	847
PB2|PP755596.1|A/cattle/Texas/24-008749-003/2024(H5N1)	1171	847
PB2|PP755596.1|A/cattle/Texas/24-008749-003/2024(H5N1)	1172	844
PB2|PP755596.1|A/cattle/Texas/24-008749-003/2024(H5N1)	1173	841
PB2|PP755596.1|A/cattle/Texas/24-008749-003/2024(H5N1)	1174	845
PB2|PP755596.1|A/cattle/Texas/24-008749-003/2024(H5N1)	1175	844
PB2|PP755596.1|A/cattle/Texas/24-008749-003/2024(H5N1)	1176	828
PB2|PP755596.1|A/cattle/Texas/24-008749-003/2024(H5N1)	1177	825
PB2|PP755596.1|A/cattle/Texas/24-008749-003/2024(H5N1)	1178	829
PB2|PP755596.1|A/cattle/Texas/24-008749-003/2024(H5N1)	1179	828
PB2|PP755596.1|A/cattle/Texas/24-008749-003/2024(H5N1)	1180	829
PB2|PP755596.1|A/cattle/Texas/24-008749-003/2024(H5N1)	1181	821
PB2|PP755596.1|A/cattle/Texas/24-008749-003/2024(H5N1)	1182	819
PB2|PP755596.1|A/cattle/Texas/24-008749-003/2024(H5N1)	1183	819
PB2|PP755596.1|A/cattle/Texas/24-008749-003/2024(H5N1)	1184	820
PB2|PP755596.1|A/cattle/Texas/24-008749-003/2024(H5N1)	1185	817
PB2|PP755596.1|A/cattle/Texas/24-008749-003/2024(H5N1)	1186	817
PB2|PP755596.1|A/cattle/Texas/24-008749-003/2024(H5N1)	1187	822
PB2|PP755596.1|A/cattle/Texas/24-008749-003/2024(H5N1)	1188	824
PB2|PP755596.1|A/cattle/Texas/24-008749-003/2024(H5N1)	1189	831
PB2|PP755596.1|A/cattle/Texas/24-008749-003/2024(H5N1)	1190	857
PB2|PP755596.1|A/cattle/Texas/24-008749-003/2024(H5N1)	1191	857
PB2|PP755596.1|A/cattle/Texas/24-008749-003/2024(H5N1)	1192	858
PB2|PP755596.1|A/cattle/Texas/24-008749-003/2024(H5N1)	1193	857
PB2|PP755596.1|A/cattle/Texas/24-008749-003/2024(H5N1)	1194	856
PB2|PP755596.1|A/cattle/Texas/24-008749-003/2024(H5N1)	1195	864
PB2|PP755596.1|A/cattle/Texas/24-008749-003/2024(H5N1)	1196	863
PB2|PP755596.1|A/cattle/Texas/24-008749-003/2024(H5N1)	1197	855
PB2|PP755596.1|A/cattle/Texas/24-008749-003/2024(H5N1)	1198	858
PB2|PP755596.1|A/cattle/Texas/24-008749-003/2024(H5N1)	1199	854
PB2|PP755596.1|A/cattle/Texas/24-008749-003/2024(H5N1)	1200	858
PB2|PP755596.1|A/cattle/Texas/24-008749-003/2024(H5N1)	1201	859
PB2|PP755596.1|A/cattle/Texas/24-008749-003/2024(H5N1)	1202	861
PB2|PP755596.1|A/cattle/Texas/24-008749-003/2024(H5N1)	1203	852
PB2|PP755596.1|A/cattle/Texas/24-008749-003/2024(H5N1)	1204	865
PB2|PP755596.1|A/cattle/Texas/24-008749-003/2024(H5N1)	1205	867
PB2|PP755596.1|A/cattle/Texas/24-008749-003/2024(H5N1)	1206	869
PB2|PP755596.1|A/cattle/Texas/24-008749-003/2024(H5N1)	1207	877
PB2|PP755596.1|A/cattle/Texas/24-008749-003/2024(H5N1)	1208	878
PB2|PP755596.1|A/cattle/Texas/24-008749-003/2024(H5N1)	1209	883
PB2|PP755596.1|A/cattle/Texas/24-008749-003/2024(H5N1)	1210	880
PB2|PP755596.1|A/cattle/Texas/24-008749-003/2024(H5N1)	1211	883
PB2|PP755596.1|A/cattle/Texas/24-008749-003/2024(H5N1)	1212	890
PB2|PP755596.1|A/cattle/Texas/24-008749-003/2024(H5N1)	1213	889
PB2|PP755596.1|A/cattle/Texas/24-008749-003/2024(H5N1)	1214	894
PB2|PP755596.1|A/cattle/Texas/24-008749-003/2024(H5N1)	1215	893
PB2|PP755596.1|A/cattle/Texas/24-008749-003/2024(H5N1)	1216	902
PB2|PP755596.1|A/cattle/Texas/24-008749-003/2024(H5N1)	1217	894
PB2|PP755596.1|A/cattle/Texas/24-008749-003/2024(H5N1)	1218	892
PB2|PP755596.1|A/cattle/Texas/24-008749-003/2024(H5N1)	1219	891
PB2|PP755596.1|A/cattle/Texas/24-008749-003/2024(H5N1)	1220	885
PB2|PP755596.1|A/cattle/Texas/24-008749-003/2024(H5N1)	1221	886
PB2|PP755596.1|A/cattle/Texas/24-008749-003/2024(H5N1)	1222	885
PB2|PP755596.1|A/cattle/Texas/24-008749-003/2024(H5N1)	1223	899
PB2|PP755596.1|A/cattle/Texas/24-008749-003/2024(H5N1)	1224	905
PB2|PP755596.1|A/cattle/Texas/24-008749-003/2024(H5N1)	1225	870
PB2|PP755596.1|A/cattle/Texas/24-008749-003/2024(H5N1)	1226	871
PB2|PP755596.1|A/cattle/Texas/24-008749-003/2024(H5N1)	1227	880
PB2|PP755596.1|A/cattle/Texas/24-008749-003/2024(H5N1)	1228	880
PB2|PP755596.1|A/cattle/Texas/24-008749-003/2024(H5N1)	1229	880
PB2|PP755596.1|A/cattle/Texas/24-008749-003/2024(H5N1)	1230	889
PB2|PP755596.1|A/cattle/Texas/24-008749-003/2024(H5N1)	1231	890
PB2|PP755596.1|A/cattle/Texas/24-008749-003/2024(H5N1)	1232	891
PB2|PP755596.1|A/cattle/Texas/24-008749-003/2024(H5N1)	1233	878
PB2|PP755596.1|A/cattle/Texas/24-008749-003/2024(H5N1)	1234	880
PB2|PP755596.1|A/cattle/Texas/24-008749-003/2024(H5N1)	1235	879
PB2|PP755596.1|A/cattle/Texas/24-008749-003/2024(H5N1)	1236	869
PB2|PP755596.1|A/cattle/Texas/24-008749-003/2024(H5N1)	1237	878
PB2|PP755596.1|A/cattle/Texas/24-008749-003/2024(H5N1)	1238	884
PB2|PP755596.1|A/cattle/Texas/24-008749-003/2024(H5N1)	1239	864
PB2|PP755596.1|A/cattle/Texas/24-008749-003/2024(H5N1)	1240	875
PB2|PP755596.1|A/cattle/Texas/24-008749-003/2024(H5N1)	1241	890
PB2|PP755596.1|A/cattle/Texas/24-008749-003/2024(H5N1)	1242	892
PB2|PP755596.1|A/cattle/Texas/24-008749-003/2024(H5N1)	1243	894
PB2|PP755596.1|A/cattle/Texas/24-008749-003/2024(H5N1)	1244	895
PB2|PP755596.1|A/cattle/Texas/24-008749-003/2024(H5N1)	1245	902
PB2|PP755596.1|A/cattle/Texas/24-008749-003/2024(H5N1)	1246	899
PB2|PP755596.1|A/cattle/Texas/24-008749-003/2024(H5N1)	1247	899
PB2|PP755596.1|A/cattle/Texas/24-008749-003/2024(H5N1)	1248	863
PB2|PP755596.1|A/cattle/Texas/24-008749-003/2024(H5N1)	1249	865
PB2|PP755596.1|A/cattle/Texas/24-008749-003/2024(H5N1)	1250	864
PB2|PP755596.1|A/cattle/Texas/24-008749-003/2024(H5N1)	1251	862
PB2|PP755596.1|A/cattle/Texas/24-008749-003/2024(H5N1)	1252	860
PB2|PP755596.1|A/cattle/Texas/24-008749-003/2024(H5N1)	1253	860
PB2|PP755596.1|A/cattle/Texas/24-008749-003/2024(H5N1)	1254	864
PB2|PP755596.1|A/cattle/Texas/24-008749-003/2024(H5N1)	1255	865
PB2|PP755596.1|A/cattle/Texas/24-008749-003/2024(H5N1)	1256	865
PB2|PP755596.1|A/cattle/Texas/24-008749-003/2024(H5N1)	1257	864
PB2|PP755596.1|A/cattle/Texas/24-008749-003/2024(H5N1)	1258	880
PB2|PP755596.1|A/cattle/Texas/24-008749-003/2024(H5N1)	1259	884
PB2|PP755596.1|A/cattle/Texas/24-008749-003/2024(H5N1)	1260	881
PB2|PP755596.1|A/cattle/Texas/24-008749-003/2024(H5N1)	1261	886
PB2|PP755596.1|A/cattle/Texas/24-008749-003/2024(H5N1)	1262	884
PB2|PP755596.1|A/cattle/Texas/24-008749-003/2024(H5N1)	1263	887
PB2|PP755596.1|A/cattle/Texas/24-008749-003/2024(H5N1)	1264	886
PB2|PP755596.1|A/cattle/Texas/24-008749-003/2024(H5N1)	1265	887
PB2|PP755596.1|A/cattle/Texas/24-008749-003/2024(H5N1)	1266	884
PB2|PP755596.1|A/cattle/Texas/24-008749-003/2024(H5N1)	1267	880
PB2|PP755596.1|A/cattle/Texas/24-008749-003/2024(H5N1)	1268	884
PB2|PP755596.1|A/cattle/Texas/24-008749-003/2024(H5N1)	1269	882
PB2|PP755596.1|A/cattle/Texas/24-008749-003/2024(H5N1)	1270	880
PB2|PP755596.1|A/cattle/Texas/24-008749-003/2024(H5N1)	1271	875
PB2|PP755596.1|A/cattle/Texas/24-008749-003/2024(H5N1)	1272	872
PB2|PP755596.1|A/cattle/Texas/24-008749-003/2024(H5N1)	1273	871
PB2|PP755596.1|A/cattle/Texas/24-008749-003/2024(H5N1)	1274	870
PB2|PP755596.1|A/cattle/Texas/24-008749-003/2024(H5N1)	1275	869
PB2|PP755596.1|A/cattle/Texas/24-008749-003/2024(H5N1)	1276	869
PB2|PP755596.1|A/cattle/Texas/24-008749-003/2024(H5N1)	1277	862
PB2|PP755596.1|A/cattle/Texas/24-008749-003/2024(H5N1)	1278	862
PB2|PP755596.1|A/cattle/Texas/24-008749-003/2024(H5N1)	1279	862
PB2|PP755596.1|A/cattle/Texas/24-008749-003/2024(H5N1)	1280	862
PB2|PP755596.1|A/cattle/Texas/24-008749-003/2024(H5N1)	1281	839
PB2|PP755596.1|A/cattle/Texas/24-008749-003/2024(H5N1)	1282	832
PB2|PP755596.1|A/cattle/Texas/24-008749-003/2024(H5N1)	1283	830
PB2|PP755596.1|A/cattle/Texas/24-008749-003/2024(H5N1)	1284	828
PB2|PP755596.1|A/cattle/Texas/24-008749-003/2024(H5N1)	1285	829
PB2|PP755596.1|A/cattle/Texas/24-008749-003/2024(H5N1)	1286	840
PB2|PP755596.1|A/cattle/Texas/24-008749-003/2024(H5N1)	1287	843
PB2|PP755596.1|A/cattle/Texas/24-008749-003/2024(H5N1)	1288	886
PB2|PP755596.1|A/cattle/Texas/24-008749-003/2024(H5N1)	1289	904
PB2|PP755596.1|A/cattle/Texas/24-008749-003/2024(H5N1)	1290	908
PB2|PP755596.1|A/cattle/Texas/24-008749-003/2024(H5N1)	1291	911
PB2|PP755596.1|A/cattle/Texas/24-008749-003/2024(H5N1)	1292	914
PB2|PP755596.1|A/cattle/Texas/24-008749-003/2024(H5N1)	1293	915
PB2|PP755596.1|A/cattle/Texas/24-008749-003/2024(H5N1)	1294	920
PB2|PP755596.1|A/cattle/Texas/24-008749-003/2024(H5N1)	1295	913
PB2|PP755596.1|A/cattle/Texas/24-008749-003/2024(H5N1)	1296	912
PB2|PP755596.1|A/cattle/Texas/24-008749-003/2024(H5N1)	1297	910
PB2|PP755596.1|A/cattle/Texas/24-008749-003/2024(H5N1)	1298	908
PB2|PP755596.1|A/cattle/Texas/24-008749-003/2024(H5N1)	1299	914
PB2|PP755596.1|A/cattle/Texas/24-008749-003/2024(H5N1)	1300	915
PB2|PP755596.1|A/cattle/Texas/24-008749-003/2024(H5N1)	1301	916
PB2|PP755596.1|A/cattle/Texas/24-008749-003/2024(H5N1)	1302	969
PB2|PP755596.1|A/cattle/Texas/24-008749-003/2024(H5N1)	1303	965
PB2|PP755596.1|A/cattle/Texas/24-008749-003/2024(H5N1)	1304	969
PB2|PP755596.1|A/cattle/Texas/24-008749-003/2024(H5N1)	1305	968
PB2|PP755596.1|A/cattle/Texas/24-008749-003/2024(H5N1)	1306	968
PB2|PP755596.1|A/cattle/Texas/24-008749-003/2024(H5N1)	1307	963
PB2|PP755596.1|A/cattle/Texas/24-008749-003/2024(H5N1)	1308	963
PB2|PP755596.1|A/cattle/Texas/24-008749-003/2024(H5N1)	1309	953
PB2|PP755596.1|A/cattle/Texas/24-008749-003/2024(H5N1)	1310	953
PB2|PP755596.1|A/cattle/Texas/24-008749-003/2024(H5N1)	1311	952
PB2|PP755596.1|A/cattle/Texas/24-008749-003/2024(H5N1)	1312	959
PB2|PP755596.1|A/cattle/Texas/24-008749-003/2024(H5N1)	1313	961
PB2|PP755596.1|A/cattle/Texas/24-008749-003/2024(H5N1)	1314	957
PB2|PP755596.1|A/cattle/Texas/24-008749-003/2024(H5N1)	1315	958
PB2|PP755596.1|A/cattle/Texas/24-008749-003/2024(H5N1)	1316	958
PB2|PP755596.1|A/cattle/Texas/24-008749-003/2024(H5N1)	1317	949
PB2|PP755596.1|A/cattle/Texas/24-008749-003/2024(H5N1)	1318	951
PB2|PP755596.1|A/cattle/Texas/24-008749-003/2024(H5N1)	1319	948
PB2|PP755596.1|A/cattle/Texas/24-008749-003/2024(H5N1)	1320	940
PB2|PP755596.1|A/cattle/Texas/24-008749-003/2024(H5N1)	1321	942
PB2|PP755596.1|A/cattle/Texas/24-008749-003/2024(H5N1)	1322	942
PB2|PP755596.1|A/cattle/Texas/24-008749-003/2024(H5N1)	1323	942
PB2|PP755596.1|A/cattle/Texas/24-008749-003/2024(H5N1)	1324	943
PB2|PP755596.1|A/cattle/Texas/24-008749-003/2024(H5N1)	1325	942
PB2|PP755596.1|A/cattle/Texas/24-008749-003/2024(H5N1)	1326	940
PB2|PP755596.1|A/cattle/Texas/24-008749-003/2024(H5N1)	1327	927
PB2|PP755596.1|A/cattle/Texas/24-008749-003/2024(H5N1)	1328	924
PB2|PP755596.1|A/cattle/Texas/24-008749-003/2024(H5N1)	1329	922
PB2|PP755596.1|A/cattle/Texas/24-008749-003/2024(H5N1)	1330	924
PB2|PP755596.1|A/cattle/Texas/24-008749-003/2024(H5N1)	1331	915
PB2|PP755596.1|A/cattle/Texas/24-008749-003/2024(H5N1)	1332	915
PB2|PP755596.1|A/cattle/Texas/24-008749-003/2024(H5N1)	1333	916
PB2|PP755596.1|A/cattle/Texas/24-008749-003/2024(H5N1)	1334	911
PB2|PP755596.1|A/cattle/Texas/24-008749-003/2024(H5N1)	1335	912
PB2|PP755596.1|A/cattle/Texas/24-008749-003/2024(H5N1)	1336	916
PB2|PP755596.1|A/cattle/Texas/24-008749-003/2024(H5N1)	1337	923
PB2|PP755596.1|A/cattle/Texas/24-008749-003/2024(H5N1)	1338	920
PB2|PP755596.1|A/cattle/Texas/24-008749-003/2024(H5N1)	1339	923
PB2|PP755596.1|A/cattle/Texas/24-008749-003/2024(H5N1)	1340	924
PB2|PP755596.1|A/cattle/Texas/24-008749-003/2024(H5N1)	1341	925
PB2|PP755596.1|A/cattle/Texas/24-008749-003/2024(H5N1)	1342	923
PB2|PP755596.1|A/cattle/Texas/24-008749-003/2024(H5N1)	1343	927
PB2|PP755596.1|A/cattle/Texas/24-008749-003/2024(H5N1)	1344	925
PB2|PP755596.1|A/cattle/Texas/24-008749-003/2024(H5N1)	1345	926
PB2|PP755596.1|A/cattle/Texas/24-008749-003/2024(H5N1)	1346	915
PB2|PP755596.1|A/cattle/Texas/24-008749-003/2024(H5N1)	1347	913
PB2|PP755596.1|A/cattle/Texas/24-008749-003/2024(H5N1)	1348	913
PB2|PP755596.1|A/cattle/Texas/24-008749-003/2024(H5N1)	1349	918
PB2|PP755596.1|A/cattle/Texas/24-008749-003/2024(H5N1)	1350	918
PB2|PP755596.1|A/cattle/Texas/24-008749-003/2024(H5N1)	1351	924
PB2|PP755596.1|A/cattle/Texas/24-008749-003/2024(H5N1)	1352	922
PB2|PP755596.1|A/cattle/Texas/24-008749-003/2024(H5N1)	1353	921
PB2|PP755596.1|A/cattle/Texas/24-008749-003/2024(H5N1)	1354	918
PB2|PP755596.1|A/cattle/Texas/24-008749-003/2024(H5N1)	1355	919
PB2|PP755596.1|A/cattle/Texas/24-008749-003/2024(H5N1)	1356	920
PB2|PP755596.1|A/cattle/Texas/24-008749-003/2024(H5N1)	1357	922
PB2|PP755596.1|A/cattle/Texas/24-008749-003/2024(H5N1)	1358	917
PB2|PP755596.1|A/cattle/Texas/24-008749-003/2024(H5N1)	1359	918
PB2|PP755596.1|A/cattle/Texas/24-008749-003/2024(H5N1)	1360	917
PB2|PP755596.1|A/cattle/Texas/24-008749-003/2024(H5N1)	1361	921
PB2|PP755596.1|A/cattle/Texas/24-008749-003/2024(H5N1)	1362	926
PB2|PP755596.1|A/cattle/Texas/24-008749-003/2024(H5N1)	1363	924
PB2|PP755596.1|A/cattle/Texas/24-008749-003/2024(H5N1)	1364	928
PB2|PP755596.1|A/cattle/Texas/24-008749-003/2024(H5N1)	1365	936
PB2|PP755596.1|A/cattle/Texas/24-008749-003/2024(H5N1)	1366	927
PB2|PP755596.1|A/cattle/Texas/24-008749-003/2024(H5N1)	1367	931
PB2|PP755596.1|A/cattle/Texas/24-008749-003/2024(H5N1)	1368	921
PB2|PP755596.1|A/cattle/Texas/24-008749-003/2024(H5N1)	1369	923
PB2|PP755596.1|A/cattle/Texas/24-008749-003/2024(H5N1)	1370	923
PB2|PP755596.1|A/cattle/Texas/24-008749-003/2024(H5N1)	1371	921
PB2|PP755596.1|A/cattle/Texas/24-008749-003/2024(H5N1)	1372	922
PB2|PP755596.1|A/cattle/Texas/24-008749-003/2024(H5N1)	1373	918
PB2|PP755596.1|A/cattle/Texas/24-008749-003/2024(H5N1)	1374	916
PB2|PP755596.1|A/cattle/Texas/24-008749-003/2024(H5N1)	1375	917
PB2|PP755596.1|A/cattle/Texas/24-008749-003/2024(H5N1)	1376	919
PB2|PP755596.1|A/cattle/Texas/24-008749-003/2024(H5N1)	1377	915
PB2|PP755596.1|A/cattle/Texas/24-008749-003/2024(H5N1)	1378	915
PB2|PP755596.1|A/cattle/Texas/24-008749-003/2024(H5N1)	1379	909
PB2|PP755596.1|A/cattle/Texas/24-008749-003/2024(H5N1)	1380	903
PB2|PP755596.1|A/cattle/Texas/24-008749-003/2024(H5N1)	1381	904
PB2|PP755596.1|A/cattle/Texas/24-008749-003/2024(H5N1)	1382	906
PB2|PP755596.1|A/cattle/Texas/24-008749-003/2024(H5N1)	1383	895
PB2|PP755596.1|A/cattle/Texas/24-008749-003/2024(H5N1)	1384	895
PB2|PP755596.1|A/cattle/Texas/24-008749-003/2024(H5N1)	1385	911
PB2|PP755596.1|A/cattle/Texas/24-008749-003/2024(H5N1)	1386	915
PB2|PP755596.1|A/cattle/Texas/24-008749-003/2024(H5N1)	1387	923
PB2|PP755596.1|A/cattle/Texas/24-008749-003/2024(H5N1)	1388	923
PB2|PP755596.1|A/cattle/Texas/24-008749-003/2024(H5N1)	1389	914
PB2|PP755596.1|A/cattle/Texas/24-008749-003/2024(H5N1)	1390	908
PB2|PP755596.1|A/cattle/Texas/24-008749-003/2024(H5N1)	1391	912
PB2|PP755596.1|A/cattle/Texas/24-008749-003/2024(H5N1)	1392	914
PB2|PP755596.1|A/cattle/Texas/24-008749-003/2024(H5N1)	1393	911
PB2|PP755596.1|A/cattle/Texas/24-008749-003/2024(H5N1)	1394	904
PB2|PP755596.1|A/cattle/Texas/24-008749-003/2024(H5N1)	1395	902
PB2|PP755596.1|A/cattle/Texas/24-008749-003/2024(H5N1)	1396	903
PB2|PP755596.1|A/cattle/Texas/24-008749-003/2024(H5N1)	1397	914
PB2|PP755596.1|A/cattle/Texas/24-008749-003/2024(H5N1)	1398	896
PB2|PP755596.1|A/cattle/Texas/24-008749-003/2024(H5N1)	1399	896
PB2|PP755596.1|A/cattle/Texas/24-008749-003/2024(H5N1)	1400	889
PB2|PP755596.1|A/cattle/Texas/24-008749-003/2024(H5N1)	1401	888
PB2|PP755596.1|A/cattle/Texas/24-008749-003/2024(H5N1)	1402	911
PB2|PP755596.1|A/cattle/Texas/24-008749-003/2024(H5N1)	1403	905
PB2|PP755596.1|A/cattle/Texas/24-008749-003/2024(H5N1)	1404	900
PB2|PP755596.1|A/cattle/Texas/24-008749-003/2024(H5N1)	1405	899
PB2|PP755596.1|A/cattle/Texas/24-008749-003/2024(H5N1)	1406	898
PB2|PP755596.1|A/cattle/Texas/24-008749-003/2024(H5N1)	1407	900
PB2|PP755596.1|A/cattle/Texas/24-008749-003/2024(H5N1)	1408	900
PB2|PP755596.1|A/cattle/Texas/24-008749-003/2024(H5N1)	1409	905
PB2|PP755596.1|A/cattle/Texas/24-008749-003/2024(H5N1)	1410	905
PB2|PP755596.1|A/cattle/Texas/24-008749-003/2024(H5N1)	1411	899
PB2|PP755596.1|A/cattle/Texas/24-008749-003/2024(H5N1)	1412	891
PB2|PP755596.1|A/cattle/Texas/24-008749-003/2024(H5N1)	1413	874
PB2|PP755596.1|A/cattle/Texas/24-008749-003/2024(H5N1)	1414	879
PB2|PP755596.1|A/cattle/Texas/24-008749-003/2024(H5N1)	1415	876
PB2|PP755596.1|A/cattle/Texas/24-008749-003/2024(H5N1)	1416	876
PB2|PP755596.1|A/cattle/Texas/24-008749-003/2024(H5N1)	1417	877
PB2|PP755596.1|A/cattle/Texas/24-008749-003/2024(H5N1)	1418	859
PB2|PP755596.1|A/cattle/Texas/24-008749-003/2024(H5N1)	1419	860
PB2|PP755596.1|A/cattle/Texas/24-008749-003/2024(H5N1)	1420	868
PB2|PP755596.1|A/cattle/Texas/24-008749-003/2024(H5N1)	1421	868
PB2|PP755596.1|A/cattle/Texas/24-008749-003/2024(H5N1)	1422	866
PB2|PP755596.1|A/cattle/Texas/24-008749-003/2024(H5N1)	1423	867
PB2|PP755596.1|A/cattle/Texas/24-008749-003/2024(H5N1)	1424	867
PB2|PP755596.1|A/cattle/Texas/24-008749-003/2024(H5N1)	1425	867
PB2|PP755596.1|A/cattle/Texas/24-008749-003/2024(H5N1)	1426	862
PB2|PP755596.1|A/cattle/Texas/24-008749-003/2024(H5N1)	1427	865
PB2|PP755596.1|A/cattle/Texas/24-008749-003/2024(H5N1)	1428	866
PB2|PP755596.1|A/cattle/Texas/24-008749-003/2024(H5N1)	1429	858
PB2|PP755596.1|A/cattle/Texas/24-008749-003/2024(H5N1)	1430	864
PB2|PP755596.1|A/cattle/Texas/24-008749-003/2024(H5N1)	1431	862
PB2|PP755596.1|A/cattle/Texas/24-008749-003/2024(H5N1)	1432	860
PB2|PP755596.1|A/cattle/Texas/24-008749-003/2024(H5N1)	1433	862
PB2|PP755596.1|A/cattle/Texas/24-008749-003/2024(H5N1)	1434	857
PB2|PP755596.1|A/cattle/Texas/24-008749-003/2024(H5N1)	1435	857
PB2|PP755596.1|A/cattle/Texas/24-008749-003/2024(H5N1)	1436	855
PB2|PP755596.1|A/cattle/Texas/24-008749-003/2024(H5N1)	1437	828
PB2|PP755596.1|A/cattle/Texas/24-008749-003/2024(H5N1)	1438	872
PB2|PP755596.1|A/cattle/Texas/24-008749-003/2024(H5N1)	1439	843
PB2|PP755596.1|A/cattle/Texas/24-008749-003/2024(H5N1)	1440	837
PB2|PP755596.1|A/cattle/Texas/24-008749-003/2024(H5N1)	1441	836
PB2|PP755596.1|A/cattle/Texas/24-008749-003/2024(H5N1)	1442	839
PB2|PP755596.1|A/cattle/Texas/24-008749-003/2024(H5N1)	1443	838
PB2|PP755596.1|A/cattle/Texas/24-008749-003/2024(H5N1)	1444	837
PB2|PP755596.1|A/cattle/Texas/24-008749-003/2024(H5N1)	1445	829
PB2|PP755596.1|A/cattle/Texas/24-008749-003/2024(H5N1)	1446	832
PB2|PP755596.1|A/cattle/Texas/24-008749-003/2024(H5N1)	1447	823
PB2|PP755596.1|A/cattle/Texas/24-008749-003/2024(H5N1)	1448	823
PB2|PP755596.1|A/cattle/Texas/24-008749-003/2024(H5N1)	1449	819
PB2|PP755596.1|A/cattle/Texas/24-008749-003/2024(H5N1)	1450	827
PB2|PP755596.1|A/cattle/Texas/24-008749-003/2024(H5N1)	1451	826
PB2|PP755596.1|A/cattle/Texas/24-008749-003/2024(H5N1)	1452	823
PB2|PP755596.1|A/cattle/Texas/24-008749-003/2024(H5N1)	1453	823
PB2|PP755596.1|A/cattle/Texas/24-008749-003/2024(H5N1)	1454	826
PB2|PP755596.1|A/cattle/Texas/24-008749-003/2024(H5N1)	1455	812
PB2|PP755596.1|A/cattle/Texas/24-008749-003/2024(H5N1)	1456	814
PB2|PP755596.1|A/cattle/Texas/24-008749-003/2024(H5N1)	1457	817
PB2|PP755596.1|A/cattle/Texas/24-008749-003/2024(H5N1)	1458	813
PB2|PP755596.1|A/cattle/Texas/24-008749-003/2024(H5N1)	1459	813
PB2|PP755596.1|A/cattle/Texas/24-008749-003/2024(H5N1)	1460	800
PB2|PP755596.1|A/cattle/Texas/24-008749-003/2024(H5N1)	1461	817
PB2|PP755596.1|A/cattle/Texas/24-008749-003/2024(H5N1)	1462	811
PB2|PP755596.1|A/cattle/Texas/24-008749-003/2024(H5N1)	1463	809
PB2|PP755596.1|A/cattle/Texas/24-008749-003/2024(H5N1)	1464	828
PB2|PP755596.1|A/cattle/Texas/24-008749-003/2024(H5N1)	1465	818
PB2|PP755596.1|A/cattle/Texas/24-008749-003/2024(H5N1)	1466	826
PB2|PP755596.1|A/cattle/Texas/24-008749-003/2024(H5N1)	1467	824
PB2|PP755596.1|A/cattle/Texas/24-008749-003/2024(H5N1)	1468	832
PB2|PP755596.1|A/cattle/Texas/24-008749-003/2024(H5N1)	1469	840
PB2|PP755596.1|A/cattle/Texas/24-008749-003/2024(H5N1)	1470	850
PB2|PP755596.1|A/cattle/Texas/24-008749-003/2024(H5N1)	1471	848
PB2|PP755596.1|A/cattle/Texas/24-008749-003/2024(H5N1)	1472	845
PB2|PP755596.1|A/cattle/Texas/24-008749-003/2024(H5N1)	1473	814
PB2|PP755596.1|A/cattle/Texas/24-008749-003/2024(H5N1)	1474	825
PB2|PP755596.1|A/cattle/Texas/24-008749-003/2024(H5N1)	1475	828
PB2|PP755596.1|A/cattle/Texas/24-008749-003/2024(H5N1)	1476	830
PB2|PP755596.1|A/cattle/Texas/24-008749-003/2024(H5N1)	1477	825
PB2|PP755596.1|A/cattle/Texas/24-008749-003/2024(H5N1)	1478	829
PB2|PP755596.1|A/cattle/Texas/24-008749-003/2024(H5N1)	1479	823
PB2|PP755596.1|A/cattle/Texas/24-008749-003/2024(H5N1)	1480	826
PB2|PP755596.1|A/cattle/Texas/24-008749-003/2024(H5N1)	1481	824
PB2|PP755596.1|A/cattle/Texas/24-008749-003/2024(H5N1)	1482	823
PB2|PP755596.1|A/cattle/Texas/24-008749-003/2024(H5N1)	1483	830
PB2|PP755596.1|A/cattle/Texas/24-008749-003/2024(H5N1)	1484	830
PB2|PP755596.1|A/cattle/Texas/24-008749-003/2024(H5N1)	1485	831
PB2|PP755596.1|A/cattle/Texas/24-008749-003/2024(H5N1)	1486	832
PB2|PP755596.1|A/cattle/Texas/24-008749-003/2024(H5N1)	1487	825
PB2|PP755596.1|A/cattle/Texas/24-008749-003/2024(H5N1)	1488	824
PB2|PP755596.1|A/cattle/Texas/24-008749-003/2024(H5N1)	1489	821
PB2|PP755596.1|A/cattle/Texas/24-008749-003/2024(H5N1)	1490	821
PB2|PP755596.1|A/cattle/Texas/24-008749-003/2024(H5N1)	1491	815
PB2|PP755596.1|A/cattle/Texas/24-008749-003/2024(H5N1)	1492	795
PB2|PP755596.1|A/cattle/Texas/24-008749-003/2024(H5N1)	1493	793
PB2|PP755596.1|A/cattle/Texas/24-008749-003/2024(H5N1)	1494	779
PB2|PP755596.1|A/cattle/Texas/24-008749-003/2024(H5N1)	1495	784
PB2|PP755596.1|A/cattle/Texas/24-008749-003/2024(H5N1)	1496	790
PB2|PP755596.1|A/cattle/Texas/24-008749-003/2024(H5N1)	1497	790
PB2|PP755596.1|A/cattle/Texas/24-008749-003/2024(H5N1)	1498	790
PB2|PP755596.1|A/cattle/Texas/24-008749-003/2024(H5N1)	1499	791
PB2|PP755596.1|A/cattle/Texas/24-008749-003/2024(H5N1)	1500	798
PB2|PP755596.1|A/cattle/Texas/24-008749-003/2024(H5N1)	1501	806
PB2|PP755596.1|A/cattle/Texas/24-008749-003/2024(H5N1)	1502	807
PB2|PP755596.1|A/cattle/Texas/24-008749-003/2024(H5N1)	1503	811
PB2|PP755596.1|A/cattle/Texas/24-008749-003/2024(H5N1)	1504	811
PB2|PP755596.1|A/cattle/Texas/24-008749-003/2024(H5N1)	1505	810
PB2|PP755596.1|A/cattle/Texas/24-008749-003/2024(H5N1)	1506	809
PB2|PP755596.1|A/cattle/Texas/24-008749-003/2024(H5N1)	1507	807
PB2|PP755596.1|A/cattle/Texas/24-008749-003/2024(H5N1)	1508	810
PB2|PP755596.1|A/cattle/Texas/24-008749-003/2024(H5N1)	1509	792
PB2|PP755596.1|A/cattle/Texas/24-008749-003/2024(H5N1)	1510	794
PB2|PP755596.1|A/cattle/Texas/24-008749-003/2024(H5N1)	1511	798
PB2|PP755596.1|A/cattle/Texas/24-008749-003/2024(H5N1)	1512	796
PB2|PP755596.1|A/cattle/Texas/24-008749-003/2024(H5N1)	1513	795
PB2|PP755596.1|A/cattle/Texas/24-008749-003/2024(H5N1)	1514	795
PB2|PP755596.1|A/cattle/Texas/24-008749-003/2024(H5N1)	1515	797
PB2|PP755596.1|A/cattle/Texas/24-008749-003/2024(H5N1)	1516	796
PB2|PP755596.1|A/cattle/Texas/24-008749-003/2024(H5N1)	1517	797
PB2|PP755596.1|A/cattle/Texas/24-008749-003/2024(H5N1)	1518	795
PB2|PP755596.1|A/cattle/Texas/24-008749-003/2024(H5N1)	1519	796
PB2|PP755596.1|A/cattle/Texas/24-008749-003/2024(H5N1)	1520	796
PB2|PP755596.1|A/cattle/Texas/24-008749-003/2024(H5N1)	1521	796
PB2|PP755596.1|A/cattle/Texas/24-008749-003/2024(H5N1)	1522	797
PB2|PP755596.1|A/cattle/Texas/24-008749-003/2024(H5N1)	1523	798
PB2|PP755596.1|A/cattle/Texas/24-008749-003/2024(H5N1)	1524	798
PB2|PP755596.1|A/cattle/Texas/24-008749-003/2024(H5N1)	1525	797
PB2|PP755596.1|A/cattle/Texas/24-008749-003/2024(H5N1)	1526	799
PB2|PP755596.1|A/cattle/Texas/24-008749-003/2024(H5N1)	1527	822
PB2|PP755596.1|A/cattle/Texas/24-008749-003/2024(H5N1)	1528	823
PB2|PP755596.1|A/cattle/Texas/24-008749-003/2024(H5N1)	1529	835
PB2|PP755596.1|A/cattle/Texas/24-008749-003/2024(H5N1)	1530	836
PB2|PP755596.1|A/cattle/Texas/24-008749-003/2024(H5N1)	1531	845
PB2|PP755596.1|A/cattle/Texas/24-008749-003/2024(H5N1)	1532	851
PB2|PP755596.1|A/cattle/Texas/24-008749-003/2024(H5N1)	1533	847
PB2|PP755596.1|A/cattle/Texas/24-008749-003/2024(H5N1)	1534	847
PB2|PP755596.1|A/cattle/Texas/24-008749-003/2024(H5N1)	1535	845
PB2|PP755596.1|A/cattle/Texas/24-008749-003/2024(H5N1)	1536	843
PB2|PP755596.1|A/cattle/Texas/24-008749-003/2024(H5N1)	1537	800
PB2|PP755596.1|A/cattle/Texas/24-008749-003/2024(H5N1)	1538	799
PB2|PP755596.1|A/cattle/Texas/24-008749-003/2024(H5N1)	1539	798
PB2|PP755596.1|A/cattle/Texas/24-008749-003/2024(H5N1)	1540	840
PB2|PP755596.1|A/cattle/Texas/24-008749-003/2024(H5N1)	1541	842
PB2|PP755596.1|A/cattle/Texas/24-008749-003/2024(H5N1)	1542	844
PB2|PP755596.1|A/cattle/Texas/24-008749-003/2024(H5N1)	1543	845
PB2|PP755596.1|A/cattle/Texas/24-008749-003/2024(H5N1)	1544	837
PB2|PP755596.1|A/cattle/Texas/24-008749-003/2024(H5N1)	1545	833
PB2|PP755596.1|A/cattle/Texas/24-008749-003/2024(H5N1)	1546	835
PB2|PP755596.1|A/cattle/Texas/24-008749-003/2024(H5N1)	1547	836
PB2|PP755596.1|A/cattle/Texas/24-008749-003/2024(H5N1)	1548	836
PB2|PP755596.1|A/cattle/Texas/24-008749-003/2024(H5N1)	1549	839
PB2|PP755596.1|A/cattle/Texas/24-008749-003/2024(H5N1)	1550	836
PB2|PP755596.1|A/cattle/Texas/24-008749-003/2024(H5N1)	1551	843
PB2|PP755596.1|A/cattle/Texas/24-008749-003/2024(H5N1)	1552	845
PB2|PP755596.1|A/cattle/Texas/24-008749-003/2024(H5N1)	1553	775
PB2|PP755596.1|A/cattle/Texas/24-008749-003/2024(H5N1)	1554	775
PB2|PP755596.1|A/cattle/Texas/24-008749-003/2024(H5N1)	1555	770
PB2|PP755596.1|A/cattle/Texas/24-008749-003/2024(H5N1)	1556	774
PB2|PP755596.1|A/cattle/Texas/24-008749-003/2024(H5N1)	1557	771
PB2|PP755596.1|A/cattle/Texas/24-008749-003/2024(H5N1)	1558	775
PB2|PP755596.1|A/cattle/Texas/24-008749-003/2024(H5N1)	1559	776
PB2|PP755596.1|A/cattle/Texas/24-008749-003/2024(H5N1)	1560	773
PB2|PP755596.1|A/cattle/Texas/24-008749-003/2024(H5N1)	1561	772
PB2|PP755596.1|A/cattle/Texas/24-008749-003/2024(H5N1)	1562	764
PB2|PP755596.1|A/cattle/Texas/24-008749-003/2024(H5N1)	1563	763
PB2|PP755596.1|A/cattle/Texas/24-008749-003/2024(H5N1)	1564	764
PB2|PP755596.1|A/cattle/Texas/24-008749-003/2024(H5N1)	1565	759
PB2|PP755596.1|A/cattle/Texas/24-008749-003/2024(H5N1)	1566	758
PB2|PP755596.1|A/cattle/Texas/24-008749-003/2024(H5N1)	1567	760
PB2|PP755596.1|A/cattle/Texas/24-008749-003/2024(H5N1)	1568	763
PB2|PP755596.1|A/cattle/Texas/24-008749-003/2024(H5N1)	1569	760
PB2|PP755596.1|A/cattle/Texas/24-008749-003/2024(H5N1)	1570	759
PB2|PP755596.1|A/cattle/Texas/24-008749-003/2024(H5N1)	1571	753
PB2|PP755596.1|A/cattle/Texas/24-008749-003/2024(H5N1)	1572	755
PB2|PP755596.1|A/cattle/Texas/24-008749-003/2024(H5N1)	1573	759
PB2|PP755596.1|A/cattle/Texas/24-008749-003/2024(H5N1)	1574	759
PB2|PP755596.1|A/cattle/Texas/24-008749-003/2024(H5N1)	1575	758
PB2|PP755596.1|A/cattle/Texas/24-008749-003/2024(H5N1)	1576	760
PB2|PP755596.1|A/cattle/Texas/24-008749-003/2024(H5N1)	1577	758
PB2|PP755596.1|A/cattle/Texas/24-008749-003/2024(H5N1)	1578	759
PB2|PP755596.1|A/cattle/Texas/24-008749-003/2024(H5N1)	1579	757
PB2|PP755596.1|A/cattle/Texas/24-008749-003/2024(H5N1)	1580	755
PB2|PP755596.1|A/cattle/Texas/24-008749-003/2024(H5N1)	1581	760
PB2|PP755596.1|A/cattle/Texas/24-008749-003/2024(H5N1)	1582	759
PB2|PP755596.1|A/cattle/Texas/24-008749-003/2024(H5N1)	1583	765
PB2|PP755596.1|A/cattle/Texas/24-008749-003/2024(H5N1)	1584	764
PB2|PP755596.1|A/cattle/Texas/24-008749-003/2024(H5N1)	1585	787
PB2|PP755596.1|A/cattle/Texas/24-008749-003/2024(H5N1)	1586	788
PB2|PP755596.1|A/cattle/Texas/24-008749-003/2024(H5N1)	1587	792
PB2|PP755596.1|A/cattle/Texas/24-008749-003/2024(H5N1)	1588	792
PB2|PP755596.1|A/cattle/Texas/24-008749-003/2024(H5N1)	1589	795
PB2|PP755596.1|A/cattle/Texas/24-008749-003/2024(H5N1)	1590	789
PB2|PP755596.1|A/cattle/Texas/24-008749-003/2024(H5N1)	1591	788
PB2|PP755596.1|A/cattle/Texas/24-008749-003/2024(H5N1)	1592	787
PB2|PP755596.1|A/cattle/Texas/24-008749-003/2024(H5N1)	1593	788
PB2|PP755596.1|A/cattle/Texas/24-008749-003/2024(H5N1)	1594	787
PB2|PP755596.1|A/cattle/Texas/24-008749-003/2024(H5N1)	1595	797
PB2|PP755596.1|A/cattle/Texas/24-008749-003/2024(H5N1)	1596	784
PB2|PP755596.1|A/cattle/Texas/24-008749-003/2024(H5N1)	1597	785
PB2|PP755596.1|A/cattle/Texas/24-008749-003/2024(H5N1)	1598	786
PB2|PP755596.1|A/cattle/Texas/24-008749-003/2024(H5N1)	1599	785
PB2|PP755596.1|A/cattle/Texas/24-008749-003/2024(H5N1)	1600	797
PB2|PP755596.1|A/cattle/Texas/24-008749-003/2024(H5N1)	1601	794
PB2|PP755596.1|A/cattle/Texas/24-008749-003/2024(H5N1)	1602	795
PB2|PP755596.1|A/cattle/Texas/24-008749-003/2024(H5N1)	1603	798
PB2|PP755596.1|A/cattle/Texas/24-008749-003/2024(H5N1)	1604	802
PB2|PP755596.1|A/cattle/Texas/24-008749-003/2024(H5N1)	1605	800
PB2|PP755596.1|A/cattle/Texas/24-008749-003/2024(H5N1)	1606	801
PB2|PP755596.1|A/cattle/Texas/24-008749-003/2024(H5N1)	1607	799
PB2|PP755596.1|A/cattle/Texas/24-008749-003/2024(H5N1)	1608	795
PB2|PP755596.1|A/cattle/Texas/24-008749-003/2024(H5N1)	1609	786
PB2|PP755596.1|A/cattle/Texas/24-008749-003/2024(H5N1)	1610	785
PB2|PP755596.1|A/cattle/Texas/24-008749-003/2024(H5N1)	1611	790
PB2|PP755596.1|A/cattle/Texas/24-008749-003/2024(H5N1)	1612	790
PB2|PP755596.1|A/cattle/Texas/24-008749-003/2024(H5N1)	1613	784
PB2|PP755596.1|A/cattle/Texas/24-008749-003/2024(H5N1)	1614	784
PB2|PP755596.1|A/cattle/Texas/24-008749-003/2024(H5N1)	1615	785
PB2|PP755596.1|A/cattle/Texas/24-008749-003/2024(H5N1)	1616	777
PB2|PP755596.1|A/cattle/Texas/24-008749-003/2024(H5N1)	1617	777
PB2|PP755596.1|A/cattle/Texas/24-008749-003/2024(H5N1)	1618	774
PB2|PP755596.1|A/cattle/Texas/24-008749-003/2024(H5N1)	1619	773
PB2|PP755596.1|A/cattle/Texas/24-008749-003/2024(H5N1)	1620	769
PB2|PP755596.1|A/cattle/Texas/24-008749-003/2024(H5N1)	1621	774
PB2|PP755596.1|A/cattle/Texas/24-008749-003/2024(H5N1)	1622	789
PB2|PP755596.1|A/cattle/Texas/24-008749-003/2024(H5N1)	1623	788
PB2|PP755596.1|A/cattle/Texas/24-008749-003/2024(H5N1)	1624	798
PB2|PP755596.1|A/cattle/Texas/24-008749-003/2024(H5N1)	1625	798
PB2|PP755596.1|A/cattle/Texas/24-008749-003/2024(H5N1)	1626	788
PB2|PP755596.1|A/cattle/Texas/24-008749-003/2024(H5N1)	1627	790
PB2|PP755596.1|A/cattle/Texas/24-008749-003/2024(H5N1)	1628	793
PB2|PP755596.1|A/cattle/Texas/24-008749-003/2024(H5N1)	1629	794
PB2|PP755596.1|A/cattle/Texas/24-008749-003/2024(H5N1)	1630	793
PB2|PP755596.1|A/cattle/Texas/24-008749-003/2024(H5N1)	1631	784
PB2|PP755596.1|A/cattle/Texas/24-008749-003/2024(H5N1)	1632	783
PB2|PP755596.1|A/cattle/Texas/24-008749-003/2024(H5N1)	1633	790
PB2|PP755596.1|A/cattle/Texas/24-008749-003/2024(H5N1)	1634	790
PB2|PP755596.1|A/cattle/Texas/24-008749-003/2024(H5N1)	1635	791
PB2|PP755596.1|A/cattle/Texas/24-008749-003/2024(H5N1)	1636	776
PB2|PP755596.1|A/cattle/Texas/24-008749-003/2024(H5N1)	1637	765
PB2|PP755596.1|A/cattle/Texas/24-008749-003/2024(H5N1)	1638	788
PB2|PP755596.1|A/cattle/Texas/24-008749-003/2024(H5N1)	1639	788
PB2|PP755596.1|A/cattle/Texas/24-008749-003/2024(H5N1)	1640	792
PB2|PP755596.1|A/cattle/Texas/24-008749-003/2024(H5N1)	1641	790
PB2|PP755596.1|A/cattle/Texas/24-008749-003/2024(H5N1)	1642	777
PB2|PP755596.1|A/cattle/Texas/24-008749-003/2024(H5N1)	1643	799
PB2|PP755596.1|A/cattle/Texas/24-008749-003/2024(H5N1)	1644	802
PB2|PP755596.1|A/cattle/Texas/24-008749-003/2024(H5N1)	1645	808
PB2|PP755596.1|A/cattle/Texas/24-008749-003/2024(H5N1)	1646	809
PB2|PP755596.1|A/cattle/Texas/24-008749-003/2024(H5N1)	1647	794
PB2|PP755596.1|A/cattle/Texas/24-008749-003/2024(H5N1)	1648	796
PB2|PP755596.1|A/cattle/Texas/24-008749-003/2024(H5N1)	1649	799
PB2|PP755596.1|A/cattle/Texas/24-008749-003/2024(H5N1)	1650	798
PB2|PP755596.1|A/cattle/Texas/24-008749-003/2024(H5N1)	1651	797
PB2|PP755596.1|A/cattle/Texas/24-008749-003/2024(H5N1)	1652	764
PB2|PP755596.1|A/cattle/Texas/24-008749-003/2024(H5N1)	1653	764
PB2|PP755596.1|A/cattle/Texas/24-008749-003/2024(H5N1)	1654	770
PB2|PP755596.1|A/cattle/Texas/24-008749-003/2024(H5N1)	1655	768
PB2|PP755596.1|A/cattle/Texas/24-008749-003/2024(H5N1)	1656	769
PB2|PP755596.1|A/cattle/Texas/24-008749-003/2024(H5N1)	1657	767
PB2|PP755596.1|A/cattle/Texas/24-008749-003/2024(H5N1)	1658	772
PB2|PP755596.1|A/cattle/Texas/24-008749-003/2024(H5N1)	1659	769
PB2|PP755596.1|A/cattle/Texas/24-008749-003/2024(H5N1)	1660	780
PB2|PP755596.1|A/cattle/Texas/24-008749-003/2024(H5N1)	1661	780
PB2|PP755596.1|A/cattle/Texas/24-008749-003/2024(H5N1)	1662	780
PB2|PP755596.1|A/cattle/Texas/24-008749-003/2024(H5N1)	1663	780
PB2|PP755596.1|A/cattle/Texas/24-008749-003/2024(H5N1)	1664	782
PB2|PP755596.1|A/cattle/Texas/24-008749-003/2024(H5N1)	1665	783
PB2|PP755596.1|A/cattle/Texas/24-008749-003/2024(H5N1)	1666	787
PB2|PP755596.1|A/cattle/Texas/24-008749-003/2024(H5N1)	1667	786
PB2|PP755596.1|A/cattle/Texas/24-008749-003/2024(H5N1)	1668	781
PB2|PP755596.1|A/cattle/Texas/24-008749-003/2024(H5N1)	1669	776
PB2|PP755596.1|A/cattle/Texas/24-008749-003/2024(H5N1)	1670	776
PB2|PP755596.1|A/cattle/Texas/24-008749-003/2024(H5N1)	1671	776
PB2|PP755596.1|A/cattle/Texas/24-008749-003/2024(H5N1)	1672	777
PB2|PP755596.1|A/cattle/Texas/24-008749-003/2024(H5N1)	1673	783
PB2|PP755596.1|A/cattle/Texas/24-008749-003/2024(H5N1)	1674	784
PB2|PP755596.1|A/cattle/Texas/24-008749-003/2024(H5N1)	1675	784
PB2|PP755596.1|A/cattle/Texas/24-008749-003/2024(H5N1)	1676	780
PB2|PP755596.1|A/cattle/Texas/24-008749-003/2024(H5N1)	1677	775
PB2|PP755596.1|A/cattle/Texas/24-008749-003/2024(H5N1)	1678	776
PB2|PP755596.1|A/cattle/Texas/24-008749-003/2024(H5N1)	1679	778
PB2|PP755596.1|A/cattle/Texas/24-008749-003/2024(H5N1)	1680	779
PB2|PP755596.1|A/cattle/Texas/24-008749-003/2024(H5N1)	1681	774
PB2|PP755596.1|A/cattle/Texas/24-008749-003/2024(H5N1)	1682	775
PB2|PP755596.1|A/cattle/Texas/24-008749-003/2024(H5N1)	1683	783
PB2|PP755596.1|A/cattle/Texas/24-008749-003/2024(H5N1)	1684	784
PB2|PP755596.1|A/cattle/Texas/24-008749-003/2024(H5N1)	1685	783
PB2|PP755596.1|A/cattle/Texas/24-008749-003/2024(H5N1)	1686	781
PB2|PP755596.1|A/cattle/Texas/24-008749-003/2024(H5N1)	1687	778
PB2|PP755596.1|A/cattle/Texas/24-008749-003/2024(H5N1)	1688	789
PB2|PP755596.1|A/cattle/Texas/24-008749-003/2024(H5N1)	1689	768
PB2|PP755596.1|A/cattle/Texas/24-008749-003/2024(H5N1)	1690	768
PB2|PP755596.1|A/cattle/Texas/24-008749-003/2024(H5N1)	1691	769
PB2|PP755596.1|A/cattle/Texas/24-008749-003/2024(H5N1)	1692	771
PB2|PP755596.1|A/cattle/Texas/24-008749-003/2024(H5N1)	1693	796
PB2|PP755596.1|A/cattle/Texas/24-008749-003/2024(H5N1)	1694	796
PB2|PP755596.1|A/cattle/Texas/24-008749-003/2024(H5N1)	1695	796
PB2|PP755596.1|A/cattle/Texas/24-008749-003/2024(H5N1)	1696	790
PB2|PP755596.1|A/cattle/Texas/24-008749-003/2024(H5N1)	1697	790
PB2|PP755596.1|A/cattle/Texas/24-008749-003/2024(H5N1)	1698	792
PB2|PP755596.1|A/cattle/Texas/24-008749-003/2024(H5N1)	1699	798
PB2|PP755596.1|A/cattle/Texas/24-008749-003/2024(H5N1)	1700	798
PB2|PP755596.1|A/cattle/Texas/24-008749-003/2024(H5N1)	1701	800
PB2|PP755596.1|A/cattle/Texas/24-008749-003/2024(H5N1)	1702	801
PB2|PP755596.1|A/cattle/Texas/24-008749-003/2024(H5N1)	1703	811
PB2|PP755596.1|A/cattle/Texas/24-008749-003/2024(H5N1)	1704	801
PB2|PP755596.1|A/cattle/Texas/24-008749-003/2024(H5N1)	1705	797
PB2|PP755596.1|A/cattle/Texas/24-008749-003/2024(H5N1)	1706	798
PB2|PP755596.1|A/cattle/Texas/24-008749-003/2024(H5N1)	1707	794
PB2|PP755596.1|A/cattle/Texas/24-008749-003/2024(H5N1)	1708	808
PB2|PP755596.1|A/cattle/Texas/24-008749-003/2024(H5N1)	1709	805
PB2|PP755596.1|A/cattle/Texas/24-008749-003/2024(H5N1)	1710	821
PB2|PP755596.1|A/cattle/Texas/24-008749-003/2024(H5N1)	1711	824
PB2|PP755596.1|A/cattle/Texas/24-008749-003/2024(H5N1)	1712	798
PB2|PP755596.1|A/cattle/Texas/24-008749-003/2024(H5N1)	1713	809
PB2|PP755596.1|A/cattle/Texas/24-008749-003/2024(H5N1)	1714	814
PB2|PP755596.1|A/cattle/Texas/24-008749-003/2024(H5N1)	1715	793
PB2|PP755596.1|A/cattle/Texas/24-008749-003/2024(H5N1)	1716	794
PB2|PP755596.1|A/cattle/Texas/24-008749-003/2024(H5N1)	1717	779
PB2|PP755596.1|A/cattle/Texas/24-008749-003/2024(H5N1)	1718	782
PB2|PP755596.1|A/cattle/Texas/24-008749-003/2024(H5N1)	1719	761
PB2|PP755596.1|A/cattle/Texas/24-008749-003/2024(H5N1)	1720	750
PB2|PP755596.1|A/cattle/Texas/24-008749-003/2024(H5N1)	1721	750
PB2|PP755596.1|A/cattle/Texas/24-008749-003/2024(H5N1)	1722	739
PB2|PP755596.1|A/cattle/Texas/24-008749-003/2024(H5N1)	1723	739
PB2|PP755596.1|A/cattle/Texas/24-008749-003/2024(H5N1)	1724	739
PB2|PP755596.1|A/cattle/Texas/24-008749-003/2024(H5N1)	1725	734
PB2|PP755596.1|A/cattle/Texas/24-008749-003/2024(H5N1)	1726	734
PB2|PP755596.1|A/cattle/Texas/24-008749-003/2024(H5N1)	1727	730
PB2|PP755596.1|A/cattle/Texas/24-008749-003/2024(H5N1)	1728	732
PB2|PP755596.1|A/cattle/Texas/24-008749-003/2024(H5N1)	1729	724
PB2|PP755596.1|A/cattle/Texas/24-008749-003/2024(H5N1)	1730	724
PB2|PP755596.1|A/cattle/Texas/24-008749-003/2024(H5N1)	1731	718
PB2|PP755596.1|A/cattle/Texas/24-008749-003/2024(H5N1)	1732	715
PB2|PP755596.1|A/cattle/Texas/24-008749-003/2024(H5N1)	1733	719
PB2|PP755596.1|A/cattle/Texas/24-008749-003/2024(H5N1)	1734	714
PB2|PP755596.1|A/cattle/Texas/24-008749-003/2024(H5N1)	1735	712
PB2|PP755596.1|A/cattle/Texas/24-008749-003/2024(H5N1)	1736	712
PB2|PP755596.1|A/cattle/Texas/24-008749-003/2024(H5N1)	1737	715
PB2|PP755596.1|A/cattle/Texas/24-008749-003/2024(H5N1)	1738	717
PB2|PP755596.1|A/cattle/Texas/24-008749-003/2024(H5N1)	1739	715
PB2|PP755596.1|A/cattle/Texas/24-008749-003/2024(H5N1)	1740	710
PB2|PP755596.1|A/cattle/Texas/24-008749-003/2024(H5N1)	1741	709
PB2|PP755596.1|A/cattle/Texas/24-008749-003/2024(H5N1)	1742	712
PB2|PP755596.1|A/cattle/Texas/24-008749-003/2024(H5N1)	1743	712
PB2|PP755596.1|A/cattle/Texas/24-008749-003/2024(H5N1)	1744	714
PB2|PP755596.1|A/cattle/Texas/24-008749-003/2024(H5N1)	1745	719
PB2|PP755596.1|A/cattle/Texas/24-008749-003/2024(H5N1)	1746	715
PB2|PP755596.1|A/cattle/Texas/24-008749-003/2024(H5N1)	1747	711
PB2|PP755596.1|A/cattle/Texas/24-008749-003/2024(H5N1)	1748	711
PB2|PP755596.1|A/cattle/Texas/24-008749-003/2024(H5N1)	1749	711
PB2|PP755596.1|A/cattle/Texas/24-008749-003/2024(H5N1)	1750	712
PB2|PP755596.1|A/cattle/Texas/24-008749-003/2024(H5N1)	1751	707
PB2|PP755596.1|A/cattle/Texas/24-008749-003/2024(H5N1)	1752	719
PB2|PP755596.1|A/cattle/Texas/24-008749-003/2024(H5N1)	1753	718
PB2|PP755596.1|A/cattle/Texas/24-008749-003/2024(H5N1)	1754	714
PB2|PP755596.1|A/cattle/Texas/24-008749-003/2024(H5N1)	1755	715
PB2|PP755596.1|A/cattle/Texas/24-008749-003/2024(H5N1)	1756	717
PB2|PP755596.1|A/cattle/Texas/24-008749-003/2024(H5N1)	1757	717
PB2|PP755596.1|A/cattle/Texas/24-008749-003/2024(H5N1)	1758	717
PB2|PP755596.1|A/cattle/Texas/24-008749-003/2024(H5N1)	1759	715
PB2|PP755596.1|A/cattle/Texas/24-008749-003/2024(H5N1)	1760	716
PB2|PP755596.1|A/cattle/Texas/24-008749-003/2024(H5N1)	1761	702
PB2|PP755596.1|A/cattle/Texas/24-008749-003/2024(H5N1)	1762	705
PB2|PP755596.1|A/cattle/Texas/24-008749-003/2024(H5N1)	1763	709
PB2|PP755596.1|A/cattle/Texas/24-008749-003/2024(H5N1)	1764	700
PB2|PP755596.1|A/cattle/Texas/24-008749-003/2024(H5N1)	1765	696
PB2|PP755596.1|A/cattle/Texas/24-008749-003/2024(H5N1)	1766	700
PB2|PP755596.1|A/cattle/Texas/24-008749-003/2024(H5N1)	1767	708
PB2|PP755596.1|A/cattle/Texas/24-008749-003/2024(H5N1)	1768	733
PB2|PP755596.1|A/cattle/Texas/24-008749-003/2024(H5N1)	1769	736
PB2|PP755596.1|A/cattle/Texas/24-008749-003/2024(H5N1)	1770	735
PB2|PP755596.1|A/cattle/Texas/24-008749-003/2024(H5N1)	1771	738
PB2|PP755596.1|A/cattle/Texas/24-008749-003/2024(H5N1)	1772	738
PB2|PP755596.1|A/cattle/Texas/24-008749-003/2024(H5N1)	1773	752
PB2|PP755596.1|A/cattle/Texas/24-008749-003/2024(H5N1)	1774	752
PB2|PP755596.1|A/cattle/Texas/24-008749-003/2024(H5N1)	1775	749
PB2|PP755596.1|A/cattle/Texas/24-008749-003/2024(H5N1)	1776	748
PB2|PP755596.1|A/cattle/Texas/24-008749-003/2024(H5N1)	1777	699
PB2|PP755596.1|A/cattle/Texas/24-008749-003/2024(H5N1)	1778	704
PB2|PP755596.1|A/cattle/Texas/24-008749-003/2024(H5N1)	1779	705
PB2|PP755596.1|A/cattle/Texas/24-008749-003/2024(H5N1)	1780	702
PB2|PP755596.1|A/cattle/Texas/24-008749-003/2024(H5N1)	1781	701
PB2|PP755596.1|A/cattle/Texas/24-008749-003/2024(H5N1)	1782	685
PB2|PP755596.1|A/cattle/Texas/24-008749-003/2024(H5N1)	1783	674
PB2|PP755596.1|A/cattle/Texas/24-008749-003/2024(H5N1)	1784	672
PB2|PP755596.1|A/cattle/Texas/24-008749-003/2024(H5N1)	1785	669
PB2|PP755596.1|A/cattle/Texas/24-008749-003/2024(H5N1)	1786	671
PB2|PP755596.1|A/cattle/Texas/24-008749-003/2024(H5N1)	1787	652
PB2|PP755596.1|A/cattle/Texas/24-008749-003/2024(H5N1)	1788	652
PB2|PP755596.1|A/cattle/Texas/24-008749-003/2024(H5N1)	1789	648
PB2|PP755596.1|A/cattle/Texas/24-008749-003/2024(H5N1)	1790	650
PB2|PP755596.1|A/cattle/Texas/24-008749-003/2024(H5N1)	1791	647
PB2|PP755596.1|A/cattle/Texas/24-008749-003/2024(H5N1)	1792	648
PB2|PP755596.1|A/cattle/Texas/24-008749-003/2024(H5N1)	1793	647
PB2|PP755596.1|A/cattle/Texas/24-008749-003/2024(H5N1)	1794	645
PB2|PP755596.1|A/cattle/Texas/24-008749-003/2024(H5N1)	1795	647
PB2|PP755596.1|A/cattle/Texas/24-008749-003/2024(H5N1)	1796	644
PB2|PP755596.1|A/cattle/Texas/24-008749-003/2024(H5N1)	1797	652
PB2|PP755596.1|A/cattle/Texas/24-008749-003/2024(H5N1)	1798	652
PB2|PP755596.1|A/cattle/Texas/24-008749-003/2024(H5N1)	1799	650
PB2|PP755596.1|A/cattle/Texas/24-008749-003/2024(H5N1)	1800	648
PB2|PP755596.1|A/cattle/Texas/24-008749-003/2024(H5N1)	1801	651
PB2|PP755596.1|A/cattle/Texas/24-008749-003/2024(H5N1)	1802	651
PB2|PP755596.1|A/cattle/Texas/24-008749-003/2024(H5N1)	1803	651
PB2|PP755596.1|A/cattle/Texas/24-008749-003/2024(H5N1)	1804	651
PB2|PP755596.1|A/cattle/Texas/24-008749-003/2024(H5N1)	1805	650
PB2|PP755596.1|A/cattle/Texas/24-008749-003/2024(H5N1)	1806	656
PB2|PP755596.1|A/cattle/Texas/24-008749-003/2024(H5N1)	1807	655
PB2|PP755596.1|A/cattle/Texas/24-008749-003/2024(H5N1)	1808	659
PB2|PP755596.1|A/cattle/Texas/24-008749-003/2024(H5N1)	1809	659
PB2|PP755596.1|A/cattle/Texas/24-008749-003/2024(H5N1)	1810	661
PB2|PP755596.1|A/cattle/Texas/24-008749-003/2024(H5N1)	1811	661
PB2|PP755596.1|A/cattle/Texas/24-008749-003/2024(H5N1)	1812	664
PB2|PP755596.1|A/cattle/Texas/24-008749-003/2024(H5N1)	1813	664
PB2|PP755596.1|A/cattle/Texas/24-008749-003/2024(H5N1)	1814	669
PB2|PP755596.1|A/cattle/Texas/24-008749-003/2024(H5N1)	1815	664
PB2|PP755596.1|A/cattle/Texas/24-008749-003/2024(H5N1)	1816	666
PB2|PP755596.1|A/cattle/Texas/24-008749-003/2024(H5N1)	1817	663
PB2|PP755596.1|A/cattle/Texas/24-008749-003/2024(H5N1)	1818	666
PB2|PP755596.1|A/cattle/Texas/24-008749-003/2024(H5N1)	1819	668
PB2|PP755596.1|A/cattle/Texas/24-008749-003/2024(H5N1)	1820	667
PB2|PP755596.1|A/cattle/Texas/24-008749-003/2024(H5N1)	1821	667
PB2|PP755596.1|A/cattle/Texas/24-008749-003/2024(H5N1)	1822	666
PB2|PP755596.1|A/cattle/Texas/24-008749-003/2024(H5N1)	1823	668
PB2|PP755596.1|A/cattle/Texas/24-008749-003/2024(H5N1)	1824	667
PB2|PP755596.1|A/cattle/Texas/24-008749-003/2024(H5N1)	1825	668
PB2|PP755596.1|A/cattle/Texas/24-008749-003/2024(H5N1)	1826	680
PB2|PP755596.1|A/cattle/Texas/24-008749-003/2024(H5N1)	1827	687
PB2|PP755596.1|A/cattle/Texas/24-008749-003/2024(H5N1)	1828	687
PB2|PP755596.1|A/cattle/Texas/24-008749-003/2024(H5N1)	1829	686
PB2|PP755596.1|A/cattle/Texas/24-008749-003/2024(H5N1)	1830	686
PB2|PP755596.1|A/cattle/Texas/24-008749-003/2024(H5N1)	1831	686
PB2|PP755596.1|A/cattle/Texas/24-008749-003/2024(H5N1)	1832	694
PB2|PP755596.1|A/cattle/Texas/24-008749-003/2024(H5N1)	1833	692
PB2|PP755596.1|A/cattle/Texas/24-008749-003/2024(H5N1)	1834	686
PB2|PP755596.1|A/cattle/Texas/24-008749-003/2024(H5N1)	1835	685
PB2|PP755596.1|A/cattle/Texas/24-008749-003/2024(H5N1)	1836	653
PB2|PP755596.1|A/cattle/Texas/24-008749-003/2024(H5N1)	1837	687
PB2|PP755596.1|A/cattle/Texas/24-008749-003/2024(H5N1)	1838	687
PB2|PP755596.1|A/cattle/Texas/24-008749-003/2024(H5N1)	1839	686
PB2|PP755596.1|A/cattle/Texas/24-008749-003/2024(H5N1)	1840	683
PB2|PP755596.1|A/cattle/Texas/24-008749-003/2024(H5N1)	1841	679
PB2|PP755596.1|A/cattle/Texas/24-008749-003/2024(H5N1)	1842	684
PB2|PP755596.1|A/cattle/Texas/24-008749-003/2024(H5N1)	1843	685
PB2|PP755596.1|A/cattle/Texas/24-008749-003/2024(H5N1)	1844	689
PB2|PP755596.1|A/cattle/Texas/24-008749-003/2024(H5N1)	1845	686
PB2|PP755596.1|A/cattle/Texas/24-008749-003/2024(H5N1)	1846	662
PB2|PP755596.1|A/cattle/Texas/24-008749-003/2024(H5N1)	1847	659
PB2|PP755596.1|A/cattle/Texas/24-008749-003/2024(H5N1)	1848	656
PB2|PP755596.1|A/cattle/Texas/24-008749-003/2024(H5N1)	1849	656
PB2|PP755596.1|A/cattle/Texas/24-008749-003/2024(H5N1)	1850	656
PB2|PP755596.1|A/cattle/Texas/24-008749-003/2024(H5N1)	1851	646
PB2|PP755596.1|A/cattle/Texas/24-008749-003/2024(H5N1)	1852	643
PB2|PP755596.1|A/cattle/Texas/24-008749-003/2024(H5N1)	1853	628
PB2|PP755596.1|A/cattle/Texas/24-008749-003/2024(H5N1)	1854	625
PB2|PP755596.1|A/cattle/Texas/24-008749-003/2024(H5N1)	1855	618
PB2|PP755596.1|A/cattle/Texas/24-008749-003/2024(H5N1)	1856	621
PB2|PP755596.1|A/cattle/Texas/24-008749-003/2024(H5N1)	1857	623
PB2|PP755596.1|A/cattle/Texas/24-008749-003/2024(H5N1)	1858	625
PB2|PP755596.1|A/cattle/Texas/24-008749-003/2024(H5N1)	1859	625
PB2|PP755596.1|A/cattle/Texas/24-008749-003/2024(H5N1)	1860	624
PB2|PP755596.1|A/cattle/Texas/24-008749-003/2024(H5N1)	1861	618
PB2|PP755596.1|A/cattle/Texas/24-008749-003/2024(H5N1)	1862	619
PB2|PP755596.1|A/cattle/Texas/24-008749-003/2024(H5N1)	1863	615
PB2|PP755596.1|A/cattle/Texas/24-008749-003/2024(H5N1)	1864	616
PB2|PP755596.1|A/cattle/Texas/24-008749-003/2024(H5N1)	1865	613
PB2|PP755596.1|A/cattle/Texas/24-008749-003/2024(H5N1)	1866	615
PB2|PP755596.1|A/cattle/Texas/24-008749-003/2024(H5N1)	1867	617
PB2|PP755596.1|A/cattle/Texas/24-008749-003/2024(H5N1)	1868	621
PB2|PP755596.1|A/cattle/Texas/24-008749-003/2024(H5N1)	1869	619
PB2|PP755596.1|A/cattle/Texas/24-008749-003/2024(H5N1)	1870	622
PB2|PP755596.1|A/cattle/Texas/24-008749-003/2024(H5N1)	1871	623
PB2|PP755596.1|A/cattle/Texas/24-008749-003/2024(H5N1)	1872	623
PB2|PP755596.1|A/cattle/Texas/24-008749-003/2024(H5N1)	1873	621
PB2|PP755596.1|A/cattle/Texas/24-008749-003/2024(H5N1)	1874	619
PB2|PP755596.1|A/cattle/Texas/24-008749-003/2024(H5N1)	1875	619
PB2|PP755596.1|A/cattle/Texas/24-008749-003/2024(H5N1)	1876	619
PB2|PP755596.1|A/cattle/Texas/24-008749-003/2024(H5N1)	1877	621
PB2|PP755596.1|A/cattle/Texas/24-008749-003/2024(H5N1)	1878	619
PB2|PP755596.1|A/cattle/Texas/24-008749-003/2024(H5N1)	1879	622
PB2|PP755596.1|A/cattle/Texas/24-008749-003/2024(H5N1)	1880	619
PB2|PP755596.1|A/cattle/Texas/24-008749-003/2024(H5N1)	1881	621
PB2|PP755596.1|A/cattle/Texas/24-008749-003/2024(H5N1)	1882	624
PB2|PP755596.1|A/cattle/Texas/24-008749-003/2024(H5N1)	1883	623
PB2|PP755596.1|A/cattle/Texas/24-008749-003/2024(H5N1)	1884	626
PB2|PP755596.1|A/cattle/Texas/24-008749-003/2024(H5N1)	1885	621
PB2|PP755596.1|A/cattle/Texas/24-008749-003/2024(H5N1)	1886	623
PB2|PP755596.1|A/cattle/Texas/24-008749-003/2024(H5N1)	1887	619
PB2|PP755596.1|A/cattle/Texas/24-008749-003/2024(H5N1)	1888	611
PB2|PP755596.1|A/cattle/Texas/24-008749-003/2024(H5N1)	1889	600
PB2|PP755596.1|A/cattle/Texas/24-008749-003/2024(H5N1)	1890	553
PB2|PP755596.1|A/cattle/Texas/24-008749-003/2024(H5N1)	1891	554
PB2|PP755596.1|A/cattle/Texas/24-008749-003/2024(H5N1)	1892	558
PB2|PP755596.1|A/cattle/Texas/24-008749-003/2024(H5N1)	1893	558
PB2|PP755596.1|A/cattle/Texas/24-008749-003/2024(H5N1)	1894	558
PB2|PP755596.1|A/cattle/Texas/24-008749-003/2024(H5N1)	1895	558
PB2|PP755596.1|A/cattle/Texas/24-008749-003/2024(H5N1)	1896	555
PB2|PP755596.1|A/cattle/Texas/24-008749-003/2024(H5N1)	1897	569
PB2|PP755596.1|A/cattle/Texas/24-008749-003/2024(H5N1)	1898	575
PB2|PP755596.1|A/cattle/Texas/24-008749-003/2024(H5N1)	1899	577
PB2|PP755596.1|A/cattle/Texas/24-008749-003/2024(H5N1)	1900	577
PB2|PP755596.1|A/cattle/Texas/24-008749-003/2024(H5N1)	1901	577
PB2|PP755596.1|A/cattle/Texas/24-008749-003/2024(H5N1)	1902	579
PB2|PP755596.1|A/cattle/Texas/24-008749-003/2024(H5N1)	1903	574
PB2|PP755596.1|A/cattle/Texas/24-008749-003/2024(H5N1)	1904	577
PB2|PP755596.1|A/cattle/Texas/24-008749-003/2024(H5N1)	1905	572
PB2|PP755596.1|A/cattle/Texas/24-008749-003/2024(H5N1)	1906	573
PB2|PP755596.1|A/cattle/Texas/24-008749-003/2024(H5N1)	1907	572
PB2|PP755596.1|A/cattle/Texas/24-008749-003/2024(H5N1)	1908	574
PB2|PP755596.1|A/cattle/Texas/24-008749-003/2024(H5N1)	1909	574
PB2|PP755596.1|A/cattle/Texas/24-008749-003/2024(H5N1)	1910	571
PB2|PP755596.1|A/cattle/Texas/24-008749-003/2024(H5N1)	1911	564
PB2|PP755596.1|A/cattle/Texas/24-008749-003/2024(H5N1)	1912	566
PB2|PP755596.1|A/cattle/Texas/24-008749-003/2024(H5N1)	1913	571
PB2|PP755596.1|A/cattle/Texas/24-008749-003/2024(H5N1)	1914	573
PB2|PP755596.1|A/cattle/Texas/24-008749-003/2024(H5N1)	1915	574
PB2|PP755596.1|A/cattle/Texas/24-008749-003/2024(H5N1)	1916	589
PB2|PP755596.1|A/cattle/Texas/24-008749-003/2024(H5N1)	1917	586
PB2|PP755596.1|A/cattle/Texas/24-008749-003/2024(H5N1)	1918	586
PB2|PP755596.1|A/cattle/Texas/24-008749-003/2024(H5N1)	1919	585
PB2|PP755596.1|A/cattle/Texas/24-008749-003/2024(H5N1)	1920	589
PB2|PP755596.1|A/cattle/Texas/24-008749-003/2024(H5N1)	1921	586
PB2|PP755596.1|A/cattle/Texas/24-008749-003/2024(H5N1)	1922	586
PB2|PP755596.1|A/cattle/Texas/24-008749-003/2024(H5N1)	1923	583
PB2|PP755596.1|A/cattle/Texas/24-008749-003/2024(H5N1)	1924	575
PB2|PP755596.1|A/cattle/Texas/24-008749-003/2024(H5N1)	1925	578
PB2|PP755596.1|A/cattle/Texas/24-008749-003/2024(H5N1)	1926	583
PB2|PP755596.1|A/cattle/Texas/24-008749-003/2024(H5N1)	1927	579
PB2|PP755596.1|A/cattle/Texas/24-008749-003/2024(H5N1)	1928	577
PB2|PP755596.1|A/cattle/Texas/24-008749-003/2024(H5N1)	1929	576
PB2|PP755596.1|A/cattle/Texas/24-008749-003/2024(H5N1)	1930	588
PB2|PP755596.1|A/cattle/Texas/24-008749-003/2024(H5N1)	1931	592
PB2|PP755596.1|A/cattle/Texas/24-008749-003/2024(H5N1)	1932	590
PB2|PP755596.1|A/cattle/Texas/24-008749-003/2024(H5N1)	1933	590
PB2|PP755596.1|A/cattle/Texas/24-008749-003/2024(H5N1)	1934	585
PB2|PP755596.1|A/cattle/Texas/24-008749-003/2024(H5N1)	1935	584
PB2|PP755596.1|A/cattle/Texas/24-008749-003/2024(H5N1)	1936	582
PB2|PP755596.1|A/cattle/Texas/24-008749-003/2024(H5N1)	1937	587
PB2|PP755596.1|A/cattle/Texas/24-008749-003/2024(H5N1)	1938	587
PB2|PP755596.1|A/cattle/Texas/24-008749-003/2024(H5N1)	1939	571
PB2|PP755596.1|A/cattle/Texas/24-008749-003/2024(H5N1)	1940	569
PB2|PP755596.1|A/cattle/Texas/24-008749-003/2024(H5N1)	1941	570
PB2|PP755596.1|A/cattle/Texas/24-008749-003/2024(H5N1)	1942	569
PB2|PP755596.1|A/cattle/Texas/24-008749-003/2024(H5N1)	1943	532
PB2|PP755596.1|A/cattle/Texas/24-008749-003/2024(H5N1)	1944	533
PB2|PP755596.1|A/cattle/Texas/24-008749-003/2024(H5N1)	1945	536
PB2|PP755596.1|A/cattle/Texas/24-008749-003/2024(H5N1)	1946	537
PB2|PP755596.1|A/cattle/Texas/24-008749-003/2024(H5N1)	1947	538
PB2|PP755596.1|A/cattle/Texas/24-008749-003/2024(H5N1)	1948	533
PB2|PP755596.1|A/cattle/Texas/24-008749-003/2024(H5N1)	1949	531
PB2|PP755596.1|A/cattle/Texas/24-008749-003/2024(H5N1)	1950	535
PB2|PP755596.1|A/cattle/Texas/24-008749-003/2024(H5N1)	1951	534
PB2|PP755596.1|A/cattle/Texas/24-008749-003/2024(H5N1)	1952	535
PB2|PP755596.1|A/cattle/Texas/24-008749-003/2024(H5N1)	1953	531
PB2|PP755596.1|A/cattle/Texas/24-008749-003/2024(H5N1)	1954	521
PB2|PP755596.1|A/cattle/Texas/24-008749-003/2024(H5N1)	1955	532
PB2|PP755596.1|A/cattle/Texas/24-008749-003/2024(H5N1)	1956	532
PB2|PP755596.1|A/cattle/Texas/24-008749-003/2024(H5N1)	1957	532
PB2|PP755596.1|A/cattle/Texas/24-008749-003/2024(H5N1)	1958	528
PB2|PP755596.1|A/cattle/Texas/24-008749-003/2024(H5N1)	1959	515
PB2|PP755596.1|A/cattle/Texas/24-008749-003/2024(H5N1)	1960	510
PB2|PP755596.1|A/cattle/Texas/24-008749-003/2024(H5N1)	1961	509
PB2|PP755596.1|A/cattle/Texas/24-008749-003/2024(H5N1)	1962	505
PB2|PP755596.1|A/cattle/Texas/24-008749-003/2024(H5N1)	1963	525
PB2|PP755596.1|A/cattle/Texas/24-008749-003/2024(H5N1)	1964	515
PB2|PP755596.1|A/cattle/Texas/24-008749-003/2024(H5N1)	1965	518
PB2|PP755596.1|A/cattle/Texas/24-008749-003/2024(H5N1)	1966	519
PB2|PP755596.1|A/cattle/Texas/24-008749-003/2024(H5N1)	1967	518
PB2|PP755596.1|A/cattle/Texas/24-008749-003/2024(H5N1)	1968	518
PB2|PP755596.1|A/cattle/Texas/24-008749-003/2024(H5N1)	1969	518
PB2|PP755596.1|A/cattle/Texas/24-008749-003/2024(H5N1)	1970	523
PB2|PP755596.1|A/cattle/Texas/24-008749-003/2024(H5N1)	1971	523
PB2|PP755596.1|A/cattle/Texas/24-008749-003/2024(H5N1)	1972	519
PB2|PP755596.1|A/cattle/Texas/24-008749-003/2024(H5N1)	1973	520
PB2|PP755596.1|A/cattle/Texas/24-008749-003/2024(H5N1)	1974	522
PB2|PP755596.1|A/cattle/Texas/24-008749-003/2024(H5N1)	1975	528
PB2|PP755596.1|A/cattle/Texas/24-008749-003/2024(H5N1)	1976	528
PB2|PP755596.1|A/cattle/Texas/24-008749-003/2024(H5N1)	1977	527
PB2|PP755596.1|A/cattle/Texas/24-008749-003/2024(H5N1)	1978	521
PB2|PP755596.1|A/cattle/Texas/24-008749-003/2024(H5N1)	1979	517
PB2|PP755596.1|A/cattle/Texas/24-008749-003/2024(H5N1)	1980	517
PB2|PP755596.1|A/cattle/Texas/24-008749-003/2024(H5N1)	1981	548
PB2|PP755596.1|A/cattle/Texas/24-008749-003/2024(H5N1)	1982	551
PB2|PP755596.1|A/cattle/Texas/24-008749-003/2024(H5N1)	1983	548
PB2|PP755596.1|A/cattle/Texas/24-008749-003/2024(H5N1)	1984	550
PB2|PP755596.1|A/cattle/Texas/24-008749-003/2024(H5N1)	1985	552
PB2|PP755596.1|A/cattle/Texas/24-008749-003/2024(H5N1)	1986	554
PB2|PP755596.1|A/cattle/Texas/24-008749-003/2024(H5N1)	1987	554
PB2|PP755596.1|A/cattle/Texas/24-008749-003/2024(H5N1)	1988	552
PB2|PP755596.1|A/cattle/Texas/24-008749-003/2024(H5N1)	1989	550
PB2|PP755596.1|A/cattle/Texas/24-008749-003/2024(H5N1)	1990	553
PB2|PP755596.1|A/cattle/Texas/24-008749-003/2024(H5N1)	1991	554
PB2|PP755596.1|A/cattle/Texas/24-008749-003/2024(H5N1)	1992	552
PB2|PP755596.1|A/cattle/Texas/24-008749-003/2024(H5N1)	1993	551
PB2|PP755596.1|A/cattle/Texas/24-008749-003/2024(H5N1)	1994	552
PB2|PP755596.1|A/cattle/Texas/24-008749-003/2024(H5N1)	1995	547
PB2|PP755596.1|A/cattle/Texas/24-008749-003/2024(H5N1)	1996	547
PB2|PP755596.1|A/cattle/Texas/24-008749-003/2024(H5N1)	1997	548
PB2|PP755596.1|A/cattle/Texas/24-008749-003/2024(H5N1)	1998	547
PB2|PP755596.1|A/cattle/Texas/24-008749-003/2024(H5N1)	1999	555
PB2|PP755596.1|A/cattle/Texas/24-008749-003/2024(H5N1)	2000	560
PB2|PP755596.1|A/cattle/Texas/24-008749-003/2024(H5N1)	2001	557
PB2|PP755596.1|A/cattle/Texas/24-008749-003/2024(H5N1)	2002	551
PB2|PP755596.1|A/cattle/Texas/24-008749-003/2024(H5N1)	2003	547
PB2|PP755596.1|A/cattle/Texas/24-008749-003/2024(H5N1)	2004	546
PB2|PP755596.1|A/cattle/Texas/24-008749-003/2024(H5N1)	2005	546
PB2|PP755596.1|A/cattle/Texas/24-008749-003/2024(H5N1)	2006	546
PB2|PP755596.1|A/cattle/Texas/24-008749-003/2024(H5N1)	2007	546
PB2|PP755596.1|A/cattle/Texas/24-008749-003/2024(H5N1)	2008	544
PB2|PP755596.1|A/cattle/Texas/24-008749-003/2024(H5N1)	2009	544
PB2|PP755596.1|A/cattle/Texas/24-008749-003/2024(H5N1)	2010	543
PB2|PP755596.1|A/cattle/Texas/24-008749-003/2024(H5N1)	2011	541
PB2|PP755596.1|A/cattle/Texas/24-008749-003/2024(H5N1)	2012	547
PB2|PP755596.1|A/cattle/Texas/24-008749-003/2024(H5N1)	2013	542
PB2|PP755596.1|A/cattle/Texas/24-008749-003/2024(H5N1)	2014	559
PB2|PP755596.1|A/cattle/Texas/24-008749-003/2024(H5N1)	2015	555
PB2|PP755596.1|A/cattle/Texas/24-008749-003/2024(H5N1)	2016	551
PB2|PP755596.1|A/cattle/Texas/24-008749-003/2024(H5N1)	2017	553
PB2|PP755596.1|A/cattle/Texas/24-008749-003/2024(H5N1)	2018	556
PB2|PP755596.1|A/cattle/Texas/24-008749-003/2024(H5N1)	2019	539
PB2|PP755596.1|A/cattle/Texas/24-008749-003/2024(H5N1)	2020	539
PB2|PP755596.1|A/cattle/Texas/24-008749-003/2024(H5N1)	2021	530
PB2|PP755596.1|A/cattle/Texas/24-008749-003/2024(H5N1)	2022	531
PB2|PP755596.1|A/cattle/Texas/24-008749-003/2024(H5N1)	2023	531
PB2|PP755596.1|A/cattle/Texas/24-008749-003/2024(H5N1)	2024	527
PB2|PP755596.1|A/cattle/Texas/24-008749-003/2024(H5N1)	2025	527
PB2|PP755596.1|A/cattle/Texas/24-008749-003/2024(H5N1)	2026	529
PB2|PP755596.1|A/cattle/Texas/24-008749-003/2024(H5N1)	2027	535
PB2|PP755596.1|A/cattle/Texas/24-008749-003/2024(H5N1)	2028	537
PB2|PP755596.1|A/cattle/Texas/24-008749-003/2024(H5N1)	2029	536
PB2|PP755596.1|A/cattle/Texas/24-008749-003/2024(H5N1)	2030	542
PB2|PP755596.1|A/cattle/Texas/24-008749-003/2024(H5N1)	2031	538
PB2|PP755596.1|A/cattle/Texas/24-008749-003/2024(H5N1)	2032	535
PB2|PP755596.1|A/cattle/Texas/24-008749-003/2024(H5N1)	2033	544
PB2|PP755596.1|A/cattle/Texas/24-008749-003/2024(H5N1)	2034	541
PB2|PP755596.1|A/cattle/Texas/24-008749-003/2024(H5N1)	2035	539
PB2|PP755596.1|A/cattle/Texas/24-008749-003/2024(H5N1)	2036	535
PB2|PP755596.1|A/cattle/Texas/24-008749-003/2024(H5N1)	2037	531
PB2|PP755596.1|A/cattle/Texas/24-008749-003/2024(H5N1)	2038	533
PB2|PP755596.1|A/cattle/Texas/24-008749-003/2024(H5N1)	2039	538
PB2|PP755596.1|A/cattle/Texas/24-008749-003/2024(H5N1)	2040	540
PB2|PP755596.1|A/cattle/Texas/24-008749-003/2024(H5N1)	2041	538
PB2|PP755596.1|A/cattle/Texas/24-008749-003/2024(H5N1)	2042	538
PB2|PP755596.1|A/cattle/Texas/24-008749-003/2024(H5N1)	2043	536
PB2|PP755596.1|A/cattle/Texas/24-008749-003/2024(H5N1)	2044	537
PB2|PP755596.1|A/cattle/Texas/24-008749-003/2024(H5N1)	2045	538
PB2|PP755596.1|A/cattle/Texas/24-008749-003/2024(H5N1)	2046	538
PB2|PP755596.1|A/cattle/Texas/24-008749-003/2024(H5N1)	2047	532
PB2|PP755596.1|A/cattle/Texas/24-008749-003/2024(H5N1)	2048	540
PB2|PP755596.1|A/cattle/Texas/24-008749-003/2024(H5N1)	2049	540
PB2|PP755596.1|A/cattle/Texas/24-008749-003/2024(H5N1)	2050	544
PB2|PP755596.1|A/cattle/Texas/24-008749-003/2024(H5N1)	2051	550
PB2|PP755596.1|A/cattle/Texas/24-008749-003/2024(H5N1)	2052	550
PB2|PP755596.1|A/cattle/Texas/24-008749-003/2024(H5N1)	2053	555
PB2|PP755596.1|A/cattle/Texas/24-008749-003/2024(H5N1)	2054	559
PB2|PP755596.1|A/cattle/Texas/24-008749-003/2024(H5N1)	2055	557
PB2|PP755596.1|A/cattle/Texas/24-008749-003/2024(H5N1)	2056	557
PB2|PP755596.1|A/cattle/Texas/24-008749-003/2024(H5N1)	2057	555
PB2|PP755596.1|A/cattle/Texas/24-008749-003/2024(H5N1)	2058	557
PB2|PP755596.1|A/cattle/Texas/24-008749-003/2024(H5N1)	2059	551
PB2|PP755596.1|A/cattle/Texas/24-008749-003/2024(H5N1)	2060	553
PB2|PP755596.1|A/cattle/Texas/24-008749-003/2024(H5N1)	2061	555
PB2|PP755596.1|A/cattle/Texas/24-008749-003/2024(H5N1)	2062	549
PB2|PP755596.1|A/cattle/Texas/24-008749-003/2024(H5N1)	2063	576
PB2|PP755596.1|A/cattle/Texas/24-008749-003/2024(H5N1)	2064	575
PB2|PP755596.1|A/cattle/Texas/24-008749-003/2024(H5N1)	2065	574
PB2|PP755596.1|A/cattle/Texas/24-008749-003/2024(H5N1)	2066	572
PB2|PP755596.1|A/cattle/Texas/24-008749-003/2024(H5N1)	2067	572
PB2|PP755596.1|A/cattle/Texas/24-008749-003/2024(H5N1)	2068	582
PB2|PP755596.1|A/cattle/Texas/24-008749-003/2024(H5N1)	2069	585
PB2|PP755596.1|A/cattle/Texas/24-008749-003/2024(H5N1)	2070	584
PB2|PP755596.1|A/cattle/Texas/24-008749-003/2024(H5N1)	2071	586
PB2|PP755596.1|A/cattle/Texas/24-008749-003/2024(H5N1)	2072	587
PB2|PP755596.1|A/cattle/Texas/24-008749-003/2024(H5N1)	2073	587
PB2|PP755596.1|A/cattle/Texas/24-008749-003/2024(H5N1)	2074	586
PB2|PP755596.1|A/cattle/Texas/24-008749-003/2024(H5N1)	2075	587
PB2|PP755596.1|A/cattle/Texas/24-008749-003/2024(H5N1)	2076	582
PB2|PP755596.1|A/cattle/Texas/24-008749-003/2024(H5N1)	2077	566
PB2|PP755596.1|A/cattle/Texas/24-008749-003/2024(H5N1)	2078	557
PB2|PP755596.1|A/cattle/Texas/24-008749-003/2024(H5N1)	2079	555
PB2|PP755596.1|A/cattle/Texas/24-008749-003/2024(H5N1)	2080	557
PB2|PP755596.1|A/cattle/Texas/24-008749-003/2024(H5N1)	2081	556
PB2|PP755596.1|A/cattle/Texas/24-008749-003/2024(H5N1)	2082	555
PB2|PP755596.1|A/cattle/Texas/24-008749-003/2024(H5N1)	2083	555
PB2|PP755596.1|A/cattle/Texas/24-008749-003/2024(H5N1)	2084	554
PB2|PP755596.1|A/cattle/Texas/24-008749-003/2024(H5N1)	2085	554
PB2|PP755596.1|A/cattle/Texas/24-008749-003/2024(H5N1)	2086	548
PB2|PP755596.1|A/cattle/Texas/24-008749-003/2024(H5N1)	2087	548
PB2|PP755596.1|A/cattle/Texas/24-008749-003/2024(H5N1)	2088	526
PB2|PP755596.1|A/cattle/Texas/24-008749-003/2024(H5N1)	2089	526
PB2|PP755596.1|A/cattle/Texas/24-008749-003/2024(H5N1)	2090	526
PB2|PP755596.1|A/cattle/Texas/24-008749-003/2024(H5N1)	2091	525
PB2|PP755596.1|A/cattle/Texas/24-008749-003/2024(H5N1)	2092	525
PB2|PP755596.1|A/cattle/Texas/24-008749-003/2024(H5N1)	2093	523
PB2|PP755596.1|A/cattle/Texas/24-008749-003/2024(H5N1)	2094	519
PB2|PP755596.1|A/cattle/Texas/24-008749-003/2024(H5N1)	2095	517
PB2|PP755596.1|A/cattle/Texas/24-008749-003/2024(H5N1)	2096	517
PB2|PP755596.1|A/cattle/Texas/24-008749-003/2024(H5N1)	2097	516
PB2|PP755596.1|A/cattle/Texas/24-008749-003/2024(H5N1)	2098	516
PB2|PP755596.1|A/cattle/Texas/24-008749-003/2024(H5N1)	2099	516
PB2|PP755596.1|A/cattle/Texas/24-008749-003/2024(H5N1)	2100	522
PB2|PP755596.1|A/cattle/Texas/24-008749-003/2024(H5N1)	2101	526
PB2|PP755596.1|A/cattle/Texas/24-008749-003/2024(H5N1)	2102	529
PB2|PP755596.1|A/cattle/Texas/24-008749-003/2024(H5N1)	2103	529
PB2|PP755596.1|A/cattle/Texas/24-008749-003/2024(H5N1)	2104	529
PB2|PP755596.1|A/cattle/Texas/24-008749-003/2024(H5N1)	2105	528
PB2|PP755596.1|A/cattle/Texas/24-008749-003/2024(H5N1)	2106	530
PB2|PP755596.1|A/cattle/Texas/24-008749-003/2024(H5N1)	2107	529
PB2|PP755596.1|A/cattle/Texas/24-008749-003/2024(H5N1)	2108	529
PB2|PP755596.1|A/cattle/Texas/24-008749-003/2024(H5N1)	2109	529
PB2|PP755596.1|A/cattle/Texas/24-008749-003/2024(H5N1)	2110	526
PB2|PP755596.1|A/cattle/Texas/24-008749-003/2024(H5N1)	2111	524
PB2|PP755596.1|A/cattle/Texas/24-008749-003/2024(H5N1)	2112	519
PB2|PP755596.1|A/cattle/Texas/24-008749-003/2024(H5N1)	2113	517
PB2|PP755596.1|A/cattle/Texas/24-008749-003/2024(H5N1)	2114	522
PB2|PP755596.1|A/cattle/Texas/24-008749-003/2024(H5N1)	2115	519
PB2|PP755596.1|A/cattle/Texas/24-008749-003/2024(H5N1)	2116	513
PB2|PP755596.1|A/cattle/Texas/24-008749-003/2024(H5N1)	2117	503
PB2|PP755596.1|A/cattle/Texas/24-008749-003/2024(H5N1)	2118	496
PB2|PP755596.1|A/cattle/Texas/24-008749-003/2024(H5N1)	2119	498
PB2|PP755596.1|A/cattle/Texas/24-008749-003/2024(H5N1)	2120	495
PB2|PP755596.1|A/cattle/Texas/24-008749-003/2024(H5N1)	2121	494
PB2|PP755596.1|A/cattle/Texas/24-008749-003/2024(H5N1)	2122	490
PB2|PP755596.1|A/cattle/Texas/24-008749-003/2024(H5N1)	2123	480
PB2|PP755596.1|A/cattle/Texas/24-008749-003/2024(H5N1)	2124	481
PB2|PP755596.1|A/cattle/Texas/24-008749-003/2024(H5N1)	2125	479
PB2|PP755596.1|A/cattle/Texas/24-008749-003/2024(H5N1)	2126	483
PB2|PP755596.1|A/cattle/Texas/24-008749-003/2024(H5N1)	2127	483
PB2|PP755596.1|A/cattle/Texas/24-008749-003/2024(H5N1)	2128	473
PB2|PP755596.1|A/cattle/Texas/24-008749-003/2024(H5N1)	2129	474
PB2|PP755596.1|A/cattle/Texas/24-008749-003/2024(H5N1)	2130	473
PB2|PP755596.1|A/cattle/Texas/24-008749-003/2024(H5N1)	2131	475
PB2|PP755596.1|A/cattle/Texas/24-008749-003/2024(H5N1)	2132	475
PB2|PP755596.1|A/cattle/Texas/24-008749-003/2024(H5N1)	2133	470
PB2|PP755596.1|A/cattle/Texas/24-008749-003/2024(H5N1)	2134	472
PB2|PP755596.1|A/cattle/Texas/24-008749-003/2024(H5N1)	2135	463
PB2|PP755596.1|A/cattle/Texas/24-008749-003/2024(H5N1)	2136	463
PB2|PP755596.1|A/cattle/Texas/24-008749-003/2024(H5N1)	2137	459
PB2|PP755596.1|A/cattle/Texas/24-008749-003/2024(H5N1)	2138	447
PB2|PP755596.1|A/cattle/Texas/24-008749-003/2024(H5N1)	2139	447
PB2|PP755596.1|A/cattle/Texas/24-008749-003/2024(H5N1)	2140	447
PB2|PP755596.1|A/cattle/Texas/24-008749-003/2024(H5N1)	2141	446
PB2|PP755596.1|A/cattle/Texas/24-008749-003/2024(H5N1)	2142	444
PB2|PP755596.1|A/cattle/Texas/24-008749-003/2024(H5N1)	2143	441
PB2|PP755596.1|A/cattle/Texas/24-008749-003/2024(H5N1)	2144	441
PB2|PP755596.1|A/cattle/Texas/24-008749-003/2024(H5N1)	2145	440
PB2|PP755596.1|A/cattle/Texas/24-008749-003/2024(H5N1)	2146	432
PB2|PP755596.1|A/cattle/Texas/24-008749-003/2024(H5N1)	2147	430
PB2|PP755596.1|A/cattle/Texas/24-008749-003/2024(H5N1)	2148	429
PB2|PP755596.1|A/cattle/Texas/24-008749-003/2024(H5N1)	2149	437
PB2|PP755596.1|A/cattle/Texas/24-008749-003/2024(H5N1)	2150	437
PB2|PP755596.1|A/cattle/Texas/24-008749-003/2024(H5N1)	2151	437
PB2|PP755596.1|A/cattle/Texas/24-008749-003/2024(H5N1)	2152	437
PB2|PP755596.1|A/cattle/Texas/24-008749-003/2024(H5N1)	2153	433
PB2|PP755596.1|A/cattle/Texas/24-008749-003/2024(H5N1)	2154	437
PB2|PP755596.1|A/cattle/Texas/24-008749-003/2024(H5N1)	2155	435
PB2|PP755596.1|A/cattle/Texas/24-008749-003/2024(H5N1)	2156	435
PB2|PP755596.1|A/cattle/Texas/24-008749-003/2024(H5N1)	2157	432
PB2|PP755596.1|A/cattle/Texas/24-008749-003/2024(H5N1)	2158	434
PB2|PP755596.1|A/cattle/Texas/24-008749-003/2024(H5N1)	2159	433
PB2|PP755596.1|A/cattle/Texas/24-008749-003/2024(H5N1)	2160	433
PB2|PP755596.1|A/cattle/Texas/24-008749-003/2024(H5N1)	2161	431
PB2|PP755596.1|A/cattle/Texas/24-008749-003/2024(H5N1)	2162	431
PB2|PP755596.1|A/cattle/Texas/24-008749-003/2024(H5N1)	2163	423
PB2|PP755596.1|A/cattle/Texas/24-008749-003/2024(H5N1)	2164	420
PB2|PP755596.1|A/cattle/Texas/24-008749-003/2024(H5N1)	2165	415
PB2|PP755596.1|A/cattle/Texas/24-008749-003/2024(H5N1)	2166	414
PB2|PP755596.1|A/cattle/Texas/24-008749-003/2024(H5N1)	2167	411
PB2|PP755596.1|A/cattle/Texas/24-008749-003/2024(H5N1)	2168	408
PB2|PP755596.1|A/cattle/Texas/24-008749-003/2024(H5N1)	2169	402
PB2|PP755596.1|A/cattle/Texas/24-008749-003/2024(H5N1)	2170	404
PB2|PP755596.1|A/cattle/Texas/24-008749-003/2024(H5N1)	2171	394
PB2|PP755596.1|A/cattle/Texas/24-008749-003/2024(H5N1)	2172	392
PB2|PP755596.1|A/cattle/Texas/24-008749-003/2024(H5N1)	2173	390
PB2|PP755596.1|A/cattle/Texas/24-008749-003/2024(H5N1)	2174	387
PB2|PP755596.1|A/cattle/Texas/24-008749-003/2024(H5N1)	2175	387
PB2|PP755596.1|A/cattle/Texas/24-008749-003/2024(H5N1)	2176	385
PB2|PP755596.1|A/cattle/Texas/24-008749-003/2024(H5N1)	2177	385
PB2|PP755596.1|A/cattle/Texas/24-008749-003/2024(H5N1)	2178	382
PB2|PP755596.1|A/cattle/Texas/24-008749-003/2024(H5N1)	2179	376
PB2|PP755596.1|A/cattle/Texas/24-008749-003/2024(H5N1)	2180	373
PB2|PP755596.1|A/cattle/Texas/24-008749-003/2024(H5N1)	2181	365
PB2|PP755596.1|A/cattle/Texas/24-008749-003/2024(H5N1)	2182	366
PB2|PP755596.1|A/cattle/Texas/24-008749-003/2024(H5N1)	2183	366
PB2|PP755596.1|A/cattle/Texas/24-008749-003/2024(H5N1)	2184	365
PB2|PP755596.1|A/cattle/Texas/24-008749-003/2024(H5N1)	2185	366
PB2|PP755596.1|A/cattle/Texas/24-008749-003/2024(H5N1)	2186	363
PB2|PP755596.1|A/cattle/Texas/24-008749-003/2024(H5N1)	2187	363
PB2|PP755596.1|A/cattle/Texas/24-008749-003/2024(H5N1)	2188	359
PB2|PP755596.1|A/cattle/Texas/24-008749-003/2024(H5N1)	2189	361
PB2|PP755596.1|A/cattle/Texas/24-008749-003/2024(H5N1)	2190	359
PB2|PP755596.1|A/cattle/Texas/24-008749-003/2024(H5N1)	2191	358
PB2|PP755596.1|A/cattle/Texas/24-008749-003/2024(H5N1)	2192	357
PB2|PP755596.1|A/cattle/Texas/24-008749-003/2024(H5N1)	2193	355
PB2|PP755596.1|A/cattle/Texas/24-008749-003/2024(H5N1)	2194	355
PB2|PP755596.1|A/cattle/Texas/24-008749-003/2024(H5N1)	2195	350
PB2|PP755596.1|A/cattle/Texas/24-008749-003/2024(H5N1)	2196	348
PB2|PP755596.1|A/cattle/Texas/24-008749-003/2024(H5N1)	2197	346
PB2|PP755596.1|A/cattle/Texas/24-008749-003/2024(H5N1)	2198	343
PB2|PP755596.1|A/cattle/Texas/24-008749-003/2024(H5N1)	2199	342
PB2|PP755596.1|A/cattle/Texas/24-008749-003/2024(H5N1)	2200	339
PB2|PP755596.1|A/cattle/Texas/24-008749-003/2024(H5N1)	2201	334
PB2|PP755596.1|A/cattle/Texas/24-008749-003/2024(H5N1)	2202	331
PB2|PP755596.1|A/cattle/Texas/24-008749-003/2024(H5N1)	2203	328
PB2|PP755596.1|A/cattle/Texas/24-008749-003/2024(H5N1)	2204	325
PB2|PP755596.1|A/cattle/Texas/24-008749-003/2024(H5N1)	2205	324
PB2|PP755596.1|A/cattle/Texas/24-008749-003/2024(H5N1)	2206	316
PB2|PP755596.1|A/cattle/Texas/24-008749-003/2024(H5N1)	2207	316
PB2|PP755596.1|A/cattle/Texas/24-008749-003/2024(H5N1)	2208	313
PB2|PP755596.1|A/cattle/Texas/24-008749-003/2024(H5N1)	2209	313
PB2|PP755596.1|A/cattle/Texas/24-008749-003/2024(H5N1)	2210	313
PB2|PP755596.1|A/cattle/Texas/24-008749-003/2024(H5N1)	2211	311
PB2|PP755596.1|A/cattle/Texas/24-008749-003/2024(H5N1)	2212	311
PB2|PP755596.1|A/cattle/Texas/24-008749-003/2024(H5N1)	2213	311
PB2|PP755596.1|A/cattle/Texas/24-008749-003/2024(H5N1)	2214	306
PB2|PP755596.1|A/cattle/Texas/24-008749-003/2024(H5N1)	2215	303
PB2|PP755596.1|A/cattle/Texas/24-008749-003/2024(H5N1)	2216	301
PB2|PP755596.1|A/cattle/Texas/24-008749-003/2024(H5N1)	2217	301
PB2|PP755596.1|A/cattle/Texas/24-008749-003/2024(H5N1)	2218	302
PB2|PP755596.1|A/cattle/Texas/24-008749-003/2024(H5N1)	2219	302
PB2|PP755596.1|A/cattle/Texas/24-008749-003/2024(H5N1)	2220	298
PB2|PP755596.1|A/cattle/Texas/24-008749-003/2024(H5N1)	2221	298
PB2|PP755596.1|A/cattle/Texas/24-008749-003/2024(H5N1)	2222	298
PB2|PP755596.1|A/cattle/Texas/24-008749-003/2024(H5N1)	2223	298
PB2|PP755596.1|A/cattle/Texas/24-008749-003/2024(H5N1)	2224	296
PB2|PP755596.1|A/cattle/Texas/24-008749-003/2024(H5N1)	2225	298
PB2|PP755596.1|A/cattle/Texas/24-008749-003/2024(H5N1)	2226	293
PB2|PP755596.1|A/cattle/Texas/24-008749-003/2024(H5N1)	2227	293
PB2|PP755596.1|A/cattle/Texas/24-008749-003/2024(H5N1)	2228	293
PB2|PP755596.1|A/cattle/Texas/24-008749-003/2024(H5N1)	2229	286
PB2|PP755596.1|A/cattle/Texas/24-008749-003/2024(H5N1)	2230	285
PB2|PP755596.1|A/cattle/Texas/24-008749-003/2024(H5N1)	2231	242
PB2|PP755596.1|A/cattle/Texas/24-008749-003/2024(H5N1)	2232	242
PB2|PP755596.1|A/cattle/Texas/24-008749-003/2024(H5N1)	2233	237
PB2|PP755596.1|A/cattle/Texas/24-008749-003/2024(H5N1)	2234	236
PB2|PP755596.1|A/cattle/Texas/24-008749-003/2024(H5N1)	2235	232
PB2|PP755596.1|A/cattle/Texas/24-008749-003/2024(H5N1)	2236	232
PB2|PP755596.1|A/cattle/Texas/24-008749-003/2024(H5N1)	2237	228
PB2|PP755596.1|A/cattle/Texas/24-008749-003/2024(H5N1)	2238	228
PB2|PP755596.1|A/cattle/Texas/24-008749-003/2024(H5N1)	2239	211
PB2|PP755596.1|A/cattle/Texas/24-008749-003/2024(H5N1)	2240	213
PB2|PP755596.1|A/cattle/Texas/24-008749-003/2024(H5N1)	2241	214
PB2|PP755596.1|A/cattle/Texas/24-008749-003/2024(H5N1)	2242	214
PB2|PP755596.1|A/cattle/Texas/24-008749-003/2024(H5N1)	2243	212
PB2|PP755596.1|A/cattle/Texas/24-008749-003/2024(H5N1)	2244	212
PB2|PP755596.1|A/cattle/Texas/24-008749-003/2024(H5N1)	2245	212
PB2|PP755596.1|A/cattle/Texas/24-008749-003/2024(H5N1)	2246	212
PB2|PP755596.1|A/cattle/Texas/24-008749-003/2024(H5N1)	2247	200
PB2|PP755596.1|A/cattle/Texas/24-008749-003/2024(H5N1)	2248	200
PB2|PP755596.1|A/cattle/Texas/24-008749-003/2024(H5N1)	2249	195
PB2|PP755596.1|A/cattle/Texas/24-008749-003/2024(H5N1)	2250	195
PB2|PP755596.1|A/cattle/Texas/24-008749-003/2024(H5N1)	2251	195
PB2|PP755596.1|A/cattle/Texas/24-008749-003/2024(H5N1)	2252	195
PB2|PP755596.1|A/cattle/Texas/24-008749-003/2024(H5N1)	2253	195
PB2|PP755596.1|A/cattle/Texas/24-008749-003/2024(H5N1)	2254	194
PB2|PP755596.1|A/cattle/Texas/24-008749-003/2024(H5N1)	2255	194
PB2|PP755596.1|A/cattle/Texas/24-008749-003/2024(H5N1)	2256	193
PB2|PP755596.1|A/cattle/Texas/24-008749-003/2024(H5N1)	2257	187
PB2|PP755596.1|A/cattle/Texas/24-008749-003/2024(H5N1)	2258	187
PB2|PP755596.1|A/cattle/Texas/24-008749-003/2024(H5N1)	2259	175
PB2|PP755596.1|A/cattle/Texas/24-008749-003/2024(H5N1)	2260	175
PB2|PP755596.1|A/cattle/Texas/24-008749-003/2024(H5N1)	2261	175
PB2|PP755596.1|A/cattle/Texas/24-008749-003/2024(H5N1)	2262	175
PB2|PP755596.1|A/cattle/Texas/24-008749-003/2024(H5N1)	2263	174
PB2|PP755596.1|A/cattle/Texas/24-008749-003/2024(H5N1)	2264	174
PB2|PP755596.1|A/cattle/Texas/24-008749-003/2024(H5N1)	2265	174
PB2|PP755596.1|A/cattle/Texas/24-008749-003/2024(H5N1)	2266	173
PB2|PP755596.1|A/cattle/Texas/24-008749-003/2024(H5N1)	2267	169
PB2|PP755596.1|A/cattle/Texas/24-008749-003/2024(H5N1)	2268	168
PB2|PP755596.1|A/cattle/Texas/24-008749-003/2024(H5N1)	2269	167
PB2|PP755596.1|A/cattle/Texas/24-008749-003/2024(H5N1)	2270	167
PB2|PP755596.1|A/cattle/Texas/24-008749-003/2024(H5N1)	2271	167
PB2|PP755596.1|A/cattle/Texas/24-008749-003/2024(H5N1)	2272	167
PB2|PP755596.1|A/cattle/Texas/24-008749-003/2024(H5N1)	2273	167
PB2|PP755596.1|A/cattle/Texas/24-008749-003/2024(H5N1)	2274	167
PB2|PP755596.1|A/cattle/Texas/24-008749-003/2024(H5N1)	2275	167
PB2|PP755596.1|A/cattle/Texas/24-008749-003/2024(H5N1)	2276	167
PB2|PP755596.1|A/cattle/Texas/24-008749-003/2024(H5N1)	2277	159
PB2|PP755596.1|A/cattle/Texas/24-008749-003/2024(H5N1)	2278	155
PB2|PP755596.1|A/cattle/Texas/24-008749-003/2024(H5N1)	2279	147
PB2|PP755596.1|A/cattle/Texas/24-008749-003/2024(H5N1)	2280	146
