PA|PP755594.1|A/cattle/Texas/24-008749-003/2024(H5N1)	1	67
PA|PP755594.1|A/cattle/Texas/24-008749-003/2024(H5N1)	2	69
PA|PP755594.1|A/cattle/Texas/24-008749-003/2024(H5N1)	3	71
PA|PP755594.1|A/cattle/Texas/24-008749-003/2024(H5N1)	4	72
PA|PP755594.1|A/cattle/Texas/24-008749-003/2024(H5N1)	5	74
PA|PP755594.1|A/cattle/Texas/24-008749-003/2024(H5N1)	6	74
PA|PP755594.1|A/cattle/Texas/24-008749-003/2024(H5N1)	7	74
PA|PP755594.1|A/cattle/Texas/24-008749-003/2024(H5N1)	8	78
PA|PP755594.1|A/cattle/Texas/24-008749-003/2024(H5N1)	9	78
PA|PP755594.1|A/cattle/Texas/24-008749-003/2024(H5N1)	10	78
PA|PP755594.1|A/cattle/Texas/24-008749-003/2024(H5N1)	11	82
PA|PP755594.1|A/cattle/Texas/24-008749-003/2024(H5N1)	12	82
PA|PP755594.1|A/cattle/Texas/24-008749-003/2024(H5N1)	13	82
PA|PP755594.1|A/cattle/Texas/24-008749-003/2024(H5N1)	14	82
PA|PP755594.1|A/cattle/Texas/24-008749-003/2024(H5N1)	15	83
PA|PP755594.1|A/cattle/Texas/24-008749-003/2024(H5N1)	16	86
PA|PP755594.1|A/cattle/Texas/24-008749-003/2024(H5N1)	17	86
PA|PP755594.1|A/cattle/Texas/24-008749-003/2024(H5N1)	18	88
PA|PP755594.1|A/cattle/Texas/24-008749-003/2024(H5N1)	19	88
PA|PP755594.1|A/cattle/Texas/24-008749-003/2024(H5N1)	20	88
PA|PP755594.1|A/cattle/Texas/24-008749-003/2024(H5N1)	21	88
PA|PP755594.1|A/cattle/Texas/24-008749-003/2024(H5N1)	22	89
PA|PP755594.1|A/cattle/Texas/24-008749-003/2024(H5N1)	23	93
PA|PP755594.1|A/cattle/Texas/24-008749-003/2024(H5N1)	24	98
PA|PP755594.1|A/cattle/Texas/24-008749-003/2024(H5N1)	25	99
PA|PP755594.1|A/cattle/Texas/24-008749-003/2024(H5N1)	26	100
PA|PP755594.1|A/cattle/Texas/24-008749-003/2024(H5N1)	27	100
PA|PP755594.1|A/cattle/Texas/24-008749-003/2024(H5N1)	28	101
PA|PP755594.1|A/cattle/Texas/24-008749-003/2024(H5N1)	29	104
PA|PP755594.1|A/cattle/Texas/24-008749-003/2024(H5N1)	30	104
PA|PP755594.1|A/cattle/Texas/24-008749-003/2024(H5N1)	31	104
PA|PP755594.1|A/cattle/Texas/24-008749-003/2024(H5N1)	32	105
PA|PP755594.1|A/cattle/Texas/24-008749-003/2024(H5N1)	33	106
PA|PP755594.1|A/cattle/Texas/24-008749-003/2024(H5N1)	34	106
PA|PP755594.1|A/cattle/Texas/24-008749-003/2024(H5N1)	35	107
PA|PP755594.1|A/cattle/Texas/24-008749-003/2024(H5N1)	36	108
PA|PP755594.1|A/cattle/Texas/24-008749-003/2024(H5N1)	37	111
PA|PP755594.1|A/cattle/Texas/24-008749-003/2024(H5N1)	38	111
PA|PP755594.1|A/cattle/Texas/24-008749-003/2024(H5N1)	39	111
PA|PP755594.1|A/cattle/Texas/24-008749-003/2024(H5N1)	40	111
PA|PP755594.1|A/cattle/Texas/24-008749-003/2024(H5N1)	41	111
PA|PP755594.1|A/cattle/Texas/24-008749-003/2024(H5N1)	42	112
PA|PP755594.1|A/cattle/Texas/24-008749-003/2024(H5N1)	43	112
PA|PP755594.1|A/cattle/Texas/24-008749-003/2024(H5N1)	44	112
PA|PP755594.1|A/cattle/Texas/24-008749-003/2024(H5N1)	45	114
PA|PP755594.1|A/cattle/Texas/24-008749-003/2024(H5N1)	46	115
PA|PP755594.1|A/cattle/Texas/24-008749-003/2024(H5N1)	47	115
PA|PP755594.1|A/cattle/Texas/24-008749-003/2024(H5N1)	48	115
PA|PP755594.1|A/cattle/Texas/24-008749-003/2024(H5N1)	49	115
PA|PP755594.1|A/cattle/Texas/24-008749-003/2024(H5N1)	50	115
PA|PP755594.1|A/cattle/Texas/24-008749-003/2024(H5N1)	51	115
PA|PP755594.1|A/cattle/Texas/24-008749-003/2024(H5N1)	52	118
PA|PP755594.1|A/cattle/Texas/24-008749-003/2024(H5N1)	53	116
PA|PP755594.1|A/cattle/Texas/24-008749-003/2024(H5N1)	54	119
PA|PP755594.1|A/cattle/Texas/24-008749-003/2024(H5N1)	55	121
PA|PP755594.1|A/cattle/Texas/24-008749-003/2024(H5N1)	56	120
PA|PP755594.1|A/cattle/Texas/24-008749-003/2024(H5N1)	57	119
PA|PP755594.1|A/cattle/Texas/24-008749-003/2024(H5N1)	58	115
PA|PP755594.1|A/cattle/Texas/24-008749-003/2024(H5N1)	59	115
PA|PP755594.1|A/cattle/Texas/24-008749-003/2024(H5N1)	60	116
PA|PP755594.1|A/cattle/Texas/24-008749-003/2024(H5N1)	61	117
PA|PP755594.1|A/cattle/Texas/24-008749-003/2024(H5N1)	62	119
PA|PP755594.1|A/cattle/Texas/24-008749-003/2024(H5N1)	63	122
PA|PP755594.1|A/cattle/Texas/24-008749-003/2024(H5N1)	64	125
PA|PP755594.1|A/cattle/Texas/24-008749-003/2024(H5N1)	65	125
PA|PP755594.1|A/cattle/Texas/24-008749-003/2024(H5N1)	66	125
PA|PP755594.1|A/cattle/Texas/24-008749-003/2024(H5N1)	67	127
PA|PP755594.1|A/cattle/Texas/24-008749-003/2024(H5N1)	68	128
PA|PP755594.1|A/cattle/Texas/24-008749-003/2024(H5N1)	69	130
PA|PP755594.1|A/cattle/Texas/24-008749-003/2024(H5N1)	70	130
PA|PP755594.1|A/cattle/Texas/24-008749-003/2024(H5N1)	71	128
PA|PP755594.1|A/cattle/Texas/24-008749-003/2024(H5N1)	72	122
PA|PP755594.1|A/cattle/Texas/24-008749-003/2024(H5N1)	73	123
PA|PP755594.1|A/cattle/Texas/24-008749-003/2024(H5N1)	74	124
PA|PP755594.1|A/cattle/Texas/24-008749-003/2024(H5N1)	75	124
PA|PP755594.1|A/cattle/Texas/24-008749-003/2024(H5N1)	76	125
PA|PP755594.1|A/cattle/Texas/24-008749-003/2024(H5N1)	77	126
PA|PP755594.1|A/cattle/Texas/24-008749-003/2024(H5N1)	78	123
PA|PP755594.1|A/cattle/Texas/24-008749-003/2024(H5N1)	79	127
PA|PP755594.1|A/cattle/Texas/24-008749-003/2024(H5N1)	80	127
PA|PP755594.1|A/cattle/Texas/24-008749-003/2024(H5N1)	81	127
PA|PP755594.1|A/cattle/Texas/24-008749-003/2024(H5N1)	82	126
PA|PP755594.1|A/cattle/Texas/24-008749-003/2024(H5N1)	83	127
PA|PP755594.1|A/cattle/Texas/24-008749-003/2024(H5N1)	84	127
PA|PP755594.1|A/cattle/Texas/24-008749-003/2024(H5N1)	85	128
PA|PP755594.1|A/cattle/Texas/24-008749-003/2024(H5N1)	86	130
PA|PP755594.1|A/cattle/Texas/24-008749-003/2024(H5N1)	87	130
PA|PP755594.1|A/cattle/Texas/24-008749-003/2024(H5N1)	88	130
PA|PP755594.1|A/cattle/Texas/24-008749-003/2024(H5N1)	89	130
PA|PP755594.1|A/cattle/Texas/24-008749-003/2024(H5N1)	90	130
PA|PP755594.1|A/cattle/Texas/24-008749-003/2024(H5N1)	91	128
PA|PP755594.1|A/cattle/Texas/24-008749-003/2024(H5N1)	92	127
PA|PP755594.1|A/cattle/Texas/24-008749-003/2024(H5N1)	93	127
PA|PP755594.1|A/cattle/Texas/24-008749-003/2024(H5N1)	94	127
PA|PP755594.1|A/cattle/Texas/24-008749-003/2024(H5N1)	95	128
PA|PP755594.1|A/cattle/Texas/24-008749-003/2024(H5N1)	96	128
PA|PP755594.1|A/cattle/Texas/24-008749-003/2024(H5N1)	97	130
PA|PP755594.1|A/cattle/Texas/24-008749-003/2024(H5N1)	98	130
PA|PP755594.1|A/cattle/Texas/24-008749-003/2024(H5N1)	99	130
PA|PP755594.1|A/cattle/Texas/24-008749-003/2024(H5N1)	100	132
PA|PP755594.1|A/cattle/Texas/24-008749-003/2024(H5N1)	101	133
PA|PP755594.1|A/cattle/Texas/24-008749-003/2024(H5N1)	102	133
PA|PP755594.1|A/cattle/Texas/24-008749-003/2024(H5N1)	103	134
PA|PP755594.1|A/cattle/Texas/24-008749-003/2024(H5N1)	104	134
PA|PP755594.1|A/cattle/Texas/24-008749-003/2024(H5N1)	105	134
PA|PP755594.1|A/cattle/Texas/24-008749-003/2024(H5N1)	106	136
PA|PP755594.1|A/cattle/Texas/24-008749-003/2024(H5N1)	107	134
PA|PP755594.1|A/cattle/Texas/24-008749-003/2024(H5N1)	108	132
PA|PP755594.1|A/cattle/Texas/24-008749-003/2024(H5N1)	109	132
PA|PP755594.1|A/cattle/Texas/24-008749-003/2024(H5N1)	110	134
PA|PP755594.1|A/cattle/Texas/24-008749-003/2024(H5N1)	111	134
PA|PP755594.1|A/cattle/Texas/24-008749-003/2024(H5N1)	112	138
PA|PP755594.1|A/cattle/Texas/24-008749-003/2024(H5N1)	113	138
PA|PP755594.1|A/cattle/Texas/24-008749-003/2024(H5N1)	114	138
PA|PP755594.1|A/cattle/Texas/24-008749-003/2024(H5N1)	115	137
PA|PP755594.1|A/cattle/Texas/24-008749-003/2024(H5N1)	116	134
PA|PP755594.1|A/cattle/Texas/24-008749-003/2024(H5N1)	117	134
PA|PP755594.1|A/cattle/Texas/24-008749-003/2024(H5N1)	118	134
PA|PP755594.1|A/cattle/Texas/24-008749-003/2024(H5N1)	119	123
PA|PP755594.1|A/cattle/Texas/24-008749-003/2024(H5N1)	120	121
PA|PP755594.1|A/cattle/Texas/24-008749-003/2024(H5N1)	121	124
PA|PP755594.1|A/cattle/Texas/24-008749-003/2024(H5N1)	122	123
PA|PP755594.1|A/cattle/Texas/24-008749-003/2024(H5N1)	123	126
PA|PP755594.1|A/cattle/Texas/24-008749-003/2024(H5N1)	124	126
PA|PP755594.1|A/cattle/Texas/24-008749-003/2024(H5N1)	125	126
PA|PP755594.1|A/cattle/Texas/24-008749-003/2024(H5N1)	126	126
PA|PP755594.1|A/cattle/Texas/24-008749-003/2024(H5N1)	127	125
PA|PP755594.1|A/cattle/Texas/24-008749-003/2024(H5N1)	128	125
PA|PP755594.1|A/cattle/Texas/24-008749-003/2024(H5N1)	129	125
PA|PP755594.1|A/cattle/Texas/24-008749-003/2024(H5N1)	130	125
PA|PP755594.1|A/cattle/Texas/24-008749-003/2024(H5N1)	131	123
PA|PP755594.1|A/cattle/Texas/24-008749-003/2024(H5N1)	132	121
PA|PP755594.1|A/cattle/Texas/24-008749-003/2024(H5N1)	133	121
PA|PP755594.1|A/cattle/Texas/24-008749-003/2024(H5N1)	134	125
PA|PP755594.1|A/cattle/Texas/24-008749-003/2024(H5N1)	135	120
PA|PP755594.1|A/cattle/Texas/24-008749-003/2024(H5N1)	136	120
PA|PP755594.1|A/cattle/Texas/24-008749-003/2024(H5N1)	137	121
PA|PP755594.1|A/cattle/Texas/24-008749-003/2024(H5N1)	138	104
PA|PP755594.1|A/cattle/Texas/24-008749-003/2024(H5N1)	139	105
PA|PP755594.1|A/cattle/Texas/24-008749-003/2024(H5N1)	140	107
PA|PP755594.1|A/cattle/Texas/24-008749-003/2024(H5N1)	141	109
PA|PP755594.1|A/cattle/Texas/24-008749-003/2024(H5N1)	142	111
PA|PP755594.1|A/cattle/Texas/24-008749-003/2024(H5N1)	143	111
PA|PP755594.1|A/cattle/Texas/24-008749-003/2024(H5N1)	144	111
PA|PP755594.1|A/cattle/Texas/24-008749-003/2024(H5N1)	145	111
PA|PP755594.1|A/cattle/Texas/24-008749-003/2024(H5N1)	146	111
PA|PP755594.1|A/cattle/Texas/24-008749-003/2024(H5N1)	147	111
PA|PP755594.1|A/cattle/Texas/24-008749-003/2024(H5N1)	148	111
PA|PP755594.1|A/cattle/Texas/24-008749-003/2024(H5N1)	149	112
PA|PP755594.1|A/cattle/Texas/24-008749-003/2024(H5N1)	150	112
PA|PP755594.1|A/cattle/Texas/24-008749-003/2024(H5N1)	151	112
PA|PP755594.1|A/cattle/Texas/24-008749-003/2024(H5N1)	152	112
PA|PP755594.1|A/cattle/Texas/24-008749-003/2024(H5N1)	153	113
PA|PP755594.1|A/cattle/Texas/24-008749-003/2024(H5N1)	154	113
PA|PP755594.1|A/cattle/Texas/24-008749-003/2024(H5N1)	155	113
PA|PP755594.1|A/cattle/Texas/24-008749-003/2024(H5N1)	156	113
PA|PP755594.1|A/cattle/Texas/24-008749-003/2024(H5N1)	157	113
PA|PP755594.1|A/cattle/Texas/24-008749-003/2024(H5N1)	158	114
PA|PP755594.1|A/cattle/Texas/24-008749-003/2024(H5N1)	159	112
PA|PP755594.1|A/cattle/Texas/24-008749-003/2024(H5N1)	160	114
PA|PP755594.1|A/cattle/Texas/24-008749-003/2024(H5N1)	161	111
PA|PP755594.1|A/cattle/Texas/24-008749-003/2024(H5N1)	162	108
PA|PP755594.1|A/cattle/Texas/24-008749-003/2024(H5N1)	163	108
PA|PP755594.1|A/cattle/Texas/24-008749-003/2024(H5N1)	164	101
PA|PP755594.1|A/cattle/Texas/24-008749-003/2024(H5N1)	165	96
PA|PP755594.1|A/cattle/Texas/24-008749-003/2024(H5N1)	166	100
PA|PP755594.1|A/cattle/Texas/24-008749-003/2024(H5N1)	167	100
PA|PP755594.1|A/cattle/Texas/24-008749-003/2024(H5N1)	168	100
PA|PP755594.1|A/cattle/Texas/24-008749-003/2024(H5N1)	169	100
PA|PP755594.1|A/cattle/Texas/24-008749-003/2024(H5N1)	170	100
PA|PP755594.1|A/cattle/Texas/24-008749-003/2024(H5N1)	171	100
PA|PP755594.1|A/cattle/Texas/24-008749-003/2024(H5N1)	172	88
PA|PP755594.1|A/cattle/Texas/24-008749-003/2024(H5N1)	173	88
PA|PP755594.1|A/cattle/Texas/24-008749-003/2024(H5N1)	174	90
PA|PP755594.1|A/cattle/Texas/24-008749-003/2024(H5N1)	175	91
PA|PP755594.1|A/cattle/Texas/24-008749-003/2024(H5N1)	176	91
PA|PP755594.1|A/cattle/Texas/24-008749-003/2024(H5N1)	177	89
PA|PP755594.1|A/cattle/Texas/24-008749-003/2024(H5N1)	178	89
PA|PP755594.1|A/cattle/Texas/24-008749-003/2024(H5N1)	179	89
PA|PP755594.1|A/cattle/Texas/24-008749-003/2024(H5N1)	180	89
PA|PP755594.1|A/cattle/Texas/24-008749-003/2024(H5N1)	181	89
PA|PP755594.1|A/cattle/Texas/24-008749-003/2024(H5N1)	182	89
PA|PP755594.1|A/cattle/Texas/24-008749-003/2024(H5N1)	183	89
PA|PP755594.1|A/cattle/Texas/24-008749-003/2024(H5N1)	184	89
PA|PP755594.1|A/cattle/Texas/24-008749-003/2024(H5N1)	185	90
PA|PP755594.1|A/cattle/Texas/24-008749-003/2024(H5N1)	186	90
PA|PP755594.1|A/cattle/Texas/24-008749-003/2024(H5N1)	187	90
PA|PP755594.1|A/cattle/Texas/24-008749-003/2024(H5N1)	188	90
PA|PP755594.1|A/cattle/Texas/24-008749-003/2024(H5N1)	189	90
PA|PP755594.1|A/cattle/Texas/24-008749-003/2024(H5N1)	190	88
PA|PP755594.1|A/cattle/Texas/24-008749-003/2024(H5N1)	191	90
PA|PP755594.1|A/cattle/Texas/24-008749-003/2024(H5N1)	192	91
PA|PP755594.1|A/cattle/Texas/24-008749-003/2024(H5N1)	193	91
PA|PP755594.1|A/cattle/Texas/24-008749-003/2024(H5N1)	194	91
PA|PP755594.1|A/cattle/Texas/24-008749-003/2024(H5N1)	195	91
PA|PP755594.1|A/cattle/Texas/24-008749-003/2024(H5N1)	196	89
PA|PP755594.1|A/cattle/Texas/24-008749-003/2024(H5N1)	197	90
PA|PP755594.1|A/cattle/Texas/24-008749-003/2024(H5N1)	198	90
PA|PP755594.1|A/cattle/Texas/24-008749-003/2024(H5N1)	199	89
PA|PP755594.1|A/cattle/Texas/24-008749-003/2024(H5N1)	200	89
PA|PP755594.1|A/cattle/Texas/24-008749-003/2024(H5N1)	201	89
PA|PP755594.1|A/cattle/Texas/24-008749-003/2024(H5N1)	202	87
PA|PP755594.1|A/cattle/Texas/24-008749-003/2024(H5N1)	203	87
PA|PP755594.1|A/cattle/Texas/24-008749-003/2024(H5N1)	204	87
PA|PP755594.1|A/cattle/Texas/24-008749-003/2024(H5N1)	205	87
PA|PP755594.1|A/cattle/Texas/24-008749-003/2024(H5N1)	206	89
PA|PP755594.1|A/cattle/Texas/24-008749-003/2024(H5N1)	207	91
PA|PP755594.1|A/cattle/Texas/24-008749-003/2024(H5N1)	208	90
PA|PP755594.1|A/cattle/Texas/24-008749-003/2024(H5N1)	209	86
PA|PP755594.1|A/cattle/Texas/24-008749-003/2024(H5N1)	210	86
PA|PP755594.1|A/cattle/Texas/24-008749-003/2024(H5N1)	211	86
PA|PP755594.1|A/cattle/Texas/24-008749-003/2024(H5N1)	212	86
PA|PP755594.1|A/cattle/Texas/24-008749-003/2024(H5N1)	213	86
PA|PP755594.1|A/cattle/Texas/24-008749-003/2024(H5N1)	214	82
PA|PP755594.1|A/cattle/Texas/24-008749-003/2024(H5N1)	215	82
PA|PP755594.1|A/cattle/Texas/24-008749-003/2024(H5N1)	216	82
PA|PP755594.1|A/cattle/Texas/24-008749-003/2024(H5N1)	217	83
PA|PP755594.1|A/cattle/Texas/24-008749-003/2024(H5N1)	218	81
PA|PP755594.1|A/cattle/Texas/24-008749-003/2024(H5N1)	219	79
PA|PP755594.1|A/cattle/Texas/24-008749-003/2024(H5N1)	220	79
PA|PP755594.1|A/cattle/Texas/24-008749-003/2024(H5N1)	221	79
PA|PP755594.1|A/cattle/Texas/24-008749-003/2024(H5N1)	222	79
PA|PP755594.1|A/cattle/Texas/24-008749-003/2024(H5N1)	223	75
PA|PP755594.1|A/cattle/Texas/24-008749-003/2024(H5N1)	224	75
PA|PP755594.1|A/cattle/Texas/24-008749-003/2024(H5N1)	225	75
PA|PP755594.1|A/cattle/Texas/24-008749-003/2024(H5N1)	226	74
PA|PP755594.1|A/cattle/Texas/24-008749-003/2024(H5N1)	227	67
PA|PP755594.1|A/cattle/Texas/24-008749-003/2024(H5N1)	228	67
PA|PP755594.1|A/cattle/Texas/24-008749-003/2024(H5N1)	229	65
PA|PP755594.1|A/cattle/Texas/24-008749-003/2024(H5N1)	230	65
PA|PP755594.1|A/cattle/Texas/24-008749-003/2024(H5N1)	231	65
PA|PP755594.1|A/cattle/Texas/24-008749-003/2024(H5N1)	232	65
PA|PP755594.1|A/cattle/Texas/24-008749-003/2024(H5N1)	233	65
PA|PP755594.1|A/cattle/Texas/24-008749-003/2024(H5N1)	234	63
PA|PP755594.1|A/cattle/Texas/24-008749-003/2024(H5N1)	235	65
PA|PP755594.1|A/cattle/Texas/24-008749-003/2024(H5N1)	236	63
PA|PP755594.1|A/cattle/Texas/24-008749-003/2024(H5N1)	237	64
PA|PP755594.1|A/cattle/Texas/24-008749-003/2024(H5N1)	238	63
PA|PP755594.1|A/cattle/Texas/24-008749-003/2024(H5N1)	239	63
PA|PP755594.1|A/cattle/Texas/24-008749-003/2024(H5N1)	240	63
PA|PP755594.1|A/cattle/Texas/24-008749-003/2024(H5N1)	241	63
PA|PP755594.1|A/cattle/Texas/24-008749-003/2024(H5N1)	242	63
PA|PP755594.1|A/cattle/Texas/24-008749-003/2024(H5N1)	243	63
PA|PP755594.1|A/cattle/Texas/24-008749-003/2024(H5N1)	244	63
PA|PP755594.1|A/cattle/Texas/24-008749-003/2024(H5N1)	245	63
PA|PP755594.1|A/cattle/Texas/24-008749-003/2024(H5N1)	246	63
PA|PP755594.1|A/cattle/Texas/24-008749-003/2024(H5N1)	247	63
PA|PP755594.1|A/cattle/Texas/24-008749-003/2024(H5N1)	248	63
PA|PP755594.1|A/cattle/Texas/24-008749-003/2024(H5N1)	249	62
PA|PP755594.1|A/cattle/Texas/24-008749-003/2024(H5N1)	250	61
PA|PP755594.1|A/cattle/Texas/24-008749-003/2024(H5N1)	251	61
PA|PP755594.1|A/cattle/Texas/24-008749-003/2024(H5N1)	252	61
PA|PP755594.1|A/cattle/Texas/24-008749-003/2024(H5N1)	253	59
PA|PP755594.1|A/cattle/Texas/24-008749-003/2024(H5N1)	254	58
PA|PP755594.1|A/cattle/Texas/24-008749-003/2024(H5N1)	255	56
PA|PP755594.1|A/cattle/Texas/24-008749-003/2024(H5N1)	256	54
PA|PP755594.1|A/cattle/Texas/24-008749-003/2024(H5N1)	257	53
PA|PP755594.1|A/cattle/Texas/24-008749-003/2024(H5N1)	258	54
PA|PP755594.1|A/cattle/Texas/24-008749-003/2024(H5N1)	259	54
PA|PP755594.1|A/cattle/Texas/24-008749-003/2024(H5N1)	260	55
PA|PP755594.1|A/cattle/Texas/24-008749-003/2024(H5N1)	261	55
PA|PP755594.1|A/cattle/Texas/24-008749-003/2024(H5N1)	262	55
PA|PP755594.1|A/cattle/Texas/24-008749-003/2024(H5N1)	263	55
PA|PP755594.1|A/cattle/Texas/24-008749-003/2024(H5N1)	264	55
PA|PP755594.1|A/cattle/Texas/24-008749-003/2024(H5N1)	265	55
PA|PP755594.1|A/cattle/Texas/24-008749-003/2024(H5N1)	266	55
PA|PP755594.1|A/cattle/Texas/24-008749-003/2024(H5N1)	267	54
PA|PP755594.1|A/cattle/Texas/24-008749-003/2024(H5N1)	268	57
PA|PP755594.1|A/cattle/Texas/24-008749-003/2024(H5N1)	269	55
PA|PP755594.1|A/cattle/Texas/24-008749-003/2024(H5N1)	270	52
PA|PP755594.1|A/cattle/Texas/24-008749-003/2024(H5N1)	271	45
PA|PP755594.1|A/cattle/Texas/24-008749-003/2024(H5N1)	272	45
PA|PP755594.1|A/cattle/Texas/24-008749-003/2024(H5N1)	273	46
PA|PP755594.1|A/cattle/Texas/24-008749-003/2024(H5N1)	274	45
PA|PP755594.1|A/cattle/Texas/24-008749-003/2024(H5N1)	275	45
PA|PP755594.1|A/cattle/Texas/24-008749-003/2024(H5N1)	276	45
PA|PP755594.1|A/cattle/Texas/24-008749-003/2024(H5N1)	277	43
PA|PP755594.1|A/cattle/Texas/24-008749-003/2024(H5N1)	278	46
PA|PP755594.1|A/cattle/Texas/24-008749-003/2024(H5N1)	279	49
PA|PP755594.1|A/cattle/Texas/24-008749-003/2024(H5N1)	280	49
PA|PP755594.1|A/cattle/Texas/24-008749-003/2024(H5N1)	281	48
PA|PP755594.1|A/cattle/Texas/24-008749-003/2024(H5N1)	282	47
PA|PP755594.1|A/cattle/Texas/24-008749-003/2024(H5N1)	283	47
PA|PP755594.1|A/cattle/Texas/24-008749-003/2024(H5N1)	284	49
PA|PP755594.1|A/cattle/Texas/24-008749-003/2024(H5N1)	285	48
PA|PP755594.1|A/cattle/Texas/24-008749-003/2024(H5N1)	286	48
PA|PP755594.1|A/cattle/Texas/24-008749-003/2024(H5N1)	287	48
PA|PP755594.1|A/cattle/Texas/24-008749-003/2024(H5N1)	288	49
PA|PP755594.1|A/cattle/Texas/24-008749-003/2024(H5N1)	289	49
PA|PP755594.1|A/cattle/Texas/24-008749-003/2024(H5N1)	290	49
PA|PP755594.1|A/cattle/Texas/24-008749-003/2024(H5N1)	291	49
PA|PP755594.1|A/cattle/Texas/24-008749-003/2024(H5N1)	292	49
PA|PP755594.1|A/cattle/Texas/24-008749-003/2024(H5N1)	293	48
PA|PP755594.1|A/cattle/Texas/24-008749-003/2024(H5N1)	294	48
PA|PP755594.1|A/cattle/Texas/24-008749-003/2024(H5N1)	295	46
PA|PP755594.1|A/cattle/Texas/24-008749-003/2024(H5N1)	296	46
PA|PP755594.1|A/cattle/Texas/24-008749-003/2024(H5N1)	297	47
PA|PP755594.1|A/cattle/Texas/24-008749-003/2024(H5N1)	298	47
PA|PP755594.1|A/cattle/Texas/24-008749-003/2024(H5N1)	299	47
PA|PP755594.1|A/cattle/Texas/24-008749-003/2024(H5N1)	300	47
PA|PP755594.1|A/cattle/Texas/24-008749-003/2024(H5N1)	301	47
PA|PP755594.1|A/cattle/Texas/24-008749-003/2024(H5N1)	302	47
PA|PP755594.1|A/cattle/Texas/24-008749-003/2024(H5N1)	303	47
PA|PP755594.1|A/cattle/Texas/24-008749-003/2024(H5N1)	304	47
PA|PP755594.1|A/cattle/Texas/24-008749-003/2024(H5N1)	305	47
PA|PP755594.1|A/cattle/Texas/24-008749-003/2024(H5N1)	306	48
PA|PP755594.1|A/cattle/Texas/24-008749-003/2024(H5N1)	307	48
PA|PP755594.1|A/cattle/Texas/24-008749-003/2024(H5N1)	308	48
PA|PP755594.1|A/cattle/Texas/24-008749-003/2024(H5N1)	309	48
PA|PP755594.1|A/cattle/Texas/24-008749-003/2024(H5N1)	310	48
PA|PP755594.1|A/cattle/Texas/24-008749-003/2024(H5N1)	311	48
PA|PP755594.1|A/cattle/Texas/24-008749-003/2024(H5N1)	312	47
PA|PP755594.1|A/cattle/Texas/24-008749-003/2024(H5N1)	313	47
PA|PP755594.1|A/cattle/Texas/24-008749-003/2024(H5N1)	314	49
PA|PP755594.1|A/cattle/Texas/24-008749-003/2024(H5N1)	315	49
PA|PP755594.1|A/cattle/Texas/24-008749-003/2024(H5N1)	316	49
PA|PP755594.1|A/cattle/Texas/24-008749-003/2024(H5N1)	317	49
PA|PP755594.1|A/cattle/Texas/24-008749-003/2024(H5N1)	318	48
PA|PP755594.1|A/cattle/Texas/24-008749-003/2024(H5N1)	319	47
PA|PP755594.1|A/cattle/Texas/24-008749-003/2024(H5N1)	320	47
PA|PP755594.1|A/cattle/Texas/24-008749-003/2024(H5N1)	321	47
PA|PP755594.1|A/cattle/Texas/24-008749-003/2024(H5N1)	322	47
PA|PP755594.1|A/cattle/Texas/24-008749-003/2024(H5N1)	323	47
PA|PP755594.1|A/cattle/Texas/24-008749-003/2024(H5N1)	324	46
PA|PP755594.1|A/cattle/Texas/24-008749-003/2024(H5N1)	325	44
PA|PP755594.1|A/cattle/Texas/24-008749-003/2024(H5N1)	326	44
PA|PP755594.1|A/cattle/Texas/24-008749-003/2024(H5N1)	327	44
PA|PP755594.1|A/cattle/Texas/24-008749-003/2024(H5N1)	328	44
PA|PP755594.1|A/cattle/Texas/24-008749-003/2024(H5N1)	329	44
PA|PP755594.1|A/cattle/Texas/24-008749-003/2024(H5N1)	330	44
PA|PP755594.1|A/cattle/Texas/24-008749-003/2024(H5N1)	331	44
PA|PP755594.1|A/cattle/Texas/24-008749-003/2024(H5N1)	332	44
PA|PP755594.1|A/cattle/Texas/24-008749-003/2024(H5N1)	333	44
PA|PP755594.1|A/cattle/Texas/24-008749-003/2024(H5N1)	334	44
PA|PP755594.1|A/cattle/Texas/24-008749-003/2024(H5N1)	335	41
PA|PP755594.1|A/cattle/Texas/24-008749-003/2024(H5N1)	336	43
PA|PP755594.1|A/cattle/Texas/24-008749-003/2024(H5N1)	337	46
PA|PP755594.1|A/cattle/Texas/24-008749-003/2024(H5N1)	338	46
PA|PP755594.1|A/cattle/Texas/24-008749-003/2024(H5N1)	339	47
PA|PP755594.1|A/cattle/Texas/24-008749-003/2024(H5N1)	340	47
PA|PP755594.1|A/cattle/Texas/24-008749-003/2024(H5N1)	341	47
PA|PP755594.1|A/cattle/Texas/24-008749-003/2024(H5N1)	342	45
PA|PP755594.1|A/cattle/Texas/24-008749-003/2024(H5N1)	343	45
PA|PP755594.1|A/cattle/Texas/24-008749-003/2024(H5N1)	344	45
PA|PP755594.1|A/cattle/Texas/24-008749-003/2024(H5N1)	345	45
PA|PP755594.1|A/cattle/Texas/24-008749-003/2024(H5N1)	346	45
PA|PP755594.1|A/cattle/Texas/24-008749-003/2024(H5N1)	347	45
PA|PP755594.1|A/cattle/Texas/24-008749-003/2024(H5N1)	348	45
PA|PP755594.1|A/cattle/Texas/24-008749-003/2024(H5N1)	349	45
PA|PP755594.1|A/cattle/Texas/24-008749-003/2024(H5N1)	350	46
PA|PP755594.1|A/cattle/Texas/24-008749-003/2024(H5N1)	351	46
PA|PP755594.1|A/cattle/Texas/24-008749-003/2024(H5N1)	352	46
PA|PP755594.1|A/cattle/Texas/24-008749-003/2024(H5N1)	353	46
PA|PP755594.1|A/cattle/Texas/24-008749-003/2024(H5N1)	354	46
PA|PP755594.1|A/cattle/Texas/24-008749-003/2024(H5N1)	355	46
PA|PP755594.1|A/cattle/Texas/24-008749-003/2024(H5N1)	356	46
PA|PP755594.1|A/cattle/Texas/24-008749-003/2024(H5N1)	357	46
PA|PP755594.1|A/cattle/Texas/24-008749-003/2024(H5N1)	358	46
PA|PP755594.1|A/cattle/Texas/24-008749-003/2024(H5N1)	359	46
PA|PP755594.1|A/cattle/Texas/24-008749-003/2024(H5N1)	360	46
PA|PP755594.1|A/cattle/Texas/24-008749-003/2024(H5N1)	361	46
PA|PP755594.1|A/cattle/Texas/24-008749-003/2024(H5N1)	362	46
PA|PP755594.1|A/cattle/Texas/24-008749-003/2024(H5N1)	363	45
PA|PP755594.1|A/cattle/Texas/24-008749-003/2024(H5N1)	364	45
PA|PP755594.1|A/cattle/Texas/24-008749-003/2024(H5N1)	365	46
PA|PP755594.1|A/cattle/Texas/24-008749-003/2024(H5N1)	366	46
PA|PP755594.1|A/cattle/Texas/24-008749-003/2024(H5N1)	367	46
PA|PP755594.1|A/cattle/Texas/24-008749-003/2024(H5N1)	368	46
PA|PP755594.1|A/cattle/Texas/24-008749-003/2024(H5N1)	369	46
PA|PP755594.1|A/cattle/Texas/24-008749-003/2024(H5N1)	370	47
PA|PP755594.1|A/cattle/Texas/24-008749-003/2024(H5N1)	371	47
PA|PP755594.1|A/cattle/Texas/24-008749-003/2024(H5N1)	372	45
PA|PP755594.1|A/cattle/Texas/24-008749-003/2024(H5N1)	373	45
PA|PP755594.1|A/cattle/Texas/24-008749-003/2024(H5N1)	374	45
PA|PP755594.1|A/cattle/Texas/24-008749-003/2024(H5N1)	375	45
PA|PP755594.1|A/cattle/Texas/24-008749-003/2024(H5N1)	376	45
PA|PP755594.1|A/cattle/Texas/24-008749-003/2024(H5N1)	377	45
PA|PP755594.1|A/cattle/Texas/24-008749-003/2024(H5N1)	378	45
PA|PP755594.1|A/cattle/Texas/24-008749-003/2024(H5N1)	379	46
PA|PP755594.1|A/cattle/Texas/24-008749-003/2024(H5N1)	380	46
PA|PP755594.1|A/cattle/Texas/24-008749-003/2024(H5N1)	381	46
PA|PP755594.1|A/cattle/Texas/24-008749-003/2024(H5N1)	382	46
PA|PP755594.1|A/cattle/Texas/24-008749-003/2024(H5N1)	383	46
PA|PP755594.1|A/cattle/Texas/24-008749-003/2024(H5N1)	384	44
PA|PP755594.1|A/cattle/Texas/24-008749-003/2024(H5N1)	385	42
PA|PP755594.1|A/cattle/Texas/24-008749-003/2024(H5N1)	386	43
PA|PP755594.1|A/cattle/Texas/24-008749-003/2024(H5N1)	387	46
PA|PP755594.1|A/cattle/Texas/24-008749-003/2024(H5N1)	388	46
PA|PP755594.1|A/cattle/Texas/24-008749-003/2024(H5N1)	389	46
PA|PP755594.1|A/cattle/Texas/24-008749-003/2024(H5N1)	390	48
PA|PP755594.1|A/cattle/Texas/24-008749-003/2024(H5N1)	391	40
PA|PP755594.1|A/cattle/Texas/24-008749-003/2024(H5N1)	392	45
PA|PP755594.1|A/cattle/Texas/24-008749-003/2024(H5N1)	393	45
PA|PP755594.1|A/cattle/Texas/24-008749-003/2024(H5N1)	394	45
PA|PP755594.1|A/cattle/Texas/24-008749-003/2024(H5N1)	395	45
PA|PP755594.1|A/cattle/Texas/24-008749-003/2024(H5N1)	396	45
PA|PP755594.1|A/cattle/Texas/24-008749-003/2024(H5N1)	397	45
PA|PP755594.1|A/cattle/Texas/24-008749-003/2024(H5N1)	398	45
PA|PP755594.1|A/cattle/Texas/24-008749-003/2024(H5N1)	399	45
PA|PP755594.1|A/cattle/Texas/24-008749-003/2024(H5N1)	400	45
PA|PP755594.1|A/cattle/Texas/24-008749-003/2024(H5N1)	401	46
PA|PP755594.1|A/cattle/Texas/24-008749-003/2024(H5N1)	402	46
PA|PP755594.1|A/cattle/Texas/24-008749-003/2024(H5N1)	403	46
PA|PP755594.1|A/cattle/Texas/24-008749-003/2024(H5N1)	404	46
PA|PP755594.1|A/cattle/Texas/24-008749-003/2024(H5N1)	405	46
PA|PP755594.1|A/cattle/Texas/24-008749-003/2024(H5N1)	406	46
PA|PP755594.1|A/cattle/Texas/24-008749-003/2024(H5N1)	407	46
PA|PP755594.1|A/cattle/Texas/24-008749-003/2024(H5N1)	408	46
PA|PP755594.1|A/cattle/Texas/24-008749-003/2024(H5N1)	409	46
PA|PP755594.1|A/cattle/Texas/24-008749-003/2024(H5N1)	410	46
PA|PP755594.1|A/cattle/Texas/24-008749-003/2024(H5N1)	411	46
PA|PP755594.1|A/cattle/Texas/24-008749-003/2024(H5N1)	412	46
PA|PP755594.1|A/cattle/Texas/24-008749-003/2024(H5N1)	413	46
PA|PP755594.1|A/cattle/Texas/24-008749-003/2024(H5N1)	414	47
PA|PP755594.1|A/cattle/Texas/24-008749-003/2024(H5N1)	415	47
PA|PP755594.1|A/cattle/Texas/24-008749-003/2024(H5N1)	416	47
PA|PP755594.1|A/cattle/Texas/24-008749-003/2024(H5N1)	417	47
PA|PP755594.1|A/cattle/Texas/24-008749-003/2024(H5N1)	418	47
PA|PP755594.1|A/cattle/Texas/24-008749-003/2024(H5N1)	419	48
PA|PP755594.1|A/cattle/Texas/24-008749-003/2024(H5N1)	420	48
PA|PP755594.1|A/cattle/Texas/24-008749-003/2024(H5N1)	421	51
PA|PP755594.1|A/cattle/Texas/24-008749-003/2024(H5N1)	422	51
PA|PP755594.1|A/cattle/Texas/24-008749-003/2024(H5N1)	423	51
PA|PP755594.1|A/cattle/Texas/24-008749-003/2024(H5N1)	424	49
PA|PP755594.1|A/cattle/Texas/24-008749-003/2024(H5N1)	425	49
PA|PP755594.1|A/cattle/Texas/24-008749-003/2024(H5N1)	426	50
PA|PP755594.1|A/cattle/Texas/24-008749-003/2024(H5N1)	427	50
PA|PP755594.1|A/cattle/Texas/24-008749-003/2024(H5N1)	428	50
PA|PP755594.1|A/cattle/Texas/24-008749-003/2024(H5N1)	429	50
PA|PP755594.1|A/cattle/Texas/24-008749-003/2024(H5N1)	430	50
PA|PP755594.1|A/cattle/Texas/24-008749-003/2024(H5N1)	431	50
PA|PP755594.1|A/cattle/Texas/24-008749-003/2024(H5N1)	432	50
PA|PP755594.1|A/cattle/Texas/24-008749-003/2024(H5N1)	433	52
PA|PP755594.1|A/cattle/Texas/24-008749-003/2024(H5N1)	434	52
PA|PP755594.1|A/cattle/Texas/24-008749-003/2024(H5N1)	435	50
PA|PP755594.1|A/cattle/Texas/24-008749-003/2024(H5N1)	436	51
PA|PP755594.1|A/cattle/Texas/24-008749-003/2024(H5N1)	437	51
PA|PP755594.1|A/cattle/Texas/24-008749-003/2024(H5N1)	438	51
PA|PP755594.1|A/cattle/Texas/24-008749-003/2024(H5N1)	439	51
PA|PP755594.1|A/cattle/Texas/24-008749-003/2024(H5N1)	440	51
PA|PP755594.1|A/cattle/Texas/24-008749-003/2024(H5N1)	441	51
PA|PP755594.1|A/cattle/Texas/24-008749-003/2024(H5N1)	442	52
PA|PP755594.1|A/cattle/Texas/24-008749-003/2024(H5N1)	443	51
PA|PP755594.1|A/cattle/Texas/24-008749-003/2024(H5N1)	444	51
PA|PP755594.1|A/cattle/Texas/24-008749-003/2024(H5N1)	445	51
PA|PP755594.1|A/cattle/Texas/24-008749-003/2024(H5N1)	446	52
PA|PP755594.1|A/cattle/Texas/24-008749-003/2024(H5N1)	447	51
PA|PP755594.1|A/cattle/Texas/24-008749-003/2024(H5N1)	448	51
PA|PP755594.1|A/cattle/Texas/24-008749-003/2024(H5N1)	449	52
PA|PP755594.1|A/cattle/Texas/24-008749-003/2024(H5N1)	450	52
PA|PP755594.1|A/cattle/Texas/24-008749-003/2024(H5N1)	451	52
PA|PP755594.1|A/cattle/Texas/24-008749-003/2024(H5N1)	452	56
PA|PP755594.1|A/cattle/Texas/24-008749-003/2024(H5N1)	453	56
PA|PP755594.1|A/cattle/Texas/24-008749-003/2024(H5N1)	454	56
PA|PP755594.1|A/cattle/Texas/24-008749-003/2024(H5N1)	455	54
PA|PP755594.1|A/cattle/Texas/24-008749-003/2024(H5N1)	456	55
PA|PP755594.1|A/cattle/Texas/24-008749-003/2024(H5N1)	457	55
PA|PP755594.1|A/cattle/Texas/24-008749-003/2024(H5N1)	458	55
PA|PP755594.1|A/cattle/Texas/24-008749-003/2024(H5N1)	459	53
PA|PP755594.1|A/cattle/Texas/24-008749-003/2024(H5N1)	460	53
PA|PP755594.1|A/cattle/Texas/24-008749-003/2024(H5N1)	461	53
PA|PP755594.1|A/cattle/Texas/24-008749-003/2024(H5N1)	462	53
PA|PP755594.1|A/cattle/Texas/24-008749-003/2024(H5N1)	463	53
PA|PP755594.1|A/cattle/Texas/24-008749-003/2024(H5N1)	464	52
PA|PP755594.1|A/cattle/Texas/24-008749-003/2024(H5N1)	465	52
PA|PP755594.1|A/cattle/Texas/24-008749-003/2024(H5N1)	466	53
PA|PP755594.1|A/cattle/Texas/24-008749-003/2024(H5N1)	467	52
PA|PP755594.1|A/cattle/Texas/24-008749-003/2024(H5N1)	468	52
PA|PP755594.1|A/cattle/Texas/24-008749-003/2024(H5N1)	469	52
PA|PP755594.1|A/cattle/Texas/24-008749-003/2024(H5N1)	470	53
PA|PP755594.1|A/cattle/Texas/24-008749-003/2024(H5N1)	471	53
PA|PP755594.1|A/cattle/Texas/24-008749-003/2024(H5N1)	472	53
PA|PP755594.1|A/cattle/Texas/24-008749-003/2024(H5N1)	473	53
PA|PP755594.1|A/cattle/Texas/24-008749-003/2024(H5N1)	474	53
PA|PP755594.1|A/cattle/Texas/24-008749-003/2024(H5N1)	475	51
PA|PP755594.1|A/cattle/Texas/24-008749-003/2024(H5N1)	476	52
PA|PP755594.1|A/cattle/Texas/24-008749-003/2024(H5N1)	477	52
PA|PP755594.1|A/cattle/Texas/24-008749-003/2024(H5N1)	478	53
PA|PP755594.1|A/cattle/Texas/24-008749-003/2024(H5N1)	479	53
PA|PP755594.1|A/cattle/Texas/24-008749-003/2024(H5N1)	480	53
PA|PP755594.1|A/cattle/Texas/24-008749-003/2024(H5N1)	481	53
PA|PP755594.1|A/cattle/Texas/24-008749-003/2024(H5N1)	482	53
PA|PP755594.1|A/cattle/Texas/24-008749-003/2024(H5N1)	483	53
PA|PP755594.1|A/cattle/Texas/24-008749-003/2024(H5N1)	484	53
PA|PP755594.1|A/cattle/Texas/24-008749-003/2024(H5N1)	485	54
PA|PP755594.1|A/cattle/Texas/24-008749-003/2024(H5N1)	486	54
PA|PP755594.1|A/cattle/Texas/24-008749-003/2024(H5N1)	487	55
PA|PP755594.1|A/cattle/Texas/24-008749-003/2024(H5N1)	488	53
PA|PP755594.1|A/cattle/Texas/24-008749-003/2024(H5N1)	489	53
PA|PP755594.1|A/cattle/Texas/24-008749-003/2024(H5N1)	490	53
PA|PP755594.1|A/cattle/Texas/24-008749-003/2024(H5N1)	491	53
PA|PP755594.1|A/cattle/Texas/24-008749-003/2024(H5N1)	492	53
PA|PP755594.1|A/cattle/Texas/24-008749-003/2024(H5N1)	493	54
PA|PP755594.1|A/cattle/Texas/24-008749-003/2024(H5N1)	494	53
PA|PP755594.1|A/cattle/Texas/24-008749-003/2024(H5N1)	495	53
PA|PP755594.1|A/cattle/Texas/24-008749-003/2024(H5N1)	496	53
PA|PP755594.1|A/cattle/Texas/24-008749-003/2024(H5N1)	497	54
PA|PP755594.1|A/cattle/Texas/24-008749-003/2024(H5N1)	498	54
PA|PP755594.1|A/cattle/Texas/24-008749-003/2024(H5N1)	499	54
PA|PP755594.1|A/cattle/Texas/24-008749-003/2024(H5N1)	500	54
PA|PP755594.1|A/cattle/Texas/24-008749-003/2024(H5N1)	501	54
PA|PP755594.1|A/cattle/Texas/24-008749-003/2024(H5N1)	502	54
PA|PP755594.1|A/cattle/Texas/24-008749-003/2024(H5N1)	503	54
PA|PP755594.1|A/cattle/Texas/24-008749-003/2024(H5N1)	504	54
PA|PP755594.1|A/cattle/Texas/24-008749-003/2024(H5N1)	505	54
PA|PP755594.1|A/cattle/Texas/24-008749-003/2024(H5N1)	506	54
PA|PP755594.1|A/cattle/Texas/24-008749-003/2024(H5N1)	507	56
PA|PP755594.1|A/cattle/Texas/24-008749-003/2024(H5N1)	508	56
PA|PP755594.1|A/cattle/Texas/24-008749-003/2024(H5N1)	509	55
PA|PP755594.1|A/cattle/Texas/24-008749-003/2024(H5N1)	510	54
PA|PP755594.1|A/cattle/Texas/24-008749-003/2024(H5N1)	511	57
PA|PP755594.1|A/cattle/Texas/24-008749-003/2024(H5N1)	512	55
PA|PP755594.1|A/cattle/Texas/24-008749-003/2024(H5N1)	513	55
PA|PP755594.1|A/cattle/Texas/24-008749-003/2024(H5N1)	514	55
PA|PP755594.1|A/cattle/Texas/24-008749-003/2024(H5N1)	515	55
PA|PP755594.1|A/cattle/Texas/24-008749-003/2024(H5N1)	516	55
PA|PP755594.1|A/cattle/Texas/24-008749-003/2024(H5N1)	517	56
PA|PP755594.1|A/cattle/Texas/24-008749-003/2024(H5N1)	518	55
PA|PP755594.1|A/cattle/Texas/24-008749-003/2024(H5N1)	519	55
PA|PP755594.1|A/cattle/Texas/24-008749-003/2024(H5N1)	520	55
PA|PP755594.1|A/cattle/Texas/24-008749-003/2024(H5N1)	521	55
PA|PP755594.1|A/cattle/Texas/24-008749-003/2024(H5N1)	522	55
PA|PP755594.1|A/cattle/Texas/24-008749-003/2024(H5N1)	523	56
PA|PP755594.1|A/cattle/Texas/24-008749-003/2024(H5N1)	524	56
PA|PP755594.1|A/cattle/Texas/24-008749-003/2024(H5N1)	525	58
PA|PP755594.1|A/cattle/Texas/24-008749-003/2024(H5N1)	526	58
PA|PP755594.1|A/cattle/Texas/24-008749-003/2024(H5N1)	527	58
PA|PP755594.1|A/cattle/Texas/24-008749-003/2024(H5N1)	528	57
PA|PP755594.1|A/cattle/Texas/24-008749-003/2024(H5N1)	529	57
PA|PP755594.1|A/cattle/Texas/24-008749-003/2024(H5N1)	530	61
PA|PP755594.1|A/cattle/Texas/24-008749-003/2024(H5N1)	531	61
PA|PP755594.1|A/cattle/Texas/24-008749-003/2024(H5N1)	532	61
PA|PP755594.1|A/cattle/Texas/24-008749-003/2024(H5N1)	533	61
PA|PP755594.1|A/cattle/Texas/24-008749-003/2024(H5N1)	534	59
PA|PP755594.1|A/cattle/Texas/24-008749-003/2024(H5N1)	535	59
PA|PP755594.1|A/cattle/Texas/24-008749-003/2024(H5N1)	536	59
PA|PP755594.1|A/cattle/Texas/24-008749-003/2024(H5N1)	537	59
PA|PP755594.1|A/cattle/Texas/24-008749-003/2024(H5N1)	538	58
PA|PP755594.1|A/cattle/Texas/24-008749-003/2024(H5N1)	539	58
PA|PP755594.1|A/cattle/Texas/24-008749-003/2024(H5N1)	540	58
PA|PP755594.1|A/cattle/Texas/24-008749-003/2024(H5N1)	541	58
PA|PP755594.1|A/cattle/Texas/24-008749-003/2024(H5N1)	542	58
PA|PP755594.1|A/cattle/Texas/24-008749-003/2024(H5N1)	543	59
PA|PP755594.1|A/cattle/Texas/24-008749-003/2024(H5N1)	544	59
PA|PP755594.1|A/cattle/Texas/24-008749-003/2024(H5N1)	545	59
PA|PP755594.1|A/cattle/Texas/24-008749-003/2024(H5N1)	546	61
PA|PP755594.1|A/cattle/Texas/24-008749-003/2024(H5N1)	547	62
PA|PP755594.1|A/cattle/Texas/24-008749-003/2024(H5N1)	548	61
PA|PP755594.1|A/cattle/Texas/24-008749-003/2024(H5N1)	549	61
PA|PP755594.1|A/cattle/Texas/24-008749-003/2024(H5N1)	550	59
PA|PP755594.1|A/cattle/Texas/24-008749-003/2024(H5N1)	551	59
PA|PP755594.1|A/cattle/Texas/24-008749-003/2024(H5N1)	552	59
PA|PP755594.1|A/cattle/Texas/24-008749-003/2024(H5N1)	553	59
PA|PP755594.1|A/cattle/Texas/24-008749-003/2024(H5N1)	554	59
PA|PP755594.1|A/cattle/Texas/24-008749-003/2024(H5N1)	555	57
PA|PP755594.1|A/cattle/Texas/24-008749-003/2024(H5N1)	556	57
PA|PP755594.1|A/cattle/Texas/24-008749-003/2024(H5N1)	557	57
PA|PP755594.1|A/cattle/Texas/24-008749-003/2024(H5N1)	558	58
PA|PP755594.1|A/cattle/Texas/24-008749-003/2024(H5N1)	559	58
PA|PP755594.1|A/cattle/Texas/24-008749-003/2024(H5N1)	560	58
PA|PP755594.1|A/cattle/Texas/24-008749-003/2024(H5N1)	561	58
PA|PP755594.1|A/cattle/Texas/24-008749-003/2024(H5N1)	562	58
PA|PP755594.1|A/cattle/Texas/24-008749-003/2024(H5N1)	563	58
PA|PP755594.1|A/cattle/Texas/24-008749-003/2024(H5N1)	564	59
PA|PP755594.1|A/cattle/Texas/24-008749-003/2024(H5N1)	565	57
PA|PP755594.1|A/cattle/Texas/24-008749-003/2024(H5N1)	566	56
PA|PP755594.1|A/cattle/Texas/24-008749-003/2024(H5N1)	567	56
PA|PP755594.1|A/cattle/Texas/24-008749-003/2024(H5N1)	568	54
PA|PP755594.1|A/cattle/Texas/24-008749-003/2024(H5N1)	569	53
PA|PP755594.1|A/cattle/Texas/24-008749-003/2024(H5N1)	570	53
PA|PP755594.1|A/cattle/Texas/24-008749-003/2024(H5N1)	571	53
PA|PP755594.1|A/cattle/Texas/24-008749-003/2024(H5N1)	572	53
PA|PP755594.1|A/cattle/Texas/24-008749-003/2024(H5N1)	573	53
PA|PP755594.1|A/cattle/Texas/24-008749-003/2024(H5N1)	574	53
PA|PP755594.1|A/cattle/Texas/24-008749-003/2024(H5N1)	575	53
PA|PP755594.1|A/cattle/Texas/24-008749-003/2024(H5N1)	576	54
PA|PP755594.1|A/cattle/Texas/24-008749-003/2024(H5N1)	577	54
PA|PP755594.1|A/cattle/Texas/24-008749-003/2024(H5N1)	578	54
PA|PP755594.1|A/cattle/Texas/24-008749-003/2024(H5N1)	579	55
PA|PP755594.1|A/cattle/Texas/24-008749-003/2024(H5N1)	580	56
PA|PP755594.1|A/cattle/Texas/24-008749-003/2024(H5N1)	581	56
PA|PP755594.1|A/cattle/Texas/24-008749-003/2024(H5N1)	582	56
PA|PP755594.1|A/cattle/Texas/24-008749-003/2024(H5N1)	583	56
PA|PP755594.1|A/cattle/Texas/24-008749-003/2024(H5N1)	584	56
PA|PP755594.1|A/cattle/Texas/24-008749-003/2024(H5N1)	585	56
PA|PP755594.1|A/cattle/Texas/24-008749-003/2024(H5N1)	586	56
PA|PP755594.1|A/cattle/Texas/24-008749-003/2024(H5N1)	587	56
PA|PP755594.1|A/cattle/Texas/24-008749-003/2024(H5N1)	588	53
PA|PP755594.1|A/cattle/Texas/24-008749-003/2024(H5N1)	589	53
PA|PP755594.1|A/cattle/Texas/24-008749-003/2024(H5N1)	590	53
PA|PP755594.1|A/cattle/Texas/24-008749-003/2024(H5N1)	591	53
PA|PP755594.1|A/cattle/Texas/24-008749-003/2024(H5N1)	592	53
PA|PP755594.1|A/cattle/Texas/24-008749-003/2024(H5N1)	593	53
PA|PP755594.1|A/cattle/Texas/24-008749-003/2024(H5N1)	594	53
PA|PP755594.1|A/cattle/Texas/24-008749-003/2024(H5N1)	595	53
PA|PP755594.1|A/cattle/Texas/24-008749-003/2024(H5N1)	596	53
PA|PP755594.1|A/cattle/Texas/24-008749-003/2024(H5N1)	597	53
PA|PP755594.1|A/cattle/Texas/24-008749-003/2024(H5N1)	598	51
PA|PP755594.1|A/cattle/Texas/24-008749-003/2024(H5N1)	599	52
PA|PP755594.1|A/cattle/Texas/24-008749-003/2024(H5N1)	600	52
PA|PP755594.1|A/cattle/Texas/24-008749-003/2024(H5N1)	601	52
PA|PP755594.1|A/cattle/Texas/24-008749-003/2024(H5N1)	602	52
PA|PP755594.1|A/cattle/Texas/24-008749-003/2024(H5N1)	603	52
PA|PP755594.1|A/cattle/Texas/24-008749-003/2024(H5N1)	604	52
PA|PP755594.1|A/cattle/Texas/24-008749-003/2024(H5N1)	605	52
PA|PP755594.1|A/cattle/Texas/24-008749-003/2024(H5N1)	606	51
PA|PP755594.1|A/cattle/Texas/24-008749-003/2024(H5N1)	607	51
PA|PP755594.1|A/cattle/Texas/24-008749-003/2024(H5N1)	608	51
PA|PP755594.1|A/cattle/Texas/24-008749-003/2024(H5N1)	609	51
PA|PP755594.1|A/cattle/Texas/24-008749-003/2024(H5N1)	610	51
PA|PP755594.1|A/cattle/Texas/24-008749-003/2024(H5N1)	611	52
PA|PP755594.1|A/cattle/Texas/24-008749-003/2024(H5N1)	612	54
PA|PP755594.1|A/cattle/Texas/24-008749-003/2024(H5N1)	613	52
PA|PP755594.1|A/cattle/Texas/24-008749-003/2024(H5N1)	614	53
PA|PP755594.1|A/cattle/Texas/24-008749-003/2024(H5N1)	615	53
PA|PP755594.1|A/cattle/Texas/24-008749-003/2024(H5N1)	616	53
PA|PP755594.1|A/cattle/Texas/24-008749-003/2024(H5N1)	617	53
PA|PP755594.1|A/cattle/Texas/24-008749-003/2024(H5N1)	618	54
PA|PP755594.1|A/cattle/Texas/24-008749-003/2024(H5N1)	619	54
PA|PP755594.1|A/cattle/Texas/24-008749-003/2024(H5N1)	620	53
PA|PP755594.1|A/cattle/Texas/24-008749-003/2024(H5N1)	621	54
PA|PP755594.1|A/cattle/Texas/24-008749-003/2024(H5N1)	622	54
PA|PP755594.1|A/cattle/Texas/24-008749-003/2024(H5N1)	623	54
PA|PP755594.1|A/cattle/Texas/24-008749-003/2024(H5N1)	624	54
PA|PP755594.1|A/cattle/Texas/24-008749-003/2024(H5N1)	625	54
PA|PP755594.1|A/cattle/Texas/24-008749-003/2024(H5N1)	626	55
PA|PP755594.1|A/cattle/Texas/24-008749-003/2024(H5N1)	627	57
PA|PP755594.1|A/cattle/Texas/24-008749-003/2024(H5N1)	628	58
PA|PP755594.1|A/cattle/Texas/24-008749-003/2024(H5N1)	629	58
PA|PP755594.1|A/cattle/Texas/24-008749-003/2024(H5N1)	630	55
PA|PP755594.1|A/cattle/Texas/24-008749-003/2024(H5N1)	631	55
PA|PP755594.1|A/cattle/Texas/24-008749-003/2024(H5N1)	632	55
PA|PP755594.1|A/cattle/Texas/24-008749-003/2024(H5N1)	633	55
PA|PP755594.1|A/cattle/Texas/24-008749-003/2024(H5N1)	634	57
PA|PP755594.1|A/cattle/Texas/24-008749-003/2024(H5N1)	635	57
PA|PP755594.1|A/cattle/Texas/24-008749-003/2024(H5N1)	636	58
PA|PP755594.1|A/cattle/Texas/24-008749-003/2024(H5N1)	637	57
PA|PP755594.1|A/cattle/Texas/24-008749-003/2024(H5N1)	638	56
PA|PP755594.1|A/cattle/Texas/24-008749-003/2024(H5N1)	639	56
PA|PP755594.1|A/cattle/Texas/24-008749-003/2024(H5N1)	640	56
PA|PP755594.1|A/cattle/Texas/24-008749-003/2024(H5N1)	641	56
PA|PP755594.1|A/cattle/Texas/24-008749-003/2024(H5N1)	642	56
PA|PP755594.1|A/cattle/Texas/24-008749-003/2024(H5N1)	643	55
PA|PP755594.1|A/cattle/Texas/24-008749-003/2024(H5N1)	644	55
PA|PP755594.1|A/cattle/Texas/24-008749-003/2024(H5N1)	645	56
PA|PP755594.1|A/cattle/Texas/24-008749-003/2024(H5N1)	646	56
PA|PP755594.1|A/cattle/Texas/24-008749-003/2024(H5N1)	647	56
PA|PP755594.1|A/cattle/Texas/24-008749-003/2024(H5N1)	648	56
PA|PP755594.1|A/cattle/Texas/24-008749-003/2024(H5N1)	649	58
PA|PP755594.1|A/cattle/Texas/24-008749-003/2024(H5N1)	650	58
PA|PP755594.1|A/cattle/Texas/24-008749-003/2024(H5N1)	651	58
PA|PP755594.1|A/cattle/Texas/24-008749-003/2024(H5N1)	652	57
PA|PP755594.1|A/cattle/Texas/24-008749-003/2024(H5N1)	653	57
PA|PP755594.1|A/cattle/Texas/24-008749-003/2024(H5N1)	654	57
PA|PP755594.1|A/cattle/Texas/24-008749-003/2024(H5N1)	655	57
PA|PP755594.1|A/cattle/Texas/24-008749-003/2024(H5N1)	656	57
PA|PP755594.1|A/cattle/Texas/24-008749-003/2024(H5N1)	657	57
PA|PP755594.1|A/cattle/Texas/24-008749-003/2024(H5N1)	658	57
PA|PP755594.1|A/cattle/Texas/24-008749-003/2024(H5N1)	659	57
PA|PP755594.1|A/cattle/Texas/24-008749-003/2024(H5N1)	660	57
PA|PP755594.1|A/cattle/Texas/24-008749-003/2024(H5N1)	661	56
PA|PP755594.1|A/cattle/Texas/24-008749-003/2024(H5N1)	662	57
PA|PP755594.1|A/cattle/Texas/24-008749-003/2024(H5N1)	663	57
PA|PP755594.1|A/cattle/Texas/24-008749-003/2024(H5N1)	664	59
PA|PP755594.1|A/cattle/Texas/24-008749-003/2024(H5N1)	665	61
PA|PP755594.1|A/cattle/Texas/24-008749-003/2024(H5N1)	666	61
PA|PP755594.1|A/cattle/Texas/24-008749-003/2024(H5N1)	667	61
PA|PP755594.1|A/cattle/Texas/24-008749-003/2024(H5N1)	668	64
PA|PP755594.1|A/cattle/Texas/24-008749-003/2024(H5N1)	669	63
PA|PP755594.1|A/cattle/Texas/24-008749-003/2024(H5N1)	670	62
PA|PP755594.1|A/cattle/Texas/24-008749-003/2024(H5N1)	671	61
PA|PP755594.1|A/cattle/Texas/24-008749-003/2024(H5N1)	672	61
PA|PP755594.1|A/cattle/Texas/24-008749-003/2024(H5N1)	673	61
PA|PP755594.1|A/cattle/Texas/24-008749-003/2024(H5N1)	674	61
PA|PP755594.1|A/cattle/Texas/24-008749-003/2024(H5N1)	675	60
PA|PP755594.1|A/cattle/Texas/24-008749-003/2024(H5N1)	676	60
PA|PP755594.1|A/cattle/Texas/24-008749-003/2024(H5N1)	677	59
PA|PP755594.1|A/cattle/Texas/24-008749-003/2024(H5N1)	678	59
PA|PP755594.1|A/cattle/Texas/24-008749-003/2024(H5N1)	679	59
PA|PP755594.1|A/cattle/Texas/24-008749-003/2024(H5N1)	680	59
PA|PP755594.1|A/cattle/Texas/24-008749-003/2024(H5N1)	681	59
PA|PP755594.1|A/cattle/Texas/24-008749-003/2024(H5N1)	682	59
PA|PP755594.1|A/cattle/Texas/24-008749-003/2024(H5N1)	683	59
PA|PP755594.1|A/cattle/Texas/24-008749-003/2024(H5N1)	684	60
PA|PP755594.1|A/cattle/Texas/24-008749-003/2024(H5N1)	685	60
PA|PP755594.1|A/cattle/Texas/24-008749-003/2024(H5N1)	686	60
PA|PP755594.1|A/cattle/Texas/24-008749-003/2024(H5N1)	687	60
PA|PP755594.1|A/cattle/Texas/24-008749-003/2024(H5N1)	688	60
PA|PP755594.1|A/cattle/Texas/24-008749-003/2024(H5N1)	689	60
PA|PP755594.1|A/cattle/Texas/24-008749-003/2024(H5N1)	690	62
PA|PP755594.1|A/cattle/Texas/24-008749-003/2024(H5N1)	691	62
PA|PP755594.1|A/cattle/Texas/24-008749-003/2024(H5N1)	692	59
PA|PP755594.1|A/cattle/Texas/24-008749-003/2024(H5N1)	693	59
PA|PP755594.1|A/cattle/Texas/24-008749-003/2024(H5N1)	694	59
PA|PP755594.1|A/cattle/Texas/24-008749-003/2024(H5N1)	695	58
PA|PP755594.1|A/cattle/Texas/24-008749-003/2024(H5N1)	696	58
PA|PP755594.1|A/cattle/Texas/24-008749-003/2024(H5N1)	697	55
PA|PP755594.1|A/cattle/Texas/24-008749-003/2024(H5N1)	698	55
PA|PP755594.1|A/cattle/Texas/24-008749-003/2024(H5N1)	699	55
PA|PP755594.1|A/cattle/Texas/24-008749-003/2024(H5N1)	700	54
PA|PP755594.1|A/cattle/Texas/24-008749-003/2024(H5N1)	701	52
PA|PP755594.1|A/cattle/Texas/24-008749-003/2024(H5N1)	702	52
PA|PP755594.1|A/cattle/Texas/24-008749-003/2024(H5N1)	703	50
PA|PP755594.1|A/cattle/Texas/24-008749-003/2024(H5N1)	704	50
PA|PP755594.1|A/cattle/Texas/24-008749-003/2024(H5N1)	705	51
PA|PP755594.1|A/cattle/Texas/24-008749-003/2024(H5N1)	706	50
PA|PP755594.1|A/cattle/Texas/24-008749-003/2024(H5N1)	707	50
PA|PP755594.1|A/cattle/Texas/24-008749-003/2024(H5N1)	708	49
PA|PP755594.1|A/cattle/Texas/24-008749-003/2024(H5N1)	709	50
PA|PP755594.1|A/cattle/Texas/24-008749-003/2024(H5N1)	710	51
PA|PP755594.1|A/cattle/Texas/24-008749-003/2024(H5N1)	711	51
PA|PP755594.1|A/cattle/Texas/24-008749-003/2024(H5N1)	712	51
PA|PP755594.1|A/cattle/Texas/24-008749-003/2024(H5N1)	713	51
PA|PP755594.1|A/cattle/Texas/24-008749-003/2024(H5N1)	714	51
PA|PP755594.1|A/cattle/Texas/24-008749-003/2024(H5N1)	715	51
PA|PP755594.1|A/cattle/Texas/24-008749-003/2024(H5N1)	716	51
PA|PP755594.1|A/cattle/Texas/24-008749-003/2024(H5N1)	717	51
PA|PP755594.1|A/cattle/Texas/24-008749-003/2024(H5N1)	718	51
PA|PP755594.1|A/cattle/Texas/24-008749-003/2024(H5N1)	719	53
PA|PP755594.1|A/cattle/Texas/24-008749-003/2024(H5N1)	720	52
PA|PP755594.1|A/cattle/Texas/24-008749-003/2024(H5N1)	721	52
PA|PP755594.1|A/cattle/Texas/24-008749-003/2024(H5N1)	722	53
PA|PP755594.1|A/cattle/Texas/24-008749-003/2024(H5N1)	723	54
PA|PP755594.1|A/cattle/Texas/24-008749-003/2024(H5N1)	724	54
PA|PP755594.1|A/cattle/Texas/24-008749-003/2024(H5N1)	725	54
PA|PP755594.1|A/cattle/Texas/24-008749-003/2024(H5N1)	726	54
PA|PP755594.1|A/cattle/Texas/24-008749-003/2024(H5N1)	727	54
PA|PP755594.1|A/cattle/Texas/24-008749-003/2024(H5N1)	728	54
PA|PP755594.1|A/cattle/Texas/24-008749-003/2024(H5N1)	729	53
PA|PP755594.1|A/cattle/Texas/24-008749-003/2024(H5N1)	730	53
PA|PP755594.1|A/cattle/Texas/24-008749-003/2024(H5N1)	731	53
PA|PP755594.1|A/cattle/Texas/24-008749-003/2024(H5N1)	732	53
PA|PP755594.1|A/cattle/Texas/24-008749-003/2024(H5N1)	733	53
PA|PP755594.1|A/cattle/Texas/24-008749-003/2024(H5N1)	734	53
PA|PP755594.1|A/cattle/Texas/24-008749-003/2024(H5N1)	735	53
PA|PP755594.1|A/cattle/Texas/24-008749-003/2024(H5N1)	736	51
PA|PP755594.1|A/cattle/Texas/24-008749-003/2024(H5N1)	737	52
PA|PP755594.1|A/cattle/Texas/24-008749-003/2024(H5N1)	738	52
PA|PP755594.1|A/cattle/Texas/24-008749-003/2024(H5N1)	739	52
PA|PP755594.1|A/cattle/Texas/24-008749-003/2024(H5N1)	740	53
PA|PP755594.1|A/cattle/Texas/24-008749-003/2024(H5N1)	741	53
PA|PP755594.1|A/cattle/Texas/24-008749-003/2024(H5N1)	742	53
PA|PP755594.1|A/cattle/Texas/24-008749-003/2024(H5N1)	743	53
PA|PP755594.1|A/cattle/Texas/24-008749-003/2024(H5N1)	744	52
PA|PP755594.1|A/cattle/Texas/24-008749-003/2024(H5N1)	745	52
PA|PP755594.1|A/cattle/Texas/24-008749-003/2024(H5N1)	746	51
PA|PP755594.1|A/cattle/Texas/24-008749-003/2024(H5N1)	747	51
PA|PP755594.1|A/cattle/Texas/24-008749-003/2024(H5N1)	748	52
PA|PP755594.1|A/cattle/Texas/24-008749-003/2024(H5N1)	749	52
PA|PP755594.1|A/cattle/Texas/24-008749-003/2024(H5N1)	750	52
PA|PP755594.1|A/cattle/Texas/24-008749-003/2024(H5N1)	751	52
PA|PP755594.1|A/cattle/Texas/24-008749-003/2024(H5N1)	752	52
PA|PP755594.1|A/cattle/Texas/24-008749-003/2024(H5N1)	753	52
PA|PP755594.1|A/cattle/Texas/24-008749-003/2024(H5N1)	754	52
PA|PP755594.1|A/cattle/Texas/24-008749-003/2024(H5N1)	755	52
PA|PP755594.1|A/cattle/Texas/24-008749-003/2024(H5N1)	756	52
PA|PP755594.1|A/cattle/Texas/24-008749-003/2024(H5N1)	757	52
PA|PP755594.1|A/cattle/Texas/24-008749-003/2024(H5N1)	758	51
PA|PP755594.1|A/cattle/Texas/24-008749-003/2024(H5N1)	759	50
PA|PP755594.1|A/cattle/Texas/24-008749-003/2024(H5N1)	760	50
PA|PP755594.1|A/cattle/Texas/24-008749-003/2024(H5N1)	761	50
PA|PP755594.1|A/cattle/Texas/24-008749-003/2024(H5N1)	762	50
PA|PP755594.1|A/cattle/Texas/24-008749-003/2024(H5N1)	763	50
PA|PP755594.1|A/cattle/Texas/24-008749-003/2024(H5N1)	764	50
PA|PP755594.1|A/cattle/Texas/24-008749-003/2024(H5N1)	765	50
PA|PP755594.1|A/cattle/Texas/24-008749-003/2024(H5N1)	766	50
PA|PP755594.1|A/cattle/Texas/24-008749-003/2024(H5N1)	767	50
PA|PP755594.1|A/cattle/Texas/24-008749-003/2024(H5N1)	768	50
PA|PP755594.1|A/cattle/Texas/24-008749-003/2024(H5N1)	769	50
PA|PP755594.1|A/cattle/Texas/24-008749-003/2024(H5N1)	770	50
PA|PP755594.1|A/cattle/Texas/24-008749-003/2024(H5N1)	771	50
PA|PP755594.1|A/cattle/Texas/24-008749-003/2024(H5N1)	772	51
PA|PP755594.1|A/cattle/Texas/24-008749-003/2024(H5N1)	773	51
PA|PP755594.1|A/cattle/Texas/24-008749-003/2024(H5N1)	774	49
PA|PP755594.1|A/cattle/Texas/24-008749-003/2024(H5N1)	775	48
PA|PP755594.1|A/cattle/Texas/24-008749-003/2024(H5N1)	776	48
PA|PP755594.1|A/cattle/Texas/24-008749-003/2024(H5N1)	777	48
PA|PP755594.1|A/cattle/Texas/24-008749-003/2024(H5N1)	778	49
PA|PP755594.1|A/cattle/Texas/24-008749-003/2024(H5N1)	779	49
PA|PP755594.1|A/cattle/Texas/24-008749-003/2024(H5N1)	780	49
PA|PP755594.1|A/cattle/Texas/24-008749-003/2024(H5N1)	781	47
PA|PP755594.1|A/cattle/Texas/24-008749-003/2024(H5N1)	782	46
PA|PP755594.1|A/cattle/Texas/24-008749-003/2024(H5N1)	783	46
PA|PP755594.1|A/cattle/Texas/24-008749-003/2024(H5N1)	784	46
PA|PP755594.1|A/cattle/Texas/24-008749-003/2024(H5N1)	785	47
PA|PP755594.1|A/cattle/Texas/24-008749-003/2024(H5N1)	786	47
PA|PP755594.1|A/cattle/Texas/24-008749-003/2024(H5N1)	787	47
PA|PP755594.1|A/cattle/Texas/24-008749-003/2024(H5N1)	788	47
PA|PP755594.1|A/cattle/Texas/24-008749-003/2024(H5N1)	789	43
PA|PP755594.1|A/cattle/Texas/24-008749-003/2024(H5N1)	790	45
PA|PP755594.1|A/cattle/Texas/24-008749-003/2024(H5N1)	791	45
PA|PP755594.1|A/cattle/Texas/24-008749-003/2024(H5N1)	792	45
PA|PP755594.1|A/cattle/Texas/24-008749-003/2024(H5N1)	793	45
PA|PP755594.1|A/cattle/Texas/24-008749-003/2024(H5N1)	794	44
PA|PP755594.1|A/cattle/Texas/24-008749-003/2024(H5N1)	795	44
PA|PP755594.1|A/cattle/Texas/24-008749-003/2024(H5N1)	796	44
PA|PP755594.1|A/cattle/Texas/24-008749-003/2024(H5N1)	797	43
PA|PP755594.1|A/cattle/Texas/24-008749-003/2024(H5N1)	798	42
PA|PP755594.1|A/cattle/Texas/24-008749-003/2024(H5N1)	799	42
PA|PP755594.1|A/cattle/Texas/24-008749-003/2024(H5N1)	800	43
PA|PP755594.1|A/cattle/Texas/24-008749-003/2024(H5N1)	801	42
PA|PP755594.1|A/cattle/Texas/24-008749-003/2024(H5N1)	802	42
PA|PP755594.1|A/cattle/Texas/24-008749-003/2024(H5N1)	803	42
PA|PP755594.1|A/cattle/Texas/24-008749-003/2024(H5N1)	804	42
PA|PP755594.1|A/cattle/Texas/24-008749-003/2024(H5N1)	805	42
PA|PP755594.1|A/cattle/Texas/24-008749-003/2024(H5N1)	806	43
PA|PP755594.1|A/cattle/Texas/24-008749-003/2024(H5N1)	807	43
PA|PP755594.1|A/cattle/Texas/24-008749-003/2024(H5N1)	808	43
PA|PP755594.1|A/cattle/Texas/24-008749-003/2024(H5N1)	809	42
PA|PP755594.1|A/cattle/Texas/24-008749-003/2024(H5N1)	810	42
PA|PP755594.1|A/cattle/Texas/24-008749-003/2024(H5N1)	811	42
PA|PP755594.1|A/cattle/Texas/24-008749-003/2024(H5N1)	812	42
PA|PP755594.1|A/cattle/Texas/24-008749-003/2024(H5N1)	813	41
PA|PP755594.1|A/cattle/Texas/24-008749-003/2024(H5N1)	814	41
PA|PP755594.1|A/cattle/Texas/24-008749-003/2024(H5N1)	815	41
PA|PP755594.1|A/cattle/Texas/24-008749-003/2024(H5N1)	816	41
PA|PP755594.1|A/cattle/Texas/24-008749-003/2024(H5N1)	817	41
PA|PP755594.1|A/cattle/Texas/24-008749-003/2024(H5N1)	818	41
PA|PP755594.1|A/cattle/Texas/24-008749-003/2024(H5N1)	819	41
PA|PP755594.1|A/cattle/Texas/24-008749-003/2024(H5N1)	820	42
PA|PP755594.1|A/cattle/Texas/24-008749-003/2024(H5N1)	821	42
PA|PP755594.1|A/cattle/Texas/24-008749-003/2024(H5N1)	822	44
PA|PP755594.1|A/cattle/Texas/24-008749-003/2024(H5N1)	823	44
PA|PP755594.1|A/cattle/Texas/24-008749-003/2024(H5N1)	824	44
PA|PP755594.1|A/cattle/Texas/24-008749-003/2024(H5N1)	825	44
PA|PP755594.1|A/cattle/Texas/24-008749-003/2024(H5N1)	826	44
PA|PP755594.1|A/cattle/Texas/24-008749-003/2024(H5N1)	827	44
PA|PP755594.1|A/cattle/Texas/24-008749-003/2024(H5N1)	828	44
PA|PP755594.1|A/cattle/Texas/24-008749-003/2024(H5N1)	829	44
PA|PP755594.1|A/cattle/Texas/24-008749-003/2024(H5N1)	830	43
PA|PP755594.1|A/cattle/Texas/24-008749-003/2024(H5N1)	831	42
PA|PP755594.1|A/cattle/Texas/24-008749-003/2024(H5N1)	832	42
PA|PP755594.1|A/cattle/Texas/24-008749-003/2024(H5N1)	833	42
PA|PP755594.1|A/cattle/Texas/24-008749-003/2024(H5N1)	834	42
PA|PP755594.1|A/cattle/Texas/24-008749-003/2024(H5N1)	835	43
PA|PP755594.1|A/cattle/Texas/24-008749-003/2024(H5N1)	836	44
PA|PP755594.1|A/cattle/Texas/24-008749-003/2024(H5N1)	837	44
PA|PP755594.1|A/cattle/Texas/24-008749-003/2024(H5N1)	838	45
PA|PP755594.1|A/cattle/Texas/24-008749-003/2024(H5N1)	839	45
PA|PP755594.1|A/cattle/Texas/24-008749-003/2024(H5N1)	840	45
PA|PP755594.1|A/cattle/Texas/24-008749-003/2024(H5N1)	841	45
PA|PP755594.1|A/cattle/Texas/24-008749-003/2024(H5N1)	842	45
PA|PP755594.1|A/cattle/Texas/24-008749-003/2024(H5N1)	843	48
PA|PP755594.1|A/cattle/Texas/24-008749-003/2024(H5N1)	844	48
PA|PP755594.1|A/cattle/Texas/24-008749-003/2024(H5N1)	845	48
PA|PP755594.1|A/cattle/Texas/24-008749-003/2024(H5N1)	846	49
PA|PP755594.1|A/cattle/Texas/24-008749-003/2024(H5N1)	847	48
PA|PP755594.1|A/cattle/Texas/24-008749-003/2024(H5N1)	848	48
PA|PP755594.1|A/cattle/Texas/24-008749-003/2024(H5N1)	849	48
PA|PP755594.1|A/cattle/Texas/24-008749-003/2024(H5N1)	850	47
PA|PP755594.1|A/cattle/Texas/24-008749-003/2024(H5N1)	851	47
PA|PP755594.1|A/cattle/Texas/24-008749-003/2024(H5N1)	852	47
PA|PP755594.1|A/cattle/Texas/24-008749-003/2024(H5N1)	853	47
PA|PP755594.1|A/cattle/Texas/24-008749-003/2024(H5N1)	854	47
PA|PP755594.1|A/cattle/Texas/24-008749-003/2024(H5N1)	855	47
PA|PP755594.1|A/cattle/Texas/24-008749-003/2024(H5N1)	856	47
PA|PP755594.1|A/cattle/Texas/24-008749-003/2024(H5N1)	857	44
PA|PP755594.1|A/cattle/Texas/24-008749-003/2024(H5N1)	858	44
PA|PP755594.1|A/cattle/Texas/24-008749-003/2024(H5N1)	859	44
PA|PP755594.1|A/cattle/Texas/24-008749-003/2024(H5N1)	860	47
PA|PP755594.1|A/cattle/Texas/24-008749-003/2024(H5N1)	861	44
PA|PP755594.1|A/cattle/Texas/24-008749-003/2024(H5N1)	862	43
PA|PP755594.1|A/cattle/Texas/24-008749-003/2024(H5N1)	863	42
PA|PP755594.1|A/cattle/Texas/24-008749-003/2024(H5N1)	864	42
PA|PP755594.1|A/cattle/Texas/24-008749-003/2024(H5N1)	865	42
PA|PP755594.1|A/cattle/Texas/24-008749-003/2024(H5N1)	866	44
PA|PP755594.1|A/cattle/Texas/24-008749-003/2024(H5N1)	867	44
PA|PP755594.1|A/cattle/Texas/24-008749-003/2024(H5N1)	868	44
PA|PP755594.1|A/cattle/Texas/24-008749-003/2024(H5N1)	869	44
PA|PP755594.1|A/cattle/Texas/24-008749-003/2024(H5N1)	870	44
PA|PP755594.1|A/cattle/Texas/24-008749-003/2024(H5N1)	871	44
PA|PP755594.1|A/cattle/Texas/24-008749-003/2024(H5N1)	872	43
PA|PP755594.1|A/cattle/Texas/24-008749-003/2024(H5N1)	873	43
PA|PP755594.1|A/cattle/Texas/24-008749-003/2024(H5N1)	874	43
PA|PP755594.1|A/cattle/Texas/24-008749-003/2024(H5N1)	875	43
PA|PP755594.1|A/cattle/Texas/24-008749-003/2024(H5N1)	876	43
PA|PP755594.1|A/cattle/Texas/24-008749-003/2024(H5N1)	877	43
PA|PP755594.1|A/cattle/Texas/24-008749-003/2024(H5N1)	878	43
PA|PP755594.1|A/cattle/Texas/24-008749-003/2024(H5N1)	879	43
PA|PP755594.1|A/cattle/Texas/24-008749-003/2024(H5N1)	880	43
PA|PP755594.1|A/cattle/Texas/24-008749-003/2024(H5N1)	881	41
PA|PP755594.1|A/cattle/Texas/24-008749-003/2024(H5N1)	882	41
PA|PP755594.1|A/cattle/Texas/24-008749-003/2024(H5N1)	883	41
PA|PP755594.1|A/cattle/Texas/24-008749-003/2024(H5N1)	884	39
PA|PP755594.1|A/cattle/Texas/24-008749-003/2024(H5N1)	885	38
PA|PP755594.1|A/cattle/Texas/24-008749-003/2024(H5N1)	886	39
PA|PP755594.1|A/cattle/Texas/24-008749-003/2024(H5N1)	887	39
PA|PP755594.1|A/cattle/Texas/24-008749-003/2024(H5N1)	888	40
PA|PP755594.1|A/cattle/Texas/24-008749-003/2024(H5N1)	889	40
PA|PP755594.1|A/cattle/Texas/24-008749-003/2024(H5N1)	890	40
PA|PP755594.1|A/cattle/Texas/24-008749-003/2024(H5N1)	891	36
PA|PP755594.1|A/cattle/Texas/24-008749-003/2024(H5N1)	892	36
PA|PP755594.1|A/cattle/Texas/24-008749-003/2024(H5N1)	893	38
PA|PP755594.1|A/cattle/Texas/24-008749-003/2024(H5N1)	894	39
PA|PP755594.1|A/cattle/Texas/24-008749-003/2024(H5N1)	895	39
PA|PP755594.1|A/cattle/Texas/24-008749-003/2024(H5N1)	896	38
PA|PP755594.1|A/cattle/Texas/24-008749-003/2024(H5N1)	897	38
PA|PP755594.1|A/cattle/Texas/24-008749-003/2024(H5N1)	898	38
PA|PP755594.1|A/cattle/Texas/24-008749-003/2024(H5N1)	899	38
PA|PP755594.1|A/cattle/Texas/24-008749-003/2024(H5N1)	900	39
PA|PP755594.1|A/cattle/Texas/24-008749-003/2024(H5N1)	901	39
PA|PP755594.1|A/cattle/Texas/24-008749-003/2024(H5N1)	902	39
PA|PP755594.1|A/cattle/Texas/24-008749-003/2024(H5N1)	903	39
PA|PP755594.1|A/cattle/Texas/24-008749-003/2024(H5N1)	904	39
PA|PP755594.1|A/cattle/Texas/24-008749-003/2024(H5N1)	905	39
PA|PP755594.1|A/cattle/Texas/24-008749-003/2024(H5N1)	906	39
PA|PP755594.1|A/cattle/Texas/24-008749-003/2024(H5N1)	907	42
PA|PP755594.1|A/cattle/Texas/24-008749-003/2024(H5N1)	908	42
PA|PP755594.1|A/cattle/Texas/24-008749-003/2024(H5N1)	909	42
PA|PP755594.1|A/cattle/Texas/24-008749-003/2024(H5N1)	910	43
PA|PP755594.1|A/cattle/Texas/24-008749-003/2024(H5N1)	911	43
PA|PP755594.1|A/cattle/Texas/24-008749-003/2024(H5N1)	912	44
PA|PP755594.1|A/cattle/Texas/24-008749-003/2024(H5N1)	913	43
PA|PP755594.1|A/cattle/Texas/24-008749-003/2024(H5N1)	914	44
PA|PP755594.1|A/cattle/Texas/24-008749-003/2024(H5N1)	915	44
PA|PP755594.1|A/cattle/Texas/24-008749-003/2024(H5N1)	916	42
PA|PP755594.1|A/cattle/Texas/24-008749-003/2024(H5N1)	917	43
PA|PP755594.1|A/cattle/Texas/24-008749-003/2024(H5N1)	918	43
PA|PP755594.1|A/cattle/Texas/24-008749-003/2024(H5N1)	919	42
PA|PP755594.1|A/cattle/Texas/24-008749-003/2024(H5N1)	920	42
PA|PP755594.1|A/cattle/Texas/24-008749-003/2024(H5N1)	921	42
PA|PP755594.1|A/cattle/Texas/24-008749-003/2024(H5N1)	922	42
PA|PP755594.1|A/cattle/Texas/24-008749-003/2024(H5N1)	923	42
PA|PP755594.1|A/cattle/Texas/24-008749-003/2024(H5N1)	924	44
PA|PP755594.1|A/cattle/Texas/24-008749-003/2024(H5N1)	925	44
PA|PP755594.1|A/cattle/Texas/24-008749-003/2024(H5N1)	926	42
PA|PP755594.1|A/cattle/Texas/24-008749-003/2024(H5N1)	927	42
PA|PP755594.1|A/cattle/Texas/24-008749-003/2024(H5N1)	928	42
PA|PP755594.1|A/cattle/Texas/24-008749-003/2024(H5N1)	929	42
PA|PP755594.1|A/cattle/Texas/24-008749-003/2024(H5N1)	930	43
PA|PP755594.1|A/cattle/Texas/24-008749-003/2024(H5N1)	931	43
PA|PP755594.1|A/cattle/Texas/24-008749-003/2024(H5N1)	932	43
PA|PP755594.1|A/cattle/Texas/24-008749-003/2024(H5N1)	933	43
PA|PP755594.1|A/cattle/Texas/24-008749-003/2024(H5N1)	934	43
PA|PP755594.1|A/cattle/Texas/24-008749-003/2024(H5N1)	935	43
PA|PP755594.1|A/cattle/Texas/24-008749-003/2024(H5N1)	936	43
PA|PP755594.1|A/cattle/Texas/24-008749-003/2024(H5N1)	937	43
PA|PP755594.1|A/cattle/Texas/24-008749-003/2024(H5N1)	938	45
PA|PP755594.1|A/cattle/Texas/24-008749-003/2024(H5N1)	939	45
PA|PP755594.1|A/cattle/Texas/24-008749-003/2024(H5N1)	940	45
PA|PP755594.1|A/cattle/Texas/24-008749-003/2024(H5N1)	941	45
PA|PP755594.1|A/cattle/Texas/24-008749-003/2024(H5N1)	942	45
PA|PP755594.1|A/cattle/Texas/24-008749-003/2024(H5N1)	943	45
PA|PP755594.1|A/cattle/Texas/24-008749-003/2024(H5N1)	944	45
PA|PP755594.1|A/cattle/Texas/24-008749-003/2024(H5N1)	945	45
PA|PP755594.1|A/cattle/Texas/24-008749-003/2024(H5N1)	946	45
PA|PP755594.1|A/cattle/Texas/24-008749-003/2024(H5N1)	947	46
PA|PP755594.1|A/cattle/Texas/24-008749-003/2024(H5N1)	948	46
PA|PP755594.1|A/cattle/Texas/24-008749-003/2024(H5N1)	949	46
PA|PP755594.1|A/cattle/Texas/24-008749-003/2024(H5N1)	950	48
PA|PP755594.1|A/cattle/Texas/24-008749-003/2024(H5N1)	951	48
PA|PP755594.1|A/cattle/Texas/24-008749-003/2024(H5N1)	952	48
PA|PP755594.1|A/cattle/Texas/24-008749-003/2024(H5N1)	953	48
PA|PP755594.1|A/cattle/Texas/24-008749-003/2024(H5N1)	954	48
PA|PP755594.1|A/cattle/Texas/24-008749-003/2024(H5N1)	955	48
PA|PP755594.1|A/cattle/Texas/24-008749-003/2024(H5N1)	956	47
PA|PP755594.1|A/cattle/Texas/24-008749-003/2024(H5N1)	957	47
PA|PP755594.1|A/cattle/Texas/24-008749-003/2024(H5N1)	958	47
PA|PP755594.1|A/cattle/Texas/24-008749-003/2024(H5N1)	959	46
PA|PP755594.1|A/cattle/Texas/24-008749-003/2024(H5N1)	960	45
PA|PP755594.1|A/cattle/Texas/24-008749-003/2024(H5N1)	961	45
PA|PP755594.1|A/cattle/Texas/24-008749-003/2024(H5N1)	962	45
PA|PP755594.1|A/cattle/Texas/24-008749-003/2024(H5N1)	963	46
PA|PP755594.1|A/cattle/Texas/24-008749-003/2024(H5N1)	964	46
PA|PP755594.1|A/cattle/Texas/24-008749-003/2024(H5N1)	965	46
PA|PP755594.1|A/cattle/Texas/24-008749-003/2024(H5N1)	966	47
PA|PP755594.1|A/cattle/Texas/24-008749-003/2024(H5N1)	967	47
PA|PP755594.1|A/cattle/Texas/24-008749-003/2024(H5N1)	968	46
PA|PP755594.1|A/cattle/Texas/24-008749-003/2024(H5N1)	969	46
PA|PP755594.1|A/cattle/Texas/24-008749-003/2024(H5N1)	970	46
PA|PP755594.1|A/cattle/Texas/24-008749-003/2024(H5N1)	971	46
PA|PP755594.1|A/cattle/Texas/24-008749-003/2024(H5N1)	972	46
PA|PP755594.1|A/cattle/Texas/24-008749-003/2024(H5N1)	973	45
PA|PP755594.1|A/cattle/Texas/24-008749-003/2024(H5N1)	974	44
PA|PP755594.1|A/cattle/Texas/24-008749-003/2024(H5N1)	975	44
PA|PP755594.1|A/cattle/Texas/24-008749-003/2024(H5N1)	976	44
PA|PP755594.1|A/cattle/Texas/24-008749-003/2024(H5N1)	977	45
PA|PP755594.1|A/cattle/Texas/24-008749-003/2024(H5N1)	978	46
PA|PP755594.1|A/cattle/Texas/24-008749-003/2024(H5N1)	979	46
PA|PP755594.1|A/cattle/Texas/24-008749-003/2024(H5N1)	980	46
PA|PP755594.1|A/cattle/Texas/24-008749-003/2024(H5N1)	981	46
PA|PP755594.1|A/cattle/Texas/24-008749-003/2024(H5N1)	982	46
PA|PP755594.1|A/cattle/Texas/24-008749-003/2024(H5N1)	983	46
PA|PP755594.1|A/cattle/Texas/24-008749-003/2024(H5N1)	984	44
PA|PP755594.1|A/cattle/Texas/24-008749-003/2024(H5N1)	985	44
PA|PP755594.1|A/cattle/Texas/24-008749-003/2024(H5N1)	986	44
PA|PP755594.1|A/cattle/Texas/24-008749-003/2024(H5N1)	987	45
PA|PP755594.1|A/cattle/Texas/24-008749-003/2024(H5N1)	988	44
PA|PP755594.1|A/cattle/Texas/24-008749-003/2024(H5N1)	989	44
PA|PP755594.1|A/cattle/Texas/24-008749-003/2024(H5N1)	990	44
PA|PP755594.1|A/cattle/Texas/24-008749-003/2024(H5N1)	991	44
PA|PP755594.1|A/cattle/Texas/24-008749-003/2024(H5N1)	992	46
PA|PP755594.1|A/cattle/Texas/24-008749-003/2024(H5N1)	993	46
PA|PP755594.1|A/cattle/Texas/24-008749-003/2024(H5N1)	994	46
PA|PP755594.1|A/cattle/Texas/24-008749-003/2024(H5N1)	995	46
PA|PP755594.1|A/cattle/Texas/24-008749-003/2024(H5N1)	996	46
PA|PP755594.1|A/cattle/Texas/24-008749-003/2024(H5N1)	997	46
PA|PP755594.1|A/cattle/Texas/24-008749-003/2024(H5N1)	998	46
PA|PP755594.1|A/cattle/Texas/24-008749-003/2024(H5N1)	999	46
PA|PP755594.1|A/cattle/Texas/24-008749-003/2024(H5N1)	1000	46
PA|PP755594.1|A/cattle/Texas/24-008749-003/2024(H5N1)	1001	46
PA|PP755594.1|A/cattle/Texas/24-008749-003/2024(H5N1)	1002	44
PA|PP755594.1|A/cattle/Texas/24-008749-003/2024(H5N1)	1003	45
PA|PP755594.1|A/cattle/Texas/24-008749-003/2024(H5N1)	1004	45
PA|PP755594.1|A/cattle/Texas/24-008749-003/2024(H5N1)	1005	46
PA|PP755594.1|A/cattle/Texas/24-008749-003/2024(H5N1)	1006	46
PA|PP755594.1|A/cattle/Texas/24-008749-003/2024(H5N1)	1007	44
PA|PP755594.1|A/cattle/Texas/24-008749-003/2024(H5N1)	1008	44
PA|PP755594.1|A/cattle/Texas/24-008749-003/2024(H5N1)	1009	44
PA|PP755594.1|A/cattle/Texas/24-008749-003/2024(H5N1)	1010	44
PA|PP755594.1|A/cattle/Texas/24-008749-003/2024(H5N1)	1011	44
PA|PP755594.1|A/cattle/Texas/24-008749-003/2024(H5N1)	1012	43
PA|PP755594.1|A/cattle/Texas/24-008749-003/2024(H5N1)	1013	43
PA|PP755594.1|A/cattle/Texas/24-008749-003/2024(H5N1)	1014	43
PA|PP755594.1|A/cattle/Texas/24-008749-003/2024(H5N1)	1015	41
PA|PP755594.1|A/cattle/Texas/24-008749-003/2024(H5N1)	1016	41
PA|PP755594.1|A/cattle/Texas/24-008749-003/2024(H5N1)	1017	41
PA|PP755594.1|A/cattle/Texas/24-008749-003/2024(H5N1)	1018	41
PA|PP755594.1|A/cattle/Texas/24-008749-003/2024(H5N1)	1019	41
PA|PP755594.1|A/cattle/Texas/24-008749-003/2024(H5N1)	1020	41
PA|PP755594.1|A/cattle/Texas/24-008749-003/2024(H5N1)	1021	41
PA|PP755594.1|A/cattle/Texas/24-008749-003/2024(H5N1)	1022	41
PA|PP755594.1|A/cattle/Texas/24-008749-003/2024(H5N1)	1023	41
PA|PP755594.1|A/cattle/Texas/24-008749-003/2024(H5N1)	1024	41
PA|PP755594.1|A/cattle/Texas/24-008749-003/2024(H5N1)	1025	41
PA|PP755594.1|A/cattle/Texas/24-008749-003/2024(H5N1)	1026	41
PA|PP755594.1|A/cattle/Texas/24-008749-003/2024(H5N1)	1027	41
PA|PP755594.1|A/cattle/Texas/24-008749-003/2024(H5N1)	1028	40
PA|PP755594.1|A/cattle/Texas/24-008749-003/2024(H5N1)	1029	40
PA|PP755594.1|A/cattle/Texas/24-008749-003/2024(H5N1)	1030	40
PA|PP755594.1|A/cattle/Texas/24-008749-003/2024(H5N1)	1031	40
PA|PP755594.1|A/cattle/Texas/24-008749-003/2024(H5N1)	1032	40
PA|PP755594.1|A/cattle/Texas/24-008749-003/2024(H5N1)	1033	43
PA|PP755594.1|A/cattle/Texas/24-008749-003/2024(H5N1)	1034	43
PA|PP755594.1|A/cattle/Texas/24-008749-003/2024(H5N1)	1035	43
PA|PP755594.1|A/cattle/Texas/24-008749-003/2024(H5N1)	1036	42
PA|PP755594.1|A/cattle/Texas/24-008749-003/2024(H5N1)	1037	42
PA|PP755594.1|A/cattle/Texas/24-008749-003/2024(H5N1)	1038	43
PA|PP755594.1|A/cattle/Texas/24-008749-003/2024(H5N1)	1039	43
PA|PP755594.1|A/cattle/Texas/24-008749-003/2024(H5N1)	1040	43
PA|PP755594.1|A/cattle/Texas/24-008749-003/2024(H5N1)	1041	43
PA|PP755594.1|A/cattle/Texas/24-008749-003/2024(H5N1)	1042	43
PA|PP755594.1|A/cattle/Texas/24-008749-003/2024(H5N1)	1043	44
PA|PP755594.1|A/cattle/Texas/24-008749-003/2024(H5N1)	1044	44
PA|PP755594.1|A/cattle/Texas/24-008749-003/2024(H5N1)	1045	44
PA|PP755594.1|A/cattle/Texas/24-008749-003/2024(H5N1)	1046	44
PA|PP755594.1|A/cattle/Texas/24-008749-003/2024(H5N1)	1047	44
PA|PP755594.1|A/cattle/Texas/24-008749-003/2024(H5N1)	1048	44
PA|PP755594.1|A/cattle/Texas/24-008749-003/2024(H5N1)	1049	44
PA|PP755594.1|A/cattle/Texas/24-008749-003/2024(H5N1)	1050	45
PA|PP755594.1|A/cattle/Texas/24-008749-003/2024(H5N1)	1051	44
PA|PP755594.1|A/cattle/Texas/24-008749-003/2024(H5N1)	1052	45
PA|PP755594.1|A/cattle/Texas/24-008749-003/2024(H5N1)	1053	45
PA|PP755594.1|A/cattle/Texas/24-008749-003/2024(H5N1)	1054	47
PA|PP755594.1|A/cattle/Texas/24-008749-003/2024(H5N1)	1055	47
PA|PP755594.1|A/cattle/Texas/24-008749-003/2024(H5N1)	1056	47
PA|PP755594.1|A/cattle/Texas/24-008749-003/2024(H5N1)	1057	47
PA|PP755594.1|A/cattle/Texas/24-008749-003/2024(H5N1)	1058	47
PA|PP755594.1|A/cattle/Texas/24-008749-003/2024(H5N1)	1059	47
PA|PP755594.1|A/cattle/Texas/24-008749-003/2024(H5N1)	1060	47
PA|PP755594.1|A/cattle/Texas/24-008749-003/2024(H5N1)	1061	47
PA|PP755594.1|A/cattle/Texas/24-008749-003/2024(H5N1)	1062	47
PA|PP755594.1|A/cattle/Texas/24-008749-003/2024(H5N1)	1063	47
PA|PP755594.1|A/cattle/Texas/24-008749-003/2024(H5N1)	1064	47
PA|PP755594.1|A/cattle/Texas/24-008749-003/2024(H5N1)	1065	47
PA|PP755594.1|A/cattle/Texas/24-008749-003/2024(H5N1)	1066	47
PA|PP755594.1|A/cattle/Texas/24-008749-003/2024(H5N1)	1067	47
PA|PP755594.1|A/cattle/Texas/24-008749-003/2024(H5N1)	1068	47
PA|PP755594.1|A/cattle/Texas/24-008749-003/2024(H5N1)	1069	47
PA|PP755594.1|A/cattle/Texas/24-008749-003/2024(H5N1)	1070	47
PA|PP755594.1|A/cattle/Texas/24-008749-003/2024(H5N1)	1071	46
PA|PP755594.1|A/cattle/Texas/24-008749-003/2024(H5N1)	1072	46
PA|PP755594.1|A/cattle/Texas/24-008749-003/2024(H5N1)	1073	46
PA|PP755594.1|A/cattle/Texas/24-008749-003/2024(H5N1)	1074	49
PA|PP755594.1|A/cattle/Texas/24-008749-003/2024(H5N1)	1075	49
PA|PP755594.1|A/cattle/Texas/24-008749-003/2024(H5N1)	1076	50
PA|PP755594.1|A/cattle/Texas/24-008749-003/2024(H5N1)	1077	50
PA|PP755594.1|A/cattle/Texas/24-008749-003/2024(H5N1)	1078	50
PA|PP755594.1|A/cattle/Texas/24-008749-003/2024(H5N1)	1079	52
PA|PP755594.1|A/cattle/Texas/24-008749-003/2024(H5N1)	1080	52
PA|PP755594.1|A/cattle/Texas/24-008749-003/2024(H5N1)	1081	52
PA|PP755594.1|A/cattle/Texas/24-008749-003/2024(H5N1)	1082	52
PA|PP755594.1|A/cattle/Texas/24-008749-003/2024(H5N1)	1083	52
PA|PP755594.1|A/cattle/Texas/24-008749-003/2024(H5N1)	1084	52
PA|PP755594.1|A/cattle/Texas/24-008749-003/2024(H5N1)	1085	52
PA|PP755594.1|A/cattle/Texas/24-008749-003/2024(H5N1)	1086	51
PA|PP755594.1|A/cattle/Texas/24-008749-003/2024(H5N1)	1087	50
PA|PP755594.1|A/cattle/Texas/24-008749-003/2024(H5N1)	1088	50
PA|PP755594.1|A/cattle/Texas/24-008749-003/2024(H5N1)	1089	50
PA|PP755594.1|A/cattle/Texas/24-008749-003/2024(H5N1)	1090	50
PA|PP755594.1|A/cattle/Texas/24-008749-003/2024(H5N1)	1091	50
PA|PP755594.1|A/cattle/Texas/24-008749-003/2024(H5N1)	1092	50
PA|PP755594.1|A/cattle/Texas/24-008749-003/2024(H5N1)	1093	49
PA|PP755594.1|A/cattle/Texas/24-008749-003/2024(H5N1)	1094	49
PA|PP755594.1|A/cattle/Texas/24-008749-003/2024(H5N1)	1095	49
PA|PP755594.1|A/cattle/Texas/24-008749-003/2024(H5N1)	1096	49
PA|PP755594.1|A/cattle/Texas/24-008749-003/2024(H5N1)	1097	48
PA|PP755594.1|A/cattle/Texas/24-008749-003/2024(H5N1)	1098	48
PA|PP755594.1|A/cattle/Texas/24-008749-003/2024(H5N1)	1099	48
PA|PP755594.1|A/cattle/Texas/24-008749-003/2024(H5N1)	1100	48
PA|PP755594.1|A/cattle/Texas/24-008749-003/2024(H5N1)	1101	48
PA|PP755594.1|A/cattle/Texas/24-008749-003/2024(H5N1)	1102	48
PA|PP755594.1|A/cattle/Texas/24-008749-003/2024(H5N1)	1103	48
PA|PP755594.1|A/cattle/Texas/24-008749-003/2024(H5N1)	1104	48
PA|PP755594.1|A/cattle/Texas/24-008749-003/2024(H5N1)	1105	48
PA|PP755594.1|A/cattle/Texas/24-008749-003/2024(H5N1)	1106	48
PA|PP755594.1|A/cattle/Texas/24-008749-003/2024(H5N1)	1107	48
PA|PP755594.1|A/cattle/Texas/24-008749-003/2024(H5N1)	1108	49
PA|PP755594.1|A/cattle/Texas/24-008749-003/2024(H5N1)	1109	50
PA|PP755594.1|A/cattle/Texas/24-008749-003/2024(H5N1)	1110	50
PA|PP755594.1|A/cattle/Texas/24-008749-003/2024(H5N1)	1111	49
PA|PP755594.1|A/cattle/Texas/24-008749-003/2024(H5N1)	1112	50
PA|PP755594.1|A/cattle/Texas/24-008749-003/2024(H5N1)	1113	50
PA|PP755594.1|A/cattle/Texas/24-008749-003/2024(H5N1)	1114	50
PA|PP755594.1|A/cattle/Texas/24-008749-003/2024(H5N1)	1115	50
PA|PP755594.1|A/cattle/Texas/24-008749-003/2024(H5N1)	1116	52
PA|PP755594.1|A/cattle/Texas/24-008749-003/2024(H5N1)	1117	52
PA|PP755594.1|A/cattle/Texas/24-008749-003/2024(H5N1)	1118	52
PA|PP755594.1|A/cattle/Texas/24-008749-003/2024(H5N1)	1119	55
PA|PP755594.1|A/cattle/Texas/24-008749-003/2024(H5N1)	1120	55
PA|PP755594.1|A/cattle/Texas/24-008749-003/2024(H5N1)	1121	55
PA|PP755594.1|A/cattle/Texas/24-008749-003/2024(H5N1)	1122	55
PA|PP755594.1|A/cattle/Texas/24-008749-003/2024(H5N1)	1123	55
PA|PP755594.1|A/cattle/Texas/24-008749-003/2024(H5N1)	1124	55
PA|PP755594.1|A/cattle/Texas/24-008749-003/2024(H5N1)	1125	54
PA|PP755594.1|A/cattle/Texas/24-008749-003/2024(H5N1)	1126	54
PA|PP755594.1|A/cattle/Texas/24-008749-003/2024(H5N1)	1127	54
PA|PP755594.1|A/cattle/Texas/24-008749-003/2024(H5N1)	1128	54
PA|PP755594.1|A/cattle/Texas/24-008749-003/2024(H5N1)	1129	54
PA|PP755594.1|A/cattle/Texas/24-008749-003/2024(H5N1)	1130	54
PA|PP755594.1|A/cattle/Texas/24-008749-003/2024(H5N1)	1131	54
PA|PP755594.1|A/cattle/Texas/24-008749-003/2024(H5N1)	1132	54
PA|PP755594.1|A/cattle/Texas/24-008749-003/2024(H5N1)	1133	54
PA|PP755594.1|A/cattle/Texas/24-008749-003/2024(H5N1)	1134	54
PA|PP755594.1|A/cattle/Texas/24-008749-003/2024(H5N1)	1135	54
PA|PP755594.1|A/cattle/Texas/24-008749-003/2024(H5N1)	1136	54
PA|PP755594.1|A/cattle/Texas/24-008749-003/2024(H5N1)	1137	53
PA|PP755594.1|A/cattle/Texas/24-008749-003/2024(H5N1)	1138	53
PA|PP755594.1|A/cattle/Texas/24-008749-003/2024(H5N1)	1139	52
PA|PP755594.1|A/cattle/Texas/24-008749-003/2024(H5N1)	1140	52
PA|PP755594.1|A/cattle/Texas/24-008749-003/2024(H5N1)	1141	53
PA|PP755594.1|A/cattle/Texas/24-008749-003/2024(H5N1)	1142	53
PA|PP755594.1|A/cattle/Texas/24-008749-003/2024(H5N1)	1143	53
PA|PP755594.1|A/cattle/Texas/24-008749-003/2024(H5N1)	1144	53
PA|PP755594.1|A/cattle/Texas/24-008749-003/2024(H5N1)	1145	52
PA|PP755594.1|A/cattle/Texas/24-008749-003/2024(H5N1)	1146	52
PA|PP755594.1|A/cattle/Texas/24-008749-003/2024(H5N1)	1147	52
PA|PP755594.1|A/cattle/Texas/24-008749-003/2024(H5N1)	1148	56
PA|PP755594.1|A/cattle/Texas/24-008749-003/2024(H5N1)	1149	59
PA|PP755594.1|A/cattle/Texas/24-008749-003/2024(H5N1)	1150	59
PA|PP755594.1|A/cattle/Texas/24-008749-003/2024(H5N1)	1151	61
PA|PP755594.1|A/cattle/Texas/24-008749-003/2024(H5N1)	1152	61
PA|PP755594.1|A/cattle/Texas/24-008749-003/2024(H5N1)	1153	61
PA|PP755594.1|A/cattle/Texas/24-008749-003/2024(H5N1)	1154	61
PA|PP755594.1|A/cattle/Texas/24-008749-003/2024(H5N1)	1155	61
PA|PP755594.1|A/cattle/Texas/24-008749-003/2024(H5N1)	1156	63
PA|PP755594.1|A/cattle/Texas/24-008749-003/2024(H5N1)	1157	63
PA|PP755594.1|A/cattle/Texas/24-008749-003/2024(H5N1)	1158	60
PA|PP755594.1|A/cattle/Texas/24-008749-003/2024(H5N1)	1159	60
PA|PP755594.1|A/cattle/Texas/24-008749-003/2024(H5N1)	1160	57
PA|PP755594.1|A/cattle/Texas/24-008749-003/2024(H5N1)	1161	57
PA|PP755594.1|A/cattle/Texas/24-008749-003/2024(H5N1)	1162	56
PA|PP755594.1|A/cattle/Texas/24-008749-003/2024(H5N1)	1163	56
PA|PP755594.1|A/cattle/Texas/24-008749-003/2024(H5N1)	1164	58
PA|PP755594.1|A/cattle/Texas/24-008749-003/2024(H5N1)	1165	57
PA|PP755594.1|A/cattle/Texas/24-008749-003/2024(H5N1)	1166	57
PA|PP755594.1|A/cattle/Texas/24-008749-003/2024(H5N1)	1167	57
PA|PP755594.1|A/cattle/Texas/24-008749-003/2024(H5N1)	1168	56
PA|PP755594.1|A/cattle/Texas/24-008749-003/2024(H5N1)	1169	57
PA|PP755594.1|A/cattle/Texas/24-008749-003/2024(H5N1)	1170	57
PA|PP755594.1|A/cattle/Texas/24-008749-003/2024(H5N1)	1171	57
PA|PP755594.1|A/cattle/Texas/24-008749-003/2024(H5N1)	1172	57
PA|PP755594.1|A/cattle/Texas/24-008749-003/2024(H5N1)	1173	57
PA|PP755594.1|A/cattle/Texas/24-008749-003/2024(H5N1)	1174	57
PA|PP755594.1|A/cattle/Texas/24-008749-003/2024(H5N1)	1175	55
PA|PP755594.1|A/cattle/Texas/24-008749-003/2024(H5N1)	1176	57
PA|PP755594.1|A/cattle/Texas/24-008749-003/2024(H5N1)	1177	57
PA|PP755594.1|A/cattle/Texas/24-008749-003/2024(H5N1)	1178	57
PA|PP755594.1|A/cattle/Texas/24-008749-003/2024(H5N1)	1179	57
PA|PP755594.1|A/cattle/Texas/24-008749-003/2024(H5N1)	1180	57
PA|PP755594.1|A/cattle/Texas/24-008749-003/2024(H5N1)	1181	56
PA|PP755594.1|A/cattle/Texas/24-008749-003/2024(H5N1)	1182	56
PA|PP755594.1|A/cattle/Texas/24-008749-003/2024(H5N1)	1183	56
PA|PP755594.1|A/cattle/Texas/24-008749-003/2024(H5N1)	1184	56
PA|PP755594.1|A/cattle/Texas/24-008749-003/2024(H5N1)	1185	54
PA|PP755594.1|A/cattle/Texas/24-008749-003/2024(H5N1)	1186	54
PA|PP755594.1|A/cattle/Texas/24-008749-003/2024(H5N1)	1187	54
PA|PP755594.1|A/cattle/Texas/24-008749-003/2024(H5N1)	1188	54
PA|PP755594.1|A/cattle/Texas/24-008749-003/2024(H5N1)	1189	54
PA|PP755594.1|A/cattle/Texas/24-008749-003/2024(H5N1)	1190	55
PA|PP755594.1|A/cattle/Texas/24-008749-003/2024(H5N1)	1191	55
PA|PP755594.1|A/cattle/Texas/24-008749-003/2024(H5N1)	1192	55
PA|PP755594.1|A/cattle/Texas/24-008749-003/2024(H5N1)	1193	55
PA|PP755594.1|A/cattle/Texas/24-008749-003/2024(H5N1)	1194	55
PA|PP755594.1|A/cattle/Texas/24-008749-003/2024(H5N1)	1195	58
PA|PP755594.1|A/cattle/Texas/24-008749-003/2024(H5N1)	1196	58
PA|PP755594.1|A/cattle/Texas/24-008749-003/2024(H5N1)	1197	58
PA|PP755594.1|A/cattle/Texas/24-008749-003/2024(H5N1)	1198	57
PA|PP755594.1|A/cattle/Texas/24-008749-003/2024(H5N1)	1199	57
PA|PP755594.1|A/cattle/Texas/24-008749-003/2024(H5N1)	1200	57
PA|PP755594.1|A/cattle/Texas/24-008749-003/2024(H5N1)	1201	57
PA|PP755594.1|A/cattle/Texas/24-008749-003/2024(H5N1)	1202	57
PA|PP755594.1|A/cattle/Texas/24-008749-003/2024(H5N1)	1203	57
PA|PP755594.1|A/cattle/Texas/24-008749-003/2024(H5N1)	1204	57
PA|PP755594.1|A/cattle/Texas/24-008749-003/2024(H5N1)	1205	58
PA|PP755594.1|A/cattle/Texas/24-008749-003/2024(H5N1)	1206	58
PA|PP755594.1|A/cattle/Texas/24-008749-003/2024(H5N1)	1207	58
PA|PP755594.1|A/cattle/Texas/24-008749-003/2024(H5N1)	1208	58
PA|PP755594.1|A/cattle/Texas/24-008749-003/2024(H5N1)	1209	58
PA|PP755594.1|A/cattle/Texas/24-008749-003/2024(H5N1)	1210	58
PA|PP755594.1|A/cattle/Texas/24-008749-003/2024(H5N1)	1211	58
PA|PP755594.1|A/cattle/Texas/24-008749-003/2024(H5N1)	1212	58
PA|PP755594.1|A/cattle/Texas/24-008749-003/2024(H5N1)	1213	58
PA|PP755594.1|A/cattle/Texas/24-008749-003/2024(H5N1)	1214	57
PA|PP755594.1|A/cattle/Texas/24-008749-003/2024(H5N1)	1215	57
PA|PP755594.1|A/cattle/Texas/24-008749-003/2024(H5N1)	1216	56
PA|PP755594.1|A/cattle/Texas/24-008749-003/2024(H5N1)	1217	56
PA|PP755594.1|A/cattle/Texas/24-008749-003/2024(H5N1)	1218	56
PA|PP755594.1|A/cattle/Texas/24-008749-003/2024(H5N1)	1219	56
PA|PP755594.1|A/cattle/Texas/24-008749-003/2024(H5N1)	1220	56
PA|PP755594.1|A/cattle/Texas/24-008749-003/2024(H5N1)	1221	56
PA|PP755594.1|A/cattle/Texas/24-008749-003/2024(H5N1)	1222	56
PA|PP755594.1|A/cattle/Texas/24-008749-003/2024(H5N1)	1223	56
PA|PP755594.1|A/cattle/Texas/24-008749-003/2024(H5N1)	1224	56
PA|PP755594.1|A/cattle/Texas/24-008749-003/2024(H5N1)	1225	56
PA|PP755594.1|A/cattle/Texas/24-008749-003/2024(H5N1)	1226	56
PA|PP755594.1|A/cattle/Texas/24-008749-003/2024(H5N1)	1227	54
PA|PP755594.1|A/cattle/Texas/24-008749-003/2024(H5N1)	1228	56
PA|PP755594.1|A/cattle/Texas/24-008749-003/2024(H5N1)	1229	55
PA|PP755594.1|A/cattle/Texas/24-008749-003/2024(H5N1)	1230	55
PA|PP755594.1|A/cattle/Texas/24-008749-003/2024(H5N1)	1231	54
PA|PP755594.1|A/cattle/Texas/24-008749-003/2024(H5N1)	1232	54
PA|PP755594.1|A/cattle/Texas/24-008749-003/2024(H5N1)	1233	54
PA|PP755594.1|A/cattle/Texas/24-008749-003/2024(H5N1)	1234	54
PA|PP755594.1|A/cattle/Texas/24-008749-003/2024(H5N1)	1235	54
PA|PP755594.1|A/cattle/Texas/24-008749-003/2024(H5N1)	1236	54
PA|PP755594.1|A/cattle/Texas/24-008749-003/2024(H5N1)	1237	53
PA|PP755594.1|A/cattle/Texas/24-008749-003/2024(H5N1)	1238	53
PA|PP755594.1|A/cattle/Texas/24-008749-003/2024(H5N1)	1239	53
PA|PP755594.1|A/cattle/Texas/24-008749-003/2024(H5N1)	1240	53
PA|PP755594.1|A/cattle/Texas/24-008749-003/2024(H5N1)	1241	53
PA|PP755594.1|A/cattle/Texas/24-008749-003/2024(H5N1)	1242	53
PA|PP755594.1|A/cattle/Texas/24-008749-003/2024(H5N1)	1243	53
PA|PP755594.1|A/cattle/Texas/24-008749-003/2024(H5N1)	1244	52
PA|PP755594.1|A/cattle/Texas/24-008749-003/2024(H5N1)	1245	52
PA|PP755594.1|A/cattle/Texas/24-008749-003/2024(H5N1)	1246	52
PA|PP755594.1|A/cattle/Texas/24-008749-003/2024(H5N1)	1247	52
PA|PP755594.1|A/cattle/Texas/24-008749-003/2024(H5N1)	1248	50
PA|PP755594.1|A/cattle/Texas/24-008749-003/2024(H5N1)	1249	50
PA|PP755594.1|A/cattle/Texas/24-008749-003/2024(H5N1)	1250	50
PA|PP755594.1|A/cattle/Texas/24-008749-003/2024(H5N1)	1251	50
PA|PP755594.1|A/cattle/Texas/24-008749-003/2024(H5N1)	1252	50
PA|PP755594.1|A/cattle/Texas/24-008749-003/2024(H5N1)	1253	49
PA|PP755594.1|A/cattle/Texas/24-008749-003/2024(H5N1)	1254	49
PA|PP755594.1|A/cattle/Texas/24-008749-003/2024(H5N1)	1255	49
PA|PP755594.1|A/cattle/Texas/24-008749-003/2024(H5N1)	1256	49
PA|PP755594.1|A/cattle/Texas/24-008749-003/2024(H5N1)	1257	49
PA|PP755594.1|A/cattle/Texas/24-008749-003/2024(H5N1)	1258	49
PA|PP755594.1|A/cattle/Texas/24-008749-003/2024(H5N1)	1259	50
PA|PP755594.1|A/cattle/Texas/24-008749-003/2024(H5N1)	1260	50
PA|PP755594.1|A/cattle/Texas/24-008749-003/2024(H5N1)	1261	50
PA|PP755594.1|A/cattle/Texas/24-008749-003/2024(H5N1)	1262	50
PA|PP755594.1|A/cattle/Texas/24-008749-003/2024(H5N1)	1263	48
PA|PP755594.1|A/cattle/Texas/24-008749-003/2024(H5N1)	1264	48
PA|PP755594.1|A/cattle/Texas/24-008749-003/2024(H5N1)	1265	49
PA|PP755594.1|A/cattle/Texas/24-008749-003/2024(H5N1)	1266	49
PA|PP755594.1|A/cattle/Texas/24-008749-003/2024(H5N1)	1267	49
PA|PP755594.1|A/cattle/Texas/24-008749-003/2024(H5N1)	1268	49
PA|PP755594.1|A/cattle/Texas/24-008749-003/2024(H5N1)	1269	49
PA|PP755594.1|A/cattle/Texas/24-008749-003/2024(H5N1)	1270	49
PA|PP755594.1|A/cattle/Texas/24-008749-003/2024(H5N1)	1271	49
PA|PP755594.1|A/cattle/Texas/24-008749-003/2024(H5N1)	1272	49
PA|PP755594.1|A/cattle/Texas/24-008749-003/2024(H5N1)	1273	49
PA|PP755594.1|A/cattle/Texas/24-008749-003/2024(H5N1)	1274	49
PA|PP755594.1|A/cattle/Texas/24-008749-003/2024(H5N1)	1275	49
PA|PP755594.1|A/cattle/Texas/24-008749-003/2024(H5N1)	1276	49
PA|PP755594.1|A/cattle/Texas/24-008749-003/2024(H5N1)	1277	50
PA|PP755594.1|A/cattle/Texas/24-008749-003/2024(H5N1)	1278	50
PA|PP755594.1|A/cattle/Texas/24-008749-003/2024(H5N1)	1279	52
PA|PP755594.1|A/cattle/Texas/24-008749-003/2024(H5N1)	1280	52
PA|PP755594.1|A/cattle/Texas/24-008749-003/2024(H5N1)	1281	51
PA|PP755594.1|A/cattle/Texas/24-008749-003/2024(H5N1)	1282	51
PA|PP755594.1|A/cattle/Texas/24-008749-003/2024(H5N1)	1283	49
PA|PP755594.1|A/cattle/Texas/24-008749-003/2024(H5N1)	1284	46
PA|PP755594.1|A/cattle/Texas/24-008749-003/2024(H5N1)	1285	48
PA|PP755594.1|A/cattle/Texas/24-008749-003/2024(H5N1)	1286	48
PA|PP755594.1|A/cattle/Texas/24-008749-003/2024(H5N1)	1287	48
PA|PP755594.1|A/cattle/Texas/24-008749-003/2024(H5N1)	1288	48
PA|PP755594.1|A/cattle/Texas/24-008749-003/2024(H5N1)	1289	47
PA|PP755594.1|A/cattle/Texas/24-008749-003/2024(H5N1)	1290	47
PA|PP755594.1|A/cattle/Texas/24-008749-003/2024(H5N1)	1291	47
PA|PP755594.1|A/cattle/Texas/24-008749-003/2024(H5N1)	1292	48
PA|PP755594.1|A/cattle/Texas/24-008749-003/2024(H5N1)	1293	47
PA|PP755594.1|A/cattle/Texas/24-008749-003/2024(H5N1)	1294	46
PA|PP755594.1|A/cattle/Texas/24-008749-003/2024(H5N1)	1295	47
PA|PP755594.1|A/cattle/Texas/24-008749-003/2024(H5N1)	1296	47
PA|PP755594.1|A/cattle/Texas/24-008749-003/2024(H5N1)	1297	47
PA|PP755594.1|A/cattle/Texas/24-008749-003/2024(H5N1)	1298	47
PA|PP755594.1|A/cattle/Texas/24-008749-003/2024(H5N1)	1299	47
PA|PP755594.1|A/cattle/Texas/24-008749-003/2024(H5N1)	1300	47
PA|PP755594.1|A/cattle/Texas/24-008749-003/2024(H5N1)	1301	46
PA|PP755594.1|A/cattle/Texas/24-008749-003/2024(H5N1)	1302	46
PA|PP755594.1|A/cattle/Texas/24-008749-003/2024(H5N1)	1303	46
PA|PP755594.1|A/cattle/Texas/24-008749-003/2024(H5N1)	1304	46
PA|PP755594.1|A/cattle/Texas/24-008749-003/2024(H5N1)	1305	46
PA|PP755594.1|A/cattle/Texas/24-008749-003/2024(H5N1)	1306	46
PA|PP755594.1|A/cattle/Texas/24-008749-003/2024(H5N1)	1307	45
PA|PP755594.1|A/cattle/Texas/24-008749-003/2024(H5N1)	1308	45
PA|PP755594.1|A/cattle/Texas/24-008749-003/2024(H5N1)	1309	45
PA|PP755594.1|A/cattle/Texas/24-008749-003/2024(H5N1)	1310	45
PA|PP755594.1|A/cattle/Texas/24-008749-003/2024(H5N1)	1311	46
PA|PP755594.1|A/cattle/Texas/24-008749-003/2024(H5N1)	1312	44
PA|PP755594.1|A/cattle/Texas/24-008749-003/2024(H5N1)	1313	46
PA|PP755594.1|A/cattle/Texas/24-008749-003/2024(H5N1)	1314	46
PA|PP755594.1|A/cattle/Texas/24-008749-003/2024(H5N1)	1315	46
PA|PP755594.1|A/cattle/Texas/24-008749-003/2024(H5N1)	1316	47
PA|PP755594.1|A/cattle/Texas/24-008749-003/2024(H5N1)	1317	47
PA|PP755594.1|A/cattle/Texas/24-008749-003/2024(H5N1)	1318	47
PA|PP755594.1|A/cattle/Texas/24-008749-003/2024(H5N1)	1319	50
PA|PP755594.1|A/cattle/Texas/24-008749-003/2024(H5N1)	1320	50
PA|PP755594.1|A/cattle/Texas/24-008749-003/2024(H5N1)	1321	50
PA|PP755594.1|A/cattle/Texas/24-008749-003/2024(H5N1)	1322	48
PA|PP755594.1|A/cattle/Texas/24-008749-003/2024(H5N1)	1323	48
PA|PP755594.1|A/cattle/Texas/24-008749-003/2024(H5N1)	1324	49
PA|PP755594.1|A/cattle/Texas/24-008749-003/2024(H5N1)	1325	48
PA|PP755594.1|A/cattle/Texas/24-008749-003/2024(H5N1)	1326	49
PA|PP755594.1|A/cattle/Texas/24-008749-003/2024(H5N1)	1327	48
PA|PP755594.1|A/cattle/Texas/24-008749-003/2024(H5N1)	1328	48
PA|PP755594.1|A/cattle/Texas/24-008749-003/2024(H5N1)	1329	47
PA|PP755594.1|A/cattle/Texas/24-008749-003/2024(H5N1)	1330	48
PA|PP755594.1|A/cattle/Texas/24-008749-003/2024(H5N1)	1331	48
PA|PP755594.1|A/cattle/Texas/24-008749-003/2024(H5N1)	1332	48
PA|PP755594.1|A/cattle/Texas/24-008749-003/2024(H5N1)	1333	48
PA|PP755594.1|A/cattle/Texas/24-008749-003/2024(H5N1)	1334	49
PA|PP755594.1|A/cattle/Texas/24-008749-003/2024(H5N1)	1335	46
PA|PP755594.1|A/cattle/Texas/24-008749-003/2024(H5N1)	1336	46
PA|PP755594.1|A/cattle/Texas/24-008749-003/2024(H5N1)	1337	46
PA|PP755594.1|A/cattle/Texas/24-008749-003/2024(H5N1)	1338	46
PA|PP755594.1|A/cattle/Texas/24-008749-003/2024(H5N1)	1339	46
PA|PP755594.1|A/cattle/Texas/24-008749-003/2024(H5N1)	1340	44
PA|PP755594.1|A/cattle/Texas/24-008749-003/2024(H5N1)	1341	44
PA|PP755594.1|A/cattle/Texas/24-008749-003/2024(H5N1)	1342	44
PA|PP755594.1|A/cattle/Texas/24-008749-003/2024(H5N1)	1343	44
PA|PP755594.1|A/cattle/Texas/24-008749-003/2024(H5N1)	1344	44
PA|PP755594.1|A/cattle/Texas/24-008749-003/2024(H5N1)	1345	44
PA|PP755594.1|A/cattle/Texas/24-008749-003/2024(H5N1)	1346	44
PA|PP755594.1|A/cattle/Texas/24-008749-003/2024(H5N1)	1347	44
PA|PP755594.1|A/cattle/Texas/24-008749-003/2024(H5N1)	1348	44
PA|PP755594.1|A/cattle/Texas/24-008749-003/2024(H5N1)	1349	44
PA|PP755594.1|A/cattle/Texas/24-008749-003/2024(H5N1)	1350	45
PA|PP755594.1|A/cattle/Texas/24-008749-003/2024(H5N1)	1351	46
PA|PP755594.1|A/cattle/Texas/24-008749-003/2024(H5N1)	1352	46
PA|PP755594.1|A/cattle/Texas/24-008749-003/2024(H5N1)	1353	46
PA|PP755594.1|A/cattle/Texas/24-008749-003/2024(H5N1)	1354	46
PA|PP755594.1|A/cattle/Texas/24-008749-003/2024(H5N1)	1355	46
PA|PP755594.1|A/cattle/Texas/24-008749-003/2024(H5N1)	1356	47
PA|PP755594.1|A/cattle/Texas/24-008749-003/2024(H5N1)	1357	45
PA|PP755594.1|A/cattle/Texas/24-008749-003/2024(H5N1)	1358	45
PA|PP755594.1|A/cattle/Texas/24-008749-003/2024(H5N1)	1359	44
PA|PP755594.1|A/cattle/Texas/24-008749-003/2024(H5N1)	1360	43
PA|PP755594.1|A/cattle/Texas/24-008749-003/2024(H5N1)	1361	43
PA|PP755594.1|A/cattle/Texas/24-008749-003/2024(H5N1)	1362	42
PA|PP755594.1|A/cattle/Texas/24-008749-003/2024(H5N1)	1363	42
PA|PP755594.1|A/cattle/Texas/24-008749-003/2024(H5N1)	1364	42
PA|PP755594.1|A/cattle/Texas/24-008749-003/2024(H5N1)	1365	42
PA|PP755594.1|A/cattle/Texas/24-008749-003/2024(H5N1)	1366	42
PA|PP755594.1|A/cattle/Texas/24-008749-003/2024(H5N1)	1367	42
PA|PP755594.1|A/cattle/Texas/24-008749-003/2024(H5N1)	1368	42
PA|PP755594.1|A/cattle/Texas/24-008749-003/2024(H5N1)	1369	46
PA|PP755594.1|A/cattle/Texas/24-008749-003/2024(H5N1)	1370	46
PA|PP755594.1|A/cattle/Texas/24-008749-003/2024(H5N1)	1371	46
PA|PP755594.1|A/cattle/Texas/24-008749-003/2024(H5N1)	1372	46
PA|PP755594.1|A/cattle/Texas/24-008749-003/2024(H5N1)	1373	47
PA|PP755594.1|A/cattle/Texas/24-008749-003/2024(H5N1)	1374	47
PA|PP755594.1|A/cattle/Texas/24-008749-003/2024(H5N1)	1375	45
PA|PP755594.1|A/cattle/Texas/24-008749-003/2024(H5N1)	1376	45
PA|PP755594.1|A/cattle/Texas/24-008749-003/2024(H5N1)	1377	46
PA|PP755594.1|A/cattle/Texas/24-008749-003/2024(H5N1)	1378	46
PA|PP755594.1|A/cattle/Texas/24-008749-003/2024(H5N1)	1379	46
PA|PP755594.1|A/cattle/Texas/24-008749-003/2024(H5N1)	1380	46
PA|PP755594.1|A/cattle/Texas/24-008749-003/2024(H5N1)	1381	47
PA|PP755594.1|A/cattle/Texas/24-008749-003/2024(H5N1)	1382	47
PA|PP755594.1|A/cattle/Texas/24-008749-003/2024(H5N1)	1383	47
PA|PP755594.1|A/cattle/Texas/24-008749-003/2024(H5N1)	1384	46
PA|PP755594.1|A/cattle/Texas/24-008749-003/2024(H5N1)	1385	46
PA|PP755594.1|A/cattle/Texas/24-008749-003/2024(H5N1)	1386	46
PA|PP755594.1|A/cattle/Texas/24-008749-003/2024(H5N1)	1387	46
PA|PP755594.1|A/cattle/Texas/24-008749-003/2024(H5N1)	1388	46
PA|PP755594.1|A/cattle/Texas/24-008749-003/2024(H5N1)	1389	47
PA|PP755594.1|A/cattle/Texas/24-008749-003/2024(H5N1)	1390	47
PA|PP755594.1|A/cattle/Texas/24-008749-003/2024(H5N1)	1391	47
PA|PP755594.1|A/cattle/Texas/24-008749-003/2024(H5N1)	1392	50
PA|PP755594.1|A/cattle/Texas/24-008749-003/2024(H5N1)	1393	50
PA|PP755594.1|A/cattle/Texas/24-008749-003/2024(H5N1)	1394	48
PA|PP755594.1|A/cattle/Texas/24-008749-003/2024(H5N1)	1395	48
PA|PP755594.1|A/cattle/Texas/24-008749-003/2024(H5N1)	1396	48
PA|PP755594.1|A/cattle/Texas/24-008749-003/2024(H5N1)	1397	48
PA|PP755594.1|A/cattle/Texas/24-008749-003/2024(H5N1)	1398	48
PA|PP755594.1|A/cattle/Texas/24-008749-003/2024(H5N1)	1399	44
PA|PP755594.1|A/cattle/Texas/24-008749-003/2024(H5N1)	1400	43
PA|PP755594.1|A/cattle/Texas/24-008749-003/2024(H5N1)	1401	43
PA|PP755594.1|A/cattle/Texas/24-008749-003/2024(H5N1)	1402	44
PA|PP755594.1|A/cattle/Texas/24-008749-003/2024(H5N1)	1403	45
PA|PP755594.1|A/cattle/Texas/24-008749-003/2024(H5N1)	1404	45
PA|PP755594.1|A/cattle/Texas/24-008749-003/2024(H5N1)	1405	46
PA|PP755594.1|A/cattle/Texas/24-008749-003/2024(H5N1)	1406	45
PA|PP755594.1|A/cattle/Texas/24-008749-003/2024(H5N1)	1407	45
PA|PP755594.1|A/cattle/Texas/24-008749-003/2024(H5N1)	1408	45
PA|PP755594.1|A/cattle/Texas/24-008749-003/2024(H5N1)	1409	45
PA|PP755594.1|A/cattle/Texas/24-008749-003/2024(H5N1)	1410	47
PA|PP755594.1|A/cattle/Texas/24-008749-003/2024(H5N1)	1411	47
PA|PP755594.1|A/cattle/Texas/24-008749-003/2024(H5N1)	1412	47
PA|PP755594.1|A/cattle/Texas/24-008749-003/2024(H5N1)	1413	47
PA|PP755594.1|A/cattle/Texas/24-008749-003/2024(H5N1)	1414	45
PA|PP755594.1|A/cattle/Texas/24-008749-003/2024(H5N1)	1415	46
PA|PP755594.1|A/cattle/Texas/24-008749-003/2024(H5N1)	1416	46
PA|PP755594.1|A/cattle/Texas/24-008749-003/2024(H5N1)	1417	46
PA|PP755594.1|A/cattle/Texas/24-008749-003/2024(H5N1)	1418	46
PA|PP755594.1|A/cattle/Texas/24-008749-003/2024(H5N1)	1419	46
PA|PP755594.1|A/cattle/Texas/24-008749-003/2024(H5N1)	1420	45
PA|PP755594.1|A/cattle/Texas/24-008749-003/2024(H5N1)	1421	45
PA|PP755594.1|A/cattle/Texas/24-008749-003/2024(H5N1)	1422	47
PA|PP755594.1|A/cattle/Texas/24-008749-003/2024(H5N1)	1423	48
PA|PP755594.1|A/cattle/Texas/24-008749-003/2024(H5N1)	1424	48
PA|PP755594.1|A/cattle/Texas/24-008749-003/2024(H5N1)	1425	48
PA|PP755594.1|A/cattle/Texas/24-008749-003/2024(H5N1)	1426	48
PA|PP755594.1|A/cattle/Texas/24-008749-003/2024(H5N1)	1427	48
PA|PP755594.1|A/cattle/Texas/24-008749-003/2024(H5N1)	1428	48
PA|PP755594.1|A/cattle/Texas/24-008749-003/2024(H5N1)	1429	48
PA|PP755594.1|A/cattle/Texas/24-008749-003/2024(H5N1)	1430	48
PA|PP755594.1|A/cattle/Texas/24-008749-003/2024(H5N1)	1431	48
PA|PP755594.1|A/cattle/Texas/24-008749-003/2024(H5N1)	1432	49
PA|PP755594.1|A/cattle/Texas/24-008749-003/2024(H5N1)	1433	49
PA|PP755594.1|A/cattle/Texas/24-008749-003/2024(H5N1)	1434	50
PA|PP755594.1|A/cattle/Texas/24-008749-003/2024(H5N1)	1435	50
PA|PP755594.1|A/cattle/Texas/24-008749-003/2024(H5N1)	1436	50
PA|PP755594.1|A/cattle/Texas/24-008749-003/2024(H5N1)	1437	51
PA|PP755594.1|A/cattle/Texas/24-008749-003/2024(H5N1)	1438	53
PA|PP755594.1|A/cattle/Texas/24-008749-003/2024(H5N1)	1439	53
PA|PP755594.1|A/cattle/Texas/24-008749-003/2024(H5N1)	1440	53
PA|PP755594.1|A/cattle/Texas/24-008749-003/2024(H5N1)	1441	52
PA|PP755594.1|A/cattle/Texas/24-008749-003/2024(H5N1)	1442	52
PA|PP755594.1|A/cattle/Texas/24-008749-003/2024(H5N1)	1443	54
PA|PP755594.1|A/cattle/Texas/24-008749-003/2024(H5N1)	1444	53
PA|PP755594.1|A/cattle/Texas/24-008749-003/2024(H5N1)	1445	54
PA|PP755594.1|A/cattle/Texas/24-008749-003/2024(H5N1)	1446	54
PA|PP755594.1|A/cattle/Texas/24-008749-003/2024(H5N1)	1447	54
PA|PP755594.1|A/cattle/Texas/24-008749-003/2024(H5N1)	1448	55
PA|PP755594.1|A/cattle/Texas/24-008749-003/2024(H5N1)	1449	55
PA|PP755594.1|A/cattle/Texas/24-008749-003/2024(H5N1)	1450	55
PA|PP755594.1|A/cattle/Texas/24-008749-003/2024(H5N1)	1451	55
PA|PP755594.1|A/cattle/Texas/24-008749-003/2024(H5N1)	1452	55
PA|PP755594.1|A/cattle/Texas/24-008749-003/2024(H5N1)	1453	55
PA|PP755594.1|A/cattle/Texas/24-008749-003/2024(H5N1)	1454	55
PA|PP755594.1|A/cattle/Texas/24-008749-003/2024(H5N1)	1455	55
PA|PP755594.1|A/cattle/Texas/24-008749-003/2024(H5N1)	1456	54
PA|PP755594.1|A/cattle/Texas/24-008749-003/2024(H5N1)	1457	54
PA|PP755594.1|A/cattle/Texas/24-008749-003/2024(H5N1)	1458	54
PA|PP755594.1|A/cattle/Texas/24-008749-003/2024(H5N1)	1459	54
PA|PP755594.1|A/cattle/Texas/24-008749-003/2024(H5N1)	1460	54
PA|PP755594.1|A/cattle/Texas/24-008749-003/2024(H5N1)	1461	54
PA|PP755594.1|A/cattle/Texas/24-008749-003/2024(H5N1)	1462	54
PA|PP755594.1|A/cattle/Texas/24-008749-003/2024(H5N1)	1463	54
PA|PP755594.1|A/cattle/Texas/24-008749-003/2024(H5N1)	1464	56
PA|PP755594.1|A/cattle/Texas/24-008749-003/2024(H5N1)	1465	57
PA|PP755594.1|A/cattle/Texas/24-008749-003/2024(H5N1)	1466	57
PA|PP755594.1|A/cattle/Texas/24-008749-003/2024(H5N1)	1467	57
PA|PP755594.1|A/cattle/Texas/24-008749-003/2024(H5N1)	1468	57
PA|PP755594.1|A/cattle/Texas/24-008749-003/2024(H5N1)	1469	59
PA|PP755594.1|A/cattle/Texas/24-008749-003/2024(H5N1)	1470	59
PA|PP755594.1|A/cattle/Texas/24-008749-003/2024(H5N1)	1471	59
PA|PP755594.1|A/cattle/Texas/24-008749-003/2024(H5N1)	1472	59
PA|PP755594.1|A/cattle/Texas/24-008749-003/2024(H5N1)	1473	58
PA|PP755594.1|A/cattle/Texas/24-008749-003/2024(H5N1)	1474	59
PA|PP755594.1|A/cattle/Texas/24-008749-003/2024(H5N1)	1475	59
PA|PP755594.1|A/cattle/Texas/24-008749-003/2024(H5N1)	1476	59
PA|PP755594.1|A/cattle/Texas/24-008749-003/2024(H5N1)	1477	59
PA|PP755594.1|A/cattle/Texas/24-008749-003/2024(H5N1)	1478	57
PA|PP755594.1|A/cattle/Texas/24-008749-003/2024(H5N1)	1479	57
PA|PP755594.1|A/cattle/Texas/24-008749-003/2024(H5N1)	1480	57
PA|PP755594.1|A/cattle/Texas/24-008749-003/2024(H5N1)	1481	56
PA|PP755594.1|A/cattle/Texas/24-008749-003/2024(H5N1)	1482	56
PA|PP755594.1|A/cattle/Texas/24-008749-003/2024(H5N1)	1483	54
PA|PP755594.1|A/cattle/Texas/24-008749-003/2024(H5N1)	1484	54
PA|PP755594.1|A/cattle/Texas/24-008749-003/2024(H5N1)	1485	54
PA|PP755594.1|A/cattle/Texas/24-008749-003/2024(H5N1)	1486	54
PA|PP755594.1|A/cattle/Texas/24-008749-003/2024(H5N1)	1487	54
PA|PP755594.1|A/cattle/Texas/24-008749-003/2024(H5N1)	1488	54
PA|PP755594.1|A/cattle/Texas/24-008749-003/2024(H5N1)	1489	54
PA|PP755594.1|A/cattle/Texas/24-008749-003/2024(H5N1)	1490	54
PA|PP755594.1|A/cattle/Texas/24-008749-003/2024(H5N1)	1491	54
PA|PP755594.1|A/cattle/Texas/24-008749-003/2024(H5N1)	1492	54
PA|PP755594.1|A/cattle/Texas/24-008749-003/2024(H5N1)	1493	54
PA|PP755594.1|A/cattle/Texas/24-008749-003/2024(H5N1)	1494	54
PA|PP755594.1|A/cattle/Texas/24-008749-003/2024(H5N1)	1495	56
PA|PP755594.1|A/cattle/Texas/24-008749-003/2024(H5N1)	1496	56
PA|PP755594.1|A/cattle/Texas/24-008749-003/2024(H5N1)	1497	58
PA|PP755594.1|A/cattle/Texas/24-008749-003/2024(H5N1)	1498	57
PA|PP755594.1|A/cattle/Texas/24-008749-003/2024(H5N1)	1499	57
PA|PP755594.1|A/cattle/Texas/24-008749-003/2024(H5N1)	1500	57
PA|PP755594.1|A/cattle/Texas/24-008749-003/2024(H5N1)	1501	57
PA|PP755594.1|A/cattle/Texas/24-008749-003/2024(H5N1)	1502	57
PA|PP755594.1|A/cattle/Texas/24-008749-003/2024(H5N1)	1503	57
PA|PP755594.1|A/cattle/Texas/24-008749-003/2024(H5N1)	1504	56
PA|PP755594.1|A/cattle/Texas/24-008749-003/2024(H5N1)	1505	56
PA|PP755594.1|A/cattle/Texas/24-008749-003/2024(H5N1)	1506	56
PA|PP755594.1|A/cattle/Texas/24-008749-003/2024(H5N1)	1507	56
PA|PP755594.1|A/cattle/Texas/24-008749-003/2024(H5N1)	1508	56
PA|PP755594.1|A/cattle/Texas/24-008749-003/2024(H5N1)	1509	59
PA|PP755594.1|A/cattle/Texas/24-008749-003/2024(H5N1)	1510	58
PA|PP755594.1|A/cattle/Texas/24-008749-003/2024(H5N1)	1511	58
PA|PP755594.1|A/cattle/Texas/24-008749-003/2024(H5N1)	1512	58
PA|PP755594.1|A/cattle/Texas/24-008749-003/2024(H5N1)	1513	58
PA|PP755594.1|A/cattle/Texas/24-008749-003/2024(H5N1)	1514	58
PA|PP755594.1|A/cattle/Texas/24-008749-003/2024(H5N1)	1515	58
PA|PP755594.1|A/cattle/Texas/24-008749-003/2024(H5N1)	1516	57
PA|PP755594.1|A/cattle/Texas/24-008749-003/2024(H5N1)	1517	57
PA|PP755594.1|A/cattle/Texas/24-008749-003/2024(H5N1)	1518	57
PA|PP755594.1|A/cattle/Texas/24-008749-003/2024(H5N1)	1519	57
PA|PP755594.1|A/cattle/Texas/24-008749-003/2024(H5N1)	1520	57
PA|PP755594.1|A/cattle/Texas/24-008749-003/2024(H5N1)	1521	53
PA|PP755594.1|A/cattle/Texas/24-008749-003/2024(H5N1)	1522	54
PA|PP755594.1|A/cattle/Texas/24-008749-003/2024(H5N1)	1523	54
PA|PP755594.1|A/cattle/Texas/24-008749-003/2024(H5N1)	1524	54
PA|PP755594.1|A/cattle/Texas/24-008749-003/2024(H5N1)	1525	54
PA|PP755594.1|A/cattle/Texas/24-008749-003/2024(H5N1)	1526	54
PA|PP755594.1|A/cattle/Texas/24-008749-003/2024(H5N1)	1527	54
PA|PP755594.1|A/cattle/Texas/24-008749-003/2024(H5N1)	1528	56
PA|PP755594.1|A/cattle/Texas/24-008749-003/2024(H5N1)	1529	56
PA|PP755594.1|A/cattle/Texas/24-008749-003/2024(H5N1)	1530	56
PA|PP755594.1|A/cattle/Texas/24-008749-003/2024(H5N1)	1531	56
PA|PP755594.1|A/cattle/Texas/24-008749-003/2024(H5N1)	1532	56
PA|PP755594.1|A/cattle/Texas/24-008749-003/2024(H5N1)	1533	56
PA|PP755594.1|A/cattle/Texas/24-008749-003/2024(H5N1)	1534	56
PA|PP755594.1|A/cattle/Texas/24-008749-003/2024(H5N1)	1535	56
PA|PP755594.1|A/cattle/Texas/24-008749-003/2024(H5N1)	1536	58
PA|PP755594.1|A/cattle/Texas/24-008749-003/2024(H5N1)	1537	58
PA|PP755594.1|A/cattle/Texas/24-008749-003/2024(H5N1)	1538	58
PA|PP755594.1|A/cattle/Texas/24-008749-003/2024(H5N1)	1539	58
PA|PP755594.1|A/cattle/Texas/24-008749-003/2024(H5N1)	1540	58
PA|PP755594.1|A/cattle/Texas/24-008749-003/2024(H5N1)	1541	57
PA|PP755594.1|A/cattle/Texas/24-008749-003/2024(H5N1)	1542	57
PA|PP755594.1|A/cattle/Texas/24-008749-003/2024(H5N1)	1543	57
PA|PP755594.1|A/cattle/Texas/24-008749-003/2024(H5N1)	1544	57
PA|PP755594.1|A/cattle/Texas/24-008749-003/2024(H5N1)	1545	56
PA|PP755594.1|A/cattle/Texas/24-008749-003/2024(H5N1)	1546	56
PA|PP755594.1|A/cattle/Texas/24-008749-003/2024(H5N1)	1547	56
PA|PP755594.1|A/cattle/Texas/24-008749-003/2024(H5N1)	1548	56
PA|PP755594.1|A/cattle/Texas/24-008749-003/2024(H5N1)	1549	57
PA|PP755594.1|A/cattle/Texas/24-008749-003/2024(H5N1)	1550	54
PA|PP755594.1|A/cattle/Texas/24-008749-003/2024(H5N1)	1551	54
PA|PP755594.1|A/cattle/Texas/24-008749-003/2024(H5N1)	1552	54
PA|PP755594.1|A/cattle/Texas/24-008749-003/2024(H5N1)	1553	54
PA|PP755594.1|A/cattle/Texas/24-008749-003/2024(H5N1)	1554	54
PA|PP755594.1|A/cattle/Texas/24-008749-003/2024(H5N1)	1555	54
PA|PP755594.1|A/cattle/Texas/24-008749-003/2024(H5N1)	1556	53
PA|PP755594.1|A/cattle/Texas/24-008749-003/2024(H5N1)	1557	53
PA|PP755594.1|A/cattle/Texas/24-008749-003/2024(H5N1)	1558	53
PA|PP755594.1|A/cattle/Texas/24-008749-003/2024(H5N1)	1559	53
PA|PP755594.1|A/cattle/Texas/24-008749-003/2024(H5N1)	1560	51
PA|PP755594.1|A/cattle/Texas/24-008749-003/2024(H5N1)	1561	51
PA|PP755594.1|A/cattle/Texas/24-008749-003/2024(H5N1)	1562	50
PA|PP755594.1|A/cattle/Texas/24-008749-003/2024(H5N1)	1563	50
PA|PP755594.1|A/cattle/Texas/24-008749-003/2024(H5N1)	1564	50
PA|PP755594.1|A/cattle/Texas/24-008749-003/2024(H5N1)	1565	51
PA|PP755594.1|A/cattle/Texas/24-008749-003/2024(H5N1)	1566	50
PA|PP755594.1|A/cattle/Texas/24-008749-003/2024(H5N1)	1567	51
PA|PP755594.1|A/cattle/Texas/24-008749-003/2024(H5N1)	1568	52
PA|PP755594.1|A/cattle/Texas/24-008749-003/2024(H5N1)	1569	52
PA|PP755594.1|A/cattle/Texas/24-008749-003/2024(H5N1)	1570	54
PA|PP755594.1|A/cattle/Texas/24-008749-003/2024(H5N1)	1571	54
PA|PP755594.1|A/cattle/Texas/24-008749-003/2024(H5N1)	1572	54
PA|PP755594.1|A/cattle/Texas/24-008749-003/2024(H5N1)	1573	54
PA|PP755594.1|A/cattle/Texas/24-008749-003/2024(H5N1)	1574	55
PA|PP755594.1|A/cattle/Texas/24-008749-003/2024(H5N1)	1575	55
PA|PP755594.1|A/cattle/Texas/24-008749-003/2024(H5N1)	1576	53
PA|PP755594.1|A/cattle/Texas/24-008749-003/2024(H5N1)	1577	57
PA|PP755594.1|A/cattle/Texas/24-008749-003/2024(H5N1)	1578	57
PA|PP755594.1|A/cattle/Texas/24-008749-003/2024(H5N1)	1579	57
PA|PP755594.1|A/cattle/Texas/24-008749-003/2024(H5N1)	1580	56
PA|PP755594.1|A/cattle/Texas/24-008749-003/2024(H5N1)	1581	56
PA|PP755594.1|A/cattle/Texas/24-008749-003/2024(H5N1)	1582	56
PA|PP755594.1|A/cattle/Texas/24-008749-003/2024(H5N1)	1583	56
PA|PP755594.1|A/cattle/Texas/24-008749-003/2024(H5N1)	1584	56
PA|PP755594.1|A/cattle/Texas/24-008749-003/2024(H5N1)	1585	56
PA|PP755594.1|A/cattle/Texas/24-008749-003/2024(H5N1)	1586	54
PA|PP755594.1|A/cattle/Texas/24-008749-003/2024(H5N1)	1587	56
PA|PP755594.1|A/cattle/Texas/24-008749-003/2024(H5N1)	1588	56
PA|PP755594.1|A/cattle/Texas/24-008749-003/2024(H5N1)	1589	56
PA|PP755594.1|A/cattle/Texas/24-008749-003/2024(H5N1)	1590	56
PA|PP755594.1|A/cattle/Texas/24-008749-003/2024(H5N1)	1591	56
PA|PP755594.1|A/cattle/Texas/24-008749-003/2024(H5N1)	1592	56
PA|PP755594.1|A/cattle/Texas/24-008749-003/2024(H5N1)	1593	56
PA|PP755594.1|A/cattle/Texas/24-008749-003/2024(H5N1)	1594	56
PA|PP755594.1|A/cattle/Texas/24-008749-003/2024(H5N1)	1595	57
PA|PP755594.1|A/cattle/Texas/24-008749-003/2024(H5N1)	1596	57
PA|PP755594.1|A/cattle/Texas/24-008749-003/2024(H5N1)	1597	57
PA|PP755594.1|A/cattle/Texas/24-008749-003/2024(H5N1)	1598	57
PA|PP755594.1|A/cattle/Texas/24-008749-003/2024(H5N1)	1599	57
PA|PP755594.1|A/cattle/Texas/24-008749-003/2024(H5N1)	1600	56
PA|PP755594.1|A/cattle/Texas/24-008749-003/2024(H5N1)	1601	55
PA|PP755594.1|A/cattle/Texas/24-008749-003/2024(H5N1)	1602	53
PA|PP755594.1|A/cattle/Texas/24-008749-003/2024(H5N1)	1603	53
PA|PP755594.1|A/cattle/Texas/24-008749-003/2024(H5N1)	1604	54
PA|PP755594.1|A/cattle/Texas/24-008749-003/2024(H5N1)	1605	54
PA|PP755594.1|A/cattle/Texas/24-008749-003/2024(H5N1)	1606	52
PA|PP755594.1|A/cattle/Texas/24-008749-003/2024(H5N1)	1607	49
PA|PP755594.1|A/cattle/Texas/24-008749-003/2024(H5N1)	1608	49
PA|PP755594.1|A/cattle/Texas/24-008749-003/2024(H5N1)	1609	49
PA|PP755594.1|A/cattle/Texas/24-008749-003/2024(H5N1)	1610	49
PA|PP755594.1|A/cattle/Texas/24-008749-003/2024(H5N1)	1611	52
PA|PP755594.1|A/cattle/Texas/24-008749-003/2024(H5N1)	1612	52
PA|PP755594.1|A/cattle/Texas/24-008749-003/2024(H5N1)	1613	52
PA|PP755594.1|A/cattle/Texas/24-008749-003/2024(H5N1)	1614	52
PA|PP755594.1|A/cattle/Texas/24-008749-003/2024(H5N1)	1615	52
PA|PP755594.1|A/cattle/Texas/24-008749-003/2024(H5N1)	1616	52
PA|PP755594.1|A/cattle/Texas/24-008749-003/2024(H5N1)	1617	56
PA|PP755594.1|A/cattle/Texas/24-008749-003/2024(H5N1)	1618	56
PA|PP755594.1|A/cattle/Texas/24-008749-003/2024(H5N1)	1619	56
PA|PP755594.1|A/cattle/Texas/24-008749-003/2024(H5N1)	1620	55
PA|PP755594.1|A/cattle/Texas/24-008749-003/2024(H5N1)	1621	55
PA|PP755594.1|A/cattle/Texas/24-008749-003/2024(H5N1)	1622	56
PA|PP755594.1|A/cattle/Texas/24-008749-003/2024(H5N1)	1623	56
PA|PP755594.1|A/cattle/Texas/24-008749-003/2024(H5N1)	1624	58
PA|PP755594.1|A/cattle/Texas/24-008749-003/2024(H5N1)	1625	58
PA|PP755594.1|A/cattle/Texas/24-008749-003/2024(H5N1)	1626	58
PA|PP755594.1|A/cattle/Texas/24-008749-003/2024(H5N1)	1627	57
PA|PP755594.1|A/cattle/Texas/24-008749-003/2024(H5N1)	1628	57
PA|PP755594.1|A/cattle/Texas/24-008749-003/2024(H5N1)	1629	57
PA|PP755594.1|A/cattle/Texas/24-008749-003/2024(H5N1)	1630	57
PA|PP755594.1|A/cattle/Texas/24-008749-003/2024(H5N1)	1631	56
PA|PP755594.1|A/cattle/Texas/24-008749-003/2024(H5N1)	1632	56
PA|PP755594.1|A/cattle/Texas/24-008749-003/2024(H5N1)	1633	56
PA|PP755594.1|A/cattle/Texas/24-008749-003/2024(H5N1)	1634	56
PA|PP755594.1|A/cattle/Texas/24-008749-003/2024(H5N1)	1635	55
PA|PP755594.1|A/cattle/Texas/24-008749-003/2024(H5N1)	1636	55
PA|PP755594.1|A/cattle/Texas/24-008749-003/2024(H5N1)	1637	55
PA|PP755594.1|A/cattle/Texas/24-008749-003/2024(H5N1)	1638	55
PA|PP755594.1|A/cattle/Texas/24-008749-003/2024(H5N1)	1639	55
PA|PP755594.1|A/cattle/Texas/24-008749-003/2024(H5N1)	1640	52
PA|PP755594.1|A/cattle/Texas/24-008749-003/2024(H5N1)	1641	51
PA|PP755594.1|A/cattle/Texas/24-008749-003/2024(H5N1)	1642	51
PA|PP755594.1|A/cattle/Texas/24-008749-003/2024(H5N1)	1643	51
PA|PP755594.1|A/cattle/Texas/24-008749-003/2024(H5N1)	1644	50
PA|PP755594.1|A/cattle/Texas/24-008749-003/2024(H5N1)	1645	50
PA|PP755594.1|A/cattle/Texas/24-008749-003/2024(H5N1)	1646	50
PA|PP755594.1|A/cattle/Texas/24-008749-003/2024(H5N1)	1647	51
PA|PP755594.1|A/cattle/Texas/24-008749-003/2024(H5N1)	1648	51
PA|PP755594.1|A/cattle/Texas/24-008749-003/2024(H5N1)	1649	51
PA|PP755594.1|A/cattle/Texas/24-008749-003/2024(H5N1)	1650	51
PA|PP755594.1|A/cattle/Texas/24-008749-003/2024(H5N1)	1651	51
PA|PP755594.1|A/cattle/Texas/24-008749-003/2024(H5N1)	1652	51
PA|PP755594.1|A/cattle/Texas/24-008749-003/2024(H5N1)	1653	50
PA|PP755594.1|A/cattle/Texas/24-008749-003/2024(H5N1)	1654	49
PA|PP755594.1|A/cattle/Texas/24-008749-003/2024(H5N1)	1655	49
PA|PP755594.1|A/cattle/Texas/24-008749-003/2024(H5N1)	1656	48
PA|PP755594.1|A/cattle/Texas/24-008749-003/2024(H5N1)	1657	48
PA|PP755594.1|A/cattle/Texas/24-008749-003/2024(H5N1)	1658	48
PA|PP755594.1|A/cattle/Texas/24-008749-003/2024(H5N1)	1659	48
PA|PP755594.1|A/cattle/Texas/24-008749-003/2024(H5N1)	1660	48
PA|PP755594.1|A/cattle/Texas/24-008749-003/2024(H5N1)	1661	46
PA|PP755594.1|A/cattle/Texas/24-008749-003/2024(H5N1)	1662	46
PA|PP755594.1|A/cattle/Texas/24-008749-003/2024(H5N1)	1663	49
PA|PP755594.1|A/cattle/Texas/24-008749-003/2024(H5N1)	1664	51
PA|PP755594.1|A/cattle/Texas/24-008749-003/2024(H5N1)	1665	51
PA|PP755594.1|A/cattle/Texas/24-008749-003/2024(H5N1)	1666	51
PA|PP755594.1|A/cattle/Texas/24-008749-003/2024(H5N1)	1667	48
PA|PP755594.1|A/cattle/Texas/24-008749-003/2024(H5N1)	1668	48
PA|PP755594.1|A/cattle/Texas/24-008749-003/2024(H5N1)	1669	48
PA|PP755594.1|A/cattle/Texas/24-008749-003/2024(H5N1)	1670	48
PA|PP755594.1|A/cattle/Texas/24-008749-003/2024(H5N1)	1671	48
PA|PP755594.1|A/cattle/Texas/24-008749-003/2024(H5N1)	1672	48
PA|PP755594.1|A/cattle/Texas/24-008749-003/2024(H5N1)	1673	48
PA|PP755594.1|A/cattle/Texas/24-008749-003/2024(H5N1)	1674	50
PA|PP755594.1|A/cattle/Texas/24-008749-003/2024(H5N1)	1675	50
PA|PP755594.1|A/cattle/Texas/24-008749-003/2024(H5N1)	1676	50
PA|PP755594.1|A/cattle/Texas/24-008749-003/2024(H5N1)	1677	50
PA|PP755594.1|A/cattle/Texas/24-008749-003/2024(H5N1)	1678	50
PA|PP755594.1|A/cattle/Texas/24-008749-003/2024(H5N1)	1679	50
PA|PP755594.1|A/cattle/Texas/24-008749-003/2024(H5N1)	1680	49
PA|PP755594.1|A/cattle/Texas/24-008749-003/2024(H5N1)	1681	49
PA|PP755594.1|A/cattle/Texas/24-008749-003/2024(H5N1)	1682	49
PA|PP755594.1|A/cattle/Texas/24-008749-003/2024(H5N1)	1683	50
PA|PP755594.1|A/cattle/Texas/24-008749-003/2024(H5N1)	1684	50
PA|PP755594.1|A/cattle/Texas/24-008749-003/2024(H5N1)	1685	49
PA|PP755594.1|A/cattle/Texas/24-008749-003/2024(H5N1)	1686	49
PA|PP755594.1|A/cattle/Texas/24-008749-003/2024(H5N1)	1687	49
PA|PP755594.1|A/cattle/Texas/24-008749-003/2024(H5N1)	1688	49
PA|PP755594.1|A/cattle/Texas/24-008749-003/2024(H5N1)	1689	50
PA|PP755594.1|A/cattle/Texas/24-008749-003/2024(H5N1)	1690	52
PA|PP755594.1|A/cattle/Texas/24-008749-003/2024(H5N1)	1691	52
PA|PP755594.1|A/cattle/Texas/24-008749-003/2024(H5N1)	1692	52
PA|PP755594.1|A/cattle/Texas/24-008749-003/2024(H5N1)	1693	52
PA|PP755594.1|A/cattle/Texas/24-008749-003/2024(H5N1)	1694	52
PA|PP755594.1|A/cattle/Texas/24-008749-003/2024(H5N1)	1695	52
PA|PP755594.1|A/cattle/Texas/24-008749-003/2024(H5N1)	1696	52
PA|PP755594.1|A/cattle/Texas/24-008749-003/2024(H5N1)	1697	52
PA|PP755594.1|A/cattle/Texas/24-008749-003/2024(H5N1)	1698	53
PA|PP755594.1|A/cattle/Texas/24-008749-003/2024(H5N1)	1699	52
PA|PP755594.1|A/cattle/Texas/24-008749-003/2024(H5N1)	1700	52
PA|PP755594.1|A/cattle/Texas/24-008749-003/2024(H5N1)	1701	54
PA|PP755594.1|A/cattle/Texas/24-008749-003/2024(H5N1)	1702	55
PA|PP755594.1|A/cattle/Texas/24-008749-003/2024(H5N1)	1703	55
PA|PP755594.1|A/cattle/Texas/24-008749-003/2024(H5N1)	1704	55
PA|PP755594.1|A/cattle/Texas/24-008749-003/2024(H5N1)	1705	55
PA|PP755594.1|A/cattle/Texas/24-008749-003/2024(H5N1)	1706	55
PA|PP755594.1|A/cattle/Texas/24-008749-003/2024(H5N1)	1707	55
PA|PP755594.1|A/cattle/Texas/24-008749-003/2024(H5N1)	1708	55
PA|PP755594.1|A/cattle/Texas/24-008749-003/2024(H5N1)	1709	55
PA|PP755594.1|A/cattle/Texas/24-008749-003/2024(H5N1)	1710	56
PA|PP755594.1|A/cattle/Texas/24-008749-003/2024(H5N1)	1711	54
PA|PP755594.1|A/cattle/Texas/24-008749-003/2024(H5N1)	1712	54
PA|PP755594.1|A/cattle/Texas/24-008749-003/2024(H5N1)	1713	54
PA|PP755594.1|A/cattle/Texas/24-008749-003/2024(H5N1)	1714	54
PA|PP755594.1|A/cattle/Texas/24-008749-003/2024(H5N1)	1715	54
PA|PP755594.1|A/cattle/Texas/24-008749-003/2024(H5N1)	1716	56
PA|PP755594.1|A/cattle/Texas/24-008749-003/2024(H5N1)	1717	56
PA|PP755594.1|A/cattle/Texas/24-008749-003/2024(H5N1)	1718	56
PA|PP755594.1|A/cattle/Texas/24-008749-003/2024(H5N1)	1719	56
PA|PP755594.1|A/cattle/Texas/24-008749-003/2024(H5N1)	1720	54
PA|PP755594.1|A/cattle/Texas/24-008749-003/2024(H5N1)	1721	55
PA|PP755594.1|A/cattle/Texas/24-008749-003/2024(H5N1)	1722	53
PA|PP755594.1|A/cattle/Texas/24-008749-003/2024(H5N1)	1723	53
PA|PP755594.1|A/cattle/Texas/24-008749-003/2024(H5N1)	1724	53
PA|PP755594.1|A/cattle/Texas/24-008749-003/2024(H5N1)	1725	52
PA|PP755594.1|A/cattle/Texas/24-008749-003/2024(H5N1)	1726	52
PA|PP755594.1|A/cattle/Texas/24-008749-003/2024(H5N1)	1727	52
PA|PP755594.1|A/cattle/Texas/24-008749-003/2024(H5N1)	1728	52
PA|PP755594.1|A/cattle/Texas/24-008749-003/2024(H5N1)	1729	52
PA|PP755594.1|A/cattle/Texas/24-008749-003/2024(H5N1)	1730	52
PA|PP755594.1|A/cattle/Texas/24-008749-003/2024(H5N1)	1731	52
PA|PP755594.1|A/cattle/Texas/24-008749-003/2024(H5N1)	1732	52
PA|PP755594.1|A/cattle/Texas/24-008749-003/2024(H5N1)	1733	52
PA|PP755594.1|A/cattle/Texas/24-008749-003/2024(H5N1)	1734	52
PA|PP755594.1|A/cattle/Texas/24-008749-003/2024(H5N1)	1735	52
PA|PP755594.1|A/cattle/Texas/24-008749-003/2024(H5N1)	1736	52
PA|PP755594.1|A/cattle/Texas/24-008749-003/2024(H5N1)	1737	52
PA|PP755594.1|A/cattle/Texas/24-008749-003/2024(H5N1)	1738	53
PA|PP755594.1|A/cattle/Texas/24-008749-003/2024(H5N1)	1739	55
PA|PP755594.1|A/cattle/Texas/24-008749-003/2024(H5N1)	1740	56
PA|PP755594.1|A/cattle/Texas/24-008749-003/2024(H5N1)	1741	57
PA|PP755594.1|A/cattle/Texas/24-008749-003/2024(H5N1)	1742	57
PA|PP755594.1|A/cattle/Texas/24-008749-003/2024(H5N1)	1743	57
PA|PP755594.1|A/cattle/Texas/24-008749-003/2024(H5N1)	1744	56
PA|PP755594.1|A/cattle/Texas/24-008749-003/2024(H5N1)	1745	56
PA|PP755594.1|A/cattle/Texas/24-008749-003/2024(H5N1)	1746	54
PA|PP755594.1|A/cattle/Texas/24-008749-003/2024(H5N1)	1747	54
PA|PP755594.1|A/cattle/Texas/24-008749-003/2024(H5N1)	1748	54
PA|PP755594.1|A/cattle/Texas/24-008749-003/2024(H5N1)	1749	54
PA|PP755594.1|A/cattle/Texas/24-008749-003/2024(H5N1)	1750	54
PA|PP755594.1|A/cattle/Texas/24-008749-003/2024(H5N1)	1751	55
PA|PP755594.1|A/cattle/Texas/24-008749-003/2024(H5N1)	1752	55
PA|PP755594.1|A/cattle/Texas/24-008749-003/2024(H5N1)	1753	55
PA|PP755594.1|A/cattle/Texas/24-008749-003/2024(H5N1)	1754	55
PA|PP755594.1|A/cattle/Texas/24-008749-003/2024(H5N1)	1755	55
PA|PP755594.1|A/cattle/Texas/24-008749-003/2024(H5N1)	1756	55
PA|PP755594.1|A/cattle/Texas/24-008749-003/2024(H5N1)	1757	55
PA|PP755594.1|A/cattle/Texas/24-008749-003/2024(H5N1)	1758	56
PA|PP755594.1|A/cattle/Texas/24-008749-003/2024(H5N1)	1759	54
PA|PP755594.1|A/cattle/Texas/24-008749-003/2024(H5N1)	1760	53
PA|PP755594.1|A/cattle/Texas/24-008749-003/2024(H5N1)	1761	55
PA|PP755594.1|A/cattle/Texas/24-008749-003/2024(H5N1)	1762	55
PA|PP755594.1|A/cattle/Texas/24-008749-003/2024(H5N1)	1763	55
PA|PP755594.1|A/cattle/Texas/24-008749-003/2024(H5N1)	1764	56
PA|PP755594.1|A/cattle/Texas/24-008749-003/2024(H5N1)	1765	56
PA|PP755594.1|A/cattle/Texas/24-008749-003/2024(H5N1)	1766	57
PA|PP755594.1|A/cattle/Texas/24-008749-003/2024(H5N1)	1767	57
PA|PP755594.1|A/cattle/Texas/24-008749-003/2024(H5N1)	1768	57
PA|PP755594.1|A/cattle/Texas/24-008749-003/2024(H5N1)	1769	57
PA|PP755594.1|A/cattle/Texas/24-008749-003/2024(H5N1)	1770	57
PA|PP755594.1|A/cattle/Texas/24-008749-003/2024(H5N1)	1771	57
PA|PP755594.1|A/cattle/Texas/24-008749-003/2024(H5N1)	1772	56
PA|PP755594.1|A/cattle/Texas/24-008749-003/2024(H5N1)	1773	56
PA|PP755594.1|A/cattle/Texas/24-008749-003/2024(H5N1)	1774	58
PA|PP755594.1|A/cattle/Texas/24-008749-003/2024(H5N1)	1775	58
PA|PP755594.1|A/cattle/Texas/24-008749-003/2024(H5N1)	1776	59
PA|PP755594.1|A/cattle/Texas/24-008749-003/2024(H5N1)	1777	59
PA|PP755594.1|A/cattle/Texas/24-008749-003/2024(H5N1)	1778	62
PA|PP755594.1|A/cattle/Texas/24-008749-003/2024(H5N1)	1779	61
PA|PP755594.1|A/cattle/Texas/24-008749-003/2024(H5N1)	1780	61
PA|PP755594.1|A/cattle/Texas/24-008749-003/2024(H5N1)	1781	61
PA|PP755594.1|A/cattle/Texas/24-008749-003/2024(H5N1)	1782	61
PA|PP755594.1|A/cattle/Texas/24-008749-003/2024(H5N1)	1783	61
PA|PP755594.1|A/cattle/Texas/24-008749-003/2024(H5N1)	1784	61
PA|PP755594.1|A/cattle/Texas/24-008749-003/2024(H5N1)	1785	60
PA|PP755594.1|A/cattle/Texas/24-008749-003/2024(H5N1)	1786	60
PA|PP755594.1|A/cattle/Texas/24-008749-003/2024(H5N1)	1787	59
PA|PP755594.1|A/cattle/Texas/24-008749-003/2024(H5N1)	1788	59
PA|PP755594.1|A/cattle/Texas/24-008749-003/2024(H5N1)	1789	59
PA|PP755594.1|A/cattle/Texas/24-008749-003/2024(H5N1)	1790	60
PA|PP755594.1|A/cattle/Texas/24-008749-003/2024(H5N1)	1791	61
PA|PP755594.1|A/cattle/Texas/24-008749-003/2024(H5N1)	1792	64
PA|PP755594.1|A/cattle/Texas/24-008749-003/2024(H5N1)	1793	64
PA|PP755594.1|A/cattle/Texas/24-008749-003/2024(H5N1)	1794	64
PA|PP755594.1|A/cattle/Texas/24-008749-003/2024(H5N1)	1795	64
PA|PP755594.1|A/cattle/Texas/24-008749-003/2024(H5N1)	1796	64
PA|PP755594.1|A/cattle/Texas/24-008749-003/2024(H5N1)	1797	68
PA|PP755594.1|A/cattle/Texas/24-008749-003/2024(H5N1)	1798	68
PA|PP755594.1|A/cattle/Texas/24-008749-003/2024(H5N1)	1799	67
PA|PP755594.1|A/cattle/Texas/24-008749-003/2024(H5N1)	1800	67
PA|PP755594.1|A/cattle/Texas/24-008749-003/2024(H5N1)	1801	65
PA|PP755594.1|A/cattle/Texas/24-008749-003/2024(H5N1)	1802	65
PA|PP755594.1|A/cattle/Texas/24-008749-003/2024(H5N1)	1803	65
PA|PP755594.1|A/cattle/Texas/24-008749-003/2024(H5N1)	1804	66
PA|PP755594.1|A/cattle/Texas/24-008749-003/2024(H5N1)	1805	68
PA|PP755594.1|A/cattle/Texas/24-008749-003/2024(H5N1)	1806	68
PA|PP755594.1|A/cattle/Texas/24-008749-003/2024(H5N1)	1807	68
PA|PP755594.1|A/cattle/Texas/24-008749-003/2024(H5N1)	1808	68
PA|PP755594.1|A/cattle/Texas/24-008749-003/2024(H5N1)	1809	68
PA|PP755594.1|A/cattle/Texas/24-008749-003/2024(H5N1)	1810	69
PA|PP755594.1|A/cattle/Texas/24-008749-003/2024(H5N1)	1811	71
PA|PP755594.1|A/cattle/Texas/24-008749-003/2024(H5N1)	1812	72
PA|PP755594.1|A/cattle/Texas/24-008749-003/2024(H5N1)	1813	73
PA|PP755594.1|A/cattle/Texas/24-008749-003/2024(H5N1)	1814	73
PA|PP755594.1|A/cattle/Texas/24-008749-003/2024(H5N1)	1815	73
PA|PP755594.1|A/cattle/Texas/24-008749-003/2024(H5N1)	1816	72
PA|PP755594.1|A/cattle/Texas/24-008749-003/2024(H5N1)	1817	74
PA|PP755594.1|A/cattle/Texas/24-008749-003/2024(H5N1)	1818	73
PA|PP755594.1|A/cattle/Texas/24-008749-003/2024(H5N1)	1819	73
PA|PP755594.1|A/cattle/Texas/24-008749-003/2024(H5N1)	1820	75
PA|PP755594.1|A/cattle/Texas/24-008749-003/2024(H5N1)	1821	79
PA|PP755594.1|A/cattle/Texas/24-008749-003/2024(H5N1)	1822	79
PA|PP755594.1|A/cattle/Texas/24-008749-003/2024(H5N1)	1823	79
PA|PP755594.1|A/cattle/Texas/24-008749-003/2024(H5N1)	1824	79
PA|PP755594.1|A/cattle/Texas/24-008749-003/2024(H5N1)	1825	77
PA|PP755594.1|A/cattle/Texas/24-008749-003/2024(H5N1)	1826	77
PA|PP755594.1|A/cattle/Texas/24-008749-003/2024(H5N1)	1827	77
PA|PP755594.1|A/cattle/Texas/24-008749-003/2024(H5N1)	1828	78
PA|PP755594.1|A/cattle/Texas/24-008749-003/2024(H5N1)	1829	78
PA|PP755594.1|A/cattle/Texas/24-008749-003/2024(H5N1)	1830	78
PA|PP755594.1|A/cattle/Texas/24-008749-003/2024(H5N1)	1831	78
PA|PP755594.1|A/cattle/Texas/24-008749-003/2024(H5N1)	1832	78
PA|PP755594.1|A/cattle/Texas/24-008749-003/2024(H5N1)	1833	78
PA|PP755594.1|A/cattle/Texas/24-008749-003/2024(H5N1)	1834	72
PA|PP755594.1|A/cattle/Texas/24-008749-003/2024(H5N1)	1835	72
PA|PP755594.1|A/cattle/Texas/24-008749-003/2024(H5N1)	1836	75
PA|PP755594.1|A/cattle/Texas/24-008749-003/2024(H5N1)	1837	75
PA|PP755594.1|A/cattle/Texas/24-008749-003/2024(H5N1)	1838	77
PA|PP755594.1|A/cattle/Texas/24-008749-003/2024(H5N1)	1839	79
PA|PP755594.1|A/cattle/Texas/24-008749-003/2024(H5N1)	1840	80
PA|PP755594.1|A/cattle/Texas/24-008749-003/2024(H5N1)	1841	81
PA|PP755594.1|A/cattle/Texas/24-008749-003/2024(H5N1)	1842	83
PA|PP755594.1|A/cattle/Texas/24-008749-003/2024(H5N1)	1843	83
PA|PP755594.1|A/cattle/Texas/24-008749-003/2024(H5N1)	1844	83
PA|PP755594.1|A/cattle/Texas/24-008749-003/2024(H5N1)	1845	84
PA|PP755594.1|A/cattle/Texas/24-008749-003/2024(H5N1)	1846	84
PA|PP755594.1|A/cattle/Texas/24-008749-003/2024(H5N1)	1847	84
PA|PP755594.1|A/cattle/Texas/24-008749-003/2024(H5N1)	1848	85
PA|PP755594.1|A/cattle/Texas/24-008749-003/2024(H5N1)	1849	85
PA|PP755594.1|A/cattle/Texas/24-008749-003/2024(H5N1)	1850	85
PA|PP755594.1|A/cattle/Texas/24-008749-003/2024(H5N1)	1851	86
PA|PP755594.1|A/cattle/Texas/24-008749-003/2024(H5N1)	1852	87
PA|PP755594.1|A/cattle/Texas/24-008749-003/2024(H5N1)	1853	87
PA|PP755594.1|A/cattle/Texas/24-008749-003/2024(H5N1)	1854	87
PA|PP755594.1|A/cattle/Texas/24-008749-003/2024(H5N1)	1855	83
PA|PP755594.1|A/cattle/Texas/24-008749-003/2024(H5N1)	1856	84
PA|PP755594.1|A/cattle/Texas/24-008749-003/2024(H5N1)	1857	89
PA|PP755594.1|A/cattle/Texas/24-008749-003/2024(H5N1)	1858	89
PA|PP755594.1|A/cattle/Texas/24-008749-003/2024(H5N1)	1859	89
PA|PP755594.1|A/cattle/Texas/24-008749-003/2024(H5N1)	1860	89
PA|PP755594.1|A/cattle/Texas/24-008749-003/2024(H5N1)	1861	91
PA|PP755594.1|A/cattle/Texas/24-008749-003/2024(H5N1)	1862	88
PA|PP755594.1|A/cattle/Texas/24-008749-003/2024(H5N1)	1863	88
PA|PP755594.1|A/cattle/Texas/24-008749-003/2024(H5N1)	1864	87
PA|PP755594.1|A/cattle/Texas/24-008749-003/2024(H5N1)	1865	87
PA|PP755594.1|A/cattle/Texas/24-008749-003/2024(H5N1)	1866	88
PA|PP755594.1|A/cattle/Texas/24-008749-003/2024(H5N1)	1867	88
PA|PP755594.1|A/cattle/Texas/24-008749-003/2024(H5N1)	1868	89
PA|PP755594.1|A/cattle/Texas/24-008749-003/2024(H5N1)	1869	90
PA|PP755594.1|A/cattle/Texas/24-008749-003/2024(H5N1)	1870	88
PA|PP755594.1|A/cattle/Texas/24-008749-003/2024(H5N1)	1871	89
PA|PP755594.1|A/cattle/Texas/24-008749-003/2024(H5N1)	1872	89
PA|PP755594.1|A/cattle/Texas/24-008749-003/2024(H5N1)	1873	88
PA|PP755594.1|A/cattle/Texas/24-008749-003/2024(H5N1)	1874	86
PA|PP755594.1|A/cattle/Texas/24-008749-003/2024(H5N1)	1875	86
PA|PP755594.1|A/cattle/Texas/24-008749-003/2024(H5N1)	1876	86
PA|PP755594.1|A/cattle/Texas/24-008749-003/2024(H5N1)	1877	86
PA|PP755594.1|A/cattle/Texas/24-008749-003/2024(H5N1)	1878	86
PA|PP755594.1|A/cattle/Texas/24-008749-003/2024(H5N1)	1879	84
PA|PP755594.1|A/cattle/Texas/24-008749-003/2024(H5N1)	1880	84
PA|PP755594.1|A/cattle/Texas/24-008749-003/2024(H5N1)	1881	82
PA|PP755594.1|A/cattle/Texas/24-008749-003/2024(H5N1)	1882	82
PA|PP755594.1|A/cattle/Texas/24-008749-003/2024(H5N1)	1883	82
PA|PP755594.1|A/cattle/Texas/24-008749-003/2024(H5N1)	1884	84
PA|PP755594.1|A/cattle/Texas/24-008749-003/2024(H5N1)	1885	86
PA|PP755594.1|A/cattle/Texas/24-008749-003/2024(H5N1)	1886	86
PA|PP755594.1|A/cattle/Texas/24-008749-003/2024(H5N1)	1887	86
PA|PP755594.1|A/cattle/Texas/24-008749-003/2024(H5N1)	1888	86
PA|PP755594.1|A/cattle/Texas/24-008749-003/2024(H5N1)	1889	85
PA|PP755594.1|A/cattle/Texas/24-008749-003/2024(H5N1)	1890	85
PA|PP755594.1|A/cattle/Texas/24-008749-003/2024(H5N1)	1891	91
PA|PP755594.1|A/cattle/Texas/24-008749-003/2024(H5N1)	1892	95
PA|PP755594.1|A/cattle/Texas/24-008749-003/2024(H5N1)	1893	96
PA|PP755594.1|A/cattle/Texas/24-008749-003/2024(H5N1)	1894	96
PA|PP755594.1|A/cattle/Texas/24-008749-003/2024(H5N1)	1895	98
PA|PP755594.1|A/cattle/Texas/24-008749-003/2024(H5N1)	1896	108
PA|PP755594.1|A/cattle/Texas/24-008749-003/2024(H5N1)	1897	106
PA|PP755594.1|A/cattle/Texas/24-008749-003/2024(H5N1)	1898	105
PA|PP755594.1|A/cattle/Texas/24-008749-003/2024(H5N1)	1899	105
PA|PP755594.1|A/cattle/Texas/24-008749-003/2024(H5N1)	1900	105
PA|PP755594.1|A/cattle/Texas/24-008749-003/2024(H5N1)	1901	105
PA|PP755594.1|A/cattle/Texas/24-008749-003/2024(H5N1)	1902	107
PA|PP755594.1|A/cattle/Texas/24-008749-003/2024(H5N1)	1903	110
PA|PP755594.1|A/cattle/Texas/24-008749-003/2024(H5N1)	1904	110
PA|PP755594.1|A/cattle/Texas/24-008749-003/2024(H5N1)	1905	111
PA|PP755594.1|A/cattle/Texas/24-008749-003/2024(H5N1)	1906	116
PA|PP755594.1|A/cattle/Texas/24-008749-003/2024(H5N1)	1907	122
PA|PP755594.1|A/cattle/Texas/24-008749-003/2024(H5N1)	1908	126
PA|PP755594.1|A/cattle/Texas/24-008749-003/2024(H5N1)	1909	129
PA|PP755594.1|A/cattle/Texas/24-008749-003/2024(H5N1)	1910	129
PA|PP755594.1|A/cattle/Texas/24-008749-003/2024(H5N1)	1911	129
PA|PP755594.1|A/cattle/Texas/24-008749-003/2024(H5N1)	1912	126
PA|PP755594.1|A/cattle/Texas/24-008749-003/2024(H5N1)	1913	126
PA|PP755594.1|A/cattle/Texas/24-008749-003/2024(H5N1)	1914	131
PA|PP755594.1|A/cattle/Texas/24-008749-003/2024(H5N1)	1915	129
PA|PP755594.1|A/cattle/Texas/24-008749-003/2024(H5N1)	1916	131
PA|PP755594.1|A/cattle/Texas/24-008749-003/2024(H5N1)	1917	140
PA|PP755594.1|A/cattle/Texas/24-008749-003/2024(H5N1)	1918	140
PA|PP755594.1|A/cattle/Texas/24-008749-003/2024(H5N1)	1919	141
PA|PP755594.1|A/cattle/Texas/24-008749-003/2024(H5N1)	1920	139
PA|PP755594.1|A/cattle/Texas/24-008749-003/2024(H5N1)	1921	139
PA|PP755594.1|A/cattle/Texas/24-008749-003/2024(H5N1)	1922	143
PA|PP755594.1|A/cattle/Texas/24-008749-003/2024(H5N1)	1923	144
PA|PP755594.1|A/cattle/Texas/24-008749-003/2024(H5N1)	1924	145
PA|PP755594.1|A/cattle/Texas/24-008749-003/2024(H5N1)	1925	145
PA|PP755594.1|A/cattle/Texas/24-008749-003/2024(H5N1)	1926	145
PA|PP755594.1|A/cattle/Texas/24-008749-003/2024(H5N1)	1927	147
PA|PP755594.1|A/cattle/Texas/24-008749-003/2024(H5N1)	1928	147
PA|PP755594.1|A/cattle/Texas/24-008749-003/2024(H5N1)	1929	151
PA|PP755594.1|A/cattle/Texas/24-008749-003/2024(H5N1)	1930	148
PA|PP755594.1|A/cattle/Texas/24-008749-003/2024(H5N1)	1931	148
PA|PP755594.1|A/cattle/Texas/24-008749-003/2024(H5N1)	1932	150
PA|PP755594.1|A/cattle/Texas/24-008749-003/2024(H5N1)	1933	153
PA|PP755594.1|A/cattle/Texas/24-008749-003/2024(H5N1)	1934	154
PA|PP755594.1|A/cattle/Texas/24-008749-003/2024(H5N1)	1935	154
PA|PP755594.1|A/cattle/Texas/24-008749-003/2024(H5N1)	1936	154
PA|PP755594.1|A/cattle/Texas/24-008749-003/2024(H5N1)	1937	154
PA|PP755594.1|A/cattle/Texas/24-008749-003/2024(H5N1)	1938	154
PA|PP755594.1|A/cattle/Texas/24-008749-003/2024(H5N1)	1939	152
PA|PP755594.1|A/cattle/Texas/24-008749-003/2024(H5N1)	1940	154
PA|PP755594.1|A/cattle/Texas/24-008749-003/2024(H5N1)	1941	153
PA|PP755594.1|A/cattle/Texas/24-008749-003/2024(H5N1)	1942	156
PA|PP755594.1|A/cattle/Texas/24-008749-003/2024(H5N1)	1943	157
PA|PP755594.1|A/cattle/Texas/24-008749-003/2024(H5N1)	1944	161
PA|PP755594.1|A/cattle/Texas/24-008749-003/2024(H5N1)	1945	161
PA|PP755594.1|A/cattle/Texas/24-008749-003/2024(H5N1)	1946	168
PA|PP755594.1|A/cattle/Texas/24-008749-003/2024(H5N1)	1947	180
PA|PP755594.1|A/cattle/Texas/24-008749-003/2024(H5N1)	1948	188
PA|PP755594.1|A/cattle/Texas/24-008749-003/2024(H5N1)	1949	188
PA|PP755594.1|A/cattle/Texas/24-008749-003/2024(H5N1)	1950	187
PA|PP755594.1|A/cattle/Texas/24-008749-003/2024(H5N1)	1951	187
PA|PP755594.1|A/cattle/Texas/24-008749-003/2024(H5N1)	1952	182
PA|PP755594.1|A/cattle/Texas/24-008749-003/2024(H5N1)	1953	181
PA|PP755594.1|A/cattle/Texas/24-008749-003/2024(H5N1)	1954	182
PA|PP755594.1|A/cattle/Texas/24-008749-003/2024(H5N1)	1955	182
PA|PP755594.1|A/cattle/Texas/24-008749-003/2024(H5N1)	1956	182
PA|PP755594.1|A/cattle/Texas/24-008749-003/2024(H5N1)	1957	183
PA|PP755594.1|A/cattle/Texas/24-008749-003/2024(H5N1)	1958	186
PA|PP755594.1|A/cattle/Texas/24-008749-003/2024(H5N1)	1959	186
PA|PP755594.1|A/cattle/Texas/24-008749-003/2024(H5N1)	1960	196
PA|PP755594.1|A/cattle/Texas/24-008749-003/2024(H5N1)	1961	196
PA|PP755594.1|A/cattle/Texas/24-008749-003/2024(H5N1)	1962	200
PA|PP755594.1|A/cattle/Texas/24-008749-003/2024(H5N1)	1963	200
PA|PP755594.1|A/cattle/Texas/24-008749-003/2024(H5N1)	1964	200
PA|PP755594.1|A/cattle/Texas/24-008749-003/2024(H5N1)	1965	194
PA|PP755594.1|A/cattle/Texas/24-008749-003/2024(H5N1)	1966	194
PA|PP755594.1|A/cattle/Texas/24-008749-003/2024(H5N1)	1967	194
PA|PP755594.1|A/cattle/Texas/24-008749-003/2024(H5N1)	1968	194
PA|PP755594.1|A/cattle/Texas/24-008749-003/2024(H5N1)	1969	194
PA|PP755594.1|A/cattle/Texas/24-008749-003/2024(H5N1)	1970	193
PA|PP755594.1|A/cattle/Texas/24-008749-003/2024(H5N1)	1971	192
PA|PP755594.1|A/cattle/Texas/24-008749-003/2024(H5N1)	1972	191
PA|PP755594.1|A/cattle/Texas/24-008749-003/2024(H5N1)	1973	191
PA|PP755594.1|A/cattle/Texas/24-008749-003/2024(H5N1)	1974	191
PA|PP755594.1|A/cattle/Texas/24-008749-003/2024(H5N1)	1975	188
PA|PP755594.1|A/cattle/Texas/24-008749-003/2024(H5N1)	1976	192
PA|PP755594.1|A/cattle/Texas/24-008749-003/2024(H5N1)	1977	192
PA|PP755594.1|A/cattle/Texas/24-008749-003/2024(H5N1)	1978	192
PA|PP755594.1|A/cattle/Texas/24-008749-003/2024(H5N1)	1979	193
PA|PP755594.1|A/cattle/Texas/24-008749-003/2024(H5N1)	1980	193
PA|PP755594.1|A/cattle/Texas/24-008749-003/2024(H5N1)	1981	193
PA|PP755594.1|A/cattle/Texas/24-008749-003/2024(H5N1)	1982	193
PA|PP755594.1|A/cattle/Texas/24-008749-003/2024(H5N1)	1983	193
PA|PP755594.1|A/cattle/Texas/24-008749-003/2024(H5N1)	1984	193
PA|PP755594.1|A/cattle/Texas/24-008749-003/2024(H5N1)	1985	194
PA|PP755594.1|A/cattle/Texas/24-008749-003/2024(H5N1)	1986	194
PA|PP755594.1|A/cattle/Texas/24-008749-003/2024(H5N1)	1987	194
PA|PP755594.1|A/cattle/Texas/24-008749-003/2024(H5N1)	1988	194
PA|PP755594.1|A/cattle/Texas/24-008749-003/2024(H5N1)	1989	193
PA|PP755594.1|A/cattle/Texas/24-008749-003/2024(H5N1)	1990	182
PA|PP755594.1|A/cattle/Texas/24-008749-003/2024(H5N1)	1991	181
PA|PP755594.1|A/cattle/Texas/24-008749-003/2024(H5N1)	1992	181
PA|PP755594.1|A/cattle/Texas/24-008749-003/2024(H5N1)	1993	181
PA|PP755594.1|A/cattle/Texas/24-008749-003/2024(H5N1)	1994	176
PA|PP755594.1|A/cattle/Texas/24-008749-003/2024(H5N1)	1995	178
PA|PP755594.1|A/cattle/Texas/24-008749-003/2024(H5N1)	1996	176
PA|PP755594.1|A/cattle/Texas/24-008749-003/2024(H5N1)	1997	176
PA|PP755594.1|A/cattle/Texas/24-008749-003/2024(H5N1)	1998	174
PA|PP755594.1|A/cattle/Texas/24-008749-003/2024(H5N1)	1999	174
PA|PP755594.1|A/cattle/Texas/24-008749-003/2024(H5N1)	2000	159
PA|PP755594.1|A/cattle/Texas/24-008749-003/2024(H5N1)	2001	158
PA|PP755594.1|A/cattle/Texas/24-008749-003/2024(H5N1)	2002	158
PA|PP755594.1|A/cattle/Texas/24-008749-003/2024(H5N1)	2003	158
PA|PP755594.1|A/cattle/Texas/24-008749-003/2024(H5N1)	2004	158
PA|PP755594.1|A/cattle/Texas/24-008749-003/2024(H5N1)	2005	162
PA|PP755594.1|A/cattle/Texas/24-008749-003/2024(H5N1)	2006	162
PA|PP755594.1|A/cattle/Texas/24-008749-003/2024(H5N1)	2007	160
PA|PP755594.1|A/cattle/Texas/24-008749-003/2024(H5N1)	2008	160
PA|PP755594.1|A/cattle/Texas/24-008749-003/2024(H5N1)	2009	158
PA|PP755594.1|A/cattle/Texas/24-008749-003/2024(H5N1)	2010	160
PA|PP755594.1|A/cattle/Texas/24-008749-003/2024(H5N1)	2011	160
PA|PP755594.1|A/cattle/Texas/24-008749-003/2024(H5N1)	2012	160
PA|PP755594.1|A/cattle/Texas/24-008749-003/2024(H5N1)	2013	158
PA|PP755594.1|A/cattle/Texas/24-008749-003/2024(H5N1)	2014	185
PA|PP755594.1|A/cattle/Texas/24-008749-003/2024(H5N1)	2015	184
PA|PP755594.1|A/cattle/Texas/24-008749-003/2024(H5N1)	2016	181
PA|PP755594.1|A/cattle/Texas/24-008749-003/2024(H5N1)	2017	181
PA|PP755594.1|A/cattle/Texas/24-008749-003/2024(H5N1)	2018	181
PA|PP755594.1|A/cattle/Texas/24-008749-003/2024(H5N1)	2019	176
PA|PP755594.1|A/cattle/Texas/24-008749-003/2024(H5N1)	2020	175
PA|PP755594.1|A/cattle/Texas/24-008749-003/2024(H5N1)	2021	173
PA|PP755594.1|A/cattle/Texas/24-008749-003/2024(H5N1)	2022	171
PA|PP755594.1|A/cattle/Texas/24-008749-003/2024(H5N1)	2023	171
PA|PP755594.1|A/cattle/Texas/24-008749-003/2024(H5N1)	2024	171
PA|PP755594.1|A/cattle/Texas/24-008749-003/2024(H5N1)	2025	171
PA|PP755594.1|A/cattle/Texas/24-008749-003/2024(H5N1)	2026	170
PA|PP755594.1|A/cattle/Texas/24-008749-003/2024(H5N1)	2027	169
PA|PP755594.1|A/cattle/Texas/24-008749-003/2024(H5N1)	2028	169
PA|PP755594.1|A/cattle/Texas/24-008749-003/2024(H5N1)	2029	169
PA|PP755594.1|A/cattle/Texas/24-008749-003/2024(H5N1)	2030	171
PA|PP755594.1|A/cattle/Texas/24-008749-003/2024(H5N1)	2031	171
PA|PP755594.1|A/cattle/Texas/24-008749-003/2024(H5N1)	2032	171
PA|PP755594.1|A/cattle/Texas/24-008749-003/2024(H5N1)	2033	169
PA|PP755594.1|A/cattle/Texas/24-008749-003/2024(H5N1)	2034	169
PA|PP755594.1|A/cattle/Texas/24-008749-003/2024(H5N1)	2035	169
PA|PP755594.1|A/cattle/Texas/24-008749-003/2024(H5N1)	2036	169
PA|PP755594.1|A/cattle/Texas/24-008749-003/2024(H5N1)	2037	169
PA|PP755594.1|A/cattle/Texas/24-008749-003/2024(H5N1)	2038	173
PA|PP755594.1|A/cattle/Texas/24-008749-003/2024(H5N1)	2039	176
PA|PP755594.1|A/cattle/Texas/24-008749-003/2024(H5N1)	2040	175
PA|PP755594.1|A/cattle/Texas/24-008749-003/2024(H5N1)	2041	172
PA|PP755594.1|A/cattle/Texas/24-008749-003/2024(H5N1)	2042	174
PA|PP755594.1|A/cattle/Texas/24-008749-003/2024(H5N1)	2043	174
PA|PP755594.1|A/cattle/Texas/24-008749-003/2024(H5N1)	2044	174
PA|PP755594.1|A/cattle/Texas/24-008749-003/2024(H5N1)	2045	175
PA|PP755594.1|A/cattle/Texas/24-008749-003/2024(H5N1)	2046	175
PA|PP755594.1|A/cattle/Texas/24-008749-003/2024(H5N1)	2047	174
PA|PP755594.1|A/cattle/Texas/24-008749-003/2024(H5N1)	2048	174
PA|PP755594.1|A/cattle/Texas/24-008749-003/2024(H5N1)	2049	172
PA|PP755594.1|A/cattle/Texas/24-008749-003/2024(H5N1)	2050	173
PA|PP755594.1|A/cattle/Texas/24-008749-003/2024(H5N1)	2051	173
PA|PP755594.1|A/cattle/Texas/24-008749-003/2024(H5N1)	2052	171
PA|PP755594.1|A/cattle/Texas/24-008749-003/2024(H5N1)	2053	171
PA|PP755594.1|A/cattle/Texas/24-008749-003/2024(H5N1)	2054	171
PA|PP755594.1|A/cattle/Texas/24-008749-003/2024(H5N1)	2055	170
PA|PP755594.1|A/cattle/Texas/24-008749-003/2024(H5N1)	2056	168
PA|PP755594.1|A/cattle/Texas/24-008749-003/2024(H5N1)	2057	161
PA|PP755594.1|A/cattle/Texas/24-008749-003/2024(H5N1)	2058	161
PA|PP755594.1|A/cattle/Texas/24-008749-003/2024(H5N1)	2059	167
PA|PP755594.1|A/cattle/Texas/24-008749-003/2024(H5N1)	2060	173
PA|PP755594.1|A/cattle/Texas/24-008749-003/2024(H5N1)	2061	175
PA|PP755594.1|A/cattle/Texas/24-008749-003/2024(H5N1)	2062	174
PA|PP755594.1|A/cattle/Texas/24-008749-003/2024(H5N1)	2063	170
PA|PP755594.1|A/cattle/Texas/24-008749-003/2024(H5N1)	2064	170
PA|PP755594.1|A/cattle/Texas/24-008749-003/2024(H5N1)	2065	172
PA|PP755594.1|A/cattle/Texas/24-008749-003/2024(H5N1)	2066	172
PA|PP755594.1|A/cattle/Texas/24-008749-003/2024(H5N1)	2067	168
PA|PP755594.1|A/cattle/Texas/24-008749-003/2024(H5N1)	2068	168
PA|PP755594.1|A/cattle/Texas/24-008749-003/2024(H5N1)	2069	168
PA|PP755594.1|A/cattle/Texas/24-008749-003/2024(H5N1)	2070	168
PA|PP755594.1|A/cattle/Texas/24-008749-003/2024(H5N1)	2071	152
PA|PP755594.1|A/cattle/Texas/24-008749-003/2024(H5N1)	2072	151
PA|PP755594.1|A/cattle/Texas/24-008749-003/2024(H5N1)	2073	150
PA|PP755594.1|A/cattle/Texas/24-008749-003/2024(H5N1)	2074	149
PA|PP755594.1|A/cattle/Texas/24-008749-003/2024(H5N1)	2075	143
PA|PP755594.1|A/cattle/Texas/24-008749-003/2024(H5N1)	2076	144
PA|PP755594.1|A/cattle/Texas/24-008749-003/2024(H5N1)	2077	133
PA|PP755594.1|A/cattle/Texas/24-008749-003/2024(H5N1)	2078	133
PA|PP755594.1|A/cattle/Texas/24-008749-003/2024(H5N1)	2079	132
PA|PP755594.1|A/cattle/Texas/24-008749-003/2024(H5N1)	2080	132
PA|PP755594.1|A/cattle/Texas/24-008749-003/2024(H5N1)	2081	132
PA|PP755594.1|A/cattle/Texas/24-008749-003/2024(H5N1)	2082	132
PA|PP755594.1|A/cattle/Texas/24-008749-003/2024(H5N1)	2083	131
PA|PP755594.1|A/cattle/Texas/24-008749-003/2024(H5N1)	2084	129
PA|PP755594.1|A/cattle/Texas/24-008749-003/2024(H5N1)	2085	129
PA|PP755594.1|A/cattle/Texas/24-008749-003/2024(H5N1)	2086	130
PA|PP755594.1|A/cattle/Texas/24-008749-003/2024(H5N1)	2087	128
PA|PP755594.1|A/cattle/Texas/24-008749-003/2024(H5N1)	2088	129
PA|PP755594.1|A/cattle/Texas/24-008749-003/2024(H5N1)	2089	129
PA|PP755594.1|A/cattle/Texas/24-008749-003/2024(H5N1)	2090	129
PA|PP755594.1|A/cattle/Texas/24-008749-003/2024(H5N1)	2091	128
PA|PP755594.1|A/cattle/Texas/24-008749-003/2024(H5N1)	2092	128
PA|PP755594.1|A/cattle/Texas/24-008749-003/2024(H5N1)	2093	128
PA|PP755594.1|A/cattle/Texas/24-008749-003/2024(H5N1)	2094	125
PA|PP755594.1|A/cattle/Texas/24-008749-003/2024(H5N1)	2095	125
PA|PP755594.1|A/cattle/Texas/24-008749-003/2024(H5N1)	2096	125
PA|PP755594.1|A/cattle/Texas/24-008749-003/2024(H5N1)	2097	125
PA|PP755594.1|A/cattle/Texas/24-008749-003/2024(H5N1)	2098	125
PA|PP755594.1|A/cattle/Texas/24-008749-003/2024(H5N1)	2099	129
PA|PP755594.1|A/cattle/Texas/24-008749-003/2024(H5N1)	2100	128
PA|PP755594.1|A/cattle/Texas/24-008749-003/2024(H5N1)	2101	131
PA|PP755594.1|A/cattle/Texas/24-008749-003/2024(H5N1)	2102	131
PA|PP755594.1|A/cattle/Texas/24-008749-003/2024(H5N1)	2103	132
PA|PP755594.1|A/cattle/Texas/24-008749-003/2024(H5N1)	2104	132
PA|PP755594.1|A/cattle/Texas/24-008749-003/2024(H5N1)	2105	130
PA|PP755594.1|A/cattle/Texas/24-008749-003/2024(H5N1)	2106	130
PA|PP755594.1|A/cattle/Texas/24-008749-003/2024(H5N1)	2107	128
PA|PP755594.1|A/cattle/Texas/24-008749-003/2024(H5N1)	2108	128
PA|PP755594.1|A/cattle/Texas/24-008749-003/2024(H5N1)	2109	126
PA|PP755594.1|A/cattle/Texas/24-008749-003/2024(H5N1)	2110	126
PA|PP755594.1|A/cattle/Texas/24-008749-003/2024(H5N1)	2111	124
PA|PP755594.1|A/cattle/Texas/24-008749-003/2024(H5N1)	2112	122
PA|PP755594.1|A/cattle/Texas/24-008749-003/2024(H5N1)	2113	124
PA|PP755594.1|A/cattle/Texas/24-008749-003/2024(H5N1)	2114	124
PA|PP755594.1|A/cattle/Texas/24-008749-003/2024(H5N1)	2115	124
PA|PP755594.1|A/cattle/Texas/24-008749-003/2024(H5N1)	2116	123
PA|PP755594.1|A/cattle/Texas/24-008749-003/2024(H5N1)	2117	122
PA|PP755594.1|A/cattle/Texas/24-008749-003/2024(H5N1)	2118	111
PA|PP755594.1|A/cattle/Texas/24-008749-003/2024(H5N1)	2119	111
PA|PP755594.1|A/cattle/Texas/24-008749-003/2024(H5N1)	2120	107
PA|PP755594.1|A/cattle/Texas/24-008749-003/2024(H5N1)	2121	105
PA|PP755594.1|A/cattle/Texas/24-008749-003/2024(H5N1)	2122	105
PA|PP755594.1|A/cattle/Texas/24-008749-003/2024(H5N1)	2123	105
PA|PP755594.1|A/cattle/Texas/24-008749-003/2024(H5N1)	2124	105
PA|PP755594.1|A/cattle/Texas/24-008749-003/2024(H5N1)	2125	105
PA|PP755594.1|A/cattle/Texas/24-008749-003/2024(H5N1)	2126	106
PA|PP755594.1|A/cattle/Texas/24-008749-003/2024(H5N1)	2127	100
PA|PP755594.1|A/cattle/Texas/24-008749-003/2024(H5N1)	2128	99
PA|PP755594.1|A/cattle/Texas/24-008749-003/2024(H5N1)	2129	99
PA|PP755594.1|A/cattle/Texas/24-008749-003/2024(H5N1)	2130	99
PA|PP755594.1|A/cattle/Texas/24-008749-003/2024(H5N1)	2131	99
PA|PP755594.1|A/cattle/Texas/24-008749-003/2024(H5N1)	2132	97
PA|PP755594.1|A/cattle/Texas/24-008749-003/2024(H5N1)	2133	99
PA|PP755594.1|A/cattle/Texas/24-008749-003/2024(H5N1)	2134	99
PA|PP755594.1|A/cattle/Texas/24-008749-003/2024(H5N1)	2135	99
PA|PP755594.1|A/cattle/Texas/24-008749-003/2024(H5N1)	2136	98
PA|PP755594.1|A/cattle/Texas/24-008749-003/2024(H5N1)	2137	98
PA|PP755594.1|A/cattle/Texas/24-008749-003/2024(H5N1)	2138	98
PA|PP755594.1|A/cattle/Texas/24-008749-003/2024(H5N1)	2139	98
PA|PP755594.1|A/cattle/Texas/24-008749-003/2024(H5N1)	2140	96
PA|PP755594.1|A/cattle/Texas/24-008749-003/2024(H5N1)	2141	96
PA|PP755594.1|A/cattle/Texas/24-008749-003/2024(H5N1)	2142	94
PA|PP755594.1|A/cattle/Texas/24-008749-003/2024(H5N1)	2143	94
PA|PP755594.1|A/cattle/Texas/24-008749-003/2024(H5N1)	2144	89
PA|PP755594.1|A/cattle/Texas/24-008749-003/2024(H5N1)	2145	89
PA|PP755594.1|A/cattle/Texas/24-008749-003/2024(H5N1)	2146	87
PA|PP755594.1|A/cattle/Texas/24-008749-003/2024(H5N1)	2147	87
PA|PP755594.1|A/cattle/Texas/24-008749-003/2024(H5N1)	2148	86
PA|PP755594.1|A/cattle/Texas/24-008749-003/2024(H5N1)	2149	82
PA|PP755594.1|A/cattle/Texas/24-008749-003/2024(H5N1)	2150	78
PA|PP755594.1|A/cattle/Texas/24-008749-003/2024(H5N1)	2151	78
