MP|PP755590.1|A/cattle/Texas/24-008749-003/2024(H5N1)	1	14426
MP|PP755590.1|A/cattle/Texas/24-008749-003/2024(H5N1)	2	14554
MP|PP755590.1|A/cattle/Texas/24-008749-003/2024(H5N1)	3	14587
MP|PP755590.1|A/cattle/Texas/24-008749-003/2024(H5N1)	4	14623
MP|PP755590.1|A/cattle/Texas/24-008749-003/2024(H5N1)	5	15440
MP|PP755590.1|A/cattle/Texas/24-008749-003/2024(H5N1)	6	15766
MP|PP755590.1|A/cattle/Texas/24-008749-003/2024(H5N1)	7	16891
MP|PP755590.1|A/cattle/Texas/24-008749-003/2024(H5N1)	8	17411
MP|PP755590.1|A/cattle/Texas/24-008749-003/2024(H5N1)	9	17569
MP|PP755590.1|A/cattle/Texas/24-008749-003/2024(H5N1)	10	17603
MP|PP755590.1|A/cattle/Texas/24-008749-003/2024(H5N1)	11	17685
MP|PP755590.1|A/cattle/Texas/24-008749-003/2024(H5N1)	12	17826
MP|PP755590.1|A/cattle/Texas/24-008749-003/2024(H5N1)	13	17946
MP|PP755590.1|A/cattle/Texas/24-008749-003/2024(H5N1)	14	17948
MP|PP755590.1|A/cattle/Texas/24-008749-003/2024(H5N1)	15	17948
MP|PP755590.1|A/cattle/Texas/24-008749-003/2024(H5N1)	16	17953
MP|PP755590.1|A/cattle/Texas/24-008749-003/2024(H5N1)	17	18066
MP|PP755590.1|A/cattle/Texas/24-008749-003/2024(H5N1)	18	18195
MP|PP755590.1|A/cattle/Texas/24-008749-003/2024(H5N1)	19	18806
MP|PP755590.1|A/cattle/Texas/24-008749-003/2024(H5N1)	20	18824
MP|PP755590.1|A/cattle/Texas/24-008749-003/2024(H5N1)	21	18834
MP|PP755590.1|A/cattle/Texas/24-008749-003/2024(H5N1)	22	18853
MP|PP755590.1|A/cattle/Texas/24-008749-003/2024(H5N1)	23	19266
MP|PP755590.1|A/cattle/Texas/24-008749-003/2024(H5N1)	24	19307
MP|PP755590.1|A/cattle/Texas/24-008749-003/2024(H5N1)	25	19354
MP|PP755590.1|A/cattle/Texas/24-008749-003/2024(H5N1)	26	19947
MP|PP755590.1|A/cattle/Texas/24-008749-003/2024(H5N1)	27	20016
MP|PP755590.1|A/cattle/Texas/24-008749-003/2024(H5N1)	28	20095
MP|PP755590.1|A/cattle/Texas/24-008749-003/2024(H5N1)	29	20134
MP|PP755590.1|A/cattle/Texas/24-008749-003/2024(H5N1)	30	20255
MP|PP755590.1|A/cattle/Texas/24-008749-003/2024(H5N1)	31	20358
MP|PP755590.1|A/cattle/Texas/24-008749-003/2024(H5N1)	32	20433
MP|PP755590.1|A/cattle/Texas/24-008749-003/2024(H5N1)	33	21062
MP|PP755590.1|A/cattle/Texas/24-008749-003/2024(H5N1)	34	21451
MP|PP755590.1|A/cattle/Texas/24-008749-003/2024(H5N1)	35	21433
MP|PP755590.1|A/cattle/Texas/24-008749-003/2024(H5N1)	36	22205
MP|PP755590.1|A/cattle/Texas/24-008749-003/2024(H5N1)	37	22203
MP|PP755590.1|A/cattle/Texas/24-008749-003/2024(H5N1)	38	23096
MP|PP755590.1|A/cattle/Texas/24-008749-003/2024(H5N1)	39	23112
MP|PP755590.1|A/cattle/Texas/24-008749-003/2024(H5N1)	40	23266
MP|PP755590.1|A/cattle/Texas/24-008749-003/2024(H5N1)	41	23267
MP|PP755590.1|A/cattle/Texas/24-008749-003/2024(H5N1)	42	23265
MP|PP755590.1|A/cattle/Texas/24-008749-003/2024(H5N1)	43	23358
MP|PP755590.1|A/cattle/Texas/24-008749-003/2024(H5N1)	44	23356
MP|PP755590.1|A/cattle/Texas/24-008749-003/2024(H5N1)	45	23387
MP|PP755590.1|A/cattle/Texas/24-008749-003/2024(H5N1)	46	23579
MP|PP755590.1|A/cattle/Texas/24-008749-003/2024(H5N1)	47	23793
MP|PP755590.1|A/cattle/Texas/24-008749-003/2024(H5N1)	48	23929
MP|PP755590.1|A/cattle/Texas/24-008749-003/2024(H5N1)	49	23955
MP|PP755590.1|A/cattle/Texas/24-008749-003/2024(H5N1)	50	24036
MP|PP755590.1|A/cattle/Texas/24-008749-003/2024(H5N1)	51	24035
MP|PP755590.1|A/cattle/Texas/24-008749-003/2024(H5N1)	52	24264
MP|PP755590.1|A/cattle/Texas/24-008749-003/2024(H5N1)	53	24759
MP|PP755590.1|A/cattle/Texas/24-008749-003/2024(H5N1)	54	24767
MP|PP755590.1|A/cattle/Texas/24-008749-003/2024(H5N1)	55	24773
MP|PP755590.1|A/cattle/Texas/24-008749-003/2024(H5N1)	56	25059
MP|PP755590.1|A/cattle/Texas/24-008749-003/2024(H5N1)	57	26623
MP|PP755590.1|A/cattle/Texas/24-008749-003/2024(H5N1)	58	26669
MP|PP755590.1|A/cattle/Texas/24-008749-003/2024(H5N1)	59	26838
MP|PP755590.1|A/cattle/Texas/24-008749-003/2024(H5N1)	60	26855
MP|PP755590.1|A/cattle/Texas/24-008749-003/2024(H5N1)	61	27023
MP|PP755590.1|A/cattle/Texas/24-008749-003/2024(H5N1)	62	27058
MP|PP755590.1|A/cattle/Texas/24-008749-003/2024(H5N1)	63	27377
MP|PP755590.1|A/cattle/Texas/24-008749-003/2024(H5N1)	64	27485
MP|PP755590.1|A/cattle/Texas/24-008749-003/2024(H5N1)	65	27638
MP|PP755590.1|A/cattle/Texas/24-008749-003/2024(H5N1)	66	27395
MP|PP755590.1|A/cattle/Texas/24-008749-003/2024(H5N1)	67	27384
MP|PP755590.1|A/cattle/Texas/24-008749-003/2024(H5N1)	68	27490
MP|PP755590.1|A/cattle/Texas/24-008749-003/2024(H5N1)	69	27542
MP|PP755590.1|A/cattle/Texas/24-008749-003/2024(H5N1)	70	28272
MP|PP755590.1|A/cattle/Texas/24-008749-003/2024(H5N1)	71	28286
MP|PP755590.1|A/cattle/Texas/24-008749-003/2024(H5N1)	72	28262
MP|PP755590.1|A/cattle/Texas/24-008749-003/2024(H5N1)	73	28417
MP|PP755590.1|A/cattle/Texas/24-008749-003/2024(H5N1)	74	28615
MP|PP755590.1|A/cattle/Texas/24-008749-003/2024(H5N1)	75	28623
MP|PP755590.1|A/cattle/Texas/24-008749-003/2024(H5N1)	76	29038
MP|PP755590.1|A/cattle/Texas/24-008749-003/2024(H5N1)	77	29024
MP|PP755590.1|A/cattle/Texas/24-008749-003/2024(H5N1)	78	29127
MP|PP755590.1|A/cattle/Texas/24-008749-003/2024(H5N1)	79	29790
MP|PP755590.1|A/cattle/Texas/24-008749-003/2024(H5N1)	80	31429
MP|PP755590.1|A/cattle/Texas/24-008749-003/2024(H5N1)	81	31537
MP|PP755590.1|A/cattle/Texas/24-008749-003/2024(H5N1)	82	31766
MP|PP755590.1|A/cattle/Texas/24-008749-003/2024(H5N1)	83	32155
MP|PP755590.1|A/cattle/Texas/24-008749-003/2024(H5N1)	84	32304
MP|PP755590.1|A/cattle/Texas/24-008749-003/2024(H5N1)	85	32545
MP|PP755590.1|A/cattle/Texas/24-008749-003/2024(H5N1)	86	32620
MP|PP755590.1|A/cattle/Texas/24-008749-003/2024(H5N1)	87	32610
MP|PP755590.1|A/cattle/Texas/24-008749-003/2024(H5N1)	88	32623
MP|PP755590.1|A/cattle/Texas/24-008749-003/2024(H5N1)	89	32274
MP|PP755590.1|A/cattle/Texas/24-008749-003/2024(H5N1)	90	32510
MP|PP755590.1|A/cattle/Texas/24-008749-003/2024(H5N1)	91	32642
MP|PP755590.1|A/cattle/Texas/24-008749-003/2024(H5N1)	92	32911
MP|PP755590.1|A/cattle/Texas/24-008749-003/2024(H5N1)	93	32937
MP|PP755590.1|A/cattle/Texas/24-008749-003/2024(H5N1)	94	32867
MP|PP755590.1|A/cattle/Texas/24-008749-003/2024(H5N1)	95	33152
MP|PP755590.1|A/cattle/Texas/24-008749-003/2024(H5N1)	96	33716
MP|PP755590.1|A/cattle/Texas/24-008749-003/2024(H5N1)	97	33838
MP|PP755590.1|A/cattle/Texas/24-008749-003/2024(H5N1)	98	33910
MP|PP755590.1|A/cattle/Texas/24-008749-003/2024(H5N1)	99	33847
MP|PP755590.1|A/cattle/Texas/24-008749-003/2024(H5N1)	100	34272
MP|PP755590.1|A/cattle/Texas/24-008749-003/2024(H5N1)	101	34303
MP|PP755590.1|A/cattle/Texas/24-008749-003/2024(H5N1)	102	36014
MP|PP755590.1|A/cattle/Texas/24-008749-003/2024(H5N1)	103	36035
MP|PP755590.1|A/cattle/Texas/24-008749-003/2024(H5N1)	104	35968
MP|PP755590.1|A/cattle/Texas/24-008749-003/2024(H5N1)	105	36188
MP|PP755590.1|A/cattle/Texas/24-008749-003/2024(H5N1)	106	36680
MP|PP755590.1|A/cattle/Texas/24-008749-003/2024(H5N1)	107	36811
MP|PP755590.1|A/cattle/Texas/24-008749-003/2024(H5N1)	108	36940
MP|PP755590.1|A/cattle/Texas/24-008749-003/2024(H5N1)	109	36786
MP|PP755590.1|A/cattle/Texas/24-008749-003/2024(H5N1)	110	37350
MP|PP755590.1|A/cattle/Texas/24-008749-003/2024(H5N1)	111	36844
MP|PP755590.1|A/cattle/Texas/24-008749-003/2024(H5N1)	112	36872
MP|PP755590.1|A/cattle/Texas/24-008749-003/2024(H5N1)	113	37683
MP|PP755590.1|A/cattle/Texas/24-008749-003/2024(H5N1)	114	37738
MP|PP755590.1|A/cattle/Texas/24-008749-003/2024(H5N1)	115	38294
MP|PP755590.1|A/cattle/Texas/24-008749-003/2024(H5N1)	116	38258
MP|PP755590.1|A/cattle/Texas/24-008749-003/2024(H5N1)	117	38232
MP|PP755590.1|A/cattle/Texas/24-008749-003/2024(H5N1)	118	38238
MP|PP755590.1|A/cattle/Texas/24-008749-003/2024(H5N1)	119	38390
MP|PP755590.1|A/cattle/Texas/24-008749-003/2024(H5N1)	120	38449
MP|PP755590.1|A/cattle/Texas/24-008749-003/2024(H5N1)	121	38483
MP|PP755590.1|A/cattle/Texas/24-008749-003/2024(H5N1)	122	38265
MP|PP755590.1|A/cattle/Texas/24-008749-003/2024(H5N1)	123	38365
MP|PP755590.1|A/cattle/Texas/24-008749-003/2024(H5N1)	124	35914
MP|PP755590.1|A/cattle/Texas/24-008749-003/2024(H5N1)	125	34728
MP|PP755590.1|A/cattle/Texas/24-008749-003/2024(H5N1)	126	33376
MP|PP755590.1|A/cattle/Texas/24-008749-003/2024(H5N1)	127	33350
MP|PP755590.1|A/cattle/Texas/24-008749-003/2024(H5N1)	128	32812
MP|PP755590.1|A/cattle/Texas/24-008749-003/2024(H5N1)	129	32748
MP|PP755590.1|A/cattle/Texas/24-008749-003/2024(H5N1)	130	32806
MP|PP755590.1|A/cattle/Texas/24-008749-003/2024(H5N1)	131	32674
MP|PP755590.1|A/cattle/Texas/24-008749-003/2024(H5N1)	132	33643
MP|PP755590.1|A/cattle/Texas/24-008749-003/2024(H5N1)	133	32716
MP|PP755590.1|A/cattle/Texas/24-008749-003/2024(H5N1)	134	33350
MP|PP755590.1|A/cattle/Texas/24-008749-003/2024(H5N1)	135	34062
MP|PP755590.1|A/cattle/Texas/24-008749-003/2024(H5N1)	136	33319
MP|PP755590.1|A/cattle/Texas/24-008749-003/2024(H5N1)	137	34139
MP|PP755590.1|A/cattle/Texas/24-008749-003/2024(H5N1)	138	34145
MP|PP755590.1|A/cattle/Texas/24-008749-003/2024(H5N1)	139	34139
MP|PP755590.1|A/cattle/Texas/24-008749-003/2024(H5N1)	140	34909
MP|PP755590.1|A/cattle/Texas/24-008749-003/2024(H5N1)	141	35153
MP|PP755590.1|A/cattle/Texas/24-008749-003/2024(H5N1)	142	35680
MP|PP755590.1|A/cattle/Texas/24-008749-003/2024(H5N1)	143	35336
MP|PP755590.1|A/cattle/Texas/24-008749-003/2024(H5N1)	144	34846
MP|PP755590.1|A/cattle/Texas/24-008749-003/2024(H5N1)	145	34869
MP|PP755590.1|A/cattle/Texas/24-008749-003/2024(H5N1)	146	36031
MP|PP755590.1|A/cattle/Texas/24-008749-003/2024(H5N1)	147	36416
MP|PP755590.1|A/cattle/Texas/24-008749-003/2024(H5N1)	148	36405
MP|PP755590.1|A/cattle/Texas/24-008749-003/2024(H5N1)	149	35989
MP|PP755590.1|A/cattle/Texas/24-008749-003/2024(H5N1)	150	36004
MP|PP755590.1|A/cattle/Texas/24-008749-003/2024(H5N1)	151	36225
MP|PP755590.1|A/cattle/Texas/24-008749-003/2024(H5N1)	152	36409
MP|PP755590.1|A/cattle/Texas/24-008749-003/2024(H5N1)	153	36659
MP|PP755590.1|A/cattle/Texas/24-008749-003/2024(H5N1)	154	35088
MP|PP755590.1|A/cattle/Texas/24-008749-003/2024(H5N1)	155	35367
MP|PP755590.1|A/cattle/Texas/24-008749-003/2024(H5N1)	156	35402
MP|PP755590.1|A/cattle/Texas/24-008749-003/2024(H5N1)	157	35395
MP|PP755590.1|A/cattle/Texas/24-008749-003/2024(H5N1)	158	35300
MP|PP755590.1|A/cattle/Texas/24-008749-003/2024(H5N1)	159	35293
MP|PP755590.1|A/cattle/Texas/24-008749-003/2024(H5N1)	160	36277
MP|PP755590.1|A/cattle/Texas/24-008749-003/2024(H5N1)	161	36183
MP|PP755590.1|A/cattle/Texas/24-008749-003/2024(H5N1)	162	36405
MP|PP755590.1|A/cattle/Texas/24-008749-003/2024(H5N1)	163	36411
MP|PP755590.1|A/cattle/Texas/24-008749-003/2024(H5N1)	164	36416
MP|PP755590.1|A/cattle/Texas/24-008749-003/2024(H5N1)	165	36960
MP|PP755590.1|A/cattle/Texas/24-008749-003/2024(H5N1)	166	37105
MP|PP755590.1|A/cattle/Texas/24-008749-003/2024(H5N1)	167	37012
MP|PP755590.1|A/cattle/Texas/24-008749-003/2024(H5N1)	168	37007
MP|PP755590.1|A/cattle/Texas/24-008749-003/2024(H5N1)	169	36418
MP|PP755590.1|A/cattle/Texas/24-008749-003/2024(H5N1)	170	36196
MP|PP755590.1|A/cattle/Texas/24-008749-003/2024(H5N1)	171	36229
MP|PP755590.1|A/cattle/Texas/24-008749-003/2024(H5N1)	172	36266
MP|PP755590.1|A/cattle/Texas/24-008749-003/2024(H5N1)	173	36298
MP|PP755590.1|A/cattle/Texas/24-008749-003/2024(H5N1)	174	36131
MP|PP755590.1|A/cattle/Texas/24-008749-003/2024(H5N1)	175	36541
MP|PP755590.1|A/cattle/Texas/24-008749-003/2024(H5N1)	176	36502
MP|PP755590.1|A/cattle/Texas/24-008749-003/2024(H5N1)	177	36235
MP|PP755590.1|A/cattle/Texas/24-008749-003/2024(H5N1)	178	36195
MP|PP755590.1|A/cattle/Texas/24-008749-003/2024(H5N1)	179	36150
MP|PP755590.1|A/cattle/Texas/24-008749-003/2024(H5N1)	180	36117
MP|PP755590.1|A/cattle/Texas/24-008749-003/2024(H5N1)	181	36285
MP|PP755590.1|A/cattle/Texas/24-008749-003/2024(H5N1)	182	36394
MP|PP755590.1|A/cattle/Texas/24-008749-003/2024(H5N1)	183	36435
MP|PP755590.1|A/cattle/Texas/24-008749-003/2024(H5N1)	184	35923
MP|PP755590.1|A/cattle/Texas/24-008749-003/2024(H5N1)	185	35722
MP|PP755590.1|A/cattle/Texas/24-008749-003/2024(H5N1)	186	35696
MP|PP755590.1|A/cattle/Texas/24-008749-003/2024(H5N1)	187	35465
MP|PP755590.1|A/cattle/Texas/24-008749-003/2024(H5N1)	188	35467
MP|PP755590.1|A/cattle/Texas/24-008749-003/2024(H5N1)	189	34836
MP|PP755590.1|A/cattle/Texas/24-008749-003/2024(H5N1)	190	35348
MP|PP755590.1|A/cattle/Texas/24-008749-003/2024(H5N1)	191	35533
MP|PP755590.1|A/cattle/Texas/24-008749-003/2024(H5N1)	192	35655
MP|PP755590.1|A/cattle/Texas/24-008749-003/2024(H5N1)	193	35648
MP|PP755590.1|A/cattle/Texas/24-008749-003/2024(H5N1)	194	36490
MP|PP755590.1|A/cattle/Texas/24-008749-003/2024(H5N1)	195	36481
MP|PP755590.1|A/cattle/Texas/24-008749-003/2024(H5N1)	196	36116
MP|PP755590.1|A/cattle/Texas/24-008749-003/2024(H5N1)	197	35926
MP|PP755590.1|A/cattle/Texas/24-008749-003/2024(H5N1)	198	36663
MP|PP755590.1|A/cattle/Texas/24-008749-003/2024(H5N1)	199	36922
MP|PP755590.1|A/cattle/Texas/24-008749-003/2024(H5N1)	200	37285
MP|PP755590.1|A/cattle/Texas/24-008749-003/2024(H5N1)	201	37490
MP|PP755590.1|A/cattle/Texas/24-008749-003/2024(H5N1)	202	37519
MP|PP755590.1|A/cattle/Texas/24-008749-003/2024(H5N1)	203	37050
MP|PP755590.1|A/cattle/Texas/24-008749-003/2024(H5N1)	204	37113
MP|PP755590.1|A/cattle/Texas/24-008749-003/2024(H5N1)	205	37376
MP|PP755590.1|A/cattle/Texas/24-008749-003/2024(H5N1)	206	37329
MP|PP755590.1|A/cattle/Texas/24-008749-003/2024(H5N1)	207	36102
MP|PP755590.1|A/cattle/Texas/24-008749-003/2024(H5N1)	208	35819
MP|PP755590.1|A/cattle/Texas/24-008749-003/2024(H5N1)	209	36191
MP|PP755590.1|A/cattle/Texas/24-008749-003/2024(H5N1)	210	36982
MP|PP755590.1|A/cattle/Texas/24-008749-003/2024(H5N1)	211	37206
MP|PP755590.1|A/cattle/Texas/24-008749-003/2024(H5N1)	212	37564
MP|PP755590.1|A/cattle/Texas/24-008749-003/2024(H5N1)	213	37761
MP|PP755590.1|A/cattle/Texas/24-008749-003/2024(H5N1)	214	37733
MP|PP755590.1|A/cattle/Texas/24-008749-003/2024(H5N1)	215	37863
MP|PP755590.1|A/cattle/Texas/24-008749-003/2024(H5N1)	216	37777
MP|PP755590.1|A/cattle/Texas/24-008749-003/2024(H5N1)	217	38551
MP|PP755590.1|A/cattle/Texas/24-008749-003/2024(H5N1)	218	38656
MP|PP755590.1|A/cattle/Texas/24-008749-003/2024(H5N1)	219	38401
MP|PP755590.1|A/cattle/Texas/24-008749-003/2024(H5N1)	220	40058
MP|PP755590.1|A/cattle/Texas/24-008749-003/2024(H5N1)	221	39442
MP|PP755590.1|A/cattle/Texas/24-008749-003/2024(H5N1)	222	39511
MP|PP755590.1|A/cattle/Texas/24-008749-003/2024(H5N1)	223	39392
MP|PP755590.1|A/cattle/Texas/24-008749-003/2024(H5N1)	224	39325
MP|PP755590.1|A/cattle/Texas/24-008749-003/2024(H5N1)	225	40160
MP|PP755590.1|A/cattle/Texas/24-008749-003/2024(H5N1)	226	39939
MP|PP755590.1|A/cattle/Texas/24-008749-003/2024(H5N1)	227	40041
MP|PP755590.1|A/cattle/Texas/24-008749-003/2024(H5N1)	228	40205
MP|PP755590.1|A/cattle/Texas/24-008749-003/2024(H5N1)	229	39181
MP|PP755590.1|A/cattle/Texas/24-008749-003/2024(H5N1)	230	39192
MP|PP755590.1|A/cattle/Texas/24-008749-003/2024(H5N1)	231	38223
MP|PP755590.1|A/cattle/Texas/24-008749-003/2024(H5N1)	232	38103
MP|PP755590.1|A/cattle/Texas/24-008749-003/2024(H5N1)	233	38240
MP|PP755590.1|A/cattle/Texas/24-008749-003/2024(H5N1)	234	37634
MP|PP755590.1|A/cattle/Texas/24-008749-003/2024(H5N1)	235	37934
MP|PP755590.1|A/cattle/Texas/24-008749-003/2024(H5N1)	236	38262
MP|PP755590.1|A/cattle/Texas/24-008749-003/2024(H5N1)	237	38291
MP|PP755590.1|A/cattle/Texas/24-008749-003/2024(H5N1)	238	39374
MP|PP755590.1|A/cattle/Texas/24-008749-003/2024(H5N1)	239	39728
MP|PP755590.1|A/cattle/Texas/24-008749-003/2024(H5N1)	240	39538
MP|PP755590.1|A/cattle/Texas/24-008749-003/2024(H5N1)	241	39375
MP|PP755590.1|A/cattle/Texas/24-008749-003/2024(H5N1)	242	39215
MP|PP755590.1|A/cattle/Texas/24-008749-003/2024(H5N1)	243	39369
MP|PP755590.1|A/cattle/Texas/24-008749-003/2024(H5N1)	244	39351
MP|PP755590.1|A/cattle/Texas/24-008749-003/2024(H5N1)	245	39485
MP|PP755590.1|A/cattle/Texas/24-008749-003/2024(H5N1)	246	40373
MP|PP755590.1|A/cattle/Texas/24-008749-003/2024(H5N1)	247	40159
MP|PP755590.1|A/cattle/Texas/24-008749-003/2024(H5N1)	248	40453
MP|PP755590.1|A/cattle/Texas/24-008749-003/2024(H5N1)	249	41421
MP|PP755590.1|A/cattle/Texas/24-008749-003/2024(H5N1)	250	41049
MP|PP755590.1|A/cattle/Texas/24-008749-003/2024(H5N1)	251	41160
MP|PP755590.1|A/cattle/Texas/24-008749-003/2024(H5N1)	252	41948
MP|PP755590.1|A/cattle/Texas/24-008749-003/2024(H5N1)	253	40510
MP|PP755590.1|A/cattle/Texas/24-008749-003/2024(H5N1)	254	40674
MP|PP755590.1|A/cattle/Texas/24-008749-003/2024(H5N1)	255	41146
MP|PP755590.1|A/cattle/Texas/24-008749-003/2024(H5N1)	256	40457
MP|PP755590.1|A/cattle/Texas/24-008749-003/2024(H5N1)	257	41040
MP|PP755590.1|A/cattle/Texas/24-008749-003/2024(H5N1)	258	40978
MP|PP755590.1|A/cattle/Texas/24-008749-003/2024(H5N1)	259	41762
MP|PP755590.1|A/cattle/Texas/24-008749-003/2024(H5N1)	260	42028
MP|PP755590.1|A/cattle/Texas/24-008749-003/2024(H5N1)	261	41336
MP|PP755590.1|A/cattle/Texas/24-008749-003/2024(H5N1)	262	41355
MP|PP755590.1|A/cattle/Texas/24-008749-003/2024(H5N1)	263	41368
MP|PP755590.1|A/cattle/Texas/24-008749-003/2024(H5N1)	264	40729
MP|PP755590.1|A/cattle/Texas/24-008749-003/2024(H5N1)	265	40839
MP|PP755590.1|A/cattle/Texas/24-008749-003/2024(H5N1)	266	40352
MP|PP755590.1|A/cattle/Texas/24-008749-003/2024(H5N1)	267	40775
MP|PP755590.1|A/cattle/Texas/24-008749-003/2024(H5N1)	268	40754
MP|PP755590.1|A/cattle/Texas/24-008749-003/2024(H5N1)	269	40605
MP|PP755590.1|A/cattle/Texas/24-008749-003/2024(H5N1)	270	40678
MP|PP755590.1|A/cattle/Texas/24-008749-003/2024(H5N1)	271	40666
MP|PP755590.1|A/cattle/Texas/24-008749-003/2024(H5N1)	272	40695
MP|PP755590.1|A/cattle/Texas/24-008749-003/2024(H5N1)	273	41562
MP|PP755590.1|A/cattle/Texas/24-008749-003/2024(H5N1)	274	41926
MP|PP755590.1|A/cattle/Texas/24-008749-003/2024(H5N1)	275	40541
MP|PP755590.1|A/cattle/Texas/24-008749-003/2024(H5N1)	276	40327
MP|PP755590.1|A/cattle/Texas/24-008749-003/2024(H5N1)	277	40295
MP|PP755590.1|A/cattle/Texas/24-008749-003/2024(H5N1)	278	40283
MP|PP755590.1|A/cattle/Texas/24-008749-003/2024(H5N1)	279	41306
MP|PP755590.1|A/cattle/Texas/24-008749-003/2024(H5N1)	280	41415
MP|PP755590.1|A/cattle/Texas/24-008749-003/2024(H5N1)	281	41367
MP|PP755590.1|A/cattle/Texas/24-008749-003/2024(H5N1)	282	41362
MP|PP755590.1|A/cattle/Texas/24-008749-003/2024(H5N1)	283	40105
MP|PP755590.1|A/cattle/Texas/24-008749-003/2024(H5N1)	284	41023
MP|PP755590.1|A/cattle/Texas/24-008749-003/2024(H5N1)	285	40457
MP|PP755590.1|A/cattle/Texas/24-008749-003/2024(H5N1)	286	39918
MP|PP755590.1|A/cattle/Texas/24-008749-003/2024(H5N1)	287	40270
MP|PP755590.1|A/cattle/Texas/24-008749-003/2024(H5N1)	288	39236
MP|PP755590.1|A/cattle/Texas/24-008749-003/2024(H5N1)	289	39698
MP|PP755590.1|A/cattle/Texas/24-008749-003/2024(H5N1)	290	39700
MP|PP755590.1|A/cattle/Texas/24-008749-003/2024(H5N1)	291	41428
MP|PP755590.1|A/cattle/Texas/24-008749-003/2024(H5N1)	292	41639
MP|PP755590.1|A/cattle/Texas/24-008749-003/2024(H5N1)	293	40882
MP|PP755590.1|A/cattle/Texas/24-008749-003/2024(H5N1)	294	41057
MP|PP755590.1|A/cattle/Texas/24-008749-003/2024(H5N1)	295	41049
MP|PP755590.1|A/cattle/Texas/24-008749-003/2024(H5N1)	296	41502
MP|PP755590.1|A/cattle/Texas/24-008749-003/2024(H5N1)	297	41576
MP|PP755590.1|A/cattle/Texas/24-008749-003/2024(H5N1)	298	41449
MP|PP755590.1|A/cattle/Texas/24-008749-003/2024(H5N1)	299	41469
MP|PP755590.1|A/cattle/Texas/24-008749-003/2024(H5N1)	300	41478
MP|PP755590.1|A/cattle/Texas/24-008749-003/2024(H5N1)	301	41299
MP|PP755590.1|A/cattle/Texas/24-008749-003/2024(H5N1)	302	41129
MP|PP755590.1|A/cattle/Texas/24-008749-003/2024(H5N1)	303	41589
MP|PP755590.1|A/cattle/Texas/24-008749-003/2024(H5N1)	304	41714
MP|PP755590.1|A/cattle/Texas/24-008749-003/2024(H5N1)	305	41697
MP|PP755590.1|A/cattle/Texas/24-008749-003/2024(H5N1)	306	41035
MP|PP755590.1|A/cattle/Texas/24-008749-003/2024(H5N1)	307	42375
MP|PP755590.1|A/cattle/Texas/24-008749-003/2024(H5N1)	308	42308
MP|PP755590.1|A/cattle/Texas/24-008749-003/2024(H5N1)	309	42439
MP|PP755590.1|A/cattle/Texas/24-008749-003/2024(H5N1)	310	42583
MP|PP755590.1|A/cattle/Texas/24-008749-003/2024(H5N1)	311	41623
MP|PP755590.1|A/cattle/Texas/24-008749-003/2024(H5N1)	312	41665
MP|PP755590.1|A/cattle/Texas/24-008749-003/2024(H5N1)	313	41225
MP|PP755590.1|A/cattle/Texas/24-008749-003/2024(H5N1)	314	41419
MP|PP755590.1|A/cattle/Texas/24-008749-003/2024(H5N1)	315	41324
MP|PP755590.1|A/cattle/Texas/24-008749-003/2024(H5N1)	316	41044
MP|PP755590.1|A/cattle/Texas/24-008749-003/2024(H5N1)	317	41298
MP|PP755590.1|A/cattle/Texas/24-008749-003/2024(H5N1)	318	41426
MP|PP755590.1|A/cattle/Texas/24-008749-003/2024(H5N1)	319	41576
MP|PP755590.1|A/cattle/Texas/24-008749-003/2024(H5N1)	320	41610
MP|PP755590.1|A/cattle/Texas/24-008749-003/2024(H5N1)	321	41580
MP|PP755590.1|A/cattle/Texas/24-008749-003/2024(H5N1)	322	41870
MP|PP755590.1|A/cattle/Texas/24-008749-003/2024(H5N1)	323	41997
MP|PP755590.1|A/cattle/Texas/24-008749-003/2024(H5N1)	324	41885
MP|PP755590.1|A/cattle/Texas/24-008749-003/2024(H5N1)	325	41943
MP|PP755590.1|A/cattle/Texas/24-008749-003/2024(H5N1)	326	41507
MP|PP755590.1|A/cattle/Texas/24-008749-003/2024(H5N1)	327	41740
MP|PP755590.1|A/cattle/Texas/24-008749-003/2024(H5N1)	328	41483
MP|PP755590.1|A/cattle/Texas/24-008749-003/2024(H5N1)	329	41458
MP|PP755590.1|A/cattle/Texas/24-008749-003/2024(H5N1)	330	41477
MP|PP755590.1|A/cattle/Texas/24-008749-003/2024(H5N1)	331	41241
MP|PP755590.1|A/cattle/Texas/24-008749-003/2024(H5N1)	332	41696
MP|PP755590.1|A/cattle/Texas/24-008749-003/2024(H5N1)	333	42138
MP|PP755590.1|A/cattle/Texas/24-008749-003/2024(H5N1)	334	42100
MP|PP755590.1|A/cattle/Texas/24-008749-003/2024(H5N1)	335	42096
MP|PP755590.1|A/cattle/Texas/24-008749-003/2024(H5N1)	336	42000
MP|PP755590.1|A/cattle/Texas/24-008749-003/2024(H5N1)	337	42037
MP|PP755590.1|A/cattle/Texas/24-008749-003/2024(H5N1)	338	42164
MP|PP755590.1|A/cattle/Texas/24-008749-003/2024(H5N1)	339	42148
MP|PP755590.1|A/cattle/Texas/24-008749-003/2024(H5N1)	340	42144
MP|PP755590.1|A/cattle/Texas/24-008749-003/2024(H5N1)	341	42211
MP|PP755590.1|A/cattle/Texas/24-008749-003/2024(H5N1)	342	41833
MP|PP755590.1|A/cattle/Texas/24-008749-003/2024(H5N1)	343	41910
MP|PP755590.1|A/cattle/Texas/24-008749-003/2024(H5N1)	344	42159
MP|PP755590.1|A/cattle/Texas/24-008749-003/2024(H5N1)	345	41357
MP|PP755590.1|A/cattle/Texas/24-008749-003/2024(H5N1)	346	41634
MP|PP755590.1|A/cattle/Texas/24-008749-003/2024(H5N1)	347	41860
MP|PP755590.1|A/cattle/Texas/24-008749-003/2024(H5N1)	348	42125
MP|PP755590.1|A/cattle/Texas/24-008749-003/2024(H5N1)	349	41286
MP|PP755590.1|A/cattle/Texas/24-008749-003/2024(H5N1)	350	41080
MP|PP755590.1|A/cattle/Texas/24-008749-003/2024(H5N1)	351	42363
MP|PP755590.1|A/cattle/Texas/24-008749-003/2024(H5N1)	352	41927
MP|PP755590.1|A/cattle/Texas/24-008749-003/2024(H5N1)	353	42356
MP|PP755590.1|A/cattle/Texas/24-008749-003/2024(H5N1)	354	42466
MP|PP755590.1|A/cattle/Texas/24-008749-003/2024(H5N1)	355	42269
MP|PP755590.1|A/cattle/Texas/24-008749-003/2024(H5N1)	356	42289
MP|PP755590.1|A/cattle/Texas/24-008749-003/2024(H5N1)	357	42362
MP|PP755590.1|A/cattle/Texas/24-008749-003/2024(H5N1)	358	42261
MP|PP755590.1|A/cattle/Texas/24-008749-003/2024(H5N1)	359	42061
MP|PP755590.1|A/cattle/Texas/24-008749-003/2024(H5N1)	360	40878
MP|PP755590.1|A/cattle/Texas/24-008749-003/2024(H5N1)	361	41498
MP|PP755590.1|A/cattle/Texas/24-008749-003/2024(H5N1)	362	41495
MP|PP755590.1|A/cattle/Texas/24-008749-003/2024(H5N1)	363	40933
MP|PP755590.1|A/cattle/Texas/24-008749-003/2024(H5N1)	364	40812
MP|PP755590.1|A/cattle/Texas/24-008749-003/2024(H5N1)	365	41347
MP|PP755590.1|A/cattle/Texas/24-008749-003/2024(H5N1)	366	41158
MP|PP755590.1|A/cattle/Texas/24-008749-003/2024(H5N1)	367	41308
MP|PP755590.1|A/cattle/Texas/24-008749-003/2024(H5N1)	368	40689
MP|PP755590.1|A/cattle/Texas/24-008749-003/2024(H5N1)	369	40872
MP|PP755590.1|A/cattle/Texas/24-008749-003/2024(H5N1)	370	39929
MP|PP755590.1|A/cattle/Texas/24-008749-003/2024(H5N1)	371	39290
MP|PP755590.1|A/cattle/Texas/24-008749-003/2024(H5N1)	372	39707
MP|PP755590.1|A/cattle/Texas/24-008749-003/2024(H5N1)	373	39639
MP|PP755590.1|A/cattle/Texas/24-008749-003/2024(H5N1)	374	39893
MP|PP755590.1|A/cattle/Texas/24-008749-003/2024(H5N1)	375	39118
MP|PP755590.1|A/cattle/Texas/24-008749-003/2024(H5N1)	376	38947
MP|PP755590.1|A/cattle/Texas/24-008749-003/2024(H5N1)	377	39593
MP|PP755590.1|A/cattle/Texas/24-008749-003/2024(H5N1)	378	39775
MP|PP755590.1|A/cattle/Texas/24-008749-003/2024(H5N1)	379	39708
MP|PP755590.1|A/cattle/Texas/24-008749-003/2024(H5N1)	380	40255
MP|PP755590.1|A/cattle/Texas/24-008749-003/2024(H5N1)	381	40090
MP|PP755590.1|A/cattle/Texas/24-008749-003/2024(H5N1)	382	40096
MP|PP755590.1|A/cattle/Texas/24-008749-003/2024(H5N1)	383	39994
MP|PP755590.1|A/cattle/Texas/24-008749-003/2024(H5N1)	384	39839
MP|PP755590.1|A/cattle/Texas/24-008749-003/2024(H5N1)	385	40105
MP|PP755590.1|A/cattle/Texas/24-008749-003/2024(H5N1)	386	39966
MP|PP755590.1|A/cattle/Texas/24-008749-003/2024(H5N1)	387	39574
MP|PP755590.1|A/cattle/Texas/24-008749-003/2024(H5N1)	388	39891
MP|PP755590.1|A/cattle/Texas/24-008749-003/2024(H5N1)	389	39395
MP|PP755590.1|A/cattle/Texas/24-008749-003/2024(H5N1)	390	39734
MP|PP755590.1|A/cattle/Texas/24-008749-003/2024(H5N1)	391	40673
MP|PP755590.1|A/cattle/Texas/24-008749-003/2024(H5N1)	392	40684
MP|PP755590.1|A/cattle/Texas/24-008749-003/2024(H5N1)	393	40805
MP|PP755590.1|A/cattle/Texas/24-008749-003/2024(H5N1)	394	40544
MP|PP755590.1|A/cattle/Texas/24-008749-003/2024(H5N1)	395	40049
MP|PP755590.1|A/cattle/Texas/24-008749-003/2024(H5N1)	396	41161
MP|PP755590.1|A/cattle/Texas/24-008749-003/2024(H5N1)	397	39986
MP|PP755590.1|A/cattle/Texas/24-008749-003/2024(H5N1)	398	39584
MP|PP755590.1|A/cattle/Texas/24-008749-003/2024(H5N1)	399	39456
MP|PP755590.1|A/cattle/Texas/24-008749-003/2024(H5N1)	400	38362
MP|PP755590.1|A/cattle/Texas/24-008749-003/2024(H5N1)	401	39418
MP|PP755590.1|A/cattle/Texas/24-008749-003/2024(H5N1)	402	39677
MP|PP755590.1|A/cattle/Texas/24-008749-003/2024(H5N1)	403	39056
MP|PP755590.1|A/cattle/Texas/24-008749-003/2024(H5N1)	404	39198
MP|PP755590.1|A/cattle/Texas/24-008749-003/2024(H5N1)	405	38447
MP|PP755590.1|A/cattle/Texas/24-008749-003/2024(H5N1)	406	38671
MP|PP755590.1|A/cattle/Texas/24-008749-003/2024(H5N1)	407	41139
MP|PP755590.1|A/cattle/Texas/24-008749-003/2024(H5N1)	408	40862
MP|PP755590.1|A/cattle/Texas/24-008749-003/2024(H5N1)	409	41023
MP|PP755590.1|A/cattle/Texas/24-008749-003/2024(H5N1)	410	39867
MP|PP755590.1|A/cattle/Texas/24-008749-003/2024(H5N1)	411	39762
MP|PP755590.1|A/cattle/Texas/24-008749-003/2024(H5N1)	412	39786
MP|PP755590.1|A/cattle/Texas/24-008749-003/2024(H5N1)	413	40348
MP|PP755590.1|A/cattle/Texas/24-008749-003/2024(H5N1)	414	40438
MP|PP755590.1|A/cattle/Texas/24-008749-003/2024(H5N1)	415	40729
MP|PP755590.1|A/cattle/Texas/24-008749-003/2024(H5N1)	416	40957
MP|PP755590.1|A/cattle/Texas/24-008749-003/2024(H5N1)	417	40531
MP|PP755590.1|A/cattle/Texas/24-008749-003/2024(H5N1)	418	40532
MP|PP755590.1|A/cattle/Texas/24-008749-003/2024(H5N1)	419	41002
MP|PP755590.1|A/cattle/Texas/24-008749-003/2024(H5N1)	420	40977
MP|PP755590.1|A/cattle/Texas/24-008749-003/2024(H5N1)	421	41109
MP|PP755590.1|A/cattle/Texas/24-008749-003/2024(H5N1)	422	41678
MP|PP755590.1|A/cattle/Texas/24-008749-003/2024(H5N1)	423	41600
MP|PP755590.1|A/cattle/Texas/24-008749-003/2024(H5N1)	424	40754
MP|PP755590.1|A/cattle/Texas/24-008749-003/2024(H5N1)	425	40207
MP|PP755590.1|A/cattle/Texas/24-008749-003/2024(H5N1)	426	40166
MP|PP755590.1|A/cattle/Texas/24-008749-003/2024(H5N1)	427	40994
MP|PP755590.1|A/cattle/Texas/24-008749-003/2024(H5N1)	428	41058
MP|PP755590.1|A/cattle/Texas/24-008749-003/2024(H5N1)	429	41078
MP|PP755590.1|A/cattle/Texas/24-008749-003/2024(H5N1)	430	40071
MP|PP755590.1|A/cattle/Texas/24-008749-003/2024(H5N1)	431	40068
MP|PP755590.1|A/cattle/Texas/24-008749-003/2024(H5N1)	432	40168
MP|PP755590.1|A/cattle/Texas/24-008749-003/2024(H5N1)	433	42774
MP|PP755590.1|A/cattle/Texas/24-008749-003/2024(H5N1)	434	43516
MP|PP755590.1|A/cattle/Texas/24-008749-003/2024(H5N1)	435	42811
MP|PP755590.1|A/cattle/Texas/24-008749-003/2024(H5N1)	436	42034
MP|PP755590.1|A/cattle/Texas/24-008749-003/2024(H5N1)	437	42025
MP|PP755590.1|A/cattle/Texas/24-008749-003/2024(H5N1)	438	42751
MP|PP755590.1|A/cattle/Texas/24-008749-003/2024(H5N1)	439	43316
MP|PP755590.1|A/cattle/Texas/24-008749-003/2024(H5N1)	440	43069
MP|PP755590.1|A/cattle/Texas/24-008749-003/2024(H5N1)	441	43493
MP|PP755590.1|A/cattle/Texas/24-008749-003/2024(H5N1)	442	40304
MP|PP755590.1|A/cattle/Texas/24-008749-003/2024(H5N1)	443	40220
MP|PP755590.1|A/cattle/Texas/24-008749-003/2024(H5N1)	444	40424
MP|PP755590.1|A/cattle/Texas/24-008749-003/2024(H5N1)	445	40304
MP|PP755590.1|A/cattle/Texas/24-008749-003/2024(H5N1)	446	40389
MP|PP755590.1|A/cattle/Texas/24-008749-003/2024(H5N1)	447	39008
MP|PP755590.1|A/cattle/Texas/24-008749-003/2024(H5N1)	448	38682
MP|PP755590.1|A/cattle/Texas/24-008749-003/2024(H5N1)	449	40067
MP|PP755590.1|A/cattle/Texas/24-008749-003/2024(H5N1)	450	39927
MP|PP755590.1|A/cattle/Texas/24-008749-003/2024(H5N1)	451	39401
MP|PP755590.1|A/cattle/Texas/24-008749-003/2024(H5N1)	452	39555
MP|PP755590.1|A/cattle/Texas/24-008749-003/2024(H5N1)	453	39420
MP|PP755590.1|A/cattle/Texas/24-008749-003/2024(H5N1)	454	39465
MP|PP755590.1|A/cattle/Texas/24-008749-003/2024(H5N1)	455	39262
MP|PP755590.1|A/cattle/Texas/24-008749-003/2024(H5N1)	456	39315
MP|PP755590.1|A/cattle/Texas/24-008749-003/2024(H5N1)	457	39076
MP|PP755590.1|A/cattle/Texas/24-008749-003/2024(H5N1)	458	37503
MP|PP755590.1|A/cattle/Texas/24-008749-003/2024(H5N1)	459	37627
MP|PP755590.1|A/cattle/Texas/24-008749-003/2024(H5N1)	460	38440
MP|PP755590.1|A/cattle/Texas/24-008749-003/2024(H5N1)	461	38353
MP|PP755590.1|A/cattle/Texas/24-008749-003/2024(H5N1)	462	38698
MP|PP755590.1|A/cattle/Texas/24-008749-003/2024(H5N1)	463	38741
MP|PP755590.1|A/cattle/Texas/24-008749-003/2024(H5N1)	464	38928
MP|PP755590.1|A/cattle/Texas/24-008749-003/2024(H5N1)	465	38868
MP|PP755590.1|A/cattle/Texas/24-008749-003/2024(H5N1)	466	39005
MP|PP755590.1|A/cattle/Texas/24-008749-003/2024(H5N1)	467	39097
MP|PP755590.1|A/cattle/Texas/24-008749-003/2024(H5N1)	468	38815
MP|PP755590.1|A/cattle/Texas/24-008749-003/2024(H5N1)	469	38733
MP|PP755590.1|A/cattle/Texas/24-008749-003/2024(H5N1)	470	38772
MP|PP755590.1|A/cattle/Texas/24-008749-003/2024(H5N1)	471	38754
MP|PP755590.1|A/cattle/Texas/24-008749-003/2024(H5N1)	472	38680
MP|PP755590.1|A/cattle/Texas/24-008749-003/2024(H5N1)	473	38546
MP|PP755590.1|A/cattle/Texas/24-008749-003/2024(H5N1)	474	38652
MP|PP755590.1|A/cattle/Texas/24-008749-003/2024(H5N1)	475	38657
MP|PP755590.1|A/cattle/Texas/24-008749-003/2024(H5N1)	476	38634
MP|PP755590.1|A/cattle/Texas/24-008749-003/2024(H5N1)	477	38951
MP|PP755590.1|A/cattle/Texas/24-008749-003/2024(H5N1)	478	38774
MP|PP755590.1|A/cattle/Texas/24-008749-003/2024(H5N1)	479	38786
MP|PP755590.1|A/cattle/Texas/24-008749-003/2024(H5N1)	480	39267
MP|PP755590.1|A/cattle/Texas/24-008749-003/2024(H5N1)	481	40028
MP|PP755590.1|A/cattle/Texas/24-008749-003/2024(H5N1)	482	40083
MP|PP755590.1|A/cattle/Texas/24-008749-003/2024(H5N1)	483	40079
MP|PP755590.1|A/cattle/Texas/24-008749-003/2024(H5N1)	484	40168
MP|PP755590.1|A/cattle/Texas/24-008749-003/2024(H5N1)	485	40165
MP|PP755590.1|A/cattle/Texas/24-008749-003/2024(H5N1)	486	40314
MP|PP755590.1|A/cattle/Texas/24-008749-003/2024(H5N1)	487	40236
MP|PP755590.1|A/cattle/Texas/24-008749-003/2024(H5N1)	488	40735
MP|PP755590.1|A/cattle/Texas/24-008749-003/2024(H5N1)	489	40238
MP|PP755590.1|A/cattle/Texas/24-008749-003/2024(H5N1)	490	40488
MP|PP755590.1|A/cattle/Texas/24-008749-003/2024(H5N1)	491	39830
MP|PP755590.1|A/cattle/Texas/24-008749-003/2024(H5N1)	492	39947
MP|PP755590.1|A/cattle/Texas/24-008749-003/2024(H5N1)	493	40359
MP|PP755590.1|A/cattle/Texas/24-008749-003/2024(H5N1)	494	40342
MP|PP755590.1|A/cattle/Texas/24-008749-003/2024(H5N1)	495	40273
MP|PP755590.1|A/cattle/Texas/24-008749-003/2024(H5N1)	496	40449
MP|PP755590.1|A/cattle/Texas/24-008749-003/2024(H5N1)	497	40610
MP|PP755590.1|A/cattle/Texas/24-008749-003/2024(H5N1)	498	40611
MP|PP755590.1|A/cattle/Texas/24-008749-003/2024(H5N1)	499	40458
MP|PP755590.1|A/cattle/Texas/24-008749-003/2024(H5N1)	500	40538
MP|PP755590.1|A/cattle/Texas/24-008749-003/2024(H5N1)	501	39574
MP|PP755590.1|A/cattle/Texas/24-008749-003/2024(H5N1)	502	39450
MP|PP755590.1|A/cattle/Texas/24-008749-003/2024(H5N1)	503	39758
MP|PP755590.1|A/cattle/Texas/24-008749-003/2024(H5N1)	504	39859
MP|PP755590.1|A/cattle/Texas/24-008749-003/2024(H5N1)	505	39702
MP|PP755590.1|A/cattle/Texas/24-008749-003/2024(H5N1)	506	40052
MP|PP755590.1|A/cattle/Texas/24-008749-003/2024(H5N1)	507	39924
MP|PP755590.1|A/cattle/Texas/24-008749-003/2024(H5N1)	508	39887
MP|PP755590.1|A/cattle/Texas/24-008749-003/2024(H5N1)	509	40062
MP|PP755590.1|A/cattle/Texas/24-008749-003/2024(H5N1)	510	40115
MP|PP755590.1|A/cattle/Texas/24-008749-003/2024(H5N1)	511	40228
MP|PP755590.1|A/cattle/Texas/24-008749-003/2024(H5N1)	512	39983
MP|PP755590.1|A/cattle/Texas/24-008749-003/2024(H5N1)	513	39708
MP|PP755590.1|A/cattle/Texas/24-008749-003/2024(H5N1)	514	39835
MP|PP755590.1|A/cattle/Texas/24-008749-003/2024(H5N1)	515	39366
MP|PP755590.1|A/cattle/Texas/24-008749-003/2024(H5N1)	516	40007
MP|PP755590.1|A/cattle/Texas/24-008749-003/2024(H5N1)	517	40183
MP|PP755590.1|A/cattle/Texas/24-008749-003/2024(H5N1)	518	40020
MP|PP755590.1|A/cattle/Texas/24-008749-003/2024(H5N1)	519	39922
MP|PP755590.1|A/cattle/Texas/24-008749-003/2024(H5N1)	520	39656
MP|PP755590.1|A/cattle/Texas/24-008749-003/2024(H5N1)	521	39679
MP|PP755590.1|A/cattle/Texas/24-008749-003/2024(H5N1)	522	39909
MP|PP755590.1|A/cattle/Texas/24-008749-003/2024(H5N1)	523	39926
MP|PP755590.1|A/cattle/Texas/24-008749-003/2024(H5N1)	524	40562
MP|PP755590.1|A/cattle/Texas/24-008749-003/2024(H5N1)	525	39959
MP|PP755590.1|A/cattle/Texas/24-008749-003/2024(H5N1)	526	39933
MP|PP755590.1|A/cattle/Texas/24-008749-003/2024(H5N1)	527	39949
MP|PP755590.1|A/cattle/Texas/24-008749-003/2024(H5N1)	528	39541
MP|PP755590.1|A/cattle/Texas/24-008749-003/2024(H5N1)	529	39281
MP|PP755590.1|A/cattle/Texas/24-008749-003/2024(H5N1)	530	39703
MP|PP755590.1|A/cattle/Texas/24-008749-003/2024(H5N1)	531	39333
MP|PP755590.1|A/cattle/Texas/24-008749-003/2024(H5N1)	532	38930
MP|PP755590.1|A/cattle/Texas/24-008749-003/2024(H5N1)	533	39091
MP|PP755590.1|A/cattle/Texas/24-008749-003/2024(H5N1)	534	41409
MP|PP755590.1|A/cattle/Texas/24-008749-003/2024(H5N1)	535	41958
MP|PP755590.1|A/cattle/Texas/24-008749-003/2024(H5N1)	536	41731
MP|PP755590.1|A/cattle/Texas/24-008749-003/2024(H5N1)	537	41348
MP|PP755590.1|A/cattle/Texas/24-008749-003/2024(H5N1)	538	42023
MP|PP755590.1|A/cattle/Texas/24-008749-003/2024(H5N1)	539	41042
MP|PP755590.1|A/cattle/Texas/24-008749-003/2024(H5N1)	540	41185
MP|PP755590.1|A/cattle/Texas/24-008749-003/2024(H5N1)	541	41177
MP|PP755590.1|A/cattle/Texas/24-008749-003/2024(H5N1)	542	40382
MP|PP755590.1|A/cattle/Texas/24-008749-003/2024(H5N1)	543	40896
MP|PP755590.1|A/cattle/Texas/24-008749-003/2024(H5N1)	544	40749
MP|PP755590.1|A/cattle/Texas/24-008749-003/2024(H5N1)	545	40834
MP|PP755590.1|A/cattle/Texas/24-008749-003/2024(H5N1)	546	40504
MP|PP755590.1|A/cattle/Texas/24-008749-003/2024(H5N1)	547	39804
MP|PP755590.1|A/cattle/Texas/24-008749-003/2024(H5N1)	548	43121
MP|PP755590.1|A/cattle/Texas/24-008749-003/2024(H5N1)	549	43476
MP|PP755590.1|A/cattle/Texas/24-008749-003/2024(H5N1)	550	43532
MP|PP755590.1|A/cattle/Texas/24-008749-003/2024(H5N1)	551	42786
MP|PP755590.1|A/cattle/Texas/24-008749-003/2024(H5N1)	552	42212
MP|PP755590.1|A/cattle/Texas/24-008749-003/2024(H5N1)	553	42224
MP|PP755590.1|A/cattle/Texas/24-008749-003/2024(H5N1)	554	42370
MP|PP755590.1|A/cattle/Texas/24-008749-003/2024(H5N1)	555	42760
MP|PP755590.1|A/cattle/Texas/24-008749-003/2024(H5N1)	556	43160
MP|PP755590.1|A/cattle/Texas/24-008749-003/2024(H5N1)	557	40213
MP|PP755590.1|A/cattle/Texas/24-008749-003/2024(H5N1)	558	39995
MP|PP755590.1|A/cattle/Texas/24-008749-003/2024(H5N1)	559	39929
MP|PP755590.1|A/cattle/Texas/24-008749-003/2024(H5N1)	560	40160
MP|PP755590.1|A/cattle/Texas/24-008749-003/2024(H5N1)	561	40477
MP|PP755590.1|A/cattle/Texas/24-008749-003/2024(H5N1)	562	40582
MP|PP755590.1|A/cattle/Texas/24-008749-003/2024(H5N1)	563	40819
MP|PP755590.1|A/cattle/Texas/24-008749-003/2024(H5N1)	564	39763
MP|PP755590.1|A/cattle/Texas/24-008749-003/2024(H5N1)	565	39786
MP|PP755590.1|A/cattle/Texas/24-008749-003/2024(H5N1)	566	39791
MP|PP755590.1|A/cattle/Texas/24-008749-003/2024(H5N1)	567	39521
MP|PP755590.1|A/cattle/Texas/24-008749-003/2024(H5N1)	568	39864
MP|PP755590.1|A/cattle/Texas/24-008749-003/2024(H5N1)	569	39321
MP|PP755590.1|A/cattle/Texas/24-008749-003/2024(H5N1)	570	39352
MP|PP755590.1|A/cattle/Texas/24-008749-003/2024(H5N1)	571	39040
MP|PP755590.1|A/cattle/Texas/24-008749-003/2024(H5N1)	572	38546
MP|PP755590.1|A/cattle/Texas/24-008749-003/2024(H5N1)	573	38645
MP|PP755590.1|A/cattle/Texas/24-008749-003/2024(H5N1)	574	38935
MP|PP755590.1|A/cattle/Texas/24-008749-003/2024(H5N1)	575	39694
MP|PP755590.1|A/cattle/Texas/24-008749-003/2024(H5N1)	576	39686
MP|PP755590.1|A/cattle/Texas/24-008749-003/2024(H5N1)	577	39423
MP|PP755590.1|A/cattle/Texas/24-008749-003/2024(H5N1)	578	39244
MP|PP755590.1|A/cattle/Texas/24-008749-003/2024(H5N1)	579	39048
MP|PP755590.1|A/cattle/Texas/24-008749-003/2024(H5N1)	580	39111
MP|PP755590.1|A/cattle/Texas/24-008749-003/2024(H5N1)	581	39239
MP|PP755590.1|A/cattle/Texas/24-008749-003/2024(H5N1)	582	39205
MP|PP755590.1|A/cattle/Texas/24-008749-003/2024(H5N1)	583	39114
MP|PP755590.1|A/cattle/Texas/24-008749-003/2024(H5N1)	584	36297
MP|PP755590.1|A/cattle/Texas/24-008749-003/2024(H5N1)	585	36337
MP|PP755590.1|A/cattle/Texas/24-008749-003/2024(H5N1)	586	36359
MP|PP755590.1|A/cattle/Texas/24-008749-003/2024(H5N1)	587	36446
MP|PP755590.1|A/cattle/Texas/24-008749-003/2024(H5N1)	588	36574
MP|PP755590.1|A/cattle/Texas/24-008749-003/2024(H5N1)	589	36049
MP|PP755590.1|A/cattle/Texas/24-008749-003/2024(H5N1)	590	35704
MP|PP755590.1|A/cattle/Texas/24-008749-003/2024(H5N1)	591	35721
MP|PP755590.1|A/cattle/Texas/24-008749-003/2024(H5N1)	592	36190
MP|PP755590.1|A/cattle/Texas/24-008749-003/2024(H5N1)	593	36274
MP|PP755590.1|A/cattle/Texas/24-008749-003/2024(H5N1)	594	36173
MP|PP755590.1|A/cattle/Texas/24-008749-003/2024(H5N1)	595	36108
MP|PP755590.1|A/cattle/Texas/24-008749-003/2024(H5N1)	596	36524
MP|PP755590.1|A/cattle/Texas/24-008749-003/2024(H5N1)	597	36412
MP|PP755590.1|A/cattle/Texas/24-008749-003/2024(H5N1)	598	37521
MP|PP755590.1|A/cattle/Texas/24-008749-003/2024(H5N1)	599	37653
MP|PP755590.1|A/cattle/Texas/24-008749-003/2024(H5N1)	600	36503
MP|PP755590.1|A/cattle/Texas/24-008749-003/2024(H5N1)	601	36562
MP|PP755590.1|A/cattle/Texas/24-008749-003/2024(H5N1)	602	36620
MP|PP755590.1|A/cattle/Texas/24-008749-003/2024(H5N1)	603	36481
MP|PP755590.1|A/cattle/Texas/24-008749-003/2024(H5N1)	604	36877
MP|PP755590.1|A/cattle/Texas/24-008749-003/2024(H5N1)	605	37362
MP|PP755590.1|A/cattle/Texas/24-008749-003/2024(H5N1)	606	37415
MP|PP755590.1|A/cattle/Texas/24-008749-003/2024(H5N1)	607	36442
MP|PP755590.1|A/cattle/Texas/24-008749-003/2024(H5N1)	608	36661
MP|PP755590.1|A/cattle/Texas/24-008749-003/2024(H5N1)	609	36682
MP|PP755590.1|A/cattle/Texas/24-008749-003/2024(H5N1)	610	36916
MP|PP755590.1|A/cattle/Texas/24-008749-003/2024(H5N1)	611	36793
MP|PP755590.1|A/cattle/Texas/24-008749-003/2024(H5N1)	612	36976
MP|PP755590.1|A/cattle/Texas/24-008749-003/2024(H5N1)	613	36910
MP|PP755590.1|A/cattle/Texas/24-008749-003/2024(H5N1)	614	36680
MP|PP755590.1|A/cattle/Texas/24-008749-003/2024(H5N1)	615	36623
MP|PP755590.1|A/cattle/Texas/24-008749-003/2024(H5N1)	616	36644
MP|PP755590.1|A/cattle/Texas/24-008749-003/2024(H5N1)	617	36774
MP|PP755590.1|A/cattle/Texas/24-008749-003/2024(H5N1)	618	36778
MP|PP755590.1|A/cattle/Texas/24-008749-003/2024(H5N1)	619	37113
MP|PP755590.1|A/cattle/Texas/24-008749-003/2024(H5N1)	620	37065
MP|PP755590.1|A/cattle/Texas/24-008749-003/2024(H5N1)	621	37351
MP|PP755590.1|A/cattle/Texas/24-008749-003/2024(H5N1)	622	37282
MP|PP755590.1|A/cattle/Texas/24-008749-003/2024(H5N1)	623	37239
MP|PP755590.1|A/cattle/Texas/24-008749-003/2024(H5N1)	624	38650
MP|PP755590.1|A/cattle/Texas/24-008749-003/2024(H5N1)	625	38895
MP|PP755590.1|A/cattle/Texas/24-008749-003/2024(H5N1)	626	38950
MP|PP755590.1|A/cattle/Texas/24-008749-003/2024(H5N1)	627	38919
MP|PP755590.1|A/cattle/Texas/24-008749-003/2024(H5N1)	628	38638
MP|PP755590.1|A/cattle/Texas/24-008749-003/2024(H5N1)	629	39113
MP|PP755590.1|A/cattle/Texas/24-008749-003/2024(H5N1)	630	39137
MP|PP755590.1|A/cattle/Texas/24-008749-003/2024(H5N1)	631	38765
MP|PP755590.1|A/cattle/Texas/24-008749-003/2024(H5N1)	632	37879
MP|PP755590.1|A/cattle/Texas/24-008749-003/2024(H5N1)	633	37172
MP|PP755590.1|A/cattle/Texas/24-008749-003/2024(H5N1)	634	36892
MP|PP755590.1|A/cattle/Texas/24-008749-003/2024(H5N1)	635	36860
MP|PP755590.1|A/cattle/Texas/24-008749-003/2024(H5N1)	636	36972
MP|PP755590.1|A/cattle/Texas/24-008749-003/2024(H5N1)	637	38009
MP|PP755590.1|A/cattle/Texas/24-008749-003/2024(H5N1)	638	37753
MP|PP755590.1|A/cattle/Texas/24-008749-003/2024(H5N1)	639	37398
MP|PP755590.1|A/cattle/Texas/24-008749-003/2024(H5N1)	640	37355
MP|PP755590.1|A/cattle/Texas/24-008749-003/2024(H5N1)	641	37258
MP|PP755590.1|A/cattle/Texas/24-008749-003/2024(H5N1)	642	37553
MP|PP755590.1|A/cattle/Texas/24-008749-003/2024(H5N1)	643	38019
MP|PP755590.1|A/cattle/Texas/24-008749-003/2024(H5N1)	644	38152
MP|PP755590.1|A/cattle/Texas/24-008749-003/2024(H5N1)	645	38256
MP|PP755590.1|A/cattle/Texas/24-008749-003/2024(H5N1)	646	37418
MP|PP755590.1|A/cattle/Texas/24-008749-003/2024(H5N1)	647	37197
MP|PP755590.1|A/cattle/Texas/24-008749-003/2024(H5N1)	648	37217
MP|PP755590.1|A/cattle/Texas/24-008749-003/2024(H5N1)	649	37203
MP|PP755590.1|A/cattle/Texas/24-008749-003/2024(H5N1)	650	37380
MP|PP755590.1|A/cattle/Texas/24-008749-003/2024(H5N1)	651	37608
MP|PP755590.1|A/cattle/Texas/24-008749-003/2024(H5N1)	652	37490
MP|PP755590.1|A/cattle/Texas/24-008749-003/2024(H5N1)	653	37880
MP|PP755590.1|A/cattle/Texas/24-008749-003/2024(H5N1)	654	38236
MP|PP755590.1|A/cattle/Texas/24-008749-003/2024(H5N1)	655	38074
MP|PP755590.1|A/cattle/Texas/24-008749-003/2024(H5N1)	656	38463
MP|PP755590.1|A/cattle/Texas/24-008749-003/2024(H5N1)	657	38112
MP|PP755590.1|A/cattle/Texas/24-008749-003/2024(H5N1)	658	38110
MP|PP755590.1|A/cattle/Texas/24-008749-003/2024(H5N1)	659	38283
MP|PP755590.1|A/cattle/Texas/24-008749-003/2024(H5N1)	660	38199
MP|PP755590.1|A/cattle/Texas/24-008749-003/2024(H5N1)	661	38697
MP|PP755590.1|A/cattle/Texas/24-008749-003/2024(H5N1)	662	38391
MP|PP755590.1|A/cattle/Texas/24-008749-003/2024(H5N1)	663	37725
MP|PP755590.1|A/cattle/Texas/24-008749-003/2024(H5N1)	664	37961
MP|PP755590.1|A/cattle/Texas/24-008749-003/2024(H5N1)	665	37851
MP|PP755590.1|A/cattle/Texas/24-008749-003/2024(H5N1)	666	39078
MP|PP755590.1|A/cattle/Texas/24-008749-003/2024(H5N1)	667	38587
MP|PP755590.1|A/cattle/Texas/24-008749-003/2024(H5N1)	668	38421
MP|PP755590.1|A/cattle/Texas/24-008749-003/2024(H5N1)	669	38408
MP|PP755590.1|A/cattle/Texas/24-008749-003/2024(H5N1)	670	38438
MP|PP755590.1|A/cattle/Texas/24-008749-003/2024(H5N1)	671	38479
MP|PP755590.1|A/cattle/Texas/24-008749-003/2024(H5N1)	672	42255
MP|PP755590.1|A/cattle/Texas/24-008749-003/2024(H5N1)	673	42013
MP|PP755590.1|A/cattle/Texas/24-008749-003/2024(H5N1)	674	42140
MP|PP755590.1|A/cattle/Texas/24-008749-003/2024(H5N1)	675	41370
MP|PP755590.1|A/cattle/Texas/24-008749-003/2024(H5N1)	676	41339
MP|PP755590.1|A/cattle/Texas/24-008749-003/2024(H5N1)	677	42153
MP|PP755590.1|A/cattle/Texas/24-008749-003/2024(H5N1)	678	42139
MP|PP755590.1|A/cattle/Texas/24-008749-003/2024(H5N1)	679	42057
MP|PP755590.1|A/cattle/Texas/24-008749-003/2024(H5N1)	680	42040
MP|PP755590.1|A/cattle/Texas/24-008749-003/2024(H5N1)	681	38543
MP|PP755590.1|A/cattle/Texas/24-008749-003/2024(H5N1)	682	38809
MP|PP755590.1|A/cattle/Texas/24-008749-003/2024(H5N1)	683	39422
MP|PP755590.1|A/cattle/Texas/24-008749-003/2024(H5N1)	684	39248
MP|PP755590.1|A/cattle/Texas/24-008749-003/2024(H5N1)	685	39306
MP|PP755590.1|A/cattle/Texas/24-008749-003/2024(H5N1)	686	38565
MP|PP755590.1|A/cattle/Texas/24-008749-003/2024(H5N1)	687	38780
MP|PP755590.1|A/cattle/Texas/24-008749-003/2024(H5N1)	688	38965
MP|PP755590.1|A/cattle/Texas/24-008749-003/2024(H5N1)	689	38938
MP|PP755590.1|A/cattle/Texas/24-008749-003/2024(H5N1)	690	38909
MP|PP755590.1|A/cattle/Texas/24-008749-003/2024(H5N1)	691	38835
MP|PP755590.1|A/cattle/Texas/24-008749-003/2024(H5N1)	692	38492
MP|PP755590.1|A/cattle/Texas/24-008749-003/2024(H5N1)	693	38418
MP|PP755590.1|A/cattle/Texas/24-008749-003/2024(H5N1)	694	38021
MP|PP755590.1|A/cattle/Texas/24-008749-003/2024(H5N1)	695	38240
MP|PP755590.1|A/cattle/Texas/24-008749-003/2024(H5N1)	696	38417
MP|PP755590.1|A/cattle/Texas/24-008749-003/2024(H5N1)	697	36083
MP|PP755590.1|A/cattle/Texas/24-008749-003/2024(H5N1)	698	35288
MP|PP755590.1|A/cattle/Texas/24-008749-003/2024(H5N1)	699	35528
MP|PP755590.1|A/cattle/Texas/24-008749-003/2024(H5N1)	700	35249
MP|PP755590.1|A/cattle/Texas/24-008749-003/2024(H5N1)	701	35253
MP|PP755590.1|A/cattle/Texas/24-008749-003/2024(H5N1)	702	35256
MP|PP755590.1|A/cattle/Texas/24-008749-003/2024(H5N1)	703	35262
MP|PP755590.1|A/cattle/Texas/24-008749-003/2024(H5N1)	704	35261
MP|PP755590.1|A/cattle/Texas/24-008749-003/2024(H5N1)	705	35101
MP|PP755590.1|A/cattle/Texas/24-008749-003/2024(H5N1)	706	34589
MP|PP755590.1|A/cattle/Texas/24-008749-003/2024(H5N1)	707	34468
MP|PP755590.1|A/cattle/Texas/24-008749-003/2024(H5N1)	708	34792
MP|PP755590.1|A/cattle/Texas/24-008749-003/2024(H5N1)	709	35201
MP|PP755590.1|A/cattle/Texas/24-008749-003/2024(H5N1)	710	35196
MP|PP755590.1|A/cattle/Texas/24-008749-003/2024(H5N1)	711	34882
MP|PP755590.1|A/cattle/Texas/24-008749-003/2024(H5N1)	712	34615
MP|PP755590.1|A/cattle/Texas/24-008749-003/2024(H5N1)	713	34604
MP|PP755590.1|A/cattle/Texas/24-008749-003/2024(H5N1)	714	34966
MP|PP755590.1|A/cattle/Texas/24-008749-003/2024(H5N1)	715	35032
MP|PP755590.1|A/cattle/Texas/24-008749-003/2024(H5N1)	716	34905
MP|PP755590.1|A/cattle/Texas/24-008749-003/2024(H5N1)	717	34719
MP|PP755590.1|A/cattle/Texas/24-008749-003/2024(H5N1)	718	34680
MP|PP755590.1|A/cattle/Texas/24-008749-003/2024(H5N1)	719	35390
MP|PP755590.1|A/cattle/Texas/24-008749-003/2024(H5N1)	720	36004
MP|PP755590.1|A/cattle/Texas/24-008749-003/2024(H5N1)	721	36007
MP|PP755590.1|A/cattle/Texas/24-008749-003/2024(H5N1)	722	35952
MP|PP755590.1|A/cattle/Texas/24-008749-003/2024(H5N1)	723	35440
MP|PP755590.1|A/cattle/Texas/24-008749-003/2024(H5N1)	724	35477
MP|PP755590.1|A/cattle/Texas/24-008749-003/2024(H5N1)	725	35550
MP|PP755590.1|A/cattle/Texas/24-008749-003/2024(H5N1)	726	35108
MP|PP755590.1|A/cattle/Texas/24-008749-003/2024(H5N1)	727	35102
MP|PP755590.1|A/cattle/Texas/24-008749-003/2024(H5N1)	728	34862
MP|PP755590.1|A/cattle/Texas/24-008749-003/2024(H5N1)	729	34885
MP|PP755590.1|A/cattle/Texas/24-008749-003/2024(H5N1)	730	34916
MP|PP755590.1|A/cattle/Texas/24-008749-003/2024(H5N1)	731	34938
MP|PP755590.1|A/cattle/Texas/24-008749-003/2024(H5N1)	732	34823
MP|PP755590.1|A/cattle/Texas/24-008749-003/2024(H5N1)	733	35514
MP|PP755590.1|A/cattle/Texas/24-008749-003/2024(H5N1)	734	36475
MP|PP755590.1|A/cattle/Texas/24-008749-003/2024(H5N1)	735	36434
MP|PP755590.1|A/cattle/Texas/24-008749-003/2024(H5N1)	736	36735
MP|PP755590.1|A/cattle/Texas/24-008749-003/2024(H5N1)	737	36704
MP|PP755590.1|A/cattle/Texas/24-008749-003/2024(H5N1)	738	36663
MP|PP755590.1|A/cattle/Texas/24-008749-003/2024(H5N1)	739	37462
MP|PP755590.1|A/cattle/Texas/24-008749-003/2024(H5N1)	740	37532
MP|PP755590.1|A/cattle/Texas/24-008749-003/2024(H5N1)	741	37393
MP|PP755590.1|A/cattle/Texas/24-008749-003/2024(H5N1)	742	37321
MP|PP755590.1|A/cattle/Texas/24-008749-003/2024(H5N1)	743	36374
MP|PP755590.1|A/cattle/Texas/24-008749-003/2024(H5N1)	744	36418
MP|PP755590.1|A/cattle/Texas/24-008749-003/2024(H5N1)	745	36203
MP|PP755590.1|A/cattle/Texas/24-008749-003/2024(H5N1)	746	36197
MP|PP755590.1|A/cattle/Texas/24-008749-003/2024(H5N1)	747	36216
MP|PP755590.1|A/cattle/Texas/24-008749-003/2024(H5N1)	748	37099
MP|PP755590.1|A/cattle/Texas/24-008749-003/2024(H5N1)	749	37223
MP|PP755590.1|A/cattle/Texas/24-008749-003/2024(H5N1)	750	38186
MP|PP755590.1|A/cattle/Texas/24-008749-003/2024(H5N1)	751	38296
MP|PP755590.1|A/cattle/Texas/24-008749-003/2024(H5N1)	752	38291
MP|PP755590.1|A/cattle/Texas/24-008749-003/2024(H5N1)	753	38442
MP|PP755590.1|A/cattle/Texas/24-008749-003/2024(H5N1)	754	38730
MP|PP755590.1|A/cattle/Texas/24-008749-003/2024(H5N1)	755	38361
MP|PP755590.1|A/cattle/Texas/24-008749-003/2024(H5N1)	756	37923
MP|PP755590.1|A/cattle/Texas/24-008749-003/2024(H5N1)	757	38512
MP|PP755590.1|A/cattle/Texas/24-008749-003/2024(H5N1)	758	38455
MP|PP755590.1|A/cattle/Texas/24-008749-003/2024(H5N1)	759	38546
MP|PP755590.1|A/cattle/Texas/24-008749-003/2024(H5N1)	760	38539
MP|PP755590.1|A/cattle/Texas/24-008749-003/2024(H5N1)	761	38840
MP|PP755590.1|A/cattle/Texas/24-008749-003/2024(H5N1)	762	38430
MP|PP755590.1|A/cattle/Texas/24-008749-003/2024(H5N1)	763	38754
MP|PP755590.1|A/cattle/Texas/24-008749-003/2024(H5N1)	764	38918
MP|PP755590.1|A/cattle/Texas/24-008749-003/2024(H5N1)	765	38827
MP|PP755590.1|A/cattle/Texas/24-008749-003/2024(H5N1)	766	39415
MP|PP755590.1|A/cattle/Texas/24-008749-003/2024(H5N1)	767	39403
MP|PP755590.1|A/cattle/Texas/24-008749-003/2024(H5N1)	768	39090
MP|PP755590.1|A/cattle/Texas/24-008749-003/2024(H5N1)	769	39438
MP|PP755590.1|A/cattle/Texas/24-008749-003/2024(H5N1)	770	38936
MP|PP755590.1|A/cattle/Texas/24-008749-003/2024(H5N1)	771	39305
MP|PP755590.1|A/cattle/Texas/24-008749-003/2024(H5N1)	772	39084
MP|PP755590.1|A/cattle/Texas/24-008749-003/2024(H5N1)	773	38997
MP|PP755590.1|A/cattle/Texas/24-008749-003/2024(H5N1)	774	37617
MP|PP755590.1|A/cattle/Texas/24-008749-003/2024(H5N1)	775	37230
MP|PP755590.1|A/cattle/Texas/24-008749-003/2024(H5N1)	776	37232
MP|PP755590.1|A/cattle/Texas/24-008749-003/2024(H5N1)	777	37633
MP|PP755590.1|A/cattle/Texas/24-008749-003/2024(H5N1)	778	37676
MP|PP755590.1|A/cattle/Texas/24-008749-003/2024(H5N1)	779	37588
MP|PP755590.1|A/cattle/Texas/24-008749-003/2024(H5N1)	780	37613
MP|PP755590.1|A/cattle/Texas/24-008749-003/2024(H5N1)	781	39923
MP|PP755590.1|A/cattle/Texas/24-008749-003/2024(H5N1)	782	39928
MP|PP755590.1|A/cattle/Texas/24-008749-003/2024(H5N1)	783	39950
MP|PP755590.1|A/cattle/Texas/24-008749-003/2024(H5N1)	784	40754
MP|PP755590.1|A/cattle/Texas/24-008749-003/2024(H5N1)	785	40818
MP|PP755590.1|A/cattle/Texas/24-008749-003/2024(H5N1)	786	41744
MP|PP755590.1|A/cattle/Texas/24-008749-003/2024(H5N1)	787	41566
MP|PP755590.1|A/cattle/Texas/24-008749-003/2024(H5N1)	788	40488
MP|PP755590.1|A/cattle/Texas/24-008749-003/2024(H5N1)	789	39940
MP|PP755590.1|A/cattle/Texas/24-008749-003/2024(H5N1)	790	40014
MP|PP755590.1|A/cattle/Texas/24-008749-003/2024(H5N1)	791	42078
MP|PP755590.1|A/cattle/Texas/24-008749-003/2024(H5N1)	792	42004
MP|PP755590.1|A/cattle/Texas/24-008749-003/2024(H5N1)	793	41743
MP|PP755590.1|A/cattle/Texas/24-008749-003/2024(H5N1)	794	42390
MP|PP755590.1|A/cattle/Texas/24-008749-003/2024(H5N1)	795	42812
MP|PP755590.1|A/cattle/Texas/24-008749-003/2024(H5N1)	796	42941
MP|PP755590.1|A/cattle/Texas/24-008749-003/2024(H5N1)	797	42801
MP|PP755590.1|A/cattle/Texas/24-008749-003/2024(H5N1)	798	42858
MP|PP755590.1|A/cattle/Texas/24-008749-003/2024(H5N1)	799	43281
MP|PP755590.1|A/cattle/Texas/24-008749-003/2024(H5N1)	800	42763
MP|PP755590.1|A/cattle/Texas/24-008749-003/2024(H5N1)	801	42889
MP|PP755590.1|A/cattle/Texas/24-008749-003/2024(H5N1)	802	42819
MP|PP755590.1|A/cattle/Texas/24-008749-003/2024(H5N1)	803	43260
MP|PP755590.1|A/cattle/Texas/24-008749-003/2024(H5N1)	804	42580
MP|PP755590.1|A/cattle/Texas/24-008749-003/2024(H5N1)	805	42076
MP|PP755590.1|A/cattle/Texas/24-008749-003/2024(H5N1)	806	42044
MP|PP755590.1|A/cattle/Texas/24-008749-003/2024(H5N1)	807	41645
MP|PP755590.1|A/cattle/Texas/24-008749-003/2024(H5N1)	808	41799
MP|PP755590.1|A/cattle/Texas/24-008749-003/2024(H5N1)	809	41713
MP|PP755590.1|A/cattle/Texas/24-008749-003/2024(H5N1)	810	41429
MP|PP755590.1|A/cattle/Texas/24-008749-003/2024(H5N1)	811	41495
MP|PP755590.1|A/cattle/Texas/24-008749-003/2024(H5N1)	812	40956
MP|PP755590.1|A/cattle/Texas/24-008749-003/2024(H5N1)	813	40972
MP|PP755590.1|A/cattle/Texas/24-008749-003/2024(H5N1)	814	40832
MP|PP755590.1|A/cattle/Texas/24-008749-003/2024(H5N1)	815	39743
MP|PP755590.1|A/cattle/Texas/24-008749-003/2024(H5N1)	816	39688
MP|PP755590.1|A/cattle/Texas/24-008749-003/2024(H5N1)	817	39398
MP|PP755590.1|A/cattle/Texas/24-008749-003/2024(H5N1)	818	39375
MP|PP755590.1|A/cattle/Texas/24-008749-003/2024(H5N1)	819	39693
MP|PP755590.1|A/cattle/Texas/24-008749-003/2024(H5N1)	820	39689
MP|PP755590.1|A/cattle/Texas/24-008749-003/2024(H5N1)	821	39567
MP|PP755590.1|A/cattle/Texas/24-008749-003/2024(H5N1)	822	39000
MP|PP755590.1|A/cattle/Texas/24-008749-003/2024(H5N1)	823	36165
MP|PP755590.1|A/cattle/Texas/24-008749-003/2024(H5N1)	824	38208
MP|PP755590.1|A/cattle/Texas/24-008749-003/2024(H5N1)	825	38182
MP|PP755590.1|A/cattle/Texas/24-008749-003/2024(H5N1)	826	38203
MP|PP755590.1|A/cattle/Texas/24-008749-003/2024(H5N1)	827	38257
MP|PP755590.1|A/cattle/Texas/24-008749-003/2024(H5N1)	828	37592
MP|PP755590.1|A/cattle/Texas/24-008749-003/2024(H5N1)	829	38356
MP|PP755590.1|A/cattle/Texas/24-008749-003/2024(H5N1)	830	38348
MP|PP755590.1|A/cattle/Texas/24-008749-003/2024(H5N1)	831	38358
MP|PP755590.1|A/cattle/Texas/24-008749-003/2024(H5N1)	832	37964
MP|PP755590.1|A/cattle/Texas/24-008749-003/2024(H5N1)	833	37713
MP|PP755590.1|A/cattle/Texas/24-008749-003/2024(H5N1)	834	37438
MP|PP755590.1|A/cattle/Texas/24-008749-003/2024(H5N1)	835	37468
MP|PP755590.1|A/cattle/Texas/24-008749-003/2024(H5N1)	836	37394
MP|PP755590.1|A/cattle/Texas/24-008749-003/2024(H5N1)	837	37472
MP|PP755590.1|A/cattle/Texas/24-008749-003/2024(H5N1)	838	37490
MP|PP755590.1|A/cattle/Texas/24-008749-003/2024(H5N1)	839	37493
MP|PP755590.1|A/cattle/Texas/24-008749-003/2024(H5N1)	840	37123
MP|PP755590.1|A/cattle/Texas/24-008749-003/2024(H5N1)	841	37126
MP|PP755590.1|A/cattle/Texas/24-008749-003/2024(H5N1)	842	37401
MP|PP755590.1|A/cattle/Texas/24-008749-003/2024(H5N1)	843	37392
MP|PP755590.1|A/cattle/Texas/24-008749-003/2024(H5N1)	844	37470
MP|PP755590.1|A/cattle/Texas/24-008749-003/2024(H5N1)	845	37395
MP|PP755590.1|A/cattle/Texas/24-008749-003/2024(H5N1)	846	37236
MP|PP755590.1|A/cattle/Texas/24-008749-003/2024(H5N1)	847	37604
MP|PP755590.1|A/cattle/Texas/24-008749-003/2024(H5N1)	848	37544
MP|PP755590.1|A/cattle/Texas/24-008749-003/2024(H5N1)	849	37542
MP|PP755590.1|A/cattle/Texas/24-008749-003/2024(H5N1)	850	37665
MP|PP755590.1|A/cattle/Texas/24-008749-003/2024(H5N1)	851	40471
MP|PP755590.1|A/cattle/Texas/24-008749-003/2024(H5N1)	852	40637
MP|PP755590.1|A/cattle/Texas/24-008749-003/2024(H5N1)	853	41126
MP|PP755590.1|A/cattle/Texas/24-008749-003/2024(H5N1)	854	41154
MP|PP755590.1|A/cattle/Texas/24-008749-003/2024(H5N1)	855	41185
MP|PP755590.1|A/cattle/Texas/24-008749-003/2024(H5N1)	856	41645
MP|PP755590.1|A/cattle/Texas/24-008749-003/2024(H5N1)	857	41643
MP|PP755590.1|A/cattle/Texas/24-008749-003/2024(H5N1)	858	41369
MP|PP755590.1|A/cattle/Texas/24-008749-003/2024(H5N1)	859	40733
MP|PP755590.1|A/cattle/Texas/24-008749-003/2024(H5N1)	860	40305
MP|PP755590.1|A/cattle/Texas/24-008749-003/2024(H5N1)	861	40629
MP|PP755590.1|A/cattle/Texas/24-008749-003/2024(H5N1)	862	40492
MP|PP755590.1|A/cattle/Texas/24-008749-003/2024(H5N1)	863	40426
MP|PP755590.1|A/cattle/Texas/24-008749-003/2024(H5N1)	864	40422
MP|PP755590.1|A/cattle/Texas/24-008749-003/2024(H5N1)	865	39866
MP|PP755590.1|A/cattle/Texas/24-008749-003/2024(H5N1)	866	39871
MP|PP755590.1|A/cattle/Texas/24-008749-003/2024(H5N1)	867	39894
MP|PP755590.1|A/cattle/Texas/24-008749-003/2024(H5N1)	868	39803
MP|PP755590.1|A/cattle/Texas/24-008749-003/2024(H5N1)	869	39766
MP|PP755590.1|A/cattle/Texas/24-008749-003/2024(H5N1)	870	39119
MP|PP755590.1|A/cattle/Texas/24-008749-003/2024(H5N1)	871	38234
MP|PP755590.1|A/cattle/Texas/24-008749-003/2024(H5N1)	872	38240
MP|PP755590.1|A/cattle/Texas/24-008749-003/2024(H5N1)	873	38250
MP|PP755590.1|A/cattle/Texas/24-008749-003/2024(H5N1)	874	38379
MP|PP755590.1|A/cattle/Texas/24-008749-003/2024(H5N1)	875	38274
MP|PP755590.1|A/cattle/Texas/24-008749-003/2024(H5N1)	876	38000
MP|PP755590.1|A/cattle/Texas/24-008749-003/2024(H5N1)	877	37967
MP|PP755590.1|A/cattle/Texas/24-008749-003/2024(H5N1)	878	37869
MP|PP755590.1|A/cattle/Texas/24-008749-003/2024(H5N1)	879	37730
MP|PP755590.1|A/cattle/Texas/24-008749-003/2024(H5N1)	880	37680
MP|PP755590.1|A/cattle/Texas/24-008749-003/2024(H5N1)	881	37716
MP|PP755590.1|A/cattle/Texas/24-008749-003/2024(H5N1)	882	37625
MP|PP755590.1|A/cattle/Texas/24-008749-003/2024(H5N1)	883	36971
MP|PP755590.1|A/cattle/Texas/24-008749-003/2024(H5N1)	884	36853
MP|PP755590.1|A/cattle/Texas/24-008749-003/2024(H5N1)	885	35806
MP|PP755590.1|A/cattle/Texas/24-008749-003/2024(H5N1)	886	35797
MP|PP755590.1|A/cattle/Texas/24-008749-003/2024(H5N1)	887	35416
MP|PP755590.1|A/cattle/Texas/24-008749-003/2024(H5N1)	888	35621
MP|PP755590.1|A/cattle/Texas/24-008749-003/2024(H5N1)	889	35435
MP|PP755590.1|A/cattle/Texas/24-008749-003/2024(H5N1)	890	35012
MP|PP755590.1|A/cattle/Texas/24-008749-003/2024(H5N1)	891	34872
MP|PP755590.1|A/cattle/Texas/24-008749-003/2024(H5N1)	892	34918
MP|PP755590.1|A/cattle/Texas/24-008749-003/2024(H5N1)	893	34866
MP|PP755590.1|A/cattle/Texas/24-008749-003/2024(H5N1)	894	34752
MP|PP755590.1|A/cattle/Texas/24-008749-003/2024(H5N1)	895	34518
MP|PP755590.1|A/cattle/Texas/24-008749-003/2024(H5N1)	896	34474
MP|PP755590.1|A/cattle/Texas/24-008749-003/2024(H5N1)	897	32481
MP|PP755590.1|A/cattle/Texas/24-008749-003/2024(H5N1)	898	32606
MP|PP755590.1|A/cattle/Texas/24-008749-003/2024(H5N1)	899	31568
MP|PP755590.1|A/cattle/Texas/24-008749-003/2024(H5N1)	900	31049
MP|PP755590.1|A/cattle/Texas/24-008749-003/2024(H5N1)	901	30580
MP|PP755590.1|A/cattle/Texas/24-008749-003/2024(H5N1)	902	30363
MP|PP755590.1|A/cattle/Texas/24-008749-003/2024(H5N1)	903	30374
MP|PP755590.1|A/cattle/Texas/24-008749-003/2024(H5N1)	904	30146
MP|PP755590.1|A/cattle/Texas/24-008749-003/2024(H5N1)	905	29874
MP|PP755590.1|A/cattle/Texas/24-008749-003/2024(H5N1)	906	29905
MP|PP755590.1|A/cattle/Texas/24-008749-003/2024(H5N1)	907	29012
MP|PP755590.1|A/cattle/Texas/24-008749-003/2024(H5N1)	908	29041
MP|PP755590.1|A/cattle/Texas/24-008749-003/2024(H5N1)	909	28990
MP|PP755590.1|A/cattle/Texas/24-008749-003/2024(H5N1)	910	28363
MP|PP755590.1|A/cattle/Texas/24-008749-003/2024(H5N1)	911	28393
MP|PP755590.1|A/cattle/Texas/24-008749-003/2024(H5N1)	912	28005
MP|PP755590.1|A/cattle/Texas/24-008749-003/2024(H5N1)	913	27991
MP|PP755590.1|A/cattle/Texas/24-008749-003/2024(H5N1)	914	27545
MP|PP755590.1|A/cattle/Texas/24-008749-003/2024(H5N1)	915	27057
MP|PP755590.1|A/cattle/Texas/24-008749-003/2024(H5N1)	916	26895
MP|PP755590.1|A/cattle/Texas/24-008749-003/2024(H5N1)	917	26515
MP|PP755590.1|A/cattle/Texas/24-008749-003/2024(H5N1)	918	26566
MP|PP755590.1|A/cattle/Texas/24-008749-003/2024(H5N1)	919	26523
MP|PP755590.1|A/cattle/Texas/24-008749-003/2024(H5N1)	920	26074
MP|PP755590.1|A/cattle/Texas/24-008749-003/2024(H5N1)	921	25929
MP|PP755590.1|A/cattle/Texas/24-008749-003/2024(H5N1)	922	25389
MP|PP755590.1|A/cattle/Texas/24-008749-003/2024(H5N1)	923	25526
MP|PP755590.1|A/cattle/Texas/24-008749-003/2024(H5N1)	924	25479
MP|PP755590.1|A/cattle/Texas/24-008749-003/2024(H5N1)	925	25428
MP|PP755590.1|A/cattle/Texas/24-008749-003/2024(H5N1)	926	25470
MP|PP755590.1|A/cattle/Texas/24-008749-003/2024(H5N1)	927	24933
MP|PP755590.1|A/cattle/Texas/24-008749-003/2024(H5N1)	928	24971
MP|PP755590.1|A/cattle/Texas/24-008749-003/2024(H5N1)	929	24902
MP|PP755590.1|A/cattle/Texas/24-008749-003/2024(H5N1)	930	24871
MP|PP755590.1|A/cattle/Texas/24-008749-003/2024(H5N1)	931	24563
MP|PP755590.1|A/cattle/Texas/24-008749-003/2024(H5N1)	932	21904
MP|PP755590.1|A/cattle/Texas/24-008749-003/2024(H5N1)	933	21987
MP|PP755590.1|A/cattle/Texas/24-008749-003/2024(H5N1)	934	21865
MP|PP755590.1|A/cattle/Texas/24-008749-003/2024(H5N1)	935	21084
MP|PP755590.1|A/cattle/Texas/24-008749-003/2024(H5N1)	936	21018
MP|PP755590.1|A/cattle/Texas/24-008749-003/2024(H5N1)	937	19866
MP|PP755590.1|A/cattle/Texas/24-008749-003/2024(H5N1)	938	19880
MP|PP755590.1|A/cattle/Texas/24-008749-003/2024(H5N1)	939	19838
MP|PP755590.1|A/cattle/Texas/24-008749-003/2024(H5N1)	940	19766
MP|PP755590.1|A/cattle/Texas/24-008749-003/2024(H5N1)	941	19735
MP|PP755590.1|A/cattle/Texas/24-008749-003/2024(H5N1)	942	17387
MP|PP755590.1|A/cattle/Texas/24-008749-003/2024(H5N1)	943	17348
MP|PP755590.1|A/cattle/Texas/24-008749-003/2024(H5N1)	944	16645
MP|PP755590.1|A/cattle/Texas/24-008749-003/2024(H5N1)	945	15662
MP|PP755590.1|A/cattle/Texas/24-008749-003/2024(H5N1)	946	15128
MP|PP755590.1|A/cattle/Texas/24-008749-003/2024(H5N1)	947	14953
MP|PP755590.1|A/cattle/Texas/24-008749-003/2024(H5N1)	948	14877
MP|PP755590.1|A/cattle/Texas/24-008749-003/2024(H5N1)	949	14799
MP|PP755590.1|A/cattle/Texas/24-008749-003/2024(H5N1)	950	14145
MP|PP755590.1|A/cattle/Texas/24-008749-003/2024(H5N1)	951	14127
MP|PP755590.1|A/cattle/Texas/24-008749-003/2024(H5N1)	952	13973
MP|PP755590.1|A/cattle/Texas/24-008749-003/2024(H5N1)	953	13845
MP|PP755590.1|A/cattle/Texas/24-008749-003/2024(H5N1)	954	13651
MP|PP755590.1|A/cattle/Texas/24-008749-003/2024(H5N1)	955	13530
MP|PP755590.1|A/cattle/Texas/24-008749-003/2024(H5N1)	956	13444
MP|PP755590.1|A/cattle/Texas/24-008749-003/2024(H5N1)	957	13401
MP|PP755590.1|A/cattle/Texas/24-008749-003/2024(H5N1)	958	13359
MP|PP755590.1|A/cattle/Texas/24-008749-003/2024(H5N1)	959	13288
MP|PP755590.1|A/cattle/Texas/24-008749-003/2024(H5N1)	960	13244
MP|PP755590.1|A/cattle/Texas/24-008749-003/2024(H5N1)	961	13133
MP|PP755590.1|A/cattle/Texas/24-008749-003/2024(H5N1)	962	13111
MP|PP755590.1|A/cattle/Texas/24-008749-003/2024(H5N1)	963	12951
MP|PP755590.1|A/cattle/Texas/24-008749-003/2024(H5N1)	964	12929
MP|PP755590.1|A/cattle/Texas/24-008749-003/2024(H5N1)	965	12881
MP|PP755590.1|A/cattle/Texas/24-008749-003/2024(H5N1)	966	12847
MP|PP755590.1|A/cattle/Texas/24-008749-003/2024(H5N1)	967	12833
MP|PP755590.1|A/cattle/Texas/24-008749-003/2024(H5N1)	968	12794
MP|PP755590.1|A/cattle/Texas/24-008749-003/2024(H5N1)	969	12792
MP|PP755590.1|A/cattle/Texas/24-008749-003/2024(H5N1)	970	12205
MP|PP755590.1|A/cattle/Texas/24-008749-003/2024(H5N1)	971	12201
MP|PP755590.1|A/cattle/Texas/24-008749-003/2024(H5N1)	972	12045
MP|PP755590.1|A/cattle/Texas/24-008749-003/2024(H5N1)	973	12040
MP|PP755590.1|A/cattle/Texas/24-008749-003/2024(H5N1)	974	11963
MP|PP755590.1|A/cattle/Texas/24-008749-003/2024(H5N1)	975	9213
MP|PP755590.1|A/cattle/Texas/24-008749-003/2024(H5N1)	976	9087
MP|PP755590.1|A/cattle/Texas/24-008749-003/2024(H5N1)	977	9082
MP|PP755590.1|A/cattle/Texas/24-008749-003/2024(H5N1)	978	9043
MP|PP755590.1|A/cattle/Texas/24-008749-003/2024(H5N1)	979	9039
MP|PP755590.1|A/cattle/Texas/24-008749-003/2024(H5N1)	980	8084
MP|PP755590.1|A/cattle/Texas/24-008749-003/2024(H5N1)	981	8055
MP|PP755590.1|A/cattle/Texas/24-008749-003/2024(H5N1)	982	8036
