MP|PP755590.1|A/cattle/Texas/24-008749-003/2024(H5N1)	1	1050
MP|PP755590.1|A/cattle/Texas/24-008749-003/2024(H5N1)	2	1062
MP|PP755590.1|A/cattle/Texas/24-008749-003/2024(H5N1)	3	1067
MP|PP755590.1|A/cattle/Texas/24-008749-003/2024(H5N1)	4	1072
MP|PP755590.1|A/cattle/Texas/24-008749-003/2024(H5N1)	5	1164
MP|PP755590.1|A/cattle/Texas/24-008749-003/2024(H5N1)	6	1186
MP|PP755590.1|A/cattle/Texas/24-008749-003/2024(H5N1)	7	1236
MP|PP755590.1|A/cattle/Texas/24-008749-003/2024(H5N1)	8	1297
MP|PP755590.1|A/cattle/Texas/24-008749-003/2024(H5N1)	9	1300
MP|PP755590.1|A/cattle/Texas/24-008749-003/2024(H5N1)	10	1307
MP|PP755590.1|A/cattle/Texas/24-008749-003/2024(H5N1)	11	1309
MP|PP755590.1|A/cattle/Texas/24-008749-003/2024(H5N1)	12	1321
MP|PP755590.1|A/cattle/Texas/24-008749-003/2024(H5N1)	13	1341
MP|PP755590.1|A/cattle/Texas/24-008749-003/2024(H5N1)	14	1341
MP|PP755590.1|A/cattle/Texas/24-008749-003/2024(H5N1)	15	1349
MP|PP755590.1|A/cattle/Texas/24-008749-003/2024(H5N1)	16	1349
MP|PP755590.1|A/cattle/Texas/24-008749-003/2024(H5N1)	17	1356
MP|PP755590.1|A/cattle/Texas/24-008749-003/2024(H5N1)	18	1364
MP|PP755590.1|A/cattle/Texas/24-008749-003/2024(H5N1)	19	1397
MP|PP755590.1|A/cattle/Texas/24-008749-003/2024(H5N1)	20	1402
MP|PP755590.1|A/cattle/Texas/24-008749-003/2024(H5N1)	21	1403
MP|PP755590.1|A/cattle/Texas/24-008749-003/2024(H5N1)	22	1404
MP|PP755590.1|A/cattle/Texas/24-008749-003/2024(H5N1)	23	1436
MP|PP755590.1|A/cattle/Texas/24-008749-003/2024(H5N1)	24	1443
MP|PP755590.1|A/cattle/Texas/24-008749-003/2024(H5N1)	25	1466
MP|PP755590.1|A/cattle/Texas/24-008749-003/2024(H5N1)	26	1498
MP|PP755590.1|A/cattle/Texas/24-008749-003/2024(H5N1)	27	1511
MP|PP755590.1|A/cattle/Texas/24-008749-003/2024(H5N1)	28	1517
MP|PP755590.1|A/cattle/Texas/24-008749-003/2024(H5N1)	29	1521
MP|PP755590.1|A/cattle/Texas/24-008749-003/2024(H5N1)	30	1541
MP|PP755590.1|A/cattle/Texas/24-008749-003/2024(H5N1)	31	1546
MP|PP755590.1|A/cattle/Texas/24-008749-003/2024(H5N1)	32	1586
MP|PP755590.1|A/cattle/Texas/24-008749-003/2024(H5N1)	33	1627
MP|PP755590.1|A/cattle/Texas/24-008749-003/2024(H5N1)	34	1670
MP|PP755590.1|A/cattle/Texas/24-008749-003/2024(H5N1)	35	1672
MP|PP755590.1|A/cattle/Texas/24-008749-003/2024(H5N1)	36	1711
MP|PP755590.1|A/cattle/Texas/24-008749-003/2024(H5N1)	37	1723
MP|PP755590.1|A/cattle/Texas/24-008749-003/2024(H5N1)	38	1805
MP|PP755590.1|A/cattle/Texas/24-008749-003/2024(H5N1)	39	1805
MP|PP755590.1|A/cattle/Texas/24-008749-003/2024(H5N1)	40	1818
MP|PP755590.1|A/cattle/Texas/24-008749-003/2024(H5N1)	41	1819
MP|PP755590.1|A/cattle/Texas/24-008749-003/2024(H5N1)	42	1829
MP|PP755590.1|A/cattle/Texas/24-008749-003/2024(H5N1)	43	1841
MP|PP755590.1|A/cattle/Texas/24-008749-003/2024(H5N1)	44	1850
MP|PP755590.1|A/cattle/Texas/24-008749-003/2024(H5N1)	45	1854
MP|PP755590.1|A/cattle/Texas/24-008749-003/2024(H5N1)	46	1857
MP|PP755590.1|A/cattle/Texas/24-008749-003/2024(H5N1)	47	1876
MP|PP755590.1|A/cattle/Texas/24-008749-003/2024(H5N1)	48	1884
MP|PP755590.1|A/cattle/Texas/24-008749-003/2024(H5N1)	49	1884
MP|PP755590.1|A/cattle/Texas/24-008749-003/2024(H5N1)	50	1896
MP|PP755590.1|A/cattle/Texas/24-008749-003/2024(H5N1)	51	1895
MP|PP755590.1|A/cattle/Texas/24-008749-003/2024(H5N1)	52	1900
MP|PP755590.1|A/cattle/Texas/24-008749-003/2024(H5N1)	53	1911
MP|PP755590.1|A/cattle/Texas/24-008749-003/2024(H5N1)	54	1912
MP|PP755590.1|A/cattle/Texas/24-008749-003/2024(H5N1)	55	1929
MP|PP755590.1|A/cattle/Texas/24-008749-003/2024(H5N1)	56	1935
MP|PP755590.1|A/cattle/Texas/24-008749-003/2024(H5N1)	57	1979
MP|PP755590.1|A/cattle/Texas/24-008749-003/2024(H5N1)	58	1992
MP|PP755590.1|A/cattle/Texas/24-008749-003/2024(H5N1)	59	1993
MP|PP755590.1|A/cattle/Texas/24-008749-003/2024(H5N1)	60	1996
MP|PP755590.1|A/cattle/Texas/24-008749-003/2024(H5N1)	61	1996
MP|PP755590.1|A/cattle/Texas/24-008749-003/2024(H5N1)	62	2038
MP|PP755590.1|A/cattle/Texas/24-008749-003/2024(H5N1)	63	2060
MP|PP755590.1|A/cattle/Texas/24-008749-003/2024(H5N1)	64	2073
MP|PP755590.1|A/cattle/Texas/24-008749-003/2024(H5N1)	65	2088
MP|PP755590.1|A/cattle/Texas/24-008749-003/2024(H5N1)	66	2089
MP|PP755590.1|A/cattle/Texas/24-008749-003/2024(H5N1)	67	2089
MP|PP755590.1|A/cattle/Texas/24-008749-003/2024(H5N1)	68	2095
MP|PP755590.1|A/cattle/Texas/24-008749-003/2024(H5N1)	69	2096
MP|PP755590.1|A/cattle/Texas/24-008749-003/2024(H5N1)	70	2107
MP|PP755590.1|A/cattle/Texas/24-008749-003/2024(H5N1)	71	2108
MP|PP755590.1|A/cattle/Texas/24-008749-003/2024(H5N1)	72	2110
MP|PP755590.1|A/cattle/Texas/24-008749-003/2024(H5N1)	73	2113
MP|PP755590.1|A/cattle/Texas/24-008749-003/2024(H5N1)	74	2145
MP|PP755590.1|A/cattle/Texas/24-008749-003/2024(H5N1)	75	2145
MP|PP755590.1|A/cattle/Texas/24-008749-003/2024(H5N1)	76	2160
MP|PP755590.1|A/cattle/Texas/24-008749-003/2024(H5N1)	77	2158
MP|PP755590.1|A/cattle/Texas/24-008749-003/2024(H5N1)	78	2164
MP|PP755590.1|A/cattle/Texas/24-008749-003/2024(H5N1)	79	2170
MP|PP755590.1|A/cattle/Texas/24-008749-003/2024(H5N1)	80	2267
MP|PP755590.1|A/cattle/Texas/24-008749-003/2024(H5N1)	81	2288
MP|PP755590.1|A/cattle/Texas/24-008749-003/2024(H5N1)	82	2308
MP|PP755590.1|A/cattle/Texas/24-008749-003/2024(H5N1)	83	2309
MP|PP755590.1|A/cattle/Texas/24-008749-003/2024(H5N1)	84	2307
MP|PP755590.1|A/cattle/Texas/24-008749-003/2024(H5N1)	85	2323
MP|PP755590.1|A/cattle/Texas/24-008749-003/2024(H5N1)	86	2326
MP|PP755590.1|A/cattle/Texas/24-008749-003/2024(H5N1)	87	2330
MP|PP755590.1|A/cattle/Texas/24-008749-003/2024(H5N1)	88	2334
MP|PP755590.1|A/cattle/Texas/24-008749-003/2024(H5N1)	89	2330
MP|PP755590.1|A/cattle/Texas/24-008749-003/2024(H5N1)	90	2366
MP|PP755590.1|A/cattle/Texas/24-008749-003/2024(H5N1)	91	2391
MP|PP755590.1|A/cattle/Texas/24-008749-003/2024(H5N1)	92	2410
MP|PP755590.1|A/cattle/Texas/24-008749-003/2024(H5N1)	93	2418
MP|PP755590.1|A/cattle/Texas/24-008749-003/2024(H5N1)	94	2420
MP|PP755590.1|A/cattle/Texas/24-008749-003/2024(H5N1)	95	2432
MP|PP755590.1|A/cattle/Texas/24-008749-003/2024(H5N1)	96	2434
MP|PP755590.1|A/cattle/Texas/24-008749-003/2024(H5N1)	97	2436
MP|PP755590.1|A/cattle/Texas/24-008749-003/2024(H5N1)	98	2436
MP|PP755590.1|A/cattle/Texas/24-008749-003/2024(H5N1)	99	2436
MP|PP755590.1|A/cattle/Texas/24-008749-003/2024(H5N1)	100	2454
MP|PP755590.1|A/cattle/Texas/24-008749-003/2024(H5N1)	101	2463
MP|PP755590.1|A/cattle/Texas/24-008749-003/2024(H5N1)	102	2527
MP|PP755590.1|A/cattle/Texas/24-008749-003/2024(H5N1)	103	2527
MP|PP755590.1|A/cattle/Texas/24-008749-003/2024(H5N1)	104	2516
MP|PP755590.1|A/cattle/Texas/24-008749-003/2024(H5N1)	105	2531
MP|PP755590.1|A/cattle/Texas/24-008749-003/2024(H5N1)	106	2536
MP|PP755590.1|A/cattle/Texas/24-008749-003/2024(H5N1)	107	2547
MP|PP755590.1|A/cattle/Texas/24-008749-003/2024(H5N1)	108	2557
MP|PP755590.1|A/cattle/Texas/24-008749-003/2024(H5N1)	109	2586
MP|PP755590.1|A/cattle/Texas/24-008749-003/2024(H5N1)	110	2588
MP|PP755590.1|A/cattle/Texas/24-008749-003/2024(H5N1)	111	2576
MP|PP755590.1|A/cattle/Texas/24-008749-003/2024(H5N1)	112	2581
MP|PP755590.1|A/cattle/Texas/24-008749-003/2024(H5N1)	113	2650
MP|PP755590.1|A/cattle/Texas/24-008749-003/2024(H5N1)	114	2652
MP|PP755590.1|A/cattle/Texas/24-008749-003/2024(H5N1)	115	2665
MP|PP755590.1|A/cattle/Texas/24-008749-003/2024(H5N1)	116	2664
MP|PP755590.1|A/cattle/Texas/24-008749-003/2024(H5N1)	117	2666
MP|PP755590.1|A/cattle/Texas/24-008749-003/2024(H5N1)	118	2667
MP|PP755590.1|A/cattle/Texas/24-008749-003/2024(H5N1)	119	2668
MP|PP755590.1|A/cattle/Texas/24-008749-003/2024(H5N1)	120	2673
MP|PP755590.1|A/cattle/Texas/24-008749-003/2024(H5N1)	121	2691
MP|PP755590.1|A/cattle/Texas/24-008749-003/2024(H5N1)	122	2697
MP|PP755590.1|A/cattle/Texas/24-008749-003/2024(H5N1)	123	2696
MP|PP755590.1|A/cattle/Texas/24-008749-003/2024(H5N1)	124	2829
MP|PP755590.1|A/cattle/Texas/24-008749-003/2024(H5N1)	125	2833
MP|PP755590.1|A/cattle/Texas/24-008749-003/2024(H5N1)	126	2927
MP|PP755590.1|A/cattle/Texas/24-008749-003/2024(H5N1)	127	2930
MP|PP755590.1|A/cattle/Texas/24-008749-003/2024(H5N1)	128	2953
MP|PP755590.1|A/cattle/Texas/24-008749-003/2024(H5N1)	129	2952
MP|PP755590.1|A/cattle/Texas/24-008749-003/2024(H5N1)	130	2958
MP|PP755590.1|A/cattle/Texas/24-008749-003/2024(H5N1)	131	2988
MP|PP755590.1|A/cattle/Texas/24-008749-003/2024(H5N1)	132	2993
MP|PP755590.1|A/cattle/Texas/24-008749-003/2024(H5N1)	133	2969
MP|PP755590.1|A/cattle/Texas/24-008749-003/2024(H5N1)	134	3031
MP|PP755590.1|A/cattle/Texas/24-008749-003/2024(H5N1)	135	3076
MP|PP755590.1|A/cattle/Texas/24-008749-003/2024(H5N1)	136	3107
MP|PP755590.1|A/cattle/Texas/24-008749-003/2024(H5N1)	137	3108
MP|PP755590.1|A/cattle/Texas/24-008749-003/2024(H5N1)	138	3115
MP|PP755590.1|A/cattle/Texas/24-008749-003/2024(H5N1)	139	3108
MP|PP755590.1|A/cattle/Texas/24-008749-003/2024(H5N1)	140	3148
MP|PP755590.1|A/cattle/Texas/24-008749-003/2024(H5N1)	141	3170
MP|PP755590.1|A/cattle/Texas/24-008749-003/2024(H5N1)	142	3169
MP|PP755590.1|A/cattle/Texas/24-008749-003/2024(H5N1)	143	3166
MP|PP755590.1|A/cattle/Texas/24-008749-003/2024(H5N1)	144	3150
MP|PP755590.1|A/cattle/Texas/24-008749-003/2024(H5N1)	145	3174
MP|PP755590.1|A/cattle/Texas/24-008749-003/2024(H5N1)	146	3204
MP|PP755590.1|A/cattle/Texas/24-008749-003/2024(H5N1)	147	3264
MP|PP755590.1|A/cattle/Texas/24-008749-003/2024(H5N1)	148	3278
MP|PP755590.1|A/cattle/Texas/24-008749-003/2024(H5N1)	149	3341
MP|PP755590.1|A/cattle/Texas/24-008749-003/2024(H5N1)	150	3341
MP|PP755590.1|A/cattle/Texas/24-008749-003/2024(H5N1)	151	3379
MP|PP755590.1|A/cattle/Texas/24-008749-003/2024(H5N1)	152	3380
MP|PP755590.1|A/cattle/Texas/24-008749-003/2024(H5N1)	153	3401
MP|PP755590.1|A/cattle/Texas/24-008749-003/2024(H5N1)	154	3415
MP|PP755590.1|A/cattle/Texas/24-008749-003/2024(H5N1)	155	3418
MP|PP755590.1|A/cattle/Texas/24-008749-003/2024(H5N1)	156	4061
MP|PP755590.1|A/cattle/Texas/24-008749-003/2024(H5N1)	157	4059
MP|PP755590.1|A/cattle/Texas/24-008749-003/2024(H5N1)	158	4077
MP|PP755590.1|A/cattle/Texas/24-008749-003/2024(H5N1)	159	4099
MP|PP755590.1|A/cattle/Texas/24-008749-003/2024(H5N1)	160	4156
MP|PP755590.1|A/cattle/Texas/24-008749-003/2024(H5N1)	161	4153
MP|PP755590.1|A/cattle/Texas/24-008749-003/2024(H5N1)	162	4184
MP|PP755590.1|A/cattle/Texas/24-008749-003/2024(H5N1)	163	4193
MP|PP755590.1|A/cattle/Texas/24-008749-003/2024(H5N1)	164	4126
MP|PP755590.1|A/cattle/Texas/24-008749-003/2024(H5N1)	165	4208
MP|PP755590.1|A/cattle/Texas/24-008749-003/2024(H5N1)	166	4215
MP|PP755590.1|A/cattle/Texas/24-008749-003/2024(H5N1)	167	4214
MP|PP755590.1|A/cattle/Texas/24-008749-003/2024(H5N1)	168	4212
MP|PP755590.1|A/cattle/Texas/24-008749-003/2024(H5N1)	169	4199
MP|PP755590.1|A/cattle/Texas/24-008749-003/2024(H5N1)	170	4197
MP|PP755590.1|A/cattle/Texas/24-008749-003/2024(H5N1)	171	4203
MP|PP755590.1|A/cattle/Texas/24-008749-003/2024(H5N1)	172	4205
MP|PP755590.1|A/cattle/Texas/24-008749-003/2024(H5N1)	173	4213
MP|PP755590.1|A/cattle/Texas/24-008749-003/2024(H5N1)	174	4223
MP|PP755590.1|A/cattle/Texas/24-008749-003/2024(H5N1)	175	4242
MP|PP755590.1|A/cattle/Texas/24-008749-003/2024(H5N1)	176	4241
MP|PP755590.1|A/cattle/Texas/24-008749-003/2024(H5N1)	177	4244
MP|PP755590.1|A/cattle/Texas/24-008749-003/2024(H5N1)	178	4243
MP|PP755590.1|A/cattle/Texas/24-008749-003/2024(H5N1)	179	4249
MP|PP755590.1|A/cattle/Texas/24-008749-003/2024(H5N1)	180	4264
MP|PP755590.1|A/cattle/Texas/24-008749-003/2024(H5N1)	181	4273
MP|PP755590.1|A/cattle/Texas/24-008749-003/2024(H5N1)	182	4284
MP|PP755590.1|A/cattle/Texas/24-008749-003/2024(H5N1)	183	4285
MP|PP755590.1|A/cattle/Texas/24-008749-003/2024(H5N1)	184	4288
MP|PP755590.1|A/cattle/Texas/24-008749-003/2024(H5N1)	185	4299
MP|PP755590.1|A/cattle/Texas/24-008749-003/2024(H5N1)	186	4292
MP|PP755590.1|A/cattle/Texas/24-008749-003/2024(H5N1)	187	4325
MP|PP755590.1|A/cattle/Texas/24-008749-003/2024(H5N1)	188	4326
MP|PP755590.1|A/cattle/Texas/24-008749-003/2024(H5N1)	189	4332
MP|PP755590.1|A/cattle/Texas/24-008749-003/2024(H5N1)	190	4324
MP|PP755590.1|A/cattle/Texas/24-008749-003/2024(H5N1)	191	4390
MP|PP755590.1|A/cattle/Texas/24-008749-003/2024(H5N1)	192	4414
MP|PP755590.1|A/cattle/Texas/24-008749-003/2024(H5N1)	193	4415
MP|PP755590.1|A/cattle/Texas/24-008749-003/2024(H5N1)	194	4573
MP|PP755590.1|A/cattle/Texas/24-008749-003/2024(H5N1)	195	4572
MP|PP755590.1|A/cattle/Texas/24-008749-003/2024(H5N1)	196	4573
MP|PP755590.1|A/cattle/Texas/24-008749-003/2024(H5N1)	197	4863
MP|PP755590.1|A/cattle/Texas/24-008749-003/2024(H5N1)	198	4925
MP|PP755590.1|A/cattle/Texas/24-008749-003/2024(H5N1)	199	4938
MP|PP755590.1|A/cattle/Texas/24-008749-003/2024(H5N1)	200	5315
MP|PP755590.1|A/cattle/Texas/24-008749-003/2024(H5N1)	201	5286
MP|PP755590.1|A/cattle/Texas/24-008749-003/2024(H5N1)	202	5293
MP|PP755590.1|A/cattle/Texas/24-008749-003/2024(H5N1)	203	5321
MP|PP755590.1|A/cattle/Texas/24-008749-003/2024(H5N1)	204	5307
MP|PP755590.1|A/cattle/Texas/24-008749-003/2024(H5N1)	205	5319
MP|PP755590.1|A/cattle/Texas/24-008749-003/2024(H5N1)	206	5321
MP|PP755590.1|A/cattle/Texas/24-008749-003/2024(H5N1)	207	5330
MP|PP755590.1|A/cattle/Texas/24-008749-003/2024(H5N1)	208	5319
MP|PP755590.1|A/cattle/Texas/24-008749-003/2024(H5N1)	209	5439
MP|PP755590.1|A/cattle/Texas/24-008749-003/2024(H5N1)	210	5411
MP|PP755590.1|A/cattle/Texas/24-008749-003/2024(H5N1)	211	5423
MP|PP755590.1|A/cattle/Texas/24-008749-003/2024(H5N1)	212	5424
MP|PP755590.1|A/cattle/Texas/24-008749-003/2024(H5N1)	213	5455
MP|PP755590.1|A/cattle/Texas/24-008749-003/2024(H5N1)	214	5471
MP|PP755590.1|A/cattle/Texas/24-008749-003/2024(H5N1)	215	5484
MP|PP755590.1|A/cattle/Texas/24-008749-003/2024(H5N1)	216	5470
MP|PP755590.1|A/cattle/Texas/24-008749-003/2024(H5N1)	217	5499
MP|PP755590.1|A/cattle/Texas/24-008749-003/2024(H5N1)	218	5528
MP|PP755590.1|A/cattle/Texas/24-008749-003/2024(H5N1)	219	5518
MP|PP755590.1|A/cattle/Texas/24-008749-003/2024(H5N1)	220	5536
MP|PP755590.1|A/cattle/Texas/24-008749-003/2024(H5N1)	221	5511
MP|PP755590.1|A/cattle/Texas/24-008749-003/2024(H5N1)	222	5518
MP|PP755590.1|A/cattle/Texas/24-008749-003/2024(H5N1)	223	5524
MP|PP755590.1|A/cattle/Texas/24-008749-003/2024(H5N1)	224	5515
MP|PP755590.1|A/cattle/Texas/24-008749-003/2024(H5N1)	225	5533
MP|PP755590.1|A/cattle/Texas/24-008749-003/2024(H5N1)	226	5314
MP|PP755590.1|A/cattle/Texas/24-008749-003/2024(H5N1)	227	5329
MP|PP755590.1|A/cattle/Texas/24-008749-003/2024(H5N1)	228	5221
MP|PP755590.1|A/cattle/Texas/24-008749-003/2024(H5N1)	229	5187
MP|PP755590.1|A/cattle/Texas/24-008749-003/2024(H5N1)	230	5190
MP|PP755590.1|A/cattle/Texas/24-008749-003/2024(H5N1)	231	5172
MP|PP755590.1|A/cattle/Texas/24-008749-003/2024(H5N1)	232	5185
MP|PP755590.1|A/cattle/Texas/24-008749-003/2024(H5N1)	233	5194
MP|PP755590.1|A/cattle/Texas/24-008749-003/2024(H5N1)	234	5161
MP|PP755590.1|A/cattle/Texas/24-008749-003/2024(H5N1)	235	5137
MP|PP755590.1|A/cattle/Texas/24-008749-003/2024(H5N1)	236	5126
MP|PP755590.1|A/cattle/Texas/24-008749-003/2024(H5N1)	237	5079
MP|PP755590.1|A/cattle/Texas/24-008749-003/2024(H5N1)	238	5145
MP|PP755590.1|A/cattle/Texas/24-008749-003/2024(H5N1)	239	5154
MP|PP755590.1|A/cattle/Texas/24-008749-003/2024(H5N1)	240	5148
MP|PP755590.1|A/cattle/Texas/24-008749-003/2024(H5N1)	241	5140
MP|PP755590.1|A/cattle/Texas/24-008749-003/2024(H5N1)	242	5135
MP|PP755590.1|A/cattle/Texas/24-008749-003/2024(H5N1)	243	5128
MP|PP755590.1|A/cattle/Texas/24-008749-003/2024(H5N1)	244	5117
MP|PP755590.1|A/cattle/Texas/24-008749-003/2024(H5N1)	245	5078
MP|PP755590.1|A/cattle/Texas/24-008749-003/2024(H5N1)	246	5178
MP|PP755590.1|A/cattle/Texas/24-008749-003/2024(H5N1)	247	5159
MP|PP755590.1|A/cattle/Texas/24-008749-003/2024(H5N1)	248	5150
MP|PP755590.1|A/cattle/Texas/24-008749-003/2024(H5N1)	249	5153
MP|PP755590.1|A/cattle/Texas/24-008749-003/2024(H5N1)	250	5165
MP|PP755590.1|A/cattle/Texas/24-008749-003/2024(H5N1)	251	5171
MP|PP755590.1|A/cattle/Texas/24-008749-003/2024(H5N1)	252	5212
MP|PP755590.1|A/cattle/Texas/24-008749-003/2024(H5N1)	253	5210
MP|PP755590.1|A/cattle/Texas/24-008749-003/2024(H5N1)	254	5225
MP|PP755590.1|A/cattle/Texas/24-008749-003/2024(H5N1)	255	5245
MP|PP755590.1|A/cattle/Texas/24-008749-003/2024(H5N1)	256	5165
MP|PP755590.1|A/cattle/Texas/24-008749-003/2024(H5N1)	257	5133
MP|PP755590.1|A/cattle/Texas/24-008749-003/2024(H5N1)	258	5090
MP|PP755590.1|A/cattle/Texas/24-008749-003/2024(H5N1)	259	5062
MP|PP755590.1|A/cattle/Texas/24-008749-003/2024(H5N1)	260	5067
MP|PP755590.1|A/cattle/Texas/24-008749-003/2024(H5N1)	261	5060
MP|PP755590.1|A/cattle/Texas/24-008749-003/2024(H5N1)	262	5060
MP|PP755590.1|A/cattle/Texas/24-008749-003/2024(H5N1)	263	5207
MP|PP755590.1|A/cattle/Texas/24-008749-003/2024(H5N1)	264	5091
MP|PP755590.1|A/cattle/Texas/24-008749-003/2024(H5N1)	265	5106
MP|PP755590.1|A/cattle/Texas/24-008749-003/2024(H5N1)	266	5093
MP|PP755590.1|A/cattle/Texas/24-008749-003/2024(H5N1)	267	5292
MP|PP755590.1|A/cattle/Texas/24-008749-003/2024(H5N1)	268	5296
MP|PP755590.1|A/cattle/Texas/24-008749-003/2024(H5N1)	269	5274
MP|PP755590.1|A/cattle/Texas/24-008749-003/2024(H5N1)	270	5287
MP|PP755590.1|A/cattle/Texas/24-008749-003/2024(H5N1)	271	5294
MP|PP755590.1|A/cattle/Texas/24-008749-003/2024(H5N1)	272	5297
MP|PP755590.1|A/cattle/Texas/24-008749-003/2024(H5N1)	273	5412
MP|PP755590.1|A/cattle/Texas/24-008749-003/2024(H5N1)	274	5441
MP|PP755590.1|A/cattle/Texas/24-008749-003/2024(H5N1)	275	5456
MP|PP755590.1|A/cattle/Texas/24-008749-003/2024(H5N1)	276	5405
MP|PP755590.1|A/cattle/Texas/24-008749-003/2024(H5N1)	277	5109
MP|PP755590.1|A/cattle/Texas/24-008749-003/2024(H5N1)	278	5101
MP|PP755590.1|A/cattle/Texas/24-008749-003/2024(H5N1)	279	5117
MP|PP755590.1|A/cattle/Texas/24-008749-003/2024(H5N1)	280	5118
MP|PP755590.1|A/cattle/Texas/24-008749-003/2024(H5N1)	281	5107
MP|PP755590.1|A/cattle/Texas/24-008749-003/2024(H5N1)	282	5096
MP|PP755590.1|A/cattle/Texas/24-008749-003/2024(H5N1)	283	4977
MP|PP755590.1|A/cattle/Texas/24-008749-003/2024(H5N1)	284	4998
MP|PP755590.1|A/cattle/Texas/24-008749-003/2024(H5N1)	285	4932
MP|PP755590.1|A/cattle/Texas/24-008749-003/2024(H5N1)	286	4950
MP|PP755590.1|A/cattle/Texas/24-008749-003/2024(H5N1)	287	4940
MP|PP755590.1|A/cattle/Texas/24-008749-003/2024(H5N1)	288	4900
MP|PP755590.1|A/cattle/Texas/24-008749-003/2024(H5N1)	289	4915
MP|PP755590.1|A/cattle/Texas/24-008749-003/2024(H5N1)	290	4942
MP|PP755590.1|A/cattle/Texas/24-008749-003/2024(H5N1)	291	5706
MP|PP755590.1|A/cattle/Texas/24-008749-003/2024(H5N1)	292	5786
MP|PP755590.1|A/cattle/Texas/24-008749-003/2024(H5N1)	293	5742
MP|PP755590.1|A/cattle/Texas/24-008749-003/2024(H5N1)	294	5768
MP|PP755590.1|A/cattle/Texas/24-008749-003/2024(H5N1)	295	5772
MP|PP755590.1|A/cattle/Texas/24-008749-003/2024(H5N1)	296	5808
MP|PP755590.1|A/cattle/Texas/24-008749-003/2024(H5N1)	297	5855
MP|PP755590.1|A/cattle/Texas/24-008749-003/2024(H5N1)	298	5820
MP|PP755590.1|A/cattle/Texas/24-008749-003/2024(H5N1)	299	5823
MP|PP755590.1|A/cattle/Texas/24-008749-003/2024(H5N1)	300	5824
MP|PP755590.1|A/cattle/Texas/24-008749-003/2024(H5N1)	301	5800
MP|PP755590.1|A/cattle/Texas/24-008749-003/2024(H5N1)	302	5852
MP|PP755590.1|A/cattle/Texas/24-008749-003/2024(H5N1)	303	5861
MP|PP755590.1|A/cattle/Texas/24-008749-003/2024(H5N1)	304	5934
MP|PP755590.1|A/cattle/Texas/24-008749-003/2024(H5N1)	305	5941
MP|PP755590.1|A/cattle/Texas/24-008749-003/2024(H5N1)	306	5994
MP|PP755590.1|A/cattle/Texas/24-008749-003/2024(H5N1)	307	6005
MP|PP755590.1|A/cattle/Texas/24-008749-003/2024(H5N1)	308	5985
MP|PP755590.1|A/cattle/Texas/24-008749-003/2024(H5N1)	309	5975
MP|PP755590.1|A/cattle/Texas/24-008749-003/2024(H5N1)	310	5979
MP|PP755590.1|A/cattle/Texas/24-008749-003/2024(H5N1)	311	5968
MP|PP755590.1|A/cattle/Texas/24-008749-003/2024(H5N1)	312	5969
MP|PP755590.1|A/cattle/Texas/24-008749-003/2024(H5N1)	313	5913
MP|PP755590.1|A/cattle/Texas/24-008749-003/2024(H5N1)	314	5928
MP|PP755590.1|A/cattle/Texas/24-008749-003/2024(H5N1)	315	5890
MP|PP755590.1|A/cattle/Texas/24-008749-003/2024(H5N1)	316	5902
MP|PP755590.1|A/cattle/Texas/24-008749-003/2024(H5N1)	317	5930
MP|PP755590.1|A/cattle/Texas/24-008749-003/2024(H5N1)	318	5972
MP|PP755590.1|A/cattle/Texas/24-008749-003/2024(H5N1)	319	6012
MP|PP755590.1|A/cattle/Texas/24-008749-003/2024(H5N1)	320	6023
MP|PP755590.1|A/cattle/Texas/24-008749-003/2024(H5N1)	321	6023
MP|PP755590.1|A/cattle/Texas/24-008749-003/2024(H5N1)	322	6060
MP|PP755590.1|A/cattle/Texas/24-008749-003/2024(H5N1)	323	6175
MP|PP755590.1|A/cattle/Texas/24-008749-003/2024(H5N1)	324	6150
MP|PP755590.1|A/cattle/Texas/24-008749-003/2024(H5N1)	325	6150
MP|PP755590.1|A/cattle/Texas/24-008749-003/2024(H5N1)	326	6108
MP|PP755590.1|A/cattle/Texas/24-008749-003/2024(H5N1)	327	6134
MP|PP755590.1|A/cattle/Texas/24-008749-003/2024(H5N1)	328	6099
MP|PP755590.1|A/cattle/Texas/24-008749-003/2024(H5N1)	329	6110
MP|PP755590.1|A/cattle/Texas/24-008749-003/2024(H5N1)	330	6112
MP|PP755590.1|A/cattle/Texas/24-008749-003/2024(H5N1)	331	6027
MP|PP755590.1|A/cattle/Texas/24-008749-003/2024(H5N1)	332	6077
MP|PP755590.1|A/cattle/Texas/24-008749-003/2024(H5N1)	333	6090
MP|PP755590.1|A/cattle/Texas/24-008749-003/2024(H5N1)	334	6129
MP|PP755590.1|A/cattle/Texas/24-008749-003/2024(H5N1)	335	6127
MP|PP755590.1|A/cattle/Texas/24-008749-003/2024(H5N1)	336	6118
MP|PP755590.1|A/cattle/Texas/24-008749-003/2024(H5N1)	337	6128
MP|PP755590.1|A/cattle/Texas/24-008749-003/2024(H5N1)	338	6130
MP|PP755590.1|A/cattle/Texas/24-008749-003/2024(H5N1)	339	6128
MP|PP755590.1|A/cattle/Texas/24-008749-003/2024(H5N1)	340	6135
MP|PP755590.1|A/cattle/Texas/24-008749-003/2024(H5N1)	341	6111
MP|PP755590.1|A/cattle/Texas/24-008749-003/2024(H5N1)	342	6064
MP|PP755590.1|A/cattle/Texas/24-008749-003/2024(H5N1)	343	6068
MP|PP755590.1|A/cattle/Texas/24-008749-003/2024(H5N1)	344	6063
MP|PP755590.1|A/cattle/Texas/24-008749-003/2024(H5N1)	345	6052
MP|PP755590.1|A/cattle/Texas/24-008749-003/2024(H5N1)	346	6050
MP|PP755590.1|A/cattle/Texas/24-008749-003/2024(H5N1)	347	6054
MP|PP755590.1|A/cattle/Texas/24-008749-003/2024(H5N1)	348	6082
MP|PP755590.1|A/cattle/Texas/24-008749-003/2024(H5N1)	349	6071
MP|PP755590.1|A/cattle/Texas/24-008749-003/2024(H5N1)	350	6048
MP|PP755590.1|A/cattle/Texas/24-008749-003/2024(H5N1)	351	6173
MP|PP755590.1|A/cattle/Texas/24-008749-003/2024(H5N1)	352	6096
MP|PP755590.1|A/cattle/Texas/24-008749-003/2024(H5N1)	353	6141
MP|PP755590.1|A/cattle/Texas/24-008749-003/2024(H5N1)	354	6169
MP|PP755590.1|A/cattle/Texas/24-008749-003/2024(H5N1)	355	6221
MP|PP755590.1|A/cattle/Texas/24-008749-003/2024(H5N1)	356	6242
MP|PP755590.1|A/cattle/Texas/24-008749-003/2024(H5N1)	357	6242
MP|PP755590.1|A/cattle/Texas/24-008749-003/2024(H5N1)	358	6231
MP|PP755590.1|A/cattle/Texas/24-008749-003/2024(H5N1)	359	6239
MP|PP755590.1|A/cattle/Texas/24-008749-003/2024(H5N1)	360	6190
MP|PP755590.1|A/cattle/Texas/24-008749-003/2024(H5N1)	361	6205
MP|PP755590.1|A/cattle/Texas/24-008749-003/2024(H5N1)	362	6235
MP|PP755590.1|A/cattle/Texas/24-008749-003/2024(H5N1)	363	6188
MP|PP755590.1|A/cattle/Texas/24-008749-003/2024(H5N1)	364	6158
MP|PP755590.1|A/cattle/Texas/24-008749-003/2024(H5N1)	365	6172
MP|PP755590.1|A/cattle/Texas/24-008749-003/2024(H5N1)	366	6170
MP|PP755590.1|A/cattle/Texas/24-008749-003/2024(H5N1)	367	6163
MP|PP755590.1|A/cattle/Texas/24-008749-003/2024(H5N1)	368	6159
MP|PP755590.1|A/cattle/Texas/24-008749-003/2024(H5N1)	369	6021
MP|PP755590.1|A/cattle/Texas/24-008749-003/2024(H5N1)	370	6041
MP|PP755590.1|A/cattle/Texas/24-008749-003/2024(H5N1)	371	6004
MP|PP755590.1|A/cattle/Texas/24-008749-003/2024(H5N1)	372	6054
MP|PP755590.1|A/cattle/Texas/24-008749-003/2024(H5N1)	373	6043
MP|PP755590.1|A/cattle/Texas/24-008749-003/2024(H5N1)	374	5971
MP|PP755590.1|A/cattle/Texas/24-008749-003/2024(H5N1)	375	5983
MP|PP755590.1|A/cattle/Texas/24-008749-003/2024(H5N1)	376	5982
MP|PP755590.1|A/cattle/Texas/24-008749-003/2024(H5N1)	377	6238
MP|PP755590.1|A/cattle/Texas/24-008749-003/2024(H5N1)	378	6392
MP|PP755590.1|A/cattle/Texas/24-008749-003/2024(H5N1)	379	6321
MP|PP755590.1|A/cattle/Texas/24-008749-003/2024(H5N1)	380	6355
MP|PP755590.1|A/cattle/Texas/24-008749-003/2024(H5N1)	381	6332
MP|PP755590.1|A/cattle/Texas/24-008749-003/2024(H5N1)	382	6347
MP|PP755590.1|A/cattle/Texas/24-008749-003/2024(H5N1)	383	6354
MP|PP755590.1|A/cattle/Texas/24-008749-003/2024(H5N1)	384	6339
MP|PP755590.1|A/cattle/Texas/24-008749-003/2024(H5N1)	385	6340
MP|PP755590.1|A/cattle/Texas/24-008749-003/2024(H5N1)	386	6296
MP|PP755590.1|A/cattle/Texas/24-008749-003/2024(H5N1)	387	6255
MP|PP755590.1|A/cattle/Texas/24-008749-003/2024(H5N1)	388	6377
MP|PP755590.1|A/cattle/Texas/24-008749-003/2024(H5N1)	389	6351
MP|PP755590.1|A/cattle/Texas/24-008749-003/2024(H5N1)	390	6440
MP|PP755590.1|A/cattle/Texas/24-008749-003/2024(H5N1)	391	6309
MP|PP755590.1|A/cattle/Texas/24-008749-003/2024(H5N1)	392	6294
MP|PP755590.1|A/cattle/Texas/24-008749-003/2024(H5N1)	393	6356
MP|PP755590.1|A/cattle/Texas/24-008749-003/2024(H5N1)	394	6317
MP|PP755590.1|A/cattle/Texas/24-008749-003/2024(H5N1)	395	6276
MP|PP755590.1|A/cattle/Texas/24-008749-003/2024(H5N1)	396	6339
MP|PP755590.1|A/cattle/Texas/24-008749-003/2024(H5N1)	397	6225
MP|PP755590.1|A/cattle/Texas/24-008749-003/2024(H5N1)	398	6278
MP|PP755590.1|A/cattle/Texas/24-008749-003/2024(H5N1)	399	6275
MP|PP755590.1|A/cattle/Texas/24-008749-003/2024(H5N1)	400	6103
MP|PP755590.1|A/cattle/Texas/24-008749-003/2024(H5N1)	401	6172
MP|PP755590.1|A/cattle/Texas/24-008749-003/2024(H5N1)	402	6180
MP|PP755590.1|A/cattle/Texas/24-008749-003/2024(H5N1)	403	6203
MP|PP755590.1|A/cattle/Texas/24-008749-003/2024(H5N1)	404	6141
MP|PP755590.1|A/cattle/Texas/24-008749-003/2024(H5N1)	405	6085
MP|PP755590.1|A/cattle/Texas/24-008749-003/2024(H5N1)	406	6074
MP|PP755590.1|A/cattle/Texas/24-008749-003/2024(H5N1)	407	5872
MP|PP755590.1|A/cattle/Texas/24-008749-003/2024(H5N1)	408	5886
MP|PP755590.1|A/cattle/Texas/24-008749-003/2024(H5N1)	409	6222
MP|PP755590.1|A/cattle/Texas/24-008749-003/2024(H5N1)	410	6156
MP|PP755590.1|A/cattle/Texas/24-008749-003/2024(H5N1)	411	6135
MP|PP755590.1|A/cattle/Texas/24-008749-003/2024(H5N1)	412	6159
MP|PP755590.1|A/cattle/Texas/24-008749-003/2024(H5N1)	413	6260
MP|PP755590.1|A/cattle/Texas/24-008749-003/2024(H5N1)	414	6277
MP|PP755590.1|A/cattle/Texas/24-008749-003/2024(H5N1)	415	6283
MP|PP755590.1|A/cattle/Texas/24-008749-003/2024(H5N1)	416	6236
MP|PP755590.1|A/cattle/Texas/24-008749-003/2024(H5N1)	417	6248
MP|PP755590.1|A/cattle/Texas/24-008749-003/2024(H5N1)	418	6247
MP|PP755590.1|A/cattle/Texas/24-008749-003/2024(H5N1)	419	6252
MP|PP755590.1|A/cattle/Texas/24-008749-003/2024(H5N1)	420	6248
MP|PP755590.1|A/cattle/Texas/24-008749-003/2024(H5N1)	421	6254
MP|PP755590.1|A/cattle/Texas/24-008749-003/2024(H5N1)	422	6274
MP|PP755590.1|A/cattle/Texas/24-008749-003/2024(H5N1)	423	6262
MP|PP755590.1|A/cattle/Texas/24-008749-003/2024(H5N1)	424	6276
MP|PP755590.1|A/cattle/Texas/24-008749-003/2024(H5N1)	425	6280
MP|PP755590.1|A/cattle/Texas/24-008749-003/2024(H5N1)	426	6283
MP|PP755590.1|A/cattle/Texas/24-008749-003/2024(H5N1)	427	6330
MP|PP755590.1|A/cattle/Texas/24-008749-003/2024(H5N1)	428	6345
MP|PP755590.1|A/cattle/Texas/24-008749-003/2024(H5N1)	429	6346
MP|PP755590.1|A/cattle/Texas/24-008749-003/2024(H5N1)	430	6383
MP|PP755590.1|A/cattle/Texas/24-008749-003/2024(H5N1)	431	6372
MP|PP755590.1|A/cattle/Texas/24-008749-003/2024(H5N1)	432	6419
MP|PP755590.1|A/cattle/Texas/24-008749-003/2024(H5N1)	433	6513
MP|PP755590.1|A/cattle/Texas/24-008749-003/2024(H5N1)	434	6524
MP|PP755590.1|A/cattle/Texas/24-008749-003/2024(H5N1)	435	6533
MP|PP755590.1|A/cattle/Texas/24-008749-003/2024(H5N1)	436	6496
MP|PP755590.1|A/cattle/Texas/24-008749-003/2024(H5N1)	437	6488
MP|PP755590.1|A/cattle/Texas/24-008749-003/2024(H5N1)	438	6524
MP|PP755590.1|A/cattle/Texas/24-008749-003/2024(H5N1)	439	6561
MP|PP755590.1|A/cattle/Texas/24-008749-003/2024(H5N1)	440	6557
MP|PP755590.1|A/cattle/Texas/24-008749-003/2024(H5N1)	441	6578
MP|PP755590.1|A/cattle/Texas/24-008749-003/2024(H5N1)	442	6465
MP|PP755590.1|A/cattle/Texas/24-008749-003/2024(H5N1)	443	6488
MP|PP755590.1|A/cattle/Texas/24-008749-003/2024(H5N1)	444	6513
MP|PP755590.1|A/cattle/Texas/24-008749-003/2024(H5N1)	445	6502
MP|PP755590.1|A/cattle/Texas/24-008749-003/2024(H5N1)	446	6508
MP|PP755590.1|A/cattle/Texas/24-008749-003/2024(H5N1)	447	6501
MP|PP755590.1|A/cattle/Texas/24-008749-003/2024(H5N1)	448	6482
MP|PP755590.1|A/cattle/Texas/24-008749-003/2024(H5N1)	449	6527
MP|PP755590.1|A/cattle/Texas/24-008749-003/2024(H5N1)	450	6366
MP|PP755590.1|A/cattle/Texas/24-008749-003/2024(H5N1)	451	6028
MP|PP755590.1|A/cattle/Texas/24-008749-003/2024(H5N1)	452	6028
MP|PP755590.1|A/cattle/Texas/24-008749-003/2024(H5N1)	453	5977
MP|PP755590.1|A/cattle/Texas/24-008749-003/2024(H5N1)	454	5990
MP|PP755590.1|A/cattle/Texas/24-008749-003/2024(H5N1)	455	5983
MP|PP755590.1|A/cattle/Texas/24-008749-003/2024(H5N1)	456	5967
MP|PP755590.1|A/cattle/Texas/24-008749-003/2024(H5N1)	457	5945
MP|PP755590.1|A/cattle/Texas/24-008749-003/2024(H5N1)	458	5922
MP|PP755590.1|A/cattle/Texas/24-008749-003/2024(H5N1)	459	5930
MP|PP755590.1|A/cattle/Texas/24-008749-003/2024(H5N1)	460	5907
MP|PP755590.1|A/cattle/Texas/24-008749-003/2024(H5N1)	461	5911
MP|PP755590.1|A/cattle/Texas/24-008749-003/2024(H5N1)	462	5910
MP|PP755590.1|A/cattle/Texas/24-008749-003/2024(H5N1)	463	5908
MP|PP755590.1|A/cattle/Texas/24-008749-003/2024(H5N1)	464	5897
MP|PP755590.1|A/cattle/Texas/24-008749-003/2024(H5N1)	465	5888
MP|PP755590.1|A/cattle/Texas/24-008749-003/2024(H5N1)	466	5917
MP|PP755590.1|A/cattle/Texas/24-008749-003/2024(H5N1)	467	5948
MP|PP755590.1|A/cattle/Texas/24-008749-003/2024(H5N1)	468	5922
MP|PP755590.1|A/cattle/Texas/24-008749-003/2024(H5N1)	469	5930
MP|PP755590.1|A/cattle/Texas/24-008749-003/2024(H5N1)	470	5914
MP|PP755590.1|A/cattle/Texas/24-008749-003/2024(H5N1)	471	5907
MP|PP755590.1|A/cattle/Texas/24-008749-003/2024(H5N1)	472	5917
MP|PP755590.1|A/cattle/Texas/24-008749-003/2024(H5N1)	473	5898
MP|PP755590.1|A/cattle/Texas/24-008749-003/2024(H5N1)	474	5951
MP|PP755590.1|A/cattle/Texas/24-008749-003/2024(H5N1)	475	5974
MP|PP755590.1|A/cattle/Texas/24-008749-003/2024(H5N1)	476	5974
MP|PP755590.1|A/cattle/Texas/24-008749-003/2024(H5N1)	477	5978
MP|PP755590.1|A/cattle/Texas/24-008749-003/2024(H5N1)	478	5966
MP|PP755590.1|A/cattle/Texas/24-008749-003/2024(H5N1)	479	5966
MP|PP755590.1|A/cattle/Texas/24-008749-003/2024(H5N1)	480	6008
MP|PP755590.1|A/cattle/Texas/24-008749-003/2024(H5N1)	481	6001
MP|PP755590.1|A/cattle/Texas/24-008749-003/2024(H5N1)	482	6038
MP|PP755590.1|A/cattle/Texas/24-008749-003/2024(H5N1)	483	6031
MP|PP755590.1|A/cattle/Texas/24-008749-003/2024(H5N1)	484	6099
MP|PP755590.1|A/cattle/Texas/24-008749-003/2024(H5N1)	485	6096
MP|PP755590.1|A/cattle/Texas/24-008749-003/2024(H5N1)	486	6422
MP|PP755590.1|A/cattle/Texas/24-008749-003/2024(H5N1)	487	6419
MP|PP755590.1|A/cattle/Texas/24-008749-003/2024(H5N1)	488	6548
MP|PP755590.1|A/cattle/Texas/24-008749-003/2024(H5N1)	489	6480
MP|PP755590.1|A/cattle/Texas/24-008749-003/2024(H5N1)	490	6502
MP|PP755590.1|A/cattle/Texas/24-008749-003/2024(H5N1)	491	6443
MP|PP755590.1|A/cattle/Texas/24-008749-003/2024(H5N1)	492	6466
MP|PP755590.1|A/cattle/Texas/24-008749-003/2024(H5N1)	493	6500
MP|PP755590.1|A/cattle/Texas/24-008749-003/2024(H5N1)	494	6512
MP|PP755590.1|A/cattle/Texas/24-008749-003/2024(H5N1)	495	6483
MP|PP755590.1|A/cattle/Texas/24-008749-003/2024(H5N1)	496	6495
MP|PP755590.1|A/cattle/Texas/24-008749-003/2024(H5N1)	497	6284
MP|PP755590.1|A/cattle/Texas/24-008749-003/2024(H5N1)	498	6287
MP|PP755590.1|A/cattle/Texas/24-008749-003/2024(H5N1)	499	6271
MP|PP755590.1|A/cattle/Texas/24-008749-003/2024(H5N1)	500	6274
MP|PP755590.1|A/cattle/Texas/24-008749-003/2024(H5N1)	501	6262
MP|PP755590.1|A/cattle/Texas/24-008749-003/2024(H5N1)	502	6235
MP|PP755590.1|A/cattle/Texas/24-008749-003/2024(H5N1)	503	6264
MP|PP755590.1|A/cattle/Texas/24-008749-003/2024(H5N1)	504	6253
MP|PP755590.1|A/cattle/Texas/24-008749-003/2024(H5N1)	505	6250
MP|PP755590.1|A/cattle/Texas/24-008749-003/2024(H5N1)	506	6272
MP|PP755590.1|A/cattle/Texas/24-008749-003/2024(H5N1)	507	6266
MP|PP755590.1|A/cattle/Texas/24-008749-003/2024(H5N1)	508	6270
MP|PP755590.1|A/cattle/Texas/24-008749-003/2024(H5N1)	509	6280
MP|PP755590.1|A/cattle/Texas/24-008749-003/2024(H5N1)	510	6303
MP|PP755590.1|A/cattle/Texas/24-008749-003/2024(H5N1)	511	6348
MP|PP755590.1|A/cattle/Texas/24-008749-003/2024(H5N1)	512	6327
MP|PP755590.1|A/cattle/Texas/24-008749-003/2024(H5N1)	513	6264
MP|PP755590.1|A/cattle/Texas/24-008749-003/2024(H5N1)	514	6277
MP|PP755590.1|A/cattle/Texas/24-008749-003/2024(H5N1)	515	6272
MP|PP755590.1|A/cattle/Texas/24-008749-003/2024(H5N1)	516	6306
MP|PP755590.1|A/cattle/Texas/24-008749-003/2024(H5N1)	517	6338
MP|PP755590.1|A/cattle/Texas/24-008749-003/2024(H5N1)	518	6223
MP|PP755590.1|A/cattle/Texas/24-008749-003/2024(H5N1)	519	6200
MP|PP755590.1|A/cattle/Texas/24-008749-003/2024(H5N1)	520	6134
MP|PP755590.1|A/cattle/Texas/24-008749-003/2024(H5N1)	521	6138
MP|PP755590.1|A/cattle/Texas/24-008749-003/2024(H5N1)	522	6164
MP|PP755590.1|A/cattle/Texas/24-008749-003/2024(H5N1)	523	6134
MP|PP755590.1|A/cattle/Texas/24-008749-003/2024(H5N1)	524	6158
MP|PP755590.1|A/cattle/Texas/24-008749-003/2024(H5N1)	525	6118
MP|PP755590.1|A/cattle/Texas/24-008749-003/2024(H5N1)	526	6095
MP|PP755590.1|A/cattle/Texas/24-008749-003/2024(H5N1)	527	6089
MP|PP755590.1|A/cattle/Texas/24-008749-003/2024(H5N1)	528	6123
MP|PP755590.1|A/cattle/Texas/24-008749-003/2024(H5N1)	529	6122
MP|PP755590.1|A/cattle/Texas/24-008749-003/2024(H5N1)	530	6112
MP|PP755590.1|A/cattle/Texas/24-008749-003/2024(H5N1)	531	6123
MP|PP755590.1|A/cattle/Texas/24-008749-003/2024(H5N1)	532	6081
MP|PP755590.1|A/cattle/Texas/24-008749-003/2024(H5N1)	533	6112
MP|PP755590.1|A/cattle/Texas/24-008749-003/2024(H5N1)	534	6110
MP|PP755590.1|A/cattle/Texas/24-008749-003/2024(H5N1)	535	6094
MP|PP755590.1|A/cattle/Texas/24-008749-003/2024(H5N1)	536	6091
MP|PP755590.1|A/cattle/Texas/24-008749-003/2024(H5N1)	537	6052
MP|PP755590.1|A/cattle/Texas/24-008749-003/2024(H5N1)	538	6165
MP|PP755590.1|A/cattle/Texas/24-008749-003/2024(H5N1)	539	6175
MP|PP755590.1|A/cattle/Texas/24-008749-003/2024(H5N1)	540	6145
MP|PP755590.1|A/cattle/Texas/24-008749-003/2024(H5N1)	541	6139
MP|PP755590.1|A/cattle/Texas/24-008749-003/2024(H5N1)	542	5895
MP|PP755590.1|A/cattle/Texas/24-008749-003/2024(H5N1)	543	5916
MP|PP755590.1|A/cattle/Texas/24-008749-003/2024(H5N1)	544	5969
MP|PP755590.1|A/cattle/Texas/24-008749-003/2024(H5N1)	545	5969
MP|PP755590.1|A/cattle/Texas/24-008749-003/2024(H5N1)	546	5976
MP|PP755590.1|A/cattle/Texas/24-008749-003/2024(H5N1)	547	5873
MP|PP755590.1|A/cattle/Texas/24-008749-003/2024(H5N1)	548	6089
MP|PP755590.1|A/cattle/Texas/24-008749-003/2024(H5N1)	549	6133
MP|PP755590.1|A/cattle/Texas/24-008749-003/2024(H5N1)	550	6143
MP|PP755590.1|A/cattle/Texas/24-008749-003/2024(H5N1)	551	6140
MP|PP755590.1|A/cattle/Texas/24-008749-003/2024(H5N1)	552	6079
MP|PP755590.1|A/cattle/Texas/24-008749-003/2024(H5N1)	553	6085
MP|PP755590.1|A/cattle/Texas/24-008749-003/2024(H5N1)	554	6089
MP|PP755590.1|A/cattle/Texas/24-008749-003/2024(H5N1)	555	6060
MP|PP755590.1|A/cattle/Texas/24-008749-003/2024(H5N1)	556	6111
MP|PP755590.1|A/cattle/Texas/24-008749-003/2024(H5N1)	557	6060
MP|PP755590.1|A/cattle/Texas/24-008749-003/2024(H5N1)	558	6025
MP|PP755590.1|A/cattle/Texas/24-008749-003/2024(H5N1)	559	5982
MP|PP755590.1|A/cattle/Texas/24-008749-003/2024(H5N1)	560	5976
MP|PP755590.1|A/cattle/Texas/24-008749-003/2024(H5N1)	561	6039
MP|PP755590.1|A/cattle/Texas/24-008749-003/2024(H5N1)	562	6122
MP|PP755590.1|A/cattle/Texas/24-008749-003/2024(H5N1)	563	6154
MP|PP755590.1|A/cattle/Texas/24-008749-003/2024(H5N1)	564	6074
MP|PP755590.1|A/cattle/Texas/24-008749-003/2024(H5N1)	565	6079
MP|PP755590.1|A/cattle/Texas/24-008749-003/2024(H5N1)	566	6092
MP|PP755590.1|A/cattle/Texas/24-008749-003/2024(H5N1)	567	6091
MP|PP755590.1|A/cattle/Texas/24-008749-003/2024(H5N1)	568	6118
MP|PP755590.1|A/cattle/Texas/24-008749-003/2024(H5N1)	569	6060
MP|PP755590.1|A/cattle/Texas/24-008749-003/2024(H5N1)	570	6056
MP|PP755590.1|A/cattle/Texas/24-008749-003/2024(H5N1)	571	6044
MP|PP755590.1|A/cattle/Texas/24-008749-003/2024(H5N1)	572	6012
MP|PP755590.1|A/cattle/Texas/24-008749-003/2024(H5N1)	573	6015
MP|PP755590.1|A/cattle/Texas/24-008749-003/2024(H5N1)	574	6010
MP|PP755590.1|A/cattle/Texas/24-008749-003/2024(H5N1)	575	6063
MP|PP755590.1|A/cattle/Texas/24-008749-003/2024(H5N1)	576	6058
MP|PP755590.1|A/cattle/Texas/24-008749-003/2024(H5N1)	577	6051
MP|PP755590.1|A/cattle/Texas/24-008749-003/2024(H5N1)	578	6026
MP|PP755590.1|A/cattle/Texas/24-008749-003/2024(H5N1)	579	6021
MP|PP755590.1|A/cattle/Texas/24-008749-003/2024(H5N1)	580	6038
MP|PP755590.1|A/cattle/Texas/24-008749-003/2024(H5N1)	581	6055
MP|PP755590.1|A/cattle/Texas/24-008749-003/2024(H5N1)	582	6113
MP|PP755590.1|A/cattle/Texas/24-008749-003/2024(H5N1)	583	6075
MP|PP755590.1|A/cattle/Texas/24-008749-003/2024(H5N1)	584	6009
MP|PP755590.1|A/cattle/Texas/24-008749-003/2024(H5N1)	585	6009
MP|PP755590.1|A/cattle/Texas/24-008749-003/2024(H5N1)	586	6021
MP|PP755590.1|A/cattle/Texas/24-008749-003/2024(H5N1)	587	6025
MP|PP755590.1|A/cattle/Texas/24-008749-003/2024(H5N1)	588	6052
MP|PP755590.1|A/cattle/Texas/24-008749-003/2024(H5N1)	589	6055
MP|PP755590.1|A/cattle/Texas/24-008749-003/2024(H5N1)	590	6040
MP|PP755590.1|A/cattle/Texas/24-008749-003/2024(H5N1)	591	6038
MP|PP755590.1|A/cattle/Texas/24-008749-003/2024(H5N1)	592	6035
MP|PP755590.1|A/cattle/Texas/24-008749-003/2024(H5N1)	593	6040
MP|PP755590.1|A/cattle/Texas/24-008749-003/2024(H5N1)	594	6029
MP|PP755590.1|A/cattle/Texas/24-008749-003/2024(H5N1)	595	6039
MP|PP755590.1|A/cattle/Texas/24-008749-003/2024(H5N1)	596	6057
MP|PP755590.1|A/cattle/Texas/24-008749-003/2024(H5N1)	597	6037
MP|PP755590.1|A/cattle/Texas/24-008749-003/2024(H5N1)	598	6090
MP|PP755590.1|A/cattle/Texas/24-008749-003/2024(H5N1)	599	6081
MP|PP755590.1|A/cattle/Texas/24-008749-003/2024(H5N1)	600	6007
MP|PP755590.1|A/cattle/Texas/24-008749-003/2024(H5N1)	601	6004
MP|PP755590.1|A/cattle/Texas/24-008749-003/2024(H5N1)	602	5930
MP|PP755590.1|A/cattle/Texas/24-008749-003/2024(H5N1)	603	5935
MP|PP755590.1|A/cattle/Texas/24-008749-003/2024(H5N1)	604	5937
MP|PP755590.1|A/cattle/Texas/24-008749-003/2024(H5N1)	605	5938
MP|PP755590.1|A/cattle/Texas/24-008749-003/2024(H5N1)	606	5805
MP|PP755590.1|A/cattle/Texas/24-008749-003/2024(H5N1)	607	5778
MP|PP755590.1|A/cattle/Texas/24-008749-003/2024(H5N1)	608	5811
MP|PP755590.1|A/cattle/Texas/24-008749-003/2024(H5N1)	609	5822
MP|PP755590.1|A/cattle/Texas/24-008749-003/2024(H5N1)	610	5870
MP|PP755590.1|A/cattle/Texas/24-008749-003/2024(H5N1)	611	5855
MP|PP755590.1|A/cattle/Texas/24-008749-003/2024(H5N1)	612	5910
MP|PP755590.1|A/cattle/Texas/24-008749-003/2024(H5N1)	613	5887
MP|PP755590.1|A/cattle/Texas/24-008749-003/2024(H5N1)	614	5885
MP|PP755590.1|A/cattle/Texas/24-008749-003/2024(H5N1)	615	5879
MP|PP755590.1|A/cattle/Texas/24-008749-003/2024(H5N1)	616	5871
MP|PP755590.1|A/cattle/Texas/24-008749-003/2024(H5N1)	617	5883
MP|PP755590.1|A/cattle/Texas/24-008749-003/2024(H5N1)	618	5895
MP|PP755590.1|A/cattle/Texas/24-008749-003/2024(H5N1)	619	5932
MP|PP755590.1|A/cattle/Texas/24-008749-003/2024(H5N1)	620	5933
MP|PP755590.1|A/cattle/Texas/24-008749-003/2024(H5N1)	621	6036
MP|PP755590.1|A/cattle/Texas/24-008749-003/2024(H5N1)	622	6017
MP|PP755590.1|A/cattle/Texas/24-008749-003/2024(H5N1)	623	5996
MP|PP755590.1|A/cattle/Texas/24-008749-003/2024(H5N1)	624	6051
MP|PP755590.1|A/cattle/Texas/24-008749-003/2024(H5N1)	625	6069
MP|PP755590.1|A/cattle/Texas/24-008749-003/2024(H5N1)	626	6000
MP|PP755590.1|A/cattle/Texas/24-008749-003/2024(H5N1)	627	5713
MP|PP755590.1|A/cattle/Texas/24-008749-003/2024(H5N1)	628	5697
MP|PP755590.1|A/cattle/Texas/24-008749-003/2024(H5N1)	629	5708
MP|PP755590.1|A/cattle/Texas/24-008749-003/2024(H5N1)	630	5709
MP|PP755590.1|A/cattle/Texas/24-008749-003/2024(H5N1)	631	5690
MP|PP755590.1|A/cattle/Texas/24-008749-003/2024(H5N1)	632	5642
MP|PP755590.1|A/cattle/Texas/24-008749-003/2024(H5N1)	633	5630
MP|PP755590.1|A/cattle/Texas/24-008749-003/2024(H5N1)	634	5675
MP|PP755590.1|A/cattle/Texas/24-008749-003/2024(H5N1)	635	5692
MP|PP755590.1|A/cattle/Texas/24-008749-003/2024(H5N1)	636	5681
MP|PP755590.1|A/cattle/Texas/24-008749-003/2024(H5N1)	637	5736
MP|PP755590.1|A/cattle/Texas/24-008749-003/2024(H5N1)	638	5722
MP|PP755590.1|A/cattle/Texas/24-008749-003/2024(H5N1)	639	5662
MP|PP755590.1|A/cattle/Texas/24-008749-003/2024(H5N1)	640	5613
MP|PP755590.1|A/cattle/Texas/24-008749-003/2024(H5N1)	641	5601
MP|PP755590.1|A/cattle/Texas/24-008749-003/2024(H5N1)	642	5556
MP|PP755590.1|A/cattle/Texas/24-008749-003/2024(H5N1)	643	5565
MP|PP755590.1|A/cattle/Texas/24-008749-003/2024(H5N1)	644	5544
MP|PP755590.1|A/cattle/Texas/24-008749-003/2024(H5N1)	645	5562
MP|PP755590.1|A/cattle/Texas/24-008749-003/2024(H5N1)	646	5601
MP|PP755590.1|A/cattle/Texas/24-008749-003/2024(H5N1)	647	5542
MP|PP755590.1|A/cattle/Texas/24-008749-003/2024(H5N1)	648	5540
MP|PP755590.1|A/cattle/Texas/24-008749-003/2024(H5N1)	649	5509
MP|PP755590.1|A/cattle/Texas/24-008749-003/2024(H5N1)	650	5515
MP|PP755590.1|A/cattle/Texas/24-008749-003/2024(H5N1)	651	5529
MP|PP755590.1|A/cattle/Texas/24-008749-003/2024(H5N1)	652	5496
MP|PP755590.1|A/cattle/Texas/24-008749-003/2024(H5N1)	653	5564
MP|PP755590.1|A/cattle/Texas/24-008749-003/2024(H5N1)	654	5572
MP|PP755590.1|A/cattle/Texas/24-008749-003/2024(H5N1)	655	5553
MP|PP755590.1|A/cattle/Texas/24-008749-003/2024(H5N1)	656	5632
MP|PP755590.1|A/cattle/Texas/24-008749-003/2024(H5N1)	657	5636
MP|PP755590.1|A/cattle/Texas/24-008749-003/2024(H5N1)	658	5636
MP|PP755590.1|A/cattle/Texas/24-008749-003/2024(H5N1)	659	5645
MP|PP755590.1|A/cattle/Texas/24-008749-003/2024(H5N1)	660	5656
MP|PP755590.1|A/cattle/Texas/24-008749-003/2024(H5N1)	661	5677
MP|PP755590.1|A/cattle/Texas/24-008749-003/2024(H5N1)	662	5645
MP|PP755590.1|A/cattle/Texas/24-008749-003/2024(H5N1)	663	5506
MP|PP755590.1|A/cattle/Texas/24-008749-003/2024(H5N1)	664	5548
MP|PP755590.1|A/cattle/Texas/24-008749-003/2024(H5N1)	665	5550
MP|PP755590.1|A/cattle/Texas/24-008749-003/2024(H5N1)	666	5728
MP|PP755590.1|A/cattle/Texas/24-008749-003/2024(H5N1)	667	5736
MP|PP755590.1|A/cattle/Texas/24-008749-003/2024(H5N1)	668	5710
MP|PP755590.1|A/cattle/Texas/24-008749-003/2024(H5N1)	669	5716
MP|PP755590.1|A/cattle/Texas/24-008749-003/2024(H5N1)	670	5716
MP|PP755590.1|A/cattle/Texas/24-008749-003/2024(H5N1)	671	5726
MP|PP755590.1|A/cattle/Texas/24-008749-003/2024(H5N1)	672	5793
MP|PP755590.1|A/cattle/Texas/24-008749-003/2024(H5N1)	673	5771
MP|PP755590.1|A/cattle/Texas/24-008749-003/2024(H5N1)	674	5753
MP|PP755590.1|A/cattle/Texas/24-008749-003/2024(H5N1)	675	5694
MP|PP755590.1|A/cattle/Texas/24-008749-003/2024(H5N1)	676	5680
MP|PP755590.1|A/cattle/Texas/24-008749-003/2024(H5N1)	677	5726
MP|PP755590.1|A/cattle/Texas/24-008749-003/2024(H5N1)	678	5731
MP|PP755590.1|A/cattle/Texas/24-008749-003/2024(H5N1)	679	5726
MP|PP755590.1|A/cattle/Texas/24-008749-003/2024(H5N1)	680	5748
MP|PP755590.1|A/cattle/Texas/24-008749-003/2024(H5N1)	681	5693
MP|PP755590.1|A/cattle/Texas/24-008749-003/2024(H5N1)	682	5707
MP|PP755590.1|A/cattle/Texas/24-008749-003/2024(H5N1)	683	5693
MP|PP755590.1|A/cattle/Texas/24-008749-003/2024(H5N1)	684	5671
MP|PP755590.1|A/cattle/Texas/24-008749-003/2024(H5N1)	685	5665
MP|PP755590.1|A/cattle/Texas/24-008749-003/2024(H5N1)	686	5691
MP|PP755590.1|A/cattle/Texas/24-008749-003/2024(H5N1)	687	5708
MP|PP755590.1|A/cattle/Texas/24-008749-003/2024(H5N1)	688	5708
MP|PP755590.1|A/cattle/Texas/24-008749-003/2024(H5N1)	689	5737
MP|PP755590.1|A/cattle/Texas/24-008749-003/2024(H5N1)	690	5726
MP|PP755590.1|A/cattle/Texas/24-008749-003/2024(H5N1)	691	5714
MP|PP755590.1|A/cattle/Texas/24-008749-003/2024(H5N1)	692	5673
MP|PP755590.1|A/cattle/Texas/24-008749-003/2024(H5N1)	693	5695
MP|PP755590.1|A/cattle/Texas/24-008749-003/2024(H5N1)	694	5667
MP|PP755590.1|A/cattle/Texas/24-008749-003/2024(H5N1)	695	6290
MP|PP755590.1|A/cattle/Texas/24-008749-003/2024(H5N1)	696	6264
MP|PP755590.1|A/cattle/Texas/24-008749-003/2024(H5N1)	697	6260
MP|PP755590.1|A/cattle/Texas/24-008749-003/2024(H5N1)	698	6237
MP|PP755590.1|A/cattle/Texas/24-008749-003/2024(H5N1)	699	6255
MP|PP755590.1|A/cattle/Texas/24-008749-003/2024(H5N1)	700	6243
MP|PP755590.1|A/cattle/Texas/24-008749-003/2024(H5N1)	701	6239
MP|PP755590.1|A/cattle/Texas/24-008749-003/2024(H5N1)	702	6244
MP|PP755590.1|A/cattle/Texas/24-008749-003/2024(H5N1)	703	6248
MP|PP755590.1|A/cattle/Texas/24-008749-003/2024(H5N1)	704	6245
MP|PP755590.1|A/cattle/Texas/24-008749-003/2024(H5N1)	705	6244
MP|PP755590.1|A/cattle/Texas/24-008749-003/2024(H5N1)	706	6248
MP|PP755590.1|A/cattle/Texas/24-008749-003/2024(H5N1)	707	6245
MP|PP755590.1|A/cattle/Texas/24-008749-003/2024(H5N1)	708	6214
MP|PP755590.1|A/cattle/Texas/24-008749-003/2024(H5N1)	709	6219
MP|PP755590.1|A/cattle/Texas/24-008749-003/2024(H5N1)	710	6214
MP|PP755590.1|A/cattle/Texas/24-008749-003/2024(H5N1)	711	6213
MP|PP755590.1|A/cattle/Texas/24-008749-003/2024(H5N1)	712	6204
MP|PP755590.1|A/cattle/Texas/24-008749-003/2024(H5N1)	713	6190
MP|PP755590.1|A/cattle/Texas/24-008749-003/2024(H5N1)	714	6193
MP|PP755590.1|A/cattle/Texas/24-008749-003/2024(H5N1)	715	6219
MP|PP755590.1|A/cattle/Texas/24-008749-003/2024(H5N1)	716	6200
MP|PP755590.1|A/cattle/Texas/24-008749-003/2024(H5N1)	717	6188
MP|PP755590.1|A/cattle/Texas/24-008749-003/2024(H5N1)	718	6157
MP|PP755590.1|A/cattle/Texas/24-008749-003/2024(H5N1)	719	6258
MP|PP755590.1|A/cattle/Texas/24-008749-003/2024(H5N1)	720	6257
MP|PP755590.1|A/cattle/Texas/24-008749-003/2024(H5N1)	721	6269
MP|PP755590.1|A/cattle/Texas/24-008749-003/2024(H5N1)	722	6262
MP|PP755590.1|A/cattle/Texas/24-008749-003/2024(H5N1)	723	6240
MP|PP755590.1|A/cattle/Texas/24-008749-003/2024(H5N1)	724	6411
MP|PP755590.1|A/cattle/Texas/24-008749-003/2024(H5N1)	725	6380
MP|PP755590.1|A/cattle/Texas/24-008749-003/2024(H5N1)	726	6368
MP|PP755590.1|A/cattle/Texas/24-008749-003/2024(H5N1)	727	6376
MP|PP755590.1|A/cattle/Texas/24-008749-003/2024(H5N1)	728	6343
MP|PP755590.1|A/cattle/Texas/24-008749-003/2024(H5N1)	729	6338
MP|PP755590.1|A/cattle/Texas/24-008749-003/2024(H5N1)	730	6372
MP|PP755590.1|A/cattle/Texas/24-008749-003/2024(H5N1)	731	6351
MP|PP755590.1|A/cattle/Texas/24-008749-003/2024(H5N1)	732	6350
MP|PP755590.1|A/cattle/Texas/24-008749-003/2024(H5N1)	733	6331
MP|PP755590.1|A/cattle/Texas/24-008749-003/2024(H5N1)	734	6355
MP|PP755590.1|A/cattle/Texas/24-008749-003/2024(H5N1)	735	6287
MP|PP755590.1|A/cattle/Texas/24-008749-003/2024(H5N1)	736	6297
MP|PP755590.1|A/cattle/Texas/24-008749-003/2024(H5N1)	737	6208
MP|PP755590.1|A/cattle/Texas/24-008749-003/2024(H5N1)	738	6206
MP|PP755590.1|A/cattle/Texas/24-008749-003/2024(H5N1)	739	6148
MP|PP755590.1|A/cattle/Texas/24-008749-003/2024(H5N1)	740	6149
MP|PP755590.1|A/cattle/Texas/24-008749-003/2024(H5N1)	741	6147
MP|PP755590.1|A/cattle/Texas/24-008749-003/2024(H5N1)	742	6139
MP|PP755590.1|A/cattle/Texas/24-008749-003/2024(H5N1)	743	6082
MP|PP755590.1|A/cattle/Texas/24-008749-003/2024(H5N1)	744	6034
MP|PP755590.1|A/cattle/Texas/24-008749-003/2024(H5N1)	745	6017
MP|PP755590.1|A/cattle/Texas/24-008749-003/2024(H5N1)	746	6011
MP|PP755590.1|A/cattle/Texas/24-008749-003/2024(H5N1)	747	5999
MP|PP755590.1|A/cattle/Texas/24-008749-003/2024(H5N1)	748	5976
MP|PP755590.1|A/cattle/Texas/24-008749-003/2024(H5N1)	749	5991
MP|PP755590.1|A/cattle/Texas/24-008749-003/2024(H5N1)	750	5993
MP|PP755590.1|A/cattle/Texas/24-008749-003/2024(H5N1)	751	6117
MP|PP755590.1|A/cattle/Texas/24-008749-003/2024(H5N1)	752	6122
MP|PP755590.1|A/cattle/Texas/24-008749-003/2024(H5N1)	753	6130
MP|PP755590.1|A/cattle/Texas/24-008749-003/2024(H5N1)	754	6119
MP|PP755590.1|A/cattle/Texas/24-008749-003/2024(H5N1)	755	6121
MP|PP755590.1|A/cattle/Texas/24-008749-003/2024(H5N1)	756	6122
MP|PP755590.1|A/cattle/Texas/24-008749-003/2024(H5N1)	757	6103
MP|PP755590.1|A/cattle/Texas/24-008749-003/2024(H5N1)	758	6077
MP|PP755590.1|A/cattle/Texas/24-008749-003/2024(H5N1)	759	6043
MP|PP755590.1|A/cattle/Texas/24-008749-003/2024(H5N1)	760	6037
MP|PP755590.1|A/cattle/Texas/24-008749-003/2024(H5N1)	761	6010
MP|PP755590.1|A/cattle/Texas/24-008749-003/2024(H5N1)	762	5995
MP|PP755590.1|A/cattle/Texas/24-008749-003/2024(H5N1)	763	5993
MP|PP755590.1|A/cattle/Texas/24-008749-003/2024(H5N1)	764	5991
MP|PP755590.1|A/cattle/Texas/24-008749-003/2024(H5N1)	765	5989
MP|PP755590.1|A/cattle/Texas/24-008749-003/2024(H5N1)	766	5992
MP|PP755590.1|A/cattle/Texas/24-008749-003/2024(H5N1)	767	5993
MP|PP755590.1|A/cattle/Texas/24-008749-003/2024(H5N1)	768	5973
MP|PP755590.1|A/cattle/Texas/24-008749-003/2024(H5N1)	769	5970
MP|PP755590.1|A/cattle/Texas/24-008749-003/2024(H5N1)	770	5944
MP|PP755590.1|A/cattle/Texas/24-008749-003/2024(H5N1)	771	5927
MP|PP755590.1|A/cattle/Texas/24-008749-003/2024(H5N1)	772	5878
MP|PP755590.1|A/cattle/Texas/24-008749-003/2024(H5N1)	773	5862
MP|PP755590.1|A/cattle/Texas/24-008749-003/2024(H5N1)	774	5863
MP|PP755590.1|A/cattle/Texas/24-008749-003/2024(H5N1)	775	5800
MP|PP755590.1|A/cattle/Texas/24-008749-003/2024(H5N1)	776	5803
MP|PP755590.1|A/cattle/Texas/24-008749-003/2024(H5N1)	777	5786
MP|PP755590.1|A/cattle/Texas/24-008749-003/2024(H5N1)	778	5786
MP|PP755590.1|A/cattle/Texas/24-008749-003/2024(H5N1)	779	5771
MP|PP755590.1|A/cattle/Texas/24-008749-003/2024(H5N1)	780	5812
MP|PP755590.1|A/cattle/Texas/24-008749-003/2024(H5N1)	781	5807
MP|PP755590.1|A/cattle/Texas/24-008749-003/2024(H5N1)	782	5785
MP|PP755590.1|A/cattle/Texas/24-008749-003/2024(H5N1)	783	5784
MP|PP755590.1|A/cattle/Texas/24-008749-003/2024(H5N1)	784	5767
MP|PP755590.1|A/cattle/Texas/24-008749-003/2024(H5N1)	785	5766
MP|PP755590.1|A/cattle/Texas/24-008749-003/2024(H5N1)	786	5762
MP|PP755590.1|A/cattle/Texas/24-008749-003/2024(H5N1)	787	5758
MP|PP755590.1|A/cattle/Texas/24-008749-003/2024(H5N1)	788	5744
MP|PP755590.1|A/cattle/Texas/24-008749-003/2024(H5N1)	789	5563
MP|PP755590.1|A/cattle/Texas/24-008749-003/2024(H5N1)	790	5564
MP|PP755590.1|A/cattle/Texas/24-008749-003/2024(H5N1)	791	5584
MP|PP755590.1|A/cattle/Texas/24-008749-003/2024(H5N1)	792	5586
MP|PP755590.1|A/cattle/Texas/24-008749-003/2024(H5N1)	793	5463
MP|PP755590.1|A/cattle/Texas/24-008749-003/2024(H5N1)	794	5396
MP|PP755590.1|A/cattle/Texas/24-008749-003/2024(H5N1)	795	5383
MP|PP755590.1|A/cattle/Texas/24-008749-003/2024(H5N1)	796	5420
MP|PP755590.1|A/cattle/Texas/24-008749-003/2024(H5N1)	797	5413
MP|PP755590.1|A/cattle/Texas/24-008749-003/2024(H5N1)	798	5441
MP|PP755590.1|A/cattle/Texas/24-008749-003/2024(H5N1)	799	5306
MP|PP755590.1|A/cattle/Texas/24-008749-003/2024(H5N1)	800	5251
MP|PP755590.1|A/cattle/Texas/24-008749-003/2024(H5N1)	801	5248
MP|PP755590.1|A/cattle/Texas/24-008749-003/2024(H5N1)	802	5236
MP|PP755590.1|A/cattle/Texas/24-008749-003/2024(H5N1)	803	5255
MP|PP755590.1|A/cattle/Texas/24-008749-003/2024(H5N1)	804	5251
MP|PP755590.1|A/cattle/Texas/24-008749-003/2024(H5N1)	805	5169
MP|PP755590.1|A/cattle/Texas/24-008749-003/2024(H5N1)	806	5125
MP|PP755590.1|A/cattle/Texas/24-008749-003/2024(H5N1)	807	5045
MP|PP755590.1|A/cattle/Texas/24-008749-003/2024(H5N1)	808	5052
MP|PP755590.1|A/cattle/Texas/24-008749-003/2024(H5N1)	809	5026
MP|PP755590.1|A/cattle/Texas/24-008749-003/2024(H5N1)	810	5004
MP|PP755590.1|A/cattle/Texas/24-008749-003/2024(H5N1)	811	4989
MP|PP755590.1|A/cattle/Texas/24-008749-003/2024(H5N1)	812	4881
MP|PP755590.1|A/cattle/Texas/24-008749-003/2024(H5N1)	813	4867
MP|PP755590.1|A/cattle/Texas/24-008749-003/2024(H5N1)	814	4823
MP|PP755590.1|A/cattle/Texas/24-008749-003/2024(H5N1)	815	4815
MP|PP755590.1|A/cattle/Texas/24-008749-003/2024(H5N1)	816	4805
MP|PP755590.1|A/cattle/Texas/24-008749-003/2024(H5N1)	817	4781
MP|PP755590.1|A/cattle/Texas/24-008749-003/2024(H5N1)	818	4778
MP|PP755590.1|A/cattle/Texas/24-008749-003/2024(H5N1)	819	4739
MP|PP755590.1|A/cattle/Texas/24-008749-003/2024(H5N1)	820	4739
MP|PP755590.1|A/cattle/Texas/24-008749-003/2024(H5N1)	821	4724
MP|PP755590.1|A/cattle/Texas/24-008749-003/2024(H5N1)	822	4715
MP|PP755590.1|A/cattle/Texas/24-008749-003/2024(H5N1)	823	4714
MP|PP755590.1|A/cattle/Texas/24-008749-003/2024(H5N1)	824	4684
MP|PP755590.1|A/cattle/Texas/24-008749-003/2024(H5N1)	825	4670
MP|PP755590.1|A/cattle/Texas/24-008749-003/2024(H5N1)	826	4672
MP|PP755590.1|A/cattle/Texas/24-008749-003/2024(H5N1)	827	4667
MP|PP755590.1|A/cattle/Texas/24-008749-003/2024(H5N1)	828	4664
MP|PP755590.1|A/cattle/Texas/24-008749-003/2024(H5N1)	829	4652
MP|PP755590.1|A/cattle/Texas/24-008749-003/2024(H5N1)	830	4638
MP|PP755590.1|A/cattle/Texas/24-008749-003/2024(H5N1)	831	4633
MP|PP755590.1|A/cattle/Texas/24-008749-003/2024(H5N1)	832	4606
MP|PP755590.1|A/cattle/Texas/24-008749-003/2024(H5N1)	833	4541
MP|PP755590.1|A/cattle/Texas/24-008749-003/2024(H5N1)	834	4540
MP|PP755590.1|A/cattle/Texas/24-008749-003/2024(H5N1)	835	4540
MP|PP755590.1|A/cattle/Texas/24-008749-003/2024(H5N1)	836	4529
MP|PP755590.1|A/cattle/Texas/24-008749-003/2024(H5N1)	837	4523
MP|PP755590.1|A/cattle/Texas/24-008749-003/2024(H5N1)	838	4482
MP|PP755590.1|A/cattle/Texas/24-008749-003/2024(H5N1)	839	4481
MP|PP755590.1|A/cattle/Texas/24-008749-003/2024(H5N1)	840	4465
MP|PP755590.1|A/cattle/Texas/24-008749-003/2024(H5N1)	841	4455
MP|PP755590.1|A/cattle/Texas/24-008749-003/2024(H5N1)	842	4457
MP|PP755590.1|A/cattle/Texas/24-008749-003/2024(H5N1)	843	4453
MP|PP755590.1|A/cattle/Texas/24-008749-003/2024(H5N1)	844	4455
MP|PP755590.1|A/cattle/Texas/24-008749-003/2024(H5N1)	845	4439
MP|PP755590.1|A/cattle/Texas/24-008749-003/2024(H5N1)	846	4432
MP|PP755590.1|A/cattle/Texas/24-008749-003/2024(H5N1)	847	4382
MP|PP755590.1|A/cattle/Texas/24-008749-003/2024(H5N1)	848	4332
MP|PP755590.1|A/cattle/Texas/24-008749-003/2024(H5N1)	849	4330
MP|PP755590.1|A/cattle/Texas/24-008749-003/2024(H5N1)	850	4352
MP|PP755590.1|A/cattle/Texas/24-008749-003/2024(H5N1)	851	4354
MP|PP755590.1|A/cattle/Texas/24-008749-003/2024(H5N1)	852	4344
MP|PP755590.1|A/cattle/Texas/24-008749-003/2024(H5N1)	853	4346
MP|PP755590.1|A/cattle/Texas/24-008749-003/2024(H5N1)	854	4345
MP|PP755590.1|A/cattle/Texas/24-008749-003/2024(H5N1)	855	4328
MP|PP755590.1|A/cattle/Texas/24-008749-003/2024(H5N1)	856	4312
MP|PP755590.1|A/cattle/Texas/24-008749-003/2024(H5N1)	857	4308
MP|PP755590.1|A/cattle/Texas/24-008749-003/2024(H5N1)	858	4284
MP|PP755590.1|A/cattle/Texas/24-008749-003/2024(H5N1)	859	4245
MP|PP755590.1|A/cattle/Texas/24-008749-003/2024(H5N1)	860	4155
MP|PP755590.1|A/cattle/Texas/24-008749-003/2024(H5N1)	861	4169
MP|PP755590.1|A/cattle/Texas/24-008749-003/2024(H5N1)	862	4146
MP|PP755590.1|A/cattle/Texas/24-008749-003/2024(H5N1)	863	4104
MP|PP755590.1|A/cattle/Texas/24-008749-003/2024(H5N1)	864	4101
MP|PP755590.1|A/cattle/Texas/24-008749-003/2024(H5N1)	865	4091
MP|PP755590.1|A/cattle/Texas/24-008749-003/2024(H5N1)	866	4094
MP|PP755590.1|A/cattle/Texas/24-008749-003/2024(H5N1)	867	4088
MP|PP755590.1|A/cattle/Texas/24-008749-003/2024(H5N1)	868	4065
MP|PP755590.1|A/cattle/Texas/24-008749-003/2024(H5N1)	869	4040
MP|PP755590.1|A/cattle/Texas/24-008749-003/2024(H5N1)	870	3959
MP|PP755590.1|A/cattle/Texas/24-008749-003/2024(H5N1)	871	3782
MP|PP755590.1|A/cattle/Texas/24-008749-003/2024(H5N1)	872	3778
MP|PP755590.1|A/cattle/Texas/24-008749-003/2024(H5N1)	873	3780
MP|PP755590.1|A/cattle/Texas/24-008749-003/2024(H5N1)	874	3781
MP|PP755590.1|A/cattle/Texas/24-008749-003/2024(H5N1)	875	3745
MP|PP755590.1|A/cattle/Texas/24-008749-003/2024(H5N1)	876	3729
MP|PP755590.1|A/cattle/Texas/24-008749-003/2024(H5N1)	877	3720
MP|PP755590.1|A/cattle/Texas/24-008749-003/2024(H5N1)	878	3720
MP|PP755590.1|A/cattle/Texas/24-008749-003/2024(H5N1)	879	3702
MP|PP755590.1|A/cattle/Texas/24-008749-003/2024(H5N1)	880	3704
MP|PP755590.1|A/cattle/Texas/24-008749-003/2024(H5N1)	881	3705
MP|PP755590.1|A/cattle/Texas/24-008749-003/2024(H5N1)	882	3701
MP|PP755590.1|A/cattle/Texas/24-008749-003/2024(H5N1)	883	3619
MP|PP755590.1|A/cattle/Texas/24-008749-003/2024(H5N1)	884	3612
MP|PP755590.1|A/cattle/Texas/24-008749-003/2024(H5N1)	885	3604
MP|PP755590.1|A/cattle/Texas/24-008749-003/2024(H5N1)	886	3604
MP|PP755590.1|A/cattle/Texas/24-008749-003/2024(H5N1)	887	3598
MP|PP755590.1|A/cattle/Texas/24-008749-003/2024(H5N1)	888	3551
MP|PP755590.1|A/cattle/Texas/24-008749-003/2024(H5N1)	889	3524
MP|PP755590.1|A/cattle/Texas/24-008749-003/2024(H5N1)	890	3521
MP|PP755590.1|A/cattle/Texas/24-008749-003/2024(H5N1)	891	3536
MP|PP755590.1|A/cattle/Texas/24-008749-003/2024(H5N1)	892	3536
MP|PP755590.1|A/cattle/Texas/24-008749-003/2024(H5N1)	893	3515
MP|PP755590.1|A/cattle/Texas/24-008749-003/2024(H5N1)	894	3480
MP|PP755590.1|A/cattle/Texas/24-008749-003/2024(H5N1)	895	3466
MP|PP755590.1|A/cattle/Texas/24-008749-003/2024(H5N1)	896	3465
MP|PP755590.1|A/cattle/Texas/24-008749-003/2024(H5N1)	897	3392
MP|PP755590.1|A/cattle/Texas/24-008749-003/2024(H5N1)	898	3397
MP|PP755590.1|A/cattle/Texas/24-008749-003/2024(H5N1)	899	3339
MP|PP755590.1|A/cattle/Texas/24-008749-003/2024(H5N1)	900	3323
MP|PP755590.1|A/cattle/Texas/24-008749-003/2024(H5N1)	901	3279
MP|PP755590.1|A/cattle/Texas/24-008749-003/2024(H5N1)	902	3271
MP|PP755590.1|A/cattle/Texas/24-008749-003/2024(H5N1)	903	3275
MP|PP755590.1|A/cattle/Texas/24-008749-003/2024(H5N1)	904	3229
MP|PP755590.1|A/cattle/Texas/24-008749-003/2024(H5N1)	905	3184
MP|PP755590.1|A/cattle/Texas/24-008749-003/2024(H5N1)	906	3183
MP|PP755590.1|A/cattle/Texas/24-008749-003/2024(H5N1)	907	3082
MP|PP755590.1|A/cattle/Texas/24-008749-003/2024(H5N1)	908	3075
MP|PP755590.1|A/cattle/Texas/24-008749-003/2024(H5N1)	909	3066
MP|PP755590.1|A/cattle/Texas/24-008749-003/2024(H5N1)	910	3017
MP|PP755590.1|A/cattle/Texas/24-008749-003/2024(H5N1)	911	3014
MP|PP755590.1|A/cattle/Texas/24-008749-003/2024(H5N1)	912	2984
MP|PP755590.1|A/cattle/Texas/24-008749-003/2024(H5N1)	913	2981
MP|PP755590.1|A/cattle/Texas/24-008749-003/2024(H5N1)	914	2952
MP|PP755590.1|A/cattle/Texas/24-008749-003/2024(H5N1)	915	2911
MP|PP755590.1|A/cattle/Texas/24-008749-003/2024(H5N1)	916	2820
MP|PP755590.1|A/cattle/Texas/24-008749-003/2024(H5N1)	917	2773
MP|PP755590.1|A/cattle/Texas/24-008749-003/2024(H5N1)	918	2771
MP|PP755590.1|A/cattle/Texas/24-008749-003/2024(H5N1)	919	2768
MP|PP755590.1|A/cattle/Texas/24-008749-003/2024(H5N1)	920	2748
MP|PP755590.1|A/cattle/Texas/24-008749-003/2024(H5N1)	921	2739
MP|PP755590.1|A/cattle/Texas/24-008749-003/2024(H5N1)	922	2710
MP|PP755590.1|A/cattle/Texas/24-008749-003/2024(H5N1)	923	2691
MP|PP755590.1|A/cattle/Texas/24-008749-003/2024(H5N1)	924	2691
MP|PP755590.1|A/cattle/Texas/24-008749-003/2024(H5N1)	925	2688
MP|PP755590.1|A/cattle/Texas/24-008749-003/2024(H5N1)	926	2691
MP|PP755590.1|A/cattle/Texas/24-008749-003/2024(H5N1)	927	2620
MP|PP755590.1|A/cattle/Texas/24-008749-003/2024(H5N1)	928	2596
MP|PP755590.1|A/cattle/Texas/24-008749-003/2024(H5N1)	929	2594
MP|PP755590.1|A/cattle/Texas/24-008749-003/2024(H5N1)	930	2586
MP|PP755590.1|A/cattle/Texas/24-008749-003/2024(H5N1)	931	2586
MP|PP755590.1|A/cattle/Texas/24-008749-003/2024(H5N1)	932	2517
MP|PP755590.1|A/cattle/Texas/24-008749-003/2024(H5N1)	933	2519
MP|PP755590.1|A/cattle/Texas/24-008749-003/2024(H5N1)	934	2494
MP|PP755590.1|A/cattle/Texas/24-008749-003/2024(H5N1)	935	2474
MP|PP755590.1|A/cattle/Texas/24-008749-003/2024(H5N1)	936	2454
MP|PP755590.1|A/cattle/Texas/24-008749-003/2024(H5N1)	937	2382
MP|PP755590.1|A/cattle/Texas/24-008749-003/2024(H5N1)	938	2380
MP|PP755590.1|A/cattle/Texas/24-008749-003/2024(H5N1)	939	2370
MP|PP755590.1|A/cattle/Texas/24-008749-003/2024(H5N1)	940	2353
MP|PP755590.1|A/cattle/Texas/24-008749-003/2024(H5N1)	941	2348
MP|PP755590.1|A/cattle/Texas/24-008749-003/2024(H5N1)	942	2294
MP|PP755590.1|A/cattle/Texas/24-008749-003/2024(H5N1)	943	2288
MP|PP755590.1|A/cattle/Texas/24-008749-003/2024(H5N1)	944	2251
MP|PP755590.1|A/cattle/Texas/24-008749-003/2024(H5N1)	945	2061
MP|PP755590.1|A/cattle/Texas/24-008749-003/2024(H5N1)	946	1420
MP|PP755590.1|A/cattle/Texas/24-008749-003/2024(H5N1)	947	1414
MP|PP755590.1|A/cattle/Texas/24-008749-003/2024(H5N1)	948	1413
MP|PP755590.1|A/cattle/Texas/24-008749-003/2024(H5N1)	949	1384
MP|PP755590.1|A/cattle/Texas/24-008749-003/2024(H5N1)	950	1350
MP|PP755590.1|A/cattle/Texas/24-008749-003/2024(H5N1)	951	1338
MP|PP755590.1|A/cattle/Texas/24-008749-003/2024(H5N1)	952	1311
MP|PP755590.1|A/cattle/Texas/24-008749-003/2024(H5N1)	953	1302
MP|PP755590.1|A/cattle/Texas/24-008749-003/2024(H5N1)	954	1300
MP|PP755590.1|A/cattle/Texas/24-008749-003/2024(H5N1)	955	1299
MP|PP755590.1|A/cattle/Texas/24-008749-003/2024(H5N1)	956	1292
MP|PP755590.1|A/cattle/Texas/24-008749-003/2024(H5N1)	957	1287
MP|PP755590.1|A/cattle/Texas/24-008749-003/2024(H5N1)	958	1280
MP|PP755590.1|A/cattle/Texas/24-008749-003/2024(H5N1)	959	1281
MP|PP755590.1|A/cattle/Texas/24-008749-003/2024(H5N1)	960	1272
MP|PP755590.1|A/cattle/Texas/24-008749-003/2024(H5N1)	961	1270
MP|PP755590.1|A/cattle/Texas/24-008749-003/2024(H5N1)	962	1271
MP|PP755590.1|A/cattle/Texas/24-008749-003/2024(H5N1)	963	1225
MP|PP755590.1|A/cattle/Texas/24-008749-003/2024(H5N1)	964	1221
MP|PP755590.1|A/cattle/Texas/24-008749-003/2024(H5N1)	965	1202
MP|PP755590.1|A/cattle/Texas/24-008749-003/2024(H5N1)	966	1201
MP|PP755590.1|A/cattle/Texas/24-008749-003/2024(H5N1)	967	1200
MP|PP755590.1|A/cattle/Texas/24-008749-003/2024(H5N1)	968	1196
MP|PP755590.1|A/cattle/Texas/24-008749-003/2024(H5N1)	969	1193
MP|PP755590.1|A/cattle/Texas/24-008749-003/2024(H5N1)	970	1121
MP|PP755590.1|A/cattle/Texas/24-008749-003/2024(H5N1)	971	1119
MP|PP755590.1|A/cattle/Texas/24-008749-003/2024(H5N1)	972	1091
MP|PP755590.1|A/cattle/Texas/24-008749-003/2024(H5N1)	973	1090
MP|PP755590.1|A/cattle/Texas/24-008749-003/2024(H5N1)	974	1082
MP|PP755590.1|A/cattle/Texas/24-008749-003/2024(H5N1)	975	833
MP|PP755590.1|A/cattle/Texas/24-008749-003/2024(H5N1)	976	815
MP|PP755590.1|A/cattle/Texas/24-008749-003/2024(H5N1)	977	807
MP|PP755590.1|A/cattle/Texas/24-008749-003/2024(H5N1)	978	798
MP|PP755590.1|A/cattle/Texas/24-008749-003/2024(H5N1)	979	796
MP|PP755590.1|A/cattle/Texas/24-008749-003/2024(H5N1)	980	726
MP|PP755590.1|A/cattle/Texas/24-008749-003/2024(H5N1)	981	720
MP|PP755590.1|A/cattle/Texas/24-008749-003/2024(H5N1)	982	660
