HA|PP755589.1|A/cattle/Texas/24-008749-003/2024(H5N1)	1	3337
HA|PP755589.1|A/cattle/Texas/24-008749-003/2024(H5N1)	2	3339
HA|PP755589.1|A/cattle/Texas/24-008749-003/2024(H5N1)	3	3410
HA|PP755589.1|A/cattle/Texas/24-008749-003/2024(H5N1)	4	3418
HA|PP755589.1|A/cattle/Texas/24-008749-003/2024(H5N1)	5	3419
HA|PP755589.1|A/cattle/Texas/24-008749-003/2024(H5N1)	6	3491
HA|PP755589.1|A/cattle/Texas/24-008749-003/2024(H5N1)	7	3500
HA|PP755589.1|A/cattle/Texas/24-008749-003/2024(H5N1)	8	4114
HA|PP755589.1|A/cattle/Texas/24-008749-003/2024(H5N1)	9	4121
HA|PP755589.1|A/cattle/Texas/24-008749-003/2024(H5N1)	10	4122
HA|PP755589.1|A/cattle/Texas/24-008749-003/2024(H5N1)	11	4336
HA|PP755589.1|A/cattle/Texas/24-008749-003/2024(H5N1)	12	4339
HA|PP755589.1|A/cattle/Texas/24-008749-003/2024(H5N1)	13	4882
HA|PP755589.1|A/cattle/Texas/24-008749-003/2024(H5N1)	14	4891
HA|PP755589.1|A/cattle/Texas/24-008749-003/2024(H5N1)	15	4898
HA|PP755589.1|A/cattle/Texas/24-008749-003/2024(H5N1)	16	4900
HA|PP755589.1|A/cattle/Texas/24-008749-003/2024(H5N1)	17	4905
HA|PP755589.1|A/cattle/Texas/24-008749-003/2024(H5N1)	18	4941
HA|PP755589.1|A/cattle/Texas/24-008749-003/2024(H5N1)	19	5001
HA|PP755589.1|A/cattle/Texas/24-008749-003/2024(H5N1)	20	5001
HA|PP755589.1|A/cattle/Texas/24-008749-003/2024(H5N1)	21	5042
HA|PP755589.1|A/cattle/Texas/24-008749-003/2024(H5N1)	22	5031
HA|PP755589.1|A/cattle/Texas/24-008749-003/2024(H5N1)	23	5100
HA|PP755589.1|A/cattle/Texas/24-008749-003/2024(H5N1)	24	5110
HA|PP755589.1|A/cattle/Texas/24-008749-003/2024(H5N1)	25	5130
HA|PP755589.1|A/cattle/Texas/24-008749-003/2024(H5N1)	26	5154
HA|PP755589.1|A/cattle/Texas/24-008749-003/2024(H5N1)	27	5156
HA|PP755589.1|A/cattle/Texas/24-008749-003/2024(H5N1)	28	5198
HA|PP755589.1|A/cattle/Texas/24-008749-003/2024(H5N1)	29	5324
HA|PP755589.1|A/cattle/Texas/24-008749-003/2024(H5N1)	30	5428
HA|PP755589.1|A/cattle/Texas/24-008749-003/2024(H5N1)	31	5432
HA|PP755589.1|A/cattle/Texas/24-008749-003/2024(H5N1)	32	5432
HA|PP755589.1|A/cattle/Texas/24-008749-003/2024(H5N1)	33	5443
HA|PP755589.1|A/cattle/Texas/24-008749-003/2024(H5N1)	34	5444
HA|PP755589.1|A/cattle/Texas/24-008749-003/2024(H5N1)	35	5498
HA|PP755589.1|A/cattle/Texas/24-008749-003/2024(H5N1)	36	5605
HA|PP755589.1|A/cattle/Texas/24-008749-003/2024(H5N1)	37	5619
HA|PP755589.1|A/cattle/Texas/24-008749-003/2024(H5N1)	38	5647
HA|PP755589.1|A/cattle/Texas/24-008749-003/2024(H5N1)	39	5882
HA|PP755589.1|A/cattle/Texas/24-008749-003/2024(H5N1)	40	5942
HA|PP755589.1|A/cattle/Texas/24-008749-003/2024(H5N1)	41	5943
HA|PP755589.1|A/cattle/Texas/24-008749-003/2024(H5N1)	42	5964
HA|PP755589.1|A/cattle/Texas/24-008749-003/2024(H5N1)	43	5988
HA|PP755589.1|A/cattle/Texas/24-008749-003/2024(H5N1)	44	6006
HA|PP755589.1|A/cattle/Texas/24-008749-003/2024(H5N1)	45	6006
HA|PP755589.1|A/cattle/Texas/24-008749-003/2024(H5N1)	46	6006
HA|PP755589.1|A/cattle/Texas/24-008749-003/2024(H5N1)	47	6029
HA|PP755589.1|A/cattle/Texas/24-008749-003/2024(H5N1)	48	6014
HA|PP755589.1|A/cattle/Texas/24-008749-003/2024(H5N1)	49	6052
HA|PP755589.1|A/cattle/Texas/24-008749-003/2024(H5N1)	50	6055
HA|PP755589.1|A/cattle/Texas/24-008749-003/2024(H5N1)	51	6060
HA|PP755589.1|A/cattle/Texas/24-008749-003/2024(H5N1)	52	6064
HA|PP755589.1|A/cattle/Texas/24-008749-003/2024(H5N1)	53	6062
HA|PP755589.1|A/cattle/Texas/24-008749-003/2024(H5N1)	54	6330
HA|PP755589.1|A/cattle/Texas/24-008749-003/2024(H5N1)	55	6331
HA|PP755589.1|A/cattle/Texas/24-008749-003/2024(H5N1)	56	6345
HA|PP755589.1|A/cattle/Texas/24-008749-003/2024(H5N1)	57	6375
HA|PP755589.1|A/cattle/Texas/24-008749-003/2024(H5N1)	58	6447
HA|PP755589.1|A/cattle/Texas/24-008749-003/2024(H5N1)	59	6500
HA|PP755589.1|A/cattle/Texas/24-008749-003/2024(H5N1)	60	6510
HA|PP755589.1|A/cattle/Texas/24-008749-003/2024(H5N1)	61	6513
HA|PP755589.1|A/cattle/Texas/24-008749-003/2024(H5N1)	62	6521
HA|PP755589.1|A/cattle/Texas/24-008749-003/2024(H5N1)	63	6516
HA|PP755589.1|A/cattle/Texas/24-008749-003/2024(H5N1)	64	6621
HA|PP755589.1|A/cattle/Texas/24-008749-003/2024(H5N1)	65	6629
HA|PP755589.1|A/cattle/Texas/24-008749-003/2024(H5N1)	66	6699
HA|PP755589.1|A/cattle/Texas/24-008749-003/2024(H5N1)	67	6706
HA|PP755589.1|A/cattle/Texas/24-008749-003/2024(H5N1)	68	6776
HA|PP755589.1|A/cattle/Texas/24-008749-003/2024(H5N1)	69	6825
HA|PP755589.1|A/cattle/Texas/24-008749-003/2024(H5N1)	70	6894
HA|PP755589.1|A/cattle/Texas/24-008749-003/2024(H5N1)	71	6928
HA|PP755589.1|A/cattle/Texas/24-008749-003/2024(H5N1)	72	6935
HA|PP755589.1|A/cattle/Texas/24-008749-003/2024(H5N1)	73	6940
HA|PP755589.1|A/cattle/Texas/24-008749-003/2024(H5N1)	74	7142
HA|PP755589.1|A/cattle/Texas/24-008749-003/2024(H5N1)	75	7190
HA|PP755589.1|A/cattle/Texas/24-008749-003/2024(H5N1)	76	7405
HA|PP755589.1|A/cattle/Texas/24-008749-003/2024(H5N1)	77	7571
HA|PP755589.1|A/cattle/Texas/24-008749-003/2024(H5N1)	78	7814
HA|PP755589.1|A/cattle/Texas/24-008749-003/2024(H5N1)	79	7813
HA|PP755589.1|A/cattle/Texas/24-008749-003/2024(H5N1)	80	7847
HA|PP755589.1|A/cattle/Texas/24-008749-003/2024(H5N1)	81	7863
HA|PP755589.1|A/cattle/Texas/24-008749-003/2024(H5N1)	82	7863
HA|PP755589.1|A/cattle/Texas/24-008749-003/2024(H5N1)	83	7887
HA|PP755589.1|A/cattle/Texas/24-008749-003/2024(H5N1)	84	7887
HA|PP755589.1|A/cattle/Texas/24-008749-003/2024(H5N1)	85	7895
HA|PP755589.1|A/cattle/Texas/24-008749-003/2024(H5N1)	86	7896
HA|PP755589.1|A/cattle/Texas/24-008749-003/2024(H5N1)	87	7852
HA|PP755589.1|A/cattle/Texas/24-008749-003/2024(H5N1)	88	8200
HA|PP755589.1|A/cattle/Texas/24-008749-003/2024(H5N1)	89	8383
HA|PP755589.1|A/cattle/Texas/24-008749-003/2024(H5N1)	90	8396
HA|PP755589.1|A/cattle/Texas/24-008749-003/2024(H5N1)	91	8404
HA|PP755589.1|A/cattle/Texas/24-008749-003/2024(H5N1)	92	8424
HA|PP755589.1|A/cattle/Texas/24-008749-003/2024(H5N1)	93	8473
HA|PP755589.1|A/cattle/Texas/24-008749-003/2024(H5N1)	94	8498
HA|PP755589.1|A/cattle/Texas/24-008749-003/2024(H5N1)	95	8509
HA|PP755589.1|A/cattle/Texas/24-008749-003/2024(H5N1)	96	8554
HA|PP755589.1|A/cattle/Texas/24-008749-003/2024(H5N1)	97	8533
HA|PP755589.1|A/cattle/Texas/24-008749-003/2024(H5N1)	98	8589
HA|PP755589.1|A/cattle/Texas/24-008749-003/2024(H5N1)	99	8596
HA|PP755589.1|A/cattle/Texas/24-008749-003/2024(H5N1)	100	8596
HA|PP755589.1|A/cattle/Texas/24-008749-003/2024(H5N1)	101	8663
HA|PP755589.1|A/cattle/Texas/24-008749-003/2024(H5N1)	102	8645
HA|PP755589.1|A/cattle/Texas/24-008749-003/2024(H5N1)	103	8654
HA|PP755589.1|A/cattle/Texas/24-008749-003/2024(H5N1)	104	8658
HA|PP755589.1|A/cattle/Texas/24-008749-003/2024(H5N1)	105	8655
HA|PP755589.1|A/cattle/Texas/24-008749-003/2024(H5N1)	106	8685
HA|PP755589.1|A/cattle/Texas/24-008749-003/2024(H5N1)	107	8689
HA|PP755589.1|A/cattle/Texas/24-008749-003/2024(H5N1)	108	8710
HA|PP755589.1|A/cattle/Texas/24-008749-003/2024(H5N1)	109	8727
HA|PP755589.1|A/cattle/Texas/24-008749-003/2024(H5N1)	110	8706
HA|PP755589.1|A/cattle/Texas/24-008749-003/2024(H5N1)	111	8740
HA|PP755589.1|A/cattle/Texas/24-008749-003/2024(H5N1)	112	8742
HA|PP755589.1|A/cattle/Texas/24-008749-003/2024(H5N1)	113	8744
HA|PP755589.1|A/cattle/Texas/24-008749-003/2024(H5N1)	114	8778
HA|PP755589.1|A/cattle/Texas/24-008749-003/2024(H5N1)	115	8834
HA|PP755589.1|A/cattle/Texas/24-008749-003/2024(H5N1)	116	8976
HA|PP755589.1|A/cattle/Texas/24-008749-003/2024(H5N1)	117	9000
HA|PP755589.1|A/cattle/Texas/24-008749-003/2024(H5N1)	118	8989
HA|PP755589.1|A/cattle/Texas/24-008749-003/2024(H5N1)	119	8995
HA|PP755589.1|A/cattle/Texas/24-008749-003/2024(H5N1)	120	8979
HA|PP755589.1|A/cattle/Texas/24-008749-003/2024(H5N1)	121	8991
HA|PP755589.1|A/cattle/Texas/24-008749-003/2024(H5N1)	122	8206
HA|PP755589.1|A/cattle/Texas/24-008749-003/2024(H5N1)	123	8299
HA|PP755589.1|A/cattle/Texas/24-008749-003/2024(H5N1)	124	8396
HA|PP755589.1|A/cattle/Texas/24-008749-003/2024(H5N1)	125	8405
HA|PP755589.1|A/cattle/Texas/24-008749-003/2024(H5N1)	126	8415
HA|PP755589.1|A/cattle/Texas/24-008749-003/2024(H5N1)	127	8437
HA|PP755589.1|A/cattle/Texas/24-008749-003/2024(H5N1)	128	8380
HA|PP755589.1|A/cattle/Texas/24-008749-003/2024(H5N1)	129	8392
HA|PP755589.1|A/cattle/Texas/24-008749-003/2024(H5N1)	130	8344
HA|PP755589.1|A/cattle/Texas/24-008749-003/2024(H5N1)	131	8177
HA|PP755589.1|A/cattle/Texas/24-008749-003/2024(H5N1)	132	8175
HA|PP755589.1|A/cattle/Texas/24-008749-003/2024(H5N1)	133	8492
HA|PP755589.1|A/cattle/Texas/24-008749-003/2024(H5N1)	134	9233
HA|PP755589.1|A/cattle/Texas/24-008749-003/2024(H5N1)	135	8800
HA|PP755589.1|A/cattle/Texas/24-008749-003/2024(H5N1)	136	8861
HA|PP755589.1|A/cattle/Texas/24-008749-003/2024(H5N1)	137	8861
HA|PP755589.1|A/cattle/Texas/24-008749-003/2024(H5N1)	138	8916
HA|PP755589.1|A/cattle/Texas/24-008749-003/2024(H5N1)	139	8946
HA|PP755589.1|A/cattle/Texas/24-008749-003/2024(H5N1)	140	9126
HA|PP755589.1|A/cattle/Texas/24-008749-003/2024(H5N1)	141	9054
HA|PP755589.1|A/cattle/Texas/24-008749-003/2024(H5N1)	142	8947
HA|PP755589.1|A/cattle/Texas/24-008749-003/2024(H5N1)	143	8947
HA|PP755589.1|A/cattle/Texas/24-008749-003/2024(H5N1)	144	8922
HA|PP755589.1|A/cattle/Texas/24-008749-003/2024(H5N1)	145	8739
HA|PP755589.1|A/cattle/Texas/24-008749-003/2024(H5N1)	146	8751
HA|PP755589.1|A/cattle/Texas/24-008749-003/2024(H5N1)	147	8767
HA|PP755589.1|A/cattle/Texas/24-008749-003/2024(H5N1)	148	8777
HA|PP755589.1|A/cattle/Texas/24-008749-003/2024(H5N1)	149	8771
HA|PP755589.1|A/cattle/Texas/24-008749-003/2024(H5N1)	150	8772
HA|PP755589.1|A/cattle/Texas/24-008749-003/2024(H5N1)	151	8797
HA|PP755589.1|A/cattle/Texas/24-008749-003/2024(H5N1)	152	8999
HA|PP755589.1|A/cattle/Texas/24-008749-003/2024(H5N1)	153	9001
HA|PP755589.1|A/cattle/Texas/24-008749-003/2024(H5N1)	154	8944
HA|PP755589.1|A/cattle/Texas/24-008749-003/2024(H5N1)	155	8942
HA|PP755589.1|A/cattle/Texas/24-008749-003/2024(H5N1)	156	8967
HA|PP755589.1|A/cattle/Texas/24-008749-003/2024(H5N1)	157	8924
HA|PP755589.1|A/cattle/Texas/24-008749-003/2024(H5N1)	158	8926
HA|PP755589.1|A/cattle/Texas/24-008749-003/2024(H5N1)	159	8417
HA|PP755589.1|A/cattle/Texas/24-008749-003/2024(H5N1)	160	8430
HA|PP755589.1|A/cattle/Texas/24-008749-003/2024(H5N1)	161	8648
HA|PP755589.1|A/cattle/Texas/24-008749-003/2024(H5N1)	162	8492
HA|PP755589.1|A/cattle/Texas/24-008749-003/2024(H5N1)	163	8500
HA|PP755589.1|A/cattle/Texas/24-008749-003/2024(H5N1)	164	8072
HA|PP755589.1|A/cattle/Texas/24-008749-003/2024(H5N1)	165	8074
HA|PP755589.1|A/cattle/Texas/24-008749-003/2024(H5N1)	166	8100
HA|PP755589.1|A/cattle/Texas/24-008749-003/2024(H5N1)	167	8104
HA|PP755589.1|A/cattle/Texas/24-008749-003/2024(H5N1)	168	8142
HA|PP755589.1|A/cattle/Texas/24-008749-003/2024(H5N1)	169	8149
HA|PP755589.1|A/cattle/Texas/24-008749-003/2024(H5N1)	170	8092
HA|PP755589.1|A/cattle/Texas/24-008749-003/2024(H5N1)	171	8101
HA|PP755589.1|A/cattle/Texas/24-008749-003/2024(H5N1)	172	8058
HA|PP755589.1|A/cattle/Texas/24-008749-003/2024(H5N1)	173	8053
HA|PP755589.1|A/cattle/Texas/24-008749-003/2024(H5N1)	174	8361
HA|PP755589.1|A/cattle/Texas/24-008749-003/2024(H5N1)	175	8359
HA|PP755589.1|A/cattle/Texas/24-008749-003/2024(H5N1)	176	8617
HA|PP755589.1|A/cattle/Texas/24-008749-003/2024(H5N1)	177	8715
HA|PP755589.1|A/cattle/Texas/24-008749-003/2024(H5N1)	178	8715
HA|PP755589.1|A/cattle/Texas/24-008749-003/2024(H5N1)	179	8755
HA|PP755589.1|A/cattle/Texas/24-008749-003/2024(H5N1)	180	8840
HA|PP755589.1|A/cattle/Texas/24-008749-003/2024(H5N1)	181	8765
HA|PP755589.1|A/cattle/Texas/24-008749-003/2024(H5N1)	182	8763
HA|PP755589.1|A/cattle/Texas/24-008749-003/2024(H5N1)	183	8775
HA|PP755589.1|A/cattle/Texas/24-008749-003/2024(H5N1)	184	8785
HA|PP755589.1|A/cattle/Texas/24-008749-003/2024(H5N1)	185	8728
HA|PP755589.1|A/cattle/Texas/24-008749-003/2024(H5N1)	186	8701
HA|PP755589.1|A/cattle/Texas/24-008749-003/2024(H5N1)	187	8701
HA|PP755589.1|A/cattle/Texas/24-008749-003/2024(H5N1)	188	8822
HA|PP755589.1|A/cattle/Texas/24-008749-003/2024(H5N1)	189	8778
HA|PP755589.1|A/cattle/Texas/24-008749-003/2024(H5N1)	190	8662
HA|PP755589.1|A/cattle/Texas/24-008749-003/2024(H5N1)	191	8616
HA|PP755589.1|A/cattle/Texas/24-008749-003/2024(H5N1)	192	8668
HA|PP755589.1|A/cattle/Texas/24-008749-003/2024(H5N1)	193	8689
HA|PP755589.1|A/cattle/Texas/24-008749-003/2024(H5N1)	194	8661
HA|PP755589.1|A/cattle/Texas/24-008749-003/2024(H5N1)	195	8657
HA|PP755589.1|A/cattle/Texas/24-008749-003/2024(H5N1)	196	8694
HA|PP755589.1|A/cattle/Texas/24-008749-003/2024(H5N1)	197	8758
HA|PP755589.1|A/cattle/Texas/24-008749-003/2024(H5N1)	198	8837
HA|PP755589.1|A/cattle/Texas/24-008749-003/2024(H5N1)	199	8911
HA|PP755589.1|A/cattle/Texas/24-008749-003/2024(H5N1)	200	9029
HA|PP755589.1|A/cattle/Texas/24-008749-003/2024(H5N1)	201	9036
HA|PP755589.1|A/cattle/Texas/24-008749-003/2024(H5N1)	202	9039
HA|PP755589.1|A/cattle/Texas/24-008749-003/2024(H5N1)	203	9035
HA|PP755589.1|A/cattle/Texas/24-008749-003/2024(H5N1)	204	9071
HA|PP755589.1|A/cattle/Texas/24-008749-003/2024(H5N1)	205	8834
HA|PP755589.1|A/cattle/Texas/24-008749-003/2024(H5N1)	206	8834
HA|PP755589.1|A/cattle/Texas/24-008749-003/2024(H5N1)	207	9055
HA|PP755589.1|A/cattle/Texas/24-008749-003/2024(H5N1)	208	9129
HA|PP755589.1|A/cattle/Texas/24-008749-003/2024(H5N1)	209	9063
HA|PP755589.1|A/cattle/Texas/24-008749-003/2024(H5N1)	210	9176
HA|PP755589.1|A/cattle/Texas/24-008749-003/2024(H5N1)	211	9228
HA|PP755589.1|A/cattle/Texas/24-008749-003/2024(H5N1)	212	9303
HA|PP755589.1|A/cattle/Texas/24-008749-003/2024(H5N1)	213	9319
HA|PP755589.1|A/cattle/Texas/24-008749-003/2024(H5N1)	214	9319
HA|PP755589.1|A/cattle/Texas/24-008749-003/2024(H5N1)	215	9597
HA|PP755589.1|A/cattle/Texas/24-008749-003/2024(H5N1)	216	9656
HA|PP755589.1|A/cattle/Texas/24-008749-003/2024(H5N1)	217	9694
HA|PP755589.1|A/cattle/Texas/24-008749-003/2024(H5N1)	218	9723
HA|PP755589.1|A/cattle/Texas/24-008749-003/2024(H5N1)	219	9638
HA|PP755589.1|A/cattle/Texas/24-008749-003/2024(H5N1)	220	9635
HA|PP755589.1|A/cattle/Texas/24-008749-003/2024(H5N1)	221	9624
HA|PP755589.1|A/cattle/Texas/24-008749-003/2024(H5N1)	222	9582
HA|PP755589.1|A/cattle/Texas/24-008749-003/2024(H5N1)	223	9644
HA|PP755589.1|A/cattle/Texas/24-008749-003/2024(H5N1)	224	9413
HA|PP755589.1|A/cattle/Texas/24-008749-003/2024(H5N1)	225	9407
HA|PP755589.1|A/cattle/Texas/24-008749-003/2024(H5N1)	226	9578
HA|PP755589.1|A/cattle/Texas/24-008749-003/2024(H5N1)	227	9458
HA|PP755589.1|A/cattle/Texas/24-008749-003/2024(H5N1)	228	9500
HA|PP755589.1|A/cattle/Texas/24-008749-003/2024(H5N1)	229	9277
HA|PP755589.1|A/cattle/Texas/24-008749-003/2024(H5N1)	230	9265
HA|PP755589.1|A/cattle/Texas/24-008749-003/2024(H5N1)	231	9289
HA|PP755589.1|A/cattle/Texas/24-008749-003/2024(H5N1)	232	9272
HA|PP755589.1|A/cattle/Texas/24-008749-003/2024(H5N1)	233	9272
HA|PP755589.1|A/cattle/Texas/24-008749-003/2024(H5N1)	234	9294
HA|PP755589.1|A/cattle/Texas/24-008749-003/2024(H5N1)	235	9292
HA|PP755589.1|A/cattle/Texas/24-008749-003/2024(H5N1)	236	9271
HA|PP755589.1|A/cattle/Texas/24-008749-003/2024(H5N1)	237	9195
HA|PP755589.1|A/cattle/Texas/24-008749-003/2024(H5N1)	238	9150
HA|PP755589.1|A/cattle/Texas/24-008749-003/2024(H5N1)	239	8831
HA|PP755589.1|A/cattle/Texas/24-008749-003/2024(H5N1)	240	8876
HA|PP755589.1|A/cattle/Texas/24-008749-003/2024(H5N1)	241	8877
HA|PP755589.1|A/cattle/Texas/24-008749-003/2024(H5N1)	242	8875
HA|PP755589.1|A/cattle/Texas/24-008749-003/2024(H5N1)	243	8848
HA|PP755589.1|A/cattle/Texas/24-008749-003/2024(H5N1)	244	8837
HA|PP755589.1|A/cattle/Texas/24-008749-003/2024(H5N1)	245	8902
HA|PP755589.1|A/cattle/Texas/24-008749-003/2024(H5N1)	246	8904
HA|PP755589.1|A/cattle/Texas/24-008749-003/2024(H5N1)	247	8977
HA|PP755589.1|A/cattle/Texas/24-008749-003/2024(H5N1)	248	8983
HA|PP755589.1|A/cattle/Texas/24-008749-003/2024(H5N1)	249	8919
HA|PP755589.1|A/cattle/Texas/24-008749-003/2024(H5N1)	250	8918
HA|PP755589.1|A/cattle/Texas/24-008749-003/2024(H5N1)	251	8959
HA|PP755589.1|A/cattle/Texas/24-008749-003/2024(H5N1)	252	8902
HA|PP755589.1|A/cattle/Texas/24-008749-003/2024(H5N1)	253	8965
HA|PP755589.1|A/cattle/Texas/24-008749-003/2024(H5N1)	254	8958
HA|PP755589.1|A/cattle/Texas/24-008749-003/2024(H5N1)	255	9119
HA|PP755589.1|A/cattle/Texas/24-008749-003/2024(H5N1)	256	9120
HA|PP755589.1|A/cattle/Texas/24-008749-003/2024(H5N1)	257	9204
HA|PP755589.1|A/cattle/Texas/24-008749-003/2024(H5N1)	258	9231
HA|PP755589.1|A/cattle/Texas/24-008749-003/2024(H5N1)	259	9231
HA|PP755589.1|A/cattle/Texas/24-008749-003/2024(H5N1)	260	9254
HA|PP755589.1|A/cattle/Texas/24-008749-003/2024(H5N1)	261	9251
HA|PP755589.1|A/cattle/Texas/24-008749-003/2024(H5N1)	262	9213
HA|PP755589.1|A/cattle/Texas/24-008749-003/2024(H5N1)	263	9233
HA|PP755589.1|A/cattle/Texas/24-008749-003/2024(H5N1)	264	9195
HA|PP755589.1|A/cattle/Texas/24-008749-003/2024(H5N1)	265	9367
HA|PP755589.1|A/cattle/Texas/24-008749-003/2024(H5N1)	266	9420
HA|PP755589.1|A/cattle/Texas/24-008749-003/2024(H5N1)	267	9296
HA|PP755589.1|A/cattle/Texas/24-008749-003/2024(H5N1)	268	9275
HA|PP755589.1|A/cattle/Texas/24-008749-003/2024(H5N1)	269	9269
HA|PP755589.1|A/cattle/Texas/24-008749-003/2024(H5N1)	270	9284
HA|PP755589.1|A/cattle/Texas/24-008749-003/2024(H5N1)	271	9309
HA|PP755589.1|A/cattle/Texas/24-008749-003/2024(H5N1)	272	9335
HA|PP755589.1|A/cattle/Texas/24-008749-003/2024(H5N1)	273	8618
HA|PP755589.1|A/cattle/Texas/24-008749-003/2024(H5N1)	274	8491
HA|PP755589.1|A/cattle/Texas/24-008749-003/2024(H5N1)	275	8435
HA|PP755589.1|A/cattle/Texas/24-008749-003/2024(H5N1)	276	9407
HA|PP755589.1|A/cattle/Texas/24-008749-003/2024(H5N1)	277	9429
HA|PP755589.1|A/cattle/Texas/24-008749-003/2024(H5N1)	278	9488
HA|PP755589.1|A/cattle/Texas/24-008749-003/2024(H5N1)	279	9486
HA|PP755589.1|A/cattle/Texas/24-008749-003/2024(H5N1)	280	9488
HA|PP755589.1|A/cattle/Texas/24-008749-003/2024(H5N1)	281	9751
HA|PP755589.1|A/cattle/Texas/24-008749-003/2024(H5N1)	282	9705
HA|PP755589.1|A/cattle/Texas/24-008749-003/2024(H5N1)	283	9735
HA|PP755589.1|A/cattle/Texas/24-008749-003/2024(H5N1)	284	9463
HA|PP755589.1|A/cattle/Texas/24-008749-003/2024(H5N1)	285	8488
HA|PP755589.1|A/cattle/Texas/24-008749-003/2024(H5N1)	286	8970
HA|PP755589.1|A/cattle/Texas/24-008749-003/2024(H5N1)	287	9014
HA|PP755589.1|A/cattle/Texas/24-008749-003/2024(H5N1)	288	9036
HA|PP755589.1|A/cattle/Texas/24-008749-003/2024(H5N1)	289	9009
HA|PP755589.1|A/cattle/Texas/24-008749-003/2024(H5N1)	290	9275
HA|PP755589.1|A/cattle/Texas/24-008749-003/2024(H5N1)	291	9297
HA|PP755589.1|A/cattle/Texas/24-008749-003/2024(H5N1)	292	9362
HA|PP755589.1|A/cattle/Texas/24-008749-003/2024(H5N1)	293	9369
HA|PP755589.1|A/cattle/Texas/24-008749-003/2024(H5N1)	294	9789
HA|PP755589.1|A/cattle/Texas/24-008749-003/2024(H5N1)	295	9836
HA|PP755589.1|A/cattle/Texas/24-008749-003/2024(H5N1)	296	9916
HA|PP755589.1|A/cattle/Texas/24-008749-003/2024(H5N1)	297	9895
HA|PP755589.1|A/cattle/Texas/24-008749-003/2024(H5N1)	298	9918
HA|PP755589.1|A/cattle/Texas/24-008749-003/2024(H5N1)	299	9979
HA|PP755589.1|A/cattle/Texas/24-008749-003/2024(H5N1)	300	9992
HA|PP755589.1|A/cattle/Texas/24-008749-003/2024(H5N1)	301	9994
HA|PP755589.1|A/cattle/Texas/24-008749-003/2024(H5N1)	302	9995
HA|PP755589.1|A/cattle/Texas/24-008749-003/2024(H5N1)	303	9648
HA|PP755589.1|A/cattle/Texas/24-008749-003/2024(H5N1)	304	9788
HA|PP755589.1|A/cattle/Texas/24-008749-003/2024(H5N1)	305	9917
HA|PP755589.1|A/cattle/Texas/24-008749-003/2024(H5N1)	306	9922
HA|PP755589.1|A/cattle/Texas/24-008749-003/2024(H5N1)	307	9924
HA|PP755589.1|A/cattle/Texas/24-008749-003/2024(H5N1)	308	9904
HA|PP755589.1|A/cattle/Texas/24-008749-003/2024(H5N1)	309	9963
HA|PP755589.1|A/cattle/Texas/24-008749-003/2024(H5N1)	310	9954
HA|PP755589.1|A/cattle/Texas/24-008749-003/2024(H5N1)	311	10330
HA|PP755589.1|A/cattle/Texas/24-008749-003/2024(H5N1)	312	10235
HA|PP755589.1|A/cattle/Texas/24-008749-003/2024(H5N1)	313	10183
HA|PP755589.1|A/cattle/Texas/24-008749-003/2024(H5N1)	314	10374
HA|PP755589.1|A/cattle/Texas/24-008749-003/2024(H5N1)	315	10823
HA|PP755589.1|A/cattle/Texas/24-008749-003/2024(H5N1)	316	10826
HA|PP755589.1|A/cattle/Texas/24-008749-003/2024(H5N1)	317	10891
HA|PP755589.1|A/cattle/Texas/24-008749-003/2024(H5N1)	318	10954
HA|PP755589.1|A/cattle/Texas/24-008749-003/2024(H5N1)	319	11077
HA|PP755589.1|A/cattle/Texas/24-008749-003/2024(H5N1)	320	11225
HA|PP755589.1|A/cattle/Texas/24-008749-003/2024(H5N1)	321	11265
HA|PP755589.1|A/cattle/Texas/24-008749-003/2024(H5N1)	322	11273
HA|PP755589.1|A/cattle/Texas/24-008749-003/2024(H5N1)	323	11294
HA|PP755589.1|A/cattle/Texas/24-008749-003/2024(H5N1)	324	10857
HA|PP755589.1|A/cattle/Texas/24-008749-003/2024(H5N1)	325	10870
HA|PP755589.1|A/cattle/Texas/24-008749-003/2024(H5N1)	326	10854
HA|PP755589.1|A/cattle/Texas/24-008749-003/2024(H5N1)	327	10666
HA|PP755589.1|A/cattle/Texas/24-008749-003/2024(H5N1)	328	10577
HA|PP755589.1|A/cattle/Texas/24-008749-003/2024(H5N1)	329	10546
HA|PP755589.1|A/cattle/Texas/24-008749-003/2024(H5N1)	330	10483
HA|PP755589.1|A/cattle/Texas/24-008749-003/2024(H5N1)	331	10584
HA|PP755589.1|A/cattle/Texas/24-008749-003/2024(H5N1)	332	10801
HA|PP755589.1|A/cattle/Texas/24-008749-003/2024(H5N1)	333	10822
HA|PP755589.1|A/cattle/Texas/24-008749-003/2024(H5N1)	334	10811
HA|PP755589.1|A/cattle/Texas/24-008749-003/2024(H5N1)	335	10819
HA|PP755589.1|A/cattle/Texas/24-008749-003/2024(H5N1)	336	10753
HA|PP755589.1|A/cattle/Texas/24-008749-003/2024(H5N1)	337	10742
HA|PP755589.1|A/cattle/Texas/24-008749-003/2024(H5N1)	338	10665
HA|PP755589.1|A/cattle/Texas/24-008749-003/2024(H5N1)	339	10691
HA|PP755589.1|A/cattle/Texas/24-008749-003/2024(H5N1)	340	10642
HA|PP755589.1|A/cattle/Texas/24-008749-003/2024(H5N1)	341	10717
HA|PP755589.1|A/cattle/Texas/24-008749-003/2024(H5N1)	342	10735
HA|PP755589.1|A/cattle/Texas/24-008749-003/2024(H5N1)	343	10697
HA|PP755589.1|A/cattle/Texas/24-008749-003/2024(H5N1)	344	10688
HA|PP755589.1|A/cattle/Texas/24-008749-003/2024(H5N1)	345	10678
HA|PP755589.1|A/cattle/Texas/24-008749-003/2024(H5N1)	346	10732
HA|PP755589.1|A/cattle/Texas/24-008749-003/2024(H5N1)	347	10873
HA|PP755589.1|A/cattle/Texas/24-008749-003/2024(H5N1)	348	10874
HA|PP755589.1|A/cattle/Texas/24-008749-003/2024(H5N1)	349	10725
HA|PP755589.1|A/cattle/Texas/24-008749-003/2024(H5N1)	350	10648
HA|PP755589.1|A/cattle/Texas/24-008749-003/2024(H5N1)	351	10683
HA|PP755589.1|A/cattle/Texas/24-008749-003/2024(H5N1)	352	10711
HA|PP755589.1|A/cattle/Texas/24-008749-003/2024(H5N1)	353	10777
HA|PP755589.1|A/cattle/Texas/24-008749-003/2024(H5N1)	354	10784
HA|PP755589.1|A/cattle/Texas/24-008749-003/2024(H5N1)	355	10803
HA|PP755589.1|A/cattle/Texas/24-008749-003/2024(H5N1)	356	10797
HA|PP755589.1|A/cattle/Texas/24-008749-003/2024(H5N1)	357	10639
HA|PP755589.1|A/cattle/Texas/24-008749-003/2024(H5N1)	358	10626
HA|PP755589.1|A/cattle/Texas/24-008749-003/2024(H5N1)	359	10588
HA|PP755589.1|A/cattle/Texas/24-008749-003/2024(H5N1)	360	10588
HA|PP755589.1|A/cattle/Texas/24-008749-003/2024(H5N1)	361	10428
HA|PP755589.1|A/cattle/Texas/24-008749-003/2024(H5N1)	362	10365
HA|PP755589.1|A/cattle/Texas/24-008749-003/2024(H5N1)	363	10400
HA|PP755589.1|A/cattle/Texas/24-008749-003/2024(H5N1)	364	10328
HA|PP755589.1|A/cattle/Texas/24-008749-003/2024(H5N1)	365	10331
HA|PP755589.1|A/cattle/Texas/24-008749-003/2024(H5N1)	366	10065
HA|PP755589.1|A/cattle/Texas/24-008749-003/2024(H5N1)	367	9965
HA|PP755589.1|A/cattle/Texas/24-008749-003/2024(H5N1)	368	10176
HA|PP755589.1|A/cattle/Texas/24-008749-003/2024(H5N1)	369	10167
HA|PP755589.1|A/cattle/Texas/24-008749-003/2024(H5N1)	370	10525
HA|PP755589.1|A/cattle/Texas/24-008749-003/2024(H5N1)	371	10544
HA|PP755589.1|A/cattle/Texas/24-008749-003/2024(H5N1)	372	10453
HA|PP755589.1|A/cattle/Texas/24-008749-003/2024(H5N1)	373	10454
HA|PP755589.1|A/cattle/Texas/24-008749-003/2024(H5N1)	374	10466
HA|PP755589.1|A/cattle/Texas/24-008749-003/2024(H5N1)	375	10463
HA|PP755589.1|A/cattle/Texas/24-008749-003/2024(H5N1)	376	10464
HA|PP755589.1|A/cattle/Texas/24-008749-003/2024(H5N1)	377	10299
HA|PP755589.1|A/cattle/Texas/24-008749-003/2024(H5N1)	378	10222
HA|PP755589.1|A/cattle/Texas/24-008749-003/2024(H5N1)	379	10068
HA|PP755589.1|A/cattle/Texas/24-008749-003/2024(H5N1)	380	10059
HA|PP755589.1|A/cattle/Texas/24-008749-003/2024(H5N1)	381	10067
HA|PP755589.1|A/cattle/Texas/24-008749-003/2024(H5N1)	382	10054
HA|PP755589.1|A/cattle/Texas/24-008749-003/2024(H5N1)	383	10147
HA|PP755589.1|A/cattle/Texas/24-008749-003/2024(H5N1)	384	10150
HA|PP755589.1|A/cattle/Texas/24-008749-003/2024(H5N1)	385	10151
HA|PP755589.1|A/cattle/Texas/24-008749-003/2024(H5N1)	386	10148
HA|PP755589.1|A/cattle/Texas/24-008749-003/2024(H5N1)	387	10258
HA|PP755589.1|A/cattle/Texas/24-008749-003/2024(H5N1)	388	10445
HA|PP755589.1|A/cattle/Texas/24-008749-003/2024(H5N1)	389	10425
HA|PP755589.1|A/cattle/Texas/24-008749-003/2024(H5N1)	390	10430
HA|PP755589.1|A/cattle/Texas/24-008749-003/2024(H5N1)	391	10363
HA|PP755589.1|A/cattle/Texas/24-008749-003/2024(H5N1)	392	10357
HA|PP755589.1|A/cattle/Texas/24-008749-003/2024(H5N1)	393	10423
HA|PP755589.1|A/cattle/Texas/24-008749-003/2024(H5N1)	394	10626
HA|PP755589.1|A/cattle/Texas/24-008749-003/2024(H5N1)	395	10618
HA|PP755589.1|A/cattle/Texas/24-008749-003/2024(H5N1)	396	10509
HA|PP755589.1|A/cattle/Texas/24-008749-003/2024(H5N1)	397	10472
HA|PP755589.1|A/cattle/Texas/24-008749-003/2024(H5N1)	398	11022
HA|PP755589.1|A/cattle/Texas/24-008749-003/2024(H5N1)	399	11077
HA|PP755589.1|A/cattle/Texas/24-008749-003/2024(H5N1)	400	11103
HA|PP755589.1|A/cattle/Texas/24-008749-003/2024(H5N1)	401	11103
HA|PP755589.1|A/cattle/Texas/24-008749-003/2024(H5N1)	402	11107
HA|PP755589.1|A/cattle/Texas/24-008749-003/2024(H5N1)	403	11143
HA|PP755589.1|A/cattle/Texas/24-008749-003/2024(H5N1)	404	11085
HA|PP755589.1|A/cattle/Texas/24-008749-003/2024(H5N1)	405	11101
HA|PP755589.1|A/cattle/Texas/24-008749-003/2024(H5N1)	406	10929
HA|PP755589.1|A/cattle/Texas/24-008749-003/2024(H5N1)	407	10971
HA|PP755589.1|A/cattle/Texas/24-008749-003/2024(H5N1)	408	10901
HA|PP755589.1|A/cattle/Texas/24-008749-003/2024(H5N1)	409	10855
HA|PP755589.1|A/cattle/Texas/24-008749-003/2024(H5N1)	410	10853
HA|PP755589.1|A/cattle/Texas/24-008749-003/2024(H5N1)	411	10808
HA|PP755589.1|A/cattle/Texas/24-008749-003/2024(H5N1)	412	10820
HA|PP755589.1|A/cattle/Texas/24-008749-003/2024(H5N1)	413	10861
HA|PP755589.1|A/cattle/Texas/24-008749-003/2024(H5N1)	414	10847
HA|PP755589.1|A/cattle/Texas/24-008749-003/2024(H5N1)	415	10652
HA|PP755589.1|A/cattle/Texas/24-008749-003/2024(H5N1)	416	10626
HA|PP755589.1|A/cattle/Texas/24-008749-003/2024(H5N1)	417	10647
HA|PP755589.1|A/cattle/Texas/24-008749-003/2024(H5N1)	418	10664
HA|PP755589.1|A/cattle/Texas/24-008749-003/2024(H5N1)	419	10822
HA|PP755589.1|A/cattle/Texas/24-008749-003/2024(H5N1)	420	10851
HA|PP755589.1|A/cattle/Texas/24-008749-003/2024(H5N1)	421	11226
HA|PP755589.1|A/cattle/Texas/24-008749-003/2024(H5N1)	422	11191
HA|PP755589.1|A/cattle/Texas/24-008749-003/2024(H5N1)	423	11287
HA|PP755589.1|A/cattle/Texas/24-008749-003/2024(H5N1)	424	11287
HA|PP755589.1|A/cattle/Texas/24-008749-003/2024(H5N1)	425	11306
HA|PP755589.1|A/cattle/Texas/24-008749-003/2024(H5N1)	426	11342
HA|PP755589.1|A/cattle/Texas/24-008749-003/2024(H5N1)	427	10449
HA|PP755589.1|A/cattle/Texas/24-008749-003/2024(H5N1)	428	10493
HA|PP755589.1|A/cattle/Texas/24-008749-003/2024(H5N1)	429	10597
HA|PP755589.1|A/cattle/Texas/24-008749-003/2024(H5N1)	430	10621
HA|PP755589.1|A/cattle/Texas/24-008749-003/2024(H5N1)	431	11169
HA|PP755589.1|A/cattle/Texas/24-008749-003/2024(H5N1)	432	11174
HA|PP755589.1|A/cattle/Texas/24-008749-003/2024(H5N1)	433	11259
HA|PP755589.1|A/cattle/Texas/24-008749-003/2024(H5N1)	434	11242
HA|PP755589.1|A/cattle/Texas/24-008749-003/2024(H5N1)	435	11240
HA|PP755589.1|A/cattle/Texas/24-008749-003/2024(H5N1)	436	11274
HA|PP755589.1|A/cattle/Texas/24-008749-003/2024(H5N1)	437	10858
HA|PP755589.1|A/cattle/Texas/24-008749-003/2024(H5N1)	438	11008
HA|PP755589.1|A/cattle/Texas/24-008749-003/2024(H5N1)	439	10984
HA|PP755589.1|A/cattle/Texas/24-008749-003/2024(H5N1)	440	10457
HA|PP755589.1|A/cattle/Texas/24-008749-003/2024(H5N1)	441	10512
HA|PP755589.1|A/cattle/Texas/24-008749-003/2024(H5N1)	442	10414
HA|PP755589.1|A/cattle/Texas/24-008749-003/2024(H5N1)	443	10436
HA|PP755589.1|A/cattle/Texas/24-008749-003/2024(H5N1)	444	10104
HA|PP755589.1|A/cattle/Texas/24-008749-003/2024(H5N1)	445	10029
HA|PP755589.1|A/cattle/Texas/24-008749-003/2024(H5N1)	446	10168
HA|PP755589.1|A/cattle/Texas/24-008749-003/2024(H5N1)	447	10054
HA|PP755589.1|A/cattle/Texas/24-008749-003/2024(H5N1)	448	10086
HA|PP755589.1|A/cattle/Texas/24-008749-003/2024(H5N1)	449	10203
HA|PP755589.1|A/cattle/Texas/24-008749-003/2024(H5N1)	450	10145
HA|PP755589.1|A/cattle/Texas/24-008749-003/2024(H5N1)	451	10208
HA|PP755589.1|A/cattle/Texas/24-008749-003/2024(H5N1)	452	10618
HA|PP755589.1|A/cattle/Texas/24-008749-003/2024(H5N1)	453	10658
HA|PP755589.1|A/cattle/Texas/24-008749-003/2024(H5N1)	454	10889
HA|PP755589.1|A/cattle/Texas/24-008749-003/2024(H5N1)	455	10768
HA|PP755589.1|A/cattle/Texas/24-008749-003/2024(H5N1)	456	11014
HA|PP755589.1|A/cattle/Texas/24-008749-003/2024(H5N1)	457	11142
HA|PP755589.1|A/cattle/Texas/24-008749-003/2024(H5N1)	458	11120
HA|PP755589.1|A/cattle/Texas/24-008749-003/2024(H5N1)	459	11187
HA|PP755589.1|A/cattle/Texas/24-008749-003/2024(H5N1)	460	11103
HA|PP755589.1|A/cattle/Texas/24-008749-003/2024(H5N1)	461	10739
HA|PP755589.1|A/cattle/Texas/24-008749-003/2024(H5N1)	462	10768
HA|PP755589.1|A/cattle/Texas/24-008749-003/2024(H5N1)	463	10802
HA|PP755589.1|A/cattle/Texas/24-008749-003/2024(H5N1)	464	10809
HA|PP755589.1|A/cattle/Texas/24-008749-003/2024(H5N1)	465	10550
HA|PP755589.1|A/cattle/Texas/24-008749-003/2024(H5N1)	466	10117
HA|PP755589.1|A/cattle/Texas/24-008749-003/2024(H5N1)	467	10143
HA|PP755589.1|A/cattle/Texas/24-008749-003/2024(H5N1)	468	10072
HA|PP755589.1|A/cattle/Texas/24-008749-003/2024(H5N1)	469	10048
HA|PP755589.1|A/cattle/Texas/24-008749-003/2024(H5N1)	470	9839
HA|PP755589.1|A/cattle/Texas/24-008749-003/2024(H5N1)	471	9828
HA|PP755589.1|A/cattle/Texas/24-008749-003/2024(H5N1)	472	9798
HA|PP755589.1|A/cattle/Texas/24-008749-003/2024(H5N1)	473	9809
HA|PP755589.1|A/cattle/Texas/24-008749-003/2024(H5N1)	474	9807
HA|PP755589.1|A/cattle/Texas/24-008749-003/2024(H5N1)	475	9776
HA|PP755589.1|A/cattle/Texas/24-008749-003/2024(H5N1)	476	9780
HA|PP755589.1|A/cattle/Texas/24-008749-003/2024(H5N1)	477	9801
HA|PP755589.1|A/cattle/Texas/24-008749-003/2024(H5N1)	478	9778
HA|PP755589.1|A/cattle/Texas/24-008749-003/2024(H5N1)	479	9790
HA|PP755589.1|A/cattle/Texas/24-008749-003/2024(H5N1)	480	9634
HA|PP755589.1|A/cattle/Texas/24-008749-003/2024(H5N1)	481	9624
HA|PP755589.1|A/cattle/Texas/24-008749-003/2024(H5N1)	482	9577
HA|PP755589.1|A/cattle/Texas/24-008749-003/2024(H5N1)	483	9373
HA|PP755589.1|A/cattle/Texas/24-008749-003/2024(H5N1)	484	9403
HA|PP755589.1|A/cattle/Texas/24-008749-003/2024(H5N1)	485	9453
HA|PP755589.1|A/cattle/Texas/24-008749-003/2024(H5N1)	486	9448
HA|PP755589.1|A/cattle/Texas/24-008749-003/2024(H5N1)	487	9548
HA|PP755589.1|A/cattle/Texas/24-008749-003/2024(H5N1)	488	9558
HA|PP755589.1|A/cattle/Texas/24-008749-003/2024(H5N1)	489	9584
HA|PP755589.1|A/cattle/Texas/24-008749-003/2024(H5N1)	490	9602
HA|PP755589.1|A/cattle/Texas/24-008749-003/2024(H5N1)	491	9607
HA|PP755589.1|A/cattle/Texas/24-008749-003/2024(H5N1)	492	9550
HA|PP755589.1|A/cattle/Texas/24-008749-003/2024(H5N1)	493	9618
HA|PP755589.1|A/cattle/Texas/24-008749-003/2024(H5N1)	494	9618
HA|PP755589.1|A/cattle/Texas/24-008749-003/2024(H5N1)	495	9663
HA|PP755589.1|A/cattle/Texas/24-008749-003/2024(H5N1)	496	9605
HA|PP755589.1|A/cattle/Texas/24-008749-003/2024(H5N1)	497	9622
HA|PP755589.1|A/cattle/Texas/24-008749-003/2024(H5N1)	498	9542
HA|PP755589.1|A/cattle/Texas/24-008749-003/2024(H5N1)	499	9527
HA|PP755589.1|A/cattle/Texas/24-008749-003/2024(H5N1)	500	9463
HA|PP755589.1|A/cattle/Texas/24-008749-003/2024(H5N1)	501	9434
HA|PP755589.1|A/cattle/Texas/24-008749-003/2024(H5N1)	502	9438
HA|PP755589.1|A/cattle/Texas/24-008749-003/2024(H5N1)	503	9428
HA|PP755589.1|A/cattle/Texas/24-008749-003/2024(H5N1)	504	9376
HA|PP755589.1|A/cattle/Texas/24-008749-003/2024(H5N1)	505	9373
HA|PP755589.1|A/cattle/Texas/24-008749-003/2024(H5N1)	506	9315
HA|PP755589.1|A/cattle/Texas/24-008749-003/2024(H5N1)	507	9393
HA|PP755589.1|A/cattle/Texas/24-008749-003/2024(H5N1)	508	9352
HA|PP755589.1|A/cattle/Texas/24-008749-003/2024(H5N1)	509	9356
HA|PP755589.1|A/cattle/Texas/24-008749-003/2024(H5N1)	510	9343
HA|PP755589.1|A/cattle/Texas/24-008749-003/2024(H5N1)	511	9361
HA|PP755589.1|A/cattle/Texas/24-008749-003/2024(H5N1)	512	9797
HA|PP755589.1|A/cattle/Texas/24-008749-003/2024(H5N1)	513	9831
HA|PP755589.1|A/cattle/Texas/24-008749-003/2024(H5N1)	514	9760
HA|PP755589.1|A/cattle/Texas/24-008749-003/2024(H5N1)	515	9755
HA|PP755589.1|A/cattle/Texas/24-008749-003/2024(H5N1)	516	9872
HA|PP755589.1|A/cattle/Texas/24-008749-003/2024(H5N1)	517	10094
HA|PP755589.1|A/cattle/Texas/24-008749-003/2024(H5N1)	518	10103
HA|PP755589.1|A/cattle/Texas/24-008749-003/2024(H5N1)	519	9934
HA|PP755589.1|A/cattle/Texas/24-008749-003/2024(H5N1)	520	9912
HA|PP755589.1|A/cattle/Texas/24-008749-003/2024(H5N1)	521	9573
HA|PP755589.1|A/cattle/Texas/24-008749-003/2024(H5N1)	522	9665
HA|PP755589.1|A/cattle/Texas/24-008749-003/2024(H5N1)	523	9709
HA|PP755589.1|A/cattle/Texas/24-008749-003/2024(H5N1)	524	10470
HA|PP755589.1|A/cattle/Texas/24-008749-003/2024(H5N1)	525	10395
HA|PP755589.1|A/cattle/Texas/24-008749-003/2024(H5N1)	526	10412
HA|PP755589.1|A/cattle/Texas/24-008749-003/2024(H5N1)	527	10450
HA|PP755589.1|A/cattle/Texas/24-008749-003/2024(H5N1)	528	10359
HA|PP755589.1|A/cattle/Texas/24-008749-003/2024(H5N1)	529	10432
HA|PP755589.1|A/cattle/Texas/24-008749-003/2024(H5N1)	530	10469
HA|PP755589.1|A/cattle/Texas/24-008749-003/2024(H5N1)	531	10485
HA|PP755589.1|A/cattle/Texas/24-008749-003/2024(H5N1)	532	10474
HA|PP755589.1|A/cattle/Texas/24-008749-003/2024(H5N1)	533	10331
HA|PP755589.1|A/cattle/Texas/24-008749-003/2024(H5N1)	534	10337
HA|PP755589.1|A/cattle/Texas/24-008749-003/2024(H5N1)	535	10494
HA|PP755589.1|A/cattle/Texas/24-008749-003/2024(H5N1)	536	10731
HA|PP755589.1|A/cattle/Texas/24-008749-003/2024(H5N1)	537	10555
HA|PP755589.1|A/cattle/Texas/24-008749-003/2024(H5N1)	538	10547
HA|PP755589.1|A/cattle/Texas/24-008749-003/2024(H5N1)	539	10538
HA|PP755589.1|A/cattle/Texas/24-008749-003/2024(H5N1)	540	11095
HA|PP755589.1|A/cattle/Texas/24-008749-003/2024(H5N1)	541	11084
HA|PP755589.1|A/cattle/Texas/24-008749-003/2024(H5N1)	542	11099
HA|PP755589.1|A/cattle/Texas/24-008749-003/2024(H5N1)	543	11094
HA|PP755589.1|A/cattle/Texas/24-008749-003/2024(H5N1)	544	10900
HA|PP755589.1|A/cattle/Texas/24-008749-003/2024(H5N1)	545	10972
HA|PP755589.1|A/cattle/Texas/24-008749-003/2024(H5N1)	546	10964
HA|PP755589.1|A/cattle/Texas/24-008749-003/2024(H5N1)	547	10978
HA|PP755589.1|A/cattle/Texas/24-008749-003/2024(H5N1)	548	10791
HA|PP755589.1|A/cattle/Texas/24-008749-003/2024(H5N1)	549	10419
HA|PP755589.1|A/cattle/Texas/24-008749-003/2024(H5N1)	550	10444
HA|PP755589.1|A/cattle/Texas/24-008749-003/2024(H5N1)	551	10431
HA|PP755589.1|A/cattle/Texas/24-008749-003/2024(H5N1)	552	10430
HA|PP755589.1|A/cattle/Texas/24-008749-003/2024(H5N1)	553	10422
HA|PP755589.1|A/cattle/Texas/24-008749-003/2024(H5N1)	554	10391
HA|PP755589.1|A/cattle/Texas/24-008749-003/2024(H5N1)	555	10469
HA|PP755589.1|A/cattle/Texas/24-008749-003/2024(H5N1)	556	10459
HA|PP755589.1|A/cattle/Texas/24-008749-003/2024(H5N1)	557	10464
HA|PP755589.1|A/cattle/Texas/24-008749-003/2024(H5N1)	558	10419
HA|PP755589.1|A/cattle/Texas/24-008749-003/2024(H5N1)	559	10485
HA|PP755589.1|A/cattle/Texas/24-008749-003/2024(H5N1)	560	10560
HA|PP755589.1|A/cattle/Texas/24-008749-003/2024(H5N1)	561	10719
HA|PP755589.1|A/cattle/Texas/24-008749-003/2024(H5N1)	562	10861
HA|PP755589.1|A/cattle/Texas/24-008749-003/2024(H5N1)	563	11043
HA|PP755589.1|A/cattle/Texas/24-008749-003/2024(H5N1)	564	11212
HA|PP755589.1|A/cattle/Texas/24-008749-003/2024(H5N1)	565	11211
HA|PP755589.1|A/cattle/Texas/24-008749-003/2024(H5N1)	566	11228
HA|PP755589.1|A/cattle/Texas/24-008749-003/2024(H5N1)	567	11239
HA|PP755589.1|A/cattle/Texas/24-008749-003/2024(H5N1)	568	11292
HA|PP755589.1|A/cattle/Texas/24-008749-003/2024(H5N1)	569	11273
HA|PP755589.1|A/cattle/Texas/24-008749-003/2024(H5N1)	570	11179
HA|PP755589.1|A/cattle/Texas/24-008749-003/2024(H5N1)	571	11261
HA|PP755589.1|A/cattle/Texas/24-008749-003/2024(H5N1)	572	11140
HA|PP755589.1|A/cattle/Texas/24-008749-003/2024(H5N1)	573	11495
HA|PP755589.1|A/cattle/Texas/24-008749-003/2024(H5N1)	574	11467
HA|PP755589.1|A/cattle/Texas/24-008749-003/2024(H5N1)	575	11469
HA|PP755589.1|A/cattle/Texas/24-008749-003/2024(H5N1)	576	11462
HA|PP755589.1|A/cattle/Texas/24-008749-003/2024(H5N1)	577	11403
HA|PP755589.1|A/cattle/Texas/24-008749-003/2024(H5N1)	578	11652
HA|PP755589.1|A/cattle/Texas/24-008749-003/2024(H5N1)	579	11508
HA|PP755589.1|A/cattle/Texas/24-008749-003/2024(H5N1)	580	11491
HA|PP755589.1|A/cattle/Texas/24-008749-003/2024(H5N1)	581	11463
HA|PP755589.1|A/cattle/Texas/24-008749-003/2024(H5N1)	582	10709
HA|PP755589.1|A/cattle/Texas/24-008749-003/2024(H5N1)	583	10629
HA|PP755589.1|A/cattle/Texas/24-008749-003/2024(H5N1)	584	10611
HA|PP755589.1|A/cattle/Texas/24-008749-003/2024(H5N1)	585	10880
HA|PP755589.1|A/cattle/Texas/24-008749-003/2024(H5N1)	586	10849
HA|PP755589.1|A/cattle/Texas/24-008749-003/2024(H5N1)	587	10714
HA|PP755589.1|A/cattle/Texas/24-008749-003/2024(H5N1)	588	10851
HA|PP755589.1|A/cattle/Texas/24-008749-003/2024(H5N1)	589	10703
HA|PP755589.1|A/cattle/Texas/24-008749-003/2024(H5N1)	590	11494
HA|PP755589.1|A/cattle/Texas/24-008749-003/2024(H5N1)	591	11508
HA|PP755589.1|A/cattle/Texas/24-008749-003/2024(H5N1)	592	11479
HA|PP755589.1|A/cattle/Texas/24-008749-003/2024(H5N1)	593	11482
HA|PP755589.1|A/cattle/Texas/24-008749-003/2024(H5N1)	594	11533
HA|PP755589.1|A/cattle/Texas/24-008749-003/2024(H5N1)	595	11489
HA|PP755589.1|A/cattle/Texas/24-008749-003/2024(H5N1)	596	11883
HA|PP755589.1|A/cattle/Texas/24-008749-003/2024(H5N1)	597	11642
HA|PP755589.1|A/cattle/Texas/24-008749-003/2024(H5N1)	598	11686
HA|PP755589.1|A/cattle/Texas/24-008749-003/2024(H5N1)	599	11686
HA|PP755589.1|A/cattle/Texas/24-008749-003/2024(H5N1)	600	11620
HA|PP755589.1|A/cattle/Texas/24-008749-003/2024(H5N1)	601	11646
HA|PP755589.1|A/cattle/Texas/24-008749-003/2024(H5N1)	602	11938
HA|PP755589.1|A/cattle/Texas/24-008749-003/2024(H5N1)	603	11518
HA|PP755589.1|A/cattle/Texas/24-008749-003/2024(H5N1)	604	11610
HA|PP755589.1|A/cattle/Texas/24-008749-003/2024(H5N1)	605	11231
HA|PP755589.1|A/cattle/Texas/24-008749-003/2024(H5N1)	606	11272
HA|PP755589.1|A/cattle/Texas/24-008749-003/2024(H5N1)	607	10948
HA|PP755589.1|A/cattle/Texas/24-008749-003/2024(H5N1)	608	10950
HA|PP755589.1|A/cattle/Texas/24-008749-003/2024(H5N1)	609	11037
HA|PP755589.1|A/cattle/Texas/24-008749-003/2024(H5N1)	610	10998
HA|PP755589.1|A/cattle/Texas/24-008749-003/2024(H5N1)	611	11037
HA|PP755589.1|A/cattle/Texas/24-008749-003/2024(H5N1)	612	11017
HA|PP755589.1|A/cattle/Texas/24-008749-003/2024(H5N1)	613	10948
HA|PP755589.1|A/cattle/Texas/24-008749-003/2024(H5N1)	614	10923
HA|PP755589.1|A/cattle/Texas/24-008749-003/2024(H5N1)	615	10940
HA|PP755589.1|A/cattle/Texas/24-008749-003/2024(H5N1)	616	11263
HA|PP755589.1|A/cattle/Texas/24-008749-003/2024(H5N1)	617	11193
HA|PP755589.1|A/cattle/Texas/24-008749-003/2024(H5N1)	618	11143
HA|PP755589.1|A/cattle/Texas/24-008749-003/2024(H5N1)	619	11141
HA|PP755589.1|A/cattle/Texas/24-008749-003/2024(H5N1)	620	11202
HA|PP755589.1|A/cattle/Texas/24-008749-003/2024(H5N1)	621	11209
HA|PP755589.1|A/cattle/Texas/24-008749-003/2024(H5N1)	622	11196
HA|PP755589.1|A/cattle/Texas/24-008749-003/2024(H5N1)	623	11182
HA|PP755589.1|A/cattle/Texas/24-008749-003/2024(H5N1)	624	11218
HA|PP755589.1|A/cattle/Texas/24-008749-003/2024(H5N1)	625	11231
HA|PP755589.1|A/cattle/Texas/24-008749-003/2024(H5N1)	626	11262
HA|PP755589.1|A/cattle/Texas/24-008749-003/2024(H5N1)	627	11329
HA|PP755589.1|A/cattle/Texas/24-008749-003/2024(H5N1)	628	11310
HA|PP755589.1|A/cattle/Texas/24-008749-003/2024(H5N1)	629	11287
HA|PP755589.1|A/cattle/Texas/24-008749-003/2024(H5N1)	630	11272
HA|PP755589.1|A/cattle/Texas/24-008749-003/2024(H5N1)	631	11348
HA|PP755589.1|A/cattle/Texas/24-008749-003/2024(H5N1)	632	11368
HA|PP755589.1|A/cattle/Texas/24-008749-003/2024(H5N1)	633	11414
HA|PP755589.1|A/cattle/Texas/24-008749-003/2024(H5N1)	634	11413
HA|PP755589.1|A/cattle/Texas/24-008749-003/2024(H5N1)	635	11483
HA|PP755589.1|A/cattle/Texas/24-008749-003/2024(H5N1)	636	11380
HA|PP755589.1|A/cattle/Texas/24-008749-003/2024(H5N1)	637	11354
HA|PP755589.1|A/cattle/Texas/24-008749-003/2024(H5N1)	638	11449
HA|PP755589.1|A/cattle/Texas/24-008749-003/2024(H5N1)	639	11395
HA|PP755589.1|A/cattle/Texas/24-008749-003/2024(H5N1)	640	11345
HA|PP755589.1|A/cattle/Texas/24-008749-003/2024(H5N1)	641	11337
HA|PP755589.1|A/cattle/Texas/24-008749-003/2024(H5N1)	642	11255
HA|PP755589.1|A/cattle/Texas/24-008749-003/2024(H5N1)	643	11233
HA|PP755589.1|A/cattle/Texas/24-008749-003/2024(H5N1)	644	11103
HA|PP755589.1|A/cattle/Texas/24-008749-003/2024(H5N1)	645	11076
HA|PP755589.1|A/cattle/Texas/24-008749-003/2024(H5N1)	646	11094
HA|PP755589.1|A/cattle/Texas/24-008749-003/2024(H5N1)	647	11026
HA|PP755589.1|A/cattle/Texas/24-008749-003/2024(H5N1)	648	10964
HA|PP755589.1|A/cattle/Texas/24-008749-003/2024(H5N1)	649	10966
HA|PP755589.1|A/cattle/Texas/24-008749-003/2024(H5N1)	650	10977
HA|PP755589.1|A/cattle/Texas/24-008749-003/2024(H5N1)	651	11354
HA|PP755589.1|A/cattle/Texas/24-008749-003/2024(H5N1)	652	11477
HA|PP755589.1|A/cattle/Texas/24-008749-003/2024(H5N1)	653	11536
HA|PP755589.1|A/cattle/Texas/24-008749-003/2024(H5N1)	654	11586
HA|PP755589.1|A/cattle/Texas/24-008749-003/2024(H5N1)	655	11577
HA|PP755589.1|A/cattle/Texas/24-008749-003/2024(H5N1)	656	11637
HA|PP755589.1|A/cattle/Texas/24-008749-003/2024(H5N1)	657	11788
HA|PP755589.1|A/cattle/Texas/24-008749-003/2024(H5N1)	658	11858
HA|PP755589.1|A/cattle/Texas/24-008749-003/2024(H5N1)	659	12105
HA|PP755589.1|A/cattle/Texas/24-008749-003/2024(H5N1)	660	12065
HA|PP755589.1|A/cattle/Texas/24-008749-003/2024(H5N1)	661	12085
HA|PP755589.1|A/cattle/Texas/24-008749-003/2024(H5N1)	662	12014
HA|PP755589.1|A/cattle/Texas/24-008749-003/2024(H5N1)	663	11672
HA|PP755589.1|A/cattle/Texas/24-008749-003/2024(H5N1)	664	11807
HA|PP755589.1|A/cattle/Texas/24-008749-003/2024(H5N1)	665	11855
HA|PP755589.1|A/cattle/Texas/24-008749-003/2024(H5N1)	666	11853
HA|PP755589.1|A/cattle/Texas/24-008749-003/2024(H5N1)	667	11731
HA|PP755589.1|A/cattle/Texas/24-008749-003/2024(H5N1)	668	11463
HA|PP755589.1|A/cattle/Texas/24-008749-003/2024(H5N1)	669	11513
HA|PP755589.1|A/cattle/Texas/24-008749-003/2024(H5N1)	670	11481
HA|PP755589.1|A/cattle/Texas/24-008749-003/2024(H5N1)	671	11609
HA|PP755589.1|A/cattle/Texas/24-008749-003/2024(H5N1)	672	11592
HA|PP755589.1|A/cattle/Texas/24-008749-003/2024(H5N1)	673	11442
HA|PP755589.1|A/cattle/Texas/24-008749-003/2024(H5N1)	674	11407
HA|PP755589.1|A/cattle/Texas/24-008749-003/2024(H5N1)	675	10663
HA|PP755589.1|A/cattle/Texas/24-008749-003/2024(H5N1)	676	10693
HA|PP755589.1|A/cattle/Texas/24-008749-003/2024(H5N1)	677	10688
HA|PP755589.1|A/cattle/Texas/24-008749-003/2024(H5N1)	678	10668
HA|PP755589.1|A/cattle/Texas/24-008749-003/2024(H5N1)	679	10728
HA|PP755589.1|A/cattle/Texas/24-008749-003/2024(H5N1)	680	10598
HA|PP755589.1|A/cattle/Texas/24-008749-003/2024(H5N1)	681	10647
HA|PP755589.1|A/cattle/Texas/24-008749-003/2024(H5N1)	682	10663
HA|PP755589.1|A/cattle/Texas/24-008749-003/2024(H5N1)	683	10668
HA|PP755589.1|A/cattle/Texas/24-008749-003/2024(H5N1)	684	10679
HA|PP755589.1|A/cattle/Texas/24-008749-003/2024(H5N1)	685	10664
HA|PP755589.1|A/cattle/Texas/24-008749-003/2024(H5N1)	686	10604
HA|PP755589.1|A/cattle/Texas/24-008749-003/2024(H5N1)	687	10406
HA|PP755589.1|A/cattle/Texas/24-008749-003/2024(H5N1)	688	10382
HA|PP755589.1|A/cattle/Texas/24-008749-003/2024(H5N1)	689	9965
HA|PP755589.1|A/cattle/Texas/24-008749-003/2024(H5N1)	690	9957
HA|PP755589.1|A/cattle/Texas/24-008749-003/2024(H5N1)	691	10138
HA|PP755589.1|A/cattle/Texas/24-008749-003/2024(H5N1)	692	10127
HA|PP755589.1|A/cattle/Texas/24-008749-003/2024(H5N1)	693	10124
HA|PP755589.1|A/cattle/Texas/24-008749-003/2024(H5N1)	694	10120
HA|PP755589.1|A/cattle/Texas/24-008749-003/2024(H5N1)	695	10161
HA|PP755589.1|A/cattle/Texas/24-008749-003/2024(H5N1)	696	10278
HA|PP755589.1|A/cattle/Texas/24-008749-003/2024(H5N1)	697	10265
HA|PP755589.1|A/cattle/Texas/24-008749-003/2024(H5N1)	698	10264
HA|PP755589.1|A/cattle/Texas/24-008749-003/2024(H5N1)	699	10291
HA|PP755589.1|A/cattle/Texas/24-008749-003/2024(H5N1)	700	10110
HA|PP755589.1|A/cattle/Texas/24-008749-003/2024(H5N1)	701	10143
HA|PP755589.1|A/cattle/Texas/24-008749-003/2024(H5N1)	702	10142
HA|PP755589.1|A/cattle/Texas/24-008749-003/2024(H5N1)	703	10199
HA|PP755589.1|A/cattle/Texas/24-008749-003/2024(H5N1)	704	10186
HA|PP755589.1|A/cattle/Texas/24-008749-003/2024(H5N1)	705	10092
HA|PP755589.1|A/cattle/Texas/24-008749-003/2024(H5N1)	706	10152
HA|PP755589.1|A/cattle/Texas/24-008749-003/2024(H5N1)	707	10152
HA|PP755589.1|A/cattle/Texas/24-008749-003/2024(H5N1)	708	10207
HA|PP755589.1|A/cattle/Texas/24-008749-003/2024(H5N1)	709	10159
HA|PP755589.1|A/cattle/Texas/24-008749-003/2024(H5N1)	710	10189
HA|PP755589.1|A/cattle/Texas/24-008749-003/2024(H5N1)	711	10184
HA|PP755589.1|A/cattle/Texas/24-008749-003/2024(H5N1)	712	10019
HA|PP755589.1|A/cattle/Texas/24-008749-003/2024(H5N1)	713	10012
HA|PP755589.1|A/cattle/Texas/24-008749-003/2024(H5N1)	714	10848
HA|PP755589.1|A/cattle/Texas/24-008749-003/2024(H5N1)	715	10910
HA|PP755589.1|A/cattle/Texas/24-008749-003/2024(H5N1)	716	10967
HA|PP755589.1|A/cattle/Texas/24-008749-003/2024(H5N1)	717	10955
HA|PP755589.1|A/cattle/Texas/24-008749-003/2024(H5N1)	718	10912
HA|PP755589.1|A/cattle/Texas/24-008749-003/2024(H5N1)	719	10866
HA|PP755589.1|A/cattle/Texas/24-008749-003/2024(H5N1)	720	10958
HA|PP755589.1|A/cattle/Texas/24-008749-003/2024(H5N1)	721	10938
HA|PP755589.1|A/cattle/Texas/24-008749-003/2024(H5N1)	722	10895
HA|PP755589.1|A/cattle/Texas/24-008749-003/2024(H5N1)	723	10594
HA|PP755589.1|A/cattle/Texas/24-008749-003/2024(H5N1)	724	10250
HA|PP755589.1|A/cattle/Texas/24-008749-003/2024(H5N1)	725	10459
HA|PP755589.1|A/cattle/Texas/24-008749-003/2024(H5N1)	726	10443
HA|PP755589.1|A/cattle/Texas/24-008749-003/2024(H5N1)	727	10692
HA|PP755589.1|A/cattle/Texas/24-008749-003/2024(H5N1)	728	11073
HA|PP755589.1|A/cattle/Texas/24-008749-003/2024(H5N1)	729	10858
HA|PP755589.1|A/cattle/Texas/24-008749-003/2024(H5N1)	730	10801
HA|PP755589.1|A/cattle/Texas/24-008749-003/2024(H5N1)	731	10763
HA|PP755589.1|A/cattle/Texas/24-008749-003/2024(H5N1)	732	11686
HA|PP755589.1|A/cattle/Texas/24-008749-003/2024(H5N1)	733	11682
HA|PP755589.1|A/cattle/Texas/24-008749-003/2024(H5N1)	734	11681
HA|PP755589.1|A/cattle/Texas/24-008749-003/2024(H5N1)	735	11540
HA|PP755589.1|A/cattle/Texas/24-008749-003/2024(H5N1)	736	11375
HA|PP755589.1|A/cattle/Texas/24-008749-003/2024(H5N1)	737	11423
HA|PP755589.1|A/cattle/Texas/24-008749-003/2024(H5N1)	738	11435
HA|PP755589.1|A/cattle/Texas/24-008749-003/2024(H5N1)	739	11436
HA|PP755589.1|A/cattle/Texas/24-008749-003/2024(H5N1)	740	11446
HA|PP755589.1|A/cattle/Texas/24-008749-003/2024(H5N1)	741	10611
HA|PP755589.1|A/cattle/Texas/24-008749-003/2024(H5N1)	742	10661
HA|PP755589.1|A/cattle/Texas/24-008749-003/2024(H5N1)	743	10841
HA|PP755589.1|A/cattle/Texas/24-008749-003/2024(H5N1)	744	10965
HA|PP755589.1|A/cattle/Texas/24-008749-003/2024(H5N1)	745	11182
HA|PP755589.1|A/cattle/Texas/24-008749-003/2024(H5N1)	746	11268
HA|PP755589.1|A/cattle/Texas/24-008749-003/2024(H5N1)	747	10918
HA|PP755589.1|A/cattle/Texas/24-008749-003/2024(H5N1)	748	11013
HA|PP755589.1|A/cattle/Texas/24-008749-003/2024(H5N1)	749	10973
HA|PP755589.1|A/cattle/Texas/24-008749-003/2024(H5N1)	750	10952
HA|PP755589.1|A/cattle/Texas/24-008749-003/2024(H5N1)	751	10926
HA|PP755589.1|A/cattle/Texas/24-008749-003/2024(H5N1)	752	10700
HA|PP755589.1|A/cattle/Texas/24-008749-003/2024(H5N1)	753	10648
HA|PP755589.1|A/cattle/Texas/24-008749-003/2024(H5N1)	754	10626
HA|PP755589.1|A/cattle/Texas/24-008749-003/2024(H5N1)	755	10582
HA|PP755589.1|A/cattle/Texas/24-008749-003/2024(H5N1)	756	10586
HA|PP755589.1|A/cattle/Texas/24-008749-003/2024(H5N1)	757	10540
HA|PP755589.1|A/cattle/Texas/24-008749-003/2024(H5N1)	758	10895
HA|PP755589.1|A/cattle/Texas/24-008749-003/2024(H5N1)	759	10852
HA|PP755589.1|A/cattle/Texas/24-008749-003/2024(H5N1)	760	10762
HA|PP755589.1|A/cattle/Texas/24-008749-003/2024(H5N1)	761	10835
HA|PP755589.1|A/cattle/Texas/24-008749-003/2024(H5N1)	762	10735
HA|PP755589.1|A/cattle/Texas/24-008749-003/2024(H5N1)	763	10792
HA|PP755589.1|A/cattle/Texas/24-008749-003/2024(H5N1)	764	10764
HA|PP755589.1|A/cattle/Texas/24-008749-003/2024(H5N1)	765	10779
HA|PP755589.1|A/cattle/Texas/24-008749-003/2024(H5N1)	766	10850
HA|PP755589.1|A/cattle/Texas/24-008749-003/2024(H5N1)	767	10513
HA|PP755589.1|A/cattle/Texas/24-008749-003/2024(H5N1)	768	10557
HA|PP755589.1|A/cattle/Texas/24-008749-003/2024(H5N1)	769	10564
HA|PP755589.1|A/cattle/Texas/24-008749-003/2024(H5N1)	770	10565
HA|PP755589.1|A/cattle/Texas/24-008749-003/2024(H5N1)	771	10502
HA|PP755589.1|A/cattle/Texas/24-008749-003/2024(H5N1)	772	10493
HA|PP755589.1|A/cattle/Texas/24-008749-003/2024(H5N1)	773	10492
HA|PP755589.1|A/cattle/Texas/24-008749-003/2024(H5N1)	774	10508
HA|PP755589.1|A/cattle/Texas/24-008749-003/2024(H5N1)	775	10488
HA|PP755589.1|A/cattle/Texas/24-008749-003/2024(H5N1)	776	10474
HA|PP755589.1|A/cattle/Texas/24-008749-003/2024(H5N1)	777	10493
HA|PP755589.1|A/cattle/Texas/24-008749-003/2024(H5N1)	778	10415
HA|PP755589.1|A/cattle/Texas/24-008749-003/2024(H5N1)	779	10489
HA|PP755589.1|A/cattle/Texas/24-008749-003/2024(H5N1)	780	10491
HA|PP755589.1|A/cattle/Texas/24-008749-003/2024(H5N1)	781	10503
HA|PP755589.1|A/cattle/Texas/24-008749-003/2024(H5N1)	782	10439
HA|PP755589.1|A/cattle/Texas/24-008749-003/2024(H5N1)	783	10449
HA|PP755589.1|A/cattle/Texas/24-008749-003/2024(H5N1)	784	11067
HA|PP755589.1|A/cattle/Texas/24-008749-003/2024(H5N1)	785	11237
HA|PP755589.1|A/cattle/Texas/24-008749-003/2024(H5N1)	786	11130
HA|PP755589.1|A/cattle/Texas/24-008749-003/2024(H5N1)	787	11224
HA|PP755589.1|A/cattle/Texas/24-008749-003/2024(H5N1)	788	11225
HA|PP755589.1|A/cattle/Texas/24-008749-003/2024(H5N1)	789	11117
HA|PP755589.1|A/cattle/Texas/24-008749-003/2024(H5N1)	790	11110
HA|PP755589.1|A/cattle/Texas/24-008749-003/2024(H5N1)	791	11150
HA|PP755589.1|A/cattle/Texas/24-008749-003/2024(H5N1)	792	11274
HA|PP755589.1|A/cattle/Texas/24-008749-003/2024(H5N1)	793	11639
HA|PP755589.1|A/cattle/Texas/24-008749-003/2024(H5N1)	794	11812
HA|PP755589.1|A/cattle/Texas/24-008749-003/2024(H5N1)	795	11805
HA|PP755589.1|A/cattle/Texas/24-008749-003/2024(H5N1)	796	11914
HA|PP755589.1|A/cattle/Texas/24-008749-003/2024(H5N1)	797	11909
HA|PP755589.1|A/cattle/Texas/24-008749-003/2024(H5N1)	798	11963
HA|PP755589.1|A/cattle/Texas/24-008749-003/2024(H5N1)	799	12160
HA|PP755589.1|A/cattle/Texas/24-008749-003/2024(H5N1)	800	12847
HA|PP755589.1|A/cattle/Texas/24-008749-003/2024(H5N1)	801	12917
HA|PP755589.1|A/cattle/Texas/24-008749-003/2024(H5N1)	802	12526
HA|PP755589.1|A/cattle/Texas/24-008749-003/2024(H5N1)	803	12412
HA|PP755589.1|A/cattle/Texas/24-008749-003/2024(H5N1)	804	12383
HA|PP755589.1|A/cattle/Texas/24-008749-003/2024(H5N1)	805	12328
HA|PP755589.1|A/cattle/Texas/24-008749-003/2024(H5N1)	806	12371
HA|PP755589.1|A/cattle/Texas/24-008749-003/2024(H5N1)	807	12356
HA|PP755589.1|A/cattle/Texas/24-008749-003/2024(H5N1)	808	12192
HA|PP755589.1|A/cattle/Texas/24-008749-003/2024(H5N1)	809	12068
HA|PP755589.1|A/cattle/Texas/24-008749-003/2024(H5N1)	810	11851
HA|PP755589.1|A/cattle/Texas/24-008749-003/2024(H5N1)	811	11904
HA|PP755589.1|A/cattle/Texas/24-008749-003/2024(H5N1)	812	11988
HA|PP755589.1|A/cattle/Texas/24-008749-003/2024(H5N1)	813	11995
HA|PP755589.1|A/cattle/Texas/24-008749-003/2024(H5N1)	814	11993
HA|PP755589.1|A/cattle/Texas/24-008749-003/2024(H5N1)	815	11846
HA|PP755589.1|A/cattle/Texas/24-008749-003/2024(H5N1)	816	11807
HA|PP755589.1|A/cattle/Texas/24-008749-003/2024(H5N1)	817	11789
HA|PP755589.1|A/cattle/Texas/24-008749-003/2024(H5N1)	818	11774
HA|PP755589.1|A/cattle/Texas/24-008749-003/2024(H5N1)	819	11772
HA|PP755589.1|A/cattle/Texas/24-008749-003/2024(H5N1)	820	11742
HA|PP755589.1|A/cattle/Texas/24-008749-003/2024(H5N1)	821	11743
HA|PP755589.1|A/cattle/Texas/24-008749-003/2024(H5N1)	822	11693
HA|PP755589.1|A/cattle/Texas/24-008749-003/2024(H5N1)	823	11707
HA|PP755589.1|A/cattle/Texas/24-008749-003/2024(H5N1)	824	11709
HA|PP755589.1|A/cattle/Texas/24-008749-003/2024(H5N1)	825	11696
HA|PP755589.1|A/cattle/Texas/24-008749-003/2024(H5N1)	826	11684
HA|PP755589.1|A/cattle/Texas/24-008749-003/2024(H5N1)	827	11690
HA|PP755589.1|A/cattle/Texas/24-008749-003/2024(H5N1)	828	11750
HA|PP755589.1|A/cattle/Texas/24-008749-003/2024(H5N1)	829	11737
HA|PP755589.1|A/cattle/Texas/24-008749-003/2024(H5N1)	830	11707
HA|PP755589.1|A/cattle/Texas/24-008749-003/2024(H5N1)	831	11739
HA|PP755589.1|A/cattle/Texas/24-008749-003/2024(H5N1)	832	11685
HA|PP755589.1|A/cattle/Texas/24-008749-003/2024(H5N1)	833	11703
HA|PP755589.1|A/cattle/Texas/24-008749-003/2024(H5N1)	834	11700
HA|PP755589.1|A/cattle/Texas/24-008749-003/2024(H5N1)	835	11855
HA|PP755589.1|A/cattle/Texas/24-008749-003/2024(H5N1)	836	11843
HA|PP755589.1|A/cattle/Texas/24-008749-003/2024(H5N1)	837	11760
HA|PP755589.1|A/cattle/Texas/24-008749-003/2024(H5N1)	838	11806
HA|PP755589.1|A/cattle/Texas/24-008749-003/2024(H5N1)	839	11803
HA|PP755589.1|A/cattle/Texas/24-008749-003/2024(H5N1)	840	11711
HA|PP755589.1|A/cattle/Texas/24-008749-003/2024(H5N1)	841	11724
HA|PP755589.1|A/cattle/Texas/24-008749-003/2024(H5N1)	842	11635
HA|PP755589.1|A/cattle/Texas/24-008749-003/2024(H5N1)	843	11651
HA|PP755589.1|A/cattle/Texas/24-008749-003/2024(H5N1)	844	11667
HA|PP755589.1|A/cattle/Texas/24-008749-003/2024(H5N1)	845	11678
HA|PP755589.1|A/cattle/Texas/24-008749-003/2024(H5N1)	846	11628
HA|PP755589.1|A/cattle/Texas/24-008749-003/2024(H5N1)	847	11409
HA|PP755589.1|A/cattle/Texas/24-008749-003/2024(H5N1)	848	11477
HA|PP755589.1|A/cattle/Texas/24-008749-003/2024(H5N1)	849	11496
HA|PP755589.1|A/cattle/Texas/24-008749-003/2024(H5N1)	850	11524
HA|PP755589.1|A/cattle/Texas/24-008749-003/2024(H5N1)	851	11631
HA|PP755589.1|A/cattle/Texas/24-008749-003/2024(H5N1)	852	11592
HA|PP755589.1|A/cattle/Texas/24-008749-003/2024(H5N1)	853	11673
HA|PP755589.1|A/cattle/Texas/24-008749-003/2024(H5N1)	854	11791
HA|PP755589.1|A/cattle/Texas/24-008749-003/2024(H5N1)	855	11875
HA|PP755589.1|A/cattle/Texas/24-008749-003/2024(H5N1)	856	12684
HA|PP755589.1|A/cattle/Texas/24-008749-003/2024(H5N1)	857	12837
HA|PP755589.1|A/cattle/Texas/24-008749-003/2024(H5N1)	858	12840
HA|PP755589.1|A/cattle/Texas/24-008749-003/2024(H5N1)	859	12930
HA|PP755589.1|A/cattle/Texas/24-008749-003/2024(H5N1)	860	12807
HA|PP755589.1|A/cattle/Texas/24-008749-003/2024(H5N1)	861	12785
HA|PP755589.1|A/cattle/Texas/24-008749-003/2024(H5N1)	862	12735
HA|PP755589.1|A/cattle/Texas/24-008749-003/2024(H5N1)	863	12745
HA|PP755589.1|A/cattle/Texas/24-008749-003/2024(H5N1)	864	12351
HA|PP755589.1|A/cattle/Texas/24-008749-003/2024(H5N1)	865	11605
HA|PP755589.1|A/cattle/Texas/24-008749-003/2024(H5N1)	866	11409
HA|PP755589.1|A/cattle/Texas/24-008749-003/2024(H5N1)	867	11615
HA|PP755589.1|A/cattle/Texas/24-008749-003/2024(H5N1)	868	11671
HA|PP755589.1|A/cattle/Texas/24-008749-003/2024(H5N1)	869	12222
HA|PP755589.1|A/cattle/Texas/24-008749-003/2024(H5N1)	870	12168
HA|PP755589.1|A/cattle/Texas/24-008749-003/2024(H5N1)	871	12061
HA|PP755589.1|A/cattle/Texas/24-008749-003/2024(H5N1)	872	12008
HA|PP755589.1|A/cattle/Texas/24-008749-003/2024(H5N1)	873	11963
HA|PP755589.1|A/cattle/Texas/24-008749-003/2024(H5N1)	874	12053
HA|PP755589.1|A/cattle/Texas/24-008749-003/2024(H5N1)	875	12060
HA|PP755589.1|A/cattle/Texas/24-008749-003/2024(H5N1)	876	11771
HA|PP755589.1|A/cattle/Texas/24-008749-003/2024(H5N1)	877	11650
HA|PP755589.1|A/cattle/Texas/24-008749-003/2024(H5N1)	878	11012
HA|PP755589.1|A/cattle/Texas/24-008749-003/2024(H5N1)	879	11019
HA|PP755589.1|A/cattle/Texas/24-008749-003/2024(H5N1)	880	11101
HA|PP755589.1|A/cattle/Texas/24-008749-003/2024(H5N1)	881	11134
HA|PP755589.1|A/cattle/Texas/24-008749-003/2024(H5N1)	882	11118
HA|PP755589.1|A/cattle/Texas/24-008749-003/2024(H5N1)	883	10249
HA|PP755589.1|A/cattle/Texas/24-008749-003/2024(H5N1)	884	10291
HA|PP755589.1|A/cattle/Texas/24-008749-003/2024(H5N1)	885	10337
HA|PP755589.1|A/cattle/Texas/24-008749-003/2024(H5N1)	886	10370
HA|PP755589.1|A/cattle/Texas/24-008749-003/2024(H5N1)	887	10658
HA|PP755589.1|A/cattle/Texas/24-008749-003/2024(H5N1)	888	10661
HA|PP755589.1|A/cattle/Texas/24-008749-003/2024(H5N1)	889	10600
HA|PP755589.1|A/cattle/Texas/24-008749-003/2024(H5N1)	890	10600
HA|PP755589.1|A/cattle/Texas/24-008749-003/2024(H5N1)	891	10586
HA|PP755589.1|A/cattle/Texas/24-008749-003/2024(H5N1)	892	10586
HA|PP755589.1|A/cattle/Texas/24-008749-003/2024(H5N1)	893	10492
HA|PP755589.1|A/cattle/Texas/24-008749-003/2024(H5N1)	894	10325
HA|PP755589.1|A/cattle/Texas/24-008749-003/2024(H5N1)	895	10134
HA|PP755589.1|A/cattle/Texas/24-008749-003/2024(H5N1)	896	10046
HA|PP755589.1|A/cattle/Texas/24-008749-003/2024(H5N1)	897	9926
HA|PP755589.1|A/cattle/Texas/24-008749-003/2024(H5N1)	898	9921
HA|PP755589.1|A/cattle/Texas/24-008749-003/2024(H5N1)	899	10120
HA|PP755589.1|A/cattle/Texas/24-008749-003/2024(H5N1)	900	10125
HA|PP755589.1|A/cattle/Texas/24-008749-003/2024(H5N1)	901	10128
HA|PP755589.1|A/cattle/Texas/24-008749-003/2024(H5N1)	902	10118
HA|PP755589.1|A/cattle/Texas/24-008749-003/2024(H5N1)	903	10210
HA|PP755589.1|A/cattle/Texas/24-008749-003/2024(H5N1)	904	10142
HA|PP755589.1|A/cattle/Texas/24-008749-003/2024(H5N1)	905	10239
HA|PP755589.1|A/cattle/Texas/24-008749-003/2024(H5N1)	906	10245
HA|PP755589.1|A/cattle/Texas/24-008749-003/2024(H5N1)	907	10245
HA|PP755589.1|A/cattle/Texas/24-008749-003/2024(H5N1)	908	9938
HA|PP755589.1|A/cattle/Texas/24-008749-003/2024(H5N1)	909	10001
HA|PP755589.1|A/cattle/Texas/24-008749-003/2024(H5N1)	910	10013
HA|PP755589.1|A/cattle/Texas/24-008749-003/2024(H5N1)	911	10014
HA|PP755589.1|A/cattle/Texas/24-008749-003/2024(H5N1)	912	9948
HA|PP755589.1|A/cattle/Texas/24-008749-003/2024(H5N1)	913	9949
HA|PP755589.1|A/cattle/Texas/24-008749-003/2024(H5N1)	914	9895
HA|PP755589.1|A/cattle/Texas/24-008749-003/2024(H5N1)	915	9889
HA|PP755589.1|A/cattle/Texas/24-008749-003/2024(H5N1)	916	10845
HA|PP755589.1|A/cattle/Texas/24-008749-003/2024(H5N1)	917	10789
HA|PP755589.1|A/cattle/Texas/24-008749-003/2024(H5N1)	918	10809
HA|PP755589.1|A/cattle/Texas/24-008749-003/2024(H5N1)	919	10803
HA|PP755589.1|A/cattle/Texas/24-008749-003/2024(H5N1)	920	10815
HA|PP755589.1|A/cattle/Texas/24-008749-003/2024(H5N1)	921	10893
HA|PP755589.1|A/cattle/Texas/24-008749-003/2024(H5N1)	922	10895
HA|PP755589.1|A/cattle/Texas/24-008749-003/2024(H5N1)	923	10898
HA|PP755589.1|A/cattle/Texas/24-008749-003/2024(H5N1)	924	10949
HA|PP755589.1|A/cattle/Texas/24-008749-003/2024(H5N1)	925	10903
HA|PP755589.1|A/cattle/Texas/24-008749-003/2024(H5N1)	926	11533
HA|PP755589.1|A/cattle/Texas/24-008749-003/2024(H5N1)	927	11657
HA|PP755589.1|A/cattle/Texas/24-008749-003/2024(H5N1)	928	11680
HA|PP755589.1|A/cattle/Texas/24-008749-003/2024(H5N1)	929	11760
HA|PP755589.1|A/cattle/Texas/24-008749-003/2024(H5N1)	930	11775
HA|PP755589.1|A/cattle/Texas/24-008749-003/2024(H5N1)	931	11773
HA|PP755589.1|A/cattle/Texas/24-008749-003/2024(H5N1)	932	11768
HA|PP755589.1|A/cattle/Texas/24-008749-003/2024(H5N1)	933	11794
HA|PP755589.1|A/cattle/Texas/24-008749-003/2024(H5N1)	934	11941
HA|PP755589.1|A/cattle/Texas/24-008749-003/2024(H5N1)	935	11195
HA|PP755589.1|A/cattle/Texas/24-008749-003/2024(H5N1)	936	11077
HA|PP755589.1|A/cattle/Texas/24-008749-003/2024(H5N1)	937	11078
HA|PP755589.1|A/cattle/Texas/24-008749-003/2024(H5N1)	938	11032
HA|PP755589.1|A/cattle/Texas/24-008749-003/2024(H5N1)	939	11073
HA|PP755589.1|A/cattle/Texas/24-008749-003/2024(H5N1)	940	11153
HA|PP755589.1|A/cattle/Texas/24-008749-003/2024(H5N1)	941	11695
HA|PP755589.1|A/cattle/Texas/24-008749-003/2024(H5N1)	942	11658
HA|PP755589.1|A/cattle/Texas/24-008749-003/2024(H5N1)	943	11625
HA|PP755589.1|A/cattle/Texas/24-008749-003/2024(H5N1)	944	11419
HA|PP755589.1|A/cattle/Texas/24-008749-003/2024(H5N1)	945	11343
HA|PP755589.1|A/cattle/Texas/24-008749-003/2024(H5N1)	946	11376
HA|PP755589.1|A/cattle/Texas/24-008749-003/2024(H5N1)	947	11257
HA|PP755589.1|A/cattle/Texas/24-008749-003/2024(H5N1)	948	11244
HA|PP755589.1|A/cattle/Texas/24-008749-003/2024(H5N1)	949	11197
HA|PP755589.1|A/cattle/Texas/24-008749-003/2024(H5N1)	950	10344
HA|PP755589.1|A/cattle/Texas/24-008749-003/2024(H5N1)	951	10416
HA|PP755589.1|A/cattle/Texas/24-008749-003/2024(H5N1)	952	10335
HA|PP755589.1|A/cattle/Texas/24-008749-003/2024(H5N1)	953	10378
HA|PP755589.1|A/cattle/Texas/24-008749-003/2024(H5N1)	954	10479
HA|PP755589.1|A/cattle/Texas/24-008749-003/2024(H5N1)	955	10552
HA|PP755589.1|A/cattle/Texas/24-008749-003/2024(H5N1)	956	10609
HA|PP755589.1|A/cattle/Texas/24-008749-003/2024(H5N1)	957	10612
HA|PP755589.1|A/cattle/Texas/24-008749-003/2024(H5N1)	958	10672
HA|PP755589.1|A/cattle/Texas/24-008749-003/2024(H5N1)	959	10678
HA|PP755589.1|A/cattle/Texas/24-008749-003/2024(H5N1)	960	10892
HA|PP755589.1|A/cattle/Texas/24-008749-003/2024(H5N1)	961	11000
HA|PP755589.1|A/cattle/Texas/24-008749-003/2024(H5N1)	962	10944
HA|PP755589.1|A/cattle/Texas/24-008749-003/2024(H5N1)	963	10848
HA|PP755589.1|A/cattle/Texas/24-008749-003/2024(H5N1)	964	10841
HA|PP755589.1|A/cattle/Texas/24-008749-003/2024(H5N1)	965	10874
HA|PP755589.1|A/cattle/Texas/24-008749-003/2024(H5N1)	966	10871
HA|PP755589.1|A/cattle/Texas/24-008749-003/2024(H5N1)	967	10972
HA|PP755589.1|A/cattle/Texas/24-008749-003/2024(H5N1)	968	11134
HA|PP755589.1|A/cattle/Texas/24-008749-003/2024(H5N1)	969	11140
HA|PP755589.1|A/cattle/Texas/24-008749-003/2024(H5N1)	970	11146
HA|PP755589.1|A/cattle/Texas/24-008749-003/2024(H5N1)	971	11132
HA|PP755589.1|A/cattle/Texas/24-008749-003/2024(H5N1)	972	11119
HA|PP755589.1|A/cattle/Texas/24-008749-003/2024(H5N1)	973	11295
HA|PP755589.1|A/cattle/Texas/24-008749-003/2024(H5N1)	974	11282
HA|PP755589.1|A/cattle/Texas/24-008749-003/2024(H5N1)	975	11296
HA|PP755589.1|A/cattle/Texas/24-008749-003/2024(H5N1)	976	11346
HA|PP755589.1|A/cattle/Texas/24-008749-003/2024(H5N1)	977	11460
HA|PP755589.1|A/cattle/Texas/24-008749-003/2024(H5N1)	978	11463
HA|PP755589.1|A/cattle/Texas/24-008749-003/2024(H5N1)	979	11813
HA|PP755589.1|A/cattle/Texas/24-008749-003/2024(H5N1)	980	11893
HA|PP755589.1|A/cattle/Texas/24-008749-003/2024(H5N1)	981	11900
HA|PP755589.1|A/cattle/Texas/24-008749-003/2024(H5N1)	982	11878
HA|PP755589.1|A/cattle/Texas/24-008749-003/2024(H5N1)	983	11937
HA|PP755589.1|A/cattle/Texas/24-008749-003/2024(H5N1)	984	12095
HA|PP755589.1|A/cattle/Texas/24-008749-003/2024(H5N1)	985	12116
HA|PP755589.1|A/cattle/Texas/24-008749-003/2024(H5N1)	986	12048
HA|PP755589.1|A/cattle/Texas/24-008749-003/2024(H5N1)	987	12090
HA|PP755589.1|A/cattle/Texas/24-008749-003/2024(H5N1)	988	12091
HA|PP755589.1|A/cattle/Texas/24-008749-003/2024(H5N1)	989	12331
HA|PP755589.1|A/cattle/Texas/24-008749-003/2024(H5N1)	990	12327
HA|PP755589.1|A/cattle/Texas/24-008749-003/2024(H5N1)	991	12369
HA|PP755589.1|A/cattle/Texas/24-008749-003/2024(H5N1)	992	12339
HA|PP755589.1|A/cattle/Texas/24-008749-003/2024(H5N1)	993	12224
HA|PP755589.1|A/cattle/Texas/24-008749-003/2024(H5N1)	994	12285
HA|PP755589.1|A/cattle/Texas/24-008749-003/2024(H5N1)	995	12295
HA|PP755589.1|A/cattle/Texas/24-008749-003/2024(H5N1)	996	12423
HA|PP755589.1|A/cattle/Texas/24-008749-003/2024(H5N1)	997	12423
HA|PP755589.1|A/cattle/Texas/24-008749-003/2024(H5N1)	998	12378
HA|PP755589.1|A/cattle/Texas/24-008749-003/2024(H5N1)	999	12518
HA|PP755589.1|A/cattle/Texas/24-008749-003/2024(H5N1)	1000	12506
HA|PP755589.1|A/cattle/Texas/24-008749-003/2024(H5N1)	1001	12640
HA|PP755589.1|A/cattle/Texas/24-008749-003/2024(H5N1)	1002	12592
HA|PP755589.1|A/cattle/Texas/24-008749-003/2024(H5N1)	1003	12517
HA|PP755589.1|A/cattle/Texas/24-008749-003/2024(H5N1)	1004	12460
HA|PP755589.1|A/cattle/Texas/24-008749-003/2024(H5N1)	1005	12341
HA|PP755589.1|A/cattle/Texas/24-008749-003/2024(H5N1)	1006	12185
HA|PP755589.1|A/cattle/Texas/24-008749-003/2024(H5N1)	1007	11498
HA|PP755589.1|A/cattle/Texas/24-008749-003/2024(H5N1)	1008	11304
HA|PP755589.1|A/cattle/Texas/24-008749-003/2024(H5N1)	1009	11321
HA|PP755589.1|A/cattle/Texas/24-008749-003/2024(H5N1)	1010	11218
HA|PP755589.1|A/cattle/Texas/24-008749-003/2024(H5N1)	1011	11162
HA|PP755589.1|A/cattle/Texas/24-008749-003/2024(H5N1)	1012	11103
HA|PP755589.1|A/cattle/Texas/24-008749-003/2024(H5N1)	1013	11086
HA|PP755589.1|A/cattle/Texas/24-008749-003/2024(H5N1)	1014	11117
HA|PP755589.1|A/cattle/Texas/24-008749-003/2024(H5N1)	1015	11113
HA|PP755589.1|A/cattle/Texas/24-008749-003/2024(H5N1)	1016	11124
HA|PP755589.1|A/cattle/Texas/24-008749-003/2024(H5N1)	1017	11400
HA|PP755589.1|A/cattle/Texas/24-008749-003/2024(H5N1)	1018	11180
HA|PP755589.1|A/cattle/Texas/24-008749-003/2024(H5N1)	1019	11143
HA|PP755589.1|A/cattle/Texas/24-008749-003/2024(H5N1)	1020	10633
HA|PP755589.1|A/cattle/Texas/24-008749-003/2024(H5N1)	1021	10678
HA|PP755589.1|A/cattle/Texas/24-008749-003/2024(H5N1)	1022	10678
HA|PP755589.1|A/cattle/Texas/24-008749-003/2024(H5N1)	1023	10684
HA|PP755589.1|A/cattle/Texas/24-008749-003/2024(H5N1)	1024	10741
HA|PP755589.1|A/cattle/Texas/24-008749-003/2024(H5N1)	1025	10685
HA|PP755589.1|A/cattle/Texas/24-008749-003/2024(H5N1)	1026	10713
HA|PP755589.1|A/cattle/Texas/24-008749-003/2024(H5N1)	1027	10700
HA|PP755589.1|A/cattle/Texas/24-008749-003/2024(H5N1)	1028	10728
HA|PP755589.1|A/cattle/Texas/24-008749-003/2024(H5N1)	1029	10969
HA|PP755589.1|A/cattle/Texas/24-008749-003/2024(H5N1)	1030	10962
HA|PP755589.1|A/cattle/Texas/24-008749-003/2024(H5N1)	1031	10910
HA|PP755589.1|A/cattle/Texas/24-008749-003/2024(H5N1)	1032	10916
HA|PP755589.1|A/cattle/Texas/24-008749-003/2024(H5N1)	1033	10915
HA|PP755589.1|A/cattle/Texas/24-008749-003/2024(H5N1)	1034	10917
HA|PP755589.1|A/cattle/Texas/24-008749-003/2024(H5N1)	1035	10923
HA|PP755589.1|A/cattle/Texas/24-008749-003/2024(H5N1)	1036	11000
HA|PP755589.1|A/cattle/Texas/24-008749-003/2024(H5N1)	1037	11014
HA|PP755589.1|A/cattle/Texas/24-008749-003/2024(H5N1)	1038	10706
HA|PP755589.1|A/cattle/Texas/24-008749-003/2024(H5N1)	1039	10779
HA|PP755589.1|A/cattle/Texas/24-008749-003/2024(H5N1)	1040	10787
HA|PP755589.1|A/cattle/Texas/24-008749-003/2024(H5N1)	1041	11134
HA|PP755589.1|A/cattle/Texas/24-008749-003/2024(H5N1)	1042	11163
HA|PP755589.1|A/cattle/Texas/24-008749-003/2024(H5N1)	1043	11159
HA|PP755589.1|A/cattle/Texas/24-008749-003/2024(H5N1)	1044	11170
HA|PP755589.1|A/cattle/Texas/24-008749-003/2024(H5N1)	1045	11042
HA|PP755589.1|A/cattle/Texas/24-008749-003/2024(H5N1)	1046	11060
HA|PP755589.1|A/cattle/Texas/24-008749-003/2024(H5N1)	1047	11247
HA|PP755589.1|A/cattle/Texas/24-008749-003/2024(H5N1)	1048	11277
HA|PP755589.1|A/cattle/Texas/24-008749-003/2024(H5N1)	1049	11254
HA|PP755589.1|A/cattle/Texas/24-008749-003/2024(H5N1)	1050	10953
HA|PP755589.1|A/cattle/Texas/24-008749-003/2024(H5N1)	1051	11169
HA|PP755589.1|A/cattle/Texas/24-008749-003/2024(H5N1)	1052	11208
HA|PP755589.1|A/cattle/Texas/24-008749-003/2024(H5N1)	1053	11441
HA|PP755589.1|A/cattle/Texas/24-008749-003/2024(H5N1)	1054	11366
HA|PP755589.1|A/cattle/Texas/24-008749-003/2024(H5N1)	1055	11320
HA|PP755589.1|A/cattle/Texas/24-008749-003/2024(H5N1)	1056	11236
HA|PP755589.1|A/cattle/Texas/24-008749-003/2024(H5N1)	1057	11807
HA|PP755589.1|A/cattle/Texas/24-008749-003/2024(H5N1)	1058	12775
HA|PP755589.1|A/cattle/Texas/24-008749-003/2024(H5N1)	1059	12820
HA|PP755589.1|A/cattle/Texas/24-008749-003/2024(H5N1)	1060	12743
HA|PP755589.1|A/cattle/Texas/24-008749-003/2024(H5N1)	1061	12712
HA|PP755589.1|A/cattle/Texas/24-008749-003/2024(H5N1)	1062	12754
HA|PP755589.1|A/cattle/Texas/24-008749-003/2024(H5N1)	1063	12829
HA|PP755589.1|A/cattle/Texas/24-008749-003/2024(H5N1)	1064	12824
HA|PP755589.1|A/cattle/Texas/24-008749-003/2024(H5N1)	1065	12819
HA|PP755589.1|A/cattle/Texas/24-008749-003/2024(H5N1)	1066	12872
HA|PP755589.1|A/cattle/Texas/24-008749-003/2024(H5N1)	1067	11759
HA|PP755589.1|A/cattle/Texas/24-008749-003/2024(H5N1)	1068	11761
HA|PP755589.1|A/cattle/Texas/24-008749-003/2024(H5N1)	1069	11781
HA|PP755589.1|A/cattle/Texas/24-008749-003/2024(H5N1)	1070	11852
HA|PP755589.1|A/cattle/Texas/24-008749-003/2024(H5N1)	1071	11812
HA|PP755589.1|A/cattle/Texas/24-008749-003/2024(H5N1)	1072	11873
HA|PP755589.1|A/cattle/Texas/24-008749-003/2024(H5N1)	1073	11891
HA|PP755589.1|A/cattle/Texas/24-008749-003/2024(H5N1)	1074	11970
HA|PP755589.1|A/cattle/Texas/24-008749-003/2024(H5N1)	1075	12015
HA|PP755589.1|A/cattle/Texas/24-008749-003/2024(H5N1)	1076	12041
HA|PP755589.1|A/cattle/Texas/24-008749-003/2024(H5N1)	1077	11531
HA|PP755589.1|A/cattle/Texas/24-008749-003/2024(H5N1)	1078	11413
HA|PP755589.1|A/cattle/Texas/24-008749-003/2024(H5N1)	1079	11365
HA|PP755589.1|A/cattle/Texas/24-008749-003/2024(H5N1)	1080	11395
HA|PP755589.1|A/cattle/Texas/24-008749-003/2024(H5N1)	1081	11473
HA|PP755589.1|A/cattle/Texas/24-008749-003/2024(H5N1)	1082	11567
HA|PP755589.1|A/cattle/Texas/24-008749-003/2024(H5N1)	1083	11561
HA|PP755589.1|A/cattle/Texas/24-008749-003/2024(H5N1)	1084	11520
HA|PP755589.1|A/cattle/Texas/24-008749-003/2024(H5N1)	1085	11389
HA|PP755589.1|A/cattle/Texas/24-008749-003/2024(H5N1)	1086	11571
HA|PP755589.1|A/cattle/Texas/24-008749-003/2024(H5N1)	1087	11721
HA|PP755589.1|A/cattle/Texas/24-008749-003/2024(H5N1)	1088	11740
HA|PP755589.1|A/cattle/Texas/24-008749-003/2024(H5N1)	1089	11683
HA|PP755589.1|A/cattle/Texas/24-008749-003/2024(H5N1)	1090	11648
HA|PP755589.1|A/cattle/Texas/24-008749-003/2024(H5N1)	1091	11923
HA|PP755589.1|A/cattle/Texas/24-008749-003/2024(H5N1)	1092	11514
HA|PP755589.1|A/cattle/Texas/24-008749-003/2024(H5N1)	1093	11634
HA|PP755589.1|A/cattle/Texas/24-008749-003/2024(H5N1)	1094	11657
HA|PP755589.1|A/cattle/Texas/24-008749-003/2024(H5N1)	1095	11504
HA|PP755589.1|A/cattle/Texas/24-008749-003/2024(H5N1)	1096	11412
HA|PP755589.1|A/cattle/Texas/24-008749-003/2024(H5N1)	1097	11576
HA|PP755589.1|A/cattle/Texas/24-008749-003/2024(H5N1)	1098	11799
HA|PP755589.1|A/cattle/Texas/24-008749-003/2024(H5N1)	1099	11952
HA|PP755589.1|A/cattle/Texas/24-008749-003/2024(H5N1)	1100	12059
HA|PP755589.1|A/cattle/Texas/24-008749-003/2024(H5N1)	1101	12084
HA|PP755589.1|A/cattle/Texas/24-008749-003/2024(H5N1)	1102	12428
HA|PP755589.1|A/cattle/Texas/24-008749-003/2024(H5N1)	1103	12546
HA|PP755589.1|A/cattle/Texas/24-008749-003/2024(H5N1)	1104	12521
HA|PP755589.1|A/cattle/Texas/24-008749-003/2024(H5N1)	1105	12427
HA|PP755589.1|A/cattle/Texas/24-008749-003/2024(H5N1)	1106	12298
HA|PP755589.1|A/cattle/Texas/24-008749-003/2024(H5N1)	1107	12371
HA|PP755589.1|A/cattle/Texas/24-008749-003/2024(H5N1)	1108	12517
HA|PP755589.1|A/cattle/Texas/24-008749-003/2024(H5N1)	1109	12491
HA|PP755589.1|A/cattle/Texas/24-008749-003/2024(H5N1)	1110	12867
HA|PP755589.1|A/cattle/Texas/24-008749-003/2024(H5N1)	1111	12641
HA|PP755589.1|A/cattle/Texas/24-008749-003/2024(H5N1)	1112	12493
HA|PP755589.1|A/cattle/Texas/24-008749-003/2024(H5N1)	1113	12521
HA|PP755589.1|A/cattle/Texas/24-008749-003/2024(H5N1)	1114	12497
HA|PP755589.1|A/cattle/Texas/24-008749-003/2024(H5N1)	1115	12782
HA|PP755589.1|A/cattle/Texas/24-008749-003/2024(H5N1)	1116	12752
HA|PP755589.1|A/cattle/Texas/24-008749-003/2024(H5N1)	1117	12696
HA|PP755589.1|A/cattle/Texas/24-008749-003/2024(H5N1)	1118	12699
HA|PP755589.1|A/cattle/Texas/24-008749-003/2024(H5N1)	1119	12512
HA|PP755589.1|A/cattle/Texas/24-008749-003/2024(H5N1)	1120	13290
HA|PP755589.1|A/cattle/Texas/24-008749-003/2024(H5N1)	1121	14012
HA|PP755589.1|A/cattle/Texas/24-008749-003/2024(H5N1)	1122	14233
HA|PP755589.1|A/cattle/Texas/24-008749-003/2024(H5N1)	1123	14264
HA|PP755589.1|A/cattle/Texas/24-008749-003/2024(H5N1)	1124	13991
HA|PP755589.1|A/cattle/Texas/24-008749-003/2024(H5N1)	1125	14297
HA|PP755589.1|A/cattle/Texas/24-008749-003/2024(H5N1)	1126	14348
HA|PP755589.1|A/cattle/Texas/24-008749-003/2024(H5N1)	1127	14510
HA|PP755589.1|A/cattle/Texas/24-008749-003/2024(H5N1)	1128	14540
HA|PP755589.1|A/cattle/Texas/24-008749-003/2024(H5N1)	1129	14181
HA|PP755589.1|A/cattle/Texas/24-008749-003/2024(H5N1)	1130	14544
HA|PP755589.1|A/cattle/Texas/24-008749-003/2024(H5N1)	1131	14623
HA|PP755589.1|A/cattle/Texas/24-008749-003/2024(H5N1)	1132	14785
HA|PP755589.1|A/cattle/Texas/24-008749-003/2024(H5N1)	1133	14900
HA|PP755589.1|A/cattle/Texas/24-008749-003/2024(H5N1)	1134	14868
HA|PP755589.1|A/cattle/Texas/24-008749-003/2024(H5N1)	1135	14687
HA|PP755589.1|A/cattle/Texas/24-008749-003/2024(H5N1)	1136	14622
HA|PP755589.1|A/cattle/Texas/24-008749-003/2024(H5N1)	1137	14560
HA|PP755589.1|A/cattle/Texas/24-008749-003/2024(H5N1)	1138	14582
HA|PP755589.1|A/cattle/Texas/24-008749-003/2024(H5N1)	1139	14601
HA|PP755589.1|A/cattle/Texas/24-008749-003/2024(H5N1)	1140	14310
HA|PP755589.1|A/cattle/Texas/24-008749-003/2024(H5N1)	1141	14381
HA|PP755589.1|A/cattle/Texas/24-008749-003/2024(H5N1)	1142	14311
HA|PP755589.1|A/cattle/Texas/24-008749-003/2024(H5N1)	1143	14329
HA|PP755589.1|A/cattle/Texas/24-008749-003/2024(H5N1)	1144	14423
HA|PP755589.1|A/cattle/Texas/24-008749-003/2024(H5N1)	1145	14380
HA|PP755589.1|A/cattle/Texas/24-008749-003/2024(H5N1)	1146	14396
HA|PP755589.1|A/cattle/Texas/24-008749-003/2024(H5N1)	1147	14350
HA|PP755589.1|A/cattle/Texas/24-008749-003/2024(H5N1)	1148	14326
HA|PP755589.1|A/cattle/Texas/24-008749-003/2024(H5N1)	1149	14328
HA|PP755589.1|A/cattle/Texas/24-008749-003/2024(H5N1)	1150	14346
HA|PP755589.1|A/cattle/Texas/24-008749-003/2024(H5N1)	1151	14354
HA|PP755589.1|A/cattle/Texas/24-008749-003/2024(H5N1)	1152	14188
HA|PP755589.1|A/cattle/Texas/24-008749-003/2024(H5N1)	1153	14239
HA|PP755589.1|A/cattle/Texas/24-008749-003/2024(H5N1)	1154	14263
HA|PP755589.1|A/cattle/Texas/24-008749-003/2024(H5N1)	1155	14260
HA|PP755589.1|A/cattle/Texas/24-008749-003/2024(H5N1)	1156	14502
HA|PP755589.1|A/cattle/Texas/24-008749-003/2024(H5N1)	1157	15279
HA|PP755589.1|A/cattle/Texas/24-008749-003/2024(H5N1)	1158	15323
HA|PP755589.1|A/cattle/Texas/24-008749-003/2024(H5N1)	1159	15258
HA|PP755589.1|A/cattle/Texas/24-008749-003/2024(H5N1)	1160	15244
HA|PP755589.1|A/cattle/Texas/24-008749-003/2024(H5N1)	1161	15236
HA|PP755589.1|A/cattle/Texas/24-008749-003/2024(H5N1)	1162	15236
HA|PP755589.1|A/cattle/Texas/24-008749-003/2024(H5N1)	1163	15373
HA|PP755589.1|A/cattle/Texas/24-008749-003/2024(H5N1)	1164	15511
HA|PP755589.1|A/cattle/Texas/24-008749-003/2024(H5N1)	1165	15864
HA|PP755589.1|A/cattle/Texas/24-008749-003/2024(H5N1)	1166	15685
HA|PP755589.1|A/cattle/Texas/24-008749-003/2024(H5N1)	1167	15541
HA|PP755589.1|A/cattle/Texas/24-008749-003/2024(H5N1)	1168	15672
HA|PP755589.1|A/cattle/Texas/24-008749-003/2024(H5N1)	1169	16190
HA|PP755589.1|A/cattle/Texas/24-008749-003/2024(H5N1)	1170	16247
HA|PP755589.1|A/cattle/Texas/24-008749-003/2024(H5N1)	1171	16259
HA|PP755589.1|A/cattle/Texas/24-008749-003/2024(H5N1)	1172	16733
HA|PP755589.1|A/cattle/Texas/24-008749-003/2024(H5N1)	1173	16681
HA|PP755589.1|A/cattle/Texas/24-008749-003/2024(H5N1)	1174	16703
HA|PP755589.1|A/cattle/Texas/24-008749-003/2024(H5N1)	1175	16882
HA|PP755589.1|A/cattle/Texas/24-008749-003/2024(H5N1)	1176	16829
HA|PP755589.1|A/cattle/Texas/24-008749-003/2024(H5N1)	1177	16933
HA|PP755589.1|A/cattle/Texas/24-008749-003/2024(H5N1)	1178	16955
HA|PP755589.1|A/cattle/Texas/24-008749-003/2024(H5N1)	1179	16943
HA|PP755589.1|A/cattle/Texas/24-008749-003/2024(H5N1)	1180	16986
HA|PP755589.1|A/cattle/Texas/24-008749-003/2024(H5N1)	1181	17274
HA|PP755589.1|A/cattle/Texas/24-008749-003/2024(H5N1)	1182	17329
HA|PP755589.1|A/cattle/Texas/24-008749-003/2024(H5N1)	1183	17374
HA|PP755589.1|A/cattle/Texas/24-008749-003/2024(H5N1)	1184	17335
HA|PP755589.1|A/cattle/Texas/24-008749-003/2024(H5N1)	1185	17539
HA|PP755589.1|A/cattle/Texas/24-008749-003/2024(H5N1)	1186	17551
HA|PP755589.1|A/cattle/Texas/24-008749-003/2024(H5N1)	1187	17462
HA|PP755589.1|A/cattle/Texas/24-008749-003/2024(H5N1)	1188	17854
HA|PP755589.1|A/cattle/Texas/24-008749-003/2024(H5N1)	1189	17896
HA|PP755589.1|A/cattle/Texas/24-008749-003/2024(H5N1)	1190	17753
HA|PP755589.1|A/cattle/Texas/24-008749-003/2024(H5N1)	1191	17449
HA|PP755589.1|A/cattle/Texas/24-008749-003/2024(H5N1)	1192	17427
HA|PP755589.1|A/cattle/Texas/24-008749-003/2024(H5N1)	1193	17756
HA|PP755589.1|A/cattle/Texas/24-008749-003/2024(H5N1)	1194	17836
HA|PP755589.1|A/cattle/Texas/24-008749-003/2024(H5N1)	1195	17830
HA|PP755589.1|A/cattle/Texas/24-008749-003/2024(H5N1)	1196	17743
HA|PP755589.1|A/cattle/Texas/24-008749-003/2024(H5N1)	1197	17538
HA|PP755589.1|A/cattle/Texas/24-008749-003/2024(H5N1)	1198	17743
HA|PP755589.1|A/cattle/Texas/24-008749-003/2024(H5N1)	1199	17662
HA|PP755589.1|A/cattle/Texas/24-008749-003/2024(H5N1)	1200	17725
HA|PP755589.1|A/cattle/Texas/24-008749-003/2024(H5N1)	1201	17724
HA|PP755589.1|A/cattle/Texas/24-008749-003/2024(H5N1)	1202	17504
HA|PP755589.1|A/cattle/Texas/24-008749-003/2024(H5N1)	1203	17480
HA|PP755589.1|A/cattle/Texas/24-008749-003/2024(H5N1)	1204	17520
HA|PP755589.1|A/cattle/Texas/24-008749-003/2024(H5N1)	1205	17611
HA|PP755589.1|A/cattle/Texas/24-008749-003/2024(H5N1)	1206	17637
HA|PP755589.1|A/cattle/Texas/24-008749-003/2024(H5N1)	1207	17547
HA|PP755589.1|A/cattle/Texas/24-008749-003/2024(H5N1)	1208	17051
HA|PP755589.1|A/cattle/Texas/24-008749-003/2024(H5N1)	1209	16393
HA|PP755589.1|A/cattle/Texas/24-008749-003/2024(H5N1)	1210	16454
HA|PP755589.1|A/cattle/Texas/24-008749-003/2024(H5N1)	1211	16521
HA|PP755589.1|A/cattle/Texas/24-008749-003/2024(H5N1)	1212	16518
HA|PP755589.1|A/cattle/Texas/24-008749-003/2024(H5N1)	1213	16978
HA|PP755589.1|A/cattle/Texas/24-008749-003/2024(H5N1)	1214	16938
HA|PP755589.1|A/cattle/Texas/24-008749-003/2024(H5N1)	1215	17215
HA|PP755589.1|A/cattle/Texas/24-008749-003/2024(H5N1)	1216	17211
HA|PP755589.1|A/cattle/Texas/24-008749-003/2024(H5N1)	1217	17394
HA|PP755589.1|A/cattle/Texas/24-008749-003/2024(H5N1)	1218	17332
HA|PP755589.1|A/cattle/Texas/24-008749-003/2024(H5N1)	1219	17422
HA|PP755589.1|A/cattle/Texas/24-008749-003/2024(H5N1)	1220	17424
HA|PP755589.1|A/cattle/Texas/24-008749-003/2024(H5N1)	1221	17757
HA|PP755589.1|A/cattle/Texas/24-008749-003/2024(H5N1)	1222	17760
HA|PP755589.1|A/cattle/Texas/24-008749-003/2024(H5N1)	1223	17637
HA|PP755589.1|A/cattle/Texas/24-008749-003/2024(H5N1)	1224	17544
HA|PP755589.1|A/cattle/Texas/24-008749-003/2024(H5N1)	1225	17514
HA|PP755589.1|A/cattle/Texas/24-008749-003/2024(H5N1)	1226	17376
HA|PP755589.1|A/cattle/Texas/24-008749-003/2024(H5N1)	1227	17343
HA|PP755589.1|A/cattle/Texas/24-008749-003/2024(H5N1)	1228	17292
HA|PP755589.1|A/cattle/Texas/24-008749-003/2024(H5N1)	1229	17538
HA|PP755589.1|A/cattle/Texas/24-008749-003/2024(H5N1)	1230	17366
HA|PP755589.1|A/cattle/Texas/24-008749-003/2024(H5N1)	1231	18051
HA|PP755589.1|A/cattle/Texas/24-008749-003/2024(H5N1)	1232	18107
HA|PP755589.1|A/cattle/Texas/24-008749-003/2024(H5N1)	1233	18044
HA|PP755589.1|A/cattle/Texas/24-008749-003/2024(H5N1)	1234	18212
HA|PP755589.1|A/cattle/Texas/24-008749-003/2024(H5N1)	1235	18281
HA|PP755589.1|A/cattle/Texas/24-008749-003/2024(H5N1)	1236	18493
HA|PP755589.1|A/cattle/Texas/24-008749-003/2024(H5N1)	1237	18292
HA|PP755589.1|A/cattle/Texas/24-008749-003/2024(H5N1)	1238	18101
HA|PP755589.1|A/cattle/Texas/24-008749-003/2024(H5N1)	1239	18239
HA|PP755589.1|A/cattle/Texas/24-008749-003/2024(H5N1)	1240	18516
HA|PP755589.1|A/cattle/Texas/24-008749-003/2024(H5N1)	1241	18064
HA|PP755589.1|A/cattle/Texas/24-008749-003/2024(H5N1)	1242	18257
HA|PP755589.1|A/cattle/Texas/24-008749-003/2024(H5N1)	1243	18192
HA|PP755589.1|A/cattle/Texas/24-008749-003/2024(H5N1)	1244	18071
HA|PP755589.1|A/cattle/Texas/24-008749-003/2024(H5N1)	1245	18285
HA|PP755589.1|A/cattle/Texas/24-008749-003/2024(H5N1)	1246	18285
HA|PP755589.1|A/cattle/Texas/24-008749-003/2024(H5N1)	1247	18259
HA|PP755589.1|A/cattle/Texas/24-008749-003/2024(H5N1)	1248	18066
HA|PP755589.1|A/cattle/Texas/24-008749-003/2024(H5N1)	1249	17680
HA|PP755589.1|A/cattle/Texas/24-008749-003/2024(H5N1)	1250	17863
HA|PP755589.1|A/cattle/Texas/24-008749-003/2024(H5N1)	1251	17549
HA|PP755589.1|A/cattle/Texas/24-008749-003/2024(H5N1)	1252	17511
HA|PP755589.1|A/cattle/Texas/24-008749-003/2024(H5N1)	1253	17519
HA|PP755589.1|A/cattle/Texas/24-008749-003/2024(H5N1)	1254	17342
HA|PP755589.1|A/cattle/Texas/24-008749-003/2024(H5N1)	1255	17396
HA|PP755589.1|A/cattle/Texas/24-008749-003/2024(H5N1)	1256	17503
HA|PP755589.1|A/cattle/Texas/24-008749-003/2024(H5N1)	1257	17609
HA|PP755589.1|A/cattle/Texas/24-008749-003/2024(H5N1)	1258	17465
HA|PP755589.1|A/cattle/Texas/24-008749-003/2024(H5N1)	1259	17360
HA|PP755589.1|A/cattle/Texas/24-008749-003/2024(H5N1)	1260	17490
HA|PP755589.1|A/cattle/Texas/24-008749-003/2024(H5N1)	1261	17162
HA|PP755589.1|A/cattle/Texas/24-008749-003/2024(H5N1)	1262	17457
HA|PP755589.1|A/cattle/Texas/24-008749-003/2024(H5N1)	1263	18023
HA|PP755589.1|A/cattle/Texas/24-008749-003/2024(H5N1)	1264	18046
HA|PP755589.1|A/cattle/Texas/24-008749-003/2024(H5N1)	1265	17812
HA|PP755589.1|A/cattle/Texas/24-008749-003/2024(H5N1)	1266	17441
HA|PP755589.1|A/cattle/Texas/24-008749-003/2024(H5N1)	1267	17277
HA|PP755589.1|A/cattle/Texas/24-008749-003/2024(H5N1)	1268	17245
HA|PP755589.1|A/cattle/Texas/24-008749-003/2024(H5N1)	1269	17315
HA|PP755589.1|A/cattle/Texas/24-008749-003/2024(H5N1)	1270	18159
HA|PP755589.1|A/cattle/Texas/24-008749-003/2024(H5N1)	1271	17312
HA|PP755589.1|A/cattle/Texas/24-008749-003/2024(H5N1)	1272	17274
HA|PP755589.1|A/cattle/Texas/24-008749-003/2024(H5N1)	1273	17087
HA|PP755589.1|A/cattle/Texas/24-008749-003/2024(H5N1)	1274	17428
HA|PP755589.1|A/cattle/Texas/24-008749-003/2024(H5N1)	1275	17472
HA|PP755589.1|A/cattle/Texas/24-008749-003/2024(H5N1)	1276	17170
HA|PP755589.1|A/cattle/Texas/24-008749-003/2024(H5N1)	1277	17134
HA|PP755589.1|A/cattle/Texas/24-008749-003/2024(H5N1)	1278	16834
HA|PP755589.1|A/cattle/Texas/24-008749-003/2024(H5N1)	1279	17659
HA|PP755589.1|A/cattle/Texas/24-008749-003/2024(H5N1)	1280	17691
HA|PP755589.1|A/cattle/Texas/24-008749-003/2024(H5N1)	1281	17406
HA|PP755589.1|A/cattle/Texas/24-008749-003/2024(H5N1)	1282	17326
HA|PP755589.1|A/cattle/Texas/24-008749-003/2024(H5N1)	1283	17162
HA|PP755589.1|A/cattle/Texas/24-008749-003/2024(H5N1)	1284	17005
HA|PP755589.1|A/cattle/Texas/24-008749-003/2024(H5N1)	1285	17076
HA|PP755589.1|A/cattle/Texas/24-008749-003/2024(H5N1)	1286	17144
HA|PP755589.1|A/cattle/Texas/24-008749-003/2024(H5N1)	1287	17121
HA|PP755589.1|A/cattle/Texas/24-008749-003/2024(H5N1)	1288	17444
HA|PP755589.1|A/cattle/Texas/24-008749-003/2024(H5N1)	1289	17382
HA|PP755589.1|A/cattle/Texas/24-008749-003/2024(H5N1)	1290	17360
HA|PP755589.1|A/cattle/Texas/24-008749-003/2024(H5N1)	1291	17379
HA|PP755589.1|A/cattle/Texas/24-008749-003/2024(H5N1)	1292	17787
HA|PP755589.1|A/cattle/Texas/24-008749-003/2024(H5N1)	1293	18071
HA|PP755589.1|A/cattle/Texas/24-008749-003/2024(H5N1)	1294	18031
HA|PP755589.1|A/cattle/Texas/24-008749-003/2024(H5N1)	1295	18108
HA|PP755589.1|A/cattle/Texas/24-008749-003/2024(H5N1)	1296	18149
HA|PP755589.1|A/cattle/Texas/24-008749-003/2024(H5N1)	1297	18091
HA|PP755589.1|A/cattle/Texas/24-008749-003/2024(H5N1)	1298	18417
HA|PP755589.1|A/cattle/Texas/24-008749-003/2024(H5N1)	1299	18554
HA|PP755589.1|A/cattle/Texas/24-008749-003/2024(H5N1)	1300	18482
HA|PP755589.1|A/cattle/Texas/24-008749-003/2024(H5N1)	1301	18462
HA|PP755589.1|A/cattle/Texas/24-008749-003/2024(H5N1)	1302	18453
HA|PP755589.1|A/cattle/Texas/24-008749-003/2024(H5N1)	1303	18463
HA|PP755589.1|A/cattle/Texas/24-008749-003/2024(H5N1)	1304	18485
HA|PP755589.1|A/cattle/Texas/24-008749-003/2024(H5N1)	1305	18929
HA|PP755589.1|A/cattle/Texas/24-008749-003/2024(H5N1)	1306	18948
HA|PP755589.1|A/cattle/Texas/24-008749-003/2024(H5N1)	1307	18708
HA|PP755589.1|A/cattle/Texas/24-008749-003/2024(H5N1)	1308	17974
HA|PP755589.1|A/cattle/Texas/24-008749-003/2024(H5N1)	1309	17911
HA|PP755589.1|A/cattle/Texas/24-008749-003/2024(H5N1)	1310	18021
HA|PP755589.1|A/cattle/Texas/24-008749-003/2024(H5N1)	1311	18187
HA|PP755589.1|A/cattle/Texas/24-008749-003/2024(H5N1)	1312	18193
HA|PP755589.1|A/cattle/Texas/24-008749-003/2024(H5N1)	1313	18187
HA|PP755589.1|A/cattle/Texas/24-008749-003/2024(H5N1)	1314	18587
HA|PP755589.1|A/cattle/Texas/24-008749-003/2024(H5N1)	1315	18491
HA|PP755589.1|A/cattle/Texas/24-008749-003/2024(H5N1)	1316	18521
HA|PP755589.1|A/cattle/Texas/24-008749-003/2024(H5N1)	1317	18528
HA|PP755589.1|A/cattle/Texas/24-008749-003/2024(H5N1)	1318	18518
HA|PP755589.1|A/cattle/Texas/24-008749-003/2024(H5N1)	1319	18745
HA|PP755589.1|A/cattle/Texas/24-008749-003/2024(H5N1)	1320	18210
HA|PP755589.1|A/cattle/Texas/24-008749-003/2024(H5N1)	1321	18153
HA|PP755589.1|A/cattle/Texas/24-008749-003/2024(H5N1)	1322	18085
HA|PP755589.1|A/cattle/Texas/24-008749-003/2024(H5N1)	1323	17527
HA|PP755589.1|A/cattle/Texas/24-008749-003/2024(H5N1)	1324	17560
HA|PP755589.1|A/cattle/Texas/24-008749-003/2024(H5N1)	1325	17702
HA|PP755589.1|A/cattle/Texas/24-008749-003/2024(H5N1)	1326	17656
HA|PP755589.1|A/cattle/Texas/24-008749-003/2024(H5N1)	1327	17843
HA|PP755589.1|A/cattle/Texas/24-008749-003/2024(H5N1)	1328	17659
HA|PP755589.1|A/cattle/Texas/24-008749-003/2024(H5N1)	1329	17705
HA|PP755589.1|A/cattle/Texas/24-008749-003/2024(H5N1)	1330	17355
HA|PP755589.1|A/cattle/Texas/24-008749-003/2024(H5N1)	1331	17354
HA|PP755589.1|A/cattle/Texas/24-008749-003/2024(H5N1)	1332	17356
HA|PP755589.1|A/cattle/Texas/24-008749-003/2024(H5N1)	1333	17323
HA|PP755589.1|A/cattle/Texas/24-008749-003/2024(H5N1)	1334	17322
HA|PP755589.1|A/cattle/Texas/24-008749-003/2024(H5N1)	1335	17594
HA|PP755589.1|A/cattle/Texas/24-008749-003/2024(H5N1)	1336	17419
HA|PP755589.1|A/cattle/Texas/24-008749-003/2024(H5N1)	1337	17606
HA|PP755589.1|A/cattle/Texas/24-008749-003/2024(H5N1)	1338	17265
HA|PP755589.1|A/cattle/Texas/24-008749-003/2024(H5N1)	1339	17271
HA|PP755589.1|A/cattle/Texas/24-008749-003/2024(H5N1)	1340	17294
HA|PP755589.1|A/cattle/Texas/24-008749-003/2024(H5N1)	1341	17266
HA|PP755589.1|A/cattle/Texas/24-008749-003/2024(H5N1)	1342	17353
HA|PP755589.1|A/cattle/Texas/24-008749-003/2024(H5N1)	1343	17342
HA|PP755589.1|A/cattle/Texas/24-008749-003/2024(H5N1)	1344	17101
HA|PP755589.1|A/cattle/Texas/24-008749-003/2024(H5N1)	1345	17367
HA|PP755589.1|A/cattle/Texas/24-008749-003/2024(H5N1)	1346	17404
HA|PP755589.1|A/cattle/Texas/24-008749-003/2024(H5N1)	1347	17555
HA|PP755589.1|A/cattle/Texas/24-008749-003/2024(H5N1)	1348	17554
HA|PP755589.1|A/cattle/Texas/24-008749-003/2024(H5N1)	1349	17323
HA|PP755589.1|A/cattle/Texas/24-008749-003/2024(H5N1)	1350	17329
HA|PP755589.1|A/cattle/Texas/24-008749-003/2024(H5N1)	1351	17249
HA|PP755589.1|A/cattle/Texas/24-008749-003/2024(H5N1)	1352	17411
HA|PP755589.1|A/cattle/Texas/24-008749-003/2024(H5N1)	1353	17676
HA|PP755589.1|A/cattle/Texas/24-008749-003/2024(H5N1)	1354	17773
HA|PP755589.1|A/cattle/Texas/24-008749-003/2024(H5N1)	1355	18242
HA|PP755589.1|A/cattle/Texas/24-008749-003/2024(H5N1)	1356	18112
HA|PP755589.1|A/cattle/Texas/24-008749-003/2024(H5N1)	1357	18299
HA|PP755589.1|A/cattle/Texas/24-008749-003/2024(H5N1)	1358	18311
HA|PP755589.1|A/cattle/Texas/24-008749-003/2024(H5N1)	1359	18370
HA|PP755589.1|A/cattle/Texas/24-008749-003/2024(H5N1)	1360	18266
HA|PP755589.1|A/cattle/Texas/24-008749-003/2024(H5N1)	1361	18643
HA|PP755589.1|A/cattle/Texas/24-008749-003/2024(H5N1)	1362	18706
HA|PP755589.1|A/cattle/Texas/24-008749-003/2024(H5N1)	1363	18600
HA|PP755589.1|A/cattle/Texas/24-008749-003/2024(H5N1)	1364	18892
HA|PP755589.1|A/cattle/Texas/24-008749-003/2024(H5N1)	1365	18739
HA|PP755589.1|A/cattle/Texas/24-008749-003/2024(H5N1)	1366	18670
HA|PP755589.1|A/cattle/Texas/24-008749-003/2024(H5N1)	1367	18671
HA|PP755589.1|A/cattle/Texas/24-008749-003/2024(H5N1)	1368	18450
HA|PP755589.1|A/cattle/Texas/24-008749-003/2024(H5N1)	1369	18446
HA|PP755589.1|A/cattle/Texas/24-008749-003/2024(H5N1)	1370	18905
HA|PP755589.1|A/cattle/Texas/24-008749-003/2024(H5N1)	1371	19154
HA|PP755589.1|A/cattle/Texas/24-008749-003/2024(H5N1)	1372	18762
HA|PP755589.1|A/cattle/Texas/24-008749-003/2024(H5N1)	1373	18864
HA|PP755589.1|A/cattle/Texas/24-008749-003/2024(H5N1)	1374	18853
HA|PP755589.1|A/cattle/Texas/24-008749-003/2024(H5N1)	1375	18883
HA|PP755589.1|A/cattle/Texas/24-008749-003/2024(H5N1)	1376	19507
HA|PP755589.1|A/cattle/Texas/24-008749-003/2024(H5N1)	1377	19504
HA|PP755589.1|A/cattle/Texas/24-008749-003/2024(H5N1)	1378	19789
HA|PP755589.1|A/cattle/Texas/24-008749-003/2024(H5N1)	1379	19709
HA|PP755589.1|A/cattle/Texas/24-008749-003/2024(H5N1)	1380	19663
HA|PP755589.1|A/cattle/Texas/24-008749-003/2024(H5N1)	1381	19672
HA|PP755589.1|A/cattle/Texas/24-008749-003/2024(H5N1)	1382	18954
HA|PP755589.1|A/cattle/Texas/24-008749-003/2024(H5N1)	1383	18911
HA|PP755589.1|A/cattle/Texas/24-008749-003/2024(H5N1)	1384	19006
HA|PP755589.1|A/cattle/Texas/24-008749-003/2024(H5N1)	1385	18855
HA|PP755589.1|A/cattle/Texas/24-008749-003/2024(H5N1)	1386	19065
HA|PP755589.1|A/cattle/Texas/24-008749-003/2024(H5N1)	1387	18910
HA|PP755589.1|A/cattle/Texas/24-008749-003/2024(H5N1)	1388	18729
HA|PP755589.1|A/cattle/Texas/24-008749-003/2024(H5N1)	1389	18723
HA|PP755589.1|A/cattle/Texas/24-008749-003/2024(H5N1)	1390	18713
HA|PP755589.1|A/cattle/Texas/24-008749-003/2024(H5N1)	1391	18432
HA|PP755589.1|A/cattle/Texas/24-008749-003/2024(H5N1)	1392	18351
HA|PP755589.1|A/cattle/Texas/24-008749-003/2024(H5N1)	1393	18363
HA|PP755589.1|A/cattle/Texas/24-008749-003/2024(H5N1)	1394	18490
HA|PP755589.1|A/cattle/Texas/24-008749-003/2024(H5N1)	1395	18397
HA|PP755589.1|A/cattle/Texas/24-008749-003/2024(H5N1)	1396	18108
HA|PP755589.1|A/cattle/Texas/24-008749-003/2024(H5N1)	1397	18129
HA|PP755589.1|A/cattle/Texas/24-008749-003/2024(H5N1)	1398	18237
HA|PP755589.1|A/cattle/Texas/24-008749-003/2024(H5N1)	1399	18315
HA|PP755589.1|A/cattle/Texas/24-008749-003/2024(H5N1)	1400	18307
HA|PP755589.1|A/cattle/Texas/24-008749-003/2024(H5N1)	1401	17974
HA|PP755589.1|A/cattle/Texas/24-008749-003/2024(H5N1)	1402	17957
HA|PP755589.1|A/cattle/Texas/24-008749-003/2024(H5N1)	1403	18499
HA|PP755589.1|A/cattle/Texas/24-008749-003/2024(H5N1)	1404	18610
HA|PP755589.1|A/cattle/Texas/24-008749-003/2024(H5N1)	1405	18646
HA|PP755589.1|A/cattle/Texas/24-008749-003/2024(H5N1)	1406	18552
HA|PP755589.1|A/cattle/Texas/24-008749-003/2024(H5N1)	1407	18465
HA|PP755589.1|A/cattle/Texas/24-008749-003/2024(H5N1)	1408	18380
HA|PP755589.1|A/cattle/Texas/24-008749-003/2024(H5N1)	1409	18272
HA|PP755589.1|A/cattle/Texas/24-008749-003/2024(H5N1)	1410	19037
HA|PP755589.1|A/cattle/Texas/24-008749-003/2024(H5N1)	1411	19100
HA|PP755589.1|A/cattle/Texas/24-008749-003/2024(H5N1)	1412	18478
HA|PP755589.1|A/cattle/Texas/24-008749-003/2024(H5N1)	1413	18491
HA|PP755589.1|A/cattle/Texas/24-008749-003/2024(H5N1)	1414	18413
HA|PP755589.1|A/cattle/Texas/24-008749-003/2024(H5N1)	1415	18459
HA|PP755589.1|A/cattle/Texas/24-008749-003/2024(H5N1)	1416	18817
HA|PP755589.1|A/cattle/Texas/24-008749-003/2024(H5N1)	1417	18795
HA|PP755589.1|A/cattle/Texas/24-008749-003/2024(H5N1)	1418	18823
HA|PP755589.1|A/cattle/Texas/24-008749-003/2024(H5N1)	1419	18010
HA|PP755589.1|A/cattle/Texas/24-008749-003/2024(H5N1)	1420	17802
HA|PP755589.1|A/cattle/Texas/24-008749-003/2024(H5N1)	1421	18714
HA|PP755589.1|A/cattle/Texas/24-008749-003/2024(H5N1)	1422	18702
HA|PP755589.1|A/cattle/Texas/24-008749-003/2024(H5N1)	1423	18740
HA|PP755589.1|A/cattle/Texas/24-008749-003/2024(H5N1)	1424	19028
HA|PP755589.1|A/cattle/Texas/24-008749-003/2024(H5N1)	1425	18647
HA|PP755589.1|A/cattle/Texas/24-008749-003/2024(H5N1)	1426	18619
HA|PP755589.1|A/cattle/Texas/24-008749-003/2024(H5N1)	1427	18618
HA|PP755589.1|A/cattle/Texas/24-008749-003/2024(H5N1)	1428	18713
HA|PP755589.1|A/cattle/Texas/24-008749-003/2024(H5N1)	1429	18949
HA|PP755589.1|A/cattle/Texas/24-008749-003/2024(H5N1)	1430	18015
HA|PP755589.1|A/cattle/Texas/24-008749-003/2024(H5N1)	1431	17980
HA|PP755589.1|A/cattle/Texas/24-008749-003/2024(H5N1)	1432	18140
HA|PP755589.1|A/cattle/Texas/24-008749-003/2024(H5N1)	1433	18552
HA|PP755589.1|A/cattle/Texas/24-008749-003/2024(H5N1)	1434	19122
HA|PP755589.1|A/cattle/Texas/24-008749-003/2024(H5N1)	1435	19346
HA|PP755589.1|A/cattle/Texas/24-008749-003/2024(H5N1)	1436	19285
HA|PP755589.1|A/cattle/Texas/24-008749-003/2024(H5N1)	1437	19209
HA|PP755589.1|A/cattle/Texas/24-008749-003/2024(H5N1)	1438	19305
HA|PP755589.1|A/cattle/Texas/24-008749-003/2024(H5N1)	1439	19275
HA|PP755589.1|A/cattle/Texas/24-008749-003/2024(H5N1)	1440	19285
HA|PP755589.1|A/cattle/Texas/24-008749-003/2024(H5N1)	1441	19282
HA|PP755589.1|A/cattle/Texas/24-008749-003/2024(H5N1)	1442	19315
HA|PP755589.1|A/cattle/Texas/24-008749-003/2024(H5N1)	1443	18712
HA|PP755589.1|A/cattle/Texas/24-008749-003/2024(H5N1)	1444	18776
HA|PP755589.1|A/cattle/Texas/24-008749-003/2024(H5N1)	1445	18883
HA|PP755589.1|A/cattle/Texas/24-008749-003/2024(H5N1)	1446	18890
HA|PP755589.1|A/cattle/Texas/24-008749-003/2024(H5N1)	1447	18950
HA|PP755589.1|A/cattle/Texas/24-008749-003/2024(H5N1)	1448	18888
HA|PP755589.1|A/cattle/Texas/24-008749-003/2024(H5N1)	1449	18465
HA|PP755589.1|A/cattle/Texas/24-008749-003/2024(H5N1)	1450	18469
HA|PP755589.1|A/cattle/Texas/24-008749-003/2024(H5N1)	1451	18416
HA|PP755589.1|A/cattle/Texas/24-008749-003/2024(H5N1)	1452	18536
HA|PP755589.1|A/cattle/Texas/24-008749-003/2024(H5N1)	1453	18575
HA|PP755589.1|A/cattle/Texas/24-008749-003/2024(H5N1)	1454	18429
HA|PP755589.1|A/cattle/Texas/24-008749-003/2024(H5N1)	1455	17984
HA|PP755589.1|A/cattle/Texas/24-008749-003/2024(H5N1)	1456	17915
HA|PP755589.1|A/cattle/Texas/24-008749-003/2024(H5N1)	1457	17952
HA|PP755589.1|A/cattle/Texas/24-008749-003/2024(H5N1)	1458	17990
HA|PP755589.1|A/cattle/Texas/24-008749-003/2024(H5N1)	1459	17980
HA|PP755589.1|A/cattle/Texas/24-008749-003/2024(H5N1)	1460	18131
HA|PP755589.1|A/cattle/Texas/24-008749-003/2024(H5N1)	1461	17932
HA|PP755589.1|A/cattle/Texas/24-008749-003/2024(H5N1)	1462	17940
HA|PP755589.1|A/cattle/Texas/24-008749-003/2024(H5N1)	1463	17933
HA|PP755589.1|A/cattle/Texas/24-008749-003/2024(H5N1)	1464	17851
HA|PP755589.1|A/cattle/Texas/24-008749-003/2024(H5N1)	1465	17275
HA|PP755589.1|A/cattle/Texas/24-008749-003/2024(H5N1)	1466	17312
HA|PP755589.1|A/cattle/Texas/24-008749-003/2024(H5N1)	1467	17330
HA|PP755589.1|A/cattle/Texas/24-008749-003/2024(H5N1)	1468	17357
HA|PP755589.1|A/cattle/Texas/24-008749-003/2024(H5N1)	1469	17375
HA|PP755589.1|A/cattle/Texas/24-008749-003/2024(H5N1)	1470	17080
HA|PP755589.1|A/cattle/Texas/24-008749-003/2024(H5N1)	1471	17085
HA|PP755589.1|A/cattle/Texas/24-008749-003/2024(H5N1)	1472	17101
HA|PP755589.1|A/cattle/Texas/24-008749-003/2024(H5N1)	1473	17059
HA|PP755589.1|A/cattle/Texas/24-008749-003/2024(H5N1)	1474	17071
HA|PP755589.1|A/cattle/Texas/24-008749-003/2024(H5N1)	1475	16931
HA|PP755589.1|A/cattle/Texas/24-008749-003/2024(H5N1)	1476	16979
HA|PP755589.1|A/cattle/Texas/24-008749-003/2024(H5N1)	1477	17202
HA|PP755589.1|A/cattle/Texas/24-008749-003/2024(H5N1)	1478	17002
HA|PP755589.1|A/cattle/Texas/24-008749-003/2024(H5N1)	1479	17147
HA|PP755589.1|A/cattle/Texas/24-008749-003/2024(H5N1)	1480	17832
HA|PP755589.1|A/cattle/Texas/24-008749-003/2024(H5N1)	1481	17822
HA|PP755589.1|A/cattle/Texas/24-008749-003/2024(H5N1)	1482	17808
HA|PP755589.1|A/cattle/Texas/24-008749-003/2024(H5N1)	1483	17802
HA|PP755589.1|A/cattle/Texas/24-008749-003/2024(H5N1)	1484	17782
HA|PP755589.1|A/cattle/Texas/24-008749-003/2024(H5N1)	1485	17829
HA|PP755589.1|A/cattle/Texas/24-008749-003/2024(H5N1)	1486	17514
HA|PP755589.1|A/cattle/Texas/24-008749-003/2024(H5N1)	1487	17663
HA|PP755589.1|A/cattle/Texas/24-008749-003/2024(H5N1)	1488	17442
HA|PP755589.1|A/cattle/Texas/24-008749-003/2024(H5N1)	1489	17401
HA|PP755589.1|A/cattle/Texas/24-008749-003/2024(H5N1)	1490	17411
HA|PP755589.1|A/cattle/Texas/24-008749-003/2024(H5N1)	1491	17388
HA|PP755589.1|A/cattle/Texas/24-008749-003/2024(H5N1)	1492	17415
HA|PP755589.1|A/cattle/Texas/24-008749-003/2024(H5N1)	1493	17411
HA|PP755589.1|A/cattle/Texas/24-008749-003/2024(H5N1)	1494	17494
HA|PP755589.1|A/cattle/Texas/24-008749-003/2024(H5N1)	1495	17464
HA|PP755589.1|A/cattle/Texas/24-008749-003/2024(H5N1)	1496	17325
HA|PP755589.1|A/cattle/Texas/24-008749-003/2024(H5N1)	1497	17276
HA|PP755589.1|A/cattle/Texas/24-008749-003/2024(H5N1)	1498	17076
HA|PP755589.1|A/cattle/Texas/24-008749-003/2024(H5N1)	1499	17113
HA|PP755589.1|A/cattle/Texas/24-008749-003/2024(H5N1)	1500	17094
HA|PP755589.1|A/cattle/Texas/24-008749-003/2024(H5N1)	1501	17313
HA|PP755589.1|A/cattle/Texas/24-008749-003/2024(H5N1)	1502	17073
HA|PP755589.1|A/cattle/Texas/24-008749-003/2024(H5N1)	1503	17092
HA|PP755589.1|A/cattle/Texas/24-008749-003/2024(H5N1)	1504	17096
HA|PP755589.1|A/cattle/Texas/24-008749-003/2024(H5N1)	1505	17001
HA|PP755589.1|A/cattle/Texas/24-008749-003/2024(H5N1)	1506	17360
HA|PP755589.1|A/cattle/Texas/24-008749-003/2024(H5N1)	1507	17358
HA|PP755589.1|A/cattle/Texas/24-008749-003/2024(H5N1)	1508	17383
HA|PP755589.1|A/cattle/Texas/24-008749-003/2024(H5N1)	1509	17322
HA|PP755589.1|A/cattle/Texas/24-008749-003/2024(H5N1)	1510	17057
HA|PP755589.1|A/cattle/Texas/24-008749-003/2024(H5N1)	1511	18712
HA|PP755589.1|A/cattle/Texas/24-008749-003/2024(H5N1)	1512	19433
HA|PP755589.1|A/cattle/Texas/24-008749-003/2024(H5N1)	1513	19655
HA|PP755589.1|A/cattle/Texas/24-008749-003/2024(H5N1)	1514	19634
HA|PP755589.1|A/cattle/Texas/24-008749-003/2024(H5N1)	1515	19236
HA|PP755589.1|A/cattle/Texas/24-008749-003/2024(H5N1)	1516	19261
HA|PP755589.1|A/cattle/Texas/24-008749-003/2024(H5N1)	1517	19188
HA|PP755589.1|A/cattle/Texas/24-008749-003/2024(H5N1)	1518	19514
HA|PP755589.1|A/cattle/Texas/24-008749-003/2024(H5N1)	1519	19506
HA|PP755589.1|A/cattle/Texas/24-008749-003/2024(H5N1)	1520	19530
HA|PP755589.1|A/cattle/Texas/24-008749-003/2024(H5N1)	1521	19246
HA|PP755589.1|A/cattle/Texas/24-008749-003/2024(H5N1)	1522	18952
HA|PP755589.1|A/cattle/Texas/24-008749-003/2024(H5N1)	1523	18967
HA|PP755589.1|A/cattle/Texas/24-008749-003/2024(H5N1)	1524	18836
HA|PP755589.1|A/cattle/Texas/24-008749-003/2024(H5N1)	1525	18921
HA|PP755589.1|A/cattle/Texas/24-008749-003/2024(H5N1)	1526	19616
HA|PP755589.1|A/cattle/Texas/24-008749-003/2024(H5N1)	1527	18914
HA|PP755589.1|A/cattle/Texas/24-008749-003/2024(H5N1)	1528	18904
HA|PP755589.1|A/cattle/Texas/24-008749-003/2024(H5N1)	1529	18752
HA|PP755589.1|A/cattle/Texas/24-008749-003/2024(H5N1)	1530	18738
HA|PP755589.1|A/cattle/Texas/24-008749-003/2024(H5N1)	1531	18725
HA|PP755589.1|A/cattle/Texas/24-008749-003/2024(H5N1)	1532	18730
HA|PP755589.1|A/cattle/Texas/24-008749-003/2024(H5N1)	1533	18733
HA|PP755589.1|A/cattle/Texas/24-008749-003/2024(H5N1)	1534	18623
HA|PP755589.1|A/cattle/Texas/24-008749-003/2024(H5N1)	1535	18642
HA|PP755589.1|A/cattle/Texas/24-008749-003/2024(H5N1)	1536	19213
HA|PP755589.1|A/cattle/Texas/24-008749-003/2024(H5N1)	1537	18971
HA|PP755589.1|A/cattle/Texas/24-008749-003/2024(H5N1)	1538	18881
HA|PP755589.1|A/cattle/Texas/24-008749-003/2024(H5N1)	1539	19244
HA|PP755589.1|A/cattle/Texas/24-008749-003/2024(H5N1)	1540	19245
HA|PP755589.1|A/cattle/Texas/24-008749-003/2024(H5N1)	1541	19275
HA|PP755589.1|A/cattle/Texas/24-008749-003/2024(H5N1)	1542	19276
HA|PP755589.1|A/cattle/Texas/24-008749-003/2024(H5N1)	1543	19153
HA|PP755589.1|A/cattle/Texas/24-008749-003/2024(H5N1)	1544	19185
HA|PP755589.1|A/cattle/Texas/24-008749-003/2024(H5N1)	1545	19139
HA|PP755589.1|A/cattle/Texas/24-008749-003/2024(H5N1)	1546	19155
HA|PP755589.1|A/cattle/Texas/24-008749-003/2024(H5N1)	1547	19212
HA|PP755589.1|A/cattle/Texas/24-008749-003/2024(H5N1)	1548	19188
HA|PP755589.1|A/cattle/Texas/24-008749-003/2024(H5N1)	1549	19239
HA|PP755589.1|A/cattle/Texas/24-008749-003/2024(H5N1)	1550	19250
HA|PP755589.1|A/cattle/Texas/24-008749-003/2024(H5N1)	1551	19279
HA|PP755589.1|A/cattle/Texas/24-008749-003/2024(H5N1)	1552	19288
HA|PP755589.1|A/cattle/Texas/24-008749-003/2024(H5N1)	1553	19201
HA|PP755589.1|A/cattle/Texas/24-008749-003/2024(H5N1)	1554	18699
HA|PP755589.1|A/cattle/Texas/24-008749-003/2024(H5N1)	1555	18657
HA|PP755589.1|A/cattle/Texas/24-008749-003/2024(H5N1)	1556	18613
HA|PP755589.1|A/cattle/Texas/24-008749-003/2024(H5N1)	1557	18668
HA|PP755589.1|A/cattle/Texas/24-008749-003/2024(H5N1)	1558	18287
HA|PP755589.1|A/cattle/Texas/24-008749-003/2024(H5N1)	1559	18291
HA|PP755589.1|A/cattle/Texas/24-008749-003/2024(H5N1)	1560	18201
HA|PP755589.1|A/cattle/Texas/24-008749-003/2024(H5N1)	1561	17367
HA|PP755589.1|A/cattle/Texas/24-008749-003/2024(H5N1)	1562	17465
HA|PP755589.1|A/cattle/Texas/24-008749-003/2024(H5N1)	1563	17456
HA|PP755589.1|A/cattle/Texas/24-008749-003/2024(H5N1)	1564	17504
HA|PP755589.1|A/cattle/Texas/24-008749-003/2024(H5N1)	1565	17498
HA|PP755589.1|A/cattle/Texas/24-008749-003/2024(H5N1)	1566	17516
HA|PP755589.1|A/cattle/Texas/24-008749-003/2024(H5N1)	1567	17187
HA|PP755589.1|A/cattle/Texas/24-008749-003/2024(H5N1)	1568	17128
HA|PP755589.1|A/cattle/Texas/24-008749-003/2024(H5N1)	1569	17089
HA|PP755589.1|A/cattle/Texas/24-008749-003/2024(H5N1)	1570	17062
HA|PP755589.1|A/cattle/Texas/24-008749-003/2024(H5N1)	1571	17329
HA|PP755589.1|A/cattle/Texas/24-008749-003/2024(H5N1)	1572	16586
HA|PP755589.1|A/cattle/Texas/24-008749-003/2024(H5N1)	1573	16534
HA|PP755589.1|A/cattle/Texas/24-008749-003/2024(H5N1)	1574	16563
HA|PP755589.1|A/cattle/Texas/24-008749-003/2024(H5N1)	1575	16305
HA|PP755589.1|A/cattle/Texas/24-008749-003/2024(H5N1)	1576	16329
HA|PP755589.1|A/cattle/Texas/24-008749-003/2024(H5N1)	1577	16580
HA|PP755589.1|A/cattle/Texas/24-008749-003/2024(H5N1)	1578	16569
HA|PP755589.1|A/cattle/Texas/24-008749-003/2024(H5N1)	1579	16476
HA|PP755589.1|A/cattle/Texas/24-008749-003/2024(H5N1)	1580	16359
HA|PP755589.1|A/cattle/Texas/24-008749-003/2024(H5N1)	1581	16325
HA|PP755589.1|A/cattle/Texas/24-008749-003/2024(H5N1)	1582	16295
HA|PP755589.1|A/cattle/Texas/24-008749-003/2024(H5N1)	1583	16008
HA|PP755589.1|A/cattle/Texas/24-008749-003/2024(H5N1)	1584	15489
HA|PP755589.1|A/cattle/Texas/24-008749-003/2024(H5N1)	1585	15460
HA|PP755589.1|A/cattle/Texas/24-008749-003/2024(H5N1)	1586	15427
HA|PP755589.1|A/cattle/Texas/24-008749-003/2024(H5N1)	1587	15516
HA|PP755589.1|A/cattle/Texas/24-008749-003/2024(H5N1)	1588	15516
HA|PP755589.1|A/cattle/Texas/24-008749-003/2024(H5N1)	1589	15038
HA|PP755589.1|A/cattle/Texas/24-008749-003/2024(H5N1)	1590	15043
HA|PP755589.1|A/cattle/Texas/24-008749-003/2024(H5N1)	1591	15092
HA|PP755589.1|A/cattle/Texas/24-008749-003/2024(H5N1)	1592	15096
HA|PP755589.1|A/cattle/Texas/24-008749-003/2024(H5N1)	1593	15809
HA|PP755589.1|A/cattle/Texas/24-008749-003/2024(H5N1)	1594	15706
HA|PP755589.1|A/cattle/Texas/24-008749-003/2024(H5N1)	1595	15292
HA|PP755589.1|A/cattle/Texas/24-008749-003/2024(H5N1)	1596	15296
HA|PP755589.1|A/cattle/Texas/24-008749-003/2024(H5N1)	1597	17603
HA|PP755589.1|A/cattle/Texas/24-008749-003/2024(H5N1)	1598	17634
HA|PP755589.1|A/cattle/Texas/24-008749-003/2024(H5N1)	1599	17832
HA|PP755589.1|A/cattle/Texas/24-008749-003/2024(H5N1)	1600	17828
HA|PP755589.1|A/cattle/Texas/24-008749-003/2024(H5N1)	1601	17838
HA|PP755589.1|A/cattle/Texas/24-008749-003/2024(H5N1)	1602	18016
HA|PP755589.1|A/cattle/Texas/24-008749-003/2024(H5N1)	1603	17880
HA|PP755589.1|A/cattle/Texas/24-008749-003/2024(H5N1)	1604	17862
HA|PP755589.1|A/cattle/Texas/24-008749-003/2024(H5N1)	1605	17847
HA|PP755589.1|A/cattle/Texas/24-008749-003/2024(H5N1)	1606	17818
HA|PP755589.1|A/cattle/Texas/24-008749-003/2024(H5N1)	1607	17793
HA|PP755589.1|A/cattle/Texas/24-008749-003/2024(H5N1)	1608	17760
HA|PP755589.1|A/cattle/Texas/24-008749-003/2024(H5N1)	1609	17721
HA|PP755589.1|A/cattle/Texas/24-008749-003/2024(H5N1)	1610	17716
HA|PP755589.1|A/cattle/Texas/24-008749-003/2024(H5N1)	1611	17540
HA|PP755589.1|A/cattle/Texas/24-008749-003/2024(H5N1)	1612	17522
HA|PP755589.1|A/cattle/Texas/24-008749-003/2024(H5N1)	1613	17459
HA|PP755589.1|A/cattle/Texas/24-008749-003/2024(H5N1)	1614	17463
HA|PP755589.1|A/cattle/Texas/24-008749-003/2024(H5N1)	1615	17433
HA|PP755589.1|A/cattle/Texas/24-008749-003/2024(H5N1)	1616	17331
HA|PP755589.1|A/cattle/Texas/24-008749-003/2024(H5N1)	1617	17219
HA|PP755589.1|A/cattle/Texas/24-008749-003/2024(H5N1)	1618	17176
HA|PP755589.1|A/cattle/Texas/24-008749-003/2024(H5N1)	1619	17199
HA|PP755589.1|A/cattle/Texas/24-008749-003/2024(H5N1)	1620	17180
HA|PP755589.1|A/cattle/Texas/24-008749-003/2024(H5N1)	1621	17135
HA|PP755589.1|A/cattle/Texas/24-008749-003/2024(H5N1)	1622	17264
HA|PP755589.1|A/cattle/Texas/24-008749-003/2024(H5N1)	1623	17201
HA|PP755589.1|A/cattle/Texas/24-008749-003/2024(H5N1)	1624	17147
HA|PP755589.1|A/cattle/Texas/24-008749-003/2024(H5N1)	1625	17141
HA|PP755589.1|A/cattle/Texas/24-008749-003/2024(H5N1)	1626	17106
HA|PP755589.1|A/cattle/Texas/24-008749-003/2024(H5N1)	1627	17080
HA|PP755589.1|A/cattle/Texas/24-008749-003/2024(H5N1)	1628	16683
HA|PP755589.1|A/cattle/Texas/24-008749-003/2024(H5N1)	1629	16575
HA|PP755589.1|A/cattle/Texas/24-008749-003/2024(H5N1)	1630	16429
HA|PP755589.1|A/cattle/Texas/24-008749-003/2024(H5N1)	1631	15609
HA|PP755589.1|A/cattle/Texas/24-008749-003/2024(H5N1)	1632	15643
HA|PP755589.1|A/cattle/Texas/24-008749-003/2024(H5N1)	1633	15645
HA|PP755589.1|A/cattle/Texas/24-008749-003/2024(H5N1)	1634	15644
HA|PP755589.1|A/cattle/Texas/24-008749-003/2024(H5N1)	1635	15588
HA|PP755589.1|A/cattle/Texas/24-008749-003/2024(H5N1)	1636	15489
HA|PP755589.1|A/cattle/Texas/24-008749-003/2024(H5N1)	1637	15480
HA|PP755589.1|A/cattle/Texas/24-008749-003/2024(H5N1)	1638	15317
HA|PP755589.1|A/cattle/Texas/24-008749-003/2024(H5N1)	1639	15301
HA|PP755589.1|A/cattle/Texas/24-008749-003/2024(H5N1)	1640	15284
HA|PP755589.1|A/cattle/Texas/24-008749-003/2024(H5N1)	1641	15207
HA|PP755589.1|A/cattle/Texas/24-008749-003/2024(H5N1)	1642	15146
HA|PP755589.1|A/cattle/Texas/24-008749-003/2024(H5N1)	1643	15117
HA|PP755589.1|A/cattle/Texas/24-008749-003/2024(H5N1)	1644	15014
HA|PP755589.1|A/cattle/Texas/24-008749-003/2024(H5N1)	1645	14963
HA|PP755589.1|A/cattle/Texas/24-008749-003/2024(H5N1)	1646	14930
HA|PP755589.1|A/cattle/Texas/24-008749-003/2024(H5N1)	1647	14628
HA|PP755589.1|A/cattle/Texas/24-008749-003/2024(H5N1)	1648	14684
HA|PP755589.1|A/cattle/Texas/24-008749-003/2024(H5N1)	1649	14687
HA|PP755589.1|A/cattle/Texas/24-008749-003/2024(H5N1)	1650	14658
HA|PP755589.1|A/cattle/Texas/24-008749-003/2024(H5N1)	1651	14446
HA|PP755589.1|A/cattle/Texas/24-008749-003/2024(H5N1)	1652	14364
HA|PP755589.1|A/cattle/Texas/24-008749-003/2024(H5N1)	1653	14587
HA|PP755589.1|A/cattle/Texas/24-008749-003/2024(H5N1)	1654	14555
HA|PP755589.1|A/cattle/Texas/24-008749-003/2024(H5N1)	1655	14273
HA|PP755589.1|A/cattle/Texas/24-008749-003/2024(H5N1)	1656	14156
HA|PP755589.1|A/cattle/Texas/24-008749-003/2024(H5N1)	1657	13653
HA|PP755589.1|A/cattle/Texas/24-008749-003/2024(H5N1)	1658	13443
HA|PP755589.1|A/cattle/Texas/24-008749-003/2024(H5N1)	1659	13424
HA|PP755589.1|A/cattle/Texas/24-008749-003/2024(H5N1)	1660	13383
HA|PP755589.1|A/cattle/Texas/24-008749-003/2024(H5N1)	1661	13302
HA|PP755589.1|A/cattle/Texas/24-008749-003/2024(H5N1)	1662	11439
HA|PP755589.1|A/cattle/Texas/24-008749-003/2024(H5N1)	1663	10528
HA|PP755589.1|A/cattle/Texas/24-008749-003/2024(H5N1)	1664	10184
HA|PP755589.1|A/cattle/Texas/24-008749-003/2024(H5N1)	1665	10187
HA|PP755589.1|A/cattle/Texas/24-008749-003/2024(H5N1)	1666	9728
HA|PP755589.1|A/cattle/Texas/24-008749-003/2024(H5N1)	1667	9776
HA|PP755589.1|A/cattle/Texas/24-008749-003/2024(H5N1)	1668	9577
HA|PP755589.1|A/cattle/Texas/24-008749-003/2024(H5N1)	1669	9565
HA|PP755589.1|A/cattle/Texas/24-008749-003/2024(H5N1)	1670	9498
HA|PP755589.1|A/cattle/Texas/24-008749-003/2024(H5N1)	1671	9303
HA|PP755589.1|A/cattle/Texas/24-008749-003/2024(H5N1)	1672	9283
HA|PP755589.1|A/cattle/Texas/24-008749-003/2024(H5N1)	1673	9281
HA|PP755589.1|A/cattle/Texas/24-008749-003/2024(H5N1)	1674	9153
HA|PP755589.1|A/cattle/Texas/24-008749-003/2024(H5N1)	1675	9133
HA|PP755589.1|A/cattle/Texas/24-008749-003/2024(H5N1)	1676	8541
HA|PP755589.1|A/cattle/Texas/24-008749-003/2024(H5N1)	1677	8424
HA|PP755589.1|A/cattle/Texas/24-008749-003/2024(H5N1)	1678	8416
HA|PP755589.1|A/cattle/Texas/24-008749-003/2024(H5N1)	1679	8069
HA|PP755589.1|A/cattle/Texas/24-008749-003/2024(H5N1)	1680	8058
HA|PP755589.1|A/cattle/Texas/24-008749-003/2024(H5N1)	1681	8040
HA|PP755589.1|A/cattle/Texas/24-008749-003/2024(H5N1)	1682	8039
HA|PP755589.1|A/cattle/Texas/24-008749-003/2024(H5N1)	1683	8038
HA|PP755589.1|A/cattle/Texas/24-008749-003/2024(H5N1)	1684	8009
HA|PP755589.1|A/cattle/Texas/24-008749-003/2024(H5N1)	1685	7507
HA|PP755589.1|A/cattle/Texas/24-008749-003/2024(H5N1)	1686	7484
HA|PP755589.1|A/cattle/Texas/24-008749-003/2024(H5N1)	1687	7379
HA|PP755589.1|A/cattle/Texas/24-008749-003/2024(H5N1)	1688	7371
HA|PP755589.1|A/cattle/Texas/24-008749-003/2024(H5N1)	1689	7371
HA|PP755589.1|A/cattle/Texas/24-008749-003/2024(H5N1)	1690	6933
HA|PP755589.1|A/cattle/Texas/24-008749-003/2024(H5N1)	1691	6933
HA|PP755589.1|A/cattle/Texas/24-008749-003/2024(H5N1)	1692	6902
HA|PP755589.1|A/cattle/Texas/24-008749-003/2024(H5N1)	1693	6898
HA|PP755589.1|A/cattle/Texas/24-008749-003/2024(H5N1)	1694	6890
HA|PP755589.1|A/cattle/Texas/24-008749-003/2024(H5N1)	1695	6746
HA|PP755589.1|A/cattle/Texas/24-008749-003/2024(H5N1)	1696	6740
HA|PP755589.1|A/cattle/Texas/24-008749-003/2024(H5N1)	1697	6720
HA|PP755589.1|A/cattle/Texas/24-008749-003/2024(H5N1)	1698	6676
HA|PP755589.1|A/cattle/Texas/24-008749-003/2024(H5N1)	1699	6668
HA|PP755589.1|A/cattle/Texas/24-008749-003/2024(H5N1)	1700	6517
HA|PP755589.1|A/cattle/Texas/24-008749-003/2024(H5N1)	1701	6500
HA|PP755589.1|A/cattle/Texas/24-008749-003/2024(H5N1)	1702	6489
HA|PP755589.1|A/cattle/Texas/24-008749-003/2024(H5N1)	1703	6470
HA|PP755589.1|A/cattle/Texas/24-008749-003/2024(H5N1)	1704	6459
