PB2|PP755596.1|A/cattle/Texas/24-008749-003/2024(H5N1)	1	147
PB2|PP755596.1|A/cattle/Texas/24-008749-003/2024(H5N1)	2	147
PB2|PP755596.1|A/cattle/Texas/24-008749-003/2024(H5N1)	3	148
PB2|PP755596.1|A/cattle/Texas/24-008749-003/2024(H5N1)	4	149
PB2|PP755596.1|A/cattle/Texas/24-008749-003/2024(H5N1)	5	150
PB2|PP755596.1|A/cattle/Texas/24-008749-003/2024(H5N1)	6	154
PB2|PP755596.1|A/cattle/Texas/24-008749-003/2024(H5N1)	7	154
PB2|PP755596.1|A/cattle/Texas/24-008749-003/2024(H5N1)	8	174
PB2|PP755596.1|A/cattle/Texas/24-008749-003/2024(H5N1)	9	176
PB2|PP755596.1|A/cattle/Texas/24-008749-003/2024(H5N1)	10	176
PB2|PP755596.1|A/cattle/Texas/24-008749-003/2024(H5N1)	11	180
PB2|PP755596.1|A/cattle/Texas/24-008749-003/2024(H5N1)	12	180
PB2|PP755596.1|A/cattle/Texas/24-008749-003/2024(H5N1)	13	180
PB2|PP755596.1|A/cattle/Texas/24-008749-003/2024(H5N1)	14	182
PB2|PP755596.1|A/cattle/Texas/24-008749-003/2024(H5N1)	15	187
PB2|PP755596.1|A/cattle/Texas/24-008749-003/2024(H5N1)	16	190
PB2|PP755596.1|A/cattle/Texas/24-008749-003/2024(H5N1)	17	195
PB2|PP755596.1|A/cattle/Texas/24-008749-003/2024(H5N1)	18	196
PB2|PP755596.1|A/cattle/Texas/24-008749-003/2024(H5N1)	19	200
PB2|PP755596.1|A/cattle/Texas/24-008749-003/2024(H5N1)	20	200
PB2|PP755596.1|A/cattle/Texas/24-008749-003/2024(H5N1)	21	201
PB2|PP755596.1|A/cattle/Texas/24-008749-003/2024(H5N1)	22	201
PB2|PP755596.1|A/cattle/Texas/24-008749-003/2024(H5N1)	23	201
PB2|PP755596.1|A/cattle/Texas/24-008749-003/2024(H5N1)	24	205
PB2|PP755596.1|A/cattle/Texas/24-008749-003/2024(H5N1)	25	217
PB2|PP755596.1|A/cattle/Texas/24-008749-003/2024(H5N1)	26	224
PB2|PP755596.1|A/cattle/Texas/24-008749-003/2024(H5N1)	27	225
PB2|PP755596.1|A/cattle/Texas/24-008749-003/2024(H5N1)	28	225
PB2|PP755596.1|A/cattle/Texas/24-008749-003/2024(H5N1)	29	228
PB2|PP755596.1|A/cattle/Texas/24-008749-003/2024(H5N1)	30	229
PB2|PP755596.1|A/cattle/Texas/24-008749-003/2024(H5N1)	31	229
PB2|PP755596.1|A/cattle/Texas/24-008749-003/2024(H5N1)	32	229
PB2|PP755596.1|A/cattle/Texas/24-008749-003/2024(H5N1)	33	229
PB2|PP755596.1|A/cattle/Texas/24-008749-003/2024(H5N1)	34	234
PB2|PP755596.1|A/cattle/Texas/24-008749-003/2024(H5N1)	35	235
PB2|PP755596.1|A/cattle/Texas/24-008749-003/2024(H5N1)	36	235
PB2|PP755596.1|A/cattle/Texas/24-008749-003/2024(H5N1)	37	235
PB2|PP755596.1|A/cattle/Texas/24-008749-003/2024(H5N1)	38	235
PB2|PP755596.1|A/cattle/Texas/24-008749-003/2024(H5N1)	39	253
PB2|PP755596.1|A/cattle/Texas/24-008749-003/2024(H5N1)	40	254
PB2|PP755596.1|A/cattle/Texas/24-008749-003/2024(H5N1)	41	254
PB2|PP755596.1|A/cattle/Texas/24-008749-003/2024(H5N1)	42	254
PB2|PP755596.1|A/cattle/Texas/24-008749-003/2024(H5N1)	43	262
PB2|PP755596.1|A/cattle/Texas/24-008749-003/2024(H5N1)	44	262
PB2|PP755596.1|A/cattle/Texas/24-008749-003/2024(H5N1)	45	263
PB2|PP755596.1|A/cattle/Texas/24-008749-003/2024(H5N1)	46	263
PB2|PP755596.1|A/cattle/Texas/24-008749-003/2024(H5N1)	47	264
PB2|PP755596.1|A/cattle/Texas/24-008749-003/2024(H5N1)	48	264
PB2|PP755596.1|A/cattle/Texas/24-008749-003/2024(H5N1)	49	270
PB2|PP755596.1|A/cattle/Texas/24-008749-003/2024(H5N1)	50	270
PB2|PP755596.1|A/cattle/Texas/24-008749-003/2024(H5N1)	51	271
PB2|PP755596.1|A/cattle/Texas/24-008749-003/2024(H5N1)	52	271
PB2|PP755596.1|A/cattle/Texas/24-008749-003/2024(H5N1)	53	273
PB2|PP755596.1|A/cattle/Texas/24-008749-003/2024(H5N1)	54	273
PB2|PP755596.1|A/cattle/Texas/24-008749-003/2024(H5N1)	55	279
PB2|PP755596.1|A/cattle/Texas/24-008749-003/2024(H5N1)	56	280
PB2|PP755596.1|A/cattle/Texas/24-008749-003/2024(H5N1)	57	281
PB2|PP755596.1|A/cattle/Texas/24-008749-003/2024(H5N1)	58	281
PB2|PP755596.1|A/cattle/Texas/24-008749-003/2024(H5N1)	59	280
PB2|PP755596.1|A/cattle/Texas/24-008749-003/2024(H5N1)	60	283
PB2|PP755596.1|A/cattle/Texas/24-008749-003/2024(H5N1)	61	283
PB2|PP755596.1|A/cattle/Texas/24-008749-003/2024(H5N1)	62	285
PB2|PP755596.1|A/cattle/Texas/24-008749-003/2024(H5N1)	63	285
PB2|PP755596.1|A/cattle/Texas/24-008749-003/2024(H5N1)	64	285
PB2|PP755596.1|A/cattle/Texas/24-008749-003/2024(H5N1)	65	291
PB2|PP755596.1|A/cattle/Texas/24-008749-003/2024(H5N1)	66	292
PB2|PP755596.1|A/cattle/Texas/24-008749-003/2024(H5N1)	67	292
PB2|PP755596.1|A/cattle/Texas/24-008749-003/2024(H5N1)	68	299
PB2|PP755596.1|A/cattle/Texas/24-008749-003/2024(H5N1)	69	300
PB2|PP755596.1|A/cattle/Texas/24-008749-003/2024(H5N1)	70	305
PB2|PP755596.1|A/cattle/Texas/24-008749-003/2024(H5N1)	71	306
PB2|PP755596.1|A/cattle/Texas/24-008749-003/2024(H5N1)	72	302
PB2|PP755596.1|A/cattle/Texas/24-008749-003/2024(H5N1)	73	302
PB2|PP755596.1|A/cattle/Texas/24-008749-003/2024(H5N1)	74	300
PB2|PP755596.1|A/cattle/Texas/24-008749-003/2024(H5N1)	75	301
PB2|PP755596.1|A/cattle/Texas/24-008749-003/2024(H5N1)	76	301
PB2|PP755596.1|A/cattle/Texas/24-008749-003/2024(H5N1)	77	301
PB2|PP755596.1|A/cattle/Texas/24-008749-003/2024(H5N1)	78	309
PB2|PP755596.1|A/cattle/Texas/24-008749-003/2024(H5N1)	79	309
PB2|PP755596.1|A/cattle/Texas/24-008749-003/2024(H5N1)	80	310
PB2|PP755596.1|A/cattle/Texas/24-008749-003/2024(H5N1)	81	306
PB2|PP755596.1|A/cattle/Texas/24-008749-003/2024(H5N1)	82	306
PB2|PP755596.1|A/cattle/Texas/24-008749-003/2024(H5N1)	83	308
PB2|PP755596.1|A/cattle/Texas/24-008749-003/2024(H5N1)	84	309
PB2|PP755596.1|A/cattle/Texas/24-008749-003/2024(H5N1)	85	315
PB2|PP755596.1|A/cattle/Texas/24-008749-003/2024(H5N1)	86	316
PB2|PP755596.1|A/cattle/Texas/24-008749-003/2024(H5N1)	87	317
PB2|PP755596.1|A/cattle/Texas/24-008749-003/2024(H5N1)	88	317
PB2|PP755596.1|A/cattle/Texas/24-008749-003/2024(H5N1)	89	314
PB2|PP755596.1|A/cattle/Texas/24-008749-003/2024(H5N1)	90	321
PB2|PP755596.1|A/cattle/Texas/24-008749-003/2024(H5N1)	91	321
PB2|PP755596.1|A/cattle/Texas/24-008749-003/2024(H5N1)	92	321
PB2|PP755596.1|A/cattle/Texas/24-008749-003/2024(H5N1)	93	322
PB2|PP755596.1|A/cattle/Texas/24-008749-003/2024(H5N1)	94	319
PB2|PP755596.1|A/cattle/Texas/24-008749-003/2024(H5N1)	95	319
PB2|PP755596.1|A/cattle/Texas/24-008749-003/2024(H5N1)	96	314
PB2|PP755596.1|A/cattle/Texas/24-008749-003/2024(H5N1)	97	317
PB2|PP755596.1|A/cattle/Texas/24-008749-003/2024(H5N1)	98	316
PB2|PP755596.1|A/cattle/Texas/24-008749-003/2024(H5N1)	99	321
PB2|PP755596.1|A/cattle/Texas/24-008749-003/2024(H5N1)	100	324
PB2|PP755596.1|A/cattle/Texas/24-008749-003/2024(H5N1)	101	324
PB2|PP755596.1|A/cattle/Texas/24-008749-003/2024(H5N1)	102	325
PB2|PP755596.1|A/cattle/Texas/24-008749-003/2024(H5N1)	103	320
PB2|PP755596.1|A/cattle/Texas/24-008749-003/2024(H5N1)	104	326
PB2|PP755596.1|A/cattle/Texas/24-008749-003/2024(H5N1)	105	326
PB2|PP755596.1|A/cattle/Texas/24-008749-003/2024(H5N1)	106	324
PB2|PP755596.1|A/cattle/Texas/24-008749-003/2024(H5N1)	107	324
PB2|PP755596.1|A/cattle/Texas/24-008749-003/2024(H5N1)	108	242
PB2|PP755596.1|A/cattle/Texas/24-008749-003/2024(H5N1)	109	245
PB2|PP755596.1|A/cattle/Texas/24-008749-003/2024(H5N1)	110	245
PB2|PP755596.1|A/cattle/Texas/24-008749-003/2024(H5N1)	111	245
PB2|PP755596.1|A/cattle/Texas/24-008749-003/2024(H5N1)	112	245
PB2|PP755596.1|A/cattle/Texas/24-008749-003/2024(H5N1)	113	247
PB2|PP755596.1|A/cattle/Texas/24-008749-003/2024(H5N1)	114	247
PB2|PP755596.1|A/cattle/Texas/24-008749-003/2024(H5N1)	115	247
PB2|PP755596.1|A/cattle/Texas/24-008749-003/2024(H5N1)	116	246
PB2|PP755596.1|A/cattle/Texas/24-008749-003/2024(H5N1)	117	246
PB2|PP755596.1|A/cattle/Texas/24-008749-003/2024(H5N1)	118	249
PB2|PP755596.1|A/cattle/Texas/24-008749-003/2024(H5N1)	119	250
PB2|PP755596.1|A/cattle/Texas/24-008749-003/2024(H5N1)	120	249
PB2|PP755596.1|A/cattle/Texas/24-008749-003/2024(H5N1)	121	249
PB2|PP755596.1|A/cattle/Texas/24-008749-003/2024(H5N1)	122	247
PB2|PP755596.1|A/cattle/Texas/24-008749-003/2024(H5N1)	123	247
PB2|PP755596.1|A/cattle/Texas/24-008749-003/2024(H5N1)	124	247
PB2|PP755596.1|A/cattle/Texas/24-008749-003/2024(H5N1)	125	247
PB2|PP755596.1|A/cattle/Texas/24-008749-003/2024(H5N1)	126	247
PB2|PP755596.1|A/cattle/Texas/24-008749-003/2024(H5N1)	127	245
PB2|PP755596.1|A/cattle/Texas/24-008749-003/2024(H5N1)	128	245
PB2|PP755596.1|A/cattle/Texas/24-008749-003/2024(H5N1)	129	235
PB2|PP755596.1|A/cattle/Texas/24-008749-003/2024(H5N1)	130	235
PB2|PP755596.1|A/cattle/Texas/24-008749-003/2024(H5N1)	131	235
PB2|PP755596.1|A/cattle/Texas/24-008749-003/2024(H5N1)	132	237
PB2|PP755596.1|A/cattle/Texas/24-008749-003/2024(H5N1)	133	241
PB2|PP755596.1|A/cattle/Texas/24-008749-003/2024(H5N1)	134	241
PB2|PP755596.1|A/cattle/Texas/24-008749-003/2024(H5N1)	135	243
PB2|PP755596.1|A/cattle/Texas/24-008749-003/2024(H5N1)	136	243
PB2|PP755596.1|A/cattle/Texas/24-008749-003/2024(H5N1)	137	252
PB2|PP755596.1|A/cattle/Texas/24-008749-003/2024(H5N1)	138	255
PB2|PP755596.1|A/cattle/Texas/24-008749-003/2024(H5N1)	139	256
PB2|PP755596.1|A/cattle/Texas/24-008749-003/2024(H5N1)	140	256
PB2|PP755596.1|A/cattle/Texas/24-008749-003/2024(H5N1)	141	259
PB2|PP755596.1|A/cattle/Texas/24-008749-003/2024(H5N1)	142	261
PB2|PP755596.1|A/cattle/Texas/24-008749-003/2024(H5N1)	143	261
PB2|PP755596.1|A/cattle/Texas/24-008749-003/2024(H5N1)	144	259
PB2|PP755596.1|A/cattle/Texas/24-008749-003/2024(H5N1)	145	260
PB2|PP755596.1|A/cattle/Texas/24-008749-003/2024(H5N1)	146	257
PB2|PP755596.1|A/cattle/Texas/24-008749-003/2024(H5N1)	147	260
PB2|PP755596.1|A/cattle/Texas/24-008749-003/2024(H5N1)	148	261
PB2|PP755596.1|A/cattle/Texas/24-008749-003/2024(H5N1)	149	261
PB2|PP755596.1|A/cattle/Texas/24-008749-003/2024(H5N1)	150	262
PB2|PP755596.1|A/cattle/Texas/24-008749-003/2024(H5N1)	151	262
PB2|PP755596.1|A/cattle/Texas/24-008749-003/2024(H5N1)	152	261
PB2|PP755596.1|A/cattle/Texas/24-008749-003/2024(H5N1)	153	263
PB2|PP755596.1|A/cattle/Texas/24-008749-003/2024(H5N1)	154	264
PB2|PP755596.1|A/cattle/Texas/24-008749-003/2024(H5N1)	155	267
PB2|PP755596.1|A/cattle/Texas/24-008749-003/2024(H5N1)	156	275
PB2|PP755596.1|A/cattle/Texas/24-008749-003/2024(H5N1)	157	275
PB2|PP755596.1|A/cattle/Texas/24-008749-003/2024(H5N1)	158	275
PB2|PP755596.1|A/cattle/Texas/24-008749-003/2024(H5N1)	159	277
PB2|PP755596.1|A/cattle/Texas/24-008749-003/2024(H5N1)	160	278
PB2|PP755596.1|A/cattle/Texas/24-008749-003/2024(H5N1)	161	278
PB2|PP755596.1|A/cattle/Texas/24-008749-003/2024(H5N1)	162	279
PB2|PP755596.1|A/cattle/Texas/24-008749-003/2024(H5N1)	163	285
PB2|PP755596.1|A/cattle/Texas/24-008749-003/2024(H5N1)	164	286
PB2|PP755596.1|A/cattle/Texas/24-008749-003/2024(H5N1)	165	287
PB2|PP755596.1|A/cattle/Texas/24-008749-003/2024(H5N1)	166	285
PB2|PP755596.1|A/cattle/Texas/24-008749-003/2024(H5N1)	167	287
PB2|PP755596.1|A/cattle/Texas/24-008749-003/2024(H5N1)	168	280
PB2|PP755596.1|A/cattle/Texas/24-008749-003/2024(H5N1)	169	280
PB2|PP755596.1|A/cattle/Texas/24-008749-003/2024(H5N1)	170	279
PB2|PP755596.1|A/cattle/Texas/24-008749-003/2024(H5N1)	171	280
PB2|PP755596.1|A/cattle/Texas/24-008749-003/2024(H5N1)	172	280
PB2|PP755596.1|A/cattle/Texas/24-008749-003/2024(H5N1)	173	286
PB2|PP755596.1|A/cattle/Texas/24-008749-003/2024(H5N1)	174	283
PB2|PP755596.1|A/cattle/Texas/24-008749-003/2024(H5N1)	175	283
PB2|PP755596.1|A/cattle/Texas/24-008749-003/2024(H5N1)	176	284
PB2|PP755596.1|A/cattle/Texas/24-008749-003/2024(H5N1)	177	284
PB2|PP755596.1|A/cattle/Texas/24-008749-003/2024(H5N1)	178	286
PB2|PP755596.1|A/cattle/Texas/24-008749-003/2024(H5N1)	179	287
PB2|PP755596.1|A/cattle/Texas/24-008749-003/2024(H5N1)	180	289
PB2|PP755596.1|A/cattle/Texas/24-008749-003/2024(H5N1)	181	290
PB2|PP755596.1|A/cattle/Texas/24-008749-003/2024(H5N1)	182	292
PB2|PP755596.1|A/cattle/Texas/24-008749-003/2024(H5N1)	183	294
PB2|PP755596.1|A/cattle/Texas/24-008749-003/2024(H5N1)	184	295
PB2|PP755596.1|A/cattle/Texas/24-008749-003/2024(H5N1)	185	298
PB2|PP755596.1|A/cattle/Texas/24-008749-003/2024(H5N1)	186	296
PB2|PP755596.1|A/cattle/Texas/24-008749-003/2024(H5N1)	187	296
PB2|PP755596.1|A/cattle/Texas/24-008749-003/2024(H5N1)	188	297
PB2|PP755596.1|A/cattle/Texas/24-008749-003/2024(H5N1)	189	296
PB2|PP755596.1|A/cattle/Texas/24-008749-003/2024(H5N1)	190	298
PB2|PP755596.1|A/cattle/Texas/24-008749-003/2024(H5N1)	191	292
PB2|PP755596.1|A/cattle/Texas/24-008749-003/2024(H5N1)	192	293
PB2|PP755596.1|A/cattle/Texas/24-008749-003/2024(H5N1)	193	294
PB2|PP755596.1|A/cattle/Texas/24-008749-003/2024(H5N1)	194	294
PB2|PP755596.1|A/cattle/Texas/24-008749-003/2024(H5N1)	195	297
PB2|PP755596.1|A/cattle/Texas/24-008749-003/2024(H5N1)	196	301
PB2|PP755596.1|A/cattle/Texas/24-008749-003/2024(H5N1)	197	303
PB2|PP755596.1|A/cattle/Texas/24-008749-003/2024(H5N1)	198	303
PB2|PP755596.1|A/cattle/Texas/24-008749-003/2024(H5N1)	199	270
PB2|PP755596.1|A/cattle/Texas/24-008749-003/2024(H5N1)	200	273
PB2|PP755596.1|A/cattle/Texas/24-008749-003/2024(H5N1)	201	273
PB2|PP755596.1|A/cattle/Texas/24-008749-003/2024(H5N1)	202	273
PB2|PP755596.1|A/cattle/Texas/24-008749-003/2024(H5N1)	203	272
PB2|PP755596.1|A/cattle/Texas/24-008749-003/2024(H5N1)	204	272
PB2|PP755596.1|A/cattle/Texas/24-008749-003/2024(H5N1)	205	272
PB2|PP755596.1|A/cattle/Texas/24-008749-003/2024(H5N1)	206	273
PB2|PP755596.1|A/cattle/Texas/24-008749-003/2024(H5N1)	207	274
PB2|PP755596.1|A/cattle/Texas/24-008749-003/2024(H5N1)	208	274
PB2|PP755596.1|A/cattle/Texas/24-008749-003/2024(H5N1)	209	278
PB2|PP755596.1|A/cattle/Texas/24-008749-003/2024(H5N1)	210	278
PB2|PP755596.1|A/cattle/Texas/24-008749-003/2024(H5N1)	211	278
PB2|PP755596.1|A/cattle/Texas/24-008749-003/2024(H5N1)	212	280
PB2|PP755596.1|A/cattle/Texas/24-008749-003/2024(H5N1)	213	280
PB2|PP755596.1|A/cattle/Texas/24-008749-003/2024(H5N1)	214	280
PB2|PP755596.1|A/cattle/Texas/24-008749-003/2024(H5N1)	215	282
PB2|PP755596.1|A/cattle/Texas/24-008749-003/2024(H5N1)	216	279
PB2|PP755596.1|A/cattle/Texas/24-008749-003/2024(H5N1)	217	279
PB2|PP755596.1|A/cattle/Texas/24-008749-003/2024(H5N1)	218	279
PB2|PP755596.1|A/cattle/Texas/24-008749-003/2024(H5N1)	219	279
PB2|PP755596.1|A/cattle/Texas/24-008749-003/2024(H5N1)	220	285
PB2|PP755596.1|A/cattle/Texas/24-008749-003/2024(H5N1)	221	285
PB2|PP755596.1|A/cattle/Texas/24-008749-003/2024(H5N1)	222	286
PB2|PP755596.1|A/cattle/Texas/24-008749-003/2024(H5N1)	223	276
PB2|PP755596.1|A/cattle/Texas/24-008749-003/2024(H5N1)	224	272
PB2|PP755596.1|A/cattle/Texas/24-008749-003/2024(H5N1)	225	270
PB2|PP755596.1|A/cattle/Texas/24-008749-003/2024(H5N1)	226	263
PB2|PP755596.1|A/cattle/Texas/24-008749-003/2024(H5N1)	227	263
PB2|PP755596.1|A/cattle/Texas/24-008749-003/2024(H5N1)	228	263
PB2|PP755596.1|A/cattle/Texas/24-008749-003/2024(H5N1)	229	261
PB2|PP755596.1|A/cattle/Texas/24-008749-003/2024(H5N1)	230	254
PB2|PP755596.1|A/cattle/Texas/24-008749-003/2024(H5N1)	231	255
PB2|PP755596.1|A/cattle/Texas/24-008749-003/2024(H5N1)	232	255
PB2|PP755596.1|A/cattle/Texas/24-008749-003/2024(H5N1)	233	255
PB2|PP755596.1|A/cattle/Texas/24-008749-003/2024(H5N1)	234	260
PB2|PP755596.1|A/cattle/Texas/24-008749-003/2024(H5N1)	235	259
PB2|PP755596.1|A/cattle/Texas/24-008749-003/2024(H5N1)	236	259
PB2|PP755596.1|A/cattle/Texas/24-008749-003/2024(H5N1)	237	255
PB2|PP755596.1|A/cattle/Texas/24-008749-003/2024(H5N1)	238	254
PB2|PP755596.1|A/cattle/Texas/24-008749-003/2024(H5N1)	239	254
PB2|PP755596.1|A/cattle/Texas/24-008749-003/2024(H5N1)	240	235
PB2|PP755596.1|A/cattle/Texas/24-008749-003/2024(H5N1)	241	235
PB2|PP755596.1|A/cattle/Texas/24-008749-003/2024(H5N1)	242	234
PB2|PP755596.1|A/cattle/Texas/24-008749-003/2024(H5N1)	243	232
PB2|PP755596.1|A/cattle/Texas/24-008749-003/2024(H5N1)	244	235
PB2|PP755596.1|A/cattle/Texas/24-008749-003/2024(H5N1)	245	235
PB2|PP755596.1|A/cattle/Texas/24-008749-003/2024(H5N1)	246	235
PB2|PP755596.1|A/cattle/Texas/24-008749-003/2024(H5N1)	247	236
PB2|PP755596.1|A/cattle/Texas/24-008749-003/2024(H5N1)	248	240
PB2|PP755596.1|A/cattle/Texas/24-008749-003/2024(H5N1)	249	240
PB2|PP755596.1|A/cattle/Texas/24-008749-003/2024(H5N1)	250	239
PB2|PP755596.1|A/cattle/Texas/24-008749-003/2024(H5N1)	251	238
PB2|PP755596.1|A/cattle/Texas/24-008749-003/2024(H5N1)	252	238
PB2|PP755596.1|A/cattle/Texas/24-008749-003/2024(H5N1)	253	238
PB2|PP755596.1|A/cattle/Texas/24-008749-003/2024(H5N1)	254	238
PB2|PP755596.1|A/cattle/Texas/24-008749-003/2024(H5N1)	255	238
PB2|PP755596.1|A/cattle/Texas/24-008749-003/2024(H5N1)	256	239
PB2|PP755596.1|A/cattle/Texas/24-008749-003/2024(H5N1)	257	235
PB2|PP755596.1|A/cattle/Texas/24-008749-003/2024(H5N1)	258	232
PB2|PP755596.1|A/cattle/Texas/24-008749-003/2024(H5N1)	259	234
PB2|PP755596.1|A/cattle/Texas/24-008749-003/2024(H5N1)	260	234
PB2|PP755596.1|A/cattle/Texas/24-008749-003/2024(H5N1)	261	236
PB2|PP755596.1|A/cattle/Texas/24-008749-003/2024(H5N1)	262	245
PB2|PP755596.1|A/cattle/Texas/24-008749-003/2024(H5N1)	263	247
PB2|PP755596.1|A/cattle/Texas/24-008749-003/2024(H5N1)	264	247
PB2|PP755596.1|A/cattle/Texas/24-008749-003/2024(H5N1)	265	248
PB2|PP755596.1|A/cattle/Texas/24-008749-003/2024(H5N1)	266	251
PB2|PP755596.1|A/cattle/Texas/24-008749-003/2024(H5N1)	267	250
PB2|PP755596.1|A/cattle/Texas/24-008749-003/2024(H5N1)	268	250
PB2|PP755596.1|A/cattle/Texas/24-008749-003/2024(H5N1)	269	250
PB2|PP755596.1|A/cattle/Texas/24-008749-003/2024(H5N1)	270	249
PB2|PP755596.1|A/cattle/Texas/24-008749-003/2024(H5N1)	271	251
PB2|PP755596.1|A/cattle/Texas/24-008749-003/2024(H5N1)	272	248
PB2|PP755596.1|A/cattle/Texas/24-008749-003/2024(H5N1)	273	247
PB2|PP755596.1|A/cattle/Texas/24-008749-003/2024(H5N1)	274	246
PB2|PP755596.1|A/cattle/Texas/24-008749-003/2024(H5N1)	275	244
PB2|PP755596.1|A/cattle/Texas/24-008749-003/2024(H5N1)	276	246
PB2|PP755596.1|A/cattle/Texas/24-008749-003/2024(H5N1)	277	249
PB2|PP755596.1|A/cattle/Texas/24-008749-003/2024(H5N1)	278	249
PB2|PP755596.1|A/cattle/Texas/24-008749-003/2024(H5N1)	279	243
PB2|PP755596.1|A/cattle/Texas/24-008749-003/2024(H5N1)	280	241
PB2|PP755596.1|A/cattle/Texas/24-008749-003/2024(H5N1)	281	241
PB2|PP755596.1|A/cattle/Texas/24-008749-003/2024(H5N1)	282	241
PB2|PP755596.1|A/cattle/Texas/24-008749-003/2024(H5N1)	283	241
PB2|PP755596.1|A/cattle/Texas/24-008749-003/2024(H5N1)	284	242
PB2|PP755596.1|A/cattle/Texas/24-008749-003/2024(H5N1)	285	235
PB2|PP755596.1|A/cattle/Texas/24-008749-003/2024(H5N1)	286	236
PB2|PP755596.1|A/cattle/Texas/24-008749-003/2024(H5N1)	287	238
PB2|PP755596.1|A/cattle/Texas/24-008749-003/2024(H5N1)	288	238
PB2|PP755596.1|A/cattle/Texas/24-008749-003/2024(H5N1)	289	239
PB2|PP755596.1|A/cattle/Texas/24-008749-003/2024(H5N1)	290	237
PB2|PP755596.1|A/cattle/Texas/24-008749-003/2024(H5N1)	291	236
PB2|PP755596.1|A/cattle/Texas/24-008749-003/2024(H5N1)	292	236
PB2|PP755596.1|A/cattle/Texas/24-008749-003/2024(H5N1)	293	236
PB2|PP755596.1|A/cattle/Texas/24-008749-003/2024(H5N1)	294	243
PB2|PP755596.1|A/cattle/Texas/24-008749-003/2024(H5N1)	295	244
PB2|PP755596.1|A/cattle/Texas/24-008749-003/2024(H5N1)	296	243
PB2|PP755596.1|A/cattle/Texas/24-008749-003/2024(H5N1)	297	244
PB2|PP755596.1|A/cattle/Texas/24-008749-003/2024(H5N1)	298	247
PB2|PP755596.1|A/cattle/Texas/24-008749-003/2024(H5N1)	299	248
PB2|PP755596.1|A/cattle/Texas/24-008749-003/2024(H5N1)	300	243
PB2|PP755596.1|A/cattle/Texas/24-008749-003/2024(H5N1)	301	243
PB2|PP755596.1|A/cattle/Texas/24-008749-003/2024(H5N1)	302	243
PB2|PP755596.1|A/cattle/Texas/24-008749-003/2024(H5N1)	303	235
PB2|PP755596.1|A/cattle/Texas/24-008749-003/2024(H5N1)	304	235
PB2|PP755596.1|A/cattle/Texas/24-008749-003/2024(H5N1)	305	233
PB2|PP755596.1|A/cattle/Texas/24-008749-003/2024(H5N1)	306	229
PB2|PP755596.1|A/cattle/Texas/24-008749-003/2024(H5N1)	307	229
PB2|PP755596.1|A/cattle/Texas/24-008749-003/2024(H5N1)	308	228
PB2|PP755596.1|A/cattle/Texas/24-008749-003/2024(H5N1)	309	225
PB2|PP755596.1|A/cattle/Texas/24-008749-003/2024(H5N1)	310	223
PB2|PP755596.1|A/cattle/Texas/24-008749-003/2024(H5N1)	311	223
PB2|PP755596.1|A/cattle/Texas/24-008749-003/2024(H5N1)	312	224
PB2|PP755596.1|A/cattle/Texas/24-008749-003/2024(H5N1)	313	225
PB2|PP755596.1|A/cattle/Texas/24-008749-003/2024(H5N1)	314	228
PB2|PP755596.1|A/cattle/Texas/24-008749-003/2024(H5N1)	315	228
PB2|PP755596.1|A/cattle/Texas/24-008749-003/2024(H5N1)	316	228
PB2|PP755596.1|A/cattle/Texas/24-008749-003/2024(H5N1)	317	226
PB2|PP755596.1|A/cattle/Texas/24-008749-003/2024(H5N1)	318	226
PB2|PP755596.1|A/cattle/Texas/24-008749-003/2024(H5N1)	319	222
PB2|PP755596.1|A/cattle/Texas/24-008749-003/2024(H5N1)	320	222
PB2|PP755596.1|A/cattle/Texas/24-008749-003/2024(H5N1)	321	218
PB2|PP755596.1|A/cattle/Texas/24-008749-003/2024(H5N1)	322	218
PB2|PP755596.1|A/cattle/Texas/24-008749-003/2024(H5N1)	323	218
PB2|PP755596.1|A/cattle/Texas/24-008749-003/2024(H5N1)	324	195
PB2|PP755596.1|A/cattle/Texas/24-008749-003/2024(H5N1)	325	195
PB2|PP755596.1|A/cattle/Texas/24-008749-003/2024(H5N1)	326	196
PB2|PP755596.1|A/cattle/Texas/24-008749-003/2024(H5N1)	327	198
PB2|PP755596.1|A/cattle/Texas/24-008749-003/2024(H5N1)	328	206
PB2|PP755596.1|A/cattle/Texas/24-008749-003/2024(H5N1)	329	206
PB2|PP755596.1|A/cattle/Texas/24-008749-003/2024(H5N1)	330	207
PB2|PP755596.1|A/cattle/Texas/24-008749-003/2024(H5N1)	331	207
PB2|PP755596.1|A/cattle/Texas/24-008749-003/2024(H5N1)	332	217
PB2|PP755596.1|A/cattle/Texas/24-008749-003/2024(H5N1)	333	219
PB2|PP755596.1|A/cattle/Texas/24-008749-003/2024(H5N1)	334	219
PB2|PP755596.1|A/cattle/Texas/24-008749-003/2024(H5N1)	335	227
PB2|PP755596.1|A/cattle/Texas/24-008749-003/2024(H5N1)	336	227
PB2|PP755596.1|A/cattle/Texas/24-008749-003/2024(H5N1)	337	230
PB2|PP755596.1|A/cattle/Texas/24-008749-003/2024(H5N1)	338	233
PB2|PP755596.1|A/cattle/Texas/24-008749-003/2024(H5N1)	339	255
PB2|PP755596.1|A/cattle/Texas/24-008749-003/2024(H5N1)	340	258
PB2|PP755596.1|A/cattle/Texas/24-008749-003/2024(H5N1)	341	248
PB2|PP755596.1|A/cattle/Texas/24-008749-003/2024(H5N1)	342	249
PB2|PP755596.1|A/cattle/Texas/24-008749-003/2024(H5N1)	343	250
PB2|PP755596.1|A/cattle/Texas/24-008749-003/2024(H5N1)	344	250
PB2|PP755596.1|A/cattle/Texas/24-008749-003/2024(H5N1)	345	251
PB2|PP755596.1|A/cattle/Texas/24-008749-003/2024(H5N1)	346	247
PB2|PP755596.1|A/cattle/Texas/24-008749-003/2024(H5N1)	347	247
PB2|PP755596.1|A/cattle/Texas/24-008749-003/2024(H5N1)	348	238
PB2|PP755596.1|A/cattle/Texas/24-008749-003/2024(H5N1)	349	235
PB2|PP755596.1|A/cattle/Texas/24-008749-003/2024(H5N1)	350	233
PB2|PP755596.1|A/cattle/Texas/24-008749-003/2024(H5N1)	351	232
PB2|PP755596.1|A/cattle/Texas/24-008749-003/2024(H5N1)	352	231
PB2|PP755596.1|A/cattle/Texas/24-008749-003/2024(H5N1)	353	230
PB2|PP755596.1|A/cattle/Texas/24-008749-003/2024(H5N1)	354	230
PB2|PP755596.1|A/cattle/Texas/24-008749-003/2024(H5N1)	355	229
PB2|PP755596.1|A/cattle/Texas/24-008749-003/2024(H5N1)	356	229
PB2|PP755596.1|A/cattle/Texas/24-008749-003/2024(H5N1)	357	229
PB2|PP755596.1|A/cattle/Texas/24-008749-003/2024(H5N1)	358	230
PB2|PP755596.1|A/cattle/Texas/24-008749-003/2024(H5N1)	359	233
PB2|PP755596.1|A/cattle/Texas/24-008749-003/2024(H5N1)	360	233
PB2|PP755596.1|A/cattle/Texas/24-008749-003/2024(H5N1)	361	233
PB2|PP755596.1|A/cattle/Texas/24-008749-003/2024(H5N1)	362	233
PB2|PP755596.1|A/cattle/Texas/24-008749-003/2024(H5N1)	363	233
PB2|PP755596.1|A/cattle/Texas/24-008749-003/2024(H5N1)	364	233
PB2|PP755596.1|A/cattle/Texas/24-008749-003/2024(H5N1)	365	234
PB2|PP755596.1|A/cattle/Texas/24-008749-003/2024(H5N1)	366	234
PB2|PP755596.1|A/cattle/Texas/24-008749-003/2024(H5N1)	367	239
PB2|PP755596.1|A/cattle/Texas/24-008749-003/2024(H5N1)	368	239
PB2|PP755596.1|A/cattle/Texas/24-008749-003/2024(H5N1)	369	239
PB2|PP755596.1|A/cattle/Texas/24-008749-003/2024(H5N1)	370	239
PB2|PP755596.1|A/cattle/Texas/24-008749-003/2024(H5N1)	371	239
PB2|PP755596.1|A/cattle/Texas/24-008749-003/2024(H5N1)	372	239
PB2|PP755596.1|A/cattle/Texas/24-008749-003/2024(H5N1)	373	240
PB2|PP755596.1|A/cattle/Texas/24-008749-003/2024(H5N1)	374	240
PB2|PP755596.1|A/cattle/Texas/24-008749-003/2024(H5N1)	375	240
PB2|PP755596.1|A/cattle/Texas/24-008749-003/2024(H5N1)	376	241
PB2|PP755596.1|A/cattle/Texas/24-008749-003/2024(H5N1)	377	241
PB2|PP755596.1|A/cattle/Texas/24-008749-003/2024(H5N1)	378	242
PB2|PP755596.1|A/cattle/Texas/24-008749-003/2024(H5N1)	379	244
PB2|PP755596.1|A/cattle/Texas/24-008749-003/2024(H5N1)	380	248
PB2|PP755596.1|A/cattle/Texas/24-008749-003/2024(H5N1)	381	249
PB2|PP755596.1|A/cattle/Texas/24-008749-003/2024(H5N1)	382	249
PB2|PP755596.1|A/cattle/Texas/24-008749-003/2024(H5N1)	383	250
PB2|PP755596.1|A/cattle/Texas/24-008749-003/2024(H5N1)	384	250
PB2|PP755596.1|A/cattle/Texas/24-008749-003/2024(H5N1)	385	251
PB2|PP755596.1|A/cattle/Texas/24-008749-003/2024(H5N1)	386	252
PB2|PP755596.1|A/cattle/Texas/24-008749-003/2024(H5N1)	387	251
PB2|PP755596.1|A/cattle/Texas/24-008749-003/2024(H5N1)	388	251
PB2|PP755596.1|A/cattle/Texas/24-008749-003/2024(H5N1)	389	251
PB2|PP755596.1|A/cattle/Texas/24-008749-003/2024(H5N1)	390	251
PB2|PP755596.1|A/cattle/Texas/24-008749-003/2024(H5N1)	391	251
PB2|PP755596.1|A/cattle/Texas/24-008749-003/2024(H5N1)	392	253
PB2|PP755596.1|A/cattle/Texas/24-008749-003/2024(H5N1)	393	249
PB2|PP755596.1|A/cattle/Texas/24-008749-003/2024(H5N1)	394	250
PB2|PP755596.1|A/cattle/Texas/24-008749-003/2024(H5N1)	395	248
PB2|PP755596.1|A/cattle/Texas/24-008749-003/2024(H5N1)	396	246
PB2|PP755596.1|A/cattle/Texas/24-008749-003/2024(H5N1)	397	249
PB2|PP755596.1|A/cattle/Texas/24-008749-003/2024(H5N1)	398	249
PB2|PP755596.1|A/cattle/Texas/24-008749-003/2024(H5N1)	399	248
PB2|PP755596.1|A/cattle/Texas/24-008749-003/2024(H5N1)	400	250
PB2|PP755596.1|A/cattle/Texas/24-008749-003/2024(H5N1)	401	245
PB2|PP755596.1|A/cattle/Texas/24-008749-003/2024(H5N1)	402	244
PB2|PP755596.1|A/cattle/Texas/24-008749-003/2024(H5N1)	403	242
PB2|PP755596.1|A/cattle/Texas/24-008749-003/2024(H5N1)	404	242
PB2|PP755596.1|A/cattle/Texas/24-008749-003/2024(H5N1)	405	240
PB2|PP755596.1|A/cattle/Texas/24-008749-003/2024(H5N1)	406	236
PB2|PP755596.1|A/cattle/Texas/24-008749-003/2024(H5N1)	407	236
PB2|PP755596.1|A/cattle/Texas/24-008749-003/2024(H5N1)	408	237
PB2|PP755596.1|A/cattle/Texas/24-008749-003/2024(H5N1)	409	237
PB2|PP755596.1|A/cattle/Texas/24-008749-003/2024(H5N1)	410	235
PB2|PP755596.1|A/cattle/Texas/24-008749-003/2024(H5N1)	411	231
PB2|PP755596.1|A/cattle/Texas/24-008749-003/2024(H5N1)	412	235
PB2|PP755596.1|A/cattle/Texas/24-008749-003/2024(H5N1)	413	235
PB2|PP755596.1|A/cattle/Texas/24-008749-003/2024(H5N1)	414	239
PB2|PP755596.1|A/cattle/Texas/24-008749-003/2024(H5N1)	415	238
PB2|PP755596.1|A/cattle/Texas/24-008749-003/2024(H5N1)	416	239
PB2|PP755596.1|A/cattle/Texas/24-008749-003/2024(H5N1)	417	239
PB2|PP755596.1|A/cattle/Texas/24-008749-003/2024(H5N1)	418	240
PB2|PP755596.1|A/cattle/Texas/24-008749-003/2024(H5N1)	419	238
PB2|PP755596.1|A/cattle/Texas/24-008749-003/2024(H5N1)	420	239
PB2|PP755596.1|A/cattle/Texas/24-008749-003/2024(H5N1)	421	239
PB2|PP755596.1|A/cattle/Texas/24-008749-003/2024(H5N1)	422	240
PB2|PP755596.1|A/cattle/Texas/24-008749-003/2024(H5N1)	423	240
PB2|PP755596.1|A/cattle/Texas/24-008749-003/2024(H5N1)	424	240
PB2|PP755596.1|A/cattle/Texas/24-008749-003/2024(H5N1)	425	242
PB2|PP755596.1|A/cattle/Texas/24-008749-003/2024(H5N1)	426	245
PB2|PP755596.1|A/cattle/Texas/24-008749-003/2024(H5N1)	427	245
PB2|PP755596.1|A/cattle/Texas/24-008749-003/2024(H5N1)	428	240
PB2|PP755596.1|A/cattle/Texas/24-008749-003/2024(H5N1)	429	239
PB2|PP755596.1|A/cattle/Texas/24-008749-003/2024(H5N1)	430	240
PB2|PP755596.1|A/cattle/Texas/24-008749-003/2024(H5N1)	431	236
PB2|PP755596.1|A/cattle/Texas/24-008749-003/2024(H5N1)	432	234
PB2|PP755596.1|A/cattle/Texas/24-008749-003/2024(H5N1)	433	236
PB2|PP755596.1|A/cattle/Texas/24-008749-003/2024(H5N1)	434	233
PB2|PP755596.1|A/cattle/Texas/24-008749-003/2024(H5N1)	435	233
PB2|PP755596.1|A/cattle/Texas/24-008749-003/2024(H5N1)	436	233
PB2|PP755596.1|A/cattle/Texas/24-008749-003/2024(H5N1)	437	253
PB2|PP755596.1|A/cattle/Texas/24-008749-003/2024(H5N1)	438	258
PB2|PP755596.1|A/cattle/Texas/24-008749-003/2024(H5N1)	439	260
PB2|PP755596.1|A/cattle/Texas/24-008749-003/2024(H5N1)	440	259
PB2|PP755596.1|A/cattle/Texas/24-008749-003/2024(H5N1)	441	261
PB2|PP755596.1|A/cattle/Texas/24-008749-003/2024(H5N1)	442	267
PB2|PP755596.1|A/cattle/Texas/24-008749-003/2024(H5N1)	443	266
PB2|PP755596.1|A/cattle/Texas/24-008749-003/2024(H5N1)	444	265
PB2|PP755596.1|A/cattle/Texas/24-008749-003/2024(H5N1)	445	265
PB2|PP755596.1|A/cattle/Texas/24-008749-003/2024(H5N1)	446	262
PB2|PP755596.1|A/cattle/Texas/24-008749-003/2024(H5N1)	447	259
PB2|PP755596.1|A/cattle/Texas/24-008749-003/2024(H5N1)	448	261
PB2|PP755596.1|A/cattle/Texas/24-008749-003/2024(H5N1)	449	262
PB2|PP755596.1|A/cattle/Texas/24-008749-003/2024(H5N1)	450	263
PB2|PP755596.1|A/cattle/Texas/24-008749-003/2024(H5N1)	451	259
PB2|PP755596.1|A/cattle/Texas/24-008749-003/2024(H5N1)	452	266
PB2|PP755596.1|A/cattle/Texas/24-008749-003/2024(H5N1)	453	266
PB2|PP755596.1|A/cattle/Texas/24-008749-003/2024(H5N1)	454	267
PB2|PP755596.1|A/cattle/Texas/24-008749-003/2024(H5N1)	455	266
PB2|PP755596.1|A/cattle/Texas/24-008749-003/2024(H5N1)	456	265
PB2|PP755596.1|A/cattle/Texas/24-008749-003/2024(H5N1)	457	271
PB2|PP755596.1|A/cattle/Texas/24-008749-003/2024(H5N1)	458	273
PB2|PP755596.1|A/cattle/Texas/24-008749-003/2024(H5N1)	459	274
PB2|PP755596.1|A/cattle/Texas/24-008749-003/2024(H5N1)	460	274
PB2|PP755596.1|A/cattle/Texas/24-008749-003/2024(H5N1)	461	275
PB2|PP755596.1|A/cattle/Texas/24-008749-003/2024(H5N1)	462	275
PB2|PP755596.1|A/cattle/Texas/24-008749-003/2024(H5N1)	463	273
PB2|PP755596.1|A/cattle/Texas/24-008749-003/2024(H5N1)	464	285
PB2|PP755596.1|A/cattle/Texas/24-008749-003/2024(H5N1)	465	287
PB2|PP755596.1|A/cattle/Texas/24-008749-003/2024(H5N1)	466	290
PB2|PP755596.1|A/cattle/Texas/24-008749-003/2024(H5N1)	467	290
PB2|PP755596.1|A/cattle/Texas/24-008749-003/2024(H5N1)	468	292
PB2|PP755596.1|A/cattle/Texas/24-008749-003/2024(H5N1)	469	293
PB2|PP755596.1|A/cattle/Texas/24-008749-003/2024(H5N1)	470	293
PB2|PP755596.1|A/cattle/Texas/24-008749-003/2024(H5N1)	471	291
PB2|PP755596.1|A/cattle/Texas/24-008749-003/2024(H5N1)	472	293
PB2|PP755596.1|A/cattle/Texas/24-008749-003/2024(H5N1)	473	292
PB2|PP755596.1|A/cattle/Texas/24-008749-003/2024(H5N1)	474	292
PB2|PP755596.1|A/cattle/Texas/24-008749-003/2024(H5N1)	475	293
PB2|PP755596.1|A/cattle/Texas/24-008749-003/2024(H5N1)	476	291
PB2|PP755596.1|A/cattle/Texas/24-008749-003/2024(H5N1)	477	292
PB2|PP755596.1|A/cattle/Texas/24-008749-003/2024(H5N1)	478	293
PB2|PP755596.1|A/cattle/Texas/24-008749-003/2024(H5N1)	479	293
PB2|PP755596.1|A/cattle/Texas/24-008749-003/2024(H5N1)	480	306
PB2|PP755596.1|A/cattle/Texas/24-008749-003/2024(H5N1)	481	309
PB2|PP755596.1|A/cattle/Texas/24-008749-003/2024(H5N1)	482	313
PB2|PP755596.1|A/cattle/Texas/24-008749-003/2024(H5N1)	483	313
PB2|PP755596.1|A/cattle/Texas/24-008749-003/2024(H5N1)	484	312
PB2|PP755596.1|A/cattle/Texas/24-008749-003/2024(H5N1)	485	308
PB2|PP755596.1|A/cattle/Texas/24-008749-003/2024(H5N1)	486	312
PB2|PP755596.1|A/cattle/Texas/24-008749-003/2024(H5N1)	487	312
PB2|PP755596.1|A/cattle/Texas/24-008749-003/2024(H5N1)	488	313
PB2|PP755596.1|A/cattle/Texas/24-008749-003/2024(H5N1)	489	309
PB2|PP755596.1|A/cattle/Texas/24-008749-003/2024(H5N1)	490	310
PB2|PP755596.1|A/cattle/Texas/24-008749-003/2024(H5N1)	491	308
PB2|PP755596.1|A/cattle/Texas/24-008749-003/2024(H5N1)	492	308
PB2|PP755596.1|A/cattle/Texas/24-008749-003/2024(H5N1)	493	310
PB2|PP755596.1|A/cattle/Texas/24-008749-003/2024(H5N1)	494	312
PB2|PP755596.1|A/cattle/Texas/24-008749-003/2024(H5N1)	495	311
PB2|PP755596.1|A/cattle/Texas/24-008749-003/2024(H5N1)	496	311
PB2|PP755596.1|A/cattle/Texas/24-008749-003/2024(H5N1)	497	312
PB2|PP755596.1|A/cattle/Texas/24-008749-003/2024(H5N1)	498	313
PB2|PP755596.1|A/cattle/Texas/24-008749-003/2024(H5N1)	499	313
PB2|PP755596.1|A/cattle/Texas/24-008749-003/2024(H5N1)	500	312
PB2|PP755596.1|A/cattle/Texas/24-008749-003/2024(H5N1)	501	315
PB2|PP755596.1|A/cattle/Texas/24-008749-003/2024(H5N1)	502	315
PB2|PP755596.1|A/cattle/Texas/24-008749-003/2024(H5N1)	503	315
PB2|PP755596.1|A/cattle/Texas/24-008749-003/2024(H5N1)	504	315
PB2|PP755596.1|A/cattle/Texas/24-008749-003/2024(H5N1)	505	317
PB2|PP755596.1|A/cattle/Texas/24-008749-003/2024(H5N1)	506	316
PB2|PP755596.1|A/cattle/Texas/24-008749-003/2024(H5N1)	507	316
PB2|PP755596.1|A/cattle/Texas/24-008749-003/2024(H5N1)	508	318
PB2|PP755596.1|A/cattle/Texas/24-008749-003/2024(H5N1)	509	319
PB2|PP755596.1|A/cattle/Texas/24-008749-003/2024(H5N1)	510	317
PB2|PP755596.1|A/cattle/Texas/24-008749-003/2024(H5N1)	511	320
PB2|PP755596.1|A/cattle/Texas/24-008749-003/2024(H5N1)	512	318
PB2|PP755596.1|A/cattle/Texas/24-008749-003/2024(H5N1)	513	314
PB2|PP755596.1|A/cattle/Texas/24-008749-003/2024(H5N1)	514	312
PB2|PP755596.1|A/cattle/Texas/24-008749-003/2024(H5N1)	515	313
PB2|PP755596.1|A/cattle/Texas/24-008749-003/2024(H5N1)	516	312
PB2|PP755596.1|A/cattle/Texas/24-008749-003/2024(H5N1)	517	310
PB2|PP755596.1|A/cattle/Texas/24-008749-003/2024(H5N1)	518	312
PB2|PP755596.1|A/cattle/Texas/24-008749-003/2024(H5N1)	519	311
PB2|PP755596.1|A/cattle/Texas/24-008749-003/2024(H5N1)	520	310
PB2|PP755596.1|A/cattle/Texas/24-008749-003/2024(H5N1)	521	315
PB2|PP755596.1|A/cattle/Texas/24-008749-003/2024(H5N1)	522	314
PB2|PP755596.1|A/cattle/Texas/24-008749-003/2024(H5N1)	523	315
PB2|PP755596.1|A/cattle/Texas/24-008749-003/2024(H5N1)	524	315
PB2|PP755596.1|A/cattle/Texas/24-008749-003/2024(H5N1)	525	318
PB2|PP755596.1|A/cattle/Texas/24-008749-003/2024(H5N1)	526	319
PB2|PP755596.1|A/cattle/Texas/24-008749-003/2024(H5N1)	527	323
PB2|PP755596.1|A/cattle/Texas/24-008749-003/2024(H5N1)	528	324
PB2|PP755596.1|A/cattle/Texas/24-008749-003/2024(H5N1)	529	324
PB2|PP755596.1|A/cattle/Texas/24-008749-003/2024(H5N1)	530	319
PB2|PP755596.1|A/cattle/Texas/24-008749-003/2024(H5N1)	531	313
PB2|PP755596.1|A/cattle/Texas/24-008749-003/2024(H5N1)	532	313
PB2|PP755596.1|A/cattle/Texas/24-008749-003/2024(H5N1)	533	314
PB2|PP755596.1|A/cattle/Texas/24-008749-003/2024(H5N1)	534	314
PB2|PP755596.1|A/cattle/Texas/24-008749-003/2024(H5N1)	535	318
PB2|PP755596.1|A/cattle/Texas/24-008749-003/2024(H5N1)	536	319
PB2|PP755596.1|A/cattle/Texas/24-008749-003/2024(H5N1)	537	317
PB2|PP755596.1|A/cattle/Texas/24-008749-003/2024(H5N1)	538	315
PB2|PP755596.1|A/cattle/Texas/24-008749-003/2024(H5N1)	539	315
PB2|PP755596.1|A/cattle/Texas/24-008749-003/2024(H5N1)	540	314
PB2|PP755596.1|A/cattle/Texas/24-008749-003/2024(H5N1)	541	316
PB2|PP755596.1|A/cattle/Texas/24-008749-003/2024(H5N1)	542	312
PB2|PP755596.1|A/cattle/Texas/24-008749-003/2024(H5N1)	543	312
PB2|PP755596.1|A/cattle/Texas/24-008749-003/2024(H5N1)	544	311
PB2|PP755596.1|A/cattle/Texas/24-008749-003/2024(H5N1)	545	312
PB2|PP755596.1|A/cattle/Texas/24-008749-003/2024(H5N1)	546	312
PB2|PP755596.1|A/cattle/Texas/24-008749-003/2024(H5N1)	547	313
PB2|PP755596.1|A/cattle/Texas/24-008749-003/2024(H5N1)	548	313
PB2|PP755596.1|A/cattle/Texas/24-008749-003/2024(H5N1)	549	314
PB2|PP755596.1|A/cattle/Texas/24-008749-003/2024(H5N1)	550	318
PB2|PP755596.1|A/cattle/Texas/24-008749-003/2024(H5N1)	551	319
PB2|PP755596.1|A/cattle/Texas/24-008749-003/2024(H5N1)	552	319
PB2|PP755596.1|A/cattle/Texas/24-008749-003/2024(H5N1)	553	319
PB2|PP755596.1|A/cattle/Texas/24-008749-003/2024(H5N1)	554	326
PB2|PP755596.1|A/cattle/Texas/24-008749-003/2024(H5N1)	555	326
PB2|PP755596.1|A/cattle/Texas/24-008749-003/2024(H5N1)	556	331
PB2|PP755596.1|A/cattle/Texas/24-008749-003/2024(H5N1)	557	334
PB2|PP755596.1|A/cattle/Texas/24-008749-003/2024(H5N1)	558	333
PB2|PP755596.1|A/cattle/Texas/24-008749-003/2024(H5N1)	559	331
PB2|PP755596.1|A/cattle/Texas/24-008749-003/2024(H5N1)	560	330
PB2|PP755596.1|A/cattle/Texas/24-008749-003/2024(H5N1)	561	333
PB2|PP755596.1|A/cattle/Texas/24-008749-003/2024(H5N1)	562	333
PB2|PP755596.1|A/cattle/Texas/24-008749-003/2024(H5N1)	563	330
PB2|PP755596.1|A/cattle/Texas/24-008749-003/2024(H5N1)	564	332
PB2|PP755596.1|A/cattle/Texas/24-008749-003/2024(H5N1)	565	330
PB2|PP755596.1|A/cattle/Texas/24-008749-003/2024(H5N1)	566	332
PB2|PP755596.1|A/cattle/Texas/24-008749-003/2024(H5N1)	567	331
PB2|PP755596.1|A/cattle/Texas/24-008749-003/2024(H5N1)	568	332
PB2|PP755596.1|A/cattle/Texas/24-008749-003/2024(H5N1)	569	332
PB2|PP755596.1|A/cattle/Texas/24-008749-003/2024(H5N1)	570	330
PB2|PP755596.1|A/cattle/Texas/24-008749-003/2024(H5N1)	571	329
PB2|PP755596.1|A/cattle/Texas/24-008749-003/2024(H5N1)	572	333
PB2|PP755596.1|A/cattle/Texas/24-008749-003/2024(H5N1)	573	330
PB2|PP755596.1|A/cattle/Texas/24-008749-003/2024(H5N1)	574	330
PB2|PP755596.1|A/cattle/Texas/24-008749-003/2024(H5N1)	575	330
PB2|PP755596.1|A/cattle/Texas/24-008749-003/2024(H5N1)	576	327
PB2|PP755596.1|A/cattle/Texas/24-008749-003/2024(H5N1)	577	335
PB2|PP755596.1|A/cattle/Texas/24-008749-003/2024(H5N1)	578	335
PB2|PP755596.1|A/cattle/Texas/24-008749-003/2024(H5N1)	579	335
PB2|PP755596.1|A/cattle/Texas/24-008749-003/2024(H5N1)	580	335
PB2|PP755596.1|A/cattle/Texas/24-008749-003/2024(H5N1)	581	334
PB2|PP755596.1|A/cattle/Texas/24-008749-003/2024(H5N1)	582	334
PB2|PP755596.1|A/cattle/Texas/24-008749-003/2024(H5N1)	583	332
PB2|PP755596.1|A/cattle/Texas/24-008749-003/2024(H5N1)	584	330
PB2|PP755596.1|A/cattle/Texas/24-008749-003/2024(H5N1)	585	327
PB2|PP755596.1|A/cattle/Texas/24-008749-003/2024(H5N1)	586	318
PB2|PP755596.1|A/cattle/Texas/24-008749-003/2024(H5N1)	587	321
PB2|PP755596.1|A/cattle/Texas/24-008749-003/2024(H5N1)	588	323
PB2|PP755596.1|A/cattle/Texas/24-008749-003/2024(H5N1)	589	323
PB2|PP755596.1|A/cattle/Texas/24-008749-003/2024(H5N1)	590	305
PB2|PP755596.1|A/cattle/Texas/24-008749-003/2024(H5N1)	591	303
PB2|PP755596.1|A/cattle/Texas/24-008749-003/2024(H5N1)	592	303
PB2|PP755596.1|A/cattle/Texas/24-008749-003/2024(H5N1)	593	302
PB2|PP755596.1|A/cattle/Texas/24-008749-003/2024(H5N1)	594	298
PB2|PP755596.1|A/cattle/Texas/24-008749-003/2024(H5N1)	595	297
PB2|PP755596.1|A/cattle/Texas/24-008749-003/2024(H5N1)	596	303
PB2|PP755596.1|A/cattle/Texas/24-008749-003/2024(H5N1)	597	304
PB2|PP755596.1|A/cattle/Texas/24-008749-003/2024(H5N1)	598	311
PB2|PP755596.1|A/cattle/Texas/24-008749-003/2024(H5N1)	599	312
PB2|PP755596.1|A/cattle/Texas/24-008749-003/2024(H5N1)	600	316
PB2|PP755596.1|A/cattle/Texas/24-008749-003/2024(H5N1)	601	320
PB2|PP755596.1|A/cattle/Texas/24-008749-003/2024(H5N1)	602	329
PB2|PP755596.1|A/cattle/Texas/24-008749-003/2024(H5N1)	603	329
PB2|PP755596.1|A/cattle/Texas/24-008749-003/2024(H5N1)	604	330
PB2|PP755596.1|A/cattle/Texas/24-008749-003/2024(H5N1)	605	330
PB2|PP755596.1|A/cattle/Texas/24-008749-003/2024(H5N1)	606	330
PB2|PP755596.1|A/cattle/Texas/24-008749-003/2024(H5N1)	607	331
PB2|PP755596.1|A/cattle/Texas/24-008749-003/2024(H5N1)	608	331
PB2|PP755596.1|A/cattle/Texas/24-008749-003/2024(H5N1)	609	328
PB2|PP755596.1|A/cattle/Texas/24-008749-003/2024(H5N1)	610	328
PB2|PP755596.1|A/cattle/Texas/24-008749-003/2024(H5N1)	611	330
PB2|PP755596.1|A/cattle/Texas/24-008749-003/2024(H5N1)	612	332
PB2|PP755596.1|A/cattle/Texas/24-008749-003/2024(H5N1)	613	332
PB2|PP755596.1|A/cattle/Texas/24-008749-003/2024(H5N1)	614	332
PB2|PP755596.1|A/cattle/Texas/24-008749-003/2024(H5N1)	615	334
PB2|PP755596.1|A/cattle/Texas/24-008749-003/2024(H5N1)	616	331
PB2|PP755596.1|A/cattle/Texas/24-008749-003/2024(H5N1)	617	334
PB2|PP755596.1|A/cattle/Texas/24-008749-003/2024(H5N1)	618	329
PB2|PP755596.1|A/cattle/Texas/24-008749-003/2024(H5N1)	619	334
PB2|PP755596.1|A/cattle/Texas/24-008749-003/2024(H5N1)	620	332
PB2|PP755596.1|A/cattle/Texas/24-008749-003/2024(H5N1)	621	332
PB2|PP755596.1|A/cattle/Texas/24-008749-003/2024(H5N1)	622	334
PB2|PP755596.1|A/cattle/Texas/24-008749-003/2024(H5N1)	623	342
PB2|PP755596.1|A/cattle/Texas/24-008749-003/2024(H5N1)	624	340
PB2|PP755596.1|A/cattle/Texas/24-008749-003/2024(H5N1)	625	340
PB2|PP755596.1|A/cattle/Texas/24-008749-003/2024(H5N1)	626	341
PB2|PP755596.1|A/cattle/Texas/24-008749-003/2024(H5N1)	627	340
PB2|PP755596.1|A/cattle/Texas/24-008749-003/2024(H5N1)	628	343
PB2|PP755596.1|A/cattle/Texas/24-008749-003/2024(H5N1)	629	340
PB2|PP755596.1|A/cattle/Texas/24-008749-003/2024(H5N1)	630	338
PB2|PP755596.1|A/cattle/Texas/24-008749-003/2024(H5N1)	631	328
PB2|PP755596.1|A/cattle/Texas/24-008749-003/2024(H5N1)	632	327
PB2|PP755596.1|A/cattle/Texas/24-008749-003/2024(H5N1)	633	326
PB2|PP755596.1|A/cattle/Texas/24-008749-003/2024(H5N1)	634	333
PB2|PP755596.1|A/cattle/Texas/24-008749-003/2024(H5N1)	635	335
PB2|PP755596.1|A/cattle/Texas/24-008749-003/2024(H5N1)	636	336
PB2|PP755596.1|A/cattle/Texas/24-008749-003/2024(H5N1)	637	335
PB2|PP755596.1|A/cattle/Texas/24-008749-003/2024(H5N1)	638	335
PB2|PP755596.1|A/cattle/Texas/24-008749-003/2024(H5N1)	639	340
PB2|PP755596.1|A/cattle/Texas/24-008749-003/2024(H5N1)	640	340
PB2|PP755596.1|A/cattle/Texas/24-008749-003/2024(H5N1)	641	340
PB2|PP755596.1|A/cattle/Texas/24-008749-003/2024(H5N1)	642	340
PB2|PP755596.1|A/cattle/Texas/24-008749-003/2024(H5N1)	643	336
PB2|PP755596.1|A/cattle/Texas/24-008749-003/2024(H5N1)	644	336
PB2|PP755596.1|A/cattle/Texas/24-008749-003/2024(H5N1)	645	336
PB2|PP755596.1|A/cattle/Texas/24-008749-003/2024(H5N1)	646	337
PB2|PP755596.1|A/cattle/Texas/24-008749-003/2024(H5N1)	647	339
PB2|PP755596.1|A/cattle/Texas/24-008749-003/2024(H5N1)	648	340
PB2|PP755596.1|A/cattle/Texas/24-008749-003/2024(H5N1)	649	340
PB2|PP755596.1|A/cattle/Texas/24-008749-003/2024(H5N1)	650	338
PB2|PP755596.1|A/cattle/Texas/24-008749-003/2024(H5N1)	651	340
PB2|PP755596.1|A/cattle/Texas/24-008749-003/2024(H5N1)	652	339
PB2|PP755596.1|A/cattle/Texas/24-008749-003/2024(H5N1)	653	339
PB2|PP755596.1|A/cattle/Texas/24-008749-003/2024(H5N1)	654	344
PB2|PP755596.1|A/cattle/Texas/24-008749-003/2024(H5N1)	655	342
PB2|PP755596.1|A/cattle/Texas/24-008749-003/2024(H5N1)	656	342
PB2|PP755596.1|A/cattle/Texas/24-008749-003/2024(H5N1)	657	341
PB2|PP755596.1|A/cattle/Texas/24-008749-003/2024(H5N1)	658	341
PB2|PP755596.1|A/cattle/Texas/24-008749-003/2024(H5N1)	659	341
PB2|PP755596.1|A/cattle/Texas/24-008749-003/2024(H5N1)	660	340
PB2|PP755596.1|A/cattle/Texas/24-008749-003/2024(H5N1)	661	340
PB2|PP755596.1|A/cattle/Texas/24-008749-003/2024(H5N1)	662	336
PB2|PP755596.1|A/cattle/Texas/24-008749-003/2024(H5N1)	663	334
PB2|PP755596.1|A/cattle/Texas/24-008749-003/2024(H5N1)	664	334
PB2|PP755596.1|A/cattle/Texas/24-008749-003/2024(H5N1)	665	335
PB2|PP755596.1|A/cattle/Texas/24-008749-003/2024(H5N1)	666	336
PB2|PP755596.1|A/cattle/Texas/24-008749-003/2024(H5N1)	667	334
PB2|PP755596.1|A/cattle/Texas/24-008749-003/2024(H5N1)	668	334
PB2|PP755596.1|A/cattle/Texas/24-008749-003/2024(H5N1)	669	335
PB2|PP755596.1|A/cattle/Texas/24-008749-003/2024(H5N1)	670	331
PB2|PP755596.1|A/cattle/Texas/24-008749-003/2024(H5N1)	671	331
PB2|PP755596.1|A/cattle/Texas/24-008749-003/2024(H5N1)	672	332
PB2|PP755596.1|A/cattle/Texas/24-008749-003/2024(H5N1)	673	328
PB2|PP755596.1|A/cattle/Texas/24-008749-003/2024(H5N1)	674	323
PB2|PP755596.1|A/cattle/Texas/24-008749-003/2024(H5N1)	675	321
PB2|PP755596.1|A/cattle/Texas/24-008749-003/2024(H5N1)	676	317
PB2|PP755596.1|A/cattle/Texas/24-008749-003/2024(H5N1)	677	330
PB2|PP755596.1|A/cattle/Texas/24-008749-003/2024(H5N1)	678	331
PB2|PP755596.1|A/cattle/Texas/24-008749-003/2024(H5N1)	679	350
PB2|PP755596.1|A/cattle/Texas/24-008749-003/2024(H5N1)	680	346
PB2|PP755596.1|A/cattle/Texas/24-008749-003/2024(H5N1)	681	343
PB2|PP755596.1|A/cattle/Texas/24-008749-003/2024(H5N1)	682	344
PB2|PP755596.1|A/cattle/Texas/24-008749-003/2024(H5N1)	683	365
PB2|PP755596.1|A/cattle/Texas/24-008749-003/2024(H5N1)	684	366
PB2|PP755596.1|A/cattle/Texas/24-008749-003/2024(H5N1)	685	366
PB2|PP755596.1|A/cattle/Texas/24-008749-003/2024(H5N1)	686	364
PB2|PP755596.1|A/cattle/Texas/24-008749-003/2024(H5N1)	687	359
PB2|PP755596.1|A/cattle/Texas/24-008749-003/2024(H5N1)	688	344
PB2|PP755596.1|A/cattle/Texas/24-008749-003/2024(H5N1)	689	340
PB2|PP755596.1|A/cattle/Texas/24-008749-003/2024(H5N1)	690	338
PB2|PP755596.1|A/cattle/Texas/24-008749-003/2024(H5N1)	691	338
PB2|PP755596.1|A/cattle/Texas/24-008749-003/2024(H5N1)	692	334
PB2|PP755596.1|A/cattle/Texas/24-008749-003/2024(H5N1)	693	333
PB2|PP755596.1|A/cattle/Texas/24-008749-003/2024(H5N1)	694	337
PB2|PP755596.1|A/cattle/Texas/24-008749-003/2024(H5N1)	695	337
PB2|PP755596.1|A/cattle/Texas/24-008749-003/2024(H5N1)	696	338
PB2|PP755596.1|A/cattle/Texas/24-008749-003/2024(H5N1)	697	339
PB2|PP755596.1|A/cattle/Texas/24-008749-003/2024(H5N1)	698	349
PB2|PP755596.1|A/cattle/Texas/24-008749-003/2024(H5N1)	699	349
PB2|PP755596.1|A/cattle/Texas/24-008749-003/2024(H5N1)	700	346
PB2|PP755596.1|A/cattle/Texas/24-008749-003/2024(H5N1)	701	346
PB2|PP755596.1|A/cattle/Texas/24-008749-003/2024(H5N1)	702	345
PB2|PP755596.1|A/cattle/Texas/24-008749-003/2024(H5N1)	703	350
PB2|PP755596.1|A/cattle/Texas/24-008749-003/2024(H5N1)	704	353
PB2|PP755596.1|A/cattle/Texas/24-008749-003/2024(H5N1)	705	351
PB2|PP755596.1|A/cattle/Texas/24-008749-003/2024(H5N1)	706	352
PB2|PP755596.1|A/cattle/Texas/24-008749-003/2024(H5N1)	707	349
PB2|PP755596.1|A/cattle/Texas/24-008749-003/2024(H5N1)	708	351
PB2|PP755596.1|A/cattle/Texas/24-008749-003/2024(H5N1)	709	351
PB2|PP755596.1|A/cattle/Texas/24-008749-003/2024(H5N1)	710	356
PB2|PP755596.1|A/cattle/Texas/24-008749-003/2024(H5N1)	711	356
PB2|PP755596.1|A/cattle/Texas/24-008749-003/2024(H5N1)	712	359
PB2|PP755596.1|A/cattle/Texas/24-008749-003/2024(H5N1)	713	361
PB2|PP755596.1|A/cattle/Texas/24-008749-003/2024(H5N1)	714	362
PB2|PP755596.1|A/cattle/Texas/24-008749-003/2024(H5N1)	715	355
PB2|PP755596.1|A/cattle/Texas/24-008749-003/2024(H5N1)	716	358
PB2|PP755596.1|A/cattle/Texas/24-008749-003/2024(H5N1)	717	358
PB2|PP755596.1|A/cattle/Texas/24-008749-003/2024(H5N1)	718	358
PB2|PP755596.1|A/cattle/Texas/24-008749-003/2024(H5N1)	719	356
PB2|PP755596.1|A/cattle/Texas/24-008749-003/2024(H5N1)	720	353
PB2|PP755596.1|A/cattle/Texas/24-008749-003/2024(H5N1)	721	354
PB2|PP755596.1|A/cattle/Texas/24-008749-003/2024(H5N1)	722	354
PB2|PP755596.1|A/cattle/Texas/24-008749-003/2024(H5N1)	723	353
PB2|PP755596.1|A/cattle/Texas/24-008749-003/2024(H5N1)	724	359
PB2|PP755596.1|A/cattle/Texas/24-008749-003/2024(H5N1)	725	358
PB2|PP755596.1|A/cattle/Texas/24-008749-003/2024(H5N1)	726	365
PB2|PP755596.1|A/cattle/Texas/24-008749-003/2024(H5N1)	727	366
PB2|PP755596.1|A/cattle/Texas/24-008749-003/2024(H5N1)	728	364
PB2|PP755596.1|A/cattle/Texas/24-008749-003/2024(H5N1)	729	364
PB2|PP755596.1|A/cattle/Texas/24-008749-003/2024(H5N1)	730	366
PB2|PP755596.1|A/cattle/Texas/24-008749-003/2024(H5N1)	731	362
PB2|PP755596.1|A/cattle/Texas/24-008749-003/2024(H5N1)	732	361
PB2|PP755596.1|A/cattle/Texas/24-008749-003/2024(H5N1)	733	358
PB2|PP755596.1|A/cattle/Texas/24-008749-003/2024(H5N1)	734	365
PB2|PP755596.1|A/cattle/Texas/24-008749-003/2024(H5N1)	735	361
PB2|PP755596.1|A/cattle/Texas/24-008749-003/2024(H5N1)	736	361
PB2|PP755596.1|A/cattle/Texas/24-008749-003/2024(H5N1)	737	361
PB2|PP755596.1|A/cattle/Texas/24-008749-003/2024(H5N1)	738	361
PB2|PP755596.1|A/cattle/Texas/24-008749-003/2024(H5N1)	739	360
PB2|PP755596.1|A/cattle/Texas/24-008749-003/2024(H5N1)	740	361
PB2|PP755596.1|A/cattle/Texas/24-008749-003/2024(H5N1)	741	360
PB2|PP755596.1|A/cattle/Texas/24-008749-003/2024(H5N1)	742	363
PB2|PP755596.1|A/cattle/Texas/24-008749-003/2024(H5N1)	743	353
PB2|PP755596.1|A/cattle/Texas/24-008749-003/2024(H5N1)	744	353
PB2|PP755596.1|A/cattle/Texas/24-008749-003/2024(H5N1)	745	351
PB2|PP755596.1|A/cattle/Texas/24-008749-003/2024(H5N1)	746	351
PB2|PP755596.1|A/cattle/Texas/24-008749-003/2024(H5N1)	747	351
PB2|PP755596.1|A/cattle/Texas/24-008749-003/2024(H5N1)	748	355
PB2|PP755596.1|A/cattle/Texas/24-008749-003/2024(H5N1)	749	355
PB2|PP755596.1|A/cattle/Texas/24-008749-003/2024(H5N1)	750	355
PB2|PP755596.1|A/cattle/Texas/24-008749-003/2024(H5N1)	751	354
PB2|PP755596.1|A/cattle/Texas/24-008749-003/2024(H5N1)	752	353
PB2|PP755596.1|A/cattle/Texas/24-008749-003/2024(H5N1)	753	356
PB2|PP755596.1|A/cattle/Texas/24-008749-003/2024(H5N1)	754	358
PB2|PP755596.1|A/cattle/Texas/24-008749-003/2024(H5N1)	755	357
PB2|PP755596.1|A/cattle/Texas/24-008749-003/2024(H5N1)	756	357
PB2|PP755596.1|A/cattle/Texas/24-008749-003/2024(H5N1)	757	357
PB2|PP755596.1|A/cattle/Texas/24-008749-003/2024(H5N1)	758	357
PB2|PP755596.1|A/cattle/Texas/24-008749-003/2024(H5N1)	759	357
PB2|PP755596.1|A/cattle/Texas/24-008749-003/2024(H5N1)	760	357
PB2|PP755596.1|A/cattle/Texas/24-008749-003/2024(H5N1)	761	360
PB2|PP755596.1|A/cattle/Texas/24-008749-003/2024(H5N1)	762	359
PB2|PP755596.1|A/cattle/Texas/24-008749-003/2024(H5N1)	763	358
PB2|PP755596.1|A/cattle/Texas/24-008749-003/2024(H5N1)	764	356
PB2|PP755596.1|A/cattle/Texas/24-008749-003/2024(H5N1)	765	357
PB2|PP755596.1|A/cattle/Texas/24-008749-003/2024(H5N1)	766	358
PB2|PP755596.1|A/cattle/Texas/24-008749-003/2024(H5N1)	767	361
PB2|PP755596.1|A/cattle/Texas/24-008749-003/2024(H5N1)	768	363
PB2|PP755596.1|A/cattle/Texas/24-008749-003/2024(H5N1)	769	363
PB2|PP755596.1|A/cattle/Texas/24-008749-003/2024(H5N1)	770	357
PB2|PP755596.1|A/cattle/Texas/24-008749-003/2024(H5N1)	771	360
PB2|PP755596.1|A/cattle/Texas/24-008749-003/2024(H5N1)	772	359
PB2|PP755596.1|A/cattle/Texas/24-008749-003/2024(H5N1)	773	359
PB2|PP755596.1|A/cattle/Texas/24-008749-003/2024(H5N1)	774	356
PB2|PP755596.1|A/cattle/Texas/24-008749-003/2024(H5N1)	775	354
PB2|PP755596.1|A/cattle/Texas/24-008749-003/2024(H5N1)	776	354
PB2|PP755596.1|A/cattle/Texas/24-008749-003/2024(H5N1)	777	353
PB2|PP755596.1|A/cattle/Texas/24-008749-003/2024(H5N1)	778	348
PB2|PP755596.1|A/cattle/Texas/24-008749-003/2024(H5N1)	779	346
PB2|PP755596.1|A/cattle/Texas/24-008749-003/2024(H5N1)	780	341
PB2|PP755596.1|A/cattle/Texas/24-008749-003/2024(H5N1)	781	340
PB2|PP755596.1|A/cattle/Texas/24-008749-003/2024(H5N1)	782	338
PB2|PP755596.1|A/cattle/Texas/24-008749-003/2024(H5N1)	783	336
PB2|PP755596.1|A/cattle/Texas/24-008749-003/2024(H5N1)	784	336
PB2|PP755596.1|A/cattle/Texas/24-008749-003/2024(H5N1)	785	339
PB2|PP755596.1|A/cattle/Texas/24-008749-003/2024(H5N1)	786	338
PB2|PP755596.1|A/cattle/Texas/24-008749-003/2024(H5N1)	787	352
PB2|PP755596.1|A/cattle/Texas/24-008749-003/2024(H5N1)	788	352
PB2|PP755596.1|A/cattle/Texas/24-008749-003/2024(H5N1)	789	352
PB2|PP755596.1|A/cattle/Texas/24-008749-003/2024(H5N1)	790	353
PB2|PP755596.1|A/cattle/Texas/24-008749-003/2024(H5N1)	791	354
PB2|PP755596.1|A/cattle/Texas/24-008749-003/2024(H5N1)	792	362
PB2|PP755596.1|A/cattle/Texas/24-008749-003/2024(H5N1)	793	362
PB2|PP755596.1|A/cattle/Texas/24-008749-003/2024(H5N1)	794	362
PB2|PP755596.1|A/cattle/Texas/24-008749-003/2024(H5N1)	795	366
PB2|PP755596.1|A/cattle/Texas/24-008749-003/2024(H5N1)	796	368
PB2|PP755596.1|A/cattle/Texas/24-008749-003/2024(H5N1)	797	370
PB2|PP755596.1|A/cattle/Texas/24-008749-003/2024(H5N1)	798	370
PB2|PP755596.1|A/cattle/Texas/24-008749-003/2024(H5N1)	799	370
PB2|PP755596.1|A/cattle/Texas/24-008749-003/2024(H5N1)	800	368
PB2|PP755596.1|A/cattle/Texas/24-008749-003/2024(H5N1)	801	365
PB2|PP755596.1|A/cattle/Texas/24-008749-003/2024(H5N1)	802	364
PB2|PP755596.1|A/cattle/Texas/24-008749-003/2024(H5N1)	803	366
PB2|PP755596.1|A/cattle/Texas/24-008749-003/2024(H5N1)	804	372
PB2|PP755596.1|A/cattle/Texas/24-008749-003/2024(H5N1)	805	367
PB2|PP755596.1|A/cattle/Texas/24-008749-003/2024(H5N1)	806	370
PB2|PP755596.1|A/cattle/Texas/24-008749-003/2024(H5N1)	807	367
PB2|PP755596.1|A/cattle/Texas/24-008749-003/2024(H5N1)	808	366
PB2|PP755596.1|A/cattle/Texas/24-008749-003/2024(H5N1)	809	365
PB2|PP755596.1|A/cattle/Texas/24-008749-003/2024(H5N1)	810	366
PB2|PP755596.1|A/cattle/Texas/24-008749-003/2024(H5N1)	811	367
PB2|PP755596.1|A/cattle/Texas/24-008749-003/2024(H5N1)	812	367
PB2|PP755596.1|A/cattle/Texas/24-008749-003/2024(H5N1)	813	369
PB2|PP755596.1|A/cattle/Texas/24-008749-003/2024(H5N1)	814	376
PB2|PP755596.1|A/cattle/Texas/24-008749-003/2024(H5N1)	815	379
PB2|PP755596.1|A/cattle/Texas/24-008749-003/2024(H5N1)	816	381
PB2|PP755596.1|A/cattle/Texas/24-008749-003/2024(H5N1)	817	381
PB2|PP755596.1|A/cattle/Texas/24-008749-003/2024(H5N1)	818	385
PB2|PP755596.1|A/cattle/Texas/24-008749-003/2024(H5N1)	819	384
PB2|PP755596.1|A/cattle/Texas/24-008749-003/2024(H5N1)	820	383
PB2|PP755596.1|A/cattle/Texas/24-008749-003/2024(H5N1)	821	382
PB2|PP755596.1|A/cattle/Texas/24-008749-003/2024(H5N1)	822	373
PB2|PP755596.1|A/cattle/Texas/24-008749-003/2024(H5N1)	823	369
PB2|PP755596.1|A/cattle/Texas/24-008749-003/2024(H5N1)	824	379
PB2|PP755596.1|A/cattle/Texas/24-008749-003/2024(H5N1)	825	368
PB2|PP755596.1|A/cattle/Texas/24-008749-003/2024(H5N1)	826	368
PB2|PP755596.1|A/cattle/Texas/24-008749-003/2024(H5N1)	827	364
PB2|PP755596.1|A/cattle/Texas/24-008749-003/2024(H5N1)	828	364
PB2|PP755596.1|A/cattle/Texas/24-008749-003/2024(H5N1)	829	365
PB2|PP755596.1|A/cattle/Texas/24-008749-003/2024(H5N1)	830	368
PB2|PP755596.1|A/cattle/Texas/24-008749-003/2024(H5N1)	831	371
PB2|PP755596.1|A/cattle/Texas/24-008749-003/2024(H5N1)	832	371
PB2|PP755596.1|A/cattle/Texas/24-008749-003/2024(H5N1)	833	373
PB2|PP755596.1|A/cattle/Texas/24-008749-003/2024(H5N1)	834	382
PB2|PP755596.1|A/cattle/Texas/24-008749-003/2024(H5N1)	835	382
PB2|PP755596.1|A/cattle/Texas/24-008749-003/2024(H5N1)	836	382
PB2|PP755596.1|A/cattle/Texas/24-008749-003/2024(H5N1)	837	379
PB2|PP755596.1|A/cattle/Texas/24-008749-003/2024(H5N1)	838	393
PB2|PP755596.1|A/cattle/Texas/24-008749-003/2024(H5N1)	839	386
PB2|PP755596.1|A/cattle/Texas/24-008749-003/2024(H5N1)	840	389
PB2|PP755596.1|A/cattle/Texas/24-008749-003/2024(H5N1)	841	389
PB2|PP755596.1|A/cattle/Texas/24-008749-003/2024(H5N1)	842	386
PB2|PP755596.1|A/cattle/Texas/24-008749-003/2024(H5N1)	843	385
PB2|PP755596.1|A/cattle/Texas/24-008749-003/2024(H5N1)	844	384
PB2|PP755596.1|A/cattle/Texas/24-008749-003/2024(H5N1)	845	380
PB2|PP755596.1|A/cattle/Texas/24-008749-003/2024(H5N1)	846	378
PB2|PP755596.1|A/cattle/Texas/24-008749-003/2024(H5N1)	847	364
PB2|PP755596.1|A/cattle/Texas/24-008749-003/2024(H5N1)	848	358
PB2|PP755596.1|A/cattle/Texas/24-008749-003/2024(H5N1)	849	360
PB2|PP755596.1|A/cattle/Texas/24-008749-003/2024(H5N1)	850	359
PB2|PP755596.1|A/cattle/Texas/24-008749-003/2024(H5N1)	851	356
PB2|PP755596.1|A/cattle/Texas/24-008749-003/2024(H5N1)	852	356
PB2|PP755596.1|A/cattle/Texas/24-008749-003/2024(H5N1)	853	356
PB2|PP755596.1|A/cattle/Texas/24-008749-003/2024(H5N1)	854	353
PB2|PP755596.1|A/cattle/Texas/24-008749-003/2024(H5N1)	855	353
PB2|PP755596.1|A/cattle/Texas/24-008749-003/2024(H5N1)	856	351
PB2|PP755596.1|A/cattle/Texas/24-008749-003/2024(H5N1)	857	356
PB2|PP755596.1|A/cattle/Texas/24-008749-003/2024(H5N1)	858	362
PB2|PP755596.1|A/cattle/Texas/24-008749-003/2024(H5N1)	859	363
PB2|PP755596.1|A/cattle/Texas/24-008749-003/2024(H5N1)	860	363
PB2|PP755596.1|A/cattle/Texas/24-008749-003/2024(H5N1)	861	361
PB2|PP755596.1|A/cattle/Texas/24-008749-003/2024(H5N1)	862	358
PB2|PP755596.1|A/cattle/Texas/24-008749-003/2024(H5N1)	863	354
PB2|PP755596.1|A/cattle/Texas/24-008749-003/2024(H5N1)	864	363
PB2|PP755596.1|A/cattle/Texas/24-008749-003/2024(H5N1)	865	366
PB2|PP755596.1|A/cattle/Texas/24-008749-003/2024(H5N1)	866	362
PB2|PP755596.1|A/cattle/Texas/24-008749-003/2024(H5N1)	867	360
PB2|PP755596.1|A/cattle/Texas/24-008749-003/2024(H5N1)	868	359
PB2|PP755596.1|A/cattle/Texas/24-008749-003/2024(H5N1)	869	359
PB2|PP755596.1|A/cattle/Texas/24-008749-003/2024(H5N1)	870	353
PB2|PP755596.1|A/cattle/Texas/24-008749-003/2024(H5N1)	871	356
PB2|PP755596.1|A/cattle/Texas/24-008749-003/2024(H5N1)	872	360
PB2|PP755596.1|A/cattle/Texas/24-008749-003/2024(H5N1)	873	358
PB2|PP755596.1|A/cattle/Texas/24-008749-003/2024(H5N1)	874	359
PB2|PP755596.1|A/cattle/Texas/24-008749-003/2024(H5N1)	875	362
PB2|PP755596.1|A/cattle/Texas/24-008749-003/2024(H5N1)	876	363
PB2|PP755596.1|A/cattle/Texas/24-008749-003/2024(H5N1)	877	362
PB2|PP755596.1|A/cattle/Texas/24-008749-003/2024(H5N1)	878	361
PB2|PP755596.1|A/cattle/Texas/24-008749-003/2024(H5N1)	879	358
PB2|PP755596.1|A/cattle/Texas/24-008749-003/2024(H5N1)	880	358
PB2|PP755596.1|A/cattle/Texas/24-008749-003/2024(H5N1)	881	349
PB2|PP755596.1|A/cattle/Texas/24-008749-003/2024(H5N1)	882	349
PB2|PP755596.1|A/cattle/Texas/24-008749-003/2024(H5N1)	883	351
PB2|PP755596.1|A/cattle/Texas/24-008749-003/2024(H5N1)	884	350
PB2|PP755596.1|A/cattle/Texas/24-008749-003/2024(H5N1)	885	350
PB2|PP755596.1|A/cattle/Texas/24-008749-003/2024(H5N1)	886	350
PB2|PP755596.1|A/cattle/Texas/24-008749-003/2024(H5N1)	887	350
PB2|PP755596.1|A/cattle/Texas/24-008749-003/2024(H5N1)	888	351
PB2|PP755596.1|A/cattle/Texas/24-008749-003/2024(H5N1)	889	351
PB2|PP755596.1|A/cattle/Texas/24-008749-003/2024(H5N1)	890	351
PB2|PP755596.1|A/cattle/Texas/24-008749-003/2024(H5N1)	891	355
PB2|PP755596.1|A/cattle/Texas/24-008749-003/2024(H5N1)	892	352
PB2|PP755596.1|A/cattle/Texas/24-008749-003/2024(H5N1)	893	352
PB2|PP755596.1|A/cattle/Texas/24-008749-003/2024(H5N1)	894	352
PB2|PP755596.1|A/cattle/Texas/24-008749-003/2024(H5N1)	895	351
PB2|PP755596.1|A/cattle/Texas/24-008749-003/2024(H5N1)	896	348
PB2|PP755596.1|A/cattle/Texas/24-008749-003/2024(H5N1)	897	350
PB2|PP755596.1|A/cattle/Texas/24-008749-003/2024(H5N1)	898	348
PB2|PP755596.1|A/cattle/Texas/24-008749-003/2024(H5N1)	899	346
PB2|PP755596.1|A/cattle/Texas/24-008749-003/2024(H5N1)	900	347
PB2|PP755596.1|A/cattle/Texas/24-008749-003/2024(H5N1)	901	348
PB2|PP755596.1|A/cattle/Texas/24-008749-003/2024(H5N1)	902	350
PB2|PP755596.1|A/cattle/Texas/24-008749-003/2024(H5N1)	903	351
PB2|PP755596.1|A/cattle/Texas/24-008749-003/2024(H5N1)	904	350
PB2|PP755596.1|A/cattle/Texas/24-008749-003/2024(H5N1)	905	350
PB2|PP755596.1|A/cattle/Texas/24-008749-003/2024(H5N1)	906	355
PB2|PP755596.1|A/cattle/Texas/24-008749-003/2024(H5N1)	907	355
PB2|PP755596.1|A/cattle/Texas/24-008749-003/2024(H5N1)	908	356
PB2|PP755596.1|A/cattle/Texas/24-008749-003/2024(H5N1)	909	352
PB2|PP755596.1|A/cattle/Texas/24-008749-003/2024(H5N1)	910	352
PB2|PP755596.1|A/cattle/Texas/24-008749-003/2024(H5N1)	911	352
PB2|PP755596.1|A/cattle/Texas/24-008749-003/2024(H5N1)	912	357
PB2|PP755596.1|A/cattle/Texas/24-008749-003/2024(H5N1)	913	359
PB2|PP755596.1|A/cattle/Texas/24-008749-003/2024(H5N1)	914	359
PB2|PP755596.1|A/cattle/Texas/24-008749-003/2024(H5N1)	915	359
PB2|PP755596.1|A/cattle/Texas/24-008749-003/2024(H5N1)	916	358
PB2|PP755596.1|A/cattle/Texas/24-008749-003/2024(H5N1)	917	356
PB2|PP755596.1|A/cattle/Texas/24-008749-003/2024(H5N1)	918	358
PB2|PP755596.1|A/cattle/Texas/24-008749-003/2024(H5N1)	919	358
PB2|PP755596.1|A/cattle/Texas/24-008749-003/2024(H5N1)	920	358
PB2|PP755596.1|A/cattle/Texas/24-008749-003/2024(H5N1)	921	352
PB2|PP755596.1|A/cattle/Texas/24-008749-003/2024(H5N1)	922	359
PB2|PP755596.1|A/cattle/Texas/24-008749-003/2024(H5N1)	923	359
PB2|PP755596.1|A/cattle/Texas/24-008749-003/2024(H5N1)	924	364
PB2|PP755596.1|A/cattle/Texas/24-008749-003/2024(H5N1)	925	373
PB2|PP755596.1|A/cattle/Texas/24-008749-003/2024(H5N1)	926	374
PB2|PP755596.1|A/cattle/Texas/24-008749-003/2024(H5N1)	927	372
PB2|PP755596.1|A/cattle/Texas/24-008749-003/2024(H5N1)	928	365
PB2|PP755596.1|A/cattle/Texas/24-008749-003/2024(H5N1)	929	361
PB2|PP755596.1|A/cattle/Texas/24-008749-003/2024(H5N1)	930	359
PB2|PP755596.1|A/cattle/Texas/24-008749-003/2024(H5N1)	931	359
PB2|PP755596.1|A/cattle/Texas/24-008749-003/2024(H5N1)	932	359
PB2|PP755596.1|A/cattle/Texas/24-008749-003/2024(H5N1)	933	351
PB2|PP755596.1|A/cattle/Texas/24-008749-003/2024(H5N1)	934	336
PB2|PP755596.1|A/cattle/Texas/24-008749-003/2024(H5N1)	935	337
PB2|PP755596.1|A/cattle/Texas/24-008749-003/2024(H5N1)	936	337
PB2|PP755596.1|A/cattle/Texas/24-008749-003/2024(H5N1)	937	337
PB2|PP755596.1|A/cattle/Texas/24-008749-003/2024(H5N1)	938	338
PB2|PP755596.1|A/cattle/Texas/24-008749-003/2024(H5N1)	939	335
PB2|PP755596.1|A/cattle/Texas/24-008749-003/2024(H5N1)	940	340
PB2|PP755596.1|A/cattle/Texas/24-008749-003/2024(H5N1)	941	340
PB2|PP755596.1|A/cattle/Texas/24-008749-003/2024(H5N1)	942	341
PB2|PP755596.1|A/cattle/Texas/24-008749-003/2024(H5N1)	943	341
PB2|PP755596.1|A/cattle/Texas/24-008749-003/2024(H5N1)	944	339
PB2|PP755596.1|A/cattle/Texas/24-008749-003/2024(H5N1)	945	340
PB2|PP755596.1|A/cattle/Texas/24-008749-003/2024(H5N1)	946	342
PB2|PP755596.1|A/cattle/Texas/24-008749-003/2024(H5N1)	947	339
PB2|PP755596.1|A/cattle/Texas/24-008749-003/2024(H5N1)	948	338
PB2|PP755596.1|A/cattle/Texas/24-008749-003/2024(H5N1)	949	334
PB2|PP755596.1|A/cattle/Texas/24-008749-003/2024(H5N1)	950	334
PB2|PP755596.1|A/cattle/Texas/24-008749-003/2024(H5N1)	951	334
PB2|PP755596.1|A/cattle/Texas/24-008749-003/2024(H5N1)	952	336
PB2|PP755596.1|A/cattle/Texas/24-008749-003/2024(H5N1)	953	346
PB2|PP755596.1|A/cattle/Texas/24-008749-003/2024(H5N1)	954	345
PB2|PP755596.1|A/cattle/Texas/24-008749-003/2024(H5N1)	955	341
PB2|PP755596.1|A/cattle/Texas/24-008749-003/2024(H5N1)	956	339
PB2|PP755596.1|A/cattle/Texas/24-008749-003/2024(H5N1)	957	338
PB2|PP755596.1|A/cattle/Texas/24-008749-003/2024(H5N1)	958	338
PB2|PP755596.1|A/cattle/Texas/24-008749-003/2024(H5N1)	959	338
PB2|PP755596.1|A/cattle/Texas/24-008749-003/2024(H5N1)	960	340
PB2|PP755596.1|A/cattle/Texas/24-008749-003/2024(H5N1)	961	340
PB2|PP755596.1|A/cattle/Texas/24-008749-003/2024(H5N1)	962	339
PB2|PP755596.1|A/cattle/Texas/24-008749-003/2024(H5N1)	963	338
PB2|PP755596.1|A/cattle/Texas/24-008749-003/2024(H5N1)	964	342
PB2|PP755596.1|A/cattle/Texas/24-008749-003/2024(H5N1)	965	339
PB2|PP755596.1|A/cattle/Texas/24-008749-003/2024(H5N1)	966	342
PB2|PP755596.1|A/cattle/Texas/24-008749-003/2024(H5N1)	967	340
PB2|PP755596.1|A/cattle/Texas/24-008749-003/2024(H5N1)	968	340
PB2|PP755596.1|A/cattle/Texas/24-008749-003/2024(H5N1)	969	342
PB2|PP755596.1|A/cattle/Texas/24-008749-003/2024(H5N1)	970	342
PB2|PP755596.1|A/cattle/Texas/24-008749-003/2024(H5N1)	971	344
PB2|PP755596.1|A/cattle/Texas/24-008749-003/2024(H5N1)	972	347
PB2|PP755596.1|A/cattle/Texas/24-008749-003/2024(H5N1)	973	344
PB2|PP755596.1|A/cattle/Texas/24-008749-003/2024(H5N1)	974	348
PB2|PP755596.1|A/cattle/Texas/24-008749-003/2024(H5N1)	975	346
PB2|PP755596.1|A/cattle/Texas/24-008749-003/2024(H5N1)	976	349
PB2|PP755596.1|A/cattle/Texas/24-008749-003/2024(H5N1)	977	350
PB2|PP755596.1|A/cattle/Texas/24-008749-003/2024(H5N1)	978	351
PB2|PP755596.1|A/cattle/Texas/24-008749-003/2024(H5N1)	979	351
PB2|PP755596.1|A/cattle/Texas/24-008749-003/2024(H5N1)	980	349
PB2|PP755596.1|A/cattle/Texas/24-008749-003/2024(H5N1)	981	349
PB2|PP755596.1|A/cattle/Texas/24-008749-003/2024(H5N1)	982	352
PB2|PP755596.1|A/cattle/Texas/24-008749-003/2024(H5N1)	983	352
PB2|PP755596.1|A/cattle/Texas/24-008749-003/2024(H5N1)	984	346
PB2|PP755596.1|A/cattle/Texas/24-008749-003/2024(H5N1)	985	346
PB2|PP755596.1|A/cattle/Texas/24-008749-003/2024(H5N1)	986	346
PB2|PP755596.1|A/cattle/Texas/24-008749-003/2024(H5N1)	987	345
PB2|PP755596.1|A/cattle/Texas/24-008749-003/2024(H5N1)	988	357
PB2|PP755596.1|A/cattle/Texas/24-008749-003/2024(H5N1)	989	357
PB2|PP755596.1|A/cattle/Texas/24-008749-003/2024(H5N1)	990	357
PB2|PP755596.1|A/cattle/Texas/24-008749-003/2024(H5N1)	991	357
PB2|PP755596.1|A/cattle/Texas/24-008749-003/2024(H5N1)	992	357
PB2|PP755596.1|A/cattle/Texas/24-008749-003/2024(H5N1)	993	356
PB2|PP755596.1|A/cattle/Texas/24-008749-003/2024(H5N1)	994	354
PB2|PP755596.1|A/cattle/Texas/24-008749-003/2024(H5N1)	995	355
PB2|PP755596.1|A/cattle/Texas/24-008749-003/2024(H5N1)	996	354
PB2|PP755596.1|A/cattle/Texas/24-008749-003/2024(H5N1)	997	356
PB2|PP755596.1|A/cattle/Texas/24-008749-003/2024(H5N1)	998	357
PB2|PP755596.1|A/cattle/Texas/24-008749-003/2024(H5N1)	999	356
PB2|PP755596.1|A/cattle/Texas/24-008749-003/2024(H5N1)	1000	357
PB2|PP755596.1|A/cattle/Texas/24-008749-003/2024(H5N1)	1001	358
PB2|PP755596.1|A/cattle/Texas/24-008749-003/2024(H5N1)	1002	365
PB2|PP755596.1|A/cattle/Texas/24-008749-003/2024(H5N1)	1003	365
PB2|PP755596.1|A/cattle/Texas/24-008749-003/2024(H5N1)	1004	365
PB2|PP755596.1|A/cattle/Texas/24-008749-003/2024(H5N1)	1005	363
PB2|PP755596.1|A/cattle/Texas/24-008749-003/2024(H5N1)	1006	363
PB2|PP755596.1|A/cattle/Texas/24-008749-003/2024(H5N1)	1007	365
PB2|PP755596.1|A/cattle/Texas/24-008749-003/2024(H5N1)	1008	366
PB2|PP755596.1|A/cattle/Texas/24-008749-003/2024(H5N1)	1009	364
PB2|PP755596.1|A/cattle/Texas/24-008749-003/2024(H5N1)	1010	361
PB2|PP755596.1|A/cattle/Texas/24-008749-003/2024(H5N1)	1011	361
PB2|PP755596.1|A/cattle/Texas/24-008749-003/2024(H5N1)	1012	361
PB2|PP755596.1|A/cattle/Texas/24-008749-003/2024(H5N1)	1013	361
PB2|PP755596.1|A/cattle/Texas/24-008749-003/2024(H5N1)	1014	364
PB2|PP755596.1|A/cattle/Texas/24-008749-003/2024(H5N1)	1015	363
PB2|PP755596.1|A/cattle/Texas/24-008749-003/2024(H5N1)	1016	362
PB2|PP755596.1|A/cattle/Texas/24-008749-003/2024(H5N1)	1017	361
PB2|PP755596.1|A/cattle/Texas/24-008749-003/2024(H5N1)	1018	357
PB2|PP755596.1|A/cattle/Texas/24-008749-003/2024(H5N1)	1019	358
PB2|PP755596.1|A/cattle/Texas/24-008749-003/2024(H5N1)	1020	353
PB2|PP755596.1|A/cattle/Texas/24-008749-003/2024(H5N1)	1021	353
PB2|PP755596.1|A/cattle/Texas/24-008749-003/2024(H5N1)	1022	351
PB2|PP755596.1|A/cattle/Texas/24-008749-003/2024(H5N1)	1023	351
PB2|PP755596.1|A/cattle/Texas/24-008749-003/2024(H5N1)	1024	353
PB2|PP755596.1|A/cattle/Texas/24-008749-003/2024(H5N1)	1025	353
PB2|PP755596.1|A/cattle/Texas/24-008749-003/2024(H5N1)	1026	352
PB2|PP755596.1|A/cattle/Texas/24-008749-003/2024(H5N1)	1027	352
PB2|PP755596.1|A/cattle/Texas/24-008749-003/2024(H5N1)	1028	351
PB2|PP755596.1|A/cattle/Texas/24-008749-003/2024(H5N1)	1029	351
PB2|PP755596.1|A/cattle/Texas/24-008749-003/2024(H5N1)	1030	354
PB2|PP755596.1|A/cattle/Texas/24-008749-003/2024(H5N1)	1031	355
PB2|PP755596.1|A/cattle/Texas/24-008749-003/2024(H5N1)	1032	357
PB2|PP755596.1|A/cattle/Texas/24-008749-003/2024(H5N1)	1033	360
PB2|PP755596.1|A/cattle/Texas/24-008749-003/2024(H5N1)	1034	359
PB2|PP755596.1|A/cattle/Texas/24-008749-003/2024(H5N1)	1035	359
PB2|PP755596.1|A/cattle/Texas/24-008749-003/2024(H5N1)	1036	357
PB2|PP755596.1|A/cattle/Texas/24-008749-003/2024(H5N1)	1037	357
PB2|PP755596.1|A/cattle/Texas/24-008749-003/2024(H5N1)	1038	357
PB2|PP755596.1|A/cattle/Texas/24-008749-003/2024(H5N1)	1039	357
PB2|PP755596.1|A/cattle/Texas/24-008749-003/2024(H5N1)	1040	359
PB2|PP755596.1|A/cattle/Texas/24-008749-003/2024(H5N1)	1041	356
PB2|PP755596.1|A/cattle/Texas/24-008749-003/2024(H5N1)	1042	355
PB2|PP755596.1|A/cattle/Texas/24-008749-003/2024(H5N1)	1043	354
PB2|PP755596.1|A/cattle/Texas/24-008749-003/2024(H5N1)	1044	360
PB2|PP755596.1|A/cattle/Texas/24-008749-003/2024(H5N1)	1045	354
PB2|PP755596.1|A/cattle/Texas/24-008749-003/2024(H5N1)	1046	353
PB2|PP755596.1|A/cattle/Texas/24-008749-003/2024(H5N1)	1047	354
PB2|PP755596.1|A/cattle/Texas/24-008749-003/2024(H5N1)	1048	352
PB2|PP755596.1|A/cattle/Texas/24-008749-003/2024(H5N1)	1049	351
PB2|PP755596.1|A/cattle/Texas/24-008749-003/2024(H5N1)	1050	352
PB2|PP755596.1|A/cattle/Texas/24-008749-003/2024(H5N1)	1051	352
PB2|PP755596.1|A/cattle/Texas/24-008749-003/2024(H5N1)	1052	349
PB2|PP755596.1|A/cattle/Texas/24-008749-003/2024(H5N1)	1053	334
PB2|PP755596.1|A/cattle/Texas/24-008749-003/2024(H5N1)	1054	332
PB2|PP755596.1|A/cattle/Texas/24-008749-003/2024(H5N1)	1055	328
PB2|PP755596.1|A/cattle/Texas/24-008749-003/2024(H5N1)	1056	332
PB2|PP755596.1|A/cattle/Texas/24-008749-003/2024(H5N1)	1057	333
PB2|PP755596.1|A/cattle/Texas/24-008749-003/2024(H5N1)	1058	334
PB2|PP755596.1|A/cattle/Texas/24-008749-003/2024(H5N1)	1059	334
PB2|PP755596.1|A/cattle/Texas/24-008749-003/2024(H5N1)	1060	334
PB2|PP755596.1|A/cattle/Texas/24-008749-003/2024(H5N1)	1061	336
PB2|PP755596.1|A/cattle/Texas/24-008749-003/2024(H5N1)	1062	335
PB2|PP755596.1|A/cattle/Texas/24-008749-003/2024(H5N1)	1063	331
PB2|PP755596.1|A/cattle/Texas/24-008749-003/2024(H5N1)	1064	333
PB2|PP755596.1|A/cattle/Texas/24-008749-003/2024(H5N1)	1065	323
PB2|PP755596.1|A/cattle/Texas/24-008749-003/2024(H5N1)	1066	326
PB2|PP755596.1|A/cattle/Texas/24-008749-003/2024(H5N1)	1067	322
PB2|PP755596.1|A/cattle/Texas/24-008749-003/2024(H5N1)	1068	325
PB2|PP755596.1|A/cattle/Texas/24-008749-003/2024(H5N1)	1069	324
PB2|PP755596.1|A/cattle/Texas/24-008749-003/2024(H5N1)	1070	326
PB2|PP755596.1|A/cattle/Texas/24-008749-003/2024(H5N1)	1071	325
PB2|PP755596.1|A/cattle/Texas/24-008749-003/2024(H5N1)	1072	325
PB2|PP755596.1|A/cattle/Texas/24-008749-003/2024(H5N1)	1073	323
PB2|PP755596.1|A/cattle/Texas/24-008749-003/2024(H5N1)	1074	325
PB2|PP755596.1|A/cattle/Texas/24-008749-003/2024(H5N1)	1075	326
PB2|PP755596.1|A/cattle/Texas/24-008749-003/2024(H5N1)	1076	340
PB2|PP755596.1|A/cattle/Texas/24-008749-003/2024(H5N1)	1077	342
PB2|PP755596.1|A/cattle/Texas/24-008749-003/2024(H5N1)	1078	336
PB2|PP755596.1|A/cattle/Texas/24-008749-003/2024(H5N1)	1079	336
PB2|PP755596.1|A/cattle/Texas/24-008749-003/2024(H5N1)	1080	339
PB2|PP755596.1|A/cattle/Texas/24-008749-003/2024(H5N1)	1081	341
PB2|PP755596.1|A/cattle/Texas/24-008749-003/2024(H5N1)	1082	338
PB2|PP755596.1|A/cattle/Texas/24-008749-003/2024(H5N1)	1083	333
PB2|PP755596.1|A/cattle/Texas/24-008749-003/2024(H5N1)	1084	334
PB2|PP755596.1|A/cattle/Texas/24-008749-003/2024(H5N1)	1085	319
PB2|PP755596.1|A/cattle/Texas/24-008749-003/2024(H5N1)	1086	324
PB2|PP755596.1|A/cattle/Texas/24-008749-003/2024(H5N1)	1087	324
PB2|PP755596.1|A/cattle/Texas/24-008749-003/2024(H5N1)	1088	324
PB2|PP755596.1|A/cattle/Texas/24-008749-003/2024(H5N1)	1089	313
PB2|PP755596.1|A/cattle/Texas/24-008749-003/2024(H5N1)	1090	312
PB2|PP755596.1|A/cattle/Texas/24-008749-003/2024(H5N1)	1091	312
PB2|PP755596.1|A/cattle/Texas/24-008749-003/2024(H5N1)	1092	312
PB2|PP755596.1|A/cattle/Texas/24-008749-003/2024(H5N1)	1093	313
PB2|PP755596.1|A/cattle/Texas/24-008749-003/2024(H5N1)	1094	318
PB2|PP755596.1|A/cattle/Texas/24-008749-003/2024(H5N1)	1095	319
PB2|PP755596.1|A/cattle/Texas/24-008749-003/2024(H5N1)	1096	322
PB2|PP755596.1|A/cattle/Texas/24-008749-003/2024(H5N1)	1097	322
PB2|PP755596.1|A/cattle/Texas/24-008749-003/2024(H5N1)	1098	321
PB2|PP755596.1|A/cattle/Texas/24-008749-003/2024(H5N1)	1099	321
PB2|PP755596.1|A/cattle/Texas/24-008749-003/2024(H5N1)	1100	318
PB2|PP755596.1|A/cattle/Texas/24-008749-003/2024(H5N1)	1101	318
PB2|PP755596.1|A/cattle/Texas/24-008749-003/2024(H5N1)	1102	317
PB2|PP755596.1|A/cattle/Texas/24-008749-003/2024(H5N1)	1103	318
PB2|PP755596.1|A/cattle/Texas/24-008749-003/2024(H5N1)	1104	316
PB2|PP755596.1|A/cattle/Texas/24-008749-003/2024(H5N1)	1105	312
PB2|PP755596.1|A/cattle/Texas/24-008749-003/2024(H5N1)	1106	313
PB2|PP755596.1|A/cattle/Texas/24-008749-003/2024(H5N1)	1107	311
PB2|PP755596.1|A/cattle/Texas/24-008749-003/2024(H5N1)	1108	310
PB2|PP755596.1|A/cattle/Texas/24-008749-003/2024(H5N1)	1109	311
PB2|PP755596.1|A/cattle/Texas/24-008749-003/2024(H5N1)	1110	309
PB2|PP755596.1|A/cattle/Texas/24-008749-003/2024(H5N1)	1111	309
PB2|PP755596.1|A/cattle/Texas/24-008749-003/2024(H5N1)	1112	309
PB2|PP755596.1|A/cattle/Texas/24-008749-003/2024(H5N1)	1113	311
PB2|PP755596.1|A/cattle/Texas/24-008749-003/2024(H5N1)	1114	315
PB2|PP755596.1|A/cattle/Texas/24-008749-003/2024(H5N1)	1115	313
PB2|PP755596.1|A/cattle/Texas/24-008749-003/2024(H5N1)	1116	313
PB2|PP755596.1|A/cattle/Texas/24-008749-003/2024(H5N1)	1117	318
PB2|PP755596.1|A/cattle/Texas/24-008749-003/2024(H5N1)	1118	319
PB2|PP755596.1|A/cattle/Texas/24-008749-003/2024(H5N1)	1119	320
PB2|PP755596.1|A/cattle/Texas/24-008749-003/2024(H5N1)	1120	320
PB2|PP755596.1|A/cattle/Texas/24-008749-003/2024(H5N1)	1121	317
PB2|PP755596.1|A/cattle/Texas/24-008749-003/2024(H5N1)	1122	316
PB2|PP755596.1|A/cattle/Texas/24-008749-003/2024(H5N1)	1123	316
PB2|PP755596.1|A/cattle/Texas/24-008749-003/2024(H5N1)	1124	315
PB2|PP755596.1|A/cattle/Texas/24-008749-003/2024(H5N1)	1125	314
PB2|PP755596.1|A/cattle/Texas/24-008749-003/2024(H5N1)	1126	315
PB2|PP755596.1|A/cattle/Texas/24-008749-003/2024(H5N1)	1127	315
PB2|PP755596.1|A/cattle/Texas/24-008749-003/2024(H5N1)	1128	315
PB2|PP755596.1|A/cattle/Texas/24-008749-003/2024(H5N1)	1129	316
PB2|PP755596.1|A/cattle/Texas/24-008749-003/2024(H5N1)	1130	316
PB2|PP755596.1|A/cattle/Texas/24-008749-003/2024(H5N1)	1131	316
PB2|PP755596.1|A/cattle/Texas/24-008749-003/2024(H5N1)	1132	320
PB2|PP755596.1|A/cattle/Texas/24-008749-003/2024(H5N1)	1133	317
PB2|PP755596.1|A/cattle/Texas/24-008749-003/2024(H5N1)	1134	316
PB2|PP755596.1|A/cattle/Texas/24-008749-003/2024(H5N1)	1135	314
PB2|PP755596.1|A/cattle/Texas/24-008749-003/2024(H5N1)	1136	314
PB2|PP755596.1|A/cattle/Texas/24-008749-003/2024(H5N1)	1137	316
PB2|PP755596.1|A/cattle/Texas/24-008749-003/2024(H5N1)	1138	315
PB2|PP755596.1|A/cattle/Texas/24-008749-003/2024(H5N1)	1139	316
PB2|PP755596.1|A/cattle/Texas/24-008749-003/2024(H5N1)	1140	321
PB2|PP755596.1|A/cattle/Texas/24-008749-003/2024(H5N1)	1141	323
PB2|PP755596.1|A/cattle/Texas/24-008749-003/2024(H5N1)	1142	321
PB2|PP755596.1|A/cattle/Texas/24-008749-003/2024(H5N1)	1143	322
PB2|PP755596.1|A/cattle/Texas/24-008749-003/2024(H5N1)	1144	326
PB2|PP755596.1|A/cattle/Texas/24-008749-003/2024(H5N1)	1145	326
PB2|PP755596.1|A/cattle/Texas/24-008749-003/2024(H5N1)	1146	326
PB2|PP755596.1|A/cattle/Texas/24-008749-003/2024(H5N1)	1147	323
PB2|PP755596.1|A/cattle/Texas/24-008749-003/2024(H5N1)	1148	331
PB2|PP755596.1|A/cattle/Texas/24-008749-003/2024(H5N1)	1149	336
PB2|PP755596.1|A/cattle/Texas/24-008749-003/2024(H5N1)	1150	335
PB2|PP755596.1|A/cattle/Texas/24-008749-003/2024(H5N1)	1151	335
PB2|PP755596.1|A/cattle/Texas/24-008749-003/2024(H5N1)	1152	337
PB2|PP755596.1|A/cattle/Texas/24-008749-003/2024(H5N1)	1153	338
PB2|PP755596.1|A/cattle/Texas/24-008749-003/2024(H5N1)	1154	338
PB2|PP755596.1|A/cattle/Texas/24-008749-003/2024(H5N1)	1155	338
PB2|PP755596.1|A/cattle/Texas/24-008749-003/2024(H5N1)	1156	341
PB2|PP755596.1|A/cattle/Texas/24-008749-003/2024(H5N1)	1157	337
PB2|PP755596.1|A/cattle/Texas/24-008749-003/2024(H5N1)	1158	336
PB2|PP755596.1|A/cattle/Texas/24-008749-003/2024(H5N1)	1159	335
PB2|PP755596.1|A/cattle/Texas/24-008749-003/2024(H5N1)	1160	339
PB2|PP755596.1|A/cattle/Texas/24-008749-003/2024(H5N1)	1161	344
PB2|PP755596.1|A/cattle/Texas/24-008749-003/2024(H5N1)	1162	344
PB2|PP755596.1|A/cattle/Texas/24-008749-003/2024(H5N1)	1163	342
PB2|PP755596.1|A/cattle/Texas/24-008749-003/2024(H5N1)	1164	340
PB2|PP755596.1|A/cattle/Texas/24-008749-003/2024(H5N1)	1165	337
PB2|PP755596.1|A/cattle/Texas/24-008749-003/2024(H5N1)	1166	340
PB2|PP755596.1|A/cattle/Texas/24-008749-003/2024(H5N1)	1167	341
PB2|PP755596.1|A/cattle/Texas/24-008749-003/2024(H5N1)	1168	343
PB2|PP755596.1|A/cattle/Texas/24-008749-003/2024(H5N1)	1169	347
PB2|PP755596.1|A/cattle/Texas/24-008749-003/2024(H5N1)	1170	348
PB2|PP755596.1|A/cattle/Texas/24-008749-003/2024(H5N1)	1171	348
PB2|PP755596.1|A/cattle/Texas/24-008749-003/2024(H5N1)	1172	348
PB2|PP755596.1|A/cattle/Texas/24-008749-003/2024(H5N1)	1173	345
PB2|PP755596.1|A/cattle/Texas/24-008749-003/2024(H5N1)	1174	344
PB2|PP755596.1|A/cattle/Texas/24-008749-003/2024(H5N1)	1175	343
PB2|PP755596.1|A/cattle/Texas/24-008749-003/2024(H5N1)	1176	342
PB2|PP755596.1|A/cattle/Texas/24-008749-003/2024(H5N1)	1177	342
PB2|PP755596.1|A/cattle/Texas/24-008749-003/2024(H5N1)	1178	345
PB2|PP755596.1|A/cattle/Texas/24-008749-003/2024(H5N1)	1179	345
PB2|PP755596.1|A/cattle/Texas/24-008749-003/2024(H5N1)	1180	345
PB2|PP755596.1|A/cattle/Texas/24-008749-003/2024(H5N1)	1181	344
PB2|PP755596.1|A/cattle/Texas/24-008749-003/2024(H5N1)	1182	344
PB2|PP755596.1|A/cattle/Texas/24-008749-003/2024(H5N1)	1183	344
PB2|PP755596.1|A/cattle/Texas/24-008749-003/2024(H5N1)	1184	342
PB2|PP755596.1|A/cattle/Texas/24-008749-003/2024(H5N1)	1185	340
PB2|PP755596.1|A/cattle/Texas/24-008749-003/2024(H5N1)	1186	341
PB2|PP755596.1|A/cattle/Texas/24-008749-003/2024(H5N1)	1187	341
PB2|PP755596.1|A/cattle/Texas/24-008749-003/2024(H5N1)	1188	343
PB2|PP755596.1|A/cattle/Texas/24-008749-003/2024(H5N1)	1189	342
PB2|PP755596.1|A/cattle/Texas/24-008749-003/2024(H5N1)	1190	354
PB2|PP755596.1|A/cattle/Texas/24-008749-003/2024(H5N1)	1191	354
PB2|PP755596.1|A/cattle/Texas/24-008749-003/2024(H5N1)	1192	354
PB2|PP755596.1|A/cattle/Texas/24-008749-003/2024(H5N1)	1193	353
PB2|PP755596.1|A/cattle/Texas/24-008749-003/2024(H5N1)	1194	353
PB2|PP755596.1|A/cattle/Texas/24-008749-003/2024(H5N1)	1195	354
PB2|PP755596.1|A/cattle/Texas/24-008749-003/2024(H5N1)	1196	354
PB2|PP755596.1|A/cattle/Texas/24-008749-003/2024(H5N1)	1197	348
PB2|PP755596.1|A/cattle/Texas/24-008749-003/2024(H5N1)	1198	352
PB2|PP755596.1|A/cattle/Texas/24-008749-003/2024(H5N1)	1199	345
PB2|PP755596.1|A/cattle/Texas/24-008749-003/2024(H5N1)	1200	348
PB2|PP755596.1|A/cattle/Texas/24-008749-003/2024(H5N1)	1201	348
PB2|PP755596.1|A/cattle/Texas/24-008749-003/2024(H5N1)	1202	349
PB2|PP755596.1|A/cattle/Texas/24-008749-003/2024(H5N1)	1203	344
PB2|PP755596.1|A/cattle/Texas/24-008749-003/2024(H5N1)	1204	343
PB2|PP755596.1|A/cattle/Texas/24-008749-003/2024(H5N1)	1205	345
PB2|PP755596.1|A/cattle/Texas/24-008749-003/2024(H5N1)	1206	346
PB2|PP755596.1|A/cattle/Texas/24-008749-003/2024(H5N1)	1207	356
PB2|PP755596.1|A/cattle/Texas/24-008749-003/2024(H5N1)	1208	356
PB2|PP755596.1|A/cattle/Texas/24-008749-003/2024(H5N1)	1209	358
PB2|PP755596.1|A/cattle/Texas/24-008749-003/2024(H5N1)	1210	355
PB2|PP755596.1|A/cattle/Texas/24-008749-003/2024(H5N1)	1211	359
PB2|PP755596.1|A/cattle/Texas/24-008749-003/2024(H5N1)	1212	361
PB2|PP755596.1|A/cattle/Texas/24-008749-003/2024(H5N1)	1213	361
PB2|PP755596.1|A/cattle/Texas/24-008749-003/2024(H5N1)	1214	371
PB2|PP755596.1|A/cattle/Texas/24-008749-003/2024(H5N1)	1215	368
PB2|PP755596.1|A/cattle/Texas/24-008749-003/2024(H5N1)	1216	368
PB2|PP755596.1|A/cattle/Texas/24-008749-003/2024(H5N1)	1217	366
PB2|PP755596.1|A/cattle/Texas/24-008749-003/2024(H5N1)	1218	361
PB2|PP755596.1|A/cattle/Texas/24-008749-003/2024(H5N1)	1219	363
PB2|PP755596.1|A/cattle/Texas/24-008749-003/2024(H5N1)	1220	362
PB2|PP755596.1|A/cattle/Texas/24-008749-003/2024(H5N1)	1221	363
PB2|PP755596.1|A/cattle/Texas/24-008749-003/2024(H5N1)	1222	364
PB2|PP755596.1|A/cattle/Texas/24-008749-003/2024(H5N1)	1223	371
PB2|PP755596.1|A/cattle/Texas/24-008749-003/2024(H5N1)	1224	377
PB2|PP755596.1|A/cattle/Texas/24-008749-003/2024(H5N1)	1225	374
PB2|PP755596.1|A/cattle/Texas/24-008749-003/2024(H5N1)	1226	376
PB2|PP755596.1|A/cattle/Texas/24-008749-003/2024(H5N1)	1227	383
PB2|PP755596.1|A/cattle/Texas/24-008749-003/2024(H5N1)	1228	383
PB2|PP755596.1|A/cattle/Texas/24-008749-003/2024(H5N1)	1229	382
PB2|PP755596.1|A/cattle/Texas/24-008749-003/2024(H5N1)	1230	389
PB2|PP755596.1|A/cattle/Texas/24-008749-003/2024(H5N1)	1231	392
PB2|PP755596.1|A/cattle/Texas/24-008749-003/2024(H5N1)	1232	392
PB2|PP755596.1|A/cattle/Texas/24-008749-003/2024(H5N1)	1233	388
PB2|PP755596.1|A/cattle/Texas/24-008749-003/2024(H5N1)	1234	390
PB2|PP755596.1|A/cattle/Texas/24-008749-003/2024(H5N1)	1235	391
PB2|PP755596.1|A/cattle/Texas/24-008749-003/2024(H5N1)	1236	390
PB2|PP755596.1|A/cattle/Texas/24-008749-003/2024(H5N1)	1237	394
PB2|PP755596.1|A/cattle/Texas/24-008749-003/2024(H5N1)	1238	393
PB2|PP755596.1|A/cattle/Texas/24-008749-003/2024(H5N1)	1239	381
PB2|PP755596.1|A/cattle/Texas/24-008749-003/2024(H5N1)	1240	387
PB2|PP755596.1|A/cattle/Texas/24-008749-003/2024(H5N1)	1241	389
PB2|PP755596.1|A/cattle/Texas/24-008749-003/2024(H5N1)	1242	389
PB2|PP755596.1|A/cattle/Texas/24-008749-003/2024(H5N1)	1243	392
PB2|PP755596.1|A/cattle/Texas/24-008749-003/2024(H5N1)	1244	392
PB2|PP755596.1|A/cattle/Texas/24-008749-003/2024(H5N1)	1245	392
PB2|PP755596.1|A/cattle/Texas/24-008749-003/2024(H5N1)	1246	391
PB2|PP755596.1|A/cattle/Texas/24-008749-003/2024(H5N1)	1247	391
PB2|PP755596.1|A/cattle/Texas/24-008749-003/2024(H5N1)	1248	387
PB2|PP755596.1|A/cattle/Texas/24-008749-003/2024(H5N1)	1249	385
PB2|PP755596.1|A/cattle/Texas/24-008749-003/2024(H5N1)	1250	390
PB2|PP755596.1|A/cattle/Texas/24-008749-003/2024(H5N1)	1251	390
PB2|PP755596.1|A/cattle/Texas/24-008749-003/2024(H5N1)	1252	388
PB2|PP755596.1|A/cattle/Texas/24-008749-003/2024(H5N1)	1253	388
PB2|PP755596.1|A/cattle/Texas/24-008749-003/2024(H5N1)	1254	391
PB2|PP755596.1|A/cattle/Texas/24-008749-003/2024(H5N1)	1255	389
PB2|PP755596.1|A/cattle/Texas/24-008749-003/2024(H5N1)	1256	389
PB2|PP755596.1|A/cattle/Texas/24-008749-003/2024(H5N1)	1257	389
PB2|PP755596.1|A/cattle/Texas/24-008749-003/2024(H5N1)	1258	390
PB2|PP755596.1|A/cattle/Texas/24-008749-003/2024(H5N1)	1259	389
PB2|PP755596.1|A/cattle/Texas/24-008749-003/2024(H5N1)	1260	391
PB2|PP755596.1|A/cattle/Texas/24-008749-003/2024(H5N1)	1261	393
PB2|PP755596.1|A/cattle/Texas/24-008749-003/2024(H5N1)	1262	394
PB2|PP755596.1|A/cattle/Texas/24-008749-003/2024(H5N1)	1263	395
PB2|PP755596.1|A/cattle/Texas/24-008749-003/2024(H5N1)	1264	395
PB2|PP755596.1|A/cattle/Texas/24-008749-003/2024(H5N1)	1265	395
PB2|PP755596.1|A/cattle/Texas/24-008749-003/2024(H5N1)	1266	395
PB2|PP755596.1|A/cattle/Texas/24-008749-003/2024(H5N1)	1267	393
PB2|PP755596.1|A/cattle/Texas/24-008749-003/2024(H5N1)	1268	394
PB2|PP755596.1|A/cattle/Texas/24-008749-003/2024(H5N1)	1269	396
PB2|PP755596.1|A/cattle/Texas/24-008749-003/2024(H5N1)	1270	394
PB2|PP755596.1|A/cattle/Texas/24-008749-003/2024(H5N1)	1271	391
PB2|PP755596.1|A/cattle/Texas/24-008749-003/2024(H5N1)	1272	391
PB2|PP755596.1|A/cattle/Texas/24-008749-003/2024(H5N1)	1273	391
PB2|PP755596.1|A/cattle/Texas/24-008749-003/2024(H5N1)	1274	393
PB2|PP755596.1|A/cattle/Texas/24-008749-003/2024(H5N1)	1275	392
PB2|PP755596.1|A/cattle/Texas/24-008749-003/2024(H5N1)	1276	393
PB2|PP755596.1|A/cattle/Texas/24-008749-003/2024(H5N1)	1277	390
PB2|PP755596.1|A/cattle/Texas/24-008749-003/2024(H5N1)	1278	391
PB2|PP755596.1|A/cattle/Texas/24-008749-003/2024(H5N1)	1279	388
PB2|PP755596.1|A/cattle/Texas/24-008749-003/2024(H5N1)	1280	388
PB2|PP755596.1|A/cattle/Texas/24-008749-003/2024(H5N1)	1281	388
PB2|PP755596.1|A/cattle/Texas/24-008749-003/2024(H5N1)	1282	384
PB2|PP755596.1|A/cattle/Texas/24-008749-003/2024(H5N1)	1283	383
PB2|PP755596.1|A/cattle/Texas/24-008749-003/2024(H5N1)	1284	383
PB2|PP755596.1|A/cattle/Texas/24-008749-003/2024(H5N1)	1285	386
PB2|PP755596.1|A/cattle/Texas/24-008749-003/2024(H5N1)	1286	392
PB2|PP755596.1|A/cattle/Texas/24-008749-003/2024(H5N1)	1287	393
PB2|PP755596.1|A/cattle/Texas/24-008749-003/2024(H5N1)	1288	392
PB2|PP755596.1|A/cattle/Texas/24-008749-003/2024(H5N1)	1289	400
PB2|PP755596.1|A/cattle/Texas/24-008749-003/2024(H5N1)	1290	396
PB2|PP755596.1|A/cattle/Texas/24-008749-003/2024(H5N1)	1291	396
PB2|PP755596.1|A/cattle/Texas/24-008749-003/2024(H5N1)	1292	398
PB2|PP755596.1|A/cattle/Texas/24-008749-003/2024(H5N1)	1293	401
PB2|PP755596.1|A/cattle/Texas/24-008749-003/2024(H5N1)	1294	400
PB2|PP755596.1|A/cattle/Texas/24-008749-003/2024(H5N1)	1295	398
PB2|PP755596.1|A/cattle/Texas/24-008749-003/2024(H5N1)	1296	398
PB2|PP755596.1|A/cattle/Texas/24-008749-003/2024(H5N1)	1297	398
PB2|PP755596.1|A/cattle/Texas/24-008749-003/2024(H5N1)	1298	398
PB2|PP755596.1|A/cattle/Texas/24-008749-003/2024(H5N1)	1299	399
PB2|PP755596.1|A/cattle/Texas/24-008749-003/2024(H5N1)	1300	399
PB2|PP755596.1|A/cattle/Texas/24-008749-003/2024(H5N1)	1301	400
PB2|PP755596.1|A/cattle/Texas/24-008749-003/2024(H5N1)	1302	398
PB2|PP755596.1|A/cattle/Texas/24-008749-003/2024(H5N1)	1303	395
PB2|PP755596.1|A/cattle/Texas/24-008749-003/2024(H5N1)	1304	395
PB2|PP755596.1|A/cattle/Texas/24-008749-003/2024(H5N1)	1305	392
PB2|PP755596.1|A/cattle/Texas/24-008749-003/2024(H5N1)	1306	392
PB2|PP755596.1|A/cattle/Texas/24-008749-003/2024(H5N1)	1307	390
PB2|PP755596.1|A/cattle/Texas/24-008749-003/2024(H5N1)	1308	388
PB2|PP755596.1|A/cattle/Texas/24-008749-003/2024(H5N1)	1309	387
PB2|PP755596.1|A/cattle/Texas/24-008749-003/2024(H5N1)	1310	385
PB2|PP755596.1|A/cattle/Texas/24-008749-003/2024(H5N1)	1311	378
PB2|PP755596.1|A/cattle/Texas/24-008749-003/2024(H5N1)	1312	379
PB2|PP755596.1|A/cattle/Texas/24-008749-003/2024(H5N1)	1313	382
PB2|PP755596.1|A/cattle/Texas/24-008749-003/2024(H5N1)	1314	378
PB2|PP755596.1|A/cattle/Texas/24-008749-003/2024(H5N1)	1315	377
PB2|PP755596.1|A/cattle/Texas/24-008749-003/2024(H5N1)	1316	377
PB2|PP755596.1|A/cattle/Texas/24-008749-003/2024(H5N1)	1317	377
PB2|PP755596.1|A/cattle/Texas/24-008749-003/2024(H5N1)	1318	376
PB2|PP755596.1|A/cattle/Texas/24-008749-003/2024(H5N1)	1319	375
PB2|PP755596.1|A/cattle/Texas/24-008749-003/2024(H5N1)	1320	368
PB2|PP755596.1|A/cattle/Texas/24-008749-003/2024(H5N1)	1321	363
PB2|PP755596.1|A/cattle/Texas/24-008749-003/2024(H5N1)	1322	367
PB2|PP755596.1|A/cattle/Texas/24-008749-003/2024(H5N1)	1323	369
PB2|PP755596.1|A/cattle/Texas/24-008749-003/2024(H5N1)	1324	370
PB2|PP755596.1|A/cattle/Texas/24-008749-003/2024(H5N1)	1325	363
PB2|PP755596.1|A/cattle/Texas/24-008749-003/2024(H5N1)	1326	367
PB2|PP755596.1|A/cattle/Texas/24-008749-003/2024(H5N1)	1327	372
PB2|PP755596.1|A/cattle/Texas/24-008749-003/2024(H5N1)	1328	371
PB2|PP755596.1|A/cattle/Texas/24-008749-003/2024(H5N1)	1329	369
PB2|PP755596.1|A/cattle/Texas/24-008749-003/2024(H5N1)	1330	370
PB2|PP755596.1|A/cattle/Texas/24-008749-003/2024(H5N1)	1331	368
PB2|PP755596.1|A/cattle/Texas/24-008749-003/2024(H5N1)	1332	367
PB2|PP755596.1|A/cattle/Texas/24-008749-003/2024(H5N1)	1333	366
PB2|PP755596.1|A/cattle/Texas/24-008749-003/2024(H5N1)	1334	366
PB2|PP755596.1|A/cattle/Texas/24-008749-003/2024(H5N1)	1335	366
PB2|PP755596.1|A/cattle/Texas/24-008749-003/2024(H5N1)	1336	369
PB2|PP755596.1|A/cattle/Texas/24-008749-003/2024(H5N1)	1337	370
PB2|PP755596.1|A/cattle/Texas/24-008749-003/2024(H5N1)	1338	370
PB2|PP755596.1|A/cattle/Texas/24-008749-003/2024(H5N1)	1339	374
PB2|PP755596.1|A/cattle/Texas/24-008749-003/2024(H5N1)	1340	374
PB2|PP755596.1|A/cattle/Texas/24-008749-003/2024(H5N1)	1341	374
PB2|PP755596.1|A/cattle/Texas/24-008749-003/2024(H5N1)	1342	373
PB2|PP755596.1|A/cattle/Texas/24-008749-003/2024(H5N1)	1343	373
PB2|PP755596.1|A/cattle/Texas/24-008749-003/2024(H5N1)	1344	369
PB2|PP755596.1|A/cattle/Texas/24-008749-003/2024(H5N1)	1345	366
PB2|PP755596.1|A/cattle/Texas/24-008749-003/2024(H5N1)	1346	369
PB2|PP755596.1|A/cattle/Texas/24-008749-003/2024(H5N1)	1347	369
PB2|PP755596.1|A/cattle/Texas/24-008749-003/2024(H5N1)	1348	374
PB2|PP755596.1|A/cattle/Texas/24-008749-003/2024(H5N1)	1349	374
PB2|PP755596.1|A/cattle/Texas/24-008749-003/2024(H5N1)	1350	374
PB2|PP755596.1|A/cattle/Texas/24-008749-003/2024(H5N1)	1351	375
PB2|PP755596.1|A/cattle/Texas/24-008749-003/2024(H5N1)	1352	375
PB2|PP755596.1|A/cattle/Texas/24-008749-003/2024(H5N1)	1353	374
PB2|PP755596.1|A/cattle/Texas/24-008749-003/2024(H5N1)	1354	373
PB2|PP755596.1|A/cattle/Texas/24-008749-003/2024(H5N1)	1355	371
PB2|PP755596.1|A/cattle/Texas/24-008749-003/2024(H5N1)	1356	358
PB2|PP755596.1|A/cattle/Texas/24-008749-003/2024(H5N1)	1357	361
PB2|PP755596.1|A/cattle/Texas/24-008749-003/2024(H5N1)	1358	375
PB2|PP755596.1|A/cattle/Texas/24-008749-003/2024(H5N1)	1359	376
PB2|PP755596.1|A/cattle/Texas/24-008749-003/2024(H5N1)	1360	376
PB2|PP755596.1|A/cattle/Texas/24-008749-003/2024(H5N1)	1361	377
PB2|PP755596.1|A/cattle/Texas/24-008749-003/2024(H5N1)	1362	378
PB2|PP755596.1|A/cattle/Texas/24-008749-003/2024(H5N1)	1363	380
PB2|PP755596.1|A/cattle/Texas/24-008749-003/2024(H5N1)	1364	380
PB2|PP755596.1|A/cattle/Texas/24-008749-003/2024(H5N1)	1365	379
PB2|PP755596.1|A/cattle/Texas/24-008749-003/2024(H5N1)	1366	372
PB2|PP755596.1|A/cattle/Texas/24-008749-003/2024(H5N1)	1367	375
PB2|PP755596.1|A/cattle/Texas/24-008749-003/2024(H5N1)	1368	370
PB2|PP755596.1|A/cattle/Texas/24-008749-003/2024(H5N1)	1369	370
PB2|PP755596.1|A/cattle/Texas/24-008749-003/2024(H5N1)	1370	366
PB2|PP755596.1|A/cattle/Texas/24-008749-003/2024(H5N1)	1371	367
PB2|PP755596.1|A/cattle/Texas/24-008749-003/2024(H5N1)	1372	369
PB2|PP755596.1|A/cattle/Texas/24-008749-003/2024(H5N1)	1373	368
PB2|PP755596.1|A/cattle/Texas/24-008749-003/2024(H5N1)	1374	367
PB2|PP755596.1|A/cattle/Texas/24-008749-003/2024(H5N1)	1375	370
PB2|PP755596.1|A/cattle/Texas/24-008749-003/2024(H5N1)	1376	363
PB2|PP755596.1|A/cattle/Texas/24-008749-003/2024(H5N1)	1377	365
PB2|PP755596.1|A/cattle/Texas/24-008749-003/2024(H5N1)	1378	364
PB2|PP755596.1|A/cattle/Texas/24-008749-003/2024(H5N1)	1379	367
PB2|PP755596.1|A/cattle/Texas/24-008749-003/2024(H5N1)	1380	370
PB2|PP755596.1|A/cattle/Texas/24-008749-003/2024(H5N1)	1381	372
PB2|PP755596.1|A/cattle/Texas/24-008749-003/2024(H5N1)	1382	372
PB2|PP755596.1|A/cattle/Texas/24-008749-003/2024(H5N1)	1383	372
PB2|PP755596.1|A/cattle/Texas/24-008749-003/2024(H5N1)	1384	373
PB2|PP755596.1|A/cattle/Texas/24-008749-003/2024(H5N1)	1385	372
PB2|PP755596.1|A/cattle/Texas/24-008749-003/2024(H5N1)	1386	371
PB2|PP755596.1|A/cattle/Texas/24-008749-003/2024(H5N1)	1387	381
PB2|PP755596.1|A/cattle/Texas/24-008749-003/2024(H5N1)	1388	381
PB2|PP755596.1|A/cattle/Texas/24-008749-003/2024(H5N1)	1389	377
PB2|PP755596.1|A/cattle/Texas/24-008749-003/2024(H5N1)	1390	382
PB2|PP755596.1|A/cattle/Texas/24-008749-003/2024(H5N1)	1391	379
PB2|PP755596.1|A/cattle/Texas/24-008749-003/2024(H5N1)	1392	380
PB2|PP755596.1|A/cattle/Texas/24-008749-003/2024(H5N1)	1393	380
PB2|PP755596.1|A/cattle/Texas/24-008749-003/2024(H5N1)	1394	376
PB2|PP755596.1|A/cattle/Texas/24-008749-003/2024(H5N1)	1395	376
PB2|PP755596.1|A/cattle/Texas/24-008749-003/2024(H5N1)	1396	374
PB2|PP755596.1|A/cattle/Texas/24-008749-003/2024(H5N1)	1397	380
PB2|PP755596.1|A/cattle/Texas/24-008749-003/2024(H5N1)	1398	373
PB2|PP755596.1|A/cattle/Texas/24-008749-003/2024(H5N1)	1399	373
PB2|PP755596.1|A/cattle/Texas/24-008749-003/2024(H5N1)	1400	371
PB2|PP755596.1|A/cattle/Texas/24-008749-003/2024(H5N1)	1401	369
PB2|PP755596.1|A/cattle/Texas/24-008749-003/2024(H5N1)	1402	377
PB2|PP755596.1|A/cattle/Texas/24-008749-003/2024(H5N1)	1403	374
PB2|PP755596.1|A/cattle/Texas/24-008749-003/2024(H5N1)	1404	373
PB2|PP755596.1|A/cattle/Texas/24-008749-003/2024(H5N1)	1405	377
PB2|PP755596.1|A/cattle/Texas/24-008749-003/2024(H5N1)	1406	376
PB2|PP755596.1|A/cattle/Texas/24-008749-003/2024(H5N1)	1407	375
PB2|PP755596.1|A/cattle/Texas/24-008749-003/2024(H5N1)	1408	375
PB2|PP755596.1|A/cattle/Texas/24-008749-003/2024(H5N1)	1409	377
PB2|PP755596.1|A/cattle/Texas/24-008749-003/2024(H5N1)	1410	374
PB2|PP755596.1|A/cattle/Texas/24-008749-003/2024(H5N1)	1411	371
PB2|PP755596.1|A/cattle/Texas/24-008749-003/2024(H5N1)	1412	386
PB2|PP755596.1|A/cattle/Texas/24-008749-003/2024(H5N1)	1413	385
PB2|PP755596.1|A/cattle/Texas/24-008749-003/2024(H5N1)	1414	386
PB2|PP755596.1|A/cattle/Texas/24-008749-003/2024(H5N1)	1415	390
PB2|PP755596.1|A/cattle/Texas/24-008749-003/2024(H5N1)	1416	392
PB2|PP755596.1|A/cattle/Texas/24-008749-003/2024(H5N1)	1417	392
PB2|PP755596.1|A/cattle/Texas/24-008749-003/2024(H5N1)	1418	386
PB2|PP755596.1|A/cattle/Texas/24-008749-003/2024(H5N1)	1419	384
PB2|PP755596.1|A/cattle/Texas/24-008749-003/2024(H5N1)	1420	379
PB2|PP755596.1|A/cattle/Texas/24-008749-003/2024(H5N1)	1421	378
PB2|PP755596.1|A/cattle/Texas/24-008749-003/2024(H5N1)	1422	378
PB2|PP755596.1|A/cattle/Texas/24-008749-003/2024(H5N1)	1423	378
PB2|PP755596.1|A/cattle/Texas/24-008749-003/2024(H5N1)	1424	377
PB2|PP755596.1|A/cattle/Texas/24-008749-003/2024(H5N1)	1425	379
PB2|PP755596.1|A/cattle/Texas/24-008749-003/2024(H5N1)	1426	379
PB2|PP755596.1|A/cattle/Texas/24-008749-003/2024(H5N1)	1427	394
PB2|PP755596.1|A/cattle/Texas/24-008749-003/2024(H5N1)	1428	395
PB2|PP755596.1|A/cattle/Texas/24-008749-003/2024(H5N1)	1429	394
PB2|PP755596.1|A/cattle/Texas/24-008749-003/2024(H5N1)	1430	397
PB2|PP755596.1|A/cattle/Texas/24-008749-003/2024(H5N1)	1431	395
PB2|PP755596.1|A/cattle/Texas/24-008749-003/2024(H5N1)	1432	395
PB2|PP755596.1|A/cattle/Texas/24-008749-003/2024(H5N1)	1433	395
PB2|PP755596.1|A/cattle/Texas/24-008749-003/2024(H5N1)	1434	394
PB2|PP755596.1|A/cattle/Texas/24-008749-003/2024(H5N1)	1435	396
PB2|PP755596.1|A/cattle/Texas/24-008749-003/2024(H5N1)	1436	397
PB2|PP755596.1|A/cattle/Texas/24-008749-003/2024(H5N1)	1437	398
PB2|PP755596.1|A/cattle/Texas/24-008749-003/2024(H5N1)	1438	399
PB2|PP755596.1|A/cattle/Texas/24-008749-003/2024(H5N1)	1439	393
PB2|PP755596.1|A/cattle/Texas/24-008749-003/2024(H5N1)	1440	388
PB2|PP755596.1|A/cattle/Texas/24-008749-003/2024(H5N1)	1441	384
PB2|PP755596.1|A/cattle/Texas/24-008749-003/2024(H5N1)	1442	385
PB2|PP755596.1|A/cattle/Texas/24-008749-003/2024(H5N1)	1443	392
PB2|PP755596.1|A/cattle/Texas/24-008749-003/2024(H5N1)	1444	396
PB2|PP755596.1|A/cattle/Texas/24-008749-003/2024(H5N1)	1445	398
PB2|PP755596.1|A/cattle/Texas/24-008749-003/2024(H5N1)	1446	397
PB2|PP755596.1|A/cattle/Texas/24-008749-003/2024(H5N1)	1447	397
PB2|PP755596.1|A/cattle/Texas/24-008749-003/2024(H5N1)	1448	398
PB2|PP755596.1|A/cattle/Texas/24-008749-003/2024(H5N1)	1449	397
PB2|PP755596.1|A/cattle/Texas/24-008749-003/2024(H5N1)	1450	401
PB2|PP755596.1|A/cattle/Texas/24-008749-003/2024(H5N1)	1451	400
PB2|PP755596.1|A/cattle/Texas/24-008749-003/2024(H5N1)	1452	396
PB2|PP755596.1|A/cattle/Texas/24-008749-003/2024(H5N1)	1453	398
PB2|PP755596.1|A/cattle/Texas/24-008749-003/2024(H5N1)	1454	397
PB2|PP755596.1|A/cattle/Texas/24-008749-003/2024(H5N1)	1455	397
PB2|PP755596.1|A/cattle/Texas/24-008749-003/2024(H5N1)	1456	403
PB2|PP755596.1|A/cattle/Texas/24-008749-003/2024(H5N1)	1457	403
PB2|PP755596.1|A/cattle/Texas/24-008749-003/2024(H5N1)	1458	399
PB2|PP755596.1|A/cattle/Texas/24-008749-003/2024(H5N1)	1459	403
PB2|PP755596.1|A/cattle/Texas/24-008749-003/2024(H5N1)	1460	404
PB2|PP755596.1|A/cattle/Texas/24-008749-003/2024(H5N1)	1461	411
PB2|PP755596.1|A/cattle/Texas/24-008749-003/2024(H5N1)	1462	409
PB2|PP755596.1|A/cattle/Texas/24-008749-003/2024(H5N1)	1463	406
PB2|PP755596.1|A/cattle/Texas/24-008749-003/2024(H5N1)	1464	416
PB2|PP755596.1|A/cattle/Texas/24-008749-003/2024(H5N1)	1465	402
PB2|PP755596.1|A/cattle/Texas/24-008749-003/2024(H5N1)	1466	423
PB2|PP755596.1|A/cattle/Texas/24-008749-003/2024(H5N1)	1467	423
PB2|PP755596.1|A/cattle/Texas/24-008749-003/2024(H5N1)	1468	425
PB2|PP755596.1|A/cattle/Texas/24-008749-003/2024(H5N1)	1469	424
PB2|PP755596.1|A/cattle/Texas/24-008749-003/2024(H5N1)	1470	424
PB2|PP755596.1|A/cattle/Texas/24-008749-003/2024(H5N1)	1471	424
PB2|PP755596.1|A/cattle/Texas/24-008749-003/2024(H5N1)	1472	424
PB2|PP755596.1|A/cattle/Texas/24-008749-003/2024(H5N1)	1473	417
PB2|PP755596.1|A/cattle/Texas/24-008749-003/2024(H5N1)	1474	417
PB2|PP755596.1|A/cattle/Texas/24-008749-003/2024(H5N1)	1475	410
PB2|PP755596.1|A/cattle/Texas/24-008749-003/2024(H5N1)	1476	409
PB2|PP755596.1|A/cattle/Texas/24-008749-003/2024(H5N1)	1477	375
PB2|PP755596.1|A/cattle/Texas/24-008749-003/2024(H5N1)	1478	364
PB2|PP755596.1|A/cattle/Texas/24-008749-003/2024(H5N1)	1479	364
PB2|PP755596.1|A/cattle/Texas/24-008749-003/2024(H5N1)	1480	364
PB2|PP755596.1|A/cattle/Texas/24-008749-003/2024(H5N1)	1481	360
PB2|PP755596.1|A/cattle/Texas/24-008749-003/2024(H5N1)	1482	359
PB2|PP755596.1|A/cattle/Texas/24-008749-003/2024(H5N1)	1483	356
PB2|PP755596.1|A/cattle/Texas/24-008749-003/2024(H5N1)	1484	356
PB2|PP755596.1|A/cattle/Texas/24-008749-003/2024(H5N1)	1485	356
PB2|PP755596.1|A/cattle/Texas/24-008749-003/2024(H5N1)	1486	356
PB2|PP755596.1|A/cattle/Texas/24-008749-003/2024(H5N1)	1487	356
PB2|PP755596.1|A/cattle/Texas/24-008749-003/2024(H5N1)	1488	356
PB2|PP755596.1|A/cattle/Texas/24-008749-003/2024(H5N1)	1489	413
PB2|PP755596.1|A/cattle/Texas/24-008749-003/2024(H5N1)	1490	413
PB2|PP755596.1|A/cattle/Texas/24-008749-003/2024(H5N1)	1491	415
PB2|PP755596.1|A/cattle/Texas/24-008749-003/2024(H5N1)	1492	415
PB2|PP755596.1|A/cattle/Texas/24-008749-003/2024(H5N1)	1493	415
PB2|PP755596.1|A/cattle/Texas/24-008749-003/2024(H5N1)	1494	415
PB2|PP755596.1|A/cattle/Texas/24-008749-003/2024(H5N1)	1495	417
PB2|PP755596.1|A/cattle/Texas/24-008749-003/2024(H5N1)	1496	424
PB2|PP755596.1|A/cattle/Texas/24-008749-003/2024(H5N1)	1497	427
PB2|PP755596.1|A/cattle/Texas/24-008749-003/2024(H5N1)	1498	418
PB2|PP755596.1|A/cattle/Texas/24-008749-003/2024(H5N1)	1499	414
PB2|PP755596.1|A/cattle/Texas/24-008749-003/2024(H5N1)	1500	422
PB2|PP755596.1|A/cattle/Texas/24-008749-003/2024(H5N1)	1501	423
PB2|PP755596.1|A/cattle/Texas/24-008749-003/2024(H5N1)	1502	423
PB2|PP755596.1|A/cattle/Texas/24-008749-003/2024(H5N1)	1503	423
PB2|PP755596.1|A/cattle/Texas/24-008749-003/2024(H5N1)	1504	423
PB2|PP755596.1|A/cattle/Texas/24-008749-003/2024(H5N1)	1505	424
PB2|PP755596.1|A/cattle/Texas/24-008749-003/2024(H5N1)	1506	424
PB2|PP755596.1|A/cattle/Texas/24-008749-003/2024(H5N1)	1507	424
PB2|PP755596.1|A/cattle/Texas/24-008749-003/2024(H5N1)	1508	424
PB2|PP755596.1|A/cattle/Texas/24-008749-003/2024(H5N1)	1509	416
PB2|PP755596.1|A/cattle/Texas/24-008749-003/2024(H5N1)	1510	423
PB2|PP755596.1|A/cattle/Texas/24-008749-003/2024(H5N1)	1511	423
PB2|PP755596.1|A/cattle/Texas/24-008749-003/2024(H5N1)	1512	419
PB2|PP755596.1|A/cattle/Texas/24-008749-003/2024(H5N1)	1513	415
PB2|PP755596.1|A/cattle/Texas/24-008749-003/2024(H5N1)	1514	414
PB2|PP755596.1|A/cattle/Texas/24-008749-003/2024(H5N1)	1515	416
PB2|PP755596.1|A/cattle/Texas/24-008749-003/2024(H5N1)	1516	419
PB2|PP755596.1|A/cattle/Texas/24-008749-003/2024(H5N1)	1517	419
PB2|PP755596.1|A/cattle/Texas/24-008749-003/2024(H5N1)	1518	418
PB2|PP755596.1|A/cattle/Texas/24-008749-003/2024(H5N1)	1519	417
PB2|PP755596.1|A/cattle/Texas/24-008749-003/2024(H5N1)	1520	416
PB2|PP755596.1|A/cattle/Texas/24-008749-003/2024(H5N1)	1521	416
PB2|PP755596.1|A/cattle/Texas/24-008749-003/2024(H5N1)	1522	415
PB2|PP755596.1|A/cattle/Texas/24-008749-003/2024(H5N1)	1523	415
PB2|PP755596.1|A/cattle/Texas/24-008749-003/2024(H5N1)	1524	415
PB2|PP755596.1|A/cattle/Texas/24-008749-003/2024(H5N1)	1525	413
PB2|PP755596.1|A/cattle/Texas/24-008749-003/2024(H5N1)	1526	415
PB2|PP755596.1|A/cattle/Texas/24-008749-003/2024(H5N1)	1527	428
PB2|PP755596.1|A/cattle/Texas/24-008749-003/2024(H5N1)	1528	428
PB2|PP755596.1|A/cattle/Texas/24-008749-003/2024(H5N1)	1529	428
PB2|PP755596.1|A/cattle/Texas/24-008749-003/2024(H5N1)	1530	430
PB2|PP755596.1|A/cattle/Texas/24-008749-003/2024(H5N1)	1531	437
PB2|PP755596.1|A/cattle/Texas/24-008749-003/2024(H5N1)	1532	441
PB2|PP755596.1|A/cattle/Texas/24-008749-003/2024(H5N1)	1533	441
PB2|PP755596.1|A/cattle/Texas/24-008749-003/2024(H5N1)	1534	443
PB2|PP755596.1|A/cattle/Texas/24-008749-003/2024(H5N1)	1535	440
PB2|PP755596.1|A/cattle/Texas/24-008749-003/2024(H5N1)	1536	441
PB2|PP755596.1|A/cattle/Texas/24-008749-003/2024(H5N1)	1537	435
PB2|PP755596.1|A/cattle/Texas/24-008749-003/2024(H5N1)	1538	439
PB2|PP755596.1|A/cattle/Texas/24-008749-003/2024(H5N1)	1539	438
PB2|PP755596.1|A/cattle/Texas/24-008749-003/2024(H5N1)	1540	418
PB2|PP755596.1|A/cattle/Texas/24-008749-003/2024(H5N1)	1541	421
PB2|PP755596.1|A/cattle/Texas/24-008749-003/2024(H5N1)	1542	421
PB2|PP755596.1|A/cattle/Texas/24-008749-003/2024(H5N1)	1543	417
PB2|PP755596.1|A/cattle/Texas/24-008749-003/2024(H5N1)	1544	416
PB2|PP755596.1|A/cattle/Texas/24-008749-003/2024(H5N1)	1545	413
PB2|PP755596.1|A/cattle/Texas/24-008749-003/2024(H5N1)	1546	415
PB2|PP755596.1|A/cattle/Texas/24-008749-003/2024(H5N1)	1547	416
PB2|PP755596.1|A/cattle/Texas/24-008749-003/2024(H5N1)	1548	416
PB2|PP755596.1|A/cattle/Texas/24-008749-003/2024(H5N1)	1549	416
PB2|PP755596.1|A/cattle/Texas/24-008749-003/2024(H5N1)	1550	419
PB2|PP755596.1|A/cattle/Texas/24-008749-003/2024(H5N1)	1551	419
PB2|PP755596.1|A/cattle/Texas/24-008749-003/2024(H5N1)	1552	420
PB2|PP755596.1|A/cattle/Texas/24-008749-003/2024(H5N1)	1553	419
PB2|PP755596.1|A/cattle/Texas/24-008749-003/2024(H5N1)	1554	419
PB2|PP755596.1|A/cattle/Texas/24-008749-003/2024(H5N1)	1555	417
PB2|PP755596.1|A/cattle/Texas/24-008749-003/2024(H5N1)	1556	418
PB2|PP755596.1|A/cattle/Texas/24-008749-003/2024(H5N1)	1557	418
PB2|PP755596.1|A/cattle/Texas/24-008749-003/2024(H5N1)	1558	418
PB2|PP755596.1|A/cattle/Texas/24-008749-003/2024(H5N1)	1559	418
PB2|PP755596.1|A/cattle/Texas/24-008749-003/2024(H5N1)	1560	418
PB2|PP755596.1|A/cattle/Texas/24-008749-003/2024(H5N1)	1561	420
PB2|PP755596.1|A/cattle/Texas/24-008749-003/2024(H5N1)	1562	423
PB2|PP755596.1|A/cattle/Texas/24-008749-003/2024(H5N1)	1563	431
PB2|PP755596.1|A/cattle/Texas/24-008749-003/2024(H5N1)	1564	432
PB2|PP755596.1|A/cattle/Texas/24-008749-003/2024(H5N1)	1565	431
PB2|PP755596.1|A/cattle/Texas/24-008749-003/2024(H5N1)	1566	431
PB2|PP755596.1|A/cattle/Texas/24-008749-003/2024(H5N1)	1567	433
PB2|PP755596.1|A/cattle/Texas/24-008749-003/2024(H5N1)	1568	437
PB2|PP755596.1|A/cattle/Texas/24-008749-003/2024(H5N1)	1569	428
PB2|PP755596.1|A/cattle/Texas/24-008749-003/2024(H5N1)	1570	425
PB2|PP755596.1|A/cattle/Texas/24-008749-003/2024(H5N1)	1571	424
PB2|PP755596.1|A/cattle/Texas/24-008749-003/2024(H5N1)	1572	420
PB2|PP755596.1|A/cattle/Texas/24-008749-003/2024(H5N1)	1573	422
PB2|PP755596.1|A/cattle/Texas/24-008749-003/2024(H5N1)	1574	421
PB2|PP755596.1|A/cattle/Texas/24-008749-003/2024(H5N1)	1575	422
PB2|PP755596.1|A/cattle/Texas/24-008749-003/2024(H5N1)	1576	419
PB2|PP755596.1|A/cattle/Texas/24-008749-003/2024(H5N1)	1577	411
PB2|PP755596.1|A/cattle/Texas/24-008749-003/2024(H5N1)	1578	411
PB2|PP755596.1|A/cattle/Texas/24-008749-003/2024(H5N1)	1579	411
PB2|PP755596.1|A/cattle/Texas/24-008749-003/2024(H5N1)	1580	411
PB2|PP755596.1|A/cattle/Texas/24-008749-003/2024(H5N1)	1581	411
PB2|PP755596.1|A/cattle/Texas/24-008749-003/2024(H5N1)	1582	412
PB2|PP755596.1|A/cattle/Texas/24-008749-003/2024(H5N1)	1583	412
PB2|PP755596.1|A/cattle/Texas/24-008749-003/2024(H5N1)	1584	411
PB2|PP755596.1|A/cattle/Texas/24-008749-003/2024(H5N1)	1585	417
PB2|PP755596.1|A/cattle/Texas/24-008749-003/2024(H5N1)	1586	418
PB2|PP755596.1|A/cattle/Texas/24-008749-003/2024(H5N1)	1587	424
PB2|PP755596.1|A/cattle/Texas/24-008749-003/2024(H5N1)	1588	425
PB2|PP755596.1|A/cattle/Texas/24-008749-003/2024(H5N1)	1589	432
PB2|PP755596.1|A/cattle/Texas/24-008749-003/2024(H5N1)	1590	428
PB2|PP755596.1|A/cattle/Texas/24-008749-003/2024(H5N1)	1591	428
PB2|PP755596.1|A/cattle/Texas/24-008749-003/2024(H5N1)	1592	428
PB2|PP755596.1|A/cattle/Texas/24-008749-003/2024(H5N1)	1593	427
PB2|PP755596.1|A/cattle/Texas/24-008749-003/2024(H5N1)	1594	427
PB2|PP755596.1|A/cattle/Texas/24-008749-003/2024(H5N1)	1595	425
PB2|PP755596.1|A/cattle/Texas/24-008749-003/2024(H5N1)	1596	416
PB2|PP755596.1|A/cattle/Texas/24-008749-003/2024(H5N1)	1597	417
PB2|PP755596.1|A/cattle/Texas/24-008749-003/2024(H5N1)	1598	415
PB2|PP755596.1|A/cattle/Texas/24-008749-003/2024(H5N1)	1599	415
PB2|PP755596.1|A/cattle/Texas/24-008749-003/2024(H5N1)	1600	423
PB2|PP755596.1|A/cattle/Texas/24-008749-003/2024(H5N1)	1601	422
PB2|PP755596.1|A/cattle/Texas/24-008749-003/2024(H5N1)	1602	426
PB2|PP755596.1|A/cattle/Texas/24-008749-003/2024(H5N1)	1603	423
PB2|PP755596.1|A/cattle/Texas/24-008749-003/2024(H5N1)	1604	426
PB2|PP755596.1|A/cattle/Texas/24-008749-003/2024(H5N1)	1605	427
PB2|PP755596.1|A/cattle/Texas/24-008749-003/2024(H5N1)	1606	426
PB2|PP755596.1|A/cattle/Texas/24-008749-003/2024(H5N1)	1607	426
PB2|PP755596.1|A/cattle/Texas/24-008749-003/2024(H5N1)	1608	426
PB2|PP755596.1|A/cattle/Texas/24-008749-003/2024(H5N1)	1609	424
PB2|PP755596.1|A/cattle/Texas/24-008749-003/2024(H5N1)	1610	423
PB2|PP755596.1|A/cattle/Texas/24-008749-003/2024(H5N1)	1611	426
PB2|PP755596.1|A/cattle/Texas/24-008749-003/2024(H5N1)	1612	425
PB2|PP755596.1|A/cattle/Texas/24-008749-003/2024(H5N1)	1613	426
PB2|PP755596.1|A/cattle/Texas/24-008749-003/2024(H5N1)	1614	428
PB2|PP755596.1|A/cattle/Texas/24-008749-003/2024(H5N1)	1615	426
PB2|PP755596.1|A/cattle/Texas/24-008749-003/2024(H5N1)	1616	426
PB2|PP755596.1|A/cattle/Texas/24-008749-003/2024(H5N1)	1617	423
PB2|PP755596.1|A/cattle/Texas/24-008749-003/2024(H5N1)	1618	423
PB2|PP755596.1|A/cattle/Texas/24-008749-003/2024(H5N1)	1619	422
PB2|PP755596.1|A/cattle/Texas/24-008749-003/2024(H5N1)	1620	422
PB2|PP755596.1|A/cattle/Texas/24-008749-003/2024(H5N1)	1621	422
PB2|PP755596.1|A/cattle/Texas/24-008749-003/2024(H5N1)	1622	420
PB2|PP755596.1|A/cattle/Texas/24-008749-003/2024(H5N1)	1623	407
PB2|PP755596.1|A/cattle/Texas/24-008749-003/2024(H5N1)	1624	406
PB2|PP755596.1|A/cattle/Texas/24-008749-003/2024(H5N1)	1625	405
PB2|PP755596.1|A/cattle/Texas/24-008749-003/2024(H5N1)	1626	401
PB2|PP755596.1|A/cattle/Texas/24-008749-003/2024(H5N1)	1627	404
PB2|PP755596.1|A/cattle/Texas/24-008749-003/2024(H5N1)	1628	406
PB2|PP755596.1|A/cattle/Texas/24-008749-003/2024(H5N1)	1629	407
PB2|PP755596.1|A/cattle/Texas/24-008749-003/2024(H5N1)	1630	413
PB2|PP755596.1|A/cattle/Texas/24-008749-003/2024(H5N1)	1631	413
PB2|PP755596.1|A/cattle/Texas/24-008749-003/2024(H5N1)	1632	414
PB2|PP755596.1|A/cattle/Texas/24-008749-003/2024(H5N1)	1633	426
PB2|PP755596.1|A/cattle/Texas/24-008749-003/2024(H5N1)	1634	426
PB2|PP755596.1|A/cattle/Texas/24-008749-003/2024(H5N1)	1635	427
PB2|PP755596.1|A/cattle/Texas/24-008749-003/2024(H5N1)	1636	427
PB2|PP755596.1|A/cattle/Texas/24-008749-003/2024(H5N1)	1637	424
PB2|PP755596.1|A/cattle/Texas/24-008749-003/2024(H5N1)	1638	427
PB2|PP755596.1|A/cattle/Texas/24-008749-003/2024(H5N1)	1639	427
PB2|PP755596.1|A/cattle/Texas/24-008749-003/2024(H5N1)	1640	424
PB2|PP755596.1|A/cattle/Texas/24-008749-003/2024(H5N1)	1641	421
PB2|PP755596.1|A/cattle/Texas/24-008749-003/2024(H5N1)	1642	416
PB2|PP755596.1|A/cattle/Texas/24-008749-003/2024(H5N1)	1643	417
PB2|PP755596.1|A/cattle/Texas/24-008749-003/2024(H5N1)	1644	419
PB2|PP755596.1|A/cattle/Texas/24-008749-003/2024(H5N1)	1645	423
PB2|PP755596.1|A/cattle/Texas/24-008749-003/2024(H5N1)	1646	418
PB2|PP755596.1|A/cattle/Texas/24-008749-003/2024(H5N1)	1647	418
PB2|PP755596.1|A/cattle/Texas/24-008749-003/2024(H5N1)	1648	418
PB2|PP755596.1|A/cattle/Texas/24-008749-003/2024(H5N1)	1649	419
PB2|PP755596.1|A/cattle/Texas/24-008749-003/2024(H5N1)	1650	419
PB2|PP755596.1|A/cattle/Texas/24-008749-003/2024(H5N1)	1651	419
PB2|PP755596.1|A/cattle/Texas/24-008749-003/2024(H5N1)	1652	405
PB2|PP755596.1|A/cattle/Texas/24-008749-003/2024(H5N1)	1653	409
PB2|PP755596.1|A/cattle/Texas/24-008749-003/2024(H5N1)	1654	411
PB2|PP755596.1|A/cattle/Texas/24-008749-003/2024(H5N1)	1655	405
PB2|PP755596.1|A/cattle/Texas/24-008749-003/2024(H5N1)	1656	405
PB2|PP755596.1|A/cattle/Texas/24-008749-003/2024(H5N1)	1657	406
PB2|PP755596.1|A/cattle/Texas/24-008749-003/2024(H5N1)	1658	406
PB2|PP755596.1|A/cattle/Texas/24-008749-003/2024(H5N1)	1659	399
PB2|PP755596.1|A/cattle/Texas/24-008749-003/2024(H5N1)	1660	406
PB2|PP755596.1|A/cattle/Texas/24-008749-003/2024(H5N1)	1661	406
PB2|PP755596.1|A/cattle/Texas/24-008749-003/2024(H5N1)	1662	400
PB2|PP755596.1|A/cattle/Texas/24-008749-003/2024(H5N1)	1663	399
PB2|PP755596.1|A/cattle/Texas/24-008749-003/2024(H5N1)	1664	399
PB2|PP755596.1|A/cattle/Texas/24-008749-003/2024(H5N1)	1665	403
PB2|PP755596.1|A/cattle/Texas/24-008749-003/2024(H5N1)	1666	404
PB2|PP755596.1|A/cattle/Texas/24-008749-003/2024(H5N1)	1667	403
PB2|PP755596.1|A/cattle/Texas/24-008749-003/2024(H5N1)	1668	408
PB2|PP755596.1|A/cattle/Texas/24-008749-003/2024(H5N1)	1669	405
PB2|PP755596.1|A/cattle/Texas/24-008749-003/2024(H5N1)	1670	404
PB2|PP755596.1|A/cattle/Texas/24-008749-003/2024(H5N1)	1671	400
PB2|PP755596.1|A/cattle/Texas/24-008749-003/2024(H5N1)	1672	400
PB2|PP755596.1|A/cattle/Texas/24-008749-003/2024(H5N1)	1673	398
PB2|PP755596.1|A/cattle/Texas/24-008749-003/2024(H5N1)	1674	392
PB2|PP755596.1|A/cattle/Texas/24-008749-003/2024(H5N1)	1675	393
PB2|PP755596.1|A/cattle/Texas/24-008749-003/2024(H5N1)	1676	389
PB2|PP755596.1|A/cattle/Texas/24-008749-003/2024(H5N1)	1677	381
PB2|PP755596.1|A/cattle/Texas/24-008749-003/2024(H5N1)	1678	385
PB2|PP755596.1|A/cattle/Texas/24-008749-003/2024(H5N1)	1679	384
PB2|PP755596.1|A/cattle/Texas/24-008749-003/2024(H5N1)	1680	384
PB2|PP755596.1|A/cattle/Texas/24-008749-003/2024(H5N1)	1681	388
PB2|PP755596.1|A/cattle/Texas/24-008749-003/2024(H5N1)	1682	388
PB2|PP755596.1|A/cattle/Texas/24-008749-003/2024(H5N1)	1683	390
PB2|PP755596.1|A/cattle/Texas/24-008749-003/2024(H5N1)	1684	393
PB2|PP755596.1|A/cattle/Texas/24-008749-003/2024(H5N1)	1685	392
PB2|PP755596.1|A/cattle/Texas/24-008749-003/2024(H5N1)	1686	392
PB2|PP755596.1|A/cattle/Texas/24-008749-003/2024(H5N1)	1687	388
PB2|PP755596.1|A/cattle/Texas/24-008749-003/2024(H5N1)	1688	388
PB2|PP755596.1|A/cattle/Texas/24-008749-003/2024(H5N1)	1689	388
PB2|PP755596.1|A/cattle/Texas/24-008749-003/2024(H5N1)	1690	388
PB2|PP755596.1|A/cattle/Texas/24-008749-003/2024(H5N1)	1691	393
PB2|PP755596.1|A/cattle/Texas/24-008749-003/2024(H5N1)	1692	394
PB2|PP755596.1|A/cattle/Texas/24-008749-003/2024(H5N1)	1693	398
PB2|PP755596.1|A/cattle/Texas/24-008749-003/2024(H5N1)	1694	397
PB2|PP755596.1|A/cattle/Texas/24-008749-003/2024(H5N1)	1695	397
PB2|PP755596.1|A/cattle/Texas/24-008749-003/2024(H5N1)	1696	394
PB2|PP755596.1|A/cattle/Texas/24-008749-003/2024(H5N1)	1697	393
PB2|PP755596.1|A/cattle/Texas/24-008749-003/2024(H5N1)	1698	400
PB2|PP755596.1|A/cattle/Texas/24-008749-003/2024(H5N1)	1699	401
PB2|PP755596.1|A/cattle/Texas/24-008749-003/2024(H5N1)	1700	398
PB2|PP755596.1|A/cattle/Texas/24-008749-003/2024(H5N1)	1701	396
PB2|PP755596.1|A/cattle/Texas/24-008749-003/2024(H5N1)	1702	402
PB2|PP755596.1|A/cattle/Texas/24-008749-003/2024(H5N1)	1703	405
PB2|PP755596.1|A/cattle/Texas/24-008749-003/2024(H5N1)	1704	400
PB2|PP755596.1|A/cattle/Texas/24-008749-003/2024(H5N1)	1705	400
PB2|PP755596.1|A/cattle/Texas/24-008749-003/2024(H5N1)	1706	395
PB2|PP755596.1|A/cattle/Texas/24-008749-003/2024(H5N1)	1707	392
PB2|PP755596.1|A/cattle/Texas/24-008749-003/2024(H5N1)	1708	404
PB2|PP755596.1|A/cattle/Texas/24-008749-003/2024(H5N1)	1709	403
PB2|PP755596.1|A/cattle/Texas/24-008749-003/2024(H5N1)	1710	409
PB2|PP755596.1|A/cattle/Texas/24-008749-003/2024(H5N1)	1711	410
PB2|PP755596.1|A/cattle/Texas/24-008749-003/2024(H5N1)	1712	399
PB2|PP755596.1|A/cattle/Texas/24-008749-003/2024(H5N1)	1713	408
PB2|PP755596.1|A/cattle/Texas/24-008749-003/2024(H5N1)	1714	409
PB2|PP755596.1|A/cattle/Texas/24-008749-003/2024(H5N1)	1715	404
PB2|PP755596.1|A/cattle/Texas/24-008749-003/2024(H5N1)	1716	407
PB2|PP755596.1|A/cattle/Texas/24-008749-003/2024(H5N1)	1717	395
PB2|PP755596.1|A/cattle/Texas/24-008749-003/2024(H5N1)	1718	397
PB2|PP755596.1|A/cattle/Texas/24-008749-003/2024(H5N1)	1719	388
PB2|PP755596.1|A/cattle/Texas/24-008749-003/2024(H5N1)	1720	376
PB2|PP755596.1|A/cattle/Texas/24-008749-003/2024(H5N1)	1721	375
PB2|PP755596.1|A/cattle/Texas/24-008749-003/2024(H5N1)	1722	374
PB2|PP755596.1|A/cattle/Texas/24-008749-003/2024(H5N1)	1723	376
PB2|PP755596.1|A/cattle/Texas/24-008749-003/2024(H5N1)	1724	376
PB2|PP755596.1|A/cattle/Texas/24-008749-003/2024(H5N1)	1725	370
PB2|PP755596.1|A/cattle/Texas/24-008749-003/2024(H5N1)	1726	373
PB2|PP755596.1|A/cattle/Texas/24-008749-003/2024(H5N1)	1727	372
PB2|PP755596.1|A/cattle/Texas/24-008749-003/2024(H5N1)	1728	375
PB2|PP755596.1|A/cattle/Texas/24-008749-003/2024(H5N1)	1729	374
PB2|PP755596.1|A/cattle/Texas/24-008749-003/2024(H5N1)	1730	373
PB2|PP755596.1|A/cattle/Texas/24-008749-003/2024(H5N1)	1731	370
PB2|PP755596.1|A/cattle/Texas/24-008749-003/2024(H5N1)	1732	370
PB2|PP755596.1|A/cattle/Texas/24-008749-003/2024(H5N1)	1733	370
PB2|PP755596.1|A/cattle/Texas/24-008749-003/2024(H5N1)	1734	368
PB2|PP755596.1|A/cattle/Texas/24-008749-003/2024(H5N1)	1735	369
PB2|PP755596.1|A/cattle/Texas/24-008749-003/2024(H5N1)	1736	368
PB2|PP755596.1|A/cattle/Texas/24-008749-003/2024(H5N1)	1737	370
PB2|PP755596.1|A/cattle/Texas/24-008749-003/2024(H5N1)	1738	370
PB2|PP755596.1|A/cattle/Texas/24-008749-003/2024(H5N1)	1739	372
PB2|PP755596.1|A/cattle/Texas/24-008749-003/2024(H5N1)	1740	372
PB2|PP755596.1|A/cattle/Texas/24-008749-003/2024(H5N1)	1741	370
PB2|PP755596.1|A/cattle/Texas/24-008749-003/2024(H5N1)	1742	368
PB2|PP755596.1|A/cattle/Texas/24-008749-003/2024(H5N1)	1743	368
PB2|PP755596.1|A/cattle/Texas/24-008749-003/2024(H5N1)	1744	368
PB2|PP755596.1|A/cattle/Texas/24-008749-003/2024(H5N1)	1745	375
PB2|PP755596.1|A/cattle/Texas/24-008749-003/2024(H5N1)	1746	366
PB2|PP755596.1|A/cattle/Texas/24-008749-003/2024(H5N1)	1747	369
PB2|PP755596.1|A/cattle/Texas/24-008749-003/2024(H5N1)	1748	366
PB2|PP755596.1|A/cattle/Texas/24-008749-003/2024(H5N1)	1749	366
PB2|PP755596.1|A/cattle/Texas/24-008749-003/2024(H5N1)	1750	350
PB2|PP755596.1|A/cattle/Texas/24-008749-003/2024(H5N1)	1751	348
PB2|PP755596.1|A/cattle/Texas/24-008749-003/2024(H5N1)	1752	350
PB2|PP755596.1|A/cattle/Texas/24-008749-003/2024(H5N1)	1753	358
PB2|PP755596.1|A/cattle/Texas/24-008749-003/2024(H5N1)	1754	360
PB2|PP755596.1|A/cattle/Texas/24-008749-003/2024(H5N1)	1755	360
PB2|PP755596.1|A/cattle/Texas/24-008749-003/2024(H5N1)	1756	356
PB2|PP755596.1|A/cattle/Texas/24-008749-003/2024(H5N1)	1757	359
PB2|PP755596.1|A/cattle/Texas/24-008749-003/2024(H5N1)	1758	360
PB2|PP755596.1|A/cattle/Texas/24-008749-003/2024(H5N1)	1759	361
PB2|PP755596.1|A/cattle/Texas/24-008749-003/2024(H5N1)	1760	361
PB2|PP755596.1|A/cattle/Texas/24-008749-003/2024(H5N1)	1761	360
PB2|PP755596.1|A/cattle/Texas/24-008749-003/2024(H5N1)	1762	361
PB2|PP755596.1|A/cattle/Texas/24-008749-003/2024(H5N1)	1763	361
PB2|PP755596.1|A/cattle/Texas/24-008749-003/2024(H5N1)	1764	361
PB2|PP755596.1|A/cattle/Texas/24-008749-003/2024(H5N1)	1765	361
PB2|PP755596.1|A/cattle/Texas/24-008749-003/2024(H5N1)	1766	363
PB2|PP755596.1|A/cattle/Texas/24-008749-003/2024(H5N1)	1767	361
PB2|PP755596.1|A/cattle/Texas/24-008749-003/2024(H5N1)	1768	394
PB2|PP755596.1|A/cattle/Texas/24-008749-003/2024(H5N1)	1769	394
PB2|PP755596.1|A/cattle/Texas/24-008749-003/2024(H5N1)	1770	395
PB2|PP755596.1|A/cattle/Texas/24-008749-003/2024(H5N1)	1771	396
PB2|PP755596.1|A/cattle/Texas/24-008749-003/2024(H5N1)	1772	394
PB2|PP755596.1|A/cattle/Texas/24-008749-003/2024(H5N1)	1773	402
PB2|PP755596.1|A/cattle/Texas/24-008749-003/2024(H5N1)	1774	402
PB2|PP755596.1|A/cattle/Texas/24-008749-003/2024(H5N1)	1775	404
PB2|PP755596.1|A/cattle/Texas/24-008749-003/2024(H5N1)	1776	403
PB2|PP755596.1|A/cattle/Texas/24-008749-003/2024(H5N1)	1777	382
PB2|PP755596.1|A/cattle/Texas/24-008749-003/2024(H5N1)	1778	383
PB2|PP755596.1|A/cattle/Texas/24-008749-003/2024(H5N1)	1779	384
PB2|PP755596.1|A/cattle/Texas/24-008749-003/2024(H5N1)	1780	385
PB2|PP755596.1|A/cattle/Texas/24-008749-003/2024(H5N1)	1781	384
PB2|PP755596.1|A/cattle/Texas/24-008749-003/2024(H5N1)	1782	377
PB2|PP755596.1|A/cattle/Texas/24-008749-003/2024(H5N1)	1783	378
PB2|PP755596.1|A/cattle/Texas/24-008749-003/2024(H5N1)	1784	378
PB2|PP755596.1|A/cattle/Texas/24-008749-003/2024(H5N1)	1785	377
PB2|PP755596.1|A/cattle/Texas/24-008749-003/2024(H5N1)	1786	377
PB2|PP755596.1|A/cattle/Texas/24-008749-003/2024(H5N1)	1787	376
PB2|PP755596.1|A/cattle/Texas/24-008749-003/2024(H5N1)	1788	376
PB2|PP755596.1|A/cattle/Texas/24-008749-003/2024(H5N1)	1789	375
PB2|PP755596.1|A/cattle/Texas/24-008749-003/2024(H5N1)	1790	373
PB2|PP755596.1|A/cattle/Texas/24-008749-003/2024(H5N1)	1791	381
PB2|PP755596.1|A/cattle/Texas/24-008749-003/2024(H5N1)	1792	385
PB2|PP755596.1|A/cattle/Texas/24-008749-003/2024(H5N1)	1793	384
PB2|PP755596.1|A/cattle/Texas/24-008749-003/2024(H5N1)	1794	384
PB2|PP755596.1|A/cattle/Texas/24-008749-003/2024(H5N1)	1795	391
PB2|PP755596.1|A/cattle/Texas/24-008749-003/2024(H5N1)	1796	390
PB2|PP755596.1|A/cattle/Texas/24-008749-003/2024(H5N1)	1797	395
PB2|PP755596.1|A/cattle/Texas/24-008749-003/2024(H5N1)	1798	395
PB2|PP755596.1|A/cattle/Texas/24-008749-003/2024(H5N1)	1799	393
PB2|PP755596.1|A/cattle/Texas/24-008749-003/2024(H5N1)	1800	392
PB2|PP755596.1|A/cattle/Texas/24-008749-003/2024(H5N1)	1801	399
PB2|PP755596.1|A/cattle/Texas/24-008749-003/2024(H5N1)	1802	397
PB2|PP755596.1|A/cattle/Texas/24-008749-003/2024(H5N1)	1803	395
PB2|PP755596.1|A/cattle/Texas/24-008749-003/2024(H5N1)	1804	396
PB2|PP755596.1|A/cattle/Texas/24-008749-003/2024(H5N1)	1805	393
PB2|PP755596.1|A/cattle/Texas/24-008749-003/2024(H5N1)	1806	393
PB2|PP755596.1|A/cattle/Texas/24-008749-003/2024(H5N1)	1807	395
PB2|PP755596.1|A/cattle/Texas/24-008749-003/2024(H5N1)	1808	404
PB2|PP755596.1|A/cattle/Texas/24-008749-003/2024(H5N1)	1809	404
PB2|PP755596.1|A/cattle/Texas/24-008749-003/2024(H5N1)	1810	408
PB2|PP755596.1|A/cattle/Texas/24-008749-003/2024(H5N1)	1811	408
PB2|PP755596.1|A/cattle/Texas/24-008749-003/2024(H5N1)	1812	414
PB2|PP755596.1|A/cattle/Texas/24-008749-003/2024(H5N1)	1813	414
PB2|PP755596.1|A/cattle/Texas/24-008749-003/2024(H5N1)	1814	413
PB2|PP755596.1|A/cattle/Texas/24-008749-003/2024(H5N1)	1815	414
PB2|PP755596.1|A/cattle/Texas/24-008749-003/2024(H5N1)	1816	414
PB2|PP755596.1|A/cattle/Texas/24-008749-003/2024(H5N1)	1817	411
PB2|PP755596.1|A/cattle/Texas/24-008749-003/2024(H5N1)	1818	412
PB2|PP755596.1|A/cattle/Texas/24-008749-003/2024(H5N1)	1819	410
PB2|PP755596.1|A/cattle/Texas/24-008749-003/2024(H5N1)	1820	410
PB2|PP755596.1|A/cattle/Texas/24-008749-003/2024(H5N1)	1821	409
PB2|PP755596.1|A/cattle/Texas/24-008749-003/2024(H5N1)	1822	412
PB2|PP755596.1|A/cattle/Texas/24-008749-003/2024(H5N1)	1823	415
PB2|PP755596.1|A/cattle/Texas/24-008749-003/2024(H5N1)	1824	417
PB2|PP755596.1|A/cattle/Texas/24-008749-003/2024(H5N1)	1825	418
PB2|PP755596.1|A/cattle/Texas/24-008749-003/2024(H5N1)	1826	431
PB2|PP755596.1|A/cattle/Texas/24-008749-003/2024(H5N1)	1827	439
PB2|PP755596.1|A/cattle/Texas/24-008749-003/2024(H5N1)	1828	438
PB2|PP755596.1|A/cattle/Texas/24-008749-003/2024(H5N1)	1829	438
PB2|PP755596.1|A/cattle/Texas/24-008749-003/2024(H5N1)	1830	438
PB2|PP755596.1|A/cattle/Texas/24-008749-003/2024(H5N1)	1831	440
PB2|PP755596.1|A/cattle/Texas/24-008749-003/2024(H5N1)	1832	438
PB2|PP755596.1|A/cattle/Texas/24-008749-003/2024(H5N1)	1833	437
PB2|PP755596.1|A/cattle/Texas/24-008749-003/2024(H5N1)	1834	435
PB2|PP755596.1|A/cattle/Texas/24-008749-003/2024(H5N1)	1835	427
PB2|PP755596.1|A/cattle/Texas/24-008749-003/2024(H5N1)	1836	414
PB2|PP755596.1|A/cattle/Texas/24-008749-003/2024(H5N1)	1837	455
PB2|PP755596.1|A/cattle/Texas/24-008749-003/2024(H5N1)	1838	454
PB2|PP755596.1|A/cattle/Texas/24-008749-003/2024(H5N1)	1839	451
PB2|PP755596.1|A/cattle/Texas/24-008749-003/2024(H5N1)	1840	451
PB2|PP755596.1|A/cattle/Texas/24-008749-003/2024(H5N1)	1841	450
PB2|PP755596.1|A/cattle/Texas/24-008749-003/2024(H5N1)	1842	450
PB2|PP755596.1|A/cattle/Texas/24-008749-003/2024(H5N1)	1843	452
PB2|PP755596.1|A/cattle/Texas/24-008749-003/2024(H5N1)	1844	467
PB2|PP755596.1|A/cattle/Texas/24-008749-003/2024(H5N1)	1845	465
PB2|PP755596.1|A/cattle/Texas/24-008749-003/2024(H5N1)	1846	464
PB2|PP755596.1|A/cattle/Texas/24-008749-003/2024(H5N1)	1847	461
PB2|PP755596.1|A/cattle/Texas/24-008749-003/2024(H5N1)	1848	460
PB2|PP755596.1|A/cattle/Texas/24-008749-003/2024(H5N1)	1849	459
PB2|PP755596.1|A/cattle/Texas/24-008749-003/2024(H5N1)	1850	459
PB2|PP755596.1|A/cattle/Texas/24-008749-003/2024(H5N1)	1851	454
PB2|PP755596.1|A/cattle/Texas/24-008749-003/2024(H5N1)	1852	455
PB2|PP755596.1|A/cattle/Texas/24-008749-003/2024(H5N1)	1853	447
PB2|PP755596.1|A/cattle/Texas/24-008749-003/2024(H5N1)	1854	447
PB2|PP755596.1|A/cattle/Texas/24-008749-003/2024(H5N1)	1855	444
PB2|PP755596.1|A/cattle/Texas/24-008749-003/2024(H5N1)	1856	447
PB2|PP755596.1|A/cattle/Texas/24-008749-003/2024(H5N1)	1857	449
PB2|PP755596.1|A/cattle/Texas/24-008749-003/2024(H5N1)	1858	468
PB2|PP755596.1|A/cattle/Texas/24-008749-003/2024(H5N1)	1859	468
PB2|PP755596.1|A/cattle/Texas/24-008749-003/2024(H5N1)	1860	467
PB2|PP755596.1|A/cattle/Texas/24-008749-003/2024(H5N1)	1861	464
PB2|PP755596.1|A/cattle/Texas/24-008749-003/2024(H5N1)	1862	468
PB2|PP755596.1|A/cattle/Texas/24-008749-003/2024(H5N1)	1863	467
PB2|PP755596.1|A/cattle/Texas/24-008749-003/2024(H5N1)	1864	466
PB2|PP755596.1|A/cattle/Texas/24-008749-003/2024(H5N1)	1865	468
PB2|PP755596.1|A/cattle/Texas/24-008749-003/2024(H5N1)	1866	467
PB2|PP755596.1|A/cattle/Texas/24-008749-003/2024(H5N1)	1867	467
PB2|PP755596.1|A/cattle/Texas/24-008749-003/2024(H5N1)	1868	479
PB2|PP755596.1|A/cattle/Texas/24-008749-003/2024(H5N1)	1869	481
PB2|PP755596.1|A/cattle/Texas/24-008749-003/2024(H5N1)	1870	481
PB2|PP755596.1|A/cattle/Texas/24-008749-003/2024(H5N1)	1871	486
PB2|PP755596.1|A/cattle/Texas/24-008749-003/2024(H5N1)	1872	493
PB2|PP755596.1|A/cattle/Texas/24-008749-003/2024(H5N1)	1873	495
PB2|PP755596.1|A/cattle/Texas/24-008749-003/2024(H5N1)	1874	497
PB2|PP755596.1|A/cattle/Texas/24-008749-003/2024(H5N1)	1875	497
PB2|PP755596.1|A/cattle/Texas/24-008749-003/2024(H5N1)	1876	497
PB2|PP755596.1|A/cattle/Texas/24-008749-003/2024(H5N1)	1877	496
PB2|PP755596.1|A/cattle/Texas/24-008749-003/2024(H5N1)	1878	496
PB2|PP755596.1|A/cattle/Texas/24-008749-003/2024(H5N1)	1879	495
PB2|PP755596.1|A/cattle/Texas/24-008749-003/2024(H5N1)	1880	499
PB2|PP755596.1|A/cattle/Texas/24-008749-003/2024(H5N1)	1881	501
PB2|PP755596.1|A/cattle/Texas/24-008749-003/2024(H5N1)	1882	501
PB2|PP755596.1|A/cattle/Texas/24-008749-003/2024(H5N1)	1883	494
PB2|PP755596.1|A/cattle/Texas/24-008749-003/2024(H5N1)	1884	491
PB2|PP755596.1|A/cattle/Texas/24-008749-003/2024(H5N1)	1885	490
PB2|PP755596.1|A/cattle/Texas/24-008749-003/2024(H5N1)	1886	495
PB2|PP755596.1|A/cattle/Texas/24-008749-003/2024(H5N1)	1887	498
PB2|PP755596.1|A/cattle/Texas/24-008749-003/2024(H5N1)	1888	494
PB2|PP755596.1|A/cattle/Texas/24-008749-003/2024(H5N1)	1889	489
PB2|PP755596.1|A/cattle/Texas/24-008749-003/2024(H5N1)	1890	488
PB2|PP755596.1|A/cattle/Texas/24-008749-003/2024(H5N1)	1891	489
PB2|PP755596.1|A/cattle/Texas/24-008749-003/2024(H5N1)	1892	491
PB2|PP755596.1|A/cattle/Texas/24-008749-003/2024(H5N1)	1893	492
PB2|PP755596.1|A/cattle/Texas/24-008749-003/2024(H5N1)	1894	491
PB2|PP755596.1|A/cattle/Texas/24-008749-003/2024(H5N1)	1895	490
PB2|PP755596.1|A/cattle/Texas/24-008749-003/2024(H5N1)	1896	493
PB2|PP755596.1|A/cattle/Texas/24-008749-003/2024(H5N1)	1897	493
PB2|PP755596.1|A/cattle/Texas/24-008749-003/2024(H5N1)	1898	489
PB2|PP755596.1|A/cattle/Texas/24-008749-003/2024(H5N1)	1899	490
PB2|PP755596.1|A/cattle/Texas/24-008749-003/2024(H5N1)	1900	485
PB2|PP755596.1|A/cattle/Texas/24-008749-003/2024(H5N1)	1901	490
PB2|PP755596.1|A/cattle/Texas/24-008749-003/2024(H5N1)	1902	495
PB2|PP755596.1|A/cattle/Texas/24-008749-003/2024(H5N1)	1903	491
PB2|PP755596.1|A/cattle/Texas/24-008749-003/2024(H5N1)	1904	496
PB2|PP755596.1|A/cattle/Texas/24-008749-003/2024(H5N1)	1905	493
PB2|PP755596.1|A/cattle/Texas/24-008749-003/2024(H5N1)	1906	496
PB2|PP755596.1|A/cattle/Texas/24-008749-003/2024(H5N1)	1907	494
PB2|PP755596.1|A/cattle/Texas/24-008749-003/2024(H5N1)	1908	494
PB2|PP755596.1|A/cattle/Texas/24-008749-003/2024(H5N1)	1909	494
PB2|PP755596.1|A/cattle/Texas/24-008749-003/2024(H5N1)	1910	501
PB2|PP755596.1|A/cattle/Texas/24-008749-003/2024(H5N1)	1911	492
PB2|PP755596.1|A/cattle/Texas/24-008749-003/2024(H5N1)	1912	494
PB2|PP755596.1|A/cattle/Texas/24-008749-003/2024(H5N1)	1913	495
PB2|PP755596.1|A/cattle/Texas/24-008749-003/2024(H5N1)	1914	493
PB2|PP755596.1|A/cattle/Texas/24-008749-003/2024(H5N1)	1915	492
PB2|PP755596.1|A/cattle/Texas/24-008749-003/2024(H5N1)	1916	494
PB2|PP755596.1|A/cattle/Texas/24-008749-003/2024(H5N1)	1917	494
PB2|PP755596.1|A/cattle/Texas/24-008749-003/2024(H5N1)	1918	495
PB2|PP755596.1|A/cattle/Texas/24-008749-003/2024(H5N1)	1919	501
PB2|PP755596.1|A/cattle/Texas/24-008749-003/2024(H5N1)	1920	505
PB2|PP755596.1|A/cattle/Texas/24-008749-003/2024(H5N1)	1921	495
PB2|PP755596.1|A/cattle/Texas/24-008749-003/2024(H5N1)	1922	496
PB2|PP755596.1|A/cattle/Texas/24-008749-003/2024(H5N1)	1923	497
PB2|PP755596.1|A/cattle/Texas/24-008749-003/2024(H5N1)	1924	497
PB2|PP755596.1|A/cattle/Texas/24-008749-003/2024(H5N1)	1925	505
PB2|PP755596.1|A/cattle/Texas/24-008749-003/2024(H5N1)	1926	506
PB2|PP755596.1|A/cattle/Texas/24-008749-003/2024(H5N1)	1927	512
PB2|PP755596.1|A/cattle/Texas/24-008749-003/2024(H5N1)	1928	512
PB2|PP755596.1|A/cattle/Texas/24-008749-003/2024(H5N1)	1929	507
PB2|PP755596.1|A/cattle/Texas/24-008749-003/2024(H5N1)	1930	514
PB2|PP755596.1|A/cattle/Texas/24-008749-003/2024(H5N1)	1931	517
PB2|PP755596.1|A/cattle/Texas/24-008749-003/2024(H5N1)	1932	517
PB2|PP755596.1|A/cattle/Texas/24-008749-003/2024(H5N1)	1933	517
PB2|PP755596.1|A/cattle/Texas/24-008749-003/2024(H5N1)	1934	527
PB2|PP755596.1|A/cattle/Texas/24-008749-003/2024(H5N1)	1935	528
PB2|PP755596.1|A/cattle/Texas/24-008749-003/2024(H5N1)	1936	528
PB2|PP755596.1|A/cattle/Texas/24-008749-003/2024(H5N1)	1937	531
PB2|PP755596.1|A/cattle/Texas/24-008749-003/2024(H5N1)	1938	536
PB2|PP755596.1|A/cattle/Texas/24-008749-003/2024(H5N1)	1939	531
PB2|PP755596.1|A/cattle/Texas/24-008749-003/2024(H5N1)	1940	531
PB2|PP755596.1|A/cattle/Texas/24-008749-003/2024(H5N1)	1941	532
PB2|PP755596.1|A/cattle/Texas/24-008749-003/2024(H5N1)	1942	528
PB2|PP755596.1|A/cattle/Texas/24-008749-003/2024(H5N1)	1943	519
PB2|PP755596.1|A/cattle/Texas/24-008749-003/2024(H5N1)	1944	519
PB2|PP755596.1|A/cattle/Texas/24-008749-003/2024(H5N1)	1945	509
PB2|PP755596.1|A/cattle/Texas/24-008749-003/2024(H5N1)	1946	508
PB2|PP755596.1|A/cattle/Texas/24-008749-003/2024(H5N1)	1947	510
PB2|PP755596.1|A/cattle/Texas/24-008749-003/2024(H5N1)	1948	530
PB2|PP755596.1|A/cattle/Texas/24-008749-003/2024(H5N1)	1949	530
PB2|PP755596.1|A/cattle/Texas/24-008749-003/2024(H5N1)	1950	531
PB2|PP755596.1|A/cattle/Texas/24-008749-003/2024(H5N1)	1951	531
PB2|PP755596.1|A/cattle/Texas/24-008749-003/2024(H5N1)	1952	530
PB2|PP755596.1|A/cattle/Texas/24-008749-003/2024(H5N1)	1953	528
PB2|PP755596.1|A/cattle/Texas/24-008749-003/2024(H5N1)	1954	527
PB2|PP755596.1|A/cattle/Texas/24-008749-003/2024(H5N1)	1955	533
PB2|PP755596.1|A/cattle/Texas/24-008749-003/2024(H5N1)	1956	534
PB2|PP755596.1|A/cattle/Texas/24-008749-003/2024(H5N1)	1957	525
PB2|PP755596.1|A/cattle/Texas/24-008749-003/2024(H5N1)	1958	523
PB2|PP755596.1|A/cattle/Texas/24-008749-003/2024(H5N1)	1959	521
PB2|PP755596.1|A/cattle/Texas/24-008749-003/2024(H5N1)	1960	531
PB2|PP755596.1|A/cattle/Texas/24-008749-003/2024(H5N1)	1961	531
PB2|PP755596.1|A/cattle/Texas/24-008749-003/2024(H5N1)	1962	526
PB2|PP755596.1|A/cattle/Texas/24-008749-003/2024(H5N1)	1963	536
PB2|PP755596.1|A/cattle/Texas/24-008749-003/2024(H5N1)	1964	527
PB2|PP755596.1|A/cattle/Texas/24-008749-003/2024(H5N1)	1965	535
PB2|PP755596.1|A/cattle/Texas/24-008749-003/2024(H5N1)	1966	552
PB2|PP755596.1|A/cattle/Texas/24-008749-003/2024(H5N1)	1967	550
PB2|PP755596.1|A/cattle/Texas/24-008749-003/2024(H5N1)	1968	552
PB2|PP755596.1|A/cattle/Texas/24-008749-003/2024(H5N1)	1969	555
PB2|PP755596.1|A/cattle/Texas/24-008749-003/2024(H5N1)	1970	561
PB2|PP755596.1|A/cattle/Texas/24-008749-003/2024(H5N1)	1971	562
PB2|PP755596.1|A/cattle/Texas/24-008749-003/2024(H5N1)	1972	564
PB2|PP755596.1|A/cattle/Texas/24-008749-003/2024(H5N1)	1973	560
PB2|PP755596.1|A/cattle/Texas/24-008749-003/2024(H5N1)	1974	551
PB2|PP755596.1|A/cattle/Texas/24-008749-003/2024(H5N1)	1975	558
PB2|PP755596.1|A/cattle/Texas/24-008749-003/2024(H5N1)	1976	558
PB2|PP755596.1|A/cattle/Texas/24-008749-003/2024(H5N1)	1977	557
PB2|PP755596.1|A/cattle/Texas/24-008749-003/2024(H5N1)	1978	554
PB2|PP755596.1|A/cattle/Texas/24-008749-003/2024(H5N1)	1979	555
PB2|PP755596.1|A/cattle/Texas/24-008749-003/2024(H5N1)	1980	560
PB2|PP755596.1|A/cattle/Texas/24-008749-003/2024(H5N1)	1981	590
PB2|PP755596.1|A/cattle/Texas/24-008749-003/2024(H5N1)	1982	590
PB2|PP755596.1|A/cattle/Texas/24-008749-003/2024(H5N1)	1983	588
PB2|PP755596.1|A/cattle/Texas/24-008749-003/2024(H5N1)	1984	595
PB2|PP755596.1|A/cattle/Texas/24-008749-003/2024(H5N1)	1985	598
PB2|PP755596.1|A/cattle/Texas/24-008749-003/2024(H5N1)	1986	598
PB2|PP755596.1|A/cattle/Texas/24-008749-003/2024(H5N1)	1987	598
PB2|PP755596.1|A/cattle/Texas/24-008749-003/2024(H5N1)	1988	597
PB2|PP755596.1|A/cattle/Texas/24-008749-003/2024(H5N1)	1989	600
PB2|PP755596.1|A/cattle/Texas/24-008749-003/2024(H5N1)	1990	596
PB2|PP755596.1|A/cattle/Texas/24-008749-003/2024(H5N1)	1991	597
PB2|PP755596.1|A/cattle/Texas/24-008749-003/2024(H5N1)	1992	600
PB2|PP755596.1|A/cattle/Texas/24-008749-003/2024(H5N1)	1993	600
PB2|PP755596.1|A/cattle/Texas/24-008749-003/2024(H5N1)	1994	599
PB2|PP755596.1|A/cattle/Texas/24-008749-003/2024(H5N1)	1995	594
PB2|PP755596.1|A/cattle/Texas/24-008749-003/2024(H5N1)	1996	592
PB2|PP755596.1|A/cattle/Texas/24-008749-003/2024(H5N1)	1997	591
PB2|PP755596.1|A/cattle/Texas/24-008749-003/2024(H5N1)	1998	594
PB2|PP755596.1|A/cattle/Texas/24-008749-003/2024(H5N1)	1999	593
PB2|PP755596.1|A/cattle/Texas/24-008749-003/2024(H5N1)	2000	593
PB2|PP755596.1|A/cattle/Texas/24-008749-003/2024(H5N1)	2001	593
PB2|PP755596.1|A/cattle/Texas/24-008749-003/2024(H5N1)	2002	588
PB2|PP755596.1|A/cattle/Texas/24-008749-003/2024(H5N1)	2003	588
PB2|PP755596.1|A/cattle/Texas/24-008749-003/2024(H5N1)	2004	587
PB2|PP755596.1|A/cattle/Texas/24-008749-003/2024(H5N1)	2005	590
PB2|PP755596.1|A/cattle/Texas/24-008749-003/2024(H5N1)	2006	589
PB2|PP755596.1|A/cattle/Texas/24-008749-003/2024(H5N1)	2007	589
PB2|PP755596.1|A/cattle/Texas/24-008749-003/2024(H5N1)	2008	585
PB2|PP755596.1|A/cattle/Texas/24-008749-003/2024(H5N1)	2009	590
PB2|PP755596.1|A/cattle/Texas/24-008749-003/2024(H5N1)	2010	590
PB2|PP755596.1|A/cattle/Texas/24-008749-003/2024(H5N1)	2011	594
PB2|PP755596.1|A/cattle/Texas/24-008749-003/2024(H5N1)	2012	600
PB2|PP755596.1|A/cattle/Texas/24-008749-003/2024(H5N1)	2013	600
PB2|PP755596.1|A/cattle/Texas/24-008749-003/2024(H5N1)	2014	602
PB2|PP755596.1|A/cattle/Texas/24-008749-003/2024(H5N1)	2015	602
PB2|PP755596.1|A/cattle/Texas/24-008749-003/2024(H5N1)	2016	602
PB2|PP755596.1|A/cattle/Texas/24-008749-003/2024(H5N1)	2017	602
PB2|PP755596.1|A/cattle/Texas/24-008749-003/2024(H5N1)	2018	606
PB2|PP755596.1|A/cattle/Texas/24-008749-003/2024(H5N1)	2019	595
PB2|PP755596.1|A/cattle/Texas/24-008749-003/2024(H5N1)	2020	597
PB2|PP755596.1|A/cattle/Texas/24-008749-003/2024(H5N1)	2021	596
PB2|PP755596.1|A/cattle/Texas/24-008749-003/2024(H5N1)	2022	594
PB2|PP755596.1|A/cattle/Texas/24-008749-003/2024(H5N1)	2023	594
PB2|PP755596.1|A/cattle/Texas/24-008749-003/2024(H5N1)	2024	585
PB2|PP755596.1|A/cattle/Texas/24-008749-003/2024(H5N1)	2025	586
PB2|PP755596.1|A/cattle/Texas/24-008749-003/2024(H5N1)	2026	580
PB2|PP755596.1|A/cattle/Texas/24-008749-003/2024(H5N1)	2027	586
PB2|PP755596.1|A/cattle/Texas/24-008749-003/2024(H5N1)	2028	593
PB2|PP755596.1|A/cattle/Texas/24-008749-003/2024(H5N1)	2029	592
PB2|PP755596.1|A/cattle/Texas/24-008749-003/2024(H5N1)	2030	593
PB2|PP755596.1|A/cattle/Texas/24-008749-003/2024(H5N1)	2031	589
PB2|PP755596.1|A/cattle/Texas/24-008749-003/2024(H5N1)	2032	596
PB2|PP755596.1|A/cattle/Texas/24-008749-003/2024(H5N1)	2033	598
PB2|PP755596.1|A/cattle/Texas/24-008749-003/2024(H5N1)	2034	597
PB2|PP755596.1|A/cattle/Texas/24-008749-003/2024(H5N1)	2035	595
PB2|PP755596.1|A/cattle/Texas/24-008749-003/2024(H5N1)	2036	594
PB2|PP755596.1|A/cattle/Texas/24-008749-003/2024(H5N1)	2037	583
PB2|PP755596.1|A/cattle/Texas/24-008749-003/2024(H5N1)	2038	582
PB2|PP755596.1|A/cattle/Texas/24-008749-003/2024(H5N1)	2039	590
PB2|PP755596.1|A/cattle/Texas/24-008749-003/2024(H5N1)	2040	592
PB2|PP755596.1|A/cattle/Texas/24-008749-003/2024(H5N1)	2041	591
PB2|PP755596.1|A/cattle/Texas/24-008749-003/2024(H5N1)	2042	584
PB2|PP755596.1|A/cattle/Texas/24-008749-003/2024(H5N1)	2043	584
PB2|PP755596.1|A/cattle/Texas/24-008749-003/2024(H5N1)	2044	584
PB2|PP755596.1|A/cattle/Texas/24-008749-003/2024(H5N1)	2045	584
PB2|PP755596.1|A/cattle/Texas/24-008749-003/2024(H5N1)	2046	584
PB2|PP755596.1|A/cattle/Texas/24-008749-003/2024(H5N1)	2047	580
PB2|PP755596.1|A/cattle/Texas/24-008749-003/2024(H5N1)	2048	577
PB2|PP755596.1|A/cattle/Texas/24-008749-003/2024(H5N1)	2049	576
PB2|PP755596.1|A/cattle/Texas/24-008749-003/2024(H5N1)	2050	591
PB2|PP755596.1|A/cattle/Texas/24-008749-003/2024(H5N1)	2051	598
PB2|PP755596.1|A/cattle/Texas/24-008749-003/2024(H5N1)	2052	598
PB2|PP755596.1|A/cattle/Texas/24-008749-003/2024(H5N1)	2053	602
PB2|PP755596.1|A/cattle/Texas/24-008749-003/2024(H5N1)	2054	614
PB2|PP755596.1|A/cattle/Texas/24-008749-003/2024(H5N1)	2055	613
PB2|PP755596.1|A/cattle/Texas/24-008749-003/2024(H5N1)	2056	611
PB2|PP755596.1|A/cattle/Texas/24-008749-003/2024(H5N1)	2057	608
PB2|PP755596.1|A/cattle/Texas/24-008749-003/2024(H5N1)	2058	613
PB2|PP755596.1|A/cattle/Texas/24-008749-003/2024(H5N1)	2059	609
PB2|PP755596.1|A/cattle/Texas/24-008749-003/2024(H5N1)	2060	607
PB2|PP755596.1|A/cattle/Texas/24-008749-003/2024(H5N1)	2061	615
PB2|PP755596.1|A/cattle/Texas/24-008749-003/2024(H5N1)	2062	614
PB2|PP755596.1|A/cattle/Texas/24-008749-003/2024(H5N1)	2063	632
PB2|PP755596.1|A/cattle/Texas/24-008749-003/2024(H5N1)	2064	627
PB2|PP755596.1|A/cattle/Texas/24-008749-003/2024(H5N1)	2065	627
PB2|PP755596.1|A/cattle/Texas/24-008749-003/2024(H5N1)	2066	623
PB2|PP755596.1|A/cattle/Texas/24-008749-003/2024(H5N1)	2067	620
PB2|PP755596.1|A/cattle/Texas/24-008749-003/2024(H5N1)	2068	624
PB2|PP755596.1|A/cattle/Texas/24-008749-003/2024(H5N1)	2069	626
PB2|PP755596.1|A/cattle/Texas/24-008749-003/2024(H5N1)	2070	624
PB2|PP755596.1|A/cattle/Texas/24-008749-003/2024(H5N1)	2071	624
PB2|PP755596.1|A/cattle/Texas/24-008749-003/2024(H5N1)	2072	625
PB2|PP755596.1|A/cattle/Texas/24-008749-003/2024(H5N1)	2073	623
PB2|PP755596.1|A/cattle/Texas/24-008749-003/2024(H5N1)	2074	621
PB2|PP755596.1|A/cattle/Texas/24-008749-003/2024(H5N1)	2075	621
PB2|PP755596.1|A/cattle/Texas/24-008749-003/2024(H5N1)	2076	618
PB2|PP755596.1|A/cattle/Texas/24-008749-003/2024(H5N1)	2077	594
PB2|PP755596.1|A/cattle/Texas/24-008749-003/2024(H5N1)	2078	587
PB2|PP755596.1|A/cattle/Texas/24-008749-003/2024(H5N1)	2079	586
PB2|PP755596.1|A/cattle/Texas/24-008749-003/2024(H5N1)	2080	586
PB2|PP755596.1|A/cattle/Texas/24-008749-003/2024(H5N1)	2081	585
PB2|PP755596.1|A/cattle/Texas/24-008749-003/2024(H5N1)	2082	585
PB2|PP755596.1|A/cattle/Texas/24-008749-003/2024(H5N1)	2083	583
PB2|PP755596.1|A/cattle/Texas/24-008749-003/2024(H5N1)	2084	592
PB2|PP755596.1|A/cattle/Texas/24-008749-003/2024(H5N1)	2085	593
PB2|PP755596.1|A/cattle/Texas/24-008749-003/2024(H5N1)	2086	600
PB2|PP755596.1|A/cattle/Texas/24-008749-003/2024(H5N1)	2087	601
PB2|PP755596.1|A/cattle/Texas/24-008749-003/2024(H5N1)	2088	567
PB2|PP755596.1|A/cattle/Texas/24-008749-003/2024(H5N1)	2089	575
PB2|PP755596.1|A/cattle/Texas/24-008749-003/2024(H5N1)	2090	573
PB2|PP755596.1|A/cattle/Texas/24-008749-003/2024(H5N1)	2091	578
PB2|PP755596.1|A/cattle/Texas/24-008749-003/2024(H5N1)	2092	577
PB2|PP755596.1|A/cattle/Texas/24-008749-003/2024(H5N1)	2093	576
PB2|PP755596.1|A/cattle/Texas/24-008749-003/2024(H5N1)	2094	568
PB2|PP755596.1|A/cattle/Texas/24-008749-003/2024(H5N1)	2095	567
PB2|PP755596.1|A/cattle/Texas/24-008749-003/2024(H5N1)	2096	566
PB2|PP755596.1|A/cattle/Texas/24-008749-003/2024(H5N1)	2097	564
PB2|PP755596.1|A/cattle/Texas/24-008749-003/2024(H5N1)	2098	566
PB2|PP755596.1|A/cattle/Texas/24-008749-003/2024(H5N1)	2099	564
PB2|PP755596.1|A/cattle/Texas/24-008749-003/2024(H5N1)	2100	563
PB2|PP755596.1|A/cattle/Texas/24-008749-003/2024(H5N1)	2101	563
PB2|PP755596.1|A/cattle/Texas/24-008749-003/2024(H5N1)	2102	562
PB2|PP755596.1|A/cattle/Texas/24-008749-003/2024(H5N1)	2103	560
PB2|PP755596.1|A/cattle/Texas/24-008749-003/2024(H5N1)	2104	558
PB2|PP755596.1|A/cattle/Texas/24-008749-003/2024(H5N1)	2105	559
PB2|PP755596.1|A/cattle/Texas/24-008749-003/2024(H5N1)	2106	558
PB2|PP755596.1|A/cattle/Texas/24-008749-003/2024(H5N1)	2107	555
PB2|PP755596.1|A/cattle/Texas/24-008749-003/2024(H5N1)	2108	557
PB2|PP755596.1|A/cattle/Texas/24-008749-003/2024(H5N1)	2109	557
PB2|PP755596.1|A/cattle/Texas/24-008749-003/2024(H5N1)	2110	552
PB2|PP755596.1|A/cattle/Texas/24-008749-003/2024(H5N1)	2111	551
PB2|PP755596.1|A/cattle/Texas/24-008749-003/2024(H5N1)	2112	546
PB2|PP755596.1|A/cattle/Texas/24-008749-003/2024(H5N1)	2113	646
PB2|PP755596.1|A/cattle/Texas/24-008749-003/2024(H5N1)	2114	656
PB2|PP755596.1|A/cattle/Texas/24-008749-003/2024(H5N1)	2115	651
PB2|PP755596.1|A/cattle/Texas/24-008749-003/2024(H5N1)	2116	648
PB2|PP755596.1|A/cattle/Texas/24-008749-003/2024(H5N1)	2117	647
PB2|PP755596.1|A/cattle/Texas/24-008749-003/2024(H5N1)	2118	621
PB2|PP755596.1|A/cattle/Texas/24-008749-003/2024(H5N1)	2119	625
PB2|PP755596.1|A/cattle/Texas/24-008749-003/2024(H5N1)	2120	625
PB2|PP755596.1|A/cattle/Texas/24-008749-003/2024(H5N1)	2121	614
PB2|PP755596.1|A/cattle/Texas/24-008749-003/2024(H5N1)	2122	614
PB2|PP755596.1|A/cattle/Texas/24-008749-003/2024(H5N1)	2123	608
PB2|PP755596.1|A/cattle/Texas/24-008749-003/2024(H5N1)	2124	609
PB2|PP755596.1|A/cattle/Texas/24-008749-003/2024(H5N1)	2125	609
PB2|PP755596.1|A/cattle/Texas/24-008749-003/2024(H5N1)	2126	608
PB2|PP755596.1|A/cattle/Texas/24-008749-003/2024(H5N1)	2127	608
PB2|PP755596.1|A/cattle/Texas/24-008749-003/2024(H5N1)	2128	599
PB2|PP755596.1|A/cattle/Texas/24-008749-003/2024(H5N1)	2129	609
PB2|PP755596.1|A/cattle/Texas/24-008749-003/2024(H5N1)	2130	609
PB2|PP755596.1|A/cattle/Texas/24-008749-003/2024(H5N1)	2131	610
PB2|PP755596.1|A/cattle/Texas/24-008749-003/2024(H5N1)	2132	608
PB2|PP755596.1|A/cattle/Texas/24-008749-003/2024(H5N1)	2133	603
PB2|PP755596.1|A/cattle/Texas/24-008749-003/2024(H5N1)	2134	606
PB2|PP755596.1|A/cattle/Texas/24-008749-003/2024(H5N1)	2135	604
PB2|PP755596.1|A/cattle/Texas/24-008749-003/2024(H5N1)	2136	603
PB2|PP755596.1|A/cattle/Texas/24-008749-003/2024(H5N1)	2137	596
PB2|PP755596.1|A/cattle/Texas/24-008749-003/2024(H5N1)	2138	581
PB2|PP755596.1|A/cattle/Texas/24-008749-003/2024(H5N1)	2139	581
PB2|PP755596.1|A/cattle/Texas/24-008749-003/2024(H5N1)	2140	579
PB2|PP755596.1|A/cattle/Texas/24-008749-003/2024(H5N1)	2141	581
PB2|PP755596.1|A/cattle/Texas/24-008749-003/2024(H5N1)	2142	576
PB2|PP755596.1|A/cattle/Texas/24-008749-003/2024(H5N1)	2143	571
PB2|PP755596.1|A/cattle/Texas/24-008749-003/2024(H5N1)	2144	569
PB2|PP755596.1|A/cattle/Texas/24-008749-003/2024(H5N1)	2145	566
PB2|PP755596.1|A/cattle/Texas/24-008749-003/2024(H5N1)	2146	561
PB2|PP755596.1|A/cattle/Texas/24-008749-003/2024(H5N1)	2147	561
PB2|PP755596.1|A/cattle/Texas/24-008749-003/2024(H5N1)	2148	558
PB2|PP755596.1|A/cattle/Texas/24-008749-003/2024(H5N1)	2149	580
PB2|PP755596.1|A/cattle/Texas/24-008749-003/2024(H5N1)	2150	580
PB2|PP755596.1|A/cattle/Texas/24-008749-003/2024(H5N1)	2151	578
PB2|PP755596.1|A/cattle/Texas/24-008749-003/2024(H5N1)	2152	580
PB2|PP755596.1|A/cattle/Texas/24-008749-003/2024(H5N1)	2153	569
PB2|PP755596.1|A/cattle/Texas/24-008749-003/2024(H5N1)	2154	571
PB2|PP755596.1|A/cattle/Texas/24-008749-003/2024(H5N1)	2155	569
PB2|PP755596.1|A/cattle/Texas/24-008749-003/2024(H5N1)	2156	569
PB2|PP755596.1|A/cattle/Texas/24-008749-003/2024(H5N1)	2157	567
PB2|PP755596.1|A/cattle/Texas/24-008749-003/2024(H5N1)	2158	567
PB2|PP755596.1|A/cattle/Texas/24-008749-003/2024(H5N1)	2159	564
PB2|PP755596.1|A/cattle/Texas/24-008749-003/2024(H5N1)	2160	566
PB2|PP755596.1|A/cattle/Texas/24-008749-003/2024(H5N1)	2161	563
PB2|PP755596.1|A/cattle/Texas/24-008749-003/2024(H5N1)	2162	560
PB2|PP755596.1|A/cattle/Texas/24-008749-003/2024(H5N1)	2163	557
PB2|PP755596.1|A/cattle/Texas/24-008749-003/2024(H5N1)	2164	554
PB2|PP755596.1|A/cattle/Texas/24-008749-003/2024(H5N1)	2165	553
PB2|PP755596.1|A/cattle/Texas/24-008749-003/2024(H5N1)	2166	553
PB2|PP755596.1|A/cattle/Texas/24-008749-003/2024(H5N1)	2167	552
PB2|PP755596.1|A/cattle/Texas/24-008749-003/2024(H5N1)	2168	552
PB2|PP755596.1|A/cattle/Texas/24-008749-003/2024(H5N1)	2169	551
PB2|PP755596.1|A/cattle/Texas/24-008749-003/2024(H5N1)	2170	551
PB2|PP755596.1|A/cattle/Texas/24-008749-003/2024(H5N1)	2171	548
PB2|PP755596.1|A/cattle/Texas/24-008749-003/2024(H5N1)	2172	545
PB2|PP755596.1|A/cattle/Texas/24-008749-003/2024(H5N1)	2173	542
PB2|PP755596.1|A/cattle/Texas/24-008749-003/2024(H5N1)	2174	540
PB2|PP755596.1|A/cattle/Texas/24-008749-003/2024(H5N1)	2175	540
PB2|PP755596.1|A/cattle/Texas/24-008749-003/2024(H5N1)	2176	535
PB2|PP755596.1|A/cattle/Texas/24-008749-003/2024(H5N1)	2177	534
PB2|PP755596.1|A/cattle/Texas/24-008749-003/2024(H5N1)	2178	529
PB2|PP755596.1|A/cattle/Texas/24-008749-003/2024(H5N1)	2179	523
PB2|PP755596.1|A/cattle/Texas/24-008749-003/2024(H5N1)	2180	521
PB2|PP755596.1|A/cattle/Texas/24-008749-003/2024(H5N1)	2181	519
PB2|PP755596.1|A/cattle/Texas/24-008749-003/2024(H5N1)	2182	519
PB2|PP755596.1|A/cattle/Texas/24-008749-003/2024(H5N1)	2183	518
PB2|PP755596.1|A/cattle/Texas/24-008749-003/2024(H5N1)	2184	517
PB2|PP755596.1|A/cattle/Texas/24-008749-003/2024(H5N1)	2185	514
PB2|PP755596.1|A/cattle/Texas/24-008749-003/2024(H5N1)	2186	514
PB2|PP755596.1|A/cattle/Texas/24-008749-003/2024(H5N1)	2187	512
PB2|PP755596.1|A/cattle/Texas/24-008749-003/2024(H5N1)	2188	505
PB2|PP755596.1|A/cattle/Texas/24-008749-003/2024(H5N1)	2189	500
PB2|PP755596.1|A/cattle/Texas/24-008749-003/2024(H5N1)	2190	498
PB2|PP755596.1|A/cattle/Texas/24-008749-003/2024(H5N1)	2191	498
PB2|PP755596.1|A/cattle/Texas/24-008749-003/2024(H5N1)	2192	534
PB2|PP755596.1|A/cattle/Texas/24-008749-003/2024(H5N1)	2193	536
PB2|PP755596.1|A/cattle/Texas/24-008749-003/2024(H5N1)	2194	530
PB2|PP755596.1|A/cattle/Texas/24-008749-003/2024(H5N1)	2195	522
PB2|PP755596.1|A/cattle/Texas/24-008749-003/2024(H5N1)	2196	523
PB2|PP755596.1|A/cattle/Texas/24-008749-003/2024(H5N1)	2197	518
PB2|PP755596.1|A/cattle/Texas/24-008749-003/2024(H5N1)	2198	516
PB2|PP755596.1|A/cattle/Texas/24-008749-003/2024(H5N1)	2199	513
PB2|PP755596.1|A/cattle/Texas/24-008749-003/2024(H5N1)	2200	511
PB2|PP755596.1|A/cattle/Texas/24-008749-003/2024(H5N1)	2201	511
PB2|PP755596.1|A/cattle/Texas/24-008749-003/2024(H5N1)	2202	503
PB2|PP755596.1|A/cattle/Texas/24-008749-003/2024(H5N1)	2203	503
PB2|PP755596.1|A/cattle/Texas/24-008749-003/2024(H5N1)	2204	503
PB2|PP755596.1|A/cattle/Texas/24-008749-003/2024(H5N1)	2205	502
PB2|PP755596.1|A/cattle/Texas/24-008749-003/2024(H5N1)	2206	501
PB2|PP755596.1|A/cattle/Texas/24-008749-003/2024(H5N1)	2207	500
PB2|PP755596.1|A/cattle/Texas/24-008749-003/2024(H5N1)	2208	505
PB2|PP755596.1|A/cattle/Texas/24-008749-003/2024(H5N1)	2209	499
PB2|PP755596.1|A/cattle/Texas/24-008749-003/2024(H5N1)	2210	500
PB2|PP755596.1|A/cattle/Texas/24-008749-003/2024(H5N1)	2211	500
PB2|PP755596.1|A/cattle/Texas/24-008749-003/2024(H5N1)	2212	500
PB2|PP755596.1|A/cattle/Texas/24-008749-003/2024(H5N1)	2213	499
PB2|PP755596.1|A/cattle/Texas/24-008749-003/2024(H5N1)	2214	496
PB2|PP755596.1|A/cattle/Texas/24-008749-003/2024(H5N1)	2215	490
PB2|PP755596.1|A/cattle/Texas/24-008749-003/2024(H5N1)	2216	488
PB2|PP755596.1|A/cattle/Texas/24-008749-003/2024(H5N1)	2217	488
PB2|PP755596.1|A/cattle/Texas/24-008749-003/2024(H5N1)	2218	489
PB2|PP755596.1|A/cattle/Texas/24-008749-003/2024(H5N1)	2219	489
PB2|PP755596.1|A/cattle/Texas/24-008749-003/2024(H5N1)	2220	488
PB2|PP755596.1|A/cattle/Texas/24-008749-003/2024(H5N1)	2221	482
PB2|PP755596.1|A/cattle/Texas/24-008749-003/2024(H5N1)	2222	481
PB2|PP755596.1|A/cattle/Texas/24-008749-003/2024(H5N1)	2223	480
PB2|PP755596.1|A/cattle/Texas/24-008749-003/2024(H5N1)	2224	478
PB2|PP755596.1|A/cattle/Texas/24-008749-003/2024(H5N1)	2225	476
PB2|PP755596.1|A/cattle/Texas/24-008749-003/2024(H5N1)	2226	474
PB2|PP755596.1|A/cattle/Texas/24-008749-003/2024(H5N1)	2227	472
PB2|PP755596.1|A/cattle/Texas/24-008749-003/2024(H5N1)	2228	474
PB2|PP755596.1|A/cattle/Texas/24-008749-003/2024(H5N1)	2229	457
PB2|PP755596.1|A/cattle/Texas/24-008749-003/2024(H5N1)	2230	450
PB2|PP755596.1|A/cattle/Texas/24-008749-003/2024(H5N1)	2231	401
PB2|PP755596.1|A/cattle/Texas/24-008749-003/2024(H5N1)	2232	400
PB2|PP755596.1|A/cattle/Texas/24-008749-003/2024(H5N1)	2233	396
PB2|PP755596.1|A/cattle/Texas/24-008749-003/2024(H5N1)	2234	396
PB2|PP755596.1|A/cattle/Texas/24-008749-003/2024(H5N1)	2235	394
PB2|PP755596.1|A/cattle/Texas/24-008749-003/2024(H5N1)	2236	393
PB2|PP755596.1|A/cattle/Texas/24-008749-003/2024(H5N1)	2237	387
PB2|PP755596.1|A/cattle/Texas/24-008749-003/2024(H5N1)	2238	386
PB2|PP755596.1|A/cattle/Texas/24-008749-003/2024(H5N1)	2239	358
PB2|PP755596.1|A/cattle/Texas/24-008749-003/2024(H5N1)	2240	354
PB2|PP755596.1|A/cattle/Texas/24-008749-003/2024(H5N1)	2241	349
PB2|PP755596.1|A/cattle/Texas/24-008749-003/2024(H5N1)	2242	349
PB2|PP755596.1|A/cattle/Texas/24-008749-003/2024(H5N1)	2243	348
PB2|PP755596.1|A/cattle/Texas/24-008749-003/2024(H5N1)	2244	347
PB2|PP755596.1|A/cattle/Texas/24-008749-003/2024(H5N1)	2245	346
PB2|PP755596.1|A/cattle/Texas/24-008749-003/2024(H5N1)	2246	345
PB2|PP755596.1|A/cattle/Texas/24-008749-003/2024(H5N1)	2247	340
PB2|PP755596.1|A/cattle/Texas/24-008749-003/2024(H5N1)	2248	339
PB2|PP755596.1|A/cattle/Texas/24-008749-003/2024(H5N1)	2249	327
PB2|PP755596.1|A/cattle/Texas/24-008749-003/2024(H5N1)	2250	327
PB2|PP755596.1|A/cattle/Texas/24-008749-003/2024(H5N1)	2251	325
PB2|PP755596.1|A/cattle/Texas/24-008749-003/2024(H5N1)	2252	322
PB2|PP755596.1|A/cattle/Texas/24-008749-003/2024(H5N1)	2253	319
PB2|PP755596.1|A/cattle/Texas/24-008749-003/2024(H5N1)	2254	320
PB2|PP755596.1|A/cattle/Texas/24-008749-003/2024(H5N1)	2255	319
PB2|PP755596.1|A/cattle/Texas/24-008749-003/2024(H5N1)	2256	318
PB2|PP755596.1|A/cattle/Texas/24-008749-003/2024(H5N1)	2257	316
PB2|PP755596.1|A/cattle/Texas/24-008749-003/2024(H5N1)	2258	314
PB2|PP755596.1|A/cattle/Texas/24-008749-003/2024(H5N1)	2259	310
PB2|PP755596.1|A/cattle/Texas/24-008749-003/2024(H5N1)	2260	289
PB2|PP755596.1|A/cattle/Texas/24-008749-003/2024(H5N1)	2261	284
PB2|PP755596.1|A/cattle/Texas/24-008749-003/2024(H5N1)	2262	281
PB2|PP755596.1|A/cattle/Texas/24-008749-003/2024(H5N1)	2263	262
PB2|PP755596.1|A/cattle/Texas/24-008749-003/2024(H5N1)	2264	261
PB2|PP755596.1|A/cattle/Texas/24-008749-003/2024(H5N1)	2265	260
PB2|PP755596.1|A/cattle/Texas/24-008749-003/2024(H5N1)	2266	260
PB2|PP755596.1|A/cattle/Texas/24-008749-003/2024(H5N1)	2267	254
PB2|PP755596.1|A/cattle/Texas/24-008749-003/2024(H5N1)	2268	253
PB2|PP755596.1|A/cattle/Texas/24-008749-003/2024(H5N1)	2269	246
PB2|PP755596.1|A/cattle/Texas/24-008749-003/2024(H5N1)	2270	243
PB2|PP755596.1|A/cattle/Texas/24-008749-003/2024(H5N1)	2271	243
PB2|PP755596.1|A/cattle/Texas/24-008749-003/2024(H5N1)	2272	243
PB2|PP755596.1|A/cattle/Texas/24-008749-003/2024(H5N1)	2273	243
PB2|PP755596.1|A/cattle/Texas/24-008749-003/2024(H5N1)	2274	242
PB2|PP755596.1|A/cattle/Texas/24-008749-003/2024(H5N1)	2275	239
PB2|PP755596.1|A/cattle/Texas/24-008749-003/2024(H5N1)	2276	237
PB2|PP755596.1|A/cattle/Texas/24-008749-003/2024(H5N1)	2277	236
PB2|PP755596.1|A/cattle/Texas/24-008749-003/2024(H5N1)	2278	226
PB2|PP755596.1|A/cattle/Texas/24-008749-003/2024(H5N1)	2279	213
PB2|PP755596.1|A/cattle/Texas/24-008749-003/2024(H5N1)	2280	213
