NP|PP755592.1|A/cattle/Texas/24-008749-003/2024(H5N1)	1	1403
NP|PP755592.1|A/cattle/Texas/24-008749-003/2024(H5N1)	2	1409
NP|PP755592.1|A/cattle/Texas/24-008749-003/2024(H5N1)	3	1409
NP|PP755592.1|A/cattle/Texas/24-008749-003/2024(H5N1)	4	1411
NP|PP755592.1|A/cattle/Texas/24-008749-003/2024(H5N1)	5	1427
NP|PP755592.1|A/cattle/Texas/24-008749-003/2024(H5N1)	6	1439
NP|PP755592.1|A/cattle/Texas/24-008749-003/2024(H5N1)	7	1459
NP|PP755592.1|A/cattle/Texas/24-008749-003/2024(H5N1)	8	1471
NP|PP755592.1|A/cattle/Texas/24-008749-003/2024(H5N1)	9	1495
NP|PP755592.1|A/cattle/Texas/24-008749-003/2024(H5N1)	10	1508
NP|PP755592.1|A/cattle/Texas/24-008749-003/2024(H5N1)	11	1521
NP|PP755592.1|A/cattle/Texas/24-008749-003/2024(H5N1)	12	1521
NP|PP755592.1|A/cattle/Texas/24-008749-003/2024(H5N1)	13	1531
NP|PP755592.1|A/cattle/Texas/24-008749-003/2024(H5N1)	14	1563
NP|PP755592.1|A/cattle/Texas/24-008749-003/2024(H5N1)	15	1568
NP|PP755592.1|A/cattle/Texas/24-008749-003/2024(H5N1)	16	1569
NP|PP755592.1|A/cattle/Texas/24-008749-003/2024(H5N1)	17	1572
NP|PP755592.1|A/cattle/Texas/24-008749-003/2024(H5N1)	18	1573
NP|PP755592.1|A/cattle/Texas/24-008749-003/2024(H5N1)	19	1588
NP|PP755592.1|A/cattle/Texas/24-008749-003/2024(H5N1)	20	1593
NP|PP755592.1|A/cattle/Texas/24-008749-003/2024(H5N1)	21	1599
NP|PP755592.1|A/cattle/Texas/24-008749-003/2024(H5N1)	22	1605
NP|PP755592.1|A/cattle/Texas/24-008749-003/2024(H5N1)	23	1605
NP|PP755592.1|A/cattle/Texas/24-008749-003/2024(H5N1)	24	1640
NP|PP755592.1|A/cattle/Texas/24-008749-003/2024(H5N1)	25	1657
NP|PP755592.1|A/cattle/Texas/24-008749-003/2024(H5N1)	26	1695
NP|PP755592.1|A/cattle/Texas/24-008749-003/2024(H5N1)	27	1699
NP|PP755592.1|A/cattle/Texas/24-008749-003/2024(H5N1)	28	1707
NP|PP755592.1|A/cattle/Texas/24-008749-003/2024(H5N1)	29	1713
NP|PP755592.1|A/cattle/Texas/24-008749-003/2024(H5N1)	30	1714
NP|PP755592.1|A/cattle/Texas/24-008749-003/2024(H5N1)	31	1733
NP|PP755592.1|A/cattle/Texas/24-008749-003/2024(H5N1)	32	1740
NP|PP755592.1|A/cattle/Texas/24-008749-003/2024(H5N1)	33	1737
NP|PP755592.1|A/cattle/Texas/24-008749-003/2024(H5N1)	34	1742
NP|PP755592.1|A/cattle/Texas/24-008749-003/2024(H5N1)	35	1738
NP|PP755592.1|A/cattle/Texas/24-008749-003/2024(H5N1)	36	1754
NP|PP755592.1|A/cattle/Texas/24-008749-003/2024(H5N1)	37	1766
NP|PP755592.1|A/cattle/Texas/24-008749-003/2024(H5N1)	38	1768
NP|PP755592.1|A/cattle/Texas/24-008749-003/2024(H5N1)	39	1771
NP|PP755592.1|A/cattle/Texas/24-008749-003/2024(H5N1)	40	1784
NP|PP755592.1|A/cattle/Texas/24-008749-003/2024(H5N1)	41	1789
NP|PP755592.1|A/cattle/Texas/24-008749-003/2024(H5N1)	42	1791
NP|PP755592.1|A/cattle/Texas/24-008749-003/2024(H5N1)	43	1796
NP|PP755592.1|A/cattle/Texas/24-008749-003/2024(H5N1)	44	1822
NP|PP755592.1|A/cattle/Texas/24-008749-003/2024(H5N1)	45	1821
NP|PP755592.1|A/cattle/Texas/24-008749-003/2024(H5N1)	46	1827
NP|PP755592.1|A/cattle/Texas/24-008749-003/2024(H5N1)	47	1832
NP|PP755592.1|A/cattle/Texas/24-008749-003/2024(H5N1)	48	1834
NP|PP755592.1|A/cattle/Texas/24-008749-003/2024(H5N1)	49	1835
NP|PP755592.1|A/cattle/Texas/24-008749-003/2024(H5N1)	50	1843
NP|PP755592.1|A/cattle/Texas/24-008749-003/2024(H5N1)	51	1843
NP|PP755592.1|A/cattle/Texas/24-008749-003/2024(H5N1)	52	1854
NP|PP755592.1|A/cattle/Texas/24-008749-003/2024(H5N1)	53	1853
NP|PP755592.1|A/cattle/Texas/24-008749-003/2024(H5N1)	54	1856
NP|PP755592.1|A/cattle/Texas/24-008749-003/2024(H5N1)	55	1874
NP|PP755592.1|A/cattle/Texas/24-008749-003/2024(H5N1)	56	1875
NP|PP755592.1|A/cattle/Texas/24-008749-003/2024(H5N1)	57	1902
NP|PP755592.1|A/cattle/Texas/24-008749-003/2024(H5N1)	58	1902
NP|PP755592.1|A/cattle/Texas/24-008749-003/2024(H5N1)	59	1913
NP|PP755592.1|A/cattle/Texas/24-008749-003/2024(H5N1)	60	1916
NP|PP755592.1|A/cattle/Texas/24-008749-003/2024(H5N1)	61	1921
NP|PP755592.1|A/cattle/Texas/24-008749-003/2024(H5N1)	62	1945
NP|PP755592.1|A/cattle/Texas/24-008749-003/2024(H5N1)	63	1948
NP|PP755592.1|A/cattle/Texas/24-008749-003/2024(H5N1)	64	1944
NP|PP755592.1|A/cattle/Texas/24-008749-003/2024(H5N1)	65	1970
NP|PP755592.1|A/cattle/Texas/24-008749-003/2024(H5N1)	66	1970
NP|PP755592.1|A/cattle/Texas/24-008749-003/2024(H5N1)	67	1994
NP|PP755592.1|A/cattle/Texas/24-008749-003/2024(H5N1)	68	1992
NP|PP755592.1|A/cattle/Texas/24-008749-003/2024(H5N1)	69	1996
NP|PP755592.1|A/cattle/Texas/24-008749-003/2024(H5N1)	70	2007
NP|PP755592.1|A/cattle/Texas/24-008749-003/2024(H5N1)	71	2011
NP|PP755592.1|A/cattle/Texas/24-008749-003/2024(H5N1)	72	2040
NP|PP755592.1|A/cattle/Texas/24-008749-003/2024(H5N1)	73	2042
NP|PP755592.1|A/cattle/Texas/24-008749-003/2024(H5N1)	74	2047
NP|PP755592.1|A/cattle/Texas/24-008749-003/2024(H5N1)	75	2051
NP|PP755592.1|A/cattle/Texas/24-008749-003/2024(H5N1)	76	2041
NP|PP755592.1|A/cattle/Texas/24-008749-003/2024(H5N1)	77	2054
NP|PP755592.1|A/cattle/Texas/24-008749-003/2024(H5N1)	78	2062
NP|PP755592.1|A/cattle/Texas/24-008749-003/2024(H5N1)	79	2065
NP|PP755592.1|A/cattle/Texas/24-008749-003/2024(H5N1)	80	2074
NP|PP755592.1|A/cattle/Texas/24-008749-003/2024(H5N1)	81	2071
NP|PP755592.1|A/cattle/Texas/24-008749-003/2024(H5N1)	82	2068
NP|PP755592.1|A/cattle/Texas/24-008749-003/2024(H5N1)	83	2082
NP|PP755592.1|A/cattle/Texas/24-008749-003/2024(H5N1)	84	2090
NP|PP755592.1|A/cattle/Texas/24-008749-003/2024(H5N1)	85	2099
NP|PP755592.1|A/cattle/Texas/24-008749-003/2024(H5N1)	86	2107
NP|PP755592.1|A/cattle/Texas/24-008749-003/2024(H5N1)	87	2109
NP|PP755592.1|A/cattle/Texas/24-008749-003/2024(H5N1)	88	2121
NP|PP755592.1|A/cattle/Texas/24-008749-003/2024(H5N1)	89	2136
NP|PP755592.1|A/cattle/Texas/24-008749-003/2024(H5N1)	90	2136
NP|PP755592.1|A/cattle/Texas/24-008749-003/2024(H5N1)	91	2138
NP|PP755592.1|A/cattle/Texas/24-008749-003/2024(H5N1)	92	2144
NP|PP755592.1|A/cattle/Texas/24-008749-003/2024(H5N1)	93	2165
NP|PP755592.1|A/cattle/Texas/24-008749-003/2024(H5N1)	94	2167
NP|PP755592.1|A/cattle/Texas/24-008749-003/2024(H5N1)	95	2163
NP|PP755592.1|A/cattle/Texas/24-008749-003/2024(H5N1)	96	2171
NP|PP755592.1|A/cattle/Texas/24-008749-003/2024(H5N1)	97	2175
NP|PP755592.1|A/cattle/Texas/24-008749-003/2024(H5N1)	98	2169
NP|PP755592.1|A/cattle/Texas/24-008749-003/2024(H5N1)	99	2165
NP|PP755592.1|A/cattle/Texas/24-008749-003/2024(H5N1)	100	2167
NP|PP755592.1|A/cattle/Texas/24-008749-003/2024(H5N1)	101	2177
NP|PP755592.1|A/cattle/Texas/24-008749-003/2024(H5N1)	102	2177
NP|PP755592.1|A/cattle/Texas/24-008749-003/2024(H5N1)	103	2181
NP|PP755592.1|A/cattle/Texas/24-008749-003/2024(H5N1)	104	2197
NP|PP755592.1|A/cattle/Texas/24-008749-003/2024(H5N1)	105	2203
NP|PP755592.1|A/cattle/Texas/24-008749-003/2024(H5N1)	106	2207
NP|PP755592.1|A/cattle/Texas/24-008749-003/2024(H5N1)	107	2207
NP|PP755592.1|A/cattle/Texas/24-008749-003/2024(H5N1)	108	2210
NP|PP755592.1|A/cattle/Texas/24-008749-003/2024(H5N1)	109	2212
NP|PP755592.1|A/cattle/Texas/24-008749-003/2024(H5N1)	110	2214
NP|PP755592.1|A/cattle/Texas/24-008749-003/2024(H5N1)	111	2214
NP|PP755592.1|A/cattle/Texas/24-008749-003/2024(H5N1)	112	2218
NP|PP755592.1|A/cattle/Texas/24-008749-003/2024(H5N1)	113	2219
NP|PP755592.1|A/cattle/Texas/24-008749-003/2024(H5N1)	114	2273
NP|PP755592.1|A/cattle/Texas/24-008749-003/2024(H5N1)	115	2275
NP|PP755592.1|A/cattle/Texas/24-008749-003/2024(H5N1)	116	2303
NP|PP755592.1|A/cattle/Texas/24-008749-003/2024(H5N1)	117	2315
NP|PP755592.1|A/cattle/Texas/24-008749-003/2024(H5N1)	118	2311
NP|PP755592.1|A/cattle/Texas/24-008749-003/2024(H5N1)	119	2424
NP|PP755592.1|A/cattle/Texas/24-008749-003/2024(H5N1)	120	2429
NP|PP755592.1|A/cattle/Texas/24-008749-003/2024(H5N1)	121	2468
NP|PP755592.1|A/cattle/Texas/24-008749-003/2024(H5N1)	122	2472
NP|PP755592.1|A/cattle/Texas/24-008749-003/2024(H5N1)	123	2456
NP|PP755592.1|A/cattle/Texas/24-008749-003/2024(H5N1)	124	2481
NP|PP755592.1|A/cattle/Texas/24-008749-003/2024(H5N1)	125	2472
NP|PP755592.1|A/cattle/Texas/24-008749-003/2024(H5N1)	126	2569
NP|PP755592.1|A/cattle/Texas/24-008749-003/2024(H5N1)	127	2628
NP|PP755592.1|A/cattle/Texas/24-008749-003/2024(H5N1)	128	2593
NP|PP755592.1|A/cattle/Texas/24-008749-003/2024(H5N1)	129	2596
NP|PP755592.1|A/cattle/Texas/24-008749-003/2024(H5N1)	130	2605
NP|PP755592.1|A/cattle/Texas/24-008749-003/2024(H5N1)	131	2616
NP|PP755592.1|A/cattle/Texas/24-008749-003/2024(H5N1)	132	2628
NP|PP755592.1|A/cattle/Texas/24-008749-003/2024(H5N1)	133	2616
NP|PP755592.1|A/cattle/Texas/24-008749-003/2024(H5N1)	134	2620
NP|PP755592.1|A/cattle/Texas/24-008749-003/2024(H5N1)	135	2530
NP|PP755592.1|A/cattle/Texas/24-008749-003/2024(H5N1)	136	2572
NP|PP755592.1|A/cattle/Texas/24-008749-003/2024(H5N1)	137	2567
NP|PP755592.1|A/cattle/Texas/24-008749-003/2024(H5N1)	138	2605
NP|PP755592.1|A/cattle/Texas/24-008749-003/2024(H5N1)	139	2615
NP|PP755592.1|A/cattle/Texas/24-008749-003/2024(H5N1)	140	2672
NP|PP755592.1|A/cattle/Texas/24-008749-003/2024(H5N1)	141	2677
NP|PP755592.1|A/cattle/Texas/24-008749-003/2024(H5N1)	142	2681
NP|PP755592.1|A/cattle/Texas/24-008749-003/2024(H5N1)	143	2695
NP|PP755592.1|A/cattle/Texas/24-008749-003/2024(H5N1)	144	2718
NP|PP755592.1|A/cattle/Texas/24-008749-003/2024(H5N1)	145	2733
NP|PP755592.1|A/cattle/Texas/24-008749-003/2024(H5N1)	146	2721
NP|PP755592.1|A/cattle/Texas/24-008749-003/2024(H5N1)	147	2719
NP|PP755592.1|A/cattle/Texas/24-008749-003/2024(H5N1)	148	2628
NP|PP755592.1|A/cattle/Texas/24-008749-003/2024(H5N1)	149	2639
NP|PP755592.1|A/cattle/Texas/24-008749-003/2024(H5N1)	150	2638
NP|PP755592.1|A/cattle/Texas/24-008749-003/2024(H5N1)	151	2638
NP|PP755592.1|A/cattle/Texas/24-008749-003/2024(H5N1)	152	2628
NP|PP755592.1|A/cattle/Texas/24-008749-003/2024(H5N1)	153	2612
NP|PP755592.1|A/cattle/Texas/24-008749-003/2024(H5N1)	154	2611
NP|PP755592.1|A/cattle/Texas/24-008749-003/2024(H5N1)	155	2743
NP|PP755592.1|A/cattle/Texas/24-008749-003/2024(H5N1)	156	2746
NP|PP755592.1|A/cattle/Texas/24-008749-003/2024(H5N1)	157	2750
NP|PP755592.1|A/cattle/Texas/24-008749-003/2024(H5N1)	158	2783
NP|PP755592.1|A/cattle/Texas/24-008749-003/2024(H5N1)	159	2916
NP|PP755592.1|A/cattle/Texas/24-008749-003/2024(H5N1)	160	2925
NP|PP755592.1|A/cattle/Texas/24-008749-003/2024(H5N1)	161	2926
NP|PP755592.1|A/cattle/Texas/24-008749-003/2024(H5N1)	162	2939
NP|PP755592.1|A/cattle/Texas/24-008749-003/2024(H5N1)	163	2915
NP|PP755592.1|A/cattle/Texas/24-008749-003/2024(H5N1)	164	2925
NP|PP755592.1|A/cattle/Texas/24-008749-003/2024(H5N1)	165	3020
NP|PP755592.1|A/cattle/Texas/24-008749-003/2024(H5N1)	166	3020
NP|PP755592.1|A/cattle/Texas/24-008749-003/2024(H5N1)	167	3008
NP|PP755592.1|A/cattle/Texas/24-008749-003/2024(H5N1)	168	3023
NP|PP755592.1|A/cattle/Texas/24-008749-003/2024(H5N1)	169	3087
NP|PP755592.1|A/cattle/Texas/24-008749-003/2024(H5N1)	170	3088
NP|PP755592.1|A/cattle/Texas/24-008749-003/2024(H5N1)	171	3094
NP|PP755592.1|A/cattle/Texas/24-008749-003/2024(H5N1)	172	3093
NP|PP755592.1|A/cattle/Texas/24-008749-003/2024(H5N1)	173	3097
NP|PP755592.1|A/cattle/Texas/24-008749-003/2024(H5N1)	174	3102
NP|PP755592.1|A/cattle/Texas/24-008749-003/2024(H5N1)	175	3106
NP|PP755592.1|A/cattle/Texas/24-008749-003/2024(H5N1)	176	3106
NP|PP755592.1|A/cattle/Texas/24-008749-003/2024(H5N1)	177	3127
NP|PP755592.1|A/cattle/Texas/24-008749-003/2024(H5N1)	178	3115
NP|PP755592.1|A/cattle/Texas/24-008749-003/2024(H5N1)	179	3148
NP|PP755592.1|A/cattle/Texas/24-008749-003/2024(H5N1)	180	3159
NP|PP755592.1|A/cattle/Texas/24-008749-003/2024(H5N1)	181	3159
NP|PP755592.1|A/cattle/Texas/24-008749-003/2024(H5N1)	182	3213
NP|PP755592.1|A/cattle/Texas/24-008749-003/2024(H5N1)	183	3215
NP|PP755592.1|A/cattle/Texas/24-008749-003/2024(H5N1)	184	3399
NP|PP755592.1|A/cattle/Texas/24-008749-003/2024(H5N1)	185	3469
NP|PP755592.1|A/cattle/Texas/24-008749-003/2024(H5N1)	186	3467
NP|PP755592.1|A/cattle/Texas/24-008749-003/2024(H5N1)	187	3485
NP|PP755592.1|A/cattle/Texas/24-008749-003/2024(H5N1)	188	3473
NP|PP755592.1|A/cattle/Texas/24-008749-003/2024(H5N1)	189	3474
NP|PP755592.1|A/cattle/Texas/24-008749-003/2024(H5N1)	190	3478
NP|PP755592.1|A/cattle/Texas/24-008749-003/2024(H5N1)	191	3464
NP|PP755592.1|A/cattle/Texas/24-008749-003/2024(H5N1)	192	3480
NP|PP755592.1|A/cattle/Texas/24-008749-003/2024(H5N1)	193	3376
NP|PP755592.1|A/cattle/Texas/24-008749-003/2024(H5N1)	194	3411
NP|PP755592.1|A/cattle/Texas/24-008749-003/2024(H5N1)	195	3421
NP|PP755592.1|A/cattle/Texas/24-008749-003/2024(H5N1)	196	3457
NP|PP755592.1|A/cattle/Texas/24-008749-003/2024(H5N1)	197	3480
NP|PP755592.1|A/cattle/Texas/24-008749-003/2024(H5N1)	198	3471
NP|PP755592.1|A/cattle/Texas/24-008749-003/2024(H5N1)	199	3471
NP|PP755592.1|A/cattle/Texas/24-008749-003/2024(H5N1)	200	3488
NP|PP755592.1|A/cattle/Texas/24-008749-003/2024(H5N1)	201	3481
NP|PP755592.1|A/cattle/Texas/24-008749-003/2024(H5N1)	202	3480
NP|PP755592.1|A/cattle/Texas/24-008749-003/2024(H5N1)	203	3401
NP|PP755592.1|A/cattle/Texas/24-008749-003/2024(H5N1)	204	3298
NP|PP755592.1|A/cattle/Texas/24-008749-003/2024(H5N1)	205	3295
NP|PP755592.1|A/cattle/Texas/24-008749-003/2024(H5N1)	206	3262
NP|PP755592.1|A/cattle/Texas/24-008749-003/2024(H5N1)	207	3266
NP|PP755592.1|A/cattle/Texas/24-008749-003/2024(H5N1)	208	3203
NP|PP755592.1|A/cattle/Texas/24-008749-003/2024(H5N1)	209	3211
NP|PP755592.1|A/cattle/Texas/24-008749-003/2024(H5N1)	210	3211
NP|PP755592.1|A/cattle/Texas/24-008749-003/2024(H5N1)	211	3219
NP|PP755592.1|A/cattle/Texas/24-008749-003/2024(H5N1)	212	3208
NP|PP755592.1|A/cattle/Texas/24-008749-003/2024(H5N1)	213	3264
NP|PP755592.1|A/cattle/Texas/24-008749-003/2024(H5N1)	214	3290
NP|PP755592.1|A/cattle/Texas/24-008749-003/2024(H5N1)	215	3294
NP|PP755592.1|A/cattle/Texas/24-008749-003/2024(H5N1)	216	3295
NP|PP755592.1|A/cattle/Texas/24-008749-003/2024(H5N1)	217	3266
NP|PP755592.1|A/cattle/Texas/24-008749-003/2024(H5N1)	218	3244
NP|PP755592.1|A/cattle/Texas/24-008749-003/2024(H5N1)	219	3220
NP|PP755592.1|A/cattle/Texas/24-008749-003/2024(H5N1)	220	3281
NP|PP755592.1|A/cattle/Texas/24-008749-003/2024(H5N1)	221	3312
NP|PP755592.1|A/cattle/Texas/24-008749-003/2024(H5N1)	222	3306
NP|PP755592.1|A/cattle/Texas/24-008749-003/2024(H5N1)	223	3295
NP|PP755592.1|A/cattle/Texas/24-008749-003/2024(H5N1)	224	3291
NP|PP755592.1|A/cattle/Texas/24-008749-003/2024(H5N1)	225	3321
NP|PP755592.1|A/cattle/Texas/24-008749-003/2024(H5N1)	226	3345
NP|PP755592.1|A/cattle/Texas/24-008749-003/2024(H5N1)	227	3326
NP|PP755592.1|A/cattle/Texas/24-008749-003/2024(H5N1)	228	3349
NP|PP755592.1|A/cattle/Texas/24-008749-003/2024(H5N1)	229	3338
NP|PP755592.1|A/cattle/Texas/24-008749-003/2024(H5N1)	230	3334
NP|PP755592.1|A/cattle/Texas/24-008749-003/2024(H5N1)	231	3343
NP|PP755592.1|A/cattle/Texas/24-008749-003/2024(H5N1)	232	3369
NP|PP755592.1|A/cattle/Texas/24-008749-003/2024(H5N1)	233	3402
NP|PP755592.1|A/cattle/Texas/24-008749-003/2024(H5N1)	234	3368
NP|PP755592.1|A/cattle/Texas/24-008749-003/2024(H5N1)	235	3364
NP|PP755592.1|A/cattle/Texas/24-008749-003/2024(H5N1)	236	3355
NP|PP755592.1|A/cattle/Texas/24-008749-003/2024(H5N1)	237	3343
NP|PP755592.1|A/cattle/Texas/24-008749-003/2024(H5N1)	238	3381
NP|PP755592.1|A/cattle/Texas/24-008749-003/2024(H5N1)	239	3400
NP|PP755592.1|A/cattle/Texas/24-008749-003/2024(H5N1)	240	3375
NP|PP755592.1|A/cattle/Texas/24-008749-003/2024(H5N1)	241	3406
NP|PP755592.1|A/cattle/Texas/24-008749-003/2024(H5N1)	242	3399
NP|PP755592.1|A/cattle/Texas/24-008749-003/2024(H5N1)	243	3389
NP|PP755592.1|A/cattle/Texas/24-008749-003/2024(H5N1)	244	3403
NP|PP755592.1|A/cattle/Texas/24-008749-003/2024(H5N1)	245	3401
NP|PP755592.1|A/cattle/Texas/24-008749-003/2024(H5N1)	246	3457
NP|PP755592.1|A/cattle/Texas/24-008749-003/2024(H5N1)	247	3421
NP|PP755592.1|A/cattle/Texas/24-008749-003/2024(H5N1)	248	3409
NP|PP755592.1|A/cattle/Texas/24-008749-003/2024(H5N1)	249	3404
NP|PP755592.1|A/cattle/Texas/24-008749-003/2024(H5N1)	250	3389
NP|PP755592.1|A/cattle/Texas/24-008749-003/2024(H5N1)	251	3463
NP|PP755592.1|A/cattle/Texas/24-008749-003/2024(H5N1)	252	3484
NP|PP755592.1|A/cattle/Texas/24-008749-003/2024(H5N1)	253	3511
NP|PP755592.1|A/cattle/Texas/24-008749-003/2024(H5N1)	254	3509
NP|PP755592.1|A/cattle/Texas/24-008749-003/2024(H5N1)	255	3493
NP|PP755592.1|A/cattle/Texas/24-008749-003/2024(H5N1)	256	3504
NP|PP755592.1|A/cattle/Texas/24-008749-003/2024(H5N1)	257	3503
NP|PP755592.1|A/cattle/Texas/24-008749-003/2024(H5N1)	258	3500
NP|PP755592.1|A/cattle/Texas/24-008749-003/2024(H5N1)	259	3495
NP|PP755592.1|A/cattle/Texas/24-008749-003/2024(H5N1)	260	3453
NP|PP755592.1|A/cattle/Texas/24-008749-003/2024(H5N1)	261	3461
NP|PP755592.1|A/cattle/Texas/24-008749-003/2024(H5N1)	262	3461
NP|PP755592.1|A/cattle/Texas/24-008749-003/2024(H5N1)	263	3476
NP|PP755592.1|A/cattle/Texas/24-008749-003/2024(H5N1)	264	3505
NP|PP755592.1|A/cattle/Texas/24-008749-003/2024(H5N1)	265	3508
NP|PP755592.1|A/cattle/Texas/24-008749-003/2024(H5N1)	266	3511
NP|PP755592.1|A/cattle/Texas/24-008749-003/2024(H5N1)	267	3550
NP|PP755592.1|A/cattle/Texas/24-008749-003/2024(H5N1)	268	3553
NP|PP755592.1|A/cattle/Texas/24-008749-003/2024(H5N1)	269	3556
NP|PP755592.1|A/cattle/Texas/24-008749-003/2024(H5N1)	270	3569
NP|PP755592.1|A/cattle/Texas/24-008749-003/2024(H5N1)	271	3570
NP|PP755592.1|A/cattle/Texas/24-008749-003/2024(H5N1)	272	3564
NP|PP755592.1|A/cattle/Texas/24-008749-003/2024(H5N1)	273	3568
NP|PP755592.1|A/cattle/Texas/24-008749-003/2024(H5N1)	274	3618
NP|PP755592.1|A/cattle/Texas/24-008749-003/2024(H5N1)	275	3592
NP|PP755592.1|A/cattle/Texas/24-008749-003/2024(H5N1)	276	3563
NP|PP755592.1|A/cattle/Texas/24-008749-003/2024(H5N1)	277	3560
NP|PP755592.1|A/cattle/Texas/24-008749-003/2024(H5N1)	278	3567
NP|PP755592.1|A/cattle/Texas/24-008749-003/2024(H5N1)	279	3548
NP|PP755592.1|A/cattle/Texas/24-008749-003/2024(H5N1)	280	3569
NP|PP755592.1|A/cattle/Texas/24-008749-003/2024(H5N1)	281	3588
NP|PP755592.1|A/cattle/Texas/24-008749-003/2024(H5N1)	282	3579
NP|PP755592.1|A/cattle/Texas/24-008749-003/2024(H5N1)	283	3595
NP|PP755592.1|A/cattle/Texas/24-008749-003/2024(H5N1)	284	3590
NP|PP755592.1|A/cattle/Texas/24-008749-003/2024(H5N1)	285	3605
NP|PP755592.1|A/cattle/Texas/24-008749-003/2024(H5N1)	286	3669
NP|PP755592.1|A/cattle/Texas/24-008749-003/2024(H5N1)	287	3662
NP|PP755592.1|A/cattle/Texas/24-008749-003/2024(H5N1)	288	3684
NP|PP755592.1|A/cattle/Texas/24-008749-003/2024(H5N1)	289	3676
NP|PP755592.1|A/cattle/Texas/24-008749-003/2024(H5N1)	290	3666
NP|PP755592.1|A/cattle/Texas/24-008749-003/2024(H5N1)	291	3678
NP|PP755592.1|A/cattle/Texas/24-008749-003/2024(H5N1)	292	3670
NP|PP755592.1|A/cattle/Texas/24-008749-003/2024(H5N1)	293	3703
NP|PP755592.1|A/cattle/Texas/24-008749-003/2024(H5N1)	294	3709
NP|PP755592.1|A/cattle/Texas/24-008749-003/2024(H5N1)	295	3668
NP|PP755592.1|A/cattle/Texas/24-008749-003/2024(H5N1)	296	3673
NP|PP755592.1|A/cattle/Texas/24-008749-003/2024(H5N1)	297	3662
NP|PP755592.1|A/cattle/Texas/24-008749-003/2024(H5N1)	298	3663
NP|PP755592.1|A/cattle/Texas/24-008749-003/2024(H5N1)	299	3668
NP|PP755592.1|A/cattle/Texas/24-008749-003/2024(H5N1)	300	3650
NP|PP755592.1|A/cattle/Texas/24-008749-003/2024(H5N1)	301	3621
NP|PP755592.1|A/cattle/Texas/24-008749-003/2024(H5N1)	302	3600
NP|PP755592.1|A/cattle/Texas/24-008749-003/2024(H5N1)	303	3595
NP|PP755592.1|A/cattle/Texas/24-008749-003/2024(H5N1)	304	3596
NP|PP755592.1|A/cattle/Texas/24-008749-003/2024(H5N1)	305	3617
NP|PP755592.1|A/cattle/Texas/24-008749-003/2024(H5N1)	306	3627
NP|PP755592.1|A/cattle/Texas/24-008749-003/2024(H5N1)	307	3635
NP|PP755592.1|A/cattle/Texas/24-008749-003/2024(H5N1)	308	3620
NP|PP755592.1|A/cattle/Texas/24-008749-003/2024(H5N1)	309	3723
NP|PP755592.1|A/cattle/Texas/24-008749-003/2024(H5N1)	310	3723
NP|PP755592.1|A/cattle/Texas/24-008749-003/2024(H5N1)	311	3771
NP|PP755592.1|A/cattle/Texas/24-008749-003/2024(H5N1)	312	3775
NP|PP755592.1|A/cattle/Texas/24-008749-003/2024(H5N1)	313	3802
NP|PP755592.1|A/cattle/Texas/24-008749-003/2024(H5N1)	314	3810
NP|PP755592.1|A/cattle/Texas/24-008749-003/2024(H5N1)	315	3809
NP|PP755592.1|A/cattle/Texas/24-008749-003/2024(H5N1)	316	3806
NP|PP755592.1|A/cattle/Texas/24-008749-003/2024(H5N1)	317	3848
NP|PP755592.1|A/cattle/Texas/24-008749-003/2024(H5N1)	318	3800
NP|PP755592.1|A/cattle/Texas/24-008749-003/2024(H5N1)	319	3912
NP|PP755592.1|A/cattle/Texas/24-008749-003/2024(H5N1)	320	3967
NP|PP755592.1|A/cattle/Texas/24-008749-003/2024(H5N1)	321	3980
NP|PP755592.1|A/cattle/Texas/24-008749-003/2024(H5N1)	322	3963
NP|PP755592.1|A/cattle/Texas/24-008749-003/2024(H5N1)	323	3937
NP|PP755592.1|A/cattle/Texas/24-008749-003/2024(H5N1)	324	3946
NP|PP755592.1|A/cattle/Texas/24-008749-003/2024(H5N1)	325	3953
NP|PP755592.1|A/cattle/Texas/24-008749-003/2024(H5N1)	326	3961
NP|PP755592.1|A/cattle/Texas/24-008749-003/2024(H5N1)	327	3976
NP|PP755592.1|A/cattle/Texas/24-008749-003/2024(H5N1)	328	3942
NP|PP755592.1|A/cattle/Texas/24-008749-003/2024(H5N1)	329	3930
NP|PP755592.1|A/cattle/Texas/24-008749-003/2024(H5N1)	330	3985
NP|PP755592.1|A/cattle/Texas/24-008749-003/2024(H5N1)	331	3992
NP|PP755592.1|A/cattle/Texas/24-008749-003/2024(H5N1)	332	4009
NP|PP755592.1|A/cattle/Texas/24-008749-003/2024(H5N1)	333	4054
NP|PP755592.1|A/cattle/Texas/24-008749-003/2024(H5N1)	334	4050
NP|PP755592.1|A/cattle/Texas/24-008749-003/2024(H5N1)	335	4082
NP|PP755592.1|A/cattle/Texas/24-008749-003/2024(H5N1)	336	4079
NP|PP755592.1|A/cattle/Texas/24-008749-003/2024(H5N1)	337	4126
NP|PP755592.1|A/cattle/Texas/24-008749-003/2024(H5N1)	338	4134
NP|PP755592.1|A/cattle/Texas/24-008749-003/2024(H5N1)	339	4124
NP|PP755592.1|A/cattle/Texas/24-008749-003/2024(H5N1)	340	4146
NP|PP755592.1|A/cattle/Texas/24-008749-003/2024(H5N1)	341	4146
NP|PP755592.1|A/cattle/Texas/24-008749-003/2024(H5N1)	342	4135
NP|PP755592.1|A/cattle/Texas/24-008749-003/2024(H5N1)	343	4135
NP|PP755592.1|A/cattle/Texas/24-008749-003/2024(H5N1)	344	4132
NP|PP755592.1|A/cattle/Texas/24-008749-003/2024(H5N1)	345	4190
NP|PP755592.1|A/cattle/Texas/24-008749-003/2024(H5N1)	346	4197
NP|PP755592.1|A/cattle/Texas/24-008749-003/2024(H5N1)	347	4184
NP|PP755592.1|A/cattle/Texas/24-008749-003/2024(H5N1)	348	4187
NP|PP755592.1|A/cattle/Texas/24-008749-003/2024(H5N1)	349	4174
NP|PP755592.1|A/cattle/Texas/24-008749-003/2024(H5N1)	350	4222
NP|PP755592.1|A/cattle/Texas/24-008749-003/2024(H5N1)	351	4234
NP|PP755592.1|A/cattle/Texas/24-008749-003/2024(H5N1)	352	4228
NP|PP755592.1|A/cattle/Texas/24-008749-003/2024(H5N1)	353	4235
NP|PP755592.1|A/cattle/Texas/24-008749-003/2024(H5N1)	354	4207
NP|PP755592.1|A/cattle/Texas/24-008749-003/2024(H5N1)	355	4214
NP|PP755592.1|A/cattle/Texas/24-008749-003/2024(H5N1)	356	4213
NP|PP755592.1|A/cattle/Texas/24-008749-003/2024(H5N1)	357	4224
NP|PP755592.1|A/cattle/Texas/24-008749-003/2024(H5N1)	358	4228
NP|PP755592.1|A/cattle/Texas/24-008749-003/2024(H5N1)	359	4223
NP|PP755592.1|A/cattle/Texas/24-008749-003/2024(H5N1)	360	4233
NP|PP755592.1|A/cattle/Texas/24-008749-003/2024(H5N1)	361	4232
NP|PP755592.1|A/cattle/Texas/24-008749-003/2024(H5N1)	362	4229
NP|PP755592.1|A/cattle/Texas/24-008749-003/2024(H5N1)	363	4262
NP|PP755592.1|A/cattle/Texas/24-008749-003/2024(H5N1)	364	4239
NP|PP755592.1|A/cattle/Texas/24-008749-003/2024(H5N1)	365	4247
NP|PP755592.1|A/cattle/Texas/24-008749-003/2024(H5N1)	366	4292
NP|PP755592.1|A/cattle/Texas/24-008749-003/2024(H5N1)	367	4305
NP|PP755592.1|A/cattle/Texas/24-008749-003/2024(H5N1)	368	4245
NP|PP755592.1|A/cattle/Texas/24-008749-003/2024(H5N1)	369	4264
NP|PP755592.1|A/cattle/Texas/24-008749-003/2024(H5N1)	370	4298
NP|PP755592.1|A/cattle/Texas/24-008749-003/2024(H5N1)	371	4382
NP|PP755592.1|A/cattle/Texas/24-008749-003/2024(H5N1)	372	4361
NP|PP755592.1|A/cattle/Texas/24-008749-003/2024(H5N1)	373	4392
NP|PP755592.1|A/cattle/Texas/24-008749-003/2024(H5N1)	374	4395
NP|PP755592.1|A/cattle/Texas/24-008749-003/2024(H5N1)	375	4345
NP|PP755592.1|A/cattle/Texas/24-008749-003/2024(H5N1)	376	4323
NP|PP755592.1|A/cattle/Texas/24-008749-003/2024(H5N1)	377	4258
NP|PP755592.1|A/cattle/Texas/24-008749-003/2024(H5N1)	378	4221
NP|PP755592.1|A/cattle/Texas/24-008749-003/2024(H5N1)	379	4217
NP|PP755592.1|A/cattle/Texas/24-008749-003/2024(H5N1)	380	4159
NP|PP755592.1|A/cattle/Texas/24-008749-003/2024(H5N1)	381	4188
NP|PP755592.1|A/cattle/Texas/24-008749-003/2024(H5N1)	382	4168
NP|PP755592.1|A/cattle/Texas/24-008749-003/2024(H5N1)	383	4177
NP|PP755592.1|A/cattle/Texas/24-008749-003/2024(H5N1)	384	4180
NP|PP755592.1|A/cattle/Texas/24-008749-003/2024(H5N1)	385	4175
NP|PP755592.1|A/cattle/Texas/24-008749-003/2024(H5N1)	386	4171
NP|PP755592.1|A/cattle/Texas/24-008749-003/2024(H5N1)	387	4167
NP|PP755592.1|A/cattle/Texas/24-008749-003/2024(H5N1)	388	4162
NP|PP755592.1|A/cattle/Texas/24-008749-003/2024(H5N1)	389	4164
NP|PP755592.1|A/cattle/Texas/24-008749-003/2024(H5N1)	390	4149
NP|PP755592.1|A/cattle/Texas/24-008749-003/2024(H5N1)	391	4154
NP|PP755592.1|A/cattle/Texas/24-008749-003/2024(H5N1)	392	4134
NP|PP755592.1|A/cattle/Texas/24-008749-003/2024(H5N1)	393	4125
NP|PP755592.1|A/cattle/Texas/24-008749-003/2024(H5N1)	394	4146
NP|PP755592.1|A/cattle/Texas/24-008749-003/2024(H5N1)	395	4148
NP|PP755592.1|A/cattle/Texas/24-008749-003/2024(H5N1)	396	4147
NP|PP755592.1|A/cattle/Texas/24-008749-003/2024(H5N1)	397	4098
NP|PP755592.1|A/cattle/Texas/24-008749-003/2024(H5N1)	398	4067
NP|PP755592.1|A/cattle/Texas/24-008749-003/2024(H5N1)	399	4086
NP|PP755592.1|A/cattle/Texas/24-008749-003/2024(H5N1)	400	4088
NP|PP755592.1|A/cattle/Texas/24-008749-003/2024(H5N1)	401	4072
NP|PP755592.1|A/cattle/Texas/24-008749-003/2024(H5N1)	402	4072
NP|PP755592.1|A/cattle/Texas/24-008749-003/2024(H5N1)	403	4086
NP|PP755592.1|A/cattle/Texas/24-008749-003/2024(H5N1)	404	4077
NP|PP755592.1|A/cattle/Texas/24-008749-003/2024(H5N1)	405	4090
NP|PP755592.1|A/cattle/Texas/24-008749-003/2024(H5N1)	406	4091
NP|PP755592.1|A/cattle/Texas/24-008749-003/2024(H5N1)	407	4089
NP|PP755592.1|A/cattle/Texas/24-008749-003/2024(H5N1)	408	4071
NP|PP755592.1|A/cattle/Texas/24-008749-003/2024(H5N1)	409	4064
NP|PP755592.1|A/cattle/Texas/24-008749-003/2024(H5N1)	410	4119
NP|PP755592.1|A/cattle/Texas/24-008749-003/2024(H5N1)	411	4124
NP|PP755592.1|A/cattle/Texas/24-008749-003/2024(H5N1)	412	4120
NP|PP755592.1|A/cattle/Texas/24-008749-003/2024(H5N1)	413	4116
NP|PP755592.1|A/cattle/Texas/24-008749-003/2024(H5N1)	414	4097
NP|PP755592.1|A/cattle/Texas/24-008749-003/2024(H5N1)	415	4090
NP|PP755592.1|A/cattle/Texas/24-008749-003/2024(H5N1)	416	4086
NP|PP755592.1|A/cattle/Texas/24-008749-003/2024(H5N1)	417	4107
NP|PP755592.1|A/cattle/Texas/24-008749-003/2024(H5N1)	418	4099
NP|PP755592.1|A/cattle/Texas/24-008749-003/2024(H5N1)	419	4128
NP|PP755592.1|A/cattle/Texas/24-008749-003/2024(H5N1)	420	4140
NP|PP755592.1|A/cattle/Texas/24-008749-003/2024(H5N1)	421	4141
NP|PP755592.1|A/cattle/Texas/24-008749-003/2024(H5N1)	422	4157
NP|PP755592.1|A/cattle/Texas/24-008749-003/2024(H5N1)	423	4166
NP|PP755592.1|A/cattle/Texas/24-008749-003/2024(H5N1)	424	4214
NP|PP755592.1|A/cattle/Texas/24-008749-003/2024(H5N1)	425	4223
NP|PP755592.1|A/cattle/Texas/24-008749-003/2024(H5N1)	426	4225
NP|PP755592.1|A/cattle/Texas/24-008749-003/2024(H5N1)	427	4188
NP|PP755592.1|A/cattle/Texas/24-008749-003/2024(H5N1)	428	4170
NP|PP755592.1|A/cattle/Texas/24-008749-003/2024(H5N1)	429	4198
NP|PP755592.1|A/cattle/Texas/24-008749-003/2024(H5N1)	430	4205
NP|PP755592.1|A/cattle/Texas/24-008749-003/2024(H5N1)	431	4220
NP|PP755592.1|A/cattle/Texas/24-008749-003/2024(H5N1)	432	4193
NP|PP755592.1|A/cattle/Texas/24-008749-003/2024(H5N1)	433	4143
NP|PP755592.1|A/cattle/Texas/24-008749-003/2024(H5N1)	434	4187
NP|PP755592.1|A/cattle/Texas/24-008749-003/2024(H5N1)	435	4069
NP|PP755592.1|A/cattle/Texas/24-008749-003/2024(H5N1)	436	4025
NP|PP755592.1|A/cattle/Texas/24-008749-003/2024(H5N1)	437	4069
NP|PP755592.1|A/cattle/Texas/24-008749-003/2024(H5N1)	438	4062
NP|PP755592.1|A/cattle/Texas/24-008749-003/2024(H5N1)	439	4104
NP|PP755592.1|A/cattle/Texas/24-008749-003/2024(H5N1)	440	4096
NP|PP755592.1|A/cattle/Texas/24-008749-003/2024(H5N1)	441	4102
NP|PP755592.1|A/cattle/Texas/24-008749-003/2024(H5N1)	442	4169
NP|PP755592.1|A/cattle/Texas/24-008749-003/2024(H5N1)	443	4143
NP|PP755592.1|A/cattle/Texas/24-008749-003/2024(H5N1)	444	4198
NP|PP755592.1|A/cattle/Texas/24-008749-003/2024(H5N1)	445	4183
NP|PP755592.1|A/cattle/Texas/24-008749-003/2024(H5N1)	446	4116
NP|PP755592.1|A/cattle/Texas/24-008749-003/2024(H5N1)	447	4130
NP|PP755592.1|A/cattle/Texas/24-008749-003/2024(H5N1)	448	4121
NP|PP755592.1|A/cattle/Texas/24-008749-003/2024(H5N1)	449	4156
NP|PP755592.1|A/cattle/Texas/24-008749-003/2024(H5N1)	450	4149
NP|PP755592.1|A/cattle/Texas/24-008749-003/2024(H5N1)	451	4132
NP|PP755592.1|A/cattle/Texas/24-008749-003/2024(H5N1)	452	4142
NP|PP755592.1|A/cattle/Texas/24-008749-003/2024(H5N1)	453	4104
NP|PP755592.1|A/cattle/Texas/24-008749-003/2024(H5N1)	454	4105
NP|PP755592.1|A/cattle/Texas/24-008749-003/2024(H5N1)	455	4104
NP|PP755592.1|A/cattle/Texas/24-008749-003/2024(H5N1)	456	4112
NP|PP755592.1|A/cattle/Texas/24-008749-003/2024(H5N1)	457	4113
NP|PP755592.1|A/cattle/Texas/24-008749-003/2024(H5N1)	458	4079
NP|PP755592.1|A/cattle/Texas/24-008749-003/2024(H5N1)	459	4070
NP|PP755592.1|A/cattle/Texas/24-008749-003/2024(H5N1)	460	4080
NP|PP755592.1|A/cattle/Texas/24-008749-003/2024(H5N1)	461	4076
NP|PP755592.1|A/cattle/Texas/24-008749-003/2024(H5N1)	462	4078
NP|PP755592.1|A/cattle/Texas/24-008749-003/2024(H5N1)	463	4091
NP|PP755592.1|A/cattle/Texas/24-008749-003/2024(H5N1)	464	4027
NP|PP755592.1|A/cattle/Texas/24-008749-003/2024(H5N1)	465	4022
NP|PP755592.1|A/cattle/Texas/24-008749-003/2024(H5N1)	466	4047
NP|PP755592.1|A/cattle/Texas/24-008749-003/2024(H5N1)	467	4071
NP|PP755592.1|A/cattle/Texas/24-008749-003/2024(H5N1)	468	4106
NP|PP755592.1|A/cattle/Texas/24-008749-003/2024(H5N1)	469	4074
NP|PP755592.1|A/cattle/Texas/24-008749-003/2024(H5N1)	470	4090
NP|PP755592.1|A/cattle/Texas/24-008749-003/2024(H5N1)	471	4070
NP|PP755592.1|A/cattle/Texas/24-008749-003/2024(H5N1)	472	4115
NP|PP755592.1|A/cattle/Texas/24-008749-003/2024(H5N1)	473	4135
NP|PP755592.1|A/cattle/Texas/24-008749-003/2024(H5N1)	474	4130
NP|PP755592.1|A/cattle/Texas/24-008749-003/2024(H5N1)	475	4141
NP|PP755592.1|A/cattle/Texas/24-008749-003/2024(H5N1)	476	4085
NP|PP755592.1|A/cattle/Texas/24-008749-003/2024(H5N1)	477	4049
NP|PP755592.1|A/cattle/Texas/24-008749-003/2024(H5N1)	478	4058
NP|PP755592.1|A/cattle/Texas/24-008749-003/2024(H5N1)	479	4073
NP|PP755592.1|A/cattle/Texas/24-008749-003/2024(H5N1)	480	4201
NP|PP755592.1|A/cattle/Texas/24-008749-003/2024(H5N1)	481	4192
NP|PP755592.1|A/cattle/Texas/24-008749-003/2024(H5N1)	482	4179
NP|PP755592.1|A/cattle/Texas/24-008749-003/2024(H5N1)	483	4178
NP|PP755592.1|A/cattle/Texas/24-008749-003/2024(H5N1)	484	4209
NP|PP755592.1|A/cattle/Texas/24-008749-003/2024(H5N1)	485	4213
NP|PP755592.1|A/cattle/Texas/24-008749-003/2024(H5N1)	486	4206
NP|PP755592.1|A/cattle/Texas/24-008749-003/2024(H5N1)	487	4209
NP|PP755592.1|A/cattle/Texas/24-008749-003/2024(H5N1)	488	4126
NP|PP755592.1|A/cattle/Texas/24-008749-003/2024(H5N1)	489	4091
NP|PP755592.1|A/cattle/Texas/24-008749-003/2024(H5N1)	490	4077
NP|PP755592.1|A/cattle/Texas/24-008749-003/2024(H5N1)	491	4076
NP|PP755592.1|A/cattle/Texas/24-008749-003/2024(H5N1)	492	4067
NP|PP755592.1|A/cattle/Texas/24-008749-003/2024(H5N1)	493	4032
NP|PP755592.1|A/cattle/Texas/24-008749-003/2024(H5N1)	494	4095
NP|PP755592.1|A/cattle/Texas/24-008749-003/2024(H5N1)	495	4053
NP|PP755592.1|A/cattle/Texas/24-008749-003/2024(H5N1)	496	4089
NP|PP755592.1|A/cattle/Texas/24-008749-003/2024(H5N1)	497	4089
NP|PP755592.1|A/cattle/Texas/24-008749-003/2024(H5N1)	498	4091
NP|PP755592.1|A/cattle/Texas/24-008749-003/2024(H5N1)	499	4137
NP|PP755592.1|A/cattle/Texas/24-008749-003/2024(H5N1)	500	4133
NP|PP755592.1|A/cattle/Texas/24-008749-003/2024(H5N1)	501	4138
NP|PP755592.1|A/cattle/Texas/24-008749-003/2024(H5N1)	502	4006
NP|PP755592.1|A/cattle/Texas/24-008749-003/2024(H5N1)	503	3964
NP|PP755592.1|A/cattle/Texas/24-008749-003/2024(H5N1)	504	3973
NP|PP755592.1|A/cattle/Texas/24-008749-003/2024(H5N1)	505	3961
NP|PP755592.1|A/cattle/Texas/24-008749-003/2024(H5N1)	506	3975
NP|PP755592.1|A/cattle/Texas/24-008749-003/2024(H5N1)	507	3967
NP|PP755592.1|A/cattle/Texas/24-008749-003/2024(H5N1)	508	3958
NP|PP755592.1|A/cattle/Texas/24-008749-003/2024(H5N1)	509	3964
NP|PP755592.1|A/cattle/Texas/24-008749-003/2024(H5N1)	510	3963
NP|PP755592.1|A/cattle/Texas/24-008749-003/2024(H5N1)	511	3982
NP|PP755592.1|A/cattle/Texas/24-008749-003/2024(H5N1)	512	3977
NP|PP755592.1|A/cattle/Texas/24-008749-003/2024(H5N1)	513	4118
NP|PP755592.1|A/cattle/Texas/24-008749-003/2024(H5N1)	514	4185
NP|PP755592.1|A/cattle/Texas/24-008749-003/2024(H5N1)	515	4172
NP|PP755592.1|A/cattle/Texas/24-008749-003/2024(H5N1)	516	4347
NP|PP755592.1|A/cattle/Texas/24-008749-003/2024(H5N1)	517	4331
NP|PP755592.1|A/cattle/Texas/24-008749-003/2024(H5N1)	518	4321
NP|PP755592.1|A/cattle/Texas/24-008749-003/2024(H5N1)	519	4327
NP|PP755592.1|A/cattle/Texas/24-008749-003/2024(H5N1)	520	4321
NP|PP755592.1|A/cattle/Texas/24-008749-003/2024(H5N1)	521	4322
NP|PP755592.1|A/cattle/Texas/24-008749-003/2024(H5N1)	522	4338
NP|PP755592.1|A/cattle/Texas/24-008749-003/2024(H5N1)	523	4312
NP|PP755592.1|A/cattle/Texas/24-008749-003/2024(H5N1)	524	4303
NP|PP755592.1|A/cattle/Texas/24-008749-003/2024(H5N1)	525	4263
NP|PP755592.1|A/cattle/Texas/24-008749-003/2024(H5N1)	526	4275
NP|PP755592.1|A/cattle/Texas/24-008749-003/2024(H5N1)	527	4274
NP|PP755592.1|A/cattle/Texas/24-008749-003/2024(H5N1)	528	4270
NP|PP755592.1|A/cattle/Texas/24-008749-003/2024(H5N1)	529	4268
NP|PP755592.1|A/cattle/Texas/24-008749-003/2024(H5N1)	530	4274
NP|PP755592.1|A/cattle/Texas/24-008749-003/2024(H5N1)	531	4258
NP|PP755592.1|A/cattle/Texas/24-008749-003/2024(H5N1)	532	4258
NP|PP755592.1|A/cattle/Texas/24-008749-003/2024(H5N1)	533	4248
NP|PP755592.1|A/cattle/Texas/24-008749-003/2024(H5N1)	534	4236
NP|PP755592.1|A/cattle/Texas/24-008749-003/2024(H5N1)	535	4249
NP|PP755592.1|A/cattle/Texas/24-008749-003/2024(H5N1)	536	4209
NP|PP755592.1|A/cattle/Texas/24-008749-003/2024(H5N1)	537	4221
NP|PP755592.1|A/cattle/Texas/24-008749-003/2024(H5N1)	538	4222
NP|PP755592.1|A/cattle/Texas/24-008749-003/2024(H5N1)	539	4211
NP|PP755592.1|A/cattle/Texas/24-008749-003/2024(H5N1)	540	4211
NP|PP755592.1|A/cattle/Texas/24-008749-003/2024(H5N1)	541	4207
NP|PP755592.1|A/cattle/Texas/24-008749-003/2024(H5N1)	542	4246
NP|PP755592.1|A/cattle/Texas/24-008749-003/2024(H5N1)	543	4134
NP|PP755592.1|A/cattle/Texas/24-008749-003/2024(H5N1)	544	4267
NP|PP755592.1|A/cattle/Texas/24-008749-003/2024(H5N1)	545	4271
NP|PP755592.1|A/cattle/Texas/24-008749-003/2024(H5N1)	546	4290
NP|PP755592.1|A/cattle/Texas/24-008749-003/2024(H5N1)	547	4329
NP|PP755592.1|A/cattle/Texas/24-008749-003/2024(H5N1)	548	4379
NP|PP755592.1|A/cattle/Texas/24-008749-003/2024(H5N1)	549	4392
NP|PP755592.1|A/cattle/Texas/24-008749-003/2024(H5N1)	550	4411
NP|PP755592.1|A/cattle/Texas/24-008749-003/2024(H5N1)	551	4445
NP|PP755592.1|A/cattle/Texas/24-008749-003/2024(H5N1)	552	4442
NP|PP755592.1|A/cattle/Texas/24-008749-003/2024(H5N1)	553	4427
NP|PP755592.1|A/cattle/Texas/24-008749-003/2024(H5N1)	554	4518
NP|PP755592.1|A/cattle/Texas/24-008749-003/2024(H5N1)	555	4487
NP|PP755592.1|A/cattle/Texas/24-008749-003/2024(H5N1)	556	4461
NP|PP755592.1|A/cattle/Texas/24-008749-003/2024(H5N1)	557	4484
NP|PP755592.1|A/cattle/Texas/24-008749-003/2024(H5N1)	558	4485
NP|PP755592.1|A/cattle/Texas/24-008749-003/2024(H5N1)	559	4482
NP|PP755592.1|A/cattle/Texas/24-008749-003/2024(H5N1)	560	4497
NP|PP755592.1|A/cattle/Texas/24-008749-003/2024(H5N1)	561	4510
NP|PP755592.1|A/cattle/Texas/24-008749-003/2024(H5N1)	562	4485
NP|PP755592.1|A/cattle/Texas/24-008749-003/2024(H5N1)	563	4476
NP|PP755592.1|A/cattle/Texas/24-008749-003/2024(H5N1)	564	4405
NP|PP755592.1|A/cattle/Texas/24-008749-003/2024(H5N1)	565	4440
NP|PP755592.1|A/cattle/Texas/24-008749-003/2024(H5N1)	566	4435
NP|PP755592.1|A/cattle/Texas/24-008749-003/2024(H5N1)	567	4449
NP|PP755592.1|A/cattle/Texas/24-008749-003/2024(H5N1)	568	4461
NP|PP755592.1|A/cattle/Texas/24-008749-003/2024(H5N1)	569	4445
NP|PP755592.1|A/cattle/Texas/24-008749-003/2024(H5N1)	570	4399
NP|PP755592.1|A/cattle/Texas/24-008749-003/2024(H5N1)	571	4405
NP|PP755592.1|A/cattle/Texas/24-008749-003/2024(H5N1)	572	4421
NP|PP755592.1|A/cattle/Texas/24-008749-003/2024(H5N1)	573	4420
NP|PP755592.1|A/cattle/Texas/24-008749-003/2024(H5N1)	574	4448
NP|PP755592.1|A/cattle/Texas/24-008749-003/2024(H5N1)	575	4436
NP|PP755592.1|A/cattle/Texas/24-008749-003/2024(H5N1)	576	4440
NP|PP755592.1|A/cattle/Texas/24-008749-003/2024(H5N1)	577	4437
NP|PP755592.1|A/cattle/Texas/24-008749-003/2024(H5N1)	578	4423
NP|PP755592.1|A/cattle/Texas/24-008749-003/2024(H5N1)	579	4425
NP|PP755592.1|A/cattle/Texas/24-008749-003/2024(H5N1)	580	4435
NP|PP755592.1|A/cattle/Texas/24-008749-003/2024(H5N1)	581	4418
NP|PP755592.1|A/cattle/Texas/24-008749-003/2024(H5N1)	582	4423
NP|PP755592.1|A/cattle/Texas/24-008749-003/2024(H5N1)	583	4393
NP|PP755592.1|A/cattle/Texas/24-008749-003/2024(H5N1)	584	4388
NP|PP755592.1|A/cattle/Texas/24-008749-003/2024(H5N1)	585	4397
NP|PP755592.1|A/cattle/Texas/24-008749-003/2024(H5N1)	586	4386
NP|PP755592.1|A/cattle/Texas/24-008749-003/2024(H5N1)	587	4391
NP|PP755592.1|A/cattle/Texas/24-008749-003/2024(H5N1)	588	4408
NP|PP755592.1|A/cattle/Texas/24-008749-003/2024(H5N1)	589	4423
NP|PP755592.1|A/cattle/Texas/24-008749-003/2024(H5N1)	590	4438
NP|PP755592.1|A/cattle/Texas/24-008749-003/2024(H5N1)	591	4422
NP|PP755592.1|A/cattle/Texas/24-008749-003/2024(H5N1)	592	4434
NP|PP755592.1|A/cattle/Texas/24-008749-003/2024(H5N1)	593	4457
NP|PP755592.1|A/cattle/Texas/24-008749-003/2024(H5N1)	594	4459
NP|PP755592.1|A/cattle/Texas/24-008749-003/2024(H5N1)	595	4429
NP|PP755592.1|A/cattle/Texas/24-008749-003/2024(H5N1)	596	4422
NP|PP755592.1|A/cattle/Texas/24-008749-003/2024(H5N1)	597	4409
NP|PP755592.1|A/cattle/Texas/24-008749-003/2024(H5N1)	598	4411
NP|PP755592.1|A/cattle/Texas/24-008749-003/2024(H5N1)	599	4460
NP|PP755592.1|A/cattle/Texas/24-008749-003/2024(H5N1)	600	4466
NP|PP755592.1|A/cattle/Texas/24-008749-003/2024(H5N1)	601	4469
NP|PP755592.1|A/cattle/Texas/24-008749-003/2024(H5N1)	602	4464
NP|PP755592.1|A/cattle/Texas/24-008749-003/2024(H5N1)	603	4477
NP|PP755592.1|A/cattle/Texas/24-008749-003/2024(H5N1)	604	4484
NP|PP755592.1|A/cattle/Texas/24-008749-003/2024(H5N1)	605	4486
NP|PP755592.1|A/cattle/Texas/24-008749-003/2024(H5N1)	606	4479
NP|PP755592.1|A/cattle/Texas/24-008749-003/2024(H5N1)	607	4452
NP|PP755592.1|A/cattle/Texas/24-008749-003/2024(H5N1)	608	4485
NP|PP755592.1|A/cattle/Texas/24-008749-003/2024(H5N1)	609	4475
NP|PP755592.1|A/cattle/Texas/24-008749-003/2024(H5N1)	610	4463
NP|PP755592.1|A/cattle/Texas/24-008749-003/2024(H5N1)	611	4463
NP|PP755592.1|A/cattle/Texas/24-008749-003/2024(H5N1)	612	4494
NP|PP755592.1|A/cattle/Texas/24-008749-003/2024(H5N1)	613	4509
NP|PP755592.1|A/cattle/Texas/24-008749-003/2024(H5N1)	614	4510
NP|PP755592.1|A/cattle/Texas/24-008749-003/2024(H5N1)	615	4552
NP|PP755592.1|A/cattle/Texas/24-008749-003/2024(H5N1)	616	4559
NP|PP755592.1|A/cattle/Texas/24-008749-003/2024(H5N1)	617	4537
NP|PP755592.1|A/cattle/Texas/24-008749-003/2024(H5N1)	618	4503
NP|PP755592.1|A/cattle/Texas/24-008749-003/2024(H5N1)	619	4505
NP|PP755592.1|A/cattle/Texas/24-008749-003/2024(H5N1)	620	4509
NP|PP755592.1|A/cattle/Texas/24-008749-003/2024(H5N1)	621	4546
NP|PP755592.1|A/cattle/Texas/24-008749-003/2024(H5N1)	622	4479
NP|PP755592.1|A/cattle/Texas/24-008749-003/2024(H5N1)	623	4474
NP|PP755592.1|A/cattle/Texas/24-008749-003/2024(H5N1)	624	4431
NP|PP755592.1|A/cattle/Texas/24-008749-003/2024(H5N1)	625	4436
NP|PP755592.1|A/cattle/Texas/24-008749-003/2024(H5N1)	626	4431
NP|PP755592.1|A/cattle/Texas/24-008749-003/2024(H5N1)	627	4423
NP|PP755592.1|A/cattle/Texas/24-008749-003/2024(H5N1)	628	4427
NP|PP755592.1|A/cattle/Texas/24-008749-003/2024(H5N1)	629	4450
NP|PP755592.1|A/cattle/Texas/24-008749-003/2024(H5N1)	630	4449
NP|PP755592.1|A/cattle/Texas/24-008749-003/2024(H5N1)	631	4460
NP|PP755592.1|A/cattle/Texas/24-008749-003/2024(H5N1)	632	4448
NP|PP755592.1|A/cattle/Texas/24-008749-003/2024(H5N1)	633	4460
NP|PP755592.1|A/cattle/Texas/24-008749-003/2024(H5N1)	634	4443
NP|PP755592.1|A/cattle/Texas/24-008749-003/2024(H5N1)	635	4452
NP|PP755592.1|A/cattle/Texas/24-008749-003/2024(H5N1)	636	4465
NP|PP755592.1|A/cattle/Texas/24-008749-003/2024(H5N1)	637	4446
NP|PP755592.1|A/cattle/Texas/24-008749-003/2024(H5N1)	638	4451
NP|PP755592.1|A/cattle/Texas/24-008749-003/2024(H5N1)	639	4488
NP|PP755592.1|A/cattle/Texas/24-008749-003/2024(H5N1)	640	4459
NP|PP755592.1|A/cattle/Texas/24-008749-003/2024(H5N1)	641	4474
NP|PP755592.1|A/cattle/Texas/24-008749-003/2024(H5N1)	642	4537
NP|PP755592.1|A/cattle/Texas/24-008749-003/2024(H5N1)	643	4538
NP|PP755592.1|A/cattle/Texas/24-008749-003/2024(H5N1)	644	4554
NP|PP755592.1|A/cattle/Texas/24-008749-003/2024(H5N1)	645	4542
NP|PP755592.1|A/cattle/Texas/24-008749-003/2024(H5N1)	646	4525
NP|PP755592.1|A/cattle/Texas/24-008749-003/2024(H5N1)	647	4546
NP|PP755592.1|A/cattle/Texas/24-008749-003/2024(H5N1)	648	4558
NP|PP755592.1|A/cattle/Texas/24-008749-003/2024(H5N1)	649	4557
NP|PP755592.1|A/cattle/Texas/24-008749-003/2024(H5N1)	650	4529
NP|PP755592.1|A/cattle/Texas/24-008749-003/2024(H5N1)	651	4517
NP|PP755592.1|A/cattle/Texas/24-008749-003/2024(H5N1)	652	4582
NP|PP755592.1|A/cattle/Texas/24-008749-003/2024(H5N1)	653	4567
NP|PP755592.1|A/cattle/Texas/24-008749-003/2024(H5N1)	654	4563
NP|PP755592.1|A/cattle/Texas/24-008749-003/2024(H5N1)	655	4561
NP|PP755592.1|A/cattle/Texas/24-008749-003/2024(H5N1)	656	4575
NP|PP755592.1|A/cattle/Texas/24-008749-003/2024(H5N1)	657	4599
NP|PP755592.1|A/cattle/Texas/24-008749-003/2024(H5N1)	658	4602
NP|PP755592.1|A/cattle/Texas/24-008749-003/2024(H5N1)	659	4643
NP|PP755592.1|A/cattle/Texas/24-008749-003/2024(H5N1)	660	4648
NP|PP755592.1|A/cattle/Texas/24-008749-003/2024(H5N1)	661	4573
NP|PP755592.1|A/cattle/Texas/24-008749-003/2024(H5N1)	662	4581
NP|PP755592.1|A/cattle/Texas/24-008749-003/2024(H5N1)	663	4561
NP|PP755592.1|A/cattle/Texas/24-008749-003/2024(H5N1)	664	4595
NP|PP755592.1|A/cattle/Texas/24-008749-003/2024(H5N1)	665	4580
NP|PP755592.1|A/cattle/Texas/24-008749-003/2024(H5N1)	666	4613
NP|PP755592.1|A/cattle/Texas/24-008749-003/2024(H5N1)	667	4647
NP|PP755592.1|A/cattle/Texas/24-008749-003/2024(H5N1)	668	4650
NP|PP755592.1|A/cattle/Texas/24-008749-003/2024(H5N1)	669	4639
NP|PP755592.1|A/cattle/Texas/24-008749-003/2024(H5N1)	670	4612
NP|PP755592.1|A/cattle/Texas/24-008749-003/2024(H5N1)	671	4610
NP|PP755592.1|A/cattle/Texas/24-008749-003/2024(H5N1)	672	4607
NP|PP755592.1|A/cattle/Texas/24-008749-003/2024(H5N1)	673	4607
NP|PP755592.1|A/cattle/Texas/24-008749-003/2024(H5N1)	674	4608
NP|PP755592.1|A/cattle/Texas/24-008749-003/2024(H5N1)	675	4565
NP|PP755592.1|A/cattle/Texas/24-008749-003/2024(H5N1)	676	4563
NP|PP755592.1|A/cattle/Texas/24-008749-003/2024(H5N1)	677	4588
NP|PP755592.1|A/cattle/Texas/24-008749-003/2024(H5N1)	678	4597
NP|PP755592.1|A/cattle/Texas/24-008749-003/2024(H5N1)	679	4597
NP|PP755592.1|A/cattle/Texas/24-008749-003/2024(H5N1)	680	4564
NP|PP755592.1|A/cattle/Texas/24-008749-003/2024(H5N1)	681	4560
NP|PP755592.1|A/cattle/Texas/24-008749-003/2024(H5N1)	682	4545
NP|PP755592.1|A/cattle/Texas/24-008749-003/2024(H5N1)	683	4543
NP|PP755592.1|A/cattle/Texas/24-008749-003/2024(H5N1)	684	4502
NP|PP755592.1|A/cattle/Texas/24-008749-003/2024(H5N1)	685	4484
NP|PP755592.1|A/cattle/Texas/24-008749-003/2024(H5N1)	686	4477
NP|PP755592.1|A/cattle/Texas/24-008749-003/2024(H5N1)	687	4527
NP|PP755592.1|A/cattle/Texas/24-008749-003/2024(H5N1)	688	4515
NP|PP755592.1|A/cattle/Texas/24-008749-003/2024(H5N1)	689	4528
NP|PP755592.1|A/cattle/Texas/24-008749-003/2024(H5N1)	690	4511
NP|PP755592.1|A/cattle/Texas/24-008749-003/2024(H5N1)	691	4492
NP|PP755592.1|A/cattle/Texas/24-008749-003/2024(H5N1)	692	4502
NP|PP755592.1|A/cattle/Texas/24-008749-003/2024(H5N1)	693	4478
NP|PP755592.1|A/cattle/Texas/24-008749-003/2024(H5N1)	694	4468
NP|PP755592.1|A/cattle/Texas/24-008749-003/2024(H5N1)	695	4425
NP|PP755592.1|A/cattle/Texas/24-008749-003/2024(H5N1)	696	4357
NP|PP755592.1|A/cattle/Texas/24-008749-003/2024(H5N1)	697	4376
NP|PP755592.1|A/cattle/Texas/24-008749-003/2024(H5N1)	698	4371
NP|PP755592.1|A/cattle/Texas/24-008749-003/2024(H5N1)	699	4351
NP|PP755592.1|A/cattle/Texas/24-008749-003/2024(H5N1)	700	4344
NP|PP755592.1|A/cattle/Texas/24-008749-003/2024(H5N1)	701	4365
NP|PP755592.1|A/cattle/Texas/24-008749-003/2024(H5N1)	702	4364
NP|PP755592.1|A/cattle/Texas/24-008749-003/2024(H5N1)	703	4379
NP|PP755592.1|A/cattle/Texas/24-008749-003/2024(H5N1)	704	4361
NP|PP755592.1|A/cattle/Texas/24-008749-003/2024(H5N1)	705	4366
NP|PP755592.1|A/cattle/Texas/24-008749-003/2024(H5N1)	706	4324
NP|PP755592.1|A/cattle/Texas/24-008749-003/2024(H5N1)	707	4352
NP|PP755592.1|A/cattle/Texas/24-008749-003/2024(H5N1)	708	4366
NP|PP755592.1|A/cattle/Texas/24-008749-003/2024(H5N1)	709	4351
NP|PP755592.1|A/cattle/Texas/24-008749-003/2024(H5N1)	710	4340
NP|PP755592.1|A/cattle/Texas/24-008749-003/2024(H5N1)	711	4336
NP|PP755592.1|A/cattle/Texas/24-008749-003/2024(H5N1)	712	4428
NP|PP755592.1|A/cattle/Texas/24-008749-003/2024(H5N1)	713	4439
NP|PP755592.1|A/cattle/Texas/24-008749-003/2024(H5N1)	714	4438
NP|PP755592.1|A/cattle/Texas/24-008749-003/2024(H5N1)	715	4870
NP|PP755592.1|A/cattle/Texas/24-008749-003/2024(H5N1)	716	4816
NP|PP755592.1|A/cattle/Texas/24-008749-003/2024(H5N1)	717	4815
NP|PP755592.1|A/cattle/Texas/24-008749-003/2024(H5N1)	718	4807
NP|PP755592.1|A/cattle/Texas/24-008749-003/2024(H5N1)	719	4778
NP|PP755592.1|A/cattle/Texas/24-008749-003/2024(H5N1)	720	4782
NP|PP755592.1|A/cattle/Texas/24-008749-003/2024(H5N1)	721	4697
NP|PP755592.1|A/cattle/Texas/24-008749-003/2024(H5N1)	722	4705
NP|PP755592.1|A/cattle/Texas/24-008749-003/2024(H5N1)	723	4676
NP|PP755592.1|A/cattle/Texas/24-008749-003/2024(H5N1)	724	4678
NP|PP755592.1|A/cattle/Texas/24-008749-003/2024(H5N1)	725	4697
NP|PP755592.1|A/cattle/Texas/24-008749-003/2024(H5N1)	726	4687
NP|PP755592.1|A/cattle/Texas/24-008749-003/2024(H5N1)	727	4599
NP|PP755592.1|A/cattle/Texas/24-008749-003/2024(H5N1)	728	4598
NP|PP755592.1|A/cattle/Texas/24-008749-003/2024(H5N1)	729	4651
NP|PP755592.1|A/cattle/Texas/24-008749-003/2024(H5N1)	730	4630
NP|PP755592.1|A/cattle/Texas/24-008749-003/2024(H5N1)	731	4475
NP|PP755592.1|A/cattle/Texas/24-008749-003/2024(H5N1)	732	4456
NP|PP755592.1|A/cattle/Texas/24-008749-003/2024(H5N1)	733	4424
NP|PP755592.1|A/cattle/Texas/24-008749-003/2024(H5N1)	734	4436
NP|PP755592.1|A/cattle/Texas/24-008749-003/2024(H5N1)	735	4405
NP|PP755592.1|A/cattle/Texas/24-008749-003/2024(H5N1)	736	4391
NP|PP755592.1|A/cattle/Texas/24-008749-003/2024(H5N1)	737	4391
NP|PP755592.1|A/cattle/Texas/24-008749-003/2024(H5N1)	738	4392
NP|PP755592.1|A/cattle/Texas/24-008749-003/2024(H5N1)	739	4437
NP|PP755592.1|A/cattle/Texas/24-008749-003/2024(H5N1)	740	4454
NP|PP755592.1|A/cattle/Texas/24-008749-003/2024(H5N1)	741	4460
NP|PP755592.1|A/cattle/Texas/24-008749-003/2024(H5N1)	742	4502
NP|PP755592.1|A/cattle/Texas/24-008749-003/2024(H5N1)	743	4440
NP|PP755592.1|A/cattle/Texas/24-008749-003/2024(H5N1)	744	4422
NP|PP755592.1|A/cattle/Texas/24-008749-003/2024(H5N1)	745	4428
NP|PP755592.1|A/cattle/Texas/24-008749-003/2024(H5N1)	746	4465
NP|PP755592.1|A/cattle/Texas/24-008749-003/2024(H5N1)	747	4441
NP|PP755592.1|A/cattle/Texas/24-008749-003/2024(H5N1)	748	4441
NP|PP755592.1|A/cattle/Texas/24-008749-003/2024(H5N1)	749	4409
NP|PP755592.1|A/cattle/Texas/24-008749-003/2024(H5N1)	750	4407
NP|PP755592.1|A/cattle/Texas/24-008749-003/2024(H5N1)	751	4406
NP|PP755592.1|A/cattle/Texas/24-008749-003/2024(H5N1)	752	4419
NP|PP755592.1|A/cattle/Texas/24-008749-003/2024(H5N1)	753	4408
NP|PP755592.1|A/cattle/Texas/24-008749-003/2024(H5N1)	754	4421
NP|PP755592.1|A/cattle/Texas/24-008749-003/2024(H5N1)	755	4431
NP|PP755592.1|A/cattle/Texas/24-008749-003/2024(H5N1)	756	4448
NP|PP755592.1|A/cattle/Texas/24-008749-003/2024(H5N1)	757	4440
NP|PP755592.1|A/cattle/Texas/24-008749-003/2024(H5N1)	758	4452
NP|PP755592.1|A/cattle/Texas/24-008749-003/2024(H5N1)	759	4444
NP|PP755592.1|A/cattle/Texas/24-008749-003/2024(H5N1)	760	4450
NP|PP755592.1|A/cattle/Texas/24-008749-003/2024(H5N1)	761	4451
NP|PP755592.1|A/cattle/Texas/24-008749-003/2024(H5N1)	762	4442
NP|PP755592.1|A/cattle/Texas/24-008749-003/2024(H5N1)	763	4580
NP|PP755592.1|A/cattle/Texas/24-008749-003/2024(H5N1)	764	4567
NP|PP755592.1|A/cattle/Texas/24-008749-003/2024(H5N1)	765	4475
NP|PP755592.1|A/cattle/Texas/24-008749-003/2024(H5N1)	766	4354
NP|PP755592.1|A/cattle/Texas/24-008749-003/2024(H5N1)	767	4304
NP|PP755592.1|A/cattle/Texas/24-008749-003/2024(H5N1)	768	4364
NP|PP755592.1|A/cattle/Texas/24-008749-003/2024(H5N1)	769	4366
NP|PP755592.1|A/cattle/Texas/24-008749-003/2024(H5N1)	770	4364
NP|PP755592.1|A/cattle/Texas/24-008749-003/2024(H5N1)	771	4366
NP|PP755592.1|A/cattle/Texas/24-008749-003/2024(H5N1)	772	4346
NP|PP755592.1|A/cattle/Texas/24-008749-003/2024(H5N1)	773	4361
NP|PP755592.1|A/cattle/Texas/24-008749-003/2024(H5N1)	774	4359
NP|PP755592.1|A/cattle/Texas/24-008749-003/2024(H5N1)	775	4337
NP|PP755592.1|A/cattle/Texas/24-008749-003/2024(H5N1)	776	4343
NP|PP755592.1|A/cattle/Texas/24-008749-003/2024(H5N1)	777	4357
NP|PP755592.1|A/cattle/Texas/24-008749-003/2024(H5N1)	778	4339
NP|PP755592.1|A/cattle/Texas/24-008749-003/2024(H5N1)	779	4344
NP|PP755592.1|A/cattle/Texas/24-008749-003/2024(H5N1)	780	4344
NP|PP755592.1|A/cattle/Texas/24-008749-003/2024(H5N1)	781	4347
NP|PP755592.1|A/cattle/Texas/24-008749-003/2024(H5N1)	782	4364
NP|PP755592.1|A/cattle/Texas/24-008749-003/2024(H5N1)	783	4395
NP|PP755592.1|A/cattle/Texas/24-008749-003/2024(H5N1)	784	4392
NP|PP755592.1|A/cattle/Texas/24-008749-003/2024(H5N1)	785	4399
NP|PP755592.1|A/cattle/Texas/24-008749-003/2024(H5N1)	786	4372
NP|PP755592.1|A/cattle/Texas/24-008749-003/2024(H5N1)	787	4452
NP|PP755592.1|A/cattle/Texas/24-008749-003/2024(H5N1)	788	4477
NP|PP755592.1|A/cattle/Texas/24-008749-003/2024(H5N1)	789	4475
NP|PP755592.1|A/cattle/Texas/24-008749-003/2024(H5N1)	790	4486
NP|PP755592.1|A/cattle/Texas/24-008749-003/2024(H5N1)	791	4437
NP|PP755592.1|A/cattle/Texas/24-008749-003/2024(H5N1)	792	4476
NP|PP755592.1|A/cattle/Texas/24-008749-003/2024(H5N1)	793	4503
NP|PP755592.1|A/cattle/Texas/24-008749-003/2024(H5N1)	794	4519
NP|PP755592.1|A/cattle/Texas/24-008749-003/2024(H5N1)	795	4413
NP|PP755592.1|A/cattle/Texas/24-008749-003/2024(H5N1)	796	4360
NP|PP755592.1|A/cattle/Texas/24-008749-003/2024(H5N1)	797	4314
NP|PP755592.1|A/cattle/Texas/24-008749-003/2024(H5N1)	798	4321
NP|PP755592.1|A/cattle/Texas/24-008749-003/2024(H5N1)	799	4291
NP|PP755592.1|A/cattle/Texas/24-008749-003/2024(H5N1)	800	4293
NP|PP755592.1|A/cattle/Texas/24-008749-003/2024(H5N1)	801	4261
NP|PP755592.1|A/cattle/Texas/24-008749-003/2024(H5N1)	802	4213
NP|PP755592.1|A/cattle/Texas/24-008749-003/2024(H5N1)	803	4218
NP|PP755592.1|A/cattle/Texas/24-008749-003/2024(H5N1)	804	4230
NP|PP755592.1|A/cattle/Texas/24-008749-003/2024(H5N1)	805	4219
NP|PP755592.1|A/cattle/Texas/24-008749-003/2024(H5N1)	806	4210
NP|PP755592.1|A/cattle/Texas/24-008749-003/2024(H5N1)	807	4162
NP|PP755592.1|A/cattle/Texas/24-008749-003/2024(H5N1)	808	4164
NP|PP755592.1|A/cattle/Texas/24-008749-003/2024(H5N1)	809	4160
NP|PP755592.1|A/cattle/Texas/24-008749-003/2024(H5N1)	810	4182
NP|PP755592.1|A/cattle/Texas/24-008749-003/2024(H5N1)	811	4296
NP|PP755592.1|A/cattle/Texas/24-008749-003/2024(H5N1)	812	4308
NP|PP755592.1|A/cattle/Texas/24-008749-003/2024(H5N1)	813	4305
NP|PP755592.1|A/cattle/Texas/24-008749-003/2024(H5N1)	814	4355
NP|PP755592.1|A/cattle/Texas/24-008749-003/2024(H5N1)	815	4357
NP|PP755592.1|A/cattle/Texas/24-008749-003/2024(H5N1)	816	4348
NP|PP755592.1|A/cattle/Texas/24-008749-003/2024(H5N1)	817	4352
NP|PP755592.1|A/cattle/Texas/24-008749-003/2024(H5N1)	818	4351
NP|PP755592.1|A/cattle/Texas/24-008749-003/2024(H5N1)	819	4358
NP|PP755592.1|A/cattle/Texas/24-008749-003/2024(H5N1)	820	4298
NP|PP755592.1|A/cattle/Texas/24-008749-003/2024(H5N1)	821	4278
NP|PP755592.1|A/cattle/Texas/24-008749-003/2024(H5N1)	822	4280
NP|PP755592.1|A/cattle/Texas/24-008749-003/2024(H5N1)	823	4243
NP|PP755592.1|A/cattle/Texas/24-008749-003/2024(H5N1)	824	4267
NP|PP755592.1|A/cattle/Texas/24-008749-003/2024(H5N1)	825	4275
NP|PP755592.1|A/cattle/Texas/24-008749-003/2024(H5N1)	826	4335
NP|PP755592.1|A/cattle/Texas/24-008749-003/2024(H5N1)	827	4315
NP|PP755592.1|A/cattle/Texas/24-008749-003/2024(H5N1)	828	4313
NP|PP755592.1|A/cattle/Texas/24-008749-003/2024(H5N1)	829	4333
NP|PP755592.1|A/cattle/Texas/24-008749-003/2024(H5N1)	830	4347
NP|PP755592.1|A/cattle/Texas/24-008749-003/2024(H5N1)	831	4332
NP|PP755592.1|A/cattle/Texas/24-008749-003/2024(H5N1)	832	4333
NP|PP755592.1|A/cattle/Texas/24-008749-003/2024(H5N1)	833	4335
NP|PP755592.1|A/cattle/Texas/24-008749-003/2024(H5N1)	834	4333
NP|PP755592.1|A/cattle/Texas/24-008749-003/2024(H5N1)	835	4392
NP|PP755592.1|A/cattle/Texas/24-008749-003/2024(H5N1)	836	4390
NP|PP755592.1|A/cattle/Texas/24-008749-003/2024(H5N1)	837	4390
NP|PP755592.1|A/cattle/Texas/24-008749-003/2024(H5N1)	838	4397
NP|PP755592.1|A/cattle/Texas/24-008749-003/2024(H5N1)	839	4402
NP|PP755592.1|A/cattle/Texas/24-008749-003/2024(H5N1)	840	4428
NP|PP755592.1|A/cattle/Texas/24-008749-003/2024(H5N1)	841	4416
NP|PP755592.1|A/cattle/Texas/24-008749-003/2024(H5N1)	842	4421
NP|PP755592.1|A/cattle/Texas/24-008749-003/2024(H5N1)	843	4420
NP|PP755592.1|A/cattle/Texas/24-008749-003/2024(H5N1)	844	4413
NP|PP755592.1|A/cattle/Texas/24-008749-003/2024(H5N1)	845	4448
NP|PP755592.1|A/cattle/Texas/24-008749-003/2024(H5N1)	846	4530
NP|PP755592.1|A/cattle/Texas/24-008749-003/2024(H5N1)	847	5005
NP|PP755592.1|A/cattle/Texas/24-008749-003/2024(H5N1)	848	4934
NP|PP755592.1|A/cattle/Texas/24-008749-003/2024(H5N1)	849	4957
NP|PP755592.1|A/cattle/Texas/24-008749-003/2024(H5N1)	850	5029
NP|PP755592.1|A/cattle/Texas/24-008749-003/2024(H5N1)	851	5031
NP|PP755592.1|A/cattle/Texas/24-008749-003/2024(H5N1)	852	5013
NP|PP755592.1|A/cattle/Texas/24-008749-003/2024(H5N1)	853	5019
NP|PP755592.1|A/cattle/Texas/24-008749-003/2024(H5N1)	854	5002
NP|PP755592.1|A/cattle/Texas/24-008749-003/2024(H5N1)	855	5018
NP|PP755592.1|A/cattle/Texas/24-008749-003/2024(H5N1)	856	5018
NP|PP755592.1|A/cattle/Texas/24-008749-003/2024(H5N1)	857	5021
NP|PP755592.1|A/cattle/Texas/24-008749-003/2024(H5N1)	858	5020
NP|PP755592.1|A/cattle/Texas/24-008749-003/2024(H5N1)	859	4933
NP|PP755592.1|A/cattle/Texas/24-008749-003/2024(H5N1)	860	4956
NP|PP755592.1|A/cattle/Texas/24-008749-003/2024(H5N1)	861	4965
NP|PP755592.1|A/cattle/Texas/24-008749-003/2024(H5N1)	862	5041
NP|PP755592.1|A/cattle/Texas/24-008749-003/2024(H5N1)	863	5023
NP|PP755592.1|A/cattle/Texas/24-008749-003/2024(H5N1)	864	5004
NP|PP755592.1|A/cattle/Texas/24-008749-003/2024(H5N1)	865	5004
NP|PP755592.1|A/cattle/Texas/24-008749-003/2024(H5N1)	866	4979
NP|PP755592.1|A/cattle/Texas/24-008749-003/2024(H5N1)	867	4984
NP|PP755592.1|A/cattle/Texas/24-008749-003/2024(H5N1)	868	4983
NP|PP755592.1|A/cattle/Texas/24-008749-003/2024(H5N1)	869	4981
NP|PP755592.1|A/cattle/Texas/24-008749-003/2024(H5N1)	870	5008
NP|PP755592.1|A/cattle/Texas/24-008749-003/2024(H5N1)	871	4990
NP|PP755592.1|A/cattle/Texas/24-008749-003/2024(H5N1)	872	4992
NP|PP755592.1|A/cattle/Texas/24-008749-003/2024(H5N1)	873	5004
NP|PP755592.1|A/cattle/Texas/24-008749-003/2024(H5N1)	874	5003
NP|PP755592.1|A/cattle/Texas/24-008749-003/2024(H5N1)	875	5014
NP|PP755592.1|A/cattle/Texas/24-008749-003/2024(H5N1)	876	5009
NP|PP755592.1|A/cattle/Texas/24-008749-003/2024(H5N1)	877	5011
NP|PP755592.1|A/cattle/Texas/24-008749-003/2024(H5N1)	878	5030
NP|PP755592.1|A/cattle/Texas/24-008749-003/2024(H5N1)	879	5001
NP|PP755592.1|A/cattle/Texas/24-008749-003/2024(H5N1)	880	5022
NP|PP755592.1|A/cattle/Texas/24-008749-003/2024(H5N1)	881	5033
NP|PP755592.1|A/cattle/Texas/24-008749-003/2024(H5N1)	882	5025
NP|PP755592.1|A/cattle/Texas/24-008749-003/2024(H5N1)	883	5083
NP|PP755592.1|A/cattle/Texas/24-008749-003/2024(H5N1)	884	5129
NP|PP755592.1|A/cattle/Texas/24-008749-003/2024(H5N1)	885	5154
NP|PP755592.1|A/cattle/Texas/24-008749-003/2024(H5N1)	886	5280
NP|PP755592.1|A/cattle/Texas/24-008749-003/2024(H5N1)	887	5269
NP|PP755592.1|A/cattle/Texas/24-008749-003/2024(H5N1)	888	5275
NP|PP755592.1|A/cattle/Texas/24-008749-003/2024(H5N1)	889	5239
NP|PP755592.1|A/cattle/Texas/24-008749-003/2024(H5N1)	890	5239
NP|PP755592.1|A/cattle/Texas/24-008749-003/2024(H5N1)	891	5281
NP|PP755592.1|A/cattle/Texas/24-008749-003/2024(H5N1)	892	5237
NP|PP755592.1|A/cattle/Texas/24-008749-003/2024(H5N1)	893	5215
NP|PP755592.1|A/cattle/Texas/24-008749-003/2024(H5N1)	894	5232
NP|PP755592.1|A/cattle/Texas/24-008749-003/2024(H5N1)	895	5233
NP|PP755592.1|A/cattle/Texas/24-008749-003/2024(H5N1)	896	5242
NP|PP755592.1|A/cattle/Texas/24-008749-003/2024(H5N1)	897	5214
NP|PP755592.1|A/cattle/Texas/24-008749-003/2024(H5N1)	898	5204
NP|PP755592.1|A/cattle/Texas/24-008749-003/2024(H5N1)	899	5236
NP|PP755592.1|A/cattle/Texas/24-008749-003/2024(H5N1)	900	5281
NP|PP755592.1|A/cattle/Texas/24-008749-003/2024(H5N1)	901	5300
NP|PP755592.1|A/cattle/Texas/24-008749-003/2024(H5N1)	902	5260
NP|PP755592.1|A/cattle/Texas/24-008749-003/2024(H5N1)	903	5196
NP|PP755592.1|A/cattle/Texas/24-008749-003/2024(H5N1)	904	5208
NP|PP755592.1|A/cattle/Texas/24-008749-003/2024(H5N1)	905	5234
NP|PP755592.1|A/cattle/Texas/24-008749-003/2024(H5N1)	906	5243
NP|PP755592.1|A/cattle/Texas/24-008749-003/2024(H5N1)	907	5258
NP|PP755592.1|A/cattle/Texas/24-008749-003/2024(H5N1)	908	5241
NP|PP755592.1|A/cattle/Texas/24-008749-003/2024(H5N1)	909	5206
NP|PP755592.1|A/cattle/Texas/24-008749-003/2024(H5N1)	910	5240
NP|PP755592.1|A/cattle/Texas/24-008749-003/2024(H5N1)	911	5226
NP|PP755592.1|A/cattle/Texas/24-008749-003/2024(H5N1)	912	5197
NP|PP755592.1|A/cattle/Texas/24-008749-003/2024(H5N1)	913	5179
NP|PP755592.1|A/cattle/Texas/24-008749-003/2024(H5N1)	914	5181
NP|PP755592.1|A/cattle/Texas/24-008749-003/2024(H5N1)	915	5349
NP|PP755592.1|A/cattle/Texas/24-008749-003/2024(H5N1)	916	5356
NP|PP755592.1|A/cattle/Texas/24-008749-003/2024(H5N1)	917	5289
NP|PP755592.1|A/cattle/Texas/24-008749-003/2024(H5N1)	918	5312
NP|PP755592.1|A/cattle/Texas/24-008749-003/2024(H5N1)	919	5334
NP|PP755592.1|A/cattle/Texas/24-008749-003/2024(H5N1)	920	5336
NP|PP755592.1|A/cattle/Texas/24-008749-003/2024(H5N1)	921	5343
NP|PP755592.1|A/cattle/Texas/24-008749-003/2024(H5N1)	922	5338
NP|PP755592.1|A/cattle/Texas/24-008749-003/2024(H5N1)	923	5324
NP|PP755592.1|A/cattle/Texas/24-008749-003/2024(H5N1)	924	5318
NP|PP755592.1|A/cattle/Texas/24-008749-003/2024(H5N1)	925	5244
NP|PP755592.1|A/cattle/Texas/24-008749-003/2024(H5N1)	926	5225
NP|PP755592.1|A/cattle/Texas/24-008749-003/2024(H5N1)	927	5217
NP|PP755592.1|A/cattle/Texas/24-008749-003/2024(H5N1)	928	5158
NP|PP755592.1|A/cattle/Texas/24-008749-003/2024(H5N1)	929	5175
NP|PP755592.1|A/cattle/Texas/24-008749-003/2024(H5N1)	930	5178
NP|PP755592.1|A/cattle/Texas/24-008749-003/2024(H5N1)	931	5181
NP|PP755592.1|A/cattle/Texas/24-008749-003/2024(H5N1)	932	5179
NP|PP755592.1|A/cattle/Texas/24-008749-003/2024(H5N1)	933	5177
NP|PP755592.1|A/cattle/Texas/24-008749-003/2024(H5N1)	934	5197
NP|PP755592.1|A/cattle/Texas/24-008749-003/2024(H5N1)	935	5215
NP|PP755592.1|A/cattle/Texas/24-008749-003/2024(H5N1)	936	5191
NP|PP755592.1|A/cattle/Texas/24-008749-003/2024(H5N1)	937	5198
NP|PP755592.1|A/cattle/Texas/24-008749-003/2024(H5N1)	938	5184
NP|PP755592.1|A/cattle/Texas/24-008749-003/2024(H5N1)	939	5162
NP|PP755592.1|A/cattle/Texas/24-008749-003/2024(H5N1)	940	5152
NP|PP755592.1|A/cattle/Texas/24-008749-003/2024(H5N1)	941	5163
NP|PP755592.1|A/cattle/Texas/24-008749-003/2024(H5N1)	942	5173
NP|PP755592.1|A/cattle/Texas/24-008749-003/2024(H5N1)	943	5131
NP|PP755592.1|A/cattle/Texas/24-008749-003/2024(H5N1)	944	5128
NP|PP755592.1|A/cattle/Texas/24-008749-003/2024(H5N1)	945	5160
NP|PP755592.1|A/cattle/Texas/24-008749-003/2024(H5N1)	946	5161
NP|PP755592.1|A/cattle/Texas/24-008749-003/2024(H5N1)	947	5230
NP|PP755592.1|A/cattle/Texas/24-008749-003/2024(H5N1)	948	5214
NP|PP755592.1|A/cattle/Texas/24-008749-003/2024(H5N1)	949	5178
NP|PP755592.1|A/cattle/Texas/24-008749-003/2024(H5N1)	950	5159
NP|PP755592.1|A/cattle/Texas/24-008749-003/2024(H5N1)	951	5175
NP|PP755592.1|A/cattle/Texas/24-008749-003/2024(H5N1)	952	5140
NP|PP755592.1|A/cattle/Texas/24-008749-003/2024(H5N1)	953	5115
NP|PP755592.1|A/cattle/Texas/24-008749-003/2024(H5N1)	954	5086
NP|PP755592.1|A/cattle/Texas/24-008749-003/2024(H5N1)	955	5110
NP|PP755592.1|A/cattle/Texas/24-008749-003/2024(H5N1)	956	5106
NP|PP755592.1|A/cattle/Texas/24-008749-003/2024(H5N1)	957	5077
NP|PP755592.1|A/cattle/Texas/24-008749-003/2024(H5N1)	958	5079
NP|PP755592.1|A/cattle/Texas/24-008749-003/2024(H5N1)	959	5077
NP|PP755592.1|A/cattle/Texas/24-008749-003/2024(H5N1)	960	5074
NP|PP755592.1|A/cattle/Texas/24-008749-003/2024(H5N1)	961	5074
NP|PP755592.1|A/cattle/Texas/24-008749-003/2024(H5N1)	962	5074
NP|PP755592.1|A/cattle/Texas/24-008749-003/2024(H5N1)	963	4985
NP|PP755592.1|A/cattle/Texas/24-008749-003/2024(H5N1)	964	4949
NP|PP755592.1|A/cattle/Texas/24-008749-003/2024(H5N1)	965	4923
NP|PP755592.1|A/cattle/Texas/24-008749-003/2024(H5N1)	966	4004
NP|PP755592.1|A/cattle/Texas/24-008749-003/2024(H5N1)	967	4016
NP|PP755592.1|A/cattle/Texas/24-008749-003/2024(H5N1)	968	4021
NP|PP755592.1|A/cattle/Texas/24-008749-003/2024(H5N1)	969	4028
NP|PP755592.1|A/cattle/Texas/24-008749-003/2024(H5N1)	970	4067
NP|PP755592.1|A/cattle/Texas/24-008749-003/2024(H5N1)	971	4065
NP|PP755592.1|A/cattle/Texas/24-008749-003/2024(H5N1)	972	4050
NP|PP755592.1|A/cattle/Texas/24-008749-003/2024(H5N1)	973	4053
NP|PP755592.1|A/cattle/Texas/24-008749-003/2024(H5N1)	974	4065
NP|PP755592.1|A/cattle/Texas/24-008749-003/2024(H5N1)	975	4080
NP|PP755592.1|A/cattle/Texas/24-008749-003/2024(H5N1)	976	4052
NP|PP755592.1|A/cattle/Texas/24-008749-003/2024(H5N1)	977	4053
NP|PP755592.1|A/cattle/Texas/24-008749-003/2024(H5N1)	978	4045
NP|PP755592.1|A/cattle/Texas/24-008749-003/2024(H5N1)	979	4039
NP|PP755592.1|A/cattle/Texas/24-008749-003/2024(H5N1)	980	4026
NP|PP755592.1|A/cattle/Texas/24-008749-003/2024(H5N1)	981	4027
NP|PP755592.1|A/cattle/Texas/24-008749-003/2024(H5N1)	982	4063
NP|PP755592.1|A/cattle/Texas/24-008749-003/2024(H5N1)	983	4062
NP|PP755592.1|A/cattle/Texas/24-008749-003/2024(H5N1)	984	4733
NP|PP755592.1|A/cattle/Texas/24-008749-003/2024(H5N1)	985	4767
NP|PP755592.1|A/cattle/Texas/24-008749-003/2024(H5N1)	986	4833
NP|PP755592.1|A/cattle/Texas/24-008749-003/2024(H5N1)	987	4836
NP|PP755592.1|A/cattle/Texas/24-008749-003/2024(H5N1)	988	4848
NP|PP755592.1|A/cattle/Texas/24-008749-003/2024(H5N1)	989	4856
NP|PP755592.1|A/cattle/Texas/24-008749-003/2024(H5N1)	990	4845
NP|PP755592.1|A/cattle/Texas/24-008749-003/2024(H5N1)	991	4835
NP|PP755592.1|A/cattle/Texas/24-008749-003/2024(H5N1)	992	4836
NP|PP755592.1|A/cattle/Texas/24-008749-003/2024(H5N1)	993	4747
NP|PP755592.1|A/cattle/Texas/24-008749-003/2024(H5N1)	994	4794
NP|PP755592.1|A/cattle/Texas/24-008749-003/2024(H5N1)	995	4794
NP|PP755592.1|A/cattle/Texas/24-008749-003/2024(H5N1)	996	4804
NP|PP755592.1|A/cattle/Texas/24-008749-003/2024(H5N1)	997	4801
NP|PP755592.1|A/cattle/Texas/24-008749-003/2024(H5N1)	998	4795
NP|PP755592.1|A/cattle/Texas/24-008749-003/2024(H5N1)	999	4847
NP|PP755592.1|A/cattle/Texas/24-008749-003/2024(H5N1)	1000	4844
NP|PP755592.1|A/cattle/Texas/24-008749-003/2024(H5N1)	1001	4854
NP|PP755592.1|A/cattle/Texas/24-008749-003/2024(H5N1)	1002	4857
NP|PP755592.1|A/cattle/Texas/24-008749-003/2024(H5N1)	1003	4823
NP|PP755592.1|A/cattle/Texas/24-008749-003/2024(H5N1)	1004	4801
NP|PP755592.1|A/cattle/Texas/24-008749-003/2024(H5N1)	1005	4795
NP|PP755592.1|A/cattle/Texas/24-008749-003/2024(H5N1)	1006	4793
NP|PP755592.1|A/cattle/Texas/24-008749-003/2024(H5N1)	1007	4790
NP|PP755592.1|A/cattle/Texas/24-008749-003/2024(H5N1)	1008	4781
NP|PP755592.1|A/cattle/Texas/24-008749-003/2024(H5N1)	1009	4794
NP|PP755592.1|A/cattle/Texas/24-008749-003/2024(H5N1)	1010	4786
NP|PP755592.1|A/cattle/Texas/24-008749-003/2024(H5N1)	1011	4792
NP|PP755592.1|A/cattle/Texas/24-008749-003/2024(H5N1)	1012	4809
NP|PP755592.1|A/cattle/Texas/24-008749-003/2024(H5N1)	1013	4814
NP|PP755592.1|A/cattle/Texas/24-008749-003/2024(H5N1)	1014	4804
NP|PP755592.1|A/cattle/Texas/24-008749-003/2024(H5N1)	1015	4799
NP|PP755592.1|A/cattle/Texas/24-008749-003/2024(H5N1)	1016	4802
NP|PP755592.1|A/cattle/Texas/24-008749-003/2024(H5N1)	1017	4801
NP|PP755592.1|A/cattle/Texas/24-008749-003/2024(H5N1)	1018	4790
NP|PP755592.1|A/cattle/Texas/24-008749-003/2024(H5N1)	1019	4795
NP|PP755592.1|A/cattle/Texas/24-008749-003/2024(H5N1)	1020	4784
NP|PP755592.1|A/cattle/Texas/24-008749-003/2024(H5N1)	1021	4766
NP|PP755592.1|A/cattle/Texas/24-008749-003/2024(H5N1)	1022	4759
NP|PP755592.1|A/cattle/Texas/24-008749-003/2024(H5N1)	1023	4766
NP|PP755592.1|A/cattle/Texas/24-008749-003/2024(H5N1)	1024	4772
NP|PP755592.1|A/cattle/Texas/24-008749-003/2024(H5N1)	1025	4774
NP|PP755592.1|A/cattle/Texas/24-008749-003/2024(H5N1)	1026	4761
NP|PP755592.1|A/cattle/Texas/24-008749-003/2024(H5N1)	1027	4774
NP|PP755592.1|A/cattle/Texas/24-008749-003/2024(H5N1)	1028	4737
NP|PP755592.1|A/cattle/Texas/24-008749-003/2024(H5N1)	1029	4746
NP|PP755592.1|A/cattle/Texas/24-008749-003/2024(H5N1)	1030	4771
NP|PP755592.1|A/cattle/Texas/24-008749-003/2024(H5N1)	1031	4763
NP|PP755592.1|A/cattle/Texas/24-008749-003/2024(H5N1)	1032	4762
NP|PP755592.1|A/cattle/Texas/24-008749-003/2024(H5N1)	1033	4767
NP|PP755592.1|A/cattle/Texas/24-008749-003/2024(H5N1)	1034	4769
NP|PP755592.1|A/cattle/Texas/24-008749-003/2024(H5N1)	1035	4790
NP|PP755592.1|A/cattle/Texas/24-008749-003/2024(H5N1)	1036	4770
NP|PP755592.1|A/cattle/Texas/24-008749-003/2024(H5N1)	1037	4782
NP|PP755592.1|A/cattle/Texas/24-008749-003/2024(H5N1)	1038	4750
NP|PP755592.1|A/cattle/Texas/24-008749-003/2024(H5N1)	1039	4748
NP|PP755592.1|A/cattle/Texas/24-008749-003/2024(H5N1)	1040	4753
NP|PP755592.1|A/cattle/Texas/24-008749-003/2024(H5N1)	1041	4744
NP|PP755592.1|A/cattle/Texas/24-008749-003/2024(H5N1)	1042	4721
NP|PP755592.1|A/cattle/Texas/24-008749-003/2024(H5N1)	1043	4691
NP|PP755592.1|A/cattle/Texas/24-008749-003/2024(H5N1)	1044	4668
NP|PP755592.1|A/cattle/Texas/24-008749-003/2024(H5N1)	1045	4669
NP|PP755592.1|A/cattle/Texas/24-008749-003/2024(H5N1)	1046	4655
NP|PP755592.1|A/cattle/Texas/24-008749-003/2024(H5N1)	1047	4646
NP|PP755592.1|A/cattle/Texas/24-008749-003/2024(H5N1)	1048	4682
NP|PP755592.1|A/cattle/Texas/24-008749-003/2024(H5N1)	1049	4690
NP|PP755592.1|A/cattle/Texas/24-008749-003/2024(H5N1)	1050	4689
NP|PP755592.1|A/cattle/Texas/24-008749-003/2024(H5N1)	1051	4688
NP|PP755592.1|A/cattle/Texas/24-008749-003/2024(H5N1)	1052	4724
NP|PP755592.1|A/cattle/Texas/24-008749-003/2024(H5N1)	1053	4719
NP|PP755592.1|A/cattle/Texas/24-008749-003/2024(H5N1)	1054	4727
NP|PP755592.1|A/cattle/Texas/24-008749-003/2024(H5N1)	1055	4709
NP|PP755592.1|A/cattle/Texas/24-008749-003/2024(H5N1)	1056	4633
NP|PP755592.1|A/cattle/Texas/24-008749-003/2024(H5N1)	1057	4656
NP|PP755592.1|A/cattle/Texas/24-008749-003/2024(H5N1)	1058	4644
NP|PP755592.1|A/cattle/Texas/24-008749-003/2024(H5N1)	1059	4650
NP|PP755592.1|A/cattle/Texas/24-008749-003/2024(H5N1)	1060	4646
NP|PP755592.1|A/cattle/Texas/24-008749-003/2024(H5N1)	1061	4555
NP|PP755592.1|A/cattle/Texas/24-008749-003/2024(H5N1)	1062	4554
NP|PP755592.1|A/cattle/Texas/24-008749-003/2024(H5N1)	1063	4534
NP|PP755592.1|A/cattle/Texas/24-008749-003/2024(H5N1)	1064	4562
NP|PP755592.1|A/cattle/Texas/24-008749-003/2024(H5N1)	1065	4529
NP|PP755592.1|A/cattle/Texas/24-008749-003/2024(H5N1)	1066	4514
NP|PP755592.1|A/cattle/Texas/24-008749-003/2024(H5N1)	1067	4504
NP|PP755592.1|A/cattle/Texas/24-008749-003/2024(H5N1)	1068	4524
NP|PP755592.1|A/cattle/Texas/24-008749-003/2024(H5N1)	1069	4518
NP|PP755592.1|A/cattle/Texas/24-008749-003/2024(H5N1)	1070	4511
NP|PP755592.1|A/cattle/Texas/24-008749-003/2024(H5N1)	1071	4536
NP|PP755592.1|A/cattle/Texas/24-008749-003/2024(H5N1)	1072	4555
NP|PP755592.1|A/cattle/Texas/24-008749-003/2024(H5N1)	1073	4513
NP|PP755592.1|A/cattle/Texas/24-008749-003/2024(H5N1)	1074	4542
NP|PP755592.1|A/cattle/Texas/24-008749-003/2024(H5N1)	1075	4538
NP|PP755592.1|A/cattle/Texas/24-008749-003/2024(H5N1)	1076	4543
NP|PP755592.1|A/cattle/Texas/24-008749-003/2024(H5N1)	1077	4578
NP|PP755592.1|A/cattle/Texas/24-008749-003/2024(H5N1)	1078	4572
NP|PP755592.1|A/cattle/Texas/24-008749-003/2024(H5N1)	1079	4584
NP|PP755592.1|A/cattle/Texas/24-008749-003/2024(H5N1)	1080	4579
NP|PP755592.1|A/cattle/Texas/24-008749-003/2024(H5N1)	1081	4556
NP|PP755592.1|A/cattle/Texas/24-008749-003/2024(H5N1)	1082	4570
NP|PP755592.1|A/cattle/Texas/24-008749-003/2024(H5N1)	1083	4561
NP|PP755592.1|A/cattle/Texas/24-008749-003/2024(H5N1)	1084	4564
NP|PP755592.1|A/cattle/Texas/24-008749-003/2024(H5N1)	1085	4568
NP|PP755592.1|A/cattle/Texas/24-008749-003/2024(H5N1)	1086	4488
NP|PP755592.1|A/cattle/Texas/24-008749-003/2024(H5N1)	1087	4509
NP|PP755592.1|A/cattle/Texas/24-008749-003/2024(H5N1)	1088	4524
NP|PP755592.1|A/cattle/Texas/24-008749-003/2024(H5N1)	1089	4545
NP|PP755592.1|A/cattle/Texas/24-008749-003/2024(H5N1)	1090	4507
NP|PP755592.1|A/cattle/Texas/24-008749-003/2024(H5N1)	1091	4486
NP|PP755592.1|A/cattle/Texas/24-008749-003/2024(H5N1)	1092	4491
NP|PP755592.1|A/cattle/Texas/24-008749-003/2024(H5N1)	1093	4515
NP|PP755592.1|A/cattle/Texas/24-008749-003/2024(H5N1)	1094	4523
NP|PP755592.1|A/cattle/Texas/24-008749-003/2024(H5N1)	1095	4513
NP|PP755592.1|A/cattle/Texas/24-008749-003/2024(H5N1)	1096	4442
NP|PP755592.1|A/cattle/Texas/24-008749-003/2024(H5N1)	1097	4172
NP|PP755592.1|A/cattle/Texas/24-008749-003/2024(H5N1)	1098	4154
NP|PP755592.1|A/cattle/Texas/24-008749-003/2024(H5N1)	1099	4158
NP|PP755592.1|A/cattle/Texas/24-008749-003/2024(H5N1)	1100	4088
NP|PP755592.1|A/cattle/Texas/24-008749-003/2024(H5N1)	1101	4088
NP|PP755592.1|A/cattle/Texas/24-008749-003/2024(H5N1)	1102	4103
NP|PP755592.1|A/cattle/Texas/24-008749-003/2024(H5N1)	1103	4112
NP|PP755592.1|A/cattle/Texas/24-008749-003/2024(H5N1)	1104	4108
NP|PP755592.1|A/cattle/Texas/24-008749-003/2024(H5N1)	1105	4105
NP|PP755592.1|A/cattle/Texas/24-008749-003/2024(H5N1)	1106	4087
NP|PP755592.1|A/cattle/Texas/24-008749-003/2024(H5N1)	1107	4081
NP|PP755592.1|A/cattle/Texas/24-008749-003/2024(H5N1)	1108	4105
NP|PP755592.1|A/cattle/Texas/24-008749-003/2024(H5N1)	1109	4106
NP|PP755592.1|A/cattle/Texas/24-008749-003/2024(H5N1)	1110	4127
NP|PP755592.1|A/cattle/Texas/24-008749-003/2024(H5N1)	1111	4111
NP|PP755592.1|A/cattle/Texas/24-008749-003/2024(H5N1)	1112	4110
NP|PP755592.1|A/cattle/Texas/24-008749-003/2024(H5N1)	1113	4064
NP|PP755592.1|A/cattle/Texas/24-008749-003/2024(H5N1)	1114	4088
NP|PP755592.1|A/cattle/Texas/24-008749-003/2024(H5N1)	1115	4129
NP|PP755592.1|A/cattle/Texas/24-008749-003/2024(H5N1)	1116	4136
NP|PP755592.1|A/cattle/Texas/24-008749-003/2024(H5N1)	1117	4143
NP|PP755592.1|A/cattle/Texas/24-008749-003/2024(H5N1)	1118	4165
NP|PP755592.1|A/cattle/Texas/24-008749-003/2024(H5N1)	1119	4127
NP|PP755592.1|A/cattle/Texas/24-008749-003/2024(H5N1)	1120	4144
NP|PP755592.1|A/cattle/Texas/24-008749-003/2024(H5N1)	1121	4123
NP|PP755592.1|A/cattle/Texas/24-008749-003/2024(H5N1)	1122	4134
NP|PP755592.1|A/cattle/Texas/24-008749-003/2024(H5N1)	1123	4132
NP|PP755592.1|A/cattle/Texas/24-008749-003/2024(H5N1)	1124	4104
NP|PP755592.1|A/cattle/Texas/24-008749-003/2024(H5N1)	1125	4140
NP|PP755592.1|A/cattle/Texas/24-008749-003/2024(H5N1)	1126	4147
NP|PP755592.1|A/cattle/Texas/24-008749-003/2024(H5N1)	1127	4177
NP|PP755592.1|A/cattle/Texas/24-008749-003/2024(H5N1)	1128	4168
NP|PP755592.1|A/cattle/Texas/24-008749-003/2024(H5N1)	1129	4153
NP|PP755592.1|A/cattle/Texas/24-008749-003/2024(H5N1)	1130	4165
NP|PP755592.1|A/cattle/Texas/24-008749-003/2024(H5N1)	1131	4179
NP|PP755592.1|A/cattle/Texas/24-008749-003/2024(H5N1)	1132	4169
NP|PP755592.1|A/cattle/Texas/24-008749-003/2024(H5N1)	1133	4161
NP|PP755592.1|A/cattle/Texas/24-008749-003/2024(H5N1)	1134	4117
NP|PP755592.1|A/cattle/Texas/24-008749-003/2024(H5N1)	1135	4135
NP|PP755592.1|A/cattle/Texas/24-008749-003/2024(H5N1)	1136	4095
NP|PP755592.1|A/cattle/Texas/24-008749-003/2024(H5N1)	1137	3889
NP|PP755592.1|A/cattle/Texas/24-008749-003/2024(H5N1)	1138	3895
NP|PP755592.1|A/cattle/Texas/24-008749-003/2024(H5N1)	1139	3888
NP|PP755592.1|A/cattle/Texas/24-008749-003/2024(H5N1)	1140	3885
NP|PP755592.1|A/cattle/Texas/24-008749-003/2024(H5N1)	1141	3883
NP|PP755592.1|A/cattle/Texas/24-008749-003/2024(H5N1)	1142	3830
NP|PP755592.1|A/cattle/Texas/24-008749-003/2024(H5N1)	1143	3849
NP|PP755592.1|A/cattle/Texas/24-008749-003/2024(H5N1)	1144	3835
NP|PP755592.1|A/cattle/Texas/24-008749-003/2024(H5N1)	1145	4009
NP|PP755592.1|A/cattle/Texas/24-008749-003/2024(H5N1)	1146	4043
NP|PP755592.1|A/cattle/Texas/24-008749-003/2024(H5N1)	1147	4059
NP|PP755592.1|A/cattle/Texas/24-008749-003/2024(H5N1)	1148	4081
NP|PP755592.1|A/cattle/Texas/24-008749-003/2024(H5N1)	1149	4068
NP|PP755592.1|A/cattle/Texas/24-008749-003/2024(H5N1)	1150	3994
NP|PP755592.1|A/cattle/Texas/24-008749-003/2024(H5N1)	1151	4049
NP|PP755592.1|A/cattle/Texas/24-008749-003/2024(H5N1)	1152	4069
NP|PP755592.1|A/cattle/Texas/24-008749-003/2024(H5N1)	1153	4051
NP|PP755592.1|A/cattle/Texas/24-008749-003/2024(H5N1)	1154	4037
NP|PP755592.1|A/cattle/Texas/24-008749-003/2024(H5N1)	1155	4011
NP|PP755592.1|A/cattle/Texas/24-008749-003/2024(H5N1)	1156	3966
NP|PP755592.1|A/cattle/Texas/24-008749-003/2024(H5N1)	1157	3978
NP|PP755592.1|A/cattle/Texas/24-008749-003/2024(H5N1)	1158	4001
NP|PP755592.1|A/cattle/Texas/24-008749-003/2024(H5N1)	1159	3998
NP|PP755592.1|A/cattle/Texas/24-008749-003/2024(H5N1)	1160	3991
NP|PP755592.1|A/cattle/Texas/24-008749-003/2024(H5N1)	1161	3935
NP|PP755592.1|A/cattle/Texas/24-008749-003/2024(H5N1)	1162	3949
NP|PP755592.1|A/cattle/Texas/24-008749-003/2024(H5N1)	1163	3952
NP|PP755592.1|A/cattle/Texas/24-008749-003/2024(H5N1)	1164	3952
NP|PP755592.1|A/cattle/Texas/24-008749-003/2024(H5N1)	1165	3950
NP|PP755592.1|A/cattle/Texas/24-008749-003/2024(H5N1)	1166	3946
NP|PP755592.1|A/cattle/Texas/24-008749-003/2024(H5N1)	1167	3918
NP|PP755592.1|A/cattle/Texas/24-008749-003/2024(H5N1)	1168	3912
NP|PP755592.1|A/cattle/Texas/24-008749-003/2024(H5N1)	1169	3899
NP|PP755592.1|A/cattle/Texas/24-008749-003/2024(H5N1)	1170	3903
NP|PP755592.1|A/cattle/Texas/24-008749-003/2024(H5N1)	1171	3894
NP|PP755592.1|A/cattle/Texas/24-008749-003/2024(H5N1)	1172	3894
NP|PP755592.1|A/cattle/Texas/24-008749-003/2024(H5N1)	1173	3900
NP|PP755592.1|A/cattle/Texas/24-008749-003/2024(H5N1)	1174	3893
NP|PP755592.1|A/cattle/Texas/24-008749-003/2024(H5N1)	1175	3887
NP|PP755592.1|A/cattle/Texas/24-008749-003/2024(H5N1)	1176	3875
NP|PP755592.1|A/cattle/Texas/24-008749-003/2024(H5N1)	1177	3874
NP|PP755592.1|A/cattle/Texas/24-008749-003/2024(H5N1)	1178	3884
NP|PP755592.1|A/cattle/Texas/24-008749-003/2024(H5N1)	1179	3885
NP|PP755592.1|A/cattle/Texas/24-008749-003/2024(H5N1)	1180	3874
NP|PP755592.1|A/cattle/Texas/24-008749-003/2024(H5N1)	1181	3882
NP|PP755592.1|A/cattle/Texas/24-008749-003/2024(H5N1)	1182	3860
NP|PP755592.1|A/cattle/Texas/24-008749-003/2024(H5N1)	1183	3870
NP|PP755592.1|A/cattle/Texas/24-008749-003/2024(H5N1)	1184	3856
NP|PP755592.1|A/cattle/Texas/24-008749-003/2024(H5N1)	1185	3844
NP|PP755592.1|A/cattle/Texas/24-008749-003/2024(H5N1)	1186	3842
NP|PP755592.1|A/cattle/Texas/24-008749-003/2024(H5N1)	1187	3852
NP|PP755592.1|A/cattle/Texas/24-008749-003/2024(H5N1)	1188	3824
NP|PP755592.1|A/cattle/Texas/24-008749-003/2024(H5N1)	1189	3848
NP|PP755592.1|A/cattle/Texas/24-008749-003/2024(H5N1)	1190	3854
NP|PP755592.1|A/cattle/Texas/24-008749-003/2024(H5N1)	1191	3911
NP|PP755592.1|A/cattle/Texas/24-008749-003/2024(H5N1)	1192	3913
NP|PP755592.1|A/cattle/Texas/24-008749-003/2024(H5N1)	1193	3908
NP|PP755592.1|A/cattle/Texas/24-008749-003/2024(H5N1)	1194	3901
NP|PP755592.1|A/cattle/Texas/24-008749-003/2024(H5N1)	1195	3892
NP|PP755592.1|A/cattle/Texas/24-008749-003/2024(H5N1)	1196	3874
NP|PP755592.1|A/cattle/Texas/24-008749-003/2024(H5N1)	1197	3876
NP|PP755592.1|A/cattle/Texas/24-008749-003/2024(H5N1)	1198	3635
NP|PP755592.1|A/cattle/Texas/24-008749-003/2024(H5N1)	1199	3649
NP|PP755592.1|A/cattle/Texas/24-008749-003/2024(H5N1)	1200	3619
NP|PP755592.1|A/cattle/Texas/24-008749-003/2024(H5N1)	1201	3614
NP|PP755592.1|A/cattle/Texas/24-008749-003/2024(H5N1)	1202	3632
NP|PP755592.1|A/cattle/Texas/24-008749-003/2024(H5N1)	1203	3631
NP|PP755592.1|A/cattle/Texas/24-008749-003/2024(H5N1)	1204	3629
NP|PP755592.1|A/cattle/Texas/24-008749-003/2024(H5N1)	1205	3632
NP|PP755592.1|A/cattle/Texas/24-008749-003/2024(H5N1)	1206	3616
NP|PP755592.1|A/cattle/Texas/24-008749-003/2024(H5N1)	1207	3618
NP|PP755592.1|A/cattle/Texas/24-008749-003/2024(H5N1)	1208	3617
NP|PP755592.1|A/cattle/Texas/24-008749-003/2024(H5N1)	1209	3599
NP|PP755592.1|A/cattle/Texas/24-008749-003/2024(H5N1)	1210	3610
NP|PP755592.1|A/cattle/Texas/24-008749-003/2024(H5N1)	1211	3609
NP|PP755592.1|A/cattle/Texas/24-008749-003/2024(H5N1)	1212	3639
NP|PP755592.1|A/cattle/Texas/24-008749-003/2024(H5N1)	1213	3651
NP|PP755592.1|A/cattle/Texas/24-008749-003/2024(H5N1)	1214	3639
NP|PP755592.1|A/cattle/Texas/24-008749-003/2024(H5N1)	1215	3649
NP|PP755592.1|A/cattle/Texas/24-008749-003/2024(H5N1)	1216	3650
NP|PP755592.1|A/cattle/Texas/24-008749-003/2024(H5N1)	1217	3665
NP|PP755592.1|A/cattle/Texas/24-008749-003/2024(H5N1)	1218	3657
NP|PP755592.1|A/cattle/Texas/24-008749-003/2024(H5N1)	1219	3626
NP|PP755592.1|A/cattle/Texas/24-008749-003/2024(H5N1)	1220	3604
NP|PP755592.1|A/cattle/Texas/24-008749-003/2024(H5N1)	1221	3580
NP|PP755592.1|A/cattle/Texas/24-008749-003/2024(H5N1)	1222	3587
NP|PP755592.1|A/cattle/Texas/24-008749-003/2024(H5N1)	1223	3601
NP|PP755592.1|A/cattle/Texas/24-008749-003/2024(H5N1)	1224	3584
NP|PP755592.1|A/cattle/Texas/24-008749-003/2024(H5N1)	1225	3581
NP|PP755592.1|A/cattle/Texas/24-008749-003/2024(H5N1)	1226	3545
NP|PP755592.1|A/cattle/Texas/24-008749-003/2024(H5N1)	1227	3583
NP|PP755592.1|A/cattle/Texas/24-008749-003/2024(H5N1)	1228	3622
NP|PP755592.1|A/cattle/Texas/24-008749-003/2024(H5N1)	1229	3607
NP|PP755592.1|A/cattle/Texas/24-008749-003/2024(H5N1)	1230	3635
NP|PP755592.1|A/cattle/Texas/24-008749-003/2024(H5N1)	1231	3643
NP|PP755592.1|A/cattle/Texas/24-008749-003/2024(H5N1)	1232	3646
NP|PP755592.1|A/cattle/Texas/24-008749-003/2024(H5N1)	1233	3726
NP|PP755592.1|A/cattle/Texas/24-008749-003/2024(H5N1)	1234	3724
NP|PP755592.1|A/cattle/Texas/24-008749-003/2024(H5N1)	1235	3386
NP|PP755592.1|A/cattle/Texas/24-008749-003/2024(H5N1)	1236	3345
NP|PP755592.1|A/cattle/Texas/24-008749-003/2024(H5N1)	1237	3274
NP|PP755592.1|A/cattle/Texas/24-008749-003/2024(H5N1)	1238	3286
NP|PP755592.1|A/cattle/Texas/24-008749-003/2024(H5N1)	1239	3247
NP|PP755592.1|A/cattle/Texas/24-008749-003/2024(H5N1)	1240	3272
NP|PP755592.1|A/cattle/Texas/24-008749-003/2024(H5N1)	1241	3349
NP|PP755592.1|A/cattle/Texas/24-008749-003/2024(H5N1)	1242	3357
NP|PP755592.1|A/cattle/Texas/24-008749-003/2024(H5N1)	1243	3359
NP|PP755592.1|A/cattle/Texas/24-008749-003/2024(H5N1)	1244	3303
NP|PP755592.1|A/cattle/Texas/24-008749-003/2024(H5N1)	1245	3299
NP|PP755592.1|A/cattle/Texas/24-008749-003/2024(H5N1)	1246	3323
NP|PP755592.1|A/cattle/Texas/24-008749-003/2024(H5N1)	1247	3321
NP|PP755592.1|A/cattle/Texas/24-008749-003/2024(H5N1)	1248	3308
NP|PP755592.1|A/cattle/Texas/24-008749-003/2024(H5N1)	1249	3262
NP|PP755592.1|A/cattle/Texas/24-008749-003/2024(H5N1)	1250	3262
NP|PP755592.1|A/cattle/Texas/24-008749-003/2024(H5N1)	1251	3264
NP|PP755592.1|A/cattle/Texas/24-008749-003/2024(H5N1)	1252	3256
NP|PP755592.1|A/cattle/Texas/24-008749-003/2024(H5N1)	1253	3248
NP|PP755592.1|A/cattle/Texas/24-008749-003/2024(H5N1)	1254	3243
NP|PP755592.1|A/cattle/Texas/24-008749-003/2024(H5N1)	1255	3258
NP|PP755592.1|A/cattle/Texas/24-008749-003/2024(H5N1)	1256	3247
NP|PP755592.1|A/cattle/Texas/24-008749-003/2024(H5N1)	1257	3258
NP|PP755592.1|A/cattle/Texas/24-008749-003/2024(H5N1)	1258	3276
NP|PP755592.1|A/cattle/Texas/24-008749-003/2024(H5N1)	1259	3281
NP|PP755592.1|A/cattle/Texas/24-008749-003/2024(H5N1)	1260	3266
NP|PP755592.1|A/cattle/Texas/24-008749-003/2024(H5N1)	1261	3265
NP|PP755592.1|A/cattle/Texas/24-008749-003/2024(H5N1)	1262	3249
NP|PP755592.1|A/cattle/Texas/24-008749-003/2024(H5N1)	1263	3238
NP|PP755592.1|A/cattle/Texas/24-008749-003/2024(H5N1)	1264	3207
NP|PP755592.1|A/cattle/Texas/24-008749-003/2024(H5N1)	1265	3218
NP|PP755592.1|A/cattle/Texas/24-008749-003/2024(H5N1)	1266	3240
NP|PP755592.1|A/cattle/Texas/24-008749-003/2024(H5N1)	1267	3245
NP|PP755592.1|A/cattle/Texas/24-008749-003/2024(H5N1)	1268	3246
NP|PP755592.1|A/cattle/Texas/24-008749-003/2024(H5N1)	1269	3367
NP|PP755592.1|A/cattle/Texas/24-008749-003/2024(H5N1)	1270	3354
NP|PP755592.1|A/cattle/Texas/24-008749-003/2024(H5N1)	1271	3357
NP|PP755592.1|A/cattle/Texas/24-008749-003/2024(H5N1)	1272	3366
NP|PP755592.1|A/cattle/Texas/24-008749-003/2024(H5N1)	1273	3373
NP|PP755592.1|A/cattle/Texas/24-008749-003/2024(H5N1)	1274	3360
NP|PP755592.1|A/cattle/Texas/24-008749-003/2024(H5N1)	1275	3351
NP|PP755592.1|A/cattle/Texas/24-008749-003/2024(H5N1)	1276	3332
NP|PP755592.1|A/cattle/Texas/24-008749-003/2024(H5N1)	1277	3337
NP|PP755592.1|A/cattle/Texas/24-008749-003/2024(H5N1)	1278	3379
NP|PP755592.1|A/cattle/Texas/24-008749-003/2024(H5N1)	1279	3368
NP|PP755592.1|A/cattle/Texas/24-008749-003/2024(H5N1)	1280	3350
NP|PP755592.1|A/cattle/Texas/24-008749-003/2024(H5N1)	1281	3308
NP|PP755592.1|A/cattle/Texas/24-008749-003/2024(H5N1)	1282	3321
NP|PP755592.1|A/cattle/Texas/24-008749-003/2024(H5N1)	1283	3325
NP|PP755592.1|A/cattle/Texas/24-008749-003/2024(H5N1)	1284	3326
NP|PP755592.1|A/cattle/Texas/24-008749-003/2024(H5N1)	1285	3311
NP|PP755592.1|A/cattle/Texas/24-008749-003/2024(H5N1)	1286	3289
NP|PP755592.1|A/cattle/Texas/24-008749-003/2024(H5N1)	1287	3248
NP|PP755592.1|A/cattle/Texas/24-008749-003/2024(H5N1)	1288	3237
NP|PP755592.1|A/cattle/Texas/24-008749-003/2024(H5N1)	1289	3233
NP|PP755592.1|A/cattle/Texas/24-008749-003/2024(H5N1)	1290	3230
NP|PP755592.1|A/cattle/Texas/24-008749-003/2024(H5N1)	1291	3228
NP|PP755592.1|A/cattle/Texas/24-008749-003/2024(H5N1)	1292	3205
NP|PP755592.1|A/cattle/Texas/24-008749-003/2024(H5N1)	1293	3204
NP|PP755592.1|A/cattle/Texas/24-008749-003/2024(H5N1)	1294	3198
NP|PP755592.1|A/cattle/Texas/24-008749-003/2024(H5N1)	1295	3200
NP|PP755592.1|A/cattle/Texas/24-008749-003/2024(H5N1)	1296	3185
NP|PP755592.1|A/cattle/Texas/24-008749-003/2024(H5N1)	1297	3187
NP|PP755592.1|A/cattle/Texas/24-008749-003/2024(H5N1)	1298	3160
NP|PP755592.1|A/cattle/Texas/24-008749-003/2024(H5N1)	1299	3081
NP|PP755592.1|A/cattle/Texas/24-008749-003/2024(H5N1)	1300	3081
NP|PP755592.1|A/cattle/Texas/24-008749-003/2024(H5N1)	1301	3083
NP|PP755592.1|A/cattle/Texas/24-008749-003/2024(H5N1)	1302	3072
NP|PP755592.1|A/cattle/Texas/24-008749-003/2024(H5N1)	1303	3047
NP|PP755592.1|A/cattle/Texas/24-008749-003/2024(H5N1)	1304	3001
NP|PP755592.1|A/cattle/Texas/24-008749-003/2024(H5N1)	1305	2987
NP|PP755592.1|A/cattle/Texas/24-008749-003/2024(H5N1)	1306	2973
NP|PP755592.1|A/cattle/Texas/24-008749-003/2024(H5N1)	1307	2985
NP|PP755592.1|A/cattle/Texas/24-008749-003/2024(H5N1)	1308	2966
NP|PP755592.1|A/cattle/Texas/24-008749-003/2024(H5N1)	1309	2944
NP|PP755592.1|A/cattle/Texas/24-008749-003/2024(H5N1)	1310	2943
NP|PP755592.1|A/cattle/Texas/24-008749-003/2024(H5N1)	1311	2926
NP|PP755592.1|A/cattle/Texas/24-008749-003/2024(H5N1)	1312	2932
NP|PP755592.1|A/cattle/Texas/24-008749-003/2024(H5N1)	1313	2934
NP|PP755592.1|A/cattle/Texas/24-008749-003/2024(H5N1)	1314	2932
NP|PP755592.1|A/cattle/Texas/24-008749-003/2024(H5N1)	1315	2947
NP|PP755592.1|A/cattle/Texas/24-008749-003/2024(H5N1)	1316	2918
NP|PP755592.1|A/cattle/Texas/24-008749-003/2024(H5N1)	1317	2927
NP|PP755592.1|A/cattle/Texas/24-008749-003/2024(H5N1)	1318	2911
NP|PP755592.1|A/cattle/Texas/24-008749-003/2024(H5N1)	1319	2887
NP|PP755592.1|A/cattle/Texas/24-008749-003/2024(H5N1)	1320	2883
NP|PP755592.1|A/cattle/Texas/24-008749-003/2024(H5N1)	1321	2876
NP|PP755592.1|A/cattle/Texas/24-008749-003/2024(H5N1)	1322	2873
NP|PP755592.1|A/cattle/Texas/24-008749-003/2024(H5N1)	1323	2857
NP|PP755592.1|A/cattle/Texas/24-008749-003/2024(H5N1)	1324	2853
NP|PP755592.1|A/cattle/Texas/24-008749-003/2024(H5N1)	1325	2819
NP|PP755592.1|A/cattle/Texas/24-008749-003/2024(H5N1)	1326	2796
NP|PP755592.1|A/cattle/Texas/24-008749-003/2024(H5N1)	1327	2800
NP|PP755592.1|A/cattle/Texas/24-008749-003/2024(H5N1)	1328	2778
NP|PP755592.1|A/cattle/Texas/24-008749-003/2024(H5N1)	1329	2789
NP|PP755592.1|A/cattle/Texas/24-008749-003/2024(H5N1)	1330	2790
NP|PP755592.1|A/cattle/Texas/24-008749-003/2024(H5N1)	1331	2775
NP|PP755592.1|A/cattle/Texas/24-008749-003/2024(H5N1)	1332	2774
NP|PP755592.1|A/cattle/Texas/24-008749-003/2024(H5N1)	1333	2771
NP|PP755592.1|A/cattle/Texas/24-008749-003/2024(H5N1)	1334	2768
NP|PP755592.1|A/cattle/Texas/24-008749-003/2024(H5N1)	1335	2764
NP|PP755592.1|A/cattle/Texas/24-008749-003/2024(H5N1)	1336	2773
NP|PP755592.1|A/cattle/Texas/24-008749-003/2024(H5N1)	1337	2776
NP|PP755592.1|A/cattle/Texas/24-008749-003/2024(H5N1)	1338	2660
NP|PP755592.1|A/cattle/Texas/24-008749-003/2024(H5N1)	1339	2651
NP|PP755592.1|A/cattle/Texas/24-008749-003/2024(H5N1)	1340	2617
NP|PP755592.1|A/cattle/Texas/24-008749-003/2024(H5N1)	1341	2575
NP|PP755592.1|A/cattle/Texas/24-008749-003/2024(H5N1)	1342	2570
NP|PP755592.1|A/cattle/Texas/24-008749-003/2024(H5N1)	1343	2554
NP|PP755592.1|A/cattle/Texas/24-008749-003/2024(H5N1)	1344	2552
NP|PP755592.1|A/cattle/Texas/24-008749-003/2024(H5N1)	1345	2552
NP|PP755592.1|A/cattle/Texas/24-008749-003/2024(H5N1)	1346	2524
NP|PP755592.1|A/cattle/Texas/24-008749-003/2024(H5N1)	1347	2506
NP|PP755592.1|A/cattle/Texas/24-008749-003/2024(H5N1)	1348	2501
NP|PP755592.1|A/cattle/Texas/24-008749-003/2024(H5N1)	1349	2504
NP|PP755592.1|A/cattle/Texas/24-008749-003/2024(H5N1)	1350	2499
NP|PP755592.1|A/cattle/Texas/24-008749-003/2024(H5N1)	1351	2493
NP|PP755592.1|A/cattle/Texas/24-008749-003/2024(H5N1)	1352	2457
NP|PP755592.1|A/cattle/Texas/24-008749-003/2024(H5N1)	1353	2453
NP|PP755592.1|A/cattle/Texas/24-008749-003/2024(H5N1)	1354	2425
NP|PP755592.1|A/cattle/Texas/24-008749-003/2024(H5N1)	1355	2422
NP|PP755592.1|A/cattle/Texas/24-008749-003/2024(H5N1)	1356	2419
NP|PP755592.1|A/cattle/Texas/24-008749-003/2024(H5N1)	1357	2430
NP|PP755592.1|A/cattle/Texas/24-008749-003/2024(H5N1)	1358	2400
NP|PP755592.1|A/cattle/Texas/24-008749-003/2024(H5N1)	1359	2375
NP|PP755592.1|A/cattle/Texas/24-008749-003/2024(H5N1)	1360	2375
NP|PP755592.1|A/cattle/Texas/24-008749-003/2024(H5N1)	1361	2373
NP|PP755592.1|A/cattle/Texas/24-008749-003/2024(H5N1)	1362	2377
NP|PP755592.1|A/cattle/Texas/24-008749-003/2024(H5N1)	1363	2376
NP|PP755592.1|A/cattle/Texas/24-008749-003/2024(H5N1)	1364	2333
NP|PP755592.1|A/cattle/Texas/24-008749-003/2024(H5N1)	1365	2301
NP|PP755592.1|A/cattle/Texas/24-008749-003/2024(H5N1)	1366	2269
NP|PP755592.1|A/cattle/Texas/24-008749-003/2024(H5N1)	1367	2241
NP|PP755592.1|A/cattle/Texas/24-008749-003/2024(H5N1)	1368	2237
NP|PP755592.1|A/cattle/Texas/24-008749-003/2024(H5N1)	1369	2221
NP|PP755592.1|A/cattle/Texas/24-008749-003/2024(H5N1)	1370	2223
NP|PP755592.1|A/cattle/Texas/24-008749-003/2024(H5N1)	1371	2199
NP|PP755592.1|A/cattle/Texas/24-008749-003/2024(H5N1)	1372	2202
NP|PP755592.1|A/cattle/Texas/24-008749-003/2024(H5N1)	1373	2202
NP|PP755592.1|A/cattle/Texas/24-008749-003/2024(H5N1)	1374	2194
NP|PP755592.1|A/cattle/Texas/24-008749-003/2024(H5N1)	1375	2159
NP|PP755592.1|A/cattle/Texas/24-008749-003/2024(H5N1)	1376	2122
NP|PP755592.1|A/cattle/Texas/24-008749-003/2024(H5N1)	1377	2104
NP|PP755592.1|A/cattle/Texas/24-008749-003/2024(H5N1)	1378	2072
NP|PP755592.1|A/cattle/Texas/24-008749-003/2024(H5N1)	1379	2065
NP|PP755592.1|A/cattle/Texas/24-008749-003/2024(H5N1)	1380	2064
NP|PP755592.1|A/cattle/Texas/24-008749-003/2024(H5N1)	1381	2024
NP|PP755592.1|A/cattle/Texas/24-008749-003/2024(H5N1)	1382	2024
NP|PP755592.1|A/cattle/Texas/24-008749-003/2024(H5N1)	1383	2023
NP|PP755592.1|A/cattle/Texas/24-008749-003/2024(H5N1)	1384	2001
NP|PP755592.1|A/cattle/Texas/24-008749-003/2024(H5N1)	1385	1999
NP|PP755592.1|A/cattle/Texas/24-008749-003/2024(H5N1)	1386	1975
NP|PP755592.1|A/cattle/Texas/24-008749-003/2024(H5N1)	1387	1987
NP|PP755592.1|A/cattle/Texas/24-008749-003/2024(H5N1)	1388	1966
NP|PP755592.1|A/cattle/Texas/24-008749-003/2024(H5N1)	1389	1962
NP|PP755592.1|A/cattle/Texas/24-008749-003/2024(H5N1)	1390	1956
NP|PP755592.1|A/cattle/Texas/24-008749-003/2024(H5N1)	1391	1954
NP|PP755592.1|A/cattle/Texas/24-008749-003/2024(H5N1)	1392	1948
NP|PP755592.1|A/cattle/Texas/24-008749-003/2024(H5N1)	1393	1947
NP|PP755592.1|A/cattle/Texas/24-008749-003/2024(H5N1)	1394	1929
NP|PP755592.1|A/cattle/Texas/24-008749-003/2024(H5N1)	1395	1927
NP|PP755592.1|A/cattle/Texas/24-008749-003/2024(H5N1)	1396	1889
NP|PP755592.1|A/cattle/Texas/24-008749-003/2024(H5N1)	1397	1864
NP|PP755592.1|A/cattle/Texas/24-008749-003/2024(H5N1)	1398	1859
NP|PP755592.1|A/cattle/Texas/24-008749-003/2024(H5N1)	1399	1852
NP|PP755592.1|A/cattle/Texas/24-008749-003/2024(H5N1)	1400	1848
NP|PP755592.1|A/cattle/Texas/24-008749-003/2024(H5N1)	1401	1848
NP|PP755592.1|A/cattle/Texas/24-008749-003/2024(H5N1)	1402	1829
NP|PP755592.1|A/cattle/Texas/24-008749-003/2024(H5N1)	1403	1802
NP|PP755592.1|A/cattle/Texas/24-008749-003/2024(H5N1)	1404	1802
NP|PP755592.1|A/cattle/Texas/24-008749-003/2024(H5N1)	1405	1792
NP|PP755592.1|A/cattle/Texas/24-008749-003/2024(H5N1)	1406	1790
NP|PP755592.1|A/cattle/Texas/24-008749-003/2024(H5N1)	1407	1787
NP|PP755592.1|A/cattle/Texas/24-008749-003/2024(H5N1)	1408	1773
NP|PP755592.1|A/cattle/Texas/24-008749-003/2024(H5N1)	1409	1763
NP|PP755592.1|A/cattle/Texas/24-008749-003/2024(H5N1)	1410	1759
NP|PP755592.1|A/cattle/Texas/24-008749-003/2024(H5N1)	1411	1754
NP|PP755592.1|A/cattle/Texas/24-008749-003/2024(H5N1)	1412	1755
NP|PP755592.1|A/cattle/Texas/24-008749-003/2024(H5N1)	1413	1744
NP|PP755592.1|A/cattle/Texas/24-008749-003/2024(H5N1)	1414	1742
NP|PP755592.1|A/cattle/Texas/24-008749-003/2024(H5N1)	1415	1736
NP|PP755592.1|A/cattle/Texas/24-008749-003/2024(H5N1)	1416	1732
NP|PP755592.1|A/cattle/Texas/24-008749-003/2024(H5N1)	1417	1724
NP|PP755592.1|A/cattle/Texas/24-008749-003/2024(H5N1)	1418	1718
NP|PP755592.1|A/cattle/Texas/24-008749-003/2024(H5N1)	1419	1706
NP|PP755592.1|A/cattle/Texas/24-008749-003/2024(H5N1)	1420	1700
NP|PP755592.1|A/cattle/Texas/24-008749-003/2024(H5N1)	1421	1691
NP|PP755592.1|A/cattle/Texas/24-008749-003/2024(H5N1)	1422	1685
NP|PP755592.1|A/cattle/Texas/24-008749-003/2024(H5N1)	1423	1681
NP|PP755592.1|A/cattle/Texas/24-008749-003/2024(H5N1)	1424	1681
NP|PP755592.1|A/cattle/Texas/24-008749-003/2024(H5N1)	1425	1649
NP|PP755592.1|A/cattle/Texas/24-008749-003/2024(H5N1)	1426	1643
NP|PP755592.1|A/cattle/Texas/24-008749-003/2024(H5N1)	1427	1638
NP|PP755592.1|A/cattle/Texas/24-008749-003/2024(H5N1)	1428	1635
NP|PP755592.1|A/cattle/Texas/24-008749-003/2024(H5N1)	1429	1628
NP|PP755592.1|A/cattle/Texas/24-008749-003/2024(H5N1)	1430	1608
NP|PP755592.1|A/cattle/Texas/24-008749-003/2024(H5N1)	1431	1594
NP|PP755592.1|A/cattle/Texas/24-008749-003/2024(H5N1)	1432	1592
NP|PP755592.1|A/cattle/Texas/24-008749-003/2024(H5N1)	1433	1591
NP|PP755592.1|A/cattle/Texas/24-008749-003/2024(H5N1)	1434	1583
NP|PP755592.1|A/cattle/Texas/24-008749-003/2024(H5N1)	1435	1569
NP|PP755592.1|A/cattle/Texas/24-008749-003/2024(H5N1)	1436	1568
NP|PP755592.1|A/cattle/Texas/24-008749-003/2024(H5N1)	1437	1560
NP|PP755592.1|A/cattle/Texas/24-008749-003/2024(H5N1)	1438	1555
NP|PP755592.1|A/cattle/Texas/24-008749-003/2024(H5N1)	1439	1550
NP|PP755592.1|A/cattle/Texas/24-008749-003/2024(H5N1)	1440	1536
NP|PP755592.1|A/cattle/Texas/24-008749-003/2024(H5N1)	1441	1525
NP|PP755592.1|A/cattle/Texas/24-008749-003/2024(H5N1)	1442	1429
NP|PP755592.1|A/cattle/Texas/24-008749-003/2024(H5N1)	1443	1425
NP|PP755592.1|A/cattle/Texas/24-008749-003/2024(H5N1)	1444	1423
NP|PP755592.1|A/cattle/Texas/24-008749-003/2024(H5N1)	1445	1396
NP|PP755592.1|A/cattle/Texas/24-008749-003/2024(H5N1)	1446	1403
NP|PP755592.1|A/cattle/Texas/24-008749-003/2024(H5N1)	1447	1379
NP|PP755592.1|A/cattle/Texas/24-008749-003/2024(H5N1)	1448	1378
NP|PP755592.1|A/cattle/Texas/24-008749-003/2024(H5N1)	1449	1368
NP|PP755592.1|A/cattle/Texas/24-008749-003/2024(H5N1)	1450	1367
NP|PP755592.1|A/cattle/Texas/24-008749-003/2024(H5N1)	1451	1365
NP|PP755592.1|A/cattle/Texas/24-008749-003/2024(H5N1)	1452	1312
NP|PP755592.1|A/cattle/Texas/24-008749-003/2024(H5N1)	1453	1307
NP|PP755592.1|A/cattle/Texas/24-008749-003/2024(H5N1)	1454	1284
NP|PP755592.1|A/cattle/Texas/24-008749-003/2024(H5N1)	1455	1266
NP|PP755592.1|A/cattle/Texas/24-008749-003/2024(H5N1)	1456	1252
NP|PP755592.1|A/cattle/Texas/24-008749-003/2024(H5N1)	1457	1235
NP|PP755592.1|A/cattle/Texas/24-008749-003/2024(H5N1)	1458	1224
NP|PP755592.1|A/cattle/Texas/24-008749-003/2024(H5N1)	1459	1221
NP|PP755592.1|A/cattle/Texas/24-008749-003/2024(H5N1)	1460	1220
NP|PP755592.1|A/cattle/Texas/24-008749-003/2024(H5N1)	1461	1217
NP|PP755592.1|A/cattle/Texas/24-008749-003/2024(H5N1)	1462	1200
NP|PP755592.1|A/cattle/Texas/24-008749-003/2024(H5N1)	1463	1178
NP|PP755592.1|A/cattle/Texas/24-008749-003/2024(H5N1)	1464	1148
NP|PP755592.1|A/cattle/Texas/24-008749-003/2024(H5N1)	1465	1103
NP|PP755592.1|A/cattle/Texas/24-008749-003/2024(H5N1)	1466	1100
NP|PP755592.1|A/cattle/Texas/24-008749-003/2024(H5N1)	1467	1097
NP|PP755592.1|A/cattle/Texas/24-008749-003/2024(H5N1)	1468	1083
NP|PP755592.1|A/cattle/Texas/24-008749-003/2024(H5N1)	1469	1082
NP|PP755592.1|A/cattle/Texas/24-008749-003/2024(H5N1)	1470	1082
NP|PP755592.1|A/cattle/Texas/24-008749-003/2024(H5N1)	1471	1081
NP|PP755592.1|A/cattle/Texas/24-008749-003/2024(H5N1)	1472	1075
NP|PP755592.1|A/cattle/Texas/24-008749-003/2024(H5N1)	1473	1067
NP|PP755592.1|A/cattle/Texas/24-008749-003/2024(H5N1)	1474	1041
NP|PP755592.1|A/cattle/Texas/24-008749-003/2024(H5N1)	1475	1039
NP|PP755592.1|A/cattle/Texas/24-008749-003/2024(H5N1)	1476	1036
NP|PP755592.1|A/cattle/Texas/24-008749-003/2024(H5N1)	1477	1034
NP|PP755592.1|A/cattle/Texas/24-008749-003/2024(H5N1)	1478	1015
NP|PP755592.1|A/cattle/Texas/24-008749-003/2024(H5N1)	1479	965
NP|PP755592.1|A/cattle/Texas/24-008749-003/2024(H5N1)	1480	962
NP|PP755592.1|A/cattle/Texas/24-008749-003/2024(H5N1)	1481	949
NP|PP755592.1|A/cattle/Texas/24-008749-003/2024(H5N1)	1482	917
NP|PP755592.1|A/cattle/Texas/24-008749-003/2024(H5N1)	1483	910
NP|PP755592.1|A/cattle/Texas/24-008749-003/2024(H5N1)	1484	776
NP|PP755592.1|A/cattle/Texas/24-008749-003/2024(H5N1)	1485	773
NP|PP755592.1|A/cattle/Texas/24-008749-003/2024(H5N1)	1486	697
NP|PP755592.1|A/cattle/Texas/24-008749-003/2024(H5N1)	1487	686
NP|PP755592.1|A/cattle/Texas/24-008749-003/2024(H5N1)	1488	686
NP|PP755592.1|A/cattle/Texas/24-008749-003/2024(H5N1)	1489	661
NP|PP755592.1|A/cattle/Texas/24-008749-003/2024(H5N1)	1490	661
NP|PP755592.1|A/cattle/Texas/24-008749-003/2024(H5N1)	1491	626
NP|PP755592.1|A/cattle/Texas/24-008749-003/2024(H5N1)	1492	506
NP|PP755592.1|A/cattle/Texas/24-008749-003/2024(H5N1)	1493	503
NP|PP755592.1|A/cattle/Texas/24-008749-003/2024(H5N1)	1494	450
NP|PP755592.1|A/cattle/Texas/24-008749-003/2024(H5N1)	1495	445
NP|PP755592.1|A/cattle/Texas/24-008749-003/2024(H5N1)	1496	441
NP|PP755592.1|A/cattle/Texas/24-008749-003/2024(H5N1)	1497	441
