HA|PP755589.1|A/cattle/Texas/24-008749-003/2024(H5N1)	1	180
HA|PP755589.1|A/cattle/Texas/24-008749-003/2024(H5N1)	2	180
HA|PP755589.1|A/cattle/Texas/24-008749-003/2024(H5N1)	3	187
HA|PP755589.1|A/cattle/Texas/24-008749-003/2024(H5N1)	4	188
HA|PP755589.1|A/cattle/Texas/24-008749-003/2024(H5N1)	5	188
HA|PP755589.1|A/cattle/Texas/24-008749-003/2024(H5N1)	6	191
HA|PP755589.1|A/cattle/Texas/24-008749-003/2024(H5N1)	7	191
HA|PP755589.1|A/cattle/Texas/24-008749-003/2024(H5N1)	8	215
HA|PP755589.1|A/cattle/Texas/24-008749-003/2024(H5N1)	9	216
HA|PP755589.1|A/cattle/Texas/24-008749-003/2024(H5N1)	10	217
HA|PP755589.1|A/cattle/Texas/24-008749-003/2024(H5N1)	11	235
HA|PP755589.1|A/cattle/Texas/24-008749-003/2024(H5N1)	12	235
HA|PP755589.1|A/cattle/Texas/24-008749-003/2024(H5N1)	13	274
HA|PP755589.1|A/cattle/Texas/24-008749-003/2024(H5N1)	14	275
HA|PP755589.1|A/cattle/Texas/24-008749-003/2024(H5N1)	15	278
HA|PP755589.1|A/cattle/Texas/24-008749-003/2024(H5N1)	16	279
HA|PP755589.1|A/cattle/Texas/24-008749-003/2024(H5N1)	17	279
HA|PP755589.1|A/cattle/Texas/24-008749-003/2024(H5N1)	18	281
HA|PP755589.1|A/cattle/Texas/24-008749-003/2024(H5N1)	19	281
HA|PP755589.1|A/cattle/Texas/24-008749-003/2024(H5N1)	20	283
HA|PP755589.1|A/cattle/Texas/24-008749-003/2024(H5N1)	21	285
HA|PP755589.1|A/cattle/Texas/24-008749-003/2024(H5N1)	22	285
HA|PP755589.1|A/cattle/Texas/24-008749-003/2024(H5N1)	23	296
HA|PP755589.1|A/cattle/Texas/24-008749-003/2024(H5N1)	24	297
HA|PP755589.1|A/cattle/Texas/24-008749-003/2024(H5N1)	25	297
HA|PP755589.1|A/cattle/Texas/24-008749-003/2024(H5N1)	26	298
HA|PP755589.1|A/cattle/Texas/24-008749-003/2024(H5N1)	27	298
HA|PP755589.1|A/cattle/Texas/24-008749-003/2024(H5N1)	28	303
HA|PP755589.1|A/cattle/Texas/24-008749-003/2024(H5N1)	29	315
HA|PP755589.1|A/cattle/Texas/24-008749-003/2024(H5N1)	30	323
HA|PP755589.1|A/cattle/Texas/24-008749-003/2024(H5N1)	31	324
HA|PP755589.1|A/cattle/Texas/24-008749-003/2024(H5N1)	32	321
HA|PP755589.1|A/cattle/Texas/24-008749-003/2024(H5N1)	33	321
HA|PP755589.1|A/cattle/Texas/24-008749-003/2024(H5N1)	34	321
HA|PP755589.1|A/cattle/Texas/24-008749-003/2024(H5N1)	35	332
HA|PP755589.1|A/cattle/Texas/24-008749-003/2024(H5N1)	36	349
HA|PP755589.1|A/cattle/Texas/24-008749-003/2024(H5N1)	37	351
HA|PP755589.1|A/cattle/Texas/24-008749-003/2024(H5N1)	38	352
HA|PP755589.1|A/cattle/Texas/24-008749-003/2024(H5N1)	39	375
HA|PP755589.1|A/cattle/Texas/24-008749-003/2024(H5N1)	40	392
HA|PP755589.1|A/cattle/Texas/24-008749-003/2024(H5N1)	41	395
HA|PP755589.1|A/cattle/Texas/24-008749-003/2024(H5N1)	42	395
HA|PP755589.1|A/cattle/Texas/24-008749-003/2024(H5N1)	43	395
HA|PP755589.1|A/cattle/Texas/24-008749-003/2024(H5N1)	44	397
HA|PP755589.1|A/cattle/Texas/24-008749-003/2024(H5N1)	45	398
HA|PP755589.1|A/cattle/Texas/24-008749-003/2024(H5N1)	46	398
HA|PP755589.1|A/cattle/Texas/24-008749-003/2024(H5N1)	47	399
HA|PP755589.1|A/cattle/Texas/24-008749-003/2024(H5N1)	48	399
HA|PP755589.1|A/cattle/Texas/24-008749-003/2024(H5N1)	49	407
HA|PP755589.1|A/cattle/Texas/24-008749-003/2024(H5N1)	50	407
HA|PP755589.1|A/cattle/Texas/24-008749-003/2024(H5N1)	51	408
HA|PP755589.1|A/cattle/Texas/24-008749-003/2024(H5N1)	52	408
HA|PP755589.1|A/cattle/Texas/24-008749-003/2024(H5N1)	53	408
HA|PP755589.1|A/cattle/Texas/24-008749-003/2024(H5N1)	54	425
HA|PP755589.1|A/cattle/Texas/24-008749-003/2024(H5N1)	55	430
HA|PP755589.1|A/cattle/Texas/24-008749-003/2024(H5N1)	56	433
HA|PP755589.1|A/cattle/Texas/24-008749-003/2024(H5N1)	57	436
HA|PP755589.1|A/cattle/Texas/24-008749-003/2024(H5N1)	58	435
HA|PP755589.1|A/cattle/Texas/24-008749-003/2024(H5N1)	59	446
HA|PP755589.1|A/cattle/Texas/24-008749-003/2024(H5N1)	60	448
HA|PP755589.1|A/cattle/Texas/24-008749-003/2024(H5N1)	61	448
HA|PP755589.1|A/cattle/Texas/24-008749-003/2024(H5N1)	62	448
HA|PP755589.1|A/cattle/Texas/24-008749-003/2024(H5N1)	63	452
HA|PP755589.1|A/cattle/Texas/24-008749-003/2024(H5N1)	64	464
HA|PP755589.1|A/cattle/Texas/24-008749-003/2024(H5N1)	65	464
HA|PP755589.1|A/cattle/Texas/24-008749-003/2024(H5N1)	66	467
HA|PP755589.1|A/cattle/Texas/24-008749-003/2024(H5N1)	67	468
HA|PP755589.1|A/cattle/Texas/24-008749-003/2024(H5N1)	68	468
HA|PP755589.1|A/cattle/Texas/24-008749-003/2024(H5N1)	69	479
HA|PP755589.1|A/cattle/Texas/24-008749-003/2024(H5N1)	70	481
HA|PP755589.1|A/cattle/Texas/24-008749-003/2024(H5N1)	71	486
HA|PP755589.1|A/cattle/Texas/24-008749-003/2024(H5N1)	72	484
HA|PP755589.1|A/cattle/Texas/24-008749-003/2024(H5N1)	73	485
HA|PP755589.1|A/cattle/Texas/24-008749-003/2024(H5N1)	74	496
HA|PP755589.1|A/cattle/Texas/24-008749-003/2024(H5N1)	75	498
HA|PP755589.1|A/cattle/Texas/24-008749-003/2024(H5N1)	76	521
HA|PP755589.1|A/cattle/Texas/24-008749-003/2024(H5N1)	77	548
HA|PP755589.1|A/cattle/Texas/24-008749-003/2024(H5N1)	78	561
HA|PP755589.1|A/cattle/Texas/24-008749-003/2024(H5N1)	79	562
HA|PP755589.1|A/cattle/Texas/24-008749-003/2024(H5N1)	80	566
HA|PP755589.1|A/cattle/Texas/24-008749-003/2024(H5N1)	81	566
HA|PP755589.1|A/cattle/Texas/24-008749-003/2024(H5N1)	82	566
HA|PP755589.1|A/cattle/Texas/24-008749-003/2024(H5N1)	83	569
HA|PP755589.1|A/cattle/Texas/24-008749-003/2024(H5N1)	84	573
HA|PP755589.1|A/cattle/Texas/24-008749-003/2024(H5N1)	85	573
HA|PP755589.1|A/cattle/Texas/24-008749-003/2024(H5N1)	86	573
HA|PP755589.1|A/cattle/Texas/24-008749-003/2024(H5N1)	87	571
HA|PP755589.1|A/cattle/Texas/24-008749-003/2024(H5N1)	88	597
HA|PP755589.1|A/cattle/Texas/24-008749-003/2024(H5N1)	89	605
HA|PP755589.1|A/cattle/Texas/24-008749-003/2024(H5N1)	90	610
HA|PP755589.1|A/cattle/Texas/24-008749-003/2024(H5N1)	91	617
HA|PP755589.1|A/cattle/Texas/24-008749-003/2024(H5N1)	92	618
HA|PP755589.1|A/cattle/Texas/24-008749-003/2024(H5N1)	93	628
HA|PP755589.1|A/cattle/Texas/24-008749-003/2024(H5N1)	94	629
HA|PP755589.1|A/cattle/Texas/24-008749-003/2024(H5N1)	95	630
HA|PP755589.1|A/cattle/Texas/24-008749-003/2024(H5N1)	96	633
HA|PP755589.1|A/cattle/Texas/24-008749-003/2024(H5N1)	97	633
HA|PP755589.1|A/cattle/Texas/24-008749-003/2024(H5N1)	98	635
HA|PP755589.1|A/cattle/Texas/24-008749-003/2024(H5N1)	99	637
HA|PP755589.1|A/cattle/Texas/24-008749-003/2024(H5N1)	100	635
HA|PP755589.1|A/cattle/Texas/24-008749-003/2024(H5N1)	101	641
HA|PP755589.1|A/cattle/Texas/24-008749-003/2024(H5N1)	102	641
HA|PP755589.1|A/cattle/Texas/24-008749-003/2024(H5N1)	103	645
HA|PP755589.1|A/cattle/Texas/24-008749-003/2024(H5N1)	104	648
HA|PP755589.1|A/cattle/Texas/24-008749-003/2024(H5N1)	105	647
HA|PP755589.1|A/cattle/Texas/24-008749-003/2024(H5N1)	106	653
HA|PP755589.1|A/cattle/Texas/24-008749-003/2024(H5N1)	107	654
HA|PP755589.1|A/cattle/Texas/24-008749-003/2024(H5N1)	108	658
HA|PP755589.1|A/cattle/Texas/24-008749-003/2024(H5N1)	109	660
HA|PP755589.1|A/cattle/Texas/24-008749-003/2024(H5N1)	110	652
HA|PP755589.1|A/cattle/Texas/24-008749-003/2024(H5N1)	111	653
HA|PP755589.1|A/cattle/Texas/24-008749-003/2024(H5N1)	112	655
HA|PP755589.1|A/cattle/Texas/24-008749-003/2024(H5N1)	113	652
HA|PP755589.1|A/cattle/Texas/24-008749-003/2024(H5N1)	114	657
HA|PP755589.1|A/cattle/Texas/24-008749-003/2024(H5N1)	115	655
HA|PP755589.1|A/cattle/Texas/24-008749-003/2024(H5N1)	116	659
HA|PP755589.1|A/cattle/Texas/24-008749-003/2024(H5N1)	117	664
HA|PP755589.1|A/cattle/Texas/24-008749-003/2024(H5N1)	118	664
HA|PP755589.1|A/cattle/Texas/24-008749-003/2024(H5N1)	119	667
HA|PP755589.1|A/cattle/Texas/24-008749-003/2024(H5N1)	120	670
HA|PP755589.1|A/cattle/Texas/24-008749-003/2024(H5N1)	121	674
HA|PP755589.1|A/cattle/Texas/24-008749-003/2024(H5N1)	122	700
HA|PP755589.1|A/cattle/Texas/24-008749-003/2024(H5N1)	123	700
HA|PP755589.1|A/cattle/Texas/24-008749-003/2024(H5N1)	124	711
HA|PP755589.1|A/cattle/Texas/24-008749-003/2024(H5N1)	125	709
HA|PP755589.1|A/cattle/Texas/24-008749-003/2024(H5N1)	126	716
HA|PP755589.1|A/cattle/Texas/24-008749-003/2024(H5N1)	127	718
HA|PP755589.1|A/cattle/Texas/24-008749-003/2024(H5N1)	128	721
HA|PP755589.1|A/cattle/Texas/24-008749-003/2024(H5N1)	129	718
HA|PP755589.1|A/cattle/Texas/24-008749-003/2024(H5N1)	130	719
HA|PP755589.1|A/cattle/Texas/24-008749-003/2024(H5N1)	131	709
HA|PP755589.1|A/cattle/Texas/24-008749-003/2024(H5N1)	132	718
HA|PP755589.1|A/cattle/Texas/24-008749-003/2024(H5N1)	133	752
HA|PP755589.1|A/cattle/Texas/24-008749-003/2024(H5N1)	134	752
HA|PP755589.1|A/cattle/Texas/24-008749-003/2024(H5N1)	135	750
HA|PP755589.1|A/cattle/Texas/24-008749-003/2024(H5N1)	136	752
HA|PP755589.1|A/cattle/Texas/24-008749-003/2024(H5N1)	137	751
HA|PP755589.1|A/cattle/Texas/24-008749-003/2024(H5N1)	138	758
HA|PP755589.1|A/cattle/Texas/24-008749-003/2024(H5N1)	139	762
HA|PP755589.1|A/cattle/Texas/24-008749-003/2024(H5N1)	140	764
HA|PP755589.1|A/cattle/Texas/24-008749-003/2024(H5N1)	141	767
HA|PP755589.1|A/cattle/Texas/24-008749-003/2024(H5N1)	142	749
HA|PP755589.1|A/cattle/Texas/24-008749-003/2024(H5N1)	143	745
HA|PP755589.1|A/cattle/Texas/24-008749-003/2024(H5N1)	144	743
HA|PP755589.1|A/cattle/Texas/24-008749-003/2024(H5N1)	145	743
HA|PP755589.1|A/cattle/Texas/24-008749-003/2024(H5N1)	146	744
HA|PP755589.1|A/cattle/Texas/24-008749-003/2024(H5N1)	147	751
HA|PP755589.1|A/cattle/Texas/24-008749-003/2024(H5N1)	148	754
HA|PP755589.1|A/cattle/Texas/24-008749-003/2024(H5N1)	149	753
HA|PP755589.1|A/cattle/Texas/24-008749-003/2024(H5N1)	150	754
HA|PP755589.1|A/cattle/Texas/24-008749-003/2024(H5N1)	151	756
HA|PP755589.1|A/cattle/Texas/24-008749-003/2024(H5N1)	152	756
HA|PP755589.1|A/cattle/Texas/24-008749-003/2024(H5N1)	153	756
HA|PP755589.1|A/cattle/Texas/24-008749-003/2024(H5N1)	154	757
HA|PP755589.1|A/cattle/Texas/24-008749-003/2024(H5N1)	155	761
HA|PP755589.1|A/cattle/Texas/24-008749-003/2024(H5N1)	156	759
HA|PP755589.1|A/cattle/Texas/24-008749-003/2024(H5N1)	157	766
HA|PP755589.1|A/cattle/Texas/24-008749-003/2024(H5N1)	158	764
HA|PP755589.1|A/cattle/Texas/24-008749-003/2024(H5N1)	159	768
HA|PP755589.1|A/cattle/Texas/24-008749-003/2024(H5N1)	160	768
HA|PP755589.1|A/cattle/Texas/24-008749-003/2024(H5N1)	161	770
HA|PP755589.1|A/cattle/Texas/24-008749-003/2024(H5N1)	162	771
HA|PP755589.1|A/cattle/Texas/24-008749-003/2024(H5N1)	163	774
HA|PP755589.1|A/cattle/Texas/24-008749-003/2024(H5N1)	164	773
HA|PP755589.1|A/cattle/Texas/24-008749-003/2024(H5N1)	165	773
HA|PP755589.1|A/cattle/Texas/24-008749-003/2024(H5N1)	166	775
HA|PP755589.1|A/cattle/Texas/24-008749-003/2024(H5N1)	167	773
HA|PP755589.1|A/cattle/Texas/24-008749-003/2024(H5N1)	168	769
HA|PP755589.1|A/cattle/Texas/24-008749-003/2024(H5N1)	169	767
HA|PP755589.1|A/cattle/Texas/24-008749-003/2024(H5N1)	170	757
HA|PP755589.1|A/cattle/Texas/24-008749-003/2024(H5N1)	171	746
HA|PP755589.1|A/cattle/Texas/24-008749-003/2024(H5N1)	172	744
HA|PP755589.1|A/cattle/Texas/24-008749-003/2024(H5N1)	173	744
HA|PP755589.1|A/cattle/Texas/24-008749-003/2024(H5N1)	174	742
HA|PP755589.1|A/cattle/Texas/24-008749-003/2024(H5N1)	175	759
HA|PP755589.1|A/cattle/Texas/24-008749-003/2024(H5N1)	176	764
HA|PP755589.1|A/cattle/Texas/24-008749-003/2024(H5N1)	177	756
HA|PP755589.1|A/cattle/Texas/24-008749-003/2024(H5N1)	178	867
HA|PP755589.1|A/cattle/Texas/24-008749-003/2024(H5N1)	179	868
HA|PP755589.1|A/cattle/Texas/24-008749-003/2024(H5N1)	180	888
HA|PP755589.1|A/cattle/Texas/24-008749-003/2024(H5N1)	181	889
HA|PP755589.1|A/cattle/Texas/24-008749-003/2024(H5N1)	182	887
HA|PP755589.1|A/cattle/Texas/24-008749-003/2024(H5N1)	183	887
HA|PP755589.1|A/cattle/Texas/24-008749-003/2024(H5N1)	184	881
HA|PP755589.1|A/cattle/Texas/24-008749-003/2024(H5N1)	185	888
HA|PP755589.1|A/cattle/Texas/24-008749-003/2024(H5N1)	186	893
HA|PP755589.1|A/cattle/Texas/24-008749-003/2024(H5N1)	187	901
HA|PP755589.1|A/cattle/Texas/24-008749-003/2024(H5N1)	188	903
HA|PP755589.1|A/cattle/Texas/24-008749-003/2024(H5N1)	189	900
HA|PP755589.1|A/cattle/Texas/24-008749-003/2024(H5N1)	190	911
HA|PP755589.1|A/cattle/Texas/24-008749-003/2024(H5N1)	191	911
HA|PP755589.1|A/cattle/Texas/24-008749-003/2024(H5N1)	192	915
HA|PP755589.1|A/cattle/Texas/24-008749-003/2024(H5N1)	193	922
HA|PP755589.1|A/cattle/Texas/24-008749-003/2024(H5N1)	194	923
HA|PP755589.1|A/cattle/Texas/24-008749-003/2024(H5N1)	195	916
HA|PP755589.1|A/cattle/Texas/24-008749-003/2024(H5N1)	196	940
HA|PP755589.1|A/cattle/Texas/24-008749-003/2024(H5N1)	197	939
HA|PP755589.1|A/cattle/Texas/24-008749-003/2024(H5N1)	198	950
HA|PP755589.1|A/cattle/Texas/24-008749-003/2024(H5N1)	199	954
HA|PP755589.1|A/cattle/Texas/24-008749-003/2024(H5N1)	200	967
HA|PP755589.1|A/cattle/Texas/24-008749-003/2024(H5N1)	201	967
HA|PP755589.1|A/cattle/Texas/24-008749-003/2024(H5N1)	202	968
HA|PP755589.1|A/cattle/Texas/24-008749-003/2024(H5N1)	203	968
HA|PP755589.1|A/cattle/Texas/24-008749-003/2024(H5N1)	204	969
HA|PP755589.1|A/cattle/Texas/24-008749-003/2024(H5N1)	205	973
HA|PP755589.1|A/cattle/Texas/24-008749-003/2024(H5N1)	206	974
HA|PP755589.1|A/cattle/Texas/24-008749-003/2024(H5N1)	207	994
HA|PP755589.1|A/cattle/Texas/24-008749-003/2024(H5N1)	208	996
HA|PP755589.1|A/cattle/Texas/24-008749-003/2024(H5N1)	209	982
HA|PP755589.1|A/cattle/Texas/24-008749-003/2024(H5N1)	210	979
HA|PP755589.1|A/cattle/Texas/24-008749-003/2024(H5N1)	211	979
HA|PP755589.1|A/cattle/Texas/24-008749-003/2024(H5N1)	212	1004
HA|PP755589.1|A/cattle/Texas/24-008749-003/2024(H5N1)	213	1011
HA|PP755589.1|A/cattle/Texas/24-008749-003/2024(H5N1)	214	1035
HA|PP755589.1|A/cattle/Texas/24-008749-003/2024(H5N1)	215	1047
HA|PP755589.1|A/cattle/Texas/24-008749-003/2024(H5N1)	216	1053
HA|PP755589.1|A/cattle/Texas/24-008749-003/2024(H5N1)	217	1064
HA|PP755589.1|A/cattle/Texas/24-008749-003/2024(H5N1)	218	1070
HA|PP755589.1|A/cattle/Texas/24-008749-003/2024(H5N1)	219	1073
HA|PP755589.1|A/cattle/Texas/24-008749-003/2024(H5N1)	220	1076
HA|PP755589.1|A/cattle/Texas/24-008749-003/2024(H5N1)	221	1039
HA|PP755589.1|A/cattle/Texas/24-008749-003/2024(H5N1)	222	1039
HA|PP755589.1|A/cattle/Texas/24-008749-003/2024(H5N1)	223	1039
HA|PP755589.1|A/cattle/Texas/24-008749-003/2024(H5N1)	224	1036
HA|PP755589.1|A/cattle/Texas/24-008749-003/2024(H5N1)	225	1023
HA|PP755589.1|A/cattle/Texas/24-008749-003/2024(H5N1)	226	1019
HA|PP755589.1|A/cattle/Texas/24-008749-003/2024(H5N1)	227	1012
HA|PP755589.1|A/cattle/Texas/24-008749-003/2024(H5N1)	228	1017
HA|PP755589.1|A/cattle/Texas/24-008749-003/2024(H5N1)	229	1017
HA|PP755589.1|A/cattle/Texas/24-008749-003/2024(H5N1)	230	1015
HA|PP755589.1|A/cattle/Texas/24-008749-003/2024(H5N1)	231	1021
HA|PP755589.1|A/cattle/Texas/24-008749-003/2024(H5N1)	232	1021
HA|PP755589.1|A/cattle/Texas/24-008749-003/2024(H5N1)	233	1019
HA|PP755589.1|A/cattle/Texas/24-008749-003/2024(H5N1)	234	1020
HA|PP755589.1|A/cattle/Texas/24-008749-003/2024(H5N1)	235	1020
HA|PP755589.1|A/cattle/Texas/24-008749-003/2024(H5N1)	236	1025
HA|PP755589.1|A/cattle/Texas/24-008749-003/2024(H5N1)	237	1021
HA|PP755589.1|A/cattle/Texas/24-008749-003/2024(H5N1)	238	1022
HA|PP755589.1|A/cattle/Texas/24-008749-003/2024(H5N1)	239	1022
HA|PP755589.1|A/cattle/Texas/24-008749-003/2024(H5N1)	240	1030
HA|PP755589.1|A/cattle/Texas/24-008749-003/2024(H5N1)	241	1024
HA|PP755589.1|A/cattle/Texas/24-008749-003/2024(H5N1)	242	1023
HA|PP755589.1|A/cattle/Texas/24-008749-003/2024(H5N1)	243	1017
HA|PP755589.1|A/cattle/Texas/24-008749-003/2024(H5N1)	244	1021
HA|PP755589.1|A/cattle/Texas/24-008749-003/2024(H5N1)	245	1021
HA|PP755589.1|A/cattle/Texas/24-008749-003/2024(H5N1)	246	1013
HA|PP755589.1|A/cattle/Texas/24-008749-003/2024(H5N1)	247	1025
HA|PP755589.1|A/cattle/Texas/24-008749-003/2024(H5N1)	248	1029
HA|PP755589.1|A/cattle/Texas/24-008749-003/2024(H5N1)	249	1028
HA|PP755589.1|A/cattle/Texas/24-008749-003/2024(H5N1)	250	1028
HA|PP755589.1|A/cattle/Texas/24-008749-003/2024(H5N1)	251	1026
HA|PP755589.1|A/cattle/Texas/24-008749-003/2024(H5N1)	252	1026
HA|PP755589.1|A/cattle/Texas/24-008749-003/2024(H5N1)	253	1029
HA|PP755589.1|A/cattle/Texas/24-008749-003/2024(H5N1)	254	1029
HA|PP755589.1|A/cattle/Texas/24-008749-003/2024(H5N1)	255	1035
HA|PP755589.1|A/cattle/Texas/24-008749-003/2024(H5N1)	256	1035
HA|PP755589.1|A/cattle/Texas/24-008749-003/2024(H5N1)	257	1032
HA|PP755589.1|A/cattle/Texas/24-008749-003/2024(H5N1)	258	1025
HA|PP755589.1|A/cattle/Texas/24-008749-003/2024(H5N1)	259	1025
HA|PP755589.1|A/cattle/Texas/24-008749-003/2024(H5N1)	260	1027
HA|PP755589.1|A/cattle/Texas/24-008749-003/2024(H5N1)	261	1021
HA|PP755589.1|A/cattle/Texas/24-008749-003/2024(H5N1)	262	1017
HA|PP755589.1|A/cattle/Texas/24-008749-003/2024(H5N1)	263	1019
HA|PP755589.1|A/cattle/Texas/24-008749-003/2024(H5N1)	264	1001
HA|PP755589.1|A/cattle/Texas/24-008749-003/2024(H5N1)	265	1018
HA|PP755589.1|A/cattle/Texas/24-008749-003/2024(H5N1)	266	1021
HA|PP755589.1|A/cattle/Texas/24-008749-003/2024(H5N1)	267	1018
HA|PP755589.1|A/cattle/Texas/24-008749-003/2024(H5N1)	268	1014
HA|PP755589.1|A/cattle/Texas/24-008749-003/2024(H5N1)	269	1015
HA|PP755589.1|A/cattle/Texas/24-008749-003/2024(H5N1)	270	1019
HA|PP755589.1|A/cattle/Texas/24-008749-003/2024(H5N1)	271	1036
HA|PP755589.1|A/cattle/Texas/24-008749-003/2024(H5N1)	272	1040
HA|PP755589.1|A/cattle/Texas/24-008749-003/2024(H5N1)	273	1039
HA|PP755589.1|A/cattle/Texas/24-008749-003/2024(H5N1)	274	1017
HA|PP755589.1|A/cattle/Texas/24-008749-003/2024(H5N1)	275	1022
HA|PP755589.1|A/cattle/Texas/24-008749-003/2024(H5N1)	276	1063
HA|PP755589.1|A/cattle/Texas/24-008749-003/2024(H5N1)	277	1068
HA|PP755589.1|A/cattle/Texas/24-008749-003/2024(H5N1)	278	1072
HA|PP755589.1|A/cattle/Texas/24-008749-003/2024(H5N1)	279	1064
HA|PP755589.1|A/cattle/Texas/24-008749-003/2024(H5N1)	280	1067
HA|PP755589.1|A/cattle/Texas/24-008749-003/2024(H5N1)	281	1118
HA|PP755589.1|A/cattle/Texas/24-008749-003/2024(H5N1)	282	1128
HA|PP755589.1|A/cattle/Texas/24-008749-003/2024(H5N1)	283	1136
HA|PP755589.1|A/cattle/Texas/24-008749-003/2024(H5N1)	284	1144
HA|PP755589.1|A/cattle/Texas/24-008749-003/2024(H5N1)	285	1080
HA|PP755589.1|A/cattle/Texas/24-008749-003/2024(H5N1)	286	1088
HA|PP755589.1|A/cattle/Texas/24-008749-003/2024(H5N1)	287	1084
HA|PP755589.1|A/cattle/Texas/24-008749-003/2024(H5N1)	288	1079
HA|PP755589.1|A/cattle/Texas/24-008749-003/2024(H5N1)	289	1083
HA|PP755589.1|A/cattle/Texas/24-008749-003/2024(H5N1)	290	1056
HA|PP755589.1|A/cattle/Texas/24-008749-003/2024(H5N1)	291	1058
HA|PP755589.1|A/cattle/Texas/24-008749-003/2024(H5N1)	292	1049
HA|PP755589.1|A/cattle/Texas/24-008749-003/2024(H5N1)	293	1049
HA|PP755589.1|A/cattle/Texas/24-008749-003/2024(H5N1)	294	1072
HA|PP755589.1|A/cattle/Texas/24-008749-003/2024(H5N1)	295	1061
HA|PP755589.1|A/cattle/Texas/24-008749-003/2024(H5N1)	296	1065
HA|PP755589.1|A/cattle/Texas/24-008749-003/2024(H5N1)	297	1062
HA|PP755589.1|A/cattle/Texas/24-008749-003/2024(H5N1)	298	1086
HA|PP755589.1|A/cattle/Texas/24-008749-003/2024(H5N1)	299	1089
HA|PP755589.1|A/cattle/Texas/24-008749-003/2024(H5N1)	300	1084
HA|PP755589.1|A/cattle/Texas/24-008749-003/2024(H5N1)	301	1080
HA|PP755589.1|A/cattle/Texas/24-008749-003/2024(H5N1)	302	1075
HA|PP755589.1|A/cattle/Texas/24-008749-003/2024(H5N1)	303	1060
HA|PP755589.1|A/cattle/Texas/24-008749-003/2024(H5N1)	304	1073
HA|PP755589.1|A/cattle/Texas/24-008749-003/2024(H5N1)	305	1076
HA|PP755589.1|A/cattle/Texas/24-008749-003/2024(H5N1)	306	1076
HA|PP755589.1|A/cattle/Texas/24-008749-003/2024(H5N1)	307	1076
HA|PP755589.1|A/cattle/Texas/24-008749-003/2024(H5N1)	308	1073
HA|PP755589.1|A/cattle/Texas/24-008749-003/2024(H5N1)	309	1074
HA|PP755589.1|A/cattle/Texas/24-008749-003/2024(H5N1)	310	1074
HA|PP755589.1|A/cattle/Texas/24-008749-003/2024(H5N1)	311	1079
HA|PP755589.1|A/cattle/Texas/24-008749-003/2024(H5N1)	312	1083
HA|PP755589.1|A/cattle/Texas/24-008749-003/2024(H5N1)	313	1081
HA|PP755589.1|A/cattle/Texas/24-008749-003/2024(H5N1)	314	1077
HA|PP755589.1|A/cattle/Texas/24-008749-003/2024(H5N1)	315	1095
HA|PP755589.1|A/cattle/Texas/24-008749-003/2024(H5N1)	316	1092
HA|PP755589.1|A/cattle/Texas/24-008749-003/2024(H5N1)	317	1105
HA|PP755589.1|A/cattle/Texas/24-008749-003/2024(H5N1)	318	1106
HA|PP755589.1|A/cattle/Texas/24-008749-003/2024(H5N1)	319	1109
HA|PP755589.1|A/cattle/Texas/24-008749-003/2024(H5N1)	320	1114
HA|PP755589.1|A/cattle/Texas/24-008749-003/2024(H5N1)	321	1132
HA|PP755589.1|A/cattle/Texas/24-008749-003/2024(H5N1)	322	1130
HA|PP755589.1|A/cattle/Texas/24-008749-003/2024(H5N1)	323	1128
HA|PP755589.1|A/cattle/Texas/24-008749-003/2024(H5N1)	324	1111
HA|PP755589.1|A/cattle/Texas/24-008749-003/2024(H5N1)	325	1113
HA|PP755589.1|A/cattle/Texas/24-008749-003/2024(H5N1)	326	1125
HA|PP755589.1|A/cattle/Texas/24-008749-003/2024(H5N1)	327	1112
HA|PP755589.1|A/cattle/Texas/24-008749-003/2024(H5N1)	328	1089
HA|PP755589.1|A/cattle/Texas/24-008749-003/2024(H5N1)	329	1098
HA|PP755589.1|A/cattle/Texas/24-008749-003/2024(H5N1)	330	1109
HA|PP755589.1|A/cattle/Texas/24-008749-003/2024(H5N1)	331	1122
HA|PP755589.1|A/cattle/Texas/24-008749-003/2024(H5N1)	332	1126
HA|PP755589.1|A/cattle/Texas/24-008749-003/2024(H5N1)	333	1129
HA|PP755589.1|A/cattle/Texas/24-008749-003/2024(H5N1)	334	1129
HA|PP755589.1|A/cattle/Texas/24-008749-003/2024(H5N1)	335	1132
HA|PP755589.1|A/cattle/Texas/24-008749-003/2024(H5N1)	336	1138
HA|PP755589.1|A/cattle/Texas/24-008749-003/2024(H5N1)	337	1144
HA|PP755589.1|A/cattle/Texas/24-008749-003/2024(H5N1)	338	1145
HA|PP755589.1|A/cattle/Texas/24-008749-003/2024(H5N1)	339	1135
HA|PP755589.1|A/cattle/Texas/24-008749-003/2024(H5N1)	340	1112
HA|PP755589.1|A/cattle/Texas/24-008749-003/2024(H5N1)	341	1119
HA|PP755589.1|A/cattle/Texas/24-008749-003/2024(H5N1)	342	1114
HA|PP755589.1|A/cattle/Texas/24-008749-003/2024(H5N1)	343	1114
HA|PP755589.1|A/cattle/Texas/24-008749-003/2024(H5N1)	344	1125
HA|PP755589.1|A/cattle/Texas/24-008749-003/2024(H5N1)	345	1122
HA|PP755589.1|A/cattle/Texas/24-008749-003/2024(H5N1)	346	1136
HA|PP755589.1|A/cattle/Texas/24-008749-003/2024(H5N1)	347	1132
HA|PP755589.1|A/cattle/Texas/24-008749-003/2024(H5N1)	348	1135
HA|PP755589.1|A/cattle/Texas/24-008749-003/2024(H5N1)	349	1136
HA|PP755589.1|A/cattle/Texas/24-008749-003/2024(H5N1)	350	1132
HA|PP755589.1|A/cattle/Texas/24-008749-003/2024(H5N1)	351	1136
HA|PP755589.1|A/cattle/Texas/24-008749-003/2024(H5N1)	352	1140
HA|PP755589.1|A/cattle/Texas/24-008749-003/2024(H5N1)	353	1148
HA|PP755589.1|A/cattle/Texas/24-008749-003/2024(H5N1)	354	1159
HA|PP755589.1|A/cattle/Texas/24-008749-003/2024(H5N1)	355	1162
HA|PP755589.1|A/cattle/Texas/24-008749-003/2024(H5N1)	356	1160
HA|PP755589.1|A/cattle/Texas/24-008749-003/2024(H5N1)	357	1164
HA|PP755589.1|A/cattle/Texas/24-008749-003/2024(H5N1)	358	1171
HA|PP755589.1|A/cattle/Texas/24-008749-003/2024(H5N1)	359	1171
HA|PP755589.1|A/cattle/Texas/24-008749-003/2024(H5N1)	360	1168
HA|PP755589.1|A/cattle/Texas/24-008749-003/2024(H5N1)	361	1169
HA|PP755589.1|A/cattle/Texas/24-008749-003/2024(H5N1)	362	1164
HA|PP755589.1|A/cattle/Texas/24-008749-003/2024(H5N1)	363	1168
HA|PP755589.1|A/cattle/Texas/24-008749-003/2024(H5N1)	364	1165
HA|PP755589.1|A/cattle/Texas/24-008749-003/2024(H5N1)	365	1169
HA|PP755589.1|A/cattle/Texas/24-008749-003/2024(H5N1)	366	1167
HA|PP755589.1|A/cattle/Texas/24-008749-003/2024(H5N1)	367	1161
HA|PP755589.1|A/cattle/Texas/24-008749-003/2024(H5N1)	368	1181
HA|PP755589.1|A/cattle/Texas/24-008749-003/2024(H5N1)	369	1196
HA|PP755589.1|A/cattle/Texas/24-008749-003/2024(H5N1)	370	1197
HA|PP755589.1|A/cattle/Texas/24-008749-003/2024(H5N1)	371	1195
HA|PP755589.1|A/cattle/Texas/24-008749-003/2024(H5N1)	372	1183
HA|PP755589.1|A/cattle/Texas/24-008749-003/2024(H5N1)	373	1171
HA|PP755589.1|A/cattle/Texas/24-008749-003/2024(H5N1)	374	1170
HA|PP755589.1|A/cattle/Texas/24-008749-003/2024(H5N1)	375	1165
HA|PP755589.1|A/cattle/Texas/24-008749-003/2024(H5N1)	376	1165
HA|PP755589.1|A/cattle/Texas/24-008749-003/2024(H5N1)	377	1156
HA|PP755589.1|A/cattle/Texas/24-008749-003/2024(H5N1)	378	1160
HA|PP755589.1|A/cattle/Texas/24-008749-003/2024(H5N1)	379	1163
HA|PP755589.1|A/cattle/Texas/24-008749-003/2024(H5N1)	380	1163
HA|PP755589.1|A/cattle/Texas/24-008749-003/2024(H5N1)	381	1162
HA|PP755589.1|A/cattle/Texas/24-008749-003/2024(H5N1)	382	1166
HA|PP755589.1|A/cattle/Texas/24-008749-003/2024(H5N1)	383	1164
HA|PP755589.1|A/cattle/Texas/24-008749-003/2024(H5N1)	384	1152
HA|PP755589.1|A/cattle/Texas/24-008749-003/2024(H5N1)	385	1150
HA|PP755589.1|A/cattle/Texas/24-008749-003/2024(H5N1)	386	1144
HA|PP755589.1|A/cattle/Texas/24-008749-003/2024(H5N1)	387	1154
HA|PP755589.1|A/cattle/Texas/24-008749-003/2024(H5N1)	388	1162
HA|PP755589.1|A/cattle/Texas/24-008749-003/2024(H5N1)	389	1159
HA|PP755589.1|A/cattle/Texas/24-008749-003/2024(H5N1)	390	1156
HA|PP755589.1|A/cattle/Texas/24-008749-003/2024(H5N1)	391	1157
HA|PP755589.1|A/cattle/Texas/24-008749-003/2024(H5N1)	392	1149
HA|PP755589.1|A/cattle/Texas/24-008749-003/2024(H5N1)	393	1158
HA|PP755589.1|A/cattle/Texas/24-008749-003/2024(H5N1)	394	1161
HA|PP755589.1|A/cattle/Texas/24-008749-003/2024(H5N1)	395	1161
HA|PP755589.1|A/cattle/Texas/24-008749-003/2024(H5N1)	396	1162
HA|PP755589.1|A/cattle/Texas/24-008749-003/2024(H5N1)	397	1170
HA|PP755589.1|A/cattle/Texas/24-008749-003/2024(H5N1)	398	1182
HA|PP755589.1|A/cattle/Texas/24-008749-003/2024(H5N1)	399	1205
HA|PP755589.1|A/cattle/Texas/24-008749-003/2024(H5N1)	400	1205
HA|PP755589.1|A/cattle/Texas/24-008749-003/2024(H5N1)	401	1203
HA|PP755589.1|A/cattle/Texas/24-008749-003/2024(H5N1)	402	1206
HA|PP755589.1|A/cattle/Texas/24-008749-003/2024(H5N1)	403	1208
HA|PP755589.1|A/cattle/Texas/24-008749-003/2024(H5N1)	404	1208
HA|PP755589.1|A/cattle/Texas/24-008749-003/2024(H5N1)	405	1207
HA|PP755589.1|A/cattle/Texas/24-008749-003/2024(H5N1)	406	1201
HA|PP755589.1|A/cattle/Texas/24-008749-003/2024(H5N1)	407	1208
HA|PP755589.1|A/cattle/Texas/24-008749-003/2024(H5N1)	408	1195
HA|PP755589.1|A/cattle/Texas/24-008749-003/2024(H5N1)	409	1200
HA|PP755589.1|A/cattle/Texas/24-008749-003/2024(H5N1)	410	1198
HA|PP755589.1|A/cattle/Texas/24-008749-003/2024(H5N1)	411	1194
HA|PP755589.1|A/cattle/Texas/24-008749-003/2024(H5N1)	412	1210
HA|PP755589.1|A/cattle/Texas/24-008749-003/2024(H5N1)	413	1218
HA|PP755589.1|A/cattle/Texas/24-008749-003/2024(H5N1)	414	1214
HA|PP755589.1|A/cattle/Texas/24-008749-003/2024(H5N1)	415	1212
HA|PP755589.1|A/cattle/Texas/24-008749-003/2024(H5N1)	416	1209
HA|PP755589.1|A/cattle/Texas/24-008749-003/2024(H5N1)	417	1218
HA|PP755589.1|A/cattle/Texas/24-008749-003/2024(H5N1)	418	1216
HA|PP755589.1|A/cattle/Texas/24-008749-003/2024(H5N1)	419	1214
HA|PP755589.1|A/cattle/Texas/24-008749-003/2024(H5N1)	420	1218
HA|PP755589.1|A/cattle/Texas/24-008749-003/2024(H5N1)	421	1214
HA|PP755589.1|A/cattle/Texas/24-008749-003/2024(H5N1)	422	1213
HA|PP755589.1|A/cattle/Texas/24-008749-003/2024(H5N1)	423	1212
HA|PP755589.1|A/cattle/Texas/24-008749-003/2024(H5N1)	424	1156
HA|PP755589.1|A/cattle/Texas/24-008749-003/2024(H5N1)	425	1158
HA|PP755589.1|A/cattle/Texas/24-008749-003/2024(H5N1)	426	1152
HA|PP755589.1|A/cattle/Texas/24-008749-003/2024(H5N1)	427	1151
HA|PP755589.1|A/cattle/Texas/24-008749-003/2024(H5N1)	428	1159
HA|PP755589.1|A/cattle/Texas/24-008749-003/2024(H5N1)	429	1152
HA|PP755589.1|A/cattle/Texas/24-008749-003/2024(H5N1)	430	1153
HA|PP755589.1|A/cattle/Texas/24-008749-003/2024(H5N1)	431	1171
HA|PP755589.1|A/cattle/Texas/24-008749-003/2024(H5N1)	432	1171
HA|PP755589.1|A/cattle/Texas/24-008749-003/2024(H5N1)	433	1176
HA|PP755589.1|A/cattle/Texas/24-008749-003/2024(H5N1)	434	1174
HA|PP755589.1|A/cattle/Texas/24-008749-003/2024(H5N1)	435	1175
HA|PP755589.1|A/cattle/Texas/24-008749-003/2024(H5N1)	436	1173
HA|PP755589.1|A/cattle/Texas/24-008749-003/2024(H5N1)	437	1172
HA|PP755589.1|A/cattle/Texas/24-008749-003/2024(H5N1)	438	1175
HA|PP755589.1|A/cattle/Texas/24-008749-003/2024(H5N1)	439	1174
HA|PP755589.1|A/cattle/Texas/24-008749-003/2024(H5N1)	440	1146
HA|PP755589.1|A/cattle/Texas/24-008749-003/2024(H5N1)	441	1149
HA|PP755589.1|A/cattle/Texas/24-008749-003/2024(H5N1)	442	1143
HA|PP755589.1|A/cattle/Texas/24-008749-003/2024(H5N1)	443	1144
HA|PP755589.1|A/cattle/Texas/24-008749-003/2024(H5N1)	444	1148
HA|PP755589.1|A/cattle/Texas/24-008749-003/2024(H5N1)	445	1143
HA|PP755589.1|A/cattle/Texas/24-008749-003/2024(H5N1)	446	1144
HA|PP755589.1|A/cattle/Texas/24-008749-003/2024(H5N1)	447	1135
HA|PP755589.1|A/cattle/Texas/24-008749-003/2024(H5N1)	448	1136
HA|PP755589.1|A/cattle/Texas/24-008749-003/2024(H5N1)	449	1129
HA|PP755589.1|A/cattle/Texas/24-008749-003/2024(H5N1)	450	1137
HA|PP755589.1|A/cattle/Texas/24-008749-003/2024(H5N1)	451	1138
HA|PP755589.1|A/cattle/Texas/24-008749-003/2024(H5N1)	452	1157
HA|PP755589.1|A/cattle/Texas/24-008749-003/2024(H5N1)	453	1158
HA|PP755589.1|A/cattle/Texas/24-008749-003/2024(H5N1)	454	1168
HA|PP755589.1|A/cattle/Texas/24-008749-003/2024(H5N1)	455	1162
HA|PP755589.1|A/cattle/Texas/24-008749-003/2024(H5N1)	456	1181
HA|PP755589.1|A/cattle/Texas/24-008749-003/2024(H5N1)	457	1179
HA|PP755589.1|A/cattle/Texas/24-008749-003/2024(H5N1)	458	1172
HA|PP755589.1|A/cattle/Texas/24-008749-003/2024(H5N1)	459	1170
HA|PP755589.1|A/cattle/Texas/24-008749-003/2024(H5N1)	460	1162
HA|PP755589.1|A/cattle/Texas/24-008749-003/2024(H5N1)	461	1142
HA|PP755589.1|A/cattle/Texas/24-008749-003/2024(H5N1)	462	1144
HA|PP755589.1|A/cattle/Texas/24-008749-003/2024(H5N1)	463	1129
HA|PP755589.1|A/cattle/Texas/24-008749-003/2024(H5N1)	464	1129
HA|PP755589.1|A/cattle/Texas/24-008749-003/2024(H5N1)	465	1117
HA|PP755589.1|A/cattle/Texas/24-008749-003/2024(H5N1)	466	1111
HA|PP755589.1|A/cattle/Texas/24-008749-003/2024(H5N1)	467	1115
HA|PP755589.1|A/cattle/Texas/24-008749-003/2024(H5N1)	468	1114
HA|PP755589.1|A/cattle/Texas/24-008749-003/2024(H5N1)	469	1109
HA|PP755589.1|A/cattle/Texas/24-008749-003/2024(H5N1)	470	1106
HA|PP755589.1|A/cattle/Texas/24-008749-003/2024(H5N1)	471	1111
HA|PP755589.1|A/cattle/Texas/24-008749-003/2024(H5N1)	472	1125
HA|PP755589.1|A/cattle/Texas/24-008749-003/2024(H5N1)	473	1130
HA|PP755589.1|A/cattle/Texas/24-008749-003/2024(H5N1)	474	1134
HA|PP755589.1|A/cattle/Texas/24-008749-003/2024(H5N1)	475	1132
HA|PP755589.1|A/cattle/Texas/24-008749-003/2024(H5N1)	476	1132
HA|PP755589.1|A/cattle/Texas/24-008749-003/2024(H5N1)	477	1135
HA|PP755589.1|A/cattle/Texas/24-008749-003/2024(H5N1)	478	1130
HA|PP755589.1|A/cattle/Texas/24-008749-003/2024(H5N1)	479	1130
HA|PP755589.1|A/cattle/Texas/24-008749-003/2024(H5N1)	480	1133
HA|PP755589.1|A/cattle/Texas/24-008749-003/2024(H5N1)	481	1131
HA|PP755589.1|A/cattle/Texas/24-008749-003/2024(H5N1)	482	1130
HA|PP755589.1|A/cattle/Texas/24-008749-003/2024(H5N1)	483	1132
HA|PP755589.1|A/cattle/Texas/24-008749-003/2024(H5N1)	484	1138
HA|PP755589.1|A/cattle/Texas/24-008749-003/2024(H5N1)	485	1140
HA|PP755589.1|A/cattle/Texas/24-008749-003/2024(H5N1)	486	1140
HA|PP755589.1|A/cattle/Texas/24-008749-003/2024(H5N1)	487	1146
HA|PP755589.1|A/cattle/Texas/24-008749-003/2024(H5N1)	488	1147
HA|PP755589.1|A/cattle/Texas/24-008749-003/2024(H5N1)	489	1148
HA|PP755589.1|A/cattle/Texas/24-008749-003/2024(H5N1)	490	1150
HA|PP755589.1|A/cattle/Texas/24-008749-003/2024(H5N1)	491	1153
HA|PP755589.1|A/cattle/Texas/24-008749-003/2024(H5N1)	492	1154
HA|PP755589.1|A/cattle/Texas/24-008749-003/2024(H5N1)	493	1151
HA|PP755589.1|A/cattle/Texas/24-008749-003/2024(H5N1)	494	1160
HA|PP755589.1|A/cattle/Texas/24-008749-003/2024(H5N1)	495	1159
HA|PP755589.1|A/cattle/Texas/24-008749-003/2024(H5N1)	496	1151
HA|PP755589.1|A/cattle/Texas/24-008749-003/2024(H5N1)	497	1138
HA|PP755589.1|A/cattle/Texas/24-008749-003/2024(H5N1)	498	1134
HA|PP755589.1|A/cattle/Texas/24-008749-003/2024(H5N1)	499	1136
HA|PP755589.1|A/cattle/Texas/24-008749-003/2024(H5N1)	500	1138
HA|PP755589.1|A/cattle/Texas/24-008749-003/2024(H5N1)	501	1153
HA|PP755589.1|A/cattle/Texas/24-008749-003/2024(H5N1)	502	1158
HA|PP755589.1|A/cattle/Texas/24-008749-003/2024(H5N1)	503	1152
HA|PP755589.1|A/cattle/Texas/24-008749-003/2024(H5N1)	504	1149
HA|PP755589.1|A/cattle/Texas/24-008749-003/2024(H5N1)	505	1149
HA|PP755589.1|A/cattle/Texas/24-008749-003/2024(H5N1)	506	1146
HA|PP755589.1|A/cattle/Texas/24-008749-003/2024(H5N1)	507	1150
HA|PP755589.1|A/cattle/Texas/24-008749-003/2024(H5N1)	508	1149
HA|PP755589.1|A/cattle/Texas/24-008749-003/2024(H5N1)	509	1145
HA|PP755589.1|A/cattle/Texas/24-008749-003/2024(H5N1)	510	1144
HA|PP755589.1|A/cattle/Texas/24-008749-003/2024(H5N1)	511	1139
HA|PP755589.1|A/cattle/Texas/24-008749-003/2024(H5N1)	512	1172
HA|PP755589.1|A/cattle/Texas/24-008749-003/2024(H5N1)	513	1172
HA|PP755589.1|A/cattle/Texas/24-008749-003/2024(H5N1)	514	1173
HA|PP755589.1|A/cattle/Texas/24-008749-003/2024(H5N1)	515	1165
HA|PP755589.1|A/cattle/Texas/24-008749-003/2024(H5N1)	516	1176
HA|PP755589.1|A/cattle/Texas/24-008749-003/2024(H5N1)	517	1175
HA|PP755589.1|A/cattle/Texas/24-008749-003/2024(H5N1)	518	1172
HA|PP755589.1|A/cattle/Texas/24-008749-003/2024(H5N1)	519	1230
HA|PP755589.1|A/cattle/Texas/24-008749-003/2024(H5N1)	520	1227
HA|PP755589.1|A/cattle/Texas/24-008749-003/2024(H5N1)	521	1208
HA|PP755589.1|A/cattle/Texas/24-008749-003/2024(H5N1)	522	1187
HA|PP755589.1|A/cattle/Texas/24-008749-003/2024(H5N1)	523	1197
HA|PP755589.1|A/cattle/Texas/24-008749-003/2024(H5N1)	524	1275
HA|PP755589.1|A/cattle/Texas/24-008749-003/2024(H5N1)	525	1263
HA|PP755589.1|A/cattle/Texas/24-008749-003/2024(H5N1)	526	1257
HA|PP755589.1|A/cattle/Texas/24-008749-003/2024(H5N1)	527	1238
HA|PP755589.1|A/cattle/Texas/24-008749-003/2024(H5N1)	528	1228
HA|PP755589.1|A/cattle/Texas/24-008749-003/2024(H5N1)	529	1226
HA|PP755589.1|A/cattle/Texas/24-008749-003/2024(H5N1)	530	1223
HA|PP755589.1|A/cattle/Texas/24-008749-003/2024(H5N1)	531	1230
HA|PP755589.1|A/cattle/Texas/24-008749-003/2024(H5N1)	532	1204
HA|PP755589.1|A/cattle/Texas/24-008749-003/2024(H5N1)	533	1176
HA|PP755589.1|A/cattle/Texas/24-008749-003/2024(H5N1)	534	1175
HA|PP755589.1|A/cattle/Texas/24-008749-003/2024(H5N1)	535	1177
HA|PP755589.1|A/cattle/Texas/24-008749-003/2024(H5N1)	536	1206
HA|PP755589.1|A/cattle/Texas/24-008749-003/2024(H5N1)	537	1198
HA|PP755589.1|A/cattle/Texas/24-008749-003/2024(H5N1)	538	1198
HA|PP755589.1|A/cattle/Texas/24-008749-003/2024(H5N1)	539	1207
HA|PP755589.1|A/cattle/Texas/24-008749-003/2024(H5N1)	540	1268
HA|PP755589.1|A/cattle/Texas/24-008749-003/2024(H5N1)	541	1272
HA|PP755589.1|A/cattle/Texas/24-008749-003/2024(H5N1)	542	1270
HA|PP755589.1|A/cattle/Texas/24-008749-003/2024(H5N1)	543	1270
HA|PP755589.1|A/cattle/Texas/24-008749-003/2024(H5N1)	544	1246
HA|PP755589.1|A/cattle/Texas/24-008749-003/2024(H5N1)	545	1238
HA|PP755589.1|A/cattle/Texas/24-008749-003/2024(H5N1)	546	1234
HA|PP755589.1|A/cattle/Texas/24-008749-003/2024(H5N1)	547	1238
HA|PP755589.1|A/cattle/Texas/24-008749-003/2024(H5N1)	548	1239
HA|PP755589.1|A/cattle/Texas/24-008749-003/2024(H5N1)	549	1194
HA|PP755589.1|A/cattle/Texas/24-008749-003/2024(H5N1)	550	1192
HA|PP755589.1|A/cattle/Texas/24-008749-003/2024(H5N1)	551	1215
HA|PP755589.1|A/cattle/Texas/24-008749-003/2024(H5N1)	552	1226
HA|PP755589.1|A/cattle/Texas/24-008749-003/2024(H5N1)	553	1223
HA|PP755589.1|A/cattle/Texas/24-008749-003/2024(H5N1)	554	1225
HA|PP755589.1|A/cattle/Texas/24-008749-003/2024(H5N1)	555	1225
HA|PP755589.1|A/cattle/Texas/24-008749-003/2024(H5N1)	556	1223
HA|PP755589.1|A/cattle/Texas/24-008749-003/2024(H5N1)	557	1230
HA|PP755589.1|A/cattle/Texas/24-008749-003/2024(H5N1)	558	1227
HA|PP755589.1|A/cattle/Texas/24-008749-003/2024(H5N1)	559	1234
HA|PP755589.1|A/cattle/Texas/24-008749-003/2024(H5N1)	560	1234
HA|PP755589.1|A/cattle/Texas/24-008749-003/2024(H5N1)	561	1251
HA|PP755589.1|A/cattle/Texas/24-008749-003/2024(H5N1)	562	1274
HA|PP755589.1|A/cattle/Texas/24-008749-003/2024(H5N1)	563	1303
HA|PP755589.1|A/cattle/Texas/24-008749-003/2024(H5N1)	564	1327
HA|PP755589.1|A/cattle/Texas/24-008749-003/2024(H5N1)	565	1328
HA|PP755589.1|A/cattle/Texas/24-008749-003/2024(H5N1)	566	1331
HA|PP755589.1|A/cattle/Texas/24-008749-003/2024(H5N1)	567	1334
HA|PP755589.1|A/cattle/Texas/24-008749-003/2024(H5N1)	568	1327
HA|PP755589.1|A/cattle/Texas/24-008749-003/2024(H5N1)	569	1331
HA|PP755589.1|A/cattle/Texas/24-008749-003/2024(H5N1)	570	1326
HA|PP755589.1|A/cattle/Texas/24-008749-003/2024(H5N1)	571	1320
HA|PP755589.1|A/cattle/Texas/24-008749-003/2024(H5N1)	572	1259
HA|PP755589.1|A/cattle/Texas/24-008749-003/2024(H5N1)	573	1290
HA|PP755589.1|A/cattle/Texas/24-008749-003/2024(H5N1)	574	1265
HA|PP755589.1|A/cattle/Texas/24-008749-003/2024(H5N1)	575	1248
HA|PP755589.1|A/cattle/Texas/24-008749-003/2024(H5N1)	576	1301
HA|PP755589.1|A/cattle/Texas/24-008749-003/2024(H5N1)	577	1309
HA|PP755589.1|A/cattle/Texas/24-008749-003/2024(H5N1)	578	1328
HA|PP755589.1|A/cattle/Texas/24-008749-003/2024(H5N1)	579	1312
HA|PP755589.1|A/cattle/Texas/24-008749-003/2024(H5N1)	580	1304
HA|PP755589.1|A/cattle/Texas/24-008749-003/2024(H5N1)	581	1300
HA|PP755589.1|A/cattle/Texas/24-008749-003/2024(H5N1)	582	1286
HA|PP755589.1|A/cattle/Texas/24-008749-003/2024(H5N1)	583	1297
HA|PP755589.1|A/cattle/Texas/24-008749-003/2024(H5N1)	584	1296
HA|PP755589.1|A/cattle/Texas/24-008749-003/2024(H5N1)	585	1317
HA|PP755589.1|A/cattle/Texas/24-008749-003/2024(H5N1)	586	1344
HA|PP755589.1|A/cattle/Texas/24-008749-003/2024(H5N1)	587	1334
HA|PP755589.1|A/cattle/Texas/24-008749-003/2024(H5N1)	588	1348
HA|PP755589.1|A/cattle/Texas/24-008749-003/2024(H5N1)	589	1350
HA|PP755589.1|A/cattle/Texas/24-008749-003/2024(H5N1)	590	1345
HA|PP755589.1|A/cattle/Texas/24-008749-003/2024(H5N1)	591	1353
HA|PP755589.1|A/cattle/Texas/24-008749-003/2024(H5N1)	592	1353
HA|PP755589.1|A/cattle/Texas/24-008749-003/2024(H5N1)	593	1354
HA|PP755589.1|A/cattle/Texas/24-008749-003/2024(H5N1)	594	1356
HA|PP755589.1|A/cattle/Texas/24-008749-003/2024(H5N1)	595	1336
HA|PP755589.1|A/cattle/Texas/24-008749-003/2024(H5N1)	596	1377
HA|PP755589.1|A/cattle/Texas/24-008749-003/2024(H5N1)	597	1369
HA|PP755589.1|A/cattle/Texas/24-008749-003/2024(H5N1)	598	1380
HA|PP755589.1|A/cattle/Texas/24-008749-003/2024(H5N1)	599	1380
HA|PP755589.1|A/cattle/Texas/24-008749-003/2024(H5N1)	600	1372
HA|PP755589.1|A/cattle/Texas/24-008749-003/2024(H5N1)	601	1374
HA|PP755589.1|A/cattle/Texas/24-008749-003/2024(H5N1)	602	1380
HA|PP755589.1|A/cattle/Texas/24-008749-003/2024(H5N1)	603	1377
HA|PP755589.1|A/cattle/Texas/24-008749-003/2024(H5N1)	604	1385
HA|PP755589.1|A/cattle/Texas/24-008749-003/2024(H5N1)	605	1370
HA|PP755589.1|A/cattle/Texas/24-008749-003/2024(H5N1)	606	1374
HA|PP755589.1|A/cattle/Texas/24-008749-003/2024(H5N1)	607	1375
HA|PP755589.1|A/cattle/Texas/24-008749-003/2024(H5N1)	608	1375
HA|PP755589.1|A/cattle/Texas/24-008749-003/2024(H5N1)	609	1394
HA|PP755589.1|A/cattle/Texas/24-008749-003/2024(H5N1)	610	1405
HA|PP755589.1|A/cattle/Texas/24-008749-003/2024(H5N1)	611	1416
HA|PP755589.1|A/cattle/Texas/24-008749-003/2024(H5N1)	612	1414
HA|PP755589.1|A/cattle/Texas/24-008749-003/2024(H5N1)	613	1418
HA|PP755589.1|A/cattle/Texas/24-008749-003/2024(H5N1)	614	1424
HA|PP755589.1|A/cattle/Texas/24-008749-003/2024(H5N1)	615	1436
HA|PP755589.1|A/cattle/Texas/24-008749-003/2024(H5N1)	616	1441
HA|PP755589.1|A/cattle/Texas/24-008749-003/2024(H5N1)	617	1433
HA|PP755589.1|A/cattle/Texas/24-008749-003/2024(H5N1)	618	1420
HA|PP755589.1|A/cattle/Texas/24-008749-003/2024(H5N1)	619	1406
HA|PP755589.1|A/cattle/Texas/24-008749-003/2024(H5N1)	620	1414
HA|PP755589.1|A/cattle/Texas/24-008749-003/2024(H5N1)	621	1410
HA|PP755589.1|A/cattle/Texas/24-008749-003/2024(H5N1)	622	1408
HA|PP755589.1|A/cattle/Texas/24-008749-003/2024(H5N1)	623	1410
HA|PP755589.1|A/cattle/Texas/24-008749-003/2024(H5N1)	624	1408
HA|PP755589.1|A/cattle/Texas/24-008749-003/2024(H5N1)	625	1428
HA|PP755589.1|A/cattle/Texas/24-008749-003/2024(H5N1)	626	1430
HA|PP755589.1|A/cattle/Texas/24-008749-003/2024(H5N1)	627	1433
HA|PP755589.1|A/cattle/Texas/24-008749-003/2024(H5N1)	628	1428
HA|PP755589.1|A/cattle/Texas/24-008749-003/2024(H5N1)	629	1425
HA|PP755589.1|A/cattle/Texas/24-008749-003/2024(H5N1)	630	1425
HA|PP755589.1|A/cattle/Texas/24-008749-003/2024(H5N1)	631	1431
HA|PP755589.1|A/cattle/Texas/24-008749-003/2024(H5N1)	632	1431
HA|PP755589.1|A/cattle/Texas/24-008749-003/2024(H5N1)	633	1442
HA|PP755589.1|A/cattle/Texas/24-008749-003/2024(H5N1)	634	1445
HA|PP755589.1|A/cattle/Texas/24-008749-003/2024(H5N1)	635	1460
HA|PP755589.1|A/cattle/Texas/24-008749-003/2024(H5N1)	636	1460
HA|PP755589.1|A/cattle/Texas/24-008749-003/2024(H5N1)	637	1461
HA|PP755589.1|A/cattle/Texas/24-008749-003/2024(H5N1)	638	1476
HA|PP755589.1|A/cattle/Texas/24-008749-003/2024(H5N1)	639	1479
HA|PP755589.1|A/cattle/Texas/24-008749-003/2024(H5N1)	640	1480
HA|PP755589.1|A/cattle/Texas/24-008749-003/2024(H5N1)	641	1481
HA|PP755589.1|A/cattle/Texas/24-008749-003/2024(H5N1)	642	1474
HA|PP755589.1|A/cattle/Texas/24-008749-003/2024(H5N1)	643	1473
HA|PP755589.1|A/cattle/Texas/24-008749-003/2024(H5N1)	644	1467
HA|PP755589.1|A/cattle/Texas/24-008749-003/2024(H5N1)	645	1456
HA|PP755589.1|A/cattle/Texas/24-008749-003/2024(H5N1)	646	1460
HA|PP755589.1|A/cattle/Texas/24-008749-003/2024(H5N1)	647	1477
HA|PP755589.1|A/cattle/Texas/24-008749-003/2024(H5N1)	648	1478
HA|PP755589.1|A/cattle/Texas/24-008749-003/2024(H5N1)	649	1465
HA|PP755589.1|A/cattle/Texas/24-008749-003/2024(H5N1)	650	1458
HA|PP755589.1|A/cattle/Texas/24-008749-003/2024(H5N1)	651	1457
HA|PP755589.1|A/cattle/Texas/24-008749-003/2024(H5N1)	652	1457
HA|PP755589.1|A/cattle/Texas/24-008749-003/2024(H5N1)	653	1458
HA|PP755589.1|A/cattle/Texas/24-008749-003/2024(H5N1)	654	1459
HA|PP755589.1|A/cattle/Texas/24-008749-003/2024(H5N1)	655	1459
HA|PP755589.1|A/cattle/Texas/24-008749-003/2024(H5N1)	656	1457
HA|PP755589.1|A/cattle/Texas/24-008749-003/2024(H5N1)	657	1455
HA|PP755589.1|A/cattle/Texas/24-008749-003/2024(H5N1)	658	1471
HA|PP755589.1|A/cattle/Texas/24-008749-003/2024(H5N1)	659	1483
HA|PP755589.1|A/cattle/Texas/24-008749-003/2024(H5N1)	660	1475
HA|PP755589.1|A/cattle/Texas/24-008749-003/2024(H5N1)	661	1482
HA|PP755589.1|A/cattle/Texas/24-008749-003/2024(H5N1)	662	1481
HA|PP755589.1|A/cattle/Texas/24-008749-003/2024(H5N1)	663	1486
HA|PP755589.1|A/cattle/Texas/24-008749-003/2024(H5N1)	664	1495
HA|PP755589.1|A/cattle/Texas/24-008749-003/2024(H5N1)	665	1495
HA|PP755589.1|A/cattle/Texas/24-008749-003/2024(H5N1)	666	1510
HA|PP755589.1|A/cattle/Texas/24-008749-003/2024(H5N1)	667	1507
HA|PP755589.1|A/cattle/Texas/24-008749-003/2024(H5N1)	668	1491
HA|PP755589.1|A/cattle/Texas/24-008749-003/2024(H5N1)	669	1496
HA|PP755589.1|A/cattle/Texas/24-008749-003/2024(H5N1)	670	1504
HA|PP755589.1|A/cattle/Texas/24-008749-003/2024(H5N1)	671	1515
HA|PP755589.1|A/cattle/Texas/24-008749-003/2024(H5N1)	672	1518
HA|PP755589.1|A/cattle/Texas/24-008749-003/2024(H5N1)	673	1512
HA|PP755589.1|A/cattle/Texas/24-008749-003/2024(H5N1)	674	1516
HA|PP755589.1|A/cattle/Texas/24-008749-003/2024(H5N1)	675	1514
HA|PP755589.1|A/cattle/Texas/24-008749-003/2024(H5N1)	676	1515
HA|PP755589.1|A/cattle/Texas/24-008749-003/2024(H5N1)	677	1521
HA|PP755589.1|A/cattle/Texas/24-008749-003/2024(H5N1)	678	1518
HA|PP755589.1|A/cattle/Texas/24-008749-003/2024(H5N1)	679	1536
HA|PP755589.1|A/cattle/Texas/24-008749-003/2024(H5N1)	680	1525
HA|PP755589.1|A/cattle/Texas/24-008749-003/2024(H5N1)	681	1532
HA|PP755589.1|A/cattle/Texas/24-008749-003/2024(H5N1)	682	1533
HA|PP755589.1|A/cattle/Texas/24-008749-003/2024(H5N1)	683	1532
HA|PP755589.1|A/cattle/Texas/24-008749-003/2024(H5N1)	684	1564
HA|PP755589.1|A/cattle/Texas/24-008749-003/2024(H5N1)	685	1586
HA|PP755589.1|A/cattle/Texas/24-008749-003/2024(H5N1)	686	1588
HA|PP755589.1|A/cattle/Texas/24-008749-003/2024(H5N1)	687	1590
HA|PP755589.1|A/cattle/Texas/24-008749-003/2024(H5N1)	688	1586
HA|PP755589.1|A/cattle/Texas/24-008749-003/2024(H5N1)	689	1588
HA|PP755589.1|A/cattle/Texas/24-008749-003/2024(H5N1)	690	1585
HA|PP755589.1|A/cattle/Texas/24-008749-003/2024(H5N1)	691	1603
HA|PP755589.1|A/cattle/Texas/24-008749-003/2024(H5N1)	692	1611
HA|PP755589.1|A/cattle/Texas/24-008749-003/2024(H5N1)	693	1620
HA|PP755589.1|A/cattle/Texas/24-008749-003/2024(H5N1)	694	1617
HA|PP755589.1|A/cattle/Texas/24-008749-003/2024(H5N1)	695	1619
HA|PP755589.1|A/cattle/Texas/24-008749-003/2024(H5N1)	696	1630
HA|PP755589.1|A/cattle/Texas/24-008749-003/2024(H5N1)	697	1628
HA|PP755589.1|A/cattle/Texas/24-008749-003/2024(H5N1)	698	1623
HA|PP755589.1|A/cattle/Texas/24-008749-003/2024(H5N1)	699	1651
HA|PP755589.1|A/cattle/Texas/24-008749-003/2024(H5N1)	700	1662
HA|PP755589.1|A/cattle/Texas/24-008749-003/2024(H5N1)	701	1658
HA|PP755589.1|A/cattle/Texas/24-008749-003/2024(H5N1)	702	1657
HA|PP755589.1|A/cattle/Texas/24-008749-003/2024(H5N1)	703	1657
HA|PP755589.1|A/cattle/Texas/24-008749-003/2024(H5N1)	704	1667
HA|PP755589.1|A/cattle/Texas/24-008749-003/2024(H5N1)	705	1649
HA|PP755589.1|A/cattle/Texas/24-008749-003/2024(H5N1)	706	1654
HA|PP755589.1|A/cattle/Texas/24-008749-003/2024(H5N1)	707	1644
HA|PP755589.1|A/cattle/Texas/24-008749-003/2024(H5N1)	708	1642
HA|PP755589.1|A/cattle/Texas/24-008749-003/2024(H5N1)	709	1639
HA|PP755589.1|A/cattle/Texas/24-008749-003/2024(H5N1)	710	1639
HA|PP755589.1|A/cattle/Texas/24-008749-003/2024(H5N1)	711	1639
HA|PP755589.1|A/cattle/Texas/24-008749-003/2024(H5N1)	712	1652
HA|PP755589.1|A/cattle/Texas/24-008749-003/2024(H5N1)	713	1647
HA|PP755589.1|A/cattle/Texas/24-008749-003/2024(H5N1)	714	1668
HA|PP755589.1|A/cattle/Texas/24-008749-003/2024(H5N1)	715	1667
HA|PP755589.1|A/cattle/Texas/24-008749-003/2024(H5N1)	716	1677
HA|PP755589.1|A/cattle/Texas/24-008749-003/2024(H5N1)	717	1677
HA|PP755589.1|A/cattle/Texas/24-008749-003/2024(H5N1)	718	1670
HA|PP755589.1|A/cattle/Texas/24-008749-003/2024(H5N1)	719	1677
HA|PP755589.1|A/cattle/Texas/24-008749-003/2024(H5N1)	720	1677
HA|PP755589.1|A/cattle/Texas/24-008749-003/2024(H5N1)	721	1680
HA|PP755589.1|A/cattle/Texas/24-008749-003/2024(H5N1)	722	1686
HA|PP755589.1|A/cattle/Texas/24-008749-003/2024(H5N1)	723	1661
HA|PP755589.1|A/cattle/Texas/24-008749-003/2024(H5N1)	724	1660
HA|PP755589.1|A/cattle/Texas/24-008749-003/2024(H5N1)	725	1657
HA|PP755589.1|A/cattle/Texas/24-008749-003/2024(H5N1)	726	1656
HA|PP755589.1|A/cattle/Texas/24-008749-003/2024(H5N1)	727	1663
HA|PP755589.1|A/cattle/Texas/24-008749-003/2024(H5N1)	728	1662
HA|PP755589.1|A/cattle/Texas/24-008749-003/2024(H5N1)	729	1659
HA|PP755589.1|A/cattle/Texas/24-008749-003/2024(H5N1)	730	1649
HA|PP755589.1|A/cattle/Texas/24-008749-003/2024(H5N1)	731	1647
HA|PP755589.1|A/cattle/Texas/24-008749-003/2024(H5N1)	732	1706
HA|PP755589.1|A/cattle/Texas/24-008749-003/2024(H5N1)	733	1707
HA|PP755589.1|A/cattle/Texas/24-008749-003/2024(H5N1)	734	1713
HA|PP755589.1|A/cattle/Texas/24-008749-003/2024(H5N1)	735	1705
HA|PP755589.1|A/cattle/Texas/24-008749-003/2024(H5N1)	736	1704
HA|PP755589.1|A/cattle/Texas/24-008749-003/2024(H5N1)	737	1708
HA|PP755589.1|A/cattle/Texas/24-008749-003/2024(H5N1)	738	1708
HA|PP755589.1|A/cattle/Texas/24-008749-003/2024(H5N1)	739	1710
HA|PP755589.1|A/cattle/Texas/24-008749-003/2024(H5N1)	740	1706
HA|PP755589.1|A/cattle/Texas/24-008749-003/2024(H5N1)	741	1655
HA|PP755589.1|A/cattle/Texas/24-008749-003/2024(H5N1)	742	1697
HA|PP755589.1|A/cattle/Texas/24-008749-003/2024(H5N1)	743	1718
HA|PP755589.1|A/cattle/Texas/24-008749-003/2024(H5N1)	744	1737
HA|PP755589.1|A/cattle/Texas/24-008749-003/2024(H5N1)	745	1754
HA|PP755589.1|A/cattle/Texas/24-008749-003/2024(H5N1)	746	1751
HA|PP755589.1|A/cattle/Texas/24-008749-003/2024(H5N1)	747	1751
HA|PP755589.1|A/cattle/Texas/24-008749-003/2024(H5N1)	748	1753
HA|PP755589.1|A/cattle/Texas/24-008749-003/2024(H5N1)	749	1758
HA|PP755589.1|A/cattle/Texas/24-008749-003/2024(H5N1)	750	1761
HA|PP755589.1|A/cattle/Texas/24-008749-003/2024(H5N1)	751	1760
HA|PP755589.1|A/cattle/Texas/24-008749-003/2024(H5N1)	752	1735
HA|PP755589.1|A/cattle/Texas/24-008749-003/2024(H5N1)	753	1721
HA|PP755589.1|A/cattle/Texas/24-008749-003/2024(H5N1)	754	1723
HA|PP755589.1|A/cattle/Texas/24-008749-003/2024(H5N1)	755	1751
HA|PP755589.1|A/cattle/Texas/24-008749-003/2024(H5N1)	756	1749
HA|PP755589.1|A/cattle/Texas/24-008749-003/2024(H5N1)	757	1739
HA|PP755589.1|A/cattle/Texas/24-008749-003/2024(H5N1)	758	1758
HA|PP755589.1|A/cattle/Texas/24-008749-003/2024(H5N1)	759	1753
HA|PP755589.1|A/cattle/Texas/24-008749-003/2024(H5N1)	760	1753
HA|PP755589.1|A/cattle/Texas/24-008749-003/2024(H5N1)	761	1752
HA|PP755589.1|A/cattle/Texas/24-008749-003/2024(H5N1)	762	1744
HA|PP755589.1|A/cattle/Texas/24-008749-003/2024(H5N1)	763	1738
HA|PP755589.1|A/cattle/Texas/24-008749-003/2024(H5N1)	764	1737
HA|PP755589.1|A/cattle/Texas/24-008749-003/2024(H5N1)	765	1747
HA|PP755589.1|A/cattle/Texas/24-008749-003/2024(H5N1)	766	1733
HA|PP755589.1|A/cattle/Texas/24-008749-003/2024(H5N1)	767	1706
HA|PP755589.1|A/cattle/Texas/24-008749-003/2024(H5N1)	768	1719
HA|PP755589.1|A/cattle/Texas/24-008749-003/2024(H5N1)	769	1717
HA|PP755589.1|A/cattle/Texas/24-008749-003/2024(H5N1)	770	1716
HA|PP755589.1|A/cattle/Texas/24-008749-003/2024(H5N1)	771	1713
HA|PP755589.1|A/cattle/Texas/24-008749-003/2024(H5N1)	772	1709
HA|PP755589.1|A/cattle/Texas/24-008749-003/2024(H5N1)	773	1699
HA|PP755589.1|A/cattle/Texas/24-008749-003/2024(H5N1)	774	1694
HA|PP755589.1|A/cattle/Texas/24-008749-003/2024(H5N1)	775	1644
HA|PP755589.1|A/cattle/Texas/24-008749-003/2024(H5N1)	776	1645
HA|PP755589.1|A/cattle/Texas/24-008749-003/2024(H5N1)	777	1622
HA|PP755589.1|A/cattle/Texas/24-008749-003/2024(H5N1)	778	1615
HA|PP755589.1|A/cattle/Texas/24-008749-003/2024(H5N1)	779	1614
HA|PP755589.1|A/cattle/Texas/24-008749-003/2024(H5N1)	780	1616
HA|PP755589.1|A/cattle/Texas/24-008749-003/2024(H5N1)	781	1614
HA|PP755589.1|A/cattle/Texas/24-008749-003/2024(H5N1)	782	1626
HA|PP755589.1|A/cattle/Texas/24-008749-003/2024(H5N1)	783	1626
HA|PP755589.1|A/cattle/Texas/24-008749-003/2024(H5N1)	784	1630
HA|PP755589.1|A/cattle/Texas/24-008749-003/2024(H5N1)	785	1623
HA|PP755589.1|A/cattle/Texas/24-008749-003/2024(H5N1)	786	1620
HA|PP755589.1|A/cattle/Texas/24-008749-003/2024(H5N1)	787	1608
HA|PP755589.1|A/cattle/Texas/24-008749-003/2024(H5N1)	788	1617
HA|PP755589.1|A/cattle/Texas/24-008749-003/2024(H5N1)	789	1615
HA|PP755589.1|A/cattle/Texas/24-008749-003/2024(H5N1)	790	1614
HA|PP755589.1|A/cattle/Texas/24-008749-003/2024(H5N1)	791	1583
HA|PP755589.1|A/cattle/Texas/24-008749-003/2024(H5N1)	792	1577
HA|PP755589.1|A/cattle/Texas/24-008749-003/2024(H5N1)	793	1743
HA|PP755589.1|A/cattle/Texas/24-008749-003/2024(H5N1)	794	1756
HA|PP755589.1|A/cattle/Texas/24-008749-003/2024(H5N1)	795	1755
HA|PP755589.1|A/cattle/Texas/24-008749-003/2024(H5N1)	796	1771
HA|PP755589.1|A/cattle/Texas/24-008749-003/2024(H5N1)	797	1772
HA|PP755589.1|A/cattle/Texas/24-008749-003/2024(H5N1)	798	1770
HA|PP755589.1|A/cattle/Texas/24-008749-003/2024(H5N1)	799	1781
HA|PP755589.1|A/cattle/Texas/24-008749-003/2024(H5N1)	800	1801
HA|PP755589.1|A/cattle/Texas/24-008749-003/2024(H5N1)	801	1803
HA|PP755589.1|A/cattle/Texas/24-008749-003/2024(H5N1)	802	1745
HA|PP755589.1|A/cattle/Texas/24-008749-003/2024(H5N1)	803	1727
HA|PP755589.1|A/cattle/Texas/24-008749-003/2024(H5N1)	804	1726
HA|PP755589.1|A/cattle/Texas/24-008749-003/2024(H5N1)	805	1719
HA|PP755589.1|A/cattle/Texas/24-008749-003/2024(H5N1)	806	1726
HA|PP755589.1|A/cattle/Texas/24-008749-003/2024(H5N1)	807	1723
HA|PP755589.1|A/cattle/Texas/24-008749-003/2024(H5N1)	808	1715
HA|PP755589.1|A/cattle/Texas/24-008749-003/2024(H5N1)	809	1717
HA|PP755589.1|A/cattle/Texas/24-008749-003/2024(H5N1)	810	1709
HA|PP755589.1|A/cattle/Texas/24-008749-003/2024(H5N1)	811	1707
HA|PP755589.1|A/cattle/Texas/24-008749-003/2024(H5N1)	812	1698
HA|PP755589.1|A/cattle/Texas/24-008749-003/2024(H5N1)	813	1681
HA|PP755589.1|A/cattle/Texas/24-008749-003/2024(H5N1)	814	1668
HA|PP755589.1|A/cattle/Texas/24-008749-003/2024(H5N1)	815	1648
HA|PP755589.1|A/cattle/Texas/24-008749-003/2024(H5N1)	816	1693
HA|PP755589.1|A/cattle/Texas/24-008749-003/2024(H5N1)	817	1694
HA|PP755589.1|A/cattle/Texas/24-008749-003/2024(H5N1)	818	1695
HA|PP755589.1|A/cattle/Texas/24-008749-003/2024(H5N1)	819	1690
HA|PP755589.1|A/cattle/Texas/24-008749-003/2024(H5N1)	820	1706
HA|PP755589.1|A/cattle/Texas/24-008749-003/2024(H5N1)	821	1707
HA|PP755589.1|A/cattle/Texas/24-008749-003/2024(H5N1)	822	1710
HA|PP755589.1|A/cattle/Texas/24-008749-003/2024(H5N1)	823	1716
HA|PP755589.1|A/cattle/Texas/24-008749-003/2024(H5N1)	824	1696
HA|PP755589.1|A/cattle/Texas/24-008749-003/2024(H5N1)	825	1691
HA|PP755589.1|A/cattle/Texas/24-008749-003/2024(H5N1)	826	1688
HA|PP755589.1|A/cattle/Texas/24-008749-003/2024(H5N1)	827	1688
HA|PP755589.1|A/cattle/Texas/24-008749-003/2024(H5N1)	828	1687
HA|PP755589.1|A/cattle/Texas/24-008749-003/2024(H5N1)	829	1681
HA|PP755589.1|A/cattle/Texas/24-008749-003/2024(H5N1)	830	1683
HA|PP755589.1|A/cattle/Texas/24-008749-003/2024(H5N1)	831	1687
HA|PP755589.1|A/cattle/Texas/24-008749-003/2024(H5N1)	832	1678
HA|PP755589.1|A/cattle/Texas/24-008749-003/2024(H5N1)	833	1692
HA|PP755589.1|A/cattle/Texas/24-008749-003/2024(H5N1)	834	1698
HA|PP755589.1|A/cattle/Texas/24-008749-003/2024(H5N1)	835	1706
HA|PP755589.1|A/cattle/Texas/24-008749-003/2024(H5N1)	836	1694
HA|PP755589.1|A/cattle/Texas/24-008749-003/2024(H5N1)	837	1686
HA|PP755589.1|A/cattle/Texas/24-008749-003/2024(H5N1)	838	1716
HA|PP755589.1|A/cattle/Texas/24-008749-003/2024(H5N1)	839	1708
HA|PP755589.1|A/cattle/Texas/24-008749-003/2024(H5N1)	840	1709
HA|PP755589.1|A/cattle/Texas/24-008749-003/2024(H5N1)	841	1711
HA|PP755589.1|A/cattle/Texas/24-008749-003/2024(H5N1)	842	1697
HA|PP755589.1|A/cattle/Texas/24-008749-003/2024(H5N1)	843	1698
HA|PP755589.1|A/cattle/Texas/24-008749-003/2024(H5N1)	844	1699
HA|PP755589.1|A/cattle/Texas/24-008749-003/2024(H5N1)	845	1702
HA|PP755589.1|A/cattle/Texas/24-008749-003/2024(H5N1)	846	1703
HA|PP755589.1|A/cattle/Texas/24-008749-003/2024(H5N1)	847	1660
HA|PP755589.1|A/cattle/Texas/24-008749-003/2024(H5N1)	848	1667
HA|PP755589.1|A/cattle/Texas/24-008749-003/2024(H5N1)	849	1657
HA|PP755589.1|A/cattle/Texas/24-008749-003/2024(H5N1)	850	1656
HA|PP755589.1|A/cattle/Texas/24-008749-003/2024(H5N1)	851	1668
HA|PP755589.1|A/cattle/Texas/24-008749-003/2024(H5N1)	852	1662
HA|PP755589.1|A/cattle/Texas/24-008749-003/2024(H5N1)	853	1675
HA|PP755589.1|A/cattle/Texas/24-008749-003/2024(H5N1)	854	1676
HA|PP755589.1|A/cattle/Texas/24-008749-003/2024(H5N1)	855	1681
HA|PP755589.1|A/cattle/Texas/24-008749-003/2024(H5N1)	856	1728
HA|PP755589.1|A/cattle/Texas/24-008749-003/2024(H5N1)	857	1740
HA|PP755589.1|A/cattle/Texas/24-008749-003/2024(H5N1)	858	1746
HA|PP755589.1|A/cattle/Texas/24-008749-003/2024(H5N1)	859	1740
HA|PP755589.1|A/cattle/Texas/24-008749-003/2024(H5N1)	860	1723
HA|PP755589.1|A/cattle/Texas/24-008749-003/2024(H5N1)	861	1738
HA|PP755589.1|A/cattle/Texas/24-008749-003/2024(H5N1)	862	1733
HA|PP755589.1|A/cattle/Texas/24-008749-003/2024(H5N1)	863	1737
HA|PP755589.1|A/cattle/Texas/24-008749-003/2024(H5N1)	864	1728
HA|PP755589.1|A/cattle/Texas/24-008749-003/2024(H5N1)	865	1723
HA|PP755589.1|A/cattle/Texas/24-008749-003/2024(H5N1)	866	1714
HA|PP755589.1|A/cattle/Texas/24-008749-003/2024(H5N1)	867	1736
HA|PP755589.1|A/cattle/Texas/24-008749-003/2024(H5N1)	868	1750
HA|PP755589.1|A/cattle/Texas/24-008749-003/2024(H5N1)	869	1761
HA|PP755589.1|A/cattle/Texas/24-008749-003/2024(H5N1)	870	1755
HA|PP755589.1|A/cattle/Texas/24-008749-003/2024(H5N1)	871	1750
HA|PP755589.1|A/cattle/Texas/24-008749-003/2024(H5N1)	872	1753
HA|PP755589.1|A/cattle/Texas/24-008749-003/2024(H5N1)	873	1771
HA|PP755589.1|A/cattle/Texas/24-008749-003/2024(H5N1)	874	1772
HA|PP755589.1|A/cattle/Texas/24-008749-003/2024(H5N1)	875	1773
HA|PP755589.1|A/cattle/Texas/24-008749-003/2024(H5N1)	876	1748
HA|PP755589.1|A/cattle/Texas/24-008749-003/2024(H5N1)	877	1746
HA|PP755589.1|A/cattle/Texas/24-008749-003/2024(H5N1)	878	1758
HA|PP755589.1|A/cattle/Texas/24-008749-003/2024(H5N1)	879	1759
HA|PP755589.1|A/cattle/Texas/24-008749-003/2024(H5N1)	880	1769
HA|PP755589.1|A/cattle/Texas/24-008749-003/2024(H5N1)	881	1771
HA|PP755589.1|A/cattle/Texas/24-008749-003/2024(H5N1)	882	1766
HA|PP755589.1|A/cattle/Texas/24-008749-003/2024(H5N1)	883	1759
HA|PP755589.1|A/cattle/Texas/24-008749-003/2024(H5N1)	884	1760
HA|PP755589.1|A/cattle/Texas/24-008749-003/2024(H5N1)	885	1762
HA|PP755589.1|A/cattle/Texas/24-008749-003/2024(H5N1)	886	1760
HA|PP755589.1|A/cattle/Texas/24-008749-003/2024(H5N1)	887	1794
HA|PP755589.1|A/cattle/Texas/24-008749-003/2024(H5N1)	888	1785
HA|PP755589.1|A/cattle/Texas/24-008749-003/2024(H5N1)	889	1782
HA|PP755589.1|A/cattle/Texas/24-008749-003/2024(H5N1)	890	1792
HA|PP755589.1|A/cattle/Texas/24-008749-003/2024(H5N1)	891	1788
HA|PP755589.1|A/cattle/Texas/24-008749-003/2024(H5N1)	892	1788
HA|PP755589.1|A/cattle/Texas/24-008749-003/2024(H5N1)	893	1792
HA|PP755589.1|A/cattle/Texas/24-008749-003/2024(H5N1)	894	1788
HA|PP755589.1|A/cattle/Texas/24-008749-003/2024(H5N1)	895	1779
HA|PP755589.1|A/cattle/Texas/24-008749-003/2024(H5N1)	896	1770
HA|PP755589.1|A/cattle/Texas/24-008749-003/2024(H5N1)	897	1759
HA|PP755589.1|A/cattle/Texas/24-008749-003/2024(H5N1)	898	1760
HA|PP755589.1|A/cattle/Texas/24-008749-003/2024(H5N1)	899	1750
HA|PP755589.1|A/cattle/Texas/24-008749-003/2024(H5N1)	900	1754
HA|PP755589.1|A/cattle/Texas/24-008749-003/2024(H5N1)	901	1760
HA|PP755589.1|A/cattle/Texas/24-008749-003/2024(H5N1)	902	1761
HA|PP755589.1|A/cattle/Texas/24-008749-003/2024(H5N1)	903	1771
HA|PP755589.1|A/cattle/Texas/24-008749-003/2024(H5N1)	904	1777
HA|PP755589.1|A/cattle/Texas/24-008749-003/2024(H5N1)	905	1779
HA|PP755589.1|A/cattle/Texas/24-008749-003/2024(H5N1)	906	1782
HA|PP755589.1|A/cattle/Texas/24-008749-003/2024(H5N1)	907	1778
HA|PP755589.1|A/cattle/Texas/24-008749-003/2024(H5N1)	908	1779
HA|PP755589.1|A/cattle/Texas/24-008749-003/2024(H5N1)	909	1772
HA|PP755589.1|A/cattle/Texas/24-008749-003/2024(H5N1)	910	1770
HA|PP755589.1|A/cattle/Texas/24-008749-003/2024(H5N1)	911	1773
HA|PP755589.1|A/cattle/Texas/24-008749-003/2024(H5N1)	912	1761
HA|PP755589.1|A/cattle/Texas/24-008749-003/2024(H5N1)	913	1766
HA|PP755589.1|A/cattle/Texas/24-008749-003/2024(H5N1)	914	1749
HA|PP755589.1|A/cattle/Texas/24-008749-003/2024(H5N1)	915	1742
HA|PP755589.1|A/cattle/Texas/24-008749-003/2024(H5N1)	916	1755
HA|PP755589.1|A/cattle/Texas/24-008749-003/2024(H5N1)	917	1732
HA|PP755589.1|A/cattle/Texas/24-008749-003/2024(H5N1)	918	1712
HA|PP755589.1|A/cattle/Texas/24-008749-003/2024(H5N1)	919	1717
HA|PP755589.1|A/cattle/Texas/24-008749-003/2024(H5N1)	920	1714
HA|PP755589.1|A/cattle/Texas/24-008749-003/2024(H5N1)	921	1739
HA|PP755589.1|A/cattle/Texas/24-008749-003/2024(H5N1)	922	1737
HA|PP755589.1|A/cattle/Texas/24-008749-003/2024(H5N1)	923	1748
HA|PP755589.1|A/cattle/Texas/24-008749-003/2024(H5N1)	924	1752
HA|PP755589.1|A/cattle/Texas/24-008749-003/2024(H5N1)	925	1756
HA|PP755589.1|A/cattle/Texas/24-008749-003/2024(H5N1)	926	1806
HA|PP755589.1|A/cattle/Texas/24-008749-003/2024(H5N1)	927	1823
HA|PP755589.1|A/cattle/Texas/24-008749-003/2024(H5N1)	928	1815
HA|PP755589.1|A/cattle/Texas/24-008749-003/2024(H5N1)	929	1828
HA|PP755589.1|A/cattle/Texas/24-008749-003/2024(H5N1)	930	1788
HA|PP755589.1|A/cattle/Texas/24-008749-003/2024(H5N1)	931	1793
HA|PP755589.1|A/cattle/Texas/24-008749-003/2024(H5N1)	932	1782
HA|PP755589.1|A/cattle/Texas/24-008749-003/2024(H5N1)	933	1769
HA|PP755589.1|A/cattle/Texas/24-008749-003/2024(H5N1)	934	1781
HA|PP755589.1|A/cattle/Texas/24-008749-003/2024(H5N1)	935	1731
HA|PP755589.1|A/cattle/Texas/24-008749-003/2024(H5N1)	936	1722
HA|PP755589.1|A/cattle/Texas/24-008749-003/2024(H5N1)	937	1717
HA|PP755589.1|A/cattle/Texas/24-008749-003/2024(H5N1)	938	1704
HA|PP755589.1|A/cattle/Texas/24-008749-003/2024(H5N1)	939	1717
HA|PP755589.1|A/cattle/Texas/24-008749-003/2024(H5N1)	940	1720
HA|PP755589.1|A/cattle/Texas/24-008749-003/2024(H5N1)	941	1760
HA|PP755589.1|A/cattle/Texas/24-008749-003/2024(H5N1)	942	1758
HA|PP755589.1|A/cattle/Texas/24-008749-003/2024(H5N1)	943	1751
HA|PP755589.1|A/cattle/Texas/24-008749-003/2024(H5N1)	944	1746
HA|PP755589.1|A/cattle/Texas/24-008749-003/2024(H5N1)	945	1732
HA|PP755589.1|A/cattle/Texas/24-008749-003/2024(H5N1)	946	1734
HA|PP755589.1|A/cattle/Texas/24-008749-003/2024(H5N1)	947	1729
HA|PP755589.1|A/cattle/Texas/24-008749-003/2024(H5N1)	948	1728
HA|PP755589.1|A/cattle/Texas/24-008749-003/2024(H5N1)	949	1729
HA|PP755589.1|A/cattle/Texas/24-008749-003/2024(H5N1)	950	1680
HA|PP755589.1|A/cattle/Texas/24-008749-003/2024(H5N1)	951	1714
HA|PP755589.1|A/cattle/Texas/24-008749-003/2024(H5N1)	952	1713
HA|PP755589.1|A/cattle/Texas/24-008749-003/2024(H5N1)	953	1730
HA|PP755589.1|A/cattle/Texas/24-008749-003/2024(H5N1)	954	1740
HA|PP755589.1|A/cattle/Texas/24-008749-003/2024(H5N1)	955	1731
HA|PP755589.1|A/cattle/Texas/24-008749-003/2024(H5N1)	956	1741
HA|PP755589.1|A/cattle/Texas/24-008749-003/2024(H5N1)	957	1731
HA|PP755589.1|A/cattle/Texas/24-008749-003/2024(H5N1)	958	1740
HA|PP755589.1|A/cattle/Texas/24-008749-003/2024(H5N1)	959	1744
HA|PP755589.1|A/cattle/Texas/24-008749-003/2024(H5N1)	960	1745
HA|PP755589.1|A/cattle/Texas/24-008749-003/2024(H5N1)	961	1740
HA|PP755589.1|A/cattle/Texas/24-008749-003/2024(H5N1)	962	1724
HA|PP755589.1|A/cattle/Texas/24-008749-003/2024(H5N1)	963	1706
HA|PP755589.1|A/cattle/Texas/24-008749-003/2024(H5N1)	964	1704
HA|PP755589.1|A/cattle/Texas/24-008749-003/2024(H5N1)	965	1694
HA|PP755589.1|A/cattle/Texas/24-008749-003/2024(H5N1)	966	1694
HA|PP755589.1|A/cattle/Texas/24-008749-003/2024(H5N1)	967	1696
HA|PP755589.1|A/cattle/Texas/24-008749-003/2024(H5N1)	968	1696
HA|PP755589.1|A/cattle/Texas/24-008749-003/2024(H5N1)	969	1711
HA|PP755589.1|A/cattle/Texas/24-008749-003/2024(H5N1)	970	1706
HA|PP755589.1|A/cattle/Texas/24-008749-003/2024(H5N1)	971	1709
HA|PP755589.1|A/cattle/Texas/24-008749-003/2024(H5N1)	972	1704
HA|PP755589.1|A/cattle/Texas/24-008749-003/2024(H5N1)	973	1701
HA|PP755589.1|A/cattle/Texas/24-008749-003/2024(H5N1)	974	1700
HA|PP755589.1|A/cattle/Texas/24-008749-003/2024(H5N1)	975	1715
HA|PP755589.1|A/cattle/Texas/24-008749-003/2024(H5N1)	976	1721
HA|PP755589.1|A/cattle/Texas/24-008749-003/2024(H5N1)	977	1730
HA|PP755589.1|A/cattle/Texas/24-008749-003/2024(H5N1)	978	1723
HA|PP755589.1|A/cattle/Texas/24-008749-003/2024(H5N1)	979	1723
HA|PP755589.1|A/cattle/Texas/24-008749-003/2024(H5N1)	980	1721
HA|PP755589.1|A/cattle/Texas/24-008749-003/2024(H5N1)	981	1722
HA|PP755589.1|A/cattle/Texas/24-008749-003/2024(H5N1)	982	1730
HA|PP755589.1|A/cattle/Texas/24-008749-003/2024(H5N1)	983	1698
HA|PP755589.1|A/cattle/Texas/24-008749-003/2024(H5N1)	984	1703
HA|PP755589.1|A/cattle/Texas/24-008749-003/2024(H5N1)	985	1697
HA|PP755589.1|A/cattle/Texas/24-008749-003/2024(H5N1)	986	1699
HA|PP755589.1|A/cattle/Texas/24-008749-003/2024(H5N1)	987	1699
HA|PP755589.1|A/cattle/Texas/24-008749-003/2024(H5N1)	988	1696
HA|PP755589.1|A/cattle/Texas/24-008749-003/2024(H5N1)	989	1705
HA|PP755589.1|A/cattle/Texas/24-008749-003/2024(H5N1)	990	1705
HA|PP755589.1|A/cattle/Texas/24-008749-003/2024(H5N1)	991	1720
HA|PP755589.1|A/cattle/Texas/24-008749-003/2024(H5N1)	992	1681
HA|PP755589.1|A/cattle/Texas/24-008749-003/2024(H5N1)	993	1669
HA|PP755589.1|A/cattle/Texas/24-008749-003/2024(H5N1)	994	1671
HA|PP755589.1|A/cattle/Texas/24-008749-003/2024(H5N1)	995	1668
HA|PP755589.1|A/cattle/Texas/24-008749-003/2024(H5N1)	996	1680
HA|PP755589.1|A/cattle/Texas/24-008749-003/2024(H5N1)	997	1683
HA|PP755589.1|A/cattle/Texas/24-008749-003/2024(H5N1)	998	1694
HA|PP755589.1|A/cattle/Texas/24-008749-003/2024(H5N1)	999	1712
HA|PP755589.1|A/cattle/Texas/24-008749-003/2024(H5N1)	1000	1710
HA|PP755589.1|A/cattle/Texas/24-008749-003/2024(H5N1)	1001	1724
HA|PP755589.1|A/cattle/Texas/24-008749-003/2024(H5N1)	1002	1744
HA|PP755589.1|A/cattle/Texas/24-008749-003/2024(H5N1)	1003	1728
HA|PP755589.1|A/cattle/Texas/24-008749-003/2024(H5N1)	1004	1722
HA|PP755589.1|A/cattle/Texas/24-008749-003/2024(H5N1)	1005	1700
HA|PP755589.1|A/cattle/Texas/24-008749-003/2024(H5N1)	1006	1685
HA|PP755589.1|A/cattle/Texas/24-008749-003/2024(H5N1)	1007	1692
HA|PP755589.1|A/cattle/Texas/24-008749-003/2024(H5N1)	1008	1685
HA|PP755589.1|A/cattle/Texas/24-008749-003/2024(H5N1)	1009	1686
HA|PP755589.1|A/cattle/Texas/24-008749-003/2024(H5N1)	1010	1690
HA|PP755589.1|A/cattle/Texas/24-008749-003/2024(H5N1)	1011	1684
HA|PP755589.1|A/cattle/Texas/24-008749-003/2024(H5N1)	1012	1683
HA|PP755589.1|A/cattle/Texas/24-008749-003/2024(H5N1)	1013	1692
HA|PP755589.1|A/cattle/Texas/24-008749-003/2024(H5N1)	1014	1692
HA|PP755589.1|A/cattle/Texas/24-008749-003/2024(H5N1)	1015	1692
HA|PP755589.1|A/cattle/Texas/24-008749-003/2024(H5N1)	1016	1692
HA|PP755589.1|A/cattle/Texas/24-008749-003/2024(H5N1)	1017	1682
HA|PP755589.1|A/cattle/Texas/24-008749-003/2024(H5N1)	1018	1685
HA|PP755589.1|A/cattle/Texas/24-008749-003/2024(H5N1)	1019	1664
HA|PP755589.1|A/cattle/Texas/24-008749-003/2024(H5N1)	1020	1672
HA|PP755589.1|A/cattle/Texas/24-008749-003/2024(H5N1)	1021	1674
HA|PP755589.1|A/cattle/Texas/24-008749-003/2024(H5N1)	1022	1671
HA|PP755589.1|A/cattle/Texas/24-008749-003/2024(H5N1)	1023	1673
HA|PP755589.1|A/cattle/Texas/24-008749-003/2024(H5N1)	1024	1670
HA|PP755589.1|A/cattle/Texas/24-008749-003/2024(H5N1)	1025	1674
HA|PP755589.1|A/cattle/Texas/24-008749-003/2024(H5N1)	1026	1671
HA|PP755589.1|A/cattle/Texas/24-008749-003/2024(H5N1)	1027	1662
HA|PP755589.1|A/cattle/Texas/24-008749-003/2024(H5N1)	1028	1667
HA|PP755589.1|A/cattle/Texas/24-008749-003/2024(H5N1)	1029	1668
HA|PP755589.1|A/cattle/Texas/24-008749-003/2024(H5N1)	1030	1667
HA|PP755589.1|A/cattle/Texas/24-008749-003/2024(H5N1)	1031	1669
HA|PP755589.1|A/cattle/Texas/24-008749-003/2024(H5N1)	1032	1663
HA|PP755589.1|A/cattle/Texas/24-008749-003/2024(H5N1)	1033	1653
HA|PP755589.1|A/cattle/Texas/24-008749-003/2024(H5N1)	1034	1651
HA|PP755589.1|A/cattle/Texas/24-008749-003/2024(H5N1)	1035	1641
HA|PP755589.1|A/cattle/Texas/24-008749-003/2024(H5N1)	1036	1649
HA|PP755589.1|A/cattle/Texas/24-008749-003/2024(H5N1)	1037	1644
HA|PP755589.1|A/cattle/Texas/24-008749-003/2024(H5N1)	1038	1637
HA|PP755589.1|A/cattle/Texas/24-008749-003/2024(H5N1)	1039	1642
HA|PP755589.1|A/cattle/Texas/24-008749-003/2024(H5N1)	1040	1634
HA|PP755589.1|A/cattle/Texas/24-008749-003/2024(H5N1)	1041	1652
HA|PP755589.1|A/cattle/Texas/24-008749-003/2024(H5N1)	1042	1657
HA|PP755589.1|A/cattle/Texas/24-008749-003/2024(H5N1)	1043	1658
HA|PP755589.1|A/cattle/Texas/24-008749-003/2024(H5N1)	1044	1540
HA|PP755589.1|A/cattle/Texas/24-008749-003/2024(H5N1)	1045	1520
HA|PP755589.1|A/cattle/Texas/24-008749-003/2024(H5N1)	1046	1524
HA|PP755589.1|A/cattle/Texas/24-008749-003/2024(H5N1)	1047	1531
HA|PP755589.1|A/cattle/Texas/24-008749-003/2024(H5N1)	1048	1533
HA|PP755589.1|A/cattle/Texas/24-008749-003/2024(H5N1)	1049	1521
HA|PP755589.1|A/cattle/Texas/24-008749-003/2024(H5N1)	1050	1491
HA|PP755589.1|A/cattle/Texas/24-008749-003/2024(H5N1)	1051	1499
HA|PP755589.1|A/cattle/Texas/24-008749-003/2024(H5N1)	1052	1507
HA|PP755589.1|A/cattle/Texas/24-008749-003/2024(H5N1)	1053	1547
HA|PP755589.1|A/cattle/Texas/24-008749-003/2024(H5N1)	1054	1552
HA|PP755589.1|A/cattle/Texas/24-008749-003/2024(H5N1)	1055	1559
HA|PP755589.1|A/cattle/Texas/24-008749-003/2024(H5N1)	1056	1552
HA|PP755589.1|A/cattle/Texas/24-008749-003/2024(H5N1)	1057	1647
HA|PP755589.1|A/cattle/Texas/24-008749-003/2024(H5N1)	1058	1732
HA|PP755589.1|A/cattle/Texas/24-008749-003/2024(H5N1)	1059	1752
HA|PP755589.1|A/cattle/Texas/24-008749-003/2024(H5N1)	1060	1744
HA|PP755589.1|A/cattle/Texas/24-008749-003/2024(H5N1)	1061	1745
HA|PP755589.1|A/cattle/Texas/24-008749-003/2024(H5N1)	1062	1752
HA|PP755589.1|A/cattle/Texas/24-008749-003/2024(H5N1)	1063	1769
HA|PP755589.1|A/cattle/Texas/24-008749-003/2024(H5N1)	1064	1782
HA|PP755589.1|A/cattle/Texas/24-008749-003/2024(H5N1)	1065	1781
HA|PP755589.1|A/cattle/Texas/24-008749-003/2024(H5N1)	1066	1783
HA|PP755589.1|A/cattle/Texas/24-008749-003/2024(H5N1)	1067	1635
HA|PP755589.1|A/cattle/Texas/24-008749-003/2024(H5N1)	1068	1628
HA|PP755589.1|A/cattle/Texas/24-008749-003/2024(H5N1)	1069	1623
HA|PP755589.1|A/cattle/Texas/24-008749-003/2024(H5N1)	1070	1642
HA|PP755589.1|A/cattle/Texas/24-008749-003/2024(H5N1)	1071	1620
HA|PP755589.1|A/cattle/Texas/24-008749-003/2024(H5N1)	1072	1624
HA|PP755589.1|A/cattle/Texas/24-008749-003/2024(H5N1)	1073	1640
HA|PP755589.1|A/cattle/Texas/24-008749-003/2024(H5N1)	1074	1644
HA|PP755589.1|A/cattle/Texas/24-008749-003/2024(H5N1)	1075	1636
HA|PP755589.1|A/cattle/Texas/24-008749-003/2024(H5N1)	1076	1637
HA|PP755589.1|A/cattle/Texas/24-008749-003/2024(H5N1)	1077	1651
HA|PP755589.1|A/cattle/Texas/24-008749-003/2024(H5N1)	1078	1663
HA|PP755589.1|A/cattle/Texas/24-008749-003/2024(H5N1)	1079	1657
HA|PP755589.1|A/cattle/Texas/24-008749-003/2024(H5N1)	1080	1663
HA|PP755589.1|A/cattle/Texas/24-008749-003/2024(H5N1)	1081	1667
HA|PP755589.1|A/cattle/Texas/24-008749-003/2024(H5N1)	1082	1671
HA|PP755589.1|A/cattle/Texas/24-008749-003/2024(H5N1)	1083	1663
HA|PP755589.1|A/cattle/Texas/24-008749-003/2024(H5N1)	1084	1658
HA|PP755589.1|A/cattle/Texas/24-008749-003/2024(H5N1)	1085	1659
HA|PP755589.1|A/cattle/Texas/24-008749-003/2024(H5N1)	1086	1682
HA|PP755589.1|A/cattle/Texas/24-008749-003/2024(H5N1)	1087	1713
HA|PP755589.1|A/cattle/Texas/24-008749-003/2024(H5N1)	1088	1714
HA|PP755589.1|A/cattle/Texas/24-008749-003/2024(H5N1)	1089	1691
HA|PP755589.1|A/cattle/Texas/24-008749-003/2024(H5N1)	1090	1690
HA|PP755589.1|A/cattle/Texas/24-008749-003/2024(H5N1)	1091	1680
HA|PP755589.1|A/cattle/Texas/24-008749-003/2024(H5N1)	1092	1681
HA|PP755589.1|A/cattle/Texas/24-008749-003/2024(H5N1)	1093	1694
HA|PP755589.1|A/cattle/Texas/24-008749-003/2024(H5N1)	1094	1710
HA|PP755589.1|A/cattle/Texas/24-008749-003/2024(H5N1)	1095	1707
HA|PP755589.1|A/cattle/Texas/24-008749-003/2024(H5N1)	1096	1689
HA|PP755589.1|A/cattle/Texas/24-008749-003/2024(H5N1)	1097	1698
HA|PP755589.1|A/cattle/Texas/24-008749-003/2024(H5N1)	1098	1728
HA|PP755589.1|A/cattle/Texas/24-008749-003/2024(H5N1)	1099	1728
HA|PP755589.1|A/cattle/Texas/24-008749-003/2024(H5N1)	1100	1729
HA|PP755589.1|A/cattle/Texas/24-008749-003/2024(H5N1)	1101	1723
HA|PP755589.1|A/cattle/Texas/24-008749-003/2024(H5N1)	1102	1737
HA|PP755589.1|A/cattle/Texas/24-008749-003/2024(H5N1)	1103	1749
HA|PP755589.1|A/cattle/Texas/24-008749-003/2024(H5N1)	1104	1750
HA|PP755589.1|A/cattle/Texas/24-008749-003/2024(H5N1)	1105	1756
HA|PP755589.1|A/cattle/Texas/24-008749-003/2024(H5N1)	1106	1737
HA|PP755589.1|A/cattle/Texas/24-008749-003/2024(H5N1)	1107	1723
HA|PP755589.1|A/cattle/Texas/24-008749-003/2024(H5N1)	1108	1719
HA|PP755589.1|A/cattle/Texas/24-008749-003/2024(H5N1)	1109	1716
HA|PP755589.1|A/cattle/Texas/24-008749-003/2024(H5N1)	1110	1763
HA|PP755589.1|A/cattle/Texas/24-008749-003/2024(H5N1)	1111	1752
HA|PP755589.1|A/cattle/Texas/24-008749-003/2024(H5N1)	1112	1747
HA|PP755589.1|A/cattle/Texas/24-008749-003/2024(H5N1)	1113	1761
HA|PP755589.1|A/cattle/Texas/24-008749-003/2024(H5N1)	1114	1773
HA|PP755589.1|A/cattle/Texas/24-008749-003/2024(H5N1)	1115	1819
HA|PP755589.1|A/cattle/Texas/24-008749-003/2024(H5N1)	1116	1820
HA|PP755589.1|A/cattle/Texas/24-008749-003/2024(H5N1)	1117	1807
HA|PP755589.1|A/cattle/Texas/24-008749-003/2024(H5N1)	1118	1796
HA|PP755589.1|A/cattle/Texas/24-008749-003/2024(H5N1)	1119	1770
HA|PP755589.1|A/cattle/Texas/24-008749-003/2024(H5N1)	1120	1836
HA|PP755589.1|A/cattle/Texas/24-008749-003/2024(H5N1)	1121	2201
HA|PP755589.1|A/cattle/Texas/24-008749-003/2024(H5N1)	1122	2247
HA|PP755589.1|A/cattle/Texas/24-008749-003/2024(H5N1)	1123	2244
HA|PP755589.1|A/cattle/Texas/24-008749-003/2024(H5N1)	1124	2218
HA|PP755589.1|A/cattle/Texas/24-008749-003/2024(H5N1)	1125	2258
HA|PP755589.1|A/cattle/Texas/24-008749-003/2024(H5N1)	1126	2270
HA|PP755589.1|A/cattle/Texas/24-008749-003/2024(H5N1)	1127	2275
HA|PP755589.1|A/cattle/Texas/24-008749-003/2024(H5N1)	1128	2293
HA|PP755589.1|A/cattle/Texas/24-008749-003/2024(H5N1)	1129	2288
HA|PP755589.1|A/cattle/Texas/24-008749-003/2024(H5N1)	1130	2335
HA|PP755589.1|A/cattle/Texas/24-008749-003/2024(H5N1)	1131	2360
HA|PP755589.1|A/cattle/Texas/24-008749-003/2024(H5N1)	1132	2420
HA|PP755589.1|A/cattle/Texas/24-008749-003/2024(H5N1)	1133	2441
HA|PP755589.1|A/cattle/Texas/24-008749-003/2024(H5N1)	1134	2449
HA|PP755589.1|A/cattle/Texas/24-008749-003/2024(H5N1)	1135	2440
HA|PP755589.1|A/cattle/Texas/24-008749-003/2024(H5N1)	1136	2439
HA|PP755589.1|A/cattle/Texas/24-008749-003/2024(H5N1)	1137	2434
HA|PP755589.1|A/cattle/Texas/24-008749-003/2024(H5N1)	1138	2446
HA|PP755589.1|A/cattle/Texas/24-008749-003/2024(H5N1)	1139	2443
HA|PP755589.1|A/cattle/Texas/24-008749-003/2024(H5N1)	1140	2419
HA|PP755589.1|A/cattle/Texas/24-008749-003/2024(H5N1)	1141	2436
HA|PP755589.1|A/cattle/Texas/24-008749-003/2024(H5N1)	1142	2431
HA|PP755589.1|A/cattle/Texas/24-008749-003/2024(H5N1)	1143	2434
HA|PP755589.1|A/cattle/Texas/24-008749-003/2024(H5N1)	1144	2446
HA|PP755589.1|A/cattle/Texas/24-008749-003/2024(H5N1)	1145	2468
HA|PP755589.1|A/cattle/Texas/24-008749-003/2024(H5N1)	1146	2501
HA|PP755589.1|A/cattle/Texas/24-008749-003/2024(H5N1)	1147	2501
HA|PP755589.1|A/cattle/Texas/24-008749-003/2024(H5N1)	1148	2501
HA|PP755589.1|A/cattle/Texas/24-008749-003/2024(H5N1)	1149	2499
HA|PP755589.1|A/cattle/Texas/24-008749-003/2024(H5N1)	1150	2523
HA|PP755589.1|A/cattle/Texas/24-008749-003/2024(H5N1)	1151	2524
HA|PP755589.1|A/cattle/Texas/24-008749-003/2024(H5N1)	1152	2520
HA|PP755589.1|A/cattle/Texas/24-008749-003/2024(H5N1)	1153	2519
HA|PP755589.1|A/cattle/Texas/24-008749-003/2024(H5N1)	1154	2513
HA|PP755589.1|A/cattle/Texas/24-008749-003/2024(H5N1)	1155	2506
HA|PP755589.1|A/cattle/Texas/24-008749-003/2024(H5N1)	1156	2547
HA|PP755589.1|A/cattle/Texas/24-008749-003/2024(H5N1)	1157	2596
HA|PP755589.1|A/cattle/Texas/24-008749-003/2024(H5N1)	1158	2608
HA|PP755589.1|A/cattle/Texas/24-008749-003/2024(H5N1)	1159	2605
HA|PP755589.1|A/cattle/Texas/24-008749-003/2024(H5N1)	1160	2605
HA|PP755589.1|A/cattle/Texas/24-008749-003/2024(H5N1)	1161	2637
HA|PP755589.1|A/cattle/Texas/24-008749-003/2024(H5N1)	1162	2637
HA|PP755589.1|A/cattle/Texas/24-008749-003/2024(H5N1)	1163	2665
HA|PP755589.1|A/cattle/Texas/24-008749-003/2024(H5N1)	1164	2695
HA|PP755589.1|A/cattle/Texas/24-008749-003/2024(H5N1)	1165	2735
HA|PP755589.1|A/cattle/Texas/24-008749-003/2024(H5N1)	1166	2744
HA|PP755589.1|A/cattle/Texas/24-008749-003/2024(H5N1)	1167	2734
HA|PP755589.1|A/cattle/Texas/24-008749-003/2024(H5N1)	1168	2806
HA|PP755589.1|A/cattle/Texas/24-008749-003/2024(H5N1)	1169	2931
HA|PP755589.1|A/cattle/Texas/24-008749-003/2024(H5N1)	1170	2933
HA|PP755589.1|A/cattle/Texas/24-008749-003/2024(H5N1)	1171	2937
HA|PP755589.1|A/cattle/Texas/24-008749-003/2024(H5N1)	1172	2910
HA|PP755589.1|A/cattle/Texas/24-008749-003/2024(H5N1)	1173	2909
HA|PP755589.1|A/cattle/Texas/24-008749-003/2024(H5N1)	1174	2904
HA|PP755589.1|A/cattle/Texas/24-008749-003/2024(H5N1)	1175	2987
HA|PP755589.1|A/cattle/Texas/24-008749-003/2024(H5N1)	1176	2973
HA|PP755589.1|A/cattle/Texas/24-008749-003/2024(H5N1)	1177	2983
HA|PP755589.1|A/cattle/Texas/24-008749-003/2024(H5N1)	1178	2939
HA|PP755589.1|A/cattle/Texas/24-008749-003/2024(H5N1)	1179	3005
HA|PP755589.1|A/cattle/Texas/24-008749-003/2024(H5N1)	1180	3030
HA|PP755589.1|A/cattle/Texas/24-008749-003/2024(H5N1)	1181	3099
HA|PP755589.1|A/cattle/Texas/24-008749-003/2024(H5N1)	1182	3124
HA|PP755589.1|A/cattle/Texas/24-008749-003/2024(H5N1)	1183	3140
HA|PP755589.1|A/cattle/Texas/24-008749-003/2024(H5N1)	1184	3121
HA|PP755589.1|A/cattle/Texas/24-008749-003/2024(H5N1)	1185	3116
HA|PP755589.1|A/cattle/Texas/24-008749-003/2024(H5N1)	1186	3114
HA|PP755589.1|A/cattle/Texas/24-008749-003/2024(H5N1)	1187	3112
HA|PP755589.1|A/cattle/Texas/24-008749-003/2024(H5N1)	1188	3151
HA|PP755589.1|A/cattle/Texas/24-008749-003/2024(H5N1)	1189	3171
HA|PP755589.1|A/cattle/Texas/24-008749-003/2024(H5N1)	1190	3150
HA|PP755589.1|A/cattle/Texas/24-008749-003/2024(H5N1)	1191	3115
HA|PP755589.1|A/cattle/Texas/24-008749-003/2024(H5N1)	1192	3133
HA|PP755589.1|A/cattle/Texas/24-008749-003/2024(H5N1)	1193	3222
HA|PP755589.1|A/cattle/Texas/24-008749-003/2024(H5N1)	1194	3234
HA|PP755589.1|A/cattle/Texas/24-008749-003/2024(H5N1)	1195	3228
HA|PP755589.1|A/cattle/Texas/24-008749-003/2024(H5N1)	1196	3233
HA|PP755589.1|A/cattle/Texas/24-008749-003/2024(H5N1)	1197	3225
HA|PP755589.1|A/cattle/Texas/24-008749-003/2024(H5N1)	1198	3271
HA|PP755589.1|A/cattle/Texas/24-008749-003/2024(H5N1)	1199	3270
HA|PP755589.1|A/cattle/Texas/24-008749-003/2024(H5N1)	1200	3276
HA|PP755589.1|A/cattle/Texas/24-008749-003/2024(H5N1)	1201	3275
HA|PP755589.1|A/cattle/Texas/24-008749-003/2024(H5N1)	1202	3207
HA|PP755589.1|A/cattle/Texas/24-008749-003/2024(H5N1)	1203	3216
HA|PP755589.1|A/cattle/Texas/24-008749-003/2024(H5N1)	1204	3229
HA|PP755589.1|A/cattle/Texas/24-008749-003/2024(H5N1)	1205	3227
HA|PP755589.1|A/cattle/Texas/24-008749-003/2024(H5N1)	1206	3244
HA|PP755589.1|A/cattle/Texas/24-008749-003/2024(H5N1)	1207	3235
HA|PP755589.1|A/cattle/Texas/24-008749-003/2024(H5N1)	1208	3241
HA|PP755589.1|A/cattle/Texas/24-008749-003/2024(H5N1)	1209	3275
HA|PP755589.1|A/cattle/Texas/24-008749-003/2024(H5N1)	1210	3277
HA|PP755589.1|A/cattle/Texas/24-008749-003/2024(H5N1)	1211	3288
HA|PP755589.1|A/cattle/Texas/24-008749-003/2024(H5N1)	1212	3285
HA|PP755589.1|A/cattle/Texas/24-008749-003/2024(H5N1)	1213	3284
HA|PP755589.1|A/cattle/Texas/24-008749-003/2024(H5N1)	1214	3286
HA|PP755589.1|A/cattle/Texas/24-008749-003/2024(H5N1)	1215	3307
HA|PP755589.1|A/cattle/Texas/24-008749-003/2024(H5N1)	1216	3315
HA|PP755589.1|A/cattle/Texas/24-008749-003/2024(H5N1)	1217	3348
HA|PP755589.1|A/cattle/Texas/24-008749-003/2024(H5N1)	1218	3341
HA|PP755589.1|A/cattle/Texas/24-008749-003/2024(H5N1)	1219	3376
HA|PP755589.1|A/cattle/Texas/24-008749-003/2024(H5N1)	1220	3371
HA|PP755589.1|A/cattle/Texas/24-008749-003/2024(H5N1)	1221	3430
HA|PP755589.1|A/cattle/Texas/24-008749-003/2024(H5N1)	1222	3444
HA|PP755589.1|A/cattle/Texas/24-008749-003/2024(H5N1)	1223	3452
HA|PP755589.1|A/cattle/Texas/24-008749-003/2024(H5N1)	1224	3483
HA|PP755589.1|A/cattle/Texas/24-008749-003/2024(H5N1)	1225	3483
HA|PP755589.1|A/cattle/Texas/24-008749-003/2024(H5N1)	1226	3465
HA|PP755589.1|A/cattle/Texas/24-008749-003/2024(H5N1)	1227	3464
HA|PP755589.1|A/cattle/Texas/24-008749-003/2024(H5N1)	1228	3480
HA|PP755589.1|A/cattle/Texas/24-008749-003/2024(H5N1)	1229	3493
HA|PP755589.1|A/cattle/Texas/24-008749-003/2024(H5N1)	1230	3460
HA|PP755589.1|A/cattle/Texas/24-008749-003/2024(H5N1)	1231	3561
HA|PP755589.1|A/cattle/Texas/24-008749-003/2024(H5N1)	1232	3588
HA|PP755589.1|A/cattle/Texas/24-008749-003/2024(H5N1)	1233	3597
HA|PP755589.1|A/cattle/Texas/24-008749-003/2024(H5N1)	1234	3605
HA|PP755589.1|A/cattle/Texas/24-008749-003/2024(H5N1)	1235	3623
HA|PP755589.1|A/cattle/Texas/24-008749-003/2024(H5N1)	1236	3659
HA|PP755589.1|A/cattle/Texas/24-008749-003/2024(H5N1)	1237	3659
HA|PP755589.1|A/cattle/Texas/24-008749-003/2024(H5N1)	1238	3661
HA|PP755589.1|A/cattle/Texas/24-008749-003/2024(H5N1)	1239	3701
HA|PP755589.1|A/cattle/Texas/24-008749-003/2024(H5N1)	1240	3763
HA|PP755589.1|A/cattle/Texas/24-008749-003/2024(H5N1)	1241	3666
HA|PP755589.1|A/cattle/Texas/24-008749-003/2024(H5N1)	1242	3743
HA|PP755589.1|A/cattle/Texas/24-008749-003/2024(H5N1)	1243	3745
HA|PP755589.1|A/cattle/Texas/24-008749-003/2024(H5N1)	1244	3753
HA|PP755589.1|A/cattle/Texas/24-008749-003/2024(H5N1)	1245	3812
HA|PP755589.1|A/cattle/Texas/24-008749-003/2024(H5N1)	1246	3828
HA|PP755589.1|A/cattle/Texas/24-008749-003/2024(H5N1)	1247	3829
HA|PP755589.1|A/cattle/Texas/24-008749-003/2024(H5N1)	1248	3824
HA|PP755589.1|A/cattle/Texas/24-008749-003/2024(H5N1)	1249	3796
HA|PP755589.1|A/cattle/Texas/24-008749-003/2024(H5N1)	1250	3833
HA|PP755589.1|A/cattle/Texas/24-008749-003/2024(H5N1)	1251	3893
HA|PP755589.1|A/cattle/Texas/24-008749-003/2024(H5N1)	1252	3892
HA|PP755589.1|A/cattle/Texas/24-008749-003/2024(H5N1)	1253	3894
HA|PP755589.1|A/cattle/Texas/24-008749-003/2024(H5N1)	1254	3895
HA|PP755589.1|A/cattle/Texas/24-008749-003/2024(H5N1)	1255	3910
HA|PP755589.1|A/cattle/Texas/24-008749-003/2024(H5N1)	1256	3911
HA|PP755589.1|A/cattle/Texas/24-008749-003/2024(H5N1)	1257	3936
HA|PP755589.1|A/cattle/Texas/24-008749-003/2024(H5N1)	1258	3926
HA|PP755589.1|A/cattle/Texas/24-008749-003/2024(H5N1)	1259	3929
HA|PP755589.1|A/cattle/Texas/24-008749-003/2024(H5N1)	1260	3956
HA|PP755589.1|A/cattle/Texas/24-008749-003/2024(H5N1)	1261	3918
HA|PP755589.1|A/cattle/Texas/24-008749-003/2024(H5N1)	1262	3969
HA|PP755589.1|A/cattle/Texas/24-008749-003/2024(H5N1)	1263	4002
HA|PP755589.1|A/cattle/Texas/24-008749-003/2024(H5N1)	1264	4033
HA|PP755589.1|A/cattle/Texas/24-008749-003/2024(H5N1)	1265	4039
HA|PP755589.1|A/cattle/Texas/24-008749-003/2024(H5N1)	1266	4034
HA|PP755589.1|A/cattle/Texas/24-008749-003/2024(H5N1)	1267	4035
HA|PP755589.1|A/cattle/Texas/24-008749-003/2024(H5N1)	1268	4035
HA|PP755589.1|A/cattle/Texas/24-008749-003/2024(H5N1)	1269	4046
HA|PP755589.1|A/cattle/Texas/24-008749-003/2024(H5N1)	1270	4076
HA|PP755589.1|A/cattle/Texas/24-008749-003/2024(H5N1)	1271	4091
HA|PP755589.1|A/cattle/Texas/24-008749-003/2024(H5N1)	1272	4081
HA|PP755589.1|A/cattle/Texas/24-008749-003/2024(H5N1)	1273	4094
HA|PP755589.1|A/cattle/Texas/24-008749-003/2024(H5N1)	1274	4086
HA|PP755589.1|A/cattle/Texas/24-008749-003/2024(H5N1)	1275	4097
HA|PP755589.1|A/cattle/Texas/24-008749-003/2024(H5N1)	1276	4175
HA|PP755589.1|A/cattle/Texas/24-008749-003/2024(H5N1)	1277	4176
HA|PP755589.1|A/cattle/Texas/24-008749-003/2024(H5N1)	1278	4200
HA|PP755589.1|A/cattle/Texas/24-008749-003/2024(H5N1)	1279	4188
HA|PP755589.1|A/cattle/Texas/24-008749-003/2024(H5N1)	1280	4213
HA|PP755589.1|A/cattle/Texas/24-008749-003/2024(H5N1)	1281	4223
HA|PP755589.1|A/cattle/Texas/24-008749-003/2024(H5N1)	1282	4223
HA|PP755589.1|A/cattle/Texas/24-008749-003/2024(H5N1)	1283	4234
HA|PP755589.1|A/cattle/Texas/24-008749-003/2024(H5N1)	1284	4228
HA|PP755589.1|A/cattle/Texas/24-008749-003/2024(H5N1)	1285	4253
HA|PP755589.1|A/cattle/Texas/24-008749-003/2024(H5N1)	1286	4261
HA|PP755589.1|A/cattle/Texas/24-008749-003/2024(H5N1)	1287	4260
HA|PP755589.1|A/cattle/Texas/24-008749-003/2024(H5N1)	1288	4268
HA|PP755589.1|A/cattle/Texas/24-008749-003/2024(H5N1)	1289	4256
HA|PP755589.1|A/cattle/Texas/24-008749-003/2024(H5N1)	1290	4241
HA|PP755589.1|A/cattle/Texas/24-008749-003/2024(H5N1)	1291	4242
HA|PP755589.1|A/cattle/Texas/24-008749-003/2024(H5N1)	1292	4251
HA|PP755589.1|A/cattle/Texas/24-008749-003/2024(H5N1)	1293	4251
HA|PP755589.1|A/cattle/Texas/24-008749-003/2024(H5N1)	1294	4229
HA|PP755589.1|A/cattle/Texas/24-008749-003/2024(H5N1)	1295	4288
HA|PP755589.1|A/cattle/Texas/24-008749-003/2024(H5N1)	1296	4291
HA|PP755589.1|A/cattle/Texas/24-008749-003/2024(H5N1)	1297	4298
HA|PP755589.1|A/cattle/Texas/24-008749-003/2024(H5N1)	1298	4343
HA|PP755589.1|A/cattle/Texas/24-008749-003/2024(H5N1)	1299	4360
HA|PP755589.1|A/cattle/Texas/24-008749-003/2024(H5N1)	1300	4364
HA|PP755589.1|A/cattle/Texas/24-008749-003/2024(H5N1)	1301	4363
HA|PP755589.1|A/cattle/Texas/24-008749-003/2024(H5N1)	1302	4359
HA|PP755589.1|A/cattle/Texas/24-008749-003/2024(H5N1)	1303	4355
HA|PP755589.1|A/cattle/Texas/24-008749-003/2024(H5N1)	1304	4346
HA|PP755589.1|A/cattle/Texas/24-008749-003/2024(H5N1)	1305	4376
HA|PP755589.1|A/cattle/Texas/24-008749-003/2024(H5N1)	1306	4395
HA|PP755589.1|A/cattle/Texas/24-008749-003/2024(H5N1)	1307	4379
HA|PP755589.1|A/cattle/Texas/24-008749-003/2024(H5N1)	1308	4283
HA|PP755589.1|A/cattle/Texas/24-008749-003/2024(H5N1)	1309	4275
HA|PP755589.1|A/cattle/Texas/24-008749-003/2024(H5N1)	1310	4285
HA|PP755589.1|A/cattle/Texas/24-008749-003/2024(H5N1)	1311	4310
HA|PP755589.1|A/cattle/Texas/24-008749-003/2024(H5N1)	1312	4313
HA|PP755589.1|A/cattle/Texas/24-008749-003/2024(H5N1)	1313	4340
HA|PP755589.1|A/cattle/Texas/24-008749-003/2024(H5N1)	1314	4361
HA|PP755589.1|A/cattle/Texas/24-008749-003/2024(H5N1)	1315	4330
HA|PP755589.1|A/cattle/Texas/24-008749-003/2024(H5N1)	1316	4358
HA|PP755589.1|A/cattle/Texas/24-008749-003/2024(H5N1)	1317	4365
HA|PP755589.1|A/cattle/Texas/24-008749-003/2024(H5N1)	1318	4374
HA|PP755589.1|A/cattle/Texas/24-008749-003/2024(H5N1)	1319	4403
HA|PP755589.1|A/cattle/Texas/24-008749-003/2024(H5N1)	1320	4357
HA|PP755589.1|A/cattle/Texas/24-008749-003/2024(H5N1)	1321	4352
HA|PP755589.1|A/cattle/Texas/24-008749-003/2024(H5N1)	1322	4355
HA|PP755589.1|A/cattle/Texas/24-008749-003/2024(H5N1)	1323	4261
HA|PP755589.1|A/cattle/Texas/24-008749-003/2024(H5N1)	1324	4274
HA|PP755589.1|A/cattle/Texas/24-008749-003/2024(H5N1)	1325	4278
HA|PP755589.1|A/cattle/Texas/24-008749-003/2024(H5N1)	1326	4287
HA|PP755589.1|A/cattle/Texas/24-008749-003/2024(H5N1)	1327	4319
HA|PP755589.1|A/cattle/Texas/24-008749-003/2024(H5N1)	1328	4271
HA|PP755589.1|A/cattle/Texas/24-008749-003/2024(H5N1)	1329	4264
HA|PP755589.1|A/cattle/Texas/24-008749-003/2024(H5N1)	1330	4255
HA|PP755589.1|A/cattle/Texas/24-008749-003/2024(H5N1)	1331	4252
HA|PP755589.1|A/cattle/Texas/24-008749-003/2024(H5N1)	1332	4251
HA|PP755589.1|A/cattle/Texas/24-008749-003/2024(H5N1)	1333	4250
HA|PP755589.1|A/cattle/Texas/24-008749-003/2024(H5N1)	1334	4280
HA|PP755589.1|A/cattle/Texas/24-008749-003/2024(H5N1)	1335	4276
HA|PP755589.1|A/cattle/Texas/24-008749-003/2024(H5N1)	1336	4218
HA|PP755589.1|A/cattle/Texas/24-008749-003/2024(H5N1)	1337	4205
HA|PP755589.1|A/cattle/Texas/24-008749-003/2024(H5N1)	1338	4243
HA|PP755589.1|A/cattle/Texas/24-008749-003/2024(H5N1)	1339	4238
HA|PP755589.1|A/cattle/Texas/24-008749-003/2024(H5N1)	1340	4243
HA|PP755589.1|A/cattle/Texas/24-008749-003/2024(H5N1)	1341	4244
HA|PP755589.1|A/cattle/Texas/24-008749-003/2024(H5N1)	1342	4260
HA|PP755589.1|A/cattle/Texas/24-008749-003/2024(H5N1)	1343	4276
HA|PP755589.1|A/cattle/Texas/24-008749-003/2024(H5N1)	1344	4305
HA|PP755589.1|A/cattle/Texas/24-008749-003/2024(H5N1)	1345	4300
HA|PP755589.1|A/cattle/Texas/24-008749-003/2024(H5N1)	1346	4298
HA|PP755589.1|A/cattle/Texas/24-008749-003/2024(H5N1)	1347	4301
HA|PP755589.1|A/cattle/Texas/24-008749-003/2024(H5N1)	1348	4299
HA|PP755589.1|A/cattle/Texas/24-008749-003/2024(H5N1)	1349	4285
HA|PP755589.1|A/cattle/Texas/24-008749-003/2024(H5N1)	1350	4282
HA|PP755589.1|A/cattle/Texas/24-008749-003/2024(H5N1)	1351	4264
HA|PP755589.1|A/cattle/Texas/24-008749-003/2024(H5N1)	1352	4281
HA|PP755589.1|A/cattle/Texas/24-008749-003/2024(H5N1)	1353	4283
HA|PP755589.1|A/cattle/Texas/24-008749-003/2024(H5N1)	1354	4285
HA|PP755589.1|A/cattle/Texas/24-008749-003/2024(H5N1)	1355	4355
HA|PP755589.1|A/cattle/Texas/24-008749-003/2024(H5N1)	1356	4337
HA|PP755589.1|A/cattle/Texas/24-008749-003/2024(H5N1)	1357	4357
HA|PP755589.1|A/cattle/Texas/24-008749-003/2024(H5N1)	1358	4358
HA|PP755589.1|A/cattle/Texas/24-008749-003/2024(H5N1)	1359	4364
HA|PP755589.1|A/cattle/Texas/24-008749-003/2024(H5N1)	1360	4362
HA|PP755589.1|A/cattle/Texas/24-008749-003/2024(H5N1)	1361	4364
HA|PP755589.1|A/cattle/Texas/24-008749-003/2024(H5N1)	1362	4342
HA|PP755589.1|A/cattle/Texas/24-008749-003/2024(H5N1)	1363	4334
HA|PP755589.1|A/cattle/Texas/24-008749-003/2024(H5N1)	1364	4266
HA|PP755589.1|A/cattle/Texas/24-008749-003/2024(H5N1)	1365	4139
HA|PP755589.1|A/cattle/Texas/24-008749-003/2024(H5N1)	1366	4042
HA|PP755589.1|A/cattle/Texas/24-008749-003/2024(H5N1)	1367	4041
HA|PP755589.1|A/cattle/Texas/24-008749-003/2024(H5N1)	1368	4022
HA|PP755589.1|A/cattle/Texas/24-008749-003/2024(H5N1)	1369	4034
HA|PP755589.1|A/cattle/Texas/24-008749-003/2024(H5N1)	1370	4066
HA|PP755589.1|A/cattle/Texas/24-008749-003/2024(H5N1)	1371	4042
HA|PP755589.1|A/cattle/Texas/24-008749-003/2024(H5N1)	1372	4039
HA|PP755589.1|A/cattle/Texas/24-008749-003/2024(H5N1)	1373	4016
HA|PP755589.1|A/cattle/Texas/24-008749-003/2024(H5N1)	1374	4013
HA|PP755589.1|A/cattle/Texas/24-008749-003/2024(H5N1)	1375	4021
HA|PP755589.1|A/cattle/Texas/24-008749-003/2024(H5N1)	1376	3995
HA|PP755589.1|A/cattle/Texas/24-008749-003/2024(H5N1)	1377	4001
HA|PP755589.1|A/cattle/Texas/24-008749-003/2024(H5N1)	1378	4045
HA|PP755589.1|A/cattle/Texas/24-008749-003/2024(H5N1)	1379	4034
HA|PP755589.1|A/cattle/Texas/24-008749-003/2024(H5N1)	1380	4025
HA|PP755589.1|A/cattle/Texas/24-008749-003/2024(H5N1)	1381	4025
HA|PP755589.1|A/cattle/Texas/24-008749-003/2024(H5N1)	1382	4006
HA|PP755589.1|A/cattle/Texas/24-008749-003/2024(H5N1)	1383	3975
HA|PP755589.1|A/cattle/Texas/24-008749-003/2024(H5N1)	1384	3965
HA|PP755589.1|A/cattle/Texas/24-008749-003/2024(H5N1)	1385	3976
HA|PP755589.1|A/cattle/Texas/24-008749-003/2024(H5N1)	1386	4009
HA|PP755589.1|A/cattle/Texas/24-008749-003/2024(H5N1)	1387	3993
HA|PP755589.1|A/cattle/Texas/24-008749-003/2024(H5N1)	1388	3958
HA|PP755589.1|A/cattle/Texas/24-008749-003/2024(H5N1)	1389	3964
HA|PP755589.1|A/cattle/Texas/24-008749-003/2024(H5N1)	1390	3988
HA|PP755589.1|A/cattle/Texas/24-008749-003/2024(H5N1)	1391	3990
HA|PP755589.1|A/cattle/Texas/24-008749-003/2024(H5N1)	1392	3984
HA|PP755589.1|A/cattle/Texas/24-008749-003/2024(H5N1)	1393	3985
HA|PP755589.1|A/cattle/Texas/24-008749-003/2024(H5N1)	1394	3990
HA|PP755589.1|A/cattle/Texas/24-008749-003/2024(H5N1)	1395	3972
HA|PP755589.1|A/cattle/Texas/24-008749-003/2024(H5N1)	1396	3916
HA|PP755589.1|A/cattle/Texas/24-008749-003/2024(H5N1)	1397	3902
HA|PP755589.1|A/cattle/Texas/24-008749-003/2024(H5N1)	1398	3908
HA|PP755589.1|A/cattle/Texas/24-008749-003/2024(H5N1)	1399	3940
HA|PP755589.1|A/cattle/Texas/24-008749-003/2024(H5N1)	1400	3939
HA|PP755589.1|A/cattle/Texas/24-008749-003/2024(H5N1)	1401	3922
HA|PP755589.1|A/cattle/Texas/24-008749-003/2024(H5N1)	1402	3914
HA|PP755589.1|A/cattle/Texas/24-008749-003/2024(H5N1)	1403	3953
HA|PP755589.1|A/cattle/Texas/24-008749-003/2024(H5N1)	1404	3968
HA|PP755589.1|A/cattle/Texas/24-008749-003/2024(H5N1)	1405	3981
HA|PP755589.1|A/cattle/Texas/24-008749-003/2024(H5N1)	1406	3993
HA|PP755589.1|A/cattle/Texas/24-008749-003/2024(H5N1)	1407	3957
HA|PP755589.1|A/cattle/Texas/24-008749-003/2024(H5N1)	1408	3936
HA|PP755589.1|A/cattle/Texas/24-008749-003/2024(H5N1)	1409	3891
HA|PP755589.1|A/cattle/Texas/24-008749-003/2024(H5N1)	1410	3965
HA|PP755589.1|A/cattle/Texas/24-008749-003/2024(H5N1)	1411	4017
HA|PP755589.1|A/cattle/Texas/24-008749-003/2024(H5N1)	1412	3976
HA|PP755589.1|A/cattle/Texas/24-008749-003/2024(H5N1)	1413	4014
HA|PP755589.1|A/cattle/Texas/24-008749-003/2024(H5N1)	1414	3982
HA|PP755589.1|A/cattle/Texas/24-008749-003/2024(H5N1)	1415	3988
HA|PP755589.1|A/cattle/Texas/24-008749-003/2024(H5N1)	1416	4024
HA|PP755589.1|A/cattle/Texas/24-008749-003/2024(H5N1)	1417	4017
HA|PP755589.1|A/cattle/Texas/24-008749-003/2024(H5N1)	1418	4002
HA|PP755589.1|A/cattle/Texas/24-008749-003/2024(H5N1)	1419	3875
HA|PP755589.1|A/cattle/Texas/24-008749-003/2024(H5N1)	1420	3770
HA|PP755589.1|A/cattle/Texas/24-008749-003/2024(H5N1)	1421	3852
HA|PP755589.1|A/cattle/Texas/24-008749-003/2024(H5N1)	1422	3851
HA|PP755589.1|A/cattle/Texas/24-008749-003/2024(H5N1)	1423	3865
HA|PP755589.1|A/cattle/Texas/24-008749-003/2024(H5N1)	1424	3861
HA|PP755589.1|A/cattle/Texas/24-008749-003/2024(H5N1)	1425	3804
HA|PP755589.1|A/cattle/Texas/24-008749-003/2024(H5N1)	1426	3781
HA|PP755589.1|A/cattle/Texas/24-008749-003/2024(H5N1)	1427	3781
HA|PP755589.1|A/cattle/Texas/24-008749-003/2024(H5N1)	1428	3777
HA|PP755589.1|A/cattle/Texas/24-008749-003/2024(H5N1)	1429	3809
HA|PP755589.1|A/cattle/Texas/24-008749-003/2024(H5N1)	1430	3686
HA|PP755589.1|A/cattle/Texas/24-008749-003/2024(H5N1)	1431	3679
HA|PP755589.1|A/cattle/Texas/24-008749-003/2024(H5N1)	1432	3618
HA|PP755589.1|A/cattle/Texas/24-008749-003/2024(H5N1)	1433	3589
HA|PP755589.1|A/cattle/Texas/24-008749-003/2024(H5N1)	1434	3626
HA|PP755589.1|A/cattle/Texas/24-008749-003/2024(H5N1)	1435	3718
HA|PP755589.1|A/cattle/Texas/24-008749-003/2024(H5N1)	1436	3720
HA|PP755589.1|A/cattle/Texas/24-008749-003/2024(H5N1)	1437	3722
HA|PP755589.1|A/cattle/Texas/24-008749-003/2024(H5N1)	1438	3696
HA|PP755589.1|A/cattle/Texas/24-008749-003/2024(H5N1)	1439	3699
HA|PP755589.1|A/cattle/Texas/24-008749-003/2024(H5N1)	1440	3699
HA|PP755589.1|A/cattle/Texas/24-008749-003/2024(H5N1)	1441	3696
HA|PP755589.1|A/cattle/Texas/24-008749-003/2024(H5N1)	1442	3702
HA|PP755589.1|A/cattle/Texas/24-008749-003/2024(H5N1)	1443	3631
HA|PP755589.1|A/cattle/Texas/24-008749-003/2024(H5N1)	1444	3610
HA|PP755589.1|A/cattle/Texas/24-008749-003/2024(H5N1)	1445	3628
HA|PP755589.1|A/cattle/Texas/24-008749-003/2024(H5N1)	1446	3631
HA|PP755589.1|A/cattle/Texas/24-008749-003/2024(H5N1)	1447	3644
HA|PP755589.1|A/cattle/Texas/24-008749-003/2024(H5N1)	1448	3645
HA|PP755589.1|A/cattle/Texas/24-008749-003/2024(H5N1)	1449	3614
HA|PP755589.1|A/cattle/Texas/24-008749-003/2024(H5N1)	1450	3621
HA|PP755589.1|A/cattle/Texas/24-008749-003/2024(H5N1)	1451	3617
HA|PP755589.1|A/cattle/Texas/24-008749-003/2024(H5N1)	1452	3619
HA|PP755589.1|A/cattle/Texas/24-008749-003/2024(H5N1)	1453	3632
HA|PP755589.1|A/cattle/Texas/24-008749-003/2024(H5N1)	1454	3612
HA|PP755589.1|A/cattle/Texas/24-008749-003/2024(H5N1)	1455	3619
HA|PP755589.1|A/cattle/Texas/24-008749-003/2024(H5N1)	1456	3604
HA|PP755589.1|A/cattle/Texas/24-008749-003/2024(H5N1)	1457	3628
HA|PP755589.1|A/cattle/Texas/24-008749-003/2024(H5N1)	1458	3640
HA|PP755589.1|A/cattle/Texas/24-008749-003/2024(H5N1)	1459	3620
HA|PP755589.1|A/cattle/Texas/24-008749-003/2024(H5N1)	1460	3620
HA|PP755589.1|A/cattle/Texas/24-008749-003/2024(H5N1)	1461	3635
HA|PP755589.1|A/cattle/Texas/24-008749-003/2024(H5N1)	1462	3618
HA|PP755589.1|A/cattle/Texas/24-008749-003/2024(H5N1)	1463	3619
HA|PP755589.1|A/cattle/Texas/24-008749-003/2024(H5N1)	1464	3614
HA|PP755589.1|A/cattle/Texas/24-008749-003/2024(H5N1)	1465	3620
HA|PP755589.1|A/cattle/Texas/24-008749-003/2024(H5N1)	1466	3669
HA|PP755589.1|A/cattle/Texas/24-008749-003/2024(H5N1)	1467	3636
HA|PP755589.1|A/cattle/Texas/24-008749-003/2024(H5N1)	1468	3639
HA|PP755589.1|A/cattle/Texas/24-008749-003/2024(H5N1)	1469	3641
HA|PP755589.1|A/cattle/Texas/24-008749-003/2024(H5N1)	1470	3616
HA|PP755589.1|A/cattle/Texas/24-008749-003/2024(H5N1)	1471	3628
HA|PP755589.1|A/cattle/Texas/24-008749-003/2024(H5N1)	1472	3601
HA|PP755589.1|A/cattle/Texas/24-008749-003/2024(H5N1)	1473	3581
HA|PP755589.1|A/cattle/Texas/24-008749-003/2024(H5N1)	1474	3600
HA|PP755589.1|A/cattle/Texas/24-008749-003/2024(H5N1)	1475	3529
HA|PP755589.1|A/cattle/Texas/24-008749-003/2024(H5N1)	1476	3557
HA|PP755589.1|A/cattle/Texas/24-008749-003/2024(H5N1)	1477	3565
HA|PP755589.1|A/cattle/Texas/24-008749-003/2024(H5N1)	1478	3572
HA|PP755589.1|A/cattle/Texas/24-008749-003/2024(H5N1)	1479	3580
HA|PP755589.1|A/cattle/Texas/24-008749-003/2024(H5N1)	1480	3567
HA|PP755589.1|A/cattle/Texas/24-008749-003/2024(H5N1)	1481	3565
HA|PP755589.1|A/cattle/Texas/24-008749-003/2024(H5N1)	1482	3499
HA|PP755589.1|A/cattle/Texas/24-008749-003/2024(H5N1)	1483	3496
HA|PP755589.1|A/cattle/Texas/24-008749-003/2024(H5N1)	1484	3469
HA|PP755589.1|A/cattle/Texas/24-008749-003/2024(H5N1)	1485	3442
HA|PP755589.1|A/cattle/Texas/24-008749-003/2024(H5N1)	1486	3347
HA|PP755589.1|A/cattle/Texas/24-008749-003/2024(H5N1)	1487	3400
HA|PP755589.1|A/cattle/Texas/24-008749-003/2024(H5N1)	1488	3343
HA|PP755589.1|A/cattle/Texas/24-008749-003/2024(H5N1)	1489	3345
HA|PP755589.1|A/cattle/Texas/24-008749-003/2024(H5N1)	1490	3326
HA|PP755589.1|A/cattle/Texas/24-008749-003/2024(H5N1)	1491	3310
HA|PP755589.1|A/cattle/Texas/24-008749-003/2024(H5N1)	1492	3309
HA|PP755589.1|A/cattle/Texas/24-008749-003/2024(H5N1)	1493	3285
HA|PP755589.1|A/cattle/Texas/24-008749-003/2024(H5N1)	1494	3323
HA|PP755589.1|A/cattle/Texas/24-008749-003/2024(H5N1)	1495	3317
HA|PP755589.1|A/cattle/Texas/24-008749-003/2024(H5N1)	1496	3224
HA|PP755589.1|A/cattle/Texas/24-008749-003/2024(H5N1)	1497	3296
HA|PP755589.1|A/cattle/Texas/24-008749-003/2024(H5N1)	1498	3295
HA|PP755589.1|A/cattle/Texas/24-008749-003/2024(H5N1)	1499	3298
HA|PP755589.1|A/cattle/Texas/24-008749-003/2024(H5N1)	1500	3314
HA|PP755589.1|A/cattle/Texas/24-008749-003/2024(H5N1)	1501	3330
HA|PP755589.1|A/cattle/Texas/24-008749-003/2024(H5N1)	1502	3272
HA|PP755589.1|A/cattle/Texas/24-008749-003/2024(H5N1)	1503	3283
HA|PP755589.1|A/cattle/Texas/24-008749-003/2024(H5N1)	1504	3307
HA|PP755589.1|A/cattle/Texas/24-008749-003/2024(H5N1)	1505	3306
HA|PP755589.1|A/cattle/Texas/24-008749-003/2024(H5N1)	1506	3355
HA|PP755589.1|A/cattle/Texas/24-008749-003/2024(H5N1)	1507	3351
HA|PP755589.1|A/cattle/Texas/24-008749-003/2024(H5N1)	1508	3333
HA|PP755589.1|A/cattle/Texas/24-008749-003/2024(H5N1)	1509	3311
HA|PP755589.1|A/cattle/Texas/24-008749-003/2024(H5N1)	1510	3281
HA|PP755589.1|A/cattle/Texas/24-008749-003/2024(H5N1)	1511	3298
HA|PP755589.1|A/cattle/Texas/24-008749-003/2024(H5N1)	1512	3259
HA|PP755589.1|A/cattle/Texas/24-008749-003/2024(H5N1)	1513	3251
HA|PP755589.1|A/cattle/Texas/24-008749-003/2024(H5N1)	1514	3247
HA|PP755589.1|A/cattle/Texas/24-008749-003/2024(H5N1)	1515	3200
HA|PP755589.1|A/cattle/Texas/24-008749-003/2024(H5N1)	1516	3210
HA|PP755589.1|A/cattle/Texas/24-008749-003/2024(H5N1)	1517	3200
HA|PP755589.1|A/cattle/Texas/24-008749-003/2024(H5N1)	1518	3261
HA|PP755589.1|A/cattle/Texas/24-008749-003/2024(H5N1)	1519	3252
HA|PP755589.1|A/cattle/Texas/24-008749-003/2024(H5N1)	1520	3238
HA|PP755589.1|A/cattle/Texas/24-008749-003/2024(H5N1)	1521	3224
HA|PP755589.1|A/cattle/Texas/24-008749-003/2024(H5N1)	1522	3174
HA|PP755589.1|A/cattle/Texas/24-008749-003/2024(H5N1)	1523	3175
HA|PP755589.1|A/cattle/Texas/24-008749-003/2024(H5N1)	1524	3148
HA|PP755589.1|A/cattle/Texas/24-008749-003/2024(H5N1)	1525	3168
HA|PP755589.1|A/cattle/Texas/24-008749-003/2024(H5N1)	1526	3130
HA|PP755589.1|A/cattle/Texas/24-008749-003/2024(H5N1)	1527	2957
HA|PP755589.1|A/cattle/Texas/24-008749-003/2024(H5N1)	1528	2955
HA|PP755589.1|A/cattle/Texas/24-008749-003/2024(H5N1)	1529	2924
HA|PP755589.1|A/cattle/Texas/24-008749-003/2024(H5N1)	1530	2920
HA|PP755589.1|A/cattle/Texas/24-008749-003/2024(H5N1)	1531	2911
HA|PP755589.1|A/cattle/Texas/24-008749-003/2024(H5N1)	1532	2903
HA|PP755589.1|A/cattle/Texas/24-008749-003/2024(H5N1)	1533	2903
HA|PP755589.1|A/cattle/Texas/24-008749-003/2024(H5N1)	1534	2874
HA|PP755589.1|A/cattle/Texas/24-008749-003/2024(H5N1)	1535	2881
HA|PP755589.1|A/cattle/Texas/24-008749-003/2024(H5N1)	1536	2896
HA|PP755589.1|A/cattle/Texas/24-008749-003/2024(H5N1)	1537	2889
HA|PP755589.1|A/cattle/Texas/24-008749-003/2024(H5N1)	1538	2878
HA|PP755589.1|A/cattle/Texas/24-008749-003/2024(H5N1)	1539	2874
HA|PP755589.1|A/cattle/Texas/24-008749-003/2024(H5N1)	1540	2876
HA|PP755589.1|A/cattle/Texas/24-008749-003/2024(H5N1)	1541	2881
HA|PP755589.1|A/cattle/Texas/24-008749-003/2024(H5N1)	1542	2879
HA|PP755589.1|A/cattle/Texas/24-008749-003/2024(H5N1)	1543	2844
HA|PP755589.1|A/cattle/Texas/24-008749-003/2024(H5N1)	1544	2856
HA|PP755589.1|A/cattle/Texas/24-008749-003/2024(H5N1)	1545	2803
HA|PP755589.1|A/cattle/Texas/24-008749-003/2024(H5N1)	1546	2804
HA|PP755589.1|A/cattle/Texas/24-008749-003/2024(H5N1)	1547	2806
HA|PP755589.1|A/cattle/Texas/24-008749-003/2024(H5N1)	1548	2790
HA|PP755589.1|A/cattle/Texas/24-008749-003/2024(H5N1)	1549	2807
HA|PP755589.1|A/cattle/Texas/24-008749-003/2024(H5N1)	1550	2799
HA|PP755589.1|A/cattle/Texas/24-008749-003/2024(H5N1)	1551	2814
HA|PP755589.1|A/cattle/Texas/24-008749-003/2024(H5N1)	1552	2813
HA|PP755589.1|A/cattle/Texas/24-008749-003/2024(H5N1)	1553	2776
HA|PP755589.1|A/cattle/Texas/24-008749-003/2024(H5N1)	1554	2774
HA|PP755589.1|A/cattle/Texas/24-008749-003/2024(H5N1)	1555	2756
HA|PP755589.1|A/cattle/Texas/24-008749-003/2024(H5N1)	1556	2739
HA|PP755589.1|A/cattle/Texas/24-008749-003/2024(H5N1)	1557	2721
HA|PP755589.1|A/cattle/Texas/24-008749-003/2024(H5N1)	1558	2665
HA|PP755589.1|A/cattle/Texas/24-008749-003/2024(H5N1)	1559	2668
HA|PP755589.1|A/cattle/Texas/24-008749-003/2024(H5N1)	1560	2658
HA|PP755589.1|A/cattle/Texas/24-008749-003/2024(H5N1)	1561	2662
HA|PP755589.1|A/cattle/Texas/24-008749-003/2024(H5N1)	1562	2643
HA|PP755589.1|A/cattle/Texas/24-008749-003/2024(H5N1)	1563	2641
HA|PP755589.1|A/cattle/Texas/24-008749-003/2024(H5N1)	1564	2630
HA|PP755589.1|A/cattle/Texas/24-008749-003/2024(H5N1)	1565	2600
HA|PP755589.1|A/cattle/Texas/24-008749-003/2024(H5N1)	1566	2605
HA|PP755589.1|A/cattle/Texas/24-008749-003/2024(H5N1)	1567	2591
HA|PP755589.1|A/cattle/Texas/24-008749-003/2024(H5N1)	1568	2568
HA|PP755589.1|A/cattle/Texas/24-008749-003/2024(H5N1)	1569	2555
HA|PP755589.1|A/cattle/Texas/24-008749-003/2024(H5N1)	1570	2532
HA|PP755589.1|A/cattle/Texas/24-008749-003/2024(H5N1)	1571	2521
HA|PP755589.1|A/cattle/Texas/24-008749-003/2024(H5N1)	1572	2514
HA|PP755589.1|A/cattle/Texas/24-008749-003/2024(H5N1)	1573	2484
HA|PP755589.1|A/cattle/Texas/24-008749-003/2024(H5N1)	1574	2498
HA|PP755589.1|A/cattle/Texas/24-008749-003/2024(H5N1)	1575	2474
HA|PP755589.1|A/cattle/Texas/24-008749-003/2024(H5N1)	1576	2481
HA|PP755589.1|A/cattle/Texas/24-008749-003/2024(H5N1)	1577	2477
HA|PP755589.1|A/cattle/Texas/24-008749-003/2024(H5N1)	1578	2462
HA|PP755589.1|A/cattle/Texas/24-008749-003/2024(H5N1)	1579	2464
HA|PP755589.1|A/cattle/Texas/24-008749-003/2024(H5N1)	1580	2469
HA|PP755589.1|A/cattle/Texas/24-008749-003/2024(H5N1)	1581	2465
HA|PP755589.1|A/cattle/Texas/24-008749-003/2024(H5N1)	1582	2471
HA|PP755589.1|A/cattle/Texas/24-008749-003/2024(H5N1)	1583	2415
HA|PP755589.1|A/cattle/Texas/24-008749-003/2024(H5N1)	1584	2410
HA|PP755589.1|A/cattle/Texas/24-008749-003/2024(H5N1)	1585	2399
HA|PP755589.1|A/cattle/Texas/24-008749-003/2024(H5N1)	1586	2426
HA|PP755589.1|A/cattle/Texas/24-008749-003/2024(H5N1)	1587	2423
HA|PP755589.1|A/cattle/Texas/24-008749-003/2024(H5N1)	1588	2418
HA|PP755589.1|A/cattle/Texas/24-008749-003/2024(H5N1)	1589	2347
HA|PP755589.1|A/cattle/Texas/24-008749-003/2024(H5N1)	1590	2362
HA|PP755589.1|A/cattle/Texas/24-008749-003/2024(H5N1)	1591	2369
HA|PP755589.1|A/cattle/Texas/24-008749-003/2024(H5N1)	1592	2369
HA|PP755589.1|A/cattle/Texas/24-008749-003/2024(H5N1)	1593	2341
HA|PP755589.1|A/cattle/Texas/24-008749-003/2024(H5N1)	1594	2336
HA|PP755589.1|A/cattle/Texas/24-008749-003/2024(H5N1)	1595	2271
HA|PP755589.1|A/cattle/Texas/24-008749-003/2024(H5N1)	1596	2277
HA|PP755589.1|A/cattle/Texas/24-008749-003/2024(H5N1)	1597	2277
HA|PP755589.1|A/cattle/Texas/24-008749-003/2024(H5N1)	1598	2279
HA|PP755589.1|A/cattle/Texas/24-008749-003/2024(H5N1)	1599	2270
HA|PP755589.1|A/cattle/Texas/24-008749-003/2024(H5N1)	1600	2266
HA|PP755589.1|A/cattle/Texas/24-008749-003/2024(H5N1)	1601	2267
HA|PP755589.1|A/cattle/Texas/24-008749-003/2024(H5N1)	1602	2280
HA|PP755589.1|A/cattle/Texas/24-008749-003/2024(H5N1)	1603	2235
HA|PP755589.1|A/cattle/Texas/24-008749-003/2024(H5N1)	1604	2235
HA|PP755589.1|A/cattle/Texas/24-008749-003/2024(H5N1)	1605	2224
HA|PP755589.1|A/cattle/Texas/24-008749-003/2024(H5N1)	1606	2198
HA|PP755589.1|A/cattle/Texas/24-008749-003/2024(H5N1)	1607	2194
HA|PP755589.1|A/cattle/Texas/24-008749-003/2024(H5N1)	1608	2183
HA|PP755589.1|A/cattle/Texas/24-008749-003/2024(H5N1)	1609	2186
HA|PP755589.1|A/cattle/Texas/24-008749-003/2024(H5N1)	1610	2184
HA|PP755589.1|A/cattle/Texas/24-008749-003/2024(H5N1)	1611	2104
HA|PP755589.1|A/cattle/Texas/24-008749-003/2024(H5N1)	1612	2105
HA|PP755589.1|A/cattle/Texas/24-008749-003/2024(H5N1)	1613	2092
HA|PP755589.1|A/cattle/Texas/24-008749-003/2024(H5N1)	1614	2094
HA|PP755589.1|A/cattle/Texas/24-008749-003/2024(H5N1)	1615	2093
HA|PP755589.1|A/cattle/Texas/24-008749-003/2024(H5N1)	1616	2085
HA|PP755589.1|A/cattle/Texas/24-008749-003/2024(H5N1)	1617	2088
HA|PP755589.1|A/cattle/Texas/24-008749-003/2024(H5N1)	1618	2088
HA|PP755589.1|A/cattle/Texas/24-008749-003/2024(H5N1)	1619	2096
HA|PP755589.1|A/cattle/Texas/24-008749-003/2024(H5N1)	1620	2089
HA|PP755589.1|A/cattle/Texas/24-008749-003/2024(H5N1)	1621	2075
HA|PP755589.1|A/cattle/Texas/24-008749-003/2024(H5N1)	1622	2101
HA|PP755589.1|A/cattle/Texas/24-008749-003/2024(H5N1)	1623	2099
HA|PP755589.1|A/cattle/Texas/24-008749-003/2024(H5N1)	1624	2096
HA|PP755589.1|A/cattle/Texas/24-008749-003/2024(H5N1)	1625	2095
HA|PP755589.1|A/cattle/Texas/24-008749-003/2024(H5N1)	1626	2092
HA|PP755589.1|A/cattle/Texas/24-008749-003/2024(H5N1)	1627	2097
HA|PP755589.1|A/cattle/Texas/24-008749-003/2024(H5N1)	1628	2062
HA|PP755589.1|A/cattle/Texas/24-008749-003/2024(H5N1)	1629	2025
HA|PP755589.1|A/cattle/Texas/24-008749-003/2024(H5N1)	1630	2030
HA|PP755589.1|A/cattle/Texas/24-008749-003/2024(H5N1)	1631	1956
HA|PP755589.1|A/cattle/Texas/24-008749-003/2024(H5N1)	1632	2001
HA|PP755589.1|A/cattle/Texas/24-008749-003/2024(H5N1)	1633	2000
HA|PP755589.1|A/cattle/Texas/24-008749-003/2024(H5N1)	1634	1999
HA|PP755589.1|A/cattle/Texas/24-008749-003/2024(H5N1)	1635	1998
HA|PP755589.1|A/cattle/Texas/24-008749-003/2024(H5N1)	1636	1970
HA|PP755589.1|A/cattle/Texas/24-008749-003/2024(H5N1)	1637	1954
HA|PP755589.1|A/cattle/Texas/24-008749-003/2024(H5N1)	1638	1957
HA|PP755589.1|A/cattle/Texas/24-008749-003/2024(H5N1)	1639	1957
HA|PP755589.1|A/cattle/Texas/24-008749-003/2024(H5N1)	1640	1945
HA|PP755589.1|A/cattle/Texas/24-008749-003/2024(H5N1)	1641	1924
HA|PP755589.1|A/cattle/Texas/24-008749-003/2024(H5N1)	1642	1900
HA|PP755589.1|A/cattle/Texas/24-008749-003/2024(H5N1)	1643	1895
HA|PP755589.1|A/cattle/Texas/24-008749-003/2024(H5N1)	1644	1895
HA|PP755589.1|A/cattle/Texas/24-008749-003/2024(H5N1)	1645	1886
HA|PP755589.1|A/cattle/Texas/24-008749-003/2024(H5N1)	1646	1881
HA|PP755589.1|A/cattle/Texas/24-008749-003/2024(H5N1)	1647	1829
HA|PP755589.1|A/cattle/Texas/24-008749-003/2024(H5N1)	1648	1841
HA|PP755589.1|A/cattle/Texas/24-008749-003/2024(H5N1)	1649	1851
HA|PP755589.1|A/cattle/Texas/24-008749-003/2024(H5N1)	1650	1836
HA|PP755589.1|A/cattle/Texas/24-008749-003/2024(H5N1)	1651	1835
HA|PP755589.1|A/cattle/Texas/24-008749-003/2024(H5N1)	1652	1817
HA|PP755589.1|A/cattle/Texas/24-008749-003/2024(H5N1)	1653	1843
HA|PP755589.1|A/cattle/Texas/24-008749-003/2024(H5N1)	1654	1828
HA|PP755589.1|A/cattle/Texas/24-008749-003/2024(H5N1)	1655	1832
HA|PP755589.1|A/cattle/Texas/24-008749-003/2024(H5N1)	1656	1821
HA|PP755589.1|A/cattle/Texas/24-008749-003/2024(H5N1)	1657	1782
HA|PP755589.1|A/cattle/Texas/24-008749-003/2024(H5N1)	1658	1736
HA|PP755589.1|A/cattle/Texas/24-008749-003/2024(H5N1)	1659	1739
HA|PP755589.1|A/cattle/Texas/24-008749-003/2024(H5N1)	1660	1740
HA|PP755589.1|A/cattle/Texas/24-008749-003/2024(H5N1)	1661	1717
HA|PP755589.1|A/cattle/Texas/24-008749-003/2024(H5N1)	1662	1656
HA|PP755589.1|A/cattle/Texas/24-008749-003/2024(H5N1)	1663	1616
HA|PP755589.1|A/cattle/Texas/24-008749-003/2024(H5N1)	1664	1534
HA|PP755589.1|A/cattle/Texas/24-008749-003/2024(H5N1)	1665	1534
HA|PP755589.1|A/cattle/Texas/24-008749-003/2024(H5N1)	1666	1487
HA|PP755589.1|A/cattle/Texas/24-008749-003/2024(H5N1)	1667	1483
HA|PP755589.1|A/cattle/Texas/24-008749-003/2024(H5N1)	1668	1483
HA|PP755589.1|A/cattle/Texas/24-008749-003/2024(H5N1)	1669	1479
HA|PP755589.1|A/cattle/Texas/24-008749-003/2024(H5N1)	1670	1477
HA|PP755589.1|A/cattle/Texas/24-008749-003/2024(H5N1)	1671	1439
HA|PP755589.1|A/cattle/Texas/24-008749-003/2024(H5N1)	1672	1436
HA|PP755589.1|A/cattle/Texas/24-008749-003/2024(H5N1)	1673	1435
HA|PP755589.1|A/cattle/Texas/24-008749-003/2024(H5N1)	1674	1412
HA|PP755589.1|A/cattle/Texas/24-008749-003/2024(H5N1)	1675	1401
HA|PP755589.1|A/cattle/Texas/24-008749-003/2024(H5N1)	1676	1360
HA|PP755589.1|A/cattle/Texas/24-008749-003/2024(H5N1)	1677	1347
HA|PP755589.1|A/cattle/Texas/24-008749-003/2024(H5N1)	1678	1342
HA|PP755589.1|A/cattle/Texas/24-008749-003/2024(H5N1)	1679	1294
HA|PP755589.1|A/cattle/Texas/24-008749-003/2024(H5N1)	1680	1288
HA|PP755589.1|A/cattle/Texas/24-008749-003/2024(H5N1)	1681	1285
HA|PP755589.1|A/cattle/Texas/24-008749-003/2024(H5N1)	1682	1282
HA|PP755589.1|A/cattle/Texas/24-008749-003/2024(H5N1)	1683	1282
HA|PP755589.1|A/cattle/Texas/24-008749-003/2024(H5N1)	1684	1275
HA|PP755589.1|A/cattle/Texas/24-008749-003/2024(H5N1)	1685	1106
HA|PP755589.1|A/cattle/Texas/24-008749-003/2024(H5N1)	1686	1101
HA|PP755589.1|A/cattle/Texas/24-008749-003/2024(H5N1)	1687	1066
HA|PP755589.1|A/cattle/Texas/24-008749-003/2024(H5N1)	1688	1065
HA|PP755589.1|A/cattle/Texas/24-008749-003/2024(H5N1)	1689	1061
HA|PP755589.1|A/cattle/Texas/24-008749-003/2024(H5N1)	1690	1004
HA|PP755589.1|A/cattle/Texas/24-008749-003/2024(H5N1)	1691	1003
HA|PP755589.1|A/cattle/Texas/24-008749-003/2024(H5N1)	1692	1003
HA|PP755589.1|A/cattle/Texas/24-008749-003/2024(H5N1)	1693	1002
HA|PP755589.1|A/cattle/Texas/24-008749-003/2024(H5N1)	1694	995
HA|PP755589.1|A/cattle/Texas/24-008749-003/2024(H5N1)	1695	920
HA|PP755589.1|A/cattle/Texas/24-008749-003/2024(H5N1)	1696	916
HA|PP755589.1|A/cattle/Texas/24-008749-003/2024(H5N1)	1697	910
HA|PP755589.1|A/cattle/Texas/24-008749-003/2024(H5N1)	1698	905
HA|PP755589.1|A/cattle/Texas/24-008749-003/2024(H5N1)	1699	901
HA|PP755589.1|A/cattle/Texas/24-008749-003/2024(H5N1)	1700	874
HA|PP755589.1|A/cattle/Texas/24-008749-003/2024(H5N1)	1701	867
HA|PP755589.1|A/cattle/Texas/24-008749-003/2024(H5N1)	1702	865
HA|PP755589.1|A/cattle/Texas/24-008749-003/2024(H5N1)	1703	863
HA|PP755589.1|A/cattle/Texas/24-008749-003/2024(H5N1)	1704	859
