HA|PP755589.1|A/cattle/Texas/24-008749-003/2024(H5N1)	1	132
HA|PP755589.1|A/cattle/Texas/24-008749-003/2024(H5N1)	2	133
HA|PP755589.1|A/cattle/Texas/24-008749-003/2024(H5N1)	3	138
HA|PP755589.1|A/cattle/Texas/24-008749-003/2024(H5N1)	4	138
HA|PP755589.1|A/cattle/Texas/24-008749-003/2024(H5N1)	5	138
HA|PP755589.1|A/cattle/Texas/24-008749-003/2024(H5N1)	6	138
HA|PP755589.1|A/cattle/Texas/24-008749-003/2024(H5N1)	7	138
HA|PP755589.1|A/cattle/Texas/24-008749-003/2024(H5N1)	8	158
HA|PP755589.1|A/cattle/Texas/24-008749-003/2024(H5N1)	9	158
HA|PP755589.1|A/cattle/Texas/24-008749-003/2024(H5N1)	10	158
HA|PP755589.1|A/cattle/Texas/24-008749-003/2024(H5N1)	11	167
HA|PP755589.1|A/cattle/Texas/24-008749-003/2024(H5N1)	12	167
HA|PP755589.1|A/cattle/Texas/24-008749-003/2024(H5N1)	13	194
HA|PP755589.1|A/cattle/Texas/24-008749-003/2024(H5N1)	14	195
HA|PP755589.1|A/cattle/Texas/24-008749-003/2024(H5N1)	15	195
HA|PP755589.1|A/cattle/Texas/24-008749-003/2024(H5N1)	16	196
HA|PP755589.1|A/cattle/Texas/24-008749-003/2024(H5N1)	17	196
HA|PP755589.1|A/cattle/Texas/24-008749-003/2024(H5N1)	18	199
HA|PP755589.1|A/cattle/Texas/24-008749-003/2024(H5N1)	19	199
HA|PP755589.1|A/cattle/Texas/24-008749-003/2024(H5N1)	20	199
HA|PP755589.1|A/cattle/Texas/24-008749-003/2024(H5N1)	21	201
HA|PP755589.1|A/cattle/Texas/24-008749-003/2024(H5N1)	22	199
HA|PP755589.1|A/cattle/Texas/24-008749-003/2024(H5N1)	23	206
HA|PP755589.1|A/cattle/Texas/24-008749-003/2024(H5N1)	24	206
HA|PP755589.1|A/cattle/Texas/24-008749-003/2024(H5N1)	25	206
HA|PP755589.1|A/cattle/Texas/24-008749-003/2024(H5N1)	26	206
HA|PP755589.1|A/cattle/Texas/24-008749-003/2024(H5N1)	27	206
HA|PP755589.1|A/cattle/Texas/24-008749-003/2024(H5N1)	28	210
HA|PP755589.1|A/cattle/Texas/24-008749-003/2024(H5N1)	29	220
HA|PP755589.1|A/cattle/Texas/24-008749-003/2024(H5N1)	30	227
HA|PP755589.1|A/cattle/Texas/24-008749-003/2024(H5N1)	31	227
HA|PP755589.1|A/cattle/Texas/24-008749-003/2024(H5N1)	32	227
HA|PP755589.1|A/cattle/Texas/24-008749-003/2024(H5N1)	33	227
HA|PP755589.1|A/cattle/Texas/24-008749-003/2024(H5N1)	34	227
HA|PP755589.1|A/cattle/Texas/24-008749-003/2024(H5N1)	35	227
HA|PP755589.1|A/cattle/Texas/24-008749-003/2024(H5N1)	36	241
HA|PP755589.1|A/cattle/Texas/24-008749-003/2024(H5N1)	37	241
HA|PP755589.1|A/cattle/Texas/24-008749-003/2024(H5N1)	38	243
HA|PP755589.1|A/cattle/Texas/24-008749-003/2024(H5N1)	39	264
HA|PP755589.1|A/cattle/Texas/24-008749-003/2024(H5N1)	40	269
HA|PP755589.1|A/cattle/Texas/24-008749-003/2024(H5N1)	41	269
HA|PP755589.1|A/cattle/Texas/24-008749-003/2024(H5N1)	42	269
HA|PP755589.1|A/cattle/Texas/24-008749-003/2024(H5N1)	43	269
HA|PP755589.1|A/cattle/Texas/24-008749-003/2024(H5N1)	44	268
HA|PP755589.1|A/cattle/Texas/24-008749-003/2024(H5N1)	45	268
HA|PP755589.1|A/cattle/Texas/24-008749-003/2024(H5N1)	46	268
HA|PP755589.1|A/cattle/Texas/24-008749-003/2024(H5N1)	47	268
HA|PP755589.1|A/cattle/Texas/24-008749-003/2024(H5N1)	48	264
HA|PP755589.1|A/cattle/Texas/24-008749-003/2024(H5N1)	49	268
HA|PP755589.1|A/cattle/Texas/24-008749-003/2024(H5N1)	50	268
HA|PP755589.1|A/cattle/Texas/24-008749-003/2024(H5N1)	51	268
HA|PP755589.1|A/cattle/Texas/24-008749-003/2024(H5N1)	52	268
HA|PP755589.1|A/cattle/Texas/24-008749-003/2024(H5N1)	53	268
HA|PP755589.1|A/cattle/Texas/24-008749-003/2024(H5N1)	54	278
HA|PP755589.1|A/cattle/Texas/24-008749-003/2024(H5N1)	55	280
HA|PP755589.1|A/cattle/Texas/24-008749-003/2024(H5N1)	56	283
HA|PP755589.1|A/cattle/Texas/24-008749-003/2024(H5N1)	57	284
HA|PP755589.1|A/cattle/Texas/24-008749-003/2024(H5N1)	58	284
HA|PP755589.1|A/cattle/Texas/24-008749-003/2024(H5N1)	59	292
HA|PP755589.1|A/cattle/Texas/24-008749-003/2024(H5N1)	60	293
HA|PP755589.1|A/cattle/Texas/24-008749-003/2024(H5N1)	61	293
HA|PP755589.1|A/cattle/Texas/24-008749-003/2024(H5N1)	62	294
HA|PP755589.1|A/cattle/Texas/24-008749-003/2024(H5N1)	63	292
HA|PP755589.1|A/cattle/Texas/24-008749-003/2024(H5N1)	64	297
HA|PP755589.1|A/cattle/Texas/24-008749-003/2024(H5N1)	65	298
HA|PP755589.1|A/cattle/Texas/24-008749-003/2024(H5N1)	66	297
HA|PP755589.1|A/cattle/Texas/24-008749-003/2024(H5N1)	67	297
HA|PP755589.1|A/cattle/Texas/24-008749-003/2024(H5N1)	68	297
HA|PP755589.1|A/cattle/Texas/24-008749-003/2024(H5N1)	69	302
HA|PP755589.1|A/cattle/Texas/24-008749-003/2024(H5N1)	70	304
HA|PP755589.1|A/cattle/Texas/24-008749-003/2024(H5N1)	71	306
HA|PP755589.1|A/cattle/Texas/24-008749-003/2024(H5N1)	72	306
HA|PP755589.1|A/cattle/Texas/24-008749-003/2024(H5N1)	73	305
HA|PP755589.1|A/cattle/Texas/24-008749-003/2024(H5N1)	74	313
HA|PP755589.1|A/cattle/Texas/24-008749-003/2024(H5N1)	75	313
HA|PP755589.1|A/cattle/Texas/24-008749-003/2024(H5N1)	76	317
HA|PP755589.1|A/cattle/Texas/24-008749-003/2024(H5N1)	77	338
HA|PP755589.1|A/cattle/Texas/24-008749-003/2024(H5N1)	78	345
HA|PP755589.1|A/cattle/Texas/24-008749-003/2024(H5N1)	79	345
HA|PP755589.1|A/cattle/Texas/24-008749-003/2024(H5N1)	80	345
HA|PP755589.1|A/cattle/Texas/24-008749-003/2024(H5N1)	81	345
HA|PP755589.1|A/cattle/Texas/24-008749-003/2024(H5N1)	82	345
HA|PP755589.1|A/cattle/Texas/24-008749-003/2024(H5N1)	83	346
HA|PP755589.1|A/cattle/Texas/24-008749-003/2024(H5N1)	84	346
HA|PP755589.1|A/cattle/Texas/24-008749-003/2024(H5N1)	85	346
HA|PP755589.1|A/cattle/Texas/24-008749-003/2024(H5N1)	86	347
HA|PP755589.1|A/cattle/Texas/24-008749-003/2024(H5N1)	87	343
HA|PP755589.1|A/cattle/Texas/24-008749-003/2024(H5N1)	88	350
HA|PP755589.1|A/cattle/Texas/24-008749-003/2024(H5N1)	89	359
HA|PP755589.1|A/cattle/Texas/24-008749-003/2024(H5N1)	90	361
HA|PP755589.1|A/cattle/Texas/24-008749-003/2024(H5N1)	91	363
HA|PP755589.1|A/cattle/Texas/24-008749-003/2024(H5N1)	92	361
HA|PP755589.1|A/cattle/Texas/24-008749-003/2024(H5N1)	93	362
HA|PP755589.1|A/cattle/Texas/24-008749-003/2024(H5N1)	94	363
HA|PP755589.1|A/cattle/Texas/24-008749-003/2024(H5N1)	95	363
HA|PP755589.1|A/cattle/Texas/24-008749-003/2024(H5N1)	96	370
HA|PP755589.1|A/cattle/Texas/24-008749-003/2024(H5N1)	97	371
HA|PP755589.1|A/cattle/Texas/24-008749-003/2024(H5N1)	98	373
HA|PP755589.1|A/cattle/Texas/24-008749-003/2024(H5N1)	99	375
HA|PP755589.1|A/cattle/Texas/24-008749-003/2024(H5N1)	100	373
HA|PP755589.1|A/cattle/Texas/24-008749-003/2024(H5N1)	101	379
HA|PP755589.1|A/cattle/Texas/24-008749-003/2024(H5N1)	102	379
HA|PP755589.1|A/cattle/Texas/24-008749-003/2024(H5N1)	103	382
HA|PP755589.1|A/cattle/Texas/24-008749-003/2024(H5N1)	104	382
HA|PP755589.1|A/cattle/Texas/24-008749-003/2024(H5N1)	105	380
HA|PP755589.1|A/cattle/Texas/24-008749-003/2024(H5N1)	106	381
HA|PP755589.1|A/cattle/Texas/24-008749-003/2024(H5N1)	107	383
HA|PP755589.1|A/cattle/Texas/24-008749-003/2024(H5N1)	108	387
HA|PP755589.1|A/cattle/Texas/24-008749-003/2024(H5N1)	109	387
HA|PP755589.1|A/cattle/Texas/24-008749-003/2024(H5N1)	110	389
HA|PP755589.1|A/cattle/Texas/24-008749-003/2024(H5N1)	111	391
HA|PP755589.1|A/cattle/Texas/24-008749-003/2024(H5N1)	112	393
HA|PP755589.1|A/cattle/Texas/24-008749-003/2024(H5N1)	113	394
HA|PP755589.1|A/cattle/Texas/24-008749-003/2024(H5N1)	114	394
HA|PP755589.1|A/cattle/Texas/24-008749-003/2024(H5N1)	115	396
HA|PP755589.1|A/cattle/Texas/24-008749-003/2024(H5N1)	116	399
HA|PP755589.1|A/cattle/Texas/24-008749-003/2024(H5N1)	117	399
HA|PP755589.1|A/cattle/Texas/24-008749-003/2024(H5N1)	118	399
HA|PP755589.1|A/cattle/Texas/24-008749-003/2024(H5N1)	119	400
HA|PP755589.1|A/cattle/Texas/24-008749-003/2024(H5N1)	120	407
HA|PP755589.1|A/cattle/Texas/24-008749-003/2024(H5N1)	121	411
HA|PP755589.1|A/cattle/Texas/24-008749-003/2024(H5N1)	122	423
HA|PP755589.1|A/cattle/Texas/24-008749-003/2024(H5N1)	123	422
HA|PP755589.1|A/cattle/Texas/24-008749-003/2024(H5N1)	124	428
HA|PP755589.1|A/cattle/Texas/24-008749-003/2024(H5N1)	125	428
HA|PP755589.1|A/cattle/Texas/24-008749-003/2024(H5N1)	126	432
HA|PP755589.1|A/cattle/Texas/24-008749-003/2024(H5N1)	127	436
HA|PP755589.1|A/cattle/Texas/24-008749-003/2024(H5N1)	128	438
HA|PP755589.1|A/cattle/Texas/24-008749-003/2024(H5N1)	129	438
HA|PP755589.1|A/cattle/Texas/24-008749-003/2024(H5N1)	130	438
HA|PP755589.1|A/cattle/Texas/24-008749-003/2024(H5N1)	131	436
HA|PP755589.1|A/cattle/Texas/24-008749-003/2024(H5N1)	132	457
HA|PP755589.1|A/cattle/Texas/24-008749-003/2024(H5N1)	133	472
HA|PP755589.1|A/cattle/Texas/24-008749-003/2024(H5N1)	134	476
HA|PP755589.1|A/cattle/Texas/24-008749-003/2024(H5N1)	135	475
HA|PP755589.1|A/cattle/Texas/24-008749-003/2024(H5N1)	136	475
HA|PP755589.1|A/cattle/Texas/24-008749-003/2024(H5N1)	137	477
HA|PP755589.1|A/cattle/Texas/24-008749-003/2024(H5N1)	138	479
HA|PP755589.1|A/cattle/Texas/24-008749-003/2024(H5N1)	139	482
HA|PP755589.1|A/cattle/Texas/24-008749-003/2024(H5N1)	140	482
HA|PP755589.1|A/cattle/Texas/24-008749-003/2024(H5N1)	141	482
HA|PP755589.1|A/cattle/Texas/24-008749-003/2024(H5N1)	142	472
HA|PP755589.1|A/cattle/Texas/24-008749-003/2024(H5N1)	143	474
HA|PP755589.1|A/cattle/Texas/24-008749-003/2024(H5N1)	144	475
HA|PP755589.1|A/cattle/Texas/24-008749-003/2024(H5N1)	145	477
HA|PP755589.1|A/cattle/Texas/24-008749-003/2024(H5N1)	146	480
HA|PP755589.1|A/cattle/Texas/24-008749-003/2024(H5N1)	147	484
HA|PP755589.1|A/cattle/Texas/24-008749-003/2024(H5N1)	148	485
HA|PP755589.1|A/cattle/Texas/24-008749-003/2024(H5N1)	149	473
HA|PP755589.1|A/cattle/Texas/24-008749-003/2024(H5N1)	150	486
HA|PP755589.1|A/cattle/Texas/24-008749-003/2024(H5N1)	151	490
HA|PP755589.1|A/cattle/Texas/24-008749-003/2024(H5N1)	152	490
HA|PP755589.1|A/cattle/Texas/24-008749-003/2024(H5N1)	153	490
HA|PP755589.1|A/cattle/Texas/24-008749-003/2024(H5N1)	154	493
HA|PP755589.1|A/cattle/Texas/24-008749-003/2024(H5N1)	155	497
HA|PP755589.1|A/cattle/Texas/24-008749-003/2024(H5N1)	156	497
HA|PP755589.1|A/cattle/Texas/24-008749-003/2024(H5N1)	157	506
HA|PP755589.1|A/cattle/Texas/24-008749-003/2024(H5N1)	158	507
HA|PP755589.1|A/cattle/Texas/24-008749-003/2024(H5N1)	159	510
HA|PP755589.1|A/cattle/Texas/24-008749-003/2024(H5N1)	160	510
HA|PP755589.1|A/cattle/Texas/24-008749-003/2024(H5N1)	161	519
HA|PP755589.1|A/cattle/Texas/24-008749-003/2024(H5N1)	162	522
HA|PP755589.1|A/cattle/Texas/24-008749-003/2024(H5N1)	163	523
HA|PP755589.1|A/cattle/Texas/24-008749-003/2024(H5N1)	164	523
HA|PP755589.1|A/cattle/Texas/24-008749-003/2024(H5N1)	165	522
HA|PP755589.1|A/cattle/Texas/24-008749-003/2024(H5N1)	166	525
HA|PP755589.1|A/cattle/Texas/24-008749-003/2024(H5N1)	167	525
HA|PP755589.1|A/cattle/Texas/24-008749-003/2024(H5N1)	168	525
HA|PP755589.1|A/cattle/Texas/24-008749-003/2024(H5N1)	169	525
HA|PP755589.1|A/cattle/Texas/24-008749-003/2024(H5N1)	170	520
HA|PP755589.1|A/cattle/Texas/24-008749-003/2024(H5N1)	171	517
HA|PP755589.1|A/cattle/Texas/24-008749-003/2024(H5N1)	172	517
HA|PP755589.1|A/cattle/Texas/24-008749-003/2024(H5N1)	173	517
HA|PP755589.1|A/cattle/Texas/24-008749-003/2024(H5N1)	174	517
HA|PP755589.1|A/cattle/Texas/24-008749-003/2024(H5N1)	175	525
HA|PP755589.1|A/cattle/Texas/24-008749-003/2024(H5N1)	176	528
HA|PP755589.1|A/cattle/Texas/24-008749-003/2024(H5N1)	177	528
HA|PP755589.1|A/cattle/Texas/24-008749-003/2024(H5N1)	178	587
HA|PP755589.1|A/cattle/Texas/24-008749-003/2024(H5N1)	179	589
HA|PP755589.1|A/cattle/Texas/24-008749-003/2024(H5N1)	180	598
HA|PP755589.1|A/cattle/Texas/24-008749-003/2024(H5N1)	181	598
HA|PP755589.1|A/cattle/Texas/24-008749-003/2024(H5N1)	182	599
HA|PP755589.1|A/cattle/Texas/24-008749-003/2024(H5N1)	183	600
HA|PP755589.1|A/cattle/Texas/24-008749-003/2024(H5N1)	184	598
HA|PP755589.1|A/cattle/Texas/24-008749-003/2024(H5N1)	185	600
HA|PP755589.1|A/cattle/Texas/24-008749-003/2024(H5N1)	186	602
HA|PP755589.1|A/cattle/Texas/24-008749-003/2024(H5N1)	187	605
HA|PP755589.1|A/cattle/Texas/24-008749-003/2024(H5N1)	188	604
HA|PP755589.1|A/cattle/Texas/24-008749-003/2024(H5N1)	189	601
HA|PP755589.1|A/cattle/Texas/24-008749-003/2024(H5N1)	190	608
HA|PP755589.1|A/cattle/Texas/24-008749-003/2024(H5N1)	191	607
HA|PP755589.1|A/cattle/Texas/24-008749-003/2024(H5N1)	192	607
HA|PP755589.1|A/cattle/Texas/24-008749-003/2024(H5N1)	193	610
HA|PP755589.1|A/cattle/Texas/24-008749-003/2024(H5N1)	194	613
HA|PP755589.1|A/cattle/Texas/24-008749-003/2024(H5N1)	195	611
HA|PP755589.1|A/cattle/Texas/24-008749-003/2024(H5N1)	196	614
HA|PP755589.1|A/cattle/Texas/24-008749-003/2024(H5N1)	197	614
HA|PP755589.1|A/cattle/Texas/24-008749-003/2024(H5N1)	198	619
HA|PP755589.1|A/cattle/Texas/24-008749-003/2024(H5N1)	199	626
HA|PP755589.1|A/cattle/Texas/24-008749-003/2024(H5N1)	200	638
HA|PP755589.1|A/cattle/Texas/24-008749-003/2024(H5N1)	201	636
HA|PP755589.1|A/cattle/Texas/24-008749-003/2024(H5N1)	202	637
HA|PP755589.1|A/cattle/Texas/24-008749-003/2024(H5N1)	203	637
HA|PP755589.1|A/cattle/Texas/24-008749-003/2024(H5N1)	204	640
HA|PP755589.1|A/cattle/Texas/24-008749-003/2024(H5N1)	205	642
HA|PP755589.1|A/cattle/Texas/24-008749-003/2024(H5N1)	206	642
HA|PP755589.1|A/cattle/Texas/24-008749-003/2024(H5N1)	207	653
HA|PP755589.1|A/cattle/Texas/24-008749-003/2024(H5N1)	208	660
HA|PP755589.1|A/cattle/Texas/24-008749-003/2024(H5N1)	209	658
HA|PP755589.1|A/cattle/Texas/24-008749-003/2024(H5N1)	210	658
HA|PP755589.1|A/cattle/Texas/24-008749-003/2024(H5N1)	211	654
HA|PP755589.1|A/cattle/Texas/24-008749-003/2024(H5N1)	212	664
HA|PP755589.1|A/cattle/Texas/24-008749-003/2024(H5N1)	213	665
HA|PP755589.1|A/cattle/Texas/24-008749-003/2024(H5N1)	214	681
HA|PP755589.1|A/cattle/Texas/24-008749-003/2024(H5N1)	215	686
HA|PP755589.1|A/cattle/Texas/24-008749-003/2024(H5N1)	216	680
HA|PP755589.1|A/cattle/Texas/24-008749-003/2024(H5N1)	217	678
HA|PP755589.1|A/cattle/Texas/24-008749-003/2024(H5N1)	218	679
HA|PP755589.1|A/cattle/Texas/24-008749-003/2024(H5N1)	219	677
HA|PP755589.1|A/cattle/Texas/24-008749-003/2024(H5N1)	220	676
HA|PP755589.1|A/cattle/Texas/24-008749-003/2024(H5N1)	221	651
HA|PP755589.1|A/cattle/Texas/24-008749-003/2024(H5N1)	222	649
HA|PP755589.1|A/cattle/Texas/24-008749-003/2024(H5N1)	223	652
HA|PP755589.1|A/cattle/Texas/24-008749-003/2024(H5N1)	224	651
HA|PP755589.1|A/cattle/Texas/24-008749-003/2024(H5N1)	225	640
HA|PP755589.1|A/cattle/Texas/24-008749-003/2024(H5N1)	226	637
HA|PP755589.1|A/cattle/Texas/24-008749-003/2024(H5N1)	227	635
HA|PP755589.1|A/cattle/Texas/24-008749-003/2024(H5N1)	228	639
HA|PP755589.1|A/cattle/Texas/24-008749-003/2024(H5N1)	229	639
HA|PP755589.1|A/cattle/Texas/24-008749-003/2024(H5N1)	230	638
HA|PP755589.1|A/cattle/Texas/24-008749-003/2024(H5N1)	231	637
HA|PP755589.1|A/cattle/Texas/24-008749-003/2024(H5N1)	232	636
HA|PP755589.1|A/cattle/Texas/24-008749-003/2024(H5N1)	233	638
HA|PP755589.1|A/cattle/Texas/24-008749-003/2024(H5N1)	234	637
HA|PP755589.1|A/cattle/Texas/24-008749-003/2024(H5N1)	235	637
HA|PP755589.1|A/cattle/Texas/24-008749-003/2024(H5N1)	236	631
HA|PP755589.1|A/cattle/Texas/24-008749-003/2024(H5N1)	237	628
HA|PP755589.1|A/cattle/Texas/24-008749-003/2024(H5N1)	238	632
HA|PP755589.1|A/cattle/Texas/24-008749-003/2024(H5N1)	239	634
HA|PP755589.1|A/cattle/Texas/24-008749-003/2024(H5N1)	240	640
HA|PP755589.1|A/cattle/Texas/24-008749-003/2024(H5N1)	241	633
HA|PP755589.1|A/cattle/Texas/24-008749-003/2024(H5N1)	242	634
HA|PP755589.1|A/cattle/Texas/24-008749-003/2024(H5N1)	243	634
HA|PP755589.1|A/cattle/Texas/24-008749-003/2024(H5N1)	244	633
HA|PP755589.1|A/cattle/Texas/24-008749-003/2024(H5N1)	245	635
HA|PP755589.1|A/cattle/Texas/24-008749-003/2024(H5N1)	246	633
HA|PP755589.1|A/cattle/Texas/24-008749-003/2024(H5N1)	247	635
HA|PP755589.1|A/cattle/Texas/24-008749-003/2024(H5N1)	248	635
HA|PP755589.1|A/cattle/Texas/24-008749-003/2024(H5N1)	249	632
HA|PP755589.1|A/cattle/Texas/24-008749-003/2024(H5N1)	250	631
HA|PP755589.1|A/cattle/Texas/24-008749-003/2024(H5N1)	251	634
HA|PP755589.1|A/cattle/Texas/24-008749-003/2024(H5N1)	252	631
HA|PP755589.1|A/cattle/Texas/24-008749-003/2024(H5N1)	253	636
HA|PP755589.1|A/cattle/Texas/24-008749-003/2024(H5N1)	254	635
HA|PP755589.1|A/cattle/Texas/24-008749-003/2024(H5N1)	255	637
HA|PP755589.1|A/cattle/Texas/24-008749-003/2024(H5N1)	256	637
HA|PP755589.1|A/cattle/Texas/24-008749-003/2024(H5N1)	257	638
HA|PP755589.1|A/cattle/Texas/24-008749-003/2024(H5N1)	258	632
HA|PP755589.1|A/cattle/Texas/24-008749-003/2024(H5N1)	259	632
HA|PP755589.1|A/cattle/Texas/24-008749-003/2024(H5N1)	260	631
HA|PP755589.1|A/cattle/Texas/24-008749-003/2024(H5N1)	261	627
HA|PP755589.1|A/cattle/Texas/24-008749-003/2024(H5N1)	262	624
HA|PP755589.1|A/cattle/Texas/24-008749-003/2024(H5N1)	263	626
HA|PP755589.1|A/cattle/Texas/24-008749-003/2024(H5N1)	264	607
HA|PP755589.1|A/cattle/Texas/24-008749-003/2024(H5N1)	265	613
HA|PP755589.1|A/cattle/Texas/24-008749-003/2024(H5N1)	266	615
HA|PP755589.1|A/cattle/Texas/24-008749-003/2024(H5N1)	267	615
HA|PP755589.1|A/cattle/Texas/24-008749-003/2024(H5N1)	268	616
HA|PP755589.1|A/cattle/Texas/24-008749-003/2024(H5N1)	269	619
HA|PP755589.1|A/cattle/Texas/24-008749-003/2024(H5N1)	270	621
HA|PP755589.1|A/cattle/Texas/24-008749-003/2024(H5N1)	271	631
HA|PP755589.1|A/cattle/Texas/24-008749-003/2024(H5N1)	272	631
HA|PP755589.1|A/cattle/Texas/24-008749-003/2024(H5N1)	273	632
HA|PP755589.1|A/cattle/Texas/24-008749-003/2024(H5N1)	274	624
HA|PP755589.1|A/cattle/Texas/24-008749-003/2024(H5N1)	275	627
HA|PP755589.1|A/cattle/Texas/24-008749-003/2024(H5N1)	276	663
HA|PP755589.1|A/cattle/Texas/24-008749-003/2024(H5N1)	277	668
HA|PP755589.1|A/cattle/Texas/24-008749-003/2024(H5N1)	278	671
HA|PP755589.1|A/cattle/Texas/24-008749-003/2024(H5N1)	279	671
HA|PP755589.1|A/cattle/Texas/24-008749-003/2024(H5N1)	280	672
HA|PP755589.1|A/cattle/Texas/24-008749-003/2024(H5N1)	281	701
HA|PP755589.1|A/cattle/Texas/24-008749-003/2024(H5N1)	282	714
HA|PP755589.1|A/cattle/Texas/24-008749-003/2024(H5N1)	283	724
HA|PP755589.1|A/cattle/Texas/24-008749-003/2024(H5N1)	284	726
HA|PP755589.1|A/cattle/Texas/24-008749-003/2024(H5N1)	285	701
HA|PP755589.1|A/cattle/Texas/24-008749-003/2024(H5N1)	286	702
HA|PP755589.1|A/cattle/Texas/24-008749-003/2024(H5N1)	287	702
HA|PP755589.1|A/cattle/Texas/24-008749-003/2024(H5N1)	288	703
HA|PP755589.1|A/cattle/Texas/24-008749-003/2024(H5N1)	289	707
HA|PP755589.1|A/cattle/Texas/24-008749-003/2024(H5N1)	290	688
HA|PP755589.1|A/cattle/Texas/24-008749-003/2024(H5N1)	291	691
HA|PP755589.1|A/cattle/Texas/24-008749-003/2024(H5N1)	292	692
HA|PP755589.1|A/cattle/Texas/24-008749-003/2024(H5N1)	293	694
HA|PP755589.1|A/cattle/Texas/24-008749-003/2024(H5N1)	294	716
HA|PP755589.1|A/cattle/Texas/24-008749-003/2024(H5N1)	295	719
HA|PP755589.1|A/cattle/Texas/24-008749-003/2024(H5N1)	296	721
HA|PP755589.1|A/cattle/Texas/24-008749-003/2024(H5N1)	297	722
HA|PP755589.1|A/cattle/Texas/24-008749-003/2024(H5N1)	298	750
HA|PP755589.1|A/cattle/Texas/24-008749-003/2024(H5N1)	299	751
HA|PP755589.1|A/cattle/Texas/24-008749-003/2024(H5N1)	300	749
HA|PP755589.1|A/cattle/Texas/24-008749-003/2024(H5N1)	301	749
HA|PP755589.1|A/cattle/Texas/24-008749-003/2024(H5N1)	302	751
HA|PP755589.1|A/cattle/Texas/24-008749-003/2024(H5N1)	303	745
HA|PP755589.1|A/cattle/Texas/24-008749-003/2024(H5N1)	304	757
HA|PP755589.1|A/cattle/Texas/24-008749-003/2024(H5N1)	305	751
HA|PP755589.1|A/cattle/Texas/24-008749-003/2024(H5N1)	306	752
HA|PP755589.1|A/cattle/Texas/24-008749-003/2024(H5N1)	307	754
HA|PP755589.1|A/cattle/Texas/24-008749-003/2024(H5N1)	308	751
HA|PP755589.1|A/cattle/Texas/24-008749-003/2024(H5N1)	309	752
HA|PP755589.1|A/cattle/Texas/24-008749-003/2024(H5N1)	310	752
HA|PP755589.1|A/cattle/Texas/24-008749-003/2024(H5N1)	311	752
HA|PP755589.1|A/cattle/Texas/24-008749-003/2024(H5N1)	312	757
HA|PP755589.1|A/cattle/Texas/24-008749-003/2024(H5N1)	313	752
HA|PP755589.1|A/cattle/Texas/24-008749-003/2024(H5N1)	314	750
HA|PP755589.1|A/cattle/Texas/24-008749-003/2024(H5N1)	315	771
HA|PP755589.1|A/cattle/Texas/24-008749-003/2024(H5N1)	316	771
HA|PP755589.1|A/cattle/Texas/24-008749-003/2024(H5N1)	317	780
HA|PP755589.1|A/cattle/Texas/24-008749-003/2024(H5N1)	318	781
HA|PP755589.1|A/cattle/Texas/24-008749-003/2024(H5N1)	319	787
HA|PP755589.1|A/cattle/Texas/24-008749-003/2024(H5N1)	320	792
HA|PP755589.1|A/cattle/Texas/24-008749-003/2024(H5N1)	321	807
HA|PP755589.1|A/cattle/Texas/24-008749-003/2024(H5N1)	322	807
HA|PP755589.1|A/cattle/Texas/24-008749-003/2024(H5N1)	323	802
HA|PP755589.1|A/cattle/Texas/24-008749-003/2024(H5N1)	324	791
HA|PP755589.1|A/cattle/Texas/24-008749-003/2024(H5N1)	325	790
HA|PP755589.1|A/cattle/Texas/24-008749-003/2024(H5N1)	326	792
HA|PP755589.1|A/cattle/Texas/24-008749-003/2024(H5N1)	327	793
HA|PP755589.1|A/cattle/Texas/24-008749-003/2024(H5N1)	328	775
HA|PP755589.1|A/cattle/Texas/24-008749-003/2024(H5N1)	329	780
HA|PP755589.1|A/cattle/Texas/24-008749-003/2024(H5N1)	330	793
HA|PP755589.1|A/cattle/Texas/24-008749-003/2024(H5N1)	331	811
HA|PP755589.1|A/cattle/Texas/24-008749-003/2024(H5N1)	332	821
HA|PP755589.1|A/cattle/Texas/24-008749-003/2024(H5N1)	333	822
HA|PP755589.1|A/cattle/Texas/24-008749-003/2024(H5N1)	334	822
HA|PP755589.1|A/cattle/Texas/24-008749-003/2024(H5N1)	335	822
HA|PP755589.1|A/cattle/Texas/24-008749-003/2024(H5N1)	336	825
HA|PP755589.1|A/cattle/Texas/24-008749-003/2024(H5N1)	337	830
HA|PP755589.1|A/cattle/Texas/24-008749-003/2024(H5N1)	338	830
HA|PP755589.1|A/cattle/Texas/24-008749-003/2024(H5N1)	339	824
HA|PP755589.1|A/cattle/Texas/24-008749-003/2024(H5N1)	340	818
HA|PP755589.1|A/cattle/Texas/24-008749-003/2024(H5N1)	341	823
HA|PP755589.1|A/cattle/Texas/24-008749-003/2024(H5N1)	342	821
HA|PP755589.1|A/cattle/Texas/24-008749-003/2024(H5N1)	343	823
HA|PP755589.1|A/cattle/Texas/24-008749-003/2024(H5N1)	344	826
HA|PP755589.1|A/cattle/Texas/24-008749-003/2024(H5N1)	345	825
HA|PP755589.1|A/cattle/Texas/24-008749-003/2024(H5N1)	346	834
HA|PP755589.1|A/cattle/Texas/24-008749-003/2024(H5N1)	347	835
HA|PP755589.1|A/cattle/Texas/24-008749-003/2024(H5N1)	348	834
HA|PP755589.1|A/cattle/Texas/24-008749-003/2024(H5N1)	349	830
HA|PP755589.1|A/cattle/Texas/24-008749-003/2024(H5N1)	350	830
HA|PP755589.1|A/cattle/Texas/24-008749-003/2024(H5N1)	351	836
HA|PP755589.1|A/cattle/Texas/24-008749-003/2024(H5N1)	352	839
HA|PP755589.1|A/cattle/Texas/24-008749-003/2024(H5N1)	353	844
HA|PP755589.1|A/cattle/Texas/24-008749-003/2024(H5N1)	354	849
HA|PP755589.1|A/cattle/Texas/24-008749-003/2024(H5N1)	355	847
HA|PP755589.1|A/cattle/Texas/24-008749-003/2024(H5N1)	356	848
HA|PP755589.1|A/cattle/Texas/24-008749-003/2024(H5N1)	357	845
HA|PP755589.1|A/cattle/Texas/24-008749-003/2024(H5N1)	358	845
HA|PP755589.1|A/cattle/Texas/24-008749-003/2024(H5N1)	359	841
HA|PP755589.1|A/cattle/Texas/24-008749-003/2024(H5N1)	360	842
HA|PP755589.1|A/cattle/Texas/24-008749-003/2024(H5N1)	361	849
HA|PP755589.1|A/cattle/Texas/24-008749-003/2024(H5N1)	362	847
HA|PP755589.1|A/cattle/Texas/24-008749-003/2024(H5N1)	363	849
HA|PP755589.1|A/cattle/Texas/24-008749-003/2024(H5N1)	364	847
HA|PP755589.1|A/cattle/Texas/24-008749-003/2024(H5N1)	365	847
HA|PP755589.1|A/cattle/Texas/24-008749-003/2024(H5N1)	366	846
HA|PP755589.1|A/cattle/Texas/24-008749-003/2024(H5N1)	367	840
HA|PP755589.1|A/cattle/Texas/24-008749-003/2024(H5N1)	368	853
HA|PP755589.1|A/cattle/Texas/24-008749-003/2024(H5N1)	369	855
HA|PP755589.1|A/cattle/Texas/24-008749-003/2024(H5N1)	370	854
HA|PP755589.1|A/cattle/Texas/24-008749-003/2024(H5N1)	371	855
HA|PP755589.1|A/cattle/Texas/24-008749-003/2024(H5N1)	372	852
HA|PP755589.1|A/cattle/Texas/24-008749-003/2024(H5N1)	373	844
HA|PP755589.1|A/cattle/Texas/24-008749-003/2024(H5N1)	374	846
HA|PP755589.1|A/cattle/Texas/24-008749-003/2024(H5N1)	375	844
HA|PP755589.1|A/cattle/Texas/24-008749-003/2024(H5N1)	376	845
HA|PP755589.1|A/cattle/Texas/24-008749-003/2024(H5N1)	377	838
HA|PP755589.1|A/cattle/Texas/24-008749-003/2024(H5N1)	378	839
HA|PP755589.1|A/cattle/Texas/24-008749-003/2024(H5N1)	379	844
HA|PP755589.1|A/cattle/Texas/24-008749-003/2024(H5N1)	380	844
HA|PP755589.1|A/cattle/Texas/24-008749-003/2024(H5N1)	381	845
HA|PP755589.1|A/cattle/Texas/24-008749-003/2024(H5N1)	382	849
HA|PP755589.1|A/cattle/Texas/24-008749-003/2024(H5N1)	383	836
HA|PP755589.1|A/cattle/Texas/24-008749-003/2024(H5N1)	384	825
HA|PP755589.1|A/cattle/Texas/24-008749-003/2024(H5N1)	385	823
HA|PP755589.1|A/cattle/Texas/24-008749-003/2024(H5N1)	386	824
HA|PP755589.1|A/cattle/Texas/24-008749-003/2024(H5N1)	387	829
HA|PP755589.1|A/cattle/Texas/24-008749-003/2024(H5N1)	388	835
HA|PP755589.1|A/cattle/Texas/24-008749-003/2024(H5N1)	389	839
HA|PP755589.1|A/cattle/Texas/24-008749-003/2024(H5N1)	390	836
HA|PP755589.1|A/cattle/Texas/24-008749-003/2024(H5N1)	391	836
HA|PP755589.1|A/cattle/Texas/24-008749-003/2024(H5N1)	392	835
HA|PP755589.1|A/cattle/Texas/24-008749-003/2024(H5N1)	393	838
HA|PP755589.1|A/cattle/Texas/24-008749-003/2024(H5N1)	394	841
HA|PP755589.1|A/cattle/Texas/24-008749-003/2024(H5N1)	395	839
HA|PP755589.1|A/cattle/Texas/24-008749-003/2024(H5N1)	396	840
HA|PP755589.1|A/cattle/Texas/24-008749-003/2024(H5N1)	397	835
HA|PP755589.1|A/cattle/Texas/24-008749-003/2024(H5N1)	398	839
HA|PP755589.1|A/cattle/Texas/24-008749-003/2024(H5N1)	399	856
HA|PP755589.1|A/cattle/Texas/24-008749-003/2024(H5N1)	400	856
HA|PP755589.1|A/cattle/Texas/24-008749-003/2024(H5N1)	401	854
HA|PP755589.1|A/cattle/Texas/24-008749-003/2024(H5N1)	402	860
HA|PP755589.1|A/cattle/Texas/24-008749-003/2024(H5N1)	403	860
HA|PP755589.1|A/cattle/Texas/24-008749-003/2024(H5N1)	404	860
HA|PP755589.1|A/cattle/Texas/24-008749-003/2024(H5N1)	405	859
HA|PP755589.1|A/cattle/Texas/24-008749-003/2024(H5N1)	406	851
HA|PP755589.1|A/cattle/Texas/24-008749-003/2024(H5N1)	407	853
HA|PP755589.1|A/cattle/Texas/24-008749-003/2024(H5N1)	408	842
HA|PP755589.1|A/cattle/Texas/24-008749-003/2024(H5N1)	409	842
HA|PP755589.1|A/cattle/Texas/24-008749-003/2024(H5N1)	410	842
HA|PP755589.1|A/cattle/Texas/24-008749-003/2024(H5N1)	411	829
HA|PP755589.1|A/cattle/Texas/24-008749-003/2024(H5N1)	412	833
HA|PP755589.1|A/cattle/Texas/24-008749-003/2024(H5N1)	413	836
HA|PP755589.1|A/cattle/Texas/24-008749-003/2024(H5N1)	414	835
HA|PP755589.1|A/cattle/Texas/24-008749-003/2024(H5N1)	415	835
HA|PP755589.1|A/cattle/Texas/24-008749-003/2024(H5N1)	416	835
HA|PP755589.1|A/cattle/Texas/24-008749-003/2024(H5N1)	417	837
HA|PP755589.1|A/cattle/Texas/24-008749-003/2024(H5N1)	418	838
HA|PP755589.1|A/cattle/Texas/24-008749-003/2024(H5N1)	419	835
HA|PP755589.1|A/cattle/Texas/24-008749-003/2024(H5N1)	420	837
HA|PP755589.1|A/cattle/Texas/24-008749-003/2024(H5N1)	421	836
HA|PP755589.1|A/cattle/Texas/24-008749-003/2024(H5N1)	422	840
HA|PP755589.1|A/cattle/Texas/24-008749-003/2024(H5N1)	423	841
HA|PP755589.1|A/cattle/Texas/24-008749-003/2024(H5N1)	424	799
HA|PP755589.1|A/cattle/Texas/24-008749-003/2024(H5N1)	425	806
HA|PP755589.1|A/cattle/Texas/24-008749-003/2024(H5N1)	426	800
HA|PP755589.1|A/cattle/Texas/24-008749-003/2024(H5N1)	427	799
HA|PP755589.1|A/cattle/Texas/24-008749-003/2024(H5N1)	428	798
HA|PP755589.1|A/cattle/Texas/24-008749-003/2024(H5N1)	429	795
HA|PP755589.1|A/cattle/Texas/24-008749-003/2024(H5N1)	430	794
HA|PP755589.1|A/cattle/Texas/24-008749-003/2024(H5N1)	431	809
HA|PP755589.1|A/cattle/Texas/24-008749-003/2024(H5N1)	432	813
HA|PP755589.1|A/cattle/Texas/24-008749-003/2024(H5N1)	433	817
HA|PP755589.1|A/cattle/Texas/24-008749-003/2024(H5N1)	434	814
HA|PP755589.1|A/cattle/Texas/24-008749-003/2024(H5N1)	435	817
HA|PP755589.1|A/cattle/Texas/24-008749-003/2024(H5N1)	436	817
HA|PP755589.1|A/cattle/Texas/24-008749-003/2024(H5N1)	437	815
HA|PP755589.1|A/cattle/Texas/24-008749-003/2024(H5N1)	438	816
HA|PP755589.1|A/cattle/Texas/24-008749-003/2024(H5N1)	439	815
HA|PP755589.1|A/cattle/Texas/24-008749-003/2024(H5N1)	440	802
HA|PP755589.1|A/cattle/Texas/24-008749-003/2024(H5N1)	441	804
HA|PP755589.1|A/cattle/Texas/24-008749-003/2024(H5N1)	442	798
HA|PP755589.1|A/cattle/Texas/24-008749-003/2024(H5N1)	443	799
HA|PP755589.1|A/cattle/Texas/24-008749-003/2024(H5N1)	444	799
HA|PP755589.1|A/cattle/Texas/24-008749-003/2024(H5N1)	445	799
HA|PP755589.1|A/cattle/Texas/24-008749-003/2024(H5N1)	446	800
HA|PP755589.1|A/cattle/Texas/24-008749-003/2024(H5N1)	447	792
HA|PP755589.1|A/cattle/Texas/24-008749-003/2024(H5N1)	448	794
HA|PP755589.1|A/cattle/Texas/24-008749-003/2024(H5N1)	449	792
HA|PP755589.1|A/cattle/Texas/24-008749-003/2024(H5N1)	450	789
HA|PP755589.1|A/cattle/Texas/24-008749-003/2024(H5N1)	451	794
HA|PP755589.1|A/cattle/Texas/24-008749-003/2024(H5N1)	452	803
HA|PP755589.1|A/cattle/Texas/24-008749-003/2024(H5N1)	453	802
HA|PP755589.1|A/cattle/Texas/24-008749-003/2024(H5N1)	454	805
HA|PP755589.1|A/cattle/Texas/24-008749-003/2024(H5N1)	455	803
HA|PP755589.1|A/cattle/Texas/24-008749-003/2024(H5N1)	456	830
HA|PP755589.1|A/cattle/Texas/24-008749-003/2024(H5N1)	457	834
HA|PP755589.1|A/cattle/Texas/24-008749-003/2024(H5N1)	458	822
HA|PP755589.1|A/cattle/Texas/24-008749-003/2024(H5N1)	459	820
HA|PP755589.1|A/cattle/Texas/24-008749-003/2024(H5N1)	460	805
HA|PP755589.1|A/cattle/Texas/24-008749-003/2024(H5N1)	461	801
HA|PP755589.1|A/cattle/Texas/24-008749-003/2024(H5N1)	462	801
HA|PP755589.1|A/cattle/Texas/24-008749-003/2024(H5N1)	463	791
HA|PP755589.1|A/cattle/Texas/24-008749-003/2024(H5N1)	464	792
HA|PP755589.1|A/cattle/Texas/24-008749-003/2024(H5N1)	465	787
HA|PP755589.1|A/cattle/Texas/24-008749-003/2024(H5N1)	466	784
HA|PP755589.1|A/cattle/Texas/24-008749-003/2024(H5N1)	467	783
HA|PP755589.1|A/cattle/Texas/24-008749-003/2024(H5N1)	468	780
HA|PP755589.1|A/cattle/Texas/24-008749-003/2024(H5N1)	469	782
HA|PP755589.1|A/cattle/Texas/24-008749-003/2024(H5N1)	470	782
HA|PP755589.1|A/cattle/Texas/24-008749-003/2024(H5N1)	471	784
HA|PP755589.1|A/cattle/Texas/24-008749-003/2024(H5N1)	472	793
HA|PP755589.1|A/cattle/Texas/24-008749-003/2024(H5N1)	473	799
HA|PP755589.1|A/cattle/Texas/24-008749-003/2024(H5N1)	474	803
HA|PP755589.1|A/cattle/Texas/24-008749-003/2024(H5N1)	475	804
HA|PP755589.1|A/cattle/Texas/24-008749-003/2024(H5N1)	476	807
HA|PP755589.1|A/cattle/Texas/24-008749-003/2024(H5N1)	477	812
HA|PP755589.1|A/cattle/Texas/24-008749-003/2024(H5N1)	478	808
HA|PP755589.1|A/cattle/Texas/24-008749-003/2024(H5N1)	479	807
HA|PP755589.1|A/cattle/Texas/24-008749-003/2024(H5N1)	480	809
HA|PP755589.1|A/cattle/Texas/24-008749-003/2024(H5N1)	481	808
HA|PP755589.1|A/cattle/Texas/24-008749-003/2024(H5N1)	482	815
HA|PP755589.1|A/cattle/Texas/24-008749-003/2024(H5N1)	483	814
HA|PP755589.1|A/cattle/Texas/24-008749-003/2024(H5N1)	484	822
HA|PP755589.1|A/cattle/Texas/24-008749-003/2024(H5N1)	485	827
HA|PP755589.1|A/cattle/Texas/24-008749-003/2024(H5N1)	486	827
HA|PP755589.1|A/cattle/Texas/24-008749-003/2024(H5N1)	487	835
HA|PP755589.1|A/cattle/Texas/24-008749-003/2024(H5N1)	488	833
HA|PP755589.1|A/cattle/Texas/24-008749-003/2024(H5N1)	489	826
HA|PP755589.1|A/cattle/Texas/24-008749-003/2024(H5N1)	490	827
HA|PP755589.1|A/cattle/Texas/24-008749-003/2024(H5N1)	491	842
HA|PP755589.1|A/cattle/Texas/24-008749-003/2024(H5N1)	492	843
HA|PP755589.1|A/cattle/Texas/24-008749-003/2024(H5N1)	493	842
HA|PP755589.1|A/cattle/Texas/24-008749-003/2024(H5N1)	494	846
HA|PP755589.1|A/cattle/Texas/24-008749-003/2024(H5N1)	495	845
HA|PP755589.1|A/cattle/Texas/24-008749-003/2024(H5N1)	496	843
HA|PP755589.1|A/cattle/Texas/24-008749-003/2024(H5N1)	497	841
HA|PP755589.1|A/cattle/Texas/24-008749-003/2024(H5N1)	498	841
HA|PP755589.1|A/cattle/Texas/24-008749-003/2024(H5N1)	499	845
HA|PP755589.1|A/cattle/Texas/24-008749-003/2024(H5N1)	500	845
HA|PP755589.1|A/cattle/Texas/24-008749-003/2024(H5N1)	501	851
HA|PP755589.1|A/cattle/Texas/24-008749-003/2024(H5N1)	502	859
HA|PP755589.1|A/cattle/Texas/24-008749-003/2024(H5N1)	503	852
HA|PP755589.1|A/cattle/Texas/24-008749-003/2024(H5N1)	504	848
HA|PP755589.1|A/cattle/Texas/24-008749-003/2024(H5N1)	505	847
HA|PP755589.1|A/cattle/Texas/24-008749-003/2024(H5N1)	506	846
HA|PP755589.1|A/cattle/Texas/24-008749-003/2024(H5N1)	507	851
HA|PP755589.1|A/cattle/Texas/24-008749-003/2024(H5N1)	508	853
HA|PP755589.1|A/cattle/Texas/24-008749-003/2024(H5N1)	509	850
HA|PP755589.1|A/cattle/Texas/24-008749-003/2024(H5N1)	510	851
HA|PP755589.1|A/cattle/Texas/24-008749-003/2024(H5N1)	511	851
HA|PP755589.1|A/cattle/Texas/24-008749-003/2024(H5N1)	512	881
HA|PP755589.1|A/cattle/Texas/24-008749-003/2024(H5N1)	513	886
HA|PP755589.1|A/cattle/Texas/24-008749-003/2024(H5N1)	514	885
HA|PP755589.1|A/cattle/Texas/24-008749-003/2024(H5N1)	515	885
HA|PP755589.1|A/cattle/Texas/24-008749-003/2024(H5N1)	516	893
HA|PP755589.1|A/cattle/Texas/24-008749-003/2024(H5N1)	517	893
HA|PP755589.1|A/cattle/Texas/24-008749-003/2024(H5N1)	518	894
HA|PP755589.1|A/cattle/Texas/24-008749-003/2024(H5N1)	519	908
HA|PP755589.1|A/cattle/Texas/24-008749-003/2024(H5N1)	520	903
HA|PP755589.1|A/cattle/Texas/24-008749-003/2024(H5N1)	521	887
HA|PP755589.1|A/cattle/Texas/24-008749-003/2024(H5N1)	522	885
HA|PP755589.1|A/cattle/Texas/24-008749-003/2024(H5N1)	523	892
HA|PP755589.1|A/cattle/Texas/24-008749-003/2024(H5N1)	524	946
HA|PP755589.1|A/cattle/Texas/24-008749-003/2024(H5N1)	525	944
HA|PP755589.1|A/cattle/Texas/24-008749-003/2024(H5N1)	526	944
HA|PP755589.1|A/cattle/Texas/24-008749-003/2024(H5N1)	527	923
HA|PP755589.1|A/cattle/Texas/24-008749-003/2024(H5N1)	528	915
HA|PP755589.1|A/cattle/Texas/24-008749-003/2024(H5N1)	529	911
HA|PP755589.1|A/cattle/Texas/24-008749-003/2024(H5N1)	530	910
HA|PP755589.1|A/cattle/Texas/24-008749-003/2024(H5N1)	531	910
HA|PP755589.1|A/cattle/Texas/24-008749-003/2024(H5N1)	532	882
HA|PP755589.1|A/cattle/Texas/24-008749-003/2024(H5N1)	533	866
HA|PP755589.1|A/cattle/Texas/24-008749-003/2024(H5N1)	534	867
HA|PP755589.1|A/cattle/Texas/24-008749-003/2024(H5N1)	535	885
HA|PP755589.1|A/cattle/Texas/24-008749-003/2024(H5N1)	536	903
HA|PP755589.1|A/cattle/Texas/24-008749-003/2024(H5N1)	537	910
HA|PP755589.1|A/cattle/Texas/24-008749-003/2024(H5N1)	538	909
HA|PP755589.1|A/cattle/Texas/24-008749-003/2024(H5N1)	539	908
HA|PP755589.1|A/cattle/Texas/24-008749-003/2024(H5N1)	540	944
HA|PP755589.1|A/cattle/Texas/24-008749-003/2024(H5N1)	541	945
HA|PP755589.1|A/cattle/Texas/24-008749-003/2024(H5N1)	542	943
HA|PP755589.1|A/cattle/Texas/24-008749-003/2024(H5N1)	543	945
HA|PP755589.1|A/cattle/Texas/24-008749-003/2024(H5N1)	544	931
HA|PP755589.1|A/cattle/Texas/24-008749-003/2024(H5N1)	545	920
HA|PP755589.1|A/cattle/Texas/24-008749-003/2024(H5N1)	546	923
HA|PP755589.1|A/cattle/Texas/24-008749-003/2024(H5N1)	547	923
HA|PP755589.1|A/cattle/Texas/24-008749-003/2024(H5N1)	548	922
HA|PP755589.1|A/cattle/Texas/24-008749-003/2024(H5N1)	549	890
HA|PP755589.1|A/cattle/Texas/24-008749-003/2024(H5N1)	550	889
HA|PP755589.1|A/cattle/Texas/24-008749-003/2024(H5N1)	551	914
HA|PP755589.1|A/cattle/Texas/24-008749-003/2024(H5N1)	552	923
HA|PP755589.1|A/cattle/Texas/24-008749-003/2024(H5N1)	553	922
HA|PP755589.1|A/cattle/Texas/24-008749-003/2024(H5N1)	554	923
HA|PP755589.1|A/cattle/Texas/24-008749-003/2024(H5N1)	555	920
HA|PP755589.1|A/cattle/Texas/24-008749-003/2024(H5N1)	556	920
HA|PP755589.1|A/cattle/Texas/24-008749-003/2024(H5N1)	557	933
HA|PP755589.1|A/cattle/Texas/24-008749-003/2024(H5N1)	558	931
HA|PP755589.1|A/cattle/Texas/24-008749-003/2024(H5N1)	559	936
HA|PP755589.1|A/cattle/Texas/24-008749-003/2024(H5N1)	560	935
HA|PP755589.1|A/cattle/Texas/24-008749-003/2024(H5N1)	561	940
HA|PP755589.1|A/cattle/Texas/24-008749-003/2024(H5N1)	562	959
HA|PP755589.1|A/cattle/Texas/24-008749-003/2024(H5N1)	563	979
HA|PP755589.1|A/cattle/Texas/24-008749-003/2024(H5N1)	564	981
HA|PP755589.1|A/cattle/Texas/24-008749-003/2024(H5N1)	565	986
HA|PP755589.1|A/cattle/Texas/24-008749-003/2024(H5N1)	566	987
HA|PP755589.1|A/cattle/Texas/24-008749-003/2024(H5N1)	567	990
HA|PP755589.1|A/cattle/Texas/24-008749-003/2024(H5N1)	568	991
HA|PP755589.1|A/cattle/Texas/24-008749-003/2024(H5N1)	569	991
HA|PP755589.1|A/cattle/Texas/24-008749-003/2024(H5N1)	570	987
HA|PP755589.1|A/cattle/Texas/24-008749-003/2024(H5N1)	571	984
HA|PP755589.1|A/cattle/Texas/24-008749-003/2024(H5N1)	572	959
HA|PP755589.1|A/cattle/Texas/24-008749-003/2024(H5N1)	573	975
HA|PP755589.1|A/cattle/Texas/24-008749-003/2024(H5N1)	574	966
HA|PP755589.1|A/cattle/Texas/24-008749-003/2024(H5N1)	575	941
HA|PP755589.1|A/cattle/Texas/24-008749-003/2024(H5N1)	576	978
HA|PP755589.1|A/cattle/Texas/24-008749-003/2024(H5N1)	577	976
HA|PP755589.1|A/cattle/Texas/24-008749-003/2024(H5N1)	578	983
HA|PP755589.1|A/cattle/Texas/24-008749-003/2024(H5N1)	579	981
HA|PP755589.1|A/cattle/Texas/24-008749-003/2024(H5N1)	580	977
HA|PP755589.1|A/cattle/Texas/24-008749-003/2024(H5N1)	581	973
HA|PP755589.1|A/cattle/Texas/24-008749-003/2024(H5N1)	582	955
HA|PP755589.1|A/cattle/Texas/24-008749-003/2024(H5N1)	583	953
HA|PP755589.1|A/cattle/Texas/24-008749-003/2024(H5N1)	584	954
HA|PP755589.1|A/cattle/Texas/24-008749-003/2024(H5N1)	585	962
HA|PP755589.1|A/cattle/Texas/24-008749-003/2024(H5N1)	586	967
HA|PP755589.1|A/cattle/Texas/24-008749-003/2024(H5N1)	587	963
HA|PP755589.1|A/cattle/Texas/24-008749-003/2024(H5N1)	588	971
HA|PP755589.1|A/cattle/Texas/24-008749-003/2024(H5N1)	589	974
HA|PP755589.1|A/cattle/Texas/24-008749-003/2024(H5N1)	590	975
HA|PP755589.1|A/cattle/Texas/24-008749-003/2024(H5N1)	591	984
HA|PP755589.1|A/cattle/Texas/24-008749-003/2024(H5N1)	592	981
HA|PP755589.1|A/cattle/Texas/24-008749-003/2024(H5N1)	593	981
HA|PP755589.1|A/cattle/Texas/24-008749-003/2024(H5N1)	594	989
HA|PP755589.1|A/cattle/Texas/24-008749-003/2024(H5N1)	595	983
HA|PP755589.1|A/cattle/Texas/24-008749-003/2024(H5N1)	596	1005
HA|PP755589.1|A/cattle/Texas/24-008749-003/2024(H5N1)	597	991
HA|PP755589.1|A/cattle/Texas/24-008749-003/2024(H5N1)	598	993
HA|PP755589.1|A/cattle/Texas/24-008749-003/2024(H5N1)	599	990
HA|PP755589.1|A/cattle/Texas/24-008749-003/2024(H5N1)	600	985
HA|PP755589.1|A/cattle/Texas/24-008749-003/2024(H5N1)	601	990
HA|PP755589.1|A/cattle/Texas/24-008749-003/2024(H5N1)	602	994
HA|PP755589.1|A/cattle/Texas/24-008749-003/2024(H5N1)	603	1002
HA|PP755589.1|A/cattle/Texas/24-008749-003/2024(H5N1)	604	1002
HA|PP755589.1|A/cattle/Texas/24-008749-003/2024(H5N1)	605	999
HA|PP755589.1|A/cattle/Texas/24-008749-003/2024(H5N1)	606	1000
HA|PP755589.1|A/cattle/Texas/24-008749-003/2024(H5N1)	607	1001
HA|PP755589.1|A/cattle/Texas/24-008749-003/2024(H5N1)	608	1004
HA|PP755589.1|A/cattle/Texas/24-008749-003/2024(H5N1)	609	1006
HA|PP755589.1|A/cattle/Texas/24-008749-003/2024(H5N1)	610	1017
HA|PP755589.1|A/cattle/Texas/24-008749-003/2024(H5N1)	611	1020
HA|PP755589.1|A/cattle/Texas/24-008749-003/2024(H5N1)	612	1009
HA|PP755589.1|A/cattle/Texas/24-008749-003/2024(H5N1)	613	1016
HA|PP755589.1|A/cattle/Texas/24-008749-003/2024(H5N1)	614	1024
HA|PP755589.1|A/cattle/Texas/24-008749-003/2024(H5N1)	615	1036
HA|PP755589.1|A/cattle/Texas/24-008749-003/2024(H5N1)	616	1041
HA|PP755589.1|A/cattle/Texas/24-008749-003/2024(H5N1)	617	1041
HA|PP755589.1|A/cattle/Texas/24-008749-003/2024(H5N1)	618	1042
HA|PP755589.1|A/cattle/Texas/24-008749-003/2024(H5N1)	619	1042
HA|PP755589.1|A/cattle/Texas/24-008749-003/2024(H5N1)	620	1048
HA|PP755589.1|A/cattle/Texas/24-008749-003/2024(H5N1)	621	1049
HA|PP755589.1|A/cattle/Texas/24-008749-003/2024(H5N1)	622	1046
HA|PP755589.1|A/cattle/Texas/24-008749-003/2024(H5N1)	623	1045
HA|PP755589.1|A/cattle/Texas/24-008749-003/2024(H5N1)	624	1044
HA|PP755589.1|A/cattle/Texas/24-008749-003/2024(H5N1)	625	1057
HA|PP755589.1|A/cattle/Texas/24-008749-003/2024(H5N1)	626	1060
HA|PP755589.1|A/cattle/Texas/24-008749-003/2024(H5N1)	627	1059
HA|PP755589.1|A/cattle/Texas/24-008749-003/2024(H5N1)	628	1055
HA|PP755589.1|A/cattle/Texas/24-008749-003/2024(H5N1)	629	1053
HA|PP755589.1|A/cattle/Texas/24-008749-003/2024(H5N1)	630	1048
HA|PP755589.1|A/cattle/Texas/24-008749-003/2024(H5N1)	631	1057
HA|PP755589.1|A/cattle/Texas/24-008749-003/2024(H5N1)	632	1063
HA|PP755589.1|A/cattle/Texas/24-008749-003/2024(H5N1)	633	1063
HA|PP755589.1|A/cattle/Texas/24-008749-003/2024(H5N1)	634	1063
HA|PP755589.1|A/cattle/Texas/24-008749-003/2024(H5N1)	635	1077
HA|PP755589.1|A/cattle/Texas/24-008749-003/2024(H5N1)	636	1074
HA|PP755589.1|A/cattle/Texas/24-008749-003/2024(H5N1)	637	1071
HA|PP755589.1|A/cattle/Texas/24-008749-003/2024(H5N1)	638	1085
HA|PP755589.1|A/cattle/Texas/24-008749-003/2024(H5N1)	639	1087
HA|PP755589.1|A/cattle/Texas/24-008749-003/2024(H5N1)	640	1082
HA|PP755589.1|A/cattle/Texas/24-008749-003/2024(H5N1)	641	1084
HA|PP755589.1|A/cattle/Texas/24-008749-003/2024(H5N1)	642	1083
HA|PP755589.1|A/cattle/Texas/24-008749-003/2024(H5N1)	643	1077
HA|PP755589.1|A/cattle/Texas/24-008749-003/2024(H5N1)	644	1078
HA|PP755589.1|A/cattle/Texas/24-008749-003/2024(H5N1)	645	1070
HA|PP755589.1|A/cattle/Texas/24-008749-003/2024(H5N1)	646	1071
HA|PP755589.1|A/cattle/Texas/24-008749-003/2024(H5N1)	647	1074
HA|PP755589.1|A/cattle/Texas/24-008749-003/2024(H5N1)	648	1073
HA|PP755589.1|A/cattle/Texas/24-008749-003/2024(H5N1)	649	1066
HA|PP755589.1|A/cattle/Texas/24-008749-003/2024(H5N1)	650	1058
HA|PP755589.1|A/cattle/Texas/24-008749-003/2024(H5N1)	651	1057
HA|PP755589.1|A/cattle/Texas/24-008749-003/2024(H5N1)	652	1057
HA|PP755589.1|A/cattle/Texas/24-008749-003/2024(H5N1)	653	1060
HA|PP755589.1|A/cattle/Texas/24-008749-003/2024(H5N1)	654	1066
HA|PP755589.1|A/cattle/Texas/24-008749-003/2024(H5N1)	655	1066
HA|PP755589.1|A/cattle/Texas/24-008749-003/2024(H5N1)	656	1065
HA|PP755589.1|A/cattle/Texas/24-008749-003/2024(H5N1)	657	1066
HA|PP755589.1|A/cattle/Texas/24-008749-003/2024(H5N1)	658	1074
HA|PP755589.1|A/cattle/Texas/24-008749-003/2024(H5N1)	659	1079
HA|PP755589.1|A/cattle/Texas/24-008749-003/2024(H5N1)	660	1077
HA|PP755589.1|A/cattle/Texas/24-008749-003/2024(H5N1)	661	1083
HA|PP755589.1|A/cattle/Texas/24-008749-003/2024(H5N1)	662	1084
HA|PP755589.1|A/cattle/Texas/24-008749-003/2024(H5N1)	663	1088
HA|PP755589.1|A/cattle/Texas/24-008749-003/2024(H5N1)	664	1092
HA|PP755589.1|A/cattle/Texas/24-008749-003/2024(H5N1)	665	1092
HA|PP755589.1|A/cattle/Texas/24-008749-003/2024(H5N1)	666	1103
HA|PP755589.1|A/cattle/Texas/24-008749-003/2024(H5N1)	667	1103
HA|PP755589.1|A/cattle/Texas/24-008749-003/2024(H5N1)	668	1086
HA|PP755589.1|A/cattle/Texas/24-008749-003/2024(H5N1)	669	1089
HA|PP755589.1|A/cattle/Texas/24-008749-003/2024(H5N1)	670	1089
HA|PP755589.1|A/cattle/Texas/24-008749-003/2024(H5N1)	671	1094
HA|PP755589.1|A/cattle/Texas/24-008749-003/2024(H5N1)	672	1096
HA|PP755589.1|A/cattle/Texas/24-008749-003/2024(H5N1)	673	1086
HA|PP755589.1|A/cattle/Texas/24-008749-003/2024(H5N1)	674	1085
HA|PP755589.1|A/cattle/Texas/24-008749-003/2024(H5N1)	675	1084
HA|PP755589.1|A/cattle/Texas/24-008749-003/2024(H5N1)	676	1078
HA|PP755589.1|A/cattle/Texas/24-008749-003/2024(H5N1)	677	1080
HA|PP755589.1|A/cattle/Texas/24-008749-003/2024(H5N1)	678	1080
HA|PP755589.1|A/cattle/Texas/24-008749-003/2024(H5N1)	679	1094
HA|PP755589.1|A/cattle/Texas/24-008749-003/2024(H5N1)	680	1091
HA|PP755589.1|A/cattle/Texas/24-008749-003/2024(H5N1)	681	1098
HA|PP755589.1|A/cattle/Texas/24-008749-003/2024(H5N1)	682	1091
HA|PP755589.1|A/cattle/Texas/24-008749-003/2024(H5N1)	683	1090
HA|PP755589.1|A/cattle/Texas/24-008749-003/2024(H5N1)	684	1110
HA|PP755589.1|A/cattle/Texas/24-008749-003/2024(H5N1)	685	1114
HA|PP755589.1|A/cattle/Texas/24-008749-003/2024(H5N1)	686	1114
HA|PP755589.1|A/cattle/Texas/24-008749-003/2024(H5N1)	687	1116
HA|PP755589.1|A/cattle/Texas/24-008749-003/2024(H5N1)	688	1116
HA|PP755589.1|A/cattle/Texas/24-008749-003/2024(H5N1)	689	1127
HA|PP755589.1|A/cattle/Texas/24-008749-003/2024(H5N1)	690	1123
HA|PP755589.1|A/cattle/Texas/24-008749-003/2024(H5N1)	691	1137
HA|PP755589.1|A/cattle/Texas/24-008749-003/2024(H5N1)	692	1145
HA|PP755589.1|A/cattle/Texas/24-008749-003/2024(H5N1)	693	1145
HA|PP755589.1|A/cattle/Texas/24-008749-003/2024(H5N1)	694	1142
HA|PP755589.1|A/cattle/Texas/24-008749-003/2024(H5N1)	695	1141
HA|PP755589.1|A/cattle/Texas/24-008749-003/2024(H5N1)	696	1155
HA|PP755589.1|A/cattle/Texas/24-008749-003/2024(H5N1)	697	1156
HA|PP755589.1|A/cattle/Texas/24-008749-003/2024(H5N1)	698	1149
HA|PP755589.1|A/cattle/Texas/24-008749-003/2024(H5N1)	699	1173
HA|PP755589.1|A/cattle/Texas/24-008749-003/2024(H5N1)	700	1172
HA|PP755589.1|A/cattle/Texas/24-008749-003/2024(H5N1)	701	1184
HA|PP755589.1|A/cattle/Texas/24-008749-003/2024(H5N1)	702	1181
HA|PP755589.1|A/cattle/Texas/24-008749-003/2024(H5N1)	703	1182
HA|PP755589.1|A/cattle/Texas/24-008749-003/2024(H5N1)	704	1182
HA|PP755589.1|A/cattle/Texas/24-008749-003/2024(H5N1)	705	1178
HA|PP755589.1|A/cattle/Texas/24-008749-003/2024(H5N1)	706	1185
HA|PP755589.1|A/cattle/Texas/24-008749-003/2024(H5N1)	707	1166
HA|PP755589.1|A/cattle/Texas/24-008749-003/2024(H5N1)	708	1161
HA|PP755589.1|A/cattle/Texas/24-008749-003/2024(H5N1)	709	1158
HA|PP755589.1|A/cattle/Texas/24-008749-003/2024(H5N1)	710	1157
HA|PP755589.1|A/cattle/Texas/24-008749-003/2024(H5N1)	711	1161
HA|PP755589.1|A/cattle/Texas/24-008749-003/2024(H5N1)	712	1177
HA|PP755589.1|A/cattle/Texas/24-008749-003/2024(H5N1)	713	1174
HA|PP755589.1|A/cattle/Texas/24-008749-003/2024(H5N1)	714	1194
HA|PP755589.1|A/cattle/Texas/24-008749-003/2024(H5N1)	715	1194
HA|PP755589.1|A/cattle/Texas/24-008749-003/2024(H5N1)	716	1200
HA|PP755589.1|A/cattle/Texas/24-008749-003/2024(H5N1)	717	1202
HA|PP755589.1|A/cattle/Texas/24-008749-003/2024(H5N1)	718	1200
HA|PP755589.1|A/cattle/Texas/24-008749-003/2024(H5N1)	719	1196
HA|PP755589.1|A/cattle/Texas/24-008749-003/2024(H5N1)	720	1194
HA|PP755589.1|A/cattle/Texas/24-008749-003/2024(H5N1)	721	1196
HA|PP755589.1|A/cattle/Texas/24-008749-003/2024(H5N1)	722	1198
HA|PP755589.1|A/cattle/Texas/24-008749-003/2024(H5N1)	723	1187
HA|PP755589.1|A/cattle/Texas/24-008749-003/2024(H5N1)	724	1181
HA|PP755589.1|A/cattle/Texas/24-008749-003/2024(H5N1)	725	1182
HA|PP755589.1|A/cattle/Texas/24-008749-003/2024(H5N1)	726	1180
HA|PP755589.1|A/cattle/Texas/24-008749-003/2024(H5N1)	727	1186
HA|PP755589.1|A/cattle/Texas/24-008749-003/2024(H5N1)	728	1185
HA|PP755589.1|A/cattle/Texas/24-008749-003/2024(H5N1)	729	1189
HA|PP755589.1|A/cattle/Texas/24-008749-003/2024(H5N1)	730	1186
HA|PP755589.1|A/cattle/Texas/24-008749-003/2024(H5N1)	731	1184
HA|PP755589.1|A/cattle/Texas/24-008749-003/2024(H5N1)	732	1218
HA|PP755589.1|A/cattle/Texas/24-008749-003/2024(H5N1)	733	1218
HA|PP755589.1|A/cattle/Texas/24-008749-003/2024(H5N1)	734	1223
HA|PP755589.1|A/cattle/Texas/24-008749-003/2024(H5N1)	735	1225
HA|PP755589.1|A/cattle/Texas/24-008749-003/2024(H5N1)	736	1222
HA|PP755589.1|A/cattle/Texas/24-008749-003/2024(H5N1)	737	1224
HA|PP755589.1|A/cattle/Texas/24-008749-003/2024(H5N1)	738	1224
HA|PP755589.1|A/cattle/Texas/24-008749-003/2024(H5N1)	739	1227
HA|PP755589.1|A/cattle/Texas/24-008749-003/2024(H5N1)	740	1226
HA|PP755589.1|A/cattle/Texas/24-008749-003/2024(H5N1)	741	1188
HA|PP755589.1|A/cattle/Texas/24-008749-003/2024(H5N1)	742	1207
HA|PP755589.1|A/cattle/Texas/24-008749-003/2024(H5N1)	743	1219
HA|PP755589.1|A/cattle/Texas/24-008749-003/2024(H5N1)	744	1227
HA|PP755589.1|A/cattle/Texas/24-008749-003/2024(H5N1)	745	1228
HA|PP755589.1|A/cattle/Texas/24-008749-003/2024(H5N1)	746	1226
HA|PP755589.1|A/cattle/Texas/24-008749-003/2024(H5N1)	747	1228
HA|PP755589.1|A/cattle/Texas/24-008749-003/2024(H5N1)	748	1230
HA|PP755589.1|A/cattle/Texas/24-008749-003/2024(H5N1)	749	1231
HA|PP755589.1|A/cattle/Texas/24-008749-003/2024(H5N1)	750	1227
HA|PP755589.1|A/cattle/Texas/24-008749-003/2024(H5N1)	751	1225
HA|PP755589.1|A/cattle/Texas/24-008749-003/2024(H5N1)	752	1212
HA|PP755589.1|A/cattle/Texas/24-008749-003/2024(H5N1)	753	1194
HA|PP755589.1|A/cattle/Texas/24-008749-003/2024(H5N1)	754	1197
HA|PP755589.1|A/cattle/Texas/24-008749-003/2024(H5N1)	755	1212
HA|PP755589.1|A/cattle/Texas/24-008749-003/2024(H5N1)	756	1212
HA|PP755589.1|A/cattle/Texas/24-008749-003/2024(H5N1)	757	1207
HA|PP755589.1|A/cattle/Texas/24-008749-003/2024(H5N1)	758	1224
HA|PP755589.1|A/cattle/Texas/24-008749-003/2024(H5N1)	759	1227
HA|PP755589.1|A/cattle/Texas/24-008749-003/2024(H5N1)	760	1225
HA|PP755589.1|A/cattle/Texas/24-008749-003/2024(H5N1)	761	1223
HA|PP755589.1|A/cattle/Texas/24-008749-003/2024(H5N1)	762	1220
HA|PP755589.1|A/cattle/Texas/24-008749-003/2024(H5N1)	763	1207
HA|PP755589.1|A/cattle/Texas/24-008749-003/2024(H5N1)	764	1204
HA|PP755589.1|A/cattle/Texas/24-008749-003/2024(H5N1)	765	1210
HA|PP755589.1|A/cattle/Texas/24-008749-003/2024(H5N1)	766	1201
HA|PP755589.1|A/cattle/Texas/24-008749-003/2024(H5N1)	767	1188
HA|PP755589.1|A/cattle/Texas/24-008749-003/2024(H5N1)	768	1198
HA|PP755589.1|A/cattle/Texas/24-008749-003/2024(H5N1)	769	1201
HA|PP755589.1|A/cattle/Texas/24-008749-003/2024(H5N1)	770	1196
HA|PP755589.1|A/cattle/Texas/24-008749-003/2024(H5N1)	771	1193
HA|PP755589.1|A/cattle/Texas/24-008749-003/2024(H5N1)	772	1189
HA|PP755589.1|A/cattle/Texas/24-008749-003/2024(H5N1)	773	1187
HA|PP755589.1|A/cattle/Texas/24-008749-003/2024(H5N1)	774	1187
HA|PP755589.1|A/cattle/Texas/24-008749-003/2024(H5N1)	775	1145
HA|PP755589.1|A/cattle/Texas/24-008749-003/2024(H5N1)	776	1149
HA|PP755589.1|A/cattle/Texas/24-008749-003/2024(H5N1)	777	1143
HA|PP755589.1|A/cattle/Texas/24-008749-003/2024(H5N1)	778	1143
HA|PP755589.1|A/cattle/Texas/24-008749-003/2024(H5N1)	779	1142
HA|PP755589.1|A/cattle/Texas/24-008749-003/2024(H5N1)	780	1143
HA|PP755589.1|A/cattle/Texas/24-008749-003/2024(H5N1)	781	1144
HA|PP755589.1|A/cattle/Texas/24-008749-003/2024(H5N1)	782	1153
HA|PP755589.1|A/cattle/Texas/24-008749-003/2024(H5N1)	783	1151
HA|PP755589.1|A/cattle/Texas/24-008749-003/2024(H5N1)	784	1151
HA|PP755589.1|A/cattle/Texas/24-008749-003/2024(H5N1)	785	1141
HA|PP755589.1|A/cattle/Texas/24-008749-003/2024(H5N1)	786	1135
HA|PP755589.1|A/cattle/Texas/24-008749-003/2024(H5N1)	787	1120
HA|PP755589.1|A/cattle/Texas/24-008749-003/2024(H5N1)	788	1118
HA|PP755589.1|A/cattle/Texas/24-008749-003/2024(H5N1)	789	1116
HA|PP755589.1|A/cattle/Texas/24-008749-003/2024(H5N1)	790	1116
HA|PP755589.1|A/cattle/Texas/24-008749-003/2024(H5N1)	791	1091
HA|PP755589.1|A/cattle/Texas/24-008749-003/2024(H5N1)	792	1088
HA|PP755589.1|A/cattle/Texas/24-008749-003/2024(H5N1)	793	1200
HA|PP755589.1|A/cattle/Texas/24-008749-003/2024(H5N1)	794	1214
HA|PP755589.1|A/cattle/Texas/24-008749-003/2024(H5N1)	795	1212
HA|PP755589.1|A/cattle/Texas/24-008749-003/2024(H5N1)	796	1185
HA|PP755589.1|A/cattle/Texas/24-008749-003/2024(H5N1)	797	1222
HA|PP755589.1|A/cattle/Texas/24-008749-003/2024(H5N1)	798	1225
HA|PP755589.1|A/cattle/Texas/24-008749-003/2024(H5N1)	799	1236
HA|PP755589.1|A/cattle/Texas/24-008749-003/2024(H5N1)	800	1247
HA|PP755589.1|A/cattle/Texas/24-008749-003/2024(H5N1)	801	1249
HA|PP755589.1|A/cattle/Texas/24-008749-003/2024(H5N1)	802	1231
HA|PP755589.1|A/cattle/Texas/24-008749-003/2024(H5N1)	803	1209
HA|PP755589.1|A/cattle/Texas/24-008749-003/2024(H5N1)	804	1210
HA|PP755589.1|A/cattle/Texas/24-008749-003/2024(H5N1)	805	1203
HA|PP755589.1|A/cattle/Texas/24-008749-003/2024(H5N1)	806	1203
HA|PP755589.1|A/cattle/Texas/24-008749-003/2024(H5N1)	807	1195
HA|PP755589.1|A/cattle/Texas/24-008749-003/2024(H5N1)	808	1176
HA|PP755589.1|A/cattle/Texas/24-008749-003/2024(H5N1)	809	1181
HA|PP755589.1|A/cattle/Texas/24-008749-003/2024(H5N1)	810	1177
HA|PP755589.1|A/cattle/Texas/24-008749-003/2024(H5N1)	811	1175
HA|PP755589.1|A/cattle/Texas/24-008749-003/2024(H5N1)	812	1172
HA|PP755589.1|A/cattle/Texas/24-008749-003/2024(H5N1)	813	1157
HA|PP755589.1|A/cattle/Texas/24-008749-003/2024(H5N1)	814	1143
HA|PP755589.1|A/cattle/Texas/24-008749-003/2024(H5N1)	815	1132
HA|PP755589.1|A/cattle/Texas/24-008749-003/2024(H5N1)	816	1179
HA|PP755589.1|A/cattle/Texas/24-008749-003/2024(H5N1)	817	1182
HA|PP755589.1|A/cattle/Texas/24-008749-003/2024(H5N1)	818	1176
HA|PP755589.1|A/cattle/Texas/24-008749-003/2024(H5N1)	819	1166
HA|PP755589.1|A/cattle/Texas/24-008749-003/2024(H5N1)	820	1180
HA|PP755589.1|A/cattle/Texas/24-008749-003/2024(H5N1)	821	1177
HA|PP755589.1|A/cattle/Texas/24-008749-003/2024(H5N1)	822	1172
HA|PP755589.1|A/cattle/Texas/24-008749-003/2024(H5N1)	823	1179
HA|PP755589.1|A/cattle/Texas/24-008749-003/2024(H5N1)	824	1165
HA|PP755589.1|A/cattle/Texas/24-008749-003/2024(H5N1)	825	1168
HA|PP755589.1|A/cattle/Texas/24-008749-003/2024(H5N1)	826	1168
HA|PP755589.1|A/cattle/Texas/24-008749-003/2024(H5N1)	827	1170
HA|PP755589.1|A/cattle/Texas/24-008749-003/2024(H5N1)	828	1170
HA|PP755589.1|A/cattle/Texas/24-008749-003/2024(H5N1)	829	1167
HA|PP755589.1|A/cattle/Texas/24-008749-003/2024(H5N1)	830	1170
HA|PP755589.1|A/cattle/Texas/24-008749-003/2024(H5N1)	831	1167
HA|PP755589.1|A/cattle/Texas/24-008749-003/2024(H5N1)	832	1166
HA|PP755589.1|A/cattle/Texas/24-008749-003/2024(H5N1)	833	1170
HA|PP755589.1|A/cattle/Texas/24-008749-003/2024(H5N1)	834	1171
HA|PP755589.1|A/cattle/Texas/24-008749-003/2024(H5N1)	835	1173
HA|PP755589.1|A/cattle/Texas/24-008749-003/2024(H5N1)	836	1165
HA|PP755589.1|A/cattle/Texas/24-008749-003/2024(H5N1)	837	1159
HA|PP755589.1|A/cattle/Texas/24-008749-003/2024(H5N1)	838	1170
HA|PP755589.1|A/cattle/Texas/24-008749-003/2024(H5N1)	839	1162
HA|PP755589.1|A/cattle/Texas/24-008749-003/2024(H5N1)	840	1154
HA|PP755589.1|A/cattle/Texas/24-008749-003/2024(H5N1)	841	1160
HA|PP755589.1|A/cattle/Texas/24-008749-003/2024(H5N1)	842	1149
HA|PP755589.1|A/cattle/Texas/24-008749-003/2024(H5N1)	843	1158
HA|PP755589.1|A/cattle/Texas/24-008749-003/2024(H5N1)	844	1160
HA|PP755589.1|A/cattle/Texas/24-008749-003/2024(H5N1)	845	1157
HA|PP755589.1|A/cattle/Texas/24-008749-003/2024(H5N1)	846	1156
HA|PP755589.1|A/cattle/Texas/24-008749-003/2024(H5N1)	847	1130
HA|PP755589.1|A/cattle/Texas/24-008749-003/2024(H5N1)	848	1135
HA|PP755589.1|A/cattle/Texas/24-008749-003/2024(H5N1)	849	1134
HA|PP755589.1|A/cattle/Texas/24-008749-003/2024(H5N1)	850	1133
HA|PP755589.1|A/cattle/Texas/24-008749-003/2024(H5N1)	851	1144
HA|PP755589.1|A/cattle/Texas/24-008749-003/2024(H5N1)	852	1141
HA|PP755589.1|A/cattle/Texas/24-008749-003/2024(H5N1)	853	1150
HA|PP755589.1|A/cattle/Texas/24-008749-003/2024(H5N1)	854	1139
HA|PP755589.1|A/cattle/Texas/24-008749-003/2024(H5N1)	855	1159
HA|PP755589.1|A/cattle/Texas/24-008749-003/2024(H5N1)	856	1194
HA|PP755589.1|A/cattle/Texas/24-008749-003/2024(H5N1)	857	1206
HA|PP755589.1|A/cattle/Texas/24-008749-003/2024(H5N1)	858	1210
HA|PP755589.1|A/cattle/Texas/24-008749-003/2024(H5N1)	859	1204
HA|PP755589.1|A/cattle/Texas/24-008749-003/2024(H5N1)	860	1203
HA|PP755589.1|A/cattle/Texas/24-008749-003/2024(H5N1)	861	1217
HA|PP755589.1|A/cattle/Texas/24-008749-003/2024(H5N1)	862	1211
HA|PP755589.1|A/cattle/Texas/24-008749-003/2024(H5N1)	863	1215
HA|PP755589.1|A/cattle/Texas/24-008749-003/2024(H5N1)	864	1210
HA|PP755589.1|A/cattle/Texas/24-008749-003/2024(H5N1)	865	1197
HA|PP755589.1|A/cattle/Texas/24-008749-003/2024(H5N1)	866	1182
HA|PP755589.1|A/cattle/Texas/24-008749-003/2024(H5N1)	867	1185
HA|PP755589.1|A/cattle/Texas/24-008749-003/2024(H5N1)	868	1196
HA|PP755589.1|A/cattle/Texas/24-008749-003/2024(H5N1)	869	1214
HA|PP755589.1|A/cattle/Texas/24-008749-003/2024(H5N1)	870	1210
HA|PP755589.1|A/cattle/Texas/24-008749-003/2024(H5N1)	871	1209
HA|PP755589.1|A/cattle/Texas/24-008749-003/2024(H5N1)	872	1208
HA|PP755589.1|A/cattle/Texas/24-008749-003/2024(H5N1)	873	1220
HA|PP755589.1|A/cattle/Texas/24-008749-003/2024(H5N1)	874	1223
HA|PP755589.1|A/cattle/Texas/24-008749-003/2024(H5N1)	875	1221
HA|PP755589.1|A/cattle/Texas/24-008749-003/2024(H5N1)	876	1208
HA|PP755589.1|A/cattle/Texas/24-008749-003/2024(H5N1)	877	1205
HA|PP755589.1|A/cattle/Texas/24-008749-003/2024(H5N1)	878	1216
HA|PP755589.1|A/cattle/Texas/24-008749-003/2024(H5N1)	879	1218
HA|PP755589.1|A/cattle/Texas/24-008749-003/2024(H5N1)	880	1228
HA|PP755589.1|A/cattle/Texas/24-008749-003/2024(H5N1)	881	1232
HA|PP755589.1|A/cattle/Texas/24-008749-003/2024(H5N1)	882	1223
HA|PP755589.1|A/cattle/Texas/24-008749-003/2024(H5N1)	883	1218
HA|PP755589.1|A/cattle/Texas/24-008749-003/2024(H5N1)	884	1218
HA|PP755589.1|A/cattle/Texas/24-008749-003/2024(H5N1)	885	1219
HA|PP755589.1|A/cattle/Texas/24-008749-003/2024(H5N1)	886	1217
HA|PP755589.1|A/cattle/Texas/24-008749-003/2024(H5N1)	887	1228
HA|PP755589.1|A/cattle/Texas/24-008749-003/2024(H5N1)	888	1223
HA|PP755589.1|A/cattle/Texas/24-008749-003/2024(H5N1)	889	1221
HA|PP755589.1|A/cattle/Texas/24-008749-003/2024(H5N1)	890	1222
HA|PP755589.1|A/cattle/Texas/24-008749-003/2024(H5N1)	891	1219
HA|PP755589.1|A/cattle/Texas/24-008749-003/2024(H5N1)	892	1217
HA|PP755589.1|A/cattle/Texas/24-008749-003/2024(H5N1)	893	1220
HA|PP755589.1|A/cattle/Texas/24-008749-003/2024(H5N1)	894	1216
HA|PP755589.1|A/cattle/Texas/24-008749-003/2024(H5N1)	895	1210
HA|PP755589.1|A/cattle/Texas/24-008749-003/2024(H5N1)	896	1205
HA|PP755589.1|A/cattle/Texas/24-008749-003/2024(H5N1)	897	1196
HA|PP755589.1|A/cattle/Texas/24-008749-003/2024(H5N1)	898	1197
HA|PP755589.1|A/cattle/Texas/24-008749-003/2024(H5N1)	899	1195
HA|PP755589.1|A/cattle/Texas/24-008749-003/2024(H5N1)	900	1196
HA|PP755589.1|A/cattle/Texas/24-008749-003/2024(H5N1)	901	1199
HA|PP755589.1|A/cattle/Texas/24-008749-003/2024(H5N1)	902	1199
HA|PP755589.1|A/cattle/Texas/24-008749-003/2024(H5N1)	903	1207
HA|PP755589.1|A/cattle/Texas/24-008749-003/2024(H5N1)	904	1206
HA|PP755589.1|A/cattle/Texas/24-008749-003/2024(H5N1)	905	1202
HA|PP755589.1|A/cattle/Texas/24-008749-003/2024(H5N1)	906	1204
HA|PP755589.1|A/cattle/Texas/24-008749-003/2024(H5N1)	907	1204
HA|PP755589.1|A/cattle/Texas/24-008749-003/2024(H5N1)	908	1208
HA|PP755589.1|A/cattle/Texas/24-008749-003/2024(H5N1)	909	1207
HA|PP755589.1|A/cattle/Texas/24-008749-003/2024(H5N1)	910	1207
HA|PP755589.1|A/cattle/Texas/24-008749-003/2024(H5N1)	911	1207
HA|PP755589.1|A/cattle/Texas/24-008749-003/2024(H5N1)	912	1198
HA|PP755589.1|A/cattle/Texas/24-008749-003/2024(H5N1)	913	1201
HA|PP755589.1|A/cattle/Texas/24-008749-003/2024(H5N1)	914	1193
HA|PP755589.1|A/cattle/Texas/24-008749-003/2024(H5N1)	915	1188
HA|PP755589.1|A/cattle/Texas/24-008749-003/2024(H5N1)	916	1194
HA|PP755589.1|A/cattle/Texas/24-008749-003/2024(H5N1)	917	1182
HA|PP755589.1|A/cattle/Texas/24-008749-003/2024(H5N1)	918	1177
HA|PP755589.1|A/cattle/Texas/24-008749-003/2024(H5N1)	919	1188
HA|PP755589.1|A/cattle/Texas/24-008749-003/2024(H5N1)	920	1186
HA|PP755589.1|A/cattle/Texas/24-008749-003/2024(H5N1)	921	1197
HA|PP755589.1|A/cattle/Texas/24-008749-003/2024(H5N1)	922	1199
HA|PP755589.1|A/cattle/Texas/24-008749-003/2024(H5N1)	923	1208
HA|PP755589.1|A/cattle/Texas/24-008749-003/2024(H5N1)	924	1213
HA|PP755589.1|A/cattle/Texas/24-008749-003/2024(H5N1)	925	1218
HA|PP755589.1|A/cattle/Texas/24-008749-003/2024(H5N1)	926	1245
HA|PP755589.1|A/cattle/Texas/24-008749-003/2024(H5N1)	927	1261
HA|PP755589.1|A/cattle/Texas/24-008749-003/2024(H5N1)	928	1261
HA|PP755589.1|A/cattle/Texas/24-008749-003/2024(H5N1)	929	1264
HA|PP755589.1|A/cattle/Texas/24-008749-003/2024(H5N1)	930	1256
HA|PP755589.1|A/cattle/Texas/24-008749-003/2024(H5N1)	931	1257
HA|PP755589.1|A/cattle/Texas/24-008749-003/2024(H5N1)	932	1250
HA|PP755589.1|A/cattle/Texas/24-008749-003/2024(H5N1)	933	1258
HA|PP755589.1|A/cattle/Texas/24-008749-003/2024(H5N1)	934	1260
HA|PP755589.1|A/cattle/Texas/24-008749-003/2024(H5N1)	935	1236
HA|PP755589.1|A/cattle/Texas/24-008749-003/2024(H5N1)	936	1238
HA|PP755589.1|A/cattle/Texas/24-008749-003/2024(H5N1)	937	1238
HA|PP755589.1|A/cattle/Texas/24-008749-003/2024(H5N1)	938	1237
HA|PP755589.1|A/cattle/Texas/24-008749-003/2024(H5N1)	939	1252
HA|PP755589.1|A/cattle/Texas/24-008749-003/2024(H5N1)	940	1253
HA|PP755589.1|A/cattle/Texas/24-008749-003/2024(H5N1)	941	1277
HA|PP755589.1|A/cattle/Texas/24-008749-003/2024(H5N1)	942	1271
HA|PP755589.1|A/cattle/Texas/24-008749-003/2024(H5N1)	943	1266
HA|PP755589.1|A/cattle/Texas/24-008749-003/2024(H5N1)	944	1265
HA|PP755589.1|A/cattle/Texas/24-008749-003/2024(H5N1)	945	1264
HA|PP755589.1|A/cattle/Texas/24-008749-003/2024(H5N1)	946	1258
HA|PP755589.1|A/cattle/Texas/24-008749-003/2024(H5N1)	947	1257
HA|PP755589.1|A/cattle/Texas/24-008749-003/2024(H5N1)	948	1256
HA|PP755589.1|A/cattle/Texas/24-008749-003/2024(H5N1)	949	1255
HA|PP755589.1|A/cattle/Texas/24-008749-003/2024(H5N1)	950	1220
HA|PP755589.1|A/cattle/Texas/24-008749-003/2024(H5N1)	951	1237
HA|PP755589.1|A/cattle/Texas/24-008749-003/2024(H5N1)	952	1231
HA|PP755589.1|A/cattle/Texas/24-008749-003/2024(H5N1)	953	1245
HA|PP755589.1|A/cattle/Texas/24-008749-003/2024(H5N1)	954	1249
HA|PP755589.1|A/cattle/Texas/24-008749-003/2024(H5N1)	955	1248
HA|PP755589.1|A/cattle/Texas/24-008749-003/2024(H5N1)	956	1248
HA|PP755589.1|A/cattle/Texas/24-008749-003/2024(H5N1)	957	1244
HA|PP755589.1|A/cattle/Texas/24-008749-003/2024(H5N1)	958	1247
HA|PP755589.1|A/cattle/Texas/24-008749-003/2024(H5N1)	959	1246
HA|PP755589.1|A/cattle/Texas/24-008749-003/2024(H5N1)	960	1247
HA|PP755589.1|A/cattle/Texas/24-008749-003/2024(H5N1)	961	1247
HA|PP755589.1|A/cattle/Texas/24-008749-003/2024(H5N1)	962	1242
HA|PP755589.1|A/cattle/Texas/24-008749-003/2024(H5N1)	963	1220
HA|PP755589.1|A/cattle/Texas/24-008749-003/2024(H5N1)	964	1218
HA|PP755589.1|A/cattle/Texas/24-008749-003/2024(H5N1)	965	1212
HA|PP755589.1|A/cattle/Texas/24-008749-003/2024(H5N1)	966	1210
HA|PP755589.1|A/cattle/Texas/24-008749-003/2024(H5N1)	967	1209
HA|PP755589.1|A/cattle/Texas/24-008749-003/2024(H5N1)	968	1208
HA|PP755589.1|A/cattle/Texas/24-008749-003/2024(H5N1)	969	1215
HA|PP755589.1|A/cattle/Texas/24-008749-003/2024(H5N1)	970	1215
HA|PP755589.1|A/cattle/Texas/24-008749-003/2024(H5N1)	971	1216
HA|PP755589.1|A/cattle/Texas/24-008749-003/2024(H5N1)	972	1215
HA|PP755589.1|A/cattle/Texas/24-008749-003/2024(H5N1)	973	1214
HA|PP755589.1|A/cattle/Texas/24-008749-003/2024(H5N1)	974	1214
HA|PP755589.1|A/cattle/Texas/24-008749-003/2024(H5N1)	975	1219
HA|PP755589.1|A/cattle/Texas/24-008749-003/2024(H5N1)	976	1222
HA|PP755589.1|A/cattle/Texas/24-008749-003/2024(H5N1)	977	1224
HA|PP755589.1|A/cattle/Texas/24-008749-003/2024(H5N1)	978	1219
HA|PP755589.1|A/cattle/Texas/24-008749-003/2024(H5N1)	979	1224
HA|PP755589.1|A/cattle/Texas/24-008749-003/2024(H5N1)	980	1222
HA|PP755589.1|A/cattle/Texas/24-008749-003/2024(H5N1)	981	1218
HA|PP755589.1|A/cattle/Texas/24-008749-003/2024(H5N1)	982	1221
HA|PP755589.1|A/cattle/Texas/24-008749-003/2024(H5N1)	983	1192
HA|PP755589.1|A/cattle/Texas/24-008749-003/2024(H5N1)	984	1197
HA|PP755589.1|A/cattle/Texas/24-008749-003/2024(H5N1)	985	1191
HA|PP755589.1|A/cattle/Texas/24-008749-003/2024(H5N1)	986	1189
HA|PP755589.1|A/cattle/Texas/24-008749-003/2024(H5N1)	987	1189
HA|PP755589.1|A/cattle/Texas/24-008749-003/2024(H5N1)	988	1192
HA|PP755589.1|A/cattle/Texas/24-008749-003/2024(H5N1)	989	1201
HA|PP755589.1|A/cattle/Texas/24-008749-003/2024(H5N1)	990	1199
HA|PP755589.1|A/cattle/Texas/24-008749-003/2024(H5N1)	991	1202
HA|PP755589.1|A/cattle/Texas/24-008749-003/2024(H5N1)	992	1179
HA|PP755589.1|A/cattle/Texas/24-008749-003/2024(H5N1)	993	1175
HA|PP755589.1|A/cattle/Texas/24-008749-003/2024(H5N1)	994	1178
HA|PP755589.1|A/cattle/Texas/24-008749-003/2024(H5N1)	995	1176
HA|PP755589.1|A/cattle/Texas/24-008749-003/2024(H5N1)	996	1180
HA|PP755589.1|A/cattle/Texas/24-008749-003/2024(H5N1)	997	1182
HA|PP755589.1|A/cattle/Texas/24-008749-003/2024(H5N1)	998	1182
HA|PP755589.1|A/cattle/Texas/24-008749-003/2024(H5N1)	999	1190
HA|PP755589.1|A/cattle/Texas/24-008749-003/2024(H5N1)	1000	1191
HA|PP755589.1|A/cattle/Texas/24-008749-003/2024(H5N1)	1001	1206
HA|PP755589.1|A/cattle/Texas/24-008749-003/2024(H5N1)	1002	1210
HA|PP755589.1|A/cattle/Texas/24-008749-003/2024(H5N1)	1003	1204
HA|PP755589.1|A/cattle/Texas/24-008749-003/2024(H5N1)	1004	1201
HA|PP755589.1|A/cattle/Texas/24-008749-003/2024(H5N1)	1005	1188
HA|PP755589.1|A/cattle/Texas/24-008749-003/2024(H5N1)	1006	1180
HA|PP755589.1|A/cattle/Texas/24-008749-003/2024(H5N1)	1007	1186
HA|PP755589.1|A/cattle/Texas/24-008749-003/2024(H5N1)	1008	1176
HA|PP755589.1|A/cattle/Texas/24-008749-003/2024(H5N1)	1009	1174
HA|PP755589.1|A/cattle/Texas/24-008749-003/2024(H5N1)	1010	1190
HA|PP755589.1|A/cattle/Texas/24-008749-003/2024(H5N1)	1011	1186
HA|PP755589.1|A/cattle/Texas/24-008749-003/2024(H5N1)	1012	1185
HA|PP755589.1|A/cattle/Texas/24-008749-003/2024(H5N1)	1013	1185
HA|PP755589.1|A/cattle/Texas/24-008749-003/2024(H5N1)	1014	1186
HA|PP755589.1|A/cattle/Texas/24-008749-003/2024(H5N1)	1015	1191
HA|PP755589.1|A/cattle/Texas/24-008749-003/2024(H5N1)	1016	1189
HA|PP755589.1|A/cattle/Texas/24-008749-003/2024(H5N1)	1017	1187
HA|PP755589.1|A/cattle/Texas/24-008749-003/2024(H5N1)	1018	1186
HA|PP755589.1|A/cattle/Texas/24-008749-003/2024(H5N1)	1019	1175
HA|PP755589.1|A/cattle/Texas/24-008749-003/2024(H5N1)	1020	1175
HA|PP755589.1|A/cattle/Texas/24-008749-003/2024(H5N1)	1021	1180
HA|PP755589.1|A/cattle/Texas/24-008749-003/2024(H5N1)	1022	1180
HA|PP755589.1|A/cattle/Texas/24-008749-003/2024(H5N1)	1023	1181
HA|PP755589.1|A/cattle/Texas/24-008749-003/2024(H5N1)	1024	1173
HA|PP755589.1|A/cattle/Texas/24-008749-003/2024(H5N1)	1025	1175
HA|PP755589.1|A/cattle/Texas/24-008749-003/2024(H5N1)	1026	1176
HA|PP755589.1|A/cattle/Texas/24-008749-003/2024(H5N1)	1027	1172
HA|PP755589.1|A/cattle/Texas/24-008749-003/2024(H5N1)	1028	1177
HA|PP755589.1|A/cattle/Texas/24-008749-003/2024(H5N1)	1029	1178
HA|PP755589.1|A/cattle/Texas/24-008749-003/2024(H5N1)	1030	1178
HA|PP755589.1|A/cattle/Texas/24-008749-003/2024(H5N1)	1031	1179
HA|PP755589.1|A/cattle/Texas/24-008749-003/2024(H5N1)	1032	1174
HA|PP755589.1|A/cattle/Texas/24-008749-003/2024(H5N1)	1033	1168
HA|PP755589.1|A/cattle/Texas/24-008749-003/2024(H5N1)	1034	1168
HA|PP755589.1|A/cattle/Texas/24-008749-003/2024(H5N1)	1035	1163
HA|PP755589.1|A/cattle/Texas/24-008749-003/2024(H5N1)	1036	1165
HA|PP755589.1|A/cattle/Texas/24-008749-003/2024(H5N1)	1037	1163
HA|PP755589.1|A/cattle/Texas/24-008749-003/2024(H5N1)	1038	1161
HA|PP755589.1|A/cattle/Texas/24-008749-003/2024(H5N1)	1039	1160
HA|PP755589.1|A/cattle/Texas/24-008749-003/2024(H5N1)	1040	1161
HA|PP755589.1|A/cattle/Texas/24-008749-003/2024(H5N1)	1041	1171
HA|PP755589.1|A/cattle/Texas/24-008749-003/2024(H5N1)	1042	1172
HA|PP755589.1|A/cattle/Texas/24-008749-003/2024(H5N1)	1043	1174
HA|PP755589.1|A/cattle/Texas/24-008749-003/2024(H5N1)	1044	1077
HA|PP755589.1|A/cattle/Texas/24-008749-003/2024(H5N1)	1045	1061
HA|PP755589.1|A/cattle/Texas/24-008749-003/2024(H5N1)	1046	1067
HA|PP755589.1|A/cattle/Texas/24-008749-003/2024(H5N1)	1047	1083
HA|PP755589.1|A/cattle/Texas/24-008749-003/2024(H5N1)	1048	1092
HA|PP755589.1|A/cattle/Texas/24-008749-003/2024(H5N1)	1049	1086
HA|PP755589.1|A/cattle/Texas/24-008749-003/2024(H5N1)	1050	1072
HA|PP755589.1|A/cattle/Texas/24-008749-003/2024(H5N1)	1051	1079
HA|PP755589.1|A/cattle/Texas/24-008749-003/2024(H5N1)	1052	1083
HA|PP755589.1|A/cattle/Texas/24-008749-003/2024(H5N1)	1053	1243
HA|PP755589.1|A/cattle/Texas/24-008749-003/2024(H5N1)	1054	1247
HA|PP755589.1|A/cattle/Texas/24-008749-003/2024(H5N1)	1055	1255
HA|PP755589.1|A/cattle/Texas/24-008749-003/2024(H5N1)	1056	1251
HA|PP755589.1|A/cattle/Texas/24-008749-003/2024(H5N1)	1057	1412
HA|PP755589.1|A/cattle/Texas/24-008749-003/2024(H5N1)	1058	1516
HA|PP755589.1|A/cattle/Texas/24-008749-003/2024(H5N1)	1059	1540
HA|PP755589.1|A/cattle/Texas/24-008749-003/2024(H5N1)	1060	1531
HA|PP755589.1|A/cattle/Texas/24-008749-003/2024(H5N1)	1061	1536
HA|PP755589.1|A/cattle/Texas/24-008749-003/2024(H5N1)	1062	1543
HA|PP755589.1|A/cattle/Texas/24-008749-003/2024(H5N1)	1063	1574
HA|PP755589.1|A/cattle/Texas/24-008749-003/2024(H5N1)	1064	1579
HA|PP755589.1|A/cattle/Texas/24-008749-003/2024(H5N1)	1065	1580
HA|PP755589.1|A/cattle/Texas/24-008749-003/2024(H5N1)	1066	1586
HA|PP755589.1|A/cattle/Texas/24-008749-003/2024(H5N1)	1067	1516
HA|PP755589.1|A/cattle/Texas/24-008749-003/2024(H5N1)	1068	1515
HA|PP755589.1|A/cattle/Texas/24-008749-003/2024(H5N1)	1069	1515
HA|PP755589.1|A/cattle/Texas/24-008749-003/2024(H5N1)	1070	1535
HA|PP755589.1|A/cattle/Texas/24-008749-003/2024(H5N1)	1071	1517
HA|PP755589.1|A/cattle/Texas/24-008749-003/2024(H5N1)	1072	1522
HA|PP755589.1|A/cattle/Texas/24-008749-003/2024(H5N1)	1073	1532
HA|PP755589.1|A/cattle/Texas/24-008749-003/2024(H5N1)	1074	1532
HA|PP755589.1|A/cattle/Texas/24-008749-003/2024(H5N1)	1075	1534
HA|PP755589.1|A/cattle/Texas/24-008749-003/2024(H5N1)	1076	1545
HA|PP755589.1|A/cattle/Texas/24-008749-003/2024(H5N1)	1077	1615
HA|PP755589.1|A/cattle/Texas/24-008749-003/2024(H5N1)	1078	1635
HA|PP755589.1|A/cattle/Texas/24-008749-003/2024(H5N1)	1079	1625
HA|PP755589.1|A/cattle/Texas/24-008749-003/2024(H5N1)	1080	1642
HA|PP755589.1|A/cattle/Texas/24-008749-003/2024(H5N1)	1081	1645
HA|PP755589.1|A/cattle/Texas/24-008749-003/2024(H5N1)	1082	1661
HA|PP755589.1|A/cattle/Texas/24-008749-003/2024(H5N1)	1083	1657
HA|PP755589.1|A/cattle/Texas/24-008749-003/2024(H5N1)	1084	1654
HA|PP755589.1|A/cattle/Texas/24-008749-003/2024(H5N1)	1085	1663
HA|PP755589.1|A/cattle/Texas/24-008749-003/2024(H5N1)	1086	1700
HA|PP755589.1|A/cattle/Texas/24-008749-003/2024(H5N1)	1087	1733
HA|PP755589.1|A/cattle/Texas/24-008749-003/2024(H5N1)	1088	1735
HA|PP755589.1|A/cattle/Texas/24-008749-003/2024(H5N1)	1089	1724
HA|PP755589.1|A/cattle/Texas/24-008749-003/2024(H5N1)	1090	1724
HA|PP755589.1|A/cattle/Texas/24-008749-003/2024(H5N1)	1091	1723
HA|PP755589.1|A/cattle/Texas/24-008749-003/2024(H5N1)	1092	1723
HA|PP755589.1|A/cattle/Texas/24-008749-003/2024(H5N1)	1093	1738
HA|PP755589.1|A/cattle/Texas/24-008749-003/2024(H5N1)	1094	1762
HA|PP755589.1|A/cattle/Texas/24-008749-003/2024(H5N1)	1095	1765
HA|PP755589.1|A/cattle/Texas/24-008749-003/2024(H5N1)	1096	1756
HA|PP755589.1|A/cattle/Texas/24-008749-003/2024(H5N1)	1097	1769
HA|PP755589.1|A/cattle/Texas/24-008749-003/2024(H5N1)	1098	1820
HA|PP755589.1|A/cattle/Texas/24-008749-003/2024(H5N1)	1099	1825
HA|PP755589.1|A/cattle/Texas/24-008749-003/2024(H5N1)	1100	1840
HA|PP755589.1|A/cattle/Texas/24-008749-003/2024(H5N1)	1101	1837
HA|PP755589.1|A/cattle/Texas/24-008749-003/2024(H5N1)	1102	1887
HA|PP755589.1|A/cattle/Texas/24-008749-003/2024(H5N1)	1103	1904
HA|PP755589.1|A/cattle/Texas/24-008749-003/2024(H5N1)	1104	1905
HA|PP755589.1|A/cattle/Texas/24-008749-003/2024(H5N1)	1105	1914
HA|PP755589.1|A/cattle/Texas/24-008749-003/2024(H5N1)	1106	1890
HA|PP755589.1|A/cattle/Texas/24-008749-003/2024(H5N1)	1107	1883
HA|PP755589.1|A/cattle/Texas/24-008749-003/2024(H5N1)	1108	1869
HA|PP755589.1|A/cattle/Texas/24-008749-003/2024(H5N1)	1109	1872
HA|PP755589.1|A/cattle/Texas/24-008749-003/2024(H5N1)	1110	1950
HA|PP755589.1|A/cattle/Texas/24-008749-003/2024(H5N1)	1111	1938
HA|PP755589.1|A/cattle/Texas/24-008749-003/2024(H5N1)	1112	1929
HA|PP755589.1|A/cattle/Texas/24-008749-003/2024(H5N1)	1113	1944
HA|PP755589.1|A/cattle/Texas/24-008749-003/2024(H5N1)	1114	1945
HA|PP755589.1|A/cattle/Texas/24-008749-003/2024(H5N1)	1115	1991
HA|PP755589.1|A/cattle/Texas/24-008749-003/2024(H5N1)	1116	1999
HA|PP755589.1|A/cattle/Texas/24-008749-003/2024(H5N1)	1117	1979
HA|PP755589.1|A/cattle/Texas/24-008749-003/2024(H5N1)	1118	1975
HA|PP755589.1|A/cattle/Texas/24-008749-003/2024(H5N1)	1119	1956
HA|PP755589.1|A/cattle/Texas/24-008749-003/2024(H5N1)	1120	2062
HA|PP755589.1|A/cattle/Texas/24-008749-003/2024(H5N1)	1121	2519
HA|PP755589.1|A/cattle/Texas/24-008749-003/2024(H5N1)	1122	2590
HA|PP755589.1|A/cattle/Texas/24-008749-003/2024(H5N1)	1123	2594
HA|PP755589.1|A/cattle/Texas/24-008749-003/2024(H5N1)	1124	2577
HA|PP755589.1|A/cattle/Texas/24-008749-003/2024(H5N1)	1125	2644
HA|PP755589.1|A/cattle/Texas/24-008749-003/2024(H5N1)	1126	2650
HA|PP755589.1|A/cattle/Texas/24-008749-003/2024(H5N1)	1127	2681
HA|PP755589.1|A/cattle/Texas/24-008749-003/2024(H5N1)	1128	2698
HA|PP755589.1|A/cattle/Texas/24-008749-003/2024(H5N1)	1129	2696
HA|PP755589.1|A/cattle/Texas/24-008749-003/2024(H5N1)	1130	2753
HA|PP755589.1|A/cattle/Texas/24-008749-003/2024(H5N1)	1131	2779
HA|PP755589.1|A/cattle/Texas/24-008749-003/2024(H5N1)	1132	2822
HA|PP755589.1|A/cattle/Texas/24-008749-003/2024(H5N1)	1133	2851
HA|PP755589.1|A/cattle/Texas/24-008749-003/2024(H5N1)	1134	2861
HA|PP755589.1|A/cattle/Texas/24-008749-003/2024(H5N1)	1135	2861
HA|PP755589.1|A/cattle/Texas/24-008749-003/2024(H5N1)	1136	2869
HA|PP755589.1|A/cattle/Texas/24-008749-003/2024(H5N1)	1137	2875
HA|PP755589.1|A/cattle/Texas/24-008749-003/2024(H5N1)	1138	2875
HA|PP755589.1|A/cattle/Texas/24-008749-003/2024(H5N1)	1139	2870
HA|PP755589.1|A/cattle/Texas/24-008749-003/2024(H5N1)	1140	2858
HA|PP755589.1|A/cattle/Texas/24-008749-003/2024(H5N1)	1141	2942
HA|PP755589.1|A/cattle/Texas/24-008749-003/2024(H5N1)	1142	2943
HA|PP755589.1|A/cattle/Texas/24-008749-003/2024(H5N1)	1143	2951
HA|PP755589.1|A/cattle/Texas/24-008749-003/2024(H5N1)	1144	2972
HA|PP755589.1|A/cattle/Texas/24-008749-003/2024(H5N1)	1145	3004
HA|PP755589.1|A/cattle/Texas/24-008749-003/2024(H5N1)	1146	3032
HA|PP755589.1|A/cattle/Texas/24-008749-003/2024(H5N1)	1147	3035
HA|PP755589.1|A/cattle/Texas/24-008749-003/2024(H5N1)	1148	3036
HA|PP755589.1|A/cattle/Texas/24-008749-003/2024(H5N1)	1149	3036
HA|PP755589.1|A/cattle/Texas/24-008749-003/2024(H5N1)	1150	3069
HA|PP755589.1|A/cattle/Texas/24-008749-003/2024(H5N1)	1151	3074
HA|PP755589.1|A/cattle/Texas/24-008749-003/2024(H5N1)	1152	3073
HA|PP755589.1|A/cattle/Texas/24-008749-003/2024(H5N1)	1153	3064
HA|PP755589.1|A/cattle/Texas/24-008749-003/2024(H5N1)	1154	3060
HA|PP755589.1|A/cattle/Texas/24-008749-003/2024(H5N1)	1155	3056
HA|PP755589.1|A/cattle/Texas/24-008749-003/2024(H5N1)	1156	3083
HA|PP755589.1|A/cattle/Texas/24-008749-003/2024(H5N1)	1157	3138
HA|PP755589.1|A/cattle/Texas/24-008749-003/2024(H5N1)	1158	3149
HA|PP755589.1|A/cattle/Texas/24-008749-003/2024(H5N1)	1159	3146
HA|PP755589.1|A/cattle/Texas/24-008749-003/2024(H5N1)	1160	3150
HA|PP755589.1|A/cattle/Texas/24-008749-003/2024(H5N1)	1161	3182
HA|PP755589.1|A/cattle/Texas/24-008749-003/2024(H5N1)	1162	3182
HA|PP755589.1|A/cattle/Texas/24-008749-003/2024(H5N1)	1163	3218
HA|PP755589.1|A/cattle/Texas/24-008749-003/2024(H5N1)	1164	3270
HA|PP755589.1|A/cattle/Texas/24-008749-003/2024(H5N1)	1165	3301
HA|PP755589.1|A/cattle/Texas/24-008749-003/2024(H5N1)	1166	3297
HA|PP755589.1|A/cattle/Texas/24-008749-003/2024(H5N1)	1167	3291
HA|PP755589.1|A/cattle/Texas/24-008749-003/2024(H5N1)	1168	3384
HA|PP755589.1|A/cattle/Texas/24-008749-003/2024(H5N1)	1169	3547
HA|PP755589.1|A/cattle/Texas/24-008749-003/2024(H5N1)	1170	3563
HA|PP755589.1|A/cattle/Texas/24-008749-003/2024(H5N1)	1171	3571
HA|PP755589.1|A/cattle/Texas/24-008749-003/2024(H5N1)	1172	3557
HA|PP755589.1|A/cattle/Texas/24-008749-003/2024(H5N1)	1173	3559
HA|PP755589.1|A/cattle/Texas/24-008749-003/2024(H5N1)	1174	3568
HA|PP755589.1|A/cattle/Texas/24-008749-003/2024(H5N1)	1175	3667
HA|PP755589.1|A/cattle/Texas/24-008749-003/2024(H5N1)	1176	3660
HA|PP755589.1|A/cattle/Texas/24-008749-003/2024(H5N1)	1177	3680
HA|PP755589.1|A/cattle/Texas/24-008749-003/2024(H5N1)	1178	3657
HA|PP755589.1|A/cattle/Texas/24-008749-003/2024(H5N1)	1179	3743
HA|PP755589.1|A/cattle/Texas/24-008749-003/2024(H5N1)	1180	3760
HA|PP755589.1|A/cattle/Texas/24-008749-003/2024(H5N1)	1181	3852
HA|PP755589.1|A/cattle/Texas/24-008749-003/2024(H5N1)	1182	3893
HA|PP755589.1|A/cattle/Texas/24-008749-003/2024(H5N1)	1183	3910
HA|PP755589.1|A/cattle/Texas/24-008749-003/2024(H5N1)	1184	3900
HA|PP755589.1|A/cattle/Texas/24-008749-003/2024(H5N1)	1185	3900
HA|PP755589.1|A/cattle/Texas/24-008749-003/2024(H5N1)	1186	3894
HA|PP755589.1|A/cattle/Texas/24-008749-003/2024(H5N1)	1187	3897
HA|PP755589.1|A/cattle/Texas/24-008749-003/2024(H5N1)	1188	3957
HA|PP755589.1|A/cattle/Texas/24-008749-003/2024(H5N1)	1189	3972
HA|PP755589.1|A/cattle/Texas/24-008749-003/2024(H5N1)	1190	3939
HA|PP755589.1|A/cattle/Texas/24-008749-003/2024(H5N1)	1191	3917
HA|PP755589.1|A/cattle/Texas/24-008749-003/2024(H5N1)	1192	3930
HA|PP755589.1|A/cattle/Texas/24-008749-003/2024(H5N1)	1193	4043
HA|PP755589.1|A/cattle/Texas/24-008749-003/2024(H5N1)	1194	4059
HA|PP755589.1|A/cattle/Texas/24-008749-003/2024(H5N1)	1195	4060
HA|PP755589.1|A/cattle/Texas/24-008749-003/2024(H5N1)	1196	4069
HA|PP755589.1|A/cattle/Texas/24-008749-003/2024(H5N1)	1197	4057
HA|PP755589.1|A/cattle/Texas/24-008749-003/2024(H5N1)	1198	4102
HA|PP755589.1|A/cattle/Texas/24-008749-003/2024(H5N1)	1199	4100
HA|PP755589.1|A/cattle/Texas/24-008749-003/2024(H5N1)	1200	4101
HA|PP755589.1|A/cattle/Texas/24-008749-003/2024(H5N1)	1201	4100
HA|PP755589.1|A/cattle/Texas/24-008749-003/2024(H5N1)	1202	4071
HA|PP755589.1|A/cattle/Texas/24-008749-003/2024(H5N1)	1203	4087
HA|PP755589.1|A/cattle/Texas/24-008749-003/2024(H5N1)	1204	4100
HA|PP755589.1|A/cattle/Texas/24-008749-003/2024(H5N1)	1205	4111
HA|PP755589.1|A/cattle/Texas/24-008749-003/2024(H5N1)	1206	4127
HA|PP755589.1|A/cattle/Texas/24-008749-003/2024(H5N1)	1207	4120
HA|PP755589.1|A/cattle/Texas/24-008749-003/2024(H5N1)	1208	4129
HA|PP755589.1|A/cattle/Texas/24-008749-003/2024(H5N1)	1209	4161
HA|PP755589.1|A/cattle/Texas/24-008749-003/2024(H5N1)	1210	4174
HA|PP755589.1|A/cattle/Texas/24-008749-003/2024(H5N1)	1211	4192
HA|PP755589.1|A/cattle/Texas/24-008749-003/2024(H5N1)	1212	4193
HA|PP755589.1|A/cattle/Texas/24-008749-003/2024(H5N1)	1213	4196
HA|PP755589.1|A/cattle/Texas/24-008749-003/2024(H5N1)	1214	4197
HA|PP755589.1|A/cattle/Texas/24-008749-003/2024(H5N1)	1215	4218
HA|PP755589.1|A/cattle/Texas/24-008749-003/2024(H5N1)	1216	4244
HA|PP755589.1|A/cattle/Texas/24-008749-003/2024(H5N1)	1217	4290
HA|PP755589.1|A/cattle/Texas/24-008749-003/2024(H5N1)	1218	4281
HA|PP755589.1|A/cattle/Texas/24-008749-003/2024(H5N1)	1219	4326
HA|PP755589.1|A/cattle/Texas/24-008749-003/2024(H5N1)	1220	4330
HA|PP755589.1|A/cattle/Texas/24-008749-003/2024(H5N1)	1221	4412
HA|PP755589.1|A/cattle/Texas/24-008749-003/2024(H5N1)	1222	4430
HA|PP755589.1|A/cattle/Texas/24-008749-003/2024(H5N1)	1223	4436
HA|PP755589.1|A/cattle/Texas/24-008749-003/2024(H5N1)	1224	4482
HA|PP755589.1|A/cattle/Texas/24-008749-003/2024(H5N1)	1225	4482
HA|PP755589.1|A/cattle/Texas/24-008749-003/2024(H5N1)	1226	4474
HA|PP755589.1|A/cattle/Texas/24-008749-003/2024(H5N1)	1227	4475
HA|PP755589.1|A/cattle/Texas/24-008749-003/2024(H5N1)	1228	4507
HA|PP755589.1|A/cattle/Texas/24-008749-003/2024(H5N1)	1229	4544
HA|PP755589.1|A/cattle/Texas/24-008749-003/2024(H5N1)	1230	4532
HA|PP755589.1|A/cattle/Texas/24-008749-003/2024(H5N1)	1231	4641
HA|PP755589.1|A/cattle/Texas/24-008749-003/2024(H5N1)	1232	4676
HA|PP755589.1|A/cattle/Texas/24-008749-003/2024(H5N1)	1233	4690
HA|PP755589.1|A/cattle/Texas/24-008749-003/2024(H5N1)	1234	4702
HA|PP755589.1|A/cattle/Texas/24-008749-003/2024(H5N1)	1235	4721
HA|PP755589.1|A/cattle/Texas/24-008749-003/2024(H5N1)	1236	4793
HA|PP755589.1|A/cattle/Texas/24-008749-003/2024(H5N1)	1237	4799
HA|PP755589.1|A/cattle/Texas/24-008749-003/2024(H5N1)	1238	4801
HA|PP755589.1|A/cattle/Texas/24-008749-003/2024(H5N1)	1239	4860
HA|PP755589.1|A/cattle/Texas/24-008749-003/2024(H5N1)	1240	4914
HA|PP755589.1|A/cattle/Texas/24-008749-003/2024(H5N1)	1241	4850
HA|PP755589.1|A/cattle/Texas/24-008749-003/2024(H5N1)	1242	4918
HA|PP755589.1|A/cattle/Texas/24-008749-003/2024(H5N1)	1243	4921
HA|PP755589.1|A/cattle/Texas/24-008749-003/2024(H5N1)	1244	4925
HA|PP755589.1|A/cattle/Texas/24-008749-003/2024(H5N1)	1245	5018
HA|PP755589.1|A/cattle/Texas/24-008749-003/2024(H5N1)	1246	5018
HA|PP755589.1|A/cattle/Texas/24-008749-003/2024(H5N1)	1247	5011
HA|PP755589.1|A/cattle/Texas/24-008749-003/2024(H5N1)	1248	5027
HA|PP755589.1|A/cattle/Texas/24-008749-003/2024(H5N1)	1249	5011
HA|PP755589.1|A/cattle/Texas/24-008749-003/2024(H5N1)	1250	5033
HA|PP755589.1|A/cattle/Texas/24-008749-003/2024(H5N1)	1251	5134
HA|PP755589.1|A/cattle/Texas/24-008749-003/2024(H5N1)	1252	5154
HA|PP755589.1|A/cattle/Texas/24-008749-003/2024(H5N1)	1253	5157
HA|PP755589.1|A/cattle/Texas/24-008749-003/2024(H5N1)	1254	5158
HA|PP755589.1|A/cattle/Texas/24-008749-003/2024(H5N1)	1255	5169
HA|PP755589.1|A/cattle/Texas/24-008749-003/2024(H5N1)	1256	5168
HA|PP755589.1|A/cattle/Texas/24-008749-003/2024(H5N1)	1257	5196
HA|PP755589.1|A/cattle/Texas/24-008749-003/2024(H5N1)	1258	5195
HA|PP755589.1|A/cattle/Texas/24-008749-003/2024(H5N1)	1259	5225
HA|PP755589.1|A/cattle/Texas/24-008749-003/2024(H5N1)	1260	5276
HA|PP755589.1|A/cattle/Texas/24-008749-003/2024(H5N1)	1261	5248
HA|PP755589.1|A/cattle/Texas/24-008749-003/2024(H5N1)	1262	5316
HA|PP755589.1|A/cattle/Texas/24-008749-003/2024(H5N1)	1263	5359
HA|PP755589.1|A/cattle/Texas/24-008749-003/2024(H5N1)	1264	5411
HA|PP755589.1|A/cattle/Texas/24-008749-003/2024(H5N1)	1265	5414
HA|PP755589.1|A/cattle/Texas/24-008749-003/2024(H5N1)	1266	5408
HA|PP755589.1|A/cattle/Texas/24-008749-003/2024(H5N1)	1267	5413
HA|PP755589.1|A/cattle/Texas/24-008749-003/2024(H5N1)	1268	5414
HA|PP755589.1|A/cattle/Texas/24-008749-003/2024(H5N1)	1269	5439
HA|PP755589.1|A/cattle/Texas/24-008749-003/2024(H5N1)	1270	5474
HA|PP755589.1|A/cattle/Texas/24-008749-003/2024(H5N1)	1271	5491
HA|PP755589.1|A/cattle/Texas/24-008749-003/2024(H5N1)	1272	5481
HA|PP755589.1|A/cattle/Texas/24-008749-003/2024(H5N1)	1273	5505
HA|PP755589.1|A/cattle/Texas/24-008749-003/2024(H5N1)	1274	5504
HA|PP755589.1|A/cattle/Texas/24-008749-003/2024(H5N1)	1275	5510
HA|PP755589.1|A/cattle/Texas/24-008749-003/2024(H5N1)	1276	5605
HA|PP755589.1|A/cattle/Texas/24-008749-003/2024(H5N1)	1277	5603
HA|PP755589.1|A/cattle/Texas/24-008749-003/2024(H5N1)	1278	5642
HA|PP755589.1|A/cattle/Texas/24-008749-003/2024(H5N1)	1279	5619
HA|PP755589.1|A/cattle/Texas/24-008749-003/2024(H5N1)	1280	5642
HA|PP755589.1|A/cattle/Texas/24-008749-003/2024(H5N1)	1281	5656
HA|PP755589.1|A/cattle/Texas/24-008749-003/2024(H5N1)	1282	5658
HA|PP755589.1|A/cattle/Texas/24-008749-003/2024(H5N1)	1283	5688
HA|PP755589.1|A/cattle/Texas/24-008749-003/2024(H5N1)	1284	5678
HA|PP755589.1|A/cattle/Texas/24-008749-003/2024(H5N1)	1285	5708
HA|PP755589.1|A/cattle/Texas/24-008749-003/2024(H5N1)	1286	5708
HA|PP755589.1|A/cattle/Texas/24-008749-003/2024(H5N1)	1287	5704
HA|PP755589.1|A/cattle/Texas/24-008749-003/2024(H5N1)	1288	5720
HA|PP755589.1|A/cattle/Texas/24-008749-003/2024(H5N1)	1289	5705
HA|PP755589.1|A/cattle/Texas/24-008749-003/2024(H5N1)	1290	5692
HA|PP755589.1|A/cattle/Texas/24-008749-003/2024(H5N1)	1291	5690
HA|PP755589.1|A/cattle/Texas/24-008749-003/2024(H5N1)	1292	5710
HA|PP755589.1|A/cattle/Texas/24-008749-003/2024(H5N1)	1293	5709
HA|PP755589.1|A/cattle/Texas/24-008749-003/2024(H5N1)	1294	5695
HA|PP755589.1|A/cattle/Texas/24-008749-003/2024(H5N1)	1295	5755
HA|PP755589.1|A/cattle/Texas/24-008749-003/2024(H5N1)	1296	5758
HA|PP755589.1|A/cattle/Texas/24-008749-003/2024(H5N1)	1297	5703
HA|PP755589.1|A/cattle/Texas/24-008749-003/2024(H5N1)	1298	5735
HA|PP755589.1|A/cattle/Texas/24-008749-003/2024(H5N1)	1299	5716
HA|PP755589.1|A/cattle/Texas/24-008749-003/2024(H5N1)	1300	5716
HA|PP755589.1|A/cattle/Texas/24-008749-003/2024(H5N1)	1301	5711
HA|PP755589.1|A/cattle/Texas/24-008749-003/2024(H5N1)	1302	5709
HA|PP755589.1|A/cattle/Texas/24-008749-003/2024(H5N1)	1303	5704
HA|PP755589.1|A/cattle/Texas/24-008749-003/2024(H5N1)	1304	5714
HA|PP755589.1|A/cattle/Texas/24-008749-003/2024(H5N1)	1305	5742
HA|PP755589.1|A/cattle/Texas/24-008749-003/2024(H5N1)	1306	5777
HA|PP755589.1|A/cattle/Texas/24-008749-003/2024(H5N1)	1307	5796
HA|PP755589.1|A/cattle/Texas/24-008749-003/2024(H5N1)	1308	5578
HA|PP755589.1|A/cattle/Texas/24-008749-003/2024(H5N1)	1309	5581
HA|PP755589.1|A/cattle/Texas/24-008749-003/2024(H5N1)	1310	5584
HA|PP755589.1|A/cattle/Texas/24-008749-003/2024(H5N1)	1311	5641
HA|PP755589.1|A/cattle/Texas/24-008749-003/2024(H5N1)	1312	5654
HA|PP755589.1|A/cattle/Texas/24-008749-003/2024(H5N1)	1313	5675
HA|PP755589.1|A/cattle/Texas/24-008749-003/2024(H5N1)	1314	5703
HA|PP755589.1|A/cattle/Texas/24-008749-003/2024(H5N1)	1315	5667
HA|PP755589.1|A/cattle/Texas/24-008749-003/2024(H5N1)	1316	5697
HA|PP755589.1|A/cattle/Texas/24-008749-003/2024(H5N1)	1317	5701
HA|PP755589.1|A/cattle/Texas/24-008749-003/2024(H5N1)	1318	5708
HA|PP755589.1|A/cattle/Texas/24-008749-003/2024(H5N1)	1319	5743
HA|PP755589.1|A/cattle/Texas/24-008749-003/2024(H5N1)	1320	5678
HA|PP755589.1|A/cattle/Texas/24-008749-003/2024(H5N1)	1321	5667
HA|PP755589.1|A/cattle/Texas/24-008749-003/2024(H5N1)	1322	5673
HA|PP755589.1|A/cattle/Texas/24-008749-003/2024(H5N1)	1323	5598
HA|PP755589.1|A/cattle/Texas/24-008749-003/2024(H5N1)	1324	5615
HA|PP755589.1|A/cattle/Texas/24-008749-003/2024(H5N1)	1325	5616
HA|PP755589.1|A/cattle/Texas/24-008749-003/2024(H5N1)	1326	5618
HA|PP755589.1|A/cattle/Texas/24-008749-003/2024(H5N1)	1327	5633
HA|PP755589.1|A/cattle/Texas/24-008749-003/2024(H5N1)	1328	5608
HA|PP755589.1|A/cattle/Texas/24-008749-003/2024(H5N1)	1329	5624
HA|PP755589.1|A/cattle/Texas/24-008749-003/2024(H5N1)	1330	5625
HA|PP755589.1|A/cattle/Texas/24-008749-003/2024(H5N1)	1331	5622
HA|PP755589.1|A/cattle/Texas/24-008749-003/2024(H5N1)	1332	5624
HA|PP755589.1|A/cattle/Texas/24-008749-003/2024(H5N1)	1333	5608
HA|PP755589.1|A/cattle/Texas/24-008749-003/2024(H5N1)	1334	5695
HA|PP755589.1|A/cattle/Texas/24-008749-003/2024(H5N1)	1335	5694
HA|PP755589.1|A/cattle/Texas/24-008749-003/2024(H5N1)	1336	5639
HA|PP755589.1|A/cattle/Texas/24-008749-003/2024(H5N1)	1337	5630
HA|PP755589.1|A/cattle/Texas/24-008749-003/2024(H5N1)	1338	5684
HA|PP755589.1|A/cattle/Texas/24-008749-003/2024(H5N1)	1339	5682
HA|PP755589.1|A/cattle/Texas/24-008749-003/2024(H5N1)	1340	5698
HA|PP755589.1|A/cattle/Texas/24-008749-003/2024(H5N1)	1341	5695
HA|PP755589.1|A/cattle/Texas/24-008749-003/2024(H5N1)	1342	5719
HA|PP755589.1|A/cattle/Texas/24-008749-003/2024(H5N1)	1343	5743
HA|PP755589.1|A/cattle/Texas/24-008749-003/2024(H5N1)	1344	5790
HA|PP755589.1|A/cattle/Texas/24-008749-003/2024(H5N1)	1345	5774
HA|PP755589.1|A/cattle/Texas/24-008749-003/2024(H5N1)	1346	5780
HA|PP755589.1|A/cattle/Texas/24-008749-003/2024(H5N1)	1347	5766
HA|PP755589.1|A/cattle/Texas/24-008749-003/2024(H5N1)	1348	5768
HA|PP755589.1|A/cattle/Texas/24-008749-003/2024(H5N1)	1349	5738
HA|PP755589.1|A/cattle/Texas/24-008749-003/2024(H5N1)	1350	5734
HA|PP755589.1|A/cattle/Texas/24-008749-003/2024(H5N1)	1351	5713
HA|PP755589.1|A/cattle/Texas/24-008749-003/2024(H5N1)	1352	5727
HA|PP755589.1|A/cattle/Texas/24-008749-003/2024(H5N1)	1353	5717
HA|PP755589.1|A/cattle/Texas/24-008749-003/2024(H5N1)	1354	5715
HA|PP755589.1|A/cattle/Texas/24-008749-003/2024(H5N1)	1355	5778
HA|PP755589.1|A/cattle/Texas/24-008749-003/2024(H5N1)	1356	5753
HA|PP755589.1|A/cattle/Texas/24-008749-003/2024(H5N1)	1357	5769
HA|PP755589.1|A/cattle/Texas/24-008749-003/2024(H5N1)	1358	5771
HA|PP755589.1|A/cattle/Texas/24-008749-003/2024(H5N1)	1359	5778
HA|PP755589.1|A/cattle/Texas/24-008749-003/2024(H5N1)	1360	5781
HA|PP755589.1|A/cattle/Texas/24-008749-003/2024(H5N1)	1361	5740
HA|PP755589.1|A/cattle/Texas/24-008749-003/2024(H5N1)	1362	5726
HA|PP755589.1|A/cattle/Texas/24-008749-003/2024(H5N1)	1363	5711
HA|PP755589.1|A/cattle/Texas/24-008749-003/2024(H5N1)	1364	5645
HA|PP755589.1|A/cattle/Texas/24-008749-003/2024(H5N1)	1365	5463
HA|PP755589.1|A/cattle/Texas/24-008749-003/2024(H5N1)	1366	5309
HA|PP755589.1|A/cattle/Texas/24-008749-003/2024(H5N1)	1367	5309
HA|PP755589.1|A/cattle/Texas/24-008749-003/2024(H5N1)	1368	5299
HA|PP755589.1|A/cattle/Texas/24-008749-003/2024(H5N1)	1369	5303
HA|PP755589.1|A/cattle/Texas/24-008749-003/2024(H5N1)	1370	5343
HA|PP755589.1|A/cattle/Texas/24-008749-003/2024(H5N1)	1371	5260
HA|PP755589.1|A/cattle/Texas/24-008749-003/2024(H5N1)	1372	5262
HA|PP755589.1|A/cattle/Texas/24-008749-003/2024(H5N1)	1373	5206
HA|PP755589.1|A/cattle/Texas/24-008749-003/2024(H5N1)	1374	5198
HA|PP755589.1|A/cattle/Texas/24-008749-003/2024(H5N1)	1375	5208
HA|PP755589.1|A/cattle/Texas/24-008749-003/2024(H5N1)	1376	5163
HA|PP755589.1|A/cattle/Texas/24-008749-003/2024(H5N1)	1377	5179
HA|PP755589.1|A/cattle/Texas/24-008749-003/2024(H5N1)	1378	5214
HA|PP755589.1|A/cattle/Texas/24-008749-003/2024(H5N1)	1379	5211
HA|PP755589.1|A/cattle/Texas/24-008749-003/2024(H5N1)	1380	5213
HA|PP755589.1|A/cattle/Texas/24-008749-003/2024(H5N1)	1381	5213
HA|PP755589.1|A/cattle/Texas/24-008749-003/2024(H5N1)	1382	5183
HA|PP755589.1|A/cattle/Texas/24-008749-003/2024(H5N1)	1383	5153
HA|PP755589.1|A/cattle/Texas/24-008749-003/2024(H5N1)	1384	5129
HA|PP755589.1|A/cattle/Texas/24-008749-003/2024(H5N1)	1385	5139
HA|PP755589.1|A/cattle/Texas/24-008749-003/2024(H5N1)	1386	5164
HA|PP755589.1|A/cattle/Texas/24-008749-003/2024(H5N1)	1387	5143
HA|PP755589.1|A/cattle/Texas/24-008749-003/2024(H5N1)	1388	5120
HA|PP755589.1|A/cattle/Texas/24-008749-003/2024(H5N1)	1389	5118
HA|PP755589.1|A/cattle/Texas/24-008749-003/2024(H5N1)	1390	5130
HA|PP755589.1|A/cattle/Texas/24-008749-003/2024(H5N1)	1391	5143
HA|PP755589.1|A/cattle/Texas/24-008749-003/2024(H5N1)	1392	5089
HA|PP755589.1|A/cattle/Texas/24-008749-003/2024(H5N1)	1393	5086
HA|PP755589.1|A/cattle/Texas/24-008749-003/2024(H5N1)	1394	5083
HA|PP755589.1|A/cattle/Texas/24-008749-003/2024(H5N1)	1395	5066
HA|PP755589.1|A/cattle/Texas/24-008749-003/2024(H5N1)	1396	5045
HA|PP755589.1|A/cattle/Texas/24-008749-003/2024(H5N1)	1397	5025
HA|PP755589.1|A/cattle/Texas/24-008749-003/2024(H5N1)	1398	5028
HA|PP755589.1|A/cattle/Texas/24-008749-003/2024(H5N1)	1399	5044
HA|PP755589.1|A/cattle/Texas/24-008749-003/2024(H5N1)	1400	5041
HA|PP755589.1|A/cattle/Texas/24-008749-003/2024(H5N1)	1401	5014
HA|PP755589.1|A/cattle/Texas/24-008749-003/2024(H5N1)	1402	4997
HA|PP755589.1|A/cattle/Texas/24-008749-003/2024(H5N1)	1403	5040
HA|PP755589.1|A/cattle/Texas/24-008749-003/2024(H5N1)	1404	5059
HA|PP755589.1|A/cattle/Texas/24-008749-003/2024(H5N1)	1405	5084
HA|PP755589.1|A/cattle/Texas/24-008749-003/2024(H5N1)	1406	5121
HA|PP755589.1|A/cattle/Texas/24-008749-003/2024(H5N1)	1407	5096
HA|PP755589.1|A/cattle/Texas/24-008749-003/2024(H5N1)	1408	5060
HA|PP755589.1|A/cattle/Texas/24-008749-003/2024(H5N1)	1409	5024
HA|PP755589.1|A/cattle/Texas/24-008749-003/2024(H5N1)	1410	5084
HA|PP755589.1|A/cattle/Texas/24-008749-003/2024(H5N1)	1411	5165
HA|PP755589.1|A/cattle/Texas/24-008749-003/2024(H5N1)	1412	5138
HA|PP755589.1|A/cattle/Texas/24-008749-003/2024(H5N1)	1413	5182
HA|PP755589.1|A/cattle/Texas/24-008749-003/2024(H5N1)	1414	5152
HA|PP755589.1|A/cattle/Texas/24-008749-003/2024(H5N1)	1415	5145
HA|PP755589.1|A/cattle/Texas/24-008749-003/2024(H5N1)	1416	5172
HA|PP755589.1|A/cattle/Texas/24-008749-003/2024(H5N1)	1417	5165
HA|PP755589.1|A/cattle/Texas/24-008749-003/2024(H5N1)	1418	5155
HA|PP755589.1|A/cattle/Texas/24-008749-003/2024(H5N1)	1419	5030
HA|PP755589.1|A/cattle/Texas/24-008749-003/2024(H5N1)	1420	4887
HA|PP755589.1|A/cattle/Texas/24-008749-003/2024(H5N1)	1421	4957
HA|PP755589.1|A/cattle/Texas/24-008749-003/2024(H5N1)	1422	4949
HA|PP755589.1|A/cattle/Texas/24-008749-003/2024(H5N1)	1423	4956
HA|PP755589.1|A/cattle/Texas/24-008749-003/2024(H5N1)	1424	4962
HA|PP755589.1|A/cattle/Texas/24-008749-003/2024(H5N1)	1425	4900
HA|PP755589.1|A/cattle/Texas/24-008749-003/2024(H5N1)	1426	4876
HA|PP755589.1|A/cattle/Texas/24-008749-003/2024(H5N1)	1427	4873
HA|PP755589.1|A/cattle/Texas/24-008749-003/2024(H5N1)	1428	4871
HA|PP755589.1|A/cattle/Texas/24-008749-003/2024(H5N1)	1429	4922
HA|PP755589.1|A/cattle/Texas/24-008749-003/2024(H5N1)	1430	4771
HA|PP755589.1|A/cattle/Texas/24-008749-003/2024(H5N1)	1431	4774
HA|PP755589.1|A/cattle/Texas/24-008749-003/2024(H5N1)	1432	4696
HA|PP755589.1|A/cattle/Texas/24-008749-003/2024(H5N1)	1433	4677
HA|PP755589.1|A/cattle/Texas/24-008749-003/2024(H5N1)	1434	4721
HA|PP755589.1|A/cattle/Texas/24-008749-003/2024(H5N1)	1435	4836
HA|PP755589.1|A/cattle/Texas/24-008749-003/2024(H5N1)	1436	4835
HA|PP755589.1|A/cattle/Texas/24-008749-003/2024(H5N1)	1437	4832
HA|PP755589.1|A/cattle/Texas/24-008749-003/2024(H5N1)	1438	4798
HA|PP755589.1|A/cattle/Texas/24-008749-003/2024(H5N1)	1439	4791
HA|PP755589.1|A/cattle/Texas/24-008749-003/2024(H5N1)	1440	4784
HA|PP755589.1|A/cattle/Texas/24-008749-003/2024(H5N1)	1441	4781
HA|PP755589.1|A/cattle/Texas/24-008749-003/2024(H5N1)	1442	4781
HA|PP755589.1|A/cattle/Texas/24-008749-003/2024(H5N1)	1443	4688
HA|PP755589.1|A/cattle/Texas/24-008749-003/2024(H5N1)	1444	4692
HA|PP755589.1|A/cattle/Texas/24-008749-003/2024(H5N1)	1445	4715
HA|PP755589.1|A/cattle/Texas/24-008749-003/2024(H5N1)	1446	4723
HA|PP755589.1|A/cattle/Texas/24-008749-003/2024(H5N1)	1447	4732
HA|PP755589.1|A/cattle/Texas/24-008749-003/2024(H5N1)	1448	4732
HA|PP755589.1|A/cattle/Texas/24-008749-003/2024(H5N1)	1449	4714
HA|PP755589.1|A/cattle/Texas/24-008749-003/2024(H5N1)	1450	4716
HA|PP755589.1|A/cattle/Texas/24-008749-003/2024(H5N1)	1451	4714
HA|PP755589.1|A/cattle/Texas/24-008749-003/2024(H5N1)	1452	4721
HA|PP755589.1|A/cattle/Texas/24-008749-003/2024(H5N1)	1453	4725
HA|PP755589.1|A/cattle/Texas/24-008749-003/2024(H5N1)	1454	4696
HA|PP755589.1|A/cattle/Texas/24-008749-003/2024(H5N1)	1455	4696
HA|PP755589.1|A/cattle/Texas/24-008749-003/2024(H5N1)	1456	4681
HA|PP755589.1|A/cattle/Texas/24-008749-003/2024(H5N1)	1457	4707
HA|PP755589.1|A/cattle/Texas/24-008749-003/2024(H5N1)	1458	4718
HA|PP755589.1|A/cattle/Texas/24-008749-003/2024(H5N1)	1459	4700
HA|PP755589.1|A/cattle/Texas/24-008749-003/2024(H5N1)	1460	4701
HA|PP755589.1|A/cattle/Texas/24-008749-003/2024(H5N1)	1461	4715
HA|PP755589.1|A/cattle/Texas/24-008749-003/2024(H5N1)	1462	4705
HA|PP755589.1|A/cattle/Texas/24-008749-003/2024(H5N1)	1463	4705
HA|PP755589.1|A/cattle/Texas/24-008749-003/2024(H5N1)	1464	4707
HA|PP755589.1|A/cattle/Texas/24-008749-003/2024(H5N1)	1465	4717
HA|PP755589.1|A/cattle/Texas/24-008749-003/2024(H5N1)	1466	4735
HA|PP755589.1|A/cattle/Texas/24-008749-003/2024(H5N1)	1467	4701
HA|PP755589.1|A/cattle/Texas/24-008749-003/2024(H5N1)	1468	4684
HA|PP755589.1|A/cattle/Texas/24-008749-003/2024(H5N1)	1469	4700
HA|PP755589.1|A/cattle/Texas/24-008749-003/2024(H5N1)	1470	4680
HA|PP755589.1|A/cattle/Texas/24-008749-003/2024(H5N1)	1471	4696
HA|PP755589.1|A/cattle/Texas/24-008749-003/2024(H5N1)	1472	4655
HA|PP755589.1|A/cattle/Texas/24-008749-003/2024(H5N1)	1473	4638
HA|PP755589.1|A/cattle/Texas/24-008749-003/2024(H5N1)	1474	4640
HA|PP755589.1|A/cattle/Texas/24-008749-003/2024(H5N1)	1475	4576
HA|PP755589.1|A/cattle/Texas/24-008749-003/2024(H5N1)	1476	4605
HA|PP755589.1|A/cattle/Texas/24-008749-003/2024(H5N1)	1477	4584
HA|PP755589.1|A/cattle/Texas/24-008749-003/2024(H5N1)	1478	4603
HA|PP755589.1|A/cattle/Texas/24-008749-003/2024(H5N1)	1479	4606
HA|PP755589.1|A/cattle/Texas/24-008749-003/2024(H5N1)	1480	4597
HA|PP755589.1|A/cattle/Texas/24-008749-003/2024(H5N1)	1481	4587
HA|PP755589.1|A/cattle/Texas/24-008749-003/2024(H5N1)	1482	4517
HA|PP755589.1|A/cattle/Texas/24-008749-003/2024(H5N1)	1483	4509
HA|PP755589.1|A/cattle/Texas/24-008749-003/2024(H5N1)	1484	4510
HA|PP755589.1|A/cattle/Texas/24-008749-003/2024(H5N1)	1485	4486
HA|PP755589.1|A/cattle/Texas/24-008749-003/2024(H5N1)	1486	4376
HA|PP755589.1|A/cattle/Texas/24-008749-003/2024(H5N1)	1487	4403
HA|PP755589.1|A/cattle/Texas/24-008749-003/2024(H5N1)	1488	4352
HA|PP755589.1|A/cattle/Texas/24-008749-003/2024(H5N1)	1489	4350
HA|PP755589.1|A/cattle/Texas/24-008749-003/2024(H5N1)	1490	4329
HA|PP755589.1|A/cattle/Texas/24-008749-003/2024(H5N1)	1491	4307
HA|PP755589.1|A/cattle/Texas/24-008749-003/2024(H5N1)	1492	4301
HA|PP755589.1|A/cattle/Texas/24-008749-003/2024(H5N1)	1493	4281
HA|PP755589.1|A/cattle/Texas/24-008749-003/2024(H5N1)	1494	4346
HA|PP755589.1|A/cattle/Texas/24-008749-003/2024(H5N1)	1495	4348
HA|PP755589.1|A/cattle/Texas/24-008749-003/2024(H5N1)	1496	4218
HA|PP755589.1|A/cattle/Texas/24-008749-003/2024(H5N1)	1497	4361
HA|PP755589.1|A/cattle/Texas/24-008749-003/2024(H5N1)	1498	4356
HA|PP755589.1|A/cattle/Texas/24-008749-003/2024(H5N1)	1499	4364
HA|PP755589.1|A/cattle/Texas/24-008749-003/2024(H5N1)	1500	4375
HA|PP755589.1|A/cattle/Texas/24-008749-003/2024(H5N1)	1501	4390
HA|PP755589.1|A/cattle/Texas/24-008749-003/2024(H5N1)	1502	4311
HA|PP755589.1|A/cattle/Texas/24-008749-003/2024(H5N1)	1503	4305
HA|PP755589.1|A/cattle/Texas/24-008749-003/2024(H5N1)	1504	4304
HA|PP755589.1|A/cattle/Texas/24-008749-003/2024(H5N1)	1505	4300
HA|PP755589.1|A/cattle/Texas/24-008749-003/2024(H5N1)	1506	4338
HA|PP755589.1|A/cattle/Texas/24-008749-003/2024(H5N1)	1507	4331
HA|PP755589.1|A/cattle/Texas/24-008749-003/2024(H5N1)	1508	4322
HA|PP755589.1|A/cattle/Texas/24-008749-003/2024(H5N1)	1509	4289
HA|PP755589.1|A/cattle/Texas/24-008749-003/2024(H5N1)	1510	4239
HA|PP755589.1|A/cattle/Texas/24-008749-003/2024(H5N1)	1511	4250
HA|PP755589.1|A/cattle/Texas/24-008749-003/2024(H5N1)	1512	4191
HA|PP755589.1|A/cattle/Texas/24-008749-003/2024(H5N1)	1513	4173
HA|PP755589.1|A/cattle/Texas/24-008749-003/2024(H5N1)	1514	4170
HA|PP755589.1|A/cattle/Texas/24-008749-003/2024(H5N1)	1515	4092
HA|PP755589.1|A/cattle/Texas/24-008749-003/2024(H5N1)	1516	4100
HA|PP755589.1|A/cattle/Texas/24-008749-003/2024(H5N1)	1517	4077
HA|PP755589.1|A/cattle/Texas/24-008749-003/2024(H5N1)	1518	4146
HA|PP755589.1|A/cattle/Texas/24-008749-003/2024(H5N1)	1519	4146
HA|PP755589.1|A/cattle/Texas/24-008749-003/2024(H5N1)	1520	4104
HA|PP755589.1|A/cattle/Texas/24-008749-003/2024(H5N1)	1521	4080
HA|PP755589.1|A/cattle/Texas/24-008749-003/2024(H5N1)	1522	4023
HA|PP755589.1|A/cattle/Texas/24-008749-003/2024(H5N1)	1523	4024
HA|PP755589.1|A/cattle/Texas/24-008749-003/2024(H5N1)	1524	3976
HA|PP755589.1|A/cattle/Texas/24-008749-003/2024(H5N1)	1525	3988
HA|PP755589.1|A/cattle/Texas/24-008749-003/2024(H5N1)	1526	3958
HA|PP755589.1|A/cattle/Texas/24-008749-003/2024(H5N1)	1527	3812
HA|PP755589.1|A/cattle/Texas/24-008749-003/2024(H5N1)	1528	3807
HA|PP755589.1|A/cattle/Texas/24-008749-003/2024(H5N1)	1529	3761
HA|PP755589.1|A/cattle/Texas/24-008749-003/2024(H5N1)	1530	3760
HA|PP755589.1|A/cattle/Texas/24-008749-003/2024(H5N1)	1531	3746
HA|PP755589.1|A/cattle/Texas/24-008749-003/2024(H5N1)	1532	3738
HA|PP755589.1|A/cattle/Texas/24-008749-003/2024(H5N1)	1533	3739
HA|PP755589.1|A/cattle/Texas/24-008749-003/2024(H5N1)	1534	3712
HA|PP755589.1|A/cattle/Texas/24-008749-003/2024(H5N1)	1535	3716
HA|PP755589.1|A/cattle/Texas/24-008749-003/2024(H5N1)	1536	3717
HA|PP755589.1|A/cattle/Texas/24-008749-003/2024(H5N1)	1537	3718
HA|PP755589.1|A/cattle/Texas/24-008749-003/2024(H5N1)	1538	3701
HA|PP755589.1|A/cattle/Texas/24-008749-003/2024(H5N1)	1539	3697
HA|PP755589.1|A/cattle/Texas/24-008749-003/2024(H5N1)	1540	3697
HA|PP755589.1|A/cattle/Texas/24-008749-003/2024(H5N1)	1541	3699
HA|PP755589.1|A/cattle/Texas/24-008749-003/2024(H5N1)	1542	3699
HA|PP755589.1|A/cattle/Texas/24-008749-003/2024(H5N1)	1543	3664
HA|PP755589.1|A/cattle/Texas/24-008749-003/2024(H5N1)	1544	3666
HA|PP755589.1|A/cattle/Texas/24-008749-003/2024(H5N1)	1545	3611
HA|PP755589.1|A/cattle/Texas/24-008749-003/2024(H5N1)	1546	3608
HA|PP755589.1|A/cattle/Texas/24-008749-003/2024(H5N1)	1547	3602
HA|PP755589.1|A/cattle/Texas/24-008749-003/2024(H5N1)	1548	3598
HA|PP755589.1|A/cattle/Texas/24-008749-003/2024(H5N1)	1549	3611
HA|PP755589.1|A/cattle/Texas/24-008749-003/2024(H5N1)	1550	3599
HA|PP755589.1|A/cattle/Texas/24-008749-003/2024(H5N1)	1551	3604
HA|PP755589.1|A/cattle/Texas/24-008749-003/2024(H5N1)	1552	3603
HA|PP755589.1|A/cattle/Texas/24-008749-003/2024(H5N1)	1553	3585
HA|PP755589.1|A/cattle/Texas/24-008749-003/2024(H5N1)	1554	3584
HA|PP755589.1|A/cattle/Texas/24-008749-003/2024(H5N1)	1555	3565
HA|PP755589.1|A/cattle/Texas/24-008749-003/2024(H5N1)	1556	3540
HA|PP755589.1|A/cattle/Texas/24-008749-003/2024(H5N1)	1557	3523
HA|PP755589.1|A/cattle/Texas/24-008749-003/2024(H5N1)	1558	3435
HA|PP755589.1|A/cattle/Texas/24-008749-003/2024(H5N1)	1559	3439
HA|PP755589.1|A/cattle/Texas/24-008749-003/2024(H5N1)	1560	3411
HA|PP755589.1|A/cattle/Texas/24-008749-003/2024(H5N1)	1561	3411
HA|PP755589.1|A/cattle/Texas/24-008749-003/2024(H5N1)	1562	3363
HA|PP755589.1|A/cattle/Texas/24-008749-003/2024(H5N1)	1563	3359
HA|PP755589.1|A/cattle/Texas/24-008749-003/2024(H5N1)	1564	3350
HA|PP755589.1|A/cattle/Texas/24-008749-003/2024(H5N1)	1565	3320
HA|PP755589.1|A/cattle/Texas/24-008749-003/2024(H5N1)	1566	3326
HA|PP755589.1|A/cattle/Texas/24-008749-003/2024(H5N1)	1567	3312
HA|PP755589.1|A/cattle/Texas/24-008749-003/2024(H5N1)	1568	3298
HA|PP755589.1|A/cattle/Texas/24-008749-003/2024(H5N1)	1569	3283
HA|PP755589.1|A/cattle/Texas/24-008749-003/2024(H5N1)	1570	3254
HA|PP755589.1|A/cattle/Texas/24-008749-003/2024(H5N1)	1571	3252
HA|PP755589.1|A/cattle/Texas/24-008749-003/2024(H5N1)	1572	3249
HA|PP755589.1|A/cattle/Texas/24-008749-003/2024(H5N1)	1573	3203
HA|PP755589.1|A/cattle/Texas/24-008749-003/2024(H5N1)	1574	3214
HA|PP755589.1|A/cattle/Texas/24-008749-003/2024(H5N1)	1575	3204
HA|PP755589.1|A/cattle/Texas/24-008749-003/2024(H5N1)	1576	3209
HA|PP755589.1|A/cattle/Texas/24-008749-003/2024(H5N1)	1577	3207
HA|PP755589.1|A/cattle/Texas/24-008749-003/2024(H5N1)	1578	3182
HA|PP755589.1|A/cattle/Texas/24-008749-003/2024(H5N1)	1579	3165
HA|PP755589.1|A/cattle/Texas/24-008749-003/2024(H5N1)	1580	3158
HA|PP755589.1|A/cattle/Texas/24-008749-003/2024(H5N1)	1581	3138
HA|PP755589.1|A/cattle/Texas/24-008749-003/2024(H5N1)	1582	3140
HA|PP755589.1|A/cattle/Texas/24-008749-003/2024(H5N1)	1583	3108
HA|PP755589.1|A/cattle/Texas/24-008749-003/2024(H5N1)	1584	3002
HA|PP755589.1|A/cattle/Texas/24-008749-003/2024(H5N1)	1585	2994
HA|PP755589.1|A/cattle/Texas/24-008749-003/2024(H5N1)	1586	3031
HA|PP755589.1|A/cattle/Texas/24-008749-003/2024(H5N1)	1587	3033
HA|PP755589.1|A/cattle/Texas/24-008749-003/2024(H5N1)	1588	3028
HA|PP755589.1|A/cattle/Texas/24-008749-003/2024(H5N1)	1589	2960
HA|PP755589.1|A/cattle/Texas/24-008749-003/2024(H5N1)	1590	2960
HA|PP755589.1|A/cattle/Texas/24-008749-003/2024(H5N1)	1591	2945
HA|PP755589.1|A/cattle/Texas/24-008749-003/2024(H5N1)	1592	2938
HA|PP755589.1|A/cattle/Texas/24-008749-003/2024(H5N1)	1593	2869
HA|PP755589.1|A/cattle/Texas/24-008749-003/2024(H5N1)	1594	2865
HA|PP755589.1|A/cattle/Texas/24-008749-003/2024(H5N1)	1595	2774
HA|PP755589.1|A/cattle/Texas/24-008749-003/2024(H5N1)	1596	2775
HA|PP755589.1|A/cattle/Texas/24-008749-003/2024(H5N1)	1597	2770
HA|PP755589.1|A/cattle/Texas/24-008749-003/2024(H5N1)	1598	2772
HA|PP755589.1|A/cattle/Texas/24-008749-003/2024(H5N1)	1599	2758
HA|PP755589.1|A/cattle/Texas/24-008749-003/2024(H5N1)	1600	2748
HA|PP755589.1|A/cattle/Texas/24-008749-003/2024(H5N1)	1601	2747
HA|PP755589.1|A/cattle/Texas/24-008749-003/2024(H5N1)	1602	2751
HA|PP755589.1|A/cattle/Texas/24-008749-003/2024(H5N1)	1603	2711
HA|PP755589.1|A/cattle/Texas/24-008749-003/2024(H5N1)	1604	2704
HA|PP755589.1|A/cattle/Texas/24-008749-003/2024(H5N1)	1605	2690
HA|PP755589.1|A/cattle/Texas/24-008749-003/2024(H5N1)	1606	2654
HA|PP755589.1|A/cattle/Texas/24-008749-003/2024(H5N1)	1607	2642
HA|PP755589.1|A/cattle/Texas/24-008749-003/2024(H5N1)	1608	2629
HA|PP755589.1|A/cattle/Texas/24-008749-003/2024(H5N1)	1609	2623
HA|PP755589.1|A/cattle/Texas/24-008749-003/2024(H5N1)	1610	2619
HA|PP755589.1|A/cattle/Texas/24-008749-003/2024(H5N1)	1611	2563
HA|PP755589.1|A/cattle/Texas/24-008749-003/2024(H5N1)	1612	2565
HA|PP755589.1|A/cattle/Texas/24-008749-003/2024(H5N1)	1613	2545
HA|PP755589.1|A/cattle/Texas/24-008749-003/2024(H5N1)	1614	2547
HA|PP755589.1|A/cattle/Texas/24-008749-003/2024(H5N1)	1615	2548
HA|PP755589.1|A/cattle/Texas/24-008749-003/2024(H5N1)	1616	2543
HA|PP755589.1|A/cattle/Texas/24-008749-003/2024(H5N1)	1617	2539
HA|PP755589.1|A/cattle/Texas/24-008749-003/2024(H5N1)	1618	2533
HA|PP755589.1|A/cattle/Texas/24-008749-003/2024(H5N1)	1619	2543
HA|PP755589.1|A/cattle/Texas/24-008749-003/2024(H5N1)	1620	2531
HA|PP755589.1|A/cattle/Texas/24-008749-003/2024(H5N1)	1621	2510
HA|PP755589.1|A/cattle/Texas/24-008749-003/2024(H5N1)	1622	2524
HA|PP755589.1|A/cattle/Texas/24-008749-003/2024(H5N1)	1623	2514
HA|PP755589.1|A/cattle/Texas/24-008749-003/2024(H5N1)	1624	2508
HA|PP755589.1|A/cattle/Texas/24-008749-003/2024(H5N1)	1625	2508
HA|PP755589.1|A/cattle/Texas/24-008749-003/2024(H5N1)	1626	2500
HA|PP755589.1|A/cattle/Texas/24-008749-003/2024(H5N1)	1627	2500
HA|PP755589.1|A/cattle/Texas/24-008749-003/2024(H5N1)	1628	2435
HA|PP755589.1|A/cattle/Texas/24-008749-003/2024(H5N1)	1629	2404
HA|PP755589.1|A/cattle/Texas/24-008749-003/2024(H5N1)	1630	2404
HA|PP755589.1|A/cattle/Texas/24-008749-003/2024(H5N1)	1631	2316
HA|PP755589.1|A/cattle/Texas/24-008749-003/2024(H5N1)	1632	2327
HA|PP755589.1|A/cattle/Texas/24-008749-003/2024(H5N1)	1633	2327
HA|PP755589.1|A/cattle/Texas/24-008749-003/2024(H5N1)	1634	2327
HA|PP755589.1|A/cattle/Texas/24-008749-003/2024(H5N1)	1635	2322
HA|PP755589.1|A/cattle/Texas/24-008749-003/2024(H5N1)	1636	2303
HA|PP755589.1|A/cattle/Texas/24-008749-003/2024(H5N1)	1637	2284
HA|PP755589.1|A/cattle/Texas/24-008749-003/2024(H5N1)	1638	2291
HA|PP755589.1|A/cattle/Texas/24-008749-003/2024(H5N1)	1639	2287
HA|PP755589.1|A/cattle/Texas/24-008749-003/2024(H5N1)	1640	2277
HA|PP755589.1|A/cattle/Texas/24-008749-003/2024(H5N1)	1641	2254
HA|PP755589.1|A/cattle/Texas/24-008749-003/2024(H5N1)	1642	2228
HA|PP755589.1|A/cattle/Texas/24-008749-003/2024(H5N1)	1643	2215
HA|PP755589.1|A/cattle/Texas/24-008749-003/2024(H5N1)	1644	2212
HA|PP755589.1|A/cattle/Texas/24-008749-003/2024(H5N1)	1645	2205
HA|PP755589.1|A/cattle/Texas/24-008749-003/2024(H5N1)	1646	2196
HA|PP755589.1|A/cattle/Texas/24-008749-003/2024(H5N1)	1647	2122
HA|PP755589.1|A/cattle/Texas/24-008749-003/2024(H5N1)	1648	2122
HA|PP755589.1|A/cattle/Texas/24-008749-003/2024(H5N1)	1649	2132
HA|PP755589.1|A/cattle/Texas/24-008749-003/2024(H5N1)	1650	2122
HA|PP755589.1|A/cattle/Texas/24-008749-003/2024(H5N1)	1651	2119
HA|PP755589.1|A/cattle/Texas/24-008749-003/2024(H5N1)	1652	2094
HA|PP755589.1|A/cattle/Texas/24-008749-003/2024(H5N1)	1653	2113
HA|PP755589.1|A/cattle/Texas/24-008749-003/2024(H5N1)	1654	2101
HA|PP755589.1|A/cattle/Texas/24-008749-003/2024(H5N1)	1655	2104
HA|PP755589.1|A/cattle/Texas/24-008749-003/2024(H5N1)	1656	2084
HA|PP755589.1|A/cattle/Texas/24-008749-003/2024(H5N1)	1657	2018
HA|PP755589.1|A/cattle/Texas/24-008749-003/2024(H5N1)	1658	1963
HA|PP755589.1|A/cattle/Texas/24-008749-003/2024(H5N1)	1659	1960
HA|PP755589.1|A/cattle/Texas/24-008749-003/2024(H5N1)	1660	1959
HA|PP755589.1|A/cattle/Texas/24-008749-003/2024(H5N1)	1661	1935
HA|PP755589.1|A/cattle/Texas/24-008749-003/2024(H5N1)	1662	1839
HA|PP755589.1|A/cattle/Texas/24-008749-003/2024(H5N1)	1663	1813
HA|PP755589.1|A/cattle/Texas/24-008749-003/2024(H5N1)	1664	1713
HA|PP755589.1|A/cattle/Texas/24-008749-003/2024(H5N1)	1665	1709
HA|PP755589.1|A/cattle/Texas/24-008749-003/2024(H5N1)	1666	1658
HA|PP755589.1|A/cattle/Texas/24-008749-003/2024(H5N1)	1667	1651
HA|PP755589.1|A/cattle/Texas/24-008749-003/2024(H5N1)	1668	1651
HA|PP755589.1|A/cattle/Texas/24-008749-003/2024(H5N1)	1669	1649
HA|PP755589.1|A/cattle/Texas/24-008749-003/2024(H5N1)	1670	1649
HA|PP755589.1|A/cattle/Texas/24-008749-003/2024(H5N1)	1671	1599
HA|PP755589.1|A/cattle/Texas/24-008749-003/2024(H5N1)	1672	1591
HA|PP755589.1|A/cattle/Texas/24-008749-003/2024(H5N1)	1673	1590
HA|PP755589.1|A/cattle/Texas/24-008749-003/2024(H5N1)	1674	1560
HA|PP755589.1|A/cattle/Texas/24-008749-003/2024(H5N1)	1675	1548
HA|PP755589.1|A/cattle/Texas/24-008749-003/2024(H5N1)	1676	1499
HA|PP755589.1|A/cattle/Texas/24-008749-003/2024(H5N1)	1677	1483
HA|PP755589.1|A/cattle/Texas/24-008749-003/2024(H5N1)	1678	1477
HA|PP755589.1|A/cattle/Texas/24-008749-003/2024(H5N1)	1679	1412
HA|PP755589.1|A/cattle/Texas/24-008749-003/2024(H5N1)	1680	1411
HA|PP755589.1|A/cattle/Texas/24-008749-003/2024(H5N1)	1681	1409
HA|PP755589.1|A/cattle/Texas/24-008749-003/2024(H5N1)	1682	1407
HA|PP755589.1|A/cattle/Texas/24-008749-003/2024(H5N1)	1683	1407
HA|PP755589.1|A/cattle/Texas/24-008749-003/2024(H5N1)	1684	1390
HA|PP755589.1|A/cattle/Texas/24-008749-003/2024(H5N1)	1685	1210
HA|PP755589.1|A/cattle/Texas/24-008749-003/2024(H5N1)	1686	1204
HA|PP755589.1|A/cattle/Texas/24-008749-003/2024(H5N1)	1687	1183
HA|PP755589.1|A/cattle/Texas/24-008749-003/2024(H5N1)	1688	1183
HA|PP755589.1|A/cattle/Texas/24-008749-003/2024(H5N1)	1689	1183
HA|PP755589.1|A/cattle/Texas/24-008749-003/2024(H5N1)	1690	1122
HA|PP755589.1|A/cattle/Texas/24-008749-003/2024(H5N1)	1691	1120
HA|PP755589.1|A/cattle/Texas/24-008749-003/2024(H5N1)	1692	1115
HA|PP755589.1|A/cattle/Texas/24-008749-003/2024(H5N1)	1693	1113
HA|PP755589.1|A/cattle/Texas/24-008749-003/2024(H5N1)	1694	1112
HA|PP755589.1|A/cattle/Texas/24-008749-003/2024(H5N1)	1695	1029
HA|PP755589.1|A/cattle/Texas/24-008749-003/2024(H5N1)	1696	1015
HA|PP755589.1|A/cattle/Texas/24-008749-003/2024(H5N1)	1697	1008
HA|PP755589.1|A/cattle/Texas/24-008749-003/2024(H5N1)	1698	1002
HA|PP755589.1|A/cattle/Texas/24-008749-003/2024(H5N1)	1699	1002
HA|PP755589.1|A/cattle/Texas/24-008749-003/2024(H5N1)	1700	974
HA|PP755589.1|A/cattle/Texas/24-008749-003/2024(H5N1)	1701	968
HA|PP755589.1|A/cattle/Texas/24-008749-003/2024(H5N1)	1702	964
HA|PP755589.1|A/cattle/Texas/24-008749-003/2024(H5N1)	1703	962
HA|PP755589.1|A/cattle/Texas/24-008749-003/2024(H5N1)	1704	960
