PA|PP755594.1|A/cattle/Texas/24-008749-003/2024(H5N1)	1	3970
PA|PP755594.1|A/cattle/Texas/24-008749-003/2024(H5N1)	2	3984
PA|PP755594.1|A/cattle/Texas/24-008749-003/2024(H5N1)	3	4050
PA|PP755594.1|A/cattle/Texas/24-008749-003/2024(H5N1)	4	4080
PA|PP755594.1|A/cattle/Texas/24-008749-003/2024(H5N1)	5	4118
PA|PP755594.1|A/cattle/Texas/24-008749-003/2024(H5N1)	6	4121
PA|PP755594.1|A/cattle/Texas/24-008749-003/2024(H5N1)	7	4172
PA|PP755594.1|A/cattle/Texas/24-008749-003/2024(H5N1)	8	4234
PA|PP755594.1|A/cattle/Texas/24-008749-003/2024(H5N1)	9	4267
PA|PP755594.1|A/cattle/Texas/24-008749-003/2024(H5N1)	10	4279
PA|PP755594.1|A/cattle/Texas/24-008749-003/2024(H5N1)	11	4324
PA|PP755594.1|A/cattle/Texas/24-008749-003/2024(H5N1)	12	4324
PA|PP755594.1|A/cattle/Texas/24-008749-003/2024(H5N1)	13	4407
PA|PP755594.1|A/cattle/Texas/24-008749-003/2024(H5N1)	14	4427
PA|PP755594.1|A/cattle/Texas/24-008749-003/2024(H5N1)	15	4430
PA|PP755594.1|A/cattle/Texas/24-008749-003/2024(H5N1)	16	4492
PA|PP755594.1|A/cattle/Texas/24-008749-003/2024(H5N1)	17	4494
PA|PP755594.1|A/cattle/Texas/24-008749-003/2024(H5N1)	18	4577
PA|PP755594.1|A/cattle/Texas/24-008749-003/2024(H5N1)	19	4608
PA|PP755594.1|A/cattle/Texas/24-008749-003/2024(H5N1)	20	4621
PA|PP755594.1|A/cattle/Texas/24-008749-003/2024(H5N1)	21	4630
PA|PP755594.1|A/cattle/Texas/24-008749-003/2024(H5N1)	22	4651
PA|PP755594.1|A/cattle/Texas/24-008749-003/2024(H5N1)	23	4825
PA|PP755594.1|A/cattle/Texas/24-008749-003/2024(H5N1)	24	4985
PA|PP755594.1|A/cattle/Texas/24-008749-003/2024(H5N1)	25	5006
PA|PP755594.1|A/cattle/Texas/24-008749-003/2024(H5N1)	26	5011
PA|PP755594.1|A/cattle/Texas/24-008749-003/2024(H5N1)	27	5013
PA|PP755594.1|A/cattle/Texas/24-008749-003/2024(H5N1)	28	5050
PA|PP755594.1|A/cattle/Texas/24-008749-003/2024(H5N1)	29	5266
PA|PP755594.1|A/cattle/Texas/24-008749-003/2024(H5N1)	30	5291
PA|PP755594.1|A/cattle/Texas/24-008749-003/2024(H5N1)	31	5303
PA|PP755594.1|A/cattle/Texas/24-008749-003/2024(H5N1)	32	5298
PA|PP755594.1|A/cattle/Texas/24-008749-003/2024(H5N1)	33	5329
PA|PP755594.1|A/cattle/Texas/24-008749-003/2024(H5N1)	34	5329
PA|PP755594.1|A/cattle/Texas/24-008749-003/2024(H5N1)	35	5373
PA|PP755594.1|A/cattle/Texas/24-008749-003/2024(H5N1)	36	5376
PA|PP755594.1|A/cattle/Texas/24-008749-003/2024(H5N1)	37	5408
PA|PP755594.1|A/cattle/Texas/24-008749-003/2024(H5N1)	38	5451
PA|PP755594.1|A/cattle/Texas/24-008749-003/2024(H5N1)	39	5480
PA|PP755594.1|A/cattle/Texas/24-008749-003/2024(H5N1)	40	5486
PA|PP755594.1|A/cattle/Texas/24-008749-003/2024(H5N1)	41	5559
PA|PP755594.1|A/cattle/Texas/24-008749-003/2024(H5N1)	42	5559
PA|PP755594.1|A/cattle/Texas/24-008749-003/2024(H5N1)	43	5561
PA|PP755594.1|A/cattle/Texas/24-008749-003/2024(H5N1)	44	5592
PA|PP755594.1|A/cattle/Texas/24-008749-003/2024(H5N1)	45	5596
PA|PP755594.1|A/cattle/Texas/24-008749-003/2024(H5N1)	46	5611
PA|PP755594.1|A/cattle/Texas/24-008749-003/2024(H5N1)	47	5616
PA|PP755594.1|A/cattle/Texas/24-008749-003/2024(H5N1)	48	5620
PA|PP755594.1|A/cattle/Texas/24-008749-003/2024(H5N1)	49	5639
PA|PP755594.1|A/cattle/Texas/24-008749-003/2024(H5N1)	50	5645
PA|PP755594.1|A/cattle/Texas/24-008749-003/2024(H5N1)	51	5665
PA|PP755594.1|A/cattle/Texas/24-008749-003/2024(H5N1)	52	5687
PA|PP755594.1|A/cattle/Texas/24-008749-003/2024(H5N1)	53	5675
PA|PP755594.1|A/cattle/Texas/24-008749-003/2024(H5N1)	54	5685
PA|PP755594.1|A/cattle/Texas/24-008749-003/2024(H5N1)	55	5671
PA|PP755594.1|A/cattle/Texas/24-008749-003/2024(H5N1)	56	5671
PA|PP755594.1|A/cattle/Texas/24-008749-003/2024(H5N1)	57	5807
PA|PP755594.1|A/cattle/Texas/24-008749-003/2024(H5N1)	58	5817
PA|PP755594.1|A/cattle/Texas/24-008749-003/2024(H5N1)	59	5869
PA|PP755594.1|A/cattle/Texas/24-008749-003/2024(H5N1)	60	5893
PA|PP755594.1|A/cattle/Texas/24-008749-003/2024(H5N1)	61	6019
PA|PP755594.1|A/cattle/Texas/24-008749-003/2024(H5N1)	62	6027
PA|PP755594.1|A/cattle/Texas/24-008749-003/2024(H5N1)	63	6076
PA|PP755594.1|A/cattle/Texas/24-008749-003/2024(H5N1)	64	6130
PA|PP755594.1|A/cattle/Texas/24-008749-003/2024(H5N1)	65	6147
PA|PP755594.1|A/cattle/Texas/24-008749-003/2024(H5N1)	66	6135
PA|PP755594.1|A/cattle/Texas/24-008749-003/2024(H5N1)	67	6243
PA|PP755594.1|A/cattle/Texas/24-008749-003/2024(H5N1)	68	6277
PA|PP755594.1|A/cattle/Texas/24-008749-003/2024(H5N1)	69	7015
PA|PP755594.1|A/cattle/Texas/24-008749-003/2024(H5N1)	70	7052
PA|PP755594.1|A/cattle/Texas/24-008749-003/2024(H5N1)	71	7088
PA|PP755594.1|A/cattle/Texas/24-008749-003/2024(H5N1)	72	7096
PA|PP755594.1|A/cattle/Texas/24-008749-003/2024(H5N1)	73	7103
PA|PP755594.1|A/cattle/Texas/24-008749-003/2024(H5N1)	74	7173
PA|PP755594.1|A/cattle/Texas/24-008749-003/2024(H5N1)	75	7184
PA|PP755594.1|A/cattle/Texas/24-008749-003/2024(H5N1)	76	7181
PA|PP755594.1|A/cattle/Texas/24-008749-003/2024(H5N1)	77	7220
PA|PP755594.1|A/cattle/Texas/24-008749-003/2024(H5N1)	78	7118
PA|PP755594.1|A/cattle/Texas/24-008749-003/2024(H5N1)	79	7131
PA|PP755594.1|A/cattle/Texas/24-008749-003/2024(H5N1)	80	7143
PA|PP755594.1|A/cattle/Texas/24-008749-003/2024(H5N1)	81	7155
PA|PP755594.1|A/cattle/Texas/24-008749-003/2024(H5N1)	82	7156
PA|PP755594.1|A/cattle/Texas/24-008749-003/2024(H5N1)	83	7147
PA|PP755594.1|A/cattle/Texas/24-008749-003/2024(H5N1)	84	7149
PA|PP755594.1|A/cattle/Texas/24-008749-003/2024(H5N1)	85	7153
PA|PP755594.1|A/cattle/Texas/24-008749-003/2024(H5N1)	86	7193
PA|PP755594.1|A/cattle/Texas/24-008749-003/2024(H5N1)	87	7225
PA|PP755594.1|A/cattle/Texas/24-008749-003/2024(H5N1)	88	7252
PA|PP755594.1|A/cattle/Texas/24-008749-003/2024(H5N1)	89	7252
PA|PP755594.1|A/cattle/Texas/24-008749-003/2024(H5N1)	90	7245
PA|PP755594.1|A/cattle/Texas/24-008749-003/2024(H5N1)	91	7245
PA|PP755594.1|A/cattle/Texas/24-008749-003/2024(H5N1)	92	7242
PA|PP755594.1|A/cattle/Texas/24-008749-003/2024(H5N1)	93	7125
PA|PP755594.1|A/cattle/Texas/24-008749-003/2024(H5N1)	94	7125
PA|PP755594.1|A/cattle/Texas/24-008749-003/2024(H5N1)	95	7125
PA|PP755594.1|A/cattle/Texas/24-008749-003/2024(H5N1)	96	7127
PA|PP755594.1|A/cattle/Texas/24-008749-003/2024(H5N1)	97	7146
PA|PP755594.1|A/cattle/Texas/24-008749-003/2024(H5N1)	98	7148
PA|PP755594.1|A/cattle/Texas/24-008749-003/2024(H5N1)	99	7148
PA|PP755594.1|A/cattle/Texas/24-008749-003/2024(H5N1)	100	7146
PA|PP755594.1|A/cattle/Texas/24-008749-003/2024(H5N1)	101	7148
PA|PP755594.1|A/cattle/Texas/24-008749-003/2024(H5N1)	102	7148
PA|PP755594.1|A/cattle/Texas/24-008749-003/2024(H5N1)	103	7149
PA|PP755594.1|A/cattle/Texas/24-008749-003/2024(H5N1)	104	7143
PA|PP755594.1|A/cattle/Texas/24-008749-003/2024(H5N1)	105	7117
PA|PP755594.1|A/cattle/Texas/24-008749-003/2024(H5N1)	106	7131
PA|PP755594.1|A/cattle/Texas/24-008749-003/2024(H5N1)	107	7279
PA|PP755594.1|A/cattle/Texas/24-008749-003/2024(H5N1)	108	7279
PA|PP755594.1|A/cattle/Texas/24-008749-003/2024(H5N1)	109	7916
PA|PP755594.1|A/cattle/Texas/24-008749-003/2024(H5N1)	110	7941
PA|PP755594.1|A/cattle/Texas/24-008749-003/2024(H5N1)	111	8051
PA|PP755594.1|A/cattle/Texas/24-008749-003/2024(H5N1)	112	8115
PA|PP755594.1|A/cattle/Texas/24-008749-003/2024(H5N1)	113	8122
PA|PP755594.1|A/cattle/Texas/24-008749-003/2024(H5N1)	114	8218
PA|PP755594.1|A/cattle/Texas/24-008749-003/2024(H5N1)	115	8216
PA|PP755594.1|A/cattle/Texas/24-008749-003/2024(H5N1)	116	8217
PA|PP755594.1|A/cattle/Texas/24-008749-003/2024(H5N1)	117	8217
PA|PP755594.1|A/cattle/Texas/24-008749-003/2024(H5N1)	118	8175
PA|PP755594.1|A/cattle/Texas/24-008749-003/2024(H5N1)	119	8175
PA|PP755594.1|A/cattle/Texas/24-008749-003/2024(H5N1)	120	8084
PA|PP755594.1|A/cattle/Texas/24-008749-003/2024(H5N1)	121	8345
PA|PP755594.1|A/cattle/Texas/24-008749-003/2024(H5N1)	122	8340
PA|PP755594.1|A/cattle/Texas/24-008749-003/2024(H5N1)	123	8309
PA|PP755594.1|A/cattle/Texas/24-008749-003/2024(H5N1)	124	8313
PA|PP755594.1|A/cattle/Texas/24-008749-003/2024(H5N1)	125	8315
PA|PP755594.1|A/cattle/Texas/24-008749-003/2024(H5N1)	126	8315
PA|PP755594.1|A/cattle/Texas/24-008749-003/2024(H5N1)	127	8507
PA|PP755594.1|A/cattle/Texas/24-008749-003/2024(H5N1)	128	8512
PA|PP755594.1|A/cattle/Texas/24-008749-003/2024(H5N1)	129	8582
PA|PP755594.1|A/cattle/Texas/24-008749-003/2024(H5N1)	130	8600
PA|PP755594.1|A/cattle/Texas/24-008749-003/2024(H5N1)	131	8537
PA|PP755594.1|A/cattle/Texas/24-008749-003/2024(H5N1)	132	8576
PA|PP755594.1|A/cattle/Texas/24-008749-003/2024(H5N1)	133	8580
PA|PP755594.1|A/cattle/Texas/24-008749-003/2024(H5N1)	134	8788
PA|PP755594.1|A/cattle/Texas/24-008749-003/2024(H5N1)	135	8806
PA|PP755594.1|A/cattle/Texas/24-008749-003/2024(H5N1)	136	8817
PA|PP755594.1|A/cattle/Texas/24-008749-003/2024(H5N1)	137	8818
PA|PP755594.1|A/cattle/Texas/24-008749-003/2024(H5N1)	138	8830
PA|PP755594.1|A/cattle/Texas/24-008749-003/2024(H5N1)	139	8834
PA|PP755594.1|A/cattle/Texas/24-008749-003/2024(H5N1)	140	8895
PA|PP755594.1|A/cattle/Texas/24-008749-003/2024(H5N1)	141	8951
PA|PP755594.1|A/cattle/Texas/24-008749-003/2024(H5N1)	142	8935
PA|PP755594.1|A/cattle/Texas/24-008749-003/2024(H5N1)	143	8861
PA|PP755594.1|A/cattle/Texas/24-008749-003/2024(H5N1)	144	8866
PA|PP755594.1|A/cattle/Texas/24-008749-003/2024(H5N1)	145	8864
PA|PP755594.1|A/cattle/Texas/24-008749-003/2024(H5N1)	146	8867
PA|PP755594.1|A/cattle/Texas/24-008749-003/2024(H5N1)	147	8882
PA|PP755594.1|A/cattle/Texas/24-008749-003/2024(H5N1)	148	8957
PA|PP755594.1|A/cattle/Texas/24-008749-003/2024(H5N1)	149	8957
PA|PP755594.1|A/cattle/Texas/24-008749-003/2024(H5N1)	150	8942
PA|PP755594.1|A/cattle/Texas/24-008749-003/2024(H5N1)	151	8940
PA|PP755594.1|A/cattle/Texas/24-008749-003/2024(H5N1)	152	8957
PA|PP755594.1|A/cattle/Texas/24-008749-003/2024(H5N1)	153	8992
PA|PP755594.1|A/cattle/Texas/24-008749-003/2024(H5N1)	154	8994
PA|PP755594.1|A/cattle/Texas/24-008749-003/2024(H5N1)	155	8998
PA|PP755594.1|A/cattle/Texas/24-008749-003/2024(H5N1)	156	9001
PA|PP755594.1|A/cattle/Texas/24-008749-003/2024(H5N1)	157	8973
PA|PP755594.1|A/cattle/Texas/24-008749-003/2024(H5N1)	158	9036
PA|PP755594.1|A/cattle/Texas/24-008749-003/2024(H5N1)	159	9026
PA|PP755594.1|A/cattle/Texas/24-008749-003/2024(H5N1)	160	9031
PA|PP755594.1|A/cattle/Texas/24-008749-003/2024(H5N1)	161	9091
PA|PP755594.1|A/cattle/Texas/24-008749-003/2024(H5N1)	162	9077
PA|PP755594.1|A/cattle/Texas/24-008749-003/2024(H5N1)	163	9125
PA|PP755594.1|A/cattle/Texas/24-008749-003/2024(H5N1)	164	9134
PA|PP755594.1|A/cattle/Texas/24-008749-003/2024(H5N1)	165	9120
PA|PP755594.1|A/cattle/Texas/24-008749-003/2024(H5N1)	166	9162
PA|PP755594.1|A/cattle/Texas/24-008749-003/2024(H5N1)	167	9148
PA|PP755594.1|A/cattle/Texas/24-008749-003/2024(H5N1)	168	9155
PA|PP755594.1|A/cattle/Texas/24-008749-003/2024(H5N1)	169	9153
PA|PP755594.1|A/cattle/Texas/24-008749-003/2024(H5N1)	170	9124
PA|PP755594.1|A/cattle/Texas/24-008749-003/2024(H5N1)	171	9247
PA|PP755594.1|A/cattle/Texas/24-008749-003/2024(H5N1)	172	9199
PA|PP755594.1|A/cattle/Texas/24-008749-003/2024(H5N1)	173	9202
PA|PP755594.1|A/cattle/Texas/24-008749-003/2024(H5N1)	174	9199
PA|PP755594.1|A/cattle/Texas/24-008749-003/2024(H5N1)	175	9167
PA|PP755594.1|A/cattle/Texas/24-008749-003/2024(H5N1)	176	9231
PA|PP755594.1|A/cattle/Texas/24-008749-003/2024(H5N1)	177	9307
PA|PP755594.1|A/cattle/Texas/24-008749-003/2024(H5N1)	178	9312
PA|PP755594.1|A/cattle/Texas/24-008749-003/2024(H5N1)	179	9370
PA|PP755594.1|A/cattle/Texas/24-008749-003/2024(H5N1)	180	9280
PA|PP755594.1|A/cattle/Texas/24-008749-003/2024(H5N1)	181	9885
PA|PP755594.1|A/cattle/Texas/24-008749-003/2024(H5N1)	182	9906
PA|PP755594.1|A/cattle/Texas/24-008749-003/2024(H5N1)	183	9893
PA|PP755594.1|A/cattle/Texas/24-008749-003/2024(H5N1)	184	9912
PA|PP755594.1|A/cattle/Texas/24-008749-003/2024(H5N1)	185	9902
PA|PP755594.1|A/cattle/Texas/24-008749-003/2024(H5N1)	186	9982
PA|PP755594.1|A/cattle/Texas/24-008749-003/2024(H5N1)	187	10013
PA|PP755594.1|A/cattle/Texas/24-008749-003/2024(H5N1)	188	9983
PA|PP755594.1|A/cattle/Texas/24-008749-003/2024(H5N1)	189	9997
PA|PP755594.1|A/cattle/Texas/24-008749-003/2024(H5N1)	190	10028
PA|PP755594.1|A/cattle/Texas/24-008749-003/2024(H5N1)	191	10025
PA|PP755594.1|A/cattle/Texas/24-008749-003/2024(H5N1)	192	10038
PA|PP755594.1|A/cattle/Texas/24-008749-003/2024(H5N1)	193	10042
PA|PP755594.1|A/cattle/Texas/24-008749-003/2024(H5N1)	194	10069
PA|PP755594.1|A/cattle/Texas/24-008749-003/2024(H5N1)	195	10056
PA|PP755594.1|A/cattle/Texas/24-008749-003/2024(H5N1)	196	10078
PA|PP755594.1|A/cattle/Texas/24-008749-003/2024(H5N1)	197	10075
PA|PP755594.1|A/cattle/Texas/24-008749-003/2024(H5N1)	198	10050
PA|PP755594.1|A/cattle/Texas/24-008749-003/2024(H5N1)	199	10062
PA|PP755594.1|A/cattle/Texas/24-008749-003/2024(H5N1)	200	10080
PA|PP755594.1|A/cattle/Texas/24-008749-003/2024(H5N1)	201	10180
PA|PP755594.1|A/cattle/Texas/24-008749-003/2024(H5N1)	202	10190
PA|PP755594.1|A/cattle/Texas/24-008749-003/2024(H5N1)	203	10154
PA|PP755594.1|A/cattle/Texas/24-008749-003/2024(H5N1)	204	10151
PA|PP755594.1|A/cattle/Texas/24-008749-003/2024(H5N1)	205	10141
PA|PP755594.1|A/cattle/Texas/24-008749-003/2024(H5N1)	206	10254
PA|PP755594.1|A/cattle/Texas/24-008749-003/2024(H5N1)	207	10261
PA|PP755594.1|A/cattle/Texas/24-008749-003/2024(H5N1)	208	10332
PA|PP755594.1|A/cattle/Texas/24-008749-003/2024(H5N1)	209	10335
PA|PP755594.1|A/cattle/Texas/24-008749-003/2024(H5N1)	210	10230
PA|PP755594.1|A/cattle/Texas/24-008749-003/2024(H5N1)	211	10384
PA|PP755594.1|A/cattle/Texas/24-008749-003/2024(H5N1)	212	10382
PA|PP755594.1|A/cattle/Texas/24-008749-003/2024(H5N1)	213	10371
PA|PP755594.1|A/cattle/Texas/24-008749-003/2024(H5N1)	214	10322
PA|PP755594.1|A/cattle/Texas/24-008749-003/2024(H5N1)	215	10182
PA|PP755594.1|A/cattle/Texas/24-008749-003/2024(H5N1)	216	10180
PA|PP755594.1|A/cattle/Texas/24-008749-003/2024(H5N1)	217	10111
PA|PP755594.1|A/cattle/Texas/24-008749-003/2024(H5N1)	218	10075
PA|PP755594.1|A/cattle/Texas/24-008749-003/2024(H5N1)	219	10075
PA|PP755594.1|A/cattle/Texas/24-008749-003/2024(H5N1)	220	9974
PA|PP755594.1|A/cattle/Texas/24-008749-003/2024(H5N1)	221	9972
PA|PP755594.1|A/cattle/Texas/24-008749-003/2024(H5N1)	222	9963
PA|PP755594.1|A/cattle/Texas/24-008749-003/2024(H5N1)	223	10060
PA|PP755594.1|A/cattle/Texas/24-008749-003/2024(H5N1)	224	10107
PA|PP755594.1|A/cattle/Texas/24-008749-003/2024(H5N1)	225	10152
PA|PP755594.1|A/cattle/Texas/24-008749-003/2024(H5N1)	226	10154
PA|PP755594.1|A/cattle/Texas/24-008749-003/2024(H5N1)	227	10154
PA|PP755594.1|A/cattle/Texas/24-008749-003/2024(H5N1)	228	10157
PA|PP755594.1|A/cattle/Texas/24-008749-003/2024(H5N1)	229	10164
PA|PP755594.1|A/cattle/Texas/24-008749-003/2024(H5N1)	230	10147
PA|PP755594.1|A/cattle/Texas/24-008749-003/2024(H5N1)	231	10152
PA|PP755594.1|A/cattle/Texas/24-008749-003/2024(H5N1)	232	10163
PA|PP755594.1|A/cattle/Texas/24-008749-003/2024(H5N1)	233	10150
PA|PP755594.1|A/cattle/Texas/24-008749-003/2024(H5N1)	234	10107
PA|PP755594.1|A/cattle/Texas/24-008749-003/2024(H5N1)	235	10107
PA|PP755594.1|A/cattle/Texas/24-008749-003/2024(H5N1)	236	10105
PA|PP755594.1|A/cattle/Texas/24-008749-003/2024(H5N1)	237	9985
PA|PP755594.1|A/cattle/Texas/24-008749-003/2024(H5N1)	238	9986
PA|PP755594.1|A/cattle/Texas/24-008749-003/2024(H5N1)	239	9966
PA|PP755594.1|A/cattle/Texas/24-008749-003/2024(H5N1)	240	9966
PA|PP755594.1|A/cattle/Texas/24-008749-003/2024(H5N1)	241	9966
PA|PP755594.1|A/cattle/Texas/24-008749-003/2024(H5N1)	242	9954
PA|PP755594.1|A/cattle/Texas/24-008749-003/2024(H5N1)	243	9939
PA|PP755594.1|A/cattle/Texas/24-008749-003/2024(H5N1)	244	9882
PA|PP755594.1|A/cattle/Texas/24-008749-003/2024(H5N1)	245	9882
PA|PP755594.1|A/cattle/Texas/24-008749-003/2024(H5N1)	246	9874
PA|PP755594.1|A/cattle/Texas/24-008749-003/2024(H5N1)	247	9870
PA|PP755594.1|A/cattle/Texas/24-008749-003/2024(H5N1)	248	9836
PA|PP755594.1|A/cattle/Texas/24-008749-003/2024(H5N1)	249	9831
PA|PP755594.1|A/cattle/Texas/24-008749-003/2024(H5N1)	250	9157
PA|PP755594.1|A/cattle/Texas/24-008749-003/2024(H5N1)	251	9158
PA|PP755594.1|A/cattle/Texas/24-008749-003/2024(H5N1)	252	9154
PA|PP755594.1|A/cattle/Texas/24-008749-003/2024(H5N1)	253	9188
PA|PP755594.1|A/cattle/Texas/24-008749-003/2024(H5N1)	254	10008
PA|PP755594.1|A/cattle/Texas/24-008749-003/2024(H5N1)	255	10029
PA|PP755594.1|A/cattle/Texas/24-008749-003/2024(H5N1)	256	10036
PA|PP755594.1|A/cattle/Texas/24-008749-003/2024(H5N1)	257	10155
PA|PP755594.1|A/cattle/Texas/24-008749-003/2024(H5N1)	258	10793
PA|PP755594.1|A/cattle/Texas/24-008749-003/2024(H5N1)	259	10798
PA|PP755594.1|A/cattle/Texas/24-008749-003/2024(H5N1)	260	10860
PA|PP755594.1|A/cattle/Texas/24-008749-003/2024(H5N1)	261	10853
PA|PP755594.1|A/cattle/Texas/24-008749-003/2024(H5N1)	262	10772
PA|PP755594.1|A/cattle/Texas/24-008749-003/2024(H5N1)	263	10901
PA|PP755594.1|A/cattle/Texas/24-008749-003/2024(H5N1)	264	10909
PA|PP755594.1|A/cattle/Texas/24-008749-003/2024(H5N1)	265	10903
PA|PP755594.1|A/cattle/Texas/24-008749-003/2024(H5N1)	266	10910
PA|PP755594.1|A/cattle/Texas/24-008749-003/2024(H5N1)	267	10252
PA|PP755594.1|A/cattle/Texas/24-008749-003/2024(H5N1)	268	10593
PA|PP755594.1|A/cattle/Texas/24-008749-003/2024(H5N1)	269	10735
PA|PP755594.1|A/cattle/Texas/24-008749-003/2024(H5N1)	270	10876
PA|PP755594.1|A/cattle/Texas/24-008749-003/2024(H5N1)	271	10882
PA|PP755594.1|A/cattle/Texas/24-008749-003/2024(H5N1)	272	10708
PA|PP755594.1|A/cattle/Texas/24-008749-003/2024(H5N1)	273	10748
PA|PP755594.1|A/cattle/Texas/24-008749-003/2024(H5N1)	274	10736
PA|PP755594.1|A/cattle/Texas/24-008749-003/2024(H5N1)	275	10729
PA|PP755594.1|A/cattle/Texas/24-008749-003/2024(H5N1)	276	10726
PA|PP755594.1|A/cattle/Texas/24-008749-003/2024(H5N1)	277	9905
PA|PP755594.1|A/cattle/Texas/24-008749-003/2024(H5N1)	278	9819
PA|PP755594.1|A/cattle/Texas/24-008749-003/2024(H5N1)	279	9687
PA|PP755594.1|A/cattle/Texas/24-008749-003/2024(H5N1)	280	9696
PA|PP755594.1|A/cattle/Texas/24-008749-003/2024(H5N1)	281	9696
PA|PP755594.1|A/cattle/Texas/24-008749-003/2024(H5N1)	282	9523
PA|PP755594.1|A/cattle/Texas/24-008749-003/2024(H5N1)	283	9522
PA|PP755594.1|A/cattle/Texas/24-008749-003/2024(H5N1)	284	9520
PA|PP755594.1|A/cattle/Texas/24-008749-003/2024(H5N1)	285	9525
PA|PP755594.1|A/cattle/Texas/24-008749-003/2024(H5N1)	286	9517
PA|PP755594.1|A/cattle/Texas/24-008749-003/2024(H5N1)	287	9556
PA|PP755594.1|A/cattle/Texas/24-008749-003/2024(H5N1)	288	9601
PA|PP755594.1|A/cattle/Texas/24-008749-003/2024(H5N1)	289	9580
PA|PP755594.1|A/cattle/Texas/24-008749-003/2024(H5N1)	290	9677
PA|PP755594.1|A/cattle/Texas/24-008749-003/2024(H5N1)	291	9532
PA|PP755594.1|A/cattle/Texas/24-008749-003/2024(H5N1)	292	9545
PA|PP755594.1|A/cattle/Texas/24-008749-003/2024(H5N1)	293	9607
PA|PP755594.1|A/cattle/Texas/24-008749-003/2024(H5N1)	294	9575
PA|PP755594.1|A/cattle/Texas/24-008749-003/2024(H5N1)	295	9561
PA|PP755594.1|A/cattle/Texas/24-008749-003/2024(H5N1)	296	9546
PA|PP755594.1|A/cattle/Texas/24-008749-003/2024(H5N1)	297	9128
PA|PP755594.1|A/cattle/Texas/24-008749-003/2024(H5N1)	298	9149
PA|PP755594.1|A/cattle/Texas/24-008749-003/2024(H5N1)	299	9023
PA|PP755594.1|A/cattle/Texas/24-008749-003/2024(H5N1)	300	9019
PA|PP755594.1|A/cattle/Texas/24-008749-003/2024(H5N1)	301	9045
PA|PP755594.1|A/cattle/Texas/24-008749-003/2024(H5N1)	302	9043
PA|PP755594.1|A/cattle/Texas/24-008749-003/2024(H5N1)	303	9038
PA|PP755594.1|A/cattle/Texas/24-008749-003/2024(H5N1)	304	9197
PA|PP755594.1|A/cattle/Texas/24-008749-003/2024(H5N1)	305	9199
PA|PP755594.1|A/cattle/Texas/24-008749-003/2024(H5N1)	306	9288
PA|PP755594.1|A/cattle/Texas/24-008749-003/2024(H5N1)	307	9332
PA|PP755594.1|A/cattle/Texas/24-008749-003/2024(H5N1)	308	9329
PA|PP755594.1|A/cattle/Texas/24-008749-003/2024(H5N1)	309	9328
PA|PP755594.1|A/cattle/Texas/24-008749-003/2024(H5N1)	310	9303
PA|PP755594.1|A/cattle/Texas/24-008749-003/2024(H5N1)	311	9290
PA|PP755594.1|A/cattle/Texas/24-008749-003/2024(H5N1)	312	9300
PA|PP755594.1|A/cattle/Texas/24-008749-003/2024(H5N1)	313	9304
PA|PP755594.1|A/cattle/Texas/24-008749-003/2024(H5N1)	314	9285
PA|PP755594.1|A/cattle/Texas/24-008749-003/2024(H5N1)	315	9195
PA|PP755594.1|A/cattle/Texas/24-008749-003/2024(H5N1)	316	9110
PA|PP755594.1|A/cattle/Texas/24-008749-003/2024(H5N1)	317	9110
PA|PP755594.1|A/cattle/Texas/24-008749-003/2024(H5N1)	318	8998
PA|PP755594.1|A/cattle/Texas/24-008749-003/2024(H5N1)	319	8981
PA|PP755594.1|A/cattle/Texas/24-008749-003/2024(H5N1)	320	8954
PA|PP755594.1|A/cattle/Texas/24-008749-003/2024(H5N1)	321	8950
PA|PP755594.1|A/cattle/Texas/24-008749-003/2024(H5N1)	322	9005
PA|PP755594.1|A/cattle/Texas/24-008749-003/2024(H5N1)	323	9005
PA|PP755594.1|A/cattle/Texas/24-008749-003/2024(H5N1)	324	8963
PA|PP755594.1|A/cattle/Texas/24-008749-003/2024(H5N1)	325	8931
PA|PP755594.1|A/cattle/Texas/24-008749-003/2024(H5N1)	326	8936
PA|PP755594.1|A/cattle/Texas/24-008749-003/2024(H5N1)	327	9136
PA|PP755594.1|A/cattle/Texas/24-008749-003/2024(H5N1)	328	9137
PA|PP755594.1|A/cattle/Texas/24-008749-003/2024(H5N1)	329	9200
PA|PP755594.1|A/cattle/Texas/24-008749-003/2024(H5N1)	330	9147
PA|PP755594.1|A/cattle/Texas/24-008749-003/2024(H5N1)	331	9081
PA|PP755594.1|A/cattle/Texas/24-008749-003/2024(H5N1)	332	9082
PA|PP755594.1|A/cattle/Texas/24-008749-003/2024(H5N1)	333	9075
PA|PP755594.1|A/cattle/Texas/24-008749-003/2024(H5N1)	334	8924
PA|PP755594.1|A/cattle/Texas/24-008749-003/2024(H5N1)	335	8922
PA|PP755594.1|A/cattle/Texas/24-008749-003/2024(H5N1)	336	8786
PA|PP755594.1|A/cattle/Texas/24-008749-003/2024(H5N1)	337	8731
PA|PP755594.1|A/cattle/Texas/24-008749-003/2024(H5N1)	338	8305
PA|PP755594.1|A/cattle/Texas/24-008749-003/2024(H5N1)	339	8294
PA|PP755594.1|A/cattle/Texas/24-008749-003/2024(H5N1)	340	8292
PA|PP755594.1|A/cattle/Texas/24-008749-003/2024(H5N1)	341	8292
PA|PP755594.1|A/cattle/Texas/24-008749-003/2024(H5N1)	342	8291
PA|PP755594.1|A/cattle/Texas/24-008749-003/2024(H5N1)	343	8292
PA|PP755594.1|A/cattle/Texas/24-008749-003/2024(H5N1)	344	8289
PA|PP755594.1|A/cattle/Texas/24-008749-003/2024(H5N1)	345	8282
PA|PP755594.1|A/cattle/Texas/24-008749-003/2024(H5N1)	346	8239
PA|PP755594.1|A/cattle/Texas/24-008749-003/2024(H5N1)	347	8239
PA|PP755594.1|A/cattle/Texas/24-008749-003/2024(H5N1)	348	8239
PA|PP755594.1|A/cattle/Texas/24-008749-003/2024(H5N1)	349	8232
PA|PP755594.1|A/cattle/Texas/24-008749-003/2024(H5N1)	350	8228
PA|PP755594.1|A/cattle/Texas/24-008749-003/2024(H5N1)	351	8204
PA|PP755594.1|A/cattle/Texas/24-008749-003/2024(H5N1)	352	8194
PA|PP755594.1|A/cattle/Texas/24-008749-003/2024(H5N1)	353	8191
PA|PP755594.1|A/cattle/Texas/24-008749-003/2024(H5N1)	354	8191
PA|PP755594.1|A/cattle/Texas/24-008749-003/2024(H5N1)	355	8191
PA|PP755594.1|A/cattle/Texas/24-008749-003/2024(H5N1)	356	8135
PA|PP755594.1|A/cattle/Texas/24-008749-003/2024(H5N1)	357	8103
PA|PP755594.1|A/cattle/Texas/24-008749-003/2024(H5N1)	358	8098
PA|PP755594.1|A/cattle/Texas/24-008749-003/2024(H5N1)	359	8096
PA|PP755594.1|A/cattle/Texas/24-008749-003/2024(H5N1)	360	8071
PA|PP755594.1|A/cattle/Texas/24-008749-003/2024(H5N1)	361	8040
PA|PP755594.1|A/cattle/Texas/24-008749-003/2024(H5N1)	362	8031
PA|PP755594.1|A/cattle/Texas/24-008749-003/2024(H5N1)	363	8023
PA|PP755594.1|A/cattle/Texas/24-008749-003/2024(H5N1)	364	8005
PA|PP755594.1|A/cattle/Texas/24-008749-003/2024(H5N1)	365	7793
PA|PP755594.1|A/cattle/Texas/24-008749-003/2024(H5N1)	366	5926
PA|PP755594.1|A/cattle/Texas/24-008749-003/2024(H5N1)	367	5926
PA|PP755594.1|A/cattle/Texas/24-008749-003/2024(H5N1)	368	5902
PA|PP755594.1|A/cattle/Texas/24-008749-003/2024(H5N1)	369	5896
PA|PP755594.1|A/cattle/Texas/24-008749-003/2024(H5N1)	370	5896
PA|PP755594.1|A/cattle/Texas/24-008749-003/2024(H5N1)	371	5896
PA|PP755594.1|A/cattle/Texas/24-008749-003/2024(H5N1)	372	5894
PA|PP755594.1|A/cattle/Texas/24-008749-003/2024(H5N1)	373	5894
PA|PP755594.1|A/cattle/Texas/24-008749-003/2024(H5N1)	374	5894
PA|PP755594.1|A/cattle/Texas/24-008749-003/2024(H5N1)	375	5894
PA|PP755594.1|A/cattle/Texas/24-008749-003/2024(H5N1)	376	5894
PA|PP755594.1|A/cattle/Texas/24-008749-003/2024(H5N1)	377	5771
PA|PP755594.1|A/cattle/Texas/24-008749-003/2024(H5N1)	378	5769
PA|PP755594.1|A/cattle/Texas/24-008749-003/2024(H5N1)	379	5769
PA|PP755594.1|A/cattle/Texas/24-008749-003/2024(H5N1)	380	5769
PA|PP755594.1|A/cattle/Texas/24-008749-003/2024(H5N1)	381	5769
PA|PP755594.1|A/cattle/Texas/24-008749-003/2024(H5N1)	382	5768
PA|PP755594.1|A/cattle/Texas/24-008749-003/2024(H5N1)	383	5768
PA|PP755594.1|A/cattle/Texas/24-008749-003/2024(H5N1)	384	5768
PA|PP755594.1|A/cattle/Texas/24-008749-003/2024(H5N1)	385	5768
PA|PP755594.1|A/cattle/Texas/24-008749-003/2024(H5N1)	386	5769
PA|PP755594.1|A/cattle/Texas/24-008749-003/2024(H5N1)	387	5767
PA|PP755594.1|A/cattle/Texas/24-008749-003/2024(H5N1)	388	5767
PA|PP755594.1|A/cattle/Texas/24-008749-003/2024(H5N1)	389	5767
PA|PP755594.1|A/cattle/Texas/24-008749-003/2024(H5N1)	390	5767
PA|PP755594.1|A/cattle/Texas/24-008749-003/2024(H5N1)	391	5767
PA|PP755594.1|A/cattle/Texas/24-008749-003/2024(H5N1)	392	5767
PA|PP755594.1|A/cattle/Texas/24-008749-003/2024(H5N1)	393	5764
PA|PP755594.1|A/cattle/Texas/24-008749-003/2024(H5N1)	394	5763
PA|PP755594.1|A/cattle/Texas/24-008749-003/2024(H5N1)	395	5763
PA|PP755594.1|A/cattle/Texas/24-008749-003/2024(H5N1)	396	5763
PA|PP755594.1|A/cattle/Texas/24-008749-003/2024(H5N1)	397	5807
PA|PP755594.1|A/cattle/Texas/24-008749-003/2024(H5N1)	398	5816
PA|PP755594.1|A/cattle/Texas/24-008749-003/2024(H5N1)	399	5822
PA|PP755594.1|A/cattle/Texas/24-008749-003/2024(H5N1)	400	9450
PA|PP755594.1|A/cattle/Texas/24-008749-003/2024(H5N1)	401	9465
PA|PP755594.1|A/cattle/Texas/24-008749-003/2024(H5N1)	402	9468
PA|PP755594.1|A/cattle/Texas/24-008749-003/2024(H5N1)	403	9491
PA|PP755594.1|A/cattle/Texas/24-008749-003/2024(H5N1)	404	9572
PA|PP755594.1|A/cattle/Texas/24-008749-003/2024(H5N1)	405	9594
PA|PP755594.1|A/cattle/Texas/24-008749-003/2024(H5N1)	406	9605
PA|PP755594.1|A/cattle/Texas/24-008749-003/2024(H5N1)	407	9625
PA|PP755594.1|A/cattle/Texas/24-008749-003/2024(H5N1)	408	9632
PA|PP755594.1|A/cattle/Texas/24-008749-003/2024(H5N1)	409	9634
PA|PP755594.1|A/cattle/Texas/24-008749-003/2024(H5N1)	410	9640
PA|PP755594.1|A/cattle/Texas/24-008749-003/2024(H5N1)	411	9722
PA|PP755594.1|A/cattle/Texas/24-008749-003/2024(H5N1)	412	9823
PA|PP755594.1|A/cattle/Texas/24-008749-003/2024(H5N1)	413	9824
PA|PP755594.1|A/cattle/Texas/24-008749-003/2024(H5N1)	414	9826
PA|PP755594.1|A/cattle/Texas/24-008749-003/2024(H5N1)	415	9827
PA|PP755594.1|A/cattle/Texas/24-008749-003/2024(H5N1)	416	9843
PA|PP755594.1|A/cattle/Texas/24-008749-003/2024(H5N1)	417	9842
PA|PP755594.1|A/cattle/Texas/24-008749-003/2024(H5N1)	418	9853
PA|PP755594.1|A/cattle/Texas/24-008749-003/2024(H5N1)	419	9844
PA|PP755594.1|A/cattle/Texas/24-008749-003/2024(H5N1)	420	9769
PA|PP755594.1|A/cattle/Texas/24-008749-003/2024(H5N1)	421	9772
PA|PP755594.1|A/cattle/Texas/24-008749-003/2024(H5N1)	422	9787
PA|PP755594.1|A/cattle/Texas/24-008749-003/2024(H5N1)	423	9786
PA|PP755594.1|A/cattle/Texas/24-008749-003/2024(H5N1)	424	9791
PA|PP755594.1|A/cattle/Texas/24-008749-003/2024(H5N1)	425	9788
PA|PP755594.1|A/cattle/Texas/24-008749-003/2024(H5N1)	426	9778
PA|PP755594.1|A/cattle/Texas/24-008749-003/2024(H5N1)	427	9912
PA|PP755594.1|A/cattle/Texas/24-008749-003/2024(H5N1)	428	9981
PA|PP755594.1|A/cattle/Texas/24-008749-003/2024(H5N1)	429	9978
PA|PP755594.1|A/cattle/Texas/24-008749-003/2024(H5N1)	430	10032
PA|PP755594.1|A/cattle/Texas/24-008749-003/2024(H5N1)	431	10025
PA|PP755594.1|A/cattle/Texas/24-008749-003/2024(H5N1)	432	9818
PA|PP755594.1|A/cattle/Texas/24-008749-003/2024(H5N1)	433	9845
PA|PP755594.1|A/cattle/Texas/24-008749-003/2024(H5N1)	434	9902
PA|PP755594.1|A/cattle/Texas/24-008749-003/2024(H5N1)	435	9847
PA|PP755594.1|A/cattle/Texas/24-008749-003/2024(H5N1)	436	10253
PA|PP755594.1|A/cattle/Texas/24-008749-003/2024(H5N1)	437	10289
PA|PP755594.1|A/cattle/Texas/24-008749-003/2024(H5N1)	438	10387
PA|PP755594.1|A/cattle/Texas/24-008749-003/2024(H5N1)	439	10368
PA|PP755594.1|A/cattle/Texas/24-008749-003/2024(H5N1)	440	10386
PA|PP755594.1|A/cattle/Texas/24-008749-003/2024(H5N1)	441	10152
PA|PP755594.1|A/cattle/Texas/24-008749-003/2024(H5N1)	442	10184
PA|PP755594.1|A/cattle/Texas/24-008749-003/2024(H5N1)	443	10124
PA|PP755594.1|A/cattle/Texas/24-008749-003/2024(H5N1)	444	10178
PA|PP755594.1|A/cattle/Texas/24-008749-003/2024(H5N1)	445	10163
PA|PP755594.1|A/cattle/Texas/24-008749-003/2024(H5N1)	446	10368
PA|PP755594.1|A/cattle/Texas/24-008749-003/2024(H5N1)	447	10308
PA|PP755594.1|A/cattle/Texas/24-008749-003/2024(H5N1)	448	10271
PA|PP755594.1|A/cattle/Texas/24-008749-003/2024(H5N1)	449	10278
PA|PP755594.1|A/cattle/Texas/24-008749-003/2024(H5N1)	450	10280
PA|PP755594.1|A/cattle/Texas/24-008749-003/2024(H5N1)	451	10268
PA|PP755594.1|A/cattle/Texas/24-008749-003/2024(H5N1)	452	10278
PA|PP755594.1|A/cattle/Texas/24-008749-003/2024(H5N1)	453	10234
PA|PP755594.1|A/cattle/Texas/24-008749-003/2024(H5N1)	454	10306
PA|PP755594.1|A/cattle/Texas/24-008749-003/2024(H5N1)	455	10310
PA|PP755594.1|A/cattle/Texas/24-008749-003/2024(H5N1)	456	10326
PA|PP755594.1|A/cattle/Texas/24-008749-003/2024(H5N1)	457	10332
PA|PP755594.1|A/cattle/Texas/24-008749-003/2024(H5N1)	458	10328
PA|PP755594.1|A/cattle/Texas/24-008749-003/2024(H5N1)	459	10315
PA|PP755594.1|A/cattle/Texas/24-008749-003/2024(H5N1)	460	10708
PA|PP755594.1|A/cattle/Texas/24-008749-003/2024(H5N1)	461	10698
PA|PP755594.1|A/cattle/Texas/24-008749-003/2024(H5N1)	462	10707
PA|PP755594.1|A/cattle/Texas/24-008749-003/2024(H5N1)	463	10640
PA|PP755594.1|A/cattle/Texas/24-008749-003/2024(H5N1)	464	10591
PA|PP755594.1|A/cattle/Texas/24-008749-003/2024(H5N1)	465	10596
PA|PP755594.1|A/cattle/Texas/24-008749-003/2024(H5N1)	466	10577
PA|PP755594.1|A/cattle/Texas/24-008749-003/2024(H5N1)	467	10571
PA|PP755594.1|A/cattle/Texas/24-008749-003/2024(H5N1)	468	10635
PA|PP755594.1|A/cattle/Texas/24-008749-003/2024(H5N1)	469	10596
PA|PP755594.1|A/cattle/Texas/24-008749-003/2024(H5N1)	470	10692
PA|PP755594.1|A/cattle/Texas/24-008749-003/2024(H5N1)	471	10690
PA|PP755594.1|A/cattle/Texas/24-008749-003/2024(H5N1)	472	10710
PA|PP755594.1|A/cattle/Texas/24-008749-003/2024(H5N1)	473	10705
PA|PP755594.1|A/cattle/Texas/24-008749-003/2024(H5N1)	474	10561
PA|PP755594.1|A/cattle/Texas/24-008749-003/2024(H5N1)	475	10613
PA|PP755594.1|A/cattle/Texas/24-008749-003/2024(H5N1)	476	10616
PA|PP755594.1|A/cattle/Texas/24-008749-003/2024(H5N1)	477	10552
PA|PP755594.1|A/cattle/Texas/24-008749-003/2024(H5N1)	478	11218
PA|PP755594.1|A/cattle/Texas/24-008749-003/2024(H5N1)	479	11237
PA|PP755594.1|A/cattle/Texas/24-008749-003/2024(H5N1)	480	11094
PA|PP755594.1|A/cattle/Texas/24-008749-003/2024(H5N1)	481	11082
PA|PP755594.1|A/cattle/Texas/24-008749-003/2024(H5N1)	482	11027
PA|PP755594.1|A/cattle/Texas/24-008749-003/2024(H5N1)	483	11030
PA|PP755594.1|A/cattle/Texas/24-008749-003/2024(H5N1)	484	10994
PA|PP755594.1|A/cattle/Texas/24-008749-003/2024(H5N1)	485	11076
PA|PP755594.1|A/cattle/Texas/24-008749-003/2024(H5N1)	486	11056
PA|PP755594.1|A/cattle/Texas/24-008749-003/2024(H5N1)	487	10590
PA|PP755594.1|A/cattle/Texas/24-008749-003/2024(H5N1)	488	10558
PA|PP755594.1|A/cattle/Texas/24-008749-003/2024(H5N1)	489	10455
PA|PP755594.1|A/cattle/Texas/24-008749-003/2024(H5N1)	490	10464
PA|PP755594.1|A/cattle/Texas/24-008749-003/2024(H5N1)	491	10452
PA|PP755594.1|A/cattle/Texas/24-008749-003/2024(H5N1)	492	10448
PA|PP755594.1|A/cattle/Texas/24-008749-003/2024(H5N1)	493	10547
PA|PP755594.1|A/cattle/Texas/24-008749-003/2024(H5N1)	494	10515
PA|PP755594.1|A/cattle/Texas/24-008749-003/2024(H5N1)	495	10540
PA|PP755594.1|A/cattle/Texas/24-008749-003/2024(H5N1)	496	10533
PA|PP755594.1|A/cattle/Texas/24-008749-003/2024(H5N1)	497	10542
PA|PP755594.1|A/cattle/Texas/24-008749-003/2024(H5N1)	498	10620
PA|PP755594.1|A/cattle/Texas/24-008749-003/2024(H5N1)	499	10599
PA|PP755594.1|A/cattle/Texas/24-008749-003/2024(H5N1)	500	10620
PA|PP755594.1|A/cattle/Texas/24-008749-003/2024(H5N1)	501	10688
PA|PP755594.1|A/cattle/Texas/24-008749-003/2024(H5N1)	502	10560
PA|PP755594.1|A/cattle/Texas/24-008749-003/2024(H5N1)	503	10691
PA|PP755594.1|A/cattle/Texas/24-008749-003/2024(H5N1)	504	10648
PA|PP755594.1|A/cattle/Texas/24-008749-003/2024(H5N1)	505	10654
PA|PP755594.1|A/cattle/Texas/24-008749-003/2024(H5N1)	506	10640
PA|PP755594.1|A/cattle/Texas/24-008749-003/2024(H5N1)	507	10582
PA|PP755594.1|A/cattle/Texas/24-008749-003/2024(H5N1)	508	10580
PA|PP755594.1|A/cattle/Texas/24-008749-003/2024(H5N1)	509	10534
PA|PP755594.1|A/cattle/Texas/24-008749-003/2024(H5N1)	510	10507
PA|PP755594.1|A/cattle/Texas/24-008749-003/2024(H5N1)	511	10548
PA|PP755594.1|A/cattle/Texas/24-008749-003/2024(H5N1)	512	10436
PA|PP755594.1|A/cattle/Texas/24-008749-003/2024(H5N1)	513	10431
PA|PP755594.1|A/cattle/Texas/24-008749-003/2024(H5N1)	514	11099
PA|PP755594.1|A/cattle/Texas/24-008749-003/2024(H5N1)	515	11203
PA|PP755594.1|A/cattle/Texas/24-008749-003/2024(H5N1)	516	11219
PA|PP755594.1|A/cattle/Texas/24-008749-003/2024(H5N1)	517	11222
PA|PP755594.1|A/cattle/Texas/24-008749-003/2024(H5N1)	518	11230
PA|PP755594.1|A/cattle/Texas/24-008749-003/2024(H5N1)	519	11030
PA|PP755594.1|A/cattle/Texas/24-008749-003/2024(H5N1)	520	11030
PA|PP755594.1|A/cattle/Texas/24-008749-003/2024(H5N1)	521	11043
PA|PP755594.1|A/cattle/Texas/24-008749-003/2024(H5N1)	522	11072
PA|PP755594.1|A/cattle/Texas/24-008749-003/2024(H5N1)	523	11118
PA|PP755594.1|A/cattle/Texas/24-008749-003/2024(H5N1)	524	11025
PA|PP755594.1|A/cattle/Texas/24-008749-003/2024(H5N1)	525	11233
PA|PP755594.1|A/cattle/Texas/24-008749-003/2024(H5N1)	526	11232
PA|PP755594.1|A/cattle/Texas/24-008749-003/2024(H5N1)	527	11235
PA|PP755594.1|A/cattle/Texas/24-008749-003/2024(H5N1)	528	11246
PA|PP755594.1|A/cattle/Texas/24-008749-003/2024(H5N1)	529	11188
PA|PP755594.1|A/cattle/Texas/24-008749-003/2024(H5N1)	530	11656
PA|PP755594.1|A/cattle/Texas/24-008749-003/2024(H5N1)	531	11747
PA|PP755594.1|A/cattle/Texas/24-008749-003/2024(H5N1)	532	11716
PA|PP755594.1|A/cattle/Texas/24-008749-003/2024(H5N1)	533	11722
PA|PP755594.1|A/cattle/Texas/24-008749-003/2024(H5N1)	534	11495
PA|PP755594.1|A/cattle/Texas/24-008749-003/2024(H5N1)	535	11494
PA|PP755594.1|A/cattle/Texas/24-008749-003/2024(H5N1)	536	11570
PA|PP755594.1|A/cattle/Texas/24-008749-003/2024(H5N1)	537	11702
PA|PP755594.1|A/cattle/Texas/24-008749-003/2024(H5N1)	538	11700
PA|PP755594.1|A/cattle/Texas/24-008749-003/2024(H5N1)	539	11291
PA|PP755594.1|A/cattle/Texas/24-008749-003/2024(H5N1)	540	11291
PA|PP755594.1|A/cattle/Texas/24-008749-003/2024(H5N1)	541	11348
PA|PP755594.1|A/cattle/Texas/24-008749-003/2024(H5N1)	542	11351
PA|PP755594.1|A/cattle/Texas/24-008749-003/2024(H5N1)	543	11346
PA|PP755594.1|A/cattle/Texas/24-008749-003/2024(H5N1)	544	11345
PA|PP755594.1|A/cattle/Texas/24-008749-003/2024(H5N1)	545	11285
PA|PP755594.1|A/cattle/Texas/24-008749-003/2024(H5N1)	546	11357
PA|PP755594.1|A/cattle/Texas/24-008749-003/2024(H5N1)	547	11358
PA|PP755594.1|A/cattle/Texas/24-008749-003/2024(H5N1)	548	11347
PA|PP755594.1|A/cattle/Texas/24-008749-003/2024(H5N1)	549	11389
PA|PP755594.1|A/cattle/Texas/24-008749-003/2024(H5N1)	550	11325
PA|PP755594.1|A/cattle/Texas/24-008749-003/2024(H5N1)	551	11288
PA|PP755594.1|A/cattle/Texas/24-008749-003/2024(H5N1)	552	11269
PA|PP755594.1|A/cattle/Texas/24-008749-003/2024(H5N1)	553	11269
PA|PP755594.1|A/cattle/Texas/24-008749-003/2024(H5N1)	554	11277
PA|PP755594.1|A/cattle/Texas/24-008749-003/2024(H5N1)	555	11206
PA|PP755594.1|A/cattle/Texas/24-008749-003/2024(H5N1)	556	11858
PA|PP755594.1|A/cattle/Texas/24-008749-003/2024(H5N1)	557	12086
PA|PP755594.1|A/cattle/Texas/24-008749-003/2024(H5N1)	558	12018
PA|PP755594.1|A/cattle/Texas/24-008749-003/2024(H5N1)	559	11943
PA|PP755594.1|A/cattle/Texas/24-008749-003/2024(H5N1)	560	11860
PA|PP755594.1|A/cattle/Texas/24-008749-003/2024(H5N1)	561	11966
PA|PP755594.1|A/cattle/Texas/24-008749-003/2024(H5N1)	562	11972
PA|PP755594.1|A/cattle/Texas/24-008749-003/2024(H5N1)	563	11912
PA|PP755594.1|A/cattle/Texas/24-008749-003/2024(H5N1)	564	11920
PA|PP755594.1|A/cattle/Texas/24-008749-003/2024(H5N1)	565	11502
PA|PP755594.1|A/cattle/Texas/24-008749-003/2024(H5N1)	566	11302
PA|PP755594.1|A/cattle/Texas/24-008749-003/2024(H5N1)	567	11294
PA|PP755594.1|A/cattle/Texas/24-008749-003/2024(H5N1)	568	11414
PA|PP755594.1|A/cattle/Texas/24-008749-003/2024(H5N1)	569	11677
PA|PP755594.1|A/cattle/Texas/24-008749-003/2024(H5N1)	570	11554
PA|PP755594.1|A/cattle/Texas/24-008749-003/2024(H5N1)	571	11548
PA|PP755594.1|A/cattle/Texas/24-008749-003/2024(H5N1)	572	11550
PA|PP755594.1|A/cattle/Texas/24-008749-003/2024(H5N1)	573	11522
PA|PP755594.1|A/cattle/Texas/24-008749-003/2024(H5N1)	574	11594
PA|PP755594.1|A/cattle/Texas/24-008749-003/2024(H5N1)	575	11591
PA|PP755594.1|A/cattle/Texas/24-008749-003/2024(H5N1)	576	11599
PA|PP755594.1|A/cattle/Texas/24-008749-003/2024(H5N1)	577	11595
PA|PP755594.1|A/cattle/Texas/24-008749-003/2024(H5N1)	578	11315
PA|PP755594.1|A/cattle/Texas/24-008749-003/2024(H5N1)	579	11641
PA|PP755594.1|A/cattle/Texas/24-008749-003/2024(H5N1)	580	11683
PA|PP755594.1|A/cattle/Texas/24-008749-003/2024(H5N1)	581	11683
PA|PP755594.1|A/cattle/Texas/24-008749-003/2024(H5N1)	582	11656
PA|PP755594.1|A/cattle/Texas/24-008749-003/2024(H5N1)	583	11657
PA|PP755594.1|A/cattle/Texas/24-008749-003/2024(H5N1)	584	11694
PA|PP755594.1|A/cattle/Texas/24-008749-003/2024(H5N1)	585	11680
PA|PP755594.1|A/cattle/Texas/24-008749-003/2024(H5N1)	586	11703
PA|PP755594.1|A/cattle/Texas/24-008749-003/2024(H5N1)	587	11857
PA|PP755594.1|A/cattle/Texas/24-008749-003/2024(H5N1)	588	11628
PA|PP755594.1|A/cattle/Texas/24-008749-003/2024(H5N1)	589	11681
PA|PP755594.1|A/cattle/Texas/24-008749-003/2024(H5N1)	590	11696
PA|PP755594.1|A/cattle/Texas/24-008749-003/2024(H5N1)	591	11688
PA|PP755594.1|A/cattle/Texas/24-008749-003/2024(H5N1)	592	11680
PA|PP755594.1|A/cattle/Texas/24-008749-003/2024(H5N1)	593	11676
PA|PP755594.1|A/cattle/Texas/24-008749-003/2024(H5N1)	594	11660
PA|PP755594.1|A/cattle/Texas/24-008749-003/2024(H5N1)	595	11660
PA|PP755594.1|A/cattle/Texas/24-008749-003/2024(H5N1)	596	11696
PA|PP755594.1|A/cattle/Texas/24-008749-003/2024(H5N1)	597	11680
PA|PP755594.1|A/cattle/Texas/24-008749-003/2024(H5N1)	598	11631
PA|PP755594.1|A/cattle/Texas/24-008749-003/2024(H5N1)	599	11661
PA|PP755594.1|A/cattle/Texas/24-008749-003/2024(H5N1)	600	11653
PA|PP755594.1|A/cattle/Texas/24-008749-003/2024(H5N1)	601	11727
PA|PP755594.1|A/cattle/Texas/24-008749-003/2024(H5N1)	602	11724
PA|PP755594.1|A/cattle/Texas/24-008749-003/2024(H5N1)	603	11755
PA|PP755594.1|A/cattle/Texas/24-008749-003/2024(H5N1)	604	11779
PA|PP755594.1|A/cattle/Texas/24-008749-003/2024(H5N1)	605	11747
PA|PP755594.1|A/cattle/Texas/24-008749-003/2024(H5N1)	606	11732
PA|PP755594.1|A/cattle/Texas/24-008749-003/2024(H5N1)	607	11692
PA|PP755594.1|A/cattle/Texas/24-008749-003/2024(H5N1)	608	11685
PA|PP755594.1|A/cattle/Texas/24-008749-003/2024(H5N1)	609	11688
PA|PP755594.1|A/cattle/Texas/24-008749-003/2024(H5N1)	610	11653
PA|PP755594.1|A/cattle/Texas/24-008749-003/2024(H5N1)	611	11739
PA|PP755594.1|A/cattle/Texas/24-008749-003/2024(H5N1)	612	11973
PA|PP755594.1|A/cattle/Texas/24-008749-003/2024(H5N1)	613	11955
PA|PP755594.1|A/cattle/Texas/24-008749-003/2024(H5N1)	614	11953
PA|PP755594.1|A/cattle/Texas/24-008749-003/2024(H5N1)	615	12241
PA|PP755594.1|A/cattle/Texas/24-008749-003/2024(H5N1)	616	12217
PA|PP755594.1|A/cattle/Texas/24-008749-003/2024(H5N1)	617	12226
PA|PP755594.1|A/cattle/Texas/24-008749-003/2024(H5N1)	618	12243
PA|PP755594.1|A/cattle/Texas/24-008749-003/2024(H5N1)	619	12250
PA|PP755594.1|A/cattle/Texas/24-008749-003/2024(H5N1)	620	12266
PA|PP755594.1|A/cattle/Texas/24-008749-003/2024(H5N1)	621	12533
PA|PP755594.1|A/cattle/Texas/24-008749-003/2024(H5N1)	622	12528
PA|PP755594.1|A/cattle/Texas/24-008749-003/2024(H5N1)	623	12581
PA|PP755594.1|A/cattle/Texas/24-008749-003/2024(H5N1)	624	12579
PA|PP755594.1|A/cattle/Texas/24-008749-003/2024(H5N1)	625	12599
PA|PP755594.1|A/cattle/Texas/24-008749-003/2024(H5N1)	626	12768
PA|PP755594.1|A/cattle/Texas/24-008749-003/2024(H5N1)	627	12789
PA|PP755594.1|A/cattle/Texas/24-008749-003/2024(H5N1)	628	12889
PA|PP755594.1|A/cattle/Texas/24-008749-003/2024(H5N1)	629	12906
PA|PP755594.1|A/cattle/Texas/24-008749-003/2024(H5N1)	630	12672
PA|PP755594.1|A/cattle/Texas/24-008749-003/2024(H5N1)	631	12787
PA|PP755594.1|A/cattle/Texas/24-008749-003/2024(H5N1)	632	12742
PA|PP755594.1|A/cattle/Texas/24-008749-003/2024(H5N1)	633	12762
PA|PP755594.1|A/cattle/Texas/24-008749-003/2024(H5N1)	634	12720
PA|PP755594.1|A/cattle/Texas/24-008749-003/2024(H5N1)	635	12626
PA|PP755594.1|A/cattle/Texas/24-008749-003/2024(H5N1)	636	12624
PA|PP755594.1|A/cattle/Texas/24-008749-003/2024(H5N1)	637	12483
PA|PP755594.1|A/cattle/Texas/24-008749-003/2024(H5N1)	638	12683
PA|PP755594.1|A/cattle/Texas/24-008749-003/2024(H5N1)	639	12688
PA|PP755594.1|A/cattle/Texas/24-008749-003/2024(H5N1)	640	12603
PA|PP755594.1|A/cattle/Texas/24-008749-003/2024(H5N1)	641	12580
PA|PP755594.1|A/cattle/Texas/24-008749-003/2024(H5N1)	642	12491
PA|PP755594.1|A/cattle/Texas/24-008749-003/2024(H5N1)	643	12491
PA|PP755594.1|A/cattle/Texas/24-008749-003/2024(H5N1)	644	12492
PA|PP755594.1|A/cattle/Texas/24-008749-003/2024(H5N1)	645	12513
PA|PP755594.1|A/cattle/Texas/24-008749-003/2024(H5N1)	646	12514
PA|PP755594.1|A/cattle/Texas/24-008749-003/2024(H5N1)	647	12391
PA|PP755594.1|A/cattle/Texas/24-008749-003/2024(H5N1)	648	12402
PA|PP755594.1|A/cattle/Texas/24-008749-003/2024(H5N1)	649	12399
PA|PP755594.1|A/cattle/Texas/24-008749-003/2024(H5N1)	650	12395
PA|PP755594.1|A/cattle/Texas/24-008749-003/2024(H5N1)	651	12396
PA|PP755594.1|A/cattle/Texas/24-008749-003/2024(H5N1)	652	12385
PA|PP755594.1|A/cattle/Texas/24-008749-003/2024(H5N1)	653	12379
PA|PP755594.1|A/cattle/Texas/24-008749-003/2024(H5N1)	654	12351
PA|PP755594.1|A/cattle/Texas/24-008749-003/2024(H5N1)	655	12257
PA|PP755594.1|A/cattle/Texas/24-008749-003/2024(H5N1)	656	12212
PA|PP755594.1|A/cattle/Texas/24-008749-003/2024(H5N1)	657	12193
PA|PP755594.1|A/cattle/Texas/24-008749-003/2024(H5N1)	658	12424
PA|PP755594.1|A/cattle/Texas/24-008749-003/2024(H5N1)	659	12442
PA|PP755594.1|A/cattle/Texas/24-008749-003/2024(H5N1)	660	12463
PA|PP755594.1|A/cattle/Texas/24-008749-003/2024(H5N1)	661	12469
PA|PP755594.1|A/cattle/Texas/24-008749-003/2024(H5N1)	662	12317
PA|PP755594.1|A/cattle/Texas/24-008749-003/2024(H5N1)	663	12344
PA|PP755594.1|A/cattle/Texas/24-008749-003/2024(H5N1)	664	12390
PA|PP755594.1|A/cattle/Texas/24-008749-003/2024(H5N1)	665	12430
PA|PP755594.1|A/cattle/Texas/24-008749-003/2024(H5N1)	666	12431
PA|PP755594.1|A/cattle/Texas/24-008749-003/2024(H5N1)	667	12370
PA|PP755594.1|A/cattle/Texas/24-008749-003/2024(H5N1)	668	12526
PA|PP755594.1|A/cattle/Texas/24-008749-003/2024(H5N1)	669	12532
PA|PP755594.1|A/cattle/Texas/24-008749-003/2024(H5N1)	670	12539
PA|PP755594.1|A/cattle/Texas/24-008749-003/2024(H5N1)	671	12552
PA|PP755594.1|A/cattle/Texas/24-008749-003/2024(H5N1)	672	12530
PA|PP755594.1|A/cattle/Texas/24-008749-003/2024(H5N1)	673	12463
PA|PP755594.1|A/cattle/Texas/24-008749-003/2024(H5N1)	674	12515
PA|PP755594.1|A/cattle/Texas/24-008749-003/2024(H5N1)	675	12487
PA|PP755594.1|A/cattle/Texas/24-008749-003/2024(H5N1)	676	12530
PA|PP755594.1|A/cattle/Texas/24-008749-003/2024(H5N1)	677	12305
PA|PP755594.1|A/cattle/Texas/24-008749-003/2024(H5N1)	678	12269
PA|PP755594.1|A/cattle/Texas/24-008749-003/2024(H5N1)	679	12192
PA|PP755594.1|A/cattle/Texas/24-008749-003/2024(H5N1)	680	12193
PA|PP755594.1|A/cattle/Texas/24-008749-003/2024(H5N1)	681	12193
PA|PP755594.1|A/cattle/Texas/24-008749-003/2024(H5N1)	682	12173
PA|PP755594.1|A/cattle/Texas/24-008749-003/2024(H5N1)	683	12166
PA|PP755594.1|A/cattle/Texas/24-008749-003/2024(H5N1)	684	12367
PA|PP755594.1|A/cattle/Texas/24-008749-003/2024(H5N1)	685	12351
PA|PP755594.1|A/cattle/Texas/24-008749-003/2024(H5N1)	686	12356
PA|PP755594.1|A/cattle/Texas/24-008749-003/2024(H5N1)	687	12348
PA|PP755594.1|A/cattle/Texas/24-008749-003/2024(H5N1)	688	12283
PA|PP755594.1|A/cattle/Texas/24-008749-003/2024(H5N1)	689	12314
PA|PP755594.1|A/cattle/Texas/24-008749-003/2024(H5N1)	690	12321
PA|PP755594.1|A/cattle/Texas/24-008749-003/2024(H5N1)	691	12490
PA|PP755594.1|A/cattle/Texas/24-008749-003/2024(H5N1)	692	12449
PA|PP755594.1|A/cattle/Texas/24-008749-003/2024(H5N1)	693	12232
PA|PP755594.1|A/cattle/Texas/24-008749-003/2024(H5N1)	694	12264
PA|PP755594.1|A/cattle/Texas/24-008749-003/2024(H5N1)	695	12436
PA|PP755594.1|A/cattle/Texas/24-008749-003/2024(H5N1)	696	12439
PA|PP755594.1|A/cattle/Texas/24-008749-003/2024(H5N1)	697	12447
PA|PP755594.1|A/cattle/Texas/24-008749-003/2024(H5N1)	698	12410
PA|PP755594.1|A/cattle/Texas/24-008749-003/2024(H5N1)	699	12457
PA|PP755594.1|A/cattle/Texas/24-008749-003/2024(H5N1)	700	12315
PA|PP755594.1|A/cattle/Texas/24-008749-003/2024(H5N1)	701	12294
PA|PP755594.1|A/cattle/Texas/24-008749-003/2024(H5N1)	702	12260
PA|PP755594.1|A/cattle/Texas/24-008749-003/2024(H5N1)	703	12229
PA|PP755594.1|A/cattle/Texas/24-008749-003/2024(H5N1)	704	12306
PA|PP755594.1|A/cattle/Texas/24-008749-003/2024(H5N1)	705	12301
PA|PP755594.1|A/cattle/Texas/24-008749-003/2024(H5N1)	706	12273
PA|PP755594.1|A/cattle/Texas/24-008749-003/2024(H5N1)	707	12272
PA|PP755594.1|A/cattle/Texas/24-008749-003/2024(H5N1)	708	12191
PA|PP755594.1|A/cattle/Texas/24-008749-003/2024(H5N1)	709	12196
PA|PP755594.1|A/cattle/Texas/24-008749-003/2024(H5N1)	710	12230
PA|PP755594.1|A/cattle/Texas/24-008749-003/2024(H5N1)	711	12234
PA|PP755594.1|A/cattle/Texas/24-008749-003/2024(H5N1)	712	12235
PA|PP755594.1|A/cattle/Texas/24-008749-003/2024(H5N1)	713	11841
PA|PP755594.1|A/cattle/Texas/24-008749-003/2024(H5N1)	714	11856
PA|PP755594.1|A/cattle/Texas/24-008749-003/2024(H5N1)	715	11856
PA|PP755594.1|A/cattle/Texas/24-008749-003/2024(H5N1)	716	11855
PA|PP755594.1|A/cattle/Texas/24-008749-003/2024(H5N1)	717	11949
PA|PP755594.1|A/cattle/Texas/24-008749-003/2024(H5N1)	718	11947
PA|PP755594.1|A/cattle/Texas/24-008749-003/2024(H5N1)	719	12223
PA|PP755594.1|A/cattle/Texas/24-008749-003/2024(H5N1)	720	12217
PA|PP755594.1|A/cattle/Texas/24-008749-003/2024(H5N1)	721	12194
PA|PP755594.1|A/cattle/Texas/24-008749-003/2024(H5N1)	722	12394
PA|PP755594.1|A/cattle/Texas/24-008749-003/2024(H5N1)	723	12395
PA|PP755594.1|A/cattle/Texas/24-008749-003/2024(H5N1)	724	12453
PA|PP755594.1|A/cattle/Texas/24-008749-003/2024(H5N1)	725	12457
PA|PP755594.1|A/cattle/Texas/24-008749-003/2024(H5N1)	726	12346
PA|PP755594.1|A/cattle/Texas/24-008749-003/2024(H5N1)	727	12334
PA|PP755594.1|A/cattle/Texas/24-008749-003/2024(H5N1)	728	11983
PA|PP755594.1|A/cattle/Texas/24-008749-003/2024(H5N1)	729	12168
PA|PP755594.1|A/cattle/Texas/24-008749-003/2024(H5N1)	730	12197
PA|PP755594.1|A/cattle/Texas/24-008749-003/2024(H5N1)	731	11984
PA|PP755594.1|A/cattle/Texas/24-008749-003/2024(H5N1)	732	11878
PA|PP755594.1|A/cattle/Texas/24-008749-003/2024(H5N1)	733	11828
PA|PP755594.1|A/cattle/Texas/24-008749-003/2024(H5N1)	734	11844
PA|PP755594.1|A/cattle/Texas/24-008749-003/2024(H5N1)	735	12001
PA|PP755594.1|A/cattle/Texas/24-008749-003/2024(H5N1)	736	12028
PA|PP755594.1|A/cattle/Texas/24-008749-003/2024(H5N1)	737	12018
PA|PP755594.1|A/cattle/Texas/24-008749-003/2024(H5N1)	738	11822
PA|PP755594.1|A/cattle/Texas/24-008749-003/2024(H5N1)	739	11824
PA|PP755594.1|A/cattle/Texas/24-008749-003/2024(H5N1)	740	11813
PA|PP755594.1|A/cattle/Texas/24-008749-003/2024(H5N1)	741	12033
PA|PP755594.1|A/cattle/Texas/24-008749-003/2024(H5N1)	742	12047
PA|PP755594.1|A/cattle/Texas/24-008749-003/2024(H5N1)	743	12019
PA|PP755594.1|A/cattle/Texas/24-008749-003/2024(H5N1)	744	11996
PA|PP755594.1|A/cattle/Texas/24-008749-003/2024(H5N1)	745	11985
PA|PP755594.1|A/cattle/Texas/24-008749-003/2024(H5N1)	746	11984
PA|PP755594.1|A/cattle/Texas/24-008749-003/2024(H5N1)	747	12058
PA|PP755594.1|A/cattle/Texas/24-008749-003/2024(H5N1)	748	12033
PA|PP755594.1|A/cattle/Texas/24-008749-003/2024(H5N1)	749	12075
PA|PP755594.1|A/cattle/Texas/24-008749-003/2024(H5N1)	750	12088
PA|PP755594.1|A/cattle/Texas/24-008749-003/2024(H5N1)	751	12092
PA|PP755594.1|A/cattle/Texas/24-008749-003/2024(H5N1)	752	12094
PA|PP755594.1|A/cattle/Texas/24-008749-003/2024(H5N1)	753	12089
PA|PP755594.1|A/cattle/Texas/24-008749-003/2024(H5N1)	754	12144
PA|PP755594.1|A/cattle/Texas/24-008749-003/2024(H5N1)	755	12112
PA|PP755594.1|A/cattle/Texas/24-008749-003/2024(H5N1)	756	11920
PA|PP755594.1|A/cattle/Texas/24-008749-003/2024(H5N1)	757	11955
PA|PP755594.1|A/cattle/Texas/24-008749-003/2024(H5N1)	758	11889
PA|PP755594.1|A/cattle/Texas/24-008749-003/2024(H5N1)	759	11878
PA|PP755594.1|A/cattle/Texas/24-008749-003/2024(H5N1)	760	11865
PA|PP755594.1|A/cattle/Texas/24-008749-003/2024(H5N1)	761	11711
PA|PP755594.1|A/cattle/Texas/24-008749-003/2024(H5N1)	762	11846
PA|PP755594.1|A/cattle/Texas/24-008749-003/2024(H5N1)	763	11783
PA|PP755594.1|A/cattle/Texas/24-008749-003/2024(H5N1)	764	11811
PA|PP755594.1|A/cattle/Texas/24-008749-003/2024(H5N1)	765	11801
PA|PP755594.1|A/cattle/Texas/24-008749-003/2024(H5N1)	766	11772
PA|PP755594.1|A/cattle/Texas/24-008749-003/2024(H5N1)	767	11825
PA|PP755594.1|A/cattle/Texas/24-008749-003/2024(H5N1)	768	11833
PA|PP755594.1|A/cattle/Texas/24-008749-003/2024(H5N1)	769	11811
PA|PP755594.1|A/cattle/Texas/24-008749-003/2024(H5N1)	770	11811
PA|PP755594.1|A/cattle/Texas/24-008749-003/2024(H5N1)	771	11540
PA|PP755594.1|A/cattle/Texas/24-008749-003/2024(H5N1)	772	11541
PA|PP755594.1|A/cattle/Texas/24-008749-003/2024(H5N1)	773	11493
PA|PP755594.1|A/cattle/Texas/24-008749-003/2024(H5N1)	774	11466
PA|PP755594.1|A/cattle/Texas/24-008749-003/2024(H5N1)	775	11449
PA|PP755594.1|A/cattle/Texas/24-008749-003/2024(H5N1)	776	11392
PA|PP755594.1|A/cattle/Texas/24-008749-003/2024(H5N1)	777	11396
PA|PP755594.1|A/cattle/Texas/24-008749-003/2024(H5N1)	778	11442
PA|PP755594.1|A/cattle/Texas/24-008749-003/2024(H5N1)	779	11297
PA|PP755594.1|A/cattle/Texas/24-008749-003/2024(H5N1)	780	11335
PA|PP755594.1|A/cattle/Texas/24-008749-003/2024(H5N1)	781	11293
PA|PP755594.1|A/cattle/Texas/24-008749-003/2024(H5N1)	782	11299
PA|PP755594.1|A/cattle/Texas/24-008749-003/2024(H5N1)	783	11291
PA|PP755594.1|A/cattle/Texas/24-008749-003/2024(H5N1)	784	11295
PA|PP755594.1|A/cattle/Texas/24-008749-003/2024(H5N1)	785	11346
PA|PP755594.1|A/cattle/Texas/24-008749-003/2024(H5N1)	786	11332
PA|PP755594.1|A/cattle/Texas/24-008749-003/2024(H5N1)	787	11277
PA|PP755594.1|A/cattle/Texas/24-008749-003/2024(H5N1)	788	11320
PA|PP755594.1|A/cattle/Texas/24-008749-003/2024(H5N1)	789	11259
PA|PP755594.1|A/cattle/Texas/24-008749-003/2024(H5N1)	790	11287
PA|PP755594.1|A/cattle/Texas/24-008749-003/2024(H5N1)	791	11369
PA|PP755594.1|A/cattle/Texas/24-008749-003/2024(H5N1)	792	11363
PA|PP755594.1|A/cattle/Texas/24-008749-003/2024(H5N1)	793	11351
PA|PP755594.1|A/cattle/Texas/24-008749-003/2024(H5N1)	794	11066
PA|PP755594.1|A/cattle/Texas/24-008749-003/2024(H5N1)	795	11018
PA|PP755594.1|A/cattle/Texas/24-008749-003/2024(H5N1)	796	11022
PA|PP755594.1|A/cattle/Texas/24-008749-003/2024(H5N1)	797	10944
PA|PP755594.1|A/cattle/Texas/24-008749-003/2024(H5N1)	798	10917
PA|PP755594.1|A/cattle/Texas/24-008749-003/2024(H5N1)	799	10811
PA|PP755594.1|A/cattle/Texas/24-008749-003/2024(H5N1)	800	10532
PA|PP755594.1|A/cattle/Texas/24-008749-003/2024(H5N1)	801	10386
PA|PP755594.1|A/cattle/Texas/24-008749-003/2024(H5N1)	802	10393
PA|PP755594.1|A/cattle/Texas/24-008749-003/2024(H5N1)	803	10400
PA|PP755594.1|A/cattle/Texas/24-008749-003/2024(H5N1)	804	10424
PA|PP755594.1|A/cattle/Texas/24-008749-003/2024(H5N1)	805	10388
PA|PP755594.1|A/cattle/Texas/24-008749-003/2024(H5N1)	806	10384
PA|PP755594.1|A/cattle/Texas/24-008749-003/2024(H5N1)	807	10386
PA|PP755594.1|A/cattle/Texas/24-008749-003/2024(H5N1)	808	10414
PA|PP755594.1|A/cattle/Texas/24-008749-003/2024(H5N1)	809	10280
PA|PP755594.1|A/cattle/Texas/24-008749-003/2024(H5N1)	810	10040
PA|PP755594.1|A/cattle/Texas/24-008749-003/2024(H5N1)	811	10155
PA|PP755594.1|A/cattle/Texas/24-008749-003/2024(H5N1)	812	10161
PA|PP755594.1|A/cattle/Texas/24-008749-003/2024(H5N1)	813	10095
PA|PP755594.1|A/cattle/Texas/24-008749-003/2024(H5N1)	814	10106
PA|PP755594.1|A/cattle/Texas/24-008749-003/2024(H5N1)	815	10128
PA|PP755594.1|A/cattle/Texas/24-008749-003/2024(H5N1)	816	10131
PA|PP755594.1|A/cattle/Texas/24-008749-003/2024(H5N1)	817	10139
PA|PP755594.1|A/cattle/Texas/24-008749-003/2024(H5N1)	818	10142
PA|PP755594.1|A/cattle/Texas/24-008749-003/2024(H5N1)	819	10111
PA|PP755594.1|A/cattle/Texas/24-008749-003/2024(H5N1)	820	10089
PA|PP755594.1|A/cattle/Texas/24-008749-003/2024(H5N1)	821	10077
PA|PP755594.1|A/cattle/Texas/24-008749-003/2024(H5N1)	822	10036
PA|PP755594.1|A/cattle/Texas/24-008749-003/2024(H5N1)	823	10009
PA|PP755594.1|A/cattle/Texas/24-008749-003/2024(H5N1)	824	10075
PA|PP755594.1|A/cattle/Texas/24-008749-003/2024(H5N1)	825	10022
PA|PP755594.1|A/cattle/Texas/24-008749-003/2024(H5N1)	826	9931
PA|PP755594.1|A/cattle/Texas/24-008749-003/2024(H5N1)	827	9930
PA|PP755594.1|A/cattle/Texas/24-008749-003/2024(H5N1)	828	9062
PA|PP755594.1|A/cattle/Texas/24-008749-003/2024(H5N1)	829	9047
PA|PP755594.1|A/cattle/Texas/24-008749-003/2024(H5N1)	830	9756
PA|PP755594.1|A/cattle/Texas/24-008749-003/2024(H5N1)	831	9759
PA|PP755594.1|A/cattle/Texas/24-008749-003/2024(H5N1)	832	9761
PA|PP755594.1|A/cattle/Texas/24-008749-003/2024(H5N1)	833	9764
PA|PP755594.1|A/cattle/Texas/24-008749-003/2024(H5N1)	834	9766
PA|PP755594.1|A/cattle/Texas/24-008749-003/2024(H5N1)	835	9761
PA|PP755594.1|A/cattle/Texas/24-008749-003/2024(H5N1)	836	9315
PA|PP755594.1|A/cattle/Texas/24-008749-003/2024(H5N1)	837	9332
PA|PP755594.1|A/cattle/Texas/24-008749-003/2024(H5N1)	838	9323
PA|PP755594.1|A/cattle/Texas/24-008749-003/2024(H5N1)	839	9320
PA|PP755594.1|A/cattle/Texas/24-008749-003/2024(H5N1)	840	9296
PA|PP755594.1|A/cattle/Texas/24-008749-003/2024(H5N1)	841	9298
PA|PP755594.1|A/cattle/Texas/24-008749-003/2024(H5N1)	842	9288
PA|PP755594.1|A/cattle/Texas/24-008749-003/2024(H5N1)	843	9289
PA|PP755594.1|A/cattle/Texas/24-008749-003/2024(H5N1)	844	9318
PA|PP755594.1|A/cattle/Texas/24-008749-003/2024(H5N1)	845	9318
PA|PP755594.1|A/cattle/Texas/24-008749-003/2024(H5N1)	846	9283
PA|PP755594.1|A/cattle/Texas/24-008749-003/2024(H5N1)	847	9291
PA|PP755594.1|A/cattle/Texas/24-008749-003/2024(H5N1)	848	9299
PA|PP755594.1|A/cattle/Texas/24-008749-003/2024(H5N1)	849	9297
PA|PP755594.1|A/cattle/Texas/24-008749-003/2024(H5N1)	850	9251
PA|PP755594.1|A/cattle/Texas/24-008749-003/2024(H5N1)	851	9250
PA|PP755594.1|A/cattle/Texas/24-008749-003/2024(H5N1)	852	9299
PA|PP755594.1|A/cattle/Texas/24-008749-003/2024(H5N1)	853	9297
PA|PP755594.1|A/cattle/Texas/24-008749-003/2024(H5N1)	854	9295
PA|PP755594.1|A/cattle/Texas/24-008749-003/2024(H5N1)	855	9284
PA|PP755594.1|A/cattle/Texas/24-008749-003/2024(H5N1)	856	9179
PA|PP755594.1|A/cattle/Texas/24-008749-003/2024(H5N1)	857	9150
PA|PP755594.1|A/cattle/Texas/24-008749-003/2024(H5N1)	858	9075
PA|PP755594.1|A/cattle/Texas/24-008749-003/2024(H5N1)	859	9041
PA|PP755594.1|A/cattle/Texas/24-008749-003/2024(H5N1)	860	9032
PA|PP755594.1|A/cattle/Texas/24-008749-003/2024(H5N1)	861	8949
PA|PP755594.1|A/cattle/Texas/24-008749-003/2024(H5N1)	862	7854
PA|PP755594.1|A/cattle/Texas/24-008749-003/2024(H5N1)	863	7849
PA|PP755594.1|A/cattle/Texas/24-008749-003/2024(H5N1)	864	7830
PA|PP755594.1|A/cattle/Texas/24-008749-003/2024(H5N1)	865	7829
PA|PP755594.1|A/cattle/Texas/24-008749-003/2024(H5N1)	866	7829
PA|PP755594.1|A/cattle/Texas/24-008749-003/2024(H5N1)	867	7829
PA|PP755594.1|A/cattle/Texas/24-008749-003/2024(H5N1)	868	7833
PA|PP755594.1|A/cattle/Texas/24-008749-003/2024(H5N1)	869	8404
PA|PP755594.1|A/cattle/Texas/24-008749-003/2024(H5N1)	870	8446
PA|PP755594.1|A/cattle/Texas/24-008749-003/2024(H5N1)	871	8448
PA|PP755594.1|A/cattle/Texas/24-008749-003/2024(H5N1)	872	8528
PA|PP755594.1|A/cattle/Texas/24-008749-003/2024(H5N1)	873	8528
PA|PP755594.1|A/cattle/Texas/24-008749-003/2024(H5N1)	874	8570
PA|PP755594.1|A/cattle/Texas/24-008749-003/2024(H5N1)	875	8643
PA|PP755594.1|A/cattle/Texas/24-008749-003/2024(H5N1)	876	8643
PA|PP755594.1|A/cattle/Texas/24-008749-003/2024(H5N1)	877	8686
PA|PP755594.1|A/cattle/Texas/24-008749-003/2024(H5N1)	878	8688
PA|PP755594.1|A/cattle/Texas/24-008749-003/2024(H5N1)	879	8696
PA|PP755594.1|A/cattle/Texas/24-008749-003/2024(H5N1)	880	8725
PA|PP755594.1|A/cattle/Texas/24-008749-003/2024(H5N1)	881	8742
PA|PP755594.1|A/cattle/Texas/24-008749-003/2024(H5N1)	882	8810
PA|PP755594.1|A/cattle/Texas/24-008749-003/2024(H5N1)	883	8825
PA|PP755594.1|A/cattle/Texas/24-008749-003/2024(H5N1)	884	8777
PA|PP755594.1|A/cattle/Texas/24-008749-003/2024(H5N1)	885	8797
PA|PP755594.1|A/cattle/Texas/24-008749-003/2024(H5N1)	886	8895
PA|PP755594.1|A/cattle/Texas/24-008749-003/2024(H5N1)	887	8931
PA|PP755594.1|A/cattle/Texas/24-008749-003/2024(H5N1)	888	8967
PA|PP755594.1|A/cattle/Texas/24-008749-003/2024(H5N1)	889	8932
PA|PP755594.1|A/cattle/Texas/24-008749-003/2024(H5N1)	890	8924
PA|PP755594.1|A/cattle/Texas/24-008749-003/2024(H5N1)	891	8881
PA|PP755594.1|A/cattle/Texas/24-008749-003/2024(H5N1)	892	8884
PA|PP755594.1|A/cattle/Texas/24-008749-003/2024(H5N1)	893	8889
PA|PP755594.1|A/cattle/Texas/24-008749-003/2024(H5N1)	894	8919
PA|PP755594.1|A/cattle/Texas/24-008749-003/2024(H5N1)	895	8991
PA|PP755594.1|A/cattle/Texas/24-008749-003/2024(H5N1)	896	8964
PA|PP755594.1|A/cattle/Texas/24-008749-003/2024(H5N1)	897	8887
PA|PP755594.1|A/cattle/Texas/24-008749-003/2024(H5N1)	898	8895
PA|PP755594.1|A/cattle/Texas/24-008749-003/2024(H5N1)	899	8936
PA|PP755594.1|A/cattle/Texas/24-008749-003/2024(H5N1)	900	9129
PA|PP755594.1|A/cattle/Texas/24-008749-003/2024(H5N1)	901	9174
PA|PP755594.1|A/cattle/Texas/24-008749-003/2024(H5N1)	902	9778
PA|PP755594.1|A/cattle/Texas/24-008749-003/2024(H5N1)	903	9723
PA|PP755594.1|A/cattle/Texas/24-008749-003/2024(H5N1)	904	9709
PA|PP755594.1|A/cattle/Texas/24-008749-003/2024(H5N1)	905	9722
PA|PP755594.1|A/cattle/Texas/24-008749-003/2024(H5N1)	906	9724
PA|PP755594.1|A/cattle/Texas/24-008749-003/2024(H5N1)	907	10685
PA|PP755594.1|A/cattle/Texas/24-008749-003/2024(H5N1)	908	10675
PA|PP755594.1|A/cattle/Texas/24-008749-003/2024(H5N1)	909	10507
PA|PP755594.1|A/cattle/Texas/24-008749-003/2024(H5N1)	910	10609
PA|PP755594.1|A/cattle/Texas/24-008749-003/2024(H5N1)	911	9981
PA|PP755594.1|A/cattle/Texas/24-008749-003/2024(H5N1)	912	10150
PA|PP755594.1|A/cattle/Texas/24-008749-003/2024(H5N1)	913	10139
PA|PP755594.1|A/cattle/Texas/24-008749-003/2024(H5N1)	914	10143
PA|PP755594.1|A/cattle/Texas/24-008749-003/2024(H5N1)	915	10142
PA|PP755594.1|A/cattle/Texas/24-008749-003/2024(H5N1)	916	9317
PA|PP755594.1|A/cattle/Texas/24-008749-003/2024(H5N1)	917	9558
PA|PP755594.1|A/cattle/Texas/24-008749-003/2024(H5N1)	918	9537
PA|PP755594.1|A/cattle/Texas/24-008749-003/2024(H5N1)	919	9547
PA|PP755594.1|A/cattle/Texas/24-008749-003/2024(H5N1)	920	9539
PA|PP755594.1|A/cattle/Texas/24-008749-003/2024(H5N1)	921	9379
PA|PP755594.1|A/cattle/Texas/24-008749-003/2024(H5N1)	922	9481
PA|PP755594.1|A/cattle/Texas/24-008749-003/2024(H5N1)	923	9479
PA|PP755594.1|A/cattle/Texas/24-008749-003/2024(H5N1)	924	9481
PA|PP755594.1|A/cattle/Texas/24-008749-003/2024(H5N1)	925	9482
PA|PP755594.1|A/cattle/Texas/24-008749-003/2024(H5N1)	926	9303
PA|PP755594.1|A/cattle/Texas/24-008749-003/2024(H5N1)	927	9303
PA|PP755594.1|A/cattle/Texas/24-008749-003/2024(H5N1)	928	9348
PA|PP755594.1|A/cattle/Texas/24-008749-003/2024(H5N1)	929	9329
PA|PP755594.1|A/cattle/Texas/24-008749-003/2024(H5N1)	930	9341
PA|PP755594.1|A/cattle/Texas/24-008749-003/2024(H5N1)	931	9320
PA|PP755594.1|A/cattle/Texas/24-008749-003/2024(H5N1)	932	9317
PA|PP755594.1|A/cattle/Texas/24-008749-003/2024(H5N1)	933	9287
PA|PP755594.1|A/cattle/Texas/24-008749-003/2024(H5N1)	934	9300
PA|PP755594.1|A/cattle/Texas/24-008749-003/2024(H5N1)	935	9292
PA|PP755594.1|A/cattle/Texas/24-008749-003/2024(H5N1)	936	9291
PA|PP755594.1|A/cattle/Texas/24-008749-003/2024(H5N1)	937	9323
PA|PP755594.1|A/cattle/Texas/24-008749-003/2024(H5N1)	938	9304
PA|PP755594.1|A/cattle/Texas/24-008749-003/2024(H5N1)	939	9289
PA|PP755594.1|A/cattle/Texas/24-008749-003/2024(H5N1)	940	9281
PA|PP755594.1|A/cattle/Texas/24-008749-003/2024(H5N1)	941	9287
PA|PP755594.1|A/cattle/Texas/24-008749-003/2024(H5N1)	942	9285
PA|PP755594.1|A/cattle/Texas/24-008749-003/2024(H5N1)	943	9281
PA|PP755594.1|A/cattle/Texas/24-008749-003/2024(H5N1)	944	9276
PA|PP755594.1|A/cattle/Texas/24-008749-003/2024(H5N1)	945	9263
PA|PP755594.1|A/cattle/Texas/24-008749-003/2024(H5N1)	946	9256
PA|PP755594.1|A/cattle/Texas/24-008749-003/2024(H5N1)	947	9250
PA|PP755594.1|A/cattle/Texas/24-008749-003/2024(H5N1)	948	9236
PA|PP755594.1|A/cattle/Texas/24-008749-003/2024(H5N1)	949	9226
PA|PP755594.1|A/cattle/Texas/24-008749-003/2024(H5N1)	950	9226
PA|PP755594.1|A/cattle/Texas/24-008749-003/2024(H5N1)	951	9223
PA|PP755594.1|A/cattle/Texas/24-008749-003/2024(H5N1)	952	9221
PA|PP755594.1|A/cattle/Texas/24-008749-003/2024(H5N1)	953	9218
PA|PP755594.1|A/cattle/Texas/24-008749-003/2024(H5N1)	954	9185
PA|PP755594.1|A/cattle/Texas/24-008749-003/2024(H5N1)	955	9184
PA|PP755594.1|A/cattle/Texas/24-008749-003/2024(H5N1)	956	9121
PA|PP755594.1|A/cattle/Texas/24-008749-003/2024(H5N1)	957	9116
PA|PP755594.1|A/cattle/Texas/24-008749-003/2024(H5N1)	958	9098
PA|PP755594.1|A/cattle/Texas/24-008749-003/2024(H5N1)	959	9040
PA|PP755594.1|A/cattle/Texas/24-008749-003/2024(H5N1)	960	9027
PA|PP755594.1|A/cattle/Texas/24-008749-003/2024(H5N1)	961	8970
PA|PP755594.1|A/cattle/Texas/24-008749-003/2024(H5N1)	962	8970
PA|PP755594.1|A/cattle/Texas/24-008749-003/2024(H5N1)	963	7604
PA|PP755594.1|A/cattle/Texas/24-008749-003/2024(H5N1)	964	7591
PA|PP755594.1|A/cattle/Texas/24-008749-003/2024(H5N1)	965	7589
PA|PP755594.1|A/cattle/Texas/24-008749-003/2024(H5N1)	966	7612
PA|PP755594.1|A/cattle/Texas/24-008749-003/2024(H5N1)	967	7583
PA|PP755594.1|A/cattle/Texas/24-008749-003/2024(H5N1)	968	7584
PA|PP755594.1|A/cattle/Texas/24-008749-003/2024(H5N1)	969	7590
PA|PP755594.1|A/cattle/Texas/24-008749-003/2024(H5N1)	970	7614
PA|PP755594.1|A/cattle/Texas/24-008749-003/2024(H5N1)	971	7614
PA|PP755594.1|A/cattle/Texas/24-008749-003/2024(H5N1)	972	7614
PA|PP755594.1|A/cattle/Texas/24-008749-003/2024(H5N1)	973	7764
PA|PP755594.1|A/cattle/Texas/24-008749-003/2024(H5N1)	974	7849
PA|PP755594.1|A/cattle/Texas/24-008749-003/2024(H5N1)	975	7849
PA|PP755594.1|A/cattle/Texas/24-008749-003/2024(H5N1)	976	8129
PA|PP755594.1|A/cattle/Texas/24-008749-003/2024(H5N1)	977	8131
PA|PP755594.1|A/cattle/Texas/24-008749-003/2024(H5N1)	978	8203
PA|PP755594.1|A/cattle/Texas/24-008749-003/2024(H5N1)	979	8217
PA|PP755594.1|A/cattle/Texas/24-008749-003/2024(H5N1)	980	8217
PA|PP755594.1|A/cattle/Texas/24-008749-003/2024(H5N1)	981	8215
PA|PP755594.1|A/cattle/Texas/24-008749-003/2024(H5N1)	982	8218
PA|PP755594.1|A/cattle/Texas/24-008749-003/2024(H5N1)	983	8222
PA|PP755594.1|A/cattle/Texas/24-008749-003/2024(H5N1)	984	8371
PA|PP755594.1|A/cattle/Texas/24-008749-003/2024(H5N1)	985	9956
PA|PP755594.1|A/cattle/Texas/24-008749-003/2024(H5N1)	986	10061
PA|PP755594.1|A/cattle/Texas/24-008749-003/2024(H5N1)	987	10105
PA|PP755594.1|A/cattle/Texas/24-008749-003/2024(H5N1)	988	10152
PA|PP755594.1|A/cattle/Texas/24-008749-003/2024(H5N1)	989	10156
PA|PP755594.1|A/cattle/Texas/24-008749-003/2024(H5N1)	990	10157
PA|PP755594.1|A/cattle/Texas/24-008749-003/2024(H5N1)	991	10178
PA|PP755594.1|A/cattle/Texas/24-008749-003/2024(H5N1)	992	10278
PA|PP755594.1|A/cattle/Texas/24-008749-003/2024(H5N1)	993	10330
PA|PP755594.1|A/cattle/Texas/24-008749-003/2024(H5N1)	994	10477
PA|PP755594.1|A/cattle/Texas/24-008749-003/2024(H5N1)	995	10544
PA|PP755594.1|A/cattle/Texas/24-008749-003/2024(H5N1)	996	10589
PA|PP755594.1|A/cattle/Texas/24-008749-003/2024(H5N1)	997	10604
PA|PP755594.1|A/cattle/Texas/24-008749-003/2024(H5N1)	998	10625
PA|PP755594.1|A/cattle/Texas/24-008749-003/2024(H5N1)	999	10633
PA|PP755594.1|A/cattle/Texas/24-008749-003/2024(H5N1)	1000	10737
PA|PP755594.1|A/cattle/Texas/24-008749-003/2024(H5N1)	1001	10776
PA|PP755594.1|A/cattle/Texas/24-008749-003/2024(H5N1)	1002	10884
PA|PP755594.1|A/cattle/Texas/24-008749-003/2024(H5N1)	1003	10904
PA|PP755594.1|A/cattle/Texas/24-008749-003/2024(H5N1)	1004	10909
PA|PP755594.1|A/cattle/Texas/24-008749-003/2024(H5N1)	1005	10912
PA|PP755594.1|A/cattle/Texas/24-008749-003/2024(H5N1)	1006	10917
PA|PP755594.1|A/cattle/Texas/24-008749-003/2024(H5N1)	1007	10924
PA|PP755594.1|A/cattle/Texas/24-008749-003/2024(H5N1)	1008	10982
PA|PP755594.1|A/cattle/Texas/24-008749-003/2024(H5N1)	1009	11044
PA|PP755594.1|A/cattle/Texas/24-008749-003/2024(H5N1)	1010	11073
PA|PP755594.1|A/cattle/Texas/24-008749-003/2024(H5N1)	1011	11142
PA|PP755594.1|A/cattle/Texas/24-008749-003/2024(H5N1)	1012	11142
PA|PP755594.1|A/cattle/Texas/24-008749-003/2024(H5N1)	1013	11165
PA|PP755594.1|A/cattle/Texas/24-008749-003/2024(H5N1)	1014	11170
PA|PP755594.1|A/cattle/Texas/24-008749-003/2024(H5N1)	1015	11201
PA|PP755594.1|A/cattle/Texas/24-008749-003/2024(H5N1)	1016	11230
PA|PP755594.1|A/cattle/Texas/24-008749-003/2024(H5N1)	1017	11243
PA|PP755594.1|A/cattle/Texas/24-008749-003/2024(H5N1)	1018	11204
PA|PP755594.1|A/cattle/Texas/24-008749-003/2024(H5N1)	1019	11192
PA|PP755594.1|A/cattle/Texas/24-008749-003/2024(H5N1)	1020	11124
PA|PP755594.1|A/cattle/Texas/24-008749-003/2024(H5N1)	1021	11269
PA|PP755594.1|A/cattle/Texas/24-008749-003/2024(H5N1)	1022	11335
PA|PP755594.1|A/cattle/Texas/24-008749-003/2024(H5N1)	1023	11271
PA|PP755594.1|A/cattle/Texas/24-008749-003/2024(H5N1)	1024	11250
PA|PP755594.1|A/cattle/Texas/24-008749-003/2024(H5N1)	1025	11238
PA|PP755594.1|A/cattle/Texas/24-008749-003/2024(H5N1)	1026	11058
PA|PP755594.1|A/cattle/Texas/24-008749-003/2024(H5N1)	1027	11095
PA|PP755594.1|A/cattle/Texas/24-008749-003/2024(H5N1)	1028	11091
PA|PP755594.1|A/cattle/Texas/24-008749-003/2024(H5N1)	1029	11058
PA|PP755594.1|A/cattle/Texas/24-008749-003/2024(H5N1)	1030	11111
PA|PP755594.1|A/cattle/Texas/24-008749-003/2024(H5N1)	1031	11127
PA|PP755594.1|A/cattle/Texas/24-008749-003/2024(H5N1)	1032	11134
PA|PP755594.1|A/cattle/Texas/24-008749-003/2024(H5N1)	1033	11126
PA|PP755594.1|A/cattle/Texas/24-008749-003/2024(H5N1)	1034	11122
PA|PP755594.1|A/cattle/Texas/24-008749-003/2024(H5N1)	1035	11034
PA|PP755594.1|A/cattle/Texas/24-008749-003/2024(H5N1)	1036	11034
PA|PP755594.1|A/cattle/Texas/24-008749-003/2024(H5N1)	1037	11030
PA|PP755594.1|A/cattle/Texas/24-008749-003/2024(H5N1)	1038	11030
PA|PP755594.1|A/cattle/Texas/24-008749-003/2024(H5N1)	1039	11070
PA|PP755594.1|A/cattle/Texas/24-008749-003/2024(H5N1)	1040	11086
PA|PP755594.1|A/cattle/Texas/24-008749-003/2024(H5N1)	1041	11177
PA|PP755594.1|A/cattle/Texas/24-008749-003/2024(H5N1)	1042	10882
PA|PP755594.1|A/cattle/Texas/24-008749-003/2024(H5N1)	1043	12133
PA|PP755594.1|A/cattle/Texas/24-008749-003/2024(H5N1)	1044	12137
PA|PP755594.1|A/cattle/Texas/24-008749-003/2024(H5N1)	1045	12143
PA|PP755594.1|A/cattle/Texas/24-008749-003/2024(H5N1)	1046	12154
PA|PP755594.1|A/cattle/Texas/24-008749-003/2024(H5N1)	1047	12145
PA|PP755594.1|A/cattle/Texas/24-008749-003/2024(H5N1)	1048	12253
PA|PP755594.1|A/cattle/Texas/24-008749-003/2024(H5N1)	1049	12262
PA|PP755594.1|A/cattle/Texas/24-008749-003/2024(H5N1)	1050	12255
PA|PP755594.1|A/cattle/Texas/24-008749-003/2024(H5N1)	1051	12266
PA|PP755594.1|A/cattle/Texas/24-008749-003/2024(H5N1)	1052	12262
PA|PP755594.1|A/cattle/Texas/24-008749-003/2024(H5N1)	1053	12297
PA|PP755594.1|A/cattle/Texas/24-008749-003/2024(H5N1)	1054	12330
PA|PP755594.1|A/cattle/Texas/24-008749-003/2024(H5N1)	1055	12353
PA|PP755594.1|A/cattle/Texas/24-008749-003/2024(H5N1)	1056	12383
PA|PP755594.1|A/cattle/Texas/24-008749-003/2024(H5N1)	1057	12399
PA|PP755594.1|A/cattle/Texas/24-008749-003/2024(H5N1)	1058	12425
PA|PP755594.1|A/cattle/Texas/24-008749-003/2024(H5N1)	1059	12453
PA|PP755594.1|A/cattle/Texas/24-008749-003/2024(H5N1)	1060	12467
PA|PP755594.1|A/cattle/Texas/24-008749-003/2024(H5N1)	1061	12496
PA|PP755594.1|A/cattle/Texas/24-008749-003/2024(H5N1)	1062	12507
PA|PP755594.1|A/cattle/Texas/24-008749-003/2024(H5N1)	1063	12465
PA|PP755594.1|A/cattle/Texas/24-008749-003/2024(H5N1)	1064	12469
PA|PP755594.1|A/cattle/Texas/24-008749-003/2024(H5N1)	1065	12453
PA|PP755594.1|A/cattle/Texas/24-008749-003/2024(H5N1)	1066	12451
PA|PP755594.1|A/cattle/Texas/24-008749-003/2024(H5N1)	1067	12433
PA|PP755594.1|A/cattle/Texas/24-008749-003/2024(H5N1)	1068	12302
PA|PP755594.1|A/cattle/Texas/24-008749-003/2024(H5N1)	1069	12307
PA|PP755594.1|A/cattle/Texas/24-008749-003/2024(H5N1)	1070	12294
PA|PP755594.1|A/cattle/Texas/24-008749-003/2024(H5N1)	1071	12294
PA|PP755594.1|A/cattle/Texas/24-008749-003/2024(H5N1)	1072	12314
PA|PP755594.1|A/cattle/Texas/24-008749-003/2024(H5N1)	1073	12318
PA|PP755594.1|A/cattle/Texas/24-008749-003/2024(H5N1)	1074	12373
PA|PP755594.1|A/cattle/Texas/24-008749-003/2024(H5N1)	1075	12541
PA|PP755594.1|A/cattle/Texas/24-008749-003/2024(H5N1)	1076	12580
PA|PP755594.1|A/cattle/Texas/24-008749-003/2024(H5N1)	1077	12589
PA|PP755594.1|A/cattle/Texas/24-008749-003/2024(H5N1)	1078	12595
PA|PP755594.1|A/cattle/Texas/24-008749-003/2024(H5N1)	1079	12574
PA|PP755594.1|A/cattle/Texas/24-008749-003/2024(H5N1)	1080	12704
PA|PP755594.1|A/cattle/Texas/24-008749-003/2024(H5N1)	1081	12713
PA|PP755594.1|A/cattle/Texas/24-008749-003/2024(H5N1)	1082	12713
PA|PP755594.1|A/cattle/Texas/24-008749-003/2024(H5N1)	1083	12755
PA|PP755594.1|A/cattle/Texas/24-008749-003/2024(H5N1)	1084	12752
PA|PP755594.1|A/cattle/Texas/24-008749-003/2024(H5N1)	1085	12831
PA|PP755594.1|A/cattle/Texas/24-008749-003/2024(H5N1)	1086	12755
PA|PP755594.1|A/cattle/Texas/24-008749-003/2024(H5N1)	1087	12751
PA|PP755594.1|A/cattle/Texas/24-008749-003/2024(H5N1)	1088	12728
PA|PP755594.1|A/cattle/Texas/24-008749-003/2024(H5N1)	1089	12606
PA|PP755594.1|A/cattle/Texas/24-008749-003/2024(H5N1)	1090	12622
PA|PP755594.1|A/cattle/Texas/24-008749-003/2024(H5N1)	1091	12568
PA|PP755594.1|A/cattle/Texas/24-008749-003/2024(H5N1)	1092	12516
PA|PP755594.1|A/cattle/Texas/24-008749-003/2024(H5N1)	1093	12909
PA|PP755594.1|A/cattle/Texas/24-008749-003/2024(H5N1)	1094	12861
PA|PP755594.1|A/cattle/Texas/24-008749-003/2024(H5N1)	1095	12988
PA|PP755594.1|A/cattle/Texas/24-008749-003/2024(H5N1)	1096	12988
PA|PP755594.1|A/cattle/Texas/24-008749-003/2024(H5N1)	1097	12963
PA|PP755594.1|A/cattle/Texas/24-008749-003/2024(H5N1)	1098	12975
PA|PP755594.1|A/cattle/Texas/24-008749-003/2024(H5N1)	1099	12977
PA|PP755594.1|A/cattle/Texas/24-008749-003/2024(H5N1)	1100	13115
PA|PP755594.1|A/cattle/Texas/24-008749-003/2024(H5N1)	1101	13094
PA|PP755594.1|A/cattle/Texas/24-008749-003/2024(H5N1)	1102	12830
PA|PP755594.1|A/cattle/Texas/24-008749-003/2024(H5N1)	1103	12828
PA|PP755594.1|A/cattle/Texas/24-008749-003/2024(H5N1)	1104	12827
PA|PP755594.1|A/cattle/Texas/24-008749-003/2024(H5N1)	1105	12828
PA|PP755594.1|A/cattle/Texas/24-008749-003/2024(H5N1)	1106	13017
PA|PP755594.1|A/cattle/Texas/24-008749-003/2024(H5N1)	1107	12991
PA|PP755594.1|A/cattle/Texas/24-008749-003/2024(H5N1)	1108	13130
PA|PP755594.1|A/cattle/Texas/24-008749-003/2024(H5N1)	1109	12991
PA|PP755594.1|A/cattle/Texas/24-008749-003/2024(H5N1)	1110	13083
PA|PP755594.1|A/cattle/Texas/24-008749-003/2024(H5N1)	1111	13599
PA|PP755594.1|A/cattle/Texas/24-008749-003/2024(H5N1)	1112	13600
PA|PP755594.1|A/cattle/Texas/24-008749-003/2024(H5N1)	1113	13571
PA|PP755594.1|A/cattle/Texas/24-008749-003/2024(H5N1)	1114	13572
PA|PP755594.1|A/cattle/Texas/24-008749-003/2024(H5N1)	1115	13439
PA|PP755594.1|A/cattle/Texas/24-008749-003/2024(H5N1)	1116	13854
PA|PP755594.1|A/cattle/Texas/24-008749-003/2024(H5N1)	1117	13772
PA|PP755594.1|A/cattle/Texas/24-008749-003/2024(H5N1)	1118	13805
PA|PP755594.1|A/cattle/Texas/24-008749-003/2024(H5N1)	1119	13825
PA|PP755594.1|A/cattle/Texas/24-008749-003/2024(H5N1)	1120	13344
PA|PP755594.1|A/cattle/Texas/24-008749-003/2024(H5N1)	1121	13338
PA|PP755594.1|A/cattle/Texas/24-008749-003/2024(H5N1)	1122	13225
PA|PP755594.1|A/cattle/Texas/24-008749-003/2024(H5N1)	1123	13213
PA|PP755594.1|A/cattle/Texas/24-008749-003/2024(H5N1)	1124	13202
PA|PP755594.1|A/cattle/Texas/24-008749-003/2024(H5N1)	1125	12798
PA|PP755594.1|A/cattle/Texas/24-008749-003/2024(H5N1)	1126	12828
PA|PP755594.1|A/cattle/Texas/24-008749-003/2024(H5N1)	1127	12701
PA|PP755594.1|A/cattle/Texas/24-008749-003/2024(H5N1)	1128	12686
PA|PP755594.1|A/cattle/Texas/24-008749-003/2024(H5N1)	1129	12703
PA|PP755594.1|A/cattle/Texas/24-008749-003/2024(H5N1)	1130	12712
PA|PP755594.1|A/cattle/Texas/24-008749-003/2024(H5N1)	1131	12711
PA|PP755594.1|A/cattle/Texas/24-008749-003/2024(H5N1)	1132	12697
PA|PP755594.1|A/cattle/Texas/24-008749-003/2024(H5N1)	1133	12698
PA|PP755594.1|A/cattle/Texas/24-008749-003/2024(H5N1)	1134	12698
PA|PP755594.1|A/cattle/Texas/24-008749-003/2024(H5N1)	1135	12696
PA|PP755594.1|A/cattle/Texas/24-008749-003/2024(H5N1)	1136	12660
PA|PP755594.1|A/cattle/Texas/24-008749-003/2024(H5N1)	1137	12640
PA|PP755594.1|A/cattle/Texas/24-008749-003/2024(H5N1)	1138	12624
PA|PP755594.1|A/cattle/Texas/24-008749-003/2024(H5N1)	1139	12622
PA|PP755594.1|A/cattle/Texas/24-008749-003/2024(H5N1)	1140	12619
PA|PP755594.1|A/cattle/Texas/24-008749-003/2024(H5N1)	1141	12563
PA|PP755594.1|A/cattle/Texas/24-008749-003/2024(H5N1)	1142	12561
PA|PP755594.1|A/cattle/Texas/24-008749-003/2024(H5N1)	1143	12554
PA|PP755594.1|A/cattle/Texas/24-008749-003/2024(H5N1)	1144	12543
PA|PP755594.1|A/cattle/Texas/24-008749-003/2024(H5N1)	1145	12535
PA|PP755594.1|A/cattle/Texas/24-008749-003/2024(H5N1)	1146	12530
PA|PP755594.1|A/cattle/Texas/24-008749-003/2024(H5N1)	1147	12520
PA|PP755594.1|A/cattle/Texas/24-008749-003/2024(H5N1)	1148	12334
PA|PP755594.1|A/cattle/Texas/24-008749-003/2024(H5N1)	1149	12275
PA|PP755594.1|A/cattle/Texas/24-008749-003/2024(H5N1)	1150	12257
PA|PP755594.1|A/cattle/Texas/24-008749-003/2024(H5N1)	1151	12252
PA|PP755594.1|A/cattle/Texas/24-008749-003/2024(H5N1)	1152	12222
PA|PP755594.1|A/cattle/Texas/24-008749-003/2024(H5N1)	1153	12216
PA|PP755594.1|A/cattle/Texas/24-008749-003/2024(H5N1)	1154	12212
PA|PP755594.1|A/cattle/Texas/24-008749-003/2024(H5N1)	1155	12111
PA|PP755594.1|A/cattle/Texas/24-008749-003/2024(H5N1)	1156	12106
PA|PP755594.1|A/cattle/Texas/24-008749-003/2024(H5N1)	1157	12092
PA|PP755594.1|A/cattle/Texas/24-008749-003/2024(H5N1)	1158	11740
PA|PP755594.1|A/cattle/Texas/24-008749-003/2024(H5N1)	1159	11739
PA|PP755594.1|A/cattle/Texas/24-008749-003/2024(H5N1)	1160	11508
PA|PP755594.1|A/cattle/Texas/24-008749-003/2024(H5N1)	1161	11375
PA|PP755594.1|A/cattle/Texas/24-008749-003/2024(H5N1)	1162	11348
PA|PP755594.1|A/cattle/Texas/24-008749-003/2024(H5N1)	1163	11347
PA|PP755594.1|A/cattle/Texas/24-008749-003/2024(H5N1)	1164	11314
PA|PP755594.1|A/cattle/Texas/24-008749-003/2024(H5N1)	1165	11259
PA|PP755594.1|A/cattle/Texas/24-008749-003/2024(H5N1)	1166	11252
PA|PP755594.1|A/cattle/Texas/24-008749-003/2024(H5N1)	1167	11245
PA|PP755594.1|A/cattle/Texas/24-008749-003/2024(H5N1)	1168	8278
PA|PP755594.1|A/cattle/Texas/24-008749-003/2024(H5N1)	1169	8276
PA|PP755594.1|A/cattle/Texas/24-008749-003/2024(H5N1)	1170	8272
PA|PP755594.1|A/cattle/Texas/24-008749-003/2024(H5N1)	1171	8252
PA|PP755594.1|A/cattle/Texas/24-008749-003/2024(H5N1)	1172	8252
PA|PP755594.1|A/cattle/Texas/24-008749-003/2024(H5N1)	1173	8252
PA|PP755594.1|A/cattle/Texas/24-008749-003/2024(H5N1)	1174	8248
PA|PP755594.1|A/cattle/Texas/24-008749-003/2024(H5N1)	1175	8073
PA|PP755594.1|A/cattle/Texas/24-008749-003/2024(H5N1)	1176	8051
PA|PP755594.1|A/cattle/Texas/24-008749-003/2024(H5N1)	1177	8051
PA|PP755594.1|A/cattle/Texas/24-008749-003/2024(H5N1)	1178	8051
PA|PP755594.1|A/cattle/Texas/24-008749-003/2024(H5N1)	1179	8050
PA|PP755594.1|A/cattle/Texas/24-008749-003/2024(H5N1)	1180	8050
PA|PP755594.1|A/cattle/Texas/24-008749-003/2024(H5N1)	1181	8050
PA|PP755594.1|A/cattle/Texas/24-008749-003/2024(H5N1)	1182	8050
PA|PP755594.1|A/cattle/Texas/24-008749-003/2024(H5N1)	1183	8050
PA|PP755594.1|A/cattle/Texas/24-008749-003/2024(H5N1)	1184	8050
PA|PP755594.1|A/cattle/Texas/24-008749-003/2024(H5N1)	1185	8047
PA|PP755594.1|A/cattle/Texas/24-008749-003/2024(H5N1)	1186	8047
PA|PP755594.1|A/cattle/Texas/24-008749-003/2024(H5N1)	1187	8047
PA|PP755594.1|A/cattle/Texas/24-008749-003/2024(H5N1)	1188	8047
PA|PP755594.1|A/cattle/Texas/24-008749-003/2024(H5N1)	1189	8047
PA|PP755594.1|A/cattle/Texas/24-008749-003/2024(H5N1)	1190	8047
PA|PP755594.1|A/cattle/Texas/24-008749-003/2024(H5N1)	1191	8047
PA|PP755594.1|A/cattle/Texas/24-008749-003/2024(H5N1)	1192	8058
PA|PP755594.1|A/cattle/Texas/24-008749-003/2024(H5N1)	1193	8058
PA|PP755594.1|A/cattle/Texas/24-008749-003/2024(H5N1)	1194	8058
PA|PP755594.1|A/cattle/Texas/24-008749-003/2024(H5N1)	1195	8058
PA|PP755594.1|A/cattle/Texas/24-008749-003/2024(H5N1)	1196	8058
PA|PP755594.1|A/cattle/Texas/24-008749-003/2024(H5N1)	1197	8058
PA|PP755594.1|A/cattle/Texas/24-008749-003/2024(H5N1)	1198	8088
PA|PP755594.1|A/cattle/Texas/24-008749-003/2024(H5N1)	1199	9087
PA|PP755594.1|A/cattle/Texas/24-008749-003/2024(H5N1)	1200	9090
PA|PP755594.1|A/cattle/Texas/24-008749-003/2024(H5N1)	1201	9092
PA|PP755594.1|A/cattle/Texas/24-008749-003/2024(H5N1)	1202	9096
PA|PP755594.1|A/cattle/Texas/24-008749-003/2024(H5N1)	1203	9111
PA|PP755594.1|A/cattle/Texas/24-008749-003/2024(H5N1)	1204	9117
PA|PP755594.1|A/cattle/Texas/24-008749-003/2024(H5N1)	1205	9119
PA|PP755594.1|A/cattle/Texas/24-008749-003/2024(H5N1)	1206	9144
PA|PP755594.1|A/cattle/Texas/24-008749-003/2024(H5N1)	1207	9244
PA|PP755594.1|A/cattle/Texas/24-008749-003/2024(H5N1)	1208	9299
PA|PP755594.1|A/cattle/Texas/24-008749-003/2024(H5N1)	1209	9313
PA|PP755594.1|A/cattle/Texas/24-008749-003/2024(H5N1)	1210	9313
PA|PP755594.1|A/cattle/Texas/24-008749-003/2024(H5N1)	1211	9318
PA|PP755594.1|A/cattle/Texas/24-008749-003/2024(H5N1)	1212	9328
PA|PP755594.1|A/cattle/Texas/24-008749-003/2024(H5N1)	1213	9335
PA|PP755594.1|A/cattle/Texas/24-008749-003/2024(H5N1)	1214	9445
PA|PP755594.1|A/cattle/Texas/24-008749-003/2024(H5N1)	1215	9465
PA|PP755594.1|A/cattle/Texas/24-008749-003/2024(H5N1)	1216	9465
PA|PP755594.1|A/cattle/Texas/24-008749-003/2024(H5N1)	1217	9466
PA|PP755594.1|A/cattle/Texas/24-008749-003/2024(H5N1)	1218	9540
PA|PP755594.1|A/cattle/Texas/24-008749-003/2024(H5N1)	1219	9589
PA|PP755594.1|A/cattle/Texas/24-008749-003/2024(H5N1)	1220	9582
PA|PP755594.1|A/cattle/Texas/24-008749-003/2024(H5N1)	1221	9578
PA|PP755594.1|A/cattle/Texas/24-008749-003/2024(H5N1)	1222	9585
PA|PP755594.1|A/cattle/Texas/24-008749-003/2024(H5N1)	1223	9594
PA|PP755594.1|A/cattle/Texas/24-008749-003/2024(H5N1)	1224	9610
PA|PP755594.1|A/cattle/Texas/24-008749-003/2024(H5N1)	1225	9615
PA|PP755594.1|A/cattle/Texas/24-008749-003/2024(H5N1)	1226	9610
PA|PP755594.1|A/cattle/Texas/24-008749-003/2024(H5N1)	1227	9478
PA|PP755594.1|A/cattle/Texas/24-008749-003/2024(H5N1)	1228	9498
PA|PP755594.1|A/cattle/Texas/24-008749-003/2024(H5N1)	1229	9491
PA|PP755594.1|A/cattle/Texas/24-008749-003/2024(H5N1)	1230	9501
PA|PP755594.1|A/cattle/Texas/24-008749-003/2024(H5N1)	1231	9522
PA|PP755594.1|A/cattle/Texas/24-008749-003/2024(H5N1)	1232	9525
PA|PP755594.1|A/cattle/Texas/24-008749-003/2024(H5N1)	1233	9669
PA|PP755594.1|A/cattle/Texas/24-008749-003/2024(H5N1)	1234	9634
PA|PP755594.1|A/cattle/Texas/24-008749-003/2024(H5N1)	1235	9631
PA|PP755594.1|A/cattle/Texas/24-008749-003/2024(H5N1)	1236	9609
PA|PP755594.1|A/cattle/Texas/24-008749-003/2024(H5N1)	1237	9491
PA|PP755594.1|A/cattle/Texas/24-008749-003/2024(H5N1)	1238	9496
PA|PP755594.1|A/cattle/Texas/24-008749-003/2024(H5N1)	1239	9437
PA|PP755594.1|A/cattle/Texas/24-008749-003/2024(H5N1)	1240	9434
PA|PP755594.1|A/cattle/Texas/24-008749-003/2024(H5N1)	1241	9423
PA|PP755594.1|A/cattle/Texas/24-008749-003/2024(H5N1)	1242	9143
PA|PP755594.1|A/cattle/Texas/24-008749-003/2024(H5N1)	1243	9138
PA|PP755594.1|A/cattle/Texas/24-008749-003/2024(H5N1)	1244	9132
PA|PP755594.1|A/cattle/Texas/24-008749-003/2024(H5N1)	1245	7059
PA|PP755594.1|A/cattle/Texas/24-008749-003/2024(H5N1)	1246	7058
PA|PP755594.1|A/cattle/Texas/24-008749-003/2024(H5N1)	1247	7041
PA|PP755594.1|A/cattle/Texas/24-008749-003/2024(H5N1)	1248	6893
PA|PP755594.1|A/cattle/Texas/24-008749-003/2024(H5N1)	1249	6888
PA|PP755594.1|A/cattle/Texas/24-008749-003/2024(H5N1)	1250	6888
PA|PP755594.1|A/cattle/Texas/24-008749-003/2024(H5N1)	1251	6854
PA|PP755594.1|A/cattle/Texas/24-008749-003/2024(H5N1)	1252	6842
PA|PP755594.1|A/cattle/Texas/24-008749-003/2024(H5N1)	1253	6818
PA|PP755594.1|A/cattle/Texas/24-008749-003/2024(H5N1)	1254	6801
PA|PP755594.1|A/cattle/Texas/24-008749-003/2024(H5N1)	1255	6801
PA|PP755594.1|A/cattle/Texas/24-008749-003/2024(H5N1)	1256	6793
PA|PP755594.1|A/cattle/Texas/24-008749-003/2024(H5N1)	1257	6717
PA|PP755594.1|A/cattle/Texas/24-008749-003/2024(H5N1)	1258	6726
PA|PP755594.1|A/cattle/Texas/24-008749-003/2024(H5N1)	1259	6726
PA|PP755594.1|A/cattle/Texas/24-008749-003/2024(H5N1)	1260	6726
PA|PP755594.1|A/cattle/Texas/24-008749-003/2024(H5N1)	1261	6730
PA|PP755594.1|A/cattle/Texas/24-008749-003/2024(H5N1)	1262	6739
PA|PP755594.1|A/cattle/Texas/24-008749-003/2024(H5N1)	1263	6746
PA|PP755594.1|A/cattle/Texas/24-008749-003/2024(H5N1)	1264	7607
PA|PP755594.1|A/cattle/Texas/24-008749-003/2024(H5N1)	1265	8093
PA|PP755594.1|A/cattle/Texas/24-008749-003/2024(H5N1)	1266	8099
PA|PP755594.1|A/cattle/Texas/24-008749-003/2024(H5N1)	1267	8105
PA|PP755594.1|A/cattle/Texas/24-008749-003/2024(H5N1)	1268	8105
PA|PP755594.1|A/cattle/Texas/24-008749-003/2024(H5N1)	1269	8105
PA|PP755594.1|A/cattle/Texas/24-008749-003/2024(H5N1)	1270	8299
PA|PP755594.1|A/cattle/Texas/24-008749-003/2024(H5N1)	1271	8301
PA|PP755594.1|A/cattle/Texas/24-008749-003/2024(H5N1)	1272	8321
PA|PP755594.1|A/cattle/Texas/24-008749-003/2024(H5N1)	1273	8321
PA|PP755594.1|A/cattle/Texas/24-008749-003/2024(H5N1)	1274	8347
PA|PP755594.1|A/cattle/Texas/24-008749-003/2024(H5N1)	1275	8490
PA|PP755594.1|A/cattle/Texas/24-008749-003/2024(H5N1)	1276	8502
PA|PP755594.1|A/cattle/Texas/24-008749-003/2024(H5N1)	1277	8506
PA|PP755594.1|A/cattle/Texas/24-008749-003/2024(H5N1)	1278	8507
PA|PP755594.1|A/cattle/Texas/24-008749-003/2024(H5N1)	1279	8510
PA|PP755594.1|A/cattle/Texas/24-008749-003/2024(H5N1)	1280	8651
PA|PP755594.1|A/cattle/Texas/24-008749-003/2024(H5N1)	1281	8657
PA|PP755594.1|A/cattle/Texas/24-008749-003/2024(H5N1)	1282	8675
PA|PP755594.1|A/cattle/Texas/24-008749-003/2024(H5N1)	1283	8686
PA|PP755594.1|A/cattle/Texas/24-008749-003/2024(H5N1)	1284	8693
PA|PP755594.1|A/cattle/Texas/24-008749-003/2024(H5N1)	1285	8767
PA|PP755594.1|A/cattle/Texas/24-008749-003/2024(H5N1)	1286	8799
PA|PP755594.1|A/cattle/Texas/24-008749-003/2024(H5N1)	1287	8819
PA|PP755594.1|A/cattle/Texas/24-008749-003/2024(H5N1)	1288	8818
PA|PP755594.1|A/cattle/Texas/24-008749-003/2024(H5N1)	1289	8707
PA|PP755594.1|A/cattle/Texas/24-008749-003/2024(H5N1)	1290	8705
PA|PP755594.1|A/cattle/Texas/24-008749-003/2024(H5N1)	1291	8703
PA|PP755594.1|A/cattle/Texas/24-008749-003/2024(H5N1)	1292	9001
PA|PP755594.1|A/cattle/Texas/24-008749-003/2024(H5N1)	1293	8950
PA|PP755594.1|A/cattle/Texas/24-008749-003/2024(H5N1)	1294	8874
PA|PP755594.1|A/cattle/Texas/24-008749-003/2024(H5N1)	1295	8952
PA|PP755594.1|A/cattle/Texas/24-008749-003/2024(H5N1)	1296	8917
PA|PP755594.1|A/cattle/Texas/24-008749-003/2024(H5N1)	1297	8919
PA|PP755594.1|A/cattle/Texas/24-008749-003/2024(H5N1)	1298	8925
PA|PP755594.1|A/cattle/Texas/24-008749-003/2024(H5N1)	1299	8921
PA|PP755594.1|A/cattle/Texas/24-008749-003/2024(H5N1)	1300	8931
PA|PP755594.1|A/cattle/Texas/24-008749-003/2024(H5N1)	1301	8617
PA|PP755594.1|A/cattle/Texas/24-008749-003/2024(H5N1)	1302	8568
PA|PP755594.1|A/cattle/Texas/24-008749-003/2024(H5N1)	1303	8701
PA|PP755594.1|A/cattle/Texas/24-008749-003/2024(H5N1)	1304	8698
PA|PP755594.1|A/cattle/Texas/24-008749-003/2024(H5N1)	1305	8723
PA|PP755594.1|A/cattle/Texas/24-008749-003/2024(H5N1)	1306	8892
PA|PP755594.1|A/cattle/Texas/24-008749-003/2024(H5N1)	1307	8898
PA|PP755594.1|A/cattle/Texas/24-008749-003/2024(H5N1)	1308	8935
PA|PP755594.1|A/cattle/Texas/24-008749-003/2024(H5N1)	1309	8961
PA|PP755594.1|A/cattle/Texas/24-008749-003/2024(H5N1)	1310	8940
PA|PP755594.1|A/cattle/Texas/24-008749-003/2024(H5N1)	1311	9017
PA|PP755594.1|A/cattle/Texas/24-008749-003/2024(H5N1)	1312	8827
PA|PP755594.1|A/cattle/Texas/24-008749-003/2024(H5N1)	1313	8825
PA|PP755594.1|A/cattle/Texas/24-008749-003/2024(H5N1)	1314	8816
PA|PP755594.1|A/cattle/Texas/24-008749-003/2024(H5N1)	1315	8799
PA|PP755594.1|A/cattle/Texas/24-008749-003/2024(H5N1)	1316	8790
PA|PP755594.1|A/cattle/Texas/24-008749-003/2024(H5N1)	1317	8603
PA|PP755594.1|A/cattle/Texas/24-008749-003/2024(H5N1)	1318	8434
PA|PP755594.1|A/cattle/Texas/24-008749-003/2024(H5N1)	1319	8434
PA|PP755594.1|A/cattle/Texas/24-008749-003/2024(H5N1)	1320	8393
PA|PP755594.1|A/cattle/Texas/24-008749-003/2024(H5N1)	1321	8421
PA|PP755594.1|A/cattle/Texas/24-008749-003/2024(H5N1)	1322	8678
PA|PP755594.1|A/cattle/Texas/24-008749-003/2024(H5N1)	1323	8704
PA|PP755594.1|A/cattle/Texas/24-008749-003/2024(H5N1)	1324	8716
PA|PP755594.1|A/cattle/Texas/24-008749-003/2024(H5N1)	1325	8744
PA|PP755594.1|A/cattle/Texas/24-008749-003/2024(H5N1)	1326	8799
PA|PP755594.1|A/cattle/Texas/24-008749-003/2024(H5N1)	1327	8801
PA|PP755594.1|A/cattle/Texas/24-008749-003/2024(H5N1)	1328	8765
PA|PP755594.1|A/cattle/Texas/24-008749-003/2024(H5N1)	1329	8813
PA|PP755594.1|A/cattle/Texas/24-008749-003/2024(H5N1)	1330	8818
PA|PP755594.1|A/cattle/Texas/24-008749-003/2024(H5N1)	1331	8803
PA|PP755594.1|A/cattle/Texas/24-008749-003/2024(H5N1)	1332	8822
PA|PP755594.1|A/cattle/Texas/24-008749-003/2024(H5N1)	1333	8857
PA|PP755594.1|A/cattle/Texas/24-008749-003/2024(H5N1)	1334	8634
PA|PP755594.1|A/cattle/Texas/24-008749-003/2024(H5N1)	1335	8651
PA|PP755594.1|A/cattle/Texas/24-008749-003/2024(H5N1)	1336	8641
PA|PP755594.1|A/cattle/Texas/24-008749-003/2024(H5N1)	1337	8657
PA|PP755594.1|A/cattle/Texas/24-008749-003/2024(H5N1)	1338	8605
PA|PP755594.1|A/cattle/Texas/24-008749-003/2024(H5N1)	1339	8578
PA|PP755594.1|A/cattle/Texas/24-008749-003/2024(H5N1)	1340	8922
PA|PP755594.1|A/cattle/Texas/24-008749-003/2024(H5N1)	1341	8900
PA|PP755594.1|A/cattle/Texas/24-008749-003/2024(H5N1)	1342	8877
PA|PP755594.1|A/cattle/Texas/24-008749-003/2024(H5N1)	1343	8864
PA|PP755594.1|A/cattle/Texas/24-008749-003/2024(H5N1)	1344	8362
PA|PP755594.1|A/cattle/Texas/24-008749-003/2024(H5N1)	1345	8494
PA|PP755594.1|A/cattle/Texas/24-008749-003/2024(H5N1)	1346	8512
PA|PP755594.1|A/cattle/Texas/24-008749-003/2024(H5N1)	1347	8508
PA|PP755594.1|A/cattle/Texas/24-008749-003/2024(H5N1)	1348	8565
PA|PP755594.1|A/cattle/Texas/24-008749-003/2024(H5N1)	1349	8582
PA|PP755594.1|A/cattle/Texas/24-008749-003/2024(H5N1)	1350	8699
PA|PP755594.1|A/cattle/Texas/24-008749-003/2024(H5N1)	1351	9009
PA|PP755594.1|A/cattle/Texas/24-008749-003/2024(H5N1)	1352	9028
PA|PP755594.1|A/cattle/Texas/24-008749-003/2024(H5N1)	1353	9158
PA|PP755594.1|A/cattle/Texas/24-008749-003/2024(H5N1)	1354	9201
PA|PP755594.1|A/cattle/Texas/24-008749-003/2024(H5N1)	1355	9246
PA|PP755594.1|A/cattle/Texas/24-008749-003/2024(H5N1)	1356	9398
PA|PP755594.1|A/cattle/Texas/24-008749-003/2024(H5N1)	1357	9351
PA|PP755594.1|A/cattle/Texas/24-008749-003/2024(H5N1)	1358	9349
PA|PP755594.1|A/cattle/Texas/24-008749-003/2024(H5N1)	1359	9291
PA|PP755594.1|A/cattle/Texas/24-008749-003/2024(H5N1)	1360	9231
PA|PP755594.1|A/cattle/Texas/24-008749-003/2024(H5N1)	1361	9291
PA|PP755594.1|A/cattle/Texas/24-008749-003/2024(H5N1)	1362	9322
PA|PP755594.1|A/cattle/Texas/24-008749-003/2024(H5N1)	1363	9284
PA|PP755594.1|A/cattle/Texas/24-008749-003/2024(H5N1)	1364	9308
PA|PP755594.1|A/cattle/Texas/24-008749-003/2024(H5N1)	1365	9270
PA|PP755594.1|A/cattle/Texas/24-008749-003/2024(H5N1)	1366	9599
PA|PP755594.1|A/cattle/Texas/24-008749-003/2024(H5N1)	1367	9672
PA|PP755594.1|A/cattle/Texas/24-008749-003/2024(H5N1)	1368	9652
PA|PP755594.1|A/cattle/Texas/24-008749-003/2024(H5N1)	1369	9682
PA|PP755594.1|A/cattle/Texas/24-008749-003/2024(H5N1)	1370	9676
PA|PP755594.1|A/cattle/Texas/24-008749-003/2024(H5N1)	1371	9720
PA|PP755594.1|A/cattle/Texas/24-008749-003/2024(H5N1)	1372	9713
PA|PP755594.1|A/cattle/Texas/24-008749-003/2024(H5N1)	1373	9719
PA|PP755594.1|A/cattle/Texas/24-008749-003/2024(H5N1)	1374	9749
PA|PP755594.1|A/cattle/Texas/24-008749-003/2024(H5N1)	1375	9604
PA|PP755594.1|A/cattle/Texas/24-008749-003/2024(H5N1)	1376	9638
PA|PP755594.1|A/cattle/Texas/24-008749-003/2024(H5N1)	1377	9727
PA|PP755594.1|A/cattle/Texas/24-008749-003/2024(H5N1)	1378	9750
PA|PP755594.1|A/cattle/Texas/24-008749-003/2024(H5N1)	1379	9777
PA|PP755594.1|A/cattle/Texas/24-008749-003/2024(H5N1)	1380	9771
PA|PP755594.1|A/cattle/Texas/24-008749-003/2024(H5N1)	1381	9756
PA|PP755594.1|A/cattle/Texas/24-008749-003/2024(H5N1)	1382	9745
PA|PP755594.1|A/cattle/Texas/24-008749-003/2024(H5N1)	1383	9724
PA|PP755594.1|A/cattle/Texas/24-008749-003/2024(H5N1)	1384	9722
PA|PP755594.1|A/cattle/Texas/24-008749-003/2024(H5N1)	1385	9767
PA|PP755594.1|A/cattle/Texas/24-008749-003/2024(H5N1)	1386	9707
PA|PP755594.1|A/cattle/Texas/24-008749-003/2024(H5N1)	1387	9705
PA|PP755594.1|A/cattle/Texas/24-008749-003/2024(H5N1)	1388	9698
PA|PP755594.1|A/cattle/Texas/24-008749-003/2024(H5N1)	1389	9688
PA|PP755594.1|A/cattle/Texas/24-008749-003/2024(H5N1)	1390	9699
PA|PP755594.1|A/cattle/Texas/24-008749-003/2024(H5N1)	1391	9694
PA|PP755594.1|A/cattle/Texas/24-008749-003/2024(H5N1)	1392	9687
PA|PP755594.1|A/cattle/Texas/24-008749-003/2024(H5N1)	1393	9679
PA|PP755594.1|A/cattle/Texas/24-008749-003/2024(H5N1)	1394	9551
PA|PP755594.1|A/cattle/Texas/24-008749-003/2024(H5N1)	1395	9525
PA|PP755594.1|A/cattle/Texas/24-008749-003/2024(H5N1)	1396	9450
PA|PP755594.1|A/cattle/Texas/24-008749-003/2024(H5N1)	1397	9448
PA|PP755594.1|A/cattle/Texas/24-008749-003/2024(H5N1)	1398	9421
PA|PP755594.1|A/cattle/Texas/24-008749-003/2024(H5N1)	1399	9411
PA|PP755594.1|A/cattle/Texas/24-008749-003/2024(H5N1)	1400	9363
PA|PP755594.1|A/cattle/Texas/24-008749-003/2024(H5N1)	1401	9159
PA|PP755594.1|A/cattle/Texas/24-008749-003/2024(H5N1)	1402	9151
PA|PP755594.1|A/cattle/Texas/24-008749-003/2024(H5N1)	1403	9130
PA|PP755594.1|A/cattle/Texas/24-008749-003/2024(H5N1)	1404	8506
PA|PP755594.1|A/cattle/Texas/24-008749-003/2024(H5N1)	1405	8489
PA|PP755594.1|A/cattle/Texas/24-008749-003/2024(H5N1)	1406	8363
PA|PP755594.1|A/cattle/Texas/24-008749-003/2024(H5N1)	1407	8364
PA|PP755594.1|A/cattle/Texas/24-008749-003/2024(H5N1)	1408	8364
PA|PP755594.1|A/cattle/Texas/24-008749-003/2024(H5N1)	1409	8377
PA|PP755594.1|A/cattle/Texas/24-008749-003/2024(H5N1)	1410	8439
PA|PP755594.1|A/cattle/Texas/24-008749-003/2024(H5N1)	1411	10988
PA|PP755594.1|A/cattle/Texas/24-008749-003/2024(H5N1)	1412	11054
PA|PP755594.1|A/cattle/Texas/24-008749-003/2024(H5N1)	1413	11073
PA|PP755594.1|A/cattle/Texas/24-008749-003/2024(H5N1)	1414	11077
PA|PP755594.1|A/cattle/Texas/24-008749-003/2024(H5N1)	1415	11110
PA|PP755594.1|A/cattle/Texas/24-008749-003/2024(H5N1)	1416	11158
PA|PP755594.1|A/cattle/Texas/24-008749-003/2024(H5N1)	1417	11166
PA|PP755594.1|A/cattle/Texas/24-008749-003/2024(H5N1)	1418	11175
PA|PP755594.1|A/cattle/Texas/24-008749-003/2024(H5N1)	1419	11204
PA|PP755594.1|A/cattle/Texas/24-008749-003/2024(H5N1)	1420	11231
PA|PP755594.1|A/cattle/Texas/24-008749-003/2024(H5N1)	1421	11259
PA|PP755594.1|A/cattle/Texas/24-008749-003/2024(H5N1)	1422	11259
PA|PP755594.1|A/cattle/Texas/24-008749-003/2024(H5N1)	1423	11259
PA|PP755594.1|A/cattle/Texas/24-008749-003/2024(H5N1)	1424	11267
PA|PP755594.1|A/cattle/Texas/24-008749-003/2024(H5N1)	1425	11271
PA|PP755594.1|A/cattle/Texas/24-008749-003/2024(H5N1)	1426	11553
PA|PP755594.1|A/cattle/Texas/24-008749-003/2024(H5N1)	1427	11555
PA|PP755594.1|A/cattle/Texas/24-008749-003/2024(H5N1)	1428	11574
PA|PP755594.1|A/cattle/Texas/24-008749-003/2024(H5N1)	1429	11591
PA|PP755594.1|A/cattle/Texas/24-008749-003/2024(H5N1)	1430	11594
PA|PP755594.1|A/cattle/Texas/24-008749-003/2024(H5N1)	1431	11643
PA|PP755594.1|A/cattle/Texas/24-008749-003/2024(H5N1)	1432	11695
PA|PP755594.1|A/cattle/Texas/24-008749-003/2024(H5N1)	1433	11722
PA|PP755594.1|A/cattle/Texas/24-008749-003/2024(H5N1)	1434	11726
PA|PP755594.1|A/cattle/Texas/24-008749-003/2024(H5N1)	1435	11691
PA|PP755594.1|A/cattle/Texas/24-008749-003/2024(H5N1)	1436	11690
PA|PP755594.1|A/cattle/Texas/24-008749-003/2024(H5N1)	1437	11622
PA|PP755594.1|A/cattle/Texas/24-008749-003/2024(H5N1)	1438	11725
PA|PP755594.1|A/cattle/Texas/24-008749-003/2024(H5N1)	1439	11739
PA|PP755594.1|A/cattle/Texas/24-008749-003/2024(H5N1)	1440	11739
PA|PP755594.1|A/cattle/Texas/24-008749-003/2024(H5N1)	1441	11739
PA|PP755594.1|A/cattle/Texas/24-008749-003/2024(H5N1)	1442	11739
PA|PP755594.1|A/cattle/Texas/24-008749-003/2024(H5N1)	1443	11592
PA|PP755594.1|A/cattle/Texas/24-008749-003/2024(H5N1)	1444	11627
PA|PP755594.1|A/cattle/Texas/24-008749-003/2024(H5N1)	1445	11955
PA|PP755594.1|A/cattle/Texas/24-008749-003/2024(H5N1)	1446	11996
PA|PP755594.1|A/cattle/Texas/24-008749-003/2024(H5N1)	1447	12052
PA|PP755594.1|A/cattle/Texas/24-008749-003/2024(H5N1)	1448	12101
PA|PP755594.1|A/cattle/Texas/24-008749-003/2024(H5N1)	1449	12104
PA|PP755594.1|A/cattle/Texas/24-008749-003/2024(H5N1)	1450	12107
PA|PP755594.1|A/cattle/Texas/24-008749-003/2024(H5N1)	1451	12108
PA|PP755594.1|A/cattle/Texas/24-008749-003/2024(H5N1)	1452	12116
PA|PP755594.1|A/cattle/Texas/24-008749-003/2024(H5N1)	1453	12144
PA|PP755594.1|A/cattle/Texas/24-008749-003/2024(H5N1)	1454	12169
PA|PP755594.1|A/cattle/Texas/24-008749-003/2024(H5N1)	1455	12170
PA|PP755594.1|A/cattle/Texas/24-008749-003/2024(H5N1)	1456	12170
PA|PP755594.1|A/cattle/Texas/24-008749-003/2024(H5N1)	1457	12164
PA|PP755594.1|A/cattle/Texas/24-008749-003/2024(H5N1)	1458	12185
PA|PP755594.1|A/cattle/Texas/24-008749-003/2024(H5N1)	1459	12296
PA|PP755594.1|A/cattle/Texas/24-008749-003/2024(H5N1)	1460	12333
PA|PP755594.1|A/cattle/Texas/24-008749-003/2024(H5N1)	1461	12432
PA|PP755594.1|A/cattle/Texas/24-008749-003/2024(H5N1)	1462	12431
PA|PP755594.1|A/cattle/Texas/24-008749-003/2024(H5N1)	1463	12435
PA|PP755594.1|A/cattle/Texas/24-008749-003/2024(H5N1)	1464	12407
PA|PP755594.1|A/cattle/Texas/24-008749-003/2024(H5N1)	1465	12409
PA|PP755594.1|A/cattle/Texas/24-008749-003/2024(H5N1)	1466	12352
PA|PP755594.1|A/cattle/Texas/24-008749-003/2024(H5N1)	1467	12346
PA|PP755594.1|A/cattle/Texas/24-008749-003/2024(H5N1)	1468	12120
PA|PP755594.1|A/cattle/Texas/24-008749-003/2024(H5N1)	1469	12107
PA|PP755594.1|A/cattle/Texas/24-008749-003/2024(H5N1)	1470	12040
PA|PP755594.1|A/cattle/Texas/24-008749-003/2024(H5N1)	1471	12274
PA|PP755594.1|A/cattle/Texas/24-008749-003/2024(H5N1)	1472	12276
PA|PP755594.1|A/cattle/Texas/24-008749-003/2024(H5N1)	1473	12109
PA|PP755594.1|A/cattle/Texas/24-008749-003/2024(H5N1)	1474	12410
PA|PP755594.1|A/cattle/Texas/24-008749-003/2024(H5N1)	1475	12433
PA|PP755594.1|A/cattle/Texas/24-008749-003/2024(H5N1)	1476	12442
PA|PP755594.1|A/cattle/Texas/24-008749-003/2024(H5N1)	1477	12426
PA|PP755594.1|A/cattle/Texas/24-008749-003/2024(H5N1)	1478	12346
PA|PP755594.1|A/cattle/Texas/24-008749-003/2024(H5N1)	1479	12322
PA|PP755594.1|A/cattle/Texas/24-008749-003/2024(H5N1)	1480	12312
PA|PP755594.1|A/cattle/Texas/24-008749-003/2024(H5N1)	1481	12311
PA|PP755594.1|A/cattle/Texas/24-008749-003/2024(H5N1)	1482	12317
PA|PP755594.1|A/cattle/Texas/24-008749-003/2024(H5N1)	1483	12270
PA|PP755594.1|A/cattle/Texas/24-008749-003/2024(H5N1)	1484	12269
PA|PP755594.1|A/cattle/Texas/24-008749-003/2024(H5N1)	1485	12286
PA|PP755594.1|A/cattle/Texas/24-008749-003/2024(H5N1)	1486	12261
PA|PP755594.1|A/cattle/Texas/24-008749-003/2024(H5N1)	1487	12248
PA|PP755594.1|A/cattle/Texas/24-008749-003/2024(H5N1)	1488	12246
PA|PP755594.1|A/cattle/Texas/24-008749-003/2024(H5N1)	1489	12237
PA|PP755594.1|A/cattle/Texas/24-008749-003/2024(H5N1)	1490	11802
PA|PP755594.1|A/cattle/Texas/24-008749-003/2024(H5N1)	1491	11766
PA|PP755594.1|A/cattle/Texas/24-008749-003/2024(H5N1)	1492	11941
PA|PP755594.1|A/cattle/Texas/24-008749-003/2024(H5N1)	1493	11947
PA|PP755594.1|A/cattle/Texas/24-008749-003/2024(H5N1)	1494	11972
PA|PP755594.1|A/cattle/Texas/24-008749-003/2024(H5N1)	1495	12042
PA|PP755594.1|A/cattle/Texas/24-008749-003/2024(H5N1)	1496	12032
PA|PP755594.1|A/cattle/Texas/24-008749-003/2024(H5N1)	1497	12086
PA|PP755594.1|A/cattle/Texas/24-008749-003/2024(H5N1)	1498	12247
PA|PP755594.1|A/cattle/Texas/24-008749-003/2024(H5N1)	1499	12317
PA|PP755594.1|A/cattle/Texas/24-008749-003/2024(H5N1)	1500	12515
PA|PP755594.1|A/cattle/Texas/24-008749-003/2024(H5N1)	1501	12511
PA|PP755594.1|A/cattle/Texas/24-008749-003/2024(H5N1)	1502	12509
PA|PP755594.1|A/cattle/Texas/24-008749-003/2024(H5N1)	1503	12507
PA|PP755594.1|A/cattle/Texas/24-008749-003/2024(H5N1)	1504	12426
PA|PP755594.1|A/cattle/Texas/24-008749-003/2024(H5N1)	1505	12451
PA|PP755594.1|A/cattle/Texas/24-008749-003/2024(H5N1)	1506	12427
PA|PP755594.1|A/cattle/Texas/24-008749-003/2024(H5N1)	1507	12218
PA|PP755594.1|A/cattle/Texas/24-008749-003/2024(H5N1)	1508	12148
PA|PP755594.1|A/cattle/Texas/24-008749-003/2024(H5N1)	1509	12006
PA|PP755594.1|A/cattle/Texas/24-008749-003/2024(H5N1)	1510	11985
PA|PP755594.1|A/cattle/Texas/24-008749-003/2024(H5N1)	1511	12114
PA|PP755594.1|A/cattle/Texas/24-008749-003/2024(H5N1)	1512	12127
PA|PP755594.1|A/cattle/Texas/24-008749-003/2024(H5N1)	1513	12148
PA|PP755594.1|A/cattle/Texas/24-008749-003/2024(H5N1)	1514	12121
PA|PP755594.1|A/cattle/Texas/24-008749-003/2024(H5N1)	1515	11986
PA|PP755594.1|A/cattle/Texas/24-008749-003/2024(H5N1)	1516	11996
PA|PP755594.1|A/cattle/Texas/24-008749-003/2024(H5N1)	1517	11999
PA|PP755594.1|A/cattle/Texas/24-008749-003/2024(H5N1)	1518	12043
PA|PP755594.1|A/cattle/Texas/24-008749-003/2024(H5N1)	1519	12053
PA|PP755594.1|A/cattle/Texas/24-008749-003/2024(H5N1)	1520	11959
PA|PP755594.1|A/cattle/Texas/24-008749-003/2024(H5N1)	1521	11891
PA|PP755594.1|A/cattle/Texas/24-008749-003/2024(H5N1)	1522	11865
PA|PP755594.1|A/cattle/Texas/24-008749-003/2024(H5N1)	1523	11992
PA|PP755594.1|A/cattle/Texas/24-008749-003/2024(H5N1)	1524	12012
PA|PP755594.1|A/cattle/Texas/24-008749-003/2024(H5N1)	1525	12019
PA|PP755594.1|A/cattle/Texas/24-008749-003/2024(H5N1)	1526	12009
PA|PP755594.1|A/cattle/Texas/24-008749-003/2024(H5N1)	1527	11927
PA|PP755594.1|A/cattle/Texas/24-008749-003/2024(H5N1)	1528	11962
PA|PP755594.1|A/cattle/Texas/24-008749-003/2024(H5N1)	1529	11972
PA|PP755594.1|A/cattle/Texas/24-008749-003/2024(H5N1)	1530	12008
PA|PP755594.1|A/cattle/Texas/24-008749-003/2024(H5N1)	1531	12006
PA|PP755594.1|A/cattle/Texas/24-008749-003/2024(H5N1)	1532	11844
PA|PP755594.1|A/cattle/Texas/24-008749-003/2024(H5N1)	1533	11753
PA|PP755594.1|A/cattle/Texas/24-008749-003/2024(H5N1)	1534	11734
PA|PP755594.1|A/cattle/Texas/24-008749-003/2024(H5N1)	1535	11732
PA|PP755594.1|A/cattle/Texas/24-008749-003/2024(H5N1)	1536	12005
PA|PP755594.1|A/cattle/Texas/24-008749-003/2024(H5N1)	1537	11902
PA|PP755594.1|A/cattle/Texas/24-008749-003/2024(H5N1)	1538	11921
PA|PP755594.1|A/cattle/Texas/24-008749-003/2024(H5N1)	1539	11904
PA|PP755594.1|A/cattle/Texas/24-008749-003/2024(H5N1)	1540	11891
PA|PP755594.1|A/cattle/Texas/24-008749-003/2024(H5N1)	1541	12063
PA|PP755594.1|A/cattle/Texas/24-008749-003/2024(H5N1)	1542	12023
PA|PP755594.1|A/cattle/Texas/24-008749-003/2024(H5N1)	1543	12029
PA|PP755594.1|A/cattle/Texas/24-008749-003/2024(H5N1)	1544	12034
PA|PP755594.1|A/cattle/Texas/24-008749-003/2024(H5N1)	1545	11717
PA|PP755594.1|A/cattle/Texas/24-008749-003/2024(H5N1)	1546	11679
PA|PP755594.1|A/cattle/Texas/24-008749-003/2024(H5N1)	1547	11659
PA|PP755594.1|A/cattle/Texas/24-008749-003/2024(H5N1)	1548	11620
PA|PP755594.1|A/cattle/Texas/24-008749-003/2024(H5N1)	1549	11664
PA|PP755594.1|A/cattle/Texas/24-008749-003/2024(H5N1)	1550	11389
PA|PP755594.1|A/cattle/Texas/24-008749-003/2024(H5N1)	1551	11437
PA|PP755594.1|A/cattle/Texas/24-008749-003/2024(H5N1)	1552	11431
PA|PP755594.1|A/cattle/Texas/24-008749-003/2024(H5N1)	1553	11469
PA|PP755594.1|A/cattle/Texas/24-008749-003/2024(H5N1)	1554	11496
PA|PP755594.1|A/cattle/Texas/24-008749-003/2024(H5N1)	1555	11491
PA|PP755594.1|A/cattle/Texas/24-008749-003/2024(H5N1)	1556	11451
PA|PP755594.1|A/cattle/Texas/24-008749-003/2024(H5N1)	1557	11342
PA|PP755594.1|A/cattle/Texas/24-008749-003/2024(H5N1)	1558	11266
PA|PP755594.1|A/cattle/Texas/24-008749-003/2024(H5N1)	1559	11273
PA|PP755594.1|A/cattle/Texas/24-008749-003/2024(H5N1)	1560	11222
PA|PP755594.1|A/cattle/Texas/24-008749-003/2024(H5N1)	1561	11209
PA|PP755594.1|A/cattle/Texas/24-008749-003/2024(H5N1)	1562	11209
PA|PP755594.1|A/cattle/Texas/24-008749-003/2024(H5N1)	1563	11183
PA|PP755594.1|A/cattle/Texas/24-008749-003/2024(H5N1)	1564	11204
PA|PP755594.1|A/cattle/Texas/24-008749-003/2024(H5N1)	1565	11031
PA|PP755594.1|A/cattle/Texas/24-008749-003/2024(H5N1)	1566	11016
PA|PP755594.1|A/cattle/Texas/24-008749-003/2024(H5N1)	1567	11013
PA|PP755594.1|A/cattle/Texas/24-008749-003/2024(H5N1)	1568	11002
PA|PP755594.1|A/cattle/Texas/24-008749-003/2024(H5N1)	1569	11002
PA|PP755594.1|A/cattle/Texas/24-008749-003/2024(H5N1)	1570	10952
PA|PP755594.1|A/cattle/Texas/24-008749-003/2024(H5N1)	1571	10941
PA|PP755594.1|A/cattle/Texas/24-008749-003/2024(H5N1)	1572	9262
PA|PP755594.1|A/cattle/Texas/24-008749-003/2024(H5N1)	1573	9216
PA|PP755594.1|A/cattle/Texas/24-008749-003/2024(H5N1)	1574	9126
PA|PP755594.1|A/cattle/Texas/24-008749-003/2024(H5N1)	1575	9114
PA|PP755594.1|A/cattle/Texas/24-008749-003/2024(H5N1)	1576	9114
PA|PP755594.1|A/cattle/Texas/24-008749-003/2024(H5N1)	1577	9114
PA|PP755594.1|A/cattle/Texas/24-008749-003/2024(H5N1)	1578	9113
PA|PP755594.1|A/cattle/Texas/24-008749-003/2024(H5N1)	1579	9054
PA|PP755594.1|A/cattle/Texas/24-008749-003/2024(H5N1)	1580	8901
PA|PP755594.1|A/cattle/Texas/24-008749-003/2024(H5N1)	1581	8892
PA|PP755594.1|A/cattle/Texas/24-008749-003/2024(H5N1)	1582	8894
PA|PP755594.1|A/cattle/Texas/24-008749-003/2024(H5N1)	1583	8893
PA|PP755594.1|A/cattle/Texas/24-008749-003/2024(H5N1)	1584	8874
PA|PP755594.1|A/cattle/Texas/24-008749-003/2024(H5N1)	1585	8874
PA|PP755594.1|A/cattle/Texas/24-008749-003/2024(H5N1)	1586	8878
PA|PP755594.1|A/cattle/Texas/24-008749-003/2024(H5N1)	1587	8878
PA|PP755594.1|A/cattle/Texas/24-008749-003/2024(H5N1)	1588	8890
PA|PP755594.1|A/cattle/Texas/24-008749-003/2024(H5N1)	1589	8919
PA|PP755594.1|A/cattle/Texas/24-008749-003/2024(H5N1)	1590	8919
PA|PP755594.1|A/cattle/Texas/24-008749-003/2024(H5N1)	1591	8920
PA|PP755594.1|A/cattle/Texas/24-008749-003/2024(H5N1)	1592	9253
PA|PP755594.1|A/cattle/Texas/24-008749-003/2024(H5N1)	1593	9286
PA|PP755594.1|A/cattle/Texas/24-008749-003/2024(H5N1)	1594	9312
PA|PP755594.1|A/cattle/Texas/24-008749-003/2024(H5N1)	1595	9310
PA|PP755594.1|A/cattle/Texas/24-008749-003/2024(H5N1)	1596	9310
PA|PP755594.1|A/cattle/Texas/24-008749-003/2024(H5N1)	1597	9443
PA|PP755594.1|A/cattle/Texas/24-008749-003/2024(H5N1)	1598	9455
PA|PP755594.1|A/cattle/Texas/24-008749-003/2024(H5N1)	1599	9455
PA|PP755594.1|A/cattle/Texas/24-008749-003/2024(H5N1)	1600	10597
PA|PP755594.1|A/cattle/Texas/24-008749-003/2024(H5N1)	1601	10600
PA|PP755594.1|A/cattle/Texas/24-008749-003/2024(H5N1)	1602	10637
PA|PP755594.1|A/cattle/Texas/24-008749-003/2024(H5N1)	1603	10649
PA|PP755594.1|A/cattle/Texas/24-008749-003/2024(H5N1)	1604	10656
PA|PP755594.1|A/cattle/Texas/24-008749-003/2024(H5N1)	1605	10714
PA|PP755594.1|A/cattle/Texas/24-008749-003/2024(H5N1)	1606	10719
PA|PP755594.1|A/cattle/Texas/24-008749-003/2024(H5N1)	1607	10792
PA|PP755594.1|A/cattle/Texas/24-008749-003/2024(H5N1)	1608	10793
PA|PP755594.1|A/cattle/Texas/24-008749-003/2024(H5N1)	1609	10826
PA|PP755594.1|A/cattle/Texas/24-008749-003/2024(H5N1)	1610	10877
PA|PP755594.1|A/cattle/Texas/24-008749-003/2024(H5N1)	1611	10892
PA|PP755594.1|A/cattle/Texas/24-008749-003/2024(H5N1)	1612	10998
PA|PP755594.1|A/cattle/Texas/24-008749-003/2024(H5N1)	1613	11002
PA|PP755594.1|A/cattle/Texas/24-008749-003/2024(H5N1)	1614	11043
PA|PP755594.1|A/cattle/Texas/24-008749-003/2024(H5N1)	1615	11048
PA|PP755594.1|A/cattle/Texas/24-008749-003/2024(H5N1)	1616	10969
PA|PP755594.1|A/cattle/Texas/24-008749-003/2024(H5N1)	1617	10968
PA|PP755594.1|A/cattle/Texas/24-008749-003/2024(H5N1)	1618	10953
PA|PP755594.1|A/cattle/Texas/24-008749-003/2024(H5N1)	1619	10893
PA|PP755594.1|A/cattle/Texas/24-008749-003/2024(H5N1)	1620	10868
PA|PP755594.1|A/cattle/Texas/24-008749-003/2024(H5N1)	1621	10747
PA|PP755594.1|A/cattle/Texas/24-008749-003/2024(H5N1)	1622	10746
PA|PP755594.1|A/cattle/Texas/24-008749-003/2024(H5N1)	1623	10700
PA|PP755594.1|A/cattle/Texas/24-008749-003/2024(H5N1)	1624	10694
PA|PP755594.1|A/cattle/Texas/24-008749-003/2024(H5N1)	1625	10688
PA|PP755594.1|A/cattle/Texas/24-008749-003/2024(H5N1)	1626	10560
PA|PP755594.1|A/cattle/Texas/24-008749-003/2024(H5N1)	1627	10556
PA|PP755594.1|A/cattle/Texas/24-008749-003/2024(H5N1)	1628	10549
PA|PP755594.1|A/cattle/Texas/24-008749-003/2024(H5N1)	1629	10549
PA|PP755594.1|A/cattle/Texas/24-008749-003/2024(H5N1)	1630	10522
PA|PP755594.1|A/cattle/Texas/24-008749-003/2024(H5N1)	1631	10491
PA|PP755594.1|A/cattle/Texas/24-008749-003/2024(H5N1)	1632	8895
PA|PP755594.1|A/cattle/Texas/24-008749-003/2024(H5N1)	1633	8884
PA|PP755594.1|A/cattle/Texas/24-008749-003/2024(H5N1)	1634	8884
PA|PP755594.1|A/cattle/Texas/24-008749-003/2024(H5N1)	1635	8884
PA|PP755594.1|A/cattle/Texas/24-008749-003/2024(H5N1)	1636	8933
PA|PP755594.1|A/cattle/Texas/24-008749-003/2024(H5N1)	1637	8933
PA|PP755594.1|A/cattle/Texas/24-008749-003/2024(H5N1)	1638	8933
PA|PP755594.1|A/cattle/Texas/24-008749-003/2024(H5N1)	1639	8933
PA|PP755594.1|A/cattle/Texas/24-008749-003/2024(H5N1)	1640	8933
PA|PP755594.1|A/cattle/Texas/24-008749-003/2024(H5N1)	1641	8933
PA|PP755594.1|A/cattle/Texas/24-008749-003/2024(H5N1)	1642	8933
PA|PP755594.1|A/cattle/Texas/24-008749-003/2024(H5N1)	1643	8933
PA|PP755594.1|A/cattle/Texas/24-008749-003/2024(H5N1)	1644	8933
PA|PP755594.1|A/cattle/Texas/24-008749-003/2024(H5N1)	1645	8933
PA|PP755594.1|A/cattle/Texas/24-008749-003/2024(H5N1)	1646	8933
PA|PP755594.1|A/cattle/Texas/24-008749-003/2024(H5N1)	1647	8933
PA|PP755594.1|A/cattle/Texas/24-008749-003/2024(H5N1)	1648	8933
PA|PP755594.1|A/cattle/Texas/24-008749-003/2024(H5N1)	1649	8933
PA|PP755594.1|A/cattle/Texas/24-008749-003/2024(H5N1)	1650	8933
PA|PP755594.1|A/cattle/Texas/24-008749-003/2024(H5N1)	1651	8947
PA|PP755594.1|A/cattle/Texas/24-008749-003/2024(H5N1)	1652	10805
PA|PP755594.1|A/cattle/Texas/24-008749-003/2024(H5N1)	1653	11174
PA|PP755594.1|A/cattle/Texas/24-008749-003/2024(H5N1)	1654	11212
PA|PP755594.1|A/cattle/Texas/24-008749-003/2024(H5N1)	1655	11365
PA|PP755594.1|A/cattle/Texas/24-008749-003/2024(H5N1)	1656	11419
PA|PP755594.1|A/cattle/Texas/24-008749-003/2024(H5N1)	1657	11746
PA|PP755594.1|A/cattle/Texas/24-008749-003/2024(H5N1)	1658	11908
PA|PP755594.1|A/cattle/Texas/24-008749-003/2024(H5N1)	1659	11920
PA|PP755594.1|A/cattle/Texas/24-008749-003/2024(H5N1)	1660	11930
PA|PP755594.1|A/cattle/Texas/24-008749-003/2024(H5N1)	1661	11930
PA|PP755594.1|A/cattle/Texas/24-008749-003/2024(H5N1)	1662	11961
PA|PP755594.1|A/cattle/Texas/24-008749-003/2024(H5N1)	1663	12033
PA|PP755594.1|A/cattle/Texas/24-008749-003/2024(H5N1)	1664	11965
PA|PP755594.1|A/cattle/Texas/24-008749-003/2024(H5N1)	1665	11958
PA|PP755594.1|A/cattle/Texas/24-008749-003/2024(H5N1)	1666	11646
PA|PP755594.1|A/cattle/Texas/24-008749-003/2024(H5N1)	1667	11535
PA|PP755594.1|A/cattle/Texas/24-008749-003/2024(H5N1)	1668	11296
PA|PP755594.1|A/cattle/Texas/24-008749-003/2024(H5N1)	1669	11509
PA|PP755594.1|A/cattle/Texas/24-008749-003/2024(H5N1)	1670	11505
PA|PP755594.1|A/cattle/Texas/24-008749-003/2024(H5N1)	1671	11491
PA|PP755594.1|A/cattle/Texas/24-008749-003/2024(H5N1)	1672	11418
PA|PP755594.1|A/cattle/Texas/24-008749-003/2024(H5N1)	1673	11390
PA|PP755594.1|A/cattle/Texas/24-008749-003/2024(H5N1)	1674	11389
PA|PP755594.1|A/cattle/Texas/24-008749-003/2024(H5N1)	1675	11692
PA|PP755594.1|A/cattle/Texas/24-008749-003/2024(H5N1)	1676	11755
PA|PP755594.1|A/cattle/Texas/24-008749-003/2024(H5N1)	1677	11773
PA|PP755594.1|A/cattle/Texas/24-008749-003/2024(H5N1)	1678	11780
PA|PP755594.1|A/cattle/Texas/24-008749-003/2024(H5N1)	1679	11801
PA|PP755594.1|A/cattle/Texas/24-008749-003/2024(H5N1)	1680	11767
PA|PP755594.1|A/cattle/Texas/24-008749-003/2024(H5N1)	1681	11781
PA|PP755594.1|A/cattle/Texas/24-008749-003/2024(H5N1)	1682	11783
PA|PP755594.1|A/cattle/Texas/24-008749-003/2024(H5N1)	1683	11792
PA|PP755594.1|A/cattle/Texas/24-008749-003/2024(H5N1)	1684	11745
PA|PP755594.1|A/cattle/Texas/24-008749-003/2024(H5N1)	1685	11712
PA|PP755594.1|A/cattle/Texas/24-008749-003/2024(H5N1)	1686	11687
PA|PP755594.1|A/cattle/Texas/24-008749-003/2024(H5N1)	1687	11642
PA|PP755594.1|A/cattle/Texas/24-008749-003/2024(H5N1)	1688	11616
PA|PP755594.1|A/cattle/Texas/24-008749-003/2024(H5N1)	1689	11614
PA|PP755594.1|A/cattle/Texas/24-008749-003/2024(H5N1)	1690	11577
PA|PP755594.1|A/cattle/Texas/24-008749-003/2024(H5N1)	1691	11574
PA|PP755594.1|A/cattle/Texas/24-008749-003/2024(H5N1)	1692	11489
PA|PP755594.1|A/cattle/Texas/24-008749-003/2024(H5N1)	1693	11381
PA|PP755594.1|A/cattle/Texas/24-008749-003/2024(H5N1)	1694	11304
PA|PP755594.1|A/cattle/Texas/24-008749-003/2024(H5N1)	1695	11045
PA|PP755594.1|A/cattle/Texas/24-008749-003/2024(H5N1)	1696	10995
PA|PP755594.1|A/cattle/Texas/24-008749-003/2024(H5N1)	1697	10899
PA|PP755594.1|A/cattle/Texas/24-008749-003/2024(H5N1)	1698	10860
PA|PP755594.1|A/cattle/Texas/24-008749-003/2024(H5N1)	1699	11233
PA|PP755594.1|A/cattle/Texas/24-008749-003/2024(H5N1)	1700	11233
PA|PP755594.1|A/cattle/Texas/24-008749-003/2024(H5N1)	1701	11098
PA|PP755594.1|A/cattle/Texas/24-008749-003/2024(H5N1)	1702	10969
PA|PP755594.1|A/cattle/Texas/24-008749-003/2024(H5N1)	1703	10859
PA|PP755594.1|A/cattle/Texas/24-008749-003/2024(H5N1)	1704	10859
PA|PP755594.1|A/cattle/Texas/24-008749-003/2024(H5N1)	1705	10904
PA|PP755594.1|A/cattle/Texas/24-008749-003/2024(H5N1)	1706	10906
PA|PP755594.1|A/cattle/Texas/24-008749-003/2024(H5N1)	1707	10844
PA|PP755594.1|A/cattle/Texas/24-008749-003/2024(H5N1)	1708	10798
PA|PP755594.1|A/cattle/Texas/24-008749-003/2024(H5N1)	1709	10778
PA|PP755594.1|A/cattle/Texas/24-008749-003/2024(H5N1)	1710	10727
PA|PP755594.1|A/cattle/Texas/24-008749-003/2024(H5N1)	1711	10736
PA|PP755594.1|A/cattle/Texas/24-008749-003/2024(H5N1)	1712	10714
PA|PP755594.1|A/cattle/Texas/24-008749-003/2024(H5N1)	1713	10722
PA|PP755594.1|A/cattle/Texas/24-008749-003/2024(H5N1)	1714	10758
PA|PP755594.1|A/cattle/Texas/24-008749-003/2024(H5N1)	1715	10756
PA|PP755594.1|A/cattle/Texas/24-008749-003/2024(H5N1)	1716	10747
PA|PP755594.1|A/cattle/Texas/24-008749-003/2024(H5N1)	1717	10752
PA|PP755594.1|A/cattle/Texas/24-008749-003/2024(H5N1)	1718	10747
PA|PP755594.1|A/cattle/Texas/24-008749-003/2024(H5N1)	1719	10738
PA|PP755594.1|A/cattle/Texas/24-008749-003/2024(H5N1)	1720	10726
PA|PP755594.1|A/cattle/Texas/24-008749-003/2024(H5N1)	1721	10731
PA|PP755594.1|A/cattle/Texas/24-008749-003/2024(H5N1)	1722	10726
PA|PP755594.1|A/cattle/Texas/24-008749-003/2024(H5N1)	1723	10831
PA|PP755594.1|A/cattle/Texas/24-008749-003/2024(H5N1)	1724	10831
PA|PP755594.1|A/cattle/Texas/24-008749-003/2024(H5N1)	1725	10868
PA|PP755594.1|A/cattle/Texas/24-008749-003/2024(H5N1)	1726	10872
PA|PP755594.1|A/cattle/Texas/24-008749-003/2024(H5N1)	1727	10821
PA|PP755594.1|A/cattle/Texas/24-008749-003/2024(H5N1)	1728	10822
PA|PP755594.1|A/cattle/Texas/24-008749-003/2024(H5N1)	1729	10819
PA|PP755594.1|A/cattle/Texas/24-008749-003/2024(H5N1)	1730	10886
PA|PP755594.1|A/cattle/Texas/24-008749-003/2024(H5N1)	1731	10894
PA|PP755594.1|A/cattle/Texas/24-008749-003/2024(H5N1)	1732	10875
PA|PP755594.1|A/cattle/Texas/24-008749-003/2024(H5N1)	1733	11044
PA|PP755594.1|A/cattle/Texas/24-008749-003/2024(H5N1)	1734	10952
PA|PP755594.1|A/cattle/Texas/24-008749-003/2024(H5N1)	1735	10980
PA|PP755594.1|A/cattle/Texas/24-008749-003/2024(H5N1)	1736	10979
PA|PP755594.1|A/cattle/Texas/24-008749-003/2024(H5N1)	1737	10926
PA|PP755594.1|A/cattle/Texas/24-008749-003/2024(H5N1)	1738	11003
PA|PP755594.1|A/cattle/Texas/24-008749-003/2024(H5N1)	1739	10738
PA|PP755594.1|A/cattle/Texas/24-008749-003/2024(H5N1)	1740	10716
PA|PP755594.1|A/cattle/Texas/24-008749-003/2024(H5N1)	1741	10730
PA|PP755594.1|A/cattle/Texas/24-008749-003/2024(H5N1)	1742	10570
PA|PP755594.1|A/cattle/Texas/24-008749-003/2024(H5N1)	1743	10566
PA|PP755594.1|A/cattle/Texas/24-008749-003/2024(H5N1)	1744	10507
PA|PP755594.1|A/cattle/Texas/24-008749-003/2024(H5N1)	1745	10521
PA|PP755594.1|A/cattle/Texas/24-008749-003/2024(H5N1)	1746	10528
PA|PP755594.1|A/cattle/Texas/24-008749-003/2024(H5N1)	1747	10313
PA|PP755594.1|A/cattle/Texas/24-008749-003/2024(H5N1)	1748	10302
PA|PP755594.1|A/cattle/Texas/24-008749-003/2024(H5N1)	1749	10268
PA|PP755594.1|A/cattle/Texas/24-008749-003/2024(H5N1)	1750	10253
PA|PP755594.1|A/cattle/Texas/24-008749-003/2024(H5N1)	1751	10381
PA|PP755594.1|A/cattle/Texas/24-008749-003/2024(H5N1)	1752	10383
PA|PP755594.1|A/cattle/Texas/24-008749-003/2024(H5N1)	1753	10376
PA|PP755594.1|A/cattle/Texas/24-008749-003/2024(H5N1)	1754	10371
PA|PP755594.1|A/cattle/Texas/24-008749-003/2024(H5N1)	1755	10350
PA|PP755594.1|A/cattle/Texas/24-008749-003/2024(H5N1)	1756	10464
PA|PP755594.1|A/cattle/Texas/24-008749-003/2024(H5N1)	1757	10468
PA|PP755594.1|A/cattle/Texas/24-008749-003/2024(H5N1)	1758	10460
PA|PP755594.1|A/cattle/Texas/24-008749-003/2024(H5N1)	1759	10384
PA|PP755594.1|A/cattle/Texas/24-008749-003/2024(H5N1)	1760	10055
PA|PP755594.1|A/cattle/Texas/24-008749-003/2024(H5N1)	1761	10100
PA|PP755594.1|A/cattle/Texas/24-008749-003/2024(H5N1)	1762	10099
PA|PP755594.1|A/cattle/Texas/24-008749-003/2024(H5N1)	1763	10598
PA|PP755594.1|A/cattle/Texas/24-008749-003/2024(H5N1)	1764	10537
PA|PP755594.1|A/cattle/Texas/24-008749-003/2024(H5N1)	1765	10478
PA|PP755594.1|A/cattle/Texas/24-008749-003/2024(H5N1)	1766	10552
PA|PP755594.1|A/cattle/Texas/24-008749-003/2024(H5N1)	1767	10526
PA|PP755594.1|A/cattle/Texas/24-008749-003/2024(H5N1)	1768	10552
PA|PP755594.1|A/cattle/Texas/24-008749-003/2024(H5N1)	1769	10551
PA|PP755594.1|A/cattle/Texas/24-008749-003/2024(H5N1)	1770	10520
PA|PP755594.1|A/cattle/Texas/24-008749-003/2024(H5N1)	1771	10516
PA|PP755594.1|A/cattle/Texas/24-008749-003/2024(H5N1)	1772	9761
PA|PP755594.1|A/cattle/Texas/24-008749-003/2024(H5N1)	1773	9812
PA|PP755594.1|A/cattle/Texas/24-008749-003/2024(H5N1)	1774	9773
PA|PP755594.1|A/cattle/Texas/24-008749-003/2024(H5N1)	1775	9764
PA|PP755594.1|A/cattle/Texas/24-008749-003/2024(H5N1)	1776	9945
PA|PP755594.1|A/cattle/Texas/24-008749-003/2024(H5N1)	1777	9934
PA|PP755594.1|A/cattle/Texas/24-008749-003/2024(H5N1)	1778	9941
PA|PP755594.1|A/cattle/Texas/24-008749-003/2024(H5N1)	1779	9958
PA|PP755594.1|A/cattle/Texas/24-008749-003/2024(H5N1)	1780	9960
PA|PP755594.1|A/cattle/Texas/24-008749-003/2024(H5N1)	1781	10025
PA|PP755594.1|A/cattle/Texas/24-008749-003/2024(H5N1)	1782	9948
PA|PP755594.1|A/cattle/Texas/24-008749-003/2024(H5N1)	1783	9947
PA|PP755594.1|A/cattle/Texas/24-008749-003/2024(H5N1)	1784	9984
PA|PP755594.1|A/cattle/Texas/24-008749-003/2024(H5N1)	1785	10149
PA|PP755594.1|A/cattle/Texas/24-008749-003/2024(H5N1)	1786	10160
PA|PP755594.1|A/cattle/Texas/24-008749-003/2024(H5N1)	1787	10165
PA|PP755594.1|A/cattle/Texas/24-008749-003/2024(H5N1)	1788	10132
PA|PP755594.1|A/cattle/Texas/24-008749-003/2024(H5N1)	1789	10129
PA|PP755594.1|A/cattle/Texas/24-008749-003/2024(H5N1)	1790	10040
PA|PP755594.1|A/cattle/Texas/24-008749-003/2024(H5N1)	1791	9995
PA|PP755594.1|A/cattle/Texas/24-008749-003/2024(H5N1)	1792	9991
PA|PP755594.1|A/cattle/Texas/24-008749-003/2024(H5N1)	1793	9973
PA|PP755594.1|A/cattle/Texas/24-008749-003/2024(H5N1)	1794	9499
PA|PP755594.1|A/cattle/Texas/24-008749-003/2024(H5N1)	1795	9465
PA|PP755594.1|A/cattle/Texas/24-008749-003/2024(H5N1)	1796	9462
PA|PP755594.1|A/cattle/Texas/24-008749-003/2024(H5N1)	1797	9428
PA|PP755594.1|A/cattle/Texas/24-008749-003/2024(H5N1)	1798	9428
PA|PP755594.1|A/cattle/Texas/24-008749-003/2024(H5N1)	1799	9428
PA|PP755594.1|A/cattle/Texas/24-008749-003/2024(H5N1)	1800	9332
PA|PP755594.1|A/cattle/Texas/24-008749-003/2024(H5N1)	1801	9308
PA|PP755594.1|A/cattle/Texas/24-008749-003/2024(H5N1)	1802	9291
PA|PP755594.1|A/cattle/Texas/24-008749-003/2024(H5N1)	1803	9291
PA|PP755594.1|A/cattle/Texas/24-008749-003/2024(H5N1)	1804	9286
PA|PP755594.1|A/cattle/Texas/24-008749-003/2024(H5N1)	1805	9275
PA|PP755594.1|A/cattle/Texas/24-008749-003/2024(H5N1)	1806	9135
PA|PP755594.1|A/cattle/Texas/24-008749-003/2024(H5N1)	1807	9114
PA|PP755594.1|A/cattle/Texas/24-008749-003/2024(H5N1)	1808	9105
PA|PP755594.1|A/cattle/Texas/24-008749-003/2024(H5N1)	1809	9105
PA|PP755594.1|A/cattle/Texas/24-008749-003/2024(H5N1)	1810	9093
PA|PP755594.1|A/cattle/Texas/24-008749-003/2024(H5N1)	1811	9063
PA|PP755594.1|A/cattle/Texas/24-008749-003/2024(H5N1)	1812	8165
PA|PP755594.1|A/cattle/Texas/24-008749-003/2024(H5N1)	1813	8132
PA|PP755594.1|A/cattle/Texas/24-008749-003/2024(H5N1)	1814	8124
PA|PP755594.1|A/cattle/Texas/24-008749-003/2024(H5N1)	1815	8121
PA|PP755594.1|A/cattle/Texas/24-008749-003/2024(H5N1)	1816	8121
PA|PP755594.1|A/cattle/Texas/24-008749-003/2024(H5N1)	1817	8121
PA|PP755594.1|A/cattle/Texas/24-008749-003/2024(H5N1)	1818	8092
PA|PP755594.1|A/cattle/Texas/24-008749-003/2024(H5N1)	1819	8027
PA|PP755594.1|A/cattle/Texas/24-008749-003/2024(H5N1)	1820	8015
PA|PP755594.1|A/cattle/Texas/24-008749-003/2024(H5N1)	1821	8011
PA|PP755594.1|A/cattle/Texas/24-008749-003/2024(H5N1)	1822	8004
PA|PP755594.1|A/cattle/Texas/24-008749-003/2024(H5N1)	1823	7967
PA|PP755594.1|A/cattle/Texas/24-008749-003/2024(H5N1)	1824	7938
PA|PP755594.1|A/cattle/Texas/24-008749-003/2024(H5N1)	1825	7938
PA|PP755594.1|A/cattle/Texas/24-008749-003/2024(H5N1)	1826	7923
PA|PP755594.1|A/cattle/Texas/24-008749-003/2024(H5N1)	1827	7959
PA|PP755594.1|A/cattle/Texas/24-008749-003/2024(H5N1)	1828	8954
PA|PP755594.1|A/cattle/Texas/24-008749-003/2024(H5N1)	1829	8955
PA|PP755594.1|A/cattle/Texas/24-008749-003/2024(H5N1)	1830	8956
PA|PP755594.1|A/cattle/Texas/24-008749-003/2024(H5N1)	1831	8967
PA|PP755594.1|A/cattle/Texas/24-008749-003/2024(H5N1)	1832	8970
PA|PP755594.1|A/cattle/Texas/24-008749-003/2024(H5N1)	1833	8955
PA|PP755594.1|A/cattle/Texas/24-008749-003/2024(H5N1)	1834	8979
PA|PP755594.1|A/cattle/Texas/24-008749-003/2024(H5N1)	1835	8988
PA|PP755594.1|A/cattle/Texas/24-008749-003/2024(H5N1)	1836	8991
PA|PP755594.1|A/cattle/Texas/24-008749-003/2024(H5N1)	1837	8993
PA|PP755594.1|A/cattle/Texas/24-008749-003/2024(H5N1)	1838	9005
PA|PP755594.1|A/cattle/Texas/24-008749-003/2024(H5N1)	1839	9005
PA|PP755594.1|A/cattle/Texas/24-008749-003/2024(H5N1)	1840	9031
PA|PP755594.1|A/cattle/Texas/24-008749-003/2024(H5N1)	1841	9037
PA|PP755594.1|A/cattle/Texas/24-008749-003/2024(H5N1)	1842	9070
PA|PP755594.1|A/cattle/Texas/24-008749-003/2024(H5N1)	1843	9094
PA|PP755594.1|A/cattle/Texas/24-008749-003/2024(H5N1)	1844	9095
PA|PP755594.1|A/cattle/Texas/24-008749-003/2024(H5N1)	1845	9095
PA|PP755594.1|A/cattle/Texas/24-008749-003/2024(H5N1)	1846	9125
PA|PP755594.1|A/cattle/Texas/24-008749-003/2024(H5N1)	1847	9125
PA|PP755594.1|A/cattle/Texas/24-008749-003/2024(H5N1)	1848	9126
PA|PP755594.1|A/cattle/Texas/24-008749-003/2024(H5N1)	1849	9418
PA|PP755594.1|A/cattle/Texas/24-008749-003/2024(H5N1)	1850	9442
PA|PP755594.1|A/cattle/Texas/24-008749-003/2024(H5N1)	1851	9486
PA|PP755594.1|A/cattle/Texas/24-008749-003/2024(H5N1)	1852	9520
PA|PP755594.1|A/cattle/Texas/24-008749-003/2024(H5N1)	1853	9523
PA|PP755594.1|A/cattle/Texas/24-008749-003/2024(H5N1)	1854	9539
PA|PP755594.1|A/cattle/Texas/24-008749-003/2024(H5N1)	1855	9567
PA|PP755594.1|A/cattle/Texas/24-008749-003/2024(H5N1)	1856	9570
PA|PP755594.1|A/cattle/Texas/24-008749-003/2024(H5N1)	1857	9587
PA|PP755594.1|A/cattle/Texas/24-008749-003/2024(H5N1)	1858	9595
PA|PP755594.1|A/cattle/Texas/24-008749-003/2024(H5N1)	1859	9699
PA|PP755594.1|A/cattle/Texas/24-008749-003/2024(H5N1)	1860	9714
PA|PP755594.1|A/cattle/Texas/24-008749-003/2024(H5N1)	1861	9756
PA|PP755594.1|A/cattle/Texas/24-008749-003/2024(H5N1)	1862	9778
PA|PP755594.1|A/cattle/Texas/24-008749-003/2024(H5N1)	1863	9783
PA|PP755594.1|A/cattle/Texas/24-008749-003/2024(H5N1)	1864	9804
PA|PP755594.1|A/cattle/Texas/24-008749-003/2024(H5N1)	1865	9780
PA|PP755594.1|A/cattle/Texas/24-008749-003/2024(H5N1)	1866	9741
PA|PP755594.1|A/cattle/Texas/24-008749-003/2024(H5N1)	1867	9777
PA|PP755594.1|A/cattle/Texas/24-008749-003/2024(H5N1)	1868	9721
PA|PP755594.1|A/cattle/Texas/24-008749-003/2024(H5N1)	1869	9790
PA|PP755594.1|A/cattle/Texas/24-008749-003/2024(H5N1)	1870	9742
PA|PP755594.1|A/cattle/Texas/24-008749-003/2024(H5N1)	1871	9745
PA|PP755594.1|A/cattle/Texas/24-008749-003/2024(H5N1)	1872	9947
PA|PP755594.1|A/cattle/Texas/24-008749-003/2024(H5N1)	1873	9975
PA|PP755594.1|A/cattle/Texas/24-008749-003/2024(H5N1)	1874	9993
PA|PP755594.1|A/cattle/Texas/24-008749-003/2024(H5N1)	1875	9987
PA|PP755594.1|A/cattle/Texas/24-008749-003/2024(H5N1)	1876	9952
PA|PP755594.1|A/cattle/Texas/24-008749-003/2024(H5N1)	1877	9983
PA|PP755594.1|A/cattle/Texas/24-008749-003/2024(H5N1)	1878	9947
PA|PP755594.1|A/cattle/Texas/24-008749-003/2024(H5N1)	1879	10119
PA|PP755594.1|A/cattle/Texas/24-008749-003/2024(H5N1)	1880	10232
PA|PP755594.1|A/cattle/Texas/24-008749-003/2024(H5N1)	1881	10040
PA|PP755594.1|A/cattle/Texas/24-008749-003/2024(H5N1)	1882	10155
PA|PP755594.1|A/cattle/Texas/24-008749-003/2024(H5N1)	1883	10252
PA|PP755594.1|A/cattle/Texas/24-008749-003/2024(H5N1)	1884	10232
PA|PP755594.1|A/cattle/Texas/24-008749-003/2024(H5N1)	1885	10318
PA|PP755594.1|A/cattle/Texas/24-008749-003/2024(H5N1)	1886	10336
PA|PP755594.1|A/cattle/Texas/24-008749-003/2024(H5N1)	1887	10268
PA|PP755594.1|A/cattle/Texas/24-008749-003/2024(H5N1)	1888	10181
PA|PP755594.1|A/cattle/Texas/24-008749-003/2024(H5N1)	1889	10018
PA|PP755594.1|A/cattle/Texas/24-008749-003/2024(H5N1)	1890	9985
PA|PP755594.1|A/cattle/Texas/24-008749-003/2024(H5N1)	1891	9897
PA|PP755594.1|A/cattle/Texas/24-008749-003/2024(H5N1)	1892	9782
PA|PP755594.1|A/cattle/Texas/24-008749-003/2024(H5N1)	1893	9685
PA|PP755594.1|A/cattle/Texas/24-008749-003/2024(H5N1)	1894	9636
PA|PP755594.1|A/cattle/Texas/24-008749-003/2024(H5N1)	1895	9648
PA|PP755594.1|A/cattle/Texas/24-008749-003/2024(H5N1)	1896	9646
PA|PP755594.1|A/cattle/Texas/24-008749-003/2024(H5N1)	1897	9790
PA|PP755594.1|A/cattle/Texas/24-008749-003/2024(H5N1)	1898	9820
PA|PP755594.1|A/cattle/Texas/24-008749-003/2024(H5N1)	1899	9818
PA|PP755594.1|A/cattle/Texas/24-008749-003/2024(H5N1)	1900	9810
PA|PP755594.1|A/cattle/Texas/24-008749-003/2024(H5N1)	1901	9790
PA|PP755594.1|A/cattle/Texas/24-008749-003/2024(H5N1)	1902	9815
PA|PP755594.1|A/cattle/Texas/24-008749-003/2024(H5N1)	1903	9815
PA|PP755594.1|A/cattle/Texas/24-008749-003/2024(H5N1)	1904	9820
PA|PP755594.1|A/cattle/Texas/24-008749-003/2024(H5N1)	1905	9826
PA|PP755594.1|A/cattle/Texas/24-008749-003/2024(H5N1)	1906	10101
PA|PP755594.1|A/cattle/Texas/24-008749-003/2024(H5N1)	1907	10087
PA|PP755594.1|A/cattle/Texas/24-008749-003/2024(H5N1)	1908	10641
PA|PP755594.1|A/cattle/Texas/24-008749-003/2024(H5N1)	1909	10606
PA|PP755594.1|A/cattle/Texas/24-008749-003/2024(H5N1)	1910	10579
PA|PP755594.1|A/cattle/Texas/24-008749-003/2024(H5N1)	1911	10570
PA|PP755594.1|A/cattle/Texas/24-008749-003/2024(H5N1)	1912	10538
PA|PP755594.1|A/cattle/Texas/24-008749-003/2024(H5N1)	1913	10503
PA|PP755594.1|A/cattle/Texas/24-008749-003/2024(H5N1)	1914	10056
PA|PP755594.1|A/cattle/Texas/24-008749-003/2024(H5N1)	1915	9890
PA|PP755594.1|A/cattle/Texas/24-008749-003/2024(H5N1)	1916	9884
PA|PP755594.1|A/cattle/Texas/24-008749-003/2024(H5N1)	1917	9533
PA|PP755594.1|A/cattle/Texas/24-008749-003/2024(H5N1)	1918	9541
PA|PP755594.1|A/cattle/Texas/24-008749-003/2024(H5N1)	1919	9541
PA|PP755594.1|A/cattle/Texas/24-008749-003/2024(H5N1)	1920	9543
PA|PP755594.1|A/cattle/Texas/24-008749-003/2024(H5N1)	1921	9543
PA|PP755594.1|A/cattle/Texas/24-008749-003/2024(H5N1)	1922	9543
PA|PP755594.1|A/cattle/Texas/24-008749-003/2024(H5N1)	1923	9611
PA|PP755594.1|A/cattle/Texas/24-008749-003/2024(H5N1)	1924	9973
PA|PP755594.1|A/cattle/Texas/24-008749-003/2024(H5N1)	1925	9979
PA|PP755594.1|A/cattle/Texas/24-008749-003/2024(H5N1)	1926	9979
PA|PP755594.1|A/cattle/Texas/24-008749-003/2024(H5N1)	1927	9979
PA|PP755594.1|A/cattle/Texas/24-008749-003/2024(H5N1)	1928	9991
PA|PP755594.1|A/cattle/Texas/24-008749-003/2024(H5N1)	1929	9991
PA|PP755594.1|A/cattle/Texas/24-008749-003/2024(H5N1)	1930	10009
PA|PP755594.1|A/cattle/Texas/24-008749-003/2024(H5N1)	1931	10011
PA|PP755594.1|A/cattle/Texas/24-008749-003/2024(H5N1)	1932	10015
PA|PP755594.1|A/cattle/Texas/24-008749-003/2024(H5N1)	1933	10153
PA|PP755594.1|A/cattle/Texas/24-008749-003/2024(H5N1)	1934	10153
PA|PP755594.1|A/cattle/Texas/24-008749-003/2024(H5N1)	1935	10268
PA|PP755594.1|A/cattle/Texas/24-008749-003/2024(H5N1)	1936	10266
PA|PP755594.1|A/cattle/Texas/24-008749-003/2024(H5N1)	1937	10228
PA|PP755594.1|A/cattle/Texas/24-008749-003/2024(H5N1)	1938	10236
PA|PP755594.1|A/cattle/Texas/24-008749-003/2024(H5N1)	1939	10237
PA|PP755594.1|A/cattle/Texas/24-008749-003/2024(H5N1)	1940	10244
PA|PP755594.1|A/cattle/Texas/24-008749-003/2024(H5N1)	1941	10214
PA|PP755594.1|A/cattle/Texas/24-008749-003/2024(H5N1)	1942	10163
PA|PP755594.1|A/cattle/Texas/24-008749-003/2024(H5N1)	1943	11406
PA|PP755594.1|A/cattle/Texas/24-008749-003/2024(H5N1)	1944	11369
PA|PP755594.1|A/cattle/Texas/24-008749-003/2024(H5N1)	1945	11397
PA|PP755594.1|A/cattle/Texas/24-008749-003/2024(H5N1)	1946	11397
PA|PP755594.1|A/cattle/Texas/24-008749-003/2024(H5N1)	1947	11556
PA|PP755594.1|A/cattle/Texas/24-008749-003/2024(H5N1)	1948	11522
PA|PP755594.1|A/cattle/Texas/24-008749-003/2024(H5N1)	1949	11550
PA|PP755594.1|A/cattle/Texas/24-008749-003/2024(H5N1)	1950	11557
PA|PP755594.1|A/cattle/Texas/24-008749-003/2024(H5N1)	1951	11551
PA|PP755594.1|A/cattle/Texas/24-008749-003/2024(H5N1)	1952	11021
PA|PP755594.1|A/cattle/Texas/24-008749-003/2024(H5N1)	1953	10981
PA|PP755594.1|A/cattle/Texas/24-008749-003/2024(H5N1)	1954	10911
PA|PP755594.1|A/cattle/Texas/24-008749-003/2024(H5N1)	1955	10876
PA|PP755594.1|A/cattle/Texas/24-008749-003/2024(H5N1)	1956	10757
PA|PP755594.1|A/cattle/Texas/24-008749-003/2024(H5N1)	1957	10670
PA|PP755594.1|A/cattle/Texas/24-008749-003/2024(H5N1)	1958	10632
PA|PP755594.1|A/cattle/Texas/24-008749-003/2024(H5N1)	1959	10627
PA|PP755594.1|A/cattle/Texas/24-008749-003/2024(H5N1)	1960	10766
PA|PP755594.1|A/cattle/Texas/24-008749-003/2024(H5N1)	1961	10766
PA|PP755594.1|A/cattle/Texas/24-008749-003/2024(H5N1)	1962	10811
PA|PP755594.1|A/cattle/Texas/24-008749-003/2024(H5N1)	1963	10798
PA|PP755594.1|A/cattle/Texas/24-008749-003/2024(H5N1)	1964	10781
PA|PP755594.1|A/cattle/Texas/24-008749-003/2024(H5N1)	1965	10761
PA|PP755594.1|A/cattle/Texas/24-008749-003/2024(H5N1)	1966	10770
PA|PP755594.1|A/cattle/Texas/24-008749-003/2024(H5N1)	1967	10770
PA|PP755594.1|A/cattle/Texas/24-008749-003/2024(H5N1)	1968	10757
PA|PP755594.1|A/cattle/Texas/24-008749-003/2024(H5N1)	1969	10722
PA|PP755594.1|A/cattle/Texas/24-008749-003/2024(H5N1)	1970	10705
PA|PP755594.1|A/cattle/Texas/24-008749-003/2024(H5N1)	1971	10737
PA|PP755594.1|A/cattle/Texas/24-008749-003/2024(H5N1)	1972	10709
PA|PP755594.1|A/cattle/Texas/24-008749-003/2024(H5N1)	1973	10713
PA|PP755594.1|A/cattle/Texas/24-008749-003/2024(H5N1)	1974	10713
PA|PP755594.1|A/cattle/Texas/24-008749-003/2024(H5N1)	1975	10713
PA|PP755594.1|A/cattle/Texas/24-008749-003/2024(H5N1)	1976	10739
PA|PP755594.1|A/cattle/Texas/24-008749-003/2024(H5N1)	1977	10734
PA|PP755594.1|A/cattle/Texas/24-008749-003/2024(H5N1)	1978	10721
PA|PP755594.1|A/cattle/Texas/24-008749-003/2024(H5N1)	1979	10710
PA|PP755594.1|A/cattle/Texas/24-008749-003/2024(H5N1)	1980	10600
PA|PP755594.1|A/cattle/Texas/24-008749-003/2024(H5N1)	1981	10655
PA|PP755594.1|A/cattle/Texas/24-008749-003/2024(H5N1)	1982	10655
PA|PP755594.1|A/cattle/Texas/24-008749-003/2024(H5N1)	1983	10679
PA|PP755594.1|A/cattle/Texas/24-008749-003/2024(H5N1)	1984	10679
PA|PP755594.1|A/cattle/Texas/24-008749-003/2024(H5N1)	1985	10679
PA|PP755594.1|A/cattle/Texas/24-008749-003/2024(H5N1)	1986	10231
PA|PP755594.1|A/cattle/Texas/24-008749-003/2024(H5N1)	1987	10241
PA|PP755594.1|A/cattle/Texas/24-008749-003/2024(H5N1)	1988	10263
PA|PP755594.1|A/cattle/Texas/24-008749-003/2024(H5N1)	1989	10272
PA|PP755594.1|A/cattle/Texas/24-008749-003/2024(H5N1)	1990	10272
PA|PP755594.1|A/cattle/Texas/24-008749-003/2024(H5N1)	1991	10294
PA|PP755594.1|A/cattle/Texas/24-008749-003/2024(H5N1)	1992	10294
PA|PP755594.1|A/cattle/Texas/24-008749-003/2024(H5N1)	1993	10333
PA|PP755594.1|A/cattle/Texas/24-008749-003/2024(H5N1)	1994	10387
PA|PP755594.1|A/cattle/Texas/24-008749-003/2024(H5N1)	1995	10470
PA|PP755594.1|A/cattle/Texas/24-008749-003/2024(H5N1)	1996	10475
PA|PP755594.1|A/cattle/Texas/24-008749-003/2024(H5N1)	1997	10475
PA|PP755594.1|A/cattle/Texas/24-008749-003/2024(H5N1)	1998	10478
PA|PP755594.1|A/cattle/Texas/24-008749-003/2024(H5N1)	1999	10480
PA|PP755594.1|A/cattle/Texas/24-008749-003/2024(H5N1)	2000	10524
PA|PP755594.1|A/cattle/Texas/24-008749-003/2024(H5N1)	2001	10526
PA|PP755594.1|A/cattle/Texas/24-008749-003/2024(H5N1)	2002	10515
PA|PP755594.1|A/cattle/Texas/24-008749-003/2024(H5N1)	2003	10518
PA|PP755594.1|A/cattle/Texas/24-008749-003/2024(H5N1)	2004	10510
PA|PP755594.1|A/cattle/Texas/24-008749-003/2024(H5N1)	2005	10621
PA|PP755594.1|A/cattle/Texas/24-008749-003/2024(H5N1)	2006	10623
PA|PP755594.1|A/cattle/Texas/24-008749-003/2024(H5N1)	2007	10635
PA|PP755594.1|A/cattle/Texas/24-008749-003/2024(H5N1)	2008	10629
PA|PP755594.1|A/cattle/Texas/24-008749-003/2024(H5N1)	2009	10580
PA|PP755594.1|A/cattle/Texas/24-008749-003/2024(H5N1)	2010	10606
PA|PP755594.1|A/cattle/Texas/24-008749-003/2024(H5N1)	2011	10604
PA|PP755594.1|A/cattle/Texas/24-008749-003/2024(H5N1)	2012	10628
PA|PP755594.1|A/cattle/Texas/24-008749-003/2024(H5N1)	2013	10615
PA|PP755594.1|A/cattle/Texas/24-008749-003/2024(H5N1)	2014	10703
PA|PP755594.1|A/cattle/Texas/24-008749-003/2024(H5N1)	2015	10612
PA|PP755594.1|A/cattle/Texas/24-008749-003/2024(H5N1)	2016	10614
PA|PP755594.1|A/cattle/Texas/24-008749-003/2024(H5N1)	2017	10611
PA|PP755594.1|A/cattle/Texas/24-008749-003/2024(H5N1)	2018	10629
PA|PP755594.1|A/cattle/Texas/24-008749-003/2024(H5N1)	2019	10578
PA|PP755594.1|A/cattle/Texas/24-008749-003/2024(H5N1)	2020	10573
PA|PP755594.1|A/cattle/Texas/24-008749-003/2024(H5N1)	2021	10515
PA|PP755594.1|A/cattle/Texas/24-008749-003/2024(H5N1)	2022	10513
PA|PP755594.1|A/cattle/Texas/24-008749-003/2024(H5N1)	2023	10029
PA|PP755594.1|A/cattle/Texas/24-008749-003/2024(H5N1)	2024	10164
PA|PP755594.1|A/cattle/Texas/24-008749-003/2024(H5N1)	2025	10163
PA|PP755594.1|A/cattle/Texas/24-008749-003/2024(H5N1)	2026	10153
PA|PP755594.1|A/cattle/Texas/24-008749-003/2024(H5N1)	2027	10079
PA|PP755594.1|A/cattle/Texas/24-008749-003/2024(H5N1)	2028	10070
PA|PP755594.1|A/cattle/Texas/24-008749-003/2024(H5N1)	2029	10070
PA|PP755594.1|A/cattle/Texas/24-008749-003/2024(H5N1)	2030	10070
PA|PP755594.1|A/cattle/Texas/24-008749-003/2024(H5N1)	2031	10050
PA|PP755594.1|A/cattle/Texas/24-008749-003/2024(H5N1)	2032	10041
PA|PP755594.1|A/cattle/Texas/24-008749-003/2024(H5N1)	2033	9643
PA|PP755594.1|A/cattle/Texas/24-008749-003/2024(H5N1)	2034	9543
PA|PP755594.1|A/cattle/Texas/24-008749-003/2024(H5N1)	2035	9526
PA|PP755594.1|A/cattle/Texas/24-008749-003/2024(H5N1)	2036	9529
PA|PP755594.1|A/cattle/Texas/24-008749-003/2024(H5N1)	2037	9530
PA|PP755594.1|A/cattle/Texas/24-008749-003/2024(H5N1)	2038	9529
PA|PP755594.1|A/cattle/Texas/24-008749-003/2024(H5N1)	2039	9507
PA|PP755594.1|A/cattle/Texas/24-008749-003/2024(H5N1)	2040	9382
PA|PP755594.1|A/cattle/Texas/24-008749-003/2024(H5N1)	2041	9294
PA|PP755594.1|A/cattle/Texas/24-008749-003/2024(H5N1)	2042	9290
PA|PP755594.1|A/cattle/Texas/24-008749-003/2024(H5N1)	2043	9286
PA|PP755594.1|A/cattle/Texas/24-008749-003/2024(H5N1)	2044	9284
PA|PP755594.1|A/cattle/Texas/24-008749-003/2024(H5N1)	2045	9339
PA|PP755594.1|A/cattle/Texas/24-008749-003/2024(H5N1)	2046	9329
PA|PP755594.1|A/cattle/Texas/24-008749-003/2024(H5N1)	2047	9321
PA|PP755594.1|A/cattle/Texas/24-008749-003/2024(H5N1)	2048	9267
PA|PP755594.1|A/cattle/Texas/24-008749-003/2024(H5N1)	2049	9250
PA|PP755594.1|A/cattle/Texas/24-008749-003/2024(H5N1)	2050	9172
PA|PP755594.1|A/cattle/Texas/24-008749-003/2024(H5N1)	2051	9192
PA|PP755594.1|A/cattle/Texas/24-008749-003/2024(H5N1)	2052	9160
PA|PP755594.1|A/cattle/Texas/24-008749-003/2024(H5N1)	2053	9316
PA|PP755594.1|A/cattle/Texas/24-008749-003/2024(H5N1)	2054	9177
PA|PP755594.1|A/cattle/Texas/24-008749-003/2024(H5N1)	2055	9185
PA|PP755594.1|A/cattle/Texas/24-008749-003/2024(H5N1)	2056	9102
PA|PP755594.1|A/cattle/Texas/24-008749-003/2024(H5N1)	2057	9066
PA|PP755594.1|A/cattle/Texas/24-008749-003/2024(H5N1)	2058	9162
PA|PP755594.1|A/cattle/Texas/24-008749-003/2024(H5N1)	2059	9159
PA|PP755594.1|A/cattle/Texas/24-008749-003/2024(H5N1)	2060	9157
PA|PP755594.1|A/cattle/Texas/24-008749-003/2024(H5N1)	2061	9156
PA|PP755594.1|A/cattle/Texas/24-008749-003/2024(H5N1)	2062	8875
PA|PP755594.1|A/cattle/Texas/24-008749-003/2024(H5N1)	2063	8833
PA|PP755594.1|A/cattle/Texas/24-008749-003/2024(H5N1)	2064	8507
PA|PP755594.1|A/cattle/Texas/24-008749-003/2024(H5N1)	2065	8473
PA|PP755594.1|A/cattle/Texas/24-008749-003/2024(H5N1)	2066	8521
PA|PP755594.1|A/cattle/Texas/24-008749-003/2024(H5N1)	2067	8269
PA|PP755594.1|A/cattle/Texas/24-008749-003/2024(H5N1)	2068	8399
PA|PP755594.1|A/cattle/Texas/24-008749-003/2024(H5N1)	2069	8396
PA|PP755594.1|A/cattle/Texas/24-008749-003/2024(H5N1)	2070	8395
PA|PP755594.1|A/cattle/Texas/24-008749-003/2024(H5N1)	2071	8411
PA|PP755594.1|A/cattle/Texas/24-008749-003/2024(H5N1)	2072	8377
PA|PP755594.1|A/cattle/Texas/24-008749-003/2024(H5N1)	2073	8356
PA|PP755594.1|A/cattle/Texas/24-008749-003/2024(H5N1)	2074	8347
PA|PP755594.1|A/cattle/Texas/24-008749-003/2024(H5N1)	2075	8172
PA|PP755594.1|A/cattle/Texas/24-008749-003/2024(H5N1)	2076	8206
PA|PP755594.1|A/cattle/Texas/24-008749-003/2024(H5N1)	2077	7609
PA|PP755594.1|A/cattle/Texas/24-008749-003/2024(H5N1)	2078	7607
PA|PP755594.1|A/cattle/Texas/24-008749-003/2024(H5N1)	2079	7576
PA|PP755594.1|A/cattle/Texas/24-008749-003/2024(H5N1)	2080	7537
PA|PP755594.1|A/cattle/Texas/24-008749-003/2024(H5N1)	2081	7525
PA|PP755594.1|A/cattle/Texas/24-008749-003/2024(H5N1)	2082	7560
PA|PP755594.1|A/cattle/Texas/24-008749-003/2024(H5N1)	2083	7556
PA|PP755594.1|A/cattle/Texas/24-008749-003/2024(H5N1)	2084	7568
PA|PP755594.1|A/cattle/Texas/24-008749-003/2024(H5N1)	2085	7425
PA|PP755594.1|A/cattle/Texas/24-008749-003/2024(H5N1)	2086	7360
PA|PP755594.1|A/cattle/Texas/24-008749-003/2024(H5N1)	2087	7343
PA|PP755594.1|A/cattle/Texas/24-008749-003/2024(H5N1)	2088	7324
PA|PP755594.1|A/cattle/Texas/24-008749-003/2024(H5N1)	2089	7322
PA|PP755594.1|A/cattle/Texas/24-008749-003/2024(H5N1)	2090	7326
PA|PP755594.1|A/cattle/Texas/24-008749-003/2024(H5N1)	2091	7180
PA|PP755594.1|A/cattle/Texas/24-008749-003/2024(H5N1)	2092	7155
PA|PP755594.1|A/cattle/Texas/24-008749-003/2024(H5N1)	2093	7134
PA|PP755594.1|A/cattle/Texas/24-008749-003/2024(H5N1)	2094	7130
PA|PP755594.1|A/cattle/Texas/24-008749-003/2024(H5N1)	2095	7104
PA|PP755594.1|A/cattle/Texas/24-008749-003/2024(H5N1)	2096	7115
PA|PP755594.1|A/cattle/Texas/24-008749-003/2024(H5N1)	2097	7116
PA|PP755594.1|A/cattle/Texas/24-008749-003/2024(H5N1)	2098	7095
PA|PP755594.1|A/cattle/Texas/24-008749-003/2024(H5N1)	2099	7076
PA|PP755594.1|A/cattle/Texas/24-008749-003/2024(H5N1)	2100	6899
PA|PP755594.1|A/cattle/Texas/24-008749-003/2024(H5N1)	2101	6897
PA|PP755594.1|A/cattle/Texas/24-008749-003/2024(H5N1)	2102	6884
PA|PP755594.1|A/cattle/Texas/24-008749-003/2024(H5N1)	2103	6903
PA|PP755594.1|A/cattle/Texas/24-008749-003/2024(H5N1)	2104	6886
PA|PP755594.1|A/cattle/Texas/24-008749-003/2024(H5N1)	2105	6805
PA|PP755594.1|A/cattle/Texas/24-008749-003/2024(H5N1)	2106	6806
PA|PP755594.1|A/cattle/Texas/24-008749-003/2024(H5N1)	2107	6703
PA|PP755594.1|A/cattle/Texas/24-008749-003/2024(H5N1)	2108	6709
PA|PP755594.1|A/cattle/Texas/24-008749-003/2024(H5N1)	2109	6707
PA|PP755594.1|A/cattle/Texas/24-008749-003/2024(H5N1)	2110	6695
PA|PP755594.1|A/cattle/Texas/24-008749-003/2024(H5N1)	2111	6690
PA|PP755594.1|A/cattle/Texas/24-008749-003/2024(H5N1)	2112	6527
PA|PP755594.1|A/cattle/Texas/24-008749-003/2024(H5N1)	2113	6537
PA|PP755594.1|A/cattle/Texas/24-008749-003/2024(H5N1)	2114	6524
PA|PP755594.1|A/cattle/Texas/24-008749-003/2024(H5N1)	2115	6516
PA|PP755594.1|A/cattle/Texas/24-008749-003/2024(H5N1)	2116	6515
PA|PP755594.1|A/cattle/Texas/24-008749-003/2024(H5N1)	2117	6448
PA|PP755594.1|A/cattle/Texas/24-008749-003/2024(H5N1)	2118	6475
PA|PP755594.1|A/cattle/Texas/24-008749-003/2024(H5N1)	2119	6469
PA|PP755594.1|A/cattle/Texas/24-008749-003/2024(H5N1)	2120	6452
PA|PP755594.1|A/cattle/Texas/24-008749-003/2024(H5N1)	2121	6430
PA|PP755594.1|A/cattle/Texas/24-008749-003/2024(H5N1)	2122	6355
PA|PP755594.1|A/cattle/Texas/24-008749-003/2024(H5N1)	2123	6365
PA|PP755594.1|A/cattle/Texas/24-008749-003/2024(H5N1)	2124	6358
PA|PP755594.1|A/cattle/Texas/24-008749-003/2024(H5N1)	2125	6297
PA|PP755594.1|A/cattle/Texas/24-008749-003/2024(H5N1)	2126	6288
PA|PP755594.1|A/cattle/Texas/24-008749-003/2024(H5N1)	2127	6063
PA|PP755594.1|A/cattle/Texas/24-008749-003/2024(H5N1)	2128	6059
PA|PP755594.1|A/cattle/Texas/24-008749-003/2024(H5N1)	2129	6065
PA|PP755594.1|A/cattle/Texas/24-008749-003/2024(H5N1)	2130	6068
PA|PP755594.1|A/cattle/Texas/24-008749-003/2024(H5N1)	2131	6057
PA|PP755594.1|A/cattle/Texas/24-008749-003/2024(H5N1)	2132	6012
PA|PP755594.1|A/cattle/Texas/24-008749-003/2024(H5N1)	2133	6004
PA|PP755594.1|A/cattle/Texas/24-008749-003/2024(H5N1)	2134	5998
PA|PP755594.1|A/cattle/Texas/24-008749-003/2024(H5N1)	2135	5965
PA|PP755594.1|A/cattle/Texas/24-008749-003/2024(H5N1)	2136	5918
PA|PP755594.1|A/cattle/Texas/24-008749-003/2024(H5N1)	2137	5900
PA|PP755594.1|A/cattle/Texas/24-008749-003/2024(H5N1)	2138	5842
PA|PP755594.1|A/cattle/Texas/24-008749-003/2024(H5N1)	2139	5761
PA|PP755594.1|A/cattle/Texas/24-008749-003/2024(H5N1)	2140	5744
PA|PP755594.1|A/cattle/Texas/24-008749-003/2024(H5N1)	2141	5739
PA|PP755594.1|A/cattle/Texas/24-008749-003/2024(H5N1)	2142	5702
PA|PP755594.1|A/cattle/Texas/24-008749-003/2024(H5N1)	2143	5668
PA|PP755594.1|A/cattle/Texas/24-008749-003/2024(H5N1)	2144	5448
PA|PP755594.1|A/cattle/Texas/24-008749-003/2024(H5N1)	2145	5435
PA|PP755594.1|A/cattle/Texas/24-008749-003/2024(H5N1)	2146	5411
PA|PP755594.1|A/cattle/Texas/24-008749-003/2024(H5N1)	2147	5400
PA|PP755594.1|A/cattle/Texas/24-008749-003/2024(H5N1)	2148	5397
PA|PP755594.1|A/cattle/Texas/24-008749-003/2024(H5N1)	2149	5364
PA|PP755594.1|A/cattle/Texas/24-008749-003/2024(H5N1)	2150	5243
PA|PP755594.1|A/cattle/Texas/24-008749-003/2024(H5N1)	2151	5234
