PB1|PP755587.1|A/cattle/Texas/24-008749-002/2024(H5N1)	1	270
PB1|PP755587.1|A/cattle/Texas/24-008749-002/2024(H5N1)	2	270
PB1|PP755587.1|A/cattle/Texas/24-008749-002/2024(H5N1)	3	271
PB1|PP755587.1|A/cattle/Texas/24-008749-002/2024(H5N1)	4	277
PB1|PP755587.1|A/cattle/Texas/24-008749-002/2024(H5N1)	5	296
PB1|PP755587.1|A/cattle/Texas/24-008749-002/2024(H5N1)	6	299
PB1|PP755587.1|A/cattle/Texas/24-008749-002/2024(H5N1)	7	299
PB1|PP755587.1|A/cattle/Texas/24-008749-002/2024(H5N1)	8	299
PB1|PP755587.1|A/cattle/Texas/24-008749-002/2024(H5N1)	9	304
PB1|PP755587.1|A/cattle/Texas/24-008749-002/2024(H5N1)	10	312
PB1|PP755587.1|A/cattle/Texas/24-008749-002/2024(H5N1)	11	316
PB1|PP755587.1|A/cattle/Texas/24-008749-002/2024(H5N1)	12	316
PB1|PP755587.1|A/cattle/Texas/24-008749-002/2024(H5N1)	13	318
PB1|PP755587.1|A/cattle/Texas/24-008749-002/2024(H5N1)	14	319
PB1|PP755587.1|A/cattle/Texas/24-008749-002/2024(H5N1)	15	323
PB1|PP755587.1|A/cattle/Texas/24-008749-002/2024(H5N1)	16	365
PB1|PP755587.1|A/cattle/Texas/24-008749-002/2024(H5N1)	17	366
PB1|PP755587.1|A/cattle/Texas/24-008749-002/2024(H5N1)	18	366
PB1|PP755587.1|A/cattle/Texas/24-008749-002/2024(H5N1)	19	370
PB1|PP755587.1|A/cattle/Texas/24-008749-002/2024(H5N1)	20	370
PB1|PP755587.1|A/cattle/Texas/24-008749-002/2024(H5N1)	21	370
PB1|PP755587.1|A/cattle/Texas/24-008749-002/2024(H5N1)	22	370
PB1|PP755587.1|A/cattle/Texas/24-008749-002/2024(H5N1)	23	370
PB1|PP755587.1|A/cattle/Texas/24-008749-002/2024(H5N1)	24	382
PB1|PP755587.1|A/cattle/Texas/24-008749-002/2024(H5N1)	25	382
PB1|PP755587.1|A/cattle/Texas/24-008749-002/2024(H5N1)	26	387
PB1|PP755587.1|A/cattle/Texas/24-008749-002/2024(H5N1)	27	388
PB1|PP755587.1|A/cattle/Texas/24-008749-002/2024(H5N1)	28	388
PB1|PP755587.1|A/cattle/Texas/24-008749-002/2024(H5N1)	29	387
PB1|PP755587.1|A/cattle/Texas/24-008749-002/2024(H5N1)	30	387
PB1|PP755587.1|A/cattle/Texas/24-008749-002/2024(H5N1)	31	385
PB1|PP755587.1|A/cattle/Texas/24-008749-002/2024(H5N1)	32	380
PB1|PP755587.1|A/cattle/Texas/24-008749-002/2024(H5N1)	33	379
PB1|PP755587.1|A/cattle/Texas/24-008749-002/2024(H5N1)	34	385
PB1|PP755587.1|A/cattle/Texas/24-008749-002/2024(H5N1)	35	386
PB1|PP755587.1|A/cattle/Texas/24-008749-002/2024(H5N1)	36	387
PB1|PP755587.1|A/cattle/Texas/24-008749-002/2024(H5N1)	37	388
PB1|PP755587.1|A/cattle/Texas/24-008749-002/2024(H5N1)	38	385
PB1|PP755587.1|A/cattle/Texas/24-008749-002/2024(H5N1)	39	389
PB1|PP755587.1|A/cattle/Texas/24-008749-002/2024(H5N1)	40	393
PB1|PP755587.1|A/cattle/Texas/24-008749-002/2024(H5N1)	41	394
PB1|PP755587.1|A/cattle/Texas/24-008749-002/2024(H5N1)	42	396
PB1|PP755587.1|A/cattle/Texas/24-008749-002/2024(H5N1)	43	401
PB1|PP755587.1|A/cattle/Texas/24-008749-002/2024(H5N1)	44	402
PB1|PP755587.1|A/cattle/Texas/24-008749-002/2024(H5N1)	45	400
PB1|PP755587.1|A/cattle/Texas/24-008749-002/2024(H5N1)	46	401
PB1|PP755587.1|A/cattle/Texas/24-008749-002/2024(H5N1)	47	408
PB1|PP755587.1|A/cattle/Texas/24-008749-002/2024(H5N1)	48	420
PB1|PP755587.1|A/cattle/Texas/24-008749-002/2024(H5N1)	49	426
PB1|PP755587.1|A/cattle/Texas/24-008749-002/2024(H5N1)	50	426
PB1|PP755587.1|A/cattle/Texas/24-008749-002/2024(H5N1)	51	426
PB1|PP755587.1|A/cattle/Texas/24-008749-002/2024(H5N1)	52	426
PB1|PP755587.1|A/cattle/Texas/24-008749-002/2024(H5N1)	53	428
PB1|PP755587.1|A/cattle/Texas/24-008749-002/2024(H5N1)	54	440
PB1|PP755587.1|A/cattle/Texas/24-008749-002/2024(H5N1)	55	440
PB1|PP755587.1|A/cattle/Texas/24-008749-002/2024(H5N1)	56	441
PB1|PP755587.1|A/cattle/Texas/24-008749-002/2024(H5N1)	57	445
PB1|PP755587.1|A/cattle/Texas/24-008749-002/2024(H5N1)	58	447
PB1|PP755587.1|A/cattle/Texas/24-008749-002/2024(H5N1)	59	461
PB1|PP755587.1|A/cattle/Texas/24-008749-002/2024(H5N1)	60	463
PB1|PP755587.1|A/cattle/Texas/24-008749-002/2024(H5N1)	61	471
PB1|PP755587.1|A/cattle/Texas/24-008749-002/2024(H5N1)	62	469
PB1|PP755587.1|A/cattle/Texas/24-008749-002/2024(H5N1)	63	467
PB1|PP755587.1|A/cattle/Texas/24-008749-002/2024(H5N1)	64	474
PB1|PP755587.1|A/cattle/Texas/24-008749-002/2024(H5N1)	65	480
PB1|PP755587.1|A/cattle/Texas/24-008749-002/2024(H5N1)	66	503
PB1|PP755587.1|A/cattle/Texas/24-008749-002/2024(H5N1)	67	501
PB1|PP755587.1|A/cattle/Texas/24-008749-002/2024(H5N1)	68	502
PB1|PP755587.1|A/cattle/Texas/24-008749-002/2024(H5N1)	69	506
PB1|PP755587.1|A/cattle/Texas/24-008749-002/2024(H5N1)	70	507
PB1|PP755587.1|A/cattle/Texas/24-008749-002/2024(H5N1)	71	530
PB1|PP755587.1|A/cattle/Texas/24-008749-002/2024(H5N1)	72	531
PB1|PP755587.1|A/cattle/Texas/24-008749-002/2024(H5N1)	73	536
PB1|PP755587.1|A/cattle/Texas/24-008749-002/2024(H5N1)	74	537
PB1|PP755587.1|A/cattle/Texas/24-008749-002/2024(H5N1)	75	532
PB1|PP755587.1|A/cattle/Texas/24-008749-002/2024(H5N1)	76	533
PB1|PP755587.1|A/cattle/Texas/24-008749-002/2024(H5N1)	77	533
PB1|PP755587.1|A/cattle/Texas/24-008749-002/2024(H5N1)	78	531
PB1|PP755587.1|A/cattle/Texas/24-008749-002/2024(H5N1)	79	532
PB1|PP755587.1|A/cattle/Texas/24-008749-002/2024(H5N1)	80	539
PB1|PP755587.1|A/cattle/Texas/24-008749-002/2024(H5N1)	81	542
PB1|PP755587.1|A/cattle/Texas/24-008749-002/2024(H5N1)	82	558
PB1|PP755587.1|A/cattle/Texas/24-008749-002/2024(H5N1)	83	559
PB1|PP755587.1|A/cattle/Texas/24-008749-002/2024(H5N1)	84	560
PB1|PP755587.1|A/cattle/Texas/24-008749-002/2024(H5N1)	85	589
PB1|PP755587.1|A/cattle/Texas/24-008749-002/2024(H5N1)	86	595
PB1|PP755587.1|A/cattle/Texas/24-008749-002/2024(H5N1)	87	595
PB1|PP755587.1|A/cattle/Texas/24-008749-002/2024(H5N1)	88	594
PB1|PP755587.1|A/cattle/Texas/24-008749-002/2024(H5N1)	89	591
PB1|PP755587.1|A/cattle/Texas/24-008749-002/2024(H5N1)	90	585
PB1|PP755587.1|A/cattle/Texas/24-008749-002/2024(H5N1)	91	583
PB1|PP755587.1|A/cattle/Texas/24-008749-002/2024(H5N1)	92	599
PB1|PP755587.1|A/cattle/Texas/24-008749-002/2024(H5N1)	93	604
PB1|PP755587.1|A/cattle/Texas/24-008749-002/2024(H5N1)	94	605
PB1|PP755587.1|A/cattle/Texas/24-008749-002/2024(H5N1)	95	601
PB1|PP755587.1|A/cattle/Texas/24-008749-002/2024(H5N1)	96	597
PB1|PP755587.1|A/cattle/Texas/24-008749-002/2024(H5N1)	97	599
PB1|PP755587.1|A/cattle/Texas/24-008749-002/2024(H5N1)	98	605
PB1|PP755587.1|A/cattle/Texas/24-008749-002/2024(H5N1)	99	605
PB1|PP755587.1|A/cattle/Texas/24-008749-002/2024(H5N1)	100	605
PB1|PP755587.1|A/cattle/Texas/24-008749-002/2024(H5N1)	101	605
PB1|PP755587.1|A/cattle/Texas/24-008749-002/2024(H5N1)	102	601
PB1|PP755587.1|A/cattle/Texas/24-008749-002/2024(H5N1)	103	600
PB1|PP755587.1|A/cattle/Texas/24-008749-002/2024(H5N1)	104	598
PB1|PP755587.1|A/cattle/Texas/24-008749-002/2024(H5N1)	105	592
PB1|PP755587.1|A/cattle/Texas/24-008749-002/2024(H5N1)	106	592
PB1|PP755587.1|A/cattle/Texas/24-008749-002/2024(H5N1)	107	590
PB1|PP755587.1|A/cattle/Texas/24-008749-002/2024(H5N1)	108	588
PB1|PP755587.1|A/cattle/Texas/24-008749-002/2024(H5N1)	109	582
PB1|PP755587.1|A/cattle/Texas/24-008749-002/2024(H5N1)	110	575
PB1|PP755587.1|A/cattle/Texas/24-008749-002/2024(H5N1)	111	573
PB1|PP755587.1|A/cattle/Texas/24-008749-002/2024(H5N1)	112	571
PB1|PP755587.1|A/cattle/Texas/24-008749-002/2024(H5N1)	113	566
PB1|PP755587.1|A/cattle/Texas/24-008749-002/2024(H5N1)	114	527
PB1|PP755587.1|A/cattle/Texas/24-008749-002/2024(H5N1)	115	517
PB1|PP755587.1|A/cattle/Texas/24-008749-002/2024(H5N1)	116	507
PB1|PP755587.1|A/cattle/Texas/24-008749-002/2024(H5N1)	117	504
PB1|PP755587.1|A/cattle/Texas/24-008749-002/2024(H5N1)	118	492
PB1|PP755587.1|A/cattle/Texas/24-008749-002/2024(H5N1)	119	490
PB1|PP755587.1|A/cattle/Texas/24-008749-002/2024(H5N1)	120	481
PB1|PP755587.1|A/cattle/Texas/24-008749-002/2024(H5N1)	121	479
PB1|PP755587.1|A/cattle/Texas/24-008749-002/2024(H5N1)	122	476
PB1|PP755587.1|A/cattle/Texas/24-008749-002/2024(H5N1)	123	474
PB1|PP755587.1|A/cattle/Texas/24-008749-002/2024(H5N1)	124	471
PB1|PP755587.1|A/cattle/Texas/24-008749-002/2024(H5N1)	125	96
PB1|PP755587.1|A/cattle/Texas/24-008749-002/2024(H5N1)	126	92
PB1|PP755587.1|A/cattle/Texas/24-008749-002/2024(H5N1)	127	15
PB1|PP755587.1|A/cattle/Texas/24-008749-002/2024(H5N1)	128	15
PB1|PP755587.1|A/cattle/Texas/24-008749-002/2024(H5N1)	129	15
PB1|PP755587.1|A/cattle/Texas/24-008749-002/2024(H5N1)	130	15
PB1|PP755587.1|A/cattle/Texas/24-008749-002/2024(H5N1)	131	15
PB1|PP755587.1|A/cattle/Texas/24-008749-002/2024(H5N1)	132	15
PB1|PP755587.1|A/cattle/Texas/24-008749-002/2024(H5N1)	133	15
PB1|PP755587.1|A/cattle/Texas/24-008749-002/2024(H5N1)	134	15
PB1|PP755587.1|A/cattle/Texas/24-008749-002/2024(H5N1)	135	15
PB1|PP755587.1|A/cattle/Texas/24-008749-002/2024(H5N1)	136	15
PB1|PP755587.1|A/cattle/Texas/24-008749-002/2024(H5N1)	137	15
PB1|PP755587.1|A/cattle/Texas/24-008749-002/2024(H5N1)	138	205
PB1|PP755587.1|A/cattle/Texas/24-008749-002/2024(H5N1)	139	205
PB1|PP755587.1|A/cattle/Texas/24-008749-002/2024(H5N1)	140	205
PB1|PP755587.1|A/cattle/Texas/24-008749-002/2024(H5N1)	141	205
PB1|PP755587.1|A/cattle/Texas/24-008749-002/2024(H5N1)	142	203
PB1|PP755587.1|A/cattle/Texas/24-008749-002/2024(H5N1)	143	202
PB1|PP755587.1|A/cattle/Texas/24-008749-002/2024(H5N1)	144	203
PB1|PP755587.1|A/cattle/Texas/24-008749-002/2024(H5N1)	145	203
PB1|PP755587.1|A/cattle/Texas/24-008749-002/2024(H5N1)	146	204
PB1|PP755587.1|A/cattle/Texas/24-008749-002/2024(H5N1)	147	204
PB1|PP755587.1|A/cattle/Texas/24-008749-002/2024(H5N1)	148	203
PB1|PP755587.1|A/cattle/Texas/24-008749-002/2024(H5N1)	149	203
PB1|PP755587.1|A/cattle/Texas/24-008749-002/2024(H5N1)	150	202
PB1|PP755587.1|A/cattle/Texas/24-008749-002/2024(H5N1)	151	356
PB1|PP755587.1|A/cattle/Texas/24-008749-002/2024(H5N1)	152	355
PB1|PP755587.1|A/cattle/Texas/24-008749-002/2024(H5N1)	153	356
PB1|PP755587.1|A/cattle/Texas/24-008749-002/2024(H5N1)	154	356
PB1|PP755587.1|A/cattle/Texas/24-008749-002/2024(H5N1)	155	356
PB1|PP755587.1|A/cattle/Texas/24-008749-002/2024(H5N1)	156	357
PB1|PP755587.1|A/cattle/Texas/24-008749-002/2024(H5N1)	157	362
PB1|PP755587.1|A/cattle/Texas/24-008749-002/2024(H5N1)	158	365
PB1|PP755587.1|A/cattle/Texas/24-008749-002/2024(H5N1)	159	369
PB1|PP755587.1|A/cattle/Texas/24-008749-002/2024(H5N1)	160	370
PB1|PP755587.1|A/cattle/Texas/24-008749-002/2024(H5N1)	161	370
PB1|PP755587.1|A/cattle/Texas/24-008749-002/2024(H5N1)	162	370
PB1|PP755587.1|A/cattle/Texas/24-008749-002/2024(H5N1)	163	370
PB1|PP755587.1|A/cattle/Texas/24-008749-002/2024(H5N1)	164	371
PB1|PP755587.1|A/cattle/Texas/24-008749-002/2024(H5N1)	165	378
PB1|PP755587.1|A/cattle/Texas/24-008749-002/2024(H5N1)	166	378
PB1|PP755587.1|A/cattle/Texas/24-008749-002/2024(H5N1)	167	378
PB1|PP755587.1|A/cattle/Texas/24-008749-002/2024(H5N1)	168	380
PB1|PP755587.1|A/cattle/Texas/24-008749-002/2024(H5N1)	169	381
PB1|PP755587.1|A/cattle/Texas/24-008749-002/2024(H5N1)	170	383
PB1|PP755587.1|A/cattle/Texas/24-008749-002/2024(H5N1)	171	384
PB1|PP755587.1|A/cattle/Texas/24-008749-002/2024(H5N1)	172	386
PB1|PP755587.1|A/cattle/Texas/24-008749-002/2024(H5N1)	173	395
PB1|PP755587.1|A/cattle/Texas/24-008749-002/2024(H5N1)	174	395
PB1|PP755587.1|A/cattle/Texas/24-008749-002/2024(H5N1)	175	397
PB1|PP755587.1|A/cattle/Texas/24-008749-002/2024(H5N1)	176	398
PB1|PP755587.1|A/cattle/Texas/24-008749-002/2024(H5N1)	177	401
PB1|PP755587.1|A/cattle/Texas/24-008749-002/2024(H5N1)	178	402
PB1|PP755587.1|A/cattle/Texas/24-008749-002/2024(H5N1)	179	403
PB1|PP755587.1|A/cattle/Texas/24-008749-002/2024(H5N1)	180	385
PB1|PP755587.1|A/cattle/Texas/24-008749-002/2024(H5N1)	181	385
PB1|PP755587.1|A/cattle/Texas/24-008749-002/2024(H5N1)	182	381
PB1|PP755587.1|A/cattle/Texas/24-008749-002/2024(H5N1)	183	379
PB1|PP755587.1|A/cattle/Texas/24-008749-002/2024(H5N1)	184	380
PB1|PP755587.1|A/cattle/Texas/24-008749-002/2024(H5N1)	185	380
PB1|PP755587.1|A/cattle/Texas/24-008749-002/2024(H5N1)	186	379
PB1|PP755587.1|A/cattle/Texas/24-008749-002/2024(H5N1)	187	381
PB1|PP755587.1|A/cattle/Texas/24-008749-002/2024(H5N1)	188	381
PB1|PP755587.1|A/cattle/Texas/24-008749-002/2024(H5N1)	189	380
PB1|PP755587.1|A/cattle/Texas/24-008749-002/2024(H5N1)	190	380
PB1|PP755587.1|A/cattle/Texas/24-008749-002/2024(H5N1)	191	378
PB1|PP755587.1|A/cattle/Texas/24-008749-002/2024(H5N1)	192	381
PB1|PP755587.1|A/cattle/Texas/24-008749-002/2024(H5N1)	193	383
PB1|PP755587.1|A/cattle/Texas/24-008749-002/2024(H5N1)	194	379
PB1|PP755587.1|A/cattle/Texas/24-008749-002/2024(H5N1)	195	381
PB1|PP755587.1|A/cattle/Texas/24-008749-002/2024(H5N1)	196	380
PB1|PP755587.1|A/cattle/Texas/24-008749-002/2024(H5N1)	197	378
PB1|PP755587.1|A/cattle/Texas/24-008749-002/2024(H5N1)	198	378
PB1|PP755587.1|A/cattle/Texas/24-008749-002/2024(H5N1)	199	378
PB1|PP755587.1|A/cattle/Texas/24-008749-002/2024(H5N1)	200	376
PB1|PP755587.1|A/cattle/Texas/24-008749-002/2024(H5N1)	201	378
PB1|PP755587.1|A/cattle/Texas/24-008749-002/2024(H5N1)	202	379
PB1|PP755587.1|A/cattle/Texas/24-008749-002/2024(H5N1)	203	341
PB1|PP755587.1|A/cattle/Texas/24-008749-002/2024(H5N1)	204	319
PB1|PP755587.1|A/cattle/Texas/24-008749-002/2024(H5N1)	205	319
PB1|PP755587.1|A/cattle/Texas/24-008749-002/2024(H5N1)	206	318
PB1|PP755587.1|A/cattle/Texas/24-008749-002/2024(H5N1)	207	317
PB1|PP755587.1|A/cattle/Texas/24-008749-002/2024(H5N1)	208	317
PB1|PP755587.1|A/cattle/Texas/24-008749-002/2024(H5N1)	209	317
PB1|PP755587.1|A/cattle/Texas/24-008749-002/2024(H5N1)	210	317
PB1|PP755587.1|A/cattle/Texas/24-008749-002/2024(H5N1)	211	318
PB1|PP755587.1|A/cattle/Texas/24-008749-002/2024(H5N1)	212	304
PB1|PP755587.1|A/cattle/Texas/24-008749-002/2024(H5N1)	213	295
PB1|PP755587.1|A/cattle/Texas/24-008749-002/2024(H5N1)	214	294
PB1|PP755587.1|A/cattle/Texas/24-008749-002/2024(H5N1)	215	293
PB1|PP755587.1|A/cattle/Texas/24-008749-002/2024(H5N1)	216	293
PB1|PP755587.1|A/cattle/Texas/24-008749-002/2024(H5N1)	217	286
PB1|PP755587.1|A/cattle/Texas/24-008749-002/2024(H5N1)	218	285
PB1|PP755587.1|A/cattle/Texas/24-008749-002/2024(H5N1)	219	285
PB1|PP755587.1|A/cattle/Texas/24-008749-002/2024(H5N1)	220	274
PB1|PP755587.1|A/cattle/Texas/24-008749-002/2024(H5N1)	221	266
PB1|PP755587.1|A/cattle/Texas/24-008749-002/2024(H5N1)	222	267
PB1|PP755587.1|A/cattle/Texas/24-008749-002/2024(H5N1)	223	265
PB1|PP755587.1|A/cattle/Texas/24-008749-002/2024(H5N1)	224	262
PB1|PP755587.1|A/cattle/Texas/24-008749-002/2024(H5N1)	225	255
PB1|PP755587.1|A/cattle/Texas/24-008749-002/2024(H5N1)	226	259
PB1|PP755587.1|A/cattle/Texas/24-008749-002/2024(H5N1)	227	257
PB1|PP755587.1|A/cattle/Texas/24-008749-002/2024(H5N1)	228	255
PB1|PP755587.1|A/cattle/Texas/24-008749-002/2024(H5N1)	229	245
PB1|PP755587.1|A/cattle/Texas/24-008749-002/2024(H5N1)	230	242
PB1|PP755587.1|A/cattle/Texas/24-008749-002/2024(H5N1)	231	243
PB1|PP755587.1|A/cattle/Texas/24-008749-002/2024(H5N1)	232	245
PB1|PP755587.1|A/cattle/Texas/24-008749-002/2024(H5N1)	233	254
PB1|PP755587.1|A/cattle/Texas/24-008749-002/2024(H5N1)	234	249
PB1|PP755587.1|A/cattle/Texas/24-008749-002/2024(H5N1)	235	247
PB1|PP755587.1|A/cattle/Texas/24-008749-002/2024(H5N1)	236	244
PB1|PP755587.1|A/cattle/Texas/24-008749-002/2024(H5N1)	237	244
PB1|PP755587.1|A/cattle/Texas/24-008749-002/2024(H5N1)	238	250
PB1|PP755587.1|A/cattle/Texas/24-008749-002/2024(H5N1)	239	250
PB1|PP755587.1|A/cattle/Texas/24-008749-002/2024(H5N1)	240	250
PB1|PP755587.1|A/cattle/Texas/24-008749-002/2024(H5N1)	241	252
PB1|PP755587.1|A/cattle/Texas/24-008749-002/2024(H5N1)	242	250
PB1|PP755587.1|A/cattle/Texas/24-008749-002/2024(H5N1)	243	248
PB1|PP755587.1|A/cattle/Texas/24-008749-002/2024(H5N1)	244	248
PB1|PP755587.1|A/cattle/Texas/24-008749-002/2024(H5N1)	245	246
PB1|PP755587.1|A/cattle/Texas/24-008749-002/2024(H5N1)	246	240
PB1|PP755587.1|A/cattle/Texas/24-008749-002/2024(H5N1)	247	240
PB1|PP755587.1|A/cattle/Texas/24-008749-002/2024(H5N1)	248	235
PB1|PP755587.1|A/cattle/Texas/24-008749-002/2024(H5N1)	249	233
PB1|PP755587.1|A/cattle/Texas/24-008749-002/2024(H5N1)	250	229
PB1|PP755587.1|A/cattle/Texas/24-008749-002/2024(H5N1)	251	228
PB1|PP755587.1|A/cattle/Texas/24-008749-002/2024(H5N1)	252	231
PB1|PP755587.1|A/cattle/Texas/24-008749-002/2024(H5N1)	253	235
PB1|PP755587.1|A/cattle/Texas/24-008749-002/2024(H5N1)	254	239
PB1|PP755587.1|A/cattle/Texas/24-008749-002/2024(H5N1)	255	245
PB1|PP755587.1|A/cattle/Texas/24-008749-002/2024(H5N1)	256	235
PB1|PP755587.1|A/cattle/Texas/24-008749-002/2024(H5N1)	257	235
PB1|PP755587.1|A/cattle/Texas/24-008749-002/2024(H5N1)	258	234
PB1|PP755587.1|A/cattle/Texas/24-008749-002/2024(H5N1)	259	228
PB1|PP755587.1|A/cattle/Texas/24-008749-002/2024(H5N1)	260	222
PB1|PP755587.1|A/cattle/Texas/24-008749-002/2024(H5N1)	261	220
PB1|PP755587.1|A/cattle/Texas/24-008749-002/2024(H5N1)	262	219
PB1|PP755587.1|A/cattle/Texas/24-008749-002/2024(H5N1)	263	213
PB1|PP755587.1|A/cattle/Texas/24-008749-002/2024(H5N1)	264	207
PB1|PP755587.1|A/cattle/Texas/24-008749-002/2024(H5N1)	265	209
PB1|PP755587.1|A/cattle/Texas/24-008749-002/2024(H5N1)	266	207
PB1|PP755587.1|A/cattle/Texas/24-008749-002/2024(H5N1)	267	198
PB1|PP755587.1|A/cattle/Texas/24-008749-002/2024(H5N1)	268	194
PB1|PP755587.1|A/cattle/Texas/24-008749-002/2024(H5N1)	269	193
PB1|PP755587.1|A/cattle/Texas/24-008749-002/2024(H5N1)	270	194
PB1|PP755587.1|A/cattle/Texas/24-008749-002/2024(H5N1)	271	180
PB1|PP755587.1|A/cattle/Texas/24-008749-002/2024(H5N1)	272	176
PB1|PP755587.1|A/cattle/Texas/24-008749-002/2024(H5N1)	273	176
PB1|PP755587.1|A/cattle/Texas/24-008749-002/2024(H5N1)	274	174
PB1|PP755587.1|A/cattle/Texas/24-008749-002/2024(H5N1)	275	172
PB1|PP755587.1|A/cattle/Texas/24-008749-002/2024(H5N1)	276	174
PB1|PP755587.1|A/cattle/Texas/24-008749-002/2024(H5N1)	277	174
PB1|PP755587.1|A/cattle/Texas/24-008749-002/2024(H5N1)	278	173
PB1|PP755587.1|A/cattle/Texas/24-008749-002/2024(H5N1)	279	173
PB1|PP755587.1|A/cattle/Texas/24-008749-002/2024(H5N1)	280	173
PB1|PP755587.1|A/cattle/Texas/24-008749-002/2024(H5N1)	281	172
PB1|PP755587.1|A/cattle/Texas/24-008749-002/2024(H5N1)	282	172
PB1|PP755587.1|A/cattle/Texas/24-008749-002/2024(H5N1)	283	172
PB1|PP755587.1|A/cattle/Texas/24-008749-002/2024(H5N1)	284	169
PB1|PP755587.1|A/cattle/Texas/24-008749-002/2024(H5N1)	285	170
PB1|PP755587.1|A/cattle/Texas/24-008749-002/2024(H5N1)	286	168
PB1|PP755587.1|A/cattle/Texas/24-008749-002/2024(H5N1)	287	165
PB1|PP755587.1|A/cattle/Texas/24-008749-002/2024(H5N1)	288	164
PB1|PP755587.1|A/cattle/Texas/24-008749-002/2024(H5N1)	289	163
PB1|PP755587.1|A/cattle/Texas/24-008749-002/2024(H5N1)	290	164
PB1|PP755587.1|A/cattle/Texas/24-008749-002/2024(H5N1)	291	160
PB1|PP755587.1|A/cattle/Texas/24-008749-002/2024(H5N1)	292	160
PB1|PP755587.1|A/cattle/Texas/24-008749-002/2024(H5N1)	293	159
PB1|PP755587.1|A/cattle/Texas/24-008749-002/2024(H5N1)	294	160
PB1|PP755587.1|A/cattle/Texas/24-008749-002/2024(H5N1)	295	163
PB1|PP755587.1|A/cattle/Texas/24-008749-002/2024(H5N1)	296	162
PB1|PP755587.1|A/cattle/Texas/24-008749-002/2024(H5N1)	297	160
PB1|PP755587.1|A/cattle/Texas/24-008749-002/2024(H5N1)	298	155
PB1|PP755587.1|A/cattle/Texas/24-008749-002/2024(H5N1)	299	155
PB1|PP755587.1|A/cattle/Texas/24-008749-002/2024(H5N1)	300	160
PB1|PP755587.1|A/cattle/Texas/24-008749-002/2024(H5N1)	301	160
PB1|PP755587.1|A/cattle/Texas/24-008749-002/2024(H5N1)	302	160
PB1|PP755587.1|A/cattle/Texas/24-008749-002/2024(H5N1)	303	157
PB1|PP755587.1|A/cattle/Texas/24-008749-002/2024(H5N1)	304	156
PB1|PP755587.1|A/cattle/Texas/24-008749-002/2024(H5N1)	305	164
PB1|PP755587.1|A/cattle/Texas/24-008749-002/2024(H5N1)	306	163
PB1|PP755587.1|A/cattle/Texas/24-008749-002/2024(H5N1)	307	163
PB1|PP755587.1|A/cattle/Texas/24-008749-002/2024(H5N1)	308	170
PB1|PP755587.1|A/cattle/Texas/24-008749-002/2024(H5N1)	309	169
PB1|PP755587.1|A/cattle/Texas/24-008749-002/2024(H5N1)	310	169
PB1|PP755587.1|A/cattle/Texas/24-008749-002/2024(H5N1)	311	167
PB1|PP755587.1|A/cattle/Texas/24-008749-002/2024(H5N1)	312	167
PB1|PP755587.1|A/cattle/Texas/24-008749-002/2024(H5N1)	313	166
PB1|PP755587.1|A/cattle/Texas/24-008749-002/2024(H5N1)	314	165
PB1|PP755587.1|A/cattle/Texas/24-008749-002/2024(H5N1)	315	163
PB1|PP755587.1|A/cattle/Texas/24-008749-002/2024(H5N1)	316	161
PB1|PP755587.1|A/cattle/Texas/24-008749-002/2024(H5N1)	317	162
PB1|PP755587.1|A/cattle/Texas/24-008749-002/2024(H5N1)	318	161
PB1|PP755587.1|A/cattle/Texas/24-008749-002/2024(H5N1)	319	166
PB1|PP755587.1|A/cattle/Texas/24-008749-002/2024(H5N1)	320	166
PB1|PP755587.1|A/cattle/Texas/24-008749-002/2024(H5N1)	321	166
PB1|PP755587.1|A/cattle/Texas/24-008749-002/2024(H5N1)	322	166
PB1|PP755587.1|A/cattle/Texas/24-008749-002/2024(H5N1)	323	164
PB1|PP755587.1|A/cattle/Texas/24-008749-002/2024(H5N1)	324	164
PB1|PP755587.1|A/cattle/Texas/24-008749-002/2024(H5N1)	325	163
PB1|PP755587.1|A/cattle/Texas/24-008749-002/2024(H5N1)	326	161
PB1|PP755587.1|A/cattle/Texas/24-008749-002/2024(H5N1)	327	161
PB1|PP755587.1|A/cattle/Texas/24-008749-002/2024(H5N1)	328	159
PB1|PP755587.1|A/cattle/Texas/24-008749-002/2024(H5N1)	329	155
PB1|PP755587.1|A/cattle/Texas/24-008749-002/2024(H5N1)	330	157
PB1|PP755587.1|A/cattle/Texas/24-008749-002/2024(H5N1)	331	157
PB1|PP755587.1|A/cattle/Texas/24-008749-002/2024(H5N1)	332	171
PB1|PP755587.1|A/cattle/Texas/24-008749-002/2024(H5N1)	333	172
PB1|PP755587.1|A/cattle/Texas/24-008749-002/2024(H5N1)	334	173
PB1|PP755587.1|A/cattle/Texas/24-008749-002/2024(H5N1)	335	172
PB1|PP755587.1|A/cattle/Texas/24-008749-002/2024(H5N1)	336	172
PB1|PP755587.1|A/cattle/Texas/24-008749-002/2024(H5N1)	337	170
PB1|PP755587.1|A/cattle/Texas/24-008749-002/2024(H5N1)	338	165
PB1|PP755587.1|A/cattle/Texas/24-008749-002/2024(H5N1)	339	166
PB1|PP755587.1|A/cattle/Texas/24-008749-002/2024(H5N1)	340	169
PB1|PP755587.1|A/cattle/Texas/24-008749-002/2024(H5N1)	341	168
PB1|PP755587.1|A/cattle/Texas/24-008749-002/2024(H5N1)	342	166
PB1|PP755587.1|A/cattle/Texas/24-008749-002/2024(H5N1)	343	166
PB1|PP755587.1|A/cattle/Texas/24-008749-002/2024(H5N1)	344	164
PB1|PP755587.1|A/cattle/Texas/24-008749-002/2024(H5N1)	345	164
PB1|PP755587.1|A/cattle/Texas/24-008749-002/2024(H5N1)	346	164
PB1|PP755587.1|A/cattle/Texas/24-008749-002/2024(H5N1)	347	166
PB1|PP755587.1|A/cattle/Texas/24-008749-002/2024(H5N1)	348	166
PB1|PP755587.1|A/cattle/Texas/24-008749-002/2024(H5N1)	349	164
PB1|PP755587.1|A/cattle/Texas/24-008749-002/2024(H5N1)	350	164
PB1|PP755587.1|A/cattle/Texas/24-008749-002/2024(H5N1)	351	164
PB1|PP755587.1|A/cattle/Texas/24-008749-002/2024(H5N1)	352	161
PB1|PP755587.1|A/cattle/Texas/24-008749-002/2024(H5N1)	353	162
PB1|PP755587.1|A/cattle/Texas/24-008749-002/2024(H5N1)	354	152
PB1|PP755587.1|A/cattle/Texas/24-008749-002/2024(H5N1)	355	152
PB1|PP755587.1|A/cattle/Texas/24-008749-002/2024(H5N1)	356	153
PB1|PP755587.1|A/cattle/Texas/24-008749-002/2024(H5N1)	357	152
PB1|PP755587.1|A/cattle/Texas/24-008749-002/2024(H5N1)	358	152
PB1|PP755587.1|A/cattle/Texas/24-008749-002/2024(H5N1)	359	148
PB1|PP755587.1|A/cattle/Texas/24-008749-002/2024(H5N1)	360	149
PB1|PP755587.1|A/cattle/Texas/24-008749-002/2024(H5N1)	361	149
PB1|PP755587.1|A/cattle/Texas/24-008749-002/2024(H5N1)	362	148
PB1|PP755587.1|A/cattle/Texas/24-008749-002/2024(H5N1)	363	147
PB1|PP755587.1|A/cattle/Texas/24-008749-002/2024(H5N1)	364	147
PB1|PP755587.1|A/cattle/Texas/24-008749-002/2024(H5N1)	365	148
PB1|PP755587.1|A/cattle/Texas/24-008749-002/2024(H5N1)	366	148
PB1|PP755587.1|A/cattle/Texas/24-008749-002/2024(H5N1)	367	149
PB1|PP755587.1|A/cattle/Texas/24-008749-002/2024(H5N1)	368	152
PB1|PP755587.1|A/cattle/Texas/24-008749-002/2024(H5N1)	369	154
PB1|PP755587.1|A/cattle/Texas/24-008749-002/2024(H5N1)	370	155
PB1|PP755587.1|A/cattle/Texas/24-008749-002/2024(H5N1)	371	155
PB1|PP755587.1|A/cattle/Texas/24-008749-002/2024(H5N1)	372	156
PB1|PP755587.1|A/cattle/Texas/24-008749-002/2024(H5N1)	373	157
PB1|PP755587.1|A/cattle/Texas/24-008749-002/2024(H5N1)	374	156
PB1|PP755587.1|A/cattle/Texas/24-008749-002/2024(H5N1)	375	156
PB1|PP755587.1|A/cattle/Texas/24-008749-002/2024(H5N1)	376	155
PB1|PP755587.1|A/cattle/Texas/24-008749-002/2024(H5N1)	377	153
PB1|PP755587.1|A/cattle/Texas/24-008749-002/2024(H5N1)	378	153
PB1|PP755587.1|A/cattle/Texas/24-008749-002/2024(H5N1)	379	153
PB1|PP755587.1|A/cattle/Texas/24-008749-002/2024(H5N1)	380	155
PB1|PP755587.1|A/cattle/Texas/24-008749-002/2024(H5N1)	381	156
PB1|PP755587.1|A/cattle/Texas/24-008749-002/2024(H5N1)	382	154
PB1|PP755587.1|A/cattle/Texas/24-008749-002/2024(H5N1)	383	150
PB1|PP755587.1|A/cattle/Texas/24-008749-002/2024(H5N1)	384	141
PB1|PP755587.1|A/cattle/Texas/24-008749-002/2024(H5N1)	385	140
PB1|PP755587.1|A/cattle/Texas/24-008749-002/2024(H5N1)	386	141
PB1|PP755587.1|A/cattle/Texas/24-008749-002/2024(H5N1)	387	142
PB1|PP755587.1|A/cattle/Texas/24-008749-002/2024(H5N1)	388	142
PB1|PP755587.1|A/cattle/Texas/24-008749-002/2024(H5N1)	389	135
PB1|PP755587.1|A/cattle/Texas/24-008749-002/2024(H5N1)	390	135
PB1|PP755587.1|A/cattle/Texas/24-008749-002/2024(H5N1)	391	135
PB1|PP755587.1|A/cattle/Texas/24-008749-002/2024(H5N1)	392	133
PB1|PP755587.1|A/cattle/Texas/24-008749-002/2024(H5N1)	393	133
PB1|PP755587.1|A/cattle/Texas/24-008749-002/2024(H5N1)	394	134
PB1|PP755587.1|A/cattle/Texas/24-008749-002/2024(H5N1)	395	135
PB1|PP755587.1|A/cattle/Texas/24-008749-002/2024(H5N1)	396	133
PB1|PP755587.1|A/cattle/Texas/24-008749-002/2024(H5N1)	397	129
PB1|PP755587.1|A/cattle/Texas/24-008749-002/2024(H5N1)	398	127
PB1|PP755587.1|A/cattle/Texas/24-008749-002/2024(H5N1)	399	127
PB1|PP755587.1|A/cattle/Texas/24-008749-002/2024(H5N1)	400	127
PB1|PP755587.1|A/cattle/Texas/24-008749-002/2024(H5N1)	401	126
PB1|PP755587.1|A/cattle/Texas/24-008749-002/2024(H5N1)	402	126
PB1|PP755587.1|A/cattle/Texas/24-008749-002/2024(H5N1)	403	123
PB1|PP755587.1|A/cattle/Texas/24-008749-002/2024(H5N1)	404	122
PB1|PP755587.1|A/cattle/Texas/24-008749-002/2024(H5N1)	405	119
PB1|PP755587.1|A/cattle/Texas/24-008749-002/2024(H5N1)	406	115
PB1|PP755587.1|A/cattle/Texas/24-008749-002/2024(H5N1)	407	117
PB1|PP755587.1|A/cattle/Texas/24-008749-002/2024(H5N1)	408	118
PB1|PP755587.1|A/cattle/Texas/24-008749-002/2024(H5N1)	409	116
PB1|PP755587.1|A/cattle/Texas/24-008749-002/2024(H5N1)	410	115
PB1|PP755587.1|A/cattle/Texas/24-008749-002/2024(H5N1)	411	115
PB1|PP755587.1|A/cattle/Texas/24-008749-002/2024(H5N1)	412	114
PB1|PP755587.1|A/cattle/Texas/24-008749-002/2024(H5N1)	413	114
PB1|PP755587.1|A/cattle/Texas/24-008749-002/2024(H5N1)	414	114
PB1|PP755587.1|A/cattle/Texas/24-008749-002/2024(H5N1)	415	114
PB1|PP755587.1|A/cattle/Texas/24-008749-002/2024(H5N1)	416	114
PB1|PP755587.1|A/cattle/Texas/24-008749-002/2024(H5N1)	417	114
PB1|PP755587.1|A/cattle/Texas/24-008749-002/2024(H5N1)	418	114
PB1|PP755587.1|A/cattle/Texas/24-008749-002/2024(H5N1)	419	114
PB1|PP755587.1|A/cattle/Texas/24-008749-002/2024(H5N1)	420	114
PB1|PP755587.1|A/cattle/Texas/24-008749-002/2024(H5N1)	421	113
PB1|PP755587.1|A/cattle/Texas/24-008749-002/2024(H5N1)	422	113
PB1|PP755587.1|A/cattle/Texas/24-008749-002/2024(H5N1)	423	112
PB1|PP755587.1|A/cattle/Texas/24-008749-002/2024(H5N1)	424	112
PB1|PP755587.1|A/cattle/Texas/24-008749-002/2024(H5N1)	425	113
PB1|PP755587.1|A/cattle/Texas/24-008749-002/2024(H5N1)	426	111
PB1|PP755587.1|A/cattle/Texas/24-008749-002/2024(H5N1)	427	113
PB1|PP755587.1|A/cattle/Texas/24-008749-002/2024(H5N1)	428	112
PB1|PP755587.1|A/cattle/Texas/24-008749-002/2024(H5N1)	429	112
PB1|PP755587.1|A/cattle/Texas/24-008749-002/2024(H5N1)	430	113
PB1|PP755587.1|A/cattle/Texas/24-008749-002/2024(H5N1)	431	113
PB1|PP755587.1|A/cattle/Texas/24-008749-002/2024(H5N1)	432	115
PB1|PP755587.1|A/cattle/Texas/24-008749-002/2024(H5N1)	433	114
PB1|PP755587.1|A/cattle/Texas/24-008749-002/2024(H5N1)	434	115
PB1|PP755587.1|A/cattle/Texas/24-008749-002/2024(H5N1)	435	115
PB1|PP755587.1|A/cattle/Texas/24-008749-002/2024(H5N1)	436	114
PB1|PP755587.1|A/cattle/Texas/24-008749-002/2024(H5N1)	437	116
PB1|PP755587.1|A/cattle/Texas/24-008749-002/2024(H5N1)	438	116
PB1|PP755587.1|A/cattle/Texas/24-008749-002/2024(H5N1)	439	116
PB1|PP755587.1|A/cattle/Texas/24-008749-002/2024(H5N1)	440	113
PB1|PP755587.1|A/cattle/Texas/24-008749-002/2024(H5N1)	441	111
PB1|PP755587.1|A/cattle/Texas/24-008749-002/2024(H5N1)	442	120
PB1|PP755587.1|A/cattle/Texas/24-008749-002/2024(H5N1)	443	130
PB1|PP755587.1|A/cattle/Texas/24-008749-002/2024(H5N1)	444	130
PB1|PP755587.1|A/cattle/Texas/24-008749-002/2024(H5N1)	445	130
PB1|PP755587.1|A/cattle/Texas/24-008749-002/2024(H5N1)	446	130
PB1|PP755587.1|A/cattle/Texas/24-008749-002/2024(H5N1)	447	138
PB1|PP755587.1|A/cattle/Texas/24-008749-002/2024(H5N1)	448	136
PB1|PP755587.1|A/cattle/Texas/24-008749-002/2024(H5N1)	449	136
PB1|PP755587.1|A/cattle/Texas/24-008749-002/2024(H5N1)	450	147
PB1|PP755587.1|A/cattle/Texas/24-008749-002/2024(H5N1)	451	140
PB1|PP755587.1|A/cattle/Texas/24-008749-002/2024(H5N1)	452	140
PB1|PP755587.1|A/cattle/Texas/24-008749-002/2024(H5N1)	453	141
PB1|PP755587.1|A/cattle/Texas/24-008749-002/2024(H5N1)	454	141
PB1|PP755587.1|A/cattle/Texas/24-008749-002/2024(H5N1)	455	140
PB1|PP755587.1|A/cattle/Texas/24-008749-002/2024(H5N1)	456	132
PB1|PP755587.1|A/cattle/Texas/24-008749-002/2024(H5N1)	457	132
PB1|PP755587.1|A/cattle/Texas/24-008749-002/2024(H5N1)	458	132
PB1|PP755587.1|A/cattle/Texas/24-008749-002/2024(H5N1)	459	127
PB1|PP755587.1|A/cattle/Texas/24-008749-002/2024(H5N1)	460	129
PB1|PP755587.1|A/cattle/Texas/24-008749-002/2024(H5N1)	461	128
PB1|PP755587.1|A/cattle/Texas/24-008749-002/2024(H5N1)	462	129
PB1|PP755587.1|A/cattle/Texas/24-008749-002/2024(H5N1)	463	129
PB1|PP755587.1|A/cattle/Texas/24-008749-002/2024(H5N1)	464	129
PB1|PP755587.1|A/cattle/Texas/24-008749-002/2024(H5N1)	465	128
PB1|PP755587.1|A/cattle/Texas/24-008749-002/2024(H5N1)	466	128
PB1|PP755587.1|A/cattle/Texas/24-008749-002/2024(H5N1)	467	132
PB1|PP755587.1|A/cattle/Texas/24-008749-002/2024(H5N1)	468	132
PB1|PP755587.1|A/cattle/Texas/24-008749-002/2024(H5N1)	469	132
PB1|PP755587.1|A/cattle/Texas/24-008749-002/2024(H5N1)	470	128
PB1|PP755587.1|A/cattle/Texas/24-008749-002/2024(H5N1)	471	128
PB1|PP755587.1|A/cattle/Texas/24-008749-002/2024(H5N1)	472	128
PB1|PP755587.1|A/cattle/Texas/24-008749-002/2024(H5N1)	473	128
PB1|PP755587.1|A/cattle/Texas/24-008749-002/2024(H5N1)	474	140
PB1|PP755587.1|A/cattle/Texas/24-008749-002/2024(H5N1)	475	140
PB1|PP755587.1|A/cattle/Texas/24-008749-002/2024(H5N1)	476	140
PB1|PP755587.1|A/cattle/Texas/24-008749-002/2024(H5N1)	477	140
PB1|PP755587.1|A/cattle/Texas/24-008749-002/2024(H5N1)	478	141
PB1|PP755587.1|A/cattle/Texas/24-008749-002/2024(H5N1)	479	138
PB1|PP755587.1|A/cattle/Texas/24-008749-002/2024(H5N1)	480	139
PB1|PP755587.1|A/cattle/Texas/24-008749-002/2024(H5N1)	481	139
PB1|PP755587.1|A/cattle/Texas/24-008749-002/2024(H5N1)	482	141
PB1|PP755587.1|A/cattle/Texas/24-008749-002/2024(H5N1)	483	126
PB1|PP755587.1|A/cattle/Texas/24-008749-002/2024(H5N1)	484	124
PB1|PP755587.1|A/cattle/Texas/24-008749-002/2024(H5N1)	485	123
PB1|PP755587.1|A/cattle/Texas/24-008749-002/2024(H5N1)	486	123
PB1|PP755587.1|A/cattle/Texas/24-008749-002/2024(H5N1)	487	124
PB1|PP755587.1|A/cattle/Texas/24-008749-002/2024(H5N1)	488	128
PB1|PP755587.1|A/cattle/Texas/24-008749-002/2024(H5N1)	489	126
PB1|PP755587.1|A/cattle/Texas/24-008749-002/2024(H5N1)	490	127
PB1|PP755587.1|A/cattle/Texas/24-008749-002/2024(H5N1)	491	127
PB1|PP755587.1|A/cattle/Texas/24-008749-002/2024(H5N1)	492	127
PB1|PP755587.1|A/cattle/Texas/24-008749-002/2024(H5N1)	493	127
PB1|PP755587.1|A/cattle/Texas/24-008749-002/2024(H5N1)	494	127
PB1|PP755587.1|A/cattle/Texas/24-008749-002/2024(H5N1)	495	127
PB1|PP755587.1|A/cattle/Texas/24-008749-002/2024(H5N1)	496	128
PB1|PP755587.1|A/cattle/Texas/24-008749-002/2024(H5N1)	497	122
PB1|PP755587.1|A/cattle/Texas/24-008749-002/2024(H5N1)	498	131
PB1|PP755587.1|A/cattle/Texas/24-008749-002/2024(H5N1)	499	131
PB1|PP755587.1|A/cattle/Texas/24-008749-002/2024(H5N1)	500	131
PB1|PP755587.1|A/cattle/Texas/24-008749-002/2024(H5N1)	501	131
PB1|PP755587.1|A/cattle/Texas/24-008749-002/2024(H5N1)	502	134
PB1|PP755587.1|A/cattle/Texas/24-008749-002/2024(H5N1)	503	137
PB1|PP755587.1|A/cattle/Texas/24-008749-002/2024(H5N1)	504	134
PB1|PP755587.1|A/cattle/Texas/24-008749-002/2024(H5N1)	505	133
PB1|PP755587.1|A/cattle/Texas/24-008749-002/2024(H5N1)	506	133
PB1|PP755587.1|A/cattle/Texas/24-008749-002/2024(H5N1)	507	132
PB1|PP755587.1|A/cattle/Texas/24-008749-002/2024(H5N1)	508	133
PB1|PP755587.1|A/cattle/Texas/24-008749-002/2024(H5N1)	509	133
PB1|PP755587.1|A/cattle/Texas/24-008749-002/2024(H5N1)	510	133
PB1|PP755587.1|A/cattle/Texas/24-008749-002/2024(H5N1)	511	135
PB1|PP755587.1|A/cattle/Texas/24-008749-002/2024(H5N1)	512	136
PB1|PP755587.1|A/cattle/Texas/24-008749-002/2024(H5N1)	513	136
PB1|PP755587.1|A/cattle/Texas/24-008749-002/2024(H5N1)	514	136
PB1|PP755587.1|A/cattle/Texas/24-008749-002/2024(H5N1)	515	136
PB1|PP755587.1|A/cattle/Texas/24-008749-002/2024(H5N1)	516	134
PB1|PP755587.1|A/cattle/Texas/24-008749-002/2024(H5N1)	517	135
PB1|PP755587.1|A/cattle/Texas/24-008749-002/2024(H5N1)	518	136
PB1|PP755587.1|A/cattle/Texas/24-008749-002/2024(H5N1)	519	134
PB1|PP755587.1|A/cattle/Texas/24-008749-002/2024(H5N1)	520	131
PB1|PP755587.1|A/cattle/Texas/24-008749-002/2024(H5N1)	521	131
PB1|PP755587.1|A/cattle/Texas/24-008749-002/2024(H5N1)	522	131
PB1|PP755587.1|A/cattle/Texas/24-008749-002/2024(H5N1)	523	135
PB1|PP755587.1|A/cattle/Texas/24-008749-002/2024(H5N1)	524	134
PB1|PP755587.1|A/cattle/Texas/24-008749-002/2024(H5N1)	525	138
PB1|PP755587.1|A/cattle/Texas/24-008749-002/2024(H5N1)	526	135
PB1|PP755587.1|A/cattle/Texas/24-008749-002/2024(H5N1)	527	133
PB1|PP755587.1|A/cattle/Texas/24-008749-002/2024(H5N1)	528	134
PB1|PP755587.1|A/cattle/Texas/24-008749-002/2024(H5N1)	529	135
PB1|PP755587.1|A/cattle/Texas/24-008749-002/2024(H5N1)	530	134
PB1|PP755587.1|A/cattle/Texas/24-008749-002/2024(H5N1)	531	137
PB1|PP755587.1|A/cattle/Texas/24-008749-002/2024(H5N1)	532	136
PB1|PP755587.1|A/cattle/Texas/24-008749-002/2024(H5N1)	533	145
PB1|PP755587.1|A/cattle/Texas/24-008749-002/2024(H5N1)	534	145
PB1|PP755587.1|A/cattle/Texas/24-008749-002/2024(H5N1)	535	145
PB1|PP755587.1|A/cattle/Texas/24-008749-002/2024(H5N1)	536	144
PB1|PP755587.1|A/cattle/Texas/24-008749-002/2024(H5N1)	537	142
PB1|PP755587.1|A/cattle/Texas/24-008749-002/2024(H5N1)	538	145
PB1|PP755587.1|A/cattle/Texas/24-008749-002/2024(H5N1)	539	144
PB1|PP755587.1|A/cattle/Texas/24-008749-002/2024(H5N1)	540	145
PB1|PP755587.1|A/cattle/Texas/24-008749-002/2024(H5N1)	541	144
PB1|PP755587.1|A/cattle/Texas/24-008749-002/2024(H5N1)	542	145
PB1|PP755587.1|A/cattle/Texas/24-008749-002/2024(H5N1)	543	145
PB1|PP755587.1|A/cattle/Texas/24-008749-002/2024(H5N1)	544	145
PB1|PP755587.1|A/cattle/Texas/24-008749-002/2024(H5N1)	545	145
PB1|PP755587.1|A/cattle/Texas/24-008749-002/2024(H5N1)	546	143
PB1|PP755587.1|A/cattle/Texas/24-008749-002/2024(H5N1)	547	145
PB1|PP755587.1|A/cattle/Texas/24-008749-002/2024(H5N1)	548	146
PB1|PP755587.1|A/cattle/Texas/24-008749-002/2024(H5N1)	549	147
PB1|PP755587.1|A/cattle/Texas/24-008749-002/2024(H5N1)	550	147
PB1|PP755587.1|A/cattle/Texas/24-008749-002/2024(H5N1)	551	147
PB1|PP755587.1|A/cattle/Texas/24-008749-002/2024(H5N1)	552	149
PB1|PP755587.1|A/cattle/Texas/24-008749-002/2024(H5N1)	553	149
PB1|PP755587.1|A/cattle/Texas/24-008749-002/2024(H5N1)	554	149
PB1|PP755587.1|A/cattle/Texas/24-008749-002/2024(H5N1)	555	150
PB1|PP755587.1|A/cattle/Texas/24-008749-002/2024(H5N1)	556	150
PB1|PP755587.1|A/cattle/Texas/24-008749-002/2024(H5N1)	557	150
PB1|PP755587.1|A/cattle/Texas/24-008749-002/2024(H5N1)	558	150
PB1|PP755587.1|A/cattle/Texas/24-008749-002/2024(H5N1)	559	150
PB1|PP755587.1|A/cattle/Texas/24-008749-002/2024(H5N1)	560	150
PB1|PP755587.1|A/cattle/Texas/24-008749-002/2024(H5N1)	561	151
PB1|PP755587.1|A/cattle/Texas/24-008749-002/2024(H5N1)	562	151
PB1|PP755587.1|A/cattle/Texas/24-008749-002/2024(H5N1)	563	151
PB1|PP755587.1|A/cattle/Texas/24-008749-002/2024(H5N1)	564	150
PB1|PP755587.1|A/cattle/Texas/24-008749-002/2024(H5N1)	565	151
PB1|PP755587.1|A/cattle/Texas/24-008749-002/2024(H5N1)	566	151
PB1|PP755587.1|A/cattle/Texas/24-008749-002/2024(H5N1)	567	153
PB1|PP755587.1|A/cattle/Texas/24-008749-002/2024(H5N1)	568	153
PB1|PP755587.1|A/cattle/Texas/24-008749-002/2024(H5N1)	569	153
PB1|PP755587.1|A/cattle/Texas/24-008749-002/2024(H5N1)	570	153
PB1|PP755587.1|A/cattle/Texas/24-008749-002/2024(H5N1)	571	153
PB1|PP755587.1|A/cattle/Texas/24-008749-002/2024(H5N1)	572	153
PB1|PP755587.1|A/cattle/Texas/24-008749-002/2024(H5N1)	573	154
PB1|PP755587.1|A/cattle/Texas/24-008749-002/2024(H5N1)	574	154
PB1|PP755587.1|A/cattle/Texas/24-008749-002/2024(H5N1)	575	154
PB1|PP755587.1|A/cattle/Texas/24-008749-002/2024(H5N1)	576	157
PB1|PP755587.1|A/cattle/Texas/24-008749-002/2024(H5N1)	577	157
PB1|PP755587.1|A/cattle/Texas/24-008749-002/2024(H5N1)	578	155
PB1|PP755587.1|A/cattle/Texas/24-008749-002/2024(H5N1)	579	155
PB1|PP755587.1|A/cattle/Texas/24-008749-002/2024(H5N1)	580	155
PB1|PP755587.1|A/cattle/Texas/24-008749-002/2024(H5N1)	581	155
PB1|PP755587.1|A/cattle/Texas/24-008749-002/2024(H5N1)	582	155
PB1|PP755587.1|A/cattle/Texas/24-008749-002/2024(H5N1)	583	155
PB1|PP755587.1|A/cattle/Texas/24-008749-002/2024(H5N1)	584	157
PB1|PP755587.1|A/cattle/Texas/24-008749-002/2024(H5N1)	585	156
PB1|PP755587.1|A/cattle/Texas/24-008749-002/2024(H5N1)	586	156
PB1|PP755587.1|A/cattle/Texas/24-008749-002/2024(H5N1)	587	156
PB1|PP755587.1|A/cattle/Texas/24-008749-002/2024(H5N1)	588	155
PB1|PP755587.1|A/cattle/Texas/24-008749-002/2024(H5N1)	589	158
PB1|PP755587.1|A/cattle/Texas/24-008749-002/2024(H5N1)	590	158
PB1|PP755587.1|A/cattle/Texas/24-008749-002/2024(H5N1)	591	156
PB1|PP755587.1|A/cattle/Texas/24-008749-002/2024(H5N1)	592	150
PB1|PP755587.1|A/cattle/Texas/24-008749-002/2024(H5N1)	593	150
PB1|PP755587.1|A/cattle/Texas/24-008749-002/2024(H5N1)	594	141
PB1|PP755587.1|A/cattle/Texas/24-008749-002/2024(H5N1)	595	140
PB1|PP755587.1|A/cattle/Texas/24-008749-002/2024(H5N1)	596	140
PB1|PP755587.1|A/cattle/Texas/24-008749-002/2024(H5N1)	597	138
PB1|PP755587.1|A/cattle/Texas/24-008749-002/2024(H5N1)	598	129
PB1|PP755587.1|A/cattle/Texas/24-008749-002/2024(H5N1)	599	133
PB1|PP755587.1|A/cattle/Texas/24-008749-002/2024(H5N1)	600	124
PB1|PP755587.1|A/cattle/Texas/24-008749-002/2024(H5N1)	601	123
PB1|PP755587.1|A/cattle/Texas/24-008749-002/2024(H5N1)	602	123
PB1|PP755587.1|A/cattle/Texas/24-008749-002/2024(H5N1)	603	123
PB1|PP755587.1|A/cattle/Texas/24-008749-002/2024(H5N1)	604	123
PB1|PP755587.1|A/cattle/Texas/24-008749-002/2024(H5N1)	605	123
PB1|PP755587.1|A/cattle/Texas/24-008749-002/2024(H5N1)	606	123
PB1|PP755587.1|A/cattle/Texas/24-008749-002/2024(H5N1)	607	125
PB1|PP755587.1|A/cattle/Texas/24-008749-002/2024(H5N1)	608	125
PB1|PP755587.1|A/cattle/Texas/24-008749-002/2024(H5N1)	609	127
PB1|PP755587.1|A/cattle/Texas/24-008749-002/2024(H5N1)	610	125
PB1|PP755587.1|A/cattle/Texas/24-008749-002/2024(H5N1)	611	127
PB1|PP755587.1|A/cattle/Texas/24-008749-002/2024(H5N1)	612	127
PB1|PP755587.1|A/cattle/Texas/24-008749-002/2024(H5N1)	613	128
PB1|PP755587.1|A/cattle/Texas/24-008749-002/2024(H5N1)	614	128
PB1|PP755587.1|A/cattle/Texas/24-008749-002/2024(H5N1)	615	129
PB1|PP755587.1|A/cattle/Texas/24-008749-002/2024(H5N1)	616	129
PB1|PP755587.1|A/cattle/Texas/24-008749-002/2024(H5N1)	617	129
PB1|PP755587.1|A/cattle/Texas/24-008749-002/2024(H5N1)	618	126
PB1|PP755587.1|A/cattle/Texas/24-008749-002/2024(H5N1)	619	129
PB1|PP755587.1|A/cattle/Texas/24-008749-002/2024(H5N1)	620	130
PB1|PP755587.1|A/cattle/Texas/24-008749-002/2024(H5N1)	621	130
PB1|PP755587.1|A/cattle/Texas/24-008749-002/2024(H5N1)	622	130
PB1|PP755587.1|A/cattle/Texas/24-008749-002/2024(H5N1)	623	136
PB1|PP755587.1|A/cattle/Texas/24-008749-002/2024(H5N1)	624	121
PB1|PP755587.1|A/cattle/Texas/24-008749-002/2024(H5N1)	625	121
PB1|PP755587.1|A/cattle/Texas/24-008749-002/2024(H5N1)	626	121
PB1|PP755587.1|A/cattle/Texas/24-008749-002/2024(H5N1)	627	121
PB1|PP755587.1|A/cattle/Texas/24-008749-002/2024(H5N1)	628	121
PB1|PP755587.1|A/cattle/Texas/24-008749-002/2024(H5N1)	629	121
PB1|PP755587.1|A/cattle/Texas/24-008749-002/2024(H5N1)	630	122
PB1|PP755587.1|A/cattle/Texas/24-008749-002/2024(H5N1)	631	121
PB1|PP755587.1|A/cattle/Texas/24-008749-002/2024(H5N1)	632	121
PB1|PP755587.1|A/cattle/Texas/24-008749-002/2024(H5N1)	633	119
PB1|PP755587.1|A/cattle/Texas/24-008749-002/2024(H5N1)	634	119
PB1|PP755587.1|A/cattle/Texas/24-008749-002/2024(H5N1)	635	123
PB1|PP755587.1|A/cattle/Texas/24-008749-002/2024(H5N1)	636	123
PB1|PP755587.1|A/cattle/Texas/24-008749-002/2024(H5N1)	637	124
PB1|PP755587.1|A/cattle/Texas/24-008749-002/2024(H5N1)	638	124
PB1|PP755587.1|A/cattle/Texas/24-008749-002/2024(H5N1)	639	122
PB1|PP755587.1|A/cattle/Texas/24-008749-002/2024(H5N1)	640	122
PB1|PP755587.1|A/cattle/Texas/24-008749-002/2024(H5N1)	641	123
PB1|PP755587.1|A/cattle/Texas/24-008749-002/2024(H5N1)	642	121
PB1|PP755587.1|A/cattle/Texas/24-008749-002/2024(H5N1)	643	121
PB1|PP755587.1|A/cattle/Texas/24-008749-002/2024(H5N1)	644	123
PB1|PP755587.1|A/cattle/Texas/24-008749-002/2024(H5N1)	645	127
PB1|PP755587.1|A/cattle/Texas/24-008749-002/2024(H5N1)	646	127
PB1|PP755587.1|A/cattle/Texas/24-008749-002/2024(H5N1)	647	126
PB1|PP755587.1|A/cattle/Texas/24-008749-002/2024(H5N1)	648	126
PB1|PP755587.1|A/cattle/Texas/24-008749-002/2024(H5N1)	649	117
PB1|PP755587.1|A/cattle/Texas/24-008749-002/2024(H5N1)	650	119
PB1|PP755587.1|A/cattle/Texas/24-008749-002/2024(H5N1)	651	119
PB1|PP755587.1|A/cattle/Texas/24-008749-002/2024(H5N1)	652	118
PB1|PP755587.1|A/cattle/Texas/24-008749-002/2024(H5N1)	653	116
PB1|PP755587.1|A/cattle/Texas/24-008749-002/2024(H5N1)	654	113
PB1|PP755587.1|A/cattle/Texas/24-008749-002/2024(H5N1)	655	113
PB1|PP755587.1|A/cattle/Texas/24-008749-002/2024(H5N1)	656	113
PB1|PP755587.1|A/cattle/Texas/24-008749-002/2024(H5N1)	657	115
PB1|PP755587.1|A/cattle/Texas/24-008749-002/2024(H5N1)	658	118
PB1|PP755587.1|A/cattle/Texas/24-008749-002/2024(H5N1)	659	117
PB1|PP755587.1|A/cattle/Texas/24-008749-002/2024(H5N1)	660	117
PB1|PP755587.1|A/cattle/Texas/24-008749-002/2024(H5N1)	661	113
PB1|PP755587.1|A/cattle/Texas/24-008749-002/2024(H5N1)	662	112
PB1|PP755587.1|A/cattle/Texas/24-008749-002/2024(H5N1)	663	112
PB1|PP755587.1|A/cattle/Texas/24-008749-002/2024(H5N1)	664	112
PB1|PP755587.1|A/cattle/Texas/24-008749-002/2024(H5N1)	665	116
PB1|PP755587.1|A/cattle/Texas/24-008749-002/2024(H5N1)	666	116
PB1|PP755587.1|A/cattle/Texas/24-008749-002/2024(H5N1)	667	119
PB1|PP755587.1|A/cattle/Texas/24-008749-002/2024(H5N1)	668	119
PB1|PP755587.1|A/cattle/Texas/24-008749-002/2024(H5N1)	669	117
PB1|PP755587.1|A/cattle/Texas/24-008749-002/2024(H5N1)	670	117
PB1|PP755587.1|A/cattle/Texas/24-008749-002/2024(H5N1)	671	117
PB1|PP755587.1|A/cattle/Texas/24-008749-002/2024(H5N1)	672	118
PB1|PP755587.1|A/cattle/Texas/24-008749-002/2024(H5N1)	673	117
PB1|PP755587.1|A/cattle/Texas/24-008749-002/2024(H5N1)	674	117
PB1|PP755587.1|A/cattle/Texas/24-008749-002/2024(H5N1)	675	128
PB1|PP755587.1|A/cattle/Texas/24-008749-002/2024(H5N1)	676	124
PB1|PP755587.1|A/cattle/Texas/24-008749-002/2024(H5N1)	677	125
PB1|PP755587.1|A/cattle/Texas/24-008749-002/2024(H5N1)	678	128
PB1|PP755587.1|A/cattle/Texas/24-008749-002/2024(H5N1)	679	127
PB1|PP755587.1|A/cattle/Texas/24-008749-002/2024(H5N1)	680	128
PB1|PP755587.1|A/cattle/Texas/24-008749-002/2024(H5N1)	681	128
PB1|PP755587.1|A/cattle/Texas/24-008749-002/2024(H5N1)	682	123
PB1|PP755587.1|A/cattle/Texas/24-008749-002/2024(H5N1)	683	126
PB1|PP755587.1|A/cattle/Texas/24-008749-002/2024(H5N1)	684	118
PB1|PP755587.1|A/cattle/Texas/24-008749-002/2024(H5N1)	685	119
PB1|PP755587.1|A/cattle/Texas/24-008749-002/2024(H5N1)	686	120
PB1|PP755587.1|A/cattle/Texas/24-008749-002/2024(H5N1)	687	120
PB1|PP755587.1|A/cattle/Texas/24-008749-002/2024(H5N1)	688	123
PB1|PP755587.1|A/cattle/Texas/24-008749-002/2024(H5N1)	689	120
PB1|PP755587.1|A/cattle/Texas/24-008749-002/2024(H5N1)	690	122
PB1|PP755587.1|A/cattle/Texas/24-008749-002/2024(H5N1)	691	120
PB1|PP755587.1|A/cattle/Texas/24-008749-002/2024(H5N1)	692	120
PB1|PP755587.1|A/cattle/Texas/24-008749-002/2024(H5N1)	693	117
PB1|PP755587.1|A/cattle/Texas/24-008749-002/2024(H5N1)	694	114
PB1|PP755587.1|A/cattle/Texas/24-008749-002/2024(H5N1)	695	115
PB1|PP755587.1|A/cattle/Texas/24-008749-002/2024(H5N1)	696	115
PB1|PP755587.1|A/cattle/Texas/24-008749-002/2024(H5N1)	697	115
PB1|PP755587.1|A/cattle/Texas/24-008749-002/2024(H5N1)	698	115
PB1|PP755587.1|A/cattle/Texas/24-008749-002/2024(H5N1)	699	114
PB1|PP755587.1|A/cattle/Texas/24-008749-002/2024(H5N1)	700	113
PB1|PP755587.1|A/cattle/Texas/24-008749-002/2024(H5N1)	701	113
PB1|PP755587.1|A/cattle/Texas/24-008749-002/2024(H5N1)	702	114
PB1|PP755587.1|A/cattle/Texas/24-008749-002/2024(H5N1)	703	113
PB1|PP755587.1|A/cattle/Texas/24-008749-002/2024(H5N1)	704	112
PB1|PP755587.1|A/cattle/Texas/24-008749-002/2024(H5N1)	705	111
PB1|PP755587.1|A/cattle/Texas/24-008749-002/2024(H5N1)	706	111
PB1|PP755587.1|A/cattle/Texas/24-008749-002/2024(H5N1)	707	112
PB1|PP755587.1|A/cattle/Texas/24-008749-002/2024(H5N1)	708	113
PB1|PP755587.1|A/cattle/Texas/24-008749-002/2024(H5N1)	709	112
PB1|PP755587.1|A/cattle/Texas/24-008749-002/2024(H5N1)	710	112
PB1|PP755587.1|A/cattle/Texas/24-008749-002/2024(H5N1)	711	112
PB1|PP755587.1|A/cattle/Texas/24-008749-002/2024(H5N1)	712	111
PB1|PP755587.1|A/cattle/Texas/24-008749-002/2024(H5N1)	713	112
PB1|PP755587.1|A/cattle/Texas/24-008749-002/2024(H5N1)	714	113
PB1|PP755587.1|A/cattle/Texas/24-008749-002/2024(H5N1)	715	112
PB1|PP755587.1|A/cattle/Texas/24-008749-002/2024(H5N1)	716	113
PB1|PP755587.1|A/cattle/Texas/24-008749-002/2024(H5N1)	717	119
PB1|PP755587.1|A/cattle/Texas/24-008749-002/2024(H5N1)	718	120
PB1|PP755587.1|A/cattle/Texas/24-008749-002/2024(H5N1)	719	123
PB1|PP755587.1|A/cattle/Texas/24-008749-002/2024(H5N1)	720	123
PB1|PP755587.1|A/cattle/Texas/24-008749-002/2024(H5N1)	721	123
PB1|PP755587.1|A/cattle/Texas/24-008749-002/2024(H5N1)	722	123
PB1|PP755587.1|A/cattle/Texas/24-008749-002/2024(H5N1)	723	123
PB1|PP755587.1|A/cattle/Texas/24-008749-002/2024(H5N1)	724	123
PB1|PP755587.1|A/cattle/Texas/24-008749-002/2024(H5N1)	725	123
PB1|PP755587.1|A/cattle/Texas/24-008749-002/2024(H5N1)	726	123
PB1|PP755587.1|A/cattle/Texas/24-008749-002/2024(H5N1)	727	121
PB1|PP755587.1|A/cattle/Texas/24-008749-002/2024(H5N1)	728	121
PB1|PP755587.1|A/cattle/Texas/24-008749-002/2024(H5N1)	729	121
PB1|PP755587.1|A/cattle/Texas/24-008749-002/2024(H5N1)	730	121
PB1|PP755587.1|A/cattle/Texas/24-008749-002/2024(H5N1)	731	121
PB1|PP755587.1|A/cattle/Texas/24-008749-002/2024(H5N1)	732	122
PB1|PP755587.1|A/cattle/Texas/24-008749-002/2024(H5N1)	733	121
PB1|PP755587.1|A/cattle/Texas/24-008749-002/2024(H5N1)	734	121
PB1|PP755587.1|A/cattle/Texas/24-008749-002/2024(H5N1)	735	121
PB1|PP755587.1|A/cattle/Texas/24-008749-002/2024(H5N1)	736	121
PB1|PP755587.1|A/cattle/Texas/24-008749-002/2024(H5N1)	737	121
PB1|PP755587.1|A/cattle/Texas/24-008749-002/2024(H5N1)	738	119
PB1|PP755587.1|A/cattle/Texas/24-008749-002/2024(H5N1)	739	119
PB1|PP755587.1|A/cattle/Texas/24-008749-002/2024(H5N1)	740	119
PB1|PP755587.1|A/cattle/Texas/24-008749-002/2024(H5N1)	741	122
PB1|PP755587.1|A/cattle/Texas/24-008749-002/2024(H5N1)	742	122
PB1|PP755587.1|A/cattle/Texas/24-008749-002/2024(H5N1)	743	119
PB1|PP755587.1|A/cattle/Texas/24-008749-002/2024(H5N1)	744	116
PB1|PP755587.1|A/cattle/Texas/24-008749-002/2024(H5N1)	745	116
PB1|PP755587.1|A/cattle/Texas/24-008749-002/2024(H5N1)	746	116
PB1|PP755587.1|A/cattle/Texas/24-008749-002/2024(H5N1)	747	115
PB1|PP755587.1|A/cattle/Texas/24-008749-002/2024(H5N1)	748	115
PB1|PP755587.1|A/cattle/Texas/24-008749-002/2024(H5N1)	749	118
PB1|PP755587.1|A/cattle/Texas/24-008749-002/2024(H5N1)	750	115
PB1|PP755587.1|A/cattle/Texas/24-008749-002/2024(H5N1)	751	115
PB1|PP755587.1|A/cattle/Texas/24-008749-002/2024(H5N1)	752	114
PB1|PP755587.1|A/cattle/Texas/24-008749-002/2024(H5N1)	753	114
PB1|PP755587.1|A/cattle/Texas/24-008749-002/2024(H5N1)	754	114
PB1|PP755587.1|A/cattle/Texas/24-008749-002/2024(H5N1)	755	118
PB1|PP755587.1|A/cattle/Texas/24-008749-002/2024(H5N1)	756	120
PB1|PP755587.1|A/cattle/Texas/24-008749-002/2024(H5N1)	757	120
PB1|PP755587.1|A/cattle/Texas/24-008749-002/2024(H5N1)	758	114
PB1|PP755587.1|A/cattle/Texas/24-008749-002/2024(H5N1)	759	114
PB1|PP755587.1|A/cattle/Texas/24-008749-002/2024(H5N1)	760	112
PB1|PP755587.1|A/cattle/Texas/24-008749-002/2024(H5N1)	761	117
PB1|PP755587.1|A/cattle/Texas/24-008749-002/2024(H5N1)	762	125
PB1|PP755587.1|A/cattle/Texas/24-008749-002/2024(H5N1)	763	132
PB1|PP755587.1|A/cattle/Texas/24-008749-002/2024(H5N1)	764	132
PB1|PP755587.1|A/cattle/Texas/24-008749-002/2024(H5N1)	765	134
PB1|PP755587.1|A/cattle/Texas/24-008749-002/2024(H5N1)	766	135
PB1|PP755587.1|A/cattle/Texas/24-008749-002/2024(H5N1)	767	136
PB1|PP755587.1|A/cattle/Texas/24-008749-002/2024(H5N1)	768	137
PB1|PP755587.1|A/cattle/Texas/24-008749-002/2024(H5N1)	769	137
PB1|PP755587.1|A/cattle/Texas/24-008749-002/2024(H5N1)	770	133
PB1|PP755587.1|A/cattle/Texas/24-008749-002/2024(H5N1)	771	132
PB1|PP755587.1|A/cattle/Texas/24-008749-002/2024(H5N1)	772	132
PB1|PP755587.1|A/cattle/Texas/24-008749-002/2024(H5N1)	773	126
PB1|PP755587.1|A/cattle/Texas/24-008749-002/2024(H5N1)	774	126
PB1|PP755587.1|A/cattle/Texas/24-008749-002/2024(H5N1)	775	126
PB1|PP755587.1|A/cattle/Texas/24-008749-002/2024(H5N1)	776	128
PB1|PP755587.1|A/cattle/Texas/24-008749-002/2024(H5N1)	777	128
PB1|PP755587.1|A/cattle/Texas/24-008749-002/2024(H5N1)	778	129
PB1|PP755587.1|A/cattle/Texas/24-008749-002/2024(H5N1)	779	129
PB1|PP755587.1|A/cattle/Texas/24-008749-002/2024(H5N1)	780	128
PB1|PP755587.1|A/cattle/Texas/24-008749-002/2024(H5N1)	781	129
PB1|PP755587.1|A/cattle/Texas/24-008749-002/2024(H5N1)	782	129
PB1|PP755587.1|A/cattle/Texas/24-008749-002/2024(H5N1)	783	135
PB1|PP755587.1|A/cattle/Texas/24-008749-002/2024(H5N1)	784	132
PB1|PP755587.1|A/cattle/Texas/24-008749-002/2024(H5N1)	785	131
PB1|PP755587.1|A/cattle/Texas/24-008749-002/2024(H5N1)	786	132
PB1|PP755587.1|A/cattle/Texas/24-008749-002/2024(H5N1)	787	133
PB1|PP755587.1|A/cattle/Texas/24-008749-002/2024(H5N1)	788	133
PB1|PP755587.1|A/cattle/Texas/24-008749-002/2024(H5N1)	789	140
PB1|PP755587.1|A/cattle/Texas/24-008749-002/2024(H5N1)	790	140
PB1|PP755587.1|A/cattle/Texas/24-008749-002/2024(H5N1)	791	140
PB1|PP755587.1|A/cattle/Texas/24-008749-002/2024(H5N1)	792	139
PB1|PP755587.1|A/cattle/Texas/24-008749-002/2024(H5N1)	793	144
PB1|PP755587.1|A/cattle/Texas/24-008749-002/2024(H5N1)	794	145
PB1|PP755587.1|A/cattle/Texas/24-008749-002/2024(H5N1)	795	143
PB1|PP755587.1|A/cattle/Texas/24-008749-002/2024(H5N1)	796	142
PB1|PP755587.1|A/cattle/Texas/24-008749-002/2024(H5N1)	797	142
PB1|PP755587.1|A/cattle/Texas/24-008749-002/2024(H5N1)	798	142
PB1|PP755587.1|A/cattle/Texas/24-008749-002/2024(H5N1)	799	142
PB1|PP755587.1|A/cattle/Texas/24-008749-002/2024(H5N1)	800	144
PB1|PP755587.1|A/cattle/Texas/24-008749-002/2024(H5N1)	801	142
PB1|PP755587.1|A/cattle/Texas/24-008749-002/2024(H5N1)	802	140
PB1|PP755587.1|A/cattle/Texas/24-008749-002/2024(H5N1)	803	140
PB1|PP755587.1|A/cattle/Texas/24-008749-002/2024(H5N1)	804	140
PB1|PP755587.1|A/cattle/Texas/24-008749-002/2024(H5N1)	805	140
PB1|PP755587.1|A/cattle/Texas/24-008749-002/2024(H5N1)	806	140
PB1|PP755587.1|A/cattle/Texas/24-008749-002/2024(H5N1)	807	141
PB1|PP755587.1|A/cattle/Texas/24-008749-002/2024(H5N1)	808	139
PB1|PP755587.1|A/cattle/Texas/24-008749-002/2024(H5N1)	809	137
PB1|PP755587.1|A/cattle/Texas/24-008749-002/2024(H5N1)	810	138
PB1|PP755587.1|A/cattle/Texas/24-008749-002/2024(H5N1)	811	138
PB1|PP755587.1|A/cattle/Texas/24-008749-002/2024(H5N1)	812	138
PB1|PP755587.1|A/cattle/Texas/24-008749-002/2024(H5N1)	813	138
PB1|PP755587.1|A/cattle/Texas/24-008749-002/2024(H5N1)	814	138
PB1|PP755587.1|A/cattle/Texas/24-008749-002/2024(H5N1)	815	138
PB1|PP755587.1|A/cattle/Texas/24-008749-002/2024(H5N1)	816	134
PB1|PP755587.1|A/cattle/Texas/24-008749-002/2024(H5N1)	817	136
PB1|PP755587.1|A/cattle/Texas/24-008749-002/2024(H5N1)	818	133
PB1|PP755587.1|A/cattle/Texas/24-008749-002/2024(H5N1)	819	134
PB1|PP755587.1|A/cattle/Texas/24-008749-002/2024(H5N1)	820	133
PB1|PP755587.1|A/cattle/Texas/24-008749-002/2024(H5N1)	821	133
PB1|PP755587.1|A/cattle/Texas/24-008749-002/2024(H5N1)	822	133
PB1|PP755587.1|A/cattle/Texas/24-008749-002/2024(H5N1)	823	134
PB1|PP755587.1|A/cattle/Texas/24-008749-002/2024(H5N1)	824	126
PB1|PP755587.1|A/cattle/Texas/24-008749-002/2024(H5N1)	825	124
PB1|PP755587.1|A/cattle/Texas/24-008749-002/2024(H5N1)	826	124
PB1|PP755587.1|A/cattle/Texas/24-008749-002/2024(H5N1)	827	123
PB1|PP755587.1|A/cattle/Texas/24-008749-002/2024(H5N1)	828	124
PB1|PP755587.1|A/cattle/Texas/24-008749-002/2024(H5N1)	829	121
PB1|PP755587.1|A/cattle/Texas/24-008749-002/2024(H5N1)	830	123
PB1|PP755587.1|A/cattle/Texas/24-008749-002/2024(H5N1)	831	122
PB1|PP755587.1|A/cattle/Texas/24-008749-002/2024(H5N1)	832	122
PB1|PP755587.1|A/cattle/Texas/24-008749-002/2024(H5N1)	833	122
PB1|PP755587.1|A/cattle/Texas/24-008749-002/2024(H5N1)	834	120
PB1|PP755587.1|A/cattle/Texas/24-008749-002/2024(H5N1)	835	119
PB1|PP755587.1|A/cattle/Texas/24-008749-002/2024(H5N1)	836	117
PB1|PP755587.1|A/cattle/Texas/24-008749-002/2024(H5N1)	837	117
PB1|PP755587.1|A/cattle/Texas/24-008749-002/2024(H5N1)	838	117
PB1|PP755587.1|A/cattle/Texas/24-008749-002/2024(H5N1)	839	117
PB1|PP755587.1|A/cattle/Texas/24-008749-002/2024(H5N1)	840	122
PB1|PP755587.1|A/cattle/Texas/24-008749-002/2024(H5N1)	841	120
PB1|PP755587.1|A/cattle/Texas/24-008749-002/2024(H5N1)	842	120
PB1|PP755587.1|A/cattle/Texas/24-008749-002/2024(H5N1)	843	120
PB1|PP755587.1|A/cattle/Texas/24-008749-002/2024(H5N1)	844	120
PB1|PP755587.1|A/cattle/Texas/24-008749-002/2024(H5N1)	845	120
PB1|PP755587.1|A/cattle/Texas/24-008749-002/2024(H5N1)	846	119
PB1|PP755587.1|A/cattle/Texas/24-008749-002/2024(H5N1)	847	119
PB1|PP755587.1|A/cattle/Texas/24-008749-002/2024(H5N1)	848	120
PB1|PP755587.1|A/cattle/Texas/24-008749-002/2024(H5N1)	849	119
PB1|PP755587.1|A/cattle/Texas/24-008749-002/2024(H5N1)	850	119
PB1|PP755587.1|A/cattle/Texas/24-008749-002/2024(H5N1)	851	119
PB1|PP755587.1|A/cattle/Texas/24-008749-002/2024(H5N1)	852	122
PB1|PP755587.1|A/cattle/Texas/24-008749-002/2024(H5N1)	853	120
PB1|PP755587.1|A/cattle/Texas/24-008749-002/2024(H5N1)	854	120
PB1|PP755587.1|A/cattle/Texas/24-008749-002/2024(H5N1)	855	120
PB1|PP755587.1|A/cattle/Texas/24-008749-002/2024(H5N1)	856	120
PB1|PP755587.1|A/cattle/Texas/24-008749-002/2024(H5N1)	857	123
PB1|PP755587.1|A/cattle/Texas/24-008749-002/2024(H5N1)	858	123
PB1|PP755587.1|A/cattle/Texas/24-008749-002/2024(H5N1)	859	123
PB1|PP755587.1|A/cattle/Texas/24-008749-002/2024(H5N1)	860	123
PB1|PP755587.1|A/cattle/Texas/24-008749-002/2024(H5N1)	861	123
PB1|PP755587.1|A/cattle/Texas/24-008749-002/2024(H5N1)	862	123
PB1|PP755587.1|A/cattle/Texas/24-008749-002/2024(H5N1)	863	122
PB1|PP755587.1|A/cattle/Texas/24-008749-002/2024(H5N1)	864	121
PB1|PP755587.1|A/cattle/Texas/24-008749-002/2024(H5N1)	865	121
PB1|PP755587.1|A/cattle/Texas/24-008749-002/2024(H5N1)	866	121
PB1|PP755587.1|A/cattle/Texas/24-008749-002/2024(H5N1)	867	126
PB1|PP755587.1|A/cattle/Texas/24-008749-002/2024(H5N1)	868	118
PB1|PP755587.1|A/cattle/Texas/24-008749-002/2024(H5N1)	869	117
PB1|PP755587.1|A/cattle/Texas/24-008749-002/2024(H5N1)	870	114
PB1|PP755587.1|A/cattle/Texas/24-008749-002/2024(H5N1)	871	116
PB1|PP755587.1|A/cattle/Texas/24-008749-002/2024(H5N1)	872	116
PB1|PP755587.1|A/cattle/Texas/24-008749-002/2024(H5N1)	873	118
PB1|PP755587.1|A/cattle/Texas/24-008749-002/2024(H5N1)	874	121
PB1|PP755587.1|A/cattle/Texas/24-008749-002/2024(H5N1)	875	120
PB1|PP755587.1|A/cattle/Texas/24-008749-002/2024(H5N1)	876	120
PB1|PP755587.1|A/cattle/Texas/24-008749-002/2024(H5N1)	877	120
PB1|PP755587.1|A/cattle/Texas/24-008749-002/2024(H5N1)	878	126
PB1|PP755587.1|A/cattle/Texas/24-008749-002/2024(H5N1)	879	126
PB1|PP755587.1|A/cattle/Texas/24-008749-002/2024(H5N1)	880	126
PB1|PP755587.1|A/cattle/Texas/24-008749-002/2024(H5N1)	881	126
PB1|PP755587.1|A/cattle/Texas/24-008749-002/2024(H5N1)	882	127
PB1|PP755587.1|A/cattle/Texas/24-008749-002/2024(H5N1)	883	127
PB1|PP755587.1|A/cattle/Texas/24-008749-002/2024(H5N1)	884	131
PB1|PP755587.1|A/cattle/Texas/24-008749-002/2024(H5N1)	885	131
PB1|PP755587.1|A/cattle/Texas/24-008749-002/2024(H5N1)	886	127
PB1|PP755587.1|A/cattle/Texas/24-008749-002/2024(H5N1)	887	127
PB1|PP755587.1|A/cattle/Texas/24-008749-002/2024(H5N1)	888	127
PB1|PP755587.1|A/cattle/Texas/24-008749-002/2024(H5N1)	889	126
PB1|PP755587.1|A/cattle/Texas/24-008749-002/2024(H5N1)	890	130
PB1|PP755587.1|A/cattle/Texas/24-008749-002/2024(H5N1)	891	130
PB1|PP755587.1|A/cattle/Texas/24-008749-002/2024(H5N1)	892	127
PB1|PP755587.1|A/cattle/Texas/24-008749-002/2024(H5N1)	893	133
PB1|PP755587.1|A/cattle/Texas/24-008749-002/2024(H5N1)	894	133
PB1|PP755587.1|A/cattle/Texas/24-008749-002/2024(H5N1)	895	134
PB1|PP755587.1|A/cattle/Texas/24-008749-002/2024(H5N1)	896	134
PB1|PP755587.1|A/cattle/Texas/24-008749-002/2024(H5N1)	897	144
PB1|PP755587.1|A/cattle/Texas/24-008749-002/2024(H5N1)	898	145
PB1|PP755587.1|A/cattle/Texas/24-008749-002/2024(H5N1)	899	145
PB1|PP755587.1|A/cattle/Texas/24-008749-002/2024(H5N1)	900	142
PB1|PP755587.1|A/cattle/Texas/24-008749-002/2024(H5N1)	901	142
PB1|PP755587.1|A/cattle/Texas/24-008749-002/2024(H5N1)	902	143
PB1|PP755587.1|A/cattle/Texas/24-008749-002/2024(H5N1)	903	143
PB1|PP755587.1|A/cattle/Texas/24-008749-002/2024(H5N1)	904	144
PB1|PP755587.1|A/cattle/Texas/24-008749-002/2024(H5N1)	905	142
PB1|PP755587.1|A/cattle/Texas/24-008749-002/2024(H5N1)	906	138
PB1|PP755587.1|A/cattle/Texas/24-008749-002/2024(H5N1)	907	140
PB1|PP755587.1|A/cattle/Texas/24-008749-002/2024(H5N1)	908	140
PB1|PP755587.1|A/cattle/Texas/24-008749-002/2024(H5N1)	909	140
PB1|PP755587.1|A/cattle/Texas/24-008749-002/2024(H5N1)	910	140
PB1|PP755587.1|A/cattle/Texas/24-008749-002/2024(H5N1)	911	137
PB1|PP755587.1|A/cattle/Texas/24-008749-002/2024(H5N1)	912	134
PB1|PP755587.1|A/cattle/Texas/24-008749-002/2024(H5N1)	913	124
PB1|PP755587.1|A/cattle/Texas/24-008749-002/2024(H5N1)	914	125
PB1|PP755587.1|A/cattle/Texas/24-008749-002/2024(H5N1)	915	123
PB1|PP755587.1|A/cattle/Texas/24-008749-002/2024(H5N1)	916	121
PB1|PP755587.1|A/cattle/Texas/24-008749-002/2024(H5N1)	917	119
PB1|PP755587.1|A/cattle/Texas/24-008749-002/2024(H5N1)	918	118
PB1|PP755587.1|A/cattle/Texas/24-008749-002/2024(H5N1)	919	118
PB1|PP755587.1|A/cattle/Texas/24-008749-002/2024(H5N1)	920	122
PB1|PP755587.1|A/cattle/Texas/24-008749-002/2024(H5N1)	921	122
PB1|PP755587.1|A/cattle/Texas/24-008749-002/2024(H5N1)	922	122
PB1|PP755587.1|A/cattle/Texas/24-008749-002/2024(H5N1)	923	122
PB1|PP755587.1|A/cattle/Texas/24-008749-002/2024(H5N1)	924	122
PB1|PP755587.1|A/cattle/Texas/24-008749-002/2024(H5N1)	925	124
PB1|PP755587.1|A/cattle/Texas/24-008749-002/2024(H5N1)	926	125
PB1|PP755587.1|A/cattle/Texas/24-008749-002/2024(H5N1)	927	124
PB1|PP755587.1|A/cattle/Texas/24-008749-002/2024(H5N1)	928	124
PB1|PP755587.1|A/cattle/Texas/24-008749-002/2024(H5N1)	929	123
PB1|PP755587.1|A/cattle/Texas/24-008749-002/2024(H5N1)	930	124
PB1|PP755587.1|A/cattle/Texas/24-008749-002/2024(H5N1)	931	128
PB1|PP755587.1|A/cattle/Texas/24-008749-002/2024(H5N1)	932	128
PB1|PP755587.1|A/cattle/Texas/24-008749-002/2024(H5N1)	933	123
PB1|PP755587.1|A/cattle/Texas/24-008749-002/2024(H5N1)	934	122
PB1|PP755587.1|A/cattle/Texas/24-008749-002/2024(H5N1)	935	122
PB1|PP755587.1|A/cattle/Texas/24-008749-002/2024(H5N1)	936	122
PB1|PP755587.1|A/cattle/Texas/24-008749-002/2024(H5N1)	937	122
PB1|PP755587.1|A/cattle/Texas/24-008749-002/2024(H5N1)	938	121
PB1|PP755587.1|A/cattle/Texas/24-008749-002/2024(H5N1)	939	111
PB1|PP755587.1|A/cattle/Texas/24-008749-002/2024(H5N1)	940	111
PB1|PP755587.1|A/cattle/Texas/24-008749-002/2024(H5N1)	941	111
PB1|PP755587.1|A/cattle/Texas/24-008749-002/2024(H5N1)	942	111
PB1|PP755587.1|A/cattle/Texas/24-008749-002/2024(H5N1)	943	111
PB1|PP755587.1|A/cattle/Texas/24-008749-002/2024(H5N1)	944	105
PB1|PP755587.1|A/cattle/Texas/24-008749-002/2024(H5N1)	945	103
PB1|PP755587.1|A/cattle/Texas/24-008749-002/2024(H5N1)	946	104
PB1|PP755587.1|A/cattle/Texas/24-008749-002/2024(H5N1)	947	104
PB1|PP755587.1|A/cattle/Texas/24-008749-002/2024(H5N1)	948	104
PB1|PP755587.1|A/cattle/Texas/24-008749-002/2024(H5N1)	949	104
PB1|PP755587.1|A/cattle/Texas/24-008749-002/2024(H5N1)	950	104
PB1|PP755587.1|A/cattle/Texas/24-008749-002/2024(H5N1)	951	102
PB1|PP755587.1|A/cattle/Texas/24-008749-002/2024(H5N1)	952	102
PB1|PP755587.1|A/cattle/Texas/24-008749-002/2024(H5N1)	953	101
PB1|PP755587.1|A/cattle/Texas/24-008749-002/2024(H5N1)	954	104
PB1|PP755587.1|A/cattle/Texas/24-008749-002/2024(H5N1)	955	104
PB1|PP755587.1|A/cattle/Texas/24-008749-002/2024(H5N1)	956	105
PB1|PP755587.1|A/cattle/Texas/24-008749-002/2024(H5N1)	957	104
PB1|PP755587.1|A/cattle/Texas/24-008749-002/2024(H5N1)	958	104
PB1|PP755587.1|A/cattle/Texas/24-008749-002/2024(H5N1)	959	104
PB1|PP755587.1|A/cattle/Texas/24-008749-002/2024(H5N1)	960	103
PB1|PP755587.1|A/cattle/Texas/24-008749-002/2024(H5N1)	961	103
PB1|PP755587.1|A/cattle/Texas/24-008749-002/2024(H5N1)	962	103
PB1|PP755587.1|A/cattle/Texas/24-008749-002/2024(H5N1)	963	101
PB1|PP755587.1|A/cattle/Texas/24-008749-002/2024(H5N1)	964	101
PB1|PP755587.1|A/cattle/Texas/24-008749-002/2024(H5N1)	965	101
PB1|PP755587.1|A/cattle/Texas/24-008749-002/2024(H5N1)	966	101
PB1|PP755587.1|A/cattle/Texas/24-008749-002/2024(H5N1)	967	100
PB1|PP755587.1|A/cattle/Texas/24-008749-002/2024(H5N1)	968	100
PB1|PP755587.1|A/cattle/Texas/24-008749-002/2024(H5N1)	969	100
PB1|PP755587.1|A/cattle/Texas/24-008749-002/2024(H5N1)	970	100
PB1|PP755587.1|A/cattle/Texas/24-008749-002/2024(H5N1)	971	100
PB1|PP755587.1|A/cattle/Texas/24-008749-002/2024(H5N1)	972	100
PB1|PP755587.1|A/cattle/Texas/24-008749-002/2024(H5N1)	973	99
PB1|PP755587.1|A/cattle/Texas/24-008749-002/2024(H5N1)	974	99
PB1|PP755587.1|A/cattle/Texas/24-008749-002/2024(H5N1)	975	101
PB1|PP755587.1|A/cattle/Texas/24-008749-002/2024(H5N1)	976	102
PB1|PP755587.1|A/cattle/Texas/24-008749-002/2024(H5N1)	977	102
PB1|PP755587.1|A/cattle/Texas/24-008749-002/2024(H5N1)	978	102
PB1|PP755587.1|A/cattle/Texas/24-008749-002/2024(H5N1)	979	100
PB1|PP755587.1|A/cattle/Texas/24-008749-002/2024(H5N1)	980	100
PB1|PP755587.1|A/cattle/Texas/24-008749-002/2024(H5N1)	981	99
PB1|PP755587.1|A/cattle/Texas/24-008749-002/2024(H5N1)	982	102
PB1|PP755587.1|A/cattle/Texas/24-008749-002/2024(H5N1)	983	103
PB1|PP755587.1|A/cattle/Texas/24-008749-002/2024(H5N1)	984	103
PB1|PP755587.1|A/cattle/Texas/24-008749-002/2024(H5N1)	985	103
PB1|PP755587.1|A/cattle/Texas/24-008749-002/2024(H5N1)	986	103
PB1|PP755587.1|A/cattle/Texas/24-008749-002/2024(H5N1)	987	103
PB1|PP755587.1|A/cattle/Texas/24-008749-002/2024(H5N1)	988	103
PB1|PP755587.1|A/cattle/Texas/24-008749-002/2024(H5N1)	989	103
PB1|PP755587.1|A/cattle/Texas/24-008749-002/2024(H5N1)	990	100
PB1|PP755587.1|A/cattle/Texas/24-008749-002/2024(H5N1)	991	94
PB1|PP755587.1|A/cattle/Texas/24-008749-002/2024(H5N1)	992	94
PB1|PP755587.1|A/cattle/Texas/24-008749-002/2024(H5N1)	993	94
PB1|PP755587.1|A/cattle/Texas/24-008749-002/2024(H5N1)	994	97
PB1|PP755587.1|A/cattle/Texas/24-008749-002/2024(H5N1)	995	97
PB1|PP755587.1|A/cattle/Texas/24-008749-002/2024(H5N1)	996	97
PB1|PP755587.1|A/cattle/Texas/24-008749-002/2024(H5N1)	997	97
PB1|PP755587.1|A/cattle/Texas/24-008749-002/2024(H5N1)	998	96
PB1|PP755587.1|A/cattle/Texas/24-008749-002/2024(H5N1)	999	99
PB1|PP755587.1|A/cattle/Texas/24-008749-002/2024(H5N1)	1000	98
PB1|PP755587.1|A/cattle/Texas/24-008749-002/2024(H5N1)	1001	98
PB1|PP755587.1|A/cattle/Texas/24-008749-002/2024(H5N1)	1002	98
PB1|PP755587.1|A/cattle/Texas/24-008749-002/2024(H5N1)	1003	96
PB1|PP755587.1|A/cattle/Texas/24-008749-002/2024(H5N1)	1004	96
PB1|PP755587.1|A/cattle/Texas/24-008749-002/2024(H5N1)	1005	97
PB1|PP755587.1|A/cattle/Texas/24-008749-002/2024(H5N1)	1006	98
PB1|PP755587.1|A/cattle/Texas/24-008749-002/2024(H5N1)	1007	98
PB1|PP755587.1|A/cattle/Texas/24-008749-002/2024(H5N1)	1008	95
PB1|PP755587.1|A/cattle/Texas/24-008749-002/2024(H5N1)	1009	101
PB1|PP755587.1|A/cattle/Texas/24-008749-002/2024(H5N1)	1010	100
PB1|PP755587.1|A/cattle/Texas/24-008749-002/2024(H5N1)	1011	100
PB1|PP755587.1|A/cattle/Texas/24-008749-002/2024(H5N1)	1012	100
PB1|PP755587.1|A/cattle/Texas/24-008749-002/2024(H5N1)	1013	100
PB1|PP755587.1|A/cattle/Texas/24-008749-002/2024(H5N1)	1014	105
PB1|PP755587.1|A/cattle/Texas/24-008749-002/2024(H5N1)	1015	105
PB1|PP755587.1|A/cattle/Texas/24-008749-002/2024(H5N1)	1016	105
PB1|PP755587.1|A/cattle/Texas/24-008749-002/2024(H5N1)	1017	105
PB1|PP755587.1|A/cattle/Texas/24-008749-002/2024(H5N1)	1018	99
PB1|PP755587.1|A/cattle/Texas/24-008749-002/2024(H5N1)	1019	104
PB1|PP755587.1|A/cattle/Texas/24-008749-002/2024(H5N1)	1020	104
PB1|PP755587.1|A/cattle/Texas/24-008749-002/2024(H5N1)	1021	104
PB1|PP755587.1|A/cattle/Texas/24-008749-002/2024(H5N1)	1022	105
PB1|PP755587.1|A/cattle/Texas/24-008749-002/2024(H5N1)	1023	98
PB1|PP755587.1|A/cattle/Texas/24-008749-002/2024(H5N1)	1024	98
PB1|PP755587.1|A/cattle/Texas/24-008749-002/2024(H5N1)	1025	95
PB1|PP755587.1|A/cattle/Texas/24-008749-002/2024(H5N1)	1026	97
PB1|PP755587.1|A/cattle/Texas/24-008749-002/2024(H5N1)	1027	96
PB1|PP755587.1|A/cattle/Texas/24-008749-002/2024(H5N1)	1028	91
PB1|PP755587.1|A/cattle/Texas/24-008749-002/2024(H5N1)	1029	93
PB1|PP755587.1|A/cattle/Texas/24-008749-002/2024(H5N1)	1030	92
PB1|PP755587.1|A/cattle/Texas/24-008749-002/2024(H5N1)	1031	99
PB1|PP755587.1|A/cattle/Texas/24-008749-002/2024(H5N1)	1032	102
PB1|PP755587.1|A/cattle/Texas/24-008749-002/2024(H5N1)	1033	100
PB1|PP755587.1|A/cattle/Texas/24-008749-002/2024(H5N1)	1034	112
PB1|PP755587.1|A/cattle/Texas/24-008749-002/2024(H5N1)	1035	110
PB1|PP755587.1|A/cattle/Texas/24-008749-002/2024(H5N1)	1036	110
PB1|PP755587.1|A/cattle/Texas/24-008749-002/2024(H5N1)	1037	110
PB1|PP755587.1|A/cattle/Texas/24-008749-002/2024(H5N1)	1038	110
PB1|PP755587.1|A/cattle/Texas/24-008749-002/2024(H5N1)	1039	110
PB1|PP755587.1|A/cattle/Texas/24-008749-002/2024(H5N1)	1040	110
PB1|PP755587.1|A/cattle/Texas/24-008749-002/2024(H5N1)	1041	110
PB1|PP755587.1|A/cattle/Texas/24-008749-002/2024(H5N1)	1042	110
PB1|PP755587.1|A/cattle/Texas/24-008749-002/2024(H5N1)	1043	107
PB1|PP755587.1|A/cattle/Texas/24-008749-002/2024(H5N1)	1044	106
PB1|PP755587.1|A/cattle/Texas/24-008749-002/2024(H5N1)	1045	105
PB1|PP755587.1|A/cattle/Texas/24-008749-002/2024(H5N1)	1046	104
PB1|PP755587.1|A/cattle/Texas/24-008749-002/2024(H5N1)	1047	99
PB1|PP755587.1|A/cattle/Texas/24-008749-002/2024(H5N1)	1048	99
PB1|PP755587.1|A/cattle/Texas/24-008749-002/2024(H5N1)	1049	101
PB1|PP755587.1|A/cattle/Texas/24-008749-002/2024(H5N1)	1050	101
PB1|PP755587.1|A/cattle/Texas/24-008749-002/2024(H5N1)	1051	101
PB1|PP755587.1|A/cattle/Texas/24-008749-002/2024(H5N1)	1052	101
PB1|PP755587.1|A/cattle/Texas/24-008749-002/2024(H5N1)	1053	100
PB1|PP755587.1|A/cattle/Texas/24-008749-002/2024(H5N1)	1054	101
PB1|PP755587.1|A/cattle/Texas/24-008749-002/2024(H5N1)	1055	105
PB1|PP755587.1|A/cattle/Texas/24-008749-002/2024(H5N1)	1056	105
PB1|PP755587.1|A/cattle/Texas/24-008749-002/2024(H5N1)	1057	106
PB1|PP755587.1|A/cattle/Texas/24-008749-002/2024(H5N1)	1058	105
PB1|PP755587.1|A/cattle/Texas/24-008749-002/2024(H5N1)	1059	105
PB1|PP755587.1|A/cattle/Texas/24-008749-002/2024(H5N1)	1060	105
PB1|PP755587.1|A/cattle/Texas/24-008749-002/2024(H5N1)	1061	106
PB1|PP755587.1|A/cattle/Texas/24-008749-002/2024(H5N1)	1062	111
PB1|PP755587.1|A/cattle/Texas/24-008749-002/2024(H5N1)	1063	112
PB1|PP755587.1|A/cattle/Texas/24-008749-002/2024(H5N1)	1064	112
PB1|PP755587.1|A/cattle/Texas/24-008749-002/2024(H5N1)	1065	114
PB1|PP755587.1|A/cattle/Texas/24-008749-002/2024(H5N1)	1066	114
PB1|PP755587.1|A/cattle/Texas/24-008749-002/2024(H5N1)	1067	114
PB1|PP755587.1|A/cattle/Texas/24-008749-002/2024(H5N1)	1068	116
PB1|PP755587.1|A/cattle/Texas/24-008749-002/2024(H5N1)	1069	115
PB1|PP755587.1|A/cattle/Texas/24-008749-002/2024(H5N1)	1070	115
PB1|PP755587.1|A/cattle/Texas/24-008749-002/2024(H5N1)	1071	111
PB1|PP755587.1|A/cattle/Texas/24-008749-002/2024(H5N1)	1072	111
PB1|PP755587.1|A/cattle/Texas/24-008749-002/2024(H5N1)	1073	118
PB1|PP755587.1|A/cattle/Texas/24-008749-002/2024(H5N1)	1074	118
PB1|PP755587.1|A/cattle/Texas/24-008749-002/2024(H5N1)	1075	119
PB1|PP755587.1|A/cattle/Texas/24-008749-002/2024(H5N1)	1076	120
PB1|PP755587.1|A/cattle/Texas/24-008749-002/2024(H5N1)	1077	119
PB1|PP755587.1|A/cattle/Texas/24-008749-002/2024(H5N1)	1078	119
PB1|PP755587.1|A/cattle/Texas/24-008749-002/2024(H5N1)	1079	119
PB1|PP755587.1|A/cattle/Texas/24-008749-002/2024(H5N1)	1080	119
PB1|PP755587.1|A/cattle/Texas/24-008749-002/2024(H5N1)	1081	118
PB1|PP755587.1|A/cattle/Texas/24-008749-002/2024(H5N1)	1082	119
PB1|PP755587.1|A/cattle/Texas/24-008749-002/2024(H5N1)	1083	118
PB1|PP755587.1|A/cattle/Texas/24-008749-002/2024(H5N1)	1084	118
PB1|PP755587.1|A/cattle/Texas/24-008749-002/2024(H5N1)	1085	118
PB1|PP755587.1|A/cattle/Texas/24-008749-002/2024(H5N1)	1086	122
PB1|PP755587.1|A/cattle/Texas/24-008749-002/2024(H5N1)	1087	124
PB1|PP755587.1|A/cattle/Texas/24-008749-002/2024(H5N1)	1088	123
PB1|PP755587.1|A/cattle/Texas/24-008749-002/2024(H5N1)	1089	123
PB1|PP755587.1|A/cattle/Texas/24-008749-002/2024(H5N1)	1090	124
PB1|PP755587.1|A/cattle/Texas/24-008749-002/2024(H5N1)	1091	124
PB1|PP755587.1|A/cattle/Texas/24-008749-002/2024(H5N1)	1092	124
PB1|PP755587.1|A/cattle/Texas/24-008749-002/2024(H5N1)	1093	124
PB1|PP755587.1|A/cattle/Texas/24-008749-002/2024(H5N1)	1094	127
PB1|PP755587.1|A/cattle/Texas/24-008749-002/2024(H5N1)	1095	127
PB1|PP755587.1|A/cattle/Texas/24-008749-002/2024(H5N1)	1096	125
PB1|PP755587.1|A/cattle/Texas/24-008749-002/2024(H5N1)	1097	125
PB1|PP755587.1|A/cattle/Texas/24-008749-002/2024(H5N1)	1098	125
PB1|PP755587.1|A/cattle/Texas/24-008749-002/2024(H5N1)	1099	125
PB1|PP755587.1|A/cattle/Texas/24-008749-002/2024(H5N1)	1100	125
PB1|PP755587.1|A/cattle/Texas/24-008749-002/2024(H5N1)	1101	125
PB1|PP755587.1|A/cattle/Texas/24-008749-002/2024(H5N1)	1102	126
PB1|PP755587.1|A/cattle/Texas/24-008749-002/2024(H5N1)	1103	122
PB1|PP755587.1|A/cattle/Texas/24-008749-002/2024(H5N1)	1104	124
PB1|PP755587.1|A/cattle/Texas/24-008749-002/2024(H5N1)	1105	124
PB1|PP755587.1|A/cattle/Texas/24-008749-002/2024(H5N1)	1106	124
PB1|PP755587.1|A/cattle/Texas/24-008749-002/2024(H5N1)	1107	124
PB1|PP755587.1|A/cattle/Texas/24-008749-002/2024(H5N1)	1108	125
PB1|PP755587.1|A/cattle/Texas/24-008749-002/2024(H5N1)	1109	125
PB1|PP755587.1|A/cattle/Texas/24-008749-002/2024(H5N1)	1110	137
PB1|PP755587.1|A/cattle/Texas/24-008749-002/2024(H5N1)	1111	137
PB1|PP755587.1|A/cattle/Texas/24-008749-002/2024(H5N1)	1112	137
PB1|PP755587.1|A/cattle/Texas/24-008749-002/2024(H5N1)	1113	141
PB1|PP755587.1|A/cattle/Texas/24-008749-002/2024(H5N1)	1114	141
PB1|PP755587.1|A/cattle/Texas/24-008749-002/2024(H5N1)	1115	141
PB1|PP755587.1|A/cattle/Texas/24-008749-002/2024(H5N1)	1116	143
PB1|PP755587.1|A/cattle/Texas/24-008749-002/2024(H5N1)	1117	143
PB1|PP755587.1|A/cattle/Texas/24-008749-002/2024(H5N1)	1118	145
PB1|PP755587.1|A/cattle/Texas/24-008749-002/2024(H5N1)	1119	143
PB1|PP755587.1|A/cattle/Texas/24-008749-002/2024(H5N1)	1120	143
PB1|PP755587.1|A/cattle/Texas/24-008749-002/2024(H5N1)	1121	143
PB1|PP755587.1|A/cattle/Texas/24-008749-002/2024(H5N1)	1122	142
PB1|PP755587.1|A/cattle/Texas/24-008749-002/2024(H5N1)	1123	142
PB1|PP755587.1|A/cattle/Texas/24-008749-002/2024(H5N1)	1124	141
PB1|PP755587.1|A/cattle/Texas/24-008749-002/2024(H5N1)	1125	149
PB1|PP755587.1|A/cattle/Texas/24-008749-002/2024(H5N1)	1126	147
PB1|PP755587.1|A/cattle/Texas/24-008749-002/2024(H5N1)	1127	147
PB1|PP755587.1|A/cattle/Texas/24-008749-002/2024(H5N1)	1128	147
PB1|PP755587.1|A/cattle/Texas/24-008749-002/2024(H5N1)	1129	147
PB1|PP755587.1|A/cattle/Texas/24-008749-002/2024(H5N1)	1130	146
PB1|PP755587.1|A/cattle/Texas/24-008749-002/2024(H5N1)	1131	146
PB1|PP755587.1|A/cattle/Texas/24-008749-002/2024(H5N1)	1132	149
PB1|PP755587.1|A/cattle/Texas/24-008749-002/2024(H5N1)	1133	146
PB1|PP755587.1|A/cattle/Texas/24-008749-002/2024(H5N1)	1134	145
PB1|PP755587.1|A/cattle/Texas/24-008749-002/2024(H5N1)	1135	145
PB1|PP755587.1|A/cattle/Texas/24-008749-002/2024(H5N1)	1136	145
PB1|PP755587.1|A/cattle/Texas/24-008749-002/2024(H5N1)	1137	145
PB1|PP755587.1|A/cattle/Texas/24-008749-002/2024(H5N1)	1138	145
PB1|PP755587.1|A/cattle/Texas/24-008749-002/2024(H5N1)	1139	145
PB1|PP755587.1|A/cattle/Texas/24-008749-002/2024(H5N1)	1140	146
PB1|PP755587.1|A/cattle/Texas/24-008749-002/2024(H5N1)	1141	146
PB1|PP755587.1|A/cattle/Texas/24-008749-002/2024(H5N1)	1142	149
PB1|PP755587.1|A/cattle/Texas/24-008749-002/2024(H5N1)	1143	150
PB1|PP755587.1|A/cattle/Texas/24-008749-002/2024(H5N1)	1144	149
PB1|PP755587.1|A/cattle/Texas/24-008749-002/2024(H5N1)	1145	148
PB1|PP755587.1|A/cattle/Texas/24-008749-002/2024(H5N1)	1146	148
PB1|PP755587.1|A/cattle/Texas/24-008749-002/2024(H5N1)	1147	148
PB1|PP755587.1|A/cattle/Texas/24-008749-002/2024(H5N1)	1148	148
PB1|PP755587.1|A/cattle/Texas/24-008749-002/2024(H5N1)	1149	148
PB1|PP755587.1|A/cattle/Texas/24-008749-002/2024(H5N1)	1150	145
PB1|PP755587.1|A/cattle/Texas/24-008749-002/2024(H5N1)	1151	146
PB1|PP755587.1|A/cattle/Texas/24-008749-002/2024(H5N1)	1152	146
PB1|PP755587.1|A/cattle/Texas/24-008749-002/2024(H5N1)	1153	146
PB1|PP755587.1|A/cattle/Texas/24-008749-002/2024(H5N1)	1154	146
PB1|PP755587.1|A/cattle/Texas/24-008749-002/2024(H5N1)	1155	146
PB1|PP755587.1|A/cattle/Texas/24-008749-002/2024(H5N1)	1156	147
PB1|PP755587.1|A/cattle/Texas/24-008749-002/2024(H5N1)	1157	146
PB1|PP755587.1|A/cattle/Texas/24-008749-002/2024(H5N1)	1158	149
PB1|PP755587.1|A/cattle/Texas/24-008749-002/2024(H5N1)	1159	149
PB1|PP755587.1|A/cattle/Texas/24-008749-002/2024(H5N1)	1160	143
PB1|PP755587.1|A/cattle/Texas/24-008749-002/2024(H5N1)	1161	143
PB1|PP755587.1|A/cattle/Texas/24-008749-002/2024(H5N1)	1162	145
PB1|PP755587.1|A/cattle/Texas/24-008749-002/2024(H5N1)	1163	147
PB1|PP755587.1|A/cattle/Texas/24-008749-002/2024(H5N1)	1164	142
PB1|PP755587.1|A/cattle/Texas/24-008749-002/2024(H5N1)	1165	142
PB1|PP755587.1|A/cattle/Texas/24-008749-002/2024(H5N1)	1166	142
PB1|PP755587.1|A/cattle/Texas/24-008749-002/2024(H5N1)	1167	142
PB1|PP755587.1|A/cattle/Texas/24-008749-002/2024(H5N1)	1168	142
PB1|PP755587.1|A/cattle/Texas/24-008749-002/2024(H5N1)	1169	142
PB1|PP755587.1|A/cattle/Texas/24-008749-002/2024(H5N1)	1170	137
PB1|PP755587.1|A/cattle/Texas/24-008749-002/2024(H5N1)	1171	137
PB1|PP755587.1|A/cattle/Texas/24-008749-002/2024(H5N1)	1172	139
PB1|PP755587.1|A/cattle/Texas/24-008749-002/2024(H5N1)	1173	138
PB1|PP755587.1|A/cattle/Texas/24-008749-002/2024(H5N1)	1174	138
PB1|PP755587.1|A/cattle/Texas/24-008749-002/2024(H5N1)	1175	139
PB1|PP755587.1|A/cattle/Texas/24-008749-002/2024(H5N1)	1176	141
PB1|PP755587.1|A/cattle/Texas/24-008749-002/2024(H5N1)	1177	139
PB1|PP755587.1|A/cattle/Texas/24-008749-002/2024(H5N1)	1178	139
PB1|PP755587.1|A/cattle/Texas/24-008749-002/2024(H5N1)	1179	140
PB1|PP755587.1|A/cattle/Texas/24-008749-002/2024(H5N1)	1180	138
PB1|PP755587.1|A/cattle/Texas/24-008749-002/2024(H5N1)	1181	138
PB1|PP755587.1|A/cattle/Texas/24-008749-002/2024(H5N1)	1182	132
PB1|PP755587.1|A/cattle/Texas/24-008749-002/2024(H5N1)	1183	130
PB1|PP755587.1|A/cattle/Texas/24-008749-002/2024(H5N1)	1184	131
PB1|PP755587.1|A/cattle/Texas/24-008749-002/2024(H5N1)	1185	122
PB1|PP755587.1|A/cattle/Texas/24-008749-002/2024(H5N1)	1186	123
PB1|PP755587.1|A/cattle/Texas/24-008749-002/2024(H5N1)	1187	122
PB1|PP755587.1|A/cattle/Texas/24-008749-002/2024(H5N1)	1188	122
PB1|PP755587.1|A/cattle/Texas/24-008749-002/2024(H5N1)	1189	124
PB1|PP755587.1|A/cattle/Texas/24-008749-002/2024(H5N1)	1190	124
PB1|PP755587.1|A/cattle/Texas/24-008749-002/2024(H5N1)	1191	125
PB1|PP755587.1|A/cattle/Texas/24-008749-002/2024(H5N1)	1192	125
PB1|PP755587.1|A/cattle/Texas/24-008749-002/2024(H5N1)	1193	125
PB1|PP755587.1|A/cattle/Texas/24-008749-002/2024(H5N1)	1194	127
PB1|PP755587.1|A/cattle/Texas/24-008749-002/2024(H5N1)	1195	124
PB1|PP755587.1|A/cattle/Texas/24-008749-002/2024(H5N1)	1196	129
PB1|PP755587.1|A/cattle/Texas/24-008749-002/2024(H5N1)	1197	130
PB1|PP755587.1|A/cattle/Texas/24-008749-002/2024(H5N1)	1198	130
PB1|PP755587.1|A/cattle/Texas/24-008749-002/2024(H5N1)	1199	135
PB1|PP755587.1|A/cattle/Texas/24-008749-002/2024(H5N1)	1200	132
PB1|PP755587.1|A/cattle/Texas/24-008749-002/2024(H5N1)	1201	135
PB1|PP755587.1|A/cattle/Texas/24-008749-002/2024(H5N1)	1202	135
PB1|PP755587.1|A/cattle/Texas/24-008749-002/2024(H5N1)	1203	135
PB1|PP755587.1|A/cattle/Texas/24-008749-002/2024(H5N1)	1204	137
PB1|PP755587.1|A/cattle/Texas/24-008749-002/2024(H5N1)	1205	136
PB1|PP755587.1|A/cattle/Texas/24-008749-002/2024(H5N1)	1206	131
PB1|PP755587.1|A/cattle/Texas/24-008749-002/2024(H5N1)	1207	132
PB1|PP755587.1|A/cattle/Texas/24-008749-002/2024(H5N1)	1208	130
PB1|PP755587.1|A/cattle/Texas/24-008749-002/2024(H5N1)	1209	136
PB1|PP755587.1|A/cattle/Texas/24-008749-002/2024(H5N1)	1210	136
PB1|PP755587.1|A/cattle/Texas/24-008749-002/2024(H5N1)	1211	136
PB1|PP755587.1|A/cattle/Texas/24-008749-002/2024(H5N1)	1212	134
PB1|PP755587.1|A/cattle/Texas/24-008749-002/2024(H5N1)	1213	133
PB1|PP755587.1|A/cattle/Texas/24-008749-002/2024(H5N1)	1214	134
PB1|PP755587.1|A/cattle/Texas/24-008749-002/2024(H5N1)	1215	133
PB1|PP755587.1|A/cattle/Texas/24-008749-002/2024(H5N1)	1216	131
PB1|PP755587.1|A/cattle/Texas/24-008749-002/2024(H5N1)	1217	131
PB1|PP755587.1|A/cattle/Texas/24-008749-002/2024(H5N1)	1218	135
PB1|PP755587.1|A/cattle/Texas/24-008749-002/2024(H5N1)	1219	135
PB1|PP755587.1|A/cattle/Texas/24-008749-002/2024(H5N1)	1220	135
PB1|PP755587.1|A/cattle/Texas/24-008749-002/2024(H5N1)	1221	135
PB1|PP755587.1|A/cattle/Texas/24-008749-002/2024(H5N1)	1222	135
PB1|PP755587.1|A/cattle/Texas/24-008749-002/2024(H5N1)	1223	135
PB1|PP755587.1|A/cattle/Texas/24-008749-002/2024(H5N1)	1224	128
PB1|PP755587.1|A/cattle/Texas/24-008749-002/2024(H5N1)	1225	128
PB1|PP755587.1|A/cattle/Texas/24-008749-002/2024(H5N1)	1226	127
PB1|PP755587.1|A/cattle/Texas/24-008749-002/2024(H5N1)	1227	123
PB1|PP755587.1|A/cattle/Texas/24-008749-002/2024(H5N1)	1228	123
PB1|PP755587.1|A/cattle/Texas/24-008749-002/2024(H5N1)	1229	152
PB1|PP755587.1|A/cattle/Texas/24-008749-002/2024(H5N1)	1230	159
PB1|PP755587.1|A/cattle/Texas/24-008749-002/2024(H5N1)	1231	159
PB1|PP755587.1|A/cattle/Texas/24-008749-002/2024(H5N1)	1232	159
PB1|PP755587.1|A/cattle/Texas/24-008749-002/2024(H5N1)	1233	154
PB1|PP755587.1|A/cattle/Texas/24-008749-002/2024(H5N1)	1234	155
PB1|PP755587.1|A/cattle/Texas/24-008749-002/2024(H5N1)	1235	155
PB1|PP755587.1|A/cattle/Texas/24-008749-002/2024(H5N1)	1236	155
PB1|PP755587.1|A/cattle/Texas/24-008749-002/2024(H5N1)	1237	151
PB1|PP755587.1|A/cattle/Texas/24-008749-002/2024(H5N1)	1238	149
PB1|PP755587.1|A/cattle/Texas/24-008749-002/2024(H5N1)	1239	148
PB1|PP755587.1|A/cattle/Texas/24-008749-002/2024(H5N1)	1240	148
PB1|PP755587.1|A/cattle/Texas/24-008749-002/2024(H5N1)	1241	153
PB1|PP755587.1|A/cattle/Texas/24-008749-002/2024(H5N1)	1242	153
PB1|PP755587.1|A/cattle/Texas/24-008749-002/2024(H5N1)	1243	152
PB1|PP755587.1|A/cattle/Texas/24-008749-002/2024(H5N1)	1244	152
PB1|PP755587.1|A/cattle/Texas/24-008749-002/2024(H5N1)	1245	153
PB1|PP755587.1|A/cattle/Texas/24-008749-002/2024(H5N1)	1246	155
PB1|PP755587.1|A/cattle/Texas/24-008749-002/2024(H5N1)	1247	155
PB1|PP755587.1|A/cattle/Texas/24-008749-002/2024(H5N1)	1248	155
PB1|PP755587.1|A/cattle/Texas/24-008749-002/2024(H5N1)	1249	155
PB1|PP755587.1|A/cattle/Texas/24-008749-002/2024(H5N1)	1250	155
PB1|PP755587.1|A/cattle/Texas/24-008749-002/2024(H5N1)	1251	155
PB1|PP755587.1|A/cattle/Texas/24-008749-002/2024(H5N1)	1252	154
PB1|PP755587.1|A/cattle/Texas/24-008749-002/2024(H5N1)	1253	155
PB1|PP755587.1|A/cattle/Texas/24-008749-002/2024(H5N1)	1254	155
PB1|PP755587.1|A/cattle/Texas/24-008749-002/2024(H5N1)	1255	155
PB1|PP755587.1|A/cattle/Texas/24-008749-002/2024(H5N1)	1256	172
PB1|PP755587.1|A/cattle/Texas/24-008749-002/2024(H5N1)	1257	173
PB1|PP755587.1|A/cattle/Texas/24-008749-002/2024(H5N1)	1258	178
PB1|PP755587.1|A/cattle/Texas/24-008749-002/2024(H5N1)	1259	176
PB1|PP755587.1|A/cattle/Texas/24-008749-002/2024(H5N1)	1260	180
PB1|PP755587.1|A/cattle/Texas/24-008749-002/2024(H5N1)	1261	170
PB1|PP755587.1|A/cattle/Texas/24-008749-002/2024(H5N1)	1262	170
PB1|PP755587.1|A/cattle/Texas/24-008749-002/2024(H5N1)	1263	170
PB1|PP755587.1|A/cattle/Texas/24-008749-002/2024(H5N1)	1264	166
PB1|PP755587.1|A/cattle/Texas/24-008749-002/2024(H5N1)	1265	167
PB1|PP755587.1|A/cattle/Texas/24-008749-002/2024(H5N1)	1266	171
PB1|PP755587.1|A/cattle/Texas/24-008749-002/2024(H5N1)	1267	169
PB1|PP755587.1|A/cattle/Texas/24-008749-002/2024(H5N1)	1268	169
PB1|PP755587.1|A/cattle/Texas/24-008749-002/2024(H5N1)	1269	173
PB1|PP755587.1|A/cattle/Texas/24-008749-002/2024(H5N1)	1270	173
PB1|PP755587.1|A/cattle/Texas/24-008749-002/2024(H5N1)	1271	173
PB1|PP755587.1|A/cattle/Texas/24-008749-002/2024(H5N1)	1272	173
PB1|PP755587.1|A/cattle/Texas/24-008749-002/2024(H5N1)	1273	175
PB1|PP755587.1|A/cattle/Texas/24-008749-002/2024(H5N1)	1274	173
PB1|PP755587.1|A/cattle/Texas/24-008749-002/2024(H5N1)	1275	166
PB1|PP755587.1|A/cattle/Texas/24-008749-002/2024(H5N1)	1276	166
PB1|PP755587.1|A/cattle/Texas/24-008749-002/2024(H5N1)	1277	166
PB1|PP755587.1|A/cattle/Texas/24-008749-002/2024(H5N1)	1278	167
PB1|PP755587.1|A/cattle/Texas/24-008749-002/2024(H5N1)	1279	167
PB1|PP755587.1|A/cattle/Texas/24-008749-002/2024(H5N1)	1280	167
PB1|PP755587.1|A/cattle/Texas/24-008749-002/2024(H5N1)	1281	167
PB1|PP755587.1|A/cattle/Texas/24-008749-002/2024(H5N1)	1282	167
PB1|PP755587.1|A/cattle/Texas/24-008749-002/2024(H5N1)	1283	166
PB1|PP755587.1|A/cattle/Texas/24-008749-002/2024(H5N1)	1284	165
PB1|PP755587.1|A/cattle/Texas/24-008749-002/2024(H5N1)	1285	165
PB1|PP755587.1|A/cattle/Texas/24-008749-002/2024(H5N1)	1286	165
PB1|PP755587.1|A/cattle/Texas/24-008749-002/2024(H5N1)	1287	168
PB1|PP755587.1|A/cattle/Texas/24-008749-002/2024(H5N1)	1288	169
PB1|PP755587.1|A/cattle/Texas/24-008749-002/2024(H5N1)	1289	169
PB1|PP755587.1|A/cattle/Texas/24-008749-002/2024(H5N1)	1290	169
PB1|PP755587.1|A/cattle/Texas/24-008749-002/2024(H5N1)	1291	168
PB1|PP755587.1|A/cattle/Texas/24-008749-002/2024(H5N1)	1292	169
PB1|PP755587.1|A/cattle/Texas/24-008749-002/2024(H5N1)	1293	166
PB1|PP755587.1|A/cattle/Texas/24-008749-002/2024(H5N1)	1294	166
PB1|PP755587.1|A/cattle/Texas/24-008749-002/2024(H5N1)	1295	165
PB1|PP755587.1|A/cattle/Texas/24-008749-002/2024(H5N1)	1296	165
PB1|PP755587.1|A/cattle/Texas/24-008749-002/2024(H5N1)	1297	165
PB1|PP755587.1|A/cattle/Texas/24-008749-002/2024(H5N1)	1298	167
PB1|PP755587.1|A/cattle/Texas/24-008749-002/2024(H5N1)	1299	167
PB1|PP755587.1|A/cattle/Texas/24-008749-002/2024(H5N1)	1300	171
PB1|PP755587.1|A/cattle/Texas/24-008749-002/2024(H5N1)	1301	169
PB1|PP755587.1|A/cattle/Texas/24-008749-002/2024(H5N1)	1302	168
PB1|PP755587.1|A/cattle/Texas/24-008749-002/2024(H5N1)	1303	171
PB1|PP755587.1|A/cattle/Texas/24-008749-002/2024(H5N1)	1304	171
PB1|PP755587.1|A/cattle/Texas/24-008749-002/2024(H5N1)	1305	171
PB1|PP755587.1|A/cattle/Texas/24-008749-002/2024(H5N1)	1306	172
PB1|PP755587.1|A/cattle/Texas/24-008749-002/2024(H5N1)	1307	169
PB1|PP755587.1|A/cattle/Texas/24-008749-002/2024(H5N1)	1308	169
PB1|PP755587.1|A/cattle/Texas/24-008749-002/2024(H5N1)	1309	166
PB1|PP755587.1|A/cattle/Texas/24-008749-002/2024(H5N1)	1310	166
PB1|PP755587.1|A/cattle/Texas/24-008749-002/2024(H5N1)	1311	166
PB1|PP755587.1|A/cattle/Texas/24-008749-002/2024(H5N1)	1312	168
PB1|PP755587.1|A/cattle/Texas/24-008749-002/2024(H5N1)	1313	165
PB1|PP755587.1|A/cattle/Texas/24-008749-002/2024(H5N1)	1314	166
PB1|PP755587.1|A/cattle/Texas/24-008749-002/2024(H5N1)	1315	166
PB1|PP755587.1|A/cattle/Texas/24-008749-002/2024(H5N1)	1316	169
PB1|PP755587.1|A/cattle/Texas/24-008749-002/2024(H5N1)	1317	169
PB1|PP755587.1|A/cattle/Texas/24-008749-002/2024(H5N1)	1318	176
PB1|PP755587.1|A/cattle/Texas/24-008749-002/2024(H5N1)	1319	176
PB1|PP755587.1|A/cattle/Texas/24-008749-002/2024(H5N1)	1320	178
PB1|PP755587.1|A/cattle/Texas/24-008749-002/2024(H5N1)	1321	182
PB1|PP755587.1|A/cattle/Texas/24-008749-002/2024(H5N1)	1322	176
PB1|PP755587.1|A/cattle/Texas/24-008749-002/2024(H5N1)	1323	176
PB1|PP755587.1|A/cattle/Texas/24-008749-002/2024(H5N1)	1324	179
PB1|PP755587.1|A/cattle/Texas/24-008749-002/2024(H5N1)	1325	178
PB1|PP755587.1|A/cattle/Texas/24-008749-002/2024(H5N1)	1326	178
PB1|PP755587.1|A/cattle/Texas/24-008749-002/2024(H5N1)	1327	178
PB1|PP755587.1|A/cattle/Texas/24-008749-002/2024(H5N1)	1328	178
PB1|PP755587.1|A/cattle/Texas/24-008749-002/2024(H5N1)	1329	185
PB1|PP755587.1|A/cattle/Texas/24-008749-002/2024(H5N1)	1330	182
PB1|PP755587.1|A/cattle/Texas/24-008749-002/2024(H5N1)	1331	182
PB1|PP755587.1|A/cattle/Texas/24-008749-002/2024(H5N1)	1332	180
PB1|PP755587.1|A/cattle/Texas/24-008749-002/2024(H5N1)	1333	181
PB1|PP755587.1|A/cattle/Texas/24-008749-002/2024(H5N1)	1334	180
PB1|PP755587.1|A/cattle/Texas/24-008749-002/2024(H5N1)	1335	179
PB1|PP755587.1|A/cattle/Texas/24-008749-002/2024(H5N1)	1336	180
PB1|PP755587.1|A/cattle/Texas/24-008749-002/2024(H5N1)	1337	177
PB1|PP755587.1|A/cattle/Texas/24-008749-002/2024(H5N1)	1338	177
PB1|PP755587.1|A/cattle/Texas/24-008749-002/2024(H5N1)	1339	177
PB1|PP755587.1|A/cattle/Texas/24-008749-002/2024(H5N1)	1340	175
PB1|PP755587.1|A/cattle/Texas/24-008749-002/2024(H5N1)	1341	175
PB1|PP755587.1|A/cattle/Texas/24-008749-002/2024(H5N1)	1342	175
PB1|PP755587.1|A/cattle/Texas/24-008749-002/2024(H5N1)	1343	177
PB1|PP755587.1|A/cattle/Texas/24-008749-002/2024(H5N1)	1344	171
PB1|PP755587.1|A/cattle/Texas/24-008749-002/2024(H5N1)	1345	168
PB1|PP755587.1|A/cattle/Texas/24-008749-002/2024(H5N1)	1346	168
PB1|PP755587.1|A/cattle/Texas/24-008749-002/2024(H5N1)	1347	169
PB1|PP755587.1|A/cattle/Texas/24-008749-002/2024(H5N1)	1348	168
PB1|PP755587.1|A/cattle/Texas/24-008749-002/2024(H5N1)	1349	168
PB1|PP755587.1|A/cattle/Texas/24-008749-002/2024(H5N1)	1350	172
PB1|PP755587.1|A/cattle/Texas/24-008749-002/2024(H5N1)	1351	172
PB1|PP755587.1|A/cattle/Texas/24-008749-002/2024(H5N1)	1352	167
PB1|PP755587.1|A/cattle/Texas/24-008749-002/2024(H5N1)	1353	169
PB1|PP755587.1|A/cattle/Texas/24-008749-002/2024(H5N1)	1354	169
PB1|PP755587.1|A/cattle/Texas/24-008749-002/2024(H5N1)	1355	167
PB1|PP755587.1|A/cattle/Texas/24-008749-002/2024(H5N1)	1356	168
PB1|PP755587.1|A/cattle/Texas/24-008749-002/2024(H5N1)	1357	168
PB1|PP755587.1|A/cattle/Texas/24-008749-002/2024(H5N1)	1358	170
PB1|PP755587.1|A/cattle/Texas/24-008749-002/2024(H5N1)	1359	165
PB1|PP755587.1|A/cattle/Texas/24-008749-002/2024(H5N1)	1360	166
PB1|PP755587.1|A/cattle/Texas/24-008749-002/2024(H5N1)	1361	166
PB1|PP755587.1|A/cattle/Texas/24-008749-002/2024(H5N1)	1362	166
PB1|PP755587.1|A/cattle/Texas/24-008749-002/2024(H5N1)	1363	166
PB1|PP755587.1|A/cattle/Texas/24-008749-002/2024(H5N1)	1364	169
PB1|PP755587.1|A/cattle/Texas/24-008749-002/2024(H5N1)	1365	171
PB1|PP755587.1|A/cattle/Texas/24-008749-002/2024(H5N1)	1366	171
PB1|PP755587.1|A/cattle/Texas/24-008749-002/2024(H5N1)	1367	171
PB1|PP755587.1|A/cattle/Texas/24-008749-002/2024(H5N1)	1368	171
PB1|PP755587.1|A/cattle/Texas/24-008749-002/2024(H5N1)	1369	165
PB1|PP755587.1|A/cattle/Texas/24-008749-002/2024(H5N1)	1370	165
PB1|PP755587.1|A/cattle/Texas/24-008749-002/2024(H5N1)	1371	166
PB1|PP755587.1|A/cattle/Texas/24-008749-002/2024(H5N1)	1372	166
PB1|PP755587.1|A/cattle/Texas/24-008749-002/2024(H5N1)	1373	167
PB1|PP755587.1|A/cattle/Texas/24-008749-002/2024(H5N1)	1374	167
PB1|PP755587.1|A/cattle/Texas/24-008749-002/2024(H5N1)	1375	167
PB1|PP755587.1|A/cattle/Texas/24-008749-002/2024(H5N1)	1376	166
PB1|PP755587.1|A/cattle/Texas/24-008749-002/2024(H5N1)	1377	168
PB1|PP755587.1|A/cattle/Texas/24-008749-002/2024(H5N1)	1378	168
PB1|PP755587.1|A/cattle/Texas/24-008749-002/2024(H5N1)	1379	141
PB1|PP755587.1|A/cattle/Texas/24-008749-002/2024(H5N1)	1380	136
PB1|PP755587.1|A/cattle/Texas/24-008749-002/2024(H5N1)	1381	134
PB1|PP755587.1|A/cattle/Texas/24-008749-002/2024(H5N1)	1382	134
PB1|PP755587.1|A/cattle/Texas/24-008749-002/2024(H5N1)	1383	134
PB1|PP755587.1|A/cattle/Texas/24-008749-002/2024(H5N1)	1384	134
PB1|PP755587.1|A/cattle/Texas/24-008749-002/2024(H5N1)	1385	135
PB1|PP755587.1|A/cattle/Texas/24-008749-002/2024(H5N1)	1386	136
PB1|PP755587.1|A/cattle/Texas/24-008749-002/2024(H5N1)	1387	136
PB1|PP755587.1|A/cattle/Texas/24-008749-002/2024(H5N1)	1388	136
PB1|PP755587.1|A/cattle/Texas/24-008749-002/2024(H5N1)	1389	136
PB1|PP755587.1|A/cattle/Texas/24-008749-002/2024(H5N1)	1390	136
PB1|PP755587.1|A/cattle/Texas/24-008749-002/2024(H5N1)	1391	131
PB1|PP755587.1|A/cattle/Texas/24-008749-002/2024(H5N1)	1392	578
PB1|PP755587.1|A/cattle/Texas/24-008749-002/2024(H5N1)	1393	602
PB1|PP755587.1|A/cattle/Texas/24-008749-002/2024(H5N1)	1394	603
PB1|PP755587.1|A/cattle/Texas/24-008749-002/2024(H5N1)	1395	626
PB1|PP755587.1|A/cattle/Texas/24-008749-002/2024(H5N1)	1396	624
PB1|PP755587.1|A/cattle/Texas/24-008749-002/2024(H5N1)	1397	877
PB1|PP755587.1|A/cattle/Texas/24-008749-002/2024(H5N1)	1398	883
PB1|PP755587.1|A/cattle/Texas/24-008749-002/2024(H5N1)	1399	899
PB1|PP755587.1|A/cattle/Texas/24-008749-002/2024(H5N1)	1400	912
PB1|PP755587.1|A/cattle/Texas/24-008749-002/2024(H5N1)	1401	912
PB1|PP755587.1|A/cattle/Texas/24-008749-002/2024(H5N1)	1402	921
PB1|PP755587.1|A/cattle/Texas/24-008749-002/2024(H5N1)	1403	942
PB1|PP755587.1|A/cattle/Texas/24-008749-002/2024(H5N1)	1404	941
PB1|PP755587.1|A/cattle/Texas/24-008749-002/2024(H5N1)	1405	939
PB1|PP755587.1|A/cattle/Texas/24-008749-002/2024(H5N1)	1406	935
PB1|PP755587.1|A/cattle/Texas/24-008749-002/2024(H5N1)	1407	945
PB1|PP755587.1|A/cattle/Texas/24-008749-002/2024(H5N1)	1408	1077
PB1|PP755587.1|A/cattle/Texas/24-008749-002/2024(H5N1)	1409	1082
PB1|PP755587.1|A/cattle/Texas/24-008749-002/2024(H5N1)	1410	1083
PB1|PP755587.1|A/cattle/Texas/24-008749-002/2024(H5N1)	1411	1281
PB1|PP755587.1|A/cattle/Texas/24-008749-002/2024(H5N1)	1412	1283
PB1|PP755587.1|A/cattle/Texas/24-008749-002/2024(H5N1)	1413	1283
PB1|PP755587.1|A/cattle/Texas/24-008749-002/2024(H5N1)	1414	1286
PB1|PP755587.1|A/cattle/Texas/24-008749-002/2024(H5N1)	1415	1286
PB1|PP755587.1|A/cattle/Texas/24-008749-002/2024(H5N1)	1416	1291
PB1|PP755587.1|A/cattle/Texas/24-008749-002/2024(H5N1)	1417	1285
PB1|PP755587.1|A/cattle/Texas/24-008749-002/2024(H5N1)	1418	1290
PB1|PP755587.1|A/cattle/Texas/24-008749-002/2024(H5N1)	1419	1327
PB1|PP755587.1|A/cattle/Texas/24-008749-002/2024(H5N1)	1420	1335
PB1|PP755587.1|A/cattle/Texas/24-008749-002/2024(H5N1)	1421	1335
PB1|PP755587.1|A/cattle/Texas/24-008749-002/2024(H5N1)	1422	1344
PB1|PP755587.1|A/cattle/Texas/24-008749-002/2024(H5N1)	1423	1347
PB1|PP755587.1|A/cattle/Texas/24-008749-002/2024(H5N1)	1424	1347
PB1|PP755587.1|A/cattle/Texas/24-008749-002/2024(H5N1)	1425	1387
PB1|PP755587.1|A/cattle/Texas/24-008749-002/2024(H5N1)	1426	1397
PB1|PP755587.1|A/cattle/Texas/24-008749-002/2024(H5N1)	1427	1402
PB1|PP755587.1|A/cattle/Texas/24-008749-002/2024(H5N1)	1428	1402
PB1|PP755587.1|A/cattle/Texas/24-008749-002/2024(H5N1)	1429	1605
PB1|PP755587.1|A/cattle/Texas/24-008749-002/2024(H5N1)	1430	1615
PB1|PP755587.1|A/cattle/Texas/24-008749-002/2024(H5N1)	1431	1633
PB1|PP755587.1|A/cattle/Texas/24-008749-002/2024(H5N1)	1432	1633
PB1|PP755587.1|A/cattle/Texas/24-008749-002/2024(H5N1)	1433	1633
PB1|PP755587.1|A/cattle/Texas/24-008749-002/2024(H5N1)	1434	1721
PB1|PP755587.1|A/cattle/Texas/24-008749-002/2024(H5N1)	1435	1742
PB1|PP755587.1|A/cattle/Texas/24-008749-002/2024(H5N1)	1436	1753
PB1|PP755587.1|A/cattle/Texas/24-008749-002/2024(H5N1)	1437	1768
PB1|PP755587.1|A/cattle/Texas/24-008749-002/2024(H5N1)	1438	1772
PB1|PP755587.1|A/cattle/Texas/24-008749-002/2024(H5N1)	1439	1776
PB1|PP755587.1|A/cattle/Texas/24-008749-002/2024(H5N1)	1440	1784
PB1|PP755587.1|A/cattle/Texas/24-008749-002/2024(H5N1)	1441	1784
PB1|PP755587.1|A/cattle/Texas/24-008749-002/2024(H5N1)	1442	1811
PB1|PP755587.1|A/cattle/Texas/24-008749-002/2024(H5N1)	1443	1808
PB1|PP755587.1|A/cattle/Texas/24-008749-002/2024(H5N1)	1444	1826
PB1|PP755587.1|A/cattle/Texas/24-008749-002/2024(H5N1)	1445	1833
PB1|PP755587.1|A/cattle/Texas/24-008749-002/2024(H5N1)	1446	1836
PB1|PP755587.1|A/cattle/Texas/24-008749-002/2024(H5N1)	1447	1840
PB1|PP755587.1|A/cattle/Texas/24-008749-002/2024(H5N1)	1448	1921
PB1|PP755587.1|A/cattle/Texas/24-008749-002/2024(H5N1)	1449	1928
PB1|PP755587.1|A/cattle/Texas/24-008749-002/2024(H5N1)	1450	1932
PB1|PP755587.1|A/cattle/Texas/24-008749-002/2024(H5N1)	1451	1932
PB1|PP755587.1|A/cattle/Texas/24-008749-002/2024(H5N1)	1452	1932
PB1|PP755587.1|A/cattle/Texas/24-008749-002/2024(H5N1)	1453	1932
PB1|PP755587.1|A/cattle/Texas/24-008749-002/2024(H5N1)	1454	1940
PB1|PP755587.1|A/cattle/Texas/24-008749-002/2024(H5N1)	1455	1940
PB1|PP755587.1|A/cattle/Texas/24-008749-002/2024(H5N1)	1456	1967
PB1|PP755587.1|A/cattle/Texas/24-008749-002/2024(H5N1)	1457	1981
PB1|PP755587.1|A/cattle/Texas/24-008749-002/2024(H5N1)	1458	1985
PB1|PP755587.1|A/cattle/Texas/24-008749-002/2024(H5N1)	1459	1996
PB1|PP755587.1|A/cattle/Texas/24-008749-002/2024(H5N1)	1460	2144
PB1|PP755587.1|A/cattle/Texas/24-008749-002/2024(H5N1)	1461	2146
PB1|PP755587.1|A/cattle/Texas/24-008749-002/2024(H5N1)	1462	2163
PB1|PP755587.1|A/cattle/Texas/24-008749-002/2024(H5N1)	1463	2171
PB1|PP755587.1|A/cattle/Texas/24-008749-002/2024(H5N1)	1464	2188
PB1|PP755587.1|A/cattle/Texas/24-008749-002/2024(H5N1)	1465	2219
PB1|PP755587.1|A/cattle/Texas/24-008749-002/2024(H5N1)	1466	2221
PB1|PP755587.1|A/cattle/Texas/24-008749-002/2024(H5N1)	1467	2218
PB1|PP755587.1|A/cattle/Texas/24-008749-002/2024(H5N1)	1468	2227
PB1|PP755587.1|A/cattle/Texas/24-008749-002/2024(H5N1)	1469	2217
PB1|PP755587.1|A/cattle/Texas/24-008749-002/2024(H5N1)	1470	2326
PB1|PP755587.1|A/cattle/Texas/24-008749-002/2024(H5N1)	1471	2340
PB1|PP755587.1|A/cattle/Texas/24-008749-002/2024(H5N1)	1472	2336
PB1|PP755587.1|A/cattle/Texas/24-008749-002/2024(H5N1)	1473	2340
PB1|PP755587.1|A/cattle/Texas/24-008749-002/2024(H5N1)	1474	2336
PB1|PP755587.1|A/cattle/Texas/24-008749-002/2024(H5N1)	1475	2341
PB1|PP755587.1|A/cattle/Texas/24-008749-002/2024(H5N1)	1476	2375
PB1|PP755587.1|A/cattle/Texas/24-008749-002/2024(H5N1)	1477	2375
PB1|PP755587.1|A/cattle/Texas/24-008749-002/2024(H5N1)	1478	2409
PB1|PP755587.1|A/cattle/Texas/24-008749-002/2024(H5N1)	1479	2433
PB1|PP755587.1|A/cattle/Texas/24-008749-002/2024(H5N1)	1480	2409
PB1|PP755587.1|A/cattle/Texas/24-008749-002/2024(H5N1)	1481	2409
PB1|PP755587.1|A/cattle/Texas/24-008749-002/2024(H5N1)	1482	2407
PB1|PP755587.1|A/cattle/Texas/24-008749-002/2024(H5N1)	1483	2412
PB1|PP755587.1|A/cattle/Texas/24-008749-002/2024(H5N1)	1484	2414
PB1|PP755587.1|A/cattle/Texas/24-008749-002/2024(H5N1)	1485	2463
PB1|PP755587.1|A/cattle/Texas/24-008749-002/2024(H5N1)	1486	2463
PB1|PP755587.1|A/cattle/Texas/24-008749-002/2024(H5N1)	1487	2460
PB1|PP755587.1|A/cattle/Texas/24-008749-002/2024(H5N1)	1488	2460
PB1|PP755587.1|A/cattle/Texas/24-008749-002/2024(H5N1)	1489	2462
PB1|PP755587.1|A/cattle/Texas/24-008749-002/2024(H5N1)	1490	2470
PB1|PP755587.1|A/cattle/Texas/24-008749-002/2024(H5N1)	1491	2485
PB1|PP755587.1|A/cattle/Texas/24-008749-002/2024(H5N1)	1492	2485
PB1|PP755587.1|A/cattle/Texas/24-008749-002/2024(H5N1)	1493	2511
PB1|PP755587.1|A/cattle/Texas/24-008749-002/2024(H5N1)	1494	2510
PB1|PP755587.1|A/cattle/Texas/24-008749-002/2024(H5N1)	1495	2517
PB1|PP755587.1|A/cattle/Texas/24-008749-002/2024(H5N1)	1496	2526
PB1|PP755587.1|A/cattle/Texas/24-008749-002/2024(H5N1)	1497	2526
PB1|PP755587.1|A/cattle/Texas/24-008749-002/2024(H5N1)	1498	2525
PB1|PP755587.1|A/cattle/Texas/24-008749-002/2024(H5N1)	1499	2535
PB1|PP755587.1|A/cattle/Texas/24-008749-002/2024(H5N1)	1500	2537
PB1|PP755587.1|A/cattle/Texas/24-008749-002/2024(H5N1)	1501	2573
PB1|PP755587.1|A/cattle/Texas/24-008749-002/2024(H5N1)	1502	2575
PB1|PP755587.1|A/cattle/Texas/24-008749-002/2024(H5N1)	1503	2582
PB1|PP755587.1|A/cattle/Texas/24-008749-002/2024(H5N1)	1504	2584
PB1|PP755587.1|A/cattle/Texas/24-008749-002/2024(H5N1)	1505	2602
PB1|PP755587.1|A/cattle/Texas/24-008749-002/2024(H5N1)	1506	2624
PB1|PP755587.1|A/cattle/Texas/24-008749-002/2024(H5N1)	1507	2652
PB1|PP755587.1|A/cattle/Texas/24-008749-002/2024(H5N1)	1508	2658
PB1|PP755587.1|A/cattle/Texas/24-008749-002/2024(H5N1)	1509	2671
PB1|PP755587.1|A/cattle/Texas/24-008749-002/2024(H5N1)	1510	2738
PB1|PP755587.1|A/cattle/Texas/24-008749-002/2024(H5N1)	1511	2738
PB1|PP755587.1|A/cattle/Texas/24-008749-002/2024(H5N1)	1512	2803
PB1|PP755587.1|A/cattle/Texas/24-008749-002/2024(H5N1)	1513	2841
PB1|PP755587.1|A/cattle/Texas/24-008749-002/2024(H5N1)	1514	2852
PB1|PP755587.1|A/cattle/Texas/24-008749-002/2024(H5N1)	1515	2841
PB1|PP755587.1|A/cattle/Texas/24-008749-002/2024(H5N1)	1516	2844
PB1|PP755587.1|A/cattle/Texas/24-008749-002/2024(H5N1)	1517	2844
PB1|PP755587.1|A/cattle/Texas/24-008749-002/2024(H5N1)	1518	2847
PB1|PP755587.1|A/cattle/Texas/24-008749-002/2024(H5N1)	1519	2847
PB1|PP755587.1|A/cattle/Texas/24-008749-002/2024(H5N1)	1520	2858
PB1|PP755587.1|A/cattle/Texas/24-008749-002/2024(H5N1)	1521	2864
PB1|PP755587.1|A/cattle/Texas/24-008749-002/2024(H5N1)	1522	2864
PB1|PP755587.1|A/cattle/Texas/24-008749-002/2024(H5N1)	1523	2863
PB1|PP755587.1|A/cattle/Texas/24-008749-002/2024(H5N1)	1524	2873
PB1|PP755587.1|A/cattle/Texas/24-008749-002/2024(H5N1)	1525	2888
PB1|PP755587.1|A/cattle/Texas/24-008749-002/2024(H5N1)	1526	2888
PB1|PP755587.1|A/cattle/Texas/24-008749-002/2024(H5N1)	1527	2889
PB1|PP755587.1|A/cattle/Texas/24-008749-002/2024(H5N1)	1528	2890
PB1|PP755587.1|A/cattle/Texas/24-008749-002/2024(H5N1)	1529	2891
PB1|PP755587.1|A/cattle/Texas/24-008749-002/2024(H5N1)	1530	2954
PB1|PP755587.1|A/cattle/Texas/24-008749-002/2024(H5N1)	1531	3047
PB1|PP755587.1|A/cattle/Texas/24-008749-002/2024(H5N1)	1532	3050
PB1|PP755587.1|A/cattle/Texas/24-008749-002/2024(H5N1)	1533	3053
PB1|PP755587.1|A/cattle/Texas/24-008749-002/2024(H5N1)	1534	3048
PB1|PP755587.1|A/cattle/Texas/24-008749-002/2024(H5N1)	1535	3168
PB1|PP755587.1|A/cattle/Texas/24-008749-002/2024(H5N1)	1536	3170
PB1|PP755587.1|A/cattle/Texas/24-008749-002/2024(H5N1)	1537	2932
PB1|PP755587.1|A/cattle/Texas/24-008749-002/2024(H5N1)	1538	3054
PB1|PP755587.1|A/cattle/Texas/24-008749-002/2024(H5N1)	1539	2956
PB1|PP755587.1|A/cattle/Texas/24-008749-002/2024(H5N1)	1540	2963
PB1|PP755587.1|A/cattle/Texas/24-008749-002/2024(H5N1)	1541	2972
PB1|PP755587.1|A/cattle/Texas/24-008749-002/2024(H5N1)	1542	2989
PB1|PP755587.1|A/cattle/Texas/24-008749-002/2024(H5N1)	1543	2969
PB1|PP755587.1|A/cattle/Texas/24-008749-002/2024(H5N1)	1544	2916
PB1|PP755587.1|A/cattle/Texas/24-008749-002/2024(H5N1)	1545	3085
PB1|PP755587.1|A/cattle/Texas/24-008749-002/2024(H5N1)	1546	2891
PB1|PP755587.1|A/cattle/Texas/24-008749-002/2024(H5N1)	1547	2892
PB1|PP755587.1|A/cattle/Texas/24-008749-002/2024(H5N1)	1548	2886
PB1|PP755587.1|A/cattle/Texas/24-008749-002/2024(H5N1)	1549	2874
PB1|PP755587.1|A/cattle/Texas/24-008749-002/2024(H5N1)	1550	2871
PB1|PP755587.1|A/cattle/Texas/24-008749-002/2024(H5N1)	1551	2862
PB1|PP755587.1|A/cattle/Texas/24-008749-002/2024(H5N1)	1552	2896
PB1|PP755587.1|A/cattle/Texas/24-008749-002/2024(H5N1)	1553	2893
PB1|PP755587.1|A/cattle/Texas/24-008749-002/2024(H5N1)	1554	2904
PB1|PP755587.1|A/cattle/Texas/24-008749-002/2024(H5N1)	1555	2910
PB1|PP755587.1|A/cattle/Texas/24-008749-002/2024(H5N1)	1556	2923
PB1|PP755587.1|A/cattle/Texas/24-008749-002/2024(H5N1)	1557	2823
PB1|PP755587.1|A/cattle/Texas/24-008749-002/2024(H5N1)	1558	2821
PB1|PP755587.1|A/cattle/Texas/24-008749-002/2024(H5N1)	1559	2826
PB1|PP755587.1|A/cattle/Texas/24-008749-002/2024(H5N1)	1560	2854
PB1|PP755587.1|A/cattle/Texas/24-008749-002/2024(H5N1)	1561	2863
PB1|PP755587.1|A/cattle/Texas/24-008749-002/2024(H5N1)	1562	2714
PB1|PP755587.1|A/cattle/Texas/24-008749-002/2024(H5N1)	1563	2713
PB1|PP755587.1|A/cattle/Texas/24-008749-002/2024(H5N1)	1564	2737
PB1|PP755587.1|A/cattle/Texas/24-008749-002/2024(H5N1)	1565	2736
PB1|PP755587.1|A/cattle/Texas/24-008749-002/2024(H5N1)	1566	2738
PB1|PP755587.1|A/cattle/Texas/24-008749-002/2024(H5N1)	1567	2735
PB1|PP755587.1|A/cattle/Texas/24-008749-002/2024(H5N1)	1568	2740
PB1|PP755587.1|A/cattle/Texas/24-008749-002/2024(H5N1)	1569	2756
PB1|PP755587.1|A/cattle/Texas/24-008749-002/2024(H5N1)	1570	2723
PB1|PP755587.1|A/cattle/Texas/24-008749-002/2024(H5N1)	1571	2713
PB1|PP755587.1|A/cattle/Texas/24-008749-002/2024(H5N1)	1572	2756
PB1|PP755587.1|A/cattle/Texas/24-008749-002/2024(H5N1)	1573	2754
PB1|PP755587.1|A/cattle/Texas/24-008749-002/2024(H5N1)	1574	2765
PB1|PP755587.1|A/cattle/Texas/24-008749-002/2024(H5N1)	1575	2737
PB1|PP755587.1|A/cattle/Texas/24-008749-002/2024(H5N1)	1576	2737
PB1|PP755587.1|A/cattle/Texas/24-008749-002/2024(H5N1)	1577	2776
PB1|PP755587.1|A/cattle/Texas/24-008749-002/2024(H5N1)	1578	2780
PB1|PP755587.1|A/cattle/Texas/24-008749-002/2024(H5N1)	1579	2610
PB1|PP755587.1|A/cattle/Texas/24-008749-002/2024(H5N1)	1580	2629
PB1|PP755587.1|A/cattle/Texas/24-008749-002/2024(H5N1)	1581	2601
PB1|PP755587.1|A/cattle/Texas/24-008749-002/2024(H5N1)	1582	2615
PB1|PP755587.1|A/cattle/Texas/24-008749-002/2024(H5N1)	1583	2616
PB1|PP755587.1|A/cattle/Texas/24-008749-002/2024(H5N1)	1584	2678
PB1|PP755587.1|A/cattle/Texas/24-008749-002/2024(H5N1)	1585	2610
PB1|PP755587.1|A/cattle/Texas/24-008749-002/2024(H5N1)	1586	2607
PB1|PP755587.1|A/cattle/Texas/24-008749-002/2024(H5N1)	1587	2603
PB1|PP755587.1|A/cattle/Texas/24-008749-002/2024(H5N1)	1588	2577
PB1|PP755587.1|A/cattle/Texas/24-008749-002/2024(H5N1)	1589	2585
PB1|PP755587.1|A/cattle/Texas/24-008749-002/2024(H5N1)	1590	2743
PB1|PP755587.1|A/cattle/Texas/24-008749-002/2024(H5N1)	1591	2737
PB1|PP755587.1|A/cattle/Texas/24-008749-002/2024(H5N1)	1592	2741
PB1|PP755587.1|A/cattle/Texas/24-008749-002/2024(H5N1)	1593	2707
PB1|PP755587.1|A/cattle/Texas/24-008749-002/2024(H5N1)	1594	2707
PB1|PP755587.1|A/cattle/Texas/24-008749-002/2024(H5N1)	1595	2694
PB1|PP755587.1|A/cattle/Texas/24-008749-002/2024(H5N1)	1596	2710
PB1|PP755587.1|A/cattle/Texas/24-008749-002/2024(H5N1)	1597	2706
PB1|PP755587.1|A/cattle/Texas/24-008749-002/2024(H5N1)	1598	2738
PB1|PP755587.1|A/cattle/Texas/24-008749-002/2024(H5N1)	1599	2664
PB1|PP755587.1|A/cattle/Texas/24-008749-002/2024(H5N1)	1600	2666
PB1|PP755587.1|A/cattle/Texas/24-008749-002/2024(H5N1)	1601	2681
PB1|PP755587.1|A/cattle/Texas/24-008749-002/2024(H5N1)	1602	2679
PB1|PP755587.1|A/cattle/Texas/24-008749-002/2024(H5N1)	1603	2679
PB1|PP755587.1|A/cattle/Texas/24-008749-002/2024(H5N1)	1604	2698
PB1|PP755587.1|A/cattle/Texas/24-008749-002/2024(H5N1)	1605	2690
PB1|PP755587.1|A/cattle/Texas/24-008749-002/2024(H5N1)	1606	2723
PB1|PP755587.1|A/cattle/Texas/24-008749-002/2024(H5N1)	1607	2691
PB1|PP755587.1|A/cattle/Texas/24-008749-002/2024(H5N1)	1608	2691
PB1|PP755587.1|A/cattle/Texas/24-008749-002/2024(H5N1)	1609	2690
PB1|PP755587.1|A/cattle/Texas/24-008749-002/2024(H5N1)	1610	2676
PB1|PP755587.1|A/cattle/Texas/24-008749-002/2024(H5N1)	1611	2554
PB1|PP755587.1|A/cattle/Texas/24-008749-002/2024(H5N1)	1612	2629
PB1|PP755587.1|A/cattle/Texas/24-008749-002/2024(H5N1)	1613	2635
PB1|PP755587.1|A/cattle/Texas/24-008749-002/2024(H5N1)	1614	2629
PB1|PP755587.1|A/cattle/Texas/24-008749-002/2024(H5N1)	1615	2625
PB1|PP755587.1|A/cattle/Texas/24-008749-002/2024(H5N1)	1616	2594
PB1|PP755587.1|A/cattle/Texas/24-008749-002/2024(H5N1)	1617	2598
PB1|PP755587.1|A/cattle/Texas/24-008749-002/2024(H5N1)	1618	2586
PB1|PP755587.1|A/cattle/Texas/24-008749-002/2024(H5N1)	1619	2585
PB1|PP755587.1|A/cattle/Texas/24-008749-002/2024(H5N1)	1620	2627
PB1|PP755587.1|A/cattle/Texas/24-008749-002/2024(H5N1)	1621	2537
PB1|PP755587.1|A/cattle/Texas/24-008749-002/2024(H5N1)	1622	2539
PB1|PP755587.1|A/cattle/Texas/24-008749-002/2024(H5N1)	1623	2550
PB1|PP755587.1|A/cattle/Texas/24-008749-002/2024(H5N1)	1624	2529
PB1|PP755587.1|A/cattle/Texas/24-008749-002/2024(H5N1)	1625	2534
PB1|PP755587.1|A/cattle/Texas/24-008749-002/2024(H5N1)	1626	2564
PB1|PP755587.1|A/cattle/Texas/24-008749-002/2024(H5N1)	1627	2575
PB1|PP755587.1|A/cattle/Texas/24-008749-002/2024(H5N1)	1628	2619
PB1|PP755587.1|A/cattle/Texas/24-008749-002/2024(H5N1)	1629	2587
PB1|PP755587.1|A/cattle/Texas/24-008749-002/2024(H5N1)	1630	2586
PB1|PP755587.1|A/cattle/Texas/24-008749-002/2024(H5N1)	1631	2588
PB1|PP755587.1|A/cattle/Texas/24-008749-002/2024(H5N1)	1632	2603
PB1|PP755587.1|A/cattle/Texas/24-008749-002/2024(H5N1)	1633	2626
PB1|PP755587.1|A/cattle/Texas/24-008749-002/2024(H5N1)	1634	2620
PB1|PP755587.1|A/cattle/Texas/24-008749-002/2024(H5N1)	1635	2589
PB1|PP755587.1|A/cattle/Texas/24-008749-002/2024(H5N1)	1636	2564
PB1|PP755587.1|A/cattle/Texas/24-008749-002/2024(H5N1)	1637	2589
PB1|PP755587.1|A/cattle/Texas/24-008749-002/2024(H5N1)	1638	2635
PB1|PP755587.1|A/cattle/Texas/24-008749-002/2024(H5N1)	1639	2633
PB1|PP755587.1|A/cattle/Texas/24-008749-002/2024(H5N1)	1640	2632
PB1|PP755587.1|A/cattle/Texas/24-008749-002/2024(H5N1)	1641	2647
PB1|PP755587.1|A/cattle/Texas/24-008749-002/2024(H5N1)	1642	2634
PB1|PP755587.1|A/cattle/Texas/24-008749-002/2024(H5N1)	1643	2724
PB1|PP755587.1|A/cattle/Texas/24-008749-002/2024(H5N1)	1644	2791
PB1|PP755587.1|A/cattle/Texas/24-008749-002/2024(H5N1)	1645	2794
PB1|PP755587.1|A/cattle/Texas/24-008749-002/2024(H5N1)	1646	2828
PB1|PP755587.1|A/cattle/Texas/24-008749-002/2024(H5N1)	1647	2824
PB1|PP755587.1|A/cattle/Texas/24-008749-002/2024(H5N1)	1648	2830
PB1|PP755587.1|A/cattle/Texas/24-008749-002/2024(H5N1)	1649	2833
PB1|PP755587.1|A/cattle/Texas/24-008749-002/2024(H5N1)	1650	2847
PB1|PP755587.1|A/cattle/Texas/24-008749-002/2024(H5N1)	1651	2843
PB1|PP755587.1|A/cattle/Texas/24-008749-002/2024(H5N1)	1652	2875
PB1|PP755587.1|A/cattle/Texas/24-008749-002/2024(H5N1)	1653	2932
PB1|PP755587.1|A/cattle/Texas/24-008749-002/2024(H5N1)	1654	2924
PB1|PP755587.1|A/cattle/Texas/24-008749-002/2024(H5N1)	1655	2963
PB1|PP755587.1|A/cattle/Texas/24-008749-002/2024(H5N1)	1656	2956
PB1|PP755587.1|A/cattle/Texas/24-008749-002/2024(H5N1)	1657	2958
PB1|PP755587.1|A/cattle/Texas/24-008749-002/2024(H5N1)	1658	2947
PB1|PP755587.1|A/cattle/Texas/24-008749-002/2024(H5N1)	1659	2942
PB1|PP755587.1|A/cattle/Texas/24-008749-002/2024(H5N1)	1660	2950
PB1|PP755587.1|A/cattle/Texas/24-008749-002/2024(H5N1)	1661	3025
PB1|PP755587.1|A/cattle/Texas/24-008749-002/2024(H5N1)	1662	2992
PB1|PP755587.1|A/cattle/Texas/24-008749-002/2024(H5N1)	1663	3032
PB1|PP755587.1|A/cattle/Texas/24-008749-002/2024(H5N1)	1664	2989
PB1|PP755587.1|A/cattle/Texas/24-008749-002/2024(H5N1)	1665	2981
PB1|PP755587.1|A/cattle/Texas/24-008749-002/2024(H5N1)	1666	2992
PB1|PP755587.1|A/cattle/Texas/24-008749-002/2024(H5N1)	1667	2988
PB1|PP755587.1|A/cattle/Texas/24-008749-002/2024(H5N1)	1668	2989
PB1|PP755587.1|A/cattle/Texas/24-008749-002/2024(H5N1)	1669	2973
PB1|PP755587.1|A/cattle/Texas/24-008749-002/2024(H5N1)	1670	2973
PB1|PP755587.1|A/cattle/Texas/24-008749-002/2024(H5N1)	1671	2964
PB1|PP755587.1|A/cattle/Texas/24-008749-002/2024(H5N1)	1672	3032
PB1|PP755587.1|A/cattle/Texas/24-008749-002/2024(H5N1)	1673	3052
PB1|PP755587.1|A/cattle/Texas/24-008749-002/2024(H5N1)	1674	3058
PB1|PP755587.1|A/cattle/Texas/24-008749-002/2024(H5N1)	1675	3052
PB1|PP755587.1|A/cattle/Texas/24-008749-002/2024(H5N1)	1676	3039
PB1|PP755587.1|A/cattle/Texas/24-008749-002/2024(H5N1)	1677	3053
PB1|PP755587.1|A/cattle/Texas/24-008749-002/2024(H5N1)	1678	3191
PB1|PP755587.1|A/cattle/Texas/24-008749-002/2024(H5N1)	1679	3188
PB1|PP755587.1|A/cattle/Texas/24-008749-002/2024(H5N1)	1680	3230
PB1|PP755587.1|A/cattle/Texas/24-008749-002/2024(H5N1)	1681	3127
PB1|PP755587.1|A/cattle/Texas/24-008749-002/2024(H5N1)	1682	3113
PB1|PP755587.1|A/cattle/Texas/24-008749-002/2024(H5N1)	1683	3119
PB1|PP755587.1|A/cattle/Texas/24-008749-002/2024(H5N1)	1684	3158
PB1|PP755587.1|A/cattle/Texas/24-008749-002/2024(H5N1)	1685	3161
PB1|PP755587.1|A/cattle/Texas/24-008749-002/2024(H5N1)	1686	3095
PB1|PP755587.1|A/cattle/Texas/24-008749-002/2024(H5N1)	1687	2946
PB1|PP755587.1|A/cattle/Texas/24-008749-002/2024(H5N1)	1688	3015
PB1|PP755587.1|A/cattle/Texas/24-008749-002/2024(H5N1)	1689	2990
PB1|PP755587.1|A/cattle/Texas/24-008749-002/2024(H5N1)	1690	3015
PB1|PP755587.1|A/cattle/Texas/24-008749-002/2024(H5N1)	1691	3000
PB1|PP755587.1|A/cattle/Texas/24-008749-002/2024(H5N1)	1692	3000
PB1|PP755587.1|A/cattle/Texas/24-008749-002/2024(H5N1)	1693	2990
PB1|PP755587.1|A/cattle/Texas/24-008749-002/2024(H5N1)	1694	2980
PB1|PP755587.1|A/cattle/Texas/24-008749-002/2024(H5N1)	1695	2962
PB1|PP755587.1|A/cattle/Texas/24-008749-002/2024(H5N1)	1696	2920
PB1|PP755587.1|A/cattle/Texas/24-008749-002/2024(H5N1)	1697	2919
PB1|PP755587.1|A/cattle/Texas/24-008749-002/2024(H5N1)	1698	2921
PB1|PP755587.1|A/cattle/Texas/24-008749-002/2024(H5N1)	1699	2923
PB1|PP755587.1|A/cattle/Texas/24-008749-002/2024(H5N1)	1700	2920
PB1|PP755587.1|A/cattle/Texas/24-008749-002/2024(H5N1)	1701	2948
PB1|PP755587.1|A/cattle/Texas/24-008749-002/2024(H5N1)	1702	2938
PB1|PP755587.1|A/cattle/Texas/24-008749-002/2024(H5N1)	1703	2965
PB1|PP755587.1|A/cattle/Texas/24-008749-002/2024(H5N1)	1704	2958
PB1|PP755587.1|A/cattle/Texas/24-008749-002/2024(H5N1)	1705	2896
PB1|PP755587.1|A/cattle/Texas/24-008749-002/2024(H5N1)	1706	2891
PB1|PP755587.1|A/cattle/Texas/24-008749-002/2024(H5N1)	1707	2886
PB1|PP755587.1|A/cattle/Texas/24-008749-002/2024(H5N1)	1708	2874
PB1|PP755587.1|A/cattle/Texas/24-008749-002/2024(H5N1)	1709	2870
PB1|PP755587.1|A/cattle/Texas/24-008749-002/2024(H5N1)	1710	2859
PB1|PP755587.1|A/cattle/Texas/24-008749-002/2024(H5N1)	1711	2865
PB1|PP755587.1|A/cattle/Texas/24-008749-002/2024(H5N1)	1712	2858
PB1|PP755587.1|A/cattle/Texas/24-008749-002/2024(H5N1)	1713	2831
PB1|PP755587.1|A/cattle/Texas/24-008749-002/2024(H5N1)	1714	2856
PB1|PP755587.1|A/cattle/Texas/24-008749-002/2024(H5N1)	1715	2830
PB1|PP755587.1|A/cattle/Texas/24-008749-002/2024(H5N1)	1716	2833
PB1|PP755587.1|A/cattle/Texas/24-008749-002/2024(H5N1)	1717	2831
PB1|PP755587.1|A/cattle/Texas/24-008749-002/2024(H5N1)	1718	2835
PB1|PP755587.1|A/cattle/Texas/24-008749-002/2024(H5N1)	1719	2841
PB1|PP755587.1|A/cattle/Texas/24-008749-002/2024(H5N1)	1720	2866
PB1|PP755587.1|A/cattle/Texas/24-008749-002/2024(H5N1)	1721	2864
PB1|PP755587.1|A/cattle/Texas/24-008749-002/2024(H5N1)	1722	2871
PB1|PP755587.1|A/cattle/Texas/24-008749-002/2024(H5N1)	1723	2857
PB1|PP755587.1|A/cattle/Texas/24-008749-002/2024(H5N1)	1724	2850
PB1|PP755587.1|A/cattle/Texas/24-008749-002/2024(H5N1)	1725	2840
PB1|PP755587.1|A/cattle/Texas/24-008749-002/2024(H5N1)	1726	2882
PB1|PP755587.1|A/cattle/Texas/24-008749-002/2024(H5N1)	1727	2899
PB1|PP755587.1|A/cattle/Texas/24-008749-002/2024(H5N1)	1728	2896
PB1|PP755587.1|A/cattle/Texas/24-008749-002/2024(H5N1)	1729	2964
PB1|PP755587.1|A/cattle/Texas/24-008749-002/2024(H5N1)	1730	2965
PB1|PP755587.1|A/cattle/Texas/24-008749-002/2024(H5N1)	1731	2969
PB1|PP755587.1|A/cattle/Texas/24-008749-002/2024(H5N1)	1732	2969
PB1|PP755587.1|A/cattle/Texas/24-008749-002/2024(H5N1)	1733	2988
PB1|PP755587.1|A/cattle/Texas/24-008749-002/2024(H5N1)	1734	2995
PB1|PP755587.1|A/cattle/Texas/24-008749-002/2024(H5N1)	1735	2930
PB1|PP755587.1|A/cattle/Texas/24-008749-002/2024(H5N1)	1736	2932
PB1|PP755587.1|A/cattle/Texas/24-008749-002/2024(H5N1)	1737	2905
PB1|PP755587.1|A/cattle/Texas/24-008749-002/2024(H5N1)	1738	2900
PB1|PP755587.1|A/cattle/Texas/24-008749-002/2024(H5N1)	1739	2764
PB1|PP755587.1|A/cattle/Texas/24-008749-002/2024(H5N1)	1740	2821
PB1|PP755587.1|A/cattle/Texas/24-008749-002/2024(H5N1)	1741	2829
PB1|PP755587.1|A/cattle/Texas/24-008749-002/2024(H5N1)	1742	2829
PB1|PP755587.1|A/cattle/Texas/24-008749-002/2024(H5N1)	1743	2874
PB1|PP755587.1|A/cattle/Texas/24-008749-002/2024(H5N1)	1744	2875
PB1|PP755587.1|A/cattle/Texas/24-008749-002/2024(H5N1)	1745	2909
PB1|PP755587.1|A/cattle/Texas/24-008749-002/2024(H5N1)	1746	2912
PB1|PP755587.1|A/cattle/Texas/24-008749-002/2024(H5N1)	1747	2894
PB1|PP755587.1|A/cattle/Texas/24-008749-002/2024(H5N1)	1748	2891
PB1|PP755587.1|A/cattle/Texas/24-008749-002/2024(H5N1)	1749	2861
PB1|PP755587.1|A/cattle/Texas/24-008749-002/2024(H5N1)	1750	2878
PB1|PP755587.1|A/cattle/Texas/24-008749-002/2024(H5N1)	1751	2898
PB1|PP755587.1|A/cattle/Texas/24-008749-002/2024(H5N1)	1752	2884
PB1|PP755587.1|A/cattle/Texas/24-008749-002/2024(H5N1)	1753	2891
PB1|PP755587.1|A/cattle/Texas/24-008749-002/2024(H5N1)	1754	3002
PB1|PP755587.1|A/cattle/Texas/24-008749-002/2024(H5N1)	1755	2992
PB1|PP755587.1|A/cattle/Texas/24-008749-002/2024(H5N1)	1756	2987
PB1|PP755587.1|A/cattle/Texas/24-008749-002/2024(H5N1)	1757	2955
PB1|PP755587.1|A/cattle/Texas/24-008749-002/2024(H5N1)	1758	2955
PB1|PP755587.1|A/cattle/Texas/24-008749-002/2024(H5N1)	1759	2967
PB1|PP755587.1|A/cattle/Texas/24-008749-002/2024(H5N1)	1760	2963
PB1|PP755587.1|A/cattle/Texas/24-008749-002/2024(H5N1)	1761	2969
PB1|PP755587.1|A/cattle/Texas/24-008749-002/2024(H5N1)	1762	2973
PB1|PP755587.1|A/cattle/Texas/24-008749-002/2024(H5N1)	1763	2867
PB1|PP755587.1|A/cattle/Texas/24-008749-002/2024(H5N1)	1764	2878
PB1|PP755587.1|A/cattle/Texas/24-008749-002/2024(H5N1)	1765	2870
PB1|PP755587.1|A/cattle/Texas/24-008749-002/2024(H5N1)	1766	2870
PB1|PP755587.1|A/cattle/Texas/24-008749-002/2024(H5N1)	1767	2871
PB1|PP755587.1|A/cattle/Texas/24-008749-002/2024(H5N1)	1768	2864
PB1|PP755587.1|A/cattle/Texas/24-008749-002/2024(H5N1)	1769	2868
PB1|PP755587.1|A/cattle/Texas/24-008749-002/2024(H5N1)	1770	2921
PB1|PP755587.1|A/cattle/Texas/24-008749-002/2024(H5N1)	1771	2880
PB1|PP755587.1|A/cattle/Texas/24-008749-002/2024(H5N1)	1772	2871
PB1|PP755587.1|A/cattle/Texas/24-008749-002/2024(H5N1)	1773	2862
PB1|PP755587.1|A/cattle/Texas/24-008749-002/2024(H5N1)	1774	2842
PB1|PP755587.1|A/cattle/Texas/24-008749-002/2024(H5N1)	1775	2863
PB1|PP755587.1|A/cattle/Texas/24-008749-002/2024(H5N1)	1776	2900
PB1|PP755587.1|A/cattle/Texas/24-008749-002/2024(H5N1)	1777	2965
PB1|PP755587.1|A/cattle/Texas/24-008749-002/2024(H5N1)	1778	2965
PB1|PP755587.1|A/cattle/Texas/24-008749-002/2024(H5N1)	1779	2880
PB1|PP755587.1|A/cattle/Texas/24-008749-002/2024(H5N1)	1780	2889
PB1|PP755587.1|A/cattle/Texas/24-008749-002/2024(H5N1)	1781	2863
PB1|PP755587.1|A/cattle/Texas/24-008749-002/2024(H5N1)	1782	2858
PB1|PP755587.1|A/cattle/Texas/24-008749-002/2024(H5N1)	1783	2881
PB1|PP755587.1|A/cattle/Texas/24-008749-002/2024(H5N1)	1784	2889
PB1|PP755587.1|A/cattle/Texas/24-008749-002/2024(H5N1)	1785	2909
PB1|PP755587.1|A/cattle/Texas/24-008749-002/2024(H5N1)	1786	2966
PB1|PP755587.1|A/cattle/Texas/24-008749-002/2024(H5N1)	1787	2942
PB1|PP755587.1|A/cattle/Texas/24-008749-002/2024(H5N1)	1788	2970
PB1|PP755587.1|A/cattle/Texas/24-008749-002/2024(H5N1)	1789	2955
PB1|PP755587.1|A/cattle/Texas/24-008749-002/2024(H5N1)	1790	2959
PB1|PP755587.1|A/cattle/Texas/24-008749-002/2024(H5N1)	1791	3023
PB1|PP755587.1|A/cattle/Texas/24-008749-002/2024(H5N1)	1792	2976
PB1|PP755587.1|A/cattle/Texas/24-008749-002/2024(H5N1)	1793	2947
PB1|PP755587.1|A/cattle/Texas/24-008749-002/2024(H5N1)	1794	2870
PB1|PP755587.1|A/cattle/Texas/24-008749-002/2024(H5N1)	1795	2837
PB1|PP755587.1|A/cattle/Texas/24-008749-002/2024(H5N1)	1796	2846
PB1|PP755587.1|A/cattle/Texas/24-008749-002/2024(H5N1)	1797	2956
PB1|PP755587.1|A/cattle/Texas/24-008749-002/2024(H5N1)	1798	2955
PB1|PP755587.1|A/cattle/Texas/24-008749-002/2024(H5N1)	1799	2977
PB1|PP755587.1|A/cattle/Texas/24-008749-002/2024(H5N1)	1800	2961
PB1|PP755587.1|A/cattle/Texas/24-008749-002/2024(H5N1)	1801	2975
PB1|PP755587.1|A/cattle/Texas/24-008749-002/2024(H5N1)	1802	3146
PB1|PP755587.1|A/cattle/Texas/24-008749-002/2024(H5N1)	1803	3120
PB1|PP755587.1|A/cattle/Texas/24-008749-002/2024(H5N1)	1804	3086
PB1|PP755587.1|A/cattle/Texas/24-008749-002/2024(H5N1)	1805	3115
PB1|PP755587.1|A/cattle/Texas/24-008749-002/2024(H5N1)	1806	3055
PB1|PP755587.1|A/cattle/Texas/24-008749-002/2024(H5N1)	1807	3070
PB1|PP755587.1|A/cattle/Texas/24-008749-002/2024(H5N1)	1808	3099
PB1|PP755587.1|A/cattle/Texas/24-008749-002/2024(H5N1)	1809	3085
PB1|PP755587.1|A/cattle/Texas/24-008749-002/2024(H5N1)	1810	3074
PB1|PP755587.1|A/cattle/Texas/24-008749-002/2024(H5N1)	1811	2879
PB1|PP755587.1|A/cattle/Texas/24-008749-002/2024(H5N1)	1812	2879
PB1|PP755587.1|A/cattle/Texas/24-008749-002/2024(H5N1)	1813	2897
PB1|PP755587.1|A/cattle/Texas/24-008749-002/2024(H5N1)	1814	2875
PB1|PP755587.1|A/cattle/Texas/24-008749-002/2024(H5N1)	1815	2886
PB1|PP755587.1|A/cattle/Texas/24-008749-002/2024(H5N1)	1816	2872
PB1|PP755587.1|A/cattle/Texas/24-008749-002/2024(H5N1)	1817	2870
PB1|PP755587.1|A/cattle/Texas/24-008749-002/2024(H5N1)	1818	2867
PB1|PP755587.1|A/cattle/Texas/24-008749-002/2024(H5N1)	1819	2866
PB1|PP755587.1|A/cattle/Texas/24-008749-002/2024(H5N1)	1820	2898
PB1|PP755587.1|A/cattle/Texas/24-008749-002/2024(H5N1)	1821	2895
PB1|PP755587.1|A/cattle/Texas/24-008749-002/2024(H5N1)	1822	2901
PB1|PP755587.1|A/cattle/Texas/24-008749-002/2024(H5N1)	1823	2811
PB1|PP755587.1|A/cattle/Texas/24-008749-002/2024(H5N1)	1824	2912
PB1|PP755587.1|A/cattle/Texas/24-008749-002/2024(H5N1)	1825	2966
PB1|PP755587.1|A/cattle/Texas/24-008749-002/2024(H5N1)	1826	2967
PB1|PP755587.1|A/cattle/Texas/24-008749-002/2024(H5N1)	1827	2968
PB1|PP755587.1|A/cattle/Texas/24-008749-002/2024(H5N1)	1828	2840
PB1|PP755587.1|A/cattle/Texas/24-008749-002/2024(H5N1)	1829	2839
PB1|PP755587.1|A/cattle/Texas/24-008749-002/2024(H5N1)	1830	2965
PB1|PP755587.1|A/cattle/Texas/24-008749-002/2024(H5N1)	1831	2921
PB1|PP755587.1|A/cattle/Texas/24-008749-002/2024(H5N1)	1832	2948
PB1|PP755587.1|A/cattle/Texas/24-008749-002/2024(H5N1)	1833	2939
PB1|PP755587.1|A/cattle/Texas/24-008749-002/2024(H5N1)	1834	2943
PB1|PP755587.1|A/cattle/Texas/24-008749-002/2024(H5N1)	1835	2914
PB1|PP755587.1|A/cattle/Texas/24-008749-002/2024(H5N1)	1836	2915
PB1|PP755587.1|A/cattle/Texas/24-008749-002/2024(H5N1)	1837	2873
PB1|PP755587.1|A/cattle/Texas/24-008749-002/2024(H5N1)	1838	2870
PB1|PP755587.1|A/cattle/Texas/24-008749-002/2024(H5N1)	1839	2848
PB1|PP755587.1|A/cattle/Texas/24-008749-002/2024(H5N1)	1840	2839
PB1|PP755587.1|A/cattle/Texas/24-008749-002/2024(H5N1)	1841	2823
PB1|PP755587.1|A/cattle/Texas/24-008749-002/2024(H5N1)	1842	2875
PB1|PP755587.1|A/cattle/Texas/24-008749-002/2024(H5N1)	1843	2841
PB1|PP755587.1|A/cattle/Texas/24-008749-002/2024(H5N1)	1844	2847
PB1|PP755587.1|A/cattle/Texas/24-008749-002/2024(H5N1)	1845	2849
PB1|PP755587.1|A/cattle/Texas/24-008749-002/2024(H5N1)	1846	2844
PB1|PP755587.1|A/cattle/Texas/24-008749-002/2024(H5N1)	1847	2769
PB1|PP755587.1|A/cattle/Texas/24-008749-002/2024(H5N1)	1848	2779
PB1|PP755587.1|A/cattle/Texas/24-008749-002/2024(H5N1)	1849	2807
PB1|PP755587.1|A/cattle/Texas/24-008749-002/2024(H5N1)	1850	2802
PB1|PP755587.1|A/cattle/Texas/24-008749-002/2024(H5N1)	1851	2779
PB1|PP755587.1|A/cattle/Texas/24-008749-002/2024(H5N1)	1852	2761
PB1|PP755587.1|A/cattle/Texas/24-008749-002/2024(H5N1)	1853	2762
PB1|PP755587.1|A/cattle/Texas/24-008749-002/2024(H5N1)	1854	2759
PB1|PP755587.1|A/cattle/Texas/24-008749-002/2024(H5N1)	1855	2764
PB1|PP755587.1|A/cattle/Texas/24-008749-002/2024(H5N1)	1856	2772
PB1|PP755587.1|A/cattle/Texas/24-008749-002/2024(H5N1)	1857	2782
PB1|PP755587.1|A/cattle/Texas/24-008749-002/2024(H5N1)	1858	2811
PB1|PP755587.1|A/cattle/Texas/24-008749-002/2024(H5N1)	1859	2810
PB1|PP755587.1|A/cattle/Texas/24-008749-002/2024(H5N1)	1860	2811
PB1|PP755587.1|A/cattle/Texas/24-008749-002/2024(H5N1)	1861	2801
PB1|PP755587.1|A/cattle/Texas/24-008749-002/2024(H5N1)	1862	2838
PB1|PP755587.1|A/cattle/Texas/24-008749-002/2024(H5N1)	1863	2981
PB1|PP755587.1|A/cattle/Texas/24-008749-002/2024(H5N1)	1864	2971
PB1|PP755587.1|A/cattle/Texas/24-008749-002/2024(H5N1)	1865	2963
PB1|PP755587.1|A/cattle/Texas/24-008749-002/2024(H5N1)	1866	2979
PB1|PP755587.1|A/cattle/Texas/24-008749-002/2024(H5N1)	1867	2975
PB1|PP755587.1|A/cattle/Texas/24-008749-002/2024(H5N1)	1868	3002
PB1|PP755587.1|A/cattle/Texas/24-008749-002/2024(H5N1)	1869	2997
PB1|PP755587.1|A/cattle/Texas/24-008749-002/2024(H5N1)	1870	3067
PB1|PP755587.1|A/cattle/Texas/24-008749-002/2024(H5N1)	1871	3034
PB1|PP755587.1|A/cattle/Texas/24-008749-002/2024(H5N1)	1872	3101
PB1|PP755587.1|A/cattle/Texas/24-008749-002/2024(H5N1)	1873	3095
PB1|PP755587.1|A/cattle/Texas/24-008749-002/2024(H5N1)	1874	3102
PB1|PP755587.1|A/cattle/Texas/24-008749-002/2024(H5N1)	1875	3086
PB1|PP755587.1|A/cattle/Texas/24-008749-002/2024(H5N1)	1876	3092
PB1|PP755587.1|A/cattle/Texas/24-008749-002/2024(H5N1)	1877	3060
PB1|PP755587.1|A/cattle/Texas/24-008749-002/2024(H5N1)	1878	3057
PB1|PP755587.1|A/cattle/Texas/24-008749-002/2024(H5N1)	1879	2960
PB1|PP755587.1|A/cattle/Texas/24-008749-002/2024(H5N1)	1880	2962
PB1|PP755587.1|A/cattle/Texas/24-008749-002/2024(H5N1)	1881	2944
PB1|PP755587.1|A/cattle/Texas/24-008749-002/2024(H5N1)	1882	2977
PB1|PP755587.1|A/cattle/Texas/24-008749-002/2024(H5N1)	1883	2978
PB1|PP755587.1|A/cattle/Texas/24-008749-002/2024(H5N1)	1884	2944
PB1|PP755587.1|A/cattle/Texas/24-008749-002/2024(H5N1)	1885	2979
PB1|PP755587.1|A/cattle/Texas/24-008749-002/2024(H5N1)	1886	3074
PB1|PP755587.1|A/cattle/Texas/24-008749-002/2024(H5N1)	1887	3096
PB1|PP755587.1|A/cattle/Texas/24-008749-002/2024(H5N1)	1888	3099
PB1|PP755587.1|A/cattle/Texas/24-008749-002/2024(H5N1)	1889	3101
PB1|PP755587.1|A/cattle/Texas/24-008749-002/2024(H5N1)	1890	3091
PB1|PP755587.1|A/cattle/Texas/24-008749-002/2024(H5N1)	1891	3070
PB1|PP755587.1|A/cattle/Texas/24-008749-002/2024(H5N1)	1892	3071
PB1|PP755587.1|A/cattle/Texas/24-008749-002/2024(H5N1)	1893	3159
PB1|PP755587.1|A/cattle/Texas/24-008749-002/2024(H5N1)	1894	3108
PB1|PP755587.1|A/cattle/Texas/24-008749-002/2024(H5N1)	1895	3091
PB1|PP755587.1|A/cattle/Texas/24-008749-002/2024(H5N1)	1896	3055
PB1|PP755587.1|A/cattle/Texas/24-008749-002/2024(H5N1)	1897	3082
PB1|PP755587.1|A/cattle/Texas/24-008749-002/2024(H5N1)	1898	3103
PB1|PP755587.1|A/cattle/Texas/24-008749-002/2024(H5N1)	1899	3106
PB1|PP755587.1|A/cattle/Texas/24-008749-002/2024(H5N1)	1900	3102
PB1|PP755587.1|A/cattle/Texas/24-008749-002/2024(H5N1)	1901	3079
PB1|PP755587.1|A/cattle/Texas/24-008749-002/2024(H5N1)	1902	3044
PB1|PP755587.1|A/cattle/Texas/24-008749-002/2024(H5N1)	1903	3041
PB1|PP755587.1|A/cattle/Texas/24-008749-002/2024(H5N1)	1904	3083
PB1|PP755587.1|A/cattle/Texas/24-008749-002/2024(H5N1)	1905	3002
PB1|PP755587.1|A/cattle/Texas/24-008749-002/2024(H5N1)	1906	2992
PB1|PP755587.1|A/cattle/Texas/24-008749-002/2024(H5N1)	1907	2991
PB1|PP755587.1|A/cattle/Texas/24-008749-002/2024(H5N1)	1908	2990
PB1|PP755587.1|A/cattle/Texas/24-008749-002/2024(H5N1)	1909	2994
PB1|PP755587.1|A/cattle/Texas/24-008749-002/2024(H5N1)	1910	2981
PB1|PP755587.1|A/cattle/Texas/24-008749-002/2024(H5N1)	1911	2983
PB1|PP755587.1|A/cattle/Texas/24-008749-002/2024(H5N1)	1912	2997
PB1|PP755587.1|A/cattle/Texas/24-008749-002/2024(H5N1)	1913	2991
PB1|PP755587.1|A/cattle/Texas/24-008749-002/2024(H5N1)	1914	2984
PB1|PP755587.1|A/cattle/Texas/24-008749-002/2024(H5N1)	1915	2977
PB1|PP755587.1|A/cattle/Texas/24-008749-002/2024(H5N1)	1916	2979
PB1|PP755587.1|A/cattle/Texas/24-008749-002/2024(H5N1)	1917	3036
PB1|PP755587.1|A/cattle/Texas/24-008749-002/2024(H5N1)	1918	3035
PB1|PP755587.1|A/cattle/Texas/24-008749-002/2024(H5N1)	1919	3155
PB1|PP755587.1|A/cattle/Texas/24-008749-002/2024(H5N1)	1920	3156
PB1|PP755587.1|A/cattle/Texas/24-008749-002/2024(H5N1)	1921	3109
PB1|PP755587.1|A/cattle/Texas/24-008749-002/2024(H5N1)	1922	3124
PB1|PP755587.1|A/cattle/Texas/24-008749-002/2024(H5N1)	1923	3123
PB1|PP755587.1|A/cattle/Texas/24-008749-002/2024(H5N1)	1924	3112
PB1|PP755587.1|A/cattle/Texas/24-008749-002/2024(H5N1)	1925	3117
PB1|PP755587.1|A/cattle/Texas/24-008749-002/2024(H5N1)	1926	3075
PB1|PP755587.1|A/cattle/Texas/24-008749-002/2024(H5N1)	1927	3110
PB1|PP755587.1|A/cattle/Texas/24-008749-002/2024(H5N1)	1928	3081
PB1|PP755587.1|A/cattle/Texas/24-008749-002/2024(H5N1)	1929	3054
PB1|PP755587.1|A/cattle/Texas/24-008749-002/2024(H5N1)	1930	3050
PB1|PP755587.1|A/cattle/Texas/24-008749-002/2024(H5N1)	1931	3058
PB1|PP755587.1|A/cattle/Texas/24-008749-002/2024(H5N1)	1932	3092
PB1|PP755587.1|A/cattle/Texas/24-008749-002/2024(H5N1)	1933	3143
PB1|PP755587.1|A/cattle/Texas/24-008749-002/2024(H5N1)	1934	3131
PB1|PP755587.1|A/cattle/Texas/24-008749-002/2024(H5N1)	1935	3117
PB1|PP755587.1|A/cattle/Texas/24-008749-002/2024(H5N1)	1936	3137
PB1|PP755587.1|A/cattle/Texas/24-008749-002/2024(H5N1)	1937	3090
PB1|PP755587.1|A/cattle/Texas/24-008749-002/2024(H5N1)	1938	3223
PB1|PP755587.1|A/cattle/Texas/24-008749-002/2024(H5N1)	1939	3200
PB1|PP755587.1|A/cattle/Texas/24-008749-002/2024(H5N1)	1940	3227
PB1|PP755587.1|A/cattle/Texas/24-008749-002/2024(H5N1)	1941	3226
PB1|PP755587.1|A/cattle/Texas/24-008749-002/2024(H5N1)	1942	3173
PB1|PP755587.1|A/cattle/Texas/24-008749-002/2024(H5N1)	1943	3205
PB1|PP755587.1|A/cattle/Texas/24-008749-002/2024(H5N1)	1944	3215
PB1|PP755587.1|A/cattle/Texas/24-008749-002/2024(H5N1)	1945	3262
PB1|PP755587.1|A/cattle/Texas/24-008749-002/2024(H5N1)	1946	3266
PB1|PP755587.1|A/cattle/Texas/24-008749-002/2024(H5N1)	1947	3148
PB1|PP755587.1|A/cattle/Texas/24-008749-002/2024(H5N1)	1948	3107
PB1|PP755587.1|A/cattle/Texas/24-008749-002/2024(H5N1)	1949	3086
PB1|PP755587.1|A/cattle/Texas/24-008749-002/2024(H5N1)	1950	3101
PB1|PP755587.1|A/cattle/Texas/24-008749-002/2024(H5N1)	1951	3101
PB1|PP755587.1|A/cattle/Texas/24-008749-002/2024(H5N1)	1952	2920
PB1|PP755587.1|A/cattle/Texas/24-008749-002/2024(H5N1)	1953	2918
PB1|PP755587.1|A/cattle/Texas/24-008749-002/2024(H5N1)	1954	2872
PB1|PP755587.1|A/cattle/Texas/24-008749-002/2024(H5N1)	1955	2882
PB1|PP755587.1|A/cattle/Texas/24-008749-002/2024(H5N1)	1956	2847
PB1|PP755587.1|A/cattle/Texas/24-008749-002/2024(H5N1)	1957	2845
PB1|PP755587.1|A/cattle/Texas/24-008749-002/2024(H5N1)	1958	2844
PB1|PP755587.1|A/cattle/Texas/24-008749-002/2024(H5N1)	1959	2818
PB1|PP755587.1|A/cattle/Texas/24-008749-002/2024(H5N1)	1960	2823
PB1|PP755587.1|A/cattle/Texas/24-008749-002/2024(H5N1)	1961	2821
PB1|PP755587.1|A/cattle/Texas/24-008749-002/2024(H5N1)	1962	2852
PB1|PP755587.1|A/cattle/Texas/24-008749-002/2024(H5N1)	1963	2843
PB1|PP755587.1|A/cattle/Texas/24-008749-002/2024(H5N1)	1964	2811
PB1|PP755587.1|A/cattle/Texas/24-008749-002/2024(H5N1)	1965	2797
PB1|PP755587.1|A/cattle/Texas/24-008749-002/2024(H5N1)	1966	2885
PB1|PP755587.1|A/cattle/Texas/24-008749-002/2024(H5N1)	1967	2983
PB1|PP755587.1|A/cattle/Texas/24-008749-002/2024(H5N1)	1968	2996
PB1|PP755587.1|A/cattle/Texas/24-008749-002/2024(H5N1)	1969	3012
PB1|PP755587.1|A/cattle/Texas/24-008749-002/2024(H5N1)	1970	3013
PB1|PP755587.1|A/cattle/Texas/24-008749-002/2024(H5N1)	1971	2980
PB1|PP755587.1|A/cattle/Texas/24-008749-002/2024(H5N1)	1972	3043
PB1|PP755587.1|A/cattle/Texas/24-008749-002/2024(H5N1)	1973	3053
PB1|PP755587.1|A/cattle/Texas/24-008749-002/2024(H5N1)	1974	3104
PB1|PP755587.1|A/cattle/Texas/24-008749-002/2024(H5N1)	1975	2996
PB1|PP755587.1|A/cattle/Texas/24-008749-002/2024(H5N1)	1976	2969
PB1|PP755587.1|A/cattle/Texas/24-008749-002/2024(H5N1)	1977	2965
PB1|PP755587.1|A/cattle/Texas/24-008749-002/2024(H5N1)	1978	2973
PB1|PP755587.1|A/cattle/Texas/24-008749-002/2024(H5N1)	1979	3071
PB1|PP755587.1|A/cattle/Texas/24-008749-002/2024(H5N1)	1980	3096
PB1|PP755587.1|A/cattle/Texas/24-008749-002/2024(H5N1)	1981	3125
PB1|PP755587.1|A/cattle/Texas/24-008749-002/2024(H5N1)	1982	3125
PB1|PP755587.1|A/cattle/Texas/24-008749-002/2024(H5N1)	1983	3130
PB1|PP755587.1|A/cattle/Texas/24-008749-002/2024(H5N1)	1984	3131
PB1|PP755587.1|A/cattle/Texas/24-008749-002/2024(H5N1)	1985	3125
PB1|PP755587.1|A/cattle/Texas/24-008749-002/2024(H5N1)	1986	3148
PB1|PP755587.1|A/cattle/Texas/24-008749-002/2024(H5N1)	1987	3145
PB1|PP755587.1|A/cattle/Texas/24-008749-002/2024(H5N1)	1988	3108
PB1|PP755587.1|A/cattle/Texas/24-008749-002/2024(H5N1)	1989	3070
PB1|PP755587.1|A/cattle/Texas/24-008749-002/2024(H5N1)	1990	3040
PB1|PP755587.1|A/cattle/Texas/24-008749-002/2024(H5N1)	1991	3066
PB1|PP755587.1|A/cattle/Texas/24-008749-002/2024(H5N1)	1992	3052
PB1|PP755587.1|A/cattle/Texas/24-008749-002/2024(H5N1)	1993	3072
PB1|PP755587.1|A/cattle/Texas/24-008749-002/2024(H5N1)	1994	3079
PB1|PP755587.1|A/cattle/Texas/24-008749-002/2024(H5N1)	1995	3085
PB1|PP755587.1|A/cattle/Texas/24-008749-002/2024(H5N1)	1996	3088
PB1|PP755587.1|A/cattle/Texas/24-008749-002/2024(H5N1)	1997	3085
PB1|PP755587.1|A/cattle/Texas/24-008749-002/2024(H5N1)	1998	3098
PB1|PP755587.1|A/cattle/Texas/24-008749-002/2024(H5N1)	1999	3099
PB1|PP755587.1|A/cattle/Texas/24-008749-002/2024(H5N1)	2000	3133
PB1|PP755587.1|A/cattle/Texas/24-008749-002/2024(H5N1)	2001	3140
PB1|PP755587.1|A/cattle/Texas/24-008749-002/2024(H5N1)	2002	3126
PB1|PP755587.1|A/cattle/Texas/24-008749-002/2024(H5N1)	2003	3135
PB1|PP755587.1|A/cattle/Texas/24-008749-002/2024(H5N1)	2004	3128
PB1|PP755587.1|A/cattle/Texas/24-008749-002/2024(H5N1)	2005	3322
PB1|PP755587.1|A/cattle/Texas/24-008749-002/2024(H5N1)	2006	3323
PB1|PP755587.1|A/cattle/Texas/24-008749-002/2024(H5N1)	2007	3336
PB1|PP755587.1|A/cattle/Texas/24-008749-002/2024(H5N1)	2008	3315
PB1|PP755587.1|A/cattle/Texas/24-008749-002/2024(H5N1)	2009	3343
PB1|PP755587.1|A/cattle/Texas/24-008749-002/2024(H5N1)	2010	3348
PB1|PP755587.1|A/cattle/Texas/24-008749-002/2024(H5N1)	2011	3354
PB1|PP755587.1|A/cattle/Texas/24-008749-002/2024(H5N1)	2012	3352
PB1|PP755587.1|A/cattle/Texas/24-008749-002/2024(H5N1)	2013	3356
PB1|PP755587.1|A/cattle/Texas/24-008749-002/2024(H5N1)	2014	3341
PB1|PP755587.1|A/cattle/Texas/24-008749-002/2024(H5N1)	2015	3366
PB1|PP755587.1|A/cattle/Texas/24-008749-002/2024(H5N1)	2016	3351
PB1|PP755587.1|A/cattle/Texas/24-008749-002/2024(H5N1)	2017	3352
PB1|PP755587.1|A/cattle/Texas/24-008749-002/2024(H5N1)	2018	3405
PB1|PP755587.1|A/cattle/Texas/24-008749-002/2024(H5N1)	2019	3374
PB1|PP755587.1|A/cattle/Texas/24-008749-002/2024(H5N1)	2020	3377
PB1|PP755587.1|A/cattle/Texas/24-008749-002/2024(H5N1)	2021	3346
PB1|PP755587.1|A/cattle/Texas/24-008749-002/2024(H5N1)	2022	3341
PB1|PP755587.1|A/cattle/Texas/24-008749-002/2024(H5N1)	2023	3318
PB1|PP755587.1|A/cattle/Texas/24-008749-002/2024(H5N1)	2024	3306
PB1|PP755587.1|A/cattle/Texas/24-008749-002/2024(H5N1)	2025	3374
PB1|PP755587.1|A/cattle/Texas/24-008749-002/2024(H5N1)	2026	3366
PB1|PP755587.1|A/cattle/Texas/24-008749-002/2024(H5N1)	2027	3364
PB1|PP755587.1|A/cattle/Texas/24-008749-002/2024(H5N1)	2028	3490
PB1|PP755587.1|A/cattle/Texas/24-008749-002/2024(H5N1)	2029	3489
PB1|PP755587.1|A/cattle/Texas/24-008749-002/2024(H5N1)	2030	3493
PB1|PP755587.1|A/cattle/Texas/24-008749-002/2024(H5N1)	2031	3440
PB1|PP755587.1|A/cattle/Texas/24-008749-002/2024(H5N1)	2032	3441
PB1|PP755587.1|A/cattle/Texas/24-008749-002/2024(H5N1)	2033	3551
PB1|PP755587.1|A/cattle/Texas/24-008749-002/2024(H5N1)	2034	3578
PB1|PP755587.1|A/cattle/Texas/24-008749-002/2024(H5N1)	2035	3632
PB1|PP755587.1|A/cattle/Texas/24-008749-002/2024(H5N1)	2036	3584
PB1|PP755587.1|A/cattle/Texas/24-008749-002/2024(H5N1)	2037	3481
PB1|PP755587.1|A/cattle/Texas/24-008749-002/2024(H5N1)	2038	3487
PB1|PP755587.1|A/cattle/Texas/24-008749-002/2024(H5N1)	2039	3538
PB1|PP755587.1|A/cattle/Texas/24-008749-002/2024(H5N1)	2040	3564
PB1|PP755587.1|A/cattle/Texas/24-008749-002/2024(H5N1)	2041	3571
PB1|PP755587.1|A/cattle/Texas/24-008749-002/2024(H5N1)	2042	3539
PB1|PP755587.1|A/cattle/Texas/24-008749-002/2024(H5N1)	2043	3511
PB1|PP755587.1|A/cattle/Texas/24-008749-002/2024(H5N1)	2044	3436
PB1|PP755587.1|A/cattle/Texas/24-008749-002/2024(H5N1)	2045	3462
PB1|PP755587.1|A/cattle/Texas/24-008749-002/2024(H5N1)	2046	3467
PB1|PP755587.1|A/cattle/Texas/24-008749-002/2024(H5N1)	2047	3458
PB1|PP755587.1|A/cattle/Texas/24-008749-002/2024(H5N1)	2048	3465
PB1|PP755587.1|A/cattle/Texas/24-008749-002/2024(H5N1)	2049	3439
PB1|PP755587.1|A/cattle/Texas/24-008749-002/2024(H5N1)	2050	3462
PB1|PP755587.1|A/cattle/Texas/24-008749-002/2024(H5N1)	2051	3462
PB1|PP755587.1|A/cattle/Texas/24-008749-002/2024(H5N1)	2052	3485
PB1|PP755587.1|A/cattle/Texas/24-008749-002/2024(H5N1)	2053	3491
PB1|PP755587.1|A/cattle/Texas/24-008749-002/2024(H5N1)	2054	3448
PB1|PP755587.1|A/cattle/Texas/24-008749-002/2024(H5N1)	2055	3439
PB1|PP755587.1|A/cattle/Texas/24-008749-002/2024(H5N1)	2056	3436
PB1|PP755587.1|A/cattle/Texas/24-008749-002/2024(H5N1)	2057	3444
PB1|PP755587.1|A/cattle/Texas/24-008749-002/2024(H5N1)	2058	3478
PB1|PP755587.1|A/cattle/Texas/24-008749-002/2024(H5N1)	2059	3501
PB1|PP755587.1|A/cattle/Texas/24-008749-002/2024(H5N1)	2060	3498
PB1|PP755587.1|A/cattle/Texas/24-008749-002/2024(H5N1)	2061	3464
PB1|PP755587.1|A/cattle/Texas/24-008749-002/2024(H5N1)	2062	3464
PB1|PP755587.1|A/cattle/Texas/24-008749-002/2024(H5N1)	2063	3465
PB1|PP755587.1|A/cattle/Texas/24-008749-002/2024(H5N1)	2064	3509
PB1|PP755587.1|A/cattle/Texas/24-008749-002/2024(H5N1)	2065	3510
PB1|PP755587.1|A/cattle/Texas/24-008749-002/2024(H5N1)	2066	3502
PB1|PP755587.1|A/cattle/Texas/24-008749-002/2024(H5N1)	2067	3499
PB1|PP755587.1|A/cattle/Texas/24-008749-002/2024(H5N1)	2068	3451
PB1|PP755587.1|A/cattle/Texas/24-008749-002/2024(H5N1)	2069	3494
PB1|PP755587.1|A/cattle/Texas/24-008749-002/2024(H5N1)	2070	3397
PB1|PP755587.1|A/cattle/Texas/24-008749-002/2024(H5N1)	2071	3396
PB1|PP755587.1|A/cattle/Texas/24-008749-002/2024(H5N1)	2072	3409
PB1|PP755587.1|A/cattle/Texas/24-008749-002/2024(H5N1)	2073	3397
PB1|PP755587.1|A/cattle/Texas/24-008749-002/2024(H5N1)	2074	3431
PB1|PP755587.1|A/cattle/Texas/24-008749-002/2024(H5N1)	2075	3722
PB1|PP755587.1|A/cattle/Texas/24-008749-002/2024(H5N1)	2076	3712
PB1|PP755587.1|A/cattle/Texas/24-008749-002/2024(H5N1)	2077	3722
PB1|PP755587.1|A/cattle/Texas/24-008749-002/2024(H5N1)	2078	3689
PB1|PP755587.1|A/cattle/Texas/24-008749-002/2024(H5N1)	2079	3695
PB1|PP755587.1|A/cattle/Texas/24-008749-002/2024(H5N1)	2080	3713
PB1|PP755587.1|A/cattle/Texas/24-008749-002/2024(H5N1)	2081	3699
PB1|PP755587.1|A/cattle/Texas/24-008749-002/2024(H5N1)	2082	3707
PB1|PP755587.1|A/cattle/Texas/24-008749-002/2024(H5N1)	2083	3679
PB1|PP755587.1|A/cattle/Texas/24-008749-002/2024(H5N1)	2084	3637
PB1|PP755587.1|A/cattle/Texas/24-008749-002/2024(H5N1)	2085	3623
PB1|PP755587.1|A/cattle/Texas/24-008749-002/2024(H5N1)	2086	3634
PB1|PP755587.1|A/cattle/Texas/24-008749-002/2024(H5N1)	2087	3637
PB1|PP755587.1|A/cattle/Texas/24-008749-002/2024(H5N1)	2088	3638
PB1|PP755587.1|A/cattle/Texas/24-008749-002/2024(H5N1)	2089	3478
PB1|PP755587.1|A/cattle/Texas/24-008749-002/2024(H5N1)	2090	3471
PB1|PP755587.1|A/cattle/Texas/24-008749-002/2024(H5N1)	2091	3471
PB1|PP755587.1|A/cattle/Texas/24-008749-002/2024(H5N1)	2092	3482
PB1|PP755587.1|A/cattle/Texas/24-008749-002/2024(H5N1)	2093	3481
PB1|PP755587.1|A/cattle/Texas/24-008749-002/2024(H5N1)	2094	3454
PB1|PP755587.1|A/cattle/Texas/24-008749-002/2024(H5N1)	2095	3431
PB1|PP755587.1|A/cattle/Texas/24-008749-002/2024(H5N1)	2096	3380
PB1|PP755587.1|A/cattle/Texas/24-008749-002/2024(H5N1)	2097	3415
PB1|PP755587.1|A/cattle/Texas/24-008749-002/2024(H5N1)	2098	3441
PB1|PP755587.1|A/cattle/Texas/24-008749-002/2024(H5N1)	2099	3444
PB1|PP755587.1|A/cattle/Texas/24-008749-002/2024(H5N1)	2100	3457
PB1|PP755587.1|A/cattle/Texas/24-008749-002/2024(H5N1)	2101	3511
PB1|PP755587.1|A/cattle/Texas/24-008749-002/2024(H5N1)	2102	3515
PB1|PP755587.1|A/cattle/Texas/24-008749-002/2024(H5N1)	2103	3521
PB1|PP755587.1|A/cattle/Texas/24-008749-002/2024(H5N1)	2104	3526
PB1|PP755587.1|A/cattle/Texas/24-008749-002/2024(H5N1)	2105	3525
PB1|PP755587.1|A/cattle/Texas/24-008749-002/2024(H5N1)	2106	3552
PB1|PP755587.1|A/cattle/Texas/24-008749-002/2024(H5N1)	2107	3552
PB1|PP755587.1|A/cattle/Texas/24-008749-002/2024(H5N1)	2108	3548
PB1|PP755587.1|A/cattle/Texas/24-008749-002/2024(H5N1)	2109	3585
PB1|PP755587.1|A/cattle/Texas/24-008749-002/2024(H5N1)	2110	3603
PB1|PP755587.1|A/cattle/Texas/24-008749-002/2024(H5N1)	2111	3645
PB1|PP755587.1|A/cattle/Texas/24-008749-002/2024(H5N1)	2112	3656
PB1|PP755587.1|A/cattle/Texas/24-008749-002/2024(H5N1)	2113	3630
PB1|PP755587.1|A/cattle/Texas/24-008749-002/2024(H5N1)	2114	3630
PB1|PP755587.1|A/cattle/Texas/24-008749-002/2024(H5N1)	2115	3549
PB1|PP755587.1|A/cattle/Texas/24-008749-002/2024(H5N1)	2116	3573
PB1|PP755587.1|A/cattle/Texas/24-008749-002/2024(H5N1)	2117	3605
PB1|PP755587.1|A/cattle/Texas/24-008749-002/2024(H5N1)	2118	3517
PB1|PP755587.1|A/cattle/Texas/24-008749-002/2024(H5N1)	2119	3708
PB1|PP755587.1|A/cattle/Texas/24-008749-002/2024(H5N1)	2120	3716
PB1|PP755587.1|A/cattle/Texas/24-008749-002/2024(H5N1)	2121	3739
PB1|PP755587.1|A/cattle/Texas/24-008749-002/2024(H5N1)	2122	3794
PB1|PP755587.1|A/cattle/Texas/24-008749-002/2024(H5N1)	2123	3824
PB1|PP755587.1|A/cattle/Texas/24-008749-002/2024(H5N1)	2124	3782
PB1|PP755587.1|A/cattle/Texas/24-008749-002/2024(H5N1)	2125	3819
PB1|PP755587.1|A/cattle/Texas/24-008749-002/2024(H5N1)	2126	3836
PB1|PP755587.1|A/cattle/Texas/24-008749-002/2024(H5N1)	2127	3820
PB1|PP755587.1|A/cattle/Texas/24-008749-002/2024(H5N1)	2128	3818
PB1|PP755587.1|A/cattle/Texas/24-008749-002/2024(H5N1)	2129	3750
PB1|PP755587.1|A/cattle/Texas/24-008749-002/2024(H5N1)	2130	3672
PB1|PP755587.1|A/cattle/Texas/24-008749-002/2024(H5N1)	2131	3779
PB1|PP755587.1|A/cattle/Texas/24-008749-002/2024(H5N1)	2132	3583
PB1|PP755587.1|A/cattle/Texas/24-008749-002/2024(H5N1)	2133	3580
PB1|PP755587.1|A/cattle/Texas/24-008749-002/2024(H5N1)	2134	3539
PB1|PP755587.1|A/cattle/Texas/24-008749-002/2024(H5N1)	2135	3564
PB1|PP755587.1|A/cattle/Texas/24-008749-002/2024(H5N1)	2136	3551
PB1|PP755587.1|A/cattle/Texas/24-008749-002/2024(H5N1)	2137	3541
PB1|PP755587.1|A/cattle/Texas/24-008749-002/2024(H5N1)	2138	3565
PB1|PP755587.1|A/cattle/Texas/24-008749-002/2024(H5N1)	2139	3579
PB1|PP755587.1|A/cattle/Texas/24-008749-002/2024(H5N1)	2140	3579
PB1|PP755587.1|A/cattle/Texas/24-008749-002/2024(H5N1)	2141	3576
PB1|PP755587.1|A/cattle/Texas/24-008749-002/2024(H5N1)	2142	3551
PB1|PP755587.1|A/cattle/Texas/24-008749-002/2024(H5N1)	2143	3564
PB1|PP755587.1|A/cattle/Texas/24-008749-002/2024(H5N1)	2144	3550
PB1|PP755587.1|A/cattle/Texas/24-008749-002/2024(H5N1)	2145	3538
PB1|PP755587.1|A/cattle/Texas/24-008749-002/2024(H5N1)	2146	3533
PB1|PP755587.1|A/cattle/Texas/24-008749-002/2024(H5N1)	2147	3624
PB1|PP755587.1|A/cattle/Texas/24-008749-002/2024(H5N1)	2148	3618
PB1|PP755587.1|A/cattle/Texas/24-008749-002/2024(H5N1)	2149	3620
PB1|PP755587.1|A/cattle/Texas/24-008749-002/2024(H5N1)	2150	3612
PB1|PP755587.1|A/cattle/Texas/24-008749-002/2024(H5N1)	2151	3583
PB1|PP755587.1|A/cattle/Texas/24-008749-002/2024(H5N1)	2152	3580
PB1|PP755587.1|A/cattle/Texas/24-008749-002/2024(H5N1)	2153	3816
PB1|PP755587.1|A/cattle/Texas/24-008749-002/2024(H5N1)	2154	3819
PB1|PP755587.1|A/cattle/Texas/24-008749-002/2024(H5N1)	2155	3822
PB1|PP755587.1|A/cattle/Texas/24-008749-002/2024(H5N1)	2156	3663
PB1|PP755587.1|A/cattle/Texas/24-008749-002/2024(H5N1)	2157	3655
PB1|PP755587.1|A/cattle/Texas/24-008749-002/2024(H5N1)	2158	3630
PB1|PP755587.1|A/cattle/Texas/24-008749-002/2024(H5N1)	2159	3633
PB1|PP755587.1|A/cattle/Texas/24-008749-002/2024(H5N1)	2160	3581
PB1|PP755587.1|A/cattle/Texas/24-008749-002/2024(H5N1)	2161	3585
PB1|PP755587.1|A/cattle/Texas/24-008749-002/2024(H5N1)	2162	3570
PB1|PP755587.1|A/cattle/Texas/24-008749-002/2024(H5N1)	2163	3570
PB1|PP755587.1|A/cattle/Texas/24-008749-002/2024(H5N1)	2164	3500
PB1|PP755587.1|A/cattle/Texas/24-008749-002/2024(H5N1)	2165	3362
PB1|PP755587.1|A/cattle/Texas/24-008749-002/2024(H5N1)	2166	3333
PB1|PP755587.1|A/cattle/Texas/24-008749-002/2024(H5N1)	2167	3353
PB1|PP755587.1|A/cattle/Texas/24-008749-002/2024(H5N1)	2168	3357
PB1|PP755587.1|A/cattle/Texas/24-008749-002/2024(H5N1)	2169	3334
PB1|PP755587.1|A/cattle/Texas/24-008749-002/2024(H5N1)	2170	3290
PB1|PP755587.1|A/cattle/Texas/24-008749-002/2024(H5N1)	2171	3274
PB1|PP755587.1|A/cattle/Texas/24-008749-002/2024(H5N1)	2172	3255
PB1|PP755587.1|A/cattle/Texas/24-008749-002/2024(H5N1)	2173	3241
PB1|PP755587.1|A/cattle/Texas/24-008749-002/2024(H5N1)	2174	3221
PB1|PP755587.1|A/cattle/Texas/24-008749-002/2024(H5N1)	2175	3221
PB1|PP755587.1|A/cattle/Texas/24-008749-002/2024(H5N1)	2176	3196
PB1|PP755587.1|A/cattle/Texas/24-008749-002/2024(H5N1)	2177	3200
PB1|PP755587.1|A/cattle/Texas/24-008749-002/2024(H5N1)	2178	3075
PB1|PP755587.1|A/cattle/Texas/24-008749-002/2024(H5N1)	2179	3495
PB1|PP755587.1|A/cattle/Texas/24-008749-002/2024(H5N1)	2180	3598
PB1|PP755587.1|A/cattle/Texas/24-008749-002/2024(H5N1)	2181	3612
PB1|PP755587.1|A/cattle/Texas/24-008749-002/2024(H5N1)	2182	3730
PB1|PP755587.1|A/cattle/Texas/24-008749-002/2024(H5N1)	2183	3735
PB1|PP755587.1|A/cattle/Texas/24-008749-002/2024(H5N1)	2184	3709
PB1|PP755587.1|A/cattle/Texas/24-008749-002/2024(H5N1)	2185	3665
PB1|PP755587.1|A/cattle/Texas/24-008749-002/2024(H5N1)	2186	3610
PB1|PP755587.1|A/cattle/Texas/24-008749-002/2024(H5N1)	2187	3599
PB1|PP755587.1|A/cattle/Texas/24-008749-002/2024(H5N1)	2188	3601
PB1|PP755587.1|A/cattle/Texas/24-008749-002/2024(H5N1)	2189	3601
PB1|PP755587.1|A/cattle/Texas/24-008749-002/2024(H5N1)	2190	3554
PB1|PP755587.1|A/cattle/Texas/24-008749-002/2024(H5N1)	2191	3552
PB1|PP755587.1|A/cattle/Texas/24-008749-002/2024(H5N1)	2192	3551
PB1|PP755587.1|A/cattle/Texas/24-008749-002/2024(H5N1)	2193	3546
PB1|PP755587.1|A/cattle/Texas/24-008749-002/2024(H5N1)	2194	3545
PB1|PP755587.1|A/cattle/Texas/24-008749-002/2024(H5N1)	2195	3541
PB1|PP755587.1|A/cattle/Texas/24-008749-002/2024(H5N1)	2196	3512
PB1|PP755587.1|A/cattle/Texas/24-008749-002/2024(H5N1)	2197	3500
PB1|PP755587.1|A/cattle/Texas/24-008749-002/2024(H5N1)	2198	3487
PB1|PP755587.1|A/cattle/Texas/24-008749-002/2024(H5N1)	2199	3478
PB1|PP755587.1|A/cattle/Texas/24-008749-002/2024(H5N1)	2200	3475
PB1|PP755587.1|A/cattle/Texas/24-008749-002/2024(H5N1)	2201	3449
PB1|PP755587.1|A/cattle/Texas/24-008749-002/2024(H5N1)	2202	3449
PB1|PP755587.1|A/cattle/Texas/24-008749-002/2024(H5N1)	2203	3408
PB1|PP755587.1|A/cattle/Texas/24-008749-002/2024(H5N1)	2204	3408
PB1|PP755587.1|A/cattle/Texas/24-008749-002/2024(H5N1)	2205	3417
PB1|PP755587.1|A/cattle/Texas/24-008749-002/2024(H5N1)	2206	3414
PB1|PP755587.1|A/cattle/Texas/24-008749-002/2024(H5N1)	2207	3401
PB1|PP755587.1|A/cattle/Texas/24-008749-002/2024(H5N1)	2208	3360
PB1|PP755587.1|A/cattle/Texas/24-008749-002/2024(H5N1)	2209	3330
PB1|PP755587.1|A/cattle/Texas/24-008749-002/2024(H5N1)	2210	3331
PB1|PP755587.1|A/cattle/Texas/24-008749-002/2024(H5N1)	2211	3331
PB1|PP755587.1|A/cattle/Texas/24-008749-002/2024(H5N1)	2212	3331
PB1|PP755587.1|A/cattle/Texas/24-008749-002/2024(H5N1)	2213	3330
PB1|PP755587.1|A/cattle/Texas/24-008749-002/2024(H5N1)	2214	3278
PB1|PP755587.1|A/cattle/Texas/24-008749-002/2024(H5N1)	2215	3320
PB1|PP755587.1|A/cattle/Texas/24-008749-002/2024(H5N1)	2216	3320
PB1|PP755587.1|A/cattle/Texas/24-008749-002/2024(H5N1)	2217	3318
PB1|PP755587.1|A/cattle/Texas/24-008749-002/2024(H5N1)	2218	3322
PB1|PP755587.1|A/cattle/Texas/24-008749-002/2024(H5N1)	2219	3308
PB1|PP755587.1|A/cattle/Texas/24-008749-002/2024(H5N1)	2220	3265
PB1|PP755587.1|A/cattle/Texas/24-008749-002/2024(H5N1)	2221	3263
PB1|PP755587.1|A/cattle/Texas/24-008749-002/2024(H5N1)	2222	3265
PB1|PP755587.1|A/cattle/Texas/24-008749-002/2024(H5N1)	2223	3224
PB1|PP755587.1|A/cattle/Texas/24-008749-002/2024(H5N1)	2224	2924
PB1|PP755587.1|A/cattle/Texas/24-008749-002/2024(H5N1)	2225	2897
PB1|PP755587.1|A/cattle/Texas/24-008749-002/2024(H5N1)	2226	2888
PB1|PP755587.1|A/cattle/Texas/24-008749-002/2024(H5N1)	2227	2884
PB1|PP755587.1|A/cattle/Texas/24-008749-002/2024(H5N1)	2228	2875
PB1|PP755587.1|A/cattle/Texas/24-008749-002/2024(H5N1)	2229	2829
PB1|PP755587.1|A/cattle/Texas/24-008749-002/2024(H5N1)	2230	2820
PB1|PP755587.1|A/cattle/Texas/24-008749-002/2024(H5N1)	2231	2792
PB1|PP755587.1|A/cattle/Texas/24-008749-002/2024(H5N1)	2232	2790
PB1|PP755587.1|A/cattle/Texas/24-008749-002/2024(H5N1)	2233	2783
PB1|PP755587.1|A/cattle/Texas/24-008749-002/2024(H5N1)	2234	2776
PB1|PP755587.1|A/cattle/Texas/24-008749-002/2024(H5N1)	2235	2761
PB1|PP755587.1|A/cattle/Texas/24-008749-002/2024(H5N1)	2236	2747
PB1|PP755587.1|A/cattle/Texas/24-008749-002/2024(H5N1)	2237	2747
PB1|PP755587.1|A/cattle/Texas/24-008749-002/2024(H5N1)	2238	2677
PB1|PP755587.1|A/cattle/Texas/24-008749-002/2024(H5N1)	2239	2670
PB1|PP755587.1|A/cattle/Texas/24-008749-002/2024(H5N1)	2240	2664
PB1|PP755587.1|A/cattle/Texas/24-008749-002/2024(H5N1)	2241	2657
PB1|PP755587.1|A/cattle/Texas/24-008749-002/2024(H5N1)	2242	2650
PB1|PP755587.1|A/cattle/Texas/24-008749-002/2024(H5N1)	2243	2648
PB1|PP755587.1|A/cattle/Texas/24-008749-002/2024(H5N1)	2244	2639
PB1|PP755587.1|A/cattle/Texas/24-008749-002/2024(H5N1)	2245	2628
PB1|PP755587.1|A/cattle/Texas/24-008749-002/2024(H5N1)	2246	2639
PB1|PP755587.1|A/cattle/Texas/24-008749-002/2024(H5N1)	2247	2626
PB1|PP755587.1|A/cattle/Texas/24-008749-002/2024(H5N1)	2248	2584
PB1|PP755587.1|A/cattle/Texas/24-008749-002/2024(H5N1)	2249	2563
PB1|PP755587.1|A/cattle/Texas/24-008749-002/2024(H5N1)	2250	2553
PB1|PP755587.1|A/cattle/Texas/24-008749-002/2024(H5N1)	2251	2538
PB1|PP755587.1|A/cattle/Texas/24-008749-002/2024(H5N1)	2252	2455
PB1|PP755587.1|A/cattle/Texas/24-008749-002/2024(H5N1)	2253	2455
PB1|PP755587.1|A/cattle/Texas/24-008749-002/2024(H5N1)	2254	2453
PB1|PP755587.1|A/cattle/Texas/24-008749-002/2024(H5N1)	2255	2452
PB1|PP755587.1|A/cattle/Texas/24-008749-002/2024(H5N1)	2256	2451
PB1|PP755587.1|A/cattle/Texas/24-008749-002/2024(H5N1)	2257	2374
PB1|PP755587.1|A/cattle/Texas/24-008749-002/2024(H5N1)	2258	2373
PB1|PP755587.1|A/cattle/Texas/24-008749-002/2024(H5N1)	2259	2370
PB1|PP755587.1|A/cattle/Texas/24-008749-002/2024(H5N1)	2260	2311
PB1|PP755587.1|A/cattle/Texas/24-008749-002/2024(H5N1)	2261	2289
PB1|PP755587.1|A/cattle/Texas/24-008749-002/2024(H5N1)	2262	2239
PB1|PP755587.1|A/cattle/Texas/24-008749-002/2024(H5N1)	2263	2222
PB1|PP755587.1|A/cattle/Texas/24-008749-002/2024(H5N1)	2264	2207
PB1|PP755587.1|A/cattle/Texas/24-008749-002/2024(H5N1)	2265	2203
PB1|PP755587.1|A/cattle/Texas/24-008749-002/2024(H5N1)	2266	2202
PB1|PP755587.1|A/cattle/Texas/24-008749-002/2024(H5N1)	2267	2201
PB1|PP755587.1|A/cattle/Texas/24-008749-002/2024(H5N1)	2268	1976
PB1|PP755587.1|A/cattle/Texas/24-008749-002/2024(H5N1)	2269	1970
PB1|PP755587.1|A/cattle/Texas/24-008749-002/2024(H5N1)	2270	1907
PB1|PP755587.1|A/cattle/Texas/24-008749-002/2024(H5N1)	2271	1877
PB1|PP755587.1|A/cattle/Texas/24-008749-002/2024(H5N1)	2272	1873
PB1|PP755587.1|A/cattle/Texas/24-008749-002/2024(H5N1)	2273	1845
PB1|PP755587.1|A/cattle/Texas/24-008749-002/2024(H5N1)	2274	1797
PB1|PP755587.1|A/cattle/Texas/24-008749-002/2024(H5N1)	2275	1795
PB1|PP755587.1|A/cattle/Texas/24-008749-002/2024(H5N1)	2276	1760
PB1|PP755587.1|A/cattle/Texas/24-008749-002/2024(H5N1)	2277	1747
PB1|PP755587.1|A/cattle/Texas/24-008749-002/2024(H5N1)	2278	1609
PB1|PP755587.1|A/cattle/Texas/24-008749-002/2024(H5N1)	2279	1597
PB1|PP755587.1|A/cattle/Texas/24-008749-002/2024(H5N1)	2280	1594
PB1|PP755587.1|A/cattle/Texas/24-008749-002/2024(H5N1)	2281	1594
PB1|PP755587.1|A/cattle/Texas/24-008749-002/2024(H5N1)	2282	1588
PB1|PP755587.1|A/cattle/Texas/24-008749-002/2024(H5N1)	2283	1588
PB1|PP755587.1|A/cattle/Texas/24-008749-002/2024(H5N1)	2284	1584
PB1|PP755587.1|A/cattle/Texas/24-008749-002/2024(H5N1)	2285	1557
PB1|PP755587.1|A/cattle/Texas/24-008749-002/2024(H5N1)	2286	1539
PB1|PP755587.1|A/cattle/Texas/24-008749-002/2024(H5N1)	2287	1537
