MP|PP755590.1|A/cattle/Texas/24-008749-003/2024(H5N1)	1	20573
MP|PP755590.1|A/cattle/Texas/24-008749-003/2024(H5N1)	2	20813
MP|PP755590.1|A/cattle/Texas/24-008749-003/2024(H5N1)	3	20863
MP|PP755590.1|A/cattle/Texas/24-008749-003/2024(H5N1)	4	20930
MP|PP755590.1|A/cattle/Texas/24-008749-003/2024(H5N1)	5	22022
MP|PP755590.1|A/cattle/Texas/24-008749-003/2024(H5N1)	6	22520
MP|PP755590.1|A/cattle/Texas/24-008749-003/2024(H5N1)	7	24397
MP|PP755590.1|A/cattle/Texas/24-008749-003/2024(H5N1)	8	25217
MP|PP755590.1|A/cattle/Texas/24-008749-003/2024(H5N1)	9	25478
MP|PP755590.1|A/cattle/Texas/24-008749-003/2024(H5N1)	10	25510
MP|PP755590.1|A/cattle/Texas/24-008749-003/2024(H5N1)	11	25655
MP|PP755590.1|A/cattle/Texas/24-008749-003/2024(H5N1)	12	25925
MP|PP755590.1|A/cattle/Texas/24-008749-003/2024(H5N1)	13	26145
MP|PP755590.1|A/cattle/Texas/24-008749-003/2024(H5N1)	14	26152
MP|PP755590.1|A/cattle/Texas/24-008749-003/2024(H5N1)	15	26155
MP|PP755590.1|A/cattle/Texas/24-008749-003/2024(H5N1)	16	26163
MP|PP755590.1|A/cattle/Texas/24-008749-003/2024(H5N1)	17	26348
MP|PP755590.1|A/cattle/Texas/24-008749-003/2024(H5N1)	18	26573
MP|PP755590.1|A/cattle/Texas/24-008749-003/2024(H5N1)	19	27767
MP|PP755590.1|A/cattle/Texas/24-008749-003/2024(H5N1)	20	27787
MP|PP755590.1|A/cattle/Texas/24-008749-003/2024(H5N1)	21	27807
MP|PP755590.1|A/cattle/Texas/24-008749-003/2024(H5N1)	22	27827
MP|PP755590.1|A/cattle/Texas/24-008749-003/2024(H5N1)	23	28613
MP|PP755590.1|A/cattle/Texas/24-008749-003/2024(H5N1)	24	28690
MP|PP755590.1|A/cattle/Texas/24-008749-003/2024(H5N1)	25	28770
MP|PP755590.1|A/cattle/Texas/24-008749-003/2024(H5N1)	26	29762
MP|PP755590.1|A/cattle/Texas/24-008749-003/2024(H5N1)	27	29847
MP|PP755590.1|A/cattle/Texas/24-008749-003/2024(H5N1)	28	29985
MP|PP755590.1|A/cattle/Texas/24-008749-003/2024(H5N1)	29	30037
MP|PP755590.1|A/cattle/Texas/24-008749-003/2024(H5N1)	30	30239
MP|PP755590.1|A/cattle/Texas/24-008749-003/2024(H5N1)	31	30429
MP|PP755590.1|A/cattle/Texas/24-008749-003/2024(H5N1)	32	30517
MP|PP755590.1|A/cattle/Texas/24-008749-003/2024(H5N1)	33	31413
MP|PP755590.1|A/cattle/Texas/24-008749-003/2024(H5N1)	34	32009
MP|PP755590.1|A/cattle/Texas/24-008749-003/2024(H5N1)	35	31989
MP|PP755590.1|A/cattle/Texas/24-008749-003/2024(H5N1)	36	33134
MP|PP755590.1|A/cattle/Texas/24-008749-003/2024(H5N1)	37	33123
MP|PP755590.1|A/cattle/Texas/24-008749-003/2024(H5N1)	38	34482
MP|PP755590.1|A/cattle/Texas/24-008749-003/2024(H5N1)	39	34524
MP|PP755590.1|A/cattle/Texas/24-008749-003/2024(H5N1)	40	34788
MP|PP755590.1|A/cattle/Texas/24-008749-003/2024(H5N1)	41	34792
MP|PP755590.1|A/cattle/Texas/24-008749-003/2024(H5N1)	42	34787
MP|PP755590.1|A/cattle/Texas/24-008749-003/2024(H5N1)	43	34945
MP|PP755590.1|A/cattle/Texas/24-008749-003/2024(H5N1)	44	34962
MP|PP755590.1|A/cattle/Texas/24-008749-003/2024(H5N1)	45	35063
MP|PP755590.1|A/cattle/Texas/24-008749-003/2024(H5N1)	46	35279
MP|PP755590.1|A/cattle/Texas/24-008749-003/2024(H5N1)	47	35636
MP|PP755590.1|A/cattle/Texas/24-008749-003/2024(H5N1)	48	35865
MP|PP755590.1|A/cattle/Texas/24-008749-003/2024(H5N1)	49	35915
MP|PP755590.1|A/cattle/Texas/24-008749-003/2024(H5N1)	50	36040
MP|PP755590.1|A/cattle/Texas/24-008749-003/2024(H5N1)	51	36048
MP|PP755590.1|A/cattle/Texas/24-008749-003/2024(H5N1)	52	36451
MP|PP755590.1|A/cattle/Texas/24-008749-003/2024(H5N1)	53	37271
MP|PP755590.1|A/cattle/Texas/24-008749-003/2024(H5N1)	54	37291
MP|PP755590.1|A/cattle/Texas/24-008749-003/2024(H5N1)	55	37316
MP|PP755590.1|A/cattle/Texas/24-008749-003/2024(H5N1)	56	37823
MP|PP755590.1|A/cattle/Texas/24-008749-003/2024(H5N1)	57	40419
MP|PP755590.1|A/cattle/Texas/24-008749-003/2024(H5N1)	58	40498
MP|PP755590.1|A/cattle/Texas/24-008749-003/2024(H5N1)	59	40711
MP|PP755590.1|A/cattle/Texas/24-008749-003/2024(H5N1)	60	40751
MP|PP755590.1|A/cattle/Texas/24-008749-003/2024(H5N1)	61	41013
MP|PP755590.1|A/cattle/Texas/24-008749-003/2024(H5N1)	62	41078
MP|PP755590.1|A/cattle/Texas/24-008749-003/2024(H5N1)	63	41567
MP|PP755590.1|A/cattle/Texas/24-008749-003/2024(H5N1)	64	41757
MP|PP755590.1|A/cattle/Texas/24-008749-003/2024(H5N1)	65	41976
MP|PP755590.1|A/cattle/Texas/24-008749-003/2024(H5N1)	66	41620
MP|PP755590.1|A/cattle/Texas/24-008749-003/2024(H5N1)	67	41609
MP|PP755590.1|A/cattle/Texas/24-008749-003/2024(H5N1)	68	41747
MP|PP755590.1|A/cattle/Texas/24-008749-003/2024(H5N1)	69	41797
MP|PP755590.1|A/cattle/Texas/24-008749-003/2024(H5N1)	70	43093
MP|PP755590.1|A/cattle/Texas/24-008749-003/2024(H5N1)	71	43107
MP|PP755590.1|A/cattle/Texas/24-008749-003/2024(H5N1)	72	43048
MP|PP755590.1|A/cattle/Texas/24-008749-003/2024(H5N1)	73	43266
MP|PP755590.1|A/cattle/Texas/24-008749-003/2024(H5N1)	74	43618
MP|PP755590.1|A/cattle/Texas/24-008749-003/2024(H5N1)	75	43642
MP|PP755590.1|A/cattle/Texas/24-008749-003/2024(H5N1)	76	44353
MP|PP755590.1|A/cattle/Texas/24-008749-003/2024(H5N1)	77	44324
MP|PP755590.1|A/cattle/Texas/24-008749-003/2024(H5N1)	78	44475
MP|PP755590.1|A/cattle/Texas/24-008749-003/2024(H5N1)	79	45611
MP|PP755590.1|A/cattle/Texas/24-008749-003/2024(H5N1)	80	48153
MP|PP755590.1|A/cattle/Texas/24-008749-003/2024(H5N1)	81	48330
MP|PP755590.1|A/cattle/Texas/24-008749-003/2024(H5N1)	82	48711
MP|PP755590.1|A/cattle/Texas/24-008749-003/2024(H5N1)	83	49340
MP|PP755590.1|A/cattle/Texas/24-008749-003/2024(H5N1)	84	49675
MP|PP755590.1|A/cattle/Texas/24-008749-003/2024(H5N1)	85	50100
MP|PP755590.1|A/cattle/Texas/24-008749-003/2024(H5N1)	86	50210
MP|PP755590.1|A/cattle/Texas/24-008749-003/2024(H5N1)	87	50196
MP|PP755590.1|A/cattle/Texas/24-008749-003/2024(H5N1)	88	50204
MP|PP755590.1|A/cattle/Texas/24-008749-003/2024(H5N1)	89	49654
MP|PP755590.1|A/cattle/Texas/24-008749-003/2024(H5N1)	90	49954
MP|PP755590.1|A/cattle/Texas/24-008749-003/2024(H5N1)	91	50046
MP|PP755590.1|A/cattle/Texas/24-008749-003/2024(H5N1)	92	50545
MP|PP755590.1|A/cattle/Texas/24-008749-003/2024(H5N1)	93	50574
MP|PP755590.1|A/cattle/Texas/24-008749-003/2024(H5N1)	94	50429
MP|PP755590.1|A/cattle/Texas/24-008749-003/2024(H5N1)	95	50891
MP|PP755590.1|A/cattle/Texas/24-008749-003/2024(H5N1)	96	51861
MP|PP755590.1|A/cattle/Texas/24-008749-003/2024(H5N1)	97	52044
MP|PP755590.1|A/cattle/Texas/24-008749-003/2024(H5N1)	98	52088
MP|PP755590.1|A/cattle/Texas/24-008749-003/2024(H5N1)	99	52018
MP|PP755590.1|A/cattle/Texas/24-008749-003/2024(H5N1)	100	52751
MP|PP755590.1|A/cattle/Texas/24-008749-003/2024(H5N1)	101	52824
MP|PP755590.1|A/cattle/Texas/24-008749-003/2024(H5N1)	102	55155
MP|PP755590.1|A/cattle/Texas/24-008749-003/2024(H5N1)	103	55161
MP|PP755590.1|A/cattle/Texas/24-008749-003/2024(H5N1)	104	55059
MP|PP755590.1|A/cattle/Texas/24-008749-003/2024(H5N1)	105	55337
MP|PP755590.1|A/cattle/Texas/24-008749-003/2024(H5N1)	106	56135
MP|PP755590.1|A/cattle/Texas/24-008749-003/2024(H5N1)	107	56345
MP|PP755590.1|A/cattle/Texas/24-008749-003/2024(H5N1)	108	56532
MP|PP755590.1|A/cattle/Texas/24-008749-003/2024(H5N1)	109	56246
MP|PP755590.1|A/cattle/Texas/24-008749-003/2024(H5N1)	110	57185
MP|PP755590.1|A/cattle/Texas/24-008749-003/2024(H5N1)	111	56332
MP|PP755590.1|A/cattle/Texas/24-008749-003/2024(H5N1)	112	56378
MP|PP755590.1|A/cattle/Texas/24-008749-003/2024(H5N1)	113	57492
MP|PP755590.1|A/cattle/Texas/24-008749-003/2024(H5N1)	114	57549
MP|PP755590.1|A/cattle/Texas/24-008749-003/2024(H5N1)	115	58448
MP|PP755590.1|A/cattle/Texas/24-008749-003/2024(H5N1)	116	58360
MP|PP755590.1|A/cattle/Texas/24-008749-003/2024(H5N1)	117	58319
MP|PP755590.1|A/cattle/Texas/24-008749-003/2024(H5N1)	118	58322
MP|PP755590.1|A/cattle/Texas/24-008749-003/2024(H5N1)	119	58523
MP|PP755590.1|A/cattle/Texas/24-008749-003/2024(H5N1)	120	58581
MP|PP755590.1|A/cattle/Texas/24-008749-003/2024(H5N1)	121	58651
MP|PP755590.1|A/cattle/Texas/24-008749-003/2024(H5N1)	122	58212
MP|PP755590.1|A/cattle/Texas/24-008749-003/2024(H5N1)	123	58441
MP|PP755590.1|A/cattle/Texas/24-008749-003/2024(H5N1)	124	54216
MP|PP755590.1|A/cattle/Texas/24-008749-003/2024(H5N1)	125	54665
MP|PP755590.1|A/cattle/Texas/24-008749-003/2024(H5N1)	126	53437
MP|PP755590.1|A/cattle/Texas/24-008749-003/2024(H5N1)	127	53465
MP|PP755590.1|A/cattle/Texas/24-008749-003/2024(H5N1)	128	52041
MP|PP755590.1|A/cattle/Texas/24-008749-003/2024(H5N1)	129	52022
MP|PP755590.1|A/cattle/Texas/24-008749-003/2024(H5N1)	130	52041
MP|PP755590.1|A/cattle/Texas/24-008749-003/2024(H5N1)	131	51816
MP|PP755590.1|A/cattle/Texas/24-008749-003/2024(H5N1)	132	53298
MP|PP755590.1|A/cattle/Texas/24-008749-003/2024(H5N1)	133	51690
MP|PP755590.1|A/cattle/Texas/24-008749-003/2024(H5N1)	134	52633
MP|PP755590.1|A/cattle/Texas/24-008749-003/2024(H5N1)	135	53540
MP|PP755590.1|A/cattle/Texas/24-008749-003/2024(H5N1)	136	52324
MP|PP755590.1|A/cattle/Texas/24-008749-003/2024(H5N1)	137	53614
MP|PP755590.1|A/cattle/Texas/24-008749-003/2024(H5N1)	138	53631
MP|PP755590.1|A/cattle/Texas/24-008749-003/2024(H5N1)	139	53618
MP|PP755590.1|A/cattle/Texas/24-008749-003/2024(H5N1)	140	54821
MP|PP755590.1|A/cattle/Texas/24-008749-003/2024(H5N1)	141	55064
MP|PP755590.1|A/cattle/Texas/24-008749-003/2024(H5N1)	142	55863
MP|PP755590.1|A/cattle/Texas/24-008749-003/2024(H5N1)	143	55104
MP|PP755590.1|A/cattle/Texas/24-008749-003/2024(H5N1)	144	54422
MP|PP755590.1|A/cattle/Texas/24-008749-003/2024(H5N1)	145	54465
MP|PP755590.1|A/cattle/Texas/24-008749-003/2024(H5N1)	146	56122
MP|PP755590.1|A/cattle/Texas/24-008749-003/2024(H5N1)	147	56733
MP|PP755590.1|A/cattle/Texas/24-008749-003/2024(H5N1)	148	56679
MP|PP755590.1|A/cattle/Texas/24-008749-003/2024(H5N1)	149	56113
MP|PP755590.1|A/cattle/Texas/24-008749-003/2024(H5N1)	150	56126
MP|PP755590.1|A/cattle/Texas/24-008749-003/2024(H5N1)	151	56328
MP|PP755590.1|A/cattle/Texas/24-008749-003/2024(H5N1)	152	56554
MP|PP755590.1|A/cattle/Texas/24-008749-003/2024(H5N1)	153	56921
MP|PP755590.1|A/cattle/Texas/24-008749-003/2024(H5N1)	154	54096
MP|PP755590.1|A/cattle/Texas/24-008749-003/2024(H5N1)	155	54697
MP|PP755590.1|A/cattle/Texas/24-008749-003/2024(H5N1)	156	54753
MP|PP755590.1|A/cattle/Texas/24-008749-003/2024(H5N1)	157	54821
MP|PP755590.1|A/cattle/Texas/24-008749-003/2024(H5N1)	158	54783
MP|PP755590.1|A/cattle/Texas/24-008749-003/2024(H5N1)	159	54792
MP|PP755590.1|A/cattle/Texas/24-008749-003/2024(H5N1)	160	56366
MP|PP755590.1|A/cattle/Texas/24-008749-003/2024(H5N1)	161	56164
MP|PP755590.1|A/cattle/Texas/24-008749-003/2024(H5N1)	162	56543
MP|PP755590.1|A/cattle/Texas/24-008749-003/2024(H5N1)	163	56537
MP|PP755590.1|A/cattle/Texas/24-008749-003/2024(H5N1)	164	56635
MP|PP755590.1|A/cattle/Texas/24-008749-003/2024(H5N1)	165	57515
MP|PP755590.1|A/cattle/Texas/24-008749-003/2024(H5N1)	166	57658
MP|PP755590.1|A/cattle/Texas/24-008749-003/2024(H5N1)	167	57450
MP|PP755590.1|A/cattle/Texas/24-008749-003/2024(H5N1)	168	57458
MP|PP755590.1|A/cattle/Texas/24-008749-003/2024(H5N1)	169	56436
MP|PP755590.1|A/cattle/Texas/24-008749-003/2024(H5N1)	170	56065
MP|PP755590.1|A/cattle/Texas/24-008749-003/2024(H5N1)	171	56107
MP|PP755590.1|A/cattle/Texas/24-008749-003/2024(H5N1)	172	56170
MP|PP755590.1|A/cattle/Texas/24-008749-003/2024(H5N1)	173	56237
MP|PP755590.1|A/cattle/Texas/24-008749-003/2024(H5N1)	174	55800
MP|PP755590.1|A/cattle/Texas/24-008749-003/2024(H5N1)	175	56448
MP|PP755590.1|A/cattle/Texas/24-008749-003/2024(H5N1)	176	56423
MP|PP755590.1|A/cattle/Texas/24-008749-003/2024(H5N1)	177	55976
MP|PP755590.1|A/cattle/Texas/24-008749-003/2024(H5N1)	178	55926
MP|PP755590.1|A/cattle/Texas/24-008749-003/2024(H5N1)	179	55826
MP|PP755590.1|A/cattle/Texas/24-008749-003/2024(H5N1)	180	55799
MP|PP755590.1|A/cattle/Texas/24-008749-003/2024(H5N1)	181	56071
MP|PP755590.1|A/cattle/Texas/24-008749-003/2024(H5N1)	182	56167
MP|PP755590.1|A/cattle/Texas/24-008749-003/2024(H5N1)	183	56221
MP|PP755590.1|A/cattle/Texas/24-008749-003/2024(H5N1)	184	55524
MP|PP755590.1|A/cattle/Texas/24-008749-003/2024(H5N1)	185	55207
MP|PP755590.1|A/cattle/Texas/24-008749-003/2024(H5N1)	186	55158
MP|PP755590.1|A/cattle/Texas/24-008749-003/2024(H5N1)	187	54813
MP|PP755590.1|A/cattle/Texas/24-008749-003/2024(H5N1)	188	54831
MP|PP755590.1|A/cattle/Texas/24-008749-003/2024(H5N1)	189	53854
MP|PP755590.1|A/cattle/Texas/24-008749-003/2024(H5N1)	190	54546
MP|PP755590.1|A/cattle/Texas/24-008749-003/2024(H5N1)	191	54957
MP|PP755590.1|A/cattle/Texas/24-008749-003/2024(H5N1)	192	55156
MP|PP755590.1|A/cattle/Texas/24-008749-003/2024(H5N1)	193	55140
MP|PP755590.1|A/cattle/Texas/24-008749-003/2024(H5N1)	194	56530
MP|PP755590.1|A/cattle/Texas/24-008749-003/2024(H5N1)	195	56527
MP|PP755590.1|A/cattle/Texas/24-008749-003/2024(H5N1)	196	55918
MP|PP755590.1|A/cattle/Texas/24-008749-003/2024(H5N1)	197	55727
MP|PP755590.1|A/cattle/Texas/24-008749-003/2024(H5N1)	198	56734
MP|PP755590.1|A/cattle/Texas/24-008749-003/2024(H5N1)	199	57130
MP|PP755590.1|A/cattle/Texas/24-008749-003/2024(H5N1)	200	57841
MP|PP755590.1|A/cattle/Texas/24-008749-003/2024(H5N1)	201	57919
MP|PP755590.1|A/cattle/Texas/24-008749-003/2024(H5N1)	202	57952
MP|PP755590.1|A/cattle/Texas/24-008749-003/2024(H5N1)	203	56982
MP|PP755590.1|A/cattle/Texas/24-008749-003/2024(H5N1)	204	57055
MP|PP755590.1|A/cattle/Texas/24-008749-003/2024(H5N1)	205	57512
MP|PP755590.1|A/cattle/Texas/24-008749-003/2024(H5N1)	206	57462
MP|PP755590.1|A/cattle/Texas/24-008749-003/2024(H5N1)	207	55433
MP|PP755590.1|A/cattle/Texas/24-008749-003/2024(H5N1)	208	54935
MP|PP755590.1|A/cattle/Texas/24-008749-003/2024(H5N1)	209	55343
MP|PP755590.1|A/cattle/Texas/24-008749-003/2024(H5N1)	210	56795
MP|PP755590.1|A/cattle/Texas/24-008749-003/2024(H5N1)	211	57061
MP|PP755590.1|A/cattle/Texas/24-008749-003/2024(H5N1)	212	57791
MP|PP755590.1|A/cattle/Texas/24-008749-003/2024(H5N1)	213	57824
MP|PP755590.1|A/cattle/Texas/24-008749-003/2024(H5N1)	214	57944
MP|PP755590.1|A/cattle/Texas/24-008749-003/2024(H5N1)	215	58135
MP|PP755590.1|A/cattle/Texas/24-008749-003/2024(H5N1)	216	58099
MP|PP755590.1|A/cattle/Texas/24-008749-003/2024(H5N1)	217	59304
MP|PP755590.1|A/cattle/Texas/24-008749-003/2024(H5N1)	218	59459
MP|PP755590.1|A/cattle/Texas/24-008749-003/2024(H5N1)	219	59073
MP|PP755590.1|A/cattle/Texas/24-008749-003/2024(H5N1)	220	61574
MP|PP755590.1|A/cattle/Texas/24-008749-003/2024(H5N1)	221	60528
MP|PP755590.1|A/cattle/Texas/24-008749-003/2024(H5N1)	222	60642
MP|PP755590.1|A/cattle/Texas/24-008749-003/2024(H5N1)	223	60471
MP|PP755590.1|A/cattle/Texas/24-008749-003/2024(H5N1)	224	60354
MP|PP755590.1|A/cattle/Texas/24-008749-003/2024(H5N1)	225	61393
MP|PP755590.1|A/cattle/Texas/24-008749-003/2024(H5N1)	226	61026
MP|PP755590.1|A/cattle/Texas/24-008749-003/2024(H5N1)	227	61136
MP|PP755590.1|A/cattle/Texas/24-008749-003/2024(H5N1)	228	61392
MP|PP755590.1|A/cattle/Texas/24-008749-003/2024(H5N1)	229	59746
MP|PP755590.1|A/cattle/Texas/24-008749-003/2024(H5N1)	230	59762
MP|PP755590.1|A/cattle/Texas/24-008749-003/2024(H5N1)	231	58267
MP|PP755590.1|A/cattle/Texas/24-008749-003/2024(H5N1)	232	58033
MP|PP755590.1|A/cattle/Texas/24-008749-003/2024(H5N1)	233	58291
MP|PP755590.1|A/cattle/Texas/24-008749-003/2024(H5N1)	234	57078
MP|PP755590.1|A/cattle/Texas/24-008749-003/2024(H5N1)	235	57558
MP|PP755590.1|A/cattle/Texas/24-008749-003/2024(H5N1)	236	57972
MP|PP755590.1|A/cattle/Texas/24-008749-003/2024(H5N1)	237	58004
MP|PP755590.1|A/cattle/Texas/24-008749-003/2024(H5N1)	238	59675
MP|PP755590.1|A/cattle/Texas/24-008749-003/2024(H5N1)	239	60339
MP|PP755590.1|A/cattle/Texas/24-008749-003/2024(H5N1)	240	60108
MP|PP755590.1|A/cattle/Texas/24-008749-003/2024(H5N1)	241	59948
MP|PP755590.1|A/cattle/Texas/24-008749-003/2024(H5N1)	242	59749
MP|PP755590.1|A/cattle/Texas/24-008749-003/2024(H5N1)	243	59970
MP|PP755590.1|A/cattle/Texas/24-008749-003/2024(H5N1)	244	59944
MP|PP755590.1|A/cattle/Texas/24-008749-003/2024(H5N1)	245	60112
MP|PP755590.1|A/cattle/Texas/24-008749-003/2024(H5N1)	246	61939
MP|PP755590.1|A/cattle/Texas/24-008749-003/2024(H5N1)	247	61609
MP|PP755590.1|A/cattle/Texas/24-008749-003/2024(H5N1)	248	61626
MP|PP755590.1|A/cattle/Texas/24-008749-003/2024(H5N1)	249	63024
MP|PP755590.1|A/cattle/Texas/24-008749-003/2024(H5N1)	250	62445
MP|PP755590.1|A/cattle/Texas/24-008749-003/2024(H5N1)	251	62567
MP|PP755590.1|A/cattle/Texas/24-008749-003/2024(H5N1)	252	63832
MP|PP755590.1|A/cattle/Texas/24-008749-003/2024(H5N1)	253	61935
MP|PP755590.1|A/cattle/Texas/24-008749-003/2024(H5N1)	254	62207
MP|PP755590.1|A/cattle/Texas/24-008749-003/2024(H5N1)	255	62913
MP|PP755590.1|A/cattle/Texas/24-008749-003/2024(H5N1)	256	61869
MP|PP755590.1|A/cattle/Texas/24-008749-003/2024(H5N1)	257	62798
MP|PP755590.1|A/cattle/Texas/24-008749-003/2024(H5N1)	258	62728
MP|PP755590.1|A/cattle/Texas/24-008749-003/2024(H5N1)	259	63942
MP|PP755590.1|A/cattle/Texas/24-008749-003/2024(H5N1)	260	64311
MP|PP755590.1|A/cattle/Texas/24-008749-003/2024(H5N1)	261	63224
MP|PP755590.1|A/cattle/Texas/24-008749-003/2024(H5N1)	262	63255
MP|PP755590.1|A/cattle/Texas/24-008749-003/2024(H5N1)	263	63226
MP|PP755590.1|A/cattle/Texas/24-008749-003/2024(H5N1)	264	62390
MP|PP755590.1|A/cattle/Texas/24-008749-003/2024(H5N1)	265	62560
MP|PP755590.1|A/cattle/Texas/24-008749-003/2024(H5N1)	266	61841
MP|PP755590.1|A/cattle/Texas/24-008749-003/2024(H5N1)	267	62526
MP|PP755590.1|A/cattle/Texas/24-008749-003/2024(H5N1)	268	62498
MP|PP755590.1|A/cattle/Texas/24-008749-003/2024(H5N1)	269	62223
MP|PP755590.1|A/cattle/Texas/24-008749-003/2024(H5N1)	270	62358
MP|PP755590.1|A/cattle/Texas/24-008749-003/2024(H5N1)	271	62329
MP|PP755590.1|A/cattle/Texas/24-008749-003/2024(H5N1)	272	62393
MP|PP755590.1|A/cattle/Texas/24-008749-003/2024(H5N1)	273	63617
MP|PP755590.1|A/cattle/Texas/24-008749-003/2024(H5N1)	274	64250
MP|PP755590.1|A/cattle/Texas/24-008749-003/2024(H5N1)	275	62008
MP|PP755590.1|A/cattle/Texas/24-008749-003/2024(H5N1)	276	61592
MP|PP755590.1|A/cattle/Texas/24-008749-003/2024(H5N1)	277	61530
MP|PP755590.1|A/cattle/Texas/24-008749-003/2024(H5N1)	278	61522
MP|PP755590.1|A/cattle/Texas/24-008749-003/2024(H5N1)	279	62875
MP|PP755590.1|A/cattle/Texas/24-008749-003/2024(H5N1)	280	63082
MP|PP755590.1|A/cattle/Texas/24-008749-003/2024(H5N1)	281	63030
MP|PP755590.1|A/cattle/Texas/24-008749-003/2024(H5N1)	282	62991
MP|PP755590.1|A/cattle/Texas/24-008749-003/2024(H5N1)	283	61057
MP|PP755590.1|A/cattle/Texas/24-008749-003/2024(H5N1)	284	62522
MP|PP755590.1|A/cattle/Texas/24-008749-003/2024(H5N1)	285	61739
MP|PP755590.1|A/cattle/Texas/24-008749-003/2024(H5N1)	286	60583
MP|PP755590.1|A/cattle/Texas/24-008749-003/2024(H5N1)	287	61526
MP|PP755590.1|A/cattle/Texas/24-008749-003/2024(H5N1)	288	59827
MP|PP755590.1|A/cattle/Texas/24-008749-003/2024(H5N1)	289	60478
MP|PP755590.1|A/cattle/Texas/24-008749-003/2024(H5N1)	290	60519
MP|PP755590.1|A/cattle/Texas/24-008749-003/2024(H5N1)	291	63145
MP|PP755590.1|A/cattle/Texas/24-008749-003/2024(H5N1)	292	63509
MP|PP755590.1|A/cattle/Texas/24-008749-003/2024(H5N1)	293	62349
MP|PP755590.1|A/cattle/Texas/24-008749-003/2024(H5N1)	294	62594
MP|PP755590.1|A/cattle/Texas/24-008749-003/2024(H5N1)	295	62571
MP|PP755590.1|A/cattle/Texas/24-008749-003/2024(H5N1)	296	63307
MP|PP755590.1|A/cattle/Texas/24-008749-003/2024(H5N1)	297	63168
MP|PP755590.1|A/cattle/Texas/24-008749-003/2024(H5N1)	298	63185
MP|PP755590.1|A/cattle/Texas/24-008749-003/2024(H5N1)	299	63192
MP|PP755590.1|A/cattle/Texas/24-008749-003/2024(H5N1)	300	63175
MP|PP755590.1|A/cattle/Texas/24-008749-003/2024(H5N1)	301	62815
MP|PP755590.1|A/cattle/Texas/24-008749-003/2024(H5N1)	302	62603
MP|PP755590.1|A/cattle/Texas/24-008749-003/2024(H5N1)	303	63150
MP|PP755590.1|A/cattle/Texas/24-008749-003/2024(H5N1)	304	63428
MP|PP755590.1|A/cattle/Texas/24-008749-003/2024(H5N1)	305	63411
MP|PP755590.1|A/cattle/Texas/24-008749-003/2024(H5N1)	306	62292
MP|PP755590.1|A/cattle/Texas/24-008749-003/2024(H5N1)	307	64374
MP|PP755590.1|A/cattle/Texas/24-008749-003/2024(H5N1)	308	64307
MP|PP755590.1|A/cattle/Texas/24-008749-003/2024(H5N1)	309	64486
MP|PP755590.1|A/cattle/Texas/24-008749-003/2024(H5N1)	310	64701
MP|PP755590.1|A/cattle/Texas/24-008749-003/2024(H5N1)	311	63050
MP|PP755590.1|A/cattle/Texas/24-008749-003/2024(H5N1)	312	63103
MP|PP755590.1|A/cattle/Texas/24-008749-003/2024(H5N1)	313	62499
MP|PP755590.1|A/cattle/Texas/24-008749-003/2024(H5N1)	314	62766
MP|PP755590.1|A/cattle/Texas/24-008749-003/2024(H5N1)	315	62561
MP|PP755590.1|A/cattle/Texas/24-008749-003/2024(H5N1)	316	62118
MP|PP755590.1|A/cattle/Texas/24-008749-003/2024(H5N1)	317	62548
MP|PP755590.1|A/cattle/Texas/24-008749-003/2024(H5N1)	318	62655
MP|PP755590.1|A/cattle/Texas/24-008749-003/2024(H5N1)	319	62959
MP|PP755590.1|A/cattle/Texas/24-008749-003/2024(H5N1)	320	62988
MP|PP755590.1|A/cattle/Texas/24-008749-003/2024(H5N1)	321	62930
MP|PP755590.1|A/cattle/Texas/24-008749-003/2024(H5N1)	322	63322
MP|PP755590.1|A/cattle/Texas/24-008749-003/2024(H5N1)	323	63496
MP|PP755590.1|A/cattle/Texas/24-008749-003/2024(H5N1)	324	63378
MP|PP755590.1|A/cattle/Texas/24-008749-003/2024(H5N1)	325	63453
MP|PP755590.1|A/cattle/Texas/24-008749-003/2024(H5N1)	326	62746
MP|PP755590.1|A/cattle/Texas/24-008749-003/2024(H5N1)	327	63073
MP|PP755590.1|A/cattle/Texas/24-008749-003/2024(H5N1)	328	62739
MP|PP755590.1|A/cattle/Texas/24-008749-003/2024(H5N1)	329	62711
MP|PP755590.1|A/cattle/Texas/24-008749-003/2024(H5N1)	330	62782
MP|PP755590.1|A/cattle/Texas/24-008749-003/2024(H5N1)	331	62381
MP|PP755590.1|A/cattle/Texas/24-008749-003/2024(H5N1)	332	62955
MP|PP755590.1|A/cattle/Texas/24-008749-003/2024(H5N1)	333	63759
MP|PP755590.1|A/cattle/Texas/24-008749-003/2024(H5N1)	334	63701
MP|PP755590.1|A/cattle/Texas/24-008749-003/2024(H5N1)	335	63675
MP|PP755590.1|A/cattle/Texas/24-008749-003/2024(H5N1)	336	63561
MP|PP755590.1|A/cattle/Texas/24-008749-003/2024(H5N1)	337	63614
MP|PP755590.1|A/cattle/Texas/24-008749-003/2024(H5N1)	338	63769
MP|PP755590.1|A/cattle/Texas/24-008749-003/2024(H5N1)	339	63751
MP|PP755590.1|A/cattle/Texas/24-008749-003/2024(H5N1)	340	63674
MP|PP755590.1|A/cattle/Texas/24-008749-003/2024(H5N1)	341	63676
MP|PP755590.1|A/cattle/Texas/24-008749-003/2024(H5N1)	342	62994
MP|PP755590.1|A/cattle/Texas/24-008749-003/2024(H5N1)	343	63032
MP|PP755590.1|A/cattle/Texas/24-008749-003/2024(H5N1)	344	63451
MP|PP755590.1|A/cattle/Texas/24-008749-003/2024(H5N1)	345	62123
MP|PP755590.1|A/cattle/Texas/24-008749-003/2024(H5N1)	346	62523
MP|PP755590.1|A/cattle/Texas/24-008749-003/2024(H5N1)	347	63122
MP|PP755590.1|A/cattle/Texas/24-008749-003/2024(H5N1)	348	63501
MP|PP755590.1|A/cattle/Texas/24-008749-003/2024(H5N1)	349	61786
MP|PP755590.1|A/cattle/Texas/24-008749-003/2024(H5N1)	350	61547
MP|PP755590.1|A/cattle/Texas/24-008749-003/2024(H5N1)	351	63429
MP|PP755590.1|A/cattle/Texas/24-008749-003/2024(H5N1)	352	63130
MP|PP755590.1|A/cattle/Texas/24-008749-003/2024(H5N1)	353	63688
MP|PP755590.1|A/cattle/Texas/24-008749-003/2024(H5N1)	354	63903
MP|PP755590.1|A/cattle/Texas/24-008749-003/2024(H5N1)	355	63444
MP|PP755590.1|A/cattle/Texas/24-008749-003/2024(H5N1)	356	63470
MP|PP755590.1|A/cattle/Texas/24-008749-003/2024(H5N1)	357	63677
MP|PP755590.1|A/cattle/Texas/24-008749-003/2024(H5N1)	358	63535
MP|PP755590.1|A/cattle/Texas/24-008749-003/2024(H5N1)	359	63235
MP|PP755590.1|A/cattle/Texas/24-008749-003/2024(H5N1)	360	61275
MP|PP755590.1|A/cattle/Texas/24-008749-003/2024(H5N1)	361	62037
MP|PP755590.1|A/cattle/Texas/24-008749-003/2024(H5N1)	362	61759
MP|PP755590.1|A/cattle/Texas/24-008749-003/2024(H5N1)	363	61090
MP|PP755590.1|A/cattle/Texas/24-008749-003/2024(H5N1)	364	60915
MP|PP755590.1|A/cattle/Texas/24-008749-003/2024(H5N1)	365	61647
MP|PP755590.1|A/cattle/Texas/24-008749-003/2024(H5N1)	366	61324
MP|PP755590.1|A/cattle/Texas/24-008749-003/2024(H5N1)	367	61538
MP|PP755590.1|A/cattle/Texas/24-008749-003/2024(H5N1)	368	60488
MP|PP755590.1|A/cattle/Texas/24-008749-003/2024(H5N1)	369	60812
MP|PP755590.1|A/cattle/Texas/24-008749-003/2024(H5N1)	370	59433
MP|PP755590.1|A/cattle/Texas/24-008749-003/2024(H5N1)	371	58532
MP|PP755590.1|A/cattle/Texas/24-008749-003/2024(H5N1)	372	59236
MP|PP755590.1|A/cattle/Texas/24-008749-003/2024(H5N1)	373	59126
MP|PP755590.1|A/cattle/Texas/24-008749-003/2024(H5N1)	374	59629
MP|PP755590.1|A/cattle/Texas/24-008749-003/2024(H5N1)	375	58587
MP|PP755590.1|A/cattle/Texas/24-008749-003/2024(H5N1)	376	58326
MP|PP755590.1|A/cattle/Texas/24-008749-003/2024(H5N1)	377	59183
MP|PP755590.1|A/cattle/Texas/24-008749-003/2024(H5N1)	378	59550
MP|PP755590.1|A/cattle/Texas/24-008749-003/2024(H5N1)	379	59513
MP|PP755590.1|A/cattle/Texas/24-008749-003/2024(H5N1)	380	60256
MP|PP755590.1|A/cattle/Texas/24-008749-003/2024(H5N1)	381	60065
MP|PP755590.1|A/cattle/Texas/24-008749-003/2024(H5N1)	382	60069
MP|PP755590.1|A/cattle/Texas/24-008749-003/2024(H5N1)	383	59935
MP|PP755590.1|A/cattle/Texas/24-008749-003/2024(H5N1)	384	59668
MP|PP755590.1|A/cattle/Texas/24-008749-003/2024(H5N1)	385	60034
MP|PP755590.1|A/cattle/Texas/24-008749-003/2024(H5N1)	386	59765
MP|PP755590.1|A/cattle/Texas/24-008749-003/2024(H5N1)	387	59201
MP|PP755590.1|A/cattle/Texas/24-008749-003/2024(H5N1)	388	59359
MP|PP755590.1|A/cattle/Texas/24-008749-003/2024(H5N1)	389	58583
MP|PP755590.1|A/cattle/Texas/24-008749-003/2024(H5N1)	390	59079
MP|PP755590.1|A/cattle/Texas/24-008749-003/2024(H5N1)	391	60443
MP|PP755590.1|A/cattle/Texas/24-008749-003/2024(H5N1)	392	60468
MP|PP755590.1|A/cattle/Texas/24-008749-003/2024(H5N1)	393	60659
MP|PP755590.1|A/cattle/Texas/24-008749-003/2024(H5N1)	394	60222
MP|PP755590.1|A/cattle/Texas/24-008749-003/2024(H5N1)	395	59479
MP|PP755590.1|A/cattle/Texas/24-008749-003/2024(H5N1)	396	61118
MP|PP755590.1|A/cattle/Texas/24-008749-003/2024(H5N1)	397	59259
MP|PP755590.1|A/cattle/Texas/24-008749-003/2024(H5N1)	398	58649
MP|PP755590.1|A/cattle/Texas/24-008749-003/2024(H5N1)	399	58461
MP|PP755590.1|A/cattle/Texas/24-008749-003/2024(H5N1)	400	56864
MP|PP755590.1|A/cattle/Texas/24-008749-003/2024(H5N1)	401	58424
MP|PP755590.1|A/cattle/Texas/24-008749-003/2024(H5N1)	402	58775
MP|PP755590.1|A/cattle/Texas/24-008749-003/2024(H5N1)	403	57820
MP|PP755590.1|A/cattle/Texas/24-008749-003/2024(H5N1)	404	58117
MP|PP755590.1|A/cattle/Texas/24-008749-003/2024(H5N1)	405	56959
MP|PP755590.1|A/cattle/Texas/24-008749-003/2024(H5N1)	406	57154
MP|PP755590.1|A/cattle/Texas/24-008749-003/2024(H5N1)	407	60727
MP|PP755590.1|A/cattle/Texas/24-008749-003/2024(H5N1)	408	60244
MP|PP755590.1|A/cattle/Texas/24-008749-003/2024(H5N1)	409	60425
MP|PP755590.1|A/cattle/Texas/24-008749-003/2024(H5N1)	410	58573
MP|PP755590.1|A/cattle/Texas/24-008749-003/2024(H5N1)	411	58449
MP|PP755590.1|A/cattle/Texas/24-008749-003/2024(H5N1)	412	58487
MP|PP755590.1|A/cattle/Texas/24-008749-003/2024(H5N1)	413	59758
MP|PP755590.1|A/cattle/Texas/24-008749-003/2024(H5N1)	414	59845
MP|PP755590.1|A/cattle/Texas/24-008749-003/2024(H5N1)	415	59802
MP|PP755590.1|A/cattle/Texas/24-008749-003/2024(H5N1)	416	60224
MP|PP755590.1|A/cattle/Texas/24-008749-003/2024(H5N1)	417	59537
MP|PP755590.1|A/cattle/Texas/24-008749-003/2024(H5N1)	418	59535
MP|PP755590.1|A/cattle/Texas/24-008749-003/2024(H5N1)	419	60341
MP|PP755590.1|A/cattle/Texas/24-008749-003/2024(H5N1)	420	60291
MP|PP755590.1|A/cattle/Texas/24-008749-003/2024(H5N1)	421	60404
MP|PP755590.1|A/cattle/Texas/24-008749-003/2024(H5N1)	422	61249
MP|PP755590.1|A/cattle/Texas/24-008749-003/2024(H5N1)	423	61109
MP|PP755590.1|A/cattle/Texas/24-008749-003/2024(H5N1)	424	60013
MP|PP755590.1|A/cattle/Texas/24-008749-003/2024(H5N1)	425	59259
MP|PP755590.1|A/cattle/Texas/24-008749-003/2024(H5N1)	426	59175
MP|PP755590.1|A/cattle/Texas/24-008749-003/2024(H5N1)	427	60286
MP|PP755590.1|A/cattle/Texas/24-008749-003/2024(H5N1)	428	60446
MP|PP755590.1|A/cattle/Texas/24-008749-003/2024(H5N1)	429	60459
MP|PP755590.1|A/cattle/Texas/24-008749-003/2024(H5N1)	430	58887
MP|PP755590.1|A/cattle/Texas/24-008749-003/2024(H5N1)	431	58882
MP|PP755590.1|A/cattle/Texas/24-008749-003/2024(H5N1)	432	59007
MP|PP755590.1|A/cattle/Texas/24-008749-003/2024(H5N1)	433	63432
MP|PP755590.1|A/cattle/Texas/24-008749-003/2024(H5N1)	434	64528
MP|PP755590.1|A/cattle/Texas/24-008749-003/2024(H5N1)	435	63329
MP|PP755590.1|A/cattle/Texas/24-008749-003/2024(H5N1)	436	62155
MP|PP755590.1|A/cattle/Texas/24-008749-003/2024(H5N1)	437	62141
MP|PP755590.1|A/cattle/Texas/24-008749-003/2024(H5N1)	438	63178
MP|PP755590.1|A/cattle/Texas/24-008749-003/2024(H5N1)	439	64004
MP|PP755590.1|A/cattle/Texas/24-008749-003/2024(H5N1)	440	63622
MP|PP755590.1|A/cattle/Texas/24-008749-003/2024(H5N1)	441	64228
MP|PP755590.1|A/cattle/Texas/24-008749-003/2024(H5N1)	442	59434
MP|PP755590.1|A/cattle/Texas/24-008749-003/2024(H5N1)	443	59258
MP|PP755590.1|A/cattle/Texas/24-008749-003/2024(H5N1)	444	59521
MP|PP755590.1|A/cattle/Texas/24-008749-003/2024(H5N1)	445	59319
MP|PP755590.1|A/cattle/Texas/24-008749-003/2024(H5N1)	446	59406
MP|PP755590.1|A/cattle/Texas/24-008749-003/2024(H5N1)	447	57374
MP|PP755590.1|A/cattle/Texas/24-008749-003/2024(H5N1)	448	56901
MP|PP755590.1|A/cattle/Texas/24-008749-003/2024(H5N1)	449	59147
MP|PP755590.1|A/cattle/Texas/24-008749-003/2024(H5N1)	450	58890
MP|PP755590.1|A/cattle/Texas/24-008749-003/2024(H5N1)	451	58429
MP|PP755590.1|A/cattle/Texas/24-008749-003/2024(H5N1)	452	58652
MP|PP755590.1|A/cattle/Texas/24-008749-003/2024(H5N1)	453	58575
MP|PP755590.1|A/cattle/Texas/24-008749-003/2024(H5N1)	454	58616
MP|PP755590.1|A/cattle/Texas/24-008749-003/2024(H5N1)	455	58229
MP|PP755590.1|A/cattle/Texas/24-008749-003/2024(H5N1)	456	58284
MP|PP755590.1|A/cattle/Texas/24-008749-003/2024(H5N1)	457	57932
MP|PP755590.1|A/cattle/Texas/24-008749-003/2024(H5N1)	458	55552
MP|PP755590.1|A/cattle/Texas/24-008749-003/2024(H5N1)	459	55715
MP|PP755590.1|A/cattle/Texas/24-008749-003/2024(H5N1)	460	57034
MP|PP755590.1|A/cattle/Texas/24-008749-003/2024(H5N1)	461	56934
MP|PP755590.1|A/cattle/Texas/24-008749-003/2024(H5N1)	462	57532
MP|PP755590.1|A/cattle/Texas/24-008749-003/2024(H5N1)	463	57587
MP|PP755590.1|A/cattle/Texas/24-008749-003/2024(H5N1)	464	57832
MP|PP755590.1|A/cattle/Texas/24-008749-003/2024(H5N1)	465	57754
MP|PP755590.1|A/cattle/Texas/24-008749-003/2024(H5N1)	466	58039
MP|PP755590.1|A/cattle/Texas/24-008749-003/2024(H5N1)	467	58187
MP|PP755590.1|A/cattle/Texas/24-008749-003/2024(H5N1)	468	57793
MP|PP755590.1|A/cattle/Texas/24-008749-003/2024(H5N1)	469	57722
MP|PP755590.1|A/cattle/Texas/24-008749-003/2024(H5N1)	470	57749
MP|PP755590.1|A/cattle/Texas/24-008749-003/2024(H5N1)	471	57730
MP|PP755590.1|A/cattle/Texas/24-008749-003/2024(H5N1)	472	57659
MP|PP755590.1|A/cattle/Texas/24-008749-003/2024(H5N1)	473	57505
MP|PP755590.1|A/cattle/Texas/24-008749-003/2024(H5N1)	474	57787
MP|PP755590.1|A/cattle/Texas/24-008749-003/2024(H5N1)	475	57903
MP|PP755590.1|A/cattle/Texas/24-008749-003/2024(H5N1)	476	57797
MP|PP755590.1|A/cattle/Texas/24-008749-003/2024(H5N1)	477	58305
MP|PP755590.1|A/cattle/Texas/24-008749-003/2024(H5N1)	478	58061
MP|PP755590.1|A/cattle/Texas/24-008749-003/2024(H5N1)	479	58071
MP|PP755590.1|A/cattle/Texas/24-008749-003/2024(H5N1)	480	58823
MP|PP755590.1|A/cattle/Texas/24-008749-003/2024(H5N1)	481	60054
MP|PP755590.1|A/cattle/Texas/24-008749-003/2024(H5N1)	482	60155
MP|PP755590.1|A/cattle/Texas/24-008749-003/2024(H5N1)	483	60184
MP|PP755590.1|A/cattle/Texas/24-008749-003/2024(H5N1)	484	60415
MP|PP755590.1|A/cattle/Texas/24-008749-003/2024(H5N1)	485	60405
MP|PP755590.1|A/cattle/Texas/24-008749-003/2024(H5N1)	486	60756
MP|PP755590.1|A/cattle/Texas/24-008749-003/2024(H5N1)	487	60623
MP|PP755590.1|A/cattle/Texas/24-008749-003/2024(H5N1)	488	61450
MP|PP755590.1|A/cattle/Texas/24-008749-003/2024(H5N1)	489	60762
MP|PP755590.1|A/cattle/Texas/24-008749-003/2024(H5N1)	490	61166
MP|PP755590.1|A/cattle/Texas/24-008749-003/2024(H5N1)	491	60226
MP|PP755590.1|A/cattle/Texas/24-008749-003/2024(H5N1)	492	60468
MP|PP755590.1|A/cattle/Texas/24-008749-003/2024(H5N1)	493	61087
MP|PP755590.1|A/cattle/Texas/24-008749-003/2024(H5N1)	494	61130
MP|PP755590.1|A/cattle/Texas/24-008749-003/2024(H5N1)	495	60931
MP|PP755590.1|A/cattle/Texas/24-008749-003/2024(H5N1)	496	61195
MP|PP755590.1|A/cattle/Texas/24-008749-003/2024(H5N1)	497	61492
MP|PP755590.1|A/cattle/Texas/24-008749-003/2024(H5N1)	498	61469
MP|PP755590.1|A/cattle/Texas/24-008749-003/2024(H5N1)	499	61248
MP|PP755590.1|A/cattle/Texas/24-008749-003/2024(H5N1)	500	61386
MP|PP755590.1|A/cattle/Texas/24-008749-003/2024(H5N1)	501	59907
MP|PP755590.1|A/cattle/Texas/24-008749-003/2024(H5N1)	502	59703
MP|PP755590.1|A/cattle/Texas/24-008749-003/2024(H5N1)	503	60206
MP|PP755590.1|A/cattle/Texas/24-008749-003/2024(H5N1)	504	60462
MP|PP755590.1|A/cattle/Texas/24-008749-003/2024(H5N1)	505	60232
MP|PP755590.1|A/cattle/Texas/24-008749-003/2024(H5N1)	506	60703
MP|PP755590.1|A/cattle/Texas/24-008749-003/2024(H5N1)	507	60507
MP|PP755590.1|A/cattle/Texas/24-008749-003/2024(H5N1)	508	60408
MP|PP755590.1|A/cattle/Texas/24-008749-003/2024(H5N1)	509	60641
MP|PP755590.1|A/cattle/Texas/24-008749-003/2024(H5N1)	510	60744
MP|PP755590.1|A/cattle/Texas/24-008749-003/2024(H5N1)	511	61038
MP|PP755590.1|A/cattle/Texas/24-008749-003/2024(H5N1)	512	60750
MP|PP755590.1|A/cattle/Texas/24-008749-003/2024(H5N1)	513	60539
MP|PP755590.1|A/cattle/Texas/24-008749-003/2024(H5N1)	514	60700
MP|PP755590.1|A/cattle/Texas/24-008749-003/2024(H5N1)	515	60111
MP|PP755590.1|A/cattle/Texas/24-008749-003/2024(H5N1)	516	61156
MP|PP755590.1|A/cattle/Texas/24-008749-003/2024(H5N1)	517	61425
MP|PP755590.1|A/cattle/Texas/24-008749-003/2024(H5N1)	518	61191
MP|PP755590.1|A/cattle/Texas/24-008749-003/2024(H5N1)	519	61045
MP|PP755590.1|A/cattle/Texas/24-008749-003/2024(H5N1)	520	60606
MP|PP755590.1|A/cattle/Texas/24-008749-003/2024(H5N1)	521	60628
MP|PP755590.1|A/cattle/Texas/24-008749-003/2024(H5N1)	522	61034
MP|PP755590.1|A/cattle/Texas/24-008749-003/2024(H5N1)	523	60939
MP|PP755590.1|A/cattle/Texas/24-008749-003/2024(H5N1)	524	61871
MP|PP755590.1|A/cattle/Texas/24-008749-003/2024(H5N1)	525	60880
MP|PP755590.1|A/cattle/Texas/24-008749-003/2024(H5N1)	526	60880
MP|PP755590.1|A/cattle/Texas/24-008749-003/2024(H5N1)	527	60876
MP|PP755590.1|A/cattle/Texas/24-008749-003/2024(H5N1)	528	60241
MP|PP755590.1|A/cattle/Texas/24-008749-003/2024(H5N1)	529	59800
MP|PP755590.1|A/cattle/Texas/24-008749-003/2024(H5N1)	530	59512
MP|PP755590.1|A/cattle/Texas/24-008749-003/2024(H5N1)	531	59029
MP|PP755590.1|A/cattle/Texas/24-008749-003/2024(H5N1)	532	58387
MP|PP755590.1|A/cattle/Texas/24-008749-003/2024(H5N1)	533	58607
MP|PP755590.1|A/cattle/Texas/24-008749-003/2024(H5N1)	534	63090
MP|PP755590.1|A/cattle/Texas/24-008749-003/2024(H5N1)	535	63914
MP|PP755590.1|A/cattle/Texas/24-008749-003/2024(H5N1)	536	63570
MP|PP755590.1|A/cattle/Texas/24-008749-003/2024(H5N1)	537	63048
MP|PP755590.1|A/cattle/Texas/24-008749-003/2024(H5N1)	538	64111
MP|PP755590.1|A/cattle/Texas/24-008749-003/2024(H5N1)	539	62815
MP|PP755590.1|A/cattle/Texas/24-008749-003/2024(H5N1)	540	63061
MP|PP755590.1|A/cattle/Texas/24-008749-003/2024(H5N1)	541	63017
MP|PP755590.1|A/cattle/Texas/24-008749-003/2024(H5N1)	542	61833
MP|PP755590.1|A/cattle/Texas/24-008749-003/2024(H5N1)	543	62626
MP|PP755590.1|A/cattle/Texas/24-008749-003/2024(H5N1)	544	62345
MP|PP755590.1|A/cattle/Texas/24-008749-003/2024(H5N1)	545	62530
MP|PP755590.1|A/cattle/Texas/24-008749-003/2024(H5N1)	546	62078
MP|PP755590.1|A/cattle/Texas/24-008749-003/2024(H5N1)	547	60972
MP|PP755590.1|A/cattle/Texas/24-008749-003/2024(H5N1)	548	65656
MP|PP755590.1|A/cattle/Texas/24-008749-003/2024(H5N1)	549	66346
MP|PP755590.1|A/cattle/Texas/24-008749-003/2024(H5N1)	550	66442
MP|PP755590.1|A/cattle/Texas/24-008749-003/2024(H5N1)	551	65221
MP|PP755590.1|A/cattle/Texas/24-008749-003/2024(H5N1)	552	64448
MP|PP755590.1|A/cattle/Texas/24-008749-003/2024(H5N1)	553	64473
MP|PP755590.1|A/cattle/Texas/24-008749-003/2024(H5N1)	554	64714
MP|PP755590.1|A/cattle/Texas/24-008749-003/2024(H5N1)	555	65425
MP|PP755590.1|A/cattle/Texas/24-008749-003/2024(H5N1)	556	66094
MP|PP755590.1|A/cattle/Texas/24-008749-003/2024(H5N1)	557	61924
MP|PP755590.1|A/cattle/Texas/24-008749-003/2024(H5N1)	558	61664
MP|PP755590.1|A/cattle/Texas/24-008749-003/2024(H5N1)	559	61582
MP|PP755590.1|A/cattle/Texas/24-008749-003/2024(H5N1)	560	61987
MP|PP755590.1|A/cattle/Texas/24-008749-003/2024(H5N1)	561	62518
MP|PP755590.1|A/cattle/Texas/24-008749-003/2024(H5N1)	562	62741
MP|PP755590.1|A/cattle/Texas/24-008749-003/2024(H5N1)	563	63088
MP|PP755590.1|A/cattle/Texas/24-008749-003/2024(H5N1)	564	61505
MP|PP755590.1|A/cattle/Texas/24-008749-003/2024(H5N1)	565	61521
MP|PP755590.1|A/cattle/Texas/24-008749-003/2024(H5N1)	566	61591
MP|PP755590.1|A/cattle/Texas/24-008749-003/2024(H5N1)	567	61120
MP|PP755590.1|A/cattle/Texas/24-008749-003/2024(H5N1)	568	61616
MP|PP755590.1|A/cattle/Texas/24-008749-003/2024(H5N1)	569	60621
MP|PP755590.1|A/cattle/Texas/24-008749-003/2024(H5N1)	570	60643
MP|PP755590.1|A/cattle/Texas/24-008749-003/2024(H5N1)	571	60154
MP|PP755590.1|A/cattle/Texas/24-008749-003/2024(H5N1)	572	59549
MP|PP755590.1|A/cattle/Texas/24-008749-003/2024(H5N1)	573	59623
MP|PP755590.1|A/cattle/Texas/24-008749-003/2024(H5N1)	574	59687
MP|PP755590.1|A/cattle/Texas/24-008749-003/2024(H5N1)	575	60861
MP|PP755590.1|A/cattle/Texas/24-008749-003/2024(H5N1)	576	60868
MP|PP755590.1|A/cattle/Texas/24-008749-003/2024(H5N1)	577	60553
MP|PP755590.1|A/cattle/Texas/24-008749-003/2024(H5N1)	578	60462
MP|PP755590.1|A/cattle/Texas/24-008749-003/2024(H5N1)	579	60233
MP|PP755590.1|A/cattle/Texas/24-008749-003/2024(H5N1)	580	60351
MP|PP755590.1|A/cattle/Texas/24-008749-003/2024(H5N1)	581	60610
MP|PP755590.1|A/cattle/Texas/24-008749-003/2024(H5N1)	582	60597
MP|PP755590.1|A/cattle/Texas/24-008749-003/2024(H5N1)	583	60479
MP|PP755590.1|A/cattle/Texas/24-008749-003/2024(H5N1)	584	55857
MP|PP755590.1|A/cattle/Texas/24-008749-003/2024(H5N1)	585	55900
MP|PP755590.1|A/cattle/Texas/24-008749-003/2024(H5N1)	586	55918
MP|PP755590.1|A/cattle/Texas/24-008749-003/2024(H5N1)	587	55981
MP|PP755590.1|A/cattle/Texas/24-008749-003/2024(H5N1)	588	56275
MP|PP755590.1|A/cattle/Texas/24-008749-003/2024(H5N1)	589	55495
MP|PP755590.1|A/cattle/Texas/24-008749-003/2024(H5N1)	590	54995
MP|PP755590.1|A/cattle/Texas/24-008749-003/2024(H5N1)	591	55011
MP|PP755590.1|A/cattle/Texas/24-008749-003/2024(H5N1)	592	56094
MP|PP755590.1|A/cattle/Texas/24-008749-003/2024(H5N1)	593	56149
MP|PP755590.1|A/cattle/Texas/24-008749-003/2024(H5N1)	594	56020
MP|PP755590.1|A/cattle/Texas/24-008749-003/2024(H5N1)	595	55969
MP|PP755590.1|A/cattle/Texas/24-008749-003/2024(H5N1)	596	56712
MP|PP755590.1|A/cattle/Texas/24-008749-003/2024(H5N1)	597	56539
MP|PP755590.1|A/cattle/Texas/24-008749-003/2024(H5N1)	598	58176
MP|PP755590.1|A/cattle/Texas/24-008749-003/2024(H5N1)	599	58668
MP|PP755590.1|A/cattle/Texas/24-008749-003/2024(H5N1)	600	56845
MP|PP755590.1|A/cattle/Texas/24-008749-003/2024(H5N1)	601	57028
MP|PP755590.1|A/cattle/Texas/24-008749-003/2024(H5N1)	602	57123
MP|PP755590.1|A/cattle/Texas/24-008749-003/2024(H5N1)	603	56891
MP|PP755590.1|A/cattle/Texas/24-008749-003/2024(H5N1)	604	57559
MP|PP755590.1|A/cattle/Texas/24-008749-003/2024(H5N1)	605	58270
MP|PP755590.1|A/cattle/Texas/24-008749-003/2024(H5N1)	606	58403
MP|PP755590.1|A/cattle/Texas/24-008749-003/2024(H5N1)	607	56900
MP|PP755590.1|A/cattle/Texas/24-008749-003/2024(H5N1)	608	57709
MP|PP755590.1|A/cattle/Texas/24-008749-003/2024(H5N1)	609	57730
MP|PP755590.1|A/cattle/Texas/24-008749-003/2024(H5N1)	610	57786
MP|PP755590.1|A/cattle/Texas/24-008749-003/2024(H5N1)	611	57678
MP|PP755590.1|A/cattle/Texas/24-008749-003/2024(H5N1)	612	57920
MP|PP755590.1|A/cattle/Texas/24-008749-003/2024(H5N1)	613	57888
MP|PP755590.1|A/cattle/Texas/24-008749-003/2024(H5N1)	614	57610
MP|PP755590.1|A/cattle/Texas/24-008749-003/2024(H5N1)	615	57527
MP|PP755590.1|A/cattle/Texas/24-008749-003/2024(H5N1)	616	57557
MP|PP755590.1|A/cattle/Texas/24-008749-003/2024(H5N1)	617	57765
MP|PP755590.1|A/cattle/Texas/24-008749-003/2024(H5N1)	618	57786
MP|PP755590.1|A/cattle/Texas/24-008749-003/2024(H5N1)	619	58425
MP|PP755590.1|A/cattle/Texas/24-008749-003/2024(H5N1)	620	58328
MP|PP755590.1|A/cattle/Texas/24-008749-003/2024(H5N1)	621	58966
MP|PP755590.1|A/cattle/Texas/24-008749-003/2024(H5N1)	622	58795
MP|PP755590.1|A/cattle/Texas/24-008749-003/2024(H5N1)	623	58757
MP|PP755590.1|A/cattle/Texas/24-008749-003/2024(H5N1)	624	61110
MP|PP755590.1|A/cattle/Texas/24-008749-003/2024(H5N1)	625	61468
MP|PP755590.1|A/cattle/Texas/24-008749-003/2024(H5N1)	626	61531
MP|PP755590.1|A/cattle/Texas/24-008749-003/2024(H5N1)	627	61512
MP|PP755590.1|A/cattle/Texas/24-008749-003/2024(H5N1)	628	61125
MP|PP755590.1|A/cattle/Texas/24-008749-003/2024(H5N1)	629	61859
MP|PP755590.1|A/cattle/Texas/24-008749-003/2024(H5N1)	630	61887
MP|PP755590.1|A/cattle/Texas/24-008749-003/2024(H5N1)	631	61292
MP|PP755590.1|A/cattle/Texas/24-008749-003/2024(H5N1)	632	59803
MP|PP755590.1|A/cattle/Texas/24-008749-003/2024(H5N1)	633	58630
MP|PP755590.1|A/cattle/Texas/24-008749-003/2024(H5N1)	634	58285
MP|PP755590.1|A/cattle/Texas/24-008749-003/2024(H5N1)	635	58186
MP|PP755590.1|A/cattle/Texas/24-008749-003/2024(H5N1)	636	58337
MP|PP755590.1|A/cattle/Texas/24-008749-003/2024(H5N1)	637	59748
MP|PP755590.1|A/cattle/Texas/24-008749-003/2024(H5N1)	638	59921
MP|PP755590.1|A/cattle/Texas/24-008749-003/2024(H5N1)	639	59219
MP|PP755590.1|A/cattle/Texas/24-008749-003/2024(H5N1)	640	58836
MP|PP755590.1|A/cattle/Texas/24-008749-003/2024(H5N1)	641	58718
MP|PP755590.1|A/cattle/Texas/24-008749-003/2024(H5N1)	642	59230
MP|PP755590.1|A/cattle/Texas/24-008749-003/2024(H5N1)	643	59971
MP|PP755590.1|A/cattle/Texas/24-008749-003/2024(H5N1)	644	60107
MP|PP755590.1|A/cattle/Texas/24-008749-003/2024(H5N1)	645	60253
MP|PP755590.1|A/cattle/Texas/24-008749-003/2024(H5N1)	646	59169
MP|PP755590.1|A/cattle/Texas/24-008749-003/2024(H5N1)	647	58870
MP|PP755590.1|A/cattle/Texas/24-008749-003/2024(H5N1)	648	58906
MP|PP755590.1|A/cattle/Texas/24-008749-003/2024(H5N1)	649	58910
MP|PP755590.1|A/cattle/Texas/24-008749-003/2024(H5N1)	650	59106
MP|PP755590.1|A/cattle/Texas/24-008749-003/2024(H5N1)	651	59788
MP|PP755590.1|A/cattle/Texas/24-008749-003/2024(H5N1)	652	59658
MP|PP755590.1|A/cattle/Texas/24-008749-003/2024(H5N1)	653	60235
MP|PP755590.1|A/cattle/Texas/24-008749-003/2024(H5N1)	654	60925
MP|PP755590.1|A/cattle/Texas/24-008749-003/2024(H5N1)	655	60701
MP|PP755590.1|A/cattle/Texas/24-008749-003/2024(H5N1)	656	61370
MP|PP755590.1|A/cattle/Texas/24-008749-003/2024(H5N1)	657	60842
MP|PP755590.1|A/cattle/Texas/24-008749-003/2024(H5N1)	658	60851
MP|PP755590.1|A/cattle/Texas/24-008749-003/2024(H5N1)	659	61153
MP|PP755590.1|A/cattle/Texas/24-008749-003/2024(H5N1)	660	61069
MP|PP755590.1|A/cattle/Texas/24-008749-003/2024(H5N1)	661	61982
MP|PP755590.1|A/cattle/Texas/24-008749-003/2024(H5N1)	662	61409
MP|PP755590.1|A/cattle/Texas/24-008749-003/2024(H5N1)	663	60507
MP|PP755590.1|A/cattle/Texas/24-008749-003/2024(H5N1)	664	60839
MP|PP755590.1|A/cattle/Texas/24-008749-003/2024(H5N1)	665	60626
MP|PP755590.1|A/cattle/Texas/24-008749-003/2024(H5N1)	666	62554
MP|PP755590.1|A/cattle/Texas/24-008749-003/2024(H5N1)	667	61772
MP|PP755590.1|A/cattle/Texas/24-008749-003/2024(H5N1)	668	61549
MP|PP755590.1|A/cattle/Texas/24-008749-003/2024(H5N1)	669	61529
MP|PP755590.1|A/cattle/Texas/24-008749-003/2024(H5N1)	670	61568
MP|PP755590.1|A/cattle/Texas/24-008749-003/2024(H5N1)	671	61625
MP|PP755590.1|A/cattle/Texas/24-008749-003/2024(H5N1)	672	67222
MP|PP755590.1|A/cattle/Texas/24-008749-003/2024(H5N1)	673	66938
MP|PP755590.1|A/cattle/Texas/24-008749-003/2024(H5N1)	674	67123
MP|PP755590.1|A/cattle/Texas/24-008749-003/2024(H5N1)	675	66031
MP|PP755590.1|A/cattle/Texas/24-008749-003/2024(H5N1)	676	66010
MP|PP755590.1|A/cattle/Texas/24-008749-003/2024(H5N1)	677	67337
MP|PP755590.1|A/cattle/Texas/24-008749-003/2024(H5N1)	678	67343
MP|PP755590.1|A/cattle/Texas/24-008749-003/2024(H5N1)	679	67264
MP|PP755590.1|A/cattle/Texas/24-008749-003/2024(H5N1)	680	67220
MP|PP755590.1|A/cattle/Texas/24-008749-003/2024(H5N1)	681	62058
MP|PP755590.1|A/cattle/Texas/24-008749-003/2024(H5N1)	682	62520
MP|PP755590.1|A/cattle/Texas/24-008749-003/2024(H5N1)	683	63340
MP|PP755590.1|A/cattle/Texas/24-008749-003/2024(H5N1)	684	63121
MP|PP755590.1|A/cattle/Texas/24-008749-003/2024(H5N1)	685	63205
MP|PP755590.1|A/cattle/Texas/24-008749-003/2024(H5N1)	686	62135
MP|PP755590.1|A/cattle/Texas/24-008749-003/2024(H5N1)	687	62479
MP|PP755590.1|A/cattle/Texas/24-008749-003/2024(H5N1)	688	62885
MP|PP755590.1|A/cattle/Texas/24-008749-003/2024(H5N1)	689	63008
MP|PP755590.1|A/cattle/Texas/24-008749-003/2024(H5N1)	690	62905
MP|PP755590.1|A/cattle/Texas/24-008749-003/2024(H5N1)	691	62775
MP|PP755590.1|A/cattle/Texas/24-008749-003/2024(H5N1)	692	62331
MP|PP755590.1|A/cattle/Texas/24-008749-003/2024(H5N1)	693	62220
MP|PP755590.1|A/cattle/Texas/24-008749-003/2024(H5N1)	694	61566
MP|PP755590.1|A/cattle/Texas/24-008749-003/2024(H5N1)	695	62001
MP|PP755590.1|A/cattle/Texas/24-008749-003/2024(H5N1)	696	62295
MP|PP755590.1|A/cattle/Texas/24-008749-003/2024(H5N1)	697	58473
MP|PP755590.1|A/cattle/Texas/24-008749-003/2024(H5N1)	698	57703
MP|PP755590.1|A/cattle/Texas/24-008749-003/2024(H5N1)	699	58103
MP|PP755590.1|A/cattle/Texas/24-008749-003/2024(H5N1)	700	57637
MP|PP755590.1|A/cattle/Texas/24-008749-003/2024(H5N1)	701	57649
MP|PP755590.1|A/cattle/Texas/24-008749-003/2024(H5N1)	702	57666
MP|PP755590.1|A/cattle/Texas/24-008749-003/2024(H5N1)	703	57716
MP|PP755590.1|A/cattle/Texas/24-008749-003/2024(H5N1)	704	57699
MP|PP755590.1|A/cattle/Texas/24-008749-003/2024(H5N1)	705	57454
MP|PP755590.1|A/cattle/Texas/24-008749-003/2024(H5N1)	706	56626
MP|PP755590.1|A/cattle/Texas/24-008749-003/2024(H5N1)	707	56441
MP|PP755590.1|A/cattle/Texas/24-008749-003/2024(H5N1)	708	57087
MP|PP755590.1|A/cattle/Texas/24-008749-003/2024(H5N1)	709	57710
MP|PP755590.1|A/cattle/Texas/24-008749-003/2024(H5N1)	710	57707
MP|PP755590.1|A/cattle/Texas/24-008749-003/2024(H5N1)	711	57200
MP|PP755590.1|A/cattle/Texas/24-008749-003/2024(H5N1)	712	56729
MP|PP755590.1|A/cattle/Texas/24-008749-003/2024(H5N1)	713	56697
MP|PP755590.1|A/cattle/Texas/24-008749-003/2024(H5N1)	714	56586
MP|PP755590.1|A/cattle/Texas/24-008749-003/2024(H5N1)	715	56724
MP|PP755590.1|A/cattle/Texas/24-008749-003/2024(H5N1)	716	56586
MP|PP755590.1|A/cattle/Texas/24-008749-003/2024(H5N1)	717	56300
MP|PP755590.1|A/cattle/Texas/24-008749-003/2024(H5N1)	718	56300
MP|PP755590.1|A/cattle/Texas/24-008749-003/2024(H5N1)	719	57767
MP|PP755590.1|A/cattle/Texas/24-008749-003/2024(H5N1)	720	58777
MP|PP755590.1|A/cattle/Texas/24-008749-003/2024(H5N1)	721	58786
MP|PP755590.1|A/cattle/Texas/24-008749-003/2024(H5N1)	722	58736
MP|PP755590.1|A/cattle/Texas/24-008749-003/2024(H5N1)	723	58549
MP|PP755590.1|A/cattle/Texas/24-008749-003/2024(H5N1)	724	58610
MP|PP755590.1|A/cattle/Texas/24-008749-003/2024(H5N1)	725	58734
MP|PP755590.1|A/cattle/Texas/24-008749-003/2024(H5N1)	726	58120
MP|PP755590.1|A/cattle/Texas/24-008749-003/2024(H5N1)	727	58221
MP|PP755590.1|A/cattle/Texas/24-008749-003/2024(H5N1)	728	57645
MP|PP755590.1|A/cattle/Texas/24-008749-003/2024(H5N1)	729	57674
MP|PP755590.1|A/cattle/Texas/24-008749-003/2024(H5N1)	730	57745
MP|PP755590.1|A/cattle/Texas/24-008749-003/2024(H5N1)	731	57750
MP|PP755590.1|A/cattle/Texas/24-008749-003/2024(H5N1)	732	57544
MP|PP755590.1|A/cattle/Texas/24-008749-003/2024(H5N1)	733	58677
MP|PP755590.1|A/cattle/Texas/24-008749-003/2024(H5N1)	734	60501
MP|PP755590.1|A/cattle/Texas/24-008749-003/2024(H5N1)	735	60405
MP|PP755590.1|A/cattle/Texas/24-008749-003/2024(H5N1)	736	60987
MP|PP755590.1|A/cattle/Texas/24-008749-003/2024(H5N1)	737	61082
MP|PP755590.1|A/cattle/Texas/24-008749-003/2024(H5N1)	738	60998
MP|PP755590.1|A/cattle/Texas/24-008749-003/2024(H5N1)	739	62267
MP|PP755590.1|A/cattle/Texas/24-008749-003/2024(H5N1)	740	62378
MP|PP755590.1|A/cattle/Texas/24-008749-003/2024(H5N1)	741	62138
MP|PP755590.1|A/cattle/Texas/24-008749-003/2024(H5N1)	742	62075
MP|PP755590.1|A/cattle/Texas/24-008749-003/2024(H5N1)	743	60327
MP|PP755590.1|A/cattle/Texas/24-008749-003/2024(H5N1)	744	60410
MP|PP755590.1|A/cattle/Texas/24-008749-003/2024(H5N1)	745	60074
MP|PP755590.1|A/cattle/Texas/24-008749-003/2024(H5N1)	746	59999
MP|PP755590.1|A/cattle/Texas/24-008749-003/2024(H5N1)	747	59842
MP|PP755590.1|A/cattle/Texas/24-008749-003/2024(H5N1)	748	61936
MP|PP755590.1|A/cattle/Texas/24-008749-003/2024(H5N1)	749	62088
MP|PP755590.1|A/cattle/Texas/24-008749-003/2024(H5N1)	750	63815
MP|PP755590.1|A/cattle/Texas/24-008749-003/2024(H5N1)	751	64005
MP|PP755590.1|A/cattle/Texas/24-008749-003/2024(H5N1)	752	63945
MP|PP755590.1|A/cattle/Texas/24-008749-003/2024(H5N1)	753	64234
MP|PP755590.1|A/cattle/Texas/24-008749-003/2024(H5N1)	754	64736
MP|PP755590.1|A/cattle/Texas/24-008749-003/2024(H5N1)	755	64121
MP|PP755590.1|A/cattle/Texas/24-008749-003/2024(H5N1)	756	63523
MP|PP755590.1|A/cattle/Texas/24-008749-003/2024(H5N1)	757	64457
MP|PP755590.1|A/cattle/Texas/24-008749-003/2024(H5N1)	758	64358
MP|PP755590.1|A/cattle/Texas/24-008749-003/2024(H5N1)	759	64378
MP|PP755590.1|A/cattle/Texas/24-008749-003/2024(H5N1)	760	64356
MP|PP755590.1|A/cattle/Texas/24-008749-003/2024(H5N1)	761	64868
MP|PP755590.1|A/cattle/Texas/24-008749-003/2024(H5N1)	762	64054
MP|PP755590.1|A/cattle/Texas/24-008749-003/2024(H5N1)	763	64554
MP|PP755590.1|A/cattle/Texas/24-008749-003/2024(H5N1)	764	64809
MP|PP755590.1|A/cattle/Texas/24-008749-003/2024(H5N1)	765	64666
MP|PP755590.1|A/cattle/Texas/24-008749-003/2024(H5N1)	766	65619
MP|PP755590.1|A/cattle/Texas/24-008749-003/2024(H5N1)	767	65603
MP|PP755590.1|A/cattle/Texas/24-008749-003/2024(H5N1)	768	65054
MP|PP755590.1|A/cattle/Texas/24-008749-003/2024(H5N1)	769	65497
MP|PP755590.1|A/cattle/Texas/24-008749-003/2024(H5N1)	770	64507
MP|PP755590.1|A/cattle/Texas/24-008749-003/2024(H5N1)	771	64998
MP|PP755590.1|A/cattle/Texas/24-008749-003/2024(H5N1)	772	64553
MP|PP755590.1|A/cattle/Texas/24-008749-003/2024(H5N1)	773	64358
MP|PP755590.1|A/cattle/Texas/24-008749-003/2024(H5N1)	774	62016
MP|PP755590.1|A/cattle/Texas/24-008749-003/2024(H5N1)	775	61360
MP|PP755590.1|A/cattle/Texas/24-008749-003/2024(H5N1)	776	61381
MP|PP755590.1|A/cattle/Texas/24-008749-003/2024(H5N1)	777	61965
MP|PP755590.1|A/cattle/Texas/24-008749-003/2024(H5N1)	778	62031
MP|PP755590.1|A/cattle/Texas/24-008749-003/2024(H5N1)	779	61818
MP|PP755590.1|A/cattle/Texas/24-008749-003/2024(H5N1)	780	61884
MP|PP755590.1|A/cattle/Texas/24-008749-003/2024(H5N1)	781	64842
MP|PP755590.1|A/cattle/Texas/24-008749-003/2024(H5N1)	782	64861
MP|PP755590.1|A/cattle/Texas/24-008749-003/2024(H5N1)	783	64879
MP|PP755590.1|A/cattle/Texas/24-008749-003/2024(H5N1)	784	66192
MP|PP755590.1|A/cattle/Texas/24-008749-003/2024(H5N1)	785	66337
MP|PP755590.1|A/cattle/Texas/24-008749-003/2024(H5N1)	786	67647
MP|PP755590.1|A/cattle/Texas/24-008749-003/2024(H5N1)	787	67393
MP|PP755590.1|A/cattle/Texas/24-008749-003/2024(H5N1)	788	65834
MP|PP755590.1|A/cattle/Texas/24-008749-003/2024(H5N1)	789	64819
MP|PP755590.1|A/cattle/Texas/24-008749-003/2024(H5N1)	790	64946
MP|PP755590.1|A/cattle/Texas/24-008749-003/2024(H5N1)	791	68132
MP|PP755590.1|A/cattle/Texas/24-008749-003/2024(H5N1)	792	67973
MP|PP755590.1|A/cattle/Texas/24-008749-003/2024(H5N1)	793	67474
MP|PP755590.1|A/cattle/Texas/24-008749-003/2024(H5N1)	794	68214
MP|PP755590.1|A/cattle/Texas/24-008749-003/2024(H5N1)	795	68325
MP|PP755590.1|A/cattle/Texas/24-008749-003/2024(H5N1)	796	68628
MP|PP755590.1|A/cattle/Texas/24-008749-003/2024(H5N1)	797	68309
MP|PP755590.1|A/cattle/Texas/24-008749-003/2024(H5N1)	798	68423
MP|PP755590.1|A/cattle/Texas/24-008749-003/2024(H5N1)	799	68962
MP|PP755590.1|A/cattle/Texas/24-008749-003/2024(H5N1)	800	68025
MP|PP755590.1|A/cattle/Texas/24-008749-003/2024(H5N1)	801	68261
MP|PP755590.1|A/cattle/Texas/24-008749-003/2024(H5N1)	802	68074
MP|PP755590.1|A/cattle/Texas/24-008749-003/2024(H5N1)	803	68845
MP|PP755590.1|A/cattle/Texas/24-008749-003/2024(H5N1)	804	67791
MP|PP755590.1|A/cattle/Texas/24-008749-003/2024(H5N1)	805	66816
MP|PP755590.1|A/cattle/Texas/24-008749-003/2024(H5N1)	806	66738
MP|PP755590.1|A/cattle/Texas/24-008749-003/2024(H5N1)	807	66099
MP|PP755590.1|A/cattle/Texas/24-008749-003/2024(H5N1)	808	66412
MP|PP755590.1|A/cattle/Texas/24-008749-003/2024(H5N1)	809	66291
MP|PP755590.1|A/cattle/Texas/24-008749-003/2024(H5N1)	810	65915
MP|PP755590.1|A/cattle/Texas/24-008749-003/2024(H5N1)	811	65948
MP|PP755590.1|A/cattle/Texas/24-008749-003/2024(H5N1)	812	65000
MP|PP755590.1|A/cattle/Texas/24-008749-003/2024(H5N1)	813	65020
MP|PP755590.1|A/cattle/Texas/24-008749-003/2024(H5N1)	814	64759
MP|PP755590.1|A/cattle/Texas/24-008749-003/2024(H5N1)	815	63089
MP|PP755590.1|A/cattle/Texas/24-008749-003/2024(H5N1)	816	63056
MP|PP755590.1|A/cattle/Texas/24-008749-003/2024(H5N1)	817	62550
MP|PP755590.1|A/cattle/Texas/24-008749-003/2024(H5N1)	818	62493
MP|PP755590.1|A/cattle/Texas/24-008749-003/2024(H5N1)	819	62976
MP|PP755590.1|A/cattle/Texas/24-008749-003/2024(H5N1)	820	62954
MP|PP755590.1|A/cattle/Texas/24-008749-003/2024(H5N1)	821	62823
MP|PP755590.1|A/cattle/Texas/24-008749-003/2024(H5N1)	822	62684
MP|PP755590.1|A/cattle/Texas/24-008749-003/2024(H5N1)	823	57800
MP|PP755590.1|A/cattle/Texas/24-008749-003/2024(H5N1)	824	60955
MP|PP755590.1|A/cattle/Texas/24-008749-003/2024(H5N1)	825	60916
MP|PP755590.1|A/cattle/Texas/24-008749-003/2024(H5N1)	826	60937
MP|PP755590.1|A/cattle/Texas/24-008749-003/2024(H5N1)	827	60992
MP|PP755590.1|A/cattle/Texas/24-008749-003/2024(H5N1)	828	59824
MP|PP755590.1|A/cattle/Texas/24-008749-003/2024(H5N1)	829	61199
MP|PP755590.1|A/cattle/Texas/24-008749-003/2024(H5N1)	830	61173
MP|PP755590.1|A/cattle/Texas/24-008749-003/2024(H5N1)	831	61197
MP|PP755590.1|A/cattle/Texas/24-008749-003/2024(H5N1)	832	60482
MP|PP755590.1|A/cattle/Texas/24-008749-003/2024(H5N1)	833	60198
MP|PP755590.1|A/cattle/Texas/24-008749-003/2024(H5N1)	834	59817
MP|PP755590.1|A/cattle/Texas/24-008749-003/2024(H5N1)	835	59855
MP|PP755590.1|A/cattle/Texas/24-008749-003/2024(H5N1)	836	59762
MP|PP755590.1|A/cattle/Texas/24-008749-003/2024(H5N1)	837	59929
MP|PP755590.1|A/cattle/Texas/24-008749-003/2024(H5N1)	838	59875
MP|PP755590.1|A/cattle/Texas/24-008749-003/2024(H5N1)	839	59927
MP|PP755590.1|A/cattle/Texas/24-008749-003/2024(H5N1)	840	59092
MP|PP755590.1|A/cattle/Texas/24-008749-003/2024(H5N1)	841	59096
MP|PP755590.1|A/cattle/Texas/24-008749-003/2024(H5N1)	842	59437
MP|PP755590.1|A/cattle/Texas/24-008749-003/2024(H5N1)	843	59418
MP|PP755590.1|A/cattle/Texas/24-008749-003/2024(H5N1)	844	59553
MP|PP755590.1|A/cattle/Texas/24-008749-003/2024(H5N1)	845	59436
MP|PP755590.1|A/cattle/Texas/24-008749-003/2024(H5N1)	846	59092
MP|PP755590.1|A/cattle/Texas/24-008749-003/2024(H5N1)	847	59727
MP|PP755590.1|A/cattle/Texas/24-008749-003/2024(H5N1)	848	59669
MP|PP755590.1|A/cattle/Texas/24-008749-003/2024(H5N1)	849	59783
MP|PP755590.1|A/cattle/Texas/24-008749-003/2024(H5N1)	850	59939
MP|PP755590.1|A/cattle/Texas/24-008749-003/2024(H5N1)	851	64759
MP|PP755590.1|A/cattle/Texas/24-008749-003/2024(H5N1)	852	65038
MP|PP755590.1|A/cattle/Texas/24-008749-003/2024(H5N1)	853	65816
MP|PP755590.1|A/cattle/Texas/24-008749-003/2024(H5N1)	854	65849
MP|PP755590.1|A/cattle/Texas/24-008749-003/2024(H5N1)	855	65898
MP|PP755590.1|A/cattle/Texas/24-008749-003/2024(H5N1)	856	66367
MP|PP755590.1|A/cattle/Texas/24-008749-003/2024(H5N1)	857	66353
MP|PP755590.1|A/cattle/Texas/24-008749-003/2024(H5N1)	858	65873
MP|PP755590.1|A/cattle/Texas/24-008749-003/2024(H5N1)	859	64681
MP|PP755590.1|A/cattle/Texas/24-008749-003/2024(H5N1)	860	64047
MP|PP755590.1|A/cattle/Texas/24-008749-003/2024(H5N1)	861	64611
MP|PP755590.1|A/cattle/Texas/24-008749-003/2024(H5N1)	862	64356
MP|PP755590.1|A/cattle/Texas/24-008749-003/2024(H5N1)	863	64242
MP|PP755590.1|A/cattle/Texas/24-008749-003/2024(H5N1)	864	64220
MP|PP755590.1|A/cattle/Texas/24-008749-003/2024(H5N1)	865	63910
MP|PP755590.1|A/cattle/Texas/24-008749-003/2024(H5N1)	866	63907
MP|PP755590.1|A/cattle/Texas/24-008749-003/2024(H5N1)	867	63894
MP|PP755590.1|A/cattle/Texas/24-008749-003/2024(H5N1)	868	63715
MP|PP755590.1|A/cattle/Texas/24-008749-003/2024(H5N1)	869	63696
MP|PP755590.1|A/cattle/Texas/24-008749-003/2024(H5N1)	870	62334
MP|PP755590.1|A/cattle/Texas/24-008749-003/2024(H5N1)	871	60828
MP|PP755590.1|A/cattle/Texas/24-008749-003/2024(H5N1)	872	60821
MP|PP755590.1|A/cattle/Texas/24-008749-003/2024(H5N1)	873	60836
MP|PP755590.1|A/cattle/Texas/24-008749-003/2024(H5N1)	874	61072
MP|PP755590.1|A/cattle/Texas/24-008749-003/2024(H5N1)	875	60924
MP|PP755590.1|A/cattle/Texas/24-008749-003/2024(H5N1)	876	60455
MP|PP755590.1|A/cattle/Texas/24-008749-003/2024(H5N1)	877	60418
MP|PP755590.1|A/cattle/Texas/24-008749-003/2024(H5N1)	878	60220
MP|PP755590.1|A/cattle/Texas/24-008749-003/2024(H5N1)	879	60019
MP|PP755590.1|A/cattle/Texas/24-008749-003/2024(H5N1)	880	59925
MP|PP755590.1|A/cattle/Texas/24-008749-003/2024(H5N1)	881	59944
MP|PP755590.1|A/cattle/Texas/24-008749-003/2024(H5N1)	882	59840
MP|PP755590.1|A/cattle/Texas/24-008749-003/2024(H5N1)	883	58673
MP|PP755590.1|A/cattle/Texas/24-008749-003/2024(H5N1)	884	58430
MP|PP755590.1|A/cattle/Texas/24-008749-003/2024(H5N1)	885	56518
MP|PP755590.1|A/cattle/Texas/24-008749-003/2024(H5N1)	886	56479
MP|PP755590.1|A/cattle/Texas/24-008749-003/2024(H5N1)	887	55772
MP|PP755590.1|A/cattle/Texas/24-008749-003/2024(H5N1)	888	56125
MP|PP755590.1|A/cattle/Texas/24-008749-003/2024(H5N1)	889	55845
MP|PP755590.1|A/cattle/Texas/24-008749-003/2024(H5N1)	890	55133
MP|PP755590.1|A/cattle/Texas/24-008749-003/2024(H5N1)	891	54930
MP|PP755590.1|A/cattle/Texas/24-008749-003/2024(H5N1)	892	55055
MP|PP755590.1|A/cattle/Texas/24-008749-003/2024(H5N1)	893	54949
MP|PP755590.1|A/cattle/Texas/24-008749-003/2024(H5N1)	894	54753
MP|PP755590.1|A/cattle/Texas/24-008749-003/2024(H5N1)	895	54312
MP|PP755590.1|A/cattle/Texas/24-008749-003/2024(H5N1)	896	54259
MP|PP755590.1|A/cattle/Texas/24-008749-003/2024(H5N1)	897	50814
MP|PP755590.1|A/cattle/Texas/24-008749-003/2024(H5N1)	898	51007
MP|PP755590.1|A/cattle/Texas/24-008749-003/2024(H5N1)	899	49245
MP|PP755590.1|A/cattle/Texas/24-008749-003/2024(H5N1)	900	48334
MP|PP755590.1|A/cattle/Texas/24-008749-003/2024(H5N1)	901	47579
MP|PP755590.1|A/cattle/Texas/24-008749-003/2024(H5N1)	902	47134
MP|PP755590.1|A/cattle/Texas/24-008749-003/2024(H5N1)	903	47173
MP|PP755590.1|A/cattle/Texas/24-008749-003/2024(H5N1)	904	46819
MP|PP755590.1|A/cattle/Texas/24-008749-003/2024(H5N1)	905	46334
MP|PP755590.1|A/cattle/Texas/24-008749-003/2024(H5N1)	906	46352
MP|PP755590.1|A/cattle/Texas/24-008749-003/2024(H5N1)	907	44902
MP|PP755590.1|A/cattle/Texas/24-008749-003/2024(H5N1)	908	44955
MP|PP755590.1|A/cattle/Texas/24-008749-003/2024(H5N1)	909	44838
MP|PP755590.1|A/cattle/Texas/24-008749-003/2024(H5N1)	910	43907
MP|PP755590.1|A/cattle/Texas/24-008749-003/2024(H5N1)	911	44003
MP|PP755590.1|A/cattle/Texas/24-008749-003/2024(H5N1)	912	43395
MP|PP755590.1|A/cattle/Texas/24-008749-003/2024(H5N1)	913	43372
MP|PP755590.1|A/cattle/Texas/24-008749-003/2024(H5N1)	914	42611
MP|PP755590.1|A/cattle/Texas/24-008749-003/2024(H5N1)	915	41879
MP|PP755590.1|A/cattle/Texas/24-008749-003/2024(H5N1)	916	41501
MP|PP755590.1|A/cattle/Texas/24-008749-003/2024(H5N1)	917	40928
MP|PP755590.1|A/cattle/Texas/24-008749-003/2024(H5N1)	918	40979
MP|PP755590.1|A/cattle/Texas/24-008749-003/2024(H5N1)	919	40883
MP|PP755590.1|A/cattle/Texas/24-008749-003/2024(H5N1)	920	40313
MP|PP755590.1|A/cattle/Texas/24-008749-003/2024(H5N1)	921	40124
MP|PP755590.1|A/cattle/Texas/24-008749-003/2024(H5N1)	922	39365
MP|PP755590.1|A/cattle/Texas/24-008749-003/2024(H5N1)	923	39587
MP|PP755590.1|A/cattle/Texas/24-008749-003/2024(H5N1)	924	39510
MP|PP755590.1|A/cattle/Texas/24-008749-003/2024(H5N1)	925	39444
MP|PP755590.1|A/cattle/Texas/24-008749-003/2024(H5N1)	926	39524
MP|PP755590.1|A/cattle/Texas/24-008749-003/2024(H5N1)	927	38739
MP|PP755590.1|A/cattle/Texas/24-008749-003/2024(H5N1)	928	38820
MP|PP755590.1|A/cattle/Texas/24-008749-003/2024(H5N1)	929	38734
MP|PP755590.1|A/cattle/Texas/24-008749-003/2024(H5N1)	930	38655
MP|PP755590.1|A/cattle/Texas/24-008749-003/2024(H5N1)	931	38102
MP|PP755590.1|A/cattle/Texas/24-008749-003/2024(H5N1)	932	34665
MP|PP755590.1|A/cattle/Texas/24-008749-003/2024(H5N1)	933	34815
MP|PP755590.1|A/cattle/Texas/24-008749-003/2024(H5N1)	934	34649
MP|PP755590.1|A/cattle/Texas/24-008749-003/2024(H5N1)	935	33322
MP|PP755590.1|A/cattle/Texas/24-008749-003/2024(H5N1)	936	33172
MP|PP755590.1|A/cattle/Texas/24-008749-003/2024(H5N1)	937	31508
MP|PP755590.1|A/cattle/Texas/24-008749-003/2024(H5N1)	938	31518
MP|PP755590.1|A/cattle/Texas/24-008749-003/2024(H5N1)	939	31446
MP|PP755590.1|A/cattle/Texas/24-008749-003/2024(H5N1)	940	31351
MP|PP755590.1|A/cattle/Texas/24-008749-003/2024(H5N1)	941	31334
MP|PP755590.1|A/cattle/Texas/24-008749-003/2024(H5N1)	942	27729
MP|PP755590.1|A/cattle/Texas/24-008749-003/2024(H5N1)	943	27669
MP|PP755590.1|A/cattle/Texas/24-008749-003/2024(H5N1)	944	26559
MP|PP755590.1|A/cattle/Texas/24-008749-003/2024(H5N1)	945	25468
MP|PP755590.1|A/cattle/Texas/24-008749-003/2024(H5N1)	946	25234
MP|PP755590.1|A/cattle/Texas/24-008749-003/2024(H5N1)	947	24910
MP|PP755590.1|A/cattle/Texas/24-008749-003/2024(H5N1)	948	24792
MP|PP755590.1|A/cattle/Texas/24-008749-003/2024(H5N1)	949	24625
MP|PP755590.1|A/cattle/Texas/24-008749-003/2024(H5N1)	950	23602
MP|PP755590.1|A/cattle/Texas/24-008749-003/2024(H5N1)	951	23552
MP|PP755590.1|A/cattle/Texas/24-008749-003/2024(H5N1)	952	23293
MP|PP755590.1|A/cattle/Texas/24-008749-003/2024(H5N1)	953	23131
MP|PP755590.1|A/cattle/Texas/24-008749-003/2024(H5N1)	954	22755
MP|PP755590.1|A/cattle/Texas/24-008749-003/2024(H5N1)	955	22584
MP|PP755590.1|A/cattle/Texas/24-008749-003/2024(H5N1)	956	22398
MP|PP755590.1|A/cattle/Texas/24-008749-003/2024(H5N1)	957	22352
MP|PP755590.1|A/cattle/Texas/24-008749-003/2024(H5N1)	958	22273
MP|PP755590.1|A/cattle/Texas/24-008749-003/2024(H5N1)	959	22117
MP|PP755590.1|A/cattle/Texas/24-008749-003/2024(H5N1)	960	22051
MP|PP755590.1|A/cattle/Texas/24-008749-003/2024(H5N1)	961	21887
MP|PP755590.1|A/cattle/Texas/24-008749-003/2024(H5N1)	962	21854
MP|PP755590.1|A/cattle/Texas/24-008749-003/2024(H5N1)	963	21609
MP|PP755590.1|A/cattle/Texas/24-008749-003/2024(H5N1)	964	21575
MP|PP755590.1|A/cattle/Texas/24-008749-003/2024(H5N1)	965	21495
MP|PP755590.1|A/cattle/Texas/24-008749-003/2024(H5N1)	966	21427
MP|PP755590.1|A/cattle/Texas/24-008749-003/2024(H5N1)	967	21395
MP|PP755590.1|A/cattle/Texas/24-008749-003/2024(H5N1)	968	21344
MP|PP755590.1|A/cattle/Texas/24-008749-003/2024(H5N1)	969	21342
MP|PP755590.1|A/cattle/Texas/24-008749-003/2024(H5N1)	970	20456
MP|PP755590.1|A/cattle/Texas/24-008749-003/2024(H5N1)	971	20440
MP|PP755590.1|A/cattle/Texas/24-008749-003/2024(H5N1)	972	20210
MP|PP755590.1|A/cattle/Texas/24-008749-003/2024(H5N1)	973	20201
MP|PP755590.1|A/cattle/Texas/24-008749-003/2024(H5N1)	974	20071
MP|PP755590.1|A/cattle/Texas/24-008749-003/2024(H5N1)	975	15784
MP|PP755590.1|A/cattle/Texas/24-008749-003/2024(H5N1)	976	15562
MP|PP755590.1|A/cattle/Texas/24-008749-003/2024(H5N1)	977	15548
MP|PP755590.1|A/cattle/Texas/24-008749-003/2024(H5N1)	978	15474
MP|PP755590.1|A/cattle/Texas/24-008749-003/2024(H5N1)	979	15458
MP|PP755590.1|A/cattle/Texas/24-008749-003/2024(H5N1)	980	13717
MP|PP755590.1|A/cattle/Texas/24-008749-003/2024(H5N1)	981	13654
MP|PP755590.1|A/cattle/Texas/24-008749-003/2024(H5N1)	982	13606
