HA|PP755589.1|A/cattle/Texas/24-008749-003/2024(H5N1)	1	89
HA|PP755589.1|A/cattle/Texas/24-008749-003/2024(H5N1)	2	89
HA|PP755589.1|A/cattle/Texas/24-008749-003/2024(H5N1)	3	90
HA|PP755589.1|A/cattle/Texas/24-008749-003/2024(H5N1)	4	90
HA|PP755589.1|A/cattle/Texas/24-008749-003/2024(H5N1)	5	90
HA|PP755589.1|A/cattle/Texas/24-008749-003/2024(H5N1)	6	91
HA|PP755589.1|A/cattle/Texas/24-008749-003/2024(H5N1)	7	92
HA|PP755589.1|A/cattle/Texas/24-008749-003/2024(H5N1)	8	101
HA|PP755589.1|A/cattle/Texas/24-008749-003/2024(H5N1)	9	105
HA|PP755589.1|A/cattle/Texas/24-008749-003/2024(H5N1)	10	107
HA|PP755589.1|A/cattle/Texas/24-008749-003/2024(H5N1)	11	115
HA|PP755589.1|A/cattle/Texas/24-008749-003/2024(H5N1)	12	115
HA|PP755589.1|A/cattle/Texas/24-008749-003/2024(H5N1)	13	128
HA|PP755589.1|A/cattle/Texas/24-008749-003/2024(H5N1)	14	128
HA|PP755589.1|A/cattle/Texas/24-008749-003/2024(H5N1)	15	128
HA|PP755589.1|A/cattle/Texas/24-008749-003/2024(H5N1)	16	128
HA|PP755589.1|A/cattle/Texas/24-008749-003/2024(H5N1)	17	128
HA|PP755589.1|A/cattle/Texas/24-008749-003/2024(H5N1)	18	129
HA|PP755589.1|A/cattle/Texas/24-008749-003/2024(H5N1)	19	129
HA|PP755589.1|A/cattle/Texas/24-008749-003/2024(H5N1)	20	127
HA|PP755589.1|A/cattle/Texas/24-008749-003/2024(H5N1)	21	127
HA|PP755589.1|A/cattle/Texas/24-008749-003/2024(H5N1)	22	127
HA|PP755589.1|A/cattle/Texas/24-008749-003/2024(H5N1)	23	129
HA|PP755589.1|A/cattle/Texas/24-008749-003/2024(H5N1)	24	129
HA|PP755589.1|A/cattle/Texas/24-008749-003/2024(H5N1)	25	129
HA|PP755589.1|A/cattle/Texas/24-008749-003/2024(H5N1)	26	130
HA|PP755589.1|A/cattle/Texas/24-008749-003/2024(H5N1)	27	130
HA|PP755589.1|A/cattle/Texas/24-008749-003/2024(H5N1)	28	133
HA|PP755589.1|A/cattle/Texas/24-008749-003/2024(H5N1)	29	136
HA|PP755589.1|A/cattle/Texas/24-008749-003/2024(H5N1)	30	140
HA|PP755589.1|A/cattle/Texas/24-008749-003/2024(H5N1)	31	140
HA|PP755589.1|A/cattle/Texas/24-008749-003/2024(H5N1)	32	141
HA|PP755589.1|A/cattle/Texas/24-008749-003/2024(H5N1)	33	142
HA|PP755589.1|A/cattle/Texas/24-008749-003/2024(H5N1)	34	142
HA|PP755589.1|A/cattle/Texas/24-008749-003/2024(H5N1)	35	143
HA|PP755589.1|A/cattle/Texas/24-008749-003/2024(H5N1)	36	148
HA|PP755589.1|A/cattle/Texas/24-008749-003/2024(H5N1)	37	148
HA|PP755589.1|A/cattle/Texas/24-008749-003/2024(H5N1)	38	148
HA|PP755589.1|A/cattle/Texas/24-008749-003/2024(H5N1)	39	158
HA|PP755589.1|A/cattle/Texas/24-008749-003/2024(H5N1)	40	158
HA|PP755589.1|A/cattle/Texas/24-008749-003/2024(H5N1)	41	158
HA|PP755589.1|A/cattle/Texas/24-008749-003/2024(H5N1)	42	158
HA|PP755589.1|A/cattle/Texas/24-008749-003/2024(H5N1)	43	158
HA|PP755589.1|A/cattle/Texas/24-008749-003/2024(H5N1)	44	159
HA|PP755589.1|A/cattle/Texas/24-008749-003/2024(H5N1)	45	160
HA|PP755589.1|A/cattle/Texas/24-008749-003/2024(H5N1)	46	160
HA|PP755589.1|A/cattle/Texas/24-008749-003/2024(H5N1)	47	160
HA|PP755589.1|A/cattle/Texas/24-008749-003/2024(H5N1)	48	160
HA|PP755589.1|A/cattle/Texas/24-008749-003/2024(H5N1)	49	160
HA|PP755589.1|A/cattle/Texas/24-008749-003/2024(H5N1)	50	161
HA|PP755589.1|A/cattle/Texas/24-008749-003/2024(H5N1)	51	161
HA|PP755589.1|A/cattle/Texas/24-008749-003/2024(H5N1)	52	161
HA|PP755589.1|A/cattle/Texas/24-008749-003/2024(H5N1)	53	161
HA|PP755589.1|A/cattle/Texas/24-008749-003/2024(H5N1)	54	164
HA|PP755589.1|A/cattle/Texas/24-008749-003/2024(H5N1)	55	158
HA|PP755589.1|A/cattle/Texas/24-008749-003/2024(H5N1)	56	158
HA|PP755589.1|A/cattle/Texas/24-008749-003/2024(H5N1)	57	158
HA|PP755589.1|A/cattle/Texas/24-008749-003/2024(H5N1)	58	160
HA|PP755589.1|A/cattle/Texas/24-008749-003/2024(H5N1)	59	160
HA|PP755589.1|A/cattle/Texas/24-008749-003/2024(H5N1)	60	162
HA|PP755589.1|A/cattle/Texas/24-008749-003/2024(H5N1)	61	165
HA|PP755589.1|A/cattle/Texas/24-008749-003/2024(H5N1)	62	165
HA|PP755589.1|A/cattle/Texas/24-008749-003/2024(H5N1)	63	167
HA|PP755589.1|A/cattle/Texas/24-008749-003/2024(H5N1)	64	167
HA|PP755589.1|A/cattle/Texas/24-008749-003/2024(H5N1)	65	169
HA|PP755589.1|A/cattle/Texas/24-008749-003/2024(H5N1)	66	170
HA|PP755589.1|A/cattle/Texas/24-008749-003/2024(H5N1)	67	171
HA|PP755589.1|A/cattle/Texas/24-008749-003/2024(H5N1)	68	171
HA|PP755589.1|A/cattle/Texas/24-008749-003/2024(H5N1)	69	174
HA|PP755589.1|A/cattle/Texas/24-008749-003/2024(H5N1)	70	174
HA|PP755589.1|A/cattle/Texas/24-008749-003/2024(H5N1)	71	174
HA|PP755589.1|A/cattle/Texas/24-008749-003/2024(H5N1)	72	174
HA|PP755589.1|A/cattle/Texas/24-008749-003/2024(H5N1)	73	174
HA|PP755589.1|A/cattle/Texas/24-008749-003/2024(H5N1)	74	175
HA|PP755589.1|A/cattle/Texas/24-008749-003/2024(H5N1)	75	175
HA|PP755589.1|A/cattle/Texas/24-008749-003/2024(H5N1)	76	180
HA|PP755589.1|A/cattle/Texas/24-008749-003/2024(H5N1)	77	185
HA|PP755589.1|A/cattle/Texas/24-008749-003/2024(H5N1)	78	194
HA|PP755589.1|A/cattle/Texas/24-008749-003/2024(H5N1)	79	195
HA|PP755589.1|A/cattle/Texas/24-008749-003/2024(H5N1)	80	201
HA|PP755589.1|A/cattle/Texas/24-008749-003/2024(H5N1)	81	202
HA|PP755589.1|A/cattle/Texas/24-008749-003/2024(H5N1)	82	202
HA|PP755589.1|A/cattle/Texas/24-008749-003/2024(H5N1)	83	202
HA|PP755589.1|A/cattle/Texas/24-008749-003/2024(H5N1)	84	202
HA|PP755589.1|A/cattle/Texas/24-008749-003/2024(H5N1)	85	202
HA|PP755589.1|A/cattle/Texas/24-008749-003/2024(H5N1)	86	202
HA|PP755589.1|A/cattle/Texas/24-008749-003/2024(H5N1)	87	202
HA|PP755589.1|A/cattle/Texas/24-008749-003/2024(H5N1)	88	225
HA|PP755589.1|A/cattle/Texas/24-008749-003/2024(H5N1)	89	227
HA|PP755589.1|A/cattle/Texas/24-008749-003/2024(H5N1)	90	228
HA|PP755589.1|A/cattle/Texas/24-008749-003/2024(H5N1)	91	230
HA|PP755589.1|A/cattle/Texas/24-008749-003/2024(H5N1)	92	232
HA|PP755589.1|A/cattle/Texas/24-008749-003/2024(H5N1)	93	233
HA|PP755589.1|A/cattle/Texas/24-008749-003/2024(H5N1)	94	234
HA|PP755589.1|A/cattle/Texas/24-008749-003/2024(H5N1)	95	234
HA|PP755589.1|A/cattle/Texas/24-008749-003/2024(H5N1)	96	235
HA|PP755589.1|A/cattle/Texas/24-008749-003/2024(H5N1)	97	235
HA|PP755589.1|A/cattle/Texas/24-008749-003/2024(H5N1)	98	241
HA|PP755589.1|A/cattle/Texas/24-008749-003/2024(H5N1)	99	242
HA|PP755589.1|A/cattle/Texas/24-008749-003/2024(H5N1)	100	242
HA|PP755589.1|A/cattle/Texas/24-008749-003/2024(H5N1)	101	244
HA|PP755589.1|A/cattle/Texas/24-008749-003/2024(H5N1)	102	248
HA|PP755589.1|A/cattle/Texas/24-008749-003/2024(H5N1)	103	255
HA|PP755589.1|A/cattle/Texas/24-008749-003/2024(H5N1)	104	255
HA|PP755589.1|A/cattle/Texas/24-008749-003/2024(H5N1)	105	255
HA|PP755589.1|A/cattle/Texas/24-008749-003/2024(H5N1)	106	255
HA|PP755589.1|A/cattle/Texas/24-008749-003/2024(H5N1)	107	257
HA|PP755589.1|A/cattle/Texas/24-008749-003/2024(H5N1)	108	258
HA|PP755589.1|A/cattle/Texas/24-008749-003/2024(H5N1)	109	260
HA|PP755589.1|A/cattle/Texas/24-008749-003/2024(H5N1)	110	260
HA|PP755589.1|A/cattle/Texas/24-008749-003/2024(H5N1)	111	260
HA|PP755589.1|A/cattle/Texas/24-008749-003/2024(H5N1)	112	260
HA|PP755589.1|A/cattle/Texas/24-008749-003/2024(H5N1)	113	261
HA|PP755589.1|A/cattle/Texas/24-008749-003/2024(H5N1)	114	262
HA|PP755589.1|A/cattle/Texas/24-008749-003/2024(H5N1)	115	272
HA|PP755589.1|A/cattle/Texas/24-008749-003/2024(H5N1)	116	273
HA|PP755589.1|A/cattle/Texas/24-008749-003/2024(H5N1)	117	273
HA|PP755589.1|A/cattle/Texas/24-008749-003/2024(H5N1)	118	273
HA|PP755589.1|A/cattle/Texas/24-008749-003/2024(H5N1)	119	274
HA|PP755589.1|A/cattle/Texas/24-008749-003/2024(H5N1)	120	274
HA|PP755589.1|A/cattle/Texas/24-008749-003/2024(H5N1)	121	275
HA|PP755589.1|A/cattle/Texas/24-008749-003/2024(H5N1)	122	287
HA|PP755589.1|A/cattle/Texas/24-008749-003/2024(H5N1)	123	287
HA|PP755589.1|A/cattle/Texas/24-008749-003/2024(H5N1)	124	292
HA|PP755589.1|A/cattle/Texas/24-008749-003/2024(H5N1)	125	295
HA|PP755589.1|A/cattle/Texas/24-008749-003/2024(H5N1)	126	296
HA|PP755589.1|A/cattle/Texas/24-008749-003/2024(H5N1)	127	296
HA|PP755589.1|A/cattle/Texas/24-008749-003/2024(H5N1)	128	296
HA|PP755589.1|A/cattle/Texas/24-008749-003/2024(H5N1)	129	296
HA|PP755589.1|A/cattle/Texas/24-008749-003/2024(H5N1)	130	296
HA|PP755589.1|A/cattle/Texas/24-008749-003/2024(H5N1)	131	290
HA|PP755589.1|A/cattle/Texas/24-008749-003/2024(H5N1)	132	291
HA|PP755589.1|A/cattle/Texas/24-008749-003/2024(H5N1)	133	294
HA|PP755589.1|A/cattle/Texas/24-008749-003/2024(H5N1)	134	294
HA|PP755589.1|A/cattle/Texas/24-008749-003/2024(H5N1)	135	302
HA|PP755589.1|A/cattle/Texas/24-008749-003/2024(H5N1)	136	302
HA|PP755589.1|A/cattle/Texas/24-008749-003/2024(H5N1)	137	303
HA|PP755589.1|A/cattle/Texas/24-008749-003/2024(H5N1)	138	305
HA|PP755589.1|A/cattle/Texas/24-008749-003/2024(H5N1)	139	305
HA|PP755589.1|A/cattle/Texas/24-008749-003/2024(H5N1)	140	309
HA|PP755589.1|A/cattle/Texas/24-008749-003/2024(H5N1)	141	309
HA|PP755589.1|A/cattle/Texas/24-008749-003/2024(H5N1)	142	307
HA|PP755589.1|A/cattle/Texas/24-008749-003/2024(H5N1)	143	307
HA|PP755589.1|A/cattle/Texas/24-008749-003/2024(H5N1)	144	307
HA|PP755589.1|A/cattle/Texas/24-008749-003/2024(H5N1)	145	309
HA|PP755589.1|A/cattle/Texas/24-008749-003/2024(H5N1)	146	309
HA|PP755589.1|A/cattle/Texas/24-008749-003/2024(H5N1)	147	310
HA|PP755589.1|A/cattle/Texas/24-008749-003/2024(H5N1)	148	310
HA|PP755589.1|A/cattle/Texas/24-008749-003/2024(H5N1)	149	310
HA|PP755589.1|A/cattle/Texas/24-008749-003/2024(H5N1)	150	311
HA|PP755589.1|A/cattle/Texas/24-008749-003/2024(H5N1)	151	312
HA|PP755589.1|A/cattle/Texas/24-008749-003/2024(H5N1)	152	312
HA|PP755589.1|A/cattle/Texas/24-008749-003/2024(H5N1)	153	309
HA|PP755589.1|A/cattle/Texas/24-008749-003/2024(H5N1)	154	309
HA|PP755589.1|A/cattle/Texas/24-008749-003/2024(H5N1)	155	310
HA|PP755589.1|A/cattle/Texas/24-008749-003/2024(H5N1)	156	310
HA|PP755589.1|A/cattle/Texas/24-008749-003/2024(H5N1)	157	310
HA|PP755589.1|A/cattle/Texas/24-008749-003/2024(H5N1)	158	310
HA|PP755589.1|A/cattle/Texas/24-008749-003/2024(H5N1)	159	310
HA|PP755589.1|A/cattle/Texas/24-008749-003/2024(H5N1)	160	310
HA|PP755589.1|A/cattle/Texas/24-008749-003/2024(H5N1)	161	311
HA|PP755589.1|A/cattle/Texas/24-008749-003/2024(H5N1)	162	312
HA|PP755589.1|A/cattle/Texas/24-008749-003/2024(H5N1)	163	312
HA|PP755589.1|A/cattle/Texas/24-008749-003/2024(H5N1)	164	312
HA|PP755589.1|A/cattle/Texas/24-008749-003/2024(H5N1)	165	312
HA|PP755589.1|A/cattle/Texas/24-008749-003/2024(H5N1)	166	312
HA|PP755589.1|A/cattle/Texas/24-008749-003/2024(H5N1)	167	312
HA|PP755589.1|A/cattle/Texas/24-008749-003/2024(H5N1)	168	312
HA|PP755589.1|A/cattle/Texas/24-008749-003/2024(H5N1)	169	312
HA|PP755589.1|A/cattle/Texas/24-008749-003/2024(H5N1)	170	312
HA|PP755589.1|A/cattle/Texas/24-008749-003/2024(H5N1)	171	312
HA|PP755589.1|A/cattle/Texas/24-008749-003/2024(H5N1)	172	312
HA|PP755589.1|A/cattle/Texas/24-008749-003/2024(H5N1)	173	312
HA|PP755589.1|A/cattle/Texas/24-008749-003/2024(H5N1)	174	312
HA|PP755589.1|A/cattle/Texas/24-008749-003/2024(H5N1)	175	312
HA|PP755589.1|A/cattle/Texas/24-008749-003/2024(H5N1)	176	312
HA|PP755589.1|A/cattle/Texas/24-008749-003/2024(H5N1)	177	312
HA|PP755589.1|A/cattle/Texas/24-008749-003/2024(H5N1)	178	324
HA|PP755589.1|A/cattle/Texas/24-008749-003/2024(H5N1)	179	324
HA|PP755589.1|A/cattle/Texas/24-008749-003/2024(H5N1)	180	324
HA|PP755589.1|A/cattle/Texas/24-008749-003/2024(H5N1)	181	324
HA|PP755589.1|A/cattle/Texas/24-008749-003/2024(H5N1)	182	324
HA|PP755589.1|A/cattle/Texas/24-008749-003/2024(H5N1)	183	325
HA|PP755589.1|A/cattle/Texas/24-008749-003/2024(H5N1)	184	323
HA|PP755589.1|A/cattle/Texas/24-008749-003/2024(H5N1)	185	324
HA|PP755589.1|A/cattle/Texas/24-008749-003/2024(H5N1)	186	325
HA|PP755589.1|A/cattle/Texas/24-008749-003/2024(H5N1)	187	327
HA|PP755589.1|A/cattle/Texas/24-008749-003/2024(H5N1)	188	323
HA|PP755589.1|A/cattle/Texas/24-008749-003/2024(H5N1)	189	323
HA|PP755589.1|A/cattle/Texas/24-008749-003/2024(H5N1)	190	327
HA|PP755589.1|A/cattle/Texas/24-008749-003/2024(H5N1)	191	325
HA|PP755589.1|A/cattle/Texas/24-008749-003/2024(H5N1)	192	326
HA|PP755589.1|A/cattle/Texas/24-008749-003/2024(H5N1)	193	327
HA|PP755589.1|A/cattle/Texas/24-008749-003/2024(H5N1)	194	327
HA|PP755589.1|A/cattle/Texas/24-008749-003/2024(H5N1)	195	323
HA|PP755589.1|A/cattle/Texas/24-008749-003/2024(H5N1)	196	326
HA|PP755589.1|A/cattle/Texas/24-008749-003/2024(H5N1)	197	326
HA|PP755589.1|A/cattle/Texas/24-008749-003/2024(H5N1)	198	327
HA|PP755589.1|A/cattle/Texas/24-008749-003/2024(H5N1)	199	327
HA|PP755589.1|A/cattle/Texas/24-008749-003/2024(H5N1)	200	329
HA|PP755589.1|A/cattle/Texas/24-008749-003/2024(H5N1)	201	329
HA|PP755589.1|A/cattle/Texas/24-008749-003/2024(H5N1)	202	329
HA|PP755589.1|A/cattle/Texas/24-008749-003/2024(H5N1)	203	329
HA|PP755589.1|A/cattle/Texas/24-008749-003/2024(H5N1)	204	329
HA|PP755589.1|A/cattle/Texas/24-008749-003/2024(H5N1)	205	327
HA|PP755589.1|A/cattle/Texas/24-008749-003/2024(H5N1)	206	327
HA|PP755589.1|A/cattle/Texas/24-008749-003/2024(H5N1)	207	331
HA|PP755589.1|A/cattle/Texas/24-008749-003/2024(H5N1)	208	331
HA|PP755589.1|A/cattle/Texas/24-008749-003/2024(H5N1)	209	331
HA|PP755589.1|A/cattle/Texas/24-008749-003/2024(H5N1)	210	331
HA|PP755589.1|A/cattle/Texas/24-008749-003/2024(H5N1)	211	331
HA|PP755589.1|A/cattle/Texas/24-008749-003/2024(H5N1)	212	142
HA|PP755589.1|A/cattle/Texas/24-008749-003/2024(H5N1)	213	141
HA|PP755589.1|A/cattle/Texas/24-008749-003/2024(H5N1)	214	142
HA|PP755589.1|A/cattle/Texas/24-008749-003/2024(H5N1)	215	144
HA|PP755589.1|A/cattle/Texas/24-008749-003/2024(H5N1)	216	146
HA|PP755589.1|A/cattle/Texas/24-008749-003/2024(H5N1)	217	147
HA|PP755589.1|A/cattle/Texas/24-008749-003/2024(H5N1)	218	147
HA|PP755589.1|A/cattle/Texas/24-008749-003/2024(H5N1)	219	146
HA|PP755589.1|A/cattle/Texas/24-008749-003/2024(H5N1)	220	146
HA|PP755589.1|A/cattle/Texas/24-008749-003/2024(H5N1)	221	138
HA|PP755589.1|A/cattle/Texas/24-008749-003/2024(H5N1)	222	138
HA|PP755589.1|A/cattle/Texas/24-008749-003/2024(H5N1)	223	138
HA|PP755589.1|A/cattle/Texas/24-008749-003/2024(H5N1)	224	138
HA|PP755589.1|A/cattle/Texas/24-008749-003/2024(H5N1)	225	134
HA|PP755589.1|A/cattle/Texas/24-008749-003/2024(H5N1)	226	133
HA|PP755589.1|A/cattle/Texas/24-008749-003/2024(H5N1)	227	133
HA|PP755589.1|A/cattle/Texas/24-008749-003/2024(H5N1)	228	133
HA|PP755589.1|A/cattle/Texas/24-008749-003/2024(H5N1)	229	132
HA|PP755589.1|A/cattle/Texas/24-008749-003/2024(H5N1)	230	132
HA|PP755589.1|A/cattle/Texas/24-008749-003/2024(H5N1)	231	132
HA|PP755589.1|A/cattle/Texas/24-008749-003/2024(H5N1)	232	131
HA|PP755589.1|A/cattle/Texas/24-008749-003/2024(H5N1)	233	130
HA|PP755589.1|A/cattle/Texas/24-008749-003/2024(H5N1)	234	130
HA|PP755589.1|A/cattle/Texas/24-008749-003/2024(H5N1)	235	130
HA|PP755589.1|A/cattle/Texas/24-008749-003/2024(H5N1)	236	129
HA|PP755589.1|A/cattle/Texas/24-008749-003/2024(H5N1)	237	129
HA|PP755589.1|A/cattle/Texas/24-008749-003/2024(H5N1)	238	130
HA|PP755589.1|A/cattle/Texas/24-008749-003/2024(H5N1)	239	130
HA|PP755589.1|A/cattle/Texas/24-008749-003/2024(H5N1)	240	131
HA|PP755589.1|A/cattle/Texas/24-008749-003/2024(H5N1)	241	130
HA|PP755589.1|A/cattle/Texas/24-008749-003/2024(H5N1)	242	128
HA|PP755589.1|A/cattle/Texas/24-008749-003/2024(H5N1)	243	128
HA|PP755589.1|A/cattle/Texas/24-008749-003/2024(H5N1)	244	127
HA|PP755589.1|A/cattle/Texas/24-008749-003/2024(H5N1)	245	127
HA|PP755589.1|A/cattle/Texas/24-008749-003/2024(H5N1)	246	126
HA|PP755589.1|A/cattle/Texas/24-008749-003/2024(H5N1)	247	126
HA|PP755589.1|A/cattle/Texas/24-008749-003/2024(H5N1)	248	126
HA|PP755589.1|A/cattle/Texas/24-008749-003/2024(H5N1)	249	127
HA|PP755589.1|A/cattle/Texas/24-008749-003/2024(H5N1)	250	127
HA|PP755589.1|A/cattle/Texas/24-008749-003/2024(H5N1)	251	127
HA|PP755589.1|A/cattle/Texas/24-008749-003/2024(H5N1)	252	126
HA|PP755589.1|A/cattle/Texas/24-008749-003/2024(H5N1)	253	127
HA|PP755589.1|A/cattle/Texas/24-008749-003/2024(H5N1)	254	126
HA|PP755589.1|A/cattle/Texas/24-008749-003/2024(H5N1)	255	126
HA|PP755589.1|A/cattle/Texas/24-008749-003/2024(H5N1)	256	126
HA|PP755589.1|A/cattle/Texas/24-008749-003/2024(H5N1)	257	127
HA|PP755589.1|A/cattle/Texas/24-008749-003/2024(H5N1)	258	120
HA|PP755589.1|A/cattle/Texas/24-008749-003/2024(H5N1)	259	120
HA|PP755589.1|A/cattle/Texas/24-008749-003/2024(H5N1)	260	118
HA|PP755589.1|A/cattle/Texas/24-008749-003/2024(H5N1)	261	116
HA|PP755589.1|A/cattle/Texas/24-008749-003/2024(H5N1)	262	116
HA|PP755589.1|A/cattle/Texas/24-008749-003/2024(H5N1)	263	116
HA|PP755589.1|A/cattle/Texas/24-008749-003/2024(H5N1)	264	114
HA|PP755589.1|A/cattle/Texas/24-008749-003/2024(H5N1)	265	115
HA|PP755589.1|A/cattle/Texas/24-008749-003/2024(H5N1)	266	115
HA|PP755589.1|A/cattle/Texas/24-008749-003/2024(H5N1)	267	116
HA|PP755589.1|A/cattle/Texas/24-008749-003/2024(H5N1)	268	115
HA|PP755589.1|A/cattle/Texas/24-008749-003/2024(H5N1)	269	115
HA|PP755589.1|A/cattle/Texas/24-008749-003/2024(H5N1)	270	116
HA|PP755589.1|A/cattle/Texas/24-008749-003/2024(H5N1)	271	119
HA|PP755589.1|A/cattle/Texas/24-008749-003/2024(H5N1)	272	121
HA|PP755589.1|A/cattle/Texas/24-008749-003/2024(H5N1)	273	121
HA|PP755589.1|A/cattle/Texas/24-008749-003/2024(H5N1)	274	118
HA|PP755589.1|A/cattle/Texas/24-008749-003/2024(H5N1)	275	118
HA|PP755589.1|A/cattle/Texas/24-008749-003/2024(H5N1)	276	132
HA|PP755589.1|A/cattle/Texas/24-008749-003/2024(H5N1)	277	132
HA|PP755589.1|A/cattle/Texas/24-008749-003/2024(H5N1)	278	134
HA|PP755589.1|A/cattle/Texas/24-008749-003/2024(H5N1)	279	134
HA|PP755589.1|A/cattle/Texas/24-008749-003/2024(H5N1)	280	134
HA|PP755589.1|A/cattle/Texas/24-008749-003/2024(H5N1)	281	141
HA|PP755589.1|A/cattle/Texas/24-008749-003/2024(H5N1)	282	144
HA|PP755589.1|A/cattle/Texas/24-008749-003/2024(H5N1)	283	144
HA|PP755589.1|A/cattle/Texas/24-008749-003/2024(H5N1)	284	144
HA|PP755589.1|A/cattle/Texas/24-008749-003/2024(H5N1)	285	136
HA|PP755589.1|A/cattle/Texas/24-008749-003/2024(H5N1)	286	136
HA|PP755589.1|A/cattle/Texas/24-008749-003/2024(H5N1)	287	136
HA|PP755589.1|A/cattle/Texas/24-008749-003/2024(H5N1)	288	136
HA|PP755589.1|A/cattle/Texas/24-008749-003/2024(H5N1)	289	136
HA|PP755589.1|A/cattle/Texas/24-008749-003/2024(H5N1)	290	132
HA|PP755589.1|A/cattle/Texas/24-008749-003/2024(H5N1)	291	134
HA|PP755589.1|A/cattle/Texas/24-008749-003/2024(H5N1)	292	131
HA|PP755589.1|A/cattle/Texas/24-008749-003/2024(H5N1)	293	131
HA|PP755589.1|A/cattle/Texas/24-008749-003/2024(H5N1)	294	136
HA|PP755589.1|A/cattle/Texas/24-008749-003/2024(H5N1)	295	137
HA|PP755589.1|A/cattle/Texas/24-008749-003/2024(H5N1)	296	137
HA|PP755589.1|A/cattle/Texas/24-008749-003/2024(H5N1)	297	137
HA|PP755589.1|A/cattle/Texas/24-008749-003/2024(H5N1)	298	139
HA|PP755589.1|A/cattle/Texas/24-008749-003/2024(H5N1)	299	139
HA|PP755589.1|A/cattle/Texas/24-008749-003/2024(H5N1)	300	140
HA|PP755589.1|A/cattle/Texas/24-008749-003/2024(H5N1)	301	140
HA|PP755589.1|A/cattle/Texas/24-008749-003/2024(H5N1)	302	142
HA|PP755589.1|A/cattle/Texas/24-008749-003/2024(H5N1)	303	142
HA|PP755589.1|A/cattle/Texas/24-008749-003/2024(H5N1)	304	145
HA|PP755589.1|A/cattle/Texas/24-008749-003/2024(H5N1)	305	146
HA|PP755589.1|A/cattle/Texas/24-008749-003/2024(H5N1)	306	146
HA|PP755589.1|A/cattle/Texas/24-008749-003/2024(H5N1)	307	147
HA|PP755589.1|A/cattle/Texas/24-008749-003/2024(H5N1)	308	147
HA|PP755589.1|A/cattle/Texas/24-008749-003/2024(H5N1)	309	147
HA|PP755589.1|A/cattle/Texas/24-008749-003/2024(H5N1)	310	147
HA|PP755589.1|A/cattle/Texas/24-008749-003/2024(H5N1)	311	147
HA|PP755589.1|A/cattle/Texas/24-008749-003/2024(H5N1)	312	148
HA|PP755589.1|A/cattle/Texas/24-008749-003/2024(H5N1)	313	148
HA|PP755589.1|A/cattle/Texas/24-008749-003/2024(H5N1)	314	147
HA|PP755589.1|A/cattle/Texas/24-008749-003/2024(H5N1)	315	149
HA|PP755589.1|A/cattle/Texas/24-008749-003/2024(H5N1)	316	149
HA|PP755589.1|A/cattle/Texas/24-008749-003/2024(H5N1)	317	154
HA|PP755589.1|A/cattle/Texas/24-008749-003/2024(H5N1)	318	154
HA|PP755589.1|A/cattle/Texas/24-008749-003/2024(H5N1)	319	155
HA|PP755589.1|A/cattle/Texas/24-008749-003/2024(H5N1)	320	155
HA|PP755589.1|A/cattle/Texas/24-008749-003/2024(H5N1)	321	158
HA|PP755589.1|A/cattle/Texas/24-008749-003/2024(H5N1)	322	158
HA|PP755589.1|A/cattle/Texas/24-008749-003/2024(H5N1)	323	158
HA|PP755589.1|A/cattle/Texas/24-008749-003/2024(H5N1)	324	157
HA|PP755589.1|A/cattle/Texas/24-008749-003/2024(H5N1)	325	158
HA|PP755589.1|A/cattle/Texas/24-008749-003/2024(H5N1)	326	156
HA|PP755589.1|A/cattle/Texas/24-008749-003/2024(H5N1)	327	154
HA|PP755589.1|A/cattle/Texas/24-008749-003/2024(H5N1)	328	151
HA|PP755589.1|A/cattle/Texas/24-008749-003/2024(H5N1)	329	148
HA|PP755589.1|A/cattle/Texas/24-008749-003/2024(H5N1)	330	150
HA|PP755589.1|A/cattle/Texas/24-008749-003/2024(H5N1)	331	155
HA|PP755589.1|A/cattle/Texas/24-008749-003/2024(H5N1)	332	157
HA|PP755589.1|A/cattle/Texas/24-008749-003/2024(H5N1)	333	158
HA|PP755589.1|A/cattle/Texas/24-008749-003/2024(H5N1)	334	158
HA|PP755589.1|A/cattle/Texas/24-008749-003/2024(H5N1)	335	159
HA|PP755589.1|A/cattle/Texas/24-008749-003/2024(H5N1)	336	159
HA|PP755589.1|A/cattle/Texas/24-008749-003/2024(H5N1)	337	159
HA|PP755589.1|A/cattle/Texas/24-008749-003/2024(H5N1)	338	157
HA|PP755589.1|A/cattle/Texas/24-008749-003/2024(H5N1)	339	158
HA|PP755589.1|A/cattle/Texas/24-008749-003/2024(H5N1)	340	156
HA|PP755589.1|A/cattle/Texas/24-008749-003/2024(H5N1)	341	156
HA|PP755589.1|A/cattle/Texas/24-008749-003/2024(H5N1)	342	156
HA|PP755589.1|A/cattle/Texas/24-008749-003/2024(H5N1)	343	156
HA|PP755589.1|A/cattle/Texas/24-008749-003/2024(H5N1)	344	158
HA|PP755589.1|A/cattle/Texas/24-008749-003/2024(H5N1)	345	157
HA|PP755589.1|A/cattle/Texas/24-008749-003/2024(H5N1)	346	159
HA|PP755589.1|A/cattle/Texas/24-008749-003/2024(H5N1)	347	161
HA|PP755589.1|A/cattle/Texas/24-008749-003/2024(H5N1)	348	161
HA|PP755589.1|A/cattle/Texas/24-008749-003/2024(H5N1)	349	162
HA|PP755589.1|A/cattle/Texas/24-008749-003/2024(H5N1)	350	161
HA|PP755589.1|A/cattle/Texas/24-008749-003/2024(H5N1)	351	161
HA|PP755589.1|A/cattle/Texas/24-008749-003/2024(H5N1)	352	161
HA|PP755589.1|A/cattle/Texas/24-008749-003/2024(H5N1)	353	161
HA|PP755589.1|A/cattle/Texas/24-008749-003/2024(H5N1)	354	161
HA|PP755589.1|A/cattle/Texas/24-008749-003/2024(H5N1)	355	162
HA|PP755589.1|A/cattle/Texas/24-008749-003/2024(H5N1)	356	164
HA|PP755589.1|A/cattle/Texas/24-008749-003/2024(H5N1)	357	164
HA|PP755589.1|A/cattle/Texas/24-008749-003/2024(H5N1)	358	164
HA|PP755589.1|A/cattle/Texas/24-008749-003/2024(H5N1)	359	164
HA|PP755589.1|A/cattle/Texas/24-008749-003/2024(H5N1)	360	163
HA|PP755589.1|A/cattle/Texas/24-008749-003/2024(H5N1)	361	162
HA|PP755589.1|A/cattle/Texas/24-008749-003/2024(H5N1)	362	162
HA|PP755589.1|A/cattle/Texas/24-008749-003/2024(H5N1)	363	162
HA|PP755589.1|A/cattle/Texas/24-008749-003/2024(H5N1)	364	161
HA|PP755589.1|A/cattle/Texas/24-008749-003/2024(H5N1)	365	161
HA|PP755589.1|A/cattle/Texas/24-008749-003/2024(H5N1)	366	161
HA|PP755589.1|A/cattle/Texas/24-008749-003/2024(H5N1)	367	161
HA|PP755589.1|A/cattle/Texas/24-008749-003/2024(H5N1)	368	162
HA|PP755589.1|A/cattle/Texas/24-008749-003/2024(H5N1)	369	163
HA|PP755589.1|A/cattle/Texas/24-008749-003/2024(H5N1)	370	162
HA|PP755589.1|A/cattle/Texas/24-008749-003/2024(H5N1)	371	162
HA|PP755589.1|A/cattle/Texas/24-008749-003/2024(H5N1)	372	162
HA|PP755589.1|A/cattle/Texas/24-008749-003/2024(H5N1)	373	161
HA|PP755589.1|A/cattle/Texas/24-008749-003/2024(H5N1)	374	161
HA|PP755589.1|A/cattle/Texas/24-008749-003/2024(H5N1)	375	159
HA|PP755589.1|A/cattle/Texas/24-008749-003/2024(H5N1)	376	159
HA|PP755589.1|A/cattle/Texas/24-008749-003/2024(H5N1)	377	159
HA|PP755589.1|A/cattle/Texas/24-008749-003/2024(H5N1)	378	159
HA|PP755589.1|A/cattle/Texas/24-008749-003/2024(H5N1)	379	160
HA|PP755589.1|A/cattle/Texas/24-008749-003/2024(H5N1)	380	160
HA|PP755589.1|A/cattle/Texas/24-008749-003/2024(H5N1)	381	160
HA|PP755589.1|A/cattle/Texas/24-008749-003/2024(H5N1)	382	160
HA|PP755589.1|A/cattle/Texas/24-008749-003/2024(H5N1)	383	159
HA|PP755589.1|A/cattle/Texas/24-008749-003/2024(H5N1)	384	158
HA|PP755589.1|A/cattle/Texas/24-008749-003/2024(H5N1)	385	158
HA|PP755589.1|A/cattle/Texas/24-008749-003/2024(H5N1)	386	158
HA|PP755589.1|A/cattle/Texas/24-008749-003/2024(H5N1)	387	159
HA|PP755589.1|A/cattle/Texas/24-008749-003/2024(H5N1)	388	160
HA|PP755589.1|A/cattle/Texas/24-008749-003/2024(H5N1)	389	160
HA|PP755589.1|A/cattle/Texas/24-008749-003/2024(H5N1)	390	160
HA|PP755589.1|A/cattle/Texas/24-008749-003/2024(H5N1)	391	163
HA|PP755589.1|A/cattle/Texas/24-008749-003/2024(H5N1)	392	163
HA|PP755589.1|A/cattle/Texas/24-008749-003/2024(H5N1)	393	163
HA|PP755589.1|A/cattle/Texas/24-008749-003/2024(H5N1)	394	164
HA|PP755589.1|A/cattle/Texas/24-008749-003/2024(H5N1)	395	164
HA|PP755589.1|A/cattle/Texas/24-008749-003/2024(H5N1)	396	168
HA|PP755589.1|A/cattle/Texas/24-008749-003/2024(H5N1)	397	168
HA|PP755589.1|A/cattle/Texas/24-008749-003/2024(H5N1)	398	168
HA|PP755589.1|A/cattle/Texas/24-008749-003/2024(H5N1)	399	169
HA|PP755589.1|A/cattle/Texas/24-008749-003/2024(H5N1)	400	169
HA|PP755589.1|A/cattle/Texas/24-008749-003/2024(H5N1)	401	168
HA|PP755589.1|A/cattle/Texas/24-008749-003/2024(H5N1)	402	168
HA|PP755589.1|A/cattle/Texas/24-008749-003/2024(H5N1)	403	168
HA|PP755589.1|A/cattle/Texas/24-008749-003/2024(H5N1)	404	168
HA|PP755589.1|A/cattle/Texas/24-008749-003/2024(H5N1)	405	168
HA|PP755589.1|A/cattle/Texas/24-008749-003/2024(H5N1)	406	167
HA|PP755589.1|A/cattle/Texas/24-008749-003/2024(H5N1)	407	167
HA|PP755589.1|A/cattle/Texas/24-008749-003/2024(H5N1)	408	166
HA|PP755589.1|A/cattle/Texas/24-008749-003/2024(H5N1)	409	167
HA|PP755589.1|A/cattle/Texas/24-008749-003/2024(H5N1)	410	167
HA|PP755589.1|A/cattle/Texas/24-008749-003/2024(H5N1)	411	166
HA|PP755589.1|A/cattle/Texas/24-008749-003/2024(H5N1)	412	166
HA|PP755589.1|A/cattle/Texas/24-008749-003/2024(H5N1)	413	166
HA|PP755589.1|A/cattle/Texas/24-008749-003/2024(H5N1)	414	166
HA|PP755589.1|A/cattle/Texas/24-008749-003/2024(H5N1)	415	166
HA|PP755589.1|A/cattle/Texas/24-008749-003/2024(H5N1)	416	166
HA|PP755589.1|A/cattle/Texas/24-008749-003/2024(H5N1)	417	168
HA|PP755589.1|A/cattle/Texas/24-008749-003/2024(H5N1)	418	168
HA|PP755589.1|A/cattle/Texas/24-008749-003/2024(H5N1)	419	167
HA|PP755589.1|A/cattle/Texas/24-008749-003/2024(H5N1)	420	167
HA|PP755589.1|A/cattle/Texas/24-008749-003/2024(H5N1)	421	167
HA|PP755589.1|A/cattle/Texas/24-008749-003/2024(H5N1)	422	167
HA|PP755589.1|A/cattle/Texas/24-008749-003/2024(H5N1)	423	167
HA|PP755589.1|A/cattle/Texas/24-008749-003/2024(H5N1)	424	156
HA|PP755589.1|A/cattle/Texas/24-008749-003/2024(H5N1)	425	159
HA|PP755589.1|A/cattle/Texas/24-008749-003/2024(H5N1)	426	160
HA|PP755589.1|A/cattle/Texas/24-008749-003/2024(H5N1)	427	160
HA|PP755589.1|A/cattle/Texas/24-008749-003/2024(H5N1)	428	163
HA|PP755589.1|A/cattle/Texas/24-008749-003/2024(H5N1)	429	164
HA|PP755589.1|A/cattle/Texas/24-008749-003/2024(H5N1)	430	165
HA|PP755589.1|A/cattle/Texas/24-008749-003/2024(H5N1)	431	171
HA|PP755589.1|A/cattle/Texas/24-008749-003/2024(H5N1)	432	171
HA|PP755589.1|A/cattle/Texas/24-008749-003/2024(H5N1)	433	171
HA|PP755589.1|A/cattle/Texas/24-008749-003/2024(H5N1)	434	171
HA|PP755589.1|A/cattle/Texas/24-008749-003/2024(H5N1)	435	171
HA|PP755589.1|A/cattle/Texas/24-008749-003/2024(H5N1)	436	171
HA|PP755589.1|A/cattle/Texas/24-008749-003/2024(H5N1)	437	168
HA|PP755589.1|A/cattle/Texas/24-008749-003/2024(H5N1)	438	168
HA|PP755589.1|A/cattle/Texas/24-008749-003/2024(H5N1)	439	168
HA|PP755589.1|A/cattle/Texas/24-008749-003/2024(H5N1)	440	162
HA|PP755589.1|A/cattle/Texas/24-008749-003/2024(H5N1)	441	162
HA|PP755589.1|A/cattle/Texas/24-008749-003/2024(H5N1)	442	161
HA|PP755589.1|A/cattle/Texas/24-008749-003/2024(H5N1)	443	160
HA|PP755589.1|A/cattle/Texas/24-008749-003/2024(H5N1)	444	160
HA|PP755589.1|A/cattle/Texas/24-008749-003/2024(H5N1)	445	160
HA|PP755589.1|A/cattle/Texas/24-008749-003/2024(H5N1)	446	161
HA|PP755589.1|A/cattle/Texas/24-008749-003/2024(H5N1)	447	160
HA|PP755589.1|A/cattle/Texas/24-008749-003/2024(H5N1)	448	160
HA|PP755589.1|A/cattle/Texas/24-008749-003/2024(H5N1)	449	158
HA|PP755589.1|A/cattle/Texas/24-008749-003/2024(H5N1)	450	158
HA|PP755589.1|A/cattle/Texas/24-008749-003/2024(H5N1)	451	159
HA|PP755589.1|A/cattle/Texas/24-008749-003/2024(H5N1)	452	159
HA|PP755589.1|A/cattle/Texas/24-008749-003/2024(H5N1)	453	159
HA|PP755589.1|A/cattle/Texas/24-008749-003/2024(H5N1)	454	160
HA|PP755589.1|A/cattle/Texas/24-008749-003/2024(H5N1)	455	160
HA|PP755589.1|A/cattle/Texas/24-008749-003/2024(H5N1)	456	164
HA|PP755589.1|A/cattle/Texas/24-008749-003/2024(H5N1)	457	164
HA|PP755589.1|A/cattle/Texas/24-008749-003/2024(H5N1)	458	160
HA|PP755589.1|A/cattle/Texas/24-008749-003/2024(H5N1)	459	160
HA|PP755589.1|A/cattle/Texas/24-008749-003/2024(H5N1)	460	159
HA|PP755589.1|A/cattle/Texas/24-008749-003/2024(H5N1)	461	157
HA|PP755589.1|A/cattle/Texas/24-008749-003/2024(H5N1)	462	157
HA|PP755589.1|A/cattle/Texas/24-008749-003/2024(H5N1)	463	157
HA|PP755589.1|A/cattle/Texas/24-008749-003/2024(H5N1)	464	157
HA|PP755589.1|A/cattle/Texas/24-008749-003/2024(H5N1)	465	158
HA|PP755589.1|A/cattle/Texas/24-008749-003/2024(H5N1)	466	158
HA|PP755589.1|A/cattle/Texas/24-008749-003/2024(H5N1)	467	155
HA|PP755589.1|A/cattle/Texas/24-008749-003/2024(H5N1)	468	155
HA|PP755589.1|A/cattle/Texas/24-008749-003/2024(H5N1)	469	155
HA|PP755589.1|A/cattle/Texas/24-008749-003/2024(H5N1)	470	155
HA|PP755589.1|A/cattle/Texas/24-008749-003/2024(H5N1)	471	155
HA|PP755589.1|A/cattle/Texas/24-008749-003/2024(H5N1)	472	156
HA|PP755589.1|A/cattle/Texas/24-008749-003/2024(H5N1)	473	156
HA|PP755589.1|A/cattle/Texas/24-008749-003/2024(H5N1)	474	156
HA|PP755589.1|A/cattle/Texas/24-008749-003/2024(H5N1)	475	156
HA|PP755589.1|A/cattle/Texas/24-008749-003/2024(H5N1)	476	156
HA|PP755589.1|A/cattle/Texas/24-008749-003/2024(H5N1)	477	156
HA|PP755589.1|A/cattle/Texas/24-008749-003/2024(H5N1)	478	156
HA|PP755589.1|A/cattle/Texas/24-008749-003/2024(H5N1)	479	156
HA|PP755589.1|A/cattle/Texas/24-008749-003/2024(H5N1)	480	156
HA|PP755589.1|A/cattle/Texas/24-008749-003/2024(H5N1)	481	156
HA|PP755589.1|A/cattle/Texas/24-008749-003/2024(H5N1)	482	157
HA|PP755589.1|A/cattle/Texas/24-008749-003/2024(H5N1)	483	156
HA|PP755589.1|A/cattle/Texas/24-008749-003/2024(H5N1)	484	156
HA|PP755589.1|A/cattle/Texas/24-008749-003/2024(H5N1)	485	155
HA|PP755589.1|A/cattle/Texas/24-008749-003/2024(H5N1)	486	156
HA|PP755589.1|A/cattle/Texas/24-008749-003/2024(H5N1)	487	156
HA|PP755589.1|A/cattle/Texas/24-008749-003/2024(H5N1)	488	156
HA|PP755589.1|A/cattle/Texas/24-008749-003/2024(H5N1)	489	158
HA|PP755589.1|A/cattle/Texas/24-008749-003/2024(H5N1)	490	158
HA|PP755589.1|A/cattle/Texas/24-008749-003/2024(H5N1)	491	159
HA|PP755589.1|A/cattle/Texas/24-008749-003/2024(H5N1)	492	159
HA|PP755589.1|A/cattle/Texas/24-008749-003/2024(H5N1)	493	159
HA|PP755589.1|A/cattle/Texas/24-008749-003/2024(H5N1)	494	158
HA|PP755589.1|A/cattle/Texas/24-008749-003/2024(H5N1)	495	158
HA|PP755589.1|A/cattle/Texas/24-008749-003/2024(H5N1)	496	156
HA|PP755589.1|A/cattle/Texas/24-008749-003/2024(H5N1)	497	156
HA|PP755589.1|A/cattle/Texas/24-008749-003/2024(H5N1)	498	156
HA|PP755589.1|A/cattle/Texas/24-008749-003/2024(H5N1)	499	155
HA|PP755589.1|A/cattle/Texas/24-008749-003/2024(H5N1)	500	155
HA|PP755589.1|A/cattle/Texas/24-008749-003/2024(H5N1)	501	158
HA|PP755589.1|A/cattle/Texas/24-008749-003/2024(H5N1)	502	158
HA|PP755589.1|A/cattle/Texas/24-008749-003/2024(H5N1)	503	157
HA|PP755589.1|A/cattle/Texas/24-008749-003/2024(H5N1)	504	156
HA|PP755589.1|A/cattle/Texas/24-008749-003/2024(H5N1)	505	156
HA|PP755589.1|A/cattle/Texas/24-008749-003/2024(H5N1)	506	156
HA|PP755589.1|A/cattle/Texas/24-008749-003/2024(H5N1)	507	156
HA|PP755589.1|A/cattle/Texas/24-008749-003/2024(H5N1)	508	155
HA|PP755589.1|A/cattle/Texas/24-008749-003/2024(H5N1)	509	155
HA|PP755589.1|A/cattle/Texas/24-008749-003/2024(H5N1)	510	156
HA|PP755589.1|A/cattle/Texas/24-008749-003/2024(H5N1)	511	156
HA|PP755589.1|A/cattle/Texas/24-008749-003/2024(H5N1)	512	160
HA|PP755589.1|A/cattle/Texas/24-008749-003/2024(H5N1)	513	161
HA|PP755589.1|A/cattle/Texas/24-008749-003/2024(H5N1)	514	161
HA|PP755589.1|A/cattle/Texas/24-008749-003/2024(H5N1)	515	160
HA|PP755589.1|A/cattle/Texas/24-008749-003/2024(H5N1)	516	161
HA|PP755589.1|A/cattle/Texas/24-008749-003/2024(H5N1)	517	162
HA|PP755589.1|A/cattle/Texas/24-008749-003/2024(H5N1)	518	161
HA|PP755589.1|A/cattle/Texas/24-008749-003/2024(H5N1)	519	163
HA|PP755589.1|A/cattle/Texas/24-008749-003/2024(H5N1)	520	162
HA|PP755589.1|A/cattle/Texas/24-008749-003/2024(H5N1)	521	159
HA|PP755589.1|A/cattle/Texas/24-008749-003/2024(H5N1)	522	157
HA|PP755589.1|A/cattle/Texas/24-008749-003/2024(H5N1)	523	157
HA|PP755589.1|A/cattle/Texas/24-008749-003/2024(H5N1)	524	161
HA|PP755589.1|A/cattle/Texas/24-008749-003/2024(H5N1)	525	158
HA|PP755589.1|A/cattle/Texas/24-008749-003/2024(H5N1)	526	158
HA|PP755589.1|A/cattle/Texas/24-008749-003/2024(H5N1)	527	150
HA|PP755589.1|A/cattle/Texas/24-008749-003/2024(H5N1)	528	150
HA|PP755589.1|A/cattle/Texas/24-008749-003/2024(H5N1)	529	149
HA|PP755589.1|A/cattle/Texas/24-008749-003/2024(H5N1)	530	148
HA|PP755589.1|A/cattle/Texas/24-008749-003/2024(H5N1)	531	148
HA|PP755589.1|A/cattle/Texas/24-008749-003/2024(H5N1)	532	142
HA|PP755589.1|A/cattle/Texas/24-008749-003/2024(H5N1)	533	137
HA|PP755589.1|A/cattle/Texas/24-008749-003/2024(H5N1)	534	138
HA|PP755589.1|A/cattle/Texas/24-008749-003/2024(H5N1)	535	143
HA|PP755589.1|A/cattle/Texas/24-008749-003/2024(H5N1)	536	150
HA|PP755589.1|A/cattle/Texas/24-008749-003/2024(H5N1)	537	149
HA|PP755589.1|A/cattle/Texas/24-008749-003/2024(H5N1)	538	149
HA|PP755589.1|A/cattle/Texas/24-008749-003/2024(H5N1)	539	151
HA|PP755589.1|A/cattle/Texas/24-008749-003/2024(H5N1)	540	155
HA|PP755589.1|A/cattle/Texas/24-008749-003/2024(H5N1)	541	155
HA|PP755589.1|A/cattle/Texas/24-008749-003/2024(H5N1)	542	154
HA|PP755589.1|A/cattle/Texas/24-008749-003/2024(H5N1)	543	153
HA|PP755589.1|A/cattle/Texas/24-008749-003/2024(H5N1)	544	152
HA|PP755589.1|A/cattle/Texas/24-008749-003/2024(H5N1)	545	148
HA|PP755589.1|A/cattle/Texas/24-008749-003/2024(H5N1)	546	148
HA|PP755589.1|A/cattle/Texas/24-008749-003/2024(H5N1)	547	148
HA|PP755589.1|A/cattle/Texas/24-008749-003/2024(H5N1)	548	148
HA|PP755589.1|A/cattle/Texas/24-008749-003/2024(H5N1)	549	146
HA|PP755589.1|A/cattle/Texas/24-008749-003/2024(H5N1)	550	146
HA|PP755589.1|A/cattle/Texas/24-008749-003/2024(H5N1)	551	150
HA|PP755589.1|A/cattle/Texas/24-008749-003/2024(H5N1)	552	151
HA|PP755589.1|A/cattle/Texas/24-008749-003/2024(H5N1)	553	149
HA|PP755589.1|A/cattle/Texas/24-008749-003/2024(H5N1)	554	150
HA|PP755589.1|A/cattle/Texas/24-008749-003/2024(H5N1)	555	149
HA|PP755589.1|A/cattle/Texas/24-008749-003/2024(H5N1)	556	149
HA|PP755589.1|A/cattle/Texas/24-008749-003/2024(H5N1)	557	149
HA|PP755589.1|A/cattle/Texas/24-008749-003/2024(H5N1)	558	148
HA|PP755589.1|A/cattle/Texas/24-008749-003/2024(H5N1)	559	150
HA|PP755589.1|A/cattle/Texas/24-008749-003/2024(H5N1)	560	150
HA|PP755589.1|A/cattle/Texas/24-008749-003/2024(H5N1)	561	151
HA|PP755589.1|A/cattle/Texas/24-008749-003/2024(H5N1)	562	153
HA|PP755589.1|A/cattle/Texas/24-008749-003/2024(H5N1)	563	157
HA|PP755589.1|A/cattle/Texas/24-008749-003/2024(H5N1)	564	157
HA|PP755589.1|A/cattle/Texas/24-008749-003/2024(H5N1)	565	158
HA|PP755589.1|A/cattle/Texas/24-008749-003/2024(H5N1)	566	158
HA|PP755589.1|A/cattle/Texas/24-008749-003/2024(H5N1)	567	159
HA|PP755589.1|A/cattle/Texas/24-008749-003/2024(H5N1)	568	155
HA|PP755589.1|A/cattle/Texas/24-008749-003/2024(H5N1)	569	155
HA|PP755589.1|A/cattle/Texas/24-008749-003/2024(H5N1)	570	152
HA|PP755589.1|A/cattle/Texas/24-008749-003/2024(H5N1)	571	152
HA|PP755589.1|A/cattle/Texas/24-008749-003/2024(H5N1)	572	150
HA|PP755589.1|A/cattle/Texas/24-008749-003/2024(H5N1)	573	153
HA|PP755589.1|A/cattle/Texas/24-008749-003/2024(H5N1)	574	154
HA|PP755589.1|A/cattle/Texas/24-008749-003/2024(H5N1)	575	153
HA|PP755589.1|A/cattle/Texas/24-008749-003/2024(H5N1)	576	154
HA|PP755589.1|A/cattle/Texas/24-008749-003/2024(H5N1)	577	156
HA|PP755589.1|A/cattle/Texas/24-008749-003/2024(H5N1)	578	157
HA|PP755589.1|A/cattle/Texas/24-008749-003/2024(H5N1)	579	157
HA|PP755589.1|A/cattle/Texas/24-008749-003/2024(H5N1)	580	155
HA|PP755589.1|A/cattle/Texas/24-008749-003/2024(H5N1)	581	156
HA|PP755589.1|A/cattle/Texas/24-008749-003/2024(H5N1)	582	151
HA|PP755589.1|A/cattle/Texas/24-008749-003/2024(H5N1)	583	148
HA|PP755589.1|A/cattle/Texas/24-008749-003/2024(H5N1)	584	148
HA|PP755589.1|A/cattle/Texas/24-008749-003/2024(H5N1)	585	151
HA|PP755589.1|A/cattle/Texas/24-008749-003/2024(H5N1)	586	151
HA|PP755589.1|A/cattle/Texas/24-008749-003/2024(H5N1)	587	151
HA|PP755589.1|A/cattle/Texas/24-008749-003/2024(H5N1)	588	152
HA|PP755589.1|A/cattle/Texas/24-008749-003/2024(H5N1)	589	154
HA|PP755589.1|A/cattle/Texas/24-008749-003/2024(H5N1)	590	153
HA|PP755589.1|A/cattle/Texas/24-008749-003/2024(H5N1)	591	154
HA|PP755589.1|A/cattle/Texas/24-008749-003/2024(H5N1)	592	154
HA|PP755589.1|A/cattle/Texas/24-008749-003/2024(H5N1)	593	154
HA|PP755589.1|A/cattle/Texas/24-008749-003/2024(H5N1)	594	154
HA|PP755589.1|A/cattle/Texas/24-008749-003/2024(H5N1)	595	152
HA|PP755589.1|A/cattle/Texas/24-008749-003/2024(H5N1)	596	155
HA|PP755589.1|A/cattle/Texas/24-008749-003/2024(H5N1)	597	151
HA|PP755589.1|A/cattle/Texas/24-008749-003/2024(H5N1)	598	151
HA|PP755589.1|A/cattle/Texas/24-008749-003/2024(H5N1)	599	152
HA|PP755589.1|A/cattle/Texas/24-008749-003/2024(H5N1)	600	151
HA|PP755589.1|A/cattle/Texas/24-008749-003/2024(H5N1)	601	151
HA|PP755589.1|A/cattle/Texas/24-008749-003/2024(H5N1)	602	153
HA|PP755589.1|A/cattle/Texas/24-008749-003/2024(H5N1)	603	153
HA|PP755589.1|A/cattle/Texas/24-008749-003/2024(H5N1)	604	152
HA|PP755589.1|A/cattle/Texas/24-008749-003/2024(H5N1)	605	153
HA|PP755589.1|A/cattle/Texas/24-008749-003/2024(H5N1)	606	150
HA|PP755589.1|A/cattle/Texas/24-008749-003/2024(H5N1)	607	150
HA|PP755589.1|A/cattle/Texas/24-008749-003/2024(H5N1)	608	150
HA|PP755589.1|A/cattle/Texas/24-008749-003/2024(H5N1)	609	151
HA|PP755589.1|A/cattle/Texas/24-008749-003/2024(H5N1)	610	152
HA|PP755589.1|A/cattle/Texas/24-008749-003/2024(H5N1)	611	152
HA|PP755589.1|A/cattle/Texas/24-008749-003/2024(H5N1)	612	152
HA|PP755589.1|A/cattle/Texas/24-008749-003/2024(H5N1)	613	153
HA|PP755589.1|A/cattle/Texas/24-008749-003/2024(H5N1)	614	157
HA|PP755589.1|A/cattle/Texas/24-008749-003/2024(H5N1)	615	159
HA|PP755589.1|A/cattle/Texas/24-008749-003/2024(H5N1)	616	160
HA|PP755589.1|A/cattle/Texas/24-008749-003/2024(H5N1)	617	160
HA|PP755589.1|A/cattle/Texas/24-008749-003/2024(H5N1)	618	158
HA|PP755589.1|A/cattle/Texas/24-008749-003/2024(H5N1)	619	158
HA|PP755589.1|A/cattle/Texas/24-008749-003/2024(H5N1)	620	159
HA|PP755589.1|A/cattle/Texas/24-008749-003/2024(H5N1)	621	159
HA|PP755589.1|A/cattle/Texas/24-008749-003/2024(H5N1)	622	159
HA|PP755589.1|A/cattle/Texas/24-008749-003/2024(H5N1)	623	159
HA|PP755589.1|A/cattle/Texas/24-008749-003/2024(H5N1)	624	159
HA|PP755589.1|A/cattle/Texas/24-008749-003/2024(H5N1)	625	159
HA|PP755589.1|A/cattle/Texas/24-008749-003/2024(H5N1)	626	160
HA|PP755589.1|A/cattle/Texas/24-008749-003/2024(H5N1)	627	160
HA|PP755589.1|A/cattle/Texas/24-008749-003/2024(H5N1)	628	160
HA|PP755589.1|A/cattle/Texas/24-008749-003/2024(H5N1)	629	159
HA|PP755589.1|A/cattle/Texas/24-008749-003/2024(H5N1)	630	159
HA|PP755589.1|A/cattle/Texas/24-008749-003/2024(H5N1)	631	160
HA|PP755589.1|A/cattle/Texas/24-008749-003/2024(H5N1)	632	164
HA|PP755589.1|A/cattle/Texas/24-008749-003/2024(H5N1)	633	164
HA|PP755589.1|A/cattle/Texas/24-008749-003/2024(H5N1)	634	164
HA|PP755589.1|A/cattle/Texas/24-008749-003/2024(H5N1)	635	165
HA|PP755589.1|A/cattle/Texas/24-008749-003/2024(H5N1)	636	165
HA|PP755589.1|A/cattle/Texas/24-008749-003/2024(H5N1)	637	166
HA|PP755589.1|A/cattle/Texas/24-008749-003/2024(H5N1)	638	168
HA|PP755589.1|A/cattle/Texas/24-008749-003/2024(H5N1)	639	169
HA|PP755589.1|A/cattle/Texas/24-008749-003/2024(H5N1)	640	169
HA|PP755589.1|A/cattle/Texas/24-008749-003/2024(H5N1)	641	169
HA|PP755589.1|A/cattle/Texas/24-008749-003/2024(H5N1)	642	166
HA|PP755589.1|A/cattle/Texas/24-008749-003/2024(H5N1)	643	168
HA|PP755589.1|A/cattle/Texas/24-008749-003/2024(H5N1)	644	168
HA|PP755589.1|A/cattle/Texas/24-008749-003/2024(H5N1)	645	167
HA|PP755589.1|A/cattle/Texas/24-008749-003/2024(H5N1)	646	167
HA|PP755589.1|A/cattle/Texas/24-008749-003/2024(H5N1)	647	163
HA|PP755589.1|A/cattle/Texas/24-008749-003/2024(H5N1)	648	163
HA|PP755589.1|A/cattle/Texas/24-008749-003/2024(H5N1)	649	162
HA|PP755589.1|A/cattle/Texas/24-008749-003/2024(H5N1)	650	162
HA|PP755589.1|A/cattle/Texas/24-008749-003/2024(H5N1)	651	162
HA|PP755589.1|A/cattle/Texas/24-008749-003/2024(H5N1)	652	162
HA|PP755589.1|A/cattle/Texas/24-008749-003/2024(H5N1)	653	163
HA|PP755589.1|A/cattle/Texas/24-008749-003/2024(H5N1)	654	163
HA|PP755589.1|A/cattle/Texas/24-008749-003/2024(H5N1)	655	163
HA|PP755589.1|A/cattle/Texas/24-008749-003/2024(H5N1)	656	163
HA|PP755589.1|A/cattle/Texas/24-008749-003/2024(H5N1)	657	162
HA|PP755589.1|A/cattle/Texas/24-008749-003/2024(H5N1)	658	162
HA|PP755589.1|A/cattle/Texas/24-008749-003/2024(H5N1)	659	162
HA|PP755589.1|A/cattle/Texas/24-008749-003/2024(H5N1)	660	161
HA|PP755589.1|A/cattle/Texas/24-008749-003/2024(H5N1)	661	163
HA|PP755589.1|A/cattle/Texas/24-008749-003/2024(H5N1)	662	163
HA|PP755589.1|A/cattle/Texas/24-008749-003/2024(H5N1)	663	163
HA|PP755589.1|A/cattle/Texas/24-008749-003/2024(H5N1)	664	164
HA|PP755589.1|A/cattle/Texas/24-008749-003/2024(H5N1)	665	164
HA|PP755589.1|A/cattle/Texas/24-008749-003/2024(H5N1)	666	166
HA|PP755589.1|A/cattle/Texas/24-008749-003/2024(H5N1)	667	166
HA|PP755589.1|A/cattle/Texas/24-008749-003/2024(H5N1)	668	164
HA|PP755589.1|A/cattle/Texas/24-008749-003/2024(H5N1)	669	164
HA|PP755589.1|A/cattle/Texas/24-008749-003/2024(H5N1)	670	167
HA|PP755589.1|A/cattle/Texas/24-008749-003/2024(H5N1)	671	176
HA|PP755589.1|A/cattle/Texas/24-008749-003/2024(H5N1)	672	176
HA|PP755589.1|A/cattle/Texas/24-008749-003/2024(H5N1)	673	176
HA|PP755589.1|A/cattle/Texas/24-008749-003/2024(H5N1)	674	176
HA|PP755589.1|A/cattle/Texas/24-008749-003/2024(H5N1)	675	174
HA|PP755589.1|A/cattle/Texas/24-008749-003/2024(H5N1)	676	175
HA|PP755589.1|A/cattle/Texas/24-008749-003/2024(H5N1)	677	174
HA|PP755589.1|A/cattle/Texas/24-008749-003/2024(H5N1)	678	173
HA|PP755589.1|A/cattle/Texas/24-008749-003/2024(H5N1)	679	171
HA|PP755589.1|A/cattle/Texas/24-008749-003/2024(H5N1)	680	170
HA|PP755589.1|A/cattle/Texas/24-008749-003/2024(H5N1)	681	174
HA|PP755589.1|A/cattle/Texas/24-008749-003/2024(H5N1)	682	168
HA|PP755589.1|A/cattle/Texas/24-008749-003/2024(H5N1)	683	170
HA|PP755589.1|A/cattle/Texas/24-008749-003/2024(H5N1)	684	186
HA|PP755589.1|A/cattle/Texas/24-008749-003/2024(H5N1)	685	186
HA|PP755589.1|A/cattle/Texas/24-008749-003/2024(H5N1)	686	186
HA|PP755589.1|A/cattle/Texas/24-008749-003/2024(H5N1)	687	183
HA|PP755589.1|A/cattle/Texas/24-008749-003/2024(H5N1)	688	183
HA|PP755589.1|A/cattle/Texas/24-008749-003/2024(H5N1)	689	185
HA|PP755589.1|A/cattle/Texas/24-008749-003/2024(H5N1)	690	185
HA|PP755589.1|A/cattle/Texas/24-008749-003/2024(H5N1)	691	186
HA|PP755589.1|A/cattle/Texas/24-008749-003/2024(H5N1)	692	186
HA|PP755589.1|A/cattle/Texas/24-008749-003/2024(H5N1)	693	187
HA|PP755589.1|A/cattle/Texas/24-008749-003/2024(H5N1)	694	187
HA|PP755589.1|A/cattle/Texas/24-008749-003/2024(H5N1)	695	187
HA|PP755589.1|A/cattle/Texas/24-008749-003/2024(H5N1)	696	192
HA|PP755589.1|A/cattle/Texas/24-008749-003/2024(H5N1)	697	191
HA|PP755589.1|A/cattle/Texas/24-008749-003/2024(H5N1)	698	191
HA|PP755589.1|A/cattle/Texas/24-008749-003/2024(H5N1)	699	195
HA|PP755589.1|A/cattle/Texas/24-008749-003/2024(H5N1)	700	195
HA|PP755589.1|A/cattle/Texas/24-008749-003/2024(H5N1)	701	197
HA|PP755589.1|A/cattle/Texas/24-008749-003/2024(H5N1)	702	196
HA|PP755589.1|A/cattle/Texas/24-008749-003/2024(H5N1)	703	197
HA|PP755589.1|A/cattle/Texas/24-008749-003/2024(H5N1)	704	199
HA|PP755589.1|A/cattle/Texas/24-008749-003/2024(H5N1)	705	198
HA|PP755589.1|A/cattle/Texas/24-008749-003/2024(H5N1)	706	198
HA|PP755589.1|A/cattle/Texas/24-008749-003/2024(H5N1)	707	197
HA|PP755589.1|A/cattle/Texas/24-008749-003/2024(H5N1)	708	197
HA|PP755589.1|A/cattle/Texas/24-008749-003/2024(H5N1)	709	197
HA|PP755589.1|A/cattle/Texas/24-008749-003/2024(H5N1)	710	198
HA|PP755589.1|A/cattle/Texas/24-008749-003/2024(H5N1)	711	198
HA|PP755589.1|A/cattle/Texas/24-008749-003/2024(H5N1)	712	200
HA|PP755589.1|A/cattle/Texas/24-008749-003/2024(H5N1)	713	200
HA|PP755589.1|A/cattle/Texas/24-008749-003/2024(H5N1)	714	201
HA|PP755589.1|A/cattle/Texas/24-008749-003/2024(H5N1)	715	200
HA|PP755589.1|A/cattle/Texas/24-008749-003/2024(H5N1)	716	201
HA|PP755589.1|A/cattle/Texas/24-008749-003/2024(H5N1)	717	203
HA|PP755589.1|A/cattle/Texas/24-008749-003/2024(H5N1)	718	203
HA|PP755589.1|A/cattle/Texas/24-008749-003/2024(H5N1)	719	203
HA|PP755589.1|A/cattle/Texas/24-008749-003/2024(H5N1)	720	202
HA|PP755589.1|A/cattle/Texas/24-008749-003/2024(H5N1)	721	203
HA|PP755589.1|A/cattle/Texas/24-008749-003/2024(H5N1)	722	205
HA|PP755589.1|A/cattle/Texas/24-008749-003/2024(H5N1)	723	206
HA|PP755589.1|A/cattle/Texas/24-008749-003/2024(H5N1)	724	206
HA|PP755589.1|A/cattle/Texas/24-008749-003/2024(H5N1)	725	206
HA|PP755589.1|A/cattle/Texas/24-008749-003/2024(H5N1)	726	206
HA|PP755589.1|A/cattle/Texas/24-008749-003/2024(H5N1)	727	207
HA|PP755589.1|A/cattle/Texas/24-008749-003/2024(H5N1)	728	206
HA|PP755589.1|A/cattle/Texas/24-008749-003/2024(H5N1)	729	206
HA|PP755589.1|A/cattle/Texas/24-008749-003/2024(H5N1)	730	206
HA|PP755589.1|A/cattle/Texas/24-008749-003/2024(H5N1)	731	206
HA|PP755589.1|A/cattle/Texas/24-008749-003/2024(H5N1)	732	207
HA|PP755589.1|A/cattle/Texas/24-008749-003/2024(H5N1)	733	207
HA|PP755589.1|A/cattle/Texas/24-008749-003/2024(H5N1)	734	207
HA|PP755589.1|A/cattle/Texas/24-008749-003/2024(H5N1)	735	206
HA|PP755589.1|A/cattle/Texas/24-008749-003/2024(H5N1)	736	206
HA|PP755589.1|A/cattle/Texas/24-008749-003/2024(H5N1)	737	206
HA|PP755589.1|A/cattle/Texas/24-008749-003/2024(H5N1)	738	206
HA|PP755589.1|A/cattle/Texas/24-008749-003/2024(H5N1)	739	206
HA|PP755589.1|A/cattle/Texas/24-008749-003/2024(H5N1)	740	203
HA|PP755589.1|A/cattle/Texas/24-008749-003/2024(H5N1)	741	199
HA|PP755589.1|A/cattle/Texas/24-008749-003/2024(H5N1)	742	203
HA|PP755589.1|A/cattle/Texas/24-008749-003/2024(H5N1)	743	205
HA|PP755589.1|A/cattle/Texas/24-008749-003/2024(H5N1)	744	206
HA|PP755589.1|A/cattle/Texas/24-008749-003/2024(H5N1)	745	206
HA|PP755589.1|A/cattle/Texas/24-008749-003/2024(H5N1)	746	206
HA|PP755589.1|A/cattle/Texas/24-008749-003/2024(H5N1)	747	206
HA|PP755589.1|A/cattle/Texas/24-008749-003/2024(H5N1)	748	207
HA|PP755589.1|A/cattle/Texas/24-008749-003/2024(H5N1)	749	207
HA|PP755589.1|A/cattle/Texas/24-008749-003/2024(H5N1)	750	207
HA|PP755589.1|A/cattle/Texas/24-008749-003/2024(H5N1)	751	207
HA|PP755589.1|A/cattle/Texas/24-008749-003/2024(H5N1)	752	206
HA|PP755589.1|A/cattle/Texas/24-008749-003/2024(H5N1)	753	206
HA|PP755589.1|A/cattle/Texas/24-008749-003/2024(H5N1)	754	208
HA|PP755589.1|A/cattle/Texas/24-008749-003/2024(H5N1)	755	209
HA|PP755589.1|A/cattle/Texas/24-008749-003/2024(H5N1)	756	208
HA|PP755589.1|A/cattle/Texas/24-008749-003/2024(H5N1)	757	208
HA|PP755589.1|A/cattle/Texas/24-008749-003/2024(H5N1)	758	211
HA|PP755589.1|A/cattle/Texas/24-008749-003/2024(H5N1)	759	212
HA|PP755589.1|A/cattle/Texas/24-008749-003/2024(H5N1)	760	212
HA|PP755589.1|A/cattle/Texas/24-008749-003/2024(H5N1)	761	212
HA|PP755589.1|A/cattle/Texas/24-008749-003/2024(H5N1)	762	214
HA|PP755589.1|A/cattle/Texas/24-008749-003/2024(H5N1)	763	214
HA|PP755589.1|A/cattle/Texas/24-008749-003/2024(H5N1)	764	213
HA|PP755589.1|A/cattle/Texas/24-008749-003/2024(H5N1)	765	213
HA|PP755589.1|A/cattle/Texas/24-008749-003/2024(H5N1)	766	213
HA|PP755589.1|A/cattle/Texas/24-008749-003/2024(H5N1)	767	213
HA|PP755589.1|A/cattle/Texas/24-008749-003/2024(H5N1)	768	214
HA|PP755589.1|A/cattle/Texas/24-008749-003/2024(H5N1)	769	216
HA|PP755589.1|A/cattle/Texas/24-008749-003/2024(H5N1)	770	214
HA|PP755589.1|A/cattle/Texas/24-008749-003/2024(H5N1)	771	214
HA|PP755589.1|A/cattle/Texas/24-008749-003/2024(H5N1)	772	214
HA|PP755589.1|A/cattle/Texas/24-008749-003/2024(H5N1)	773	214
HA|PP755589.1|A/cattle/Texas/24-008749-003/2024(H5N1)	774	214
HA|PP755589.1|A/cattle/Texas/24-008749-003/2024(H5N1)	775	210
HA|PP755589.1|A/cattle/Texas/24-008749-003/2024(H5N1)	776	211
HA|PP755589.1|A/cattle/Texas/24-008749-003/2024(H5N1)	777	212
HA|PP755589.1|A/cattle/Texas/24-008749-003/2024(H5N1)	778	210
HA|PP755589.1|A/cattle/Texas/24-008749-003/2024(H5N1)	779	210
HA|PP755589.1|A/cattle/Texas/24-008749-003/2024(H5N1)	780	210
HA|PP755589.1|A/cattle/Texas/24-008749-003/2024(H5N1)	781	211
HA|PP755589.1|A/cattle/Texas/24-008749-003/2024(H5N1)	782	216
HA|PP755589.1|A/cattle/Texas/24-008749-003/2024(H5N1)	783	217
HA|PP755589.1|A/cattle/Texas/24-008749-003/2024(H5N1)	784	219
HA|PP755589.1|A/cattle/Texas/24-008749-003/2024(H5N1)	785	218
HA|PP755589.1|A/cattle/Texas/24-008749-003/2024(H5N1)	786	215
HA|PP755589.1|A/cattle/Texas/24-008749-003/2024(H5N1)	787	208
HA|PP755589.1|A/cattle/Texas/24-008749-003/2024(H5N1)	788	207
HA|PP755589.1|A/cattle/Texas/24-008749-003/2024(H5N1)	789	208
HA|PP755589.1|A/cattle/Texas/24-008749-003/2024(H5N1)	790	207
HA|PP755589.1|A/cattle/Texas/24-008749-003/2024(H5N1)	791	206
HA|PP755589.1|A/cattle/Texas/24-008749-003/2024(H5N1)	792	203
HA|PP755589.1|A/cattle/Texas/24-008749-003/2024(H5N1)	793	264
HA|PP755589.1|A/cattle/Texas/24-008749-003/2024(H5N1)	794	264
HA|PP755589.1|A/cattle/Texas/24-008749-003/2024(H5N1)	795	264
HA|PP755589.1|A/cattle/Texas/24-008749-003/2024(H5N1)	796	264
HA|PP755589.1|A/cattle/Texas/24-008749-003/2024(H5N1)	797	264
HA|PP755589.1|A/cattle/Texas/24-008749-003/2024(H5N1)	798	265
HA|PP755589.1|A/cattle/Texas/24-008749-003/2024(H5N1)	799	269
HA|PP755589.1|A/cattle/Texas/24-008749-003/2024(H5N1)	800	269
HA|PP755589.1|A/cattle/Texas/24-008749-003/2024(H5N1)	801	269
HA|PP755589.1|A/cattle/Texas/24-008749-003/2024(H5N1)	802	264
HA|PP755589.1|A/cattle/Texas/24-008749-003/2024(H5N1)	803	263
HA|PP755589.1|A/cattle/Texas/24-008749-003/2024(H5N1)	804	263
HA|PP755589.1|A/cattle/Texas/24-008749-003/2024(H5N1)	805	263
HA|PP755589.1|A/cattle/Texas/24-008749-003/2024(H5N1)	806	261
HA|PP755589.1|A/cattle/Texas/24-008749-003/2024(H5N1)	807	263
HA|PP755589.1|A/cattle/Texas/24-008749-003/2024(H5N1)	808	263
HA|PP755589.1|A/cattle/Texas/24-008749-003/2024(H5N1)	809	263
HA|PP755589.1|A/cattle/Texas/24-008749-003/2024(H5N1)	810	262
HA|PP755589.1|A/cattle/Texas/24-008749-003/2024(H5N1)	811	262
HA|PP755589.1|A/cattle/Texas/24-008749-003/2024(H5N1)	812	259
HA|PP755589.1|A/cattle/Texas/24-008749-003/2024(H5N1)	813	258
HA|PP755589.1|A/cattle/Texas/24-008749-003/2024(H5N1)	814	255
HA|PP755589.1|A/cattle/Texas/24-008749-003/2024(H5N1)	815	252
HA|PP755589.1|A/cattle/Texas/24-008749-003/2024(H5N1)	816	266
HA|PP755589.1|A/cattle/Texas/24-008749-003/2024(H5N1)	817	266
HA|PP755589.1|A/cattle/Texas/24-008749-003/2024(H5N1)	818	266
HA|PP755589.1|A/cattle/Texas/24-008749-003/2024(H5N1)	819	266
HA|PP755589.1|A/cattle/Texas/24-008749-003/2024(H5N1)	820	272
HA|PP755589.1|A/cattle/Texas/24-008749-003/2024(H5N1)	821	272
HA|PP755589.1|A/cattle/Texas/24-008749-003/2024(H5N1)	822	271
HA|PP755589.1|A/cattle/Texas/24-008749-003/2024(H5N1)	823	272
HA|PP755589.1|A/cattle/Texas/24-008749-003/2024(H5N1)	824	269
HA|PP755589.1|A/cattle/Texas/24-008749-003/2024(H5N1)	825	268
HA|PP755589.1|A/cattle/Texas/24-008749-003/2024(H5N1)	826	267
HA|PP755589.1|A/cattle/Texas/24-008749-003/2024(H5N1)	827	266
HA|PP755589.1|A/cattle/Texas/24-008749-003/2024(H5N1)	828	265
HA|PP755589.1|A/cattle/Texas/24-008749-003/2024(H5N1)	829	264
HA|PP755589.1|A/cattle/Texas/24-008749-003/2024(H5N1)	830	264
HA|PP755589.1|A/cattle/Texas/24-008749-003/2024(H5N1)	831	266
HA|PP755589.1|A/cattle/Texas/24-008749-003/2024(H5N1)	832	266
HA|PP755589.1|A/cattle/Texas/24-008749-003/2024(H5N1)	833	267
HA|PP755589.1|A/cattle/Texas/24-008749-003/2024(H5N1)	834	267
HA|PP755589.1|A/cattle/Texas/24-008749-003/2024(H5N1)	835	269
HA|PP755589.1|A/cattle/Texas/24-008749-003/2024(H5N1)	836	268
HA|PP755589.1|A/cattle/Texas/24-008749-003/2024(H5N1)	837	268
HA|PP755589.1|A/cattle/Texas/24-008749-003/2024(H5N1)	838	273
HA|PP755589.1|A/cattle/Texas/24-008749-003/2024(H5N1)	839	273
HA|PP755589.1|A/cattle/Texas/24-008749-003/2024(H5N1)	840	278
HA|PP755589.1|A/cattle/Texas/24-008749-003/2024(H5N1)	841	279
HA|PP755589.1|A/cattle/Texas/24-008749-003/2024(H5N1)	842	278
HA|PP755589.1|A/cattle/Texas/24-008749-003/2024(H5N1)	843	279
HA|PP755589.1|A/cattle/Texas/24-008749-003/2024(H5N1)	844	279
HA|PP755589.1|A/cattle/Texas/24-008749-003/2024(H5N1)	845	281
HA|PP755589.1|A/cattle/Texas/24-008749-003/2024(H5N1)	846	281
HA|PP755589.1|A/cattle/Texas/24-008749-003/2024(H5N1)	847	278
HA|PP755589.1|A/cattle/Texas/24-008749-003/2024(H5N1)	848	279
HA|PP755589.1|A/cattle/Texas/24-008749-003/2024(H5N1)	849	278
HA|PP755589.1|A/cattle/Texas/24-008749-003/2024(H5N1)	850	278
HA|PP755589.1|A/cattle/Texas/24-008749-003/2024(H5N1)	851	280
HA|PP755589.1|A/cattle/Texas/24-008749-003/2024(H5N1)	852	278
HA|PP755589.1|A/cattle/Texas/24-008749-003/2024(H5N1)	853	278
HA|PP755589.1|A/cattle/Texas/24-008749-003/2024(H5N1)	854	276
HA|PP755589.1|A/cattle/Texas/24-008749-003/2024(H5N1)	855	288
HA|PP755589.1|A/cattle/Texas/24-008749-003/2024(H5N1)	856	292
HA|PP755589.1|A/cattle/Texas/24-008749-003/2024(H5N1)	857	297
HA|PP755589.1|A/cattle/Texas/24-008749-003/2024(H5N1)	858	297
HA|PP755589.1|A/cattle/Texas/24-008749-003/2024(H5N1)	859	297
HA|PP755589.1|A/cattle/Texas/24-008749-003/2024(H5N1)	860	296
HA|PP755589.1|A/cattle/Texas/24-008749-003/2024(H5N1)	861	298
HA|PP755589.1|A/cattle/Texas/24-008749-003/2024(H5N1)	862	298
HA|PP755589.1|A/cattle/Texas/24-008749-003/2024(H5N1)	863	300
HA|PP755589.1|A/cattle/Texas/24-008749-003/2024(H5N1)	864	299
HA|PP755589.1|A/cattle/Texas/24-008749-003/2024(H5N1)	865	292
HA|PP755589.1|A/cattle/Texas/24-008749-003/2024(H5N1)	866	291
HA|PP755589.1|A/cattle/Texas/24-008749-003/2024(H5N1)	867	295
HA|PP755589.1|A/cattle/Texas/24-008749-003/2024(H5N1)	868	298
HA|PP755589.1|A/cattle/Texas/24-008749-003/2024(H5N1)	869	308
HA|PP755589.1|A/cattle/Texas/24-008749-003/2024(H5N1)	870	308
HA|PP755589.1|A/cattle/Texas/24-008749-003/2024(H5N1)	871	308
HA|PP755589.1|A/cattle/Texas/24-008749-003/2024(H5N1)	872	308
HA|PP755589.1|A/cattle/Texas/24-008749-003/2024(H5N1)	873	314
HA|PP755589.1|A/cattle/Texas/24-008749-003/2024(H5N1)	874	317
HA|PP755589.1|A/cattle/Texas/24-008749-003/2024(H5N1)	875	317
HA|PP755589.1|A/cattle/Texas/24-008749-003/2024(H5N1)	876	317
HA|PP755589.1|A/cattle/Texas/24-008749-003/2024(H5N1)	877	316
HA|PP755589.1|A/cattle/Texas/24-008749-003/2024(H5N1)	878	320
HA|PP755589.1|A/cattle/Texas/24-008749-003/2024(H5N1)	879	320
HA|PP755589.1|A/cattle/Texas/24-008749-003/2024(H5N1)	880	324
HA|PP755589.1|A/cattle/Texas/24-008749-003/2024(H5N1)	881	323
HA|PP755589.1|A/cattle/Texas/24-008749-003/2024(H5N1)	882	322
HA|PP755589.1|A/cattle/Texas/24-008749-003/2024(H5N1)	883	318
HA|PP755589.1|A/cattle/Texas/24-008749-003/2024(H5N1)	884	321
HA|PP755589.1|A/cattle/Texas/24-008749-003/2024(H5N1)	885	321
HA|PP755589.1|A/cattle/Texas/24-008749-003/2024(H5N1)	886	323
HA|PP755589.1|A/cattle/Texas/24-008749-003/2024(H5N1)	887	322
HA|PP755589.1|A/cattle/Texas/24-008749-003/2024(H5N1)	888	322
HA|PP755589.1|A/cattle/Texas/24-008749-003/2024(H5N1)	889	323
HA|PP755589.1|A/cattle/Texas/24-008749-003/2024(H5N1)	890	322
HA|PP755589.1|A/cattle/Texas/24-008749-003/2024(H5N1)	891	322
HA|PP755589.1|A/cattle/Texas/24-008749-003/2024(H5N1)	892	322
HA|PP755589.1|A/cattle/Texas/24-008749-003/2024(H5N1)	893	322
HA|PP755589.1|A/cattle/Texas/24-008749-003/2024(H5N1)	894	321
HA|PP755589.1|A/cattle/Texas/24-008749-003/2024(H5N1)	895	321
HA|PP755589.1|A/cattle/Texas/24-008749-003/2024(H5N1)	896	324
HA|PP755589.1|A/cattle/Texas/24-008749-003/2024(H5N1)	897	325
HA|PP755589.1|A/cattle/Texas/24-008749-003/2024(H5N1)	898	325
HA|PP755589.1|A/cattle/Texas/24-008749-003/2024(H5N1)	899	325
HA|PP755589.1|A/cattle/Texas/24-008749-003/2024(H5N1)	900	325
HA|PP755589.1|A/cattle/Texas/24-008749-003/2024(H5N1)	901	324
HA|PP755589.1|A/cattle/Texas/24-008749-003/2024(H5N1)	902	324
HA|PP755589.1|A/cattle/Texas/24-008749-003/2024(H5N1)	903	324
HA|PP755589.1|A/cattle/Texas/24-008749-003/2024(H5N1)	904	323
HA|PP755589.1|A/cattle/Texas/24-008749-003/2024(H5N1)	905	323
HA|PP755589.1|A/cattle/Texas/24-008749-003/2024(H5N1)	906	323
HA|PP755589.1|A/cattle/Texas/24-008749-003/2024(H5N1)	907	323
HA|PP755589.1|A/cattle/Texas/24-008749-003/2024(H5N1)	908	324
HA|PP755589.1|A/cattle/Texas/24-008749-003/2024(H5N1)	909	326
HA|PP755589.1|A/cattle/Texas/24-008749-003/2024(H5N1)	910	325
HA|PP755589.1|A/cattle/Texas/24-008749-003/2024(H5N1)	911	325
HA|PP755589.1|A/cattle/Texas/24-008749-003/2024(H5N1)	912	323
HA|PP755589.1|A/cattle/Texas/24-008749-003/2024(H5N1)	913	323
HA|PP755589.1|A/cattle/Texas/24-008749-003/2024(H5N1)	914	323
HA|PP755589.1|A/cattle/Texas/24-008749-003/2024(H5N1)	915	322
HA|PP755589.1|A/cattle/Texas/24-008749-003/2024(H5N1)	916	325
HA|PP755589.1|A/cattle/Texas/24-008749-003/2024(H5N1)	917	323
HA|PP755589.1|A/cattle/Texas/24-008749-003/2024(H5N1)	918	318
HA|PP755589.1|A/cattle/Texas/24-008749-003/2024(H5N1)	919	320
HA|PP755589.1|A/cattle/Texas/24-008749-003/2024(H5N1)	920	320
HA|PP755589.1|A/cattle/Texas/24-008749-003/2024(H5N1)	921	314
HA|PP755589.1|A/cattle/Texas/24-008749-003/2024(H5N1)	922	314
HA|PP755589.1|A/cattle/Texas/24-008749-003/2024(H5N1)	923	321
HA|PP755589.1|A/cattle/Texas/24-008749-003/2024(H5N1)	924	322
HA|PP755589.1|A/cattle/Texas/24-008749-003/2024(H5N1)	925	326
HA|PP755589.1|A/cattle/Texas/24-008749-003/2024(H5N1)	926	331
HA|PP755589.1|A/cattle/Texas/24-008749-003/2024(H5N1)	927	332
HA|PP755589.1|A/cattle/Texas/24-008749-003/2024(H5N1)	928	332
HA|PP755589.1|A/cattle/Texas/24-008749-003/2024(H5N1)	929	335
HA|PP755589.1|A/cattle/Texas/24-008749-003/2024(H5N1)	930	334
HA|PP755589.1|A/cattle/Texas/24-008749-003/2024(H5N1)	931	336
HA|PP755589.1|A/cattle/Texas/24-008749-003/2024(H5N1)	932	333
HA|PP755589.1|A/cattle/Texas/24-008749-003/2024(H5N1)	933	336
HA|PP755589.1|A/cattle/Texas/24-008749-003/2024(H5N1)	934	335
HA|PP755589.1|A/cattle/Texas/24-008749-003/2024(H5N1)	935	320
HA|PP755589.1|A/cattle/Texas/24-008749-003/2024(H5N1)	936	320
HA|PP755589.1|A/cattle/Texas/24-008749-003/2024(H5N1)	937	321
HA|PP755589.1|A/cattle/Texas/24-008749-003/2024(H5N1)	938	320
HA|PP755589.1|A/cattle/Texas/24-008749-003/2024(H5N1)	939	321
HA|PP755589.1|A/cattle/Texas/24-008749-003/2024(H5N1)	940	320
HA|PP755589.1|A/cattle/Texas/24-008749-003/2024(H5N1)	941	327
HA|PP755589.1|A/cattle/Texas/24-008749-003/2024(H5N1)	942	327
HA|PP755589.1|A/cattle/Texas/24-008749-003/2024(H5N1)	943	327
HA|PP755589.1|A/cattle/Texas/24-008749-003/2024(H5N1)	944	328
HA|PP755589.1|A/cattle/Texas/24-008749-003/2024(H5N1)	945	325
HA|PP755589.1|A/cattle/Texas/24-008749-003/2024(H5N1)	946	325
HA|PP755589.1|A/cattle/Texas/24-008749-003/2024(H5N1)	947	324
HA|PP755589.1|A/cattle/Texas/24-008749-003/2024(H5N1)	948	322
HA|PP755589.1|A/cattle/Texas/24-008749-003/2024(H5N1)	949	322
HA|PP755589.1|A/cattle/Texas/24-008749-003/2024(H5N1)	950	317
HA|PP755589.1|A/cattle/Texas/24-008749-003/2024(H5N1)	951	323
HA|PP755589.1|A/cattle/Texas/24-008749-003/2024(H5N1)	952	321
HA|PP755589.1|A/cattle/Texas/24-008749-003/2024(H5N1)	953	329
HA|PP755589.1|A/cattle/Texas/24-008749-003/2024(H5N1)	954	328
HA|PP755589.1|A/cattle/Texas/24-008749-003/2024(H5N1)	955	326
HA|PP755589.1|A/cattle/Texas/24-008749-003/2024(H5N1)	956	326
HA|PP755589.1|A/cattle/Texas/24-008749-003/2024(H5N1)	957	326
HA|PP755589.1|A/cattle/Texas/24-008749-003/2024(H5N1)	958	325
HA|PP755589.1|A/cattle/Texas/24-008749-003/2024(H5N1)	959	327
HA|PP755589.1|A/cattle/Texas/24-008749-003/2024(H5N1)	960	327
HA|PP755589.1|A/cattle/Texas/24-008749-003/2024(H5N1)	961	326
HA|PP755589.1|A/cattle/Texas/24-008749-003/2024(H5N1)	962	327
HA|PP755589.1|A/cattle/Texas/24-008749-003/2024(H5N1)	963	325
HA|PP755589.1|A/cattle/Texas/24-008749-003/2024(H5N1)	964	325
HA|PP755589.1|A/cattle/Texas/24-008749-003/2024(H5N1)	965	325
HA|PP755589.1|A/cattle/Texas/24-008749-003/2024(H5N1)	966	325
HA|PP755589.1|A/cattle/Texas/24-008749-003/2024(H5N1)	967	323
HA|PP755589.1|A/cattle/Texas/24-008749-003/2024(H5N1)	968	323
HA|PP755589.1|A/cattle/Texas/24-008749-003/2024(H5N1)	969	324
HA|PP755589.1|A/cattle/Texas/24-008749-003/2024(H5N1)	970	325
HA|PP755589.1|A/cattle/Texas/24-008749-003/2024(H5N1)	971	325
HA|PP755589.1|A/cattle/Texas/24-008749-003/2024(H5N1)	972	325
HA|PP755589.1|A/cattle/Texas/24-008749-003/2024(H5N1)	973	324
HA|PP755589.1|A/cattle/Texas/24-008749-003/2024(H5N1)	974	322
HA|PP755589.1|A/cattle/Texas/24-008749-003/2024(H5N1)	975	324
HA|PP755589.1|A/cattle/Texas/24-008749-003/2024(H5N1)	976	325
HA|PP755589.1|A/cattle/Texas/24-008749-003/2024(H5N1)	977	326
HA|PP755589.1|A/cattle/Texas/24-008749-003/2024(H5N1)	978	325
HA|PP755589.1|A/cattle/Texas/24-008749-003/2024(H5N1)	979	325
HA|PP755589.1|A/cattle/Texas/24-008749-003/2024(H5N1)	980	325
HA|PP755589.1|A/cattle/Texas/24-008749-003/2024(H5N1)	981	325
HA|PP755589.1|A/cattle/Texas/24-008749-003/2024(H5N1)	982	325
HA|PP755589.1|A/cattle/Texas/24-008749-003/2024(H5N1)	983	322
HA|PP755589.1|A/cattle/Texas/24-008749-003/2024(H5N1)	984	323
HA|PP755589.1|A/cattle/Texas/24-008749-003/2024(H5N1)	985	324
HA|PP755589.1|A/cattle/Texas/24-008749-003/2024(H5N1)	986	324
HA|PP755589.1|A/cattle/Texas/24-008749-003/2024(H5N1)	987	324
HA|PP755589.1|A/cattle/Texas/24-008749-003/2024(H5N1)	988	324
HA|PP755589.1|A/cattle/Texas/24-008749-003/2024(H5N1)	989	324
HA|PP755589.1|A/cattle/Texas/24-008749-003/2024(H5N1)	990	324
HA|PP755589.1|A/cattle/Texas/24-008749-003/2024(H5N1)	991	328
HA|PP755589.1|A/cattle/Texas/24-008749-003/2024(H5N1)	992	322
HA|PP755589.1|A/cattle/Texas/24-008749-003/2024(H5N1)	993	320
HA|PP755589.1|A/cattle/Texas/24-008749-003/2024(H5N1)	994	321
HA|PP755589.1|A/cattle/Texas/24-008749-003/2024(H5N1)	995	318
HA|PP755589.1|A/cattle/Texas/24-008749-003/2024(H5N1)	996	319
HA|PP755589.1|A/cattle/Texas/24-008749-003/2024(H5N1)	997	318
HA|PP755589.1|A/cattle/Texas/24-008749-003/2024(H5N1)	998	320
HA|PP755589.1|A/cattle/Texas/24-008749-003/2024(H5N1)	999	322
HA|PP755589.1|A/cattle/Texas/24-008749-003/2024(H5N1)	1000	322
HA|PP755589.1|A/cattle/Texas/24-008749-003/2024(H5N1)	1001	325
HA|PP755589.1|A/cattle/Texas/24-008749-003/2024(H5N1)	1002	329
HA|PP755589.1|A/cattle/Texas/24-008749-003/2024(H5N1)	1003	329
HA|PP755589.1|A/cattle/Texas/24-008749-003/2024(H5N1)	1004	329
HA|PP755589.1|A/cattle/Texas/24-008749-003/2024(H5N1)	1005	329
HA|PP755589.1|A/cattle/Texas/24-008749-003/2024(H5N1)	1006	329
HA|PP755589.1|A/cattle/Texas/24-008749-003/2024(H5N1)	1007	328
HA|PP755589.1|A/cattle/Texas/24-008749-003/2024(H5N1)	1008	331
HA|PP755589.1|A/cattle/Texas/24-008749-003/2024(H5N1)	1009	330
HA|PP755589.1|A/cattle/Texas/24-008749-003/2024(H5N1)	1010	333
HA|PP755589.1|A/cattle/Texas/24-008749-003/2024(H5N1)	1011	332
HA|PP755589.1|A/cattle/Texas/24-008749-003/2024(H5N1)	1012	332
HA|PP755589.1|A/cattle/Texas/24-008749-003/2024(H5N1)	1013	330
HA|PP755589.1|A/cattle/Texas/24-008749-003/2024(H5N1)	1014	330
HA|PP755589.1|A/cattle/Texas/24-008749-003/2024(H5N1)	1015	329
HA|PP755589.1|A/cattle/Texas/24-008749-003/2024(H5N1)	1016	329
HA|PP755589.1|A/cattle/Texas/24-008749-003/2024(H5N1)	1017	330
HA|PP755589.1|A/cattle/Texas/24-008749-003/2024(H5N1)	1018	329
HA|PP755589.1|A/cattle/Texas/24-008749-003/2024(H5N1)	1019	328
HA|PP755589.1|A/cattle/Texas/24-008749-003/2024(H5N1)	1020	332
HA|PP755589.1|A/cattle/Texas/24-008749-003/2024(H5N1)	1021	333
HA|PP755589.1|A/cattle/Texas/24-008749-003/2024(H5N1)	1022	333
HA|PP755589.1|A/cattle/Texas/24-008749-003/2024(H5N1)	1023	333
HA|PP755589.1|A/cattle/Texas/24-008749-003/2024(H5N1)	1024	333
HA|PP755589.1|A/cattle/Texas/24-008749-003/2024(H5N1)	1025	333
HA|PP755589.1|A/cattle/Texas/24-008749-003/2024(H5N1)	1026	333
HA|PP755589.1|A/cattle/Texas/24-008749-003/2024(H5N1)	1027	331
HA|PP755589.1|A/cattle/Texas/24-008749-003/2024(H5N1)	1028	331
HA|PP755589.1|A/cattle/Texas/24-008749-003/2024(H5N1)	1029	334
HA|PP755589.1|A/cattle/Texas/24-008749-003/2024(H5N1)	1030	334
HA|PP755589.1|A/cattle/Texas/24-008749-003/2024(H5N1)	1031	332
HA|PP755589.1|A/cattle/Texas/24-008749-003/2024(H5N1)	1032	328
HA|PP755589.1|A/cattle/Texas/24-008749-003/2024(H5N1)	1033	321
HA|PP755589.1|A/cattle/Texas/24-008749-003/2024(H5N1)	1034	321
HA|PP755589.1|A/cattle/Texas/24-008749-003/2024(H5N1)	1035	319
HA|PP755589.1|A/cattle/Texas/24-008749-003/2024(H5N1)	1036	321
HA|PP755589.1|A/cattle/Texas/24-008749-003/2024(H5N1)	1037	324
HA|PP755589.1|A/cattle/Texas/24-008749-003/2024(H5N1)	1038	324
HA|PP755589.1|A/cattle/Texas/24-008749-003/2024(H5N1)	1039	325
HA|PP755589.1|A/cattle/Texas/24-008749-003/2024(H5N1)	1040	323
HA|PP755589.1|A/cattle/Texas/24-008749-003/2024(H5N1)	1041	325
HA|PP755589.1|A/cattle/Texas/24-008749-003/2024(H5N1)	1042	328
HA|PP755589.1|A/cattle/Texas/24-008749-003/2024(H5N1)	1043	328
HA|PP755589.1|A/cattle/Texas/24-008749-003/2024(H5N1)	1044	276
HA|PP755589.1|A/cattle/Texas/24-008749-003/2024(H5N1)	1045	276
HA|PP755589.1|A/cattle/Texas/24-008749-003/2024(H5N1)	1046	276
HA|PP755589.1|A/cattle/Texas/24-008749-003/2024(H5N1)	1047	280
HA|PP755589.1|A/cattle/Texas/24-008749-003/2024(H5N1)	1048	282
HA|PP755589.1|A/cattle/Texas/24-008749-003/2024(H5N1)	1049	279
HA|PP755589.1|A/cattle/Texas/24-008749-003/2024(H5N1)	1050	278
HA|PP755589.1|A/cattle/Texas/24-008749-003/2024(H5N1)	1051	279
HA|PP755589.1|A/cattle/Texas/24-008749-003/2024(H5N1)	1052	280
HA|PP755589.1|A/cattle/Texas/24-008749-003/2024(H5N1)	1053	329
HA|PP755589.1|A/cattle/Texas/24-008749-003/2024(H5N1)	1054	330
HA|PP755589.1|A/cattle/Texas/24-008749-003/2024(H5N1)	1055	329
HA|PP755589.1|A/cattle/Texas/24-008749-003/2024(H5N1)	1056	329
HA|PP755589.1|A/cattle/Texas/24-008749-003/2024(H5N1)	1057	422
HA|PP755589.1|A/cattle/Texas/24-008749-003/2024(H5N1)	1058	437
HA|PP755589.1|A/cattle/Texas/24-008749-003/2024(H5N1)	1059	445
HA|PP755589.1|A/cattle/Texas/24-008749-003/2024(H5N1)	1060	445
HA|PP755589.1|A/cattle/Texas/24-008749-003/2024(H5N1)	1061	444
HA|PP755589.1|A/cattle/Texas/24-008749-003/2024(H5N1)	1062	444
HA|PP755589.1|A/cattle/Texas/24-008749-003/2024(H5N1)	1063	455
HA|PP755589.1|A/cattle/Texas/24-008749-003/2024(H5N1)	1064	458
HA|PP755589.1|A/cattle/Texas/24-008749-003/2024(H5N1)	1065	457
HA|PP755589.1|A/cattle/Texas/24-008749-003/2024(H5N1)	1066	459
HA|PP755589.1|A/cattle/Texas/24-008749-003/2024(H5N1)	1067	445
HA|PP755589.1|A/cattle/Texas/24-008749-003/2024(H5N1)	1068	443
HA|PP755589.1|A/cattle/Texas/24-008749-003/2024(H5N1)	1069	443
HA|PP755589.1|A/cattle/Texas/24-008749-003/2024(H5N1)	1070	445
HA|PP755589.1|A/cattle/Texas/24-008749-003/2024(H5N1)	1071	439
HA|PP755589.1|A/cattle/Texas/24-008749-003/2024(H5N1)	1072	441
HA|PP755589.1|A/cattle/Texas/24-008749-003/2024(H5N1)	1073	449
HA|PP755589.1|A/cattle/Texas/24-008749-003/2024(H5N1)	1074	449
HA|PP755589.1|A/cattle/Texas/24-008749-003/2024(H5N1)	1075	449
HA|PP755589.1|A/cattle/Texas/24-008749-003/2024(H5N1)	1076	461
HA|PP755589.1|A/cattle/Texas/24-008749-003/2024(H5N1)	1077	563
HA|PP755589.1|A/cattle/Texas/24-008749-003/2024(H5N1)	1078	575
HA|PP755589.1|A/cattle/Texas/24-008749-003/2024(H5N1)	1079	575
HA|PP755589.1|A/cattle/Texas/24-008749-003/2024(H5N1)	1080	593
HA|PP755589.1|A/cattle/Texas/24-008749-003/2024(H5N1)	1081	596
HA|PP755589.1|A/cattle/Texas/24-008749-003/2024(H5N1)	1082	601
HA|PP755589.1|A/cattle/Texas/24-008749-003/2024(H5N1)	1083	604
HA|PP755589.1|A/cattle/Texas/24-008749-003/2024(H5N1)	1084	603
HA|PP755589.1|A/cattle/Texas/24-008749-003/2024(H5N1)	1085	605
HA|PP755589.1|A/cattle/Texas/24-008749-003/2024(H5N1)	1086	611
HA|PP755589.1|A/cattle/Texas/24-008749-003/2024(H5N1)	1087	614
HA|PP755589.1|A/cattle/Texas/24-008749-003/2024(H5N1)	1088	614
HA|PP755589.1|A/cattle/Texas/24-008749-003/2024(H5N1)	1089	611
HA|PP755589.1|A/cattle/Texas/24-008749-003/2024(H5N1)	1090	610
HA|PP755589.1|A/cattle/Texas/24-008749-003/2024(H5N1)	1091	605
HA|PP755589.1|A/cattle/Texas/24-008749-003/2024(H5N1)	1092	601
HA|PP755589.1|A/cattle/Texas/24-008749-003/2024(H5N1)	1093	603
HA|PP755589.1|A/cattle/Texas/24-008749-003/2024(H5N1)	1094	610
HA|PP755589.1|A/cattle/Texas/24-008749-003/2024(H5N1)	1095	610
HA|PP755589.1|A/cattle/Texas/24-008749-003/2024(H5N1)	1096	608
HA|PP755589.1|A/cattle/Texas/24-008749-003/2024(H5N1)	1097	610
HA|PP755589.1|A/cattle/Texas/24-008749-003/2024(H5N1)	1098	620
HA|PP755589.1|A/cattle/Texas/24-008749-003/2024(H5N1)	1099	619
HA|PP755589.1|A/cattle/Texas/24-008749-003/2024(H5N1)	1100	620
HA|PP755589.1|A/cattle/Texas/24-008749-003/2024(H5N1)	1101	617
HA|PP755589.1|A/cattle/Texas/24-008749-003/2024(H5N1)	1102	624
HA|PP755589.1|A/cattle/Texas/24-008749-003/2024(H5N1)	1103	629
HA|PP755589.1|A/cattle/Texas/24-008749-003/2024(H5N1)	1104	633
HA|PP755589.1|A/cattle/Texas/24-008749-003/2024(H5N1)	1105	641
HA|PP755589.1|A/cattle/Texas/24-008749-003/2024(H5N1)	1106	631
HA|PP755589.1|A/cattle/Texas/24-008749-003/2024(H5N1)	1107	628
HA|PP755589.1|A/cattle/Texas/24-008749-003/2024(H5N1)	1108	628
HA|PP755589.1|A/cattle/Texas/24-008749-003/2024(H5N1)	1109	628
HA|PP755589.1|A/cattle/Texas/24-008749-003/2024(H5N1)	1110	640
HA|PP755589.1|A/cattle/Texas/24-008749-003/2024(H5N1)	1111	641
HA|PP755589.1|A/cattle/Texas/24-008749-003/2024(H5N1)	1112	641
HA|PP755589.1|A/cattle/Texas/24-008749-003/2024(H5N1)	1113	650
HA|PP755589.1|A/cattle/Texas/24-008749-003/2024(H5N1)	1114	650
HA|PP755589.1|A/cattle/Texas/24-008749-003/2024(H5N1)	1115	661
HA|PP755589.1|A/cattle/Texas/24-008749-003/2024(H5N1)	1116	664
HA|PP755589.1|A/cattle/Texas/24-008749-003/2024(H5N1)	1117	660
HA|PP755589.1|A/cattle/Texas/24-008749-003/2024(H5N1)	1118	661
HA|PP755589.1|A/cattle/Texas/24-008749-003/2024(H5N1)	1119	654
HA|PP755589.1|A/cattle/Texas/24-008749-003/2024(H5N1)	1120	720
HA|PP755589.1|A/cattle/Texas/24-008749-003/2024(H5N1)	1121	1314
HA|PP755589.1|A/cattle/Texas/24-008749-003/2024(H5N1)	1122	1378
HA|PP755589.1|A/cattle/Texas/24-008749-003/2024(H5N1)	1123	1385
HA|PP755589.1|A/cattle/Texas/24-008749-003/2024(H5N1)	1124	1378
HA|PP755589.1|A/cattle/Texas/24-008749-003/2024(H5N1)	1125	1416
HA|PP755589.1|A/cattle/Texas/24-008749-003/2024(H5N1)	1126	1429
HA|PP755589.1|A/cattle/Texas/24-008749-003/2024(H5N1)	1127	1443
HA|PP755589.1|A/cattle/Texas/24-008749-003/2024(H5N1)	1128	1458
HA|PP755589.1|A/cattle/Texas/24-008749-003/2024(H5N1)	1129	1472
HA|PP755589.1|A/cattle/Texas/24-008749-003/2024(H5N1)	1130	1515
HA|PP755589.1|A/cattle/Texas/24-008749-003/2024(H5N1)	1131	1532
HA|PP755589.1|A/cattle/Texas/24-008749-003/2024(H5N1)	1132	1558
HA|PP755589.1|A/cattle/Texas/24-008749-003/2024(H5N1)	1133	1563
HA|PP755589.1|A/cattle/Texas/24-008749-003/2024(H5N1)	1134	1565
HA|PP755589.1|A/cattle/Texas/24-008749-003/2024(H5N1)	1135	1561
HA|PP755589.1|A/cattle/Texas/24-008749-003/2024(H5N1)	1136	1560
HA|PP755589.1|A/cattle/Texas/24-008749-003/2024(H5N1)	1137	1572
HA|PP755589.1|A/cattle/Texas/24-008749-003/2024(H5N1)	1138	1573
HA|PP755589.1|A/cattle/Texas/24-008749-003/2024(H5N1)	1139	1583
HA|PP755589.1|A/cattle/Texas/24-008749-003/2024(H5N1)	1140	1576
HA|PP755589.1|A/cattle/Texas/24-008749-003/2024(H5N1)	1141	1588
HA|PP755589.1|A/cattle/Texas/24-008749-003/2024(H5N1)	1142	1587
HA|PP755589.1|A/cattle/Texas/24-008749-003/2024(H5N1)	1143	1588
HA|PP755589.1|A/cattle/Texas/24-008749-003/2024(H5N1)	1144	1594
HA|PP755589.1|A/cattle/Texas/24-008749-003/2024(H5N1)	1145	1613
HA|PP755589.1|A/cattle/Texas/24-008749-003/2024(H5N1)	1146	1619
HA|PP755589.1|A/cattle/Texas/24-008749-003/2024(H5N1)	1147	1619
HA|PP755589.1|A/cattle/Texas/24-008749-003/2024(H5N1)	1148	1619
HA|PP755589.1|A/cattle/Texas/24-008749-003/2024(H5N1)	1149	1620
HA|PP755589.1|A/cattle/Texas/24-008749-003/2024(H5N1)	1150	1628
HA|PP755589.1|A/cattle/Texas/24-008749-003/2024(H5N1)	1151	1628
HA|PP755589.1|A/cattle/Texas/24-008749-003/2024(H5N1)	1152	1630
HA|PP755589.1|A/cattle/Texas/24-008749-003/2024(H5N1)	1153	1631
HA|PP755589.1|A/cattle/Texas/24-008749-003/2024(H5N1)	1154	1632
HA|PP755589.1|A/cattle/Texas/24-008749-003/2024(H5N1)	1155	1635
HA|PP755589.1|A/cattle/Texas/24-008749-003/2024(H5N1)	1156	1643
HA|PP755589.1|A/cattle/Texas/24-008749-003/2024(H5N1)	1157	1662
HA|PP755589.1|A/cattle/Texas/24-008749-003/2024(H5N1)	1158	1680
HA|PP755589.1|A/cattle/Texas/24-008749-003/2024(H5N1)	1159	1682
HA|PP755589.1|A/cattle/Texas/24-008749-003/2024(H5N1)	1160	1680
HA|PP755589.1|A/cattle/Texas/24-008749-003/2024(H5N1)	1161	1692
HA|PP755589.1|A/cattle/Texas/24-008749-003/2024(H5N1)	1162	1692
HA|PP755589.1|A/cattle/Texas/24-008749-003/2024(H5N1)	1163	1706
HA|PP755589.1|A/cattle/Texas/24-008749-003/2024(H5N1)	1164	1723
HA|PP755589.1|A/cattle/Texas/24-008749-003/2024(H5N1)	1165	1739
HA|PP755589.1|A/cattle/Texas/24-008749-003/2024(H5N1)	1166	1739
HA|PP755589.1|A/cattle/Texas/24-008749-003/2024(H5N1)	1167	1741
HA|PP755589.1|A/cattle/Texas/24-008749-003/2024(H5N1)	1168	1794
HA|PP755589.1|A/cattle/Texas/24-008749-003/2024(H5N1)	1169	1851
HA|PP755589.1|A/cattle/Texas/24-008749-003/2024(H5N1)	1170	1861
HA|PP755589.1|A/cattle/Texas/24-008749-003/2024(H5N1)	1171	1861
HA|PP755589.1|A/cattle/Texas/24-008749-003/2024(H5N1)	1172	1856
HA|PP755589.1|A/cattle/Texas/24-008749-003/2024(H5N1)	1173	1859
HA|PP755589.1|A/cattle/Texas/24-008749-003/2024(H5N1)	1174	1861
HA|PP755589.1|A/cattle/Texas/24-008749-003/2024(H5N1)	1175	1913
HA|PP755589.1|A/cattle/Texas/24-008749-003/2024(H5N1)	1176	1908
HA|PP755589.1|A/cattle/Texas/24-008749-003/2024(H5N1)	1177	1922
HA|PP755589.1|A/cattle/Texas/24-008749-003/2024(H5N1)	1178	1924
HA|PP755589.1|A/cattle/Texas/24-008749-003/2024(H5N1)	1179	1969
HA|PP755589.1|A/cattle/Texas/24-008749-003/2024(H5N1)	1180	1971
HA|PP755589.1|A/cattle/Texas/24-008749-003/2024(H5N1)	1181	2000
HA|PP755589.1|A/cattle/Texas/24-008749-003/2024(H5N1)	1182	2011
HA|PP755589.1|A/cattle/Texas/24-008749-003/2024(H5N1)	1183	2020
HA|PP755589.1|A/cattle/Texas/24-008749-003/2024(H5N1)	1184	2016
HA|PP755589.1|A/cattle/Texas/24-008749-003/2024(H5N1)	1185	2016
HA|PP755589.1|A/cattle/Texas/24-008749-003/2024(H5N1)	1186	2015
HA|PP755589.1|A/cattle/Texas/24-008749-003/2024(H5N1)	1187	2015
HA|PP755589.1|A/cattle/Texas/24-008749-003/2024(H5N1)	1188	2026
HA|PP755589.1|A/cattle/Texas/24-008749-003/2024(H5N1)	1189	2034
HA|PP755589.1|A/cattle/Texas/24-008749-003/2024(H5N1)	1190	2030
HA|PP755589.1|A/cattle/Texas/24-008749-003/2024(H5N1)	1191	2028
HA|PP755589.1|A/cattle/Texas/24-008749-003/2024(H5N1)	1192	2037
HA|PP755589.1|A/cattle/Texas/24-008749-003/2024(H5N1)	1193	2070
HA|PP755589.1|A/cattle/Texas/24-008749-003/2024(H5N1)	1194	2074
HA|PP755589.1|A/cattle/Texas/24-008749-003/2024(H5N1)	1195	2073
HA|PP755589.1|A/cattle/Texas/24-008749-003/2024(H5N1)	1196	2078
HA|PP755589.1|A/cattle/Texas/24-008749-003/2024(H5N1)	1197	2073
HA|PP755589.1|A/cattle/Texas/24-008749-003/2024(H5N1)	1198	2090
HA|PP755589.1|A/cattle/Texas/24-008749-003/2024(H5N1)	1199	2091
HA|PP755589.1|A/cattle/Texas/24-008749-003/2024(H5N1)	1200	2091
HA|PP755589.1|A/cattle/Texas/24-008749-003/2024(H5N1)	1201	2091
HA|PP755589.1|A/cattle/Texas/24-008749-003/2024(H5N1)	1202	2087
HA|PP755589.1|A/cattle/Texas/24-008749-003/2024(H5N1)	1203	2095
HA|PP755589.1|A/cattle/Texas/24-008749-003/2024(H5N1)	1204	2090
HA|PP755589.1|A/cattle/Texas/24-008749-003/2024(H5N1)	1205	2095
HA|PP755589.1|A/cattle/Texas/24-008749-003/2024(H5N1)	1206	2100
HA|PP755589.1|A/cattle/Texas/24-008749-003/2024(H5N1)	1207	2096
HA|PP755589.1|A/cattle/Texas/24-008749-003/2024(H5N1)	1208	2102
HA|PP755589.1|A/cattle/Texas/24-008749-003/2024(H5N1)	1209	2112
HA|PP755589.1|A/cattle/Texas/24-008749-003/2024(H5N1)	1210	2110
HA|PP755589.1|A/cattle/Texas/24-008749-003/2024(H5N1)	1211	2112
HA|PP755589.1|A/cattle/Texas/24-008749-003/2024(H5N1)	1212	2113
HA|PP755589.1|A/cattle/Texas/24-008749-003/2024(H5N1)	1213	2117
HA|PP755589.1|A/cattle/Texas/24-008749-003/2024(H5N1)	1214	2118
HA|PP755589.1|A/cattle/Texas/24-008749-003/2024(H5N1)	1215	2121
HA|PP755589.1|A/cattle/Texas/24-008749-003/2024(H5N1)	1216	2126
HA|PP755589.1|A/cattle/Texas/24-008749-003/2024(H5N1)	1217	2136
HA|PP755589.1|A/cattle/Texas/24-008749-003/2024(H5N1)	1218	2134
HA|PP755589.1|A/cattle/Texas/24-008749-003/2024(H5N1)	1219	2147
HA|PP755589.1|A/cattle/Texas/24-008749-003/2024(H5N1)	1220	2147
HA|PP755589.1|A/cattle/Texas/24-008749-003/2024(H5N1)	1221	2169
HA|PP755589.1|A/cattle/Texas/24-008749-003/2024(H5N1)	1222	2174
HA|PP755589.1|A/cattle/Texas/24-008749-003/2024(H5N1)	1223	2177
HA|PP755589.1|A/cattle/Texas/24-008749-003/2024(H5N1)	1224	2201
HA|PP755589.1|A/cattle/Texas/24-008749-003/2024(H5N1)	1225	2202
HA|PP755589.1|A/cattle/Texas/24-008749-003/2024(H5N1)	1226	2201
HA|PP755589.1|A/cattle/Texas/24-008749-003/2024(H5N1)	1227	2201
HA|PP755589.1|A/cattle/Texas/24-008749-003/2024(H5N1)	1228	2212
HA|PP755589.1|A/cattle/Texas/24-008749-003/2024(H5N1)	1229	2222
HA|PP755589.1|A/cattle/Texas/24-008749-003/2024(H5N1)	1230	2222
HA|PP755589.1|A/cattle/Texas/24-008749-003/2024(H5N1)	1231	2264
HA|PP755589.1|A/cattle/Texas/24-008749-003/2024(H5N1)	1232	2276
HA|PP755589.1|A/cattle/Texas/24-008749-003/2024(H5N1)	1233	2280
HA|PP755589.1|A/cattle/Texas/24-008749-003/2024(H5N1)	1234	2283
HA|PP755589.1|A/cattle/Texas/24-008749-003/2024(H5N1)	1235	2287
HA|PP755589.1|A/cattle/Texas/24-008749-003/2024(H5N1)	1236	2320
HA|PP755589.1|A/cattle/Texas/24-008749-003/2024(H5N1)	1237	2321
HA|PP755589.1|A/cattle/Texas/24-008749-003/2024(H5N1)	1238	2322
HA|PP755589.1|A/cattle/Texas/24-008749-003/2024(H5N1)	1239	2349
HA|PP755589.1|A/cattle/Texas/24-008749-003/2024(H5N1)	1240	2378
HA|PP755589.1|A/cattle/Texas/24-008749-003/2024(H5N1)	1241	2356
HA|PP755589.1|A/cattle/Texas/24-008749-003/2024(H5N1)	1242	2381
HA|PP755589.1|A/cattle/Texas/24-008749-003/2024(H5N1)	1243	2389
HA|PP755589.1|A/cattle/Texas/24-008749-003/2024(H5N1)	1244	2393
HA|PP755589.1|A/cattle/Texas/24-008749-003/2024(H5N1)	1245	2418
HA|PP755589.1|A/cattle/Texas/24-008749-003/2024(H5N1)	1246	2430
HA|PP755589.1|A/cattle/Texas/24-008749-003/2024(H5N1)	1247	2432
HA|PP755589.1|A/cattle/Texas/24-008749-003/2024(H5N1)	1248	2432
HA|PP755589.1|A/cattle/Texas/24-008749-003/2024(H5N1)	1249	2432
HA|PP755589.1|A/cattle/Texas/24-008749-003/2024(H5N1)	1250	2446
HA|PP755589.1|A/cattle/Texas/24-008749-003/2024(H5N1)	1251	2485
HA|PP755589.1|A/cattle/Texas/24-008749-003/2024(H5N1)	1252	2492
HA|PP755589.1|A/cattle/Texas/24-008749-003/2024(H5N1)	1253	2494
HA|PP755589.1|A/cattle/Texas/24-008749-003/2024(H5N1)	1254	2491
HA|PP755589.1|A/cattle/Texas/24-008749-003/2024(H5N1)	1255	2499
HA|PP755589.1|A/cattle/Texas/24-008749-003/2024(H5N1)	1256	2502
HA|PP755589.1|A/cattle/Texas/24-008749-003/2024(H5N1)	1257	2517
HA|PP755589.1|A/cattle/Texas/24-008749-003/2024(H5N1)	1258	2513
HA|PP755589.1|A/cattle/Texas/24-008749-003/2024(H5N1)	1259	2518
HA|PP755589.1|A/cattle/Texas/24-008749-003/2024(H5N1)	1260	2547
HA|PP755589.1|A/cattle/Texas/24-008749-003/2024(H5N1)	1261	2536
HA|PP755589.1|A/cattle/Texas/24-008749-003/2024(H5N1)	1262	2554
HA|PP755589.1|A/cattle/Texas/24-008749-003/2024(H5N1)	1263	2578
HA|PP755589.1|A/cattle/Texas/24-008749-003/2024(H5N1)	1264	2625
HA|PP755589.1|A/cattle/Texas/24-008749-003/2024(H5N1)	1265	2629
HA|PP755589.1|A/cattle/Texas/24-008749-003/2024(H5N1)	1266	2626
HA|PP755589.1|A/cattle/Texas/24-008749-003/2024(H5N1)	1267	2627
HA|PP755589.1|A/cattle/Texas/24-008749-003/2024(H5N1)	1268	2639
HA|PP755589.1|A/cattle/Texas/24-008749-003/2024(H5N1)	1269	2644
HA|PP755589.1|A/cattle/Texas/24-008749-003/2024(H5N1)	1270	2665
HA|PP755589.1|A/cattle/Texas/24-008749-003/2024(H5N1)	1271	2666
HA|PP755589.1|A/cattle/Texas/24-008749-003/2024(H5N1)	1272	2663
HA|PP755589.1|A/cattle/Texas/24-008749-003/2024(H5N1)	1273	2685
HA|PP755589.1|A/cattle/Texas/24-008749-003/2024(H5N1)	1274	2684
HA|PP755589.1|A/cattle/Texas/24-008749-003/2024(H5N1)	1275	2686
HA|PP755589.1|A/cattle/Texas/24-008749-003/2024(H5N1)	1276	2737
HA|PP755589.1|A/cattle/Texas/24-008749-003/2024(H5N1)	1277	2737
HA|PP755589.1|A/cattle/Texas/24-008749-003/2024(H5N1)	1278	2754
HA|PP755589.1|A/cattle/Texas/24-008749-003/2024(H5N1)	1279	2752
HA|PP755589.1|A/cattle/Texas/24-008749-003/2024(H5N1)	1280	2758
HA|PP755589.1|A/cattle/Texas/24-008749-003/2024(H5N1)	1281	2761
HA|PP755589.1|A/cattle/Texas/24-008749-003/2024(H5N1)	1282	2763
HA|PP755589.1|A/cattle/Texas/24-008749-003/2024(H5N1)	1283	2778
HA|PP755589.1|A/cattle/Texas/24-008749-003/2024(H5N1)	1284	2778
HA|PP755589.1|A/cattle/Texas/24-008749-003/2024(H5N1)	1285	2785
HA|PP755589.1|A/cattle/Texas/24-008749-003/2024(H5N1)	1286	2787
HA|PP755589.1|A/cattle/Texas/24-008749-003/2024(H5N1)	1287	2786
HA|PP755589.1|A/cattle/Texas/24-008749-003/2024(H5N1)	1288	2787
HA|PP755589.1|A/cattle/Texas/24-008749-003/2024(H5N1)	1289	2784
HA|PP755589.1|A/cattle/Texas/24-008749-003/2024(H5N1)	1290	2778
HA|PP755589.1|A/cattle/Texas/24-008749-003/2024(H5N1)	1291	2780
HA|PP755589.1|A/cattle/Texas/24-008749-003/2024(H5N1)	1292	2788
HA|PP755589.1|A/cattle/Texas/24-008749-003/2024(H5N1)	1293	2790
HA|PP755589.1|A/cattle/Texas/24-008749-003/2024(H5N1)	1294	2790
HA|PP755589.1|A/cattle/Texas/24-008749-003/2024(H5N1)	1295	2821
HA|PP755589.1|A/cattle/Texas/24-008749-003/2024(H5N1)	1296	2823
HA|PP755589.1|A/cattle/Texas/24-008749-003/2024(H5N1)	1297	2822
HA|PP755589.1|A/cattle/Texas/24-008749-003/2024(H5N1)	1298	2836
HA|PP755589.1|A/cattle/Texas/24-008749-003/2024(H5N1)	1299	2836
HA|PP755589.1|A/cattle/Texas/24-008749-003/2024(H5N1)	1300	2840
HA|PP755589.1|A/cattle/Texas/24-008749-003/2024(H5N1)	1301	2840
HA|PP755589.1|A/cattle/Texas/24-008749-003/2024(H5N1)	1302	2839
HA|PP755589.1|A/cattle/Texas/24-008749-003/2024(H5N1)	1303	2839
HA|PP755589.1|A/cattle/Texas/24-008749-003/2024(H5N1)	1304	2840
HA|PP755589.1|A/cattle/Texas/24-008749-003/2024(H5N1)	1305	2852
HA|PP755589.1|A/cattle/Texas/24-008749-003/2024(H5N1)	1306	2859
HA|PP755589.1|A/cattle/Texas/24-008749-003/2024(H5N1)	1307	2856
HA|PP755589.1|A/cattle/Texas/24-008749-003/2024(H5N1)	1308	2776
HA|PP755589.1|A/cattle/Texas/24-008749-003/2024(H5N1)	1309	2781
HA|PP755589.1|A/cattle/Texas/24-008749-003/2024(H5N1)	1310	2781
HA|PP755589.1|A/cattle/Texas/24-008749-003/2024(H5N1)	1311	2804
HA|PP755589.1|A/cattle/Texas/24-008749-003/2024(H5N1)	1312	2802
HA|PP755589.1|A/cattle/Texas/24-008749-003/2024(H5N1)	1313	2822
HA|PP755589.1|A/cattle/Texas/24-008749-003/2024(H5N1)	1314	2827
HA|PP755589.1|A/cattle/Texas/24-008749-003/2024(H5N1)	1315	2815
HA|PP755589.1|A/cattle/Texas/24-008749-003/2024(H5N1)	1316	2838
HA|PP755589.1|A/cattle/Texas/24-008749-003/2024(H5N1)	1317	2847
HA|PP755589.1|A/cattle/Texas/24-008749-003/2024(H5N1)	1318	2852
HA|PP755589.1|A/cattle/Texas/24-008749-003/2024(H5N1)	1319	2868
HA|PP755589.1|A/cattle/Texas/24-008749-003/2024(H5N1)	1320	2836
HA|PP755589.1|A/cattle/Texas/24-008749-003/2024(H5N1)	1321	2832
HA|PP755589.1|A/cattle/Texas/24-008749-003/2024(H5N1)	1322	2815
HA|PP755589.1|A/cattle/Texas/24-008749-003/2024(H5N1)	1323	2780
HA|PP755589.1|A/cattle/Texas/24-008749-003/2024(H5N1)	1324	2788
HA|PP755589.1|A/cattle/Texas/24-008749-003/2024(H5N1)	1325	2788
HA|PP755589.1|A/cattle/Texas/24-008749-003/2024(H5N1)	1326	2779
HA|PP755589.1|A/cattle/Texas/24-008749-003/2024(H5N1)	1327	2763
HA|PP755589.1|A/cattle/Texas/24-008749-003/2024(H5N1)	1328	2723
HA|PP755589.1|A/cattle/Texas/24-008749-003/2024(H5N1)	1329	2722
HA|PP755589.1|A/cattle/Texas/24-008749-003/2024(H5N1)	1330	2731
HA|PP755589.1|A/cattle/Texas/24-008749-003/2024(H5N1)	1331	2731
HA|PP755589.1|A/cattle/Texas/24-008749-003/2024(H5N1)	1332	2730
HA|PP755589.1|A/cattle/Texas/24-008749-003/2024(H5N1)	1333	2730
HA|PP755589.1|A/cattle/Texas/24-008749-003/2024(H5N1)	1334	2797
HA|PP755589.1|A/cattle/Texas/24-008749-003/2024(H5N1)	1335	2800
HA|PP755589.1|A/cattle/Texas/24-008749-003/2024(H5N1)	1336	2789
HA|PP755589.1|A/cattle/Texas/24-008749-003/2024(H5N1)	1337	2784
HA|PP755589.1|A/cattle/Texas/24-008749-003/2024(H5N1)	1338	2798
HA|PP755589.1|A/cattle/Texas/24-008749-003/2024(H5N1)	1339	2798
HA|PP755589.1|A/cattle/Texas/24-008749-003/2024(H5N1)	1340	2806
HA|PP755589.1|A/cattle/Texas/24-008749-003/2024(H5N1)	1341	2806
HA|PP755589.1|A/cattle/Texas/24-008749-003/2024(H5N1)	1342	2820
HA|PP755589.1|A/cattle/Texas/24-008749-003/2024(H5N1)	1343	2842
HA|PP755589.1|A/cattle/Texas/24-008749-003/2024(H5N1)	1344	2874
HA|PP755589.1|A/cattle/Texas/24-008749-003/2024(H5N1)	1345	2860
HA|PP755589.1|A/cattle/Texas/24-008749-003/2024(H5N1)	1346	2859
HA|PP755589.1|A/cattle/Texas/24-008749-003/2024(H5N1)	1347	2857
HA|PP755589.1|A/cattle/Texas/24-008749-003/2024(H5N1)	1348	2858
HA|PP755589.1|A/cattle/Texas/24-008749-003/2024(H5N1)	1349	2854
HA|PP755589.1|A/cattle/Texas/24-008749-003/2024(H5N1)	1350	2853
HA|PP755589.1|A/cattle/Texas/24-008749-003/2024(H5N1)	1351	2847
HA|PP755589.1|A/cattle/Texas/24-008749-003/2024(H5N1)	1352	2855
HA|PP755589.1|A/cattle/Texas/24-008749-003/2024(H5N1)	1353	2860
HA|PP755589.1|A/cattle/Texas/24-008749-003/2024(H5N1)	1354	2861
HA|PP755589.1|A/cattle/Texas/24-008749-003/2024(H5N1)	1355	2897
HA|PP755589.1|A/cattle/Texas/24-008749-003/2024(H5N1)	1356	2889
HA|PP755589.1|A/cattle/Texas/24-008749-003/2024(H5N1)	1357	2893
HA|PP755589.1|A/cattle/Texas/24-008749-003/2024(H5N1)	1358	2896
HA|PP755589.1|A/cattle/Texas/24-008749-003/2024(H5N1)	1359	2900
HA|PP755589.1|A/cattle/Texas/24-008749-003/2024(H5N1)	1360	2904
HA|PP755589.1|A/cattle/Texas/24-008749-003/2024(H5N1)	1361	2913
HA|PP755589.1|A/cattle/Texas/24-008749-003/2024(H5N1)	1362	2901
HA|PP755589.1|A/cattle/Texas/24-008749-003/2024(H5N1)	1363	2897
HA|PP755589.1|A/cattle/Texas/24-008749-003/2024(H5N1)	1364	2857
HA|PP755589.1|A/cattle/Texas/24-008749-003/2024(H5N1)	1365	2602
HA|PP755589.1|A/cattle/Texas/24-008749-003/2024(H5N1)	1366	2423
HA|PP755589.1|A/cattle/Texas/24-008749-003/2024(H5N1)	1367	2422
HA|PP755589.1|A/cattle/Texas/24-008749-003/2024(H5N1)	1368	2416
HA|PP755589.1|A/cattle/Texas/24-008749-003/2024(H5N1)	1369	2419
HA|PP755589.1|A/cattle/Texas/24-008749-003/2024(H5N1)	1370	2430
HA|PP755589.1|A/cattle/Texas/24-008749-003/2024(H5N1)	1371	2375
HA|PP755589.1|A/cattle/Texas/24-008749-003/2024(H5N1)	1372	2371
HA|PP755589.1|A/cattle/Texas/24-008749-003/2024(H5N1)	1373	2326
HA|PP755589.1|A/cattle/Texas/24-008749-003/2024(H5N1)	1374	2322
HA|PP755589.1|A/cattle/Texas/24-008749-003/2024(H5N1)	1375	2326
HA|PP755589.1|A/cattle/Texas/24-008749-003/2024(H5N1)	1376	2297
HA|PP755589.1|A/cattle/Texas/24-008749-003/2024(H5N1)	1377	2296
HA|PP755589.1|A/cattle/Texas/24-008749-003/2024(H5N1)	1378	2307
HA|PP755589.1|A/cattle/Texas/24-008749-003/2024(H5N1)	1379	2320
HA|PP755589.1|A/cattle/Texas/24-008749-003/2024(H5N1)	1380	2311
HA|PP755589.1|A/cattle/Texas/24-008749-003/2024(H5N1)	1381	2311
HA|PP755589.1|A/cattle/Texas/24-008749-003/2024(H5N1)	1382	2301
HA|PP755589.1|A/cattle/Texas/24-008749-003/2024(H5N1)	1383	2280
HA|PP755589.1|A/cattle/Texas/24-008749-003/2024(H5N1)	1384	2274
HA|PP755589.1|A/cattle/Texas/24-008749-003/2024(H5N1)	1385	2282
HA|PP755589.1|A/cattle/Texas/24-008749-003/2024(H5N1)	1386	2300
HA|PP755589.1|A/cattle/Texas/24-008749-003/2024(H5N1)	1387	2297
HA|PP755589.1|A/cattle/Texas/24-008749-003/2024(H5N1)	1388	2283
HA|PP755589.1|A/cattle/Texas/24-008749-003/2024(H5N1)	1389	2286
HA|PP755589.1|A/cattle/Texas/24-008749-003/2024(H5N1)	1390	2297
HA|PP755589.1|A/cattle/Texas/24-008749-003/2024(H5N1)	1391	2304
HA|PP755589.1|A/cattle/Texas/24-008749-003/2024(H5N1)	1392	2300
HA|PP755589.1|A/cattle/Texas/24-008749-003/2024(H5N1)	1393	2300
HA|PP755589.1|A/cattle/Texas/24-008749-003/2024(H5N1)	1394	2306
HA|PP755589.1|A/cattle/Texas/24-008749-003/2024(H5N1)	1395	2304
HA|PP755589.1|A/cattle/Texas/24-008749-003/2024(H5N1)	1396	2309
HA|PP755589.1|A/cattle/Texas/24-008749-003/2024(H5N1)	1397	2301
HA|PP755589.1|A/cattle/Texas/24-008749-003/2024(H5N1)	1398	2304
HA|PP755589.1|A/cattle/Texas/24-008749-003/2024(H5N1)	1399	2313
HA|PP755589.1|A/cattle/Texas/24-008749-003/2024(H5N1)	1400	2311
HA|PP755589.1|A/cattle/Texas/24-008749-003/2024(H5N1)	1401	2303
HA|PP755589.1|A/cattle/Texas/24-008749-003/2024(H5N1)	1402	2303
HA|PP755589.1|A/cattle/Texas/24-008749-003/2024(H5N1)	1403	2319
HA|PP755589.1|A/cattle/Texas/24-008749-003/2024(H5N1)	1404	2329
HA|PP755589.1|A/cattle/Texas/24-008749-003/2024(H5N1)	1405	2335
HA|PP755589.1|A/cattle/Texas/24-008749-003/2024(H5N1)	1406	2342
HA|PP755589.1|A/cattle/Texas/24-008749-003/2024(H5N1)	1407	2338
HA|PP755589.1|A/cattle/Texas/24-008749-003/2024(H5N1)	1408	2321
HA|PP755589.1|A/cattle/Texas/24-008749-003/2024(H5N1)	1409	2303
HA|PP755589.1|A/cattle/Texas/24-008749-003/2024(H5N1)	1410	2339
HA|PP755589.1|A/cattle/Texas/24-008749-003/2024(H5N1)	1411	2371
HA|PP755589.1|A/cattle/Texas/24-008749-003/2024(H5N1)	1412	2372
HA|PP755589.1|A/cattle/Texas/24-008749-003/2024(H5N1)	1413	2406
HA|PP755589.1|A/cattle/Texas/24-008749-003/2024(H5N1)	1414	2389
HA|PP755589.1|A/cattle/Texas/24-008749-003/2024(H5N1)	1415	2385
HA|PP755589.1|A/cattle/Texas/24-008749-003/2024(H5N1)	1416	2414
HA|PP755589.1|A/cattle/Texas/24-008749-003/2024(H5N1)	1417	2413
HA|PP755589.1|A/cattle/Texas/24-008749-003/2024(H5N1)	1418	2411
HA|PP755589.1|A/cattle/Texas/24-008749-003/2024(H5N1)	1419	2354
HA|PP755589.1|A/cattle/Texas/24-008749-003/2024(H5N1)	1420	2311
HA|PP755589.1|A/cattle/Texas/24-008749-003/2024(H5N1)	1421	2341
HA|PP755589.1|A/cattle/Texas/24-008749-003/2024(H5N1)	1422	2337
HA|PP755589.1|A/cattle/Texas/24-008749-003/2024(H5N1)	1423	2340
HA|PP755589.1|A/cattle/Texas/24-008749-003/2024(H5N1)	1424	2348
HA|PP755589.1|A/cattle/Texas/24-008749-003/2024(H5N1)	1425	2346
HA|PP755589.1|A/cattle/Texas/24-008749-003/2024(H5N1)	1426	2330
HA|PP755589.1|A/cattle/Texas/24-008749-003/2024(H5N1)	1427	2328
HA|PP755589.1|A/cattle/Texas/24-008749-003/2024(H5N1)	1428	2320
HA|PP755589.1|A/cattle/Texas/24-008749-003/2024(H5N1)	1429	2337
HA|PP755589.1|A/cattle/Texas/24-008749-003/2024(H5N1)	1430	2284
HA|PP755589.1|A/cattle/Texas/24-008749-003/2024(H5N1)	1431	2284
HA|PP755589.1|A/cattle/Texas/24-008749-003/2024(H5N1)	1432	2248
HA|PP755589.1|A/cattle/Texas/24-008749-003/2024(H5N1)	1433	2242
HA|PP755589.1|A/cattle/Texas/24-008749-003/2024(H5N1)	1434	2257
HA|PP755589.1|A/cattle/Texas/24-008749-003/2024(H5N1)	1435	2348
HA|PP755589.1|A/cattle/Texas/24-008749-003/2024(H5N1)	1436	2347
HA|PP755589.1|A/cattle/Texas/24-008749-003/2024(H5N1)	1437	2363
HA|PP755589.1|A/cattle/Texas/24-008749-003/2024(H5N1)	1438	2350
HA|PP755589.1|A/cattle/Texas/24-008749-003/2024(H5N1)	1439	2357
HA|PP755589.1|A/cattle/Texas/24-008749-003/2024(H5N1)	1440	2356
HA|PP755589.1|A/cattle/Texas/24-008749-003/2024(H5N1)	1441	2356
HA|PP755589.1|A/cattle/Texas/24-008749-003/2024(H5N1)	1442	2353
HA|PP755589.1|A/cattle/Texas/24-008749-003/2024(H5N1)	1443	2314
HA|PP755589.1|A/cattle/Texas/24-008749-003/2024(H5N1)	1444	2320
HA|PP755589.1|A/cattle/Texas/24-008749-003/2024(H5N1)	1445	2325
HA|PP755589.1|A/cattle/Texas/24-008749-003/2024(H5N1)	1446	2326
HA|PP755589.1|A/cattle/Texas/24-008749-003/2024(H5N1)	1447	2333
HA|PP755589.1|A/cattle/Texas/24-008749-003/2024(H5N1)	1448	2334
HA|PP755589.1|A/cattle/Texas/24-008749-003/2024(H5N1)	1449	2325
HA|PP755589.1|A/cattle/Texas/24-008749-003/2024(H5N1)	1450	2329
HA|PP755589.1|A/cattle/Texas/24-008749-003/2024(H5N1)	1451	2330
HA|PP755589.1|A/cattle/Texas/24-008749-003/2024(H5N1)	1452	2332
HA|PP755589.1|A/cattle/Texas/24-008749-003/2024(H5N1)	1453	2333
HA|PP755589.1|A/cattle/Texas/24-008749-003/2024(H5N1)	1454	2318
HA|PP755589.1|A/cattle/Texas/24-008749-003/2024(H5N1)	1455	2326
HA|PP755589.1|A/cattle/Texas/24-008749-003/2024(H5N1)	1456	2324
HA|PP755589.1|A/cattle/Texas/24-008749-003/2024(H5N1)	1457	2333
HA|PP755589.1|A/cattle/Texas/24-008749-003/2024(H5N1)	1458	2336
HA|PP755589.1|A/cattle/Texas/24-008749-003/2024(H5N1)	1459	2333
HA|PP755589.1|A/cattle/Texas/24-008749-003/2024(H5N1)	1460	2335
HA|PP755589.1|A/cattle/Texas/24-008749-003/2024(H5N1)	1461	2342
HA|PP755589.1|A/cattle/Texas/24-008749-003/2024(H5N1)	1462	2335
HA|PP755589.1|A/cattle/Texas/24-008749-003/2024(H5N1)	1463	2334
HA|PP755589.1|A/cattle/Texas/24-008749-003/2024(H5N1)	1464	2335
HA|PP755589.1|A/cattle/Texas/24-008749-003/2024(H5N1)	1465	2338
HA|PP755589.1|A/cattle/Texas/24-008749-003/2024(H5N1)	1466	2344
HA|PP755589.1|A/cattle/Texas/24-008749-003/2024(H5N1)	1467	2337
HA|PP755589.1|A/cattle/Texas/24-008749-003/2024(H5N1)	1468	2335
HA|PP755589.1|A/cattle/Texas/24-008749-003/2024(H5N1)	1469	2336
HA|PP755589.1|A/cattle/Texas/24-008749-003/2024(H5N1)	1470	2335
HA|PP755589.1|A/cattle/Texas/24-008749-003/2024(H5N1)	1471	2344
HA|PP755589.1|A/cattle/Texas/24-008749-003/2024(H5N1)	1472	2331
HA|PP755589.1|A/cattle/Texas/24-008749-003/2024(H5N1)	1473	2326
HA|PP755589.1|A/cattle/Texas/24-008749-003/2024(H5N1)	1474	2325
HA|PP755589.1|A/cattle/Texas/24-008749-003/2024(H5N1)	1475	2310
HA|PP755589.1|A/cattle/Texas/24-008749-003/2024(H5N1)	1476	2320
HA|PP755589.1|A/cattle/Texas/24-008749-003/2024(H5N1)	1477	2326
HA|PP755589.1|A/cattle/Texas/24-008749-003/2024(H5N1)	1478	2331
HA|PP755589.1|A/cattle/Texas/24-008749-003/2024(H5N1)	1479	2347
HA|PP755589.1|A/cattle/Texas/24-008749-003/2024(H5N1)	1480	2346
HA|PP755589.1|A/cattle/Texas/24-008749-003/2024(H5N1)	1481	2340
HA|PP755589.1|A/cattle/Texas/24-008749-003/2024(H5N1)	1482	2309
HA|PP755589.1|A/cattle/Texas/24-008749-003/2024(H5N1)	1483	2309
HA|PP755589.1|A/cattle/Texas/24-008749-003/2024(H5N1)	1484	2308
HA|PP755589.1|A/cattle/Texas/24-008749-003/2024(H5N1)	1485	2302
HA|PP755589.1|A/cattle/Texas/24-008749-003/2024(H5N1)	1486	2249
HA|PP755589.1|A/cattle/Texas/24-008749-003/2024(H5N1)	1487	2270
HA|PP755589.1|A/cattle/Texas/24-008749-003/2024(H5N1)	1488	2245
HA|PP755589.1|A/cattle/Texas/24-008749-003/2024(H5N1)	1489	2249
HA|PP755589.1|A/cattle/Texas/24-008749-003/2024(H5N1)	1490	2242
HA|PP755589.1|A/cattle/Texas/24-008749-003/2024(H5N1)	1491	2226
HA|PP755589.1|A/cattle/Texas/24-008749-003/2024(H5N1)	1492	2219
HA|PP755589.1|A/cattle/Texas/24-008749-003/2024(H5N1)	1493	2205
HA|PP755589.1|A/cattle/Texas/24-008749-003/2024(H5N1)	1494	2230
HA|PP755589.1|A/cattle/Texas/24-008749-003/2024(H5N1)	1495	2225
HA|PP755589.1|A/cattle/Texas/24-008749-003/2024(H5N1)	1496	2192
HA|PP755589.1|A/cattle/Texas/24-008749-003/2024(H5N1)	1497	2267
HA|PP755589.1|A/cattle/Texas/24-008749-003/2024(H5N1)	1498	2261
HA|PP755589.1|A/cattle/Texas/24-008749-003/2024(H5N1)	1499	2264
HA|PP755589.1|A/cattle/Texas/24-008749-003/2024(H5N1)	1500	2277
HA|PP755589.1|A/cattle/Texas/24-008749-003/2024(H5N1)	1501	2281
HA|PP755589.1|A/cattle/Texas/24-008749-003/2024(H5N1)	1502	2267
HA|PP755589.1|A/cattle/Texas/24-008749-003/2024(H5N1)	1503	2271
HA|PP755589.1|A/cattle/Texas/24-008749-003/2024(H5N1)	1504	2274
HA|PP755589.1|A/cattle/Texas/24-008749-003/2024(H5N1)	1505	2276
HA|PP755589.1|A/cattle/Texas/24-008749-003/2024(H5N1)	1506	2294
HA|PP755589.1|A/cattle/Texas/24-008749-003/2024(H5N1)	1507	2487
HA|PP755589.1|A/cattle/Texas/24-008749-003/2024(H5N1)	1508	2482
HA|PP755589.1|A/cattle/Texas/24-008749-003/2024(H5N1)	1509	2479
HA|PP755589.1|A/cattle/Texas/24-008749-003/2024(H5N1)	1510	2442
HA|PP755589.1|A/cattle/Texas/24-008749-003/2024(H5N1)	1511	2452
HA|PP755589.1|A/cattle/Texas/24-008749-003/2024(H5N1)	1512	2423
HA|PP755589.1|A/cattle/Texas/24-008749-003/2024(H5N1)	1513	2415
HA|PP755589.1|A/cattle/Texas/24-008749-003/2024(H5N1)	1514	2404
HA|PP755589.1|A/cattle/Texas/24-008749-003/2024(H5N1)	1515	2352
HA|PP755589.1|A/cattle/Texas/24-008749-003/2024(H5N1)	1516	2351
HA|PP755589.1|A/cattle/Texas/24-008749-003/2024(H5N1)	1517	2337
HA|PP755589.1|A/cattle/Texas/24-008749-003/2024(H5N1)	1518	2350
HA|PP755589.1|A/cattle/Texas/24-008749-003/2024(H5N1)	1519	2347
HA|PP755589.1|A/cattle/Texas/24-008749-003/2024(H5N1)	1520	2338
HA|PP755589.1|A/cattle/Texas/24-008749-003/2024(H5N1)	1521	2325
HA|PP755589.1|A/cattle/Texas/24-008749-003/2024(H5N1)	1522	2296
HA|PP755589.1|A/cattle/Texas/24-008749-003/2024(H5N1)	1523	2294
HA|PP755589.1|A/cattle/Texas/24-008749-003/2024(H5N1)	1524	2264
HA|PP755589.1|A/cattle/Texas/24-008749-003/2024(H5N1)	1525	2265
HA|PP755589.1|A/cattle/Texas/24-008749-003/2024(H5N1)	1526	2254
HA|PP755589.1|A/cattle/Texas/24-008749-003/2024(H5N1)	1527	2182
HA|PP755589.1|A/cattle/Texas/24-008749-003/2024(H5N1)	1528	2182
HA|PP755589.1|A/cattle/Texas/24-008749-003/2024(H5N1)	1529	2159
HA|PP755589.1|A/cattle/Texas/24-008749-003/2024(H5N1)	1530	2157
HA|PP755589.1|A/cattle/Texas/24-008749-003/2024(H5N1)	1531	2154
HA|PP755589.1|A/cattle/Texas/24-008749-003/2024(H5N1)	1532	2150
HA|PP755589.1|A/cattle/Texas/24-008749-003/2024(H5N1)	1533	2149
HA|PP755589.1|A/cattle/Texas/24-008749-003/2024(H5N1)	1534	2134
HA|PP755589.1|A/cattle/Texas/24-008749-003/2024(H5N1)	1535	2134
HA|PP755589.1|A/cattle/Texas/24-008749-003/2024(H5N1)	1536	2132
HA|PP755589.1|A/cattle/Texas/24-008749-003/2024(H5N1)	1537	2130
HA|PP755589.1|A/cattle/Texas/24-008749-003/2024(H5N1)	1538	2124
HA|PP755589.1|A/cattle/Texas/24-008749-003/2024(H5N1)	1539	2122
HA|PP755589.1|A/cattle/Texas/24-008749-003/2024(H5N1)	1540	2124
HA|PP755589.1|A/cattle/Texas/24-008749-003/2024(H5N1)	1541	2123
HA|PP755589.1|A/cattle/Texas/24-008749-003/2024(H5N1)	1542	2123
HA|PP755589.1|A/cattle/Texas/24-008749-003/2024(H5N1)	1543	2108
HA|PP755589.1|A/cattle/Texas/24-008749-003/2024(H5N1)	1544	2106
HA|PP755589.1|A/cattle/Texas/24-008749-003/2024(H5N1)	1545	2080
HA|PP755589.1|A/cattle/Texas/24-008749-003/2024(H5N1)	1546	2075
HA|PP755589.1|A/cattle/Texas/24-008749-003/2024(H5N1)	1547	2073
HA|PP755589.1|A/cattle/Texas/24-008749-003/2024(H5N1)	1548	2061
HA|PP755589.1|A/cattle/Texas/24-008749-003/2024(H5N1)	1549	2050
HA|PP755589.1|A/cattle/Texas/24-008749-003/2024(H5N1)	1550	2039
HA|PP755589.1|A/cattle/Texas/24-008749-003/2024(H5N1)	1551	2034
HA|PP755589.1|A/cattle/Texas/24-008749-003/2024(H5N1)	1552	2033
HA|PP755589.1|A/cattle/Texas/24-008749-003/2024(H5N1)	1553	2021
HA|PP755589.1|A/cattle/Texas/24-008749-003/2024(H5N1)	1554	2020
HA|PP755589.1|A/cattle/Texas/24-008749-003/2024(H5N1)	1555	2016
HA|PP755589.1|A/cattle/Texas/24-008749-003/2024(H5N1)	1556	2003
HA|PP755589.1|A/cattle/Texas/24-008749-003/2024(H5N1)	1557	1989
HA|PP755589.1|A/cattle/Texas/24-008749-003/2024(H5N1)	1558	1974
HA|PP755589.1|A/cattle/Texas/24-008749-003/2024(H5N1)	1559	1972
HA|PP755589.1|A/cattle/Texas/24-008749-003/2024(H5N1)	1560	1963
HA|PP755589.1|A/cattle/Texas/24-008749-003/2024(H5N1)	1561	1959
HA|PP755589.1|A/cattle/Texas/24-008749-003/2024(H5N1)	1562	1940
HA|PP755589.1|A/cattle/Texas/24-008749-003/2024(H5N1)	1563	1935
HA|PP755589.1|A/cattle/Texas/24-008749-003/2024(H5N1)	1564	1925
HA|PP755589.1|A/cattle/Texas/24-008749-003/2024(H5N1)	1565	1898
HA|PP755589.1|A/cattle/Texas/24-008749-003/2024(H5N1)	1566	1897
HA|PP755589.1|A/cattle/Texas/24-008749-003/2024(H5N1)	1567	1884
HA|PP755589.1|A/cattle/Texas/24-008749-003/2024(H5N1)	1568	1875
HA|PP755589.1|A/cattle/Texas/24-008749-003/2024(H5N1)	1569	1867
HA|PP755589.1|A/cattle/Texas/24-008749-003/2024(H5N1)	1570	1855
HA|PP755589.1|A/cattle/Texas/24-008749-003/2024(H5N1)	1571	1849
HA|PP755589.1|A/cattle/Texas/24-008749-003/2024(H5N1)	1572	1846
HA|PP755589.1|A/cattle/Texas/24-008749-003/2024(H5N1)	1573	1834
HA|PP755589.1|A/cattle/Texas/24-008749-003/2024(H5N1)	1574	1835
HA|PP755589.1|A/cattle/Texas/24-008749-003/2024(H5N1)	1575	1815
HA|PP755589.1|A/cattle/Texas/24-008749-003/2024(H5N1)	1576	1817
HA|PP755589.1|A/cattle/Texas/24-008749-003/2024(H5N1)	1577	1816
HA|PP755589.1|A/cattle/Texas/24-008749-003/2024(H5N1)	1578	1810
HA|PP755589.1|A/cattle/Texas/24-008749-003/2024(H5N1)	1579	1807
HA|PP755589.1|A/cattle/Texas/24-008749-003/2024(H5N1)	1580	1806
HA|PP755589.1|A/cattle/Texas/24-008749-003/2024(H5N1)	1581	1783
HA|PP755589.1|A/cattle/Texas/24-008749-003/2024(H5N1)	1582	1783
HA|PP755589.1|A/cattle/Texas/24-008749-003/2024(H5N1)	1583	1777
HA|PP755589.1|A/cattle/Texas/24-008749-003/2024(H5N1)	1584	1697
HA|PP755589.1|A/cattle/Texas/24-008749-003/2024(H5N1)	1585	1697
HA|PP755589.1|A/cattle/Texas/24-008749-003/2024(H5N1)	1586	1698
HA|PP755589.1|A/cattle/Texas/24-008749-003/2024(H5N1)	1587	1696
HA|PP755589.1|A/cattle/Texas/24-008749-003/2024(H5N1)	1588	1694
HA|PP755589.1|A/cattle/Texas/24-008749-003/2024(H5N1)	1589	1663
HA|PP755589.1|A/cattle/Texas/24-008749-003/2024(H5N1)	1590	1663
HA|PP755589.1|A/cattle/Texas/24-008749-003/2024(H5N1)	1591	1656
HA|PP755589.1|A/cattle/Texas/24-008749-003/2024(H5N1)	1592	1651
HA|PP755589.1|A/cattle/Texas/24-008749-003/2024(H5N1)	1593	1631
HA|PP755589.1|A/cattle/Texas/24-008749-003/2024(H5N1)	1594	1610
HA|PP755589.1|A/cattle/Texas/24-008749-003/2024(H5N1)	1595	1574
HA|PP755589.1|A/cattle/Texas/24-008749-003/2024(H5N1)	1596	1576
HA|PP755589.1|A/cattle/Texas/24-008749-003/2024(H5N1)	1597	1576
HA|PP755589.1|A/cattle/Texas/24-008749-003/2024(H5N1)	1598	1575
HA|PP755589.1|A/cattle/Texas/24-008749-003/2024(H5N1)	1599	1567
HA|PP755589.1|A/cattle/Texas/24-008749-003/2024(H5N1)	1600	1562
HA|PP755589.1|A/cattle/Texas/24-008749-003/2024(H5N1)	1601	1562
HA|PP755589.1|A/cattle/Texas/24-008749-003/2024(H5N1)	1602	1562
HA|PP755589.1|A/cattle/Texas/24-008749-003/2024(H5N1)	1603	1545
HA|PP755589.1|A/cattle/Texas/24-008749-003/2024(H5N1)	1604	1536
HA|PP755589.1|A/cattle/Texas/24-008749-003/2024(H5N1)	1605	1533
HA|PP755589.1|A/cattle/Texas/24-008749-003/2024(H5N1)	1606	1515
HA|PP755589.1|A/cattle/Texas/24-008749-003/2024(H5N1)	1607	1513
HA|PP755589.1|A/cattle/Texas/24-008749-003/2024(H5N1)	1608	1507
HA|PP755589.1|A/cattle/Texas/24-008749-003/2024(H5N1)	1609	1504
HA|PP755589.1|A/cattle/Texas/24-008749-003/2024(H5N1)	1610	1502
HA|PP755589.1|A/cattle/Texas/24-008749-003/2024(H5N1)	1611	1475
HA|PP755589.1|A/cattle/Texas/24-008749-003/2024(H5N1)	1612	1475
HA|PP755589.1|A/cattle/Texas/24-008749-003/2024(H5N1)	1613	1472
HA|PP755589.1|A/cattle/Texas/24-008749-003/2024(H5N1)	1614	1476
HA|PP755589.1|A/cattle/Texas/24-008749-003/2024(H5N1)	1615	1476
HA|PP755589.1|A/cattle/Texas/24-008749-003/2024(H5N1)	1616	1471
HA|PP755589.1|A/cattle/Texas/24-008749-003/2024(H5N1)	1617	1469
HA|PP755589.1|A/cattle/Texas/24-008749-003/2024(H5N1)	1618	1469
HA|PP755589.1|A/cattle/Texas/24-008749-003/2024(H5N1)	1619	1465
HA|PP755589.1|A/cattle/Texas/24-008749-003/2024(H5N1)	1620	1464
HA|PP755589.1|A/cattle/Texas/24-008749-003/2024(H5N1)	1621	1452
HA|PP755589.1|A/cattle/Texas/24-008749-003/2024(H5N1)	1622	1454
HA|PP755589.1|A/cattle/Texas/24-008749-003/2024(H5N1)	1623	1450
HA|PP755589.1|A/cattle/Texas/24-008749-003/2024(H5N1)	1624	1448
HA|PP755589.1|A/cattle/Texas/24-008749-003/2024(H5N1)	1625	1448
HA|PP755589.1|A/cattle/Texas/24-008749-003/2024(H5N1)	1626	1443
HA|PP755589.1|A/cattle/Texas/24-008749-003/2024(H5N1)	1627	1443
HA|PP755589.1|A/cattle/Texas/24-008749-003/2024(H5N1)	1628	1417
HA|PP755589.1|A/cattle/Texas/24-008749-003/2024(H5N1)	1629	1373
HA|PP755589.1|A/cattle/Texas/24-008749-003/2024(H5N1)	1630	1365
HA|PP755589.1|A/cattle/Texas/24-008749-003/2024(H5N1)	1631	1321
HA|PP755589.1|A/cattle/Texas/24-008749-003/2024(H5N1)	1632	1320
HA|PP755589.1|A/cattle/Texas/24-008749-003/2024(H5N1)	1633	1320
HA|PP755589.1|A/cattle/Texas/24-008749-003/2024(H5N1)	1634	1320
HA|PP755589.1|A/cattle/Texas/24-008749-003/2024(H5N1)	1635	1315
HA|PP755589.1|A/cattle/Texas/24-008749-003/2024(H5N1)	1636	1298
HA|PP755589.1|A/cattle/Texas/24-008749-003/2024(H5N1)	1637	1287
HA|PP755589.1|A/cattle/Texas/24-008749-003/2024(H5N1)	1638	1275
HA|PP755589.1|A/cattle/Texas/24-008749-003/2024(H5N1)	1639	1273
HA|PP755589.1|A/cattle/Texas/24-008749-003/2024(H5N1)	1640	1270
HA|PP755589.1|A/cattle/Texas/24-008749-003/2024(H5N1)	1641	1252
HA|PP755589.1|A/cattle/Texas/24-008749-003/2024(H5N1)	1642	1243
HA|PP755589.1|A/cattle/Texas/24-008749-003/2024(H5N1)	1643	1235
HA|PP755589.1|A/cattle/Texas/24-008749-003/2024(H5N1)	1644	1228
HA|PP755589.1|A/cattle/Texas/24-008749-003/2024(H5N1)	1645	1224
HA|PP755589.1|A/cattle/Texas/24-008749-003/2024(H5N1)	1646	1215
HA|PP755589.1|A/cattle/Texas/24-008749-003/2024(H5N1)	1647	1160
HA|PP755589.1|A/cattle/Texas/24-008749-003/2024(H5N1)	1648	1162
HA|PP755589.1|A/cattle/Texas/24-008749-003/2024(H5N1)	1649	1164
HA|PP755589.1|A/cattle/Texas/24-008749-003/2024(H5N1)	1650	1159
HA|PP755589.1|A/cattle/Texas/24-008749-003/2024(H5N1)	1651	1154
HA|PP755589.1|A/cattle/Texas/24-008749-003/2024(H5N1)	1652	1148
HA|PP755589.1|A/cattle/Texas/24-008749-003/2024(H5N1)	1653	1143
HA|PP755589.1|A/cattle/Texas/24-008749-003/2024(H5N1)	1654	1136
HA|PP755589.1|A/cattle/Texas/24-008749-003/2024(H5N1)	1655	1134
HA|PP755589.1|A/cattle/Texas/24-008749-003/2024(H5N1)	1656	1127
HA|PP755589.1|A/cattle/Texas/24-008749-003/2024(H5N1)	1657	1099
HA|PP755589.1|A/cattle/Texas/24-008749-003/2024(H5N1)	1658	1066
HA|PP755589.1|A/cattle/Texas/24-008749-003/2024(H5N1)	1659	1066
HA|PP755589.1|A/cattle/Texas/24-008749-003/2024(H5N1)	1660	1064
HA|PP755589.1|A/cattle/Texas/24-008749-003/2024(H5N1)	1661	1048
HA|PP755589.1|A/cattle/Texas/24-008749-003/2024(H5N1)	1662	1010
HA|PP755589.1|A/cattle/Texas/24-008749-003/2024(H5N1)	1663	990
HA|PP755589.1|A/cattle/Texas/24-008749-003/2024(H5N1)	1664	931
HA|PP755589.1|A/cattle/Texas/24-008749-003/2024(H5N1)	1665	931
HA|PP755589.1|A/cattle/Texas/24-008749-003/2024(H5N1)	1666	885
HA|PP755589.1|A/cattle/Texas/24-008749-003/2024(H5N1)	1667	879
HA|PP755589.1|A/cattle/Texas/24-008749-003/2024(H5N1)	1668	878
HA|PP755589.1|A/cattle/Texas/24-008749-003/2024(H5N1)	1669	878
HA|PP755589.1|A/cattle/Texas/24-008749-003/2024(H5N1)	1670	876
HA|PP755589.1|A/cattle/Texas/24-008749-003/2024(H5N1)	1671	838
HA|PP755589.1|A/cattle/Texas/24-008749-003/2024(H5N1)	1672	833
HA|PP755589.1|A/cattle/Texas/24-008749-003/2024(H5N1)	1673	833
HA|PP755589.1|A/cattle/Texas/24-008749-003/2024(H5N1)	1674	809
HA|PP755589.1|A/cattle/Texas/24-008749-003/2024(H5N1)	1675	802
HA|PP755589.1|A/cattle/Texas/24-008749-003/2024(H5N1)	1676	774
HA|PP755589.1|A/cattle/Texas/24-008749-003/2024(H5N1)	1677	769
HA|PP755589.1|A/cattle/Texas/24-008749-003/2024(H5N1)	1678	767
HA|PP755589.1|A/cattle/Texas/24-008749-003/2024(H5N1)	1679	744
HA|PP755589.1|A/cattle/Texas/24-008749-003/2024(H5N1)	1680	742
HA|PP755589.1|A/cattle/Texas/24-008749-003/2024(H5N1)	1681	739
HA|PP755589.1|A/cattle/Texas/24-008749-003/2024(H5N1)	1682	738
HA|PP755589.1|A/cattle/Texas/24-008749-003/2024(H5N1)	1683	736
HA|PP755589.1|A/cattle/Texas/24-008749-003/2024(H5N1)	1684	734
HA|PP755589.1|A/cattle/Texas/24-008749-003/2024(H5N1)	1685	592
HA|PP755589.1|A/cattle/Texas/24-008749-003/2024(H5N1)	1686	592
HA|PP755589.1|A/cattle/Texas/24-008749-003/2024(H5N1)	1687	566
HA|PP755589.1|A/cattle/Texas/24-008749-003/2024(H5N1)	1688	565
HA|PP755589.1|A/cattle/Texas/24-008749-003/2024(H5N1)	1689	565
HA|PP755589.1|A/cattle/Texas/24-008749-003/2024(H5N1)	1690	521
HA|PP755589.1|A/cattle/Texas/24-008749-003/2024(H5N1)	1691	521
HA|PP755589.1|A/cattle/Texas/24-008749-003/2024(H5N1)	1692	521
HA|PP755589.1|A/cattle/Texas/24-008749-003/2024(H5N1)	1693	519
HA|PP755589.1|A/cattle/Texas/24-008749-003/2024(H5N1)	1694	516
HA|PP755589.1|A/cattle/Texas/24-008749-003/2024(H5N1)	1695	468
HA|PP755589.1|A/cattle/Texas/24-008749-003/2024(H5N1)	1696	466
HA|PP755589.1|A/cattle/Texas/24-008749-003/2024(H5N1)	1697	465
HA|PP755589.1|A/cattle/Texas/24-008749-003/2024(H5N1)	1698	463
HA|PP755589.1|A/cattle/Texas/24-008749-003/2024(H5N1)	1699	462
HA|PP755589.1|A/cattle/Texas/24-008749-003/2024(H5N1)	1700	455
HA|PP755589.1|A/cattle/Texas/24-008749-003/2024(H5N1)	1701	452
HA|PP755589.1|A/cattle/Texas/24-008749-003/2024(H5N1)	1702	452
HA|PP755589.1|A/cattle/Texas/24-008749-003/2024(H5N1)	1703	450
HA|PP755589.1|A/cattle/Texas/24-008749-003/2024(H5N1)	1704	447
