NS|PP755593.1|A/cattle/Texas/24-008749-003/2024(H5N1)	1	5750
NS|PP755593.1|A/cattle/Texas/24-008749-003/2024(H5N1)	2	5764
NS|PP755593.1|A/cattle/Texas/24-008749-003/2024(H5N1)	3	5919
NS|PP755593.1|A/cattle/Texas/24-008749-003/2024(H5N1)	4	6079
NS|PP755593.1|A/cattle/Texas/24-008749-003/2024(H5N1)	5	6308
NS|PP755593.1|A/cattle/Texas/24-008749-003/2024(H5N1)	6	9140
NS|PP755593.1|A/cattle/Texas/24-008749-003/2024(H5N1)	7	9158
NS|PP755593.1|A/cattle/Texas/24-008749-003/2024(H5N1)	8	9299
NS|PP755593.1|A/cattle/Texas/24-008749-003/2024(H5N1)	9	9333
NS|PP755593.1|A/cattle/Texas/24-008749-003/2024(H5N1)	10	9337
NS|PP755593.1|A/cattle/Texas/24-008749-003/2024(H5N1)	11	9486
NS|PP755593.1|A/cattle/Texas/24-008749-003/2024(H5N1)	12	9517
NS|PP755593.1|A/cattle/Texas/24-008749-003/2024(H5N1)	13	9539
NS|PP755593.1|A/cattle/Texas/24-008749-003/2024(H5N1)	14	9619
NS|PP755593.1|A/cattle/Texas/24-008749-003/2024(H5N1)	15	9627
NS|PP755593.1|A/cattle/Texas/24-008749-003/2024(H5N1)	16	10327
NS|PP755593.1|A/cattle/Texas/24-008749-003/2024(H5N1)	17	10339
NS|PP755593.1|A/cattle/Texas/24-008749-003/2024(H5N1)	18	10431
NS|PP755593.1|A/cattle/Texas/24-008749-003/2024(H5N1)	19	10463
NS|PP755593.1|A/cattle/Texas/24-008749-003/2024(H5N1)	20	10473
NS|PP755593.1|A/cattle/Texas/24-008749-003/2024(H5N1)	21	10487
NS|PP755593.1|A/cattle/Texas/24-008749-003/2024(H5N1)	22	10494
NS|PP755593.1|A/cattle/Texas/24-008749-003/2024(H5N1)	23	10654
NS|PP755593.1|A/cattle/Texas/24-008749-003/2024(H5N1)	24	11171
NS|PP755593.1|A/cattle/Texas/24-008749-003/2024(H5N1)	25	11177
NS|PP755593.1|A/cattle/Texas/24-008749-003/2024(H5N1)	26	11309
NS|PP755593.1|A/cattle/Texas/24-008749-003/2024(H5N1)	27	11340
NS|PP755593.1|A/cattle/Texas/24-008749-003/2024(H5N1)	28	11649
NS|PP755593.1|A/cattle/Texas/24-008749-003/2024(H5N1)	29	11653
NS|PP755593.1|A/cattle/Texas/24-008749-003/2024(H5N1)	30	11703
NS|PP755593.1|A/cattle/Texas/24-008749-003/2024(H5N1)	31	11742
NS|PP755593.1|A/cattle/Texas/24-008749-003/2024(H5N1)	32	11803
NS|PP755593.1|A/cattle/Texas/24-008749-003/2024(H5N1)	33	11831
NS|PP755593.1|A/cattle/Texas/24-008749-003/2024(H5N1)	34	11878
NS|PP755593.1|A/cattle/Texas/24-008749-003/2024(H5N1)	35	11925
NS|PP755593.1|A/cattle/Texas/24-008749-003/2024(H5N1)	36	12010
NS|PP755593.1|A/cattle/Texas/24-008749-003/2024(H5N1)	37	12013
NS|PP755593.1|A/cattle/Texas/24-008749-003/2024(H5N1)	38	12237
NS|PP755593.1|A/cattle/Texas/24-008749-003/2024(H5N1)	39	12489
NS|PP755593.1|A/cattle/Texas/24-008749-003/2024(H5N1)	40	12486
NS|PP755593.1|A/cattle/Texas/24-008749-003/2024(H5N1)	41	12708
NS|PP755593.1|A/cattle/Texas/24-008749-003/2024(H5N1)	42	12829
NS|PP755593.1|A/cattle/Texas/24-008749-003/2024(H5N1)	43	12925
NS|PP755593.1|A/cattle/Texas/24-008749-003/2024(H5N1)	44	12958
NS|PP755593.1|A/cattle/Texas/24-008749-003/2024(H5N1)	45	12947
NS|PP755593.1|A/cattle/Texas/24-008749-003/2024(H5N1)	46	12979
NS|PP755593.1|A/cattle/Texas/24-008749-003/2024(H5N1)	47	12987
NS|PP755593.1|A/cattle/Texas/24-008749-003/2024(H5N1)	48	12996
NS|PP755593.1|A/cattle/Texas/24-008749-003/2024(H5N1)	49	13100
NS|PP755593.1|A/cattle/Texas/24-008749-003/2024(H5N1)	50	13101
NS|PP755593.1|A/cattle/Texas/24-008749-003/2024(H5N1)	51	13188
NS|PP755593.1|A/cattle/Texas/24-008749-003/2024(H5N1)	52	13361
NS|PP755593.1|A/cattle/Texas/24-008749-003/2024(H5N1)	53	13602
NS|PP755593.1|A/cattle/Texas/24-008749-003/2024(H5N1)	54	13666
NS|PP755593.1|A/cattle/Texas/24-008749-003/2024(H5N1)	55	13677
NS|PP755593.1|A/cattle/Texas/24-008749-003/2024(H5N1)	56	13675
NS|PP755593.1|A/cattle/Texas/24-008749-003/2024(H5N1)	57	13701
NS|PP755593.1|A/cattle/Texas/24-008749-003/2024(H5N1)	58	13803
NS|PP755593.1|A/cattle/Texas/24-008749-003/2024(H5N1)	59	13844
NS|PP755593.1|A/cattle/Texas/24-008749-003/2024(H5N1)	60	13864
NS|PP755593.1|A/cattle/Texas/24-008749-003/2024(H5N1)	61	13958
NS|PP755593.1|A/cattle/Texas/24-008749-003/2024(H5N1)	62	13966
NS|PP755593.1|A/cattle/Texas/24-008749-003/2024(H5N1)	63	14290
NS|PP755593.1|A/cattle/Texas/24-008749-003/2024(H5N1)	64	14624
NS|PP755593.1|A/cattle/Texas/24-008749-003/2024(H5N1)	65	14728
NS|PP755593.1|A/cattle/Texas/24-008749-003/2024(H5N1)	66	14730
NS|PP755593.1|A/cattle/Texas/24-008749-003/2024(H5N1)	67	14732
NS|PP755593.1|A/cattle/Texas/24-008749-003/2024(H5N1)	68	14751
NS|PP755593.1|A/cattle/Texas/24-008749-003/2024(H5N1)	69	14727
NS|PP755593.1|A/cattle/Texas/24-008749-003/2024(H5N1)	70	14910
NS|PP755593.1|A/cattle/Texas/24-008749-003/2024(H5N1)	71	15373
NS|PP755593.1|A/cattle/Texas/24-008749-003/2024(H5N1)	72	15497
NS|PP755593.1|A/cattle/Texas/24-008749-003/2024(H5N1)	73	15504
NS|PP755593.1|A/cattle/Texas/24-008749-003/2024(H5N1)	74	15500
NS|PP755593.1|A/cattle/Texas/24-008749-003/2024(H5N1)	75	15556
NS|PP755593.1|A/cattle/Texas/24-008749-003/2024(H5N1)	76	16082
NS|PP755593.1|A/cattle/Texas/24-008749-003/2024(H5N1)	77	16238
NS|PP755593.1|A/cattle/Texas/24-008749-003/2024(H5N1)	78	16282
NS|PP755593.1|A/cattle/Texas/24-008749-003/2024(H5N1)	79	16298
NS|PP755593.1|A/cattle/Texas/24-008749-003/2024(H5N1)	80	16222
NS|PP755593.1|A/cattle/Texas/24-008749-003/2024(H5N1)	81	16369
NS|PP755593.1|A/cattle/Texas/24-008749-003/2024(H5N1)	82	16458
NS|PP755593.1|A/cattle/Texas/24-008749-003/2024(H5N1)	83	16637
NS|PP755593.1|A/cattle/Texas/24-008749-003/2024(H5N1)	84	16629
NS|PP755593.1|A/cattle/Texas/24-008749-003/2024(H5N1)	85	16559
NS|PP755593.1|A/cattle/Texas/24-008749-003/2024(H5N1)	86	16632
NS|PP755593.1|A/cattle/Texas/24-008749-003/2024(H5N1)	87	16652
NS|PP755593.1|A/cattle/Texas/24-008749-003/2024(H5N1)	88	16864
NS|PP755593.1|A/cattle/Texas/24-008749-003/2024(H5N1)	89	17086
NS|PP755593.1|A/cattle/Texas/24-008749-003/2024(H5N1)	90	17127
NS|PP755593.1|A/cattle/Texas/24-008749-003/2024(H5N1)	91	17151
NS|PP755593.1|A/cattle/Texas/24-008749-003/2024(H5N1)	92	17121
NS|PP755593.1|A/cattle/Texas/24-008749-003/2024(H5N1)	93	17201
NS|PP755593.1|A/cattle/Texas/24-008749-003/2024(H5N1)	94	17607
NS|PP755593.1|A/cattle/Texas/24-008749-003/2024(H5N1)	95	17802
NS|PP755593.1|A/cattle/Texas/24-008749-003/2024(H5N1)	96	17906
NS|PP755593.1|A/cattle/Texas/24-008749-003/2024(H5N1)	97	17888
NS|PP755593.1|A/cattle/Texas/24-008749-003/2024(H5N1)	98	17861
NS|PP755593.1|A/cattle/Texas/24-008749-003/2024(H5N1)	99	17873
NS|PP755593.1|A/cattle/Texas/24-008749-003/2024(H5N1)	100	17884
NS|PP755593.1|A/cattle/Texas/24-008749-003/2024(H5N1)	101	17971
NS|PP755593.1|A/cattle/Texas/24-008749-003/2024(H5N1)	102	17971
NS|PP755593.1|A/cattle/Texas/24-008749-003/2024(H5N1)	103	17928
NS|PP755593.1|A/cattle/Texas/24-008749-003/2024(H5N1)	104	17894
NS|PP755593.1|A/cattle/Texas/24-008749-003/2024(H5N1)	105	18025
NS|PP755593.1|A/cattle/Texas/24-008749-003/2024(H5N1)	106	18184
NS|PP755593.1|A/cattle/Texas/24-008749-003/2024(H5N1)	107	18181
NS|PP755593.1|A/cattle/Texas/24-008749-003/2024(H5N1)	108	18201
NS|PP755593.1|A/cattle/Texas/24-008749-003/2024(H5N1)	109	18199
NS|PP755593.1|A/cattle/Texas/24-008749-003/2024(H5N1)	110	18229
NS|PP755593.1|A/cattle/Texas/24-008749-003/2024(H5N1)	111	18619
NS|PP755593.1|A/cattle/Texas/24-008749-003/2024(H5N1)	112	18620
NS|PP755593.1|A/cattle/Texas/24-008749-003/2024(H5N1)	113	18626
NS|PP755593.1|A/cattle/Texas/24-008749-003/2024(H5N1)	114	18590
NS|PP755593.1|A/cattle/Texas/24-008749-003/2024(H5N1)	115	18591
NS|PP755593.1|A/cattle/Texas/24-008749-003/2024(H5N1)	116	18589
NS|PP755593.1|A/cattle/Texas/24-008749-003/2024(H5N1)	117	18584
NS|PP755593.1|A/cattle/Texas/24-008749-003/2024(H5N1)	118	18617
NS|PP755593.1|A/cattle/Texas/24-008749-003/2024(H5N1)	119	18623
NS|PP755593.1|A/cattle/Texas/24-008749-003/2024(H5N1)	120	18623
NS|PP755593.1|A/cattle/Texas/24-008749-003/2024(H5N1)	121	18623
NS|PP755593.1|A/cattle/Texas/24-008749-003/2024(H5N1)	122	18619
NS|PP755593.1|A/cattle/Texas/24-008749-003/2024(H5N1)	123	18528
NS|PP755593.1|A/cattle/Texas/24-008749-003/2024(H5N1)	124	18587
NS|PP755593.1|A/cattle/Texas/24-008749-003/2024(H5N1)	125	18587
NS|PP755593.1|A/cattle/Texas/24-008749-003/2024(H5N1)	126	18570
NS|PP755593.1|A/cattle/Texas/24-008749-003/2024(H5N1)	127	18580
NS|PP755593.1|A/cattle/Texas/24-008749-003/2024(H5N1)	128	18588
NS|PP755593.1|A/cattle/Texas/24-008749-003/2024(H5N1)	129	18653
NS|PP755593.1|A/cattle/Texas/24-008749-003/2024(H5N1)	130	19869
NS|PP755593.1|A/cattle/Texas/24-008749-003/2024(H5N1)	131	20098
NS|PP755593.1|A/cattle/Texas/24-008749-003/2024(H5N1)	132	20289
NS|PP755593.1|A/cattle/Texas/24-008749-003/2024(H5N1)	133	20487
NS|PP755593.1|A/cattle/Texas/24-008749-003/2024(H5N1)	134	20573
NS|PP755593.1|A/cattle/Texas/24-008749-003/2024(H5N1)	135	20576
NS|PP755593.1|A/cattle/Texas/24-008749-003/2024(H5N1)	136	20583
NS|PP755593.1|A/cattle/Texas/24-008749-003/2024(H5N1)	137	20608
NS|PP755593.1|A/cattle/Texas/24-008749-003/2024(H5N1)	138	20782
NS|PP755593.1|A/cattle/Texas/24-008749-003/2024(H5N1)	139	20832
NS|PP755593.1|A/cattle/Texas/24-008749-003/2024(H5N1)	140	20850
NS|PP755593.1|A/cattle/Texas/24-008749-003/2024(H5N1)	141	20972
NS|PP755593.1|A/cattle/Texas/24-008749-003/2024(H5N1)	142	20917
NS|PP755593.1|A/cattle/Texas/24-008749-003/2024(H5N1)	143	20964
NS|PP755593.1|A/cattle/Texas/24-008749-003/2024(H5N1)	144	21006
NS|PP755593.1|A/cattle/Texas/24-008749-003/2024(H5N1)	145	21228
NS|PP755593.1|A/cattle/Texas/24-008749-003/2024(H5N1)	146	22277
NS|PP755593.1|A/cattle/Texas/24-008749-003/2024(H5N1)	147	22230
NS|PP755593.1|A/cattle/Texas/24-008749-003/2024(H5N1)	148	22276
NS|PP755593.1|A/cattle/Texas/24-008749-003/2024(H5N1)	149	22285
NS|PP755593.1|A/cattle/Texas/24-008749-003/2024(H5N1)	150	22305
NS|PP755593.1|A/cattle/Texas/24-008749-003/2024(H5N1)	151	22445
NS|PP755593.1|A/cattle/Texas/24-008749-003/2024(H5N1)	152	22443
NS|PP755593.1|A/cattle/Texas/24-008749-003/2024(H5N1)	153	22489
NS|PP755593.1|A/cattle/Texas/24-008749-003/2024(H5N1)	154	22489
NS|PP755593.1|A/cattle/Texas/24-008749-003/2024(H5N1)	155	22022
NS|PP755593.1|A/cattle/Texas/24-008749-003/2024(H5N1)	156	22156
NS|PP755593.1|A/cattle/Texas/24-008749-003/2024(H5N1)	157	22171
NS|PP755593.1|A/cattle/Texas/24-008749-003/2024(H5N1)	158	22200
NS|PP755593.1|A/cattle/Texas/24-008749-003/2024(H5N1)	159	22296
NS|PP755593.1|A/cattle/Texas/24-008749-003/2024(H5N1)	160	22219
NS|PP755593.1|A/cattle/Texas/24-008749-003/2024(H5N1)	161	22282
NS|PP755593.1|A/cattle/Texas/24-008749-003/2024(H5N1)	162	22314
NS|PP755593.1|A/cattle/Texas/24-008749-003/2024(H5N1)	163	22336
NS|PP755593.1|A/cattle/Texas/24-008749-003/2024(H5N1)	164	22330
NS|PP755593.1|A/cattle/Texas/24-008749-003/2024(H5N1)	165	21832
NS|PP755593.1|A/cattle/Texas/24-008749-003/2024(H5N1)	166	21889
NS|PP755593.1|A/cattle/Texas/24-008749-003/2024(H5N1)	167	21953
NS|PP755593.1|A/cattle/Texas/24-008749-003/2024(H5N1)	168	21934
NS|PP755593.1|A/cattle/Texas/24-008749-003/2024(H5N1)	169	21946
NS|PP755593.1|A/cattle/Texas/24-008749-003/2024(H5N1)	170	22023
NS|PP755593.1|A/cattle/Texas/24-008749-003/2024(H5N1)	171	22044
NS|PP755593.1|A/cattle/Texas/24-008749-003/2024(H5N1)	172	22033
NS|PP755593.1|A/cattle/Texas/24-008749-003/2024(H5N1)	173	22110
NS|PP755593.1|A/cattle/Texas/24-008749-003/2024(H5N1)	174	22106
NS|PP755593.1|A/cattle/Texas/24-008749-003/2024(H5N1)	175	22115
NS|PP755593.1|A/cattle/Texas/24-008749-003/2024(H5N1)	176	22498
NS|PP755593.1|A/cattle/Texas/24-008749-003/2024(H5N1)	177	22497
NS|PP755593.1|A/cattle/Texas/24-008749-003/2024(H5N1)	178	22491
NS|PP755593.1|A/cattle/Texas/24-008749-003/2024(H5N1)	179	22484
NS|PP755593.1|A/cattle/Texas/24-008749-003/2024(H5N1)	180	22464
NS|PP755593.1|A/cattle/Texas/24-008749-003/2024(H5N1)	181	22564
NS|PP755593.1|A/cattle/Texas/24-008749-003/2024(H5N1)	182	22632
NS|PP755593.1|A/cattle/Texas/24-008749-003/2024(H5N1)	183	22671
NS|PP755593.1|A/cattle/Texas/24-008749-003/2024(H5N1)	184	22962
NS|PP755593.1|A/cattle/Texas/24-008749-003/2024(H5N1)	185	23080
NS|PP755593.1|A/cattle/Texas/24-008749-003/2024(H5N1)	186	23261
NS|PP755593.1|A/cattle/Texas/24-008749-003/2024(H5N1)	187	23952
NS|PP755593.1|A/cattle/Texas/24-008749-003/2024(H5N1)	188	24066
NS|PP755593.1|A/cattle/Texas/24-008749-003/2024(H5N1)	189	24150
NS|PP755593.1|A/cattle/Texas/24-008749-003/2024(H5N1)	190	24217
NS|PP755593.1|A/cattle/Texas/24-008749-003/2024(H5N1)	191	24444
NS|PP755593.1|A/cattle/Texas/24-008749-003/2024(H5N1)	192	24389
NS|PP755593.1|A/cattle/Texas/24-008749-003/2024(H5N1)	193	24468
NS|PP755593.1|A/cattle/Texas/24-008749-003/2024(H5N1)	194	24428
NS|PP755593.1|A/cattle/Texas/24-008749-003/2024(H5N1)	195	24380
NS|PP755593.1|A/cattle/Texas/24-008749-003/2024(H5N1)	196	24427
NS|PP755593.1|A/cattle/Texas/24-008749-003/2024(H5N1)	197	24632
NS|PP755593.1|A/cattle/Texas/24-008749-003/2024(H5N1)	198	24633
NS|PP755593.1|A/cattle/Texas/24-008749-003/2024(H5N1)	199	24611
NS|PP755593.1|A/cattle/Texas/24-008749-003/2024(H5N1)	200	24616
NS|PP755593.1|A/cattle/Texas/24-008749-003/2024(H5N1)	201	24780
NS|PP755593.1|A/cattle/Texas/24-008749-003/2024(H5N1)	202	24811
NS|PP755593.1|A/cattle/Texas/24-008749-003/2024(H5N1)	203	24837
NS|PP755593.1|A/cattle/Texas/24-008749-003/2024(H5N1)	204	24855
NS|PP755593.1|A/cattle/Texas/24-008749-003/2024(H5N1)	205	24947
NS|PP755593.1|A/cattle/Texas/24-008749-003/2024(H5N1)	206	24939
NS|PP755593.1|A/cattle/Texas/24-008749-003/2024(H5N1)	207	24959
NS|PP755593.1|A/cattle/Texas/24-008749-003/2024(H5N1)	208	25005
NS|PP755593.1|A/cattle/Texas/24-008749-003/2024(H5N1)	209	24993
NS|PP755593.1|A/cattle/Texas/24-008749-003/2024(H5N1)	210	24842
NS|PP755593.1|A/cattle/Texas/24-008749-003/2024(H5N1)	211	24876
NS|PP755593.1|A/cattle/Texas/24-008749-003/2024(H5N1)	212	24985
NS|PP755593.1|A/cattle/Texas/24-008749-003/2024(H5N1)	213	24987
NS|PP755593.1|A/cattle/Texas/24-008749-003/2024(H5N1)	214	25022
NS|PP755593.1|A/cattle/Texas/24-008749-003/2024(H5N1)	215	25163
NS|PP755593.1|A/cattle/Texas/24-008749-003/2024(H5N1)	216	25179
NS|PP755593.1|A/cattle/Texas/24-008749-003/2024(H5N1)	217	25227
NS|PP755593.1|A/cattle/Texas/24-008749-003/2024(H5N1)	218	25272
NS|PP755593.1|A/cattle/Texas/24-008749-003/2024(H5N1)	219	25322
NS|PP755593.1|A/cattle/Texas/24-008749-003/2024(H5N1)	220	25406
NS|PP755593.1|A/cattle/Texas/24-008749-003/2024(H5N1)	221	25423
NS|PP755593.1|A/cattle/Texas/24-008749-003/2024(H5N1)	222	25418
NS|PP755593.1|A/cattle/Texas/24-008749-003/2024(H5N1)	223	25384
NS|PP755593.1|A/cattle/Texas/24-008749-003/2024(H5N1)	224	25280
NS|PP755593.1|A/cattle/Texas/24-008749-003/2024(H5N1)	225	23453
NS|PP755593.1|A/cattle/Texas/24-008749-003/2024(H5N1)	226	23196
NS|PP755593.1|A/cattle/Texas/24-008749-003/2024(H5N1)	227	22375
NS|PP755593.1|A/cattle/Texas/24-008749-003/2024(H5N1)	228	22380
NS|PP755593.1|A/cattle/Texas/24-008749-003/2024(H5N1)	229	22588
NS|PP755593.1|A/cattle/Texas/24-008749-003/2024(H5N1)	230	22596
NS|PP755593.1|A/cattle/Texas/24-008749-003/2024(H5N1)	231	22667
NS|PP755593.1|A/cattle/Texas/24-008749-003/2024(H5N1)	232	22696
NS|PP755593.1|A/cattle/Texas/24-008749-003/2024(H5N1)	233	22708
NS|PP755593.1|A/cattle/Texas/24-008749-003/2024(H5N1)	234	22715
NS|PP755593.1|A/cattle/Texas/24-008749-003/2024(H5N1)	235	22783
NS|PP755593.1|A/cattle/Texas/24-008749-003/2024(H5N1)	236	22641
NS|PP755593.1|A/cattle/Texas/24-008749-003/2024(H5N1)	237	22641
NS|PP755593.1|A/cattle/Texas/24-008749-003/2024(H5N1)	238	22482
NS|PP755593.1|A/cattle/Texas/24-008749-003/2024(H5N1)	239	22675
NS|PP755593.1|A/cattle/Texas/24-008749-003/2024(H5N1)	240	22643
NS|PP755593.1|A/cattle/Texas/24-008749-003/2024(H5N1)	241	22623
NS|PP755593.1|A/cattle/Texas/24-008749-003/2024(H5N1)	242	22551
NS|PP755593.1|A/cattle/Texas/24-008749-003/2024(H5N1)	243	22528
NS|PP755593.1|A/cattle/Texas/24-008749-003/2024(H5N1)	244	22506
NS|PP755593.1|A/cattle/Texas/24-008749-003/2024(H5N1)	245	22392
NS|PP755593.1|A/cattle/Texas/24-008749-003/2024(H5N1)	246	22200
NS|PP755593.1|A/cattle/Texas/24-008749-003/2024(H5N1)	247	18648
NS|PP755593.1|A/cattle/Texas/24-008749-003/2024(H5N1)	248	18509
NS|PP755593.1|A/cattle/Texas/24-008749-003/2024(H5N1)	249	18452
NS|PP755593.1|A/cattle/Texas/24-008749-003/2024(H5N1)	250	18452
NS|PP755593.1|A/cattle/Texas/24-008749-003/2024(H5N1)	251	18613
NS|PP755593.1|A/cattle/Texas/24-008749-003/2024(H5N1)	252	18618
NS|PP755593.1|A/cattle/Texas/24-008749-003/2024(H5N1)	253	18679
NS|PP755593.1|A/cattle/Texas/24-008749-003/2024(H5N1)	254	18682
NS|PP755593.1|A/cattle/Texas/24-008749-003/2024(H5N1)	255	18681
NS|PP755593.1|A/cattle/Texas/24-008749-003/2024(H5N1)	256	18849
NS|PP755593.1|A/cattle/Texas/24-008749-003/2024(H5N1)	257	19404
NS|PP755593.1|A/cattle/Texas/24-008749-003/2024(H5N1)	258	19406
NS|PP755593.1|A/cattle/Texas/24-008749-003/2024(H5N1)	259	19539
NS|PP755593.1|A/cattle/Texas/24-008749-003/2024(H5N1)	260	20591
NS|PP755593.1|A/cattle/Texas/24-008749-003/2024(H5N1)	261	20701
NS|PP755593.1|A/cattle/Texas/24-008749-003/2024(H5N1)	262	20840
NS|PP755593.1|A/cattle/Texas/24-008749-003/2024(H5N1)	263	20848
NS|PP755593.1|A/cattle/Texas/24-008749-003/2024(H5N1)	264	21435
NS|PP755593.1|A/cattle/Texas/24-008749-003/2024(H5N1)	265	21470
NS|PP755593.1|A/cattle/Texas/24-008749-003/2024(H5N1)	266	22254
NS|PP755593.1|A/cattle/Texas/24-008749-003/2024(H5N1)	267	22525
NS|PP755593.1|A/cattle/Texas/24-008749-003/2024(H5N1)	268	22480
NS|PP755593.1|A/cattle/Texas/24-008749-003/2024(H5N1)	269	22609
NS|PP755593.1|A/cattle/Texas/24-008749-003/2024(H5N1)	270	22666
NS|PP755593.1|A/cattle/Texas/24-008749-003/2024(H5N1)	271	22688
NS|PP755593.1|A/cattle/Texas/24-008749-003/2024(H5N1)	272	22459
NS|PP755593.1|A/cattle/Texas/24-008749-003/2024(H5N1)	273	22290
NS|PP755593.1|A/cattle/Texas/24-008749-003/2024(H5N1)	274	22399
NS|PP755593.1|A/cattle/Texas/24-008749-003/2024(H5N1)	275	22212
NS|PP755593.1|A/cattle/Texas/24-008749-003/2024(H5N1)	276	22174
NS|PP755593.1|A/cattle/Texas/24-008749-003/2024(H5N1)	277	22193
NS|PP755593.1|A/cattle/Texas/24-008749-003/2024(H5N1)	278	22189
NS|PP755593.1|A/cattle/Texas/24-008749-003/2024(H5N1)	279	21959
NS|PP755593.1|A/cattle/Texas/24-008749-003/2024(H5N1)	280	21998
NS|PP755593.1|A/cattle/Texas/24-008749-003/2024(H5N1)	281	22453
NS|PP755593.1|A/cattle/Texas/24-008749-003/2024(H5N1)	282	22444
NS|PP755593.1|A/cattle/Texas/24-008749-003/2024(H5N1)	283	22673
NS|PP755593.1|A/cattle/Texas/24-008749-003/2024(H5N1)	284	22640
NS|PP755593.1|A/cattle/Texas/24-008749-003/2024(H5N1)	285	22660
NS|PP755593.1|A/cattle/Texas/24-008749-003/2024(H5N1)	286	22671
NS|PP755593.1|A/cattle/Texas/24-008749-003/2024(H5N1)	287	22589
NS|PP755593.1|A/cattle/Texas/24-008749-003/2024(H5N1)	288	22620
NS|PP755593.1|A/cattle/Texas/24-008749-003/2024(H5N1)	289	22566
NS|PP755593.1|A/cattle/Texas/24-008749-003/2024(H5N1)	290	22138
NS|PP755593.1|A/cattle/Texas/24-008749-003/2024(H5N1)	291	22396
NS|PP755593.1|A/cattle/Texas/24-008749-003/2024(H5N1)	292	22155
NS|PP755593.1|A/cattle/Texas/24-008749-003/2024(H5N1)	293	22306
NS|PP755593.1|A/cattle/Texas/24-008749-003/2024(H5N1)	294	22716
NS|PP755593.1|A/cattle/Texas/24-008749-003/2024(H5N1)	295	22725
NS|PP755593.1|A/cattle/Texas/24-008749-003/2024(H5N1)	296	22802
NS|PP755593.1|A/cattle/Texas/24-008749-003/2024(H5N1)	297	22755
NS|PP755593.1|A/cattle/Texas/24-008749-003/2024(H5N1)	298	22732
NS|PP755593.1|A/cattle/Texas/24-008749-003/2024(H5N1)	299	22738
NS|PP755593.1|A/cattle/Texas/24-008749-003/2024(H5N1)	300	22924
NS|PP755593.1|A/cattle/Texas/24-008749-003/2024(H5N1)	301	22997
NS|PP755593.1|A/cattle/Texas/24-008749-003/2024(H5N1)	302	22925
NS|PP755593.1|A/cattle/Texas/24-008749-003/2024(H5N1)	303	22811
NS|PP755593.1|A/cattle/Texas/24-008749-003/2024(H5N1)	304	22438
NS|PP755593.1|A/cattle/Texas/24-008749-003/2024(H5N1)	305	23152
NS|PP755593.1|A/cattle/Texas/24-008749-003/2024(H5N1)	306	23730
NS|PP755593.1|A/cattle/Texas/24-008749-003/2024(H5N1)	307	23769
NS|PP755593.1|A/cattle/Texas/24-008749-003/2024(H5N1)	308	23785
NS|PP755593.1|A/cattle/Texas/24-008749-003/2024(H5N1)	309	23710
NS|PP755593.1|A/cattle/Texas/24-008749-003/2024(H5N1)	310	23683
NS|PP755593.1|A/cattle/Texas/24-008749-003/2024(H5N1)	311	23797
NS|PP755593.1|A/cattle/Texas/24-008749-003/2024(H5N1)	312	23775
NS|PP755593.1|A/cattle/Texas/24-008749-003/2024(H5N1)	313	23805
NS|PP755593.1|A/cattle/Texas/24-008749-003/2024(H5N1)	314	23321
NS|PP755593.1|A/cattle/Texas/24-008749-003/2024(H5N1)	315	22696
NS|PP755593.1|A/cattle/Texas/24-008749-003/2024(H5N1)	316	22561
NS|PP755593.1|A/cattle/Texas/24-008749-003/2024(H5N1)	317	22680
NS|PP755593.1|A/cattle/Texas/24-008749-003/2024(H5N1)	318	22697
NS|PP755593.1|A/cattle/Texas/24-008749-003/2024(H5N1)	319	22837
NS|PP755593.1|A/cattle/Texas/24-008749-003/2024(H5N1)	320	22861
NS|PP755593.1|A/cattle/Texas/24-008749-003/2024(H5N1)	321	22574
NS|PP755593.1|A/cattle/Texas/24-008749-003/2024(H5N1)	322	23077
NS|PP755593.1|A/cattle/Texas/24-008749-003/2024(H5N1)	323	23008
NS|PP755593.1|A/cattle/Texas/24-008749-003/2024(H5N1)	324	22815
NS|PP755593.1|A/cattle/Texas/24-008749-003/2024(H5N1)	325	22787
NS|PP755593.1|A/cattle/Texas/24-008749-003/2024(H5N1)	326	22615
NS|PP755593.1|A/cattle/Texas/24-008749-003/2024(H5N1)	327	22391
NS|PP755593.1|A/cattle/Texas/24-008749-003/2024(H5N1)	328	22591
NS|PP755593.1|A/cattle/Texas/24-008749-003/2024(H5N1)	329	22615
NS|PP755593.1|A/cattle/Texas/24-008749-003/2024(H5N1)	330	22601
NS|PP755593.1|A/cattle/Texas/24-008749-003/2024(H5N1)	331	22667
NS|PP755593.1|A/cattle/Texas/24-008749-003/2024(H5N1)	332	22721
NS|PP755593.1|A/cattle/Texas/24-008749-003/2024(H5N1)	333	22703
NS|PP755593.1|A/cattle/Texas/24-008749-003/2024(H5N1)	334	22606
NS|PP755593.1|A/cattle/Texas/24-008749-003/2024(H5N1)	335	22590
NS|PP755593.1|A/cattle/Texas/24-008749-003/2024(H5N1)	336	22497
NS|PP755593.1|A/cattle/Texas/24-008749-003/2024(H5N1)	337	22472
NS|PP755593.1|A/cattle/Texas/24-008749-003/2024(H5N1)	338	22445
NS|PP755593.1|A/cattle/Texas/24-008749-003/2024(H5N1)	339	22070
NS|PP755593.1|A/cattle/Texas/24-008749-003/2024(H5N1)	340	21929
NS|PP755593.1|A/cattle/Texas/24-008749-003/2024(H5N1)	341	21873
NS|PP755593.1|A/cattle/Texas/24-008749-003/2024(H5N1)	342	21836
NS|PP755593.1|A/cattle/Texas/24-008749-003/2024(H5N1)	343	21649
NS|PP755593.1|A/cattle/Texas/24-008749-003/2024(H5N1)	344	21571
NS|PP755593.1|A/cattle/Texas/24-008749-003/2024(H5N1)	345	20970
NS|PP755593.1|A/cattle/Texas/24-008749-003/2024(H5N1)	346	20847
NS|PP755593.1|A/cattle/Texas/24-008749-003/2024(H5N1)	347	20899
NS|PP755593.1|A/cattle/Texas/24-008749-003/2024(H5N1)	348	21221
NS|PP755593.1|A/cattle/Texas/24-008749-003/2024(H5N1)	349	21913
NS|PP755593.1|A/cattle/Texas/24-008749-003/2024(H5N1)	350	21983
NS|PP755593.1|A/cattle/Texas/24-008749-003/2024(H5N1)	351	21999
NS|PP755593.1|A/cattle/Texas/24-008749-003/2024(H5N1)	352	22299
NS|PP755593.1|A/cattle/Texas/24-008749-003/2024(H5N1)	353	22713
NS|PP755593.1|A/cattle/Texas/24-008749-003/2024(H5N1)	354	22744
NS|PP755593.1|A/cattle/Texas/24-008749-003/2024(H5N1)	355	22767
NS|PP755593.1|A/cattle/Texas/24-008749-003/2024(H5N1)	356	22647
NS|PP755593.1|A/cattle/Texas/24-008749-003/2024(H5N1)	357	22515
NS|PP755593.1|A/cattle/Texas/24-008749-003/2024(H5N1)	358	22689
NS|PP755593.1|A/cattle/Texas/24-008749-003/2024(H5N1)	359	22675
NS|PP755593.1|A/cattle/Texas/24-008749-003/2024(H5N1)	360	22676
NS|PP755593.1|A/cattle/Texas/24-008749-003/2024(H5N1)	361	22341
NS|PP755593.1|A/cattle/Texas/24-008749-003/2024(H5N1)	362	22076
NS|PP755593.1|A/cattle/Texas/24-008749-003/2024(H5N1)	363	22576
NS|PP755593.1|A/cattle/Texas/24-008749-003/2024(H5N1)	364	22712
NS|PP755593.1|A/cattle/Texas/24-008749-003/2024(H5N1)	365	22607
NS|PP755593.1|A/cattle/Texas/24-008749-003/2024(H5N1)	366	22072
NS|PP755593.1|A/cattle/Texas/24-008749-003/2024(H5N1)	367	22100
NS|PP755593.1|A/cattle/Texas/24-008749-003/2024(H5N1)	368	22081
NS|PP755593.1|A/cattle/Texas/24-008749-003/2024(H5N1)	369	22044
NS|PP755593.1|A/cattle/Texas/24-008749-003/2024(H5N1)	370	22179
NS|PP755593.1|A/cattle/Texas/24-008749-003/2024(H5N1)	371	22187
NS|PP755593.1|A/cattle/Texas/24-008749-003/2024(H5N1)	372	21833
NS|PP755593.1|A/cattle/Texas/24-008749-003/2024(H5N1)	373	22135
NS|PP755593.1|A/cattle/Texas/24-008749-003/2024(H5N1)	374	22148
NS|PP755593.1|A/cattle/Texas/24-008749-003/2024(H5N1)	375	22455
NS|PP755593.1|A/cattle/Texas/24-008749-003/2024(H5N1)	376	22309
NS|PP755593.1|A/cattle/Texas/24-008749-003/2024(H5N1)	377	22374
NS|PP755593.1|A/cattle/Texas/24-008749-003/2024(H5N1)	378	22343
NS|PP755593.1|A/cattle/Texas/24-008749-003/2024(H5N1)	379	22371
NS|PP755593.1|A/cattle/Texas/24-008749-003/2024(H5N1)	380	22521
NS|PP755593.1|A/cattle/Texas/24-008749-003/2024(H5N1)	381	22517
NS|PP755593.1|A/cattle/Texas/24-008749-003/2024(H5N1)	382	22579
NS|PP755593.1|A/cattle/Texas/24-008749-003/2024(H5N1)	383	22626
NS|PP755593.1|A/cattle/Texas/24-008749-003/2024(H5N1)	384	22555
NS|PP755593.1|A/cattle/Texas/24-008749-003/2024(H5N1)	385	22611
NS|PP755593.1|A/cattle/Texas/24-008749-003/2024(H5N1)	386	22628
NS|PP755593.1|A/cattle/Texas/24-008749-003/2024(H5N1)	387	22673
NS|PP755593.1|A/cattle/Texas/24-008749-003/2024(H5N1)	388	22578
NS|PP755593.1|A/cattle/Texas/24-008749-003/2024(H5N1)	389	22426
NS|PP755593.1|A/cattle/Texas/24-008749-003/2024(H5N1)	390	22420
NS|PP755593.1|A/cattle/Texas/24-008749-003/2024(H5N1)	391	22387
NS|PP755593.1|A/cattle/Texas/24-008749-003/2024(H5N1)	392	22771
NS|PP755593.1|A/cattle/Texas/24-008749-003/2024(H5N1)	393	22756
NS|PP755593.1|A/cattle/Texas/24-008749-003/2024(H5N1)	394	22890
NS|PP755593.1|A/cattle/Texas/24-008749-003/2024(H5N1)	395	22945
NS|PP755593.1|A/cattle/Texas/24-008749-003/2024(H5N1)	396	22693
NS|PP755593.1|A/cattle/Texas/24-008749-003/2024(H5N1)	397	22299
NS|PP755593.1|A/cattle/Texas/24-008749-003/2024(H5N1)	398	22325
NS|PP755593.1|A/cattle/Texas/24-008749-003/2024(H5N1)	399	22413
NS|PP755593.1|A/cattle/Texas/24-008749-003/2024(H5N1)	400	22361
NS|PP755593.1|A/cattle/Texas/24-008749-003/2024(H5N1)	401	22350
NS|PP755593.1|A/cattle/Texas/24-008749-003/2024(H5N1)	402	22285
NS|PP755593.1|A/cattle/Texas/24-008749-003/2024(H5N1)	403	22160
NS|PP755593.1|A/cattle/Texas/24-008749-003/2024(H5N1)	404	22157
NS|PP755593.1|A/cattle/Texas/24-008749-003/2024(H5N1)	405	22133
NS|PP755593.1|A/cattle/Texas/24-008749-003/2024(H5N1)	406	22134
NS|PP755593.1|A/cattle/Texas/24-008749-003/2024(H5N1)	407	21949
NS|PP755593.1|A/cattle/Texas/24-008749-003/2024(H5N1)	408	21854
NS|PP755593.1|A/cattle/Texas/24-008749-003/2024(H5N1)	409	21838
NS|PP755593.1|A/cattle/Texas/24-008749-003/2024(H5N1)	410	21772
NS|PP755593.1|A/cattle/Texas/24-008749-003/2024(H5N1)	411	20360
NS|PP755593.1|A/cattle/Texas/24-008749-003/2024(H5N1)	412	20345
NS|PP755593.1|A/cattle/Texas/24-008749-003/2024(H5N1)	413	20304
NS|PP755593.1|A/cattle/Texas/24-008749-003/2024(H5N1)	414	20278
NS|PP755593.1|A/cattle/Texas/24-008749-003/2024(H5N1)	415	20276
NS|PP755593.1|A/cattle/Texas/24-008749-003/2024(H5N1)	416	20295
NS|PP755593.1|A/cattle/Texas/24-008749-003/2024(H5N1)	417	20333
NS|PP755593.1|A/cattle/Texas/24-008749-003/2024(H5N1)	418	20938
NS|PP755593.1|A/cattle/Texas/24-008749-003/2024(H5N1)	419	20955
NS|PP755593.1|A/cattle/Texas/24-008749-003/2024(H5N1)	420	21239
NS|PP755593.1|A/cattle/Texas/24-008749-003/2024(H5N1)	421	21264
NS|PP755593.1|A/cattle/Texas/24-008749-003/2024(H5N1)	422	21273
NS|PP755593.1|A/cattle/Texas/24-008749-003/2024(H5N1)	423	21296
NS|PP755593.1|A/cattle/Texas/24-008749-003/2024(H5N1)	424	21298
NS|PP755593.1|A/cattle/Texas/24-008749-003/2024(H5N1)	425	21298
NS|PP755593.1|A/cattle/Texas/24-008749-003/2024(H5N1)	426	21290
NS|PP755593.1|A/cattle/Texas/24-008749-003/2024(H5N1)	427	21320
NS|PP755593.1|A/cattle/Texas/24-008749-003/2024(H5N1)	428	22327
NS|PP755593.1|A/cattle/Texas/24-008749-003/2024(H5N1)	429	22433
NS|PP755593.1|A/cattle/Texas/24-008749-003/2024(H5N1)	430	22553
NS|PP755593.1|A/cattle/Texas/24-008749-003/2024(H5N1)	431	22672
NS|PP755593.1|A/cattle/Texas/24-008749-003/2024(H5N1)	432	22751
NS|PP755593.1|A/cattle/Texas/24-008749-003/2024(H5N1)	433	23033
NS|PP755593.1|A/cattle/Texas/24-008749-003/2024(H5N1)	434	23036
NS|PP755593.1|A/cattle/Texas/24-008749-003/2024(H5N1)	435	23076
NS|PP755593.1|A/cattle/Texas/24-008749-003/2024(H5N1)	436	23095
NS|PP755593.1|A/cattle/Texas/24-008749-003/2024(H5N1)	437	22195
NS|PP755593.1|A/cattle/Texas/24-008749-003/2024(H5N1)	438	23048
NS|PP755593.1|A/cattle/Texas/24-008749-003/2024(H5N1)	439	22978
NS|PP755593.1|A/cattle/Texas/24-008749-003/2024(H5N1)	440	22858
NS|PP755593.1|A/cattle/Texas/24-008749-003/2024(H5N1)	441	22854
NS|PP755593.1|A/cattle/Texas/24-008749-003/2024(H5N1)	442	22596
NS|PP755593.1|A/cattle/Texas/24-008749-003/2024(H5N1)	443	22646
NS|PP755593.1|A/cattle/Texas/24-008749-003/2024(H5N1)	444	22618
NS|PP755593.1|A/cattle/Texas/24-008749-003/2024(H5N1)	445	22625
NS|PP755593.1|A/cattle/Texas/24-008749-003/2024(H5N1)	446	22694
NS|PP755593.1|A/cattle/Texas/24-008749-003/2024(H5N1)	447	22259
NS|PP755593.1|A/cattle/Texas/24-008749-003/2024(H5N1)	448	22276
NS|PP755593.1|A/cattle/Texas/24-008749-003/2024(H5N1)	449	22332
NS|PP755593.1|A/cattle/Texas/24-008749-003/2024(H5N1)	450	22347
NS|PP755593.1|A/cattle/Texas/24-008749-003/2024(H5N1)	451	22349
NS|PP755593.1|A/cattle/Texas/24-008749-003/2024(H5N1)	452	22333
NS|PP755593.1|A/cattle/Texas/24-008749-003/2024(H5N1)	453	22241
NS|PP755593.1|A/cattle/Texas/24-008749-003/2024(H5N1)	454	22414
NS|PP755593.1|A/cattle/Texas/24-008749-003/2024(H5N1)	455	22599
NS|PP755593.1|A/cattle/Texas/24-008749-003/2024(H5N1)	456	22583
NS|PP755593.1|A/cattle/Texas/24-008749-003/2024(H5N1)	457	22585
NS|PP755593.1|A/cattle/Texas/24-008749-003/2024(H5N1)	458	22629
NS|PP755593.1|A/cattle/Texas/24-008749-003/2024(H5N1)	459	22617
NS|PP755593.1|A/cattle/Texas/24-008749-003/2024(H5N1)	460	22640
NS|PP755593.1|A/cattle/Texas/24-008749-003/2024(H5N1)	461	22728
NS|PP755593.1|A/cattle/Texas/24-008749-003/2024(H5N1)	462	22676
NS|PP755593.1|A/cattle/Texas/24-008749-003/2024(H5N1)	463	22583
NS|PP755593.1|A/cattle/Texas/24-008749-003/2024(H5N1)	464	22613
NS|PP755593.1|A/cattle/Texas/24-008749-003/2024(H5N1)	465	22567
NS|PP755593.1|A/cattle/Texas/24-008749-003/2024(H5N1)	466	22576
NS|PP755593.1|A/cattle/Texas/24-008749-003/2024(H5N1)	467	23046
NS|PP755593.1|A/cattle/Texas/24-008749-003/2024(H5N1)	468	22992
NS|PP755593.1|A/cattle/Texas/24-008749-003/2024(H5N1)	469	22977
NS|PP755593.1|A/cattle/Texas/24-008749-003/2024(H5N1)	470	22808
NS|PP755593.1|A/cattle/Texas/24-008749-003/2024(H5N1)	471	22497
NS|PP755593.1|A/cattle/Texas/24-008749-003/2024(H5N1)	472	22561
NS|PP755593.1|A/cattle/Texas/24-008749-003/2024(H5N1)	473	22597
NS|PP755593.1|A/cattle/Texas/24-008749-003/2024(H5N1)	474	22581
NS|PP755593.1|A/cattle/Texas/24-008749-003/2024(H5N1)	475	22777
NS|PP755593.1|A/cattle/Texas/24-008749-003/2024(H5N1)	476	22818
NS|PP755593.1|A/cattle/Texas/24-008749-003/2024(H5N1)	477	23304
NS|PP755593.1|A/cattle/Texas/24-008749-003/2024(H5N1)	478	23239
NS|PP755593.1|A/cattle/Texas/24-008749-003/2024(H5N1)	479	23251
NS|PP755593.1|A/cattle/Texas/24-008749-003/2024(H5N1)	480	23105
NS|PP755593.1|A/cattle/Texas/24-008749-003/2024(H5N1)	481	23159
NS|PP755593.1|A/cattle/Texas/24-008749-003/2024(H5N1)	482	23317
NS|PP755593.1|A/cattle/Texas/24-008749-003/2024(H5N1)	483	23331
NS|PP755593.1|A/cattle/Texas/24-008749-003/2024(H5N1)	484	23464
NS|PP755593.1|A/cattle/Texas/24-008749-003/2024(H5N1)	485	23461
NS|PP755593.1|A/cattle/Texas/24-008749-003/2024(H5N1)	486	23522
NS|PP755593.1|A/cattle/Texas/24-008749-003/2024(H5N1)	487	23781
NS|PP755593.1|A/cattle/Texas/24-008749-003/2024(H5N1)	488	23806
NS|PP755593.1|A/cattle/Texas/24-008749-003/2024(H5N1)	489	23842
NS|PP755593.1|A/cattle/Texas/24-008749-003/2024(H5N1)	490	23736
NS|PP755593.1|A/cattle/Texas/24-008749-003/2024(H5N1)	491	23754
NS|PP755593.1|A/cattle/Texas/24-008749-003/2024(H5N1)	492	23712
NS|PP755593.1|A/cattle/Texas/24-008749-003/2024(H5N1)	493	23849
NS|PP755593.1|A/cattle/Texas/24-008749-003/2024(H5N1)	494	23879
NS|PP755593.1|A/cattle/Texas/24-008749-003/2024(H5N1)	495	23830
NS|PP755593.1|A/cattle/Texas/24-008749-003/2024(H5N1)	496	24387
NS|PP755593.1|A/cattle/Texas/24-008749-003/2024(H5N1)	497	24545
NS|PP755593.1|A/cattle/Texas/24-008749-003/2024(H5N1)	498	24708
NS|PP755593.1|A/cattle/Texas/24-008749-003/2024(H5N1)	499	24649
NS|PP755593.1|A/cattle/Texas/24-008749-003/2024(H5N1)	500	24563
NS|PP755593.1|A/cattle/Texas/24-008749-003/2024(H5N1)	501	24586
NS|PP755593.1|A/cattle/Texas/24-008749-003/2024(H5N1)	502	24715
NS|PP755593.1|A/cattle/Texas/24-008749-003/2024(H5N1)	503	24742
NS|PP755593.1|A/cattle/Texas/24-008749-003/2024(H5N1)	504	24976
NS|PP755593.1|A/cattle/Texas/24-008749-003/2024(H5N1)	505	24653
NS|PP755593.1|A/cattle/Texas/24-008749-003/2024(H5N1)	506	24577
NS|PP755593.1|A/cattle/Texas/24-008749-003/2024(H5N1)	507	24513
NS|PP755593.1|A/cattle/Texas/24-008749-003/2024(H5N1)	508	24763
NS|PP755593.1|A/cattle/Texas/24-008749-003/2024(H5N1)	509	24983
NS|PP755593.1|A/cattle/Texas/24-008749-003/2024(H5N1)	510	24818
NS|PP755593.1|A/cattle/Texas/24-008749-003/2024(H5N1)	511	24783
NS|PP755593.1|A/cattle/Texas/24-008749-003/2024(H5N1)	512	24667
NS|PP755593.1|A/cattle/Texas/24-008749-003/2024(H5N1)	513	24439
NS|PP755593.1|A/cattle/Texas/24-008749-003/2024(H5N1)	514	24425
NS|PP755593.1|A/cattle/Texas/24-008749-003/2024(H5N1)	515	23743
NS|PP755593.1|A/cattle/Texas/24-008749-003/2024(H5N1)	516	23740
NS|PP755593.1|A/cattle/Texas/24-008749-003/2024(H5N1)	517	23429
NS|PP755593.1|A/cattle/Texas/24-008749-003/2024(H5N1)	518	23035
NS|PP755593.1|A/cattle/Texas/24-008749-003/2024(H5N1)	519	23033
NS|PP755593.1|A/cattle/Texas/24-008749-003/2024(H5N1)	520	22887
NS|PP755593.1|A/cattle/Texas/24-008749-003/2024(H5N1)	521	22834
NS|PP755593.1|A/cattle/Texas/24-008749-003/2024(H5N1)	522	22851
NS|PP755593.1|A/cattle/Texas/24-008749-003/2024(H5N1)	523	23069
NS|PP755593.1|A/cattle/Texas/24-008749-003/2024(H5N1)	524	23084
NS|PP755593.1|A/cattle/Texas/24-008749-003/2024(H5N1)	525	22984
NS|PP755593.1|A/cattle/Texas/24-008749-003/2024(H5N1)	526	22869
NS|PP755593.1|A/cattle/Texas/24-008749-003/2024(H5N1)	527	22915
NS|PP755593.1|A/cattle/Texas/24-008749-003/2024(H5N1)	528	22941
NS|PP755593.1|A/cattle/Texas/24-008749-003/2024(H5N1)	529	22918
NS|PP755593.1|A/cattle/Texas/24-008749-003/2024(H5N1)	530	22980
NS|PP755593.1|A/cattle/Texas/24-008749-003/2024(H5N1)	531	22940
NS|PP755593.1|A/cattle/Texas/24-008749-003/2024(H5N1)	532	22753
NS|PP755593.1|A/cattle/Texas/24-008749-003/2024(H5N1)	533	22794
NS|PP755593.1|A/cattle/Texas/24-008749-003/2024(H5N1)	534	22623
NS|PP755593.1|A/cattle/Texas/24-008749-003/2024(H5N1)	535	22629
NS|PP755593.1|A/cattle/Texas/24-008749-003/2024(H5N1)	536	23440
NS|PP755593.1|A/cattle/Texas/24-008749-003/2024(H5N1)	537	23483
NS|PP755593.1|A/cattle/Texas/24-008749-003/2024(H5N1)	538	23670
NS|PP755593.1|A/cattle/Texas/24-008749-003/2024(H5N1)	539	23499
NS|PP755593.1|A/cattle/Texas/24-008749-003/2024(H5N1)	540	23797
NS|PP755593.1|A/cattle/Texas/24-008749-003/2024(H5N1)	541	23622
NS|PP755593.1|A/cattle/Texas/24-008749-003/2024(H5N1)	542	23655
NS|PP755593.1|A/cattle/Texas/24-008749-003/2024(H5N1)	543	23747
NS|PP755593.1|A/cattle/Texas/24-008749-003/2024(H5N1)	544	23704
NS|PP755593.1|A/cattle/Texas/24-008749-003/2024(H5N1)	545	23555
NS|PP755593.1|A/cattle/Texas/24-008749-003/2024(H5N1)	546	23513
NS|PP755593.1|A/cattle/Texas/24-008749-003/2024(H5N1)	547	23437
NS|PP755593.1|A/cattle/Texas/24-008749-003/2024(H5N1)	548	23547
NS|PP755593.1|A/cattle/Texas/24-008749-003/2024(H5N1)	549	23513
NS|PP755593.1|A/cattle/Texas/24-008749-003/2024(H5N1)	550	23511
NS|PP755593.1|A/cattle/Texas/24-008749-003/2024(H5N1)	551	23449
NS|PP755593.1|A/cattle/Texas/24-008749-003/2024(H5N1)	552	23232
NS|PP755593.1|A/cattle/Texas/24-008749-003/2024(H5N1)	553	23445
NS|PP755593.1|A/cattle/Texas/24-008749-003/2024(H5N1)	554	23348
NS|PP755593.1|A/cattle/Texas/24-008749-003/2024(H5N1)	555	23364
NS|PP755593.1|A/cattle/Texas/24-008749-003/2024(H5N1)	556	23028
NS|PP755593.1|A/cattle/Texas/24-008749-003/2024(H5N1)	557	22592
NS|PP755593.1|A/cattle/Texas/24-008749-003/2024(H5N1)	558	22844
NS|PP755593.1|A/cattle/Texas/24-008749-003/2024(H5N1)	559	22821
NS|PP755593.1|A/cattle/Texas/24-008749-003/2024(H5N1)	560	22597
NS|PP755593.1|A/cattle/Texas/24-008749-003/2024(H5N1)	561	22761
NS|PP755593.1|A/cattle/Texas/24-008749-003/2024(H5N1)	562	22592
NS|PP755593.1|A/cattle/Texas/24-008749-003/2024(H5N1)	563	22710
NS|PP755593.1|A/cattle/Texas/24-008749-003/2024(H5N1)	564	23207
NS|PP755593.1|A/cattle/Texas/24-008749-003/2024(H5N1)	565	23212
NS|PP755593.1|A/cattle/Texas/24-008749-003/2024(H5N1)	566	23659
NS|PP755593.1|A/cattle/Texas/24-008749-003/2024(H5N1)	567	23674
NS|PP755593.1|A/cattle/Texas/24-008749-003/2024(H5N1)	568	23587
NS|PP755593.1|A/cattle/Texas/24-008749-003/2024(H5N1)	569	23623
NS|PP755593.1|A/cattle/Texas/24-008749-003/2024(H5N1)	570	23459
NS|PP755593.1|A/cattle/Texas/24-008749-003/2024(H5N1)	571	23214
NS|PP755593.1|A/cattle/Texas/24-008749-003/2024(H5N1)	572	23278
NS|PP755593.1|A/cattle/Texas/24-008749-003/2024(H5N1)	573	22186
NS|PP755593.1|A/cattle/Texas/24-008749-003/2024(H5N1)	574	22344
NS|PP755593.1|A/cattle/Texas/24-008749-003/2024(H5N1)	575	22360
NS|PP755593.1|A/cattle/Texas/24-008749-003/2024(H5N1)	576	22359
NS|PP755593.1|A/cattle/Texas/24-008749-003/2024(H5N1)	577	22304
NS|PP755593.1|A/cattle/Texas/24-008749-003/2024(H5N1)	578	22221
NS|PP755593.1|A/cattle/Texas/24-008749-003/2024(H5N1)	579	22231
NS|PP755593.1|A/cattle/Texas/24-008749-003/2024(H5N1)	580	22224
NS|PP755593.1|A/cattle/Texas/24-008749-003/2024(H5N1)	581	22192
NS|PP755593.1|A/cattle/Texas/24-008749-003/2024(H5N1)	582	22288
NS|PP755593.1|A/cattle/Texas/24-008749-003/2024(H5N1)	583	21985
NS|PP755593.1|A/cattle/Texas/24-008749-003/2024(H5N1)	584	21974
NS|PP755593.1|A/cattle/Texas/24-008749-003/2024(H5N1)	585	21975
NS|PP755593.1|A/cattle/Texas/24-008749-003/2024(H5N1)	586	21995
NS|PP755593.1|A/cattle/Texas/24-008749-003/2024(H5N1)	587	22094
NS|PP755593.1|A/cattle/Texas/24-008749-003/2024(H5N1)	588	22088
NS|PP755593.1|A/cattle/Texas/24-008749-003/2024(H5N1)	589	22149
NS|PP755593.1|A/cattle/Texas/24-008749-003/2024(H5N1)	590	22144
NS|PP755593.1|A/cattle/Texas/24-008749-003/2024(H5N1)	591	21959
NS|PP755593.1|A/cattle/Texas/24-008749-003/2024(H5N1)	592	22020
NS|PP755593.1|A/cattle/Texas/24-008749-003/2024(H5N1)	593	21979
NS|PP755593.1|A/cattle/Texas/24-008749-003/2024(H5N1)	594	21950
NS|PP755593.1|A/cattle/Texas/24-008749-003/2024(H5N1)	595	21918
NS|PP755593.1|A/cattle/Texas/24-008749-003/2024(H5N1)	596	21858
NS|PP755593.1|A/cattle/Texas/24-008749-003/2024(H5N1)	597	21877
NS|PP755593.1|A/cattle/Texas/24-008749-003/2024(H5N1)	598	21577
NS|PP755593.1|A/cattle/Texas/24-008749-003/2024(H5N1)	599	21528
NS|PP755593.1|A/cattle/Texas/24-008749-003/2024(H5N1)	600	21619
NS|PP755593.1|A/cattle/Texas/24-008749-003/2024(H5N1)	601	21530
NS|PP755593.1|A/cattle/Texas/24-008749-003/2024(H5N1)	602	21549
NS|PP755593.1|A/cattle/Texas/24-008749-003/2024(H5N1)	603	21167
NS|PP755593.1|A/cattle/Texas/24-008749-003/2024(H5N1)	604	21182
NS|PP755593.1|A/cattle/Texas/24-008749-003/2024(H5N1)	605	21228
NS|PP755593.1|A/cattle/Texas/24-008749-003/2024(H5N1)	606	21213
NS|PP755593.1|A/cattle/Texas/24-008749-003/2024(H5N1)	607	21207
NS|PP755593.1|A/cattle/Texas/24-008749-003/2024(H5N1)	608	21081
NS|PP755593.1|A/cattle/Texas/24-008749-003/2024(H5N1)	609	21052
NS|PP755593.1|A/cattle/Texas/24-008749-003/2024(H5N1)	610	21292
NS|PP755593.1|A/cattle/Texas/24-008749-003/2024(H5N1)	611	21278
NS|PP755593.1|A/cattle/Texas/24-008749-003/2024(H5N1)	612	21255
NS|PP755593.1|A/cattle/Texas/24-008749-003/2024(H5N1)	613	21086
NS|PP755593.1|A/cattle/Texas/24-008749-003/2024(H5N1)	614	20902
NS|PP755593.1|A/cattle/Texas/24-008749-003/2024(H5N1)	615	21900
NS|PP755593.1|A/cattle/Texas/24-008749-003/2024(H5N1)	616	21876
NS|PP755593.1|A/cattle/Texas/24-008749-003/2024(H5N1)	617	22110
NS|PP755593.1|A/cattle/Texas/24-008749-003/2024(H5N1)	618	22134
NS|PP755593.1|A/cattle/Texas/24-008749-003/2024(H5N1)	619	22170
NS|PP755593.1|A/cattle/Texas/24-008749-003/2024(H5N1)	620	22172
NS|PP755593.1|A/cattle/Texas/24-008749-003/2024(H5N1)	621	22084
NS|PP755593.1|A/cattle/Texas/24-008749-003/2024(H5N1)	622	22156
NS|PP755593.1|A/cattle/Texas/24-008749-003/2024(H5N1)	623	21698
NS|PP755593.1|A/cattle/Texas/24-008749-003/2024(H5N1)	624	21727
NS|PP755593.1|A/cattle/Texas/24-008749-003/2024(H5N1)	625	21752
NS|PP755593.1|A/cattle/Texas/24-008749-003/2024(H5N1)	626	21196
NS|PP755593.1|A/cattle/Texas/24-008749-003/2024(H5N1)	627	21216
NS|PP755593.1|A/cattle/Texas/24-008749-003/2024(H5N1)	628	21093
NS|PP755593.1|A/cattle/Texas/24-008749-003/2024(H5N1)	629	21097
NS|PP755593.1|A/cattle/Texas/24-008749-003/2024(H5N1)	630	21093
NS|PP755593.1|A/cattle/Texas/24-008749-003/2024(H5N1)	631	20892
NS|PP755593.1|A/cattle/Texas/24-008749-003/2024(H5N1)	632	20893
NS|PP755593.1|A/cattle/Texas/24-008749-003/2024(H5N1)	633	20475
NS|PP755593.1|A/cattle/Texas/24-008749-003/2024(H5N1)	634	20637
NS|PP755593.1|A/cattle/Texas/24-008749-003/2024(H5N1)	635	20620
NS|PP755593.1|A/cattle/Texas/24-008749-003/2024(H5N1)	636	20533
NS|PP755593.1|A/cattle/Texas/24-008749-003/2024(H5N1)	637	20522
NS|PP755593.1|A/cattle/Texas/24-008749-003/2024(H5N1)	638	20431
NS|PP755593.1|A/cattle/Texas/24-008749-003/2024(H5N1)	639	20426
NS|PP755593.1|A/cattle/Texas/24-008749-003/2024(H5N1)	640	20416
NS|PP755593.1|A/cattle/Texas/24-008749-003/2024(H5N1)	641	20299
NS|PP755593.1|A/cattle/Texas/24-008749-003/2024(H5N1)	642	20304
NS|PP755593.1|A/cattle/Texas/24-008749-003/2024(H5N1)	643	19669
NS|PP755593.1|A/cattle/Texas/24-008749-003/2024(H5N1)	644	19665
NS|PP755593.1|A/cattle/Texas/24-008749-003/2024(H5N1)	645	19650
NS|PP755593.1|A/cattle/Texas/24-008749-003/2024(H5N1)	646	19643
NS|PP755593.1|A/cattle/Texas/24-008749-003/2024(H5N1)	647	19622
NS|PP755593.1|A/cattle/Texas/24-008749-003/2024(H5N1)	648	19549
NS|PP755593.1|A/cattle/Texas/24-008749-003/2024(H5N1)	649	19545
NS|PP755593.1|A/cattle/Texas/24-008749-003/2024(H5N1)	650	19446
NS|PP755593.1|A/cattle/Texas/24-008749-003/2024(H5N1)	651	19375
NS|PP755593.1|A/cattle/Texas/24-008749-003/2024(H5N1)	652	19343
NS|PP755593.1|A/cattle/Texas/24-008749-003/2024(H5N1)	653	18825
NS|PP755593.1|A/cattle/Texas/24-008749-003/2024(H5N1)	654	18827
NS|PP755593.1|A/cattle/Texas/24-008749-003/2024(H5N1)	655	18756
NS|PP755593.1|A/cattle/Texas/24-008749-003/2024(H5N1)	656	18757
NS|PP755593.1|A/cattle/Texas/24-008749-003/2024(H5N1)	657	18762
NS|PP755593.1|A/cattle/Texas/24-008749-003/2024(H5N1)	658	18729
NS|PP755593.1|A/cattle/Texas/24-008749-003/2024(H5N1)	659	18726
NS|PP755593.1|A/cattle/Texas/24-008749-003/2024(H5N1)	660	18697
NS|PP755593.1|A/cattle/Texas/24-008749-003/2024(H5N1)	661	18654
NS|PP755593.1|A/cattle/Texas/24-008749-003/2024(H5N1)	662	18663
NS|PP755593.1|A/cattle/Texas/24-008749-003/2024(H5N1)	663	18644
NS|PP755593.1|A/cattle/Texas/24-008749-003/2024(H5N1)	664	18638
NS|PP755593.1|A/cattle/Texas/24-008749-003/2024(H5N1)	665	18628
NS|PP755593.1|A/cattle/Texas/24-008749-003/2024(H5N1)	666	18618
NS|PP755593.1|A/cattle/Texas/24-008749-003/2024(H5N1)	667	18615
NS|PP755593.1|A/cattle/Texas/24-008749-003/2024(H5N1)	668	18517
NS|PP755593.1|A/cattle/Texas/24-008749-003/2024(H5N1)	669	18514
NS|PP755593.1|A/cattle/Texas/24-008749-003/2024(H5N1)	670	18486
NS|PP755593.1|A/cattle/Texas/24-008749-003/2024(H5N1)	671	18402
NS|PP755593.1|A/cattle/Texas/24-008749-003/2024(H5N1)	672	18386
NS|PP755593.1|A/cattle/Texas/24-008749-003/2024(H5N1)	673	18392
NS|PP755593.1|A/cattle/Texas/24-008749-003/2024(H5N1)	674	18417
NS|PP755593.1|A/cattle/Texas/24-008749-003/2024(H5N1)	675	18331
NS|PP755593.1|A/cattle/Texas/24-008749-003/2024(H5N1)	676	18328
NS|PP755593.1|A/cattle/Texas/24-008749-003/2024(H5N1)	677	18323
NS|PP755593.1|A/cattle/Texas/24-008749-003/2024(H5N1)	678	18299
NS|PP755593.1|A/cattle/Texas/24-008749-003/2024(H5N1)	679	17726
NS|PP755593.1|A/cattle/Texas/24-008749-003/2024(H5N1)	680	17570
NS|PP755593.1|A/cattle/Texas/24-008749-003/2024(H5N1)	681	17549
NS|PP755593.1|A/cattle/Texas/24-008749-003/2024(H5N1)	682	17463
NS|PP755593.1|A/cattle/Texas/24-008749-003/2024(H5N1)	683	17177
NS|PP755593.1|A/cattle/Texas/24-008749-003/2024(H5N1)	684	17144
NS|PP755593.1|A/cattle/Texas/24-008749-003/2024(H5N1)	685	17140
NS|PP755593.1|A/cattle/Texas/24-008749-003/2024(H5N1)	686	17110
NS|PP755593.1|A/cattle/Texas/24-008749-003/2024(H5N1)	687	17110
NS|PP755593.1|A/cattle/Texas/24-008749-003/2024(H5N1)	688	17102
NS|PP755593.1|A/cattle/Texas/24-008749-003/2024(H5N1)	689	16495
NS|PP755593.1|A/cattle/Texas/24-008749-003/2024(H5N1)	690	16476
NS|PP755593.1|A/cattle/Texas/24-008749-003/2024(H5N1)	691	16468
NS|PP755593.1|A/cattle/Texas/24-008749-003/2024(H5N1)	692	16464
NS|PP755593.1|A/cattle/Texas/24-008749-003/2024(H5N1)	693	16464
NS|PP755593.1|A/cattle/Texas/24-008749-003/2024(H5N1)	694	16420
NS|PP755593.1|A/cattle/Texas/24-008749-003/2024(H5N1)	695	16419
NS|PP755593.1|A/cattle/Texas/24-008749-003/2024(H5N1)	696	16337
NS|PP755593.1|A/cattle/Texas/24-008749-003/2024(H5N1)	697	16266
NS|PP755593.1|A/cattle/Texas/24-008749-003/2024(H5N1)	698	16260
NS|PP755593.1|A/cattle/Texas/24-008749-003/2024(H5N1)	699	16275
NS|PP755593.1|A/cattle/Texas/24-008749-003/2024(H5N1)	700	16235
NS|PP755593.1|A/cattle/Texas/24-008749-003/2024(H5N1)	701	16188
NS|PP755593.1|A/cattle/Texas/24-008749-003/2024(H5N1)	702	16180
NS|PP755593.1|A/cattle/Texas/24-008749-003/2024(H5N1)	703	16122
NS|PP755593.1|A/cattle/Texas/24-008749-003/2024(H5N1)	704	15879
NS|PP755593.1|A/cattle/Texas/24-008749-003/2024(H5N1)	705	15674
NS|PP755593.1|A/cattle/Texas/24-008749-003/2024(H5N1)	706	15669
NS|PP755593.1|A/cattle/Texas/24-008749-003/2024(H5N1)	707	15623
NS|PP755593.1|A/cattle/Texas/24-008749-003/2024(H5N1)	708	15439
NS|PP755593.1|A/cattle/Texas/24-008749-003/2024(H5N1)	709	15524
NS|PP755593.1|A/cattle/Texas/24-008749-003/2024(H5N1)	710	15512
NS|PP755593.1|A/cattle/Texas/24-008749-003/2024(H5N1)	711	15526
NS|PP755593.1|A/cattle/Texas/24-008749-003/2024(H5N1)	712	15464
NS|PP755593.1|A/cattle/Texas/24-008749-003/2024(H5N1)	713	15446
NS|PP755593.1|A/cattle/Texas/24-008749-003/2024(H5N1)	714	15371
NS|PP755593.1|A/cattle/Texas/24-008749-003/2024(H5N1)	715	15326
NS|PP755593.1|A/cattle/Texas/24-008749-003/2024(H5N1)	716	15310
NS|PP755593.1|A/cattle/Texas/24-008749-003/2024(H5N1)	717	15241
NS|PP755593.1|A/cattle/Texas/24-008749-003/2024(H5N1)	718	14401
NS|PP755593.1|A/cattle/Texas/24-008749-003/2024(H5N1)	719	14473
NS|PP755593.1|A/cattle/Texas/24-008749-003/2024(H5N1)	720	14183
NS|PP755593.1|A/cattle/Texas/24-008749-003/2024(H5N1)	721	14191
NS|PP755593.1|A/cattle/Texas/24-008749-003/2024(H5N1)	722	14136
NS|PP755593.1|A/cattle/Texas/24-008749-003/2024(H5N1)	723	14062
NS|PP755593.1|A/cattle/Texas/24-008749-003/2024(H5N1)	724	14019
NS|PP755593.1|A/cattle/Texas/24-008749-003/2024(H5N1)	725	13996
NS|PP755593.1|A/cattle/Texas/24-008749-003/2024(H5N1)	726	13950
NS|PP755593.1|A/cattle/Texas/24-008749-003/2024(H5N1)	727	13901
NS|PP755593.1|A/cattle/Texas/24-008749-003/2024(H5N1)	728	13184
NS|PP755593.1|A/cattle/Texas/24-008749-003/2024(H5N1)	729	13164
NS|PP755593.1|A/cattle/Texas/24-008749-003/2024(H5N1)	730	13114
NS|PP755593.1|A/cattle/Texas/24-008749-003/2024(H5N1)	731	12462
NS|PP755593.1|A/cattle/Texas/24-008749-003/2024(H5N1)	732	12407
NS|PP755593.1|A/cattle/Texas/24-008749-003/2024(H5N1)	733	12290
NS|PP755593.1|A/cattle/Texas/24-008749-003/2024(H5N1)	734	12290
NS|PP755593.1|A/cattle/Texas/24-008749-003/2024(H5N1)	735	12319
NS|PP755593.1|A/cattle/Texas/24-008749-003/2024(H5N1)	736	12321
NS|PP755593.1|A/cattle/Texas/24-008749-003/2024(H5N1)	737	12140
NS|PP755593.1|A/cattle/Texas/24-008749-003/2024(H5N1)	738	11637
NS|PP755593.1|A/cattle/Texas/24-008749-003/2024(H5N1)	739	11591
NS|PP755593.1|A/cattle/Texas/24-008749-003/2024(H5N1)	740	11621
NS|PP755593.1|A/cattle/Texas/24-008749-003/2024(H5N1)	741	11621
NS|PP755593.1|A/cattle/Texas/24-008749-003/2024(H5N1)	742	11442
NS|PP755593.1|A/cattle/Texas/24-008749-003/2024(H5N1)	743	11446
NS|PP755593.1|A/cattle/Texas/24-008749-003/2024(H5N1)	744	11082
NS|PP755593.1|A/cattle/Texas/24-008749-003/2024(H5N1)	745	11037
NS|PP755593.1|A/cattle/Texas/24-008749-003/2024(H5N1)	746	11037
NS|PP755593.1|A/cattle/Texas/24-008749-003/2024(H5N1)	747	10653
NS|PP755593.1|A/cattle/Texas/24-008749-003/2024(H5N1)	748	10584
NS|PP755593.1|A/cattle/Texas/24-008749-003/2024(H5N1)	749	10700
NS|PP755593.1|A/cattle/Texas/24-008749-003/2024(H5N1)	750	10722
NS|PP755593.1|A/cattle/Texas/24-008749-003/2024(H5N1)	751	10720
NS|PP755593.1|A/cattle/Texas/24-008749-003/2024(H5N1)	752	10658
NS|PP755593.1|A/cattle/Texas/24-008749-003/2024(H5N1)	753	10567
NS|PP755593.1|A/cattle/Texas/24-008749-003/2024(H5N1)	754	10248
NS|PP755593.1|A/cattle/Texas/24-008749-003/2024(H5N1)	755	10247
NS|PP755593.1|A/cattle/Texas/24-008749-003/2024(H5N1)	756	10247
NS|PP755593.1|A/cattle/Texas/24-008749-003/2024(H5N1)	757	10101
NS|PP755593.1|A/cattle/Texas/24-008749-003/2024(H5N1)	758	10051
NS|PP755593.1|A/cattle/Texas/24-008749-003/2024(H5N1)	759	9768
NS|PP755593.1|A/cattle/Texas/24-008749-003/2024(H5N1)	760	9652
NS|PP755593.1|A/cattle/Texas/24-008749-003/2024(H5N1)	761	9651
NS|PP755593.1|A/cattle/Texas/24-008749-003/2024(H5N1)	762	9596
NS|PP755593.1|A/cattle/Texas/24-008749-003/2024(H5N1)	763	9598
NS|PP755593.1|A/cattle/Texas/24-008749-003/2024(H5N1)	764	9593
NS|PP755593.1|A/cattle/Texas/24-008749-003/2024(H5N1)	765	9590
NS|PP755593.1|A/cattle/Texas/24-008749-003/2024(H5N1)	766	9574
NS|PP755593.1|A/cattle/Texas/24-008749-003/2024(H5N1)	767	9451
NS|PP755593.1|A/cattle/Texas/24-008749-003/2024(H5N1)	768	9403
NS|PP755593.1|A/cattle/Texas/24-008749-003/2024(H5N1)	769	9330
NS|PP755593.1|A/cattle/Texas/24-008749-003/2024(H5N1)	770	9328
NS|PP755593.1|A/cattle/Texas/24-008749-003/2024(H5N1)	771	9298
NS|PP755593.1|A/cattle/Texas/24-008749-003/2024(H5N1)	772	9297
NS|PP755593.1|A/cattle/Texas/24-008749-003/2024(H5N1)	773	9259
NS|PP755593.1|A/cattle/Texas/24-008749-003/2024(H5N1)	774	8888
NS|PP755593.1|A/cattle/Texas/24-008749-003/2024(H5N1)	775	8887
NS|PP755593.1|A/cattle/Texas/24-008749-003/2024(H5N1)	776	8900
NS|PP755593.1|A/cattle/Texas/24-008749-003/2024(H5N1)	777	8928
NS|PP755593.1|A/cattle/Texas/24-008749-003/2024(H5N1)	778	8898
NS|PP755593.1|A/cattle/Texas/24-008749-003/2024(H5N1)	779	8785
NS|PP755593.1|A/cattle/Texas/24-008749-003/2024(H5N1)	780	8796
NS|PP755593.1|A/cattle/Texas/24-008749-003/2024(H5N1)	781	8763
NS|PP755593.1|A/cattle/Texas/24-008749-003/2024(H5N1)	782	8736
NS|PP755593.1|A/cattle/Texas/24-008749-003/2024(H5N1)	783	8728
NS|PP755593.1|A/cattle/Texas/24-008749-003/2024(H5N1)	784	8667
NS|PP755593.1|A/cattle/Texas/24-008749-003/2024(H5N1)	785	8615
NS|PP755593.1|A/cattle/Texas/24-008749-003/2024(H5N1)	786	7160
NS|PP755593.1|A/cattle/Texas/24-008749-003/2024(H5N1)	787	7096
NS|PP755593.1|A/cattle/Texas/24-008749-003/2024(H5N1)	788	6935
NS|PP755593.1|A/cattle/Texas/24-008749-003/2024(H5N1)	789	6806
NS|PP755593.1|A/cattle/Texas/24-008749-003/2024(H5N1)	790	6818
NS|PP755593.1|A/cattle/Texas/24-008749-003/2024(H5N1)	791	6483
NS|PP755593.1|A/cattle/Texas/24-008749-003/2024(H5N1)	792	6476
NS|PP755593.1|A/cattle/Texas/24-008749-003/2024(H5N1)	793	6393
NS|PP755593.1|A/cattle/Texas/24-008749-003/2024(H5N1)	794	6245
NS|PP755593.1|A/cattle/Texas/24-008749-003/2024(H5N1)	795	6241
NS|PP755593.1|A/cattle/Texas/24-008749-003/2024(H5N1)	796	6201
NS|PP755593.1|A/cattle/Texas/24-008749-003/2024(H5N1)	797	6205
NS|PP755593.1|A/cattle/Texas/24-008749-003/2024(H5N1)	798	6042
NS|PP755593.1|A/cattle/Texas/24-008749-003/2024(H5N1)	799	5750
NS|PP755593.1|A/cattle/Texas/24-008749-003/2024(H5N1)	800	5750
NS|PP755593.1|A/cattle/Texas/24-008749-003/2024(H5N1)	801	5720
NS|PP755593.1|A/cattle/Texas/24-008749-003/2024(H5N1)	802	5684
NS|PP755593.1|A/cattle/Texas/24-008749-003/2024(H5N1)	803	5597
NS|PP755593.1|A/cattle/Texas/24-008749-003/2024(H5N1)	804	5417
NS|PP755593.1|A/cattle/Texas/24-008749-003/2024(H5N1)	805	5429
NS|PP755593.1|A/cattle/Texas/24-008749-003/2024(H5N1)	806	5417
NS|PP755593.1|A/cattle/Texas/24-008749-003/2024(H5N1)	807	5341
NS|PP755593.1|A/cattle/Texas/24-008749-003/2024(H5N1)	808	5353
NS|PP755593.1|A/cattle/Texas/24-008749-003/2024(H5N1)	809	4890
NS|PP755593.1|A/cattle/Texas/24-008749-003/2024(H5N1)	810	4868
NS|PP755593.1|A/cattle/Texas/24-008749-003/2024(H5N1)	811	4847
NS|PP755593.1|A/cattle/Texas/24-008749-003/2024(H5N1)	812	4786
NS|PP755593.1|A/cattle/Texas/24-008749-003/2024(H5N1)	813	4783
NS|PP755593.1|A/cattle/Texas/24-008749-003/2024(H5N1)	814	4652
NS|PP755593.1|A/cattle/Texas/24-008749-003/2024(H5N1)	815	4468
NS|PP755593.1|A/cattle/Texas/24-008749-003/2024(H5N1)	816	4380
NS|PP755593.1|A/cattle/Texas/24-008749-003/2024(H5N1)	817	3822
NS|PP755593.1|A/cattle/Texas/24-008749-003/2024(H5N1)	818	3815
NS|PP755593.1|A/cattle/Texas/24-008749-003/2024(H5N1)	819	3806
NS|PP755593.1|A/cattle/Texas/24-008749-003/2024(H5N1)	820	3783
NS|PP755593.1|A/cattle/Texas/24-008749-003/2024(H5N1)	821	3782
NS|PP755593.1|A/cattle/Texas/24-008749-003/2024(H5N1)	822	3661
NS|PP755593.1|A/cattle/Texas/24-008749-003/2024(H5N1)	823	3644
NS|PP755593.1|A/cattle/Texas/24-008749-003/2024(H5N1)	824	3615
NS|PP755593.1|A/cattle/Texas/24-008749-003/2024(H5N1)	825	3552
NS|PP755593.1|A/cattle/Texas/24-008749-003/2024(H5N1)	826	3546
NS|PP755593.1|A/cattle/Texas/24-008749-003/2024(H5N1)	827	3538
NS|PP755593.1|A/cattle/Texas/24-008749-003/2024(H5N1)	828	3518
NS|PP755593.1|A/cattle/Texas/24-008749-003/2024(H5N1)	829	3517
NS|PP755593.1|A/cattle/Texas/24-008749-003/2024(H5N1)	830	3508
NS|PP755593.1|A/cattle/Texas/24-008749-003/2024(H5N1)	831	3409
NS|PP755593.1|A/cattle/Texas/24-008749-003/2024(H5N1)	832	3380
NS|PP755593.1|A/cattle/Texas/24-008749-003/2024(H5N1)	833	3287
NS|PP755593.1|A/cattle/Texas/24-008749-003/2024(H5N1)	834	3284
NS|PP755593.1|A/cattle/Texas/24-008749-003/2024(H5N1)	835	3281
NS|PP755593.1|A/cattle/Texas/24-008749-003/2024(H5N1)	836	3265
NS|PP755593.1|A/cattle/Texas/24-008749-003/2024(H5N1)	837	3161
NS|PP755593.1|A/cattle/Texas/24-008749-003/2024(H5N1)	838	3119
