PA|PP755594.1|A/cattle/Texas/24-008749-003/2024(H5N1)	1	772
PA|PP755594.1|A/cattle/Texas/24-008749-003/2024(H5N1)	2	773
PA|PP755594.1|A/cattle/Texas/24-008749-003/2024(H5N1)	3	777
PA|PP755594.1|A/cattle/Texas/24-008749-003/2024(H5N1)	4	777
PA|PP755594.1|A/cattle/Texas/24-008749-003/2024(H5N1)	5	780
PA|PP755594.1|A/cattle/Texas/24-008749-003/2024(H5N1)	6	783
PA|PP755594.1|A/cattle/Texas/24-008749-003/2024(H5N1)	7	788
PA|PP755594.1|A/cattle/Texas/24-008749-003/2024(H5N1)	8	826
PA|PP755594.1|A/cattle/Texas/24-008749-003/2024(H5N1)	9	827
PA|PP755594.1|A/cattle/Texas/24-008749-003/2024(H5N1)	10	827
PA|PP755594.1|A/cattle/Texas/24-008749-003/2024(H5N1)	11	914
PA|PP755594.1|A/cattle/Texas/24-008749-003/2024(H5N1)	12	919
PA|PP755594.1|A/cattle/Texas/24-008749-003/2024(H5N1)	13	935
PA|PP755594.1|A/cattle/Texas/24-008749-003/2024(H5N1)	14	935
PA|PP755594.1|A/cattle/Texas/24-008749-003/2024(H5N1)	15	935
PA|PP755594.1|A/cattle/Texas/24-008749-003/2024(H5N1)	16	961
PA|PP755594.1|A/cattle/Texas/24-008749-003/2024(H5N1)	17	961
PA|PP755594.1|A/cattle/Texas/24-008749-003/2024(H5N1)	18	979
PA|PP755594.1|A/cattle/Texas/24-008749-003/2024(H5N1)	19	988
PA|PP755594.1|A/cattle/Texas/24-008749-003/2024(H5N1)	20	988
PA|PP755594.1|A/cattle/Texas/24-008749-003/2024(H5N1)	21	999
PA|PP755594.1|A/cattle/Texas/24-008749-003/2024(H5N1)	22	1002
PA|PP755594.1|A/cattle/Texas/24-008749-003/2024(H5N1)	23	1034
PA|PP755594.1|A/cattle/Texas/24-008749-003/2024(H5N1)	24	1062
PA|PP755594.1|A/cattle/Texas/24-008749-003/2024(H5N1)	25	1062
PA|PP755594.1|A/cattle/Texas/24-008749-003/2024(H5N1)	26	1064
PA|PP755594.1|A/cattle/Texas/24-008749-003/2024(H5N1)	27	1064
PA|PP755594.1|A/cattle/Texas/24-008749-003/2024(H5N1)	28	1070
PA|PP755594.1|A/cattle/Texas/24-008749-003/2024(H5N1)	29	1114
PA|PP755594.1|A/cattle/Texas/24-008749-003/2024(H5N1)	30	1116
PA|PP755594.1|A/cattle/Texas/24-008749-003/2024(H5N1)	31	1119
PA|PP755594.1|A/cattle/Texas/24-008749-003/2024(H5N1)	32	1119
PA|PP755594.1|A/cattle/Texas/24-008749-003/2024(H5N1)	33	1121
PA|PP755594.1|A/cattle/Texas/24-008749-003/2024(H5N1)	34	1129
PA|PP755594.1|A/cattle/Texas/24-008749-003/2024(H5N1)	35	1142
PA|PP755594.1|A/cattle/Texas/24-008749-003/2024(H5N1)	36	1144
PA|PP755594.1|A/cattle/Texas/24-008749-003/2024(H5N1)	37	1160
PA|PP755594.1|A/cattle/Texas/24-008749-003/2024(H5N1)	38	1162
PA|PP755594.1|A/cattle/Texas/24-008749-003/2024(H5N1)	39	1173
PA|PP755594.1|A/cattle/Texas/24-008749-003/2024(H5N1)	40	1175
PA|PP755594.1|A/cattle/Texas/24-008749-003/2024(H5N1)	41	1178
PA|PP755594.1|A/cattle/Texas/24-008749-003/2024(H5N1)	42	1186
PA|PP755594.1|A/cattle/Texas/24-008749-003/2024(H5N1)	43	1186
PA|PP755594.1|A/cattle/Texas/24-008749-003/2024(H5N1)	44	1198
PA|PP755594.1|A/cattle/Texas/24-008749-003/2024(H5N1)	45	1201
PA|PP755594.1|A/cattle/Texas/24-008749-003/2024(H5N1)	46	1205
PA|PP755594.1|A/cattle/Texas/24-008749-003/2024(H5N1)	47	1205
PA|PP755594.1|A/cattle/Texas/24-008749-003/2024(H5N1)	48	1208
PA|PP755594.1|A/cattle/Texas/24-008749-003/2024(H5N1)	49	1212
PA|PP755594.1|A/cattle/Texas/24-008749-003/2024(H5N1)	50	1214
PA|PP755594.1|A/cattle/Texas/24-008749-003/2024(H5N1)	51	1217
PA|PP755594.1|A/cattle/Texas/24-008749-003/2024(H5N1)	52	1217
PA|PP755594.1|A/cattle/Texas/24-008749-003/2024(H5N1)	53	1219
PA|PP755594.1|A/cattle/Texas/24-008749-003/2024(H5N1)	54	1222
PA|PP755594.1|A/cattle/Texas/24-008749-003/2024(H5N1)	55	1222
PA|PP755594.1|A/cattle/Texas/24-008749-003/2024(H5N1)	56	1224
PA|PP755594.1|A/cattle/Texas/24-008749-003/2024(H5N1)	57	1239
PA|PP755594.1|A/cattle/Texas/24-008749-003/2024(H5N1)	58	1240
PA|PP755594.1|A/cattle/Texas/24-008749-003/2024(H5N1)	59	1266
PA|PP755594.1|A/cattle/Texas/24-008749-003/2024(H5N1)	60	1266
PA|PP755594.1|A/cattle/Texas/24-008749-003/2024(H5N1)	61	1280
PA|PP755594.1|A/cattle/Texas/24-008749-003/2024(H5N1)	62	1283
PA|PP755594.1|A/cattle/Texas/24-008749-003/2024(H5N1)	63	1294
PA|PP755594.1|A/cattle/Texas/24-008749-003/2024(H5N1)	64	1313
PA|PP755594.1|A/cattle/Texas/24-008749-003/2024(H5N1)	65	1313
PA|PP755594.1|A/cattle/Texas/24-008749-003/2024(H5N1)	66	1316
PA|PP755594.1|A/cattle/Texas/24-008749-003/2024(H5N1)	67	1342
PA|PP755594.1|A/cattle/Texas/24-008749-003/2024(H5N1)	68	1351
PA|PP755594.1|A/cattle/Texas/24-008749-003/2024(H5N1)	69	1442
PA|PP755594.1|A/cattle/Texas/24-008749-003/2024(H5N1)	70	1445
PA|PP755594.1|A/cattle/Texas/24-008749-003/2024(H5N1)	71	1460
PA|PP755594.1|A/cattle/Texas/24-008749-003/2024(H5N1)	72	1454
PA|PP755594.1|A/cattle/Texas/24-008749-003/2024(H5N1)	73	1457
PA|PP755594.1|A/cattle/Texas/24-008749-003/2024(H5N1)	74	1472
PA|PP755594.1|A/cattle/Texas/24-008749-003/2024(H5N1)	75	1471
PA|PP755594.1|A/cattle/Texas/24-008749-003/2024(H5N1)	76	1468
PA|PP755594.1|A/cattle/Texas/24-008749-003/2024(H5N1)	77	1468
PA|PP755594.1|A/cattle/Texas/24-008749-003/2024(H5N1)	78	1459
PA|PP755594.1|A/cattle/Texas/24-008749-003/2024(H5N1)	79	1462
PA|PP755594.1|A/cattle/Texas/24-008749-003/2024(H5N1)	80	1465
PA|PP755594.1|A/cattle/Texas/24-008749-003/2024(H5N1)	81	1470
PA|PP755594.1|A/cattle/Texas/24-008749-003/2024(H5N1)	82	1472
PA|PP755594.1|A/cattle/Texas/24-008749-003/2024(H5N1)	83	1474
PA|PP755594.1|A/cattle/Texas/24-008749-003/2024(H5N1)	84	1474
PA|PP755594.1|A/cattle/Texas/24-008749-003/2024(H5N1)	85	1472
PA|PP755594.1|A/cattle/Texas/24-008749-003/2024(H5N1)	86	1472
PA|PP755594.1|A/cattle/Texas/24-008749-003/2024(H5N1)	87	1471
PA|PP755594.1|A/cattle/Texas/24-008749-003/2024(H5N1)	88	1465
PA|PP755594.1|A/cattle/Texas/24-008749-003/2024(H5N1)	89	1465
PA|PP755594.1|A/cattle/Texas/24-008749-003/2024(H5N1)	90	1123
PA|PP755594.1|A/cattle/Texas/24-008749-003/2024(H5N1)	91	1123
PA|PP755594.1|A/cattle/Texas/24-008749-003/2024(H5N1)	92	1123
PA|PP755594.1|A/cattle/Texas/24-008749-003/2024(H5N1)	93	1123
PA|PP755594.1|A/cattle/Texas/24-008749-003/2024(H5N1)	94	1123
PA|PP755594.1|A/cattle/Texas/24-008749-003/2024(H5N1)	95	1123
PA|PP755594.1|A/cattle/Texas/24-008749-003/2024(H5N1)	96	1123
PA|PP755594.1|A/cattle/Texas/24-008749-003/2024(H5N1)	97	1139
PA|PP755594.1|A/cattle/Texas/24-008749-003/2024(H5N1)	98	1141
PA|PP755594.1|A/cattle/Texas/24-008749-003/2024(H5N1)	99	1142
PA|PP755594.1|A/cattle/Texas/24-008749-003/2024(H5N1)	100	1142
PA|PP755594.1|A/cattle/Texas/24-008749-003/2024(H5N1)	101	1142
PA|PP755594.1|A/cattle/Texas/24-008749-003/2024(H5N1)	102	1142
PA|PP755594.1|A/cattle/Texas/24-008749-003/2024(H5N1)	103	1146
PA|PP755594.1|A/cattle/Texas/24-008749-003/2024(H5N1)	104	1146
PA|PP755594.1|A/cattle/Texas/24-008749-003/2024(H5N1)	105	1146
PA|PP755594.1|A/cattle/Texas/24-008749-003/2024(H5N1)	106	1146
PA|PP755594.1|A/cattle/Texas/24-008749-003/2024(H5N1)	107	1166
PA|PP755594.1|A/cattle/Texas/24-008749-003/2024(H5N1)	108	1166
PA|PP755594.1|A/cattle/Texas/24-008749-003/2024(H5N1)	109	1305
PA|PP755594.1|A/cattle/Texas/24-008749-003/2024(H5N1)	110	1330
PA|PP755594.1|A/cattle/Texas/24-008749-003/2024(H5N1)	111	1377
PA|PP755594.1|A/cattle/Texas/24-008749-003/2024(H5N1)	112	1384
PA|PP755594.1|A/cattle/Texas/24-008749-003/2024(H5N1)	113	1385
PA|PP755594.1|A/cattle/Texas/24-008749-003/2024(H5N1)	114	1404
PA|PP755594.1|A/cattle/Texas/24-008749-003/2024(H5N1)	115	1404
PA|PP755594.1|A/cattle/Texas/24-008749-003/2024(H5N1)	116	1398
PA|PP755594.1|A/cattle/Texas/24-008749-003/2024(H5N1)	117	1398
PA|PP755594.1|A/cattle/Texas/24-008749-003/2024(H5N1)	118	1387
PA|PP755594.1|A/cattle/Texas/24-008749-003/2024(H5N1)	119	1388
PA|PP755594.1|A/cattle/Texas/24-008749-003/2024(H5N1)	120	1367
PA|PP755594.1|A/cattle/Texas/24-008749-003/2024(H5N1)	121	1436
PA|PP755594.1|A/cattle/Texas/24-008749-003/2024(H5N1)	122	1434
PA|PP755594.1|A/cattle/Texas/24-008749-003/2024(H5N1)	123	1425
PA|PP755594.1|A/cattle/Texas/24-008749-003/2024(H5N1)	124	1426
PA|PP755594.1|A/cattle/Texas/24-008749-003/2024(H5N1)	125	1426
PA|PP755594.1|A/cattle/Texas/24-008749-003/2024(H5N1)	126	1425
PA|PP755594.1|A/cattle/Texas/24-008749-003/2024(H5N1)	127	1649
PA|PP755594.1|A/cattle/Texas/24-008749-003/2024(H5N1)	128	1689
PA|PP755594.1|A/cattle/Texas/24-008749-003/2024(H5N1)	129	1705
PA|PP755594.1|A/cattle/Texas/24-008749-003/2024(H5N1)	130	1712
PA|PP755594.1|A/cattle/Texas/24-008749-003/2024(H5N1)	131	1705
PA|PP755594.1|A/cattle/Texas/24-008749-003/2024(H5N1)	132	1511
PA|PP755594.1|A/cattle/Texas/24-008749-003/2024(H5N1)	133	1514
PA|PP755594.1|A/cattle/Texas/24-008749-003/2024(H5N1)	134	1547
PA|PP755594.1|A/cattle/Texas/24-008749-003/2024(H5N1)	135	1551
PA|PP755594.1|A/cattle/Texas/24-008749-003/2024(H5N1)	136	1553
PA|PP755594.1|A/cattle/Texas/24-008749-003/2024(H5N1)	137	1555
PA|PP755594.1|A/cattle/Texas/24-008749-003/2024(H5N1)	138	1520
PA|PP755594.1|A/cattle/Texas/24-008749-003/2024(H5N1)	139	1518
PA|PP755594.1|A/cattle/Texas/24-008749-003/2024(H5N1)	140	1567
PA|PP755594.1|A/cattle/Texas/24-008749-003/2024(H5N1)	141	1573
PA|PP755594.1|A/cattle/Texas/24-008749-003/2024(H5N1)	142	1575
PA|PP755594.1|A/cattle/Texas/24-008749-003/2024(H5N1)	143	1559
PA|PP755594.1|A/cattle/Texas/24-008749-003/2024(H5N1)	144	1549
PA|PP755594.1|A/cattle/Texas/24-008749-003/2024(H5N1)	145	1552
PA|PP755594.1|A/cattle/Texas/24-008749-003/2024(H5N1)	146	1566
PA|PP755594.1|A/cattle/Texas/24-008749-003/2024(H5N1)	147	1565
PA|PP755594.1|A/cattle/Texas/24-008749-003/2024(H5N1)	148	1577
PA|PP755594.1|A/cattle/Texas/24-008749-003/2024(H5N1)	149	1589
PA|PP755594.1|A/cattle/Texas/24-008749-003/2024(H5N1)	150	1574
PA|PP755594.1|A/cattle/Texas/24-008749-003/2024(H5N1)	151	1572
PA|PP755594.1|A/cattle/Texas/24-008749-003/2024(H5N1)	152	1532
PA|PP755594.1|A/cattle/Texas/24-008749-003/2024(H5N1)	153	1542
PA|PP755594.1|A/cattle/Texas/24-008749-003/2024(H5N1)	154	1545
PA|PP755594.1|A/cattle/Texas/24-008749-003/2024(H5N1)	155	1545
PA|PP755594.1|A/cattle/Texas/24-008749-003/2024(H5N1)	156	1546
PA|PP755594.1|A/cattle/Texas/24-008749-003/2024(H5N1)	157	1519
PA|PP755594.1|A/cattle/Texas/24-008749-003/2024(H5N1)	158	1524
PA|PP755594.1|A/cattle/Texas/24-008749-003/2024(H5N1)	159	1490
PA|PP755594.1|A/cattle/Texas/24-008749-003/2024(H5N1)	160	1492
PA|PP755594.1|A/cattle/Texas/24-008749-003/2024(H5N1)	161	1492
PA|PP755594.1|A/cattle/Texas/24-008749-003/2024(H5N1)	162	1415
PA|PP755594.1|A/cattle/Texas/24-008749-003/2024(H5N1)	163	1426
PA|PP755594.1|A/cattle/Texas/24-008749-003/2024(H5N1)	164	1422
PA|PP755594.1|A/cattle/Texas/24-008749-003/2024(H5N1)	165	1436
PA|PP755594.1|A/cattle/Texas/24-008749-003/2024(H5N1)	166	1446
PA|PP755594.1|A/cattle/Texas/24-008749-003/2024(H5N1)	167	1419
PA|PP755594.1|A/cattle/Texas/24-008749-003/2024(H5N1)	168	1419
PA|PP755594.1|A/cattle/Texas/24-008749-003/2024(H5N1)	169	1397
PA|PP755594.1|A/cattle/Texas/24-008749-003/2024(H5N1)	170	1393
PA|PP755594.1|A/cattle/Texas/24-008749-003/2024(H5N1)	171	1417
PA|PP755594.1|A/cattle/Texas/24-008749-003/2024(H5N1)	172	1409
PA|PP755594.1|A/cattle/Texas/24-008749-003/2024(H5N1)	173	1408
PA|PP755594.1|A/cattle/Texas/24-008749-003/2024(H5N1)	174	1365
PA|PP755594.1|A/cattle/Texas/24-008749-003/2024(H5N1)	175	1357
PA|PP755594.1|A/cattle/Texas/24-008749-003/2024(H5N1)	176	1372
PA|PP755594.1|A/cattle/Texas/24-008749-003/2024(H5N1)	177	1377
PA|PP755594.1|A/cattle/Texas/24-008749-003/2024(H5N1)	178	1378
PA|PP755594.1|A/cattle/Texas/24-008749-003/2024(H5N1)	179	1358
PA|PP755594.1|A/cattle/Texas/24-008749-003/2024(H5N1)	180	1335
PA|PP755594.1|A/cattle/Texas/24-008749-003/2024(H5N1)	181	1331
PA|PP755594.1|A/cattle/Texas/24-008749-003/2024(H5N1)	182	1328
PA|PP755594.1|A/cattle/Texas/24-008749-003/2024(H5N1)	183	1267
PA|PP755594.1|A/cattle/Texas/24-008749-003/2024(H5N1)	184	1274
PA|PP755594.1|A/cattle/Texas/24-008749-003/2024(H5N1)	185	1265
PA|PP755594.1|A/cattle/Texas/24-008749-003/2024(H5N1)	186	1253
PA|PP755594.1|A/cattle/Texas/24-008749-003/2024(H5N1)	187	1250
PA|PP755594.1|A/cattle/Texas/24-008749-003/2024(H5N1)	188	1250
PA|PP755594.1|A/cattle/Texas/24-008749-003/2024(H5N1)	189	1250
PA|PP755594.1|A/cattle/Texas/24-008749-003/2024(H5N1)	190	1398
PA|PP755594.1|A/cattle/Texas/24-008749-003/2024(H5N1)	191	1430
PA|PP755594.1|A/cattle/Texas/24-008749-003/2024(H5N1)	192	1434
PA|PP755594.1|A/cattle/Texas/24-008749-003/2024(H5N1)	193	1434
PA|PP755594.1|A/cattle/Texas/24-008749-003/2024(H5N1)	194	1419
PA|PP755594.1|A/cattle/Texas/24-008749-003/2024(H5N1)	195	1425
PA|PP755594.1|A/cattle/Texas/24-008749-003/2024(H5N1)	196	1427
PA|PP755594.1|A/cattle/Texas/24-008749-003/2024(H5N1)	197	1427
PA|PP755594.1|A/cattle/Texas/24-008749-003/2024(H5N1)	198	1434
PA|PP755594.1|A/cattle/Texas/24-008749-003/2024(H5N1)	199	1426
PA|PP755594.1|A/cattle/Texas/24-008749-003/2024(H5N1)	200	1440
PA|PP755594.1|A/cattle/Texas/24-008749-003/2024(H5N1)	201	1446
PA|PP755594.1|A/cattle/Texas/24-008749-003/2024(H5N1)	202	1447
PA|PP755594.1|A/cattle/Texas/24-008749-003/2024(H5N1)	203	1453
PA|PP755594.1|A/cattle/Texas/24-008749-003/2024(H5N1)	204	1455
PA|PP755594.1|A/cattle/Texas/24-008749-003/2024(H5N1)	205	1461
PA|PP755594.1|A/cattle/Texas/24-008749-003/2024(H5N1)	206	1469
PA|PP755594.1|A/cattle/Texas/24-008749-003/2024(H5N1)	207	1460
PA|PP755594.1|A/cattle/Texas/24-008749-003/2024(H5N1)	208	1453
PA|PP755594.1|A/cattle/Texas/24-008749-003/2024(H5N1)	209	1438
PA|PP755594.1|A/cattle/Texas/24-008749-003/2024(H5N1)	210	1425
PA|PP755594.1|A/cattle/Texas/24-008749-003/2024(H5N1)	211	1379
PA|PP755594.1|A/cattle/Texas/24-008749-003/2024(H5N1)	212	1372
PA|PP755594.1|A/cattle/Texas/24-008749-003/2024(H5N1)	213	1385
PA|PP755594.1|A/cattle/Texas/24-008749-003/2024(H5N1)	214	1387
PA|PP755594.1|A/cattle/Texas/24-008749-003/2024(H5N1)	215	1434
PA|PP755594.1|A/cattle/Texas/24-008749-003/2024(H5N1)	216	1437
PA|PP755594.1|A/cattle/Texas/24-008749-003/2024(H5N1)	217	1435
PA|PP755594.1|A/cattle/Texas/24-008749-003/2024(H5N1)	218	1412
PA|PP755594.1|A/cattle/Texas/24-008749-003/2024(H5N1)	219	1411
PA|PP755594.1|A/cattle/Texas/24-008749-003/2024(H5N1)	220	1340
PA|PP755594.1|A/cattle/Texas/24-008749-003/2024(H5N1)	221	1335
PA|PP755594.1|A/cattle/Texas/24-008749-003/2024(H5N1)	222	1328
PA|PP755594.1|A/cattle/Texas/24-008749-003/2024(H5N1)	223	1310
PA|PP755594.1|A/cattle/Texas/24-008749-003/2024(H5N1)	224	1312
PA|PP755594.1|A/cattle/Texas/24-008749-003/2024(H5N1)	225	1309
PA|PP755594.1|A/cattle/Texas/24-008749-003/2024(H5N1)	226	1343
PA|PP755594.1|A/cattle/Texas/24-008749-003/2024(H5N1)	227	1347
PA|PP755594.1|A/cattle/Texas/24-008749-003/2024(H5N1)	228	1347
PA|PP755594.1|A/cattle/Texas/24-008749-003/2024(H5N1)	229	1349
PA|PP755594.1|A/cattle/Texas/24-008749-003/2024(H5N1)	230	1373
PA|PP755594.1|A/cattle/Texas/24-008749-003/2024(H5N1)	231	1377
PA|PP755594.1|A/cattle/Texas/24-008749-003/2024(H5N1)	232	1375
PA|PP755594.1|A/cattle/Texas/24-008749-003/2024(H5N1)	233	1373
PA|PP755594.1|A/cattle/Texas/24-008749-003/2024(H5N1)	234	1373
PA|PP755594.1|A/cattle/Texas/24-008749-003/2024(H5N1)	235	1386
PA|PP755594.1|A/cattle/Texas/24-008749-003/2024(H5N1)	236	1419
PA|PP755594.1|A/cattle/Texas/24-008749-003/2024(H5N1)	237	1376
PA|PP755594.1|A/cattle/Texas/24-008749-003/2024(H5N1)	238	1375
PA|PP755594.1|A/cattle/Texas/24-008749-003/2024(H5N1)	239	1385
PA|PP755594.1|A/cattle/Texas/24-008749-003/2024(H5N1)	240	1385
PA|PP755594.1|A/cattle/Texas/24-008749-003/2024(H5N1)	241	1407
PA|PP755594.1|A/cattle/Texas/24-008749-003/2024(H5N1)	242	1417
PA|PP755594.1|A/cattle/Texas/24-008749-003/2024(H5N1)	243	1409
PA|PP755594.1|A/cattle/Texas/24-008749-003/2024(H5N1)	244	1399
PA|PP755594.1|A/cattle/Texas/24-008749-003/2024(H5N1)	245	1395
PA|PP755594.1|A/cattle/Texas/24-008749-003/2024(H5N1)	246	1429
PA|PP755594.1|A/cattle/Texas/24-008749-003/2024(H5N1)	247	1428
PA|PP755594.1|A/cattle/Texas/24-008749-003/2024(H5N1)	248	1412
PA|PP755594.1|A/cattle/Texas/24-008749-003/2024(H5N1)	249	1411
PA|PP755594.1|A/cattle/Texas/24-008749-003/2024(H5N1)	250	1349
PA|PP755594.1|A/cattle/Texas/24-008749-003/2024(H5N1)	251	1375
PA|PP755594.1|A/cattle/Texas/24-008749-003/2024(H5N1)	252	1428
PA|PP755594.1|A/cattle/Texas/24-008749-003/2024(H5N1)	253	1433
PA|PP755594.1|A/cattle/Texas/24-008749-003/2024(H5N1)	254	1465
PA|PP755594.1|A/cattle/Texas/24-008749-003/2024(H5N1)	255	1468
PA|PP755594.1|A/cattle/Texas/24-008749-003/2024(H5N1)	256	1468
PA|PP755594.1|A/cattle/Texas/24-008749-003/2024(H5N1)	257	1468
PA|PP755594.1|A/cattle/Texas/24-008749-003/2024(H5N1)	258	1526
PA|PP755594.1|A/cattle/Texas/24-008749-003/2024(H5N1)	259	1526
PA|PP755594.1|A/cattle/Texas/24-008749-003/2024(H5N1)	260	1487
PA|PP755594.1|A/cattle/Texas/24-008749-003/2024(H5N1)	261	1459
PA|PP755594.1|A/cattle/Texas/24-008749-003/2024(H5N1)	262	1440
PA|PP755594.1|A/cattle/Texas/24-008749-003/2024(H5N1)	263	1454
PA|PP755594.1|A/cattle/Texas/24-008749-003/2024(H5N1)	264	1458
PA|PP755594.1|A/cattle/Texas/24-008749-003/2024(H5N1)	265	1446
PA|PP755594.1|A/cattle/Texas/24-008749-003/2024(H5N1)	266	1447
PA|PP755594.1|A/cattle/Texas/24-008749-003/2024(H5N1)	267	1299
PA|PP755594.1|A/cattle/Texas/24-008749-003/2024(H5N1)	268	1299
PA|PP755594.1|A/cattle/Texas/24-008749-003/2024(H5N1)	269	1294
PA|PP755594.1|A/cattle/Texas/24-008749-003/2024(H5N1)	270	1287
PA|PP755594.1|A/cattle/Texas/24-008749-003/2024(H5N1)	271	1287
PA|PP755594.1|A/cattle/Texas/24-008749-003/2024(H5N1)	272	1230
PA|PP755594.1|A/cattle/Texas/24-008749-003/2024(H5N1)	273	1224
PA|PP755594.1|A/cattle/Texas/24-008749-003/2024(H5N1)	274	1229
PA|PP755594.1|A/cattle/Texas/24-008749-003/2024(H5N1)	275	1228
PA|PP755594.1|A/cattle/Texas/24-008749-003/2024(H5N1)	276	1228
PA|PP755594.1|A/cattle/Texas/24-008749-003/2024(H5N1)	277	1155
PA|PP755594.1|A/cattle/Texas/24-008749-003/2024(H5N1)	278	1154
PA|PP755594.1|A/cattle/Texas/24-008749-003/2024(H5N1)	279	1111
PA|PP755594.1|A/cattle/Texas/24-008749-003/2024(H5N1)	280	1112
PA|PP755594.1|A/cattle/Texas/24-008749-003/2024(H5N1)	281	1110
PA|PP755594.1|A/cattle/Texas/24-008749-003/2024(H5N1)	282	1080
PA|PP755594.1|A/cattle/Texas/24-008749-003/2024(H5N1)	283	1078
PA|PP755594.1|A/cattle/Texas/24-008749-003/2024(H5N1)	284	1078
PA|PP755594.1|A/cattle/Texas/24-008749-003/2024(H5N1)	285	1077
PA|PP755594.1|A/cattle/Texas/24-008749-003/2024(H5N1)	286	1075
PA|PP755594.1|A/cattle/Texas/24-008749-003/2024(H5N1)	287	1074
PA|PP755594.1|A/cattle/Texas/24-008749-003/2024(H5N1)	288	1068
PA|PP755594.1|A/cattle/Texas/24-008749-003/2024(H5N1)	289	1066
PA|PP755594.1|A/cattle/Texas/24-008749-003/2024(H5N1)	290	1065
PA|PP755594.1|A/cattle/Texas/24-008749-003/2024(H5N1)	291	1002
PA|PP755594.1|A/cattle/Texas/24-008749-003/2024(H5N1)	292	1001
PA|PP755594.1|A/cattle/Texas/24-008749-003/2024(H5N1)	293	984
PA|PP755594.1|A/cattle/Texas/24-008749-003/2024(H5N1)	294	949
PA|PP755594.1|A/cattle/Texas/24-008749-003/2024(H5N1)	295	949
PA|PP755594.1|A/cattle/Texas/24-008749-003/2024(H5N1)	296	947
PA|PP755594.1|A/cattle/Texas/24-008749-003/2024(H5N1)	297	926
PA|PP755594.1|A/cattle/Texas/24-008749-003/2024(H5N1)	298	930
PA|PP755594.1|A/cattle/Texas/24-008749-003/2024(H5N1)	299	930
PA|PP755594.1|A/cattle/Texas/24-008749-003/2024(H5N1)	300	929
PA|PP755594.1|A/cattle/Texas/24-008749-003/2024(H5N1)	301	929
PA|PP755594.1|A/cattle/Texas/24-008749-003/2024(H5N1)	302	927
PA|PP755594.1|A/cattle/Texas/24-008749-003/2024(H5N1)	303	927
PA|PP755594.1|A/cattle/Texas/24-008749-003/2024(H5N1)	304	927
PA|PP755594.1|A/cattle/Texas/24-008749-003/2024(H5N1)	305	924
PA|PP755594.1|A/cattle/Texas/24-008749-003/2024(H5N1)	306	925
PA|PP755594.1|A/cattle/Texas/24-008749-003/2024(H5N1)	307	925
PA|PP755594.1|A/cattle/Texas/24-008749-003/2024(H5N1)	308	922
PA|PP755594.1|A/cattle/Texas/24-008749-003/2024(H5N1)	309	920
PA|PP755594.1|A/cattle/Texas/24-008749-003/2024(H5N1)	310	920
PA|PP755594.1|A/cattle/Texas/24-008749-003/2024(H5N1)	311	919
PA|PP755594.1|A/cattle/Texas/24-008749-003/2024(H5N1)	312	919
PA|PP755594.1|A/cattle/Texas/24-008749-003/2024(H5N1)	313	922
PA|PP755594.1|A/cattle/Texas/24-008749-003/2024(H5N1)	314	915
PA|PP755594.1|A/cattle/Texas/24-008749-003/2024(H5N1)	315	906
PA|PP755594.1|A/cattle/Texas/24-008749-003/2024(H5N1)	316	882
PA|PP755594.1|A/cattle/Texas/24-008749-003/2024(H5N1)	317	882
PA|PP755594.1|A/cattle/Texas/24-008749-003/2024(H5N1)	318	881
PA|PP755594.1|A/cattle/Texas/24-008749-003/2024(H5N1)	319	881
PA|PP755594.1|A/cattle/Texas/24-008749-003/2024(H5N1)	320	867
PA|PP755594.1|A/cattle/Texas/24-008749-003/2024(H5N1)	321	859
PA|PP755594.1|A/cattle/Texas/24-008749-003/2024(H5N1)	322	859
PA|PP755594.1|A/cattle/Texas/24-008749-003/2024(H5N1)	323	859
PA|PP755594.1|A/cattle/Texas/24-008749-003/2024(H5N1)	324	855
PA|PP755594.1|A/cattle/Texas/24-008749-003/2024(H5N1)	325	855
PA|PP755594.1|A/cattle/Texas/24-008749-003/2024(H5N1)	326	847
PA|PP755594.1|A/cattle/Texas/24-008749-003/2024(H5N1)	327	840
PA|PP755594.1|A/cattle/Texas/24-008749-003/2024(H5N1)	328	835
PA|PP755594.1|A/cattle/Texas/24-008749-003/2024(H5N1)	329	832
PA|PP755594.1|A/cattle/Texas/24-008749-003/2024(H5N1)	330	821
PA|PP755594.1|A/cattle/Texas/24-008749-003/2024(H5N1)	331	814
PA|PP755594.1|A/cattle/Texas/24-008749-003/2024(H5N1)	332	746
PA|PP755594.1|A/cattle/Texas/24-008749-003/2024(H5N1)	333	672
PA|PP755594.1|A/cattle/Texas/24-008749-003/2024(H5N1)	334	670
PA|PP755594.1|A/cattle/Texas/24-008749-003/2024(H5N1)	335	662
PA|PP755594.1|A/cattle/Texas/24-008749-003/2024(H5N1)	336	655
PA|PP755594.1|A/cattle/Texas/24-008749-003/2024(H5N1)	337	653
PA|PP755594.1|A/cattle/Texas/24-008749-003/2024(H5N1)	338	652
PA|PP755594.1|A/cattle/Texas/24-008749-003/2024(H5N1)	339	651
PA|PP755594.1|A/cattle/Texas/24-008749-003/2024(H5N1)	340	651
PA|PP755594.1|A/cattle/Texas/24-008749-003/2024(H5N1)	341	651
PA|PP755594.1|A/cattle/Texas/24-008749-003/2024(H5N1)	342	651
PA|PP755594.1|A/cattle/Texas/24-008749-003/2024(H5N1)	343	651
PA|PP755594.1|A/cattle/Texas/24-008749-003/2024(H5N1)	344	651
PA|PP755594.1|A/cattle/Texas/24-008749-003/2024(H5N1)	345	650
PA|PP755594.1|A/cattle/Texas/24-008749-003/2024(H5N1)	346	642
PA|PP755594.1|A/cattle/Texas/24-008749-003/2024(H5N1)	347	642
PA|PP755594.1|A/cattle/Texas/24-008749-003/2024(H5N1)	348	642
PA|PP755594.1|A/cattle/Texas/24-008749-003/2024(H5N1)	349	640
PA|PP755594.1|A/cattle/Texas/24-008749-003/2024(H5N1)	350	640
PA|PP755594.1|A/cattle/Texas/24-008749-003/2024(H5N1)	351	622
PA|PP755594.1|A/cattle/Texas/24-008749-003/2024(H5N1)	352	620
PA|PP755594.1|A/cattle/Texas/24-008749-003/2024(H5N1)	353	617
PA|PP755594.1|A/cattle/Texas/24-008749-003/2024(H5N1)	354	609
PA|PP755594.1|A/cattle/Texas/24-008749-003/2024(H5N1)	355	608
PA|PP755594.1|A/cattle/Texas/24-008749-003/2024(H5N1)	356	600
PA|PP755594.1|A/cattle/Texas/24-008749-003/2024(H5N1)	357	587
PA|PP755594.1|A/cattle/Texas/24-008749-003/2024(H5N1)	358	586
PA|PP755594.1|A/cattle/Texas/24-008749-003/2024(H5N1)	359	576
PA|PP755594.1|A/cattle/Texas/24-008749-003/2024(H5N1)	360	574
PA|PP755594.1|A/cattle/Texas/24-008749-003/2024(H5N1)	361	573
PA|PP755594.1|A/cattle/Texas/24-008749-003/2024(H5N1)	362	551
PA|PP755594.1|A/cattle/Texas/24-008749-003/2024(H5N1)	363	548
PA|PP755594.1|A/cattle/Texas/24-008749-003/2024(H5N1)	364	530
PA|PP755594.1|A/cattle/Texas/24-008749-003/2024(H5N1)	365	513
PA|PP755594.1|A/cattle/Texas/24-008749-003/2024(H5N1)	366	9
PA|PP755594.1|A/cattle/Texas/24-008749-003/2024(H5N1)	367	7
PA|PP755594.1|A/cattle/Texas/24-008749-003/2024(H5N1)	368	6
PA|PP755594.1|A/cattle/Texas/24-008749-003/2024(H5N1)	369	6
PA|PP755594.1|A/cattle/Texas/24-008749-003/2024(H5N1)	370	6
PA|PP755594.1|A/cattle/Texas/24-008749-003/2024(H5N1)	371	6
PA|PP755594.1|A/cattle/Texas/24-008749-003/2024(H5N1)	372	4
PA|PP755594.1|A/cattle/Texas/24-008749-003/2024(H5N1)	373	4
PA|PP755594.1|A/cattle/Texas/24-008749-003/2024(H5N1)	374	4
PA|PP755594.1|A/cattle/Texas/24-008749-003/2024(H5N1)	375	4
PA|PP755594.1|A/cattle/Texas/24-008749-003/2024(H5N1)	376	4
PA|PP755594.1|A/cattle/Texas/24-008749-003/2024(H5N1)	377	4
PA|PP755594.1|A/cattle/Texas/24-008749-003/2024(H5N1)	378	4
PA|PP755594.1|A/cattle/Texas/24-008749-003/2024(H5N1)	379	4
PA|PP755594.1|A/cattle/Texas/24-008749-003/2024(H5N1)	380	4
PA|PP755594.1|A/cattle/Texas/24-008749-003/2024(H5N1)	381	4
PA|PP755594.1|A/cattle/Texas/24-008749-003/2024(H5N1)	382	4
PA|PP755594.1|A/cattle/Texas/24-008749-003/2024(H5N1)	383	4
PA|PP755594.1|A/cattle/Texas/24-008749-003/2024(H5N1)	384	4
PA|PP755594.1|A/cattle/Texas/24-008749-003/2024(H5N1)	385	4
PA|PP755594.1|A/cattle/Texas/24-008749-003/2024(H5N1)	386	4
PA|PP755594.1|A/cattle/Texas/24-008749-003/2024(H5N1)	387	4
PA|PP755594.1|A/cattle/Texas/24-008749-003/2024(H5N1)	388	4
PA|PP755594.1|A/cattle/Texas/24-008749-003/2024(H5N1)	389	4
PA|PP755594.1|A/cattle/Texas/24-008749-003/2024(H5N1)	390	4
PA|PP755594.1|A/cattle/Texas/24-008749-003/2024(H5N1)	391	4
PA|PP755594.1|A/cattle/Texas/24-008749-003/2024(H5N1)	392	4
PA|PP755594.1|A/cattle/Texas/24-008749-003/2024(H5N1)	393	4
PA|PP755594.1|A/cattle/Texas/24-008749-003/2024(H5N1)	394	4
PA|PP755594.1|A/cattle/Texas/24-008749-003/2024(H5N1)	395	4
PA|PP755594.1|A/cattle/Texas/24-008749-003/2024(H5N1)	396	4
PA|PP755594.1|A/cattle/Texas/24-008749-003/2024(H5N1)	397	7
PA|PP755594.1|A/cattle/Texas/24-008749-003/2024(H5N1)	398	7
PA|PP755594.1|A/cattle/Texas/24-008749-003/2024(H5N1)	399	8
PA|PP755594.1|A/cattle/Texas/24-008749-003/2024(H5N1)	400	1222
PA|PP755594.1|A/cattle/Texas/24-008749-003/2024(H5N1)	401	1223
PA|PP755594.1|A/cattle/Texas/24-008749-003/2024(H5N1)	402	1224
PA|PP755594.1|A/cattle/Texas/24-008749-003/2024(H5N1)	403	1225
PA|PP755594.1|A/cattle/Texas/24-008749-003/2024(H5N1)	404	1242
PA|PP755594.1|A/cattle/Texas/24-008749-003/2024(H5N1)	405	1247
PA|PP755594.1|A/cattle/Texas/24-008749-003/2024(H5N1)	406	1247
PA|PP755594.1|A/cattle/Texas/24-008749-003/2024(H5N1)	407	1259
PA|PP755594.1|A/cattle/Texas/24-008749-003/2024(H5N1)	408	1259
PA|PP755594.1|A/cattle/Texas/24-008749-003/2024(H5N1)	409	1271
PA|PP755594.1|A/cattle/Texas/24-008749-003/2024(H5N1)	410	1272
PA|PP755594.1|A/cattle/Texas/24-008749-003/2024(H5N1)	411	1285
PA|PP755594.1|A/cattle/Texas/24-008749-003/2024(H5N1)	412	1288
PA|PP755594.1|A/cattle/Texas/24-008749-003/2024(H5N1)	413	1290
PA|PP755594.1|A/cattle/Texas/24-008749-003/2024(H5N1)	414	1346
PA|PP755594.1|A/cattle/Texas/24-008749-003/2024(H5N1)	415	1376
PA|PP755594.1|A/cattle/Texas/24-008749-003/2024(H5N1)	416	1378
PA|PP755594.1|A/cattle/Texas/24-008749-003/2024(H5N1)	417	1387
PA|PP755594.1|A/cattle/Texas/24-008749-003/2024(H5N1)	418	1387
PA|PP755594.1|A/cattle/Texas/24-008749-003/2024(H5N1)	419	1328
PA|PP755594.1|A/cattle/Texas/24-008749-003/2024(H5N1)	420	1296
PA|PP755594.1|A/cattle/Texas/24-008749-003/2024(H5N1)	421	1296
PA|PP755594.1|A/cattle/Texas/24-008749-003/2024(H5N1)	422	1294
PA|PP755594.1|A/cattle/Texas/24-008749-003/2024(H5N1)	423	1296
PA|PP755594.1|A/cattle/Texas/24-008749-003/2024(H5N1)	424	1296
PA|PP755594.1|A/cattle/Texas/24-008749-003/2024(H5N1)	425	1293
PA|PP755594.1|A/cattle/Texas/24-008749-003/2024(H5N1)	426	1287
PA|PP755594.1|A/cattle/Texas/24-008749-003/2024(H5N1)	427	1326
PA|PP755594.1|A/cattle/Texas/24-008749-003/2024(H5N1)	428	1330
PA|PP755594.1|A/cattle/Texas/24-008749-003/2024(H5N1)	429	1330
PA|PP755594.1|A/cattle/Texas/24-008749-003/2024(H5N1)	430	1339
PA|PP755594.1|A/cattle/Texas/24-008749-003/2024(H5N1)	431	1335
PA|PP755594.1|A/cattle/Texas/24-008749-003/2024(H5N1)	432	1258
PA|PP755594.1|A/cattle/Texas/24-008749-003/2024(H5N1)	433	1261
PA|PP755594.1|A/cattle/Texas/24-008749-003/2024(H5N1)	434	1264
PA|PP755594.1|A/cattle/Texas/24-008749-003/2024(H5N1)	435	1258
PA|PP755594.1|A/cattle/Texas/24-008749-003/2024(H5N1)	436	1320
PA|PP755594.1|A/cattle/Texas/24-008749-003/2024(H5N1)	437	1353
PA|PP755594.1|A/cattle/Texas/24-008749-003/2024(H5N1)	438	1333
PA|PP755594.1|A/cattle/Texas/24-008749-003/2024(H5N1)	439	1321
PA|PP755594.1|A/cattle/Texas/24-008749-003/2024(H5N1)	440	1328
PA|PP755594.1|A/cattle/Texas/24-008749-003/2024(H5N1)	441	1272
PA|PP755594.1|A/cattle/Texas/24-008749-003/2024(H5N1)	442	1275
PA|PP755594.1|A/cattle/Texas/24-008749-003/2024(H5N1)	443	1272
PA|PP755594.1|A/cattle/Texas/24-008749-003/2024(H5N1)	444	1268
PA|PP755594.1|A/cattle/Texas/24-008749-003/2024(H5N1)	445	1271
PA|PP755594.1|A/cattle/Texas/24-008749-003/2024(H5N1)	446	1279
PA|PP755594.1|A/cattle/Texas/24-008749-003/2024(H5N1)	447	1292
PA|PP755594.1|A/cattle/Texas/24-008749-003/2024(H5N1)	448	1291
PA|PP755594.1|A/cattle/Texas/24-008749-003/2024(H5N1)	449	1287
PA|PP755594.1|A/cattle/Texas/24-008749-003/2024(H5N1)	450	1283
PA|PP755594.1|A/cattle/Texas/24-008749-003/2024(H5N1)	451	1289
PA|PP755594.1|A/cattle/Texas/24-008749-003/2024(H5N1)	452	1289
PA|PP755594.1|A/cattle/Texas/24-008749-003/2024(H5N1)	453	1291
PA|PP755594.1|A/cattle/Texas/24-008749-003/2024(H5N1)	454	1293
PA|PP755594.1|A/cattle/Texas/24-008749-003/2024(H5N1)	455	1294
PA|PP755594.1|A/cattle/Texas/24-008749-003/2024(H5N1)	456	1294
PA|PP755594.1|A/cattle/Texas/24-008749-003/2024(H5N1)	457	1282
PA|PP755594.1|A/cattle/Texas/24-008749-003/2024(H5N1)	458	1279
PA|PP755594.1|A/cattle/Texas/24-008749-003/2024(H5N1)	459	1281
PA|PP755594.1|A/cattle/Texas/24-008749-003/2024(H5N1)	460	1336
PA|PP755594.1|A/cattle/Texas/24-008749-003/2024(H5N1)	461	1341
PA|PP755594.1|A/cattle/Texas/24-008749-003/2024(H5N1)	462	1346
PA|PP755594.1|A/cattle/Texas/24-008749-003/2024(H5N1)	463	1339
PA|PP755594.1|A/cattle/Texas/24-008749-003/2024(H5N1)	464	1333
PA|PP755594.1|A/cattle/Texas/24-008749-003/2024(H5N1)	465	1336
PA|PP755594.1|A/cattle/Texas/24-008749-003/2024(H5N1)	466	1332
PA|PP755594.1|A/cattle/Texas/24-008749-003/2024(H5N1)	467	1320
PA|PP755594.1|A/cattle/Texas/24-008749-003/2024(H5N1)	468	1317
PA|PP755594.1|A/cattle/Texas/24-008749-003/2024(H5N1)	469	1311
PA|PP755594.1|A/cattle/Texas/24-008749-003/2024(H5N1)	470	1306
PA|PP755594.1|A/cattle/Texas/24-008749-003/2024(H5N1)	471	1272
PA|PP755594.1|A/cattle/Texas/24-008749-003/2024(H5N1)	472	1278
PA|PP755594.1|A/cattle/Texas/24-008749-003/2024(H5N1)	473	1273
PA|PP755594.1|A/cattle/Texas/24-008749-003/2024(H5N1)	474	1268
PA|PP755594.1|A/cattle/Texas/24-008749-003/2024(H5N1)	475	1270
PA|PP755594.1|A/cattle/Texas/24-008749-003/2024(H5N1)	476	1270
PA|PP755594.1|A/cattle/Texas/24-008749-003/2024(H5N1)	477	1253
PA|PP755594.1|A/cattle/Texas/24-008749-003/2024(H5N1)	478	1412
PA|PP755594.1|A/cattle/Texas/24-008749-003/2024(H5N1)	479	1462
PA|PP755594.1|A/cattle/Texas/24-008749-003/2024(H5N1)	480	1469
PA|PP755594.1|A/cattle/Texas/24-008749-003/2024(H5N1)	481	1478
PA|PP755594.1|A/cattle/Texas/24-008749-003/2024(H5N1)	482	1477
PA|PP755594.1|A/cattle/Texas/24-008749-003/2024(H5N1)	483	1445
PA|PP755594.1|A/cattle/Texas/24-008749-003/2024(H5N1)	484	1441
PA|PP755594.1|A/cattle/Texas/24-008749-003/2024(H5N1)	485	1448
PA|PP755594.1|A/cattle/Texas/24-008749-003/2024(H5N1)	486	1456
PA|PP755594.1|A/cattle/Texas/24-008749-003/2024(H5N1)	487	1353
PA|PP755594.1|A/cattle/Texas/24-008749-003/2024(H5N1)	488	1351
PA|PP755594.1|A/cattle/Texas/24-008749-003/2024(H5N1)	489	1337
PA|PP755594.1|A/cattle/Texas/24-008749-003/2024(H5N1)	490	1336
PA|PP755594.1|A/cattle/Texas/24-008749-003/2024(H5N1)	491	1341
PA|PP755594.1|A/cattle/Texas/24-008749-003/2024(H5N1)	492	1336
PA|PP755594.1|A/cattle/Texas/24-008749-003/2024(H5N1)	493	1353
PA|PP755594.1|A/cattle/Texas/24-008749-003/2024(H5N1)	494	1341
PA|PP755594.1|A/cattle/Texas/24-008749-003/2024(H5N1)	495	1344
PA|PP755594.1|A/cattle/Texas/24-008749-003/2024(H5N1)	496	1343
PA|PP755594.1|A/cattle/Texas/24-008749-003/2024(H5N1)	497	1366
PA|PP755594.1|A/cattle/Texas/24-008749-003/2024(H5N1)	498	1355
PA|PP755594.1|A/cattle/Texas/24-008749-003/2024(H5N1)	499	1354
PA|PP755594.1|A/cattle/Texas/24-008749-003/2024(H5N1)	500	1356
PA|PP755594.1|A/cattle/Texas/24-008749-003/2024(H5N1)	501	1350
PA|PP755594.1|A/cattle/Texas/24-008749-003/2024(H5N1)	502	1332
PA|PP755594.1|A/cattle/Texas/24-008749-003/2024(H5N1)	503	1348
PA|PP755594.1|A/cattle/Texas/24-008749-003/2024(H5N1)	504	1349
PA|PP755594.1|A/cattle/Texas/24-008749-003/2024(H5N1)	505	1348
PA|PP755594.1|A/cattle/Texas/24-008749-003/2024(H5N1)	506	1339
PA|PP755594.1|A/cattle/Texas/24-008749-003/2024(H5N1)	507	1332
PA|PP755594.1|A/cattle/Texas/24-008749-003/2024(H5N1)	508	1324
PA|PP755594.1|A/cattle/Texas/24-008749-003/2024(H5N1)	509	1318
PA|PP755594.1|A/cattle/Texas/24-008749-003/2024(H5N1)	510	1300
PA|PP755594.1|A/cattle/Texas/24-008749-003/2024(H5N1)	511	1312
PA|PP755594.1|A/cattle/Texas/24-008749-003/2024(H5N1)	512	1294
PA|PP755594.1|A/cattle/Texas/24-008749-003/2024(H5N1)	513	1282
PA|PP755594.1|A/cattle/Texas/24-008749-003/2024(H5N1)	514	1387
PA|PP755594.1|A/cattle/Texas/24-008749-003/2024(H5N1)	515	1392
PA|PP755594.1|A/cattle/Texas/24-008749-003/2024(H5N1)	516	1409
PA|PP755594.1|A/cattle/Texas/24-008749-003/2024(H5N1)	517	1398
PA|PP755594.1|A/cattle/Texas/24-008749-003/2024(H5N1)	518	1369
PA|PP755594.1|A/cattle/Texas/24-008749-003/2024(H5N1)	519	1324
PA|PP755594.1|A/cattle/Texas/24-008749-003/2024(H5N1)	520	1316
PA|PP755594.1|A/cattle/Texas/24-008749-003/2024(H5N1)	521	1313
PA|PP755594.1|A/cattle/Texas/24-008749-003/2024(H5N1)	522	1290
PA|PP755594.1|A/cattle/Texas/24-008749-003/2024(H5N1)	523	1303
PA|PP755594.1|A/cattle/Texas/24-008749-003/2024(H5N1)	524	1302
PA|PP755594.1|A/cattle/Texas/24-008749-003/2024(H5N1)	525	1328
PA|PP755594.1|A/cattle/Texas/24-008749-003/2024(H5N1)	526	1372
PA|PP755594.1|A/cattle/Texas/24-008749-003/2024(H5N1)	527	1379
PA|PP755594.1|A/cattle/Texas/24-008749-003/2024(H5N1)	528	1349
PA|PP755594.1|A/cattle/Texas/24-008749-003/2024(H5N1)	529	1341
PA|PP755594.1|A/cattle/Texas/24-008749-003/2024(H5N1)	530	1365
PA|PP755594.1|A/cattle/Texas/24-008749-003/2024(H5N1)	531	1352
PA|PP755594.1|A/cattle/Texas/24-008749-003/2024(H5N1)	532	1355
PA|PP755594.1|A/cattle/Texas/24-008749-003/2024(H5N1)	533	1350
PA|PP755594.1|A/cattle/Texas/24-008749-003/2024(H5N1)	534	1318
PA|PP755594.1|A/cattle/Texas/24-008749-003/2024(H5N1)	535	1317
PA|PP755594.1|A/cattle/Texas/24-008749-003/2024(H5N1)	536	1318
PA|PP755594.1|A/cattle/Texas/24-008749-003/2024(H5N1)	537	1309
PA|PP755594.1|A/cattle/Texas/24-008749-003/2024(H5N1)	538	1293
PA|PP755594.1|A/cattle/Texas/24-008749-003/2024(H5N1)	539	1229
PA|PP755594.1|A/cattle/Texas/24-008749-003/2024(H5N1)	540	1229
PA|PP755594.1|A/cattle/Texas/24-008749-003/2024(H5N1)	541	1239
PA|PP755594.1|A/cattle/Texas/24-008749-003/2024(H5N1)	542	1267
PA|PP755594.1|A/cattle/Texas/24-008749-003/2024(H5N1)	543	1255
PA|PP755594.1|A/cattle/Texas/24-008749-003/2024(H5N1)	544	1253
PA|PP755594.1|A/cattle/Texas/24-008749-003/2024(H5N1)	545	1237
PA|PP755594.1|A/cattle/Texas/24-008749-003/2024(H5N1)	546	1260
PA|PP755594.1|A/cattle/Texas/24-008749-003/2024(H5N1)	547	1260
PA|PP755594.1|A/cattle/Texas/24-008749-003/2024(H5N1)	548	1265
PA|PP755594.1|A/cattle/Texas/24-008749-003/2024(H5N1)	549	1275
PA|PP755594.1|A/cattle/Texas/24-008749-003/2024(H5N1)	550	1260
PA|PP755594.1|A/cattle/Texas/24-008749-003/2024(H5N1)	551	1259
PA|PP755594.1|A/cattle/Texas/24-008749-003/2024(H5N1)	552	1255
PA|PP755594.1|A/cattle/Texas/24-008749-003/2024(H5N1)	553	1253
PA|PP755594.1|A/cattle/Texas/24-008749-003/2024(H5N1)	554	1256
PA|PP755594.1|A/cattle/Texas/24-008749-003/2024(H5N1)	555	1271
PA|PP755594.1|A/cattle/Texas/24-008749-003/2024(H5N1)	556	1403
PA|PP755594.1|A/cattle/Texas/24-008749-003/2024(H5N1)	557	1429
PA|PP755594.1|A/cattle/Texas/24-008749-003/2024(H5N1)	558	1432
PA|PP755594.1|A/cattle/Texas/24-008749-003/2024(H5N1)	559	1442
PA|PP755594.1|A/cattle/Texas/24-008749-003/2024(H5N1)	560	1431
PA|PP755594.1|A/cattle/Texas/24-008749-003/2024(H5N1)	561	1438
PA|PP755594.1|A/cattle/Texas/24-008749-003/2024(H5N1)	562	1468
PA|PP755594.1|A/cattle/Texas/24-008749-003/2024(H5N1)	563	1465
PA|PP755594.1|A/cattle/Texas/24-008749-003/2024(H5N1)	564	1472
PA|PP755594.1|A/cattle/Texas/24-008749-003/2024(H5N1)	565	1411
PA|PP755594.1|A/cattle/Texas/24-008749-003/2024(H5N1)	566	1380
PA|PP755594.1|A/cattle/Texas/24-008749-003/2024(H5N1)	567	1382
PA|PP755594.1|A/cattle/Texas/24-008749-003/2024(H5N1)	568	1374
PA|PP755594.1|A/cattle/Texas/24-008749-003/2024(H5N1)	569	1429
PA|PP755594.1|A/cattle/Texas/24-008749-003/2024(H5N1)	570	1419
PA|PP755594.1|A/cattle/Texas/24-008749-003/2024(H5N1)	571	1417
PA|PP755594.1|A/cattle/Texas/24-008749-003/2024(H5N1)	572	1418
PA|PP755594.1|A/cattle/Texas/24-008749-003/2024(H5N1)	573	1410
PA|PP755594.1|A/cattle/Texas/24-008749-003/2024(H5N1)	574	1424
PA|PP755594.1|A/cattle/Texas/24-008749-003/2024(H5N1)	575	1426
PA|PP755594.1|A/cattle/Texas/24-008749-003/2024(H5N1)	576	1442
PA|PP755594.1|A/cattle/Texas/24-008749-003/2024(H5N1)	577	1429
PA|PP755594.1|A/cattle/Texas/24-008749-003/2024(H5N1)	578	1393
PA|PP755594.1|A/cattle/Texas/24-008749-003/2024(H5N1)	579	1426
PA|PP755594.1|A/cattle/Texas/24-008749-003/2024(H5N1)	580	1494
PA|PP755594.1|A/cattle/Texas/24-008749-003/2024(H5N1)	581	1488
PA|PP755594.1|A/cattle/Texas/24-008749-003/2024(H5N1)	582	1452
PA|PP755594.1|A/cattle/Texas/24-008749-003/2024(H5N1)	583	1452
PA|PP755594.1|A/cattle/Texas/24-008749-003/2024(H5N1)	584	1454
PA|PP755594.1|A/cattle/Texas/24-008749-003/2024(H5N1)	585	1450
PA|PP755594.1|A/cattle/Texas/24-008749-003/2024(H5N1)	586	1456
PA|PP755594.1|A/cattle/Texas/24-008749-003/2024(H5N1)	587	1478
PA|PP755594.1|A/cattle/Texas/24-008749-003/2024(H5N1)	588	1457
PA|PP755594.1|A/cattle/Texas/24-008749-003/2024(H5N1)	589	1463
PA|PP755594.1|A/cattle/Texas/24-008749-003/2024(H5N1)	590	1464
PA|PP755594.1|A/cattle/Texas/24-008749-003/2024(H5N1)	591	1453
PA|PP755594.1|A/cattle/Texas/24-008749-003/2024(H5N1)	592	1453
PA|PP755594.1|A/cattle/Texas/24-008749-003/2024(H5N1)	593	1463
PA|PP755594.1|A/cattle/Texas/24-008749-003/2024(H5N1)	594	1463
PA|PP755594.1|A/cattle/Texas/24-008749-003/2024(H5N1)	595	1461
PA|PP755594.1|A/cattle/Texas/24-008749-003/2024(H5N1)	596	1465
PA|PP755594.1|A/cattle/Texas/24-008749-003/2024(H5N1)	597	1456
PA|PP755594.1|A/cattle/Texas/24-008749-003/2024(H5N1)	598	1441
PA|PP755594.1|A/cattle/Texas/24-008749-003/2024(H5N1)	599	1449
PA|PP755594.1|A/cattle/Texas/24-008749-003/2024(H5N1)	600	1448
PA|PP755594.1|A/cattle/Texas/24-008749-003/2024(H5N1)	601	1464
PA|PP755594.1|A/cattle/Texas/24-008749-003/2024(H5N1)	602	1464
PA|PP755594.1|A/cattle/Texas/24-008749-003/2024(H5N1)	603	1461
PA|PP755594.1|A/cattle/Texas/24-008749-003/2024(H5N1)	604	1468
PA|PP755594.1|A/cattle/Texas/24-008749-003/2024(H5N1)	605	1478
PA|PP755594.1|A/cattle/Texas/24-008749-003/2024(H5N1)	606	1476
PA|PP755594.1|A/cattle/Texas/24-008749-003/2024(H5N1)	607	1475
PA|PP755594.1|A/cattle/Texas/24-008749-003/2024(H5N1)	608	1472
PA|PP755594.1|A/cattle/Texas/24-008749-003/2024(H5N1)	609	1472
PA|PP755594.1|A/cattle/Texas/24-008749-003/2024(H5N1)	610	1468
PA|PP755594.1|A/cattle/Texas/24-008749-003/2024(H5N1)	611	1455
PA|PP755594.1|A/cattle/Texas/24-008749-003/2024(H5N1)	612	1463
PA|PP755594.1|A/cattle/Texas/24-008749-003/2024(H5N1)	613	1460
PA|PP755594.1|A/cattle/Texas/24-008749-003/2024(H5N1)	614	1460
PA|PP755594.1|A/cattle/Texas/24-008749-003/2024(H5N1)	615	1464
PA|PP755594.1|A/cattle/Texas/24-008749-003/2024(H5N1)	616	1461
PA|PP755594.1|A/cattle/Texas/24-008749-003/2024(H5N1)	617	1460
PA|PP755594.1|A/cattle/Texas/24-008749-003/2024(H5N1)	618	1460
PA|PP755594.1|A/cattle/Texas/24-008749-003/2024(H5N1)	619	1446
PA|PP755594.1|A/cattle/Texas/24-008749-003/2024(H5N1)	620	1463
PA|PP755594.1|A/cattle/Texas/24-008749-003/2024(H5N1)	621	1489
PA|PP755594.1|A/cattle/Texas/24-008749-003/2024(H5N1)	622	1488
PA|PP755594.1|A/cattle/Texas/24-008749-003/2024(H5N1)	623	1490
PA|PP755594.1|A/cattle/Texas/24-008749-003/2024(H5N1)	624	1490
PA|PP755594.1|A/cattle/Texas/24-008749-003/2024(H5N1)	625	1493
PA|PP755594.1|A/cattle/Texas/24-008749-003/2024(H5N1)	626	1510
PA|PP755594.1|A/cattle/Texas/24-008749-003/2024(H5N1)	627	1518
PA|PP755594.1|A/cattle/Texas/24-008749-003/2024(H5N1)	628	1533
PA|PP755594.1|A/cattle/Texas/24-008749-003/2024(H5N1)	629	1427
PA|PP755594.1|A/cattle/Texas/24-008749-003/2024(H5N1)	630	1375
PA|PP755594.1|A/cattle/Texas/24-008749-003/2024(H5N1)	631	1380
PA|PP755594.1|A/cattle/Texas/24-008749-003/2024(H5N1)	632	1374
PA|PP755594.1|A/cattle/Texas/24-008749-003/2024(H5N1)	633	1393
PA|PP755594.1|A/cattle/Texas/24-008749-003/2024(H5N1)	634	1390
PA|PP755594.1|A/cattle/Texas/24-008749-003/2024(H5N1)	635	1390
PA|PP755594.1|A/cattle/Texas/24-008749-003/2024(H5N1)	636	1383
PA|PP755594.1|A/cattle/Texas/24-008749-003/2024(H5N1)	637	1373
PA|PP755594.1|A/cattle/Texas/24-008749-003/2024(H5N1)	638	1403
PA|PP755594.1|A/cattle/Texas/24-008749-003/2024(H5N1)	639	1412
PA|PP755594.1|A/cattle/Texas/24-008749-003/2024(H5N1)	640	1407
PA|PP755594.1|A/cattle/Texas/24-008749-003/2024(H5N1)	641	1402
PA|PP755594.1|A/cattle/Texas/24-008749-003/2024(H5N1)	642	1394
PA|PP755594.1|A/cattle/Texas/24-008749-003/2024(H5N1)	643	1393
PA|PP755594.1|A/cattle/Texas/24-008749-003/2024(H5N1)	644	1419
PA|PP755594.1|A/cattle/Texas/24-008749-003/2024(H5N1)	645	1417
PA|PP755594.1|A/cattle/Texas/24-008749-003/2024(H5N1)	646	1424
PA|PP755594.1|A/cattle/Texas/24-008749-003/2024(H5N1)	647	1424
PA|PP755594.1|A/cattle/Texas/24-008749-003/2024(H5N1)	648	1435
PA|PP755594.1|A/cattle/Texas/24-008749-003/2024(H5N1)	649	1480
PA|PP755594.1|A/cattle/Texas/24-008749-003/2024(H5N1)	650	1480
PA|PP755594.1|A/cattle/Texas/24-008749-003/2024(H5N1)	651	1481
PA|PP755594.1|A/cattle/Texas/24-008749-003/2024(H5N1)	652	1481
PA|PP755594.1|A/cattle/Texas/24-008749-003/2024(H5N1)	653	1481
PA|PP755594.1|A/cattle/Texas/24-008749-003/2024(H5N1)	654	1461
PA|PP755594.1|A/cattle/Texas/24-008749-003/2024(H5N1)	655	1418
PA|PP755594.1|A/cattle/Texas/24-008749-003/2024(H5N1)	656	1415
PA|PP755594.1|A/cattle/Texas/24-008749-003/2024(H5N1)	657	1429
PA|PP755594.1|A/cattle/Texas/24-008749-003/2024(H5N1)	658	1489
PA|PP755594.1|A/cattle/Texas/24-008749-003/2024(H5N1)	659	1491
PA|PP755594.1|A/cattle/Texas/24-008749-003/2024(H5N1)	660	1500
PA|PP755594.1|A/cattle/Texas/24-008749-003/2024(H5N1)	661	1433
PA|PP755594.1|A/cattle/Texas/24-008749-003/2024(H5N1)	662	1421
PA|PP755594.1|A/cattle/Texas/24-008749-003/2024(H5N1)	663	1422
PA|PP755594.1|A/cattle/Texas/24-008749-003/2024(H5N1)	664	1444
PA|PP755594.1|A/cattle/Texas/24-008749-003/2024(H5N1)	665	1445
PA|PP755594.1|A/cattle/Texas/24-008749-003/2024(H5N1)	666	1441
PA|PP755594.1|A/cattle/Texas/24-008749-003/2024(H5N1)	667	1424
PA|PP755594.1|A/cattle/Texas/24-008749-003/2024(H5N1)	668	1464
PA|PP755594.1|A/cattle/Texas/24-008749-003/2024(H5N1)	669	1471
PA|PP755594.1|A/cattle/Texas/24-008749-003/2024(H5N1)	670	1470
PA|PP755594.1|A/cattle/Texas/24-008749-003/2024(H5N1)	671	1463
PA|PP755594.1|A/cattle/Texas/24-008749-003/2024(H5N1)	672	1460
PA|PP755594.1|A/cattle/Texas/24-008749-003/2024(H5N1)	673	1438
PA|PP755594.1|A/cattle/Texas/24-008749-003/2024(H5N1)	674	1453
PA|PP755594.1|A/cattle/Texas/24-008749-003/2024(H5N1)	675	1437
PA|PP755594.1|A/cattle/Texas/24-008749-003/2024(H5N1)	676	1439
PA|PP755594.1|A/cattle/Texas/24-008749-003/2024(H5N1)	677	1417
PA|PP755594.1|A/cattle/Texas/24-008749-003/2024(H5N1)	678	1418
PA|PP755594.1|A/cattle/Texas/24-008749-003/2024(H5N1)	679	1418
PA|PP755594.1|A/cattle/Texas/24-008749-003/2024(H5N1)	680	1524
PA|PP755594.1|A/cattle/Texas/24-008749-003/2024(H5N1)	681	1482
PA|PP755594.1|A/cattle/Texas/24-008749-003/2024(H5N1)	682	1482
PA|PP755594.1|A/cattle/Texas/24-008749-003/2024(H5N1)	683	1484
PA|PP755594.1|A/cattle/Texas/24-008749-003/2024(H5N1)	684	1533
PA|PP755594.1|A/cattle/Texas/24-008749-003/2024(H5N1)	685	1581
PA|PP755594.1|A/cattle/Texas/24-008749-003/2024(H5N1)	686	1582
PA|PP755594.1|A/cattle/Texas/24-008749-003/2024(H5N1)	687	1569
PA|PP755594.1|A/cattle/Texas/24-008749-003/2024(H5N1)	688	1570
PA|PP755594.1|A/cattle/Texas/24-008749-003/2024(H5N1)	689	1582
PA|PP755594.1|A/cattle/Texas/24-008749-003/2024(H5N1)	690	1587
PA|PP755594.1|A/cattle/Texas/24-008749-003/2024(H5N1)	691	1608
PA|PP755594.1|A/cattle/Texas/24-008749-003/2024(H5N1)	692	1601
PA|PP755594.1|A/cattle/Texas/24-008749-003/2024(H5N1)	693	1573
PA|PP755594.1|A/cattle/Texas/24-008749-003/2024(H5N1)	694	1582
PA|PP755594.1|A/cattle/Texas/24-008749-003/2024(H5N1)	695	1606
PA|PP755594.1|A/cattle/Texas/24-008749-003/2024(H5N1)	696	1605
PA|PP755594.1|A/cattle/Texas/24-008749-003/2024(H5N1)	697	1593
PA|PP755594.1|A/cattle/Texas/24-008749-003/2024(H5N1)	698	1583
PA|PP755594.1|A/cattle/Texas/24-008749-003/2024(H5N1)	699	1594
PA|PP755594.1|A/cattle/Texas/24-008749-003/2024(H5N1)	700	1560
PA|PP755594.1|A/cattle/Texas/24-008749-003/2024(H5N1)	701	1557
PA|PP755594.1|A/cattle/Texas/24-008749-003/2024(H5N1)	702	1535
PA|PP755594.1|A/cattle/Texas/24-008749-003/2024(H5N1)	703	1536
PA|PP755594.1|A/cattle/Texas/24-008749-003/2024(H5N1)	704	1558
PA|PP755594.1|A/cattle/Texas/24-008749-003/2024(H5N1)	705	1555
PA|PP755594.1|A/cattle/Texas/24-008749-003/2024(H5N1)	706	1546
PA|PP755594.1|A/cattle/Texas/24-008749-003/2024(H5N1)	707	1487
PA|PP755594.1|A/cattle/Texas/24-008749-003/2024(H5N1)	708	1453
PA|PP755594.1|A/cattle/Texas/24-008749-003/2024(H5N1)	709	1454
PA|PP755594.1|A/cattle/Texas/24-008749-003/2024(H5N1)	710	1454
PA|PP755594.1|A/cattle/Texas/24-008749-003/2024(H5N1)	711	1453
PA|PP755594.1|A/cattle/Texas/24-008749-003/2024(H5N1)	712	1450
PA|PP755594.1|A/cattle/Texas/24-008749-003/2024(H5N1)	713	1396
PA|PP755594.1|A/cattle/Texas/24-008749-003/2024(H5N1)	714	1402
PA|PP755594.1|A/cattle/Texas/24-008749-003/2024(H5N1)	715	1394
PA|PP755594.1|A/cattle/Texas/24-008749-003/2024(H5N1)	716	1394
PA|PP755594.1|A/cattle/Texas/24-008749-003/2024(H5N1)	717	1416
PA|PP755594.1|A/cattle/Texas/24-008749-003/2024(H5N1)	718	1412
PA|PP755594.1|A/cattle/Texas/24-008749-003/2024(H5N1)	719	1472
PA|PP755594.1|A/cattle/Texas/24-008749-003/2024(H5N1)	720	1429
PA|PP755594.1|A/cattle/Texas/24-008749-003/2024(H5N1)	721	1420
PA|PP755594.1|A/cattle/Texas/24-008749-003/2024(H5N1)	722	1441
PA|PP755594.1|A/cattle/Texas/24-008749-003/2024(H5N1)	723	1444
PA|PP755594.1|A/cattle/Texas/24-008749-003/2024(H5N1)	724	1447
PA|PP755594.1|A/cattle/Texas/24-008749-003/2024(H5N1)	725	1439
PA|PP755594.1|A/cattle/Texas/24-008749-003/2024(H5N1)	726	1412
PA|PP755594.1|A/cattle/Texas/24-008749-003/2024(H5N1)	727	1413
PA|PP755594.1|A/cattle/Texas/24-008749-003/2024(H5N1)	728	1359
PA|PP755594.1|A/cattle/Texas/24-008749-003/2024(H5N1)	729	1385
PA|PP755594.1|A/cattle/Texas/24-008749-003/2024(H5N1)	730	1351
PA|PP755594.1|A/cattle/Texas/24-008749-003/2024(H5N1)	731	1358
PA|PP755594.1|A/cattle/Texas/24-008749-003/2024(H5N1)	732	1353
PA|PP755594.1|A/cattle/Texas/24-008749-003/2024(H5N1)	733	1353
PA|PP755594.1|A/cattle/Texas/24-008749-003/2024(H5N1)	734	1359
PA|PP755594.1|A/cattle/Texas/24-008749-003/2024(H5N1)	735	1366
PA|PP755594.1|A/cattle/Texas/24-008749-003/2024(H5N1)	736	1349
PA|PP755594.1|A/cattle/Texas/24-008749-003/2024(H5N1)	737	1354
PA|PP755594.1|A/cattle/Texas/24-008749-003/2024(H5N1)	738	1336
PA|PP755594.1|A/cattle/Texas/24-008749-003/2024(H5N1)	739	1338
PA|PP755594.1|A/cattle/Texas/24-008749-003/2024(H5N1)	740	1344
PA|PP755594.1|A/cattle/Texas/24-008749-003/2024(H5N1)	741	1344
PA|PP755594.1|A/cattle/Texas/24-008749-003/2024(H5N1)	742	1350
PA|PP755594.1|A/cattle/Texas/24-008749-003/2024(H5N1)	743	1346
PA|PP755594.1|A/cattle/Texas/24-008749-003/2024(H5N1)	744	1355
PA|PP755594.1|A/cattle/Texas/24-008749-003/2024(H5N1)	745	1368
PA|PP755594.1|A/cattle/Texas/24-008749-003/2024(H5N1)	746	1376
PA|PP755594.1|A/cattle/Texas/24-008749-003/2024(H5N1)	747	1396
PA|PP755594.1|A/cattle/Texas/24-008749-003/2024(H5N1)	748	1392
PA|PP755594.1|A/cattle/Texas/24-008749-003/2024(H5N1)	749	1393
PA|PP755594.1|A/cattle/Texas/24-008749-003/2024(H5N1)	750	1395
PA|PP755594.1|A/cattle/Texas/24-008749-003/2024(H5N1)	751	1402
PA|PP755594.1|A/cattle/Texas/24-008749-003/2024(H5N1)	752	1390
PA|PP755594.1|A/cattle/Texas/24-008749-003/2024(H5N1)	753	1390
PA|PP755594.1|A/cattle/Texas/24-008749-003/2024(H5N1)	754	1398
PA|PP755594.1|A/cattle/Texas/24-008749-003/2024(H5N1)	755	1409
PA|PP755594.1|A/cattle/Texas/24-008749-003/2024(H5N1)	756	1394
PA|PP755594.1|A/cattle/Texas/24-008749-003/2024(H5N1)	757	1398
PA|PP755594.1|A/cattle/Texas/24-008749-003/2024(H5N1)	758	1419
PA|PP755594.1|A/cattle/Texas/24-008749-003/2024(H5N1)	759	1422
PA|PP755594.1|A/cattle/Texas/24-008749-003/2024(H5N1)	760	1528
PA|PP755594.1|A/cattle/Texas/24-008749-003/2024(H5N1)	761	1524
PA|PP755594.1|A/cattle/Texas/24-008749-003/2024(H5N1)	762	1523
PA|PP755594.1|A/cattle/Texas/24-008749-003/2024(H5N1)	763	1515
PA|PP755594.1|A/cattle/Texas/24-008749-003/2024(H5N1)	764	1518
PA|PP755594.1|A/cattle/Texas/24-008749-003/2024(H5N1)	765	1519
PA|PP755594.1|A/cattle/Texas/24-008749-003/2024(H5N1)	766	1515
PA|PP755594.1|A/cattle/Texas/24-008749-003/2024(H5N1)	767	1530
PA|PP755594.1|A/cattle/Texas/24-008749-003/2024(H5N1)	768	1691
PA|PP755594.1|A/cattle/Texas/24-008749-003/2024(H5N1)	769	1695
PA|PP755594.1|A/cattle/Texas/24-008749-003/2024(H5N1)	770	1722
PA|PP755594.1|A/cattle/Texas/24-008749-003/2024(H5N1)	771	1682
PA|PP755594.1|A/cattle/Texas/24-008749-003/2024(H5N1)	772	1655
PA|PP755594.1|A/cattle/Texas/24-008749-003/2024(H5N1)	773	1652
PA|PP755594.1|A/cattle/Texas/24-008749-003/2024(H5N1)	774	1636
PA|PP755594.1|A/cattle/Texas/24-008749-003/2024(H5N1)	775	1656
PA|PP755594.1|A/cattle/Texas/24-008749-003/2024(H5N1)	776	1639
PA|PP755594.1|A/cattle/Texas/24-008749-003/2024(H5N1)	777	1638
PA|PP755594.1|A/cattle/Texas/24-008749-003/2024(H5N1)	778	1641
PA|PP755594.1|A/cattle/Texas/24-008749-003/2024(H5N1)	779	1626
PA|PP755594.1|A/cattle/Texas/24-008749-003/2024(H5N1)	780	1635
PA|PP755594.1|A/cattle/Texas/24-008749-003/2024(H5N1)	781	1635
PA|PP755594.1|A/cattle/Texas/24-008749-003/2024(H5N1)	782	1631
PA|PP755594.1|A/cattle/Texas/24-008749-003/2024(H5N1)	783	1623
PA|PP755594.1|A/cattle/Texas/24-008749-003/2024(H5N1)	784	1604
PA|PP755594.1|A/cattle/Texas/24-008749-003/2024(H5N1)	785	1637
PA|PP755594.1|A/cattle/Texas/24-008749-003/2024(H5N1)	786	1641
PA|PP755594.1|A/cattle/Texas/24-008749-003/2024(H5N1)	787	1634
PA|PP755594.1|A/cattle/Texas/24-008749-003/2024(H5N1)	788	1622
PA|PP755594.1|A/cattle/Texas/24-008749-003/2024(H5N1)	789	1619
PA|PP755594.1|A/cattle/Texas/24-008749-003/2024(H5N1)	790	1631
PA|PP755594.1|A/cattle/Texas/24-008749-003/2024(H5N1)	791	1652
PA|PP755594.1|A/cattle/Texas/24-008749-003/2024(H5N1)	792	1651
PA|PP755594.1|A/cattle/Texas/24-008749-003/2024(H5N1)	793	1651
PA|PP755594.1|A/cattle/Texas/24-008749-003/2024(H5N1)	794	1613
PA|PP755594.1|A/cattle/Texas/24-008749-003/2024(H5N1)	795	1609
PA|PP755594.1|A/cattle/Texas/24-008749-003/2024(H5N1)	796	1604
PA|PP755594.1|A/cattle/Texas/24-008749-003/2024(H5N1)	797	1584
PA|PP755594.1|A/cattle/Texas/24-008749-003/2024(H5N1)	798	1575
PA|PP755594.1|A/cattle/Texas/24-008749-003/2024(H5N1)	799	1559
PA|PP755594.1|A/cattle/Texas/24-008749-003/2024(H5N1)	800	1506
PA|PP755594.1|A/cattle/Texas/24-008749-003/2024(H5N1)	801	1502
PA|PP755594.1|A/cattle/Texas/24-008749-003/2024(H5N1)	802	1494
PA|PP755594.1|A/cattle/Texas/24-008749-003/2024(H5N1)	803	1494
PA|PP755594.1|A/cattle/Texas/24-008749-003/2024(H5N1)	804	1492
PA|PP755594.1|A/cattle/Texas/24-008749-003/2024(H5N1)	805	1490
PA|PP755594.1|A/cattle/Texas/24-008749-003/2024(H5N1)	806	1459
PA|PP755594.1|A/cattle/Texas/24-008749-003/2024(H5N1)	807	1457
PA|PP755594.1|A/cattle/Texas/24-008749-003/2024(H5N1)	808	1449
PA|PP755594.1|A/cattle/Texas/24-008749-003/2024(H5N1)	809	1398
PA|PP755594.1|A/cattle/Texas/24-008749-003/2024(H5N1)	810	1396
PA|PP755594.1|A/cattle/Texas/24-008749-003/2024(H5N1)	811	1396
PA|PP755594.1|A/cattle/Texas/24-008749-003/2024(H5N1)	812	1374
PA|PP755594.1|A/cattle/Texas/24-008749-003/2024(H5N1)	813	1371
PA|PP755594.1|A/cattle/Texas/24-008749-003/2024(H5N1)	814	1371
PA|PP755594.1|A/cattle/Texas/24-008749-003/2024(H5N1)	815	1371
PA|PP755594.1|A/cattle/Texas/24-008749-003/2024(H5N1)	816	1371
PA|PP755594.1|A/cattle/Texas/24-008749-003/2024(H5N1)	817	1362
PA|PP755594.1|A/cattle/Texas/24-008749-003/2024(H5N1)	818	1357
PA|PP755594.1|A/cattle/Texas/24-008749-003/2024(H5N1)	819	1133
PA|PP755594.1|A/cattle/Texas/24-008749-003/2024(H5N1)	820	1122
PA|PP755594.1|A/cattle/Texas/24-008749-003/2024(H5N1)	821	1121
PA|PP755594.1|A/cattle/Texas/24-008749-003/2024(H5N1)	822	1120
PA|PP755594.1|A/cattle/Texas/24-008749-003/2024(H5N1)	823	1120
PA|PP755594.1|A/cattle/Texas/24-008749-003/2024(H5N1)	824	1119
PA|PP755594.1|A/cattle/Texas/24-008749-003/2024(H5N1)	825	1114
PA|PP755594.1|A/cattle/Texas/24-008749-003/2024(H5N1)	826	1100
PA|PP755594.1|A/cattle/Texas/24-008749-003/2024(H5N1)	827	1100
PA|PP755594.1|A/cattle/Texas/24-008749-003/2024(H5N1)	828	1094
PA|PP755594.1|A/cattle/Texas/24-008749-003/2024(H5N1)	829	1094
PA|PP755594.1|A/cattle/Texas/24-008749-003/2024(H5N1)	830	1094
PA|PP755594.1|A/cattle/Texas/24-008749-003/2024(H5N1)	831	1093
PA|PP755594.1|A/cattle/Texas/24-008749-003/2024(H5N1)	832	1093
PA|PP755594.1|A/cattle/Texas/24-008749-003/2024(H5N1)	833	1093
PA|PP755594.1|A/cattle/Texas/24-008749-003/2024(H5N1)	834	1093
PA|PP755594.1|A/cattle/Texas/24-008749-003/2024(H5N1)	835	1054
PA|PP755594.1|A/cattle/Texas/24-008749-003/2024(H5N1)	836	999
PA|PP755594.1|A/cattle/Texas/24-008749-003/2024(H5N1)	837	998
PA|PP755594.1|A/cattle/Texas/24-008749-003/2024(H5N1)	838	998
PA|PP755594.1|A/cattle/Texas/24-008749-003/2024(H5N1)	839	985
PA|PP755594.1|A/cattle/Texas/24-008749-003/2024(H5N1)	840	876
PA|PP755594.1|A/cattle/Texas/24-008749-003/2024(H5N1)	841	872
PA|PP755594.1|A/cattle/Texas/24-008749-003/2024(H5N1)	842	854
PA|PP755594.1|A/cattle/Texas/24-008749-003/2024(H5N1)	843	852
PA|PP755594.1|A/cattle/Texas/24-008749-003/2024(H5N1)	844	852
PA|PP755594.1|A/cattle/Texas/24-008749-003/2024(H5N1)	845	852
PA|PP755594.1|A/cattle/Texas/24-008749-003/2024(H5N1)	846	833
PA|PP755594.1|A/cattle/Texas/24-008749-003/2024(H5N1)	847	833
PA|PP755594.1|A/cattle/Texas/24-008749-003/2024(H5N1)	848	833
PA|PP755594.1|A/cattle/Texas/24-008749-003/2024(H5N1)	849	836
PA|PP755594.1|A/cattle/Texas/24-008749-003/2024(H5N1)	850	836
PA|PP755594.1|A/cattle/Texas/24-008749-003/2024(H5N1)	851	836
PA|PP755594.1|A/cattle/Texas/24-008749-003/2024(H5N1)	852	837
PA|PP755594.1|A/cattle/Texas/24-008749-003/2024(H5N1)	853	837
PA|PP755594.1|A/cattle/Texas/24-008749-003/2024(H5N1)	854	837
PA|PP755594.1|A/cattle/Texas/24-008749-003/2024(H5N1)	855	837
PA|PP755594.1|A/cattle/Texas/24-008749-003/2024(H5N1)	856	832
PA|PP755594.1|A/cattle/Texas/24-008749-003/2024(H5N1)	857	831
PA|PP755594.1|A/cattle/Texas/24-008749-003/2024(H5N1)	858	826
PA|PP755594.1|A/cattle/Texas/24-008749-003/2024(H5N1)	859	826
PA|PP755594.1|A/cattle/Texas/24-008749-003/2024(H5N1)	860	824
PA|PP755594.1|A/cattle/Texas/24-008749-003/2024(H5N1)	861	221
PA|PP755594.1|A/cattle/Texas/24-008749-003/2024(H5N1)	862	221
PA|PP755594.1|A/cattle/Texas/24-008749-003/2024(H5N1)	863	221
PA|PP755594.1|A/cattle/Texas/24-008749-003/2024(H5N1)	864	221
PA|PP755594.1|A/cattle/Texas/24-008749-003/2024(H5N1)	865	221
PA|PP755594.1|A/cattle/Texas/24-008749-003/2024(H5N1)	866	221
PA|PP755594.1|A/cattle/Texas/24-008749-003/2024(H5N1)	867	221
PA|PP755594.1|A/cattle/Texas/24-008749-003/2024(H5N1)	868	224
PA|PP755594.1|A/cattle/Texas/24-008749-003/2024(H5N1)	869	225
PA|PP755594.1|A/cattle/Texas/24-008749-003/2024(H5N1)	870	225
PA|PP755594.1|A/cattle/Texas/24-008749-003/2024(H5N1)	871	225
PA|PP755594.1|A/cattle/Texas/24-008749-003/2024(H5N1)	872	248
PA|PP755594.1|A/cattle/Texas/24-008749-003/2024(H5N1)	873	255
PA|PP755594.1|A/cattle/Texas/24-008749-003/2024(H5N1)	874	259
PA|PP755594.1|A/cattle/Texas/24-008749-003/2024(H5N1)	875	259
PA|PP755594.1|A/cattle/Texas/24-008749-003/2024(H5N1)	876	259
PA|PP755594.1|A/cattle/Texas/24-008749-003/2024(H5N1)	877	259
PA|PP755594.1|A/cattle/Texas/24-008749-003/2024(H5N1)	878	259
PA|PP755594.1|A/cattle/Texas/24-008749-003/2024(H5N1)	879	266
PA|PP755594.1|A/cattle/Texas/24-008749-003/2024(H5N1)	880	855
PA|PP755594.1|A/cattle/Texas/24-008749-003/2024(H5N1)	881	869
PA|PP755594.1|A/cattle/Texas/24-008749-003/2024(H5N1)	882	880
PA|PP755594.1|A/cattle/Texas/24-008749-003/2024(H5N1)	883	881
PA|PP755594.1|A/cattle/Texas/24-008749-003/2024(H5N1)	884	881
PA|PP755594.1|A/cattle/Texas/24-008749-003/2024(H5N1)	885	887
PA|PP755594.1|A/cattle/Texas/24-008749-003/2024(H5N1)	886	901
PA|PP755594.1|A/cattle/Texas/24-008749-003/2024(H5N1)	887	914
PA|PP755594.1|A/cattle/Texas/24-008749-003/2024(H5N1)	888	931
PA|PP755594.1|A/cattle/Texas/24-008749-003/2024(H5N1)	889	934
PA|PP755594.1|A/cattle/Texas/24-008749-003/2024(H5N1)	890	939
PA|PP755594.1|A/cattle/Texas/24-008749-003/2024(H5N1)	891	1020
PA|PP755594.1|A/cattle/Texas/24-008749-003/2024(H5N1)	892	1020
PA|PP755594.1|A/cattle/Texas/24-008749-003/2024(H5N1)	893	1024
PA|PP755594.1|A/cattle/Texas/24-008749-003/2024(H5N1)	894	1036
PA|PP755594.1|A/cattle/Texas/24-008749-003/2024(H5N1)	895	1058
PA|PP755594.1|A/cattle/Texas/24-008749-003/2024(H5N1)	896	1058
PA|PP755594.1|A/cattle/Texas/24-008749-003/2024(H5N1)	897	1046
PA|PP755594.1|A/cattle/Texas/24-008749-003/2024(H5N1)	898	1047
PA|PP755594.1|A/cattle/Texas/24-008749-003/2024(H5N1)	899	1050
PA|PP755594.1|A/cattle/Texas/24-008749-003/2024(H5N1)	900	1105
PA|PP755594.1|A/cattle/Texas/24-008749-003/2024(H5N1)	901	1118
PA|PP755594.1|A/cattle/Texas/24-008749-003/2024(H5N1)	902	1229
PA|PP755594.1|A/cattle/Texas/24-008749-003/2024(H5N1)	903	1227
PA|PP755594.1|A/cattle/Texas/24-008749-003/2024(H5N1)	904	1249
PA|PP755594.1|A/cattle/Texas/24-008749-003/2024(H5N1)	905	1250
PA|PP755594.1|A/cattle/Texas/24-008749-003/2024(H5N1)	906	1252
PA|PP755594.1|A/cattle/Texas/24-008749-003/2024(H5N1)	907	1406
PA|PP755594.1|A/cattle/Texas/24-008749-003/2024(H5N1)	908	1408
PA|PP755594.1|A/cattle/Texas/24-008749-003/2024(H5N1)	909	1387
PA|PP755594.1|A/cattle/Texas/24-008749-003/2024(H5N1)	910	1415
PA|PP755594.1|A/cattle/Texas/24-008749-003/2024(H5N1)	911	1417
PA|PP755594.1|A/cattle/Texas/24-008749-003/2024(H5N1)	912	1449
PA|PP755594.1|A/cattle/Texas/24-008749-003/2024(H5N1)	913	1451
PA|PP755594.1|A/cattle/Texas/24-008749-003/2024(H5N1)	914	1461
PA|PP755594.1|A/cattle/Texas/24-008749-003/2024(H5N1)	915	1461
PA|PP755594.1|A/cattle/Texas/24-008749-003/2024(H5N1)	916	1469
PA|PP755594.1|A/cattle/Texas/24-008749-003/2024(H5N1)	917	1499
PA|PP755594.1|A/cattle/Texas/24-008749-003/2024(H5N1)	918	1487
PA|PP755594.1|A/cattle/Texas/24-008749-003/2024(H5N1)	919	1490
PA|PP755594.1|A/cattle/Texas/24-008749-003/2024(H5N1)	920	1494
PA|PP755594.1|A/cattle/Texas/24-008749-003/2024(H5N1)	921	1475
PA|PP755594.1|A/cattle/Texas/24-008749-003/2024(H5N1)	922	1480
PA|PP755594.1|A/cattle/Texas/24-008749-003/2024(H5N1)	923	1480
PA|PP755594.1|A/cattle/Texas/24-008749-003/2024(H5N1)	924	1484
PA|PP755594.1|A/cattle/Texas/24-008749-003/2024(H5N1)	925	1483
PA|PP755594.1|A/cattle/Texas/24-008749-003/2024(H5N1)	926	1479
PA|PP755594.1|A/cattle/Texas/24-008749-003/2024(H5N1)	927	1482
PA|PP755594.1|A/cattle/Texas/24-008749-003/2024(H5N1)	928	1482
PA|PP755594.1|A/cattle/Texas/24-008749-003/2024(H5N1)	929	1476
PA|PP755594.1|A/cattle/Texas/24-008749-003/2024(H5N1)	930	1477
PA|PP755594.1|A/cattle/Texas/24-008749-003/2024(H5N1)	931	1470
PA|PP755594.1|A/cattle/Texas/24-008749-003/2024(H5N1)	932	1472
PA|PP755594.1|A/cattle/Texas/24-008749-003/2024(H5N1)	933	1473
PA|PP755594.1|A/cattle/Texas/24-008749-003/2024(H5N1)	934	1479
PA|PP755594.1|A/cattle/Texas/24-008749-003/2024(H5N1)	935	1478
PA|PP755594.1|A/cattle/Texas/24-008749-003/2024(H5N1)	936	1449
PA|PP755594.1|A/cattle/Texas/24-008749-003/2024(H5N1)	937	1447
PA|PP755594.1|A/cattle/Texas/24-008749-003/2024(H5N1)	938	1453
PA|PP755594.1|A/cattle/Texas/24-008749-003/2024(H5N1)	939	1445
PA|PP755594.1|A/cattle/Texas/24-008749-003/2024(H5N1)	940	1445
PA|PP755594.1|A/cattle/Texas/24-008749-003/2024(H5N1)	941	1433
PA|PP755594.1|A/cattle/Texas/24-008749-003/2024(H5N1)	942	1411
PA|PP755594.1|A/cattle/Texas/24-008749-003/2024(H5N1)	943	1410
PA|PP755594.1|A/cattle/Texas/24-008749-003/2024(H5N1)	944	1410
PA|PP755594.1|A/cattle/Texas/24-008749-003/2024(H5N1)	945	1407
PA|PP755594.1|A/cattle/Texas/24-008749-003/2024(H5N1)	946	1407
PA|PP755594.1|A/cattle/Texas/24-008749-003/2024(H5N1)	947	1403
PA|PP755594.1|A/cattle/Texas/24-008749-003/2024(H5N1)	948	1381
PA|PP755594.1|A/cattle/Texas/24-008749-003/2024(H5N1)	949	1380
PA|PP755594.1|A/cattle/Texas/24-008749-003/2024(H5N1)	950	1380
PA|PP755594.1|A/cattle/Texas/24-008749-003/2024(H5N1)	951	1380
PA|PP755594.1|A/cattle/Texas/24-008749-003/2024(H5N1)	952	1380
PA|PP755594.1|A/cattle/Texas/24-008749-003/2024(H5N1)	953	1367
PA|PP755594.1|A/cattle/Texas/24-008749-003/2024(H5N1)	954	1365
PA|PP755594.1|A/cattle/Texas/24-008749-003/2024(H5N1)	955	1363
PA|PP755594.1|A/cattle/Texas/24-008749-003/2024(H5N1)	956	1351
PA|PP755594.1|A/cattle/Texas/24-008749-003/2024(H5N1)	957	1351
PA|PP755594.1|A/cattle/Texas/24-008749-003/2024(H5N1)	958	1350
PA|PP755594.1|A/cattle/Texas/24-008749-003/2024(H5N1)	959	1336
PA|PP755594.1|A/cattle/Texas/24-008749-003/2024(H5N1)	960	1324
PA|PP755594.1|A/cattle/Texas/24-008749-003/2024(H5N1)	961	1316
PA|PP755594.1|A/cattle/Texas/24-008749-003/2024(H5N1)	962	1313
PA|PP755594.1|A/cattle/Texas/24-008749-003/2024(H5N1)	963	780
PA|PP755594.1|A/cattle/Texas/24-008749-003/2024(H5N1)	964	779
PA|PP755594.1|A/cattle/Texas/24-008749-003/2024(H5N1)	965	779
PA|PP755594.1|A/cattle/Texas/24-008749-003/2024(H5N1)	966	781
PA|PP755594.1|A/cattle/Texas/24-008749-003/2024(H5N1)	967	781
PA|PP755594.1|A/cattle/Texas/24-008749-003/2024(H5N1)	968	780
PA|PP755594.1|A/cattle/Texas/24-008749-003/2024(H5N1)	969	780
PA|PP755594.1|A/cattle/Texas/24-008749-003/2024(H5N1)	970	781
PA|PP755594.1|A/cattle/Texas/24-008749-003/2024(H5N1)	971	782
PA|PP755594.1|A/cattle/Texas/24-008749-003/2024(H5N1)	972	782
PA|PP755594.1|A/cattle/Texas/24-008749-003/2024(H5N1)	973	786
PA|PP755594.1|A/cattle/Texas/24-008749-003/2024(H5N1)	974	851
PA|PP755594.1|A/cattle/Texas/24-008749-003/2024(H5N1)	975	851
PA|PP755594.1|A/cattle/Texas/24-008749-003/2024(H5N1)	976	877
PA|PP755594.1|A/cattle/Texas/24-008749-003/2024(H5N1)	977	878
PA|PP755594.1|A/cattle/Texas/24-008749-003/2024(H5N1)	978	888
PA|PP755594.1|A/cattle/Texas/24-008749-003/2024(H5N1)	979	890
PA|PP755594.1|A/cattle/Texas/24-008749-003/2024(H5N1)	980	890
PA|PP755594.1|A/cattle/Texas/24-008749-003/2024(H5N1)	981	889
PA|PP755594.1|A/cattle/Texas/24-008749-003/2024(H5N1)	982	895
PA|PP755594.1|A/cattle/Texas/24-008749-003/2024(H5N1)	983	895
PA|PP755594.1|A/cattle/Texas/24-008749-003/2024(H5N1)	984	910
PA|PP755594.1|A/cattle/Texas/24-008749-003/2024(H5N1)	985	1219
PA|PP755594.1|A/cattle/Texas/24-008749-003/2024(H5N1)	986	1249
PA|PP755594.1|A/cattle/Texas/24-008749-003/2024(H5N1)	987	1253
PA|PP755594.1|A/cattle/Texas/24-008749-003/2024(H5N1)	988	1255
PA|PP755594.1|A/cattle/Texas/24-008749-003/2024(H5N1)	989	1255
PA|PP755594.1|A/cattle/Texas/24-008749-003/2024(H5N1)	990	1261
PA|PP755594.1|A/cattle/Texas/24-008749-003/2024(H5N1)	991	1273
PA|PP755594.1|A/cattle/Texas/24-008749-003/2024(H5N1)	992	1287
PA|PP755594.1|A/cattle/Texas/24-008749-003/2024(H5N1)	993	1346
PA|PP755594.1|A/cattle/Texas/24-008749-003/2024(H5N1)	994	1346
PA|PP755594.1|A/cattle/Texas/24-008749-003/2024(H5N1)	995	1348
PA|PP755594.1|A/cattle/Texas/24-008749-003/2024(H5N1)	996	1348
PA|PP755594.1|A/cattle/Texas/24-008749-003/2024(H5N1)	997	1380
PA|PP755594.1|A/cattle/Texas/24-008749-003/2024(H5N1)	998	1380
PA|PP755594.1|A/cattle/Texas/24-008749-003/2024(H5N1)	999	1380
PA|PP755594.1|A/cattle/Texas/24-008749-003/2024(H5N1)	1000	1380
PA|PP755594.1|A/cattle/Texas/24-008749-003/2024(H5N1)	1001	1387
PA|PP755594.1|A/cattle/Texas/24-008749-003/2024(H5N1)	1002	1392
PA|PP755594.1|A/cattle/Texas/24-008749-003/2024(H5N1)	1003	1422
PA|PP755594.1|A/cattle/Texas/24-008749-003/2024(H5N1)	1004	1428
PA|PP755594.1|A/cattle/Texas/24-008749-003/2024(H5N1)	1005	1429
PA|PP755594.1|A/cattle/Texas/24-008749-003/2024(H5N1)	1006	1441
PA|PP755594.1|A/cattle/Texas/24-008749-003/2024(H5N1)	1007	1508
PA|PP755594.1|A/cattle/Texas/24-008749-003/2024(H5N1)	1008	1514
PA|PP755594.1|A/cattle/Texas/24-008749-003/2024(H5N1)	1009	1525
PA|PP755594.1|A/cattle/Texas/24-008749-003/2024(H5N1)	1010	1560
PA|PP755594.1|A/cattle/Texas/24-008749-003/2024(H5N1)	1011	1560
PA|PP755594.1|A/cattle/Texas/24-008749-003/2024(H5N1)	1012	1560
PA|PP755594.1|A/cattle/Texas/24-008749-003/2024(H5N1)	1013	1560
PA|PP755594.1|A/cattle/Texas/24-008749-003/2024(H5N1)	1014	1579
PA|PP755594.1|A/cattle/Texas/24-008749-003/2024(H5N1)	1015	1603
PA|PP755594.1|A/cattle/Texas/24-008749-003/2024(H5N1)	1016	1596
PA|PP755594.1|A/cattle/Texas/24-008749-003/2024(H5N1)	1017	1597
PA|PP755594.1|A/cattle/Texas/24-008749-003/2024(H5N1)	1018	1588
PA|PP755594.1|A/cattle/Texas/24-008749-003/2024(H5N1)	1019	1586
PA|PP755594.1|A/cattle/Texas/24-008749-003/2024(H5N1)	1020	1591
PA|PP755594.1|A/cattle/Texas/24-008749-003/2024(H5N1)	1021	1599
PA|PP755594.1|A/cattle/Texas/24-008749-003/2024(H5N1)	1022	1606
PA|PP755594.1|A/cattle/Texas/24-008749-003/2024(H5N1)	1023	1585
PA|PP755594.1|A/cattle/Texas/24-008749-003/2024(H5N1)	1024	1631
PA|PP755594.1|A/cattle/Texas/24-008749-003/2024(H5N1)	1025	1630
PA|PP755594.1|A/cattle/Texas/24-008749-003/2024(H5N1)	1026	1630
PA|PP755594.1|A/cattle/Texas/24-008749-003/2024(H5N1)	1027	1637
PA|PP755594.1|A/cattle/Texas/24-008749-003/2024(H5N1)	1028	1645
PA|PP755594.1|A/cattle/Texas/24-008749-003/2024(H5N1)	1029	1633
PA|PP755594.1|A/cattle/Texas/24-008749-003/2024(H5N1)	1030	1638
PA|PP755594.1|A/cattle/Texas/24-008749-003/2024(H5N1)	1031	1635
PA|PP755594.1|A/cattle/Texas/24-008749-003/2024(H5N1)	1032	1662
PA|PP755594.1|A/cattle/Texas/24-008749-003/2024(H5N1)	1033	1654
PA|PP755594.1|A/cattle/Texas/24-008749-003/2024(H5N1)	1034	1649
PA|PP755594.1|A/cattle/Texas/24-008749-003/2024(H5N1)	1035	1608
PA|PP755594.1|A/cattle/Texas/24-008749-003/2024(H5N1)	1036	1593
PA|PP755594.1|A/cattle/Texas/24-008749-003/2024(H5N1)	1037	1593
PA|PP755594.1|A/cattle/Texas/24-008749-003/2024(H5N1)	1038	1585
PA|PP755594.1|A/cattle/Texas/24-008749-003/2024(H5N1)	1039	1589
PA|PP755594.1|A/cattle/Texas/24-008749-003/2024(H5N1)	1040	1593
PA|PP755594.1|A/cattle/Texas/24-008749-003/2024(H5N1)	1041	1611
PA|PP755594.1|A/cattle/Texas/24-008749-003/2024(H5N1)	1042	1514
PA|PP755594.1|A/cattle/Texas/24-008749-003/2024(H5N1)	1043	1729
PA|PP755594.1|A/cattle/Texas/24-008749-003/2024(H5N1)	1044	1732
PA|PP755594.1|A/cattle/Texas/24-008749-003/2024(H5N1)	1045	1734
PA|PP755594.1|A/cattle/Texas/24-008749-003/2024(H5N1)	1046	1716
PA|PP755594.1|A/cattle/Texas/24-008749-003/2024(H5N1)	1047	1720
PA|PP755594.1|A/cattle/Texas/24-008749-003/2024(H5N1)	1048	1733
PA|PP755594.1|A/cattle/Texas/24-008749-003/2024(H5N1)	1049	1746
PA|PP755594.1|A/cattle/Texas/24-008749-003/2024(H5N1)	1050	1744
PA|PP755594.1|A/cattle/Texas/24-008749-003/2024(H5N1)	1051	1697
PA|PP755594.1|A/cattle/Texas/24-008749-003/2024(H5N1)	1052	1692
PA|PP755594.1|A/cattle/Texas/24-008749-003/2024(H5N1)	1053	1584
PA|PP755594.1|A/cattle/Texas/24-008749-003/2024(H5N1)	1054	1595
PA|PP755594.1|A/cattle/Texas/24-008749-003/2024(H5N1)	1055	1613
PA|PP755594.1|A/cattle/Texas/24-008749-003/2024(H5N1)	1056	1620
PA|PP755594.1|A/cattle/Texas/24-008749-003/2024(H5N1)	1057	1659
PA|PP755594.1|A/cattle/Texas/24-008749-003/2024(H5N1)	1058	1524
PA|PP755594.1|A/cattle/Texas/24-008749-003/2024(H5N1)	1059	1521
PA|PP755594.1|A/cattle/Texas/24-008749-003/2024(H5N1)	1060	1522
PA|PP755594.1|A/cattle/Texas/24-008749-003/2024(H5N1)	1061	1500
PA|PP755594.1|A/cattle/Texas/24-008749-003/2024(H5N1)	1062	1468
PA|PP755594.1|A/cattle/Texas/24-008749-003/2024(H5N1)	1063	1467
PA|PP755594.1|A/cattle/Texas/24-008749-003/2024(H5N1)	1064	1465
PA|PP755594.1|A/cattle/Texas/24-008749-003/2024(H5N1)	1065	1457
PA|PP755594.1|A/cattle/Texas/24-008749-003/2024(H5N1)	1066	1457
PA|PP755594.1|A/cattle/Texas/24-008749-003/2024(H5N1)	1067	1457
PA|PP755594.1|A/cattle/Texas/24-008749-003/2024(H5N1)	1068	1423
PA|PP755594.1|A/cattle/Texas/24-008749-003/2024(H5N1)	1069	1425
PA|PP755594.1|A/cattle/Texas/24-008749-003/2024(H5N1)	1070	1420
PA|PP755594.1|A/cattle/Texas/24-008749-003/2024(H5N1)	1071	1424
PA|PP755594.1|A/cattle/Texas/24-008749-003/2024(H5N1)	1072	1502
PA|PP755594.1|A/cattle/Texas/24-008749-003/2024(H5N1)	1073	1502
PA|PP755594.1|A/cattle/Texas/24-008749-003/2024(H5N1)	1074	1508
PA|PP755594.1|A/cattle/Texas/24-008749-003/2024(H5N1)	1075	1506
PA|PP755594.1|A/cattle/Texas/24-008749-003/2024(H5N1)	1076	1530
PA|PP755594.1|A/cattle/Texas/24-008749-003/2024(H5N1)	1077	1524
PA|PP755594.1|A/cattle/Texas/24-008749-003/2024(H5N1)	1078	1525
PA|PP755594.1|A/cattle/Texas/24-008749-003/2024(H5N1)	1079	1523
PA|PP755594.1|A/cattle/Texas/24-008749-003/2024(H5N1)	1080	1540
PA|PP755594.1|A/cattle/Texas/24-008749-003/2024(H5N1)	1081	1537
PA|PP755594.1|A/cattle/Texas/24-008749-003/2024(H5N1)	1082	1536
PA|PP755594.1|A/cattle/Texas/24-008749-003/2024(H5N1)	1083	1538
PA|PP755594.1|A/cattle/Texas/24-008749-003/2024(H5N1)	1084	1538
PA|PP755594.1|A/cattle/Texas/24-008749-003/2024(H5N1)	1085	1544
PA|PP755594.1|A/cattle/Texas/24-008749-003/2024(H5N1)	1086	1554
PA|PP755594.1|A/cattle/Texas/24-008749-003/2024(H5N1)	1087	1553
PA|PP755594.1|A/cattle/Texas/24-008749-003/2024(H5N1)	1088	1550
PA|PP755594.1|A/cattle/Texas/24-008749-003/2024(H5N1)	1089	1539
PA|PP755594.1|A/cattle/Texas/24-008749-003/2024(H5N1)	1090	1542
PA|PP755594.1|A/cattle/Texas/24-008749-003/2024(H5N1)	1091	1545
PA|PP755594.1|A/cattle/Texas/24-008749-003/2024(H5N1)	1092	1569
PA|PP755594.1|A/cattle/Texas/24-008749-003/2024(H5N1)	1093	1605
PA|PP755594.1|A/cattle/Texas/24-008749-003/2024(H5N1)	1094	1597
PA|PP755594.1|A/cattle/Texas/24-008749-003/2024(H5N1)	1095	1603
PA|PP755594.1|A/cattle/Texas/24-008749-003/2024(H5N1)	1096	1606
PA|PP755594.1|A/cattle/Texas/24-008749-003/2024(H5N1)	1097	1617
PA|PP755594.1|A/cattle/Texas/24-008749-003/2024(H5N1)	1098	1610
PA|PP755594.1|A/cattle/Texas/24-008749-003/2024(H5N1)	1099	1623
PA|PP755594.1|A/cattle/Texas/24-008749-003/2024(H5N1)	1100	1634
PA|PP755594.1|A/cattle/Texas/24-008749-003/2024(H5N1)	1101	1627
PA|PP755594.1|A/cattle/Texas/24-008749-003/2024(H5N1)	1102	1588
PA|PP755594.1|A/cattle/Texas/24-008749-003/2024(H5N1)	1103	1581
PA|PP755594.1|A/cattle/Texas/24-008749-003/2024(H5N1)	1104	1588
PA|PP755594.1|A/cattle/Texas/24-008749-003/2024(H5N1)	1105	1602
PA|PP755594.1|A/cattle/Texas/24-008749-003/2024(H5N1)	1106	1601
PA|PP755594.1|A/cattle/Texas/24-008749-003/2024(H5N1)	1107	1595
PA|PP755594.1|A/cattle/Texas/24-008749-003/2024(H5N1)	1108	1590
PA|PP755594.1|A/cattle/Texas/24-008749-003/2024(H5N1)	1109	1591
PA|PP755594.1|A/cattle/Texas/24-008749-003/2024(H5N1)	1110	1591
PA|PP755594.1|A/cattle/Texas/24-008749-003/2024(H5N1)	1111	1644
PA|PP755594.1|A/cattle/Texas/24-008749-003/2024(H5N1)	1112	1637
PA|PP755594.1|A/cattle/Texas/24-008749-003/2024(H5N1)	1113	1639
PA|PP755594.1|A/cattle/Texas/24-008749-003/2024(H5N1)	1114	1639
PA|PP755594.1|A/cattle/Texas/24-008749-003/2024(H5N1)	1115	1627
PA|PP755594.1|A/cattle/Texas/24-008749-003/2024(H5N1)	1116	1667
PA|PP755594.1|A/cattle/Texas/24-008749-003/2024(H5N1)	1117	1624
PA|PP755594.1|A/cattle/Texas/24-008749-003/2024(H5N1)	1118	1658
PA|PP755594.1|A/cattle/Texas/24-008749-003/2024(H5N1)	1119	1659
PA|PP755594.1|A/cattle/Texas/24-008749-003/2024(H5N1)	1120	1606
PA|PP755594.1|A/cattle/Texas/24-008749-003/2024(H5N1)	1121	1606
PA|PP755594.1|A/cattle/Texas/24-008749-003/2024(H5N1)	1122	1603
PA|PP755594.1|A/cattle/Texas/24-008749-003/2024(H5N1)	1123	1607
PA|PP755594.1|A/cattle/Texas/24-008749-003/2024(H5N1)	1124	1601
PA|PP755594.1|A/cattle/Texas/24-008749-003/2024(H5N1)	1125	1523
PA|PP755594.1|A/cattle/Texas/24-008749-003/2024(H5N1)	1126	1510
PA|PP755594.1|A/cattle/Texas/24-008749-003/2024(H5N1)	1127	1502
PA|PP755594.1|A/cattle/Texas/24-008749-003/2024(H5N1)	1128	1499
PA|PP755594.1|A/cattle/Texas/24-008749-003/2024(H5N1)	1129	1612
PA|PP755594.1|A/cattle/Texas/24-008749-003/2024(H5N1)	1130	1615
PA|PP755594.1|A/cattle/Texas/24-008749-003/2024(H5N1)	1131	1615
PA|PP755594.1|A/cattle/Texas/24-008749-003/2024(H5N1)	1132	1613
PA|PP755594.1|A/cattle/Texas/24-008749-003/2024(H5N1)	1133	1622
PA|PP755594.1|A/cattle/Texas/24-008749-003/2024(H5N1)	1134	1624
PA|PP755594.1|A/cattle/Texas/24-008749-003/2024(H5N1)	1135	1611
PA|PP755594.1|A/cattle/Texas/24-008749-003/2024(H5N1)	1136	1578
PA|PP755594.1|A/cattle/Texas/24-008749-003/2024(H5N1)	1137	1562
PA|PP755594.1|A/cattle/Texas/24-008749-003/2024(H5N1)	1138	1561
PA|PP755594.1|A/cattle/Texas/24-008749-003/2024(H5N1)	1139	1597
PA|PP755594.1|A/cattle/Texas/24-008749-003/2024(H5N1)	1140	1587
PA|PP755594.1|A/cattle/Texas/24-008749-003/2024(H5N1)	1141	1583
PA|PP755594.1|A/cattle/Texas/24-008749-003/2024(H5N1)	1142	1583
PA|PP755594.1|A/cattle/Texas/24-008749-003/2024(H5N1)	1143	1577
PA|PP755594.1|A/cattle/Texas/24-008749-003/2024(H5N1)	1144	1523
PA|PP755594.1|A/cattle/Texas/24-008749-003/2024(H5N1)	1145	1529
PA|PP755594.1|A/cattle/Texas/24-008749-003/2024(H5N1)	1146	1527
PA|PP755594.1|A/cattle/Texas/24-008749-003/2024(H5N1)	1147	1532
PA|PP755594.1|A/cattle/Texas/24-008749-003/2024(H5N1)	1148	1488
PA|PP755594.1|A/cattle/Texas/24-008749-003/2024(H5N1)	1149	1517
PA|PP755594.1|A/cattle/Texas/24-008749-003/2024(H5N1)	1150	1553
PA|PP755594.1|A/cattle/Texas/24-008749-003/2024(H5N1)	1151	1553
PA|PP755594.1|A/cattle/Texas/24-008749-003/2024(H5N1)	1152	1549
PA|PP755594.1|A/cattle/Texas/24-008749-003/2024(H5N1)	1153	1545
PA|PP755594.1|A/cattle/Texas/24-008749-003/2024(H5N1)	1154	1530
PA|PP755594.1|A/cattle/Texas/24-008749-003/2024(H5N1)	1155	1521
PA|PP755594.1|A/cattle/Texas/24-008749-003/2024(H5N1)	1156	1542
PA|PP755594.1|A/cattle/Texas/24-008749-003/2024(H5N1)	1157	1542
PA|PP755594.1|A/cattle/Texas/24-008749-003/2024(H5N1)	1158	1472
PA|PP755594.1|A/cattle/Texas/24-008749-003/2024(H5N1)	1159	1468
PA|PP755594.1|A/cattle/Texas/24-008749-003/2024(H5N1)	1160	1430
PA|PP755594.1|A/cattle/Texas/24-008749-003/2024(H5N1)	1161	1426
PA|PP755594.1|A/cattle/Texas/24-008749-003/2024(H5N1)	1162	1425
PA|PP755594.1|A/cattle/Texas/24-008749-003/2024(H5N1)	1163	1427
PA|PP755594.1|A/cattle/Texas/24-008749-003/2024(H5N1)	1164	1408
PA|PP755594.1|A/cattle/Texas/24-008749-003/2024(H5N1)	1165	1390
PA|PP755594.1|A/cattle/Texas/24-008749-003/2024(H5N1)	1166	1384
PA|PP755594.1|A/cattle/Texas/24-008749-003/2024(H5N1)	1167	1381
PA|PP755594.1|A/cattle/Texas/24-008749-003/2024(H5N1)	1168	1379
PA|PP755594.1|A/cattle/Texas/24-008749-003/2024(H5N1)	1169	1379
PA|PP755594.1|A/cattle/Texas/24-008749-003/2024(H5N1)	1170	1376
PA|PP755594.1|A/cattle/Texas/24-008749-003/2024(H5N1)	1171	1369
PA|PP755594.1|A/cattle/Texas/24-008749-003/2024(H5N1)	1172	1357
PA|PP755594.1|A/cattle/Texas/24-008749-003/2024(H5N1)	1173	1352
PA|PP755594.1|A/cattle/Texas/24-008749-003/2024(H5N1)	1174	1351
PA|PP755594.1|A/cattle/Texas/24-008749-003/2024(H5N1)	1175	1282
PA|PP755594.1|A/cattle/Texas/24-008749-003/2024(H5N1)	1176	1280
PA|PP755594.1|A/cattle/Texas/24-008749-003/2024(H5N1)	1177	1269
PA|PP755594.1|A/cattle/Texas/24-008749-003/2024(H5N1)	1178	1259
PA|PP755594.1|A/cattle/Texas/24-008749-003/2024(H5N1)	1179	903
PA|PP755594.1|A/cattle/Texas/24-008749-003/2024(H5N1)	1180	901
PA|PP755594.1|A/cattle/Texas/24-008749-003/2024(H5N1)	1181	887
PA|PP755594.1|A/cattle/Texas/24-008749-003/2024(H5N1)	1182	886
PA|PP755594.1|A/cattle/Texas/24-008749-003/2024(H5N1)	1183	885
PA|PP755594.1|A/cattle/Texas/24-008749-003/2024(H5N1)	1184	885
PA|PP755594.1|A/cattle/Texas/24-008749-003/2024(H5N1)	1185	822
PA|PP755594.1|A/cattle/Texas/24-008749-003/2024(H5N1)	1186	822
PA|PP755594.1|A/cattle/Texas/24-008749-003/2024(H5N1)	1187	822
PA|PP755594.1|A/cattle/Texas/24-008749-003/2024(H5N1)	1188	822
PA|PP755594.1|A/cattle/Texas/24-008749-003/2024(H5N1)	1189	822
PA|PP755594.1|A/cattle/Texas/24-008749-003/2024(H5N1)	1190	822
PA|PP755594.1|A/cattle/Texas/24-008749-003/2024(H5N1)	1191	822
PA|PP755594.1|A/cattle/Texas/24-008749-003/2024(H5N1)	1192	1050
PA|PP755594.1|A/cattle/Texas/24-008749-003/2024(H5N1)	1193	1050
PA|PP755594.1|A/cattle/Texas/24-008749-003/2024(H5N1)	1194	1050
PA|PP755594.1|A/cattle/Texas/24-008749-003/2024(H5N1)	1195	1050
PA|PP755594.1|A/cattle/Texas/24-008749-003/2024(H5N1)	1196	1050
PA|PP755594.1|A/cattle/Texas/24-008749-003/2024(H5N1)	1197	1050
PA|PP755594.1|A/cattle/Texas/24-008749-003/2024(H5N1)	1198	1050
PA|PP755594.1|A/cattle/Texas/24-008749-003/2024(H5N1)	1199	1147
PA|PP755594.1|A/cattle/Texas/24-008749-003/2024(H5N1)	1200	1161
PA|PP755594.1|A/cattle/Texas/24-008749-003/2024(H5N1)	1201	1161
PA|PP755594.1|A/cattle/Texas/24-008749-003/2024(H5N1)	1202	1161
PA|PP755594.1|A/cattle/Texas/24-008749-003/2024(H5N1)	1203	1161
PA|PP755594.1|A/cattle/Texas/24-008749-003/2024(H5N1)	1204	1161
PA|PP755594.1|A/cattle/Texas/24-008749-003/2024(H5N1)	1205	1133
PA|PP755594.1|A/cattle/Texas/24-008749-003/2024(H5N1)	1206	1096
PA|PP755594.1|A/cattle/Texas/24-008749-003/2024(H5N1)	1207	1096
PA|PP755594.1|A/cattle/Texas/24-008749-003/2024(H5N1)	1208	1096
PA|PP755594.1|A/cattle/Texas/24-008749-003/2024(H5N1)	1209	1096
PA|PP755594.1|A/cattle/Texas/24-008749-003/2024(H5N1)	1210	1096
PA|PP755594.1|A/cattle/Texas/24-008749-003/2024(H5N1)	1211	1090
PA|PP755594.1|A/cattle/Texas/24-008749-003/2024(H5N1)	1212	1090
PA|PP755594.1|A/cattle/Texas/24-008749-003/2024(H5N1)	1213	1090
PA|PP755594.1|A/cattle/Texas/24-008749-003/2024(H5N1)	1214	1090
PA|PP755594.1|A/cattle/Texas/24-008749-003/2024(H5N1)	1215	1089
PA|PP755594.1|A/cattle/Texas/24-008749-003/2024(H5N1)	1216	1163
PA|PP755594.1|A/cattle/Texas/24-008749-003/2024(H5N1)	1217	1163
PA|PP755594.1|A/cattle/Texas/24-008749-003/2024(H5N1)	1218	1163
PA|PP755594.1|A/cattle/Texas/24-008749-003/2024(H5N1)	1219	1169
PA|PP755594.1|A/cattle/Texas/24-008749-003/2024(H5N1)	1220	1169
PA|PP755594.1|A/cattle/Texas/24-008749-003/2024(H5N1)	1221	1164
PA|PP755594.1|A/cattle/Texas/24-008749-003/2024(H5N1)	1222	1164
PA|PP755594.1|A/cattle/Texas/24-008749-003/2024(H5N1)	1223	1164
PA|PP755594.1|A/cattle/Texas/24-008749-003/2024(H5N1)	1224	1169
PA|PP755594.1|A/cattle/Texas/24-008749-003/2024(H5N1)	1225	1198
PA|PP755594.1|A/cattle/Texas/24-008749-003/2024(H5N1)	1226	1197
PA|PP755594.1|A/cattle/Texas/24-008749-003/2024(H5N1)	1227	1173
PA|PP755594.1|A/cattle/Texas/24-008749-003/2024(H5N1)	1228	1164
PA|PP755594.1|A/cattle/Texas/24-008749-003/2024(H5N1)	1229	1163
PA|PP755594.1|A/cattle/Texas/24-008749-003/2024(H5N1)	1230	1163
PA|PP755594.1|A/cattle/Texas/24-008749-003/2024(H5N1)	1231	1148
PA|PP755594.1|A/cattle/Texas/24-008749-003/2024(H5N1)	1232	1146
PA|PP755594.1|A/cattle/Texas/24-008749-003/2024(H5N1)	1233	1137
PA|PP755594.1|A/cattle/Texas/24-008749-003/2024(H5N1)	1234	1135
PA|PP755594.1|A/cattle/Texas/24-008749-003/2024(H5N1)	1235	1134
PA|PP755594.1|A/cattle/Texas/24-008749-003/2024(H5N1)	1236	1124
PA|PP755594.1|A/cattle/Texas/24-008749-003/2024(H5N1)	1237	1110
PA|PP755594.1|A/cattle/Texas/24-008749-003/2024(H5N1)	1238	1110
PA|PP755594.1|A/cattle/Texas/24-008749-003/2024(H5N1)	1239	1109
PA|PP755594.1|A/cattle/Texas/24-008749-003/2024(H5N1)	1240	1109
PA|PP755594.1|A/cattle/Texas/24-008749-003/2024(H5N1)	1241	1100
PA|PP755594.1|A/cattle/Texas/24-008749-003/2024(H5N1)	1242	1075
PA|PP755594.1|A/cattle/Texas/24-008749-003/2024(H5N1)	1243	1074
PA|PP755594.1|A/cattle/Texas/24-008749-003/2024(H5N1)	1244	1039
PA|PP755594.1|A/cattle/Texas/24-008749-003/2024(H5N1)	1245	476
PA|PP755594.1|A/cattle/Texas/24-008749-003/2024(H5N1)	1246	470
PA|PP755594.1|A/cattle/Texas/24-008749-003/2024(H5N1)	1247	467
PA|PP755594.1|A/cattle/Texas/24-008749-003/2024(H5N1)	1248	456
PA|PP755594.1|A/cattle/Texas/24-008749-003/2024(H5N1)	1249	449
PA|PP755594.1|A/cattle/Texas/24-008749-003/2024(H5N1)	1250	448
PA|PP755594.1|A/cattle/Texas/24-008749-003/2024(H5N1)	1251	434
PA|PP755594.1|A/cattle/Texas/24-008749-003/2024(H5N1)	1252	430
PA|PP755594.1|A/cattle/Texas/24-008749-003/2024(H5N1)	1253	427
PA|PP755594.1|A/cattle/Texas/24-008749-003/2024(H5N1)	1254	416
PA|PP755594.1|A/cattle/Texas/24-008749-003/2024(H5N1)	1255	416
PA|PP755594.1|A/cattle/Texas/24-008749-003/2024(H5N1)	1256	416
PA|PP755594.1|A/cattle/Texas/24-008749-003/2024(H5N1)	1257	394
PA|PP755594.1|A/cattle/Texas/24-008749-003/2024(H5N1)	1258	394
PA|PP755594.1|A/cattle/Texas/24-008749-003/2024(H5N1)	1259	394
PA|PP755594.1|A/cattle/Texas/24-008749-003/2024(H5N1)	1260	393
PA|PP755594.1|A/cattle/Texas/24-008749-003/2024(H5N1)	1261	393
PA|PP755594.1|A/cattle/Texas/24-008749-003/2024(H5N1)	1262	393
PA|PP755594.1|A/cattle/Texas/24-008749-003/2024(H5N1)	1263	393
PA|PP755594.1|A/cattle/Texas/24-008749-003/2024(H5N1)	1264	394
PA|PP755594.1|A/cattle/Texas/24-008749-003/2024(H5N1)	1265	506
PA|PP755594.1|A/cattle/Texas/24-008749-003/2024(H5N1)	1266	544
PA|PP755594.1|A/cattle/Texas/24-008749-003/2024(H5N1)	1267	544
PA|PP755594.1|A/cattle/Texas/24-008749-003/2024(H5N1)	1268	544
PA|PP755594.1|A/cattle/Texas/24-008749-003/2024(H5N1)	1269	544
PA|PP755594.1|A/cattle/Texas/24-008749-003/2024(H5N1)	1270	576
PA|PP755594.1|A/cattle/Texas/24-008749-003/2024(H5N1)	1271	581
PA|PP755594.1|A/cattle/Texas/24-008749-003/2024(H5N1)	1272	581
PA|PP755594.1|A/cattle/Texas/24-008749-003/2024(H5N1)	1273	581
PA|PP755594.1|A/cattle/Texas/24-008749-003/2024(H5N1)	1274	581
PA|PP755594.1|A/cattle/Texas/24-008749-003/2024(H5N1)	1275	581
PA|PP755594.1|A/cattle/Texas/24-008749-003/2024(H5N1)	1276	583
PA|PP755594.1|A/cattle/Texas/24-008749-003/2024(H5N1)	1277	583
PA|PP755594.1|A/cattle/Texas/24-008749-003/2024(H5N1)	1278	583
PA|PP755594.1|A/cattle/Texas/24-008749-003/2024(H5N1)	1279	584
PA|PP755594.1|A/cattle/Texas/24-008749-003/2024(H5N1)	1280	616
PA|PP755594.1|A/cattle/Texas/24-008749-003/2024(H5N1)	1281	616
PA|PP755594.1|A/cattle/Texas/24-008749-003/2024(H5N1)	1282	1020
PA|PP755594.1|A/cattle/Texas/24-008749-003/2024(H5N1)	1283	1026
PA|PP755594.1|A/cattle/Texas/24-008749-003/2024(H5N1)	1284	1030
PA|PP755594.1|A/cattle/Texas/24-008749-003/2024(H5N1)	1285	1048
PA|PP755594.1|A/cattle/Texas/24-008749-003/2024(H5N1)	1286	1098
PA|PP755594.1|A/cattle/Texas/24-008749-003/2024(H5N1)	1287	1115
PA|PP755594.1|A/cattle/Texas/24-008749-003/2024(H5N1)	1288	1119
PA|PP755594.1|A/cattle/Texas/24-008749-003/2024(H5N1)	1289	1122
PA|PP755594.1|A/cattle/Texas/24-008749-003/2024(H5N1)	1290	1126
PA|PP755594.1|A/cattle/Texas/24-008749-003/2024(H5N1)	1291	1127
PA|PP755594.1|A/cattle/Texas/24-008749-003/2024(H5N1)	1292	1174
PA|PP755594.1|A/cattle/Texas/24-008749-003/2024(H5N1)	1293	1175
PA|PP755594.1|A/cattle/Texas/24-008749-003/2024(H5N1)	1294	1178
PA|PP755594.1|A/cattle/Texas/24-008749-003/2024(H5N1)	1295	1214
PA|PP755594.1|A/cattle/Texas/24-008749-003/2024(H5N1)	1296	1216
PA|PP755594.1|A/cattle/Texas/24-008749-003/2024(H5N1)	1297	1218
PA|PP755594.1|A/cattle/Texas/24-008749-003/2024(H5N1)	1298	1220
PA|PP755594.1|A/cattle/Texas/24-008749-003/2024(H5N1)	1299	1220
PA|PP755594.1|A/cattle/Texas/24-008749-003/2024(H5N1)	1300	1221
PA|PP755594.1|A/cattle/Texas/24-008749-003/2024(H5N1)	1301	1221
PA|PP755594.1|A/cattle/Texas/24-008749-003/2024(H5N1)	1302	1221
PA|PP755594.1|A/cattle/Texas/24-008749-003/2024(H5N1)	1303	1264
PA|PP755594.1|A/cattle/Texas/24-008749-003/2024(H5N1)	1304	1267
PA|PP755594.1|A/cattle/Texas/24-008749-003/2024(H5N1)	1305	1267
PA|PP755594.1|A/cattle/Texas/24-008749-003/2024(H5N1)	1306	1285
PA|PP755594.1|A/cattle/Texas/24-008749-003/2024(H5N1)	1307	1301
PA|PP755594.1|A/cattle/Texas/24-008749-003/2024(H5N1)	1308	1304
PA|PP755594.1|A/cattle/Texas/24-008749-003/2024(H5N1)	1309	1304
PA|PP755594.1|A/cattle/Texas/24-008749-003/2024(H5N1)	1310	1305
PA|PP755594.1|A/cattle/Texas/24-008749-003/2024(H5N1)	1311	1331
PA|PP755594.1|A/cattle/Texas/24-008749-003/2024(H5N1)	1312	1331
PA|PP755594.1|A/cattle/Texas/24-008749-003/2024(H5N1)	1313	1331
PA|PP755594.1|A/cattle/Texas/24-008749-003/2024(H5N1)	1314	1331
PA|PP755594.1|A/cattle/Texas/24-008749-003/2024(H5N1)	1315	1331
PA|PP755594.1|A/cattle/Texas/24-008749-003/2024(H5N1)	1316	1295
PA|PP755594.1|A/cattle/Texas/24-008749-003/2024(H5N1)	1317	1175
PA|PP755594.1|A/cattle/Texas/24-008749-003/2024(H5N1)	1318	1175
PA|PP755594.1|A/cattle/Texas/24-008749-003/2024(H5N1)	1319	1176
PA|PP755594.1|A/cattle/Texas/24-008749-003/2024(H5N1)	1320	1176
PA|PP755594.1|A/cattle/Texas/24-008749-003/2024(H5N1)	1321	1176
PA|PP755594.1|A/cattle/Texas/24-008749-003/2024(H5N1)	1322	1292
PA|PP755594.1|A/cattle/Texas/24-008749-003/2024(H5N1)	1323	1300
PA|PP755594.1|A/cattle/Texas/24-008749-003/2024(H5N1)	1324	1305
PA|PP755594.1|A/cattle/Texas/24-008749-003/2024(H5N1)	1325	1308
PA|PP755594.1|A/cattle/Texas/24-008749-003/2024(H5N1)	1326	1313
PA|PP755594.1|A/cattle/Texas/24-008749-003/2024(H5N1)	1327	1317
PA|PP755594.1|A/cattle/Texas/24-008749-003/2024(H5N1)	1328	1317
PA|PP755594.1|A/cattle/Texas/24-008749-003/2024(H5N1)	1329	1349
PA|PP755594.1|A/cattle/Texas/24-008749-003/2024(H5N1)	1330	1356
PA|PP755594.1|A/cattle/Texas/24-008749-003/2024(H5N1)	1331	1360
PA|PP755594.1|A/cattle/Texas/24-008749-003/2024(H5N1)	1332	1373
PA|PP755594.1|A/cattle/Texas/24-008749-003/2024(H5N1)	1333	1391
PA|PP755594.1|A/cattle/Texas/24-008749-003/2024(H5N1)	1334	1394
PA|PP755594.1|A/cattle/Texas/24-008749-003/2024(H5N1)	1335	1396
PA|PP755594.1|A/cattle/Texas/24-008749-003/2024(H5N1)	1336	1397
PA|PP755594.1|A/cattle/Texas/24-008749-003/2024(H5N1)	1337	1397
PA|PP755594.1|A/cattle/Texas/24-008749-003/2024(H5N1)	1338	1399
PA|PP755594.1|A/cattle/Texas/24-008749-003/2024(H5N1)	1339	1397
PA|PP755594.1|A/cattle/Texas/24-008749-003/2024(H5N1)	1340	1425
PA|PP755594.1|A/cattle/Texas/24-008749-003/2024(H5N1)	1341	1420
PA|PP755594.1|A/cattle/Texas/24-008749-003/2024(H5N1)	1342	1414
PA|PP755594.1|A/cattle/Texas/24-008749-003/2024(H5N1)	1343	1413
PA|PP755594.1|A/cattle/Texas/24-008749-003/2024(H5N1)	1344	1278
PA|PP755594.1|A/cattle/Texas/24-008749-003/2024(H5N1)	1345	1288
PA|PP755594.1|A/cattle/Texas/24-008749-003/2024(H5N1)	1346	1288
PA|PP755594.1|A/cattle/Texas/24-008749-003/2024(H5N1)	1347	1287
PA|PP755594.1|A/cattle/Texas/24-008749-003/2024(H5N1)	1348	1292
PA|PP755594.1|A/cattle/Texas/24-008749-003/2024(H5N1)	1349	1301
PA|PP755594.1|A/cattle/Texas/24-008749-003/2024(H5N1)	1350	1324
PA|PP755594.1|A/cattle/Texas/24-008749-003/2024(H5N1)	1351	1364
PA|PP755594.1|A/cattle/Texas/24-008749-003/2024(H5N1)	1352	1367
PA|PP755594.1|A/cattle/Texas/24-008749-003/2024(H5N1)	1353	1379
PA|PP755594.1|A/cattle/Texas/24-008749-003/2024(H5N1)	1354	1389
PA|PP755594.1|A/cattle/Texas/24-008749-003/2024(H5N1)	1355	1417
PA|PP755594.1|A/cattle/Texas/24-008749-003/2024(H5N1)	1356	1500
PA|PP755594.1|A/cattle/Texas/24-008749-003/2024(H5N1)	1357	1506
PA|PP755594.1|A/cattle/Texas/24-008749-003/2024(H5N1)	1358	1510
PA|PP755594.1|A/cattle/Texas/24-008749-003/2024(H5N1)	1359	1517
PA|PP755594.1|A/cattle/Texas/24-008749-003/2024(H5N1)	1360	1508
PA|PP755594.1|A/cattle/Texas/24-008749-003/2024(H5N1)	1361	1515
PA|PP755594.1|A/cattle/Texas/24-008749-003/2024(H5N1)	1362	1518
PA|PP755594.1|A/cattle/Texas/24-008749-003/2024(H5N1)	1363	1502
PA|PP755594.1|A/cattle/Texas/24-008749-003/2024(H5N1)	1364	1512
PA|PP755594.1|A/cattle/Texas/24-008749-003/2024(H5N1)	1365	1502
PA|PP755594.1|A/cattle/Texas/24-008749-003/2024(H5N1)	1366	1536
PA|PP755594.1|A/cattle/Texas/24-008749-003/2024(H5N1)	1367	1527
PA|PP755594.1|A/cattle/Texas/24-008749-003/2024(H5N1)	1368	1527
PA|PP755594.1|A/cattle/Texas/24-008749-003/2024(H5N1)	1369	1533
PA|PP755594.1|A/cattle/Texas/24-008749-003/2024(H5N1)	1370	1530
PA|PP755594.1|A/cattle/Texas/24-008749-003/2024(H5N1)	1371	1538
PA|PP755594.1|A/cattle/Texas/24-008749-003/2024(H5N1)	1372	1539
PA|PP755594.1|A/cattle/Texas/24-008749-003/2024(H5N1)	1373	1533
PA|PP755594.1|A/cattle/Texas/24-008749-003/2024(H5N1)	1374	1544
PA|PP755594.1|A/cattle/Texas/24-008749-003/2024(H5N1)	1375	1512
PA|PP755594.1|A/cattle/Texas/24-008749-003/2024(H5N1)	1376	1509
PA|PP755594.1|A/cattle/Texas/24-008749-003/2024(H5N1)	1377	1502
PA|PP755594.1|A/cattle/Texas/24-008749-003/2024(H5N1)	1378	1496
PA|PP755594.1|A/cattle/Texas/24-008749-003/2024(H5N1)	1379	1478
PA|PP755594.1|A/cattle/Texas/24-008749-003/2024(H5N1)	1380	1472
PA|PP755594.1|A/cattle/Texas/24-008749-003/2024(H5N1)	1381	1468
PA|PP755594.1|A/cattle/Texas/24-008749-003/2024(H5N1)	1382	1468
PA|PP755594.1|A/cattle/Texas/24-008749-003/2024(H5N1)	1383	1464
PA|PP755594.1|A/cattle/Texas/24-008749-003/2024(H5N1)	1384	1432
PA|PP755594.1|A/cattle/Texas/24-008749-003/2024(H5N1)	1385	1430
PA|PP755594.1|A/cattle/Texas/24-008749-003/2024(H5N1)	1386	1416
PA|PP755594.1|A/cattle/Texas/24-008749-003/2024(H5N1)	1387	1416
PA|PP755594.1|A/cattle/Texas/24-008749-003/2024(H5N1)	1388	1413
PA|PP755594.1|A/cattle/Texas/24-008749-003/2024(H5N1)	1389	1395
PA|PP755594.1|A/cattle/Texas/24-008749-003/2024(H5N1)	1390	1395
PA|PP755594.1|A/cattle/Texas/24-008749-003/2024(H5N1)	1391	1394
PA|PP755594.1|A/cattle/Texas/24-008749-003/2024(H5N1)	1392	1390
PA|PP755594.1|A/cattle/Texas/24-008749-003/2024(H5N1)	1393	1388
PA|PP755594.1|A/cattle/Texas/24-008749-003/2024(H5N1)	1394	1385
PA|PP755594.1|A/cattle/Texas/24-008749-003/2024(H5N1)	1395	1372
PA|PP755594.1|A/cattle/Texas/24-008749-003/2024(H5N1)	1396	1363
PA|PP755594.1|A/cattle/Texas/24-008749-003/2024(H5N1)	1397	1351
PA|PP755594.1|A/cattle/Texas/24-008749-003/2024(H5N1)	1398	1341
PA|PP755594.1|A/cattle/Texas/24-008749-003/2024(H5N1)	1399	1341
PA|PP755594.1|A/cattle/Texas/24-008749-003/2024(H5N1)	1400	1340
PA|PP755594.1|A/cattle/Texas/24-008749-003/2024(H5N1)	1401	1278
PA|PP755594.1|A/cattle/Texas/24-008749-003/2024(H5N1)	1402	1270
PA|PP755594.1|A/cattle/Texas/24-008749-003/2024(H5N1)	1403	1266
PA|PP755594.1|A/cattle/Texas/24-008749-003/2024(H5N1)	1404	942
PA|PP755594.1|A/cattle/Texas/24-008749-003/2024(H5N1)	1405	925
PA|PP755594.1|A/cattle/Texas/24-008749-003/2024(H5N1)	1406	862
PA|PP755594.1|A/cattle/Texas/24-008749-003/2024(H5N1)	1407	861
PA|PP755594.1|A/cattle/Texas/24-008749-003/2024(H5N1)	1408	861
PA|PP755594.1|A/cattle/Texas/24-008749-003/2024(H5N1)	1409	861
PA|PP755594.1|A/cattle/Texas/24-008749-003/2024(H5N1)	1410	861
PA|PP755594.1|A/cattle/Texas/24-008749-003/2024(H5N1)	1411	862
PA|PP755594.1|A/cattle/Texas/24-008749-003/2024(H5N1)	1412	862
PA|PP755594.1|A/cattle/Texas/24-008749-003/2024(H5N1)	1413	862
PA|PP755594.1|A/cattle/Texas/24-008749-003/2024(H5N1)	1414	862
PA|PP755594.1|A/cattle/Texas/24-008749-003/2024(H5N1)	1415	863
PA|PP755594.1|A/cattle/Texas/24-008749-003/2024(H5N1)	1416	863
PA|PP755594.1|A/cattle/Texas/24-008749-003/2024(H5N1)	1417	863
PA|PP755594.1|A/cattle/Texas/24-008749-003/2024(H5N1)	1418	863
PA|PP755594.1|A/cattle/Texas/24-008749-003/2024(H5N1)	1419	863
PA|PP755594.1|A/cattle/Texas/24-008749-003/2024(H5N1)	1420	863
PA|PP755594.1|A/cattle/Texas/24-008749-003/2024(H5N1)	1421	863
PA|PP755594.1|A/cattle/Texas/24-008749-003/2024(H5N1)	1422	863
PA|PP755594.1|A/cattle/Texas/24-008749-003/2024(H5N1)	1423	863
PA|PP755594.1|A/cattle/Texas/24-008749-003/2024(H5N1)	1424	863
PA|PP755594.1|A/cattle/Texas/24-008749-003/2024(H5N1)	1425	863
PA|PP755594.1|A/cattle/Texas/24-008749-003/2024(H5N1)	1426	1332
PA|PP755594.1|A/cattle/Texas/24-008749-003/2024(H5N1)	1427	1335
PA|PP755594.1|A/cattle/Texas/24-008749-003/2024(H5N1)	1428	1336
PA|PP755594.1|A/cattle/Texas/24-008749-003/2024(H5N1)	1429	1347
PA|PP755594.1|A/cattle/Texas/24-008749-003/2024(H5N1)	1430	1348
PA|PP755594.1|A/cattle/Texas/24-008749-003/2024(H5N1)	1431	1360
PA|PP755594.1|A/cattle/Texas/24-008749-003/2024(H5N1)	1432	1367
PA|PP755594.1|A/cattle/Texas/24-008749-003/2024(H5N1)	1433	1368
PA|PP755594.1|A/cattle/Texas/24-008749-003/2024(H5N1)	1434	1371
PA|PP755594.1|A/cattle/Texas/24-008749-003/2024(H5N1)	1435	1323
PA|PP755594.1|A/cattle/Texas/24-008749-003/2024(H5N1)	1436	1312
PA|PP755594.1|A/cattle/Texas/24-008749-003/2024(H5N1)	1437	1300
PA|PP755594.1|A/cattle/Texas/24-008749-003/2024(H5N1)	1438	1295
PA|PP755594.1|A/cattle/Texas/24-008749-003/2024(H5N1)	1439	1292
PA|PP755594.1|A/cattle/Texas/24-008749-003/2024(H5N1)	1440	1282
PA|PP755594.1|A/cattle/Texas/24-008749-003/2024(H5N1)	1441	1272
PA|PP755594.1|A/cattle/Texas/24-008749-003/2024(H5N1)	1442	1267
PA|PP755594.1|A/cattle/Texas/24-008749-003/2024(H5N1)	1443	1187
PA|PP755594.1|A/cattle/Texas/24-008749-003/2024(H5N1)	1444	1186
PA|PP755594.1|A/cattle/Texas/24-008749-003/2024(H5N1)	1445	1247
PA|PP755594.1|A/cattle/Texas/24-008749-003/2024(H5N1)	1446	1248
PA|PP755594.1|A/cattle/Texas/24-008749-003/2024(H5N1)	1447	1251
PA|PP755594.1|A/cattle/Texas/24-008749-003/2024(H5N1)	1448	1261
PA|PP755594.1|A/cattle/Texas/24-008749-003/2024(H5N1)	1449	1264
PA|PP755594.1|A/cattle/Texas/24-008749-003/2024(H5N1)	1450	1285
PA|PP755594.1|A/cattle/Texas/24-008749-003/2024(H5N1)	1451	1282
PA|PP755594.1|A/cattle/Texas/24-008749-003/2024(H5N1)	1452	1278
PA|PP755594.1|A/cattle/Texas/24-008749-003/2024(H5N1)	1453	1278
PA|PP755594.1|A/cattle/Texas/24-008749-003/2024(H5N1)	1454	1245
PA|PP755594.1|A/cattle/Texas/24-008749-003/2024(H5N1)	1455	1242
PA|PP755594.1|A/cattle/Texas/24-008749-003/2024(H5N1)	1456	1242
PA|PP755594.1|A/cattle/Texas/24-008749-003/2024(H5N1)	1457	1224
PA|PP755594.1|A/cattle/Texas/24-008749-003/2024(H5N1)	1458	1219
PA|PP755594.1|A/cattle/Texas/24-008749-003/2024(H5N1)	1459	1217
PA|PP755594.1|A/cattle/Texas/24-008749-003/2024(H5N1)	1460	1215
PA|PP755594.1|A/cattle/Texas/24-008749-003/2024(H5N1)	1461	1144
PA|PP755594.1|A/cattle/Texas/24-008749-003/2024(H5N1)	1462	1143
PA|PP755594.1|A/cattle/Texas/24-008749-003/2024(H5N1)	1463	1142
PA|PP755594.1|A/cattle/Texas/24-008749-003/2024(H5N1)	1464	1110
PA|PP755594.1|A/cattle/Texas/24-008749-003/2024(H5N1)	1465	1110
PA|PP755594.1|A/cattle/Texas/24-008749-003/2024(H5N1)	1466	1110
PA|PP755594.1|A/cattle/Texas/24-008749-003/2024(H5N1)	1467	1110
PA|PP755594.1|A/cattle/Texas/24-008749-003/2024(H5N1)	1468	1090
PA|PP755594.1|A/cattle/Texas/24-008749-003/2024(H5N1)	1469	1081
PA|PP755594.1|A/cattle/Texas/24-008749-003/2024(H5N1)	1470	1075
PA|PP755594.1|A/cattle/Texas/24-008749-003/2024(H5N1)	1471	1106
PA|PP755594.1|A/cattle/Texas/24-008749-003/2024(H5N1)	1472	1126
PA|PP755594.1|A/cattle/Texas/24-008749-003/2024(H5N1)	1473	1108
PA|PP755594.1|A/cattle/Texas/24-008749-003/2024(H5N1)	1474	2508
PA|PP755594.1|A/cattle/Texas/24-008749-003/2024(H5N1)	1475	2617
PA|PP755594.1|A/cattle/Texas/24-008749-003/2024(H5N1)	1476	2617
PA|PP755594.1|A/cattle/Texas/24-008749-003/2024(H5N1)	1477	2624
PA|PP755594.1|A/cattle/Texas/24-008749-003/2024(H5N1)	1478	2620
PA|PP755594.1|A/cattle/Texas/24-008749-003/2024(H5N1)	1479	2606
PA|PP755594.1|A/cattle/Texas/24-008749-003/2024(H5N1)	1480	2609
PA|PP755594.1|A/cattle/Texas/24-008749-003/2024(H5N1)	1481	2602
PA|PP755594.1|A/cattle/Texas/24-008749-003/2024(H5N1)	1482	2597
PA|PP755594.1|A/cattle/Texas/24-008749-003/2024(H5N1)	1483	2581
PA|PP755594.1|A/cattle/Texas/24-008749-003/2024(H5N1)	1484	2566
PA|PP755594.1|A/cattle/Texas/24-008749-003/2024(H5N1)	1485	2660
PA|PP755594.1|A/cattle/Texas/24-008749-003/2024(H5N1)	1486	2658
PA|PP755594.1|A/cattle/Texas/24-008749-003/2024(H5N1)	1487	2657
PA|PP755594.1|A/cattle/Texas/24-008749-003/2024(H5N1)	1488	2657
PA|PP755594.1|A/cattle/Texas/24-008749-003/2024(H5N1)	1489	2652
PA|PP755594.1|A/cattle/Texas/24-008749-003/2024(H5N1)	1490	2404
PA|PP755594.1|A/cattle/Texas/24-008749-003/2024(H5N1)	1491	2365
PA|PP755594.1|A/cattle/Texas/24-008749-003/2024(H5N1)	1492	2375
PA|PP755594.1|A/cattle/Texas/24-008749-003/2024(H5N1)	1493	2389
PA|PP755594.1|A/cattle/Texas/24-008749-003/2024(H5N1)	1494	2400
PA|PP755594.1|A/cattle/Texas/24-008749-003/2024(H5N1)	1495	2525
PA|PP755594.1|A/cattle/Texas/24-008749-003/2024(H5N1)	1496	2515
PA|PP755594.1|A/cattle/Texas/24-008749-003/2024(H5N1)	1497	2515
PA|PP755594.1|A/cattle/Texas/24-008749-003/2024(H5N1)	1498	2705
PA|PP755594.1|A/cattle/Texas/24-008749-003/2024(H5N1)	1499	2720
PA|PP755594.1|A/cattle/Texas/24-008749-003/2024(H5N1)	1500	2790
PA|PP755594.1|A/cattle/Texas/24-008749-003/2024(H5N1)	1501	3410
PA|PP755594.1|A/cattle/Texas/24-008749-003/2024(H5N1)	1502	3412
PA|PP755594.1|A/cattle/Texas/24-008749-003/2024(H5N1)	1503	3595
PA|PP755594.1|A/cattle/Texas/24-008749-003/2024(H5N1)	1504	3609
PA|PP755594.1|A/cattle/Texas/24-008749-003/2024(H5N1)	1505	3623
PA|PP755594.1|A/cattle/Texas/24-008749-003/2024(H5N1)	1506	3693
PA|PP755594.1|A/cattle/Texas/24-008749-003/2024(H5N1)	1507	3745
PA|PP755594.1|A/cattle/Texas/24-008749-003/2024(H5N1)	1508	3748
PA|PP755594.1|A/cattle/Texas/24-008749-003/2024(H5N1)	1509	3763
PA|PP755594.1|A/cattle/Texas/24-008749-003/2024(H5N1)	1510	3812
PA|PP755594.1|A/cattle/Texas/24-008749-003/2024(H5N1)	1511	3895
PA|PP755594.1|A/cattle/Texas/24-008749-003/2024(H5N1)	1512	3896
PA|PP755594.1|A/cattle/Texas/24-008749-003/2024(H5N1)	1513	3992
PA|PP755594.1|A/cattle/Texas/24-008749-003/2024(H5N1)	1514	4015
PA|PP755594.1|A/cattle/Texas/24-008749-003/2024(H5N1)	1515	4153
PA|PP755594.1|A/cattle/Texas/24-008749-003/2024(H5N1)	1516	4199
PA|PP755594.1|A/cattle/Texas/24-008749-003/2024(H5N1)	1517	4202
PA|PP755594.1|A/cattle/Texas/24-008749-003/2024(H5N1)	1518	4227
PA|PP755594.1|A/cattle/Texas/24-008749-003/2024(H5N1)	1519	4231
PA|PP755594.1|A/cattle/Texas/24-008749-003/2024(H5N1)	1520	4234
PA|PP755594.1|A/cattle/Texas/24-008749-003/2024(H5N1)	1521	4252
PA|PP755594.1|A/cattle/Texas/24-008749-003/2024(H5N1)	1522	4246
PA|PP755594.1|A/cattle/Texas/24-008749-003/2024(H5N1)	1523	4245
PA|PP755594.1|A/cattle/Texas/24-008749-003/2024(H5N1)	1524	4185
PA|PP755594.1|A/cattle/Texas/24-008749-003/2024(H5N1)	1525	4187
PA|PP755594.1|A/cattle/Texas/24-008749-003/2024(H5N1)	1526	4192
PA|PP755594.1|A/cattle/Texas/24-008749-003/2024(H5N1)	1527	4218
PA|PP755594.1|A/cattle/Texas/24-008749-003/2024(H5N1)	1528	4533
PA|PP755594.1|A/cattle/Texas/24-008749-003/2024(H5N1)	1529	4589
PA|PP755594.1|A/cattle/Texas/24-008749-003/2024(H5N1)	1530	4619
PA|PP755594.1|A/cattle/Texas/24-008749-003/2024(H5N1)	1531	4621
PA|PP755594.1|A/cattle/Texas/24-008749-003/2024(H5N1)	1532	4622
PA|PP755594.1|A/cattle/Texas/24-008749-003/2024(H5N1)	1533	4630
PA|PP755594.1|A/cattle/Texas/24-008749-003/2024(H5N1)	1534	4646
PA|PP755594.1|A/cattle/Texas/24-008749-003/2024(H5N1)	1535	4646
PA|PP755594.1|A/cattle/Texas/24-008749-003/2024(H5N1)	1536	4646
PA|PP755594.1|A/cattle/Texas/24-008749-003/2024(H5N1)	1537	4628
PA|PP755594.1|A/cattle/Texas/24-008749-003/2024(H5N1)	1538	4620
PA|PP755594.1|A/cattle/Texas/24-008749-003/2024(H5N1)	1539	4621
PA|PP755594.1|A/cattle/Texas/24-008749-003/2024(H5N1)	1540	4616
PA|PP755594.1|A/cattle/Texas/24-008749-003/2024(H5N1)	1541	4608
PA|PP755594.1|A/cattle/Texas/24-008749-003/2024(H5N1)	1542	4499
PA|PP755594.1|A/cattle/Texas/24-008749-003/2024(H5N1)	1543	4499
PA|PP755594.1|A/cattle/Texas/24-008749-003/2024(H5N1)	1544	4499
PA|PP755594.1|A/cattle/Texas/24-008749-003/2024(H5N1)	1545	4499
PA|PP755594.1|A/cattle/Texas/24-008749-003/2024(H5N1)	1546	4499
PA|PP755594.1|A/cattle/Texas/24-008749-003/2024(H5N1)	1547	4499
PA|PP755594.1|A/cattle/Texas/24-008749-003/2024(H5N1)	1548	4441
PA|PP755594.1|A/cattle/Texas/24-008749-003/2024(H5N1)	1549	4441
PA|PP755594.1|A/cattle/Texas/24-008749-003/2024(H5N1)	1550	4428
PA|PP755594.1|A/cattle/Texas/24-008749-003/2024(H5N1)	1551	2846
PA|PP755594.1|A/cattle/Texas/24-008749-003/2024(H5N1)	1552	2846
PA|PP755594.1|A/cattle/Texas/24-008749-003/2024(H5N1)	1553	2846
PA|PP755594.1|A/cattle/Texas/24-008749-003/2024(H5N1)	1554	2845
PA|PP755594.1|A/cattle/Texas/24-008749-003/2024(H5N1)	1555	2845
PA|PP755594.1|A/cattle/Texas/24-008749-003/2024(H5N1)	1556	2845
PA|PP755594.1|A/cattle/Texas/24-008749-003/2024(H5N1)	1557	2845
PA|PP755594.1|A/cattle/Texas/24-008749-003/2024(H5N1)	1558	2845
PA|PP755594.1|A/cattle/Texas/24-008749-003/2024(H5N1)	1559	2846
PA|PP755594.1|A/cattle/Texas/24-008749-003/2024(H5N1)	1560	2846
PA|PP755594.1|A/cattle/Texas/24-008749-003/2024(H5N1)	1561	2846
PA|PP755594.1|A/cattle/Texas/24-008749-003/2024(H5N1)	1562	2846
PA|PP755594.1|A/cattle/Texas/24-008749-003/2024(H5N1)	1563	2843
PA|PP755594.1|A/cattle/Texas/24-008749-003/2024(H5N1)	1564	2843
PA|PP755594.1|A/cattle/Texas/24-008749-003/2024(H5N1)	1565	2843
PA|PP755594.1|A/cattle/Texas/24-008749-003/2024(H5N1)	1566	2843
PA|PP755594.1|A/cattle/Texas/24-008749-003/2024(H5N1)	1567	2843
PA|PP755594.1|A/cattle/Texas/24-008749-003/2024(H5N1)	1568	2843
PA|PP755594.1|A/cattle/Texas/24-008749-003/2024(H5N1)	1569	2843
PA|PP755594.1|A/cattle/Texas/24-008749-003/2024(H5N1)	1570	2843
PA|PP755594.1|A/cattle/Texas/24-008749-003/2024(H5N1)	1571	2843
PA|PP755594.1|A/cattle/Texas/24-008749-003/2024(H5N1)	1572	2840
PA|PP755594.1|A/cattle/Texas/24-008749-003/2024(H5N1)	1573	2840
PA|PP755594.1|A/cattle/Texas/24-008749-003/2024(H5N1)	1574	2840
PA|PP755594.1|A/cattle/Texas/24-008749-003/2024(H5N1)	1575	2840
PA|PP755594.1|A/cattle/Texas/24-008749-003/2024(H5N1)	1576	2840
PA|PP755594.1|A/cattle/Texas/24-008749-003/2024(H5N1)	1577	2840
PA|PP755594.1|A/cattle/Texas/24-008749-003/2024(H5N1)	1578	2840
PA|PP755594.1|A/cattle/Texas/24-008749-003/2024(H5N1)	1579	2840
PA|PP755594.1|A/cattle/Texas/24-008749-003/2024(H5N1)	1580	2840
PA|PP755594.1|A/cattle/Texas/24-008749-003/2024(H5N1)	1581	2840
PA|PP755594.1|A/cattle/Texas/24-008749-003/2024(H5N1)	1582	2840
PA|PP755594.1|A/cattle/Texas/24-008749-003/2024(H5N1)	1583	2840
PA|PP755594.1|A/cattle/Texas/24-008749-003/2024(H5N1)	1584	2840
PA|PP755594.1|A/cattle/Texas/24-008749-003/2024(H5N1)	1585	2840
PA|PP755594.1|A/cattle/Texas/24-008749-003/2024(H5N1)	1586	2841
PA|PP755594.1|A/cattle/Texas/24-008749-003/2024(H5N1)	1587	2841
PA|PP755594.1|A/cattle/Texas/24-008749-003/2024(H5N1)	1588	2842
PA|PP755594.1|A/cattle/Texas/24-008749-003/2024(H5N1)	1589	2842
PA|PP755594.1|A/cattle/Texas/24-008749-003/2024(H5N1)	1590	2841
PA|PP755594.1|A/cattle/Texas/24-008749-003/2024(H5N1)	1591	2841
PA|PP755594.1|A/cattle/Texas/24-008749-003/2024(H5N1)	1592	2842
PA|PP755594.1|A/cattle/Texas/24-008749-003/2024(H5N1)	1593	2845
PA|PP755594.1|A/cattle/Texas/24-008749-003/2024(H5N1)	1594	2847
PA|PP755594.1|A/cattle/Texas/24-008749-003/2024(H5N1)	1595	2847
PA|PP755594.1|A/cattle/Texas/24-008749-003/2024(H5N1)	1596	2847
PA|PP755594.1|A/cattle/Texas/24-008749-003/2024(H5N1)	1597	3000
PA|PP755594.1|A/cattle/Texas/24-008749-003/2024(H5N1)	1598	3054
PA|PP755594.1|A/cattle/Texas/24-008749-003/2024(H5N1)	1599	3057
PA|PP755594.1|A/cattle/Texas/24-008749-003/2024(H5N1)	1600	5861
PA|PP755594.1|A/cattle/Texas/24-008749-003/2024(H5N1)	1601	5874
PA|PP755594.1|A/cattle/Texas/24-008749-003/2024(H5N1)	1602	5894
PA|PP755594.1|A/cattle/Texas/24-008749-003/2024(H5N1)	1603	5951
PA|PP755594.1|A/cattle/Texas/24-008749-003/2024(H5N1)	1604	5985
PA|PP755594.1|A/cattle/Texas/24-008749-003/2024(H5N1)	1605	6011
PA|PP755594.1|A/cattle/Texas/24-008749-003/2024(H5N1)	1606	6019
PA|PP755594.1|A/cattle/Texas/24-008749-003/2024(H5N1)	1607	6040
PA|PP755594.1|A/cattle/Texas/24-008749-003/2024(H5N1)	1608	6041
PA|PP755594.1|A/cattle/Texas/24-008749-003/2024(H5N1)	1609	6151
PA|PP755594.1|A/cattle/Texas/24-008749-003/2024(H5N1)	1610	6181
PA|PP755594.1|A/cattle/Texas/24-008749-003/2024(H5N1)	1611	6189
PA|PP755594.1|A/cattle/Texas/24-008749-003/2024(H5N1)	1612	6266
PA|PP755594.1|A/cattle/Texas/24-008749-003/2024(H5N1)	1613	6314
PA|PP755594.1|A/cattle/Texas/24-008749-003/2024(H5N1)	1614	6372
PA|PP755594.1|A/cattle/Texas/24-008749-003/2024(H5N1)	1615	6374
PA|PP755594.1|A/cattle/Texas/24-008749-003/2024(H5N1)	1616	6376
PA|PP755594.1|A/cattle/Texas/24-008749-003/2024(H5N1)	1617	6460
PA|PP755594.1|A/cattle/Texas/24-008749-003/2024(H5N1)	1618	6461
PA|PP755594.1|A/cattle/Texas/24-008749-003/2024(H5N1)	1619	6448
PA|PP755594.1|A/cattle/Texas/24-008749-003/2024(H5N1)	1620	6233
PA|PP755594.1|A/cattle/Texas/24-008749-003/2024(H5N1)	1621	6178
PA|PP755594.1|A/cattle/Texas/24-008749-003/2024(H5N1)	1622	6175
PA|PP755594.1|A/cattle/Texas/24-008749-003/2024(H5N1)	1623	6131
PA|PP755594.1|A/cattle/Texas/24-008749-003/2024(H5N1)	1624	6131
PA|PP755594.1|A/cattle/Texas/24-008749-003/2024(H5N1)	1625	6202
PA|PP755594.1|A/cattle/Texas/24-008749-003/2024(H5N1)	1626	6089
PA|PP755594.1|A/cattle/Texas/24-008749-003/2024(H5N1)	1627	6076
PA|PP755594.1|A/cattle/Texas/24-008749-003/2024(H5N1)	1628	6073
PA|PP755594.1|A/cattle/Texas/24-008749-003/2024(H5N1)	1629	6069
PA|PP755594.1|A/cattle/Texas/24-008749-003/2024(H5N1)	1630	6066
PA|PP755594.1|A/cattle/Texas/24-008749-003/2024(H5N1)	1631	6044
PA|PP755594.1|A/cattle/Texas/24-008749-003/2024(H5N1)	1632	4737
PA|PP755594.1|A/cattle/Texas/24-008749-003/2024(H5N1)	1633	4740
PA|PP755594.1|A/cattle/Texas/24-008749-003/2024(H5N1)	1634	4757
PA|PP755594.1|A/cattle/Texas/24-008749-003/2024(H5N1)	1635	4776
PA|PP755594.1|A/cattle/Texas/24-008749-003/2024(H5N1)	1636	5283
PA|PP755594.1|A/cattle/Texas/24-008749-003/2024(H5N1)	1637	5319
PA|PP755594.1|A/cattle/Texas/24-008749-003/2024(H5N1)	1638	5398
PA|PP755594.1|A/cattle/Texas/24-008749-003/2024(H5N1)	1639	5437
PA|PP755594.1|A/cattle/Texas/24-008749-003/2024(H5N1)	1640	5605
PA|PP755594.1|A/cattle/Texas/24-008749-003/2024(H5N1)	1641	5605
PA|PP755594.1|A/cattle/Texas/24-008749-003/2024(H5N1)	1642	5640
PA|PP755594.1|A/cattle/Texas/24-008749-003/2024(H5N1)	1643	5770
PA|PP755594.1|A/cattle/Texas/24-008749-003/2024(H5N1)	1644	5778
PA|PP755594.1|A/cattle/Texas/24-008749-003/2024(H5N1)	1645	6158
PA|PP755594.1|A/cattle/Texas/24-008749-003/2024(H5N1)	1646	6158
PA|PP755594.1|A/cattle/Texas/24-008749-003/2024(H5N1)	1647	6157
PA|PP755594.1|A/cattle/Texas/24-008749-003/2024(H5N1)	1648	5937
PA|PP755594.1|A/cattle/Texas/24-008749-003/2024(H5N1)	1649	5904
PA|PP755594.1|A/cattle/Texas/24-008749-003/2024(H5N1)	1650	5903
PA|PP755594.1|A/cattle/Texas/24-008749-003/2024(H5N1)	1651	5911
PA|PP755594.1|A/cattle/Texas/24-008749-003/2024(H5N1)	1652	6475
PA|PP755594.1|A/cattle/Texas/24-008749-003/2024(H5N1)	1653	6545
PA|PP755594.1|A/cattle/Texas/24-008749-003/2024(H5N1)	1654	6568
PA|PP755594.1|A/cattle/Texas/24-008749-003/2024(H5N1)	1655	6693
PA|PP755594.1|A/cattle/Texas/24-008749-003/2024(H5N1)	1656	6703
PA|PP755594.1|A/cattle/Texas/24-008749-003/2024(H5N1)	1657	6972
PA|PP755594.1|A/cattle/Texas/24-008749-003/2024(H5N1)	1658	7003
PA|PP755594.1|A/cattle/Texas/24-008749-003/2024(H5N1)	1659	7000
PA|PP755594.1|A/cattle/Texas/24-008749-003/2024(H5N1)	1660	6989
PA|PP755594.1|A/cattle/Texas/24-008749-003/2024(H5N1)	1661	6945
PA|PP755594.1|A/cattle/Texas/24-008749-003/2024(H5N1)	1662	6879
PA|PP755594.1|A/cattle/Texas/24-008749-003/2024(H5N1)	1663	6918
PA|PP755594.1|A/cattle/Texas/24-008749-003/2024(H5N1)	1664	6893
PA|PP755594.1|A/cattle/Texas/24-008749-003/2024(H5N1)	1665	6877
PA|PP755594.1|A/cattle/Texas/24-008749-003/2024(H5N1)	1666	6712
PA|PP755594.1|A/cattle/Texas/24-008749-003/2024(H5N1)	1667	6685
PA|PP755594.1|A/cattle/Texas/24-008749-003/2024(H5N1)	1668	6679
PA|PP755594.1|A/cattle/Texas/24-008749-003/2024(H5N1)	1669	6650
PA|PP755594.1|A/cattle/Texas/24-008749-003/2024(H5N1)	1670	6645
PA|PP755594.1|A/cattle/Texas/24-008749-003/2024(H5N1)	1671	6634
PA|PP755594.1|A/cattle/Texas/24-008749-003/2024(H5N1)	1672	6606
PA|PP755594.1|A/cattle/Texas/24-008749-003/2024(H5N1)	1673	6137
PA|PP755594.1|A/cattle/Texas/24-008749-003/2024(H5N1)	1674	6136
PA|PP755594.1|A/cattle/Texas/24-008749-003/2024(H5N1)	1675	6167
PA|PP755594.1|A/cattle/Texas/24-008749-003/2024(H5N1)	1676	6177
PA|PP755594.1|A/cattle/Texas/24-008749-003/2024(H5N1)	1677	6189
PA|PP755594.1|A/cattle/Texas/24-008749-003/2024(H5N1)	1678	6728
PA|PP755594.1|A/cattle/Texas/24-008749-003/2024(H5N1)	1679	6761
PA|PP755594.1|A/cattle/Texas/24-008749-003/2024(H5N1)	1680	6763
PA|PP755594.1|A/cattle/Texas/24-008749-003/2024(H5N1)	1681	6841
PA|PP755594.1|A/cattle/Texas/24-008749-003/2024(H5N1)	1682	6841
PA|PP755594.1|A/cattle/Texas/24-008749-003/2024(H5N1)	1683	6872
PA|PP755594.1|A/cattle/Texas/24-008749-003/2024(H5N1)	1684	6856
PA|PP755594.1|A/cattle/Texas/24-008749-003/2024(H5N1)	1685	6866
PA|PP755594.1|A/cattle/Texas/24-008749-003/2024(H5N1)	1686	6767
PA|PP755594.1|A/cattle/Texas/24-008749-003/2024(H5N1)	1687	6670
PA|PP755594.1|A/cattle/Texas/24-008749-003/2024(H5N1)	1688	6652
PA|PP755594.1|A/cattle/Texas/24-008749-003/2024(H5N1)	1689	6679
PA|PP755594.1|A/cattle/Texas/24-008749-003/2024(H5N1)	1690	6635
PA|PP755594.1|A/cattle/Texas/24-008749-003/2024(H5N1)	1691	6629
PA|PP755594.1|A/cattle/Texas/24-008749-003/2024(H5N1)	1692	6548
PA|PP755594.1|A/cattle/Texas/24-008749-003/2024(H5N1)	1693	6496
PA|PP755594.1|A/cattle/Texas/24-008749-003/2024(H5N1)	1694	6442
PA|PP755594.1|A/cattle/Texas/24-008749-003/2024(H5N1)	1695	6012
PA|PP755594.1|A/cattle/Texas/24-008749-003/2024(H5N1)	1696	5997
PA|PP755594.1|A/cattle/Texas/24-008749-003/2024(H5N1)	1697	5990
PA|PP755594.1|A/cattle/Texas/24-008749-003/2024(H5N1)	1698	5970
PA|PP755594.1|A/cattle/Texas/24-008749-003/2024(H5N1)	1699	5978
PA|PP755594.1|A/cattle/Texas/24-008749-003/2024(H5N1)	1700	5999
PA|PP755594.1|A/cattle/Texas/24-008749-003/2024(H5N1)	1701	5907
PA|PP755594.1|A/cattle/Texas/24-008749-003/2024(H5N1)	1702	5836
PA|PP755594.1|A/cattle/Texas/24-008749-003/2024(H5N1)	1703	5831
PA|PP755594.1|A/cattle/Texas/24-008749-003/2024(H5N1)	1704	5821
PA|PP755594.1|A/cattle/Texas/24-008749-003/2024(H5N1)	1705	5821
PA|PP755594.1|A/cattle/Texas/24-008749-003/2024(H5N1)	1706	5791
PA|PP755594.1|A/cattle/Texas/24-008749-003/2024(H5N1)	1707	5761
PA|PP755594.1|A/cattle/Texas/24-008749-003/2024(H5N1)	1708	5764
PA|PP755594.1|A/cattle/Texas/24-008749-003/2024(H5N1)	1709	5778
PA|PP755594.1|A/cattle/Texas/24-008749-003/2024(H5N1)	1710	5793
PA|PP755594.1|A/cattle/Texas/24-008749-003/2024(H5N1)	1711	6441
PA|PP755594.1|A/cattle/Texas/24-008749-003/2024(H5N1)	1712	6451
PA|PP755594.1|A/cattle/Texas/24-008749-003/2024(H5N1)	1713	6452
PA|PP755594.1|A/cattle/Texas/24-008749-003/2024(H5N1)	1714	6454
PA|PP755594.1|A/cattle/Texas/24-008749-003/2024(H5N1)	1715	6472
PA|PP755594.1|A/cattle/Texas/24-008749-003/2024(H5N1)	1716	6366
PA|PP755594.1|A/cattle/Texas/24-008749-003/2024(H5N1)	1717	6467
PA|PP755594.1|A/cattle/Texas/24-008749-003/2024(H5N1)	1718	6471
PA|PP755594.1|A/cattle/Texas/24-008749-003/2024(H5N1)	1719	6508
PA|PP755594.1|A/cattle/Texas/24-008749-003/2024(H5N1)	1720	6517
PA|PP755594.1|A/cattle/Texas/24-008749-003/2024(H5N1)	1721	6476
PA|PP755594.1|A/cattle/Texas/24-008749-003/2024(H5N1)	1722	6489
PA|PP755594.1|A/cattle/Texas/24-008749-003/2024(H5N1)	1723	6541
PA|PP755594.1|A/cattle/Texas/24-008749-003/2024(H5N1)	1724	6546
PA|PP755594.1|A/cattle/Texas/24-008749-003/2024(H5N1)	1725	6681
PA|PP755594.1|A/cattle/Texas/24-008749-003/2024(H5N1)	1726	6700
PA|PP755594.1|A/cattle/Texas/24-008749-003/2024(H5N1)	1727	6750
PA|PP755594.1|A/cattle/Texas/24-008749-003/2024(H5N1)	1728	6755
PA|PP755594.1|A/cattle/Texas/24-008749-003/2024(H5N1)	1729	6806
PA|PP755594.1|A/cattle/Texas/24-008749-003/2024(H5N1)	1730	7001
PA|PP755594.1|A/cattle/Texas/24-008749-003/2024(H5N1)	1731	7261
PA|PP755594.1|A/cattle/Texas/24-008749-003/2024(H5N1)	1732	7277
PA|PP755594.1|A/cattle/Texas/24-008749-003/2024(H5N1)	1733	7465
PA|PP755594.1|A/cattle/Texas/24-008749-003/2024(H5N1)	1734	7388
PA|PP755594.1|A/cattle/Texas/24-008749-003/2024(H5N1)	1735	7483
PA|PP755594.1|A/cattle/Texas/24-008749-003/2024(H5N1)	1736	7487
PA|PP755594.1|A/cattle/Texas/24-008749-003/2024(H5N1)	1737	7242
PA|PP755594.1|A/cattle/Texas/24-008749-003/2024(H5N1)	1738	7542
PA|PP755594.1|A/cattle/Texas/24-008749-003/2024(H5N1)	1739	7499
PA|PP755594.1|A/cattle/Texas/24-008749-003/2024(H5N1)	1740	7534
PA|PP755594.1|A/cattle/Texas/24-008749-003/2024(H5N1)	1741	7646
PA|PP755594.1|A/cattle/Texas/24-008749-003/2024(H5N1)	1742	7477
PA|PP755594.1|A/cattle/Texas/24-008749-003/2024(H5N1)	1743	7257
PA|PP755594.1|A/cattle/Texas/24-008749-003/2024(H5N1)	1744	7264
PA|PP755594.1|A/cattle/Texas/24-008749-003/2024(H5N1)	1745	7324
PA|PP755594.1|A/cattle/Texas/24-008749-003/2024(H5N1)	1746	7380
PA|PP755594.1|A/cattle/Texas/24-008749-003/2024(H5N1)	1747	7242
PA|PP755594.1|A/cattle/Texas/24-008749-003/2024(H5N1)	1748	7242
PA|PP755594.1|A/cattle/Texas/24-008749-003/2024(H5N1)	1749	7187
PA|PP755594.1|A/cattle/Texas/24-008749-003/2024(H5N1)	1750	7236
PA|PP755594.1|A/cattle/Texas/24-008749-003/2024(H5N1)	1751	7376
PA|PP755594.1|A/cattle/Texas/24-008749-003/2024(H5N1)	1752	7371
PA|PP755594.1|A/cattle/Texas/24-008749-003/2024(H5N1)	1753	7444
PA|PP755594.1|A/cattle/Texas/24-008749-003/2024(H5N1)	1754	7402
PA|PP755594.1|A/cattle/Texas/24-008749-003/2024(H5N1)	1755	7447
PA|PP755594.1|A/cattle/Texas/24-008749-003/2024(H5N1)	1756	7567
PA|PP755594.1|A/cattle/Texas/24-008749-003/2024(H5N1)	1757	7559
PA|PP755594.1|A/cattle/Texas/24-008749-003/2024(H5N1)	1758	7579
PA|PP755594.1|A/cattle/Texas/24-008749-003/2024(H5N1)	1759	7562
PA|PP755594.1|A/cattle/Texas/24-008749-003/2024(H5N1)	1760	7462
PA|PP755594.1|A/cattle/Texas/24-008749-003/2024(H5N1)	1761	7437
PA|PP755594.1|A/cattle/Texas/24-008749-003/2024(H5N1)	1762	7424
PA|PP755594.1|A/cattle/Texas/24-008749-003/2024(H5N1)	1763	7939
PA|PP755594.1|A/cattle/Texas/24-008749-003/2024(H5N1)	1764	7920
PA|PP755594.1|A/cattle/Texas/24-008749-003/2024(H5N1)	1765	8074
PA|PP755594.1|A/cattle/Texas/24-008749-003/2024(H5N1)	1766	8429
PA|PP755594.1|A/cattle/Texas/24-008749-003/2024(H5N1)	1767	8449
PA|PP755594.1|A/cattle/Texas/24-008749-003/2024(H5N1)	1768	8468
PA|PP755594.1|A/cattle/Texas/24-008749-003/2024(H5N1)	1769	8466
PA|PP755594.1|A/cattle/Texas/24-008749-003/2024(H5N1)	1770	8467
PA|PP755594.1|A/cattle/Texas/24-008749-003/2024(H5N1)	1771	8500
PA|PP755594.1|A/cattle/Texas/24-008749-003/2024(H5N1)	1772	8239
PA|PP755594.1|A/cattle/Texas/24-008749-003/2024(H5N1)	1773	8316
PA|PP755594.1|A/cattle/Texas/24-008749-003/2024(H5N1)	1774	8223
PA|PP755594.1|A/cattle/Texas/24-008749-003/2024(H5N1)	1775	8229
PA|PP755594.1|A/cattle/Texas/24-008749-003/2024(H5N1)	1776	8146
PA|PP755594.1|A/cattle/Texas/24-008749-003/2024(H5N1)	1777	8146
PA|PP755594.1|A/cattle/Texas/24-008749-003/2024(H5N1)	1778	8130
PA|PP755594.1|A/cattle/Texas/24-008749-003/2024(H5N1)	1779	8197
PA|PP755594.1|A/cattle/Texas/24-008749-003/2024(H5N1)	1780	8184
PA|PP755594.1|A/cattle/Texas/24-008749-003/2024(H5N1)	1781	8232
PA|PP755594.1|A/cattle/Texas/24-008749-003/2024(H5N1)	1782	8164
PA|PP755594.1|A/cattle/Texas/24-008749-003/2024(H5N1)	1783	8150
PA|PP755594.1|A/cattle/Texas/24-008749-003/2024(H5N1)	1784	8131
PA|PP755594.1|A/cattle/Texas/24-008749-003/2024(H5N1)	1785	8230
PA|PP755594.1|A/cattle/Texas/24-008749-003/2024(H5N1)	1786	8271
PA|PP755594.1|A/cattle/Texas/24-008749-003/2024(H5N1)	1787	8252
PA|PP755594.1|A/cattle/Texas/24-008749-003/2024(H5N1)	1788	8139
PA|PP755594.1|A/cattle/Texas/24-008749-003/2024(H5N1)	1789	8141
PA|PP755594.1|A/cattle/Texas/24-008749-003/2024(H5N1)	1790	8016
PA|PP755594.1|A/cattle/Texas/24-008749-003/2024(H5N1)	1791	7965
PA|PP755594.1|A/cattle/Texas/24-008749-003/2024(H5N1)	1792	8090
PA|PP755594.1|A/cattle/Texas/24-008749-003/2024(H5N1)	1793	8053
PA|PP755594.1|A/cattle/Texas/24-008749-003/2024(H5N1)	1794	7876
PA|PP755594.1|A/cattle/Texas/24-008749-003/2024(H5N1)	1795	7859
PA|PP755594.1|A/cattle/Texas/24-008749-003/2024(H5N1)	1796	7533
PA|PP755594.1|A/cattle/Texas/24-008749-003/2024(H5N1)	1797	7522
PA|PP755594.1|A/cattle/Texas/24-008749-003/2024(H5N1)	1798	7502
PA|PP755594.1|A/cattle/Texas/24-008749-003/2024(H5N1)	1799	7494
PA|PP755594.1|A/cattle/Texas/24-008749-003/2024(H5N1)	1800	7476
PA|PP755594.1|A/cattle/Texas/24-008749-003/2024(H5N1)	1801	8112
PA|PP755594.1|A/cattle/Texas/24-008749-003/2024(H5N1)	1802	7954
PA|PP755594.1|A/cattle/Texas/24-008749-003/2024(H5N1)	1803	7949
PA|PP755594.1|A/cattle/Texas/24-008749-003/2024(H5N1)	1804	7949
PA|PP755594.1|A/cattle/Texas/24-008749-003/2024(H5N1)	1805	7928
PA|PP755594.1|A/cattle/Texas/24-008749-003/2024(H5N1)	1806	7891
PA|PP755594.1|A/cattle/Texas/24-008749-003/2024(H5N1)	1807	7879
PA|PP755594.1|A/cattle/Texas/24-008749-003/2024(H5N1)	1808	7614
PA|PP755594.1|A/cattle/Texas/24-008749-003/2024(H5N1)	1809	7578
PA|PP755594.1|A/cattle/Texas/24-008749-003/2024(H5N1)	1810	7575
PA|PP755594.1|A/cattle/Texas/24-008749-003/2024(H5N1)	1811	7573
PA|PP755594.1|A/cattle/Texas/24-008749-003/2024(H5N1)	1812	6641
PA|PP755594.1|A/cattle/Texas/24-008749-003/2024(H5N1)	1813	6611
PA|PP755594.1|A/cattle/Texas/24-008749-003/2024(H5N1)	1814	6562
PA|PP755594.1|A/cattle/Texas/24-008749-003/2024(H5N1)	1815	6527
PA|PP755594.1|A/cattle/Texas/24-008749-003/2024(H5N1)	1816	6527
PA|PP755594.1|A/cattle/Texas/24-008749-003/2024(H5N1)	1817	6527
PA|PP755594.1|A/cattle/Texas/24-008749-003/2024(H5N1)	1818	6512
PA|PP755594.1|A/cattle/Texas/24-008749-003/2024(H5N1)	1819	6430
PA|PP755594.1|A/cattle/Texas/24-008749-003/2024(H5N1)	1820	6329
PA|PP755594.1|A/cattle/Texas/24-008749-003/2024(H5N1)	1821	6283
PA|PP755594.1|A/cattle/Texas/24-008749-003/2024(H5N1)	1822	6158
PA|PP755594.1|A/cattle/Texas/24-008749-003/2024(H5N1)	1823	6152
PA|PP755594.1|A/cattle/Texas/24-008749-003/2024(H5N1)	1824	6119
PA|PP755594.1|A/cattle/Texas/24-008749-003/2024(H5N1)	1825	6120
PA|PP755594.1|A/cattle/Texas/24-008749-003/2024(H5N1)	1826	6120
PA|PP755594.1|A/cattle/Texas/24-008749-003/2024(H5N1)	1827	6120
PA|PP755594.1|A/cattle/Texas/24-008749-003/2024(H5N1)	1828	6617
PA|PP755594.1|A/cattle/Texas/24-008749-003/2024(H5N1)	1829	6617
PA|PP755594.1|A/cattle/Texas/24-008749-003/2024(H5N1)	1830	6617
PA|PP755594.1|A/cattle/Texas/24-008749-003/2024(H5N1)	1831	6617
PA|PP755594.1|A/cattle/Texas/24-008749-003/2024(H5N1)	1832	6615
PA|PP755594.1|A/cattle/Texas/24-008749-003/2024(H5N1)	1833	6604
PA|PP755594.1|A/cattle/Texas/24-008749-003/2024(H5N1)	1834	6617
PA|PP755594.1|A/cattle/Texas/24-008749-003/2024(H5N1)	1835	6617
PA|PP755594.1|A/cattle/Texas/24-008749-003/2024(H5N1)	1836	6617
PA|PP755594.1|A/cattle/Texas/24-008749-003/2024(H5N1)	1837	6617
PA|PP755594.1|A/cattle/Texas/24-008749-003/2024(H5N1)	1838	6600
PA|PP755594.1|A/cattle/Texas/24-008749-003/2024(H5N1)	1839	6600
PA|PP755594.1|A/cattle/Texas/24-008749-003/2024(H5N1)	1840	6600
PA|PP755594.1|A/cattle/Texas/24-008749-003/2024(H5N1)	1841	6600
PA|PP755594.1|A/cattle/Texas/24-008749-003/2024(H5N1)	1842	6600
PA|PP755594.1|A/cattle/Texas/24-008749-003/2024(H5N1)	1843	6591
PA|PP755594.1|A/cattle/Texas/24-008749-003/2024(H5N1)	1844	6505
PA|PP755594.1|A/cattle/Texas/24-008749-003/2024(H5N1)	1845	6503
PA|PP755594.1|A/cattle/Texas/24-008749-003/2024(H5N1)	1846	6507
PA|PP755594.1|A/cattle/Texas/24-008749-003/2024(H5N1)	1847	6507
PA|PP755594.1|A/cattle/Texas/24-008749-003/2024(H5N1)	1848	6487
PA|PP755594.1|A/cattle/Texas/24-008749-003/2024(H5N1)	1849	6967
PA|PP755594.1|A/cattle/Texas/24-008749-003/2024(H5N1)	1850	6967
PA|PP755594.1|A/cattle/Texas/24-008749-003/2024(H5N1)	1851	6966
PA|PP755594.1|A/cattle/Texas/24-008749-003/2024(H5N1)	1852	6967
PA|PP755594.1|A/cattle/Texas/24-008749-003/2024(H5N1)	1853	6834
PA|PP755594.1|A/cattle/Texas/24-008749-003/2024(H5N1)	1854	6807
PA|PP755594.1|A/cattle/Texas/24-008749-003/2024(H5N1)	1855	6926
PA|PP755594.1|A/cattle/Texas/24-008749-003/2024(H5N1)	1856	6933
PA|PP755594.1|A/cattle/Texas/24-008749-003/2024(H5N1)	1857	6960
PA|PP755594.1|A/cattle/Texas/24-008749-003/2024(H5N1)	1858	7070
PA|PP755594.1|A/cattle/Texas/24-008749-003/2024(H5N1)	1859	7118
PA|PP755594.1|A/cattle/Texas/24-008749-003/2024(H5N1)	1860	7107
PA|PP755594.1|A/cattle/Texas/24-008749-003/2024(H5N1)	1861	7143
PA|PP755594.1|A/cattle/Texas/24-008749-003/2024(H5N1)	1862	7150
PA|PP755594.1|A/cattle/Texas/24-008749-003/2024(H5N1)	1863	7189
PA|PP755594.1|A/cattle/Texas/24-008749-003/2024(H5N1)	1864	7205
PA|PP755594.1|A/cattle/Texas/24-008749-003/2024(H5N1)	1865	7267
PA|PP755594.1|A/cattle/Texas/24-008749-003/2024(H5N1)	1866	7250
PA|PP755594.1|A/cattle/Texas/24-008749-003/2024(H5N1)	1867	7267
PA|PP755594.1|A/cattle/Texas/24-008749-003/2024(H5N1)	1868	7176
PA|PP755594.1|A/cattle/Texas/24-008749-003/2024(H5N1)	1869	7216
PA|PP755594.1|A/cattle/Texas/24-008749-003/2024(H5N1)	1870	7207
PA|PP755594.1|A/cattle/Texas/24-008749-003/2024(H5N1)	1871	7221
PA|PP755594.1|A/cattle/Texas/24-008749-003/2024(H5N1)	1872	7507
PA|PP755594.1|A/cattle/Texas/24-008749-003/2024(H5N1)	1873	7496
PA|PP755594.1|A/cattle/Texas/24-008749-003/2024(H5N1)	1874	7502
PA|PP755594.1|A/cattle/Texas/24-008749-003/2024(H5N1)	1875	7407
PA|PP755594.1|A/cattle/Texas/24-008749-003/2024(H5N1)	1876	7376
PA|PP755594.1|A/cattle/Texas/24-008749-003/2024(H5N1)	1877	7384
PA|PP755594.1|A/cattle/Texas/24-008749-003/2024(H5N1)	1878	7411
PA|PP755594.1|A/cattle/Texas/24-008749-003/2024(H5N1)	1879	7525
PA|PP755594.1|A/cattle/Texas/24-008749-003/2024(H5N1)	1880	7610
PA|PP755594.1|A/cattle/Texas/24-008749-003/2024(H5N1)	1881	7233
PA|PP755594.1|A/cattle/Texas/24-008749-003/2024(H5N1)	1882	7289
PA|PP755594.1|A/cattle/Texas/24-008749-003/2024(H5N1)	1883	7447
PA|PP755594.1|A/cattle/Texas/24-008749-003/2024(H5N1)	1884	7271
PA|PP755594.1|A/cattle/Texas/24-008749-003/2024(H5N1)	1885	7344
PA|PP755594.1|A/cattle/Texas/24-008749-003/2024(H5N1)	1886	7277
PA|PP755594.1|A/cattle/Texas/24-008749-003/2024(H5N1)	1887	7309
PA|PP755594.1|A/cattle/Texas/24-008749-003/2024(H5N1)	1888	7202
PA|PP755594.1|A/cattle/Texas/24-008749-003/2024(H5N1)	1889	6980
PA|PP755594.1|A/cattle/Texas/24-008749-003/2024(H5N1)	1890	6907
PA|PP755594.1|A/cattle/Texas/24-008749-003/2024(H5N1)	1891	6746
PA|PP755594.1|A/cattle/Texas/24-008749-003/2024(H5N1)	1892	6709
PA|PP755594.1|A/cattle/Texas/24-008749-003/2024(H5N1)	1893	6657
PA|PP755594.1|A/cattle/Texas/24-008749-003/2024(H5N1)	1894	6606
PA|PP755594.1|A/cattle/Texas/24-008749-003/2024(H5N1)	1895	6607
PA|PP755594.1|A/cattle/Texas/24-008749-003/2024(H5N1)	1896	6572
PA|PP755594.1|A/cattle/Texas/24-008749-003/2024(H5N1)	1897	6715
PA|PP755594.1|A/cattle/Texas/24-008749-003/2024(H5N1)	1898	6765
PA|PP755594.1|A/cattle/Texas/24-008749-003/2024(H5N1)	1899	6758
PA|PP755594.1|A/cattle/Texas/24-008749-003/2024(H5N1)	1900	6770
PA|PP755594.1|A/cattle/Texas/24-008749-003/2024(H5N1)	1901	6733
PA|PP755594.1|A/cattle/Texas/24-008749-003/2024(H5N1)	1902	6608
PA|PP755594.1|A/cattle/Texas/24-008749-003/2024(H5N1)	1903	6708
PA|PP755594.1|A/cattle/Texas/24-008749-003/2024(H5N1)	1904	6632
PA|PP755594.1|A/cattle/Texas/24-008749-003/2024(H5N1)	1905	6900
PA|PP755594.1|A/cattle/Texas/24-008749-003/2024(H5N1)	1906	6925
PA|PP755594.1|A/cattle/Texas/24-008749-003/2024(H5N1)	1907	6803
PA|PP755594.1|A/cattle/Texas/24-008749-003/2024(H5N1)	1908	7066
PA|PP755594.1|A/cattle/Texas/24-008749-003/2024(H5N1)	1909	7044
PA|PP755594.1|A/cattle/Texas/24-008749-003/2024(H5N1)	1910	7101
PA|PP755594.1|A/cattle/Texas/24-008749-003/2024(H5N1)	1911	7092
PA|PP755594.1|A/cattle/Texas/24-008749-003/2024(H5N1)	1912	7085
PA|PP755594.1|A/cattle/Texas/24-008749-003/2024(H5N1)	1913	7107
PA|PP755594.1|A/cattle/Texas/24-008749-003/2024(H5N1)	1914	6489
PA|PP755594.1|A/cattle/Texas/24-008749-003/2024(H5N1)	1915	6429
PA|PP755594.1|A/cattle/Texas/24-008749-003/2024(H5N1)	1916	6271
PA|PP755594.1|A/cattle/Texas/24-008749-003/2024(H5N1)	1917	5069
PA|PP755594.1|A/cattle/Texas/24-008749-003/2024(H5N1)	1918	5062
PA|PP755594.1|A/cattle/Texas/24-008749-003/2024(H5N1)	1919	5063
PA|PP755594.1|A/cattle/Texas/24-008749-003/2024(H5N1)	1920	5064
PA|PP755594.1|A/cattle/Texas/24-008749-003/2024(H5N1)	1921	5081
PA|PP755594.1|A/cattle/Texas/24-008749-003/2024(H5N1)	1922	5081
PA|PP755594.1|A/cattle/Texas/24-008749-003/2024(H5N1)	1923	5113
PA|PP755594.1|A/cattle/Texas/24-008749-003/2024(H5N1)	1924	5564
PA|PP755594.1|A/cattle/Texas/24-008749-003/2024(H5N1)	1925	5695
PA|PP755594.1|A/cattle/Texas/24-008749-003/2024(H5N1)	1926	6052
PA|PP755594.1|A/cattle/Texas/24-008749-003/2024(H5N1)	1927	6052
PA|PP755594.1|A/cattle/Texas/24-008749-003/2024(H5N1)	1928	6077
PA|PP755594.1|A/cattle/Texas/24-008749-003/2024(H5N1)	1929	6085
PA|PP755594.1|A/cattle/Texas/24-008749-003/2024(H5N1)	1930	6108
PA|PP755594.1|A/cattle/Texas/24-008749-003/2024(H5N1)	1931	6111
PA|PP755594.1|A/cattle/Texas/24-008749-003/2024(H5N1)	1932	6112
PA|PP755594.1|A/cattle/Texas/24-008749-003/2024(H5N1)	1933	6275
PA|PP755594.1|A/cattle/Texas/24-008749-003/2024(H5N1)	1934	6349
PA|PP755594.1|A/cattle/Texas/24-008749-003/2024(H5N1)	1935	6397
PA|PP755594.1|A/cattle/Texas/24-008749-003/2024(H5N1)	1936	6410
PA|PP755594.1|A/cattle/Texas/24-008749-003/2024(H5N1)	1937	6415
PA|PP755594.1|A/cattle/Texas/24-008749-003/2024(H5N1)	1938	6449
PA|PP755594.1|A/cattle/Texas/24-008749-003/2024(H5N1)	1939	6452
PA|PP755594.1|A/cattle/Texas/24-008749-003/2024(H5N1)	1940	6453
PA|PP755594.1|A/cattle/Texas/24-008749-003/2024(H5N1)	1941	6455
PA|PP755594.1|A/cattle/Texas/24-008749-003/2024(H5N1)	1942	6456
PA|PP755594.1|A/cattle/Texas/24-008749-003/2024(H5N1)	1943	6456
PA|PP755594.1|A/cattle/Texas/24-008749-003/2024(H5N1)	1944	6274
PA|PP755594.1|A/cattle/Texas/24-008749-003/2024(H5N1)	1945	6351
PA|PP755594.1|A/cattle/Texas/24-008749-003/2024(H5N1)	1946	6351
PA|PP755594.1|A/cattle/Texas/24-008749-003/2024(H5N1)	1947	6352
PA|PP755594.1|A/cattle/Texas/24-008749-003/2024(H5N1)	1948	6352
PA|PP755594.1|A/cattle/Texas/24-008749-003/2024(H5N1)	1949	6352
PA|PP755594.1|A/cattle/Texas/24-008749-003/2024(H5N1)	1950	5496
PA|PP755594.1|A/cattle/Texas/24-008749-003/2024(H5N1)	1951	5497
PA|PP755594.1|A/cattle/Texas/24-008749-003/2024(H5N1)	1952	5497
PA|PP755594.1|A/cattle/Texas/24-008749-003/2024(H5N1)	1953	5497
PA|PP755594.1|A/cattle/Texas/24-008749-003/2024(H5N1)	1954	5496
PA|PP755594.1|A/cattle/Texas/24-008749-003/2024(H5N1)	1955	5496
PA|PP755594.1|A/cattle/Texas/24-008749-003/2024(H5N1)	1956	4660
PA|PP755594.1|A/cattle/Texas/24-008749-003/2024(H5N1)	1957	4661
PA|PP755594.1|A/cattle/Texas/24-008749-003/2024(H5N1)	1958	4661
PA|PP755594.1|A/cattle/Texas/24-008749-003/2024(H5N1)	1959	4660
PA|PP755594.1|A/cattle/Texas/24-008749-003/2024(H5N1)	1960	4672
PA|PP755594.1|A/cattle/Texas/24-008749-003/2024(H5N1)	1961	4796
PA|PP755594.1|A/cattle/Texas/24-008749-003/2024(H5N1)	1962	4796
PA|PP755594.1|A/cattle/Texas/24-008749-003/2024(H5N1)	1963	4796
PA|PP755594.1|A/cattle/Texas/24-008749-003/2024(H5N1)	1964	4796
PA|PP755594.1|A/cattle/Texas/24-008749-003/2024(H5N1)	1965	4796
PA|PP755594.1|A/cattle/Texas/24-008749-003/2024(H5N1)	1966	4796
PA|PP755594.1|A/cattle/Texas/24-008749-003/2024(H5N1)	1967	4796
PA|PP755594.1|A/cattle/Texas/24-008749-003/2024(H5N1)	1968	4796
PA|PP755594.1|A/cattle/Texas/24-008749-003/2024(H5N1)	1969	4797
PA|PP755594.1|A/cattle/Texas/24-008749-003/2024(H5N1)	1970	4820
PA|PP755594.1|A/cattle/Texas/24-008749-003/2024(H5N1)	1971	4889
PA|PP755594.1|A/cattle/Texas/24-008749-003/2024(H5N1)	1972	6597
PA|PP755594.1|A/cattle/Texas/24-008749-003/2024(H5N1)	1973	6602
PA|PP755594.1|A/cattle/Texas/24-008749-003/2024(H5N1)	1974	6630
PA|PP755594.1|A/cattle/Texas/24-008749-003/2024(H5N1)	1975	6633
PA|PP755594.1|A/cattle/Texas/24-008749-003/2024(H5N1)	1976	6657
PA|PP755594.1|A/cattle/Texas/24-008749-003/2024(H5N1)	1977	6657
PA|PP755594.1|A/cattle/Texas/24-008749-003/2024(H5N1)	1978	6668
PA|PP755594.1|A/cattle/Texas/24-008749-003/2024(H5N1)	1979	6668
PA|PP755594.1|A/cattle/Texas/24-008749-003/2024(H5N1)	1980	6668
PA|PP755594.1|A/cattle/Texas/24-008749-003/2024(H5N1)	1981	6718
PA|PP755594.1|A/cattle/Texas/24-008749-003/2024(H5N1)	1982	6782
PA|PP755594.1|A/cattle/Texas/24-008749-003/2024(H5N1)	1983	6810
PA|PP755594.1|A/cattle/Texas/24-008749-003/2024(H5N1)	1984	6811
PA|PP755594.1|A/cattle/Texas/24-008749-003/2024(H5N1)	1985	6811
PA|PP755594.1|A/cattle/Texas/24-008749-003/2024(H5N1)	1986	6808
PA|PP755594.1|A/cattle/Texas/24-008749-003/2024(H5N1)	1987	6823
PA|PP755594.1|A/cattle/Texas/24-008749-003/2024(H5N1)	1988	6829
PA|PP755594.1|A/cattle/Texas/24-008749-003/2024(H5N1)	1989	6829
PA|PP755594.1|A/cattle/Texas/24-008749-003/2024(H5N1)	1990	6839
PA|PP755594.1|A/cattle/Texas/24-008749-003/2024(H5N1)	1991	6867
PA|PP755594.1|A/cattle/Texas/24-008749-003/2024(H5N1)	1992	6867
PA|PP755594.1|A/cattle/Texas/24-008749-003/2024(H5N1)	1993	7034
PA|PP755594.1|A/cattle/Texas/24-008749-003/2024(H5N1)	1994	7505
PA|PP755594.1|A/cattle/Texas/24-008749-003/2024(H5N1)	1995	7564
PA|PP755594.1|A/cattle/Texas/24-008749-003/2024(H5N1)	1996	7592
PA|PP755594.1|A/cattle/Texas/24-008749-003/2024(H5N1)	1997	7600
PA|PP755594.1|A/cattle/Texas/24-008749-003/2024(H5N1)	1998	7629
PA|PP755594.1|A/cattle/Texas/24-008749-003/2024(H5N1)	1999	7714
PA|PP755594.1|A/cattle/Texas/24-008749-003/2024(H5N1)	2000	7746
PA|PP755594.1|A/cattle/Texas/24-008749-003/2024(H5N1)	2001	7872
PA|PP755594.1|A/cattle/Texas/24-008749-003/2024(H5N1)	2002	7918
PA|PP755594.1|A/cattle/Texas/24-008749-003/2024(H5N1)	2003	7983
PA|PP755594.1|A/cattle/Texas/24-008749-003/2024(H5N1)	2004	8009
PA|PP755594.1|A/cattle/Texas/24-008749-003/2024(H5N1)	2005	8112
PA|PP755594.1|A/cattle/Texas/24-008749-003/2024(H5N1)	2006	8112
PA|PP755594.1|A/cattle/Texas/24-008749-003/2024(H5N1)	2007	8115
PA|PP755594.1|A/cattle/Texas/24-008749-003/2024(H5N1)	2008	8106
PA|PP755594.1|A/cattle/Texas/24-008749-003/2024(H5N1)	2009	8003
PA|PP755594.1|A/cattle/Texas/24-008749-003/2024(H5N1)	2010	7953
PA|PP755594.1|A/cattle/Texas/24-008749-003/2024(H5N1)	2011	8061
PA|PP755594.1|A/cattle/Texas/24-008749-003/2024(H5N1)	2012	8028
PA|PP755594.1|A/cattle/Texas/24-008749-003/2024(H5N1)	2013	8038
PA|PP755594.1|A/cattle/Texas/24-008749-003/2024(H5N1)	2014	8139
PA|PP755594.1|A/cattle/Texas/24-008749-003/2024(H5N1)	2015	8070
PA|PP755594.1|A/cattle/Texas/24-008749-003/2024(H5N1)	2016	8079
PA|PP755594.1|A/cattle/Texas/24-008749-003/2024(H5N1)	2017	8084
PA|PP755594.1|A/cattle/Texas/24-008749-003/2024(H5N1)	2018	8097
PA|PP755594.1|A/cattle/Texas/24-008749-003/2024(H5N1)	2019	8170
PA|PP755594.1|A/cattle/Texas/24-008749-003/2024(H5N1)	2020	8134
PA|PP755594.1|A/cattle/Texas/24-008749-003/2024(H5N1)	2021	8121
PA|PP755594.1|A/cattle/Texas/24-008749-003/2024(H5N1)	2022	7872
PA|PP755594.1|A/cattle/Texas/24-008749-003/2024(H5N1)	2023	7715
PA|PP755594.1|A/cattle/Texas/24-008749-003/2024(H5N1)	2024	7832
PA|PP755594.1|A/cattle/Texas/24-008749-003/2024(H5N1)	2025	7850
PA|PP755594.1|A/cattle/Texas/24-008749-003/2024(H5N1)	2026	7824
PA|PP755594.1|A/cattle/Texas/24-008749-003/2024(H5N1)	2027	7783
PA|PP755594.1|A/cattle/Texas/24-008749-003/2024(H5N1)	2028	7774
PA|PP755594.1|A/cattle/Texas/24-008749-003/2024(H5N1)	2029	7862
PA|PP755594.1|A/cattle/Texas/24-008749-003/2024(H5N1)	2030	7797
PA|PP755594.1|A/cattle/Texas/24-008749-003/2024(H5N1)	2031	7693
PA|PP755594.1|A/cattle/Texas/24-008749-003/2024(H5N1)	2032	7864
PA|PP755594.1|A/cattle/Texas/24-008749-003/2024(H5N1)	2033	7691
PA|PP755594.1|A/cattle/Texas/24-008749-003/2024(H5N1)	2034	7836
PA|PP755594.1|A/cattle/Texas/24-008749-003/2024(H5N1)	2035	7836
PA|PP755594.1|A/cattle/Texas/24-008749-003/2024(H5N1)	2036	7857
PA|PP755594.1|A/cattle/Texas/24-008749-003/2024(H5N1)	2037	7893
PA|PP755594.1|A/cattle/Texas/24-008749-003/2024(H5N1)	2038	7867
PA|PP755594.1|A/cattle/Texas/24-008749-003/2024(H5N1)	2039	7848
PA|PP755594.1|A/cattle/Texas/24-008749-003/2024(H5N1)	2040	7764
PA|PP755594.1|A/cattle/Texas/24-008749-003/2024(H5N1)	2041	7717
PA|PP755594.1|A/cattle/Texas/24-008749-003/2024(H5N1)	2042	8039
PA|PP755594.1|A/cattle/Texas/24-008749-003/2024(H5N1)	2043	8004
PA|PP755594.1|A/cattle/Texas/24-008749-003/2024(H5N1)	2044	8019
PA|PP755594.1|A/cattle/Texas/24-008749-003/2024(H5N1)	2045	8054
PA|PP755594.1|A/cattle/Texas/24-008749-003/2024(H5N1)	2046	8001
PA|PP755594.1|A/cattle/Texas/24-008749-003/2024(H5N1)	2047	8013
PA|PP755594.1|A/cattle/Texas/24-008749-003/2024(H5N1)	2048	8038
PA|PP755594.1|A/cattle/Texas/24-008749-003/2024(H5N1)	2049	8057
PA|PP755594.1|A/cattle/Texas/24-008749-003/2024(H5N1)	2050	8055
PA|PP755594.1|A/cattle/Texas/24-008749-003/2024(H5N1)	2051	8038
PA|PP755594.1|A/cattle/Texas/24-008749-003/2024(H5N1)	2052	8034
PA|PP755594.1|A/cattle/Texas/24-008749-003/2024(H5N1)	2053	8121
PA|PP755594.1|A/cattle/Texas/24-008749-003/2024(H5N1)	2054	8015
PA|PP755594.1|A/cattle/Texas/24-008749-003/2024(H5N1)	2055	8092
PA|PP755594.1|A/cattle/Texas/24-008749-003/2024(H5N1)	2056	7755
PA|PP755594.1|A/cattle/Texas/24-008749-003/2024(H5N1)	2057	7752
PA|PP755594.1|A/cattle/Texas/24-008749-003/2024(H5N1)	2058	8509
PA|PP755594.1|A/cattle/Texas/24-008749-003/2024(H5N1)	2059	8321
PA|PP755594.1|A/cattle/Texas/24-008749-003/2024(H5N1)	2060	8402
PA|PP755594.1|A/cattle/Texas/24-008749-003/2024(H5N1)	2061	8358
PA|PP755594.1|A/cattle/Texas/24-008749-003/2024(H5N1)	2062	8158
PA|PP755594.1|A/cattle/Texas/24-008749-003/2024(H5N1)	2063	8194
PA|PP755594.1|A/cattle/Texas/24-008749-003/2024(H5N1)	2064	8125
PA|PP755594.1|A/cattle/Texas/24-008749-003/2024(H5N1)	2065	8127
PA|PP755594.1|A/cattle/Texas/24-008749-003/2024(H5N1)	2066	8175
PA|PP755594.1|A/cattle/Texas/24-008749-003/2024(H5N1)	2067	7894
PA|PP755594.1|A/cattle/Texas/24-008749-003/2024(H5N1)	2068	8022
PA|PP755594.1|A/cattle/Texas/24-008749-003/2024(H5N1)	2069	8014
PA|PP755594.1|A/cattle/Texas/24-008749-003/2024(H5N1)	2070	8015
PA|PP755594.1|A/cattle/Texas/24-008749-003/2024(H5N1)	2071	8014
PA|PP755594.1|A/cattle/Texas/24-008749-003/2024(H5N1)	2072	7986
PA|PP755594.1|A/cattle/Texas/24-008749-003/2024(H5N1)	2073	7987
PA|PP755594.1|A/cattle/Texas/24-008749-003/2024(H5N1)	2074	7947
PA|PP755594.1|A/cattle/Texas/24-008749-003/2024(H5N1)	2075	7807
PA|PP755594.1|A/cattle/Texas/24-008749-003/2024(H5N1)	2076	7845
PA|PP755594.1|A/cattle/Texas/24-008749-003/2024(H5N1)	2077	7379
PA|PP755594.1|A/cattle/Texas/24-008749-003/2024(H5N1)	2078	7380
PA|PP755594.1|A/cattle/Texas/24-008749-003/2024(H5N1)	2079	7352
PA|PP755594.1|A/cattle/Texas/24-008749-003/2024(H5N1)	2080	7334
PA|PP755594.1|A/cattle/Texas/24-008749-003/2024(H5N1)	2081	7329
PA|PP755594.1|A/cattle/Texas/24-008749-003/2024(H5N1)	2082	7366
PA|PP755594.1|A/cattle/Texas/24-008749-003/2024(H5N1)	2083	7362
PA|PP755594.1|A/cattle/Texas/24-008749-003/2024(H5N1)	2084	7230
PA|PP755594.1|A/cattle/Texas/24-008749-003/2024(H5N1)	2085	7116
PA|PP755594.1|A/cattle/Texas/24-008749-003/2024(H5N1)	2086	7080
PA|PP755594.1|A/cattle/Texas/24-008749-003/2024(H5N1)	2087	7076
PA|PP755594.1|A/cattle/Texas/24-008749-003/2024(H5N1)	2088	7067
PA|PP755594.1|A/cattle/Texas/24-008749-003/2024(H5N1)	2089	7039
PA|PP755594.1|A/cattle/Texas/24-008749-003/2024(H5N1)	2090	7040
PA|PP755594.1|A/cattle/Texas/24-008749-003/2024(H5N1)	2091	6955
PA|PP755594.1|A/cattle/Texas/24-008749-003/2024(H5N1)	2092	6934
PA|PP755594.1|A/cattle/Texas/24-008749-003/2024(H5N1)	2093	6222
PA|PP755594.1|A/cattle/Texas/24-008749-003/2024(H5N1)	2094	6140
PA|PP755594.1|A/cattle/Texas/24-008749-003/2024(H5N1)	2095	6123
PA|PP755594.1|A/cattle/Texas/24-008749-003/2024(H5N1)	2096	6117
PA|PP755594.1|A/cattle/Texas/24-008749-003/2024(H5N1)	2097	6122
PA|PP755594.1|A/cattle/Texas/24-008749-003/2024(H5N1)	2098	6068
PA|PP755594.1|A/cattle/Texas/24-008749-003/2024(H5N1)	2099	6049
PA|PP755594.1|A/cattle/Texas/24-008749-003/2024(H5N1)	2100	5910
PA|PP755594.1|A/cattle/Texas/24-008749-003/2024(H5N1)	2101	5904
PA|PP755594.1|A/cattle/Texas/24-008749-003/2024(H5N1)	2102	5893
PA|PP755594.1|A/cattle/Texas/24-008749-003/2024(H5N1)	2103	5878
PA|PP755594.1|A/cattle/Texas/24-008749-003/2024(H5N1)	2104	5842
PA|PP755594.1|A/cattle/Texas/24-008749-003/2024(H5N1)	2105	5786
PA|PP755594.1|A/cattle/Texas/24-008749-003/2024(H5N1)	2106	5784
PA|PP755594.1|A/cattle/Texas/24-008749-003/2024(H5N1)	2107	5681
PA|PP755594.1|A/cattle/Texas/24-008749-003/2024(H5N1)	2108	5689
PA|PP755594.1|A/cattle/Texas/24-008749-003/2024(H5N1)	2109	5687
PA|PP755594.1|A/cattle/Texas/24-008749-003/2024(H5N1)	2110	5684
PA|PP755594.1|A/cattle/Texas/24-008749-003/2024(H5N1)	2111	5679
PA|PP755594.1|A/cattle/Texas/24-008749-003/2024(H5N1)	2112	5524
PA|PP755594.1|A/cattle/Texas/24-008749-003/2024(H5N1)	2113	5511
PA|PP755594.1|A/cattle/Texas/24-008749-003/2024(H5N1)	2114	5498
PA|PP755594.1|A/cattle/Texas/24-008749-003/2024(H5N1)	2115	5491
PA|PP755594.1|A/cattle/Texas/24-008749-003/2024(H5N1)	2116	5489
PA|PP755594.1|A/cattle/Texas/24-008749-003/2024(H5N1)	2117	5451
PA|PP755594.1|A/cattle/Texas/24-008749-003/2024(H5N1)	2118	5467
PA|PP755594.1|A/cattle/Texas/24-008749-003/2024(H5N1)	2119	5463
PA|PP755594.1|A/cattle/Texas/24-008749-003/2024(H5N1)	2120	5445
PA|PP755594.1|A/cattle/Texas/24-008749-003/2024(H5N1)	2121	5403
PA|PP755594.1|A/cattle/Texas/24-008749-003/2024(H5N1)	2122	5357
PA|PP755594.1|A/cattle/Texas/24-008749-003/2024(H5N1)	2123	5365
PA|PP755594.1|A/cattle/Texas/24-008749-003/2024(H5N1)	2124	5364
PA|PP755594.1|A/cattle/Texas/24-008749-003/2024(H5N1)	2125	5328
PA|PP755594.1|A/cattle/Texas/24-008749-003/2024(H5N1)	2126	5310
PA|PP755594.1|A/cattle/Texas/24-008749-003/2024(H5N1)	2127	5097
PA|PP755594.1|A/cattle/Texas/24-008749-003/2024(H5N1)	2128	5091
PA|PP755594.1|A/cattle/Texas/24-008749-003/2024(H5N1)	2129	5091
PA|PP755594.1|A/cattle/Texas/24-008749-003/2024(H5N1)	2130	5106
PA|PP755594.1|A/cattle/Texas/24-008749-003/2024(H5N1)	2131	5053
PA|PP755594.1|A/cattle/Texas/24-008749-003/2024(H5N1)	2132	5009
PA|PP755594.1|A/cattle/Texas/24-008749-003/2024(H5N1)	2133	4984
PA|PP755594.1|A/cattle/Texas/24-008749-003/2024(H5N1)	2134	4971
PA|PP755594.1|A/cattle/Texas/24-008749-003/2024(H5N1)	2135	4943
PA|PP755594.1|A/cattle/Texas/24-008749-003/2024(H5N1)	2136	4900
PA|PP755594.1|A/cattle/Texas/24-008749-003/2024(H5N1)	2137	4882
PA|PP755594.1|A/cattle/Texas/24-008749-003/2024(H5N1)	2138	4830
PA|PP755594.1|A/cattle/Texas/24-008749-003/2024(H5N1)	2139	4748
PA|PP755594.1|A/cattle/Texas/24-008749-003/2024(H5N1)	2140	4737
PA|PP755594.1|A/cattle/Texas/24-008749-003/2024(H5N1)	2141	4728
PA|PP755594.1|A/cattle/Texas/24-008749-003/2024(H5N1)	2142	4705
PA|PP755594.1|A/cattle/Texas/24-008749-003/2024(H5N1)	2143	4653
PA|PP755594.1|A/cattle/Texas/24-008749-003/2024(H5N1)	2144	4446
PA|PP755594.1|A/cattle/Texas/24-008749-003/2024(H5N1)	2145	4445
PA|PP755594.1|A/cattle/Texas/24-008749-003/2024(H5N1)	2146	4430
PA|PP755594.1|A/cattle/Texas/24-008749-003/2024(H5N1)	2147	4427
PA|PP755594.1|A/cattle/Texas/24-008749-003/2024(H5N1)	2148	4419
PA|PP755594.1|A/cattle/Texas/24-008749-003/2024(H5N1)	2149	4389
PA|PP755594.1|A/cattle/Texas/24-008749-003/2024(H5N1)	2150	4282
PA|PP755594.1|A/cattle/Texas/24-008749-003/2024(H5N1)	2151	4252
