PB2|PP755596.1|A/cattle/Texas/24-008749-003/2024(H5N1)	1	1648
PB2|PP755596.1|A/cattle/Texas/24-008749-003/2024(H5N1)	2	1650
PB2|PP755596.1|A/cattle/Texas/24-008749-003/2024(H5N1)	3	1665
PB2|PP755596.1|A/cattle/Texas/24-008749-003/2024(H5N1)	4	1665
PB2|PP755596.1|A/cattle/Texas/24-008749-003/2024(H5N1)	5	1675
PB2|PP755596.1|A/cattle/Texas/24-008749-003/2024(H5N1)	6	1686
PB2|PP755596.1|A/cattle/Texas/24-008749-003/2024(H5N1)	7	1701
PB2|PP755596.1|A/cattle/Texas/24-008749-003/2024(H5N1)	8	1869
PB2|PP755596.1|A/cattle/Texas/24-008749-003/2024(H5N1)	9	1869
PB2|PP755596.1|A/cattle/Texas/24-008749-003/2024(H5N1)	10	1877
PB2|PP755596.1|A/cattle/Texas/24-008749-003/2024(H5N1)	11	1909
PB2|PP755596.1|A/cattle/Texas/24-008749-003/2024(H5N1)	12	1922
PB2|PP755596.1|A/cattle/Texas/24-008749-003/2024(H5N1)	13	1930
PB2|PP755596.1|A/cattle/Texas/24-008749-003/2024(H5N1)	14	1930
PB2|PP755596.1|A/cattle/Texas/24-008749-003/2024(H5N1)	15	1932
PB2|PP755596.1|A/cattle/Texas/24-008749-003/2024(H5N1)	16	1972
PB2|PP755596.1|A/cattle/Texas/24-008749-003/2024(H5N1)	17	2008
PB2|PP755596.1|A/cattle/Texas/24-008749-003/2024(H5N1)	18	2009
PB2|PP755596.1|A/cattle/Texas/24-008749-003/2024(H5N1)	19	2012
PB2|PP755596.1|A/cattle/Texas/24-008749-003/2024(H5N1)	20	2013
PB2|PP755596.1|A/cattle/Texas/24-008749-003/2024(H5N1)	21	2027
PB2|PP755596.1|A/cattle/Texas/24-008749-003/2024(H5N1)	22	2028
PB2|PP755596.1|A/cattle/Texas/24-008749-003/2024(H5N1)	23	2031
PB2|PP755596.1|A/cattle/Texas/24-008749-003/2024(H5N1)	24	2052
PB2|PP755596.1|A/cattle/Texas/24-008749-003/2024(H5N1)	25	2156
PB2|PP755596.1|A/cattle/Texas/24-008749-003/2024(H5N1)	26	2234
PB2|PP755596.1|A/cattle/Texas/24-008749-003/2024(H5N1)	27	2236
PB2|PP755596.1|A/cattle/Texas/24-008749-003/2024(H5N1)	28	2240
PB2|PP755596.1|A/cattle/Texas/24-008749-003/2024(H5N1)	29	2241
PB2|PP755596.1|A/cattle/Texas/24-008749-003/2024(H5N1)	30	2249
PB2|PP755596.1|A/cattle/Texas/24-008749-003/2024(H5N1)	31	2323
PB2|PP755596.1|A/cattle/Texas/24-008749-003/2024(H5N1)	32	2337
PB2|PP755596.1|A/cattle/Texas/24-008749-003/2024(H5N1)	33	2359
PB2|PP755596.1|A/cattle/Texas/24-008749-003/2024(H5N1)	34	2383
PB2|PP755596.1|A/cattle/Texas/24-008749-003/2024(H5N1)	35	2384
PB2|PP755596.1|A/cattle/Texas/24-008749-003/2024(H5N1)	36	2382
PB2|PP755596.1|A/cattle/Texas/24-008749-003/2024(H5N1)	37	2388
PB2|PP755596.1|A/cattle/Texas/24-008749-003/2024(H5N1)	38	2387
PB2|PP755596.1|A/cattle/Texas/24-008749-003/2024(H5N1)	39	2538
PB2|PP755596.1|A/cattle/Texas/24-008749-003/2024(H5N1)	40	2562
PB2|PP755596.1|A/cattle/Texas/24-008749-003/2024(H5N1)	41	2557
PB2|PP755596.1|A/cattle/Texas/24-008749-003/2024(H5N1)	42	2558
PB2|PP755596.1|A/cattle/Texas/24-008749-003/2024(H5N1)	43	2564
PB2|PP755596.1|A/cattle/Texas/24-008749-003/2024(H5N1)	44	2567
PB2|PP755596.1|A/cattle/Texas/24-008749-003/2024(H5N1)	45	2570
PB2|PP755596.1|A/cattle/Texas/24-008749-003/2024(H5N1)	46	2582
PB2|PP755596.1|A/cattle/Texas/24-008749-003/2024(H5N1)	47	2604
PB2|PP755596.1|A/cattle/Texas/24-008749-003/2024(H5N1)	48	2600
PB2|PP755596.1|A/cattle/Texas/24-008749-003/2024(H5N1)	49	2674
PB2|PP755596.1|A/cattle/Texas/24-008749-003/2024(H5N1)	50	2678
PB2|PP755596.1|A/cattle/Texas/24-008749-003/2024(H5N1)	51	2697
PB2|PP755596.1|A/cattle/Texas/24-008749-003/2024(H5N1)	52	2697
PB2|PP755596.1|A/cattle/Texas/24-008749-003/2024(H5N1)	53	2699
PB2|PP755596.1|A/cattle/Texas/24-008749-003/2024(H5N1)	54	2758
PB2|PP755596.1|A/cattle/Texas/24-008749-003/2024(H5N1)	55	2864
PB2|PP755596.1|A/cattle/Texas/24-008749-003/2024(H5N1)	56	2887
PB2|PP755596.1|A/cattle/Texas/24-008749-003/2024(H5N1)	57	2888
PB2|PP755596.1|A/cattle/Texas/24-008749-003/2024(H5N1)	58	2898
PB2|PP755596.1|A/cattle/Texas/24-008749-003/2024(H5N1)	59	2895
PB2|PP755596.1|A/cattle/Texas/24-008749-003/2024(H5N1)	60	2946
PB2|PP755596.1|A/cattle/Texas/24-008749-003/2024(H5N1)	61	2967
PB2|PP755596.1|A/cattle/Texas/24-008749-003/2024(H5N1)	62	2973
PB2|PP755596.1|A/cattle/Texas/24-008749-003/2024(H5N1)	63	2975
PB2|PP755596.1|A/cattle/Texas/24-008749-003/2024(H5N1)	64	2940
PB2|PP755596.1|A/cattle/Texas/24-008749-003/2024(H5N1)	65	2951
PB2|PP755596.1|A/cattle/Texas/24-008749-003/2024(H5N1)	66	2970
PB2|PP755596.1|A/cattle/Texas/24-008749-003/2024(H5N1)	67	2996
PB2|PP755596.1|A/cattle/Texas/24-008749-003/2024(H5N1)	68	3029
PB2|PP755596.1|A/cattle/Texas/24-008749-003/2024(H5N1)	69	3014
PB2|PP755596.1|A/cattle/Texas/24-008749-003/2024(H5N1)	70	3002
PB2|PP755596.1|A/cattle/Texas/24-008749-003/2024(H5N1)	71	3066
PB2|PP755596.1|A/cattle/Texas/24-008749-003/2024(H5N1)	72	3110
PB2|PP755596.1|A/cattle/Texas/24-008749-003/2024(H5N1)	73	3230
PB2|PP755596.1|A/cattle/Texas/24-008749-003/2024(H5N1)	74	3250
PB2|PP755596.1|A/cattle/Texas/24-008749-003/2024(H5N1)	75	3250
PB2|PP755596.1|A/cattle/Texas/24-008749-003/2024(H5N1)	76	3259
PB2|PP755596.1|A/cattle/Texas/24-008749-003/2024(H5N1)	77	3265
PB2|PP755596.1|A/cattle/Texas/24-008749-003/2024(H5N1)	78	3343
PB2|PP755596.1|A/cattle/Texas/24-008749-003/2024(H5N1)	79	3402
PB2|PP755596.1|A/cattle/Texas/24-008749-003/2024(H5N1)	80	3379
PB2|PP755596.1|A/cattle/Texas/24-008749-003/2024(H5N1)	81	3395
PB2|PP755596.1|A/cattle/Texas/24-008749-003/2024(H5N1)	82	3342
PB2|PP755596.1|A/cattle/Texas/24-008749-003/2024(H5N1)	83	3345
PB2|PP755596.1|A/cattle/Texas/24-008749-003/2024(H5N1)	84	3365
PB2|PP755596.1|A/cattle/Texas/24-008749-003/2024(H5N1)	85	3449
PB2|PP755596.1|A/cattle/Texas/24-008749-003/2024(H5N1)	86	3466
PB2|PP755596.1|A/cattle/Texas/24-008749-003/2024(H5N1)	87	3485
PB2|PP755596.1|A/cattle/Texas/24-008749-003/2024(H5N1)	88	3487
PB2|PP755596.1|A/cattle/Texas/24-008749-003/2024(H5N1)	89	3507
PB2|PP755596.1|A/cattle/Texas/24-008749-003/2024(H5N1)	90	3504
PB2|PP755596.1|A/cattle/Texas/24-008749-003/2024(H5N1)	91	3567
PB2|PP755596.1|A/cattle/Texas/24-008749-003/2024(H5N1)	92	3580
PB2|PP755596.1|A/cattle/Texas/24-008749-003/2024(H5N1)	93	3582
PB2|PP755596.1|A/cattle/Texas/24-008749-003/2024(H5N1)	94	3558
PB2|PP755596.1|A/cattle/Texas/24-008749-003/2024(H5N1)	95	3558
PB2|PP755596.1|A/cattle/Texas/24-008749-003/2024(H5N1)	96	3612
PB2|PP755596.1|A/cattle/Texas/24-008749-003/2024(H5N1)	97	3670
PB2|PP755596.1|A/cattle/Texas/24-008749-003/2024(H5N1)	98	3667
PB2|PP755596.1|A/cattle/Texas/24-008749-003/2024(H5N1)	99	3778
PB2|PP755596.1|A/cattle/Texas/24-008749-003/2024(H5N1)	100	3760
PB2|PP755596.1|A/cattle/Texas/24-008749-003/2024(H5N1)	101	3750
PB2|PP755596.1|A/cattle/Texas/24-008749-003/2024(H5N1)	102	3758
PB2|PP755596.1|A/cattle/Texas/24-008749-003/2024(H5N1)	103	3768
PB2|PP755596.1|A/cattle/Texas/24-008749-003/2024(H5N1)	104	3856
PB2|PP755596.1|A/cattle/Texas/24-008749-003/2024(H5N1)	105	3830
PB2|PP755596.1|A/cattle/Texas/24-008749-003/2024(H5N1)	106	3834
PB2|PP755596.1|A/cattle/Texas/24-008749-003/2024(H5N1)	107	3835
PB2|PP755596.1|A/cattle/Texas/24-008749-003/2024(H5N1)	108	3761
PB2|PP755596.1|A/cattle/Texas/24-008749-003/2024(H5N1)	109	3762
PB2|PP755596.1|A/cattle/Texas/24-008749-003/2024(H5N1)	110	3790
PB2|PP755596.1|A/cattle/Texas/24-008749-003/2024(H5N1)	111	3830
PB2|PP755596.1|A/cattle/Texas/24-008749-003/2024(H5N1)	112	3829
PB2|PP755596.1|A/cattle/Texas/24-008749-003/2024(H5N1)	113	3805
PB2|PP755596.1|A/cattle/Texas/24-008749-003/2024(H5N1)	114	3805
PB2|PP755596.1|A/cattle/Texas/24-008749-003/2024(H5N1)	115	3832
PB2|PP755596.1|A/cattle/Texas/24-008749-003/2024(H5N1)	116	3824
PB2|PP755596.1|A/cattle/Texas/24-008749-003/2024(H5N1)	117	3830
PB2|PP755596.1|A/cattle/Texas/24-008749-003/2024(H5N1)	118	3934
PB2|PP755596.1|A/cattle/Texas/24-008749-003/2024(H5N1)	119	3980
PB2|PP755596.1|A/cattle/Texas/24-008749-003/2024(H5N1)	120	3995
PB2|PP755596.1|A/cattle/Texas/24-008749-003/2024(H5N1)	121	4018
PB2|PP755596.1|A/cattle/Texas/24-008749-003/2024(H5N1)	122	3989
PB2|PP755596.1|A/cattle/Texas/24-008749-003/2024(H5N1)	123	3980
PB2|PP755596.1|A/cattle/Texas/24-008749-003/2024(H5N1)	124	3635
PB2|PP755596.1|A/cattle/Texas/24-008749-003/2024(H5N1)	125	3621
PB2|PP755596.1|A/cattle/Texas/24-008749-003/2024(H5N1)	126	3479
PB2|PP755596.1|A/cattle/Texas/24-008749-003/2024(H5N1)	127	3448
PB2|PP755596.1|A/cattle/Texas/24-008749-003/2024(H5N1)	128	3475
PB2|PP755596.1|A/cattle/Texas/24-008749-003/2024(H5N1)	129	3598
PB2|PP755596.1|A/cattle/Texas/24-008749-003/2024(H5N1)	130	3614
PB2|PP755596.1|A/cattle/Texas/24-008749-003/2024(H5N1)	131	3621
PB2|PP755596.1|A/cattle/Texas/24-008749-003/2024(H5N1)	132	3619
PB2|PP755596.1|A/cattle/Texas/24-008749-003/2024(H5N1)	133	3546
PB2|PP755596.1|A/cattle/Texas/24-008749-003/2024(H5N1)	134	3512
PB2|PP755596.1|A/cattle/Texas/24-008749-003/2024(H5N1)	135	3513
PB2|PP755596.1|A/cattle/Texas/24-008749-003/2024(H5N1)	136	3486
PB2|PP755596.1|A/cattle/Texas/24-008749-003/2024(H5N1)	137	3561
PB2|PP755596.1|A/cattle/Texas/24-008749-003/2024(H5N1)	138	3620
PB2|PP755596.1|A/cattle/Texas/24-008749-003/2024(H5N1)	139	3619
PB2|PP755596.1|A/cattle/Texas/24-008749-003/2024(H5N1)	140	3616
PB2|PP755596.1|A/cattle/Texas/24-008749-003/2024(H5N1)	141	3646
PB2|PP755596.1|A/cattle/Texas/24-008749-003/2024(H5N1)	142	3683
PB2|PP755596.1|A/cattle/Texas/24-008749-003/2024(H5N1)	143	3657
PB2|PP755596.1|A/cattle/Texas/24-008749-003/2024(H5N1)	144	3668
PB2|PP755596.1|A/cattle/Texas/24-008749-003/2024(H5N1)	145	3638
PB2|PP755596.1|A/cattle/Texas/24-008749-003/2024(H5N1)	146	3616
PB2|PP755596.1|A/cattle/Texas/24-008749-003/2024(H5N1)	147	3642
PB2|PP755596.1|A/cattle/Texas/24-008749-003/2024(H5N1)	148	3638
PB2|PP755596.1|A/cattle/Texas/24-008749-003/2024(H5N1)	149	3619
PB2|PP755596.1|A/cattle/Texas/24-008749-003/2024(H5N1)	150	3580
PB2|PP755596.1|A/cattle/Texas/24-008749-003/2024(H5N1)	151	3570
PB2|PP755596.1|A/cattle/Texas/24-008749-003/2024(H5N1)	152	3612
PB2|PP755596.1|A/cattle/Texas/24-008749-003/2024(H5N1)	153	3617
PB2|PP755596.1|A/cattle/Texas/24-008749-003/2024(H5N1)	154	3629
PB2|PP755596.1|A/cattle/Texas/24-008749-003/2024(H5N1)	155	3687
PB2|PP755596.1|A/cattle/Texas/24-008749-003/2024(H5N1)	156	3636
PB2|PP755596.1|A/cattle/Texas/24-008749-003/2024(H5N1)	157	3631
PB2|PP755596.1|A/cattle/Texas/24-008749-003/2024(H5N1)	158	3636
PB2|PP755596.1|A/cattle/Texas/24-008749-003/2024(H5N1)	159	3602
PB2|PP755596.1|A/cattle/Texas/24-008749-003/2024(H5N1)	160	3645
PB2|PP755596.1|A/cattle/Texas/24-008749-003/2024(H5N1)	161	3651
PB2|PP755596.1|A/cattle/Texas/24-008749-003/2024(H5N1)	162	3633
PB2|PP755596.1|A/cattle/Texas/24-008749-003/2024(H5N1)	163	3628
PB2|PP755596.1|A/cattle/Texas/24-008749-003/2024(H5N1)	164	3624
PB2|PP755596.1|A/cattle/Texas/24-008749-003/2024(H5N1)	165	3612
PB2|PP755596.1|A/cattle/Texas/24-008749-003/2024(H5N1)	166	3616
PB2|PP755596.1|A/cattle/Texas/24-008749-003/2024(H5N1)	167	3624
PB2|PP755596.1|A/cattle/Texas/24-008749-003/2024(H5N1)	168	3603
PB2|PP755596.1|A/cattle/Texas/24-008749-003/2024(H5N1)	169	3602
PB2|PP755596.1|A/cattle/Texas/24-008749-003/2024(H5N1)	170	3612
PB2|PP755596.1|A/cattle/Texas/24-008749-003/2024(H5N1)	171	3615
PB2|PP755596.1|A/cattle/Texas/24-008749-003/2024(H5N1)	172	3595
PB2|PP755596.1|A/cattle/Texas/24-008749-003/2024(H5N1)	173	3677
PB2|PP755596.1|A/cattle/Texas/24-008749-003/2024(H5N1)	174	3643
PB2|PP755596.1|A/cattle/Texas/24-008749-003/2024(H5N1)	175	3682
PB2|PP755596.1|A/cattle/Texas/24-008749-003/2024(H5N1)	176	3700
PB2|PP755596.1|A/cattle/Texas/24-008749-003/2024(H5N1)	177	3683
PB2|PP755596.1|A/cattle/Texas/24-008749-003/2024(H5N1)	178	3684
PB2|PP755596.1|A/cattle/Texas/24-008749-003/2024(H5N1)	179	3733
PB2|PP755596.1|A/cattle/Texas/24-008749-003/2024(H5N1)	180	3759
PB2|PP755596.1|A/cattle/Texas/24-008749-003/2024(H5N1)	181	3758
PB2|PP755596.1|A/cattle/Texas/24-008749-003/2024(H5N1)	182	3668
PB2|PP755596.1|A/cattle/Texas/24-008749-003/2024(H5N1)	183	3660
PB2|PP755596.1|A/cattle/Texas/24-008749-003/2024(H5N1)	184	3649
PB2|PP755596.1|A/cattle/Texas/24-008749-003/2024(H5N1)	185	3656
PB2|PP755596.1|A/cattle/Texas/24-008749-003/2024(H5N1)	186	3669
PB2|PP755596.1|A/cattle/Texas/24-008749-003/2024(H5N1)	187	3665
PB2|PP755596.1|A/cattle/Texas/24-008749-003/2024(H5N1)	188	3678
PB2|PP755596.1|A/cattle/Texas/24-008749-003/2024(H5N1)	189	3657
PB2|PP755596.1|A/cattle/Texas/24-008749-003/2024(H5N1)	190	3747
PB2|PP755596.1|A/cattle/Texas/24-008749-003/2024(H5N1)	191	3728
PB2|PP755596.1|A/cattle/Texas/24-008749-003/2024(H5N1)	192	3711
PB2|PP755596.1|A/cattle/Texas/24-008749-003/2024(H5N1)	193	3720
PB2|PP755596.1|A/cattle/Texas/24-008749-003/2024(H5N1)	194	3711
PB2|PP755596.1|A/cattle/Texas/24-008749-003/2024(H5N1)	195	3723
PB2|PP755596.1|A/cattle/Texas/24-008749-003/2024(H5N1)	196	3721
PB2|PP755596.1|A/cattle/Texas/24-008749-003/2024(H5N1)	197	3739
PB2|PP755596.1|A/cattle/Texas/24-008749-003/2024(H5N1)	198	3722
PB2|PP755596.1|A/cattle/Texas/24-008749-003/2024(H5N1)	199	3700
PB2|PP755596.1|A/cattle/Texas/24-008749-003/2024(H5N1)	200	3649
PB2|PP755596.1|A/cattle/Texas/24-008749-003/2024(H5N1)	201	3649
PB2|PP755596.1|A/cattle/Texas/24-008749-003/2024(H5N1)	202	3685
PB2|PP755596.1|A/cattle/Texas/24-008749-003/2024(H5N1)	203	3572
PB2|PP755596.1|A/cattle/Texas/24-008749-003/2024(H5N1)	204	3571
PB2|PP755596.1|A/cattle/Texas/24-008749-003/2024(H5N1)	205	3568
PB2|PP755596.1|A/cattle/Texas/24-008749-003/2024(H5N1)	206	3575
PB2|PP755596.1|A/cattle/Texas/24-008749-003/2024(H5N1)	207	3551
PB2|PP755596.1|A/cattle/Texas/24-008749-003/2024(H5N1)	208	3547
PB2|PP755596.1|A/cattle/Texas/24-008749-003/2024(H5N1)	209	3568
PB2|PP755596.1|A/cattle/Texas/24-008749-003/2024(H5N1)	210	3597
PB2|PP755596.1|A/cattle/Texas/24-008749-003/2024(H5N1)	211	3539
PB2|PP755596.1|A/cattle/Texas/24-008749-003/2024(H5N1)	212	3527
PB2|PP755596.1|A/cattle/Texas/24-008749-003/2024(H5N1)	213	3522
PB2|PP755596.1|A/cattle/Texas/24-008749-003/2024(H5N1)	214	3540
PB2|PP755596.1|A/cattle/Texas/24-008749-003/2024(H5N1)	215	3563
PB2|PP755596.1|A/cattle/Texas/24-008749-003/2024(H5N1)	216	3554
PB2|PP755596.1|A/cattle/Texas/24-008749-003/2024(H5N1)	217	3536
PB2|PP755596.1|A/cattle/Texas/24-008749-003/2024(H5N1)	218	3499
PB2|PP755596.1|A/cattle/Texas/24-008749-003/2024(H5N1)	219	3473
PB2|PP755596.1|A/cattle/Texas/24-008749-003/2024(H5N1)	220	3543
PB2|PP755596.1|A/cattle/Texas/24-008749-003/2024(H5N1)	221	3564
PB2|PP755596.1|A/cattle/Texas/24-008749-003/2024(H5N1)	222	3533
PB2|PP755596.1|A/cattle/Texas/24-008749-003/2024(H5N1)	223	3387
PB2|PP755596.1|A/cattle/Texas/24-008749-003/2024(H5N1)	224	3360
PB2|PP755596.1|A/cattle/Texas/24-008749-003/2024(H5N1)	225	3362
PB2|PP755596.1|A/cattle/Texas/24-008749-003/2024(H5N1)	226	3382
PB2|PP755596.1|A/cattle/Texas/24-008749-003/2024(H5N1)	227	3390
PB2|PP755596.1|A/cattle/Texas/24-008749-003/2024(H5N1)	228	3353
PB2|PP755596.1|A/cattle/Texas/24-008749-003/2024(H5N1)	229	3384
PB2|PP755596.1|A/cattle/Texas/24-008749-003/2024(H5N1)	230	3299
PB2|PP755596.1|A/cattle/Texas/24-008749-003/2024(H5N1)	231	3295
PB2|PP755596.1|A/cattle/Texas/24-008749-003/2024(H5N1)	232	3295
PB2|PP755596.1|A/cattle/Texas/24-008749-003/2024(H5N1)	233	3297
PB2|PP755596.1|A/cattle/Texas/24-008749-003/2024(H5N1)	234	3341
PB2|PP755596.1|A/cattle/Texas/24-008749-003/2024(H5N1)	235	3274
PB2|PP755596.1|A/cattle/Texas/24-008749-003/2024(H5N1)	236	3226
PB2|PP755596.1|A/cattle/Texas/24-008749-003/2024(H5N1)	237	3222
PB2|PP755596.1|A/cattle/Texas/24-008749-003/2024(H5N1)	238	3165
PB2|PP755596.1|A/cattle/Texas/24-008749-003/2024(H5N1)	239	3215
PB2|PP755596.1|A/cattle/Texas/24-008749-003/2024(H5N1)	240	3211
PB2|PP755596.1|A/cattle/Texas/24-008749-003/2024(H5N1)	241	3210
PB2|PP755596.1|A/cattle/Texas/24-008749-003/2024(H5N1)	242	3154
PB2|PP755596.1|A/cattle/Texas/24-008749-003/2024(H5N1)	243	3134
PB2|PP755596.1|A/cattle/Texas/24-008749-003/2024(H5N1)	244	3168
PB2|PP755596.1|A/cattle/Texas/24-008749-003/2024(H5N1)	245	3217
PB2|PP755596.1|A/cattle/Texas/24-008749-003/2024(H5N1)	246	3214
PB2|PP755596.1|A/cattle/Texas/24-008749-003/2024(H5N1)	247	3176
PB2|PP755596.1|A/cattle/Texas/24-008749-003/2024(H5N1)	248	3100
PB2|PP755596.1|A/cattle/Texas/24-008749-003/2024(H5N1)	249	3121
PB2|PP755596.1|A/cattle/Texas/24-008749-003/2024(H5N1)	250	3041
PB2|PP755596.1|A/cattle/Texas/24-008749-003/2024(H5N1)	251	3183
PB2|PP755596.1|A/cattle/Texas/24-008749-003/2024(H5N1)	252	3216
PB2|PP755596.1|A/cattle/Texas/24-008749-003/2024(H5N1)	253	3242
PB2|PP755596.1|A/cattle/Texas/24-008749-003/2024(H5N1)	254	3248
PB2|PP755596.1|A/cattle/Texas/24-008749-003/2024(H5N1)	255	3239
PB2|PP755596.1|A/cattle/Texas/24-008749-003/2024(H5N1)	256	3236
PB2|PP755596.1|A/cattle/Texas/24-008749-003/2024(H5N1)	257	3222
PB2|PP755596.1|A/cattle/Texas/24-008749-003/2024(H5N1)	258	3206
PB2|PP755596.1|A/cattle/Texas/24-008749-003/2024(H5N1)	259	3263
PB2|PP755596.1|A/cattle/Texas/24-008749-003/2024(H5N1)	260	3283
PB2|PP755596.1|A/cattle/Texas/24-008749-003/2024(H5N1)	261	3291
PB2|PP755596.1|A/cattle/Texas/24-008749-003/2024(H5N1)	262	3237
PB2|PP755596.1|A/cattle/Texas/24-008749-003/2024(H5N1)	263	3256
PB2|PP755596.1|A/cattle/Texas/24-008749-003/2024(H5N1)	264	3256
PB2|PP755596.1|A/cattle/Texas/24-008749-003/2024(H5N1)	265	3269
PB2|PP755596.1|A/cattle/Texas/24-008749-003/2024(H5N1)	266	3250
PB2|PP755596.1|A/cattle/Texas/24-008749-003/2024(H5N1)	267	3265
PB2|PP755596.1|A/cattle/Texas/24-008749-003/2024(H5N1)	268	3198
PB2|PP755596.1|A/cattle/Texas/24-008749-003/2024(H5N1)	269	3137
PB2|PP755596.1|A/cattle/Texas/24-008749-003/2024(H5N1)	270	3160
PB2|PP755596.1|A/cattle/Texas/24-008749-003/2024(H5N1)	271	3307
PB2|PP755596.1|A/cattle/Texas/24-008749-003/2024(H5N1)	272	3297
PB2|PP755596.1|A/cattle/Texas/24-008749-003/2024(H5N1)	273	3291
PB2|PP755596.1|A/cattle/Texas/24-008749-003/2024(H5N1)	274	3282
PB2|PP755596.1|A/cattle/Texas/24-008749-003/2024(H5N1)	275	3218
PB2|PP755596.1|A/cattle/Texas/24-008749-003/2024(H5N1)	276	3237
PB2|PP755596.1|A/cattle/Texas/24-008749-003/2024(H5N1)	277	3334
PB2|PP755596.1|A/cattle/Texas/24-008749-003/2024(H5N1)	278	3322
PB2|PP755596.1|A/cattle/Texas/24-008749-003/2024(H5N1)	279	3281
PB2|PP755596.1|A/cattle/Texas/24-008749-003/2024(H5N1)	280	3101
PB2|PP755596.1|A/cattle/Texas/24-008749-003/2024(H5N1)	281	3079
PB2|PP755596.1|A/cattle/Texas/24-008749-003/2024(H5N1)	282	3142
PB2|PP755596.1|A/cattle/Texas/24-008749-003/2024(H5N1)	283	3166
PB2|PP755596.1|A/cattle/Texas/24-008749-003/2024(H5N1)	284	3140
PB2|PP755596.1|A/cattle/Texas/24-008749-003/2024(H5N1)	285	3081
PB2|PP755596.1|A/cattle/Texas/24-008749-003/2024(H5N1)	286	3027
PB2|PP755596.1|A/cattle/Texas/24-008749-003/2024(H5N1)	287	3012
PB2|PP755596.1|A/cattle/Texas/24-008749-003/2024(H5N1)	288	3012
PB2|PP755596.1|A/cattle/Texas/24-008749-003/2024(H5N1)	289	3034
PB2|PP755596.1|A/cattle/Texas/24-008749-003/2024(H5N1)	290	3049
PB2|PP755596.1|A/cattle/Texas/24-008749-003/2024(H5N1)	291	2969
PB2|PP755596.1|A/cattle/Texas/24-008749-003/2024(H5N1)	292	2933
PB2|PP755596.1|A/cattle/Texas/24-008749-003/2024(H5N1)	293	2920
PB2|PP755596.1|A/cattle/Texas/24-008749-003/2024(H5N1)	294	2959
PB2|PP755596.1|A/cattle/Texas/24-008749-003/2024(H5N1)	295	3102
PB2|PP755596.1|A/cattle/Texas/24-008749-003/2024(H5N1)	296	3103
PB2|PP755596.1|A/cattle/Texas/24-008749-003/2024(H5N1)	297	3157
PB2|PP755596.1|A/cattle/Texas/24-008749-003/2024(H5N1)	298	3132
PB2|PP755596.1|A/cattle/Texas/24-008749-003/2024(H5N1)	299	3129
PB2|PP755596.1|A/cattle/Texas/24-008749-003/2024(H5N1)	300	3163
PB2|PP755596.1|A/cattle/Texas/24-008749-003/2024(H5N1)	301	3154
PB2|PP755596.1|A/cattle/Texas/24-008749-003/2024(H5N1)	302	3201
PB2|PP755596.1|A/cattle/Texas/24-008749-003/2024(H5N1)	303	3184
PB2|PP755596.1|A/cattle/Texas/24-008749-003/2024(H5N1)	304	3175
PB2|PP755596.1|A/cattle/Texas/24-008749-003/2024(H5N1)	305	3179
PB2|PP755596.1|A/cattle/Texas/24-008749-003/2024(H5N1)	306	3100
PB2|PP755596.1|A/cattle/Texas/24-008749-003/2024(H5N1)	307	3095
PB2|PP755596.1|A/cattle/Texas/24-008749-003/2024(H5N1)	308	3121
PB2|PP755596.1|A/cattle/Texas/24-008749-003/2024(H5N1)	309	3117
PB2|PP755596.1|A/cattle/Texas/24-008749-003/2024(H5N1)	310	3194
PB2|PP755596.1|A/cattle/Texas/24-008749-003/2024(H5N1)	311	3143
PB2|PP755596.1|A/cattle/Texas/24-008749-003/2024(H5N1)	312	3155
PB2|PP755596.1|A/cattle/Texas/24-008749-003/2024(H5N1)	313	3160
PB2|PP755596.1|A/cattle/Texas/24-008749-003/2024(H5N1)	314	3205
PB2|PP755596.1|A/cattle/Texas/24-008749-003/2024(H5N1)	315	3245
PB2|PP755596.1|A/cattle/Texas/24-008749-003/2024(H5N1)	316	3233
PB2|PP755596.1|A/cattle/Texas/24-008749-003/2024(H5N1)	317	3264
PB2|PP755596.1|A/cattle/Texas/24-008749-003/2024(H5N1)	318	3255
PB2|PP755596.1|A/cattle/Texas/24-008749-003/2024(H5N1)	319	3226
PB2|PP755596.1|A/cattle/Texas/24-008749-003/2024(H5N1)	320	3282
PB2|PP755596.1|A/cattle/Texas/24-008749-003/2024(H5N1)	321	3276
PB2|PP755596.1|A/cattle/Texas/24-008749-003/2024(H5N1)	322	3268
PB2|PP755596.1|A/cattle/Texas/24-008749-003/2024(H5N1)	323	3204
PB2|PP755596.1|A/cattle/Texas/24-008749-003/2024(H5N1)	324	3116
PB2|PP755596.1|A/cattle/Texas/24-008749-003/2024(H5N1)	325	3143
PB2|PP755596.1|A/cattle/Texas/24-008749-003/2024(H5N1)	326	3101
PB2|PP755596.1|A/cattle/Texas/24-008749-003/2024(H5N1)	327	3131
PB2|PP755596.1|A/cattle/Texas/24-008749-003/2024(H5N1)	328	3130
PB2|PP755596.1|A/cattle/Texas/24-008749-003/2024(H5N1)	329	3074
PB2|PP755596.1|A/cattle/Texas/24-008749-003/2024(H5N1)	330	3066
PB2|PP755596.1|A/cattle/Texas/24-008749-003/2024(H5N1)	331	3061
PB2|PP755596.1|A/cattle/Texas/24-008749-003/2024(H5N1)	332	3236
PB2|PP755596.1|A/cattle/Texas/24-008749-003/2024(H5N1)	333	3252
PB2|PP755596.1|A/cattle/Texas/24-008749-003/2024(H5N1)	334	3219
PB2|PP755596.1|A/cattle/Texas/24-008749-003/2024(H5N1)	335	3214
PB2|PP755596.1|A/cattle/Texas/24-008749-003/2024(H5N1)	336	3190
PB2|PP755596.1|A/cattle/Texas/24-008749-003/2024(H5N1)	337	3197
PB2|PP755596.1|A/cattle/Texas/24-008749-003/2024(H5N1)	338	3198
PB2|PP755596.1|A/cattle/Texas/24-008749-003/2024(H5N1)	339	3268
PB2|PP755596.1|A/cattle/Texas/24-008749-003/2024(H5N1)	340	3369
PB2|PP755596.1|A/cattle/Texas/24-008749-003/2024(H5N1)	341	3145
PB2|PP755596.1|A/cattle/Texas/24-008749-003/2024(H5N1)	342	3155
PB2|PP755596.1|A/cattle/Texas/24-008749-003/2024(H5N1)	343	3157
PB2|PP755596.1|A/cattle/Texas/24-008749-003/2024(H5N1)	344	3155
PB2|PP755596.1|A/cattle/Texas/24-008749-003/2024(H5N1)	345	3158
PB2|PP755596.1|A/cattle/Texas/24-008749-003/2024(H5N1)	346	3161
PB2|PP755596.1|A/cattle/Texas/24-008749-003/2024(H5N1)	347	3172
PB2|PP755596.1|A/cattle/Texas/24-008749-003/2024(H5N1)	348	3127
PB2|PP755596.1|A/cattle/Texas/24-008749-003/2024(H5N1)	349	3125
PB2|PP755596.1|A/cattle/Texas/24-008749-003/2024(H5N1)	350	3119
PB2|PP755596.1|A/cattle/Texas/24-008749-003/2024(H5N1)	351	3129
PB2|PP755596.1|A/cattle/Texas/24-008749-003/2024(H5N1)	352	3134
PB2|PP755596.1|A/cattle/Texas/24-008749-003/2024(H5N1)	353	3099
PB2|PP755596.1|A/cattle/Texas/24-008749-003/2024(H5N1)	354	3083
PB2|PP755596.1|A/cattle/Texas/24-008749-003/2024(H5N1)	355	3082
PB2|PP755596.1|A/cattle/Texas/24-008749-003/2024(H5N1)	356	3078
PB2|PP755596.1|A/cattle/Texas/24-008749-003/2024(H5N1)	357	3074
PB2|PP755596.1|A/cattle/Texas/24-008749-003/2024(H5N1)	358	3076
PB2|PP755596.1|A/cattle/Texas/24-008749-003/2024(H5N1)	359	3076
PB2|PP755596.1|A/cattle/Texas/24-008749-003/2024(H5N1)	360	3057
PB2|PP755596.1|A/cattle/Texas/24-008749-003/2024(H5N1)	361	3043
PB2|PP755596.1|A/cattle/Texas/24-008749-003/2024(H5N1)	362	3043
PB2|PP755596.1|A/cattle/Texas/24-008749-003/2024(H5N1)	363	3043
PB2|PP755596.1|A/cattle/Texas/24-008749-003/2024(H5N1)	364	3059
PB2|PP755596.1|A/cattle/Texas/24-008749-003/2024(H5N1)	365	3038
PB2|PP755596.1|A/cattle/Texas/24-008749-003/2024(H5N1)	366	3027
PB2|PP755596.1|A/cattle/Texas/24-008749-003/2024(H5N1)	367	3028
PB2|PP755596.1|A/cattle/Texas/24-008749-003/2024(H5N1)	368	3030
PB2|PP755596.1|A/cattle/Texas/24-008749-003/2024(H5N1)	369	3030
PB2|PP755596.1|A/cattle/Texas/24-008749-003/2024(H5N1)	370	3026
PB2|PP755596.1|A/cattle/Texas/24-008749-003/2024(H5N1)	371	3029
PB2|PP755596.1|A/cattle/Texas/24-008749-003/2024(H5N1)	372	3042
PB2|PP755596.1|A/cattle/Texas/24-008749-003/2024(H5N1)	373	3041
PB2|PP755596.1|A/cattle/Texas/24-008749-003/2024(H5N1)	374	3039
PB2|PP755596.1|A/cattle/Texas/24-008749-003/2024(H5N1)	375	3038
PB2|PP755596.1|A/cattle/Texas/24-008749-003/2024(H5N1)	376	3041
PB2|PP755596.1|A/cattle/Texas/24-008749-003/2024(H5N1)	377	3027
PB2|PP755596.1|A/cattle/Texas/24-008749-003/2024(H5N1)	378	3031
PB2|PP755596.1|A/cattle/Texas/24-008749-003/2024(H5N1)	379	3042
PB2|PP755596.1|A/cattle/Texas/24-008749-003/2024(H5N1)	380	3000
PB2|PP755596.1|A/cattle/Texas/24-008749-003/2024(H5N1)	381	3006
PB2|PP755596.1|A/cattle/Texas/24-008749-003/2024(H5N1)	382	2994
PB2|PP755596.1|A/cattle/Texas/24-008749-003/2024(H5N1)	383	3016
PB2|PP755596.1|A/cattle/Texas/24-008749-003/2024(H5N1)	384	3014
PB2|PP755596.1|A/cattle/Texas/24-008749-003/2024(H5N1)	385	3047
PB2|PP755596.1|A/cattle/Texas/24-008749-003/2024(H5N1)	386	3126
PB2|PP755596.1|A/cattle/Texas/24-008749-003/2024(H5N1)	387	3158
PB2|PP755596.1|A/cattle/Texas/24-008749-003/2024(H5N1)	388	3143
PB2|PP755596.1|A/cattle/Texas/24-008749-003/2024(H5N1)	389	3154
PB2|PP755596.1|A/cattle/Texas/24-008749-003/2024(H5N1)	390	3120
PB2|PP755596.1|A/cattle/Texas/24-008749-003/2024(H5N1)	391	3118
PB2|PP755596.1|A/cattle/Texas/24-008749-003/2024(H5N1)	392	3314
PB2|PP755596.1|A/cattle/Texas/24-008749-003/2024(H5N1)	393	3315
PB2|PP755596.1|A/cattle/Texas/24-008749-003/2024(H5N1)	394	3323
PB2|PP755596.1|A/cattle/Texas/24-008749-003/2024(H5N1)	395	3282
PB2|PP755596.1|A/cattle/Texas/24-008749-003/2024(H5N1)	396	3210
PB2|PP755596.1|A/cattle/Texas/24-008749-003/2024(H5N1)	397	3291
PB2|PP755596.1|A/cattle/Texas/24-008749-003/2024(H5N1)	398	3296
PB2|PP755596.1|A/cattle/Texas/24-008749-003/2024(H5N1)	399	3306
PB2|PP755596.1|A/cattle/Texas/24-008749-003/2024(H5N1)	400	3290
PB2|PP755596.1|A/cattle/Texas/24-008749-003/2024(H5N1)	401	3088
PB2|PP755596.1|A/cattle/Texas/24-008749-003/2024(H5N1)	402	3109
PB2|PP755596.1|A/cattle/Texas/24-008749-003/2024(H5N1)	403	3066
PB2|PP755596.1|A/cattle/Texas/24-008749-003/2024(H5N1)	404	3087
PB2|PP755596.1|A/cattle/Texas/24-008749-003/2024(H5N1)	405	3071
PB2|PP755596.1|A/cattle/Texas/24-008749-003/2024(H5N1)	406	2977
PB2|PP755596.1|A/cattle/Texas/24-008749-003/2024(H5N1)	407	2978
PB2|PP755596.1|A/cattle/Texas/24-008749-003/2024(H5N1)	408	2984
PB2|PP755596.1|A/cattle/Texas/24-008749-003/2024(H5N1)	409	2983
PB2|PP755596.1|A/cattle/Texas/24-008749-003/2024(H5N1)	410	2952
PB2|PP755596.1|A/cattle/Texas/24-008749-003/2024(H5N1)	411	2917
PB2|PP755596.1|A/cattle/Texas/24-008749-003/2024(H5N1)	412	2910
PB2|PP755596.1|A/cattle/Texas/24-008749-003/2024(H5N1)	413	2905
PB2|PP755596.1|A/cattle/Texas/24-008749-003/2024(H5N1)	414	2904
PB2|PP755596.1|A/cattle/Texas/24-008749-003/2024(H5N1)	415	2906
PB2|PP755596.1|A/cattle/Texas/24-008749-003/2024(H5N1)	416	2899
PB2|PP755596.1|A/cattle/Texas/24-008749-003/2024(H5N1)	417	2902
PB2|PP755596.1|A/cattle/Texas/24-008749-003/2024(H5N1)	418	2894
PB2|PP755596.1|A/cattle/Texas/24-008749-003/2024(H5N1)	419	2933
PB2|PP755596.1|A/cattle/Texas/24-008749-003/2024(H5N1)	420	2936
PB2|PP755596.1|A/cattle/Texas/24-008749-003/2024(H5N1)	421	2926
PB2|PP755596.1|A/cattle/Texas/24-008749-003/2024(H5N1)	422	2824
PB2|PP755596.1|A/cattle/Texas/24-008749-003/2024(H5N1)	423	2809
PB2|PP755596.1|A/cattle/Texas/24-008749-003/2024(H5N1)	424	2810
PB2|PP755596.1|A/cattle/Texas/24-008749-003/2024(H5N1)	425	2824
PB2|PP755596.1|A/cattle/Texas/24-008749-003/2024(H5N1)	426	2837
PB2|PP755596.1|A/cattle/Texas/24-008749-003/2024(H5N1)	427	2737
PB2|PP755596.1|A/cattle/Texas/24-008749-003/2024(H5N1)	428	2688
PB2|PP755596.1|A/cattle/Texas/24-008749-003/2024(H5N1)	429	2687
PB2|PP755596.1|A/cattle/Texas/24-008749-003/2024(H5N1)	430	2697
PB2|PP755596.1|A/cattle/Texas/24-008749-003/2024(H5N1)	431	2707
PB2|PP755596.1|A/cattle/Texas/24-008749-003/2024(H5N1)	432	2713
PB2|PP755596.1|A/cattle/Texas/24-008749-003/2024(H5N1)	433	2673
PB2|PP755596.1|A/cattle/Texas/24-008749-003/2024(H5N1)	434	2646
PB2|PP755596.1|A/cattle/Texas/24-008749-003/2024(H5N1)	435	2766
PB2|PP755596.1|A/cattle/Texas/24-008749-003/2024(H5N1)	436	2765
PB2|PP755596.1|A/cattle/Texas/24-008749-003/2024(H5N1)	437	2973
PB2|PP755596.1|A/cattle/Texas/24-008749-003/2024(H5N1)	438	2975
PB2|PP755596.1|A/cattle/Texas/24-008749-003/2024(H5N1)	439	2973
PB2|PP755596.1|A/cattle/Texas/24-008749-003/2024(H5N1)	440	2954
PB2|PP755596.1|A/cattle/Texas/24-008749-003/2024(H5N1)	441	2936
PB2|PP755596.1|A/cattle/Texas/24-008749-003/2024(H5N1)	442	2992
PB2|PP755596.1|A/cattle/Texas/24-008749-003/2024(H5N1)	443	3041
PB2|PP755596.1|A/cattle/Texas/24-008749-003/2024(H5N1)	444	3015
PB2|PP755596.1|A/cattle/Texas/24-008749-003/2024(H5N1)	445	3018
PB2|PP755596.1|A/cattle/Texas/24-008749-003/2024(H5N1)	446	2807
PB2|PP755596.1|A/cattle/Texas/24-008749-003/2024(H5N1)	447	2843
PB2|PP755596.1|A/cattle/Texas/24-008749-003/2024(H5N1)	448	2804
PB2|PP755596.1|A/cattle/Texas/24-008749-003/2024(H5N1)	449	2808
PB2|PP755596.1|A/cattle/Texas/24-008749-003/2024(H5N1)	450	2807
PB2|PP755596.1|A/cattle/Texas/24-008749-003/2024(H5N1)	451	2770
PB2|PP755596.1|A/cattle/Texas/24-008749-003/2024(H5N1)	452	2890
PB2|PP755596.1|A/cattle/Texas/24-008749-003/2024(H5N1)	453	2856
PB2|PP755596.1|A/cattle/Texas/24-008749-003/2024(H5N1)	454	2859
PB2|PP755596.1|A/cattle/Texas/24-008749-003/2024(H5N1)	455	2867
PB2|PP755596.1|A/cattle/Texas/24-008749-003/2024(H5N1)	456	2924
PB2|PP755596.1|A/cattle/Texas/24-008749-003/2024(H5N1)	457	2923
PB2|PP755596.1|A/cattle/Texas/24-008749-003/2024(H5N1)	458	2991
PB2|PP755596.1|A/cattle/Texas/24-008749-003/2024(H5N1)	459	3007
PB2|PP755596.1|A/cattle/Texas/24-008749-003/2024(H5N1)	460	3005
PB2|PP755596.1|A/cattle/Texas/24-008749-003/2024(H5N1)	461	2849
PB2|PP755596.1|A/cattle/Texas/24-008749-003/2024(H5N1)	462	2851
PB2|PP755596.1|A/cattle/Texas/24-008749-003/2024(H5N1)	463	2805
PB2|PP755596.1|A/cattle/Texas/24-008749-003/2024(H5N1)	464	2848
PB2|PP755596.1|A/cattle/Texas/24-008749-003/2024(H5N1)	465	2910
PB2|PP755596.1|A/cattle/Texas/24-008749-003/2024(H5N1)	466	2891
PB2|PP755596.1|A/cattle/Texas/24-008749-003/2024(H5N1)	467	2885
PB2|PP755596.1|A/cattle/Texas/24-008749-003/2024(H5N1)	468	2866
PB2|PP755596.1|A/cattle/Texas/24-008749-003/2024(H5N1)	469	2875
PB2|PP755596.1|A/cattle/Texas/24-008749-003/2024(H5N1)	470	2884
PB2|PP755596.1|A/cattle/Texas/24-008749-003/2024(H5N1)	471	2848
PB2|PP755596.1|A/cattle/Texas/24-008749-003/2024(H5N1)	472	2859
PB2|PP755596.1|A/cattle/Texas/24-008749-003/2024(H5N1)	473	2814
PB2|PP755596.1|A/cattle/Texas/24-008749-003/2024(H5N1)	474	2816
PB2|PP755596.1|A/cattle/Texas/24-008749-003/2024(H5N1)	475	2850
PB2|PP755596.1|A/cattle/Texas/24-008749-003/2024(H5N1)	476	2847
PB2|PP755596.1|A/cattle/Texas/24-008749-003/2024(H5N1)	477	2848
PB2|PP755596.1|A/cattle/Texas/24-008749-003/2024(H5N1)	478	2827
PB2|PP755596.1|A/cattle/Texas/24-008749-003/2024(H5N1)	479	2824
PB2|PP755596.1|A/cattle/Texas/24-008749-003/2024(H5N1)	480	2953
PB2|PP755596.1|A/cattle/Texas/24-008749-003/2024(H5N1)	481	2958
PB2|PP755596.1|A/cattle/Texas/24-008749-003/2024(H5N1)	482	3046
PB2|PP755596.1|A/cattle/Texas/24-008749-003/2024(H5N1)	483	2896
PB2|PP755596.1|A/cattle/Texas/24-008749-003/2024(H5N1)	484	2867
PB2|PP755596.1|A/cattle/Texas/24-008749-003/2024(H5N1)	485	2879
PB2|PP755596.1|A/cattle/Texas/24-008749-003/2024(H5N1)	486	2909
PB2|PP755596.1|A/cattle/Texas/24-008749-003/2024(H5N1)	487	2916
PB2|PP755596.1|A/cattle/Texas/24-008749-003/2024(H5N1)	488	2940
PB2|PP755596.1|A/cattle/Texas/24-008749-003/2024(H5N1)	489	2793
PB2|PP755596.1|A/cattle/Texas/24-008749-003/2024(H5N1)	490	2774
PB2|PP755596.1|A/cattle/Texas/24-008749-003/2024(H5N1)	491	2758
PB2|PP755596.1|A/cattle/Texas/24-008749-003/2024(H5N1)	492	2760
PB2|PP755596.1|A/cattle/Texas/24-008749-003/2024(H5N1)	493	2786
PB2|PP755596.1|A/cattle/Texas/24-008749-003/2024(H5N1)	494	2793
PB2|PP755596.1|A/cattle/Texas/24-008749-003/2024(H5N1)	495	2788
PB2|PP755596.1|A/cattle/Texas/24-008749-003/2024(H5N1)	496	2784
PB2|PP755596.1|A/cattle/Texas/24-008749-003/2024(H5N1)	497	2756
PB2|PP755596.1|A/cattle/Texas/24-008749-003/2024(H5N1)	498	2751
PB2|PP755596.1|A/cattle/Texas/24-008749-003/2024(H5N1)	499	2752
PB2|PP755596.1|A/cattle/Texas/24-008749-003/2024(H5N1)	500	2822
PB2|PP755596.1|A/cattle/Texas/24-008749-003/2024(H5N1)	501	2829
PB2|PP755596.1|A/cattle/Texas/24-008749-003/2024(H5N1)	502	2802
PB2|PP755596.1|A/cattle/Texas/24-008749-003/2024(H5N1)	503	2806
PB2|PP755596.1|A/cattle/Texas/24-008749-003/2024(H5N1)	504	2833
PB2|PP755596.1|A/cattle/Texas/24-008749-003/2024(H5N1)	505	2842
PB2|PP755596.1|A/cattle/Texas/24-008749-003/2024(H5N1)	506	2871
PB2|PP755596.1|A/cattle/Texas/24-008749-003/2024(H5N1)	507	2875
PB2|PP755596.1|A/cattle/Texas/24-008749-003/2024(H5N1)	508	2884
PB2|PP755596.1|A/cattle/Texas/24-008749-003/2024(H5N1)	509	2891
PB2|PP755596.1|A/cattle/Texas/24-008749-003/2024(H5N1)	510	2893
PB2|PP755596.1|A/cattle/Texas/24-008749-003/2024(H5N1)	511	2894
PB2|PP755596.1|A/cattle/Texas/24-008749-003/2024(H5N1)	512	2931
PB2|PP755596.1|A/cattle/Texas/24-008749-003/2024(H5N1)	513	2932
PB2|PP755596.1|A/cattle/Texas/24-008749-003/2024(H5N1)	514	2950
PB2|PP755596.1|A/cattle/Texas/24-008749-003/2024(H5N1)	515	2946
PB2|PP755596.1|A/cattle/Texas/24-008749-003/2024(H5N1)	516	2954
PB2|PP755596.1|A/cattle/Texas/24-008749-003/2024(H5N1)	517	2964
PB2|PP755596.1|A/cattle/Texas/24-008749-003/2024(H5N1)	518	2967
PB2|PP755596.1|A/cattle/Texas/24-008749-003/2024(H5N1)	519	2977
PB2|PP755596.1|A/cattle/Texas/24-008749-003/2024(H5N1)	520	2978
PB2|PP755596.1|A/cattle/Texas/24-008749-003/2024(H5N1)	521	2991
PB2|PP755596.1|A/cattle/Texas/24-008749-003/2024(H5N1)	522	2991
PB2|PP755596.1|A/cattle/Texas/24-008749-003/2024(H5N1)	523	2990
PB2|PP755596.1|A/cattle/Texas/24-008749-003/2024(H5N1)	524	3016
PB2|PP755596.1|A/cattle/Texas/24-008749-003/2024(H5N1)	525	3061
PB2|PP755596.1|A/cattle/Texas/24-008749-003/2024(H5N1)	526	3101
PB2|PP755596.1|A/cattle/Texas/24-008749-003/2024(H5N1)	527	3117
PB2|PP755596.1|A/cattle/Texas/24-008749-003/2024(H5N1)	528	3111
PB2|PP755596.1|A/cattle/Texas/24-008749-003/2024(H5N1)	529	3076
PB2|PP755596.1|A/cattle/Texas/24-008749-003/2024(H5N1)	530	3011
PB2|PP755596.1|A/cattle/Texas/24-008749-003/2024(H5N1)	531	3015
PB2|PP755596.1|A/cattle/Texas/24-008749-003/2024(H5N1)	532	3017
PB2|PP755596.1|A/cattle/Texas/24-008749-003/2024(H5N1)	533	3004
PB2|PP755596.1|A/cattle/Texas/24-008749-003/2024(H5N1)	534	3005
PB2|PP755596.1|A/cattle/Texas/24-008749-003/2024(H5N1)	535	2981
PB2|PP755596.1|A/cattle/Texas/24-008749-003/2024(H5N1)	536	2937
PB2|PP755596.1|A/cattle/Texas/24-008749-003/2024(H5N1)	537	2924
PB2|PP755596.1|A/cattle/Texas/24-008749-003/2024(H5N1)	538	2931
PB2|PP755596.1|A/cattle/Texas/24-008749-003/2024(H5N1)	539	2964
PB2|PP755596.1|A/cattle/Texas/24-008749-003/2024(H5N1)	540	2956
PB2|PP755596.1|A/cattle/Texas/24-008749-003/2024(H5N1)	541	3056
PB2|PP755596.1|A/cattle/Texas/24-008749-003/2024(H5N1)	542	2878
PB2|PP755596.1|A/cattle/Texas/24-008749-003/2024(H5N1)	543	2882
PB2|PP755596.1|A/cattle/Texas/24-008749-003/2024(H5N1)	544	2889
PB2|PP755596.1|A/cattle/Texas/24-008749-003/2024(H5N1)	545	2889
PB2|PP755596.1|A/cattle/Texas/24-008749-003/2024(H5N1)	546	2900
PB2|PP755596.1|A/cattle/Texas/24-008749-003/2024(H5N1)	547	2865
PB2|PP755596.1|A/cattle/Texas/24-008749-003/2024(H5N1)	548	2795
PB2|PP755596.1|A/cattle/Texas/24-008749-003/2024(H5N1)	549	2806
PB2|PP755596.1|A/cattle/Texas/24-008749-003/2024(H5N1)	550	2823
PB2|PP755596.1|A/cattle/Texas/24-008749-003/2024(H5N1)	551	2830
PB2|PP755596.1|A/cattle/Texas/24-008749-003/2024(H5N1)	552	2818
PB2|PP755596.1|A/cattle/Texas/24-008749-003/2024(H5N1)	553	2765
PB2|PP755596.1|A/cattle/Texas/24-008749-003/2024(H5N1)	554	2818
PB2|PP755596.1|A/cattle/Texas/24-008749-003/2024(H5N1)	555	2822
PB2|PP755596.1|A/cattle/Texas/24-008749-003/2024(H5N1)	556	2839
PB2|PP755596.1|A/cattle/Texas/24-008749-003/2024(H5N1)	557	2841
PB2|PP755596.1|A/cattle/Texas/24-008749-003/2024(H5N1)	558	2832
PB2|PP755596.1|A/cattle/Texas/24-008749-003/2024(H5N1)	559	2839
PB2|PP755596.1|A/cattle/Texas/24-008749-003/2024(H5N1)	560	2839
PB2|PP755596.1|A/cattle/Texas/24-008749-003/2024(H5N1)	561	2842
PB2|PP755596.1|A/cattle/Texas/24-008749-003/2024(H5N1)	562	2847
PB2|PP755596.1|A/cattle/Texas/24-008749-003/2024(H5N1)	563	2853
PB2|PP755596.1|A/cattle/Texas/24-008749-003/2024(H5N1)	564	2853
PB2|PP755596.1|A/cattle/Texas/24-008749-003/2024(H5N1)	565	2841
PB2|PP755596.1|A/cattle/Texas/24-008749-003/2024(H5N1)	566	2834
PB2|PP755596.1|A/cattle/Texas/24-008749-003/2024(H5N1)	567	2839
PB2|PP755596.1|A/cattle/Texas/24-008749-003/2024(H5N1)	568	2865
PB2|PP755596.1|A/cattle/Texas/24-008749-003/2024(H5N1)	569	2871
PB2|PP755596.1|A/cattle/Texas/24-008749-003/2024(H5N1)	570	2833
PB2|PP755596.1|A/cattle/Texas/24-008749-003/2024(H5N1)	571	2848
PB2|PP755596.1|A/cattle/Texas/24-008749-003/2024(H5N1)	572	2847
PB2|PP755596.1|A/cattle/Texas/24-008749-003/2024(H5N1)	573	2845
PB2|PP755596.1|A/cattle/Texas/24-008749-003/2024(H5N1)	574	2854
PB2|PP755596.1|A/cattle/Texas/24-008749-003/2024(H5N1)	575	2865
PB2|PP755596.1|A/cattle/Texas/24-008749-003/2024(H5N1)	576	2848
PB2|PP755596.1|A/cattle/Texas/24-008749-003/2024(H5N1)	577	3039
PB2|PP755596.1|A/cattle/Texas/24-008749-003/2024(H5N1)	578	3036
PB2|PP755596.1|A/cattle/Texas/24-008749-003/2024(H5N1)	579	3094
PB2|PP755596.1|A/cattle/Texas/24-008749-003/2024(H5N1)	580	3075
PB2|PP755596.1|A/cattle/Texas/24-008749-003/2024(H5N1)	581	3074
PB2|PP755596.1|A/cattle/Texas/24-008749-003/2024(H5N1)	582	3074
PB2|PP755596.1|A/cattle/Texas/24-008749-003/2024(H5N1)	583	3074
PB2|PP755596.1|A/cattle/Texas/24-008749-003/2024(H5N1)	584	3182
PB2|PP755596.1|A/cattle/Texas/24-008749-003/2024(H5N1)	585	3045
PB2|PP755596.1|A/cattle/Texas/24-008749-003/2024(H5N1)	586	2877
PB2|PP755596.1|A/cattle/Texas/24-008749-003/2024(H5N1)	587	2880
PB2|PP755596.1|A/cattle/Texas/24-008749-003/2024(H5N1)	588	2937
PB2|PP755596.1|A/cattle/Texas/24-008749-003/2024(H5N1)	589	2939
PB2|PP755596.1|A/cattle/Texas/24-008749-003/2024(H5N1)	590	2943
PB2|PP755596.1|A/cattle/Texas/24-008749-003/2024(H5N1)	591	2938
PB2|PP755596.1|A/cattle/Texas/24-008749-003/2024(H5N1)	592	2954
PB2|PP755596.1|A/cattle/Texas/24-008749-003/2024(H5N1)	593	2928
PB2|PP755596.1|A/cattle/Texas/24-008749-003/2024(H5N1)	594	2866
PB2|PP755596.1|A/cattle/Texas/24-008749-003/2024(H5N1)	595	2865
PB2|PP755596.1|A/cattle/Texas/24-008749-003/2024(H5N1)	596	2841
PB2|PP755596.1|A/cattle/Texas/24-008749-003/2024(H5N1)	597	2835
PB2|PP755596.1|A/cattle/Texas/24-008749-003/2024(H5N1)	598	3005
PB2|PP755596.1|A/cattle/Texas/24-008749-003/2024(H5N1)	599	3001
PB2|PP755596.1|A/cattle/Texas/24-008749-003/2024(H5N1)	600	3107
PB2|PP755596.1|A/cattle/Texas/24-008749-003/2024(H5N1)	601	3018
PB2|PP755596.1|A/cattle/Texas/24-008749-003/2024(H5N1)	602	3012
PB2|PP755596.1|A/cattle/Texas/24-008749-003/2024(H5N1)	603	3017
PB2|PP755596.1|A/cattle/Texas/24-008749-003/2024(H5N1)	604	3027
PB2|PP755596.1|A/cattle/Texas/24-008749-003/2024(H5N1)	605	3020
PB2|PP755596.1|A/cattle/Texas/24-008749-003/2024(H5N1)	606	3035
PB2|PP755596.1|A/cattle/Texas/24-008749-003/2024(H5N1)	607	3039
PB2|PP755596.1|A/cattle/Texas/24-008749-003/2024(H5N1)	608	3038
PB2|PP755596.1|A/cattle/Texas/24-008749-003/2024(H5N1)	609	2947
PB2|PP755596.1|A/cattle/Texas/24-008749-003/2024(H5N1)	610	2932
PB2|PP755596.1|A/cattle/Texas/24-008749-003/2024(H5N1)	611	2938
PB2|PP755596.1|A/cattle/Texas/24-008749-003/2024(H5N1)	612	2947
PB2|PP755596.1|A/cattle/Texas/24-008749-003/2024(H5N1)	613	2948
PB2|PP755596.1|A/cattle/Texas/24-008749-003/2024(H5N1)	614	2939
PB2|PP755596.1|A/cattle/Texas/24-008749-003/2024(H5N1)	615	2902
PB2|PP755596.1|A/cattle/Texas/24-008749-003/2024(H5N1)	616	2797
PB2|PP755596.1|A/cattle/Texas/24-008749-003/2024(H5N1)	617	2795
PB2|PP755596.1|A/cattle/Texas/24-008749-003/2024(H5N1)	618	2805
PB2|PP755596.1|A/cattle/Texas/24-008749-003/2024(H5N1)	619	2910
PB2|PP755596.1|A/cattle/Texas/24-008749-003/2024(H5N1)	620	2905
PB2|PP755596.1|A/cattle/Texas/24-008749-003/2024(H5N1)	621	2885
PB2|PP755596.1|A/cattle/Texas/24-008749-003/2024(H5N1)	622	2887
PB2|PP755596.1|A/cattle/Texas/24-008749-003/2024(H5N1)	623	2966
PB2|PP755596.1|A/cattle/Texas/24-008749-003/2024(H5N1)	624	2989
PB2|PP755596.1|A/cattle/Texas/24-008749-003/2024(H5N1)	625	2976
PB2|PP755596.1|A/cattle/Texas/24-008749-003/2024(H5N1)	626	2950
PB2|PP755596.1|A/cattle/Texas/24-008749-003/2024(H5N1)	627	2912
PB2|PP755596.1|A/cattle/Texas/24-008749-003/2024(H5N1)	628	2942
PB2|PP755596.1|A/cattle/Texas/24-008749-003/2024(H5N1)	629	2928
PB2|PP755596.1|A/cattle/Texas/24-008749-003/2024(H5N1)	630	2928
PB2|PP755596.1|A/cattle/Texas/24-008749-003/2024(H5N1)	631	2848
PB2|PP755596.1|A/cattle/Texas/24-008749-003/2024(H5N1)	632	2780
PB2|PP755596.1|A/cattle/Texas/24-008749-003/2024(H5N1)	633	2786
PB2|PP755596.1|A/cattle/Texas/24-008749-003/2024(H5N1)	634	2789
PB2|PP755596.1|A/cattle/Texas/24-008749-003/2024(H5N1)	635	2789
PB2|PP755596.1|A/cattle/Texas/24-008749-003/2024(H5N1)	636	2792
PB2|PP755596.1|A/cattle/Texas/24-008749-003/2024(H5N1)	637	2762
PB2|PP755596.1|A/cattle/Texas/24-008749-003/2024(H5N1)	638	2762
PB2|PP755596.1|A/cattle/Texas/24-008749-003/2024(H5N1)	639	2729
PB2|PP755596.1|A/cattle/Texas/24-008749-003/2024(H5N1)	640	2730
PB2|PP755596.1|A/cattle/Texas/24-008749-003/2024(H5N1)	641	2800
PB2|PP755596.1|A/cattle/Texas/24-008749-003/2024(H5N1)	642	2786
PB2|PP755596.1|A/cattle/Texas/24-008749-003/2024(H5N1)	643	2803
PB2|PP755596.1|A/cattle/Texas/24-008749-003/2024(H5N1)	644	2784
PB2|PP755596.1|A/cattle/Texas/24-008749-003/2024(H5N1)	645	2783
PB2|PP755596.1|A/cattle/Texas/24-008749-003/2024(H5N1)	646	2805
PB2|PP755596.1|A/cattle/Texas/24-008749-003/2024(H5N1)	647	2829
PB2|PP755596.1|A/cattle/Texas/24-008749-003/2024(H5N1)	648	2861
PB2|PP755596.1|A/cattle/Texas/24-008749-003/2024(H5N1)	649	2879
PB2|PP755596.1|A/cattle/Texas/24-008749-003/2024(H5N1)	650	2814
PB2|PP755596.1|A/cattle/Texas/24-008749-003/2024(H5N1)	651	2829
PB2|PP755596.1|A/cattle/Texas/24-008749-003/2024(H5N1)	652	2812
PB2|PP755596.1|A/cattle/Texas/24-008749-003/2024(H5N1)	653	2833
PB2|PP755596.1|A/cattle/Texas/24-008749-003/2024(H5N1)	654	2877
PB2|PP755596.1|A/cattle/Texas/24-008749-003/2024(H5N1)	655	2835
PB2|PP755596.1|A/cattle/Texas/24-008749-003/2024(H5N1)	656	2828
PB2|PP755596.1|A/cattle/Texas/24-008749-003/2024(H5N1)	657	2789
PB2|PP755596.1|A/cattle/Texas/24-008749-003/2024(H5N1)	658	2809
PB2|PP755596.1|A/cattle/Texas/24-008749-003/2024(H5N1)	659	2798
PB2|PP755596.1|A/cattle/Texas/24-008749-003/2024(H5N1)	660	2772
PB2|PP755596.1|A/cattle/Texas/24-008749-003/2024(H5N1)	661	2770
PB2|PP755596.1|A/cattle/Texas/24-008749-003/2024(H5N1)	662	2743
PB2|PP755596.1|A/cattle/Texas/24-008749-003/2024(H5N1)	663	2730
PB2|PP755596.1|A/cattle/Texas/24-008749-003/2024(H5N1)	664	2764
PB2|PP755596.1|A/cattle/Texas/24-008749-003/2024(H5N1)	665	2845
PB2|PP755596.1|A/cattle/Texas/24-008749-003/2024(H5N1)	666	2846
PB2|PP755596.1|A/cattle/Texas/24-008749-003/2024(H5N1)	667	2852
PB2|PP755596.1|A/cattle/Texas/24-008749-003/2024(H5N1)	668	2868
PB2|PP755596.1|A/cattle/Texas/24-008749-003/2024(H5N1)	669	2878
PB2|PP755596.1|A/cattle/Texas/24-008749-003/2024(H5N1)	670	2881
PB2|PP755596.1|A/cattle/Texas/24-008749-003/2024(H5N1)	671	2910
PB2|PP755596.1|A/cattle/Texas/24-008749-003/2024(H5N1)	672	2921
PB2|PP755596.1|A/cattle/Texas/24-008749-003/2024(H5N1)	673	2913
PB2|PP755596.1|A/cattle/Texas/24-008749-003/2024(H5N1)	674	2902
PB2|PP755596.1|A/cattle/Texas/24-008749-003/2024(H5N1)	675	2883
PB2|PP755596.1|A/cattle/Texas/24-008749-003/2024(H5N1)	676	2834
PB2|PP755596.1|A/cattle/Texas/24-008749-003/2024(H5N1)	677	2880
PB2|PP755596.1|A/cattle/Texas/24-008749-003/2024(H5N1)	678	2904
PB2|PP755596.1|A/cattle/Texas/24-008749-003/2024(H5N1)	679	2958
PB2|PP755596.1|A/cattle/Texas/24-008749-003/2024(H5N1)	680	2962
PB2|PP755596.1|A/cattle/Texas/24-008749-003/2024(H5N1)	681	2974
PB2|PP755596.1|A/cattle/Texas/24-008749-003/2024(H5N1)	682	2978
PB2|PP755596.1|A/cattle/Texas/24-008749-003/2024(H5N1)	683	3150
PB2|PP755596.1|A/cattle/Texas/24-008749-003/2024(H5N1)	684	3145
PB2|PP755596.1|A/cattle/Texas/24-008749-003/2024(H5N1)	685	3152
PB2|PP755596.1|A/cattle/Texas/24-008749-003/2024(H5N1)	686	3142
PB2|PP755596.1|A/cattle/Texas/24-008749-003/2024(H5N1)	687	3089
PB2|PP755596.1|A/cattle/Texas/24-008749-003/2024(H5N1)	688	3055
PB2|PP755596.1|A/cattle/Texas/24-008749-003/2024(H5N1)	689	3011
PB2|PP755596.1|A/cattle/Texas/24-008749-003/2024(H5N1)	690	3002
PB2|PP755596.1|A/cattle/Texas/24-008749-003/2024(H5N1)	691	3021
PB2|PP755596.1|A/cattle/Texas/24-008749-003/2024(H5N1)	692	2899
PB2|PP755596.1|A/cattle/Texas/24-008749-003/2024(H5N1)	693	2894
PB2|PP755596.1|A/cattle/Texas/24-008749-003/2024(H5N1)	694	2904
PB2|PP755596.1|A/cattle/Texas/24-008749-003/2024(H5N1)	695	2899
PB2|PP755596.1|A/cattle/Texas/24-008749-003/2024(H5N1)	696	2963
PB2|PP755596.1|A/cattle/Texas/24-008749-003/2024(H5N1)	697	3082
PB2|PP755596.1|A/cattle/Texas/24-008749-003/2024(H5N1)	698	3109
PB2|PP755596.1|A/cattle/Texas/24-008749-003/2024(H5N1)	699	3116
PB2|PP755596.1|A/cattle/Texas/24-008749-003/2024(H5N1)	700	3068
PB2|PP755596.1|A/cattle/Texas/24-008749-003/2024(H5N1)	701	3067
PB2|PP755596.1|A/cattle/Texas/24-008749-003/2024(H5N1)	702	3070
PB2|PP755596.1|A/cattle/Texas/24-008749-003/2024(H5N1)	703	3093
PB2|PP755596.1|A/cattle/Texas/24-008749-003/2024(H5N1)	704	3088
PB2|PP755596.1|A/cattle/Texas/24-008749-003/2024(H5N1)	705	3044
PB2|PP755596.1|A/cattle/Texas/24-008749-003/2024(H5N1)	706	3019
PB2|PP755596.1|A/cattle/Texas/24-008749-003/2024(H5N1)	707	3002
PB2|PP755596.1|A/cattle/Texas/24-008749-003/2024(H5N1)	708	3040
PB2|PP755596.1|A/cattle/Texas/24-008749-003/2024(H5N1)	709	3113
PB2|PP755596.1|A/cattle/Texas/24-008749-003/2024(H5N1)	710	3113
PB2|PP755596.1|A/cattle/Texas/24-008749-003/2024(H5N1)	711	3114
PB2|PP755596.1|A/cattle/Texas/24-008749-003/2024(H5N1)	712	3107
PB2|PP755596.1|A/cattle/Texas/24-008749-003/2024(H5N1)	713	3117
PB2|PP755596.1|A/cattle/Texas/24-008749-003/2024(H5N1)	714	3114
PB2|PP755596.1|A/cattle/Texas/24-008749-003/2024(H5N1)	715	3140
PB2|PP755596.1|A/cattle/Texas/24-008749-003/2024(H5N1)	716	3153
PB2|PP755596.1|A/cattle/Texas/24-008749-003/2024(H5N1)	717	3137
PB2|PP755596.1|A/cattle/Texas/24-008749-003/2024(H5N1)	718	3112
PB2|PP755596.1|A/cattle/Texas/24-008749-003/2024(H5N1)	719	3108
PB2|PP755596.1|A/cattle/Texas/24-008749-003/2024(H5N1)	720	3108
PB2|PP755596.1|A/cattle/Texas/24-008749-003/2024(H5N1)	721	3177
PB2|PP755596.1|A/cattle/Texas/24-008749-003/2024(H5N1)	722	3154
PB2|PP755596.1|A/cattle/Texas/24-008749-003/2024(H5N1)	723	3152
PB2|PP755596.1|A/cattle/Texas/24-008749-003/2024(H5N1)	724	3174
PB2|PP755596.1|A/cattle/Texas/24-008749-003/2024(H5N1)	725	3146
PB2|PP755596.1|A/cattle/Texas/24-008749-003/2024(H5N1)	726	3348
PB2|PP755596.1|A/cattle/Texas/24-008749-003/2024(H5N1)	727	3363
PB2|PP755596.1|A/cattle/Texas/24-008749-003/2024(H5N1)	728	3261
PB2|PP755596.1|A/cattle/Texas/24-008749-003/2024(H5N1)	729	3323
PB2|PP755596.1|A/cattle/Texas/24-008749-003/2024(H5N1)	730	3335
PB2|PP755596.1|A/cattle/Texas/24-008749-003/2024(H5N1)	731	3338
PB2|PP755596.1|A/cattle/Texas/24-008749-003/2024(H5N1)	732	3338
PB2|PP755596.1|A/cattle/Texas/24-008749-003/2024(H5N1)	733	3319
PB2|PP755596.1|A/cattle/Texas/24-008749-003/2024(H5N1)	734	3361
PB2|PP755596.1|A/cattle/Texas/24-008749-003/2024(H5N1)	735	3163
PB2|PP755596.1|A/cattle/Texas/24-008749-003/2024(H5N1)	736	3188
PB2|PP755596.1|A/cattle/Texas/24-008749-003/2024(H5N1)	737	3173
PB2|PP755596.1|A/cattle/Texas/24-008749-003/2024(H5N1)	738	3084
PB2|PP755596.1|A/cattle/Texas/24-008749-003/2024(H5N1)	739	3096
PB2|PP755596.1|A/cattle/Texas/24-008749-003/2024(H5N1)	740	3152
PB2|PP755596.1|A/cattle/Texas/24-008749-003/2024(H5N1)	741	3149
PB2|PP755596.1|A/cattle/Texas/24-008749-003/2024(H5N1)	742	3156
PB2|PP755596.1|A/cattle/Texas/24-008749-003/2024(H5N1)	743	3148
PB2|PP755596.1|A/cattle/Texas/24-008749-003/2024(H5N1)	744	3132
PB2|PP755596.1|A/cattle/Texas/24-008749-003/2024(H5N1)	745	3150
PB2|PP755596.1|A/cattle/Texas/24-008749-003/2024(H5N1)	746	3154
PB2|PP755596.1|A/cattle/Texas/24-008749-003/2024(H5N1)	747	3156
PB2|PP755596.1|A/cattle/Texas/24-008749-003/2024(H5N1)	748	3165
PB2|PP755596.1|A/cattle/Texas/24-008749-003/2024(H5N1)	749	3042
PB2|PP755596.1|A/cattle/Texas/24-008749-003/2024(H5N1)	750	3040
PB2|PP755596.1|A/cattle/Texas/24-008749-003/2024(H5N1)	751	2964
PB2|PP755596.1|A/cattle/Texas/24-008749-003/2024(H5N1)	752	2958
PB2|PP755596.1|A/cattle/Texas/24-008749-003/2024(H5N1)	753	2956
PB2|PP755596.1|A/cattle/Texas/24-008749-003/2024(H5N1)	754	2942
PB2|PP755596.1|A/cattle/Texas/24-008749-003/2024(H5N1)	755	2945
PB2|PP755596.1|A/cattle/Texas/24-008749-003/2024(H5N1)	756	2933
PB2|PP755596.1|A/cattle/Texas/24-008749-003/2024(H5N1)	757	2926
PB2|PP755596.1|A/cattle/Texas/24-008749-003/2024(H5N1)	758	2865
PB2|PP755596.1|A/cattle/Texas/24-008749-003/2024(H5N1)	759	2855
PB2|PP755596.1|A/cattle/Texas/24-008749-003/2024(H5N1)	760	2868
PB2|PP755596.1|A/cattle/Texas/24-008749-003/2024(H5N1)	761	2994
PB2|PP755596.1|A/cattle/Texas/24-008749-003/2024(H5N1)	762	2990
PB2|PP755596.1|A/cattle/Texas/24-008749-003/2024(H5N1)	763	2991
PB2|PP755596.1|A/cattle/Texas/24-008749-003/2024(H5N1)	764	2985
PB2|PP755596.1|A/cattle/Texas/24-008749-003/2024(H5N1)	765	2971
PB2|PP755596.1|A/cattle/Texas/24-008749-003/2024(H5N1)	766	3079
PB2|PP755596.1|A/cattle/Texas/24-008749-003/2024(H5N1)	767	3077
PB2|PP755596.1|A/cattle/Texas/24-008749-003/2024(H5N1)	768	3156
PB2|PP755596.1|A/cattle/Texas/24-008749-003/2024(H5N1)	769	3131
PB2|PP755596.1|A/cattle/Texas/24-008749-003/2024(H5N1)	770	3011
PB2|PP755596.1|A/cattle/Texas/24-008749-003/2024(H5N1)	771	3051
PB2|PP755596.1|A/cattle/Texas/24-008749-003/2024(H5N1)	772	3112
PB2|PP755596.1|A/cattle/Texas/24-008749-003/2024(H5N1)	773	3121
PB2|PP755596.1|A/cattle/Texas/24-008749-003/2024(H5N1)	774	3069
PB2|PP755596.1|A/cattle/Texas/24-008749-003/2024(H5N1)	775	3024
PB2|PP755596.1|A/cattle/Texas/24-008749-003/2024(H5N1)	776	3030
PB2|PP755596.1|A/cattle/Texas/24-008749-003/2024(H5N1)	777	3036
PB2|PP755596.1|A/cattle/Texas/24-008749-003/2024(H5N1)	778	3123
PB2|PP755596.1|A/cattle/Texas/24-008749-003/2024(H5N1)	779	3104
PB2|PP755596.1|A/cattle/Texas/24-008749-003/2024(H5N1)	780	3084
PB2|PP755596.1|A/cattle/Texas/24-008749-003/2024(H5N1)	781	3032
PB2|PP755596.1|A/cattle/Texas/24-008749-003/2024(H5N1)	782	3031
PB2|PP755596.1|A/cattle/Texas/24-008749-003/2024(H5N1)	783	3121
PB2|PP755596.1|A/cattle/Texas/24-008749-003/2024(H5N1)	784	3121
PB2|PP755596.1|A/cattle/Texas/24-008749-003/2024(H5N1)	785	3129
PB2|PP755596.1|A/cattle/Texas/24-008749-003/2024(H5N1)	786	3123
PB2|PP755596.1|A/cattle/Texas/24-008749-003/2024(H5N1)	787	3157
PB2|PP755596.1|A/cattle/Texas/24-008749-003/2024(H5N1)	788	3226
PB2|PP755596.1|A/cattle/Texas/24-008749-003/2024(H5N1)	789	3246
PB2|PP755596.1|A/cattle/Texas/24-008749-003/2024(H5N1)	790	3246
PB2|PP755596.1|A/cattle/Texas/24-008749-003/2024(H5N1)	791	3308
PB2|PP755596.1|A/cattle/Texas/24-008749-003/2024(H5N1)	792	3291
PB2|PP755596.1|A/cattle/Texas/24-008749-003/2024(H5N1)	793	3313
PB2|PP755596.1|A/cattle/Texas/24-008749-003/2024(H5N1)	794	3293
PB2|PP755596.1|A/cattle/Texas/24-008749-003/2024(H5N1)	795	3306
PB2|PP755596.1|A/cattle/Texas/24-008749-003/2024(H5N1)	796	3336
PB2|PP755596.1|A/cattle/Texas/24-008749-003/2024(H5N1)	797	3323
PB2|PP755596.1|A/cattle/Texas/24-008749-003/2024(H5N1)	798	3306
PB2|PP755596.1|A/cattle/Texas/24-008749-003/2024(H5N1)	799	3288
PB2|PP755596.1|A/cattle/Texas/24-008749-003/2024(H5N1)	800	3294
PB2|PP755596.1|A/cattle/Texas/24-008749-003/2024(H5N1)	801	3255
PB2|PP755596.1|A/cattle/Texas/24-008749-003/2024(H5N1)	802	3243
PB2|PP755596.1|A/cattle/Texas/24-008749-003/2024(H5N1)	803	3263
PB2|PP755596.1|A/cattle/Texas/24-008749-003/2024(H5N1)	804	3318
PB2|PP755596.1|A/cattle/Texas/24-008749-003/2024(H5N1)	805	3266
PB2|PP755596.1|A/cattle/Texas/24-008749-003/2024(H5N1)	806	3352
PB2|PP755596.1|A/cattle/Texas/24-008749-003/2024(H5N1)	807	3359
PB2|PP755596.1|A/cattle/Texas/24-008749-003/2024(H5N1)	808	3371
PB2|PP755596.1|A/cattle/Texas/24-008749-003/2024(H5N1)	809	3355
PB2|PP755596.1|A/cattle/Texas/24-008749-003/2024(H5N1)	810	3361
PB2|PP755596.1|A/cattle/Texas/24-008749-003/2024(H5N1)	811	3362
PB2|PP755596.1|A/cattle/Texas/24-008749-003/2024(H5N1)	812	3380
PB2|PP755596.1|A/cattle/Texas/24-008749-003/2024(H5N1)	813	3386
PB2|PP755596.1|A/cattle/Texas/24-008749-003/2024(H5N1)	814	3467
PB2|PP755596.1|A/cattle/Texas/24-008749-003/2024(H5N1)	815	3468
PB2|PP755596.1|A/cattle/Texas/24-008749-003/2024(H5N1)	816	3475
PB2|PP755596.1|A/cattle/Texas/24-008749-003/2024(H5N1)	817	3477
PB2|PP755596.1|A/cattle/Texas/24-008749-003/2024(H5N1)	818	3474
PB2|PP755596.1|A/cattle/Texas/24-008749-003/2024(H5N1)	819	3474
PB2|PP755596.1|A/cattle/Texas/24-008749-003/2024(H5N1)	820	3471
PB2|PP755596.1|A/cattle/Texas/24-008749-003/2024(H5N1)	821	3463
PB2|PP755596.1|A/cattle/Texas/24-008749-003/2024(H5N1)	822	3347
PB2|PP755596.1|A/cattle/Texas/24-008749-003/2024(H5N1)	823	3340
PB2|PP755596.1|A/cattle/Texas/24-008749-003/2024(H5N1)	824	3394
PB2|PP755596.1|A/cattle/Texas/24-008749-003/2024(H5N1)	825	3496
PB2|PP755596.1|A/cattle/Texas/24-008749-003/2024(H5N1)	826	3492
PB2|PP755596.1|A/cattle/Texas/24-008749-003/2024(H5N1)	827	3423
PB2|PP755596.1|A/cattle/Texas/24-008749-003/2024(H5N1)	828	3426
PB2|PP755596.1|A/cattle/Texas/24-008749-003/2024(H5N1)	829	3497
PB2|PP755596.1|A/cattle/Texas/24-008749-003/2024(H5N1)	830	3472
PB2|PP755596.1|A/cattle/Texas/24-008749-003/2024(H5N1)	831	3473
PB2|PP755596.1|A/cattle/Texas/24-008749-003/2024(H5N1)	832	3461
PB2|PP755596.1|A/cattle/Texas/24-008749-003/2024(H5N1)	833	3374
PB2|PP755596.1|A/cattle/Texas/24-008749-003/2024(H5N1)	834	3291
PB2|PP755596.1|A/cattle/Texas/24-008749-003/2024(H5N1)	835	3293
PB2|PP755596.1|A/cattle/Texas/24-008749-003/2024(H5N1)	836	3288
PB2|PP755596.1|A/cattle/Texas/24-008749-003/2024(H5N1)	837	3290
PB2|PP755596.1|A/cattle/Texas/24-008749-003/2024(H5N1)	838	3439
PB2|PP755596.1|A/cattle/Texas/24-008749-003/2024(H5N1)	839	3457
PB2|PP755596.1|A/cattle/Texas/24-008749-003/2024(H5N1)	840	3472
PB2|PP755596.1|A/cattle/Texas/24-008749-003/2024(H5N1)	841	3475
PB2|PP755596.1|A/cattle/Texas/24-008749-003/2024(H5N1)	842	3458
PB2|PP755596.1|A/cattle/Texas/24-008749-003/2024(H5N1)	843	3457
PB2|PP755596.1|A/cattle/Texas/24-008749-003/2024(H5N1)	844	3447
PB2|PP755596.1|A/cattle/Texas/24-008749-003/2024(H5N1)	845	3400
PB2|PP755596.1|A/cattle/Texas/24-008749-003/2024(H5N1)	846	3399
PB2|PP755596.1|A/cattle/Texas/24-008749-003/2024(H5N1)	847	3279
PB2|PP755596.1|A/cattle/Texas/24-008749-003/2024(H5N1)	848	3244
PB2|PP755596.1|A/cattle/Texas/24-008749-003/2024(H5N1)	849	3292
PB2|PP755596.1|A/cattle/Texas/24-008749-003/2024(H5N1)	850	3284
PB2|PP755596.1|A/cattle/Texas/24-008749-003/2024(H5N1)	851	3286
PB2|PP755596.1|A/cattle/Texas/24-008749-003/2024(H5N1)	852	3293
PB2|PP755596.1|A/cattle/Texas/24-008749-003/2024(H5N1)	853	3299
PB2|PP755596.1|A/cattle/Texas/24-008749-003/2024(H5N1)	854	3294
PB2|PP755596.1|A/cattle/Texas/24-008749-003/2024(H5N1)	855	3292
PB2|PP755596.1|A/cattle/Texas/24-008749-003/2024(H5N1)	856	3258
PB2|PP755596.1|A/cattle/Texas/24-008749-003/2024(H5N1)	857	3294
PB2|PP755596.1|A/cattle/Texas/24-008749-003/2024(H5N1)	858	3245
PB2|PP755596.1|A/cattle/Texas/24-008749-003/2024(H5N1)	859	3240
PB2|PP755596.1|A/cattle/Texas/24-008749-003/2024(H5N1)	860	3253
PB2|PP755596.1|A/cattle/Texas/24-008749-003/2024(H5N1)	861	3245
PB2|PP755596.1|A/cattle/Texas/24-008749-003/2024(H5N1)	862	3274
PB2|PP755596.1|A/cattle/Texas/24-008749-003/2024(H5N1)	863	3267
PB2|PP755596.1|A/cattle/Texas/24-008749-003/2024(H5N1)	864	3290
PB2|PP755596.1|A/cattle/Texas/24-008749-003/2024(H5N1)	865	3289
PB2|PP755596.1|A/cattle/Texas/24-008749-003/2024(H5N1)	866	3260
PB2|PP755596.1|A/cattle/Texas/24-008749-003/2024(H5N1)	867	3244
PB2|PP755596.1|A/cattle/Texas/24-008749-003/2024(H5N1)	868	3242
PB2|PP755596.1|A/cattle/Texas/24-008749-003/2024(H5N1)	869	3238
PB2|PP755596.1|A/cattle/Texas/24-008749-003/2024(H5N1)	870	3236
PB2|PP755596.1|A/cattle/Texas/24-008749-003/2024(H5N1)	871	3257
PB2|PP755596.1|A/cattle/Texas/24-008749-003/2024(H5N1)	872	3349
PB2|PP755596.1|A/cattle/Texas/24-008749-003/2024(H5N1)	873	3320
PB2|PP755596.1|A/cattle/Texas/24-008749-003/2024(H5N1)	874	3319
PB2|PP755596.1|A/cattle/Texas/24-008749-003/2024(H5N1)	875	3311
PB2|PP755596.1|A/cattle/Texas/24-008749-003/2024(H5N1)	876	3311
PB2|PP755596.1|A/cattle/Texas/24-008749-003/2024(H5N1)	877	3153
PB2|PP755596.1|A/cattle/Texas/24-008749-003/2024(H5N1)	878	3193
PB2|PP755596.1|A/cattle/Texas/24-008749-003/2024(H5N1)	879	3214
PB2|PP755596.1|A/cattle/Texas/24-008749-003/2024(H5N1)	880	3189
PB2|PP755596.1|A/cattle/Texas/24-008749-003/2024(H5N1)	881	3100
PB2|PP755596.1|A/cattle/Texas/24-008749-003/2024(H5N1)	882	3104
PB2|PP755596.1|A/cattle/Texas/24-008749-003/2024(H5N1)	883	3129
PB2|PP755596.1|A/cattle/Texas/24-008749-003/2024(H5N1)	884	3133
PB2|PP755596.1|A/cattle/Texas/24-008749-003/2024(H5N1)	885	3100
PB2|PP755596.1|A/cattle/Texas/24-008749-003/2024(H5N1)	886	3098
PB2|PP755596.1|A/cattle/Texas/24-008749-003/2024(H5N1)	887	3080
PB2|PP755596.1|A/cattle/Texas/24-008749-003/2024(H5N1)	888	3087
PB2|PP755596.1|A/cattle/Texas/24-008749-003/2024(H5N1)	889	3066
PB2|PP755596.1|A/cattle/Texas/24-008749-003/2024(H5N1)	890	3115
PB2|PP755596.1|A/cattle/Texas/24-008749-003/2024(H5N1)	891	3094
PB2|PP755596.1|A/cattle/Texas/24-008749-003/2024(H5N1)	892	3087
PB2|PP755596.1|A/cattle/Texas/24-008749-003/2024(H5N1)	893	3069
PB2|PP755596.1|A/cattle/Texas/24-008749-003/2024(H5N1)	894	3066
PB2|PP755596.1|A/cattle/Texas/24-008749-003/2024(H5N1)	895	3062
PB2|PP755596.1|A/cattle/Texas/24-008749-003/2024(H5N1)	896	3056
PB2|PP755596.1|A/cattle/Texas/24-008749-003/2024(H5N1)	897	3069
PB2|PP755596.1|A/cattle/Texas/24-008749-003/2024(H5N1)	898	3065
PB2|PP755596.1|A/cattle/Texas/24-008749-003/2024(H5N1)	899	3059
PB2|PP755596.1|A/cattle/Texas/24-008749-003/2024(H5N1)	900	3064
PB2|PP755596.1|A/cattle/Texas/24-008749-003/2024(H5N1)	901	3065
PB2|PP755596.1|A/cattle/Texas/24-008749-003/2024(H5N1)	902	3212
PB2|PP755596.1|A/cattle/Texas/24-008749-003/2024(H5N1)	903	3213
PB2|PP755596.1|A/cattle/Texas/24-008749-003/2024(H5N1)	904	3216
PB2|PP755596.1|A/cattle/Texas/24-008749-003/2024(H5N1)	905	3216
PB2|PP755596.1|A/cattle/Texas/24-008749-003/2024(H5N1)	906	3213
PB2|PP755596.1|A/cattle/Texas/24-008749-003/2024(H5N1)	907	3205
PB2|PP755596.1|A/cattle/Texas/24-008749-003/2024(H5N1)	908	3209
PB2|PP755596.1|A/cattle/Texas/24-008749-003/2024(H5N1)	909	3209
PB2|PP755596.1|A/cattle/Texas/24-008749-003/2024(H5N1)	910	3220
PB2|PP755596.1|A/cattle/Texas/24-008749-003/2024(H5N1)	911	3193
PB2|PP755596.1|A/cattle/Texas/24-008749-003/2024(H5N1)	912	3137
PB2|PP755596.1|A/cattle/Texas/24-008749-003/2024(H5N1)	913	3151
PB2|PP755596.1|A/cattle/Texas/24-008749-003/2024(H5N1)	914	3150
PB2|PP755596.1|A/cattle/Texas/24-008749-003/2024(H5N1)	915	3150
PB2|PP755596.1|A/cattle/Texas/24-008749-003/2024(H5N1)	916	3072
PB2|PP755596.1|A/cattle/Texas/24-008749-003/2024(H5N1)	917	3067
PB2|PP755596.1|A/cattle/Texas/24-008749-003/2024(H5N1)	918	3064
PB2|PP755596.1|A/cattle/Texas/24-008749-003/2024(H5N1)	919	3058
PB2|PP755596.1|A/cattle/Texas/24-008749-003/2024(H5N1)	920	3077
PB2|PP755596.1|A/cattle/Texas/24-008749-003/2024(H5N1)	921	2999
PB2|PP755596.1|A/cattle/Texas/24-008749-003/2024(H5N1)	922	2990
PB2|PP755596.1|A/cattle/Texas/24-008749-003/2024(H5N1)	923	3019
PB2|PP755596.1|A/cattle/Texas/24-008749-003/2024(H5N1)	924	3039
PB2|PP755596.1|A/cattle/Texas/24-008749-003/2024(H5N1)	925	3198
PB2|PP755596.1|A/cattle/Texas/24-008749-003/2024(H5N1)	926	3224
PB2|PP755596.1|A/cattle/Texas/24-008749-003/2024(H5N1)	927	3313
PB2|PP755596.1|A/cattle/Texas/24-008749-003/2024(H5N1)	928	3208
PB2|PP755596.1|A/cattle/Texas/24-008749-003/2024(H5N1)	929	3198
PB2|PP755596.1|A/cattle/Texas/24-008749-003/2024(H5N1)	930	3282
PB2|PP755596.1|A/cattle/Texas/24-008749-003/2024(H5N1)	931	3281
PB2|PP755596.1|A/cattle/Texas/24-008749-003/2024(H5N1)	932	3281
PB2|PP755596.1|A/cattle/Texas/24-008749-003/2024(H5N1)	933	3300
PB2|PP755596.1|A/cattle/Texas/24-008749-003/2024(H5N1)	934	3409
PB2|PP755596.1|A/cattle/Texas/24-008749-003/2024(H5N1)	935	3431
PB2|PP755596.1|A/cattle/Texas/24-008749-003/2024(H5N1)	936	3410
PB2|PP755596.1|A/cattle/Texas/24-008749-003/2024(H5N1)	937	3434
PB2|PP755596.1|A/cattle/Texas/24-008749-003/2024(H5N1)	938	3413
PB2|PP755596.1|A/cattle/Texas/24-008749-003/2024(H5N1)	939	3312
PB2|PP755596.1|A/cattle/Texas/24-008749-003/2024(H5N1)	940	3357
PB2|PP755596.1|A/cattle/Texas/24-008749-003/2024(H5N1)	941	3360
PB2|PP755596.1|A/cattle/Texas/24-008749-003/2024(H5N1)	942	3369
PB2|PP755596.1|A/cattle/Texas/24-008749-003/2024(H5N1)	943	3363
PB2|PP755596.1|A/cattle/Texas/24-008749-003/2024(H5N1)	944	3357
PB2|PP755596.1|A/cattle/Texas/24-008749-003/2024(H5N1)	945	3397
PB2|PP755596.1|A/cattle/Texas/24-008749-003/2024(H5N1)	946	3458
PB2|PP755596.1|A/cattle/Texas/24-008749-003/2024(H5N1)	947	3447
PB2|PP755596.1|A/cattle/Texas/24-008749-003/2024(H5N1)	948	3448
PB2|PP755596.1|A/cattle/Texas/24-008749-003/2024(H5N1)	949	3398
PB2|PP755596.1|A/cattle/Texas/24-008749-003/2024(H5N1)	950	3384
PB2|PP755596.1|A/cattle/Texas/24-008749-003/2024(H5N1)	951	3399
PB2|PP755596.1|A/cattle/Texas/24-008749-003/2024(H5N1)	952	3404
PB2|PP755596.1|A/cattle/Texas/24-008749-003/2024(H5N1)	953	3496
PB2|PP755596.1|A/cattle/Texas/24-008749-003/2024(H5N1)	954	3549
PB2|PP755596.1|A/cattle/Texas/24-008749-003/2024(H5N1)	955	3487
PB2|PP755596.1|A/cattle/Texas/24-008749-003/2024(H5N1)	956	3460
PB2|PP755596.1|A/cattle/Texas/24-008749-003/2024(H5N1)	957	3387
PB2|PP755596.1|A/cattle/Texas/24-008749-003/2024(H5N1)	958	3402
PB2|PP755596.1|A/cattle/Texas/24-008749-003/2024(H5N1)	959	3402
PB2|PP755596.1|A/cattle/Texas/24-008749-003/2024(H5N1)	960	3406
PB2|PP755596.1|A/cattle/Texas/24-008749-003/2024(H5N1)	961	3402
PB2|PP755596.1|A/cattle/Texas/24-008749-003/2024(H5N1)	962	3327
PB2|PP755596.1|A/cattle/Texas/24-008749-003/2024(H5N1)	963	3268
PB2|PP755596.1|A/cattle/Texas/24-008749-003/2024(H5N1)	964	3305
PB2|PP755596.1|A/cattle/Texas/24-008749-003/2024(H5N1)	965	3253
PB2|PP755596.1|A/cattle/Texas/24-008749-003/2024(H5N1)	966	3297
PB2|PP755596.1|A/cattle/Texas/24-008749-003/2024(H5N1)	967	3290
PB2|PP755596.1|A/cattle/Texas/24-008749-003/2024(H5N1)	968	3278
PB2|PP755596.1|A/cattle/Texas/24-008749-003/2024(H5N1)	969	3244
PB2|PP755596.1|A/cattle/Texas/24-008749-003/2024(H5N1)	970	3243
PB2|PP755596.1|A/cattle/Texas/24-008749-003/2024(H5N1)	971	3362
PB2|PP755596.1|A/cattle/Texas/24-008749-003/2024(H5N1)	972	3414
PB2|PP755596.1|A/cattle/Texas/24-008749-003/2024(H5N1)	973	3383
PB2|PP755596.1|A/cattle/Texas/24-008749-003/2024(H5N1)	974	3391
PB2|PP755596.1|A/cattle/Texas/24-008749-003/2024(H5N1)	975	3382
PB2|PP755596.1|A/cattle/Texas/24-008749-003/2024(H5N1)	976	3313
PB2|PP755596.1|A/cattle/Texas/24-008749-003/2024(H5N1)	977	3314
PB2|PP755596.1|A/cattle/Texas/24-008749-003/2024(H5N1)	978	3365
PB2|PP755596.1|A/cattle/Texas/24-008749-003/2024(H5N1)	979	3364
PB2|PP755596.1|A/cattle/Texas/24-008749-003/2024(H5N1)	980	3253
PB2|PP755596.1|A/cattle/Texas/24-008749-003/2024(H5N1)	981	3257
PB2|PP755596.1|A/cattle/Texas/24-008749-003/2024(H5N1)	982	3257
PB2|PP755596.1|A/cattle/Texas/24-008749-003/2024(H5N1)	983	3254
PB2|PP755596.1|A/cattle/Texas/24-008749-003/2024(H5N1)	984	3260
PB2|PP755596.1|A/cattle/Texas/24-008749-003/2024(H5N1)	985	3255
PB2|PP755596.1|A/cattle/Texas/24-008749-003/2024(H5N1)	986	3239
PB2|PP755596.1|A/cattle/Texas/24-008749-003/2024(H5N1)	987	3241
PB2|PP755596.1|A/cattle/Texas/24-008749-003/2024(H5N1)	988	3244
PB2|PP755596.1|A/cattle/Texas/24-008749-003/2024(H5N1)	989	3119
PB2|PP755596.1|A/cattle/Texas/24-008749-003/2024(H5N1)	990	3103
PB2|PP755596.1|A/cattle/Texas/24-008749-003/2024(H5N1)	991	3161
PB2|PP755596.1|A/cattle/Texas/24-008749-003/2024(H5N1)	992	3156
PB2|PP755596.1|A/cattle/Texas/24-008749-003/2024(H5N1)	993	3157
PB2|PP755596.1|A/cattle/Texas/24-008749-003/2024(H5N1)	994	3154
PB2|PP755596.1|A/cattle/Texas/24-008749-003/2024(H5N1)	995	3179
PB2|PP755596.1|A/cattle/Texas/24-008749-003/2024(H5N1)	996	3181
PB2|PP755596.1|A/cattle/Texas/24-008749-003/2024(H5N1)	997	3207
PB2|PP755596.1|A/cattle/Texas/24-008749-003/2024(H5N1)	998	3230
PB2|PP755596.1|A/cattle/Texas/24-008749-003/2024(H5N1)	999	3228
PB2|PP755596.1|A/cattle/Texas/24-008749-003/2024(H5N1)	1000	3183
PB2|PP755596.1|A/cattle/Texas/24-008749-003/2024(H5N1)	1001	3189
PB2|PP755596.1|A/cattle/Texas/24-008749-003/2024(H5N1)	1002	3198
PB2|PP755596.1|A/cattle/Texas/24-008749-003/2024(H5N1)	1003	3190
PB2|PP755596.1|A/cattle/Texas/24-008749-003/2024(H5N1)	1004	3163
PB2|PP755596.1|A/cattle/Texas/24-008749-003/2024(H5N1)	1005	3153
PB2|PP755596.1|A/cattle/Texas/24-008749-003/2024(H5N1)	1006	3253
PB2|PP755596.1|A/cattle/Texas/24-008749-003/2024(H5N1)	1007	3206
PB2|PP755596.1|A/cattle/Texas/24-008749-003/2024(H5N1)	1008	3204
PB2|PP755596.1|A/cattle/Texas/24-008749-003/2024(H5N1)	1009	3183
PB2|PP755596.1|A/cattle/Texas/24-008749-003/2024(H5N1)	1010	3175
PB2|PP755596.1|A/cattle/Texas/24-008749-003/2024(H5N1)	1011	3161
PB2|PP755596.1|A/cattle/Texas/24-008749-003/2024(H5N1)	1012	3193
PB2|PP755596.1|A/cattle/Texas/24-008749-003/2024(H5N1)	1013	3192
PB2|PP755596.1|A/cattle/Texas/24-008749-003/2024(H5N1)	1014	3179
PB2|PP755596.1|A/cattle/Texas/24-008749-003/2024(H5N1)	1015	3180
PB2|PP755596.1|A/cattle/Texas/24-008749-003/2024(H5N1)	1016	3185
PB2|PP755596.1|A/cattle/Texas/24-008749-003/2024(H5N1)	1017	3184
PB2|PP755596.1|A/cattle/Texas/24-008749-003/2024(H5N1)	1018	3204
PB2|PP755596.1|A/cattle/Texas/24-008749-003/2024(H5N1)	1019	3227
PB2|PP755596.1|A/cattle/Texas/24-008749-003/2024(H5N1)	1020	3243
PB2|PP755596.1|A/cattle/Texas/24-008749-003/2024(H5N1)	1021	3243
PB2|PP755596.1|A/cattle/Texas/24-008749-003/2024(H5N1)	1022	3222
PB2|PP755596.1|A/cattle/Texas/24-008749-003/2024(H5N1)	1023	3118
PB2|PP755596.1|A/cattle/Texas/24-008749-003/2024(H5N1)	1024	3136
PB2|PP755596.1|A/cattle/Texas/24-008749-003/2024(H5N1)	1025	3162
PB2|PP755596.1|A/cattle/Texas/24-008749-003/2024(H5N1)	1026	3161
PB2|PP755596.1|A/cattle/Texas/24-008749-003/2024(H5N1)	1027	3170
PB2|PP755596.1|A/cattle/Texas/24-008749-003/2024(H5N1)	1028	3156
PB2|PP755596.1|A/cattle/Texas/24-008749-003/2024(H5N1)	1029	3101
PB2|PP755596.1|A/cattle/Texas/24-008749-003/2024(H5N1)	1030	3120
PB2|PP755596.1|A/cattle/Texas/24-008749-003/2024(H5N1)	1031	3085
PB2|PP755596.1|A/cattle/Texas/24-008749-003/2024(H5N1)	1032	3144
PB2|PP755596.1|A/cattle/Texas/24-008749-003/2024(H5N1)	1033	3118
PB2|PP755596.1|A/cattle/Texas/24-008749-003/2024(H5N1)	1034	3178
PB2|PP755596.1|A/cattle/Texas/24-008749-003/2024(H5N1)	1035	3179
PB2|PP755596.1|A/cattle/Texas/24-008749-003/2024(H5N1)	1036	3168
PB2|PP755596.1|A/cattle/Texas/24-008749-003/2024(H5N1)	1037	3170
PB2|PP755596.1|A/cattle/Texas/24-008749-003/2024(H5N1)	1038	3161
PB2|PP755596.1|A/cattle/Texas/24-008749-003/2024(H5N1)	1039	3144
PB2|PP755596.1|A/cattle/Texas/24-008749-003/2024(H5N1)	1040	3149
PB2|PP755596.1|A/cattle/Texas/24-008749-003/2024(H5N1)	1041	3082
PB2|PP755596.1|A/cattle/Texas/24-008749-003/2024(H5N1)	1042	3069
PB2|PP755596.1|A/cattle/Texas/24-008749-003/2024(H5N1)	1043	3088
PB2|PP755596.1|A/cattle/Texas/24-008749-003/2024(H5N1)	1044	3226
PB2|PP755596.1|A/cattle/Texas/24-008749-003/2024(H5N1)	1045	3243
PB2|PP755596.1|A/cattle/Texas/24-008749-003/2024(H5N1)	1046	3252
PB2|PP755596.1|A/cattle/Texas/24-008749-003/2024(H5N1)	1047	3253
PB2|PP755596.1|A/cattle/Texas/24-008749-003/2024(H5N1)	1048	3284
PB2|PP755596.1|A/cattle/Texas/24-008749-003/2024(H5N1)	1049	3283
PB2|PP755596.1|A/cattle/Texas/24-008749-003/2024(H5N1)	1050	3284
PB2|PP755596.1|A/cattle/Texas/24-008749-003/2024(H5N1)	1051	3283
PB2|PP755596.1|A/cattle/Texas/24-008749-003/2024(H5N1)	1052	3253
PB2|PP755596.1|A/cattle/Texas/24-008749-003/2024(H5N1)	1053	3127
PB2|PP755596.1|A/cattle/Texas/24-008749-003/2024(H5N1)	1054	3125
PB2|PP755596.1|A/cattle/Texas/24-008749-003/2024(H5N1)	1055	3122
PB2|PP755596.1|A/cattle/Texas/24-008749-003/2024(H5N1)	1056	3129
PB2|PP755596.1|A/cattle/Texas/24-008749-003/2024(H5N1)	1057	3133
PB2|PP755596.1|A/cattle/Texas/24-008749-003/2024(H5N1)	1058	3164
PB2|PP755596.1|A/cattle/Texas/24-008749-003/2024(H5N1)	1059	3167
PB2|PP755596.1|A/cattle/Texas/24-008749-003/2024(H5N1)	1060	3167
PB2|PP755596.1|A/cattle/Texas/24-008749-003/2024(H5N1)	1061	3166
PB2|PP755596.1|A/cattle/Texas/24-008749-003/2024(H5N1)	1062	3182
PB2|PP755596.1|A/cattle/Texas/24-008749-003/2024(H5N1)	1063	3146
PB2|PP755596.1|A/cattle/Texas/24-008749-003/2024(H5N1)	1064	3186
PB2|PP755596.1|A/cattle/Texas/24-008749-003/2024(H5N1)	1065	3184
PB2|PP755596.1|A/cattle/Texas/24-008749-003/2024(H5N1)	1066	3280
PB2|PP755596.1|A/cattle/Texas/24-008749-003/2024(H5N1)	1067	3275
PB2|PP755596.1|A/cattle/Texas/24-008749-003/2024(H5N1)	1068	3279
PB2|PP755596.1|A/cattle/Texas/24-008749-003/2024(H5N1)	1069	3320
PB2|PP755596.1|A/cattle/Texas/24-008749-003/2024(H5N1)	1070	3309
PB2|PP755596.1|A/cattle/Texas/24-008749-003/2024(H5N1)	1071	3301
PB2|PP755596.1|A/cattle/Texas/24-008749-003/2024(H5N1)	1072	3297
PB2|PP755596.1|A/cattle/Texas/24-008749-003/2024(H5N1)	1073	3288
PB2|PP755596.1|A/cattle/Texas/24-008749-003/2024(H5N1)	1074	3304
PB2|PP755596.1|A/cattle/Texas/24-008749-003/2024(H5N1)	1075	3343
PB2|PP755596.1|A/cattle/Texas/24-008749-003/2024(H5N1)	1076	3474
PB2|PP755596.1|A/cattle/Texas/24-008749-003/2024(H5N1)	1077	3473
PB2|PP755596.1|A/cattle/Texas/24-008749-003/2024(H5N1)	1078	3358
PB2|PP755596.1|A/cattle/Texas/24-008749-003/2024(H5N1)	1079	3399
PB2|PP755596.1|A/cattle/Texas/24-008749-003/2024(H5N1)	1080	3398
PB2|PP755596.1|A/cattle/Texas/24-008749-003/2024(H5N1)	1081	3371
PB2|PP755596.1|A/cattle/Texas/24-008749-003/2024(H5N1)	1082	3396
PB2|PP755596.1|A/cattle/Texas/24-008749-003/2024(H5N1)	1083	3367
PB2|PP755596.1|A/cattle/Texas/24-008749-003/2024(H5N1)	1084	3391
PB2|PP755596.1|A/cattle/Texas/24-008749-003/2024(H5N1)	1085	3138
PB2|PP755596.1|A/cattle/Texas/24-008749-003/2024(H5N1)	1086	3163
PB2|PP755596.1|A/cattle/Texas/24-008749-003/2024(H5N1)	1087	3154
PB2|PP755596.1|A/cattle/Texas/24-008749-003/2024(H5N1)	1088	3267
PB2|PP755596.1|A/cattle/Texas/24-008749-003/2024(H5N1)	1089	3285
PB2|PP755596.1|A/cattle/Texas/24-008749-003/2024(H5N1)	1090	3256
PB2|PP755596.1|A/cattle/Texas/24-008749-003/2024(H5N1)	1091	3234
PB2|PP755596.1|A/cattle/Texas/24-008749-003/2024(H5N1)	1092	3228
PB2|PP755596.1|A/cattle/Texas/24-008749-003/2024(H5N1)	1093	3243
PB2|PP755596.1|A/cattle/Texas/24-008749-003/2024(H5N1)	1094	3225
PB2|PP755596.1|A/cattle/Texas/24-008749-003/2024(H5N1)	1095	3225
PB2|PP755596.1|A/cattle/Texas/24-008749-003/2024(H5N1)	1096	3236
PB2|PP755596.1|A/cattle/Texas/24-008749-003/2024(H5N1)	1097	3161
PB2|PP755596.1|A/cattle/Texas/24-008749-003/2024(H5N1)	1098	3178
PB2|PP755596.1|A/cattle/Texas/24-008749-003/2024(H5N1)	1099	3176
PB2|PP755596.1|A/cattle/Texas/24-008749-003/2024(H5N1)	1100	3182
PB2|PP755596.1|A/cattle/Texas/24-008749-003/2024(H5N1)	1101	3187
PB2|PP755596.1|A/cattle/Texas/24-008749-003/2024(H5N1)	1102	3172
PB2|PP755596.1|A/cattle/Texas/24-008749-003/2024(H5N1)	1103	3184
PB2|PP755596.1|A/cattle/Texas/24-008749-003/2024(H5N1)	1104	3089
PB2|PP755596.1|A/cattle/Texas/24-008749-003/2024(H5N1)	1105	3034
PB2|PP755596.1|A/cattle/Texas/24-008749-003/2024(H5N1)	1106	3056
PB2|PP755596.1|A/cattle/Texas/24-008749-003/2024(H5N1)	1107	3054
PB2|PP755596.1|A/cattle/Texas/24-008749-003/2024(H5N1)	1108	3064
PB2|PP755596.1|A/cattle/Texas/24-008749-003/2024(H5N1)	1109	3113
PB2|PP755596.1|A/cattle/Texas/24-008749-003/2024(H5N1)	1110	3107
PB2|PP755596.1|A/cattle/Texas/24-008749-003/2024(H5N1)	1111	3110
PB2|PP755596.1|A/cattle/Texas/24-008749-003/2024(H5N1)	1112	3126
PB2|PP755596.1|A/cattle/Texas/24-008749-003/2024(H5N1)	1113	3127
PB2|PP755596.1|A/cattle/Texas/24-008749-003/2024(H5N1)	1114	3143
PB2|PP755596.1|A/cattle/Texas/24-008749-003/2024(H5N1)	1115	3089
PB2|PP755596.1|A/cattle/Texas/24-008749-003/2024(H5N1)	1116	3058
PB2|PP755596.1|A/cattle/Texas/24-008749-003/2024(H5N1)	1117	3093
PB2|PP755596.1|A/cattle/Texas/24-008749-003/2024(H5N1)	1118	3104
PB2|PP755596.1|A/cattle/Texas/24-008749-003/2024(H5N1)	1119	3197
PB2|PP755596.1|A/cattle/Texas/24-008749-003/2024(H5N1)	1120	3129
PB2|PP755596.1|A/cattle/Texas/24-008749-003/2024(H5N1)	1121	3091
PB2|PP755596.1|A/cattle/Texas/24-008749-003/2024(H5N1)	1122	3107
PB2|PP755596.1|A/cattle/Texas/24-008749-003/2024(H5N1)	1123	3082
PB2|PP755596.1|A/cattle/Texas/24-008749-003/2024(H5N1)	1124	3096
PB2|PP755596.1|A/cattle/Texas/24-008749-003/2024(H5N1)	1125	3093
PB2|PP755596.1|A/cattle/Texas/24-008749-003/2024(H5N1)	1126	3091
PB2|PP755596.1|A/cattle/Texas/24-008749-003/2024(H5N1)	1127	3084
PB2|PP755596.1|A/cattle/Texas/24-008749-003/2024(H5N1)	1128	3001
PB2|PP755596.1|A/cattle/Texas/24-008749-003/2024(H5N1)	1129	3007
PB2|PP755596.1|A/cattle/Texas/24-008749-003/2024(H5N1)	1130	3004
PB2|PP755596.1|A/cattle/Texas/24-008749-003/2024(H5N1)	1131	2997
PB2|PP755596.1|A/cattle/Texas/24-008749-003/2024(H5N1)	1132	3033
PB2|PP755596.1|A/cattle/Texas/24-008749-003/2024(H5N1)	1133	3123
PB2|PP755596.1|A/cattle/Texas/24-008749-003/2024(H5N1)	1134	3119
PB2|PP755596.1|A/cattle/Texas/24-008749-003/2024(H5N1)	1135	3111
PB2|PP755596.1|A/cattle/Texas/24-008749-003/2024(H5N1)	1136	3112
PB2|PP755596.1|A/cattle/Texas/24-008749-003/2024(H5N1)	1137	3104
PB2|PP755596.1|A/cattle/Texas/24-008749-003/2024(H5N1)	1138	3103
PB2|PP755596.1|A/cattle/Texas/24-008749-003/2024(H5N1)	1139	3138
PB2|PP755596.1|A/cattle/Texas/24-008749-003/2024(H5N1)	1140	3216
PB2|PP755596.1|A/cattle/Texas/24-008749-003/2024(H5N1)	1141	3214
PB2|PP755596.1|A/cattle/Texas/24-008749-003/2024(H5N1)	1142	3123
PB2|PP755596.1|A/cattle/Texas/24-008749-003/2024(H5N1)	1143	3141
PB2|PP755596.1|A/cattle/Texas/24-008749-003/2024(H5N1)	1144	3203
PB2|PP755596.1|A/cattle/Texas/24-008749-003/2024(H5N1)	1145	3207
PB2|PP755596.1|A/cattle/Texas/24-008749-003/2024(H5N1)	1146	3180
PB2|PP755596.1|A/cattle/Texas/24-008749-003/2024(H5N1)	1147	3174
PB2|PP755596.1|A/cattle/Texas/24-008749-003/2024(H5N1)	1148	3272
PB2|PP755596.1|A/cattle/Texas/24-008749-003/2024(H5N1)	1149	3272
PB2|PP755596.1|A/cattle/Texas/24-008749-003/2024(H5N1)	1150	3300
PB2|PP755596.1|A/cattle/Texas/24-008749-003/2024(H5N1)	1151	3311
PB2|PP755596.1|A/cattle/Texas/24-008749-003/2024(H5N1)	1152	3315
PB2|PP755596.1|A/cattle/Texas/24-008749-003/2024(H5N1)	1153	3326
PB2|PP755596.1|A/cattle/Texas/24-008749-003/2024(H5N1)	1154	3336
PB2|PP755596.1|A/cattle/Texas/24-008749-003/2024(H5N1)	1155	3335
PB2|PP755596.1|A/cattle/Texas/24-008749-003/2024(H5N1)	1156	3344
PB2|PP755596.1|A/cattle/Texas/24-008749-003/2024(H5N1)	1157	3272
PB2|PP755596.1|A/cattle/Texas/24-008749-003/2024(H5N1)	1158	3263
PB2|PP755596.1|A/cattle/Texas/24-008749-003/2024(H5N1)	1159	3263
PB2|PP755596.1|A/cattle/Texas/24-008749-003/2024(H5N1)	1160	3303
PB2|PP755596.1|A/cattle/Texas/24-008749-003/2024(H5N1)	1161	3368
PB2|PP755596.1|A/cattle/Texas/24-008749-003/2024(H5N1)	1162	3362
PB2|PP755596.1|A/cattle/Texas/24-008749-003/2024(H5N1)	1163	3338
PB2|PP755596.1|A/cattle/Texas/24-008749-003/2024(H5N1)	1164	3331
PB2|PP755596.1|A/cattle/Texas/24-008749-003/2024(H5N1)	1165	3324
PB2|PP755596.1|A/cattle/Texas/24-008749-003/2024(H5N1)	1166	3360
PB2|PP755596.1|A/cattle/Texas/24-008749-003/2024(H5N1)	1167	3366
PB2|PP755596.1|A/cattle/Texas/24-008749-003/2024(H5N1)	1168	3393
PB2|PP755596.1|A/cattle/Texas/24-008749-003/2024(H5N1)	1169	3404
PB2|PP755596.1|A/cattle/Texas/24-008749-003/2024(H5N1)	1170	3442
PB2|PP755596.1|A/cattle/Texas/24-008749-003/2024(H5N1)	1171	3448
PB2|PP755596.1|A/cattle/Texas/24-008749-003/2024(H5N1)	1172	3449
PB2|PP755596.1|A/cattle/Texas/24-008749-003/2024(H5N1)	1173	3447
PB2|PP755596.1|A/cattle/Texas/24-008749-003/2024(H5N1)	1174	3442
PB2|PP755596.1|A/cattle/Texas/24-008749-003/2024(H5N1)	1175	3411
PB2|PP755596.1|A/cattle/Texas/24-008749-003/2024(H5N1)	1176	3490
PB2|PP755596.1|A/cattle/Texas/24-008749-003/2024(H5N1)	1177	3469
PB2|PP755596.1|A/cattle/Texas/24-008749-003/2024(H5N1)	1178	3477
PB2|PP755596.1|A/cattle/Texas/24-008749-003/2024(H5N1)	1179	3473
PB2|PP755596.1|A/cattle/Texas/24-008749-003/2024(H5N1)	1180	3481
PB2|PP755596.1|A/cattle/Texas/24-008749-003/2024(H5N1)	1181	3468
PB2|PP755596.1|A/cattle/Texas/24-008749-003/2024(H5N1)	1182	3458
PB2|PP755596.1|A/cattle/Texas/24-008749-003/2024(H5N1)	1183	3426
PB2|PP755596.1|A/cattle/Texas/24-008749-003/2024(H5N1)	1184	3430
PB2|PP755596.1|A/cattle/Texas/24-008749-003/2024(H5N1)	1185	3332
PB2|PP755596.1|A/cattle/Texas/24-008749-003/2024(H5N1)	1186	3333
PB2|PP755596.1|A/cattle/Texas/24-008749-003/2024(H5N1)	1187	3324
PB2|PP755596.1|A/cattle/Texas/24-008749-003/2024(H5N1)	1188	3349
PB2|PP755596.1|A/cattle/Texas/24-008749-003/2024(H5N1)	1189	3361
PB2|PP755596.1|A/cattle/Texas/24-008749-003/2024(H5N1)	1190	3414
PB2|PP755596.1|A/cattle/Texas/24-008749-003/2024(H5N1)	1191	3412
PB2|PP755596.1|A/cattle/Texas/24-008749-003/2024(H5N1)	1192	3408
PB2|PP755596.1|A/cattle/Texas/24-008749-003/2024(H5N1)	1193	3408
PB2|PP755596.1|A/cattle/Texas/24-008749-003/2024(H5N1)	1194	3408
PB2|PP755596.1|A/cattle/Texas/24-008749-003/2024(H5N1)	1195	3317
PB2|PP755596.1|A/cattle/Texas/24-008749-003/2024(H5N1)	1196	3304
PB2|PP755596.1|A/cattle/Texas/24-008749-003/2024(H5N1)	1197	3270
PB2|PP755596.1|A/cattle/Texas/24-008749-003/2024(H5N1)	1198	3266
PB2|PP755596.1|A/cattle/Texas/24-008749-003/2024(H5N1)	1199	3216
PB2|PP755596.1|A/cattle/Texas/24-008749-003/2024(H5N1)	1200	3221
PB2|PP755596.1|A/cattle/Texas/24-008749-003/2024(H5N1)	1201	3235
PB2|PP755596.1|A/cattle/Texas/24-008749-003/2024(H5N1)	1202	3249
PB2|PP755596.1|A/cattle/Texas/24-008749-003/2024(H5N1)	1203	3247
PB2|PP755596.1|A/cattle/Texas/24-008749-003/2024(H5N1)	1204	3249
PB2|PP755596.1|A/cattle/Texas/24-008749-003/2024(H5N1)	1205	3258
PB2|PP755596.1|A/cattle/Texas/24-008749-003/2024(H5N1)	1206	3281
PB2|PP755596.1|A/cattle/Texas/24-008749-003/2024(H5N1)	1207	3279
PB2|PP755596.1|A/cattle/Texas/24-008749-003/2024(H5N1)	1208	3331
PB2|PP755596.1|A/cattle/Texas/24-008749-003/2024(H5N1)	1209	3354
PB2|PP755596.1|A/cattle/Texas/24-008749-003/2024(H5N1)	1210	3338
PB2|PP755596.1|A/cattle/Texas/24-008749-003/2024(H5N1)	1211	3400
PB2|PP755596.1|A/cattle/Texas/24-008749-003/2024(H5N1)	1212	3394
PB2|PP755596.1|A/cattle/Texas/24-008749-003/2024(H5N1)	1213	3363
PB2|PP755596.1|A/cattle/Texas/24-008749-003/2024(H5N1)	1214	3415
PB2|PP755596.1|A/cattle/Texas/24-008749-003/2024(H5N1)	1215	3427
PB2|PP755596.1|A/cattle/Texas/24-008749-003/2024(H5N1)	1216	3502
PB2|PP755596.1|A/cattle/Texas/24-008749-003/2024(H5N1)	1217	3502
PB2|PP755596.1|A/cattle/Texas/24-008749-003/2024(H5N1)	1218	3483
PB2|PP755596.1|A/cattle/Texas/24-008749-003/2024(H5N1)	1219	3481
PB2|PP755596.1|A/cattle/Texas/24-008749-003/2024(H5N1)	1220	3362
PB2|PP755596.1|A/cattle/Texas/24-008749-003/2024(H5N1)	1221	3389
PB2|PP755596.1|A/cattle/Texas/24-008749-003/2024(H5N1)	1222	3406
PB2|PP755596.1|A/cattle/Texas/24-008749-003/2024(H5N1)	1223	3337
PB2|PP755596.1|A/cattle/Texas/24-008749-003/2024(H5N1)	1224	3172
PB2|PP755596.1|A/cattle/Texas/24-008749-003/2024(H5N1)	1225	3036
PB2|PP755596.1|A/cattle/Texas/24-008749-003/2024(H5N1)	1226	3069
PB2|PP755596.1|A/cattle/Texas/24-008749-003/2024(H5N1)	1227	3088
PB2|PP755596.1|A/cattle/Texas/24-008749-003/2024(H5N1)	1228	3093
PB2|PP755596.1|A/cattle/Texas/24-008749-003/2024(H5N1)	1229	3118
PB2|PP755596.1|A/cattle/Texas/24-008749-003/2024(H5N1)	1230	3188
PB2|PP755596.1|A/cattle/Texas/24-008749-003/2024(H5N1)	1231	3191
PB2|PP755596.1|A/cattle/Texas/24-008749-003/2024(H5N1)	1232	3178
PB2|PP755596.1|A/cattle/Texas/24-008749-003/2024(H5N1)	1233	3136
PB2|PP755596.1|A/cattle/Texas/24-008749-003/2024(H5N1)	1234	3134
PB2|PP755596.1|A/cattle/Texas/24-008749-003/2024(H5N1)	1235	3090
PB2|PP755596.1|A/cattle/Texas/24-008749-003/2024(H5N1)	1236	3091
PB2|PP755596.1|A/cattle/Texas/24-008749-003/2024(H5N1)	1237	3061
PB2|PP755596.1|A/cattle/Texas/24-008749-003/2024(H5N1)	1238	3040
PB2|PP755596.1|A/cattle/Texas/24-008749-003/2024(H5N1)	1239	2913
PB2|PP755596.1|A/cattle/Texas/24-008749-003/2024(H5N1)	1240	3002
PB2|PP755596.1|A/cattle/Texas/24-008749-003/2024(H5N1)	1241	3049
PB2|PP755596.1|A/cattle/Texas/24-008749-003/2024(H5N1)	1242	3033
PB2|PP755596.1|A/cattle/Texas/24-008749-003/2024(H5N1)	1243	3044
PB2|PP755596.1|A/cattle/Texas/24-008749-003/2024(H5N1)	1244	3028
PB2|PP755596.1|A/cattle/Texas/24-008749-003/2024(H5N1)	1245	3068
PB2|PP755596.1|A/cattle/Texas/24-008749-003/2024(H5N1)	1246	3038
PB2|PP755596.1|A/cattle/Texas/24-008749-003/2024(H5N1)	1247	3009
PB2|PP755596.1|A/cattle/Texas/24-008749-003/2024(H5N1)	1248	3007
PB2|PP755596.1|A/cattle/Texas/24-008749-003/2024(H5N1)	1249	3089
PB2|PP755596.1|A/cattle/Texas/24-008749-003/2024(H5N1)	1250	3153
PB2|PP755596.1|A/cattle/Texas/24-008749-003/2024(H5N1)	1251	3133
PB2|PP755596.1|A/cattle/Texas/24-008749-003/2024(H5N1)	1252	3116
PB2|PP755596.1|A/cattle/Texas/24-008749-003/2024(H5N1)	1253	3115
PB2|PP755596.1|A/cattle/Texas/24-008749-003/2024(H5N1)	1254	3128
PB2|PP755596.1|A/cattle/Texas/24-008749-003/2024(H5N1)	1255	3175
PB2|PP755596.1|A/cattle/Texas/24-008749-003/2024(H5N1)	1256	3181
PB2|PP755596.1|A/cattle/Texas/24-008749-003/2024(H5N1)	1257	3162
PB2|PP755596.1|A/cattle/Texas/24-008749-003/2024(H5N1)	1258	3061
PB2|PP755596.1|A/cattle/Texas/24-008749-003/2024(H5N1)	1259	3069
PB2|PP755596.1|A/cattle/Texas/24-008749-003/2024(H5N1)	1260	3105
PB2|PP755596.1|A/cattle/Texas/24-008749-003/2024(H5N1)	1261	3111
PB2|PP755596.1|A/cattle/Texas/24-008749-003/2024(H5N1)	1262	3156
PB2|PP755596.1|A/cattle/Texas/24-008749-003/2024(H5N1)	1263	3141
PB2|PP755596.1|A/cattle/Texas/24-008749-003/2024(H5N1)	1264	3157
PB2|PP755596.1|A/cattle/Texas/24-008749-003/2024(H5N1)	1265	3147
PB2|PP755596.1|A/cattle/Texas/24-008749-003/2024(H5N1)	1266	3146
PB2|PP755596.1|A/cattle/Texas/24-008749-003/2024(H5N1)	1267	3133
PB2|PP755596.1|A/cattle/Texas/24-008749-003/2024(H5N1)	1268	3147
PB2|PP755596.1|A/cattle/Texas/24-008749-003/2024(H5N1)	1269	3235
PB2|PP755596.1|A/cattle/Texas/24-008749-003/2024(H5N1)	1270	3199
PB2|PP755596.1|A/cattle/Texas/24-008749-003/2024(H5N1)	1271	3194
PB2|PP755596.1|A/cattle/Texas/24-008749-003/2024(H5N1)	1272	3180
PB2|PP755596.1|A/cattle/Texas/24-008749-003/2024(H5N1)	1273	3202
PB2|PP755596.1|A/cattle/Texas/24-008749-003/2024(H5N1)	1274	3210
PB2|PP755596.1|A/cattle/Texas/24-008749-003/2024(H5N1)	1275	3223
PB2|PP755596.1|A/cattle/Texas/24-008749-003/2024(H5N1)	1276	3221
PB2|PP755596.1|A/cattle/Texas/24-008749-003/2024(H5N1)	1277	3176
PB2|PP755596.1|A/cattle/Texas/24-008749-003/2024(H5N1)	1278	3177
PB2|PP755596.1|A/cattle/Texas/24-008749-003/2024(H5N1)	1279	3196
PB2|PP755596.1|A/cattle/Texas/24-008749-003/2024(H5N1)	1280	3198
PB2|PP755596.1|A/cattle/Texas/24-008749-003/2024(H5N1)	1281	3325
PB2|PP755596.1|A/cattle/Texas/24-008749-003/2024(H5N1)	1282	3253
PB2|PP755596.1|A/cattle/Texas/24-008749-003/2024(H5N1)	1283	3216
PB2|PP755596.1|A/cattle/Texas/24-008749-003/2024(H5N1)	1284	3245
PB2|PP755596.1|A/cattle/Texas/24-008749-003/2024(H5N1)	1285	3252
PB2|PP755596.1|A/cattle/Texas/24-008749-003/2024(H5N1)	1286	3362
PB2|PP755596.1|A/cattle/Texas/24-008749-003/2024(H5N1)	1287	3366
PB2|PP755596.1|A/cattle/Texas/24-008749-003/2024(H5N1)	1288	3517
PB2|PP755596.1|A/cattle/Texas/24-008749-003/2024(H5N1)	1289	3520
PB2|PP755596.1|A/cattle/Texas/24-008749-003/2024(H5N1)	1290	3423
PB2|PP755596.1|A/cattle/Texas/24-008749-003/2024(H5N1)	1291	3438
PB2|PP755596.1|A/cattle/Texas/24-008749-003/2024(H5N1)	1292	3448
PB2|PP755596.1|A/cattle/Texas/24-008749-003/2024(H5N1)	1293	3450
PB2|PP755596.1|A/cattle/Texas/24-008749-003/2024(H5N1)	1294	3489
PB2|PP755596.1|A/cattle/Texas/24-008749-003/2024(H5N1)	1295	3412
PB2|PP755596.1|A/cattle/Texas/24-008749-003/2024(H5N1)	1296	3406
PB2|PP755596.1|A/cattle/Texas/24-008749-003/2024(H5N1)	1297	3411
PB2|PP755596.1|A/cattle/Texas/24-008749-003/2024(H5N1)	1298	3382
PB2|PP755596.1|A/cattle/Texas/24-008749-003/2024(H5N1)	1299	3374
PB2|PP755596.1|A/cattle/Texas/24-008749-003/2024(H5N1)	1300	3363
PB2|PP755596.1|A/cattle/Texas/24-008749-003/2024(H5N1)	1301	3385
PB2|PP755596.1|A/cattle/Texas/24-008749-003/2024(H5N1)	1302	3418
PB2|PP755596.1|A/cattle/Texas/24-008749-003/2024(H5N1)	1303	3408
PB2|PP755596.1|A/cattle/Texas/24-008749-003/2024(H5N1)	1304	3436
PB2|PP755596.1|A/cattle/Texas/24-008749-003/2024(H5N1)	1305	3429
PB2|PP755596.1|A/cattle/Texas/24-008749-003/2024(H5N1)	1306	3429
PB2|PP755596.1|A/cattle/Texas/24-008749-003/2024(H5N1)	1307	3424
PB2|PP755596.1|A/cattle/Texas/24-008749-003/2024(H5N1)	1308	3361
PB2|PP755596.1|A/cattle/Texas/24-008749-003/2024(H5N1)	1309	3373
PB2|PP755596.1|A/cattle/Texas/24-008749-003/2024(H5N1)	1310	3350
PB2|PP755596.1|A/cattle/Texas/24-008749-003/2024(H5N1)	1311	3396
PB2|PP755596.1|A/cattle/Texas/24-008749-003/2024(H5N1)	1312	3385
PB2|PP755596.1|A/cattle/Texas/24-008749-003/2024(H5N1)	1313	3406
PB2|PP755596.1|A/cattle/Texas/24-008749-003/2024(H5N1)	1314	3473
PB2|PP755596.1|A/cattle/Texas/24-008749-003/2024(H5N1)	1315	3474
PB2|PP755596.1|A/cattle/Texas/24-008749-003/2024(H5N1)	1316	3472
PB2|PP755596.1|A/cattle/Texas/24-008749-003/2024(H5N1)	1317	3473
PB2|PP755596.1|A/cattle/Texas/24-008749-003/2024(H5N1)	1318	3462
PB2|PP755596.1|A/cattle/Texas/24-008749-003/2024(H5N1)	1319	3441
PB2|PP755596.1|A/cattle/Texas/24-008749-003/2024(H5N1)	1320	3417
PB2|PP755596.1|A/cattle/Texas/24-008749-003/2024(H5N1)	1321	3336
PB2|PP755596.1|A/cattle/Texas/24-008749-003/2024(H5N1)	1322	3786
PB2|PP755596.1|A/cattle/Texas/24-008749-003/2024(H5N1)	1323	3782
PB2|PP755596.1|A/cattle/Texas/24-008749-003/2024(H5N1)	1324	3780
PB2|PP755596.1|A/cattle/Texas/24-008749-003/2024(H5N1)	1325	3828
PB2|PP755596.1|A/cattle/Texas/24-008749-003/2024(H5N1)	1326	3828
PB2|PP755596.1|A/cattle/Texas/24-008749-003/2024(H5N1)	1327	3839
PB2|PP755596.1|A/cattle/Texas/24-008749-003/2024(H5N1)	1328	3841
PB2|PP755596.1|A/cattle/Texas/24-008749-003/2024(H5N1)	1329	3826
PB2|PP755596.1|A/cattle/Texas/24-008749-003/2024(H5N1)	1330	3828
PB2|PP755596.1|A/cattle/Texas/24-008749-003/2024(H5N1)	1331	3805
PB2|PP755596.1|A/cattle/Texas/24-008749-003/2024(H5N1)	1332	3810
PB2|PP755596.1|A/cattle/Texas/24-008749-003/2024(H5N1)	1333	3825
PB2|PP755596.1|A/cattle/Texas/24-008749-003/2024(H5N1)	1334	3810
PB2|PP755596.1|A/cattle/Texas/24-008749-003/2024(H5N1)	1335	3815
PB2|PP755596.1|A/cattle/Texas/24-008749-003/2024(H5N1)	1336	3892
PB2|PP755596.1|A/cattle/Texas/24-008749-003/2024(H5N1)	1337	3895
PB2|PP755596.1|A/cattle/Texas/24-008749-003/2024(H5N1)	1338	3876
PB2|PP755596.1|A/cattle/Texas/24-008749-003/2024(H5N1)	1339	3872
PB2|PP755596.1|A/cattle/Texas/24-008749-003/2024(H5N1)	1340	3870
PB2|PP755596.1|A/cattle/Texas/24-008749-003/2024(H5N1)	1341	3903
PB2|PP755596.1|A/cattle/Texas/24-008749-003/2024(H5N1)	1342	3903
PB2|PP755596.1|A/cattle/Texas/24-008749-003/2024(H5N1)	1343	3939
PB2|PP755596.1|A/cattle/Texas/24-008749-003/2024(H5N1)	1344	3945
PB2|PP755596.1|A/cattle/Texas/24-008749-003/2024(H5N1)	1345	3933
PB2|PP755596.1|A/cattle/Texas/24-008749-003/2024(H5N1)	1346	3927
PB2|PP755596.1|A/cattle/Texas/24-008749-003/2024(H5N1)	1347	3928
PB2|PP755596.1|A/cattle/Texas/24-008749-003/2024(H5N1)	1348	3930
PB2|PP755596.1|A/cattle/Texas/24-008749-003/2024(H5N1)	1349	3988
PB2|PP755596.1|A/cattle/Texas/24-008749-003/2024(H5N1)	1350	3985
PB2|PP755596.1|A/cattle/Texas/24-008749-003/2024(H5N1)	1351	4021
PB2|PP755596.1|A/cattle/Texas/24-008749-003/2024(H5N1)	1352	3977
PB2|PP755596.1|A/cattle/Texas/24-008749-003/2024(H5N1)	1353	3959
PB2|PP755596.1|A/cattle/Texas/24-008749-003/2024(H5N1)	1354	3960
PB2|PP755596.1|A/cattle/Texas/24-008749-003/2024(H5N1)	1355	3952
PB2|PP755596.1|A/cattle/Texas/24-008749-003/2024(H5N1)	1356	3962
PB2|PP755596.1|A/cattle/Texas/24-008749-003/2024(H5N1)	1357	3981
PB2|PP755596.1|A/cattle/Texas/24-008749-003/2024(H5N1)	1358	3930
PB2|PP755596.1|A/cattle/Texas/24-008749-003/2024(H5N1)	1359	3920
PB2|PP755596.1|A/cattle/Texas/24-008749-003/2024(H5N1)	1360	3891
PB2|PP755596.1|A/cattle/Texas/24-008749-003/2024(H5N1)	1361	3899
PB2|PP755596.1|A/cattle/Texas/24-008749-003/2024(H5N1)	1362	3842
PB2|PP755596.1|A/cattle/Texas/24-008749-003/2024(H5N1)	1363	3845
PB2|PP755596.1|A/cattle/Texas/24-008749-003/2024(H5N1)	1364	3844
PB2|PP755596.1|A/cattle/Texas/24-008749-003/2024(H5N1)	1365	3783
PB2|PP755596.1|A/cattle/Texas/24-008749-003/2024(H5N1)	1366	3737
PB2|PP755596.1|A/cattle/Texas/24-008749-003/2024(H5N1)	1367	3630
PB2|PP755596.1|A/cattle/Texas/24-008749-003/2024(H5N1)	1368	3638
PB2|PP755596.1|A/cattle/Texas/24-008749-003/2024(H5N1)	1369	3677
PB2|PP755596.1|A/cattle/Texas/24-008749-003/2024(H5N1)	1370	3656
PB2|PP755596.1|A/cattle/Texas/24-008749-003/2024(H5N1)	1371	3663
PB2|PP755596.1|A/cattle/Texas/24-008749-003/2024(H5N1)	1372	3627
PB2|PP755596.1|A/cattle/Texas/24-008749-003/2024(H5N1)	1373	3629
PB2|PP755596.1|A/cattle/Texas/24-008749-003/2024(H5N1)	1374	3625
PB2|PP755596.1|A/cattle/Texas/24-008749-003/2024(H5N1)	1375	3577
PB2|PP755596.1|A/cattle/Texas/24-008749-003/2024(H5N1)	1376	3567
PB2|PP755596.1|A/cattle/Texas/24-008749-003/2024(H5N1)	1377	3528
PB2|PP755596.1|A/cattle/Texas/24-008749-003/2024(H5N1)	1378	3517
PB2|PP755596.1|A/cattle/Texas/24-008749-003/2024(H5N1)	1379	3514
PB2|PP755596.1|A/cattle/Texas/24-008749-003/2024(H5N1)	1380	3529
PB2|PP755596.1|A/cattle/Texas/24-008749-003/2024(H5N1)	1381	3449
PB2|PP755596.1|A/cattle/Texas/24-008749-003/2024(H5N1)	1382	3459
PB2|PP755596.1|A/cattle/Texas/24-008749-003/2024(H5N1)	1383	3452
PB2|PP755596.1|A/cattle/Texas/24-008749-003/2024(H5N1)	1384	3447
PB2|PP755596.1|A/cattle/Texas/24-008749-003/2024(H5N1)	1385	3510
PB2|PP755596.1|A/cattle/Texas/24-008749-003/2024(H5N1)	1386	3493
PB2|PP755596.1|A/cattle/Texas/24-008749-003/2024(H5N1)	1387	3573
PB2|PP755596.1|A/cattle/Texas/24-008749-003/2024(H5N1)	1388	3570
PB2|PP755596.1|A/cattle/Texas/24-008749-003/2024(H5N1)	1389	3649
PB2|PP755596.1|A/cattle/Texas/24-008749-003/2024(H5N1)	1390	3642
PB2|PP755596.1|A/cattle/Texas/24-008749-003/2024(H5N1)	1391	3579
PB2|PP755596.1|A/cattle/Texas/24-008749-003/2024(H5N1)	1392	3626
PB2|PP755596.1|A/cattle/Texas/24-008749-003/2024(H5N1)	1393	3631
PB2|PP755596.1|A/cattle/Texas/24-008749-003/2024(H5N1)	1394	3620
PB2|PP755596.1|A/cattle/Texas/24-008749-003/2024(H5N1)	1395	3565
PB2|PP755596.1|A/cattle/Texas/24-008749-003/2024(H5N1)	1396	3573
PB2|PP755596.1|A/cattle/Texas/24-008749-003/2024(H5N1)	1397	3614
PB2|PP755596.1|A/cattle/Texas/24-008749-003/2024(H5N1)	1398	3613
PB2|PP755596.1|A/cattle/Texas/24-008749-003/2024(H5N1)	1399	3619
PB2|PP755596.1|A/cattle/Texas/24-008749-003/2024(H5N1)	1400	3511
PB2|PP755596.1|A/cattle/Texas/24-008749-003/2024(H5N1)	1401	3461
PB2|PP755596.1|A/cattle/Texas/24-008749-003/2024(H5N1)	1402	3494
PB2|PP755596.1|A/cattle/Texas/24-008749-003/2024(H5N1)	1403	3509
PB2|PP755596.1|A/cattle/Texas/24-008749-003/2024(H5N1)	1404	3525
PB2|PP755596.1|A/cattle/Texas/24-008749-003/2024(H5N1)	1405	3498
PB2|PP755596.1|A/cattle/Texas/24-008749-003/2024(H5N1)	1406	3463
PB2|PP755596.1|A/cattle/Texas/24-008749-003/2024(H5N1)	1407	3468
PB2|PP755596.1|A/cattle/Texas/24-008749-003/2024(H5N1)	1408	3462
PB2|PP755596.1|A/cattle/Texas/24-008749-003/2024(H5N1)	1409	3568
PB2|PP755596.1|A/cattle/Texas/24-008749-003/2024(H5N1)	1410	3566
PB2|PP755596.1|A/cattle/Texas/24-008749-003/2024(H5N1)	1411	3548
PB2|PP755596.1|A/cattle/Texas/24-008749-003/2024(H5N1)	1412	3532
PB2|PP755596.1|A/cattle/Texas/24-008749-003/2024(H5N1)	1413	3467
PB2|PP755596.1|A/cattle/Texas/24-008749-003/2024(H5N1)	1414	3478
PB2|PP755596.1|A/cattle/Texas/24-008749-003/2024(H5N1)	1415	3452
PB2|PP755596.1|A/cattle/Texas/24-008749-003/2024(H5N1)	1416	3455
PB2|PP755596.1|A/cattle/Texas/24-008749-003/2024(H5N1)	1417	3469
PB2|PP755596.1|A/cattle/Texas/24-008749-003/2024(H5N1)	1418	3312
PB2|PP755596.1|A/cattle/Texas/24-008749-003/2024(H5N1)	1419	3284
PB2|PP755596.1|A/cattle/Texas/24-008749-003/2024(H5N1)	1420	3292
PB2|PP755596.1|A/cattle/Texas/24-008749-003/2024(H5N1)	1421	3301
PB2|PP755596.1|A/cattle/Texas/24-008749-003/2024(H5N1)	1422	3303
PB2|PP755596.1|A/cattle/Texas/24-008749-003/2024(H5N1)	1423	3293
PB2|PP755596.1|A/cattle/Texas/24-008749-003/2024(H5N1)	1424	3256
PB2|PP755596.1|A/cattle/Texas/24-008749-003/2024(H5N1)	1425	3261
PB2|PP755596.1|A/cattle/Texas/24-008749-003/2024(H5N1)	1426	3234
PB2|PP755596.1|A/cattle/Texas/24-008749-003/2024(H5N1)	1427	3263
PB2|PP755596.1|A/cattle/Texas/24-008749-003/2024(H5N1)	1428	3339
PB2|PP755596.1|A/cattle/Texas/24-008749-003/2024(H5N1)	1429	3314
PB2|PP755596.1|A/cattle/Texas/24-008749-003/2024(H5N1)	1430	3529
PB2|PP755596.1|A/cattle/Texas/24-008749-003/2024(H5N1)	1431	3528
PB2|PP755596.1|A/cattle/Texas/24-008749-003/2024(H5N1)	1432	3446
PB2|PP755596.1|A/cattle/Texas/24-008749-003/2024(H5N1)	1433	3447
PB2|PP755596.1|A/cattle/Texas/24-008749-003/2024(H5N1)	1434	3443
PB2|PP755596.1|A/cattle/Texas/24-008749-003/2024(H5N1)	1435	3418
PB2|PP755596.1|A/cattle/Texas/24-008749-003/2024(H5N1)	1436	3427
PB2|PP755596.1|A/cattle/Texas/24-008749-003/2024(H5N1)	1437	3340
PB2|PP755596.1|A/cattle/Texas/24-008749-003/2024(H5N1)	1438	3340
PB2|PP755596.1|A/cattle/Texas/24-008749-003/2024(H5N1)	1439	3130
PB2|PP755596.1|A/cattle/Texas/24-008749-003/2024(H5N1)	1440	3132
PB2|PP755596.1|A/cattle/Texas/24-008749-003/2024(H5N1)	1441	3132
PB2|PP755596.1|A/cattle/Texas/24-008749-003/2024(H5N1)	1442	3137
PB2|PP755596.1|A/cattle/Texas/24-008749-003/2024(H5N1)	1443	3146
PB2|PP755596.1|A/cattle/Texas/24-008749-003/2024(H5N1)	1444	3136
PB2|PP755596.1|A/cattle/Texas/24-008749-003/2024(H5N1)	1445	3096
PB2|PP755596.1|A/cattle/Texas/24-008749-003/2024(H5N1)	1446	3127
PB2|PP755596.1|A/cattle/Texas/24-008749-003/2024(H5N1)	1447	3164
PB2|PP755596.1|A/cattle/Texas/24-008749-003/2024(H5N1)	1448	3163
PB2|PP755596.1|A/cattle/Texas/24-008749-003/2024(H5N1)	1449	3149
PB2|PP755596.1|A/cattle/Texas/24-008749-003/2024(H5N1)	1450	3090
PB2|PP755596.1|A/cattle/Texas/24-008749-003/2024(H5N1)	1451	3123
PB2|PP755596.1|A/cattle/Texas/24-008749-003/2024(H5N1)	1452	3098
PB2|PP755596.1|A/cattle/Texas/24-008749-003/2024(H5N1)	1453	3040
PB2|PP755596.1|A/cattle/Texas/24-008749-003/2024(H5N1)	1454	3041
PB2|PP755596.1|A/cattle/Texas/24-008749-003/2024(H5N1)	1455	3013
PB2|PP755596.1|A/cattle/Texas/24-008749-003/2024(H5N1)	1456	3064
PB2|PP755596.1|A/cattle/Texas/24-008749-003/2024(H5N1)	1457	3068
PB2|PP755596.1|A/cattle/Texas/24-008749-003/2024(H5N1)	1458	3087
PB2|PP755596.1|A/cattle/Texas/24-008749-003/2024(H5N1)	1459	3115
PB2|PP755596.1|A/cattle/Texas/24-008749-003/2024(H5N1)	1460	3080
PB2|PP755596.1|A/cattle/Texas/24-008749-003/2024(H5N1)	1461	3088
PB2|PP755596.1|A/cattle/Texas/24-008749-003/2024(H5N1)	1462	3027
PB2|PP755596.1|A/cattle/Texas/24-008749-003/2024(H5N1)	1463	3024
PB2|PP755596.1|A/cattle/Texas/24-008749-003/2024(H5N1)	1464	3509
PB2|PP755596.1|A/cattle/Texas/24-008749-003/2024(H5N1)	1465	3438
PB2|PP755596.1|A/cattle/Texas/24-008749-003/2024(H5N1)	1466	3512
PB2|PP755596.1|A/cattle/Texas/24-008749-003/2024(H5N1)	1467	3511
PB2|PP755596.1|A/cattle/Texas/24-008749-003/2024(H5N1)	1468	3488
PB2|PP755596.1|A/cattle/Texas/24-008749-003/2024(H5N1)	1469	3556
PB2|PP755596.1|A/cattle/Texas/24-008749-003/2024(H5N1)	1470	3565
PB2|PP755596.1|A/cattle/Texas/24-008749-003/2024(H5N1)	1471	3557
PB2|PP755596.1|A/cattle/Texas/24-008749-003/2024(H5N1)	1472	3532
PB2|PP755596.1|A/cattle/Texas/24-008749-003/2024(H5N1)	1473	2999
PB2|PP755596.1|A/cattle/Texas/24-008749-003/2024(H5N1)	1474	3015
PB2|PP755596.1|A/cattle/Texas/24-008749-003/2024(H5N1)	1475	3014
PB2|PP755596.1|A/cattle/Texas/24-008749-003/2024(H5N1)	1476	3011
PB2|PP755596.1|A/cattle/Texas/24-008749-003/2024(H5N1)	1477	3032
PB2|PP755596.1|A/cattle/Texas/24-008749-003/2024(H5N1)	1478	3025
PB2|PP755596.1|A/cattle/Texas/24-008749-003/2024(H5N1)	1479	3031
PB2|PP755596.1|A/cattle/Texas/24-008749-003/2024(H5N1)	1480	3046
PB2|PP755596.1|A/cattle/Texas/24-008749-003/2024(H5N1)	1481	3092
PB2|PP755596.1|A/cattle/Texas/24-008749-003/2024(H5N1)	1482	3096
PB2|PP755596.1|A/cattle/Texas/24-008749-003/2024(H5N1)	1483	3181
PB2|PP755596.1|A/cattle/Texas/24-008749-003/2024(H5N1)	1484	3170
PB2|PP755596.1|A/cattle/Texas/24-008749-003/2024(H5N1)	1485	3221
PB2|PP755596.1|A/cattle/Texas/24-008749-003/2024(H5N1)	1486	3221
PB2|PP755596.1|A/cattle/Texas/24-008749-003/2024(H5N1)	1487	3199
PB2|PP755596.1|A/cattle/Texas/24-008749-003/2024(H5N1)	1488	3194
PB2|PP755596.1|A/cattle/Texas/24-008749-003/2024(H5N1)	1489	3187
PB2|PP755596.1|A/cattle/Texas/24-008749-003/2024(H5N1)	1490	3189
PB2|PP755596.1|A/cattle/Texas/24-008749-003/2024(H5N1)	1491	3300
PB2|PP755596.1|A/cattle/Texas/24-008749-003/2024(H5N1)	1492	3194
PB2|PP755596.1|A/cattle/Texas/24-008749-003/2024(H5N1)	1493	3194
PB2|PP755596.1|A/cattle/Texas/24-008749-003/2024(H5N1)	1494	3149
PB2|PP755596.1|A/cattle/Texas/24-008749-003/2024(H5N1)	1495	3152
PB2|PP755596.1|A/cattle/Texas/24-008749-003/2024(H5N1)	1496	3333
PB2|PP755596.1|A/cattle/Texas/24-008749-003/2024(H5N1)	1497	3325
PB2|PP755596.1|A/cattle/Texas/24-008749-003/2024(H5N1)	1498	3322
PB2|PP755596.1|A/cattle/Texas/24-008749-003/2024(H5N1)	1499	3319
PB2|PP755596.1|A/cattle/Texas/24-008749-003/2024(H5N1)	1500	3336
PB2|PP755596.1|A/cattle/Texas/24-008749-003/2024(H5N1)	1501	3481
PB2|PP755596.1|A/cattle/Texas/24-008749-003/2024(H5N1)	1502	3470
PB2|PP755596.1|A/cattle/Texas/24-008749-003/2024(H5N1)	1503	3503
PB2|PP755596.1|A/cattle/Texas/24-008749-003/2024(H5N1)	1504	3505
PB2|PP755596.1|A/cattle/Texas/24-008749-003/2024(H5N1)	1505	3502
PB2|PP755596.1|A/cattle/Texas/24-008749-003/2024(H5N1)	1506	3506
PB2|PP755596.1|A/cattle/Texas/24-008749-003/2024(H5N1)	1507	3493
PB2|PP755596.1|A/cattle/Texas/24-008749-003/2024(H5N1)	1508	3469
PB2|PP755596.1|A/cattle/Texas/24-008749-003/2024(H5N1)	1509	3451
PB2|PP755596.1|A/cattle/Texas/24-008749-003/2024(H5N1)	1510	3483
PB2|PP755596.1|A/cattle/Texas/24-008749-003/2024(H5N1)	1511	3493
PB2|PP755596.1|A/cattle/Texas/24-008749-003/2024(H5N1)	1512	3500
PB2|PP755596.1|A/cattle/Texas/24-008749-003/2024(H5N1)	1513	3494
PB2|PP755596.1|A/cattle/Texas/24-008749-003/2024(H5N1)	1514	3494
PB2|PP755596.1|A/cattle/Texas/24-008749-003/2024(H5N1)	1515	3501
PB2|PP755596.1|A/cattle/Texas/24-008749-003/2024(H5N1)	1516	3504
PB2|PP755596.1|A/cattle/Texas/24-008749-003/2024(H5N1)	1517	3508
PB2|PP755596.1|A/cattle/Texas/24-008749-003/2024(H5N1)	1518	3521
PB2|PP755596.1|A/cattle/Texas/24-008749-003/2024(H5N1)	1519	3500
PB2|PP755596.1|A/cattle/Texas/24-008749-003/2024(H5N1)	1520	3498
PB2|PP755596.1|A/cattle/Texas/24-008749-003/2024(H5N1)	1521	3505
PB2|PP755596.1|A/cattle/Texas/24-008749-003/2024(H5N1)	1522	3503
PB2|PP755596.1|A/cattle/Texas/24-008749-003/2024(H5N1)	1523	3506
PB2|PP755596.1|A/cattle/Texas/24-008749-003/2024(H5N1)	1524	3519
PB2|PP755596.1|A/cattle/Texas/24-008749-003/2024(H5N1)	1525	3511
PB2|PP755596.1|A/cattle/Texas/24-008749-003/2024(H5N1)	1526	3513
PB2|PP755596.1|A/cattle/Texas/24-008749-003/2024(H5N1)	1527	3546
PB2|PP755596.1|A/cattle/Texas/24-008749-003/2024(H5N1)	1528	3527
PB2|PP755596.1|A/cattle/Texas/24-008749-003/2024(H5N1)	1529	3694
PB2|PP755596.1|A/cattle/Texas/24-008749-003/2024(H5N1)	1530	3657
PB2|PP755596.1|A/cattle/Texas/24-008749-003/2024(H5N1)	1531	3861
PB2|PP755596.1|A/cattle/Texas/24-008749-003/2024(H5N1)	1532	3868
PB2|PP755596.1|A/cattle/Texas/24-008749-003/2024(H5N1)	1533	3843
PB2|PP755596.1|A/cattle/Texas/24-008749-003/2024(H5N1)	1534	3832
PB2|PP755596.1|A/cattle/Texas/24-008749-003/2024(H5N1)	1535	3827
PB2|PP755596.1|A/cattle/Texas/24-008749-003/2024(H5N1)	1536	3878
PB2|PP755596.1|A/cattle/Texas/24-008749-003/2024(H5N1)	1537	3876
PB2|PP755596.1|A/cattle/Texas/24-008749-003/2024(H5N1)	1538	3761
PB2|PP755596.1|A/cattle/Texas/24-008749-003/2024(H5N1)	1539	3761
PB2|PP755596.1|A/cattle/Texas/24-008749-003/2024(H5N1)	1540	3574
PB2|PP755596.1|A/cattle/Texas/24-008749-003/2024(H5N1)	1541	3578
PB2|PP755596.1|A/cattle/Texas/24-008749-003/2024(H5N1)	1542	3586
PB2|PP755596.1|A/cattle/Texas/24-008749-003/2024(H5N1)	1543	3557
PB2|PP755596.1|A/cattle/Texas/24-008749-003/2024(H5N1)	1544	3559
PB2|PP755596.1|A/cattle/Texas/24-008749-003/2024(H5N1)	1545	3523
PB2|PP755596.1|A/cattle/Texas/24-008749-003/2024(H5N1)	1546	3535
PB2|PP755596.1|A/cattle/Texas/24-008749-003/2024(H5N1)	1547	3532
PB2|PP755596.1|A/cattle/Texas/24-008749-003/2024(H5N1)	1548	3495
PB2|PP755596.1|A/cattle/Texas/24-008749-003/2024(H5N1)	1549	3497
PB2|PP755596.1|A/cattle/Texas/24-008749-003/2024(H5N1)	1550	3563
PB2|PP755596.1|A/cattle/Texas/24-008749-003/2024(H5N1)	1551	3584
PB2|PP755596.1|A/cattle/Texas/24-008749-003/2024(H5N1)	1552	3579
PB2|PP755596.1|A/cattle/Texas/24-008749-003/2024(H5N1)	1553	3568
PB2|PP755596.1|A/cattle/Texas/24-008749-003/2024(H5N1)	1554	3542
PB2|PP755596.1|A/cattle/Texas/24-008749-003/2024(H5N1)	1555	3528
PB2|PP755596.1|A/cattle/Texas/24-008749-003/2024(H5N1)	1556	3529
PB2|PP755596.1|A/cattle/Texas/24-008749-003/2024(H5N1)	1557	3524
PB2|PP755596.1|A/cattle/Texas/24-008749-003/2024(H5N1)	1558	3521
PB2|PP755596.1|A/cattle/Texas/24-008749-003/2024(H5N1)	1559	3533
PB2|PP755596.1|A/cattle/Texas/24-008749-003/2024(H5N1)	1560	3449
PB2|PP755596.1|A/cattle/Texas/24-008749-003/2024(H5N1)	1561	3540
PB2|PP755596.1|A/cattle/Texas/24-008749-003/2024(H5N1)	1562	3531
PB2|PP755596.1|A/cattle/Texas/24-008749-003/2024(H5N1)	1563	3541
PB2|PP755596.1|A/cattle/Texas/24-008749-003/2024(H5N1)	1564	3553
PB2|PP755596.1|A/cattle/Texas/24-008749-003/2024(H5N1)	1565	3551
PB2|PP755596.1|A/cattle/Texas/24-008749-003/2024(H5N1)	1566	3547
PB2|PP755596.1|A/cattle/Texas/24-008749-003/2024(H5N1)	1567	3562
PB2|PP755596.1|A/cattle/Texas/24-008749-003/2024(H5N1)	1568	3763
PB2|PP755596.1|A/cattle/Texas/24-008749-003/2024(H5N1)	1569	3797
PB2|PP755596.1|A/cattle/Texas/24-008749-003/2024(H5N1)	1570	3783
PB2|PP755596.1|A/cattle/Texas/24-008749-003/2024(H5N1)	1571	3796
PB2|PP755596.1|A/cattle/Texas/24-008749-003/2024(H5N1)	1572	3785
PB2|PP755596.1|A/cattle/Texas/24-008749-003/2024(H5N1)	1573	3796
PB2|PP755596.1|A/cattle/Texas/24-008749-003/2024(H5N1)	1574	3804
PB2|PP755596.1|A/cattle/Texas/24-008749-003/2024(H5N1)	1575	3815
PB2|PP755596.1|A/cattle/Texas/24-008749-003/2024(H5N1)	1576	3820
PB2|PP755596.1|A/cattle/Texas/24-008749-003/2024(H5N1)	1577	3695
PB2|PP755596.1|A/cattle/Texas/24-008749-003/2024(H5N1)	1578	3677
PB2|PP755596.1|A/cattle/Texas/24-008749-003/2024(H5N1)	1579	3669
PB2|PP755596.1|A/cattle/Texas/24-008749-003/2024(H5N1)	1580	3683
PB2|PP755596.1|A/cattle/Texas/24-008749-003/2024(H5N1)	1581	3534
PB2|PP755596.1|A/cattle/Texas/24-008749-003/2024(H5N1)	1582	3525
PB2|PP755596.1|A/cattle/Texas/24-008749-003/2024(H5N1)	1583	3523
PB2|PP755596.1|A/cattle/Texas/24-008749-003/2024(H5N1)	1584	3516
PB2|PP755596.1|A/cattle/Texas/24-008749-003/2024(H5N1)	1585	3530
PB2|PP755596.1|A/cattle/Texas/24-008749-003/2024(H5N1)	1586	3579
PB2|PP755596.1|A/cattle/Texas/24-008749-003/2024(H5N1)	1587	3602
PB2|PP755596.1|A/cattle/Texas/24-008749-003/2024(H5N1)	1588	3598
PB2|PP755596.1|A/cattle/Texas/24-008749-003/2024(H5N1)	1589	3610
PB2|PP755596.1|A/cattle/Texas/24-008749-003/2024(H5N1)	1590	3602
PB2|PP755596.1|A/cattle/Texas/24-008749-003/2024(H5N1)	1591	3620
PB2|PP755596.1|A/cattle/Texas/24-008749-003/2024(H5N1)	1592	3622
PB2|PP755596.1|A/cattle/Texas/24-008749-003/2024(H5N1)	1593	3618
PB2|PP755596.1|A/cattle/Texas/24-008749-003/2024(H5N1)	1594	3617
PB2|PP755596.1|A/cattle/Texas/24-008749-003/2024(H5N1)	1595	3668
PB2|PP755596.1|A/cattle/Texas/24-008749-003/2024(H5N1)	1596	3643
PB2|PP755596.1|A/cattle/Texas/24-008749-003/2024(H5N1)	1597	3643
PB2|PP755596.1|A/cattle/Texas/24-008749-003/2024(H5N1)	1598	3632
PB2|PP755596.1|A/cattle/Texas/24-008749-003/2024(H5N1)	1599	3633
PB2|PP755596.1|A/cattle/Texas/24-008749-003/2024(H5N1)	1600	3671
PB2|PP755596.1|A/cattle/Texas/24-008749-003/2024(H5N1)	1601	3640
PB2|PP755596.1|A/cattle/Texas/24-008749-003/2024(H5N1)	1602	3636
PB2|PP755596.1|A/cattle/Texas/24-008749-003/2024(H5N1)	1603	3671
PB2|PP755596.1|A/cattle/Texas/24-008749-003/2024(H5N1)	1604	3690
PB2|PP755596.1|A/cattle/Texas/24-008749-003/2024(H5N1)	1605	3696
PB2|PP755596.1|A/cattle/Texas/24-008749-003/2024(H5N1)	1606	3704
PB2|PP755596.1|A/cattle/Texas/24-008749-003/2024(H5N1)	1607	3668
PB2|PP755596.1|A/cattle/Texas/24-008749-003/2024(H5N1)	1608	3680
PB2|PP755596.1|A/cattle/Texas/24-008749-003/2024(H5N1)	1609	3644
PB2|PP755596.1|A/cattle/Texas/24-008749-003/2024(H5N1)	1610	3607
PB2|PP755596.1|A/cattle/Texas/24-008749-003/2024(H5N1)	1611	3741
PB2|PP755596.1|A/cattle/Texas/24-008749-003/2024(H5N1)	1612	3735
PB2|PP755596.1|A/cattle/Texas/24-008749-003/2024(H5N1)	1613	3696
PB2|PP755596.1|A/cattle/Texas/24-008749-003/2024(H5N1)	1614	3759
PB2|PP755596.1|A/cattle/Texas/24-008749-003/2024(H5N1)	1615	3344
PB2|PP755596.1|A/cattle/Texas/24-008749-003/2024(H5N1)	1616	3348
PB2|PP755596.1|A/cattle/Texas/24-008749-003/2024(H5N1)	1617	3307
PB2|PP755596.1|A/cattle/Texas/24-008749-003/2024(H5N1)	1618	3300
PB2|PP755596.1|A/cattle/Texas/24-008749-003/2024(H5N1)	1619	3321
PB2|PP755596.1|A/cattle/Texas/24-008749-003/2024(H5N1)	1620	3267
PB2|PP755596.1|A/cattle/Texas/24-008749-003/2024(H5N1)	1621	3284
PB2|PP755596.1|A/cattle/Texas/24-008749-003/2024(H5N1)	1622	3333
PB2|PP755596.1|A/cattle/Texas/24-008749-003/2024(H5N1)	1623	3279
PB2|PP755596.1|A/cattle/Texas/24-008749-003/2024(H5N1)	1624	3280
PB2|PP755596.1|A/cattle/Texas/24-008749-003/2024(H5N1)	1625	3281
PB2|PP755596.1|A/cattle/Texas/24-008749-003/2024(H5N1)	1626	3539
PB2|PP755596.1|A/cattle/Texas/24-008749-003/2024(H5N1)	1627	3548
PB2|PP755596.1|A/cattle/Texas/24-008749-003/2024(H5N1)	1628	3613
PB2|PP755596.1|A/cattle/Texas/24-008749-003/2024(H5N1)	1629	3538
PB2|PP755596.1|A/cattle/Texas/24-008749-003/2024(H5N1)	1630	3541
PB2|PP755596.1|A/cattle/Texas/24-008749-003/2024(H5N1)	1631	3535
PB2|PP755596.1|A/cattle/Texas/24-008749-003/2024(H5N1)	1632	3538
PB2|PP755596.1|A/cattle/Texas/24-008749-003/2024(H5N1)	1633	3675
PB2|PP755596.1|A/cattle/Texas/24-008749-003/2024(H5N1)	1634	3595
PB2|PP755596.1|A/cattle/Texas/24-008749-003/2024(H5N1)	1635	3595
PB2|PP755596.1|A/cattle/Texas/24-008749-003/2024(H5N1)	1636	3546
PB2|PP755596.1|A/cattle/Texas/24-008749-003/2024(H5N1)	1637	3485
PB2|PP755596.1|A/cattle/Texas/24-008749-003/2024(H5N1)	1638	3717
PB2|PP755596.1|A/cattle/Texas/24-008749-003/2024(H5N1)	1639	3741
PB2|PP755596.1|A/cattle/Texas/24-008749-003/2024(H5N1)	1640	3739
PB2|PP755596.1|A/cattle/Texas/24-008749-003/2024(H5N1)	1641	3741
PB2|PP755596.1|A/cattle/Texas/24-008749-003/2024(H5N1)	1642	3609
PB2|PP755596.1|A/cattle/Texas/24-008749-003/2024(H5N1)	1643	3802
PB2|PP755596.1|A/cattle/Texas/24-008749-003/2024(H5N1)	1644	3803
PB2|PP755596.1|A/cattle/Texas/24-008749-003/2024(H5N1)	1645	3834
PB2|PP755596.1|A/cattle/Texas/24-008749-003/2024(H5N1)	1646	3835
PB2|PP755596.1|A/cattle/Texas/24-008749-003/2024(H5N1)	1647	3602
PB2|PP755596.1|A/cattle/Texas/24-008749-003/2024(H5N1)	1648	3627
PB2|PP755596.1|A/cattle/Texas/24-008749-003/2024(H5N1)	1649	3626
PB2|PP755596.1|A/cattle/Texas/24-008749-003/2024(H5N1)	1650	3631
PB2|PP755596.1|A/cattle/Texas/24-008749-003/2024(H5N1)	1651	3595
PB2|PP755596.1|A/cattle/Texas/24-008749-003/2024(H5N1)	1652	3423
PB2|PP755596.1|A/cattle/Texas/24-008749-003/2024(H5N1)	1653	3444
PB2|PP755596.1|A/cattle/Texas/24-008749-003/2024(H5N1)	1654	3457
PB2|PP755596.1|A/cattle/Texas/24-008749-003/2024(H5N1)	1655	3455
PB2|PP755596.1|A/cattle/Texas/24-008749-003/2024(H5N1)	1656	3473
PB2|PP755596.1|A/cattle/Texas/24-008749-003/2024(H5N1)	1657	3465
PB2|PP755596.1|A/cattle/Texas/24-008749-003/2024(H5N1)	1658	3467
PB2|PP755596.1|A/cattle/Texas/24-008749-003/2024(H5N1)	1659	3456
PB2|PP755596.1|A/cattle/Texas/24-008749-003/2024(H5N1)	1660	3502
PB2|PP755596.1|A/cattle/Texas/24-008749-003/2024(H5N1)	1661	3479
PB2|PP755596.1|A/cattle/Texas/24-008749-003/2024(H5N1)	1662	3470
PB2|PP755596.1|A/cattle/Texas/24-008749-003/2024(H5N1)	1663	3440
PB2|PP755596.1|A/cattle/Texas/24-008749-003/2024(H5N1)	1664	3440
PB2|PP755596.1|A/cattle/Texas/24-008749-003/2024(H5N1)	1665	3443
PB2|PP755596.1|A/cattle/Texas/24-008749-003/2024(H5N1)	1666	3459
PB2|PP755596.1|A/cattle/Texas/24-008749-003/2024(H5N1)	1667	3455
PB2|PP755596.1|A/cattle/Texas/24-008749-003/2024(H5N1)	1668	3469
PB2|PP755596.1|A/cattle/Texas/24-008749-003/2024(H5N1)	1669	3439
PB2|PP755596.1|A/cattle/Texas/24-008749-003/2024(H5N1)	1670	3442
PB2|PP755596.1|A/cattle/Texas/24-008749-003/2024(H5N1)	1671	3442
PB2|PP755596.1|A/cattle/Texas/24-008749-003/2024(H5N1)	1672	3435
PB2|PP755596.1|A/cattle/Texas/24-008749-003/2024(H5N1)	1673	3465
PB2|PP755596.1|A/cattle/Texas/24-008749-003/2024(H5N1)	1674	3478
PB2|PP755596.1|A/cattle/Texas/24-008749-003/2024(H5N1)	1675	3465
PB2|PP755596.1|A/cattle/Texas/24-008749-003/2024(H5N1)	1676	3477
PB2|PP755596.1|A/cattle/Texas/24-008749-003/2024(H5N1)	1677	3427
PB2|PP755596.1|A/cattle/Texas/24-008749-003/2024(H5N1)	1678	3438
PB2|PP755596.1|A/cattle/Texas/24-008749-003/2024(H5N1)	1679	3490
PB2|PP755596.1|A/cattle/Texas/24-008749-003/2024(H5N1)	1680	3364
PB2|PP755596.1|A/cattle/Texas/24-008749-003/2024(H5N1)	1681	3369
PB2|PP755596.1|A/cattle/Texas/24-008749-003/2024(H5N1)	1682	3216
PB2|PP755596.1|A/cattle/Texas/24-008749-003/2024(H5N1)	1683	3230
PB2|PP755596.1|A/cattle/Texas/24-008749-003/2024(H5N1)	1684	3244
PB2|PP755596.1|A/cattle/Texas/24-008749-003/2024(H5N1)	1685	3371
PB2|PP755596.1|A/cattle/Texas/24-008749-003/2024(H5N1)	1686	3375
PB2|PP755596.1|A/cattle/Texas/24-008749-003/2024(H5N1)	1687	3336
PB2|PP755596.1|A/cattle/Texas/24-008749-003/2024(H5N1)	1688	3326
PB2|PP755596.1|A/cattle/Texas/24-008749-003/2024(H5N1)	1689	3329
PB2|PP755596.1|A/cattle/Texas/24-008749-003/2024(H5N1)	1690	3349
PB2|PP755596.1|A/cattle/Texas/24-008749-003/2024(H5N1)	1691	3413
PB2|PP755596.1|A/cattle/Texas/24-008749-003/2024(H5N1)	1692	3416
PB2|PP755596.1|A/cattle/Texas/24-008749-003/2024(H5N1)	1693	3435
PB2|PP755596.1|A/cattle/Texas/24-008749-003/2024(H5N1)	1694	3433
PB2|PP755596.1|A/cattle/Texas/24-008749-003/2024(H5N1)	1695	3506
PB2|PP755596.1|A/cattle/Texas/24-008749-003/2024(H5N1)	1696	3509
PB2|PP755596.1|A/cattle/Texas/24-008749-003/2024(H5N1)	1697	3508
PB2|PP755596.1|A/cattle/Texas/24-008749-003/2024(H5N1)	1698	3521
PB2|PP755596.1|A/cattle/Texas/24-008749-003/2024(H5N1)	1699	3521
PB2|PP755596.1|A/cattle/Texas/24-008749-003/2024(H5N1)	1700	3463
PB2|PP755596.1|A/cattle/Texas/24-008749-003/2024(H5N1)	1701	3459
PB2|PP755596.1|A/cattle/Texas/24-008749-003/2024(H5N1)	1702	3498
PB2|PP755596.1|A/cattle/Texas/24-008749-003/2024(H5N1)	1703	3571
PB2|PP755596.1|A/cattle/Texas/24-008749-003/2024(H5N1)	1704	3568
PB2|PP755596.1|A/cattle/Texas/24-008749-003/2024(H5N1)	1705	3561
PB2|PP755596.1|A/cattle/Texas/24-008749-003/2024(H5N1)	1706	3563
PB2|PP755596.1|A/cattle/Texas/24-008749-003/2024(H5N1)	1707	3536
PB2|PP755596.1|A/cattle/Texas/24-008749-003/2024(H5N1)	1708	3613
PB2|PP755596.1|A/cattle/Texas/24-008749-003/2024(H5N1)	1709	3586
PB2|PP755596.1|A/cattle/Texas/24-008749-003/2024(H5N1)	1710	3614
PB2|PP755596.1|A/cattle/Texas/24-008749-003/2024(H5N1)	1711	3641
PB2|PP755596.1|A/cattle/Texas/24-008749-003/2024(H5N1)	1712	3560
PB2|PP755596.1|A/cattle/Texas/24-008749-003/2024(H5N1)	1713	3601
PB2|PP755596.1|A/cattle/Texas/24-008749-003/2024(H5N1)	1714	3586
PB2|PP755596.1|A/cattle/Texas/24-008749-003/2024(H5N1)	1715	3609
PB2|PP755596.1|A/cattle/Texas/24-008749-003/2024(H5N1)	1716	3609
PB2|PP755596.1|A/cattle/Texas/24-008749-003/2024(H5N1)	1717	3532
PB2|PP755596.1|A/cattle/Texas/24-008749-003/2024(H5N1)	1718	3557
PB2|PP755596.1|A/cattle/Texas/24-008749-003/2024(H5N1)	1719	3394
PB2|PP755596.1|A/cattle/Texas/24-008749-003/2024(H5N1)	1720	3399
PB2|PP755596.1|A/cattle/Texas/24-008749-003/2024(H5N1)	1721	3391
PB2|PP755596.1|A/cattle/Texas/24-008749-003/2024(H5N1)	1722	3369
PB2|PP755596.1|A/cattle/Texas/24-008749-003/2024(H5N1)	1723	3388
PB2|PP755596.1|A/cattle/Texas/24-008749-003/2024(H5N1)	1724	3374
PB2|PP755596.1|A/cattle/Texas/24-008749-003/2024(H5N1)	1725	3365
PB2|PP755596.1|A/cattle/Texas/24-008749-003/2024(H5N1)	1726	3367
PB2|PP755596.1|A/cattle/Texas/24-008749-003/2024(H5N1)	1727	3351
PB2|PP755596.1|A/cattle/Texas/24-008749-003/2024(H5N1)	1728	3384
PB2|PP755596.1|A/cattle/Texas/24-008749-003/2024(H5N1)	1729	3384
PB2|PP755596.1|A/cattle/Texas/24-008749-003/2024(H5N1)	1730	3384
PB2|PP755596.1|A/cattle/Texas/24-008749-003/2024(H5N1)	1731	3351
PB2|PP755596.1|A/cattle/Texas/24-008749-003/2024(H5N1)	1732	3350
PB2|PP755596.1|A/cattle/Texas/24-008749-003/2024(H5N1)	1733	3381
PB2|PP755596.1|A/cattle/Texas/24-008749-003/2024(H5N1)	1734	3380
PB2|PP755596.1|A/cattle/Texas/24-008749-003/2024(H5N1)	1735	3391
PB2|PP755596.1|A/cattle/Texas/24-008749-003/2024(H5N1)	1736	3376
PB2|PP755596.1|A/cattle/Texas/24-008749-003/2024(H5N1)	1737	3465
PB2|PP755596.1|A/cattle/Texas/24-008749-003/2024(H5N1)	1738	3435
PB2|PP755596.1|A/cattle/Texas/24-008749-003/2024(H5N1)	1739	3446
PB2|PP755596.1|A/cattle/Texas/24-008749-003/2024(H5N1)	1740	3434
PB2|PP755596.1|A/cattle/Texas/24-008749-003/2024(H5N1)	1741	3432
PB2|PP755596.1|A/cattle/Texas/24-008749-003/2024(H5N1)	1742	3417
PB2|PP755596.1|A/cattle/Texas/24-008749-003/2024(H5N1)	1743	3419
PB2|PP755596.1|A/cattle/Texas/24-008749-003/2024(H5N1)	1744	3437
PB2|PP755596.1|A/cattle/Texas/24-008749-003/2024(H5N1)	1745	3465
PB2|PP755596.1|A/cattle/Texas/24-008749-003/2024(H5N1)	1746	3398
PB2|PP755596.1|A/cattle/Texas/24-008749-003/2024(H5N1)	1747	3388
PB2|PP755596.1|A/cattle/Texas/24-008749-003/2024(H5N1)	1748	3374
PB2|PP755596.1|A/cattle/Texas/24-008749-003/2024(H5N1)	1749	3383
PB2|PP755596.1|A/cattle/Texas/24-008749-003/2024(H5N1)	1750	3426
PB2|PP755596.1|A/cattle/Texas/24-008749-003/2024(H5N1)	1751	3402
PB2|PP755596.1|A/cattle/Texas/24-008749-003/2024(H5N1)	1752	3539
PB2|PP755596.1|A/cattle/Texas/24-008749-003/2024(H5N1)	1753	3527
PB2|PP755596.1|A/cattle/Texas/24-008749-003/2024(H5N1)	1754	3481
PB2|PP755596.1|A/cattle/Texas/24-008749-003/2024(H5N1)	1755	3482
PB2|PP755596.1|A/cattle/Texas/24-008749-003/2024(H5N1)	1756	3494
PB2|PP755596.1|A/cattle/Texas/24-008749-003/2024(H5N1)	1757	3491
PB2|PP755596.1|A/cattle/Texas/24-008749-003/2024(H5N1)	1758	3484
PB2|PP755596.1|A/cattle/Texas/24-008749-003/2024(H5N1)	1759	3466
PB2|PP755596.1|A/cattle/Texas/24-008749-003/2024(H5N1)	1760	3458
PB2|PP755596.1|A/cattle/Texas/24-008749-003/2024(H5N1)	1761	3301
PB2|PP755596.1|A/cattle/Texas/24-008749-003/2024(H5N1)	1762	3319
PB2|PP755596.1|A/cattle/Texas/24-008749-003/2024(H5N1)	1763	3375
PB2|PP755596.1|A/cattle/Texas/24-008749-003/2024(H5N1)	1764	3330
PB2|PP755596.1|A/cattle/Texas/24-008749-003/2024(H5N1)	1765	3324
PB2|PP755596.1|A/cattle/Texas/24-008749-003/2024(H5N1)	1766	3346
PB2|PP755596.1|A/cattle/Texas/24-008749-003/2024(H5N1)	1767	3368
PB2|PP755596.1|A/cattle/Texas/24-008749-003/2024(H5N1)	1768	3728
PB2|PP755596.1|A/cattle/Texas/24-008749-003/2024(H5N1)	1769	3770
PB2|PP755596.1|A/cattle/Texas/24-008749-003/2024(H5N1)	1770	3773
PB2|PP755596.1|A/cattle/Texas/24-008749-003/2024(H5N1)	1771	3763
PB2|PP755596.1|A/cattle/Texas/24-008749-003/2024(H5N1)	1772	3775
PB2|PP755596.1|A/cattle/Texas/24-008749-003/2024(H5N1)	1773	3840
PB2|PP755596.1|A/cattle/Texas/24-008749-003/2024(H5N1)	1774	3851
PB2|PP755596.1|A/cattle/Texas/24-008749-003/2024(H5N1)	1775	3825
PB2|PP755596.1|A/cattle/Texas/24-008749-003/2024(H5N1)	1776	3847
PB2|PP755596.1|A/cattle/Texas/24-008749-003/2024(H5N1)	1777	3436
PB2|PP755596.1|A/cattle/Texas/24-008749-003/2024(H5N1)	1778	3446
PB2|PP755596.1|A/cattle/Texas/24-008749-003/2024(H5N1)	1779	3425
PB2|PP755596.1|A/cattle/Texas/24-008749-003/2024(H5N1)	1780	3440
PB2|PP755596.1|A/cattle/Texas/24-008749-003/2024(H5N1)	1781	3442
PB2|PP755596.1|A/cattle/Texas/24-008749-003/2024(H5N1)	1782	3372
PB2|PP755596.1|A/cattle/Texas/24-008749-003/2024(H5N1)	1783	3490
PB2|PP755596.1|A/cattle/Texas/24-008749-003/2024(H5N1)	1784	3391
PB2|PP755596.1|A/cattle/Texas/24-008749-003/2024(H5N1)	1785	3415
PB2|PP755596.1|A/cattle/Texas/24-008749-003/2024(H5N1)	1786	3416
PB2|PP755596.1|A/cattle/Texas/24-008749-003/2024(H5N1)	1787	3410
PB2|PP755596.1|A/cattle/Texas/24-008749-003/2024(H5N1)	1788	3410
PB2|PP755596.1|A/cattle/Texas/24-008749-003/2024(H5N1)	1789	3238
PB2|PP755596.1|A/cattle/Texas/24-008749-003/2024(H5N1)	1790	3256
PB2|PP755596.1|A/cattle/Texas/24-008749-003/2024(H5N1)	1791	3268
PB2|PP755596.1|A/cattle/Texas/24-008749-003/2024(H5N1)	1792	3271
PB2|PP755596.1|A/cattle/Texas/24-008749-003/2024(H5N1)	1793	3217
PB2|PP755596.1|A/cattle/Texas/24-008749-003/2024(H5N1)	1794	3190
PB2|PP755596.1|A/cattle/Texas/24-008749-003/2024(H5N1)	1795	3247
PB2|PP755596.1|A/cattle/Texas/24-008749-003/2024(H5N1)	1796	3248
PB2|PP755596.1|A/cattle/Texas/24-008749-003/2024(H5N1)	1797	3297
PB2|PP755596.1|A/cattle/Texas/24-008749-003/2024(H5N1)	1798	3306
PB2|PP755596.1|A/cattle/Texas/24-008749-003/2024(H5N1)	1799	3294
PB2|PP755596.1|A/cattle/Texas/24-008749-003/2024(H5N1)	1800	3305
PB2|PP755596.1|A/cattle/Texas/24-008749-003/2024(H5N1)	1801	3311
PB2|PP755596.1|A/cattle/Texas/24-008749-003/2024(H5N1)	1802	3282
PB2|PP755596.1|A/cattle/Texas/24-008749-003/2024(H5N1)	1803	3284
PB2|PP755596.1|A/cattle/Texas/24-008749-003/2024(H5N1)	1804	3287
PB2|PP755596.1|A/cattle/Texas/24-008749-003/2024(H5N1)	1805	3258
PB2|PP755596.1|A/cattle/Texas/24-008749-003/2024(H5N1)	1806	3243
PB2|PP755596.1|A/cattle/Texas/24-008749-003/2024(H5N1)	1807	3240
PB2|PP755596.1|A/cattle/Texas/24-008749-003/2024(H5N1)	1808	3302
PB2|PP755596.1|A/cattle/Texas/24-008749-003/2024(H5N1)	1809	3297
PB2|PP755596.1|A/cattle/Texas/24-008749-003/2024(H5N1)	1810	3265
PB2|PP755596.1|A/cattle/Texas/24-008749-003/2024(H5N1)	1811	3274
PB2|PP755596.1|A/cattle/Texas/24-008749-003/2024(H5N1)	1812	3292
PB2|PP755596.1|A/cattle/Texas/24-008749-003/2024(H5N1)	1813	3294
PB2|PP755596.1|A/cattle/Texas/24-008749-003/2024(H5N1)	1814	3373
PB2|PP755596.1|A/cattle/Texas/24-008749-003/2024(H5N1)	1815	3372
PB2|PP755596.1|A/cattle/Texas/24-008749-003/2024(H5N1)	1816	3390
PB2|PP755596.1|A/cattle/Texas/24-008749-003/2024(H5N1)	1817	3362
PB2|PP755596.1|A/cattle/Texas/24-008749-003/2024(H5N1)	1818	3415
PB2|PP755596.1|A/cattle/Texas/24-008749-003/2024(H5N1)	1819	3393
PB2|PP755596.1|A/cattle/Texas/24-008749-003/2024(H5N1)	1820	3384
PB2|PP755596.1|A/cattle/Texas/24-008749-003/2024(H5N1)	1821	3419
PB2|PP755596.1|A/cattle/Texas/24-008749-003/2024(H5N1)	1822	3417
PB2|PP755596.1|A/cattle/Texas/24-008749-003/2024(H5N1)	1823	3429
PB2|PP755596.1|A/cattle/Texas/24-008749-003/2024(H5N1)	1824	3409
PB2|PP755596.1|A/cattle/Texas/24-008749-003/2024(H5N1)	1825	3402
PB2|PP755596.1|A/cattle/Texas/24-008749-003/2024(H5N1)	1826	3441
PB2|PP755596.1|A/cattle/Texas/24-008749-003/2024(H5N1)	1827	3544
PB2|PP755596.1|A/cattle/Texas/24-008749-003/2024(H5N1)	1828	3567
PB2|PP755596.1|A/cattle/Texas/24-008749-003/2024(H5N1)	1829	3558
PB2|PP755596.1|A/cattle/Texas/24-008749-003/2024(H5N1)	1830	3559
PB2|PP755596.1|A/cattle/Texas/24-008749-003/2024(H5N1)	1831	3559
PB2|PP755596.1|A/cattle/Texas/24-008749-003/2024(H5N1)	1832	3634
PB2|PP755596.1|A/cattle/Texas/24-008749-003/2024(H5N1)	1833	3637
PB2|PP755596.1|A/cattle/Texas/24-008749-003/2024(H5N1)	1834	3603
PB2|PP755596.1|A/cattle/Texas/24-008749-003/2024(H5N1)	1835	3653
PB2|PP755596.1|A/cattle/Texas/24-008749-003/2024(H5N1)	1836	3448
PB2|PP755596.1|A/cattle/Texas/24-008749-003/2024(H5N1)	1837	3574
PB2|PP755596.1|A/cattle/Texas/24-008749-003/2024(H5N1)	1838	3583
PB2|PP755596.1|A/cattle/Texas/24-008749-003/2024(H5N1)	1839	3618
PB2|PP755596.1|A/cattle/Texas/24-008749-003/2024(H5N1)	1840	3615
PB2|PP755596.1|A/cattle/Texas/24-008749-003/2024(H5N1)	1841	3586
PB2|PP755596.1|A/cattle/Texas/24-008749-003/2024(H5N1)	1842	3542
PB2|PP755596.1|A/cattle/Texas/24-008749-003/2024(H5N1)	1843	3591
PB2|PP755596.1|A/cattle/Texas/24-008749-003/2024(H5N1)	1844	3596
PB2|PP755596.1|A/cattle/Texas/24-008749-003/2024(H5N1)	1845	3586
PB2|PP755596.1|A/cattle/Texas/24-008749-003/2024(H5N1)	1846	3495
PB2|PP755596.1|A/cattle/Texas/24-008749-003/2024(H5N1)	1847	3501
PB2|PP755596.1|A/cattle/Texas/24-008749-003/2024(H5N1)	1848	3501
PB2|PP755596.1|A/cattle/Texas/24-008749-003/2024(H5N1)	1849	3563
PB2|PP755596.1|A/cattle/Texas/24-008749-003/2024(H5N1)	1850	3582
PB2|PP755596.1|A/cattle/Texas/24-008749-003/2024(H5N1)	1851	3562
PB2|PP755596.1|A/cattle/Texas/24-008749-003/2024(H5N1)	1852	3557
PB2|PP755596.1|A/cattle/Texas/24-008749-003/2024(H5N1)	1853	3480
PB2|PP755596.1|A/cattle/Texas/24-008749-003/2024(H5N1)	1854	3481
PB2|PP755596.1|A/cattle/Texas/24-008749-003/2024(H5N1)	1855	3480
PB2|PP755596.1|A/cattle/Texas/24-008749-003/2024(H5N1)	1856	3479
PB2|PP755596.1|A/cattle/Texas/24-008749-003/2024(H5N1)	1857	3584
PB2|PP755596.1|A/cattle/Texas/24-008749-003/2024(H5N1)	1858	3532
PB2|PP755596.1|A/cattle/Texas/24-008749-003/2024(H5N1)	1859	3574
PB2|PP755596.1|A/cattle/Texas/24-008749-003/2024(H5N1)	1860	3555
PB2|PP755596.1|A/cattle/Texas/24-008749-003/2024(H5N1)	1861	3505
PB2|PP755596.1|A/cattle/Texas/24-008749-003/2024(H5N1)	1862	3515
PB2|PP755596.1|A/cattle/Texas/24-008749-003/2024(H5N1)	1863	3510
PB2|PP755596.1|A/cattle/Texas/24-008749-003/2024(H5N1)	1864	3481
PB2|PP755596.1|A/cattle/Texas/24-008749-003/2024(H5N1)	1865	3508
PB2|PP755596.1|A/cattle/Texas/24-008749-003/2024(H5N1)	1866	3474
PB2|PP755596.1|A/cattle/Texas/24-008749-003/2024(H5N1)	1867	3476
PB2|PP755596.1|A/cattle/Texas/24-008749-003/2024(H5N1)	1868	3462
PB2|PP755596.1|A/cattle/Texas/24-008749-003/2024(H5N1)	1869	3448
PB2|PP755596.1|A/cattle/Texas/24-008749-003/2024(H5N1)	1870	3463
PB2|PP755596.1|A/cattle/Texas/24-008749-003/2024(H5N1)	1871	3472
PB2|PP755596.1|A/cattle/Texas/24-008749-003/2024(H5N1)	1872	3460
PB2|PP755596.1|A/cattle/Texas/24-008749-003/2024(H5N1)	1873	3468
PB2|PP755596.1|A/cattle/Texas/24-008749-003/2024(H5N1)	1874	3471
PB2|PP755596.1|A/cattle/Texas/24-008749-003/2024(H5N1)	1875	3480
PB2|PP755596.1|A/cattle/Texas/24-008749-003/2024(H5N1)	1876	3480
PB2|PP755596.1|A/cattle/Texas/24-008749-003/2024(H5N1)	1877	3487
PB2|PP755596.1|A/cattle/Texas/24-008749-003/2024(H5N1)	1878	3486
PB2|PP755596.1|A/cattle/Texas/24-008749-003/2024(H5N1)	1879	3547
PB2|PP755596.1|A/cattle/Texas/24-008749-003/2024(H5N1)	1880	3552
PB2|PP755596.1|A/cattle/Texas/24-008749-003/2024(H5N1)	1881	3560
PB2|PP755596.1|A/cattle/Texas/24-008749-003/2024(H5N1)	1882	3558
PB2|PP755596.1|A/cattle/Texas/24-008749-003/2024(H5N1)	1883	3548
PB2|PP755596.1|A/cattle/Texas/24-008749-003/2024(H5N1)	1884	3576
PB2|PP755596.1|A/cattle/Texas/24-008749-003/2024(H5N1)	1885	3567
PB2|PP755596.1|A/cattle/Texas/24-008749-003/2024(H5N1)	1886	3587
PB2|PP755596.1|A/cattle/Texas/24-008749-003/2024(H5N1)	1887	3587
PB2|PP755596.1|A/cattle/Texas/24-008749-003/2024(H5N1)	1888	3446
PB2|PP755596.1|A/cattle/Texas/24-008749-003/2024(H5N1)	1889	3433
PB2|PP755596.1|A/cattle/Texas/24-008749-003/2024(H5N1)	1890	3353
PB2|PP755596.1|A/cattle/Texas/24-008749-003/2024(H5N1)	1891	3444
PB2|PP755596.1|A/cattle/Texas/24-008749-003/2024(H5N1)	1892	3491
PB2|PP755596.1|A/cattle/Texas/24-008749-003/2024(H5N1)	1893	3494
PB2|PP755596.1|A/cattle/Texas/24-008749-003/2024(H5N1)	1894	3546
PB2|PP755596.1|A/cattle/Texas/24-008749-003/2024(H5N1)	1895	3549
PB2|PP755596.1|A/cattle/Texas/24-008749-003/2024(H5N1)	1896	3625
PB2|PP755596.1|A/cattle/Texas/24-008749-003/2024(H5N1)	1897	3624
PB2|PP755596.1|A/cattle/Texas/24-008749-003/2024(H5N1)	1898	3614
PB2|PP755596.1|A/cattle/Texas/24-008749-003/2024(H5N1)	1899	3601
PB2|PP755596.1|A/cattle/Texas/24-008749-003/2024(H5N1)	1900	3551
PB2|PP755596.1|A/cattle/Texas/24-008749-003/2024(H5N1)	1901	3584
PB2|PP755596.1|A/cattle/Texas/24-008749-003/2024(H5N1)	1902	3509
PB2|PP755596.1|A/cattle/Texas/24-008749-003/2024(H5N1)	1903	3473
PB2|PP755596.1|A/cattle/Texas/24-008749-003/2024(H5N1)	1904	3520
PB2|PP755596.1|A/cattle/Texas/24-008749-003/2024(H5N1)	1905	3486
PB2|PP755596.1|A/cattle/Texas/24-008749-003/2024(H5N1)	1906	3517
PB2|PP755596.1|A/cattle/Texas/24-008749-003/2024(H5N1)	1907	3507
PB2|PP755596.1|A/cattle/Texas/24-008749-003/2024(H5N1)	1908	3551
PB2|PP755596.1|A/cattle/Texas/24-008749-003/2024(H5N1)	1909	3603
PB2|PP755596.1|A/cattle/Texas/24-008749-003/2024(H5N1)	1910	3615
PB2|PP755596.1|A/cattle/Texas/24-008749-003/2024(H5N1)	1911	3683
PB2|PP755596.1|A/cattle/Texas/24-008749-003/2024(H5N1)	1912	3727
PB2|PP755596.1|A/cattle/Texas/24-008749-003/2024(H5N1)	1913	3705
PB2|PP755596.1|A/cattle/Texas/24-008749-003/2024(H5N1)	1914	3770
PB2|PP755596.1|A/cattle/Texas/24-008749-003/2024(H5N1)	1915	3769
PB2|PP755596.1|A/cattle/Texas/24-008749-003/2024(H5N1)	1916	3810
PB2|PP755596.1|A/cattle/Texas/24-008749-003/2024(H5N1)	1917	3775
PB2|PP755596.1|A/cattle/Texas/24-008749-003/2024(H5N1)	1918	3782
PB2|PP755596.1|A/cattle/Texas/24-008749-003/2024(H5N1)	1919	3462
PB2|PP755596.1|A/cattle/Texas/24-008749-003/2024(H5N1)	1920	3458
PB2|PP755596.1|A/cattle/Texas/24-008749-003/2024(H5N1)	1921	3418
PB2|PP755596.1|A/cattle/Texas/24-008749-003/2024(H5N1)	1922	3405
PB2|PP755596.1|A/cattle/Texas/24-008749-003/2024(H5N1)	1923	3326
PB2|PP755596.1|A/cattle/Texas/24-008749-003/2024(H5N1)	1924	3237
PB2|PP755596.1|A/cattle/Texas/24-008749-003/2024(H5N1)	1925	3380
PB2|PP755596.1|A/cattle/Texas/24-008749-003/2024(H5N1)	1926	3376
PB2|PP755596.1|A/cattle/Texas/24-008749-003/2024(H5N1)	1927	3489
PB2|PP755596.1|A/cattle/Texas/24-008749-003/2024(H5N1)	1928	3490
PB2|PP755596.1|A/cattle/Texas/24-008749-003/2024(H5N1)	1929	3484
PB2|PP755596.1|A/cattle/Texas/24-008749-003/2024(H5N1)	1930	3542
PB2|PP755596.1|A/cattle/Texas/24-008749-003/2024(H5N1)	1931	3537
PB2|PP755596.1|A/cattle/Texas/24-008749-003/2024(H5N1)	1932	3528
PB2|PP755596.1|A/cattle/Texas/24-008749-003/2024(H5N1)	1933	3528
PB2|PP755596.1|A/cattle/Texas/24-008749-003/2024(H5N1)	1934	3391
PB2|PP755596.1|A/cattle/Texas/24-008749-003/2024(H5N1)	1935	3408
PB2|PP755596.1|A/cattle/Texas/24-008749-003/2024(H5N1)	1936	3392
PB2|PP755596.1|A/cattle/Texas/24-008749-003/2024(H5N1)	1937	3456
PB2|PP755596.1|A/cattle/Texas/24-008749-003/2024(H5N1)	1938	3454
PB2|PP755596.1|A/cattle/Texas/24-008749-003/2024(H5N1)	1939	3457
PB2|PP755596.1|A/cattle/Texas/24-008749-003/2024(H5N1)	1940	3469
PB2|PP755596.1|A/cattle/Texas/24-008749-003/2024(H5N1)	1941	3450
PB2|PP755596.1|A/cattle/Texas/24-008749-003/2024(H5N1)	1942	3413
PB2|PP755596.1|A/cattle/Texas/24-008749-003/2024(H5N1)	1943	3399
PB2|PP755596.1|A/cattle/Texas/24-008749-003/2024(H5N1)	1944	3242
PB2|PP755596.1|A/cattle/Texas/24-008749-003/2024(H5N1)	1945	3253
PB2|PP755596.1|A/cattle/Texas/24-008749-003/2024(H5N1)	1946	3339
PB2|PP755596.1|A/cattle/Texas/24-008749-003/2024(H5N1)	1947	3341
PB2|PP755596.1|A/cattle/Texas/24-008749-003/2024(H5N1)	1948	3344
PB2|PP755596.1|A/cattle/Texas/24-008749-003/2024(H5N1)	1949	3352
PB2|PP755596.1|A/cattle/Texas/24-008749-003/2024(H5N1)	1950	3364
PB2|PP755596.1|A/cattle/Texas/24-008749-003/2024(H5N1)	1951	3352
PB2|PP755596.1|A/cattle/Texas/24-008749-003/2024(H5N1)	1952	3354
PB2|PP755596.1|A/cattle/Texas/24-008749-003/2024(H5N1)	1953	3359
PB2|PP755596.1|A/cattle/Texas/24-008749-003/2024(H5N1)	1954	3343
PB2|PP755596.1|A/cattle/Texas/24-008749-003/2024(H5N1)	1955	3444
PB2|PP755596.1|A/cattle/Texas/24-008749-003/2024(H5N1)	1956	3471
PB2|PP755596.1|A/cattle/Texas/24-008749-003/2024(H5N1)	1957	3477
PB2|PP755596.1|A/cattle/Texas/24-008749-003/2024(H5N1)	1958	3500
PB2|PP755596.1|A/cattle/Texas/24-008749-003/2024(H5N1)	1959	3494
PB2|PP755596.1|A/cattle/Texas/24-008749-003/2024(H5N1)	1960	3508
PB2|PP755596.1|A/cattle/Texas/24-008749-003/2024(H5N1)	1961	3507
PB2|PP755596.1|A/cattle/Texas/24-008749-003/2024(H5N1)	1962	3484
PB2|PP755596.1|A/cattle/Texas/24-008749-003/2024(H5N1)	1963	3525
PB2|PP755596.1|A/cattle/Texas/24-008749-003/2024(H5N1)	1964	3463
PB2|PP755596.1|A/cattle/Texas/24-008749-003/2024(H5N1)	1965	3504
PB2|PP755596.1|A/cattle/Texas/24-008749-003/2024(H5N1)	1966	3569
PB2|PP755596.1|A/cattle/Texas/24-008749-003/2024(H5N1)	1967	3574
PB2|PP755596.1|A/cattle/Texas/24-008749-003/2024(H5N1)	1968	3550
PB2|PP755596.1|A/cattle/Texas/24-008749-003/2024(H5N1)	1969	3545
PB2|PP755596.1|A/cattle/Texas/24-008749-003/2024(H5N1)	1970	3592
PB2|PP755596.1|A/cattle/Texas/24-008749-003/2024(H5N1)	1971	3593
PB2|PP755596.1|A/cattle/Texas/24-008749-003/2024(H5N1)	1972	3744
PB2|PP755596.1|A/cattle/Texas/24-008749-003/2024(H5N1)	1973	3758
PB2|PP755596.1|A/cattle/Texas/24-008749-003/2024(H5N1)	1974	3817
PB2|PP755596.1|A/cattle/Texas/24-008749-003/2024(H5N1)	1975	3808
PB2|PP755596.1|A/cattle/Texas/24-008749-003/2024(H5N1)	1976	3800
PB2|PP755596.1|A/cattle/Texas/24-008749-003/2024(H5N1)	1977	3747
PB2|PP755596.1|A/cattle/Texas/24-008749-003/2024(H5N1)	1978	3740
PB2|PP755596.1|A/cattle/Texas/24-008749-003/2024(H5N1)	1979	3715
PB2|PP755596.1|A/cattle/Texas/24-008749-003/2024(H5N1)	1980	3720
PB2|PP755596.1|A/cattle/Texas/24-008749-003/2024(H5N1)	1981	3765
PB2|PP755596.1|A/cattle/Texas/24-008749-003/2024(H5N1)	1982	3791
PB2|PP755596.1|A/cattle/Texas/24-008749-003/2024(H5N1)	1983	3724
PB2|PP755596.1|A/cattle/Texas/24-008749-003/2024(H5N1)	1984	3764
PB2|PP755596.1|A/cattle/Texas/24-008749-003/2024(H5N1)	1985	3745
PB2|PP755596.1|A/cattle/Texas/24-008749-003/2024(H5N1)	1986	3744
PB2|PP755596.1|A/cattle/Texas/24-008749-003/2024(H5N1)	1987	3892
PB2|PP755596.1|A/cattle/Texas/24-008749-003/2024(H5N1)	1988	3793
PB2|PP755596.1|A/cattle/Texas/24-008749-003/2024(H5N1)	1989	3826
PB2|PP755596.1|A/cattle/Texas/24-008749-003/2024(H5N1)	1990	3775
PB2|PP755596.1|A/cattle/Texas/24-008749-003/2024(H5N1)	1991	3873
PB2|PP755596.1|A/cattle/Texas/24-008749-003/2024(H5N1)	1992	3902
PB2|PP755596.1|A/cattle/Texas/24-008749-003/2024(H5N1)	1993	3853
PB2|PP755596.1|A/cattle/Texas/24-008749-003/2024(H5N1)	1994	3864
PB2|PP755596.1|A/cattle/Texas/24-008749-003/2024(H5N1)	1995	3864
PB2|PP755596.1|A/cattle/Texas/24-008749-003/2024(H5N1)	1996	3865
PB2|PP755596.1|A/cattle/Texas/24-008749-003/2024(H5N1)	1997	3867
PB2|PP755596.1|A/cattle/Texas/24-008749-003/2024(H5N1)	1998	3853
PB2|PP755596.1|A/cattle/Texas/24-008749-003/2024(H5N1)	1999	3929
PB2|PP755596.1|A/cattle/Texas/24-008749-003/2024(H5N1)	2000	3859
PB2|PP755596.1|A/cattle/Texas/24-008749-003/2024(H5N1)	2001	3847
PB2|PP755596.1|A/cattle/Texas/24-008749-003/2024(H5N1)	2002	3841
PB2|PP755596.1|A/cattle/Texas/24-008749-003/2024(H5N1)	2003	3831
PB2|PP755596.1|A/cattle/Texas/24-008749-003/2024(H5N1)	2004	3832
PB2|PP755596.1|A/cattle/Texas/24-008749-003/2024(H5N1)	2005	3833
PB2|PP755596.1|A/cattle/Texas/24-008749-003/2024(H5N1)	2006	3853
PB2|PP755596.1|A/cattle/Texas/24-008749-003/2024(H5N1)	2007	3864
PB2|PP755596.1|A/cattle/Texas/24-008749-003/2024(H5N1)	2008	3750
PB2|PP755596.1|A/cattle/Texas/24-008749-003/2024(H5N1)	2009	3748
PB2|PP755596.1|A/cattle/Texas/24-008749-003/2024(H5N1)	2010	3764
PB2|PP755596.1|A/cattle/Texas/24-008749-003/2024(H5N1)	2011	3779
PB2|PP755596.1|A/cattle/Texas/24-008749-003/2024(H5N1)	2012	3863
PB2|PP755596.1|A/cattle/Texas/24-008749-003/2024(H5N1)	2013	3868
PB2|PP755596.1|A/cattle/Texas/24-008749-003/2024(H5N1)	2014	3870
PB2|PP755596.1|A/cattle/Texas/24-008749-003/2024(H5N1)	2015	3862
PB2|PP755596.1|A/cattle/Texas/24-008749-003/2024(H5N1)	2016	3855
PB2|PP755596.1|A/cattle/Texas/24-008749-003/2024(H5N1)	2017	3866
PB2|PP755596.1|A/cattle/Texas/24-008749-003/2024(H5N1)	2018	3893
PB2|PP755596.1|A/cattle/Texas/24-008749-003/2024(H5N1)	2019	3866
PB2|PP755596.1|A/cattle/Texas/24-008749-003/2024(H5N1)	2020	3883
PB2|PP755596.1|A/cattle/Texas/24-008749-003/2024(H5N1)	2021	3937
PB2|PP755596.1|A/cattle/Texas/24-008749-003/2024(H5N1)	2022	3935
PB2|PP755596.1|A/cattle/Texas/24-008749-003/2024(H5N1)	2023	3935
PB2|PP755596.1|A/cattle/Texas/24-008749-003/2024(H5N1)	2024	3910
PB2|PP755596.1|A/cattle/Texas/24-008749-003/2024(H5N1)	2025	3781
PB2|PP755596.1|A/cattle/Texas/24-008749-003/2024(H5N1)	2026	3779
PB2|PP755596.1|A/cattle/Texas/24-008749-003/2024(H5N1)	2027	3827
PB2|PP755596.1|A/cattle/Texas/24-008749-003/2024(H5N1)	2028	3867
PB2|PP755596.1|A/cattle/Texas/24-008749-003/2024(H5N1)	2029	3868
PB2|PP755596.1|A/cattle/Texas/24-008749-003/2024(H5N1)	2030	3879
PB2|PP755596.1|A/cattle/Texas/24-008749-003/2024(H5N1)	2031	3878
PB2|PP755596.1|A/cattle/Texas/24-008749-003/2024(H5N1)	2032	3902
PB2|PP755596.1|A/cattle/Texas/24-008749-003/2024(H5N1)	2033	3974
PB2|PP755596.1|A/cattle/Texas/24-008749-003/2024(H5N1)	2034	3970
PB2|PP755596.1|A/cattle/Texas/24-008749-003/2024(H5N1)	2035	3936
PB2|PP755596.1|A/cattle/Texas/24-008749-003/2024(H5N1)	2036	3900
PB2|PP755596.1|A/cattle/Texas/24-008749-003/2024(H5N1)	2037	3885
PB2|PP755596.1|A/cattle/Texas/24-008749-003/2024(H5N1)	2038	3968
PB2|PP755596.1|A/cattle/Texas/24-008749-003/2024(H5N1)	2039	4025
PB2|PP755596.1|A/cattle/Texas/24-008749-003/2024(H5N1)	2040	4028
PB2|PP755596.1|A/cattle/Texas/24-008749-003/2024(H5N1)	2041	4004
PB2|PP755596.1|A/cattle/Texas/24-008749-003/2024(H5N1)	2042	3933
PB2|PP755596.1|A/cattle/Texas/24-008749-003/2024(H5N1)	2043	3934
PB2|PP755596.1|A/cattle/Texas/24-008749-003/2024(H5N1)	2044	3986
PB2|PP755596.1|A/cattle/Texas/24-008749-003/2024(H5N1)	2045	4001
PB2|PP755596.1|A/cattle/Texas/24-008749-003/2024(H5N1)	2046	4032
PB2|PP755596.1|A/cattle/Texas/24-008749-003/2024(H5N1)	2047	3966
PB2|PP755596.1|A/cattle/Texas/24-008749-003/2024(H5N1)	2048	3996
PB2|PP755596.1|A/cattle/Texas/24-008749-003/2024(H5N1)	2049	4008
PB2|PP755596.1|A/cattle/Texas/24-008749-003/2024(H5N1)	2050	4027
PB2|PP755596.1|A/cattle/Texas/24-008749-003/2024(H5N1)	2051	4066
PB2|PP755596.1|A/cattle/Texas/24-008749-003/2024(H5N1)	2052	4129
PB2|PP755596.1|A/cattle/Texas/24-008749-003/2024(H5N1)	2053	4223
PB2|PP755596.1|A/cattle/Texas/24-008749-003/2024(H5N1)	2054	4250
PB2|PP755596.1|A/cattle/Texas/24-008749-003/2024(H5N1)	2055	4220
PB2|PP755596.1|A/cattle/Texas/24-008749-003/2024(H5N1)	2056	4229
PB2|PP755596.1|A/cattle/Texas/24-008749-003/2024(H5N1)	2057	4190
PB2|PP755596.1|A/cattle/Texas/24-008749-003/2024(H5N1)	2058	4191
PB2|PP755596.1|A/cattle/Texas/24-008749-003/2024(H5N1)	2059	4151
PB2|PP755596.1|A/cattle/Texas/24-008749-003/2024(H5N1)	2060	4123
PB2|PP755596.1|A/cattle/Texas/24-008749-003/2024(H5N1)	2061	4086
PB2|PP755596.1|A/cattle/Texas/24-008749-003/2024(H5N1)	2062	3974
PB2|PP755596.1|A/cattle/Texas/24-008749-003/2024(H5N1)	2063	3917
PB2|PP755596.1|A/cattle/Texas/24-008749-003/2024(H5N1)	2064	3907
PB2|PP755596.1|A/cattle/Texas/24-008749-003/2024(H5N1)	2065	3904
PB2|PP755596.1|A/cattle/Texas/24-008749-003/2024(H5N1)	2066	3861
PB2|PP755596.1|A/cattle/Texas/24-008749-003/2024(H5N1)	2067	3842
PB2|PP755596.1|A/cattle/Texas/24-008749-003/2024(H5N1)	2068	3978
PB2|PP755596.1|A/cattle/Texas/24-008749-003/2024(H5N1)	2069	3955
PB2|PP755596.1|A/cattle/Texas/24-008749-003/2024(H5N1)	2070	3969
PB2|PP755596.1|A/cattle/Texas/24-008749-003/2024(H5N1)	2071	3977
PB2|PP755596.1|A/cattle/Texas/24-008749-003/2024(H5N1)	2072	3980
PB2|PP755596.1|A/cattle/Texas/24-008749-003/2024(H5N1)	2073	3981
PB2|PP755596.1|A/cattle/Texas/24-008749-003/2024(H5N1)	2074	3969
PB2|PP755596.1|A/cattle/Texas/24-008749-003/2024(H5N1)	2075	3959
PB2|PP755596.1|A/cattle/Texas/24-008749-003/2024(H5N1)	2076	3857
PB2|PP755596.1|A/cattle/Texas/24-008749-003/2024(H5N1)	2077	3788
PB2|PP755596.1|A/cattle/Texas/24-008749-003/2024(H5N1)	2078	3767
PB2|PP755596.1|A/cattle/Texas/24-008749-003/2024(H5N1)	2079	3816
PB2|PP755596.1|A/cattle/Texas/24-008749-003/2024(H5N1)	2080	4090
PB2|PP755596.1|A/cattle/Texas/24-008749-003/2024(H5N1)	2081	4065
PB2|PP755596.1|A/cattle/Texas/24-008749-003/2024(H5N1)	2082	4080
PB2|PP755596.1|A/cattle/Texas/24-008749-003/2024(H5N1)	2083	4072
PB2|PP755596.1|A/cattle/Texas/24-008749-003/2024(H5N1)	2084	4077
PB2|PP755596.1|A/cattle/Texas/24-008749-003/2024(H5N1)	2085	4065
PB2|PP755596.1|A/cattle/Texas/24-008749-003/2024(H5N1)	2086	4095
PB2|PP755596.1|A/cattle/Texas/24-008749-003/2024(H5N1)	2087	4095
PB2|PP755596.1|A/cattle/Texas/24-008749-003/2024(H5N1)	2088	4148
PB2|PP755596.1|A/cattle/Texas/24-008749-003/2024(H5N1)	2089	4144
PB2|PP755596.1|A/cattle/Texas/24-008749-003/2024(H5N1)	2090	4112
PB2|PP755596.1|A/cattle/Texas/24-008749-003/2024(H5N1)	2091	4107
PB2|PP755596.1|A/cattle/Texas/24-008749-003/2024(H5N1)	2092	4097
PB2|PP755596.1|A/cattle/Texas/24-008749-003/2024(H5N1)	2093	4087
PB2|PP755596.1|A/cattle/Texas/24-008749-003/2024(H5N1)	2094	4075
PB2|PP755596.1|A/cattle/Texas/24-008749-003/2024(H5N1)	2095	4076
PB2|PP755596.1|A/cattle/Texas/24-008749-003/2024(H5N1)	2096	4163
PB2|PP755596.1|A/cattle/Texas/24-008749-003/2024(H5N1)	2097	4162
PB2|PP755596.1|A/cattle/Texas/24-008749-003/2024(H5N1)	2098	4206
PB2|PP755596.1|A/cattle/Texas/24-008749-003/2024(H5N1)	2099	4279
PB2|PP755596.1|A/cattle/Texas/24-008749-003/2024(H5N1)	2100	4291
PB2|PP755596.1|A/cattle/Texas/24-008749-003/2024(H5N1)	2101	4316
PB2|PP755596.1|A/cattle/Texas/24-008749-003/2024(H5N1)	2102	4314
PB2|PP755596.1|A/cattle/Texas/24-008749-003/2024(H5N1)	2103	4322
PB2|PP755596.1|A/cattle/Texas/24-008749-003/2024(H5N1)	2104	4316
PB2|PP755596.1|A/cattle/Texas/24-008749-003/2024(H5N1)	2105	4310
PB2|PP755596.1|A/cattle/Texas/24-008749-003/2024(H5N1)	2106	4247
PB2|PP755596.1|A/cattle/Texas/24-008749-003/2024(H5N1)	2107	4253
PB2|PP755596.1|A/cattle/Texas/24-008749-003/2024(H5N1)	2108	4273
PB2|PP755596.1|A/cattle/Texas/24-008749-003/2024(H5N1)	2109	4268
PB2|PP755596.1|A/cattle/Texas/24-008749-003/2024(H5N1)	2110	4247
PB2|PP755596.1|A/cattle/Texas/24-008749-003/2024(H5N1)	2111	4251
PB2|PP755596.1|A/cattle/Texas/24-008749-003/2024(H5N1)	2112	4209
PB2|PP755596.1|A/cattle/Texas/24-008749-003/2024(H5N1)	2113	4214
PB2|PP755596.1|A/cattle/Texas/24-008749-003/2024(H5N1)	2114	4407
PB2|PP755596.1|A/cattle/Texas/24-008749-003/2024(H5N1)	2115	4354
PB2|PP755596.1|A/cattle/Texas/24-008749-003/2024(H5N1)	2116	4319
PB2|PP755596.1|A/cattle/Texas/24-008749-003/2024(H5N1)	2117	4290
PB2|PP755596.1|A/cattle/Texas/24-008749-003/2024(H5N1)	2118	4243
PB2|PP755596.1|A/cattle/Texas/24-008749-003/2024(H5N1)	2119	4369
PB2|PP755596.1|A/cattle/Texas/24-008749-003/2024(H5N1)	2120	4336
PB2|PP755596.1|A/cattle/Texas/24-008749-003/2024(H5N1)	2121	4339
PB2|PP755596.1|A/cattle/Texas/24-008749-003/2024(H5N1)	2122	4331
PB2|PP755596.1|A/cattle/Texas/24-008749-003/2024(H5N1)	2123	4090
PB2|PP755596.1|A/cattle/Texas/24-008749-003/2024(H5N1)	2124	4114
PB2|PP755596.1|A/cattle/Texas/24-008749-003/2024(H5N1)	2125	4062
PB2|PP755596.1|A/cattle/Texas/24-008749-003/2024(H5N1)	2126	4097
PB2|PP755596.1|A/cattle/Texas/24-008749-003/2024(H5N1)	2127	4136
PB2|PP755596.1|A/cattle/Texas/24-008749-003/2024(H5N1)	2128	4037
PB2|PP755596.1|A/cattle/Texas/24-008749-003/2024(H5N1)	2129	4207
PB2|PP755596.1|A/cattle/Texas/24-008749-003/2024(H5N1)	2130	4236
PB2|PP755596.1|A/cattle/Texas/24-008749-003/2024(H5N1)	2131	4241
PB2|PP755596.1|A/cattle/Texas/24-008749-003/2024(H5N1)	2132	4234
PB2|PP755596.1|A/cattle/Texas/24-008749-003/2024(H5N1)	2133	4191
PB2|PP755596.1|A/cattle/Texas/24-008749-003/2024(H5N1)	2134	4207
PB2|PP755596.1|A/cattle/Texas/24-008749-003/2024(H5N1)	2135	4168
PB2|PP755596.1|A/cattle/Texas/24-008749-003/2024(H5N1)	2136	4161
PB2|PP755596.1|A/cattle/Texas/24-008749-003/2024(H5N1)	2137	4144
PB2|PP755596.1|A/cattle/Texas/24-008749-003/2024(H5N1)	2138	4030
PB2|PP755596.1|A/cattle/Texas/24-008749-003/2024(H5N1)	2139	4049
PB2|PP755596.1|A/cattle/Texas/24-008749-003/2024(H5N1)	2140	4050
PB2|PP755596.1|A/cattle/Texas/24-008749-003/2024(H5N1)	2141	4050
PB2|PP755596.1|A/cattle/Texas/24-008749-003/2024(H5N1)	2142	3963
PB2|PP755596.1|A/cattle/Texas/24-008749-003/2024(H5N1)	2143	3934
PB2|PP755596.1|A/cattle/Texas/24-008749-003/2024(H5N1)	2144	3944
PB2|PP755596.1|A/cattle/Texas/24-008749-003/2024(H5N1)	2145	3918
PB2|PP755596.1|A/cattle/Texas/24-008749-003/2024(H5N1)	2146	3916
PB2|PP755596.1|A/cattle/Texas/24-008749-003/2024(H5N1)	2147	3926
PB2|PP755596.1|A/cattle/Texas/24-008749-003/2024(H5N1)	2148	3929
PB2|PP755596.1|A/cattle/Texas/24-008749-003/2024(H5N1)	2149	4032
PB2|PP755596.1|A/cattle/Texas/24-008749-003/2024(H5N1)	2150	3973
PB2|PP755596.1|A/cattle/Texas/24-008749-003/2024(H5N1)	2151	3970
PB2|PP755596.1|A/cattle/Texas/24-008749-003/2024(H5N1)	2152	3968
PB2|PP755596.1|A/cattle/Texas/24-008749-003/2024(H5N1)	2153	3983
PB2|PP755596.1|A/cattle/Texas/24-008749-003/2024(H5N1)	2154	4020
PB2|PP755596.1|A/cattle/Texas/24-008749-003/2024(H5N1)	2155	4047
PB2|PP755596.1|A/cattle/Texas/24-008749-003/2024(H5N1)	2156	4052
PB2|PP755596.1|A/cattle/Texas/24-008749-003/2024(H5N1)	2157	4033
PB2|PP755596.1|A/cattle/Texas/24-008749-003/2024(H5N1)	2158	4048
PB2|PP755596.1|A/cattle/Texas/24-008749-003/2024(H5N1)	2159	4047
PB2|PP755596.1|A/cattle/Texas/24-008749-003/2024(H5N1)	2160	4062
PB2|PP755596.1|A/cattle/Texas/24-008749-003/2024(H5N1)	2161	4096
PB2|PP755596.1|A/cattle/Texas/24-008749-003/2024(H5N1)	2162	4088
PB2|PP755596.1|A/cattle/Texas/24-008749-003/2024(H5N1)	2163	4081
PB2|PP755596.1|A/cattle/Texas/24-008749-003/2024(H5N1)	2164	4705
PB2|PP755596.1|A/cattle/Texas/24-008749-003/2024(H5N1)	2165	4788
PB2|PP755596.1|A/cattle/Texas/24-008749-003/2024(H5N1)	2166	4784
PB2|PP755596.1|A/cattle/Texas/24-008749-003/2024(H5N1)	2167	4776
PB2|PP755596.1|A/cattle/Texas/24-008749-003/2024(H5N1)	2168	4821
PB2|PP755596.1|A/cattle/Texas/24-008749-003/2024(H5N1)	2169	4811
PB2|PP755596.1|A/cattle/Texas/24-008749-003/2024(H5N1)	2170	4833
PB2|PP755596.1|A/cattle/Texas/24-008749-003/2024(H5N1)	2171	4719
PB2|PP755596.1|A/cattle/Texas/24-008749-003/2024(H5N1)	2172	4680
PB2|PP755596.1|A/cattle/Texas/24-008749-003/2024(H5N1)	2173	4675
PB2|PP755596.1|A/cattle/Texas/24-008749-003/2024(H5N1)	2174	4697
PB2|PP755596.1|A/cattle/Texas/24-008749-003/2024(H5N1)	2175	4704
PB2|PP755596.1|A/cattle/Texas/24-008749-003/2024(H5N1)	2176	4685
PB2|PP755596.1|A/cattle/Texas/24-008749-003/2024(H5N1)	2177	4680
PB2|PP755596.1|A/cattle/Texas/24-008749-003/2024(H5N1)	2178	4681
PB2|PP755596.1|A/cattle/Texas/24-008749-003/2024(H5N1)	2179	4672
PB2|PP755596.1|A/cattle/Texas/24-008749-003/2024(H5N1)	2180	4669
PB2|PP755596.1|A/cattle/Texas/24-008749-003/2024(H5N1)	2181	4671
PB2|PP755596.1|A/cattle/Texas/24-008749-003/2024(H5N1)	2182	4648
PB2|PP755596.1|A/cattle/Texas/24-008749-003/2024(H5N1)	2183	4648
PB2|PP755596.1|A/cattle/Texas/24-008749-003/2024(H5N1)	2184	4595
PB2|PP755596.1|A/cattle/Texas/24-008749-003/2024(H5N1)	2185	4600
PB2|PP755596.1|A/cattle/Texas/24-008749-003/2024(H5N1)	2186	4641
PB2|PP755596.1|A/cattle/Texas/24-008749-003/2024(H5N1)	2187	4639
PB2|PP755596.1|A/cattle/Texas/24-008749-003/2024(H5N1)	2188	4650
PB2|PP755596.1|A/cattle/Texas/24-008749-003/2024(H5N1)	2189	4586
PB2|PP755596.1|A/cattle/Texas/24-008749-003/2024(H5N1)	2190	4576
PB2|PP755596.1|A/cattle/Texas/24-008749-003/2024(H5N1)	2191	4570
PB2|PP755596.1|A/cattle/Texas/24-008749-003/2024(H5N1)	2192	4568
PB2|PP755596.1|A/cattle/Texas/24-008749-003/2024(H5N1)	2193	4566
PB2|PP755596.1|A/cattle/Texas/24-008749-003/2024(H5N1)	2194	4630
PB2|PP755596.1|A/cattle/Texas/24-008749-003/2024(H5N1)	2195	4534
PB2|PP755596.1|A/cattle/Texas/24-008749-003/2024(H5N1)	2196	4530
PB2|PP755596.1|A/cattle/Texas/24-008749-003/2024(H5N1)	2197	4433
PB2|PP755596.1|A/cattle/Texas/24-008749-003/2024(H5N1)	2198	4420
PB2|PP755596.1|A/cattle/Texas/24-008749-003/2024(H5N1)	2199	4396
PB2|PP755596.1|A/cattle/Texas/24-008749-003/2024(H5N1)	2200	4385
PB2|PP755596.1|A/cattle/Texas/24-008749-003/2024(H5N1)	2201	4306
PB2|PP755596.1|A/cattle/Texas/24-008749-003/2024(H5N1)	2202	4278
PB2|PP755596.1|A/cattle/Texas/24-008749-003/2024(H5N1)	2203	4172
PB2|PP755596.1|A/cattle/Texas/24-008749-003/2024(H5N1)	2204	4064
PB2|PP755596.1|A/cattle/Texas/24-008749-003/2024(H5N1)	2205	4042
PB2|PP755596.1|A/cattle/Texas/24-008749-003/2024(H5N1)	2206	4035
PB2|PP755596.1|A/cattle/Texas/24-008749-003/2024(H5N1)	2207	4033
PB2|PP755596.1|A/cattle/Texas/24-008749-003/2024(H5N1)	2208	4021
PB2|PP755596.1|A/cattle/Texas/24-008749-003/2024(H5N1)	2209	4007
PB2|PP755596.1|A/cattle/Texas/24-008749-003/2024(H5N1)	2210	4005
PB2|PP755596.1|A/cattle/Texas/24-008749-003/2024(H5N1)	2211	3991
PB2|PP755596.1|A/cattle/Texas/24-008749-003/2024(H5N1)	2212	3988
PB2|PP755596.1|A/cattle/Texas/24-008749-003/2024(H5N1)	2213	3985
PB2|PP755596.1|A/cattle/Texas/24-008749-003/2024(H5N1)	2214	3972
PB2|PP755596.1|A/cattle/Texas/24-008749-003/2024(H5N1)	2215	3963
PB2|PP755596.1|A/cattle/Texas/24-008749-003/2024(H5N1)	2216	3956
PB2|PP755596.1|A/cattle/Texas/24-008749-003/2024(H5N1)	2217	3961
PB2|PP755596.1|A/cattle/Texas/24-008749-003/2024(H5N1)	2218	3959
PB2|PP755596.1|A/cattle/Texas/24-008749-003/2024(H5N1)	2219	3858
PB2|PP755596.1|A/cattle/Texas/24-008749-003/2024(H5N1)	2220	3867
PB2|PP755596.1|A/cattle/Texas/24-008749-003/2024(H5N1)	2221	3857
PB2|PP755596.1|A/cattle/Texas/24-008749-003/2024(H5N1)	2222	3925
PB2|PP755596.1|A/cattle/Texas/24-008749-003/2024(H5N1)	2223	3924
PB2|PP755596.1|A/cattle/Texas/24-008749-003/2024(H5N1)	2224	3919
PB2|PP755596.1|A/cattle/Texas/24-008749-003/2024(H5N1)	2225	3916
PB2|PP755596.1|A/cattle/Texas/24-008749-003/2024(H5N1)	2226	3868
PB2|PP755596.1|A/cattle/Texas/24-008749-003/2024(H5N1)	2227	3862
PB2|PP755596.1|A/cattle/Texas/24-008749-003/2024(H5N1)	2228	3847
PB2|PP755596.1|A/cattle/Texas/24-008749-003/2024(H5N1)	2229	3749
PB2|PP755596.1|A/cattle/Texas/24-008749-003/2024(H5N1)	2230	3765
PB2|PP755596.1|A/cattle/Texas/24-008749-003/2024(H5N1)	2231	3332
PB2|PP755596.1|A/cattle/Texas/24-008749-003/2024(H5N1)	2232	3332
PB2|PP755596.1|A/cattle/Texas/24-008749-003/2024(H5N1)	2233	3290
PB2|PP755596.1|A/cattle/Texas/24-008749-003/2024(H5N1)	2234	3291
PB2|PP755596.1|A/cattle/Texas/24-008749-003/2024(H5N1)	2235	3282
PB2|PP755596.1|A/cattle/Texas/24-008749-003/2024(H5N1)	2236	3286
PB2|PP755596.1|A/cattle/Texas/24-008749-003/2024(H5N1)	2237	3233
PB2|PP755596.1|A/cattle/Texas/24-008749-003/2024(H5N1)	2238	3260
PB2|PP755596.1|A/cattle/Texas/24-008749-003/2024(H5N1)	2239	3084
PB2|PP755596.1|A/cattle/Texas/24-008749-003/2024(H5N1)	2240	3117
PB2|PP755596.1|A/cattle/Texas/24-008749-003/2024(H5N1)	2241	3100
PB2|PP755596.1|A/cattle/Texas/24-008749-003/2024(H5N1)	2242	3099
PB2|PP755596.1|A/cattle/Texas/24-008749-003/2024(H5N1)	2243	3089
PB2|PP755596.1|A/cattle/Texas/24-008749-003/2024(H5N1)	2244	3089
PB2|PP755596.1|A/cattle/Texas/24-008749-003/2024(H5N1)	2245	3085
PB2|PP755596.1|A/cattle/Texas/24-008749-003/2024(H5N1)	2246	3075
PB2|PP755596.1|A/cattle/Texas/24-008749-003/2024(H5N1)	2247	2920
PB2|PP755596.1|A/cattle/Texas/24-008749-003/2024(H5N1)	2248	2918
PB2|PP755596.1|A/cattle/Texas/24-008749-003/2024(H5N1)	2249	2767
PB2|PP755596.1|A/cattle/Texas/24-008749-003/2024(H5N1)	2250	2766
PB2|PP755596.1|A/cattle/Texas/24-008749-003/2024(H5N1)	2251	2748
PB2|PP755596.1|A/cattle/Texas/24-008749-003/2024(H5N1)	2252	2722
PB2|PP755596.1|A/cattle/Texas/24-008749-003/2024(H5N1)	2253	2702
PB2|PP755596.1|A/cattle/Texas/24-008749-003/2024(H5N1)	2254	2698
PB2|PP755596.1|A/cattle/Texas/24-008749-003/2024(H5N1)	2255	2703
PB2|PP755596.1|A/cattle/Texas/24-008749-003/2024(H5N1)	2256	2703
PB2|PP755596.1|A/cattle/Texas/24-008749-003/2024(H5N1)	2257	2695
PB2|PP755596.1|A/cattle/Texas/24-008749-003/2024(H5N1)	2258	2672
PB2|PP755596.1|A/cattle/Texas/24-008749-003/2024(H5N1)	2259	2624
PB2|PP755596.1|A/cattle/Texas/24-008749-003/2024(H5N1)	2260	2600
PB2|PP755596.1|A/cattle/Texas/24-008749-003/2024(H5N1)	2261	2596
PB2|PP755596.1|A/cattle/Texas/24-008749-003/2024(H5N1)	2262	2594
PB2|PP755596.1|A/cattle/Texas/24-008749-003/2024(H5N1)	2263	2587
PB2|PP755596.1|A/cattle/Texas/24-008749-003/2024(H5N1)	2264	2549
PB2|PP755596.1|A/cattle/Texas/24-008749-003/2024(H5N1)	2265	2424
PB2|PP755596.1|A/cattle/Texas/24-008749-003/2024(H5N1)	2266	2423
PB2|PP755596.1|A/cattle/Texas/24-008749-003/2024(H5N1)	2267	2368
PB2|PP755596.1|A/cattle/Texas/24-008749-003/2024(H5N1)	2268	2366
PB2|PP755596.1|A/cattle/Texas/24-008749-003/2024(H5N1)	2269	2362
PB2|PP755596.1|A/cattle/Texas/24-008749-003/2024(H5N1)	2270	2263
PB2|PP755596.1|A/cattle/Texas/24-008749-003/2024(H5N1)	2271	2257
PB2|PP755596.1|A/cattle/Texas/24-008749-003/2024(H5N1)	2272	2254
PB2|PP755596.1|A/cattle/Texas/24-008749-003/2024(H5N1)	2273	2253
PB2|PP755596.1|A/cattle/Texas/24-008749-003/2024(H5N1)	2274	2239
PB2|PP755596.1|A/cattle/Texas/24-008749-003/2024(H5N1)	2275	2238
PB2|PP755596.1|A/cattle/Texas/24-008749-003/2024(H5N1)	2276	2236
PB2|PP755596.1|A/cattle/Texas/24-008749-003/2024(H5N1)	2277	2202
PB2|PP755596.1|A/cattle/Texas/24-008749-003/2024(H5N1)	2278	2148
PB2|PP755596.1|A/cattle/Texas/24-008749-003/2024(H5N1)	2279	2060
PB2|PP755596.1|A/cattle/Texas/24-008749-003/2024(H5N1)	2280	1968
