PB1|PP755595.1|A/cattle/Texas/24-008749-003/2024(H5N1)	1	395
PB1|PP755595.1|A/cattle/Texas/24-008749-003/2024(H5N1)	2	396
PB1|PP755595.1|A/cattle/Texas/24-008749-003/2024(H5N1)	3	397
PB1|PP755595.1|A/cattle/Texas/24-008749-003/2024(H5N1)	4	398
PB1|PP755595.1|A/cattle/Texas/24-008749-003/2024(H5N1)	5	405
PB1|PP755595.1|A/cattle/Texas/24-008749-003/2024(H5N1)	6	408
PB1|PP755595.1|A/cattle/Texas/24-008749-003/2024(H5N1)	7	410
PB1|PP755595.1|A/cattle/Texas/24-008749-003/2024(H5N1)	8	410
PB1|PP755595.1|A/cattle/Texas/24-008749-003/2024(H5N1)	9	415
PB1|PP755595.1|A/cattle/Texas/24-008749-003/2024(H5N1)	10	415
PB1|PP755595.1|A/cattle/Texas/24-008749-003/2024(H5N1)	11	415
PB1|PP755595.1|A/cattle/Texas/24-008749-003/2024(H5N1)	12	415
PB1|PP755595.1|A/cattle/Texas/24-008749-003/2024(H5N1)	13	415
PB1|PP755595.1|A/cattle/Texas/24-008749-003/2024(H5N1)	14	419
PB1|PP755595.1|A/cattle/Texas/24-008749-003/2024(H5N1)	15	431
PB1|PP755595.1|A/cattle/Texas/24-008749-003/2024(H5N1)	16	440
PB1|PP755595.1|A/cattle/Texas/24-008749-003/2024(H5N1)	17	440
PB1|PP755595.1|A/cattle/Texas/24-008749-003/2024(H5N1)	18	440
PB1|PP755595.1|A/cattle/Texas/24-008749-003/2024(H5N1)	19	444
PB1|PP755595.1|A/cattle/Texas/24-008749-003/2024(H5N1)	20	444
PB1|PP755595.1|A/cattle/Texas/24-008749-003/2024(H5N1)	21	445
PB1|PP755595.1|A/cattle/Texas/24-008749-003/2024(H5N1)	22	445
PB1|PP755595.1|A/cattle/Texas/24-008749-003/2024(H5N1)	23	447
PB1|PP755595.1|A/cattle/Texas/24-008749-003/2024(H5N1)	24	447
PB1|PP755595.1|A/cattle/Texas/24-008749-003/2024(H5N1)	25	447
PB1|PP755595.1|A/cattle/Texas/24-008749-003/2024(H5N1)	26	457
PB1|PP755595.1|A/cattle/Texas/24-008749-003/2024(H5N1)	27	458
PB1|PP755595.1|A/cattle/Texas/24-008749-003/2024(H5N1)	28	459
PB1|PP755595.1|A/cattle/Texas/24-008749-003/2024(H5N1)	29	461
PB1|PP755595.1|A/cattle/Texas/24-008749-003/2024(H5N1)	30	463
PB1|PP755595.1|A/cattle/Texas/24-008749-003/2024(H5N1)	31	464
PB1|PP755595.1|A/cattle/Texas/24-008749-003/2024(H5N1)	32	464
PB1|PP755595.1|A/cattle/Texas/24-008749-003/2024(H5N1)	33	464
PB1|PP755595.1|A/cattle/Texas/24-008749-003/2024(H5N1)	34	474
PB1|PP755595.1|A/cattle/Texas/24-008749-003/2024(H5N1)	35	474
PB1|PP755595.1|A/cattle/Texas/24-008749-003/2024(H5N1)	36	474
PB1|PP755595.1|A/cattle/Texas/24-008749-003/2024(H5N1)	37	475
PB1|PP755595.1|A/cattle/Texas/24-008749-003/2024(H5N1)	38	475
PB1|PP755595.1|A/cattle/Texas/24-008749-003/2024(H5N1)	39	476
PB1|PP755595.1|A/cattle/Texas/24-008749-003/2024(H5N1)	40	488
PB1|PP755595.1|A/cattle/Texas/24-008749-003/2024(H5N1)	41	492
PB1|PP755595.1|A/cattle/Texas/24-008749-003/2024(H5N1)	42	492
PB1|PP755595.1|A/cattle/Texas/24-008749-003/2024(H5N1)	43	492
PB1|PP755595.1|A/cattle/Texas/24-008749-003/2024(H5N1)	44	492
PB1|PP755595.1|A/cattle/Texas/24-008749-003/2024(H5N1)	45	494
PB1|PP755595.1|A/cattle/Texas/24-008749-003/2024(H5N1)	46	494
PB1|PP755595.1|A/cattle/Texas/24-008749-003/2024(H5N1)	47	496
PB1|PP755595.1|A/cattle/Texas/24-008749-003/2024(H5N1)	48	505
PB1|PP755595.1|A/cattle/Texas/24-008749-003/2024(H5N1)	49	523
PB1|PP755595.1|A/cattle/Texas/24-008749-003/2024(H5N1)	50	526
PB1|PP755595.1|A/cattle/Texas/24-008749-003/2024(H5N1)	51	529
PB1|PP755595.1|A/cattle/Texas/24-008749-003/2024(H5N1)	52	534
PB1|PP755595.1|A/cattle/Texas/24-008749-003/2024(H5N1)	53	537
PB1|PP755595.1|A/cattle/Texas/24-008749-003/2024(H5N1)	54	560
PB1|PP755595.1|A/cattle/Texas/24-008749-003/2024(H5N1)	55	560
PB1|PP755595.1|A/cattle/Texas/24-008749-003/2024(H5N1)	56	582
PB1|PP755595.1|A/cattle/Texas/24-008749-003/2024(H5N1)	57	586
PB1|PP755595.1|A/cattle/Texas/24-008749-003/2024(H5N1)	58	596
PB1|PP755595.1|A/cattle/Texas/24-008749-003/2024(H5N1)	59	599
PB1|PP755595.1|A/cattle/Texas/24-008749-003/2024(H5N1)	60	600
PB1|PP755595.1|A/cattle/Texas/24-008749-003/2024(H5N1)	61	600
PB1|PP755595.1|A/cattle/Texas/24-008749-003/2024(H5N1)	62	602
PB1|PP755595.1|A/cattle/Texas/24-008749-003/2024(H5N1)	63	602
PB1|PP755595.1|A/cattle/Texas/24-008749-003/2024(H5N1)	64	602
PB1|PP755595.1|A/cattle/Texas/24-008749-003/2024(H5N1)	65	602
PB1|PP755595.1|A/cattle/Texas/24-008749-003/2024(H5N1)	66	661
PB1|PP755595.1|A/cattle/Texas/24-008749-003/2024(H5N1)	67	661
PB1|PP755595.1|A/cattle/Texas/24-008749-003/2024(H5N1)	68	661
PB1|PP755595.1|A/cattle/Texas/24-008749-003/2024(H5N1)	69	661
PB1|PP755595.1|A/cattle/Texas/24-008749-003/2024(H5N1)	70	662
PB1|PP755595.1|A/cattle/Texas/24-008749-003/2024(H5N1)	71	669
PB1|PP755595.1|A/cattle/Texas/24-008749-003/2024(H5N1)	72	675
PB1|PP755595.1|A/cattle/Texas/24-008749-003/2024(H5N1)	73	676
PB1|PP755595.1|A/cattle/Texas/24-008749-003/2024(H5N1)	74	678
PB1|PP755595.1|A/cattle/Texas/24-008749-003/2024(H5N1)	75	679
PB1|PP755595.1|A/cattle/Texas/24-008749-003/2024(H5N1)	76	684
PB1|PP755595.1|A/cattle/Texas/24-008749-003/2024(H5N1)	77	684
PB1|PP755595.1|A/cattle/Texas/24-008749-003/2024(H5N1)	78	684
PB1|PP755595.1|A/cattle/Texas/24-008749-003/2024(H5N1)	79	684
PB1|PP755595.1|A/cattle/Texas/24-008749-003/2024(H5N1)	80	686
PB1|PP755595.1|A/cattle/Texas/24-008749-003/2024(H5N1)	81	686
PB1|PP755595.1|A/cattle/Texas/24-008749-003/2024(H5N1)	82	712
PB1|PP755595.1|A/cattle/Texas/24-008749-003/2024(H5N1)	83	712
PB1|PP755595.1|A/cattle/Texas/24-008749-003/2024(H5N1)	84	718
PB1|PP755595.1|A/cattle/Texas/24-008749-003/2024(H5N1)	85	737
PB1|PP755595.1|A/cattle/Texas/24-008749-003/2024(H5N1)	86	739
PB1|PP755595.1|A/cattle/Texas/24-008749-003/2024(H5N1)	87	741
PB1|PP755595.1|A/cattle/Texas/24-008749-003/2024(H5N1)	88	741
PB1|PP755595.1|A/cattle/Texas/24-008749-003/2024(H5N1)	89	741
PB1|PP755595.1|A/cattle/Texas/24-008749-003/2024(H5N1)	90	741
PB1|PP755595.1|A/cattle/Texas/24-008749-003/2024(H5N1)	91	741
PB1|PP755595.1|A/cattle/Texas/24-008749-003/2024(H5N1)	92	761
PB1|PP755595.1|A/cattle/Texas/24-008749-003/2024(H5N1)	93	777
PB1|PP755595.1|A/cattle/Texas/24-008749-003/2024(H5N1)	94	769
PB1|PP755595.1|A/cattle/Texas/24-008749-003/2024(H5N1)	95	769
PB1|PP755595.1|A/cattle/Texas/24-008749-003/2024(H5N1)	96	770
PB1|PP755595.1|A/cattle/Texas/24-008749-003/2024(H5N1)	97	770
PB1|PP755595.1|A/cattle/Texas/24-008749-003/2024(H5N1)	98	786
PB1|PP755595.1|A/cattle/Texas/24-008749-003/2024(H5N1)	99	786
PB1|PP755595.1|A/cattle/Texas/24-008749-003/2024(H5N1)	100	787
PB1|PP755595.1|A/cattle/Texas/24-008749-003/2024(H5N1)	101	787
PB1|PP755595.1|A/cattle/Texas/24-008749-003/2024(H5N1)	102	787
PB1|PP755595.1|A/cattle/Texas/24-008749-003/2024(H5N1)	103	796
PB1|PP755595.1|A/cattle/Texas/24-008749-003/2024(H5N1)	104	810
PB1|PP755595.1|A/cattle/Texas/24-008749-003/2024(H5N1)	105	810
PB1|PP755595.1|A/cattle/Texas/24-008749-003/2024(H5N1)	106	815
PB1|PP755595.1|A/cattle/Texas/24-008749-003/2024(H5N1)	107	815
PB1|PP755595.1|A/cattle/Texas/24-008749-003/2024(H5N1)	108	826
PB1|PP755595.1|A/cattle/Texas/24-008749-003/2024(H5N1)	109	866
PB1|PP755595.1|A/cattle/Texas/24-008749-003/2024(H5N1)	110	877
PB1|PP755595.1|A/cattle/Texas/24-008749-003/2024(H5N1)	111	877
PB1|PP755595.1|A/cattle/Texas/24-008749-003/2024(H5N1)	112	877
PB1|PP755595.1|A/cattle/Texas/24-008749-003/2024(H5N1)	113	875
PB1|PP755595.1|A/cattle/Texas/24-008749-003/2024(H5N1)	114	840
PB1|PP755595.1|A/cattle/Texas/24-008749-003/2024(H5N1)	115	845
PB1|PP755595.1|A/cattle/Texas/24-008749-003/2024(H5N1)	116	855
PB1|PP755595.1|A/cattle/Texas/24-008749-003/2024(H5N1)	117	843
PB1|PP755595.1|A/cattle/Texas/24-008749-003/2024(H5N1)	118	866
PB1|PP755595.1|A/cattle/Texas/24-008749-003/2024(H5N1)	119	866
PB1|PP755595.1|A/cattle/Texas/24-008749-003/2024(H5N1)	120	870
PB1|PP755595.1|A/cattle/Texas/24-008749-003/2024(H5N1)	121	871
PB1|PP755595.1|A/cattle/Texas/24-008749-003/2024(H5N1)	122	872
PB1|PP755595.1|A/cattle/Texas/24-008749-003/2024(H5N1)	123	880
PB1|PP755595.1|A/cattle/Texas/24-008749-003/2024(H5N1)	124	875
PB1|PP755595.1|A/cattle/Texas/24-008749-003/2024(H5N1)	125	878
PB1|PP755595.1|A/cattle/Texas/24-008749-003/2024(H5N1)	126	887
PB1|PP755595.1|A/cattle/Texas/24-008749-003/2024(H5N1)	127	892
PB1|PP755595.1|A/cattle/Texas/24-008749-003/2024(H5N1)	128	897
PB1|PP755595.1|A/cattle/Texas/24-008749-003/2024(H5N1)	129	912
PB1|PP755595.1|A/cattle/Texas/24-008749-003/2024(H5N1)	130	913
PB1|PP755595.1|A/cattle/Texas/24-008749-003/2024(H5N1)	131	913
PB1|PP755595.1|A/cattle/Texas/24-008749-003/2024(H5N1)	132	916
PB1|PP755595.1|A/cattle/Texas/24-008749-003/2024(H5N1)	133	917
PB1|PP755595.1|A/cattle/Texas/24-008749-003/2024(H5N1)	134	939
PB1|PP755595.1|A/cattle/Texas/24-008749-003/2024(H5N1)	135	937
PB1|PP755595.1|A/cattle/Texas/24-008749-003/2024(H5N1)	136	935
PB1|PP755595.1|A/cattle/Texas/24-008749-003/2024(H5N1)	137	946
PB1|PP755595.1|A/cattle/Texas/24-008749-003/2024(H5N1)	138	937
PB1|PP755595.1|A/cattle/Texas/24-008749-003/2024(H5N1)	139	969
PB1|PP755595.1|A/cattle/Texas/24-008749-003/2024(H5N1)	140	967
PB1|PP755595.1|A/cattle/Texas/24-008749-003/2024(H5N1)	141	982
PB1|PP755595.1|A/cattle/Texas/24-008749-003/2024(H5N1)	142	987
PB1|PP755595.1|A/cattle/Texas/24-008749-003/2024(H5N1)	143	969
PB1|PP755595.1|A/cattle/Texas/24-008749-003/2024(H5N1)	144	973
PB1|PP755595.1|A/cattle/Texas/24-008749-003/2024(H5N1)	145	973
PB1|PP755595.1|A/cattle/Texas/24-008749-003/2024(H5N1)	146	971
PB1|PP755595.1|A/cattle/Texas/24-008749-003/2024(H5N1)	147	971
PB1|PP755595.1|A/cattle/Texas/24-008749-003/2024(H5N1)	148	941
PB1|PP755595.1|A/cattle/Texas/24-008749-003/2024(H5N1)	149	941
PB1|PP755595.1|A/cattle/Texas/24-008749-003/2024(H5N1)	150	933
PB1|PP755595.1|A/cattle/Texas/24-008749-003/2024(H5N1)	151	933
PB1|PP755595.1|A/cattle/Texas/24-008749-003/2024(H5N1)	152	933
PB1|PP755595.1|A/cattle/Texas/24-008749-003/2024(H5N1)	153	900
PB1|PP755595.1|A/cattle/Texas/24-008749-003/2024(H5N1)	154	900
PB1|PP755595.1|A/cattle/Texas/24-008749-003/2024(H5N1)	155	892
PB1|PP755595.1|A/cattle/Texas/24-008749-003/2024(H5N1)	156	892
PB1|PP755595.1|A/cattle/Texas/24-008749-003/2024(H5N1)	157	903
PB1|PP755595.1|A/cattle/Texas/24-008749-003/2024(H5N1)	158	909
PB1|PP755595.1|A/cattle/Texas/24-008749-003/2024(H5N1)	159	907
PB1|PP755595.1|A/cattle/Texas/24-008749-003/2024(H5N1)	160	969
PB1|PP755595.1|A/cattle/Texas/24-008749-003/2024(H5N1)	161	969
PB1|PP755595.1|A/cattle/Texas/24-008749-003/2024(H5N1)	162	972
PB1|PP755595.1|A/cattle/Texas/24-008749-003/2024(H5N1)	163	972
PB1|PP755595.1|A/cattle/Texas/24-008749-003/2024(H5N1)	164	974
PB1|PP755595.1|A/cattle/Texas/24-008749-003/2024(H5N1)	165	976
PB1|PP755595.1|A/cattle/Texas/24-008749-003/2024(H5N1)	166	976
PB1|PP755595.1|A/cattle/Texas/24-008749-003/2024(H5N1)	167	983
PB1|PP755595.1|A/cattle/Texas/24-008749-003/2024(H5N1)	168	983
PB1|PP755595.1|A/cattle/Texas/24-008749-003/2024(H5N1)	169	992
PB1|PP755595.1|A/cattle/Texas/24-008749-003/2024(H5N1)	170	994
PB1|PP755595.1|A/cattle/Texas/24-008749-003/2024(H5N1)	171	994
PB1|PP755595.1|A/cattle/Texas/24-008749-003/2024(H5N1)	172	990
PB1|PP755595.1|A/cattle/Texas/24-008749-003/2024(H5N1)	173	989
PB1|PP755595.1|A/cattle/Texas/24-008749-003/2024(H5N1)	174	992
PB1|PP755595.1|A/cattle/Texas/24-008749-003/2024(H5N1)	175	993
PB1|PP755595.1|A/cattle/Texas/24-008749-003/2024(H5N1)	176	993
PB1|PP755595.1|A/cattle/Texas/24-008749-003/2024(H5N1)	177	990
PB1|PP755595.1|A/cattle/Texas/24-008749-003/2024(H5N1)	178	990
PB1|PP755595.1|A/cattle/Texas/24-008749-003/2024(H5N1)	179	992
PB1|PP755595.1|A/cattle/Texas/24-008749-003/2024(H5N1)	180	997
PB1|PP755595.1|A/cattle/Texas/24-008749-003/2024(H5N1)	181	997
PB1|PP755595.1|A/cattle/Texas/24-008749-003/2024(H5N1)	182	1000
PB1|PP755595.1|A/cattle/Texas/24-008749-003/2024(H5N1)	183	994
PB1|PP755595.1|A/cattle/Texas/24-008749-003/2024(H5N1)	184	994
PB1|PP755595.1|A/cattle/Texas/24-008749-003/2024(H5N1)	185	1009
PB1|PP755595.1|A/cattle/Texas/24-008749-003/2024(H5N1)	186	1007
PB1|PP755595.1|A/cattle/Texas/24-008749-003/2024(H5N1)	187	1006
PB1|PP755595.1|A/cattle/Texas/24-008749-003/2024(H5N1)	188	1015
PB1|PP755595.1|A/cattle/Texas/24-008749-003/2024(H5N1)	189	1019
PB1|PP755595.1|A/cattle/Texas/24-008749-003/2024(H5N1)	190	1072
PB1|PP755595.1|A/cattle/Texas/24-008749-003/2024(H5N1)	191	1070
PB1|PP755595.1|A/cattle/Texas/24-008749-003/2024(H5N1)	192	1068
PB1|PP755595.1|A/cattle/Texas/24-008749-003/2024(H5N1)	193	1081
PB1|PP755595.1|A/cattle/Texas/24-008749-003/2024(H5N1)	194	1079
PB1|PP755595.1|A/cattle/Texas/24-008749-003/2024(H5N1)	195	1092
PB1|PP755595.1|A/cattle/Texas/24-008749-003/2024(H5N1)	196	1092
PB1|PP755595.1|A/cattle/Texas/24-008749-003/2024(H5N1)	197	1092
PB1|PP755595.1|A/cattle/Texas/24-008749-003/2024(H5N1)	198	1089
PB1|PP755595.1|A/cattle/Texas/24-008749-003/2024(H5N1)	199	1060
PB1|PP755595.1|A/cattle/Texas/24-008749-003/2024(H5N1)	200	1070
PB1|PP755595.1|A/cattle/Texas/24-008749-003/2024(H5N1)	201	1070
PB1|PP755595.1|A/cattle/Texas/24-008749-003/2024(H5N1)	202	1069
PB1|PP755595.1|A/cattle/Texas/24-008749-003/2024(H5N1)	203	1071
PB1|PP755595.1|A/cattle/Texas/24-008749-003/2024(H5N1)	204	1058
PB1|PP755595.1|A/cattle/Texas/24-008749-003/2024(H5N1)	205	1069
PB1|PP755595.1|A/cattle/Texas/24-008749-003/2024(H5N1)	206	1073
PB1|PP755595.1|A/cattle/Texas/24-008749-003/2024(H5N1)	207	1073
PB1|PP755595.1|A/cattle/Texas/24-008749-003/2024(H5N1)	208	1073
PB1|PP755595.1|A/cattle/Texas/24-008749-003/2024(H5N1)	209	1058
PB1|PP755595.1|A/cattle/Texas/24-008749-003/2024(H5N1)	210	1054
PB1|PP755595.1|A/cattle/Texas/24-008749-003/2024(H5N1)	211	1054
PB1|PP755595.1|A/cattle/Texas/24-008749-003/2024(H5N1)	212	1052
PB1|PP755595.1|A/cattle/Texas/24-008749-003/2024(H5N1)	213	975
PB1|PP755595.1|A/cattle/Texas/24-008749-003/2024(H5N1)	214	975
PB1|PP755595.1|A/cattle/Texas/24-008749-003/2024(H5N1)	215	975
PB1|PP755595.1|A/cattle/Texas/24-008749-003/2024(H5N1)	216	975
PB1|PP755595.1|A/cattle/Texas/24-008749-003/2024(H5N1)	217	975
PB1|PP755595.1|A/cattle/Texas/24-008749-003/2024(H5N1)	218	975
PB1|PP755595.1|A/cattle/Texas/24-008749-003/2024(H5N1)	219	986
PB1|PP755595.1|A/cattle/Texas/24-008749-003/2024(H5N1)	220	1023
PB1|PP755595.1|A/cattle/Texas/24-008749-003/2024(H5N1)	221	1023
PB1|PP755595.1|A/cattle/Texas/24-008749-003/2024(H5N1)	222	1023
PB1|PP755595.1|A/cattle/Texas/24-008749-003/2024(H5N1)	223	1028
PB1|PP755595.1|A/cattle/Texas/24-008749-003/2024(H5N1)	224	1031
PB1|PP755595.1|A/cattle/Texas/24-008749-003/2024(H5N1)	225	1031
PB1|PP755595.1|A/cattle/Texas/24-008749-003/2024(H5N1)	226	1036
PB1|PP755595.1|A/cattle/Texas/24-008749-003/2024(H5N1)	227	1036
PB1|PP755595.1|A/cattle/Texas/24-008749-003/2024(H5N1)	228	1043
PB1|PP755595.1|A/cattle/Texas/24-008749-003/2024(H5N1)	229	1016
PB1|PP755595.1|A/cattle/Texas/24-008749-003/2024(H5N1)	230	1016
PB1|PP755595.1|A/cattle/Texas/24-008749-003/2024(H5N1)	231	1016
PB1|PP755595.1|A/cattle/Texas/24-008749-003/2024(H5N1)	232	1020
PB1|PP755595.1|A/cattle/Texas/24-008749-003/2024(H5N1)	233	1022
PB1|PP755595.1|A/cattle/Texas/24-008749-003/2024(H5N1)	234	1016
PB1|PP755595.1|A/cattle/Texas/24-008749-003/2024(H5N1)	235	1100
PB1|PP755595.1|A/cattle/Texas/24-008749-003/2024(H5N1)	236	1100
PB1|PP755595.1|A/cattle/Texas/24-008749-003/2024(H5N1)	237	1102
PB1|PP755595.1|A/cattle/Texas/24-008749-003/2024(H5N1)	238	1102
PB1|PP755595.1|A/cattle/Texas/24-008749-003/2024(H5N1)	239	1102
PB1|PP755595.1|A/cattle/Texas/24-008749-003/2024(H5N1)	240	1102
PB1|PP755595.1|A/cattle/Texas/24-008749-003/2024(H5N1)	241	1104
PB1|PP755595.1|A/cattle/Texas/24-008749-003/2024(H5N1)	242	1124
PB1|PP755595.1|A/cattle/Texas/24-008749-003/2024(H5N1)	243	1124
PB1|PP755595.1|A/cattle/Texas/24-008749-003/2024(H5N1)	244	1124
PB1|PP755595.1|A/cattle/Texas/24-008749-003/2024(H5N1)	245	1127
PB1|PP755595.1|A/cattle/Texas/24-008749-003/2024(H5N1)	246	1136
PB1|PP755595.1|A/cattle/Texas/24-008749-003/2024(H5N1)	247	1142
PB1|PP755595.1|A/cattle/Texas/24-008749-003/2024(H5N1)	248	1142
PB1|PP755595.1|A/cattle/Texas/24-008749-003/2024(H5N1)	249	1142
PB1|PP755595.1|A/cattle/Texas/24-008749-003/2024(H5N1)	250	1141
PB1|PP755595.1|A/cattle/Texas/24-008749-003/2024(H5N1)	251	1109
PB1|PP755595.1|A/cattle/Texas/24-008749-003/2024(H5N1)	252	1108
PB1|PP755595.1|A/cattle/Texas/24-008749-003/2024(H5N1)	253	1108
PB1|PP755595.1|A/cattle/Texas/24-008749-003/2024(H5N1)	254	1106
PB1|PP755595.1|A/cattle/Texas/24-008749-003/2024(H5N1)	255	1060
PB1|PP755595.1|A/cattle/Texas/24-008749-003/2024(H5N1)	256	1060
PB1|PP755595.1|A/cattle/Texas/24-008749-003/2024(H5N1)	257	1054
PB1|PP755595.1|A/cattle/Texas/24-008749-003/2024(H5N1)	258	1054
PB1|PP755595.1|A/cattle/Texas/24-008749-003/2024(H5N1)	259	1054
PB1|PP755595.1|A/cattle/Texas/24-008749-003/2024(H5N1)	260	1054
PB1|PP755595.1|A/cattle/Texas/24-008749-003/2024(H5N1)	261	1054
PB1|PP755595.1|A/cattle/Texas/24-008749-003/2024(H5N1)	262	1054
PB1|PP755595.1|A/cattle/Texas/24-008749-003/2024(H5N1)	263	1052
PB1|PP755595.1|A/cattle/Texas/24-008749-003/2024(H5N1)	264	1052
PB1|PP755595.1|A/cattle/Texas/24-008749-003/2024(H5N1)	265	1052
PB1|PP755595.1|A/cattle/Texas/24-008749-003/2024(H5N1)	266	1054
PB1|PP755595.1|A/cattle/Texas/24-008749-003/2024(H5N1)	267	1054
PB1|PP755595.1|A/cattle/Texas/24-008749-003/2024(H5N1)	268	1128
PB1|PP755595.1|A/cattle/Texas/24-008749-003/2024(H5N1)	269	1128
PB1|PP755595.1|A/cattle/Texas/24-008749-003/2024(H5N1)	270	1131
PB1|PP755595.1|A/cattle/Texas/24-008749-003/2024(H5N1)	271	1135
PB1|PP755595.1|A/cattle/Texas/24-008749-003/2024(H5N1)	272	1141
PB1|PP755595.1|A/cattle/Texas/24-008749-003/2024(H5N1)	273	1141
PB1|PP755595.1|A/cattle/Texas/24-008749-003/2024(H5N1)	274	1141
PB1|PP755595.1|A/cattle/Texas/24-008749-003/2024(H5N1)	275	1142
PB1|PP755595.1|A/cattle/Texas/24-008749-003/2024(H5N1)	276	1146
PB1|PP755595.1|A/cattle/Texas/24-008749-003/2024(H5N1)	277	1131
PB1|PP755595.1|A/cattle/Texas/24-008749-003/2024(H5N1)	278	1137
PB1|PP755595.1|A/cattle/Texas/24-008749-003/2024(H5N1)	279	1142
PB1|PP755595.1|A/cattle/Texas/24-008749-003/2024(H5N1)	280	1142
PB1|PP755595.1|A/cattle/Texas/24-008749-003/2024(H5N1)	281	1207
PB1|PP755595.1|A/cattle/Texas/24-008749-003/2024(H5N1)	282	1210
PB1|PP755595.1|A/cattle/Texas/24-008749-003/2024(H5N1)	283	1212
PB1|PP755595.1|A/cattle/Texas/24-008749-003/2024(H5N1)	284	1211
PB1|PP755595.1|A/cattle/Texas/24-008749-003/2024(H5N1)	285	1207
PB1|PP755595.1|A/cattle/Texas/24-008749-003/2024(H5N1)	286	1221
PB1|PP755595.1|A/cattle/Texas/24-008749-003/2024(H5N1)	287	1220
PB1|PP755595.1|A/cattle/Texas/24-008749-003/2024(H5N1)	288	1203
PB1|PP755595.1|A/cattle/Texas/24-008749-003/2024(H5N1)	289	1203
PB1|PP755595.1|A/cattle/Texas/24-008749-003/2024(H5N1)	290	1166
PB1|PP755595.1|A/cattle/Texas/24-008749-003/2024(H5N1)	291	1199
PB1|PP755595.1|A/cattle/Texas/24-008749-003/2024(H5N1)	292	1204
PB1|PP755595.1|A/cattle/Texas/24-008749-003/2024(H5N1)	293	1205
PB1|PP755595.1|A/cattle/Texas/24-008749-003/2024(H5N1)	294	1206
PB1|PP755595.1|A/cattle/Texas/24-008749-003/2024(H5N1)	295	1194
PB1|PP755595.1|A/cattle/Texas/24-008749-003/2024(H5N1)	296	1202
PB1|PP755595.1|A/cattle/Texas/24-008749-003/2024(H5N1)	297	1210
PB1|PP755595.1|A/cattle/Texas/24-008749-003/2024(H5N1)	298	1214
PB1|PP755595.1|A/cattle/Texas/24-008749-003/2024(H5N1)	299	1214
PB1|PP755595.1|A/cattle/Texas/24-008749-003/2024(H5N1)	300	1139
PB1|PP755595.1|A/cattle/Texas/24-008749-003/2024(H5N1)	301	1141
PB1|PP755595.1|A/cattle/Texas/24-008749-003/2024(H5N1)	302	1138
PB1|PP755595.1|A/cattle/Texas/24-008749-003/2024(H5N1)	303	1138
PB1|PP755595.1|A/cattle/Texas/24-008749-003/2024(H5N1)	304	1144
PB1|PP755595.1|A/cattle/Texas/24-008749-003/2024(H5N1)	305	1136
PB1|PP755595.1|A/cattle/Texas/24-008749-003/2024(H5N1)	306	1129
PB1|PP755595.1|A/cattle/Texas/24-008749-003/2024(H5N1)	307	1124
PB1|PP755595.1|A/cattle/Texas/24-008749-003/2024(H5N1)	308	1125
PB1|PP755595.1|A/cattle/Texas/24-008749-003/2024(H5N1)	309	1125
PB1|PP755595.1|A/cattle/Texas/24-008749-003/2024(H5N1)	310	1125
PB1|PP755595.1|A/cattle/Texas/24-008749-003/2024(H5N1)	311	1125
PB1|PP755595.1|A/cattle/Texas/24-008749-003/2024(H5N1)	312	1125
PB1|PP755595.1|A/cattle/Texas/24-008749-003/2024(H5N1)	313	1125
PB1|PP755595.1|A/cattle/Texas/24-008749-003/2024(H5N1)	314	1124
PB1|PP755595.1|A/cattle/Texas/24-008749-003/2024(H5N1)	315	1126
PB1|PP755595.1|A/cattle/Texas/24-008749-003/2024(H5N1)	316	1131
PB1|PP755595.1|A/cattle/Texas/24-008749-003/2024(H5N1)	317	1130
PB1|PP755595.1|A/cattle/Texas/24-008749-003/2024(H5N1)	318	1028
PB1|PP755595.1|A/cattle/Texas/24-008749-003/2024(H5N1)	319	1040
PB1|PP755595.1|A/cattle/Texas/24-008749-003/2024(H5N1)	320	1052
PB1|PP755595.1|A/cattle/Texas/24-008749-003/2024(H5N1)	321	1053
PB1|PP755595.1|A/cattle/Texas/24-008749-003/2024(H5N1)	322	1053
PB1|PP755595.1|A/cattle/Texas/24-008749-003/2024(H5N1)	323	1052
PB1|PP755595.1|A/cattle/Texas/24-008749-003/2024(H5N1)	324	1031
PB1|PP755595.1|A/cattle/Texas/24-008749-003/2024(H5N1)	325	1031
PB1|PP755595.1|A/cattle/Texas/24-008749-003/2024(H5N1)	326	1032
PB1|PP755595.1|A/cattle/Texas/24-008749-003/2024(H5N1)	327	1030
PB1|PP755595.1|A/cattle/Texas/24-008749-003/2024(H5N1)	328	1031
PB1|PP755595.1|A/cattle/Texas/24-008749-003/2024(H5N1)	329	1024
PB1|PP755595.1|A/cattle/Texas/24-008749-003/2024(H5N1)	330	1029
PB1|PP755595.1|A/cattle/Texas/24-008749-003/2024(H5N1)	331	1028
PB1|PP755595.1|A/cattle/Texas/24-008749-003/2024(H5N1)	332	1028
PB1|PP755595.1|A/cattle/Texas/24-008749-003/2024(H5N1)	333	1028
PB1|PP755595.1|A/cattle/Texas/24-008749-003/2024(H5N1)	334	1028
PB1|PP755595.1|A/cattle/Texas/24-008749-003/2024(H5N1)	335	1024
PB1|PP755595.1|A/cattle/Texas/24-008749-003/2024(H5N1)	336	1024
PB1|PP755595.1|A/cattle/Texas/24-008749-003/2024(H5N1)	337	1023
PB1|PP755595.1|A/cattle/Texas/24-008749-003/2024(H5N1)	338	1018
PB1|PP755595.1|A/cattle/Texas/24-008749-003/2024(H5N1)	339	1003
PB1|PP755595.1|A/cattle/Texas/24-008749-003/2024(H5N1)	340	1004
PB1|PP755595.1|A/cattle/Texas/24-008749-003/2024(H5N1)	341	1005
PB1|PP755595.1|A/cattle/Texas/24-008749-003/2024(H5N1)	342	1006
PB1|PP755595.1|A/cattle/Texas/24-008749-003/2024(H5N1)	343	1006
PB1|PP755595.1|A/cattle/Texas/24-008749-003/2024(H5N1)	344	1004
PB1|PP755595.1|A/cattle/Texas/24-008749-003/2024(H5N1)	345	1018
PB1|PP755595.1|A/cattle/Texas/24-008749-003/2024(H5N1)	346	1019
PB1|PP755595.1|A/cattle/Texas/24-008749-003/2024(H5N1)	347	1025
PB1|PP755595.1|A/cattle/Texas/24-008749-003/2024(H5N1)	348	1026
PB1|PP755595.1|A/cattle/Texas/24-008749-003/2024(H5N1)	349	1024
PB1|PP755595.1|A/cattle/Texas/24-008749-003/2024(H5N1)	350	1019
PB1|PP755595.1|A/cattle/Texas/24-008749-003/2024(H5N1)	351	1019
PB1|PP755595.1|A/cattle/Texas/24-008749-003/2024(H5N1)	352	1017
PB1|PP755595.1|A/cattle/Texas/24-008749-003/2024(H5N1)	353	1016
PB1|PP755595.1|A/cattle/Texas/24-008749-003/2024(H5N1)	354	1003
PB1|PP755595.1|A/cattle/Texas/24-008749-003/2024(H5N1)	355	999
PB1|PP755595.1|A/cattle/Texas/24-008749-003/2024(H5N1)	356	982
PB1|PP755595.1|A/cattle/Texas/24-008749-003/2024(H5N1)	357	978
PB1|PP755595.1|A/cattle/Texas/24-008749-003/2024(H5N1)	358	977
PB1|PP755595.1|A/cattle/Texas/24-008749-003/2024(H5N1)	359	973
PB1|PP755595.1|A/cattle/Texas/24-008749-003/2024(H5N1)	360	971
PB1|PP755595.1|A/cattle/Texas/24-008749-003/2024(H5N1)	361	957
PB1|PP755595.1|A/cattle/Texas/24-008749-003/2024(H5N1)	362	956
PB1|PP755595.1|A/cattle/Texas/24-008749-003/2024(H5N1)	363	465
PB1|PP755595.1|A/cattle/Texas/24-008749-003/2024(H5N1)	364	465
PB1|PP755595.1|A/cattle/Texas/24-008749-003/2024(H5N1)	365	465
PB1|PP755595.1|A/cattle/Texas/24-008749-003/2024(H5N1)	366	465
PB1|PP755595.1|A/cattle/Texas/24-008749-003/2024(H5N1)	367	465
PB1|PP755595.1|A/cattle/Texas/24-008749-003/2024(H5N1)	368	465
PB1|PP755595.1|A/cattle/Texas/24-008749-003/2024(H5N1)	369	465
PB1|PP755595.1|A/cattle/Texas/24-008749-003/2024(H5N1)	370	466
PB1|PP755595.1|A/cattle/Texas/24-008749-003/2024(H5N1)	371	466
PB1|PP755595.1|A/cattle/Texas/24-008749-003/2024(H5N1)	372	466
PB1|PP755595.1|A/cattle/Texas/24-008749-003/2024(H5N1)	373	466
PB1|PP755595.1|A/cattle/Texas/24-008749-003/2024(H5N1)	374	466
PB1|PP755595.1|A/cattle/Texas/24-008749-003/2024(H5N1)	375	466
PB1|PP755595.1|A/cattle/Texas/24-008749-003/2024(H5N1)	376	466
PB1|PP755595.1|A/cattle/Texas/24-008749-003/2024(H5N1)	377	466
PB1|PP755595.1|A/cattle/Texas/24-008749-003/2024(H5N1)	378	465
PB1|PP755595.1|A/cattle/Texas/24-008749-003/2024(H5N1)	379	466
PB1|PP755595.1|A/cattle/Texas/24-008749-003/2024(H5N1)	380	466
PB1|PP755595.1|A/cattle/Texas/24-008749-003/2024(H5N1)	381	466
PB1|PP755595.1|A/cattle/Texas/24-008749-003/2024(H5N1)	382	466
PB1|PP755595.1|A/cattle/Texas/24-008749-003/2024(H5N1)	383	466
PB1|PP755595.1|A/cattle/Texas/24-008749-003/2024(H5N1)	384	466
PB1|PP755595.1|A/cattle/Texas/24-008749-003/2024(H5N1)	385	468
PB1|PP755595.1|A/cattle/Texas/24-008749-003/2024(H5N1)	386	468
PB1|PP755595.1|A/cattle/Texas/24-008749-003/2024(H5N1)	387	468
PB1|PP755595.1|A/cattle/Texas/24-008749-003/2024(H5N1)	388	468
PB1|PP755595.1|A/cattle/Texas/24-008749-003/2024(H5N1)	389	468
PB1|PP755595.1|A/cattle/Texas/24-008749-003/2024(H5N1)	390	468
PB1|PP755595.1|A/cattle/Texas/24-008749-003/2024(H5N1)	391	468
PB1|PP755595.1|A/cattle/Texas/24-008749-003/2024(H5N1)	392	468
PB1|PP755595.1|A/cattle/Texas/24-008749-003/2024(H5N1)	393	468
PB1|PP755595.1|A/cattle/Texas/24-008749-003/2024(H5N1)	394	468
PB1|PP755595.1|A/cattle/Texas/24-008749-003/2024(H5N1)	395	468
PB1|PP755595.1|A/cattle/Texas/24-008749-003/2024(H5N1)	396	464
PB1|PP755595.1|A/cattle/Texas/24-008749-003/2024(H5N1)	397	463
PB1|PP755595.1|A/cattle/Texas/24-008749-003/2024(H5N1)	398	463
PB1|PP755595.1|A/cattle/Texas/24-008749-003/2024(H5N1)	399	463
PB1|PP755595.1|A/cattle/Texas/24-008749-003/2024(H5N1)	400	463
PB1|PP755595.1|A/cattle/Texas/24-008749-003/2024(H5N1)	401	461
PB1|PP755595.1|A/cattle/Texas/24-008749-003/2024(H5N1)	402	461
PB1|PP755595.1|A/cattle/Texas/24-008749-003/2024(H5N1)	403	461
PB1|PP755595.1|A/cattle/Texas/24-008749-003/2024(H5N1)	404	459
PB1|PP755595.1|A/cattle/Texas/24-008749-003/2024(H5N1)	405	459
PB1|PP755595.1|A/cattle/Texas/24-008749-003/2024(H5N1)	406	459
PB1|PP755595.1|A/cattle/Texas/24-008749-003/2024(H5N1)	407	459
PB1|PP755595.1|A/cattle/Texas/24-008749-003/2024(H5N1)	408	459
PB1|PP755595.1|A/cattle/Texas/24-008749-003/2024(H5N1)	409	459
PB1|PP755595.1|A/cattle/Texas/24-008749-003/2024(H5N1)	410	459
PB1|PP755595.1|A/cattle/Texas/24-008749-003/2024(H5N1)	411	459
PB1|PP755595.1|A/cattle/Texas/24-008749-003/2024(H5N1)	412	459
PB1|PP755595.1|A/cattle/Texas/24-008749-003/2024(H5N1)	413	459
PB1|PP755595.1|A/cattle/Texas/24-008749-003/2024(H5N1)	414	459
PB1|PP755595.1|A/cattle/Texas/24-008749-003/2024(H5N1)	415	466
PB1|PP755595.1|A/cattle/Texas/24-008749-003/2024(H5N1)	416	466
PB1|PP755595.1|A/cattle/Texas/24-008749-003/2024(H5N1)	417	466
PB1|PP755595.1|A/cattle/Texas/24-008749-003/2024(H5N1)	418	466
PB1|PP755595.1|A/cattle/Texas/24-008749-003/2024(H5N1)	419	466
PB1|PP755595.1|A/cattle/Texas/24-008749-003/2024(H5N1)	420	466
PB1|PP755595.1|A/cattle/Texas/24-008749-003/2024(H5N1)	421	466
PB1|PP755595.1|A/cattle/Texas/24-008749-003/2024(H5N1)	422	466
PB1|PP755595.1|A/cattle/Texas/24-008749-003/2024(H5N1)	423	466
PB1|PP755595.1|A/cattle/Texas/24-008749-003/2024(H5N1)	424	466
PB1|PP755595.1|A/cattle/Texas/24-008749-003/2024(H5N1)	425	465
PB1|PP755595.1|A/cattle/Texas/24-008749-003/2024(H5N1)	426	464
PB1|PP755595.1|A/cattle/Texas/24-008749-003/2024(H5N1)	427	464
PB1|PP755595.1|A/cattle/Texas/24-008749-003/2024(H5N1)	428	464
PB1|PP755595.1|A/cattle/Texas/24-008749-003/2024(H5N1)	429	464
PB1|PP755595.1|A/cattle/Texas/24-008749-003/2024(H5N1)	430	465
PB1|PP755595.1|A/cattle/Texas/24-008749-003/2024(H5N1)	431	465
PB1|PP755595.1|A/cattle/Texas/24-008749-003/2024(H5N1)	432	465
PB1|PP755595.1|A/cattle/Texas/24-008749-003/2024(H5N1)	433	468
PB1|PP755595.1|A/cattle/Texas/24-008749-003/2024(H5N1)	434	531
PB1|PP755595.1|A/cattle/Texas/24-008749-003/2024(H5N1)	435	534
PB1|PP755595.1|A/cattle/Texas/24-008749-003/2024(H5N1)	436	841
PB1|PP755595.1|A/cattle/Texas/24-008749-003/2024(H5N1)	437	921
PB1|PP755595.1|A/cattle/Texas/24-008749-003/2024(H5N1)	438	922
PB1|PP755595.1|A/cattle/Texas/24-008749-003/2024(H5N1)	439	935
PB1|PP755595.1|A/cattle/Texas/24-008749-003/2024(H5N1)	440	935
PB1|PP755595.1|A/cattle/Texas/24-008749-003/2024(H5N1)	441	935
PB1|PP755595.1|A/cattle/Texas/24-008749-003/2024(H5N1)	442	939
PB1|PP755595.1|A/cattle/Texas/24-008749-003/2024(H5N1)	443	941
PB1|PP755595.1|A/cattle/Texas/24-008749-003/2024(H5N1)	444	941
PB1|PP755595.1|A/cattle/Texas/24-008749-003/2024(H5N1)	445	946
PB1|PP755595.1|A/cattle/Texas/24-008749-003/2024(H5N1)	446	946
PB1|PP755595.1|A/cattle/Texas/24-008749-003/2024(H5N1)	447	951
PB1|PP755595.1|A/cattle/Texas/24-008749-003/2024(H5N1)	448	951
PB1|PP755595.1|A/cattle/Texas/24-008749-003/2024(H5N1)	449	968
PB1|PP755595.1|A/cattle/Texas/24-008749-003/2024(H5N1)	450	968
PB1|PP755595.1|A/cattle/Texas/24-008749-003/2024(H5N1)	451	966
PB1|PP755595.1|A/cattle/Texas/24-008749-003/2024(H5N1)	452	987
PB1|PP755595.1|A/cattle/Texas/24-008749-003/2024(H5N1)	453	980
PB1|PP755595.1|A/cattle/Texas/24-008749-003/2024(H5N1)	454	982
PB1|PP755595.1|A/cattle/Texas/24-008749-003/2024(H5N1)	455	981
PB1|PP755595.1|A/cattle/Texas/24-008749-003/2024(H5N1)	456	966
PB1|PP755595.1|A/cattle/Texas/24-008749-003/2024(H5N1)	457	966
PB1|PP755595.1|A/cattle/Texas/24-008749-003/2024(H5N1)	458	966
PB1|PP755595.1|A/cattle/Texas/24-008749-003/2024(H5N1)	459	978
PB1|PP755595.1|A/cattle/Texas/24-008749-003/2024(H5N1)	460	970
PB1|PP755595.1|A/cattle/Texas/24-008749-003/2024(H5N1)	461	1024
PB1|PP755595.1|A/cattle/Texas/24-008749-003/2024(H5N1)	462	1026
PB1|PP755595.1|A/cattle/Texas/24-008749-003/2024(H5N1)	463	1026
PB1|PP755595.1|A/cattle/Texas/24-008749-003/2024(H5N1)	464	1025
PB1|PP755595.1|A/cattle/Texas/24-008749-003/2024(H5N1)	465	1022
PB1|PP755595.1|A/cattle/Texas/24-008749-003/2024(H5N1)	466	1032
PB1|PP755595.1|A/cattle/Texas/24-008749-003/2024(H5N1)	467	1032
PB1|PP755595.1|A/cattle/Texas/24-008749-003/2024(H5N1)	468	1024
PB1|PP755595.1|A/cattle/Texas/24-008749-003/2024(H5N1)	469	1027
PB1|PP755595.1|A/cattle/Texas/24-008749-003/2024(H5N1)	470	981
PB1|PP755595.1|A/cattle/Texas/24-008749-003/2024(H5N1)	471	981
PB1|PP755595.1|A/cattle/Texas/24-008749-003/2024(H5N1)	472	979
PB1|PP755595.1|A/cattle/Texas/24-008749-003/2024(H5N1)	473	979
PB1|PP755595.1|A/cattle/Texas/24-008749-003/2024(H5N1)	474	978
PB1|PP755595.1|A/cattle/Texas/24-008749-003/2024(H5N1)	475	984
PB1|PP755595.1|A/cattle/Texas/24-008749-003/2024(H5N1)	476	982
PB1|PP755595.1|A/cattle/Texas/24-008749-003/2024(H5N1)	477	982
PB1|PP755595.1|A/cattle/Texas/24-008749-003/2024(H5N1)	478	980
PB1|PP755595.1|A/cattle/Texas/24-008749-003/2024(H5N1)	479	980
PB1|PP755595.1|A/cattle/Texas/24-008749-003/2024(H5N1)	480	967
PB1|PP755595.1|A/cattle/Texas/24-008749-003/2024(H5N1)	481	965
PB1|PP755595.1|A/cattle/Texas/24-008749-003/2024(H5N1)	482	965
PB1|PP755595.1|A/cattle/Texas/24-008749-003/2024(H5N1)	483	965
PB1|PP755595.1|A/cattle/Texas/24-008749-003/2024(H5N1)	484	965
PB1|PP755595.1|A/cattle/Texas/24-008749-003/2024(H5N1)	485	998
PB1|PP755595.1|A/cattle/Texas/24-008749-003/2024(H5N1)	486	988
PB1|PP755595.1|A/cattle/Texas/24-008749-003/2024(H5N1)	487	1016
PB1|PP755595.1|A/cattle/Texas/24-008749-003/2024(H5N1)	488	1023
PB1|PP755595.1|A/cattle/Texas/24-008749-003/2024(H5N1)	489	1024
PB1|PP755595.1|A/cattle/Texas/24-008749-003/2024(H5N1)	490	1028
PB1|PP755595.1|A/cattle/Texas/24-008749-003/2024(H5N1)	491	1026
PB1|PP755595.1|A/cattle/Texas/24-008749-003/2024(H5N1)	492	1027
PB1|PP755595.1|A/cattle/Texas/24-008749-003/2024(H5N1)	493	1028
PB1|PP755595.1|A/cattle/Texas/24-008749-003/2024(H5N1)	494	1012
PB1|PP755595.1|A/cattle/Texas/24-008749-003/2024(H5N1)	495	1013
PB1|PP755595.1|A/cattle/Texas/24-008749-003/2024(H5N1)	496	1009
PB1|PP755595.1|A/cattle/Texas/24-008749-003/2024(H5N1)	497	1011
PB1|PP755595.1|A/cattle/Texas/24-008749-003/2024(H5N1)	498	1019
PB1|PP755595.1|A/cattle/Texas/24-008749-003/2024(H5N1)	499	1020
PB1|PP755595.1|A/cattle/Texas/24-008749-003/2024(H5N1)	500	1020
PB1|PP755595.1|A/cattle/Texas/24-008749-003/2024(H5N1)	501	1023
PB1|PP755595.1|A/cattle/Texas/24-008749-003/2024(H5N1)	502	1023
PB1|PP755595.1|A/cattle/Texas/24-008749-003/2024(H5N1)	503	1025
PB1|PP755595.1|A/cattle/Texas/24-008749-003/2024(H5N1)	504	1030
PB1|PP755595.1|A/cattle/Texas/24-008749-003/2024(H5N1)	505	1036
PB1|PP755595.1|A/cattle/Texas/24-008749-003/2024(H5N1)	506	1032
PB1|PP755595.1|A/cattle/Texas/24-008749-003/2024(H5N1)	507	1017
PB1|PP755595.1|A/cattle/Texas/24-008749-003/2024(H5N1)	508	1040
PB1|PP755595.1|A/cattle/Texas/24-008749-003/2024(H5N1)	509	1037
PB1|PP755595.1|A/cattle/Texas/24-008749-003/2024(H5N1)	510	1039
PB1|PP755595.1|A/cattle/Texas/24-008749-003/2024(H5N1)	511	1040
PB1|PP755595.1|A/cattle/Texas/24-008749-003/2024(H5N1)	512	1040
PB1|PP755595.1|A/cattle/Texas/24-008749-003/2024(H5N1)	513	1040
PB1|PP755595.1|A/cattle/Texas/24-008749-003/2024(H5N1)	514	1026
PB1|PP755595.1|A/cattle/Texas/24-008749-003/2024(H5N1)	515	1035
PB1|PP755595.1|A/cattle/Texas/24-008749-003/2024(H5N1)	516	1034
PB1|PP755595.1|A/cattle/Texas/24-008749-003/2024(H5N1)	517	1025
PB1|PP755595.1|A/cattle/Texas/24-008749-003/2024(H5N1)	518	1029
PB1|PP755595.1|A/cattle/Texas/24-008749-003/2024(H5N1)	519	1024
PB1|PP755595.1|A/cattle/Texas/24-008749-003/2024(H5N1)	520	1022
PB1|PP755595.1|A/cattle/Texas/24-008749-003/2024(H5N1)	521	1021
PB1|PP755595.1|A/cattle/Texas/24-008749-003/2024(H5N1)	522	1027
PB1|PP755595.1|A/cattle/Texas/24-008749-003/2024(H5N1)	523	1026
PB1|PP755595.1|A/cattle/Texas/24-008749-003/2024(H5N1)	524	1021
PB1|PP755595.1|A/cattle/Texas/24-008749-003/2024(H5N1)	525	1023
PB1|PP755595.1|A/cattle/Texas/24-008749-003/2024(H5N1)	526	1019
PB1|PP755595.1|A/cattle/Texas/24-008749-003/2024(H5N1)	527	1017
PB1|PP755595.1|A/cattle/Texas/24-008749-003/2024(H5N1)	528	1017
PB1|PP755595.1|A/cattle/Texas/24-008749-003/2024(H5N1)	529	1017
PB1|PP755595.1|A/cattle/Texas/24-008749-003/2024(H5N1)	530	1017
PB1|PP755595.1|A/cattle/Texas/24-008749-003/2024(H5N1)	531	1004
PB1|PP755595.1|A/cattle/Texas/24-008749-003/2024(H5N1)	532	1003
PB1|PP755595.1|A/cattle/Texas/24-008749-003/2024(H5N1)	533	1005
PB1|PP755595.1|A/cattle/Texas/24-008749-003/2024(H5N1)	534	1006
PB1|PP755595.1|A/cattle/Texas/24-008749-003/2024(H5N1)	535	1006
PB1|PP755595.1|A/cattle/Texas/24-008749-003/2024(H5N1)	536	1005
PB1|PP755595.1|A/cattle/Texas/24-008749-003/2024(H5N1)	537	1008
PB1|PP755595.1|A/cattle/Texas/24-008749-003/2024(H5N1)	538	1008
PB1|PP755595.1|A/cattle/Texas/24-008749-003/2024(H5N1)	539	1010
PB1|PP755595.1|A/cattle/Texas/24-008749-003/2024(H5N1)	540	1011
PB1|PP755595.1|A/cattle/Texas/24-008749-003/2024(H5N1)	541	1019
PB1|PP755595.1|A/cattle/Texas/24-008749-003/2024(H5N1)	542	1037
PB1|PP755595.1|A/cattle/Texas/24-008749-003/2024(H5N1)	543	1035
PB1|PP755595.1|A/cattle/Texas/24-008749-003/2024(H5N1)	544	1035
PB1|PP755595.1|A/cattle/Texas/24-008749-003/2024(H5N1)	545	1035
PB1|PP755595.1|A/cattle/Texas/24-008749-003/2024(H5N1)	546	1030
PB1|PP755595.1|A/cattle/Texas/24-008749-003/2024(H5N1)	547	1026
PB1|PP755595.1|A/cattle/Texas/24-008749-003/2024(H5N1)	548	1026
PB1|PP755595.1|A/cattle/Texas/24-008749-003/2024(H5N1)	549	1024
PB1|PP755595.1|A/cattle/Texas/24-008749-003/2024(H5N1)	550	1026
PB1|PP755595.1|A/cattle/Texas/24-008749-003/2024(H5N1)	551	1011
PB1|PP755595.1|A/cattle/Texas/24-008749-003/2024(H5N1)	552	1017
PB1|PP755595.1|A/cattle/Texas/24-008749-003/2024(H5N1)	553	1011
PB1|PP755595.1|A/cattle/Texas/24-008749-003/2024(H5N1)	554	1013
PB1|PP755595.1|A/cattle/Texas/24-008749-003/2024(H5N1)	555	1013
PB1|PP755595.1|A/cattle/Texas/24-008749-003/2024(H5N1)	556	1011
PB1|PP755595.1|A/cattle/Texas/24-008749-003/2024(H5N1)	557	1009
PB1|PP755595.1|A/cattle/Texas/24-008749-003/2024(H5N1)	558	972
PB1|PP755595.1|A/cattle/Texas/24-008749-003/2024(H5N1)	559	971
PB1|PP755595.1|A/cattle/Texas/24-008749-003/2024(H5N1)	560	971
PB1|PP755595.1|A/cattle/Texas/24-008749-003/2024(H5N1)	561	966
PB1|PP755595.1|A/cattle/Texas/24-008749-003/2024(H5N1)	562	970
PB1|PP755595.1|A/cattle/Texas/24-008749-003/2024(H5N1)	563	971
PB1|PP755595.1|A/cattle/Texas/24-008749-003/2024(H5N1)	564	976
PB1|PP755595.1|A/cattle/Texas/24-008749-003/2024(H5N1)	565	980
PB1|PP755595.1|A/cattle/Texas/24-008749-003/2024(H5N1)	566	986
PB1|PP755595.1|A/cattle/Texas/24-008749-003/2024(H5N1)	567	988
PB1|PP755595.1|A/cattle/Texas/24-008749-003/2024(H5N1)	568	988
PB1|PP755595.1|A/cattle/Texas/24-008749-003/2024(H5N1)	569	1039
PB1|PP755595.1|A/cattle/Texas/24-008749-003/2024(H5N1)	570	1036
PB1|PP755595.1|A/cattle/Texas/24-008749-003/2024(H5N1)	571	1043
PB1|PP755595.1|A/cattle/Texas/24-008749-003/2024(H5N1)	572	1037
PB1|PP755595.1|A/cattle/Texas/24-008749-003/2024(H5N1)	573	1032
PB1|PP755595.1|A/cattle/Texas/24-008749-003/2024(H5N1)	574	1032
PB1|PP755595.1|A/cattle/Texas/24-008749-003/2024(H5N1)	575	1045
PB1|PP755595.1|A/cattle/Texas/24-008749-003/2024(H5N1)	576	1066
PB1|PP755595.1|A/cattle/Texas/24-008749-003/2024(H5N1)	577	1077
PB1|PP755595.1|A/cattle/Texas/24-008749-003/2024(H5N1)	578	1085
PB1|PP755595.1|A/cattle/Texas/24-008749-003/2024(H5N1)	579	1099
PB1|PP755595.1|A/cattle/Texas/24-008749-003/2024(H5N1)	580	1088
PB1|PP755595.1|A/cattle/Texas/24-008749-003/2024(H5N1)	581	1092
PB1|PP755595.1|A/cattle/Texas/24-008749-003/2024(H5N1)	582	1077
PB1|PP755595.1|A/cattle/Texas/24-008749-003/2024(H5N1)	583	1079
PB1|PP755595.1|A/cattle/Texas/24-008749-003/2024(H5N1)	584	1077
PB1|PP755595.1|A/cattle/Texas/24-008749-003/2024(H5N1)	585	1059
PB1|PP755595.1|A/cattle/Texas/24-008749-003/2024(H5N1)	586	1059
PB1|PP755595.1|A/cattle/Texas/24-008749-003/2024(H5N1)	587	1064
PB1|PP755595.1|A/cattle/Texas/24-008749-003/2024(H5N1)	588	1060
PB1|PP755595.1|A/cattle/Texas/24-008749-003/2024(H5N1)	589	1058
PB1|PP755595.1|A/cattle/Texas/24-008749-003/2024(H5N1)	590	1054
PB1|PP755595.1|A/cattle/Texas/24-008749-003/2024(H5N1)	591	1053
PB1|PP755595.1|A/cattle/Texas/24-008749-003/2024(H5N1)	592	1070
PB1|PP755595.1|A/cattle/Texas/24-008749-003/2024(H5N1)	593	1070
PB1|PP755595.1|A/cattle/Texas/24-008749-003/2024(H5N1)	594	1067
PB1|PP755595.1|A/cattle/Texas/24-008749-003/2024(H5N1)	595	1067
PB1|PP755595.1|A/cattle/Texas/24-008749-003/2024(H5N1)	596	1068
PB1|PP755595.1|A/cattle/Texas/24-008749-003/2024(H5N1)	597	1066
PB1|PP755595.1|A/cattle/Texas/24-008749-003/2024(H5N1)	598	1066
PB1|PP755595.1|A/cattle/Texas/24-008749-003/2024(H5N1)	599	1064
PB1|PP755595.1|A/cattle/Texas/24-008749-003/2024(H5N1)	600	1059
PB1|PP755595.1|A/cattle/Texas/24-008749-003/2024(H5N1)	601	1058
PB1|PP755595.1|A/cattle/Texas/24-008749-003/2024(H5N1)	602	1056
PB1|PP755595.1|A/cattle/Texas/24-008749-003/2024(H5N1)	603	1056
PB1|PP755595.1|A/cattle/Texas/24-008749-003/2024(H5N1)	604	1056
PB1|PP755595.1|A/cattle/Texas/24-008749-003/2024(H5N1)	605	1052
PB1|PP755595.1|A/cattle/Texas/24-008749-003/2024(H5N1)	606	1051
PB1|PP755595.1|A/cattle/Texas/24-008749-003/2024(H5N1)	607	963
PB1|PP755595.1|A/cattle/Texas/24-008749-003/2024(H5N1)	608	963
PB1|PP755595.1|A/cattle/Texas/24-008749-003/2024(H5N1)	609	963
PB1|PP755595.1|A/cattle/Texas/24-008749-003/2024(H5N1)	610	963
PB1|PP755595.1|A/cattle/Texas/24-008749-003/2024(H5N1)	611	963
PB1|PP755595.1|A/cattle/Texas/24-008749-003/2024(H5N1)	612	963
PB1|PP755595.1|A/cattle/Texas/24-008749-003/2024(H5N1)	613	977
PB1|PP755595.1|A/cattle/Texas/24-008749-003/2024(H5N1)	614	977
PB1|PP755595.1|A/cattle/Texas/24-008749-003/2024(H5N1)	615	977
PB1|PP755595.1|A/cattle/Texas/24-008749-003/2024(H5N1)	616	977
PB1|PP755595.1|A/cattle/Texas/24-008749-003/2024(H5N1)	617	977
PB1|PP755595.1|A/cattle/Texas/24-008749-003/2024(H5N1)	618	974
PB1|PP755595.1|A/cattle/Texas/24-008749-003/2024(H5N1)	619	972
PB1|PP755595.1|A/cattle/Texas/24-008749-003/2024(H5N1)	620	949
PB1|PP755595.1|A/cattle/Texas/24-008749-003/2024(H5N1)	621	954
PB1|PP755595.1|A/cattle/Texas/24-008749-003/2024(H5N1)	622	954
PB1|PP755595.1|A/cattle/Texas/24-008749-003/2024(H5N1)	623	954
PB1|PP755595.1|A/cattle/Texas/24-008749-003/2024(H5N1)	624	954
PB1|PP755595.1|A/cattle/Texas/24-008749-003/2024(H5N1)	625	954
PB1|PP755595.1|A/cattle/Texas/24-008749-003/2024(H5N1)	626	954
PB1|PP755595.1|A/cattle/Texas/24-008749-003/2024(H5N1)	627	954
PB1|PP755595.1|A/cattle/Texas/24-008749-003/2024(H5N1)	628	954
PB1|PP755595.1|A/cattle/Texas/24-008749-003/2024(H5N1)	629	949
PB1|PP755595.1|A/cattle/Texas/24-008749-003/2024(H5N1)	630	946
PB1|PP755595.1|A/cattle/Texas/24-008749-003/2024(H5N1)	631	945
PB1|PP755595.1|A/cattle/Texas/24-008749-003/2024(H5N1)	632	945
PB1|PP755595.1|A/cattle/Texas/24-008749-003/2024(H5N1)	633	910
PB1|PP755595.1|A/cattle/Texas/24-008749-003/2024(H5N1)	634	910
PB1|PP755595.1|A/cattle/Texas/24-008749-003/2024(H5N1)	635	910
PB1|PP755595.1|A/cattle/Texas/24-008749-003/2024(H5N1)	636	910
PB1|PP755595.1|A/cattle/Texas/24-008749-003/2024(H5N1)	637	910
PB1|PP755595.1|A/cattle/Texas/24-008749-003/2024(H5N1)	638	910
PB1|PP755595.1|A/cattle/Texas/24-008749-003/2024(H5N1)	639	912
PB1|PP755595.1|A/cattle/Texas/24-008749-003/2024(H5N1)	640	908
PB1|PP755595.1|A/cattle/Texas/24-008749-003/2024(H5N1)	641	890
PB1|PP755595.1|A/cattle/Texas/24-008749-003/2024(H5N1)	642	890
PB1|PP755595.1|A/cattle/Texas/24-008749-003/2024(H5N1)	643	890
PB1|PP755595.1|A/cattle/Texas/24-008749-003/2024(H5N1)	644	890
PB1|PP755595.1|A/cattle/Texas/24-008749-003/2024(H5N1)	645	879
PB1|PP755595.1|A/cattle/Texas/24-008749-003/2024(H5N1)	646	872
PB1|PP755595.1|A/cattle/Texas/24-008749-003/2024(H5N1)	647	872
PB1|PP755595.1|A/cattle/Texas/24-008749-003/2024(H5N1)	648	867
PB1|PP755595.1|A/cattle/Texas/24-008749-003/2024(H5N1)	649	867
PB1|PP755595.1|A/cattle/Texas/24-008749-003/2024(H5N1)	650	867
PB1|PP755595.1|A/cattle/Texas/24-008749-003/2024(H5N1)	651	816
PB1|PP755595.1|A/cattle/Texas/24-008749-003/2024(H5N1)	652	816
PB1|PP755595.1|A/cattle/Texas/24-008749-003/2024(H5N1)	653	816
PB1|PP755595.1|A/cattle/Texas/24-008749-003/2024(H5N1)	654	816
PB1|PP755595.1|A/cattle/Texas/24-008749-003/2024(H5N1)	655	855
PB1|PP755595.1|A/cattle/Texas/24-008749-003/2024(H5N1)	656	855
PB1|PP755595.1|A/cattle/Texas/24-008749-003/2024(H5N1)	657	857
PB1|PP755595.1|A/cattle/Texas/24-008749-003/2024(H5N1)	658	857
PB1|PP755595.1|A/cattle/Texas/24-008749-003/2024(H5N1)	659	857
PB1|PP755595.1|A/cattle/Texas/24-008749-003/2024(H5N1)	660	857
PB1|PP755595.1|A/cattle/Texas/24-008749-003/2024(H5N1)	661	857
PB1|PP755595.1|A/cattle/Texas/24-008749-003/2024(H5N1)	662	853
PB1|PP755595.1|A/cattle/Texas/24-008749-003/2024(H5N1)	663	851
PB1|PP755595.1|A/cattle/Texas/24-008749-003/2024(H5N1)	664	848
PB1|PP755595.1|A/cattle/Texas/24-008749-003/2024(H5N1)	665	856
PB1|PP755595.1|A/cattle/Texas/24-008749-003/2024(H5N1)	666	856
PB1|PP755595.1|A/cattle/Texas/24-008749-003/2024(H5N1)	667	857
PB1|PP755595.1|A/cattle/Texas/24-008749-003/2024(H5N1)	668	855
PB1|PP755595.1|A/cattle/Texas/24-008749-003/2024(H5N1)	669	855
PB1|PP755595.1|A/cattle/Texas/24-008749-003/2024(H5N1)	670	856
PB1|PP755595.1|A/cattle/Texas/24-008749-003/2024(H5N1)	671	841
PB1|PP755595.1|A/cattle/Texas/24-008749-003/2024(H5N1)	672	851
PB1|PP755595.1|A/cattle/Texas/24-008749-003/2024(H5N1)	673	846
PB1|PP755595.1|A/cattle/Texas/24-008749-003/2024(H5N1)	674	845
PB1|PP755595.1|A/cattle/Texas/24-008749-003/2024(H5N1)	675	844
PB1|PP755595.1|A/cattle/Texas/24-008749-003/2024(H5N1)	676	835
PB1|PP755595.1|A/cattle/Texas/24-008749-003/2024(H5N1)	677	836
PB1|PP755595.1|A/cattle/Texas/24-008749-003/2024(H5N1)	678	814
PB1|PP755595.1|A/cattle/Texas/24-008749-003/2024(H5N1)	679	815
PB1|PP755595.1|A/cattle/Texas/24-008749-003/2024(H5N1)	680	819
PB1|PP755595.1|A/cattle/Texas/24-008749-003/2024(H5N1)	681	757
PB1|PP755595.1|A/cattle/Texas/24-008749-003/2024(H5N1)	682	751
PB1|PP755595.1|A/cattle/Texas/24-008749-003/2024(H5N1)	683	740
PB1|PP755595.1|A/cattle/Texas/24-008749-003/2024(H5N1)	684	738
PB1|PP755595.1|A/cattle/Texas/24-008749-003/2024(H5N1)	685	738
PB1|PP755595.1|A/cattle/Texas/24-008749-003/2024(H5N1)	686	736
PB1|PP755595.1|A/cattle/Texas/24-008749-003/2024(H5N1)	687	736
PB1|PP755595.1|A/cattle/Texas/24-008749-003/2024(H5N1)	688	734
PB1|PP755595.1|A/cattle/Texas/24-008749-003/2024(H5N1)	689	726
PB1|PP755595.1|A/cattle/Texas/24-008749-003/2024(H5N1)	690	713
PB1|PP755595.1|A/cattle/Texas/24-008749-003/2024(H5N1)	691	713
PB1|PP755595.1|A/cattle/Texas/24-008749-003/2024(H5N1)	692	712
PB1|PP755595.1|A/cattle/Texas/24-008749-003/2024(H5N1)	693	712
PB1|PP755595.1|A/cattle/Texas/24-008749-003/2024(H5N1)	694	719
PB1|PP755595.1|A/cattle/Texas/24-008749-003/2024(H5N1)	695	721
PB1|PP755595.1|A/cattle/Texas/24-008749-003/2024(H5N1)	696	721
PB1|PP755595.1|A/cattle/Texas/24-008749-003/2024(H5N1)	697	717
PB1|PP755595.1|A/cattle/Texas/24-008749-003/2024(H5N1)	698	712
PB1|PP755595.1|A/cattle/Texas/24-008749-003/2024(H5N1)	699	708
PB1|PP755595.1|A/cattle/Texas/24-008749-003/2024(H5N1)	700	707
PB1|PP755595.1|A/cattle/Texas/24-008749-003/2024(H5N1)	701	707
PB1|PP755595.1|A/cattle/Texas/24-008749-003/2024(H5N1)	702	707
PB1|PP755595.1|A/cattle/Texas/24-008749-003/2024(H5N1)	703	710
PB1|PP755595.1|A/cattle/Texas/24-008749-003/2024(H5N1)	704	725
PB1|PP755595.1|A/cattle/Texas/24-008749-003/2024(H5N1)	705	730
PB1|PP755595.1|A/cattle/Texas/24-008749-003/2024(H5N1)	706	731
PB1|PP755595.1|A/cattle/Texas/24-008749-003/2024(H5N1)	707	731
PB1|PP755595.1|A/cattle/Texas/24-008749-003/2024(H5N1)	708	728
PB1|PP755595.1|A/cattle/Texas/24-008749-003/2024(H5N1)	709	728
PB1|PP755595.1|A/cattle/Texas/24-008749-003/2024(H5N1)	710	728
PB1|PP755595.1|A/cattle/Texas/24-008749-003/2024(H5N1)	711	732
PB1|PP755595.1|A/cattle/Texas/24-008749-003/2024(H5N1)	712	727
PB1|PP755595.1|A/cattle/Texas/24-008749-003/2024(H5N1)	713	729
PB1|PP755595.1|A/cattle/Texas/24-008749-003/2024(H5N1)	714	733
PB1|PP755595.1|A/cattle/Texas/24-008749-003/2024(H5N1)	715	729
PB1|PP755595.1|A/cattle/Texas/24-008749-003/2024(H5N1)	716	729
PB1|PP755595.1|A/cattle/Texas/24-008749-003/2024(H5N1)	717	737
PB1|PP755595.1|A/cattle/Texas/24-008749-003/2024(H5N1)	718	737
PB1|PP755595.1|A/cattle/Texas/24-008749-003/2024(H5N1)	719	736
PB1|PP755595.1|A/cattle/Texas/24-008749-003/2024(H5N1)	720	736
PB1|PP755595.1|A/cattle/Texas/24-008749-003/2024(H5N1)	721	745
PB1|PP755595.1|A/cattle/Texas/24-008749-003/2024(H5N1)	722	764
PB1|PP755595.1|A/cattle/Texas/24-008749-003/2024(H5N1)	723	768
PB1|PP755595.1|A/cattle/Texas/24-008749-003/2024(H5N1)	724	768
PB1|PP755595.1|A/cattle/Texas/24-008749-003/2024(H5N1)	725	761
PB1|PP755595.1|A/cattle/Texas/24-008749-003/2024(H5N1)	726	742
PB1|PP755595.1|A/cattle/Texas/24-008749-003/2024(H5N1)	727	750
PB1|PP755595.1|A/cattle/Texas/24-008749-003/2024(H5N1)	728	761
PB1|PP755595.1|A/cattle/Texas/24-008749-003/2024(H5N1)	729	769
PB1|PP755595.1|A/cattle/Texas/24-008749-003/2024(H5N1)	730	759
PB1|PP755595.1|A/cattle/Texas/24-008749-003/2024(H5N1)	731	749
PB1|PP755595.1|A/cattle/Texas/24-008749-003/2024(H5N1)	732	671
PB1|PP755595.1|A/cattle/Texas/24-008749-003/2024(H5N1)	733	676
PB1|PP755595.1|A/cattle/Texas/24-008749-003/2024(H5N1)	734	677
PB1|PP755595.1|A/cattle/Texas/24-008749-003/2024(H5N1)	735	651
PB1|PP755595.1|A/cattle/Texas/24-008749-003/2024(H5N1)	736	654
PB1|PP755595.1|A/cattle/Texas/24-008749-003/2024(H5N1)	737	654
PB1|PP755595.1|A/cattle/Texas/24-008749-003/2024(H5N1)	738	644
PB1|PP755595.1|A/cattle/Texas/24-008749-003/2024(H5N1)	739	641
PB1|PP755595.1|A/cattle/Texas/24-008749-003/2024(H5N1)	740	641
PB1|PP755595.1|A/cattle/Texas/24-008749-003/2024(H5N1)	741	641
PB1|PP755595.1|A/cattle/Texas/24-008749-003/2024(H5N1)	742	641
PB1|PP755595.1|A/cattle/Texas/24-008749-003/2024(H5N1)	743	638
PB1|PP755595.1|A/cattle/Texas/24-008749-003/2024(H5N1)	744	638
PB1|PP755595.1|A/cattle/Texas/24-008749-003/2024(H5N1)	745	679
PB1|PP755595.1|A/cattle/Texas/24-008749-003/2024(H5N1)	746	681
PB1|PP755595.1|A/cattle/Texas/24-008749-003/2024(H5N1)	747	682
PB1|PP755595.1|A/cattle/Texas/24-008749-003/2024(H5N1)	748	679
PB1|PP755595.1|A/cattle/Texas/24-008749-003/2024(H5N1)	749	679
PB1|PP755595.1|A/cattle/Texas/24-008749-003/2024(H5N1)	750	653
PB1|PP755595.1|A/cattle/Texas/24-008749-003/2024(H5N1)	751	679
PB1|PP755595.1|A/cattle/Texas/24-008749-003/2024(H5N1)	752	681
PB1|PP755595.1|A/cattle/Texas/24-008749-003/2024(H5N1)	753	681
PB1|PP755595.1|A/cattle/Texas/24-008749-003/2024(H5N1)	754	683
PB1|PP755595.1|A/cattle/Texas/24-008749-003/2024(H5N1)	755	676
PB1|PP755595.1|A/cattle/Texas/24-008749-003/2024(H5N1)	756	676
PB1|PP755595.1|A/cattle/Texas/24-008749-003/2024(H5N1)	757	676
PB1|PP755595.1|A/cattle/Texas/24-008749-003/2024(H5N1)	758	677
PB1|PP755595.1|A/cattle/Texas/24-008749-003/2024(H5N1)	759	676
PB1|PP755595.1|A/cattle/Texas/24-008749-003/2024(H5N1)	760	652
PB1|PP755595.1|A/cattle/Texas/24-008749-003/2024(H5N1)	761	652
PB1|PP755595.1|A/cattle/Texas/24-008749-003/2024(H5N1)	762	643
PB1|PP755595.1|A/cattle/Texas/24-008749-003/2024(H5N1)	763	645
PB1|PP755595.1|A/cattle/Texas/24-008749-003/2024(H5N1)	764	645
PB1|PP755595.1|A/cattle/Texas/24-008749-003/2024(H5N1)	765	641
PB1|PP755595.1|A/cattle/Texas/24-008749-003/2024(H5N1)	766	641
PB1|PP755595.1|A/cattle/Texas/24-008749-003/2024(H5N1)	767	639
PB1|PP755595.1|A/cattle/Texas/24-008749-003/2024(H5N1)	768	644
PB1|PP755595.1|A/cattle/Texas/24-008749-003/2024(H5N1)	769	644
PB1|PP755595.1|A/cattle/Texas/24-008749-003/2024(H5N1)	770	643
PB1|PP755595.1|A/cattle/Texas/24-008749-003/2024(H5N1)	771	643
PB1|PP755595.1|A/cattle/Texas/24-008749-003/2024(H5N1)	772	641
PB1|PP755595.1|A/cattle/Texas/24-008749-003/2024(H5N1)	773	640
PB1|PP755595.1|A/cattle/Texas/24-008749-003/2024(H5N1)	774	664
PB1|PP755595.1|A/cattle/Texas/24-008749-003/2024(H5N1)	775	679
PB1|PP755595.1|A/cattle/Texas/24-008749-003/2024(H5N1)	776	681
PB1|PP755595.1|A/cattle/Texas/24-008749-003/2024(H5N1)	777	681
PB1|PP755595.1|A/cattle/Texas/24-008749-003/2024(H5N1)	778	685
PB1|PP755595.1|A/cattle/Texas/24-008749-003/2024(H5N1)	779	687
PB1|PP755595.1|A/cattle/Texas/24-008749-003/2024(H5N1)	780	702
PB1|PP755595.1|A/cattle/Texas/24-008749-003/2024(H5N1)	781	690
PB1|PP755595.1|A/cattle/Texas/24-008749-003/2024(H5N1)	782	691
PB1|PP755595.1|A/cattle/Texas/24-008749-003/2024(H5N1)	783	666
PB1|PP755595.1|A/cattle/Texas/24-008749-003/2024(H5N1)	784	667
PB1|PP755595.1|A/cattle/Texas/24-008749-003/2024(H5N1)	785	671
PB1|PP755595.1|A/cattle/Texas/24-008749-003/2024(H5N1)	786	667
PB1|PP755595.1|A/cattle/Texas/24-008749-003/2024(H5N1)	787	667
PB1|PP755595.1|A/cattle/Texas/24-008749-003/2024(H5N1)	788	685
PB1|PP755595.1|A/cattle/Texas/24-008749-003/2024(H5N1)	789	681
PB1|PP755595.1|A/cattle/Texas/24-008749-003/2024(H5N1)	790	681
PB1|PP755595.1|A/cattle/Texas/24-008749-003/2024(H5N1)	791	682
PB1|PP755595.1|A/cattle/Texas/24-008749-003/2024(H5N1)	792	682
PB1|PP755595.1|A/cattle/Texas/24-008749-003/2024(H5N1)	793	685
PB1|PP755595.1|A/cattle/Texas/24-008749-003/2024(H5N1)	794	685
PB1|PP755595.1|A/cattle/Texas/24-008749-003/2024(H5N1)	795	684
PB1|PP755595.1|A/cattle/Texas/24-008749-003/2024(H5N1)	796	684
PB1|PP755595.1|A/cattle/Texas/24-008749-003/2024(H5N1)	797	685
PB1|PP755595.1|A/cattle/Texas/24-008749-003/2024(H5N1)	798	684
PB1|PP755595.1|A/cattle/Texas/24-008749-003/2024(H5N1)	799	688
PB1|PP755595.1|A/cattle/Texas/24-008749-003/2024(H5N1)	800	689
PB1|PP755595.1|A/cattle/Texas/24-008749-003/2024(H5N1)	801	688
PB1|PP755595.1|A/cattle/Texas/24-008749-003/2024(H5N1)	802	687
PB1|PP755595.1|A/cattle/Texas/24-008749-003/2024(H5N1)	803	720
PB1|PP755595.1|A/cattle/Texas/24-008749-003/2024(H5N1)	804	736
PB1|PP755595.1|A/cattle/Texas/24-008749-003/2024(H5N1)	805	745
PB1|PP755595.1|A/cattle/Texas/24-008749-003/2024(H5N1)	806	739
PB1|PP755595.1|A/cattle/Texas/24-008749-003/2024(H5N1)	807	739
PB1|PP755595.1|A/cattle/Texas/24-008749-003/2024(H5N1)	808	752
PB1|PP755595.1|A/cattle/Texas/24-008749-003/2024(H5N1)	809	752
PB1|PP755595.1|A/cattle/Texas/24-008749-003/2024(H5N1)	810	752
PB1|PP755595.1|A/cattle/Texas/24-008749-003/2024(H5N1)	811	752
PB1|PP755595.1|A/cattle/Texas/24-008749-003/2024(H5N1)	812	725
PB1|PP755595.1|A/cattle/Texas/24-008749-003/2024(H5N1)	813	734
PB1|PP755595.1|A/cattle/Texas/24-008749-003/2024(H5N1)	814	733
PB1|PP755595.1|A/cattle/Texas/24-008749-003/2024(H5N1)	815	753
PB1|PP755595.1|A/cattle/Texas/24-008749-003/2024(H5N1)	816	752
PB1|PP755595.1|A/cattle/Texas/24-008749-003/2024(H5N1)	817	759
PB1|PP755595.1|A/cattle/Texas/24-008749-003/2024(H5N1)	818	758
PB1|PP755595.1|A/cattle/Texas/24-008749-003/2024(H5N1)	819	758
PB1|PP755595.1|A/cattle/Texas/24-008749-003/2024(H5N1)	820	758
PB1|PP755595.1|A/cattle/Texas/24-008749-003/2024(H5N1)	821	760
PB1|PP755595.1|A/cattle/Texas/24-008749-003/2024(H5N1)	822	737
PB1|PP755595.1|A/cattle/Texas/24-008749-003/2024(H5N1)	823	736
PB1|PP755595.1|A/cattle/Texas/24-008749-003/2024(H5N1)	824	726
PB1|PP755595.1|A/cattle/Texas/24-008749-003/2024(H5N1)	825	734
PB1|PP755595.1|A/cattle/Texas/24-008749-003/2024(H5N1)	826	734
PB1|PP755595.1|A/cattle/Texas/24-008749-003/2024(H5N1)	827	738
PB1|PP755595.1|A/cattle/Texas/24-008749-003/2024(H5N1)	828	738
PB1|PP755595.1|A/cattle/Texas/24-008749-003/2024(H5N1)	829	740
PB1|PP755595.1|A/cattle/Texas/24-008749-003/2024(H5N1)	830	739
PB1|PP755595.1|A/cattle/Texas/24-008749-003/2024(H5N1)	831	751
PB1|PP755595.1|A/cattle/Texas/24-008749-003/2024(H5N1)	832	750
PB1|PP755595.1|A/cattle/Texas/24-008749-003/2024(H5N1)	833	750
PB1|PP755595.1|A/cattle/Texas/24-008749-003/2024(H5N1)	834	755
PB1|PP755595.1|A/cattle/Texas/24-008749-003/2024(H5N1)	835	751
PB1|PP755595.1|A/cattle/Texas/24-008749-003/2024(H5N1)	836	753
PB1|PP755595.1|A/cattle/Texas/24-008749-003/2024(H5N1)	837	753
PB1|PP755595.1|A/cattle/Texas/24-008749-003/2024(H5N1)	838	750
PB1|PP755595.1|A/cattle/Texas/24-008749-003/2024(H5N1)	839	749
PB1|PP755595.1|A/cattle/Texas/24-008749-003/2024(H5N1)	840	729
PB1|PP755595.1|A/cattle/Texas/24-008749-003/2024(H5N1)	841	732
PB1|PP755595.1|A/cattle/Texas/24-008749-003/2024(H5N1)	842	730
PB1|PP755595.1|A/cattle/Texas/24-008749-003/2024(H5N1)	843	722
PB1|PP755595.1|A/cattle/Texas/24-008749-003/2024(H5N1)	844	722
PB1|PP755595.1|A/cattle/Texas/24-008749-003/2024(H5N1)	845	723
PB1|PP755595.1|A/cattle/Texas/24-008749-003/2024(H5N1)	846	737
PB1|PP755595.1|A/cattle/Texas/24-008749-003/2024(H5N1)	847	767
PB1|PP755595.1|A/cattle/Texas/24-008749-003/2024(H5N1)	848	769
PB1|PP755595.1|A/cattle/Texas/24-008749-003/2024(H5N1)	849	770
PB1|PP755595.1|A/cattle/Texas/24-008749-003/2024(H5N1)	850	772
PB1|PP755595.1|A/cattle/Texas/24-008749-003/2024(H5N1)	851	770
PB1|PP755595.1|A/cattle/Texas/24-008749-003/2024(H5N1)	852	770
PB1|PP755595.1|A/cattle/Texas/24-008749-003/2024(H5N1)	853	774
PB1|PP755595.1|A/cattle/Texas/24-008749-003/2024(H5N1)	854	774
PB1|PP755595.1|A/cattle/Texas/24-008749-003/2024(H5N1)	855	768
PB1|PP755595.1|A/cattle/Texas/24-008749-003/2024(H5N1)	856	772
PB1|PP755595.1|A/cattle/Texas/24-008749-003/2024(H5N1)	857	772
PB1|PP755595.1|A/cattle/Texas/24-008749-003/2024(H5N1)	858	772
PB1|PP755595.1|A/cattle/Texas/24-008749-003/2024(H5N1)	859	772
PB1|PP755595.1|A/cattle/Texas/24-008749-003/2024(H5N1)	860	780
PB1|PP755595.1|A/cattle/Texas/24-008749-003/2024(H5N1)	861	778
PB1|PP755595.1|A/cattle/Texas/24-008749-003/2024(H5N1)	862	776
PB1|PP755595.1|A/cattle/Texas/24-008749-003/2024(H5N1)	863	776
PB1|PP755595.1|A/cattle/Texas/24-008749-003/2024(H5N1)	864	776
PB1|PP755595.1|A/cattle/Texas/24-008749-003/2024(H5N1)	865	775
PB1|PP755595.1|A/cattle/Texas/24-008749-003/2024(H5N1)	866	775
PB1|PP755595.1|A/cattle/Texas/24-008749-003/2024(H5N1)	867	775
PB1|PP755595.1|A/cattle/Texas/24-008749-003/2024(H5N1)	868	777
PB1|PP755595.1|A/cattle/Texas/24-008749-003/2024(H5N1)	869	777
PB1|PP755595.1|A/cattle/Texas/24-008749-003/2024(H5N1)	870	777
PB1|PP755595.1|A/cattle/Texas/24-008749-003/2024(H5N1)	871	777
PB1|PP755595.1|A/cattle/Texas/24-008749-003/2024(H5N1)	872	772
PB1|PP755595.1|A/cattle/Texas/24-008749-003/2024(H5N1)	873	771
PB1|PP755595.1|A/cattle/Texas/24-008749-003/2024(H5N1)	874	774
PB1|PP755595.1|A/cattle/Texas/24-008749-003/2024(H5N1)	875	773
PB1|PP755595.1|A/cattle/Texas/24-008749-003/2024(H5N1)	876	756
PB1|PP755595.1|A/cattle/Texas/24-008749-003/2024(H5N1)	877	756
PB1|PP755595.1|A/cattle/Texas/24-008749-003/2024(H5N1)	878	765
PB1|PP755595.1|A/cattle/Texas/24-008749-003/2024(H5N1)	879	759
PB1|PP755595.1|A/cattle/Texas/24-008749-003/2024(H5N1)	880	792
PB1|PP755595.1|A/cattle/Texas/24-008749-003/2024(H5N1)	881	792
PB1|PP755595.1|A/cattle/Texas/24-008749-003/2024(H5N1)	882	791
PB1|PP755595.1|A/cattle/Texas/24-008749-003/2024(H5N1)	883	793
PB1|PP755595.1|A/cattle/Texas/24-008749-003/2024(H5N1)	884	852
PB1|PP755595.1|A/cattle/Texas/24-008749-003/2024(H5N1)	885	848
PB1|PP755595.1|A/cattle/Texas/24-008749-003/2024(H5N1)	886	859
PB1|PP755595.1|A/cattle/Texas/24-008749-003/2024(H5N1)	887	858
PB1|PP755595.1|A/cattle/Texas/24-008749-003/2024(H5N1)	888	856
PB1|PP755595.1|A/cattle/Texas/24-008749-003/2024(H5N1)	889	893
PB1|PP755595.1|A/cattle/Texas/24-008749-003/2024(H5N1)	890	896
PB1|PP755595.1|A/cattle/Texas/24-008749-003/2024(H5N1)	891	899
PB1|PP755595.1|A/cattle/Texas/24-008749-003/2024(H5N1)	892	912
PB1|PP755595.1|A/cattle/Texas/24-008749-003/2024(H5N1)	893	899
PB1|PP755595.1|A/cattle/Texas/24-008749-003/2024(H5N1)	894	928
PB1|PP755595.1|A/cattle/Texas/24-008749-003/2024(H5N1)	895	926
PB1|PP755595.1|A/cattle/Texas/24-008749-003/2024(H5N1)	896	927
PB1|PP755595.1|A/cattle/Texas/24-008749-003/2024(H5N1)	897	921
PB1|PP755595.1|A/cattle/Texas/24-008749-003/2024(H5N1)	898	925
PB1|PP755595.1|A/cattle/Texas/24-008749-003/2024(H5N1)	899	928
PB1|PP755595.1|A/cattle/Texas/24-008749-003/2024(H5N1)	900	928
PB1|PP755595.1|A/cattle/Texas/24-008749-003/2024(H5N1)	901	928
PB1|PP755595.1|A/cattle/Texas/24-008749-003/2024(H5N1)	902	934
PB1|PP755595.1|A/cattle/Texas/24-008749-003/2024(H5N1)	903	932
PB1|PP755595.1|A/cattle/Texas/24-008749-003/2024(H5N1)	904	932
PB1|PP755595.1|A/cattle/Texas/24-008749-003/2024(H5N1)	905	929
PB1|PP755595.1|A/cattle/Texas/24-008749-003/2024(H5N1)	906	919
PB1|PP755595.1|A/cattle/Texas/24-008749-003/2024(H5N1)	907	921
PB1|PP755595.1|A/cattle/Texas/24-008749-003/2024(H5N1)	908	923
PB1|PP755595.1|A/cattle/Texas/24-008749-003/2024(H5N1)	909	929
PB1|PP755595.1|A/cattle/Texas/24-008749-003/2024(H5N1)	910	943
PB1|PP755595.1|A/cattle/Texas/24-008749-003/2024(H5N1)	911	943
PB1|PP755595.1|A/cattle/Texas/24-008749-003/2024(H5N1)	912	971
PB1|PP755595.1|A/cattle/Texas/24-008749-003/2024(H5N1)	913	987
PB1|PP755595.1|A/cattle/Texas/24-008749-003/2024(H5N1)	914	988
PB1|PP755595.1|A/cattle/Texas/24-008749-003/2024(H5N1)	915	988
PB1|PP755595.1|A/cattle/Texas/24-008749-003/2024(H5N1)	916	995
PB1|PP755595.1|A/cattle/Texas/24-008749-003/2024(H5N1)	917	997
PB1|PP755595.1|A/cattle/Texas/24-008749-003/2024(H5N1)	918	1004
PB1|PP755595.1|A/cattle/Texas/24-008749-003/2024(H5N1)	919	1011
PB1|PP755595.1|A/cattle/Texas/24-008749-003/2024(H5N1)	920	1011
PB1|PP755595.1|A/cattle/Texas/24-008749-003/2024(H5N1)	921	1012
PB1|PP755595.1|A/cattle/Texas/24-008749-003/2024(H5N1)	922	1021
PB1|PP755595.1|A/cattle/Texas/24-008749-003/2024(H5N1)	923	1026
PB1|PP755595.1|A/cattle/Texas/24-008749-003/2024(H5N1)	924	1028
PB1|PP755595.1|A/cattle/Texas/24-008749-003/2024(H5N1)	925	1032
PB1|PP755595.1|A/cattle/Texas/24-008749-003/2024(H5N1)	926	1033
PB1|PP755595.1|A/cattle/Texas/24-008749-003/2024(H5N1)	927	1033
PB1|PP755595.1|A/cattle/Texas/24-008749-003/2024(H5N1)	928	1034
PB1|PP755595.1|A/cattle/Texas/24-008749-003/2024(H5N1)	929	1037
PB1|PP755595.1|A/cattle/Texas/24-008749-003/2024(H5N1)	930	1039
PB1|PP755595.1|A/cattle/Texas/24-008749-003/2024(H5N1)	931	1039
PB1|PP755595.1|A/cattle/Texas/24-008749-003/2024(H5N1)	932	1038
PB1|PP755595.1|A/cattle/Texas/24-008749-003/2024(H5N1)	933	1045
PB1|PP755595.1|A/cattle/Texas/24-008749-003/2024(H5N1)	934	1047
PB1|PP755595.1|A/cattle/Texas/24-008749-003/2024(H5N1)	935	1047
PB1|PP755595.1|A/cattle/Texas/24-008749-003/2024(H5N1)	936	1018
PB1|PP755595.1|A/cattle/Texas/24-008749-003/2024(H5N1)	937	1018
PB1|PP755595.1|A/cattle/Texas/24-008749-003/2024(H5N1)	938	1018
PB1|PP755595.1|A/cattle/Texas/24-008749-003/2024(H5N1)	939	1018
PB1|PP755595.1|A/cattle/Texas/24-008749-003/2024(H5N1)	940	1030
PB1|PP755595.1|A/cattle/Texas/24-008749-003/2024(H5N1)	941	1037
PB1|PP755595.1|A/cattle/Texas/24-008749-003/2024(H5N1)	942	1037
PB1|PP755595.1|A/cattle/Texas/24-008749-003/2024(H5N1)	943	1049
PB1|PP755595.1|A/cattle/Texas/24-008749-003/2024(H5N1)	944	1049
PB1|PP755595.1|A/cattle/Texas/24-008749-003/2024(H5N1)	945	1051
PB1|PP755595.1|A/cattle/Texas/24-008749-003/2024(H5N1)	946	1051
PB1|PP755595.1|A/cattle/Texas/24-008749-003/2024(H5N1)	947	1054
PB1|PP755595.1|A/cattle/Texas/24-008749-003/2024(H5N1)	948	1055
PB1|PP755595.1|A/cattle/Texas/24-008749-003/2024(H5N1)	949	1060
PB1|PP755595.1|A/cattle/Texas/24-008749-003/2024(H5N1)	950	1068
PB1|PP755595.1|A/cattle/Texas/24-008749-003/2024(H5N1)	951	1074
PB1|PP755595.1|A/cattle/Texas/24-008749-003/2024(H5N1)	952	1070
PB1|PP755595.1|A/cattle/Texas/24-008749-003/2024(H5N1)	953	1072
PB1|PP755595.1|A/cattle/Texas/24-008749-003/2024(H5N1)	954	1072
PB1|PP755595.1|A/cattle/Texas/24-008749-003/2024(H5N1)	955	1075
PB1|PP755595.1|A/cattle/Texas/24-008749-003/2024(H5N1)	956	1075
PB1|PP755595.1|A/cattle/Texas/24-008749-003/2024(H5N1)	957	1079
PB1|PP755595.1|A/cattle/Texas/24-008749-003/2024(H5N1)	958	1079
PB1|PP755595.1|A/cattle/Texas/24-008749-003/2024(H5N1)	959	1091
PB1|PP755595.1|A/cattle/Texas/24-008749-003/2024(H5N1)	960	1102
PB1|PP755595.1|A/cattle/Texas/24-008749-003/2024(H5N1)	961	1114
PB1|PP755595.1|A/cattle/Texas/24-008749-003/2024(H5N1)	962	1122
PB1|PP755595.1|A/cattle/Texas/24-008749-003/2024(H5N1)	963	1130
PB1|PP755595.1|A/cattle/Texas/24-008749-003/2024(H5N1)	964	1143
PB1|PP755595.1|A/cattle/Texas/24-008749-003/2024(H5N1)	965	1143
PB1|PP755595.1|A/cattle/Texas/24-008749-003/2024(H5N1)	966	1141
PB1|PP755595.1|A/cattle/Texas/24-008749-003/2024(H5N1)	967	1146
PB1|PP755595.1|A/cattle/Texas/24-008749-003/2024(H5N1)	968	1147
PB1|PP755595.1|A/cattle/Texas/24-008749-003/2024(H5N1)	969	1151
PB1|PP755595.1|A/cattle/Texas/24-008749-003/2024(H5N1)	970	1150
PB1|PP755595.1|A/cattle/Texas/24-008749-003/2024(H5N1)	971	1122
PB1|PP755595.1|A/cattle/Texas/24-008749-003/2024(H5N1)	972	1104
PB1|PP755595.1|A/cattle/Texas/24-008749-003/2024(H5N1)	973	1083
PB1|PP755595.1|A/cattle/Texas/24-008749-003/2024(H5N1)	974	1081
PB1|PP755595.1|A/cattle/Texas/24-008749-003/2024(H5N1)	975	1082
PB1|PP755595.1|A/cattle/Texas/24-008749-003/2024(H5N1)	976	1102
PB1|PP755595.1|A/cattle/Texas/24-008749-003/2024(H5N1)	977	1107
PB1|PP755595.1|A/cattle/Texas/24-008749-003/2024(H5N1)	978	1105
PB1|PP755595.1|A/cattle/Texas/24-008749-003/2024(H5N1)	979	1105
PB1|PP755595.1|A/cattle/Texas/24-008749-003/2024(H5N1)	980	1104
PB1|PP755595.1|A/cattle/Texas/24-008749-003/2024(H5N1)	981	1093
PB1|PP755595.1|A/cattle/Texas/24-008749-003/2024(H5N1)	982	1094
PB1|PP755595.1|A/cattle/Texas/24-008749-003/2024(H5N1)	983	1096
PB1|PP755595.1|A/cattle/Texas/24-008749-003/2024(H5N1)	984	1098
PB1|PP755595.1|A/cattle/Texas/24-008749-003/2024(H5N1)	985	1098
PB1|PP755595.1|A/cattle/Texas/24-008749-003/2024(H5N1)	986	1099
PB1|PP755595.1|A/cattle/Texas/24-008749-003/2024(H5N1)	987	1103
PB1|PP755595.1|A/cattle/Texas/24-008749-003/2024(H5N1)	988	1109
PB1|PP755595.1|A/cattle/Texas/24-008749-003/2024(H5N1)	989	1108
PB1|PP755595.1|A/cattle/Texas/24-008749-003/2024(H5N1)	990	1094
PB1|PP755595.1|A/cattle/Texas/24-008749-003/2024(H5N1)	991	1094
PB1|PP755595.1|A/cattle/Texas/24-008749-003/2024(H5N1)	992	1094
PB1|PP755595.1|A/cattle/Texas/24-008749-003/2024(H5N1)	993	1094
PB1|PP755595.1|A/cattle/Texas/24-008749-003/2024(H5N1)	994	1094
PB1|PP755595.1|A/cattle/Texas/24-008749-003/2024(H5N1)	995	1078
PB1|PP755595.1|A/cattle/Texas/24-008749-003/2024(H5N1)	996	1078
PB1|PP755595.1|A/cattle/Texas/24-008749-003/2024(H5N1)	997	1073
PB1|PP755595.1|A/cattle/Texas/24-008749-003/2024(H5N1)	998	1073
PB1|PP755595.1|A/cattle/Texas/24-008749-003/2024(H5N1)	999	949
PB1|PP755595.1|A/cattle/Texas/24-008749-003/2024(H5N1)	1000	947
PB1|PP755595.1|A/cattle/Texas/24-008749-003/2024(H5N1)	1001	947
PB1|PP755595.1|A/cattle/Texas/24-008749-003/2024(H5N1)	1002	947
PB1|PP755595.1|A/cattle/Texas/24-008749-003/2024(H5N1)	1003	950
PB1|PP755595.1|A/cattle/Texas/24-008749-003/2024(H5N1)	1004	950
PB1|PP755595.1|A/cattle/Texas/24-008749-003/2024(H5N1)	1005	881
PB1|PP755595.1|A/cattle/Texas/24-008749-003/2024(H5N1)	1006	878
PB1|PP755595.1|A/cattle/Texas/24-008749-003/2024(H5N1)	1007	875
PB1|PP755595.1|A/cattle/Texas/24-008749-003/2024(H5N1)	1008	874
PB1|PP755595.1|A/cattle/Texas/24-008749-003/2024(H5N1)	1009	877
PB1|PP755595.1|A/cattle/Texas/24-008749-003/2024(H5N1)	1010	877
PB1|PP755595.1|A/cattle/Texas/24-008749-003/2024(H5N1)	1011	884
PB1|PP755595.1|A/cattle/Texas/24-008749-003/2024(H5N1)	1012	886
PB1|PP755595.1|A/cattle/Texas/24-008749-003/2024(H5N1)	1013	917
PB1|PP755595.1|A/cattle/Texas/24-008749-003/2024(H5N1)	1014	919
PB1|PP755595.1|A/cattle/Texas/24-008749-003/2024(H5N1)	1015	1015
PB1|PP755595.1|A/cattle/Texas/24-008749-003/2024(H5N1)	1016	1018
PB1|PP755595.1|A/cattle/Texas/24-008749-003/2024(H5N1)	1017	1018
PB1|PP755595.1|A/cattle/Texas/24-008749-003/2024(H5N1)	1018	1022
PB1|PP755595.1|A/cattle/Texas/24-008749-003/2024(H5N1)	1019	1036
PB1|PP755595.1|A/cattle/Texas/24-008749-003/2024(H5N1)	1020	1032
PB1|PP755595.1|A/cattle/Texas/24-008749-003/2024(H5N1)	1021	1065
PB1|PP755595.1|A/cattle/Texas/24-008749-003/2024(H5N1)	1022	1071
PB1|PP755595.1|A/cattle/Texas/24-008749-003/2024(H5N1)	1023	1074
PB1|PP755595.1|A/cattle/Texas/24-008749-003/2024(H5N1)	1024	1080
PB1|PP755595.1|A/cattle/Texas/24-008749-003/2024(H5N1)	1025	1080
PB1|PP755595.1|A/cattle/Texas/24-008749-003/2024(H5N1)	1026	1082
PB1|PP755595.1|A/cattle/Texas/24-008749-003/2024(H5N1)	1027	1084
PB1|PP755595.1|A/cattle/Texas/24-008749-003/2024(H5N1)	1028	1056
PB1|PP755595.1|A/cattle/Texas/24-008749-003/2024(H5N1)	1029	1055
PB1|PP755595.1|A/cattle/Texas/24-008749-003/2024(H5N1)	1030	1034
PB1|PP755595.1|A/cattle/Texas/24-008749-003/2024(H5N1)	1031	1024
PB1|PP755595.1|A/cattle/Texas/24-008749-003/2024(H5N1)	1032	1021
PB1|PP755595.1|A/cattle/Texas/24-008749-003/2024(H5N1)	1033	1014
PB1|PP755595.1|A/cattle/Texas/24-008749-003/2024(H5N1)	1034	1018
PB1|PP755595.1|A/cattle/Texas/24-008749-003/2024(H5N1)	1035	1018
PB1|PP755595.1|A/cattle/Texas/24-008749-003/2024(H5N1)	1036	1021
PB1|PP755595.1|A/cattle/Texas/24-008749-003/2024(H5N1)	1037	1020
PB1|PP755595.1|A/cattle/Texas/24-008749-003/2024(H5N1)	1038	1021
PB1|PP755595.1|A/cattle/Texas/24-008749-003/2024(H5N1)	1039	1021
PB1|PP755595.1|A/cattle/Texas/24-008749-003/2024(H5N1)	1040	1021
PB1|PP755595.1|A/cattle/Texas/24-008749-003/2024(H5N1)	1041	1019
PB1|PP755595.1|A/cattle/Texas/24-008749-003/2024(H5N1)	1042	1011
PB1|PP755595.1|A/cattle/Texas/24-008749-003/2024(H5N1)	1043	1010
PB1|PP755595.1|A/cattle/Texas/24-008749-003/2024(H5N1)	1044	1008
PB1|PP755595.1|A/cattle/Texas/24-008749-003/2024(H5N1)	1045	1007
PB1|PP755595.1|A/cattle/Texas/24-008749-003/2024(H5N1)	1046	1006
PB1|PP755595.1|A/cattle/Texas/24-008749-003/2024(H5N1)	1047	963
PB1|PP755595.1|A/cattle/Texas/24-008749-003/2024(H5N1)	1048	963
PB1|PP755595.1|A/cattle/Texas/24-008749-003/2024(H5N1)	1049	963
PB1|PP755595.1|A/cattle/Texas/24-008749-003/2024(H5N1)	1050	962
PB1|PP755595.1|A/cattle/Texas/24-008749-003/2024(H5N1)	1051	957
PB1|PP755595.1|A/cattle/Texas/24-008749-003/2024(H5N1)	1052	960
PB1|PP755595.1|A/cattle/Texas/24-008749-003/2024(H5N1)	1053	960
PB1|PP755595.1|A/cattle/Texas/24-008749-003/2024(H5N1)	1054	981
PB1|PP755595.1|A/cattle/Texas/24-008749-003/2024(H5N1)	1055	982
PB1|PP755595.1|A/cattle/Texas/24-008749-003/2024(H5N1)	1056	987
PB1|PP755595.1|A/cattle/Texas/24-008749-003/2024(H5N1)	1057	1010
PB1|PP755595.1|A/cattle/Texas/24-008749-003/2024(H5N1)	1058	1010
PB1|PP755595.1|A/cattle/Texas/24-008749-003/2024(H5N1)	1059	1010
PB1|PP755595.1|A/cattle/Texas/24-008749-003/2024(H5N1)	1060	1059
PB1|PP755595.1|A/cattle/Texas/24-008749-003/2024(H5N1)	1061	1063
PB1|PP755595.1|A/cattle/Texas/24-008749-003/2024(H5N1)	1062	1065
PB1|PP755595.1|A/cattle/Texas/24-008749-003/2024(H5N1)	1063	1068
PB1|PP755595.1|A/cattle/Texas/24-008749-003/2024(H5N1)	1064	1069
PB1|PP755595.1|A/cattle/Texas/24-008749-003/2024(H5N1)	1065	1070
PB1|PP755595.1|A/cattle/Texas/24-008749-003/2024(H5N1)	1066	1071
PB1|PP755595.1|A/cattle/Texas/24-008749-003/2024(H5N1)	1067	1071
PB1|PP755595.1|A/cattle/Texas/24-008749-003/2024(H5N1)	1068	1073
PB1|PP755595.1|A/cattle/Texas/24-008749-003/2024(H5N1)	1069	1033
PB1|PP755595.1|A/cattle/Texas/24-008749-003/2024(H5N1)	1070	1034
PB1|PP755595.1|A/cattle/Texas/24-008749-003/2024(H5N1)	1071	1036
PB1|PP755595.1|A/cattle/Texas/24-008749-003/2024(H5N1)	1072	1038
PB1|PP755595.1|A/cattle/Texas/24-008749-003/2024(H5N1)	1073	1039
PB1|PP755595.1|A/cattle/Texas/24-008749-003/2024(H5N1)	1074	1041
PB1|PP755595.1|A/cattle/Texas/24-008749-003/2024(H5N1)	1075	1046
PB1|PP755595.1|A/cattle/Texas/24-008749-003/2024(H5N1)	1076	1050
PB1|PP755595.1|A/cattle/Texas/24-008749-003/2024(H5N1)	1077	1046
PB1|PP755595.1|A/cattle/Texas/24-008749-003/2024(H5N1)	1078	1045
PB1|PP755595.1|A/cattle/Texas/24-008749-003/2024(H5N1)	1079	1041
PB1|PP755595.1|A/cattle/Texas/24-008749-003/2024(H5N1)	1080	1042
PB1|PP755595.1|A/cattle/Texas/24-008749-003/2024(H5N1)	1081	1054
PB1|PP755595.1|A/cattle/Texas/24-008749-003/2024(H5N1)	1082	1069
PB1|PP755595.1|A/cattle/Texas/24-008749-003/2024(H5N1)	1083	1071
PB1|PP755595.1|A/cattle/Texas/24-008749-003/2024(H5N1)	1084	1065
PB1|PP755595.1|A/cattle/Texas/24-008749-003/2024(H5N1)	1085	1064
PB1|PP755595.1|A/cattle/Texas/24-008749-003/2024(H5N1)	1086	1063
PB1|PP755595.1|A/cattle/Texas/24-008749-003/2024(H5N1)	1087	1063
PB1|PP755595.1|A/cattle/Texas/24-008749-003/2024(H5N1)	1088	1062
PB1|PP755595.1|A/cattle/Texas/24-008749-003/2024(H5N1)	1089	1054
PB1|PP755595.1|A/cattle/Texas/24-008749-003/2024(H5N1)	1090	1021
PB1|PP755595.1|A/cattle/Texas/24-008749-003/2024(H5N1)	1091	1019
PB1|PP755595.1|A/cattle/Texas/24-008749-003/2024(H5N1)	1092	1019
PB1|PP755595.1|A/cattle/Texas/24-008749-003/2024(H5N1)	1093	1019
PB1|PP755595.1|A/cattle/Texas/24-008749-003/2024(H5N1)	1094	1019
PB1|PP755595.1|A/cattle/Texas/24-008749-003/2024(H5N1)	1095	1019
PB1|PP755595.1|A/cattle/Texas/24-008749-003/2024(H5N1)	1096	1027
PB1|PP755595.1|A/cattle/Texas/24-008749-003/2024(H5N1)	1097	1064
PB1|PP755595.1|A/cattle/Texas/24-008749-003/2024(H5N1)	1098	1063
PB1|PP755595.1|A/cattle/Texas/24-008749-003/2024(H5N1)	1099	1069
PB1|PP755595.1|A/cattle/Texas/24-008749-003/2024(H5N1)	1100	1069
PB1|PP755595.1|A/cattle/Texas/24-008749-003/2024(H5N1)	1101	1069
PB1|PP755595.1|A/cattle/Texas/24-008749-003/2024(H5N1)	1102	1069
PB1|PP755595.1|A/cattle/Texas/24-008749-003/2024(H5N1)	1103	1069
PB1|PP755595.1|A/cattle/Texas/24-008749-003/2024(H5N1)	1104	1065
PB1|PP755595.1|A/cattle/Texas/24-008749-003/2024(H5N1)	1105	1063
PB1|PP755595.1|A/cattle/Texas/24-008749-003/2024(H5N1)	1106	1027
PB1|PP755595.1|A/cattle/Texas/24-008749-003/2024(H5N1)	1107	995
PB1|PP755595.1|A/cattle/Texas/24-008749-003/2024(H5N1)	1108	995
PB1|PP755595.1|A/cattle/Texas/24-008749-003/2024(H5N1)	1109	995
PB1|PP755595.1|A/cattle/Texas/24-008749-003/2024(H5N1)	1110	995
PB1|PP755595.1|A/cattle/Texas/24-008749-003/2024(H5N1)	1111	995
PB1|PP755595.1|A/cattle/Texas/24-008749-003/2024(H5N1)	1112	995
PB1|PP755595.1|A/cattle/Texas/24-008749-003/2024(H5N1)	1113	994
PB1|PP755595.1|A/cattle/Texas/24-008749-003/2024(H5N1)	1114	989
PB1|PP755595.1|A/cattle/Texas/24-008749-003/2024(H5N1)	1115	989
PB1|PP755595.1|A/cattle/Texas/24-008749-003/2024(H5N1)	1116	987
PB1|PP755595.1|A/cattle/Texas/24-008749-003/2024(H5N1)	1117	984
PB1|PP755595.1|A/cattle/Texas/24-008749-003/2024(H5N1)	1118	982
PB1|PP755595.1|A/cattle/Texas/24-008749-003/2024(H5N1)	1119	919
PB1|PP755595.1|A/cattle/Texas/24-008749-003/2024(H5N1)	1120	919
PB1|PP755595.1|A/cattle/Texas/24-008749-003/2024(H5N1)	1121	919
PB1|PP755595.1|A/cattle/Texas/24-008749-003/2024(H5N1)	1122	918
PB1|PP755595.1|A/cattle/Texas/24-008749-003/2024(H5N1)	1123	918
PB1|PP755595.1|A/cattle/Texas/24-008749-003/2024(H5N1)	1124	918
PB1|PP755595.1|A/cattle/Texas/24-008749-003/2024(H5N1)	1125	918
PB1|PP755595.1|A/cattle/Texas/24-008749-003/2024(H5N1)	1126	918
PB1|PP755595.1|A/cattle/Texas/24-008749-003/2024(H5N1)	1127	918
PB1|PP755595.1|A/cattle/Texas/24-008749-003/2024(H5N1)	1128	918
PB1|PP755595.1|A/cattle/Texas/24-008749-003/2024(H5N1)	1129	918
PB1|PP755595.1|A/cattle/Texas/24-008749-003/2024(H5N1)	1130	918
PB1|PP755595.1|A/cattle/Texas/24-008749-003/2024(H5N1)	1131	917
PB1|PP755595.1|A/cattle/Texas/24-008749-003/2024(H5N1)	1132	917
PB1|PP755595.1|A/cattle/Texas/24-008749-003/2024(H5N1)	1133	918
PB1|PP755595.1|A/cattle/Texas/24-008749-003/2024(H5N1)	1134	918
PB1|PP755595.1|A/cattle/Texas/24-008749-003/2024(H5N1)	1135	1126
PB1|PP755595.1|A/cattle/Texas/24-008749-003/2024(H5N1)	1136	1126
PB1|PP755595.1|A/cattle/Texas/24-008749-003/2024(H5N1)	1137	1126
PB1|PP755595.1|A/cattle/Texas/24-008749-003/2024(H5N1)	1138	1126
PB1|PP755595.1|A/cattle/Texas/24-008749-003/2024(H5N1)	1139	1131
PB1|PP755595.1|A/cattle/Texas/24-008749-003/2024(H5N1)	1140	1131
PB1|PP755595.1|A/cattle/Texas/24-008749-003/2024(H5N1)	1141	1132
PB1|PP755595.1|A/cattle/Texas/24-008749-003/2024(H5N1)	1142	1132
PB1|PP755595.1|A/cattle/Texas/24-008749-003/2024(H5N1)	1143	1134
PB1|PP755595.1|A/cattle/Texas/24-008749-003/2024(H5N1)	1144	1134
PB1|PP755595.1|A/cattle/Texas/24-008749-003/2024(H5N1)	1145	1134
PB1|PP755595.1|A/cattle/Texas/24-008749-003/2024(H5N1)	1146	1125
PB1|PP755595.1|A/cattle/Texas/24-008749-003/2024(H5N1)	1147	1124
PB1|PP755595.1|A/cattle/Texas/24-008749-003/2024(H5N1)	1148	1121
PB1|PP755595.1|A/cattle/Texas/24-008749-003/2024(H5N1)	1149	1119
PB1|PP755595.1|A/cattle/Texas/24-008749-003/2024(H5N1)	1150	1119
PB1|PP755595.1|A/cattle/Texas/24-008749-003/2024(H5N1)	1151	1121
PB1|PP755595.1|A/cattle/Texas/24-008749-003/2024(H5N1)	1152	1121
PB1|PP755595.1|A/cattle/Texas/24-008749-003/2024(H5N1)	1153	1121
PB1|PP755595.1|A/cattle/Texas/24-008749-003/2024(H5N1)	1154	1121
PB1|PP755595.1|A/cattle/Texas/24-008749-003/2024(H5N1)	1155	1118
PB1|PP755595.1|A/cattle/Texas/24-008749-003/2024(H5N1)	1156	1118
PB1|PP755595.1|A/cattle/Texas/24-008749-003/2024(H5N1)	1157	1117
PB1|PP755595.1|A/cattle/Texas/24-008749-003/2024(H5N1)	1158	1114
PB1|PP755595.1|A/cattle/Texas/24-008749-003/2024(H5N1)	1159	1114
PB1|PP755595.1|A/cattle/Texas/24-008749-003/2024(H5N1)	1160	1114
PB1|PP755595.1|A/cattle/Texas/24-008749-003/2024(H5N1)	1161	1111
PB1|PP755595.1|A/cattle/Texas/24-008749-003/2024(H5N1)	1162	1111
PB1|PP755595.1|A/cattle/Texas/24-008749-003/2024(H5N1)	1163	1111
PB1|PP755595.1|A/cattle/Texas/24-008749-003/2024(H5N1)	1164	1111
PB1|PP755595.1|A/cattle/Texas/24-008749-003/2024(H5N1)	1165	1107
PB1|PP755595.1|A/cattle/Texas/24-008749-003/2024(H5N1)	1166	1105
PB1|PP755595.1|A/cattle/Texas/24-008749-003/2024(H5N1)	1167	1050
PB1|PP755595.1|A/cattle/Texas/24-008749-003/2024(H5N1)	1168	1050
PB1|PP755595.1|A/cattle/Texas/24-008749-003/2024(H5N1)	1169	1050
PB1|PP755595.1|A/cattle/Texas/24-008749-003/2024(H5N1)	1170	1050
PB1|PP755595.1|A/cattle/Texas/24-008749-003/2024(H5N1)	1171	1051
PB1|PP755595.1|A/cattle/Texas/24-008749-003/2024(H5N1)	1172	1063
PB1|PP755595.1|A/cattle/Texas/24-008749-003/2024(H5N1)	1173	1065
PB1|PP755595.1|A/cattle/Texas/24-008749-003/2024(H5N1)	1174	1067
PB1|PP755595.1|A/cattle/Texas/24-008749-003/2024(H5N1)	1175	1067
PB1|PP755595.1|A/cattle/Texas/24-008749-003/2024(H5N1)	1176	1067
PB1|PP755595.1|A/cattle/Texas/24-008749-003/2024(H5N1)	1177	1067
PB1|PP755595.1|A/cattle/Texas/24-008749-003/2024(H5N1)	1178	1074
PB1|PP755595.1|A/cattle/Texas/24-008749-003/2024(H5N1)	1179	1069
PB1|PP755595.1|A/cattle/Texas/24-008749-003/2024(H5N1)	1180	1071
PB1|PP755595.1|A/cattle/Texas/24-008749-003/2024(H5N1)	1181	1071
PB1|PP755595.1|A/cattle/Texas/24-008749-003/2024(H5N1)	1182	1073
PB1|PP755595.1|A/cattle/Texas/24-008749-003/2024(H5N1)	1183	1095
PB1|PP755595.1|A/cattle/Texas/24-008749-003/2024(H5N1)	1184	1103
PB1|PP755595.1|A/cattle/Texas/24-008749-003/2024(H5N1)	1185	1127
PB1|PP755595.1|A/cattle/Texas/24-008749-003/2024(H5N1)	1186	1137
PB1|PP755595.1|A/cattle/Texas/24-008749-003/2024(H5N1)	1187	1137
PB1|PP755595.1|A/cattle/Texas/24-008749-003/2024(H5N1)	1188	1142
PB1|PP755595.1|A/cattle/Texas/24-008749-003/2024(H5N1)	1189	1143
PB1|PP755595.1|A/cattle/Texas/24-008749-003/2024(H5N1)	1190	1135
PB1|PP755595.1|A/cattle/Texas/24-008749-003/2024(H5N1)	1191	1144
PB1|PP755595.1|A/cattle/Texas/24-008749-003/2024(H5N1)	1192	1141
PB1|PP755595.1|A/cattle/Texas/24-008749-003/2024(H5N1)	1193	1118
PB1|PP755595.1|A/cattle/Texas/24-008749-003/2024(H5N1)	1194	1114
PB1|PP755595.1|A/cattle/Texas/24-008749-003/2024(H5N1)	1195	1111
PB1|PP755595.1|A/cattle/Texas/24-008749-003/2024(H5N1)	1196	1111
PB1|PP755595.1|A/cattle/Texas/24-008749-003/2024(H5N1)	1197	1102
PB1|PP755595.1|A/cattle/Texas/24-008749-003/2024(H5N1)	1198	1102
PB1|PP755595.1|A/cattle/Texas/24-008749-003/2024(H5N1)	1199	1101
PB1|PP755595.1|A/cattle/Texas/24-008749-003/2024(H5N1)	1200	1100
PB1|PP755595.1|A/cattle/Texas/24-008749-003/2024(H5N1)	1201	1169
PB1|PP755595.1|A/cattle/Texas/24-008749-003/2024(H5N1)	1202	1169
PB1|PP755595.1|A/cattle/Texas/24-008749-003/2024(H5N1)	1203	1171
PB1|PP755595.1|A/cattle/Texas/24-008749-003/2024(H5N1)	1204	1171
PB1|PP755595.1|A/cattle/Texas/24-008749-003/2024(H5N1)	1205	1176
PB1|PP755595.1|A/cattle/Texas/24-008749-003/2024(H5N1)	1206	1178
PB1|PP755595.1|A/cattle/Texas/24-008749-003/2024(H5N1)	1207	1179
PB1|PP755595.1|A/cattle/Texas/24-008749-003/2024(H5N1)	1208	1176
PB1|PP755595.1|A/cattle/Texas/24-008749-003/2024(H5N1)	1209	1162
PB1|PP755595.1|A/cattle/Texas/24-008749-003/2024(H5N1)	1210	1148
PB1|PP755595.1|A/cattle/Texas/24-008749-003/2024(H5N1)	1211	1205
PB1|PP755595.1|A/cattle/Texas/24-008749-003/2024(H5N1)	1212	1208
PB1|PP755595.1|A/cattle/Texas/24-008749-003/2024(H5N1)	1213	1215
PB1|PP755595.1|A/cattle/Texas/24-008749-003/2024(H5N1)	1214	1225
PB1|PP755595.1|A/cattle/Texas/24-008749-003/2024(H5N1)	1215	1226
PB1|PP755595.1|A/cattle/Texas/24-008749-003/2024(H5N1)	1216	1229
PB1|PP755595.1|A/cattle/Texas/24-008749-003/2024(H5N1)	1217	1236
PB1|PP755595.1|A/cattle/Texas/24-008749-003/2024(H5N1)	1218	1236
PB1|PP755595.1|A/cattle/Texas/24-008749-003/2024(H5N1)	1219	1235
PB1|PP755595.1|A/cattle/Texas/24-008749-003/2024(H5N1)	1220	1234
PB1|PP755595.1|A/cattle/Texas/24-008749-003/2024(H5N1)	1221	1241
PB1|PP755595.1|A/cattle/Texas/24-008749-003/2024(H5N1)	1222	1249
PB1|PP755595.1|A/cattle/Texas/24-008749-003/2024(H5N1)	1223	1248
PB1|PP755595.1|A/cattle/Texas/24-008749-003/2024(H5N1)	1224	1245
PB1|PP755595.1|A/cattle/Texas/24-008749-003/2024(H5N1)	1225	1255
PB1|PP755595.1|A/cattle/Texas/24-008749-003/2024(H5N1)	1226	1251
PB1|PP755595.1|A/cattle/Texas/24-008749-003/2024(H5N1)	1227	1252
PB1|PP755595.1|A/cattle/Texas/24-008749-003/2024(H5N1)	1228	1262
PB1|PP755595.1|A/cattle/Texas/24-008749-003/2024(H5N1)	1229	1262
PB1|PP755595.1|A/cattle/Texas/24-008749-003/2024(H5N1)	1230	1262
PB1|PP755595.1|A/cattle/Texas/24-008749-003/2024(H5N1)	1231	1259
PB1|PP755595.1|A/cattle/Texas/24-008749-003/2024(H5N1)	1232	1260
PB1|PP755595.1|A/cattle/Texas/24-008749-003/2024(H5N1)	1233	1268
PB1|PP755595.1|A/cattle/Texas/24-008749-003/2024(H5N1)	1234	1267
PB1|PP755595.1|A/cattle/Texas/24-008749-003/2024(H5N1)	1235	1271
PB1|PP755595.1|A/cattle/Texas/24-008749-003/2024(H5N1)	1236	1276
PB1|PP755595.1|A/cattle/Texas/24-008749-003/2024(H5N1)	1237	1266
PB1|PP755595.1|A/cattle/Texas/24-008749-003/2024(H5N1)	1238	1266
PB1|PP755595.1|A/cattle/Texas/24-008749-003/2024(H5N1)	1239	1257
PB1|PP755595.1|A/cattle/Texas/24-008749-003/2024(H5N1)	1240	1276
PB1|PP755595.1|A/cattle/Texas/24-008749-003/2024(H5N1)	1241	1273
PB1|PP755595.1|A/cattle/Texas/24-008749-003/2024(H5N1)	1242	1297
PB1|PP755595.1|A/cattle/Texas/24-008749-003/2024(H5N1)	1243	1293
PB1|PP755595.1|A/cattle/Texas/24-008749-003/2024(H5N1)	1244	1279
PB1|PP755595.1|A/cattle/Texas/24-008749-003/2024(H5N1)	1245	1278
PB1|PP755595.1|A/cattle/Texas/24-008749-003/2024(H5N1)	1246	1276
PB1|PP755595.1|A/cattle/Texas/24-008749-003/2024(H5N1)	1247	1274
PB1|PP755595.1|A/cattle/Texas/24-008749-003/2024(H5N1)	1248	1266
PB1|PP755595.1|A/cattle/Texas/24-008749-003/2024(H5N1)	1249	1253
PB1|PP755595.1|A/cattle/Texas/24-008749-003/2024(H5N1)	1250	1253
PB1|PP755595.1|A/cattle/Texas/24-008749-003/2024(H5N1)	1251	1230
PB1|PP755595.1|A/cattle/Texas/24-008749-003/2024(H5N1)	1252	1226
PB1|PP755595.1|A/cattle/Texas/24-008749-003/2024(H5N1)	1253	1226
PB1|PP755595.1|A/cattle/Texas/24-008749-003/2024(H5N1)	1254	1010
PB1|PP755595.1|A/cattle/Texas/24-008749-003/2024(H5N1)	1255	1010
PB1|PP755595.1|A/cattle/Texas/24-008749-003/2024(H5N1)	1256	1010
PB1|PP755595.1|A/cattle/Texas/24-008749-003/2024(H5N1)	1257	1010
PB1|PP755595.1|A/cattle/Texas/24-008749-003/2024(H5N1)	1258	1184
PB1|PP755595.1|A/cattle/Texas/24-008749-003/2024(H5N1)	1259	1184
PB1|PP755595.1|A/cattle/Texas/24-008749-003/2024(H5N1)	1260	1184
PB1|PP755595.1|A/cattle/Texas/24-008749-003/2024(H5N1)	1261	1184
PB1|PP755595.1|A/cattle/Texas/24-008749-003/2024(H5N1)	1262	1185
PB1|PP755595.1|A/cattle/Texas/24-008749-003/2024(H5N1)	1263	1185
PB1|PP755595.1|A/cattle/Texas/24-008749-003/2024(H5N1)	1264	1185
PB1|PP755595.1|A/cattle/Texas/24-008749-003/2024(H5N1)	1265	1180
PB1|PP755595.1|A/cattle/Texas/24-008749-003/2024(H5N1)	1266	1180
PB1|PP755595.1|A/cattle/Texas/24-008749-003/2024(H5N1)	1267	1184
PB1|PP755595.1|A/cattle/Texas/24-008749-003/2024(H5N1)	1268	1189
PB1|PP755595.1|A/cattle/Texas/24-008749-003/2024(H5N1)	1269	1203
PB1|PP755595.1|A/cattle/Texas/24-008749-003/2024(H5N1)	1270	1211
PB1|PP755595.1|A/cattle/Texas/24-008749-003/2024(H5N1)	1271	1212
PB1|PP755595.1|A/cattle/Texas/24-008749-003/2024(H5N1)	1272	1220
PB1|PP755595.1|A/cattle/Texas/24-008749-003/2024(H5N1)	1273	1220
PB1|PP755595.1|A/cattle/Texas/24-008749-003/2024(H5N1)	1274	1228
PB1|PP755595.1|A/cattle/Texas/24-008749-003/2024(H5N1)	1275	1228
PB1|PP755595.1|A/cattle/Texas/24-008749-003/2024(H5N1)	1276	1221
PB1|PP755595.1|A/cattle/Texas/24-008749-003/2024(H5N1)	1277	1211
PB1|PP755595.1|A/cattle/Texas/24-008749-003/2024(H5N1)	1278	1201
PB1|PP755595.1|A/cattle/Texas/24-008749-003/2024(H5N1)	1279	1214
PB1|PP755595.1|A/cattle/Texas/24-008749-003/2024(H5N1)	1280	1218
PB1|PP755595.1|A/cattle/Texas/24-008749-003/2024(H5N1)	1281	1218
PB1|PP755595.1|A/cattle/Texas/24-008749-003/2024(H5N1)	1282	1220
PB1|PP755595.1|A/cattle/Texas/24-008749-003/2024(H5N1)	1283	1221
PB1|PP755595.1|A/cattle/Texas/24-008749-003/2024(H5N1)	1284	1223
PB1|PP755595.1|A/cattle/Texas/24-008749-003/2024(H5N1)	1285	1233
PB1|PP755595.1|A/cattle/Texas/24-008749-003/2024(H5N1)	1286	1233
PB1|PP755595.1|A/cattle/Texas/24-008749-003/2024(H5N1)	1287	1237
PB1|PP755595.1|A/cattle/Texas/24-008749-003/2024(H5N1)	1288	1237
PB1|PP755595.1|A/cattle/Texas/24-008749-003/2024(H5N1)	1289	1231
PB1|PP755595.1|A/cattle/Texas/24-008749-003/2024(H5N1)	1290	1231
PB1|PP755595.1|A/cattle/Texas/24-008749-003/2024(H5N1)	1291	1231
PB1|PP755595.1|A/cattle/Texas/24-008749-003/2024(H5N1)	1292	1233
PB1|PP755595.1|A/cattle/Texas/24-008749-003/2024(H5N1)	1293	1253
PB1|PP755595.1|A/cattle/Texas/24-008749-003/2024(H5N1)	1294	1252
PB1|PP755595.1|A/cattle/Texas/24-008749-003/2024(H5N1)	1295	1249
PB1|PP755595.1|A/cattle/Texas/24-008749-003/2024(H5N1)	1296	1225
PB1|PP755595.1|A/cattle/Texas/24-008749-003/2024(H5N1)	1297	1223
PB1|PP755595.1|A/cattle/Texas/24-008749-003/2024(H5N1)	1298	1226
PB1|PP755595.1|A/cattle/Texas/24-008749-003/2024(H5N1)	1299	1226
PB1|PP755595.1|A/cattle/Texas/24-008749-003/2024(H5N1)	1300	1253
PB1|PP755595.1|A/cattle/Texas/24-008749-003/2024(H5N1)	1301	1253
PB1|PP755595.1|A/cattle/Texas/24-008749-003/2024(H5N1)	1302	1231
PB1|PP755595.1|A/cattle/Texas/24-008749-003/2024(H5N1)	1303	1237
PB1|PP755595.1|A/cattle/Texas/24-008749-003/2024(H5N1)	1304	1239
PB1|PP755595.1|A/cattle/Texas/24-008749-003/2024(H5N1)	1305	1236
PB1|PP755595.1|A/cattle/Texas/24-008749-003/2024(H5N1)	1306	1243
PB1|PP755595.1|A/cattle/Texas/24-008749-003/2024(H5N1)	1307	1236
PB1|PP755595.1|A/cattle/Texas/24-008749-003/2024(H5N1)	1308	1251
PB1|PP755595.1|A/cattle/Texas/24-008749-003/2024(H5N1)	1309	1208
PB1|PP755595.1|A/cattle/Texas/24-008749-003/2024(H5N1)	1310	1218
PB1|PP755595.1|A/cattle/Texas/24-008749-003/2024(H5N1)	1311	1221
PB1|PP755595.1|A/cattle/Texas/24-008749-003/2024(H5N1)	1312	1213
PB1|PP755595.1|A/cattle/Texas/24-008749-003/2024(H5N1)	1313	1220
PB1|PP755595.1|A/cattle/Texas/24-008749-003/2024(H5N1)	1314	1215
PB1|PP755595.1|A/cattle/Texas/24-008749-003/2024(H5N1)	1315	1217
PB1|PP755595.1|A/cattle/Texas/24-008749-003/2024(H5N1)	1316	1221
PB1|PP755595.1|A/cattle/Texas/24-008749-003/2024(H5N1)	1317	1191
PB1|PP755595.1|A/cattle/Texas/24-008749-003/2024(H5N1)	1318	1191
PB1|PP755595.1|A/cattle/Texas/24-008749-003/2024(H5N1)	1319	1181
PB1|PP755595.1|A/cattle/Texas/24-008749-003/2024(H5N1)	1320	1179
PB1|PP755595.1|A/cattle/Texas/24-008749-003/2024(H5N1)	1321	1195
PB1|PP755595.1|A/cattle/Texas/24-008749-003/2024(H5N1)	1322	1196
PB1|PP755595.1|A/cattle/Texas/24-008749-003/2024(H5N1)	1323	1190
PB1|PP755595.1|A/cattle/Texas/24-008749-003/2024(H5N1)	1324	1182
PB1|PP755595.1|A/cattle/Texas/24-008749-003/2024(H5N1)	1325	1181
PB1|PP755595.1|A/cattle/Texas/24-008749-003/2024(H5N1)	1326	1182
PB1|PP755595.1|A/cattle/Texas/24-008749-003/2024(H5N1)	1327	1176
PB1|PP755595.1|A/cattle/Texas/24-008749-003/2024(H5N1)	1328	1176
PB1|PP755595.1|A/cattle/Texas/24-008749-003/2024(H5N1)	1329	1167
PB1|PP755595.1|A/cattle/Texas/24-008749-003/2024(H5N1)	1330	1155
PB1|PP755595.1|A/cattle/Texas/24-008749-003/2024(H5N1)	1331	1160
PB1|PP755595.1|A/cattle/Texas/24-008749-003/2024(H5N1)	1332	1155
PB1|PP755595.1|A/cattle/Texas/24-008749-003/2024(H5N1)	1333	1155
PB1|PP755595.1|A/cattle/Texas/24-008749-003/2024(H5N1)	1334	1155
PB1|PP755595.1|A/cattle/Texas/24-008749-003/2024(H5N1)	1335	1155
PB1|PP755595.1|A/cattle/Texas/24-008749-003/2024(H5N1)	1336	1155
PB1|PP755595.1|A/cattle/Texas/24-008749-003/2024(H5N1)	1337	1134
PB1|PP755595.1|A/cattle/Texas/24-008749-003/2024(H5N1)	1338	1033
PB1|PP755595.1|A/cattle/Texas/24-008749-003/2024(H5N1)	1339	1029
PB1|PP755595.1|A/cattle/Texas/24-008749-003/2024(H5N1)	1340	1029
PB1|PP755595.1|A/cattle/Texas/24-008749-003/2024(H5N1)	1341	1029
PB1|PP755595.1|A/cattle/Texas/24-008749-003/2024(H5N1)	1342	1029
PB1|PP755595.1|A/cattle/Texas/24-008749-003/2024(H5N1)	1343	1029
PB1|PP755595.1|A/cattle/Texas/24-008749-003/2024(H5N1)	1344	1029
PB1|PP755595.1|A/cattle/Texas/24-008749-003/2024(H5N1)	1345	1041
PB1|PP755595.1|A/cattle/Texas/24-008749-003/2024(H5N1)	1346	1041
PB1|PP755595.1|A/cattle/Texas/24-008749-003/2024(H5N1)	1347	1064
PB1|PP755595.1|A/cattle/Texas/24-008749-003/2024(H5N1)	1348	1064
PB1|PP755595.1|A/cattle/Texas/24-008749-003/2024(H5N1)	1349	1064
PB1|PP755595.1|A/cattle/Texas/24-008749-003/2024(H5N1)	1350	1063
PB1|PP755595.1|A/cattle/Texas/24-008749-003/2024(H5N1)	1351	1071
PB1|PP755595.1|A/cattle/Texas/24-008749-003/2024(H5N1)	1352	1074
PB1|PP755595.1|A/cattle/Texas/24-008749-003/2024(H5N1)	1353	1074
PB1|PP755595.1|A/cattle/Texas/24-008749-003/2024(H5N1)	1354	1074
PB1|PP755595.1|A/cattle/Texas/24-008749-003/2024(H5N1)	1355	1078
PB1|PP755595.1|A/cattle/Texas/24-008749-003/2024(H5N1)	1356	1078
PB1|PP755595.1|A/cattle/Texas/24-008749-003/2024(H5N1)	1357	1080
PB1|PP755595.1|A/cattle/Texas/24-008749-003/2024(H5N1)	1358	1080
PB1|PP755595.1|A/cattle/Texas/24-008749-003/2024(H5N1)	1359	1079
PB1|PP755595.1|A/cattle/Texas/24-008749-003/2024(H5N1)	1360	1079
PB1|PP755595.1|A/cattle/Texas/24-008749-003/2024(H5N1)	1361	1080
PB1|PP755595.1|A/cattle/Texas/24-008749-003/2024(H5N1)	1362	1085
PB1|PP755595.1|A/cattle/Texas/24-008749-003/2024(H5N1)	1363	1174
PB1|PP755595.1|A/cattle/Texas/24-008749-003/2024(H5N1)	1364	1184
PB1|PP755595.1|A/cattle/Texas/24-008749-003/2024(H5N1)	1365	1189
PB1|PP755595.1|A/cattle/Texas/24-008749-003/2024(H5N1)	1366	1191
PB1|PP755595.1|A/cattle/Texas/24-008749-003/2024(H5N1)	1367	1192
PB1|PP755595.1|A/cattle/Texas/24-008749-003/2024(H5N1)	1368	1200
PB1|PP755595.1|A/cattle/Texas/24-008749-003/2024(H5N1)	1369	1200
PB1|PP755595.1|A/cattle/Texas/24-008749-003/2024(H5N1)	1370	1205
PB1|PP755595.1|A/cattle/Texas/24-008749-003/2024(H5N1)	1371	1206
PB1|PP755595.1|A/cattle/Texas/24-008749-003/2024(H5N1)	1372	1206
PB1|PP755595.1|A/cattle/Texas/24-008749-003/2024(H5N1)	1373	1222
PB1|PP755595.1|A/cattle/Texas/24-008749-003/2024(H5N1)	1374	1224
PB1|PP755595.1|A/cattle/Texas/24-008749-003/2024(H5N1)	1375	1233
PB1|PP755595.1|A/cattle/Texas/24-008749-003/2024(H5N1)	1376	1232
PB1|PP755595.1|A/cattle/Texas/24-008749-003/2024(H5N1)	1377	1236
PB1|PP755595.1|A/cattle/Texas/24-008749-003/2024(H5N1)	1378	1236
PB1|PP755595.1|A/cattle/Texas/24-008749-003/2024(H5N1)	1379	1251
PB1|PP755595.1|A/cattle/Texas/24-008749-003/2024(H5N1)	1380	1259
PB1|PP755595.1|A/cattle/Texas/24-008749-003/2024(H5N1)	1381	1250
PB1|PP755595.1|A/cattle/Texas/24-008749-003/2024(H5N1)	1382	1249
PB1|PP755595.1|A/cattle/Texas/24-008749-003/2024(H5N1)	1383	1246
PB1|PP755595.1|A/cattle/Texas/24-008749-003/2024(H5N1)	1384	1269
PB1|PP755595.1|A/cattle/Texas/24-008749-003/2024(H5N1)	1385	1270
PB1|PP755595.1|A/cattle/Texas/24-008749-003/2024(H5N1)	1386	1266
PB1|PP755595.1|A/cattle/Texas/24-008749-003/2024(H5N1)	1387	1265
PB1|PP755595.1|A/cattle/Texas/24-008749-003/2024(H5N1)	1388	1253
PB1|PP755595.1|A/cattle/Texas/24-008749-003/2024(H5N1)	1389	1156
PB1|PP755595.1|A/cattle/Texas/24-008749-003/2024(H5N1)	1390	1163
PB1|PP755595.1|A/cattle/Texas/24-008749-003/2024(H5N1)	1391	1163
PB1|PP755595.1|A/cattle/Texas/24-008749-003/2024(H5N1)	1392	1163
PB1|PP755595.1|A/cattle/Texas/24-008749-003/2024(H5N1)	1393	1163
PB1|PP755595.1|A/cattle/Texas/24-008749-003/2024(H5N1)	1394	1174
PB1|PP755595.1|A/cattle/Texas/24-008749-003/2024(H5N1)	1395	1260
PB1|PP755595.1|A/cattle/Texas/24-008749-003/2024(H5N1)	1396	1338
PB1|PP755595.1|A/cattle/Texas/24-008749-003/2024(H5N1)	1397	1340
PB1|PP755595.1|A/cattle/Texas/24-008749-003/2024(H5N1)	1398	1370
PB1|PP755595.1|A/cattle/Texas/24-008749-003/2024(H5N1)	1399	1372
PB1|PP755595.1|A/cattle/Texas/24-008749-003/2024(H5N1)	1400	1372
PB1|PP755595.1|A/cattle/Texas/24-008749-003/2024(H5N1)	1401	1372
PB1|PP755595.1|A/cattle/Texas/24-008749-003/2024(H5N1)	1402	1369
PB1|PP755595.1|A/cattle/Texas/24-008749-003/2024(H5N1)	1403	1364
PB1|PP755595.1|A/cattle/Texas/24-008749-003/2024(H5N1)	1404	1312
PB1|PP755595.1|A/cattle/Texas/24-008749-003/2024(H5N1)	1405	1315
PB1|PP755595.1|A/cattle/Texas/24-008749-003/2024(H5N1)	1406	1343
PB1|PP755595.1|A/cattle/Texas/24-008749-003/2024(H5N1)	1407	1302
PB1|PP755595.1|A/cattle/Texas/24-008749-003/2024(H5N1)	1408	1292
PB1|PP755595.1|A/cattle/Texas/24-008749-003/2024(H5N1)	1409	1306
PB1|PP755595.1|A/cattle/Texas/24-008749-003/2024(H5N1)	1410	1306
PB1|PP755595.1|A/cattle/Texas/24-008749-003/2024(H5N1)	1411	1306
PB1|PP755595.1|A/cattle/Texas/24-008749-003/2024(H5N1)	1412	1306
PB1|PP755595.1|A/cattle/Texas/24-008749-003/2024(H5N1)	1413	1306
PB1|PP755595.1|A/cattle/Texas/24-008749-003/2024(H5N1)	1414	1309
PB1|PP755595.1|A/cattle/Texas/24-008749-003/2024(H5N1)	1415	1282
PB1|PP755595.1|A/cattle/Texas/24-008749-003/2024(H5N1)	1416	1291
PB1|PP755595.1|A/cattle/Texas/24-008749-003/2024(H5N1)	1417	1293
PB1|PP755595.1|A/cattle/Texas/24-008749-003/2024(H5N1)	1418	1293
PB1|PP755595.1|A/cattle/Texas/24-008749-003/2024(H5N1)	1419	1293
PB1|PP755595.1|A/cattle/Texas/24-008749-003/2024(H5N1)	1420	1293
PB1|PP755595.1|A/cattle/Texas/24-008749-003/2024(H5N1)	1421	1333
PB1|PP755595.1|A/cattle/Texas/24-008749-003/2024(H5N1)	1422	1339
PB1|PP755595.1|A/cattle/Texas/24-008749-003/2024(H5N1)	1423	1363
PB1|PP755595.1|A/cattle/Texas/24-008749-003/2024(H5N1)	1424	1363
PB1|PP755595.1|A/cattle/Texas/24-008749-003/2024(H5N1)	1425	1353
PB1|PP755595.1|A/cattle/Texas/24-008749-003/2024(H5N1)	1426	1354
PB1|PP755595.1|A/cattle/Texas/24-008749-003/2024(H5N1)	1427	1356
PB1|PP755595.1|A/cattle/Texas/24-008749-003/2024(H5N1)	1428	1357
PB1|PP755595.1|A/cattle/Texas/24-008749-003/2024(H5N1)	1429	1357
PB1|PP755595.1|A/cattle/Texas/24-008749-003/2024(H5N1)	1430	1314
PB1|PP755595.1|A/cattle/Texas/24-008749-003/2024(H5N1)	1431	1313
PB1|PP755595.1|A/cattle/Texas/24-008749-003/2024(H5N1)	1432	1305
PB1|PP755595.1|A/cattle/Texas/24-008749-003/2024(H5N1)	1433	1308
PB1|PP755595.1|A/cattle/Texas/24-008749-003/2024(H5N1)	1434	1305
PB1|PP755595.1|A/cattle/Texas/24-008749-003/2024(H5N1)	1435	1300
PB1|PP755595.1|A/cattle/Texas/24-008749-003/2024(H5N1)	1436	1303
PB1|PP755595.1|A/cattle/Texas/24-008749-003/2024(H5N1)	1437	1307
PB1|PP755595.1|A/cattle/Texas/24-008749-003/2024(H5N1)	1438	1307
PB1|PP755595.1|A/cattle/Texas/24-008749-003/2024(H5N1)	1439	1307
PB1|PP755595.1|A/cattle/Texas/24-008749-003/2024(H5N1)	1440	1307
PB1|PP755595.1|A/cattle/Texas/24-008749-003/2024(H5N1)	1441	1299
PB1|PP755595.1|A/cattle/Texas/24-008749-003/2024(H5N1)	1442	1297
PB1|PP755595.1|A/cattle/Texas/24-008749-003/2024(H5N1)	1443	1334
PB1|PP755595.1|A/cattle/Texas/24-008749-003/2024(H5N1)	1444	1347
PB1|PP755595.1|A/cattle/Texas/24-008749-003/2024(H5N1)	1445	1348
PB1|PP755595.1|A/cattle/Texas/24-008749-003/2024(H5N1)	1446	1347
PB1|PP755595.1|A/cattle/Texas/24-008749-003/2024(H5N1)	1447	1349
PB1|PP755595.1|A/cattle/Texas/24-008749-003/2024(H5N1)	1448	1359
PB1|PP755595.1|A/cattle/Texas/24-008749-003/2024(H5N1)	1449	1369
PB1|PP755595.1|A/cattle/Texas/24-008749-003/2024(H5N1)	1450	1371
PB1|PP755595.1|A/cattle/Texas/24-008749-003/2024(H5N1)	1451	1371
PB1|PP755595.1|A/cattle/Texas/24-008749-003/2024(H5N1)	1452	1328
PB1|PP755595.1|A/cattle/Texas/24-008749-003/2024(H5N1)	1453	1328
PB1|PP755595.1|A/cattle/Texas/24-008749-003/2024(H5N1)	1454	1325
PB1|PP755595.1|A/cattle/Texas/24-008749-003/2024(H5N1)	1455	1325
PB1|PP755595.1|A/cattle/Texas/24-008749-003/2024(H5N1)	1456	1320
PB1|PP755595.1|A/cattle/Texas/24-008749-003/2024(H5N1)	1457	1300
PB1|PP755595.1|A/cattle/Texas/24-008749-003/2024(H5N1)	1458	1321
PB1|PP755595.1|A/cattle/Texas/24-008749-003/2024(H5N1)	1459	1322
PB1|PP755595.1|A/cattle/Texas/24-008749-003/2024(H5N1)	1460	1325
PB1|PP755595.1|A/cattle/Texas/24-008749-003/2024(H5N1)	1461	1319
PB1|PP755595.1|A/cattle/Texas/24-008749-003/2024(H5N1)	1462	1315
PB1|PP755595.1|A/cattle/Texas/24-008749-003/2024(H5N1)	1463	1328
PB1|PP755595.1|A/cattle/Texas/24-008749-003/2024(H5N1)	1464	1328
PB1|PP755595.1|A/cattle/Texas/24-008749-003/2024(H5N1)	1465	1337
PB1|PP755595.1|A/cattle/Texas/24-008749-003/2024(H5N1)	1466	1339
PB1|PP755595.1|A/cattle/Texas/24-008749-003/2024(H5N1)	1467	1329
PB1|PP755595.1|A/cattle/Texas/24-008749-003/2024(H5N1)	1468	1330
PB1|PP755595.1|A/cattle/Texas/24-008749-003/2024(H5N1)	1469	1330
PB1|PP755595.1|A/cattle/Texas/24-008749-003/2024(H5N1)	1470	1334
PB1|PP755595.1|A/cattle/Texas/24-008749-003/2024(H5N1)	1471	1334
PB1|PP755595.1|A/cattle/Texas/24-008749-003/2024(H5N1)	1472	1319
PB1|PP755595.1|A/cattle/Texas/24-008749-003/2024(H5N1)	1473	1318
PB1|PP755595.1|A/cattle/Texas/24-008749-003/2024(H5N1)	1474	1319
PB1|PP755595.1|A/cattle/Texas/24-008749-003/2024(H5N1)	1475	1319
PB1|PP755595.1|A/cattle/Texas/24-008749-003/2024(H5N1)	1476	1319
PB1|PP755595.1|A/cattle/Texas/24-008749-003/2024(H5N1)	1477	1314
PB1|PP755595.1|A/cattle/Texas/24-008749-003/2024(H5N1)	1478	1310
PB1|PP755595.1|A/cattle/Texas/24-008749-003/2024(H5N1)	1479	1312
PB1|PP755595.1|A/cattle/Texas/24-008749-003/2024(H5N1)	1480	1311
PB1|PP755595.1|A/cattle/Texas/24-008749-003/2024(H5N1)	1481	1311
PB1|PP755595.1|A/cattle/Texas/24-008749-003/2024(H5N1)	1482	1307
PB1|PP755595.1|A/cattle/Texas/24-008749-003/2024(H5N1)	1483	1310
PB1|PP755595.1|A/cattle/Texas/24-008749-003/2024(H5N1)	1484	1301
PB1|PP755595.1|A/cattle/Texas/24-008749-003/2024(H5N1)	1485	1301
PB1|PP755595.1|A/cattle/Texas/24-008749-003/2024(H5N1)	1486	1298
PB1|PP755595.1|A/cattle/Texas/24-008749-003/2024(H5N1)	1487	1298
PB1|PP755595.1|A/cattle/Texas/24-008749-003/2024(H5N1)	1488	1297
PB1|PP755595.1|A/cattle/Texas/24-008749-003/2024(H5N1)	1489	1294
PB1|PP755595.1|A/cattle/Texas/24-008749-003/2024(H5N1)	1490	1289
PB1|PP755595.1|A/cattle/Texas/24-008749-003/2024(H5N1)	1491	1287
PB1|PP755595.1|A/cattle/Texas/24-008749-003/2024(H5N1)	1492	1295
PB1|PP755595.1|A/cattle/Texas/24-008749-003/2024(H5N1)	1493	1298
PB1|PP755595.1|A/cattle/Texas/24-008749-003/2024(H5N1)	1494	1310
PB1|PP755595.1|A/cattle/Texas/24-008749-003/2024(H5N1)	1495	1308
PB1|PP755595.1|A/cattle/Texas/24-008749-003/2024(H5N1)	1496	1310
PB1|PP755595.1|A/cattle/Texas/24-008749-003/2024(H5N1)	1497	1309
PB1|PP755595.1|A/cattle/Texas/24-008749-003/2024(H5N1)	1498	1309
PB1|PP755595.1|A/cattle/Texas/24-008749-003/2024(H5N1)	1499	1316
PB1|PP755595.1|A/cattle/Texas/24-008749-003/2024(H5N1)	1500	1316
PB1|PP755595.1|A/cattle/Texas/24-008749-003/2024(H5N1)	1501	1320
PB1|PP755595.1|A/cattle/Texas/24-008749-003/2024(H5N1)	1502	1293
PB1|PP755595.1|A/cattle/Texas/24-008749-003/2024(H5N1)	1503	1275
PB1|PP755595.1|A/cattle/Texas/24-008749-003/2024(H5N1)	1504	1275
PB1|PP755595.1|A/cattle/Texas/24-008749-003/2024(H5N1)	1505	1273
PB1|PP755595.1|A/cattle/Texas/24-008749-003/2024(H5N1)	1506	1119
PB1|PP755595.1|A/cattle/Texas/24-008749-003/2024(H5N1)	1507	1128
PB1|PP755595.1|A/cattle/Texas/24-008749-003/2024(H5N1)	1508	1123
PB1|PP755595.1|A/cattle/Texas/24-008749-003/2024(H5N1)	1509	1123
PB1|PP755595.1|A/cattle/Texas/24-008749-003/2024(H5N1)	1510	1124
PB1|PP755595.1|A/cattle/Texas/24-008749-003/2024(H5N1)	1511	1124
PB1|PP755595.1|A/cattle/Texas/24-008749-003/2024(H5N1)	1512	1181
PB1|PP755595.1|A/cattle/Texas/24-008749-003/2024(H5N1)	1513	1192
PB1|PP755595.1|A/cattle/Texas/24-008749-003/2024(H5N1)	1514	1197
PB1|PP755595.1|A/cattle/Texas/24-008749-003/2024(H5N1)	1515	1198
PB1|PP755595.1|A/cattle/Texas/24-008749-003/2024(H5N1)	1516	1198
PB1|PP755595.1|A/cattle/Texas/24-008749-003/2024(H5N1)	1517	1249
PB1|PP755595.1|A/cattle/Texas/24-008749-003/2024(H5N1)	1518	1250
PB1|PP755595.1|A/cattle/Texas/24-008749-003/2024(H5N1)	1519	1252
PB1|PP755595.1|A/cattle/Texas/24-008749-003/2024(H5N1)	1520	1256
PB1|PP755595.1|A/cattle/Texas/24-008749-003/2024(H5N1)	1521	1256
PB1|PP755595.1|A/cattle/Texas/24-008749-003/2024(H5N1)	1522	1263
PB1|PP755595.1|A/cattle/Texas/24-008749-003/2024(H5N1)	1523	1258
PB1|PP755595.1|A/cattle/Texas/24-008749-003/2024(H5N1)	1524	1257
PB1|PP755595.1|A/cattle/Texas/24-008749-003/2024(H5N1)	1525	1269
PB1|PP755595.1|A/cattle/Texas/24-008749-003/2024(H5N1)	1526	1278
PB1|PP755595.1|A/cattle/Texas/24-008749-003/2024(H5N1)	1527	1292
PB1|PP755595.1|A/cattle/Texas/24-008749-003/2024(H5N1)	1528	1295
PB1|PP755595.1|A/cattle/Texas/24-008749-003/2024(H5N1)	1529	1295
PB1|PP755595.1|A/cattle/Texas/24-008749-003/2024(H5N1)	1530	1297
PB1|PP755595.1|A/cattle/Texas/24-008749-003/2024(H5N1)	1531	1283
PB1|PP755595.1|A/cattle/Texas/24-008749-003/2024(H5N1)	1532	1347
PB1|PP755595.1|A/cattle/Texas/24-008749-003/2024(H5N1)	1533	1337
PB1|PP755595.1|A/cattle/Texas/24-008749-003/2024(H5N1)	1534	1334
PB1|PP755595.1|A/cattle/Texas/24-008749-003/2024(H5N1)	1535	1334
PB1|PP755595.1|A/cattle/Texas/24-008749-003/2024(H5N1)	1536	1327
PB1|PP755595.1|A/cattle/Texas/24-008749-003/2024(H5N1)	1537	1324
PB1|PP755595.1|A/cattle/Texas/24-008749-003/2024(H5N1)	1538	1326
PB1|PP755595.1|A/cattle/Texas/24-008749-003/2024(H5N1)	1539	1327
PB1|PP755595.1|A/cattle/Texas/24-008749-003/2024(H5N1)	1540	1328
PB1|PP755595.1|A/cattle/Texas/24-008749-003/2024(H5N1)	1541	1284
PB1|PP755595.1|A/cattle/Texas/24-008749-003/2024(H5N1)	1542	1285
PB1|PP755595.1|A/cattle/Texas/24-008749-003/2024(H5N1)	1543	1285
PB1|PP755595.1|A/cattle/Texas/24-008749-003/2024(H5N1)	1544	1283
PB1|PP755595.1|A/cattle/Texas/24-008749-003/2024(H5N1)	1545	1278
PB1|PP755595.1|A/cattle/Texas/24-008749-003/2024(H5N1)	1546	1278
PB1|PP755595.1|A/cattle/Texas/24-008749-003/2024(H5N1)	1547	1276
PB1|PP755595.1|A/cattle/Texas/24-008749-003/2024(H5N1)	1548	1280
PB1|PP755595.1|A/cattle/Texas/24-008749-003/2024(H5N1)	1549	1279
PB1|PP755595.1|A/cattle/Texas/24-008749-003/2024(H5N1)	1550	1279
PB1|PP755595.1|A/cattle/Texas/24-008749-003/2024(H5N1)	1551	1283
PB1|PP755595.1|A/cattle/Texas/24-008749-003/2024(H5N1)	1552	1277
PB1|PP755595.1|A/cattle/Texas/24-008749-003/2024(H5N1)	1553	1257
PB1|PP755595.1|A/cattle/Texas/24-008749-003/2024(H5N1)	1554	1257
PB1|PP755595.1|A/cattle/Texas/24-008749-003/2024(H5N1)	1555	1255
PB1|PP755595.1|A/cattle/Texas/24-008749-003/2024(H5N1)	1556	1255
PB1|PP755595.1|A/cattle/Texas/24-008749-003/2024(H5N1)	1557	1255
PB1|PP755595.1|A/cattle/Texas/24-008749-003/2024(H5N1)	1558	1255
PB1|PP755595.1|A/cattle/Texas/24-008749-003/2024(H5N1)	1559	1255
PB1|PP755595.1|A/cattle/Texas/24-008749-003/2024(H5N1)	1560	1243
PB1|PP755595.1|A/cattle/Texas/24-008749-003/2024(H5N1)	1561	1262
PB1|PP755595.1|A/cattle/Texas/24-008749-003/2024(H5N1)	1562	1268
PB1|PP755595.1|A/cattle/Texas/24-008749-003/2024(H5N1)	1563	1268
PB1|PP755595.1|A/cattle/Texas/24-008749-003/2024(H5N1)	1564	1302
PB1|PP755595.1|A/cattle/Texas/24-008749-003/2024(H5N1)	1565	1302
PB1|PP755595.1|A/cattle/Texas/24-008749-003/2024(H5N1)	1566	1307
PB1|PP755595.1|A/cattle/Texas/24-008749-003/2024(H5N1)	1567	1310
PB1|PP755595.1|A/cattle/Texas/24-008749-003/2024(H5N1)	1568	1304
PB1|PP755595.1|A/cattle/Texas/24-008749-003/2024(H5N1)	1569	1319
PB1|PP755595.1|A/cattle/Texas/24-008749-003/2024(H5N1)	1570	1303
PB1|PP755595.1|A/cattle/Texas/24-008749-003/2024(H5N1)	1571	1316
PB1|PP755595.1|A/cattle/Texas/24-008749-003/2024(H5N1)	1572	1320
PB1|PP755595.1|A/cattle/Texas/24-008749-003/2024(H5N1)	1573	1306
PB1|PP755595.1|A/cattle/Texas/24-008749-003/2024(H5N1)	1574	1306
PB1|PP755595.1|A/cattle/Texas/24-008749-003/2024(H5N1)	1575	1293
PB1|PP755595.1|A/cattle/Texas/24-008749-003/2024(H5N1)	1576	1293
PB1|PP755595.1|A/cattle/Texas/24-008749-003/2024(H5N1)	1577	1292
PB1|PP755595.1|A/cattle/Texas/24-008749-003/2024(H5N1)	1578	1277
PB1|PP755595.1|A/cattle/Texas/24-008749-003/2024(H5N1)	1579	1277
PB1|PP755595.1|A/cattle/Texas/24-008749-003/2024(H5N1)	1580	1281
PB1|PP755595.1|A/cattle/Texas/24-008749-003/2024(H5N1)	1581	1280
PB1|PP755595.1|A/cattle/Texas/24-008749-003/2024(H5N1)	1582	1306
PB1|PP755595.1|A/cattle/Texas/24-008749-003/2024(H5N1)	1583	1317
PB1|PP755595.1|A/cattle/Texas/24-008749-003/2024(H5N1)	1584	1318
PB1|PP755595.1|A/cattle/Texas/24-008749-003/2024(H5N1)	1585	1353
PB1|PP755595.1|A/cattle/Texas/24-008749-003/2024(H5N1)	1586	1329
PB1|PP755595.1|A/cattle/Texas/24-008749-003/2024(H5N1)	1587	1329
PB1|PP755595.1|A/cattle/Texas/24-008749-003/2024(H5N1)	1588	1336
PB1|PP755595.1|A/cattle/Texas/24-008749-003/2024(H5N1)	1589	1333
PB1|PP755595.1|A/cattle/Texas/24-008749-003/2024(H5N1)	1590	1333
PB1|PP755595.1|A/cattle/Texas/24-008749-003/2024(H5N1)	1591	1332
PB1|PP755595.1|A/cattle/Texas/24-008749-003/2024(H5N1)	1592	1316
PB1|PP755595.1|A/cattle/Texas/24-008749-003/2024(H5N1)	1593	1315
PB1|PP755595.1|A/cattle/Texas/24-008749-003/2024(H5N1)	1594	1280
PB1|PP755595.1|A/cattle/Texas/24-008749-003/2024(H5N1)	1595	1280
PB1|PP755595.1|A/cattle/Texas/24-008749-003/2024(H5N1)	1596	1280
PB1|PP755595.1|A/cattle/Texas/24-008749-003/2024(H5N1)	1597	1262
PB1|PP755595.1|A/cattle/Texas/24-008749-003/2024(H5N1)	1598	1262
PB1|PP755595.1|A/cattle/Texas/24-008749-003/2024(H5N1)	1599	1257
PB1|PP755595.1|A/cattle/Texas/24-008749-003/2024(H5N1)	1600	1255
PB1|PP755595.1|A/cattle/Texas/24-008749-003/2024(H5N1)	1601	1247
PB1|PP755595.1|A/cattle/Texas/24-008749-003/2024(H5N1)	1602	1242
PB1|PP755595.1|A/cattle/Texas/24-008749-003/2024(H5N1)	1603	1242
PB1|PP755595.1|A/cattle/Texas/24-008749-003/2024(H5N1)	1604	1240
PB1|PP755595.1|A/cattle/Texas/24-008749-003/2024(H5N1)	1605	1237
PB1|PP755595.1|A/cattle/Texas/24-008749-003/2024(H5N1)	1606	1237
PB1|PP755595.1|A/cattle/Texas/24-008749-003/2024(H5N1)	1607	1230
PB1|PP755595.1|A/cattle/Texas/24-008749-003/2024(H5N1)	1608	1227
PB1|PP755595.1|A/cattle/Texas/24-008749-003/2024(H5N1)	1609	1206
PB1|PP755595.1|A/cattle/Texas/24-008749-003/2024(H5N1)	1610	1206
PB1|PP755595.1|A/cattle/Texas/24-008749-003/2024(H5N1)	1611	1197
PB1|PP755595.1|A/cattle/Texas/24-008749-003/2024(H5N1)	1612	1197
PB1|PP755595.1|A/cattle/Texas/24-008749-003/2024(H5N1)	1613	1197
PB1|PP755595.1|A/cattle/Texas/24-008749-003/2024(H5N1)	1614	1193
PB1|PP755595.1|A/cattle/Texas/24-008749-003/2024(H5N1)	1615	1185
PB1|PP755595.1|A/cattle/Texas/24-008749-003/2024(H5N1)	1616	1172
PB1|PP755595.1|A/cattle/Texas/24-008749-003/2024(H5N1)	1617	1162
PB1|PP755595.1|A/cattle/Texas/24-008749-003/2024(H5N1)	1618	1162
PB1|PP755595.1|A/cattle/Texas/24-008749-003/2024(H5N1)	1619	1162
PB1|PP755595.1|A/cattle/Texas/24-008749-003/2024(H5N1)	1620	1160
PB1|PP755595.1|A/cattle/Texas/24-008749-003/2024(H5N1)	1621	1153
PB1|PP755595.1|A/cattle/Texas/24-008749-003/2024(H5N1)	1622	1137
PB1|PP755595.1|A/cattle/Texas/24-008749-003/2024(H5N1)	1623	1100
PB1|PP755595.1|A/cattle/Texas/24-008749-003/2024(H5N1)	1624	1099
PB1|PP755595.1|A/cattle/Texas/24-008749-003/2024(H5N1)	1625	1099
PB1|PP755595.1|A/cattle/Texas/24-008749-003/2024(H5N1)	1626	1099
PB1|PP755595.1|A/cattle/Texas/24-008749-003/2024(H5N1)	1627	1098
PB1|PP755595.1|A/cattle/Texas/24-008749-003/2024(H5N1)	1628	1092
PB1|PP755595.1|A/cattle/Texas/24-008749-003/2024(H5N1)	1629	1064
PB1|PP755595.1|A/cattle/Texas/24-008749-003/2024(H5N1)	1630	1061
PB1|PP755595.1|A/cattle/Texas/24-008749-003/2024(H5N1)	1631	1059
PB1|PP755595.1|A/cattle/Texas/24-008749-003/2024(H5N1)	1632	1058
PB1|PP755595.1|A/cattle/Texas/24-008749-003/2024(H5N1)	1633	1054
PB1|PP755595.1|A/cattle/Texas/24-008749-003/2024(H5N1)	1634	1052
PB1|PP755595.1|A/cattle/Texas/24-008749-003/2024(H5N1)	1635	1052
PB1|PP755595.1|A/cattle/Texas/24-008749-003/2024(H5N1)	1636	1052
PB1|PP755595.1|A/cattle/Texas/24-008749-003/2024(H5N1)	1637	1044
PB1|PP755595.1|A/cattle/Texas/24-008749-003/2024(H5N1)	1638	1038
PB1|PP755595.1|A/cattle/Texas/24-008749-003/2024(H5N1)	1639	1023
PB1|PP755595.1|A/cattle/Texas/24-008749-003/2024(H5N1)	1640	1019
PB1|PP755595.1|A/cattle/Texas/24-008749-003/2024(H5N1)	1641	968
PB1|PP755595.1|A/cattle/Texas/24-008749-003/2024(H5N1)	1642	961
PB1|PP755595.1|A/cattle/Texas/24-008749-003/2024(H5N1)	1643	958
PB1|PP755595.1|A/cattle/Texas/24-008749-003/2024(H5N1)	1644	958
PB1|PP755595.1|A/cattle/Texas/24-008749-003/2024(H5N1)	1645	958
PB1|PP755595.1|A/cattle/Texas/24-008749-003/2024(H5N1)	1646	958
PB1|PP755595.1|A/cattle/Texas/24-008749-003/2024(H5N1)	1647	958
PB1|PP755595.1|A/cattle/Texas/24-008749-003/2024(H5N1)	1648	978
PB1|PP755595.1|A/cattle/Texas/24-008749-003/2024(H5N1)	1649	978
PB1|PP755595.1|A/cattle/Texas/24-008749-003/2024(H5N1)	1650	980
PB1|PP755595.1|A/cattle/Texas/24-008749-003/2024(H5N1)	1651	980
PB1|PP755595.1|A/cattle/Texas/24-008749-003/2024(H5N1)	1652	977
PB1|PP755595.1|A/cattle/Texas/24-008749-003/2024(H5N1)	1653	977
PB1|PP755595.1|A/cattle/Texas/24-008749-003/2024(H5N1)	1654	968
PB1|PP755595.1|A/cattle/Texas/24-008749-003/2024(H5N1)	1655	968
PB1|PP755595.1|A/cattle/Texas/24-008749-003/2024(H5N1)	1656	968
PB1|PP755595.1|A/cattle/Texas/24-008749-003/2024(H5N1)	1657	968
PB1|PP755595.1|A/cattle/Texas/24-008749-003/2024(H5N1)	1658	967
PB1|PP755595.1|A/cattle/Texas/24-008749-003/2024(H5N1)	1659	964
PB1|PP755595.1|A/cattle/Texas/24-008749-003/2024(H5N1)	1660	968
PB1|PP755595.1|A/cattle/Texas/24-008749-003/2024(H5N1)	1661	968
PB1|PP755595.1|A/cattle/Texas/24-008749-003/2024(H5N1)	1662	967
PB1|PP755595.1|A/cattle/Texas/24-008749-003/2024(H5N1)	1663	966
PB1|PP755595.1|A/cattle/Texas/24-008749-003/2024(H5N1)	1664	964
PB1|PP755595.1|A/cattle/Texas/24-008749-003/2024(H5N1)	1665	962
PB1|PP755595.1|A/cattle/Texas/24-008749-003/2024(H5N1)	1666	960
PB1|PP755595.1|A/cattle/Texas/24-008749-003/2024(H5N1)	1667	959
PB1|PP755595.1|A/cattle/Texas/24-008749-003/2024(H5N1)	1668	956
PB1|PP755595.1|A/cattle/Texas/24-008749-003/2024(H5N1)	1669	938
PB1|PP755595.1|A/cattle/Texas/24-008749-003/2024(H5N1)	1670	938
PB1|PP755595.1|A/cattle/Texas/24-008749-003/2024(H5N1)	1671	936
PB1|PP755595.1|A/cattle/Texas/24-008749-003/2024(H5N1)	1672	928
PB1|PP755595.1|A/cattle/Texas/24-008749-003/2024(H5N1)	1673	924
PB1|PP755595.1|A/cattle/Texas/24-008749-003/2024(H5N1)	1674	827
PB1|PP755595.1|A/cattle/Texas/24-008749-003/2024(H5N1)	1675	827
PB1|PP755595.1|A/cattle/Texas/24-008749-003/2024(H5N1)	1676	814
PB1|PP755595.1|A/cattle/Texas/24-008749-003/2024(H5N1)	1677	814
PB1|PP755595.1|A/cattle/Texas/24-008749-003/2024(H5N1)	1678	815
PB1|PP755595.1|A/cattle/Texas/24-008749-003/2024(H5N1)	1679	815
PB1|PP755595.1|A/cattle/Texas/24-008749-003/2024(H5N1)	1680	805
PB1|PP755595.1|A/cattle/Texas/24-008749-003/2024(H5N1)	1681	804
PB1|PP755595.1|A/cattle/Texas/24-008749-003/2024(H5N1)	1682	803
PB1|PP755595.1|A/cattle/Texas/24-008749-003/2024(H5N1)	1683	802
PB1|PP755595.1|A/cattle/Texas/24-008749-003/2024(H5N1)	1684	803
PB1|PP755595.1|A/cattle/Texas/24-008749-003/2024(H5N1)	1685	803
PB1|PP755595.1|A/cattle/Texas/24-008749-003/2024(H5N1)	1686	803
PB1|PP755595.1|A/cattle/Texas/24-008749-003/2024(H5N1)	1687	803
PB1|PP755595.1|A/cattle/Texas/24-008749-003/2024(H5N1)	1688	800
PB1|PP755595.1|A/cattle/Texas/24-008749-003/2024(H5N1)	1689	784
PB1|PP755595.1|A/cattle/Texas/24-008749-003/2024(H5N1)	1690	775
PB1|PP755595.1|A/cattle/Texas/24-008749-003/2024(H5N1)	1691	771
PB1|PP755595.1|A/cattle/Texas/24-008749-003/2024(H5N1)	1692	737
PB1|PP755595.1|A/cattle/Texas/24-008749-003/2024(H5N1)	1693	744
PB1|PP755595.1|A/cattle/Texas/24-008749-003/2024(H5N1)	1694	745
PB1|PP755595.1|A/cattle/Texas/24-008749-003/2024(H5N1)	1695	726
PB1|PP755595.1|A/cattle/Texas/24-008749-003/2024(H5N1)	1696	726
PB1|PP755595.1|A/cattle/Texas/24-008749-003/2024(H5N1)	1697	715
PB1|PP755595.1|A/cattle/Texas/24-008749-003/2024(H5N1)	1698	711
PB1|PP755595.1|A/cattle/Texas/24-008749-003/2024(H5N1)	1699	703
PB1|PP755595.1|A/cattle/Texas/24-008749-003/2024(H5N1)	1700	696
PB1|PP755595.1|A/cattle/Texas/24-008749-003/2024(H5N1)	1701	698
PB1|PP755595.1|A/cattle/Texas/24-008749-003/2024(H5N1)	1702	698
PB1|PP755595.1|A/cattle/Texas/24-008749-003/2024(H5N1)	1703	699
PB1|PP755595.1|A/cattle/Texas/24-008749-003/2024(H5N1)	1704	699
PB1|PP755595.1|A/cattle/Texas/24-008749-003/2024(H5N1)	1705	697
PB1|PP755595.1|A/cattle/Texas/24-008749-003/2024(H5N1)	1706	695
PB1|PP755595.1|A/cattle/Texas/24-008749-003/2024(H5N1)	1707	692
PB1|PP755595.1|A/cattle/Texas/24-008749-003/2024(H5N1)	1708	690
PB1|PP755595.1|A/cattle/Texas/24-008749-003/2024(H5N1)	1709	686
PB1|PP755595.1|A/cattle/Texas/24-008749-003/2024(H5N1)	1710	680
PB1|PP755595.1|A/cattle/Texas/24-008749-003/2024(H5N1)	1711	681
PB1|PP755595.1|A/cattle/Texas/24-008749-003/2024(H5N1)	1712	681
PB1|PP755595.1|A/cattle/Texas/24-008749-003/2024(H5N1)	1713	681
PB1|PP755595.1|A/cattle/Texas/24-008749-003/2024(H5N1)	1714	677
PB1|PP755595.1|A/cattle/Texas/24-008749-003/2024(H5N1)	1715	676
PB1|PP755595.1|A/cattle/Texas/24-008749-003/2024(H5N1)	1716	671
PB1|PP755595.1|A/cattle/Texas/24-008749-003/2024(H5N1)	1717	672
PB1|PP755595.1|A/cattle/Texas/24-008749-003/2024(H5N1)	1718	671
PB1|PP755595.1|A/cattle/Texas/24-008749-003/2024(H5N1)	1719	670
PB1|PP755595.1|A/cattle/Texas/24-008749-003/2024(H5N1)	1720	670
PB1|PP755595.1|A/cattle/Texas/24-008749-003/2024(H5N1)	1721	670
PB1|PP755595.1|A/cattle/Texas/24-008749-003/2024(H5N1)	1722	666
PB1|PP755595.1|A/cattle/Texas/24-008749-003/2024(H5N1)	1723	665
PB1|PP755595.1|A/cattle/Texas/24-008749-003/2024(H5N1)	1724	653
PB1|PP755595.1|A/cattle/Texas/24-008749-003/2024(H5N1)	1725	652
PB1|PP755595.1|A/cattle/Texas/24-008749-003/2024(H5N1)	1726	652
PB1|PP755595.1|A/cattle/Texas/24-008749-003/2024(H5N1)	1727	650
PB1|PP755595.1|A/cattle/Texas/24-008749-003/2024(H5N1)	1728	650
PB1|PP755595.1|A/cattle/Texas/24-008749-003/2024(H5N1)	1729	648
PB1|PP755595.1|A/cattle/Texas/24-008749-003/2024(H5N1)	1730	648
PB1|PP755595.1|A/cattle/Texas/24-008749-003/2024(H5N1)	1731	613
PB1|PP755595.1|A/cattle/Texas/24-008749-003/2024(H5N1)	1732	606
PB1|PP755595.1|A/cattle/Texas/24-008749-003/2024(H5N1)	1733	606
PB1|PP755595.1|A/cattle/Texas/24-008749-003/2024(H5N1)	1734	605
PB1|PP755595.1|A/cattle/Texas/24-008749-003/2024(H5N1)	1735	603
PB1|PP755595.1|A/cattle/Texas/24-008749-003/2024(H5N1)	1736	603
PB1|PP755595.1|A/cattle/Texas/24-008749-003/2024(H5N1)	1737	587
PB1|PP755595.1|A/cattle/Texas/24-008749-003/2024(H5N1)	1738	587
PB1|PP755595.1|A/cattle/Texas/24-008749-003/2024(H5N1)	1739	587
PB1|PP755595.1|A/cattle/Texas/24-008749-003/2024(H5N1)	1740	587
PB1|PP755595.1|A/cattle/Texas/24-008749-003/2024(H5N1)	1741	587
PB1|PP755595.1|A/cattle/Texas/24-008749-003/2024(H5N1)	1742	583
PB1|PP755595.1|A/cattle/Texas/24-008749-003/2024(H5N1)	1743	573
PB1|PP755595.1|A/cattle/Texas/24-008749-003/2024(H5N1)	1744	566
PB1|PP755595.1|A/cattle/Texas/24-008749-003/2024(H5N1)	1745	541
PB1|PP755595.1|A/cattle/Texas/24-008749-003/2024(H5N1)	1746	540
PB1|PP755595.1|A/cattle/Texas/24-008749-003/2024(H5N1)	1747	538
PB1|PP755595.1|A/cattle/Texas/24-008749-003/2024(H5N1)	1748	534
PB1|PP755595.1|A/cattle/Texas/24-008749-003/2024(H5N1)	1749	534
PB1|PP755595.1|A/cattle/Texas/24-008749-003/2024(H5N1)	1750	497
PB1|PP755595.1|A/cattle/Texas/24-008749-003/2024(H5N1)	1751	497
PB1|PP755595.1|A/cattle/Texas/24-008749-003/2024(H5N1)	1752	496
PB1|PP755595.1|A/cattle/Texas/24-008749-003/2024(H5N1)	1753	496
PB1|PP755595.1|A/cattle/Texas/24-008749-003/2024(H5N1)	1754	496
PB1|PP755595.1|A/cattle/Texas/24-008749-003/2024(H5N1)	1755	482
PB1|PP755595.1|A/cattle/Texas/24-008749-003/2024(H5N1)	1756	482
PB1|PP755595.1|A/cattle/Texas/24-008749-003/2024(H5N1)	1757	482
PB1|PP755595.1|A/cattle/Texas/24-008749-003/2024(H5N1)	1758	455
PB1|PP755595.1|A/cattle/Texas/24-008749-003/2024(H5N1)	1759	455
PB1|PP755595.1|A/cattle/Texas/24-008749-003/2024(H5N1)	1760	466
PB1|PP755595.1|A/cattle/Texas/24-008749-003/2024(H5N1)	1761	467
PB1|PP755595.1|A/cattle/Texas/24-008749-003/2024(H5N1)	1762	468
PB1|PP755595.1|A/cattle/Texas/24-008749-003/2024(H5N1)	1763	468
PB1|PP755595.1|A/cattle/Texas/24-008749-003/2024(H5N1)	1764	466
PB1|PP755595.1|A/cattle/Texas/24-008749-003/2024(H5N1)	1765	465
PB1|PP755595.1|A/cattle/Texas/24-008749-003/2024(H5N1)	1766	445
PB1|PP755595.1|A/cattle/Texas/24-008749-003/2024(H5N1)	1767	443
PB1|PP755595.1|A/cattle/Texas/24-008749-003/2024(H5N1)	1768	442
PB1|PP755595.1|A/cattle/Texas/24-008749-003/2024(H5N1)	1769	442
PB1|PP755595.1|A/cattle/Texas/24-008749-003/2024(H5N1)	1770	442
PB1|PP755595.1|A/cattle/Texas/24-008749-003/2024(H5N1)	1771	431
PB1|PP755595.1|A/cattle/Texas/24-008749-003/2024(H5N1)	1772	431
PB1|PP755595.1|A/cattle/Texas/24-008749-003/2024(H5N1)	1773	431
PB1|PP755595.1|A/cattle/Texas/24-008749-003/2024(H5N1)	1774	417
PB1|PP755595.1|A/cattle/Texas/24-008749-003/2024(H5N1)	1775	417
PB1|PP755595.1|A/cattle/Texas/24-008749-003/2024(H5N1)	1776	399
PB1|PP755595.1|A/cattle/Texas/24-008749-003/2024(H5N1)	1777	399
PB1|PP755595.1|A/cattle/Texas/24-008749-003/2024(H5N1)	1778	399
PB1|PP755595.1|A/cattle/Texas/24-008749-003/2024(H5N1)	1779	395
PB1|PP755595.1|A/cattle/Texas/24-008749-003/2024(H5N1)	1780	387
PB1|PP755595.1|A/cattle/Texas/24-008749-003/2024(H5N1)	1781	387
PB1|PP755595.1|A/cattle/Texas/24-008749-003/2024(H5N1)	1782	377
PB1|PP755595.1|A/cattle/Texas/24-008749-003/2024(H5N1)	1783	377
PB1|PP755595.1|A/cattle/Texas/24-008749-003/2024(H5N1)	1784	377
PB1|PP755595.1|A/cattle/Texas/24-008749-003/2024(H5N1)	1785	372
PB1|PP755595.1|A/cattle/Texas/24-008749-003/2024(H5N1)	1786	372
PB1|PP755595.1|A/cattle/Texas/24-008749-003/2024(H5N1)	1787	372
PB1|PP755595.1|A/cattle/Texas/24-008749-003/2024(H5N1)	1788	372
PB1|PP755595.1|A/cattle/Texas/24-008749-003/2024(H5N1)	1789	372
PB1|PP755595.1|A/cattle/Texas/24-008749-003/2024(H5N1)	1790	372
PB1|PP755595.1|A/cattle/Texas/24-008749-003/2024(H5N1)	1791	372
PB1|PP755595.1|A/cattle/Texas/24-008749-003/2024(H5N1)	1792	371
PB1|PP755595.1|A/cattle/Texas/24-008749-003/2024(H5N1)	1793	358
PB1|PP755595.1|A/cattle/Texas/24-008749-003/2024(H5N1)	1794	358
PB1|PP755595.1|A/cattle/Texas/24-008749-003/2024(H5N1)	1795	355
PB1|PP755595.1|A/cattle/Texas/24-008749-003/2024(H5N1)	1796	354
PB1|PP755595.1|A/cattle/Texas/24-008749-003/2024(H5N1)	1797	350
PB1|PP755595.1|A/cattle/Texas/24-008749-003/2024(H5N1)	1798	335
PB1|PP755595.1|A/cattle/Texas/24-008749-003/2024(H5N1)	1799	333
PB1|PP755595.1|A/cattle/Texas/24-008749-003/2024(H5N1)	1800	107
PB1|PP755595.1|A/cattle/Texas/24-008749-003/2024(H5N1)	1801	85
PB1|PP755595.1|A/cattle/Texas/24-008749-003/2024(H5N1)	1802	85
PB1|PP755595.1|A/cattle/Texas/24-008749-003/2024(H5N1)	1803	79
PB1|PP755595.1|A/cattle/Texas/24-008749-003/2024(H5N1)	1804	79
PB1|PP755595.1|A/cattle/Texas/24-008749-003/2024(H5N1)	1805	79
PB1|PP755595.1|A/cattle/Texas/24-008749-003/2024(H5N1)	1806	78
PB1|PP755595.1|A/cattle/Texas/24-008749-003/2024(H5N1)	1807	78
PB1|PP755595.1|A/cattle/Texas/24-008749-003/2024(H5N1)	1808	78
PB1|PP755595.1|A/cattle/Texas/24-008749-003/2024(H5N1)	1809	78
PB1|PP755595.1|A/cattle/Texas/24-008749-003/2024(H5N1)	1810	78
PB1|PP755595.1|A/cattle/Texas/24-008749-003/2024(H5N1)	1811	77
PB1|PP755595.1|A/cattle/Texas/24-008749-003/2024(H5N1)	1812	69
PB1|PP755595.1|A/cattle/Texas/24-008749-003/2024(H5N1)	1813	69
PB1|PP755595.1|A/cattle/Texas/24-008749-003/2024(H5N1)	1814	69
PB1|PP755595.1|A/cattle/Texas/24-008749-003/2024(H5N1)	1815	69
PB1|PP755595.1|A/cattle/Texas/24-008749-003/2024(H5N1)	1816	68
PB1|PP755595.1|A/cattle/Texas/24-008749-003/2024(H5N1)	1817	68
PB1|PP755595.1|A/cattle/Texas/24-008749-003/2024(H5N1)	1818	65
PB1|PP755595.1|A/cattle/Texas/24-008749-003/2024(H5N1)	1819	65
PB1|PP755595.1|A/cattle/Texas/24-008749-003/2024(H5N1)	1820	65
PB1|PP755595.1|A/cattle/Texas/24-008749-003/2024(H5N1)	1821	61
PB1|PP755595.1|A/cattle/Texas/24-008749-003/2024(H5N1)	1822	61
PB1|PP755595.1|A/cattle/Texas/24-008749-003/2024(H5N1)	1823	61
PB1|PP755595.1|A/cattle/Texas/24-008749-003/2024(H5N1)	1824	61
PB1|PP755595.1|A/cattle/Texas/24-008749-003/2024(H5N1)	1825	61
PB1|PP755595.1|A/cattle/Texas/24-008749-003/2024(H5N1)	1826	61
PB1|PP755595.1|A/cattle/Texas/24-008749-003/2024(H5N1)	1827	61
PB1|PP755595.1|A/cattle/Texas/24-008749-003/2024(H5N1)	1828	61
PB1|PP755595.1|A/cattle/Texas/24-008749-003/2024(H5N1)	1829	61
PB1|PP755595.1|A/cattle/Texas/24-008749-003/2024(H5N1)	1830	61
PB1|PP755595.1|A/cattle/Texas/24-008749-003/2024(H5N1)	1831	51
PB1|PP755595.1|A/cattle/Texas/24-008749-003/2024(H5N1)	1832	51
PB1|PP755595.1|A/cattle/Texas/24-008749-003/2024(H5N1)	1833	51
PB1|PP755595.1|A/cattle/Texas/24-008749-003/2024(H5N1)	1834	51
PB1|PP755595.1|A/cattle/Texas/24-008749-003/2024(H5N1)	1835	51
PB1|PP755595.1|A/cattle/Texas/24-008749-003/2024(H5N1)	1836	51
PB1|PP755595.1|A/cattle/Texas/24-008749-003/2024(H5N1)	1837	51
PB1|PP755595.1|A/cattle/Texas/24-008749-003/2024(H5N1)	1838	51
PB1|PP755595.1|A/cattle/Texas/24-008749-003/2024(H5N1)	1839	51
PB1|PP755595.1|A/cattle/Texas/24-008749-003/2024(H5N1)	1840	51
PB1|PP755595.1|A/cattle/Texas/24-008749-003/2024(H5N1)	1841	51
PB1|PP755595.1|A/cattle/Texas/24-008749-003/2024(H5N1)	1842	51
PB1|PP755595.1|A/cattle/Texas/24-008749-003/2024(H5N1)	1843	51
PB1|PP755595.1|A/cattle/Texas/24-008749-003/2024(H5N1)	1844	51
PB1|PP755595.1|A/cattle/Texas/24-008749-003/2024(H5N1)	1845	51
PB1|PP755595.1|A/cattle/Texas/24-008749-003/2024(H5N1)	1846	51
PB1|PP755595.1|A/cattle/Texas/24-008749-003/2024(H5N1)	1847	51
PB1|PP755595.1|A/cattle/Texas/24-008749-003/2024(H5N1)	1848	51
PB1|PP755595.1|A/cattle/Texas/24-008749-003/2024(H5N1)	1849	51
PB1|PP755595.1|A/cattle/Texas/24-008749-003/2024(H5N1)	1850	51
PB1|PP755595.1|A/cattle/Texas/24-008749-003/2024(H5N1)	1851	51
PB1|PP755595.1|A/cattle/Texas/24-008749-003/2024(H5N1)	1852	51
PB1|PP755595.1|A/cattle/Texas/24-008749-003/2024(H5N1)	1853	51
PB1|PP755595.1|A/cattle/Texas/24-008749-003/2024(H5N1)	1854	51
PB1|PP755595.1|A/cattle/Texas/24-008749-003/2024(H5N1)	1855	51
PB1|PP755595.1|A/cattle/Texas/24-008749-003/2024(H5N1)	1856	51
PB1|PP755595.1|A/cattle/Texas/24-008749-003/2024(H5N1)	1857	51
PB1|PP755595.1|A/cattle/Texas/24-008749-003/2024(H5N1)	1858	52
PB1|PP755595.1|A/cattle/Texas/24-008749-003/2024(H5N1)	1859	52
PB1|PP755595.1|A/cattle/Texas/24-008749-003/2024(H5N1)	1860	52
PB1|PP755595.1|A/cattle/Texas/24-008749-003/2024(H5N1)	1861	52
PB1|PP755595.1|A/cattle/Texas/24-008749-003/2024(H5N1)	1862	52
PB1|PP755595.1|A/cattle/Texas/24-008749-003/2024(H5N1)	1863	52
PB1|PP755595.1|A/cattle/Texas/24-008749-003/2024(H5N1)	1864	52
PB1|PP755595.1|A/cattle/Texas/24-008749-003/2024(H5N1)	1865	52
PB1|PP755595.1|A/cattle/Texas/24-008749-003/2024(H5N1)	1866	52
PB1|PP755595.1|A/cattle/Texas/24-008749-003/2024(H5N1)	1867	52
PB1|PP755595.1|A/cattle/Texas/24-008749-003/2024(H5N1)	1868	52
PB1|PP755595.1|A/cattle/Texas/24-008749-003/2024(H5N1)	1869	53
PB1|PP755595.1|A/cattle/Texas/24-008749-003/2024(H5N1)	1870	53
PB1|PP755595.1|A/cattle/Texas/24-008749-003/2024(H5N1)	1871	53
PB1|PP755595.1|A/cattle/Texas/24-008749-003/2024(H5N1)	1872	54
PB1|PP755595.1|A/cattle/Texas/24-008749-003/2024(H5N1)	1873	54
PB1|PP755595.1|A/cattle/Texas/24-008749-003/2024(H5N1)	1874	55
PB1|PP755595.1|A/cattle/Texas/24-008749-003/2024(H5N1)	1875	55
PB1|PP755595.1|A/cattle/Texas/24-008749-003/2024(H5N1)	1876	55
PB1|PP755595.1|A/cattle/Texas/24-008749-003/2024(H5N1)	1877	55
PB1|PP755595.1|A/cattle/Texas/24-008749-003/2024(H5N1)	1878	55
PB1|PP755595.1|A/cattle/Texas/24-008749-003/2024(H5N1)	1879	55
PB1|PP755595.1|A/cattle/Texas/24-008749-003/2024(H5N1)	1880	55
PB1|PP755595.1|A/cattle/Texas/24-008749-003/2024(H5N1)	1881	55
PB1|PP755595.1|A/cattle/Texas/24-008749-003/2024(H5N1)	1882	55
PB1|PP755595.1|A/cattle/Texas/24-008749-003/2024(H5N1)	1883	60
PB1|PP755595.1|A/cattle/Texas/24-008749-003/2024(H5N1)	1884	60
PB1|PP755595.1|A/cattle/Texas/24-008749-003/2024(H5N1)	1885	60
PB1|PP755595.1|A/cattle/Texas/24-008749-003/2024(H5N1)	1886	60
PB1|PP755595.1|A/cattle/Texas/24-008749-003/2024(H5N1)	1887	60
PB1|PP755595.1|A/cattle/Texas/24-008749-003/2024(H5N1)	1888	60
PB1|PP755595.1|A/cattle/Texas/24-008749-003/2024(H5N1)	1889	64
PB1|PP755595.1|A/cattle/Texas/24-008749-003/2024(H5N1)	1890	65
PB1|PP755595.1|A/cattle/Texas/24-008749-003/2024(H5N1)	1891	231
PB1|PP755595.1|A/cattle/Texas/24-008749-003/2024(H5N1)	1892	231
PB1|PP755595.1|A/cattle/Texas/24-008749-003/2024(H5N1)	1893	236
PB1|PP755595.1|A/cattle/Texas/24-008749-003/2024(H5N1)	1894	236
PB1|PP755595.1|A/cattle/Texas/24-008749-003/2024(H5N1)	1895	238
PB1|PP755595.1|A/cattle/Texas/24-008749-003/2024(H5N1)	1896	238
PB1|PP755595.1|A/cattle/Texas/24-008749-003/2024(H5N1)	1897	241
PB1|PP755595.1|A/cattle/Texas/24-008749-003/2024(H5N1)	1898	253
PB1|PP755595.1|A/cattle/Texas/24-008749-003/2024(H5N1)	1899	257
PB1|PP755595.1|A/cattle/Texas/24-008749-003/2024(H5N1)	1900	262
PB1|PP755595.1|A/cattle/Texas/24-008749-003/2024(H5N1)	1901	265
PB1|PP755595.1|A/cattle/Texas/24-008749-003/2024(H5N1)	1902	265
PB1|PP755595.1|A/cattle/Texas/24-008749-003/2024(H5N1)	1903	275
PB1|PP755595.1|A/cattle/Texas/24-008749-003/2024(H5N1)	1904	280
PB1|PP755595.1|A/cattle/Texas/24-008749-003/2024(H5N1)	1905	282
PB1|PP755595.1|A/cattle/Texas/24-008749-003/2024(H5N1)	1906	287
PB1|PP755595.1|A/cattle/Texas/24-008749-003/2024(H5N1)	1907	287
PB1|PP755595.1|A/cattle/Texas/24-008749-003/2024(H5N1)	1908	287
PB1|PP755595.1|A/cattle/Texas/24-008749-003/2024(H5N1)	1909	287
PB1|PP755595.1|A/cattle/Texas/24-008749-003/2024(H5N1)	1910	288
PB1|PP755595.1|A/cattle/Texas/24-008749-003/2024(H5N1)	1911	288
PB1|PP755595.1|A/cattle/Texas/24-008749-003/2024(H5N1)	1912	288
PB1|PP755595.1|A/cattle/Texas/24-008749-003/2024(H5N1)	1913	288
PB1|PP755595.1|A/cattle/Texas/24-008749-003/2024(H5N1)	1914	290
PB1|PP755595.1|A/cattle/Texas/24-008749-003/2024(H5N1)	1915	292
PB1|PP755595.1|A/cattle/Texas/24-008749-003/2024(H5N1)	1916	292
PB1|PP755595.1|A/cattle/Texas/24-008749-003/2024(H5N1)	1917	292
PB1|PP755595.1|A/cattle/Texas/24-008749-003/2024(H5N1)	1918	293
PB1|PP755595.1|A/cattle/Texas/24-008749-003/2024(H5N1)	1919	295
PB1|PP755595.1|A/cattle/Texas/24-008749-003/2024(H5N1)	1920	300
PB1|PP755595.1|A/cattle/Texas/24-008749-003/2024(H5N1)	1921	320
PB1|PP755595.1|A/cattle/Texas/24-008749-003/2024(H5N1)	1922	321
PB1|PP755595.1|A/cattle/Texas/24-008749-003/2024(H5N1)	1923	329
PB1|PP755595.1|A/cattle/Texas/24-008749-003/2024(H5N1)	1924	331
PB1|PP755595.1|A/cattle/Texas/24-008749-003/2024(H5N1)	1925	374
PB1|PP755595.1|A/cattle/Texas/24-008749-003/2024(H5N1)	1926	376
PB1|PP755595.1|A/cattle/Texas/24-008749-003/2024(H5N1)	1927	407
PB1|PP755595.1|A/cattle/Texas/24-008749-003/2024(H5N1)	1928	422
PB1|PP755595.1|A/cattle/Texas/24-008749-003/2024(H5N1)	1929	424
PB1|PP755595.1|A/cattle/Texas/24-008749-003/2024(H5N1)	1930	434
PB1|PP755595.1|A/cattle/Texas/24-008749-003/2024(H5N1)	1931	434
PB1|PP755595.1|A/cattle/Texas/24-008749-003/2024(H5N1)	1932	443
PB1|PP755595.1|A/cattle/Texas/24-008749-003/2024(H5N1)	1933	444
PB1|PP755595.1|A/cattle/Texas/24-008749-003/2024(H5N1)	1934	447
PB1|PP755595.1|A/cattle/Texas/24-008749-003/2024(H5N1)	1935	447
PB1|PP755595.1|A/cattle/Texas/24-008749-003/2024(H5N1)	1936	453
PB1|PP755595.1|A/cattle/Texas/24-008749-003/2024(H5N1)	1937	455
PB1|PP755595.1|A/cattle/Texas/24-008749-003/2024(H5N1)	1938	455
PB1|PP755595.1|A/cattle/Texas/24-008749-003/2024(H5N1)	1939	455
PB1|PP755595.1|A/cattle/Texas/24-008749-003/2024(H5N1)	1940	455
PB1|PP755595.1|A/cattle/Texas/24-008749-003/2024(H5N1)	1941	454
PB1|PP755595.1|A/cattle/Texas/24-008749-003/2024(H5N1)	1942	453
PB1|PP755595.1|A/cattle/Texas/24-008749-003/2024(H5N1)	1943	453
PB1|PP755595.1|A/cattle/Texas/24-008749-003/2024(H5N1)	1944	441
PB1|PP755595.1|A/cattle/Texas/24-008749-003/2024(H5N1)	1945	441
PB1|PP755595.1|A/cattle/Texas/24-008749-003/2024(H5N1)	1946	441
PB1|PP755595.1|A/cattle/Texas/24-008749-003/2024(H5N1)	1947	441
PB1|PP755595.1|A/cattle/Texas/24-008749-003/2024(H5N1)	1948	441
PB1|PP755595.1|A/cattle/Texas/24-008749-003/2024(H5N1)	1949	441
PB1|PP755595.1|A/cattle/Texas/24-008749-003/2024(H5N1)	1950	441
PB1|PP755595.1|A/cattle/Texas/24-008749-003/2024(H5N1)	1951	447
PB1|PP755595.1|A/cattle/Texas/24-008749-003/2024(H5N1)	1952	447
PB1|PP755595.1|A/cattle/Texas/24-008749-003/2024(H5N1)	1953	447
PB1|PP755595.1|A/cattle/Texas/24-008749-003/2024(H5N1)	1954	447
PB1|PP755595.1|A/cattle/Texas/24-008749-003/2024(H5N1)	1955	447
PB1|PP755595.1|A/cattle/Texas/24-008749-003/2024(H5N1)	1956	447
PB1|PP755595.1|A/cattle/Texas/24-008749-003/2024(H5N1)	1957	450
PB1|PP755595.1|A/cattle/Texas/24-008749-003/2024(H5N1)	1958	450
PB1|PP755595.1|A/cattle/Texas/24-008749-003/2024(H5N1)	1959	450
PB1|PP755595.1|A/cattle/Texas/24-008749-003/2024(H5N1)	1960	450
PB1|PP755595.1|A/cattle/Texas/24-008749-003/2024(H5N1)	1961	458
PB1|PP755595.1|A/cattle/Texas/24-008749-003/2024(H5N1)	1962	461
PB1|PP755595.1|A/cattle/Texas/24-008749-003/2024(H5N1)	1963	559
PB1|PP755595.1|A/cattle/Texas/24-008749-003/2024(H5N1)	1964	561
PB1|PP755595.1|A/cattle/Texas/24-008749-003/2024(H5N1)	1965	563
PB1|PP755595.1|A/cattle/Texas/24-008749-003/2024(H5N1)	1966	613
PB1|PP755595.1|A/cattle/Texas/24-008749-003/2024(H5N1)	1967	614
PB1|PP755595.1|A/cattle/Texas/24-008749-003/2024(H5N1)	1968	629
PB1|PP755595.1|A/cattle/Texas/24-008749-003/2024(H5N1)	1969	629
PB1|PP755595.1|A/cattle/Texas/24-008749-003/2024(H5N1)	1970	633
PB1|PP755595.1|A/cattle/Texas/24-008749-003/2024(H5N1)	1971	635
PB1|PP755595.1|A/cattle/Texas/24-008749-003/2024(H5N1)	1972	635
PB1|PP755595.1|A/cattle/Texas/24-008749-003/2024(H5N1)	1973	636
PB1|PP755595.1|A/cattle/Texas/24-008749-003/2024(H5N1)	1974	637
PB1|PP755595.1|A/cattle/Texas/24-008749-003/2024(H5N1)	1975	637
PB1|PP755595.1|A/cattle/Texas/24-008749-003/2024(H5N1)	1976	637
PB1|PP755595.1|A/cattle/Texas/24-008749-003/2024(H5N1)	1977	635
PB1|PP755595.1|A/cattle/Texas/24-008749-003/2024(H5N1)	1978	635
PB1|PP755595.1|A/cattle/Texas/24-008749-003/2024(H5N1)	1979	635
PB1|PP755595.1|A/cattle/Texas/24-008749-003/2024(H5N1)	1980	635
PB1|PP755595.1|A/cattle/Texas/24-008749-003/2024(H5N1)	1981	635
PB1|PP755595.1|A/cattle/Texas/24-008749-003/2024(H5N1)	1982	635
PB1|PP755595.1|A/cattle/Texas/24-008749-003/2024(H5N1)	1983	602
PB1|PP755595.1|A/cattle/Texas/24-008749-003/2024(H5N1)	1984	649
PB1|PP755595.1|A/cattle/Texas/24-008749-003/2024(H5N1)	1985	649
PB1|PP755595.1|A/cattle/Texas/24-008749-003/2024(H5N1)	1986	649
PB1|PP755595.1|A/cattle/Texas/24-008749-003/2024(H5N1)	1987	653
PB1|PP755595.1|A/cattle/Texas/24-008749-003/2024(H5N1)	1988	653
PB1|PP755595.1|A/cattle/Texas/24-008749-003/2024(H5N1)	1989	653
PB1|PP755595.1|A/cattle/Texas/24-008749-003/2024(H5N1)	1990	666
PB1|PP755595.1|A/cattle/Texas/24-008749-003/2024(H5N1)	1991	667
PB1|PP755595.1|A/cattle/Texas/24-008749-003/2024(H5N1)	1992	742
PB1|PP755595.1|A/cattle/Texas/24-008749-003/2024(H5N1)	1993	742
PB1|PP755595.1|A/cattle/Texas/24-008749-003/2024(H5N1)	1994	748
PB1|PP755595.1|A/cattle/Texas/24-008749-003/2024(H5N1)	1995	748
PB1|PP755595.1|A/cattle/Texas/24-008749-003/2024(H5N1)	1996	750
PB1|PP755595.1|A/cattle/Texas/24-008749-003/2024(H5N1)	1997	750
PB1|PP755595.1|A/cattle/Texas/24-008749-003/2024(H5N1)	1998	750
PB1|PP755595.1|A/cattle/Texas/24-008749-003/2024(H5N1)	1999	750
PB1|PP755595.1|A/cattle/Texas/24-008749-003/2024(H5N1)	2000	750
PB1|PP755595.1|A/cattle/Texas/24-008749-003/2024(H5N1)	2001	750
PB1|PP755595.1|A/cattle/Texas/24-008749-003/2024(H5N1)	2002	770
PB1|PP755595.1|A/cattle/Texas/24-008749-003/2024(H5N1)	2003	770
PB1|PP755595.1|A/cattle/Texas/24-008749-003/2024(H5N1)	2004	770
PB1|PP755595.1|A/cattle/Texas/24-008749-003/2024(H5N1)	2005	770
PB1|PP755595.1|A/cattle/Texas/24-008749-003/2024(H5N1)	2006	770
PB1|PP755595.1|A/cattle/Texas/24-008749-003/2024(H5N1)	2007	770
PB1|PP755595.1|A/cattle/Texas/24-008749-003/2024(H5N1)	2008	770
PB1|PP755595.1|A/cattle/Texas/24-008749-003/2024(H5N1)	2009	770
PB1|PP755595.1|A/cattle/Texas/24-008749-003/2024(H5N1)	2010	770
PB1|PP755595.1|A/cattle/Texas/24-008749-003/2024(H5N1)	2011	770
PB1|PP755595.1|A/cattle/Texas/24-008749-003/2024(H5N1)	2012	770
PB1|PP755595.1|A/cattle/Texas/24-008749-003/2024(H5N1)	2013	770
PB1|PP755595.1|A/cattle/Texas/24-008749-003/2024(H5N1)	2014	770
PB1|PP755595.1|A/cattle/Texas/24-008749-003/2024(H5N1)	2015	770
PB1|PP755595.1|A/cattle/Texas/24-008749-003/2024(H5N1)	2016	770
PB1|PP755595.1|A/cattle/Texas/24-008749-003/2024(H5N1)	2017	774
PB1|PP755595.1|A/cattle/Texas/24-008749-003/2024(H5N1)	2018	782
PB1|PP755595.1|A/cattle/Texas/24-008749-003/2024(H5N1)	2019	782
PB1|PP755595.1|A/cattle/Texas/24-008749-003/2024(H5N1)	2020	795
PB1|PP755595.1|A/cattle/Texas/24-008749-003/2024(H5N1)	2021	797
PB1|PP755595.1|A/cattle/Texas/24-008749-003/2024(H5N1)	2022	858
PB1|PP755595.1|A/cattle/Texas/24-008749-003/2024(H5N1)	2023	909
PB1|PP755595.1|A/cattle/Texas/24-008749-003/2024(H5N1)	2024	909
PB1|PP755595.1|A/cattle/Texas/24-008749-003/2024(H5N1)	2025	909
PB1|PP755595.1|A/cattle/Texas/24-008749-003/2024(H5N1)	2026	909
PB1|PP755595.1|A/cattle/Texas/24-008749-003/2024(H5N1)	2027	917
PB1|PP755595.1|A/cattle/Texas/24-008749-003/2024(H5N1)	2028	917
PB1|PP755595.1|A/cattle/Texas/24-008749-003/2024(H5N1)	2029	917
PB1|PP755595.1|A/cattle/Texas/24-008749-003/2024(H5N1)	2030	917
PB1|PP755595.1|A/cattle/Texas/24-008749-003/2024(H5N1)	2031	917
PB1|PP755595.1|A/cattle/Texas/24-008749-003/2024(H5N1)	2032	926
PB1|PP755595.1|A/cattle/Texas/24-008749-003/2024(H5N1)	2033	938
PB1|PP755595.1|A/cattle/Texas/24-008749-003/2024(H5N1)	2034	938
PB1|PP755595.1|A/cattle/Texas/24-008749-003/2024(H5N1)	2035	1161
PB1|PP755595.1|A/cattle/Texas/24-008749-003/2024(H5N1)	2036	1161
PB1|PP755595.1|A/cattle/Texas/24-008749-003/2024(H5N1)	2037	1166
PB1|PP755595.1|A/cattle/Texas/24-008749-003/2024(H5N1)	2038	1166
PB1|PP755595.1|A/cattle/Texas/24-008749-003/2024(H5N1)	2039	1184
PB1|PP755595.1|A/cattle/Texas/24-008749-003/2024(H5N1)	2040	1184
PB1|PP755595.1|A/cattle/Texas/24-008749-003/2024(H5N1)	2041	1184
PB1|PP755595.1|A/cattle/Texas/24-008749-003/2024(H5N1)	2042	1198
PB1|PP755595.1|A/cattle/Texas/24-008749-003/2024(H5N1)	2043	1198
PB1|PP755595.1|A/cattle/Texas/24-008749-003/2024(H5N1)	2044	1205
PB1|PP755595.1|A/cattle/Texas/24-008749-003/2024(H5N1)	2045	1205
PB1|PP755595.1|A/cattle/Texas/24-008749-003/2024(H5N1)	2046	1204
PB1|PP755595.1|A/cattle/Texas/24-008749-003/2024(H5N1)	2047	1206
PB1|PP755595.1|A/cattle/Texas/24-008749-003/2024(H5N1)	2048	1206
PB1|PP755595.1|A/cattle/Texas/24-008749-003/2024(H5N1)	2049	1206
PB1|PP755595.1|A/cattle/Texas/24-008749-003/2024(H5N1)	2050	1206
PB1|PP755595.1|A/cattle/Texas/24-008749-003/2024(H5N1)	2051	1206
PB1|PP755595.1|A/cattle/Texas/24-008749-003/2024(H5N1)	2052	1202
PB1|PP755595.1|A/cattle/Texas/24-008749-003/2024(H5N1)	2053	1216
PB1|PP755595.1|A/cattle/Texas/24-008749-003/2024(H5N1)	2054	1230
PB1|PP755595.1|A/cattle/Texas/24-008749-003/2024(H5N1)	2055	1230
PB1|PP755595.1|A/cattle/Texas/24-008749-003/2024(H5N1)	2056	1277
PB1|PP755595.1|A/cattle/Texas/24-008749-003/2024(H5N1)	2057	1279
PB1|PP755595.1|A/cattle/Texas/24-008749-003/2024(H5N1)	2058	1283
PB1|PP755595.1|A/cattle/Texas/24-008749-003/2024(H5N1)	2059	1287
PB1|PP755595.1|A/cattle/Texas/24-008749-003/2024(H5N1)	2060	1287
PB1|PP755595.1|A/cattle/Texas/24-008749-003/2024(H5N1)	2061	1294
PB1|PP755595.1|A/cattle/Texas/24-008749-003/2024(H5N1)	2062	1298
PB1|PP755595.1|A/cattle/Texas/24-008749-003/2024(H5N1)	2063	1298
PB1|PP755595.1|A/cattle/Texas/24-008749-003/2024(H5N1)	2064	1298
PB1|PP755595.1|A/cattle/Texas/24-008749-003/2024(H5N1)	2065	1298
PB1|PP755595.1|A/cattle/Texas/24-008749-003/2024(H5N1)	2066	1296
PB1|PP755595.1|A/cattle/Texas/24-008749-003/2024(H5N1)	2067	1287
PB1|PP755595.1|A/cattle/Texas/24-008749-003/2024(H5N1)	2068	1287
PB1|PP755595.1|A/cattle/Texas/24-008749-003/2024(H5N1)	2069	1287
PB1|PP755595.1|A/cattle/Texas/24-008749-003/2024(H5N1)	2070	1287
PB1|PP755595.1|A/cattle/Texas/24-008749-003/2024(H5N1)	2071	1287
PB1|PP755595.1|A/cattle/Texas/24-008749-003/2024(H5N1)	2072	1287
PB1|PP755595.1|A/cattle/Texas/24-008749-003/2024(H5N1)	2073	1301
PB1|PP755595.1|A/cattle/Texas/24-008749-003/2024(H5N1)	2074	1339
PB1|PP755595.1|A/cattle/Texas/24-008749-003/2024(H5N1)	2075	1343
PB1|PP755595.1|A/cattle/Texas/24-008749-003/2024(H5N1)	2076	1345
PB1|PP755595.1|A/cattle/Texas/24-008749-003/2024(H5N1)	2077	1345
PB1|PP755595.1|A/cattle/Texas/24-008749-003/2024(H5N1)	2078	1345
PB1|PP755595.1|A/cattle/Texas/24-008749-003/2024(H5N1)	2079	1345
PB1|PP755595.1|A/cattle/Texas/24-008749-003/2024(H5N1)	2080	1345
PB1|PP755595.1|A/cattle/Texas/24-008749-003/2024(H5N1)	2081	1347
PB1|PP755595.1|A/cattle/Texas/24-008749-003/2024(H5N1)	2082	1347
PB1|PP755595.1|A/cattle/Texas/24-008749-003/2024(H5N1)	2083	1347
PB1|PP755595.1|A/cattle/Texas/24-008749-003/2024(H5N1)	2084	1347
PB1|PP755595.1|A/cattle/Texas/24-008749-003/2024(H5N1)	2085	1347
PB1|PP755595.1|A/cattle/Texas/24-008749-003/2024(H5N1)	2086	1347
PB1|PP755595.1|A/cattle/Texas/24-008749-003/2024(H5N1)	2087	1347
PB1|PP755595.1|A/cattle/Texas/24-008749-003/2024(H5N1)	2088	1343
PB1|PP755595.1|A/cattle/Texas/24-008749-003/2024(H5N1)	2089	1345
PB1|PP755595.1|A/cattle/Texas/24-008749-003/2024(H5N1)	2090	1345
PB1|PP755595.1|A/cattle/Texas/24-008749-003/2024(H5N1)	2091	1345
PB1|PP755595.1|A/cattle/Texas/24-008749-003/2024(H5N1)	2092	1361
PB1|PP755595.1|A/cattle/Texas/24-008749-003/2024(H5N1)	2093	1364
PB1|PP755595.1|A/cattle/Texas/24-008749-003/2024(H5N1)	2094	1364
PB1|PP755595.1|A/cattle/Texas/24-008749-003/2024(H5N1)	2095	1368
PB1|PP755595.1|A/cattle/Texas/24-008749-003/2024(H5N1)	2096	1369
PB1|PP755595.1|A/cattle/Texas/24-008749-003/2024(H5N1)	2097	1373
PB1|PP755595.1|A/cattle/Texas/24-008749-003/2024(H5N1)	2098	1375
PB1|PP755595.1|A/cattle/Texas/24-008749-003/2024(H5N1)	2099	1375
PB1|PP755595.1|A/cattle/Texas/24-008749-003/2024(H5N1)	2100	1379
PB1|PP755595.1|A/cattle/Texas/24-008749-003/2024(H5N1)	2101	1379
PB1|PP755595.1|A/cattle/Texas/24-008749-003/2024(H5N1)	2102	1377
PB1|PP755595.1|A/cattle/Texas/24-008749-003/2024(H5N1)	2103	1367
PB1|PP755595.1|A/cattle/Texas/24-008749-003/2024(H5N1)	2104	1367
PB1|PP755595.1|A/cattle/Texas/24-008749-003/2024(H5N1)	2105	1377
PB1|PP755595.1|A/cattle/Texas/24-008749-003/2024(H5N1)	2106	1377
PB1|PP755595.1|A/cattle/Texas/24-008749-003/2024(H5N1)	2107	1437
PB1|PP755595.1|A/cattle/Texas/24-008749-003/2024(H5N1)	2108	1437
PB1|PP755595.1|A/cattle/Texas/24-008749-003/2024(H5N1)	2109	1437
PB1|PP755595.1|A/cattle/Texas/24-008749-003/2024(H5N1)	2110	1460
PB1|PP755595.1|A/cattle/Texas/24-008749-003/2024(H5N1)	2111	1462
PB1|PP755595.1|A/cattle/Texas/24-008749-003/2024(H5N1)	2112	1474
PB1|PP755595.1|A/cattle/Texas/24-008749-003/2024(H5N1)	2113	1474
PB1|PP755595.1|A/cattle/Texas/24-008749-003/2024(H5N1)	2114	1480
PB1|PP755595.1|A/cattle/Texas/24-008749-003/2024(H5N1)	2115	1491
PB1|PP755595.1|A/cattle/Texas/24-008749-003/2024(H5N1)	2116	1490
PB1|PP755595.1|A/cattle/Texas/24-008749-003/2024(H5N1)	2117	1485
PB1|PP755595.1|A/cattle/Texas/24-008749-003/2024(H5N1)	2118	1473
PB1|PP755595.1|A/cattle/Texas/24-008749-003/2024(H5N1)	2119	1475
PB1|PP755595.1|A/cattle/Texas/24-008749-003/2024(H5N1)	2120	1475
PB1|PP755595.1|A/cattle/Texas/24-008749-003/2024(H5N1)	2121	1466
PB1|PP755595.1|A/cattle/Texas/24-008749-003/2024(H5N1)	2122	1466
PB1|PP755595.1|A/cattle/Texas/24-008749-003/2024(H5N1)	2123	1468
PB1|PP755595.1|A/cattle/Texas/24-008749-003/2024(H5N1)	2124	1470
PB1|PP755595.1|A/cattle/Texas/24-008749-003/2024(H5N1)	2125	1475
PB1|PP755595.1|A/cattle/Texas/24-008749-003/2024(H5N1)	2126	1475
PB1|PP755595.1|A/cattle/Texas/24-008749-003/2024(H5N1)	2127	1475
PB1|PP755595.1|A/cattle/Texas/24-008749-003/2024(H5N1)	2128	1505
PB1|PP755595.1|A/cattle/Texas/24-008749-003/2024(H5N1)	2129	1506
PB1|PP755595.1|A/cattle/Texas/24-008749-003/2024(H5N1)	2130	1506
PB1|PP755595.1|A/cattle/Texas/24-008749-003/2024(H5N1)	2131	1506
PB1|PP755595.1|A/cattle/Texas/24-008749-003/2024(H5N1)	2132	1506
PB1|PP755595.1|A/cattle/Texas/24-008749-003/2024(H5N1)	2133	1511
PB1|PP755595.1|A/cattle/Texas/24-008749-003/2024(H5N1)	2134	1510
PB1|PP755595.1|A/cattle/Texas/24-008749-003/2024(H5N1)	2135	1510
PB1|PP755595.1|A/cattle/Texas/24-008749-003/2024(H5N1)	2136	1509
PB1|PP755595.1|A/cattle/Texas/24-008749-003/2024(H5N1)	2137	1509
PB1|PP755595.1|A/cattle/Texas/24-008749-003/2024(H5N1)	2138	1521
PB1|PP755595.1|A/cattle/Texas/24-008749-003/2024(H5N1)	2139	1520
PB1|PP755595.1|A/cattle/Texas/24-008749-003/2024(H5N1)	2140	1520
PB1|PP755595.1|A/cattle/Texas/24-008749-003/2024(H5N1)	2141	1521
PB1|PP755595.1|A/cattle/Texas/24-008749-003/2024(H5N1)	2142	1534
PB1|PP755595.1|A/cattle/Texas/24-008749-003/2024(H5N1)	2143	1583
PB1|PP755595.1|A/cattle/Texas/24-008749-003/2024(H5N1)	2144	1581
PB1|PP755595.1|A/cattle/Texas/24-008749-003/2024(H5N1)	2145	1581
PB1|PP755595.1|A/cattle/Texas/24-008749-003/2024(H5N1)	2146	1579
PB1|PP755595.1|A/cattle/Texas/24-008749-003/2024(H5N1)	2147	1576
PB1|PP755595.1|A/cattle/Texas/24-008749-003/2024(H5N1)	2148	1576
PB1|PP755595.1|A/cattle/Texas/24-008749-003/2024(H5N1)	2149	1584
PB1|PP755595.1|A/cattle/Texas/24-008749-003/2024(H5N1)	2150	1578
PB1|PP755595.1|A/cattle/Texas/24-008749-003/2024(H5N1)	2151	1565
PB1|PP755595.1|A/cattle/Texas/24-008749-003/2024(H5N1)	2152	1486
PB1|PP755595.1|A/cattle/Texas/24-008749-003/2024(H5N1)	2153	1486
PB1|PP755595.1|A/cattle/Texas/24-008749-003/2024(H5N1)	2154	1483
PB1|PP755595.1|A/cattle/Texas/24-008749-003/2024(H5N1)	2155	1482
PB1|PP755595.1|A/cattle/Texas/24-008749-003/2024(H5N1)	2156	1459
PB1|PP755595.1|A/cattle/Texas/24-008749-003/2024(H5N1)	2157	1472
PB1|PP755595.1|A/cattle/Texas/24-008749-003/2024(H5N1)	2158	1463
PB1|PP755595.1|A/cattle/Texas/24-008749-003/2024(H5N1)	2159	1450
PB1|PP755595.1|A/cattle/Texas/24-008749-003/2024(H5N1)	2160	1450
PB1|PP755595.1|A/cattle/Texas/24-008749-003/2024(H5N1)	2161	1443
PB1|PP755595.1|A/cattle/Texas/24-008749-003/2024(H5N1)	2162	1443
PB1|PP755595.1|A/cattle/Texas/24-008749-003/2024(H5N1)	2163	1435
PB1|PP755595.1|A/cattle/Texas/24-008749-003/2024(H5N1)	2164	1429
PB1|PP755595.1|A/cattle/Texas/24-008749-003/2024(H5N1)	2165	1415
PB1|PP755595.1|A/cattle/Texas/24-008749-003/2024(H5N1)	2166	1375
PB1|PP755595.1|A/cattle/Texas/24-008749-003/2024(H5N1)	2167	1342
PB1|PP755595.1|A/cattle/Texas/24-008749-003/2024(H5N1)	2168	1338
PB1|PP755595.1|A/cattle/Texas/24-008749-003/2024(H5N1)	2169	1338
PB1|PP755595.1|A/cattle/Texas/24-008749-003/2024(H5N1)	2170	1336
PB1|PP755595.1|A/cattle/Texas/24-008749-003/2024(H5N1)	2171	1338
PB1|PP755595.1|A/cattle/Texas/24-008749-003/2024(H5N1)	2172	1308
PB1|PP755595.1|A/cattle/Texas/24-008749-003/2024(H5N1)	2173	1297
PB1|PP755595.1|A/cattle/Texas/24-008749-003/2024(H5N1)	2174	1299
PB1|PP755595.1|A/cattle/Texas/24-008749-003/2024(H5N1)	2175	1298
PB1|PP755595.1|A/cattle/Texas/24-008749-003/2024(H5N1)	2176	1298
PB1|PP755595.1|A/cattle/Texas/24-008749-003/2024(H5N1)	2177	1293
PB1|PP755595.1|A/cattle/Texas/24-008749-003/2024(H5N1)	2178	1289
PB1|PP755595.1|A/cattle/Texas/24-008749-003/2024(H5N1)	2179	1283
PB1|PP755595.1|A/cattle/Texas/24-008749-003/2024(H5N1)	2180	1281
PB1|PP755595.1|A/cattle/Texas/24-008749-003/2024(H5N1)	2181	1285
PB1|PP755595.1|A/cattle/Texas/24-008749-003/2024(H5N1)	2182	1282
PB1|PP755595.1|A/cattle/Texas/24-008749-003/2024(H5N1)	2183	1278
PB1|PP755595.1|A/cattle/Texas/24-008749-003/2024(H5N1)	2184	1246
PB1|PP755595.1|A/cattle/Texas/24-008749-003/2024(H5N1)	2185	1249
PB1|PP755595.1|A/cattle/Texas/24-008749-003/2024(H5N1)	2186	1248
PB1|PP755595.1|A/cattle/Texas/24-008749-003/2024(H5N1)	2187	1248
PB1|PP755595.1|A/cattle/Texas/24-008749-003/2024(H5N1)	2188	1239
PB1|PP755595.1|A/cattle/Texas/24-008749-003/2024(H5N1)	2189	1239
PB1|PP755595.1|A/cattle/Texas/24-008749-003/2024(H5N1)	2190	1222
PB1|PP755595.1|A/cattle/Texas/24-008749-003/2024(H5N1)	2191	1222
PB1|PP755595.1|A/cattle/Texas/24-008749-003/2024(H5N1)	2192	1233
PB1|PP755595.1|A/cattle/Texas/24-008749-003/2024(H5N1)	2193	1232
PB1|PP755595.1|A/cattle/Texas/24-008749-003/2024(H5N1)	2194	1217
PB1|PP755595.1|A/cattle/Texas/24-008749-003/2024(H5N1)	2195	1217
PB1|PP755595.1|A/cattle/Texas/24-008749-003/2024(H5N1)	2196	1190
PB1|PP755595.1|A/cattle/Texas/24-008749-003/2024(H5N1)	2197	1187
PB1|PP755595.1|A/cattle/Texas/24-008749-003/2024(H5N1)	2198	1186
PB1|PP755595.1|A/cattle/Texas/24-008749-003/2024(H5N1)	2199	1181
PB1|PP755595.1|A/cattle/Texas/24-008749-003/2024(H5N1)	2200	1164
PB1|PP755595.1|A/cattle/Texas/24-008749-003/2024(H5N1)	2201	1133
PB1|PP755595.1|A/cattle/Texas/24-008749-003/2024(H5N1)	2202	1132
PB1|PP755595.1|A/cattle/Texas/24-008749-003/2024(H5N1)	2203	1132
PB1|PP755595.1|A/cattle/Texas/24-008749-003/2024(H5N1)	2204	1132
PB1|PP755595.1|A/cattle/Texas/24-008749-003/2024(H5N1)	2205	1132
PB1|PP755595.1|A/cattle/Texas/24-008749-003/2024(H5N1)	2206	1132
PB1|PP755595.1|A/cattle/Texas/24-008749-003/2024(H5N1)	2207	1127
PB1|PP755595.1|A/cattle/Texas/24-008749-003/2024(H5N1)	2208	1127
PB1|PP755595.1|A/cattle/Texas/24-008749-003/2024(H5N1)	2209	1127
PB1|PP755595.1|A/cattle/Texas/24-008749-003/2024(H5N1)	2210	1125
PB1|PP755595.1|A/cattle/Texas/24-008749-003/2024(H5N1)	2211	1102
PB1|PP755595.1|A/cattle/Texas/24-008749-003/2024(H5N1)	2212	1114
PB1|PP755595.1|A/cattle/Texas/24-008749-003/2024(H5N1)	2213	1114
PB1|PP755595.1|A/cattle/Texas/24-008749-003/2024(H5N1)	2214	1114
PB1|PP755595.1|A/cattle/Texas/24-008749-003/2024(H5N1)	2215	1116
PB1|PP755595.1|A/cattle/Texas/24-008749-003/2024(H5N1)	2216	1112
PB1|PP755595.1|A/cattle/Texas/24-008749-003/2024(H5N1)	2217	1112
PB1|PP755595.1|A/cattle/Texas/24-008749-003/2024(H5N1)	2218	1103
PB1|PP755595.1|A/cattle/Texas/24-008749-003/2024(H5N1)	2219	1103
PB1|PP755595.1|A/cattle/Texas/24-008749-003/2024(H5N1)	2220	1094
PB1|PP755595.1|A/cattle/Texas/24-008749-003/2024(H5N1)	2221	1091
PB1|PP755595.1|A/cattle/Texas/24-008749-003/2024(H5N1)	2222	1086
PB1|PP755595.1|A/cattle/Texas/24-008749-003/2024(H5N1)	2223	1086
PB1|PP755595.1|A/cattle/Texas/24-008749-003/2024(H5N1)	2224	1084
PB1|PP755595.1|A/cattle/Texas/24-008749-003/2024(H5N1)	2225	1051
PB1|PP755595.1|A/cattle/Texas/24-008749-003/2024(H5N1)	2226	1040
PB1|PP755595.1|A/cattle/Texas/24-008749-003/2024(H5N1)	2227	1040
PB1|PP755595.1|A/cattle/Texas/24-008749-003/2024(H5N1)	2228	1031
PB1|PP755595.1|A/cattle/Texas/24-008749-003/2024(H5N1)	2229	1031
PB1|PP755595.1|A/cattle/Texas/24-008749-003/2024(H5N1)	2230	1026
PB1|PP755595.1|A/cattle/Texas/24-008749-003/2024(H5N1)	2231	1019
PB1|PP755595.1|A/cattle/Texas/24-008749-003/2024(H5N1)	2232	1018
PB1|PP755595.1|A/cattle/Texas/24-008749-003/2024(H5N1)	2233	1017
PB1|PP755595.1|A/cattle/Texas/24-008749-003/2024(H5N1)	2234	1016
PB1|PP755595.1|A/cattle/Texas/24-008749-003/2024(H5N1)	2235	1003
PB1|PP755595.1|A/cattle/Texas/24-008749-003/2024(H5N1)	2236	984
PB1|PP755595.1|A/cattle/Texas/24-008749-003/2024(H5N1)	2237	983
PB1|PP755595.1|A/cattle/Texas/24-008749-003/2024(H5N1)	2238	976
PB1|PP755595.1|A/cattle/Texas/24-008749-003/2024(H5N1)	2239	967
PB1|PP755595.1|A/cattle/Texas/24-008749-003/2024(H5N1)	2240	967
PB1|PP755595.1|A/cattle/Texas/24-008749-003/2024(H5N1)	2241	966
PB1|PP755595.1|A/cattle/Texas/24-008749-003/2024(H5N1)	2242	962
PB1|PP755595.1|A/cattle/Texas/24-008749-003/2024(H5N1)	2243	956
PB1|PP755595.1|A/cattle/Texas/24-008749-003/2024(H5N1)	2244	907
PB1|PP755595.1|A/cattle/Texas/24-008749-003/2024(H5N1)	2245	907
PB1|PP755595.1|A/cattle/Texas/24-008749-003/2024(H5N1)	2246	914
PB1|PP755595.1|A/cattle/Texas/24-008749-003/2024(H5N1)	2247	899
PB1|PP755595.1|A/cattle/Texas/24-008749-003/2024(H5N1)	2248	893
PB1|PP755595.1|A/cattle/Texas/24-008749-003/2024(H5N1)	2249	869
PB1|PP755595.1|A/cattle/Texas/24-008749-003/2024(H5N1)	2250	865
PB1|PP755595.1|A/cattle/Texas/24-008749-003/2024(H5N1)	2251	864
PB1|PP755595.1|A/cattle/Texas/24-008749-003/2024(H5N1)	2252	861
PB1|PP755595.1|A/cattle/Texas/24-008749-003/2024(H5N1)	2253	861
PB1|PP755595.1|A/cattle/Texas/24-008749-003/2024(H5N1)	2254	857
PB1|PP755595.1|A/cattle/Texas/24-008749-003/2024(H5N1)	2255	746
PB1|PP755595.1|A/cattle/Texas/24-008749-003/2024(H5N1)	2256	745
PB1|PP755595.1|A/cattle/Texas/24-008749-003/2024(H5N1)	2257	737
PB1|PP755595.1|A/cattle/Texas/24-008749-003/2024(H5N1)	2258	732
PB1|PP755595.1|A/cattle/Texas/24-008749-003/2024(H5N1)	2259	731
PB1|PP755595.1|A/cattle/Texas/24-008749-003/2024(H5N1)	2260	719
PB1|PP755595.1|A/cattle/Texas/24-008749-003/2024(H5N1)	2261	719
PB1|PP755595.1|A/cattle/Texas/24-008749-003/2024(H5N1)	2262	719
PB1|PP755595.1|A/cattle/Texas/24-008749-003/2024(H5N1)	2263	702
PB1|PP755595.1|A/cattle/Texas/24-008749-003/2024(H5N1)	2264	689
PB1|PP755595.1|A/cattle/Texas/24-008749-003/2024(H5N1)	2265	644
PB1|PP755595.1|A/cattle/Texas/24-008749-003/2024(H5N1)	2266	635
PB1|PP755595.1|A/cattle/Texas/24-008749-003/2024(H5N1)	2267	631
PB1|PP755595.1|A/cattle/Texas/24-008749-003/2024(H5N1)	2268	622
PB1|PP755595.1|A/cattle/Texas/24-008749-003/2024(H5N1)	2269	622
PB1|PP755595.1|A/cattle/Texas/24-008749-003/2024(H5N1)	2270	622
PB1|PP755595.1|A/cattle/Texas/24-008749-003/2024(H5N1)	2271	620
PB1|PP755595.1|A/cattle/Texas/24-008749-003/2024(H5N1)	2272	620
PB1|PP755595.1|A/cattle/Texas/24-008749-003/2024(H5N1)	2273	613
PB1|PP755595.1|A/cattle/Texas/24-008749-003/2024(H5N1)	2274	609
