PB1|PP755595.1|A/cattle/Texas/24-008749-003/2024(H5N1)	1	573
PB1|PP755595.1|A/cattle/Texas/24-008749-003/2024(H5N1)	2	575
PB1|PP755595.1|A/cattle/Texas/24-008749-003/2024(H5N1)	3	578
PB1|PP755595.1|A/cattle/Texas/24-008749-003/2024(H5N1)	4	586
PB1|PP755595.1|A/cattle/Texas/24-008749-003/2024(H5N1)	5	606
PB1|PP755595.1|A/cattle/Texas/24-008749-003/2024(H5N1)	6	610
PB1|PP755595.1|A/cattle/Texas/24-008749-003/2024(H5N1)	7	610
PB1|PP755595.1|A/cattle/Texas/24-008749-003/2024(H5N1)	8	611
PB1|PP755595.1|A/cattle/Texas/24-008749-003/2024(H5N1)	9	631
PB1|PP755595.1|A/cattle/Texas/24-008749-003/2024(H5N1)	10	632
PB1|PP755595.1|A/cattle/Texas/24-008749-003/2024(H5N1)	11	635
PB1|PP755595.1|A/cattle/Texas/24-008749-003/2024(H5N1)	12	635
PB1|PP755595.1|A/cattle/Texas/24-008749-003/2024(H5N1)	13	638
PB1|PP755595.1|A/cattle/Texas/24-008749-003/2024(H5N1)	14	640
PB1|PP755595.1|A/cattle/Texas/24-008749-003/2024(H5N1)	15	647
PB1|PP755595.1|A/cattle/Texas/24-008749-003/2024(H5N1)	16	661
PB1|PP755595.1|A/cattle/Texas/24-008749-003/2024(H5N1)	17	663
PB1|PP755595.1|A/cattle/Texas/24-008749-003/2024(H5N1)	18	663
PB1|PP755595.1|A/cattle/Texas/24-008749-003/2024(H5N1)	19	667
PB1|PP755595.1|A/cattle/Texas/24-008749-003/2024(H5N1)	20	667
PB1|PP755595.1|A/cattle/Texas/24-008749-003/2024(H5N1)	21	670
PB1|PP755595.1|A/cattle/Texas/24-008749-003/2024(H5N1)	22	670
PB1|PP755595.1|A/cattle/Texas/24-008749-003/2024(H5N1)	23	670
PB1|PP755595.1|A/cattle/Texas/24-008749-003/2024(H5N1)	24	671
PB1|PP755595.1|A/cattle/Texas/24-008749-003/2024(H5N1)	25	671
PB1|PP755595.1|A/cattle/Texas/24-008749-003/2024(H5N1)	26	693
PB1|PP755595.1|A/cattle/Texas/24-008749-003/2024(H5N1)	27	693
PB1|PP755595.1|A/cattle/Texas/24-008749-003/2024(H5N1)	28	696
PB1|PP755595.1|A/cattle/Texas/24-008749-003/2024(H5N1)	29	697
PB1|PP755595.1|A/cattle/Texas/24-008749-003/2024(H5N1)	30	698
PB1|PP755595.1|A/cattle/Texas/24-008749-003/2024(H5N1)	31	699
PB1|PP755595.1|A/cattle/Texas/24-008749-003/2024(H5N1)	32	701
PB1|PP755595.1|A/cattle/Texas/24-008749-003/2024(H5N1)	33	701
PB1|PP755595.1|A/cattle/Texas/24-008749-003/2024(H5N1)	34	711
PB1|PP755595.1|A/cattle/Texas/24-008749-003/2024(H5N1)	35	717
PB1|PP755595.1|A/cattle/Texas/24-008749-003/2024(H5N1)	36	718
PB1|PP755595.1|A/cattle/Texas/24-008749-003/2024(H5N1)	37	719
PB1|PP755595.1|A/cattle/Texas/24-008749-003/2024(H5N1)	38	720
PB1|PP755595.1|A/cattle/Texas/24-008749-003/2024(H5N1)	39	721
PB1|PP755595.1|A/cattle/Texas/24-008749-003/2024(H5N1)	40	742
PB1|PP755595.1|A/cattle/Texas/24-008749-003/2024(H5N1)	41	753
PB1|PP755595.1|A/cattle/Texas/24-008749-003/2024(H5N1)	42	753
PB1|PP755595.1|A/cattle/Texas/24-008749-003/2024(H5N1)	43	756
PB1|PP755595.1|A/cattle/Texas/24-008749-003/2024(H5N1)	44	756
PB1|PP755595.1|A/cattle/Texas/24-008749-003/2024(H5N1)	45	758
PB1|PP755595.1|A/cattle/Texas/24-008749-003/2024(H5N1)	46	761
PB1|PP755595.1|A/cattle/Texas/24-008749-003/2024(H5N1)	47	776
PB1|PP755595.1|A/cattle/Texas/24-008749-003/2024(H5N1)	48	803
PB1|PP755595.1|A/cattle/Texas/24-008749-003/2024(H5N1)	49	822
PB1|PP755595.1|A/cattle/Texas/24-008749-003/2024(H5N1)	50	824
PB1|PP755595.1|A/cattle/Texas/24-008749-003/2024(H5N1)	51	829
PB1|PP755595.1|A/cattle/Texas/24-008749-003/2024(H5N1)	52	830
PB1|PP755595.1|A/cattle/Texas/24-008749-003/2024(H5N1)	53	840
PB1|PP755595.1|A/cattle/Texas/24-008749-003/2024(H5N1)	54	874
PB1|PP755595.1|A/cattle/Texas/24-008749-003/2024(H5N1)	55	874
PB1|PP755595.1|A/cattle/Texas/24-008749-003/2024(H5N1)	56	901
PB1|PP755595.1|A/cattle/Texas/24-008749-003/2024(H5N1)	57	905
PB1|PP755595.1|A/cattle/Texas/24-008749-003/2024(H5N1)	58	910
PB1|PP755595.1|A/cattle/Texas/24-008749-003/2024(H5N1)	59	920
PB1|PP755595.1|A/cattle/Texas/24-008749-003/2024(H5N1)	60	922
PB1|PP755595.1|A/cattle/Texas/24-008749-003/2024(H5N1)	61	929
PB1|PP755595.1|A/cattle/Texas/24-008749-003/2024(H5N1)	62	932
PB1|PP755595.1|A/cattle/Texas/24-008749-003/2024(H5N1)	63	935
PB1|PP755595.1|A/cattle/Texas/24-008749-003/2024(H5N1)	64	941
PB1|PP755595.1|A/cattle/Texas/24-008749-003/2024(H5N1)	65	941
PB1|PP755595.1|A/cattle/Texas/24-008749-003/2024(H5N1)	66	1044
PB1|PP755595.1|A/cattle/Texas/24-008749-003/2024(H5N1)	67	1045
PB1|PP755595.1|A/cattle/Texas/24-008749-003/2024(H5N1)	68	1045
PB1|PP755595.1|A/cattle/Texas/24-008749-003/2024(H5N1)	69	1045
PB1|PP755595.1|A/cattle/Texas/24-008749-003/2024(H5N1)	70	1057
PB1|PP755595.1|A/cattle/Texas/24-008749-003/2024(H5N1)	71	1083
PB1|PP755595.1|A/cattle/Texas/24-008749-003/2024(H5N1)	72	1091
PB1|PP755595.1|A/cattle/Texas/24-008749-003/2024(H5N1)	73	1107
PB1|PP755595.1|A/cattle/Texas/24-008749-003/2024(H5N1)	74	1115
PB1|PP755595.1|A/cattle/Texas/24-008749-003/2024(H5N1)	75	1124
PB1|PP755595.1|A/cattle/Texas/24-008749-003/2024(H5N1)	76	1136
PB1|PP755595.1|A/cattle/Texas/24-008749-003/2024(H5N1)	77	1139
PB1|PP755595.1|A/cattle/Texas/24-008749-003/2024(H5N1)	78	1147
PB1|PP755595.1|A/cattle/Texas/24-008749-003/2024(H5N1)	79	1149
PB1|PP755595.1|A/cattle/Texas/24-008749-003/2024(H5N1)	80	1175
PB1|PP755595.1|A/cattle/Texas/24-008749-003/2024(H5N1)	81	1181
PB1|PP755595.1|A/cattle/Texas/24-008749-003/2024(H5N1)	82	1241
PB1|PP755595.1|A/cattle/Texas/24-008749-003/2024(H5N1)	83	1245
PB1|PP755595.1|A/cattle/Texas/24-008749-003/2024(H5N1)	84	1246
PB1|PP755595.1|A/cattle/Texas/24-008749-003/2024(H5N1)	85	1283
PB1|PP755595.1|A/cattle/Texas/24-008749-003/2024(H5N1)	86	1287
PB1|PP755595.1|A/cattle/Texas/24-008749-003/2024(H5N1)	87	1289
PB1|PP755595.1|A/cattle/Texas/24-008749-003/2024(H5N1)	88	1289
PB1|PP755595.1|A/cattle/Texas/24-008749-003/2024(H5N1)	89	1289
PB1|PP755595.1|A/cattle/Texas/24-008749-003/2024(H5N1)	90	1290
PB1|PP755595.1|A/cattle/Texas/24-008749-003/2024(H5N1)	91	1290
PB1|PP755595.1|A/cattle/Texas/24-008749-003/2024(H5N1)	92	1312
PB1|PP755595.1|A/cattle/Texas/24-008749-003/2024(H5N1)	93	1323
PB1|PP755595.1|A/cattle/Texas/24-008749-003/2024(H5N1)	94	1319
PB1|PP755595.1|A/cattle/Texas/24-008749-003/2024(H5N1)	95	1323
PB1|PP755595.1|A/cattle/Texas/24-008749-003/2024(H5N1)	96	1322
PB1|PP755595.1|A/cattle/Texas/24-008749-003/2024(H5N1)	97	1324
PB1|PP755595.1|A/cattle/Texas/24-008749-003/2024(H5N1)	98	1339
PB1|PP755595.1|A/cattle/Texas/24-008749-003/2024(H5N1)	99	1340
PB1|PP755595.1|A/cattle/Texas/24-008749-003/2024(H5N1)	100	1341
PB1|PP755595.1|A/cattle/Texas/24-008749-003/2024(H5N1)	101	1341
PB1|PP755595.1|A/cattle/Texas/24-008749-003/2024(H5N1)	102	1335
PB1|PP755595.1|A/cattle/Texas/24-008749-003/2024(H5N1)	103	1334
PB1|PP755595.1|A/cattle/Texas/24-008749-003/2024(H5N1)	104	1334
PB1|PP755595.1|A/cattle/Texas/24-008749-003/2024(H5N1)	105	1295
PB1|PP755595.1|A/cattle/Texas/24-008749-003/2024(H5N1)	106	1355
PB1|PP755595.1|A/cattle/Texas/24-008749-003/2024(H5N1)	107	1361
PB1|PP755595.1|A/cattle/Texas/24-008749-003/2024(H5N1)	108	1349
PB1|PP755595.1|A/cattle/Texas/24-008749-003/2024(H5N1)	109	1349
PB1|PP755595.1|A/cattle/Texas/24-008749-003/2024(H5N1)	110	1349
PB1|PP755595.1|A/cattle/Texas/24-008749-003/2024(H5N1)	111	1349
PB1|PP755595.1|A/cattle/Texas/24-008749-003/2024(H5N1)	112	1348
PB1|PP755595.1|A/cattle/Texas/24-008749-003/2024(H5N1)	113	1337
PB1|PP755595.1|A/cattle/Texas/24-008749-003/2024(H5N1)	114	1293
PB1|PP755595.1|A/cattle/Texas/24-008749-003/2024(H5N1)	115	1291
PB1|PP755595.1|A/cattle/Texas/24-008749-003/2024(H5N1)	116	1291
PB1|PP755595.1|A/cattle/Texas/24-008749-003/2024(H5N1)	117	1275
PB1|PP755595.1|A/cattle/Texas/24-008749-003/2024(H5N1)	118	1397
PB1|PP755595.1|A/cattle/Texas/24-008749-003/2024(H5N1)	119	1398
PB1|PP755595.1|A/cattle/Texas/24-008749-003/2024(H5N1)	120	1405
PB1|PP755595.1|A/cattle/Texas/24-008749-003/2024(H5N1)	121	1406
PB1|PP755595.1|A/cattle/Texas/24-008749-003/2024(H5N1)	122	1412
PB1|PP755595.1|A/cattle/Texas/24-008749-003/2024(H5N1)	123	1412
PB1|PP755595.1|A/cattle/Texas/24-008749-003/2024(H5N1)	124	1411
PB1|PP755595.1|A/cattle/Texas/24-008749-003/2024(H5N1)	125	1398
PB1|PP755595.1|A/cattle/Texas/24-008749-003/2024(H5N1)	126	1393
PB1|PP755595.1|A/cattle/Texas/24-008749-003/2024(H5N1)	127	1185
PB1|PP755595.1|A/cattle/Texas/24-008749-003/2024(H5N1)	128	1165
PB1|PP755595.1|A/cattle/Texas/24-008749-003/2024(H5N1)	129	1100
PB1|PP755595.1|A/cattle/Texas/24-008749-003/2024(H5N1)	130	1156
PB1|PP755595.1|A/cattle/Texas/24-008749-003/2024(H5N1)	131	1155
PB1|PP755595.1|A/cattle/Texas/24-008749-003/2024(H5N1)	132	1148
PB1|PP755595.1|A/cattle/Texas/24-008749-003/2024(H5N1)	133	1143
PB1|PP755595.1|A/cattle/Texas/24-008749-003/2024(H5N1)	134	1158
PB1|PP755595.1|A/cattle/Texas/24-008749-003/2024(H5N1)	135	1160
PB1|PP755595.1|A/cattle/Texas/24-008749-003/2024(H5N1)	136	1145
PB1|PP755595.1|A/cattle/Texas/24-008749-003/2024(H5N1)	137	1127
PB1|PP755595.1|A/cattle/Texas/24-008749-003/2024(H5N1)	138	1115
PB1|PP755595.1|A/cattle/Texas/24-008749-003/2024(H5N1)	139	1217
PB1|PP755595.1|A/cattle/Texas/24-008749-003/2024(H5N1)	140	1217
PB1|PP755595.1|A/cattle/Texas/24-008749-003/2024(H5N1)	141	1228
PB1|PP755595.1|A/cattle/Texas/24-008749-003/2024(H5N1)	142	1219
PB1|PP755595.1|A/cattle/Texas/24-008749-003/2024(H5N1)	143	1208
PB1|PP755595.1|A/cattle/Texas/24-008749-003/2024(H5N1)	144	1178
PB1|PP755595.1|A/cattle/Texas/24-008749-003/2024(H5N1)	145	1176
PB1|PP755595.1|A/cattle/Texas/24-008749-003/2024(H5N1)	146	1171
PB1|PP755595.1|A/cattle/Texas/24-008749-003/2024(H5N1)	147	1156
PB1|PP755595.1|A/cattle/Texas/24-008749-003/2024(H5N1)	148	1139
PB1|PP755595.1|A/cattle/Texas/24-008749-003/2024(H5N1)	149	1134
PB1|PP755595.1|A/cattle/Texas/24-008749-003/2024(H5N1)	150	1122
PB1|PP755595.1|A/cattle/Texas/24-008749-003/2024(H5N1)	151	1122
PB1|PP755595.1|A/cattle/Texas/24-008749-003/2024(H5N1)	152	1113
PB1|PP755595.1|A/cattle/Texas/24-008749-003/2024(H5N1)	153	1084
PB1|PP755595.1|A/cattle/Texas/24-008749-003/2024(H5N1)	154	1078
PB1|PP755595.1|A/cattle/Texas/24-008749-003/2024(H5N1)	155	1082
PB1|PP755595.1|A/cattle/Texas/24-008749-003/2024(H5N1)	156	1079
PB1|PP755595.1|A/cattle/Texas/24-008749-003/2024(H5N1)	157	1098
PB1|PP755595.1|A/cattle/Texas/24-008749-003/2024(H5N1)	158	1099
PB1|PP755595.1|A/cattle/Texas/24-008749-003/2024(H5N1)	159	1096
PB1|PP755595.1|A/cattle/Texas/24-008749-003/2024(H5N1)	160	1195
PB1|PP755595.1|A/cattle/Texas/24-008749-003/2024(H5N1)	161	1195
PB1|PP755595.1|A/cattle/Texas/24-008749-003/2024(H5N1)	162	1198
PB1|PP755595.1|A/cattle/Texas/24-008749-003/2024(H5N1)	163	1198
PB1|PP755595.1|A/cattle/Texas/24-008749-003/2024(H5N1)	164	1198
PB1|PP755595.1|A/cattle/Texas/24-008749-003/2024(H5N1)	165	1199
PB1|PP755595.1|A/cattle/Texas/24-008749-003/2024(H5N1)	166	1198
PB1|PP755595.1|A/cattle/Texas/24-008749-003/2024(H5N1)	167	1213
PB1|PP755595.1|A/cattle/Texas/24-008749-003/2024(H5N1)	168	1213
PB1|PP755595.1|A/cattle/Texas/24-008749-003/2024(H5N1)	169	1216
PB1|PP755595.1|A/cattle/Texas/24-008749-003/2024(H5N1)	170	1213
PB1|PP755595.1|A/cattle/Texas/24-008749-003/2024(H5N1)	171	1213
PB1|PP755595.1|A/cattle/Texas/24-008749-003/2024(H5N1)	172	1212
PB1|PP755595.1|A/cattle/Texas/24-008749-003/2024(H5N1)	173	1225
PB1|PP755595.1|A/cattle/Texas/24-008749-003/2024(H5N1)	174	1230
PB1|PP755595.1|A/cattle/Texas/24-008749-003/2024(H5N1)	175	1223
PB1|PP755595.1|A/cattle/Texas/24-008749-003/2024(H5N1)	176	1210
PB1|PP755595.1|A/cattle/Texas/24-008749-003/2024(H5N1)	177	1207
PB1|PP755595.1|A/cattle/Texas/24-008749-003/2024(H5N1)	178	1209
PB1|PP755595.1|A/cattle/Texas/24-008749-003/2024(H5N1)	179	1226
PB1|PP755595.1|A/cattle/Texas/24-008749-003/2024(H5N1)	180	1232
PB1|PP755595.1|A/cattle/Texas/24-008749-003/2024(H5N1)	181	1228
PB1|PP755595.1|A/cattle/Texas/24-008749-003/2024(H5N1)	182	1230
PB1|PP755595.1|A/cattle/Texas/24-008749-003/2024(H5N1)	183	1228
PB1|PP755595.1|A/cattle/Texas/24-008749-003/2024(H5N1)	184	1225
PB1|PP755595.1|A/cattle/Texas/24-008749-003/2024(H5N1)	185	1227
PB1|PP755595.1|A/cattle/Texas/24-008749-003/2024(H5N1)	186	1210
PB1|PP755595.1|A/cattle/Texas/24-008749-003/2024(H5N1)	187	1213
PB1|PP755595.1|A/cattle/Texas/24-008749-003/2024(H5N1)	188	1233
PB1|PP755595.1|A/cattle/Texas/24-008749-003/2024(H5N1)	189	1225
PB1|PP755595.1|A/cattle/Texas/24-008749-003/2024(H5N1)	190	1271
PB1|PP755595.1|A/cattle/Texas/24-008749-003/2024(H5N1)	191	1271
PB1|PP755595.1|A/cattle/Texas/24-008749-003/2024(H5N1)	192	1271
PB1|PP755595.1|A/cattle/Texas/24-008749-003/2024(H5N1)	193	1281
PB1|PP755595.1|A/cattle/Texas/24-008749-003/2024(H5N1)	194	1278
PB1|PP755595.1|A/cattle/Texas/24-008749-003/2024(H5N1)	195	1303
PB1|PP755595.1|A/cattle/Texas/24-008749-003/2024(H5N1)	196	1297
PB1|PP755595.1|A/cattle/Texas/24-008749-003/2024(H5N1)	197	1289
PB1|PP755595.1|A/cattle/Texas/24-008749-003/2024(H5N1)	198	1294
PB1|PP755595.1|A/cattle/Texas/24-008749-003/2024(H5N1)	199	1249
PB1|PP755595.1|A/cattle/Texas/24-008749-003/2024(H5N1)	200	1249
PB1|PP755595.1|A/cattle/Texas/24-008749-003/2024(H5N1)	201	1199
PB1|PP755595.1|A/cattle/Texas/24-008749-003/2024(H5N1)	202	1203
PB1|PP755595.1|A/cattle/Texas/24-008749-003/2024(H5N1)	203	1220
PB1|PP755595.1|A/cattle/Texas/24-008749-003/2024(H5N1)	204	1209
PB1|PP755595.1|A/cattle/Texas/24-008749-003/2024(H5N1)	205	1199
PB1|PP755595.1|A/cattle/Texas/24-008749-003/2024(H5N1)	206	1202
PB1|PP755595.1|A/cattle/Texas/24-008749-003/2024(H5N1)	207	1180
PB1|PP755595.1|A/cattle/Texas/24-008749-003/2024(H5N1)	208	1177
PB1|PP755595.1|A/cattle/Texas/24-008749-003/2024(H5N1)	209	1169
PB1|PP755595.1|A/cattle/Texas/24-008749-003/2024(H5N1)	210	1159
PB1|PP755595.1|A/cattle/Texas/24-008749-003/2024(H5N1)	211	1159
PB1|PP755595.1|A/cattle/Texas/24-008749-003/2024(H5N1)	212	1151
PB1|PP755595.1|A/cattle/Texas/24-008749-003/2024(H5N1)	213	921
PB1|PP755595.1|A/cattle/Texas/24-008749-003/2024(H5N1)	214	927
PB1|PP755595.1|A/cattle/Texas/24-008749-003/2024(H5N1)	215	927
PB1|PP755595.1|A/cattle/Texas/24-008749-003/2024(H5N1)	216	922
PB1|PP755595.1|A/cattle/Texas/24-008749-003/2024(H5N1)	217	853
PB1|PP755595.1|A/cattle/Texas/24-008749-003/2024(H5N1)	218	854
PB1|PP755595.1|A/cattle/Texas/24-008749-003/2024(H5N1)	219	862
PB1|PP755595.1|A/cattle/Texas/24-008749-003/2024(H5N1)	220	923
PB1|PP755595.1|A/cattle/Texas/24-008749-003/2024(H5N1)	221	923
PB1|PP755595.1|A/cattle/Texas/24-008749-003/2024(H5N1)	222	923
PB1|PP755595.1|A/cattle/Texas/24-008749-003/2024(H5N1)	223	926
PB1|PP755595.1|A/cattle/Texas/24-008749-003/2024(H5N1)	224	926
PB1|PP755595.1|A/cattle/Texas/24-008749-003/2024(H5N1)	225	921
PB1|PP755595.1|A/cattle/Texas/24-008749-003/2024(H5N1)	226	937
PB1|PP755595.1|A/cattle/Texas/24-008749-003/2024(H5N1)	227	938
PB1|PP755595.1|A/cattle/Texas/24-008749-003/2024(H5N1)	228	941
PB1|PP755595.1|A/cattle/Texas/24-008749-003/2024(H5N1)	229	914
PB1|PP755595.1|A/cattle/Texas/24-008749-003/2024(H5N1)	230	914
PB1|PP755595.1|A/cattle/Texas/24-008749-003/2024(H5N1)	231	914
PB1|PP755595.1|A/cattle/Texas/24-008749-003/2024(H5N1)	232	914
PB1|PP755595.1|A/cattle/Texas/24-008749-003/2024(H5N1)	233	919
PB1|PP755595.1|A/cattle/Texas/24-008749-003/2024(H5N1)	234	928
PB1|PP755595.1|A/cattle/Texas/24-008749-003/2024(H5N1)	235	1034
PB1|PP755595.1|A/cattle/Texas/24-008749-003/2024(H5N1)	236	1034
PB1|PP755595.1|A/cattle/Texas/24-008749-003/2024(H5N1)	237	1038
PB1|PP755595.1|A/cattle/Texas/24-008749-003/2024(H5N1)	238	1038
PB1|PP755595.1|A/cattle/Texas/24-008749-003/2024(H5N1)	239	1039
PB1|PP755595.1|A/cattle/Texas/24-008749-003/2024(H5N1)	240	1081
PB1|PP755595.1|A/cattle/Texas/24-008749-003/2024(H5N1)	241	1086
PB1|PP755595.1|A/cattle/Texas/24-008749-003/2024(H5N1)	242	1132
PB1|PP755595.1|A/cattle/Texas/24-008749-003/2024(H5N1)	243	1133
PB1|PP755595.1|A/cattle/Texas/24-008749-003/2024(H5N1)	244	1135
PB1|PP755595.1|A/cattle/Texas/24-008749-003/2024(H5N1)	245	1141
PB1|PP755595.1|A/cattle/Texas/24-008749-003/2024(H5N1)	246	1168
PB1|PP755595.1|A/cattle/Texas/24-008749-003/2024(H5N1)	247	1171
PB1|PP755595.1|A/cattle/Texas/24-008749-003/2024(H5N1)	248	1172
PB1|PP755595.1|A/cattle/Texas/24-008749-003/2024(H5N1)	249	1172
PB1|PP755595.1|A/cattle/Texas/24-008749-003/2024(H5N1)	250	1168
PB1|PP755595.1|A/cattle/Texas/24-008749-003/2024(H5N1)	251	1141
PB1|PP755595.1|A/cattle/Texas/24-008749-003/2024(H5N1)	252	1141
PB1|PP755595.1|A/cattle/Texas/24-008749-003/2024(H5N1)	253	1131
PB1|PP755595.1|A/cattle/Texas/24-008749-003/2024(H5N1)	254	1113
PB1|PP755595.1|A/cattle/Texas/24-008749-003/2024(H5N1)	255	929
PB1|PP755595.1|A/cattle/Texas/24-008749-003/2024(H5N1)	256	929
PB1|PP755595.1|A/cattle/Texas/24-008749-003/2024(H5N1)	257	929
PB1|PP755595.1|A/cattle/Texas/24-008749-003/2024(H5N1)	258	928
PB1|PP755595.1|A/cattle/Texas/24-008749-003/2024(H5N1)	259	928
PB1|PP755595.1|A/cattle/Texas/24-008749-003/2024(H5N1)	260	928
PB1|PP755595.1|A/cattle/Texas/24-008749-003/2024(H5N1)	261	928
PB1|PP755595.1|A/cattle/Texas/24-008749-003/2024(H5N1)	262	928
PB1|PP755595.1|A/cattle/Texas/24-008749-003/2024(H5N1)	263	928
PB1|PP755595.1|A/cattle/Texas/24-008749-003/2024(H5N1)	264	926
PB1|PP755595.1|A/cattle/Texas/24-008749-003/2024(H5N1)	265	926
PB1|PP755595.1|A/cattle/Texas/24-008749-003/2024(H5N1)	266	927
PB1|PP755595.1|A/cattle/Texas/24-008749-003/2024(H5N1)	267	927
PB1|PP755595.1|A/cattle/Texas/24-008749-003/2024(H5N1)	268	1003
PB1|PP755595.1|A/cattle/Texas/24-008749-003/2024(H5N1)	269	1005
PB1|PP755595.1|A/cattle/Texas/24-008749-003/2024(H5N1)	270	1011
PB1|PP755595.1|A/cattle/Texas/24-008749-003/2024(H5N1)	271	1013
PB1|PP755595.1|A/cattle/Texas/24-008749-003/2024(H5N1)	272	1020
PB1|PP755595.1|A/cattle/Texas/24-008749-003/2024(H5N1)	273	1025
PB1|PP755595.1|A/cattle/Texas/24-008749-003/2024(H5N1)	274	1027
PB1|PP755595.1|A/cattle/Texas/24-008749-003/2024(H5N1)	275	1028
PB1|PP755595.1|A/cattle/Texas/24-008749-003/2024(H5N1)	276	1035
PB1|PP755595.1|A/cattle/Texas/24-008749-003/2024(H5N1)	277	1038
PB1|PP755595.1|A/cattle/Texas/24-008749-003/2024(H5N1)	278	1056
PB1|PP755595.1|A/cattle/Texas/24-008749-003/2024(H5N1)	279	1056
PB1|PP755595.1|A/cattle/Texas/24-008749-003/2024(H5N1)	280	1057
PB1|PP755595.1|A/cattle/Texas/24-008749-003/2024(H5N1)	281	1141
PB1|PP755595.1|A/cattle/Texas/24-008749-003/2024(H5N1)	282	1158
PB1|PP755595.1|A/cattle/Texas/24-008749-003/2024(H5N1)	283	1143
PB1|PP755595.1|A/cattle/Texas/24-008749-003/2024(H5N1)	284	1142
PB1|PP755595.1|A/cattle/Texas/24-008749-003/2024(H5N1)	285	1140
PB1|PP755595.1|A/cattle/Texas/24-008749-003/2024(H5N1)	286	1142
PB1|PP755595.1|A/cattle/Texas/24-008749-003/2024(H5N1)	287	1136
PB1|PP755595.1|A/cattle/Texas/24-008749-003/2024(H5N1)	288	1105
PB1|PP755595.1|A/cattle/Texas/24-008749-003/2024(H5N1)	289	1144
PB1|PP755595.1|A/cattle/Texas/24-008749-003/2024(H5N1)	290	1037
PB1|PP755595.1|A/cattle/Texas/24-008749-003/2024(H5N1)	291	1088
PB1|PP755595.1|A/cattle/Texas/24-008749-003/2024(H5N1)	292	1183
PB1|PP755595.1|A/cattle/Texas/24-008749-003/2024(H5N1)	293	1186
PB1|PP755595.1|A/cattle/Texas/24-008749-003/2024(H5N1)	294	1175
PB1|PP755595.1|A/cattle/Texas/24-008749-003/2024(H5N1)	295	1250
PB1|PP755595.1|A/cattle/Texas/24-008749-003/2024(H5N1)	296	1260
PB1|PP755595.1|A/cattle/Texas/24-008749-003/2024(H5N1)	297	1264
PB1|PP755595.1|A/cattle/Texas/24-008749-003/2024(H5N1)	298	1267
PB1|PP755595.1|A/cattle/Texas/24-008749-003/2024(H5N1)	299	1266
PB1|PP755595.1|A/cattle/Texas/24-008749-003/2024(H5N1)	300	1207
PB1|PP755595.1|A/cattle/Texas/24-008749-003/2024(H5N1)	301	1207
PB1|PP755595.1|A/cattle/Texas/24-008749-003/2024(H5N1)	302	1207
PB1|PP755595.1|A/cattle/Texas/24-008749-003/2024(H5N1)	303	1211
PB1|PP755595.1|A/cattle/Texas/24-008749-003/2024(H5N1)	304	1217
PB1|PP755595.1|A/cattle/Texas/24-008749-003/2024(H5N1)	305	1218
PB1|PP755595.1|A/cattle/Texas/24-008749-003/2024(H5N1)	306	1202
PB1|PP755595.1|A/cattle/Texas/24-008749-003/2024(H5N1)	307	1201
PB1|PP755595.1|A/cattle/Texas/24-008749-003/2024(H5N1)	308	1204
PB1|PP755595.1|A/cattle/Texas/24-008749-003/2024(H5N1)	309	1205
PB1|PP755595.1|A/cattle/Texas/24-008749-003/2024(H5N1)	310	1206
PB1|PP755595.1|A/cattle/Texas/24-008749-003/2024(H5N1)	311	1213
PB1|PP755595.1|A/cattle/Texas/24-008749-003/2024(H5N1)	312	1211
PB1|PP755595.1|A/cattle/Texas/24-008749-003/2024(H5N1)	313	1210
PB1|PP755595.1|A/cattle/Texas/24-008749-003/2024(H5N1)	314	1211
PB1|PP755595.1|A/cattle/Texas/24-008749-003/2024(H5N1)	315	1221
PB1|PP755595.1|A/cattle/Texas/24-008749-003/2024(H5N1)	316	1217
PB1|PP755595.1|A/cattle/Texas/24-008749-003/2024(H5N1)	317	1218
PB1|PP755595.1|A/cattle/Texas/24-008749-003/2024(H5N1)	318	1206
PB1|PP755595.1|A/cattle/Texas/24-008749-003/2024(H5N1)	319	1251
PB1|PP755595.1|A/cattle/Texas/24-008749-003/2024(H5N1)	320	1254
PB1|PP755595.1|A/cattle/Texas/24-008749-003/2024(H5N1)	321	1255
PB1|PP755595.1|A/cattle/Texas/24-008749-003/2024(H5N1)	322	1257
PB1|PP755595.1|A/cattle/Texas/24-008749-003/2024(H5N1)	323	1256
PB1|PP755595.1|A/cattle/Texas/24-008749-003/2024(H5N1)	324	1238
PB1|PP755595.1|A/cattle/Texas/24-008749-003/2024(H5N1)	325	1232
PB1|PP755595.1|A/cattle/Texas/24-008749-003/2024(H5N1)	326	1232
PB1|PP755595.1|A/cattle/Texas/24-008749-003/2024(H5N1)	327	1234
PB1|PP755595.1|A/cattle/Texas/24-008749-003/2024(H5N1)	328	1244
PB1|PP755595.1|A/cattle/Texas/24-008749-003/2024(H5N1)	329	1231
PB1|PP755595.1|A/cattle/Texas/24-008749-003/2024(H5N1)	330	1236
PB1|PP755595.1|A/cattle/Texas/24-008749-003/2024(H5N1)	331	1235
PB1|PP755595.1|A/cattle/Texas/24-008749-003/2024(H5N1)	332	1235
PB1|PP755595.1|A/cattle/Texas/24-008749-003/2024(H5N1)	333	1233
PB1|PP755595.1|A/cattle/Texas/24-008749-003/2024(H5N1)	334	1247
PB1|PP755595.1|A/cattle/Texas/24-008749-003/2024(H5N1)	335	1248
PB1|PP755595.1|A/cattle/Texas/24-008749-003/2024(H5N1)	336	1240
PB1|PP755595.1|A/cattle/Texas/24-008749-003/2024(H5N1)	337	1237
PB1|PP755595.1|A/cattle/Texas/24-008749-003/2024(H5N1)	338	1230
PB1|PP755595.1|A/cattle/Texas/24-008749-003/2024(H5N1)	339	1217
PB1|PP755595.1|A/cattle/Texas/24-008749-003/2024(H5N1)	340	1217
PB1|PP755595.1|A/cattle/Texas/24-008749-003/2024(H5N1)	341	1164
PB1|PP755595.1|A/cattle/Texas/24-008749-003/2024(H5N1)	342	1163
PB1|PP755595.1|A/cattle/Texas/24-008749-003/2024(H5N1)	343	1160
PB1|PP755595.1|A/cattle/Texas/24-008749-003/2024(H5N1)	344	1154
PB1|PP755595.1|A/cattle/Texas/24-008749-003/2024(H5N1)	345	1167
PB1|PP755595.1|A/cattle/Texas/24-008749-003/2024(H5N1)	346	1171
PB1|PP755595.1|A/cattle/Texas/24-008749-003/2024(H5N1)	347	1178
PB1|PP755595.1|A/cattle/Texas/24-008749-003/2024(H5N1)	348	1182
PB1|PP755595.1|A/cattle/Texas/24-008749-003/2024(H5N1)	349	1178
PB1|PP755595.1|A/cattle/Texas/24-008749-003/2024(H5N1)	350	1167
PB1|PP755595.1|A/cattle/Texas/24-008749-003/2024(H5N1)	351	1167
PB1|PP755595.1|A/cattle/Texas/24-008749-003/2024(H5N1)	352	1165
PB1|PP755595.1|A/cattle/Texas/24-008749-003/2024(H5N1)	353	1164
PB1|PP755595.1|A/cattle/Texas/24-008749-003/2024(H5N1)	354	1145
PB1|PP755595.1|A/cattle/Texas/24-008749-003/2024(H5N1)	355	1145
PB1|PP755595.1|A/cattle/Texas/24-008749-003/2024(H5N1)	356	1130
PB1|PP755595.1|A/cattle/Texas/24-008749-003/2024(H5N1)	357	1127
PB1|PP755595.1|A/cattle/Texas/24-008749-003/2024(H5N1)	358	1127
PB1|PP755595.1|A/cattle/Texas/24-008749-003/2024(H5N1)	359	1122
PB1|PP755595.1|A/cattle/Texas/24-008749-003/2024(H5N1)	360	1120
PB1|PP755595.1|A/cattle/Texas/24-008749-003/2024(H5N1)	361	1101
PB1|PP755595.1|A/cattle/Texas/24-008749-003/2024(H5N1)	362	1098
PB1|PP755595.1|A/cattle/Texas/24-008749-003/2024(H5N1)	363	305
PB1|PP755595.1|A/cattle/Texas/24-008749-003/2024(H5N1)	364	279
PB1|PP755595.1|A/cattle/Texas/24-008749-003/2024(H5N1)	365	279
PB1|PP755595.1|A/cattle/Texas/24-008749-003/2024(H5N1)	366	279
PB1|PP755595.1|A/cattle/Texas/24-008749-003/2024(H5N1)	367	279
PB1|PP755595.1|A/cattle/Texas/24-008749-003/2024(H5N1)	368	279
PB1|PP755595.1|A/cattle/Texas/24-008749-003/2024(H5N1)	369	279
PB1|PP755595.1|A/cattle/Texas/24-008749-003/2024(H5N1)	370	280
PB1|PP755595.1|A/cattle/Texas/24-008749-003/2024(H5N1)	371	280
PB1|PP755595.1|A/cattle/Texas/24-008749-003/2024(H5N1)	372	280
PB1|PP755595.1|A/cattle/Texas/24-008749-003/2024(H5N1)	373	280
PB1|PP755595.1|A/cattle/Texas/24-008749-003/2024(H5N1)	374	280
PB1|PP755595.1|A/cattle/Texas/24-008749-003/2024(H5N1)	375	279
PB1|PP755595.1|A/cattle/Texas/24-008749-003/2024(H5N1)	376	279
PB1|PP755595.1|A/cattle/Texas/24-008749-003/2024(H5N1)	377	279
PB1|PP755595.1|A/cattle/Texas/24-008749-003/2024(H5N1)	378	279
PB1|PP755595.1|A/cattle/Texas/24-008749-003/2024(H5N1)	379	279
PB1|PP755595.1|A/cattle/Texas/24-008749-003/2024(H5N1)	380	279
PB1|PP755595.1|A/cattle/Texas/24-008749-003/2024(H5N1)	381	279
PB1|PP755595.1|A/cattle/Texas/24-008749-003/2024(H5N1)	382	279
PB1|PP755595.1|A/cattle/Texas/24-008749-003/2024(H5N1)	383	279
PB1|PP755595.1|A/cattle/Texas/24-008749-003/2024(H5N1)	384	279
PB1|PP755595.1|A/cattle/Texas/24-008749-003/2024(H5N1)	385	279
PB1|PP755595.1|A/cattle/Texas/24-008749-003/2024(H5N1)	386	279
PB1|PP755595.1|A/cattle/Texas/24-008749-003/2024(H5N1)	387	279
PB1|PP755595.1|A/cattle/Texas/24-008749-003/2024(H5N1)	388	279
PB1|PP755595.1|A/cattle/Texas/24-008749-003/2024(H5N1)	389	279
PB1|PP755595.1|A/cattle/Texas/24-008749-003/2024(H5N1)	390	279
PB1|PP755595.1|A/cattle/Texas/24-008749-003/2024(H5N1)	391	278
PB1|PP755595.1|A/cattle/Texas/24-008749-003/2024(H5N1)	392	278
PB1|PP755595.1|A/cattle/Texas/24-008749-003/2024(H5N1)	393	278
PB1|PP755595.1|A/cattle/Texas/24-008749-003/2024(H5N1)	394	275
PB1|PP755595.1|A/cattle/Texas/24-008749-003/2024(H5N1)	395	274
PB1|PP755595.1|A/cattle/Texas/24-008749-003/2024(H5N1)	396	266
PB1|PP755595.1|A/cattle/Texas/24-008749-003/2024(H5N1)	397	234
PB1|PP755595.1|A/cattle/Texas/24-008749-003/2024(H5N1)	398	234
PB1|PP755595.1|A/cattle/Texas/24-008749-003/2024(H5N1)	399	234
PB1|PP755595.1|A/cattle/Texas/24-008749-003/2024(H5N1)	400	234
PB1|PP755595.1|A/cattle/Texas/24-008749-003/2024(H5N1)	401	229
PB1|PP755595.1|A/cattle/Texas/24-008749-003/2024(H5N1)	402	229
PB1|PP755595.1|A/cattle/Texas/24-008749-003/2024(H5N1)	403	229
PB1|PP755595.1|A/cattle/Texas/24-008749-003/2024(H5N1)	404	229
PB1|PP755595.1|A/cattle/Texas/24-008749-003/2024(H5N1)	405	229
PB1|PP755595.1|A/cattle/Texas/24-008749-003/2024(H5N1)	406	229
PB1|PP755595.1|A/cattle/Texas/24-008749-003/2024(H5N1)	407	229
PB1|PP755595.1|A/cattle/Texas/24-008749-003/2024(H5N1)	408	229
PB1|PP755595.1|A/cattle/Texas/24-008749-003/2024(H5N1)	409	229
PB1|PP755595.1|A/cattle/Texas/24-008749-003/2024(H5N1)	410	228
PB1|PP755595.1|A/cattle/Texas/24-008749-003/2024(H5N1)	411	228
PB1|PP755595.1|A/cattle/Texas/24-008749-003/2024(H5N1)	412	228
PB1|PP755595.1|A/cattle/Texas/24-008749-003/2024(H5N1)	413	228
PB1|PP755595.1|A/cattle/Texas/24-008749-003/2024(H5N1)	414	228
PB1|PP755595.1|A/cattle/Texas/24-008749-003/2024(H5N1)	415	234
PB1|PP755595.1|A/cattle/Texas/24-008749-003/2024(H5N1)	416	234
PB1|PP755595.1|A/cattle/Texas/24-008749-003/2024(H5N1)	417	234
PB1|PP755595.1|A/cattle/Texas/24-008749-003/2024(H5N1)	418	234
PB1|PP755595.1|A/cattle/Texas/24-008749-003/2024(H5N1)	419	234
PB1|PP755595.1|A/cattle/Texas/24-008749-003/2024(H5N1)	420	234
PB1|PP755595.1|A/cattle/Texas/24-008749-003/2024(H5N1)	421	234
PB1|PP755595.1|A/cattle/Texas/24-008749-003/2024(H5N1)	422	234
PB1|PP755595.1|A/cattle/Texas/24-008749-003/2024(H5N1)	423	234
PB1|PP755595.1|A/cattle/Texas/24-008749-003/2024(H5N1)	424	229
PB1|PP755595.1|A/cattle/Texas/24-008749-003/2024(H5N1)	425	226
PB1|PP755595.1|A/cattle/Texas/24-008749-003/2024(H5N1)	426	221
PB1|PP755595.1|A/cattle/Texas/24-008749-003/2024(H5N1)	427	221
PB1|PP755595.1|A/cattle/Texas/24-008749-003/2024(H5N1)	428	221
PB1|PP755595.1|A/cattle/Texas/24-008749-003/2024(H5N1)	429	221
PB1|PP755595.1|A/cattle/Texas/24-008749-003/2024(H5N1)	430	241
PB1|PP755595.1|A/cattle/Texas/24-008749-003/2024(H5N1)	431	241
PB1|PP755595.1|A/cattle/Texas/24-008749-003/2024(H5N1)	432	241
PB1|PP755595.1|A/cattle/Texas/24-008749-003/2024(H5N1)	433	257
PB1|PP755595.1|A/cattle/Texas/24-008749-003/2024(H5N1)	434	331
PB1|PP755595.1|A/cattle/Texas/24-008749-003/2024(H5N1)	435	334
PB1|PP755595.1|A/cattle/Texas/24-008749-003/2024(H5N1)	436	810
PB1|PP755595.1|A/cattle/Texas/24-008749-003/2024(H5N1)	437	921
PB1|PP755595.1|A/cattle/Texas/24-008749-003/2024(H5N1)	438	921
PB1|PP755595.1|A/cattle/Texas/24-008749-003/2024(H5N1)	439	940
PB1|PP755595.1|A/cattle/Texas/24-008749-003/2024(H5N1)	440	942
PB1|PP755595.1|A/cattle/Texas/24-008749-003/2024(H5N1)	441	943
PB1|PP755595.1|A/cattle/Texas/24-008749-003/2024(H5N1)	442	944
PB1|PP755595.1|A/cattle/Texas/24-008749-003/2024(H5N1)	443	944
PB1|PP755595.1|A/cattle/Texas/24-008749-003/2024(H5N1)	444	947
PB1|PP755595.1|A/cattle/Texas/24-008749-003/2024(H5N1)	445	956
PB1|PP755595.1|A/cattle/Texas/24-008749-003/2024(H5N1)	446	956
PB1|PP755595.1|A/cattle/Texas/24-008749-003/2024(H5N1)	447	972
PB1|PP755595.1|A/cattle/Texas/24-008749-003/2024(H5N1)	448	975
PB1|PP755595.1|A/cattle/Texas/24-008749-003/2024(H5N1)	449	976
PB1|PP755595.1|A/cattle/Texas/24-008749-003/2024(H5N1)	450	975
PB1|PP755595.1|A/cattle/Texas/24-008749-003/2024(H5N1)	451	971
PB1|PP755595.1|A/cattle/Texas/24-008749-003/2024(H5N1)	452	988
PB1|PP755595.1|A/cattle/Texas/24-008749-003/2024(H5N1)	453	989
PB1|PP755595.1|A/cattle/Texas/24-008749-003/2024(H5N1)	454	986
PB1|PP755595.1|A/cattle/Texas/24-008749-003/2024(H5N1)	455	984
PB1|PP755595.1|A/cattle/Texas/24-008749-003/2024(H5N1)	456	953
PB1|PP755595.1|A/cattle/Texas/24-008749-003/2024(H5N1)	457	953
PB1|PP755595.1|A/cattle/Texas/24-008749-003/2024(H5N1)	458	953
PB1|PP755595.1|A/cattle/Texas/24-008749-003/2024(H5N1)	459	960
PB1|PP755595.1|A/cattle/Texas/24-008749-003/2024(H5N1)	460	957
PB1|PP755595.1|A/cattle/Texas/24-008749-003/2024(H5N1)	461	1023
PB1|PP755595.1|A/cattle/Texas/24-008749-003/2024(H5N1)	462	1034
PB1|PP755595.1|A/cattle/Texas/24-008749-003/2024(H5N1)	463	1036
PB1|PP755595.1|A/cattle/Texas/24-008749-003/2024(H5N1)	464	1040
PB1|PP755595.1|A/cattle/Texas/24-008749-003/2024(H5N1)	465	1040
PB1|PP755595.1|A/cattle/Texas/24-008749-003/2024(H5N1)	466	1046
PB1|PP755595.1|A/cattle/Texas/24-008749-003/2024(H5N1)	467	1044
PB1|PP755595.1|A/cattle/Texas/24-008749-003/2024(H5N1)	468	1035
PB1|PP755595.1|A/cattle/Texas/24-008749-003/2024(H5N1)	469	1037
PB1|PP755595.1|A/cattle/Texas/24-008749-003/2024(H5N1)	470	1013
PB1|PP755595.1|A/cattle/Texas/24-008749-003/2024(H5N1)	471	1018
PB1|PP755595.1|A/cattle/Texas/24-008749-003/2024(H5N1)	472	1017
PB1|PP755595.1|A/cattle/Texas/24-008749-003/2024(H5N1)	473	1016
PB1|PP755595.1|A/cattle/Texas/24-008749-003/2024(H5N1)	474	1019
PB1|PP755595.1|A/cattle/Texas/24-008749-003/2024(H5N1)	475	1025
PB1|PP755595.1|A/cattle/Texas/24-008749-003/2024(H5N1)	476	1024
PB1|PP755595.1|A/cattle/Texas/24-008749-003/2024(H5N1)	477	1023
PB1|PP755595.1|A/cattle/Texas/24-008749-003/2024(H5N1)	478	1020
PB1|PP755595.1|A/cattle/Texas/24-008749-003/2024(H5N1)	479	1001
PB1|PP755595.1|A/cattle/Texas/24-008749-003/2024(H5N1)	480	978
PB1|PP755595.1|A/cattle/Texas/24-008749-003/2024(H5N1)	481	974
PB1|PP755595.1|A/cattle/Texas/24-008749-003/2024(H5N1)	482	971
PB1|PP755595.1|A/cattle/Texas/24-008749-003/2024(H5N1)	483	971
PB1|PP755595.1|A/cattle/Texas/24-008749-003/2024(H5N1)	484	972
PB1|PP755595.1|A/cattle/Texas/24-008749-003/2024(H5N1)	485	1002
PB1|PP755595.1|A/cattle/Texas/24-008749-003/2024(H5N1)	486	1010
PB1|PP755595.1|A/cattle/Texas/24-008749-003/2024(H5N1)	487	1038
PB1|PP755595.1|A/cattle/Texas/24-008749-003/2024(H5N1)	488	1040
PB1|PP755595.1|A/cattle/Texas/24-008749-003/2024(H5N1)	489	1044
PB1|PP755595.1|A/cattle/Texas/24-008749-003/2024(H5N1)	490	1060
PB1|PP755595.1|A/cattle/Texas/24-008749-003/2024(H5N1)	491	1060
PB1|PP755595.1|A/cattle/Texas/24-008749-003/2024(H5N1)	492	1060
PB1|PP755595.1|A/cattle/Texas/24-008749-003/2024(H5N1)	493	1062
PB1|PP755595.1|A/cattle/Texas/24-008749-003/2024(H5N1)	494	1055
PB1|PP755595.1|A/cattle/Texas/24-008749-003/2024(H5N1)	495	1069
PB1|PP755595.1|A/cattle/Texas/24-008749-003/2024(H5N1)	496	1045
PB1|PP755595.1|A/cattle/Texas/24-008749-003/2024(H5N1)	497	1047
PB1|PP755595.1|A/cattle/Texas/24-008749-003/2024(H5N1)	498	1057
PB1|PP755595.1|A/cattle/Texas/24-008749-003/2024(H5N1)	499	1057
PB1|PP755595.1|A/cattle/Texas/24-008749-003/2024(H5N1)	500	1057
PB1|PP755595.1|A/cattle/Texas/24-008749-003/2024(H5N1)	501	1062
PB1|PP755595.1|A/cattle/Texas/24-008749-003/2024(H5N1)	502	1059
PB1|PP755595.1|A/cattle/Texas/24-008749-003/2024(H5N1)	503	1062
PB1|PP755595.1|A/cattle/Texas/24-008749-003/2024(H5N1)	504	1061
PB1|PP755595.1|A/cattle/Texas/24-008749-003/2024(H5N1)	505	1088
PB1|PP755595.1|A/cattle/Texas/24-008749-003/2024(H5N1)	506	1083
PB1|PP755595.1|A/cattle/Texas/24-008749-003/2024(H5N1)	507	1070
PB1|PP755595.1|A/cattle/Texas/24-008749-003/2024(H5N1)	508	1086
PB1|PP755595.1|A/cattle/Texas/24-008749-003/2024(H5N1)	509	1116
PB1|PP755595.1|A/cattle/Texas/24-008749-003/2024(H5N1)	510	1118
PB1|PP755595.1|A/cattle/Texas/24-008749-003/2024(H5N1)	511	1114
PB1|PP755595.1|A/cattle/Texas/24-008749-003/2024(H5N1)	512	1112
PB1|PP755595.1|A/cattle/Texas/24-008749-003/2024(H5N1)	513	1087
PB1|PP755595.1|A/cattle/Texas/24-008749-003/2024(H5N1)	514	1071
PB1|PP755595.1|A/cattle/Texas/24-008749-003/2024(H5N1)	515	1086
PB1|PP755595.1|A/cattle/Texas/24-008749-003/2024(H5N1)	516	1079
PB1|PP755595.1|A/cattle/Texas/24-008749-003/2024(H5N1)	517	1062
PB1|PP755595.1|A/cattle/Texas/24-008749-003/2024(H5N1)	518	1066
PB1|PP755595.1|A/cattle/Texas/24-008749-003/2024(H5N1)	519	1063
PB1|PP755595.1|A/cattle/Texas/24-008749-003/2024(H5N1)	520	1085
PB1|PP755595.1|A/cattle/Texas/24-008749-003/2024(H5N1)	521	1084
PB1|PP755595.1|A/cattle/Texas/24-008749-003/2024(H5N1)	522	1090
PB1|PP755595.1|A/cattle/Texas/24-008749-003/2024(H5N1)	523	1099
PB1|PP755595.1|A/cattle/Texas/24-008749-003/2024(H5N1)	524	1082
PB1|PP755595.1|A/cattle/Texas/24-008749-003/2024(H5N1)	525	1088
PB1|PP755595.1|A/cattle/Texas/24-008749-003/2024(H5N1)	526	1089
PB1|PP755595.1|A/cattle/Texas/24-008749-003/2024(H5N1)	527	1087
PB1|PP755595.1|A/cattle/Texas/24-008749-003/2024(H5N1)	528	1081
PB1|PP755595.1|A/cattle/Texas/24-008749-003/2024(H5N1)	529	1082
PB1|PP755595.1|A/cattle/Texas/24-008749-003/2024(H5N1)	530	1128
PB1|PP755595.1|A/cattle/Texas/24-008749-003/2024(H5N1)	531	1115
PB1|PP755595.1|A/cattle/Texas/24-008749-003/2024(H5N1)	532	1108
PB1|PP755595.1|A/cattle/Texas/24-008749-003/2024(H5N1)	533	1095
PB1|PP755595.1|A/cattle/Texas/24-008749-003/2024(H5N1)	534	1093
PB1|PP755595.1|A/cattle/Texas/24-008749-003/2024(H5N1)	535	1093
PB1|PP755595.1|A/cattle/Texas/24-008749-003/2024(H5N1)	536	1094
PB1|PP755595.1|A/cattle/Texas/24-008749-003/2024(H5N1)	537	1090
PB1|PP755595.1|A/cattle/Texas/24-008749-003/2024(H5N1)	538	1082
PB1|PP755595.1|A/cattle/Texas/24-008749-003/2024(H5N1)	539	1095
PB1|PP755595.1|A/cattle/Texas/24-008749-003/2024(H5N1)	540	1092
PB1|PP755595.1|A/cattle/Texas/24-008749-003/2024(H5N1)	541	1094
PB1|PP755595.1|A/cattle/Texas/24-008749-003/2024(H5N1)	542	1106
PB1|PP755595.1|A/cattle/Texas/24-008749-003/2024(H5N1)	543	1106
PB1|PP755595.1|A/cattle/Texas/24-008749-003/2024(H5N1)	544	1111
PB1|PP755595.1|A/cattle/Texas/24-008749-003/2024(H5N1)	545	1111
PB1|PP755595.1|A/cattle/Texas/24-008749-003/2024(H5N1)	546	1108
PB1|PP755595.1|A/cattle/Texas/24-008749-003/2024(H5N1)	547	1111
PB1|PP755595.1|A/cattle/Texas/24-008749-003/2024(H5N1)	548	1109
PB1|PP755595.1|A/cattle/Texas/24-008749-003/2024(H5N1)	549	1105
PB1|PP755595.1|A/cattle/Texas/24-008749-003/2024(H5N1)	550	1106
PB1|PP755595.1|A/cattle/Texas/24-008749-003/2024(H5N1)	551	1099
PB1|PP755595.1|A/cattle/Texas/24-008749-003/2024(H5N1)	552	1102
PB1|PP755595.1|A/cattle/Texas/24-008749-003/2024(H5N1)	553	1102
PB1|PP755595.1|A/cattle/Texas/24-008749-003/2024(H5N1)	554	1102
PB1|PP755595.1|A/cattle/Texas/24-008749-003/2024(H5N1)	555	1095
PB1|PP755595.1|A/cattle/Texas/24-008749-003/2024(H5N1)	556	1094
PB1|PP755595.1|A/cattle/Texas/24-008749-003/2024(H5N1)	557	1091
PB1|PP755595.1|A/cattle/Texas/24-008749-003/2024(H5N1)	558	1010
PB1|PP755595.1|A/cattle/Texas/24-008749-003/2024(H5N1)	559	1014
PB1|PP755595.1|A/cattle/Texas/24-008749-003/2024(H5N1)	560	1014
PB1|PP755595.1|A/cattle/Texas/24-008749-003/2024(H5N1)	561	1010
PB1|PP755595.1|A/cattle/Texas/24-008749-003/2024(H5N1)	562	1020
PB1|PP755595.1|A/cattle/Texas/24-008749-003/2024(H5N1)	563	1024
PB1|PP755595.1|A/cattle/Texas/24-008749-003/2024(H5N1)	564	1031
PB1|PP755595.1|A/cattle/Texas/24-008749-003/2024(H5N1)	565	1053
PB1|PP755595.1|A/cattle/Texas/24-008749-003/2024(H5N1)	566	1057
PB1|PP755595.1|A/cattle/Texas/24-008749-003/2024(H5N1)	567	1061
PB1|PP755595.1|A/cattle/Texas/24-008749-003/2024(H5N1)	568	1061
PB1|PP755595.1|A/cattle/Texas/24-008749-003/2024(H5N1)	569	1098
PB1|PP755595.1|A/cattle/Texas/24-008749-003/2024(H5N1)	570	1075
PB1|PP755595.1|A/cattle/Texas/24-008749-003/2024(H5N1)	571	1115
PB1|PP755595.1|A/cattle/Texas/24-008749-003/2024(H5N1)	572	1111
PB1|PP755595.1|A/cattle/Texas/24-008749-003/2024(H5N1)	573	1109
PB1|PP755595.1|A/cattle/Texas/24-008749-003/2024(H5N1)	574	1111
PB1|PP755595.1|A/cattle/Texas/24-008749-003/2024(H5N1)	575	1107
PB1|PP755595.1|A/cattle/Texas/24-008749-003/2024(H5N1)	576	1143
PB1|PP755595.1|A/cattle/Texas/24-008749-003/2024(H5N1)	577	1151
PB1|PP755595.1|A/cattle/Texas/24-008749-003/2024(H5N1)	578	1151
PB1|PP755595.1|A/cattle/Texas/24-008749-003/2024(H5N1)	579	1129
PB1|PP755595.1|A/cattle/Texas/24-008749-003/2024(H5N1)	580	1130
PB1|PP755595.1|A/cattle/Texas/24-008749-003/2024(H5N1)	581	1136
PB1|PP755595.1|A/cattle/Texas/24-008749-003/2024(H5N1)	582	1134
PB1|PP755595.1|A/cattle/Texas/24-008749-003/2024(H5N1)	583	1131
PB1|PP755595.1|A/cattle/Texas/24-008749-003/2024(H5N1)	584	1116
PB1|PP755595.1|A/cattle/Texas/24-008749-003/2024(H5N1)	585	1045
PB1|PP755595.1|A/cattle/Texas/24-008749-003/2024(H5N1)	586	1075
PB1|PP755595.1|A/cattle/Texas/24-008749-003/2024(H5N1)	587	992
PB1|PP755595.1|A/cattle/Texas/24-008749-003/2024(H5N1)	588	988
PB1|PP755595.1|A/cattle/Texas/24-008749-003/2024(H5N1)	589	990
PB1|PP755595.1|A/cattle/Texas/24-008749-003/2024(H5N1)	590	976
PB1|PP755595.1|A/cattle/Texas/24-008749-003/2024(H5N1)	591	979
PB1|PP755595.1|A/cattle/Texas/24-008749-003/2024(H5N1)	592	993
PB1|PP755595.1|A/cattle/Texas/24-008749-003/2024(H5N1)	593	992
PB1|PP755595.1|A/cattle/Texas/24-008749-003/2024(H5N1)	594	996
PB1|PP755595.1|A/cattle/Texas/24-008749-003/2024(H5N1)	595	993
PB1|PP755595.1|A/cattle/Texas/24-008749-003/2024(H5N1)	596	991
PB1|PP755595.1|A/cattle/Texas/24-008749-003/2024(H5N1)	597	990
PB1|PP755595.1|A/cattle/Texas/24-008749-003/2024(H5N1)	598	976
PB1|PP755595.1|A/cattle/Texas/24-008749-003/2024(H5N1)	599	973
PB1|PP755595.1|A/cattle/Texas/24-008749-003/2024(H5N1)	600	972
PB1|PP755595.1|A/cattle/Texas/24-008749-003/2024(H5N1)	601	972
PB1|PP755595.1|A/cattle/Texas/24-008749-003/2024(H5N1)	602	954
PB1|PP755595.1|A/cattle/Texas/24-008749-003/2024(H5N1)	603	952
PB1|PP755595.1|A/cattle/Texas/24-008749-003/2024(H5N1)	604	950
PB1|PP755595.1|A/cattle/Texas/24-008749-003/2024(H5N1)	605	948
PB1|PP755595.1|A/cattle/Texas/24-008749-003/2024(H5N1)	606	946
PB1|PP755595.1|A/cattle/Texas/24-008749-003/2024(H5N1)	607	810
PB1|PP755595.1|A/cattle/Texas/24-008749-003/2024(H5N1)	608	810
PB1|PP755595.1|A/cattle/Texas/24-008749-003/2024(H5N1)	609	810
PB1|PP755595.1|A/cattle/Texas/24-008749-003/2024(H5N1)	610	810
PB1|PP755595.1|A/cattle/Texas/24-008749-003/2024(H5N1)	611	810
PB1|PP755595.1|A/cattle/Texas/24-008749-003/2024(H5N1)	612	810
PB1|PP755595.1|A/cattle/Texas/24-008749-003/2024(H5N1)	613	912
PB1|PP755595.1|A/cattle/Texas/24-008749-003/2024(H5N1)	614	914
PB1|PP755595.1|A/cattle/Texas/24-008749-003/2024(H5N1)	615	916
PB1|PP755595.1|A/cattle/Texas/24-008749-003/2024(H5N1)	616	916
PB1|PP755595.1|A/cattle/Texas/24-008749-003/2024(H5N1)	617	916
PB1|PP755595.1|A/cattle/Texas/24-008749-003/2024(H5N1)	618	915
PB1|PP755595.1|A/cattle/Texas/24-008749-003/2024(H5N1)	619	913
PB1|PP755595.1|A/cattle/Texas/24-008749-003/2024(H5N1)	620	907
PB1|PP755595.1|A/cattle/Texas/24-008749-003/2024(H5N1)	621	916
PB1|PP755595.1|A/cattle/Texas/24-008749-003/2024(H5N1)	622	921
PB1|PP755595.1|A/cattle/Texas/24-008749-003/2024(H5N1)	623	921
PB1|PP755595.1|A/cattle/Texas/24-008749-003/2024(H5N1)	624	921
PB1|PP755595.1|A/cattle/Texas/24-008749-003/2024(H5N1)	625	920
PB1|PP755595.1|A/cattle/Texas/24-008749-003/2024(H5N1)	626	913
PB1|PP755595.1|A/cattle/Texas/24-008749-003/2024(H5N1)	627	913
PB1|PP755595.1|A/cattle/Texas/24-008749-003/2024(H5N1)	628	911
PB1|PP755595.1|A/cattle/Texas/24-008749-003/2024(H5N1)	629	909
PB1|PP755595.1|A/cattle/Texas/24-008749-003/2024(H5N1)	630	909
PB1|PP755595.1|A/cattle/Texas/24-008749-003/2024(H5N1)	631	907
PB1|PP755595.1|A/cattle/Texas/24-008749-003/2024(H5N1)	632	906
PB1|PP755595.1|A/cattle/Texas/24-008749-003/2024(H5N1)	633	868
PB1|PP755595.1|A/cattle/Texas/24-008749-003/2024(H5N1)	634	843
PB1|PP755595.1|A/cattle/Texas/24-008749-003/2024(H5N1)	635	844
PB1|PP755595.1|A/cattle/Texas/24-008749-003/2024(H5N1)	636	844
PB1|PP755595.1|A/cattle/Texas/24-008749-003/2024(H5N1)	637	844
PB1|PP755595.1|A/cattle/Texas/24-008749-003/2024(H5N1)	638	844
PB1|PP755595.1|A/cattle/Texas/24-008749-003/2024(H5N1)	639	843
PB1|PP755595.1|A/cattle/Texas/24-008749-003/2024(H5N1)	640	841
PB1|PP755595.1|A/cattle/Texas/24-008749-003/2024(H5N1)	641	826
PB1|PP755595.1|A/cattle/Texas/24-008749-003/2024(H5N1)	642	826
PB1|PP755595.1|A/cattle/Texas/24-008749-003/2024(H5N1)	643	826
PB1|PP755595.1|A/cattle/Texas/24-008749-003/2024(H5N1)	644	825
PB1|PP755595.1|A/cattle/Texas/24-008749-003/2024(H5N1)	645	814
PB1|PP755595.1|A/cattle/Texas/24-008749-003/2024(H5N1)	646	800
PB1|PP755595.1|A/cattle/Texas/24-008749-003/2024(H5N1)	647	800
PB1|PP755595.1|A/cattle/Texas/24-008749-003/2024(H5N1)	648	773
PB1|PP755595.1|A/cattle/Texas/24-008749-003/2024(H5N1)	649	772
PB1|PP755595.1|A/cattle/Texas/24-008749-003/2024(H5N1)	650	771
PB1|PP755595.1|A/cattle/Texas/24-008749-003/2024(H5N1)	651	650
PB1|PP755595.1|A/cattle/Texas/24-008749-003/2024(H5N1)	652	648
PB1|PP755595.1|A/cattle/Texas/24-008749-003/2024(H5N1)	653	649
PB1|PP755595.1|A/cattle/Texas/24-008749-003/2024(H5N1)	654	649
PB1|PP755595.1|A/cattle/Texas/24-008749-003/2024(H5N1)	655	754
PB1|PP755595.1|A/cattle/Texas/24-008749-003/2024(H5N1)	656	754
PB1|PP755595.1|A/cattle/Texas/24-008749-003/2024(H5N1)	657	755
PB1|PP755595.1|A/cattle/Texas/24-008749-003/2024(H5N1)	658	755
PB1|PP755595.1|A/cattle/Texas/24-008749-003/2024(H5N1)	659	757
PB1|PP755595.1|A/cattle/Texas/24-008749-003/2024(H5N1)	660	757
PB1|PP755595.1|A/cattle/Texas/24-008749-003/2024(H5N1)	661	757
PB1|PP755595.1|A/cattle/Texas/24-008749-003/2024(H5N1)	662	756
PB1|PP755595.1|A/cattle/Texas/24-008749-003/2024(H5N1)	663	753
PB1|PP755595.1|A/cattle/Texas/24-008749-003/2024(H5N1)	664	743
PB1|PP755595.1|A/cattle/Texas/24-008749-003/2024(H5N1)	665	798
PB1|PP755595.1|A/cattle/Texas/24-008749-003/2024(H5N1)	666	799
PB1|PP755595.1|A/cattle/Texas/24-008749-003/2024(H5N1)	667	808
PB1|PP755595.1|A/cattle/Texas/24-008749-003/2024(H5N1)	668	810
PB1|PP755595.1|A/cattle/Texas/24-008749-003/2024(H5N1)	669	813
PB1|PP755595.1|A/cattle/Texas/24-008749-003/2024(H5N1)	670	802
PB1|PP755595.1|A/cattle/Texas/24-008749-003/2024(H5N1)	671	783
PB1|PP755595.1|A/cattle/Texas/24-008749-003/2024(H5N1)	672	781
PB1|PP755595.1|A/cattle/Texas/24-008749-003/2024(H5N1)	673	770
PB1|PP755595.1|A/cattle/Texas/24-008749-003/2024(H5N1)	674	770
PB1|PP755595.1|A/cattle/Texas/24-008749-003/2024(H5N1)	675	767
PB1|PP755595.1|A/cattle/Texas/24-008749-003/2024(H5N1)	676	807
PB1|PP755595.1|A/cattle/Texas/24-008749-003/2024(H5N1)	677	805
PB1|PP755595.1|A/cattle/Texas/24-008749-003/2024(H5N1)	678	791
PB1|PP755595.1|A/cattle/Texas/24-008749-003/2024(H5N1)	679	790
PB1|PP755595.1|A/cattle/Texas/24-008749-003/2024(H5N1)	680	789
PB1|PP755595.1|A/cattle/Texas/24-008749-003/2024(H5N1)	681	746
PB1|PP755595.1|A/cattle/Texas/24-008749-003/2024(H5N1)	682	756
PB1|PP755595.1|A/cattle/Texas/24-008749-003/2024(H5N1)	683	755
PB1|PP755595.1|A/cattle/Texas/24-008749-003/2024(H5N1)	684	754
PB1|PP755595.1|A/cattle/Texas/24-008749-003/2024(H5N1)	685	754
PB1|PP755595.1|A/cattle/Texas/24-008749-003/2024(H5N1)	686	754
PB1|PP755595.1|A/cattle/Texas/24-008749-003/2024(H5N1)	687	754
PB1|PP755595.1|A/cattle/Texas/24-008749-003/2024(H5N1)	688	747
PB1|PP755595.1|A/cattle/Texas/24-008749-003/2024(H5N1)	689	742
PB1|PP755595.1|A/cattle/Texas/24-008749-003/2024(H5N1)	690	722
PB1|PP755595.1|A/cattle/Texas/24-008749-003/2024(H5N1)	691	722
PB1|PP755595.1|A/cattle/Texas/24-008749-003/2024(H5N1)	692	699
PB1|PP755595.1|A/cattle/Texas/24-008749-003/2024(H5N1)	693	699
PB1|PP755595.1|A/cattle/Texas/24-008749-003/2024(H5N1)	694	730
PB1|PP755595.1|A/cattle/Texas/24-008749-003/2024(H5N1)	695	742
PB1|PP755595.1|A/cattle/Texas/24-008749-003/2024(H5N1)	696	742
PB1|PP755595.1|A/cattle/Texas/24-008749-003/2024(H5N1)	697	741
PB1|PP755595.1|A/cattle/Texas/24-008749-003/2024(H5N1)	698	739
PB1|PP755595.1|A/cattle/Texas/24-008749-003/2024(H5N1)	699	737
PB1|PP755595.1|A/cattle/Texas/24-008749-003/2024(H5N1)	700	737
PB1|PP755595.1|A/cattle/Texas/24-008749-003/2024(H5N1)	701	734
PB1|PP755595.1|A/cattle/Texas/24-008749-003/2024(H5N1)	702	730
PB1|PP755595.1|A/cattle/Texas/24-008749-003/2024(H5N1)	703	729
PB1|PP755595.1|A/cattle/Texas/24-008749-003/2024(H5N1)	704	729
PB1|PP755595.1|A/cattle/Texas/24-008749-003/2024(H5N1)	705	728
PB1|PP755595.1|A/cattle/Texas/24-008749-003/2024(H5N1)	706	727
PB1|PP755595.1|A/cattle/Texas/24-008749-003/2024(H5N1)	707	723
PB1|PP755595.1|A/cattle/Texas/24-008749-003/2024(H5N1)	708	718
PB1|PP755595.1|A/cattle/Texas/24-008749-003/2024(H5N1)	709	735
PB1|PP755595.1|A/cattle/Texas/24-008749-003/2024(H5N1)	710	737
PB1|PP755595.1|A/cattle/Texas/24-008749-003/2024(H5N1)	711	735
PB1|PP755595.1|A/cattle/Texas/24-008749-003/2024(H5N1)	712	725
PB1|PP755595.1|A/cattle/Texas/24-008749-003/2024(H5N1)	713	725
PB1|PP755595.1|A/cattle/Texas/24-008749-003/2024(H5N1)	714	718
PB1|PP755595.1|A/cattle/Texas/24-008749-003/2024(H5N1)	715	706
PB1|PP755595.1|A/cattle/Texas/24-008749-003/2024(H5N1)	716	706
PB1|PP755595.1|A/cattle/Texas/24-008749-003/2024(H5N1)	717	700
PB1|PP755595.1|A/cattle/Texas/24-008749-003/2024(H5N1)	718	700
PB1|PP755595.1|A/cattle/Texas/24-008749-003/2024(H5N1)	719	671
PB1|PP755595.1|A/cattle/Texas/24-008749-003/2024(H5N1)	720	671
PB1|PP755595.1|A/cattle/Texas/24-008749-003/2024(H5N1)	721	682
PB1|PP755595.1|A/cattle/Texas/24-008749-003/2024(H5N1)	722	644
PB1|PP755595.1|A/cattle/Texas/24-008749-003/2024(H5N1)	723	649
PB1|PP755595.1|A/cattle/Texas/24-008749-003/2024(H5N1)	724	650
PB1|PP755595.1|A/cattle/Texas/24-008749-003/2024(H5N1)	725	638
PB1|PP755595.1|A/cattle/Texas/24-008749-003/2024(H5N1)	726	630
PB1|PP755595.1|A/cattle/Texas/24-008749-003/2024(H5N1)	727	601
PB1|PP755595.1|A/cattle/Texas/24-008749-003/2024(H5N1)	728	602
PB1|PP755595.1|A/cattle/Texas/24-008749-003/2024(H5N1)	729	602
PB1|PP755595.1|A/cattle/Texas/24-008749-003/2024(H5N1)	730	584
PB1|PP755595.1|A/cattle/Texas/24-008749-003/2024(H5N1)	731	557
PB1|PP755595.1|A/cattle/Texas/24-008749-003/2024(H5N1)	732	439
PB1|PP755595.1|A/cattle/Texas/24-008749-003/2024(H5N1)	733	439
PB1|PP755595.1|A/cattle/Texas/24-008749-003/2024(H5N1)	734	439
PB1|PP755595.1|A/cattle/Texas/24-008749-003/2024(H5N1)	735	437
PB1|PP755595.1|A/cattle/Texas/24-008749-003/2024(H5N1)	736	437
PB1|PP755595.1|A/cattle/Texas/24-008749-003/2024(H5N1)	737	437
PB1|PP755595.1|A/cattle/Texas/24-008749-003/2024(H5N1)	738	431
PB1|PP755595.1|A/cattle/Texas/24-008749-003/2024(H5N1)	739	425
PB1|PP755595.1|A/cattle/Texas/24-008749-003/2024(H5N1)	740	425
PB1|PP755595.1|A/cattle/Texas/24-008749-003/2024(H5N1)	741	425
PB1|PP755595.1|A/cattle/Texas/24-008749-003/2024(H5N1)	742	425
PB1|PP755595.1|A/cattle/Texas/24-008749-003/2024(H5N1)	743	425
PB1|PP755595.1|A/cattle/Texas/24-008749-003/2024(H5N1)	744	425
PB1|PP755595.1|A/cattle/Texas/24-008749-003/2024(H5N1)	745	525
PB1|PP755595.1|A/cattle/Texas/24-008749-003/2024(H5N1)	746	525
PB1|PP755595.1|A/cattle/Texas/24-008749-003/2024(H5N1)	747	525
PB1|PP755595.1|A/cattle/Texas/24-008749-003/2024(H5N1)	748	525
PB1|PP755595.1|A/cattle/Texas/24-008749-003/2024(H5N1)	749	525
PB1|PP755595.1|A/cattle/Texas/24-008749-003/2024(H5N1)	750	525
PB1|PP755595.1|A/cattle/Texas/24-008749-003/2024(H5N1)	751	574
PB1|PP755595.1|A/cattle/Texas/24-008749-003/2024(H5N1)	752	584
PB1|PP755595.1|A/cattle/Texas/24-008749-003/2024(H5N1)	753	586
PB1|PP755595.1|A/cattle/Texas/24-008749-003/2024(H5N1)	754	589
PB1|PP755595.1|A/cattle/Texas/24-008749-003/2024(H5N1)	755	591
PB1|PP755595.1|A/cattle/Texas/24-008749-003/2024(H5N1)	756	591
PB1|PP755595.1|A/cattle/Texas/24-008749-003/2024(H5N1)	757	592
PB1|PP755595.1|A/cattle/Texas/24-008749-003/2024(H5N1)	758	588
PB1|PP755595.1|A/cattle/Texas/24-008749-003/2024(H5N1)	759	584
PB1|PP755595.1|A/cattle/Texas/24-008749-003/2024(H5N1)	760	539
PB1|PP755595.1|A/cattle/Texas/24-008749-003/2024(H5N1)	761	538
PB1|PP755595.1|A/cattle/Texas/24-008749-003/2024(H5N1)	762	533
PB1|PP755595.1|A/cattle/Texas/24-008749-003/2024(H5N1)	763	532
PB1|PP755595.1|A/cattle/Texas/24-008749-003/2024(H5N1)	764	532
PB1|PP755595.1|A/cattle/Texas/24-008749-003/2024(H5N1)	765	528
PB1|PP755595.1|A/cattle/Texas/24-008749-003/2024(H5N1)	766	528
PB1|PP755595.1|A/cattle/Texas/24-008749-003/2024(H5N1)	767	528
PB1|PP755595.1|A/cattle/Texas/24-008749-003/2024(H5N1)	768	528
PB1|PP755595.1|A/cattle/Texas/24-008749-003/2024(H5N1)	769	528
PB1|PP755595.1|A/cattle/Texas/24-008749-003/2024(H5N1)	770	528
PB1|PP755595.1|A/cattle/Texas/24-008749-003/2024(H5N1)	771	525
PB1|PP755595.1|A/cattle/Texas/24-008749-003/2024(H5N1)	772	496
PB1|PP755595.1|A/cattle/Texas/24-008749-003/2024(H5N1)	773	496
PB1|PP755595.1|A/cattle/Texas/24-008749-003/2024(H5N1)	774	496
PB1|PP755595.1|A/cattle/Texas/24-008749-003/2024(H5N1)	775	564
PB1|PP755595.1|A/cattle/Texas/24-008749-003/2024(H5N1)	776	569
PB1|PP755595.1|A/cattle/Texas/24-008749-003/2024(H5N1)	777	571
PB1|PP755595.1|A/cattle/Texas/24-008749-003/2024(H5N1)	778	571
PB1|PP755595.1|A/cattle/Texas/24-008749-003/2024(H5N1)	779	575
PB1|PP755595.1|A/cattle/Texas/24-008749-003/2024(H5N1)	780	585
PB1|PP755595.1|A/cattle/Texas/24-008749-003/2024(H5N1)	781	585
PB1|PP755595.1|A/cattle/Texas/24-008749-003/2024(H5N1)	782	585
PB1|PP755595.1|A/cattle/Texas/24-008749-003/2024(H5N1)	783	553
PB1|PP755595.1|A/cattle/Texas/24-008749-003/2024(H5N1)	784	553
PB1|PP755595.1|A/cattle/Texas/24-008749-003/2024(H5N1)	785	548
PB1|PP755595.1|A/cattle/Texas/24-008749-003/2024(H5N1)	786	531
PB1|PP755595.1|A/cattle/Texas/24-008749-003/2024(H5N1)	787	535
PB1|PP755595.1|A/cattle/Texas/24-008749-003/2024(H5N1)	788	535
PB1|PP755595.1|A/cattle/Texas/24-008749-003/2024(H5N1)	789	535
PB1|PP755595.1|A/cattle/Texas/24-008749-003/2024(H5N1)	790	535
PB1|PP755595.1|A/cattle/Texas/24-008749-003/2024(H5N1)	791	535
PB1|PP755595.1|A/cattle/Texas/24-008749-003/2024(H5N1)	792	528
PB1|PP755595.1|A/cattle/Texas/24-008749-003/2024(H5N1)	793	546
PB1|PP755595.1|A/cattle/Texas/24-008749-003/2024(H5N1)	794	551
PB1|PP755595.1|A/cattle/Texas/24-008749-003/2024(H5N1)	795	552
PB1|PP755595.1|A/cattle/Texas/24-008749-003/2024(H5N1)	796	555
PB1|PP755595.1|A/cattle/Texas/24-008749-003/2024(H5N1)	797	555
PB1|PP755595.1|A/cattle/Texas/24-008749-003/2024(H5N1)	798	554
PB1|PP755595.1|A/cattle/Texas/24-008749-003/2024(H5N1)	799	554
PB1|PP755595.1|A/cattle/Texas/24-008749-003/2024(H5N1)	800	554
PB1|PP755595.1|A/cattle/Texas/24-008749-003/2024(H5N1)	801	534
PB1|PP755595.1|A/cattle/Texas/24-008749-003/2024(H5N1)	802	541
PB1|PP755595.1|A/cattle/Texas/24-008749-003/2024(H5N1)	803	566
PB1|PP755595.1|A/cattle/Texas/24-008749-003/2024(H5N1)	804	573
PB1|PP755595.1|A/cattle/Texas/24-008749-003/2024(H5N1)	805	577
PB1|PP755595.1|A/cattle/Texas/24-008749-003/2024(H5N1)	806	578
PB1|PP755595.1|A/cattle/Texas/24-008749-003/2024(H5N1)	807	578
PB1|PP755595.1|A/cattle/Texas/24-008749-003/2024(H5N1)	808	582
PB1|PP755595.1|A/cattle/Texas/24-008749-003/2024(H5N1)	809	582
PB1|PP755595.1|A/cattle/Texas/24-008749-003/2024(H5N1)	810	582
PB1|PP755595.1|A/cattle/Texas/24-008749-003/2024(H5N1)	811	572
PB1|PP755595.1|A/cattle/Texas/24-008749-003/2024(H5N1)	812	542
PB1|PP755595.1|A/cattle/Texas/24-008749-003/2024(H5N1)	813	537
PB1|PP755595.1|A/cattle/Texas/24-008749-003/2024(H5N1)	814	530
PB1|PP755595.1|A/cattle/Texas/24-008749-003/2024(H5N1)	815	549
PB1|PP755595.1|A/cattle/Texas/24-008749-003/2024(H5N1)	816	525
PB1|PP755595.1|A/cattle/Texas/24-008749-003/2024(H5N1)	817	541
PB1|PP755595.1|A/cattle/Texas/24-008749-003/2024(H5N1)	818	542
PB1|PP755595.1|A/cattle/Texas/24-008749-003/2024(H5N1)	819	543
PB1|PP755595.1|A/cattle/Texas/24-008749-003/2024(H5N1)	820	543
PB1|PP755595.1|A/cattle/Texas/24-008749-003/2024(H5N1)	821	567
PB1|PP755595.1|A/cattle/Texas/24-008749-003/2024(H5N1)	822	546
PB1|PP755595.1|A/cattle/Texas/24-008749-003/2024(H5N1)	823	540
PB1|PP755595.1|A/cattle/Texas/24-008749-003/2024(H5N1)	824	545
PB1|PP755595.1|A/cattle/Texas/24-008749-003/2024(H5N1)	825	540
PB1|PP755595.1|A/cattle/Texas/24-008749-003/2024(H5N1)	826	551
PB1|PP755595.1|A/cattle/Texas/24-008749-003/2024(H5N1)	827	558
PB1|PP755595.1|A/cattle/Texas/24-008749-003/2024(H5N1)	828	558
PB1|PP755595.1|A/cattle/Texas/24-008749-003/2024(H5N1)	829	561
PB1|PP755595.1|A/cattle/Texas/24-008749-003/2024(H5N1)	830	561
PB1|PP755595.1|A/cattle/Texas/24-008749-003/2024(H5N1)	831	550
PB1|PP755595.1|A/cattle/Texas/24-008749-003/2024(H5N1)	832	569
PB1|PP755595.1|A/cattle/Texas/24-008749-003/2024(H5N1)	833	569
PB1|PP755595.1|A/cattle/Texas/24-008749-003/2024(H5N1)	834	569
PB1|PP755595.1|A/cattle/Texas/24-008749-003/2024(H5N1)	835	575
PB1|PP755595.1|A/cattle/Texas/24-008749-003/2024(H5N1)	836	577
PB1|PP755595.1|A/cattle/Texas/24-008749-003/2024(H5N1)	837	575
PB1|PP755595.1|A/cattle/Texas/24-008749-003/2024(H5N1)	838	575
PB1|PP755595.1|A/cattle/Texas/24-008749-003/2024(H5N1)	839	572
PB1|PP755595.1|A/cattle/Texas/24-008749-003/2024(H5N1)	840	509
PB1|PP755595.1|A/cattle/Texas/24-008749-003/2024(H5N1)	841	512
PB1|PP755595.1|A/cattle/Texas/24-008749-003/2024(H5N1)	842	512
PB1|PP755595.1|A/cattle/Texas/24-008749-003/2024(H5N1)	843	512
PB1|PP755595.1|A/cattle/Texas/24-008749-003/2024(H5N1)	844	512
PB1|PP755595.1|A/cattle/Texas/24-008749-003/2024(H5N1)	845	512
PB1|PP755595.1|A/cattle/Texas/24-008749-003/2024(H5N1)	846	523
PB1|PP755595.1|A/cattle/Texas/24-008749-003/2024(H5N1)	847	566
PB1|PP755595.1|A/cattle/Texas/24-008749-003/2024(H5N1)	848	567
PB1|PP755595.1|A/cattle/Texas/24-008749-003/2024(H5N1)	849	571
PB1|PP755595.1|A/cattle/Texas/24-008749-003/2024(H5N1)	850	575
PB1|PP755595.1|A/cattle/Texas/24-008749-003/2024(H5N1)	851	575
PB1|PP755595.1|A/cattle/Texas/24-008749-003/2024(H5N1)	852	578
PB1|PP755595.1|A/cattle/Texas/24-008749-003/2024(H5N1)	853	580
PB1|PP755595.1|A/cattle/Texas/24-008749-003/2024(H5N1)	854	630
PB1|PP755595.1|A/cattle/Texas/24-008749-003/2024(H5N1)	855	630
PB1|PP755595.1|A/cattle/Texas/24-008749-003/2024(H5N1)	856	632
PB1|PP755595.1|A/cattle/Texas/24-008749-003/2024(H5N1)	857	632
PB1|PP755595.1|A/cattle/Texas/24-008749-003/2024(H5N1)	858	632
PB1|PP755595.1|A/cattle/Texas/24-008749-003/2024(H5N1)	859	632
PB1|PP755595.1|A/cattle/Texas/24-008749-003/2024(H5N1)	860	634
PB1|PP755595.1|A/cattle/Texas/24-008749-003/2024(H5N1)	861	637
PB1|PP755595.1|A/cattle/Texas/24-008749-003/2024(H5N1)	862	637
PB1|PP755595.1|A/cattle/Texas/24-008749-003/2024(H5N1)	863	637
PB1|PP755595.1|A/cattle/Texas/24-008749-003/2024(H5N1)	864	657
PB1|PP755595.1|A/cattle/Texas/24-008749-003/2024(H5N1)	865	658
PB1|PP755595.1|A/cattle/Texas/24-008749-003/2024(H5N1)	866	667
PB1|PP755595.1|A/cattle/Texas/24-008749-003/2024(H5N1)	867	667
PB1|PP755595.1|A/cattle/Texas/24-008749-003/2024(H5N1)	868	667
PB1|PP755595.1|A/cattle/Texas/24-008749-003/2024(H5N1)	869	670
PB1|PP755595.1|A/cattle/Texas/24-008749-003/2024(H5N1)	870	679
PB1|PP755595.1|A/cattle/Texas/24-008749-003/2024(H5N1)	871	701
PB1|PP755595.1|A/cattle/Texas/24-008749-003/2024(H5N1)	872	698
PB1|PP755595.1|A/cattle/Texas/24-008749-003/2024(H5N1)	873	696
PB1|PP755595.1|A/cattle/Texas/24-008749-003/2024(H5N1)	874	693
PB1|PP755595.1|A/cattle/Texas/24-008749-003/2024(H5N1)	875	684
PB1|PP755595.1|A/cattle/Texas/24-008749-003/2024(H5N1)	876	635
PB1|PP755595.1|A/cattle/Texas/24-008749-003/2024(H5N1)	877	658
PB1|PP755595.1|A/cattle/Texas/24-008749-003/2024(H5N1)	878	663
PB1|PP755595.1|A/cattle/Texas/24-008749-003/2024(H5N1)	879	697
PB1|PP755595.1|A/cattle/Texas/24-008749-003/2024(H5N1)	880	746
PB1|PP755595.1|A/cattle/Texas/24-008749-003/2024(H5N1)	881	746
PB1|PP755595.1|A/cattle/Texas/24-008749-003/2024(H5N1)	882	750
PB1|PP755595.1|A/cattle/Texas/24-008749-003/2024(H5N1)	883	756
PB1|PP755595.1|A/cattle/Texas/24-008749-003/2024(H5N1)	884	831
PB1|PP755595.1|A/cattle/Texas/24-008749-003/2024(H5N1)	885	832
PB1|PP755595.1|A/cattle/Texas/24-008749-003/2024(H5N1)	886	842
PB1|PP755595.1|A/cattle/Texas/24-008749-003/2024(H5N1)	887	842
PB1|PP755595.1|A/cattle/Texas/24-008749-003/2024(H5N1)	888	842
PB1|PP755595.1|A/cattle/Texas/24-008749-003/2024(H5N1)	889	907
PB1|PP755595.1|A/cattle/Texas/24-008749-003/2024(H5N1)	890	908
PB1|PP755595.1|A/cattle/Texas/24-008749-003/2024(H5N1)	891	911
PB1|PP755595.1|A/cattle/Texas/24-008749-003/2024(H5N1)	892	891
PB1|PP755595.1|A/cattle/Texas/24-008749-003/2024(H5N1)	893	868
PB1|PP755595.1|A/cattle/Texas/24-008749-003/2024(H5N1)	894	885
PB1|PP755595.1|A/cattle/Texas/24-008749-003/2024(H5N1)	895	879
PB1|PP755595.1|A/cattle/Texas/24-008749-003/2024(H5N1)	896	901
PB1|PP755595.1|A/cattle/Texas/24-008749-003/2024(H5N1)	897	857
PB1|PP755595.1|A/cattle/Texas/24-008749-003/2024(H5N1)	898	860
PB1|PP755595.1|A/cattle/Texas/24-008749-003/2024(H5N1)	899	862
PB1|PP755595.1|A/cattle/Texas/24-008749-003/2024(H5N1)	900	870
PB1|PP755595.1|A/cattle/Texas/24-008749-003/2024(H5N1)	901	870
PB1|PP755595.1|A/cattle/Texas/24-008749-003/2024(H5N1)	902	874
PB1|PP755595.1|A/cattle/Texas/24-008749-003/2024(H5N1)	903	868
PB1|PP755595.1|A/cattle/Texas/24-008749-003/2024(H5N1)	904	868
PB1|PP755595.1|A/cattle/Texas/24-008749-003/2024(H5N1)	905	864
PB1|PP755595.1|A/cattle/Texas/24-008749-003/2024(H5N1)	906	845
PB1|PP755595.1|A/cattle/Texas/24-008749-003/2024(H5N1)	907	856
PB1|PP755595.1|A/cattle/Texas/24-008749-003/2024(H5N1)	908	859
PB1|PP755595.1|A/cattle/Texas/24-008749-003/2024(H5N1)	909	859
PB1|PP755595.1|A/cattle/Texas/24-008749-003/2024(H5N1)	910	872
PB1|PP755595.1|A/cattle/Texas/24-008749-003/2024(H5N1)	911	874
PB1|PP755595.1|A/cattle/Texas/24-008749-003/2024(H5N1)	912	903
PB1|PP755595.1|A/cattle/Texas/24-008749-003/2024(H5N1)	913	909
PB1|PP755595.1|A/cattle/Texas/24-008749-003/2024(H5N1)	914	928
PB1|PP755595.1|A/cattle/Texas/24-008749-003/2024(H5N1)	915	935
PB1|PP755595.1|A/cattle/Texas/24-008749-003/2024(H5N1)	916	935
PB1|PP755595.1|A/cattle/Texas/24-008749-003/2024(H5N1)	917	952
PB1|PP755595.1|A/cattle/Texas/24-008749-003/2024(H5N1)	918	1000
PB1|PP755595.1|A/cattle/Texas/24-008749-003/2024(H5N1)	919	1003
PB1|PP755595.1|A/cattle/Texas/24-008749-003/2024(H5N1)	920	998
PB1|PP755595.1|A/cattle/Texas/24-008749-003/2024(H5N1)	921	963
PB1|PP755595.1|A/cattle/Texas/24-008749-003/2024(H5N1)	922	964
PB1|PP755595.1|A/cattle/Texas/24-008749-003/2024(H5N1)	923	966
PB1|PP755595.1|A/cattle/Texas/24-008749-003/2024(H5N1)	924	970
PB1|PP755595.1|A/cattle/Texas/24-008749-003/2024(H5N1)	925	973
PB1|PP755595.1|A/cattle/Texas/24-008749-003/2024(H5N1)	926	973
PB1|PP755595.1|A/cattle/Texas/24-008749-003/2024(H5N1)	927	981
PB1|PP755595.1|A/cattle/Texas/24-008749-003/2024(H5N1)	928	980
PB1|PP755595.1|A/cattle/Texas/24-008749-003/2024(H5N1)	929	980
PB1|PP755595.1|A/cattle/Texas/24-008749-003/2024(H5N1)	930	979
PB1|PP755595.1|A/cattle/Texas/24-008749-003/2024(H5N1)	931	970
PB1|PP755595.1|A/cattle/Texas/24-008749-003/2024(H5N1)	932	969
PB1|PP755595.1|A/cattle/Texas/24-008749-003/2024(H5N1)	933	973
PB1|PP755595.1|A/cattle/Texas/24-008749-003/2024(H5N1)	934	979
PB1|PP755595.1|A/cattle/Texas/24-008749-003/2024(H5N1)	935	979
PB1|PP755595.1|A/cattle/Texas/24-008749-003/2024(H5N1)	936	949
PB1|PP755595.1|A/cattle/Texas/24-008749-003/2024(H5N1)	937	949
PB1|PP755595.1|A/cattle/Texas/24-008749-003/2024(H5N1)	938	950
PB1|PP755595.1|A/cattle/Texas/24-008749-003/2024(H5N1)	939	961
PB1|PP755595.1|A/cattle/Texas/24-008749-003/2024(H5N1)	940	974
PB1|PP755595.1|A/cattle/Texas/24-008749-003/2024(H5N1)	941	979
PB1|PP755595.1|A/cattle/Texas/24-008749-003/2024(H5N1)	942	979
PB1|PP755595.1|A/cattle/Texas/24-008749-003/2024(H5N1)	943	986
PB1|PP755595.1|A/cattle/Texas/24-008749-003/2024(H5N1)	944	988
PB1|PP755595.1|A/cattle/Texas/24-008749-003/2024(H5N1)	945	993
PB1|PP755595.1|A/cattle/Texas/24-008749-003/2024(H5N1)	946	995
PB1|PP755595.1|A/cattle/Texas/24-008749-003/2024(H5N1)	947	995
PB1|PP755595.1|A/cattle/Texas/24-008749-003/2024(H5N1)	948	1005
PB1|PP755595.1|A/cattle/Texas/24-008749-003/2024(H5N1)	949	1006
PB1|PP755595.1|A/cattle/Texas/24-008749-003/2024(H5N1)	950	1007
PB1|PP755595.1|A/cattle/Texas/24-008749-003/2024(H5N1)	951	1016
PB1|PP755595.1|A/cattle/Texas/24-008749-003/2024(H5N1)	952	1016
PB1|PP755595.1|A/cattle/Texas/24-008749-003/2024(H5N1)	953	1017
PB1|PP755595.1|A/cattle/Texas/24-008749-003/2024(H5N1)	954	993
PB1|PP755595.1|A/cattle/Texas/24-008749-003/2024(H5N1)	955	993
PB1|PP755595.1|A/cattle/Texas/24-008749-003/2024(H5N1)	956	1002
PB1|PP755595.1|A/cattle/Texas/24-008749-003/2024(H5N1)	957	1003
PB1|PP755595.1|A/cattle/Texas/24-008749-003/2024(H5N1)	958	1003
PB1|PP755595.1|A/cattle/Texas/24-008749-003/2024(H5N1)	959	999
PB1|PP755595.1|A/cattle/Texas/24-008749-003/2024(H5N1)	960	998
PB1|PP755595.1|A/cattle/Texas/24-008749-003/2024(H5N1)	961	998
PB1|PP755595.1|A/cattle/Texas/24-008749-003/2024(H5N1)	962	1005
PB1|PP755595.1|A/cattle/Texas/24-008749-003/2024(H5N1)	963	1013
PB1|PP755595.1|A/cattle/Texas/24-008749-003/2024(H5N1)	964	1012
PB1|PP755595.1|A/cattle/Texas/24-008749-003/2024(H5N1)	965	1012
PB1|PP755595.1|A/cattle/Texas/24-008749-003/2024(H5N1)	966	987
PB1|PP755595.1|A/cattle/Texas/24-008749-003/2024(H5N1)	967	987
PB1|PP755595.1|A/cattle/Texas/24-008749-003/2024(H5N1)	968	978
PB1|PP755595.1|A/cattle/Texas/24-008749-003/2024(H5N1)	969	977
PB1|PP755595.1|A/cattle/Texas/24-008749-003/2024(H5N1)	970	976
PB1|PP755595.1|A/cattle/Texas/24-008749-003/2024(H5N1)	971	952
PB1|PP755595.1|A/cattle/Texas/24-008749-003/2024(H5N1)	972	914
PB1|PP755595.1|A/cattle/Texas/24-008749-003/2024(H5N1)	973	900
PB1|PP755595.1|A/cattle/Texas/24-008749-003/2024(H5N1)	974	893
PB1|PP755595.1|A/cattle/Texas/24-008749-003/2024(H5N1)	975	888
PB1|PP755595.1|A/cattle/Texas/24-008749-003/2024(H5N1)	976	934
PB1|PP755595.1|A/cattle/Texas/24-008749-003/2024(H5N1)	977	934
PB1|PP755595.1|A/cattle/Texas/24-008749-003/2024(H5N1)	978	928
PB1|PP755595.1|A/cattle/Texas/24-008749-003/2024(H5N1)	979	928
PB1|PP755595.1|A/cattle/Texas/24-008749-003/2024(H5N1)	980	925
PB1|PP755595.1|A/cattle/Texas/24-008749-003/2024(H5N1)	981	908
PB1|PP755595.1|A/cattle/Texas/24-008749-003/2024(H5N1)	982	925
PB1|PP755595.1|A/cattle/Texas/24-008749-003/2024(H5N1)	983	925
PB1|PP755595.1|A/cattle/Texas/24-008749-003/2024(H5N1)	984	932
PB1|PP755595.1|A/cattle/Texas/24-008749-003/2024(H5N1)	985	931
PB1|PP755595.1|A/cattle/Texas/24-008749-003/2024(H5N1)	986	928
PB1|PP755595.1|A/cattle/Texas/24-008749-003/2024(H5N1)	987	928
PB1|PP755595.1|A/cattle/Texas/24-008749-003/2024(H5N1)	988	934
PB1|PP755595.1|A/cattle/Texas/24-008749-003/2024(H5N1)	989	931
PB1|PP755595.1|A/cattle/Texas/24-008749-003/2024(H5N1)	990	922
PB1|PP755595.1|A/cattle/Texas/24-008749-003/2024(H5N1)	991	929
PB1|PP755595.1|A/cattle/Texas/24-008749-003/2024(H5N1)	992	929
PB1|PP755595.1|A/cattle/Texas/24-008749-003/2024(H5N1)	993	929
PB1|PP755595.1|A/cattle/Texas/24-008749-003/2024(H5N1)	994	924
PB1|PP755595.1|A/cattle/Texas/24-008749-003/2024(H5N1)	995	918
PB1|PP755595.1|A/cattle/Texas/24-008749-003/2024(H5N1)	996	919
PB1|PP755595.1|A/cattle/Texas/24-008749-003/2024(H5N1)	997	906
PB1|PP755595.1|A/cattle/Texas/24-008749-003/2024(H5N1)	998	904
PB1|PP755595.1|A/cattle/Texas/24-008749-003/2024(H5N1)	999	891
PB1|PP755595.1|A/cattle/Texas/24-008749-003/2024(H5N1)	1000	887
PB1|PP755595.1|A/cattle/Texas/24-008749-003/2024(H5N1)	1001	884
PB1|PP755595.1|A/cattle/Texas/24-008749-003/2024(H5N1)	1002	884
PB1|PP755595.1|A/cattle/Texas/24-008749-003/2024(H5N1)	1003	936
PB1|PP755595.1|A/cattle/Texas/24-008749-003/2024(H5N1)	1004	936
PB1|PP755595.1|A/cattle/Texas/24-008749-003/2024(H5N1)	1005	882
PB1|PP755595.1|A/cattle/Texas/24-008749-003/2024(H5N1)	1006	882
PB1|PP755595.1|A/cattle/Texas/24-008749-003/2024(H5N1)	1007	882
PB1|PP755595.1|A/cattle/Texas/24-008749-003/2024(H5N1)	1008	882
PB1|PP755595.1|A/cattle/Texas/24-008749-003/2024(H5N1)	1009	932
PB1|PP755595.1|A/cattle/Texas/24-008749-003/2024(H5N1)	1010	929
PB1|PP755595.1|A/cattle/Texas/24-008749-003/2024(H5N1)	1011	927
PB1|PP755595.1|A/cattle/Texas/24-008749-003/2024(H5N1)	1012	927
PB1|PP755595.1|A/cattle/Texas/24-008749-003/2024(H5N1)	1013	927
PB1|PP755595.1|A/cattle/Texas/24-008749-003/2024(H5N1)	1014	925
PB1|PP755595.1|A/cattle/Texas/24-008749-003/2024(H5N1)	1015	922
PB1|PP755595.1|A/cattle/Texas/24-008749-003/2024(H5N1)	1016	922
PB1|PP755595.1|A/cattle/Texas/24-008749-003/2024(H5N1)	1017	915
PB1|PP755595.1|A/cattle/Texas/24-008749-003/2024(H5N1)	1018	915
PB1|PP755595.1|A/cattle/Texas/24-008749-003/2024(H5N1)	1019	914
PB1|PP755595.1|A/cattle/Texas/24-008749-003/2024(H5N1)	1020	901
PB1|PP755595.1|A/cattle/Texas/24-008749-003/2024(H5N1)	1021	964
PB1|PP755595.1|A/cattle/Texas/24-008749-003/2024(H5N1)	1022	958
PB1|PP755595.1|A/cattle/Texas/24-008749-003/2024(H5N1)	1023	958
PB1|PP755595.1|A/cattle/Texas/24-008749-003/2024(H5N1)	1024	961
PB1|PP755595.1|A/cattle/Texas/24-008749-003/2024(H5N1)	1025	961
PB1|PP755595.1|A/cattle/Texas/24-008749-003/2024(H5N1)	1026	951
PB1|PP755595.1|A/cattle/Texas/24-008749-003/2024(H5N1)	1027	948
PB1|PP755595.1|A/cattle/Texas/24-008749-003/2024(H5N1)	1028	912
PB1|PP755595.1|A/cattle/Texas/24-008749-003/2024(H5N1)	1029	910
PB1|PP755595.1|A/cattle/Texas/24-008749-003/2024(H5N1)	1030	868
PB1|PP755595.1|A/cattle/Texas/24-008749-003/2024(H5N1)	1031	838
PB1|PP755595.1|A/cattle/Texas/24-008749-003/2024(H5N1)	1032	831
PB1|PP755595.1|A/cattle/Texas/24-008749-003/2024(H5N1)	1033	822
PB1|PP755595.1|A/cattle/Texas/24-008749-003/2024(H5N1)	1034	762
PB1|PP755595.1|A/cattle/Texas/24-008749-003/2024(H5N1)	1035	756
PB1|PP755595.1|A/cattle/Texas/24-008749-003/2024(H5N1)	1036	767
PB1|PP755595.1|A/cattle/Texas/24-008749-003/2024(H5N1)	1037	766
PB1|PP755595.1|A/cattle/Texas/24-008749-003/2024(H5N1)	1038	765
PB1|PP755595.1|A/cattle/Texas/24-008749-003/2024(H5N1)	1039	765
PB1|PP755595.1|A/cattle/Texas/24-008749-003/2024(H5N1)	1040	708
PB1|PP755595.1|A/cattle/Texas/24-008749-003/2024(H5N1)	1041	705
PB1|PP755595.1|A/cattle/Texas/24-008749-003/2024(H5N1)	1042	701
PB1|PP755595.1|A/cattle/Texas/24-008749-003/2024(H5N1)	1043	699
PB1|PP755595.1|A/cattle/Texas/24-008749-003/2024(H5N1)	1044	691
PB1|PP755595.1|A/cattle/Texas/24-008749-003/2024(H5N1)	1045	675
PB1|PP755595.1|A/cattle/Texas/24-008749-003/2024(H5N1)	1046	664
PB1|PP755595.1|A/cattle/Texas/24-008749-003/2024(H5N1)	1047	570
PB1|PP755595.1|A/cattle/Texas/24-008749-003/2024(H5N1)	1048	568
PB1|PP755595.1|A/cattle/Texas/24-008749-003/2024(H5N1)	1049	567
PB1|PP755595.1|A/cattle/Texas/24-008749-003/2024(H5N1)	1050	567
PB1|PP755595.1|A/cattle/Texas/24-008749-003/2024(H5N1)	1051	559
PB1|PP755595.1|A/cattle/Texas/24-008749-003/2024(H5N1)	1052	561
PB1|PP755595.1|A/cattle/Texas/24-008749-003/2024(H5N1)	1053	557
PB1|PP755595.1|A/cattle/Texas/24-008749-003/2024(H5N1)	1054	557
PB1|PP755595.1|A/cattle/Texas/24-008749-003/2024(H5N1)	1055	557
PB1|PP755595.1|A/cattle/Texas/24-008749-003/2024(H5N1)	1056	557
PB1|PP755595.1|A/cattle/Texas/24-008749-003/2024(H5N1)	1057	620
PB1|PP755595.1|A/cattle/Texas/24-008749-003/2024(H5N1)	1058	620
PB1|PP755595.1|A/cattle/Texas/24-008749-003/2024(H5N1)	1059	620
PB1|PP755595.1|A/cattle/Texas/24-008749-003/2024(H5N1)	1060	621
PB1|PP755595.1|A/cattle/Texas/24-008749-003/2024(H5N1)	1061	621
PB1|PP755595.1|A/cattle/Texas/24-008749-003/2024(H5N1)	1062	621
PB1|PP755595.1|A/cattle/Texas/24-008749-003/2024(H5N1)	1063	696
PB1|PP755595.1|A/cattle/Texas/24-008749-003/2024(H5N1)	1064	697
PB1|PP755595.1|A/cattle/Texas/24-008749-003/2024(H5N1)	1065	697
PB1|PP755595.1|A/cattle/Texas/24-008749-003/2024(H5N1)	1066	699
PB1|PP755595.1|A/cattle/Texas/24-008749-003/2024(H5N1)	1067	699
PB1|PP755595.1|A/cattle/Texas/24-008749-003/2024(H5N1)	1068	689
PB1|PP755595.1|A/cattle/Texas/24-008749-003/2024(H5N1)	1069	637
PB1|PP755595.1|A/cattle/Texas/24-008749-003/2024(H5N1)	1070	634
PB1|PP755595.1|A/cattle/Texas/24-008749-003/2024(H5N1)	1071	628
PB1|PP755595.1|A/cattle/Texas/24-008749-003/2024(H5N1)	1072	653
PB1|PP755595.1|A/cattle/Texas/24-008749-003/2024(H5N1)	1073	654
PB1|PP755595.1|A/cattle/Texas/24-008749-003/2024(H5N1)	1074	660
PB1|PP755595.1|A/cattle/Texas/24-008749-003/2024(H5N1)	1075	657
PB1|PP755595.1|A/cattle/Texas/24-008749-003/2024(H5N1)	1076	655
PB1|PP755595.1|A/cattle/Texas/24-008749-003/2024(H5N1)	1077	651
PB1|PP755595.1|A/cattle/Texas/24-008749-003/2024(H5N1)	1078	647
PB1|PP755595.1|A/cattle/Texas/24-008749-003/2024(H5N1)	1079	647
PB1|PP755595.1|A/cattle/Texas/24-008749-003/2024(H5N1)	1080	647
PB1|PP755595.1|A/cattle/Texas/24-008749-003/2024(H5N1)	1081	646
PB1|PP755595.1|A/cattle/Texas/24-008749-003/2024(H5N1)	1082	651
PB1|PP755595.1|A/cattle/Texas/24-008749-003/2024(H5N1)	1083	645
PB1|PP755595.1|A/cattle/Texas/24-008749-003/2024(H5N1)	1084	641
PB1|PP755595.1|A/cattle/Texas/24-008749-003/2024(H5N1)	1085	639
PB1|PP755595.1|A/cattle/Texas/24-008749-003/2024(H5N1)	1086	636
PB1|PP755595.1|A/cattle/Texas/24-008749-003/2024(H5N1)	1087	636
PB1|PP755595.1|A/cattle/Texas/24-008749-003/2024(H5N1)	1088	636
PB1|PP755595.1|A/cattle/Texas/24-008749-003/2024(H5N1)	1089	635
PB1|PP755595.1|A/cattle/Texas/24-008749-003/2024(H5N1)	1090	591
PB1|PP755595.1|A/cattle/Texas/24-008749-003/2024(H5N1)	1091	581
PB1|PP755595.1|A/cattle/Texas/24-008749-003/2024(H5N1)	1092	577
PB1|PP755595.1|A/cattle/Texas/24-008749-003/2024(H5N1)	1093	595
PB1|PP755595.1|A/cattle/Texas/24-008749-003/2024(H5N1)	1094	595
PB1|PP755595.1|A/cattle/Texas/24-008749-003/2024(H5N1)	1095	596
PB1|PP755595.1|A/cattle/Texas/24-008749-003/2024(H5N1)	1096	598
PB1|PP755595.1|A/cattle/Texas/24-008749-003/2024(H5N1)	1097	630
PB1|PP755595.1|A/cattle/Texas/24-008749-003/2024(H5N1)	1098	646
PB1|PP755595.1|A/cattle/Texas/24-008749-003/2024(H5N1)	1099	656
PB1|PP755595.1|A/cattle/Texas/24-008749-003/2024(H5N1)	1100	656
PB1|PP755595.1|A/cattle/Texas/24-008749-003/2024(H5N1)	1101	656
PB1|PP755595.1|A/cattle/Texas/24-008749-003/2024(H5N1)	1102	650
PB1|PP755595.1|A/cattle/Texas/24-008749-003/2024(H5N1)	1103	649
PB1|PP755595.1|A/cattle/Texas/24-008749-003/2024(H5N1)	1104	647
PB1|PP755595.1|A/cattle/Texas/24-008749-003/2024(H5N1)	1105	647
PB1|PP755595.1|A/cattle/Texas/24-008749-003/2024(H5N1)	1106	634
PB1|PP755595.1|A/cattle/Texas/24-008749-003/2024(H5N1)	1107	589
PB1|PP755595.1|A/cattle/Texas/24-008749-003/2024(H5N1)	1108	589
PB1|PP755595.1|A/cattle/Texas/24-008749-003/2024(H5N1)	1109	589
PB1|PP755595.1|A/cattle/Texas/24-008749-003/2024(H5N1)	1110	587
PB1|PP755595.1|A/cattle/Texas/24-008749-003/2024(H5N1)	1111	587
PB1|PP755595.1|A/cattle/Texas/24-008749-003/2024(H5N1)	1112	588
PB1|PP755595.1|A/cattle/Texas/24-008749-003/2024(H5N1)	1113	588
PB1|PP755595.1|A/cattle/Texas/24-008749-003/2024(H5N1)	1114	588
PB1|PP755595.1|A/cattle/Texas/24-008749-003/2024(H5N1)	1115	588
PB1|PP755595.1|A/cattle/Texas/24-008749-003/2024(H5N1)	1116	588
PB1|PP755595.1|A/cattle/Texas/24-008749-003/2024(H5N1)	1117	588
PB1|PP755595.1|A/cattle/Texas/24-008749-003/2024(H5N1)	1118	586
PB1|PP755595.1|A/cattle/Texas/24-008749-003/2024(H5N1)	1119	439
PB1|PP755595.1|A/cattle/Texas/24-008749-003/2024(H5N1)	1120	439
PB1|PP755595.1|A/cattle/Texas/24-008749-003/2024(H5N1)	1121	439
PB1|PP755595.1|A/cattle/Texas/24-008749-003/2024(H5N1)	1122	439
PB1|PP755595.1|A/cattle/Texas/24-008749-003/2024(H5N1)	1123	439
PB1|PP755595.1|A/cattle/Texas/24-008749-003/2024(H5N1)	1124	439
PB1|PP755595.1|A/cattle/Texas/24-008749-003/2024(H5N1)	1125	439
PB1|PP755595.1|A/cattle/Texas/24-008749-003/2024(H5N1)	1126	439
PB1|PP755595.1|A/cattle/Texas/24-008749-003/2024(H5N1)	1127	440
PB1|PP755595.1|A/cattle/Texas/24-008749-003/2024(H5N1)	1128	440
PB1|PP755595.1|A/cattle/Texas/24-008749-003/2024(H5N1)	1129	440
PB1|PP755595.1|A/cattle/Texas/24-008749-003/2024(H5N1)	1130	440
PB1|PP755595.1|A/cattle/Texas/24-008749-003/2024(H5N1)	1131	440
PB1|PP755595.1|A/cattle/Texas/24-008749-003/2024(H5N1)	1132	440
PB1|PP755595.1|A/cattle/Texas/24-008749-003/2024(H5N1)	1133	440
PB1|PP755595.1|A/cattle/Texas/24-008749-003/2024(H5N1)	1134	440
PB1|PP755595.1|A/cattle/Texas/24-008749-003/2024(H5N1)	1135	877
PB1|PP755595.1|A/cattle/Texas/24-008749-003/2024(H5N1)	1136	878
PB1|PP755595.1|A/cattle/Texas/24-008749-003/2024(H5N1)	1137	883
PB1|PP755595.1|A/cattle/Texas/24-008749-003/2024(H5N1)	1138	890
PB1|PP755595.1|A/cattle/Texas/24-008749-003/2024(H5N1)	1139	898
PB1|PP755595.1|A/cattle/Texas/24-008749-003/2024(H5N1)	1140	900
PB1|PP755595.1|A/cattle/Texas/24-008749-003/2024(H5N1)	1141	901
PB1|PP755595.1|A/cattle/Texas/24-008749-003/2024(H5N1)	1142	904
PB1|PP755595.1|A/cattle/Texas/24-008749-003/2024(H5N1)	1143	911
PB1|PP755595.1|A/cattle/Texas/24-008749-003/2024(H5N1)	1144	911
PB1|PP755595.1|A/cattle/Texas/24-008749-003/2024(H5N1)	1145	919
PB1|PP755595.1|A/cattle/Texas/24-008749-003/2024(H5N1)	1146	921
PB1|PP755595.1|A/cattle/Texas/24-008749-003/2024(H5N1)	1147	923
PB1|PP755595.1|A/cattle/Texas/24-008749-003/2024(H5N1)	1148	924
PB1|PP755595.1|A/cattle/Texas/24-008749-003/2024(H5N1)	1149	931
PB1|PP755595.1|A/cattle/Texas/24-008749-003/2024(H5N1)	1150	933
PB1|PP755595.1|A/cattle/Texas/24-008749-003/2024(H5N1)	1151	946
PB1|PP755595.1|A/cattle/Texas/24-008749-003/2024(H5N1)	1152	948
PB1|PP755595.1|A/cattle/Texas/24-008749-003/2024(H5N1)	1153	948
PB1|PP755595.1|A/cattle/Texas/24-008749-003/2024(H5N1)	1154	950
PB1|PP755595.1|A/cattle/Texas/24-008749-003/2024(H5N1)	1155	950
PB1|PP755595.1|A/cattle/Texas/24-008749-003/2024(H5N1)	1156	941
PB1|PP755595.1|A/cattle/Texas/24-008749-003/2024(H5N1)	1157	912
PB1|PP755595.1|A/cattle/Texas/24-008749-003/2024(H5N1)	1158	918
PB1|PP755595.1|A/cattle/Texas/24-008749-003/2024(H5N1)	1159	920
PB1|PP755595.1|A/cattle/Texas/24-008749-003/2024(H5N1)	1160	920
PB1|PP755595.1|A/cattle/Texas/24-008749-003/2024(H5N1)	1161	920
PB1|PP755595.1|A/cattle/Texas/24-008749-003/2024(H5N1)	1162	928
PB1|PP755595.1|A/cattle/Texas/24-008749-003/2024(H5N1)	1163	931
PB1|PP755595.1|A/cattle/Texas/24-008749-003/2024(H5N1)	1164	914
PB1|PP755595.1|A/cattle/Texas/24-008749-003/2024(H5N1)	1165	913
PB1|PP755595.1|A/cattle/Texas/24-008749-003/2024(H5N1)	1166	912
PB1|PP755595.1|A/cattle/Texas/24-008749-003/2024(H5N1)	1167	804
PB1|PP755595.1|A/cattle/Texas/24-008749-003/2024(H5N1)	1168	804
PB1|PP755595.1|A/cattle/Texas/24-008749-003/2024(H5N1)	1169	804
PB1|PP755595.1|A/cattle/Texas/24-008749-003/2024(H5N1)	1170	804
PB1|PP755595.1|A/cattle/Texas/24-008749-003/2024(H5N1)	1171	807
PB1|PP755595.1|A/cattle/Texas/24-008749-003/2024(H5N1)	1172	811
PB1|PP755595.1|A/cattle/Texas/24-008749-003/2024(H5N1)	1173	828
PB1|PP755595.1|A/cattle/Texas/24-008749-003/2024(H5N1)	1174	851
PB1|PP755595.1|A/cattle/Texas/24-008749-003/2024(H5N1)	1175	851
PB1|PP755595.1|A/cattle/Texas/24-008749-003/2024(H5N1)	1176	851
PB1|PP755595.1|A/cattle/Texas/24-008749-003/2024(H5N1)	1177	851
PB1|PP755595.1|A/cattle/Texas/24-008749-003/2024(H5N1)	1178	860
PB1|PP755595.1|A/cattle/Texas/24-008749-003/2024(H5N1)	1179	866
PB1|PP755595.1|A/cattle/Texas/24-008749-003/2024(H5N1)	1180	891
PB1|PP755595.1|A/cattle/Texas/24-008749-003/2024(H5N1)	1181	895
PB1|PP755595.1|A/cattle/Texas/24-008749-003/2024(H5N1)	1182	896
PB1|PP755595.1|A/cattle/Texas/24-008749-003/2024(H5N1)	1183	957
PB1|PP755595.1|A/cattle/Texas/24-008749-003/2024(H5N1)	1184	958
PB1|PP755595.1|A/cattle/Texas/24-008749-003/2024(H5N1)	1185	983
PB1|PP755595.1|A/cattle/Texas/24-008749-003/2024(H5N1)	1186	1005
PB1|PP755595.1|A/cattle/Texas/24-008749-003/2024(H5N1)	1187	1006
PB1|PP755595.1|A/cattle/Texas/24-008749-003/2024(H5N1)	1188	1015
PB1|PP755595.1|A/cattle/Texas/24-008749-003/2024(H5N1)	1189	1022
PB1|PP755595.1|A/cattle/Texas/24-008749-003/2024(H5N1)	1190	1022
PB1|PP755595.1|A/cattle/Texas/24-008749-003/2024(H5N1)	1191	1037
PB1|PP755595.1|A/cattle/Texas/24-008749-003/2024(H5N1)	1192	1037
PB1|PP755595.1|A/cattle/Texas/24-008749-003/2024(H5N1)	1193	1017
PB1|PP755595.1|A/cattle/Texas/24-008749-003/2024(H5N1)	1194	1014
PB1|PP755595.1|A/cattle/Texas/24-008749-003/2024(H5N1)	1195	1012
PB1|PP755595.1|A/cattle/Texas/24-008749-003/2024(H5N1)	1196	1014
PB1|PP755595.1|A/cattle/Texas/24-008749-003/2024(H5N1)	1197	984
PB1|PP755595.1|A/cattle/Texas/24-008749-003/2024(H5N1)	1198	984
PB1|PP755595.1|A/cattle/Texas/24-008749-003/2024(H5N1)	1199	985
PB1|PP755595.1|A/cattle/Texas/24-008749-003/2024(H5N1)	1200	985
PB1|PP755595.1|A/cattle/Texas/24-008749-003/2024(H5N1)	1201	1059
PB1|PP755595.1|A/cattle/Texas/24-008749-003/2024(H5N1)	1202	1063
PB1|PP755595.1|A/cattle/Texas/24-008749-003/2024(H5N1)	1203	1074
PB1|PP755595.1|A/cattle/Texas/24-008749-003/2024(H5N1)	1204	1077
PB1|PP755595.1|A/cattle/Texas/24-008749-003/2024(H5N1)	1205	1098
PB1|PP755595.1|A/cattle/Texas/24-008749-003/2024(H5N1)	1206	1103
PB1|PP755595.1|A/cattle/Texas/24-008749-003/2024(H5N1)	1207	1108
PB1|PP755595.1|A/cattle/Texas/24-008749-003/2024(H5N1)	1208	1107
PB1|PP755595.1|A/cattle/Texas/24-008749-003/2024(H5N1)	1209	1027
PB1|PP755595.1|A/cattle/Texas/24-008749-003/2024(H5N1)	1210	1027
PB1|PP755595.1|A/cattle/Texas/24-008749-003/2024(H5N1)	1211	1072
PB1|PP755595.1|A/cattle/Texas/24-008749-003/2024(H5N1)	1212	1075
PB1|PP755595.1|A/cattle/Texas/24-008749-003/2024(H5N1)	1213	1083
PB1|PP755595.1|A/cattle/Texas/24-008749-003/2024(H5N1)	1214	1087
PB1|PP755595.1|A/cattle/Texas/24-008749-003/2024(H5N1)	1215	1090
PB1|PP755595.1|A/cattle/Texas/24-008749-003/2024(H5N1)	1216	1095
PB1|PP755595.1|A/cattle/Texas/24-008749-003/2024(H5N1)	1217	1111
PB1|PP755595.1|A/cattle/Texas/24-008749-003/2024(H5N1)	1218	1114
PB1|PP755595.1|A/cattle/Texas/24-008749-003/2024(H5N1)	1219	1117
PB1|PP755595.1|A/cattle/Texas/24-008749-003/2024(H5N1)	1220	1105
PB1|PP755595.1|A/cattle/Texas/24-008749-003/2024(H5N1)	1221	1113
PB1|PP755595.1|A/cattle/Texas/24-008749-003/2024(H5N1)	1222	1119
PB1|PP755595.1|A/cattle/Texas/24-008749-003/2024(H5N1)	1223	1121
PB1|PP755595.1|A/cattle/Texas/24-008749-003/2024(H5N1)	1224	1121
PB1|PP755595.1|A/cattle/Texas/24-008749-003/2024(H5N1)	1225	1113
PB1|PP755595.1|A/cattle/Texas/24-008749-003/2024(H5N1)	1226	1111
PB1|PP755595.1|A/cattle/Texas/24-008749-003/2024(H5N1)	1227	1111
PB1|PP755595.1|A/cattle/Texas/24-008749-003/2024(H5N1)	1228	1118
PB1|PP755595.1|A/cattle/Texas/24-008749-003/2024(H5N1)	1229	1121
PB1|PP755595.1|A/cattle/Texas/24-008749-003/2024(H5N1)	1230	1116
PB1|PP755595.1|A/cattle/Texas/24-008749-003/2024(H5N1)	1231	1121
PB1|PP755595.1|A/cattle/Texas/24-008749-003/2024(H5N1)	1232	1124
PB1|PP755595.1|A/cattle/Texas/24-008749-003/2024(H5N1)	1233	1129
PB1|PP755595.1|A/cattle/Texas/24-008749-003/2024(H5N1)	1234	1130
PB1|PP755595.1|A/cattle/Texas/24-008749-003/2024(H5N1)	1235	1145
PB1|PP755595.1|A/cattle/Texas/24-008749-003/2024(H5N1)	1236	1149
PB1|PP755595.1|A/cattle/Texas/24-008749-003/2024(H5N1)	1237	1133
PB1|PP755595.1|A/cattle/Texas/24-008749-003/2024(H5N1)	1238	1126
PB1|PP755595.1|A/cattle/Texas/24-008749-003/2024(H5N1)	1239	1125
PB1|PP755595.1|A/cattle/Texas/24-008749-003/2024(H5N1)	1240	1124
PB1|PP755595.1|A/cattle/Texas/24-008749-003/2024(H5N1)	1241	1122
PB1|PP755595.1|A/cattle/Texas/24-008749-003/2024(H5N1)	1242	1124
PB1|PP755595.1|A/cattle/Texas/24-008749-003/2024(H5N1)	1243	1117
PB1|PP755595.1|A/cattle/Texas/24-008749-003/2024(H5N1)	1244	1097
PB1|PP755595.1|A/cattle/Texas/24-008749-003/2024(H5N1)	1245	1096
PB1|PP755595.1|A/cattle/Texas/24-008749-003/2024(H5N1)	1246	1094
PB1|PP755595.1|A/cattle/Texas/24-008749-003/2024(H5N1)	1247	1093
PB1|PP755595.1|A/cattle/Texas/24-008749-003/2024(H5N1)	1248	1059
PB1|PP755595.1|A/cattle/Texas/24-008749-003/2024(H5N1)	1249	1044
PB1|PP755595.1|A/cattle/Texas/24-008749-003/2024(H5N1)	1250	1036
PB1|PP755595.1|A/cattle/Texas/24-008749-003/2024(H5N1)	1251	1009
PB1|PP755595.1|A/cattle/Texas/24-008749-003/2024(H5N1)	1252	1009
PB1|PP755595.1|A/cattle/Texas/24-008749-003/2024(H5N1)	1253	1009
PB1|PP755595.1|A/cattle/Texas/24-008749-003/2024(H5N1)	1254	739
PB1|PP755595.1|A/cattle/Texas/24-008749-003/2024(H5N1)	1255	739
PB1|PP755595.1|A/cattle/Texas/24-008749-003/2024(H5N1)	1256	772
PB1|PP755595.1|A/cattle/Texas/24-008749-003/2024(H5N1)	1257	774
PB1|PP755595.1|A/cattle/Texas/24-008749-003/2024(H5N1)	1258	1068
PB1|PP755595.1|A/cattle/Texas/24-008749-003/2024(H5N1)	1259	1070
PB1|PP755595.1|A/cattle/Texas/24-008749-003/2024(H5N1)	1260	1070
PB1|PP755595.1|A/cattle/Texas/24-008749-003/2024(H5N1)	1261	1073
PB1|PP755595.1|A/cattle/Texas/24-008749-003/2024(H5N1)	1262	1076
PB1|PP755595.1|A/cattle/Texas/24-008749-003/2024(H5N1)	1263	1076
PB1|PP755595.1|A/cattle/Texas/24-008749-003/2024(H5N1)	1264	1094
PB1|PP755595.1|A/cattle/Texas/24-008749-003/2024(H5N1)	1265	1091
PB1|PP755595.1|A/cattle/Texas/24-008749-003/2024(H5N1)	1266	1091
PB1|PP755595.1|A/cattle/Texas/24-008749-003/2024(H5N1)	1267	1093
PB1|PP755595.1|A/cattle/Texas/24-008749-003/2024(H5N1)	1268	1097
PB1|PP755595.1|A/cattle/Texas/24-008749-003/2024(H5N1)	1269	1101
PB1|PP755595.1|A/cattle/Texas/24-008749-003/2024(H5N1)	1270	1110
PB1|PP755595.1|A/cattle/Texas/24-008749-003/2024(H5N1)	1271	1110
PB1|PP755595.1|A/cattle/Texas/24-008749-003/2024(H5N1)	1272	1115
PB1|PP755595.1|A/cattle/Texas/24-008749-003/2024(H5N1)	1273	1116
PB1|PP755595.1|A/cattle/Texas/24-008749-003/2024(H5N1)	1274	1126
PB1|PP755595.1|A/cattle/Texas/24-008749-003/2024(H5N1)	1275	1125
PB1|PP755595.1|A/cattle/Texas/24-008749-003/2024(H5N1)	1276	1099
PB1|PP755595.1|A/cattle/Texas/24-008749-003/2024(H5N1)	1277	1093
PB1|PP755595.1|A/cattle/Texas/24-008749-003/2024(H5N1)	1278	1083
PB1|PP755595.1|A/cattle/Texas/24-008749-003/2024(H5N1)	1279	1087
PB1|PP755595.1|A/cattle/Texas/24-008749-003/2024(H5N1)	1280	1114
PB1|PP755595.1|A/cattle/Texas/24-008749-003/2024(H5N1)	1281	1105
PB1|PP755595.1|A/cattle/Texas/24-008749-003/2024(H5N1)	1282	1099
PB1|PP755595.1|A/cattle/Texas/24-008749-003/2024(H5N1)	1283	1101
PB1|PP755595.1|A/cattle/Texas/24-008749-003/2024(H5N1)	1284	1105
PB1|PP755595.1|A/cattle/Texas/24-008749-003/2024(H5N1)	1285	1106
PB1|PP755595.1|A/cattle/Texas/24-008749-003/2024(H5N1)	1286	1104
PB1|PP755595.1|A/cattle/Texas/24-008749-003/2024(H5N1)	1287	1112
PB1|PP755595.1|A/cattle/Texas/24-008749-003/2024(H5N1)	1288	1110
PB1|PP755595.1|A/cattle/Texas/24-008749-003/2024(H5N1)	1289	1103
PB1|PP755595.1|A/cattle/Texas/24-008749-003/2024(H5N1)	1290	1099
PB1|PP755595.1|A/cattle/Texas/24-008749-003/2024(H5N1)	1291	1098
PB1|PP755595.1|A/cattle/Texas/24-008749-003/2024(H5N1)	1292	1098
PB1|PP755595.1|A/cattle/Texas/24-008749-003/2024(H5N1)	1293	1104
PB1|PP755595.1|A/cattle/Texas/24-008749-003/2024(H5N1)	1294	1102
PB1|PP755595.1|A/cattle/Texas/24-008749-003/2024(H5N1)	1295	1105
PB1|PP755595.1|A/cattle/Texas/24-008749-003/2024(H5N1)	1296	1097
PB1|PP755595.1|A/cattle/Texas/24-008749-003/2024(H5N1)	1297	1095
PB1|PP755595.1|A/cattle/Texas/24-008749-003/2024(H5N1)	1298	1094
PB1|PP755595.1|A/cattle/Texas/24-008749-003/2024(H5N1)	1299	1093
PB1|PP755595.1|A/cattle/Texas/24-008749-003/2024(H5N1)	1300	1110
PB1|PP755595.1|A/cattle/Texas/24-008749-003/2024(H5N1)	1301	1150
PB1|PP755595.1|A/cattle/Texas/24-008749-003/2024(H5N1)	1302	1135
PB1|PP755595.1|A/cattle/Texas/24-008749-003/2024(H5N1)	1303	1136
PB1|PP755595.1|A/cattle/Texas/24-008749-003/2024(H5N1)	1304	1135
PB1|PP755595.1|A/cattle/Texas/24-008749-003/2024(H5N1)	1305	1146
PB1|PP755595.1|A/cattle/Texas/24-008749-003/2024(H5N1)	1306	1161
PB1|PP755595.1|A/cattle/Texas/24-008749-003/2024(H5N1)	1307	1160
PB1|PP755595.1|A/cattle/Texas/24-008749-003/2024(H5N1)	1308	1173
PB1|PP755595.1|A/cattle/Texas/24-008749-003/2024(H5N1)	1309	1142
PB1|PP755595.1|A/cattle/Texas/24-008749-003/2024(H5N1)	1310	1152
PB1|PP755595.1|A/cattle/Texas/24-008749-003/2024(H5N1)	1311	1153
PB1|PP755595.1|A/cattle/Texas/24-008749-003/2024(H5N1)	1312	1153
PB1|PP755595.1|A/cattle/Texas/24-008749-003/2024(H5N1)	1313	1158
PB1|PP755595.1|A/cattle/Texas/24-008749-003/2024(H5N1)	1314	1152
PB1|PP755595.1|A/cattle/Texas/24-008749-003/2024(H5N1)	1315	1153
PB1|PP755595.1|A/cattle/Texas/24-008749-003/2024(H5N1)	1316	1161
PB1|PP755595.1|A/cattle/Texas/24-008749-003/2024(H5N1)	1317	1154
PB1|PP755595.1|A/cattle/Texas/24-008749-003/2024(H5N1)	1318	1156
PB1|PP755595.1|A/cattle/Texas/24-008749-003/2024(H5N1)	1319	1138
PB1|PP755595.1|A/cattle/Texas/24-008749-003/2024(H5N1)	1320	1140
PB1|PP755595.1|A/cattle/Texas/24-008749-003/2024(H5N1)	1321	1186
PB1|PP755595.1|A/cattle/Texas/24-008749-003/2024(H5N1)	1322	1182
PB1|PP755595.1|A/cattle/Texas/24-008749-003/2024(H5N1)	1323	1166
PB1|PP755595.1|A/cattle/Texas/24-008749-003/2024(H5N1)	1324	1166
PB1|PP755595.1|A/cattle/Texas/24-008749-003/2024(H5N1)	1325	1164
PB1|PP755595.1|A/cattle/Texas/24-008749-003/2024(H5N1)	1326	1168
PB1|PP755595.1|A/cattle/Texas/24-008749-003/2024(H5N1)	1327	1168
PB1|PP755595.1|A/cattle/Texas/24-008749-003/2024(H5N1)	1328	1158
PB1|PP755595.1|A/cattle/Texas/24-008749-003/2024(H5N1)	1329	1151
PB1|PP755595.1|A/cattle/Texas/24-008749-003/2024(H5N1)	1330	1127
PB1|PP755595.1|A/cattle/Texas/24-008749-003/2024(H5N1)	1331	1077
PB1|PP755595.1|A/cattle/Texas/24-008749-003/2024(H5N1)	1332	1074
PB1|PP755595.1|A/cattle/Texas/24-008749-003/2024(H5N1)	1333	1072
PB1|PP755595.1|A/cattle/Texas/24-008749-003/2024(H5N1)	1334	1072
PB1|PP755595.1|A/cattle/Texas/24-008749-003/2024(H5N1)	1335	1071
PB1|PP755595.1|A/cattle/Texas/24-008749-003/2024(H5N1)	1336	1052
PB1|PP755595.1|A/cattle/Texas/24-008749-003/2024(H5N1)	1337	1033
PB1|PP755595.1|A/cattle/Texas/24-008749-003/2024(H5N1)	1338	836
PB1|PP755595.1|A/cattle/Texas/24-008749-003/2024(H5N1)	1339	830
PB1|PP755595.1|A/cattle/Texas/24-008749-003/2024(H5N1)	1340	823
PB1|PP755595.1|A/cattle/Texas/24-008749-003/2024(H5N1)	1341	814
PB1|PP755595.1|A/cattle/Texas/24-008749-003/2024(H5N1)	1342	814
PB1|PP755595.1|A/cattle/Texas/24-008749-003/2024(H5N1)	1343	814
PB1|PP755595.1|A/cattle/Texas/24-008749-003/2024(H5N1)	1344	813
PB1|PP755595.1|A/cattle/Texas/24-008749-003/2024(H5N1)	1345	818
PB1|PP755595.1|A/cattle/Texas/24-008749-003/2024(H5N1)	1346	818
PB1|PP755595.1|A/cattle/Texas/24-008749-003/2024(H5N1)	1347	845
PB1|PP755595.1|A/cattle/Texas/24-008749-003/2024(H5N1)	1348	845
PB1|PP755595.1|A/cattle/Texas/24-008749-003/2024(H5N1)	1349	845
PB1|PP755595.1|A/cattle/Texas/24-008749-003/2024(H5N1)	1350	845
PB1|PP755595.1|A/cattle/Texas/24-008749-003/2024(H5N1)	1351	861
PB1|PP755595.1|A/cattle/Texas/24-008749-003/2024(H5N1)	1352	899
PB1|PP755595.1|A/cattle/Texas/24-008749-003/2024(H5N1)	1353	899
PB1|PP755595.1|A/cattle/Texas/24-008749-003/2024(H5N1)	1354	904
PB1|PP755595.1|A/cattle/Texas/24-008749-003/2024(H5N1)	1355	907
PB1|PP755595.1|A/cattle/Texas/24-008749-003/2024(H5N1)	1356	909
PB1|PP755595.1|A/cattle/Texas/24-008749-003/2024(H5N1)	1357	911
PB1|PP755595.1|A/cattle/Texas/24-008749-003/2024(H5N1)	1358	912
PB1|PP755595.1|A/cattle/Texas/24-008749-003/2024(H5N1)	1359	911
PB1|PP755595.1|A/cattle/Texas/24-008749-003/2024(H5N1)	1360	911
PB1|PP755595.1|A/cattle/Texas/24-008749-003/2024(H5N1)	1361	910
PB1|PP755595.1|A/cattle/Texas/24-008749-003/2024(H5N1)	1362	910
PB1|PP755595.1|A/cattle/Texas/24-008749-003/2024(H5N1)	1363	996
PB1|PP755595.1|A/cattle/Texas/24-008749-003/2024(H5N1)	1364	1000
PB1|PP755595.1|A/cattle/Texas/24-008749-003/2024(H5N1)	1365	1005
PB1|PP755595.1|A/cattle/Texas/24-008749-003/2024(H5N1)	1366	1006
PB1|PP755595.1|A/cattle/Texas/24-008749-003/2024(H5N1)	1367	1006
PB1|PP755595.1|A/cattle/Texas/24-008749-003/2024(H5N1)	1368	1008
PB1|PP755595.1|A/cattle/Texas/24-008749-003/2024(H5N1)	1369	1008
PB1|PP755595.1|A/cattle/Texas/24-008749-003/2024(H5N1)	1370	1009
PB1|PP755595.1|A/cattle/Texas/24-008749-003/2024(H5N1)	1371	1015
PB1|PP755595.1|A/cattle/Texas/24-008749-003/2024(H5N1)	1372	1044
PB1|PP755595.1|A/cattle/Texas/24-008749-003/2024(H5N1)	1373	1054
PB1|PP755595.1|A/cattle/Texas/24-008749-003/2024(H5N1)	1374	1057
PB1|PP755595.1|A/cattle/Texas/24-008749-003/2024(H5N1)	1375	1106
PB1|PP755595.1|A/cattle/Texas/24-008749-003/2024(H5N1)	1376	1107
PB1|PP755595.1|A/cattle/Texas/24-008749-003/2024(H5N1)	1377	1106
PB1|PP755595.1|A/cattle/Texas/24-008749-003/2024(H5N1)	1378	1100
PB1|PP755595.1|A/cattle/Texas/24-008749-003/2024(H5N1)	1379	1123
PB1|PP755595.1|A/cattle/Texas/24-008749-003/2024(H5N1)	1380	1122
PB1|PP755595.1|A/cattle/Texas/24-008749-003/2024(H5N1)	1381	1124
PB1|PP755595.1|A/cattle/Texas/24-008749-003/2024(H5N1)	1382	1128
PB1|PP755595.1|A/cattle/Texas/24-008749-003/2024(H5N1)	1383	1125
PB1|PP755595.1|A/cattle/Texas/24-008749-003/2024(H5N1)	1384	1135
PB1|PP755595.1|A/cattle/Texas/24-008749-003/2024(H5N1)	1385	1137
PB1|PP755595.1|A/cattle/Texas/24-008749-003/2024(H5N1)	1386	1121
PB1|PP755595.1|A/cattle/Texas/24-008749-003/2024(H5N1)	1387	1119
PB1|PP755595.1|A/cattle/Texas/24-008749-003/2024(H5N1)	1388	1111
PB1|PP755595.1|A/cattle/Texas/24-008749-003/2024(H5N1)	1389	981
PB1|PP755595.1|A/cattle/Texas/24-008749-003/2024(H5N1)	1390	993
PB1|PP755595.1|A/cattle/Texas/24-008749-003/2024(H5N1)	1391	986
PB1|PP755595.1|A/cattle/Texas/24-008749-003/2024(H5N1)	1392	986
PB1|PP755595.1|A/cattle/Texas/24-008749-003/2024(H5N1)	1393	992
PB1|PP755595.1|A/cattle/Texas/24-008749-003/2024(H5N1)	1394	1007
PB1|PP755595.1|A/cattle/Texas/24-008749-003/2024(H5N1)	1395	1139
PB1|PP755595.1|A/cattle/Texas/24-008749-003/2024(H5N1)	1396	1213
PB1|PP755595.1|A/cattle/Texas/24-008749-003/2024(H5N1)	1397	1214
PB1|PP755595.1|A/cattle/Texas/24-008749-003/2024(H5N1)	1398	1298
PB1|PP755595.1|A/cattle/Texas/24-008749-003/2024(H5N1)	1399	1300
PB1|PP755595.1|A/cattle/Texas/24-008749-003/2024(H5N1)	1400	1300
PB1|PP755595.1|A/cattle/Texas/24-008749-003/2024(H5N1)	1401	1288
PB1|PP755595.1|A/cattle/Texas/24-008749-003/2024(H5N1)	1402	1285
PB1|PP755595.1|A/cattle/Texas/24-008749-003/2024(H5N1)	1403	1186
PB1|PP755595.1|A/cattle/Texas/24-008749-003/2024(H5N1)	1404	1119
PB1|PP755595.1|A/cattle/Texas/24-008749-003/2024(H5N1)	1405	1124
PB1|PP755595.1|A/cattle/Texas/24-008749-003/2024(H5N1)	1406	1169
PB1|PP755595.1|A/cattle/Texas/24-008749-003/2024(H5N1)	1407	1131
PB1|PP755595.1|A/cattle/Texas/24-008749-003/2024(H5N1)	1408	1130
PB1|PP755595.1|A/cattle/Texas/24-008749-003/2024(H5N1)	1409	1137
PB1|PP755595.1|A/cattle/Texas/24-008749-003/2024(H5N1)	1410	1147
PB1|PP755595.1|A/cattle/Texas/24-008749-003/2024(H5N1)	1411	1147
PB1|PP755595.1|A/cattle/Texas/24-008749-003/2024(H5N1)	1412	1145
PB1|PP755595.1|A/cattle/Texas/24-008749-003/2024(H5N1)	1413	1142
PB1|PP755595.1|A/cattle/Texas/24-008749-003/2024(H5N1)	1414	1146
PB1|PP755595.1|A/cattle/Texas/24-008749-003/2024(H5N1)	1415	1126
PB1|PP755595.1|A/cattle/Texas/24-008749-003/2024(H5N1)	1416	1130
PB1|PP755595.1|A/cattle/Texas/24-008749-003/2024(H5N1)	1417	1135
PB1|PP755595.1|A/cattle/Texas/24-008749-003/2024(H5N1)	1418	1135
PB1|PP755595.1|A/cattle/Texas/24-008749-003/2024(H5N1)	1419	1127
PB1|PP755595.1|A/cattle/Texas/24-008749-003/2024(H5N1)	1420	1127
PB1|PP755595.1|A/cattle/Texas/24-008749-003/2024(H5N1)	1421	1188
PB1|PP755595.1|A/cattle/Texas/24-008749-003/2024(H5N1)	1422	1188
PB1|PP755595.1|A/cattle/Texas/24-008749-003/2024(H5N1)	1423	1239
PB1|PP755595.1|A/cattle/Texas/24-008749-003/2024(H5N1)	1424	1245
PB1|PP755595.1|A/cattle/Texas/24-008749-003/2024(H5N1)	1425	1244
PB1|PP755595.1|A/cattle/Texas/24-008749-003/2024(H5N1)	1426	1243
PB1|PP755595.1|A/cattle/Texas/24-008749-003/2024(H5N1)	1427	1253
PB1|PP755595.1|A/cattle/Texas/24-008749-003/2024(H5N1)	1428	1254
PB1|PP755595.1|A/cattle/Texas/24-008749-003/2024(H5N1)	1429	1272
PB1|PP755595.1|A/cattle/Texas/24-008749-003/2024(H5N1)	1430	1238
PB1|PP755595.1|A/cattle/Texas/24-008749-003/2024(H5N1)	1431	1237
PB1|PP755595.1|A/cattle/Texas/24-008749-003/2024(H5N1)	1432	1238
PB1|PP755595.1|A/cattle/Texas/24-008749-003/2024(H5N1)	1433	1245
PB1|PP755595.1|A/cattle/Texas/24-008749-003/2024(H5N1)	1434	1243
PB1|PP755595.1|A/cattle/Texas/24-008749-003/2024(H5N1)	1435	1267
PB1|PP755595.1|A/cattle/Texas/24-008749-003/2024(H5N1)	1436	1268
PB1|PP755595.1|A/cattle/Texas/24-008749-003/2024(H5N1)	1437	1274
PB1|PP755595.1|A/cattle/Texas/24-008749-003/2024(H5N1)	1438	1274
PB1|PP755595.1|A/cattle/Texas/24-008749-003/2024(H5N1)	1439	1273
PB1|PP755595.1|A/cattle/Texas/24-008749-003/2024(H5N1)	1440	1275
PB1|PP755595.1|A/cattle/Texas/24-008749-003/2024(H5N1)	1441	1285
PB1|PP755595.1|A/cattle/Texas/24-008749-003/2024(H5N1)	1442	1288
PB1|PP755595.1|A/cattle/Texas/24-008749-003/2024(H5N1)	1443	1329
PB1|PP755595.1|A/cattle/Texas/24-008749-003/2024(H5N1)	1444	1348
PB1|PP755595.1|A/cattle/Texas/24-008749-003/2024(H5N1)	1445	1345
PB1|PP755595.1|A/cattle/Texas/24-008749-003/2024(H5N1)	1446	1357
PB1|PP755595.1|A/cattle/Texas/24-008749-003/2024(H5N1)	1447	1365
PB1|PP755595.1|A/cattle/Texas/24-008749-003/2024(H5N1)	1448	1382
PB1|PP755595.1|A/cattle/Texas/24-008749-003/2024(H5N1)	1449	1380
PB1|PP755595.1|A/cattle/Texas/24-008749-003/2024(H5N1)	1450	1380
PB1|PP755595.1|A/cattle/Texas/24-008749-003/2024(H5N1)	1451	1374
PB1|PP755595.1|A/cattle/Texas/24-008749-003/2024(H5N1)	1452	1330
PB1|PP755595.1|A/cattle/Texas/24-008749-003/2024(H5N1)	1453	1334
PB1|PP755595.1|A/cattle/Texas/24-008749-003/2024(H5N1)	1454	1335
PB1|PP755595.1|A/cattle/Texas/24-008749-003/2024(H5N1)	1455	1337
PB1|PP755595.1|A/cattle/Texas/24-008749-003/2024(H5N1)	1456	1325
PB1|PP755595.1|A/cattle/Texas/24-008749-003/2024(H5N1)	1457	1320
PB1|PP755595.1|A/cattle/Texas/24-008749-003/2024(H5N1)	1458	1328
PB1|PP755595.1|A/cattle/Texas/24-008749-003/2024(H5N1)	1459	1322
PB1|PP755595.1|A/cattle/Texas/24-008749-003/2024(H5N1)	1460	1320
PB1|PP755595.1|A/cattle/Texas/24-008749-003/2024(H5N1)	1461	1320
PB1|PP755595.1|A/cattle/Texas/24-008749-003/2024(H5N1)	1462	1324
PB1|PP755595.1|A/cattle/Texas/24-008749-003/2024(H5N1)	1463	1339
PB1|PP755595.1|A/cattle/Texas/24-008749-003/2024(H5N1)	1464	1335
PB1|PP755595.1|A/cattle/Texas/24-008749-003/2024(H5N1)	1465	1356
PB1|PP755595.1|A/cattle/Texas/24-008749-003/2024(H5N1)	1466	1363
PB1|PP755595.1|A/cattle/Texas/24-008749-003/2024(H5N1)	1467	1357
PB1|PP755595.1|A/cattle/Texas/24-008749-003/2024(H5N1)	1468	1361
PB1|PP755595.1|A/cattle/Texas/24-008749-003/2024(H5N1)	1469	1357
PB1|PP755595.1|A/cattle/Texas/24-008749-003/2024(H5N1)	1470	1357
PB1|PP755595.1|A/cattle/Texas/24-008749-003/2024(H5N1)	1471	1354
PB1|PP755595.1|A/cattle/Texas/24-008749-003/2024(H5N1)	1472	1312
PB1|PP755595.1|A/cattle/Texas/24-008749-003/2024(H5N1)	1473	1315
PB1|PP755595.1|A/cattle/Texas/24-008749-003/2024(H5N1)	1474	1340
PB1|PP755595.1|A/cattle/Texas/24-008749-003/2024(H5N1)	1475	1340
PB1|PP755595.1|A/cattle/Texas/24-008749-003/2024(H5N1)	1476	1347
PB1|PP755595.1|A/cattle/Texas/24-008749-003/2024(H5N1)	1477	1346
PB1|PP755595.1|A/cattle/Texas/24-008749-003/2024(H5N1)	1478	1371
PB1|PP755595.1|A/cattle/Texas/24-008749-003/2024(H5N1)	1479	1371
PB1|PP755595.1|A/cattle/Texas/24-008749-003/2024(H5N1)	1480	1385
PB1|PP755595.1|A/cattle/Texas/24-008749-003/2024(H5N1)	1481	1381
PB1|PP755595.1|A/cattle/Texas/24-008749-003/2024(H5N1)	1482	1395
PB1|PP755595.1|A/cattle/Texas/24-008749-003/2024(H5N1)	1483	1406
PB1|PP755595.1|A/cattle/Texas/24-008749-003/2024(H5N1)	1484	1400
PB1|PP755595.1|A/cattle/Texas/24-008749-003/2024(H5N1)	1485	1398
PB1|PP755595.1|A/cattle/Texas/24-008749-003/2024(H5N1)	1486	1413
PB1|PP755595.1|A/cattle/Texas/24-008749-003/2024(H5N1)	1487	1407
PB1|PP755595.1|A/cattle/Texas/24-008749-003/2024(H5N1)	1488	1418
PB1|PP755595.1|A/cattle/Texas/24-008749-003/2024(H5N1)	1489	1413
PB1|PP755595.1|A/cattle/Texas/24-008749-003/2024(H5N1)	1490	1412
PB1|PP755595.1|A/cattle/Texas/24-008749-003/2024(H5N1)	1491	1416
PB1|PP755595.1|A/cattle/Texas/24-008749-003/2024(H5N1)	1492	1464
PB1|PP755595.1|A/cattle/Texas/24-008749-003/2024(H5N1)	1493	1465
PB1|PP755595.1|A/cattle/Texas/24-008749-003/2024(H5N1)	1494	1477
PB1|PP755595.1|A/cattle/Texas/24-008749-003/2024(H5N1)	1495	1474
PB1|PP755595.1|A/cattle/Texas/24-008749-003/2024(H5N1)	1496	1476
PB1|PP755595.1|A/cattle/Texas/24-008749-003/2024(H5N1)	1497	1477
PB1|PP755595.1|A/cattle/Texas/24-008749-003/2024(H5N1)	1498	1450
PB1|PP755595.1|A/cattle/Texas/24-008749-003/2024(H5N1)	1499	1450
PB1|PP755595.1|A/cattle/Texas/24-008749-003/2024(H5N1)	1500	1443
PB1|PP755595.1|A/cattle/Texas/24-008749-003/2024(H5N1)	1501	1420
PB1|PP755595.1|A/cattle/Texas/24-008749-003/2024(H5N1)	1502	1405
PB1|PP755595.1|A/cattle/Texas/24-008749-003/2024(H5N1)	1503	1390
PB1|PP755595.1|A/cattle/Texas/24-008749-003/2024(H5N1)	1504	1389
PB1|PP755595.1|A/cattle/Texas/24-008749-003/2024(H5N1)	1505	1384
PB1|PP755595.1|A/cattle/Texas/24-008749-003/2024(H5N1)	1506	1252
PB1|PP755595.1|A/cattle/Texas/24-008749-003/2024(H5N1)	1507	1253
PB1|PP755595.1|A/cattle/Texas/24-008749-003/2024(H5N1)	1508	1241
PB1|PP755595.1|A/cattle/Texas/24-008749-003/2024(H5N1)	1509	1237
PB1|PP755595.1|A/cattle/Texas/24-008749-003/2024(H5N1)	1510	1242
PB1|PP755595.1|A/cattle/Texas/24-008749-003/2024(H5N1)	1511	1242
PB1|PP755595.1|A/cattle/Texas/24-008749-003/2024(H5N1)	1512	1296
PB1|PP755595.1|A/cattle/Texas/24-008749-003/2024(H5N1)	1513	1382
PB1|PP755595.1|A/cattle/Texas/24-008749-003/2024(H5N1)	1514	1394
PB1|PP755595.1|A/cattle/Texas/24-008749-003/2024(H5N1)	1515	1395
PB1|PP755595.1|A/cattle/Texas/24-008749-003/2024(H5N1)	1516	1395
PB1|PP755595.1|A/cattle/Texas/24-008749-003/2024(H5N1)	1517	1457
PB1|PP755595.1|A/cattle/Texas/24-008749-003/2024(H5N1)	1518	1493
PB1|PP755595.1|A/cattle/Texas/24-008749-003/2024(H5N1)	1519	1500
PB1|PP755595.1|A/cattle/Texas/24-008749-003/2024(H5N1)	1520	1501
PB1|PP755595.1|A/cattle/Texas/24-008749-003/2024(H5N1)	1521	1503
PB1|PP755595.1|A/cattle/Texas/24-008749-003/2024(H5N1)	1522	1529
PB1|PP755595.1|A/cattle/Texas/24-008749-003/2024(H5N1)	1523	1520
PB1|PP755595.1|A/cattle/Texas/24-008749-003/2024(H5N1)	1524	1510
PB1|PP755595.1|A/cattle/Texas/24-008749-003/2024(H5N1)	1525	1560
PB1|PP755595.1|A/cattle/Texas/24-008749-003/2024(H5N1)	1526	1563
PB1|PP755595.1|A/cattle/Texas/24-008749-003/2024(H5N1)	1527	1576
PB1|PP755595.1|A/cattle/Texas/24-008749-003/2024(H5N1)	1528	1605
PB1|PP755595.1|A/cattle/Texas/24-008749-003/2024(H5N1)	1529	1602
PB1|PP755595.1|A/cattle/Texas/24-008749-003/2024(H5N1)	1530	1600
PB1|PP755595.1|A/cattle/Texas/24-008749-003/2024(H5N1)	1531	1586
PB1|PP755595.1|A/cattle/Texas/24-008749-003/2024(H5N1)	1532	1639
PB1|PP755595.1|A/cattle/Texas/24-008749-003/2024(H5N1)	1533	1619
PB1|PP755595.1|A/cattle/Texas/24-008749-003/2024(H5N1)	1534	1617
PB1|PP755595.1|A/cattle/Texas/24-008749-003/2024(H5N1)	1535	1617
PB1|PP755595.1|A/cattle/Texas/24-008749-003/2024(H5N1)	1536	1612
PB1|PP755595.1|A/cattle/Texas/24-008749-003/2024(H5N1)	1537	1610
PB1|PP755595.1|A/cattle/Texas/24-008749-003/2024(H5N1)	1538	1603
PB1|PP755595.1|A/cattle/Texas/24-008749-003/2024(H5N1)	1539	1621
PB1|PP755595.1|A/cattle/Texas/24-008749-003/2024(H5N1)	1540	1603
PB1|PP755595.1|A/cattle/Texas/24-008749-003/2024(H5N1)	1541	1593
PB1|PP755595.1|A/cattle/Texas/24-008749-003/2024(H5N1)	1542	1596
PB1|PP755595.1|A/cattle/Texas/24-008749-003/2024(H5N1)	1543	1598
PB1|PP755595.1|A/cattle/Texas/24-008749-003/2024(H5N1)	1544	1466
PB1|PP755595.1|A/cattle/Texas/24-008749-003/2024(H5N1)	1545	1459
PB1|PP755595.1|A/cattle/Texas/24-008749-003/2024(H5N1)	1546	1460
PB1|PP755595.1|A/cattle/Texas/24-008749-003/2024(H5N1)	1547	1467
PB1|PP755595.1|A/cattle/Texas/24-008749-003/2024(H5N1)	1548	1467
PB1|PP755595.1|A/cattle/Texas/24-008749-003/2024(H5N1)	1549	1410
PB1|PP755595.1|A/cattle/Texas/24-008749-003/2024(H5N1)	1550	1408
PB1|PP755595.1|A/cattle/Texas/24-008749-003/2024(H5N1)	1551	1425
PB1|PP755595.1|A/cattle/Texas/24-008749-003/2024(H5N1)	1552	1418
PB1|PP755595.1|A/cattle/Texas/24-008749-003/2024(H5N1)	1553	1422
PB1|PP755595.1|A/cattle/Texas/24-008749-003/2024(H5N1)	1554	1420
PB1|PP755595.1|A/cattle/Texas/24-008749-003/2024(H5N1)	1555	1421
PB1|PP755595.1|A/cattle/Texas/24-008749-003/2024(H5N1)	1556	1423
PB1|PP755595.1|A/cattle/Texas/24-008749-003/2024(H5N1)	1557	1384
PB1|PP755595.1|A/cattle/Texas/24-008749-003/2024(H5N1)	1558	1384
PB1|PP755595.1|A/cattle/Texas/24-008749-003/2024(H5N1)	1559	1371
PB1|PP755595.1|A/cattle/Texas/24-008749-003/2024(H5N1)	1560	1354
PB1|PP755595.1|A/cattle/Texas/24-008749-003/2024(H5N1)	1561	1373
PB1|PP755595.1|A/cattle/Texas/24-008749-003/2024(H5N1)	1562	1371
PB1|PP755595.1|A/cattle/Texas/24-008749-003/2024(H5N1)	1563	1378
PB1|PP755595.1|A/cattle/Texas/24-008749-003/2024(H5N1)	1564	1434
PB1|PP755595.1|A/cattle/Texas/24-008749-003/2024(H5N1)	1565	1435
PB1|PP755595.1|A/cattle/Texas/24-008749-003/2024(H5N1)	1566	1436
PB1|PP755595.1|A/cattle/Texas/24-008749-003/2024(H5N1)	1567	1442
PB1|PP755595.1|A/cattle/Texas/24-008749-003/2024(H5N1)	1568	1431
PB1|PP755595.1|A/cattle/Texas/24-008749-003/2024(H5N1)	1569	1436
PB1|PP755595.1|A/cattle/Texas/24-008749-003/2024(H5N1)	1570	1426
PB1|PP755595.1|A/cattle/Texas/24-008749-003/2024(H5N1)	1571	1452
PB1|PP755595.1|A/cattle/Texas/24-008749-003/2024(H5N1)	1572	1405
PB1|PP755595.1|A/cattle/Texas/24-008749-003/2024(H5N1)	1573	1391
PB1|PP755595.1|A/cattle/Texas/24-008749-003/2024(H5N1)	1574	1386
PB1|PP755595.1|A/cattle/Texas/24-008749-003/2024(H5N1)	1575	1380
PB1|PP755595.1|A/cattle/Texas/24-008749-003/2024(H5N1)	1576	1375
PB1|PP755595.1|A/cattle/Texas/24-008749-003/2024(H5N1)	1577	1375
PB1|PP755595.1|A/cattle/Texas/24-008749-003/2024(H5N1)	1578	1355
PB1|PP755595.1|A/cattle/Texas/24-008749-003/2024(H5N1)	1579	1354
PB1|PP755595.1|A/cattle/Texas/24-008749-003/2024(H5N1)	1580	1337
PB1|PP755595.1|A/cattle/Texas/24-008749-003/2024(H5N1)	1581	1336
PB1|PP755595.1|A/cattle/Texas/24-008749-003/2024(H5N1)	1582	1384
PB1|PP755595.1|A/cattle/Texas/24-008749-003/2024(H5N1)	1583	1397
PB1|PP755595.1|A/cattle/Texas/24-008749-003/2024(H5N1)	1584	1397
PB1|PP755595.1|A/cattle/Texas/24-008749-003/2024(H5N1)	1585	1443
PB1|PP755595.1|A/cattle/Texas/24-008749-003/2024(H5N1)	1586	1436
PB1|PP755595.1|A/cattle/Texas/24-008749-003/2024(H5N1)	1587	1436
PB1|PP755595.1|A/cattle/Texas/24-008749-003/2024(H5N1)	1588	1438
PB1|PP755595.1|A/cattle/Texas/24-008749-003/2024(H5N1)	1589	1436
PB1|PP755595.1|A/cattle/Texas/24-008749-003/2024(H5N1)	1590	1437
PB1|PP755595.1|A/cattle/Texas/24-008749-003/2024(H5N1)	1591	1439
PB1|PP755595.1|A/cattle/Texas/24-008749-003/2024(H5N1)	1592	1429
PB1|PP755595.1|A/cattle/Texas/24-008749-003/2024(H5N1)	1593	1431
PB1|PP755595.1|A/cattle/Texas/24-008749-003/2024(H5N1)	1594	1404
PB1|PP755595.1|A/cattle/Texas/24-008749-003/2024(H5N1)	1595	1401
PB1|PP755595.1|A/cattle/Texas/24-008749-003/2024(H5N1)	1596	1406
PB1|PP755595.1|A/cattle/Texas/24-008749-003/2024(H5N1)	1597	1389
PB1|PP755595.1|A/cattle/Texas/24-008749-003/2024(H5N1)	1598	1385
PB1|PP755595.1|A/cattle/Texas/24-008749-003/2024(H5N1)	1599	1436
PB1|PP755595.1|A/cattle/Texas/24-008749-003/2024(H5N1)	1600	1439
PB1|PP755595.1|A/cattle/Texas/24-008749-003/2024(H5N1)	1601	1439
PB1|PP755595.1|A/cattle/Texas/24-008749-003/2024(H5N1)	1602	1421
PB1|PP755595.1|A/cattle/Texas/24-008749-003/2024(H5N1)	1603	1414
PB1|PP755595.1|A/cattle/Texas/24-008749-003/2024(H5N1)	1604	1410
PB1|PP755595.1|A/cattle/Texas/24-008749-003/2024(H5N1)	1605	1402
PB1|PP755595.1|A/cattle/Texas/24-008749-003/2024(H5N1)	1606	1415
PB1|PP755595.1|A/cattle/Texas/24-008749-003/2024(H5N1)	1607	1414
PB1|PP755595.1|A/cattle/Texas/24-008749-003/2024(H5N1)	1608	1406
PB1|PP755595.1|A/cattle/Texas/24-008749-003/2024(H5N1)	1609	1403
PB1|PP755595.1|A/cattle/Texas/24-008749-003/2024(H5N1)	1610	1403
PB1|PP755595.1|A/cattle/Texas/24-008749-003/2024(H5N1)	1611	1391
PB1|PP755595.1|A/cattle/Texas/24-008749-003/2024(H5N1)	1612	1389
PB1|PP755595.1|A/cattle/Texas/24-008749-003/2024(H5N1)	1613	1389
PB1|PP755595.1|A/cattle/Texas/24-008749-003/2024(H5N1)	1614	1373
PB1|PP755595.1|A/cattle/Texas/24-008749-003/2024(H5N1)	1615	1420
PB1|PP755595.1|A/cattle/Texas/24-008749-003/2024(H5N1)	1616	1407
PB1|PP755595.1|A/cattle/Texas/24-008749-003/2024(H5N1)	1617	1404
PB1|PP755595.1|A/cattle/Texas/24-008749-003/2024(H5N1)	1618	1404
PB1|PP755595.1|A/cattle/Texas/24-008749-003/2024(H5N1)	1619	1403
PB1|PP755595.1|A/cattle/Texas/24-008749-003/2024(H5N1)	1620	1426
PB1|PP755595.1|A/cattle/Texas/24-008749-003/2024(H5N1)	1621	1428
PB1|PP755595.1|A/cattle/Texas/24-008749-003/2024(H5N1)	1622	1405
PB1|PP755595.1|A/cattle/Texas/24-008749-003/2024(H5N1)	1623	1375
PB1|PP755595.1|A/cattle/Texas/24-008749-003/2024(H5N1)	1624	1373
PB1|PP755595.1|A/cattle/Texas/24-008749-003/2024(H5N1)	1625	1413
PB1|PP755595.1|A/cattle/Texas/24-008749-003/2024(H5N1)	1626	1413
PB1|PP755595.1|A/cattle/Texas/24-008749-003/2024(H5N1)	1627	1405
PB1|PP755595.1|A/cattle/Texas/24-008749-003/2024(H5N1)	1628	1405
PB1|PP755595.1|A/cattle/Texas/24-008749-003/2024(H5N1)	1629	1365
PB1|PP755595.1|A/cattle/Texas/24-008749-003/2024(H5N1)	1630	1365
PB1|PP755595.1|A/cattle/Texas/24-008749-003/2024(H5N1)	1631	1342
PB1|PP755595.1|A/cattle/Texas/24-008749-003/2024(H5N1)	1632	1337
PB1|PP755595.1|A/cattle/Texas/24-008749-003/2024(H5N1)	1633	1333
PB1|PP755595.1|A/cattle/Texas/24-008749-003/2024(H5N1)	1634	1319
PB1|PP755595.1|A/cattle/Texas/24-008749-003/2024(H5N1)	1635	1319
PB1|PP755595.1|A/cattle/Texas/24-008749-003/2024(H5N1)	1636	1319
PB1|PP755595.1|A/cattle/Texas/24-008749-003/2024(H5N1)	1637	1304
PB1|PP755595.1|A/cattle/Texas/24-008749-003/2024(H5N1)	1638	1303
PB1|PP755595.1|A/cattle/Texas/24-008749-003/2024(H5N1)	1639	1284
PB1|PP755595.1|A/cattle/Texas/24-008749-003/2024(H5N1)	1640	1282
PB1|PP755595.1|A/cattle/Texas/24-008749-003/2024(H5N1)	1641	1180
PB1|PP755595.1|A/cattle/Texas/24-008749-003/2024(H5N1)	1642	1137
PB1|PP755595.1|A/cattle/Texas/24-008749-003/2024(H5N1)	1643	1137
PB1|PP755595.1|A/cattle/Texas/24-008749-003/2024(H5N1)	1644	1137
PB1|PP755595.1|A/cattle/Texas/24-008749-003/2024(H5N1)	1645	1136
PB1|PP755595.1|A/cattle/Texas/24-008749-003/2024(H5N1)	1646	1136
PB1|PP755595.1|A/cattle/Texas/24-008749-003/2024(H5N1)	1647	1135
PB1|PP755595.1|A/cattle/Texas/24-008749-003/2024(H5N1)	1648	1243
PB1|PP755595.1|A/cattle/Texas/24-008749-003/2024(H5N1)	1649	1245
PB1|PP755595.1|A/cattle/Texas/24-008749-003/2024(H5N1)	1650	1261
PB1|PP755595.1|A/cattle/Texas/24-008749-003/2024(H5N1)	1651	1262
PB1|PP755595.1|A/cattle/Texas/24-008749-003/2024(H5N1)	1652	1269
PB1|PP755595.1|A/cattle/Texas/24-008749-003/2024(H5N1)	1653	1270
PB1|PP755595.1|A/cattle/Texas/24-008749-003/2024(H5N1)	1654	1258
PB1|PP755595.1|A/cattle/Texas/24-008749-003/2024(H5N1)	1655	1257
PB1|PP755595.1|A/cattle/Texas/24-008749-003/2024(H5N1)	1656	1256
PB1|PP755595.1|A/cattle/Texas/24-008749-003/2024(H5N1)	1657	1251
PB1|PP755595.1|A/cattle/Texas/24-008749-003/2024(H5N1)	1658	1248
PB1|PP755595.1|A/cattle/Texas/24-008749-003/2024(H5N1)	1659	1233
PB1|PP755595.1|A/cattle/Texas/24-008749-003/2024(H5N1)	1660	1259
PB1|PP755595.1|A/cattle/Texas/24-008749-003/2024(H5N1)	1661	1255
PB1|PP755595.1|A/cattle/Texas/24-008749-003/2024(H5N1)	1662	1256
PB1|PP755595.1|A/cattle/Texas/24-008749-003/2024(H5N1)	1663	1202
PB1|PP755595.1|A/cattle/Texas/24-008749-003/2024(H5N1)	1664	1202
PB1|PP755595.1|A/cattle/Texas/24-008749-003/2024(H5N1)	1665	1196
PB1|PP755595.1|A/cattle/Texas/24-008749-003/2024(H5N1)	1666	1193
PB1|PP755595.1|A/cattle/Texas/24-008749-003/2024(H5N1)	1667	1191
PB1|PP755595.1|A/cattle/Texas/24-008749-003/2024(H5N1)	1668	1132
PB1|PP755595.1|A/cattle/Texas/24-008749-003/2024(H5N1)	1669	1097
PB1|PP755595.1|A/cattle/Texas/24-008749-003/2024(H5N1)	1670	1097
PB1|PP755595.1|A/cattle/Texas/24-008749-003/2024(H5N1)	1671	1094
PB1|PP755595.1|A/cattle/Texas/24-008749-003/2024(H5N1)	1672	1094
PB1|PP755595.1|A/cattle/Texas/24-008749-003/2024(H5N1)	1673	1065
PB1|PP755595.1|A/cattle/Texas/24-008749-003/2024(H5N1)	1674	974
PB1|PP755595.1|A/cattle/Texas/24-008749-003/2024(H5N1)	1675	975
PB1|PP755595.1|A/cattle/Texas/24-008749-003/2024(H5N1)	1676	961
PB1|PP755595.1|A/cattle/Texas/24-008749-003/2024(H5N1)	1677	954
PB1|PP755595.1|A/cattle/Texas/24-008749-003/2024(H5N1)	1678	1124
PB1|PP755595.1|A/cattle/Texas/24-008749-003/2024(H5N1)	1679	1124
PB1|PP755595.1|A/cattle/Texas/24-008749-003/2024(H5N1)	1680	1111
PB1|PP755595.1|A/cattle/Texas/24-008749-003/2024(H5N1)	1681	1110
PB1|PP755595.1|A/cattle/Texas/24-008749-003/2024(H5N1)	1682	1107
PB1|PP755595.1|A/cattle/Texas/24-008749-003/2024(H5N1)	1683	1061
PB1|PP755595.1|A/cattle/Texas/24-008749-003/2024(H5N1)	1684	1127
PB1|PP755595.1|A/cattle/Texas/24-008749-003/2024(H5N1)	1685	1129
PB1|PP755595.1|A/cattle/Texas/24-008749-003/2024(H5N1)	1686	1130
PB1|PP755595.1|A/cattle/Texas/24-008749-003/2024(H5N1)	1687	1130
PB1|PP755595.1|A/cattle/Texas/24-008749-003/2024(H5N1)	1688	1130
PB1|PP755595.1|A/cattle/Texas/24-008749-003/2024(H5N1)	1689	1105
PB1|PP755595.1|A/cattle/Texas/24-008749-003/2024(H5N1)	1690	1105
PB1|PP755595.1|A/cattle/Texas/24-008749-003/2024(H5N1)	1691	1105
PB1|PP755595.1|A/cattle/Texas/24-008749-003/2024(H5N1)	1692	1055
PB1|PP755595.1|A/cattle/Texas/24-008749-003/2024(H5N1)	1693	1076
PB1|PP755595.1|A/cattle/Texas/24-008749-003/2024(H5N1)	1694	1077
PB1|PP755595.1|A/cattle/Texas/24-008749-003/2024(H5N1)	1695	1075
PB1|PP755595.1|A/cattle/Texas/24-008749-003/2024(H5N1)	1696	1077
PB1|PP755595.1|A/cattle/Texas/24-008749-003/2024(H5N1)	1697	1070
PB1|PP755595.1|A/cattle/Texas/24-008749-003/2024(H5N1)	1698	1069
PB1|PP755595.1|A/cattle/Texas/24-008749-003/2024(H5N1)	1699	1068
PB1|PP755595.1|A/cattle/Texas/24-008749-003/2024(H5N1)	1700	1057
PB1|PP755595.1|A/cattle/Texas/24-008749-003/2024(H5N1)	1701	1065
PB1|PP755595.1|A/cattle/Texas/24-008749-003/2024(H5N1)	1702	1052
PB1|PP755595.1|A/cattle/Texas/24-008749-003/2024(H5N1)	1703	1054
PB1|PP755595.1|A/cattle/Texas/24-008749-003/2024(H5N1)	1704	1048
PB1|PP755595.1|A/cattle/Texas/24-008749-003/2024(H5N1)	1705	1046
PB1|PP755595.1|A/cattle/Texas/24-008749-003/2024(H5N1)	1706	1040
PB1|PP755595.1|A/cattle/Texas/24-008749-003/2024(H5N1)	1707	1040
PB1|PP755595.1|A/cattle/Texas/24-008749-003/2024(H5N1)	1708	1037
PB1|PP755595.1|A/cattle/Texas/24-008749-003/2024(H5N1)	1709	1028
PB1|PP755595.1|A/cattle/Texas/24-008749-003/2024(H5N1)	1710	1024
PB1|PP755595.1|A/cattle/Texas/24-008749-003/2024(H5N1)	1711	1034
PB1|PP755595.1|A/cattle/Texas/24-008749-003/2024(H5N1)	1712	1026
PB1|PP755595.1|A/cattle/Texas/24-008749-003/2024(H5N1)	1713	1034
PB1|PP755595.1|A/cattle/Texas/24-008749-003/2024(H5N1)	1714	1021
PB1|PP755595.1|A/cattle/Texas/24-008749-003/2024(H5N1)	1715	989
PB1|PP755595.1|A/cattle/Texas/24-008749-003/2024(H5N1)	1716	988
PB1|PP755595.1|A/cattle/Texas/24-008749-003/2024(H5N1)	1717	1030
PB1|PP755595.1|A/cattle/Texas/24-008749-003/2024(H5N1)	1718	1031
PB1|PP755595.1|A/cattle/Texas/24-008749-003/2024(H5N1)	1719	1028
PB1|PP755595.1|A/cattle/Texas/24-008749-003/2024(H5N1)	1720	1025
PB1|PP755595.1|A/cattle/Texas/24-008749-003/2024(H5N1)	1721	1027
PB1|PP755595.1|A/cattle/Texas/24-008749-003/2024(H5N1)	1722	1007
PB1|PP755595.1|A/cattle/Texas/24-008749-003/2024(H5N1)	1723	1006
PB1|PP755595.1|A/cattle/Texas/24-008749-003/2024(H5N1)	1724	999
PB1|PP755595.1|A/cattle/Texas/24-008749-003/2024(H5N1)	1725	999
PB1|PP755595.1|A/cattle/Texas/24-008749-003/2024(H5N1)	1726	961
PB1|PP755595.1|A/cattle/Texas/24-008749-003/2024(H5N1)	1727	954
PB1|PP755595.1|A/cattle/Texas/24-008749-003/2024(H5N1)	1728	953
PB1|PP755595.1|A/cattle/Texas/24-008749-003/2024(H5N1)	1729	952
PB1|PP755595.1|A/cattle/Texas/24-008749-003/2024(H5N1)	1730	951
PB1|PP755595.1|A/cattle/Texas/24-008749-003/2024(H5N1)	1731	787
PB1|PP755595.1|A/cattle/Texas/24-008749-003/2024(H5N1)	1732	785
PB1|PP755595.1|A/cattle/Texas/24-008749-003/2024(H5N1)	1733	785
PB1|PP755595.1|A/cattle/Texas/24-008749-003/2024(H5N1)	1734	775
PB1|PP755595.1|A/cattle/Texas/24-008749-003/2024(H5N1)	1735	740
PB1|PP755595.1|A/cattle/Texas/24-008749-003/2024(H5N1)	1736	740
PB1|PP755595.1|A/cattle/Texas/24-008749-003/2024(H5N1)	1737	727
PB1|PP755595.1|A/cattle/Texas/24-008749-003/2024(H5N1)	1738	846
PB1|PP755595.1|A/cattle/Texas/24-008749-003/2024(H5N1)	1739	847
PB1|PP755595.1|A/cattle/Texas/24-008749-003/2024(H5N1)	1740	847
PB1|PP755595.1|A/cattle/Texas/24-008749-003/2024(H5N1)	1741	848
PB1|PP755595.1|A/cattle/Texas/24-008749-003/2024(H5N1)	1742	848
PB1|PP755595.1|A/cattle/Texas/24-008749-003/2024(H5N1)	1743	848
PB1|PP755595.1|A/cattle/Texas/24-008749-003/2024(H5N1)	1744	848
PB1|PP755595.1|A/cattle/Texas/24-008749-003/2024(H5N1)	1745	848
PB1|PP755595.1|A/cattle/Texas/24-008749-003/2024(H5N1)	1746	848
PB1|PP755595.1|A/cattle/Texas/24-008749-003/2024(H5N1)	1747	848
PB1|PP755595.1|A/cattle/Texas/24-008749-003/2024(H5N1)	1748	848
PB1|PP755595.1|A/cattle/Texas/24-008749-003/2024(H5N1)	1749	848
PB1|PP755595.1|A/cattle/Texas/24-008749-003/2024(H5N1)	1750	848
PB1|PP755595.1|A/cattle/Texas/24-008749-003/2024(H5N1)	1751	848
PB1|PP755595.1|A/cattle/Texas/24-008749-003/2024(H5N1)	1752	827
PB1|PP755595.1|A/cattle/Texas/24-008749-003/2024(H5N1)	1753	827
PB1|PP755595.1|A/cattle/Texas/24-008749-003/2024(H5N1)	1754	827
PB1|PP755595.1|A/cattle/Texas/24-008749-003/2024(H5N1)	1755	827
PB1|PP755595.1|A/cattle/Texas/24-008749-003/2024(H5N1)	1756	827
PB1|PP755595.1|A/cattle/Texas/24-008749-003/2024(H5N1)	1757	827
PB1|PP755595.1|A/cattle/Texas/24-008749-003/2024(H5N1)	1758	678
PB1|PP755595.1|A/cattle/Texas/24-008749-003/2024(H5N1)	1759	677
PB1|PP755595.1|A/cattle/Texas/24-008749-003/2024(H5N1)	1760	815
PB1|PP755595.1|A/cattle/Texas/24-008749-003/2024(H5N1)	1761	815
PB1|PP755595.1|A/cattle/Texas/24-008749-003/2024(H5N1)	1762	836
PB1|PP755595.1|A/cattle/Texas/24-008749-003/2024(H5N1)	1763	845
PB1|PP755595.1|A/cattle/Texas/24-008749-003/2024(H5N1)	1764	845
PB1|PP755595.1|A/cattle/Texas/24-008749-003/2024(H5N1)	1765	845
PB1|PP755595.1|A/cattle/Texas/24-008749-003/2024(H5N1)	1766	844
PB1|PP755595.1|A/cattle/Texas/24-008749-003/2024(H5N1)	1767	844
PB1|PP755595.1|A/cattle/Texas/24-008749-003/2024(H5N1)	1768	843
PB1|PP755595.1|A/cattle/Texas/24-008749-003/2024(H5N1)	1769	842
PB1|PP755595.1|A/cattle/Texas/24-008749-003/2024(H5N1)	1770	842
PB1|PP755595.1|A/cattle/Texas/24-008749-003/2024(H5N1)	1771	842
PB1|PP755595.1|A/cattle/Texas/24-008749-003/2024(H5N1)	1772	841
PB1|PP755595.1|A/cattle/Texas/24-008749-003/2024(H5N1)	1773	842
PB1|PP755595.1|A/cattle/Texas/24-008749-003/2024(H5N1)	1774	904
PB1|PP755595.1|A/cattle/Texas/24-008749-003/2024(H5N1)	1775	910
PB1|PP755595.1|A/cattle/Texas/24-008749-003/2024(H5N1)	1776	913
PB1|PP755595.1|A/cattle/Texas/24-008749-003/2024(H5N1)	1777	913
PB1|PP755595.1|A/cattle/Texas/24-008749-003/2024(H5N1)	1778	913
PB1|PP755595.1|A/cattle/Texas/24-008749-003/2024(H5N1)	1779	911
PB1|PP755595.1|A/cattle/Texas/24-008749-003/2024(H5N1)	1780	902
PB1|PP755595.1|A/cattle/Texas/24-008749-003/2024(H5N1)	1781	898
PB1|PP755595.1|A/cattle/Texas/24-008749-003/2024(H5N1)	1782	884
PB1|PP755595.1|A/cattle/Texas/24-008749-003/2024(H5N1)	1783	884
PB1|PP755595.1|A/cattle/Texas/24-008749-003/2024(H5N1)	1784	874
PB1|PP755595.1|A/cattle/Texas/24-008749-003/2024(H5N1)	1785	873
PB1|PP755595.1|A/cattle/Texas/24-008749-003/2024(H5N1)	1786	873
PB1|PP755595.1|A/cattle/Texas/24-008749-003/2024(H5N1)	1787	873
PB1|PP755595.1|A/cattle/Texas/24-008749-003/2024(H5N1)	1788	873
PB1|PP755595.1|A/cattle/Texas/24-008749-003/2024(H5N1)	1789	873
PB1|PP755595.1|A/cattle/Texas/24-008749-003/2024(H5N1)	1790	873
PB1|PP755595.1|A/cattle/Texas/24-008749-003/2024(H5N1)	1791	859
PB1|PP755595.1|A/cattle/Texas/24-008749-003/2024(H5N1)	1792	855
PB1|PP755595.1|A/cattle/Texas/24-008749-003/2024(H5N1)	1793	842
PB1|PP755595.1|A/cattle/Texas/24-008749-003/2024(H5N1)	1794	842
PB1|PP755595.1|A/cattle/Texas/24-008749-003/2024(H5N1)	1795	841
PB1|PP755595.1|A/cattle/Texas/24-008749-003/2024(H5N1)	1796	835
PB1|PP755595.1|A/cattle/Texas/24-008749-003/2024(H5N1)	1797	834
PB1|PP755595.1|A/cattle/Texas/24-008749-003/2024(H5N1)	1798	797
PB1|PP755595.1|A/cattle/Texas/24-008749-003/2024(H5N1)	1799	793
PB1|PP755595.1|A/cattle/Texas/24-008749-003/2024(H5N1)	1800	2
PB1|PP755595.1|A/cattle/Texas/24-008749-003/2024(H5N1)	1801	2
PB1|PP755595.1|A/cattle/Texas/24-008749-003/2024(H5N1)	1802	2
PB1|PP755595.1|A/cattle/Texas/24-008749-003/2024(H5N1)	1803	2
PB1|PP755595.1|A/cattle/Texas/24-008749-003/2024(H5N1)	1804	2
PB1|PP755595.1|A/cattle/Texas/24-008749-003/2024(H5N1)	1805	2
PB1|PP755595.1|A/cattle/Texas/24-008749-003/2024(H5N1)	1806	2
PB1|PP755595.1|A/cattle/Texas/24-008749-003/2024(H5N1)	1807	2
PB1|PP755595.1|A/cattle/Texas/24-008749-003/2024(H5N1)	1808	2
PB1|PP755595.1|A/cattle/Texas/24-008749-003/2024(H5N1)	1809	2
PB1|PP755595.1|A/cattle/Texas/24-008749-003/2024(H5N1)	1810	2
PB1|PP755595.1|A/cattle/Texas/24-008749-003/2024(H5N1)	1811	2
PB1|PP755595.1|A/cattle/Texas/24-008749-003/2024(H5N1)	1812	2
PB1|PP755595.1|A/cattle/Texas/24-008749-003/2024(H5N1)	1813	2
PB1|PP755595.1|A/cattle/Texas/24-008749-003/2024(H5N1)	1814	2
PB1|PP755595.1|A/cattle/Texas/24-008749-003/2024(H5N1)	1815	1
PB1|PP755595.1|A/cattle/Texas/24-008749-003/2024(H5N1)	1816	0
PB1|PP755595.1|A/cattle/Texas/24-008749-003/2024(H5N1)	1817	0
PB1|PP755595.1|A/cattle/Texas/24-008749-003/2024(H5N1)	1818	0
PB1|PP755595.1|A/cattle/Texas/24-008749-003/2024(H5N1)	1819	0
PB1|PP755595.1|A/cattle/Texas/24-008749-003/2024(H5N1)	1820	0
PB1|PP755595.1|A/cattle/Texas/24-008749-003/2024(H5N1)	1821	0
PB1|PP755595.1|A/cattle/Texas/24-008749-003/2024(H5N1)	1822	0
PB1|PP755595.1|A/cattle/Texas/24-008749-003/2024(H5N1)	1823	0
PB1|PP755595.1|A/cattle/Texas/24-008749-003/2024(H5N1)	1824	0
PB1|PP755595.1|A/cattle/Texas/24-008749-003/2024(H5N1)	1825	0
PB1|PP755595.1|A/cattle/Texas/24-008749-003/2024(H5N1)	1826	0
PB1|PP755595.1|A/cattle/Texas/24-008749-003/2024(H5N1)	1827	0
PB1|PP755595.1|A/cattle/Texas/24-008749-003/2024(H5N1)	1828	0
PB1|PP755595.1|A/cattle/Texas/24-008749-003/2024(H5N1)	1829	0
PB1|PP755595.1|A/cattle/Texas/24-008749-003/2024(H5N1)	1830	0
PB1|PP755595.1|A/cattle/Texas/24-008749-003/2024(H5N1)	1831	0
PB1|PP755595.1|A/cattle/Texas/24-008749-003/2024(H5N1)	1832	0
PB1|PP755595.1|A/cattle/Texas/24-008749-003/2024(H5N1)	1833	0
PB1|PP755595.1|A/cattle/Texas/24-008749-003/2024(H5N1)	1834	0
PB1|PP755595.1|A/cattle/Texas/24-008749-003/2024(H5N1)	1835	0
PB1|PP755595.1|A/cattle/Texas/24-008749-003/2024(H5N1)	1836	0
PB1|PP755595.1|A/cattle/Texas/24-008749-003/2024(H5N1)	1837	0
PB1|PP755595.1|A/cattle/Texas/24-008749-003/2024(H5N1)	1838	0
PB1|PP755595.1|A/cattle/Texas/24-008749-003/2024(H5N1)	1839	0
PB1|PP755595.1|A/cattle/Texas/24-008749-003/2024(H5N1)	1840	0
PB1|PP755595.1|A/cattle/Texas/24-008749-003/2024(H5N1)	1841	0
PB1|PP755595.1|A/cattle/Texas/24-008749-003/2024(H5N1)	1842	0
PB1|PP755595.1|A/cattle/Texas/24-008749-003/2024(H5N1)	1843	0
PB1|PP755595.1|A/cattle/Texas/24-008749-003/2024(H5N1)	1844	0
PB1|PP755595.1|A/cattle/Texas/24-008749-003/2024(H5N1)	1845	0
PB1|PP755595.1|A/cattle/Texas/24-008749-003/2024(H5N1)	1846	0
PB1|PP755595.1|A/cattle/Texas/24-008749-003/2024(H5N1)	1847	0
PB1|PP755595.1|A/cattle/Texas/24-008749-003/2024(H5N1)	1848	0
PB1|PP755595.1|A/cattle/Texas/24-008749-003/2024(H5N1)	1849	0
PB1|PP755595.1|A/cattle/Texas/24-008749-003/2024(H5N1)	1850	0
PB1|PP755595.1|A/cattle/Texas/24-008749-003/2024(H5N1)	1851	0
PB1|PP755595.1|A/cattle/Texas/24-008749-003/2024(H5N1)	1852	0
PB1|PP755595.1|A/cattle/Texas/24-008749-003/2024(H5N1)	1853	0
PB1|PP755595.1|A/cattle/Texas/24-008749-003/2024(H5N1)	1854	0
PB1|PP755595.1|A/cattle/Texas/24-008749-003/2024(H5N1)	1855	0
PB1|PP755595.1|A/cattle/Texas/24-008749-003/2024(H5N1)	1856	0
PB1|PP755595.1|A/cattle/Texas/24-008749-003/2024(H5N1)	1857	0
PB1|PP755595.1|A/cattle/Texas/24-008749-003/2024(H5N1)	1858	0
PB1|PP755595.1|A/cattle/Texas/24-008749-003/2024(H5N1)	1859	0
PB1|PP755595.1|A/cattle/Texas/24-008749-003/2024(H5N1)	1860	0
PB1|PP755595.1|A/cattle/Texas/24-008749-003/2024(H5N1)	1861	0
PB1|PP755595.1|A/cattle/Texas/24-008749-003/2024(H5N1)	1862	0
PB1|PP755595.1|A/cattle/Texas/24-008749-003/2024(H5N1)	1863	0
PB1|PP755595.1|A/cattle/Texas/24-008749-003/2024(H5N1)	1864	0
PB1|PP755595.1|A/cattle/Texas/24-008749-003/2024(H5N1)	1865	0
PB1|PP755595.1|A/cattle/Texas/24-008749-003/2024(H5N1)	1866	0
PB1|PP755595.1|A/cattle/Texas/24-008749-003/2024(H5N1)	1867	0
PB1|PP755595.1|A/cattle/Texas/24-008749-003/2024(H5N1)	1868	0
PB1|PP755595.1|A/cattle/Texas/24-008749-003/2024(H5N1)	1869	1
PB1|PP755595.1|A/cattle/Texas/24-008749-003/2024(H5N1)	1870	1
PB1|PP755595.1|A/cattle/Texas/24-008749-003/2024(H5N1)	1871	1
PB1|PP755595.1|A/cattle/Texas/24-008749-003/2024(H5N1)	1872	1
PB1|PP755595.1|A/cattle/Texas/24-008749-003/2024(H5N1)	1873	33
PB1|PP755595.1|A/cattle/Texas/24-008749-003/2024(H5N1)	1874	34
PB1|PP755595.1|A/cattle/Texas/24-008749-003/2024(H5N1)	1875	36
PB1|PP755595.1|A/cattle/Texas/24-008749-003/2024(H5N1)	1876	37
PB1|PP755595.1|A/cattle/Texas/24-008749-003/2024(H5N1)	1877	37
PB1|PP755595.1|A/cattle/Texas/24-008749-003/2024(H5N1)	1878	37
PB1|PP755595.1|A/cattle/Texas/24-008749-003/2024(H5N1)	1879	37
PB1|PP755595.1|A/cattle/Texas/24-008749-003/2024(H5N1)	1880	37
PB1|PP755595.1|A/cattle/Texas/24-008749-003/2024(H5N1)	1881	37
PB1|PP755595.1|A/cattle/Texas/24-008749-003/2024(H5N1)	1882	37
PB1|PP755595.1|A/cattle/Texas/24-008749-003/2024(H5N1)	1883	48
PB1|PP755595.1|A/cattle/Texas/24-008749-003/2024(H5N1)	1884	50
PB1|PP755595.1|A/cattle/Texas/24-008749-003/2024(H5N1)	1885	59
PB1|PP755595.1|A/cattle/Texas/24-008749-003/2024(H5N1)	1886	59
PB1|PP755595.1|A/cattle/Texas/24-008749-003/2024(H5N1)	1887	59
PB1|PP755595.1|A/cattle/Texas/24-008749-003/2024(H5N1)	1888	64
PB1|PP755595.1|A/cattle/Texas/24-008749-003/2024(H5N1)	1889	65
PB1|PP755595.1|A/cattle/Texas/24-008749-003/2024(H5N1)	1890	72
PB1|PP755595.1|A/cattle/Texas/24-008749-003/2024(H5N1)	1891	1325
PB1|PP755595.1|A/cattle/Texas/24-008749-003/2024(H5N1)	1892	1328
PB1|PP755595.1|A/cattle/Texas/24-008749-003/2024(H5N1)	1893	1328
PB1|PP755595.1|A/cattle/Texas/24-008749-003/2024(H5N1)	1894	1328
PB1|PP755595.1|A/cattle/Texas/24-008749-003/2024(H5N1)	1895	1330
PB1|PP755595.1|A/cattle/Texas/24-008749-003/2024(H5N1)	1896	1330
PB1|PP755595.1|A/cattle/Texas/24-008749-003/2024(H5N1)	1897	1334
PB1|PP755595.1|A/cattle/Texas/24-008749-003/2024(H5N1)	1898	1354
PB1|PP755595.1|A/cattle/Texas/24-008749-003/2024(H5N1)	1899	1364
PB1|PP755595.1|A/cattle/Texas/24-008749-003/2024(H5N1)	1900	1372
PB1|PP755595.1|A/cattle/Texas/24-008749-003/2024(H5N1)	1901	1372
PB1|PP755595.1|A/cattle/Texas/24-008749-003/2024(H5N1)	1902	1377
PB1|PP755595.1|A/cattle/Texas/24-008749-003/2024(H5N1)	1903	1386
PB1|PP755595.1|A/cattle/Texas/24-008749-003/2024(H5N1)	1904	1402
PB1|PP755595.1|A/cattle/Texas/24-008749-003/2024(H5N1)	1905	1404
PB1|PP755595.1|A/cattle/Texas/24-008749-003/2024(H5N1)	1906	1423
PB1|PP755595.1|A/cattle/Texas/24-008749-003/2024(H5N1)	1907	1425
PB1|PP755595.1|A/cattle/Texas/24-008749-003/2024(H5N1)	1908	1431
PB1|PP755595.1|A/cattle/Texas/24-008749-003/2024(H5N1)	1909	1442
PB1|PP755595.1|A/cattle/Texas/24-008749-003/2024(H5N1)	1910	1443
PB1|PP755595.1|A/cattle/Texas/24-008749-003/2024(H5N1)	1911	1443
PB1|PP755595.1|A/cattle/Texas/24-008749-003/2024(H5N1)	1912	1445
PB1|PP755595.1|A/cattle/Texas/24-008749-003/2024(H5N1)	1913	1445
PB1|PP755595.1|A/cattle/Texas/24-008749-003/2024(H5N1)	1914	1455
PB1|PP755595.1|A/cattle/Texas/24-008749-003/2024(H5N1)	1915	1487
PB1|PP755595.1|A/cattle/Texas/24-008749-003/2024(H5N1)	1916	1487
PB1|PP755595.1|A/cattle/Texas/24-008749-003/2024(H5N1)	1917	1487
PB1|PP755595.1|A/cattle/Texas/24-008749-003/2024(H5N1)	1918	1487
PB1|PP755595.1|A/cattle/Texas/24-008749-003/2024(H5N1)	1919	1497
PB1|PP755595.1|A/cattle/Texas/24-008749-003/2024(H5N1)	1920	1527
PB1|PP755595.1|A/cattle/Texas/24-008749-003/2024(H5N1)	1921	1585
PB1|PP755595.1|A/cattle/Texas/24-008749-003/2024(H5N1)	1922	1597
PB1|PP755595.1|A/cattle/Texas/24-008749-003/2024(H5N1)	1923	1607
PB1|PP755595.1|A/cattle/Texas/24-008749-003/2024(H5N1)	1924	1612
PB1|PP755595.1|A/cattle/Texas/24-008749-003/2024(H5N1)	1925	1661
PB1|PP755595.1|A/cattle/Texas/24-008749-003/2024(H5N1)	1926	1663
PB1|PP755595.1|A/cattle/Texas/24-008749-003/2024(H5N1)	1927	1678
PB1|PP755595.1|A/cattle/Texas/24-008749-003/2024(H5N1)	1928	1682
PB1|PP755595.1|A/cattle/Texas/24-008749-003/2024(H5N1)	1929	1683
PB1|PP755595.1|A/cattle/Texas/24-008749-003/2024(H5N1)	1930	1696
PB1|PP755595.1|A/cattle/Texas/24-008749-003/2024(H5N1)	1931	1710
PB1|PP755595.1|A/cattle/Texas/24-008749-003/2024(H5N1)	1932	1746
PB1|PP755595.1|A/cattle/Texas/24-008749-003/2024(H5N1)	1933	1746
PB1|PP755595.1|A/cattle/Texas/24-008749-003/2024(H5N1)	1934	1746
PB1|PP755595.1|A/cattle/Texas/24-008749-003/2024(H5N1)	1935	1735
PB1|PP755595.1|A/cattle/Texas/24-008749-003/2024(H5N1)	1936	1726
PB1|PP755595.1|A/cattle/Texas/24-008749-003/2024(H5N1)	1937	1725
PB1|PP755595.1|A/cattle/Texas/24-008749-003/2024(H5N1)	1938	1725
PB1|PP755595.1|A/cattle/Texas/24-008749-003/2024(H5N1)	1939	1679
PB1|PP755595.1|A/cattle/Texas/24-008749-003/2024(H5N1)	1940	1677
PB1|PP755595.1|A/cattle/Texas/24-008749-003/2024(H5N1)	1941	1650
PB1|PP755595.1|A/cattle/Texas/24-008749-003/2024(H5N1)	1942	1648
PB1|PP755595.1|A/cattle/Texas/24-008749-003/2024(H5N1)	1943	1617
PB1|PP755595.1|A/cattle/Texas/24-008749-003/2024(H5N1)	1944	1302
PB1|PP755595.1|A/cattle/Texas/24-008749-003/2024(H5N1)	1945	1300
PB1|PP755595.1|A/cattle/Texas/24-008749-003/2024(H5N1)	1946	1296
PB1|PP755595.1|A/cattle/Texas/24-008749-003/2024(H5N1)	1947	1296
PB1|PP755595.1|A/cattle/Texas/24-008749-003/2024(H5N1)	1948	1296
PB1|PP755595.1|A/cattle/Texas/24-008749-003/2024(H5N1)	1949	1296
PB1|PP755595.1|A/cattle/Texas/24-008749-003/2024(H5N1)	1950	1279
PB1|PP755595.1|A/cattle/Texas/24-008749-003/2024(H5N1)	1951	1279
PB1|PP755595.1|A/cattle/Texas/24-008749-003/2024(H5N1)	1952	1279
PB1|PP755595.1|A/cattle/Texas/24-008749-003/2024(H5N1)	1953	1279
PB1|PP755595.1|A/cattle/Texas/24-008749-003/2024(H5N1)	1954	1279
PB1|PP755595.1|A/cattle/Texas/24-008749-003/2024(H5N1)	1955	1279
PB1|PP755595.1|A/cattle/Texas/24-008749-003/2024(H5N1)	1956	1276
PB1|PP755595.1|A/cattle/Texas/24-008749-003/2024(H5N1)	1957	1276
PB1|PP755595.1|A/cattle/Texas/24-008749-003/2024(H5N1)	1958	1276
PB1|PP755595.1|A/cattle/Texas/24-008749-003/2024(H5N1)	1959	1274
PB1|PP755595.1|A/cattle/Texas/24-008749-003/2024(H5N1)	1960	1276
PB1|PP755595.1|A/cattle/Texas/24-008749-003/2024(H5N1)	1961	1276
PB1|PP755595.1|A/cattle/Texas/24-008749-003/2024(H5N1)	1962	1276
PB1|PP755595.1|A/cattle/Texas/24-008749-003/2024(H5N1)	1963	1457
PB1|PP755595.1|A/cattle/Texas/24-008749-003/2024(H5N1)	1964	1463
PB1|PP755595.1|A/cattle/Texas/24-008749-003/2024(H5N1)	1965	1465
PB1|PP755595.1|A/cattle/Texas/24-008749-003/2024(H5N1)	1966	1531
PB1|PP755595.1|A/cattle/Texas/24-008749-003/2024(H5N1)	1967	1532
PB1|PP755595.1|A/cattle/Texas/24-008749-003/2024(H5N1)	1968	1606
PB1|PP755595.1|A/cattle/Texas/24-008749-003/2024(H5N1)	1969	1607
PB1|PP755595.1|A/cattle/Texas/24-008749-003/2024(H5N1)	1970	1587
PB1|PP755595.1|A/cattle/Texas/24-008749-003/2024(H5N1)	1971	1581
PB1|PP755595.1|A/cattle/Texas/24-008749-003/2024(H5N1)	1972	1581
PB1|PP755595.1|A/cattle/Texas/24-008749-003/2024(H5N1)	1973	1580
PB1|PP755595.1|A/cattle/Texas/24-008749-003/2024(H5N1)	1974	1576
PB1|PP755595.1|A/cattle/Texas/24-008749-003/2024(H5N1)	1975	1523
PB1|PP755595.1|A/cattle/Texas/24-008749-003/2024(H5N1)	1976	1519
PB1|PP755595.1|A/cattle/Texas/24-008749-003/2024(H5N1)	1977	1494
PB1|PP755595.1|A/cattle/Texas/24-008749-003/2024(H5N1)	1978	1494
PB1|PP755595.1|A/cattle/Texas/24-008749-003/2024(H5N1)	1979	1492
PB1|PP755595.1|A/cattle/Texas/24-008749-003/2024(H5N1)	1980	1478
PB1|PP755595.1|A/cattle/Texas/24-008749-003/2024(H5N1)	1981	1476
PB1|PP755595.1|A/cattle/Texas/24-008749-003/2024(H5N1)	1982	1470
PB1|PP755595.1|A/cattle/Texas/24-008749-003/2024(H5N1)	1983	1111
PB1|PP755595.1|A/cattle/Texas/24-008749-003/2024(H5N1)	1984	1100
PB1|PP755595.1|A/cattle/Texas/24-008749-003/2024(H5N1)	1985	1091
PB1|PP755595.1|A/cattle/Texas/24-008749-003/2024(H5N1)	1986	1085
PB1|PP755595.1|A/cattle/Texas/24-008749-003/2024(H5N1)	1987	1086
PB1|PP755595.1|A/cattle/Texas/24-008749-003/2024(H5N1)	1988	1086
PB1|PP755595.1|A/cattle/Texas/24-008749-003/2024(H5N1)	1989	1082
PB1|PP755595.1|A/cattle/Texas/24-008749-003/2024(H5N1)	1990	1082
PB1|PP755595.1|A/cattle/Texas/24-008749-003/2024(H5N1)	1991	1079
PB1|PP755595.1|A/cattle/Texas/24-008749-003/2024(H5N1)	1992	1079
PB1|PP755595.1|A/cattle/Texas/24-008749-003/2024(H5N1)	1993	1081
PB1|PP755595.1|A/cattle/Texas/24-008749-003/2024(H5N1)	1994	1068
PB1|PP755595.1|A/cattle/Texas/24-008749-003/2024(H5N1)	1995	1068
PB1|PP755595.1|A/cattle/Texas/24-008749-003/2024(H5N1)	1996	1084
PB1|PP755595.1|A/cattle/Texas/24-008749-003/2024(H5N1)	1997	1087
PB1|PP755595.1|A/cattle/Texas/24-008749-003/2024(H5N1)	1998	1088
PB1|PP755595.1|A/cattle/Texas/24-008749-003/2024(H5N1)	1999	1065
PB1|PP755595.1|A/cattle/Texas/24-008749-003/2024(H5N1)	2000	1065
PB1|PP755595.1|A/cattle/Texas/24-008749-003/2024(H5N1)	2001	993
PB1|PP755595.1|A/cattle/Texas/24-008749-003/2024(H5N1)	2002	1007
PB1|PP755595.1|A/cattle/Texas/24-008749-003/2024(H5N1)	2003	1007
PB1|PP755595.1|A/cattle/Texas/24-008749-003/2024(H5N1)	2004	1006
PB1|PP755595.1|A/cattle/Texas/24-008749-003/2024(H5N1)	2005	1006
PB1|PP755595.1|A/cattle/Texas/24-008749-003/2024(H5N1)	2006	1006
PB1|PP755595.1|A/cattle/Texas/24-008749-003/2024(H5N1)	2007	1006
PB1|PP755595.1|A/cattle/Texas/24-008749-003/2024(H5N1)	2008	1006
PB1|PP755595.1|A/cattle/Texas/24-008749-003/2024(H5N1)	2009	982
PB1|PP755595.1|A/cattle/Texas/24-008749-003/2024(H5N1)	2010	978
PB1|PP755595.1|A/cattle/Texas/24-008749-003/2024(H5N1)	2011	960
PB1|PP755595.1|A/cattle/Texas/24-008749-003/2024(H5N1)	2012	960
PB1|PP755595.1|A/cattle/Texas/24-008749-003/2024(H5N1)	2013	956
PB1|PP755595.1|A/cattle/Texas/24-008749-003/2024(H5N1)	2014	938
PB1|PP755595.1|A/cattle/Texas/24-008749-003/2024(H5N1)	2015	937
PB1|PP755595.1|A/cattle/Texas/24-008749-003/2024(H5N1)	2016	936
PB1|PP755595.1|A/cattle/Texas/24-008749-003/2024(H5N1)	2017	940
PB1|PP755595.1|A/cattle/Texas/24-008749-003/2024(H5N1)	2018	940
PB1|PP755595.1|A/cattle/Texas/24-008749-003/2024(H5N1)	2019	922
PB1|PP755595.1|A/cattle/Texas/24-008749-003/2024(H5N1)	2020	938
PB1|PP755595.1|A/cattle/Texas/24-008749-003/2024(H5N1)	2021	962
PB1|PP755595.1|A/cattle/Texas/24-008749-003/2024(H5N1)	2022	1050
PB1|PP755595.1|A/cattle/Texas/24-008749-003/2024(H5N1)	2023	1115
PB1|PP755595.1|A/cattle/Texas/24-008749-003/2024(H5N1)	2024	1083
PB1|PP755595.1|A/cattle/Texas/24-008749-003/2024(H5N1)	2025	1083
PB1|PP755595.1|A/cattle/Texas/24-008749-003/2024(H5N1)	2026	1089
PB1|PP755595.1|A/cattle/Texas/24-008749-003/2024(H5N1)	2027	1108
PB1|PP755595.1|A/cattle/Texas/24-008749-003/2024(H5N1)	2028	1111
PB1|PP755595.1|A/cattle/Texas/24-008749-003/2024(H5N1)	2029	1102
PB1|PP755595.1|A/cattle/Texas/24-008749-003/2024(H5N1)	2030	1071
PB1|PP755595.1|A/cattle/Texas/24-008749-003/2024(H5N1)	2031	1034
PB1|PP755595.1|A/cattle/Texas/24-008749-003/2024(H5N1)	2032	1041
PB1|PP755595.1|A/cattle/Texas/24-008749-003/2024(H5N1)	2033	1059
PB1|PP755595.1|A/cattle/Texas/24-008749-003/2024(H5N1)	2034	1134
PB1|PP755595.1|A/cattle/Texas/24-008749-003/2024(H5N1)	2035	1822
PB1|PP755595.1|A/cattle/Texas/24-008749-003/2024(H5N1)	2036	1824
PB1|PP755595.1|A/cattle/Texas/24-008749-003/2024(H5N1)	2037	1837
PB1|PP755595.1|A/cattle/Texas/24-008749-003/2024(H5N1)	2038	1843
PB1|PP755595.1|A/cattle/Texas/24-008749-003/2024(H5N1)	2039	1854
PB1|PP755595.1|A/cattle/Texas/24-008749-003/2024(H5N1)	2040	1877
PB1|PP755595.1|A/cattle/Texas/24-008749-003/2024(H5N1)	2041	1872
PB1|PP755595.1|A/cattle/Texas/24-008749-003/2024(H5N1)	2042	1864
PB1|PP755595.1|A/cattle/Texas/24-008749-003/2024(H5N1)	2043	1877
PB1|PP755595.1|A/cattle/Texas/24-008749-003/2024(H5N1)	2044	1884
PB1|PP755595.1|A/cattle/Texas/24-008749-003/2024(H5N1)	2045	1894
PB1|PP755595.1|A/cattle/Texas/24-008749-003/2024(H5N1)	2046	1888
PB1|PP755595.1|A/cattle/Texas/24-008749-003/2024(H5N1)	2047	1876
PB1|PP755595.1|A/cattle/Texas/24-008749-003/2024(H5N1)	2048	1870
PB1|PP755595.1|A/cattle/Texas/24-008749-003/2024(H5N1)	2049	1874
PB1|PP755595.1|A/cattle/Texas/24-008749-003/2024(H5N1)	2050	1873
PB1|PP755595.1|A/cattle/Texas/24-008749-003/2024(H5N1)	2051	1865
PB1|PP755595.1|A/cattle/Texas/24-008749-003/2024(H5N1)	2052	1841
PB1|PP755595.1|A/cattle/Texas/24-008749-003/2024(H5N1)	2053	1861
PB1|PP755595.1|A/cattle/Texas/24-008749-003/2024(H5N1)	2054	1861
PB1|PP755595.1|A/cattle/Texas/24-008749-003/2024(H5N1)	2055	1847
PB1|PP755595.1|A/cattle/Texas/24-008749-003/2024(H5N1)	2056	1956
PB1|PP755595.1|A/cattle/Texas/24-008749-003/2024(H5N1)	2057	1957
PB1|PP755595.1|A/cattle/Texas/24-008749-003/2024(H5N1)	2058	1957
PB1|PP755595.1|A/cattle/Texas/24-008749-003/2024(H5N1)	2059	1959
PB1|PP755595.1|A/cattle/Texas/24-008749-003/2024(H5N1)	2060	1951
PB1|PP755595.1|A/cattle/Texas/24-008749-003/2024(H5N1)	2061	1971
PB1|PP755595.1|A/cattle/Texas/24-008749-003/2024(H5N1)	2062	1977
PB1|PP755595.1|A/cattle/Texas/24-008749-003/2024(H5N1)	2063	1978
PB1|PP755595.1|A/cattle/Texas/24-008749-003/2024(H5N1)	2064	1975
PB1|PP755595.1|A/cattle/Texas/24-008749-003/2024(H5N1)	2065	1942
PB1|PP755595.1|A/cattle/Texas/24-008749-003/2024(H5N1)	2066	1934
PB1|PP755595.1|A/cattle/Texas/24-008749-003/2024(H5N1)	2067	1740
PB1|PP755595.1|A/cattle/Texas/24-008749-003/2024(H5N1)	2068	1727
PB1|PP755595.1|A/cattle/Texas/24-008749-003/2024(H5N1)	2069	1719
PB1|PP755595.1|A/cattle/Texas/24-008749-003/2024(H5N1)	2070	1715
PB1|PP755595.1|A/cattle/Texas/24-008749-003/2024(H5N1)	2071	1728
PB1|PP755595.1|A/cattle/Texas/24-008749-003/2024(H5N1)	2072	1728
PB1|PP755595.1|A/cattle/Texas/24-008749-003/2024(H5N1)	2073	1732
PB1|PP755595.1|A/cattle/Texas/24-008749-003/2024(H5N1)	2074	1841
PB1|PP755595.1|A/cattle/Texas/24-008749-003/2024(H5N1)	2075	1862
PB1|PP755595.1|A/cattle/Texas/24-008749-003/2024(H5N1)	2076	1878
PB1|PP755595.1|A/cattle/Texas/24-008749-003/2024(H5N1)	2077	1886
PB1|PP755595.1|A/cattle/Texas/24-008749-003/2024(H5N1)	2078	1886
PB1|PP755595.1|A/cattle/Texas/24-008749-003/2024(H5N1)	2079	1889
PB1|PP755595.1|A/cattle/Texas/24-008749-003/2024(H5N1)	2080	1890
PB1|PP755595.1|A/cattle/Texas/24-008749-003/2024(H5N1)	2081	1902
PB1|PP755595.1|A/cattle/Texas/24-008749-003/2024(H5N1)	2082	1908
PB1|PP755595.1|A/cattle/Texas/24-008749-003/2024(H5N1)	2083	1916
PB1|PP755595.1|A/cattle/Texas/24-008749-003/2024(H5N1)	2084	1937
PB1|PP755595.1|A/cattle/Texas/24-008749-003/2024(H5N1)	2085	1959
PB1|PP755595.1|A/cattle/Texas/24-008749-003/2024(H5N1)	2086	1962
PB1|PP755595.1|A/cattle/Texas/24-008749-003/2024(H5N1)	2087	1960
PB1|PP755595.1|A/cattle/Texas/24-008749-003/2024(H5N1)	2088	1907
PB1|PP755595.1|A/cattle/Texas/24-008749-003/2024(H5N1)	2089	1911
PB1|PP755595.1|A/cattle/Texas/24-008749-003/2024(H5N1)	2090	1911
PB1|PP755595.1|A/cattle/Texas/24-008749-003/2024(H5N1)	2091	1911
PB1|PP755595.1|A/cattle/Texas/24-008749-003/2024(H5N1)	2092	1999
PB1|PP755595.1|A/cattle/Texas/24-008749-003/2024(H5N1)	2093	2049
PB1|PP755595.1|A/cattle/Texas/24-008749-003/2024(H5N1)	2094	2057
PB1|PP755595.1|A/cattle/Texas/24-008749-003/2024(H5N1)	2095	2063
PB1|PP755595.1|A/cattle/Texas/24-008749-003/2024(H5N1)	2096	2095
PB1|PP755595.1|A/cattle/Texas/24-008749-003/2024(H5N1)	2097	2101
PB1|PP755595.1|A/cattle/Texas/24-008749-003/2024(H5N1)	2098	2126
PB1|PP755595.1|A/cattle/Texas/24-008749-003/2024(H5N1)	2099	2127
PB1|PP755595.1|A/cattle/Texas/24-008749-003/2024(H5N1)	2100	2096
PB1|PP755595.1|A/cattle/Texas/24-008749-003/2024(H5N1)	2101	2097
PB1|PP755595.1|A/cattle/Texas/24-008749-003/2024(H5N1)	2102	2096
PB1|PP755595.1|A/cattle/Texas/24-008749-003/2024(H5N1)	2103	2029
PB1|PP755595.1|A/cattle/Texas/24-008749-003/2024(H5N1)	2104	2029
PB1|PP755595.1|A/cattle/Texas/24-008749-003/2024(H5N1)	2105	2041
PB1|PP755595.1|A/cattle/Texas/24-008749-003/2024(H5N1)	2106	2189
PB1|PP755595.1|A/cattle/Texas/24-008749-003/2024(H5N1)	2107	2225
PB1|PP755595.1|A/cattle/Texas/24-008749-003/2024(H5N1)	2108	2227
PB1|PP755595.1|A/cattle/Texas/24-008749-003/2024(H5N1)	2109	2258
PB1|PP755595.1|A/cattle/Texas/24-008749-003/2024(H5N1)	2110	2296
PB1|PP755595.1|A/cattle/Texas/24-008749-003/2024(H5N1)	2111	2311
PB1|PP755595.1|A/cattle/Texas/24-008749-003/2024(H5N1)	2112	2334
PB1|PP755595.1|A/cattle/Texas/24-008749-003/2024(H5N1)	2113	2343
PB1|PP755595.1|A/cattle/Texas/24-008749-003/2024(H5N1)	2114	2368
PB1|PP755595.1|A/cattle/Texas/24-008749-003/2024(H5N1)	2115	2218
PB1|PP755595.1|A/cattle/Texas/24-008749-003/2024(H5N1)	2116	2221
PB1|PP755595.1|A/cattle/Texas/24-008749-003/2024(H5N1)	2117	2223
PB1|PP755595.1|A/cattle/Texas/24-008749-003/2024(H5N1)	2118	2226
PB1|PP755595.1|A/cattle/Texas/24-008749-003/2024(H5N1)	2119	2226
PB1|PP755595.1|A/cattle/Texas/24-008749-003/2024(H5N1)	2120	2226
PB1|PP755595.1|A/cattle/Texas/24-008749-003/2024(H5N1)	2121	2174
PB1|PP755595.1|A/cattle/Texas/24-008749-003/2024(H5N1)	2122	2185
PB1|PP755595.1|A/cattle/Texas/24-008749-003/2024(H5N1)	2123	2189
PB1|PP755595.1|A/cattle/Texas/24-008749-003/2024(H5N1)	2124	2188
PB1|PP755595.1|A/cattle/Texas/24-008749-003/2024(H5N1)	2125	2237
PB1|PP755595.1|A/cattle/Texas/24-008749-003/2024(H5N1)	2126	2258
PB1|PP755595.1|A/cattle/Texas/24-008749-003/2024(H5N1)	2127	2266
PB1|PP755595.1|A/cattle/Texas/24-008749-003/2024(H5N1)	2128	2270
PB1|PP755595.1|A/cattle/Texas/24-008749-003/2024(H5N1)	2129	2269
PB1|PP755595.1|A/cattle/Texas/24-008749-003/2024(H5N1)	2130	2281
PB1|PP755595.1|A/cattle/Texas/24-008749-003/2024(H5N1)	2131	2284
PB1|PP755595.1|A/cattle/Texas/24-008749-003/2024(H5N1)	2132	2285
PB1|PP755595.1|A/cattle/Texas/24-008749-003/2024(H5N1)	2133	2275
PB1|PP755595.1|A/cattle/Texas/24-008749-003/2024(H5N1)	2134	2341
PB1|PP755595.1|A/cattle/Texas/24-008749-003/2024(H5N1)	2135	2294
PB1|PP755595.1|A/cattle/Texas/24-008749-003/2024(H5N1)	2136	2295
PB1|PP755595.1|A/cattle/Texas/24-008749-003/2024(H5N1)	2137	2293
PB1|PP755595.1|A/cattle/Texas/24-008749-003/2024(H5N1)	2138	2296
PB1|PP755595.1|A/cattle/Texas/24-008749-003/2024(H5N1)	2139	2294
PB1|PP755595.1|A/cattle/Texas/24-008749-003/2024(H5N1)	2140	2400
PB1|PP755595.1|A/cattle/Texas/24-008749-003/2024(H5N1)	2141	2389
PB1|PP755595.1|A/cattle/Texas/24-008749-003/2024(H5N1)	2142	2396
PB1|PP755595.1|A/cattle/Texas/24-008749-003/2024(H5N1)	2143	2360
PB1|PP755595.1|A/cattle/Texas/24-008749-003/2024(H5N1)	2144	2357
PB1|PP755595.1|A/cattle/Texas/24-008749-003/2024(H5N1)	2145	2353
PB1|PP755595.1|A/cattle/Texas/24-008749-003/2024(H5N1)	2146	2353
PB1|PP755595.1|A/cattle/Texas/24-008749-003/2024(H5N1)	2147	2345
PB1|PP755595.1|A/cattle/Texas/24-008749-003/2024(H5N1)	2148	2352
PB1|PP755595.1|A/cattle/Texas/24-008749-003/2024(H5N1)	2149	2351
PB1|PP755595.1|A/cattle/Texas/24-008749-003/2024(H5N1)	2150	2343
PB1|PP755595.1|A/cattle/Texas/24-008749-003/2024(H5N1)	2151	2316
PB1|PP755595.1|A/cattle/Texas/24-008749-003/2024(H5N1)	2152	2196
PB1|PP755595.1|A/cattle/Texas/24-008749-003/2024(H5N1)	2153	2186
PB1|PP755595.1|A/cattle/Texas/24-008749-003/2024(H5N1)	2154	2192
PB1|PP755595.1|A/cattle/Texas/24-008749-003/2024(H5N1)	2155	2198
PB1|PP755595.1|A/cattle/Texas/24-008749-003/2024(H5N1)	2156	2193
PB1|PP755595.1|A/cattle/Texas/24-008749-003/2024(H5N1)	2157	2201
PB1|PP755595.1|A/cattle/Texas/24-008749-003/2024(H5N1)	2158	2182
PB1|PP755595.1|A/cattle/Texas/24-008749-003/2024(H5N1)	2159	2186
PB1|PP755595.1|A/cattle/Texas/24-008749-003/2024(H5N1)	2160	2188
PB1|PP755595.1|A/cattle/Texas/24-008749-003/2024(H5N1)	2161	2182
PB1|PP755595.1|A/cattle/Texas/24-008749-003/2024(H5N1)	2162	2177
PB1|PP755595.1|A/cattle/Texas/24-008749-003/2024(H5N1)	2163	2177
PB1|PP755595.1|A/cattle/Texas/24-008749-003/2024(H5N1)	2164	2172
PB1|PP755595.1|A/cattle/Texas/24-008749-003/2024(H5N1)	2165	2158
PB1|PP755595.1|A/cattle/Texas/24-008749-003/2024(H5N1)	2166	2363
PB1|PP755595.1|A/cattle/Texas/24-008749-003/2024(H5N1)	2167	2355
PB1|PP755595.1|A/cattle/Texas/24-008749-003/2024(H5N1)	2168	2354
PB1|PP755595.1|A/cattle/Texas/24-008749-003/2024(H5N1)	2169	2424
PB1|PP755595.1|A/cattle/Texas/24-008749-003/2024(H5N1)	2170	2422
PB1|PP755595.1|A/cattle/Texas/24-008749-003/2024(H5N1)	2171	2438
PB1|PP755595.1|A/cattle/Texas/24-008749-003/2024(H5N1)	2172	2346
PB1|PP755595.1|A/cattle/Texas/24-008749-003/2024(H5N1)	2173	2336
PB1|PP755595.1|A/cattle/Texas/24-008749-003/2024(H5N1)	2174	2274
PB1|PP755595.1|A/cattle/Texas/24-008749-003/2024(H5N1)	2175	2272
PB1|PP755595.1|A/cattle/Texas/24-008749-003/2024(H5N1)	2176	2265
PB1|PP755595.1|A/cattle/Texas/24-008749-003/2024(H5N1)	2177	2242
PB1|PP755595.1|A/cattle/Texas/24-008749-003/2024(H5N1)	2178	2239
PB1|PP755595.1|A/cattle/Texas/24-008749-003/2024(H5N1)	2179	2236
PB1|PP755595.1|A/cattle/Texas/24-008749-003/2024(H5N1)	2180	2229
PB1|PP755595.1|A/cattle/Texas/24-008749-003/2024(H5N1)	2181	2230
PB1|PP755595.1|A/cattle/Texas/24-008749-003/2024(H5N1)	2182	2224
PB1|PP755595.1|A/cattle/Texas/24-008749-003/2024(H5N1)	2183	2211
PB1|PP755595.1|A/cattle/Texas/24-008749-003/2024(H5N1)	2184	2101
PB1|PP755595.1|A/cattle/Texas/24-008749-003/2024(H5N1)	2185	2111
PB1|PP755595.1|A/cattle/Texas/24-008749-003/2024(H5N1)	2186	2101
PB1|PP755595.1|A/cattle/Texas/24-008749-003/2024(H5N1)	2187	2097
PB1|PP755595.1|A/cattle/Texas/24-008749-003/2024(H5N1)	2188	2085
PB1|PP755595.1|A/cattle/Texas/24-008749-003/2024(H5N1)	2189	2087
PB1|PP755595.1|A/cattle/Texas/24-008749-003/2024(H5N1)	2190	2049
PB1|PP755595.1|A/cattle/Texas/24-008749-003/2024(H5N1)	2191	2051
PB1|PP755595.1|A/cattle/Texas/24-008749-003/2024(H5N1)	2192	2064
PB1|PP755595.1|A/cattle/Texas/24-008749-003/2024(H5N1)	2193	2060
PB1|PP755595.1|A/cattle/Texas/24-008749-003/2024(H5N1)	2194	2037
PB1|PP755595.1|A/cattle/Texas/24-008749-003/2024(H5N1)	2195	2016
PB1|PP755595.1|A/cattle/Texas/24-008749-003/2024(H5N1)	2196	2009
PB1|PP755595.1|A/cattle/Texas/24-008749-003/2024(H5N1)	2197	2009
PB1|PP755595.1|A/cattle/Texas/24-008749-003/2024(H5N1)	2198	2009
PB1|PP755595.1|A/cattle/Texas/24-008749-003/2024(H5N1)	2199	2005
PB1|PP755595.1|A/cattle/Texas/24-008749-003/2024(H5N1)	2200	1978
PB1|PP755595.1|A/cattle/Texas/24-008749-003/2024(H5N1)	2201	1947
PB1|PP755595.1|A/cattle/Texas/24-008749-003/2024(H5N1)	2202	1930
PB1|PP755595.1|A/cattle/Texas/24-008749-003/2024(H5N1)	2203	1925
PB1|PP755595.1|A/cattle/Texas/24-008749-003/2024(H5N1)	2204	1910
PB1|PP755595.1|A/cattle/Texas/24-008749-003/2024(H5N1)	2205	1907
PB1|PP755595.1|A/cattle/Texas/24-008749-003/2024(H5N1)	2206	1907
PB1|PP755595.1|A/cattle/Texas/24-008749-003/2024(H5N1)	2207	1883
PB1|PP755595.1|A/cattle/Texas/24-008749-003/2024(H5N1)	2208	1882
PB1|PP755595.1|A/cattle/Texas/24-008749-003/2024(H5N1)	2209	1894
PB1|PP755595.1|A/cattle/Texas/24-008749-003/2024(H5N1)	2210	1894
PB1|PP755595.1|A/cattle/Texas/24-008749-003/2024(H5N1)	2211	1873
PB1|PP755595.1|A/cattle/Texas/24-008749-003/2024(H5N1)	2212	1853
PB1|PP755595.1|A/cattle/Texas/24-008749-003/2024(H5N1)	2213	1850
PB1|PP755595.1|A/cattle/Texas/24-008749-003/2024(H5N1)	2214	1847
PB1|PP755595.1|A/cattle/Texas/24-008749-003/2024(H5N1)	2215	1849
PB1|PP755595.1|A/cattle/Texas/24-008749-003/2024(H5N1)	2216	1838
PB1|PP755595.1|A/cattle/Texas/24-008749-003/2024(H5N1)	2217	1833
PB1|PP755595.1|A/cattle/Texas/24-008749-003/2024(H5N1)	2218	1821
PB1|PP755595.1|A/cattle/Texas/24-008749-003/2024(H5N1)	2219	1812
PB1|PP755595.1|A/cattle/Texas/24-008749-003/2024(H5N1)	2220	1802
PB1|PP755595.1|A/cattle/Texas/24-008749-003/2024(H5N1)	2221	1797
PB1|PP755595.1|A/cattle/Texas/24-008749-003/2024(H5N1)	2222	1774
PB1|PP755595.1|A/cattle/Texas/24-008749-003/2024(H5N1)	2223	1774
PB1|PP755595.1|A/cattle/Texas/24-008749-003/2024(H5N1)	2224	1774
PB1|PP755595.1|A/cattle/Texas/24-008749-003/2024(H5N1)	2225	1717
PB1|PP755595.1|A/cattle/Texas/24-008749-003/2024(H5N1)	2226	1706
PB1|PP755595.1|A/cattle/Texas/24-008749-003/2024(H5N1)	2227	1698
PB1|PP755595.1|A/cattle/Texas/24-008749-003/2024(H5N1)	2228	1691
PB1|PP755595.1|A/cattle/Texas/24-008749-003/2024(H5N1)	2229	1691
PB1|PP755595.1|A/cattle/Texas/24-008749-003/2024(H5N1)	2230	1693
PB1|PP755595.1|A/cattle/Texas/24-008749-003/2024(H5N1)	2231	1695
PB1|PP755595.1|A/cattle/Texas/24-008749-003/2024(H5N1)	2232	1687
PB1|PP755595.1|A/cattle/Texas/24-008749-003/2024(H5N1)	2233	1686
PB1|PP755595.1|A/cattle/Texas/24-008749-003/2024(H5N1)	2234	1679
PB1|PP755595.1|A/cattle/Texas/24-008749-003/2024(H5N1)	2235	1660
PB1|PP755595.1|A/cattle/Texas/24-008749-003/2024(H5N1)	2236	1633
PB1|PP755595.1|A/cattle/Texas/24-008749-003/2024(H5N1)	2237	1630
PB1|PP755595.1|A/cattle/Texas/24-008749-003/2024(H5N1)	2238	1618
PB1|PP755595.1|A/cattle/Texas/24-008749-003/2024(H5N1)	2239	1576
PB1|PP755595.1|A/cattle/Texas/24-008749-003/2024(H5N1)	2240	1577
PB1|PP755595.1|A/cattle/Texas/24-008749-003/2024(H5N1)	2241	1573
PB1|PP755595.1|A/cattle/Texas/24-008749-003/2024(H5N1)	2242	1573
PB1|PP755595.1|A/cattle/Texas/24-008749-003/2024(H5N1)	2243	1573
PB1|PP755595.1|A/cattle/Texas/24-008749-003/2024(H5N1)	2244	1511
PB1|PP755595.1|A/cattle/Texas/24-008749-003/2024(H5N1)	2245	1511
PB1|PP755595.1|A/cattle/Texas/24-008749-003/2024(H5N1)	2246	1510
PB1|PP755595.1|A/cattle/Texas/24-008749-003/2024(H5N1)	2247	1472
PB1|PP755595.1|A/cattle/Texas/24-008749-003/2024(H5N1)	2248	1466
PB1|PP755595.1|A/cattle/Texas/24-008749-003/2024(H5N1)	2249	1435
PB1|PP755595.1|A/cattle/Texas/24-008749-003/2024(H5N1)	2250	1432
PB1|PP755595.1|A/cattle/Texas/24-008749-003/2024(H5N1)	2251	1424
PB1|PP755595.1|A/cattle/Texas/24-008749-003/2024(H5N1)	2252	1420
PB1|PP755595.1|A/cattle/Texas/24-008749-003/2024(H5N1)	2253	1412
PB1|PP755595.1|A/cattle/Texas/24-008749-003/2024(H5N1)	2254	1408
PB1|PP755595.1|A/cattle/Texas/24-008749-003/2024(H5N1)	2255	1212
PB1|PP755595.1|A/cattle/Texas/24-008749-003/2024(H5N1)	2256	1207
PB1|PP755595.1|A/cattle/Texas/24-008749-003/2024(H5N1)	2257	1182
PB1|PP755595.1|A/cattle/Texas/24-008749-003/2024(H5N1)	2258	1162
PB1|PP755595.1|A/cattle/Texas/24-008749-003/2024(H5N1)	2259	1158
PB1|PP755595.1|A/cattle/Texas/24-008749-003/2024(H5N1)	2260	1144
PB1|PP755595.1|A/cattle/Texas/24-008749-003/2024(H5N1)	2261	1115
PB1|PP755595.1|A/cattle/Texas/24-008749-003/2024(H5N1)	2262	1104
PB1|PP755595.1|A/cattle/Texas/24-008749-003/2024(H5N1)	2263	1084
PB1|PP755595.1|A/cattle/Texas/24-008749-003/2024(H5N1)	2264	1070
PB1|PP755595.1|A/cattle/Texas/24-008749-003/2024(H5N1)	2265	1019
PB1|PP755595.1|A/cattle/Texas/24-008749-003/2024(H5N1)	2266	1008
PB1|PP755595.1|A/cattle/Texas/24-008749-003/2024(H5N1)	2267	1004
PB1|PP755595.1|A/cattle/Texas/24-008749-003/2024(H5N1)	2268	995
PB1|PP755595.1|A/cattle/Texas/24-008749-003/2024(H5N1)	2269	995
PB1|PP755595.1|A/cattle/Texas/24-008749-003/2024(H5N1)	2270	995
PB1|PP755595.1|A/cattle/Texas/24-008749-003/2024(H5N1)	2271	995
PB1|PP755595.1|A/cattle/Texas/24-008749-003/2024(H5N1)	2272	991
PB1|PP755595.1|A/cattle/Texas/24-008749-003/2024(H5N1)	2273	975
PB1|PP755595.1|A/cattle/Texas/24-008749-003/2024(H5N1)	2274	970
