PB2|PP755596.1|A/cattle/Texas/24-008749-003/2024(H5N1)	1	1836
PB2|PP755596.1|A/cattle/Texas/24-008749-003/2024(H5N1)	2	1845
PB2|PP755596.1|A/cattle/Texas/24-008749-003/2024(H5N1)	3	1877
PB2|PP755596.1|A/cattle/Texas/24-008749-003/2024(H5N1)	4	1880
PB2|PP755596.1|A/cattle/Texas/24-008749-003/2024(H5N1)	5	1892
PB2|PP755596.1|A/cattle/Texas/24-008749-003/2024(H5N1)	6	1904
PB2|PP755596.1|A/cattle/Texas/24-008749-003/2024(H5N1)	7	1915
PB2|PP755596.1|A/cattle/Texas/24-008749-003/2024(H5N1)	8	2118
PB2|PP755596.1|A/cattle/Texas/24-008749-003/2024(H5N1)	9	2122
PB2|PP755596.1|A/cattle/Texas/24-008749-003/2024(H5N1)	10	2129
PB2|PP755596.1|A/cattle/Texas/24-008749-003/2024(H5N1)	11	2163
PB2|PP755596.1|A/cattle/Texas/24-008749-003/2024(H5N1)	12	2173
PB2|PP755596.1|A/cattle/Texas/24-008749-003/2024(H5N1)	13	2175
PB2|PP755596.1|A/cattle/Texas/24-008749-003/2024(H5N1)	14	2175
PB2|PP755596.1|A/cattle/Texas/24-008749-003/2024(H5N1)	15	2177
PB2|PP755596.1|A/cattle/Texas/24-008749-003/2024(H5N1)	16	2235
PB2|PP755596.1|A/cattle/Texas/24-008749-003/2024(H5N1)	17	2312
PB2|PP755596.1|A/cattle/Texas/24-008749-003/2024(H5N1)	18	2315
PB2|PP755596.1|A/cattle/Texas/24-008749-003/2024(H5N1)	19	2317
PB2|PP755596.1|A/cattle/Texas/24-008749-003/2024(H5N1)	20	2319
PB2|PP755596.1|A/cattle/Texas/24-008749-003/2024(H5N1)	21	2342
PB2|PP755596.1|A/cattle/Texas/24-008749-003/2024(H5N1)	22	2348
PB2|PP755596.1|A/cattle/Texas/24-008749-003/2024(H5N1)	23	2354
PB2|PP755596.1|A/cattle/Texas/24-008749-003/2024(H5N1)	24	2383
PB2|PP755596.1|A/cattle/Texas/24-008749-003/2024(H5N1)	25	2453
PB2|PP755596.1|A/cattle/Texas/24-008749-003/2024(H5N1)	26	2539
PB2|PP755596.1|A/cattle/Texas/24-008749-003/2024(H5N1)	27	2549
PB2|PP755596.1|A/cattle/Texas/24-008749-003/2024(H5N1)	28	2560
PB2|PP755596.1|A/cattle/Texas/24-008749-003/2024(H5N1)	29	2563
PB2|PP755596.1|A/cattle/Texas/24-008749-003/2024(H5N1)	30	2568
PB2|PP755596.1|A/cattle/Texas/24-008749-003/2024(H5N1)	31	2633
PB2|PP755596.1|A/cattle/Texas/24-008749-003/2024(H5N1)	32	2645
PB2|PP755596.1|A/cattle/Texas/24-008749-003/2024(H5N1)	33	2663
PB2|PP755596.1|A/cattle/Texas/24-008749-003/2024(H5N1)	34	2681
PB2|PP755596.1|A/cattle/Texas/24-008749-003/2024(H5N1)	35	2686
PB2|PP755596.1|A/cattle/Texas/24-008749-003/2024(H5N1)	36	2687
PB2|PP755596.1|A/cattle/Texas/24-008749-003/2024(H5N1)	37	2691
PB2|PP755596.1|A/cattle/Texas/24-008749-003/2024(H5N1)	38	2693
PB2|PP755596.1|A/cattle/Texas/24-008749-003/2024(H5N1)	39	2801
PB2|PP755596.1|A/cattle/Texas/24-008749-003/2024(H5N1)	40	2829
PB2|PP755596.1|A/cattle/Texas/24-008749-003/2024(H5N1)	41	2828
PB2|PP755596.1|A/cattle/Texas/24-008749-003/2024(H5N1)	42	2830
PB2|PP755596.1|A/cattle/Texas/24-008749-003/2024(H5N1)	43	2840
PB2|PP755596.1|A/cattle/Texas/24-008749-003/2024(H5N1)	44	2843
PB2|PP755596.1|A/cattle/Texas/24-008749-003/2024(H5N1)	45	2845
PB2|PP755596.1|A/cattle/Texas/24-008749-003/2024(H5N1)	46	2851
PB2|PP755596.1|A/cattle/Texas/24-008749-003/2024(H5N1)	47	2871
PB2|PP755596.1|A/cattle/Texas/24-008749-003/2024(H5N1)	48	2848
PB2|PP755596.1|A/cattle/Texas/24-008749-003/2024(H5N1)	49	2895
PB2|PP755596.1|A/cattle/Texas/24-008749-003/2024(H5N1)	50	2909
PB2|PP755596.1|A/cattle/Texas/24-008749-003/2024(H5N1)	51	2928
PB2|PP755596.1|A/cattle/Texas/24-008749-003/2024(H5N1)	52	2928
PB2|PP755596.1|A/cattle/Texas/24-008749-003/2024(H5N1)	53	2929
PB2|PP755596.1|A/cattle/Texas/24-008749-003/2024(H5N1)	54	2963
PB2|PP755596.1|A/cattle/Texas/24-008749-003/2024(H5N1)	55	3092
PB2|PP755596.1|A/cattle/Texas/24-008749-003/2024(H5N1)	56	3119
PB2|PP755596.1|A/cattle/Texas/24-008749-003/2024(H5N1)	57	3120
PB2|PP755596.1|A/cattle/Texas/24-008749-003/2024(H5N1)	58	3126
PB2|PP755596.1|A/cattle/Texas/24-008749-003/2024(H5N1)	59	3124
PB2|PP755596.1|A/cattle/Texas/24-008749-003/2024(H5N1)	60	3181
PB2|PP755596.1|A/cattle/Texas/24-008749-003/2024(H5N1)	61	3190
PB2|PP755596.1|A/cattle/Texas/24-008749-003/2024(H5N1)	62	3200
PB2|PP755596.1|A/cattle/Texas/24-008749-003/2024(H5N1)	63	3201
PB2|PP755596.1|A/cattle/Texas/24-008749-003/2024(H5N1)	64	3173
PB2|PP755596.1|A/cattle/Texas/24-008749-003/2024(H5N1)	65	3184
PB2|PP755596.1|A/cattle/Texas/24-008749-003/2024(H5N1)	66	3205
PB2|PP755596.1|A/cattle/Texas/24-008749-003/2024(H5N1)	67	3229
PB2|PP755596.1|A/cattle/Texas/24-008749-003/2024(H5N1)	68	3273
PB2|PP755596.1|A/cattle/Texas/24-008749-003/2024(H5N1)	69	3253
PB2|PP755596.1|A/cattle/Texas/24-008749-003/2024(H5N1)	70	3246
PB2|PP755596.1|A/cattle/Texas/24-008749-003/2024(H5N1)	71	3324
PB2|PP755596.1|A/cattle/Texas/24-008749-003/2024(H5N1)	72	3355
PB2|PP755596.1|A/cattle/Texas/24-008749-003/2024(H5N1)	73	3467
PB2|PP755596.1|A/cattle/Texas/24-008749-003/2024(H5N1)	74	3497
PB2|PP755596.1|A/cattle/Texas/24-008749-003/2024(H5N1)	75	3495
PB2|PP755596.1|A/cattle/Texas/24-008749-003/2024(H5N1)	76	3495
PB2|PP755596.1|A/cattle/Texas/24-008749-003/2024(H5N1)	77	3494
PB2|PP755596.1|A/cattle/Texas/24-008749-003/2024(H5N1)	78	3580
PB2|PP755596.1|A/cattle/Texas/24-008749-003/2024(H5N1)	79	3630
PB2|PP755596.1|A/cattle/Texas/24-008749-003/2024(H5N1)	80	3618
PB2|PP755596.1|A/cattle/Texas/24-008749-003/2024(H5N1)	81	3628
PB2|PP755596.1|A/cattle/Texas/24-008749-003/2024(H5N1)	82	3579
PB2|PP755596.1|A/cattle/Texas/24-008749-003/2024(H5N1)	83	3581
PB2|PP755596.1|A/cattle/Texas/24-008749-003/2024(H5N1)	84	3596
PB2|PP755596.1|A/cattle/Texas/24-008749-003/2024(H5N1)	85	3689
PB2|PP755596.1|A/cattle/Texas/24-008749-003/2024(H5N1)	86	3701
PB2|PP755596.1|A/cattle/Texas/24-008749-003/2024(H5N1)	87	3725
PB2|PP755596.1|A/cattle/Texas/24-008749-003/2024(H5N1)	88	3725
PB2|PP755596.1|A/cattle/Texas/24-008749-003/2024(H5N1)	89	3742
PB2|PP755596.1|A/cattle/Texas/24-008749-003/2024(H5N1)	90	3738
PB2|PP755596.1|A/cattle/Texas/24-008749-003/2024(H5N1)	91	3793
PB2|PP755596.1|A/cattle/Texas/24-008749-003/2024(H5N1)	92	3825
PB2|PP755596.1|A/cattle/Texas/24-008749-003/2024(H5N1)	93	3814
PB2|PP755596.1|A/cattle/Texas/24-008749-003/2024(H5N1)	94	3792
PB2|PP755596.1|A/cattle/Texas/24-008749-003/2024(H5N1)	95	3793
PB2|PP755596.1|A/cattle/Texas/24-008749-003/2024(H5N1)	96	3826
PB2|PP755596.1|A/cattle/Texas/24-008749-003/2024(H5N1)	97	3868
PB2|PP755596.1|A/cattle/Texas/24-008749-003/2024(H5N1)	98	3849
PB2|PP755596.1|A/cattle/Texas/24-008749-003/2024(H5N1)	99	3957
PB2|PP755596.1|A/cattle/Texas/24-008749-003/2024(H5N1)	100	3936
PB2|PP755596.1|A/cattle/Texas/24-008749-003/2024(H5N1)	101	3933
PB2|PP755596.1|A/cattle/Texas/24-008749-003/2024(H5N1)	102	3950
PB2|PP755596.1|A/cattle/Texas/24-008749-003/2024(H5N1)	103	3952
PB2|PP755596.1|A/cattle/Texas/24-008749-003/2024(H5N1)	104	4086
PB2|PP755596.1|A/cattle/Texas/24-008749-003/2024(H5N1)	105	4052
PB2|PP755596.1|A/cattle/Texas/24-008749-003/2024(H5N1)	106	4068
PB2|PP755596.1|A/cattle/Texas/24-008749-003/2024(H5N1)	107	4064
PB2|PP755596.1|A/cattle/Texas/24-008749-003/2024(H5N1)	108	3981
PB2|PP755596.1|A/cattle/Texas/24-008749-003/2024(H5N1)	109	3981
PB2|PP755596.1|A/cattle/Texas/24-008749-003/2024(H5N1)	110	3997
PB2|PP755596.1|A/cattle/Texas/24-008749-003/2024(H5N1)	111	4085
PB2|PP755596.1|A/cattle/Texas/24-008749-003/2024(H5N1)	112	4073
PB2|PP755596.1|A/cattle/Texas/24-008749-003/2024(H5N1)	113	4011
PB2|PP755596.1|A/cattle/Texas/24-008749-003/2024(H5N1)	114	4025
PB2|PP755596.1|A/cattle/Texas/24-008749-003/2024(H5N1)	115	4057
PB2|PP755596.1|A/cattle/Texas/24-008749-003/2024(H5N1)	116	4067
PB2|PP755596.1|A/cattle/Texas/24-008749-003/2024(H5N1)	117	4070
PB2|PP755596.1|A/cattle/Texas/24-008749-003/2024(H5N1)	118	4209
PB2|PP755596.1|A/cattle/Texas/24-008749-003/2024(H5N1)	119	4280
PB2|PP755596.1|A/cattle/Texas/24-008749-003/2024(H5N1)	120	4298
PB2|PP755596.1|A/cattle/Texas/24-008749-003/2024(H5N1)	121	4385
PB2|PP755596.1|A/cattle/Texas/24-008749-003/2024(H5N1)	122	4329
PB2|PP755596.1|A/cattle/Texas/24-008749-003/2024(H5N1)	123	4330
PB2|PP755596.1|A/cattle/Texas/24-008749-003/2024(H5N1)	124	3974
PB2|PP755596.1|A/cattle/Texas/24-008749-003/2024(H5N1)	125	4002
PB2|PP755596.1|A/cattle/Texas/24-008749-003/2024(H5N1)	126	3865
PB2|PP755596.1|A/cattle/Texas/24-008749-003/2024(H5N1)	127	3784
PB2|PP755596.1|A/cattle/Texas/24-008749-003/2024(H5N1)	128	3796
PB2|PP755596.1|A/cattle/Texas/24-008749-003/2024(H5N1)	129	3875
PB2|PP755596.1|A/cattle/Texas/24-008749-003/2024(H5N1)	130	3894
PB2|PP755596.1|A/cattle/Texas/24-008749-003/2024(H5N1)	131	3912
PB2|PP755596.1|A/cattle/Texas/24-008749-003/2024(H5N1)	132	3917
PB2|PP755596.1|A/cattle/Texas/24-008749-003/2024(H5N1)	133	3846
PB2|PP755596.1|A/cattle/Texas/24-008749-003/2024(H5N1)	134	3751
PB2|PP755596.1|A/cattle/Texas/24-008749-003/2024(H5N1)	135	3750
PB2|PP755596.1|A/cattle/Texas/24-008749-003/2024(H5N1)	136	3719
PB2|PP755596.1|A/cattle/Texas/24-008749-003/2024(H5N1)	137	3820
PB2|PP755596.1|A/cattle/Texas/24-008749-003/2024(H5N1)	138	3847
PB2|PP755596.1|A/cattle/Texas/24-008749-003/2024(H5N1)	139	3836
PB2|PP755596.1|A/cattle/Texas/24-008749-003/2024(H5N1)	140	3780
PB2|PP755596.1|A/cattle/Texas/24-008749-003/2024(H5N1)	141	3806
PB2|PP755596.1|A/cattle/Texas/24-008749-003/2024(H5N1)	142	3844
PB2|PP755596.1|A/cattle/Texas/24-008749-003/2024(H5N1)	143	3834
PB2|PP755596.1|A/cattle/Texas/24-008749-003/2024(H5N1)	144	3850
PB2|PP755596.1|A/cattle/Texas/24-008749-003/2024(H5N1)	145	3797
PB2|PP755596.1|A/cattle/Texas/24-008749-003/2024(H5N1)	146	3733
PB2|PP755596.1|A/cattle/Texas/24-008749-003/2024(H5N1)	147	3757
PB2|PP755596.1|A/cattle/Texas/24-008749-003/2024(H5N1)	148	3749
PB2|PP755596.1|A/cattle/Texas/24-008749-003/2024(H5N1)	149	3735
PB2|PP755596.1|A/cattle/Texas/24-008749-003/2024(H5N1)	150	3686
PB2|PP755596.1|A/cattle/Texas/24-008749-003/2024(H5N1)	151	3675
PB2|PP755596.1|A/cattle/Texas/24-008749-003/2024(H5N1)	152	3704
PB2|PP755596.1|A/cattle/Texas/24-008749-003/2024(H5N1)	153	3716
PB2|PP755596.1|A/cattle/Texas/24-008749-003/2024(H5N1)	154	3717
PB2|PP755596.1|A/cattle/Texas/24-008749-003/2024(H5N1)	155	3750
PB2|PP755596.1|A/cattle/Texas/24-008749-003/2024(H5N1)	156	3717
PB2|PP755596.1|A/cattle/Texas/24-008749-003/2024(H5N1)	157	3729
PB2|PP755596.1|A/cattle/Texas/24-008749-003/2024(H5N1)	158	3733
PB2|PP755596.1|A/cattle/Texas/24-008749-003/2024(H5N1)	159	3716
PB2|PP755596.1|A/cattle/Texas/24-008749-003/2024(H5N1)	160	3753
PB2|PP755596.1|A/cattle/Texas/24-008749-003/2024(H5N1)	161	3761
PB2|PP755596.1|A/cattle/Texas/24-008749-003/2024(H5N1)	162	3723
PB2|PP755596.1|A/cattle/Texas/24-008749-003/2024(H5N1)	163	3727
PB2|PP755596.1|A/cattle/Texas/24-008749-003/2024(H5N1)	164	3706
PB2|PP755596.1|A/cattle/Texas/24-008749-003/2024(H5N1)	165	3734
PB2|PP755596.1|A/cattle/Texas/24-008749-003/2024(H5N1)	166	3701
PB2|PP755596.1|A/cattle/Texas/24-008749-003/2024(H5N1)	167	3703
PB2|PP755596.1|A/cattle/Texas/24-008749-003/2024(H5N1)	168	3660
PB2|PP755596.1|A/cattle/Texas/24-008749-003/2024(H5N1)	169	3662
PB2|PP755596.1|A/cattle/Texas/24-008749-003/2024(H5N1)	170	3667
PB2|PP755596.1|A/cattle/Texas/24-008749-003/2024(H5N1)	171	3660
PB2|PP755596.1|A/cattle/Texas/24-008749-003/2024(H5N1)	172	3647
PB2|PP755596.1|A/cattle/Texas/24-008749-003/2024(H5N1)	173	3722
PB2|PP755596.1|A/cattle/Texas/24-008749-003/2024(H5N1)	174	3676
PB2|PP755596.1|A/cattle/Texas/24-008749-003/2024(H5N1)	175	3700
PB2|PP755596.1|A/cattle/Texas/24-008749-003/2024(H5N1)	176	3719
PB2|PP755596.1|A/cattle/Texas/24-008749-003/2024(H5N1)	177	3676
PB2|PP755596.1|A/cattle/Texas/24-008749-003/2024(H5N1)	178	3674
PB2|PP755596.1|A/cattle/Texas/24-008749-003/2024(H5N1)	179	3730
PB2|PP755596.1|A/cattle/Texas/24-008749-003/2024(H5N1)	180	3760
PB2|PP755596.1|A/cattle/Texas/24-008749-003/2024(H5N1)	181	3760
PB2|PP755596.1|A/cattle/Texas/24-008749-003/2024(H5N1)	182	3676
PB2|PP755596.1|A/cattle/Texas/24-008749-003/2024(H5N1)	183	3671
PB2|PP755596.1|A/cattle/Texas/24-008749-003/2024(H5N1)	184	3638
PB2|PP755596.1|A/cattle/Texas/24-008749-003/2024(H5N1)	185	3647
PB2|PP755596.1|A/cattle/Texas/24-008749-003/2024(H5N1)	186	3653
PB2|PP755596.1|A/cattle/Texas/24-008749-003/2024(H5N1)	187	3646
PB2|PP755596.1|A/cattle/Texas/24-008749-003/2024(H5N1)	188	3654
PB2|PP755596.1|A/cattle/Texas/24-008749-003/2024(H5N1)	189	3634
PB2|PP755596.1|A/cattle/Texas/24-008749-003/2024(H5N1)	190	3728
PB2|PP755596.1|A/cattle/Texas/24-008749-003/2024(H5N1)	191	3715
PB2|PP755596.1|A/cattle/Texas/24-008749-003/2024(H5N1)	192	3721
PB2|PP755596.1|A/cattle/Texas/24-008749-003/2024(H5N1)	193	3734
PB2|PP755596.1|A/cattle/Texas/24-008749-003/2024(H5N1)	194	3728
PB2|PP755596.1|A/cattle/Texas/24-008749-003/2024(H5N1)	195	3746
PB2|PP755596.1|A/cattle/Texas/24-008749-003/2024(H5N1)	196	3746
PB2|PP755596.1|A/cattle/Texas/24-008749-003/2024(H5N1)	197	3752
PB2|PP755596.1|A/cattle/Texas/24-008749-003/2024(H5N1)	198	3742
PB2|PP755596.1|A/cattle/Texas/24-008749-003/2024(H5N1)	199	3739
PB2|PP755596.1|A/cattle/Texas/24-008749-003/2024(H5N1)	200	3743
PB2|PP755596.1|A/cattle/Texas/24-008749-003/2024(H5N1)	201	3743
PB2|PP755596.1|A/cattle/Texas/24-008749-003/2024(H5N1)	202	3748
PB2|PP755596.1|A/cattle/Texas/24-008749-003/2024(H5N1)	203	3648
PB2|PP755596.1|A/cattle/Texas/24-008749-003/2024(H5N1)	204	3645
PB2|PP755596.1|A/cattle/Texas/24-008749-003/2024(H5N1)	205	3647
PB2|PP755596.1|A/cattle/Texas/24-008749-003/2024(H5N1)	206	3634
PB2|PP755596.1|A/cattle/Texas/24-008749-003/2024(H5N1)	207	3620
PB2|PP755596.1|A/cattle/Texas/24-008749-003/2024(H5N1)	208	3619
PB2|PP755596.1|A/cattle/Texas/24-008749-003/2024(H5N1)	209	3645
PB2|PP755596.1|A/cattle/Texas/24-008749-003/2024(H5N1)	210	3663
PB2|PP755596.1|A/cattle/Texas/24-008749-003/2024(H5N1)	211	3596
PB2|PP755596.1|A/cattle/Texas/24-008749-003/2024(H5N1)	212	3592
PB2|PP755596.1|A/cattle/Texas/24-008749-003/2024(H5N1)	213	3582
PB2|PP755596.1|A/cattle/Texas/24-008749-003/2024(H5N1)	214	3606
PB2|PP755596.1|A/cattle/Texas/24-008749-003/2024(H5N1)	215	3624
PB2|PP755596.1|A/cattle/Texas/24-008749-003/2024(H5N1)	216	3620
PB2|PP755596.1|A/cattle/Texas/24-008749-003/2024(H5N1)	217	3605
PB2|PP755596.1|A/cattle/Texas/24-008749-003/2024(H5N1)	218	3563
PB2|PP755596.1|A/cattle/Texas/24-008749-003/2024(H5N1)	219	3523
PB2|PP755596.1|A/cattle/Texas/24-008749-003/2024(H5N1)	220	3592
PB2|PP755596.1|A/cattle/Texas/24-008749-003/2024(H5N1)	221	3608
PB2|PP755596.1|A/cattle/Texas/24-008749-003/2024(H5N1)	222	3573
PB2|PP755596.1|A/cattle/Texas/24-008749-003/2024(H5N1)	223	3444
PB2|PP755596.1|A/cattle/Texas/24-008749-003/2024(H5N1)	224	3399
PB2|PP755596.1|A/cattle/Texas/24-008749-003/2024(H5N1)	225	3398
PB2|PP755596.1|A/cattle/Texas/24-008749-003/2024(H5N1)	226	3422
PB2|PP755596.1|A/cattle/Texas/24-008749-003/2024(H5N1)	227	3425
PB2|PP755596.1|A/cattle/Texas/24-008749-003/2024(H5N1)	228	3399
PB2|PP755596.1|A/cattle/Texas/24-008749-003/2024(H5N1)	229	3419
PB2|PP755596.1|A/cattle/Texas/24-008749-003/2024(H5N1)	230	3336
PB2|PP755596.1|A/cattle/Texas/24-008749-003/2024(H5N1)	231	3333
PB2|PP755596.1|A/cattle/Texas/24-008749-003/2024(H5N1)	232	3331
PB2|PP755596.1|A/cattle/Texas/24-008749-003/2024(H5N1)	233	3333
PB2|PP755596.1|A/cattle/Texas/24-008749-003/2024(H5N1)	234	3361
PB2|PP755596.1|A/cattle/Texas/24-008749-003/2024(H5N1)	235	3319
PB2|PP755596.1|A/cattle/Texas/24-008749-003/2024(H5N1)	236	3269
PB2|PP755596.1|A/cattle/Texas/24-008749-003/2024(H5N1)	237	3269
PB2|PP755596.1|A/cattle/Texas/24-008749-003/2024(H5N1)	238	3197
PB2|PP755596.1|A/cattle/Texas/24-008749-003/2024(H5N1)	239	3240
PB2|PP755596.1|A/cattle/Texas/24-008749-003/2024(H5N1)	240	3251
PB2|PP755596.1|A/cattle/Texas/24-008749-003/2024(H5N1)	241	3255
PB2|PP755596.1|A/cattle/Texas/24-008749-003/2024(H5N1)	242	3226
PB2|PP755596.1|A/cattle/Texas/24-008749-003/2024(H5N1)	243	3210
PB2|PP755596.1|A/cattle/Texas/24-008749-003/2024(H5N1)	244	3243
PB2|PP755596.1|A/cattle/Texas/24-008749-003/2024(H5N1)	245	3342
PB2|PP755596.1|A/cattle/Texas/24-008749-003/2024(H5N1)	246	3338
PB2|PP755596.1|A/cattle/Texas/24-008749-003/2024(H5N1)	247	3315
PB2|PP755596.1|A/cattle/Texas/24-008749-003/2024(H5N1)	248	3265
PB2|PP755596.1|A/cattle/Texas/24-008749-003/2024(H5N1)	249	3252
PB2|PP755596.1|A/cattle/Texas/24-008749-003/2024(H5N1)	250	3184
PB2|PP755596.1|A/cattle/Texas/24-008749-003/2024(H5N1)	251	3204
PB2|PP755596.1|A/cattle/Texas/24-008749-003/2024(H5N1)	252	3207
PB2|PP755596.1|A/cattle/Texas/24-008749-003/2024(H5N1)	253	3364
PB2|PP755596.1|A/cattle/Texas/24-008749-003/2024(H5N1)	254	3369
PB2|PP755596.1|A/cattle/Texas/24-008749-003/2024(H5N1)	255	3335
PB2|PP755596.1|A/cattle/Texas/24-008749-003/2024(H5N1)	256	3337
PB2|PP755596.1|A/cattle/Texas/24-008749-003/2024(H5N1)	257	3348
PB2|PP755596.1|A/cattle/Texas/24-008749-003/2024(H5N1)	258	3341
PB2|PP755596.1|A/cattle/Texas/24-008749-003/2024(H5N1)	259	3395
PB2|PP755596.1|A/cattle/Texas/24-008749-003/2024(H5N1)	260	3414
PB2|PP755596.1|A/cattle/Texas/24-008749-003/2024(H5N1)	261	3423
PB2|PP755596.1|A/cattle/Texas/24-008749-003/2024(H5N1)	262	3253
PB2|PP755596.1|A/cattle/Texas/24-008749-003/2024(H5N1)	263	3362
PB2|PP755596.1|A/cattle/Texas/24-008749-003/2024(H5N1)	264	3313
PB2|PP755596.1|A/cattle/Texas/24-008749-003/2024(H5N1)	265	3380
PB2|PP755596.1|A/cattle/Texas/24-008749-003/2024(H5N1)	266	3330
PB2|PP755596.1|A/cattle/Texas/24-008749-003/2024(H5N1)	267	3318
PB2|PP755596.1|A/cattle/Texas/24-008749-003/2024(H5N1)	268	3237
PB2|PP755596.1|A/cattle/Texas/24-008749-003/2024(H5N1)	269	3166
PB2|PP755596.1|A/cattle/Texas/24-008749-003/2024(H5N1)	270	3188
PB2|PP755596.1|A/cattle/Texas/24-008749-003/2024(H5N1)	271	3318
PB2|PP755596.1|A/cattle/Texas/24-008749-003/2024(H5N1)	272	3237
PB2|PP755596.1|A/cattle/Texas/24-008749-003/2024(H5N1)	273	3238
PB2|PP755596.1|A/cattle/Texas/24-008749-003/2024(H5N1)	274	3173
PB2|PP755596.1|A/cattle/Texas/24-008749-003/2024(H5N1)	275	3110
PB2|PP755596.1|A/cattle/Texas/24-008749-003/2024(H5N1)	276	3120
PB2|PP755596.1|A/cattle/Texas/24-008749-003/2024(H5N1)	277	3227
PB2|PP755596.1|A/cattle/Texas/24-008749-003/2024(H5N1)	278	3234
PB2|PP755596.1|A/cattle/Texas/24-008749-003/2024(H5N1)	279	3218
PB2|PP755596.1|A/cattle/Texas/24-008749-003/2024(H5N1)	280	3061
PB2|PP755596.1|A/cattle/Texas/24-008749-003/2024(H5N1)	281	3040
PB2|PP755596.1|A/cattle/Texas/24-008749-003/2024(H5N1)	282	3113
PB2|PP755596.1|A/cattle/Texas/24-008749-003/2024(H5N1)	283	3126
PB2|PP755596.1|A/cattle/Texas/24-008749-003/2024(H5N1)	284	3080
PB2|PP755596.1|A/cattle/Texas/24-008749-003/2024(H5N1)	285	3040
PB2|PP755596.1|A/cattle/Texas/24-008749-003/2024(H5N1)	286	3014
PB2|PP755596.1|A/cattle/Texas/24-008749-003/2024(H5N1)	287	3002
PB2|PP755596.1|A/cattle/Texas/24-008749-003/2024(H5N1)	288	3004
PB2|PP755596.1|A/cattle/Texas/24-008749-003/2024(H5N1)	289	3027
PB2|PP755596.1|A/cattle/Texas/24-008749-003/2024(H5N1)	290	3052
PB2|PP755596.1|A/cattle/Texas/24-008749-003/2024(H5N1)	291	2999
PB2|PP755596.1|A/cattle/Texas/24-008749-003/2024(H5N1)	292	3000
PB2|PP755596.1|A/cattle/Texas/24-008749-003/2024(H5N1)	293	2978
PB2|PP755596.1|A/cattle/Texas/24-008749-003/2024(H5N1)	294	3020
PB2|PP755596.1|A/cattle/Texas/24-008749-003/2024(H5N1)	295	3188
PB2|PP755596.1|A/cattle/Texas/24-008749-003/2024(H5N1)	296	3194
PB2|PP755596.1|A/cattle/Texas/24-008749-003/2024(H5N1)	297	3270
PB2|PP755596.1|A/cattle/Texas/24-008749-003/2024(H5N1)	298	3248
PB2|PP755596.1|A/cattle/Texas/24-008749-003/2024(H5N1)	299	3248
PB2|PP755596.1|A/cattle/Texas/24-008749-003/2024(H5N1)	300	3288
PB2|PP755596.1|A/cattle/Texas/24-008749-003/2024(H5N1)	301	3271
PB2|PP755596.1|A/cattle/Texas/24-008749-003/2024(H5N1)	302	3326
PB2|PP755596.1|A/cattle/Texas/24-008749-003/2024(H5N1)	303	3313
PB2|PP755596.1|A/cattle/Texas/24-008749-003/2024(H5N1)	304	3292
PB2|PP755596.1|A/cattle/Texas/24-008749-003/2024(H5N1)	305	3311
PB2|PP755596.1|A/cattle/Texas/24-008749-003/2024(H5N1)	306	3245
PB2|PP755596.1|A/cattle/Texas/24-008749-003/2024(H5N1)	307	3247
PB2|PP755596.1|A/cattle/Texas/24-008749-003/2024(H5N1)	308	3281
PB2|PP755596.1|A/cattle/Texas/24-008749-003/2024(H5N1)	309	3283
PB2|PP755596.1|A/cattle/Texas/24-008749-003/2024(H5N1)	310	3337
PB2|PP755596.1|A/cattle/Texas/24-008749-003/2024(H5N1)	311	3281
PB2|PP755596.1|A/cattle/Texas/24-008749-003/2024(H5N1)	312	3294
PB2|PP755596.1|A/cattle/Texas/24-008749-003/2024(H5N1)	313	3313
PB2|PP755596.1|A/cattle/Texas/24-008749-003/2024(H5N1)	314	3377
PB2|PP755596.1|A/cattle/Texas/24-008749-003/2024(H5N1)	315	3413
PB2|PP755596.1|A/cattle/Texas/24-008749-003/2024(H5N1)	316	3398
PB2|PP755596.1|A/cattle/Texas/24-008749-003/2024(H5N1)	317	3458
PB2|PP755596.1|A/cattle/Texas/24-008749-003/2024(H5N1)	318	3455
PB2|PP755596.1|A/cattle/Texas/24-008749-003/2024(H5N1)	319	3423
PB2|PP755596.1|A/cattle/Texas/24-008749-003/2024(H5N1)	320	3481
PB2|PP755596.1|A/cattle/Texas/24-008749-003/2024(H5N1)	321	3482
PB2|PP755596.1|A/cattle/Texas/24-008749-003/2024(H5N1)	322	3487
PB2|PP755596.1|A/cattle/Texas/24-008749-003/2024(H5N1)	323	3444
PB2|PP755596.1|A/cattle/Texas/24-008749-003/2024(H5N1)	324	3367
PB2|PP755596.1|A/cattle/Texas/24-008749-003/2024(H5N1)	325	3392
PB2|PP755596.1|A/cattle/Texas/24-008749-003/2024(H5N1)	326	3431
PB2|PP755596.1|A/cattle/Texas/24-008749-003/2024(H5N1)	327	3453
PB2|PP755596.1|A/cattle/Texas/24-008749-003/2024(H5N1)	328	3441
PB2|PP755596.1|A/cattle/Texas/24-008749-003/2024(H5N1)	329	3342
PB2|PP755596.1|A/cattle/Texas/24-008749-003/2024(H5N1)	330	3338
PB2|PP755596.1|A/cattle/Texas/24-008749-003/2024(H5N1)	331	3325
PB2|PP755596.1|A/cattle/Texas/24-008749-003/2024(H5N1)	332	3564
PB2|PP755596.1|A/cattle/Texas/24-008749-003/2024(H5N1)	333	3574
PB2|PP755596.1|A/cattle/Texas/24-008749-003/2024(H5N1)	334	3552
PB2|PP755596.1|A/cattle/Texas/24-008749-003/2024(H5N1)	335	3545
PB2|PP755596.1|A/cattle/Texas/24-008749-003/2024(H5N1)	336	3516
PB2|PP755596.1|A/cattle/Texas/24-008749-003/2024(H5N1)	337	3526
PB2|PP755596.1|A/cattle/Texas/24-008749-003/2024(H5N1)	338	3523
PB2|PP755596.1|A/cattle/Texas/24-008749-003/2024(H5N1)	339	3584
PB2|PP755596.1|A/cattle/Texas/24-008749-003/2024(H5N1)	340	3664
PB2|PP755596.1|A/cattle/Texas/24-008749-003/2024(H5N1)	341	3447
PB2|PP755596.1|A/cattle/Texas/24-008749-003/2024(H5N1)	342	3469
PB2|PP755596.1|A/cattle/Texas/24-008749-003/2024(H5N1)	343	3474
PB2|PP755596.1|A/cattle/Texas/24-008749-003/2024(H5N1)	344	3470
PB2|PP755596.1|A/cattle/Texas/24-008749-003/2024(H5N1)	345	3473
PB2|PP755596.1|A/cattle/Texas/24-008749-003/2024(H5N1)	346	3488
PB2|PP755596.1|A/cattle/Texas/24-008749-003/2024(H5N1)	347	3501
PB2|PP755596.1|A/cattle/Texas/24-008749-003/2024(H5N1)	348	3468
PB2|PP755596.1|A/cattle/Texas/24-008749-003/2024(H5N1)	349	3463
PB2|PP755596.1|A/cattle/Texas/24-008749-003/2024(H5N1)	350	3451
PB2|PP755596.1|A/cattle/Texas/24-008749-003/2024(H5N1)	351	3452
PB2|PP755596.1|A/cattle/Texas/24-008749-003/2024(H5N1)	352	3452
PB2|PP755596.1|A/cattle/Texas/24-008749-003/2024(H5N1)	353	3437
PB2|PP755596.1|A/cattle/Texas/24-008749-003/2024(H5N1)	354	3435
PB2|PP755596.1|A/cattle/Texas/24-008749-003/2024(H5N1)	355	3437
PB2|PP755596.1|A/cattle/Texas/24-008749-003/2024(H5N1)	356	3438
PB2|PP755596.1|A/cattle/Texas/24-008749-003/2024(H5N1)	357	3438
PB2|PP755596.1|A/cattle/Texas/24-008749-003/2024(H5N1)	358	3439
PB2|PP755596.1|A/cattle/Texas/24-008749-003/2024(H5N1)	359	3440
PB2|PP755596.1|A/cattle/Texas/24-008749-003/2024(H5N1)	360	3419
PB2|PP755596.1|A/cattle/Texas/24-008749-003/2024(H5N1)	361	3415
PB2|PP755596.1|A/cattle/Texas/24-008749-003/2024(H5N1)	362	3415
PB2|PP755596.1|A/cattle/Texas/24-008749-003/2024(H5N1)	363	3416
PB2|PP755596.1|A/cattle/Texas/24-008749-003/2024(H5N1)	364	3454
PB2|PP755596.1|A/cattle/Texas/24-008749-003/2024(H5N1)	365	3433
PB2|PP755596.1|A/cattle/Texas/24-008749-003/2024(H5N1)	366	3426
PB2|PP755596.1|A/cattle/Texas/24-008749-003/2024(H5N1)	367	3427
PB2|PP755596.1|A/cattle/Texas/24-008749-003/2024(H5N1)	368	3434
PB2|PP755596.1|A/cattle/Texas/24-008749-003/2024(H5N1)	369	3434
PB2|PP755596.1|A/cattle/Texas/24-008749-003/2024(H5N1)	370	3431
PB2|PP755596.1|A/cattle/Texas/24-008749-003/2024(H5N1)	371	3432
PB2|PP755596.1|A/cattle/Texas/24-008749-003/2024(H5N1)	372	3496
PB2|PP755596.1|A/cattle/Texas/24-008749-003/2024(H5N1)	373	3492
PB2|PP755596.1|A/cattle/Texas/24-008749-003/2024(H5N1)	374	3490
PB2|PP755596.1|A/cattle/Texas/24-008749-003/2024(H5N1)	375	3489
PB2|PP755596.1|A/cattle/Texas/24-008749-003/2024(H5N1)	376	3501
PB2|PP755596.1|A/cattle/Texas/24-008749-003/2024(H5N1)	377	3486
PB2|PP755596.1|A/cattle/Texas/24-008749-003/2024(H5N1)	378	3494
PB2|PP755596.1|A/cattle/Texas/24-008749-003/2024(H5N1)	379	3470
PB2|PP755596.1|A/cattle/Texas/24-008749-003/2024(H5N1)	380	3424
PB2|PP755596.1|A/cattle/Texas/24-008749-003/2024(H5N1)	381	3424
PB2|PP755596.1|A/cattle/Texas/24-008749-003/2024(H5N1)	382	3413
PB2|PP755596.1|A/cattle/Texas/24-008749-003/2024(H5N1)	383	3436
PB2|PP755596.1|A/cattle/Texas/24-008749-003/2024(H5N1)	384	3437
PB2|PP755596.1|A/cattle/Texas/24-008749-003/2024(H5N1)	385	3465
PB2|PP755596.1|A/cattle/Texas/24-008749-003/2024(H5N1)	386	3641
PB2|PP755596.1|A/cattle/Texas/24-008749-003/2024(H5N1)	387	3702
PB2|PP755596.1|A/cattle/Texas/24-008749-003/2024(H5N1)	388	3679
PB2|PP755596.1|A/cattle/Texas/24-008749-003/2024(H5N1)	389	3679
PB2|PP755596.1|A/cattle/Texas/24-008749-003/2024(H5N1)	390	3644
PB2|PP755596.1|A/cattle/Texas/24-008749-003/2024(H5N1)	391	3635
PB2|PP755596.1|A/cattle/Texas/24-008749-003/2024(H5N1)	392	3703
PB2|PP755596.1|A/cattle/Texas/24-008749-003/2024(H5N1)	393	3698
PB2|PP755596.1|A/cattle/Texas/24-008749-003/2024(H5N1)	394	3667
PB2|PP755596.1|A/cattle/Texas/24-008749-003/2024(H5N1)	395	3613
PB2|PP755596.1|A/cattle/Texas/24-008749-003/2024(H5N1)	396	3430
PB2|PP755596.1|A/cattle/Texas/24-008749-003/2024(H5N1)	397	3518
PB2|PP755596.1|A/cattle/Texas/24-008749-003/2024(H5N1)	398	3525
PB2|PP755596.1|A/cattle/Texas/24-008749-003/2024(H5N1)	399	3531
PB2|PP755596.1|A/cattle/Texas/24-008749-003/2024(H5N1)	400	3527
PB2|PP755596.1|A/cattle/Texas/24-008749-003/2024(H5N1)	401	3444
PB2|PP755596.1|A/cattle/Texas/24-008749-003/2024(H5N1)	402	3396
PB2|PP755596.1|A/cattle/Texas/24-008749-003/2024(H5N1)	403	3377
PB2|PP755596.1|A/cattle/Texas/24-008749-003/2024(H5N1)	404	3391
PB2|PP755596.1|A/cattle/Texas/24-008749-003/2024(H5N1)	405	3373
PB2|PP755596.1|A/cattle/Texas/24-008749-003/2024(H5N1)	406	3266
PB2|PP755596.1|A/cattle/Texas/24-008749-003/2024(H5N1)	407	3269
PB2|PP755596.1|A/cattle/Texas/24-008749-003/2024(H5N1)	408	3268
PB2|PP755596.1|A/cattle/Texas/24-008749-003/2024(H5N1)	409	3270
PB2|PP755596.1|A/cattle/Texas/24-008749-003/2024(H5N1)	410	3235
PB2|PP755596.1|A/cattle/Texas/24-008749-003/2024(H5N1)	411	3212
PB2|PP755596.1|A/cattle/Texas/24-008749-003/2024(H5N1)	412	3207
PB2|PP755596.1|A/cattle/Texas/24-008749-003/2024(H5N1)	413	3198
PB2|PP755596.1|A/cattle/Texas/24-008749-003/2024(H5N1)	414	3151
PB2|PP755596.1|A/cattle/Texas/24-008749-003/2024(H5N1)	415	3161
PB2|PP755596.1|A/cattle/Texas/24-008749-003/2024(H5N1)	416	3125
PB2|PP755596.1|A/cattle/Texas/24-008749-003/2024(H5N1)	417	3128
PB2|PP755596.1|A/cattle/Texas/24-008749-003/2024(H5N1)	418	3123
PB2|PP755596.1|A/cattle/Texas/24-008749-003/2024(H5N1)	419	3178
PB2|PP755596.1|A/cattle/Texas/24-008749-003/2024(H5N1)	420	3186
PB2|PP755596.1|A/cattle/Texas/24-008749-003/2024(H5N1)	421	3188
PB2|PP755596.1|A/cattle/Texas/24-008749-003/2024(H5N1)	422	3097
PB2|PP755596.1|A/cattle/Texas/24-008749-003/2024(H5N1)	423	3055
PB2|PP755596.1|A/cattle/Texas/24-008749-003/2024(H5N1)	424	3052
PB2|PP755596.1|A/cattle/Texas/24-008749-003/2024(H5N1)	425	3062
PB2|PP755596.1|A/cattle/Texas/24-008749-003/2024(H5N1)	426	3068
PB2|PP755596.1|A/cattle/Texas/24-008749-003/2024(H5N1)	427	3003
PB2|PP755596.1|A/cattle/Texas/24-008749-003/2024(H5N1)	428	2944
PB2|PP755596.1|A/cattle/Texas/24-008749-003/2024(H5N1)	429	2939
PB2|PP755596.1|A/cattle/Texas/24-008749-003/2024(H5N1)	430	2938
PB2|PP755596.1|A/cattle/Texas/24-008749-003/2024(H5N1)	431	2949
PB2|PP755596.1|A/cattle/Texas/24-008749-003/2024(H5N1)	432	2953
PB2|PP755596.1|A/cattle/Texas/24-008749-003/2024(H5N1)	433	2903
PB2|PP755596.1|A/cattle/Texas/24-008749-003/2024(H5N1)	434	2891
PB2|PP755596.1|A/cattle/Texas/24-008749-003/2024(H5N1)	435	3047
PB2|PP755596.1|A/cattle/Texas/24-008749-003/2024(H5N1)	436	3048
PB2|PP755596.1|A/cattle/Texas/24-008749-003/2024(H5N1)	437	3272
PB2|PP755596.1|A/cattle/Texas/24-008749-003/2024(H5N1)	438	3275
PB2|PP755596.1|A/cattle/Texas/24-008749-003/2024(H5N1)	439	3273
PB2|PP755596.1|A/cattle/Texas/24-008749-003/2024(H5N1)	440	3260
PB2|PP755596.1|A/cattle/Texas/24-008749-003/2024(H5N1)	441	3234
PB2|PP755596.1|A/cattle/Texas/24-008749-003/2024(H5N1)	442	3272
PB2|PP755596.1|A/cattle/Texas/24-008749-003/2024(H5N1)	443	3292
PB2|PP755596.1|A/cattle/Texas/24-008749-003/2024(H5N1)	444	3257
PB2|PP755596.1|A/cattle/Texas/24-008749-003/2024(H5N1)	445	3261
PB2|PP755596.1|A/cattle/Texas/24-008749-003/2024(H5N1)	446	2958
PB2|PP755596.1|A/cattle/Texas/24-008749-003/2024(H5N1)	447	2989
PB2|PP755596.1|A/cattle/Texas/24-008749-003/2024(H5N1)	448	2951
PB2|PP755596.1|A/cattle/Texas/24-008749-003/2024(H5N1)	449	2964
PB2|PP755596.1|A/cattle/Texas/24-008749-003/2024(H5N1)	450	2963
PB2|PP755596.1|A/cattle/Texas/24-008749-003/2024(H5N1)	451	2913
PB2|PP755596.1|A/cattle/Texas/24-008749-003/2024(H5N1)	452	3022
PB2|PP755596.1|A/cattle/Texas/24-008749-003/2024(H5N1)	453	2980
PB2|PP755596.1|A/cattle/Texas/24-008749-003/2024(H5N1)	454	3022
PB2|PP755596.1|A/cattle/Texas/24-008749-003/2024(H5N1)	455	3030
PB2|PP755596.1|A/cattle/Texas/24-008749-003/2024(H5N1)	456	3048
PB2|PP755596.1|A/cattle/Texas/24-008749-003/2024(H5N1)	457	3056
PB2|PP755596.1|A/cattle/Texas/24-008749-003/2024(H5N1)	458	3123
PB2|PP755596.1|A/cattle/Texas/24-008749-003/2024(H5N1)	459	3164
PB2|PP755596.1|A/cattle/Texas/24-008749-003/2024(H5N1)	460	3161
PB2|PP755596.1|A/cattle/Texas/24-008749-003/2024(H5N1)	461	2980
PB2|PP755596.1|A/cattle/Texas/24-008749-003/2024(H5N1)	462	2994
PB2|PP755596.1|A/cattle/Texas/24-008749-003/2024(H5N1)	463	2939
PB2|PP755596.1|A/cattle/Texas/24-008749-003/2024(H5N1)	464	3035
PB2|PP755596.1|A/cattle/Texas/24-008749-003/2024(H5N1)	465	3105
PB2|PP755596.1|A/cattle/Texas/24-008749-003/2024(H5N1)	466	3088
PB2|PP755596.1|A/cattle/Texas/24-008749-003/2024(H5N1)	467	3093
PB2|PP755596.1|A/cattle/Texas/24-008749-003/2024(H5N1)	468	3073
PB2|PP755596.1|A/cattle/Texas/24-008749-003/2024(H5N1)	469	3081
PB2|PP755596.1|A/cattle/Texas/24-008749-003/2024(H5N1)	470	3088
PB2|PP755596.1|A/cattle/Texas/24-008749-003/2024(H5N1)	471	3047
PB2|PP755596.1|A/cattle/Texas/24-008749-003/2024(H5N1)	472	3062
PB2|PP755596.1|A/cattle/Texas/24-008749-003/2024(H5N1)	473	2936
PB2|PP755596.1|A/cattle/Texas/24-008749-003/2024(H5N1)	474	2956
PB2|PP755596.1|A/cattle/Texas/24-008749-003/2024(H5N1)	475	3000
PB2|PP755596.1|A/cattle/Texas/24-008749-003/2024(H5N1)	476	3021
PB2|PP755596.1|A/cattle/Texas/24-008749-003/2024(H5N1)	477	3020
PB2|PP755596.1|A/cattle/Texas/24-008749-003/2024(H5N1)	478	3009
PB2|PP755596.1|A/cattle/Texas/24-008749-003/2024(H5N1)	479	3008
PB2|PP755596.1|A/cattle/Texas/24-008749-003/2024(H5N1)	480	3157
PB2|PP755596.1|A/cattle/Texas/24-008749-003/2024(H5N1)	481	3176
PB2|PP755596.1|A/cattle/Texas/24-008749-003/2024(H5N1)	482	3282
PB2|PP755596.1|A/cattle/Texas/24-008749-003/2024(H5N1)	483	3145
PB2|PP755596.1|A/cattle/Texas/24-008749-003/2024(H5N1)	484	3124
PB2|PP755596.1|A/cattle/Texas/24-008749-003/2024(H5N1)	485	3129
PB2|PP755596.1|A/cattle/Texas/24-008749-003/2024(H5N1)	486	3165
PB2|PP755596.1|A/cattle/Texas/24-008749-003/2024(H5N1)	487	3170
PB2|PP755596.1|A/cattle/Texas/24-008749-003/2024(H5N1)	488	3191
PB2|PP755596.1|A/cattle/Texas/24-008749-003/2024(H5N1)	489	3084
PB2|PP755596.1|A/cattle/Texas/24-008749-003/2024(H5N1)	490	3071
PB2|PP755596.1|A/cattle/Texas/24-008749-003/2024(H5N1)	491	3064
PB2|PP755596.1|A/cattle/Texas/24-008749-003/2024(H5N1)	492	3064
PB2|PP755596.1|A/cattle/Texas/24-008749-003/2024(H5N1)	493	3084
PB2|PP755596.1|A/cattle/Texas/24-008749-003/2024(H5N1)	494	3090
PB2|PP755596.1|A/cattle/Texas/24-008749-003/2024(H5N1)	495	3085
PB2|PP755596.1|A/cattle/Texas/24-008749-003/2024(H5N1)	496	3084
PB2|PP755596.1|A/cattle/Texas/24-008749-003/2024(H5N1)	497	3046
PB2|PP755596.1|A/cattle/Texas/24-008749-003/2024(H5N1)	498	3038
PB2|PP755596.1|A/cattle/Texas/24-008749-003/2024(H5N1)	499	3043
PB2|PP755596.1|A/cattle/Texas/24-008749-003/2024(H5N1)	500	3087
PB2|PP755596.1|A/cattle/Texas/24-008749-003/2024(H5N1)	501	3089
PB2|PP755596.1|A/cattle/Texas/24-008749-003/2024(H5N1)	502	3049
PB2|PP755596.1|A/cattle/Texas/24-008749-003/2024(H5N1)	503	3048
PB2|PP755596.1|A/cattle/Texas/24-008749-003/2024(H5N1)	504	3056
PB2|PP755596.1|A/cattle/Texas/24-008749-003/2024(H5N1)	505	3078
PB2|PP755596.1|A/cattle/Texas/24-008749-003/2024(H5N1)	506	3104
PB2|PP755596.1|A/cattle/Texas/24-008749-003/2024(H5N1)	507	3112
PB2|PP755596.1|A/cattle/Texas/24-008749-003/2024(H5N1)	508	3118
PB2|PP755596.1|A/cattle/Texas/24-008749-003/2024(H5N1)	509	3121
PB2|PP755596.1|A/cattle/Texas/24-008749-003/2024(H5N1)	510	3124
PB2|PP755596.1|A/cattle/Texas/24-008749-003/2024(H5N1)	511	3129
PB2|PP755596.1|A/cattle/Texas/24-008749-003/2024(H5N1)	512	3201
PB2|PP755596.1|A/cattle/Texas/24-008749-003/2024(H5N1)	513	3200
PB2|PP755596.1|A/cattle/Texas/24-008749-003/2024(H5N1)	514	3213
PB2|PP755596.1|A/cattle/Texas/24-008749-003/2024(H5N1)	515	3182
PB2|PP755596.1|A/cattle/Texas/24-008749-003/2024(H5N1)	516	3172
PB2|PP755596.1|A/cattle/Texas/24-008749-003/2024(H5N1)	517	3183
PB2|PP755596.1|A/cattle/Texas/24-008749-003/2024(H5N1)	518	3201
PB2|PP755596.1|A/cattle/Texas/24-008749-003/2024(H5N1)	519	3212
PB2|PP755596.1|A/cattle/Texas/24-008749-003/2024(H5N1)	520	3214
PB2|PP755596.1|A/cattle/Texas/24-008749-003/2024(H5N1)	521	3101
PB2|PP755596.1|A/cattle/Texas/24-008749-003/2024(H5N1)	522	3102
PB2|PP755596.1|A/cattle/Texas/24-008749-003/2024(H5N1)	523	3076
PB2|PP755596.1|A/cattle/Texas/24-008749-003/2024(H5N1)	524	3097
PB2|PP755596.1|A/cattle/Texas/24-008749-003/2024(H5N1)	525	3128
PB2|PP755596.1|A/cattle/Texas/24-008749-003/2024(H5N1)	526	3159
PB2|PP755596.1|A/cattle/Texas/24-008749-003/2024(H5N1)	527	3170
PB2|PP755596.1|A/cattle/Texas/24-008749-003/2024(H5N1)	528	3167
PB2|PP755596.1|A/cattle/Texas/24-008749-003/2024(H5N1)	529	3160
PB2|PP755596.1|A/cattle/Texas/24-008749-003/2024(H5N1)	530	3142
PB2|PP755596.1|A/cattle/Texas/24-008749-003/2024(H5N1)	531	3147
PB2|PP755596.1|A/cattle/Texas/24-008749-003/2024(H5N1)	532	3156
PB2|PP755596.1|A/cattle/Texas/24-008749-003/2024(H5N1)	533	3148
PB2|PP755596.1|A/cattle/Texas/24-008749-003/2024(H5N1)	534	3144
PB2|PP755596.1|A/cattle/Texas/24-008749-003/2024(H5N1)	535	3133
PB2|PP755596.1|A/cattle/Texas/24-008749-003/2024(H5N1)	536	3049
PB2|PP755596.1|A/cattle/Texas/24-008749-003/2024(H5N1)	537	3041
PB2|PP755596.1|A/cattle/Texas/24-008749-003/2024(H5N1)	538	3026
PB2|PP755596.1|A/cattle/Texas/24-008749-003/2024(H5N1)	539	3042
PB2|PP755596.1|A/cattle/Texas/24-008749-003/2024(H5N1)	540	3045
PB2|PP755596.1|A/cattle/Texas/24-008749-003/2024(H5N1)	541	3146
PB2|PP755596.1|A/cattle/Texas/24-008749-003/2024(H5N1)	542	3092
PB2|PP755596.1|A/cattle/Texas/24-008749-003/2024(H5N1)	543	3097
PB2|PP755596.1|A/cattle/Texas/24-008749-003/2024(H5N1)	544	3142
PB2|PP755596.1|A/cattle/Texas/24-008749-003/2024(H5N1)	545	3147
PB2|PP755596.1|A/cattle/Texas/24-008749-003/2024(H5N1)	546	3164
PB2|PP755596.1|A/cattle/Texas/24-008749-003/2024(H5N1)	547	3148
PB2|PP755596.1|A/cattle/Texas/24-008749-003/2024(H5N1)	548	3075
PB2|PP755596.1|A/cattle/Texas/24-008749-003/2024(H5N1)	549	3102
PB2|PP755596.1|A/cattle/Texas/24-008749-003/2024(H5N1)	550	3127
PB2|PP755596.1|A/cattle/Texas/24-008749-003/2024(H5N1)	551	3138
PB2|PP755596.1|A/cattle/Texas/24-008749-003/2024(H5N1)	552	3137
PB2|PP755596.1|A/cattle/Texas/24-008749-003/2024(H5N1)	553	3082
PB2|PP755596.1|A/cattle/Texas/24-008749-003/2024(H5N1)	554	3129
PB2|PP755596.1|A/cattle/Texas/24-008749-003/2024(H5N1)	555	3122
PB2|PP755596.1|A/cattle/Texas/24-008749-003/2024(H5N1)	556	3137
PB2|PP755596.1|A/cattle/Texas/24-008749-003/2024(H5N1)	557	3141
PB2|PP755596.1|A/cattle/Texas/24-008749-003/2024(H5N1)	558	3113
PB2|PP755596.1|A/cattle/Texas/24-008749-003/2024(H5N1)	559	3117
PB2|PP755596.1|A/cattle/Texas/24-008749-003/2024(H5N1)	560	3111
PB2|PP755596.1|A/cattle/Texas/24-008749-003/2024(H5N1)	561	3134
PB2|PP755596.1|A/cattle/Texas/24-008749-003/2024(H5N1)	562	3156
PB2|PP755596.1|A/cattle/Texas/24-008749-003/2024(H5N1)	563	3147
PB2|PP755596.1|A/cattle/Texas/24-008749-003/2024(H5N1)	564	3147
PB2|PP755596.1|A/cattle/Texas/24-008749-003/2024(H5N1)	565	3127
PB2|PP755596.1|A/cattle/Texas/24-008749-003/2024(H5N1)	566	3114
PB2|PP755596.1|A/cattle/Texas/24-008749-003/2024(H5N1)	567	3126
PB2|PP755596.1|A/cattle/Texas/24-008749-003/2024(H5N1)	568	3160
PB2|PP755596.1|A/cattle/Texas/24-008749-003/2024(H5N1)	569	3163
PB2|PP755596.1|A/cattle/Texas/24-008749-003/2024(H5N1)	570	3104
PB2|PP755596.1|A/cattle/Texas/24-008749-003/2024(H5N1)	571	3118
PB2|PP755596.1|A/cattle/Texas/24-008749-003/2024(H5N1)	572	3114
PB2|PP755596.1|A/cattle/Texas/24-008749-003/2024(H5N1)	573	3111
PB2|PP755596.1|A/cattle/Texas/24-008749-003/2024(H5N1)	574	3138
PB2|PP755596.1|A/cattle/Texas/24-008749-003/2024(H5N1)	575	3148
PB2|PP755596.1|A/cattle/Texas/24-008749-003/2024(H5N1)	576	3135
PB2|PP755596.1|A/cattle/Texas/24-008749-003/2024(H5N1)	577	3388
PB2|PP755596.1|A/cattle/Texas/24-008749-003/2024(H5N1)	578	3385
PB2|PP755596.1|A/cattle/Texas/24-008749-003/2024(H5N1)	579	3424
PB2|PP755596.1|A/cattle/Texas/24-008749-003/2024(H5N1)	580	3408
PB2|PP755596.1|A/cattle/Texas/24-008749-003/2024(H5N1)	581	3406
PB2|PP755596.1|A/cattle/Texas/24-008749-003/2024(H5N1)	582	3406
PB2|PP755596.1|A/cattle/Texas/24-008749-003/2024(H5N1)	583	3409
PB2|PP755596.1|A/cattle/Texas/24-008749-003/2024(H5N1)	584	3463
PB2|PP755596.1|A/cattle/Texas/24-008749-003/2024(H5N1)	585	3352
PB2|PP755596.1|A/cattle/Texas/24-008749-003/2024(H5N1)	586	3084
PB2|PP755596.1|A/cattle/Texas/24-008749-003/2024(H5N1)	587	3089
PB2|PP755596.1|A/cattle/Texas/24-008749-003/2024(H5N1)	588	3131
PB2|PP755596.1|A/cattle/Texas/24-008749-003/2024(H5N1)	589	3129
PB2|PP755596.1|A/cattle/Texas/24-008749-003/2024(H5N1)	590	3136
PB2|PP755596.1|A/cattle/Texas/24-008749-003/2024(H5N1)	591	3125
PB2|PP755596.1|A/cattle/Texas/24-008749-003/2024(H5N1)	592	3169
PB2|PP755596.1|A/cattle/Texas/24-008749-003/2024(H5N1)	593	3138
PB2|PP755596.1|A/cattle/Texas/24-008749-003/2024(H5N1)	594	3087
PB2|PP755596.1|A/cattle/Texas/24-008749-003/2024(H5N1)	595	3088
PB2|PP755596.1|A/cattle/Texas/24-008749-003/2024(H5N1)	596	3090
PB2|PP755596.1|A/cattle/Texas/24-008749-003/2024(H5N1)	597	3059
PB2|PP755596.1|A/cattle/Texas/24-008749-003/2024(H5N1)	598	3150
PB2|PP755596.1|A/cattle/Texas/24-008749-003/2024(H5N1)	599	3153
PB2|PP755596.1|A/cattle/Texas/24-008749-003/2024(H5N1)	600	3233
PB2|PP755596.1|A/cattle/Texas/24-008749-003/2024(H5N1)	601	3144
PB2|PP755596.1|A/cattle/Texas/24-008749-003/2024(H5N1)	602	3137
PB2|PP755596.1|A/cattle/Texas/24-008749-003/2024(H5N1)	603	3146
PB2|PP755596.1|A/cattle/Texas/24-008749-003/2024(H5N1)	604	3156
PB2|PP755596.1|A/cattle/Texas/24-008749-003/2024(H5N1)	605	3135
PB2|PP755596.1|A/cattle/Texas/24-008749-003/2024(H5N1)	606	3148
PB2|PP755596.1|A/cattle/Texas/24-008749-003/2024(H5N1)	607	3195
PB2|PP755596.1|A/cattle/Texas/24-008749-003/2024(H5N1)	608	3172
PB2|PP755596.1|A/cattle/Texas/24-008749-003/2024(H5N1)	609	3092
PB2|PP755596.1|A/cattle/Texas/24-008749-003/2024(H5N1)	610	3064
PB2|PP755596.1|A/cattle/Texas/24-008749-003/2024(H5N1)	611	3082
PB2|PP755596.1|A/cattle/Texas/24-008749-003/2024(H5N1)	612	3089
PB2|PP755596.1|A/cattle/Texas/24-008749-003/2024(H5N1)	613	3079
PB2|PP755596.1|A/cattle/Texas/24-008749-003/2024(H5N1)	614	3086
PB2|PP755596.1|A/cattle/Texas/24-008749-003/2024(H5N1)	615	3010
PB2|PP755596.1|A/cattle/Texas/24-008749-003/2024(H5N1)	616	2908
PB2|PP755596.1|A/cattle/Texas/24-008749-003/2024(H5N1)	617	2895
PB2|PP755596.1|A/cattle/Texas/24-008749-003/2024(H5N1)	618	2916
PB2|PP755596.1|A/cattle/Texas/24-008749-003/2024(H5N1)	619	2987
PB2|PP755596.1|A/cattle/Texas/24-008749-003/2024(H5N1)	620	2979
PB2|PP755596.1|A/cattle/Texas/24-008749-003/2024(H5N1)	621	2973
PB2|PP755596.1|A/cattle/Texas/24-008749-003/2024(H5N1)	622	2976
PB2|PP755596.1|A/cattle/Texas/24-008749-003/2024(H5N1)	623	3069
PB2|PP755596.1|A/cattle/Texas/24-008749-003/2024(H5N1)	624	3095
PB2|PP755596.1|A/cattle/Texas/24-008749-003/2024(H5N1)	625	3068
PB2|PP755596.1|A/cattle/Texas/24-008749-003/2024(H5N1)	626	3051
PB2|PP755596.1|A/cattle/Texas/24-008749-003/2024(H5N1)	627	2994
PB2|PP755596.1|A/cattle/Texas/24-008749-003/2024(H5N1)	628	3032
PB2|PP755596.1|A/cattle/Texas/24-008749-003/2024(H5N1)	629	3011
PB2|PP755596.1|A/cattle/Texas/24-008749-003/2024(H5N1)	630	3010
PB2|PP755596.1|A/cattle/Texas/24-008749-003/2024(H5N1)	631	2915
PB2|PP755596.1|A/cattle/Texas/24-008749-003/2024(H5N1)	632	2811
PB2|PP755596.1|A/cattle/Texas/24-008749-003/2024(H5N1)	633	2829
PB2|PP755596.1|A/cattle/Texas/24-008749-003/2024(H5N1)	634	2834
PB2|PP755596.1|A/cattle/Texas/24-008749-003/2024(H5N1)	635	2830
PB2|PP755596.1|A/cattle/Texas/24-008749-003/2024(H5N1)	636	2837
PB2|PP755596.1|A/cattle/Texas/24-008749-003/2024(H5N1)	637	2793
PB2|PP755596.1|A/cattle/Texas/24-008749-003/2024(H5N1)	638	2793
PB2|PP755596.1|A/cattle/Texas/24-008749-003/2024(H5N1)	639	2772
PB2|PP755596.1|A/cattle/Texas/24-008749-003/2024(H5N1)	640	2772
PB2|PP755596.1|A/cattle/Texas/24-008749-003/2024(H5N1)	641	2853
PB2|PP755596.1|A/cattle/Texas/24-008749-003/2024(H5N1)	642	2841
PB2|PP755596.1|A/cattle/Texas/24-008749-003/2024(H5N1)	643	2847
PB2|PP755596.1|A/cattle/Texas/24-008749-003/2024(H5N1)	644	2832
PB2|PP755596.1|A/cattle/Texas/24-008749-003/2024(H5N1)	645	2914
PB2|PP755596.1|A/cattle/Texas/24-008749-003/2024(H5N1)	646	2931
PB2|PP755596.1|A/cattle/Texas/24-008749-003/2024(H5N1)	647	2968
PB2|PP755596.1|A/cattle/Texas/24-008749-003/2024(H5N1)	648	2992
PB2|PP755596.1|A/cattle/Texas/24-008749-003/2024(H5N1)	649	2996
PB2|PP755596.1|A/cattle/Texas/24-008749-003/2024(H5N1)	650	2970
PB2|PP755596.1|A/cattle/Texas/24-008749-003/2024(H5N1)	651	2963
PB2|PP755596.1|A/cattle/Texas/24-008749-003/2024(H5N1)	652	2966
PB2|PP755596.1|A/cattle/Texas/24-008749-003/2024(H5N1)	653	2970
PB2|PP755596.1|A/cattle/Texas/24-008749-003/2024(H5N1)	654	3014
PB2|PP755596.1|A/cattle/Texas/24-008749-003/2024(H5N1)	655	3010
PB2|PP755596.1|A/cattle/Texas/24-008749-003/2024(H5N1)	656	2977
PB2|PP755596.1|A/cattle/Texas/24-008749-003/2024(H5N1)	657	2940
PB2|PP755596.1|A/cattle/Texas/24-008749-003/2024(H5N1)	658	2946
PB2|PP755596.1|A/cattle/Texas/24-008749-003/2024(H5N1)	659	2962
PB2|PP755596.1|A/cattle/Texas/24-008749-003/2024(H5N1)	660	2967
PB2|PP755596.1|A/cattle/Texas/24-008749-003/2024(H5N1)	661	2962
PB2|PP755596.1|A/cattle/Texas/24-008749-003/2024(H5N1)	662	2913
PB2|PP755596.1|A/cattle/Texas/24-008749-003/2024(H5N1)	663	2897
PB2|PP755596.1|A/cattle/Texas/24-008749-003/2024(H5N1)	664	2911
PB2|PP755596.1|A/cattle/Texas/24-008749-003/2024(H5N1)	665	2959
PB2|PP755596.1|A/cattle/Texas/24-008749-003/2024(H5N1)	666	2968
PB2|PP755596.1|A/cattle/Texas/24-008749-003/2024(H5N1)	667	2999
PB2|PP755596.1|A/cattle/Texas/24-008749-003/2024(H5N1)	668	3015
PB2|PP755596.1|A/cattle/Texas/24-008749-003/2024(H5N1)	669	3016
PB2|PP755596.1|A/cattle/Texas/24-008749-003/2024(H5N1)	670	3013
PB2|PP755596.1|A/cattle/Texas/24-008749-003/2024(H5N1)	671	3059
PB2|PP755596.1|A/cattle/Texas/24-008749-003/2024(H5N1)	672	3068
PB2|PP755596.1|A/cattle/Texas/24-008749-003/2024(H5N1)	673	3064
PB2|PP755596.1|A/cattle/Texas/24-008749-003/2024(H5N1)	674	3065
PB2|PP755596.1|A/cattle/Texas/24-008749-003/2024(H5N1)	675	3056
PB2|PP755596.1|A/cattle/Texas/24-008749-003/2024(H5N1)	676	3008
PB2|PP755596.1|A/cattle/Texas/24-008749-003/2024(H5N1)	677	3100
PB2|PP755596.1|A/cattle/Texas/24-008749-003/2024(H5N1)	678	3107
PB2|PP755596.1|A/cattle/Texas/24-008749-003/2024(H5N1)	679	3172
PB2|PP755596.1|A/cattle/Texas/24-008749-003/2024(H5N1)	680	3168
PB2|PP755596.1|A/cattle/Texas/24-008749-003/2024(H5N1)	681	3178
PB2|PP755596.1|A/cattle/Texas/24-008749-003/2024(H5N1)	682	3178
PB2|PP755596.1|A/cattle/Texas/24-008749-003/2024(H5N1)	683	3373
PB2|PP755596.1|A/cattle/Texas/24-008749-003/2024(H5N1)	684	3381
PB2|PP755596.1|A/cattle/Texas/24-008749-003/2024(H5N1)	685	3395
PB2|PP755596.1|A/cattle/Texas/24-008749-003/2024(H5N1)	686	3377
PB2|PP755596.1|A/cattle/Texas/24-008749-003/2024(H5N1)	687	3306
PB2|PP755596.1|A/cattle/Texas/24-008749-003/2024(H5N1)	688	3284
PB2|PP755596.1|A/cattle/Texas/24-008749-003/2024(H5N1)	689	3259
PB2|PP755596.1|A/cattle/Texas/24-008749-003/2024(H5N1)	690	3255
PB2|PP755596.1|A/cattle/Texas/24-008749-003/2024(H5N1)	691	3281
PB2|PP755596.1|A/cattle/Texas/24-008749-003/2024(H5N1)	692	3140
PB2|PP755596.1|A/cattle/Texas/24-008749-003/2024(H5N1)	693	3134
PB2|PP755596.1|A/cattle/Texas/24-008749-003/2024(H5N1)	694	3118
PB2|PP755596.1|A/cattle/Texas/24-008749-003/2024(H5N1)	695	3109
PB2|PP755596.1|A/cattle/Texas/24-008749-003/2024(H5N1)	696	3194
PB2|PP755596.1|A/cattle/Texas/24-008749-003/2024(H5N1)	697	3386
PB2|PP755596.1|A/cattle/Texas/24-008749-003/2024(H5N1)	698	3407
PB2|PP755596.1|A/cattle/Texas/24-008749-003/2024(H5N1)	699	3411
PB2|PP755596.1|A/cattle/Texas/24-008749-003/2024(H5N1)	700	3350
PB2|PP755596.1|A/cattle/Texas/24-008749-003/2024(H5N1)	701	3349
PB2|PP755596.1|A/cattle/Texas/24-008749-003/2024(H5N1)	702	3346
PB2|PP755596.1|A/cattle/Texas/24-008749-003/2024(H5N1)	703	3370
PB2|PP755596.1|A/cattle/Texas/24-008749-003/2024(H5N1)	704	3370
PB2|PP755596.1|A/cattle/Texas/24-008749-003/2024(H5N1)	705	3329
PB2|PP755596.1|A/cattle/Texas/24-008749-003/2024(H5N1)	706	3311
PB2|PP755596.1|A/cattle/Texas/24-008749-003/2024(H5N1)	707	3302
PB2|PP755596.1|A/cattle/Texas/24-008749-003/2024(H5N1)	708	3359
PB2|PP755596.1|A/cattle/Texas/24-008749-003/2024(H5N1)	709	3412
PB2|PP755596.1|A/cattle/Texas/24-008749-003/2024(H5N1)	710	3427
PB2|PP755596.1|A/cattle/Texas/24-008749-003/2024(H5N1)	711	3425
PB2|PP755596.1|A/cattle/Texas/24-008749-003/2024(H5N1)	712	3390
PB2|PP755596.1|A/cattle/Texas/24-008749-003/2024(H5N1)	713	3392
PB2|PP755596.1|A/cattle/Texas/24-008749-003/2024(H5N1)	714	3384
PB2|PP755596.1|A/cattle/Texas/24-008749-003/2024(H5N1)	715	3405
PB2|PP755596.1|A/cattle/Texas/24-008749-003/2024(H5N1)	716	3419
PB2|PP755596.1|A/cattle/Texas/24-008749-003/2024(H5N1)	717	3386
PB2|PP755596.1|A/cattle/Texas/24-008749-003/2024(H5N1)	718	3355
PB2|PP755596.1|A/cattle/Texas/24-008749-003/2024(H5N1)	719	3343
PB2|PP755596.1|A/cattle/Texas/24-008749-003/2024(H5N1)	720	3342
PB2|PP755596.1|A/cattle/Texas/24-008749-003/2024(H5N1)	721	3417
PB2|PP755596.1|A/cattle/Texas/24-008749-003/2024(H5N1)	722	3400
PB2|PP755596.1|A/cattle/Texas/24-008749-003/2024(H5N1)	723	3397
PB2|PP755596.1|A/cattle/Texas/24-008749-003/2024(H5N1)	724	3401
PB2|PP755596.1|A/cattle/Texas/24-008749-003/2024(H5N1)	725	3396
PB2|PP755596.1|A/cattle/Texas/24-008749-003/2024(H5N1)	726	3497
PB2|PP755596.1|A/cattle/Texas/24-008749-003/2024(H5N1)	727	3501
PB2|PP755596.1|A/cattle/Texas/24-008749-003/2024(H5N1)	728	3368
PB2|PP755596.1|A/cattle/Texas/24-008749-003/2024(H5N1)	729	3441
PB2|PP755596.1|A/cattle/Texas/24-008749-003/2024(H5N1)	730	3434
PB2|PP755596.1|A/cattle/Texas/24-008749-003/2024(H5N1)	731	3437
PB2|PP755596.1|A/cattle/Texas/24-008749-003/2024(H5N1)	732	3438
PB2|PP755596.1|A/cattle/Texas/24-008749-003/2024(H5N1)	733	3414
PB2|PP755596.1|A/cattle/Texas/24-008749-003/2024(H5N1)	734	3456
PB2|PP755596.1|A/cattle/Texas/24-008749-003/2024(H5N1)	735	3332
PB2|PP755596.1|A/cattle/Texas/24-008749-003/2024(H5N1)	736	3364
PB2|PP755596.1|A/cattle/Texas/24-008749-003/2024(H5N1)	737	3335
PB2|PP755596.1|A/cattle/Texas/24-008749-003/2024(H5N1)	738	3259
PB2|PP755596.1|A/cattle/Texas/24-008749-003/2024(H5N1)	739	3261
PB2|PP755596.1|A/cattle/Texas/24-008749-003/2024(H5N1)	740	3310
PB2|PP755596.1|A/cattle/Texas/24-008749-003/2024(H5N1)	741	3326
PB2|PP755596.1|A/cattle/Texas/24-008749-003/2024(H5N1)	742	3334
PB2|PP755596.1|A/cattle/Texas/24-008749-003/2024(H5N1)	743	3289
PB2|PP755596.1|A/cattle/Texas/24-008749-003/2024(H5N1)	744	3275
PB2|PP755596.1|A/cattle/Texas/24-008749-003/2024(H5N1)	745	3295
PB2|PP755596.1|A/cattle/Texas/24-008749-003/2024(H5N1)	746	3289
PB2|PP755596.1|A/cattle/Texas/24-008749-003/2024(H5N1)	747	3298
PB2|PP755596.1|A/cattle/Texas/24-008749-003/2024(H5N1)	748	3320
PB2|PP755596.1|A/cattle/Texas/24-008749-003/2024(H5N1)	749	3251
PB2|PP755596.1|A/cattle/Texas/24-008749-003/2024(H5N1)	750	3246
PB2|PP755596.1|A/cattle/Texas/24-008749-003/2024(H5N1)	751	3188
PB2|PP755596.1|A/cattle/Texas/24-008749-003/2024(H5N1)	752	3182
PB2|PP755596.1|A/cattle/Texas/24-008749-003/2024(H5N1)	753	3182
PB2|PP755596.1|A/cattle/Texas/24-008749-003/2024(H5N1)	754	3154
PB2|PP755596.1|A/cattle/Texas/24-008749-003/2024(H5N1)	755	3159
PB2|PP755596.1|A/cattle/Texas/24-008749-003/2024(H5N1)	756	3148
PB2|PP755596.1|A/cattle/Texas/24-008749-003/2024(H5N1)	757	3141
PB2|PP755596.1|A/cattle/Texas/24-008749-003/2024(H5N1)	758	3055
PB2|PP755596.1|A/cattle/Texas/24-008749-003/2024(H5N1)	759	3046
PB2|PP755596.1|A/cattle/Texas/24-008749-003/2024(H5N1)	760	3081
PB2|PP755596.1|A/cattle/Texas/24-008749-003/2024(H5N1)	761	3188
PB2|PP755596.1|A/cattle/Texas/24-008749-003/2024(H5N1)	762	3176
PB2|PP755596.1|A/cattle/Texas/24-008749-003/2024(H5N1)	763	3167
PB2|PP755596.1|A/cattle/Texas/24-008749-003/2024(H5N1)	764	3161
PB2|PP755596.1|A/cattle/Texas/24-008749-003/2024(H5N1)	765	3129
PB2|PP755596.1|A/cattle/Texas/24-008749-003/2024(H5N1)	766	3231
PB2|PP755596.1|A/cattle/Texas/24-008749-003/2024(H5N1)	767	3228
PB2|PP755596.1|A/cattle/Texas/24-008749-003/2024(H5N1)	768	3250
PB2|PP755596.1|A/cattle/Texas/24-008749-003/2024(H5N1)	769	3210
PB2|PP755596.1|A/cattle/Texas/24-008749-003/2024(H5N1)	770	3109
PB2|PP755596.1|A/cattle/Texas/24-008749-003/2024(H5N1)	771	3107
PB2|PP755596.1|A/cattle/Texas/24-008749-003/2024(H5N1)	772	3108
PB2|PP755596.1|A/cattle/Texas/24-008749-003/2024(H5N1)	773	3133
PB2|PP755596.1|A/cattle/Texas/24-008749-003/2024(H5N1)	774	3067
PB2|PP755596.1|A/cattle/Texas/24-008749-003/2024(H5N1)	775	3016
PB2|PP755596.1|A/cattle/Texas/24-008749-003/2024(H5N1)	776	3016
PB2|PP755596.1|A/cattle/Texas/24-008749-003/2024(H5N1)	777	2751
PB2|PP755596.1|A/cattle/Texas/24-008749-003/2024(H5N1)	778	2758
PB2|PP755596.1|A/cattle/Texas/24-008749-003/2024(H5N1)	779	2729
PB2|PP755596.1|A/cattle/Texas/24-008749-003/2024(H5N1)	780	2716
PB2|PP755596.1|A/cattle/Texas/24-008749-003/2024(H5N1)	781	2716
PB2|PP755596.1|A/cattle/Texas/24-008749-003/2024(H5N1)	782	2722
PB2|PP755596.1|A/cattle/Texas/24-008749-003/2024(H5N1)	783	2806
PB2|PP755596.1|A/cattle/Texas/24-008749-003/2024(H5N1)	784	2970
PB2|PP755596.1|A/cattle/Texas/24-008749-003/2024(H5N1)	785	3014
PB2|PP755596.1|A/cattle/Texas/24-008749-003/2024(H5N1)	786	3014
PB2|PP755596.1|A/cattle/Texas/24-008749-003/2024(H5N1)	787	3158
PB2|PP755596.1|A/cattle/Texas/24-008749-003/2024(H5N1)	788	3222
PB2|PP755596.1|A/cattle/Texas/24-008749-003/2024(H5N1)	789	3233
PB2|PP755596.1|A/cattle/Texas/24-008749-003/2024(H5N1)	790	3240
PB2|PP755596.1|A/cattle/Texas/24-008749-003/2024(H5N1)	791	3253
PB2|PP755596.1|A/cattle/Texas/24-008749-003/2024(H5N1)	792	3299
PB2|PP755596.1|A/cattle/Texas/24-008749-003/2024(H5N1)	793	3295
PB2|PP755596.1|A/cattle/Texas/24-008749-003/2024(H5N1)	794	3274
PB2|PP755596.1|A/cattle/Texas/24-008749-003/2024(H5N1)	795	3311
PB2|PP755596.1|A/cattle/Texas/24-008749-003/2024(H5N1)	796	3362
PB2|PP755596.1|A/cattle/Texas/24-008749-003/2024(H5N1)	797	3398
PB2|PP755596.1|A/cattle/Texas/24-008749-003/2024(H5N1)	798	3393
PB2|PP755596.1|A/cattle/Texas/24-008749-003/2024(H5N1)	799	3388
PB2|PP755596.1|A/cattle/Texas/24-008749-003/2024(H5N1)	800	3464
PB2|PP755596.1|A/cattle/Texas/24-008749-003/2024(H5N1)	801	3430
PB2|PP755596.1|A/cattle/Texas/24-008749-003/2024(H5N1)	802	3427
PB2|PP755596.1|A/cattle/Texas/24-008749-003/2024(H5N1)	803	3455
PB2|PP755596.1|A/cattle/Texas/24-008749-003/2024(H5N1)	804	3501
PB2|PP755596.1|A/cattle/Texas/24-008749-003/2024(H5N1)	805	3459
PB2|PP755596.1|A/cattle/Texas/24-008749-003/2024(H5N1)	806	3537
PB2|PP755596.1|A/cattle/Texas/24-008749-003/2024(H5N1)	807	3528
PB2|PP755596.1|A/cattle/Texas/24-008749-003/2024(H5N1)	808	3550
PB2|PP755596.1|A/cattle/Texas/24-008749-003/2024(H5N1)	809	3541
PB2|PP755596.1|A/cattle/Texas/24-008749-003/2024(H5N1)	810	3539
PB2|PP755596.1|A/cattle/Texas/24-008749-003/2024(H5N1)	811	3534
PB2|PP755596.1|A/cattle/Texas/24-008749-003/2024(H5N1)	812	3554
PB2|PP755596.1|A/cattle/Texas/24-008749-003/2024(H5N1)	813	3580
PB2|PP755596.1|A/cattle/Texas/24-008749-003/2024(H5N1)	814	3655
PB2|PP755596.1|A/cattle/Texas/24-008749-003/2024(H5N1)	815	3663
PB2|PP755596.1|A/cattle/Texas/24-008749-003/2024(H5N1)	816	3664
PB2|PP755596.1|A/cattle/Texas/24-008749-003/2024(H5N1)	817	3655
PB2|PP755596.1|A/cattle/Texas/24-008749-003/2024(H5N1)	818	3658
PB2|PP755596.1|A/cattle/Texas/24-008749-003/2024(H5N1)	819	3654
PB2|PP755596.1|A/cattle/Texas/24-008749-003/2024(H5N1)	820	3641
PB2|PP755596.1|A/cattle/Texas/24-008749-003/2024(H5N1)	821	3632
PB2|PP755596.1|A/cattle/Texas/24-008749-003/2024(H5N1)	822	3532
PB2|PP755596.1|A/cattle/Texas/24-008749-003/2024(H5N1)	823	3550
PB2|PP755596.1|A/cattle/Texas/24-008749-003/2024(H5N1)	824	3587
PB2|PP755596.1|A/cattle/Texas/24-008749-003/2024(H5N1)	825	3680
PB2|PP755596.1|A/cattle/Texas/24-008749-003/2024(H5N1)	826	3670
PB2|PP755596.1|A/cattle/Texas/24-008749-003/2024(H5N1)	827	3562
PB2|PP755596.1|A/cattle/Texas/24-008749-003/2024(H5N1)	828	3559
PB2|PP755596.1|A/cattle/Texas/24-008749-003/2024(H5N1)	829	3578
PB2|PP755596.1|A/cattle/Texas/24-008749-003/2024(H5N1)	830	3543
PB2|PP755596.1|A/cattle/Texas/24-008749-003/2024(H5N1)	831	3544
PB2|PP755596.1|A/cattle/Texas/24-008749-003/2024(H5N1)	832	3534
PB2|PP755596.1|A/cattle/Texas/24-008749-003/2024(H5N1)	833	3429
PB2|PP755596.1|A/cattle/Texas/24-008749-003/2024(H5N1)	834	3341
PB2|PP755596.1|A/cattle/Texas/24-008749-003/2024(H5N1)	835	3344
PB2|PP755596.1|A/cattle/Texas/24-008749-003/2024(H5N1)	836	3340
PB2|PP755596.1|A/cattle/Texas/24-008749-003/2024(H5N1)	837	3337
PB2|PP755596.1|A/cattle/Texas/24-008749-003/2024(H5N1)	838	3587
PB2|PP755596.1|A/cattle/Texas/24-008749-003/2024(H5N1)	839	3578
PB2|PP755596.1|A/cattle/Texas/24-008749-003/2024(H5N1)	840	3598
PB2|PP755596.1|A/cattle/Texas/24-008749-003/2024(H5N1)	841	3589
PB2|PP755596.1|A/cattle/Texas/24-008749-003/2024(H5N1)	842	3565
PB2|PP755596.1|A/cattle/Texas/24-008749-003/2024(H5N1)	843	3561
PB2|PP755596.1|A/cattle/Texas/24-008749-003/2024(H5N1)	844	3558
PB2|PP755596.1|A/cattle/Texas/24-008749-003/2024(H5N1)	845	3535
PB2|PP755596.1|A/cattle/Texas/24-008749-003/2024(H5N1)	846	3536
PB2|PP755596.1|A/cattle/Texas/24-008749-003/2024(H5N1)	847	3273
PB2|PP755596.1|A/cattle/Texas/24-008749-003/2024(H5N1)	848	3251
PB2|PP755596.1|A/cattle/Texas/24-008749-003/2024(H5N1)	849	3400
PB2|PP755596.1|A/cattle/Texas/24-008749-003/2024(H5N1)	850	3411
PB2|PP755596.1|A/cattle/Texas/24-008749-003/2024(H5N1)	851	3411
PB2|PP755596.1|A/cattle/Texas/24-008749-003/2024(H5N1)	852	3409
PB2|PP755596.1|A/cattle/Texas/24-008749-003/2024(H5N1)	853	3401
PB2|PP755596.1|A/cattle/Texas/24-008749-003/2024(H5N1)	854	3396
PB2|PP755596.1|A/cattle/Texas/24-008749-003/2024(H5N1)	855	3389
PB2|PP755596.1|A/cattle/Texas/24-008749-003/2024(H5N1)	856	3357
PB2|PP755596.1|A/cattle/Texas/24-008749-003/2024(H5N1)	857	3388
PB2|PP755596.1|A/cattle/Texas/24-008749-003/2024(H5N1)	858	3321
PB2|PP755596.1|A/cattle/Texas/24-008749-003/2024(H5N1)	859	3314
PB2|PP755596.1|A/cattle/Texas/24-008749-003/2024(H5N1)	860	3313
PB2|PP755596.1|A/cattle/Texas/24-008749-003/2024(H5N1)	861	3301
PB2|PP755596.1|A/cattle/Texas/24-008749-003/2024(H5N1)	862	3359
PB2|PP755596.1|A/cattle/Texas/24-008749-003/2024(H5N1)	863	3361
PB2|PP755596.1|A/cattle/Texas/24-008749-003/2024(H5N1)	864	3387
PB2|PP755596.1|A/cattle/Texas/24-008749-003/2024(H5N1)	865	3387
PB2|PP755596.1|A/cattle/Texas/24-008749-003/2024(H5N1)	866	3349
PB2|PP755596.1|A/cattle/Texas/24-008749-003/2024(H5N1)	867	3352
PB2|PP755596.1|A/cattle/Texas/24-008749-003/2024(H5N1)	868	3351
PB2|PP755596.1|A/cattle/Texas/24-008749-003/2024(H5N1)	869	3345
PB2|PP755596.1|A/cattle/Texas/24-008749-003/2024(H5N1)	870	3345
PB2|PP755596.1|A/cattle/Texas/24-008749-003/2024(H5N1)	871	3347
PB2|PP755596.1|A/cattle/Texas/24-008749-003/2024(H5N1)	872	3442
PB2|PP755596.1|A/cattle/Texas/24-008749-003/2024(H5N1)	873	3418
PB2|PP755596.1|A/cattle/Texas/24-008749-003/2024(H5N1)	874	3428
PB2|PP755596.1|A/cattle/Texas/24-008749-003/2024(H5N1)	875	3427
PB2|PP755596.1|A/cattle/Texas/24-008749-003/2024(H5N1)	876	3429
PB2|PP755596.1|A/cattle/Texas/24-008749-003/2024(H5N1)	877	3356
PB2|PP755596.1|A/cattle/Texas/24-008749-003/2024(H5N1)	878	3393
PB2|PP755596.1|A/cattle/Texas/24-008749-003/2024(H5N1)	879	3416
PB2|PP755596.1|A/cattle/Texas/24-008749-003/2024(H5N1)	880	3416
PB2|PP755596.1|A/cattle/Texas/24-008749-003/2024(H5N1)	881	3358
PB2|PP755596.1|A/cattle/Texas/24-008749-003/2024(H5N1)	882	3390
PB2|PP755596.1|A/cattle/Texas/24-008749-003/2024(H5N1)	883	3432
PB2|PP755596.1|A/cattle/Texas/24-008749-003/2024(H5N1)	884	3432
PB2|PP755596.1|A/cattle/Texas/24-008749-003/2024(H5N1)	885	3392
PB2|PP755596.1|A/cattle/Texas/24-008749-003/2024(H5N1)	886	3394
PB2|PP755596.1|A/cattle/Texas/24-008749-003/2024(H5N1)	887	3355
PB2|PP755596.1|A/cattle/Texas/24-008749-003/2024(H5N1)	888	3371
PB2|PP755596.1|A/cattle/Texas/24-008749-003/2024(H5N1)	889	3338
PB2|PP755596.1|A/cattle/Texas/24-008749-003/2024(H5N1)	890	3372
PB2|PP755596.1|A/cattle/Texas/24-008749-003/2024(H5N1)	891	3328
PB2|PP755596.1|A/cattle/Texas/24-008749-003/2024(H5N1)	892	3330
PB2|PP755596.1|A/cattle/Texas/24-008749-003/2024(H5N1)	893	3315
PB2|PP755596.1|A/cattle/Texas/24-008749-003/2024(H5N1)	894	3308
PB2|PP755596.1|A/cattle/Texas/24-008749-003/2024(H5N1)	895	3312
PB2|PP755596.1|A/cattle/Texas/24-008749-003/2024(H5N1)	896	3311
PB2|PP755596.1|A/cattle/Texas/24-008749-003/2024(H5N1)	897	3318
PB2|PP755596.1|A/cattle/Texas/24-008749-003/2024(H5N1)	898	3300
PB2|PP755596.1|A/cattle/Texas/24-008749-003/2024(H5N1)	899	3294
PB2|PP755596.1|A/cattle/Texas/24-008749-003/2024(H5N1)	900	3312
PB2|PP755596.1|A/cattle/Texas/24-008749-003/2024(H5N1)	901	3316
PB2|PP755596.1|A/cattle/Texas/24-008749-003/2024(H5N1)	902	3400
PB2|PP755596.1|A/cattle/Texas/24-008749-003/2024(H5N1)	903	3407
PB2|PP755596.1|A/cattle/Texas/24-008749-003/2024(H5N1)	904	3411
PB2|PP755596.1|A/cattle/Texas/24-008749-003/2024(H5N1)	905	3413
PB2|PP755596.1|A/cattle/Texas/24-008749-003/2024(H5N1)	906	3410
PB2|PP755596.1|A/cattle/Texas/24-008749-003/2024(H5N1)	907	3383
PB2|PP755596.1|A/cattle/Texas/24-008749-003/2024(H5N1)	908	3390
PB2|PP755596.1|A/cattle/Texas/24-008749-003/2024(H5N1)	909	3376
PB2|PP755596.1|A/cattle/Texas/24-008749-003/2024(H5N1)	910	3409
PB2|PP755596.1|A/cattle/Texas/24-008749-003/2024(H5N1)	911	3341
PB2|PP755596.1|A/cattle/Texas/24-008749-003/2024(H5N1)	912	3340
PB2|PP755596.1|A/cattle/Texas/24-008749-003/2024(H5N1)	913	3362
PB2|PP755596.1|A/cattle/Texas/24-008749-003/2024(H5N1)	914	3388
PB2|PP755596.1|A/cattle/Texas/24-008749-003/2024(H5N1)	915	3388
PB2|PP755596.1|A/cattle/Texas/24-008749-003/2024(H5N1)	916	3368
PB2|PP755596.1|A/cattle/Texas/24-008749-003/2024(H5N1)	917	3351
PB2|PP755596.1|A/cattle/Texas/24-008749-003/2024(H5N1)	918	3351
PB2|PP755596.1|A/cattle/Texas/24-008749-003/2024(H5N1)	919	3411
PB2|PP755596.1|A/cattle/Texas/24-008749-003/2024(H5N1)	920	3428
PB2|PP755596.1|A/cattle/Texas/24-008749-003/2024(H5N1)	921	3372
PB2|PP755596.1|A/cattle/Texas/24-008749-003/2024(H5N1)	922	3365
PB2|PP755596.1|A/cattle/Texas/24-008749-003/2024(H5N1)	923	3364
PB2|PP755596.1|A/cattle/Texas/24-008749-003/2024(H5N1)	924	3358
PB2|PP755596.1|A/cattle/Texas/24-008749-003/2024(H5N1)	925	3561
PB2|PP755596.1|A/cattle/Texas/24-008749-003/2024(H5N1)	926	3594
PB2|PP755596.1|A/cattle/Texas/24-008749-003/2024(H5N1)	927	3727
PB2|PP755596.1|A/cattle/Texas/24-008749-003/2024(H5N1)	928	3584
PB2|PP755596.1|A/cattle/Texas/24-008749-003/2024(H5N1)	929	3593
PB2|PP755596.1|A/cattle/Texas/24-008749-003/2024(H5N1)	930	3656
PB2|PP755596.1|A/cattle/Texas/24-008749-003/2024(H5N1)	931	3652
PB2|PP755596.1|A/cattle/Texas/24-008749-003/2024(H5N1)	932	3652
PB2|PP755596.1|A/cattle/Texas/24-008749-003/2024(H5N1)	933	3666
PB2|PP755596.1|A/cattle/Texas/24-008749-003/2024(H5N1)	934	3587
PB2|PP755596.1|A/cattle/Texas/24-008749-003/2024(H5N1)	935	3589
PB2|PP755596.1|A/cattle/Texas/24-008749-003/2024(H5N1)	936	3531
PB2|PP755596.1|A/cattle/Texas/24-008749-003/2024(H5N1)	937	3593
PB2|PP755596.1|A/cattle/Texas/24-008749-003/2024(H5N1)	938	3489
PB2|PP755596.1|A/cattle/Texas/24-008749-003/2024(H5N1)	939	3419
PB2|PP755596.1|A/cattle/Texas/24-008749-003/2024(H5N1)	940	3590
PB2|PP755596.1|A/cattle/Texas/24-008749-003/2024(H5N1)	941	3554
PB2|PP755596.1|A/cattle/Texas/24-008749-003/2024(H5N1)	942	3570
PB2|PP755596.1|A/cattle/Texas/24-008749-003/2024(H5N1)	943	3610
PB2|PP755596.1|A/cattle/Texas/24-008749-003/2024(H5N1)	944	3627
PB2|PP755596.1|A/cattle/Texas/24-008749-003/2024(H5N1)	945	3625
PB2|PP755596.1|A/cattle/Texas/24-008749-003/2024(H5N1)	946	3670
PB2|PP755596.1|A/cattle/Texas/24-008749-003/2024(H5N1)	947	3650
PB2|PP755596.1|A/cattle/Texas/24-008749-003/2024(H5N1)	948	3623
PB2|PP755596.1|A/cattle/Texas/24-008749-003/2024(H5N1)	949	3519
PB2|PP755596.1|A/cattle/Texas/24-008749-003/2024(H5N1)	950	3515
PB2|PP755596.1|A/cattle/Texas/24-008749-003/2024(H5N1)	951	3531
PB2|PP755596.1|A/cattle/Texas/24-008749-003/2024(H5N1)	952	3531
PB2|PP755596.1|A/cattle/Texas/24-008749-003/2024(H5N1)	953	3631
PB2|PP755596.1|A/cattle/Texas/24-008749-003/2024(H5N1)	954	3676
PB2|PP755596.1|A/cattle/Texas/24-008749-003/2024(H5N1)	955	3612
PB2|PP755596.1|A/cattle/Texas/24-008749-003/2024(H5N1)	956	3602
PB2|PP755596.1|A/cattle/Texas/24-008749-003/2024(H5N1)	957	3548
PB2|PP755596.1|A/cattle/Texas/24-008749-003/2024(H5N1)	958	3555
PB2|PP755596.1|A/cattle/Texas/24-008749-003/2024(H5N1)	959	3561
PB2|PP755596.1|A/cattle/Texas/24-008749-003/2024(H5N1)	960	3580
PB2|PP755596.1|A/cattle/Texas/24-008749-003/2024(H5N1)	961	3591
PB2|PP755596.1|A/cattle/Texas/24-008749-003/2024(H5N1)	962	3490
PB2|PP755596.1|A/cattle/Texas/24-008749-003/2024(H5N1)	963	3460
PB2|PP755596.1|A/cattle/Texas/24-008749-003/2024(H5N1)	964	3516
PB2|PP755596.1|A/cattle/Texas/24-008749-003/2024(H5N1)	965	3483
PB2|PP755596.1|A/cattle/Texas/24-008749-003/2024(H5N1)	966	3491
PB2|PP755596.1|A/cattle/Texas/24-008749-003/2024(H5N1)	967	3477
PB2|PP755596.1|A/cattle/Texas/24-008749-003/2024(H5N1)	968	3468
PB2|PP755596.1|A/cattle/Texas/24-008749-003/2024(H5N1)	969	3450
PB2|PP755596.1|A/cattle/Texas/24-008749-003/2024(H5N1)	970	3450
PB2|PP755596.1|A/cattle/Texas/24-008749-003/2024(H5N1)	971	3515
PB2|PP755596.1|A/cattle/Texas/24-008749-003/2024(H5N1)	972	3513
PB2|PP755596.1|A/cattle/Texas/24-008749-003/2024(H5N1)	973	3420
PB2|PP755596.1|A/cattle/Texas/24-008749-003/2024(H5N1)	974	3424
PB2|PP755596.1|A/cattle/Texas/24-008749-003/2024(H5N1)	975	3499
PB2|PP755596.1|A/cattle/Texas/24-008749-003/2024(H5N1)	976	3452
PB2|PP755596.1|A/cattle/Texas/24-008749-003/2024(H5N1)	977	3462
PB2|PP755596.1|A/cattle/Texas/24-008749-003/2024(H5N1)	978	3450
PB2|PP755596.1|A/cattle/Texas/24-008749-003/2024(H5N1)	979	3465
PB2|PP755596.1|A/cattle/Texas/24-008749-003/2024(H5N1)	980	3435
PB2|PP755596.1|A/cattle/Texas/24-008749-003/2024(H5N1)	981	3454
PB2|PP755596.1|A/cattle/Texas/24-008749-003/2024(H5N1)	982	3455
PB2|PP755596.1|A/cattle/Texas/24-008749-003/2024(H5N1)	983	3455
PB2|PP755596.1|A/cattle/Texas/24-008749-003/2024(H5N1)	984	3462
PB2|PP755596.1|A/cattle/Texas/24-008749-003/2024(H5N1)	985	3443
PB2|PP755596.1|A/cattle/Texas/24-008749-003/2024(H5N1)	986	3435
PB2|PP755596.1|A/cattle/Texas/24-008749-003/2024(H5N1)	987	3445
PB2|PP755596.1|A/cattle/Texas/24-008749-003/2024(H5N1)	988	3431
PB2|PP755596.1|A/cattle/Texas/24-008749-003/2024(H5N1)	989	3251
PB2|PP755596.1|A/cattle/Texas/24-008749-003/2024(H5N1)	990	3257
PB2|PP755596.1|A/cattle/Texas/24-008749-003/2024(H5N1)	991	3387
PB2|PP755596.1|A/cattle/Texas/24-008749-003/2024(H5N1)	992	3386
PB2|PP755596.1|A/cattle/Texas/24-008749-003/2024(H5N1)	993	3385
PB2|PP755596.1|A/cattle/Texas/24-008749-003/2024(H5N1)	994	3372
PB2|PP755596.1|A/cattle/Texas/24-008749-003/2024(H5N1)	995	3398
PB2|PP755596.1|A/cattle/Texas/24-008749-003/2024(H5N1)	996	3392
PB2|PP755596.1|A/cattle/Texas/24-008749-003/2024(H5N1)	997	3416
PB2|PP755596.1|A/cattle/Texas/24-008749-003/2024(H5N1)	998	3423
PB2|PP755596.1|A/cattle/Texas/24-008749-003/2024(H5N1)	999	3425
PB2|PP755596.1|A/cattle/Texas/24-008749-003/2024(H5N1)	1000	3317
PB2|PP755596.1|A/cattle/Texas/24-008749-003/2024(H5N1)	1001	3307
PB2|PP755596.1|A/cattle/Texas/24-008749-003/2024(H5N1)	1002	3322
PB2|PP755596.1|A/cattle/Texas/24-008749-003/2024(H5N1)	1003	3324
PB2|PP755596.1|A/cattle/Texas/24-008749-003/2024(H5N1)	1004	3322
PB2|PP755596.1|A/cattle/Texas/24-008749-003/2024(H5N1)	1005	3323
PB2|PP755596.1|A/cattle/Texas/24-008749-003/2024(H5N1)	1006	3419
PB2|PP755596.1|A/cattle/Texas/24-008749-003/2024(H5N1)	1007	3363
PB2|PP755596.1|A/cattle/Texas/24-008749-003/2024(H5N1)	1008	3361
PB2|PP755596.1|A/cattle/Texas/24-008749-003/2024(H5N1)	1009	3358
PB2|PP755596.1|A/cattle/Texas/24-008749-003/2024(H5N1)	1010	3355
PB2|PP755596.1|A/cattle/Texas/24-008749-003/2024(H5N1)	1011	3345
PB2|PP755596.1|A/cattle/Texas/24-008749-003/2024(H5N1)	1012	3424
PB2|PP755596.1|A/cattle/Texas/24-008749-003/2024(H5N1)	1013	3390
PB2|PP755596.1|A/cattle/Texas/24-008749-003/2024(H5N1)	1014	3368
PB2|PP755596.1|A/cattle/Texas/24-008749-003/2024(H5N1)	1015	3362
PB2|PP755596.1|A/cattle/Texas/24-008749-003/2024(H5N1)	1016	3376
PB2|PP755596.1|A/cattle/Texas/24-008749-003/2024(H5N1)	1017	3377
PB2|PP755596.1|A/cattle/Texas/24-008749-003/2024(H5N1)	1018	3371
PB2|PP755596.1|A/cattle/Texas/24-008749-003/2024(H5N1)	1019	3422
PB2|PP755596.1|A/cattle/Texas/24-008749-003/2024(H5N1)	1020	3473
PB2|PP755596.1|A/cattle/Texas/24-008749-003/2024(H5N1)	1021	3416
PB2|PP755596.1|A/cattle/Texas/24-008749-003/2024(H5N1)	1022	3375
PB2|PP755596.1|A/cattle/Texas/24-008749-003/2024(H5N1)	1023	3328
PB2|PP755596.1|A/cattle/Texas/24-008749-003/2024(H5N1)	1024	3365
PB2|PP755596.1|A/cattle/Texas/24-008749-003/2024(H5N1)	1025	3394
PB2|PP755596.1|A/cattle/Texas/24-008749-003/2024(H5N1)	1026	3391
PB2|PP755596.1|A/cattle/Texas/24-008749-003/2024(H5N1)	1027	3396
PB2|PP755596.1|A/cattle/Texas/24-008749-003/2024(H5N1)	1028	3379
PB2|PP755596.1|A/cattle/Texas/24-008749-003/2024(H5N1)	1029	3328
PB2|PP755596.1|A/cattle/Texas/24-008749-003/2024(H5N1)	1030	3349
PB2|PP755596.1|A/cattle/Texas/24-008749-003/2024(H5N1)	1031	3317
PB2|PP755596.1|A/cattle/Texas/24-008749-003/2024(H5N1)	1032	3382
PB2|PP755596.1|A/cattle/Texas/24-008749-003/2024(H5N1)	1033	3333
PB2|PP755596.1|A/cattle/Texas/24-008749-003/2024(H5N1)	1034	3380
PB2|PP755596.1|A/cattle/Texas/24-008749-003/2024(H5N1)	1035	3386
PB2|PP755596.1|A/cattle/Texas/24-008749-003/2024(H5N1)	1036	3379
PB2|PP755596.1|A/cattle/Texas/24-008749-003/2024(H5N1)	1037	3379
PB2|PP755596.1|A/cattle/Texas/24-008749-003/2024(H5N1)	1038	3380
PB2|PP755596.1|A/cattle/Texas/24-008749-003/2024(H5N1)	1039	3364
PB2|PP755596.1|A/cattle/Texas/24-008749-003/2024(H5N1)	1040	3368
PB2|PP755596.1|A/cattle/Texas/24-008749-003/2024(H5N1)	1041	3322
PB2|PP755596.1|A/cattle/Texas/24-008749-003/2024(H5N1)	1042	3303
PB2|PP755596.1|A/cattle/Texas/24-008749-003/2024(H5N1)	1043	3327
PB2|PP755596.1|A/cattle/Texas/24-008749-003/2024(H5N1)	1044	3381
PB2|PP755596.1|A/cattle/Texas/24-008749-003/2024(H5N1)	1045	3403
PB2|PP755596.1|A/cattle/Texas/24-008749-003/2024(H5N1)	1046	3414
PB2|PP755596.1|A/cattle/Texas/24-008749-003/2024(H5N1)	1047	3413
PB2|PP755596.1|A/cattle/Texas/24-008749-003/2024(H5N1)	1048	3464
PB2|PP755596.1|A/cattle/Texas/24-008749-003/2024(H5N1)	1049	3465
PB2|PP755596.1|A/cattle/Texas/24-008749-003/2024(H5N1)	1050	3465
PB2|PP755596.1|A/cattle/Texas/24-008749-003/2024(H5N1)	1051	3453
PB2|PP755596.1|A/cattle/Texas/24-008749-003/2024(H5N1)	1052	3419
PB2|PP755596.1|A/cattle/Texas/24-008749-003/2024(H5N1)	1053	3379
PB2|PP755596.1|A/cattle/Texas/24-008749-003/2024(H5N1)	1054	3373
PB2|PP755596.1|A/cattle/Texas/24-008749-003/2024(H5N1)	1055	3371
PB2|PP755596.1|A/cattle/Texas/24-008749-003/2024(H5N1)	1056	3409
PB2|PP755596.1|A/cattle/Texas/24-008749-003/2024(H5N1)	1057	3413
PB2|PP755596.1|A/cattle/Texas/24-008749-003/2024(H5N1)	1058	3505
PB2|PP755596.1|A/cattle/Texas/24-008749-003/2024(H5N1)	1059	3503
PB2|PP755596.1|A/cattle/Texas/24-008749-003/2024(H5N1)	1060	3510
PB2|PP755596.1|A/cattle/Texas/24-008749-003/2024(H5N1)	1061	3485
PB2|PP755596.1|A/cattle/Texas/24-008749-003/2024(H5N1)	1062	3502
PB2|PP755596.1|A/cattle/Texas/24-008749-003/2024(H5N1)	1063	3442
PB2|PP755596.1|A/cattle/Texas/24-008749-003/2024(H5N1)	1064	3450
PB2|PP755596.1|A/cattle/Texas/24-008749-003/2024(H5N1)	1065	3414
PB2|PP755596.1|A/cattle/Texas/24-008749-003/2024(H5N1)	1066	3554
PB2|PP755596.1|A/cattle/Texas/24-008749-003/2024(H5N1)	1067	3471
PB2|PP755596.1|A/cattle/Texas/24-008749-003/2024(H5N1)	1068	3512
PB2|PP755596.1|A/cattle/Texas/24-008749-003/2024(H5N1)	1069	3534
PB2|PP755596.1|A/cattle/Texas/24-008749-003/2024(H5N1)	1070	3532
PB2|PP755596.1|A/cattle/Texas/24-008749-003/2024(H5N1)	1071	3521
PB2|PP755596.1|A/cattle/Texas/24-008749-003/2024(H5N1)	1072	3519
PB2|PP755596.1|A/cattle/Texas/24-008749-003/2024(H5N1)	1073	3555
PB2|PP755596.1|A/cattle/Texas/24-008749-003/2024(H5N1)	1074	3596
PB2|PP755596.1|A/cattle/Texas/24-008749-003/2024(H5N1)	1075	3536
PB2|PP755596.1|A/cattle/Texas/24-008749-003/2024(H5N1)	1076	3569
PB2|PP755596.1|A/cattle/Texas/24-008749-003/2024(H5N1)	1077	3567
PB2|PP755596.1|A/cattle/Texas/24-008749-003/2024(H5N1)	1078	3404
PB2|PP755596.1|A/cattle/Texas/24-008749-003/2024(H5N1)	1079	3428
PB2|PP755596.1|A/cattle/Texas/24-008749-003/2024(H5N1)	1080	3410
PB2|PP755596.1|A/cattle/Texas/24-008749-003/2024(H5N1)	1081	3405
PB2|PP755596.1|A/cattle/Texas/24-008749-003/2024(H5N1)	1082	3404
PB2|PP755596.1|A/cattle/Texas/24-008749-003/2024(H5N1)	1083	3370
PB2|PP755596.1|A/cattle/Texas/24-008749-003/2024(H5N1)	1084	3360
PB2|PP755596.1|A/cattle/Texas/24-008749-003/2024(H5N1)	1085	3084
PB2|PP755596.1|A/cattle/Texas/24-008749-003/2024(H5N1)	1086	3075
PB2|PP755596.1|A/cattle/Texas/24-008749-003/2024(H5N1)	1087	3146
PB2|PP755596.1|A/cattle/Texas/24-008749-003/2024(H5N1)	1088	3284
PB2|PP755596.1|A/cattle/Texas/24-008749-003/2024(H5N1)	1089	3308
PB2|PP755596.1|A/cattle/Texas/24-008749-003/2024(H5N1)	1090	3313
PB2|PP755596.1|A/cattle/Texas/24-008749-003/2024(H5N1)	1091	3254
PB2|PP755596.1|A/cattle/Texas/24-008749-003/2024(H5N1)	1092	3255
PB2|PP755596.1|A/cattle/Texas/24-008749-003/2024(H5N1)	1093	3254
PB2|PP755596.1|A/cattle/Texas/24-008749-003/2024(H5N1)	1094	3253
PB2|PP755596.1|A/cattle/Texas/24-008749-003/2024(H5N1)	1095	3307
PB2|PP755596.1|A/cattle/Texas/24-008749-003/2024(H5N1)	1096	3350
PB2|PP755596.1|A/cattle/Texas/24-008749-003/2024(H5N1)	1097	3300
PB2|PP755596.1|A/cattle/Texas/24-008749-003/2024(H5N1)	1098	3324
PB2|PP755596.1|A/cattle/Texas/24-008749-003/2024(H5N1)	1099	3323
PB2|PP755596.1|A/cattle/Texas/24-008749-003/2024(H5N1)	1100	3349
PB2|PP755596.1|A/cattle/Texas/24-008749-003/2024(H5N1)	1101	3351
PB2|PP755596.1|A/cattle/Texas/24-008749-003/2024(H5N1)	1102	3334
PB2|PP755596.1|A/cattle/Texas/24-008749-003/2024(H5N1)	1103	3350
PB2|PP755596.1|A/cattle/Texas/24-008749-003/2024(H5N1)	1104	3258
PB2|PP755596.1|A/cattle/Texas/24-008749-003/2024(H5N1)	1105	3199
PB2|PP755596.1|A/cattle/Texas/24-008749-003/2024(H5N1)	1106	3231
PB2|PP755596.1|A/cattle/Texas/24-008749-003/2024(H5N1)	1107	3231
PB2|PP755596.1|A/cattle/Texas/24-008749-003/2024(H5N1)	1108	3247
PB2|PP755596.1|A/cattle/Texas/24-008749-003/2024(H5N1)	1109	3265
PB2|PP755596.1|A/cattle/Texas/24-008749-003/2024(H5N1)	1110	3260
PB2|PP755596.1|A/cattle/Texas/24-008749-003/2024(H5N1)	1111	3267
PB2|PP755596.1|A/cattle/Texas/24-008749-003/2024(H5N1)	1112	3277
PB2|PP755596.1|A/cattle/Texas/24-008749-003/2024(H5N1)	1113	3278
PB2|PP755596.1|A/cattle/Texas/24-008749-003/2024(H5N1)	1114	3278
PB2|PP755596.1|A/cattle/Texas/24-008749-003/2024(H5N1)	1115	3198
PB2|PP755596.1|A/cattle/Texas/24-008749-003/2024(H5N1)	1116	3202
PB2|PP755596.1|A/cattle/Texas/24-008749-003/2024(H5N1)	1117	3305
PB2|PP755596.1|A/cattle/Texas/24-008749-003/2024(H5N1)	1118	3320
PB2|PP755596.1|A/cattle/Texas/24-008749-003/2024(H5N1)	1119	3320
PB2|PP755596.1|A/cattle/Texas/24-008749-003/2024(H5N1)	1120	3275
PB2|PP755596.1|A/cattle/Texas/24-008749-003/2024(H5N1)	1121	3273
PB2|PP755596.1|A/cattle/Texas/24-008749-003/2024(H5N1)	1122	3280
PB2|PP755596.1|A/cattle/Texas/24-008749-003/2024(H5N1)	1123	3276
PB2|PP755596.1|A/cattle/Texas/24-008749-003/2024(H5N1)	1124	3280
PB2|PP755596.1|A/cattle/Texas/24-008749-003/2024(H5N1)	1125	3293
PB2|PP755596.1|A/cattle/Texas/24-008749-003/2024(H5N1)	1126	3237
PB2|PP755596.1|A/cattle/Texas/24-008749-003/2024(H5N1)	1127	3226
PB2|PP755596.1|A/cattle/Texas/24-008749-003/2024(H5N1)	1128	3225
PB2|PP755596.1|A/cattle/Texas/24-008749-003/2024(H5N1)	1129	3246
PB2|PP755596.1|A/cattle/Texas/24-008749-003/2024(H5N1)	1130	3238
PB2|PP755596.1|A/cattle/Texas/24-008749-003/2024(H5N1)	1131	3229
PB2|PP755596.1|A/cattle/Texas/24-008749-003/2024(H5N1)	1132	3306
PB2|PP755596.1|A/cattle/Texas/24-008749-003/2024(H5N1)	1133	3456
PB2|PP755596.1|A/cattle/Texas/24-008749-003/2024(H5N1)	1134	3456
PB2|PP755596.1|A/cattle/Texas/24-008749-003/2024(H5N1)	1135	3446
PB2|PP755596.1|A/cattle/Texas/24-008749-003/2024(H5N1)	1136	3452
PB2|PP755596.1|A/cattle/Texas/24-008749-003/2024(H5N1)	1137	3441
PB2|PP755596.1|A/cattle/Texas/24-008749-003/2024(H5N1)	1138	3436
PB2|PP755596.1|A/cattle/Texas/24-008749-003/2024(H5N1)	1139	3470
PB2|PP755596.1|A/cattle/Texas/24-008749-003/2024(H5N1)	1140	3512
PB2|PP755596.1|A/cattle/Texas/24-008749-003/2024(H5N1)	1141	3511
PB2|PP755596.1|A/cattle/Texas/24-008749-003/2024(H5N1)	1142	3321
PB2|PP755596.1|A/cattle/Texas/24-008749-003/2024(H5N1)	1143	3354
PB2|PP755596.1|A/cattle/Texas/24-008749-003/2024(H5N1)	1144	3418
PB2|PP755596.1|A/cattle/Texas/24-008749-003/2024(H5N1)	1145	3416
PB2|PP755596.1|A/cattle/Texas/24-008749-003/2024(H5N1)	1146	3369
PB2|PP755596.1|A/cattle/Texas/24-008749-003/2024(H5N1)	1147	3351
PB2|PP755596.1|A/cattle/Texas/24-008749-003/2024(H5N1)	1148	3471
PB2|PP755596.1|A/cattle/Texas/24-008749-003/2024(H5N1)	1149	3481
PB2|PP755596.1|A/cattle/Texas/24-008749-003/2024(H5N1)	1150	3491
PB2|PP755596.1|A/cattle/Texas/24-008749-003/2024(H5N1)	1151	3514
PB2|PP755596.1|A/cattle/Texas/24-008749-003/2024(H5N1)	1152	3517
PB2|PP755596.1|A/cattle/Texas/24-008749-003/2024(H5N1)	1153	3541
PB2|PP755596.1|A/cattle/Texas/24-008749-003/2024(H5N1)	1154	3546
PB2|PP755596.1|A/cattle/Texas/24-008749-003/2024(H5N1)	1155	3532
PB2|PP755596.1|A/cattle/Texas/24-008749-003/2024(H5N1)	1156	3537
PB2|PP755596.1|A/cattle/Texas/24-008749-003/2024(H5N1)	1157	3458
PB2|PP755596.1|A/cattle/Texas/24-008749-003/2024(H5N1)	1158	3460
PB2|PP755596.1|A/cattle/Texas/24-008749-003/2024(H5N1)	1159	3459
PB2|PP755596.1|A/cattle/Texas/24-008749-003/2024(H5N1)	1160	3518
PB2|PP755596.1|A/cattle/Texas/24-008749-003/2024(H5N1)	1161	3599
PB2|PP755596.1|A/cattle/Texas/24-008749-003/2024(H5N1)	1162	3582
PB2|PP755596.1|A/cattle/Texas/24-008749-003/2024(H5N1)	1163	3529
PB2|PP755596.1|A/cattle/Texas/24-008749-003/2024(H5N1)	1164	3529
PB2|PP755596.1|A/cattle/Texas/24-008749-003/2024(H5N1)	1165	3519
PB2|PP755596.1|A/cattle/Texas/24-008749-003/2024(H5N1)	1166	3567
PB2|PP755596.1|A/cattle/Texas/24-008749-003/2024(H5N1)	1167	3562
PB2|PP755596.1|A/cattle/Texas/24-008749-003/2024(H5N1)	1168	3577
PB2|PP755596.1|A/cattle/Texas/24-008749-003/2024(H5N1)	1169	3561
PB2|PP755596.1|A/cattle/Texas/24-008749-003/2024(H5N1)	1170	3568
PB2|PP755596.1|A/cattle/Texas/24-008749-003/2024(H5N1)	1171	3563
PB2|PP755596.1|A/cattle/Texas/24-008749-003/2024(H5N1)	1172	3559
PB2|PP755596.1|A/cattle/Texas/24-008749-003/2024(H5N1)	1173	3556
PB2|PP755596.1|A/cattle/Texas/24-008749-003/2024(H5N1)	1174	3533
PB2|PP755596.1|A/cattle/Texas/24-008749-003/2024(H5N1)	1175	3484
PB2|PP755596.1|A/cattle/Texas/24-008749-003/2024(H5N1)	1176	3565
PB2|PP755596.1|A/cattle/Texas/24-008749-003/2024(H5N1)	1177	3530
PB2|PP755596.1|A/cattle/Texas/24-008749-003/2024(H5N1)	1178	3543
PB2|PP755596.1|A/cattle/Texas/24-008749-003/2024(H5N1)	1179	3543
PB2|PP755596.1|A/cattle/Texas/24-008749-003/2024(H5N1)	1180	3571
PB2|PP755596.1|A/cattle/Texas/24-008749-003/2024(H5N1)	1181	3564
PB2|PP755596.1|A/cattle/Texas/24-008749-003/2024(H5N1)	1182	3548
PB2|PP755596.1|A/cattle/Texas/24-008749-003/2024(H5N1)	1183	3503
PB2|PP755596.1|A/cattle/Texas/24-008749-003/2024(H5N1)	1184	3517
PB2|PP755596.1|A/cattle/Texas/24-008749-003/2024(H5N1)	1185	3444
PB2|PP755596.1|A/cattle/Texas/24-008749-003/2024(H5N1)	1186	3445
PB2|PP755596.1|A/cattle/Texas/24-008749-003/2024(H5N1)	1187	3434
PB2|PP755596.1|A/cattle/Texas/24-008749-003/2024(H5N1)	1188	3452
PB2|PP755596.1|A/cattle/Texas/24-008749-003/2024(H5N1)	1189	3464
PB2|PP755596.1|A/cattle/Texas/24-008749-003/2024(H5N1)	1190	3543
PB2|PP755596.1|A/cattle/Texas/24-008749-003/2024(H5N1)	1191	3541
PB2|PP755596.1|A/cattle/Texas/24-008749-003/2024(H5N1)	1192	3537
PB2|PP755596.1|A/cattle/Texas/24-008749-003/2024(H5N1)	1193	3542
PB2|PP755596.1|A/cattle/Texas/24-008749-003/2024(H5N1)	1194	3537
PB2|PP755596.1|A/cattle/Texas/24-008749-003/2024(H5N1)	1195	3560
PB2|PP755596.1|A/cattle/Texas/24-008749-003/2024(H5N1)	1196	3546
PB2|PP755596.1|A/cattle/Texas/24-008749-003/2024(H5N1)	1197	3505
PB2|PP755596.1|A/cattle/Texas/24-008749-003/2024(H5N1)	1198	3512
PB2|PP755596.1|A/cattle/Texas/24-008749-003/2024(H5N1)	1199	3396
PB2|PP755596.1|A/cattle/Texas/24-008749-003/2024(H5N1)	1200	3427
PB2|PP755596.1|A/cattle/Texas/24-008749-003/2024(H5N1)	1201	3438
PB2|PP755596.1|A/cattle/Texas/24-008749-003/2024(H5N1)	1202	3435
PB2|PP755596.1|A/cattle/Texas/24-008749-003/2024(H5N1)	1203	3435
PB2|PP755596.1|A/cattle/Texas/24-008749-003/2024(H5N1)	1204	3436
PB2|PP755596.1|A/cattle/Texas/24-008749-003/2024(H5N1)	1205	3448
PB2|PP755596.1|A/cattle/Texas/24-008749-003/2024(H5N1)	1206	3474
PB2|PP755596.1|A/cattle/Texas/24-008749-003/2024(H5N1)	1207	3474
PB2|PP755596.1|A/cattle/Texas/24-008749-003/2024(H5N1)	1208	3496
PB2|PP755596.1|A/cattle/Texas/24-008749-003/2024(H5N1)	1209	3443
PB2|PP755596.1|A/cattle/Texas/24-008749-003/2024(H5N1)	1210	3433
PB2|PP755596.1|A/cattle/Texas/24-008749-003/2024(H5N1)	1211	3462
PB2|PP755596.1|A/cattle/Texas/24-008749-003/2024(H5N1)	1212	3470
PB2|PP755596.1|A/cattle/Texas/24-008749-003/2024(H5N1)	1213	3437
PB2|PP755596.1|A/cattle/Texas/24-008749-003/2024(H5N1)	1214	3501
PB2|PP755596.1|A/cattle/Texas/24-008749-003/2024(H5N1)	1215	3502
PB2|PP755596.1|A/cattle/Texas/24-008749-003/2024(H5N1)	1216	3474
PB2|PP755596.1|A/cattle/Texas/24-008749-003/2024(H5N1)	1217	3482
PB2|PP755596.1|A/cattle/Texas/24-008749-003/2024(H5N1)	1218	3458
PB2|PP755596.1|A/cattle/Texas/24-008749-003/2024(H5N1)	1219	3441
PB2|PP755596.1|A/cattle/Texas/24-008749-003/2024(H5N1)	1220	3357
PB2|PP755596.1|A/cattle/Texas/24-008749-003/2024(H5N1)	1221	3407
PB2|PP755596.1|A/cattle/Texas/24-008749-003/2024(H5N1)	1222	3412
PB2|PP755596.1|A/cattle/Texas/24-008749-003/2024(H5N1)	1223	3331
PB2|PP755596.1|A/cattle/Texas/24-008749-003/2024(H5N1)	1224	3347
PB2|PP755596.1|A/cattle/Texas/24-008749-003/2024(H5N1)	1225	3278
PB2|PP755596.1|A/cattle/Texas/24-008749-003/2024(H5N1)	1226	3283
PB2|PP755596.1|A/cattle/Texas/24-008749-003/2024(H5N1)	1227	3195
PB2|PP755596.1|A/cattle/Texas/24-008749-003/2024(H5N1)	1228	3208
PB2|PP755596.1|A/cattle/Texas/24-008749-003/2024(H5N1)	1229	3226
PB2|PP755596.1|A/cattle/Texas/24-008749-003/2024(H5N1)	1230	3341
PB2|PP755596.1|A/cattle/Texas/24-008749-003/2024(H5N1)	1231	3347
PB2|PP755596.1|A/cattle/Texas/24-008749-003/2024(H5N1)	1232	3324
PB2|PP755596.1|A/cattle/Texas/24-008749-003/2024(H5N1)	1233	3312
PB2|PP755596.1|A/cattle/Texas/24-008749-003/2024(H5N1)	1234	3314
PB2|PP755596.1|A/cattle/Texas/24-008749-003/2024(H5N1)	1235	3313
PB2|PP755596.1|A/cattle/Texas/24-008749-003/2024(H5N1)	1236	3318
PB2|PP755596.1|A/cattle/Texas/24-008749-003/2024(H5N1)	1237	3310
PB2|PP755596.1|A/cattle/Texas/24-008749-003/2024(H5N1)	1238	3293
PB2|PP755596.1|A/cattle/Texas/24-008749-003/2024(H5N1)	1239	3146
PB2|PP755596.1|A/cattle/Texas/24-008749-003/2024(H5N1)	1240	3205
PB2|PP755596.1|A/cattle/Texas/24-008749-003/2024(H5N1)	1241	3262
PB2|PP755596.1|A/cattle/Texas/24-008749-003/2024(H5N1)	1242	3260
PB2|PP755596.1|A/cattle/Texas/24-008749-003/2024(H5N1)	1243	3298
PB2|PP755596.1|A/cattle/Texas/24-008749-003/2024(H5N1)	1244	3289
PB2|PP755596.1|A/cattle/Texas/24-008749-003/2024(H5N1)	1245	3306
PB2|PP755596.1|A/cattle/Texas/24-008749-003/2024(H5N1)	1246	3270
PB2|PP755596.1|A/cattle/Texas/24-008749-003/2024(H5N1)	1247	3239
PB2|PP755596.1|A/cattle/Texas/24-008749-003/2024(H5N1)	1248	3202
PB2|PP755596.1|A/cattle/Texas/24-008749-003/2024(H5N1)	1249	3194
PB2|PP755596.1|A/cattle/Texas/24-008749-003/2024(H5N1)	1250	3227
PB2|PP755596.1|A/cattle/Texas/24-008749-003/2024(H5N1)	1251	3229
PB2|PP755596.1|A/cattle/Texas/24-008749-003/2024(H5N1)	1252	3221
PB2|PP755596.1|A/cattle/Texas/24-008749-003/2024(H5N1)	1253	3211
PB2|PP755596.1|A/cattle/Texas/24-008749-003/2024(H5N1)	1254	3241
PB2|PP755596.1|A/cattle/Texas/24-008749-003/2024(H5N1)	1255	3269
PB2|PP755596.1|A/cattle/Texas/24-008749-003/2024(H5N1)	1256	3270
PB2|PP755596.1|A/cattle/Texas/24-008749-003/2024(H5N1)	1257	3246
PB2|PP755596.1|A/cattle/Texas/24-008749-003/2024(H5N1)	1258	3191
PB2|PP755596.1|A/cattle/Texas/24-008749-003/2024(H5N1)	1259	3179
PB2|PP755596.1|A/cattle/Texas/24-008749-003/2024(H5N1)	1260	3203
PB2|PP755596.1|A/cattle/Texas/24-008749-003/2024(H5N1)	1261	3207
PB2|PP755596.1|A/cattle/Texas/24-008749-003/2024(H5N1)	1262	3213
PB2|PP755596.1|A/cattle/Texas/24-008749-003/2024(H5N1)	1263	3222
PB2|PP755596.1|A/cattle/Texas/24-008749-003/2024(H5N1)	1264	3222
PB2|PP755596.1|A/cattle/Texas/24-008749-003/2024(H5N1)	1265	3222
PB2|PP755596.1|A/cattle/Texas/24-008749-003/2024(H5N1)	1266	3223
PB2|PP755596.1|A/cattle/Texas/24-008749-003/2024(H5N1)	1267	3209
PB2|PP755596.1|A/cattle/Texas/24-008749-003/2024(H5N1)	1268	3236
PB2|PP755596.1|A/cattle/Texas/24-008749-003/2024(H5N1)	1269	3276
PB2|PP755596.1|A/cattle/Texas/24-008749-003/2024(H5N1)	1270	3310
PB2|PP755596.1|A/cattle/Texas/24-008749-003/2024(H5N1)	1271	3310
PB2|PP755596.1|A/cattle/Texas/24-008749-003/2024(H5N1)	1272	3286
PB2|PP755596.1|A/cattle/Texas/24-008749-003/2024(H5N1)	1273	3291
PB2|PP755596.1|A/cattle/Texas/24-008749-003/2024(H5N1)	1274	3308
PB2|PP755596.1|A/cattle/Texas/24-008749-003/2024(H5N1)	1275	3307
PB2|PP755596.1|A/cattle/Texas/24-008749-003/2024(H5N1)	1276	3299
PB2|PP755596.1|A/cattle/Texas/24-008749-003/2024(H5N1)	1277	3206
PB2|PP755596.1|A/cattle/Texas/24-008749-003/2024(H5N1)	1278	3207
PB2|PP755596.1|A/cattle/Texas/24-008749-003/2024(H5N1)	1279	3269
PB2|PP755596.1|A/cattle/Texas/24-008749-003/2024(H5N1)	1280	3267
PB2|PP755596.1|A/cattle/Texas/24-008749-003/2024(H5N1)	1281	3420
PB2|PP755596.1|A/cattle/Texas/24-008749-003/2024(H5N1)	1282	3324
PB2|PP755596.1|A/cattle/Texas/24-008749-003/2024(H5N1)	1283	3222
PB2|PP755596.1|A/cattle/Texas/24-008749-003/2024(H5N1)	1284	3241
PB2|PP755596.1|A/cattle/Texas/24-008749-003/2024(H5N1)	1285	3249
PB2|PP755596.1|A/cattle/Texas/24-008749-003/2024(H5N1)	1286	3347
PB2|PP755596.1|A/cattle/Texas/24-008749-003/2024(H5N1)	1287	3342
PB2|PP755596.1|A/cattle/Texas/24-008749-003/2024(H5N1)	1288	3482
PB2|PP755596.1|A/cattle/Texas/24-008749-003/2024(H5N1)	1289	3483
PB2|PP755596.1|A/cattle/Texas/24-008749-003/2024(H5N1)	1290	3400
PB2|PP755596.1|A/cattle/Texas/24-008749-003/2024(H5N1)	1291	3413
PB2|PP755596.1|A/cattle/Texas/24-008749-003/2024(H5N1)	1292	3415
PB2|PP755596.1|A/cattle/Texas/24-008749-003/2024(H5N1)	1293	3434
PB2|PP755596.1|A/cattle/Texas/24-008749-003/2024(H5N1)	1294	3474
PB2|PP755596.1|A/cattle/Texas/24-008749-003/2024(H5N1)	1295	3382
PB2|PP755596.1|A/cattle/Texas/24-008749-003/2024(H5N1)	1296	3390
PB2|PP755596.1|A/cattle/Texas/24-008749-003/2024(H5N1)	1297	3384
PB2|PP755596.1|A/cattle/Texas/24-008749-003/2024(H5N1)	1298	3366
PB2|PP755596.1|A/cattle/Texas/24-008749-003/2024(H5N1)	1299	3409
PB2|PP755596.1|A/cattle/Texas/24-008749-003/2024(H5N1)	1300	3440
PB2|PP755596.1|A/cattle/Texas/24-008749-003/2024(H5N1)	1301	3495
PB2|PP755596.1|A/cattle/Texas/24-008749-003/2024(H5N1)	1302	3556
PB2|PP755596.1|A/cattle/Texas/24-008749-003/2024(H5N1)	1303	3528
PB2|PP755596.1|A/cattle/Texas/24-008749-003/2024(H5N1)	1304	3558
PB2|PP755596.1|A/cattle/Texas/24-008749-003/2024(H5N1)	1305	3557
PB2|PP755596.1|A/cattle/Texas/24-008749-003/2024(H5N1)	1306	3556
PB2|PP755596.1|A/cattle/Texas/24-008749-003/2024(H5N1)	1307	3557
PB2|PP755596.1|A/cattle/Texas/24-008749-003/2024(H5N1)	1308	3464
PB2|PP755596.1|A/cattle/Texas/24-008749-003/2024(H5N1)	1309	3478
PB2|PP755596.1|A/cattle/Texas/24-008749-003/2024(H5N1)	1310	3436
PB2|PP755596.1|A/cattle/Texas/24-008749-003/2024(H5N1)	1311	3516
PB2|PP755596.1|A/cattle/Texas/24-008749-003/2024(H5N1)	1312	3508
PB2|PP755596.1|A/cattle/Texas/24-008749-003/2024(H5N1)	1313	3542
PB2|PP755596.1|A/cattle/Texas/24-008749-003/2024(H5N1)	1314	3563
PB2|PP755596.1|A/cattle/Texas/24-008749-003/2024(H5N1)	1315	3554
PB2|PP755596.1|A/cattle/Texas/24-008749-003/2024(H5N1)	1316	3558
PB2|PP755596.1|A/cattle/Texas/24-008749-003/2024(H5N1)	1317	3548
PB2|PP755596.1|A/cattle/Texas/24-008749-003/2024(H5N1)	1318	3537
PB2|PP755596.1|A/cattle/Texas/24-008749-003/2024(H5N1)	1319	3525
PB2|PP755596.1|A/cattle/Texas/24-008749-003/2024(H5N1)	1320	3489
PB2|PP755596.1|A/cattle/Texas/24-008749-003/2024(H5N1)	1321	3401
PB2|PP755596.1|A/cattle/Texas/24-008749-003/2024(H5N1)	1322	3813
PB2|PP755596.1|A/cattle/Texas/24-008749-003/2024(H5N1)	1323	3812
PB2|PP755596.1|A/cattle/Texas/24-008749-003/2024(H5N1)	1324	3818
PB2|PP755596.1|A/cattle/Texas/24-008749-003/2024(H5N1)	1325	3875
PB2|PP755596.1|A/cattle/Texas/24-008749-003/2024(H5N1)	1326	3879
PB2|PP755596.1|A/cattle/Texas/24-008749-003/2024(H5N1)	1327	3928
PB2|PP755596.1|A/cattle/Texas/24-008749-003/2024(H5N1)	1328	3927
PB2|PP755596.1|A/cattle/Texas/24-008749-003/2024(H5N1)	1329	3892
PB2|PP755596.1|A/cattle/Texas/24-008749-003/2024(H5N1)	1330	3906
PB2|PP755596.1|A/cattle/Texas/24-008749-003/2024(H5N1)	1331	3871
PB2|PP755596.1|A/cattle/Texas/24-008749-003/2024(H5N1)	1332	3868
PB2|PP755596.1|A/cattle/Texas/24-008749-003/2024(H5N1)	1333	3874
PB2|PP755596.1|A/cattle/Texas/24-008749-003/2024(H5N1)	1334	3848
PB2|PP755596.1|A/cattle/Texas/24-008749-003/2024(H5N1)	1335	3849
PB2|PP755596.1|A/cattle/Texas/24-008749-003/2024(H5N1)	1336	3928
PB2|PP755596.1|A/cattle/Texas/24-008749-003/2024(H5N1)	1337	3929
PB2|PP755596.1|A/cattle/Texas/24-008749-003/2024(H5N1)	1338	3922
PB2|PP755596.1|A/cattle/Texas/24-008749-003/2024(H5N1)	1339	3910
PB2|PP755596.1|A/cattle/Texas/24-008749-003/2024(H5N1)	1340	3912
PB2|PP755596.1|A/cattle/Texas/24-008749-003/2024(H5N1)	1341	3947
PB2|PP755596.1|A/cattle/Texas/24-008749-003/2024(H5N1)	1342	3947
PB2|PP755596.1|A/cattle/Texas/24-008749-003/2024(H5N1)	1343	3977
PB2|PP755596.1|A/cattle/Texas/24-008749-003/2024(H5N1)	1344	3978
PB2|PP755596.1|A/cattle/Texas/24-008749-003/2024(H5N1)	1345	3961
PB2|PP755596.1|A/cattle/Texas/24-008749-003/2024(H5N1)	1346	3942
PB2|PP755596.1|A/cattle/Texas/24-008749-003/2024(H5N1)	1347	3943
PB2|PP755596.1|A/cattle/Texas/24-008749-003/2024(H5N1)	1348	3944
PB2|PP755596.1|A/cattle/Texas/24-008749-003/2024(H5N1)	1349	4013
PB2|PP755596.1|A/cattle/Texas/24-008749-003/2024(H5N1)	1350	4008
PB2|PP755596.1|A/cattle/Texas/24-008749-003/2024(H5N1)	1351	4020
PB2|PP755596.1|A/cattle/Texas/24-008749-003/2024(H5N1)	1352	4006
PB2|PP755596.1|A/cattle/Texas/24-008749-003/2024(H5N1)	1353	4002
PB2|PP755596.1|A/cattle/Texas/24-008749-003/2024(H5N1)	1354	4004
PB2|PP755596.1|A/cattle/Texas/24-008749-003/2024(H5N1)	1355	3967
PB2|PP755596.1|A/cattle/Texas/24-008749-003/2024(H5N1)	1356	3982
PB2|PP755596.1|A/cattle/Texas/24-008749-003/2024(H5N1)	1357	3981
PB2|PP755596.1|A/cattle/Texas/24-008749-003/2024(H5N1)	1358	3966
PB2|PP755596.1|A/cattle/Texas/24-008749-003/2024(H5N1)	1359	3969
PB2|PP755596.1|A/cattle/Texas/24-008749-003/2024(H5N1)	1360	3940
PB2|PP755596.1|A/cattle/Texas/24-008749-003/2024(H5N1)	1361	3957
PB2|PP755596.1|A/cattle/Texas/24-008749-003/2024(H5N1)	1362	3921
PB2|PP755596.1|A/cattle/Texas/24-008749-003/2024(H5N1)	1363	3918
PB2|PP755596.1|A/cattle/Texas/24-008749-003/2024(H5N1)	1364	3916
PB2|PP755596.1|A/cattle/Texas/24-008749-003/2024(H5N1)	1365	3877
PB2|PP755596.1|A/cattle/Texas/24-008749-003/2024(H5N1)	1366	3819
PB2|PP755596.1|A/cattle/Texas/24-008749-003/2024(H5N1)	1367	3779
PB2|PP755596.1|A/cattle/Texas/24-008749-003/2024(H5N1)	1368	3780
PB2|PP755596.1|A/cattle/Texas/24-008749-003/2024(H5N1)	1369	3797
PB2|PP755596.1|A/cattle/Texas/24-008749-003/2024(H5N1)	1370	3788
PB2|PP755596.1|A/cattle/Texas/24-008749-003/2024(H5N1)	1371	3790
PB2|PP755596.1|A/cattle/Texas/24-008749-003/2024(H5N1)	1372	3737
PB2|PP755596.1|A/cattle/Texas/24-008749-003/2024(H5N1)	1373	3733
PB2|PP755596.1|A/cattle/Texas/24-008749-003/2024(H5N1)	1374	3739
PB2|PP755596.1|A/cattle/Texas/24-008749-003/2024(H5N1)	1375	3737
PB2|PP755596.1|A/cattle/Texas/24-008749-003/2024(H5N1)	1376	3730
PB2|PP755596.1|A/cattle/Texas/24-008749-003/2024(H5N1)	1377	3716
PB2|PP755596.1|A/cattle/Texas/24-008749-003/2024(H5N1)	1378	3702
PB2|PP755596.1|A/cattle/Texas/24-008749-003/2024(H5N1)	1379	3694
PB2|PP755596.1|A/cattle/Texas/24-008749-003/2024(H5N1)	1380	3709
PB2|PP755596.1|A/cattle/Texas/24-008749-003/2024(H5N1)	1381	3596
PB2|PP755596.1|A/cattle/Texas/24-008749-003/2024(H5N1)	1382	3603
PB2|PP755596.1|A/cattle/Texas/24-008749-003/2024(H5N1)	1383	3596
PB2|PP755596.1|A/cattle/Texas/24-008749-003/2024(H5N1)	1384	3581
PB2|PP755596.1|A/cattle/Texas/24-008749-003/2024(H5N1)	1385	3708
PB2|PP755596.1|A/cattle/Texas/24-008749-003/2024(H5N1)	1386	3690
PB2|PP755596.1|A/cattle/Texas/24-008749-003/2024(H5N1)	1387	3763
PB2|PP755596.1|A/cattle/Texas/24-008749-003/2024(H5N1)	1388	3762
PB2|PP755596.1|A/cattle/Texas/24-008749-003/2024(H5N1)	1389	3796
PB2|PP755596.1|A/cattle/Texas/24-008749-003/2024(H5N1)	1390	3779
PB2|PP755596.1|A/cattle/Texas/24-008749-003/2024(H5N1)	1391	3720
PB2|PP755596.1|A/cattle/Texas/24-008749-003/2024(H5N1)	1392	3759
PB2|PP755596.1|A/cattle/Texas/24-008749-003/2024(H5N1)	1393	3757
PB2|PP755596.1|A/cattle/Texas/24-008749-003/2024(H5N1)	1394	3720
PB2|PP755596.1|A/cattle/Texas/24-008749-003/2024(H5N1)	1395	3683
PB2|PP755596.1|A/cattle/Texas/24-008749-003/2024(H5N1)	1396	3686
PB2|PP755596.1|A/cattle/Texas/24-008749-003/2024(H5N1)	1397	3728
PB2|PP755596.1|A/cattle/Texas/24-008749-003/2024(H5N1)	1398	3727
PB2|PP755596.1|A/cattle/Texas/24-008749-003/2024(H5N1)	1399	3749
PB2|PP755596.1|A/cattle/Texas/24-008749-003/2024(H5N1)	1400	3697
PB2|PP755596.1|A/cattle/Texas/24-008749-003/2024(H5N1)	1401	3667
PB2|PP755596.1|A/cattle/Texas/24-008749-003/2024(H5N1)	1402	3726
PB2|PP755596.1|A/cattle/Texas/24-008749-003/2024(H5N1)	1403	3722
PB2|PP755596.1|A/cattle/Texas/24-008749-003/2024(H5N1)	1404	3729
PB2|PP755596.1|A/cattle/Texas/24-008749-003/2024(H5N1)	1405	3724
PB2|PP755596.1|A/cattle/Texas/24-008749-003/2024(H5N1)	1406	3697
PB2|PP755596.1|A/cattle/Texas/24-008749-003/2024(H5N1)	1407	3698
PB2|PP755596.1|A/cattle/Texas/24-008749-003/2024(H5N1)	1408	3700
PB2|PP755596.1|A/cattle/Texas/24-008749-003/2024(H5N1)	1409	3763
PB2|PP755596.1|A/cattle/Texas/24-008749-003/2024(H5N1)	1410	3782
PB2|PP755596.1|A/cattle/Texas/24-008749-003/2024(H5N1)	1411	3752
PB2|PP755596.1|A/cattle/Texas/24-008749-003/2024(H5N1)	1412	3754
PB2|PP755596.1|A/cattle/Texas/24-008749-003/2024(H5N1)	1413	3718
PB2|PP755596.1|A/cattle/Texas/24-008749-003/2024(H5N1)	1414	3718
PB2|PP755596.1|A/cattle/Texas/24-008749-003/2024(H5N1)	1415	3732
PB2|PP755596.1|A/cattle/Texas/24-008749-003/2024(H5N1)	1416	3737
PB2|PP755596.1|A/cattle/Texas/24-008749-003/2024(H5N1)	1417	3742
PB2|PP755596.1|A/cattle/Texas/24-008749-003/2024(H5N1)	1418	3654
PB2|PP755596.1|A/cattle/Texas/24-008749-003/2024(H5N1)	1419	3595
PB2|PP755596.1|A/cattle/Texas/24-008749-003/2024(H5N1)	1420	3629
PB2|PP755596.1|A/cattle/Texas/24-008749-003/2024(H5N1)	1421	3656
PB2|PP755596.1|A/cattle/Texas/24-008749-003/2024(H5N1)	1422	3654
PB2|PP755596.1|A/cattle/Texas/24-008749-003/2024(H5N1)	1423	3648
PB2|PP755596.1|A/cattle/Texas/24-008749-003/2024(H5N1)	1424	3629
PB2|PP755596.1|A/cattle/Texas/24-008749-003/2024(H5N1)	1425	3633
PB2|PP755596.1|A/cattle/Texas/24-008749-003/2024(H5N1)	1426	3635
PB2|PP755596.1|A/cattle/Texas/24-008749-003/2024(H5N1)	1427	3637
PB2|PP755596.1|A/cattle/Texas/24-008749-003/2024(H5N1)	1428	3684
PB2|PP755596.1|A/cattle/Texas/24-008749-003/2024(H5N1)	1429	3599
PB2|PP755596.1|A/cattle/Texas/24-008749-003/2024(H5N1)	1430	3863
PB2|PP755596.1|A/cattle/Texas/24-008749-003/2024(H5N1)	1431	3866
PB2|PP755596.1|A/cattle/Texas/24-008749-003/2024(H5N1)	1432	3768
PB2|PP755596.1|A/cattle/Texas/24-008749-003/2024(H5N1)	1433	3767
PB2|PP755596.1|A/cattle/Texas/24-008749-003/2024(H5N1)	1434	3759
PB2|PP755596.1|A/cattle/Texas/24-008749-003/2024(H5N1)	1435	3746
PB2|PP755596.1|A/cattle/Texas/24-008749-003/2024(H5N1)	1436	3748
PB2|PP755596.1|A/cattle/Texas/24-008749-003/2024(H5N1)	1437	3664
PB2|PP755596.1|A/cattle/Texas/24-008749-003/2024(H5N1)	1438	3672
PB2|PP755596.1|A/cattle/Texas/24-008749-003/2024(H5N1)	1439	3442
PB2|PP755596.1|A/cattle/Texas/24-008749-003/2024(H5N1)	1440	3441
PB2|PP755596.1|A/cattle/Texas/24-008749-003/2024(H5N1)	1441	3432
PB2|PP755596.1|A/cattle/Texas/24-008749-003/2024(H5N1)	1442	3444
PB2|PP755596.1|A/cattle/Texas/24-008749-003/2024(H5N1)	1443	3461
PB2|PP755596.1|A/cattle/Texas/24-008749-003/2024(H5N1)	1444	3450
PB2|PP755596.1|A/cattle/Texas/24-008749-003/2024(H5N1)	1445	3403
PB2|PP755596.1|A/cattle/Texas/24-008749-003/2024(H5N1)	1446	3445
PB2|PP755596.1|A/cattle/Texas/24-008749-003/2024(H5N1)	1447	3471
PB2|PP755596.1|A/cattle/Texas/24-008749-003/2024(H5N1)	1448	3468
PB2|PP755596.1|A/cattle/Texas/24-008749-003/2024(H5N1)	1449	3451
PB2|PP755596.1|A/cattle/Texas/24-008749-003/2024(H5N1)	1450	3373
PB2|PP755596.1|A/cattle/Texas/24-008749-003/2024(H5N1)	1451	3382
PB2|PP755596.1|A/cattle/Texas/24-008749-003/2024(H5N1)	1452	3333
PB2|PP755596.1|A/cattle/Texas/24-008749-003/2024(H5N1)	1453	3277
PB2|PP755596.1|A/cattle/Texas/24-008749-003/2024(H5N1)	1454	3281
PB2|PP755596.1|A/cattle/Texas/24-008749-003/2024(H5N1)	1455	3249
PB2|PP755596.1|A/cattle/Texas/24-008749-003/2024(H5N1)	1456	3281
PB2|PP755596.1|A/cattle/Texas/24-008749-003/2024(H5N1)	1457	3289
PB2|PP755596.1|A/cattle/Texas/24-008749-003/2024(H5N1)	1458	3305
PB2|PP755596.1|A/cattle/Texas/24-008749-003/2024(H5N1)	1459	3314
PB2|PP755596.1|A/cattle/Texas/24-008749-003/2024(H5N1)	1460	3277
PB2|PP755596.1|A/cattle/Texas/24-008749-003/2024(H5N1)	1461	3284
PB2|PP755596.1|A/cattle/Texas/24-008749-003/2024(H5N1)	1462	3194
PB2|PP755596.1|A/cattle/Texas/24-008749-003/2024(H5N1)	1463	3186
PB2|PP755596.1|A/cattle/Texas/24-008749-003/2024(H5N1)	1464	3794
PB2|PP755596.1|A/cattle/Texas/24-008749-003/2024(H5N1)	1465	3758
PB2|PP755596.1|A/cattle/Texas/24-008749-003/2024(H5N1)	1466	3811
PB2|PP755596.1|A/cattle/Texas/24-008749-003/2024(H5N1)	1467	3807
PB2|PP755596.1|A/cattle/Texas/24-008749-003/2024(H5N1)	1468	3785
PB2|PP755596.1|A/cattle/Texas/24-008749-003/2024(H5N1)	1469	3893
PB2|PP755596.1|A/cattle/Texas/24-008749-003/2024(H5N1)	1470	3902
PB2|PP755596.1|A/cattle/Texas/24-008749-003/2024(H5N1)	1471	3887
PB2|PP755596.1|A/cattle/Texas/24-008749-003/2024(H5N1)	1472	3871
PB2|PP755596.1|A/cattle/Texas/24-008749-003/2024(H5N1)	1473	3374
PB2|PP755596.1|A/cattle/Texas/24-008749-003/2024(H5N1)	1474	3393
PB2|PP755596.1|A/cattle/Texas/24-008749-003/2024(H5N1)	1475	3434
PB2|PP755596.1|A/cattle/Texas/24-008749-003/2024(H5N1)	1476	3431
PB2|PP755596.1|A/cattle/Texas/24-008749-003/2024(H5N1)	1477	3467
PB2|PP755596.1|A/cattle/Texas/24-008749-003/2024(H5N1)	1478	3436
PB2|PP755596.1|A/cattle/Texas/24-008749-003/2024(H5N1)	1479	3448
PB2|PP755596.1|A/cattle/Texas/24-008749-003/2024(H5N1)	1480	3451
PB2|PP755596.1|A/cattle/Texas/24-008749-003/2024(H5N1)	1481	3574
PB2|PP755596.1|A/cattle/Texas/24-008749-003/2024(H5N1)	1482	3574
PB2|PP755596.1|A/cattle/Texas/24-008749-003/2024(H5N1)	1483	3700
PB2|PP755596.1|A/cattle/Texas/24-008749-003/2024(H5N1)	1484	3701
PB2|PP755596.1|A/cattle/Texas/24-008749-003/2024(H5N1)	1485	3770
PB2|PP755596.1|A/cattle/Texas/24-008749-003/2024(H5N1)	1486	3771
PB2|PP755596.1|A/cattle/Texas/24-008749-003/2024(H5N1)	1487	3712
PB2|PP755596.1|A/cattle/Texas/24-008749-003/2024(H5N1)	1488	3710
PB2|PP755596.1|A/cattle/Texas/24-008749-003/2024(H5N1)	1489	3700
PB2|PP755596.1|A/cattle/Texas/24-008749-003/2024(H5N1)	1490	3704
PB2|PP755596.1|A/cattle/Texas/24-008749-003/2024(H5N1)	1491	3837
PB2|PP755596.1|A/cattle/Texas/24-008749-003/2024(H5N1)	1492	3724
PB2|PP755596.1|A/cattle/Texas/24-008749-003/2024(H5N1)	1493	3725
PB2|PP755596.1|A/cattle/Texas/24-008749-003/2024(H5N1)	1494	3678
PB2|PP755596.1|A/cattle/Texas/24-008749-003/2024(H5N1)	1495	3678
PB2|PP755596.1|A/cattle/Texas/24-008749-003/2024(H5N1)	1496	3837
PB2|PP755596.1|A/cattle/Texas/24-008749-003/2024(H5N1)	1497	3843
PB2|PP755596.1|A/cattle/Texas/24-008749-003/2024(H5N1)	1498	3843
PB2|PP755596.1|A/cattle/Texas/24-008749-003/2024(H5N1)	1499	3832
PB2|PP755596.1|A/cattle/Texas/24-008749-003/2024(H5N1)	1500	3855
PB2|PP755596.1|A/cattle/Texas/24-008749-003/2024(H5N1)	1501	3969
PB2|PP755596.1|A/cattle/Texas/24-008749-003/2024(H5N1)	1502	3966
PB2|PP755596.1|A/cattle/Texas/24-008749-003/2024(H5N1)	1503	4010
PB2|PP755596.1|A/cattle/Texas/24-008749-003/2024(H5N1)	1504	4025
PB2|PP755596.1|A/cattle/Texas/24-008749-003/2024(H5N1)	1505	4024
PB2|PP755596.1|A/cattle/Texas/24-008749-003/2024(H5N1)	1506	4026
PB2|PP755596.1|A/cattle/Texas/24-008749-003/2024(H5N1)	1507	4011
PB2|PP755596.1|A/cattle/Texas/24-008749-003/2024(H5N1)	1508	3983
PB2|PP755596.1|A/cattle/Texas/24-008749-003/2024(H5N1)	1509	3943
PB2|PP755596.1|A/cattle/Texas/24-008749-003/2024(H5N1)	1510	3983
PB2|PP755596.1|A/cattle/Texas/24-008749-003/2024(H5N1)	1511	4000
PB2|PP755596.1|A/cattle/Texas/24-008749-003/2024(H5N1)	1512	4007
PB2|PP755596.1|A/cattle/Texas/24-008749-003/2024(H5N1)	1513	4004
PB2|PP755596.1|A/cattle/Texas/24-008749-003/2024(H5N1)	1514	4004
PB2|PP755596.1|A/cattle/Texas/24-008749-003/2024(H5N1)	1515	4010
PB2|PP755596.1|A/cattle/Texas/24-008749-003/2024(H5N1)	1516	4005
PB2|PP755596.1|A/cattle/Texas/24-008749-003/2024(H5N1)	1517	4010
PB2|PP755596.1|A/cattle/Texas/24-008749-003/2024(H5N1)	1518	4013
PB2|PP755596.1|A/cattle/Texas/24-008749-003/2024(H5N1)	1519	3974
PB2|PP755596.1|A/cattle/Texas/24-008749-003/2024(H5N1)	1520	3959
PB2|PP755596.1|A/cattle/Texas/24-008749-003/2024(H5N1)	1521	3961
PB2|PP755596.1|A/cattle/Texas/24-008749-003/2024(H5N1)	1522	3960
PB2|PP755596.1|A/cattle/Texas/24-008749-003/2024(H5N1)	1523	3959
PB2|PP755596.1|A/cattle/Texas/24-008749-003/2024(H5N1)	1524	3989
PB2|PP755596.1|A/cattle/Texas/24-008749-003/2024(H5N1)	1525	3974
PB2|PP755596.1|A/cattle/Texas/24-008749-003/2024(H5N1)	1526	4002
PB2|PP755596.1|A/cattle/Texas/24-008749-003/2024(H5N1)	1527	4018
PB2|PP755596.1|A/cattle/Texas/24-008749-003/2024(H5N1)	1528	4003
PB2|PP755596.1|A/cattle/Texas/24-008749-003/2024(H5N1)	1529	4178
PB2|PP755596.1|A/cattle/Texas/24-008749-003/2024(H5N1)	1530	4162
PB2|PP755596.1|A/cattle/Texas/24-008749-003/2024(H5N1)	1531	4370
PB2|PP755596.1|A/cattle/Texas/24-008749-003/2024(H5N1)	1532	4371
PB2|PP755596.1|A/cattle/Texas/24-008749-003/2024(H5N1)	1533	4348
PB2|PP755596.1|A/cattle/Texas/24-008749-003/2024(H5N1)	1534	4301
PB2|PP755596.1|A/cattle/Texas/24-008749-003/2024(H5N1)	1535	4268
PB2|PP755596.1|A/cattle/Texas/24-008749-003/2024(H5N1)	1536	4304
PB2|PP755596.1|A/cattle/Texas/24-008749-003/2024(H5N1)	1537	4301
PB2|PP755596.1|A/cattle/Texas/24-008749-003/2024(H5N1)	1538	4157
PB2|PP755596.1|A/cattle/Texas/24-008749-003/2024(H5N1)	1539	4158
PB2|PP755596.1|A/cattle/Texas/24-008749-003/2024(H5N1)	1540	3954
PB2|PP755596.1|A/cattle/Texas/24-008749-003/2024(H5N1)	1541	4017
PB2|PP755596.1|A/cattle/Texas/24-008749-003/2024(H5N1)	1542	4026
PB2|PP755596.1|A/cattle/Texas/24-008749-003/2024(H5N1)	1543	4010
PB2|PP755596.1|A/cattle/Texas/24-008749-003/2024(H5N1)	1544	4014
PB2|PP755596.1|A/cattle/Texas/24-008749-003/2024(H5N1)	1545	3973
PB2|PP755596.1|A/cattle/Texas/24-008749-003/2024(H5N1)	1546	3999
PB2|PP755596.1|A/cattle/Texas/24-008749-003/2024(H5N1)	1547	4003
PB2|PP755596.1|A/cattle/Texas/24-008749-003/2024(H5N1)	1548	3969
PB2|PP755596.1|A/cattle/Texas/24-008749-003/2024(H5N1)	1549	3973
PB2|PP755596.1|A/cattle/Texas/24-008749-003/2024(H5N1)	1550	3990
PB2|PP755596.1|A/cattle/Texas/24-008749-003/2024(H5N1)	1551	4033
PB2|PP755596.1|A/cattle/Texas/24-008749-003/2024(H5N1)	1552	4047
PB2|PP755596.1|A/cattle/Texas/24-008749-003/2024(H5N1)	1553	4010
PB2|PP755596.1|A/cattle/Texas/24-008749-003/2024(H5N1)	1554	4000
PB2|PP755596.1|A/cattle/Texas/24-008749-003/2024(H5N1)	1555	3983
PB2|PP755596.1|A/cattle/Texas/24-008749-003/2024(H5N1)	1556	4001
PB2|PP755596.1|A/cattle/Texas/24-008749-003/2024(H5N1)	1557	4021
PB2|PP755596.1|A/cattle/Texas/24-008749-003/2024(H5N1)	1558	4020
PB2|PP755596.1|A/cattle/Texas/24-008749-003/2024(H5N1)	1559	4048
PB2|PP755596.1|A/cattle/Texas/24-008749-003/2024(H5N1)	1560	3978
PB2|PP755596.1|A/cattle/Texas/24-008749-003/2024(H5N1)	1561	4035
PB2|PP755596.1|A/cattle/Texas/24-008749-003/2024(H5N1)	1562	4029
PB2|PP755596.1|A/cattle/Texas/24-008749-003/2024(H5N1)	1563	4028
PB2|PP755596.1|A/cattle/Texas/24-008749-003/2024(H5N1)	1564	4037
PB2|PP755596.1|A/cattle/Texas/24-008749-003/2024(H5N1)	1565	4020
PB2|PP755596.1|A/cattle/Texas/24-008749-003/2024(H5N1)	1566	4011
PB2|PP755596.1|A/cattle/Texas/24-008749-003/2024(H5N1)	1567	4017
PB2|PP755596.1|A/cattle/Texas/24-008749-003/2024(H5N1)	1568	4164
PB2|PP755596.1|A/cattle/Texas/24-008749-003/2024(H5N1)	1569	4206
PB2|PP755596.1|A/cattle/Texas/24-008749-003/2024(H5N1)	1570	4181
PB2|PP755596.1|A/cattle/Texas/24-008749-003/2024(H5N1)	1571	4145
PB2|PP755596.1|A/cattle/Texas/24-008749-003/2024(H5N1)	1572	4126
PB2|PP755596.1|A/cattle/Texas/24-008749-003/2024(H5N1)	1573	4151
PB2|PP755596.1|A/cattle/Texas/24-008749-003/2024(H5N1)	1574	4205
PB2|PP755596.1|A/cattle/Texas/24-008749-003/2024(H5N1)	1575	4216
PB2|PP755596.1|A/cattle/Texas/24-008749-003/2024(H5N1)	1576	4235
PB2|PP755596.1|A/cattle/Texas/24-008749-003/2024(H5N1)	1577	4146
PB2|PP755596.1|A/cattle/Texas/24-008749-003/2024(H5N1)	1578	4155
PB2|PP755596.1|A/cattle/Texas/24-008749-003/2024(H5N1)	1579	3994
PB2|PP755596.1|A/cattle/Texas/24-008749-003/2024(H5N1)	1580	3981
PB2|PP755596.1|A/cattle/Texas/24-008749-003/2024(H5N1)	1581	4003
PB2|PP755596.1|A/cattle/Texas/24-008749-003/2024(H5N1)	1582	3991
PB2|PP755596.1|A/cattle/Texas/24-008749-003/2024(H5N1)	1583	4000
PB2|PP755596.1|A/cattle/Texas/24-008749-003/2024(H5N1)	1584	3994
PB2|PP755596.1|A/cattle/Texas/24-008749-003/2024(H5N1)	1585	4020
PB2|PP755596.1|A/cattle/Texas/24-008749-003/2024(H5N1)	1586	4073
PB2|PP755596.1|A/cattle/Texas/24-008749-003/2024(H5N1)	1587	4120
PB2|PP755596.1|A/cattle/Texas/24-008749-003/2024(H5N1)	1588	4121
PB2|PP755596.1|A/cattle/Texas/24-008749-003/2024(H5N1)	1589	4118
PB2|PP755596.1|A/cattle/Texas/24-008749-003/2024(H5N1)	1590	4099
PB2|PP755596.1|A/cattle/Texas/24-008749-003/2024(H5N1)	1591	4120
PB2|PP755596.1|A/cattle/Texas/24-008749-003/2024(H5N1)	1592	4116
PB2|PP755596.1|A/cattle/Texas/24-008749-003/2024(H5N1)	1593	4131
PB2|PP755596.1|A/cattle/Texas/24-008749-003/2024(H5N1)	1594	4119
PB2|PP755596.1|A/cattle/Texas/24-008749-003/2024(H5N1)	1595	4186
PB2|PP755596.1|A/cattle/Texas/24-008749-003/2024(H5N1)	1596	4138
PB2|PP755596.1|A/cattle/Texas/24-008749-003/2024(H5N1)	1597	4143
PB2|PP755596.1|A/cattle/Texas/24-008749-003/2024(H5N1)	1598	4154
PB2|PP755596.1|A/cattle/Texas/24-008749-003/2024(H5N1)	1599	4153
PB2|PP755596.1|A/cattle/Texas/24-008749-003/2024(H5N1)	1600	4209
PB2|PP755596.1|A/cattle/Texas/24-008749-003/2024(H5N1)	1601	4155
PB2|PP755596.1|A/cattle/Texas/24-008749-003/2024(H5N1)	1602	4129
PB2|PP755596.1|A/cattle/Texas/24-008749-003/2024(H5N1)	1603	4153
PB2|PP755596.1|A/cattle/Texas/24-008749-003/2024(H5N1)	1604	4158
PB2|PP755596.1|A/cattle/Texas/24-008749-003/2024(H5N1)	1605	4163
PB2|PP755596.1|A/cattle/Texas/24-008749-003/2024(H5N1)	1606	4163
PB2|PP755596.1|A/cattle/Texas/24-008749-003/2024(H5N1)	1607	4136
PB2|PP755596.1|A/cattle/Texas/24-008749-003/2024(H5N1)	1608	4145
PB2|PP755596.1|A/cattle/Texas/24-008749-003/2024(H5N1)	1609	4102
PB2|PP755596.1|A/cattle/Texas/24-008749-003/2024(H5N1)	1610	4081
PB2|PP755596.1|A/cattle/Texas/24-008749-003/2024(H5N1)	1611	4197
PB2|PP755596.1|A/cattle/Texas/24-008749-003/2024(H5N1)	1612	4191
PB2|PP755596.1|A/cattle/Texas/24-008749-003/2024(H5N1)	1613	4167
PB2|PP755596.1|A/cattle/Texas/24-008749-003/2024(H5N1)	1614	4222
PB2|PP755596.1|A/cattle/Texas/24-008749-003/2024(H5N1)	1615	3757
PB2|PP755596.1|A/cattle/Texas/24-008749-003/2024(H5N1)	1616	3748
PB2|PP755596.1|A/cattle/Texas/24-008749-003/2024(H5N1)	1617	3745
PB2|PP755596.1|A/cattle/Texas/24-008749-003/2024(H5N1)	1618	3742
PB2|PP755596.1|A/cattle/Texas/24-008749-003/2024(H5N1)	1619	3763
PB2|PP755596.1|A/cattle/Texas/24-008749-003/2024(H5N1)	1620	3686
PB2|PP755596.1|A/cattle/Texas/24-008749-003/2024(H5N1)	1621	3698
PB2|PP755596.1|A/cattle/Texas/24-008749-003/2024(H5N1)	1622	3828
PB2|PP755596.1|A/cattle/Texas/24-008749-003/2024(H5N1)	1623	3740
PB2|PP755596.1|A/cattle/Texas/24-008749-003/2024(H5N1)	1624	3738
PB2|PP755596.1|A/cattle/Texas/24-008749-003/2024(H5N1)	1625	3727
PB2|PP755596.1|A/cattle/Texas/24-008749-003/2024(H5N1)	1626	3978
PB2|PP755596.1|A/cattle/Texas/24-008749-003/2024(H5N1)	1627	4016
PB2|PP755596.1|A/cattle/Texas/24-008749-003/2024(H5N1)	1628	4020
PB2|PP755596.1|A/cattle/Texas/24-008749-003/2024(H5N1)	1629	3949
PB2|PP755596.1|A/cattle/Texas/24-008749-003/2024(H5N1)	1630	3966
PB2|PP755596.1|A/cattle/Texas/24-008749-003/2024(H5N1)	1631	3838
PB2|PP755596.1|A/cattle/Texas/24-008749-003/2024(H5N1)	1632	3840
PB2|PP755596.1|A/cattle/Texas/24-008749-003/2024(H5N1)	1633	4081
PB2|PP755596.1|A/cattle/Texas/24-008749-003/2024(H5N1)	1634	4005
PB2|PP755596.1|A/cattle/Texas/24-008749-003/2024(H5N1)	1635	4005
PB2|PP755596.1|A/cattle/Texas/24-008749-003/2024(H5N1)	1636	3926
PB2|PP755596.1|A/cattle/Texas/24-008749-003/2024(H5N1)	1637	3905
PB2|PP755596.1|A/cattle/Texas/24-008749-003/2024(H5N1)	1638	4226
PB2|PP755596.1|A/cattle/Texas/24-008749-003/2024(H5N1)	1639	4267
PB2|PP755596.1|A/cattle/Texas/24-008749-003/2024(H5N1)	1640	4274
PB2|PP755596.1|A/cattle/Texas/24-008749-003/2024(H5N1)	1641	4279
PB2|PP755596.1|A/cattle/Texas/24-008749-003/2024(H5N1)	1642	4121
PB2|PP755596.1|A/cattle/Texas/24-008749-003/2024(H5N1)	1643	4289
PB2|PP755596.1|A/cattle/Texas/24-008749-003/2024(H5N1)	1644	4286
PB2|PP755596.1|A/cattle/Texas/24-008749-003/2024(H5N1)	1645	4384
PB2|PP755596.1|A/cattle/Texas/24-008749-003/2024(H5N1)	1646	4398
PB2|PP755596.1|A/cattle/Texas/24-008749-003/2024(H5N1)	1647	4187
PB2|PP755596.1|A/cattle/Texas/24-008749-003/2024(H5N1)	1648	4193
PB2|PP755596.1|A/cattle/Texas/24-008749-003/2024(H5N1)	1649	4200
PB2|PP755596.1|A/cattle/Texas/24-008749-003/2024(H5N1)	1650	4203
PB2|PP755596.1|A/cattle/Texas/24-008749-003/2024(H5N1)	1651	4178
PB2|PP755596.1|A/cattle/Texas/24-008749-003/2024(H5N1)	1652	4033
PB2|PP755596.1|A/cattle/Texas/24-008749-003/2024(H5N1)	1653	4041
PB2|PP755596.1|A/cattle/Texas/24-008749-003/2024(H5N1)	1654	4050
PB2|PP755596.1|A/cattle/Texas/24-008749-003/2024(H5N1)	1655	4039
PB2|PP755596.1|A/cattle/Texas/24-008749-003/2024(H5N1)	1656	4063
PB2|PP755596.1|A/cattle/Texas/24-008749-003/2024(H5N1)	1657	4061
PB2|PP755596.1|A/cattle/Texas/24-008749-003/2024(H5N1)	1658	4050
PB2|PP755596.1|A/cattle/Texas/24-008749-003/2024(H5N1)	1659	4046
PB2|PP755596.1|A/cattle/Texas/24-008749-003/2024(H5N1)	1660	4102
PB2|PP755596.1|A/cattle/Texas/24-008749-003/2024(H5N1)	1661	4071
PB2|PP755596.1|A/cattle/Texas/24-008749-003/2024(H5N1)	1662	4056
PB2|PP755596.1|A/cattle/Texas/24-008749-003/2024(H5N1)	1663	4022
PB2|PP755596.1|A/cattle/Texas/24-008749-003/2024(H5N1)	1664	4020
PB2|PP755596.1|A/cattle/Texas/24-008749-003/2024(H5N1)	1665	4025
PB2|PP755596.1|A/cattle/Texas/24-008749-003/2024(H5N1)	1666	4049
PB2|PP755596.1|A/cattle/Texas/24-008749-003/2024(H5N1)	1667	4045
PB2|PP755596.1|A/cattle/Texas/24-008749-003/2024(H5N1)	1668	4067
PB2|PP755596.1|A/cattle/Texas/24-008749-003/2024(H5N1)	1669	4045
PB2|PP755596.1|A/cattle/Texas/24-008749-003/2024(H5N1)	1670	4050
PB2|PP755596.1|A/cattle/Texas/24-008749-003/2024(H5N1)	1671	4053
PB2|PP755596.1|A/cattle/Texas/24-008749-003/2024(H5N1)	1672	4056
PB2|PP755596.1|A/cattle/Texas/24-008749-003/2024(H5N1)	1673	4087
PB2|PP755596.1|A/cattle/Texas/24-008749-003/2024(H5N1)	1674	4103
PB2|PP755596.1|A/cattle/Texas/24-008749-003/2024(H5N1)	1675	4084
PB2|PP755596.1|A/cattle/Texas/24-008749-003/2024(H5N1)	1676	3957
PB2|PP755596.1|A/cattle/Texas/24-008749-003/2024(H5N1)	1677	3931
PB2|PP755596.1|A/cattle/Texas/24-008749-003/2024(H5N1)	1678	3933
PB2|PP755596.1|A/cattle/Texas/24-008749-003/2024(H5N1)	1679	3931
PB2|PP755596.1|A/cattle/Texas/24-008749-003/2024(H5N1)	1680	3930
PB2|PP755596.1|A/cattle/Texas/24-008749-003/2024(H5N1)	1681	3930
PB2|PP755596.1|A/cattle/Texas/24-008749-003/2024(H5N1)	1682	3750
PB2|PP755596.1|A/cattle/Texas/24-008749-003/2024(H5N1)	1683	3758
PB2|PP755596.1|A/cattle/Texas/24-008749-003/2024(H5N1)	1684	3775
PB2|PP755596.1|A/cattle/Texas/24-008749-003/2024(H5N1)	1685	3907
PB2|PP755596.1|A/cattle/Texas/24-008749-003/2024(H5N1)	1686	3906
PB2|PP755596.1|A/cattle/Texas/24-008749-003/2024(H5N1)	1687	3871
PB2|PP755596.1|A/cattle/Texas/24-008749-003/2024(H5N1)	1688	3864
PB2|PP755596.1|A/cattle/Texas/24-008749-003/2024(H5N1)	1689	3865
PB2|PP755596.1|A/cattle/Texas/24-008749-003/2024(H5N1)	1690	3874
PB2|PP755596.1|A/cattle/Texas/24-008749-003/2024(H5N1)	1691	3957
PB2|PP755596.1|A/cattle/Texas/24-008749-003/2024(H5N1)	1692	3915
PB2|PP755596.1|A/cattle/Texas/24-008749-003/2024(H5N1)	1693	3929
PB2|PP755596.1|A/cattle/Texas/24-008749-003/2024(H5N1)	1694	3922
PB2|PP755596.1|A/cattle/Texas/24-008749-003/2024(H5N1)	1695	4002
PB2|PP755596.1|A/cattle/Texas/24-008749-003/2024(H5N1)	1696	3984
PB2|PP755596.1|A/cattle/Texas/24-008749-003/2024(H5N1)	1697	3982
PB2|PP755596.1|A/cattle/Texas/24-008749-003/2024(H5N1)	1698	3983
PB2|PP755596.1|A/cattle/Texas/24-008749-003/2024(H5N1)	1699	3990
PB2|PP755596.1|A/cattle/Texas/24-008749-003/2024(H5N1)	1700	3925
PB2|PP755596.1|A/cattle/Texas/24-008749-003/2024(H5N1)	1701	3924
PB2|PP755596.1|A/cattle/Texas/24-008749-003/2024(H5N1)	1702	3921
PB2|PP755596.1|A/cattle/Texas/24-008749-003/2024(H5N1)	1703	3936
PB2|PP755596.1|A/cattle/Texas/24-008749-003/2024(H5N1)	1704	3927
PB2|PP755596.1|A/cattle/Texas/24-008749-003/2024(H5N1)	1705	3915
PB2|PP755596.1|A/cattle/Texas/24-008749-003/2024(H5N1)	1706	3903
PB2|PP755596.1|A/cattle/Texas/24-008749-003/2024(H5N1)	1707	3895
PB2|PP755596.1|A/cattle/Texas/24-008749-003/2024(H5N1)	1708	3974
PB2|PP755596.1|A/cattle/Texas/24-008749-003/2024(H5N1)	1709	3944
PB2|PP755596.1|A/cattle/Texas/24-008749-003/2024(H5N1)	1710	3991
PB2|PP755596.1|A/cattle/Texas/24-008749-003/2024(H5N1)	1711	4044
PB2|PP755596.1|A/cattle/Texas/24-008749-003/2024(H5N1)	1712	3989
PB2|PP755596.1|A/cattle/Texas/24-008749-003/2024(H5N1)	1713	4087
PB2|PP755596.1|A/cattle/Texas/24-008749-003/2024(H5N1)	1714	4082
PB2|PP755596.1|A/cattle/Texas/24-008749-003/2024(H5N1)	1715	4099
PB2|PP755596.1|A/cattle/Texas/24-008749-003/2024(H5N1)	1716	4112
PB2|PP755596.1|A/cattle/Texas/24-008749-003/2024(H5N1)	1717	4009
PB2|PP755596.1|A/cattle/Texas/24-008749-003/2024(H5N1)	1718	4043
PB2|PP755596.1|A/cattle/Texas/24-008749-003/2024(H5N1)	1719	3903
PB2|PP755596.1|A/cattle/Texas/24-008749-003/2024(H5N1)	1720	3897
PB2|PP755596.1|A/cattle/Texas/24-008749-003/2024(H5N1)	1721	3881
PB2|PP755596.1|A/cattle/Texas/24-008749-003/2024(H5N1)	1722	3832
PB2|PP755596.1|A/cattle/Texas/24-008749-003/2024(H5N1)	1723	3834
PB2|PP755596.1|A/cattle/Texas/24-008749-003/2024(H5N1)	1724	3811
PB2|PP755596.1|A/cattle/Texas/24-008749-003/2024(H5N1)	1725	3789
PB2|PP755596.1|A/cattle/Texas/24-008749-003/2024(H5N1)	1726	3809
PB2|PP755596.1|A/cattle/Texas/24-008749-003/2024(H5N1)	1727	3794
PB2|PP755596.1|A/cattle/Texas/24-008749-003/2024(H5N1)	1728	3838
PB2|PP755596.1|A/cattle/Texas/24-008749-003/2024(H5N1)	1729	3839
PB2|PP755596.1|A/cattle/Texas/24-008749-003/2024(H5N1)	1730	3832
PB2|PP755596.1|A/cattle/Texas/24-008749-003/2024(H5N1)	1731	3788
PB2|PP755596.1|A/cattle/Texas/24-008749-003/2024(H5N1)	1732	3789
PB2|PP755596.1|A/cattle/Texas/24-008749-003/2024(H5N1)	1733	3826
PB2|PP755596.1|A/cattle/Texas/24-008749-003/2024(H5N1)	1734	3821
PB2|PP755596.1|A/cattle/Texas/24-008749-003/2024(H5N1)	1735	3810
PB2|PP755596.1|A/cattle/Texas/24-008749-003/2024(H5N1)	1736	3785
PB2|PP755596.1|A/cattle/Texas/24-008749-003/2024(H5N1)	1737	3886
PB2|PP755596.1|A/cattle/Texas/24-008749-003/2024(H5N1)	1738	3848
PB2|PP755596.1|A/cattle/Texas/24-008749-003/2024(H5N1)	1739	3846
PB2|PP755596.1|A/cattle/Texas/24-008749-003/2024(H5N1)	1740	3841
PB2|PP755596.1|A/cattle/Texas/24-008749-003/2024(H5N1)	1741	3836
PB2|PP755596.1|A/cattle/Texas/24-008749-003/2024(H5N1)	1742	3820
PB2|PP755596.1|A/cattle/Texas/24-008749-003/2024(H5N1)	1743	3829
PB2|PP755596.1|A/cattle/Texas/24-008749-003/2024(H5N1)	1744	3840
PB2|PP755596.1|A/cattle/Texas/24-008749-003/2024(H5N1)	1745	3873
PB2|PP755596.1|A/cattle/Texas/24-008749-003/2024(H5N1)	1746	3770
PB2|PP755596.1|A/cattle/Texas/24-008749-003/2024(H5N1)	1747	3752
PB2|PP755596.1|A/cattle/Texas/24-008749-003/2024(H5N1)	1748	3731
PB2|PP755596.1|A/cattle/Texas/24-008749-003/2024(H5N1)	1749	3747
PB2|PP755596.1|A/cattle/Texas/24-008749-003/2024(H5N1)	1750	3823
PB2|PP755596.1|A/cattle/Texas/24-008749-003/2024(H5N1)	1751	3792
PB2|PP755596.1|A/cattle/Texas/24-008749-003/2024(H5N1)	1752	3970
PB2|PP755596.1|A/cattle/Texas/24-008749-003/2024(H5N1)	1753	3954
PB2|PP755596.1|A/cattle/Texas/24-008749-003/2024(H5N1)	1754	3905
PB2|PP755596.1|A/cattle/Texas/24-008749-003/2024(H5N1)	1755	3904
PB2|PP755596.1|A/cattle/Texas/24-008749-003/2024(H5N1)	1756	3930
PB2|PP755596.1|A/cattle/Texas/24-008749-003/2024(H5N1)	1757	3926
PB2|PP755596.1|A/cattle/Texas/24-008749-003/2024(H5N1)	1758	3916
PB2|PP755596.1|A/cattle/Texas/24-008749-003/2024(H5N1)	1759	3910
PB2|PP755596.1|A/cattle/Texas/24-008749-003/2024(H5N1)	1760	3902
PB2|PP755596.1|A/cattle/Texas/24-008749-003/2024(H5N1)	1761	3736
PB2|PP755596.1|A/cattle/Texas/24-008749-003/2024(H5N1)	1762	3762
PB2|PP755596.1|A/cattle/Texas/24-008749-003/2024(H5N1)	1763	3791
PB2|PP755596.1|A/cattle/Texas/24-008749-003/2024(H5N1)	1764	3763
PB2|PP755596.1|A/cattle/Texas/24-008749-003/2024(H5N1)	1765	3754
PB2|PP755596.1|A/cattle/Texas/24-008749-003/2024(H5N1)	1766	3774
PB2|PP755596.1|A/cattle/Texas/24-008749-003/2024(H5N1)	1767	3802
PB2|PP755596.1|A/cattle/Texas/24-008749-003/2024(H5N1)	1768	4225
PB2|PP755596.1|A/cattle/Texas/24-008749-003/2024(H5N1)	1769	4267
PB2|PP755596.1|A/cattle/Texas/24-008749-003/2024(H5N1)	1770	4249
PB2|PP755596.1|A/cattle/Texas/24-008749-003/2024(H5N1)	1771	4230
PB2|PP755596.1|A/cattle/Texas/24-008749-003/2024(H5N1)	1772	4254
PB2|PP755596.1|A/cattle/Texas/24-008749-003/2024(H5N1)	1773	4272
PB2|PP755596.1|A/cattle/Texas/24-008749-003/2024(H5N1)	1774	4311
PB2|PP755596.1|A/cattle/Texas/24-008749-003/2024(H5N1)	1775	4285
PB2|PP755596.1|A/cattle/Texas/24-008749-003/2024(H5N1)	1776	4314
PB2|PP755596.1|A/cattle/Texas/24-008749-003/2024(H5N1)	1777	3821
PB2|PP755596.1|A/cattle/Texas/24-008749-003/2024(H5N1)	1778	3817
PB2|PP755596.1|A/cattle/Texas/24-008749-003/2024(H5N1)	1779	3813
PB2|PP755596.1|A/cattle/Texas/24-008749-003/2024(H5N1)	1780	3835
PB2|PP755596.1|A/cattle/Texas/24-008749-003/2024(H5N1)	1781	3835
PB2|PP755596.1|A/cattle/Texas/24-008749-003/2024(H5N1)	1782	3771
PB2|PP755596.1|A/cattle/Texas/24-008749-003/2024(H5N1)	1783	3786
PB2|PP755596.1|A/cattle/Texas/24-008749-003/2024(H5N1)	1784	3706
PB2|PP755596.1|A/cattle/Texas/24-008749-003/2024(H5N1)	1785	3716
PB2|PP755596.1|A/cattle/Texas/24-008749-003/2024(H5N1)	1786	3724
PB2|PP755596.1|A/cattle/Texas/24-008749-003/2024(H5N1)	1787	3730
PB2|PP755596.1|A/cattle/Texas/24-008749-003/2024(H5N1)	1788	3733
PB2|PP755596.1|A/cattle/Texas/24-008749-003/2024(H5N1)	1789	3537
PB2|PP755596.1|A/cattle/Texas/24-008749-003/2024(H5N1)	1790	3555
PB2|PP755596.1|A/cattle/Texas/24-008749-003/2024(H5N1)	1791	3541
PB2|PP755596.1|A/cattle/Texas/24-008749-003/2024(H5N1)	1792	3577
PB2|PP755596.1|A/cattle/Texas/24-008749-003/2024(H5N1)	1793	3537
PB2|PP755596.1|A/cattle/Texas/24-008749-003/2024(H5N1)	1794	3509
PB2|PP755596.1|A/cattle/Texas/24-008749-003/2024(H5N1)	1795	3554
PB2|PP755596.1|A/cattle/Texas/24-008749-003/2024(H5N1)	1796	3545
PB2|PP755596.1|A/cattle/Texas/24-008749-003/2024(H5N1)	1797	3592
PB2|PP755596.1|A/cattle/Texas/24-008749-003/2024(H5N1)	1798	3595
PB2|PP755596.1|A/cattle/Texas/24-008749-003/2024(H5N1)	1799	3582
PB2|PP755596.1|A/cattle/Texas/24-008749-003/2024(H5N1)	1800	3582
PB2|PP755596.1|A/cattle/Texas/24-008749-003/2024(H5N1)	1801	3586
PB2|PP755596.1|A/cattle/Texas/24-008749-003/2024(H5N1)	1802	3541
PB2|PP755596.1|A/cattle/Texas/24-008749-003/2024(H5N1)	1803	3541
PB2|PP755596.1|A/cattle/Texas/24-008749-003/2024(H5N1)	1804	3588
PB2|PP755596.1|A/cattle/Texas/24-008749-003/2024(H5N1)	1805	3568
PB2|PP755596.1|A/cattle/Texas/24-008749-003/2024(H5N1)	1806	3550
PB2|PP755596.1|A/cattle/Texas/24-008749-003/2024(H5N1)	1807	3548
PB2|PP755596.1|A/cattle/Texas/24-008749-003/2024(H5N1)	1808	3585
PB2|PP755596.1|A/cattle/Texas/24-008749-003/2024(H5N1)	1809	3586
PB2|PP755596.1|A/cattle/Texas/24-008749-003/2024(H5N1)	1810	3563
PB2|PP755596.1|A/cattle/Texas/24-008749-003/2024(H5N1)	1811	3576
PB2|PP755596.1|A/cattle/Texas/24-008749-003/2024(H5N1)	1812	3606
PB2|PP755596.1|A/cattle/Texas/24-008749-003/2024(H5N1)	1813	3609
PB2|PP755596.1|A/cattle/Texas/24-008749-003/2024(H5N1)	1814	3660
PB2|PP755596.1|A/cattle/Texas/24-008749-003/2024(H5N1)	1815	3662
PB2|PP755596.1|A/cattle/Texas/24-008749-003/2024(H5N1)	1816	3692
PB2|PP755596.1|A/cattle/Texas/24-008749-003/2024(H5N1)	1817	3669
PB2|PP755596.1|A/cattle/Texas/24-008749-003/2024(H5N1)	1818	3723
PB2|PP755596.1|A/cattle/Texas/24-008749-003/2024(H5N1)	1819	3711
PB2|PP755596.1|A/cattle/Texas/24-008749-003/2024(H5N1)	1820	3690
PB2|PP755596.1|A/cattle/Texas/24-008749-003/2024(H5N1)	1821	3767
PB2|PP755596.1|A/cattle/Texas/24-008749-003/2024(H5N1)	1822	3762
PB2|PP755596.1|A/cattle/Texas/24-008749-003/2024(H5N1)	1823	3768
PB2|PP755596.1|A/cattle/Texas/24-008749-003/2024(H5N1)	1824	3766
PB2|PP755596.1|A/cattle/Texas/24-008749-003/2024(H5N1)	1825	3757
PB2|PP755596.1|A/cattle/Texas/24-008749-003/2024(H5N1)	1826	3800
PB2|PP755596.1|A/cattle/Texas/24-008749-003/2024(H5N1)	1827	3988
PB2|PP755596.1|A/cattle/Texas/24-008749-003/2024(H5N1)	1828	4024
PB2|PP755596.1|A/cattle/Texas/24-008749-003/2024(H5N1)	1829	4023
PB2|PP755596.1|A/cattle/Texas/24-008749-003/2024(H5N1)	1830	4027
PB2|PP755596.1|A/cattle/Texas/24-008749-003/2024(H5N1)	1831	4028
PB2|PP755596.1|A/cattle/Texas/24-008749-003/2024(H5N1)	1832	4087
PB2|PP755596.1|A/cattle/Texas/24-008749-003/2024(H5N1)	1833	4089
PB2|PP755596.1|A/cattle/Texas/24-008749-003/2024(H5N1)	1834	4070
PB2|PP755596.1|A/cattle/Texas/24-008749-003/2024(H5N1)	1835	4098
PB2|PP755596.1|A/cattle/Texas/24-008749-003/2024(H5N1)	1836	3900
PB2|PP755596.1|A/cattle/Texas/24-008749-003/2024(H5N1)	1837	4057
PB2|PP755596.1|A/cattle/Texas/24-008749-003/2024(H5N1)	1838	4063
PB2|PP755596.1|A/cattle/Texas/24-008749-003/2024(H5N1)	1839	4097
PB2|PP755596.1|A/cattle/Texas/24-008749-003/2024(H5N1)	1840	4096
PB2|PP755596.1|A/cattle/Texas/24-008749-003/2024(H5N1)	1841	4070
PB2|PP755596.1|A/cattle/Texas/24-008749-003/2024(H5N1)	1842	4037
PB2|PP755596.1|A/cattle/Texas/24-008749-003/2024(H5N1)	1843	4066
PB2|PP755596.1|A/cattle/Texas/24-008749-003/2024(H5N1)	1844	4074
PB2|PP755596.1|A/cattle/Texas/24-008749-003/2024(H5N1)	1845	4068
PB2|PP755596.1|A/cattle/Texas/24-008749-003/2024(H5N1)	1846	3953
PB2|PP755596.1|A/cattle/Texas/24-008749-003/2024(H5N1)	1847	3970
PB2|PP755596.1|A/cattle/Texas/24-008749-003/2024(H5N1)	1848	3970
PB2|PP755596.1|A/cattle/Texas/24-008749-003/2024(H5N1)	1849	4028
PB2|PP755596.1|A/cattle/Texas/24-008749-003/2024(H5N1)	1850	4041
PB2|PP755596.1|A/cattle/Texas/24-008749-003/2024(H5N1)	1851	4030
PB2|PP755596.1|A/cattle/Texas/24-008749-003/2024(H5N1)	1852	4069
PB2|PP755596.1|A/cattle/Texas/24-008749-003/2024(H5N1)	1853	3987
PB2|PP755596.1|A/cattle/Texas/24-008749-003/2024(H5N1)	1854	3985
PB2|PP755596.1|A/cattle/Texas/24-008749-003/2024(H5N1)	1855	3982
PB2|PP755596.1|A/cattle/Texas/24-008749-003/2024(H5N1)	1856	3980
PB2|PP755596.1|A/cattle/Texas/24-008749-003/2024(H5N1)	1857	4059
PB2|PP755596.1|A/cattle/Texas/24-008749-003/2024(H5N1)	1858	4014
PB2|PP755596.1|A/cattle/Texas/24-008749-003/2024(H5N1)	1859	4032
PB2|PP755596.1|A/cattle/Texas/24-008749-003/2024(H5N1)	1860	4014
PB2|PP755596.1|A/cattle/Texas/24-008749-003/2024(H5N1)	1861	3918
PB2|PP755596.1|A/cattle/Texas/24-008749-003/2024(H5N1)	1862	3920
PB2|PP755596.1|A/cattle/Texas/24-008749-003/2024(H5N1)	1863	3921
PB2|PP755596.1|A/cattle/Texas/24-008749-003/2024(H5N1)	1864	3856
PB2|PP755596.1|A/cattle/Texas/24-008749-003/2024(H5N1)	1865	3869
PB2|PP755596.1|A/cattle/Texas/24-008749-003/2024(H5N1)	1866	3833
PB2|PP755596.1|A/cattle/Texas/24-008749-003/2024(H5N1)	1867	3833
PB2|PP755596.1|A/cattle/Texas/24-008749-003/2024(H5N1)	1868	3829
PB2|PP755596.1|A/cattle/Texas/24-008749-003/2024(H5N1)	1869	3821
PB2|PP755596.1|A/cattle/Texas/24-008749-003/2024(H5N1)	1870	3840
PB2|PP755596.1|A/cattle/Texas/24-008749-003/2024(H5N1)	1871	3840
PB2|PP755596.1|A/cattle/Texas/24-008749-003/2024(H5N1)	1872	3833
PB2|PP755596.1|A/cattle/Texas/24-008749-003/2024(H5N1)	1873	3896
PB2|PP755596.1|A/cattle/Texas/24-008749-003/2024(H5N1)	1874	3893
PB2|PP755596.1|A/cattle/Texas/24-008749-003/2024(H5N1)	1875	3922
PB2|PP755596.1|A/cattle/Texas/24-008749-003/2024(H5N1)	1876	3914
PB2|PP755596.1|A/cattle/Texas/24-008749-003/2024(H5N1)	1877	3904
PB2|PP755596.1|A/cattle/Texas/24-008749-003/2024(H5N1)	1878	3901
PB2|PP755596.1|A/cattle/Texas/24-008749-003/2024(H5N1)	1879	3928
PB2|PP755596.1|A/cattle/Texas/24-008749-003/2024(H5N1)	1880	3928
PB2|PP755596.1|A/cattle/Texas/24-008749-003/2024(H5N1)	1881	3941
PB2|PP755596.1|A/cattle/Texas/24-008749-003/2024(H5N1)	1882	3940
PB2|PP755596.1|A/cattle/Texas/24-008749-003/2024(H5N1)	1883	3929
PB2|PP755596.1|A/cattle/Texas/24-008749-003/2024(H5N1)	1884	3956
PB2|PP755596.1|A/cattle/Texas/24-008749-003/2024(H5N1)	1885	3952
PB2|PP755596.1|A/cattle/Texas/24-008749-003/2024(H5N1)	1886	3988
PB2|PP755596.1|A/cattle/Texas/24-008749-003/2024(H5N1)	1887	4022
PB2|PP755596.1|A/cattle/Texas/24-008749-003/2024(H5N1)	1888	3876
PB2|PP755596.1|A/cattle/Texas/24-008749-003/2024(H5N1)	1889	3876
PB2|PP755596.1|A/cattle/Texas/24-008749-003/2024(H5N1)	1890	3865
PB2|PP755596.1|A/cattle/Texas/24-008749-003/2024(H5N1)	1891	3985
PB2|PP755596.1|A/cattle/Texas/24-008749-003/2024(H5N1)	1892	3993
PB2|PP755596.1|A/cattle/Texas/24-008749-003/2024(H5N1)	1893	3970
PB2|PP755596.1|A/cattle/Texas/24-008749-003/2024(H5N1)	1894	3988
PB2|PP755596.1|A/cattle/Texas/24-008749-003/2024(H5N1)	1895	3948
PB2|PP755596.1|A/cattle/Texas/24-008749-003/2024(H5N1)	1896	4016
PB2|PP755596.1|A/cattle/Texas/24-008749-003/2024(H5N1)	1897	4013
PB2|PP755596.1|A/cattle/Texas/24-008749-003/2024(H5N1)	1898	4063
PB2|PP755596.1|A/cattle/Texas/24-008749-003/2024(H5N1)	1899	4047
PB2|PP755596.1|A/cattle/Texas/24-008749-003/2024(H5N1)	1900	3940
PB2|PP755596.1|A/cattle/Texas/24-008749-003/2024(H5N1)	1901	3956
PB2|PP755596.1|A/cattle/Texas/24-008749-003/2024(H5N1)	1902	3854
PB2|PP755596.1|A/cattle/Texas/24-008749-003/2024(H5N1)	1903	3819
PB2|PP755596.1|A/cattle/Texas/24-008749-003/2024(H5N1)	1904	3868
PB2|PP755596.1|A/cattle/Texas/24-008749-003/2024(H5N1)	1905	3838
PB2|PP755596.1|A/cattle/Texas/24-008749-003/2024(H5N1)	1906	3884
PB2|PP755596.1|A/cattle/Texas/24-008749-003/2024(H5N1)	1907	3815
PB2|PP755596.1|A/cattle/Texas/24-008749-003/2024(H5N1)	1908	3836
PB2|PP755596.1|A/cattle/Texas/24-008749-003/2024(H5N1)	1909	3890
PB2|PP755596.1|A/cattle/Texas/24-008749-003/2024(H5N1)	1910	3924
PB2|PP755596.1|A/cattle/Texas/24-008749-003/2024(H5N1)	1911	3961
PB2|PP755596.1|A/cattle/Texas/24-008749-003/2024(H5N1)	1912	3980
PB2|PP755596.1|A/cattle/Texas/24-008749-003/2024(H5N1)	1913	3941
PB2|PP755596.1|A/cattle/Texas/24-008749-003/2024(H5N1)	1914	3984
PB2|PP755596.1|A/cattle/Texas/24-008749-003/2024(H5N1)	1915	4004
PB2|PP755596.1|A/cattle/Texas/24-008749-003/2024(H5N1)	1916	4017
PB2|PP755596.1|A/cattle/Texas/24-008749-003/2024(H5N1)	1917	3983
PB2|PP755596.1|A/cattle/Texas/24-008749-003/2024(H5N1)	1918	3984
PB2|PP755596.1|A/cattle/Texas/24-008749-003/2024(H5N1)	1919	3675
PB2|PP755596.1|A/cattle/Texas/24-008749-003/2024(H5N1)	1920	3671
PB2|PP755596.1|A/cattle/Texas/24-008749-003/2024(H5N1)	1921	3642
PB2|PP755596.1|A/cattle/Texas/24-008749-003/2024(H5N1)	1922	3633
PB2|PP755596.1|A/cattle/Texas/24-008749-003/2024(H5N1)	1923	3608
PB2|PP755596.1|A/cattle/Texas/24-008749-003/2024(H5N1)	1924	3525
PB2|PP755596.1|A/cattle/Texas/24-008749-003/2024(H5N1)	1925	3659
PB2|PP755596.1|A/cattle/Texas/24-008749-003/2024(H5N1)	1926	3667
PB2|PP755596.1|A/cattle/Texas/24-008749-003/2024(H5N1)	1927	3642
PB2|PP755596.1|A/cattle/Texas/24-008749-003/2024(H5N1)	1928	3632
PB2|PP755596.1|A/cattle/Texas/24-008749-003/2024(H5N1)	1929	3623
PB2|PP755596.1|A/cattle/Texas/24-008749-003/2024(H5N1)	1930	3671
PB2|PP755596.1|A/cattle/Texas/24-008749-003/2024(H5N1)	1931	3638
PB2|PP755596.1|A/cattle/Texas/24-008749-003/2024(H5N1)	1932	3633
PB2|PP755596.1|A/cattle/Texas/24-008749-003/2024(H5N1)	1933	3627
PB2|PP755596.1|A/cattle/Texas/24-008749-003/2024(H5N1)	1934	3555
PB2|PP755596.1|A/cattle/Texas/24-008749-003/2024(H5N1)	1935	3559
PB2|PP755596.1|A/cattle/Texas/24-008749-003/2024(H5N1)	1936	3543
PB2|PP755596.1|A/cattle/Texas/24-008749-003/2024(H5N1)	1937	3612
PB2|PP755596.1|A/cattle/Texas/24-008749-003/2024(H5N1)	1938	3612
PB2|PP755596.1|A/cattle/Texas/24-008749-003/2024(H5N1)	1939	3580
PB2|PP755596.1|A/cattle/Texas/24-008749-003/2024(H5N1)	1940	3584
PB2|PP755596.1|A/cattle/Texas/24-008749-003/2024(H5N1)	1941	3578
PB2|PP755596.1|A/cattle/Texas/24-008749-003/2024(H5N1)	1942	3547
PB2|PP755596.1|A/cattle/Texas/24-008749-003/2024(H5N1)	1943	3476
PB2|PP755596.1|A/cattle/Texas/24-008749-003/2024(H5N1)	1944	3564
PB2|PP755596.1|A/cattle/Texas/24-008749-003/2024(H5N1)	1945	3574
PB2|PP755596.1|A/cattle/Texas/24-008749-003/2024(H5N1)	1946	3492
PB2|PP755596.1|A/cattle/Texas/24-008749-003/2024(H5N1)	1947	3497
PB2|PP755596.1|A/cattle/Texas/24-008749-003/2024(H5N1)	1948	3450
PB2|PP755596.1|A/cattle/Texas/24-008749-003/2024(H5N1)	1949	3453
PB2|PP755596.1|A/cattle/Texas/24-008749-003/2024(H5N1)	1950	3460
PB2|PP755596.1|A/cattle/Texas/24-008749-003/2024(H5N1)	1951	3466
PB2|PP755596.1|A/cattle/Texas/24-008749-003/2024(H5N1)	1952	3464
PB2|PP755596.1|A/cattle/Texas/24-008749-003/2024(H5N1)	1953	3430
PB2|PP755596.1|A/cattle/Texas/24-008749-003/2024(H5N1)	1954	3392
PB2|PP755596.1|A/cattle/Texas/24-008749-003/2024(H5N1)	1955	3483
PB2|PP755596.1|A/cattle/Texas/24-008749-003/2024(H5N1)	1956	3507
PB2|PP755596.1|A/cattle/Texas/24-008749-003/2024(H5N1)	1957	3514
PB2|PP755596.1|A/cattle/Texas/24-008749-003/2024(H5N1)	1958	3534
PB2|PP755596.1|A/cattle/Texas/24-008749-003/2024(H5N1)	1959	3536
PB2|PP755596.1|A/cattle/Texas/24-008749-003/2024(H5N1)	1960	3535
PB2|PP755596.1|A/cattle/Texas/24-008749-003/2024(H5N1)	1961	3523
PB2|PP755596.1|A/cattle/Texas/24-008749-003/2024(H5N1)	1962	3499
PB2|PP755596.1|A/cattle/Texas/24-008749-003/2024(H5N1)	1963	3645
PB2|PP755596.1|A/cattle/Texas/24-008749-003/2024(H5N1)	1964	3613
PB2|PP755596.1|A/cattle/Texas/24-008749-003/2024(H5N1)	1965	3641
PB2|PP755596.1|A/cattle/Texas/24-008749-003/2024(H5N1)	1966	3684
PB2|PP755596.1|A/cattle/Texas/24-008749-003/2024(H5N1)	1967	3661
PB2|PP755596.1|A/cattle/Texas/24-008749-003/2024(H5N1)	1968	3641
PB2|PP755596.1|A/cattle/Texas/24-008749-003/2024(H5N1)	1969	3637
PB2|PP755596.1|A/cattle/Texas/24-008749-003/2024(H5N1)	1970	3697
PB2|PP755596.1|A/cattle/Texas/24-008749-003/2024(H5N1)	1971	3704
PB2|PP755596.1|A/cattle/Texas/24-008749-003/2024(H5N1)	1972	3970
PB2|PP755596.1|A/cattle/Texas/24-008749-003/2024(H5N1)	1973	3984
PB2|PP755596.1|A/cattle/Texas/24-008749-003/2024(H5N1)	1974	3983
PB2|PP755596.1|A/cattle/Texas/24-008749-003/2024(H5N1)	1975	3970
PB2|PP755596.1|A/cattle/Texas/24-008749-003/2024(H5N1)	1976	3960
PB2|PP755596.1|A/cattle/Texas/24-008749-003/2024(H5N1)	1977	3879
PB2|PP755596.1|A/cattle/Texas/24-008749-003/2024(H5N1)	1978	3858
PB2|PP755596.1|A/cattle/Texas/24-008749-003/2024(H5N1)	1979	3805
PB2|PP755596.1|A/cattle/Texas/24-008749-003/2024(H5N1)	1980	3817
PB2|PP755596.1|A/cattle/Texas/24-008749-003/2024(H5N1)	1981	3870
PB2|PP755596.1|A/cattle/Texas/24-008749-003/2024(H5N1)	1982	3895
PB2|PP755596.1|A/cattle/Texas/24-008749-003/2024(H5N1)	1983	3855
PB2|PP755596.1|A/cattle/Texas/24-008749-003/2024(H5N1)	1984	3920
PB2|PP755596.1|A/cattle/Texas/24-008749-003/2024(H5N1)	1985	3943
PB2|PP755596.1|A/cattle/Texas/24-008749-003/2024(H5N1)	1986	3942
PB2|PP755596.1|A/cattle/Texas/24-008749-003/2024(H5N1)	1987	3991
PB2|PP755596.1|A/cattle/Texas/24-008749-003/2024(H5N1)	1988	3880
PB2|PP755596.1|A/cattle/Texas/24-008749-003/2024(H5N1)	1989	3893
PB2|PP755596.1|A/cattle/Texas/24-008749-003/2024(H5N1)	1990	3854
PB2|PP755596.1|A/cattle/Texas/24-008749-003/2024(H5N1)	1991	3958
PB2|PP755596.1|A/cattle/Texas/24-008749-003/2024(H5N1)	1992	3984
PB2|PP755596.1|A/cattle/Texas/24-008749-003/2024(H5N1)	1993	3939
PB2|PP755596.1|A/cattle/Texas/24-008749-003/2024(H5N1)	1994	3946
PB2|PP755596.1|A/cattle/Texas/24-008749-003/2024(H5N1)	1995	3953
PB2|PP755596.1|A/cattle/Texas/24-008749-003/2024(H5N1)	1996	3952
PB2|PP755596.1|A/cattle/Texas/24-008749-003/2024(H5N1)	1997	3961
PB2|PP755596.1|A/cattle/Texas/24-008749-003/2024(H5N1)	1998	3933
PB2|PP755596.1|A/cattle/Texas/24-008749-003/2024(H5N1)	1999	4024
PB2|PP755596.1|A/cattle/Texas/24-008749-003/2024(H5N1)	2000	3966
PB2|PP755596.1|A/cattle/Texas/24-008749-003/2024(H5N1)	2001	3954
PB2|PP755596.1|A/cattle/Texas/24-008749-003/2024(H5N1)	2002	3985
PB2|PP755596.1|A/cattle/Texas/24-008749-003/2024(H5N1)	2003	3971
PB2|PP755596.1|A/cattle/Texas/24-008749-003/2024(H5N1)	2004	3983
PB2|PP755596.1|A/cattle/Texas/24-008749-003/2024(H5N1)	2005	3983
PB2|PP755596.1|A/cattle/Texas/24-008749-003/2024(H5N1)	2006	3997
PB2|PP755596.1|A/cattle/Texas/24-008749-003/2024(H5N1)	2007	4013
PB2|PP755596.1|A/cattle/Texas/24-008749-003/2024(H5N1)	2008	3908
PB2|PP755596.1|A/cattle/Texas/24-008749-003/2024(H5N1)	2009	3905
PB2|PP755596.1|A/cattle/Texas/24-008749-003/2024(H5N1)	2010	3882
PB2|PP755596.1|A/cattle/Texas/24-008749-003/2024(H5N1)	2011	3880
PB2|PP755596.1|A/cattle/Texas/24-008749-003/2024(H5N1)	2012	3920
PB2|PP755596.1|A/cattle/Texas/24-008749-003/2024(H5N1)	2013	3922
PB2|PP755596.1|A/cattle/Texas/24-008749-003/2024(H5N1)	2014	3917
PB2|PP755596.1|A/cattle/Texas/24-008749-003/2024(H5N1)	2015	3982
PB2|PP755596.1|A/cattle/Texas/24-008749-003/2024(H5N1)	2016	3972
PB2|PP755596.1|A/cattle/Texas/24-008749-003/2024(H5N1)	2017	4026
PB2|PP755596.1|A/cattle/Texas/24-008749-003/2024(H5N1)	2018	4059
PB2|PP755596.1|A/cattle/Texas/24-008749-003/2024(H5N1)	2019	4043
PB2|PP755596.1|A/cattle/Texas/24-008749-003/2024(H5N1)	2020	4072
PB2|PP755596.1|A/cattle/Texas/24-008749-003/2024(H5N1)	2021	4104
PB2|PP755596.1|A/cattle/Texas/24-008749-003/2024(H5N1)	2022	4096
PB2|PP755596.1|A/cattle/Texas/24-008749-003/2024(H5N1)	2023	4106
PB2|PP755596.1|A/cattle/Texas/24-008749-003/2024(H5N1)	2024	4026
PB2|PP755596.1|A/cattle/Texas/24-008749-003/2024(H5N1)	2025	4038
PB2|PP755596.1|A/cattle/Texas/24-008749-003/2024(H5N1)	2026	4023
PB2|PP755596.1|A/cattle/Texas/24-008749-003/2024(H5N1)	2027	4041
PB2|PP755596.1|A/cattle/Texas/24-008749-003/2024(H5N1)	2028	4044
PB2|PP755596.1|A/cattle/Texas/24-008749-003/2024(H5N1)	2029	3997
PB2|PP755596.1|A/cattle/Texas/24-008749-003/2024(H5N1)	2030	3965
PB2|PP755596.1|A/cattle/Texas/24-008749-003/2024(H5N1)	2031	3975
PB2|PP755596.1|A/cattle/Texas/24-008749-003/2024(H5N1)	2032	3985
PB2|PP755596.1|A/cattle/Texas/24-008749-003/2024(H5N1)	2033	4061
PB2|PP755596.1|A/cattle/Texas/24-008749-003/2024(H5N1)	2034	4042
PB2|PP755596.1|A/cattle/Texas/24-008749-003/2024(H5N1)	2035	4029
PB2|PP755596.1|A/cattle/Texas/24-008749-003/2024(H5N1)	2036	3985
PB2|PP755596.1|A/cattle/Texas/24-008749-003/2024(H5N1)	2037	3964
PB2|PP755596.1|A/cattle/Texas/24-008749-003/2024(H5N1)	2038	4086
PB2|PP755596.1|A/cattle/Texas/24-008749-003/2024(H5N1)	2039	4114
PB2|PP755596.1|A/cattle/Texas/24-008749-003/2024(H5N1)	2040	4115
PB2|PP755596.1|A/cattle/Texas/24-008749-003/2024(H5N1)	2041	4106
PB2|PP755596.1|A/cattle/Texas/24-008749-003/2024(H5N1)	2042	3996
PB2|PP755596.1|A/cattle/Texas/24-008749-003/2024(H5N1)	2043	4022
PB2|PP755596.1|A/cattle/Texas/24-008749-003/2024(H5N1)	2044	4053
PB2|PP755596.1|A/cattle/Texas/24-008749-003/2024(H5N1)	2045	4075
PB2|PP755596.1|A/cattle/Texas/24-008749-003/2024(H5N1)	2046	4123
PB2|PP755596.1|A/cattle/Texas/24-008749-003/2024(H5N1)	2047	4030
PB2|PP755596.1|A/cattle/Texas/24-008749-003/2024(H5N1)	2048	4093
PB2|PP755596.1|A/cattle/Texas/24-008749-003/2024(H5N1)	2049	4091
PB2|PP755596.1|A/cattle/Texas/24-008749-003/2024(H5N1)	2050	4159
PB2|PP755596.1|A/cattle/Texas/24-008749-003/2024(H5N1)	2051	4233
PB2|PP755596.1|A/cattle/Texas/24-008749-003/2024(H5N1)	2052	4257
PB2|PP755596.1|A/cattle/Texas/24-008749-003/2024(H5N1)	2053	4364
PB2|PP755596.1|A/cattle/Texas/24-008749-003/2024(H5N1)	2054	4391
PB2|PP755596.1|A/cattle/Texas/24-008749-003/2024(H5N1)	2055	4364
PB2|PP755596.1|A/cattle/Texas/24-008749-003/2024(H5N1)	2056	4365
PB2|PP755596.1|A/cattle/Texas/24-008749-003/2024(H5N1)	2057	4291
PB2|PP755596.1|A/cattle/Texas/24-008749-003/2024(H5N1)	2058	4310
PB2|PP755596.1|A/cattle/Texas/24-008749-003/2024(H5N1)	2059	4273
PB2|PP755596.1|A/cattle/Texas/24-008749-003/2024(H5N1)	2060	4221
PB2|PP755596.1|A/cattle/Texas/24-008749-003/2024(H5N1)	2061	4204
PB2|PP755596.1|A/cattle/Texas/24-008749-003/2024(H5N1)	2062	4106
PB2|PP755596.1|A/cattle/Texas/24-008749-003/2024(H5N1)	2063	4067
PB2|PP755596.1|A/cattle/Texas/24-008749-003/2024(H5N1)	2064	4052
PB2|PP755596.1|A/cattle/Texas/24-008749-003/2024(H5N1)	2065	4061
PB2|PP755596.1|A/cattle/Texas/24-008749-003/2024(H5N1)	2066	4018
PB2|PP755596.1|A/cattle/Texas/24-008749-003/2024(H5N1)	2067	3993
PB2|PP755596.1|A/cattle/Texas/24-008749-003/2024(H5N1)	2068	4079
PB2|PP755596.1|A/cattle/Texas/24-008749-003/2024(H5N1)	2069	4057
PB2|PP755596.1|A/cattle/Texas/24-008749-003/2024(H5N1)	2070	4068
PB2|PP755596.1|A/cattle/Texas/24-008749-003/2024(H5N1)	2071	4068
PB2|PP755596.1|A/cattle/Texas/24-008749-003/2024(H5N1)	2072	4048
PB2|PP755596.1|A/cattle/Texas/24-008749-003/2024(H5N1)	2073	4048
PB2|PP755596.1|A/cattle/Texas/24-008749-003/2024(H5N1)	2074	4040
PB2|PP755596.1|A/cattle/Texas/24-008749-003/2024(H5N1)	2075	4041
PB2|PP755596.1|A/cattle/Texas/24-008749-003/2024(H5N1)	2076	3948
PB2|PP755596.1|A/cattle/Texas/24-008749-003/2024(H5N1)	2077	3915
PB2|PP755596.1|A/cattle/Texas/24-008749-003/2024(H5N1)	2078	3916
PB2|PP755596.1|A/cattle/Texas/24-008749-003/2024(H5N1)	2079	3960
PB2|PP755596.1|A/cattle/Texas/24-008749-003/2024(H5N1)	2080	4204
PB2|PP755596.1|A/cattle/Texas/24-008749-003/2024(H5N1)	2081	4182
PB2|PP755596.1|A/cattle/Texas/24-008749-003/2024(H5N1)	2082	4201
PB2|PP755596.1|A/cattle/Texas/24-008749-003/2024(H5N1)	2083	4151
PB2|PP755596.1|A/cattle/Texas/24-008749-003/2024(H5N1)	2084	4153
PB2|PP755596.1|A/cattle/Texas/24-008749-003/2024(H5N1)	2085	4163
PB2|PP755596.1|A/cattle/Texas/24-008749-003/2024(H5N1)	2086	4197
PB2|PP755596.1|A/cattle/Texas/24-008749-003/2024(H5N1)	2087	4199
PB2|PP755596.1|A/cattle/Texas/24-008749-003/2024(H5N1)	2088	4230
PB2|PP755596.1|A/cattle/Texas/24-008749-003/2024(H5N1)	2089	4230
PB2|PP755596.1|A/cattle/Texas/24-008749-003/2024(H5N1)	2090	4203
PB2|PP755596.1|A/cattle/Texas/24-008749-003/2024(H5N1)	2091	4219
PB2|PP755596.1|A/cattle/Texas/24-008749-003/2024(H5N1)	2092	4212
PB2|PP755596.1|A/cattle/Texas/24-008749-003/2024(H5N1)	2093	4214
PB2|PP755596.1|A/cattle/Texas/24-008749-003/2024(H5N1)	2094	4132
PB2|PP755596.1|A/cattle/Texas/24-008749-003/2024(H5N1)	2095	4140
PB2|PP755596.1|A/cattle/Texas/24-008749-003/2024(H5N1)	2096	4215
PB2|PP755596.1|A/cattle/Texas/24-008749-003/2024(H5N1)	2097	4222
PB2|PP755596.1|A/cattle/Texas/24-008749-003/2024(H5N1)	2098	4277
PB2|PP755596.1|A/cattle/Texas/24-008749-003/2024(H5N1)	2099	4331
PB2|PP755596.1|A/cattle/Texas/24-008749-003/2024(H5N1)	2100	4332
PB2|PP755596.1|A/cattle/Texas/24-008749-003/2024(H5N1)	2101	4361
PB2|PP755596.1|A/cattle/Texas/24-008749-003/2024(H5N1)	2102	4358
PB2|PP755596.1|A/cattle/Texas/24-008749-003/2024(H5N1)	2103	4358
PB2|PP755596.1|A/cattle/Texas/24-008749-003/2024(H5N1)	2104	4354
PB2|PP755596.1|A/cattle/Texas/24-008749-003/2024(H5N1)	2105	4352
PB2|PP755596.1|A/cattle/Texas/24-008749-003/2024(H5N1)	2106	4283
PB2|PP755596.1|A/cattle/Texas/24-008749-003/2024(H5N1)	2107	4305
PB2|PP755596.1|A/cattle/Texas/24-008749-003/2024(H5N1)	2108	4344
PB2|PP755596.1|A/cattle/Texas/24-008749-003/2024(H5N1)	2109	4358
PB2|PP755596.1|A/cattle/Texas/24-008749-003/2024(H5N1)	2110	4334
PB2|PP755596.1|A/cattle/Texas/24-008749-003/2024(H5N1)	2111	4344
PB2|PP755596.1|A/cattle/Texas/24-008749-003/2024(H5N1)	2112	4329
PB2|PP755596.1|A/cattle/Texas/24-008749-003/2024(H5N1)	2113	4344
PB2|PP755596.1|A/cattle/Texas/24-008749-003/2024(H5N1)	2114	4838
PB2|PP755596.1|A/cattle/Texas/24-008749-003/2024(H5N1)	2115	4812
PB2|PP755596.1|A/cattle/Texas/24-008749-003/2024(H5N1)	2116	4784
PB2|PP755596.1|A/cattle/Texas/24-008749-003/2024(H5N1)	2117	4765
PB2|PP755596.1|A/cattle/Texas/24-008749-003/2024(H5N1)	2118	4722
PB2|PP755596.1|A/cattle/Texas/24-008749-003/2024(H5N1)	2119	4840
PB2|PP755596.1|A/cattle/Texas/24-008749-003/2024(H5N1)	2120	4796
PB2|PP755596.1|A/cattle/Texas/24-008749-003/2024(H5N1)	2121	4800
PB2|PP755596.1|A/cattle/Texas/24-008749-003/2024(H5N1)	2122	4759
PB2|PP755596.1|A/cattle/Texas/24-008749-003/2024(H5N1)	2123	4199
PB2|PP755596.1|A/cattle/Texas/24-008749-003/2024(H5N1)	2124	4250
PB2|PP755596.1|A/cattle/Texas/24-008749-003/2024(H5N1)	2125	4250
PB2|PP755596.1|A/cattle/Texas/24-008749-003/2024(H5N1)	2126	4288
PB2|PP755596.1|A/cattle/Texas/24-008749-003/2024(H5N1)	2127	4317
PB2|PP755596.1|A/cattle/Texas/24-008749-003/2024(H5N1)	2128	4237
PB2|PP755596.1|A/cattle/Texas/24-008749-003/2024(H5N1)	2129	4312
PB2|PP755596.1|A/cattle/Texas/24-008749-003/2024(H5N1)	2130	4335
PB2|PP755596.1|A/cattle/Texas/24-008749-003/2024(H5N1)	2131	4346
PB2|PP755596.1|A/cattle/Texas/24-008749-003/2024(H5N1)	2132	4339
PB2|PP755596.1|A/cattle/Texas/24-008749-003/2024(H5N1)	2133	4299
PB2|PP755596.1|A/cattle/Texas/24-008749-003/2024(H5N1)	2134	4339
PB2|PP755596.1|A/cattle/Texas/24-008749-003/2024(H5N1)	2135	4279
PB2|PP755596.1|A/cattle/Texas/24-008749-003/2024(H5N1)	2136	4275
PB2|PP755596.1|A/cattle/Texas/24-008749-003/2024(H5N1)	2137	4277
PB2|PP755596.1|A/cattle/Texas/24-008749-003/2024(H5N1)	2138	4281
PB2|PP755596.1|A/cattle/Texas/24-008749-003/2024(H5N1)	2139	4318
PB2|PP755596.1|A/cattle/Texas/24-008749-003/2024(H5N1)	2140	4305
PB2|PP755596.1|A/cattle/Texas/24-008749-003/2024(H5N1)	2141	4306
PB2|PP755596.1|A/cattle/Texas/24-008749-003/2024(H5N1)	2142	4243
PB2|PP755596.1|A/cattle/Texas/24-008749-003/2024(H5N1)	2143	4208
PB2|PP755596.1|A/cattle/Texas/24-008749-003/2024(H5N1)	2144	4207
PB2|PP755596.1|A/cattle/Texas/24-008749-003/2024(H5N1)	2145	4173
PB2|PP755596.1|A/cattle/Texas/24-008749-003/2024(H5N1)	2146	4155
PB2|PP755596.1|A/cattle/Texas/24-008749-003/2024(H5N1)	2147	4157
PB2|PP755596.1|A/cattle/Texas/24-008749-003/2024(H5N1)	2148	4258
PB2|PP755596.1|A/cattle/Texas/24-008749-003/2024(H5N1)	2149	4331
PB2|PP755596.1|A/cattle/Texas/24-008749-003/2024(H5N1)	2150	4333
PB2|PP755596.1|A/cattle/Texas/24-008749-003/2024(H5N1)	2151	4335
PB2|PP755596.1|A/cattle/Texas/24-008749-003/2024(H5N1)	2152	4342
PB2|PP755596.1|A/cattle/Texas/24-008749-003/2024(H5N1)	2153	4248
PB2|PP755596.1|A/cattle/Texas/24-008749-003/2024(H5N1)	2154	4279
PB2|PP755596.1|A/cattle/Texas/24-008749-003/2024(H5N1)	2155	4295
PB2|PP755596.1|A/cattle/Texas/24-008749-003/2024(H5N1)	2156	4300
PB2|PP755596.1|A/cattle/Texas/24-008749-003/2024(H5N1)	2157	4274
PB2|PP755596.1|A/cattle/Texas/24-008749-003/2024(H5N1)	2158	4294
PB2|PP755596.1|A/cattle/Texas/24-008749-003/2024(H5N1)	2159	4301
PB2|PP755596.1|A/cattle/Texas/24-008749-003/2024(H5N1)	2160	4317
PB2|PP755596.1|A/cattle/Texas/24-008749-003/2024(H5N1)	2161	4408
PB2|PP755596.1|A/cattle/Texas/24-008749-003/2024(H5N1)	2162	4436
PB2|PP755596.1|A/cattle/Texas/24-008749-003/2024(H5N1)	2163	4430
PB2|PP755596.1|A/cattle/Texas/24-008749-003/2024(H5N1)	2164	5008
PB2|PP755596.1|A/cattle/Texas/24-008749-003/2024(H5N1)	2165	5019
PB2|PP755596.1|A/cattle/Texas/24-008749-003/2024(H5N1)	2166	5023
PB2|PP755596.1|A/cattle/Texas/24-008749-003/2024(H5N1)	2167	5015
PB2|PP755596.1|A/cattle/Texas/24-008749-003/2024(H5N1)	2168	5030
PB2|PP755596.1|A/cattle/Texas/24-008749-003/2024(H5N1)	2169	5034
PB2|PP755596.1|A/cattle/Texas/24-008749-003/2024(H5N1)	2170	5071
PB2|PP755596.1|A/cattle/Texas/24-008749-003/2024(H5N1)	2171	4975
PB2|PP755596.1|A/cattle/Texas/24-008749-003/2024(H5N1)	2172	4940
PB2|PP755596.1|A/cattle/Texas/24-008749-003/2024(H5N1)	2173	4940
PB2|PP755596.1|A/cattle/Texas/24-008749-003/2024(H5N1)	2174	4936
PB2|PP755596.1|A/cattle/Texas/24-008749-003/2024(H5N1)	2175	4941
PB2|PP755596.1|A/cattle/Texas/24-008749-003/2024(H5N1)	2176	4930
PB2|PP755596.1|A/cattle/Texas/24-008749-003/2024(H5N1)	2177	4916
PB2|PP755596.1|A/cattle/Texas/24-008749-003/2024(H5N1)	2178	4890
PB2|PP755596.1|A/cattle/Texas/24-008749-003/2024(H5N1)	2179	4894
PB2|PP755596.1|A/cattle/Texas/24-008749-003/2024(H5N1)	2180	4901
PB2|PP755596.1|A/cattle/Texas/24-008749-003/2024(H5N1)	2181	4902
PB2|PP755596.1|A/cattle/Texas/24-008749-003/2024(H5N1)	2182	4885
PB2|PP755596.1|A/cattle/Texas/24-008749-003/2024(H5N1)	2183	4881
PB2|PP755596.1|A/cattle/Texas/24-008749-003/2024(H5N1)	2184	4847
PB2|PP755596.1|A/cattle/Texas/24-008749-003/2024(H5N1)	2185	4858
PB2|PP755596.1|A/cattle/Texas/24-008749-003/2024(H5N1)	2186	4893
PB2|PP755596.1|A/cattle/Texas/24-008749-003/2024(H5N1)	2187	4892
PB2|PP755596.1|A/cattle/Texas/24-008749-003/2024(H5N1)	2188	4907
PB2|PP755596.1|A/cattle/Texas/24-008749-003/2024(H5N1)	2189	4850
PB2|PP755596.1|A/cattle/Texas/24-008749-003/2024(H5N1)	2190	4850
PB2|PP755596.1|A/cattle/Texas/24-008749-003/2024(H5N1)	2191	4841
PB2|PP755596.1|A/cattle/Texas/24-008749-003/2024(H5N1)	2192	4848
PB2|PP755596.1|A/cattle/Texas/24-008749-003/2024(H5N1)	2193	4816
PB2|PP755596.1|A/cattle/Texas/24-008749-003/2024(H5N1)	2194	4869
PB2|PP755596.1|A/cattle/Texas/24-008749-003/2024(H5N1)	2195	4768
PB2|PP755596.1|A/cattle/Texas/24-008749-003/2024(H5N1)	2196	4776
PB2|PP755596.1|A/cattle/Texas/24-008749-003/2024(H5N1)	2197	4648
PB2|PP755596.1|A/cattle/Texas/24-008749-003/2024(H5N1)	2198	4605
PB2|PP755596.1|A/cattle/Texas/24-008749-003/2024(H5N1)	2199	4542
PB2|PP755596.1|A/cattle/Texas/24-008749-003/2024(H5N1)	2200	4537
PB2|PP755596.1|A/cattle/Texas/24-008749-003/2024(H5N1)	2201	4434
PB2|PP755596.1|A/cattle/Texas/24-008749-003/2024(H5N1)	2202	4411
PB2|PP755596.1|A/cattle/Texas/24-008749-003/2024(H5N1)	2203	4338
PB2|PP755596.1|A/cattle/Texas/24-008749-003/2024(H5N1)	2204	4241
PB2|PP755596.1|A/cattle/Texas/24-008749-003/2024(H5N1)	2205	4228
PB2|PP755596.1|A/cattle/Texas/24-008749-003/2024(H5N1)	2206	4222
PB2|PP755596.1|A/cattle/Texas/24-008749-003/2024(H5N1)	2207	4221
PB2|PP755596.1|A/cattle/Texas/24-008749-003/2024(H5N1)	2208	4223
PB2|PP755596.1|A/cattle/Texas/24-008749-003/2024(H5N1)	2209	4208
PB2|PP755596.1|A/cattle/Texas/24-008749-003/2024(H5N1)	2210	4208
PB2|PP755596.1|A/cattle/Texas/24-008749-003/2024(H5N1)	2211	4188
PB2|PP755596.1|A/cattle/Texas/24-008749-003/2024(H5N1)	2212	4178
PB2|PP755596.1|A/cattle/Texas/24-008749-003/2024(H5N1)	2213	4179
PB2|PP755596.1|A/cattle/Texas/24-008749-003/2024(H5N1)	2214	4167
PB2|PP755596.1|A/cattle/Texas/24-008749-003/2024(H5N1)	2215	4161
PB2|PP755596.1|A/cattle/Texas/24-008749-003/2024(H5N1)	2216	4158
PB2|PP755596.1|A/cattle/Texas/24-008749-003/2024(H5N1)	2217	4176
PB2|PP755596.1|A/cattle/Texas/24-008749-003/2024(H5N1)	2218	4177
PB2|PP755596.1|A/cattle/Texas/24-008749-003/2024(H5N1)	2219	4128
PB2|PP755596.1|A/cattle/Texas/24-008749-003/2024(H5N1)	2220	4133
PB2|PP755596.1|A/cattle/Texas/24-008749-003/2024(H5N1)	2221	4119
PB2|PP755596.1|A/cattle/Texas/24-008749-003/2024(H5N1)	2222	4189
PB2|PP755596.1|A/cattle/Texas/24-008749-003/2024(H5N1)	2223	4189
PB2|PP755596.1|A/cattle/Texas/24-008749-003/2024(H5N1)	2224	4198
PB2|PP755596.1|A/cattle/Texas/24-008749-003/2024(H5N1)	2225	4202
PB2|PP755596.1|A/cattle/Texas/24-008749-003/2024(H5N1)	2226	4159
PB2|PP755596.1|A/cattle/Texas/24-008749-003/2024(H5N1)	2227	4155
PB2|PP755596.1|A/cattle/Texas/24-008749-003/2024(H5N1)	2228	4147
PB2|PP755596.1|A/cattle/Texas/24-008749-003/2024(H5N1)	2229	4065
PB2|PP755596.1|A/cattle/Texas/24-008749-003/2024(H5N1)	2230	4080
PB2|PP755596.1|A/cattle/Texas/24-008749-003/2024(H5N1)	2231	3632
PB2|PP755596.1|A/cattle/Texas/24-008749-003/2024(H5N1)	2232	3631
PB2|PP755596.1|A/cattle/Texas/24-008749-003/2024(H5N1)	2233	3587
PB2|PP755596.1|A/cattle/Texas/24-008749-003/2024(H5N1)	2234	3589
PB2|PP755596.1|A/cattle/Texas/24-008749-003/2024(H5N1)	2235	3581
PB2|PP755596.1|A/cattle/Texas/24-008749-003/2024(H5N1)	2236	3580
PB2|PP755596.1|A/cattle/Texas/24-008749-003/2024(H5N1)	2237	3525
PB2|PP755596.1|A/cattle/Texas/24-008749-003/2024(H5N1)	2238	3538
PB2|PP755596.1|A/cattle/Texas/24-008749-003/2024(H5N1)	2239	3379
PB2|PP755596.1|A/cattle/Texas/24-008749-003/2024(H5N1)	2240	3399
PB2|PP755596.1|A/cattle/Texas/24-008749-003/2024(H5N1)	2241	3392
PB2|PP755596.1|A/cattle/Texas/24-008749-003/2024(H5N1)	2242	3387
PB2|PP755596.1|A/cattle/Texas/24-008749-003/2024(H5N1)	2243	3373
PB2|PP755596.1|A/cattle/Texas/24-008749-003/2024(H5N1)	2244	3376
PB2|PP755596.1|A/cattle/Texas/24-008749-003/2024(H5N1)	2245	3374
PB2|PP755596.1|A/cattle/Texas/24-008749-003/2024(H5N1)	2246	3370
PB2|PP755596.1|A/cattle/Texas/24-008749-003/2024(H5N1)	2247	3199
PB2|PP755596.1|A/cattle/Texas/24-008749-003/2024(H5N1)	2248	3198
PB2|PP755596.1|A/cattle/Texas/24-008749-003/2024(H5N1)	2249	3024
PB2|PP755596.1|A/cattle/Texas/24-008749-003/2024(H5N1)	2250	3028
PB2|PP755596.1|A/cattle/Texas/24-008749-003/2024(H5N1)	2251	3013
PB2|PP755596.1|A/cattle/Texas/24-008749-003/2024(H5N1)	2252	2992
PB2|PP755596.1|A/cattle/Texas/24-008749-003/2024(H5N1)	2253	2978
PB2|PP755596.1|A/cattle/Texas/24-008749-003/2024(H5N1)	2254	2973
PB2|PP755596.1|A/cattle/Texas/24-008749-003/2024(H5N1)	2255	2973
PB2|PP755596.1|A/cattle/Texas/24-008749-003/2024(H5N1)	2256	2972
PB2|PP755596.1|A/cattle/Texas/24-008749-003/2024(H5N1)	2257	2968
PB2|PP755596.1|A/cattle/Texas/24-008749-003/2024(H5N1)	2258	2935
PB2|PP755596.1|A/cattle/Texas/24-008749-003/2024(H5N1)	2259	2880
PB2|PP755596.1|A/cattle/Texas/24-008749-003/2024(H5N1)	2260	2854
PB2|PP755596.1|A/cattle/Texas/24-008749-003/2024(H5N1)	2261	2844
PB2|PP755596.1|A/cattle/Texas/24-008749-003/2024(H5N1)	2262	2842
PB2|PP755596.1|A/cattle/Texas/24-008749-003/2024(H5N1)	2263	2837
PB2|PP755596.1|A/cattle/Texas/24-008749-003/2024(H5N1)	2264	2802
PB2|PP755596.1|A/cattle/Texas/24-008749-003/2024(H5N1)	2265	2466
PB2|PP755596.1|A/cattle/Texas/24-008749-003/2024(H5N1)	2266	2463
PB2|PP755596.1|A/cattle/Texas/24-008749-003/2024(H5N1)	2267	2416
PB2|PP755596.1|A/cattle/Texas/24-008749-003/2024(H5N1)	2268	2414
PB2|PP755596.1|A/cattle/Texas/24-008749-003/2024(H5N1)	2269	2409
PB2|PP755596.1|A/cattle/Texas/24-008749-003/2024(H5N1)	2270	2337
PB2|PP755596.1|A/cattle/Texas/24-008749-003/2024(H5N1)	2271	2334
PB2|PP755596.1|A/cattle/Texas/24-008749-003/2024(H5N1)	2272	2328
PB2|PP755596.1|A/cattle/Texas/24-008749-003/2024(H5N1)	2273	2326
PB2|PP755596.1|A/cattle/Texas/24-008749-003/2024(H5N1)	2274	2296
PB2|PP755596.1|A/cattle/Texas/24-008749-003/2024(H5N1)	2275	2295
PB2|PP755596.1|A/cattle/Texas/24-008749-003/2024(H5N1)	2276	2288
PB2|PP755596.1|A/cattle/Texas/24-008749-003/2024(H5N1)	2277	2249
PB2|PP755596.1|A/cattle/Texas/24-008749-003/2024(H5N1)	2278	2193
PB2|PP755596.1|A/cattle/Texas/24-008749-003/2024(H5N1)	2279	2102
PB2|PP755596.1|A/cattle/Texas/24-008749-003/2024(H5N1)	2280	2054
