MP|PP755590.1|A/cattle/Texas/24-008749-003/2024(H5N1)	1	14776
MP|PP755590.1|A/cattle/Texas/24-008749-003/2024(H5N1)	2	14895
MP|PP755590.1|A/cattle/Texas/24-008749-003/2024(H5N1)	3	14938
MP|PP755590.1|A/cattle/Texas/24-008749-003/2024(H5N1)	4	14953
MP|PP755590.1|A/cattle/Texas/24-008749-003/2024(H5N1)	5	15844
MP|PP755590.1|A/cattle/Texas/24-008749-003/2024(H5N1)	6	16133
MP|PP755590.1|A/cattle/Texas/24-008749-003/2024(H5N1)	7	17342
MP|PP755590.1|A/cattle/Texas/24-008749-003/2024(H5N1)	8	17888
MP|PP755590.1|A/cattle/Texas/24-008749-003/2024(H5N1)	9	18013
MP|PP755590.1|A/cattle/Texas/24-008749-003/2024(H5N1)	10	18027
MP|PP755590.1|A/cattle/Texas/24-008749-003/2024(H5N1)	11	18098
MP|PP755590.1|A/cattle/Texas/24-008749-003/2024(H5N1)	12	18308
MP|PP755590.1|A/cattle/Texas/24-008749-003/2024(H5N1)	13	18394
MP|PP755590.1|A/cattle/Texas/24-008749-003/2024(H5N1)	14	18397
MP|PP755590.1|A/cattle/Texas/24-008749-003/2024(H5N1)	15	18399
MP|PP755590.1|A/cattle/Texas/24-008749-003/2024(H5N1)	16	18404
MP|PP755590.1|A/cattle/Texas/24-008749-003/2024(H5N1)	17	18513
MP|PP755590.1|A/cattle/Texas/24-008749-003/2024(H5N1)	18	18666
MP|PP755590.1|A/cattle/Texas/24-008749-003/2024(H5N1)	19	19295
MP|PP755590.1|A/cattle/Texas/24-008749-003/2024(H5N1)	20	19300
MP|PP755590.1|A/cattle/Texas/24-008749-003/2024(H5N1)	21	19314
MP|PP755590.1|A/cattle/Texas/24-008749-003/2024(H5N1)	22	19325
MP|PP755590.1|A/cattle/Texas/24-008749-003/2024(H5N1)	23	19750
MP|PP755590.1|A/cattle/Texas/24-008749-003/2024(H5N1)	24	19781
MP|PP755590.1|A/cattle/Texas/24-008749-003/2024(H5N1)	25	19832
MP|PP755590.1|A/cattle/Texas/24-008749-003/2024(H5N1)	26	20570
MP|PP755590.1|A/cattle/Texas/24-008749-003/2024(H5N1)	27	20643
MP|PP755590.1|A/cattle/Texas/24-008749-003/2024(H5N1)	28	20728
MP|PP755590.1|A/cattle/Texas/24-008749-003/2024(H5N1)	29	20751
MP|PP755590.1|A/cattle/Texas/24-008749-003/2024(H5N1)	30	20920
MP|PP755590.1|A/cattle/Texas/24-008749-003/2024(H5N1)	31	21022
MP|PP755590.1|A/cattle/Texas/24-008749-003/2024(H5N1)	32	21085
MP|PP755590.1|A/cattle/Texas/24-008749-003/2024(H5N1)	33	21663
MP|PP755590.1|A/cattle/Texas/24-008749-003/2024(H5N1)	34	22127
MP|PP755590.1|A/cattle/Texas/24-008749-003/2024(H5N1)	35	22136
MP|PP755590.1|A/cattle/Texas/24-008749-003/2024(H5N1)	36	22982
MP|PP755590.1|A/cattle/Texas/24-008749-003/2024(H5N1)	37	22981
MP|PP755590.1|A/cattle/Texas/24-008749-003/2024(H5N1)	38	24162
MP|PP755590.1|A/cattle/Texas/24-008749-003/2024(H5N1)	39	24179
MP|PP755590.1|A/cattle/Texas/24-008749-003/2024(H5N1)	40	24348
MP|PP755590.1|A/cattle/Texas/24-008749-003/2024(H5N1)	41	24349
MP|PP755590.1|A/cattle/Texas/24-008749-003/2024(H5N1)	42	24377
MP|PP755590.1|A/cattle/Texas/24-008749-003/2024(H5N1)	43	24507
MP|PP755590.1|A/cattle/Texas/24-008749-003/2024(H5N1)	44	24517
MP|PP755590.1|A/cattle/Texas/24-008749-003/2024(H5N1)	45	24591
MP|PP755590.1|A/cattle/Texas/24-008749-003/2024(H5N1)	46	24701
MP|PP755590.1|A/cattle/Texas/24-008749-003/2024(H5N1)	47	24948
MP|PP755590.1|A/cattle/Texas/24-008749-003/2024(H5N1)	48	25099
MP|PP755590.1|A/cattle/Texas/24-008749-003/2024(H5N1)	49	25124
MP|PP755590.1|A/cattle/Texas/24-008749-003/2024(H5N1)	50	25190
MP|PP755590.1|A/cattle/Texas/24-008749-003/2024(H5N1)	51	25196
MP|PP755590.1|A/cattle/Texas/24-008749-003/2024(H5N1)	52	25505
MP|PP755590.1|A/cattle/Texas/24-008749-003/2024(H5N1)	53	25936
MP|PP755590.1|A/cattle/Texas/24-008749-003/2024(H5N1)	54	25951
MP|PP755590.1|A/cattle/Texas/24-008749-003/2024(H5N1)	55	25970
MP|PP755590.1|A/cattle/Texas/24-008749-003/2024(H5N1)	56	26260
MP|PP755590.1|A/cattle/Texas/24-008749-003/2024(H5N1)	57	28022
MP|PP755590.1|A/cattle/Texas/24-008749-003/2024(H5N1)	58	28062
MP|PP755590.1|A/cattle/Texas/24-008749-003/2024(H5N1)	59	28171
MP|PP755590.1|A/cattle/Texas/24-008749-003/2024(H5N1)	60	28189
MP|PP755590.1|A/cattle/Texas/24-008749-003/2024(H5N1)	61	28322
MP|PP755590.1|A/cattle/Texas/24-008749-003/2024(H5N1)	62	28364
MP|PP755590.1|A/cattle/Texas/24-008749-003/2024(H5N1)	63	28692
MP|PP755590.1|A/cattle/Texas/24-008749-003/2024(H5N1)	64	28780
MP|PP755590.1|A/cattle/Texas/24-008749-003/2024(H5N1)	65	28908
MP|PP755590.1|A/cattle/Texas/24-008749-003/2024(H5N1)	66	28813
MP|PP755590.1|A/cattle/Texas/24-008749-003/2024(H5N1)	67	28818
MP|PP755590.1|A/cattle/Texas/24-008749-003/2024(H5N1)	68	28940
MP|PP755590.1|A/cattle/Texas/24-008749-003/2024(H5N1)	69	28963
MP|PP755590.1|A/cattle/Texas/24-008749-003/2024(H5N1)	70	29708
MP|PP755590.1|A/cattle/Texas/24-008749-003/2024(H5N1)	71	29717
MP|PP755590.1|A/cattle/Texas/24-008749-003/2024(H5N1)	72	29709
MP|PP755590.1|A/cattle/Texas/24-008749-003/2024(H5N1)	73	29901
MP|PP755590.1|A/cattle/Texas/24-008749-003/2024(H5N1)	74	30095
MP|PP755590.1|A/cattle/Texas/24-008749-003/2024(H5N1)	75	30100
MP|PP755590.1|A/cattle/Texas/24-008749-003/2024(H5N1)	76	30520
MP|PP755590.1|A/cattle/Texas/24-008749-003/2024(H5N1)	77	30513
MP|PP755590.1|A/cattle/Texas/24-008749-003/2024(H5N1)	78	30641
MP|PP755590.1|A/cattle/Texas/24-008749-003/2024(H5N1)	79	31314
MP|PP755590.1|A/cattle/Texas/24-008749-003/2024(H5N1)	80	33537
MP|PP755590.1|A/cattle/Texas/24-008749-003/2024(H5N1)	81	33682
MP|PP755590.1|A/cattle/Texas/24-008749-003/2024(H5N1)	82	33940
MP|PP755590.1|A/cattle/Texas/24-008749-003/2024(H5N1)	83	34369
MP|PP755590.1|A/cattle/Texas/24-008749-003/2024(H5N1)	84	34521
MP|PP755590.1|A/cattle/Texas/24-008749-003/2024(H5N1)	85	34879
MP|PP755590.1|A/cattle/Texas/24-008749-003/2024(H5N1)	86	34936
MP|PP755590.1|A/cattle/Texas/24-008749-003/2024(H5N1)	87	34928
MP|PP755590.1|A/cattle/Texas/24-008749-003/2024(H5N1)	88	34941
MP|PP755590.1|A/cattle/Texas/24-008749-003/2024(H5N1)	89	34723
MP|PP755590.1|A/cattle/Texas/24-008749-003/2024(H5N1)	90	34753
MP|PP755590.1|A/cattle/Texas/24-008749-003/2024(H5N1)	91	34823
MP|PP755590.1|A/cattle/Texas/24-008749-003/2024(H5N1)	92	34962
MP|PP755590.1|A/cattle/Texas/24-008749-003/2024(H5N1)	93	34991
MP|PP755590.1|A/cattle/Texas/24-008749-003/2024(H5N1)	94	34939
MP|PP755590.1|A/cattle/Texas/24-008749-003/2024(H5N1)	95	34977
MP|PP755590.1|A/cattle/Texas/24-008749-003/2024(H5N1)	96	35433
MP|PP755590.1|A/cattle/Texas/24-008749-003/2024(H5N1)	97	35504
MP|PP755590.1|A/cattle/Texas/24-008749-003/2024(H5N1)	98	35502
MP|PP755590.1|A/cattle/Texas/24-008749-003/2024(H5N1)	99	35486
MP|PP755590.1|A/cattle/Texas/24-008749-003/2024(H5N1)	100	35828
MP|PP755590.1|A/cattle/Texas/24-008749-003/2024(H5N1)	101	35883
MP|PP755590.1|A/cattle/Texas/24-008749-003/2024(H5N1)	102	36708
MP|PP755590.1|A/cattle/Texas/24-008749-003/2024(H5N1)	103	36784
MP|PP755590.1|A/cattle/Texas/24-008749-003/2024(H5N1)	104	36803
MP|PP755590.1|A/cattle/Texas/24-008749-003/2024(H5N1)	105	37071
MP|PP755590.1|A/cattle/Texas/24-008749-003/2024(H5N1)	106	37202
MP|PP755590.1|A/cattle/Texas/24-008749-003/2024(H5N1)	107	37316
MP|PP755590.1|A/cattle/Texas/24-008749-003/2024(H5N1)	108	37476
MP|PP755590.1|A/cattle/Texas/24-008749-003/2024(H5N1)	109	37414
MP|PP755590.1|A/cattle/Texas/24-008749-003/2024(H5N1)	110	37704
MP|PP755590.1|A/cattle/Texas/24-008749-003/2024(H5N1)	111	37555
MP|PP755590.1|A/cattle/Texas/24-008749-003/2024(H5N1)	112	37583
MP|PP755590.1|A/cattle/Texas/24-008749-003/2024(H5N1)	113	38563
MP|PP755590.1|A/cattle/Texas/24-008749-003/2024(H5N1)	114	38645
MP|PP755590.1|A/cattle/Texas/24-008749-003/2024(H5N1)	115	38895
MP|PP755590.1|A/cattle/Texas/24-008749-003/2024(H5N1)	116	38890
MP|PP755590.1|A/cattle/Texas/24-008749-003/2024(H5N1)	117	38880
MP|PP755590.1|A/cattle/Texas/24-008749-003/2024(H5N1)	118	38886
MP|PP755590.1|A/cattle/Texas/24-008749-003/2024(H5N1)	119	38937
MP|PP755590.1|A/cattle/Texas/24-008749-003/2024(H5N1)	120	39004
MP|PP755590.1|A/cattle/Texas/24-008749-003/2024(H5N1)	121	39090
MP|PP755590.1|A/cattle/Texas/24-008749-003/2024(H5N1)	122	38960
MP|PP755590.1|A/cattle/Texas/24-008749-003/2024(H5N1)	123	39178
MP|PP755590.1|A/cattle/Texas/24-008749-003/2024(H5N1)	124	34956
MP|PP755590.1|A/cattle/Texas/24-008749-003/2024(H5N1)	125	35229
MP|PP755590.1|A/cattle/Texas/24-008749-003/2024(H5N1)	126	34109
MP|PP755590.1|A/cattle/Texas/24-008749-003/2024(H5N1)	127	34093
MP|PP755590.1|A/cattle/Texas/24-008749-003/2024(H5N1)	128	32951
MP|PP755590.1|A/cattle/Texas/24-008749-003/2024(H5N1)	129	32901
MP|PP755590.1|A/cattle/Texas/24-008749-003/2024(H5N1)	130	32936
MP|PP755590.1|A/cattle/Texas/24-008749-003/2024(H5N1)	131	32833
MP|PP755590.1|A/cattle/Texas/24-008749-003/2024(H5N1)	132	34089
MP|PP755590.1|A/cattle/Texas/24-008749-003/2024(H5N1)	133	33366
MP|PP755590.1|A/cattle/Texas/24-008749-003/2024(H5N1)	134	34085
MP|PP755590.1|A/cattle/Texas/24-008749-003/2024(H5N1)	135	34735
MP|PP755590.1|A/cattle/Texas/24-008749-003/2024(H5N1)	136	33612
MP|PP755590.1|A/cattle/Texas/24-008749-003/2024(H5N1)	137	34623
MP|PP755590.1|A/cattle/Texas/24-008749-003/2024(H5N1)	138	34648
MP|PP755590.1|A/cattle/Texas/24-008749-003/2024(H5N1)	139	34644
MP|PP755590.1|A/cattle/Texas/24-008749-003/2024(H5N1)	140	35410
MP|PP755590.1|A/cattle/Texas/24-008749-003/2024(H5N1)	141	35656
MP|PP755590.1|A/cattle/Texas/24-008749-003/2024(H5N1)	142	36078
MP|PP755590.1|A/cattle/Texas/24-008749-003/2024(H5N1)	143	35627
MP|PP755590.1|A/cattle/Texas/24-008749-003/2024(H5N1)	144	35319
MP|PP755590.1|A/cattle/Texas/24-008749-003/2024(H5N1)	145	35339
MP|PP755590.1|A/cattle/Texas/24-008749-003/2024(H5N1)	146	36643
MP|PP755590.1|A/cattle/Texas/24-008749-003/2024(H5N1)	147	37288
MP|PP755590.1|A/cattle/Texas/24-008749-003/2024(H5N1)	148	37256
MP|PP755590.1|A/cattle/Texas/24-008749-003/2024(H5N1)	149	36936
MP|PP755590.1|A/cattle/Texas/24-008749-003/2024(H5N1)	150	36996
MP|PP755590.1|A/cattle/Texas/24-008749-003/2024(H5N1)	151	37107
MP|PP755590.1|A/cattle/Texas/24-008749-003/2024(H5N1)	152	37159
MP|PP755590.1|A/cattle/Texas/24-008749-003/2024(H5N1)	153	37604
MP|PP755590.1|A/cattle/Texas/24-008749-003/2024(H5N1)	154	35290
MP|PP755590.1|A/cattle/Texas/24-008749-003/2024(H5N1)	155	36533
MP|PP755590.1|A/cattle/Texas/24-008749-003/2024(H5N1)	156	36597
MP|PP755590.1|A/cattle/Texas/24-008749-003/2024(H5N1)	157	36617
MP|PP755590.1|A/cattle/Texas/24-008749-003/2024(H5N1)	158	36602
MP|PP755590.1|A/cattle/Texas/24-008749-003/2024(H5N1)	159	36619
MP|PP755590.1|A/cattle/Texas/24-008749-003/2024(H5N1)	160	37828
MP|PP755590.1|A/cattle/Texas/24-008749-003/2024(H5N1)	161	37646
MP|PP755590.1|A/cattle/Texas/24-008749-003/2024(H5N1)	162	37807
MP|PP755590.1|A/cattle/Texas/24-008749-003/2024(H5N1)	163	37806
MP|PP755590.1|A/cattle/Texas/24-008749-003/2024(H5N1)	164	37906
MP|PP755590.1|A/cattle/Texas/24-008749-003/2024(H5N1)	165	38472
MP|PP755590.1|A/cattle/Texas/24-008749-003/2024(H5N1)	166	38508
MP|PP755590.1|A/cattle/Texas/24-008749-003/2024(H5N1)	167	38328
MP|PP755590.1|A/cattle/Texas/24-008749-003/2024(H5N1)	168	38326
MP|PP755590.1|A/cattle/Texas/24-008749-003/2024(H5N1)	169	37896
MP|PP755590.1|A/cattle/Texas/24-008749-003/2024(H5N1)	170	37599
MP|PP755590.1|A/cattle/Texas/24-008749-003/2024(H5N1)	171	37632
MP|PP755590.1|A/cattle/Texas/24-008749-003/2024(H5N1)	172	37676
MP|PP755590.1|A/cattle/Texas/24-008749-003/2024(H5N1)	173	37745
MP|PP755590.1|A/cattle/Texas/24-008749-003/2024(H5N1)	174	37700
MP|PP755590.1|A/cattle/Texas/24-008749-003/2024(H5N1)	175	38206
MP|PP755590.1|A/cattle/Texas/24-008749-003/2024(H5N1)	176	38179
MP|PP755590.1|A/cattle/Texas/24-008749-003/2024(H5N1)	177	37767
MP|PP755590.1|A/cattle/Texas/24-008749-003/2024(H5N1)	178	37739
MP|PP755590.1|A/cattle/Texas/24-008749-003/2024(H5N1)	179	37678
MP|PP755590.1|A/cattle/Texas/24-008749-003/2024(H5N1)	180	37680
MP|PP755590.1|A/cattle/Texas/24-008749-003/2024(H5N1)	181	37855
MP|PP755590.1|A/cattle/Texas/24-008749-003/2024(H5N1)	182	37967
MP|PP755590.1|A/cattle/Texas/24-008749-003/2024(H5N1)	183	38005
MP|PP755590.1|A/cattle/Texas/24-008749-003/2024(H5N1)	184	37533
MP|PP755590.1|A/cattle/Texas/24-008749-003/2024(H5N1)	185	37285
MP|PP755590.1|A/cattle/Texas/24-008749-003/2024(H5N1)	186	37246
MP|PP755590.1|A/cattle/Texas/24-008749-003/2024(H5N1)	187	36878
MP|PP755590.1|A/cattle/Texas/24-008749-003/2024(H5N1)	188	36893
MP|PP755590.1|A/cattle/Texas/24-008749-003/2024(H5N1)	189	35904
MP|PP755590.1|A/cattle/Texas/24-008749-003/2024(H5N1)	190	36592
MP|PP755590.1|A/cattle/Texas/24-008749-003/2024(H5N1)	191	36839
MP|PP755590.1|A/cattle/Texas/24-008749-003/2024(H5N1)	192	37005
MP|PP755590.1|A/cattle/Texas/24-008749-003/2024(H5N1)	193	37001
MP|PP755590.1|A/cattle/Texas/24-008749-003/2024(H5N1)	194	38009
MP|PP755590.1|A/cattle/Texas/24-008749-003/2024(H5N1)	195	38009
MP|PP755590.1|A/cattle/Texas/24-008749-003/2024(H5N1)	196	37648
MP|PP755590.1|A/cattle/Texas/24-008749-003/2024(H5N1)	197	37562
MP|PP755590.1|A/cattle/Texas/24-008749-003/2024(H5N1)	198	38345
MP|PP755590.1|A/cattle/Texas/24-008749-003/2024(H5N1)	199	38694
MP|PP755590.1|A/cattle/Texas/24-008749-003/2024(H5N1)	200	39577
MP|PP755590.1|A/cattle/Texas/24-008749-003/2024(H5N1)	201	39692
MP|PP755590.1|A/cattle/Texas/24-008749-003/2024(H5N1)	202	39723
MP|PP755590.1|A/cattle/Texas/24-008749-003/2024(H5N1)	203	39257
MP|PP755590.1|A/cattle/Texas/24-008749-003/2024(H5N1)	204	39297
MP|PP755590.1|A/cattle/Texas/24-008749-003/2024(H5N1)	205	39601
MP|PP755590.1|A/cattle/Texas/24-008749-003/2024(H5N1)	206	39541
MP|PP755590.1|A/cattle/Texas/24-008749-003/2024(H5N1)	207	38011
MP|PP755590.1|A/cattle/Texas/24-008749-003/2024(H5N1)	208	37782
MP|PP755590.1|A/cattle/Texas/24-008749-003/2024(H5N1)	209	38083
MP|PP755590.1|A/cattle/Texas/24-008749-003/2024(H5N1)	210	39413
MP|PP755590.1|A/cattle/Texas/24-008749-003/2024(H5N1)	211	39611
MP|PP755590.1|A/cattle/Texas/24-008749-003/2024(H5N1)	212	40118
MP|PP755590.1|A/cattle/Texas/24-008749-003/2024(H5N1)	213	40186
MP|PP755590.1|A/cattle/Texas/24-008749-003/2024(H5N1)	214	40431
MP|PP755590.1|A/cattle/Texas/24-008749-003/2024(H5N1)	215	40543
MP|PP755590.1|A/cattle/Texas/24-008749-003/2024(H5N1)	216	40539
MP|PP755590.1|A/cattle/Texas/24-008749-003/2024(H5N1)	217	41393
MP|PP755590.1|A/cattle/Texas/24-008749-003/2024(H5N1)	218	41543
MP|PP755590.1|A/cattle/Texas/24-008749-003/2024(H5N1)	219	41288
MP|PP755590.1|A/cattle/Texas/24-008749-003/2024(H5N1)	220	43081
MP|PP755590.1|A/cattle/Texas/24-008749-003/2024(H5N1)	221	42550
MP|PP755590.1|A/cattle/Texas/24-008749-003/2024(H5N1)	222	42633
MP|PP755590.1|A/cattle/Texas/24-008749-003/2024(H5N1)	223	42474
MP|PP755590.1|A/cattle/Texas/24-008749-003/2024(H5N1)	224	42416
MP|PP755590.1|A/cattle/Texas/24-008749-003/2024(H5N1)	225	43263
MP|PP755590.1|A/cattle/Texas/24-008749-003/2024(H5N1)	226	43216
MP|PP755590.1|A/cattle/Texas/24-008749-003/2024(H5N1)	227	43309
MP|PP755590.1|A/cattle/Texas/24-008749-003/2024(H5N1)	228	43502
MP|PP755590.1|A/cattle/Texas/24-008749-003/2024(H5N1)	229	42611
MP|PP755590.1|A/cattle/Texas/24-008749-003/2024(H5N1)	230	42624
MP|PP755590.1|A/cattle/Texas/24-008749-003/2024(H5N1)	231	40970
MP|PP755590.1|A/cattle/Texas/24-008749-003/2024(H5N1)	232	40728
MP|PP755590.1|A/cattle/Texas/24-008749-003/2024(H5N1)	233	40803
MP|PP755590.1|A/cattle/Texas/24-008749-003/2024(H5N1)	234	40093
MP|PP755590.1|A/cattle/Texas/24-008749-003/2024(H5N1)	235	40519
MP|PP755590.1|A/cattle/Texas/24-008749-003/2024(H5N1)	236	40930
MP|PP755590.1|A/cattle/Texas/24-008749-003/2024(H5N1)	237	40931
MP|PP755590.1|A/cattle/Texas/24-008749-003/2024(H5N1)	238	41718
MP|PP755590.1|A/cattle/Texas/24-008749-003/2024(H5N1)	239	42217
MP|PP755590.1|A/cattle/Texas/24-008749-003/2024(H5N1)	240	42186
MP|PP755590.1|A/cattle/Texas/24-008749-003/2024(H5N1)	241	42073
MP|PP755590.1|A/cattle/Texas/24-008749-003/2024(H5N1)	242	41969
MP|PP755590.1|A/cattle/Texas/24-008749-003/2024(H5N1)	243	42331
MP|PP755590.1|A/cattle/Texas/24-008749-003/2024(H5N1)	244	42696
MP|PP755590.1|A/cattle/Texas/24-008749-003/2024(H5N1)	245	42274
MP|PP755590.1|A/cattle/Texas/24-008749-003/2024(H5N1)	246	42642
MP|PP755590.1|A/cattle/Texas/24-008749-003/2024(H5N1)	247	42319
MP|PP755590.1|A/cattle/Texas/24-008749-003/2024(H5N1)	248	42321
MP|PP755590.1|A/cattle/Texas/24-008749-003/2024(H5N1)	249	43793
MP|PP755590.1|A/cattle/Texas/24-008749-003/2024(H5N1)	250	43878
MP|PP755590.1|A/cattle/Texas/24-008749-003/2024(H5N1)	251	44217
MP|PP755590.1|A/cattle/Texas/24-008749-003/2024(H5N1)	252	44476
MP|PP755590.1|A/cattle/Texas/24-008749-003/2024(H5N1)	253	43747
MP|PP755590.1|A/cattle/Texas/24-008749-003/2024(H5N1)	254	43961
MP|PP755590.1|A/cattle/Texas/24-008749-003/2024(H5N1)	255	44141
MP|PP755590.1|A/cattle/Texas/24-008749-003/2024(H5N1)	256	43816
MP|PP755590.1|A/cattle/Texas/24-008749-003/2024(H5N1)	257	43958
MP|PP755590.1|A/cattle/Texas/24-008749-003/2024(H5N1)	258	43947
MP|PP755590.1|A/cattle/Texas/24-008749-003/2024(H5N1)	259	44692
MP|PP755590.1|A/cattle/Texas/24-008749-003/2024(H5N1)	260	44927
MP|PP755590.1|A/cattle/Texas/24-008749-003/2024(H5N1)	261	44767
MP|PP755590.1|A/cattle/Texas/24-008749-003/2024(H5N1)	262	44791
MP|PP755590.1|A/cattle/Texas/24-008749-003/2024(H5N1)	263	44844
MP|PP755590.1|A/cattle/Texas/24-008749-003/2024(H5N1)	264	43999
MP|PP755590.1|A/cattle/Texas/24-008749-003/2024(H5N1)	265	44175
MP|PP755590.1|A/cattle/Texas/24-008749-003/2024(H5N1)	266	44182
MP|PP755590.1|A/cattle/Texas/24-008749-003/2024(H5N1)	267	44748
MP|PP755590.1|A/cattle/Texas/24-008749-003/2024(H5N1)	268	44752
MP|PP755590.1|A/cattle/Texas/24-008749-003/2024(H5N1)	269	44722
MP|PP755590.1|A/cattle/Texas/24-008749-003/2024(H5N1)	270	44812
MP|PP755590.1|A/cattle/Texas/24-008749-003/2024(H5N1)	271	44782
MP|PP755590.1|A/cattle/Texas/24-008749-003/2024(H5N1)	272	44783
MP|PP755590.1|A/cattle/Texas/24-008749-003/2024(H5N1)	273	45778
MP|PP755590.1|A/cattle/Texas/24-008749-003/2024(H5N1)	274	46270
MP|PP755590.1|A/cattle/Texas/24-008749-003/2024(H5N1)	275	44410
MP|PP755590.1|A/cattle/Texas/24-008749-003/2024(H5N1)	276	44100
MP|PP755590.1|A/cattle/Texas/24-008749-003/2024(H5N1)	277	44072
MP|PP755590.1|A/cattle/Texas/24-008749-003/2024(H5N1)	278	44069
MP|PP755590.1|A/cattle/Texas/24-008749-003/2024(H5N1)	279	45070
MP|PP755590.1|A/cattle/Texas/24-008749-003/2024(H5N1)	280	45215
MP|PP755590.1|A/cattle/Texas/24-008749-003/2024(H5N1)	281	45153
MP|PP755590.1|A/cattle/Texas/24-008749-003/2024(H5N1)	282	45075
MP|PP755590.1|A/cattle/Texas/24-008749-003/2024(H5N1)	283	43606
MP|PP755590.1|A/cattle/Texas/24-008749-003/2024(H5N1)	284	44417
MP|PP755590.1|A/cattle/Texas/24-008749-003/2024(H5N1)	285	43736
MP|PP755590.1|A/cattle/Texas/24-008749-003/2024(H5N1)	286	43334
MP|PP755590.1|A/cattle/Texas/24-008749-003/2024(H5N1)	287	43573
MP|PP755590.1|A/cattle/Texas/24-008749-003/2024(H5N1)	288	42433
MP|PP755590.1|A/cattle/Texas/24-008749-003/2024(H5N1)	289	42835
MP|PP755590.1|A/cattle/Texas/24-008749-003/2024(H5N1)	290	42865
MP|PP755590.1|A/cattle/Texas/24-008749-003/2024(H5N1)	291	41652
MP|PP755590.1|A/cattle/Texas/24-008749-003/2024(H5N1)	292	41557
MP|PP755590.1|A/cattle/Texas/24-008749-003/2024(H5N1)	293	40998
MP|PP755590.1|A/cattle/Texas/24-008749-003/2024(H5N1)	294	40179
MP|PP755590.1|A/cattle/Texas/24-008749-003/2024(H5N1)	295	39251
MP|PP755590.1|A/cattle/Texas/24-008749-003/2024(H5N1)	296	43608
MP|PP755590.1|A/cattle/Texas/24-008749-003/2024(H5N1)	297	45170
MP|PP755590.1|A/cattle/Texas/24-008749-003/2024(H5N1)	298	45838
MP|PP755590.1|A/cattle/Texas/24-008749-003/2024(H5N1)	299	45917
MP|PP755590.1|A/cattle/Texas/24-008749-003/2024(H5N1)	300	45909
MP|PP755590.1|A/cattle/Texas/24-008749-003/2024(H5N1)	301	45728
MP|PP755590.1|A/cattle/Texas/24-008749-003/2024(H5N1)	302	45592
MP|PP755590.1|A/cattle/Texas/24-008749-003/2024(H5N1)	303	46488
MP|PP755590.1|A/cattle/Texas/24-008749-003/2024(H5N1)	304	46322
MP|PP755590.1|A/cattle/Texas/24-008749-003/2024(H5N1)	305	46302
MP|PP755590.1|A/cattle/Texas/24-008749-003/2024(H5N1)	306	44837
MP|PP755590.1|A/cattle/Texas/24-008749-003/2024(H5N1)	307	45796
MP|PP755590.1|A/cattle/Texas/24-008749-003/2024(H5N1)	308	45836
MP|PP755590.1|A/cattle/Texas/24-008749-003/2024(H5N1)	309	45892
MP|PP755590.1|A/cattle/Texas/24-008749-003/2024(H5N1)	310	45966
MP|PP755590.1|A/cattle/Texas/24-008749-003/2024(H5N1)	311	44740
MP|PP755590.1|A/cattle/Texas/24-008749-003/2024(H5N1)	312	44777
MP|PP755590.1|A/cattle/Texas/24-008749-003/2024(H5N1)	313	44526
MP|PP755590.1|A/cattle/Texas/24-008749-003/2024(H5N1)	314	44779
MP|PP755590.1|A/cattle/Texas/24-008749-003/2024(H5N1)	315	44778
MP|PP755590.1|A/cattle/Texas/24-008749-003/2024(H5N1)	316	44455
MP|PP755590.1|A/cattle/Texas/24-008749-003/2024(H5N1)	317	44842
MP|PP755590.1|A/cattle/Texas/24-008749-003/2024(H5N1)	318	44957
MP|PP755590.1|A/cattle/Texas/24-008749-003/2024(H5N1)	319	45198
MP|PP755590.1|A/cattle/Texas/24-008749-003/2024(H5N1)	320	45243
MP|PP755590.1|A/cattle/Texas/24-008749-003/2024(H5N1)	321	45204
MP|PP755590.1|A/cattle/Texas/24-008749-003/2024(H5N1)	322	45524
MP|PP755590.1|A/cattle/Texas/24-008749-003/2024(H5N1)	323	45645
MP|PP755590.1|A/cattle/Texas/24-008749-003/2024(H5N1)	324	45567
MP|PP755590.1|A/cattle/Texas/24-008749-003/2024(H5N1)	325	45599
MP|PP755590.1|A/cattle/Texas/24-008749-003/2024(H5N1)	326	45105
MP|PP755590.1|A/cattle/Texas/24-008749-003/2024(H5N1)	327	45344
MP|PP755590.1|A/cattle/Texas/24-008749-003/2024(H5N1)	328	45089
MP|PP755590.1|A/cattle/Texas/24-008749-003/2024(H5N1)	329	45058
MP|PP755590.1|A/cattle/Texas/24-008749-003/2024(H5N1)	330	45136
MP|PP755590.1|A/cattle/Texas/24-008749-003/2024(H5N1)	331	44885
MP|PP755590.1|A/cattle/Texas/24-008749-003/2024(H5N1)	332	45364
MP|PP755590.1|A/cattle/Texas/24-008749-003/2024(H5N1)	333	45983
MP|PP755590.1|A/cattle/Texas/24-008749-003/2024(H5N1)	334	45963
MP|PP755590.1|A/cattle/Texas/24-008749-003/2024(H5N1)	335	45931
MP|PP755590.1|A/cattle/Texas/24-008749-003/2024(H5N1)	336	45823
MP|PP755590.1|A/cattle/Texas/24-008749-003/2024(H5N1)	337	45910
MP|PP755590.1|A/cattle/Texas/24-008749-003/2024(H5N1)	338	45797
MP|PP755590.1|A/cattle/Texas/24-008749-003/2024(H5N1)	339	45777
MP|PP755590.1|A/cattle/Texas/24-008749-003/2024(H5N1)	340	45744
MP|PP755590.1|A/cattle/Texas/24-008749-003/2024(H5N1)	341	45509
MP|PP755590.1|A/cattle/Texas/24-008749-003/2024(H5N1)	342	45062
MP|PP755590.1|A/cattle/Texas/24-008749-003/2024(H5N1)	343	45074
MP|PP755590.1|A/cattle/Texas/24-008749-003/2024(H5N1)	344	45315
MP|PP755590.1|A/cattle/Texas/24-008749-003/2024(H5N1)	345	44285
MP|PP755590.1|A/cattle/Texas/24-008749-003/2024(H5N1)	346	44573
MP|PP755590.1|A/cattle/Texas/24-008749-003/2024(H5N1)	347	45219
MP|PP755590.1|A/cattle/Texas/24-008749-003/2024(H5N1)	348	45496
MP|PP755590.1|A/cattle/Texas/24-008749-003/2024(H5N1)	349	43752
MP|PP755590.1|A/cattle/Texas/24-008749-003/2024(H5N1)	350	43536
MP|PP755590.1|A/cattle/Texas/24-008749-003/2024(H5N1)	351	44963
MP|PP755590.1|A/cattle/Texas/24-008749-003/2024(H5N1)	352	44740
MP|PP755590.1|A/cattle/Texas/24-008749-003/2024(H5N1)	353	45145
MP|PP755590.1|A/cattle/Texas/24-008749-003/2024(H5N1)	354	45160
MP|PP755590.1|A/cattle/Texas/24-008749-003/2024(H5N1)	355	44919
MP|PP755590.1|A/cattle/Texas/24-008749-003/2024(H5N1)	356	45030
MP|PP755590.1|A/cattle/Texas/24-008749-003/2024(H5N1)	357	45053
MP|PP755590.1|A/cattle/Texas/24-008749-003/2024(H5N1)	358	44986
MP|PP755590.1|A/cattle/Texas/24-008749-003/2024(H5N1)	359	44729
MP|PP755590.1|A/cattle/Texas/24-008749-003/2024(H5N1)	360	43318
MP|PP755590.1|A/cattle/Texas/24-008749-003/2024(H5N1)	361	44011
MP|PP755590.1|A/cattle/Texas/24-008749-003/2024(H5N1)	362	43753
MP|PP755590.1|A/cattle/Texas/24-008749-003/2024(H5N1)	363	43108
MP|PP755590.1|A/cattle/Texas/24-008749-003/2024(H5N1)	364	42966
MP|PP755590.1|A/cattle/Texas/24-008749-003/2024(H5N1)	365	43216
MP|PP755590.1|A/cattle/Texas/24-008749-003/2024(H5N1)	366	43005
MP|PP755590.1|A/cattle/Texas/24-008749-003/2024(H5N1)	367	43186
MP|PP755590.1|A/cattle/Texas/24-008749-003/2024(H5N1)	368	42477
MP|PP755590.1|A/cattle/Texas/24-008749-003/2024(H5N1)	369	42789
MP|PP755590.1|A/cattle/Texas/24-008749-003/2024(H5N1)	370	41748
MP|PP755590.1|A/cattle/Texas/24-008749-003/2024(H5N1)	371	41128
MP|PP755590.1|A/cattle/Texas/24-008749-003/2024(H5N1)	372	41644
MP|PP755590.1|A/cattle/Texas/24-008749-003/2024(H5N1)	373	41561
MP|PP755590.1|A/cattle/Texas/24-008749-003/2024(H5N1)	374	41592
MP|PP755590.1|A/cattle/Texas/24-008749-003/2024(H5N1)	375	40755
MP|PP755590.1|A/cattle/Texas/24-008749-003/2024(H5N1)	376	40542
MP|PP755590.1|A/cattle/Texas/24-008749-003/2024(H5N1)	377	41228
MP|PP755590.1|A/cattle/Texas/24-008749-003/2024(H5N1)	378	41494
MP|PP755590.1|A/cattle/Texas/24-008749-003/2024(H5N1)	379	41371
MP|PP755590.1|A/cattle/Texas/24-008749-003/2024(H5N1)	380	41886
MP|PP755590.1|A/cattle/Texas/24-008749-003/2024(H5N1)	381	41784
MP|PP755590.1|A/cattle/Texas/24-008749-003/2024(H5N1)	382	41788
MP|PP755590.1|A/cattle/Texas/24-008749-003/2024(H5N1)	383	41734
MP|PP755590.1|A/cattle/Texas/24-008749-003/2024(H5N1)	384	41612
MP|PP755590.1|A/cattle/Texas/24-008749-003/2024(H5N1)	385	41989
MP|PP755590.1|A/cattle/Texas/24-008749-003/2024(H5N1)	386	41715
MP|PP755590.1|A/cattle/Texas/24-008749-003/2024(H5N1)	387	41343
MP|PP755590.1|A/cattle/Texas/24-008749-003/2024(H5N1)	388	41145
MP|PP755590.1|A/cattle/Texas/24-008749-003/2024(H5N1)	389	40609
MP|PP755590.1|A/cattle/Texas/24-008749-003/2024(H5N1)	390	41061
MP|PP755590.1|A/cattle/Texas/24-008749-003/2024(H5N1)	391	42575
MP|PP755590.1|A/cattle/Texas/24-008749-003/2024(H5N1)	392	42677
MP|PP755590.1|A/cattle/Texas/24-008749-003/2024(H5N1)	393	43032
MP|PP755590.1|A/cattle/Texas/24-008749-003/2024(H5N1)	394	42630
MP|PP755590.1|A/cattle/Texas/24-008749-003/2024(H5N1)	395	42231
MP|PP755590.1|A/cattle/Texas/24-008749-003/2024(H5N1)	396	44475
MP|PP755590.1|A/cattle/Texas/24-008749-003/2024(H5N1)	397	44088
MP|PP755590.1|A/cattle/Texas/24-008749-003/2024(H5N1)	398	43943
MP|PP755590.1|A/cattle/Texas/24-008749-003/2024(H5N1)	399	43872
MP|PP755590.1|A/cattle/Texas/24-008749-003/2024(H5N1)	400	42225
MP|PP755590.1|A/cattle/Texas/24-008749-003/2024(H5N1)	401	43172
MP|PP755590.1|A/cattle/Texas/24-008749-003/2024(H5N1)	402	43803
MP|PP755590.1|A/cattle/Texas/24-008749-003/2024(H5N1)	403	43586
MP|PP755590.1|A/cattle/Texas/24-008749-003/2024(H5N1)	404	43811
MP|PP755590.1|A/cattle/Texas/24-008749-003/2024(H5N1)	405	43604
MP|PP755590.1|A/cattle/Texas/24-008749-003/2024(H5N1)	406	43931
MP|PP755590.1|A/cattle/Texas/24-008749-003/2024(H5N1)	407	46285
MP|PP755590.1|A/cattle/Texas/24-008749-003/2024(H5N1)	408	46428
MP|PP755590.1|A/cattle/Texas/24-008749-003/2024(H5N1)	409	46580
MP|PP755590.1|A/cattle/Texas/24-008749-003/2024(H5N1)	410	45498
MP|PP755590.1|A/cattle/Texas/24-008749-003/2024(H5N1)	411	45395
MP|PP755590.1|A/cattle/Texas/24-008749-003/2024(H5N1)	412	45398
MP|PP755590.1|A/cattle/Texas/24-008749-003/2024(H5N1)	413	46611
MP|PP755590.1|A/cattle/Texas/24-008749-003/2024(H5N1)	414	46670
MP|PP755590.1|A/cattle/Texas/24-008749-003/2024(H5N1)	415	46663
MP|PP755590.1|A/cattle/Texas/24-008749-003/2024(H5N1)	416	46833
MP|PP755590.1|A/cattle/Texas/24-008749-003/2024(H5N1)	417	46175
MP|PP755590.1|A/cattle/Texas/24-008749-003/2024(H5N1)	418	46185
MP|PP755590.1|A/cattle/Texas/24-008749-003/2024(H5N1)	419	46354
MP|PP755590.1|A/cattle/Texas/24-008749-003/2024(H5N1)	420	46301
MP|PP755590.1|A/cattle/Texas/24-008749-003/2024(H5N1)	421	46459
MP|PP755590.1|A/cattle/Texas/24-008749-003/2024(H5N1)	422	47492
MP|PP755590.1|A/cattle/Texas/24-008749-003/2024(H5N1)	423	47405
MP|PP755590.1|A/cattle/Texas/24-008749-003/2024(H5N1)	424	46398
MP|PP755590.1|A/cattle/Texas/24-008749-003/2024(H5N1)	425	45830
MP|PP755590.1|A/cattle/Texas/24-008749-003/2024(H5N1)	426	45737
MP|PP755590.1|A/cattle/Texas/24-008749-003/2024(H5N1)	427	46714
MP|PP755590.1|A/cattle/Texas/24-008749-003/2024(H5N1)	428	46787
MP|PP755590.1|A/cattle/Texas/24-008749-003/2024(H5N1)	429	46848
MP|PP755590.1|A/cattle/Texas/24-008749-003/2024(H5N1)	430	45597
MP|PP755590.1|A/cattle/Texas/24-008749-003/2024(H5N1)	431	45574
MP|PP755590.1|A/cattle/Texas/24-008749-003/2024(H5N1)	432	45699
MP|PP755590.1|A/cattle/Texas/24-008749-003/2024(H5N1)	433	48995
MP|PP755590.1|A/cattle/Texas/24-008749-003/2024(H5N1)	434	49707
MP|PP755590.1|A/cattle/Texas/24-008749-003/2024(H5N1)	435	48919
MP|PP755590.1|A/cattle/Texas/24-008749-003/2024(H5N1)	436	47963
MP|PP755590.1|A/cattle/Texas/24-008749-003/2024(H5N1)	437	47995
MP|PP755590.1|A/cattle/Texas/24-008749-003/2024(H5N1)	438	48700
MP|PP755590.1|A/cattle/Texas/24-008749-003/2024(H5N1)	439	49385
MP|PP755590.1|A/cattle/Texas/24-008749-003/2024(H5N1)	440	49177
MP|PP755590.1|A/cattle/Texas/24-008749-003/2024(H5N1)	441	49577
MP|PP755590.1|A/cattle/Texas/24-008749-003/2024(H5N1)	442	45924
MP|PP755590.1|A/cattle/Texas/24-008749-003/2024(H5N1)	443	45852
MP|PP755590.1|A/cattle/Texas/24-008749-003/2024(H5N1)	444	46167
MP|PP755590.1|A/cattle/Texas/24-008749-003/2024(H5N1)	445	46156
MP|PP755590.1|A/cattle/Texas/24-008749-003/2024(H5N1)	446	45998
MP|PP755590.1|A/cattle/Texas/24-008749-003/2024(H5N1)	447	43917
MP|PP755590.1|A/cattle/Texas/24-008749-003/2024(H5N1)	448	43274
MP|PP755590.1|A/cattle/Texas/24-008749-003/2024(H5N1)	449	44485
MP|PP755590.1|A/cattle/Texas/24-008749-003/2024(H5N1)	450	44253
MP|PP755590.1|A/cattle/Texas/24-008749-003/2024(H5N1)	451	43741
MP|PP755590.1|A/cattle/Texas/24-008749-003/2024(H5N1)	452	43791
MP|PP755590.1|A/cattle/Texas/24-008749-003/2024(H5N1)	453	43431
MP|PP755590.1|A/cattle/Texas/24-008749-003/2024(H5N1)	454	43465
MP|PP755590.1|A/cattle/Texas/24-008749-003/2024(H5N1)	455	43161
MP|PP755590.1|A/cattle/Texas/24-008749-003/2024(H5N1)	456	43235
MP|PP755590.1|A/cattle/Texas/24-008749-003/2024(H5N1)	457	43507
MP|PP755590.1|A/cattle/Texas/24-008749-003/2024(H5N1)	458	42277
MP|PP755590.1|A/cattle/Texas/24-008749-003/2024(H5N1)	459	42415
MP|PP755590.1|A/cattle/Texas/24-008749-003/2024(H5N1)	460	42358
MP|PP755590.1|A/cattle/Texas/24-008749-003/2024(H5N1)	461	42459
MP|PP755590.1|A/cattle/Texas/24-008749-003/2024(H5N1)	462	43045
MP|PP755590.1|A/cattle/Texas/24-008749-003/2024(H5N1)	463	43108
MP|PP755590.1|A/cattle/Texas/24-008749-003/2024(H5N1)	464	43267
MP|PP755590.1|A/cattle/Texas/24-008749-003/2024(H5N1)	465	43174
MP|PP755590.1|A/cattle/Texas/24-008749-003/2024(H5N1)	466	43379
MP|PP755590.1|A/cattle/Texas/24-008749-003/2024(H5N1)	467	43506
MP|PP755590.1|A/cattle/Texas/24-008749-003/2024(H5N1)	468	43192
MP|PP755590.1|A/cattle/Texas/24-008749-003/2024(H5N1)	469	43105
MP|PP755590.1|A/cattle/Texas/24-008749-003/2024(H5N1)	470	43150
MP|PP755590.1|A/cattle/Texas/24-008749-003/2024(H5N1)	471	43136
MP|PP755590.1|A/cattle/Texas/24-008749-003/2024(H5N1)	472	43020
MP|PP755590.1|A/cattle/Texas/24-008749-003/2024(H5N1)	473	42896
MP|PP755590.1|A/cattle/Texas/24-008749-003/2024(H5N1)	474	43112
MP|PP755590.1|A/cattle/Texas/24-008749-003/2024(H5N1)	475	43212
MP|PP755590.1|A/cattle/Texas/24-008749-003/2024(H5N1)	476	43178
MP|PP755590.1|A/cattle/Texas/24-008749-003/2024(H5N1)	477	43679
MP|PP755590.1|A/cattle/Texas/24-008749-003/2024(H5N1)	478	43476
MP|PP755590.1|A/cattle/Texas/24-008749-003/2024(H5N1)	479	43512
MP|PP755590.1|A/cattle/Texas/24-008749-003/2024(H5N1)	480	43763
MP|PP755590.1|A/cattle/Texas/24-008749-003/2024(H5N1)	481	43899
MP|PP755590.1|A/cattle/Texas/24-008749-003/2024(H5N1)	482	44286
MP|PP755590.1|A/cattle/Texas/24-008749-003/2024(H5N1)	483	43928
MP|PP755590.1|A/cattle/Texas/24-008749-003/2024(H5N1)	484	44081
MP|PP755590.1|A/cattle/Texas/24-008749-003/2024(H5N1)	485	44061
MP|PP755590.1|A/cattle/Texas/24-008749-003/2024(H5N1)	486	44236
MP|PP755590.1|A/cattle/Texas/24-008749-003/2024(H5N1)	487	44137
MP|PP755590.1|A/cattle/Texas/24-008749-003/2024(H5N1)	488	44850
MP|PP755590.1|A/cattle/Texas/24-008749-003/2024(H5N1)	489	45344
MP|PP755590.1|A/cattle/Texas/24-008749-003/2024(H5N1)	490	45598
MP|PP755590.1|A/cattle/Texas/24-008749-003/2024(H5N1)	491	45230
MP|PP755590.1|A/cattle/Texas/24-008749-003/2024(H5N1)	492	45247
MP|PP755590.1|A/cattle/Texas/24-008749-003/2024(H5N1)	493	45172
MP|PP755590.1|A/cattle/Texas/24-008749-003/2024(H5N1)	494	45142
MP|PP755590.1|A/cattle/Texas/24-008749-003/2024(H5N1)	495	45145
MP|PP755590.1|A/cattle/Texas/24-008749-003/2024(H5N1)	496	45301
MP|PP755590.1|A/cattle/Texas/24-008749-003/2024(H5N1)	497	44770
MP|PP755590.1|A/cattle/Texas/24-008749-003/2024(H5N1)	498	44792
MP|PP755590.1|A/cattle/Texas/24-008749-003/2024(H5N1)	499	44694
MP|PP755590.1|A/cattle/Texas/24-008749-003/2024(H5N1)	500	45039
MP|PP755590.1|A/cattle/Texas/24-008749-003/2024(H5N1)	501	43879
MP|PP755590.1|A/cattle/Texas/24-008749-003/2024(H5N1)	502	43871
MP|PP755590.1|A/cattle/Texas/24-008749-003/2024(H5N1)	503	44413
MP|PP755590.1|A/cattle/Texas/24-008749-003/2024(H5N1)	504	44598
MP|PP755590.1|A/cattle/Texas/24-008749-003/2024(H5N1)	505	44455
MP|PP755590.1|A/cattle/Texas/24-008749-003/2024(H5N1)	506	44489
MP|PP755590.1|A/cattle/Texas/24-008749-003/2024(H5N1)	507	44240
MP|PP755590.1|A/cattle/Texas/24-008749-003/2024(H5N1)	508	44336
MP|PP755590.1|A/cattle/Texas/24-008749-003/2024(H5N1)	509	44546
MP|PP755590.1|A/cattle/Texas/24-008749-003/2024(H5N1)	510	44649
MP|PP755590.1|A/cattle/Texas/24-008749-003/2024(H5N1)	511	44978
MP|PP755590.1|A/cattle/Texas/24-008749-003/2024(H5N1)	512	45011
MP|PP755590.1|A/cattle/Texas/24-008749-003/2024(H5N1)	513	44857
MP|PP755590.1|A/cattle/Texas/24-008749-003/2024(H5N1)	514	44994
MP|PP755590.1|A/cattle/Texas/24-008749-003/2024(H5N1)	515	44889
MP|PP755590.1|A/cattle/Texas/24-008749-003/2024(H5N1)	516	45147
MP|PP755590.1|A/cattle/Texas/24-008749-003/2024(H5N1)	517	45469
MP|PP755590.1|A/cattle/Texas/24-008749-003/2024(H5N1)	518	45250
MP|PP755590.1|A/cattle/Texas/24-008749-003/2024(H5N1)	519	45127
MP|PP755590.1|A/cattle/Texas/24-008749-003/2024(H5N1)	520	44780
MP|PP755590.1|A/cattle/Texas/24-008749-003/2024(H5N1)	521	44662
MP|PP755590.1|A/cattle/Texas/24-008749-003/2024(H5N1)	522	45114
MP|PP755590.1|A/cattle/Texas/24-008749-003/2024(H5N1)	523	45044
MP|PP755590.1|A/cattle/Texas/24-008749-003/2024(H5N1)	524	46112
MP|PP755590.1|A/cattle/Texas/24-008749-003/2024(H5N1)	525	45922
MP|PP755590.1|A/cattle/Texas/24-008749-003/2024(H5N1)	526	45912
MP|PP755590.1|A/cattle/Texas/24-008749-003/2024(H5N1)	527	45977
MP|PP755590.1|A/cattle/Texas/24-008749-003/2024(H5N1)	528	45466
MP|PP755590.1|A/cattle/Texas/24-008749-003/2024(H5N1)	529	45147
MP|PP755590.1|A/cattle/Texas/24-008749-003/2024(H5N1)	530	45202
MP|PP755590.1|A/cattle/Texas/24-008749-003/2024(H5N1)	531	44750
MP|PP755590.1|A/cattle/Texas/24-008749-003/2024(H5N1)	532	44358
MP|PP755590.1|A/cattle/Texas/24-008749-003/2024(H5N1)	533	44916
MP|PP755590.1|A/cattle/Texas/24-008749-003/2024(H5N1)	534	46437
MP|PP755590.1|A/cattle/Texas/24-008749-003/2024(H5N1)	535	46934
MP|PP755590.1|A/cattle/Texas/24-008749-003/2024(H5N1)	536	46552
MP|PP755590.1|A/cattle/Texas/24-008749-003/2024(H5N1)	537	46131
MP|PP755590.1|A/cattle/Texas/24-008749-003/2024(H5N1)	538	48584
MP|PP755590.1|A/cattle/Texas/24-008749-003/2024(H5N1)	539	48114
MP|PP755590.1|A/cattle/Texas/24-008749-003/2024(H5N1)	540	48081
MP|PP755590.1|A/cattle/Texas/24-008749-003/2024(H5N1)	541	48185
MP|PP755590.1|A/cattle/Texas/24-008749-003/2024(H5N1)	542	46834
MP|PP755590.1|A/cattle/Texas/24-008749-003/2024(H5N1)	543	48005
MP|PP755590.1|A/cattle/Texas/24-008749-003/2024(H5N1)	544	47691
MP|PP755590.1|A/cattle/Texas/24-008749-003/2024(H5N1)	545	47797
MP|PP755590.1|A/cattle/Texas/24-008749-003/2024(H5N1)	546	47806
MP|PP755590.1|A/cattle/Texas/24-008749-003/2024(H5N1)	547	45512
MP|PP755590.1|A/cattle/Texas/24-008749-003/2024(H5N1)	548	48925
MP|PP755590.1|A/cattle/Texas/24-008749-003/2024(H5N1)	549	49638
MP|PP755590.1|A/cattle/Texas/24-008749-003/2024(H5N1)	550	49724
MP|PP755590.1|A/cattle/Texas/24-008749-003/2024(H5N1)	551	48946
MP|PP755590.1|A/cattle/Texas/24-008749-003/2024(H5N1)	552	47867
MP|PP755590.1|A/cattle/Texas/24-008749-003/2024(H5N1)	553	47880
MP|PP755590.1|A/cattle/Texas/24-008749-003/2024(H5N1)	554	48071
MP|PP755590.1|A/cattle/Texas/24-008749-003/2024(H5N1)	555	48898
MP|PP755590.1|A/cattle/Texas/24-008749-003/2024(H5N1)	556	49439
MP|PP755590.1|A/cattle/Texas/24-008749-003/2024(H5N1)	557	46679
MP|PP755590.1|A/cattle/Texas/24-008749-003/2024(H5N1)	558	46471
MP|PP755590.1|A/cattle/Texas/24-008749-003/2024(H5N1)	559	46404
MP|PP755590.1|A/cattle/Texas/24-008749-003/2024(H5N1)	560	46379
MP|PP755590.1|A/cattle/Texas/24-008749-003/2024(H5N1)	561	47009
MP|PP755590.1|A/cattle/Texas/24-008749-003/2024(H5N1)	562	47087
MP|PP755590.1|A/cattle/Texas/24-008749-003/2024(H5N1)	563	47515
MP|PP755590.1|A/cattle/Texas/24-008749-003/2024(H5N1)	564	46226
MP|PP755590.1|A/cattle/Texas/24-008749-003/2024(H5N1)	565	46324
MP|PP755590.1|A/cattle/Texas/24-008749-003/2024(H5N1)	566	46380
MP|PP755590.1|A/cattle/Texas/24-008749-003/2024(H5N1)	567	46050
MP|PP755590.1|A/cattle/Texas/24-008749-003/2024(H5N1)	568	46527
MP|PP755590.1|A/cattle/Texas/24-008749-003/2024(H5N1)	569	46335
MP|PP755590.1|A/cattle/Texas/24-008749-003/2024(H5N1)	570	45853
MP|PP755590.1|A/cattle/Texas/24-008749-003/2024(H5N1)	571	45716
MP|PP755590.1|A/cattle/Texas/24-008749-003/2024(H5N1)	572	45105
MP|PP755590.1|A/cattle/Texas/24-008749-003/2024(H5N1)	573	45183
MP|PP755590.1|A/cattle/Texas/24-008749-003/2024(H5N1)	574	45365
MP|PP755590.1|A/cattle/Texas/24-008749-003/2024(H5N1)	575	46126
MP|PP755590.1|A/cattle/Texas/24-008749-003/2024(H5N1)	576	46134
MP|PP755590.1|A/cattle/Texas/24-008749-003/2024(H5N1)	577	46188
MP|PP755590.1|A/cattle/Texas/24-008749-003/2024(H5N1)	578	45976
MP|PP755590.1|A/cattle/Texas/24-008749-003/2024(H5N1)	579	45859
MP|PP755590.1|A/cattle/Texas/24-008749-003/2024(H5N1)	580	45875
MP|PP755590.1|A/cattle/Texas/24-008749-003/2024(H5N1)	581	46045
MP|PP755590.1|A/cattle/Texas/24-008749-003/2024(H5N1)	582	46055
MP|PP755590.1|A/cattle/Texas/24-008749-003/2024(H5N1)	583	45944
MP|PP755590.1|A/cattle/Texas/24-008749-003/2024(H5N1)	584	42596
MP|PP755590.1|A/cattle/Texas/24-008749-003/2024(H5N1)	585	42682
MP|PP755590.1|A/cattle/Texas/24-008749-003/2024(H5N1)	586	42736
MP|PP755590.1|A/cattle/Texas/24-008749-003/2024(H5N1)	587	42796
MP|PP755590.1|A/cattle/Texas/24-008749-003/2024(H5N1)	588	43114
MP|PP755590.1|A/cattle/Texas/24-008749-003/2024(H5N1)	589	42477
MP|PP755590.1|A/cattle/Texas/24-008749-003/2024(H5N1)	590	41875
MP|PP755590.1|A/cattle/Texas/24-008749-003/2024(H5N1)	591	41891
MP|PP755590.1|A/cattle/Texas/24-008749-003/2024(H5N1)	592	42511
MP|PP755590.1|A/cattle/Texas/24-008749-003/2024(H5N1)	593	42510
MP|PP755590.1|A/cattle/Texas/24-008749-003/2024(H5N1)	594	42288
MP|PP755590.1|A/cattle/Texas/24-008749-003/2024(H5N1)	595	42038
MP|PP755590.1|A/cattle/Texas/24-008749-003/2024(H5N1)	596	42457
MP|PP755590.1|A/cattle/Texas/24-008749-003/2024(H5N1)	597	42367
MP|PP755590.1|A/cattle/Texas/24-008749-003/2024(H5N1)	598	42965
MP|PP755590.1|A/cattle/Texas/24-008749-003/2024(H5N1)	599	42503
MP|PP755590.1|A/cattle/Texas/24-008749-003/2024(H5N1)	600	42494
MP|PP755590.1|A/cattle/Texas/24-008749-003/2024(H5N1)	601	42598
MP|PP755590.1|A/cattle/Texas/24-008749-003/2024(H5N1)	602	42621
MP|PP755590.1|A/cattle/Texas/24-008749-003/2024(H5N1)	603	42647
MP|PP755590.1|A/cattle/Texas/24-008749-003/2024(H5N1)	604	43428
MP|PP755590.1|A/cattle/Texas/24-008749-003/2024(H5N1)	605	44009
MP|PP755590.1|A/cattle/Texas/24-008749-003/2024(H5N1)	606	44113
MP|PP755590.1|A/cattle/Texas/24-008749-003/2024(H5N1)	607	43745
MP|PP755590.1|A/cattle/Texas/24-008749-003/2024(H5N1)	608	44366
MP|PP755590.1|A/cattle/Texas/24-008749-003/2024(H5N1)	609	44403
MP|PP755590.1|A/cattle/Texas/24-008749-003/2024(H5N1)	610	44468
MP|PP755590.1|A/cattle/Texas/24-008749-003/2024(H5N1)	611	44438
MP|PP755590.1|A/cattle/Texas/24-008749-003/2024(H5N1)	612	44554
MP|PP755590.1|A/cattle/Texas/24-008749-003/2024(H5N1)	613	44453
MP|PP755590.1|A/cattle/Texas/24-008749-003/2024(H5N1)	614	44194
MP|PP755590.1|A/cattle/Texas/24-008749-003/2024(H5N1)	615	44114
MP|PP755590.1|A/cattle/Texas/24-008749-003/2024(H5N1)	616	44114
MP|PP755590.1|A/cattle/Texas/24-008749-003/2024(H5N1)	617	44307
MP|PP755590.1|A/cattle/Texas/24-008749-003/2024(H5N1)	618	44316
MP|PP755590.1|A/cattle/Texas/24-008749-003/2024(H5N1)	619	44890
MP|PP755590.1|A/cattle/Texas/24-008749-003/2024(H5N1)	620	44822
MP|PP755590.1|A/cattle/Texas/24-008749-003/2024(H5N1)	621	45253
MP|PP755590.1|A/cattle/Texas/24-008749-003/2024(H5N1)	622	45147
MP|PP755590.1|A/cattle/Texas/24-008749-003/2024(H5N1)	623	44865
MP|PP755590.1|A/cattle/Texas/24-008749-003/2024(H5N1)	624	46508
MP|PP755590.1|A/cattle/Texas/24-008749-003/2024(H5N1)	625	46640
MP|PP755590.1|A/cattle/Texas/24-008749-003/2024(H5N1)	626	46617
MP|PP755590.1|A/cattle/Texas/24-008749-003/2024(H5N1)	627	46601
MP|PP755590.1|A/cattle/Texas/24-008749-003/2024(H5N1)	628	46147
MP|PP755590.1|A/cattle/Texas/24-008749-003/2024(H5N1)	629	46979
MP|PP755590.1|A/cattle/Texas/24-008749-003/2024(H5N1)	630	46966
MP|PP755590.1|A/cattle/Texas/24-008749-003/2024(H5N1)	631	46810
MP|PP755590.1|A/cattle/Texas/24-008749-003/2024(H5N1)	632	46674
MP|PP755590.1|A/cattle/Texas/24-008749-003/2024(H5N1)	633	45183
MP|PP755590.1|A/cattle/Texas/24-008749-003/2024(H5N1)	634	45206
MP|PP755590.1|A/cattle/Texas/24-008749-003/2024(H5N1)	635	45135
MP|PP755590.1|A/cattle/Texas/24-008749-003/2024(H5N1)	636	45284
MP|PP755590.1|A/cattle/Texas/24-008749-003/2024(H5N1)	637	45875
MP|PP755590.1|A/cattle/Texas/24-008749-003/2024(H5N1)	638	45793
MP|PP755590.1|A/cattle/Texas/24-008749-003/2024(H5N1)	639	45041
MP|PP755590.1|A/cattle/Texas/24-008749-003/2024(H5N1)	640	44811
MP|PP755590.1|A/cattle/Texas/24-008749-003/2024(H5N1)	641	44757
MP|PP755590.1|A/cattle/Texas/24-008749-003/2024(H5N1)	642	45270
MP|PP755590.1|A/cattle/Texas/24-008749-003/2024(H5N1)	643	46002
MP|PP755590.1|A/cattle/Texas/24-008749-003/2024(H5N1)	644	46316
MP|PP755590.1|A/cattle/Texas/24-008749-003/2024(H5N1)	645	46419
MP|PP755590.1|A/cattle/Texas/24-008749-003/2024(H5N1)	646	46122
MP|PP755590.1|A/cattle/Texas/24-008749-003/2024(H5N1)	647	45945
MP|PP755590.1|A/cattle/Texas/24-008749-003/2024(H5N1)	648	45998
MP|PP755590.1|A/cattle/Texas/24-008749-003/2024(H5N1)	649	45911
MP|PP755590.1|A/cattle/Texas/24-008749-003/2024(H5N1)	650	46159
MP|PP755590.1|A/cattle/Texas/24-008749-003/2024(H5N1)	651	46550
MP|PP755590.1|A/cattle/Texas/24-008749-003/2024(H5N1)	652	46394
MP|PP755590.1|A/cattle/Texas/24-008749-003/2024(H5N1)	653	46830
MP|PP755590.1|A/cattle/Texas/24-008749-003/2024(H5N1)	654	47310
MP|PP755590.1|A/cattle/Texas/24-008749-003/2024(H5N1)	655	47163
MP|PP755590.1|A/cattle/Texas/24-008749-003/2024(H5N1)	656	47680
MP|PP755590.1|A/cattle/Texas/24-008749-003/2024(H5N1)	657	47540
MP|PP755590.1|A/cattle/Texas/24-008749-003/2024(H5N1)	658	47543
MP|PP755590.1|A/cattle/Texas/24-008749-003/2024(H5N1)	659	47740
MP|PP755590.1|A/cattle/Texas/24-008749-003/2024(H5N1)	660	47634
MP|PP755590.1|A/cattle/Texas/24-008749-003/2024(H5N1)	661	48338
MP|PP755590.1|A/cattle/Texas/24-008749-003/2024(H5N1)	662	47809
MP|PP755590.1|A/cattle/Texas/24-008749-003/2024(H5N1)	663	46904
MP|PP755590.1|A/cattle/Texas/24-008749-003/2024(H5N1)	664	47195
MP|PP755590.1|A/cattle/Texas/24-008749-003/2024(H5N1)	665	47124
MP|PP755590.1|A/cattle/Texas/24-008749-003/2024(H5N1)	666	48983
MP|PP755590.1|A/cattle/Texas/24-008749-003/2024(H5N1)	667	48754
MP|PP755590.1|A/cattle/Texas/24-008749-003/2024(H5N1)	668	48521
MP|PP755590.1|A/cattle/Texas/24-008749-003/2024(H5N1)	669	48557
MP|PP755590.1|A/cattle/Texas/24-008749-003/2024(H5N1)	670	48503
MP|PP755590.1|A/cattle/Texas/24-008749-003/2024(H5N1)	671	48548
MP|PP755590.1|A/cattle/Texas/24-008749-003/2024(H5N1)	672	50004
MP|PP755590.1|A/cattle/Texas/24-008749-003/2024(H5N1)	673	49696
MP|PP755590.1|A/cattle/Texas/24-008749-003/2024(H5N1)	674	49950
MP|PP755590.1|A/cattle/Texas/24-008749-003/2024(H5N1)	675	48736
MP|PP755590.1|A/cattle/Texas/24-008749-003/2024(H5N1)	676	48655
MP|PP755590.1|A/cattle/Texas/24-008749-003/2024(H5N1)	677	49345
MP|PP755590.1|A/cattle/Texas/24-008749-003/2024(H5N1)	678	49257
MP|PP755590.1|A/cattle/Texas/24-008749-003/2024(H5N1)	679	49091
MP|PP755590.1|A/cattle/Texas/24-008749-003/2024(H5N1)	680	48991
MP|PP755590.1|A/cattle/Texas/24-008749-003/2024(H5N1)	681	47456
MP|PP755590.1|A/cattle/Texas/24-008749-003/2024(H5N1)	682	47749
MP|PP755590.1|A/cattle/Texas/24-008749-003/2024(H5N1)	683	48251
MP|PP755590.1|A/cattle/Texas/24-008749-003/2024(H5N1)	684	47862
MP|PP755590.1|A/cattle/Texas/24-008749-003/2024(H5N1)	685	47916
MP|PP755590.1|A/cattle/Texas/24-008749-003/2024(H5N1)	686	47336
MP|PP755590.1|A/cattle/Texas/24-008749-003/2024(H5N1)	687	47533
MP|PP755590.1|A/cattle/Texas/24-008749-003/2024(H5N1)	688	47819
MP|PP755590.1|A/cattle/Texas/24-008749-003/2024(H5N1)	689	46146
MP|PP755590.1|A/cattle/Texas/24-008749-003/2024(H5N1)	690	46080
MP|PP755590.1|A/cattle/Texas/24-008749-003/2024(H5N1)	691	46048
MP|PP755590.1|A/cattle/Texas/24-008749-003/2024(H5N1)	692	45763
MP|PP755590.1|A/cattle/Texas/24-008749-003/2024(H5N1)	693	45648
MP|PP755590.1|A/cattle/Texas/24-008749-003/2024(H5N1)	694	44431
MP|PP755590.1|A/cattle/Texas/24-008749-003/2024(H5N1)	695	44682
MP|PP755590.1|A/cattle/Texas/24-008749-003/2024(H5N1)	696	44938
MP|PP755590.1|A/cattle/Texas/24-008749-003/2024(H5N1)	697	41627
MP|PP755590.1|A/cattle/Texas/24-008749-003/2024(H5N1)	698	41043
MP|PP755590.1|A/cattle/Texas/24-008749-003/2024(H5N1)	699	41362
MP|PP755590.1|A/cattle/Texas/24-008749-003/2024(H5N1)	700	40933
MP|PP755590.1|A/cattle/Texas/24-008749-003/2024(H5N1)	701	40939
MP|PP755590.1|A/cattle/Texas/24-008749-003/2024(H5N1)	702	40955
MP|PP755590.1|A/cattle/Texas/24-008749-003/2024(H5N1)	703	40959
MP|PP755590.1|A/cattle/Texas/24-008749-003/2024(H5N1)	704	40950
MP|PP755590.1|A/cattle/Texas/24-008749-003/2024(H5N1)	705	40700
MP|PP755590.1|A/cattle/Texas/24-008749-003/2024(H5N1)	706	39723
MP|PP755590.1|A/cattle/Texas/24-008749-003/2024(H5N1)	707	39443
MP|PP755590.1|A/cattle/Texas/24-008749-003/2024(H5N1)	708	39942
MP|PP755590.1|A/cattle/Texas/24-008749-003/2024(H5N1)	709	40536
MP|PP755590.1|A/cattle/Texas/24-008749-003/2024(H5N1)	710	40537
MP|PP755590.1|A/cattle/Texas/24-008749-003/2024(H5N1)	711	40437
MP|PP755590.1|A/cattle/Texas/24-008749-003/2024(H5N1)	712	39897
MP|PP755590.1|A/cattle/Texas/24-008749-003/2024(H5N1)	713	39883
MP|PP755590.1|A/cattle/Texas/24-008749-003/2024(H5N1)	714	39697
MP|PP755590.1|A/cattle/Texas/24-008749-003/2024(H5N1)	715	39799
MP|PP755590.1|A/cattle/Texas/24-008749-003/2024(H5N1)	716	39546
MP|PP755590.1|A/cattle/Texas/24-008749-003/2024(H5N1)	717	39077
MP|PP755590.1|A/cattle/Texas/24-008749-003/2024(H5N1)	718	39469
MP|PP755590.1|A/cattle/Texas/24-008749-003/2024(H5N1)	719	39976
MP|PP755590.1|A/cattle/Texas/24-008749-003/2024(H5N1)	720	40501
MP|PP755590.1|A/cattle/Texas/24-008749-003/2024(H5N1)	721	40430
MP|PP755590.1|A/cattle/Texas/24-008749-003/2024(H5N1)	722	40398
MP|PP755590.1|A/cattle/Texas/24-008749-003/2024(H5N1)	723	40195
MP|PP755590.1|A/cattle/Texas/24-008749-003/2024(H5N1)	724	40215
MP|PP755590.1|A/cattle/Texas/24-008749-003/2024(H5N1)	725	40330
MP|PP755590.1|A/cattle/Texas/24-008749-003/2024(H5N1)	726	39956
MP|PP755590.1|A/cattle/Texas/24-008749-003/2024(H5N1)	727	39450
MP|PP755590.1|A/cattle/Texas/24-008749-003/2024(H5N1)	728	39304
MP|PP755590.1|A/cattle/Texas/24-008749-003/2024(H5N1)	729	39277
MP|PP755590.1|A/cattle/Texas/24-008749-003/2024(H5N1)	730	39367
MP|PP755590.1|A/cattle/Texas/24-008749-003/2024(H5N1)	731	39384
MP|PP755590.1|A/cattle/Texas/24-008749-003/2024(H5N1)	732	39204
MP|PP755590.1|A/cattle/Texas/24-008749-003/2024(H5N1)	733	39715
MP|PP755590.1|A/cattle/Texas/24-008749-003/2024(H5N1)	734	40503
MP|PP755590.1|A/cattle/Texas/24-008749-003/2024(H5N1)	735	40211
MP|PP755590.1|A/cattle/Texas/24-008749-003/2024(H5N1)	736	40420
MP|PP755590.1|A/cattle/Texas/24-008749-003/2024(H5N1)	737	40344
MP|PP755590.1|A/cattle/Texas/24-008749-003/2024(H5N1)	738	40278
MP|PP755590.1|A/cattle/Texas/24-008749-003/2024(H5N1)	739	41033
MP|PP755590.1|A/cattle/Texas/24-008749-003/2024(H5N1)	740	41096
MP|PP755590.1|A/cattle/Texas/24-008749-003/2024(H5N1)	741	41018
MP|PP755590.1|A/cattle/Texas/24-008749-003/2024(H5N1)	742	40998
MP|PP755590.1|A/cattle/Texas/24-008749-003/2024(H5N1)	743	40065
MP|PP755590.1|A/cattle/Texas/24-008749-003/2024(H5N1)	744	40101
MP|PP755590.1|A/cattle/Texas/24-008749-003/2024(H5N1)	745	40029
MP|PP755590.1|A/cattle/Texas/24-008749-003/2024(H5N1)	746	39976
MP|PP755590.1|A/cattle/Texas/24-008749-003/2024(H5N1)	747	39925
MP|PP755590.1|A/cattle/Texas/24-008749-003/2024(H5N1)	748	42312
MP|PP755590.1|A/cattle/Texas/24-008749-003/2024(H5N1)	749	42370
MP|PP755590.1|A/cattle/Texas/24-008749-003/2024(H5N1)	750	43453
MP|PP755590.1|A/cattle/Texas/24-008749-003/2024(H5N1)	751	43594
MP|PP755590.1|A/cattle/Texas/24-008749-003/2024(H5N1)	752	43590
MP|PP755590.1|A/cattle/Texas/24-008749-003/2024(H5N1)	753	43660
MP|PP755590.1|A/cattle/Texas/24-008749-003/2024(H5N1)	754	43950
MP|PP755590.1|A/cattle/Texas/24-008749-003/2024(H5N1)	755	43255
MP|PP755590.1|A/cattle/Texas/24-008749-003/2024(H5N1)	756	42759
MP|PP755590.1|A/cattle/Texas/24-008749-003/2024(H5N1)	757	43396
MP|PP755590.1|A/cattle/Texas/24-008749-003/2024(H5N1)	758	43321
MP|PP755590.1|A/cattle/Texas/24-008749-003/2024(H5N1)	759	43351
MP|PP755590.1|A/cattle/Texas/24-008749-003/2024(H5N1)	760	43317
MP|PP755590.1|A/cattle/Texas/24-008749-003/2024(H5N1)	761	43555
MP|PP755590.1|A/cattle/Texas/24-008749-003/2024(H5N1)	762	42973
MP|PP755590.1|A/cattle/Texas/24-008749-003/2024(H5N1)	763	43302
MP|PP755590.1|A/cattle/Texas/24-008749-003/2024(H5N1)	764	43385
MP|PP755590.1|A/cattle/Texas/24-008749-003/2024(H5N1)	765	43299
MP|PP755590.1|A/cattle/Texas/24-008749-003/2024(H5N1)	766	43853
MP|PP755590.1|A/cattle/Texas/24-008749-003/2024(H5N1)	767	43838
MP|PP755590.1|A/cattle/Texas/24-008749-003/2024(H5N1)	768	43402
MP|PP755590.1|A/cattle/Texas/24-008749-003/2024(H5N1)	769	43796
MP|PP755590.1|A/cattle/Texas/24-008749-003/2024(H5N1)	770	42979
MP|PP755590.1|A/cattle/Texas/24-008749-003/2024(H5N1)	771	43463
MP|PP755590.1|A/cattle/Texas/24-008749-003/2024(H5N1)	772	43161
MP|PP755590.1|A/cattle/Texas/24-008749-003/2024(H5N1)	773	43046
MP|PP755590.1|A/cattle/Texas/24-008749-003/2024(H5N1)	774	41493
MP|PP755590.1|A/cattle/Texas/24-008749-003/2024(H5N1)	775	41122
MP|PP755590.1|A/cattle/Texas/24-008749-003/2024(H5N1)	776	41143
MP|PP755590.1|A/cattle/Texas/24-008749-003/2024(H5N1)	777	41824
MP|PP755590.1|A/cattle/Texas/24-008749-003/2024(H5N1)	778	41841
MP|PP755590.1|A/cattle/Texas/24-008749-003/2024(H5N1)	779	41742
MP|PP755590.1|A/cattle/Texas/24-008749-003/2024(H5N1)	780	41212
MP|PP755590.1|A/cattle/Texas/24-008749-003/2024(H5N1)	781	43819
MP|PP755590.1|A/cattle/Texas/24-008749-003/2024(H5N1)	782	43815
MP|PP755590.1|A/cattle/Texas/24-008749-003/2024(H5N1)	783	43826
MP|PP755590.1|A/cattle/Texas/24-008749-003/2024(H5N1)	784	44755
MP|PP755590.1|A/cattle/Texas/24-008749-003/2024(H5N1)	785	44795
MP|PP755590.1|A/cattle/Texas/24-008749-003/2024(H5N1)	786	46051
MP|PP755590.1|A/cattle/Texas/24-008749-003/2024(H5N1)	787	45822
MP|PP755590.1|A/cattle/Texas/24-008749-003/2024(H5N1)	788	45144
MP|PP755590.1|A/cattle/Texas/24-008749-003/2024(H5N1)	789	44385
MP|PP755590.1|A/cattle/Texas/24-008749-003/2024(H5N1)	790	44452
MP|PP755590.1|A/cattle/Texas/24-008749-003/2024(H5N1)	791	46714
MP|PP755590.1|A/cattle/Texas/24-008749-003/2024(H5N1)	792	46628
MP|PP755590.1|A/cattle/Texas/24-008749-003/2024(H5N1)	793	46292
MP|PP755590.1|A/cattle/Texas/24-008749-003/2024(H5N1)	794	47102
MP|PP755590.1|A/cattle/Texas/24-008749-003/2024(H5N1)	795	48061
MP|PP755590.1|A/cattle/Texas/24-008749-003/2024(H5N1)	796	48044
MP|PP755590.1|A/cattle/Texas/24-008749-003/2024(H5N1)	797	47847
MP|PP755590.1|A/cattle/Texas/24-008749-003/2024(H5N1)	798	48124
MP|PP755590.1|A/cattle/Texas/24-008749-003/2024(H5N1)	799	47952
MP|PP755590.1|A/cattle/Texas/24-008749-003/2024(H5N1)	800	47538
MP|PP755590.1|A/cattle/Texas/24-008749-003/2024(H5N1)	801	47708
MP|PP755590.1|A/cattle/Texas/24-008749-003/2024(H5N1)	802	47525
MP|PP755590.1|A/cattle/Texas/24-008749-003/2024(H5N1)	803	47874
MP|PP755590.1|A/cattle/Texas/24-008749-003/2024(H5N1)	804	46819
MP|PP755590.1|A/cattle/Texas/24-008749-003/2024(H5N1)	805	46113
MP|PP755590.1|A/cattle/Texas/24-008749-003/2024(H5N1)	806	46014
MP|PP755590.1|A/cattle/Texas/24-008749-003/2024(H5N1)	807	45501
MP|PP755590.1|A/cattle/Texas/24-008749-003/2024(H5N1)	808	45633
MP|PP755590.1|A/cattle/Texas/24-008749-003/2024(H5N1)	809	45574
MP|PP755590.1|A/cattle/Texas/24-008749-003/2024(H5N1)	810	45199
MP|PP755590.1|A/cattle/Texas/24-008749-003/2024(H5N1)	811	45171
MP|PP755590.1|A/cattle/Texas/24-008749-003/2024(H5N1)	812	44484
MP|PP755590.1|A/cattle/Texas/24-008749-003/2024(H5N1)	813	44486
MP|PP755590.1|A/cattle/Texas/24-008749-003/2024(H5N1)	814	44369
MP|PP755590.1|A/cattle/Texas/24-008749-003/2024(H5N1)	815	42488
MP|PP755590.1|A/cattle/Texas/24-008749-003/2024(H5N1)	816	42448
MP|PP755590.1|A/cattle/Texas/24-008749-003/2024(H5N1)	817	42103
MP|PP755590.1|A/cattle/Texas/24-008749-003/2024(H5N1)	818	42062
MP|PP755590.1|A/cattle/Texas/24-008749-003/2024(H5N1)	819	42452
MP|PP755590.1|A/cattle/Texas/24-008749-003/2024(H5N1)	820	42387
MP|PP755590.1|A/cattle/Texas/24-008749-003/2024(H5N1)	821	42376
MP|PP755590.1|A/cattle/Texas/24-008749-003/2024(H5N1)	822	42295
MP|PP755590.1|A/cattle/Texas/24-008749-003/2024(H5N1)	823	40803
MP|PP755590.1|A/cattle/Texas/24-008749-003/2024(H5N1)	824	43714
MP|PP755590.1|A/cattle/Texas/24-008749-003/2024(H5N1)	825	43543
MP|PP755590.1|A/cattle/Texas/24-008749-003/2024(H5N1)	826	43554
MP|PP755590.1|A/cattle/Texas/24-008749-003/2024(H5N1)	827	43593
MP|PP755590.1|A/cattle/Texas/24-008749-003/2024(H5N1)	828	42919
MP|PP755590.1|A/cattle/Texas/24-008749-003/2024(H5N1)	829	44064
MP|PP755590.1|A/cattle/Texas/24-008749-003/2024(H5N1)	830	44038
MP|PP755590.1|A/cattle/Texas/24-008749-003/2024(H5N1)	831	44029
MP|PP755590.1|A/cattle/Texas/24-008749-003/2024(H5N1)	832	43613
MP|PP755590.1|A/cattle/Texas/24-008749-003/2024(H5N1)	833	43405
MP|PP755590.1|A/cattle/Texas/24-008749-003/2024(H5N1)	834	43220
MP|PP755590.1|A/cattle/Texas/24-008749-003/2024(H5N1)	835	43232
MP|PP755590.1|A/cattle/Texas/24-008749-003/2024(H5N1)	836	43158
MP|PP755590.1|A/cattle/Texas/24-008749-003/2024(H5N1)	837	43242
MP|PP755590.1|A/cattle/Texas/24-008749-003/2024(H5N1)	838	43286
MP|PP755590.1|A/cattle/Texas/24-008749-003/2024(H5N1)	839	43310
MP|PP755590.1|A/cattle/Texas/24-008749-003/2024(H5N1)	840	42774
MP|PP755590.1|A/cattle/Texas/24-008749-003/2024(H5N1)	841	42800
MP|PP755590.1|A/cattle/Texas/24-008749-003/2024(H5N1)	842	43059
MP|PP755590.1|A/cattle/Texas/24-008749-003/2024(H5N1)	843	43038
MP|PP755590.1|A/cattle/Texas/24-008749-003/2024(H5N1)	844	43131
MP|PP755590.1|A/cattle/Texas/24-008749-003/2024(H5N1)	845	43050
MP|PP755590.1|A/cattle/Texas/24-008749-003/2024(H5N1)	846	42865
MP|PP755590.1|A/cattle/Texas/24-008749-003/2024(H5N1)	847	43335
MP|PP755590.1|A/cattle/Texas/24-008749-003/2024(H5N1)	848	43314
MP|PP755590.1|A/cattle/Texas/24-008749-003/2024(H5N1)	849	43355
MP|PP755590.1|A/cattle/Texas/24-008749-003/2024(H5N1)	850	43346
MP|PP755590.1|A/cattle/Texas/24-008749-003/2024(H5N1)	851	47473
MP|PP755590.1|A/cattle/Texas/24-008749-003/2024(H5N1)	852	47776
MP|PP755590.1|A/cattle/Texas/24-008749-003/2024(H5N1)	853	48336
MP|PP755590.1|A/cattle/Texas/24-008749-003/2024(H5N1)	854	48376
MP|PP755590.1|A/cattle/Texas/24-008749-003/2024(H5N1)	855	48405
MP|PP755590.1|A/cattle/Texas/24-008749-003/2024(H5N1)	856	48881
MP|PP755590.1|A/cattle/Texas/24-008749-003/2024(H5N1)	857	48873
MP|PP755590.1|A/cattle/Texas/24-008749-003/2024(H5N1)	858	48551
MP|PP755590.1|A/cattle/Texas/24-008749-003/2024(H5N1)	859	47661
MP|PP755590.1|A/cattle/Texas/24-008749-003/2024(H5N1)	860	47115
MP|PP755590.1|A/cattle/Texas/24-008749-003/2024(H5N1)	861	47213
MP|PP755590.1|A/cattle/Texas/24-008749-003/2024(H5N1)	862	47025
MP|PP755590.1|A/cattle/Texas/24-008749-003/2024(H5N1)	863	46943
MP|PP755590.1|A/cattle/Texas/24-008749-003/2024(H5N1)	864	46928
MP|PP755590.1|A/cattle/Texas/24-008749-003/2024(H5N1)	865	46583
MP|PP755590.1|A/cattle/Texas/24-008749-003/2024(H5N1)	866	46573
MP|PP755590.1|A/cattle/Texas/24-008749-003/2024(H5N1)	867	46562
MP|PP755590.1|A/cattle/Texas/24-008749-003/2024(H5N1)	868	46528
MP|PP755590.1|A/cattle/Texas/24-008749-003/2024(H5N1)	869	46056
MP|PP755590.1|A/cattle/Texas/24-008749-003/2024(H5N1)	870	45598
MP|PP755590.1|A/cattle/Texas/24-008749-003/2024(H5N1)	871	44942
MP|PP755590.1|A/cattle/Texas/24-008749-003/2024(H5N1)	872	44947
MP|PP755590.1|A/cattle/Texas/24-008749-003/2024(H5N1)	873	44948
MP|PP755590.1|A/cattle/Texas/24-008749-003/2024(H5N1)	874	44930
MP|PP755590.1|A/cattle/Texas/24-008749-003/2024(H5N1)	875	44803
MP|PP755590.1|A/cattle/Texas/24-008749-003/2024(H5N1)	876	44352
MP|PP755590.1|A/cattle/Texas/24-008749-003/2024(H5N1)	877	44314
MP|PP755590.1|A/cattle/Texas/24-008749-003/2024(H5N1)	878	44305
MP|PP755590.1|A/cattle/Texas/24-008749-003/2024(H5N1)	879	44058
MP|PP755590.1|A/cattle/Texas/24-008749-003/2024(H5N1)	880	43968
MP|PP755590.1|A/cattle/Texas/24-008749-003/2024(H5N1)	881	43965
MP|PP755590.1|A/cattle/Texas/24-008749-003/2024(H5N1)	882	43871
MP|PP755590.1|A/cattle/Texas/24-008749-003/2024(H5N1)	883	43342
MP|PP755590.1|A/cattle/Texas/24-008749-003/2024(H5N1)	884	43219
MP|PP755590.1|A/cattle/Texas/24-008749-003/2024(H5N1)	885	42231
MP|PP755590.1|A/cattle/Texas/24-008749-003/2024(H5N1)	886	42176
MP|PP755590.1|A/cattle/Texas/24-008749-003/2024(H5N1)	887	41785
MP|PP755590.1|A/cattle/Texas/24-008749-003/2024(H5N1)	888	41786
MP|PP755590.1|A/cattle/Texas/24-008749-003/2024(H5N1)	889	41579
MP|PP755590.1|A/cattle/Texas/24-008749-003/2024(H5N1)	890	41106
MP|PP755590.1|A/cattle/Texas/24-008749-003/2024(H5N1)	891	40955
MP|PP755590.1|A/cattle/Texas/24-008749-003/2024(H5N1)	892	40977
MP|PP755590.1|A/cattle/Texas/24-008749-003/2024(H5N1)	893	40877
MP|PP755590.1|A/cattle/Texas/24-008749-003/2024(H5N1)	894	40751
MP|PP755590.1|A/cattle/Texas/24-008749-003/2024(H5N1)	895	40414
MP|PP755590.1|A/cattle/Texas/24-008749-003/2024(H5N1)	896	40327
MP|PP755590.1|A/cattle/Texas/24-008749-003/2024(H5N1)	897	37650
MP|PP755590.1|A/cattle/Texas/24-008749-003/2024(H5N1)	898	37686
MP|PP755590.1|A/cattle/Texas/24-008749-003/2024(H5N1)	899	36429
MP|PP755590.1|A/cattle/Texas/24-008749-003/2024(H5N1)	900	35936
MP|PP755590.1|A/cattle/Texas/24-008749-003/2024(H5N1)	901	35299
MP|PP755590.1|A/cattle/Texas/24-008749-003/2024(H5N1)	902	35052
MP|PP755590.1|A/cattle/Texas/24-008749-003/2024(H5N1)	903	35061
MP|PP755590.1|A/cattle/Texas/24-008749-003/2024(H5N1)	904	34842
MP|PP755590.1|A/cattle/Texas/24-008749-003/2024(H5N1)	905	34540
MP|PP755590.1|A/cattle/Texas/24-008749-003/2024(H5N1)	906	34529
MP|PP755590.1|A/cattle/Texas/24-008749-003/2024(H5N1)	907	33525
MP|PP755590.1|A/cattle/Texas/24-008749-003/2024(H5N1)	908	33547
MP|PP755590.1|A/cattle/Texas/24-008749-003/2024(H5N1)	909	33493
MP|PP755590.1|A/cattle/Texas/24-008749-003/2024(H5N1)	910	32819
MP|PP755590.1|A/cattle/Texas/24-008749-003/2024(H5N1)	911	32843
MP|PP755590.1|A/cattle/Texas/24-008749-003/2024(H5N1)	912	32481
MP|PP755590.1|A/cattle/Texas/24-008749-003/2024(H5N1)	913	32458
MP|PP755590.1|A/cattle/Texas/24-008749-003/2024(H5N1)	914	31956
MP|PP755590.1|A/cattle/Texas/24-008749-003/2024(H5N1)	915	31429
MP|PP755590.1|A/cattle/Texas/24-008749-003/2024(H5N1)	916	31262
MP|PP755590.1|A/cattle/Texas/24-008749-003/2024(H5N1)	917	30890
MP|PP755590.1|A/cattle/Texas/24-008749-003/2024(H5N1)	918	30911
MP|PP755590.1|A/cattle/Texas/24-008749-003/2024(H5N1)	919	30869
MP|PP755590.1|A/cattle/Texas/24-008749-003/2024(H5N1)	920	30403
MP|PP755590.1|A/cattle/Texas/24-008749-003/2024(H5N1)	921	30245
MP|PP755590.1|A/cattle/Texas/24-008749-003/2024(H5N1)	922	29602
MP|PP755590.1|A/cattle/Texas/24-008749-003/2024(H5N1)	923	29665
MP|PP755590.1|A/cattle/Texas/24-008749-003/2024(H5N1)	924	29623
MP|PP755590.1|A/cattle/Texas/24-008749-003/2024(H5N1)	925	29580
MP|PP755590.1|A/cattle/Texas/24-008749-003/2024(H5N1)	926	29597
MP|PP755590.1|A/cattle/Texas/24-008749-003/2024(H5N1)	927	28783
MP|PP755590.1|A/cattle/Texas/24-008749-003/2024(H5N1)	928	28819
MP|PP755590.1|A/cattle/Texas/24-008749-003/2024(H5N1)	929	28771
MP|PP755590.1|A/cattle/Texas/24-008749-003/2024(H5N1)	930	28733
MP|PP755590.1|A/cattle/Texas/24-008749-003/2024(H5N1)	931	28473
MP|PP755590.1|A/cattle/Texas/24-008749-003/2024(H5N1)	932	25685
MP|PP755590.1|A/cattle/Texas/24-008749-003/2024(H5N1)	933	25687
MP|PP755590.1|A/cattle/Texas/24-008749-003/2024(H5N1)	934	25562
MP|PP755590.1|A/cattle/Texas/24-008749-003/2024(H5N1)	935	24666
MP|PP755590.1|A/cattle/Texas/24-008749-003/2024(H5N1)	936	24623
MP|PP755590.1|A/cattle/Texas/24-008749-003/2024(H5N1)	937	23187
MP|PP755590.1|A/cattle/Texas/24-008749-003/2024(H5N1)	938	23192
MP|PP755590.1|A/cattle/Texas/24-008749-003/2024(H5N1)	939	23122
MP|PP755590.1|A/cattle/Texas/24-008749-003/2024(H5N1)	940	23035
MP|PP755590.1|A/cattle/Texas/24-008749-003/2024(H5N1)	941	22980
MP|PP755590.1|A/cattle/Texas/24-008749-003/2024(H5N1)	942	20464
MP|PP755590.1|A/cattle/Texas/24-008749-003/2024(H5N1)	943	20413
MP|PP755590.1|A/cattle/Texas/24-008749-003/2024(H5N1)	944	19495
MP|PP755590.1|A/cattle/Texas/24-008749-003/2024(H5N1)	945	18320
MP|PP755590.1|A/cattle/Texas/24-008749-003/2024(H5N1)	946	17242
MP|PP755590.1|A/cattle/Texas/24-008749-003/2024(H5N1)	947	17060
MP|PP755590.1|A/cattle/Texas/24-008749-003/2024(H5N1)	948	17004
MP|PP755590.1|A/cattle/Texas/24-008749-003/2024(H5N1)	949	16640
MP|PP755590.1|A/cattle/Texas/24-008749-003/2024(H5N1)	950	16482
MP|PP755590.1|A/cattle/Texas/24-008749-003/2024(H5N1)	951	16244
MP|PP755590.1|A/cattle/Texas/24-008749-003/2024(H5N1)	952	16080
MP|PP755590.1|A/cattle/Texas/24-008749-003/2024(H5N1)	953	15963
MP|PP755590.1|A/cattle/Texas/24-008749-003/2024(H5N1)	954	15806
MP|PP755590.1|A/cattle/Texas/24-008749-003/2024(H5N1)	955	15786
MP|PP755590.1|A/cattle/Texas/24-008749-003/2024(H5N1)	956	15690
MP|PP755590.1|A/cattle/Texas/24-008749-003/2024(H5N1)	957	15670
MP|PP755590.1|A/cattle/Texas/24-008749-003/2024(H5N1)	958	15651
MP|PP755590.1|A/cattle/Texas/24-008749-003/2024(H5N1)	959	15556
MP|PP755590.1|A/cattle/Texas/24-008749-003/2024(H5N1)	960	15494
MP|PP755590.1|A/cattle/Texas/24-008749-003/2024(H5N1)	961	15421
MP|PP755590.1|A/cattle/Texas/24-008749-003/2024(H5N1)	962	15410
MP|PP755590.1|A/cattle/Texas/24-008749-003/2024(H5N1)	963	15185
MP|PP755590.1|A/cattle/Texas/24-008749-003/2024(H5N1)	964	15167
MP|PP755590.1|A/cattle/Texas/24-008749-003/2024(H5N1)	965	15068
MP|PP755590.1|A/cattle/Texas/24-008749-003/2024(H5N1)	966	15044
MP|PP755590.1|A/cattle/Texas/24-008749-003/2024(H5N1)	967	15035
MP|PP755590.1|A/cattle/Texas/24-008749-003/2024(H5N1)	968	14995
MP|PP755590.1|A/cattle/Texas/24-008749-003/2024(H5N1)	969	14990
MP|PP755590.1|A/cattle/Texas/24-008749-003/2024(H5N1)	970	14383
MP|PP755590.1|A/cattle/Texas/24-008749-003/2024(H5N1)	971	14371
MP|PP755590.1|A/cattle/Texas/24-008749-003/2024(H5N1)	972	14176
MP|PP755590.1|A/cattle/Texas/24-008749-003/2024(H5N1)	973	14170
MP|PP755590.1|A/cattle/Texas/24-008749-003/2024(H5N1)	974	14110
MP|PP755590.1|A/cattle/Texas/24-008749-003/2024(H5N1)	975	10767
MP|PP755590.1|A/cattle/Texas/24-008749-003/2024(H5N1)	976	10622
MP|PP755590.1|A/cattle/Texas/24-008749-003/2024(H5N1)	977	10614
MP|PP755590.1|A/cattle/Texas/24-008749-003/2024(H5N1)	978	10565
MP|PP755590.1|A/cattle/Texas/24-008749-003/2024(H5N1)	979	10524
MP|PP755590.1|A/cattle/Texas/24-008749-003/2024(H5N1)	980	9254
MP|PP755590.1|A/cattle/Texas/24-008749-003/2024(H5N1)	981	9223
MP|PP755590.1|A/cattle/Texas/24-008749-003/2024(H5N1)	982	9208
