PA|PP755594.1|A/cattle/Texas/24-008749-003/2024(H5N1)	1	1363
PA|PP755594.1|A/cattle/Texas/24-008749-003/2024(H5N1)	2	1365
PA|PP755594.1|A/cattle/Texas/24-008749-003/2024(H5N1)	3	1377
PA|PP755594.1|A/cattle/Texas/24-008749-003/2024(H5N1)	4	1377
PA|PP755594.1|A/cattle/Texas/24-008749-003/2024(H5N1)	5	1377
PA|PP755594.1|A/cattle/Texas/24-008749-003/2024(H5N1)	6	1383
PA|PP755594.1|A/cattle/Texas/24-008749-003/2024(H5N1)	7	1390
PA|PP755594.1|A/cattle/Texas/24-008749-003/2024(H5N1)	8	1404
PA|PP755594.1|A/cattle/Texas/24-008749-003/2024(H5N1)	9	1412
PA|PP755594.1|A/cattle/Texas/24-008749-003/2024(H5N1)	10	1412
PA|PP755594.1|A/cattle/Texas/24-008749-003/2024(H5N1)	11	1431
PA|PP755594.1|A/cattle/Texas/24-008749-003/2024(H5N1)	12	1431
PA|PP755594.1|A/cattle/Texas/24-008749-003/2024(H5N1)	13	1448
PA|PP755594.1|A/cattle/Texas/24-008749-003/2024(H5N1)	14	1452
PA|PP755594.1|A/cattle/Texas/24-008749-003/2024(H5N1)	15	1454
PA|PP755594.1|A/cattle/Texas/24-008749-003/2024(H5N1)	16	1464
PA|PP755594.1|A/cattle/Texas/24-008749-003/2024(H5N1)	17	1465
PA|PP755594.1|A/cattle/Texas/24-008749-003/2024(H5N1)	18	1490
PA|PP755594.1|A/cattle/Texas/24-008749-003/2024(H5N1)	19	1496
PA|PP755594.1|A/cattle/Texas/24-008749-003/2024(H5N1)	20	1496
PA|PP755594.1|A/cattle/Texas/24-008749-003/2024(H5N1)	21	1501
PA|PP755594.1|A/cattle/Texas/24-008749-003/2024(H5N1)	22	1503
PA|PP755594.1|A/cattle/Texas/24-008749-003/2024(H5N1)	23	1545
PA|PP755594.1|A/cattle/Texas/24-008749-003/2024(H5N1)	24	1583
PA|PP755594.1|A/cattle/Texas/24-008749-003/2024(H5N1)	25	1583
PA|PP755594.1|A/cattle/Texas/24-008749-003/2024(H5N1)	26	1583
PA|PP755594.1|A/cattle/Texas/24-008749-003/2024(H5N1)	27	1584
PA|PP755594.1|A/cattle/Texas/24-008749-003/2024(H5N1)	28	1588
PA|PP755594.1|A/cattle/Texas/24-008749-003/2024(H5N1)	29	1627
PA|PP755594.1|A/cattle/Texas/24-008749-003/2024(H5N1)	30	1630
PA|PP755594.1|A/cattle/Texas/24-008749-003/2024(H5N1)	31	1633
PA|PP755594.1|A/cattle/Texas/24-008749-003/2024(H5N1)	32	1630
PA|PP755594.1|A/cattle/Texas/24-008749-003/2024(H5N1)	33	1628
PA|PP755594.1|A/cattle/Texas/24-008749-003/2024(H5N1)	34	1628
PA|PP755594.1|A/cattle/Texas/24-008749-003/2024(H5N1)	35	1632
PA|PP755594.1|A/cattle/Texas/24-008749-003/2024(H5N1)	36	1634
PA|PP755594.1|A/cattle/Texas/24-008749-003/2024(H5N1)	37	1644
PA|PP755594.1|A/cattle/Texas/24-008749-003/2024(H5N1)	38	1644
PA|PP755594.1|A/cattle/Texas/24-008749-003/2024(H5N1)	39	1649
PA|PP755594.1|A/cattle/Texas/24-008749-003/2024(H5N1)	40	1656
PA|PP755594.1|A/cattle/Texas/24-008749-003/2024(H5N1)	41	1657
PA|PP755594.1|A/cattle/Texas/24-008749-003/2024(H5N1)	42	1658
PA|PP755594.1|A/cattle/Texas/24-008749-003/2024(H5N1)	43	1658
PA|PP755594.1|A/cattle/Texas/24-008749-003/2024(H5N1)	44	1665
PA|PP755594.1|A/cattle/Texas/24-008749-003/2024(H5N1)	45	1668
PA|PP755594.1|A/cattle/Texas/24-008749-003/2024(H5N1)	46	1668
PA|PP755594.1|A/cattle/Texas/24-008749-003/2024(H5N1)	47	1668
PA|PP755594.1|A/cattle/Texas/24-008749-003/2024(H5N1)	48	1661
PA|PP755594.1|A/cattle/Texas/24-008749-003/2024(H5N1)	49	1664
PA|PP755594.1|A/cattle/Texas/24-008749-003/2024(H5N1)	50	1666
PA|PP755594.1|A/cattle/Texas/24-008749-003/2024(H5N1)	51	1668
PA|PP755594.1|A/cattle/Texas/24-008749-003/2024(H5N1)	52	1672
PA|PP755594.1|A/cattle/Texas/24-008749-003/2024(H5N1)	53	1671
PA|PP755594.1|A/cattle/Texas/24-008749-003/2024(H5N1)	54	1672
PA|PP755594.1|A/cattle/Texas/24-008749-003/2024(H5N1)	55	1672
PA|PP755594.1|A/cattle/Texas/24-008749-003/2024(H5N1)	56	1674
PA|PP755594.1|A/cattle/Texas/24-008749-003/2024(H5N1)	57	1684
PA|PP755594.1|A/cattle/Texas/24-008749-003/2024(H5N1)	58	1688
PA|PP755594.1|A/cattle/Texas/24-008749-003/2024(H5N1)	59	1693
PA|PP755594.1|A/cattle/Texas/24-008749-003/2024(H5N1)	60	1693
PA|PP755594.1|A/cattle/Texas/24-008749-003/2024(H5N1)	61	1711
PA|PP755594.1|A/cattle/Texas/24-008749-003/2024(H5N1)	62	1712
PA|PP755594.1|A/cattle/Texas/24-008749-003/2024(H5N1)	63	1719
PA|PP755594.1|A/cattle/Texas/24-008749-003/2024(H5N1)	64	1730
PA|PP755594.1|A/cattle/Texas/24-008749-003/2024(H5N1)	65	1730
PA|PP755594.1|A/cattle/Texas/24-008749-003/2024(H5N1)	66	1729
PA|PP755594.1|A/cattle/Texas/24-008749-003/2024(H5N1)	67	1761
PA|PP755594.1|A/cattle/Texas/24-008749-003/2024(H5N1)	68	1766
PA|PP755594.1|A/cattle/Texas/24-008749-003/2024(H5N1)	69	1858
PA|PP755594.1|A/cattle/Texas/24-008749-003/2024(H5N1)	70	1860
PA|PP755594.1|A/cattle/Texas/24-008749-003/2024(H5N1)	71	1867
PA|PP755594.1|A/cattle/Texas/24-008749-003/2024(H5N1)	72	1867
PA|PP755594.1|A/cattle/Texas/24-008749-003/2024(H5N1)	73	1866
PA|PP755594.1|A/cattle/Texas/24-008749-003/2024(H5N1)	74	1871
PA|PP755594.1|A/cattle/Texas/24-008749-003/2024(H5N1)	75	1872
PA|PP755594.1|A/cattle/Texas/24-008749-003/2024(H5N1)	76	1864
PA|PP755594.1|A/cattle/Texas/24-008749-003/2024(H5N1)	77	1862
PA|PP755594.1|A/cattle/Texas/24-008749-003/2024(H5N1)	78	1856
PA|PP755594.1|A/cattle/Texas/24-008749-003/2024(H5N1)	79	1856
PA|PP755594.1|A/cattle/Texas/24-008749-003/2024(H5N1)	80	1856
PA|PP755594.1|A/cattle/Texas/24-008749-003/2024(H5N1)	81	1856
PA|PP755594.1|A/cattle/Texas/24-008749-003/2024(H5N1)	82	1855
PA|PP755594.1|A/cattle/Texas/24-008749-003/2024(H5N1)	83	1854
PA|PP755594.1|A/cattle/Texas/24-008749-003/2024(H5N1)	84	1830
PA|PP755594.1|A/cattle/Texas/24-008749-003/2024(H5N1)	85	1830
PA|PP755594.1|A/cattle/Texas/24-008749-003/2024(H5N1)	86	1830
PA|PP755594.1|A/cattle/Texas/24-008749-003/2024(H5N1)	87	1829
PA|PP755594.1|A/cattle/Texas/24-008749-003/2024(H5N1)	88	1829
PA|PP755594.1|A/cattle/Texas/24-008749-003/2024(H5N1)	89	1829
PA|PP755594.1|A/cattle/Texas/24-008749-003/2024(H5N1)	90	1106
PA|PP755594.1|A/cattle/Texas/24-008749-003/2024(H5N1)	91	1106
PA|PP755594.1|A/cattle/Texas/24-008749-003/2024(H5N1)	92	1106
PA|PP755594.1|A/cattle/Texas/24-008749-003/2024(H5N1)	93	1106
PA|PP755594.1|A/cattle/Texas/24-008749-003/2024(H5N1)	94	1106
PA|PP755594.1|A/cattle/Texas/24-008749-003/2024(H5N1)	95	1106
PA|PP755594.1|A/cattle/Texas/24-008749-003/2024(H5N1)	96	1106
PA|PP755594.1|A/cattle/Texas/24-008749-003/2024(H5N1)	97	1126
PA|PP755594.1|A/cattle/Texas/24-008749-003/2024(H5N1)	98	1126
PA|PP755594.1|A/cattle/Texas/24-008749-003/2024(H5N1)	99	1126
PA|PP755594.1|A/cattle/Texas/24-008749-003/2024(H5N1)	100	1126
PA|PP755594.1|A/cattle/Texas/24-008749-003/2024(H5N1)	101	1126
PA|PP755594.1|A/cattle/Texas/24-008749-003/2024(H5N1)	102	1125
PA|PP755594.1|A/cattle/Texas/24-008749-003/2024(H5N1)	103	1126
PA|PP755594.1|A/cattle/Texas/24-008749-003/2024(H5N1)	104	1126
PA|PP755594.1|A/cattle/Texas/24-008749-003/2024(H5N1)	105	1126
PA|PP755594.1|A/cattle/Texas/24-008749-003/2024(H5N1)	106	1131
PA|PP755594.1|A/cattle/Texas/24-008749-003/2024(H5N1)	107	1150
PA|PP755594.1|A/cattle/Texas/24-008749-003/2024(H5N1)	108	1150
PA|PP755594.1|A/cattle/Texas/24-008749-003/2024(H5N1)	109	1343
PA|PP755594.1|A/cattle/Texas/24-008749-003/2024(H5N1)	110	1345
PA|PP755594.1|A/cattle/Texas/24-008749-003/2024(H5N1)	111	1366
PA|PP755594.1|A/cattle/Texas/24-008749-003/2024(H5N1)	112	1377
PA|PP755594.1|A/cattle/Texas/24-008749-003/2024(H5N1)	113	1377
PA|PP755594.1|A/cattle/Texas/24-008749-003/2024(H5N1)	114	1391
PA|PP755594.1|A/cattle/Texas/24-008749-003/2024(H5N1)	115	1392
PA|PP755594.1|A/cattle/Texas/24-008749-003/2024(H5N1)	116	1494
PA|PP755594.1|A/cattle/Texas/24-008749-003/2024(H5N1)	117	1494
PA|PP755594.1|A/cattle/Texas/24-008749-003/2024(H5N1)	118	1487
PA|PP755594.1|A/cattle/Texas/24-008749-003/2024(H5N1)	119	1487
PA|PP755594.1|A/cattle/Texas/24-008749-003/2024(H5N1)	120	1477
PA|PP755594.1|A/cattle/Texas/24-008749-003/2024(H5N1)	121	1576
PA|PP755594.1|A/cattle/Texas/24-008749-003/2024(H5N1)	122	1576
PA|PP755594.1|A/cattle/Texas/24-008749-003/2024(H5N1)	123	1572
PA|PP755594.1|A/cattle/Texas/24-008749-003/2024(H5N1)	124	1575
PA|PP755594.1|A/cattle/Texas/24-008749-003/2024(H5N1)	125	1575
PA|PP755594.1|A/cattle/Texas/24-008749-003/2024(H5N1)	126	1673
PA|PP755594.1|A/cattle/Texas/24-008749-003/2024(H5N1)	127	1743
PA|PP755594.1|A/cattle/Texas/24-008749-003/2024(H5N1)	128	1766
PA|PP755594.1|A/cattle/Texas/24-008749-003/2024(H5N1)	129	1776
PA|PP755594.1|A/cattle/Texas/24-008749-003/2024(H5N1)	130	1782
PA|PP755594.1|A/cattle/Texas/24-008749-003/2024(H5N1)	131	1776
PA|PP755594.1|A/cattle/Texas/24-008749-003/2024(H5N1)	132	1788
PA|PP755594.1|A/cattle/Texas/24-008749-003/2024(H5N1)	133	1786
PA|PP755594.1|A/cattle/Texas/24-008749-003/2024(H5N1)	134	1561
PA|PP755594.1|A/cattle/Texas/24-008749-003/2024(H5N1)	135	1557
PA|PP755594.1|A/cattle/Texas/24-008749-003/2024(H5N1)	136	1542
PA|PP755594.1|A/cattle/Texas/24-008749-003/2024(H5N1)	137	1544
PA|PP755594.1|A/cattle/Texas/24-008749-003/2024(H5N1)	138	1503
PA|PP755594.1|A/cattle/Texas/24-008749-003/2024(H5N1)	139	1465
PA|PP755594.1|A/cattle/Texas/24-008749-003/2024(H5N1)	140	1496
PA|PP755594.1|A/cattle/Texas/24-008749-003/2024(H5N1)	141	1504
PA|PP755594.1|A/cattle/Texas/24-008749-003/2024(H5N1)	142	1504
PA|PP755594.1|A/cattle/Texas/24-008749-003/2024(H5N1)	143	1491
PA|PP755594.1|A/cattle/Texas/24-008749-003/2024(H5N1)	144	1465
PA|PP755594.1|A/cattle/Texas/24-008749-003/2024(H5N1)	145	1460
PA|PP755594.1|A/cattle/Texas/24-008749-003/2024(H5N1)	146	1468
PA|PP755594.1|A/cattle/Texas/24-008749-003/2024(H5N1)	147	1464
PA|PP755594.1|A/cattle/Texas/24-008749-003/2024(H5N1)	148	1485
PA|PP755594.1|A/cattle/Texas/24-008749-003/2024(H5N1)	149	1485
PA|PP755594.1|A/cattle/Texas/24-008749-003/2024(H5N1)	150	1480
PA|PP755594.1|A/cattle/Texas/24-008749-003/2024(H5N1)	151	1481
PA|PP755594.1|A/cattle/Texas/24-008749-003/2024(H5N1)	152	1406
PA|PP755594.1|A/cattle/Texas/24-008749-003/2024(H5N1)	153	1417
PA|PP755594.1|A/cattle/Texas/24-008749-003/2024(H5N1)	154	1412
PA|PP755594.1|A/cattle/Texas/24-008749-003/2024(H5N1)	155	1412
PA|PP755594.1|A/cattle/Texas/24-008749-003/2024(H5N1)	156	1410
PA|PP755594.1|A/cattle/Texas/24-008749-003/2024(H5N1)	157	1405
PA|PP755594.1|A/cattle/Texas/24-008749-003/2024(H5N1)	158	1401
PA|PP755594.1|A/cattle/Texas/24-008749-003/2024(H5N1)	159	1292
PA|PP755594.1|A/cattle/Texas/24-008749-003/2024(H5N1)	160	1286
PA|PP755594.1|A/cattle/Texas/24-008749-003/2024(H5N1)	161	1286
PA|PP755594.1|A/cattle/Texas/24-008749-003/2024(H5N1)	162	1269
PA|PP755594.1|A/cattle/Texas/24-008749-003/2024(H5N1)	163	1281
PA|PP755594.1|A/cattle/Texas/24-008749-003/2024(H5N1)	164	1295
PA|PP755594.1|A/cattle/Texas/24-008749-003/2024(H5N1)	165	1310
PA|PP755594.1|A/cattle/Texas/24-008749-003/2024(H5N1)	166	1363
PA|PP755594.1|A/cattle/Texas/24-008749-003/2024(H5N1)	167	1365
PA|PP755594.1|A/cattle/Texas/24-008749-003/2024(H5N1)	168	1365
PA|PP755594.1|A/cattle/Texas/24-008749-003/2024(H5N1)	169	1365
PA|PP755594.1|A/cattle/Texas/24-008749-003/2024(H5N1)	170	1379
PA|PP755594.1|A/cattle/Texas/24-008749-003/2024(H5N1)	171	1388
PA|PP755594.1|A/cattle/Texas/24-008749-003/2024(H5N1)	172	1388
PA|PP755594.1|A/cattle/Texas/24-008749-003/2024(H5N1)	173	1390
PA|PP755594.1|A/cattle/Texas/24-008749-003/2024(H5N1)	174	1391
PA|PP755594.1|A/cattle/Texas/24-008749-003/2024(H5N1)	175	1362
PA|PP755594.1|A/cattle/Texas/24-008749-003/2024(H5N1)	176	1370
PA|PP755594.1|A/cattle/Texas/24-008749-003/2024(H5N1)	177	1397
PA|PP755594.1|A/cattle/Texas/24-008749-003/2024(H5N1)	178	1405
PA|PP755594.1|A/cattle/Texas/24-008749-003/2024(H5N1)	179	1432
PA|PP755594.1|A/cattle/Texas/24-008749-003/2024(H5N1)	180	1405
PA|PP755594.1|A/cattle/Texas/24-008749-003/2024(H5N1)	181	1408
PA|PP755594.1|A/cattle/Texas/24-008749-003/2024(H5N1)	182	1406
PA|PP755594.1|A/cattle/Texas/24-008749-003/2024(H5N1)	183	1405
PA|PP755594.1|A/cattle/Texas/24-008749-003/2024(H5N1)	184	1418
PA|PP755594.1|A/cattle/Texas/24-008749-003/2024(H5N1)	185	1423
PA|PP755594.1|A/cattle/Texas/24-008749-003/2024(H5N1)	186	1420
PA|PP755594.1|A/cattle/Texas/24-008749-003/2024(H5N1)	187	1419
PA|PP755594.1|A/cattle/Texas/24-008749-003/2024(H5N1)	188	1406
PA|PP755594.1|A/cattle/Texas/24-008749-003/2024(H5N1)	189	1406
PA|PP755594.1|A/cattle/Texas/24-008749-003/2024(H5N1)	190	1465
PA|PP755594.1|A/cattle/Texas/24-008749-003/2024(H5N1)	191	1466
PA|PP755594.1|A/cattle/Texas/24-008749-003/2024(H5N1)	192	1473
PA|PP755594.1|A/cattle/Texas/24-008749-003/2024(H5N1)	193	1474
PA|PP755594.1|A/cattle/Texas/24-008749-003/2024(H5N1)	194	1476
PA|PP755594.1|A/cattle/Texas/24-008749-003/2024(H5N1)	195	1476
PA|PP755594.1|A/cattle/Texas/24-008749-003/2024(H5N1)	196	1473
PA|PP755594.1|A/cattle/Texas/24-008749-003/2024(H5N1)	197	1479
PA|PP755594.1|A/cattle/Texas/24-008749-003/2024(H5N1)	198	1481
PA|PP755594.1|A/cattle/Texas/24-008749-003/2024(H5N1)	199	1481
PA|PP755594.1|A/cattle/Texas/24-008749-003/2024(H5N1)	200	1495
PA|PP755594.1|A/cattle/Texas/24-008749-003/2024(H5N1)	201	1498
PA|PP755594.1|A/cattle/Texas/24-008749-003/2024(H5N1)	202	1499
PA|PP755594.1|A/cattle/Texas/24-008749-003/2024(H5N1)	203	1502
PA|PP755594.1|A/cattle/Texas/24-008749-003/2024(H5N1)	204	1503
PA|PP755594.1|A/cattle/Texas/24-008749-003/2024(H5N1)	205	1512
PA|PP755594.1|A/cattle/Texas/24-008749-003/2024(H5N1)	206	1550
PA|PP755594.1|A/cattle/Texas/24-008749-003/2024(H5N1)	207	1547
PA|PP755594.1|A/cattle/Texas/24-008749-003/2024(H5N1)	208	1532
PA|PP755594.1|A/cattle/Texas/24-008749-003/2024(H5N1)	209	1529
PA|PP755594.1|A/cattle/Texas/24-008749-003/2024(H5N1)	210	1524
PA|PP755594.1|A/cattle/Texas/24-008749-003/2024(H5N1)	211	1386
PA|PP755594.1|A/cattle/Texas/24-008749-003/2024(H5N1)	212	1365
PA|PP755594.1|A/cattle/Texas/24-008749-003/2024(H5N1)	213	1364
PA|PP755594.1|A/cattle/Texas/24-008749-003/2024(H5N1)	214	1357
PA|PP755594.1|A/cattle/Texas/24-008749-003/2024(H5N1)	215	1361
PA|PP755594.1|A/cattle/Texas/24-008749-003/2024(H5N1)	216	1364
PA|PP755594.1|A/cattle/Texas/24-008749-003/2024(H5N1)	217	1361
PA|PP755594.1|A/cattle/Texas/24-008749-003/2024(H5N1)	218	1329
PA|PP755594.1|A/cattle/Texas/24-008749-003/2024(H5N1)	219	1325
PA|PP755594.1|A/cattle/Texas/24-008749-003/2024(H5N1)	220	1356
PA|PP755594.1|A/cattle/Texas/24-008749-003/2024(H5N1)	221	1356
PA|PP755594.1|A/cattle/Texas/24-008749-003/2024(H5N1)	222	1352
PA|PP755594.1|A/cattle/Texas/24-008749-003/2024(H5N1)	223	1514
PA|PP755594.1|A/cattle/Texas/24-008749-003/2024(H5N1)	224	1530
PA|PP755594.1|A/cattle/Texas/24-008749-003/2024(H5N1)	225	1540
PA|PP755594.1|A/cattle/Texas/24-008749-003/2024(H5N1)	226	1580
PA|PP755594.1|A/cattle/Texas/24-008749-003/2024(H5N1)	227	1580
PA|PP755594.1|A/cattle/Texas/24-008749-003/2024(H5N1)	228	1580
PA|PP755594.1|A/cattle/Texas/24-008749-003/2024(H5N1)	229	1606
PA|PP755594.1|A/cattle/Texas/24-008749-003/2024(H5N1)	230	1605
PA|PP755594.1|A/cattle/Texas/24-008749-003/2024(H5N1)	231	1602
PA|PP755594.1|A/cattle/Texas/24-008749-003/2024(H5N1)	232	1607
PA|PP755594.1|A/cattle/Texas/24-008749-003/2024(H5N1)	233	1605
PA|PP755594.1|A/cattle/Texas/24-008749-003/2024(H5N1)	234	1598
PA|PP755594.1|A/cattle/Texas/24-008749-003/2024(H5N1)	235	1592
PA|PP755594.1|A/cattle/Texas/24-008749-003/2024(H5N1)	236	1592
PA|PP755594.1|A/cattle/Texas/24-008749-003/2024(H5N1)	237	1587
PA|PP755594.1|A/cattle/Texas/24-008749-003/2024(H5N1)	238	1595
PA|PP755594.1|A/cattle/Texas/24-008749-003/2024(H5N1)	239	1595
PA|PP755594.1|A/cattle/Texas/24-008749-003/2024(H5N1)	240	1595
PA|PP755594.1|A/cattle/Texas/24-008749-003/2024(H5N1)	241	1595
PA|PP755594.1|A/cattle/Texas/24-008749-003/2024(H5N1)	242	1594
PA|PP755594.1|A/cattle/Texas/24-008749-003/2024(H5N1)	243	1592
PA|PP755594.1|A/cattle/Texas/24-008749-003/2024(H5N1)	244	1585
PA|PP755594.1|A/cattle/Texas/24-008749-003/2024(H5N1)	245	1584
PA|PP755594.1|A/cattle/Texas/24-008749-003/2024(H5N1)	246	1572
PA|PP755594.1|A/cattle/Texas/24-008749-003/2024(H5N1)	247	1570
PA|PP755594.1|A/cattle/Texas/24-008749-003/2024(H5N1)	248	1551
PA|PP755594.1|A/cattle/Texas/24-008749-003/2024(H5N1)	249	1447
PA|PP755594.1|A/cattle/Texas/24-008749-003/2024(H5N1)	250	1439
PA|PP755594.1|A/cattle/Texas/24-008749-003/2024(H5N1)	251	1472
PA|PP755594.1|A/cattle/Texas/24-008749-003/2024(H5N1)	252	1472
PA|PP755594.1|A/cattle/Texas/24-008749-003/2024(H5N1)	253	1491
PA|PP755594.1|A/cattle/Texas/24-008749-003/2024(H5N1)	254	1862
PA|PP755594.1|A/cattle/Texas/24-008749-003/2024(H5N1)	255	1867
PA|PP755594.1|A/cattle/Texas/24-008749-003/2024(H5N1)	256	1872
PA|PP755594.1|A/cattle/Texas/24-008749-003/2024(H5N1)	257	1879
PA|PP755594.1|A/cattle/Texas/24-008749-003/2024(H5N1)	258	1998
PA|PP755594.1|A/cattle/Texas/24-008749-003/2024(H5N1)	259	2000
PA|PP755594.1|A/cattle/Texas/24-008749-003/2024(H5N1)	260	1974
PA|PP755594.1|A/cattle/Texas/24-008749-003/2024(H5N1)	261	1979
PA|PP755594.1|A/cattle/Texas/24-008749-003/2024(H5N1)	262	1958
PA|PP755594.1|A/cattle/Texas/24-008749-003/2024(H5N1)	263	1985
PA|PP755594.1|A/cattle/Texas/24-008749-003/2024(H5N1)	264	1986
PA|PP755594.1|A/cattle/Texas/24-008749-003/2024(H5N1)	265	1974
PA|PP755594.1|A/cattle/Texas/24-008749-003/2024(H5N1)	266	1974
PA|PP755594.1|A/cattle/Texas/24-008749-003/2024(H5N1)	267	1856
PA|PP755594.1|A/cattle/Texas/24-008749-003/2024(H5N1)	268	1862
PA|PP755594.1|A/cattle/Texas/24-008749-003/2024(H5N1)	269	1844
PA|PP755594.1|A/cattle/Texas/24-008749-003/2024(H5N1)	270	1837
PA|PP755594.1|A/cattle/Texas/24-008749-003/2024(H5N1)	271	1837
PA|PP755594.1|A/cattle/Texas/24-008749-003/2024(H5N1)	272	1731
PA|PP755594.1|A/cattle/Texas/24-008749-003/2024(H5N1)	273	1706
PA|PP755594.1|A/cattle/Texas/24-008749-003/2024(H5N1)	274	1699
PA|PP755594.1|A/cattle/Texas/24-008749-003/2024(H5N1)	275	1696
PA|PP755594.1|A/cattle/Texas/24-008749-003/2024(H5N1)	276	1696
PA|PP755594.1|A/cattle/Texas/24-008749-003/2024(H5N1)	277	1594
PA|PP755594.1|A/cattle/Texas/24-008749-003/2024(H5N1)	278	1587
PA|PP755594.1|A/cattle/Texas/24-008749-003/2024(H5N1)	279	1559
PA|PP755594.1|A/cattle/Texas/24-008749-003/2024(H5N1)	280	1555
PA|PP755594.1|A/cattle/Texas/24-008749-003/2024(H5N1)	281	1554
PA|PP755594.1|A/cattle/Texas/24-008749-003/2024(H5N1)	282	1559
PA|PP755594.1|A/cattle/Texas/24-008749-003/2024(H5N1)	283	1547
PA|PP755594.1|A/cattle/Texas/24-008749-003/2024(H5N1)	284	1546
PA|PP755594.1|A/cattle/Texas/24-008749-003/2024(H5N1)	285	1497
PA|PP755594.1|A/cattle/Texas/24-008749-003/2024(H5N1)	286	1493
PA|PP755594.1|A/cattle/Texas/24-008749-003/2024(H5N1)	287	1492
PA|PP755594.1|A/cattle/Texas/24-008749-003/2024(H5N1)	288	1488
PA|PP755594.1|A/cattle/Texas/24-008749-003/2024(H5N1)	289	1476
PA|PP755594.1|A/cattle/Texas/24-008749-003/2024(H5N1)	290	1478
PA|PP755594.1|A/cattle/Texas/24-008749-003/2024(H5N1)	291	1441
PA|PP755594.1|A/cattle/Texas/24-008749-003/2024(H5N1)	292	1430
PA|PP755594.1|A/cattle/Texas/24-008749-003/2024(H5N1)	293	1430
PA|PP755594.1|A/cattle/Texas/24-008749-003/2024(H5N1)	294	1391
PA|PP755594.1|A/cattle/Texas/24-008749-003/2024(H5N1)	295	1391
PA|PP755594.1|A/cattle/Texas/24-008749-003/2024(H5N1)	296	1390
PA|PP755594.1|A/cattle/Texas/24-008749-003/2024(H5N1)	297	1381
PA|PP755594.1|A/cattle/Texas/24-008749-003/2024(H5N1)	298	1383
PA|PP755594.1|A/cattle/Texas/24-008749-003/2024(H5N1)	299	1383
PA|PP755594.1|A/cattle/Texas/24-008749-003/2024(H5N1)	300	1383
PA|PP755594.1|A/cattle/Texas/24-008749-003/2024(H5N1)	301	1381
PA|PP755594.1|A/cattle/Texas/24-008749-003/2024(H5N1)	302	1379
PA|PP755594.1|A/cattle/Texas/24-008749-003/2024(H5N1)	303	1379
PA|PP755594.1|A/cattle/Texas/24-008749-003/2024(H5N1)	304	1381
PA|PP755594.1|A/cattle/Texas/24-008749-003/2024(H5N1)	305	1377
PA|PP755594.1|A/cattle/Texas/24-008749-003/2024(H5N1)	306	1377
PA|PP755594.1|A/cattle/Texas/24-008749-003/2024(H5N1)	307	1372
PA|PP755594.1|A/cattle/Texas/24-008749-003/2024(H5N1)	308	1371
PA|PP755594.1|A/cattle/Texas/24-008749-003/2024(H5N1)	309	1366
PA|PP755594.1|A/cattle/Texas/24-008749-003/2024(H5N1)	310	1362
PA|PP755594.1|A/cattle/Texas/24-008749-003/2024(H5N1)	311	1360
PA|PP755594.1|A/cattle/Texas/24-008749-003/2024(H5N1)	312	1347
PA|PP755594.1|A/cattle/Texas/24-008749-003/2024(H5N1)	313	1353
PA|PP755594.1|A/cattle/Texas/24-008749-003/2024(H5N1)	314	1341
PA|PP755594.1|A/cattle/Texas/24-008749-003/2024(H5N1)	315	1326
PA|PP755594.1|A/cattle/Texas/24-008749-003/2024(H5N1)	316	1306
PA|PP755594.1|A/cattle/Texas/24-008749-003/2024(H5N1)	317	1291
PA|PP755594.1|A/cattle/Texas/24-008749-003/2024(H5N1)	318	1286
PA|PP755594.1|A/cattle/Texas/24-008749-003/2024(H5N1)	319	1286
PA|PP755594.1|A/cattle/Texas/24-008749-003/2024(H5N1)	320	1286
PA|PP755594.1|A/cattle/Texas/24-008749-003/2024(H5N1)	321	1265
PA|PP755594.1|A/cattle/Texas/24-008749-003/2024(H5N1)	322	1257
PA|PP755594.1|A/cattle/Texas/24-008749-003/2024(H5N1)	323	1257
PA|PP755594.1|A/cattle/Texas/24-008749-003/2024(H5N1)	324	1253
PA|PP755594.1|A/cattle/Texas/24-008749-003/2024(H5N1)	325	1252
PA|PP755594.1|A/cattle/Texas/24-008749-003/2024(H5N1)	326	1244
PA|PP755594.1|A/cattle/Texas/24-008749-003/2024(H5N1)	327	1235
PA|PP755594.1|A/cattle/Texas/24-008749-003/2024(H5N1)	328	1211
PA|PP755594.1|A/cattle/Texas/24-008749-003/2024(H5N1)	329	1204
PA|PP755594.1|A/cattle/Texas/24-008749-003/2024(H5N1)	330	1177
PA|PP755594.1|A/cattle/Texas/24-008749-003/2024(H5N1)	331	1164
PA|PP755594.1|A/cattle/Texas/24-008749-003/2024(H5N1)	332	1155
PA|PP755594.1|A/cattle/Texas/24-008749-003/2024(H5N1)	333	1065
PA|PP755594.1|A/cattle/Texas/24-008749-003/2024(H5N1)	334	1065
PA|PP755594.1|A/cattle/Texas/24-008749-003/2024(H5N1)	335	1058
PA|PP755594.1|A/cattle/Texas/24-008749-003/2024(H5N1)	336	1052
PA|PP755594.1|A/cattle/Texas/24-008749-003/2024(H5N1)	337	1048
PA|PP755594.1|A/cattle/Texas/24-008749-003/2024(H5N1)	338	1047
PA|PP755594.1|A/cattle/Texas/24-008749-003/2024(H5N1)	339	1046
PA|PP755594.1|A/cattle/Texas/24-008749-003/2024(H5N1)	340	1045
PA|PP755594.1|A/cattle/Texas/24-008749-003/2024(H5N1)	341	1045
PA|PP755594.1|A/cattle/Texas/24-008749-003/2024(H5N1)	342	1045
PA|PP755594.1|A/cattle/Texas/24-008749-003/2024(H5N1)	343	1044
PA|PP755594.1|A/cattle/Texas/24-008749-003/2024(H5N1)	344	1043
PA|PP755594.1|A/cattle/Texas/24-008749-003/2024(H5N1)	345	1042
PA|PP755594.1|A/cattle/Texas/24-008749-003/2024(H5N1)	346	1034
PA|PP755594.1|A/cattle/Texas/24-008749-003/2024(H5N1)	347	1034
PA|PP755594.1|A/cattle/Texas/24-008749-003/2024(H5N1)	348	1034
PA|PP755594.1|A/cattle/Texas/24-008749-003/2024(H5N1)	349	1032
PA|PP755594.1|A/cattle/Texas/24-008749-003/2024(H5N1)	350	1032
PA|PP755594.1|A/cattle/Texas/24-008749-003/2024(H5N1)	351	1018
PA|PP755594.1|A/cattle/Texas/24-008749-003/2024(H5N1)	352	1014
PA|PP755594.1|A/cattle/Texas/24-008749-003/2024(H5N1)	353	1012
PA|PP755594.1|A/cattle/Texas/24-008749-003/2024(H5N1)	354	1008
PA|PP755594.1|A/cattle/Texas/24-008749-003/2024(H5N1)	355	1006
PA|PP755594.1|A/cattle/Texas/24-008749-003/2024(H5N1)	356	994
PA|PP755594.1|A/cattle/Texas/24-008749-003/2024(H5N1)	357	947
PA|PP755594.1|A/cattle/Texas/24-008749-003/2024(H5N1)	358	946
PA|PP755594.1|A/cattle/Texas/24-008749-003/2024(H5N1)	359	936
PA|PP755594.1|A/cattle/Texas/24-008749-003/2024(H5N1)	360	928
PA|PP755594.1|A/cattle/Texas/24-008749-003/2024(H5N1)	361	926
PA|PP755594.1|A/cattle/Texas/24-008749-003/2024(H5N1)	362	851
PA|PP755594.1|A/cattle/Texas/24-008749-003/2024(H5N1)	363	849
PA|PP755594.1|A/cattle/Texas/24-008749-003/2024(H5N1)	364	838
PA|PP755594.1|A/cattle/Texas/24-008749-003/2024(H5N1)	365	805
PA|PP755594.1|A/cattle/Texas/24-008749-003/2024(H5N1)	366	13
PA|PP755594.1|A/cattle/Texas/24-008749-003/2024(H5N1)	367	11
PA|PP755594.1|A/cattle/Texas/24-008749-003/2024(H5N1)	368	11
PA|PP755594.1|A/cattle/Texas/24-008749-003/2024(H5N1)	369	11
PA|PP755594.1|A/cattle/Texas/24-008749-003/2024(H5N1)	370	11
PA|PP755594.1|A/cattle/Texas/24-008749-003/2024(H5N1)	371	11
PA|PP755594.1|A/cattle/Texas/24-008749-003/2024(H5N1)	372	10
PA|PP755594.1|A/cattle/Texas/24-008749-003/2024(H5N1)	373	10
PA|PP755594.1|A/cattle/Texas/24-008749-003/2024(H5N1)	374	10
PA|PP755594.1|A/cattle/Texas/24-008749-003/2024(H5N1)	375	10
PA|PP755594.1|A/cattle/Texas/24-008749-003/2024(H5N1)	376	10
PA|PP755594.1|A/cattle/Texas/24-008749-003/2024(H5N1)	377	10
PA|PP755594.1|A/cattle/Texas/24-008749-003/2024(H5N1)	378	10
PA|PP755594.1|A/cattle/Texas/24-008749-003/2024(H5N1)	379	10
PA|PP755594.1|A/cattle/Texas/24-008749-003/2024(H5N1)	380	10
PA|PP755594.1|A/cattle/Texas/24-008749-003/2024(H5N1)	381	10
PA|PP755594.1|A/cattle/Texas/24-008749-003/2024(H5N1)	382	10
PA|PP755594.1|A/cattle/Texas/24-008749-003/2024(H5N1)	383	10
PA|PP755594.1|A/cattle/Texas/24-008749-003/2024(H5N1)	384	10
PA|PP755594.1|A/cattle/Texas/24-008749-003/2024(H5N1)	385	10
PA|PP755594.1|A/cattle/Texas/24-008749-003/2024(H5N1)	386	10
PA|PP755594.1|A/cattle/Texas/24-008749-003/2024(H5N1)	387	10
PA|PP755594.1|A/cattle/Texas/24-008749-003/2024(H5N1)	388	10
PA|PP755594.1|A/cattle/Texas/24-008749-003/2024(H5N1)	389	10
PA|PP755594.1|A/cattle/Texas/24-008749-003/2024(H5N1)	390	10
PA|PP755594.1|A/cattle/Texas/24-008749-003/2024(H5N1)	391	10
PA|PP755594.1|A/cattle/Texas/24-008749-003/2024(H5N1)	392	10
PA|PP755594.1|A/cattle/Texas/24-008749-003/2024(H5N1)	393	10
PA|PP755594.1|A/cattle/Texas/24-008749-003/2024(H5N1)	394	10
PA|PP755594.1|A/cattle/Texas/24-008749-003/2024(H5N1)	395	10
PA|PP755594.1|A/cattle/Texas/24-008749-003/2024(H5N1)	396	10
PA|PP755594.1|A/cattle/Texas/24-008749-003/2024(H5N1)	397	16
PA|PP755594.1|A/cattle/Texas/24-008749-003/2024(H5N1)	398	16
PA|PP755594.1|A/cattle/Texas/24-008749-003/2024(H5N1)	399	25
PA|PP755594.1|A/cattle/Texas/24-008749-003/2024(H5N1)	400	1566
PA|PP755594.1|A/cattle/Texas/24-008749-003/2024(H5N1)	401	1570
PA|PP755594.1|A/cattle/Texas/24-008749-003/2024(H5N1)	402	1593
PA|PP755594.1|A/cattle/Texas/24-008749-003/2024(H5N1)	403	1609
PA|PP755594.1|A/cattle/Texas/24-008749-003/2024(H5N1)	404	1631
PA|PP755594.1|A/cattle/Texas/24-008749-003/2024(H5N1)	405	1632
PA|PP755594.1|A/cattle/Texas/24-008749-003/2024(H5N1)	406	1632
PA|PP755594.1|A/cattle/Texas/24-008749-003/2024(H5N1)	407	1654
PA|PP755594.1|A/cattle/Texas/24-008749-003/2024(H5N1)	408	1655
PA|PP755594.1|A/cattle/Texas/24-008749-003/2024(H5N1)	409	1673
PA|PP755594.1|A/cattle/Texas/24-008749-003/2024(H5N1)	410	1679
PA|PP755594.1|A/cattle/Texas/24-008749-003/2024(H5N1)	411	1692
PA|PP755594.1|A/cattle/Texas/24-008749-003/2024(H5N1)	412	1694
PA|PP755594.1|A/cattle/Texas/24-008749-003/2024(H5N1)	413	1696
PA|PP755594.1|A/cattle/Texas/24-008749-003/2024(H5N1)	414	1762
PA|PP755594.1|A/cattle/Texas/24-008749-003/2024(H5N1)	415	1787
PA|PP755594.1|A/cattle/Texas/24-008749-003/2024(H5N1)	416	1790
PA|PP755594.1|A/cattle/Texas/24-008749-003/2024(H5N1)	417	1799
PA|PP755594.1|A/cattle/Texas/24-008749-003/2024(H5N1)	418	1800
PA|PP755594.1|A/cattle/Texas/24-008749-003/2024(H5N1)	419	1715
PA|PP755594.1|A/cattle/Texas/24-008749-003/2024(H5N1)	420	1717
PA|PP755594.1|A/cattle/Texas/24-008749-003/2024(H5N1)	421	1686
PA|PP755594.1|A/cattle/Texas/24-008749-003/2024(H5N1)	422	1692
PA|PP755594.1|A/cattle/Texas/24-008749-003/2024(H5N1)	423	1692
PA|PP755594.1|A/cattle/Texas/24-008749-003/2024(H5N1)	424	1688
PA|PP755594.1|A/cattle/Texas/24-008749-003/2024(H5N1)	425	1688
PA|PP755594.1|A/cattle/Texas/24-008749-003/2024(H5N1)	426	1680
PA|PP755594.1|A/cattle/Texas/24-008749-003/2024(H5N1)	427	1743
PA|PP755594.1|A/cattle/Texas/24-008749-003/2024(H5N1)	428	1753
PA|PP755594.1|A/cattle/Texas/24-008749-003/2024(H5N1)	429	1751
PA|PP755594.1|A/cattle/Texas/24-008749-003/2024(H5N1)	430	1765
PA|PP755594.1|A/cattle/Texas/24-008749-003/2024(H5N1)	431	1757
PA|PP755594.1|A/cattle/Texas/24-008749-003/2024(H5N1)	432	1660
PA|PP755594.1|A/cattle/Texas/24-008749-003/2024(H5N1)	433	1635
PA|PP755594.1|A/cattle/Texas/24-008749-003/2024(H5N1)	434	1640
PA|PP755594.1|A/cattle/Texas/24-008749-003/2024(H5N1)	435	1632
PA|PP755594.1|A/cattle/Texas/24-008749-003/2024(H5N1)	436	1770
PA|PP755594.1|A/cattle/Texas/24-008749-003/2024(H5N1)	437	1800
PA|PP755594.1|A/cattle/Texas/24-008749-003/2024(H5N1)	438	1808
PA|PP755594.1|A/cattle/Texas/24-008749-003/2024(H5N1)	439	1771
PA|PP755594.1|A/cattle/Texas/24-008749-003/2024(H5N1)	440	1776
PA|PP755594.1|A/cattle/Texas/24-008749-003/2024(H5N1)	441	1691
PA|PP755594.1|A/cattle/Texas/24-008749-003/2024(H5N1)	442	1721
PA|PP755594.1|A/cattle/Texas/24-008749-003/2024(H5N1)	443	1715
PA|PP755594.1|A/cattle/Texas/24-008749-003/2024(H5N1)	444	1718
PA|PP755594.1|A/cattle/Texas/24-008749-003/2024(H5N1)	445	1721
PA|PP755594.1|A/cattle/Texas/24-008749-003/2024(H5N1)	446	1738
PA|PP755594.1|A/cattle/Texas/24-008749-003/2024(H5N1)	447	1740
PA|PP755594.1|A/cattle/Texas/24-008749-003/2024(H5N1)	448	1739
PA|PP755594.1|A/cattle/Texas/24-008749-003/2024(H5N1)	449	1729
PA|PP755594.1|A/cattle/Texas/24-008749-003/2024(H5N1)	450	1727
PA|PP755594.1|A/cattle/Texas/24-008749-003/2024(H5N1)	451	1735
PA|PP755594.1|A/cattle/Texas/24-008749-003/2024(H5N1)	452	1740
PA|PP755594.1|A/cattle/Texas/24-008749-003/2024(H5N1)	453	1738
PA|PP755594.1|A/cattle/Texas/24-008749-003/2024(H5N1)	454	1756
PA|PP755594.1|A/cattle/Texas/24-008749-003/2024(H5N1)	455	1757
PA|PP755594.1|A/cattle/Texas/24-008749-003/2024(H5N1)	456	1748
PA|PP755594.1|A/cattle/Texas/24-008749-003/2024(H5N1)	457	1742
PA|PP755594.1|A/cattle/Texas/24-008749-003/2024(H5N1)	458	1725
PA|PP755594.1|A/cattle/Texas/24-008749-003/2024(H5N1)	459	1731
PA|PP755594.1|A/cattle/Texas/24-008749-003/2024(H5N1)	460	1820
PA|PP755594.1|A/cattle/Texas/24-008749-003/2024(H5N1)	461	1822
PA|PP755594.1|A/cattle/Texas/24-008749-003/2024(H5N1)	462	1821
PA|PP755594.1|A/cattle/Texas/24-008749-003/2024(H5N1)	463	1804
PA|PP755594.1|A/cattle/Texas/24-008749-003/2024(H5N1)	464	1796
PA|PP755594.1|A/cattle/Texas/24-008749-003/2024(H5N1)	465	1795
PA|PP755594.1|A/cattle/Texas/24-008749-003/2024(H5N1)	466	1793
PA|PP755594.1|A/cattle/Texas/24-008749-003/2024(H5N1)	467	1793
PA|PP755594.1|A/cattle/Texas/24-008749-003/2024(H5N1)	468	1787
PA|PP755594.1|A/cattle/Texas/24-008749-003/2024(H5N1)	469	1771
PA|PP755594.1|A/cattle/Texas/24-008749-003/2024(H5N1)	470	1769
PA|PP755594.1|A/cattle/Texas/24-008749-003/2024(H5N1)	471	1715
PA|PP755594.1|A/cattle/Texas/24-008749-003/2024(H5N1)	472	1725
PA|PP755594.1|A/cattle/Texas/24-008749-003/2024(H5N1)	473	1711
PA|PP755594.1|A/cattle/Texas/24-008749-003/2024(H5N1)	474	1709
PA|PP755594.1|A/cattle/Texas/24-008749-003/2024(H5N1)	475	1716
PA|PP755594.1|A/cattle/Texas/24-008749-003/2024(H5N1)	476	1716
PA|PP755594.1|A/cattle/Texas/24-008749-003/2024(H5N1)	477	1704
PA|PP755594.1|A/cattle/Texas/24-008749-003/2024(H5N1)	478	1879
PA|PP755594.1|A/cattle/Texas/24-008749-003/2024(H5N1)	479	1925
PA|PP755594.1|A/cattle/Texas/24-008749-003/2024(H5N1)	480	1973
PA|PP755594.1|A/cattle/Texas/24-008749-003/2024(H5N1)	481	1986
PA|PP755594.1|A/cattle/Texas/24-008749-003/2024(H5N1)	482	1984
PA|PP755594.1|A/cattle/Texas/24-008749-003/2024(H5N1)	483	1950
PA|PP755594.1|A/cattle/Texas/24-008749-003/2024(H5N1)	484	1944
PA|PP755594.1|A/cattle/Texas/24-008749-003/2024(H5N1)	485	1966
PA|PP755594.1|A/cattle/Texas/24-008749-003/2024(H5N1)	486	1987
PA|PP755594.1|A/cattle/Texas/24-008749-003/2024(H5N1)	487	1878
PA|PP755594.1|A/cattle/Texas/24-008749-003/2024(H5N1)	488	1865
PA|PP755594.1|A/cattle/Texas/24-008749-003/2024(H5N1)	489	1840
PA|PP755594.1|A/cattle/Texas/24-008749-003/2024(H5N1)	490	1855
PA|PP755594.1|A/cattle/Texas/24-008749-003/2024(H5N1)	491	1868
PA|PP755594.1|A/cattle/Texas/24-008749-003/2024(H5N1)	492	1863
PA|PP755594.1|A/cattle/Texas/24-008749-003/2024(H5N1)	493	1875
PA|PP755594.1|A/cattle/Texas/24-008749-003/2024(H5N1)	494	1864
PA|PP755594.1|A/cattle/Texas/24-008749-003/2024(H5N1)	495	1868
PA|PP755594.1|A/cattle/Texas/24-008749-003/2024(H5N1)	496	1899
PA|PP755594.1|A/cattle/Texas/24-008749-003/2024(H5N1)	497	1899
PA|PP755594.1|A/cattle/Texas/24-008749-003/2024(H5N1)	498	1900
PA|PP755594.1|A/cattle/Texas/24-008749-003/2024(H5N1)	499	1910
PA|PP755594.1|A/cattle/Texas/24-008749-003/2024(H5N1)	500	1918
PA|PP755594.1|A/cattle/Texas/24-008749-003/2024(H5N1)	501	1928
PA|PP755594.1|A/cattle/Texas/24-008749-003/2024(H5N1)	502	1910
PA|PP755594.1|A/cattle/Texas/24-008749-003/2024(H5N1)	503	1931
PA|PP755594.1|A/cattle/Texas/24-008749-003/2024(H5N1)	504	1936
PA|PP755594.1|A/cattle/Texas/24-008749-003/2024(H5N1)	505	1940
PA|PP755594.1|A/cattle/Texas/24-008749-003/2024(H5N1)	506	1940
PA|PP755594.1|A/cattle/Texas/24-008749-003/2024(H5N1)	507	1918
PA|PP755594.1|A/cattle/Texas/24-008749-003/2024(H5N1)	508	1910
PA|PP755594.1|A/cattle/Texas/24-008749-003/2024(H5N1)	509	1906
PA|PP755594.1|A/cattle/Texas/24-008749-003/2024(H5N1)	510	1858
PA|PP755594.1|A/cattle/Texas/24-008749-003/2024(H5N1)	511	1876
PA|PP755594.1|A/cattle/Texas/24-008749-003/2024(H5N1)	512	1863
PA|PP755594.1|A/cattle/Texas/24-008749-003/2024(H5N1)	513	1845
PA|PP755594.1|A/cattle/Texas/24-008749-003/2024(H5N1)	514	2018
PA|PP755594.1|A/cattle/Texas/24-008749-003/2024(H5N1)	515	2041
PA|PP755594.1|A/cattle/Texas/24-008749-003/2024(H5N1)	516	2063
PA|PP755594.1|A/cattle/Texas/24-008749-003/2024(H5N1)	517	2062
PA|PP755594.1|A/cattle/Texas/24-008749-003/2024(H5N1)	518	2065
PA|PP755594.1|A/cattle/Texas/24-008749-003/2024(H5N1)	519	1982
PA|PP755594.1|A/cattle/Texas/24-008749-003/2024(H5N1)	520	1976
PA|PP755594.1|A/cattle/Texas/24-008749-003/2024(H5N1)	521	1971
PA|PP755594.1|A/cattle/Texas/24-008749-003/2024(H5N1)	522	1926
PA|PP755594.1|A/cattle/Texas/24-008749-003/2024(H5N1)	523	1918
PA|PP755594.1|A/cattle/Texas/24-008749-003/2024(H5N1)	524	1914
PA|PP755594.1|A/cattle/Texas/24-008749-003/2024(H5N1)	525	1947
PA|PP755594.1|A/cattle/Texas/24-008749-003/2024(H5N1)	526	2049
PA|PP755594.1|A/cattle/Texas/24-008749-003/2024(H5N1)	527	2058
PA|PP755594.1|A/cattle/Texas/24-008749-003/2024(H5N1)	528	2064
PA|PP755594.1|A/cattle/Texas/24-008749-003/2024(H5N1)	529	2016
PA|PP755594.1|A/cattle/Texas/24-008749-003/2024(H5N1)	530	2094
PA|PP755594.1|A/cattle/Texas/24-008749-003/2024(H5N1)	531	2082
PA|PP755594.1|A/cattle/Texas/24-008749-003/2024(H5N1)	532	2067
PA|PP755594.1|A/cattle/Texas/24-008749-003/2024(H5N1)	533	2057
PA|PP755594.1|A/cattle/Texas/24-008749-003/2024(H5N1)	534	2033
PA|PP755594.1|A/cattle/Texas/24-008749-003/2024(H5N1)	535	2033
PA|PP755594.1|A/cattle/Texas/24-008749-003/2024(H5N1)	536	2020
PA|PP755594.1|A/cattle/Texas/24-008749-003/2024(H5N1)	537	2012
PA|PP755594.1|A/cattle/Texas/24-008749-003/2024(H5N1)	538	1973
PA|PP755594.1|A/cattle/Texas/24-008749-003/2024(H5N1)	539	1912
PA|PP755594.1|A/cattle/Texas/24-008749-003/2024(H5N1)	540	1912
PA|PP755594.1|A/cattle/Texas/24-008749-003/2024(H5N1)	541	1927
PA|PP755594.1|A/cattle/Texas/24-008749-003/2024(H5N1)	542	1960
PA|PP755594.1|A/cattle/Texas/24-008749-003/2024(H5N1)	543	1937
PA|PP755594.1|A/cattle/Texas/24-008749-003/2024(H5N1)	544	1932
PA|PP755594.1|A/cattle/Texas/24-008749-003/2024(H5N1)	545	1917
PA|PP755594.1|A/cattle/Texas/24-008749-003/2024(H5N1)	546	1938
PA|PP755594.1|A/cattle/Texas/24-008749-003/2024(H5N1)	547	1942
PA|PP755594.1|A/cattle/Texas/24-008749-003/2024(H5N1)	548	1940
PA|PP755594.1|A/cattle/Texas/24-008749-003/2024(H5N1)	549	1975
PA|PP755594.1|A/cattle/Texas/24-008749-003/2024(H5N1)	550	1973
PA|PP755594.1|A/cattle/Texas/24-008749-003/2024(H5N1)	551	1974
PA|PP755594.1|A/cattle/Texas/24-008749-003/2024(H5N1)	552	1966
PA|PP755594.1|A/cattle/Texas/24-008749-003/2024(H5N1)	553	1988
PA|PP755594.1|A/cattle/Texas/24-008749-003/2024(H5N1)	554	1986
PA|PP755594.1|A/cattle/Texas/24-008749-003/2024(H5N1)	555	1978
PA|PP755594.1|A/cattle/Texas/24-008749-003/2024(H5N1)	556	2130
PA|PP755594.1|A/cattle/Texas/24-008749-003/2024(H5N1)	557	2190
PA|PP755594.1|A/cattle/Texas/24-008749-003/2024(H5N1)	558	2171
PA|PP755594.1|A/cattle/Texas/24-008749-003/2024(H5N1)	559	2178
PA|PP755594.1|A/cattle/Texas/24-008749-003/2024(H5N1)	560	2160
PA|PP755594.1|A/cattle/Texas/24-008749-003/2024(H5N1)	561	2194
PA|PP755594.1|A/cattle/Texas/24-008749-003/2024(H5N1)	562	2240
PA|PP755594.1|A/cattle/Texas/24-008749-003/2024(H5N1)	563	2241
PA|PP755594.1|A/cattle/Texas/24-008749-003/2024(H5N1)	564	2248
PA|PP755594.1|A/cattle/Texas/24-008749-003/2024(H5N1)	565	2169
PA|PP755594.1|A/cattle/Texas/24-008749-003/2024(H5N1)	566	2142
PA|PP755594.1|A/cattle/Texas/24-008749-003/2024(H5N1)	567	2145
PA|PP755594.1|A/cattle/Texas/24-008749-003/2024(H5N1)	568	2135
PA|PP755594.1|A/cattle/Texas/24-008749-003/2024(H5N1)	569	2197
PA|PP755594.1|A/cattle/Texas/24-008749-003/2024(H5N1)	570	2182
PA|PP755594.1|A/cattle/Texas/24-008749-003/2024(H5N1)	571	2157
PA|PP755594.1|A/cattle/Texas/24-008749-003/2024(H5N1)	572	2154
PA|PP755594.1|A/cattle/Texas/24-008749-003/2024(H5N1)	573	2143
PA|PP755594.1|A/cattle/Texas/24-008749-003/2024(H5N1)	574	2161
PA|PP755594.1|A/cattle/Texas/24-008749-003/2024(H5N1)	575	2178
PA|PP755594.1|A/cattle/Texas/24-008749-003/2024(H5N1)	576	2176
PA|PP755594.1|A/cattle/Texas/24-008749-003/2024(H5N1)	577	2208
PA|PP755594.1|A/cattle/Texas/24-008749-003/2024(H5N1)	578	2120
PA|PP755594.1|A/cattle/Texas/24-008749-003/2024(H5N1)	579	2157
PA|PP755594.1|A/cattle/Texas/24-008749-003/2024(H5N1)	580	2195
PA|PP755594.1|A/cattle/Texas/24-008749-003/2024(H5N1)	581	2192
PA|PP755594.1|A/cattle/Texas/24-008749-003/2024(H5N1)	582	2198
PA|PP755594.1|A/cattle/Texas/24-008749-003/2024(H5N1)	583	2111
PA|PP755594.1|A/cattle/Texas/24-008749-003/2024(H5N1)	584	2103
PA|PP755594.1|A/cattle/Texas/24-008749-003/2024(H5N1)	585	2089
PA|PP755594.1|A/cattle/Texas/24-008749-003/2024(H5N1)	586	2100
PA|PP755594.1|A/cattle/Texas/24-008749-003/2024(H5N1)	587	2164
PA|PP755594.1|A/cattle/Texas/24-008749-003/2024(H5N1)	588	2118
PA|PP755594.1|A/cattle/Texas/24-008749-003/2024(H5N1)	589	2125
PA|PP755594.1|A/cattle/Texas/24-008749-003/2024(H5N1)	590	2125
PA|PP755594.1|A/cattle/Texas/24-008749-003/2024(H5N1)	591	2118
PA|PP755594.1|A/cattle/Texas/24-008749-003/2024(H5N1)	592	2120
PA|PP755594.1|A/cattle/Texas/24-008749-003/2024(H5N1)	593	2125
PA|PP755594.1|A/cattle/Texas/24-008749-003/2024(H5N1)	594	2123
PA|PP755594.1|A/cattle/Texas/24-008749-003/2024(H5N1)	595	2125
PA|PP755594.1|A/cattle/Texas/24-008749-003/2024(H5N1)	596	2124
PA|PP755594.1|A/cattle/Texas/24-008749-003/2024(H5N1)	597	2107
PA|PP755594.1|A/cattle/Texas/24-008749-003/2024(H5N1)	598	2092
PA|PP755594.1|A/cattle/Texas/24-008749-003/2024(H5N1)	599	2107
PA|PP755594.1|A/cattle/Texas/24-008749-003/2024(H5N1)	600	2106
PA|PP755594.1|A/cattle/Texas/24-008749-003/2024(H5N1)	601	2116
PA|PP755594.1|A/cattle/Texas/24-008749-003/2024(H5N1)	602	2115
PA|PP755594.1|A/cattle/Texas/24-008749-003/2024(H5N1)	603	2110
PA|PP755594.1|A/cattle/Texas/24-008749-003/2024(H5N1)	604	2119
PA|PP755594.1|A/cattle/Texas/24-008749-003/2024(H5N1)	605	2125
PA|PP755594.1|A/cattle/Texas/24-008749-003/2024(H5N1)	606	2121
PA|PP755594.1|A/cattle/Texas/24-008749-003/2024(H5N1)	607	2130
PA|PP755594.1|A/cattle/Texas/24-008749-003/2024(H5N1)	608	2119
PA|PP755594.1|A/cattle/Texas/24-008749-003/2024(H5N1)	609	2119
PA|PP755594.1|A/cattle/Texas/24-008749-003/2024(H5N1)	610	2104
PA|PP755594.1|A/cattle/Texas/24-008749-003/2024(H5N1)	611	2044
PA|PP755594.1|A/cattle/Texas/24-008749-003/2024(H5N1)	612	2056
PA|PP755594.1|A/cattle/Texas/24-008749-003/2024(H5N1)	613	2057
PA|PP755594.1|A/cattle/Texas/24-008749-003/2024(H5N1)	614	2057
PA|PP755594.1|A/cattle/Texas/24-008749-003/2024(H5N1)	615	2060
PA|PP755594.1|A/cattle/Texas/24-008749-003/2024(H5N1)	616	2060
PA|PP755594.1|A/cattle/Texas/24-008749-003/2024(H5N1)	617	2060
PA|PP755594.1|A/cattle/Texas/24-008749-003/2024(H5N1)	618	2061
PA|PP755594.1|A/cattle/Texas/24-008749-003/2024(H5N1)	619	2043
PA|PP755594.1|A/cattle/Texas/24-008749-003/2024(H5N1)	620	2066
PA|PP755594.1|A/cattle/Texas/24-008749-003/2024(H5N1)	621	2096
PA|PP755594.1|A/cattle/Texas/24-008749-003/2024(H5N1)	622	2097
PA|PP755594.1|A/cattle/Texas/24-008749-003/2024(H5N1)	623	2101
PA|PP755594.1|A/cattle/Texas/24-008749-003/2024(H5N1)	624	2098
PA|PP755594.1|A/cattle/Texas/24-008749-003/2024(H5N1)	625	2113
PA|PP755594.1|A/cattle/Texas/24-008749-003/2024(H5N1)	626	2114
PA|PP755594.1|A/cattle/Texas/24-008749-003/2024(H5N1)	627	2114
PA|PP755594.1|A/cattle/Texas/24-008749-003/2024(H5N1)	628	2129
PA|PP755594.1|A/cattle/Texas/24-008749-003/2024(H5N1)	629	2013
PA|PP755594.1|A/cattle/Texas/24-008749-003/2024(H5N1)	630	1964
PA|PP755594.1|A/cattle/Texas/24-008749-003/2024(H5N1)	631	1939
PA|PP755594.1|A/cattle/Texas/24-008749-003/2024(H5N1)	632	1935
PA|PP755594.1|A/cattle/Texas/24-008749-003/2024(H5N1)	633	1943
PA|PP755594.1|A/cattle/Texas/24-008749-003/2024(H5N1)	634	1935
PA|PP755594.1|A/cattle/Texas/24-008749-003/2024(H5N1)	635	1930
PA|PP755594.1|A/cattle/Texas/24-008749-003/2024(H5N1)	636	1921
PA|PP755594.1|A/cattle/Texas/24-008749-003/2024(H5N1)	637	1896
PA|PP755594.1|A/cattle/Texas/24-008749-003/2024(H5N1)	638	1931
PA|PP755594.1|A/cattle/Texas/24-008749-003/2024(H5N1)	639	1931
PA|PP755594.1|A/cattle/Texas/24-008749-003/2024(H5N1)	640	1926
PA|PP755594.1|A/cattle/Texas/24-008749-003/2024(H5N1)	641	1909
PA|PP755594.1|A/cattle/Texas/24-008749-003/2024(H5N1)	642	1888
PA|PP755594.1|A/cattle/Texas/24-008749-003/2024(H5N1)	643	1927
PA|PP755594.1|A/cattle/Texas/24-008749-003/2024(H5N1)	644	1918
PA|PP755594.1|A/cattle/Texas/24-008749-003/2024(H5N1)	645	1920
PA|PP755594.1|A/cattle/Texas/24-008749-003/2024(H5N1)	646	1949
PA|PP755594.1|A/cattle/Texas/24-008749-003/2024(H5N1)	647	1922
PA|PP755594.1|A/cattle/Texas/24-008749-003/2024(H5N1)	648	1922
PA|PP755594.1|A/cattle/Texas/24-008749-003/2024(H5N1)	649	1912
PA|PP755594.1|A/cattle/Texas/24-008749-003/2024(H5N1)	650	1899
PA|PP755594.1|A/cattle/Texas/24-008749-003/2024(H5N1)	651	1678
PA|PP755594.1|A/cattle/Texas/24-008749-003/2024(H5N1)	652	1669
PA|PP755594.1|A/cattle/Texas/24-008749-003/2024(H5N1)	653	1669
PA|PP755594.1|A/cattle/Texas/24-008749-003/2024(H5N1)	654	1648
PA|PP755594.1|A/cattle/Texas/24-008749-003/2024(H5N1)	655	1641
PA|PP755594.1|A/cattle/Texas/24-008749-003/2024(H5N1)	656	1644
PA|PP755594.1|A/cattle/Texas/24-008749-003/2024(H5N1)	657	1651
PA|PP755594.1|A/cattle/Texas/24-008749-003/2024(H5N1)	658	1818
PA|PP755594.1|A/cattle/Texas/24-008749-003/2024(H5N1)	659	1825
PA|PP755594.1|A/cattle/Texas/24-008749-003/2024(H5N1)	660	1827
PA|PP755594.1|A/cattle/Texas/24-008749-003/2024(H5N1)	661	1827
PA|PP755594.1|A/cattle/Texas/24-008749-003/2024(H5N1)	662	1819
PA|PP755594.1|A/cattle/Texas/24-008749-003/2024(H5N1)	663	1821
PA|PP755594.1|A/cattle/Texas/24-008749-003/2024(H5N1)	664	1838
PA|PP755594.1|A/cattle/Texas/24-008749-003/2024(H5N1)	665	1842
PA|PP755594.1|A/cattle/Texas/24-008749-003/2024(H5N1)	666	1850
PA|PP755594.1|A/cattle/Texas/24-008749-003/2024(H5N1)	667	1830
PA|PP755594.1|A/cattle/Texas/24-008749-003/2024(H5N1)	668	1868
PA|PP755594.1|A/cattle/Texas/24-008749-003/2024(H5N1)	669	1877
PA|PP755594.1|A/cattle/Texas/24-008749-003/2024(H5N1)	670	1877
PA|PP755594.1|A/cattle/Texas/24-008749-003/2024(H5N1)	671	1870
PA|PP755594.1|A/cattle/Texas/24-008749-003/2024(H5N1)	672	1863
PA|PP755594.1|A/cattle/Texas/24-008749-003/2024(H5N1)	673	1832
PA|PP755594.1|A/cattle/Texas/24-008749-003/2024(H5N1)	674	1847
PA|PP755594.1|A/cattle/Texas/24-008749-003/2024(H5N1)	675	1859
PA|PP755594.1|A/cattle/Texas/24-008749-003/2024(H5N1)	676	1824
PA|PP755594.1|A/cattle/Texas/24-008749-003/2024(H5N1)	677	1795
PA|PP755594.1|A/cattle/Texas/24-008749-003/2024(H5N1)	678	1795
PA|PP755594.1|A/cattle/Texas/24-008749-003/2024(H5N1)	679	1793
PA|PP755594.1|A/cattle/Texas/24-008749-003/2024(H5N1)	680	1939
PA|PP755594.1|A/cattle/Texas/24-008749-003/2024(H5N1)	681	1855
PA|PP755594.1|A/cattle/Texas/24-008749-003/2024(H5N1)	682	1856
PA|PP755594.1|A/cattle/Texas/24-008749-003/2024(H5N1)	683	1855
PA|PP755594.1|A/cattle/Texas/24-008749-003/2024(H5N1)	684	1909
PA|PP755594.1|A/cattle/Texas/24-008749-003/2024(H5N1)	685	1938
PA|PP755594.1|A/cattle/Texas/24-008749-003/2024(H5N1)	686	1937
PA|PP755594.1|A/cattle/Texas/24-008749-003/2024(H5N1)	687	1926
PA|PP755594.1|A/cattle/Texas/24-008749-003/2024(H5N1)	688	1926
PA|PP755594.1|A/cattle/Texas/24-008749-003/2024(H5N1)	689	1937
PA|PP755594.1|A/cattle/Texas/24-008749-003/2024(H5N1)	690	1946
PA|PP755594.1|A/cattle/Texas/24-008749-003/2024(H5N1)	691	1971
PA|PP755594.1|A/cattle/Texas/24-008749-003/2024(H5N1)	692	1958
PA|PP755594.1|A/cattle/Texas/24-008749-003/2024(H5N1)	693	1934
PA|PP755594.1|A/cattle/Texas/24-008749-003/2024(H5N1)	694	1941
PA|PP755594.1|A/cattle/Texas/24-008749-003/2024(H5N1)	695	1981
PA|PP755594.1|A/cattle/Texas/24-008749-003/2024(H5N1)	696	1981
PA|PP755594.1|A/cattle/Texas/24-008749-003/2024(H5N1)	697	1968
PA|PP755594.1|A/cattle/Texas/24-008749-003/2024(H5N1)	698	1960
PA|PP755594.1|A/cattle/Texas/24-008749-003/2024(H5N1)	699	1960
PA|PP755594.1|A/cattle/Texas/24-008749-003/2024(H5N1)	700	1936
PA|PP755594.1|A/cattle/Texas/24-008749-003/2024(H5N1)	701	1922
PA|PP755594.1|A/cattle/Texas/24-008749-003/2024(H5N1)	702	1892
PA|PP755594.1|A/cattle/Texas/24-008749-003/2024(H5N1)	703	1886
PA|PP755594.1|A/cattle/Texas/24-008749-003/2024(H5N1)	704	1921
PA|PP755594.1|A/cattle/Texas/24-008749-003/2024(H5N1)	705	1925
PA|PP755594.1|A/cattle/Texas/24-008749-003/2024(H5N1)	706	1915
PA|PP755594.1|A/cattle/Texas/24-008749-003/2024(H5N1)	707	1839
PA|PP755594.1|A/cattle/Texas/24-008749-003/2024(H5N1)	708	1784
PA|PP755594.1|A/cattle/Texas/24-008749-003/2024(H5N1)	709	1789
PA|PP755594.1|A/cattle/Texas/24-008749-003/2024(H5N1)	710	1803
PA|PP755594.1|A/cattle/Texas/24-008749-003/2024(H5N1)	711	1803
PA|PP755594.1|A/cattle/Texas/24-008749-003/2024(H5N1)	712	1772
PA|PP755594.1|A/cattle/Texas/24-008749-003/2024(H5N1)	713	1714
PA|PP755594.1|A/cattle/Texas/24-008749-003/2024(H5N1)	714	1715
PA|PP755594.1|A/cattle/Texas/24-008749-003/2024(H5N1)	715	1706
PA|PP755594.1|A/cattle/Texas/24-008749-003/2024(H5N1)	716	1705
PA|PP755594.1|A/cattle/Texas/24-008749-003/2024(H5N1)	717	1728
PA|PP755594.1|A/cattle/Texas/24-008749-003/2024(H5N1)	718	1749
PA|PP755594.1|A/cattle/Texas/24-008749-003/2024(H5N1)	719	1792
PA|PP755594.1|A/cattle/Texas/24-008749-003/2024(H5N1)	720	1742
PA|PP755594.1|A/cattle/Texas/24-008749-003/2024(H5N1)	721	1737
PA|PP755594.1|A/cattle/Texas/24-008749-003/2024(H5N1)	722	1785
PA|PP755594.1|A/cattle/Texas/24-008749-003/2024(H5N1)	723	1796
PA|PP755594.1|A/cattle/Texas/24-008749-003/2024(H5N1)	724	1802
PA|PP755594.1|A/cattle/Texas/24-008749-003/2024(H5N1)	725	1790
PA|PP755594.1|A/cattle/Texas/24-008749-003/2024(H5N1)	726	1764
PA|PP755594.1|A/cattle/Texas/24-008749-003/2024(H5N1)	727	1768
PA|PP755594.1|A/cattle/Texas/24-008749-003/2024(H5N1)	728	1728
PA|PP755594.1|A/cattle/Texas/24-008749-003/2024(H5N1)	729	1775
PA|PP755594.1|A/cattle/Texas/24-008749-003/2024(H5N1)	730	1740
PA|PP755594.1|A/cattle/Texas/24-008749-003/2024(H5N1)	731	1701
PA|PP755594.1|A/cattle/Texas/24-008749-003/2024(H5N1)	732	1691
PA|PP755594.1|A/cattle/Texas/24-008749-003/2024(H5N1)	733	1706
PA|PP755594.1|A/cattle/Texas/24-008749-003/2024(H5N1)	734	1710
PA|PP755594.1|A/cattle/Texas/24-008749-003/2024(H5N1)	735	1731
PA|PP755594.1|A/cattle/Texas/24-008749-003/2024(H5N1)	736	1732
PA|PP755594.1|A/cattle/Texas/24-008749-003/2024(H5N1)	737	1729
PA|PP755594.1|A/cattle/Texas/24-008749-003/2024(H5N1)	738	1677
PA|PP755594.1|A/cattle/Texas/24-008749-003/2024(H5N1)	739	1681
PA|PP755594.1|A/cattle/Texas/24-008749-003/2024(H5N1)	740	1680
PA|PP755594.1|A/cattle/Texas/24-008749-003/2024(H5N1)	741	1680
PA|PP755594.1|A/cattle/Texas/24-008749-003/2024(H5N1)	742	1685
PA|PP755594.1|A/cattle/Texas/24-008749-003/2024(H5N1)	743	1682
PA|PP755594.1|A/cattle/Texas/24-008749-003/2024(H5N1)	744	1699
PA|PP755594.1|A/cattle/Texas/24-008749-003/2024(H5N1)	745	1713
PA|PP755594.1|A/cattle/Texas/24-008749-003/2024(H5N1)	746	1705
PA|PP755594.1|A/cattle/Texas/24-008749-003/2024(H5N1)	747	1703
PA|PP755594.1|A/cattle/Texas/24-008749-003/2024(H5N1)	748	1697
PA|PP755594.1|A/cattle/Texas/24-008749-003/2024(H5N1)	749	1695
PA|PP755594.1|A/cattle/Texas/24-008749-003/2024(H5N1)	750	1677
PA|PP755594.1|A/cattle/Texas/24-008749-003/2024(H5N1)	751	1751
PA|PP755594.1|A/cattle/Texas/24-008749-003/2024(H5N1)	752	1743
PA|PP755594.1|A/cattle/Texas/24-008749-003/2024(H5N1)	753	1744
PA|PP755594.1|A/cattle/Texas/24-008749-003/2024(H5N1)	754	1744
PA|PP755594.1|A/cattle/Texas/24-008749-003/2024(H5N1)	755	1737
PA|PP755594.1|A/cattle/Texas/24-008749-003/2024(H5N1)	756	1711
PA|PP755594.1|A/cattle/Texas/24-008749-003/2024(H5N1)	757	1777
PA|PP755594.1|A/cattle/Texas/24-008749-003/2024(H5N1)	758	1792
PA|PP755594.1|A/cattle/Texas/24-008749-003/2024(H5N1)	759	1819
PA|PP755594.1|A/cattle/Texas/24-008749-003/2024(H5N1)	760	1960
PA|PP755594.1|A/cattle/Texas/24-008749-003/2024(H5N1)	761	1974
PA|PP755594.1|A/cattle/Texas/24-008749-003/2024(H5N1)	762	1977
PA|PP755594.1|A/cattle/Texas/24-008749-003/2024(H5N1)	763	1964
PA|PP755594.1|A/cattle/Texas/24-008749-003/2024(H5N1)	764	1968
PA|PP755594.1|A/cattle/Texas/24-008749-003/2024(H5N1)	765	2189
PA|PP755594.1|A/cattle/Texas/24-008749-003/2024(H5N1)	766	2183
PA|PP755594.1|A/cattle/Texas/24-008749-003/2024(H5N1)	767	2203
PA|PP755594.1|A/cattle/Texas/24-008749-003/2024(H5N1)	768	2218
PA|PP755594.1|A/cattle/Texas/24-008749-003/2024(H5N1)	769	2217
PA|PP755594.1|A/cattle/Texas/24-008749-003/2024(H5N1)	770	2216
PA|PP755594.1|A/cattle/Texas/24-008749-003/2024(H5N1)	771	2185
PA|PP755594.1|A/cattle/Texas/24-008749-003/2024(H5N1)	772	2134
PA|PP755594.1|A/cattle/Texas/24-008749-003/2024(H5N1)	773	2129
PA|PP755594.1|A/cattle/Texas/24-008749-003/2024(H5N1)	774	2111
PA|PP755594.1|A/cattle/Texas/24-008749-003/2024(H5N1)	775	2177
PA|PP755594.1|A/cattle/Texas/24-008749-003/2024(H5N1)	776	2162
PA|PP755594.1|A/cattle/Texas/24-008749-003/2024(H5N1)	777	2156
PA|PP755594.1|A/cattle/Texas/24-008749-003/2024(H5N1)	778	2156
PA|PP755594.1|A/cattle/Texas/24-008749-003/2024(H5N1)	779	2142
PA|PP755594.1|A/cattle/Texas/24-008749-003/2024(H5N1)	780	2138
PA|PP755594.1|A/cattle/Texas/24-008749-003/2024(H5N1)	781	2135
PA|PP755594.1|A/cattle/Texas/24-008749-003/2024(H5N1)	782	2158
PA|PP755594.1|A/cattle/Texas/24-008749-003/2024(H5N1)	783	2154
PA|PP755594.1|A/cattle/Texas/24-008749-003/2024(H5N1)	784	2145
PA|PP755594.1|A/cattle/Texas/24-008749-003/2024(H5N1)	785	2166
PA|PP755594.1|A/cattle/Texas/24-008749-003/2024(H5N1)	786	2174
PA|PP755594.1|A/cattle/Texas/24-008749-003/2024(H5N1)	787	2165
PA|PP755594.1|A/cattle/Texas/24-008749-003/2024(H5N1)	788	2192
PA|PP755594.1|A/cattle/Texas/24-008749-003/2024(H5N1)	789	2158
PA|PP755594.1|A/cattle/Texas/24-008749-003/2024(H5N1)	790	2176
PA|PP755594.1|A/cattle/Texas/24-008749-003/2024(H5N1)	791	2210
PA|PP755594.1|A/cattle/Texas/24-008749-003/2024(H5N1)	792	2207
PA|PP755594.1|A/cattle/Texas/24-008749-003/2024(H5N1)	793	2208
PA|PP755594.1|A/cattle/Texas/24-008749-003/2024(H5N1)	794	2167
PA|PP755594.1|A/cattle/Texas/24-008749-003/2024(H5N1)	795	2160
PA|PP755594.1|A/cattle/Texas/24-008749-003/2024(H5N1)	796	2162
PA|PP755594.1|A/cattle/Texas/24-008749-003/2024(H5N1)	797	2122
PA|PP755594.1|A/cattle/Texas/24-008749-003/2024(H5N1)	798	2106
PA|PP755594.1|A/cattle/Texas/24-008749-003/2024(H5N1)	799	2086
PA|PP755594.1|A/cattle/Texas/24-008749-003/2024(H5N1)	800	2072
PA|PP755594.1|A/cattle/Texas/24-008749-003/2024(H5N1)	801	2059
PA|PP755594.1|A/cattle/Texas/24-008749-003/2024(H5N1)	802	2051
PA|PP755594.1|A/cattle/Texas/24-008749-003/2024(H5N1)	803	2049
PA|PP755594.1|A/cattle/Texas/24-008749-003/2024(H5N1)	804	2029
PA|PP755594.1|A/cattle/Texas/24-008749-003/2024(H5N1)	805	2021
PA|PP755594.1|A/cattle/Texas/24-008749-003/2024(H5N1)	806	1991
PA|PP755594.1|A/cattle/Texas/24-008749-003/2024(H5N1)	807	1988
PA|PP755594.1|A/cattle/Texas/24-008749-003/2024(H5N1)	808	1981
PA|PP755594.1|A/cattle/Texas/24-008749-003/2024(H5N1)	809	1941
PA|PP755594.1|A/cattle/Texas/24-008749-003/2024(H5N1)	810	1936
PA|PP755594.1|A/cattle/Texas/24-008749-003/2024(H5N1)	811	1936
PA|PP755594.1|A/cattle/Texas/24-008749-003/2024(H5N1)	812	1937
PA|PP755594.1|A/cattle/Texas/24-008749-003/2024(H5N1)	813	1923
PA|PP755594.1|A/cattle/Texas/24-008749-003/2024(H5N1)	814	1920
PA|PP755594.1|A/cattle/Texas/24-008749-003/2024(H5N1)	815	1902
PA|PP755594.1|A/cattle/Texas/24-008749-003/2024(H5N1)	816	1901
PA|PP755594.1|A/cattle/Texas/24-008749-003/2024(H5N1)	817	1896
PA|PP755594.1|A/cattle/Texas/24-008749-003/2024(H5N1)	818	1893
PA|PP755594.1|A/cattle/Texas/24-008749-003/2024(H5N1)	819	1535
PA|PP755594.1|A/cattle/Texas/24-008749-003/2024(H5N1)	820	1524
PA|PP755594.1|A/cattle/Texas/24-008749-003/2024(H5N1)	821	1523
PA|PP755594.1|A/cattle/Texas/24-008749-003/2024(H5N1)	822	1522
PA|PP755594.1|A/cattle/Texas/24-008749-003/2024(H5N1)	823	1522
PA|PP755594.1|A/cattle/Texas/24-008749-003/2024(H5N1)	824	1521
PA|PP755594.1|A/cattle/Texas/24-008749-003/2024(H5N1)	825	1505
PA|PP755594.1|A/cattle/Texas/24-008749-003/2024(H5N1)	826	1481
PA|PP755594.1|A/cattle/Texas/24-008749-003/2024(H5N1)	827	1475
PA|PP755594.1|A/cattle/Texas/24-008749-003/2024(H5N1)	828	1470
PA|PP755594.1|A/cattle/Texas/24-008749-003/2024(H5N1)	829	1470
PA|PP755594.1|A/cattle/Texas/24-008749-003/2024(H5N1)	830	1475
PA|PP755594.1|A/cattle/Texas/24-008749-003/2024(H5N1)	831	1477
PA|PP755594.1|A/cattle/Texas/24-008749-003/2024(H5N1)	832	1486
PA|PP755594.1|A/cattle/Texas/24-008749-003/2024(H5N1)	833	1486
PA|PP755594.1|A/cattle/Texas/24-008749-003/2024(H5N1)	834	1486
PA|PP755594.1|A/cattle/Texas/24-008749-003/2024(H5N1)	835	1441
PA|PP755594.1|A/cattle/Texas/24-008749-003/2024(H5N1)	836	1406
PA|PP755594.1|A/cattle/Texas/24-008749-003/2024(H5N1)	837	1404
PA|PP755594.1|A/cattle/Texas/24-008749-003/2024(H5N1)	838	1404
PA|PP755594.1|A/cattle/Texas/24-008749-003/2024(H5N1)	839	1404
PA|PP755594.1|A/cattle/Texas/24-008749-003/2024(H5N1)	840	1392
PA|PP755594.1|A/cattle/Texas/24-008749-003/2024(H5N1)	841	1399
PA|PP755594.1|A/cattle/Texas/24-008749-003/2024(H5N1)	842	1404
PA|PP755594.1|A/cattle/Texas/24-008749-003/2024(H5N1)	843	1404
PA|PP755594.1|A/cattle/Texas/24-008749-003/2024(H5N1)	844	1409
PA|PP755594.1|A/cattle/Texas/24-008749-003/2024(H5N1)	845	1399
PA|PP755594.1|A/cattle/Texas/24-008749-003/2024(H5N1)	846	1366
PA|PP755594.1|A/cattle/Texas/24-008749-003/2024(H5N1)	847	1367
PA|PP755594.1|A/cattle/Texas/24-008749-003/2024(H5N1)	848	1376
PA|PP755594.1|A/cattle/Texas/24-008749-003/2024(H5N1)	849	1398
PA|PP755594.1|A/cattle/Texas/24-008749-003/2024(H5N1)	850	1407
PA|PP755594.1|A/cattle/Texas/24-008749-003/2024(H5N1)	851	1438
PA|PP755594.1|A/cattle/Texas/24-008749-003/2024(H5N1)	852	1466
PA|PP755594.1|A/cattle/Texas/24-008749-003/2024(H5N1)	853	1466
PA|PP755594.1|A/cattle/Texas/24-008749-003/2024(H5N1)	854	1466
PA|PP755594.1|A/cattle/Texas/24-008749-003/2024(H5N1)	855	1424
PA|PP755594.1|A/cattle/Texas/24-008749-003/2024(H5N1)	856	1416
PA|PP755594.1|A/cattle/Texas/24-008749-003/2024(H5N1)	857	1416
PA|PP755594.1|A/cattle/Texas/24-008749-003/2024(H5N1)	858	1401
PA|PP755594.1|A/cattle/Texas/24-008749-003/2024(H5N1)	859	1401
PA|PP755594.1|A/cattle/Texas/24-008749-003/2024(H5N1)	860	1394
PA|PP755594.1|A/cattle/Texas/24-008749-003/2024(H5N1)	861	1059
PA|PP755594.1|A/cattle/Texas/24-008749-003/2024(H5N1)	862	1059
PA|PP755594.1|A/cattle/Texas/24-008749-003/2024(H5N1)	863	1059
PA|PP755594.1|A/cattle/Texas/24-008749-003/2024(H5N1)	864	1059
PA|PP755594.1|A/cattle/Texas/24-008749-003/2024(H5N1)	865	1060
PA|PP755594.1|A/cattle/Texas/24-008749-003/2024(H5N1)	866	1061
PA|PP755594.1|A/cattle/Texas/24-008749-003/2024(H5N1)	867	1072
PA|PP755594.1|A/cattle/Texas/24-008749-003/2024(H5N1)	868	1734
PA|PP755594.1|A/cattle/Texas/24-008749-003/2024(H5N1)	869	1736
PA|PP755594.1|A/cattle/Texas/24-008749-003/2024(H5N1)	870	1746
PA|PP755594.1|A/cattle/Texas/24-008749-003/2024(H5N1)	871	1748
PA|PP755594.1|A/cattle/Texas/24-008749-003/2024(H5N1)	872	1759
PA|PP755594.1|A/cattle/Texas/24-008749-003/2024(H5N1)	873	1760
PA|PP755594.1|A/cattle/Texas/24-008749-003/2024(H5N1)	874	1766
PA|PP755594.1|A/cattle/Texas/24-008749-003/2024(H5N1)	875	1802
PA|PP755594.1|A/cattle/Texas/24-008749-003/2024(H5N1)	876	1803
PA|PP755594.1|A/cattle/Texas/24-008749-003/2024(H5N1)	877	1813
PA|PP755594.1|A/cattle/Texas/24-008749-003/2024(H5N1)	878	1821
PA|PP755594.1|A/cattle/Texas/24-008749-003/2024(H5N1)	879	1823
PA|PP755594.1|A/cattle/Texas/24-008749-003/2024(H5N1)	880	1841
PA|PP755594.1|A/cattle/Texas/24-008749-003/2024(H5N1)	881	1845
PA|PP755594.1|A/cattle/Texas/24-008749-003/2024(H5N1)	882	1862
PA|PP755594.1|A/cattle/Texas/24-008749-003/2024(H5N1)	883	1867
PA|PP755594.1|A/cattle/Texas/24-008749-003/2024(H5N1)	884	1871
PA|PP755594.1|A/cattle/Texas/24-008749-003/2024(H5N1)	885	1884
PA|PP755594.1|A/cattle/Texas/24-008749-003/2024(H5N1)	886	1922
PA|PP755594.1|A/cattle/Texas/24-008749-003/2024(H5N1)	887	1958
PA|PP755594.1|A/cattle/Texas/24-008749-003/2024(H5N1)	888	1979
PA|PP755594.1|A/cattle/Texas/24-008749-003/2024(H5N1)	889	1986
PA|PP755594.1|A/cattle/Texas/24-008749-003/2024(H5N1)	890	1991
PA|PP755594.1|A/cattle/Texas/24-008749-003/2024(H5N1)	891	2105
PA|PP755594.1|A/cattle/Texas/24-008749-003/2024(H5N1)	892	2110
PA|PP755594.1|A/cattle/Texas/24-008749-003/2024(H5N1)	893	2115
PA|PP755594.1|A/cattle/Texas/24-008749-003/2024(H5N1)	894	2138
PA|PP755594.1|A/cattle/Texas/24-008749-003/2024(H5N1)	895	2150
PA|PP755594.1|A/cattle/Texas/24-008749-003/2024(H5N1)	896	2140
PA|PP755594.1|A/cattle/Texas/24-008749-003/2024(H5N1)	897	2071
PA|PP755594.1|A/cattle/Texas/24-008749-003/2024(H5N1)	898	2071
PA|PP755594.1|A/cattle/Texas/24-008749-003/2024(H5N1)	899	2083
PA|PP755594.1|A/cattle/Texas/24-008749-003/2024(H5N1)	900	2138
PA|PP755594.1|A/cattle/Texas/24-008749-003/2024(H5N1)	901	2145
PA|PP755594.1|A/cattle/Texas/24-008749-003/2024(H5N1)	902	2331
PA|PP755594.1|A/cattle/Texas/24-008749-003/2024(H5N1)	903	2253
PA|PP755594.1|A/cattle/Texas/24-008749-003/2024(H5N1)	904	2276
PA|PP755594.1|A/cattle/Texas/24-008749-003/2024(H5N1)	905	2276
PA|PP755594.1|A/cattle/Texas/24-008749-003/2024(H5N1)	906	2279
PA|PP755594.1|A/cattle/Texas/24-008749-003/2024(H5N1)	907	2540
PA|PP755594.1|A/cattle/Texas/24-008749-003/2024(H5N1)	908	2540
PA|PP755594.1|A/cattle/Texas/24-008749-003/2024(H5N1)	909	2325
PA|PP755594.1|A/cattle/Texas/24-008749-003/2024(H5N1)	910	2352
PA|PP755594.1|A/cattle/Texas/24-008749-003/2024(H5N1)	911	2354
PA|PP755594.1|A/cattle/Texas/24-008749-003/2024(H5N1)	912	2424
PA|PP755594.1|A/cattle/Texas/24-008749-003/2024(H5N1)	913	2427
PA|PP755594.1|A/cattle/Texas/24-008749-003/2024(H5N1)	914	2431
PA|PP755594.1|A/cattle/Texas/24-008749-003/2024(H5N1)	915	2171
PA|PP755594.1|A/cattle/Texas/24-008749-003/2024(H5N1)	916	2170
PA|PP755594.1|A/cattle/Texas/24-008749-003/2024(H5N1)	917	2207
PA|PP755594.1|A/cattle/Texas/24-008749-003/2024(H5N1)	918	2213
PA|PP755594.1|A/cattle/Texas/24-008749-003/2024(H5N1)	919	2219
PA|PP755594.1|A/cattle/Texas/24-008749-003/2024(H5N1)	920	2227
PA|PP755594.1|A/cattle/Texas/24-008749-003/2024(H5N1)	921	2178
PA|PP755594.1|A/cattle/Texas/24-008749-003/2024(H5N1)	922	2188
PA|PP755594.1|A/cattle/Texas/24-008749-003/2024(H5N1)	923	2188
PA|PP755594.1|A/cattle/Texas/24-008749-003/2024(H5N1)	924	2190
PA|PP755594.1|A/cattle/Texas/24-008749-003/2024(H5N1)	925	2192
PA|PP755594.1|A/cattle/Texas/24-008749-003/2024(H5N1)	926	2189
PA|PP755594.1|A/cattle/Texas/24-008749-003/2024(H5N1)	927	2189
PA|PP755594.1|A/cattle/Texas/24-008749-003/2024(H5N1)	928	2190
PA|PP755594.1|A/cattle/Texas/24-008749-003/2024(H5N1)	929	2192
PA|PP755594.1|A/cattle/Texas/24-008749-003/2024(H5N1)	930	2193
PA|PP755594.1|A/cattle/Texas/24-008749-003/2024(H5N1)	931	2178
PA|PP755594.1|A/cattle/Texas/24-008749-003/2024(H5N1)	932	2180
PA|PP755594.1|A/cattle/Texas/24-008749-003/2024(H5N1)	933	2185
PA|PP755594.1|A/cattle/Texas/24-008749-003/2024(H5N1)	934	2189
PA|PP755594.1|A/cattle/Texas/24-008749-003/2024(H5N1)	935	2189
PA|PP755594.1|A/cattle/Texas/24-008749-003/2024(H5N1)	936	2169
PA|PP755594.1|A/cattle/Texas/24-008749-003/2024(H5N1)	937	2162
PA|PP755594.1|A/cattle/Texas/24-008749-003/2024(H5N1)	938	2159
PA|PP755594.1|A/cattle/Texas/24-008749-003/2024(H5N1)	939	2132
PA|PP755594.1|A/cattle/Texas/24-008749-003/2024(H5N1)	940	2127
PA|PP755594.1|A/cattle/Texas/24-008749-003/2024(H5N1)	941	2111
PA|PP755594.1|A/cattle/Texas/24-008749-003/2024(H5N1)	942	2077
PA|PP755594.1|A/cattle/Texas/24-008749-003/2024(H5N1)	943	2073
PA|PP755594.1|A/cattle/Texas/24-008749-003/2024(H5N1)	944	2070
PA|PP755594.1|A/cattle/Texas/24-008749-003/2024(H5N1)	945	2070
PA|PP755594.1|A/cattle/Texas/24-008749-003/2024(H5N1)	946	2070
PA|PP755594.1|A/cattle/Texas/24-008749-003/2024(H5N1)	947	2065
PA|PP755594.1|A/cattle/Texas/24-008749-003/2024(H5N1)	948	2065
PA|PP755594.1|A/cattle/Texas/24-008749-003/2024(H5N1)	949	2060
PA|PP755594.1|A/cattle/Texas/24-008749-003/2024(H5N1)	950	2058
PA|PP755594.1|A/cattle/Texas/24-008749-003/2024(H5N1)	951	2040
PA|PP755594.1|A/cattle/Texas/24-008749-003/2024(H5N1)	952	2038
PA|PP755594.1|A/cattle/Texas/24-008749-003/2024(H5N1)	953	2033
PA|PP755594.1|A/cattle/Texas/24-008749-003/2024(H5N1)	954	2033
PA|PP755594.1|A/cattle/Texas/24-008749-003/2024(H5N1)	955	2023
PA|PP755594.1|A/cattle/Texas/24-008749-003/2024(H5N1)	956	2004
PA|PP755594.1|A/cattle/Texas/24-008749-003/2024(H5N1)	957	2004
PA|PP755594.1|A/cattle/Texas/24-008749-003/2024(H5N1)	958	2003
PA|PP755594.1|A/cattle/Texas/24-008749-003/2024(H5N1)	959	1988
PA|PP755594.1|A/cattle/Texas/24-008749-003/2024(H5N1)	960	1978
PA|PP755594.1|A/cattle/Texas/24-008749-003/2024(H5N1)	961	1951
PA|PP755594.1|A/cattle/Texas/24-008749-003/2024(H5N1)	962	1158
PA|PP755594.1|A/cattle/Texas/24-008749-003/2024(H5N1)	963	1152
PA|PP755594.1|A/cattle/Texas/24-008749-003/2024(H5N1)	964	1153
PA|PP755594.1|A/cattle/Texas/24-008749-003/2024(H5N1)	965	1153
PA|PP755594.1|A/cattle/Texas/24-008749-003/2024(H5N1)	966	1155
PA|PP755594.1|A/cattle/Texas/24-008749-003/2024(H5N1)	967	1154
PA|PP755594.1|A/cattle/Texas/24-008749-003/2024(H5N1)	968	1157
PA|PP755594.1|A/cattle/Texas/24-008749-003/2024(H5N1)	969	1157
PA|PP755594.1|A/cattle/Texas/24-008749-003/2024(H5N1)	970	1158
PA|PP755594.1|A/cattle/Texas/24-008749-003/2024(H5N1)	971	1158
PA|PP755594.1|A/cattle/Texas/24-008749-003/2024(H5N1)	972	1158
PA|PP755594.1|A/cattle/Texas/24-008749-003/2024(H5N1)	973	1168
PA|PP755594.1|A/cattle/Texas/24-008749-003/2024(H5N1)	974	1226
PA|PP755594.1|A/cattle/Texas/24-008749-003/2024(H5N1)	975	1226
PA|PP755594.1|A/cattle/Texas/24-008749-003/2024(H5N1)	976	1259
PA|PP755594.1|A/cattle/Texas/24-008749-003/2024(H5N1)	977	1260
PA|PP755594.1|A/cattle/Texas/24-008749-003/2024(H5N1)	978	1264
PA|PP755594.1|A/cattle/Texas/24-008749-003/2024(H5N1)	979	1267
PA|PP755594.1|A/cattle/Texas/24-008749-003/2024(H5N1)	980	1267
PA|PP755594.1|A/cattle/Texas/24-008749-003/2024(H5N1)	981	1267
PA|PP755594.1|A/cattle/Texas/24-008749-003/2024(H5N1)	982	1271
PA|PP755594.1|A/cattle/Texas/24-008749-003/2024(H5N1)	983	1271
PA|PP755594.1|A/cattle/Texas/24-008749-003/2024(H5N1)	984	1294
PA|PP755594.1|A/cattle/Texas/24-008749-003/2024(H5N1)	985	1732
PA|PP755594.1|A/cattle/Texas/24-008749-003/2024(H5N1)	986	1760
PA|PP755594.1|A/cattle/Texas/24-008749-003/2024(H5N1)	987	1768
PA|PP755594.1|A/cattle/Texas/24-008749-003/2024(H5N1)	988	1769
PA|PP755594.1|A/cattle/Texas/24-008749-003/2024(H5N1)	989	1769
PA|PP755594.1|A/cattle/Texas/24-008749-003/2024(H5N1)	990	1779
PA|PP755594.1|A/cattle/Texas/24-008749-003/2024(H5N1)	991	1794
PA|PP755594.1|A/cattle/Texas/24-008749-003/2024(H5N1)	992	1810
PA|PP755594.1|A/cattle/Texas/24-008749-003/2024(H5N1)	993	1865
PA|PP755594.1|A/cattle/Texas/24-008749-003/2024(H5N1)	994	1866
PA|PP755594.1|A/cattle/Texas/24-008749-003/2024(H5N1)	995	1867
PA|PP755594.1|A/cattle/Texas/24-008749-003/2024(H5N1)	996	1867
PA|PP755594.1|A/cattle/Texas/24-008749-003/2024(H5N1)	997	1916
PA|PP755594.1|A/cattle/Texas/24-008749-003/2024(H5N1)	998	1916
PA|PP755594.1|A/cattle/Texas/24-008749-003/2024(H5N1)	999	1916
PA|PP755594.1|A/cattle/Texas/24-008749-003/2024(H5N1)	1000	1916
PA|PP755594.1|A/cattle/Texas/24-008749-003/2024(H5N1)	1001	1925
PA|PP755594.1|A/cattle/Texas/24-008749-003/2024(H5N1)	1002	1925
PA|PP755594.1|A/cattle/Texas/24-008749-003/2024(H5N1)	1003	1980
PA|PP755594.1|A/cattle/Texas/24-008749-003/2024(H5N1)	1004	1985
PA|PP755594.1|A/cattle/Texas/24-008749-003/2024(H5N1)	1005	1989
PA|PP755594.1|A/cattle/Texas/24-008749-003/2024(H5N1)	1006	1991
PA|PP755594.1|A/cattle/Texas/24-008749-003/2024(H5N1)	1007	2082
PA|PP755594.1|A/cattle/Texas/24-008749-003/2024(H5N1)	1008	2089
PA|PP755594.1|A/cattle/Texas/24-008749-003/2024(H5N1)	1009	2144
PA|PP755594.1|A/cattle/Texas/24-008749-003/2024(H5N1)	1010	2150
PA|PP755594.1|A/cattle/Texas/24-008749-003/2024(H5N1)	1011	2152
PA|PP755594.1|A/cattle/Texas/24-008749-003/2024(H5N1)	1012	2154
PA|PP755594.1|A/cattle/Texas/24-008749-003/2024(H5N1)	1013	2160
PA|PP755594.1|A/cattle/Texas/24-008749-003/2024(H5N1)	1014	2187
PA|PP755594.1|A/cattle/Texas/24-008749-003/2024(H5N1)	1015	2190
PA|PP755594.1|A/cattle/Texas/24-008749-003/2024(H5N1)	1016	2190
PA|PP755594.1|A/cattle/Texas/24-008749-003/2024(H5N1)	1017	2194
PA|PP755594.1|A/cattle/Texas/24-008749-003/2024(H5N1)	1018	2184
PA|PP755594.1|A/cattle/Texas/24-008749-003/2024(H5N1)	1019	2180
PA|PP755594.1|A/cattle/Texas/24-008749-003/2024(H5N1)	1020	2188
PA|PP755594.1|A/cattle/Texas/24-008749-003/2024(H5N1)	1021	2211
PA|PP755594.1|A/cattle/Texas/24-008749-003/2024(H5N1)	1022	2219
PA|PP755594.1|A/cattle/Texas/24-008749-003/2024(H5N1)	1023	2213
PA|PP755594.1|A/cattle/Texas/24-008749-003/2024(H5N1)	1024	2301
PA|PP755594.1|A/cattle/Texas/24-008749-003/2024(H5N1)	1025	2296
PA|PP755594.1|A/cattle/Texas/24-008749-003/2024(H5N1)	1026	2270
PA|PP755594.1|A/cattle/Texas/24-008749-003/2024(H5N1)	1027	2281
PA|PP755594.1|A/cattle/Texas/24-008749-003/2024(H5N1)	1028	2288
PA|PP755594.1|A/cattle/Texas/24-008749-003/2024(H5N1)	1029	2280
PA|PP755594.1|A/cattle/Texas/24-008749-003/2024(H5N1)	1030	2295
PA|PP755594.1|A/cattle/Texas/24-008749-003/2024(H5N1)	1031	2278
PA|PP755594.1|A/cattle/Texas/24-008749-003/2024(H5N1)	1032	2307
PA|PP755594.1|A/cattle/Texas/24-008749-003/2024(H5N1)	1033	2294
PA|PP755594.1|A/cattle/Texas/24-008749-003/2024(H5N1)	1034	2289
PA|PP755594.1|A/cattle/Texas/24-008749-003/2024(H5N1)	1035	2196
PA|PP755594.1|A/cattle/Texas/24-008749-003/2024(H5N1)	1036	2181
PA|PP755594.1|A/cattle/Texas/24-008749-003/2024(H5N1)	1037	2155
PA|PP755594.1|A/cattle/Texas/24-008749-003/2024(H5N1)	1038	2127
PA|PP755594.1|A/cattle/Texas/24-008749-003/2024(H5N1)	1039	2132
PA|PP755594.1|A/cattle/Texas/24-008749-003/2024(H5N1)	1040	2134
PA|PP755594.1|A/cattle/Texas/24-008749-003/2024(H5N1)	1041	2144
PA|PP755594.1|A/cattle/Texas/24-008749-003/2024(H5N1)	1042	2039
PA|PP755594.1|A/cattle/Texas/24-008749-003/2024(H5N1)	1043	2351
PA|PP755594.1|A/cattle/Texas/24-008749-003/2024(H5N1)	1044	2356
PA|PP755594.1|A/cattle/Texas/24-008749-003/2024(H5N1)	1045	2360
PA|PP755594.1|A/cattle/Texas/24-008749-003/2024(H5N1)	1046	2332
PA|PP755594.1|A/cattle/Texas/24-008749-003/2024(H5N1)	1047	2336
PA|PP755594.1|A/cattle/Texas/24-008749-003/2024(H5N1)	1048	2354
PA|PP755594.1|A/cattle/Texas/24-008749-003/2024(H5N1)	1049	2372
PA|PP755594.1|A/cattle/Texas/24-008749-003/2024(H5N1)	1050	2362
PA|PP755594.1|A/cattle/Texas/24-008749-003/2024(H5N1)	1051	2313
PA|PP755594.1|A/cattle/Texas/24-008749-003/2024(H5N1)	1052	2306
PA|PP755594.1|A/cattle/Texas/24-008749-003/2024(H5N1)	1053	2137
PA|PP755594.1|A/cattle/Texas/24-008749-003/2024(H5N1)	1054	2147
PA|PP755594.1|A/cattle/Texas/24-008749-003/2024(H5N1)	1055	2214
PA|PP755594.1|A/cattle/Texas/24-008749-003/2024(H5N1)	1056	2219
PA|PP755594.1|A/cattle/Texas/24-008749-003/2024(H5N1)	1057	2216
PA|PP755594.1|A/cattle/Texas/24-008749-003/2024(H5N1)	1058	1968
PA|PP755594.1|A/cattle/Texas/24-008749-003/2024(H5N1)	1059	1968
PA|PP755594.1|A/cattle/Texas/24-008749-003/2024(H5N1)	1060	1986
PA|PP755594.1|A/cattle/Texas/24-008749-003/2024(H5N1)	1061	1974
PA|PP755594.1|A/cattle/Texas/24-008749-003/2024(H5N1)	1062	1972
PA|PP755594.1|A/cattle/Texas/24-008749-003/2024(H5N1)	1063	1903
PA|PP755594.1|A/cattle/Texas/24-008749-003/2024(H5N1)	1064	1901
PA|PP755594.1|A/cattle/Texas/24-008749-003/2024(H5N1)	1065	1902
PA|PP755594.1|A/cattle/Texas/24-008749-003/2024(H5N1)	1066	1904
PA|PP755594.1|A/cattle/Texas/24-008749-003/2024(H5N1)	1067	1904
PA|PP755594.1|A/cattle/Texas/24-008749-003/2024(H5N1)	1068	1852
PA|PP755594.1|A/cattle/Texas/24-008749-003/2024(H5N1)	1069	1848
PA|PP755594.1|A/cattle/Texas/24-008749-003/2024(H5N1)	1070	1844
PA|PP755594.1|A/cattle/Texas/24-008749-003/2024(H5N1)	1071	1840
PA|PP755594.1|A/cattle/Texas/24-008749-003/2024(H5N1)	1072	2042
PA|PP755594.1|A/cattle/Texas/24-008749-003/2024(H5N1)	1073	2042
PA|PP755594.1|A/cattle/Texas/24-008749-003/2024(H5N1)	1074	2050
PA|PP755594.1|A/cattle/Texas/24-008749-003/2024(H5N1)	1075	2051
PA|PP755594.1|A/cattle/Texas/24-008749-003/2024(H5N1)	1076	2083
PA|PP755594.1|A/cattle/Texas/24-008749-003/2024(H5N1)	1077	2078
PA|PP755594.1|A/cattle/Texas/24-008749-003/2024(H5N1)	1078	2078
PA|PP755594.1|A/cattle/Texas/24-008749-003/2024(H5N1)	1079	2075
PA|PP755594.1|A/cattle/Texas/24-008749-003/2024(H5N1)	1080	2089
PA|PP755594.1|A/cattle/Texas/24-008749-003/2024(H5N1)	1081	2085
PA|PP755594.1|A/cattle/Texas/24-008749-003/2024(H5N1)	1082	2092
PA|PP755594.1|A/cattle/Texas/24-008749-003/2024(H5N1)	1083	2102
PA|PP755594.1|A/cattle/Texas/24-008749-003/2024(H5N1)	1084	2092
PA|PP755594.1|A/cattle/Texas/24-008749-003/2024(H5N1)	1085	2103
PA|PP755594.1|A/cattle/Texas/24-008749-003/2024(H5N1)	1086	2119
PA|PP755594.1|A/cattle/Texas/24-008749-003/2024(H5N1)	1087	2118
PA|PP755594.1|A/cattle/Texas/24-008749-003/2024(H5N1)	1088	2128
PA|PP755594.1|A/cattle/Texas/24-008749-003/2024(H5N1)	1089	2111
PA|PP755594.1|A/cattle/Texas/24-008749-003/2024(H5N1)	1090	2112
PA|PP755594.1|A/cattle/Texas/24-008749-003/2024(H5N1)	1091	2154
PA|PP755594.1|A/cattle/Texas/24-008749-003/2024(H5N1)	1092	2148
PA|PP755594.1|A/cattle/Texas/24-008749-003/2024(H5N1)	1093	2186
PA|PP755594.1|A/cattle/Texas/24-008749-003/2024(H5N1)	1094	2175
PA|PP755594.1|A/cattle/Texas/24-008749-003/2024(H5N1)	1095	2190
PA|PP755594.1|A/cattle/Texas/24-008749-003/2024(H5N1)	1096	2190
PA|PP755594.1|A/cattle/Texas/24-008749-003/2024(H5N1)	1097	2201
PA|PP755594.1|A/cattle/Texas/24-008749-003/2024(H5N1)	1098	2180
PA|PP755594.1|A/cattle/Texas/24-008749-003/2024(H5N1)	1099	2196
PA|PP755594.1|A/cattle/Texas/24-008749-003/2024(H5N1)	1100	2220
PA|PP755594.1|A/cattle/Texas/24-008749-003/2024(H5N1)	1101	2199
PA|PP755594.1|A/cattle/Texas/24-008749-003/2024(H5N1)	1102	2165
PA|PP755594.1|A/cattle/Texas/24-008749-003/2024(H5N1)	1103	2184
PA|PP755594.1|A/cattle/Texas/24-008749-003/2024(H5N1)	1104	2193
PA|PP755594.1|A/cattle/Texas/24-008749-003/2024(H5N1)	1105	2190
PA|PP755594.1|A/cattle/Texas/24-008749-003/2024(H5N1)	1106	2207
PA|PP755594.1|A/cattle/Texas/24-008749-003/2024(H5N1)	1107	2187
PA|PP755594.1|A/cattle/Texas/24-008749-003/2024(H5N1)	1108	2199
PA|PP755594.1|A/cattle/Texas/24-008749-003/2024(H5N1)	1109	2201
PA|PP755594.1|A/cattle/Texas/24-008749-003/2024(H5N1)	1110	2191
PA|PP755594.1|A/cattle/Texas/24-008749-003/2024(H5N1)	1111	2235
PA|PP755594.1|A/cattle/Texas/24-008749-003/2024(H5N1)	1112	2222
PA|PP755594.1|A/cattle/Texas/24-008749-003/2024(H5N1)	1113	2212
PA|PP755594.1|A/cattle/Texas/24-008749-003/2024(H5N1)	1114	2222
PA|PP755594.1|A/cattle/Texas/24-008749-003/2024(H5N1)	1115	2193
PA|PP755594.1|A/cattle/Texas/24-008749-003/2024(H5N1)	1116	2253
PA|PP755594.1|A/cattle/Texas/24-008749-003/2024(H5N1)	1117	2207
PA|PP755594.1|A/cattle/Texas/24-008749-003/2024(H5N1)	1118	2231
PA|PP755594.1|A/cattle/Texas/24-008749-003/2024(H5N1)	1119	2231
PA|PP755594.1|A/cattle/Texas/24-008749-003/2024(H5N1)	1120	2179
PA|PP755594.1|A/cattle/Texas/24-008749-003/2024(H5N1)	1121	2179
PA|PP755594.1|A/cattle/Texas/24-008749-003/2024(H5N1)	1122	2178
PA|PP755594.1|A/cattle/Texas/24-008749-003/2024(H5N1)	1123	2339
PA|PP755594.1|A/cattle/Texas/24-008749-003/2024(H5N1)	1124	2330
PA|PP755594.1|A/cattle/Texas/24-008749-003/2024(H5N1)	1125	2251
PA|PP755594.1|A/cattle/Texas/24-008749-003/2024(H5N1)	1126	2253
PA|PP755594.1|A/cattle/Texas/24-008749-003/2024(H5N1)	1127	2221
PA|PP755594.1|A/cattle/Texas/24-008749-003/2024(H5N1)	1128	2262
PA|PP755594.1|A/cattle/Texas/24-008749-003/2024(H5N1)	1129	2276
PA|PP755594.1|A/cattle/Texas/24-008749-003/2024(H5N1)	1130	2280
PA|PP755594.1|A/cattle/Texas/24-008749-003/2024(H5N1)	1131	2282
PA|PP755594.1|A/cattle/Texas/24-008749-003/2024(H5N1)	1132	2282
PA|PP755594.1|A/cattle/Texas/24-008749-003/2024(H5N1)	1133	2302
PA|PP755594.1|A/cattle/Texas/24-008749-003/2024(H5N1)	1134	2306
PA|PP755594.1|A/cattle/Texas/24-008749-003/2024(H5N1)	1135	2289
PA|PP755594.1|A/cattle/Texas/24-008749-003/2024(H5N1)	1136	2246
PA|PP755594.1|A/cattle/Texas/24-008749-003/2024(H5N1)	1137	2222
PA|PP755594.1|A/cattle/Texas/24-008749-003/2024(H5N1)	1138	2255
PA|PP755594.1|A/cattle/Texas/24-008749-003/2024(H5N1)	1139	2271
PA|PP755594.1|A/cattle/Texas/24-008749-003/2024(H5N1)	1140	2273
PA|PP755594.1|A/cattle/Texas/24-008749-003/2024(H5N1)	1141	2264
PA|PP755594.1|A/cattle/Texas/24-008749-003/2024(H5N1)	1142	2252
PA|PP755594.1|A/cattle/Texas/24-008749-003/2024(H5N1)	1143	2259
PA|PP755594.1|A/cattle/Texas/24-008749-003/2024(H5N1)	1144	2219
PA|PP755594.1|A/cattle/Texas/24-008749-003/2024(H5N1)	1145	2232
PA|PP755594.1|A/cattle/Texas/24-008749-003/2024(H5N1)	1146	2239
PA|PP755594.1|A/cattle/Texas/24-008749-003/2024(H5N1)	1147	2246
PA|PP755594.1|A/cattle/Texas/24-008749-003/2024(H5N1)	1148	2195
PA|PP755594.1|A/cattle/Texas/24-008749-003/2024(H5N1)	1149	2231
PA|PP755594.1|A/cattle/Texas/24-008749-003/2024(H5N1)	1150	2261
PA|PP755594.1|A/cattle/Texas/24-008749-003/2024(H5N1)	1151	2261
PA|PP755594.1|A/cattle/Texas/24-008749-003/2024(H5N1)	1152	2252
PA|PP755594.1|A/cattle/Texas/24-008749-003/2024(H5N1)	1153	2251
PA|PP755594.1|A/cattle/Texas/24-008749-003/2024(H5N1)	1154	2221
PA|PP755594.1|A/cattle/Texas/24-008749-003/2024(H5N1)	1155	2205
PA|PP755594.1|A/cattle/Texas/24-008749-003/2024(H5N1)	1156	2256
PA|PP755594.1|A/cattle/Texas/24-008749-003/2024(H5N1)	1157	2254
PA|PP755594.1|A/cattle/Texas/24-008749-003/2024(H5N1)	1158	2167
PA|PP755594.1|A/cattle/Texas/24-008749-003/2024(H5N1)	1159	2164
PA|PP755594.1|A/cattle/Texas/24-008749-003/2024(H5N1)	1160	2108
PA|PP755594.1|A/cattle/Texas/24-008749-003/2024(H5N1)	1161	2101
PA|PP755594.1|A/cattle/Texas/24-008749-003/2024(H5N1)	1162	2098
PA|PP755594.1|A/cattle/Texas/24-008749-003/2024(H5N1)	1163	2099
PA|PP755594.1|A/cattle/Texas/24-008749-003/2024(H5N1)	1164	2093
PA|PP755594.1|A/cattle/Texas/24-008749-003/2024(H5N1)	1165	2066
PA|PP755594.1|A/cattle/Texas/24-008749-003/2024(H5N1)	1166	2063
PA|PP755594.1|A/cattle/Texas/24-008749-003/2024(H5N1)	1167	2063
PA|PP755594.1|A/cattle/Texas/24-008749-003/2024(H5N1)	1168	2059
PA|PP755594.1|A/cattle/Texas/24-008749-003/2024(H5N1)	1169	2058
PA|PP755594.1|A/cattle/Texas/24-008749-003/2024(H5N1)	1170	2054
PA|PP755594.1|A/cattle/Texas/24-008749-003/2024(H5N1)	1171	2041
PA|PP755594.1|A/cattle/Texas/24-008749-003/2024(H5N1)	1172	2008
PA|PP755594.1|A/cattle/Texas/24-008749-003/2024(H5N1)	1173	2002
PA|PP755594.1|A/cattle/Texas/24-008749-003/2024(H5N1)	1174	2000
PA|PP755594.1|A/cattle/Texas/24-008749-003/2024(H5N1)	1175	1902
PA|PP755594.1|A/cattle/Texas/24-008749-003/2024(H5N1)	1176	1902
PA|PP755594.1|A/cattle/Texas/24-008749-003/2024(H5N1)	1177	1892
PA|PP755594.1|A/cattle/Texas/24-008749-003/2024(H5N1)	1178	1881
PA|PP755594.1|A/cattle/Texas/24-008749-003/2024(H5N1)	1179	1522
PA|PP755594.1|A/cattle/Texas/24-008749-003/2024(H5N1)	1180	1520
PA|PP755594.1|A/cattle/Texas/24-008749-003/2024(H5N1)	1181	1504
PA|PP755594.1|A/cattle/Texas/24-008749-003/2024(H5N1)	1182	1502
PA|PP755594.1|A/cattle/Texas/24-008749-003/2024(H5N1)	1183	1502
PA|PP755594.1|A/cattle/Texas/24-008749-003/2024(H5N1)	1184	1501
PA|PP755594.1|A/cattle/Texas/24-008749-003/2024(H5N1)	1185	1427
PA|PP755594.1|A/cattle/Texas/24-008749-003/2024(H5N1)	1186	1427
PA|PP755594.1|A/cattle/Texas/24-008749-003/2024(H5N1)	1187	1427
PA|PP755594.1|A/cattle/Texas/24-008749-003/2024(H5N1)	1188	1427
PA|PP755594.1|A/cattle/Texas/24-008749-003/2024(H5N1)	1189	1427
PA|PP755594.1|A/cattle/Texas/24-008749-003/2024(H5N1)	1190	1427
PA|PP755594.1|A/cattle/Texas/24-008749-003/2024(H5N1)	1191	1427
PA|PP755594.1|A/cattle/Texas/24-008749-003/2024(H5N1)	1192	1736
PA|PP755594.1|A/cattle/Texas/24-008749-003/2024(H5N1)	1193	1737
PA|PP755594.1|A/cattle/Texas/24-008749-003/2024(H5N1)	1194	1737
PA|PP755594.1|A/cattle/Texas/24-008749-003/2024(H5N1)	1195	1737
PA|PP755594.1|A/cattle/Texas/24-008749-003/2024(H5N1)	1196	1737
PA|PP755594.1|A/cattle/Texas/24-008749-003/2024(H5N1)	1197	1737
PA|PP755594.1|A/cattle/Texas/24-008749-003/2024(H5N1)	1198	1737
PA|PP755594.1|A/cattle/Texas/24-008749-003/2024(H5N1)	1199	1892
PA|PP755594.1|A/cattle/Texas/24-008749-003/2024(H5N1)	1200	1902
PA|PP755594.1|A/cattle/Texas/24-008749-003/2024(H5N1)	1201	1904
PA|PP755594.1|A/cattle/Texas/24-008749-003/2024(H5N1)	1202	1913
PA|PP755594.1|A/cattle/Texas/24-008749-003/2024(H5N1)	1203	1930
PA|PP755594.1|A/cattle/Texas/24-008749-003/2024(H5N1)	1204	1933
PA|PP755594.1|A/cattle/Texas/24-008749-003/2024(H5N1)	1205	1925
PA|PP755594.1|A/cattle/Texas/24-008749-003/2024(H5N1)	1206	1846
PA|PP755594.1|A/cattle/Texas/24-008749-003/2024(H5N1)	1207	1843
PA|PP755594.1|A/cattle/Texas/24-008749-003/2024(H5N1)	1208	1841
PA|PP755594.1|A/cattle/Texas/24-008749-003/2024(H5N1)	1209	1840
PA|PP755594.1|A/cattle/Texas/24-008749-003/2024(H5N1)	1210	1840
PA|PP755594.1|A/cattle/Texas/24-008749-003/2024(H5N1)	1211	1812
PA|PP755594.1|A/cattle/Texas/24-008749-003/2024(H5N1)	1212	1789
PA|PP755594.1|A/cattle/Texas/24-008749-003/2024(H5N1)	1213	1782
PA|PP755594.1|A/cattle/Texas/24-008749-003/2024(H5N1)	1214	1785
PA|PP755594.1|A/cattle/Texas/24-008749-003/2024(H5N1)	1215	1784
PA|PP755594.1|A/cattle/Texas/24-008749-003/2024(H5N1)	1216	1924
PA|PP755594.1|A/cattle/Texas/24-008749-003/2024(H5N1)	1217	1924
PA|PP755594.1|A/cattle/Texas/24-008749-003/2024(H5N1)	1218	1922
PA|PP755594.1|A/cattle/Texas/24-008749-003/2024(H5N1)	1219	1924
PA|PP755594.1|A/cattle/Texas/24-008749-003/2024(H5N1)	1220	1923
PA|PP755594.1|A/cattle/Texas/24-008749-003/2024(H5N1)	1221	1924
PA|PP755594.1|A/cattle/Texas/24-008749-003/2024(H5N1)	1222	1932
PA|PP755594.1|A/cattle/Texas/24-008749-003/2024(H5N1)	1223	1771
PA|PP755594.1|A/cattle/Texas/24-008749-003/2024(H5N1)	1224	1823
PA|PP755594.1|A/cattle/Texas/24-008749-003/2024(H5N1)	1225	1818
PA|PP755594.1|A/cattle/Texas/24-008749-003/2024(H5N1)	1226	1821
PA|PP755594.1|A/cattle/Texas/24-008749-003/2024(H5N1)	1227	1788
PA|PP755594.1|A/cattle/Texas/24-008749-003/2024(H5N1)	1228	1780
PA|PP755594.1|A/cattle/Texas/24-008749-003/2024(H5N1)	1229	1780
PA|PP755594.1|A/cattle/Texas/24-008749-003/2024(H5N1)	1230	1780
PA|PP755594.1|A/cattle/Texas/24-008749-003/2024(H5N1)	1231	1766
PA|PP755594.1|A/cattle/Texas/24-008749-003/2024(H5N1)	1232	1763
PA|PP755594.1|A/cattle/Texas/24-008749-003/2024(H5N1)	1233	1755
PA|PP755594.1|A/cattle/Texas/24-008749-003/2024(H5N1)	1234	1737
PA|PP755594.1|A/cattle/Texas/24-008749-003/2024(H5N1)	1235	1732
PA|PP755594.1|A/cattle/Texas/24-008749-003/2024(H5N1)	1236	1714
PA|PP755594.1|A/cattle/Texas/24-008749-003/2024(H5N1)	1237	1695
PA|PP755594.1|A/cattle/Texas/24-008749-003/2024(H5N1)	1238	1695
PA|PP755594.1|A/cattle/Texas/24-008749-003/2024(H5N1)	1239	1683
PA|PP755594.1|A/cattle/Texas/24-008749-003/2024(H5N1)	1240	1683
PA|PP755594.1|A/cattle/Texas/24-008749-003/2024(H5N1)	1241	1679
PA|PP755594.1|A/cattle/Texas/24-008749-003/2024(H5N1)	1242	1626
PA|PP755594.1|A/cattle/Texas/24-008749-003/2024(H5N1)	1243	1620
PA|PP755594.1|A/cattle/Texas/24-008749-003/2024(H5N1)	1244	1586
PA|PP755594.1|A/cattle/Texas/24-008749-003/2024(H5N1)	1245	766
PA|PP755594.1|A/cattle/Texas/24-008749-003/2024(H5N1)	1246	752
PA|PP755594.1|A/cattle/Texas/24-008749-003/2024(H5N1)	1247	751
PA|PP755594.1|A/cattle/Texas/24-008749-003/2024(H5N1)	1248	740
PA|PP755594.1|A/cattle/Texas/24-008749-003/2024(H5N1)	1249	735
PA|PP755594.1|A/cattle/Texas/24-008749-003/2024(H5N1)	1250	735
PA|PP755594.1|A/cattle/Texas/24-008749-003/2024(H5N1)	1251	715
PA|PP755594.1|A/cattle/Texas/24-008749-003/2024(H5N1)	1252	710
PA|PP755594.1|A/cattle/Texas/24-008749-003/2024(H5N1)	1253	710
PA|PP755594.1|A/cattle/Texas/24-008749-003/2024(H5N1)	1254	684
PA|PP755594.1|A/cattle/Texas/24-008749-003/2024(H5N1)	1255	684
PA|PP755594.1|A/cattle/Texas/24-008749-003/2024(H5N1)	1256	683
PA|PP755594.1|A/cattle/Texas/24-008749-003/2024(H5N1)	1257	665
PA|PP755594.1|A/cattle/Texas/24-008749-003/2024(H5N1)	1258	665
PA|PP755594.1|A/cattle/Texas/24-008749-003/2024(H5N1)	1259	665
PA|PP755594.1|A/cattle/Texas/24-008749-003/2024(H5N1)	1260	664
PA|PP755594.1|A/cattle/Texas/24-008749-003/2024(H5N1)	1261	665
PA|PP755594.1|A/cattle/Texas/24-008749-003/2024(H5N1)	1262	665
PA|PP755594.1|A/cattle/Texas/24-008749-003/2024(H5N1)	1263	665
PA|PP755594.1|A/cattle/Texas/24-008749-003/2024(H5N1)	1264	666
PA|PP755594.1|A/cattle/Texas/24-008749-003/2024(H5N1)	1265	876
PA|PP755594.1|A/cattle/Texas/24-008749-003/2024(H5N1)	1266	878
PA|PP755594.1|A/cattle/Texas/24-008749-003/2024(H5N1)	1267	878
PA|PP755594.1|A/cattle/Texas/24-008749-003/2024(H5N1)	1268	878
PA|PP755594.1|A/cattle/Texas/24-008749-003/2024(H5N1)	1269	878
PA|PP755594.1|A/cattle/Texas/24-008749-003/2024(H5N1)	1270	907
PA|PP755594.1|A/cattle/Texas/24-008749-003/2024(H5N1)	1271	914
PA|PP755594.1|A/cattle/Texas/24-008749-003/2024(H5N1)	1272	914
PA|PP755594.1|A/cattle/Texas/24-008749-003/2024(H5N1)	1273	914
PA|PP755594.1|A/cattle/Texas/24-008749-003/2024(H5N1)	1274	914
PA|PP755594.1|A/cattle/Texas/24-008749-003/2024(H5N1)	1275	914
PA|PP755594.1|A/cattle/Texas/24-008749-003/2024(H5N1)	1276	916
PA|PP755594.1|A/cattle/Texas/24-008749-003/2024(H5N1)	1277	916
PA|PP755594.1|A/cattle/Texas/24-008749-003/2024(H5N1)	1278	916
PA|PP755594.1|A/cattle/Texas/24-008749-003/2024(H5N1)	1279	919
PA|PP755594.1|A/cattle/Texas/24-008749-003/2024(H5N1)	1280	952
PA|PP755594.1|A/cattle/Texas/24-008749-003/2024(H5N1)	1281	952
PA|PP755594.1|A/cattle/Texas/24-008749-003/2024(H5N1)	1282	1625
PA|PP755594.1|A/cattle/Texas/24-008749-003/2024(H5N1)	1283	1631
PA|PP755594.1|A/cattle/Texas/24-008749-003/2024(H5N1)	1284	1681
PA|PP755594.1|A/cattle/Texas/24-008749-003/2024(H5N1)	1285	1708
PA|PP755594.1|A/cattle/Texas/24-008749-003/2024(H5N1)	1286	1714
PA|PP755594.1|A/cattle/Texas/24-008749-003/2024(H5N1)	1287	1726
PA|PP755594.1|A/cattle/Texas/24-008749-003/2024(H5N1)	1288	1728
PA|PP755594.1|A/cattle/Texas/24-008749-003/2024(H5N1)	1289	1733
PA|PP755594.1|A/cattle/Texas/24-008749-003/2024(H5N1)	1290	1742
PA|PP755594.1|A/cattle/Texas/24-008749-003/2024(H5N1)	1291	1745
PA|PP755594.1|A/cattle/Texas/24-008749-003/2024(H5N1)	1292	1806
PA|PP755594.1|A/cattle/Texas/24-008749-003/2024(H5N1)	1293	1807
PA|PP755594.1|A/cattle/Texas/24-008749-003/2024(H5N1)	1294	1843
PA|PP755594.1|A/cattle/Texas/24-008749-003/2024(H5N1)	1295	1856
PA|PP755594.1|A/cattle/Texas/24-008749-003/2024(H5N1)	1296	1864
PA|PP755594.1|A/cattle/Texas/24-008749-003/2024(H5N1)	1297	1865
PA|PP755594.1|A/cattle/Texas/24-008749-003/2024(H5N1)	1298	1866
PA|PP755594.1|A/cattle/Texas/24-008749-003/2024(H5N1)	1299	1868
PA|PP755594.1|A/cattle/Texas/24-008749-003/2024(H5N1)	1300	1870
PA|PP755594.1|A/cattle/Texas/24-008749-003/2024(H5N1)	1301	1870
PA|PP755594.1|A/cattle/Texas/24-008749-003/2024(H5N1)	1302	1871
PA|PP755594.1|A/cattle/Texas/24-008749-003/2024(H5N1)	1303	1899
PA|PP755594.1|A/cattle/Texas/24-008749-003/2024(H5N1)	1304	1903
PA|PP755594.1|A/cattle/Texas/24-008749-003/2024(H5N1)	1305	1904
PA|PP755594.1|A/cattle/Texas/24-008749-003/2024(H5N1)	1306	1930
PA|PP755594.1|A/cattle/Texas/24-008749-003/2024(H5N1)	1307	1932
PA|PP755594.1|A/cattle/Texas/24-008749-003/2024(H5N1)	1308	1933
PA|PP755594.1|A/cattle/Texas/24-008749-003/2024(H5N1)	1309	1933
PA|PP755594.1|A/cattle/Texas/24-008749-003/2024(H5N1)	1310	1935
PA|PP755594.1|A/cattle/Texas/24-008749-003/2024(H5N1)	1311	1967
PA|PP755594.1|A/cattle/Texas/24-008749-003/2024(H5N1)	1312	1967
PA|PP755594.1|A/cattle/Texas/24-008749-003/2024(H5N1)	1313	1967
PA|PP755594.1|A/cattle/Texas/24-008749-003/2024(H5N1)	1314	1967
PA|PP755594.1|A/cattle/Texas/24-008749-003/2024(H5N1)	1315	1967
PA|PP755594.1|A/cattle/Texas/24-008749-003/2024(H5N1)	1316	1966
PA|PP755594.1|A/cattle/Texas/24-008749-003/2024(H5N1)	1317	1754
PA|PP755594.1|A/cattle/Texas/24-008749-003/2024(H5N1)	1318	1754
PA|PP755594.1|A/cattle/Texas/24-008749-003/2024(H5N1)	1319	1754
PA|PP755594.1|A/cattle/Texas/24-008749-003/2024(H5N1)	1320	1755
PA|PP755594.1|A/cattle/Texas/24-008749-003/2024(H5N1)	1321	1756
PA|PP755594.1|A/cattle/Texas/24-008749-003/2024(H5N1)	1322	1881
PA|PP755594.1|A/cattle/Texas/24-008749-003/2024(H5N1)	1323	1894
PA|PP755594.1|A/cattle/Texas/24-008749-003/2024(H5N1)	1324	1895
PA|PP755594.1|A/cattle/Texas/24-008749-003/2024(H5N1)	1325	1897
PA|PP755594.1|A/cattle/Texas/24-008749-003/2024(H5N1)	1326	1902
PA|PP755594.1|A/cattle/Texas/24-008749-003/2024(H5N1)	1327	1922
PA|PP755594.1|A/cattle/Texas/24-008749-003/2024(H5N1)	1328	1934
PA|PP755594.1|A/cattle/Texas/24-008749-003/2024(H5N1)	1329	1952
PA|PP755594.1|A/cattle/Texas/24-008749-003/2024(H5N1)	1330	1962
PA|PP755594.1|A/cattle/Texas/24-008749-003/2024(H5N1)	1331	1963
PA|PP755594.1|A/cattle/Texas/24-008749-003/2024(H5N1)	1332	1968
PA|PP755594.1|A/cattle/Texas/24-008749-003/2024(H5N1)	1333	1984
PA|PP755594.1|A/cattle/Texas/24-008749-003/2024(H5N1)	1334	1986
PA|PP755594.1|A/cattle/Texas/24-008749-003/2024(H5N1)	1335	1989
PA|PP755594.1|A/cattle/Texas/24-008749-003/2024(H5N1)	1336	1989
PA|PP755594.1|A/cattle/Texas/24-008749-003/2024(H5N1)	1337	1991
PA|PP755594.1|A/cattle/Texas/24-008749-003/2024(H5N1)	1338	1990
PA|PP755594.1|A/cattle/Texas/24-008749-003/2024(H5N1)	1339	1987
PA|PP755594.1|A/cattle/Texas/24-008749-003/2024(H5N1)	1340	2040
PA|PP755594.1|A/cattle/Texas/24-008749-003/2024(H5N1)	1341	2027
PA|PP755594.1|A/cattle/Texas/24-008749-003/2024(H5N1)	1342	2015
PA|PP755594.1|A/cattle/Texas/24-008749-003/2024(H5N1)	1343	2013
PA|PP755594.1|A/cattle/Texas/24-008749-003/2024(H5N1)	1344	1793
PA|PP755594.1|A/cattle/Texas/24-008749-003/2024(H5N1)	1345	1819
PA|PP755594.1|A/cattle/Texas/24-008749-003/2024(H5N1)	1346	1819
PA|PP755594.1|A/cattle/Texas/24-008749-003/2024(H5N1)	1347	1819
PA|PP755594.1|A/cattle/Texas/24-008749-003/2024(H5N1)	1348	1842
PA|PP755594.1|A/cattle/Texas/24-008749-003/2024(H5N1)	1349	1843
PA|PP755594.1|A/cattle/Texas/24-008749-003/2024(H5N1)	1350	1866
PA|PP755594.1|A/cattle/Texas/24-008749-003/2024(H5N1)	1351	1913
PA|PP755594.1|A/cattle/Texas/24-008749-003/2024(H5N1)	1352	1917
PA|PP755594.1|A/cattle/Texas/24-008749-003/2024(H5N1)	1353	1939
PA|PP755594.1|A/cattle/Texas/24-008749-003/2024(H5N1)	1354	1958
PA|PP755594.1|A/cattle/Texas/24-008749-003/2024(H5N1)	1355	1980
PA|PP755594.1|A/cattle/Texas/24-008749-003/2024(H5N1)	1356	2064
PA|PP755594.1|A/cattle/Texas/24-008749-003/2024(H5N1)	1357	2069
PA|PP755594.1|A/cattle/Texas/24-008749-003/2024(H5N1)	1358	2082
PA|PP755594.1|A/cattle/Texas/24-008749-003/2024(H5N1)	1359	2084
PA|PP755594.1|A/cattle/Texas/24-008749-003/2024(H5N1)	1360	2056
PA|PP755594.1|A/cattle/Texas/24-008749-003/2024(H5N1)	1361	2076
PA|PP755594.1|A/cattle/Texas/24-008749-003/2024(H5N1)	1362	2073
PA|PP755594.1|A/cattle/Texas/24-008749-003/2024(H5N1)	1363	2059
PA|PP755594.1|A/cattle/Texas/24-008749-003/2024(H5N1)	1364	2066
PA|PP755594.1|A/cattle/Texas/24-008749-003/2024(H5N1)	1365	2014
PA|PP755594.1|A/cattle/Texas/24-008749-003/2024(H5N1)	1366	2047
PA|PP755594.1|A/cattle/Texas/24-008749-003/2024(H5N1)	1367	2061
PA|PP755594.1|A/cattle/Texas/24-008749-003/2024(H5N1)	1368	2058
PA|PP755594.1|A/cattle/Texas/24-008749-003/2024(H5N1)	1369	2060
PA|PP755594.1|A/cattle/Texas/24-008749-003/2024(H5N1)	1370	2061
PA|PP755594.1|A/cattle/Texas/24-008749-003/2024(H5N1)	1371	2060
PA|PP755594.1|A/cattle/Texas/24-008749-003/2024(H5N1)	1372	2056
PA|PP755594.1|A/cattle/Texas/24-008749-003/2024(H5N1)	1373	2040
PA|PP755594.1|A/cattle/Texas/24-008749-003/2024(H5N1)	1374	2037
PA|PP755594.1|A/cattle/Texas/24-008749-003/2024(H5N1)	1375	1979
PA|PP755594.1|A/cattle/Texas/24-008749-003/2024(H5N1)	1376	1975
PA|PP755594.1|A/cattle/Texas/24-008749-003/2024(H5N1)	1377	1966
PA|PP755594.1|A/cattle/Texas/24-008749-003/2024(H5N1)	1378	1962
PA|PP755594.1|A/cattle/Texas/24-008749-003/2024(H5N1)	1379	1913
PA|PP755594.1|A/cattle/Texas/24-008749-003/2024(H5N1)	1380	1910
PA|PP755594.1|A/cattle/Texas/24-008749-003/2024(H5N1)	1381	1902
PA|PP755594.1|A/cattle/Texas/24-008749-003/2024(H5N1)	1382	1891
PA|PP755594.1|A/cattle/Texas/24-008749-003/2024(H5N1)	1383	1819
PA|PP755594.1|A/cattle/Texas/24-008749-003/2024(H5N1)	1384	1781
PA|PP755594.1|A/cattle/Texas/24-008749-003/2024(H5N1)	1385	1768
PA|PP755594.1|A/cattle/Texas/24-008749-003/2024(H5N1)	1386	1763
PA|PP755594.1|A/cattle/Texas/24-008749-003/2024(H5N1)	1387	1763
PA|PP755594.1|A/cattle/Texas/24-008749-003/2024(H5N1)	1388	1763
PA|PP755594.1|A/cattle/Texas/24-008749-003/2024(H5N1)	1389	1761
PA|PP755594.1|A/cattle/Texas/24-008749-003/2024(H5N1)	1390	1761
PA|PP755594.1|A/cattle/Texas/24-008749-003/2024(H5N1)	1391	1761
PA|PP755594.1|A/cattle/Texas/24-008749-003/2024(H5N1)	1392	1761
PA|PP755594.1|A/cattle/Texas/24-008749-003/2024(H5N1)	1393	1761
PA|PP755594.1|A/cattle/Texas/24-008749-003/2024(H5N1)	1394	1758
PA|PP755594.1|A/cattle/Texas/24-008749-003/2024(H5N1)	1395	1711
PA|PP755594.1|A/cattle/Texas/24-008749-003/2024(H5N1)	1396	1704
PA|PP755594.1|A/cattle/Texas/24-008749-003/2024(H5N1)	1397	1690
PA|PP755594.1|A/cattle/Texas/24-008749-003/2024(H5N1)	1398	1687
PA|PP755594.1|A/cattle/Texas/24-008749-003/2024(H5N1)	1399	1686
PA|PP755594.1|A/cattle/Texas/24-008749-003/2024(H5N1)	1400	1685
PA|PP755594.1|A/cattle/Texas/24-008749-003/2024(H5N1)	1401	1580
PA|PP755594.1|A/cattle/Texas/24-008749-003/2024(H5N1)	1402	1568
PA|PP755594.1|A/cattle/Texas/24-008749-003/2024(H5N1)	1403	1566
PA|PP755594.1|A/cattle/Texas/24-008749-003/2024(H5N1)	1404	1101
PA|PP755594.1|A/cattle/Texas/24-008749-003/2024(H5N1)	1405	1101
PA|PP755594.1|A/cattle/Texas/24-008749-003/2024(H5N1)	1406	1001
PA|PP755594.1|A/cattle/Texas/24-008749-003/2024(H5N1)	1407	995
PA|PP755594.1|A/cattle/Texas/24-008749-003/2024(H5N1)	1408	995
PA|PP755594.1|A/cattle/Texas/24-008749-003/2024(H5N1)	1409	995
PA|PP755594.1|A/cattle/Texas/24-008749-003/2024(H5N1)	1410	995
PA|PP755594.1|A/cattle/Texas/24-008749-003/2024(H5N1)	1411	1001
PA|PP755594.1|A/cattle/Texas/24-008749-003/2024(H5N1)	1412	1001
PA|PP755594.1|A/cattle/Texas/24-008749-003/2024(H5N1)	1413	1001
PA|PP755594.1|A/cattle/Texas/24-008749-003/2024(H5N1)	1414	1001
PA|PP755594.1|A/cattle/Texas/24-008749-003/2024(H5N1)	1415	1001
PA|PP755594.1|A/cattle/Texas/24-008749-003/2024(H5N1)	1416	1001
PA|PP755594.1|A/cattle/Texas/24-008749-003/2024(H5N1)	1417	1001
PA|PP755594.1|A/cattle/Texas/24-008749-003/2024(H5N1)	1418	1001
PA|PP755594.1|A/cattle/Texas/24-008749-003/2024(H5N1)	1419	1001
PA|PP755594.1|A/cattle/Texas/24-008749-003/2024(H5N1)	1420	1001
PA|PP755594.1|A/cattle/Texas/24-008749-003/2024(H5N1)	1421	1001
PA|PP755594.1|A/cattle/Texas/24-008749-003/2024(H5N1)	1422	1001
PA|PP755594.1|A/cattle/Texas/24-008749-003/2024(H5N1)	1423	1001
PA|PP755594.1|A/cattle/Texas/24-008749-003/2024(H5N1)	1424	1001
PA|PP755594.1|A/cattle/Texas/24-008749-003/2024(H5N1)	1425	1001
PA|PP755594.1|A/cattle/Texas/24-008749-003/2024(H5N1)	1426	1827
PA|PP755594.1|A/cattle/Texas/24-008749-003/2024(H5N1)	1427	1828
PA|PP755594.1|A/cattle/Texas/24-008749-003/2024(H5N1)	1428	1829
PA|PP755594.1|A/cattle/Texas/24-008749-003/2024(H5N1)	1429	1845
PA|PP755594.1|A/cattle/Texas/24-008749-003/2024(H5N1)	1430	1851
PA|PP755594.1|A/cattle/Texas/24-008749-003/2024(H5N1)	1431	1865
PA|PP755594.1|A/cattle/Texas/24-008749-003/2024(H5N1)	1432	1874
PA|PP755594.1|A/cattle/Texas/24-008749-003/2024(H5N1)	1433	1875
PA|PP755594.1|A/cattle/Texas/24-008749-003/2024(H5N1)	1434	1876
PA|PP755594.1|A/cattle/Texas/24-008749-003/2024(H5N1)	1435	1830
PA|PP755594.1|A/cattle/Texas/24-008749-003/2024(H5N1)	1436	1806
PA|PP755594.1|A/cattle/Texas/24-008749-003/2024(H5N1)	1437	1802
PA|PP755594.1|A/cattle/Texas/24-008749-003/2024(H5N1)	1438	1795
PA|PP755594.1|A/cattle/Texas/24-008749-003/2024(H5N1)	1439	1793
PA|PP755594.1|A/cattle/Texas/24-008749-003/2024(H5N1)	1440	1787
PA|PP755594.1|A/cattle/Texas/24-008749-003/2024(H5N1)	1441	1778
PA|PP755594.1|A/cattle/Texas/24-008749-003/2024(H5N1)	1442	1774
PA|PP755594.1|A/cattle/Texas/24-008749-003/2024(H5N1)	1443	1663
PA|PP755594.1|A/cattle/Texas/24-008749-003/2024(H5N1)	1444	1663
PA|PP755594.1|A/cattle/Texas/24-008749-003/2024(H5N1)	1445	1749
PA|PP755594.1|A/cattle/Texas/24-008749-003/2024(H5N1)	1446	1751
PA|PP755594.1|A/cattle/Texas/24-008749-003/2024(H5N1)	1447	1754
PA|PP755594.1|A/cattle/Texas/24-008749-003/2024(H5N1)	1448	1764
PA|PP755594.1|A/cattle/Texas/24-008749-003/2024(H5N1)	1449	1765
PA|PP755594.1|A/cattle/Texas/24-008749-003/2024(H5N1)	1450	1797
PA|PP755594.1|A/cattle/Texas/24-008749-003/2024(H5N1)	1451	1796
PA|PP755594.1|A/cattle/Texas/24-008749-003/2024(H5N1)	1452	1793
PA|PP755594.1|A/cattle/Texas/24-008749-003/2024(H5N1)	1453	1792
PA|PP755594.1|A/cattle/Texas/24-008749-003/2024(H5N1)	1454	1765
PA|PP755594.1|A/cattle/Texas/24-008749-003/2024(H5N1)	1455	1759
PA|PP755594.1|A/cattle/Texas/24-008749-003/2024(H5N1)	1456	1756
PA|PP755594.1|A/cattle/Texas/24-008749-003/2024(H5N1)	1457	1741
PA|PP755594.1|A/cattle/Texas/24-008749-003/2024(H5N1)	1458	1736
PA|PP755594.1|A/cattle/Texas/24-008749-003/2024(H5N1)	1459	1735
PA|PP755594.1|A/cattle/Texas/24-008749-003/2024(H5N1)	1460	1733
PA|PP755594.1|A/cattle/Texas/24-008749-003/2024(H5N1)	1461	1675
PA|PP755594.1|A/cattle/Texas/24-008749-003/2024(H5N1)	1462	1645
PA|PP755594.1|A/cattle/Texas/24-008749-003/2024(H5N1)	1463	1643
PA|PP755594.1|A/cattle/Texas/24-008749-003/2024(H5N1)	1464	1617
PA|PP755594.1|A/cattle/Texas/24-008749-003/2024(H5N1)	1465	1617
PA|PP755594.1|A/cattle/Texas/24-008749-003/2024(H5N1)	1466	1617
PA|PP755594.1|A/cattle/Texas/24-008749-003/2024(H5N1)	1467	1617
PA|PP755594.1|A/cattle/Texas/24-008749-003/2024(H5N1)	1468	1597
PA|PP755594.1|A/cattle/Texas/24-008749-003/2024(H5N1)	1469	1585
PA|PP755594.1|A/cattle/Texas/24-008749-003/2024(H5N1)	1470	1581
PA|PP755594.1|A/cattle/Texas/24-008749-003/2024(H5N1)	1471	1583
PA|PP755594.1|A/cattle/Texas/24-008749-003/2024(H5N1)	1472	1587
PA|PP755594.1|A/cattle/Texas/24-008749-003/2024(H5N1)	1473	1573
PA|PP755594.1|A/cattle/Texas/24-008749-003/2024(H5N1)	1474	1756
PA|PP755594.1|A/cattle/Texas/24-008749-003/2024(H5N1)	1475	1788
PA|PP755594.1|A/cattle/Texas/24-008749-003/2024(H5N1)	1476	1788
PA|PP755594.1|A/cattle/Texas/24-008749-003/2024(H5N1)	1477	1788
PA|PP755594.1|A/cattle/Texas/24-008749-003/2024(H5N1)	1478	1771
PA|PP755594.1|A/cattle/Texas/24-008749-003/2024(H5N1)	1479	1759
PA|PP755594.1|A/cattle/Texas/24-008749-003/2024(H5N1)	1480	1751
PA|PP755594.1|A/cattle/Texas/24-008749-003/2024(H5N1)	1481	1740
PA|PP755594.1|A/cattle/Texas/24-008749-003/2024(H5N1)	1482	1736
PA|PP755594.1|A/cattle/Texas/24-008749-003/2024(H5N1)	1483	1727
PA|PP755594.1|A/cattle/Texas/24-008749-003/2024(H5N1)	1484	1716
PA|PP755594.1|A/cattle/Texas/24-008749-003/2024(H5N1)	1485	1728
PA|PP755594.1|A/cattle/Texas/24-008749-003/2024(H5N1)	1486	1727
PA|PP755594.1|A/cattle/Texas/24-008749-003/2024(H5N1)	1487	1727
PA|PP755594.1|A/cattle/Texas/24-008749-003/2024(H5N1)	1488	1725
PA|PP755594.1|A/cattle/Texas/24-008749-003/2024(H5N1)	1489	1719
PA|PP755594.1|A/cattle/Texas/24-008749-003/2024(H5N1)	1490	1380
PA|PP755594.1|A/cattle/Texas/24-008749-003/2024(H5N1)	1491	1327
PA|PP755594.1|A/cattle/Texas/24-008749-003/2024(H5N1)	1492	1330
PA|PP755594.1|A/cattle/Texas/24-008749-003/2024(H5N1)	1493	1336
PA|PP755594.1|A/cattle/Texas/24-008749-003/2024(H5N1)	1494	1339
PA|PP755594.1|A/cattle/Texas/24-008749-003/2024(H5N1)	1495	1380
PA|PP755594.1|A/cattle/Texas/24-008749-003/2024(H5N1)	1496	1360
PA|PP755594.1|A/cattle/Texas/24-008749-003/2024(H5N1)	1497	1360
PA|PP755594.1|A/cattle/Texas/24-008749-003/2024(H5N1)	1498	1401
PA|PP755594.1|A/cattle/Texas/24-008749-003/2024(H5N1)	1499	1403
PA|PP755594.1|A/cattle/Texas/24-008749-003/2024(H5N1)	1500	1418
PA|PP755594.1|A/cattle/Texas/24-008749-003/2024(H5N1)	1501	1597
PA|PP755594.1|A/cattle/Texas/24-008749-003/2024(H5N1)	1502	1597
PA|PP755594.1|A/cattle/Texas/24-008749-003/2024(H5N1)	1503	1654
PA|PP755594.1|A/cattle/Texas/24-008749-003/2024(H5N1)	1504	1658
PA|PP755594.1|A/cattle/Texas/24-008749-003/2024(H5N1)	1505	1703
PA|PP755594.1|A/cattle/Texas/24-008749-003/2024(H5N1)	1506	1696
PA|PP755594.1|A/cattle/Texas/24-008749-003/2024(H5N1)	1507	1732
PA|PP755594.1|A/cattle/Texas/24-008749-003/2024(H5N1)	1508	1737
PA|PP755594.1|A/cattle/Texas/24-008749-003/2024(H5N1)	1509	1742
PA|PP755594.1|A/cattle/Texas/24-008749-003/2024(H5N1)	1510	1756
PA|PP755594.1|A/cattle/Texas/24-008749-003/2024(H5N1)	1511	1774
PA|PP755594.1|A/cattle/Texas/24-008749-003/2024(H5N1)	1512	1765
PA|PP755594.1|A/cattle/Texas/24-008749-003/2024(H5N1)	1513	1805
PA|PP755594.1|A/cattle/Texas/24-008749-003/2024(H5N1)	1514	1812
PA|PP755594.1|A/cattle/Texas/24-008749-003/2024(H5N1)	1515	1884
PA|PP755594.1|A/cattle/Texas/24-008749-003/2024(H5N1)	1516	1959
PA|PP755594.1|A/cattle/Texas/24-008749-003/2024(H5N1)	1517	1974
PA|PP755594.1|A/cattle/Texas/24-008749-003/2024(H5N1)	1518	1995
PA|PP755594.1|A/cattle/Texas/24-008749-003/2024(H5N1)	1519	2003
PA|PP755594.1|A/cattle/Texas/24-008749-003/2024(H5N1)	1520	2006
PA|PP755594.1|A/cattle/Texas/24-008749-003/2024(H5N1)	1521	2003
PA|PP755594.1|A/cattle/Texas/24-008749-003/2024(H5N1)	1522	2000
PA|PP755594.1|A/cattle/Texas/24-008749-003/2024(H5N1)	1523	1999
PA|PP755594.1|A/cattle/Texas/24-008749-003/2024(H5N1)	1524	1819
PA|PP755594.1|A/cattle/Texas/24-008749-003/2024(H5N1)	1525	1821
PA|PP755594.1|A/cattle/Texas/24-008749-003/2024(H5N1)	1526	1829
PA|PP755594.1|A/cattle/Texas/24-008749-003/2024(H5N1)	1527	1837
PA|PP755594.1|A/cattle/Texas/24-008749-003/2024(H5N1)	1528	1954
PA|PP755594.1|A/cattle/Texas/24-008749-003/2024(H5N1)	1529	1985
PA|PP755594.1|A/cattle/Texas/24-008749-003/2024(H5N1)	1530	1996
PA|PP755594.1|A/cattle/Texas/24-008749-003/2024(H5N1)	1531	1997
PA|PP755594.1|A/cattle/Texas/24-008749-003/2024(H5N1)	1532	1999
PA|PP755594.1|A/cattle/Texas/24-008749-003/2024(H5N1)	1533	2010
PA|PP755594.1|A/cattle/Texas/24-008749-003/2024(H5N1)	1534	2018
PA|PP755594.1|A/cattle/Texas/24-008749-003/2024(H5N1)	1535	2022
PA|PP755594.1|A/cattle/Texas/24-008749-003/2024(H5N1)	1536	2106
PA|PP755594.1|A/cattle/Texas/24-008749-003/2024(H5N1)	1537	2071
PA|PP755594.1|A/cattle/Texas/24-008749-003/2024(H5N1)	1538	2075
PA|PP755594.1|A/cattle/Texas/24-008749-003/2024(H5N1)	1539	2083
PA|PP755594.1|A/cattle/Texas/24-008749-003/2024(H5N1)	1540	2081
PA|PP755594.1|A/cattle/Texas/24-008749-003/2024(H5N1)	1541	2077
PA|PP755594.1|A/cattle/Texas/24-008749-003/2024(H5N1)	1542	1893
PA|PP755594.1|A/cattle/Texas/24-008749-003/2024(H5N1)	1543	1902
PA|PP755594.1|A/cattle/Texas/24-008749-003/2024(H5N1)	1544	1932
PA|PP755594.1|A/cattle/Texas/24-008749-003/2024(H5N1)	1545	1932
PA|PP755594.1|A/cattle/Texas/24-008749-003/2024(H5N1)	1546	1932
PA|PP755594.1|A/cattle/Texas/24-008749-003/2024(H5N1)	1547	1932
PA|PP755594.1|A/cattle/Texas/24-008749-003/2024(H5N1)	1548	1853
PA|PP755594.1|A/cattle/Texas/24-008749-003/2024(H5N1)	1549	1852
PA|PP755594.1|A/cattle/Texas/24-008749-003/2024(H5N1)	1550	1840
PA|PP755594.1|A/cattle/Texas/24-008749-003/2024(H5N1)	1551	1289
PA|PP755594.1|A/cattle/Texas/24-008749-003/2024(H5N1)	1552	1289
PA|PP755594.1|A/cattle/Texas/24-008749-003/2024(H5N1)	1553	1286
PA|PP755594.1|A/cattle/Texas/24-008749-003/2024(H5N1)	1554	1283
PA|PP755594.1|A/cattle/Texas/24-008749-003/2024(H5N1)	1555	1284
PA|PP755594.1|A/cattle/Texas/24-008749-003/2024(H5N1)	1556	1284
PA|PP755594.1|A/cattle/Texas/24-008749-003/2024(H5N1)	1557	1284
PA|PP755594.1|A/cattle/Texas/24-008749-003/2024(H5N1)	1558	1285
PA|PP755594.1|A/cattle/Texas/24-008749-003/2024(H5N1)	1559	1292
PA|PP755594.1|A/cattle/Texas/24-008749-003/2024(H5N1)	1560	1293
PA|PP755594.1|A/cattle/Texas/24-008749-003/2024(H5N1)	1561	1293
PA|PP755594.1|A/cattle/Texas/24-008749-003/2024(H5N1)	1562	1293
PA|PP755594.1|A/cattle/Texas/24-008749-003/2024(H5N1)	1563	1290
PA|PP755594.1|A/cattle/Texas/24-008749-003/2024(H5N1)	1564	1297
PA|PP755594.1|A/cattle/Texas/24-008749-003/2024(H5N1)	1565	1297
PA|PP755594.1|A/cattle/Texas/24-008749-003/2024(H5N1)	1566	1297
PA|PP755594.1|A/cattle/Texas/24-008749-003/2024(H5N1)	1567	1299
PA|PP755594.1|A/cattle/Texas/24-008749-003/2024(H5N1)	1568	1303
PA|PP755594.1|A/cattle/Texas/24-008749-003/2024(H5N1)	1569	1308
PA|PP755594.1|A/cattle/Texas/24-008749-003/2024(H5N1)	1570	1308
PA|PP755594.1|A/cattle/Texas/24-008749-003/2024(H5N1)	1571	1308
PA|PP755594.1|A/cattle/Texas/24-008749-003/2024(H5N1)	1572	1308
PA|PP755594.1|A/cattle/Texas/24-008749-003/2024(H5N1)	1573	1318
PA|PP755594.1|A/cattle/Texas/24-008749-003/2024(H5N1)	1574	1319
PA|PP755594.1|A/cattle/Texas/24-008749-003/2024(H5N1)	1575	1320
PA|PP755594.1|A/cattle/Texas/24-008749-003/2024(H5N1)	1576	1324
PA|PP755594.1|A/cattle/Texas/24-008749-003/2024(H5N1)	1577	1324
PA|PP755594.1|A/cattle/Texas/24-008749-003/2024(H5N1)	1578	1324
PA|PP755594.1|A/cattle/Texas/24-008749-003/2024(H5N1)	1579	1331
PA|PP755594.1|A/cattle/Texas/24-008749-003/2024(H5N1)	1580	1319
PA|PP755594.1|A/cattle/Texas/24-008749-003/2024(H5N1)	1581	1319
PA|PP755594.1|A/cattle/Texas/24-008749-003/2024(H5N1)	1582	1331
PA|PP755594.1|A/cattle/Texas/24-008749-003/2024(H5N1)	1583	1359
PA|PP755594.1|A/cattle/Texas/24-008749-003/2024(H5N1)	1584	1361
PA|PP755594.1|A/cattle/Texas/24-008749-003/2024(H5N1)	1585	1366
PA|PP755594.1|A/cattle/Texas/24-008749-003/2024(H5N1)	1586	1451
PA|PP755594.1|A/cattle/Texas/24-008749-003/2024(H5N1)	1587	1462
PA|PP755594.1|A/cattle/Texas/24-008749-003/2024(H5N1)	1588	1511
PA|PP755594.1|A/cattle/Texas/24-008749-003/2024(H5N1)	1589	1527
PA|PP755594.1|A/cattle/Texas/24-008749-003/2024(H5N1)	1590	1527
PA|PP755594.1|A/cattle/Texas/24-008749-003/2024(H5N1)	1591	1560
PA|PP755594.1|A/cattle/Texas/24-008749-003/2024(H5N1)	1592	1643
PA|PP755594.1|A/cattle/Texas/24-008749-003/2024(H5N1)	1593	1658
PA|PP755594.1|A/cattle/Texas/24-008749-003/2024(H5N1)	1594	1658
PA|PP755594.1|A/cattle/Texas/24-008749-003/2024(H5N1)	1595	1658
PA|PP755594.1|A/cattle/Texas/24-008749-003/2024(H5N1)	1596	1658
PA|PP755594.1|A/cattle/Texas/24-008749-003/2024(H5N1)	1597	1679
PA|PP755594.1|A/cattle/Texas/24-008749-003/2024(H5N1)	1598	1700
PA|PP755594.1|A/cattle/Texas/24-008749-003/2024(H5N1)	1599	1703
PA|PP755594.1|A/cattle/Texas/24-008749-003/2024(H5N1)	1600	2172
PA|PP755594.1|A/cattle/Texas/24-008749-003/2024(H5N1)	1601	2173
PA|PP755594.1|A/cattle/Texas/24-008749-003/2024(H5N1)	1602	2210
PA|PP755594.1|A/cattle/Texas/24-008749-003/2024(H5N1)	1603	2237
PA|PP755594.1|A/cattle/Texas/24-008749-003/2024(H5N1)	1604	2243
PA|PP755594.1|A/cattle/Texas/24-008749-003/2024(H5N1)	1605	2248
PA|PP755594.1|A/cattle/Texas/24-008749-003/2024(H5N1)	1606	2249
PA|PP755594.1|A/cattle/Texas/24-008749-003/2024(H5N1)	1607	2259
PA|PP755594.1|A/cattle/Texas/24-008749-003/2024(H5N1)	1608	2260
PA|PP755594.1|A/cattle/Texas/24-008749-003/2024(H5N1)	1609	2306
PA|PP755594.1|A/cattle/Texas/24-008749-003/2024(H5N1)	1610	2314
PA|PP755594.1|A/cattle/Texas/24-008749-003/2024(H5N1)	1611	2326
PA|PP755594.1|A/cattle/Texas/24-008749-003/2024(H5N1)	1612	2357
PA|PP755594.1|A/cattle/Texas/24-008749-003/2024(H5N1)	1613	2377
PA|PP755594.1|A/cattle/Texas/24-008749-003/2024(H5N1)	1614	2395
PA|PP755594.1|A/cattle/Texas/24-008749-003/2024(H5N1)	1615	2378
PA|PP755594.1|A/cattle/Texas/24-008749-003/2024(H5N1)	1616	2373
PA|PP755594.1|A/cattle/Texas/24-008749-003/2024(H5N1)	1617	2421
PA|PP755594.1|A/cattle/Texas/24-008749-003/2024(H5N1)	1618	2421
PA|PP755594.1|A/cattle/Texas/24-008749-003/2024(H5N1)	1619	2411
PA|PP755594.1|A/cattle/Texas/24-008749-003/2024(H5N1)	1620	2375
PA|PP755594.1|A/cattle/Texas/24-008749-003/2024(H5N1)	1621	2319
PA|PP755594.1|A/cattle/Texas/24-008749-003/2024(H5N1)	1622	2316
PA|PP755594.1|A/cattle/Texas/24-008749-003/2024(H5N1)	1623	2294
PA|PP755594.1|A/cattle/Texas/24-008749-003/2024(H5N1)	1624	2291
PA|PP755594.1|A/cattle/Texas/24-008749-003/2024(H5N1)	1625	2341
PA|PP755594.1|A/cattle/Texas/24-008749-003/2024(H5N1)	1626	2302
PA|PP755594.1|A/cattle/Texas/24-008749-003/2024(H5N1)	1627	2302
PA|PP755594.1|A/cattle/Texas/24-008749-003/2024(H5N1)	1628	2295
PA|PP755594.1|A/cattle/Texas/24-008749-003/2024(H5N1)	1629	2294
PA|PP755594.1|A/cattle/Texas/24-008749-003/2024(H5N1)	1630	2294
PA|PP755594.1|A/cattle/Texas/24-008749-003/2024(H5N1)	1631	2284
PA|PP755594.1|A/cattle/Texas/24-008749-003/2024(H5N1)	1632	1911
PA|PP755594.1|A/cattle/Texas/24-008749-003/2024(H5N1)	1633	1911
PA|PP755594.1|A/cattle/Texas/24-008749-003/2024(H5N1)	1634	1911
PA|PP755594.1|A/cattle/Texas/24-008749-003/2024(H5N1)	1635	1923
PA|PP755594.1|A/cattle/Texas/24-008749-003/2024(H5N1)	1636	2135
PA|PP755594.1|A/cattle/Texas/24-008749-003/2024(H5N1)	1637	2177
PA|PP755594.1|A/cattle/Texas/24-008749-003/2024(H5N1)	1638	2177
PA|PP755594.1|A/cattle/Texas/24-008749-003/2024(H5N1)	1639	2210
PA|PP755594.1|A/cattle/Texas/24-008749-003/2024(H5N1)	1640	2236
PA|PP755594.1|A/cattle/Texas/24-008749-003/2024(H5N1)	1641	2236
PA|PP755594.1|A/cattle/Texas/24-008749-003/2024(H5N1)	1642	2249
PA|PP755594.1|A/cattle/Texas/24-008749-003/2024(H5N1)	1643	2288
PA|PP755594.1|A/cattle/Texas/24-008749-003/2024(H5N1)	1644	2302
PA|PP755594.1|A/cattle/Texas/24-008749-003/2024(H5N1)	1645	2448
PA|PP755594.1|A/cattle/Texas/24-008749-003/2024(H5N1)	1646	2448
PA|PP755594.1|A/cattle/Texas/24-008749-003/2024(H5N1)	1647	2448
PA|PP755594.1|A/cattle/Texas/24-008749-003/2024(H5N1)	1648	2381
PA|PP755594.1|A/cattle/Texas/24-008749-003/2024(H5N1)	1649	2331
PA|PP755594.1|A/cattle/Texas/24-008749-003/2024(H5N1)	1650	2329
PA|PP755594.1|A/cattle/Texas/24-008749-003/2024(H5N1)	1651	2329
PA|PP755594.1|A/cattle/Texas/24-008749-003/2024(H5N1)	1652	2511
PA|PP755594.1|A/cattle/Texas/24-008749-003/2024(H5N1)	1653	2531
PA|PP755594.1|A/cattle/Texas/24-008749-003/2024(H5N1)	1654	2541
PA|PP755594.1|A/cattle/Texas/24-008749-003/2024(H5N1)	1655	2586
PA|PP755594.1|A/cattle/Texas/24-008749-003/2024(H5N1)	1656	2586
PA|PP755594.1|A/cattle/Texas/24-008749-003/2024(H5N1)	1657	2695
PA|PP755594.1|A/cattle/Texas/24-008749-003/2024(H5N1)	1658	2701
PA|PP755594.1|A/cattle/Texas/24-008749-003/2024(H5N1)	1659	2695
PA|PP755594.1|A/cattle/Texas/24-008749-003/2024(H5N1)	1660	2693
PA|PP755594.1|A/cattle/Texas/24-008749-003/2024(H5N1)	1661	2669
PA|PP755594.1|A/cattle/Texas/24-008749-003/2024(H5N1)	1662	2661
PA|PP755594.1|A/cattle/Texas/24-008749-003/2024(H5N1)	1663	2669
PA|PP755594.1|A/cattle/Texas/24-008749-003/2024(H5N1)	1664	2654
PA|PP755594.1|A/cattle/Texas/24-008749-003/2024(H5N1)	1665	2650
PA|PP755594.1|A/cattle/Texas/24-008749-003/2024(H5N1)	1666	2569
PA|PP755594.1|A/cattle/Texas/24-008749-003/2024(H5N1)	1667	2494
PA|PP755594.1|A/cattle/Texas/24-008749-003/2024(H5N1)	1668	2479
PA|PP755594.1|A/cattle/Texas/24-008749-003/2024(H5N1)	1669	2457
PA|PP755594.1|A/cattle/Texas/24-008749-003/2024(H5N1)	1670	2449
PA|PP755594.1|A/cattle/Texas/24-008749-003/2024(H5N1)	1671	2446
PA|PP755594.1|A/cattle/Texas/24-008749-003/2024(H5N1)	1672	2438
PA|PP755594.1|A/cattle/Texas/24-008749-003/2024(H5N1)	1673	2295
PA|PP755594.1|A/cattle/Texas/24-008749-003/2024(H5N1)	1674	2259
PA|PP755594.1|A/cattle/Texas/24-008749-003/2024(H5N1)	1675	2271
PA|PP755594.1|A/cattle/Texas/24-008749-003/2024(H5N1)	1676	2278
PA|PP755594.1|A/cattle/Texas/24-008749-003/2024(H5N1)	1677	2281
PA|PP755594.1|A/cattle/Texas/24-008749-003/2024(H5N1)	1678	2446
PA|PP755594.1|A/cattle/Texas/24-008749-003/2024(H5N1)	1679	2449
PA|PP755594.1|A/cattle/Texas/24-008749-003/2024(H5N1)	1680	2452
PA|PP755594.1|A/cattle/Texas/24-008749-003/2024(H5N1)	1681	2473
PA|PP755594.1|A/cattle/Texas/24-008749-003/2024(H5N1)	1682	2473
PA|PP755594.1|A/cattle/Texas/24-008749-003/2024(H5N1)	1683	2480
PA|PP755594.1|A/cattle/Texas/24-008749-003/2024(H5N1)	1684	2471
PA|PP755594.1|A/cattle/Texas/24-008749-003/2024(H5N1)	1685	2475
PA|PP755594.1|A/cattle/Texas/24-008749-003/2024(H5N1)	1686	2490
PA|PP755594.1|A/cattle/Texas/24-008749-003/2024(H5N1)	1687	2405
PA|PP755594.1|A/cattle/Texas/24-008749-003/2024(H5N1)	1688	2396
PA|PP755594.1|A/cattle/Texas/24-008749-003/2024(H5N1)	1689	2403
PA|PP755594.1|A/cattle/Texas/24-008749-003/2024(H5N1)	1690	2385
PA|PP755594.1|A/cattle/Texas/24-008749-003/2024(H5N1)	1691	2382
PA|PP755594.1|A/cattle/Texas/24-008749-003/2024(H5N1)	1692	2352
PA|PP755594.1|A/cattle/Texas/24-008749-003/2024(H5N1)	1693	2341
PA|PP755594.1|A/cattle/Texas/24-008749-003/2024(H5N1)	1694	2327
PA|PP755594.1|A/cattle/Texas/24-008749-003/2024(H5N1)	1695	2170
PA|PP755594.1|A/cattle/Texas/24-008749-003/2024(H5N1)	1696	2165
PA|PP755594.1|A/cattle/Texas/24-008749-003/2024(H5N1)	1697	2157
PA|PP755594.1|A/cattle/Texas/24-008749-003/2024(H5N1)	1698	2152
PA|PP755594.1|A/cattle/Texas/24-008749-003/2024(H5N1)	1699	2157
PA|PP755594.1|A/cattle/Texas/24-008749-003/2024(H5N1)	1700	2163
PA|PP755594.1|A/cattle/Texas/24-008749-003/2024(H5N1)	1701	2143
PA|PP755594.1|A/cattle/Texas/24-008749-003/2024(H5N1)	1702	2117
PA|PP755594.1|A/cattle/Texas/24-008749-003/2024(H5N1)	1703	2115
PA|PP755594.1|A/cattle/Texas/24-008749-003/2024(H5N1)	1704	2114
PA|PP755594.1|A/cattle/Texas/24-008749-003/2024(H5N1)	1705	2115
PA|PP755594.1|A/cattle/Texas/24-008749-003/2024(H5N1)	1706	2106
PA|PP755594.1|A/cattle/Texas/24-008749-003/2024(H5N1)	1707	2097
PA|PP755594.1|A/cattle/Texas/24-008749-003/2024(H5N1)	1708	2098
PA|PP755594.1|A/cattle/Texas/24-008749-003/2024(H5N1)	1709	2101
PA|PP755594.1|A/cattle/Texas/24-008749-003/2024(H5N1)	1710	2107
PA|PP755594.1|A/cattle/Texas/24-008749-003/2024(H5N1)	1711	2305
PA|PP755594.1|A/cattle/Texas/24-008749-003/2024(H5N1)	1712	2310
PA|PP755594.1|A/cattle/Texas/24-008749-003/2024(H5N1)	1713	2310
PA|PP755594.1|A/cattle/Texas/24-008749-003/2024(H5N1)	1714	2310
PA|PP755594.1|A/cattle/Texas/24-008749-003/2024(H5N1)	1715	2312
PA|PP755594.1|A/cattle/Texas/24-008749-003/2024(H5N1)	1716	2258
PA|PP755594.1|A/cattle/Texas/24-008749-003/2024(H5N1)	1717	2294
PA|PP755594.1|A/cattle/Texas/24-008749-003/2024(H5N1)	1718	2294
PA|PP755594.1|A/cattle/Texas/24-008749-003/2024(H5N1)	1719	2304
PA|PP755594.1|A/cattle/Texas/24-008749-003/2024(H5N1)	1720	2305
PA|PP755594.1|A/cattle/Texas/24-008749-003/2024(H5N1)	1721	2291
PA|PP755594.1|A/cattle/Texas/24-008749-003/2024(H5N1)	1722	2295
PA|PP755594.1|A/cattle/Texas/24-008749-003/2024(H5N1)	1723	2306
PA|PP755594.1|A/cattle/Texas/24-008749-003/2024(H5N1)	1724	2307
PA|PP755594.1|A/cattle/Texas/24-008749-003/2024(H5N1)	1725	2347
PA|PP755594.1|A/cattle/Texas/24-008749-003/2024(H5N1)	1726	2343
PA|PP755594.1|A/cattle/Texas/24-008749-003/2024(H5N1)	1727	2356
PA|PP755594.1|A/cattle/Texas/24-008749-003/2024(H5N1)	1728	2358
PA|PP755594.1|A/cattle/Texas/24-008749-003/2024(H5N1)	1729	2370
PA|PP755594.1|A/cattle/Texas/24-008749-003/2024(H5N1)	1730	2472
PA|PP755594.1|A/cattle/Texas/24-008749-003/2024(H5N1)	1731	2487
PA|PP755594.1|A/cattle/Texas/24-008749-003/2024(H5N1)	1732	2486
PA|PP755594.1|A/cattle/Texas/24-008749-003/2024(H5N1)	1733	2544
PA|PP755594.1|A/cattle/Texas/24-008749-003/2024(H5N1)	1734	2486
PA|PP755594.1|A/cattle/Texas/24-008749-003/2024(H5N1)	1735	2522
PA|PP755594.1|A/cattle/Texas/24-008749-003/2024(H5N1)	1736	2518
PA|PP755594.1|A/cattle/Texas/24-008749-003/2024(H5N1)	1737	2487
PA|PP755594.1|A/cattle/Texas/24-008749-003/2024(H5N1)	1738	2571
PA|PP755594.1|A/cattle/Texas/24-008749-003/2024(H5N1)	1739	2533
PA|PP755594.1|A/cattle/Texas/24-008749-003/2024(H5N1)	1740	2573
PA|PP755594.1|A/cattle/Texas/24-008749-003/2024(H5N1)	1741	2564
PA|PP755594.1|A/cattle/Texas/24-008749-003/2024(H5N1)	1742	2517
PA|PP755594.1|A/cattle/Texas/24-008749-003/2024(H5N1)	1743	2452
PA|PP755594.1|A/cattle/Texas/24-008749-003/2024(H5N1)	1744	2441
PA|PP755594.1|A/cattle/Texas/24-008749-003/2024(H5N1)	1745	2478
PA|PP755594.1|A/cattle/Texas/24-008749-003/2024(H5N1)	1746	2499
PA|PP755594.1|A/cattle/Texas/24-008749-003/2024(H5N1)	1747	2458
PA|PP755594.1|A/cattle/Texas/24-008749-003/2024(H5N1)	1748	2438
PA|PP755594.1|A/cattle/Texas/24-008749-003/2024(H5N1)	1749	2424
PA|PP755594.1|A/cattle/Texas/24-008749-003/2024(H5N1)	1750	2447
PA|PP755594.1|A/cattle/Texas/24-008749-003/2024(H5N1)	1751	2514
PA|PP755594.1|A/cattle/Texas/24-008749-003/2024(H5N1)	1752	2524
PA|PP755594.1|A/cattle/Texas/24-008749-003/2024(H5N1)	1753	2533
PA|PP755594.1|A/cattle/Texas/24-008749-003/2024(H5N1)	1754	2513
PA|PP755594.1|A/cattle/Texas/24-008749-003/2024(H5N1)	1755	2523
PA|PP755594.1|A/cattle/Texas/24-008749-003/2024(H5N1)	1756	2564
PA|PP755594.1|A/cattle/Texas/24-008749-003/2024(H5N1)	1757	2563
PA|PP755594.1|A/cattle/Texas/24-008749-003/2024(H5N1)	1758	2556
PA|PP755594.1|A/cattle/Texas/24-008749-003/2024(H5N1)	1759	2557
PA|PP755594.1|A/cattle/Texas/24-008749-003/2024(H5N1)	1760	2511
PA|PP755594.1|A/cattle/Texas/24-008749-003/2024(H5N1)	1761	2512
PA|PP755594.1|A/cattle/Texas/24-008749-003/2024(H5N1)	1762	2500
PA|PP755594.1|A/cattle/Texas/24-008749-003/2024(H5N1)	1763	2630
PA|PP755594.1|A/cattle/Texas/24-008749-003/2024(H5N1)	1764	2608
PA|PP755594.1|A/cattle/Texas/24-008749-003/2024(H5N1)	1765	2665
PA|PP755594.1|A/cattle/Texas/24-008749-003/2024(H5N1)	1766	2789
PA|PP755594.1|A/cattle/Texas/24-008749-003/2024(H5N1)	1767	2798
PA|PP755594.1|A/cattle/Texas/24-008749-003/2024(H5N1)	1768	2788
PA|PP755594.1|A/cattle/Texas/24-008749-003/2024(H5N1)	1769	2787
PA|PP755594.1|A/cattle/Texas/24-008749-003/2024(H5N1)	1770	2788
PA|PP755594.1|A/cattle/Texas/24-008749-003/2024(H5N1)	1771	2803
PA|PP755594.1|A/cattle/Texas/24-008749-003/2024(H5N1)	1772	2715
PA|PP755594.1|A/cattle/Texas/24-008749-003/2024(H5N1)	1773	2750
PA|PP755594.1|A/cattle/Texas/24-008749-003/2024(H5N1)	1774	2727
PA|PP755594.1|A/cattle/Texas/24-008749-003/2024(H5N1)	1775	2729
PA|PP755594.1|A/cattle/Texas/24-008749-003/2024(H5N1)	1776	2693
PA|PP755594.1|A/cattle/Texas/24-008749-003/2024(H5N1)	1777	2705
PA|PP755594.1|A/cattle/Texas/24-008749-003/2024(H5N1)	1778	2698
PA|PP755594.1|A/cattle/Texas/24-008749-003/2024(H5N1)	1779	2722
PA|PP755594.1|A/cattle/Texas/24-008749-003/2024(H5N1)	1780	2714
PA|PP755594.1|A/cattle/Texas/24-008749-003/2024(H5N1)	1781	2763
PA|PP755594.1|A/cattle/Texas/24-008749-003/2024(H5N1)	1782	2729
PA|PP755594.1|A/cattle/Texas/24-008749-003/2024(H5N1)	1783	2722
PA|PP755594.1|A/cattle/Texas/24-008749-003/2024(H5N1)	1784	2712
PA|PP755594.1|A/cattle/Texas/24-008749-003/2024(H5N1)	1785	2741
PA|PP755594.1|A/cattle/Texas/24-008749-003/2024(H5N1)	1786	2745
PA|PP755594.1|A/cattle/Texas/24-008749-003/2024(H5N1)	1787	2739
PA|PP755594.1|A/cattle/Texas/24-008749-003/2024(H5N1)	1788	2691
PA|PP755594.1|A/cattle/Texas/24-008749-003/2024(H5N1)	1789	2692
PA|PP755594.1|A/cattle/Texas/24-008749-003/2024(H5N1)	1790	2656
PA|PP755594.1|A/cattle/Texas/24-008749-003/2024(H5N1)	1791	2679
PA|PP755594.1|A/cattle/Texas/24-008749-003/2024(H5N1)	1792	2682
PA|PP755594.1|A/cattle/Texas/24-008749-003/2024(H5N1)	1793	2669
PA|PP755594.1|A/cattle/Texas/24-008749-003/2024(H5N1)	1794	2622
PA|PP755594.1|A/cattle/Texas/24-008749-003/2024(H5N1)	1795	2604
PA|PP755594.1|A/cattle/Texas/24-008749-003/2024(H5N1)	1796	2464
PA|PP755594.1|A/cattle/Texas/24-008749-003/2024(H5N1)	1797	2460
PA|PP755594.1|A/cattle/Texas/24-008749-003/2024(H5N1)	1798	2425
PA|PP755594.1|A/cattle/Texas/24-008749-003/2024(H5N1)	1799	2426
PA|PP755594.1|A/cattle/Texas/24-008749-003/2024(H5N1)	1800	2406
PA|PP755594.1|A/cattle/Texas/24-008749-003/2024(H5N1)	1801	2594
PA|PP755594.1|A/cattle/Texas/24-008749-003/2024(H5N1)	1802	2608
PA|PP755594.1|A/cattle/Texas/24-008749-003/2024(H5N1)	1803	2564
PA|PP755594.1|A/cattle/Texas/24-008749-003/2024(H5N1)	1804	2545
PA|PP755594.1|A/cattle/Texas/24-008749-003/2024(H5N1)	1805	2534
PA|PP755594.1|A/cattle/Texas/24-008749-003/2024(H5N1)	1806	2492
PA|PP755594.1|A/cattle/Texas/24-008749-003/2024(H5N1)	1807	2491
PA|PP755594.1|A/cattle/Texas/24-008749-003/2024(H5N1)	1808	2379
PA|PP755594.1|A/cattle/Texas/24-008749-003/2024(H5N1)	1809	2371
PA|PP755594.1|A/cattle/Texas/24-008749-003/2024(H5N1)	1810	2370
PA|PP755594.1|A/cattle/Texas/24-008749-003/2024(H5N1)	1811	2367
PA|PP755594.1|A/cattle/Texas/24-008749-003/2024(H5N1)	1812	2086
PA|PP755594.1|A/cattle/Texas/24-008749-003/2024(H5N1)	1813	2079
PA|PP755594.1|A/cattle/Texas/24-008749-003/2024(H5N1)	1814	2067
PA|PP755594.1|A/cattle/Texas/24-008749-003/2024(H5N1)	1815	2055
PA|PP755594.1|A/cattle/Texas/24-008749-003/2024(H5N1)	1816	2055
PA|PP755594.1|A/cattle/Texas/24-008749-003/2024(H5N1)	1817	2055
PA|PP755594.1|A/cattle/Texas/24-008749-003/2024(H5N1)	1818	2055
PA|PP755594.1|A/cattle/Texas/24-008749-003/2024(H5N1)	1819	2045
PA|PP755594.1|A/cattle/Texas/24-008749-003/2024(H5N1)	1820	2018
PA|PP755594.1|A/cattle/Texas/24-008749-003/2024(H5N1)	1821	2009
PA|PP755594.1|A/cattle/Texas/24-008749-003/2024(H5N1)	1822	1973
PA|PP755594.1|A/cattle/Texas/24-008749-003/2024(H5N1)	1823	1972
PA|PP755594.1|A/cattle/Texas/24-008749-003/2024(H5N1)	1824	1965
PA|PP755594.1|A/cattle/Texas/24-008749-003/2024(H5N1)	1825	1965
PA|PP755594.1|A/cattle/Texas/24-008749-003/2024(H5N1)	1826	1965
PA|PP755594.1|A/cattle/Texas/24-008749-003/2024(H5N1)	1827	1965
PA|PP755594.1|A/cattle/Texas/24-008749-003/2024(H5N1)	1828	2141
PA|PP755594.1|A/cattle/Texas/24-008749-003/2024(H5N1)	1829	2140
PA|PP755594.1|A/cattle/Texas/24-008749-003/2024(H5N1)	1830	2140
PA|PP755594.1|A/cattle/Texas/24-008749-003/2024(H5N1)	1831	2140
PA|PP755594.1|A/cattle/Texas/24-008749-003/2024(H5N1)	1832	2140
PA|PP755594.1|A/cattle/Texas/24-008749-003/2024(H5N1)	1833	2133
PA|PP755594.1|A/cattle/Texas/24-008749-003/2024(H5N1)	1834	2141
PA|PP755594.1|A/cattle/Texas/24-008749-003/2024(H5N1)	1835	2141
PA|PP755594.1|A/cattle/Texas/24-008749-003/2024(H5N1)	1836	2141
PA|PP755594.1|A/cattle/Texas/24-008749-003/2024(H5N1)	1837	2140
PA|PP755594.1|A/cattle/Texas/24-008749-003/2024(H5N1)	1838	2134
PA|PP755594.1|A/cattle/Texas/24-008749-003/2024(H5N1)	1839	2134
PA|PP755594.1|A/cattle/Texas/24-008749-003/2024(H5N1)	1840	2133
PA|PP755594.1|A/cattle/Texas/24-008749-003/2024(H5N1)	1841	2133
PA|PP755594.1|A/cattle/Texas/24-008749-003/2024(H5N1)	1842	2133
PA|PP755594.1|A/cattle/Texas/24-008749-003/2024(H5N1)	1843	2107
PA|PP755594.1|A/cattle/Texas/24-008749-003/2024(H5N1)	1844	2074
PA|PP755594.1|A/cattle/Texas/24-008749-003/2024(H5N1)	1845	2074
PA|PP755594.1|A/cattle/Texas/24-008749-003/2024(H5N1)	1846	2074
PA|PP755594.1|A/cattle/Texas/24-008749-003/2024(H5N1)	1847	2074
PA|PP755594.1|A/cattle/Texas/24-008749-003/2024(H5N1)	1848	2059
PA|PP755594.1|A/cattle/Texas/24-008749-003/2024(H5N1)	1849	2339
PA|PP755594.1|A/cattle/Texas/24-008749-003/2024(H5N1)	1850	2339
PA|PP755594.1|A/cattle/Texas/24-008749-003/2024(H5N1)	1851	2339
PA|PP755594.1|A/cattle/Texas/24-008749-003/2024(H5N1)	1852	2339
PA|PP755594.1|A/cattle/Texas/24-008749-003/2024(H5N1)	1853	2312
PA|PP755594.1|A/cattle/Texas/24-008749-003/2024(H5N1)	1854	2299
PA|PP755594.1|A/cattle/Texas/24-008749-003/2024(H5N1)	1855	2341
PA|PP755594.1|A/cattle/Texas/24-008749-003/2024(H5N1)	1856	2355
PA|PP755594.1|A/cattle/Texas/24-008749-003/2024(H5N1)	1857	2360
PA|PP755594.1|A/cattle/Texas/24-008749-003/2024(H5N1)	1858	2452
PA|PP755594.1|A/cattle/Texas/24-008749-003/2024(H5N1)	1859	2474
PA|PP755594.1|A/cattle/Texas/24-008749-003/2024(H5N1)	1860	2472
PA|PP755594.1|A/cattle/Texas/24-008749-003/2024(H5N1)	1861	2476
PA|PP755594.1|A/cattle/Texas/24-008749-003/2024(H5N1)	1862	2480
PA|PP755594.1|A/cattle/Texas/24-008749-003/2024(H5N1)	1863	2493
PA|PP755594.1|A/cattle/Texas/24-008749-003/2024(H5N1)	1864	2515
PA|PP755594.1|A/cattle/Texas/24-008749-003/2024(H5N1)	1865	2516
PA|PP755594.1|A/cattle/Texas/24-008749-003/2024(H5N1)	1866	2514
PA|PP755594.1|A/cattle/Texas/24-008749-003/2024(H5N1)	1867	2515
PA|PP755594.1|A/cattle/Texas/24-008749-003/2024(H5N1)	1868	2495
PA|PP755594.1|A/cattle/Texas/24-008749-003/2024(H5N1)	1869	2498
PA|PP755594.1|A/cattle/Texas/24-008749-003/2024(H5N1)	1870	2495
PA|PP755594.1|A/cattle/Texas/24-008749-003/2024(H5N1)	1871	2502
PA|PP755594.1|A/cattle/Texas/24-008749-003/2024(H5N1)	1872	2635
PA|PP755594.1|A/cattle/Texas/24-008749-003/2024(H5N1)	1873	2629
PA|PP755594.1|A/cattle/Texas/24-008749-003/2024(H5N1)	1874	2630
PA|PP755594.1|A/cattle/Texas/24-008749-003/2024(H5N1)	1875	2633
PA|PP755594.1|A/cattle/Texas/24-008749-003/2024(H5N1)	1876	2605
PA|PP755594.1|A/cattle/Texas/24-008749-003/2024(H5N1)	1877	2603
PA|PP755594.1|A/cattle/Texas/24-008749-003/2024(H5N1)	1878	2598
PA|PP755594.1|A/cattle/Texas/24-008749-003/2024(H5N1)	1879	2622
PA|PP755594.1|A/cattle/Texas/24-008749-003/2024(H5N1)	1880	2635
PA|PP755594.1|A/cattle/Texas/24-008749-003/2024(H5N1)	1881	2536
PA|PP755594.1|A/cattle/Texas/24-008749-003/2024(H5N1)	1882	2612
PA|PP755594.1|A/cattle/Texas/24-008749-003/2024(H5N1)	1883	2614
PA|PP755594.1|A/cattle/Texas/24-008749-003/2024(H5N1)	1884	2551
PA|PP755594.1|A/cattle/Texas/24-008749-003/2024(H5N1)	1885	2581
PA|PP755594.1|A/cattle/Texas/24-008749-003/2024(H5N1)	1886	2556
PA|PP755594.1|A/cattle/Texas/24-008749-003/2024(H5N1)	1887	2566
PA|PP755594.1|A/cattle/Texas/24-008749-003/2024(H5N1)	1888	2541
PA|PP755594.1|A/cattle/Texas/24-008749-003/2024(H5N1)	1889	2477
PA|PP755594.1|A/cattle/Texas/24-008749-003/2024(H5N1)	1890	2544
PA|PP755594.1|A/cattle/Texas/24-008749-003/2024(H5N1)	1891	2505
PA|PP755594.1|A/cattle/Texas/24-008749-003/2024(H5N1)	1892	2501
PA|PP755594.1|A/cattle/Texas/24-008749-003/2024(H5N1)	1893	2468
PA|PP755594.1|A/cattle/Texas/24-008749-003/2024(H5N1)	1894	2454
PA|PP755594.1|A/cattle/Texas/24-008749-003/2024(H5N1)	1895	2458
PA|PP755594.1|A/cattle/Texas/24-008749-003/2024(H5N1)	1896	2426
PA|PP755594.1|A/cattle/Texas/24-008749-003/2024(H5N1)	1897	2470
PA|PP755594.1|A/cattle/Texas/24-008749-003/2024(H5N1)	1898	2484
PA|PP755594.1|A/cattle/Texas/24-008749-003/2024(H5N1)	1899	2484
PA|PP755594.1|A/cattle/Texas/24-008749-003/2024(H5N1)	1900	2485
PA|PP755594.1|A/cattle/Texas/24-008749-003/2024(H5N1)	1901	2462
PA|PP755594.1|A/cattle/Texas/24-008749-003/2024(H5N1)	1902	2395
PA|PP755594.1|A/cattle/Texas/24-008749-003/2024(H5N1)	1903	2424
PA|PP755594.1|A/cattle/Texas/24-008749-003/2024(H5N1)	1904	2407
PA|PP755594.1|A/cattle/Texas/24-008749-003/2024(H5N1)	1905	2461
PA|PP755594.1|A/cattle/Texas/24-008749-003/2024(H5N1)	1906	2466
PA|PP755594.1|A/cattle/Texas/24-008749-003/2024(H5N1)	1907	2425
PA|PP755594.1|A/cattle/Texas/24-008749-003/2024(H5N1)	1908	2458
PA|PP755594.1|A/cattle/Texas/24-008749-003/2024(H5N1)	1909	2456
PA|PP755594.1|A/cattle/Texas/24-008749-003/2024(H5N1)	1910	2465
PA|PP755594.1|A/cattle/Texas/24-008749-003/2024(H5N1)	1911	2523
PA|PP755594.1|A/cattle/Texas/24-008749-003/2024(H5N1)	1912	2518
PA|PP755594.1|A/cattle/Texas/24-008749-003/2024(H5N1)	1913	2545
PA|PP755594.1|A/cattle/Texas/24-008749-003/2024(H5N1)	1914	2375
PA|PP755594.1|A/cattle/Texas/24-008749-003/2024(H5N1)	1915	2368
PA|PP755594.1|A/cattle/Texas/24-008749-003/2024(H5N1)	1916	2307
PA|PP755594.1|A/cattle/Texas/24-008749-003/2024(H5N1)	1917	1864
PA|PP755594.1|A/cattle/Texas/24-008749-003/2024(H5N1)	1918	1855
PA|PP755594.1|A/cattle/Texas/24-008749-003/2024(H5N1)	1919	1855
PA|PP755594.1|A/cattle/Texas/24-008749-003/2024(H5N1)	1920	1855
PA|PP755594.1|A/cattle/Texas/24-008749-003/2024(H5N1)	1921	1860
PA|PP755594.1|A/cattle/Texas/24-008749-003/2024(H5N1)	1922	1860
PA|PP755594.1|A/cattle/Texas/24-008749-003/2024(H5N1)	1923	1870
PA|PP755594.1|A/cattle/Texas/24-008749-003/2024(H5N1)	1924	2006
PA|PP755594.1|A/cattle/Texas/24-008749-003/2024(H5N1)	1925	2006
PA|PP755594.1|A/cattle/Texas/24-008749-003/2024(H5N1)	1926	2197
PA|PP755594.1|A/cattle/Texas/24-008749-003/2024(H5N1)	1927	2197
PA|PP755594.1|A/cattle/Texas/24-008749-003/2024(H5N1)	1928	2198
PA|PP755594.1|A/cattle/Texas/24-008749-003/2024(H5N1)	1929	2203
PA|PP755594.1|A/cattle/Texas/24-008749-003/2024(H5N1)	1930	2216
PA|PP755594.1|A/cattle/Texas/24-008749-003/2024(H5N1)	1931	2216
PA|PP755594.1|A/cattle/Texas/24-008749-003/2024(H5N1)	1932	2216
PA|PP755594.1|A/cattle/Texas/24-008749-003/2024(H5N1)	1933	2246
PA|PP755594.1|A/cattle/Texas/24-008749-003/2024(H5N1)	1934	2274
PA|PP755594.1|A/cattle/Texas/24-008749-003/2024(H5N1)	1935	2284
PA|PP755594.1|A/cattle/Texas/24-008749-003/2024(H5N1)	1936	2292
PA|PP755594.1|A/cattle/Texas/24-008749-003/2024(H5N1)	1937	2298
PA|PP755594.1|A/cattle/Texas/24-008749-003/2024(H5N1)	1938	2300
PA|PP755594.1|A/cattle/Texas/24-008749-003/2024(H5N1)	1939	2303
PA|PP755594.1|A/cattle/Texas/24-008749-003/2024(H5N1)	1940	2338
PA|PP755594.1|A/cattle/Texas/24-008749-003/2024(H5N1)	1941	2339
PA|PP755594.1|A/cattle/Texas/24-008749-003/2024(H5N1)	1942	2342
PA|PP755594.1|A/cattle/Texas/24-008749-003/2024(H5N1)	1943	2455
PA|PP755594.1|A/cattle/Texas/24-008749-003/2024(H5N1)	1944	2418
PA|PP755594.1|A/cattle/Texas/24-008749-003/2024(H5N1)	1945	2450
PA|PP755594.1|A/cattle/Texas/24-008749-003/2024(H5N1)	1946	2452
PA|PP755594.1|A/cattle/Texas/24-008749-003/2024(H5N1)	1947	2463
PA|PP755594.1|A/cattle/Texas/24-008749-003/2024(H5N1)	1948	2477
PA|PP755594.1|A/cattle/Texas/24-008749-003/2024(H5N1)	1949	2511
PA|PP755594.1|A/cattle/Texas/24-008749-003/2024(H5N1)	1950	2508
PA|PP755594.1|A/cattle/Texas/24-008749-003/2024(H5N1)	1951	2506
PA|PP755594.1|A/cattle/Texas/24-008749-003/2024(H5N1)	1952	2290
PA|PP755594.1|A/cattle/Texas/24-008749-003/2024(H5N1)	1953	2273
PA|PP755594.1|A/cattle/Texas/24-008749-003/2024(H5N1)	1954	2249
PA|PP755594.1|A/cattle/Texas/24-008749-003/2024(H5N1)	1955	2243
PA|PP755594.1|A/cattle/Texas/24-008749-003/2024(H5N1)	1956	1845
PA|PP755594.1|A/cattle/Texas/24-008749-003/2024(H5N1)	1957	1845
PA|PP755594.1|A/cattle/Texas/24-008749-003/2024(H5N1)	1958	1845
PA|PP755594.1|A/cattle/Texas/24-008749-003/2024(H5N1)	1959	1845
PA|PP755594.1|A/cattle/Texas/24-008749-003/2024(H5N1)	1960	1850
PA|PP755594.1|A/cattle/Texas/24-008749-003/2024(H5N1)	1961	1876
PA|PP755594.1|A/cattle/Texas/24-008749-003/2024(H5N1)	1962	1876
PA|PP755594.1|A/cattle/Texas/24-008749-003/2024(H5N1)	1963	1876
PA|PP755594.1|A/cattle/Texas/24-008749-003/2024(H5N1)	1964	1876
PA|PP755594.1|A/cattle/Texas/24-008749-003/2024(H5N1)	1965	1877
PA|PP755594.1|A/cattle/Texas/24-008749-003/2024(H5N1)	1966	1887
PA|PP755594.1|A/cattle/Texas/24-008749-003/2024(H5N1)	1967	1887
PA|PP755594.1|A/cattle/Texas/24-008749-003/2024(H5N1)	1968	1887
PA|PP755594.1|A/cattle/Texas/24-008749-003/2024(H5N1)	1969	1890
PA|PP755594.1|A/cattle/Texas/24-008749-003/2024(H5N1)	1970	1895
PA|PP755594.1|A/cattle/Texas/24-008749-003/2024(H5N1)	1971	1914
PA|PP755594.1|A/cattle/Texas/24-008749-003/2024(H5N1)	1972	2002
PA|PP755594.1|A/cattle/Texas/24-008749-003/2024(H5N1)	1973	2005
PA|PP755594.1|A/cattle/Texas/24-008749-003/2024(H5N1)	1974	2012
PA|PP755594.1|A/cattle/Texas/24-008749-003/2024(H5N1)	1975	2014
PA|PP755594.1|A/cattle/Texas/24-008749-003/2024(H5N1)	1976	2096
PA|PP755594.1|A/cattle/Texas/24-008749-003/2024(H5N1)	1977	2098
PA|PP755594.1|A/cattle/Texas/24-008749-003/2024(H5N1)	1978	2099
PA|PP755594.1|A/cattle/Texas/24-008749-003/2024(H5N1)	1979	2099
PA|PP755594.1|A/cattle/Texas/24-008749-003/2024(H5N1)	1980	2099
PA|PP755594.1|A/cattle/Texas/24-008749-003/2024(H5N1)	1981	2106
PA|PP755594.1|A/cattle/Texas/24-008749-003/2024(H5N1)	1982	2111
PA|PP755594.1|A/cattle/Texas/24-008749-003/2024(H5N1)	1983	2111
PA|PP755594.1|A/cattle/Texas/24-008749-003/2024(H5N1)	1984	2111
PA|PP755594.1|A/cattle/Texas/24-008749-003/2024(H5N1)	1985	2111
PA|PP755594.1|A/cattle/Texas/24-008749-003/2024(H5N1)	1986	2109
PA|PP755594.1|A/cattle/Texas/24-008749-003/2024(H5N1)	1987	2115
PA|PP755594.1|A/cattle/Texas/24-008749-003/2024(H5N1)	1988	2118
PA|PP755594.1|A/cattle/Texas/24-008749-003/2024(H5N1)	1989	2118
PA|PP755594.1|A/cattle/Texas/24-008749-003/2024(H5N1)	1990	2118
PA|PP755594.1|A/cattle/Texas/24-008749-003/2024(H5N1)	1991	2119
PA|PP755594.1|A/cattle/Texas/24-008749-003/2024(H5N1)	1992	2121
PA|PP755594.1|A/cattle/Texas/24-008749-003/2024(H5N1)	1993	2165
PA|PP755594.1|A/cattle/Texas/24-008749-003/2024(H5N1)	1994	2214
PA|PP755594.1|A/cattle/Texas/24-008749-003/2024(H5N1)	1995	2224
PA|PP755594.1|A/cattle/Texas/24-008749-003/2024(H5N1)	1996	2225
PA|PP755594.1|A/cattle/Texas/24-008749-003/2024(H5N1)	1997	2226
PA|PP755594.1|A/cattle/Texas/24-008749-003/2024(H5N1)	1998	2233
PA|PP755594.1|A/cattle/Texas/24-008749-003/2024(H5N1)	1999	2257
PA|PP755594.1|A/cattle/Texas/24-008749-003/2024(H5N1)	2000	2262
PA|PP755594.1|A/cattle/Texas/24-008749-003/2024(H5N1)	2001	2311
PA|PP755594.1|A/cattle/Texas/24-008749-003/2024(H5N1)	2002	2315
PA|PP755594.1|A/cattle/Texas/24-008749-003/2024(H5N1)	2003	2330
PA|PP755594.1|A/cattle/Texas/24-008749-003/2024(H5N1)	2004	2334
PA|PP755594.1|A/cattle/Texas/24-008749-003/2024(H5N1)	2005	2346
PA|PP755594.1|A/cattle/Texas/24-008749-003/2024(H5N1)	2006	2344
PA|PP755594.1|A/cattle/Texas/24-008749-003/2024(H5N1)	2007	2343
PA|PP755594.1|A/cattle/Texas/24-008749-003/2024(H5N1)	2008	2358
PA|PP755594.1|A/cattle/Texas/24-008749-003/2024(H5N1)	2009	2271
PA|PP755594.1|A/cattle/Texas/24-008749-003/2024(H5N1)	2010	2253
PA|PP755594.1|A/cattle/Texas/24-008749-003/2024(H5N1)	2011	2255
PA|PP755594.1|A/cattle/Texas/24-008749-003/2024(H5N1)	2012	2250
PA|PP755594.1|A/cattle/Texas/24-008749-003/2024(H5N1)	2013	2253
PA|PP755594.1|A/cattle/Texas/24-008749-003/2024(H5N1)	2014	2282
PA|PP755594.1|A/cattle/Texas/24-008749-003/2024(H5N1)	2015	2257
PA|PP755594.1|A/cattle/Texas/24-008749-003/2024(H5N1)	2016	2260
PA|PP755594.1|A/cattle/Texas/24-008749-003/2024(H5N1)	2017	2264
PA|PP755594.1|A/cattle/Texas/24-008749-003/2024(H5N1)	2018	2287
PA|PP755594.1|A/cattle/Texas/24-008749-003/2024(H5N1)	2019	2276
PA|PP755594.1|A/cattle/Texas/24-008749-003/2024(H5N1)	2020	2300
PA|PP755594.1|A/cattle/Texas/24-008749-003/2024(H5N1)	2021	2291
PA|PP755594.1|A/cattle/Texas/24-008749-003/2024(H5N1)	2022	2280
PA|PP755594.1|A/cattle/Texas/24-008749-003/2024(H5N1)	2023	2165
PA|PP755594.1|A/cattle/Texas/24-008749-003/2024(H5N1)	2024	2179
PA|PP755594.1|A/cattle/Texas/24-008749-003/2024(H5N1)	2025	2176
PA|PP755594.1|A/cattle/Texas/24-008749-003/2024(H5N1)	2026	2176
PA|PP755594.1|A/cattle/Texas/24-008749-003/2024(H5N1)	2027	2162
PA|PP755594.1|A/cattle/Texas/24-008749-003/2024(H5N1)	2028	2260
PA|PP755594.1|A/cattle/Texas/24-008749-003/2024(H5N1)	2029	2261
PA|PP755594.1|A/cattle/Texas/24-008749-003/2024(H5N1)	2030	2264
PA|PP755594.1|A/cattle/Texas/24-008749-003/2024(H5N1)	2031	2244
PA|PP755594.1|A/cattle/Texas/24-008749-003/2024(H5N1)	2032	2369
PA|PP755594.1|A/cattle/Texas/24-008749-003/2024(H5N1)	2033	2304
PA|PP755594.1|A/cattle/Texas/24-008749-003/2024(H5N1)	2034	2322
PA|PP755594.1|A/cattle/Texas/24-008749-003/2024(H5N1)	2035	2324
PA|PP755594.1|A/cattle/Texas/24-008749-003/2024(H5N1)	2036	2314
PA|PP755594.1|A/cattle/Texas/24-008749-003/2024(H5N1)	2037	2323
PA|PP755594.1|A/cattle/Texas/24-008749-003/2024(H5N1)	2038	2313
PA|PP755594.1|A/cattle/Texas/24-008749-003/2024(H5N1)	2039	2313
PA|PP755594.1|A/cattle/Texas/24-008749-003/2024(H5N1)	2040	2284
PA|PP755594.1|A/cattle/Texas/24-008749-003/2024(H5N1)	2041	2186
PA|PP755594.1|A/cattle/Texas/24-008749-003/2024(H5N1)	2042	2267
PA|PP755594.1|A/cattle/Texas/24-008749-003/2024(H5N1)	2043	2254
PA|PP755594.1|A/cattle/Texas/24-008749-003/2024(H5N1)	2044	2265
PA|PP755594.1|A/cattle/Texas/24-008749-003/2024(H5N1)	2045	2268
PA|PP755594.1|A/cattle/Texas/24-008749-003/2024(H5N1)	2046	2261
PA|PP755594.1|A/cattle/Texas/24-008749-003/2024(H5N1)	2047	2281
PA|PP755594.1|A/cattle/Texas/24-008749-003/2024(H5N1)	2048	2292
PA|PP755594.1|A/cattle/Texas/24-008749-003/2024(H5N1)	2049	2303
PA|PP755594.1|A/cattle/Texas/24-008749-003/2024(H5N1)	2050	2304
PA|PP755594.1|A/cattle/Texas/24-008749-003/2024(H5N1)	2051	2304
PA|PP755594.1|A/cattle/Texas/24-008749-003/2024(H5N1)	2052	2311
PA|PP755594.1|A/cattle/Texas/24-008749-003/2024(H5N1)	2053	2323
PA|PP755594.1|A/cattle/Texas/24-008749-003/2024(H5N1)	2054	2303
PA|PP755594.1|A/cattle/Texas/24-008749-003/2024(H5N1)	2055	2315
PA|PP755594.1|A/cattle/Texas/24-008749-003/2024(H5N1)	2056	2261
PA|PP755594.1|A/cattle/Texas/24-008749-003/2024(H5N1)	2057	2244
PA|PP755594.1|A/cattle/Texas/24-008749-003/2024(H5N1)	2058	2462
PA|PP755594.1|A/cattle/Texas/24-008749-003/2024(H5N1)	2059	2454
PA|PP755594.1|A/cattle/Texas/24-008749-003/2024(H5N1)	2060	2480
PA|PP755594.1|A/cattle/Texas/24-008749-003/2024(H5N1)	2061	2471
PA|PP755594.1|A/cattle/Texas/24-008749-003/2024(H5N1)	2062	2392
PA|PP755594.1|A/cattle/Texas/24-008749-003/2024(H5N1)	2063	2415
PA|PP755594.1|A/cattle/Texas/24-008749-003/2024(H5N1)	2064	2382
PA|PP755594.1|A/cattle/Texas/24-008749-003/2024(H5N1)	2065	2382
PA|PP755594.1|A/cattle/Texas/24-008749-003/2024(H5N1)	2066	2383
PA|PP755594.1|A/cattle/Texas/24-008749-003/2024(H5N1)	2067	2311
PA|PP755594.1|A/cattle/Texas/24-008749-003/2024(H5N1)	2068	2333
PA|PP755594.1|A/cattle/Texas/24-008749-003/2024(H5N1)	2069	2334
PA|PP755594.1|A/cattle/Texas/24-008749-003/2024(H5N1)	2070	2335
PA|PP755594.1|A/cattle/Texas/24-008749-003/2024(H5N1)	2071	2339
PA|PP755594.1|A/cattle/Texas/24-008749-003/2024(H5N1)	2072	2330
PA|PP755594.1|A/cattle/Texas/24-008749-003/2024(H5N1)	2073	2334
PA|PP755594.1|A/cattle/Texas/24-008749-003/2024(H5N1)	2074	2326
PA|PP755594.1|A/cattle/Texas/24-008749-003/2024(H5N1)	2075	2267
PA|PP755594.1|A/cattle/Texas/24-008749-003/2024(H5N1)	2076	2267
PA|PP755594.1|A/cattle/Texas/24-008749-003/2024(H5N1)	2077	2041
PA|PP755594.1|A/cattle/Texas/24-008749-003/2024(H5N1)	2078	2041
PA|PP755594.1|A/cattle/Texas/24-008749-003/2024(H5N1)	2079	2030
PA|PP755594.1|A/cattle/Texas/24-008749-003/2024(H5N1)	2080	2022
PA|PP755594.1|A/cattle/Texas/24-008749-003/2024(H5N1)	2081	2016
PA|PP755594.1|A/cattle/Texas/24-008749-003/2024(H5N1)	2082	2015
PA|PP755594.1|A/cattle/Texas/24-008749-003/2024(H5N1)	2083	2013
PA|PP755594.1|A/cattle/Texas/24-008749-003/2024(H5N1)	2084	1985
PA|PP755594.1|A/cattle/Texas/24-008749-003/2024(H5N1)	2085	1956
PA|PP755594.1|A/cattle/Texas/24-008749-003/2024(H5N1)	2086	1948
PA|PP755594.1|A/cattle/Texas/24-008749-003/2024(H5N1)	2087	1946
PA|PP755594.1|A/cattle/Texas/24-008749-003/2024(H5N1)	2088	1938
PA|PP755594.1|A/cattle/Texas/24-008749-003/2024(H5N1)	2089	1940
PA|PP755594.1|A/cattle/Texas/24-008749-003/2024(H5N1)	2090	1939
PA|PP755594.1|A/cattle/Texas/24-008749-003/2024(H5N1)	2091	1913
PA|PP755594.1|A/cattle/Texas/24-008749-003/2024(H5N1)	2092	1912
PA|PP755594.1|A/cattle/Texas/24-008749-003/2024(H5N1)	2093	1909
PA|PP755594.1|A/cattle/Texas/24-008749-003/2024(H5N1)	2094	1803
PA|PP755594.1|A/cattle/Texas/24-008749-003/2024(H5N1)	2095	1797
PA|PP755594.1|A/cattle/Texas/24-008749-003/2024(H5N1)	2096	1791
PA|PP755594.1|A/cattle/Texas/24-008749-003/2024(H5N1)	2097	1789
PA|PP755594.1|A/cattle/Texas/24-008749-003/2024(H5N1)	2098	1778
PA|PP755594.1|A/cattle/Texas/24-008749-003/2024(H5N1)	2099	1760
PA|PP755594.1|A/cattle/Texas/24-008749-003/2024(H5N1)	2100	1710
PA|PP755594.1|A/cattle/Texas/24-008749-003/2024(H5N1)	2101	1709
PA|PP755594.1|A/cattle/Texas/24-008749-003/2024(H5N1)	2102	1706
PA|PP755594.1|A/cattle/Texas/24-008749-003/2024(H5N1)	2103	1712
PA|PP755594.1|A/cattle/Texas/24-008749-003/2024(H5N1)	2104	1712
PA|PP755594.1|A/cattle/Texas/24-008749-003/2024(H5N1)	2105	1691
PA|PP755594.1|A/cattle/Texas/24-008749-003/2024(H5N1)	2106	1688
PA|PP755594.1|A/cattle/Texas/24-008749-003/2024(H5N1)	2107	1668
PA|PP755594.1|A/cattle/Texas/24-008749-003/2024(H5N1)	2108	1669
PA|PP755594.1|A/cattle/Texas/24-008749-003/2024(H5N1)	2109	1669
PA|PP755594.1|A/cattle/Texas/24-008749-003/2024(H5N1)	2110	1669
PA|PP755594.1|A/cattle/Texas/24-008749-003/2024(H5N1)	2111	1666
PA|PP755594.1|A/cattle/Texas/24-008749-003/2024(H5N1)	2112	1630
PA|PP755594.1|A/cattle/Texas/24-008749-003/2024(H5N1)	2113	1630
PA|PP755594.1|A/cattle/Texas/24-008749-003/2024(H5N1)	2114	1629
PA|PP755594.1|A/cattle/Texas/24-008749-003/2024(H5N1)	2115	1625
PA|PP755594.1|A/cattle/Texas/24-008749-003/2024(H5N1)	2116	1625
PA|PP755594.1|A/cattle/Texas/24-008749-003/2024(H5N1)	2117	1610
PA|PP755594.1|A/cattle/Texas/24-008749-003/2024(H5N1)	2118	1610
PA|PP755594.1|A/cattle/Texas/24-008749-003/2024(H5N1)	2119	1604
PA|PP755594.1|A/cattle/Texas/24-008749-003/2024(H5N1)	2120	1601
PA|PP755594.1|A/cattle/Texas/24-008749-003/2024(H5N1)	2121	1596
PA|PP755594.1|A/cattle/Texas/24-008749-003/2024(H5N1)	2122	1576
PA|PP755594.1|A/cattle/Texas/24-008749-003/2024(H5N1)	2123	1576
PA|PP755594.1|A/cattle/Texas/24-008749-003/2024(H5N1)	2124	1576
PA|PP755594.1|A/cattle/Texas/24-008749-003/2024(H5N1)	2125	1564
PA|PP755594.1|A/cattle/Texas/24-008749-003/2024(H5N1)	2126	1562
PA|PP755594.1|A/cattle/Texas/24-008749-003/2024(H5N1)	2127	1462
PA|PP755594.1|A/cattle/Texas/24-008749-003/2024(H5N1)	2128	1453
PA|PP755594.1|A/cattle/Texas/24-008749-003/2024(H5N1)	2129	1446
PA|PP755594.1|A/cattle/Texas/24-008749-003/2024(H5N1)	2130	1446
PA|PP755594.1|A/cattle/Texas/24-008749-003/2024(H5N1)	2131	1439
PA|PP755594.1|A/cattle/Texas/24-008749-003/2024(H5N1)	2132	1431
PA|PP755594.1|A/cattle/Texas/24-008749-003/2024(H5N1)	2133	1424
PA|PP755594.1|A/cattle/Texas/24-008749-003/2024(H5N1)	2134	1420
PA|PP755594.1|A/cattle/Texas/24-008749-003/2024(H5N1)	2135	1417
PA|PP755594.1|A/cattle/Texas/24-008749-003/2024(H5N1)	2136	1414
PA|PP755594.1|A/cattle/Texas/24-008749-003/2024(H5N1)	2137	1413
PA|PP755594.1|A/cattle/Texas/24-008749-003/2024(H5N1)	2138	1404
PA|PP755594.1|A/cattle/Texas/24-008749-003/2024(H5N1)	2139	1400
PA|PP755594.1|A/cattle/Texas/24-008749-003/2024(H5N1)	2140	1400
PA|PP755594.1|A/cattle/Texas/24-008749-003/2024(H5N1)	2141	1400
PA|PP755594.1|A/cattle/Texas/24-008749-003/2024(H5N1)	2142	1399
PA|PP755594.1|A/cattle/Texas/24-008749-003/2024(H5N1)	2143	1397
PA|PP755594.1|A/cattle/Texas/24-008749-003/2024(H5N1)	2144	1358
PA|PP755594.1|A/cattle/Texas/24-008749-003/2024(H5N1)	2145	1358
PA|PP755594.1|A/cattle/Texas/24-008749-003/2024(H5N1)	2146	1350
PA|PP755594.1|A/cattle/Texas/24-008749-003/2024(H5N1)	2147	1345
PA|PP755594.1|A/cattle/Texas/24-008749-003/2024(H5N1)	2148	1342
PA|PP755594.1|A/cattle/Texas/24-008749-003/2024(H5N1)	2149	1332
PA|PP755594.1|A/cattle/Texas/24-008749-003/2024(H5N1)	2150	1304
PA|PP755594.1|A/cattle/Texas/24-008749-003/2024(H5N1)	2151	1301
