HA|PP755589.1|A/cattle/Texas/24-008749-003/2024(H5N1)	1	12
HA|PP755589.1|A/cattle/Texas/24-008749-003/2024(H5N1)	2	30
HA|PP755589.1|A/cattle/Texas/24-008749-003/2024(H5N1)	3	45
HA|PP755589.1|A/cattle/Texas/24-008749-003/2024(H5N1)	4	45
HA|PP755589.1|A/cattle/Texas/24-008749-003/2024(H5N1)	5	500
HA|PP755589.1|A/cattle/Texas/24-008749-003/2024(H5N1)	6	516
HA|PP755589.1|A/cattle/Texas/24-008749-003/2024(H5N1)	7	518
HA|PP755589.1|A/cattle/Texas/24-008749-003/2024(H5N1)	8	617
HA|PP755589.1|A/cattle/Texas/24-008749-003/2024(H5N1)	9	619
HA|PP755589.1|A/cattle/Texas/24-008749-003/2024(H5N1)	10	619
HA|PP755589.1|A/cattle/Texas/24-008749-003/2024(H5N1)	11	654
HA|PP755589.1|A/cattle/Texas/24-008749-003/2024(H5N1)	12	656
HA|PP755589.1|A/cattle/Texas/24-008749-003/2024(H5N1)	13	754
HA|PP755589.1|A/cattle/Texas/24-008749-003/2024(H5N1)	14	756
HA|PP755589.1|A/cattle/Texas/24-008749-003/2024(H5N1)	15	757
HA|PP755589.1|A/cattle/Texas/24-008749-003/2024(H5N1)	16	757
HA|PP755589.1|A/cattle/Texas/24-008749-003/2024(H5N1)	17	757
HA|PP755589.1|A/cattle/Texas/24-008749-003/2024(H5N1)	18	768
HA|PP755589.1|A/cattle/Texas/24-008749-003/2024(H5N1)	19	768
HA|PP755589.1|A/cattle/Texas/24-008749-003/2024(H5N1)	20	769
HA|PP755589.1|A/cattle/Texas/24-008749-003/2024(H5N1)	21	777
HA|PP755589.1|A/cattle/Texas/24-008749-003/2024(H5N1)	22	779
HA|PP755589.1|A/cattle/Texas/24-008749-003/2024(H5N1)	23	812
HA|PP755589.1|A/cattle/Texas/24-008749-003/2024(H5N1)	24	812
HA|PP755589.1|A/cattle/Texas/24-008749-003/2024(H5N1)	25	818
HA|PP755589.1|A/cattle/Texas/24-008749-003/2024(H5N1)	26	823
HA|PP755589.1|A/cattle/Texas/24-008749-003/2024(H5N1)	27	824
HA|PP755589.1|A/cattle/Texas/24-008749-003/2024(H5N1)	28	842
HA|PP755589.1|A/cattle/Texas/24-008749-003/2024(H5N1)	29	866
HA|PP755589.1|A/cattle/Texas/24-008749-003/2024(H5N1)	30	889
HA|PP755589.1|A/cattle/Texas/24-008749-003/2024(H5N1)	31	889
HA|PP755589.1|A/cattle/Texas/24-008749-003/2024(H5N1)	32	889
HA|PP755589.1|A/cattle/Texas/24-008749-003/2024(H5N1)	33	890
HA|PP755589.1|A/cattle/Texas/24-008749-003/2024(H5N1)	34	890
HA|PP755589.1|A/cattle/Texas/24-008749-003/2024(H5N1)	35	895
HA|PP755589.1|A/cattle/Texas/24-008749-003/2024(H5N1)	36	895
HA|PP755589.1|A/cattle/Texas/24-008749-003/2024(H5N1)	37	897
HA|PP755589.1|A/cattle/Texas/24-008749-003/2024(H5N1)	38	901
HA|PP755589.1|A/cattle/Texas/24-008749-003/2024(H5N1)	39	958
HA|PP755589.1|A/cattle/Texas/24-008749-003/2024(H5N1)	40	975
HA|PP755589.1|A/cattle/Texas/24-008749-003/2024(H5N1)	41	976
HA|PP755589.1|A/cattle/Texas/24-008749-003/2024(H5N1)	42	976
HA|PP755589.1|A/cattle/Texas/24-008749-003/2024(H5N1)	43	977
HA|PP755589.1|A/cattle/Texas/24-008749-003/2024(H5N1)	44	981
HA|PP755589.1|A/cattle/Texas/24-008749-003/2024(H5N1)	45	981
HA|PP755589.1|A/cattle/Texas/24-008749-003/2024(H5N1)	46	981
HA|PP755589.1|A/cattle/Texas/24-008749-003/2024(H5N1)	47	991
HA|PP755589.1|A/cattle/Texas/24-008749-003/2024(H5N1)	48	998
HA|PP755589.1|A/cattle/Texas/24-008749-003/2024(H5N1)	49	1004
HA|PP755589.1|A/cattle/Texas/24-008749-003/2024(H5N1)	50	1007
HA|PP755589.1|A/cattle/Texas/24-008749-003/2024(H5N1)	51	1007
HA|PP755589.1|A/cattle/Texas/24-008749-003/2024(H5N1)	52	1007
HA|PP755589.1|A/cattle/Texas/24-008749-003/2024(H5N1)	53	1007
HA|PP755589.1|A/cattle/Texas/24-008749-003/2024(H5N1)	54	1067
HA|PP755589.1|A/cattle/Texas/24-008749-003/2024(H5N1)	55	1071
HA|PP755589.1|A/cattle/Texas/24-008749-003/2024(H5N1)	56	1071
HA|PP755589.1|A/cattle/Texas/24-008749-003/2024(H5N1)	57	1074
HA|PP755589.1|A/cattle/Texas/24-008749-003/2024(H5N1)	58	1074
HA|PP755589.1|A/cattle/Texas/24-008749-003/2024(H5N1)	59	1088
HA|PP755589.1|A/cattle/Texas/24-008749-003/2024(H5N1)	60	1090
HA|PP755589.1|A/cattle/Texas/24-008749-003/2024(H5N1)	61	1095
HA|PP755589.1|A/cattle/Texas/24-008749-003/2024(H5N1)	62	1097
HA|PP755589.1|A/cattle/Texas/24-008749-003/2024(H5N1)	63	1100
HA|PP755589.1|A/cattle/Texas/24-008749-003/2024(H5N1)	64	1118
HA|PP755589.1|A/cattle/Texas/24-008749-003/2024(H5N1)	65	1118
HA|PP755589.1|A/cattle/Texas/24-008749-003/2024(H5N1)	66	1129
HA|PP755589.1|A/cattle/Texas/24-008749-003/2024(H5N1)	67	1129
HA|PP755589.1|A/cattle/Texas/24-008749-003/2024(H5N1)	68	1130
HA|PP755589.1|A/cattle/Texas/24-008749-003/2024(H5N1)	69	1140
HA|PP755589.1|A/cattle/Texas/24-008749-003/2024(H5N1)	70	1144
HA|PP755589.1|A/cattle/Texas/24-008749-003/2024(H5N1)	71	1152
HA|PP755589.1|A/cattle/Texas/24-008749-003/2024(H5N1)	72	1152
HA|PP755589.1|A/cattle/Texas/24-008749-003/2024(H5N1)	73	1152
HA|PP755589.1|A/cattle/Texas/24-008749-003/2024(H5N1)	74	1150
HA|PP755589.1|A/cattle/Texas/24-008749-003/2024(H5N1)	75	1157
HA|PP755589.1|A/cattle/Texas/24-008749-003/2024(H5N1)	76	1199
HA|PP755589.1|A/cattle/Texas/24-008749-003/2024(H5N1)	77	1214
HA|PP755589.1|A/cattle/Texas/24-008749-003/2024(H5N1)	78	1247
HA|PP755589.1|A/cattle/Texas/24-008749-003/2024(H5N1)	79	1247
HA|PP755589.1|A/cattle/Texas/24-008749-003/2024(H5N1)	80	1254
HA|PP755589.1|A/cattle/Texas/24-008749-003/2024(H5N1)	81	1254
HA|PP755589.1|A/cattle/Texas/24-008749-003/2024(H5N1)	82	1254
HA|PP755589.1|A/cattle/Texas/24-008749-003/2024(H5N1)	83	1259
HA|PP755589.1|A/cattle/Texas/24-008749-003/2024(H5N1)	84	1259
HA|PP755589.1|A/cattle/Texas/24-008749-003/2024(H5N1)	85	1259
HA|PP755589.1|A/cattle/Texas/24-008749-003/2024(H5N1)	86	1259
HA|PP755589.1|A/cattle/Texas/24-008749-003/2024(H5N1)	87	1251
HA|PP755589.1|A/cattle/Texas/24-008749-003/2024(H5N1)	88	1290
HA|PP755589.1|A/cattle/Texas/24-008749-003/2024(H5N1)	89	1291
HA|PP755589.1|A/cattle/Texas/24-008749-003/2024(H5N1)	90	1291
HA|PP755589.1|A/cattle/Texas/24-008749-003/2024(H5N1)	91	1291
HA|PP755589.1|A/cattle/Texas/24-008749-003/2024(H5N1)	92	1293
HA|PP755589.1|A/cattle/Texas/24-008749-003/2024(H5N1)	93	1298
HA|PP755589.1|A/cattle/Texas/24-008749-003/2024(H5N1)	94	1301
HA|PP755589.1|A/cattle/Texas/24-008749-003/2024(H5N1)	95	1310
HA|PP755589.1|A/cattle/Texas/24-008749-003/2024(H5N1)	96	1314
HA|PP755589.1|A/cattle/Texas/24-008749-003/2024(H5N1)	97	1311
HA|PP755589.1|A/cattle/Texas/24-008749-003/2024(H5N1)	98	1309
HA|PP755589.1|A/cattle/Texas/24-008749-003/2024(H5N1)	99	1307
HA|PP755589.1|A/cattle/Texas/24-008749-003/2024(H5N1)	100	1308
HA|PP755589.1|A/cattle/Texas/24-008749-003/2024(H5N1)	101	1322
HA|PP755589.1|A/cattle/Texas/24-008749-003/2024(H5N1)	102	1318
HA|PP755589.1|A/cattle/Texas/24-008749-003/2024(H5N1)	103	1318
HA|PP755589.1|A/cattle/Texas/24-008749-003/2024(H5N1)	104	1318
HA|PP755589.1|A/cattle/Texas/24-008749-003/2024(H5N1)	105	1321
HA|PP755589.1|A/cattle/Texas/24-008749-003/2024(H5N1)	106	1323
HA|PP755589.1|A/cattle/Texas/24-008749-003/2024(H5N1)	107	1331
HA|PP755589.1|A/cattle/Texas/24-008749-003/2024(H5N1)	108	1333
HA|PP755589.1|A/cattle/Texas/24-008749-003/2024(H5N1)	109	1336
HA|PP755589.1|A/cattle/Texas/24-008749-003/2024(H5N1)	110	1335
HA|PP755589.1|A/cattle/Texas/24-008749-003/2024(H5N1)	111	1335
HA|PP755589.1|A/cattle/Texas/24-008749-003/2024(H5N1)	112	1335
HA|PP755589.1|A/cattle/Texas/24-008749-003/2024(H5N1)	113	1335
HA|PP755589.1|A/cattle/Texas/24-008749-003/2024(H5N1)	114	1346
HA|PP755589.1|A/cattle/Texas/24-008749-003/2024(H5N1)	115	1345
HA|PP755589.1|A/cattle/Texas/24-008749-003/2024(H5N1)	116	1348
HA|PP755589.1|A/cattle/Texas/24-008749-003/2024(H5N1)	117	1348
HA|PP755589.1|A/cattle/Texas/24-008749-003/2024(H5N1)	118	1346
HA|PP755589.1|A/cattle/Texas/24-008749-003/2024(H5N1)	119	1348
HA|PP755589.1|A/cattle/Texas/24-008749-003/2024(H5N1)	120	1348
HA|PP755589.1|A/cattle/Texas/24-008749-003/2024(H5N1)	121	1352
HA|PP755589.1|A/cattle/Texas/24-008749-003/2024(H5N1)	122	1460
HA|PP755589.1|A/cattle/Texas/24-008749-003/2024(H5N1)	123	1458
HA|PP755589.1|A/cattle/Texas/24-008749-003/2024(H5N1)	124	1476
HA|PP755589.1|A/cattle/Texas/24-008749-003/2024(H5N1)	125	1474
HA|PP755589.1|A/cattle/Texas/24-008749-003/2024(H5N1)	126	1475
HA|PP755589.1|A/cattle/Texas/24-008749-003/2024(H5N1)	127	1483
HA|PP755589.1|A/cattle/Texas/24-008749-003/2024(H5N1)	128	1489
HA|PP755589.1|A/cattle/Texas/24-008749-003/2024(H5N1)	129	1490
HA|PP755589.1|A/cattle/Texas/24-008749-003/2024(H5N1)	130	1493
HA|PP755589.1|A/cattle/Texas/24-008749-003/2024(H5N1)	131	1461
HA|PP755589.1|A/cattle/Texas/24-008749-003/2024(H5N1)	132	1466
HA|PP755589.1|A/cattle/Texas/24-008749-003/2024(H5N1)	133	1539
HA|PP755589.1|A/cattle/Texas/24-008749-003/2024(H5N1)	134	1541
HA|PP755589.1|A/cattle/Texas/24-008749-003/2024(H5N1)	135	1541
HA|PP755589.1|A/cattle/Texas/24-008749-003/2024(H5N1)	136	1545
HA|PP755589.1|A/cattle/Texas/24-008749-003/2024(H5N1)	137	1547
HA|PP755589.1|A/cattle/Texas/24-008749-003/2024(H5N1)	138	1552
HA|PP755589.1|A/cattle/Texas/24-008749-003/2024(H5N1)	139	1553
HA|PP755589.1|A/cattle/Texas/24-008749-003/2024(H5N1)	140	1565
HA|PP755589.1|A/cattle/Texas/24-008749-003/2024(H5N1)	141	1571
HA|PP755589.1|A/cattle/Texas/24-008749-003/2024(H5N1)	142	1562
HA|PP755589.1|A/cattle/Texas/24-008749-003/2024(H5N1)	143	1560
HA|PP755589.1|A/cattle/Texas/24-008749-003/2024(H5N1)	144	1565
HA|PP755589.1|A/cattle/Texas/24-008749-003/2024(H5N1)	145	1565
HA|PP755589.1|A/cattle/Texas/24-008749-003/2024(H5N1)	146	1579
HA|PP755589.1|A/cattle/Texas/24-008749-003/2024(H5N1)	147	1584
HA|PP755589.1|A/cattle/Texas/24-008749-003/2024(H5N1)	148	1580
HA|PP755589.1|A/cattle/Texas/24-008749-003/2024(H5N1)	149	1586
HA|PP755589.1|A/cattle/Texas/24-008749-003/2024(H5N1)	150	1588
HA|PP755589.1|A/cattle/Texas/24-008749-003/2024(H5N1)	151	1586
HA|PP755589.1|A/cattle/Texas/24-008749-003/2024(H5N1)	152	1586
HA|PP755589.1|A/cattle/Texas/24-008749-003/2024(H5N1)	153	1586
HA|PP755589.1|A/cattle/Texas/24-008749-003/2024(H5N1)	154	1593
HA|PP755589.1|A/cattle/Texas/24-008749-003/2024(H5N1)	155	1593
HA|PP755589.1|A/cattle/Texas/24-008749-003/2024(H5N1)	156	1594
HA|PP755589.1|A/cattle/Texas/24-008749-003/2024(H5N1)	157	1597
HA|PP755589.1|A/cattle/Texas/24-008749-003/2024(H5N1)	158	1596
HA|PP755589.1|A/cattle/Texas/24-008749-003/2024(H5N1)	159	1613
HA|PP755589.1|A/cattle/Texas/24-008749-003/2024(H5N1)	160	1636
HA|PP755589.1|A/cattle/Texas/24-008749-003/2024(H5N1)	161	1673
HA|PP755589.1|A/cattle/Texas/24-008749-003/2024(H5N1)	162	1674
HA|PP755589.1|A/cattle/Texas/24-008749-003/2024(H5N1)	163	1684
HA|PP755589.1|A/cattle/Texas/24-008749-003/2024(H5N1)	164	1686
HA|PP755589.1|A/cattle/Texas/24-008749-003/2024(H5N1)	165	1703
HA|PP755589.1|A/cattle/Texas/24-008749-003/2024(H5N1)	166	1716
HA|PP755589.1|A/cattle/Texas/24-008749-003/2024(H5N1)	167	1716
HA|PP755589.1|A/cattle/Texas/24-008749-003/2024(H5N1)	168	1721
HA|PP755589.1|A/cattle/Texas/24-008749-003/2024(H5N1)	169	1728
HA|PP755589.1|A/cattle/Texas/24-008749-003/2024(H5N1)	170	1721
HA|PP755589.1|A/cattle/Texas/24-008749-003/2024(H5N1)	171	1726
HA|PP755589.1|A/cattle/Texas/24-008749-003/2024(H5N1)	172	1723
HA|PP755589.1|A/cattle/Texas/24-008749-003/2024(H5N1)	173	1723
HA|PP755589.1|A/cattle/Texas/24-008749-003/2024(H5N1)	174	1725
HA|PP755589.1|A/cattle/Texas/24-008749-003/2024(H5N1)	175	1726
HA|PP755589.1|A/cattle/Texas/24-008749-003/2024(H5N1)	176	1770
HA|PP755589.1|A/cattle/Texas/24-008749-003/2024(H5N1)	177	1763
HA|PP755589.1|A/cattle/Texas/24-008749-003/2024(H5N1)	178	1765
HA|PP755589.1|A/cattle/Texas/24-008749-003/2024(H5N1)	179	1765
HA|PP755589.1|A/cattle/Texas/24-008749-003/2024(H5N1)	180	1788
HA|PP755589.1|A/cattle/Texas/24-008749-003/2024(H5N1)	181	1788
HA|PP755589.1|A/cattle/Texas/24-008749-003/2024(H5N1)	182	1788
HA|PP755589.1|A/cattle/Texas/24-008749-003/2024(H5N1)	183	1788
HA|PP755589.1|A/cattle/Texas/24-008749-003/2024(H5N1)	184	1795
HA|PP755589.1|A/cattle/Texas/24-008749-003/2024(H5N1)	185	1785
HA|PP755589.1|A/cattle/Texas/24-008749-003/2024(H5N1)	186	1787
HA|PP755589.1|A/cattle/Texas/24-008749-003/2024(H5N1)	187	1788
HA|PP755589.1|A/cattle/Texas/24-008749-003/2024(H5N1)	188	1786
HA|PP755589.1|A/cattle/Texas/24-008749-003/2024(H5N1)	189	1784
HA|PP755589.1|A/cattle/Texas/24-008749-003/2024(H5N1)	190	1786
HA|PP755589.1|A/cattle/Texas/24-008749-003/2024(H5N1)	191	1786
HA|PP755589.1|A/cattle/Texas/24-008749-003/2024(H5N1)	192	1786
HA|PP755589.1|A/cattle/Texas/24-008749-003/2024(H5N1)	193	1785
HA|PP755589.1|A/cattle/Texas/24-008749-003/2024(H5N1)	194	1781
HA|PP755589.1|A/cattle/Texas/24-008749-003/2024(H5N1)	195	1773
HA|PP755589.1|A/cattle/Texas/24-008749-003/2024(H5N1)	196	1773
HA|PP755589.1|A/cattle/Texas/24-008749-003/2024(H5N1)	197	1773
HA|PP755589.1|A/cattle/Texas/24-008749-003/2024(H5N1)	198	1778
HA|PP755589.1|A/cattle/Texas/24-008749-003/2024(H5N1)	199	1779
HA|PP755589.1|A/cattle/Texas/24-008749-003/2024(H5N1)	200	1805
HA|PP755589.1|A/cattle/Texas/24-008749-003/2024(H5N1)	201	1807
HA|PP755589.1|A/cattle/Texas/24-008749-003/2024(H5N1)	202	1812
HA|PP755589.1|A/cattle/Texas/24-008749-003/2024(H5N1)	203	1813
HA|PP755589.1|A/cattle/Texas/24-008749-003/2024(H5N1)	204	1813
HA|PP755589.1|A/cattle/Texas/24-008749-003/2024(H5N1)	205	1813
HA|PP755589.1|A/cattle/Texas/24-008749-003/2024(H5N1)	206	1813
HA|PP755589.1|A/cattle/Texas/24-008749-003/2024(H5N1)	207	1843
HA|PP755589.1|A/cattle/Texas/24-008749-003/2024(H5N1)	208	1846
HA|PP755589.1|A/cattle/Texas/24-008749-003/2024(H5N1)	209	1827
HA|PP755589.1|A/cattle/Texas/24-008749-003/2024(H5N1)	210	1850
HA|PP755589.1|A/cattle/Texas/24-008749-003/2024(H5N1)	211	1850
HA|PP755589.1|A/cattle/Texas/24-008749-003/2024(H5N1)	212	1868
HA|PP755589.1|A/cattle/Texas/24-008749-003/2024(H5N1)	213	1873
HA|PP755589.1|A/cattle/Texas/24-008749-003/2024(H5N1)	214	1874
HA|PP755589.1|A/cattle/Texas/24-008749-003/2024(H5N1)	215	1928
HA|PP755589.1|A/cattle/Texas/24-008749-003/2024(H5N1)	216	1916
HA|PP755589.1|A/cattle/Texas/24-008749-003/2024(H5N1)	217	1922
HA|PP755589.1|A/cattle/Texas/24-008749-003/2024(H5N1)	218	1924
HA|PP755589.1|A/cattle/Texas/24-008749-003/2024(H5N1)	219	1901
HA|PP755589.1|A/cattle/Texas/24-008749-003/2024(H5N1)	220	1908
HA|PP755589.1|A/cattle/Texas/24-008749-003/2024(H5N1)	221	1931
HA|PP755589.1|A/cattle/Texas/24-008749-003/2024(H5N1)	222	1926
HA|PP755589.1|A/cattle/Texas/24-008749-003/2024(H5N1)	223	1936
HA|PP755589.1|A/cattle/Texas/24-008749-003/2024(H5N1)	224	1898
HA|PP755589.1|A/cattle/Texas/24-008749-003/2024(H5N1)	225	1902
HA|PP755589.1|A/cattle/Texas/24-008749-003/2024(H5N1)	226	1890
HA|PP755589.1|A/cattle/Texas/24-008749-003/2024(H5N1)	227	1888
HA|PP755589.1|A/cattle/Texas/24-008749-003/2024(H5N1)	228	1894
HA|PP755589.1|A/cattle/Texas/24-008749-003/2024(H5N1)	229	1892
HA|PP755589.1|A/cattle/Texas/24-008749-003/2024(H5N1)	230	1891
HA|PP755589.1|A/cattle/Texas/24-008749-003/2024(H5N1)	231	1899
HA|PP755589.1|A/cattle/Texas/24-008749-003/2024(H5N1)	232	1906
HA|PP755589.1|A/cattle/Texas/24-008749-003/2024(H5N1)	233	1911
HA|PP755589.1|A/cattle/Texas/24-008749-003/2024(H5N1)	234	1917
HA|PP755589.1|A/cattle/Texas/24-008749-003/2024(H5N1)	235	1917
HA|PP755589.1|A/cattle/Texas/24-008749-003/2024(H5N1)	236	1925
HA|PP755589.1|A/cattle/Texas/24-008749-003/2024(H5N1)	237	1915
HA|PP755589.1|A/cattle/Texas/24-008749-003/2024(H5N1)	238	1923
HA|PP755589.1|A/cattle/Texas/24-008749-003/2024(H5N1)	239	1925
HA|PP755589.1|A/cattle/Texas/24-008749-003/2024(H5N1)	240	1931
HA|PP755589.1|A/cattle/Texas/24-008749-003/2024(H5N1)	241	1931
HA|PP755589.1|A/cattle/Texas/24-008749-003/2024(H5N1)	242	1933
HA|PP755589.1|A/cattle/Texas/24-008749-003/2024(H5N1)	243	1937
HA|PP755589.1|A/cattle/Texas/24-008749-003/2024(H5N1)	244	1945
HA|PP755589.1|A/cattle/Texas/24-008749-003/2024(H5N1)	245	1947
HA|PP755589.1|A/cattle/Texas/24-008749-003/2024(H5N1)	246	1947
HA|PP755589.1|A/cattle/Texas/24-008749-003/2024(H5N1)	247	1942
HA|PP755589.1|A/cattle/Texas/24-008749-003/2024(H5N1)	248	1938
HA|PP755589.1|A/cattle/Texas/24-008749-003/2024(H5N1)	249	1951
HA|PP755589.1|A/cattle/Texas/24-008749-003/2024(H5N1)	250	1951
HA|PP755589.1|A/cattle/Texas/24-008749-003/2024(H5N1)	251	1953
HA|PP755589.1|A/cattle/Texas/24-008749-003/2024(H5N1)	252	1949
HA|PP755589.1|A/cattle/Texas/24-008749-003/2024(H5N1)	253	1956
HA|PP755589.1|A/cattle/Texas/24-008749-003/2024(H5N1)	254	1959
HA|PP755589.1|A/cattle/Texas/24-008749-003/2024(H5N1)	255	1968
HA|PP755589.1|A/cattle/Texas/24-008749-003/2024(H5N1)	256	1968
HA|PP755589.1|A/cattle/Texas/24-008749-003/2024(H5N1)	257	1966
HA|PP755589.1|A/cattle/Texas/24-008749-003/2024(H5N1)	258	1981
HA|PP755589.1|A/cattle/Texas/24-008749-003/2024(H5N1)	259	1984
HA|PP755589.1|A/cattle/Texas/24-008749-003/2024(H5N1)	260	1988
HA|PP755589.1|A/cattle/Texas/24-008749-003/2024(H5N1)	261	1988
HA|PP755589.1|A/cattle/Texas/24-008749-003/2024(H5N1)	262	1970
HA|PP755589.1|A/cattle/Texas/24-008749-003/2024(H5N1)	263	1971
HA|PP755589.1|A/cattle/Texas/24-008749-003/2024(H5N1)	264	1959
HA|PP755589.1|A/cattle/Texas/24-008749-003/2024(H5N1)	265	1997
HA|PP755589.1|A/cattle/Texas/24-008749-003/2024(H5N1)	266	1997
HA|PP755589.1|A/cattle/Texas/24-008749-003/2024(H5N1)	267	1997
HA|PP755589.1|A/cattle/Texas/24-008749-003/2024(H5N1)	268	2007
HA|PP755589.1|A/cattle/Texas/24-008749-003/2024(H5N1)	269	2009
HA|PP755589.1|A/cattle/Texas/24-008749-003/2024(H5N1)	270	2017
HA|PP755589.1|A/cattle/Texas/24-008749-003/2024(H5N1)	271	2016
HA|PP755589.1|A/cattle/Texas/24-008749-003/2024(H5N1)	272	2047
HA|PP755589.1|A/cattle/Texas/24-008749-003/2024(H5N1)	273	1979
HA|PP755589.1|A/cattle/Texas/24-008749-003/2024(H5N1)	274	1949
HA|PP755589.1|A/cattle/Texas/24-008749-003/2024(H5N1)	275	1930
HA|PP755589.1|A/cattle/Texas/24-008749-003/2024(H5N1)	276	2070
HA|PP755589.1|A/cattle/Texas/24-008749-003/2024(H5N1)	277	2072
HA|PP755589.1|A/cattle/Texas/24-008749-003/2024(H5N1)	278	2064
HA|PP755589.1|A/cattle/Texas/24-008749-003/2024(H5N1)	279	2068
HA|PP755589.1|A/cattle/Texas/24-008749-003/2024(H5N1)	280	2063
HA|PP755589.1|A/cattle/Texas/24-008749-003/2024(H5N1)	281	2122
HA|PP755589.1|A/cattle/Texas/24-008749-003/2024(H5N1)	282	2123
HA|PP755589.1|A/cattle/Texas/24-008749-003/2024(H5N1)	283	2125
HA|PP755589.1|A/cattle/Texas/24-008749-003/2024(H5N1)	284	2122
HA|PP755589.1|A/cattle/Texas/24-008749-003/2024(H5N1)	285	1951
HA|PP755589.1|A/cattle/Texas/24-008749-003/2024(H5N1)	286	1982
HA|PP755589.1|A/cattle/Texas/24-008749-003/2024(H5N1)	287	1982
HA|PP755589.1|A/cattle/Texas/24-008749-003/2024(H5N1)	288	1993
HA|PP755589.1|A/cattle/Texas/24-008749-003/2024(H5N1)	289	1992
HA|PP755589.1|A/cattle/Texas/24-008749-003/2024(H5N1)	290	1955
HA|PP755589.1|A/cattle/Texas/24-008749-003/2024(H5N1)	291	1968
HA|PP755589.1|A/cattle/Texas/24-008749-003/2024(H5N1)	292	1966
HA|PP755589.1|A/cattle/Texas/24-008749-003/2024(H5N1)	293	1968
HA|PP755589.1|A/cattle/Texas/24-008749-003/2024(H5N1)	294	2022
HA|PP755589.1|A/cattle/Texas/24-008749-003/2024(H5N1)	295	2028
HA|PP755589.1|A/cattle/Texas/24-008749-003/2024(H5N1)	296	2027
HA|PP755589.1|A/cattle/Texas/24-008749-003/2024(H5N1)	297	2017
HA|PP755589.1|A/cattle/Texas/24-008749-003/2024(H5N1)	298	2021
HA|PP755589.1|A/cattle/Texas/24-008749-003/2024(H5N1)	299	2028
HA|PP755589.1|A/cattle/Texas/24-008749-003/2024(H5N1)	300	2033
HA|PP755589.1|A/cattle/Texas/24-008749-003/2024(H5N1)	301	2031
HA|PP755589.1|A/cattle/Texas/24-008749-003/2024(H5N1)	302	2027
HA|PP755589.1|A/cattle/Texas/24-008749-003/2024(H5N1)	303	1963
HA|PP755589.1|A/cattle/Texas/24-008749-003/2024(H5N1)	304	1968
HA|PP755589.1|A/cattle/Texas/24-008749-003/2024(H5N1)	305	1984
HA|PP755589.1|A/cattle/Texas/24-008749-003/2024(H5N1)	306	1986
HA|PP755589.1|A/cattle/Texas/24-008749-003/2024(H5N1)	307	1978
HA|PP755589.1|A/cattle/Texas/24-008749-003/2024(H5N1)	308	1978
HA|PP755589.1|A/cattle/Texas/24-008749-003/2024(H5N1)	309	1950
HA|PP755589.1|A/cattle/Texas/24-008749-003/2024(H5N1)	310	1959
HA|PP755589.1|A/cattle/Texas/24-008749-003/2024(H5N1)	311	1960
HA|PP755589.1|A/cattle/Texas/24-008749-003/2024(H5N1)	312	1953
HA|PP755589.1|A/cattle/Texas/24-008749-003/2024(H5N1)	313	1936
HA|PP755589.1|A/cattle/Texas/24-008749-003/2024(H5N1)	314	1933
HA|PP755589.1|A/cattle/Texas/24-008749-003/2024(H5N1)	315	2010
HA|PP755589.1|A/cattle/Texas/24-008749-003/2024(H5N1)	316	2012
HA|PP755589.1|A/cattle/Texas/24-008749-003/2024(H5N1)	317	2054
HA|PP755589.1|A/cattle/Texas/24-008749-003/2024(H5N1)	318	2058
HA|PP755589.1|A/cattle/Texas/24-008749-003/2024(H5N1)	319	2061
HA|PP755589.1|A/cattle/Texas/24-008749-003/2024(H5N1)	320	2095
HA|PP755589.1|A/cattle/Texas/24-008749-003/2024(H5N1)	321	2102
HA|PP755589.1|A/cattle/Texas/24-008749-003/2024(H5N1)	322	2102
HA|PP755589.1|A/cattle/Texas/24-008749-003/2024(H5N1)	323	2102
HA|PP755589.1|A/cattle/Texas/24-008749-003/2024(H5N1)	324	2038
HA|PP755589.1|A/cattle/Texas/24-008749-003/2024(H5N1)	325	2043
HA|PP755589.1|A/cattle/Texas/24-008749-003/2024(H5N1)	326	2033
HA|PP755589.1|A/cattle/Texas/24-008749-003/2024(H5N1)	327	2033
HA|PP755589.1|A/cattle/Texas/24-008749-003/2024(H5N1)	328	2005
HA|PP755589.1|A/cattle/Texas/24-008749-003/2024(H5N1)	329	2037
HA|PP755589.1|A/cattle/Texas/24-008749-003/2024(H5N1)	330	2042
HA|PP755589.1|A/cattle/Texas/24-008749-003/2024(H5N1)	331	2059
HA|PP755589.1|A/cattle/Texas/24-008749-003/2024(H5N1)	332	2064
HA|PP755589.1|A/cattle/Texas/24-008749-003/2024(H5N1)	333	2072
HA|PP755589.1|A/cattle/Texas/24-008749-003/2024(H5N1)	334	2073
HA|PP755589.1|A/cattle/Texas/24-008749-003/2024(H5N1)	335	2074
HA|PP755589.1|A/cattle/Texas/24-008749-003/2024(H5N1)	336	2075
HA|PP755589.1|A/cattle/Texas/24-008749-003/2024(H5N1)	337	2080
HA|PP755589.1|A/cattle/Texas/24-008749-003/2024(H5N1)	338	2078
HA|PP755589.1|A/cattle/Texas/24-008749-003/2024(H5N1)	339	2071
HA|PP755589.1|A/cattle/Texas/24-008749-003/2024(H5N1)	340	2064
HA|PP755589.1|A/cattle/Texas/24-008749-003/2024(H5N1)	341	2086
HA|PP755589.1|A/cattle/Texas/24-008749-003/2024(H5N1)	342	2085
HA|PP755589.1|A/cattle/Texas/24-008749-003/2024(H5N1)	343	2086
HA|PP755589.1|A/cattle/Texas/24-008749-003/2024(H5N1)	344	2101
HA|PP755589.1|A/cattle/Texas/24-008749-003/2024(H5N1)	345	2101
HA|PP755589.1|A/cattle/Texas/24-008749-003/2024(H5N1)	346	2110
HA|PP755589.1|A/cattle/Texas/24-008749-003/2024(H5N1)	347	2113
HA|PP755589.1|A/cattle/Texas/24-008749-003/2024(H5N1)	348	2107
HA|PP755589.1|A/cattle/Texas/24-008749-003/2024(H5N1)	349	2118
HA|PP755589.1|A/cattle/Texas/24-008749-003/2024(H5N1)	350	2111
HA|PP755589.1|A/cattle/Texas/24-008749-003/2024(H5N1)	351	2117
HA|PP755589.1|A/cattle/Texas/24-008749-003/2024(H5N1)	352	2117
HA|PP755589.1|A/cattle/Texas/24-008749-003/2024(H5N1)	353	2128
HA|PP755589.1|A/cattle/Texas/24-008749-003/2024(H5N1)	354	2129
HA|PP755589.1|A/cattle/Texas/24-008749-003/2024(H5N1)	355	2122
HA|PP755589.1|A/cattle/Texas/24-008749-003/2024(H5N1)	356	2120
HA|PP755589.1|A/cattle/Texas/24-008749-003/2024(H5N1)	357	2124
HA|PP755589.1|A/cattle/Texas/24-008749-003/2024(H5N1)	358	2125
HA|PP755589.1|A/cattle/Texas/24-008749-003/2024(H5N1)	359	2127
HA|PP755589.1|A/cattle/Texas/24-008749-003/2024(H5N1)	360	2132
HA|PP755589.1|A/cattle/Texas/24-008749-003/2024(H5N1)	361	2134
HA|PP755589.1|A/cattle/Texas/24-008749-003/2024(H5N1)	362	2125
HA|PP755589.1|A/cattle/Texas/24-008749-003/2024(H5N1)	363	2147
HA|PP755589.1|A/cattle/Texas/24-008749-003/2024(H5N1)	364	2138
HA|PP755589.1|A/cattle/Texas/24-008749-003/2024(H5N1)	365	2130
HA|PP755589.1|A/cattle/Texas/24-008749-003/2024(H5N1)	366	2130
HA|PP755589.1|A/cattle/Texas/24-008749-003/2024(H5N1)	367	2112
HA|PP755589.1|A/cattle/Texas/24-008749-003/2024(H5N1)	368	2147
HA|PP755589.1|A/cattle/Texas/24-008749-003/2024(H5N1)	369	2163
HA|PP755589.1|A/cattle/Texas/24-008749-003/2024(H5N1)	370	2166
HA|PP755589.1|A/cattle/Texas/24-008749-003/2024(H5N1)	371	2167
HA|PP755589.1|A/cattle/Texas/24-008749-003/2024(H5N1)	372	2180
HA|PP755589.1|A/cattle/Texas/24-008749-003/2024(H5N1)	373	2180
HA|PP755589.1|A/cattle/Texas/24-008749-003/2024(H5N1)	374	2185
HA|PP755589.1|A/cattle/Texas/24-008749-003/2024(H5N1)	375	2183
HA|PP755589.1|A/cattle/Texas/24-008749-003/2024(H5N1)	376	2161
HA|PP755589.1|A/cattle/Texas/24-008749-003/2024(H5N1)	377	2104
HA|PP755589.1|A/cattle/Texas/24-008749-003/2024(H5N1)	378	2094
HA|PP755589.1|A/cattle/Texas/24-008749-003/2024(H5N1)	379	2100
HA|PP755589.1|A/cattle/Texas/24-008749-003/2024(H5N1)	380	2100
HA|PP755589.1|A/cattle/Texas/24-008749-003/2024(H5N1)	381	2095
HA|PP755589.1|A/cattle/Texas/24-008749-003/2024(H5N1)	382	2097
HA|PP755589.1|A/cattle/Texas/24-008749-003/2024(H5N1)	383	2097
HA|PP755589.1|A/cattle/Texas/24-008749-003/2024(H5N1)	384	2094
HA|PP755589.1|A/cattle/Texas/24-008749-003/2024(H5N1)	385	2096
HA|PP755589.1|A/cattle/Texas/24-008749-003/2024(H5N1)	386	2094
HA|PP755589.1|A/cattle/Texas/24-008749-003/2024(H5N1)	387	2111
HA|PP755589.1|A/cattle/Texas/24-008749-003/2024(H5N1)	388	2143
HA|PP755589.1|A/cattle/Texas/24-008749-003/2024(H5N1)	389	2133
HA|PP755589.1|A/cattle/Texas/24-008749-003/2024(H5N1)	390	2133
HA|PP755589.1|A/cattle/Texas/24-008749-003/2024(H5N1)	391	2133
HA|PP755589.1|A/cattle/Texas/24-008749-003/2024(H5N1)	392	2133
HA|PP755589.1|A/cattle/Texas/24-008749-003/2024(H5N1)	393	2139
HA|PP755589.1|A/cattle/Texas/24-008749-003/2024(H5N1)	394	2138
HA|PP755589.1|A/cattle/Texas/24-008749-003/2024(H5N1)	395	2143
HA|PP755589.1|A/cattle/Texas/24-008749-003/2024(H5N1)	396	2123
HA|PP755589.1|A/cattle/Texas/24-008749-003/2024(H5N1)	397	2116
HA|PP755589.1|A/cattle/Texas/24-008749-003/2024(H5N1)	398	2120
HA|PP755589.1|A/cattle/Texas/24-008749-003/2024(H5N1)	399	2140
HA|PP755589.1|A/cattle/Texas/24-008749-003/2024(H5N1)	400	2141
HA|PP755589.1|A/cattle/Texas/24-008749-003/2024(H5N1)	401	2135
HA|PP755589.1|A/cattle/Texas/24-008749-003/2024(H5N1)	402	2134
HA|PP755589.1|A/cattle/Texas/24-008749-003/2024(H5N1)	403	2137
HA|PP755589.1|A/cattle/Texas/24-008749-003/2024(H5N1)	404	2138
HA|PP755589.1|A/cattle/Texas/24-008749-003/2024(H5N1)	405	2139
HA|PP755589.1|A/cattle/Texas/24-008749-003/2024(H5N1)	406	2126
HA|PP755589.1|A/cattle/Texas/24-008749-003/2024(H5N1)	407	2130
HA|PP755589.1|A/cattle/Texas/24-008749-003/2024(H5N1)	408	2123
HA|PP755589.1|A/cattle/Texas/24-008749-003/2024(H5N1)	409	2116
HA|PP755589.1|A/cattle/Texas/24-008749-003/2024(H5N1)	410	2114
HA|PP755589.1|A/cattle/Texas/24-008749-003/2024(H5N1)	411	2107
HA|PP755589.1|A/cattle/Texas/24-008749-003/2024(H5N1)	412	2111
HA|PP755589.1|A/cattle/Texas/24-008749-003/2024(H5N1)	413	2119
HA|PP755589.1|A/cattle/Texas/24-008749-003/2024(H5N1)	414	2120
HA|PP755589.1|A/cattle/Texas/24-008749-003/2024(H5N1)	415	2111
HA|PP755589.1|A/cattle/Texas/24-008749-003/2024(H5N1)	416	2102
HA|PP755589.1|A/cattle/Texas/24-008749-003/2024(H5N1)	417	2099
HA|PP755589.1|A/cattle/Texas/24-008749-003/2024(H5N1)	418	2103
HA|PP755589.1|A/cattle/Texas/24-008749-003/2024(H5N1)	419	2106
HA|PP755589.1|A/cattle/Texas/24-008749-003/2024(H5N1)	420	2114
HA|PP755589.1|A/cattle/Texas/24-008749-003/2024(H5N1)	421	2115
HA|PP755589.1|A/cattle/Texas/24-008749-003/2024(H5N1)	422	2131
HA|PP755589.1|A/cattle/Texas/24-008749-003/2024(H5N1)	423	2084
HA|PP755589.1|A/cattle/Texas/24-008749-003/2024(H5N1)	424	2080
HA|PP755589.1|A/cattle/Texas/24-008749-003/2024(H5N1)	425	2082
HA|PP755589.1|A/cattle/Texas/24-008749-003/2024(H5N1)	426	2083
HA|PP755589.1|A/cattle/Texas/24-008749-003/2024(H5N1)	427	2106
HA|PP755589.1|A/cattle/Texas/24-008749-003/2024(H5N1)	428	2118
HA|PP755589.1|A/cattle/Texas/24-008749-003/2024(H5N1)	429	2120
HA|PP755589.1|A/cattle/Texas/24-008749-003/2024(H5N1)	430	2128
HA|PP755589.1|A/cattle/Texas/24-008749-003/2024(H5N1)	431	2144
HA|PP755589.1|A/cattle/Texas/24-008749-003/2024(H5N1)	432	2144
HA|PP755589.1|A/cattle/Texas/24-008749-003/2024(H5N1)	433	2136
HA|PP755589.1|A/cattle/Texas/24-008749-003/2024(H5N1)	434	2128
HA|PP755589.1|A/cattle/Texas/24-008749-003/2024(H5N1)	435	2132
HA|PP755589.1|A/cattle/Texas/24-008749-003/2024(H5N1)	436	2138
HA|PP755589.1|A/cattle/Texas/24-008749-003/2024(H5N1)	437	2139
HA|PP755589.1|A/cattle/Texas/24-008749-003/2024(H5N1)	438	2153
HA|PP755589.1|A/cattle/Texas/24-008749-003/2024(H5N1)	439	2145
HA|PP755589.1|A/cattle/Texas/24-008749-003/2024(H5N1)	440	2171
HA|PP755589.1|A/cattle/Texas/24-008749-003/2024(H5N1)	441	2188
HA|PP755589.1|A/cattle/Texas/24-008749-003/2024(H5N1)	442	2170
HA|PP755589.1|A/cattle/Texas/24-008749-003/2024(H5N1)	443	2171
HA|PP755589.1|A/cattle/Texas/24-008749-003/2024(H5N1)	444	2162
HA|PP755589.1|A/cattle/Texas/24-008749-003/2024(H5N1)	445	2156
HA|PP755589.1|A/cattle/Texas/24-008749-003/2024(H5N1)	446	2185
HA|PP755589.1|A/cattle/Texas/24-008749-003/2024(H5N1)	447	2159
HA|PP755589.1|A/cattle/Texas/24-008749-003/2024(H5N1)	448	2162
HA|PP755589.1|A/cattle/Texas/24-008749-003/2024(H5N1)	449	2161
HA|PP755589.1|A/cattle/Texas/24-008749-003/2024(H5N1)	450	2149
HA|PP755589.1|A/cattle/Texas/24-008749-003/2024(H5N1)	451	2162
HA|PP755589.1|A/cattle/Texas/24-008749-003/2024(H5N1)	452	2256
HA|PP755589.1|A/cattle/Texas/24-008749-003/2024(H5N1)	453	2267
HA|PP755589.1|A/cattle/Texas/24-008749-003/2024(H5N1)	454	2268
HA|PP755589.1|A/cattle/Texas/24-008749-003/2024(H5N1)	455	2258
HA|PP755589.1|A/cattle/Texas/24-008749-003/2024(H5N1)	456	2284
HA|PP755589.1|A/cattle/Texas/24-008749-003/2024(H5N1)	457	2290
HA|PP755589.1|A/cattle/Texas/24-008749-003/2024(H5N1)	458	2288
HA|PP755589.1|A/cattle/Texas/24-008749-003/2024(H5N1)	459	2295
HA|PP755589.1|A/cattle/Texas/24-008749-003/2024(H5N1)	460	2288
HA|PP755589.1|A/cattle/Texas/24-008749-003/2024(H5N1)	461	2203
HA|PP755589.1|A/cattle/Texas/24-008749-003/2024(H5N1)	462	2204
HA|PP755589.1|A/cattle/Texas/24-008749-003/2024(H5N1)	463	2220
HA|PP755589.1|A/cattle/Texas/24-008749-003/2024(H5N1)	464	2224
HA|PP755589.1|A/cattle/Texas/24-008749-003/2024(H5N1)	465	2170
HA|PP755589.1|A/cattle/Texas/24-008749-003/2024(H5N1)	466	2158
HA|PP755589.1|A/cattle/Texas/24-008749-003/2024(H5N1)	467	2177
HA|PP755589.1|A/cattle/Texas/24-008749-003/2024(H5N1)	468	2169
HA|PP755589.1|A/cattle/Texas/24-008749-003/2024(H5N1)	469	2171
HA|PP755589.1|A/cattle/Texas/24-008749-003/2024(H5N1)	470	2164
HA|PP755589.1|A/cattle/Texas/24-008749-003/2024(H5N1)	471	2161
HA|PP755589.1|A/cattle/Texas/24-008749-003/2024(H5N1)	472	2145
HA|PP755589.1|A/cattle/Texas/24-008749-003/2024(H5N1)	473	2143
HA|PP755589.1|A/cattle/Texas/24-008749-003/2024(H5N1)	474	2144
HA|PP755589.1|A/cattle/Texas/24-008749-003/2024(H5N1)	475	2136
HA|PP755589.1|A/cattle/Texas/24-008749-003/2024(H5N1)	476	2142
HA|PP755589.1|A/cattle/Texas/24-008749-003/2024(H5N1)	477	2138
HA|PP755589.1|A/cattle/Texas/24-008749-003/2024(H5N1)	478	2134
HA|PP755589.1|A/cattle/Texas/24-008749-003/2024(H5N1)	479	2137
HA|PP755589.1|A/cattle/Texas/24-008749-003/2024(H5N1)	480	2133
HA|PP755589.1|A/cattle/Texas/24-008749-003/2024(H5N1)	481	2129
HA|PP755589.1|A/cattle/Texas/24-008749-003/2024(H5N1)	482	2147
HA|PP755589.1|A/cattle/Texas/24-008749-003/2024(H5N1)	483	2148
HA|PP755589.1|A/cattle/Texas/24-008749-003/2024(H5N1)	484	2165
HA|PP755589.1|A/cattle/Texas/24-008749-003/2024(H5N1)	485	2167
HA|PP755589.1|A/cattle/Texas/24-008749-003/2024(H5N1)	486	2158
HA|PP755589.1|A/cattle/Texas/24-008749-003/2024(H5N1)	487	2171
HA|PP755589.1|A/cattle/Texas/24-008749-003/2024(H5N1)	488	2175
HA|PP755589.1|A/cattle/Texas/24-008749-003/2024(H5N1)	489	2178
HA|PP755589.1|A/cattle/Texas/24-008749-003/2024(H5N1)	490	2179
HA|PP755589.1|A/cattle/Texas/24-008749-003/2024(H5N1)	491	2174
HA|PP755589.1|A/cattle/Texas/24-008749-003/2024(H5N1)	492	2174
HA|PP755589.1|A/cattle/Texas/24-008749-003/2024(H5N1)	493	2167
HA|PP755589.1|A/cattle/Texas/24-008749-003/2024(H5N1)	494	2170
HA|PP755589.1|A/cattle/Texas/24-008749-003/2024(H5N1)	495	2175
HA|PP755589.1|A/cattle/Texas/24-008749-003/2024(H5N1)	496	2168
HA|PP755589.1|A/cattle/Texas/24-008749-003/2024(H5N1)	497	2168
HA|PP755589.1|A/cattle/Texas/24-008749-003/2024(H5N1)	498	2162
HA|PP755589.1|A/cattle/Texas/24-008749-003/2024(H5N1)	499	2167
HA|PP755589.1|A/cattle/Texas/24-008749-003/2024(H5N1)	500	2167
HA|PP755589.1|A/cattle/Texas/24-008749-003/2024(H5N1)	501	2175
HA|PP755589.1|A/cattle/Texas/24-008749-003/2024(H5N1)	502	2179
HA|PP755589.1|A/cattle/Texas/24-008749-003/2024(H5N1)	503	2176
HA|PP755589.1|A/cattle/Texas/24-008749-003/2024(H5N1)	504	2176
HA|PP755589.1|A/cattle/Texas/24-008749-003/2024(H5N1)	505	2176
HA|PP755589.1|A/cattle/Texas/24-008749-003/2024(H5N1)	506	2177
HA|PP755589.1|A/cattle/Texas/24-008749-003/2024(H5N1)	507	2173
HA|PP755589.1|A/cattle/Texas/24-008749-003/2024(H5N1)	508	2171
HA|PP755589.1|A/cattle/Texas/24-008749-003/2024(H5N1)	509	2170
HA|PP755589.1|A/cattle/Texas/24-008749-003/2024(H5N1)	510	2160
HA|PP755589.1|A/cattle/Texas/24-008749-003/2024(H5N1)	511	2165
HA|PP755589.1|A/cattle/Texas/24-008749-003/2024(H5N1)	512	2226
HA|PP755589.1|A/cattle/Texas/24-008749-003/2024(H5N1)	513	2223
HA|PP755589.1|A/cattle/Texas/24-008749-003/2024(H5N1)	514	2220
HA|PP755589.1|A/cattle/Texas/24-008749-003/2024(H5N1)	515	2203
HA|PP755589.1|A/cattle/Texas/24-008749-003/2024(H5N1)	516	2194
HA|PP755589.1|A/cattle/Texas/24-008749-003/2024(H5N1)	517	2196
HA|PP755589.1|A/cattle/Texas/24-008749-003/2024(H5N1)	518	2189
HA|PP755589.1|A/cattle/Texas/24-008749-003/2024(H5N1)	519	2194
HA|PP755589.1|A/cattle/Texas/24-008749-003/2024(H5N1)	520	2188
HA|PP755589.1|A/cattle/Texas/24-008749-003/2024(H5N1)	521	2147
HA|PP755589.1|A/cattle/Texas/24-008749-003/2024(H5N1)	522	2140
HA|PP755589.1|A/cattle/Texas/24-008749-003/2024(H5N1)	523	2140
HA|PP755589.1|A/cattle/Texas/24-008749-003/2024(H5N1)	524	2296
HA|PP755589.1|A/cattle/Texas/24-008749-003/2024(H5N1)	525	2283
HA|PP755589.1|A/cattle/Texas/24-008749-003/2024(H5N1)	526	2287
HA|PP755589.1|A/cattle/Texas/24-008749-003/2024(H5N1)	527	2287
HA|PP755589.1|A/cattle/Texas/24-008749-003/2024(H5N1)	528	2278
HA|PP755589.1|A/cattle/Texas/24-008749-003/2024(H5N1)	529	2282
HA|PP755589.1|A/cattle/Texas/24-008749-003/2024(H5N1)	530	2283
HA|PP755589.1|A/cattle/Texas/24-008749-003/2024(H5N1)	531	2282
HA|PP755589.1|A/cattle/Texas/24-008749-003/2024(H5N1)	532	2285
HA|PP755589.1|A/cattle/Texas/24-008749-003/2024(H5N1)	533	2254
HA|PP755589.1|A/cattle/Texas/24-008749-003/2024(H5N1)	534	2254
HA|PP755589.1|A/cattle/Texas/24-008749-003/2024(H5N1)	535	2285
HA|PP755589.1|A/cattle/Texas/24-008749-003/2024(H5N1)	536	2371
HA|PP755589.1|A/cattle/Texas/24-008749-003/2024(H5N1)	537	2372
HA|PP755589.1|A/cattle/Texas/24-008749-003/2024(H5N1)	538	2370
HA|PP755589.1|A/cattle/Texas/24-008749-003/2024(H5N1)	539	2371
HA|PP755589.1|A/cattle/Texas/24-008749-003/2024(H5N1)	540	2449
HA|PP755589.1|A/cattle/Texas/24-008749-003/2024(H5N1)	541	2452
HA|PP755589.1|A/cattle/Texas/24-008749-003/2024(H5N1)	542	2455
HA|PP755589.1|A/cattle/Texas/24-008749-003/2024(H5N1)	543	2451
HA|PP755589.1|A/cattle/Texas/24-008749-003/2024(H5N1)	544	2424
HA|PP755589.1|A/cattle/Texas/24-008749-003/2024(H5N1)	545	2422
HA|PP755589.1|A/cattle/Texas/24-008749-003/2024(H5N1)	546	2430
HA|PP755589.1|A/cattle/Texas/24-008749-003/2024(H5N1)	547	2430
HA|PP755589.1|A/cattle/Texas/24-008749-003/2024(H5N1)	548	2431
HA|PP755589.1|A/cattle/Texas/24-008749-003/2024(H5N1)	549	2347
HA|PP755589.1|A/cattle/Texas/24-008749-003/2024(H5N1)	550	2349
HA|PP755589.1|A/cattle/Texas/24-008749-003/2024(H5N1)	551	2349
HA|PP755589.1|A/cattle/Texas/24-008749-003/2024(H5N1)	552	2349
HA|PP755589.1|A/cattle/Texas/24-008749-003/2024(H5N1)	553	2343
HA|PP755589.1|A/cattle/Texas/24-008749-003/2024(H5N1)	554	2333
HA|PP755589.1|A/cattle/Texas/24-008749-003/2024(H5N1)	555	2334
HA|PP755589.1|A/cattle/Texas/24-008749-003/2024(H5N1)	556	2330
HA|PP755589.1|A/cattle/Texas/24-008749-003/2024(H5N1)	557	2339
HA|PP755589.1|A/cattle/Texas/24-008749-003/2024(H5N1)	558	2339
HA|PP755589.1|A/cattle/Texas/24-008749-003/2024(H5N1)	559	2342
HA|PP755589.1|A/cattle/Texas/24-008749-003/2024(H5N1)	560	2349
HA|PP755589.1|A/cattle/Texas/24-008749-003/2024(H5N1)	561	2377
HA|PP755589.1|A/cattle/Texas/24-008749-003/2024(H5N1)	562	2397
HA|PP755589.1|A/cattle/Texas/24-008749-003/2024(H5N1)	563	2443
HA|PP755589.1|A/cattle/Texas/24-008749-003/2024(H5N1)	564	2466
HA|PP755589.1|A/cattle/Texas/24-008749-003/2024(H5N1)	565	2534
HA|PP755589.1|A/cattle/Texas/24-008749-003/2024(H5N1)	566	2536
HA|PP755589.1|A/cattle/Texas/24-008749-003/2024(H5N1)	567	2544
HA|PP755589.1|A/cattle/Texas/24-008749-003/2024(H5N1)	568	2548
HA|PP755589.1|A/cattle/Texas/24-008749-003/2024(H5N1)	569	2548
HA|PP755589.1|A/cattle/Texas/24-008749-003/2024(H5N1)	570	2532
HA|PP755589.1|A/cattle/Texas/24-008749-003/2024(H5N1)	571	2543
HA|PP755589.1|A/cattle/Texas/24-008749-003/2024(H5N1)	572	2461
HA|PP755589.1|A/cattle/Texas/24-008749-003/2024(H5N1)	573	2505
HA|PP755589.1|A/cattle/Texas/24-008749-003/2024(H5N1)	574	2494
HA|PP755589.1|A/cattle/Texas/24-008749-003/2024(H5N1)	575	2501
HA|PP755589.1|A/cattle/Texas/24-008749-003/2024(H5N1)	576	2527
HA|PP755589.1|A/cattle/Texas/24-008749-003/2024(H5N1)	577	2469
HA|PP755589.1|A/cattle/Texas/24-008749-003/2024(H5N1)	578	2490
HA|PP755589.1|A/cattle/Texas/24-008749-003/2024(H5N1)	579	2481
HA|PP755589.1|A/cattle/Texas/24-008749-003/2024(H5N1)	580	2463
HA|PP755589.1|A/cattle/Texas/24-008749-003/2024(H5N1)	581	2472
HA|PP755589.1|A/cattle/Texas/24-008749-003/2024(H5N1)	582	2411
HA|PP755589.1|A/cattle/Texas/24-008749-003/2024(H5N1)	583	2413
HA|PP755589.1|A/cattle/Texas/24-008749-003/2024(H5N1)	584	2412
HA|PP755589.1|A/cattle/Texas/24-008749-003/2024(H5N1)	585	2430
HA|PP755589.1|A/cattle/Texas/24-008749-003/2024(H5N1)	586	2414
HA|PP755589.1|A/cattle/Texas/24-008749-003/2024(H5N1)	587	2403
HA|PP755589.1|A/cattle/Texas/24-008749-003/2024(H5N1)	588	2433
HA|PP755589.1|A/cattle/Texas/24-008749-003/2024(H5N1)	589	2429
HA|PP755589.1|A/cattle/Texas/24-008749-003/2024(H5N1)	590	2429
HA|PP755589.1|A/cattle/Texas/24-008749-003/2024(H5N1)	591	2425
HA|PP755589.1|A/cattle/Texas/24-008749-003/2024(H5N1)	592	2421
HA|PP755589.1|A/cattle/Texas/24-008749-003/2024(H5N1)	593	2427
HA|PP755589.1|A/cattle/Texas/24-008749-003/2024(H5N1)	594	2431
HA|PP755589.1|A/cattle/Texas/24-008749-003/2024(H5N1)	595	2437
HA|PP755589.1|A/cattle/Texas/24-008749-003/2024(H5N1)	596	2500
HA|PP755589.1|A/cattle/Texas/24-008749-003/2024(H5N1)	597	2482
HA|PP755589.1|A/cattle/Texas/24-008749-003/2024(H5N1)	598	2499
HA|PP755589.1|A/cattle/Texas/24-008749-003/2024(H5N1)	599	2505
HA|PP755589.1|A/cattle/Texas/24-008749-003/2024(H5N1)	600	2481
HA|PP755589.1|A/cattle/Texas/24-008749-003/2024(H5N1)	601	2484
HA|PP755589.1|A/cattle/Texas/24-008749-003/2024(H5N1)	602	2484
HA|PP755589.1|A/cattle/Texas/24-008749-003/2024(H5N1)	603	2475
HA|PP755589.1|A/cattle/Texas/24-008749-003/2024(H5N1)	604	2482
HA|PP755589.1|A/cattle/Texas/24-008749-003/2024(H5N1)	605	2425
HA|PP755589.1|A/cattle/Texas/24-008749-003/2024(H5N1)	606	2427
HA|PP755589.1|A/cattle/Texas/24-008749-003/2024(H5N1)	607	2420
HA|PP755589.1|A/cattle/Texas/24-008749-003/2024(H5N1)	608	2422
HA|PP755589.1|A/cattle/Texas/24-008749-003/2024(H5N1)	609	2445
HA|PP755589.1|A/cattle/Texas/24-008749-003/2024(H5N1)	610	2444
HA|PP755589.1|A/cattle/Texas/24-008749-003/2024(H5N1)	611	2446
HA|PP755589.1|A/cattle/Texas/24-008749-003/2024(H5N1)	612	2449
HA|PP755589.1|A/cattle/Texas/24-008749-003/2024(H5N1)	613	2446
HA|PP755589.1|A/cattle/Texas/24-008749-003/2024(H5N1)	614	2445
HA|PP755589.1|A/cattle/Texas/24-008749-003/2024(H5N1)	615	2449
HA|PP755589.1|A/cattle/Texas/24-008749-003/2024(H5N1)	616	2420
HA|PP755589.1|A/cattle/Texas/24-008749-003/2024(H5N1)	617	2417
HA|PP755589.1|A/cattle/Texas/24-008749-003/2024(H5N1)	618	2399
HA|PP755589.1|A/cattle/Texas/24-008749-003/2024(H5N1)	619	2399
HA|PP755589.1|A/cattle/Texas/24-008749-003/2024(H5N1)	620	2405
HA|PP755589.1|A/cattle/Texas/24-008749-003/2024(H5N1)	621	2395
HA|PP755589.1|A/cattle/Texas/24-008749-003/2024(H5N1)	622	2391
HA|PP755589.1|A/cattle/Texas/24-008749-003/2024(H5N1)	623	2390
HA|PP755589.1|A/cattle/Texas/24-008749-003/2024(H5N1)	624	2393
HA|PP755589.1|A/cattle/Texas/24-008749-003/2024(H5N1)	625	2398
HA|PP755589.1|A/cattle/Texas/24-008749-003/2024(H5N1)	626	2399
HA|PP755589.1|A/cattle/Texas/24-008749-003/2024(H5N1)	627	2405
HA|PP755589.1|A/cattle/Texas/24-008749-003/2024(H5N1)	628	2404
HA|PP755589.1|A/cattle/Texas/24-008749-003/2024(H5N1)	629	2389
HA|PP755589.1|A/cattle/Texas/24-008749-003/2024(H5N1)	630	2388
HA|PP755589.1|A/cattle/Texas/24-008749-003/2024(H5N1)	631	2396
HA|PP755589.1|A/cattle/Texas/24-008749-003/2024(H5N1)	632	2396
HA|PP755589.1|A/cattle/Texas/24-008749-003/2024(H5N1)	633	2401
HA|PP755589.1|A/cattle/Texas/24-008749-003/2024(H5N1)	634	2452
HA|PP755589.1|A/cattle/Texas/24-008749-003/2024(H5N1)	635	2500
HA|PP755589.1|A/cattle/Texas/24-008749-003/2024(H5N1)	636	2497
HA|PP755589.1|A/cattle/Texas/24-008749-003/2024(H5N1)	637	2499
HA|PP755589.1|A/cattle/Texas/24-008749-003/2024(H5N1)	638	2520
HA|PP755589.1|A/cattle/Texas/24-008749-003/2024(H5N1)	639	2514
HA|PP755589.1|A/cattle/Texas/24-008749-003/2024(H5N1)	640	2505
HA|PP755589.1|A/cattle/Texas/24-008749-003/2024(H5N1)	641	2505
HA|PP755589.1|A/cattle/Texas/24-008749-003/2024(H5N1)	642	2494
HA|PP755589.1|A/cattle/Texas/24-008749-003/2024(H5N1)	643	2494
HA|PP755589.1|A/cattle/Texas/24-008749-003/2024(H5N1)	644	2473
HA|PP755589.1|A/cattle/Texas/24-008749-003/2024(H5N1)	645	2468
HA|PP755589.1|A/cattle/Texas/24-008749-003/2024(H5N1)	646	2469
HA|PP755589.1|A/cattle/Texas/24-008749-003/2024(H5N1)	647	2453
HA|PP755589.1|A/cattle/Texas/24-008749-003/2024(H5N1)	648	2438
HA|PP755589.1|A/cattle/Texas/24-008749-003/2024(H5N1)	649	2435
HA|PP755589.1|A/cattle/Texas/24-008749-003/2024(H5N1)	650	2481
HA|PP755589.1|A/cattle/Texas/24-008749-003/2024(H5N1)	651	2486
HA|PP755589.1|A/cattle/Texas/24-008749-003/2024(H5N1)	652	2483
HA|PP755589.1|A/cattle/Texas/24-008749-003/2024(H5N1)	653	2485
HA|PP755589.1|A/cattle/Texas/24-008749-003/2024(H5N1)	654	2488
HA|PP755589.1|A/cattle/Texas/24-008749-003/2024(H5N1)	655	2485
HA|PP755589.1|A/cattle/Texas/24-008749-003/2024(H5N1)	656	2484
HA|PP755589.1|A/cattle/Texas/24-008749-003/2024(H5N1)	657	2488
HA|PP755589.1|A/cattle/Texas/24-008749-003/2024(H5N1)	658	2497
HA|PP755589.1|A/cattle/Texas/24-008749-003/2024(H5N1)	659	2516
HA|PP755589.1|A/cattle/Texas/24-008749-003/2024(H5N1)	660	2511
HA|PP755589.1|A/cattle/Texas/24-008749-003/2024(H5N1)	661	2517
HA|PP755589.1|A/cattle/Texas/24-008749-003/2024(H5N1)	662	2521
HA|PP755589.1|A/cattle/Texas/24-008749-003/2024(H5N1)	663	2521
HA|PP755589.1|A/cattle/Texas/24-008749-003/2024(H5N1)	664	2546
HA|PP755589.1|A/cattle/Texas/24-008749-003/2024(H5N1)	665	2546
HA|PP755589.1|A/cattle/Texas/24-008749-003/2024(H5N1)	666	2564
HA|PP755589.1|A/cattle/Texas/24-008749-003/2024(H5N1)	667	2556
HA|PP755589.1|A/cattle/Texas/24-008749-003/2024(H5N1)	668	2511
HA|PP755589.1|A/cattle/Texas/24-008749-003/2024(H5N1)	669	2511
HA|PP755589.1|A/cattle/Texas/24-008749-003/2024(H5N1)	670	2510
HA|PP755589.1|A/cattle/Texas/24-008749-003/2024(H5N1)	671	2578
HA|PP755589.1|A/cattle/Texas/24-008749-003/2024(H5N1)	672	2584
HA|PP755589.1|A/cattle/Texas/24-008749-003/2024(H5N1)	673	2541
HA|PP755589.1|A/cattle/Texas/24-008749-003/2024(H5N1)	674	2544
HA|PP755589.1|A/cattle/Texas/24-008749-003/2024(H5N1)	675	2527
HA|PP755589.1|A/cattle/Texas/24-008749-003/2024(H5N1)	676	2538
HA|PP755589.1|A/cattle/Texas/24-008749-003/2024(H5N1)	677	2540
HA|PP755589.1|A/cattle/Texas/24-008749-003/2024(H5N1)	678	2528
HA|PP755589.1|A/cattle/Texas/24-008749-003/2024(H5N1)	679	2535
HA|PP755589.1|A/cattle/Texas/24-008749-003/2024(H5N1)	680	2495
HA|PP755589.1|A/cattle/Texas/24-008749-003/2024(H5N1)	681	2495
HA|PP755589.1|A/cattle/Texas/24-008749-003/2024(H5N1)	682	2497
HA|PP755589.1|A/cattle/Texas/24-008749-003/2024(H5N1)	683	2497
HA|PP755589.1|A/cattle/Texas/24-008749-003/2024(H5N1)	684	2502
HA|PP755589.1|A/cattle/Texas/24-008749-003/2024(H5N1)	685	2506
HA|PP755589.1|A/cattle/Texas/24-008749-003/2024(H5N1)	686	2508
HA|PP755589.1|A/cattle/Texas/24-008749-003/2024(H5N1)	687	2514
HA|PP755589.1|A/cattle/Texas/24-008749-003/2024(H5N1)	688	2504
HA|PP755589.1|A/cattle/Texas/24-008749-003/2024(H5N1)	689	2494
HA|PP755589.1|A/cattle/Texas/24-008749-003/2024(H5N1)	690	2494
HA|PP755589.1|A/cattle/Texas/24-008749-003/2024(H5N1)	691	2519
HA|PP755589.1|A/cattle/Texas/24-008749-003/2024(H5N1)	692	2528
HA|PP755589.1|A/cattle/Texas/24-008749-003/2024(H5N1)	693	2525
HA|PP755589.1|A/cattle/Texas/24-008749-003/2024(H5N1)	694	2527
HA|PP755589.1|A/cattle/Texas/24-008749-003/2024(H5N1)	695	2534
HA|PP755589.1|A/cattle/Texas/24-008749-003/2024(H5N1)	696	2536
HA|PP755589.1|A/cattle/Texas/24-008749-003/2024(H5N1)	697	2540
HA|PP755589.1|A/cattle/Texas/24-008749-003/2024(H5N1)	698	2534
HA|PP755589.1|A/cattle/Texas/24-008749-003/2024(H5N1)	699	2532
HA|PP755589.1|A/cattle/Texas/24-008749-003/2024(H5N1)	700	2511
HA|PP755589.1|A/cattle/Texas/24-008749-003/2024(H5N1)	701	2516
HA|PP755589.1|A/cattle/Texas/24-008749-003/2024(H5N1)	702	2517
HA|PP755589.1|A/cattle/Texas/24-008749-003/2024(H5N1)	703	2525
HA|PP755589.1|A/cattle/Texas/24-008749-003/2024(H5N1)	704	2528
HA|PP755589.1|A/cattle/Texas/24-008749-003/2024(H5N1)	705	2517
HA|PP755589.1|A/cattle/Texas/24-008749-003/2024(H5N1)	706	2515
HA|PP755589.1|A/cattle/Texas/24-008749-003/2024(H5N1)	707	2518
HA|PP755589.1|A/cattle/Texas/24-008749-003/2024(H5N1)	708	2516
HA|PP755589.1|A/cattle/Texas/24-008749-003/2024(H5N1)	709	2517
HA|PP755589.1|A/cattle/Texas/24-008749-003/2024(H5N1)	710	2532
HA|PP755589.1|A/cattle/Texas/24-008749-003/2024(H5N1)	711	2545
HA|PP755589.1|A/cattle/Texas/24-008749-003/2024(H5N1)	712	2542
HA|PP755589.1|A/cattle/Texas/24-008749-003/2024(H5N1)	713	2526
HA|PP755589.1|A/cattle/Texas/24-008749-003/2024(H5N1)	714	2579
HA|PP755589.1|A/cattle/Texas/24-008749-003/2024(H5N1)	715	2578
HA|PP755589.1|A/cattle/Texas/24-008749-003/2024(H5N1)	716	2590
HA|PP755589.1|A/cattle/Texas/24-008749-003/2024(H5N1)	717	2588
HA|PP755589.1|A/cattle/Texas/24-008749-003/2024(H5N1)	718	2587
HA|PP755589.1|A/cattle/Texas/24-008749-003/2024(H5N1)	719	2596
HA|PP755589.1|A/cattle/Texas/24-008749-003/2024(H5N1)	720	2592
HA|PP755589.1|A/cattle/Texas/24-008749-003/2024(H5N1)	721	2607
HA|PP755589.1|A/cattle/Texas/24-008749-003/2024(H5N1)	722	2621
HA|PP755589.1|A/cattle/Texas/24-008749-003/2024(H5N1)	723	2582
HA|PP755589.1|A/cattle/Texas/24-008749-003/2024(H5N1)	724	2585
HA|PP755589.1|A/cattle/Texas/24-008749-003/2024(H5N1)	725	2575
HA|PP755589.1|A/cattle/Texas/24-008749-003/2024(H5N1)	726	2572
HA|PP755589.1|A/cattle/Texas/24-008749-003/2024(H5N1)	727	2595
HA|PP755589.1|A/cattle/Texas/24-008749-003/2024(H5N1)	728	2570
HA|PP755589.1|A/cattle/Texas/24-008749-003/2024(H5N1)	729	2561
HA|PP755589.1|A/cattle/Texas/24-008749-003/2024(H5N1)	730	2552
HA|PP755589.1|A/cattle/Texas/24-008749-003/2024(H5N1)	731	2543
HA|PP755589.1|A/cattle/Texas/24-008749-003/2024(H5N1)	732	2665
HA|PP755589.1|A/cattle/Texas/24-008749-003/2024(H5N1)	733	2667
HA|PP755589.1|A/cattle/Texas/24-008749-003/2024(H5N1)	734	2669
HA|PP755589.1|A/cattle/Texas/24-008749-003/2024(H5N1)	735	2664
HA|PP755589.1|A/cattle/Texas/24-008749-003/2024(H5N1)	736	2631
HA|PP755589.1|A/cattle/Texas/24-008749-003/2024(H5N1)	737	2649
HA|PP755589.1|A/cattle/Texas/24-008749-003/2024(H5N1)	738	2648
HA|PP755589.1|A/cattle/Texas/24-008749-003/2024(H5N1)	739	2647
HA|PP755589.1|A/cattle/Texas/24-008749-003/2024(H5N1)	740	2647
HA|PP755589.1|A/cattle/Texas/24-008749-003/2024(H5N1)	741	2534
HA|PP755589.1|A/cattle/Texas/24-008749-003/2024(H5N1)	742	2547
HA|PP755589.1|A/cattle/Texas/24-008749-003/2024(H5N1)	743	2579
HA|PP755589.1|A/cattle/Texas/24-008749-003/2024(H5N1)	744	2615
HA|PP755589.1|A/cattle/Texas/24-008749-003/2024(H5N1)	745	2618
HA|PP755589.1|A/cattle/Texas/24-008749-003/2024(H5N1)	746	2612
HA|PP755589.1|A/cattle/Texas/24-008749-003/2024(H5N1)	747	2608
HA|PP755589.1|A/cattle/Texas/24-008749-003/2024(H5N1)	748	2620
HA|PP755589.1|A/cattle/Texas/24-008749-003/2024(H5N1)	749	2642
HA|PP755589.1|A/cattle/Texas/24-008749-003/2024(H5N1)	750	2644
HA|PP755589.1|A/cattle/Texas/24-008749-003/2024(H5N1)	751	2643
HA|PP755589.1|A/cattle/Texas/24-008749-003/2024(H5N1)	752	2582
HA|PP755589.1|A/cattle/Texas/24-008749-003/2024(H5N1)	753	2568
HA|PP755589.1|A/cattle/Texas/24-008749-003/2024(H5N1)	754	2574
HA|PP755589.1|A/cattle/Texas/24-008749-003/2024(H5N1)	755	2579
HA|PP755589.1|A/cattle/Texas/24-008749-003/2024(H5N1)	756	2577
HA|PP755589.1|A/cattle/Texas/24-008749-003/2024(H5N1)	757	2572
HA|PP755589.1|A/cattle/Texas/24-008749-003/2024(H5N1)	758	2611
HA|PP755589.1|A/cattle/Texas/24-008749-003/2024(H5N1)	759	2623
HA|PP755589.1|A/cattle/Texas/24-008749-003/2024(H5N1)	760	2611
HA|PP755589.1|A/cattle/Texas/24-008749-003/2024(H5N1)	761	2605
HA|PP755589.1|A/cattle/Texas/24-008749-003/2024(H5N1)	762	2582
HA|PP755589.1|A/cattle/Texas/24-008749-003/2024(H5N1)	763	2581
HA|PP755589.1|A/cattle/Texas/24-008749-003/2024(H5N1)	764	2577
HA|PP755589.1|A/cattle/Texas/24-008749-003/2024(H5N1)	765	2583
HA|PP755589.1|A/cattle/Texas/24-008749-003/2024(H5N1)	766	2642
HA|PP755589.1|A/cattle/Texas/24-008749-003/2024(H5N1)	767	2619
HA|PP755589.1|A/cattle/Texas/24-008749-003/2024(H5N1)	768	2627
HA|PP755589.1|A/cattle/Texas/24-008749-003/2024(H5N1)	769	2629
HA|PP755589.1|A/cattle/Texas/24-008749-003/2024(H5N1)	770	2636
HA|PP755589.1|A/cattle/Texas/24-008749-003/2024(H5N1)	771	2637
HA|PP755589.1|A/cattle/Texas/24-008749-003/2024(H5N1)	772	2639
HA|PP755589.1|A/cattle/Texas/24-008749-003/2024(H5N1)	773	2635
HA|PP755589.1|A/cattle/Texas/24-008749-003/2024(H5N1)	774	2638
HA|PP755589.1|A/cattle/Texas/24-008749-003/2024(H5N1)	775	2629
HA|PP755589.1|A/cattle/Texas/24-008749-003/2024(H5N1)	776	2627
HA|PP755589.1|A/cattle/Texas/24-008749-003/2024(H5N1)	777	2624
HA|PP755589.1|A/cattle/Texas/24-008749-003/2024(H5N1)	778	2619
HA|PP755589.1|A/cattle/Texas/24-008749-003/2024(H5N1)	779	2619
HA|PP755589.1|A/cattle/Texas/24-008749-003/2024(H5N1)	780	2622
HA|PP755589.1|A/cattle/Texas/24-008749-003/2024(H5N1)	781	2629
HA|PP755589.1|A/cattle/Texas/24-008749-003/2024(H5N1)	782	2626
HA|PP755589.1|A/cattle/Texas/24-008749-003/2024(H5N1)	783	2619
HA|PP755589.1|A/cattle/Texas/24-008749-003/2024(H5N1)	784	2626
HA|PP755589.1|A/cattle/Texas/24-008749-003/2024(H5N1)	785	2615
HA|PP755589.1|A/cattle/Texas/24-008749-003/2024(H5N1)	786	2621
HA|PP755589.1|A/cattle/Texas/24-008749-003/2024(H5N1)	787	2620
HA|PP755589.1|A/cattle/Texas/24-008749-003/2024(H5N1)	788	2618
HA|PP755589.1|A/cattle/Texas/24-008749-003/2024(H5N1)	789	2612
HA|PP755589.1|A/cattle/Texas/24-008749-003/2024(H5N1)	790	2616
HA|PP755589.1|A/cattle/Texas/24-008749-003/2024(H5N1)	791	2616
HA|PP755589.1|A/cattle/Texas/24-008749-003/2024(H5N1)	792	2613
HA|PP755589.1|A/cattle/Texas/24-008749-003/2024(H5N1)	793	2654
HA|PP755589.1|A/cattle/Texas/24-008749-003/2024(H5N1)	794	2672
HA|PP755589.1|A/cattle/Texas/24-008749-003/2024(H5N1)	795	2680
HA|PP755589.1|A/cattle/Texas/24-008749-003/2024(H5N1)	796	2720
HA|PP755589.1|A/cattle/Texas/24-008749-003/2024(H5N1)	797	2719
HA|PP755589.1|A/cattle/Texas/24-008749-003/2024(H5N1)	798	2739
HA|PP755589.1|A/cattle/Texas/24-008749-003/2024(H5N1)	799	2766
HA|PP755589.1|A/cattle/Texas/24-008749-003/2024(H5N1)	800	2763
HA|PP755589.1|A/cattle/Texas/24-008749-003/2024(H5N1)	801	2777
HA|PP755589.1|A/cattle/Texas/24-008749-003/2024(H5N1)	802	2710
HA|PP755589.1|A/cattle/Texas/24-008749-003/2024(H5N1)	803	2706
HA|PP755589.1|A/cattle/Texas/24-008749-003/2024(H5N1)	804	2704
HA|PP755589.1|A/cattle/Texas/24-008749-003/2024(H5N1)	805	2696
HA|PP755589.1|A/cattle/Texas/24-008749-003/2024(H5N1)	806	2703
HA|PP755589.1|A/cattle/Texas/24-008749-003/2024(H5N1)	807	2724
HA|PP755589.1|A/cattle/Texas/24-008749-003/2024(H5N1)	808	2687
HA|PP755589.1|A/cattle/Texas/24-008749-003/2024(H5N1)	809	2691
HA|PP755589.1|A/cattle/Texas/24-008749-003/2024(H5N1)	810	2704
HA|PP755589.1|A/cattle/Texas/24-008749-003/2024(H5N1)	811	2709
HA|PP755589.1|A/cattle/Texas/24-008749-003/2024(H5N1)	812	2710
HA|PP755589.1|A/cattle/Texas/24-008749-003/2024(H5N1)	813	2682
HA|PP755589.1|A/cattle/Texas/24-008749-003/2024(H5N1)	814	2691
HA|PP755589.1|A/cattle/Texas/24-008749-003/2024(H5N1)	815	2700
HA|PP755589.1|A/cattle/Texas/24-008749-003/2024(H5N1)	816	2706
HA|PP755589.1|A/cattle/Texas/24-008749-003/2024(H5N1)	817	2713
HA|PP755589.1|A/cattle/Texas/24-008749-003/2024(H5N1)	818	2713
HA|PP755589.1|A/cattle/Texas/24-008749-003/2024(H5N1)	819	2712
HA|PP755589.1|A/cattle/Texas/24-008749-003/2024(H5N1)	820	2709
HA|PP755589.1|A/cattle/Texas/24-008749-003/2024(H5N1)	821	2713
HA|PP755589.1|A/cattle/Texas/24-008749-003/2024(H5N1)	822	2718
HA|PP755589.1|A/cattle/Texas/24-008749-003/2024(H5N1)	823	2734
HA|PP755589.1|A/cattle/Texas/24-008749-003/2024(H5N1)	824	2735
HA|PP755589.1|A/cattle/Texas/24-008749-003/2024(H5N1)	825	2621
HA|PP755589.1|A/cattle/Texas/24-008749-003/2024(H5N1)	826	2613
HA|PP755589.1|A/cattle/Texas/24-008749-003/2024(H5N1)	827	2618
HA|PP755589.1|A/cattle/Texas/24-008749-003/2024(H5N1)	828	2625
HA|PP755589.1|A/cattle/Texas/24-008749-003/2024(H5N1)	829	2644
HA|PP755589.1|A/cattle/Texas/24-008749-003/2024(H5N1)	830	2650
HA|PP755589.1|A/cattle/Texas/24-008749-003/2024(H5N1)	831	2657
HA|PP755589.1|A/cattle/Texas/24-008749-003/2024(H5N1)	832	2645
HA|PP755589.1|A/cattle/Texas/24-008749-003/2024(H5N1)	833	2645
HA|PP755589.1|A/cattle/Texas/24-008749-003/2024(H5N1)	834	2644
HA|PP755589.1|A/cattle/Texas/24-008749-003/2024(H5N1)	835	2659
HA|PP755589.1|A/cattle/Texas/24-008749-003/2024(H5N1)	836	2599
HA|PP755589.1|A/cattle/Texas/24-008749-003/2024(H5N1)	837	2587
HA|PP755589.1|A/cattle/Texas/24-008749-003/2024(H5N1)	838	2610
HA|PP755589.1|A/cattle/Texas/24-008749-003/2024(H5N1)	839	2632
HA|PP755589.1|A/cattle/Texas/24-008749-003/2024(H5N1)	840	2624
HA|PP755589.1|A/cattle/Texas/24-008749-003/2024(H5N1)	841	2591
HA|PP755589.1|A/cattle/Texas/24-008749-003/2024(H5N1)	842	2581
HA|PP755589.1|A/cattle/Texas/24-008749-003/2024(H5N1)	843	2582
HA|PP755589.1|A/cattle/Texas/24-008749-003/2024(H5N1)	844	2582
HA|PP755589.1|A/cattle/Texas/24-008749-003/2024(H5N1)	845	2588
HA|PP755589.1|A/cattle/Texas/24-008749-003/2024(H5N1)	846	2587
HA|PP755589.1|A/cattle/Texas/24-008749-003/2024(H5N1)	847	2554
HA|PP755589.1|A/cattle/Texas/24-008749-003/2024(H5N1)	848	2576
HA|PP755589.1|A/cattle/Texas/24-008749-003/2024(H5N1)	849	2573
HA|PP755589.1|A/cattle/Texas/24-008749-003/2024(H5N1)	850	2570
HA|PP755589.1|A/cattle/Texas/24-008749-003/2024(H5N1)	851	2593
HA|PP755589.1|A/cattle/Texas/24-008749-003/2024(H5N1)	852	2587
HA|PP755589.1|A/cattle/Texas/24-008749-003/2024(H5N1)	853	2607
HA|PP755589.1|A/cattle/Texas/24-008749-003/2024(H5N1)	854	2616
HA|PP755589.1|A/cattle/Texas/24-008749-003/2024(H5N1)	855	2626
HA|PP755589.1|A/cattle/Texas/24-008749-003/2024(H5N1)	856	2778
HA|PP755589.1|A/cattle/Texas/24-008749-003/2024(H5N1)	857	2772
HA|PP755589.1|A/cattle/Texas/24-008749-003/2024(H5N1)	858	2776
HA|PP755589.1|A/cattle/Texas/24-008749-003/2024(H5N1)	859	2778
HA|PP755589.1|A/cattle/Texas/24-008749-003/2024(H5N1)	860	2746
HA|PP755589.1|A/cattle/Texas/24-008749-003/2024(H5N1)	861	2744
HA|PP755589.1|A/cattle/Texas/24-008749-003/2024(H5N1)	862	2720
HA|PP755589.1|A/cattle/Texas/24-008749-003/2024(H5N1)	863	2712
HA|PP755589.1|A/cattle/Texas/24-008749-003/2024(H5N1)	864	2663
HA|PP755589.1|A/cattle/Texas/24-008749-003/2024(H5N1)	865	2536
HA|PP755589.1|A/cattle/Texas/24-008749-003/2024(H5N1)	866	2512
HA|PP755589.1|A/cattle/Texas/24-008749-003/2024(H5N1)	867	2556
HA|PP755589.1|A/cattle/Texas/24-008749-003/2024(H5N1)	868	2555
HA|PP755589.1|A/cattle/Texas/24-008749-003/2024(H5N1)	869	2553
HA|PP755589.1|A/cattle/Texas/24-008749-003/2024(H5N1)	870	2548
HA|PP755589.1|A/cattle/Texas/24-008749-003/2024(H5N1)	871	2528
HA|PP755589.1|A/cattle/Texas/24-008749-003/2024(H5N1)	872	2526
HA|PP755589.1|A/cattle/Texas/24-008749-003/2024(H5N1)	873	2520
HA|PP755589.1|A/cattle/Texas/24-008749-003/2024(H5N1)	874	2521
HA|PP755589.1|A/cattle/Texas/24-008749-003/2024(H5N1)	875	2524
HA|PP755589.1|A/cattle/Texas/24-008749-003/2024(H5N1)	876	2484
HA|PP755589.1|A/cattle/Texas/24-008749-003/2024(H5N1)	877	2490
HA|PP755589.1|A/cattle/Texas/24-008749-003/2024(H5N1)	878	2489
HA|PP755589.1|A/cattle/Texas/24-008749-003/2024(H5N1)	879	2482
HA|PP755589.1|A/cattle/Texas/24-008749-003/2024(H5N1)	880	2499
HA|PP755589.1|A/cattle/Texas/24-008749-003/2024(H5N1)	881	2509
HA|PP755589.1|A/cattle/Texas/24-008749-003/2024(H5N1)	882	2497
HA|PP755589.1|A/cattle/Texas/24-008749-003/2024(H5N1)	883	2495
HA|PP755589.1|A/cattle/Texas/24-008749-003/2024(H5N1)	884	2495
HA|PP755589.1|A/cattle/Texas/24-008749-003/2024(H5N1)	885	2510
HA|PP755589.1|A/cattle/Texas/24-008749-003/2024(H5N1)	886	2505
HA|PP755589.1|A/cattle/Texas/24-008749-003/2024(H5N1)	887	2561
HA|PP755589.1|A/cattle/Texas/24-008749-003/2024(H5N1)	888	2556
HA|PP755589.1|A/cattle/Texas/24-008749-003/2024(H5N1)	889	2541
HA|PP755589.1|A/cattle/Texas/24-008749-003/2024(H5N1)	890	2548
HA|PP755589.1|A/cattle/Texas/24-008749-003/2024(H5N1)	891	2547
HA|PP755589.1|A/cattle/Texas/24-008749-003/2024(H5N1)	892	2546
HA|PP755589.1|A/cattle/Texas/24-008749-003/2024(H5N1)	893	2550
HA|PP755589.1|A/cattle/Texas/24-008749-003/2024(H5N1)	894	2540
HA|PP755589.1|A/cattle/Texas/24-008749-003/2024(H5N1)	895	2526
HA|PP755589.1|A/cattle/Texas/24-008749-003/2024(H5N1)	896	2486
HA|PP755589.1|A/cattle/Texas/24-008749-003/2024(H5N1)	897	2458
HA|PP755589.1|A/cattle/Texas/24-008749-003/2024(H5N1)	898	2457
HA|PP755589.1|A/cattle/Texas/24-008749-003/2024(H5N1)	899	2432
HA|PP755589.1|A/cattle/Texas/24-008749-003/2024(H5N1)	900	2436
HA|PP755589.1|A/cattle/Texas/24-008749-003/2024(H5N1)	901	2442
HA|PP755589.1|A/cattle/Texas/24-008749-003/2024(H5N1)	902	2442
HA|PP755589.1|A/cattle/Texas/24-008749-003/2024(H5N1)	903	2455
HA|PP755589.1|A/cattle/Texas/24-008749-003/2024(H5N1)	904	2455
HA|PP755589.1|A/cattle/Texas/24-008749-003/2024(H5N1)	905	2455
HA|PP755589.1|A/cattle/Texas/24-008749-003/2024(H5N1)	906	2461
HA|PP755589.1|A/cattle/Texas/24-008749-003/2024(H5N1)	907	2456
HA|PP755589.1|A/cattle/Texas/24-008749-003/2024(H5N1)	908	2458
HA|PP755589.1|A/cattle/Texas/24-008749-003/2024(H5N1)	909	2465
HA|PP755589.1|A/cattle/Texas/24-008749-003/2024(H5N1)	910	2463
HA|PP755589.1|A/cattle/Texas/24-008749-003/2024(H5N1)	911	2463
HA|PP755589.1|A/cattle/Texas/24-008749-003/2024(H5N1)	912	2451
HA|PP755589.1|A/cattle/Texas/24-008749-003/2024(H5N1)	913	2453
HA|PP755589.1|A/cattle/Texas/24-008749-003/2024(H5N1)	914	2444
HA|PP755589.1|A/cattle/Texas/24-008749-003/2024(H5N1)	915	2446
HA|PP755589.1|A/cattle/Texas/24-008749-003/2024(H5N1)	916	2453
HA|PP755589.1|A/cattle/Texas/24-008749-003/2024(H5N1)	917	2454
HA|PP755589.1|A/cattle/Texas/24-008749-003/2024(H5N1)	918	2452
HA|PP755589.1|A/cattle/Texas/24-008749-003/2024(H5N1)	919	2465
HA|PP755589.1|A/cattle/Texas/24-008749-003/2024(H5N1)	920	2466
HA|PP755589.1|A/cattle/Texas/24-008749-003/2024(H5N1)	921	2469
HA|PP755589.1|A/cattle/Texas/24-008749-003/2024(H5N1)	922	2466
HA|PP755589.1|A/cattle/Texas/24-008749-003/2024(H5N1)	923	2470
HA|PP755589.1|A/cattle/Texas/24-008749-003/2024(H5N1)	924	2475
HA|PP755589.1|A/cattle/Texas/24-008749-003/2024(H5N1)	925	2474
HA|PP755589.1|A/cattle/Texas/24-008749-003/2024(H5N1)	926	2580
HA|PP755589.1|A/cattle/Texas/24-008749-003/2024(H5N1)	927	2614
HA|PP755589.1|A/cattle/Texas/24-008749-003/2024(H5N1)	928	2606
HA|PP755589.1|A/cattle/Texas/24-008749-003/2024(H5N1)	929	2635
HA|PP755589.1|A/cattle/Texas/24-008749-003/2024(H5N1)	930	2619
HA|PP755589.1|A/cattle/Texas/24-008749-003/2024(H5N1)	931	2621
HA|PP755589.1|A/cattle/Texas/24-008749-003/2024(H5N1)	932	2617
HA|PP755589.1|A/cattle/Texas/24-008749-003/2024(H5N1)	933	2612
HA|PP755589.1|A/cattle/Texas/24-008749-003/2024(H5N1)	934	2622
HA|PP755589.1|A/cattle/Texas/24-008749-003/2024(H5N1)	935	2504
HA|PP755589.1|A/cattle/Texas/24-008749-003/2024(H5N1)	936	2491
HA|PP755589.1|A/cattle/Texas/24-008749-003/2024(H5N1)	937	2486
HA|PP755589.1|A/cattle/Texas/24-008749-003/2024(H5N1)	938	2475
HA|PP755589.1|A/cattle/Texas/24-008749-003/2024(H5N1)	939	2479
HA|PP755589.1|A/cattle/Texas/24-008749-003/2024(H5N1)	940	2506
HA|PP755589.1|A/cattle/Texas/24-008749-003/2024(H5N1)	941	2587
HA|PP755589.1|A/cattle/Texas/24-008749-003/2024(H5N1)	942	2578
HA|PP755589.1|A/cattle/Texas/24-008749-003/2024(H5N1)	943	2586
HA|PP755589.1|A/cattle/Texas/24-008749-003/2024(H5N1)	944	2583
HA|PP755589.1|A/cattle/Texas/24-008749-003/2024(H5N1)	945	2568
HA|PP755589.1|A/cattle/Texas/24-008749-003/2024(H5N1)	946	2577
HA|PP755589.1|A/cattle/Texas/24-008749-003/2024(H5N1)	947	2577
HA|PP755589.1|A/cattle/Texas/24-008749-003/2024(H5N1)	948	2575
HA|PP755589.1|A/cattle/Texas/24-008749-003/2024(H5N1)	949	2583
HA|PP755589.1|A/cattle/Texas/24-008749-003/2024(H5N1)	950	2484
HA|PP755589.1|A/cattle/Texas/24-008749-003/2024(H5N1)	951	2487
HA|PP755589.1|A/cattle/Texas/24-008749-003/2024(H5N1)	952	2478
HA|PP755589.1|A/cattle/Texas/24-008749-003/2024(H5N1)	953	2486
HA|PP755589.1|A/cattle/Texas/24-008749-003/2024(H5N1)	954	2499
HA|PP755589.1|A/cattle/Texas/24-008749-003/2024(H5N1)	955	2480
HA|PP755589.1|A/cattle/Texas/24-008749-003/2024(H5N1)	956	2475
HA|PP755589.1|A/cattle/Texas/24-008749-003/2024(H5N1)	957	2463
HA|PP755589.1|A/cattle/Texas/24-008749-003/2024(H5N1)	958	2471
HA|PP755589.1|A/cattle/Texas/24-008749-003/2024(H5N1)	959	2471
HA|PP755589.1|A/cattle/Texas/24-008749-003/2024(H5N1)	960	2467
HA|PP755589.1|A/cattle/Texas/24-008749-003/2024(H5N1)	961	2467
HA|PP755589.1|A/cattle/Texas/24-008749-003/2024(H5N1)	962	2454
HA|PP755589.1|A/cattle/Texas/24-008749-003/2024(H5N1)	963	2442
HA|PP755589.1|A/cattle/Texas/24-008749-003/2024(H5N1)	964	2437
HA|PP755589.1|A/cattle/Texas/24-008749-003/2024(H5N1)	965	2432
HA|PP755589.1|A/cattle/Texas/24-008749-003/2024(H5N1)	966	2429
HA|PP755589.1|A/cattle/Texas/24-008749-003/2024(H5N1)	967	2441
HA|PP755589.1|A/cattle/Texas/24-008749-003/2024(H5N1)	968	2441
HA|PP755589.1|A/cattle/Texas/24-008749-003/2024(H5N1)	969	2444
HA|PP755589.1|A/cattle/Texas/24-008749-003/2024(H5N1)	970	2450
HA|PP755589.1|A/cattle/Texas/24-008749-003/2024(H5N1)	971	2440
HA|PP755589.1|A/cattle/Texas/24-008749-003/2024(H5N1)	972	2438
HA|PP755589.1|A/cattle/Texas/24-008749-003/2024(H5N1)	973	2438
HA|PP755589.1|A/cattle/Texas/24-008749-003/2024(H5N1)	974	2439
HA|PP755589.1|A/cattle/Texas/24-008749-003/2024(H5N1)	975	2440
HA|PP755589.1|A/cattle/Texas/24-008749-003/2024(H5N1)	976	2447
HA|PP755589.1|A/cattle/Texas/24-008749-003/2024(H5N1)	977	2472
HA|PP755589.1|A/cattle/Texas/24-008749-003/2024(H5N1)	978	2472
HA|PP755589.1|A/cattle/Texas/24-008749-003/2024(H5N1)	979	2474
HA|PP755589.1|A/cattle/Texas/24-008749-003/2024(H5N1)	980	2467
HA|PP755589.1|A/cattle/Texas/24-008749-003/2024(H5N1)	981	2469
HA|PP755589.1|A/cattle/Texas/24-008749-003/2024(H5N1)	982	2474
HA|PP755589.1|A/cattle/Texas/24-008749-003/2024(H5N1)	983	2475
HA|PP755589.1|A/cattle/Texas/24-008749-003/2024(H5N1)	984	2488
HA|PP755589.1|A/cattle/Texas/24-008749-003/2024(H5N1)	985	2471
HA|PP755589.1|A/cattle/Texas/24-008749-003/2024(H5N1)	986	2442
HA|PP755589.1|A/cattle/Texas/24-008749-003/2024(H5N1)	987	2442
HA|PP755589.1|A/cattle/Texas/24-008749-003/2024(H5N1)	988	2436
HA|PP755589.1|A/cattle/Texas/24-008749-003/2024(H5N1)	989	2457
HA|PP755589.1|A/cattle/Texas/24-008749-003/2024(H5N1)	990	2452
HA|PP755589.1|A/cattle/Texas/24-008749-003/2024(H5N1)	991	2449
HA|PP755589.1|A/cattle/Texas/24-008749-003/2024(H5N1)	992	2440
HA|PP755589.1|A/cattle/Texas/24-008749-003/2024(H5N1)	993	2420
HA|PP755589.1|A/cattle/Texas/24-008749-003/2024(H5N1)	994	2431
HA|PP755589.1|A/cattle/Texas/24-008749-003/2024(H5N1)	995	2434
HA|PP755589.1|A/cattle/Texas/24-008749-003/2024(H5N1)	996	2447
HA|PP755589.1|A/cattle/Texas/24-008749-003/2024(H5N1)	997	2441
HA|PP755589.1|A/cattle/Texas/24-008749-003/2024(H5N1)	998	2431
HA|PP755589.1|A/cattle/Texas/24-008749-003/2024(H5N1)	999	2437
HA|PP755589.1|A/cattle/Texas/24-008749-003/2024(H5N1)	1000	2432
HA|PP755589.1|A/cattle/Texas/24-008749-003/2024(H5N1)	1001	2463
HA|PP755589.1|A/cattle/Texas/24-008749-003/2024(H5N1)	1002	2467
HA|PP755589.1|A/cattle/Texas/24-008749-003/2024(H5N1)	1003	2465
HA|PP755589.1|A/cattle/Texas/24-008749-003/2024(H5N1)	1004	2466
HA|PP755589.1|A/cattle/Texas/24-008749-003/2024(H5N1)	1005	2446
HA|PP755589.1|A/cattle/Texas/24-008749-003/2024(H5N1)	1006	2454
HA|PP755589.1|A/cattle/Texas/24-008749-003/2024(H5N1)	1007	2455
HA|PP755589.1|A/cattle/Texas/24-008749-003/2024(H5N1)	1008	2448
HA|PP755589.1|A/cattle/Texas/24-008749-003/2024(H5N1)	1009	2449
HA|PP755589.1|A/cattle/Texas/24-008749-003/2024(H5N1)	1010	2434
HA|PP755589.1|A/cattle/Texas/24-008749-003/2024(H5N1)	1011	2390
HA|PP755589.1|A/cattle/Texas/24-008749-003/2024(H5N1)	1012	2388
HA|PP755589.1|A/cattle/Texas/24-008749-003/2024(H5N1)	1013	2401
HA|PP755589.1|A/cattle/Texas/24-008749-003/2024(H5N1)	1014	2406
HA|PP755589.1|A/cattle/Texas/24-008749-003/2024(H5N1)	1015	2399
HA|PP755589.1|A/cattle/Texas/24-008749-003/2024(H5N1)	1016	2396
HA|PP755589.1|A/cattle/Texas/24-008749-003/2024(H5N1)	1017	2391
HA|PP755589.1|A/cattle/Texas/24-008749-003/2024(H5N1)	1018	2395
HA|PP755589.1|A/cattle/Texas/24-008749-003/2024(H5N1)	1019	2399
HA|PP755589.1|A/cattle/Texas/24-008749-003/2024(H5N1)	1020	2398
HA|PP755589.1|A/cattle/Texas/24-008749-003/2024(H5N1)	1021	2399
HA|PP755589.1|A/cattle/Texas/24-008749-003/2024(H5N1)	1022	2388
HA|PP755589.1|A/cattle/Texas/24-008749-003/2024(H5N1)	1023	2381
HA|PP755589.1|A/cattle/Texas/24-008749-003/2024(H5N1)	1024	2387
HA|PP755589.1|A/cattle/Texas/24-008749-003/2024(H5N1)	1025	2391
HA|PP755589.1|A/cattle/Texas/24-008749-003/2024(H5N1)	1026	2384
HA|PP755589.1|A/cattle/Texas/24-008749-003/2024(H5N1)	1027	2383
HA|PP755589.1|A/cattle/Texas/24-008749-003/2024(H5N1)	1028	2379
HA|PP755589.1|A/cattle/Texas/24-008749-003/2024(H5N1)	1029	2389
HA|PP755589.1|A/cattle/Texas/24-008749-003/2024(H5N1)	1030	2389
HA|PP755589.1|A/cattle/Texas/24-008749-003/2024(H5N1)	1031	2395
HA|PP755589.1|A/cattle/Texas/24-008749-003/2024(H5N1)	1032	2392
HA|PP755589.1|A/cattle/Texas/24-008749-003/2024(H5N1)	1033	2333
HA|PP755589.1|A/cattle/Texas/24-008749-003/2024(H5N1)	1034	2332
HA|PP755589.1|A/cattle/Texas/24-008749-003/2024(H5N1)	1035	2337
HA|PP755589.1|A/cattle/Texas/24-008749-003/2024(H5N1)	1036	2365
HA|PP755589.1|A/cattle/Texas/24-008749-003/2024(H5N1)	1037	2368
HA|PP755589.1|A/cattle/Texas/24-008749-003/2024(H5N1)	1038	2355
HA|PP755589.1|A/cattle/Texas/24-008749-003/2024(H5N1)	1039	2350
HA|PP755589.1|A/cattle/Texas/24-008749-003/2024(H5N1)	1040	2340
HA|PP755589.1|A/cattle/Texas/24-008749-003/2024(H5N1)	1041	2388
HA|PP755589.1|A/cattle/Texas/24-008749-003/2024(H5N1)	1042	2389
HA|PP755589.1|A/cattle/Texas/24-008749-003/2024(H5N1)	1043	2387
HA|PP755589.1|A/cattle/Texas/24-008749-003/2024(H5N1)	1044	2372
HA|PP755589.1|A/cattle/Texas/24-008749-003/2024(H5N1)	1045	2333
HA|PP755589.1|A/cattle/Texas/24-008749-003/2024(H5N1)	1046	2335
HA|PP755589.1|A/cattle/Texas/24-008749-003/2024(H5N1)	1047	2340
HA|PP755589.1|A/cattle/Texas/24-008749-003/2024(H5N1)	1048	2342
HA|PP755589.1|A/cattle/Texas/24-008749-003/2024(H5N1)	1049	2338
HA|PP755589.1|A/cattle/Texas/24-008749-003/2024(H5N1)	1050	2302
HA|PP755589.1|A/cattle/Texas/24-008749-003/2024(H5N1)	1051	2317
HA|PP755589.1|A/cattle/Texas/24-008749-003/2024(H5N1)	1052	2316
HA|PP755589.1|A/cattle/Texas/24-008749-003/2024(H5N1)	1053	2345
HA|PP755589.1|A/cattle/Texas/24-008749-003/2024(H5N1)	1054	2347
HA|PP755589.1|A/cattle/Texas/24-008749-003/2024(H5N1)	1055	2342
HA|PP755589.1|A/cattle/Texas/24-008749-003/2024(H5N1)	1056	2328
HA|PP755589.1|A/cattle/Texas/24-008749-003/2024(H5N1)	1057	2469
HA|PP755589.1|A/cattle/Texas/24-008749-003/2024(H5N1)	1058	2590
HA|PP755589.1|A/cattle/Texas/24-008749-003/2024(H5N1)	1059	2589
HA|PP755589.1|A/cattle/Texas/24-008749-003/2024(H5N1)	1060	2572
HA|PP755589.1|A/cattle/Texas/24-008749-003/2024(H5N1)	1061	2574
HA|PP755589.1|A/cattle/Texas/24-008749-003/2024(H5N1)	1062	2577
HA|PP755589.1|A/cattle/Texas/24-008749-003/2024(H5N1)	1063	2605
HA|PP755589.1|A/cattle/Texas/24-008749-003/2024(H5N1)	1064	2610
HA|PP755589.1|A/cattle/Texas/24-008749-003/2024(H5N1)	1065	2617
HA|PP755589.1|A/cattle/Texas/24-008749-003/2024(H5N1)	1066	2619
HA|PP755589.1|A/cattle/Texas/24-008749-003/2024(H5N1)	1067	2438
HA|PP755589.1|A/cattle/Texas/24-008749-003/2024(H5N1)	1068	2432
HA|PP755589.1|A/cattle/Texas/24-008749-003/2024(H5N1)	1069	2436
HA|PP755589.1|A/cattle/Texas/24-008749-003/2024(H5N1)	1070	2451
HA|PP755589.1|A/cattle/Texas/24-008749-003/2024(H5N1)	1071	2433
HA|PP755589.1|A/cattle/Texas/24-008749-003/2024(H5N1)	1072	2446
HA|PP755589.1|A/cattle/Texas/24-008749-003/2024(H5N1)	1073	2447
HA|PP755589.1|A/cattle/Texas/24-008749-003/2024(H5N1)	1074	2444
HA|PP755589.1|A/cattle/Texas/24-008749-003/2024(H5N1)	1075	2441
HA|PP755589.1|A/cattle/Texas/24-008749-003/2024(H5N1)	1076	2459
HA|PP755589.1|A/cattle/Texas/24-008749-003/2024(H5N1)	1077	2475
HA|PP755589.1|A/cattle/Texas/24-008749-003/2024(H5N1)	1078	2475
HA|PP755589.1|A/cattle/Texas/24-008749-003/2024(H5N1)	1079	2482
HA|PP755589.1|A/cattle/Texas/24-008749-003/2024(H5N1)	1080	2501
HA|PP755589.1|A/cattle/Texas/24-008749-003/2024(H5N1)	1081	2500
HA|PP755589.1|A/cattle/Texas/24-008749-003/2024(H5N1)	1082	2511
HA|PP755589.1|A/cattle/Texas/24-008749-003/2024(H5N1)	1083	2510
HA|PP755589.1|A/cattle/Texas/24-008749-003/2024(H5N1)	1084	2505
HA|PP755589.1|A/cattle/Texas/24-008749-003/2024(H5N1)	1085	2492
HA|PP755589.1|A/cattle/Texas/24-008749-003/2024(H5N1)	1086	2491
HA|PP755589.1|A/cattle/Texas/24-008749-003/2024(H5N1)	1087	2530
HA|PP755589.1|A/cattle/Texas/24-008749-003/2024(H5N1)	1088	2540
HA|PP755589.1|A/cattle/Texas/24-008749-003/2024(H5N1)	1089	2532
HA|PP755589.1|A/cattle/Texas/24-008749-003/2024(H5N1)	1090	2531
HA|PP755589.1|A/cattle/Texas/24-008749-003/2024(H5N1)	1091	2519
HA|PP755589.1|A/cattle/Texas/24-008749-003/2024(H5N1)	1092	2517
HA|PP755589.1|A/cattle/Texas/24-008749-003/2024(H5N1)	1093	2546
HA|PP755589.1|A/cattle/Texas/24-008749-003/2024(H5N1)	1094	2543
HA|PP755589.1|A/cattle/Texas/24-008749-003/2024(H5N1)	1095	2547
HA|PP755589.1|A/cattle/Texas/24-008749-003/2024(H5N1)	1096	2531
HA|PP755589.1|A/cattle/Texas/24-008749-003/2024(H5N1)	1097	2556
HA|PP755589.1|A/cattle/Texas/24-008749-003/2024(H5N1)	1098	2597
HA|PP755589.1|A/cattle/Texas/24-008749-003/2024(H5N1)	1099	2591
HA|PP755589.1|A/cattle/Texas/24-008749-003/2024(H5N1)	1100	2577
HA|PP755589.1|A/cattle/Texas/24-008749-003/2024(H5N1)	1101	2578
HA|PP755589.1|A/cattle/Texas/24-008749-003/2024(H5N1)	1102	2636
HA|PP755589.1|A/cattle/Texas/24-008749-003/2024(H5N1)	1103	2669
HA|PP755589.1|A/cattle/Texas/24-008749-003/2024(H5N1)	1104	2666
HA|PP755589.1|A/cattle/Texas/24-008749-003/2024(H5N1)	1105	2661
HA|PP755589.1|A/cattle/Texas/24-008749-003/2024(H5N1)	1106	2645
HA|PP755589.1|A/cattle/Texas/24-008749-003/2024(H5N1)	1107	2665
HA|PP755589.1|A/cattle/Texas/24-008749-003/2024(H5N1)	1108	2687
HA|PP755589.1|A/cattle/Texas/24-008749-003/2024(H5N1)	1109	2702
HA|PP755589.1|A/cattle/Texas/24-008749-003/2024(H5N1)	1110	2761
HA|PP755589.1|A/cattle/Texas/24-008749-003/2024(H5N1)	1111	2753
HA|PP755589.1|A/cattle/Texas/24-008749-003/2024(H5N1)	1112	2734
HA|PP755589.1|A/cattle/Texas/24-008749-003/2024(H5N1)	1113	2736
HA|PP755589.1|A/cattle/Texas/24-008749-003/2024(H5N1)	1114	2736
HA|PP755589.1|A/cattle/Texas/24-008749-003/2024(H5N1)	1115	2790
HA|PP755589.1|A/cattle/Texas/24-008749-003/2024(H5N1)	1116	2782
HA|PP755589.1|A/cattle/Texas/24-008749-003/2024(H5N1)	1117	2770
HA|PP755589.1|A/cattle/Texas/24-008749-003/2024(H5N1)	1118	2811
HA|PP755589.1|A/cattle/Texas/24-008749-003/2024(H5N1)	1119	2796
HA|PP755589.1|A/cattle/Texas/24-008749-003/2024(H5N1)	1120	2978
HA|PP755589.1|A/cattle/Texas/24-008749-003/2024(H5N1)	1121	3367
HA|PP755589.1|A/cattle/Texas/24-008749-003/2024(H5N1)	1122	3423
HA|PP755589.1|A/cattle/Texas/24-008749-003/2024(H5N1)	1123	3432
HA|PP755589.1|A/cattle/Texas/24-008749-003/2024(H5N1)	1124	3381
HA|PP755589.1|A/cattle/Texas/24-008749-003/2024(H5N1)	1125	3452
HA|PP755589.1|A/cattle/Texas/24-008749-003/2024(H5N1)	1126	3495
HA|PP755589.1|A/cattle/Texas/24-008749-003/2024(H5N1)	1127	3558
HA|PP755589.1|A/cattle/Texas/24-008749-003/2024(H5N1)	1128	3600
HA|PP755589.1|A/cattle/Texas/24-008749-003/2024(H5N1)	1129	3570
HA|PP755589.1|A/cattle/Texas/24-008749-003/2024(H5N1)	1130	3683
HA|PP755589.1|A/cattle/Texas/24-008749-003/2024(H5N1)	1131	3774
HA|PP755589.1|A/cattle/Texas/24-008749-003/2024(H5N1)	1132	3836
HA|PP755589.1|A/cattle/Texas/24-008749-003/2024(H5N1)	1133	3868
HA|PP755589.1|A/cattle/Texas/24-008749-003/2024(H5N1)	1134	3860
HA|PP755589.1|A/cattle/Texas/24-008749-003/2024(H5N1)	1135	3840
HA|PP755589.1|A/cattle/Texas/24-008749-003/2024(H5N1)	1136	3830
HA|PP755589.1|A/cattle/Texas/24-008749-003/2024(H5N1)	1137	3838
HA|PP755589.1|A/cattle/Texas/24-008749-003/2024(H5N1)	1138	3854
HA|PP755589.1|A/cattle/Texas/24-008749-003/2024(H5N1)	1139	3861
HA|PP755589.1|A/cattle/Texas/24-008749-003/2024(H5N1)	1140	3779
HA|PP755589.1|A/cattle/Texas/24-008749-003/2024(H5N1)	1141	3802
HA|PP755589.1|A/cattle/Texas/24-008749-003/2024(H5N1)	1142	3800
HA|PP755589.1|A/cattle/Texas/24-008749-003/2024(H5N1)	1143	3820
HA|PP755589.1|A/cattle/Texas/24-008749-003/2024(H5N1)	1144	3893
HA|PP755589.1|A/cattle/Texas/24-008749-003/2024(H5N1)	1145	3895
HA|PP755589.1|A/cattle/Texas/24-008749-003/2024(H5N1)	1146	3959
HA|PP755589.1|A/cattle/Texas/24-008749-003/2024(H5N1)	1147	3944
HA|PP755589.1|A/cattle/Texas/24-008749-003/2024(H5N1)	1148	3948
HA|PP755589.1|A/cattle/Texas/24-008749-003/2024(H5N1)	1149	3947
HA|PP755589.1|A/cattle/Texas/24-008749-003/2024(H5N1)	1150	3992
HA|PP755589.1|A/cattle/Texas/24-008749-003/2024(H5N1)	1151	3994
HA|PP755589.1|A/cattle/Texas/24-008749-003/2024(H5N1)	1152	3993
HA|PP755589.1|A/cattle/Texas/24-008749-003/2024(H5N1)	1153	3999
HA|PP755589.1|A/cattle/Texas/24-008749-003/2024(H5N1)	1154	3993
HA|PP755589.1|A/cattle/Texas/24-008749-003/2024(H5N1)	1155	3970
HA|PP755589.1|A/cattle/Texas/24-008749-003/2024(H5N1)	1156	3983
HA|PP755589.1|A/cattle/Texas/24-008749-003/2024(H5N1)	1157	4024
HA|PP755589.1|A/cattle/Texas/24-008749-003/2024(H5N1)	1158	4023
HA|PP755589.1|A/cattle/Texas/24-008749-003/2024(H5N1)	1159	4019
HA|PP755589.1|A/cattle/Texas/24-008749-003/2024(H5N1)	1160	4018
HA|PP755589.1|A/cattle/Texas/24-008749-003/2024(H5N1)	1161	4033
HA|PP755589.1|A/cattle/Texas/24-008749-003/2024(H5N1)	1162	4033
HA|PP755589.1|A/cattle/Texas/24-008749-003/2024(H5N1)	1163	4061
HA|PP755589.1|A/cattle/Texas/24-008749-003/2024(H5N1)	1164	4102
HA|PP755589.1|A/cattle/Texas/24-008749-003/2024(H5N1)	1165	4184
HA|PP755589.1|A/cattle/Texas/24-008749-003/2024(H5N1)	1166	4192
HA|PP755589.1|A/cattle/Texas/24-008749-003/2024(H5N1)	1167	4188
HA|PP755589.1|A/cattle/Texas/24-008749-003/2024(H5N1)	1168	4193
HA|PP755589.1|A/cattle/Texas/24-008749-003/2024(H5N1)	1169	4235
HA|PP755589.1|A/cattle/Texas/24-008749-003/2024(H5N1)	1170	4247
HA|PP755589.1|A/cattle/Texas/24-008749-003/2024(H5N1)	1171	4249
HA|PP755589.1|A/cattle/Texas/24-008749-003/2024(H5N1)	1172	4251
HA|PP755589.1|A/cattle/Texas/24-008749-003/2024(H5N1)	1173	4237
HA|PP755589.1|A/cattle/Texas/24-008749-003/2024(H5N1)	1174	4217
HA|PP755589.1|A/cattle/Texas/24-008749-003/2024(H5N1)	1175	4339
HA|PP755589.1|A/cattle/Texas/24-008749-003/2024(H5N1)	1176	4329
HA|PP755589.1|A/cattle/Texas/24-008749-003/2024(H5N1)	1177	4388
HA|PP755589.1|A/cattle/Texas/24-008749-003/2024(H5N1)	1178	4388
HA|PP755589.1|A/cattle/Texas/24-008749-003/2024(H5N1)	1179	4392
HA|PP755589.1|A/cattle/Texas/24-008749-003/2024(H5N1)	1180	4402
HA|PP755589.1|A/cattle/Texas/24-008749-003/2024(H5N1)	1181	4484
HA|PP755589.1|A/cattle/Texas/24-008749-003/2024(H5N1)	1182	4510
HA|PP755589.1|A/cattle/Texas/24-008749-003/2024(H5N1)	1183	4517
HA|PP755589.1|A/cattle/Texas/24-008749-003/2024(H5N1)	1184	4495
HA|PP755589.1|A/cattle/Texas/24-008749-003/2024(H5N1)	1185	4535
HA|PP755589.1|A/cattle/Texas/24-008749-003/2024(H5N1)	1186	4505
HA|PP755589.1|A/cattle/Texas/24-008749-003/2024(H5N1)	1187	4514
HA|PP755589.1|A/cattle/Texas/24-008749-003/2024(H5N1)	1188	4641
HA|PP755589.1|A/cattle/Texas/24-008749-003/2024(H5N1)	1189	4662
HA|PP755589.1|A/cattle/Texas/24-008749-003/2024(H5N1)	1190	4613
HA|PP755589.1|A/cattle/Texas/24-008749-003/2024(H5N1)	1191	4623
HA|PP755589.1|A/cattle/Texas/24-008749-003/2024(H5N1)	1192	4623
HA|PP755589.1|A/cattle/Texas/24-008749-003/2024(H5N1)	1193	4718
HA|PP755589.1|A/cattle/Texas/24-008749-003/2024(H5N1)	1194	4751
HA|PP755589.1|A/cattle/Texas/24-008749-003/2024(H5N1)	1195	4785
HA|PP755589.1|A/cattle/Texas/24-008749-003/2024(H5N1)	1196	4805
HA|PP755589.1|A/cattle/Texas/24-008749-003/2024(H5N1)	1197	4750
HA|PP755589.1|A/cattle/Texas/24-008749-003/2024(H5N1)	1198	4799
HA|PP755589.1|A/cattle/Texas/24-008749-003/2024(H5N1)	1199	4800
HA|PP755589.1|A/cattle/Texas/24-008749-003/2024(H5N1)	1200	4794
HA|PP755589.1|A/cattle/Texas/24-008749-003/2024(H5N1)	1201	4810
HA|PP755589.1|A/cattle/Texas/24-008749-003/2024(H5N1)	1202	4789
HA|PP755589.1|A/cattle/Texas/24-008749-003/2024(H5N1)	1203	4790
HA|PP755589.1|A/cattle/Texas/24-008749-003/2024(H5N1)	1204	4802
HA|PP755589.1|A/cattle/Texas/24-008749-003/2024(H5N1)	1205	4797
HA|PP755589.1|A/cattle/Texas/24-008749-003/2024(H5N1)	1206	4801
HA|PP755589.1|A/cattle/Texas/24-008749-003/2024(H5N1)	1207	4796
HA|PP755589.1|A/cattle/Texas/24-008749-003/2024(H5N1)	1208	4803
HA|PP755589.1|A/cattle/Texas/24-008749-003/2024(H5N1)	1209	4854
HA|PP755589.1|A/cattle/Texas/24-008749-003/2024(H5N1)	1210	4873
HA|PP755589.1|A/cattle/Texas/24-008749-003/2024(H5N1)	1211	4888
HA|PP755589.1|A/cattle/Texas/24-008749-003/2024(H5N1)	1212	4892
HA|PP755589.1|A/cattle/Texas/24-008749-003/2024(H5N1)	1213	4896
HA|PP755589.1|A/cattle/Texas/24-008749-003/2024(H5N1)	1214	4965
HA|PP755589.1|A/cattle/Texas/24-008749-003/2024(H5N1)	1215	5003
HA|PP755589.1|A/cattle/Texas/24-008749-003/2024(H5N1)	1216	5012
HA|PP755589.1|A/cattle/Texas/24-008749-003/2024(H5N1)	1217	5069
HA|PP755589.1|A/cattle/Texas/24-008749-003/2024(H5N1)	1218	5058
HA|PP755589.1|A/cattle/Texas/24-008749-003/2024(H5N1)	1219	5098
HA|PP755589.1|A/cattle/Texas/24-008749-003/2024(H5N1)	1220	5110
HA|PP755589.1|A/cattle/Texas/24-008749-003/2024(H5N1)	1221	5247
HA|PP755589.1|A/cattle/Texas/24-008749-003/2024(H5N1)	1222	5245
HA|PP755589.1|A/cattle/Texas/24-008749-003/2024(H5N1)	1223	5253
HA|PP755589.1|A/cattle/Texas/24-008749-003/2024(H5N1)	1224	5238
HA|PP755589.1|A/cattle/Texas/24-008749-003/2024(H5N1)	1225	5239
HA|PP755589.1|A/cattle/Texas/24-008749-003/2024(H5N1)	1226	5231
HA|PP755589.1|A/cattle/Texas/24-008749-003/2024(H5N1)	1227	5191
HA|PP755589.1|A/cattle/Texas/24-008749-003/2024(H5N1)	1228	5235
HA|PP755589.1|A/cattle/Texas/24-008749-003/2024(H5N1)	1229	5263
HA|PP755589.1|A/cattle/Texas/24-008749-003/2024(H5N1)	1230	5232
HA|PP755589.1|A/cattle/Texas/24-008749-003/2024(H5N1)	1231	5458
HA|PP755589.1|A/cattle/Texas/24-008749-003/2024(H5N1)	1232	5469
HA|PP755589.1|A/cattle/Texas/24-008749-003/2024(H5N1)	1233	5483
HA|PP755589.1|A/cattle/Texas/24-008749-003/2024(H5N1)	1234	5484
HA|PP755589.1|A/cattle/Texas/24-008749-003/2024(H5N1)	1235	5510
HA|PP755589.1|A/cattle/Texas/24-008749-003/2024(H5N1)	1236	5510
HA|PP755589.1|A/cattle/Texas/24-008749-003/2024(H5N1)	1237	5513
HA|PP755589.1|A/cattle/Texas/24-008749-003/2024(H5N1)	1238	5512
HA|PP755589.1|A/cattle/Texas/24-008749-003/2024(H5N1)	1239	5518
HA|PP755589.1|A/cattle/Texas/24-008749-003/2024(H5N1)	1240	5607
HA|PP755589.1|A/cattle/Texas/24-008749-003/2024(H5N1)	1241	5520
HA|PP755589.1|A/cattle/Texas/24-008749-003/2024(H5N1)	1242	5560
HA|PP755589.1|A/cattle/Texas/24-008749-003/2024(H5N1)	1243	5569
HA|PP755589.1|A/cattle/Texas/24-008749-003/2024(H5N1)	1244	5571
HA|PP755589.1|A/cattle/Texas/24-008749-003/2024(H5N1)	1245	5587
HA|PP755589.1|A/cattle/Texas/24-008749-003/2024(H5N1)	1246	5587
HA|PP755589.1|A/cattle/Texas/24-008749-003/2024(H5N1)	1247	5583
HA|PP755589.1|A/cattle/Texas/24-008749-003/2024(H5N1)	1248	5581
HA|PP755589.1|A/cattle/Texas/24-008749-003/2024(H5N1)	1249	5545
HA|PP755589.1|A/cattle/Texas/24-008749-003/2024(H5N1)	1250	5585
HA|PP755589.1|A/cattle/Texas/24-008749-003/2024(H5N1)	1251	5615
HA|PP755589.1|A/cattle/Texas/24-008749-003/2024(H5N1)	1252	5631
HA|PP755589.1|A/cattle/Texas/24-008749-003/2024(H5N1)	1253	5630
HA|PP755589.1|A/cattle/Texas/24-008749-003/2024(H5N1)	1254	5626
HA|PP755589.1|A/cattle/Texas/24-008749-003/2024(H5N1)	1255	5646
HA|PP755589.1|A/cattle/Texas/24-008749-003/2024(H5N1)	1256	5647
HA|PP755589.1|A/cattle/Texas/24-008749-003/2024(H5N1)	1257	5703
HA|PP755589.1|A/cattle/Texas/24-008749-003/2024(H5N1)	1258	5702
HA|PP755589.1|A/cattle/Texas/24-008749-003/2024(H5N1)	1259	5718
HA|PP755589.1|A/cattle/Texas/24-008749-003/2024(H5N1)	1260	5723
HA|PP755589.1|A/cattle/Texas/24-008749-003/2024(H5N1)	1261	5713
HA|PP755589.1|A/cattle/Texas/24-008749-003/2024(H5N1)	1262	5816
HA|PP755589.1|A/cattle/Texas/24-008749-003/2024(H5N1)	1263	5823
HA|PP755589.1|A/cattle/Texas/24-008749-003/2024(H5N1)	1264	5812
HA|PP755589.1|A/cattle/Texas/24-008749-003/2024(H5N1)	1265	5814
HA|PP755589.1|A/cattle/Texas/24-008749-003/2024(H5N1)	1266	5805
HA|PP755589.1|A/cattle/Texas/24-008749-003/2024(H5N1)	1267	5811
HA|PP755589.1|A/cattle/Texas/24-008749-003/2024(H5N1)	1268	5785
HA|PP755589.1|A/cattle/Texas/24-008749-003/2024(H5N1)	1269	5806
HA|PP755589.1|A/cattle/Texas/24-008749-003/2024(H5N1)	1270	5795
HA|PP755589.1|A/cattle/Texas/24-008749-003/2024(H5N1)	1271	5735
HA|PP755589.1|A/cattle/Texas/24-008749-003/2024(H5N1)	1272	5730
HA|PP755589.1|A/cattle/Texas/24-008749-003/2024(H5N1)	1273	5730
HA|PP755589.1|A/cattle/Texas/24-008749-003/2024(H5N1)	1274	5767
HA|PP755589.1|A/cattle/Texas/24-008749-003/2024(H5N1)	1275	5772
HA|PP755589.1|A/cattle/Texas/24-008749-003/2024(H5N1)	1276	5771
HA|PP755589.1|A/cattle/Texas/24-008749-003/2024(H5N1)	1277	5768
HA|PP755589.1|A/cattle/Texas/24-008749-003/2024(H5N1)	1278	5772
HA|PP755589.1|A/cattle/Texas/24-008749-003/2024(H5N1)	1279	5763
HA|PP755589.1|A/cattle/Texas/24-008749-003/2024(H5N1)	1280	5786
HA|PP755589.1|A/cattle/Texas/24-008749-003/2024(H5N1)	1281	5799
HA|PP755589.1|A/cattle/Texas/24-008749-003/2024(H5N1)	1282	5825
HA|PP755589.1|A/cattle/Texas/24-008749-003/2024(H5N1)	1283	5880
HA|PP755589.1|A/cattle/Texas/24-008749-003/2024(H5N1)	1284	5881
HA|PP755589.1|A/cattle/Texas/24-008749-003/2024(H5N1)	1285	5909
HA|PP755589.1|A/cattle/Texas/24-008749-003/2024(H5N1)	1286	5909
HA|PP755589.1|A/cattle/Texas/24-008749-003/2024(H5N1)	1287	5906
HA|PP755589.1|A/cattle/Texas/24-008749-003/2024(H5N1)	1288	5915
HA|PP755589.1|A/cattle/Texas/24-008749-003/2024(H5N1)	1289	5932
HA|PP755589.1|A/cattle/Texas/24-008749-003/2024(H5N1)	1290	5925
HA|PP755589.1|A/cattle/Texas/24-008749-003/2024(H5N1)	1291	5925
HA|PP755589.1|A/cattle/Texas/24-008749-003/2024(H5N1)	1292	5936
HA|PP755589.1|A/cattle/Texas/24-008749-003/2024(H5N1)	1293	5940
HA|PP755589.1|A/cattle/Texas/24-008749-003/2024(H5N1)	1294	5925
HA|PP755589.1|A/cattle/Texas/24-008749-003/2024(H5N1)	1295	6000
HA|PP755589.1|A/cattle/Texas/24-008749-003/2024(H5N1)	1296	6008
HA|PP755589.1|A/cattle/Texas/24-008749-003/2024(H5N1)	1297	6019
HA|PP755589.1|A/cattle/Texas/24-008749-003/2024(H5N1)	1298	6099
HA|PP755589.1|A/cattle/Texas/24-008749-003/2024(H5N1)	1299	6127
HA|PP755589.1|A/cattle/Texas/24-008749-003/2024(H5N1)	1300	6119
HA|PP755589.1|A/cattle/Texas/24-008749-003/2024(H5N1)	1301	6119
HA|PP755589.1|A/cattle/Texas/24-008749-003/2024(H5N1)	1302	6119
HA|PP755589.1|A/cattle/Texas/24-008749-003/2024(H5N1)	1303	6125
HA|PP755589.1|A/cattle/Texas/24-008749-003/2024(H5N1)	1304	6113
HA|PP755589.1|A/cattle/Texas/24-008749-003/2024(H5N1)	1305	6240
HA|PP755589.1|A/cattle/Texas/24-008749-003/2024(H5N1)	1306	6252
HA|PP755589.1|A/cattle/Texas/24-008749-003/2024(H5N1)	1307	6206
HA|PP755589.1|A/cattle/Texas/24-008749-003/2024(H5N1)	1308	6200
HA|PP755589.1|A/cattle/Texas/24-008749-003/2024(H5N1)	1309	6190
HA|PP755589.1|A/cattle/Texas/24-008749-003/2024(H5N1)	1310	6228
HA|PP755589.1|A/cattle/Texas/24-008749-003/2024(H5N1)	1311	6291
HA|PP755589.1|A/cattle/Texas/24-008749-003/2024(H5N1)	1312	6300
HA|PP755589.1|A/cattle/Texas/24-008749-003/2024(H5N1)	1313	6335
HA|PP755589.1|A/cattle/Texas/24-008749-003/2024(H5N1)	1314	6426
HA|PP755589.1|A/cattle/Texas/24-008749-003/2024(H5N1)	1315	6441
HA|PP755589.1|A/cattle/Texas/24-008749-003/2024(H5N1)	1316	6443
HA|PP755589.1|A/cattle/Texas/24-008749-003/2024(H5N1)	1317	6451
HA|PP755589.1|A/cattle/Texas/24-008749-003/2024(H5N1)	1318	6450
HA|PP755589.1|A/cattle/Texas/24-008749-003/2024(H5N1)	1319	6518
HA|PP755589.1|A/cattle/Texas/24-008749-003/2024(H5N1)	1320	6472
HA|PP755589.1|A/cattle/Texas/24-008749-003/2024(H5N1)	1321	6481
HA|PP755589.1|A/cattle/Texas/24-008749-003/2024(H5N1)	1322	6472
HA|PP755589.1|A/cattle/Texas/24-008749-003/2024(H5N1)	1323	6356
HA|PP755589.1|A/cattle/Texas/24-008749-003/2024(H5N1)	1324	6369
HA|PP755589.1|A/cattle/Texas/24-008749-003/2024(H5N1)	1325	6376
HA|PP755589.1|A/cattle/Texas/24-008749-003/2024(H5N1)	1326	6377
HA|PP755589.1|A/cattle/Texas/24-008749-003/2024(H5N1)	1327	6457
HA|PP755589.1|A/cattle/Texas/24-008749-003/2024(H5N1)	1328	6418
HA|PP755589.1|A/cattle/Texas/24-008749-003/2024(H5N1)	1329	6425
HA|PP755589.1|A/cattle/Texas/24-008749-003/2024(H5N1)	1330	6468
HA|PP755589.1|A/cattle/Texas/24-008749-003/2024(H5N1)	1331	6492
HA|PP755589.1|A/cattle/Texas/24-008749-003/2024(H5N1)	1332	6492
HA|PP755589.1|A/cattle/Texas/24-008749-003/2024(H5N1)	1333	6490
HA|PP755589.1|A/cattle/Texas/24-008749-003/2024(H5N1)	1334	6493
HA|PP755589.1|A/cattle/Texas/24-008749-003/2024(H5N1)	1335	6492
HA|PP755589.1|A/cattle/Texas/24-008749-003/2024(H5N1)	1336	6454
HA|PP755589.1|A/cattle/Texas/24-008749-003/2024(H5N1)	1337	6442
HA|PP755589.1|A/cattle/Texas/24-008749-003/2024(H5N1)	1338	6449
HA|PP755589.1|A/cattle/Texas/24-008749-003/2024(H5N1)	1339	6448
HA|PP755589.1|A/cattle/Texas/24-008749-003/2024(H5N1)	1340	6465
HA|PP755589.1|A/cattle/Texas/24-008749-003/2024(H5N1)	1341	6447
HA|PP755589.1|A/cattle/Texas/24-008749-003/2024(H5N1)	1342	6465
HA|PP755589.1|A/cattle/Texas/24-008749-003/2024(H5N1)	1343	6467
HA|PP755589.1|A/cattle/Texas/24-008749-003/2024(H5N1)	1344	6479
HA|PP755589.1|A/cattle/Texas/24-008749-003/2024(H5N1)	1345	6479
HA|PP755589.1|A/cattle/Texas/24-008749-003/2024(H5N1)	1346	6516
HA|PP755589.1|A/cattle/Texas/24-008749-003/2024(H5N1)	1347	6550
HA|PP755589.1|A/cattle/Texas/24-008749-003/2024(H5N1)	1348	6546
HA|PP755589.1|A/cattle/Texas/24-008749-003/2024(H5N1)	1349	6534
HA|PP755589.1|A/cattle/Texas/24-008749-003/2024(H5N1)	1350	6531
HA|PP755589.1|A/cattle/Texas/24-008749-003/2024(H5N1)	1351	6507
HA|PP755589.1|A/cattle/Texas/24-008749-003/2024(H5N1)	1352	6542
HA|PP755589.1|A/cattle/Texas/24-008749-003/2024(H5N1)	1353	6578
HA|PP755589.1|A/cattle/Texas/24-008749-003/2024(H5N1)	1354	6596
HA|PP755589.1|A/cattle/Texas/24-008749-003/2024(H5N1)	1355	6708
HA|PP755589.1|A/cattle/Texas/24-008749-003/2024(H5N1)	1356	6701
HA|PP755589.1|A/cattle/Texas/24-008749-003/2024(H5N1)	1357	6599
HA|PP755589.1|A/cattle/Texas/24-008749-003/2024(H5N1)	1358	6607
HA|PP755589.1|A/cattle/Texas/24-008749-003/2024(H5N1)	1359	6632
HA|PP755589.1|A/cattle/Texas/24-008749-003/2024(H5N1)	1360	6622
HA|PP755589.1|A/cattle/Texas/24-008749-003/2024(H5N1)	1361	6629
HA|PP755589.1|A/cattle/Texas/24-008749-003/2024(H5N1)	1362	6631
HA|PP755589.1|A/cattle/Texas/24-008749-003/2024(H5N1)	1363	6628
HA|PP755589.1|A/cattle/Texas/24-008749-003/2024(H5N1)	1364	6490
HA|PP755589.1|A/cattle/Texas/24-008749-003/2024(H5N1)	1365	6513
HA|PP755589.1|A/cattle/Texas/24-008749-003/2024(H5N1)	1366	6499
HA|PP755589.1|A/cattle/Texas/24-008749-003/2024(H5N1)	1367	6499
HA|PP755589.1|A/cattle/Texas/24-008749-003/2024(H5N1)	1368	6479
HA|PP755589.1|A/cattle/Texas/24-008749-003/2024(H5N1)	1369	6471
HA|PP755589.1|A/cattle/Texas/24-008749-003/2024(H5N1)	1370	6575
HA|PP755589.1|A/cattle/Texas/24-008749-003/2024(H5N1)	1371	6571
HA|PP755589.1|A/cattle/Texas/24-008749-003/2024(H5N1)	1372	6570
HA|PP755589.1|A/cattle/Texas/24-008749-003/2024(H5N1)	1373	6574
HA|PP755589.1|A/cattle/Texas/24-008749-003/2024(H5N1)	1374	6576
HA|PP755589.1|A/cattle/Texas/24-008749-003/2024(H5N1)	1375	6631
HA|PP755589.1|A/cattle/Texas/24-008749-003/2024(H5N1)	1376	6637
HA|PP755589.1|A/cattle/Texas/24-008749-003/2024(H5N1)	1377	6632
HA|PP755589.1|A/cattle/Texas/24-008749-003/2024(H5N1)	1378	6723
HA|PP755589.1|A/cattle/Texas/24-008749-003/2024(H5N1)	1379	6671
HA|PP755589.1|A/cattle/Texas/24-008749-003/2024(H5N1)	1380	6665
HA|PP755589.1|A/cattle/Texas/24-008749-003/2024(H5N1)	1381	6669
HA|PP755589.1|A/cattle/Texas/24-008749-003/2024(H5N1)	1382	6666
HA|PP755589.1|A/cattle/Texas/24-008749-003/2024(H5N1)	1383	6662
HA|PP755589.1|A/cattle/Texas/24-008749-003/2024(H5N1)	1384	6712
HA|PP755589.1|A/cattle/Texas/24-008749-003/2024(H5N1)	1385	6713
HA|PP755589.1|A/cattle/Texas/24-008749-003/2024(H5N1)	1386	6788
HA|PP755589.1|A/cattle/Texas/24-008749-003/2024(H5N1)	1387	6731
HA|PP755589.1|A/cattle/Texas/24-008749-003/2024(H5N1)	1388	6664
HA|PP755589.1|A/cattle/Texas/24-008749-003/2024(H5N1)	1389	6702
HA|PP755589.1|A/cattle/Texas/24-008749-003/2024(H5N1)	1390	6700
HA|PP755589.1|A/cattle/Texas/24-008749-003/2024(H5N1)	1391	6703
HA|PP755589.1|A/cattle/Texas/24-008749-003/2024(H5N1)	1392	6699
HA|PP755589.1|A/cattle/Texas/24-008749-003/2024(H5N1)	1393	6694
HA|PP755589.1|A/cattle/Texas/24-008749-003/2024(H5N1)	1394	6683
HA|PP755589.1|A/cattle/Texas/24-008749-003/2024(H5N1)	1395	6664
HA|PP755589.1|A/cattle/Texas/24-008749-003/2024(H5N1)	1396	6562
HA|PP755589.1|A/cattle/Texas/24-008749-003/2024(H5N1)	1397	6577
HA|PP755589.1|A/cattle/Texas/24-008749-003/2024(H5N1)	1398	6581
HA|PP755589.1|A/cattle/Texas/24-008749-003/2024(H5N1)	1399	6616
HA|PP755589.1|A/cattle/Texas/24-008749-003/2024(H5N1)	1400	6625
HA|PP755589.1|A/cattle/Texas/24-008749-003/2024(H5N1)	1401	6614
HA|PP755589.1|A/cattle/Texas/24-008749-003/2024(H5N1)	1402	6590
HA|PP755589.1|A/cattle/Texas/24-008749-003/2024(H5N1)	1403	6722
HA|PP755589.1|A/cattle/Texas/24-008749-003/2024(H5N1)	1404	6713
HA|PP755589.1|A/cattle/Texas/24-008749-003/2024(H5N1)	1405	6724
HA|PP755589.1|A/cattle/Texas/24-008749-003/2024(H5N1)	1406	6725
HA|PP755589.1|A/cattle/Texas/24-008749-003/2024(H5N1)	1407	6687
HA|PP755589.1|A/cattle/Texas/24-008749-003/2024(H5N1)	1408	6669
HA|PP755589.1|A/cattle/Texas/24-008749-003/2024(H5N1)	1409	6609
HA|PP755589.1|A/cattle/Texas/24-008749-003/2024(H5N1)	1410	6805
HA|PP755589.1|A/cattle/Texas/24-008749-003/2024(H5N1)	1411	6813
HA|PP755589.1|A/cattle/Texas/24-008749-003/2024(H5N1)	1412	6680
HA|PP755589.1|A/cattle/Texas/24-008749-003/2024(H5N1)	1413	6683
HA|PP755589.1|A/cattle/Texas/24-008749-003/2024(H5N1)	1414	6659
HA|PP755589.1|A/cattle/Texas/24-008749-003/2024(H5N1)	1415	6559
HA|PP755589.1|A/cattle/Texas/24-008749-003/2024(H5N1)	1416	6610
HA|PP755589.1|A/cattle/Texas/24-008749-003/2024(H5N1)	1417	6592
HA|PP755589.1|A/cattle/Texas/24-008749-003/2024(H5N1)	1418	6586
HA|PP755589.1|A/cattle/Texas/24-008749-003/2024(H5N1)	1419	6362
HA|PP755589.1|A/cattle/Texas/24-008749-003/2024(H5N1)	1420	6332
HA|PP755589.1|A/cattle/Texas/24-008749-003/2024(H5N1)	1421	6532
HA|PP755589.1|A/cattle/Texas/24-008749-003/2024(H5N1)	1422	6535
HA|PP755589.1|A/cattle/Texas/24-008749-003/2024(H5N1)	1423	6510
HA|PP755589.1|A/cattle/Texas/24-008749-003/2024(H5N1)	1424	6497
HA|PP755589.1|A/cattle/Texas/24-008749-003/2024(H5N1)	1425	6410
HA|PP755589.1|A/cattle/Texas/24-008749-003/2024(H5N1)	1426	6405
HA|PP755589.1|A/cattle/Texas/24-008749-003/2024(H5N1)	1427	6396
HA|PP755589.1|A/cattle/Texas/24-008749-003/2024(H5N1)	1428	6390
HA|PP755589.1|A/cattle/Texas/24-008749-003/2024(H5N1)	1429	6452
HA|PP755589.1|A/cattle/Texas/24-008749-003/2024(H5N1)	1430	6209
HA|PP755589.1|A/cattle/Texas/24-008749-003/2024(H5N1)	1431	6180
HA|PP755589.1|A/cattle/Texas/24-008749-003/2024(H5N1)	1432	6149
HA|PP755589.1|A/cattle/Texas/24-008749-003/2024(H5N1)	1433	6161
HA|PP755589.1|A/cattle/Texas/24-008749-003/2024(H5N1)	1434	6322
HA|PP755589.1|A/cattle/Texas/24-008749-003/2024(H5N1)	1435	6366
HA|PP755589.1|A/cattle/Texas/24-008749-003/2024(H5N1)	1436	6369
HA|PP755589.1|A/cattle/Texas/24-008749-003/2024(H5N1)	1437	6364
HA|PP755589.1|A/cattle/Texas/24-008749-003/2024(H5N1)	1438	6294
HA|PP755589.1|A/cattle/Texas/24-008749-003/2024(H5N1)	1439	6290
HA|PP755589.1|A/cattle/Texas/24-008749-003/2024(H5N1)	1440	6292
HA|PP755589.1|A/cattle/Texas/24-008749-003/2024(H5N1)	1441	6291
HA|PP755589.1|A/cattle/Texas/24-008749-003/2024(H5N1)	1442	6286
HA|PP755589.1|A/cattle/Texas/24-008749-003/2024(H5N1)	1443	6152
HA|PP755589.1|A/cattle/Texas/24-008749-003/2024(H5N1)	1444	6096
HA|PP755589.1|A/cattle/Texas/24-008749-003/2024(H5N1)	1445	6120
HA|PP755589.1|A/cattle/Texas/24-008749-003/2024(H5N1)	1446	6119
HA|PP755589.1|A/cattle/Texas/24-008749-003/2024(H5N1)	1447	6390
HA|PP755589.1|A/cattle/Texas/24-008749-003/2024(H5N1)	1448	6392
HA|PP755589.1|A/cattle/Texas/24-008749-003/2024(H5N1)	1449	6379
HA|PP755589.1|A/cattle/Texas/24-008749-003/2024(H5N1)	1450	6388
HA|PP755589.1|A/cattle/Texas/24-008749-003/2024(H5N1)	1451	6386
HA|PP755589.1|A/cattle/Texas/24-008749-003/2024(H5N1)	1452	6411
HA|PP755589.1|A/cattle/Texas/24-008749-003/2024(H5N1)	1453	6426
HA|PP755589.1|A/cattle/Texas/24-008749-003/2024(H5N1)	1454	6389
HA|PP755589.1|A/cattle/Texas/24-008749-003/2024(H5N1)	1455	6388
HA|PP755589.1|A/cattle/Texas/24-008749-003/2024(H5N1)	1456	6365
HA|PP755589.1|A/cattle/Texas/24-008749-003/2024(H5N1)	1457	6365
HA|PP755589.1|A/cattle/Texas/24-008749-003/2024(H5N1)	1458	6357
HA|PP755589.1|A/cattle/Texas/24-008749-003/2024(H5N1)	1459	6356
HA|PP755589.1|A/cattle/Texas/24-008749-003/2024(H5N1)	1460	6356
HA|PP755589.1|A/cattle/Texas/24-008749-003/2024(H5N1)	1461	6361
HA|PP755589.1|A/cattle/Texas/24-008749-003/2024(H5N1)	1462	6343
HA|PP755589.1|A/cattle/Texas/24-008749-003/2024(H5N1)	1463	6341
HA|PP755589.1|A/cattle/Texas/24-008749-003/2024(H5N1)	1464	6332
HA|PP755589.1|A/cattle/Texas/24-008749-003/2024(H5N1)	1465	6324
HA|PP755589.1|A/cattle/Texas/24-008749-003/2024(H5N1)	1466	6325
HA|PP755589.1|A/cattle/Texas/24-008749-003/2024(H5N1)	1467	6312
HA|PP755589.1|A/cattle/Texas/24-008749-003/2024(H5N1)	1468	6321
HA|PP755589.1|A/cattle/Texas/24-008749-003/2024(H5N1)	1469	6313
HA|PP755589.1|A/cattle/Texas/24-008749-003/2024(H5N1)	1470	6315
HA|PP755589.1|A/cattle/Texas/24-008749-003/2024(H5N1)	1471	6317
HA|PP755589.1|A/cattle/Texas/24-008749-003/2024(H5N1)	1472	6315
HA|PP755589.1|A/cattle/Texas/24-008749-003/2024(H5N1)	1473	6295
HA|PP755589.1|A/cattle/Texas/24-008749-003/2024(H5N1)	1474	6301
HA|PP755589.1|A/cattle/Texas/24-008749-003/2024(H5N1)	1475	6271
HA|PP755589.1|A/cattle/Texas/24-008749-003/2024(H5N1)	1476	6231
HA|PP755589.1|A/cattle/Texas/24-008749-003/2024(H5N1)	1477	6257
HA|PP755589.1|A/cattle/Texas/24-008749-003/2024(H5N1)	1478	6254
HA|PP755589.1|A/cattle/Texas/24-008749-003/2024(H5N1)	1479	6283
HA|PP755589.1|A/cattle/Texas/24-008749-003/2024(H5N1)	1480	6288
HA|PP755589.1|A/cattle/Texas/24-008749-003/2024(H5N1)	1481	6290
HA|PP755589.1|A/cattle/Texas/24-008749-003/2024(H5N1)	1482	6262
HA|PP755589.1|A/cattle/Texas/24-008749-003/2024(H5N1)	1483	6260
HA|PP755589.1|A/cattle/Texas/24-008749-003/2024(H5N1)	1484	6242
HA|PP755589.1|A/cattle/Texas/24-008749-003/2024(H5N1)	1485	6216
HA|PP755589.1|A/cattle/Texas/24-008749-003/2024(H5N1)	1486	6116
HA|PP755589.1|A/cattle/Texas/24-008749-003/2024(H5N1)	1487	6198
HA|PP755589.1|A/cattle/Texas/24-008749-003/2024(H5N1)	1488	6149
HA|PP755589.1|A/cattle/Texas/24-008749-003/2024(H5N1)	1489	6106
HA|PP755589.1|A/cattle/Texas/24-008749-003/2024(H5N1)	1490	6092
HA|PP755589.1|A/cattle/Texas/24-008749-003/2024(H5N1)	1491	6096
HA|PP755589.1|A/cattle/Texas/24-008749-003/2024(H5N1)	1492	6092
HA|PP755589.1|A/cattle/Texas/24-008749-003/2024(H5N1)	1493	6113
HA|PP755589.1|A/cattle/Texas/24-008749-003/2024(H5N1)	1494	6093
HA|PP755589.1|A/cattle/Texas/24-008749-003/2024(H5N1)	1495	6071
HA|PP755589.1|A/cattle/Texas/24-008749-003/2024(H5N1)	1496	5996
HA|PP755589.1|A/cattle/Texas/24-008749-003/2024(H5N1)	1497	5988
HA|PP755589.1|A/cattle/Texas/24-008749-003/2024(H5N1)	1498	5984
HA|PP755589.1|A/cattle/Texas/24-008749-003/2024(H5N1)	1499	5979
HA|PP755589.1|A/cattle/Texas/24-008749-003/2024(H5N1)	1500	5973
HA|PP755589.1|A/cattle/Texas/24-008749-003/2024(H5N1)	1501	6037
HA|PP755589.1|A/cattle/Texas/24-008749-003/2024(H5N1)	1502	6024
HA|PP755589.1|A/cattle/Texas/24-008749-003/2024(H5N1)	1503	6039
HA|PP755589.1|A/cattle/Texas/24-008749-003/2024(H5N1)	1504	6050
HA|PP755589.1|A/cattle/Texas/24-008749-003/2024(H5N1)	1505	6045
HA|PP755589.1|A/cattle/Texas/24-008749-003/2024(H5N1)	1506	6188
HA|PP755589.1|A/cattle/Texas/24-008749-003/2024(H5N1)	1507	6181
HA|PP755589.1|A/cattle/Texas/24-008749-003/2024(H5N1)	1508	6162
HA|PP755589.1|A/cattle/Texas/24-008749-003/2024(H5N1)	1509	6145
HA|PP755589.1|A/cattle/Texas/24-008749-003/2024(H5N1)	1510	6069
HA|PP755589.1|A/cattle/Texas/24-008749-003/2024(H5N1)	1511	6076
HA|PP755589.1|A/cattle/Texas/24-008749-003/2024(H5N1)	1512	6061
HA|PP755589.1|A/cattle/Texas/24-008749-003/2024(H5N1)	1513	6060
HA|PP755589.1|A/cattle/Texas/24-008749-003/2024(H5N1)	1514	6044
HA|PP755589.1|A/cattle/Texas/24-008749-003/2024(H5N1)	1515	5875
HA|PP755589.1|A/cattle/Texas/24-008749-003/2024(H5N1)	1516	5874
HA|PP755589.1|A/cattle/Texas/24-008749-003/2024(H5N1)	1517	5862
HA|PP755589.1|A/cattle/Texas/24-008749-003/2024(H5N1)	1518	5964
HA|PP755589.1|A/cattle/Texas/24-008749-003/2024(H5N1)	1519	5965
HA|PP755589.1|A/cattle/Texas/24-008749-003/2024(H5N1)	1520	5926
HA|PP755589.1|A/cattle/Texas/24-008749-003/2024(H5N1)	1521	5911
HA|PP755589.1|A/cattle/Texas/24-008749-003/2024(H5N1)	1522	5799
HA|PP755589.1|A/cattle/Texas/24-008749-003/2024(H5N1)	1523	5799
HA|PP755589.1|A/cattle/Texas/24-008749-003/2024(H5N1)	1524	5771
HA|PP755589.1|A/cattle/Texas/24-008749-003/2024(H5N1)	1525	5801
HA|PP755589.1|A/cattle/Texas/24-008749-003/2024(H5N1)	1526	5795
HA|PP755589.1|A/cattle/Texas/24-008749-003/2024(H5N1)	1527	5621
HA|PP755589.1|A/cattle/Texas/24-008749-003/2024(H5N1)	1528	5618
HA|PP755589.1|A/cattle/Texas/24-008749-003/2024(H5N1)	1529	5557
HA|PP755589.1|A/cattle/Texas/24-008749-003/2024(H5N1)	1530	5555
HA|PP755589.1|A/cattle/Texas/24-008749-003/2024(H5N1)	1531	5494
HA|PP755589.1|A/cattle/Texas/24-008749-003/2024(H5N1)	1532	5466
HA|PP755589.1|A/cattle/Texas/24-008749-003/2024(H5N1)	1533	5464
HA|PP755589.1|A/cattle/Texas/24-008749-003/2024(H5N1)	1534	5442
HA|PP755589.1|A/cattle/Texas/24-008749-003/2024(H5N1)	1535	5433
HA|PP755589.1|A/cattle/Texas/24-008749-003/2024(H5N1)	1536	5453
HA|PP755589.1|A/cattle/Texas/24-008749-003/2024(H5N1)	1537	5457
HA|PP755589.1|A/cattle/Texas/24-008749-003/2024(H5N1)	1538	5441
HA|PP755589.1|A/cattle/Texas/24-008749-003/2024(H5N1)	1539	5437
HA|PP755589.1|A/cattle/Texas/24-008749-003/2024(H5N1)	1540	5434
HA|PP755589.1|A/cattle/Texas/24-008749-003/2024(H5N1)	1541	5405
HA|PP755589.1|A/cattle/Texas/24-008749-003/2024(H5N1)	1542	5405
HA|PP755589.1|A/cattle/Texas/24-008749-003/2024(H5N1)	1543	5358
HA|PP755589.1|A/cattle/Texas/24-008749-003/2024(H5N1)	1544	5366
HA|PP755589.1|A/cattle/Texas/24-008749-003/2024(H5N1)	1545	5329
HA|PP755589.1|A/cattle/Texas/24-008749-003/2024(H5N1)	1546	5328
HA|PP755589.1|A/cattle/Texas/24-008749-003/2024(H5N1)	1547	5328
HA|PP755589.1|A/cattle/Texas/24-008749-003/2024(H5N1)	1548	5328
HA|PP755589.1|A/cattle/Texas/24-008749-003/2024(H5N1)	1549	5400
HA|PP755589.1|A/cattle/Texas/24-008749-003/2024(H5N1)	1550	5399
HA|PP755589.1|A/cattle/Texas/24-008749-003/2024(H5N1)	1551	5391
HA|PP755589.1|A/cattle/Texas/24-008749-003/2024(H5N1)	1552	5371
HA|PP755589.1|A/cattle/Texas/24-008749-003/2024(H5N1)	1553	5341
HA|PP755589.1|A/cattle/Texas/24-008749-003/2024(H5N1)	1554	5340
HA|PP755589.1|A/cattle/Texas/24-008749-003/2024(H5N1)	1555	5329
HA|PP755589.1|A/cattle/Texas/24-008749-003/2024(H5N1)	1556	5317
HA|PP755589.1|A/cattle/Texas/24-008749-003/2024(H5N1)	1557	5308
HA|PP755589.1|A/cattle/Texas/24-008749-003/2024(H5N1)	1558	5219
HA|PP755589.1|A/cattle/Texas/24-008749-003/2024(H5N1)	1559	5231
HA|PP755589.1|A/cattle/Texas/24-008749-003/2024(H5N1)	1560	5208
HA|PP755589.1|A/cattle/Texas/24-008749-003/2024(H5N1)	1561	5204
HA|PP755589.1|A/cattle/Texas/24-008749-003/2024(H5N1)	1562	5198
HA|PP755589.1|A/cattle/Texas/24-008749-003/2024(H5N1)	1563	5156
HA|PP755589.1|A/cattle/Texas/24-008749-003/2024(H5N1)	1564	5159
HA|PP755589.1|A/cattle/Texas/24-008749-003/2024(H5N1)	1565	5154
HA|PP755589.1|A/cattle/Texas/24-008749-003/2024(H5N1)	1566	5156
HA|PP755589.1|A/cattle/Texas/24-008749-003/2024(H5N1)	1567	5155
HA|PP755589.1|A/cattle/Texas/24-008749-003/2024(H5N1)	1568	5142
HA|PP755589.1|A/cattle/Texas/24-008749-003/2024(H5N1)	1569	5138
HA|PP755589.1|A/cattle/Texas/24-008749-003/2024(H5N1)	1570	5124
HA|PP755589.1|A/cattle/Texas/24-008749-003/2024(H5N1)	1571	5123
HA|PP755589.1|A/cattle/Texas/24-008749-003/2024(H5N1)	1572	5123
HA|PP755589.1|A/cattle/Texas/24-008749-003/2024(H5N1)	1573	5098
HA|PP755589.1|A/cattle/Texas/24-008749-003/2024(H5N1)	1574	5131
HA|PP755589.1|A/cattle/Texas/24-008749-003/2024(H5N1)	1575	5069
HA|PP755589.1|A/cattle/Texas/24-008749-003/2024(H5N1)	1576	5073
HA|PP755589.1|A/cattle/Texas/24-008749-003/2024(H5N1)	1577	5073
HA|PP755589.1|A/cattle/Texas/24-008749-003/2024(H5N1)	1578	5072
HA|PP755589.1|A/cattle/Texas/24-008749-003/2024(H5N1)	1579	5053
HA|PP755589.1|A/cattle/Texas/24-008749-003/2024(H5N1)	1580	5078
HA|PP755589.1|A/cattle/Texas/24-008749-003/2024(H5N1)	1581	5039
HA|PP755589.1|A/cattle/Texas/24-008749-003/2024(H5N1)	1582	5037
HA|PP755589.1|A/cattle/Texas/24-008749-003/2024(H5N1)	1583	5004
HA|PP755589.1|A/cattle/Texas/24-008749-003/2024(H5N1)	1584	4879
HA|PP755589.1|A/cattle/Texas/24-008749-003/2024(H5N1)	1585	4867
HA|PP755589.1|A/cattle/Texas/24-008749-003/2024(H5N1)	1586	4864
HA|PP755589.1|A/cattle/Texas/24-008749-003/2024(H5N1)	1587	4864
HA|PP755589.1|A/cattle/Texas/24-008749-003/2024(H5N1)	1588	4864
HA|PP755589.1|A/cattle/Texas/24-008749-003/2024(H5N1)	1589	4718
HA|PP755589.1|A/cattle/Texas/24-008749-003/2024(H5N1)	1590	4717
HA|PP755589.1|A/cattle/Texas/24-008749-003/2024(H5N1)	1591	4703
HA|PP755589.1|A/cattle/Texas/24-008749-003/2024(H5N1)	1592	4691
HA|PP755589.1|A/cattle/Texas/24-008749-003/2024(H5N1)	1593	4678
HA|PP755589.1|A/cattle/Texas/24-008749-003/2024(H5N1)	1594	4614
HA|PP755589.1|A/cattle/Texas/24-008749-003/2024(H5N1)	1595	4506
HA|PP755589.1|A/cattle/Texas/24-008749-003/2024(H5N1)	1596	4506
HA|PP755589.1|A/cattle/Texas/24-008749-003/2024(H5N1)	1597	4504
HA|PP755589.1|A/cattle/Texas/24-008749-003/2024(H5N1)	1598	4502
HA|PP755589.1|A/cattle/Texas/24-008749-003/2024(H5N1)	1599	4491
HA|PP755589.1|A/cattle/Texas/24-008749-003/2024(H5N1)	1600	4475
HA|PP755589.1|A/cattle/Texas/24-008749-003/2024(H5N1)	1601	4469
HA|PP755589.1|A/cattle/Texas/24-008749-003/2024(H5N1)	1602	4489
HA|PP755589.1|A/cattle/Texas/24-008749-003/2024(H5N1)	1603	4442
HA|PP755589.1|A/cattle/Texas/24-008749-003/2024(H5N1)	1604	4440
HA|PP755589.1|A/cattle/Texas/24-008749-003/2024(H5N1)	1605	4429
HA|PP755589.1|A/cattle/Texas/24-008749-003/2024(H5N1)	1606	4371
HA|PP755589.1|A/cattle/Texas/24-008749-003/2024(H5N1)	1607	4367
HA|PP755589.1|A/cattle/Texas/24-008749-003/2024(H5N1)	1608	4358
HA|PP755589.1|A/cattle/Texas/24-008749-003/2024(H5N1)	1609	4353
HA|PP755589.1|A/cattle/Texas/24-008749-003/2024(H5N1)	1610	4344
HA|PP755589.1|A/cattle/Texas/24-008749-003/2024(H5N1)	1611	4272
HA|PP755589.1|A/cattle/Texas/24-008749-003/2024(H5N1)	1612	4259
HA|PP755589.1|A/cattle/Texas/24-008749-003/2024(H5N1)	1613	4226
HA|PP755589.1|A/cattle/Texas/24-008749-003/2024(H5N1)	1614	4206
HA|PP755589.1|A/cattle/Texas/24-008749-003/2024(H5N1)	1615	4171
HA|PP755589.1|A/cattle/Texas/24-008749-003/2024(H5N1)	1616	4156
HA|PP755589.1|A/cattle/Texas/24-008749-003/2024(H5N1)	1617	4139
HA|PP755589.1|A/cattle/Texas/24-008749-003/2024(H5N1)	1618	4128
HA|PP755589.1|A/cattle/Texas/24-008749-003/2024(H5N1)	1619	4128
HA|PP755589.1|A/cattle/Texas/24-008749-003/2024(H5N1)	1620	4110
HA|PP755589.1|A/cattle/Texas/24-008749-003/2024(H5N1)	1621	4104
HA|PP755589.1|A/cattle/Texas/24-008749-003/2024(H5N1)	1622	4123
HA|PP755589.1|A/cattle/Texas/24-008749-003/2024(H5N1)	1623	4107
HA|PP755589.1|A/cattle/Texas/24-008749-003/2024(H5N1)	1624	4104
HA|PP755589.1|A/cattle/Texas/24-008749-003/2024(H5N1)	1625	4104
HA|PP755589.1|A/cattle/Texas/24-008749-003/2024(H5N1)	1626	4092
HA|PP755589.1|A/cattle/Texas/24-008749-003/2024(H5N1)	1627	4076
HA|PP755589.1|A/cattle/Texas/24-008749-003/2024(H5N1)	1628	4020
HA|PP755589.1|A/cattle/Texas/24-008749-003/2024(H5N1)	1629	3992
HA|PP755589.1|A/cattle/Texas/24-008749-003/2024(H5N1)	1630	3992
HA|PP755589.1|A/cattle/Texas/24-008749-003/2024(H5N1)	1631	3715
HA|PP755589.1|A/cattle/Texas/24-008749-003/2024(H5N1)	1632	3723
HA|PP755589.1|A/cattle/Texas/24-008749-003/2024(H5N1)	1633	3723
HA|PP755589.1|A/cattle/Texas/24-008749-003/2024(H5N1)	1634	3723
HA|PP755589.1|A/cattle/Texas/24-008749-003/2024(H5N1)	1635	3714
HA|PP755589.1|A/cattle/Texas/24-008749-003/2024(H5N1)	1636	3678
HA|PP755589.1|A/cattle/Texas/24-008749-003/2024(H5N1)	1637	3668
HA|PP755589.1|A/cattle/Texas/24-008749-003/2024(H5N1)	1638	3675
HA|PP755589.1|A/cattle/Texas/24-008749-003/2024(H5N1)	1639	3673
HA|PP755589.1|A/cattle/Texas/24-008749-003/2024(H5N1)	1640	3665
HA|PP755589.1|A/cattle/Texas/24-008749-003/2024(H5N1)	1641	3642
HA|PP755589.1|A/cattle/Texas/24-008749-003/2024(H5N1)	1642	3627
HA|PP755589.1|A/cattle/Texas/24-008749-003/2024(H5N1)	1643	3603
HA|PP755589.1|A/cattle/Texas/24-008749-003/2024(H5N1)	1644	3600
HA|PP755589.1|A/cattle/Texas/24-008749-003/2024(H5N1)	1645	3581
HA|PP755589.1|A/cattle/Texas/24-008749-003/2024(H5N1)	1646	3558
HA|PP755589.1|A/cattle/Texas/24-008749-003/2024(H5N1)	1647	3439
HA|PP755589.1|A/cattle/Texas/24-008749-003/2024(H5N1)	1648	3448
HA|PP755589.1|A/cattle/Texas/24-008749-003/2024(H5N1)	1649	3445
HA|PP755589.1|A/cattle/Texas/24-008749-003/2024(H5N1)	1650	3440
HA|PP755589.1|A/cattle/Texas/24-008749-003/2024(H5N1)	1651	3427
HA|PP755589.1|A/cattle/Texas/24-008749-003/2024(H5N1)	1652	3397
HA|PP755589.1|A/cattle/Texas/24-008749-003/2024(H5N1)	1653	3403
HA|PP755589.1|A/cattle/Texas/24-008749-003/2024(H5N1)	1654	3398
HA|PP755589.1|A/cattle/Texas/24-008749-003/2024(H5N1)	1655	3346
HA|PP755589.1|A/cattle/Texas/24-008749-003/2024(H5N1)	1656	3339
HA|PP755589.1|A/cattle/Texas/24-008749-003/2024(H5N1)	1657	3235
HA|PP755589.1|A/cattle/Texas/24-008749-003/2024(H5N1)	1658	3189
HA|PP755589.1|A/cattle/Texas/24-008749-003/2024(H5N1)	1659	3189
HA|PP755589.1|A/cattle/Texas/24-008749-003/2024(H5N1)	1660	3187
HA|PP755589.1|A/cattle/Texas/24-008749-003/2024(H5N1)	1661	3184
HA|PP755589.1|A/cattle/Texas/24-008749-003/2024(H5N1)	1662	3048
HA|PP755589.1|A/cattle/Texas/24-008749-003/2024(H5N1)	1663	2995
HA|PP755589.1|A/cattle/Texas/24-008749-003/2024(H5N1)	1664	2910
HA|PP755589.1|A/cattle/Texas/24-008749-003/2024(H5N1)	1665	2910
HA|PP755589.1|A/cattle/Texas/24-008749-003/2024(H5N1)	1666	2769
HA|PP755589.1|A/cattle/Texas/24-008749-003/2024(H5N1)	1667	2775
HA|PP755589.1|A/cattle/Texas/24-008749-003/2024(H5N1)	1668	2773
HA|PP755589.1|A/cattle/Texas/24-008749-003/2024(H5N1)	1669	2773
HA|PP755589.1|A/cattle/Texas/24-008749-003/2024(H5N1)	1670	2754
HA|PP755589.1|A/cattle/Texas/24-008749-003/2024(H5N1)	1671	2687
HA|PP755589.1|A/cattle/Texas/24-008749-003/2024(H5N1)	1672	2675
HA|PP755589.1|A/cattle/Texas/24-008749-003/2024(H5N1)	1673	2675
HA|PP755589.1|A/cattle/Texas/24-008749-003/2024(H5N1)	1674	2628
HA|PP755589.1|A/cattle/Texas/24-008749-003/2024(H5N1)	1675	2623
HA|PP755589.1|A/cattle/Texas/24-008749-003/2024(H5N1)	1676	2450
HA|PP755589.1|A/cattle/Texas/24-008749-003/2024(H5N1)	1677	2411
HA|PP755589.1|A/cattle/Texas/24-008749-003/2024(H5N1)	1678	2411
HA|PP755589.1|A/cattle/Texas/24-008749-003/2024(H5N1)	1679	2263
HA|PP755589.1|A/cattle/Texas/24-008749-003/2024(H5N1)	1680	2259
HA|PP755589.1|A/cattle/Texas/24-008749-003/2024(H5N1)	1681	2246
HA|PP755589.1|A/cattle/Texas/24-008749-003/2024(H5N1)	1682	2246
HA|PP755589.1|A/cattle/Texas/24-008749-003/2024(H5N1)	1683	2245
HA|PP755589.1|A/cattle/Texas/24-008749-003/2024(H5N1)	1684	2242
HA|PP755589.1|A/cattle/Texas/24-008749-003/2024(H5N1)	1685	2078
HA|PP755589.1|A/cattle/Texas/24-008749-003/2024(H5N1)	1686	2076
HA|PP755589.1|A/cattle/Texas/24-008749-003/2024(H5N1)	1687	2048
HA|PP755589.1|A/cattle/Texas/24-008749-003/2024(H5N1)	1688	2044
HA|PP755589.1|A/cattle/Texas/24-008749-003/2024(H5N1)	1689	2044
HA|PP755589.1|A/cattle/Texas/24-008749-003/2024(H5N1)	1690	1925
HA|PP755589.1|A/cattle/Texas/24-008749-003/2024(H5N1)	1691	1925
HA|PP755589.1|A/cattle/Texas/24-008749-003/2024(H5N1)	1692	1916
HA|PP755589.1|A/cattle/Texas/24-008749-003/2024(H5N1)	1693	1914
HA|PP755589.1|A/cattle/Texas/24-008749-003/2024(H5N1)	1694	1913
HA|PP755589.1|A/cattle/Texas/24-008749-003/2024(H5N1)	1695	1878
HA|PP755589.1|A/cattle/Texas/24-008749-003/2024(H5N1)	1696	1877
HA|PP755589.1|A/cattle/Texas/24-008749-003/2024(H5N1)	1697	1875
HA|PP755589.1|A/cattle/Texas/24-008749-003/2024(H5N1)	1698	1848
HA|PP755589.1|A/cattle/Texas/24-008749-003/2024(H5N1)	1699	1842
HA|PP755589.1|A/cattle/Texas/24-008749-003/2024(H5N1)	1700	1804
HA|PP755589.1|A/cattle/Texas/24-008749-003/2024(H5N1)	1701	1797
HA|PP755589.1|A/cattle/Texas/24-008749-003/2024(H5N1)	1702	1793
HA|PP755589.1|A/cattle/Texas/24-008749-003/2024(H5N1)	1703	1791
HA|PP755589.1|A/cattle/Texas/24-008749-003/2024(H5N1)	1704	1762
