PB2|PP755596.1|A/cattle/Texas/24-008749-003/2024(H5N1)	1	1018
PB2|PP755596.1|A/cattle/Texas/24-008749-003/2024(H5N1)	2	1026
PB2|PP755596.1|A/cattle/Texas/24-008749-003/2024(H5N1)	3	1033
PB2|PP755596.1|A/cattle/Texas/24-008749-003/2024(H5N1)	4	1034
PB2|PP755596.1|A/cattle/Texas/24-008749-003/2024(H5N1)	5	1037
PB2|PP755596.1|A/cattle/Texas/24-008749-003/2024(H5N1)	6	1041
PB2|PP755596.1|A/cattle/Texas/24-008749-003/2024(H5N1)	7	1044
PB2|PP755596.1|A/cattle/Texas/24-008749-003/2024(H5N1)	8	1130
PB2|PP755596.1|A/cattle/Texas/24-008749-003/2024(H5N1)	9	1131
PB2|PP755596.1|A/cattle/Texas/24-008749-003/2024(H5N1)	10	1132
PB2|PP755596.1|A/cattle/Texas/24-008749-003/2024(H5N1)	11	1158
PB2|PP755596.1|A/cattle/Texas/24-008749-003/2024(H5N1)	12	1166
PB2|PP755596.1|A/cattle/Texas/24-008749-003/2024(H5N1)	13	1173
PB2|PP755596.1|A/cattle/Texas/24-008749-003/2024(H5N1)	14	1175
PB2|PP755596.1|A/cattle/Texas/24-008749-003/2024(H5N1)	15	1176
PB2|PP755596.1|A/cattle/Texas/24-008749-003/2024(H5N1)	16	1204
PB2|PP755596.1|A/cattle/Texas/24-008749-003/2024(H5N1)	17	1216
PB2|PP755596.1|A/cattle/Texas/24-008749-003/2024(H5N1)	18	1218
PB2|PP755596.1|A/cattle/Texas/24-008749-003/2024(H5N1)	19	1224
PB2|PP755596.1|A/cattle/Texas/24-008749-003/2024(H5N1)	20	1224
PB2|PP755596.1|A/cattle/Texas/24-008749-003/2024(H5N1)	21	1230
PB2|PP755596.1|A/cattle/Texas/24-008749-003/2024(H5N1)	22	1231
PB2|PP755596.1|A/cattle/Texas/24-008749-003/2024(H5N1)	23	1237
PB2|PP755596.1|A/cattle/Texas/24-008749-003/2024(H5N1)	24	1244
PB2|PP755596.1|A/cattle/Texas/24-008749-003/2024(H5N1)	25	1315
PB2|PP755596.1|A/cattle/Texas/24-008749-003/2024(H5N1)	26	1359
PB2|PP755596.1|A/cattle/Texas/24-008749-003/2024(H5N1)	27	1371
PB2|PP755596.1|A/cattle/Texas/24-008749-003/2024(H5N1)	28	1374
PB2|PP755596.1|A/cattle/Texas/24-008749-003/2024(H5N1)	29	1376
PB2|PP755596.1|A/cattle/Texas/24-008749-003/2024(H5N1)	30	1381
PB2|PP755596.1|A/cattle/Texas/24-008749-003/2024(H5N1)	31	1399
PB2|PP755596.1|A/cattle/Texas/24-008749-003/2024(H5N1)	32	1411
PB2|PP755596.1|A/cattle/Texas/24-008749-003/2024(H5N1)	33	1426
PB2|PP755596.1|A/cattle/Texas/24-008749-003/2024(H5N1)	34	1438
PB2|PP755596.1|A/cattle/Texas/24-008749-003/2024(H5N1)	35	1436
PB2|PP755596.1|A/cattle/Texas/24-008749-003/2024(H5N1)	36	1436
PB2|PP755596.1|A/cattle/Texas/24-008749-003/2024(H5N1)	37	1438
PB2|PP755596.1|A/cattle/Texas/24-008749-003/2024(H5N1)	38	1438
PB2|PP755596.1|A/cattle/Texas/24-008749-003/2024(H5N1)	39	1510
PB2|PP755596.1|A/cattle/Texas/24-008749-003/2024(H5N1)	40	1538
PB2|PP755596.1|A/cattle/Texas/24-008749-003/2024(H5N1)	41	1545
PB2|PP755596.1|A/cattle/Texas/24-008749-003/2024(H5N1)	42	1549
PB2|PP755596.1|A/cattle/Texas/24-008749-003/2024(H5N1)	43	1558
PB2|PP755596.1|A/cattle/Texas/24-008749-003/2024(H5N1)	44	1563
PB2|PP755596.1|A/cattle/Texas/24-008749-003/2024(H5N1)	45	1566
PB2|PP755596.1|A/cattle/Texas/24-008749-003/2024(H5N1)	46	1567
PB2|PP755596.1|A/cattle/Texas/24-008749-003/2024(H5N1)	47	1594
PB2|PP755596.1|A/cattle/Texas/24-008749-003/2024(H5N1)	48	1597
PB2|PP755596.1|A/cattle/Texas/24-008749-003/2024(H5N1)	49	1634
PB2|PP755596.1|A/cattle/Texas/24-008749-003/2024(H5N1)	50	1638
PB2|PP755596.1|A/cattle/Texas/24-008749-003/2024(H5N1)	51	1646
PB2|PP755596.1|A/cattle/Texas/24-008749-003/2024(H5N1)	52	1646
PB2|PP755596.1|A/cattle/Texas/24-008749-003/2024(H5N1)	53	1646
PB2|PP755596.1|A/cattle/Texas/24-008749-003/2024(H5N1)	54	1652
PB2|PP755596.1|A/cattle/Texas/24-008749-003/2024(H5N1)	55	1697
PB2|PP755596.1|A/cattle/Texas/24-008749-003/2024(H5N1)	56	1707
PB2|PP755596.1|A/cattle/Texas/24-008749-003/2024(H5N1)	57	1707
PB2|PP755596.1|A/cattle/Texas/24-008749-003/2024(H5N1)	58	1711
PB2|PP755596.1|A/cattle/Texas/24-008749-003/2024(H5N1)	59	1715
PB2|PP755596.1|A/cattle/Texas/24-008749-003/2024(H5N1)	60	1736
PB2|PP755596.1|A/cattle/Texas/24-008749-003/2024(H5N1)	61	1741
PB2|PP755596.1|A/cattle/Texas/24-008749-003/2024(H5N1)	62	1749
PB2|PP755596.1|A/cattle/Texas/24-008749-003/2024(H5N1)	63	1751
PB2|PP755596.1|A/cattle/Texas/24-008749-003/2024(H5N1)	64	1743
PB2|PP755596.1|A/cattle/Texas/24-008749-003/2024(H5N1)	65	1754
PB2|PP755596.1|A/cattle/Texas/24-008749-003/2024(H5N1)	66	1767
PB2|PP755596.1|A/cattle/Texas/24-008749-003/2024(H5N1)	67	1770
PB2|PP755596.1|A/cattle/Texas/24-008749-003/2024(H5N1)	68	1784
PB2|PP755596.1|A/cattle/Texas/24-008749-003/2024(H5N1)	69	1780
PB2|PP755596.1|A/cattle/Texas/24-008749-003/2024(H5N1)	70	1782
PB2|PP755596.1|A/cattle/Texas/24-008749-003/2024(H5N1)	71	1822
PB2|PP755596.1|A/cattle/Texas/24-008749-003/2024(H5N1)	72	1823
PB2|PP755596.1|A/cattle/Texas/24-008749-003/2024(H5N1)	73	1878
PB2|PP755596.1|A/cattle/Texas/24-008749-003/2024(H5N1)	74	1883
PB2|PP755596.1|A/cattle/Texas/24-008749-003/2024(H5N1)	75	1887
PB2|PP755596.1|A/cattle/Texas/24-008749-003/2024(H5N1)	76	1890
PB2|PP755596.1|A/cattle/Texas/24-008749-003/2024(H5N1)	77	1894
PB2|PP755596.1|A/cattle/Texas/24-008749-003/2024(H5N1)	78	1726
PB2|PP755596.1|A/cattle/Texas/24-008749-003/2024(H5N1)	79	1741
PB2|PP755596.1|A/cattle/Texas/24-008749-003/2024(H5N1)	80	1739
PB2|PP755596.1|A/cattle/Texas/24-008749-003/2024(H5N1)	81	1744
PB2|PP755596.1|A/cattle/Texas/24-008749-003/2024(H5N1)	82	1741
PB2|PP755596.1|A/cattle/Texas/24-008749-003/2024(H5N1)	83	1742
PB2|PP755596.1|A/cattle/Texas/24-008749-003/2024(H5N1)	84	1751
PB2|PP755596.1|A/cattle/Texas/24-008749-003/2024(H5N1)	85	1779
PB2|PP755596.1|A/cattle/Texas/24-008749-003/2024(H5N1)	86	1800
PB2|PP755596.1|A/cattle/Texas/24-008749-003/2024(H5N1)	87	1804
PB2|PP755596.1|A/cattle/Texas/24-008749-003/2024(H5N1)	88	1803
PB2|PP755596.1|A/cattle/Texas/24-008749-003/2024(H5N1)	89	1813
PB2|PP755596.1|A/cattle/Texas/24-008749-003/2024(H5N1)	90	1816
PB2|PP755596.1|A/cattle/Texas/24-008749-003/2024(H5N1)	91	1858
PB2|PP755596.1|A/cattle/Texas/24-008749-003/2024(H5N1)	92	1889
PB2|PP755596.1|A/cattle/Texas/24-008749-003/2024(H5N1)	93	1891
PB2|PP755596.1|A/cattle/Texas/24-008749-003/2024(H5N1)	94	1893
PB2|PP755596.1|A/cattle/Texas/24-008749-003/2024(H5N1)	95	1893
PB2|PP755596.1|A/cattle/Texas/24-008749-003/2024(H5N1)	96	1912
PB2|PP755596.1|A/cattle/Texas/24-008749-003/2024(H5N1)	97	1954
PB2|PP755596.1|A/cattle/Texas/24-008749-003/2024(H5N1)	98	1954
PB2|PP755596.1|A/cattle/Texas/24-008749-003/2024(H5N1)	99	2011
PB2|PP755596.1|A/cattle/Texas/24-008749-003/2024(H5N1)	100	2009
PB2|PP755596.1|A/cattle/Texas/24-008749-003/2024(H5N1)	101	2011
PB2|PP755596.1|A/cattle/Texas/24-008749-003/2024(H5N1)	102	2022
PB2|PP755596.1|A/cattle/Texas/24-008749-003/2024(H5N1)	103	2025
PB2|PP755596.1|A/cattle/Texas/24-008749-003/2024(H5N1)	104	2070
PB2|PP755596.1|A/cattle/Texas/24-008749-003/2024(H5N1)	105	2070
PB2|PP755596.1|A/cattle/Texas/24-008749-003/2024(H5N1)	106	2072
PB2|PP755596.1|A/cattle/Texas/24-008749-003/2024(H5N1)	107	2072
PB2|PP755596.1|A/cattle/Texas/24-008749-003/2024(H5N1)	108	2067
PB2|PP755596.1|A/cattle/Texas/24-008749-003/2024(H5N1)	109	2067
PB2|PP755596.1|A/cattle/Texas/24-008749-003/2024(H5N1)	110	2075
PB2|PP755596.1|A/cattle/Texas/24-008749-003/2024(H5N1)	111	2105
PB2|PP755596.1|A/cattle/Texas/24-008749-003/2024(H5N1)	112	2103
PB2|PP755596.1|A/cattle/Texas/24-008749-003/2024(H5N1)	113	2105
PB2|PP755596.1|A/cattle/Texas/24-008749-003/2024(H5N1)	114	2107
PB2|PP755596.1|A/cattle/Texas/24-008749-003/2024(H5N1)	115	2121
PB2|PP755596.1|A/cattle/Texas/24-008749-003/2024(H5N1)	116	2121
PB2|PP755596.1|A/cattle/Texas/24-008749-003/2024(H5N1)	117	2125
PB2|PP755596.1|A/cattle/Texas/24-008749-003/2024(H5N1)	118	2165
PB2|PP755596.1|A/cattle/Texas/24-008749-003/2024(H5N1)	119	2198
PB2|PP755596.1|A/cattle/Texas/24-008749-003/2024(H5N1)	120	2202
PB2|PP755596.1|A/cattle/Texas/24-008749-003/2024(H5N1)	121	2228
PB2|PP755596.1|A/cattle/Texas/24-008749-003/2024(H5N1)	122	2223
PB2|PP755596.1|A/cattle/Texas/24-008749-003/2024(H5N1)	123	2211
PB2|PP755596.1|A/cattle/Texas/24-008749-003/2024(H5N1)	124	1978
PB2|PP755596.1|A/cattle/Texas/24-008749-003/2024(H5N1)	125	1887
PB2|PP755596.1|A/cattle/Texas/24-008749-003/2024(H5N1)	126	1762
PB2|PP755596.1|A/cattle/Texas/24-008749-003/2024(H5N1)	127	1764
PB2|PP755596.1|A/cattle/Texas/24-008749-003/2024(H5N1)	128	1766
PB2|PP755596.1|A/cattle/Texas/24-008749-003/2024(H5N1)	129	1790
PB2|PP755596.1|A/cattle/Texas/24-008749-003/2024(H5N1)	130	1798
PB2|PP755596.1|A/cattle/Texas/24-008749-003/2024(H5N1)	131	1807
PB2|PP755596.1|A/cattle/Texas/24-008749-003/2024(H5N1)	132	1815
PB2|PP755596.1|A/cattle/Texas/24-008749-003/2024(H5N1)	133	1756
PB2|PP755596.1|A/cattle/Texas/24-008749-003/2024(H5N1)	134	1768
PB2|PP755596.1|A/cattle/Texas/24-008749-003/2024(H5N1)	135	1765
PB2|PP755596.1|A/cattle/Texas/24-008749-003/2024(H5N1)	136	1762
PB2|PP755596.1|A/cattle/Texas/24-008749-003/2024(H5N1)	137	1780
PB2|PP755596.1|A/cattle/Texas/24-008749-003/2024(H5N1)	138	1792
PB2|PP755596.1|A/cattle/Texas/24-008749-003/2024(H5N1)	139	1793
PB2|PP755596.1|A/cattle/Texas/24-008749-003/2024(H5N1)	140	1744
PB2|PP755596.1|A/cattle/Texas/24-008749-003/2024(H5N1)	141	1748
PB2|PP755596.1|A/cattle/Texas/24-008749-003/2024(H5N1)	142	1758
PB2|PP755596.1|A/cattle/Texas/24-008749-003/2024(H5N1)	143	1745
PB2|PP755596.1|A/cattle/Texas/24-008749-003/2024(H5N1)	144	1746
PB2|PP755596.1|A/cattle/Texas/24-008749-003/2024(H5N1)	145	1706
PB2|PP755596.1|A/cattle/Texas/24-008749-003/2024(H5N1)	146	1704
PB2|PP755596.1|A/cattle/Texas/24-008749-003/2024(H5N1)	147	1711
PB2|PP755596.1|A/cattle/Texas/24-008749-003/2024(H5N1)	148	1693
PB2|PP755596.1|A/cattle/Texas/24-008749-003/2024(H5N1)	149	1686
PB2|PP755596.1|A/cattle/Texas/24-008749-003/2024(H5N1)	150	1658
PB2|PP755596.1|A/cattle/Texas/24-008749-003/2024(H5N1)	151	1656
PB2|PP755596.1|A/cattle/Texas/24-008749-003/2024(H5N1)	152	1660
PB2|PP755596.1|A/cattle/Texas/24-008749-003/2024(H5N1)	153	1661
PB2|PP755596.1|A/cattle/Texas/24-008749-003/2024(H5N1)	154	1655
PB2|PP755596.1|A/cattle/Texas/24-008749-003/2024(H5N1)	155	1675
PB2|PP755596.1|A/cattle/Texas/24-008749-003/2024(H5N1)	156	1674
PB2|PP755596.1|A/cattle/Texas/24-008749-003/2024(H5N1)	157	1427
PB2|PP755596.1|A/cattle/Texas/24-008749-003/2024(H5N1)	158	1431
PB2|PP755596.1|A/cattle/Texas/24-008749-003/2024(H5N1)	159	1374
PB2|PP755596.1|A/cattle/Texas/24-008749-003/2024(H5N1)	160	1386
PB2|PP755596.1|A/cattle/Texas/24-008749-003/2024(H5N1)	161	1388
PB2|PP755596.1|A/cattle/Texas/24-008749-003/2024(H5N1)	162	1373
PB2|PP755596.1|A/cattle/Texas/24-008749-003/2024(H5N1)	163	1371
PB2|PP755596.1|A/cattle/Texas/24-008749-003/2024(H5N1)	164	1367
PB2|PP755596.1|A/cattle/Texas/24-008749-003/2024(H5N1)	165	1371
PB2|PP755596.1|A/cattle/Texas/24-008749-003/2024(H5N1)	166	1361
PB2|PP755596.1|A/cattle/Texas/24-008749-003/2024(H5N1)	167	1363
PB2|PP755596.1|A/cattle/Texas/24-008749-003/2024(H5N1)	168	1367
PB2|PP755596.1|A/cattle/Texas/24-008749-003/2024(H5N1)	169	1367
PB2|PP755596.1|A/cattle/Texas/24-008749-003/2024(H5N1)	170	1367
PB2|PP755596.1|A/cattle/Texas/24-008749-003/2024(H5N1)	171	1361
PB2|PP755596.1|A/cattle/Texas/24-008749-003/2024(H5N1)	172	1129
PB2|PP755596.1|A/cattle/Texas/24-008749-003/2024(H5N1)	173	1156
PB2|PP755596.1|A/cattle/Texas/24-008749-003/2024(H5N1)	174	1150
PB2|PP755596.1|A/cattle/Texas/24-008749-003/2024(H5N1)	175	1155
PB2|PP755596.1|A/cattle/Texas/24-008749-003/2024(H5N1)	176	1120
PB2|PP755596.1|A/cattle/Texas/24-008749-003/2024(H5N1)	177	1116
PB2|PP755596.1|A/cattle/Texas/24-008749-003/2024(H5N1)	178	1116
PB2|PP755596.1|A/cattle/Texas/24-008749-003/2024(H5N1)	179	1132
PB2|PP755596.1|A/cattle/Texas/24-008749-003/2024(H5N1)	180	1141
PB2|PP755596.1|A/cattle/Texas/24-008749-003/2024(H5N1)	181	1141
PB2|PP755596.1|A/cattle/Texas/24-008749-003/2024(H5N1)	182	1129
PB2|PP755596.1|A/cattle/Texas/24-008749-003/2024(H5N1)	183	1129
PB2|PP755596.1|A/cattle/Texas/24-008749-003/2024(H5N1)	184	1122
PB2|PP755596.1|A/cattle/Texas/24-008749-003/2024(H5N1)	185	1122
PB2|PP755596.1|A/cattle/Texas/24-008749-003/2024(H5N1)	186	1017
PB2|PP755596.1|A/cattle/Texas/24-008749-003/2024(H5N1)	187	1006
PB2|PP755596.1|A/cattle/Texas/24-008749-003/2024(H5N1)	188	1012
PB2|PP755596.1|A/cattle/Texas/24-008749-003/2024(H5N1)	189	1009
PB2|PP755596.1|A/cattle/Texas/24-008749-003/2024(H5N1)	190	1008
PB2|PP755596.1|A/cattle/Texas/24-008749-003/2024(H5N1)	191	1008
PB2|PP755596.1|A/cattle/Texas/24-008749-003/2024(H5N1)	192	1008
PB2|PP755596.1|A/cattle/Texas/24-008749-003/2024(H5N1)	193	1009
PB2|PP755596.1|A/cattle/Texas/24-008749-003/2024(H5N1)	194	1002
PB2|PP755596.1|A/cattle/Texas/24-008749-003/2024(H5N1)	195	1000
PB2|PP755596.1|A/cattle/Texas/24-008749-003/2024(H5N1)	196	999
PB2|PP755596.1|A/cattle/Texas/24-008749-003/2024(H5N1)	197	1006
PB2|PP755596.1|A/cattle/Texas/24-008749-003/2024(H5N1)	198	994
PB2|PP755596.1|A/cattle/Texas/24-008749-003/2024(H5N1)	199	997
PB2|PP755596.1|A/cattle/Texas/24-008749-003/2024(H5N1)	200	988
PB2|PP755596.1|A/cattle/Texas/24-008749-003/2024(H5N1)	201	987
PB2|PP755596.1|A/cattle/Texas/24-008749-003/2024(H5N1)	202	991
PB2|PP755596.1|A/cattle/Texas/24-008749-003/2024(H5N1)	203	967
PB2|PP755596.1|A/cattle/Texas/24-008749-003/2024(H5N1)	204	966
PB2|PP755596.1|A/cattle/Texas/24-008749-003/2024(H5N1)	205	966
PB2|PP755596.1|A/cattle/Texas/24-008749-003/2024(H5N1)	206	972
PB2|PP755596.1|A/cattle/Texas/24-008749-003/2024(H5N1)	207	967
PB2|PP755596.1|A/cattle/Texas/24-008749-003/2024(H5N1)	208	966
PB2|PP755596.1|A/cattle/Texas/24-008749-003/2024(H5N1)	209	973
PB2|PP755596.1|A/cattle/Texas/24-008749-003/2024(H5N1)	210	979
PB2|PP755596.1|A/cattle/Texas/24-008749-003/2024(H5N1)	211	969
PB2|PP755596.1|A/cattle/Texas/24-008749-003/2024(H5N1)	212	966
PB2|PP755596.1|A/cattle/Texas/24-008749-003/2024(H5N1)	213	964
PB2|PP755596.1|A/cattle/Texas/24-008749-003/2024(H5N1)	214	970
PB2|PP755596.1|A/cattle/Texas/24-008749-003/2024(H5N1)	215	973
PB2|PP755596.1|A/cattle/Texas/24-008749-003/2024(H5N1)	216	970
PB2|PP755596.1|A/cattle/Texas/24-008749-003/2024(H5N1)	217	967
PB2|PP755596.1|A/cattle/Texas/24-008749-003/2024(H5N1)	218	964
PB2|PP755596.1|A/cattle/Texas/24-008749-003/2024(H5N1)	219	958
PB2|PP755596.1|A/cattle/Texas/24-008749-003/2024(H5N1)	220	974
PB2|PP755596.1|A/cattle/Texas/24-008749-003/2024(H5N1)	221	987
PB2|PP755596.1|A/cattle/Texas/24-008749-003/2024(H5N1)	222	971
PB2|PP755596.1|A/cattle/Texas/24-008749-003/2024(H5N1)	223	947
PB2|PP755596.1|A/cattle/Texas/24-008749-003/2024(H5N1)	224	938
PB2|PP755596.1|A/cattle/Texas/24-008749-003/2024(H5N1)	225	947
PB2|PP755596.1|A/cattle/Texas/24-008749-003/2024(H5N1)	226	956
PB2|PP755596.1|A/cattle/Texas/24-008749-003/2024(H5N1)	227	957
PB2|PP755596.1|A/cattle/Texas/24-008749-003/2024(H5N1)	228	943
PB2|PP755596.1|A/cattle/Texas/24-008749-003/2024(H5N1)	229	955
PB2|PP755596.1|A/cattle/Texas/24-008749-003/2024(H5N1)	230	950
PB2|PP755596.1|A/cattle/Texas/24-008749-003/2024(H5N1)	231	951
PB2|PP755596.1|A/cattle/Texas/24-008749-003/2024(H5N1)	232	951
PB2|PP755596.1|A/cattle/Texas/24-008749-003/2024(H5N1)	233	955
PB2|PP755596.1|A/cattle/Texas/24-008749-003/2024(H5N1)	234	958
PB2|PP755596.1|A/cattle/Texas/24-008749-003/2024(H5N1)	235	951
PB2|PP755596.1|A/cattle/Texas/24-008749-003/2024(H5N1)	236	936
PB2|PP755596.1|A/cattle/Texas/24-008749-003/2024(H5N1)	237	934
PB2|PP755596.1|A/cattle/Texas/24-008749-003/2024(H5N1)	238	925
PB2|PP755596.1|A/cattle/Texas/24-008749-003/2024(H5N1)	239	939
PB2|PP755596.1|A/cattle/Texas/24-008749-003/2024(H5N1)	240	940
PB2|PP755596.1|A/cattle/Texas/24-008749-003/2024(H5N1)	241	941
PB2|PP755596.1|A/cattle/Texas/24-008749-003/2024(H5N1)	242	935
PB2|PP755596.1|A/cattle/Texas/24-008749-003/2024(H5N1)	243	928
PB2|PP755596.1|A/cattle/Texas/24-008749-003/2024(H5N1)	244	942
PB2|PP755596.1|A/cattle/Texas/24-008749-003/2024(H5N1)	245	953
PB2|PP755596.1|A/cattle/Texas/24-008749-003/2024(H5N1)	246	959
PB2|PP755596.1|A/cattle/Texas/24-008749-003/2024(H5N1)	247	946
PB2|PP755596.1|A/cattle/Texas/24-008749-003/2024(H5N1)	248	947
PB2|PP755596.1|A/cattle/Texas/24-008749-003/2024(H5N1)	249	945
PB2|PP755596.1|A/cattle/Texas/24-008749-003/2024(H5N1)	250	910
PB2|PP755596.1|A/cattle/Texas/24-008749-003/2024(H5N1)	251	949
PB2|PP755596.1|A/cattle/Texas/24-008749-003/2024(H5N1)	252	958
PB2|PP755596.1|A/cattle/Texas/24-008749-003/2024(H5N1)	253	1006
PB2|PP755596.1|A/cattle/Texas/24-008749-003/2024(H5N1)	254	1011
PB2|PP755596.1|A/cattle/Texas/24-008749-003/2024(H5N1)	255	1012
PB2|PP755596.1|A/cattle/Texas/24-008749-003/2024(H5N1)	256	1014
PB2|PP755596.1|A/cattle/Texas/24-008749-003/2024(H5N1)	257	1027
PB2|PP755596.1|A/cattle/Texas/24-008749-003/2024(H5N1)	258	1029
PB2|PP755596.1|A/cattle/Texas/24-008749-003/2024(H5N1)	259	1066
PB2|PP755596.1|A/cattle/Texas/24-008749-003/2024(H5N1)	260	1074
PB2|PP755596.1|A/cattle/Texas/24-008749-003/2024(H5N1)	261	1076
PB2|PP755596.1|A/cattle/Texas/24-008749-003/2024(H5N1)	262	1042
PB2|PP755596.1|A/cattle/Texas/24-008749-003/2024(H5N1)	263	1078
PB2|PP755596.1|A/cattle/Texas/24-008749-003/2024(H5N1)	264	1074
PB2|PP755596.1|A/cattle/Texas/24-008749-003/2024(H5N1)	265	1085
PB2|PP755596.1|A/cattle/Texas/24-008749-003/2024(H5N1)	266	1079
PB2|PP755596.1|A/cattle/Texas/24-008749-003/2024(H5N1)	267	1077
PB2|PP755596.1|A/cattle/Texas/24-008749-003/2024(H5N1)	268	1054
PB2|PP755596.1|A/cattle/Texas/24-008749-003/2024(H5N1)	269	1034
PB2|PP755596.1|A/cattle/Texas/24-008749-003/2024(H5N1)	270	1037
PB2|PP755596.1|A/cattle/Texas/24-008749-003/2024(H5N1)	271	1062
PB2|PP755596.1|A/cattle/Texas/24-008749-003/2024(H5N1)	272	1038
PB2|PP755596.1|A/cattle/Texas/24-008749-003/2024(H5N1)	273	1037
PB2|PP755596.1|A/cattle/Texas/24-008749-003/2024(H5N1)	274	1022
PB2|PP755596.1|A/cattle/Texas/24-008749-003/2024(H5N1)	275	1002
PB2|PP755596.1|A/cattle/Texas/24-008749-003/2024(H5N1)	276	1005
PB2|PP755596.1|A/cattle/Texas/24-008749-003/2024(H5N1)	277	1025
PB2|PP755596.1|A/cattle/Texas/24-008749-003/2024(H5N1)	278	1025
PB2|PP755596.1|A/cattle/Texas/24-008749-003/2024(H5N1)	279	1022
PB2|PP755596.1|A/cattle/Texas/24-008749-003/2024(H5N1)	280	987
PB2|PP755596.1|A/cattle/Texas/24-008749-003/2024(H5N1)	281	980
PB2|PP755596.1|A/cattle/Texas/24-008749-003/2024(H5N1)	282	1005
PB2|PP755596.1|A/cattle/Texas/24-008749-003/2024(H5N1)	283	1010
PB2|PP755596.1|A/cattle/Texas/24-008749-003/2024(H5N1)	284	994
PB2|PP755596.1|A/cattle/Texas/24-008749-003/2024(H5N1)	285	972
PB2|PP755596.1|A/cattle/Texas/24-008749-003/2024(H5N1)	286	971
PB2|PP755596.1|A/cattle/Texas/24-008749-003/2024(H5N1)	287	958
PB2|PP755596.1|A/cattle/Texas/24-008749-003/2024(H5N1)	288	958
PB2|PP755596.1|A/cattle/Texas/24-008749-003/2024(H5N1)	289	961
PB2|PP755596.1|A/cattle/Texas/24-008749-003/2024(H5N1)	290	963
PB2|PP755596.1|A/cattle/Texas/24-008749-003/2024(H5N1)	291	947
PB2|PP755596.1|A/cattle/Texas/24-008749-003/2024(H5N1)	292	941
PB2|PP755596.1|A/cattle/Texas/24-008749-003/2024(H5N1)	293	938
PB2|PP755596.1|A/cattle/Texas/24-008749-003/2024(H5N1)	294	948
PB2|PP755596.1|A/cattle/Texas/24-008749-003/2024(H5N1)	295	987
PB2|PP755596.1|A/cattle/Texas/24-008749-003/2024(H5N1)	296	986
PB2|PP755596.1|A/cattle/Texas/24-008749-003/2024(H5N1)	297	993
PB2|PP755596.1|A/cattle/Texas/24-008749-003/2024(H5N1)	298	983
PB2|PP755596.1|A/cattle/Texas/24-008749-003/2024(H5N1)	299	985
PB2|PP755596.1|A/cattle/Texas/24-008749-003/2024(H5N1)	300	993
PB2|PP755596.1|A/cattle/Texas/24-008749-003/2024(H5N1)	301	991
PB2|PP755596.1|A/cattle/Texas/24-008749-003/2024(H5N1)	302	1000
PB2|PP755596.1|A/cattle/Texas/24-008749-003/2024(H5N1)	303	1003
PB2|PP755596.1|A/cattle/Texas/24-008749-003/2024(H5N1)	304	1001
PB2|PP755596.1|A/cattle/Texas/24-008749-003/2024(H5N1)	305	1010
PB2|PP755596.1|A/cattle/Texas/24-008749-003/2024(H5N1)	306	994
PB2|PP755596.1|A/cattle/Texas/24-008749-003/2024(H5N1)	307	994
PB2|PP755596.1|A/cattle/Texas/24-008749-003/2024(H5N1)	308	1001
PB2|PP755596.1|A/cattle/Texas/24-008749-003/2024(H5N1)	309	997
PB2|PP755596.1|A/cattle/Texas/24-008749-003/2024(H5N1)	310	1016
PB2|PP755596.1|A/cattle/Texas/24-008749-003/2024(H5N1)	311	1005
PB2|PP755596.1|A/cattle/Texas/24-008749-003/2024(H5N1)	312	1008
PB2|PP755596.1|A/cattle/Texas/24-008749-003/2024(H5N1)	313	1010
PB2|PP755596.1|A/cattle/Texas/24-008749-003/2024(H5N1)	314	1022
PB2|PP755596.1|A/cattle/Texas/24-008749-003/2024(H5N1)	315	1027
PB2|PP755596.1|A/cattle/Texas/24-008749-003/2024(H5N1)	316	1018
PB2|PP755596.1|A/cattle/Texas/24-008749-003/2024(H5N1)	317	1031
PB2|PP755596.1|A/cattle/Texas/24-008749-003/2024(H5N1)	318	1029
PB2|PP755596.1|A/cattle/Texas/24-008749-003/2024(H5N1)	319	1019
PB2|PP755596.1|A/cattle/Texas/24-008749-003/2024(H5N1)	320	1029
PB2|PP755596.1|A/cattle/Texas/24-008749-003/2024(H5N1)	321	1030
PB2|PP755596.1|A/cattle/Texas/24-008749-003/2024(H5N1)	322	1029
PB2|PP755596.1|A/cattle/Texas/24-008749-003/2024(H5N1)	323	1005
PB2|PP755596.1|A/cattle/Texas/24-008749-003/2024(H5N1)	324	979
PB2|PP755596.1|A/cattle/Texas/24-008749-003/2024(H5N1)	325	983
PB2|PP755596.1|A/cattle/Texas/24-008749-003/2024(H5N1)	326	991
PB2|PP755596.1|A/cattle/Texas/24-008749-003/2024(H5N1)	327	994
PB2|PP755596.1|A/cattle/Texas/24-008749-003/2024(H5N1)	328	994
PB2|PP755596.1|A/cattle/Texas/24-008749-003/2024(H5N1)	329	973
PB2|PP755596.1|A/cattle/Texas/24-008749-003/2024(H5N1)	330	971
PB2|PP755596.1|A/cattle/Texas/24-008749-003/2024(H5N1)	331	965
PB2|PP755596.1|A/cattle/Texas/24-008749-003/2024(H5N1)	332	995
PB2|PP755596.1|A/cattle/Texas/24-008749-003/2024(H5N1)	333	998
PB2|PP755596.1|A/cattle/Texas/24-008749-003/2024(H5N1)	334	988
PB2|PP755596.1|A/cattle/Texas/24-008749-003/2024(H5N1)	335	986
PB2|PP755596.1|A/cattle/Texas/24-008749-003/2024(H5N1)	336	976
PB2|PP755596.1|A/cattle/Texas/24-008749-003/2024(H5N1)	337	977
PB2|PP755596.1|A/cattle/Texas/24-008749-003/2024(H5N1)	338	974
PB2|PP755596.1|A/cattle/Texas/24-008749-003/2024(H5N1)	339	999
PB2|PP755596.1|A/cattle/Texas/24-008749-003/2024(H5N1)	340	1013
PB2|PP755596.1|A/cattle/Texas/24-008749-003/2024(H5N1)	341	981
PB2|PP755596.1|A/cattle/Texas/24-008749-003/2024(H5N1)	342	979
PB2|PP755596.1|A/cattle/Texas/24-008749-003/2024(H5N1)	343	755
PB2|PP755596.1|A/cattle/Texas/24-008749-003/2024(H5N1)	344	754
PB2|PP755596.1|A/cattle/Texas/24-008749-003/2024(H5N1)	345	755
PB2|PP755596.1|A/cattle/Texas/24-008749-003/2024(H5N1)	346	755
PB2|PP755596.1|A/cattle/Texas/24-008749-003/2024(H5N1)	347	755
PB2|PP755596.1|A/cattle/Texas/24-008749-003/2024(H5N1)	348	746
PB2|PP755596.1|A/cattle/Texas/24-008749-003/2024(H5N1)	349	747
PB2|PP755596.1|A/cattle/Texas/24-008749-003/2024(H5N1)	350	743
PB2|PP755596.1|A/cattle/Texas/24-008749-003/2024(H5N1)	351	739
PB2|PP755596.1|A/cattle/Texas/24-008749-003/2024(H5N1)	352	738
PB2|PP755596.1|A/cattle/Texas/24-008749-003/2024(H5N1)	353	734
PB2|PP755596.1|A/cattle/Texas/24-008749-003/2024(H5N1)	354	731
PB2|PP755596.1|A/cattle/Texas/24-008749-003/2024(H5N1)	355	731
PB2|PP755596.1|A/cattle/Texas/24-008749-003/2024(H5N1)	356	732
PB2|PP755596.1|A/cattle/Texas/24-008749-003/2024(H5N1)	357	732
PB2|PP755596.1|A/cattle/Texas/24-008749-003/2024(H5N1)	358	733
PB2|PP755596.1|A/cattle/Texas/24-008749-003/2024(H5N1)	359	733
PB2|PP755596.1|A/cattle/Texas/24-008749-003/2024(H5N1)	360	726
PB2|PP755596.1|A/cattle/Texas/24-008749-003/2024(H5N1)	361	723
PB2|PP755596.1|A/cattle/Texas/24-008749-003/2024(H5N1)	362	724
PB2|PP755596.1|A/cattle/Texas/24-008749-003/2024(H5N1)	363	727
PB2|PP755596.1|A/cattle/Texas/24-008749-003/2024(H5N1)	364	736
PB2|PP755596.1|A/cattle/Texas/24-008749-003/2024(H5N1)	365	731
PB2|PP755596.1|A/cattle/Texas/24-008749-003/2024(H5N1)	366	732
PB2|PP755596.1|A/cattle/Texas/24-008749-003/2024(H5N1)	367	732
PB2|PP755596.1|A/cattle/Texas/24-008749-003/2024(H5N1)	368	736
PB2|PP755596.1|A/cattle/Texas/24-008749-003/2024(H5N1)	369	737
PB2|PP755596.1|A/cattle/Texas/24-008749-003/2024(H5N1)	370	737
PB2|PP755596.1|A/cattle/Texas/24-008749-003/2024(H5N1)	371	736
PB2|PP755596.1|A/cattle/Texas/24-008749-003/2024(H5N1)	372	746
PB2|PP755596.1|A/cattle/Texas/24-008749-003/2024(H5N1)	373	747
PB2|PP755596.1|A/cattle/Texas/24-008749-003/2024(H5N1)	374	746
PB2|PP755596.1|A/cattle/Texas/24-008749-003/2024(H5N1)	375	746
PB2|PP755596.1|A/cattle/Texas/24-008749-003/2024(H5N1)	376	748
PB2|PP755596.1|A/cattle/Texas/24-008749-003/2024(H5N1)	377	746
PB2|PP755596.1|A/cattle/Texas/24-008749-003/2024(H5N1)	378	744
PB2|PP755596.1|A/cattle/Texas/24-008749-003/2024(H5N1)	379	736
PB2|PP755596.1|A/cattle/Texas/24-008749-003/2024(H5N1)	380	731
PB2|PP755596.1|A/cattle/Texas/24-008749-003/2024(H5N1)	381	724
PB2|PP755596.1|A/cattle/Texas/24-008749-003/2024(H5N1)	382	722
PB2|PP755596.1|A/cattle/Texas/24-008749-003/2024(H5N1)	383	726
PB2|PP755596.1|A/cattle/Texas/24-008749-003/2024(H5N1)	384	722
PB2|PP755596.1|A/cattle/Texas/24-008749-003/2024(H5N1)	385	722
PB2|PP755596.1|A/cattle/Texas/24-008749-003/2024(H5N1)	386	741
PB2|PP755596.1|A/cattle/Texas/24-008749-003/2024(H5N1)	387	754
PB2|PP755596.1|A/cattle/Texas/24-008749-003/2024(H5N1)	388	749
PB2|PP755596.1|A/cattle/Texas/24-008749-003/2024(H5N1)	389	749
PB2|PP755596.1|A/cattle/Texas/24-008749-003/2024(H5N1)	390	744
PB2|PP755596.1|A/cattle/Texas/24-008749-003/2024(H5N1)	391	743
PB2|PP755596.1|A/cattle/Texas/24-008749-003/2024(H5N1)	392	786
PB2|PP755596.1|A/cattle/Texas/24-008749-003/2024(H5N1)	393	787
PB2|PP755596.1|A/cattle/Texas/24-008749-003/2024(H5N1)	394	800
PB2|PP755596.1|A/cattle/Texas/24-008749-003/2024(H5N1)	395	794
PB2|PP755596.1|A/cattle/Texas/24-008749-003/2024(H5N1)	396	781
PB2|PP755596.1|A/cattle/Texas/24-008749-003/2024(H5N1)	397	795
PB2|PP755596.1|A/cattle/Texas/24-008749-003/2024(H5N1)	398	795
PB2|PP755596.1|A/cattle/Texas/24-008749-003/2024(H5N1)	399	797
PB2|PP755596.1|A/cattle/Texas/24-008749-003/2024(H5N1)	400	802
PB2|PP755596.1|A/cattle/Texas/24-008749-003/2024(H5N1)	401	751
PB2|PP755596.1|A/cattle/Texas/24-008749-003/2024(H5N1)	402	737
PB2|PP755596.1|A/cattle/Texas/24-008749-003/2024(H5N1)	403	723
PB2|PP755596.1|A/cattle/Texas/24-008749-003/2024(H5N1)	404	725
PB2|PP755596.1|A/cattle/Texas/24-008749-003/2024(H5N1)	405	723
PB2|PP755596.1|A/cattle/Texas/24-008749-003/2024(H5N1)	406	694
PB2|PP755596.1|A/cattle/Texas/24-008749-003/2024(H5N1)	407	694
PB2|PP755596.1|A/cattle/Texas/24-008749-003/2024(H5N1)	408	694
PB2|PP755596.1|A/cattle/Texas/24-008749-003/2024(H5N1)	409	692
PB2|PP755596.1|A/cattle/Texas/24-008749-003/2024(H5N1)	410	667
PB2|PP755596.1|A/cattle/Texas/24-008749-003/2024(H5N1)	411	665
PB2|PP755596.1|A/cattle/Texas/24-008749-003/2024(H5N1)	412	665
PB2|PP755596.1|A/cattle/Texas/24-008749-003/2024(H5N1)	413	663
PB2|PP755596.1|A/cattle/Texas/24-008749-003/2024(H5N1)	414	635
PB2|PP755596.1|A/cattle/Texas/24-008749-003/2024(H5N1)	415	632
PB2|PP755596.1|A/cattle/Texas/24-008749-003/2024(H5N1)	416	626
PB2|PP755596.1|A/cattle/Texas/24-008749-003/2024(H5N1)	417	626
PB2|PP755596.1|A/cattle/Texas/24-008749-003/2024(H5N1)	418	629
PB2|PP755596.1|A/cattle/Texas/24-008749-003/2024(H5N1)	419	637
PB2|PP755596.1|A/cattle/Texas/24-008749-003/2024(H5N1)	420	638
PB2|PP755596.1|A/cattle/Texas/24-008749-003/2024(H5N1)	421	635
PB2|PP755596.1|A/cattle/Texas/24-008749-003/2024(H5N1)	422	625
PB2|PP755596.1|A/cattle/Texas/24-008749-003/2024(H5N1)	423	622
PB2|PP755596.1|A/cattle/Texas/24-008749-003/2024(H5N1)	424	621
PB2|PP755596.1|A/cattle/Texas/24-008749-003/2024(H5N1)	425	622
PB2|PP755596.1|A/cattle/Texas/24-008749-003/2024(H5N1)	426	627
PB2|PP755596.1|A/cattle/Texas/24-008749-003/2024(H5N1)	427	613
PB2|PP755596.1|A/cattle/Texas/24-008749-003/2024(H5N1)	428	607
PB2|PP755596.1|A/cattle/Texas/24-008749-003/2024(H5N1)	429	607
PB2|PP755596.1|A/cattle/Texas/24-008749-003/2024(H5N1)	430	603
PB2|PP755596.1|A/cattle/Texas/24-008749-003/2024(H5N1)	431	609
PB2|PP755596.1|A/cattle/Texas/24-008749-003/2024(H5N1)	432	611
PB2|PP755596.1|A/cattle/Texas/24-008749-003/2024(H5N1)	433	602
PB2|PP755596.1|A/cattle/Texas/24-008749-003/2024(H5N1)	434	603
PB2|PP755596.1|A/cattle/Texas/24-008749-003/2024(H5N1)	435	642
PB2|PP755596.1|A/cattle/Texas/24-008749-003/2024(H5N1)	436	643
PB2|PP755596.1|A/cattle/Texas/24-008749-003/2024(H5N1)	437	685
PB2|PP755596.1|A/cattle/Texas/24-008749-003/2024(H5N1)	438	685
PB2|PP755596.1|A/cattle/Texas/24-008749-003/2024(H5N1)	439	685
PB2|PP755596.1|A/cattle/Texas/24-008749-003/2024(H5N1)	440	680
PB2|PP755596.1|A/cattle/Texas/24-008749-003/2024(H5N1)	441	673
PB2|PP755596.1|A/cattle/Texas/24-008749-003/2024(H5N1)	442	681
PB2|PP755596.1|A/cattle/Texas/24-008749-003/2024(H5N1)	443	687
PB2|PP755596.1|A/cattle/Texas/24-008749-003/2024(H5N1)	444	683
PB2|PP755596.1|A/cattle/Texas/24-008749-003/2024(H5N1)	445	683
PB2|PP755596.1|A/cattle/Texas/24-008749-003/2024(H5N1)	446	638
PB2|PP755596.1|A/cattle/Texas/24-008749-003/2024(H5N1)	447	646
PB2|PP755596.1|A/cattle/Texas/24-008749-003/2024(H5N1)	448	642
PB2|PP755596.1|A/cattle/Texas/24-008749-003/2024(H5N1)	449	643
PB2|PP755596.1|A/cattle/Texas/24-008749-003/2024(H5N1)	450	642
PB2|PP755596.1|A/cattle/Texas/24-008749-003/2024(H5N1)	451	634
PB2|PP755596.1|A/cattle/Texas/24-008749-003/2024(H5N1)	452	661
PB2|PP755596.1|A/cattle/Texas/24-008749-003/2024(H5N1)	453	652
PB2|PP755596.1|A/cattle/Texas/24-008749-003/2024(H5N1)	454	665
PB2|PP755596.1|A/cattle/Texas/24-008749-003/2024(H5N1)	455	668
PB2|PP755596.1|A/cattle/Texas/24-008749-003/2024(H5N1)	456	667
PB2|PP755596.1|A/cattle/Texas/24-008749-003/2024(H5N1)	457	669
PB2|PP755596.1|A/cattle/Texas/24-008749-003/2024(H5N1)	458	685
PB2|PP755596.1|A/cattle/Texas/24-008749-003/2024(H5N1)	459	700
PB2|PP755596.1|A/cattle/Texas/24-008749-003/2024(H5N1)	460	698
PB2|PP755596.1|A/cattle/Texas/24-008749-003/2024(H5N1)	461	669
PB2|PP755596.1|A/cattle/Texas/24-008749-003/2024(H5N1)	462	667
PB2|PP755596.1|A/cattle/Texas/24-008749-003/2024(H5N1)	463	661
PB2|PP755596.1|A/cattle/Texas/24-008749-003/2024(H5N1)	464	687
PB2|PP755596.1|A/cattle/Texas/24-008749-003/2024(H5N1)	465	695
PB2|PP755596.1|A/cattle/Texas/24-008749-003/2024(H5N1)	466	695
PB2|PP755596.1|A/cattle/Texas/24-008749-003/2024(H5N1)	467	695
PB2|PP755596.1|A/cattle/Texas/24-008749-003/2024(H5N1)	468	692
PB2|PP755596.1|A/cattle/Texas/24-008749-003/2024(H5N1)	469	691
PB2|PP755596.1|A/cattle/Texas/24-008749-003/2024(H5N1)	470	695
PB2|PP755596.1|A/cattle/Texas/24-008749-003/2024(H5N1)	471	686
PB2|PP755596.1|A/cattle/Texas/24-008749-003/2024(H5N1)	472	688
PB2|PP755596.1|A/cattle/Texas/24-008749-003/2024(H5N1)	473	670
PB2|PP755596.1|A/cattle/Texas/24-008749-003/2024(H5N1)	474	677
PB2|PP755596.1|A/cattle/Texas/24-008749-003/2024(H5N1)	475	682
PB2|PP755596.1|A/cattle/Texas/24-008749-003/2024(H5N1)	476	685
PB2|PP755596.1|A/cattle/Texas/24-008749-003/2024(H5N1)	477	686
PB2|PP755596.1|A/cattle/Texas/24-008749-003/2024(H5N1)	478	682
PB2|PP755596.1|A/cattle/Texas/24-008749-003/2024(H5N1)	479	682
PB2|PP755596.1|A/cattle/Texas/24-008749-003/2024(H5N1)	480	706
PB2|PP755596.1|A/cattle/Texas/24-008749-003/2024(H5N1)	481	710
PB2|PP755596.1|A/cattle/Texas/24-008749-003/2024(H5N1)	482	733
PB2|PP755596.1|A/cattle/Texas/24-008749-003/2024(H5N1)	483	708
PB2|PP755596.1|A/cattle/Texas/24-008749-003/2024(H5N1)	484	704
PB2|PP755596.1|A/cattle/Texas/24-008749-003/2024(H5N1)	485	705
PB2|PP755596.1|A/cattle/Texas/24-008749-003/2024(H5N1)	486	715
PB2|PP755596.1|A/cattle/Texas/24-008749-003/2024(H5N1)	487	717
PB2|PP755596.1|A/cattle/Texas/24-008749-003/2024(H5N1)	488	726
PB2|PP755596.1|A/cattle/Texas/24-008749-003/2024(H5N1)	489	685
PB2|PP755596.1|A/cattle/Texas/24-008749-003/2024(H5N1)	490	685
PB2|PP755596.1|A/cattle/Texas/24-008749-003/2024(H5N1)	491	677
PB2|PP755596.1|A/cattle/Texas/24-008749-003/2024(H5N1)	492	676
PB2|PP755596.1|A/cattle/Texas/24-008749-003/2024(H5N1)	493	679
PB2|PP755596.1|A/cattle/Texas/24-008749-003/2024(H5N1)	494	687
PB2|PP755596.1|A/cattle/Texas/24-008749-003/2024(H5N1)	495	688
PB2|PP755596.1|A/cattle/Texas/24-008749-003/2024(H5N1)	496	689
PB2|PP755596.1|A/cattle/Texas/24-008749-003/2024(H5N1)	497	687
PB2|PP755596.1|A/cattle/Texas/24-008749-003/2024(H5N1)	498	691
PB2|PP755596.1|A/cattle/Texas/24-008749-003/2024(H5N1)	499	693
PB2|PP755596.1|A/cattle/Texas/24-008749-003/2024(H5N1)	500	700
PB2|PP755596.1|A/cattle/Texas/24-008749-003/2024(H5N1)	501	701
PB2|PP755596.1|A/cattle/Texas/24-008749-003/2024(H5N1)	502	699
PB2|PP755596.1|A/cattle/Texas/24-008749-003/2024(H5N1)	503	699
PB2|PP755596.1|A/cattle/Texas/24-008749-003/2024(H5N1)	504	700
PB2|PP755596.1|A/cattle/Texas/24-008749-003/2024(H5N1)	505	705
PB2|PP755596.1|A/cattle/Texas/24-008749-003/2024(H5N1)	506	709
PB2|PP755596.1|A/cattle/Texas/24-008749-003/2024(H5N1)	507	709
PB2|PP755596.1|A/cattle/Texas/24-008749-003/2024(H5N1)	508	711
PB2|PP755596.1|A/cattle/Texas/24-008749-003/2024(H5N1)	509	712
PB2|PP755596.1|A/cattle/Texas/24-008749-003/2024(H5N1)	510	712
PB2|PP755596.1|A/cattle/Texas/24-008749-003/2024(H5N1)	511	712
PB2|PP755596.1|A/cattle/Texas/24-008749-003/2024(H5N1)	512	730
PB2|PP755596.1|A/cattle/Texas/24-008749-003/2024(H5N1)	513	729
PB2|PP755596.1|A/cattle/Texas/24-008749-003/2024(H5N1)	514	726
PB2|PP755596.1|A/cattle/Texas/24-008749-003/2024(H5N1)	515	716
PB2|PP755596.1|A/cattle/Texas/24-008749-003/2024(H5N1)	516	713
PB2|PP755596.1|A/cattle/Texas/24-008749-003/2024(H5N1)	517	712
PB2|PP755596.1|A/cattle/Texas/24-008749-003/2024(H5N1)	518	725
PB2|PP755596.1|A/cattle/Texas/24-008749-003/2024(H5N1)	519	729
PB2|PP755596.1|A/cattle/Texas/24-008749-003/2024(H5N1)	520	731
PB2|PP755596.1|A/cattle/Texas/24-008749-003/2024(H5N1)	521	715
PB2|PP755596.1|A/cattle/Texas/24-008749-003/2024(H5N1)	522	714
PB2|PP755596.1|A/cattle/Texas/24-008749-003/2024(H5N1)	523	712
PB2|PP755596.1|A/cattle/Texas/24-008749-003/2024(H5N1)	524	716
PB2|PP755596.1|A/cattle/Texas/24-008749-003/2024(H5N1)	525	720
PB2|PP755596.1|A/cattle/Texas/24-008749-003/2024(H5N1)	526	722
PB2|PP755596.1|A/cattle/Texas/24-008749-003/2024(H5N1)	527	729
PB2|PP755596.1|A/cattle/Texas/24-008749-003/2024(H5N1)	528	722
PB2|PP755596.1|A/cattle/Texas/24-008749-003/2024(H5N1)	529	723
PB2|PP755596.1|A/cattle/Texas/24-008749-003/2024(H5N1)	530	717
PB2|PP755596.1|A/cattle/Texas/24-008749-003/2024(H5N1)	531	717
PB2|PP755596.1|A/cattle/Texas/24-008749-003/2024(H5N1)	532	722
PB2|PP755596.1|A/cattle/Texas/24-008749-003/2024(H5N1)	533	718
PB2|PP755596.1|A/cattle/Texas/24-008749-003/2024(H5N1)	534	718
PB2|PP755596.1|A/cattle/Texas/24-008749-003/2024(H5N1)	535	723
PB2|PP755596.1|A/cattle/Texas/24-008749-003/2024(H5N1)	536	716
PB2|PP755596.1|A/cattle/Texas/24-008749-003/2024(H5N1)	537	716
PB2|PP755596.1|A/cattle/Texas/24-008749-003/2024(H5N1)	538	708
PB2|PP755596.1|A/cattle/Texas/24-008749-003/2024(H5N1)	539	719
PB2|PP755596.1|A/cattle/Texas/24-008749-003/2024(H5N1)	540	718
PB2|PP755596.1|A/cattle/Texas/24-008749-003/2024(H5N1)	541	747
PB2|PP755596.1|A/cattle/Texas/24-008749-003/2024(H5N1)	542	709
PB2|PP755596.1|A/cattle/Texas/24-008749-003/2024(H5N1)	543	710
PB2|PP755596.1|A/cattle/Texas/24-008749-003/2024(H5N1)	544	709
PB2|PP755596.1|A/cattle/Texas/24-008749-003/2024(H5N1)	545	709
PB2|PP755596.1|A/cattle/Texas/24-008749-003/2024(H5N1)	546	713
PB2|PP755596.1|A/cattle/Texas/24-008749-003/2024(H5N1)	547	709
PB2|PP755596.1|A/cattle/Texas/24-008749-003/2024(H5N1)	548	696
PB2|PP755596.1|A/cattle/Texas/24-008749-003/2024(H5N1)	549	698
PB2|PP755596.1|A/cattle/Texas/24-008749-003/2024(H5N1)	550	709
PB2|PP755596.1|A/cattle/Texas/24-008749-003/2024(H5N1)	551	706
PB2|PP755596.1|A/cattle/Texas/24-008749-003/2024(H5N1)	552	707
PB2|PP755596.1|A/cattle/Texas/24-008749-003/2024(H5N1)	553	690
PB2|PP755596.1|A/cattle/Texas/24-008749-003/2024(H5N1)	554	705
PB2|PP755596.1|A/cattle/Texas/24-008749-003/2024(H5N1)	555	706
PB2|PP755596.1|A/cattle/Texas/24-008749-003/2024(H5N1)	556	706
PB2|PP755596.1|A/cattle/Texas/24-008749-003/2024(H5N1)	557	706
PB2|PP755596.1|A/cattle/Texas/24-008749-003/2024(H5N1)	558	698
PB2|PP755596.1|A/cattle/Texas/24-008749-003/2024(H5N1)	559	699
PB2|PP755596.1|A/cattle/Texas/24-008749-003/2024(H5N1)	560	699
PB2|PP755596.1|A/cattle/Texas/24-008749-003/2024(H5N1)	561	703
PB2|PP755596.1|A/cattle/Texas/24-008749-003/2024(H5N1)	562	710
PB2|PP755596.1|A/cattle/Texas/24-008749-003/2024(H5N1)	563	710
PB2|PP755596.1|A/cattle/Texas/24-008749-003/2024(H5N1)	564	709
PB2|PP755596.1|A/cattle/Texas/24-008749-003/2024(H5N1)	565	709
PB2|PP755596.1|A/cattle/Texas/24-008749-003/2024(H5N1)	566	713
PB2|PP755596.1|A/cattle/Texas/24-008749-003/2024(H5N1)	567	715
PB2|PP755596.1|A/cattle/Texas/24-008749-003/2024(H5N1)	568	730
PB2|PP755596.1|A/cattle/Texas/24-008749-003/2024(H5N1)	569	727
PB2|PP755596.1|A/cattle/Texas/24-008749-003/2024(H5N1)	570	719
PB2|PP755596.1|A/cattle/Texas/24-008749-003/2024(H5N1)	571	721
PB2|PP755596.1|A/cattle/Texas/24-008749-003/2024(H5N1)	572	721
PB2|PP755596.1|A/cattle/Texas/24-008749-003/2024(H5N1)	573	722
PB2|PP755596.1|A/cattle/Texas/24-008749-003/2024(H5N1)	574	721
PB2|PP755596.1|A/cattle/Texas/24-008749-003/2024(H5N1)	575	724
PB2|PP755596.1|A/cattle/Texas/24-008749-003/2024(H5N1)	576	721
PB2|PP755596.1|A/cattle/Texas/24-008749-003/2024(H5N1)	577	763
PB2|PP755596.1|A/cattle/Texas/24-008749-003/2024(H5N1)	578	762
PB2|PP755596.1|A/cattle/Texas/24-008749-003/2024(H5N1)	579	775
PB2|PP755596.1|A/cattle/Texas/24-008749-003/2024(H5N1)	580	774
PB2|PP755596.1|A/cattle/Texas/24-008749-003/2024(H5N1)	581	774
PB2|PP755596.1|A/cattle/Texas/24-008749-003/2024(H5N1)	582	772
PB2|PP755596.1|A/cattle/Texas/24-008749-003/2024(H5N1)	583	768
PB2|PP755596.1|A/cattle/Texas/24-008749-003/2024(H5N1)	584	775
PB2|PP755596.1|A/cattle/Texas/24-008749-003/2024(H5N1)	585	738
PB2|PP755596.1|A/cattle/Texas/24-008749-003/2024(H5N1)	586	696
PB2|PP755596.1|A/cattle/Texas/24-008749-003/2024(H5N1)	587	694
PB2|PP755596.1|A/cattle/Texas/24-008749-003/2024(H5N1)	588	707
PB2|PP755596.1|A/cattle/Texas/24-008749-003/2024(H5N1)	589	707
PB2|PP755596.1|A/cattle/Texas/24-008749-003/2024(H5N1)	590	707
PB2|PP755596.1|A/cattle/Texas/24-008749-003/2024(H5N1)	591	707
PB2|PP755596.1|A/cattle/Texas/24-008749-003/2024(H5N1)	592	716
PB2|PP755596.1|A/cattle/Texas/24-008749-003/2024(H5N1)	593	708
PB2|PP755596.1|A/cattle/Texas/24-008749-003/2024(H5N1)	594	695
PB2|PP755596.1|A/cattle/Texas/24-008749-003/2024(H5N1)	595	695
PB2|PP755596.1|A/cattle/Texas/24-008749-003/2024(H5N1)	596	698
PB2|PP755596.1|A/cattle/Texas/24-008749-003/2024(H5N1)	597	693
PB2|PP755596.1|A/cattle/Texas/24-008749-003/2024(H5N1)	598	708
PB2|PP755596.1|A/cattle/Texas/24-008749-003/2024(H5N1)	599	709
PB2|PP755596.1|A/cattle/Texas/24-008749-003/2024(H5N1)	600	745
PB2|PP755596.1|A/cattle/Texas/24-008749-003/2024(H5N1)	601	719
PB2|PP755596.1|A/cattle/Texas/24-008749-003/2024(H5N1)	602	719
PB2|PP755596.1|A/cattle/Texas/24-008749-003/2024(H5N1)	603	720
PB2|PP755596.1|A/cattle/Texas/24-008749-003/2024(H5N1)	604	724
PB2|PP755596.1|A/cattle/Texas/24-008749-003/2024(H5N1)	605	714
PB2|PP755596.1|A/cattle/Texas/24-008749-003/2024(H5N1)	606	716
PB2|PP755596.1|A/cattle/Texas/24-008749-003/2024(H5N1)	607	724
PB2|PP755596.1|A/cattle/Texas/24-008749-003/2024(H5N1)	608	727
PB2|PP755596.1|A/cattle/Texas/24-008749-003/2024(H5N1)	609	708
PB2|PP755596.1|A/cattle/Texas/24-008749-003/2024(H5N1)	610	696
PB2|PP755596.1|A/cattle/Texas/24-008749-003/2024(H5N1)	611	698
PB2|PP755596.1|A/cattle/Texas/24-008749-003/2024(H5N1)	612	697
PB2|PP755596.1|A/cattle/Texas/24-008749-003/2024(H5N1)	613	697
PB2|PP755596.1|A/cattle/Texas/24-008749-003/2024(H5N1)	614	700
PB2|PP755596.1|A/cattle/Texas/24-008749-003/2024(H5N1)	615	672
PB2|PP755596.1|A/cattle/Texas/24-008749-003/2024(H5N1)	616	646
PB2|PP755596.1|A/cattle/Texas/24-008749-003/2024(H5N1)	617	644
PB2|PP755596.1|A/cattle/Texas/24-008749-003/2024(H5N1)	618	643
PB2|PP755596.1|A/cattle/Texas/24-008749-003/2024(H5N1)	619	670
PB2|PP755596.1|A/cattle/Texas/24-008749-003/2024(H5N1)	620	671
PB2|PP755596.1|A/cattle/Texas/24-008749-003/2024(H5N1)	621	670
PB2|PP755596.1|A/cattle/Texas/24-008749-003/2024(H5N1)	622	672
PB2|PP755596.1|A/cattle/Texas/24-008749-003/2024(H5N1)	623	689
PB2|PP755596.1|A/cattle/Texas/24-008749-003/2024(H5N1)	624	691
PB2|PP755596.1|A/cattle/Texas/24-008749-003/2024(H5N1)	625	683
PB2|PP755596.1|A/cattle/Texas/24-008749-003/2024(H5N1)	626	679
PB2|PP755596.1|A/cattle/Texas/24-008749-003/2024(H5N1)	627	671
PB2|PP755596.1|A/cattle/Texas/24-008749-003/2024(H5N1)	628	676
PB2|PP755596.1|A/cattle/Texas/24-008749-003/2024(H5N1)	629	671
PB2|PP755596.1|A/cattle/Texas/24-008749-003/2024(H5N1)	630	671
PB2|PP755596.1|A/cattle/Texas/24-008749-003/2024(H5N1)	631	642
PB2|PP755596.1|A/cattle/Texas/24-008749-003/2024(H5N1)	632	628
PB2|PP755596.1|A/cattle/Texas/24-008749-003/2024(H5N1)	633	633
PB2|PP755596.1|A/cattle/Texas/24-008749-003/2024(H5N1)	634	633
PB2|PP755596.1|A/cattle/Texas/24-008749-003/2024(H5N1)	635	636
PB2|PP755596.1|A/cattle/Texas/24-008749-003/2024(H5N1)	636	633
PB2|PP755596.1|A/cattle/Texas/24-008749-003/2024(H5N1)	637	623
PB2|PP755596.1|A/cattle/Texas/24-008749-003/2024(H5N1)	638	623
PB2|PP755596.1|A/cattle/Texas/24-008749-003/2024(H5N1)	639	614
PB2|PP755596.1|A/cattle/Texas/24-008749-003/2024(H5N1)	640	614
PB2|PP755596.1|A/cattle/Texas/24-008749-003/2024(H5N1)	641	625
PB2|PP755596.1|A/cattle/Texas/24-008749-003/2024(H5N1)	642	627
PB2|PP755596.1|A/cattle/Texas/24-008749-003/2024(H5N1)	643	632
PB2|PP755596.1|A/cattle/Texas/24-008749-003/2024(H5N1)	644	627
PB2|PP755596.1|A/cattle/Texas/24-008749-003/2024(H5N1)	645	643
PB2|PP755596.1|A/cattle/Texas/24-008749-003/2024(H5N1)	646	643
PB2|PP755596.1|A/cattle/Texas/24-008749-003/2024(H5N1)	647	648
PB2|PP755596.1|A/cattle/Texas/24-008749-003/2024(H5N1)	648	655
PB2|PP755596.1|A/cattle/Texas/24-008749-003/2024(H5N1)	649	652
PB2|PP755596.1|A/cattle/Texas/24-008749-003/2024(H5N1)	650	648
PB2|PP755596.1|A/cattle/Texas/24-008749-003/2024(H5N1)	651	647
PB2|PP755596.1|A/cattle/Texas/24-008749-003/2024(H5N1)	652	651
PB2|PP755596.1|A/cattle/Texas/24-008749-003/2024(H5N1)	653	653
PB2|PP755596.1|A/cattle/Texas/24-008749-003/2024(H5N1)	654	660
PB2|PP755596.1|A/cattle/Texas/24-008749-003/2024(H5N1)	655	659
PB2|PP755596.1|A/cattle/Texas/24-008749-003/2024(H5N1)	656	652
PB2|PP755596.1|A/cattle/Texas/24-008749-003/2024(H5N1)	657	647
PB2|PP755596.1|A/cattle/Texas/24-008749-003/2024(H5N1)	658	649
PB2|PP755596.1|A/cattle/Texas/24-008749-003/2024(H5N1)	659	652
PB2|PP755596.1|A/cattle/Texas/24-008749-003/2024(H5N1)	660	651
PB2|PP755596.1|A/cattle/Texas/24-008749-003/2024(H5N1)	661	652
PB2|PP755596.1|A/cattle/Texas/24-008749-003/2024(H5N1)	662	655
PB2|PP755596.1|A/cattle/Texas/24-008749-003/2024(H5N1)	663	651
PB2|PP755596.1|A/cattle/Texas/24-008749-003/2024(H5N1)	664	652
PB2|PP755596.1|A/cattle/Texas/24-008749-003/2024(H5N1)	665	661
PB2|PP755596.1|A/cattle/Texas/24-008749-003/2024(H5N1)	666	662
PB2|PP755596.1|A/cattle/Texas/24-008749-003/2024(H5N1)	667	660
PB2|PP755596.1|A/cattle/Texas/24-008749-003/2024(H5N1)	668	663
PB2|PP755596.1|A/cattle/Texas/24-008749-003/2024(H5N1)	669	663
PB2|PP755596.1|A/cattle/Texas/24-008749-003/2024(H5N1)	670	661
PB2|PP755596.1|A/cattle/Texas/24-008749-003/2024(H5N1)	671	680
PB2|PP755596.1|A/cattle/Texas/24-008749-003/2024(H5N1)	672	681
PB2|PP755596.1|A/cattle/Texas/24-008749-003/2024(H5N1)	673	677
PB2|PP755596.1|A/cattle/Texas/24-008749-003/2024(H5N1)	674	680
PB2|PP755596.1|A/cattle/Texas/24-008749-003/2024(H5N1)	675	679
PB2|PP755596.1|A/cattle/Texas/24-008749-003/2024(H5N1)	676	673
PB2|PP755596.1|A/cattle/Texas/24-008749-003/2024(H5N1)	677	678
PB2|PP755596.1|A/cattle/Texas/24-008749-003/2024(H5N1)	678	676
PB2|PP755596.1|A/cattle/Texas/24-008749-003/2024(H5N1)	679	686
PB2|PP755596.1|A/cattle/Texas/24-008749-003/2024(H5N1)	680	686
PB2|PP755596.1|A/cattle/Texas/24-008749-003/2024(H5N1)	681	690
PB2|PP755596.1|A/cattle/Texas/24-008749-003/2024(H5N1)	682	688
PB2|PP755596.1|A/cattle/Texas/24-008749-003/2024(H5N1)	683	730
PB2|PP755596.1|A/cattle/Texas/24-008749-003/2024(H5N1)	684	733
PB2|PP755596.1|A/cattle/Texas/24-008749-003/2024(H5N1)	685	733
PB2|PP755596.1|A/cattle/Texas/24-008749-003/2024(H5N1)	686	732
PB2|PP755596.1|A/cattle/Texas/24-008749-003/2024(H5N1)	687	723
PB2|PP755596.1|A/cattle/Texas/24-008749-003/2024(H5N1)	688	718
PB2|PP755596.1|A/cattle/Texas/24-008749-003/2024(H5N1)	689	709
PB2|PP755596.1|A/cattle/Texas/24-008749-003/2024(H5N1)	690	709
PB2|PP755596.1|A/cattle/Texas/24-008749-003/2024(H5N1)	691	713
PB2|PP755596.1|A/cattle/Texas/24-008749-003/2024(H5N1)	692	688
PB2|PP755596.1|A/cattle/Texas/24-008749-003/2024(H5N1)	693	684
PB2|PP755596.1|A/cattle/Texas/24-008749-003/2024(H5N1)	694	679
PB2|PP755596.1|A/cattle/Texas/24-008749-003/2024(H5N1)	695	676
PB2|PP755596.1|A/cattle/Texas/24-008749-003/2024(H5N1)	696	688
PB2|PP755596.1|A/cattle/Texas/24-008749-003/2024(H5N1)	697	728
PB2|PP755596.1|A/cattle/Texas/24-008749-003/2024(H5N1)	698	734
PB2|PP755596.1|A/cattle/Texas/24-008749-003/2024(H5N1)	699	735
PB2|PP755596.1|A/cattle/Texas/24-008749-003/2024(H5N1)	700	719
PB2|PP755596.1|A/cattle/Texas/24-008749-003/2024(H5N1)	701	720
PB2|PP755596.1|A/cattle/Texas/24-008749-003/2024(H5N1)	702	718
PB2|PP755596.1|A/cattle/Texas/24-008749-003/2024(H5N1)	703	721
PB2|PP755596.1|A/cattle/Texas/24-008749-003/2024(H5N1)	704	716
PB2|PP755596.1|A/cattle/Texas/24-008749-003/2024(H5N1)	705	709
PB2|PP755596.1|A/cattle/Texas/24-008749-003/2024(H5N1)	706	709
PB2|PP755596.1|A/cattle/Texas/24-008749-003/2024(H5N1)	707	710
PB2|PP755596.1|A/cattle/Texas/24-008749-003/2024(H5N1)	708	729
PB2|PP755596.1|A/cattle/Texas/24-008749-003/2024(H5N1)	709	745
PB2|PP755596.1|A/cattle/Texas/24-008749-003/2024(H5N1)	710	747
PB2|PP755596.1|A/cattle/Texas/24-008749-003/2024(H5N1)	711	743
PB2|PP755596.1|A/cattle/Texas/24-008749-003/2024(H5N1)	712	737
PB2|PP755596.1|A/cattle/Texas/24-008749-003/2024(H5N1)	713	738
PB2|PP755596.1|A/cattle/Texas/24-008749-003/2024(H5N1)	714	737
PB2|PP755596.1|A/cattle/Texas/24-008749-003/2024(H5N1)	715	751
PB2|PP755596.1|A/cattle/Texas/24-008749-003/2024(H5N1)	716	751
PB2|PP755596.1|A/cattle/Texas/24-008749-003/2024(H5N1)	717	742
PB2|PP755596.1|A/cattle/Texas/24-008749-003/2024(H5N1)	718	728
PB2|PP755596.1|A/cattle/Texas/24-008749-003/2024(H5N1)	719	727
PB2|PP755596.1|A/cattle/Texas/24-008749-003/2024(H5N1)	720	727
PB2|PP755596.1|A/cattle/Texas/24-008749-003/2024(H5N1)	721	739
PB2|PP755596.1|A/cattle/Texas/24-008749-003/2024(H5N1)	722	735
PB2|PP755596.1|A/cattle/Texas/24-008749-003/2024(H5N1)	723	733
PB2|PP755596.1|A/cattle/Texas/24-008749-003/2024(H5N1)	724	743
PB2|PP755596.1|A/cattle/Texas/24-008749-003/2024(H5N1)	725	742
PB2|PP755596.1|A/cattle/Texas/24-008749-003/2024(H5N1)	726	766
PB2|PP755596.1|A/cattle/Texas/24-008749-003/2024(H5N1)	727	767
PB2|PP755596.1|A/cattle/Texas/24-008749-003/2024(H5N1)	728	738
PB2|PP755596.1|A/cattle/Texas/24-008749-003/2024(H5N1)	729	748
PB2|PP755596.1|A/cattle/Texas/24-008749-003/2024(H5N1)	730	747
PB2|PP755596.1|A/cattle/Texas/24-008749-003/2024(H5N1)	731	749
PB2|PP755596.1|A/cattle/Texas/24-008749-003/2024(H5N1)	732	749
PB2|PP755596.1|A/cattle/Texas/24-008749-003/2024(H5N1)	733	746
PB2|PP755596.1|A/cattle/Texas/24-008749-003/2024(H5N1)	734	748
PB2|PP755596.1|A/cattle/Texas/24-008749-003/2024(H5N1)	735	733
PB2|PP755596.1|A/cattle/Texas/24-008749-003/2024(H5N1)	736	737
PB2|PP755596.1|A/cattle/Texas/24-008749-003/2024(H5N1)	737	732
PB2|PP755596.1|A/cattle/Texas/24-008749-003/2024(H5N1)	738	721
PB2|PP755596.1|A/cattle/Texas/24-008749-003/2024(H5N1)	739	721
PB2|PP755596.1|A/cattle/Texas/24-008749-003/2024(H5N1)	740	729
PB2|PP755596.1|A/cattle/Texas/24-008749-003/2024(H5N1)	741	734
PB2|PP755596.1|A/cattle/Texas/24-008749-003/2024(H5N1)	742	734
PB2|PP755596.1|A/cattle/Texas/24-008749-003/2024(H5N1)	743	724
PB2|PP755596.1|A/cattle/Texas/24-008749-003/2024(H5N1)	744	721
PB2|PP755596.1|A/cattle/Texas/24-008749-003/2024(H5N1)	745	721
PB2|PP755596.1|A/cattle/Texas/24-008749-003/2024(H5N1)	746	721
PB2|PP755596.1|A/cattle/Texas/24-008749-003/2024(H5N1)	747	728
PB2|PP755596.1|A/cattle/Texas/24-008749-003/2024(H5N1)	748	735
PB2|PP755596.1|A/cattle/Texas/24-008749-003/2024(H5N1)	749	720
PB2|PP755596.1|A/cattle/Texas/24-008749-003/2024(H5N1)	750	720
PB2|PP755596.1|A/cattle/Texas/24-008749-003/2024(H5N1)	751	690
PB2|PP755596.1|A/cattle/Texas/24-008749-003/2024(H5N1)	752	686
PB2|PP755596.1|A/cattle/Texas/24-008749-003/2024(H5N1)	753	686
PB2|PP755596.1|A/cattle/Texas/24-008749-003/2024(H5N1)	754	680
PB2|PP755596.1|A/cattle/Texas/24-008749-003/2024(H5N1)	755	683
PB2|PP755596.1|A/cattle/Texas/24-008749-003/2024(H5N1)	756	679
PB2|PP755596.1|A/cattle/Texas/24-008749-003/2024(H5N1)	757	676
PB2|PP755596.1|A/cattle/Texas/24-008749-003/2024(H5N1)	758	664
PB2|PP755596.1|A/cattle/Texas/24-008749-003/2024(H5N1)	759	657
PB2|PP755596.1|A/cattle/Texas/24-008749-003/2024(H5N1)	760	661
PB2|PP755596.1|A/cattle/Texas/24-008749-003/2024(H5N1)	761	673
PB2|PP755596.1|A/cattle/Texas/24-008749-003/2024(H5N1)	762	672
PB2|PP755596.1|A/cattle/Texas/24-008749-003/2024(H5N1)	763	671
PB2|PP755596.1|A/cattle/Texas/24-008749-003/2024(H5N1)	764	668
PB2|PP755596.1|A/cattle/Texas/24-008749-003/2024(H5N1)	765	659
PB2|PP755596.1|A/cattle/Texas/24-008749-003/2024(H5N1)	766	684
PB2|PP755596.1|A/cattle/Texas/24-008749-003/2024(H5N1)	767	685
PB2|PP755596.1|A/cattle/Texas/24-008749-003/2024(H5N1)	768	702
PB2|PP755596.1|A/cattle/Texas/24-008749-003/2024(H5N1)	769	692
PB2|PP755596.1|A/cattle/Texas/24-008749-003/2024(H5N1)	770	665
PB2|PP755596.1|A/cattle/Texas/24-008749-003/2024(H5N1)	771	662
PB2|PP755596.1|A/cattle/Texas/24-008749-003/2024(H5N1)	772	663
PB2|PP755596.1|A/cattle/Texas/24-008749-003/2024(H5N1)	773	665
PB2|PP755596.1|A/cattle/Texas/24-008749-003/2024(H5N1)	774	651
PB2|PP755596.1|A/cattle/Texas/24-008749-003/2024(H5N1)	775	649
PB2|PP755596.1|A/cattle/Texas/24-008749-003/2024(H5N1)	776	649
PB2|PP755596.1|A/cattle/Texas/24-008749-003/2024(H5N1)	777	606
PB2|PP755596.1|A/cattle/Texas/24-008749-003/2024(H5N1)	778	609
PB2|PP755596.1|A/cattle/Texas/24-008749-003/2024(H5N1)	779	606
PB2|PP755596.1|A/cattle/Texas/24-008749-003/2024(H5N1)	780	606
PB2|PP755596.1|A/cattle/Texas/24-008749-003/2024(H5N1)	781	606
PB2|PP755596.1|A/cattle/Texas/24-008749-003/2024(H5N1)	782	607
PB2|PP755596.1|A/cattle/Texas/24-008749-003/2024(H5N1)	783	622
PB2|PP755596.1|A/cattle/Texas/24-008749-003/2024(H5N1)	784	661
PB2|PP755596.1|A/cattle/Texas/24-008749-003/2024(H5N1)	785	676
PB2|PP755596.1|A/cattle/Texas/24-008749-003/2024(H5N1)	786	676
PB2|PP755596.1|A/cattle/Texas/24-008749-003/2024(H5N1)	787	718
PB2|PP755596.1|A/cattle/Texas/24-008749-003/2024(H5N1)	788	729
PB2|PP755596.1|A/cattle/Texas/24-008749-003/2024(H5N1)	789	732
PB2|PP755596.1|A/cattle/Texas/24-008749-003/2024(H5N1)	790	736
PB2|PP755596.1|A/cattle/Texas/24-008749-003/2024(H5N1)	791	736
PB2|PP755596.1|A/cattle/Texas/24-008749-003/2024(H5N1)	792	748
PB2|PP755596.1|A/cattle/Texas/24-008749-003/2024(H5N1)	793	745
PB2|PP755596.1|A/cattle/Texas/24-008749-003/2024(H5N1)	794	741
PB2|PP755596.1|A/cattle/Texas/24-008749-003/2024(H5N1)	795	741
PB2|PP755596.1|A/cattle/Texas/24-008749-003/2024(H5N1)	796	760
PB2|PP755596.1|A/cattle/Texas/24-008749-003/2024(H5N1)	797	773
PB2|PP755596.1|A/cattle/Texas/24-008749-003/2024(H5N1)	798	768
PB2|PP755596.1|A/cattle/Texas/24-008749-003/2024(H5N1)	799	762
PB2|PP755596.1|A/cattle/Texas/24-008749-003/2024(H5N1)	800	769
PB2|PP755596.1|A/cattle/Texas/24-008749-003/2024(H5N1)	801	762
PB2|PP755596.1|A/cattle/Texas/24-008749-003/2024(H5N1)	802	762
PB2|PP755596.1|A/cattle/Texas/24-008749-003/2024(H5N1)	803	759
PB2|PP755596.1|A/cattle/Texas/24-008749-003/2024(H5N1)	804	774
PB2|PP755596.1|A/cattle/Texas/24-008749-003/2024(H5N1)	805	767
PB2|PP755596.1|A/cattle/Texas/24-008749-003/2024(H5N1)	806	780
PB2|PP755596.1|A/cattle/Texas/24-008749-003/2024(H5N1)	807	801
PB2|PP755596.1|A/cattle/Texas/24-008749-003/2024(H5N1)	808	805
PB2|PP755596.1|A/cattle/Texas/24-008749-003/2024(H5N1)	809	801
PB2|PP755596.1|A/cattle/Texas/24-008749-003/2024(H5N1)	810	805
PB2|PP755596.1|A/cattle/Texas/24-008749-003/2024(H5N1)	811	803
PB2|PP755596.1|A/cattle/Texas/24-008749-003/2024(H5N1)	812	811
PB2|PP755596.1|A/cattle/Texas/24-008749-003/2024(H5N1)	813	810
PB2|PP755596.1|A/cattle/Texas/24-008749-003/2024(H5N1)	814	818
PB2|PP755596.1|A/cattle/Texas/24-008749-003/2024(H5N1)	815	819
PB2|PP755596.1|A/cattle/Texas/24-008749-003/2024(H5N1)	816	822
PB2|PP755596.1|A/cattle/Texas/24-008749-003/2024(H5N1)	817	831
PB2|PP755596.1|A/cattle/Texas/24-008749-003/2024(H5N1)	818	832
PB2|PP755596.1|A/cattle/Texas/24-008749-003/2024(H5N1)	819	832
PB2|PP755596.1|A/cattle/Texas/24-008749-003/2024(H5N1)	820	821
PB2|PP755596.1|A/cattle/Texas/24-008749-003/2024(H5N1)	821	819
PB2|PP755596.1|A/cattle/Texas/24-008749-003/2024(H5N1)	822	799
PB2|PP755596.1|A/cattle/Texas/24-008749-003/2024(H5N1)	823	803
PB2|PP755596.1|A/cattle/Texas/24-008749-003/2024(H5N1)	824	813
PB2|PP755596.1|A/cattle/Texas/24-008749-003/2024(H5N1)	825	833
PB2|PP755596.1|A/cattle/Texas/24-008749-003/2024(H5N1)	826	831
PB2|PP755596.1|A/cattle/Texas/24-008749-003/2024(H5N1)	827	822
PB2|PP755596.1|A/cattle/Texas/24-008749-003/2024(H5N1)	828	822
PB2|PP755596.1|A/cattle/Texas/24-008749-003/2024(H5N1)	829	835
PB2|PP755596.1|A/cattle/Texas/24-008749-003/2024(H5N1)	830	826
PB2|PP755596.1|A/cattle/Texas/24-008749-003/2024(H5N1)	831	826
PB2|PP755596.1|A/cattle/Texas/24-008749-003/2024(H5N1)	832	821
PB2|PP755596.1|A/cattle/Texas/24-008749-003/2024(H5N1)	833	798
PB2|PP755596.1|A/cattle/Texas/24-008749-003/2024(H5N1)	834	772
PB2|PP755596.1|A/cattle/Texas/24-008749-003/2024(H5N1)	835	771
PB2|PP755596.1|A/cattle/Texas/24-008749-003/2024(H5N1)	836	778
PB2|PP755596.1|A/cattle/Texas/24-008749-003/2024(H5N1)	837	773
PB2|PP755596.1|A/cattle/Texas/24-008749-003/2024(H5N1)	838	835
PB2|PP755596.1|A/cattle/Texas/24-008749-003/2024(H5N1)	839	834
PB2|PP755596.1|A/cattle/Texas/24-008749-003/2024(H5N1)	840	837
PB2|PP755596.1|A/cattle/Texas/24-008749-003/2024(H5N1)	841	837
PB2|PP755596.1|A/cattle/Texas/24-008749-003/2024(H5N1)	842	826
PB2|PP755596.1|A/cattle/Texas/24-008749-003/2024(H5N1)	843	826
PB2|PP755596.1|A/cattle/Texas/24-008749-003/2024(H5N1)	844	825
PB2|PP755596.1|A/cattle/Texas/24-008749-003/2024(H5N1)	845	819
PB2|PP755596.1|A/cattle/Texas/24-008749-003/2024(H5N1)	846	820
PB2|PP755596.1|A/cattle/Texas/24-008749-003/2024(H5N1)	847	780
PB2|PP755596.1|A/cattle/Texas/24-008749-003/2024(H5N1)	848	768
PB2|PP755596.1|A/cattle/Texas/24-008749-003/2024(H5N1)	849	800
PB2|PP755596.1|A/cattle/Texas/24-008749-003/2024(H5N1)	850	799
PB2|PP755596.1|A/cattle/Texas/24-008749-003/2024(H5N1)	851	801
PB2|PP755596.1|A/cattle/Texas/24-008749-003/2024(H5N1)	852	804
PB2|PP755596.1|A/cattle/Texas/24-008749-003/2024(H5N1)	853	807
PB2|PP755596.1|A/cattle/Texas/24-008749-003/2024(H5N1)	854	806
PB2|PP755596.1|A/cattle/Texas/24-008749-003/2024(H5N1)	855	806
PB2|PP755596.1|A/cattle/Texas/24-008749-003/2024(H5N1)	856	804
PB2|PP755596.1|A/cattle/Texas/24-008749-003/2024(H5N1)	857	811
PB2|PP755596.1|A/cattle/Texas/24-008749-003/2024(H5N1)	858	789
PB2|PP755596.1|A/cattle/Texas/24-008749-003/2024(H5N1)	859	784
PB2|PP755596.1|A/cattle/Texas/24-008749-003/2024(H5N1)	860	785
PB2|PP755596.1|A/cattle/Texas/24-008749-003/2024(H5N1)	861	783
PB2|PP755596.1|A/cattle/Texas/24-008749-003/2024(H5N1)	862	791
PB2|PP755596.1|A/cattle/Texas/24-008749-003/2024(H5N1)	863	791
PB2|PP755596.1|A/cattle/Texas/24-008749-003/2024(H5N1)	864	798
PB2|PP755596.1|A/cattle/Texas/24-008749-003/2024(H5N1)	865	797
PB2|PP755596.1|A/cattle/Texas/24-008749-003/2024(H5N1)	866	781
PB2|PP755596.1|A/cattle/Texas/24-008749-003/2024(H5N1)	867	780
PB2|PP755596.1|A/cattle/Texas/24-008749-003/2024(H5N1)	868	780
PB2|PP755596.1|A/cattle/Texas/24-008749-003/2024(H5N1)	869	780
PB2|PP755596.1|A/cattle/Texas/24-008749-003/2024(H5N1)	870	780
PB2|PP755596.1|A/cattle/Texas/24-008749-003/2024(H5N1)	871	780
PB2|PP755596.1|A/cattle/Texas/24-008749-003/2024(H5N1)	872	808
PB2|PP755596.1|A/cattle/Texas/24-008749-003/2024(H5N1)	873	797
PB2|PP755596.1|A/cattle/Texas/24-008749-003/2024(H5N1)	874	800
PB2|PP755596.1|A/cattle/Texas/24-008749-003/2024(H5N1)	875	799
PB2|PP755596.1|A/cattle/Texas/24-008749-003/2024(H5N1)	876	800
PB2|PP755596.1|A/cattle/Texas/24-008749-003/2024(H5N1)	877	770
PB2|PP755596.1|A/cattle/Texas/24-008749-003/2024(H5N1)	878	773
PB2|PP755596.1|A/cattle/Texas/24-008749-003/2024(H5N1)	879	776
PB2|PP755596.1|A/cattle/Texas/24-008749-003/2024(H5N1)	880	775
PB2|PP755596.1|A/cattle/Texas/24-008749-003/2024(H5N1)	881	762
PB2|PP755596.1|A/cattle/Texas/24-008749-003/2024(H5N1)	882	763
PB2|PP755596.1|A/cattle/Texas/24-008749-003/2024(H5N1)	883	775
PB2|PP755596.1|A/cattle/Texas/24-008749-003/2024(H5N1)	884	777
PB2|PP755596.1|A/cattle/Texas/24-008749-003/2024(H5N1)	885	772
PB2|PP755596.1|A/cattle/Texas/24-008749-003/2024(H5N1)	886	772
PB2|PP755596.1|A/cattle/Texas/24-008749-003/2024(H5N1)	887	767
PB2|PP755596.1|A/cattle/Texas/24-008749-003/2024(H5N1)	888	768
PB2|PP755596.1|A/cattle/Texas/24-008749-003/2024(H5N1)	889	763
PB2|PP755596.1|A/cattle/Texas/24-008749-003/2024(H5N1)	890	775
PB2|PP755596.1|A/cattle/Texas/24-008749-003/2024(H5N1)	891	770
PB2|PP755596.1|A/cattle/Texas/24-008749-003/2024(H5N1)	892	770
PB2|PP755596.1|A/cattle/Texas/24-008749-003/2024(H5N1)	893	768
PB2|PP755596.1|A/cattle/Texas/24-008749-003/2024(H5N1)	894	768
PB2|PP755596.1|A/cattle/Texas/24-008749-003/2024(H5N1)	895	770
PB2|PP755596.1|A/cattle/Texas/24-008749-003/2024(H5N1)	896	770
PB2|PP755596.1|A/cattle/Texas/24-008749-003/2024(H5N1)	897	772
PB2|PP755596.1|A/cattle/Texas/24-008749-003/2024(H5N1)	898	759
PB2|PP755596.1|A/cattle/Texas/24-008749-003/2024(H5N1)	899	758
PB2|PP755596.1|A/cattle/Texas/24-008749-003/2024(H5N1)	900	763
PB2|PP755596.1|A/cattle/Texas/24-008749-003/2024(H5N1)	901	765
PB2|PP755596.1|A/cattle/Texas/24-008749-003/2024(H5N1)	902	799
PB2|PP755596.1|A/cattle/Texas/24-008749-003/2024(H5N1)	903	805
PB2|PP755596.1|A/cattle/Texas/24-008749-003/2024(H5N1)	904	807
PB2|PP755596.1|A/cattle/Texas/24-008749-003/2024(H5N1)	905	809
PB2|PP755596.1|A/cattle/Texas/24-008749-003/2024(H5N1)	906	807
PB2|PP755596.1|A/cattle/Texas/24-008749-003/2024(H5N1)	907	805
PB2|PP755596.1|A/cattle/Texas/24-008749-003/2024(H5N1)	908	803
PB2|PP755596.1|A/cattle/Texas/24-008749-003/2024(H5N1)	909	799
PB2|PP755596.1|A/cattle/Texas/24-008749-003/2024(H5N1)	910	803
PB2|PP755596.1|A/cattle/Texas/24-008749-003/2024(H5N1)	911	795
PB2|PP755596.1|A/cattle/Texas/24-008749-003/2024(H5N1)	912	794
PB2|PP755596.1|A/cattle/Texas/24-008749-003/2024(H5N1)	913	794
PB2|PP755596.1|A/cattle/Texas/24-008749-003/2024(H5N1)	914	797
PB2|PP755596.1|A/cattle/Texas/24-008749-003/2024(H5N1)	915	797
PB2|PP755596.1|A/cattle/Texas/24-008749-003/2024(H5N1)	916	784
PB2|PP755596.1|A/cattle/Texas/24-008749-003/2024(H5N1)	917	777
PB2|PP755596.1|A/cattle/Texas/24-008749-003/2024(H5N1)	918	778
PB2|PP755596.1|A/cattle/Texas/24-008749-003/2024(H5N1)	919	802
PB2|PP755596.1|A/cattle/Texas/24-008749-003/2024(H5N1)	920	805
PB2|PP755596.1|A/cattle/Texas/24-008749-003/2024(H5N1)	921	789
PB2|PP755596.1|A/cattle/Texas/24-008749-003/2024(H5N1)	922	790
PB2|PP755596.1|A/cattle/Texas/24-008749-003/2024(H5N1)	923	790
PB2|PP755596.1|A/cattle/Texas/24-008749-003/2024(H5N1)	924	791
PB2|PP755596.1|A/cattle/Texas/24-008749-003/2024(H5N1)	925	847
PB2|PP755596.1|A/cattle/Texas/24-008749-003/2024(H5N1)	926	855
PB2|PP755596.1|A/cattle/Texas/24-008749-003/2024(H5N1)	927	887
PB2|PP755596.1|A/cattle/Texas/24-008749-003/2024(H5N1)	928	874
PB2|PP755596.1|A/cattle/Texas/24-008749-003/2024(H5N1)	929	873
PB2|PP755596.1|A/cattle/Texas/24-008749-003/2024(H5N1)	930	883
PB2|PP755596.1|A/cattle/Texas/24-008749-003/2024(H5N1)	931	881
PB2|PP755596.1|A/cattle/Texas/24-008749-003/2024(H5N1)	932	881
PB2|PP755596.1|A/cattle/Texas/24-008749-003/2024(H5N1)	933	891
PB2|PP755596.1|A/cattle/Texas/24-008749-003/2024(H5N1)	934	899
PB2|PP755596.1|A/cattle/Texas/24-008749-003/2024(H5N1)	935	894
PB2|PP755596.1|A/cattle/Texas/24-008749-003/2024(H5N1)	936	884
PB2|PP755596.1|A/cattle/Texas/24-008749-003/2024(H5N1)	937	892
PB2|PP755596.1|A/cattle/Texas/24-008749-003/2024(H5N1)	938	854
PB2|PP755596.1|A/cattle/Texas/24-008749-003/2024(H5N1)	939	844
PB2|PP755596.1|A/cattle/Texas/24-008749-003/2024(H5N1)	940	856
PB2|PP755596.1|A/cattle/Texas/24-008749-003/2024(H5N1)	941	857
PB2|PP755596.1|A/cattle/Texas/24-008749-003/2024(H5N1)	942	860
PB2|PP755596.1|A/cattle/Texas/24-008749-003/2024(H5N1)	943	853
PB2|PP755596.1|A/cattle/Texas/24-008749-003/2024(H5N1)	944	854
PB2|PP755596.1|A/cattle/Texas/24-008749-003/2024(H5N1)	945	858
PB2|PP755596.1|A/cattle/Texas/24-008749-003/2024(H5N1)	946	882
PB2|PP755596.1|A/cattle/Texas/24-008749-003/2024(H5N1)	947	899
PB2|PP755596.1|A/cattle/Texas/24-008749-003/2024(H5N1)	948	892
PB2|PP755596.1|A/cattle/Texas/24-008749-003/2024(H5N1)	949	888
PB2|PP755596.1|A/cattle/Texas/24-008749-003/2024(H5N1)	950	888
PB2|PP755596.1|A/cattle/Texas/24-008749-003/2024(H5N1)	951	889
PB2|PP755596.1|A/cattle/Texas/24-008749-003/2024(H5N1)	952	892
PB2|PP755596.1|A/cattle/Texas/24-008749-003/2024(H5N1)	953	909
PB2|PP755596.1|A/cattle/Texas/24-008749-003/2024(H5N1)	954	920
PB2|PP755596.1|A/cattle/Texas/24-008749-003/2024(H5N1)	955	918
PB2|PP755596.1|A/cattle/Texas/24-008749-003/2024(H5N1)	956	893
PB2|PP755596.1|A/cattle/Texas/24-008749-003/2024(H5N1)	957	880
PB2|PP755596.1|A/cattle/Texas/24-008749-003/2024(H5N1)	958	881
PB2|PP755596.1|A/cattle/Texas/24-008749-003/2024(H5N1)	959	877
PB2|PP755596.1|A/cattle/Texas/24-008749-003/2024(H5N1)	960	882
PB2|PP755596.1|A/cattle/Texas/24-008749-003/2024(H5N1)	961	882
PB2|PP755596.1|A/cattle/Texas/24-008749-003/2024(H5N1)	962	866
PB2|PP755596.1|A/cattle/Texas/24-008749-003/2024(H5N1)	963	858
PB2|PP755596.1|A/cattle/Texas/24-008749-003/2024(H5N1)	964	869
PB2|PP755596.1|A/cattle/Texas/24-008749-003/2024(H5N1)	965	861
PB2|PP755596.1|A/cattle/Texas/24-008749-003/2024(H5N1)	966	863
PB2|PP755596.1|A/cattle/Texas/24-008749-003/2024(H5N1)	967	862
PB2|PP755596.1|A/cattle/Texas/24-008749-003/2024(H5N1)	968	856
PB2|PP755596.1|A/cattle/Texas/24-008749-003/2024(H5N1)	969	848
PB2|PP755596.1|A/cattle/Texas/24-008749-003/2024(H5N1)	970	850
PB2|PP755596.1|A/cattle/Texas/24-008749-003/2024(H5N1)	971	861
PB2|PP755596.1|A/cattle/Texas/24-008749-003/2024(H5N1)	972	863
PB2|PP755596.1|A/cattle/Texas/24-008749-003/2024(H5N1)	973	853
PB2|PP755596.1|A/cattle/Texas/24-008749-003/2024(H5N1)	974	850
PB2|PP755596.1|A/cattle/Texas/24-008749-003/2024(H5N1)	975	879
PB2|PP755596.1|A/cattle/Texas/24-008749-003/2024(H5N1)	976	860
PB2|PP755596.1|A/cattle/Texas/24-008749-003/2024(H5N1)	977	865
PB2|PP755596.1|A/cattle/Texas/24-008749-003/2024(H5N1)	978	858
PB2|PP755596.1|A/cattle/Texas/24-008749-003/2024(H5N1)	979	860
PB2|PP755596.1|A/cattle/Texas/24-008749-003/2024(H5N1)	980	847
PB2|PP755596.1|A/cattle/Texas/24-008749-003/2024(H5N1)	981	847
PB2|PP755596.1|A/cattle/Texas/24-008749-003/2024(H5N1)	982	846
PB2|PP755596.1|A/cattle/Texas/24-008749-003/2024(H5N1)	983	846
PB2|PP755596.1|A/cattle/Texas/24-008749-003/2024(H5N1)	984	846
PB2|PP755596.1|A/cattle/Texas/24-008749-003/2024(H5N1)	985	846
PB2|PP755596.1|A/cattle/Texas/24-008749-003/2024(H5N1)	986	842
PB2|PP755596.1|A/cattle/Texas/24-008749-003/2024(H5N1)	987	846
PB2|PP755596.1|A/cattle/Texas/24-008749-003/2024(H5N1)	988	848
PB2|PP755596.1|A/cattle/Texas/24-008749-003/2024(H5N1)	989	789
PB2|PP755596.1|A/cattle/Texas/24-008749-003/2024(H5N1)	990	788
PB2|PP755596.1|A/cattle/Texas/24-008749-003/2024(H5N1)	991	827
PB2|PP755596.1|A/cattle/Texas/24-008749-003/2024(H5N1)	992	826
PB2|PP755596.1|A/cattle/Texas/24-008749-003/2024(H5N1)	993	829
PB2|PP755596.1|A/cattle/Texas/24-008749-003/2024(H5N1)	994	829
PB2|PP755596.1|A/cattle/Texas/24-008749-003/2024(H5N1)	995	835
PB2|PP755596.1|A/cattle/Texas/24-008749-003/2024(H5N1)	996	835
PB2|PP755596.1|A/cattle/Texas/24-008749-003/2024(H5N1)	997	839
PB2|PP755596.1|A/cattle/Texas/24-008749-003/2024(H5N1)	998	842
PB2|PP755596.1|A/cattle/Texas/24-008749-003/2024(H5N1)	999	842
PB2|PP755596.1|A/cattle/Texas/24-008749-003/2024(H5N1)	1000	805
PB2|PP755596.1|A/cattle/Texas/24-008749-003/2024(H5N1)	1001	806
PB2|PP755596.1|A/cattle/Texas/24-008749-003/2024(H5N1)	1002	811
PB2|PP755596.1|A/cattle/Texas/24-008749-003/2024(H5N1)	1003	808
PB2|PP755596.1|A/cattle/Texas/24-008749-003/2024(H5N1)	1004	808
PB2|PP755596.1|A/cattle/Texas/24-008749-003/2024(H5N1)	1005	807
PB2|PP755596.1|A/cattle/Texas/24-008749-003/2024(H5N1)	1006	844
PB2|PP755596.1|A/cattle/Texas/24-008749-003/2024(H5N1)	1007	833
PB2|PP755596.1|A/cattle/Texas/24-008749-003/2024(H5N1)	1008	833
PB2|PP755596.1|A/cattle/Texas/24-008749-003/2024(H5N1)	1009	830
PB2|PP755596.1|A/cattle/Texas/24-008749-003/2024(H5N1)	1010	830
PB2|PP755596.1|A/cattle/Texas/24-008749-003/2024(H5N1)	1011	828
PB2|PP755596.1|A/cattle/Texas/24-008749-003/2024(H5N1)	1012	853
PB2|PP755596.1|A/cattle/Texas/24-008749-003/2024(H5N1)	1013	847
PB2|PP755596.1|A/cattle/Texas/24-008749-003/2024(H5N1)	1014	843
PB2|PP755596.1|A/cattle/Texas/24-008749-003/2024(H5N1)	1015	841
PB2|PP755596.1|A/cattle/Texas/24-008749-003/2024(H5N1)	1016	842
PB2|PP755596.1|A/cattle/Texas/24-008749-003/2024(H5N1)	1017	842
PB2|PP755596.1|A/cattle/Texas/24-008749-003/2024(H5N1)	1018	843
PB2|PP755596.1|A/cattle/Texas/24-008749-003/2024(H5N1)	1019	848
PB2|PP755596.1|A/cattle/Texas/24-008749-003/2024(H5N1)	1020	863
PB2|PP755596.1|A/cattle/Texas/24-008749-003/2024(H5N1)	1021	855
PB2|PP755596.1|A/cattle/Texas/24-008749-003/2024(H5N1)	1022	855
PB2|PP755596.1|A/cattle/Texas/24-008749-003/2024(H5N1)	1023	834
PB2|PP755596.1|A/cattle/Texas/24-008749-003/2024(H5N1)	1024	838
PB2|PP755596.1|A/cattle/Texas/24-008749-003/2024(H5N1)	1025	843
PB2|PP755596.1|A/cattle/Texas/24-008749-003/2024(H5N1)	1026	841
PB2|PP755596.1|A/cattle/Texas/24-008749-003/2024(H5N1)	1027	842
PB2|PP755596.1|A/cattle/Texas/24-008749-003/2024(H5N1)	1028	831
PB2|PP755596.1|A/cattle/Texas/24-008749-003/2024(H5N1)	1029	826
PB2|PP755596.1|A/cattle/Texas/24-008749-003/2024(H5N1)	1030	828
PB2|PP755596.1|A/cattle/Texas/24-008749-003/2024(H5N1)	1031	822
PB2|PP755596.1|A/cattle/Texas/24-008749-003/2024(H5N1)	1032	837
PB2|PP755596.1|A/cattle/Texas/24-008749-003/2024(H5N1)	1033	830
PB2|PP755596.1|A/cattle/Texas/24-008749-003/2024(H5N1)	1034	847
PB2|PP755596.1|A/cattle/Texas/24-008749-003/2024(H5N1)	1035	849
PB2|PP755596.1|A/cattle/Texas/24-008749-003/2024(H5N1)	1036	851
PB2|PP755596.1|A/cattle/Texas/24-008749-003/2024(H5N1)	1037	853
PB2|PP755596.1|A/cattle/Texas/24-008749-003/2024(H5N1)	1038	854
PB2|PP755596.1|A/cattle/Texas/24-008749-003/2024(H5N1)	1039	852
PB2|PP755596.1|A/cattle/Texas/24-008749-003/2024(H5N1)	1040	852
PB2|PP755596.1|A/cattle/Texas/24-008749-003/2024(H5N1)	1041	840
PB2|PP755596.1|A/cattle/Texas/24-008749-003/2024(H5N1)	1042	837
PB2|PP755596.1|A/cattle/Texas/24-008749-003/2024(H5N1)	1043	841
PB2|PP755596.1|A/cattle/Texas/24-008749-003/2024(H5N1)	1044	846
PB2|PP755596.1|A/cattle/Texas/24-008749-003/2024(H5N1)	1045	848
PB2|PP755596.1|A/cattle/Texas/24-008749-003/2024(H5N1)	1046	850
PB2|PP755596.1|A/cattle/Texas/24-008749-003/2024(H5N1)	1047	849
PB2|PP755596.1|A/cattle/Texas/24-008749-003/2024(H5N1)	1048	860
PB2|PP755596.1|A/cattle/Texas/24-008749-003/2024(H5N1)	1049	859
PB2|PP755596.1|A/cattle/Texas/24-008749-003/2024(H5N1)	1050	859
PB2|PP755596.1|A/cattle/Texas/24-008749-003/2024(H5N1)	1051	855
PB2|PP755596.1|A/cattle/Texas/24-008749-003/2024(H5N1)	1052	845
PB2|PP755596.1|A/cattle/Texas/24-008749-003/2024(H5N1)	1053	831
PB2|PP755596.1|A/cattle/Texas/24-008749-003/2024(H5N1)	1054	823
PB2|PP755596.1|A/cattle/Texas/24-008749-003/2024(H5N1)	1055	821
PB2|PP755596.1|A/cattle/Texas/24-008749-003/2024(H5N1)	1056	826
PB2|PP755596.1|A/cattle/Texas/24-008749-003/2024(H5N1)	1057	828
PB2|PP755596.1|A/cattle/Texas/24-008749-003/2024(H5N1)	1058	844
PB2|PP755596.1|A/cattle/Texas/24-008749-003/2024(H5N1)	1059	842
PB2|PP755596.1|A/cattle/Texas/24-008749-003/2024(H5N1)	1060	842
PB2|PP755596.1|A/cattle/Texas/24-008749-003/2024(H5N1)	1061	837
PB2|PP755596.1|A/cattle/Texas/24-008749-003/2024(H5N1)	1062	842
PB2|PP755596.1|A/cattle/Texas/24-008749-003/2024(H5N1)	1063	836
PB2|PP755596.1|A/cattle/Texas/24-008749-003/2024(H5N1)	1064	842
PB2|PP755596.1|A/cattle/Texas/24-008749-003/2024(H5N1)	1065	841
PB2|PP755596.1|A/cattle/Texas/24-008749-003/2024(H5N1)	1066	871
PB2|PP755596.1|A/cattle/Texas/24-008749-003/2024(H5N1)	1067	856
PB2|PP755596.1|A/cattle/Texas/24-008749-003/2024(H5N1)	1068	866
PB2|PP755596.1|A/cattle/Texas/24-008749-003/2024(H5N1)	1069	850
PB2|PP755596.1|A/cattle/Texas/24-008749-003/2024(H5N1)	1070	854
PB2|PP755596.1|A/cattle/Texas/24-008749-003/2024(H5N1)	1071	852
PB2|PP755596.1|A/cattle/Texas/24-008749-003/2024(H5N1)	1072	854
PB2|PP755596.1|A/cattle/Texas/24-008749-003/2024(H5N1)	1073	864
PB2|PP755596.1|A/cattle/Texas/24-008749-003/2024(H5N1)	1074	875
PB2|PP755596.1|A/cattle/Texas/24-008749-003/2024(H5N1)	1075	869
PB2|PP755596.1|A/cattle/Texas/24-008749-003/2024(H5N1)	1076	869
PB2|PP755596.1|A/cattle/Texas/24-008749-003/2024(H5N1)	1077	870
PB2|PP755596.1|A/cattle/Texas/24-008749-003/2024(H5N1)	1078	833
PB2|PP755596.1|A/cattle/Texas/24-008749-003/2024(H5N1)	1079	841
PB2|PP755596.1|A/cattle/Texas/24-008749-003/2024(H5N1)	1080	838
PB2|PP755596.1|A/cattle/Texas/24-008749-003/2024(H5N1)	1081	839
PB2|PP755596.1|A/cattle/Texas/24-008749-003/2024(H5N1)	1082	839
PB2|PP755596.1|A/cattle/Texas/24-008749-003/2024(H5N1)	1083	828
PB2|PP755596.1|A/cattle/Texas/24-008749-003/2024(H5N1)	1084	827
PB2|PP755596.1|A/cattle/Texas/24-008749-003/2024(H5N1)	1085	782
PB2|PP755596.1|A/cattle/Texas/24-008749-003/2024(H5N1)	1086	781
PB2|PP755596.1|A/cattle/Texas/24-008749-003/2024(H5N1)	1087	803
PB2|PP755596.1|A/cattle/Texas/24-008749-003/2024(H5N1)	1088	848
PB2|PP755596.1|A/cattle/Texas/24-008749-003/2024(H5N1)	1089	855
PB2|PP755596.1|A/cattle/Texas/24-008749-003/2024(H5N1)	1090	855
PB2|PP755596.1|A/cattle/Texas/24-008749-003/2024(H5N1)	1091	856
PB2|PP755596.1|A/cattle/Texas/24-008749-003/2024(H5N1)	1092	856
PB2|PP755596.1|A/cattle/Texas/24-008749-003/2024(H5N1)	1093	860
PB2|PP755596.1|A/cattle/Texas/24-008749-003/2024(H5N1)	1094	860
PB2|PP755596.1|A/cattle/Texas/24-008749-003/2024(H5N1)	1095	868
PB2|PP755596.1|A/cattle/Texas/24-008749-003/2024(H5N1)	1096	872
PB2|PP755596.1|A/cattle/Texas/24-008749-003/2024(H5N1)	1097	855
PB2|PP755596.1|A/cattle/Texas/24-008749-003/2024(H5N1)	1098	843
PB2|PP755596.1|A/cattle/Texas/24-008749-003/2024(H5N1)	1099	842
PB2|PP755596.1|A/cattle/Texas/24-008749-003/2024(H5N1)	1100	859
PB2|PP755596.1|A/cattle/Texas/24-008749-003/2024(H5N1)	1101	861
PB2|PP755596.1|A/cattle/Texas/24-008749-003/2024(H5N1)	1102	859
PB2|PP755596.1|A/cattle/Texas/24-008749-003/2024(H5N1)	1103	863
PB2|PP755596.1|A/cattle/Texas/24-008749-003/2024(H5N1)	1104	842
PB2|PP755596.1|A/cattle/Texas/24-008749-003/2024(H5N1)	1105	823
PB2|PP755596.1|A/cattle/Texas/24-008749-003/2024(H5N1)	1106	827
PB2|PP755596.1|A/cattle/Texas/24-008749-003/2024(H5N1)	1107	826
PB2|PP755596.1|A/cattle/Texas/24-008749-003/2024(H5N1)	1108	829
PB2|PP755596.1|A/cattle/Texas/24-008749-003/2024(H5N1)	1109	835
PB2|PP755596.1|A/cattle/Texas/24-008749-003/2024(H5N1)	1110	834
PB2|PP755596.1|A/cattle/Texas/24-008749-003/2024(H5N1)	1111	836
PB2|PP755596.1|A/cattle/Texas/24-008749-003/2024(H5N1)	1112	833
PB2|PP755596.1|A/cattle/Texas/24-008749-003/2024(H5N1)	1113	834
PB2|PP755596.1|A/cattle/Texas/24-008749-003/2024(H5N1)	1114	835
PB2|PP755596.1|A/cattle/Texas/24-008749-003/2024(H5N1)	1115	813
PB2|PP755596.1|A/cattle/Texas/24-008749-003/2024(H5N1)	1116	813
PB2|PP755596.1|A/cattle/Texas/24-008749-003/2024(H5N1)	1117	846
PB2|PP755596.1|A/cattle/Texas/24-008749-003/2024(H5N1)	1118	848
PB2|PP755596.1|A/cattle/Texas/24-008749-003/2024(H5N1)	1119	848
PB2|PP755596.1|A/cattle/Texas/24-008749-003/2024(H5N1)	1120	836
PB2|PP755596.1|A/cattle/Texas/24-008749-003/2024(H5N1)	1121	830
PB2|PP755596.1|A/cattle/Texas/24-008749-003/2024(H5N1)	1122	829
PB2|PP755596.1|A/cattle/Texas/24-008749-003/2024(H5N1)	1123	828
PB2|PP755596.1|A/cattle/Texas/24-008749-003/2024(H5N1)	1124	828
PB2|PP755596.1|A/cattle/Texas/24-008749-003/2024(H5N1)	1125	828
PB2|PP755596.1|A/cattle/Texas/24-008749-003/2024(H5N1)	1126	811
PB2|PP755596.1|A/cattle/Texas/24-008749-003/2024(H5N1)	1127	806
PB2|PP755596.1|A/cattle/Texas/24-008749-003/2024(H5N1)	1128	806
PB2|PP755596.1|A/cattle/Texas/24-008749-003/2024(H5N1)	1129	812
PB2|PP755596.1|A/cattle/Texas/24-008749-003/2024(H5N1)	1130	810
PB2|PP755596.1|A/cattle/Texas/24-008749-003/2024(H5N1)	1131	808
PB2|PP755596.1|A/cattle/Texas/24-008749-003/2024(H5N1)	1132	828
PB2|PP755596.1|A/cattle/Texas/24-008749-003/2024(H5N1)	1133	852
PB2|PP755596.1|A/cattle/Texas/24-008749-003/2024(H5N1)	1134	851
PB2|PP755596.1|A/cattle/Texas/24-008749-003/2024(H5N1)	1135	853
PB2|PP755596.1|A/cattle/Texas/24-008749-003/2024(H5N1)	1136	854
PB2|PP755596.1|A/cattle/Texas/24-008749-003/2024(H5N1)	1137	848
PB2|PP755596.1|A/cattle/Texas/24-008749-003/2024(H5N1)	1138	840
PB2|PP755596.1|A/cattle/Texas/24-008749-003/2024(H5N1)	1139	845
PB2|PP755596.1|A/cattle/Texas/24-008749-003/2024(H5N1)	1140	857
PB2|PP755596.1|A/cattle/Texas/24-008749-003/2024(H5N1)	1141	855
PB2|PP755596.1|A/cattle/Texas/24-008749-003/2024(H5N1)	1142	811
PB2|PP755596.1|A/cattle/Texas/24-008749-003/2024(H5N1)	1143	819
PB2|PP755596.1|A/cattle/Texas/24-008749-003/2024(H5N1)	1144	830
PB2|PP755596.1|A/cattle/Texas/24-008749-003/2024(H5N1)	1145	830
PB2|PP755596.1|A/cattle/Texas/24-008749-003/2024(H5N1)	1146	822
PB2|PP755596.1|A/cattle/Texas/24-008749-003/2024(H5N1)	1147	820
PB2|PP755596.1|A/cattle/Texas/24-008749-003/2024(H5N1)	1148	852
PB2|PP755596.1|A/cattle/Texas/24-008749-003/2024(H5N1)	1149	858
PB2|PP755596.1|A/cattle/Texas/24-008749-003/2024(H5N1)	1150	861
PB2|PP755596.1|A/cattle/Texas/24-008749-003/2024(H5N1)	1151	879
PB2|PP755596.1|A/cattle/Texas/24-008749-003/2024(H5N1)	1152	890
PB2|PP755596.1|A/cattle/Texas/24-008749-003/2024(H5N1)	1153	893
PB2|PP755596.1|A/cattle/Texas/24-008749-003/2024(H5N1)	1154	894
PB2|PP755596.1|A/cattle/Texas/24-008749-003/2024(H5N1)	1155	892
PB2|PP755596.1|A/cattle/Texas/24-008749-003/2024(H5N1)	1156	896
PB2|PP755596.1|A/cattle/Texas/24-008749-003/2024(H5N1)	1157	877
PB2|PP755596.1|A/cattle/Texas/24-008749-003/2024(H5N1)	1158	881
PB2|PP755596.1|A/cattle/Texas/24-008749-003/2024(H5N1)	1159	882
PB2|PP755596.1|A/cattle/Texas/24-008749-003/2024(H5N1)	1160	901
PB2|PP755596.1|A/cattle/Texas/24-008749-003/2024(H5N1)	1161	931
PB2|PP755596.1|A/cattle/Texas/24-008749-003/2024(H5N1)	1162	925
PB2|PP755596.1|A/cattle/Texas/24-008749-003/2024(H5N1)	1163	908
PB2|PP755596.1|A/cattle/Texas/24-008749-003/2024(H5N1)	1164	908
PB2|PP755596.1|A/cattle/Texas/24-008749-003/2024(H5N1)	1165	904
PB2|PP755596.1|A/cattle/Texas/24-008749-003/2024(H5N1)	1166	910
PB2|PP755596.1|A/cattle/Texas/24-008749-003/2024(H5N1)	1167	911
PB2|PP755596.1|A/cattle/Texas/24-008749-003/2024(H5N1)	1168	914
PB2|PP755596.1|A/cattle/Texas/24-008749-003/2024(H5N1)	1169	908
PB2|PP755596.1|A/cattle/Texas/24-008749-003/2024(H5N1)	1170	919
PB2|PP755596.1|A/cattle/Texas/24-008749-003/2024(H5N1)	1171	920
PB2|PP755596.1|A/cattle/Texas/24-008749-003/2024(H5N1)	1172	920
PB2|PP755596.1|A/cattle/Texas/24-008749-003/2024(H5N1)	1173	916
PB2|PP755596.1|A/cattle/Texas/24-008749-003/2024(H5N1)	1174	915
PB2|PP755596.1|A/cattle/Texas/24-008749-003/2024(H5N1)	1175	904
PB2|PP755596.1|A/cattle/Texas/24-008749-003/2024(H5N1)	1176	925
PB2|PP755596.1|A/cattle/Texas/24-008749-003/2024(H5N1)	1177	921
PB2|PP755596.1|A/cattle/Texas/24-008749-003/2024(H5N1)	1178	920
PB2|PP755596.1|A/cattle/Texas/24-008749-003/2024(H5N1)	1179	920
PB2|PP755596.1|A/cattle/Texas/24-008749-003/2024(H5N1)	1180	922
PB2|PP755596.1|A/cattle/Texas/24-008749-003/2024(H5N1)	1181	922
PB2|PP755596.1|A/cattle/Texas/24-008749-003/2024(H5N1)	1182	919
PB2|PP755596.1|A/cattle/Texas/24-008749-003/2024(H5N1)	1183	907
PB2|PP755596.1|A/cattle/Texas/24-008749-003/2024(H5N1)	1184	904
PB2|PP755596.1|A/cattle/Texas/24-008749-003/2024(H5N1)	1185	884
PB2|PP755596.1|A/cattle/Texas/24-008749-003/2024(H5N1)	1186	884
PB2|PP755596.1|A/cattle/Texas/24-008749-003/2024(H5N1)	1187	882
PB2|PP755596.1|A/cattle/Texas/24-008749-003/2024(H5N1)	1188	889
PB2|PP755596.1|A/cattle/Texas/24-008749-003/2024(H5N1)	1189	888
PB2|PP755596.1|A/cattle/Texas/24-008749-003/2024(H5N1)	1190	908
PB2|PP755596.1|A/cattle/Texas/24-008749-003/2024(H5N1)	1191	907
PB2|PP755596.1|A/cattle/Texas/24-008749-003/2024(H5N1)	1192	907
PB2|PP755596.1|A/cattle/Texas/24-008749-003/2024(H5N1)	1193	907
PB2|PP755596.1|A/cattle/Texas/24-008749-003/2024(H5N1)	1194	907
PB2|PP755596.1|A/cattle/Texas/24-008749-003/2024(H5N1)	1195	910
PB2|PP755596.1|A/cattle/Texas/24-008749-003/2024(H5N1)	1196	909
PB2|PP755596.1|A/cattle/Texas/24-008749-003/2024(H5N1)	1197	900
PB2|PP755596.1|A/cattle/Texas/24-008749-003/2024(H5N1)	1198	900
PB2|PP755596.1|A/cattle/Texas/24-008749-003/2024(H5N1)	1199	889
PB2|PP755596.1|A/cattle/Texas/24-008749-003/2024(H5N1)	1200	897
PB2|PP755596.1|A/cattle/Texas/24-008749-003/2024(H5N1)	1201	902
PB2|PP755596.1|A/cattle/Texas/24-008749-003/2024(H5N1)	1202	902
PB2|PP755596.1|A/cattle/Texas/24-008749-003/2024(H5N1)	1203	902
PB2|PP755596.1|A/cattle/Texas/24-008749-003/2024(H5N1)	1204	899
PB2|PP755596.1|A/cattle/Texas/24-008749-003/2024(H5N1)	1205	905
PB2|PP755596.1|A/cattle/Texas/24-008749-003/2024(H5N1)	1206	913
PB2|PP755596.1|A/cattle/Texas/24-008749-003/2024(H5N1)	1207	909
PB2|PP755596.1|A/cattle/Texas/24-008749-003/2024(H5N1)	1208	919
PB2|PP755596.1|A/cattle/Texas/24-008749-003/2024(H5N1)	1209	909
PB2|PP755596.1|A/cattle/Texas/24-008749-003/2024(H5N1)	1210	908
PB2|PP755596.1|A/cattle/Texas/24-008749-003/2024(H5N1)	1211	913
PB2|PP755596.1|A/cattle/Texas/24-008749-003/2024(H5N1)	1212	915
PB2|PP755596.1|A/cattle/Texas/24-008749-003/2024(H5N1)	1213	907
PB2|PP755596.1|A/cattle/Texas/24-008749-003/2024(H5N1)	1214	916
PB2|PP755596.1|A/cattle/Texas/24-008749-003/2024(H5N1)	1215	924
PB2|PP755596.1|A/cattle/Texas/24-008749-003/2024(H5N1)	1216	897
PB2|PP755596.1|A/cattle/Texas/24-008749-003/2024(H5N1)	1217	899
PB2|PP755596.1|A/cattle/Texas/24-008749-003/2024(H5N1)	1218	893
PB2|PP755596.1|A/cattle/Texas/24-008749-003/2024(H5N1)	1219	884
PB2|PP755596.1|A/cattle/Texas/24-008749-003/2024(H5N1)	1220	862
PB2|PP755596.1|A/cattle/Texas/24-008749-003/2024(H5N1)	1221	873
PB2|PP755596.1|A/cattle/Texas/24-008749-003/2024(H5N1)	1222	877
PB2|PP755596.1|A/cattle/Texas/24-008749-003/2024(H5N1)	1223	860
PB2|PP755596.1|A/cattle/Texas/24-008749-003/2024(H5N1)	1224	863
PB2|PP755596.1|A/cattle/Texas/24-008749-003/2024(H5N1)	1225	845
PB2|PP755596.1|A/cattle/Texas/24-008749-003/2024(H5N1)	1226	844
PB2|PP755596.1|A/cattle/Texas/24-008749-003/2024(H5N1)	1227	814
PB2|PP755596.1|A/cattle/Texas/24-008749-003/2024(H5N1)	1228	817
PB2|PP755596.1|A/cattle/Texas/24-008749-003/2024(H5N1)	1229	821
PB2|PP755596.1|A/cattle/Texas/24-008749-003/2024(H5N1)	1230	832
PB2|PP755596.1|A/cattle/Texas/24-008749-003/2024(H5N1)	1231	835
PB2|PP755596.1|A/cattle/Texas/24-008749-003/2024(H5N1)	1232	828
PB2|PP755596.1|A/cattle/Texas/24-008749-003/2024(H5N1)	1233	824
PB2|PP755596.1|A/cattle/Texas/24-008749-003/2024(H5N1)	1234	825
PB2|PP755596.1|A/cattle/Texas/24-008749-003/2024(H5N1)	1235	822
PB2|PP755596.1|A/cattle/Texas/24-008749-003/2024(H5N1)	1236	823
PB2|PP755596.1|A/cattle/Texas/24-008749-003/2024(H5N1)	1237	822
PB2|PP755596.1|A/cattle/Texas/24-008749-003/2024(H5N1)	1238	813
PB2|PP755596.1|A/cattle/Texas/24-008749-003/2024(H5N1)	1239	777
PB2|PP755596.1|A/cattle/Texas/24-008749-003/2024(H5N1)	1240	790
PB2|PP755596.1|A/cattle/Texas/24-008749-003/2024(H5N1)	1241	802
PB2|PP755596.1|A/cattle/Texas/24-008749-003/2024(H5N1)	1242	795
PB2|PP755596.1|A/cattle/Texas/24-008749-003/2024(H5N1)	1243	802
PB2|PP755596.1|A/cattle/Texas/24-008749-003/2024(H5N1)	1244	796
PB2|PP755596.1|A/cattle/Texas/24-008749-003/2024(H5N1)	1245	806
PB2|PP755596.1|A/cattle/Texas/24-008749-003/2024(H5N1)	1246	797
PB2|PP755596.1|A/cattle/Texas/24-008749-003/2024(H5N1)	1247	789
PB2|PP755596.1|A/cattle/Texas/24-008749-003/2024(H5N1)	1248	777
PB2|PP755596.1|A/cattle/Texas/24-008749-003/2024(H5N1)	1249	776
PB2|PP755596.1|A/cattle/Texas/24-008749-003/2024(H5N1)	1250	786
PB2|PP755596.1|A/cattle/Texas/24-008749-003/2024(H5N1)	1251	771
PB2|PP755596.1|A/cattle/Texas/24-008749-003/2024(H5N1)	1252	767
PB2|PP755596.1|A/cattle/Texas/24-008749-003/2024(H5N1)	1253	763
PB2|PP755596.1|A/cattle/Texas/24-008749-003/2024(H5N1)	1254	771
PB2|PP755596.1|A/cattle/Texas/24-008749-003/2024(H5N1)	1255	779
PB2|PP755596.1|A/cattle/Texas/24-008749-003/2024(H5N1)	1256	779
PB2|PP755596.1|A/cattle/Texas/24-008749-003/2024(H5N1)	1257	774
PB2|PP755596.1|A/cattle/Texas/24-008749-003/2024(H5N1)	1258	768
PB2|PP755596.1|A/cattle/Texas/24-008749-003/2024(H5N1)	1259	767
PB2|PP755596.1|A/cattle/Texas/24-008749-003/2024(H5N1)	1260	772
PB2|PP755596.1|A/cattle/Texas/24-008749-003/2024(H5N1)	1261	772
PB2|PP755596.1|A/cattle/Texas/24-008749-003/2024(H5N1)	1262	774
PB2|PP755596.1|A/cattle/Texas/24-008749-003/2024(H5N1)	1263	773
PB2|PP755596.1|A/cattle/Texas/24-008749-003/2024(H5N1)	1264	774
PB2|PP755596.1|A/cattle/Texas/24-008749-003/2024(H5N1)	1265	773
PB2|PP755596.1|A/cattle/Texas/24-008749-003/2024(H5N1)	1266	771
PB2|PP755596.1|A/cattle/Texas/24-008749-003/2024(H5N1)	1267	768
PB2|PP755596.1|A/cattle/Texas/24-008749-003/2024(H5N1)	1268	749
PB2|PP755596.1|A/cattle/Texas/24-008749-003/2024(H5N1)	1269	765
PB2|PP755596.1|A/cattle/Texas/24-008749-003/2024(H5N1)	1270	769
PB2|PP755596.1|A/cattle/Texas/24-008749-003/2024(H5N1)	1271	771
PB2|PP755596.1|A/cattle/Texas/24-008749-003/2024(H5N1)	1272	770
PB2|PP755596.1|A/cattle/Texas/24-008749-003/2024(H5N1)	1273	772
PB2|PP755596.1|A/cattle/Texas/24-008749-003/2024(H5N1)	1274	773
PB2|PP755596.1|A/cattle/Texas/24-008749-003/2024(H5N1)	1275	774
PB2|PP755596.1|A/cattle/Texas/24-008749-003/2024(H5N1)	1276	774
PB2|PP755596.1|A/cattle/Texas/24-008749-003/2024(H5N1)	1277	758
PB2|PP755596.1|A/cattle/Texas/24-008749-003/2024(H5N1)	1278	758
PB2|PP755596.1|A/cattle/Texas/24-008749-003/2024(H5N1)	1279	775
PB2|PP755596.1|A/cattle/Texas/24-008749-003/2024(H5N1)	1280	775
PB2|PP755596.1|A/cattle/Texas/24-008749-003/2024(H5N1)	1281	789
PB2|PP755596.1|A/cattle/Texas/24-008749-003/2024(H5N1)	1282	761
PB2|PP755596.1|A/cattle/Texas/24-008749-003/2024(H5N1)	1283	735
PB2|PP755596.1|A/cattle/Texas/24-008749-003/2024(H5N1)	1284	735
PB2|PP755596.1|A/cattle/Texas/24-008749-003/2024(H5N1)	1285	737
PB2|PP755596.1|A/cattle/Texas/24-008749-003/2024(H5N1)	1286	757
PB2|PP755596.1|A/cattle/Texas/24-008749-003/2024(H5N1)	1287	756
PB2|PP755596.1|A/cattle/Texas/24-008749-003/2024(H5N1)	1288	787
PB2|PP755596.1|A/cattle/Texas/24-008749-003/2024(H5N1)	1289	786
PB2|PP755596.1|A/cattle/Texas/24-008749-003/2024(H5N1)	1290	765
PB2|PP755596.1|A/cattle/Texas/24-008749-003/2024(H5N1)	1291	765
PB2|PP755596.1|A/cattle/Texas/24-008749-003/2024(H5N1)	1292	765
PB2|PP755596.1|A/cattle/Texas/24-008749-003/2024(H5N1)	1293	764
PB2|PP755596.1|A/cattle/Texas/24-008749-003/2024(H5N1)	1294	760
PB2|PP755596.1|A/cattle/Texas/24-008749-003/2024(H5N1)	1295	747
PB2|PP755596.1|A/cattle/Texas/24-008749-003/2024(H5N1)	1296	749
PB2|PP755596.1|A/cattle/Texas/24-008749-003/2024(H5N1)	1297	746
PB2|PP755596.1|A/cattle/Texas/24-008749-003/2024(H5N1)	1298	744
PB2|PP755596.1|A/cattle/Texas/24-008749-003/2024(H5N1)	1299	728
PB2|PP755596.1|A/cattle/Texas/24-008749-003/2024(H5N1)	1300	738
PB2|PP755596.1|A/cattle/Texas/24-008749-003/2024(H5N1)	1301	751
PB2|PP755596.1|A/cattle/Texas/24-008749-003/2024(H5N1)	1302	752
PB2|PP755596.1|A/cattle/Texas/24-008749-003/2024(H5N1)	1303	740
PB2|PP755596.1|A/cattle/Texas/24-008749-003/2024(H5N1)	1304	750
PB2|PP755596.1|A/cattle/Texas/24-008749-003/2024(H5N1)	1305	749
PB2|PP755596.1|A/cattle/Texas/24-008749-003/2024(H5N1)	1306	749
PB2|PP755596.1|A/cattle/Texas/24-008749-003/2024(H5N1)	1307	747
PB2|PP755596.1|A/cattle/Texas/24-008749-003/2024(H5N1)	1308	733
PB2|PP755596.1|A/cattle/Texas/24-008749-003/2024(H5N1)	1309	735
PB2|PP755596.1|A/cattle/Texas/24-008749-003/2024(H5N1)	1310	722
PB2|PP755596.1|A/cattle/Texas/24-008749-003/2024(H5N1)	1311	739
PB2|PP755596.1|A/cattle/Texas/24-008749-003/2024(H5N1)	1312	736
PB2|PP755596.1|A/cattle/Texas/24-008749-003/2024(H5N1)	1313	739
PB2|PP755596.1|A/cattle/Texas/24-008749-003/2024(H5N1)	1314	750
PB2|PP755596.1|A/cattle/Texas/24-008749-003/2024(H5N1)	1315	750
PB2|PP755596.1|A/cattle/Texas/24-008749-003/2024(H5N1)	1316	750
PB2|PP755596.1|A/cattle/Texas/24-008749-003/2024(H5N1)	1317	747
PB2|PP755596.1|A/cattle/Texas/24-008749-003/2024(H5N1)	1318	744
PB2|PP755596.1|A/cattle/Texas/24-008749-003/2024(H5N1)	1319	740
PB2|PP755596.1|A/cattle/Texas/24-008749-003/2024(H5N1)	1320	737
PB2|PP755596.1|A/cattle/Texas/24-008749-003/2024(H5N1)	1321	713
PB2|PP755596.1|A/cattle/Texas/24-008749-003/2024(H5N1)	1322	845
PB2|PP755596.1|A/cattle/Texas/24-008749-003/2024(H5N1)	1323	845
PB2|PP755596.1|A/cattle/Texas/24-008749-003/2024(H5N1)	1324	848
PB2|PP755596.1|A/cattle/Texas/24-008749-003/2024(H5N1)	1325	858
PB2|PP755596.1|A/cattle/Texas/24-008749-003/2024(H5N1)	1326	862
PB2|PP755596.1|A/cattle/Texas/24-008749-003/2024(H5N1)	1327	886
PB2|PP755596.1|A/cattle/Texas/24-008749-003/2024(H5N1)	1328	886
PB2|PP755596.1|A/cattle/Texas/24-008749-003/2024(H5N1)	1329	885
PB2|PP755596.1|A/cattle/Texas/24-008749-003/2024(H5N1)	1330	886
PB2|PP755596.1|A/cattle/Texas/24-008749-003/2024(H5N1)	1331	883
PB2|PP755596.1|A/cattle/Texas/24-008749-003/2024(H5N1)	1332	883
PB2|PP755596.1|A/cattle/Texas/24-008749-003/2024(H5N1)	1333	883
PB2|PP755596.1|A/cattle/Texas/24-008749-003/2024(H5N1)	1334	884
PB2|PP755596.1|A/cattle/Texas/24-008749-003/2024(H5N1)	1335	883
PB2|PP755596.1|A/cattle/Texas/24-008749-003/2024(H5N1)	1336	905
PB2|PP755596.1|A/cattle/Texas/24-008749-003/2024(H5N1)	1337	905
PB2|PP755596.1|A/cattle/Texas/24-008749-003/2024(H5N1)	1338	900
PB2|PP755596.1|A/cattle/Texas/24-008749-003/2024(H5N1)	1339	900
PB2|PP755596.1|A/cattle/Texas/24-008749-003/2024(H5N1)	1340	900
PB2|PP755596.1|A/cattle/Texas/24-008749-003/2024(H5N1)	1341	902
PB2|PP755596.1|A/cattle/Texas/24-008749-003/2024(H5N1)	1342	902
PB2|PP755596.1|A/cattle/Texas/24-008749-003/2024(H5N1)	1343	911
PB2|PP755596.1|A/cattle/Texas/24-008749-003/2024(H5N1)	1344	912
PB2|PP755596.1|A/cattle/Texas/24-008749-003/2024(H5N1)	1345	908
PB2|PP755596.1|A/cattle/Texas/24-008749-003/2024(H5N1)	1346	900
PB2|PP755596.1|A/cattle/Texas/24-008749-003/2024(H5N1)	1347	900
PB2|PP755596.1|A/cattle/Texas/24-008749-003/2024(H5N1)	1348	901
PB2|PP755596.1|A/cattle/Texas/24-008749-003/2024(H5N1)	1349	909
PB2|PP755596.1|A/cattle/Texas/24-008749-003/2024(H5N1)	1350	907
PB2|PP755596.1|A/cattle/Texas/24-008749-003/2024(H5N1)	1351	906
PB2|PP755596.1|A/cattle/Texas/24-008749-003/2024(H5N1)	1352	901
PB2|PP755596.1|A/cattle/Texas/24-008749-003/2024(H5N1)	1353	899
PB2|PP755596.1|A/cattle/Texas/24-008749-003/2024(H5N1)	1354	899
PB2|PP755596.1|A/cattle/Texas/24-008749-003/2024(H5N1)	1355	892
PB2|PP755596.1|A/cattle/Texas/24-008749-003/2024(H5N1)	1356	887
PB2|PP755596.1|A/cattle/Texas/24-008749-003/2024(H5N1)	1357	888
PB2|PP755596.1|A/cattle/Texas/24-008749-003/2024(H5N1)	1358	880
PB2|PP755596.1|A/cattle/Texas/24-008749-003/2024(H5N1)	1359	891
PB2|PP755596.1|A/cattle/Texas/24-008749-003/2024(H5N1)	1360	888
PB2|PP755596.1|A/cattle/Texas/24-008749-003/2024(H5N1)	1361	894
PB2|PP755596.1|A/cattle/Texas/24-008749-003/2024(H5N1)	1362	889
PB2|PP755596.1|A/cattle/Texas/24-008749-003/2024(H5N1)	1363	888
PB2|PP755596.1|A/cattle/Texas/24-008749-003/2024(H5N1)	1364	890
PB2|PP755596.1|A/cattle/Texas/24-008749-003/2024(H5N1)	1365	875
PB2|PP755596.1|A/cattle/Texas/24-008749-003/2024(H5N1)	1366	863
PB2|PP755596.1|A/cattle/Texas/24-008749-003/2024(H5N1)	1367	861
PB2|PP755596.1|A/cattle/Texas/24-008749-003/2024(H5N1)	1368	868
PB2|PP755596.1|A/cattle/Texas/24-008749-003/2024(H5N1)	1369	872
PB2|PP755596.1|A/cattle/Texas/24-008749-003/2024(H5N1)	1370	873
PB2|PP755596.1|A/cattle/Texas/24-008749-003/2024(H5N1)	1371	879
PB2|PP755596.1|A/cattle/Texas/24-008749-003/2024(H5N1)	1372	862
PB2|PP755596.1|A/cattle/Texas/24-008749-003/2024(H5N1)	1373	861
PB2|PP755596.1|A/cattle/Texas/24-008749-003/2024(H5N1)	1374	864
PB2|PP755596.1|A/cattle/Texas/24-008749-003/2024(H5N1)	1375	862
PB2|PP755596.1|A/cattle/Texas/24-008749-003/2024(H5N1)	1376	861
PB2|PP755596.1|A/cattle/Texas/24-008749-003/2024(H5N1)	1377	850
PB2|PP755596.1|A/cattle/Texas/24-008749-003/2024(H5N1)	1378	844
PB2|PP755596.1|A/cattle/Texas/24-008749-003/2024(H5N1)	1379	841
PB2|PP755596.1|A/cattle/Texas/24-008749-003/2024(H5N1)	1380	842
PB2|PP755596.1|A/cattle/Texas/24-008749-003/2024(H5N1)	1381	822
PB2|PP755596.1|A/cattle/Texas/24-008749-003/2024(H5N1)	1382	827
PB2|PP755596.1|A/cattle/Texas/24-008749-003/2024(H5N1)	1383	824
PB2|PP755596.1|A/cattle/Texas/24-008749-003/2024(H5N1)	1384	823
PB2|PP755596.1|A/cattle/Texas/24-008749-003/2024(H5N1)	1385	840
PB2|PP755596.1|A/cattle/Texas/24-008749-003/2024(H5N1)	1386	836
PB2|PP755596.1|A/cattle/Texas/24-008749-003/2024(H5N1)	1387	871
PB2|PP755596.1|A/cattle/Texas/24-008749-003/2024(H5N1)	1388	870
PB2|PP755596.1|A/cattle/Texas/24-008749-003/2024(H5N1)	1389	897
PB2|PP755596.1|A/cattle/Texas/24-008749-003/2024(H5N1)	1390	899
PB2|PP755596.1|A/cattle/Texas/24-008749-003/2024(H5N1)	1391	887
PB2|PP755596.1|A/cattle/Texas/24-008749-003/2024(H5N1)	1392	889
PB2|PP755596.1|A/cattle/Texas/24-008749-003/2024(H5N1)	1393	890
PB2|PP755596.1|A/cattle/Texas/24-008749-003/2024(H5N1)	1394	888
PB2|PP755596.1|A/cattle/Texas/24-008749-003/2024(H5N1)	1395	875
PB2|PP755596.1|A/cattle/Texas/24-008749-003/2024(H5N1)	1396	878
PB2|PP755596.1|A/cattle/Texas/24-008749-003/2024(H5N1)	1397	887
PB2|PP755596.1|A/cattle/Texas/24-008749-003/2024(H5N1)	1398	890
PB2|PP755596.1|A/cattle/Texas/24-008749-003/2024(H5N1)	1399	899
PB2|PP755596.1|A/cattle/Texas/24-008749-003/2024(H5N1)	1400	884
PB2|PP755596.1|A/cattle/Texas/24-008749-003/2024(H5N1)	1401	879
PB2|PP755596.1|A/cattle/Texas/24-008749-003/2024(H5N1)	1402	881
PB2|PP755596.1|A/cattle/Texas/24-008749-003/2024(H5N1)	1403	876
PB2|PP755596.1|A/cattle/Texas/24-008749-003/2024(H5N1)	1404	879
PB2|PP755596.1|A/cattle/Texas/24-008749-003/2024(H5N1)	1405	880
PB2|PP755596.1|A/cattle/Texas/24-008749-003/2024(H5N1)	1406	870
PB2|PP755596.1|A/cattle/Texas/24-008749-003/2024(H5N1)	1407	871
PB2|PP755596.1|A/cattle/Texas/24-008749-003/2024(H5N1)	1408	871
PB2|PP755596.1|A/cattle/Texas/24-008749-003/2024(H5N1)	1409	879
PB2|PP755596.1|A/cattle/Texas/24-008749-003/2024(H5N1)	1410	885
PB2|PP755596.1|A/cattle/Texas/24-008749-003/2024(H5N1)	1411	878
PB2|PP755596.1|A/cattle/Texas/24-008749-003/2024(H5N1)	1412	879
PB2|PP755596.1|A/cattle/Texas/24-008749-003/2024(H5N1)	1413	873
PB2|PP755596.1|A/cattle/Texas/24-008749-003/2024(H5N1)	1414	874
PB2|PP755596.1|A/cattle/Texas/24-008749-003/2024(H5N1)	1415	880
PB2|PP755596.1|A/cattle/Texas/24-008749-003/2024(H5N1)	1416	880
PB2|PP755596.1|A/cattle/Texas/24-008749-003/2024(H5N1)	1417	880
PB2|PP755596.1|A/cattle/Texas/24-008749-003/2024(H5N1)	1418	862
PB2|PP755596.1|A/cattle/Texas/24-008749-003/2024(H5N1)	1419	856
PB2|PP755596.1|A/cattle/Texas/24-008749-003/2024(H5N1)	1420	869
PB2|PP755596.1|A/cattle/Texas/24-008749-003/2024(H5N1)	1421	871
PB2|PP755596.1|A/cattle/Texas/24-008749-003/2024(H5N1)	1422	871
PB2|PP755596.1|A/cattle/Texas/24-008749-003/2024(H5N1)	1423	873
PB2|PP755596.1|A/cattle/Texas/24-008749-003/2024(H5N1)	1424	872
PB2|PP755596.1|A/cattle/Texas/24-008749-003/2024(H5N1)	1425	872
PB2|PP755596.1|A/cattle/Texas/24-008749-003/2024(H5N1)	1426	872
PB2|PP755596.1|A/cattle/Texas/24-008749-003/2024(H5N1)	1427	874
PB2|PP755596.1|A/cattle/Texas/24-008749-003/2024(H5N1)	1428	892
PB2|PP755596.1|A/cattle/Texas/24-008749-003/2024(H5N1)	1429	874
PB2|PP755596.1|A/cattle/Texas/24-008749-003/2024(H5N1)	1430	947
PB2|PP755596.1|A/cattle/Texas/24-008749-003/2024(H5N1)	1431	949
PB2|PP755596.1|A/cattle/Texas/24-008749-003/2024(H5N1)	1432	940
PB2|PP755596.1|A/cattle/Texas/24-008749-003/2024(H5N1)	1433	939
PB2|PP755596.1|A/cattle/Texas/24-008749-003/2024(H5N1)	1434	939
PB2|PP755596.1|A/cattle/Texas/24-008749-003/2024(H5N1)	1435	938
PB2|PP755596.1|A/cattle/Texas/24-008749-003/2024(H5N1)	1436	936
PB2|PP755596.1|A/cattle/Texas/24-008749-003/2024(H5N1)	1437	914
PB2|PP755596.1|A/cattle/Texas/24-008749-003/2024(H5N1)	1438	915
PB2|PP755596.1|A/cattle/Texas/24-008749-003/2024(H5N1)	1439	875
PB2|PP755596.1|A/cattle/Texas/24-008749-003/2024(H5N1)	1440	876
PB2|PP755596.1|A/cattle/Texas/24-008749-003/2024(H5N1)	1441	875
PB2|PP755596.1|A/cattle/Texas/24-008749-003/2024(H5N1)	1442	878
PB2|PP755596.1|A/cattle/Texas/24-008749-003/2024(H5N1)	1443	883
PB2|PP755596.1|A/cattle/Texas/24-008749-003/2024(H5N1)	1444	884
PB2|PP755596.1|A/cattle/Texas/24-008749-003/2024(H5N1)	1445	881
PB2|PP755596.1|A/cattle/Texas/24-008749-003/2024(H5N1)	1446	889
PB2|PP755596.1|A/cattle/Texas/24-008749-003/2024(H5N1)	1447	891
PB2|PP755596.1|A/cattle/Texas/24-008749-003/2024(H5N1)	1448	891
PB2|PP755596.1|A/cattle/Texas/24-008749-003/2024(H5N1)	1449	892
PB2|PP755596.1|A/cattle/Texas/24-008749-003/2024(H5N1)	1450	880
PB2|PP755596.1|A/cattle/Texas/24-008749-003/2024(H5N1)	1451	876
PB2|PP755596.1|A/cattle/Texas/24-008749-003/2024(H5N1)	1452	865
PB2|PP755596.1|A/cattle/Texas/24-008749-003/2024(H5N1)	1453	860
PB2|PP755596.1|A/cattle/Texas/24-008749-003/2024(H5N1)	1454	860
PB2|PP755596.1|A/cattle/Texas/24-008749-003/2024(H5N1)	1455	850
PB2|PP755596.1|A/cattle/Texas/24-008749-003/2024(H5N1)	1456	859
PB2|PP755596.1|A/cattle/Texas/24-008749-003/2024(H5N1)	1457	859
PB2|PP755596.1|A/cattle/Texas/24-008749-003/2024(H5N1)	1458	861
PB2|PP755596.1|A/cattle/Texas/24-008749-003/2024(H5N1)	1459	870
PB2|PP755596.1|A/cattle/Texas/24-008749-003/2024(H5N1)	1460	862
PB2|PP755596.1|A/cattle/Texas/24-008749-003/2024(H5N1)	1461	862
PB2|PP755596.1|A/cattle/Texas/24-008749-003/2024(H5N1)	1462	829
PB2|PP755596.1|A/cattle/Texas/24-008749-003/2024(H5N1)	1463	827
PB2|PP755596.1|A/cattle/Texas/24-008749-003/2024(H5N1)	1464	943
PB2|PP755596.1|A/cattle/Texas/24-008749-003/2024(H5N1)	1465	930
PB2|PP755596.1|A/cattle/Texas/24-008749-003/2024(H5N1)	1466	948
PB2|PP755596.1|A/cattle/Texas/24-008749-003/2024(H5N1)	1467	948
PB2|PP755596.1|A/cattle/Texas/24-008749-003/2024(H5N1)	1468	946
PB2|PP755596.1|A/cattle/Texas/24-008749-003/2024(H5N1)	1469	960
PB2|PP755596.1|A/cattle/Texas/24-008749-003/2024(H5N1)	1470	961
PB2|PP755596.1|A/cattle/Texas/24-008749-003/2024(H5N1)	1471	959
PB2|PP755596.1|A/cattle/Texas/24-008749-003/2024(H5N1)	1472	950
PB2|PP755596.1|A/cattle/Texas/24-008749-003/2024(H5N1)	1473	818
PB2|PP755596.1|A/cattle/Texas/24-008749-003/2024(H5N1)	1474	822
PB2|PP755596.1|A/cattle/Texas/24-008749-003/2024(H5N1)	1475	824
PB2|PP755596.1|A/cattle/Texas/24-008749-003/2024(H5N1)	1476	819
PB2|PP755596.1|A/cattle/Texas/24-008749-003/2024(H5N1)	1477	821
PB2|PP755596.1|A/cattle/Texas/24-008749-003/2024(H5N1)	1478	808
PB2|PP755596.1|A/cattle/Texas/24-008749-003/2024(H5N1)	1479	811
PB2|PP755596.1|A/cattle/Texas/24-008749-003/2024(H5N1)	1480	819
PB2|PP755596.1|A/cattle/Texas/24-008749-003/2024(H5N1)	1481	837
PB2|PP755596.1|A/cattle/Texas/24-008749-003/2024(H5N1)	1482	838
PB2|PP755596.1|A/cattle/Texas/24-008749-003/2024(H5N1)	1483	857
PB2|PP755596.1|A/cattle/Texas/24-008749-003/2024(H5N1)	1484	857
PB2|PP755596.1|A/cattle/Texas/24-008749-003/2024(H5N1)	1485	865
PB2|PP755596.1|A/cattle/Texas/24-008749-003/2024(H5N1)	1486	866
PB2|PP755596.1|A/cattle/Texas/24-008749-003/2024(H5N1)	1487	859
PB2|PP755596.1|A/cattle/Texas/24-008749-003/2024(H5N1)	1488	861
PB2|PP755596.1|A/cattle/Texas/24-008749-003/2024(H5N1)	1489	859
PB2|PP755596.1|A/cattle/Texas/24-008749-003/2024(H5N1)	1490	860
PB2|PP755596.1|A/cattle/Texas/24-008749-003/2024(H5N1)	1491	885
PB2|PP755596.1|A/cattle/Texas/24-008749-003/2024(H5N1)	1492	865
PB2|PP755596.1|A/cattle/Texas/24-008749-003/2024(H5N1)	1493	865
PB2|PP755596.1|A/cattle/Texas/24-008749-003/2024(H5N1)	1494	855
PB2|PP755596.1|A/cattle/Texas/24-008749-003/2024(H5N1)	1495	855
PB2|PP755596.1|A/cattle/Texas/24-008749-003/2024(H5N1)	1496	890
PB2|PP755596.1|A/cattle/Texas/24-008749-003/2024(H5N1)	1497	888
PB2|PP755596.1|A/cattle/Texas/24-008749-003/2024(H5N1)	1498	888
PB2|PP755596.1|A/cattle/Texas/24-008749-003/2024(H5N1)	1499	887
PB2|PP755596.1|A/cattle/Texas/24-008749-003/2024(H5N1)	1500	886
PB2|PP755596.1|A/cattle/Texas/24-008749-003/2024(H5N1)	1501	905
PB2|PP755596.1|A/cattle/Texas/24-008749-003/2024(H5N1)	1502	902
PB2|PP755596.1|A/cattle/Texas/24-008749-003/2024(H5N1)	1503	918
PB2|PP755596.1|A/cattle/Texas/24-008749-003/2024(H5N1)	1504	918
PB2|PP755596.1|A/cattle/Texas/24-008749-003/2024(H5N1)	1505	918
PB2|PP755596.1|A/cattle/Texas/24-008749-003/2024(H5N1)	1506	919
PB2|PP755596.1|A/cattle/Texas/24-008749-003/2024(H5N1)	1507	917
PB2|PP755596.1|A/cattle/Texas/24-008749-003/2024(H5N1)	1508	905
PB2|PP755596.1|A/cattle/Texas/24-008749-003/2024(H5N1)	1509	903
PB2|PP755596.1|A/cattle/Texas/24-008749-003/2024(H5N1)	1510	901
PB2|PP755596.1|A/cattle/Texas/24-008749-003/2024(H5N1)	1511	903
PB2|PP755596.1|A/cattle/Texas/24-008749-003/2024(H5N1)	1512	899
PB2|PP755596.1|A/cattle/Texas/24-008749-003/2024(H5N1)	1513	898
PB2|PP755596.1|A/cattle/Texas/24-008749-003/2024(H5N1)	1514	898
PB2|PP755596.1|A/cattle/Texas/24-008749-003/2024(H5N1)	1515	896
PB2|PP755596.1|A/cattle/Texas/24-008749-003/2024(H5N1)	1516	895
PB2|PP755596.1|A/cattle/Texas/24-008749-003/2024(H5N1)	1517	895
PB2|PP755596.1|A/cattle/Texas/24-008749-003/2024(H5N1)	1518	892
PB2|PP755596.1|A/cattle/Texas/24-008749-003/2024(H5N1)	1519	881
PB2|PP755596.1|A/cattle/Texas/24-008749-003/2024(H5N1)	1520	880
PB2|PP755596.1|A/cattle/Texas/24-008749-003/2024(H5N1)	1521	877
PB2|PP755596.1|A/cattle/Texas/24-008749-003/2024(H5N1)	1522	870
PB2|PP755596.1|A/cattle/Texas/24-008749-003/2024(H5N1)	1523	870
PB2|PP755596.1|A/cattle/Texas/24-008749-003/2024(H5N1)	1524	874
PB2|PP755596.1|A/cattle/Texas/24-008749-003/2024(H5N1)	1525	866
PB2|PP755596.1|A/cattle/Texas/24-008749-003/2024(H5N1)	1526	868
PB2|PP755596.1|A/cattle/Texas/24-008749-003/2024(H5N1)	1527	871
PB2|PP755596.1|A/cattle/Texas/24-008749-003/2024(H5N1)	1528	869
PB2|PP755596.1|A/cattle/Texas/24-008749-003/2024(H5N1)	1529	899
PB2|PP755596.1|A/cattle/Texas/24-008749-003/2024(H5N1)	1530	899
PB2|PP755596.1|A/cattle/Texas/24-008749-003/2024(H5N1)	1531	940
PB2|PP755596.1|A/cattle/Texas/24-008749-003/2024(H5N1)	1532	938
PB2|PP755596.1|A/cattle/Texas/24-008749-003/2024(H5N1)	1533	931
PB2|PP755596.1|A/cattle/Texas/24-008749-003/2024(H5N1)	1534	920
PB2|PP755596.1|A/cattle/Texas/24-008749-003/2024(H5N1)	1535	916
PB2|PP755596.1|A/cattle/Texas/24-008749-003/2024(H5N1)	1536	929
PB2|PP755596.1|A/cattle/Texas/24-008749-003/2024(H5N1)	1537	923
PB2|PP755596.1|A/cattle/Texas/24-008749-003/2024(H5N1)	1538	882
PB2|PP755596.1|A/cattle/Texas/24-008749-003/2024(H5N1)	1539	883
PB2|PP755596.1|A/cattle/Texas/24-008749-003/2024(H5N1)	1540	838
PB2|PP755596.1|A/cattle/Texas/24-008749-003/2024(H5N1)	1541	846
PB2|PP755596.1|A/cattle/Texas/24-008749-003/2024(H5N1)	1542	851
PB2|PP755596.1|A/cattle/Texas/24-008749-003/2024(H5N1)	1543	854
PB2|PP755596.1|A/cattle/Texas/24-008749-003/2024(H5N1)	1544	854
PB2|PP755596.1|A/cattle/Texas/24-008749-003/2024(H5N1)	1545	848
PB2|PP755596.1|A/cattle/Texas/24-008749-003/2024(H5N1)	1546	851
PB2|PP755596.1|A/cattle/Texas/24-008749-003/2024(H5N1)	1547	850
PB2|PP755596.1|A/cattle/Texas/24-008749-003/2024(H5N1)	1548	841
PB2|PP755596.1|A/cattle/Texas/24-008749-003/2024(H5N1)	1549	839
PB2|PP755596.1|A/cattle/Texas/24-008749-003/2024(H5N1)	1550	842
PB2|PP755596.1|A/cattle/Texas/24-008749-003/2024(H5N1)	1551	853
PB2|PP755596.1|A/cattle/Texas/24-008749-003/2024(H5N1)	1552	855
PB2|PP755596.1|A/cattle/Texas/24-008749-003/2024(H5N1)	1553	849
PB2|PP755596.1|A/cattle/Texas/24-008749-003/2024(H5N1)	1554	847
PB2|PP755596.1|A/cattle/Texas/24-008749-003/2024(H5N1)	1555	845
PB2|PP755596.1|A/cattle/Texas/24-008749-003/2024(H5N1)	1556	849
PB2|PP755596.1|A/cattle/Texas/24-008749-003/2024(H5N1)	1557	852
PB2|PP755596.1|A/cattle/Texas/24-008749-003/2024(H5N1)	1558	851
PB2|PP755596.1|A/cattle/Texas/24-008749-003/2024(H5N1)	1559	854
PB2|PP755596.1|A/cattle/Texas/24-008749-003/2024(H5N1)	1560	840
PB2|PP755596.1|A/cattle/Texas/24-008749-003/2024(H5N1)	1561	847
PB2|PP755596.1|A/cattle/Texas/24-008749-003/2024(H5N1)	1562	849
PB2|PP755596.1|A/cattle/Texas/24-008749-003/2024(H5N1)	1563	851
PB2|PP755596.1|A/cattle/Texas/24-008749-003/2024(H5N1)	1564	853
PB2|PP755596.1|A/cattle/Texas/24-008749-003/2024(H5N1)	1565	851
PB2|PP755596.1|A/cattle/Texas/24-008749-003/2024(H5N1)	1566	846
PB2|PP755596.1|A/cattle/Texas/24-008749-003/2024(H5N1)	1567	847
PB2|PP755596.1|A/cattle/Texas/24-008749-003/2024(H5N1)	1568	864
PB2|PP755596.1|A/cattle/Texas/24-008749-003/2024(H5N1)	1569	868
PB2|PP755596.1|A/cattle/Texas/24-008749-003/2024(H5N1)	1570	857
PB2|PP755596.1|A/cattle/Texas/24-008749-003/2024(H5N1)	1571	850
PB2|PP755596.1|A/cattle/Texas/24-008749-003/2024(H5N1)	1572	847
PB2|PP755596.1|A/cattle/Texas/24-008749-003/2024(H5N1)	1573	847
PB2|PP755596.1|A/cattle/Texas/24-008749-003/2024(H5N1)	1574	859
PB2|PP755596.1|A/cattle/Texas/24-008749-003/2024(H5N1)	1575	861
PB2|PP755596.1|A/cattle/Texas/24-008749-003/2024(H5N1)	1576	872
PB2|PP755596.1|A/cattle/Texas/24-008749-003/2024(H5N1)	1577	858
PB2|PP755596.1|A/cattle/Texas/24-008749-003/2024(H5N1)	1578	859
PB2|PP755596.1|A/cattle/Texas/24-008749-003/2024(H5N1)	1579	792
PB2|PP755596.1|A/cattle/Texas/24-008749-003/2024(H5N1)	1580	788
PB2|PP755596.1|A/cattle/Texas/24-008749-003/2024(H5N1)	1581	795
PB2|PP755596.1|A/cattle/Texas/24-008749-003/2024(H5N1)	1582	793
PB2|PP755596.1|A/cattle/Texas/24-008749-003/2024(H5N1)	1583	794
PB2|PP755596.1|A/cattle/Texas/24-008749-003/2024(H5N1)	1584	793
PB2|PP755596.1|A/cattle/Texas/24-008749-003/2024(H5N1)	1585	793
PB2|PP755596.1|A/cattle/Texas/24-008749-003/2024(H5N1)	1586	808
PB2|PP755596.1|A/cattle/Texas/24-008749-003/2024(H5N1)	1587	820
PB2|PP755596.1|A/cattle/Texas/24-008749-003/2024(H5N1)	1588	822
PB2|PP755596.1|A/cattle/Texas/24-008749-003/2024(H5N1)	1589	820
PB2|PP755596.1|A/cattle/Texas/24-008749-003/2024(H5N1)	1590	816
PB2|PP755596.1|A/cattle/Texas/24-008749-003/2024(H5N1)	1591	822
PB2|PP755596.1|A/cattle/Texas/24-008749-003/2024(H5N1)	1592	816
PB2|PP755596.1|A/cattle/Texas/24-008749-003/2024(H5N1)	1593	813
PB2|PP755596.1|A/cattle/Texas/24-008749-003/2024(H5N1)	1594	813
PB2|PP755596.1|A/cattle/Texas/24-008749-003/2024(H5N1)	1595	823
PB2|PP755596.1|A/cattle/Texas/24-008749-003/2024(H5N1)	1596	823
PB2|PP755596.1|A/cattle/Texas/24-008749-003/2024(H5N1)	1597	823
PB2|PP755596.1|A/cattle/Texas/24-008749-003/2024(H5N1)	1598	825
PB2|PP755596.1|A/cattle/Texas/24-008749-003/2024(H5N1)	1599	825
PB2|PP755596.1|A/cattle/Texas/24-008749-003/2024(H5N1)	1600	825
PB2|PP755596.1|A/cattle/Texas/24-008749-003/2024(H5N1)	1601	805
PB2|PP755596.1|A/cattle/Texas/24-008749-003/2024(H5N1)	1602	804
PB2|PP755596.1|A/cattle/Texas/24-008749-003/2024(H5N1)	1603	811
PB2|PP755596.1|A/cattle/Texas/24-008749-003/2024(H5N1)	1604	818
PB2|PP755596.1|A/cattle/Texas/24-008749-003/2024(H5N1)	1605	816
PB2|PP755596.1|A/cattle/Texas/24-008749-003/2024(H5N1)	1606	818
PB2|PP755596.1|A/cattle/Texas/24-008749-003/2024(H5N1)	1607	812
PB2|PP755596.1|A/cattle/Texas/24-008749-003/2024(H5N1)	1608	812
PB2|PP755596.1|A/cattle/Texas/24-008749-003/2024(H5N1)	1609	811
PB2|PP755596.1|A/cattle/Texas/24-008749-003/2024(H5N1)	1610	801
PB2|PP755596.1|A/cattle/Texas/24-008749-003/2024(H5N1)	1611	839
PB2|PP755596.1|A/cattle/Texas/24-008749-003/2024(H5N1)	1612	840
PB2|PP755596.1|A/cattle/Texas/24-008749-003/2024(H5N1)	1613	832
PB2|PP755596.1|A/cattle/Texas/24-008749-003/2024(H5N1)	1614	848
PB2|PP755596.1|A/cattle/Texas/24-008749-003/2024(H5N1)	1615	740
PB2|PP755596.1|A/cattle/Texas/24-008749-003/2024(H5N1)	1616	741
PB2|PP755596.1|A/cattle/Texas/24-008749-003/2024(H5N1)	1617	728
PB2|PP755596.1|A/cattle/Texas/24-008749-003/2024(H5N1)	1618	726
PB2|PP755596.1|A/cattle/Texas/24-008749-003/2024(H5N1)	1619	741
PB2|PP755596.1|A/cattle/Texas/24-008749-003/2024(H5N1)	1620	730
PB2|PP755596.1|A/cattle/Texas/24-008749-003/2024(H5N1)	1621	736
PB2|PP755596.1|A/cattle/Texas/24-008749-003/2024(H5N1)	1622	764
PB2|PP755596.1|A/cattle/Texas/24-008749-003/2024(H5N1)	1623	757
PB2|PP755596.1|A/cattle/Texas/24-008749-003/2024(H5N1)	1624	757
PB2|PP755596.1|A/cattle/Texas/24-008749-003/2024(H5N1)	1625	755
PB2|PP755596.1|A/cattle/Texas/24-008749-003/2024(H5N1)	1626	827
PB2|PP755596.1|A/cattle/Texas/24-008749-003/2024(H5N1)	1627	850
PB2|PP755596.1|A/cattle/Texas/24-008749-003/2024(H5N1)	1628	852
PB2|PP755596.1|A/cattle/Texas/24-008749-003/2024(H5N1)	1629	833
PB2|PP755596.1|A/cattle/Texas/24-008749-003/2024(H5N1)	1630	839
PB2|PP755596.1|A/cattle/Texas/24-008749-003/2024(H5N1)	1631	828
PB2|PP755596.1|A/cattle/Texas/24-008749-003/2024(H5N1)	1632	829
PB2|PP755596.1|A/cattle/Texas/24-008749-003/2024(H5N1)	1633	868
PB2|PP755596.1|A/cattle/Texas/24-008749-003/2024(H5N1)	1634	856
PB2|PP755596.1|A/cattle/Texas/24-008749-003/2024(H5N1)	1635	856
PB2|PP755596.1|A/cattle/Texas/24-008749-003/2024(H5N1)	1636	840
PB2|PP755596.1|A/cattle/Texas/24-008749-003/2024(H5N1)	1637	830
PB2|PP755596.1|A/cattle/Texas/24-008749-003/2024(H5N1)	1638	868
PB2|PP755596.1|A/cattle/Texas/24-008749-003/2024(H5N1)	1639	877
PB2|PP755596.1|A/cattle/Texas/24-008749-003/2024(H5N1)	1640	877
PB2|PP755596.1|A/cattle/Texas/24-008749-003/2024(H5N1)	1641	877
PB2|PP755596.1|A/cattle/Texas/24-008749-003/2024(H5N1)	1642	850
PB2|PP755596.1|A/cattle/Texas/24-008749-003/2024(H5N1)	1643	888
PB2|PP755596.1|A/cattle/Texas/24-008749-003/2024(H5N1)	1644	888
PB2|PP755596.1|A/cattle/Texas/24-008749-003/2024(H5N1)	1645	898
PB2|PP755596.1|A/cattle/Texas/24-008749-003/2024(H5N1)	1646	902
PB2|PP755596.1|A/cattle/Texas/24-008749-003/2024(H5N1)	1647	864
PB2|PP755596.1|A/cattle/Texas/24-008749-003/2024(H5N1)	1648	866
PB2|PP755596.1|A/cattle/Texas/24-008749-003/2024(H5N1)	1649	870
PB2|PP755596.1|A/cattle/Texas/24-008749-003/2024(H5N1)	1650	873
PB2|PP755596.1|A/cattle/Texas/24-008749-003/2024(H5N1)	1651	868
PB2|PP755596.1|A/cattle/Texas/24-008749-003/2024(H5N1)	1652	850
PB2|PP755596.1|A/cattle/Texas/24-008749-003/2024(H5N1)	1653	852
PB2|PP755596.1|A/cattle/Texas/24-008749-003/2024(H5N1)	1654	845
PB2|PP755596.1|A/cattle/Texas/24-008749-003/2024(H5N1)	1655	845
PB2|PP755596.1|A/cattle/Texas/24-008749-003/2024(H5N1)	1656	855
PB2|PP755596.1|A/cattle/Texas/24-008749-003/2024(H5N1)	1657	852
PB2|PP755596.1|A/cattle/Texas/24-008749-003/2024(H5N1)	1658	851
PB2|PP755596.1|A/cattle/Texas/24-008749-003/2024(H5N1)	1659	850
PB2|PP755596.1|A/cattle/Texas/24-008749-003/2024(H5N1)	1660	865
PB2|PP755596.1|A/cattle/Texas/24-008749-003/2024(H5N1)	1661	857
PB2|PP755596.1|A/cattle/Texas/24-008749-003/2024(H5N1)	1662	856
PB2|PP755596.1|A/cattle/Texas/24-008749-003/2024(H5N1)	1663	851
PB2|PP755596.1|A/cattle/Texas/24-008749-003/2024(H5N1)	1664	853
PB2|PP755596.1|A/cattle/Texas/24-008749-003/2024(H5N1)	1665	854
PB2|PP755596.1|A/cattle/Texas/24-008749-003/2024(H5N1)	1666	854
PB2|PP755596.1|A/cattle/Texas/24-008749-003/2024(H5N1)	1667	855
PB2|PP755596.1|A/cattle/Texas/24-008749-003/2024(H5N1)	1668	861
PB2|PP755596.1|A/cattle/Texas/24-008749-003/2024(H5N1)	1669	855
PB2|PP755596.1|A/cattle/Texas/24-008749-003/2024(H5N1)	1670	856
PB2|PP755596.1|A/cattle/Texas/24-008749-003/2024(H5N1)	1671	856
PB2|PP755596.1|A/cattle/Texas/24-008749-003/2024(H5N1)	1672	856
PB2|PP755596.1|A/cattle/Texas/24-008749-003/2024(H5N1)	1673	871
PB2|PP755596.1|A/cattle/Texas/24-008749-003/2024(H5N1)	1674	875
PB2|PP755596.1|A/cattle/Texas/24-008749-003/2024(H5N1)	1675	871
PB2|PP755596.1|A/cattle/Texas/24-008749-003/2024(H5N1)	1676	843
PB2|PP755596.1|A/cattle/Texas/24-008749-003/2024(H5N1)	1677	840
PB2|PP755596.1|A/cattle/Texas/24-008749-003/2024(H5N1)	1678	841
PB2|PP755596.1|A/cattle/Texas/24-008749-003/2024(H5N1)	1679	841
PB2|PP755596.1|A/cattle/Texas/24-008749-003/2024(H5N1)	1680	841
PB2|PP755596.1|A/cattle/Texas/24-008749-003/2024(H5N1)	1681	841
PB2|PP755596.1|A/cattle/Texas/24-008749-003/2024(H5N1)	1682	799
PB2|PP755596.1|A/cattle/Texas/24-008749-003/2024(H5N1)	1683	802
PB2|PP755596.1|A/cattle/Texas/24-008749-003/2024(H5N1)	1684	805
PB2|PP755596.1|A/cattle/Texas/24-008749-003/2024(H5N1)	1685	834
PB2|PP755596.1|A/cattle/Texas/24-008749-003/2024(H5N1)	1686	835
PB2|PP755596.1|A/cattle/Texas/24-008749-003/2024(H5N1)	1687	821
PB2|PP755596.1|A/cattle/Texas/24-008749-003/2024(H5N1)	1688	818
PB2|PP755596.1|A/cattle/Texas/24-008749-003/2024(H5N1)	1689	820
PB2|PP755596.1|A/cattle/Texas/24-008749-003/2024(H5N1)	1690	823
PB2|PP755596.1|A/cattle/Texas/24-008749-003/2024(H5N1)	1691	832
PB2|PP755596.1|A/cattle/Texas/24-008749-003/2024(H5N1)	1692	826
PB2|PP755596.1|A/cattle/Texas/24-008749-003/2024(H5N1)	1693	829
PB2|PP755596.1|A/cattle/Texas/24-008749-003/2024(H5N1)	1694	831
PB2|PP755596.1|A/cattle/Texas/24-008749-003/2024(H5N1)	1695	850
PB2|PP755596.1|A/cattle/Texas/24-008749-003/2024(H5N1)	1696	849
PB2|PP755596.1|A/cattle/Texas/24-008749-003/2024(H5N1)	1697	849
PB2|PP755596.1|A/cattle/Texas/24-008749-003/2024(H5N1)	1698	849
PB2|PP755596.1|A/cattle/Texas/24-008749-003/2024(H5N1)	1699	849
PB2|PP755596.1|A/cattle/Texas/24-008749-003/2024(H5N1)	1700	839
PB2|PP755596.1|A/cattle/Texas/24-008749-003/2024(H5N1)	1701	839
PB2|PP755596.1|A/cattle/Texas/24-008749-003/2024(H5N1)	1702	849
PB2|PP755596.1|A/cattle/Texas/24-008749-003/2024(H5N1)	1703	854
PB2|PP755596.1|A/cattle/Texas/24-008749-003/2024(H5N1)	1704	854
PB2|PP755596.1|A/cattle/Texas/24-008749-003/2024(H5N1)	1705	854
PB2|PP755596.1|A/cattle/Texas/24-008749-003/2024(H5N1)	1706	850
PB2|PP755596.1|A/cattle/Texas/24-008749-003/2024(H5N1)	1707	848
PB2|PP755596.1|A/cattle/Texas/24-008749-003/2024(H5N1)	1708	873
PB2|PP755596.1|A/cattle/Texas/24-008749-003/2024(H5N1)	1709	871
PB2|PP755596.1|A/cattle/Texas/24-008749-003/2024(H5N1)	1710	879
PB2|PP755596.1|A/cattle/Texas/24-008749-003/2024(H5N1)	1711	886
PB2|PP755596.1|A/cattle/Texas/24-008749-003/2024(H5N1)	1712	883
PB2|PP755596.1|A/cattle/Texas/24-008749-003/2024(H5N1)	1713	900
PB2|PP755596.1|A/cattle/Texas/24-008749-003/2024(H5N1)	1714	897
PB2|PP755596.1|A/cattle/Texas/24-008749-003/2024(H5N1)	1715	898
PB2|PP755596.1|A/cattle/Texas/24-008749-003/2024(H5N1)	1716	899
PB2|PP755596.1|A/cattle/Texas/24-008749-003/2024(H5N1)	1717	890
PB2|PP755596.1|A/cattle/Texas/24-008749-003/2024(H5N1)	1718	895
PB2|PP755596.1|A/cattle/Texas/24-008749-003/2024(H5N1)	1719	884
PB2|PP755596.1|A/cattle/Texas/24-008749-003/2024(H5N1)	1720	885
PB2|PP755596.1|A/cattle/Texas/24-008749-003/2024(H5N1)	1721	884
PB2|PP755596.1|A/cattle/Texas/24-008749-003/2024(H5N1)	1722	875
PB2|PP755596.1|A/cattle/Texas/24-008749-003/2024(H5N1)	1723	875
PB2|PP755596.1|A/cattle/Texas/24-008749-003/2024(H5N1)	1724	875
PB2|PP755596.1|A/cattle/Texas/24-008749-003/2024(H5N1)	1725	873
PB2|PP755596.1|A/cattle/Texas/24-008749-003/2024(H5N1)	1726	874
PB2|PP755596.1|A/cattle/Texas/24-008749-003/2024(H5N1)	1727	867
PB2|PP755596.1|A/cattle/Texas/24-008749-003/2024(H5N1)	1728	876
PB2|PP755596.1|A/cattle/Texas/24-008749-003/2024(H5N1)	1729	882
PB2|PP755596.1|A/cattle/Texas/24-008749-003/2024(H5N1)	1730	881
PB2|PP755596.1|A/cattle/Texas/24-008749-003/2024(H5N1)	1731	873
PB2|PP755596.1|A/cattle/Texas/24-008749-003/2024(H5N1)	1732	871
PB2|PP755596.1|A/cattle/Texas/24-008749-003/2024(H5N1)	1733	882
PB2|PP755596.1|A/cattle/Texas/24-008749-003/2024(H5N1)	1734	880
PB2|PP755596.1|A/cattle/Texas/24-008749-003/2024(H5N1)	1735	884
PB2|PP755596.1|A/cattle/Texas/24-008749-003/2024(H5N1)	1736	884
PB2|PP755596.1|A/cattle/Texas/24-008749-003/2024(H5N1)	1737	894
PB2|PP755596.1|A/cattle/Texas/24-008749-003/2024(H5N1)	1738	886
PB2|PP755596.1|A/cattle/Texas/24-008749-003/2024(H5N1)	1739	890
PB2|PP755596.1|A/cattle/Texas/24-008749-003/2024(H5N1)	1740	891
PB2|PP755596.1|A/cattle/Texas/24-008749-003/2024(H5N1)	1741	891
PB2|PP755596.1|A/cattle/Texas/24-008749-003/2024(H5N1)	1742	887
PB2|PP755596.1|A/cattle/Texas/24-008749-003/2024(H5N1)	1743	887
PB2|PP755596.1|A/cattle/Texas/24-008749-003/2024(H5N1)	1744	892
PB2|PP755596.1|A/cattle/Texas/24-008749-003/2024(H5N1)	1745	893
PB2|PP755596.1|A/cattle/Texas/24-008749-003/2024(H5N1)	1746	878
PB2|PP755596.1|A/cattle/Texas/24-008749-003/2024(H5N1)	1747	884
PB2|PP755596.1|A/cattle/Texas/24-008749-003/2024(H5N1)	1748	881
PB2|PP755596.1|A/cattle/Texas/24-008749-003/2024(H5N1)	1749	886
PB2|PP755596.1|A/cattle/Texas/24-008749-003/2024(H5N1)	1750	903
PB2|PP755596.1|A/cattle/Texas/24-008749-003/2024(H5N1)	1751	901
PB2|PP755596.1|A/cattle/Texas/24-008749-003/2024(H5N1)	1752	935
PB2|PP755596.1|A/cattle/Texas/24-008749-003/2024(H5N1)	1753	933
PB2|PP755596.1|A/cattle/Texas/24-008749-003/2024(H5N1)	1754	918
PB2|PP755596.1|A/cattle/Texas/24-008749-003/2024(H5N1)	1755	917
PB2|PP755596.1|A/cattle/Texas/24-008749-003/2024(H5N1)	1756	919
PB2|PP755596.1|A/cattle/Texas/24-008749-003/2024(H5N1)	1757	918
PB2|PP755596.1|A/cattle/Texas/24-008749-003/2024(H5N1)	1758	914
PB2|PP755596.1|A/cattle/Texas/24-008749-003/2024(H5N1)	1759	914
PB2|PP755596.1|A/cattle/Texas/24-008749-003/2024(H5N1)	1760	913
PB2|PP755596.1|A/cattle/Texas/24-008749-003/2024(H5N1)	1761	882
PB2|PP755596.1|A/cattle/Texas/24-008749-003/2024(H5N1)	1762	888
PB2|PP755596.1|A/cattle/Texas/24-008749-003/2024(H5N1)	1763	898
PB2|PP755596.1|A/cattle/Texas/24-008749-003/2024(H5N1)	1764	883
PB2|PP755596.1|A/cattle/Texas/24-008749-003/2024(H5N1)	1765	882
PB2|PP755596.1|A/cattle/Texas/24-008749-003/2024(H5N1)	1766	885
PB2|PP755596.1|A/cattle/Texas/24-008749-003/2024(H5N1)	1767	887
PB2|PP755596.1|A/cattle/Texas/24-008749-003/2024(H5N1)	1768	975
PB2|PP755596.1|A/cattle/Texas/24-008749-003/2024(H5N1)	1769	983
PB2|PP755596.1|A/cattle/Texas/24-008749-003/2024(H5N1)	1770	979
PB2|PP755596.1|A/cattle/Texas/24-008749-003/2024(H5N1)	1771	979
PB2|PP755596.1|A/cattle/Texas/24-008749-003/2024(H5N1)	1772	975
PB2|PP755596.1|A/cattle/Texas/24-008749-003/2024(H5N1)	1773	975
PB2|PP755596.1|A/cattle/Texas/24-008749-003/2024(H5N1)	1774	1012
PB2|PP755596.1|A/cattle/Texas/24-008749-003/2024(H5N1)	1775	1003
PB2|PP755596.1|A/cattle/Texas/24-008749-003/2024(H5N1)	1776	1004
PB2|PP755596.1|A/cattle/Texas/24-008749-003/2024(H5N1)	1777	911
PB2|PP755596.1|A/cattle/Texas/24-008749-003/2024(H5N1)	1778	902
PB2|PP755596.1|A/cattle/Texas/24-008749-003/2024(H5N1)	1779	892
PB2|PP755596.1|A/cattle/Texas/24-008749-003/2024(H5N1)	1780	891
PB2|PP755596.1|A/cattle/Texas/24-008749-003/2024(H5N1)	1781	891
PB2|PP755596.1|A/cattle/Texas/24-008749-003/2024(H5N1)	1782	884
PB2|PP755596.1|A/cattle/Texas/24-008749-003/2024(H5N1)	1783	896
PB2|PP755596.1|A/cattle/Texas/24-008749-003/2024(H5N1)	1784	874
PB2|PP755596.1|A/cattle/Texas/24-008749-003/2024(H5N1)	1785	874
PB2|PP755596.1|A/cattle/Texas/24-008749-003/2024(H5N1)	1786	873
PB2|PP755596.1|A/cattle/Texas/24-008749-003/2024(H5N1)	1787	873
PB2|PP755596.1|A/cattle/Texas/24-008749-003/2024(H5N1)	1788	873
PB2|PP755596.1|A/cattle/Texas/24-008749-003/2024(H5N1)	1789	833
PB2|PP755596.1|A/cattle/Texas/24-008749-003/2024(H5N1)	1790	837
PB2|PP755596.1|A/cattle/Texas/24-008749-003/2024(H5N1)	1791	837
PB2|PP755596.1|A/cattle/Texas/24-008749-003/2024(H5N1)	1792	849
PB2|PP755596.1|A/cattle/Texas/24-008749-003/2024(H5N1)	1793	824
PB2|PP755596.1|A/cattle/Texas/24-008749-003/2024(H5N1)	1794	816
PB2|PP755596.1|A/cattle/Texas/24-008749-003/2024(H5N1)	1795	817
PB2|PP755596.1|A/cattle/Texas/24-008749-003/2024(H5N1)	1796	812
PB2|PP755596.1|A/cattle/Texas/24-008749-003/2024(H5N1)	1797	819
PB2|PP755596.1|A/cattle/Texas/24-008749-003/2024(H5N1)	1798	819
PB2|PP755596.1|A/cattle/Texas/24-008749-003/2024(H5N1)	1799	822
PB2|PP755596.1|A/cattle/Texas/24-008749-003/2024(H5N1)	1800	819
PB2|PP755596.1|A/cattle/Texas/24-008749-003/2024(H5N1)	1801	817
PB2|PP755596.1|A/cattle/Texas/24-008749-003/2024(H5N1)	1802	812
PB2|PP755596.1|A/cattle/Texas/24-008749-003/2024(H5N1)	1803	812
PB2|PP755596.1|A/cattle/Texas/24-008749-003/2024(H5N1)	1804	815
PB2|PP755596.1|A/cattle/Texas/24-008749-003/2024(H5N1)	1805	813
PB2|PP755596.1|A/cattle/Texas/24-008749-003/2024(H5N1)	1806	806
PB2|PP755596.1|A/cattle/Texas/24-008749-003/2024(H5N1)	1807	805
PB2|PP755596.1|A/cattle/Texas/24-008749-003/2024(H5N1)	1808	810
PB2|PP755596.1|A/cattle/Texas/24-008749-003/2024(H5N1)	1809	810
PB2|PP755596.1|A/cattle/Texas/24-008749-003/2024(H5N1)	1810	801
PB2|PP755596.1|A/cattle/Texas/24-008749-003/2024(H5N1)	1811	801
PB2|PP755596.1|A/cattle/Texas/24-008749-003/2024(H5N1)	1812	811
PB2|PP755596.1|A/cattle/Texas/24-008749-003/2024(H5N1)	1813	816
PB2|PP755596.1|A/cattle/Texas/24-008749-003/2024(H5N1)	1814	828
PB2|PP755596.1|A/cattle/Texas/24-008749-003/2024(H5N1)	1815	825
PB2|PP755596.1|A/cattle/Texas/24-008749-003/2024(H5N1)	1816	827
PB2|PP755596.1|A/cattle/Texas/24-008749-003/2024(H5N1)	1817	832
PB2|PP755596.1|A/cattle/Texas/24-008749-003/2024(H5N1)	1818	838
PB2|PP755596.1|A/cattle/Texas/24-008749-003/2024(H5N1)	1819	830
PB2|PP755596.1|A/cattle/Texas/24-008749-003/2024(H5N1)	1820	828
PB2|PP755596.1|A/cattle/Texas/24-008749-003/2024(H5N1)	1821	852
PB2|PP755596.1|A/cattle/Texas/24-008749-003/2024(H5N1)	1822	852
PB2|PP755596.1|A/cattle/Texas/24-008749-003/2024(H5N1)	1823	852
PB2|PP755596.1|A/cattle/Texas/24-008749-003/2024(H5N1)	1824	839
PB2|PP755596.1|A/cattle/Texas/24-008749-003/2024(H5N1)	1825	838
PB2|PP755596.1|A/cattle/Texas/24-008749-003/2024(H5N1)	1826	845
PB2|PP755596.1|A/cattle/Texas/24-008749-003/2024(H5N1)	1827	876
PB2|PP755596.1|A/cattle/Texas/24-008749-003/2024(H5N1)	1828	877
PB2|PP755596.1|A/cattle/Texas/24-008749-003/2024(H5N1)	1829	877
PB2|PP755596.1|A/cattle/Texas/24-008749-003/2024(H5N1)	1830	877
PB2|PP755596.1|A/cattle/Texas/24-008749-003/2024(H5N1)	1831	877
PB2|PP755596.1|A/cattle/Texas/24-008749-003/2024(H5N1)	1832	894
PB2|PP755596.1|A/cattle/Texas/24-008749-003/2024(H5N1)	1833	894
PB2|PP755596.1|A/cattle/Texas/24-008749-003/2024(H5N1)	1834	891
PB2|PP755596.1|A/cattle/Texas/24-008749-003/2024(H5N1)	1835	897
PB2|PP755596.1|A/cattle/Texas/24-008749-003/2024(H5N1)	1836	866
PB2|PP755596.1|A/cattle/Texas/24-008749-003/2024(H5N1)	1837	902
PB2|PP755596.1|A/cattle/Texas/24-008749-003/2024(H5N1)	1838	902
PB2|PP755596.1|A/cattle/Texas/24-008749-003/2024(H5N1)	1839	907
PB2|PP755596.1|A/cattle/Texas/24-008749-003/2024(H5N1)	1840	905
PB2|PP755596.1|A/cattle/Texas/24-008749-003/2024(H5N1)	1841	901
PB2|PP755596.1|A/cattle/Texas/24-008749-003/2024(H5N1)	1842	894
PB2|PP755596.1|A/cattle/Texas/24-008749-003/2024(H5N1)	1843	900
PB2|PP755596.1|A/cattle/Texas/24-008749-003/2024(H5N1)	1844	905
PB2|PP755596.1|A/cattle/Texas/24-008749-003/2024(H5N1)	1845	899
PB2|PP755596.1|A/cattle/Texas/24-008749-003/2024(H5N1)	1846	880
PB2|PP755596.1|A/cattle/Texas/24-008749-003/2024(H5N1)	1847	881
PB2|PP755596.1|A/cattle/Texas/24-008749-003/2024(H5N1)	1848	881
PB2|PP755596.1|A/cattle/Texas/24-008749-003/2024(H5N1)	1849	906
PB2|PP755596.1|A/cattle/Texas/24-008749-003/2024(H5N1)	1850	908
PB2|PP755596.1|A/cattle/Texas/24-008749-003/2024(H5N1)	1851	906
PB2|PP755596.1|A/cattle/Texas/24-008749-003/2024(H5N1)	1852	908
PB2|PP755596.1|A/cattle/Texas/24-008749-003/2024(H5N1)	1853	885
PB2|PP755596.1|A/cattle/Texas/24-008749-003/2024(H5N1)	1854	883
PB2|PP755596.1|A/cattle/Texas/24-008749-003/2024(H5N1)	1855	883
PB2|PP755596.1|A/cattle/Texas/24-008749-003/2024(H5N1)	1856	883
PB2|PP755596.1|A/cattle/Texas/24-008749-003/2024(H5N1)	1857	902
PB2|PP755596.1|A/cattle/Texas/24-008749-003/2024(H5N1)	1858	878
PB2|PP755596.1|A/cattle/Texas/24-008749-003/2024(H5N1)	1859	881
PB2|PP755596.1|A/cattle/Texas/24-008749-003/2024(H5N1)	1860	873
PB2|PP755596.1|A/cattle/Texas/24-008749-003/2024(H5N1)	1861	864
PB2|PP755596.1|A/cattle/Texas/24-008749-003/2024(H5N1)	1862	864
PB2|PP755596.1|A/cattle/Texas/24-008749-003/2024(H5N1)	1863	864
PB2|PP755596.1|A/cattle/Texas/24-008749-003/2024(H5N1)	1864	841
PB2|PP755596.1|A/cattle/Texas/24-008749-003/2024(H5N1)	1865	846
PB2|PP755596.1|A/cattle/Texas/24-008749-003/2024(H5N1)	1866	842
PB2|PP755596.1|A/cattle/Texas/24-008749-003/2024(H5N1)	1867	841
PB2|PP755596.1|A/cattle/Texas/24-008749-003/2024(H5N1)	1868	835
PB2|PP755596.1|A/cattle/Texas/24-008749-003/2024(H5N1)	1869	830
PB2|PP755596.1|A/cattle/Texas/24-008749-003/2024(H5N1)	1870	830
PB2|PP755596.1|A/cattle/Texas/24-008749-003/2024(H5N1)	1871	830
PB2|PP755596.1|A/cattle/Texas/24-008749-003/2024(H5N1)	1872	829
PB2|PP755596.1|A/cattle/Texas/24-008749-003/2024(H5N1)	1873	845
PB2|PP755596.1|A/cattle/Texas/24-008749-003/2024(H5N1)	1874	843
PB2|PP755596.1|A/cattle/Texas/24-008749-003/2024(H5N1)	1875	850
PB2|PP755596.1|A/cattle/Texas/24-008749-003/2024(H5N1)	1876	851
PB2|PP755596.1|A/cattle/Texas/24-008749-003/2024(H5N1)	1877	851
PB2|PP755596.1|A/cattle/Texas/24-008749-003/2024(H5N1)	1878	855
PB2|PP755596.1|A/cattle/Texas/24-008749-003/2024(H5N1)	1879	854
PB2|PP755596.1|A/cattle/Texas/24-008749-003/2024(H5N1)	1880	854
PB2|PP755596.1|A/cattle/Texas/24-008749-003/2024(H5N1)	1881	855
PB2|PP755596.1|A/cattle/Texas/24-008749-003/2024(H5N1)	1882	853
PB2|PP755596.1|A/cattle/Texas/24-008749-003/2024(H5N1)	1883	846
PB2|PP755596.1|A/cattle/Texas/24-008749-003/2024(H5N1)	1884	857
PB2|PP755596.1|A/cattle/Texas/24-008749-003/2024(H5N1)	1885	854
PB2|PP755596.1|A/cattle/Texas/24-008749-003/2024(H5N1)	1886	857
PB2|PP755596.1|A/cattle/Texas/24-008749-003/2024(H5N1)	1887	855
PB2|PP755596.1|A/cattle/Texas/24-008749-003/2024(H5N1)	1888	831
PB2|PP755596.1|A/cattle/Texas/24-008749-003/2024(H5N1)	1889	828
PB2|PP755596.1|A/cattle/Texas/24-008749-003/2024(H5N1)	1890	828
PB2|PP755596.1|A/cattle/Texas/24-008749-003/2024(H5N1)	1891	845
PB2|PP755596.1|A/cattle/Texas/24-008749-003/2024(H5N1)	1892	844
PB2|PP755596.1|A/cattle/Texas/24-008749-003/2024(H5N1)	1893	840
PB2|PP755596.1|A/cattle/Texas/24-008749-003/2024(H5N1)	1894	842
PB2|PP755596.1|A/cattle/Texas/24-008749-003/2024(H5N1)	1895	833
PB2|PP755596.1|A/cattle/Texas/24-008749-003/2024(H5N1)	1896	851
PB2|PP755596.1|A/cattle/Texas/24-008749-003/2024(H5N1)	1897	850
PB2|PP755596.1|A/cattle/Texas/24-008749-003/2024(H5N1)	1898	849
PB2|PP755596.1|A/cattle/Texas/24-008749-003/2024(H5N1)	1899	846
PB2|PP755596.1|A/cattle/Texas/24-008749-003/2024(H5N1)	1900	828
PB2|PP755596.1|A/cattle/Texas/24-008749-003/2024(H5N1)	1901	833
PB2|PP755596.1|A/cattle/Texas/24-008749-003/2024(H5N1)	1902	805
PB2|PP755596.1|A/cattle/Texas/24-008749-003/2024(H5N1)	1903	802
PB2|PP755596.1|A/cattle/Texas/24-008749-003/2024(H5N1)	1904	813
PB2|PP755596.1|A/cattle/Texas/24-008749-003/2024(H5N1)	1905	812
PB2|PP755596.1|A/cattle/Texas/24-008749-003/2024(H5N1)	1906	823
PB2|PP755596.1|A/cattle/Texas/24-008749-003/2024(H5N1)	1907	820
PB2|PP755596.1|A/cattle/Texas/24-008749-003/2024(H5N1)	1908	825
PB2|PP755596.1|A/cattle/Texas/24-008749-003/2024(H5N1)	1909	839
PB2|PP755596.1|A/cattle/Texas/24-008749-003/2024(H5N1)	1910	842
PB2|PP755596.1|A/cattle/Texas/24-008749-003/2024(H5N1)	1911	849
PB2|PP755596.1|A/cattle/Texas/24-008749-003/2024(H5N1)	1912	1086
PB2|PP755596.1|A/cattle/Texas/24-008749-003/2024(H5N1)	1913	1081
PB2|PP755596.1|A/cattle/Texas/24-008749-003/2024(H5N1)	1914	1087
PB2|PP755596.1|A/cattle/Texas/24-008749-003/2024(H5N1)	1915	1090
PB2|PP755596.1|A/cattle/Texas/24-008749-003/2024(H5N1)	1916	1125
PB2|PP755596.1|A/cattle/Texas/24-008749-003/2024(H5N1)	1917	1122
PB2|PP755596.1|A/cattle/Texas/24-008749-003/2024(H5N1)	1918	1121
PB2|PP755596.1|A/cattle/Texas/24-008749-003/2024(H5N1)	1919	1057
PB2|PP755596.1|A/cattle/Texas/24-008749-003/2024(H5N1)	1920	1052
PB2|PP755596.1|A/cattle/Texas/24-008749-003/2024(H5N1)	1921	1042
PB2|PP755596.1|A/cattle/Texas/24-008749-003/2024(H5N1)	1922	1036
PB2|PP755596.1|A/cattle/Texas/24-008749-003/2024(H5N1)	1923	1048
PB2|PP755596.1|A/cattle/Texas/24-008749-003/2024(H5N1)	1924	1026
PB2|PP755596.1|A/cattle/Texas/24-008749-003/2024(H5N1)	1925	1031
PB2|PP755596.1|A/cattle/Texas/24-008749-003/2024(H5N1)	1926	1050
PB2|PP755596.1|A/cattle/Texas/24-008749-003/2024(H5N1)	1927	1051
PB2|PP755596.1|A/cattle/Texas/24-008749-003/2024(H5N1)	1928	1050
PB2|PP755596.1|A/cattle/Texas/24-008749-003/2024(H5N1)	1929	1051
PB2|PP755596.1|A/cattle/Texas/24-008749-003/2024(H5N1)	1930	1071
PB2|PP755596.1|A/cattle/Texas/24-008749-003/2024(H5N1)	1931	1065
PB2|PP755596.1|A/cattle/Texas/24-008749-003/2024(H5N1)	1932	1068
PB2|PP755596.1|A/cattle/Texas/24-008749-003/2024(H5N1)	1933	1062
PB2|PP755596.1|A/cattle/Texas/24-008749-003/2024(H5N1)	1934	1054
PB2|PP755596.1|A/cattle/Texas/24-008749-003/2024(H5N1)	1935	1053
PB2|PP755596.1|A/cattle/Texas/24-008749-003/2024(H5N1)	1936	1048
PB2|PP755596.1|A/cattle/Texas/24-008749-003/2024(H5N1)	1937	1060
PB2|PP755596.1|A/cattle/Texas/24-008749-003/2024(H5N1)	1938	1062
PB2|PP755596.1|A/cattle/Texas/24-008749-003/2024(H5N1)	1939	1055
PB2|PP755596.1|A/cattle/Texas/24-008749-003/2024(H5N1)	1940	1057
PB2|PP755596.1|A/cattle/Texas/24-008749-003/2024(H5N1)	1941	1059
PB2|PP755596.1|A/cattle/Texas/24-008749-003/2024(H5N1)	1942	1050
PB2|PP755596.1|A/cattle/Texas/24-008749-003/2024(H5N1)	1943	1030
PB2|PP755596.1|A/cattle/Texas/24-008749-003/2024(H5N1)	1944	1053
PB2|PP755596.1|A/cattle/Texas/24-008749-003/2024(H5N1)	1945	1051
PB2|PP755596.1|A/cattle/Texas/24-008749-003/2024(H5N1)	1946	1034
PB2|PP755596.1|A/cattle/Texas/24-008749-003/2024(H5N1)	1947	1028
PB2|PP755596.1|A/cattle/Texas/24-008749-003/2024(H5N1)	1948	1022
PB2|PP755596.1|A/cattle/Texas/24-008749-003/2024(H5N1)	1949	1024
PB2|PP755596.1|A/cattle/Texas/24-008749-003/2024(H5N1)	1950	1026
PB2|PP755596.1|A/cattle/Texas/24-008749-003/2024(H5N1)	1951	1026
PB2|PP755596.1|A/cattle/Texas/24-008749-003/2024(H5N1)	1952	1028
PB2|PP755596.1|A/cattle/Texas/24-008749-003/2024(H5N1)	1953	1021
PB2|PP755596.1|A/cattle/Texas/24-008749-003/2024(H5N1)	1954	1018
PB2|PP755596.1|A/cattle/Texas/24-008749-003/2024(H5N1)	1955	1029
PB2|PP755596.1|A/cattle/Texas/24-008749-003/2024(H5N1)	1956	1034
PB2|PP755596.1|A/cattle/Texas/24-008749-003/2024(H5N1)	1957	1027
PB2|PP755596.1|A/cattle/Texas/24-008749-003/2024(H5N1)	1958	1035
PB2|PP755596.1|A/cattle/Texas/24-008749-003/2024(H5N1)	1959	1035
PB2|PP755596.1|A/cattle/Texas/24-008749-003/2024(H5N1)	1960	1040
PB2|PP755596.1|A/cattle/Texas/24-008749-003/2024(H5N1)	1961	1038
PB2|PP755596.1|A/cattle/Texas/24-008749-003/2024(H5N1)	1962	1016
PB2|PP755596.1|A/cattle/Texas/24-008749-003/2024(H5N1)	1963	1032
PB2|PP755596.1|A/cattle/Texas/24-008749-003/2024(H5N1)	1964	1019
PB2|PP755596.1|A/cattle/Texas/24-008749-003/2024(H5N1)	1965	1030
PB2|PP755596.1|A/cattle/Texas/24-008749-003/2024(H5N1)	1966	1030
PB2|PP755596.1|A/cattle/Texas/24-008749-003/2024(H5N1)	1967	1032
PB2|PP755596.1|A/cattle/Texas/24-008749-003/2024(H5N1)	1968	1035
PB2|PP755596.1|A/cattle/Texas/24-008749-003/2024(H5N1)	1969	1034
PB2|PP755596.1|A/cattle/Texas/24-008749-003/2024(H5N1)	1970	1049
PB2|PP755596.1|A/cattle/Texas/24-008749-003/2024(H5N1)	1971	1035
PB2|PP755596.1|A/cattle/Texas/24-008749-003/2024(H5N1)	1972	1139
PB2|PP755596.1|A/cattle/Texas/24-008749-003/2024(H5N1)	1973	1144
PB2|PP755596.1|A/cattle/Texas/24-008749-003/2024(H5N1)	1974	1148
PB2|PP755596.1|A/cattle/Texas/24-008749-003/2024(H5N1)	1975	1146
PB2|PP755596.1|A/cattle/Texas/24-008749-003/2024(H5N1)	1976	1135
PB2|PP755596.1|A/cattle/Texas/24-008749-003/2024(H5N1)	1977	1112
PB2|PP755596.1|A/cattle/Texas/24-008749-003/2024(H5N1)	1978	1101
PB2|PP755596.1|A/cattle/Texas/24-008749-003/2024(H5N1)	1979	1101
PB2|PP755596.1|A/cattle/Texas/24-008749-003/2024(H5N1)	1980	1104
PB2|PP755596.1|A/cattle/Texas/24-008749-003/2024(H5N1)	1981	1108
PB2|PP755596.1|A/cattle/Texas/24-008749-003/2024(H5N1)	1982	1116
PB2|PP755596.1|A/cattle/Texas/24-008749-003/2024(H5N1)	1983	1103
PB2|PP755596.1|A/cattle/Texas/24-008749-003/2024(H5N1)	1984	1113
PB2|PP755596.1|A/cattle/Texas/24-008749-003/2024(H5N1)	1985	1108
PB2|PP755596.1|A/cattle/Texas/24-008749-003/2024(H5N1)	1986	1108
PB2|PP755596.1|A/cattle/Texas/24-008749-003/2024(H5N1)	1987	1126
PB2|PP755596.1|A/cattle/Texas/24-008749-003/2024(H5N1)	1988	1092
PB2|PP755596.1|A/cattle/Texas/24-008749-003/2024(H5N1)	1989	1083
PB2|PP755596.1|A/cattle/Texas/24-008749-003/2024(H5N1)	1990	1079
PB2|PP755596.1|A/cattle/Texas/24-008749-003/2024(H5N1)	1991	1093
PB2|PP755596.1|A/cattle/Texas/24-008749-003/2024(H5N1)	1992	1097
PB2|PP755596.1|A/cattle/Texas/24-008749-003/2024(H5N1)	1993	1087
PB2|PP755596.1|A/cattle/Texas/24-008749-003/2024(H5N1)	1994	1088
PB2|PP755596.1|A/cattle/Texas/24-008749-003/2024(H5N1)	1995	1088
PB2|PP755596.1|A/cattle/Texas/24-008749-003/2024(H5N1)	1996	1088
PB2|PP755596.1|A/cattle/Texas/24-008749-003/2024(H5N1)	1997	1088
PB2|PP755596.1|A/cattle/Texas/24-008749-003/2024(H5N1)	1998	1084
PB2|PP755596.1|A/cattle/Texas/24-008749-003/2024(H5N1)	1999	1104
PB2|PP755596.1|A/cattle/Texas/24-008749-003/2024(H5N1)	2000	1072
PB2|PP755596.1|A/cattle/Texas/24-008749-003/2024(H5N1)	2001	1066
PB2|PP755596.1|A/cattle/Texas/24-008749-003/2024(H5N1)	2002	1081
PB2|PP755596.1|A/cattle/Texas/24-008749-003/2024(H5N1)	2003	1079
PB2|PP755596.1|A/cattle/Texas/24-008749-003/2024(H5N1)	2004	1077
PB2|PP755596.1|A/cattle/Texas/24-008749-003/2024(H5N1)	2005	1077
PB2|PP755596.1|A/cattle/Texas/24-008749-003/2024(H5N1)	2006	1077
PB2|PP755596.1|A/cattle/Texas/24-008749-003/2024(H5N1)	2007	1084
PB2|PP755596.1|A/cattle/Texas/24-008749-003/2024(H5N1)	2008	1061
PB2|PP755596.1|A/cattle/Texas/24-008749-003/2024(H5N1)	2009	1061
PB2|PP755596.1|A/cattle/Texas/24-008749-003/2024(H5N1)	2010	1059
PB2|PP755596.1|A/cattle/Texas/24-008749-003/2024(H5N1)	2011	1058
PB2|PP755596.1|A/cattle/Texas/24-008749-003/2024(H5N1)	2012	1065
PB2|PP755596.1|A/cattle/Texas/24-008749-003/2024(H5N1)	2013	1069
PB2|PP755596.1|A/cattle/Texas/24-008749-003/2024(H5N1)	2014	1069
PB2|PP755596.1|A/cattle/Texas/24-008749-003/2024(H5N1)	2015	1071
PB2|PP755596.1|A/cattle/Texas/24-008749-003/2024(H5N1)	2016	1070
PB2|PP755596.1|A/cattle/Texas/24-008749-003/2024(H5N1)	2017	1076
PB2|PP755596.1|A/cattle/Texas/24-008749-003/2024(H5N1)	2018	1082
PB2|PP755596.1|A/cattle/Texas/24-008749-003/2024(H5N1)	2019	1090
PB2|PP755596.1|A/cattle/Texas/24-008749-003/2024(H5N1)	2020	1093
PB2|PP755596.1|A/cattle/Texas/24-008749-003/2024(H5N1)	2021	1106
PB2|PP755596.1|A/cattle/Texas/24-008749-003/2024(H5N1)	2022	1106
PB2|PP755596.1|A/cattle/Texas/24-008749-003/2024(H5N1)	2023	1107
PB2|PP755596.1|A/cattle/Texas/24-008749-003/2024(H5N1)	2024	1083
PB2|PP755596.1|A/cattle/Texas/24-008749-003/2024(H5N1)	2025	1079
PB2|PP755596.1|A/cattle/Texas/24-008749-003/2024(H5N1)	2026	1074
PB2|PP755596.1|A/cattle/Texas/24-008749-003/2024(H5N1)	2027	1075
PB2|PP755596.1|A/cattle/Texas/24-008749-003/2024(H5N1)	2028	1075
PB2|PP755596.1|A/cattle/Texas/24-008749-003/2024(H5N1)	2029	1068
PB2|PP755596.1|A/cattle/Texas/24-008749-003/2024(H5N1)	2030	1059
PB2|PP755596.1|A/cattle/Texas/24-008749-003/2024(H5N1)	2031	1057
PB2|PP755596.1|A/cattle/Texas/24-008749-003/2024(H5N1)	2032	1050
PB2|PP755596.1|A/cattle/Texas/24-008749-003/2024(H5N1)	2033	1064
PB2|PP755596.1|A/cattle/Texas/24-008749-003/2024(H5N1)	2034	1062
PB2|PP755596.1|A/cattle/Texas/24-008749-003/2024(H5N1)	2035	1049
PB2|PP755596.1|A/cattle/Texas/24-008749-003/2024(H5N1)	2036	1039
PB2|PP755596.1|A/cattle/Texas/24-008749-003/2024(H5N1)	2037	1024
PB2|PP755596.1|A/cattle/Texas/24-008749-003/2024(H5N1)	2038	1041
PB2|PP755596.1|A/cattle/Texas/24-008749-003/2024(H5N1)	2039	1045
PB2|PP755596.1|A/cattle/Texas/24-008749-003/2024(H5N1)	2040	1046
PB2|PP755596.1|A/cattle/Texas/24-008749-003/2024(H5N1)	2041	1041
PB2|PP755596.1|A/cattle/Texas/24-008749-003/2024(H5N1)	2042	1026
PB2|PP755596.1|A/cattle/Texas/24-008749-003/2024(H5N1)	2043	1030
PB2|PP755596.1|A/cattle/Texas/24-008749-003/2024(H5N1)	2044	1032
PB2|PP755596.1|A/cattle/Texas/24-008749-003/2024(H5N1)	2045	1041
PB2|PP755596.1|A/cattle/Texas/24-008749-003/2024(H5N1)	2046	1293
PB2|PP755596.1|A/cattle/Texas/24-008749-003/2024(H5N1)	2047	1275
PB2|PP755596.1|A/cattle/Texas/24-008749-003/2024(H5N1)	2048	1271
PB2|PP755596.1|A/cattle/Texas/24-008749-003/2024(H5N1)	2049	1269
PB2|PP755596.1|A/cattle/Texas/24-008749-003/2024(H5N1)	2050	1274
PB2|PP755596.1|A/cattle/Texas/24-008749-003/2024(H5N1)	2051	1307
PB2|PP755596.1|A/cattle/Texas/24-008749-003/2024(H5N1)	2052	1314
PB2|PP755596.1|A/cattle/Texas/24-008749-003/2024(H5N1)	2053	1335
PB2|PP755596.1|A/cattle/Texas/24-008749-003/2024(H5N1)	2054	1340
PB2|PP755596.1|A/cattle/Texas/24-008749-003/2024(H5N1)	2055	1336
PB2|PP755596.1|A/cattle/Texas/24-008749-003/2024(H5N1)	2056	1336
PB2|PP755596.1|A/cattle/Texas/24-008749-003/2024(H5N1)	2057	1317
PB2|PP755596.1|A/cattle/Texas/24-008749-003/2024(H5N1)	2058	1322
PB2|PP755596.1|A/cattle/Texas/24-008749-003/2024(H5N1)	2059	1312
PB2|PP755596.1|A/cattle/Texas/24-008749-003/2024(H5N1)	2060	1299
PB2|PP755596.1|A/cattle/Texas/24-008749-003/2024(H5N1)	2061	1299
PB2|PP755596.1|A/cattle/Texas/24-008749-003/2024(H5N1)	2062	1278
PB2|PP755596.1|A/cattle/Texas/24-008749-003/2024(H5N1)	2063	1276
PB2|PP755596.1|A/cattle/Texas/24-008749-003/2024(H5N1)	2064	1273
PB2|PP755596.1|A/cattle/Texas/24-008749-003/2024(H5N1)	2065	1414
PB2|PP755596.1|A/cattle/Texas/24-008749-003/2024(H5N1)	2066	1381
PB2|PP755596.1|A/cattle/Texas/24-008749-003/2024(H5N1)	2067	1368
PB2|PP755596.1|A/cattle/Texas/24-008749-003/2024(H5N1)	2068	1405
PB2|PP755596.1|A/cattle/Texas/24-008749-003/2024(H5N1)	2069	1398
PB2|PP755596.1|A/cattle/Texas/24-008749-003/2024(H5N1)	2070	1404
PB2|PP755596.1|A/cattle/Texas/24-008749-003/2024(H5N1)	2071	1405
PB2|PP755596.1|A/cattle/Texas/24-008749-003/2024(H5N1)	2072	1387
PB2|PP755596.1|A/cattle/Texas/24-008749-003/2024(H5N1)	2073	1388
PB2|PP755596.1|A/cattle/Texas/24-008749-003/2024(H5N1)	2074	1387
PB2|PP755596.1|A/cattle/Texas/24-008749-003/2024(H5N1)	2075	1389
PB2|PP755596.1|A/cattle/Texas/24-008749-003/2024(H5N1)	2076	1368
PB2|PP755596.1|A/cattle/Texas/24-008749-003/2024(H5N1)	2077	1350
PB2|PP755596.1|A/cattle/Texas/24-008749-003/2024(H5N1)	2078	1347
PB2|PP755596.1|A/cattle/Texas/24-008749-003/2024(H5N1)	2079	1376
PB2|PP755596.1|A/cattle/Texas/24-008749-003/2024(H5N1)	2080	1543
PB2|PP755596.1|A/cattle/Texas/24-008749-003/2024(H5N1)	2081	1520
PB2|PP755596.1|A/cattle/Texas/24-008749-003/2024(H5N1)	2082	1529
PB2|PP755596.1|A/cattle/Texas/24-008749-003/2024(H5N1)	2083	1521
PB2|PP755596.1|A/cattle/Texas/24-008749-003/2024(H5N1)	2084	1522
PB2|PP755596.1|A/cattle/Texas/24-008749-003/2024(H5N1)	2085	1526
PB2|PP755596.1|A/cattle/Texas/24-008749-003/2024(H5N1)	2086	1552
PB2|PP755596.1|A/cattle/Texas/24-008749-003/2024(H5N1)	2087	1551
PB2|PP755596.1|A/cattle/Texas/24-008749-003/2024(H5N1)	2088	1587
PB2|PP755596.1|A/cattle/Texas/24-008749-003/2024(H5N1)	2089	1587
PB2|PP755596.1|A/cattle/Texas/24-008749-003/2024(H5N1)	2090	1584
PB2|PP755596.1|A/cattle/Texas/24-008749-003/2024(H5N1)	2091	1587
PB2|PP755596.1|A/cattle/Texas/24-008749-003/2024(H5N1)	2092	1577
PB2|PP755596.1|A/cattle/Texas/24-008749-003/2024(H5N1)	2093	1582
PB2|PP755596.1|A/cattle/Texas/24-008749-003/2024(H5N1)	2094	1557
PB2|PP755596.1|A/cattle/Texas/24-008749-003/2024(H5N1)	2095	1558
PB2|PP755596.1|A/cattle/Texas/24-008749-003/2024(H5N1)	2096	1595
PB2|PP755596.1|A/cattle/Texas/24-008749-003/2024(H5N1)	2097	1590
PB2|PP755596.1|A/cattle/Texas/24-008749-003/2024(H5N1)	2098	1600
PB2|PP755596.1|A/cattle/Texas/24-008749-003/2024(H5N1)	2099	1635
PB2|PP755596.1|A/cattle/Texas/24-008749-003/2024(H5N1)	2100	1633
PB2|PP755596.1|A/cattle/Texas/24-008749-003/2024(H5N1)	2101	1631
PB2|PP755596.1|A/cattle/Texas/24-008749-003/2024(H5N1)	2102	1631
PB2|PP755596.1|A/cattle/Texas/24-008749-003/2024(H5N1)	2103	1632
PB2|PP755596.1|A/cattle/Texas/24-008749-003/2024(H5N1)	2104	1630
PB2|PP755596.1|A/cattle/Texas/24-008749-003/2024(H5N1)	2105	1630
PB2|PP755596.1|A/cattle/Texas/24-008749-003/2024(H5N1)	2106	1626
PB2|PP755596.1|A/cattle/Texas/24-008749-003/2024(H5N1)	2107	1631
PB2|PP755596.1|A/cattle/Texas/24-008749-003/2024(H5N1)	2108	1638
PB2|PP755596.1|A/cattle/Texas/24-008749-003/2024(H5N1)	2109	1639
PB2|PP755596.1|A/cattle/Texas/24-008749-003/2024(H5N1)	2110	1633
PB2|PP755596.1|A/cattle/Texas/24-008749-003/2024(H5N1)	2111	1879
PB2|PP755596.1|A/cattle/Texas/24-008749-003/2024(H5N1)	2112	1869
PB2|PP755596.1|A/cattle/Texas/24-008749-003/2024(H5N1)	2113	1870
PB2|PP755596.1|A/cattle/Texas/24-008749-003/2024(H5N1)	2114	1955
PB2|PP755596.1|A/cattle/Texas/24-008749-003/2024(H5N1)	2115	1939
PB2|PP755596.1|A/cattle/Texas/24-008749-003/2024(H5N1)	2116	1931
PB2|PP755596.1|A/cattle/Texas/24-008749-003/2024(H5N1)	2117	1924
PB2|PP755596.1|A/cattle/Texas/24-008749-003/2024(H5N1)	2118	1910
PB2|PP755596.1|A/cattle/Texas/24-008749-003/2024(H5N1)	2119	1927
PB2|PP755596.1|A/cattle/Texas/24-008749-003/2024(H5N1)	2120	1913
PB2|PP755596.1|A/cattle/Texas/24-008749-003/2024(H5N1)	2121	1914
PB2|PP755596.1|A/cattle/Texas/24-008749-003/2024(H5N1)	2122	1893
PB2|PP755596.1|A/cattle/Texas/24-008749-003/2024(H5N1)	2123	1908
PB2|PP755596.1|A/cattle/Texas/24-008749-003/2024(H5N1)	2124	1927
PB2|PP755596.1|A/cattle/Texas/24-008749-003/2024(H5N1)	2125	1926
PB2|PP755596.1|A/cattle/Texas/24-008749-003/2024(H5N1)	2126	1929
PB2|PP755596.1|A/cattle/Texas/24-008749-003/2024(H5N1)	2127	1960
PB2|PP755596.1|A/cattle/Texas/24-008749-003/2024(H5N1)	2128	1956
PB2|PP755596.1|A/cattle/Texas/24-008749-003/2024(H5N1)	2129	1975
PB2|PP755596.1|A/cattle/Texas/24-008749-003/2024(H5N1)	2130	1982
PB2|PP755596.1|A/cattle/Texas/24-008749-003/2024(H5N1)	2131	1987
PB2|PP755596.1|A/cattle/Texas/24-008749-003/2024(H5N1)	2132	1989
PB2|PP755596.1|A/cattle/Texas/24-008749-003/2024(H5N1)	2133	1986
PB2|PP755596.1|A/cattle/Texas/24-008749-003/2024(H5N1)	2134	1993
PB2|PP755596.1|A/cattle/Texas/24-008749-003/2024(H5N1)	2135	1976
PB2|PP755596.1|A/cattle/Texas/24-008749-003/2024(H5N1)	2136	1977
PB2|PP755596.1|A/cattle/Texas/24-008749-003/2024(H5N1)	2137	1979
PB2|PP755596.1|A/cattle/Texas/24-008749-003/2024(H5N1)	2138	2026
PB2|PP755596.1|A/cattle/Texas/24-008749-003/2024(H5N1)	2139	2030
PB2|PP755596.1|A/cattle/Texas/24-008749-003/2024(H5N1)	2140	2027
PB2|PP755596.1|A/cattle/Texas/24-008749-003/2024(H5N1)	2141	2026
PB2|PP755596.1|A/cattle/Texas/24-008749-003/2024(H5N1)	2142	2020
PB2|PP755596.1|A/cattle/Texas/24-008749-003/2024(H5N1)	2143	2007
PB2|PP755596.1|A/cattle/Texas/24-008749-003/2024(H5N1)	2144	2003
PB2|PP755596.1|A/cattle/Texas/24-008749-003/2024(H5N1)	2145	1995
PB2|PP755596.1|A/cattle/Texas/24-008749-003/2024(H5N1)	2146	1985
PB2|PP755596.1|A/cattle/Texas/24-008749-003/2024(H5N1)	2147	1985
PB2|PP755596.1|A/cattle/Texas/24-008749-003/2024(H5N1)	2148	2027
PB2|PP755596.1|A/cattle/Texas/24-008749-003/2024(H5N1)	2149	2024
PB2|PP755596.1|A/cattle/Texas/24-008749-003/2024(H5N1)	2150	2030
PB2|PP755596.1|A/cattle/Texas/24-008749-003/2024(H5N1)	2151	2030
PB2|PP755596.1|A/cattle/Texas/24-008749-003/2024(H5N1)	2152	2032
PB2|PP755596.1|A/cattle/Texas/24-008749-003/2024(H5N1)	2153	1989
PB2|PP755596.1|A/cattle/Texas/24-008749-003/2024(H5N1)	2154	1993
PB2|PP755596.1|A/cattle/Texas/24-008749-003/2024(H5N1)	2155	2006
PB2|PP755596.1|A/cattle/Texas/24-008749-003/2024(H5N1)	2156	1996
PB2|PP755596.1|A/cattle/Texas/24-008749-003/2024(H5N1)	2157	1987
PB2|PP755596.1|A/cattle/Texas/24-008749-003/2024(H5N1)	2158	1993
PB2|PP755596.1|A/cattle/Texas/24-008749-003/2024(H5N1)	2159	1994
PB2|PP755596.1|A/cattle/Texas/24-008749-003/2024(H5N1)	2160	2000
PB2|PP755596.1|A/cattle/Texas/24-008749-003/2024(H5N1)	2161	2048
PB2|PP755596.1|A/cattle/Texas/24-008749-003/2024(H5N1)	2162	2045
PB2|PP755596.1|A/cattle/Texas/24-008749-003/2024(H5N1)	2163	2038
PB2|PP755596.1|A/cattle/Texas/24-008749-003/2024(H5N1)	2164	2455
PB2|PP755596.1|A/cattle/Texas/24-008749-003/2024(H5N1)	2165	2497
PB2|PP755596.1|A/cattle/Texas/24-008749-003/2024(H5N1)	2166	2493
PB2|PP755596.1|A/cattle/Texas/24-008749-003/2024(H5N1)	2167	2490
PB2|PP755596.1|A/cattle/Texas/24-008749-003/2024(H5N1)	2168	2510
PB2|PP755596.1|A/cattle/Texas/24-008749-003/2024(H5N1)	2169	2505
PB2|PP755596.1|A/cattle/Texas/24-008749-003/2024(H5N1)	2170	2497
PB2|PP755596.1|A/cattle/Texas/24-008749-003/2024(H5N1)	2171	2448
PB2|PP755596.1|A/cattle/Texas/24-008749-003/2024(H5N1)	2172	2409
PB2|PP755596.1|A/cattle/Texas/24-008749-003/2024(H5N1)	2173	2388
PB2|PP755596.1|A/cattle/Texas/24-008749-003/2024(H5N1)	2174	2384
PB2|PP755596.1|A/cattle/Texas/24-008749-003/2024(H5N1)	2175	2383
PB2|PP755596.1|A/cattle/Texas/24-008749-003/2024(H5N1)	2176	2383
PB2|PP755596.1|A/cattle/Texas/24-008749-003/2024(H5N1)	2177	2369
PB2|PP755596.1|A/cattle/Texas/24-008749-003/2024(H5N1)	2178	2357
PB2|PP755596.1|A/cattle/Texas/24-008749-003/2024(H5N1)	2179	2331
PB2|PP755596.1|A/cattle/Texas/24-008749-003/2024(H5N1)	2180	2329
PB2|PP755596.1|A/cattle/Texas/24-008749-003/2024(H5N1)	2181	2328
PB2|PP755596.1|A/cattle/Texas/24-008749-003/2024(H5N1)	2182	2311
PB2|PP755596.1|A/cattle/Texas/24-008749-003/2024(H5N1)	2183	2311
PB2|PP755596.1|A/cattle/Texas/24-008749-003/2024(H5N1)	2184	2294
PB2|PP755596.1|A/cattle/Texas/24-008749-003/2024(H5N1)	2185	2296
PB2|PP755596.1|A/cattle/Texas/24-008749-003/2024(H5N1)	2186	2301
PB2|PP755596.1|A/cattle/Texas/24-008749-003/2024(H5N1)	2187	2302
PB2|PP755596.1|A/cattle/Texas/24-008749-003/2024(H5N1)	2188	2285
PB2|PP755596.1|A/cattle/Texas/24-008749-003/2024(H5N1)	2189	2269
PB2|PP755596.1|A/cattle/Texas/24-008749-003/2024(H5N1)	2190	2262
PB2|PP755596.1|A/cattle/Texas/24-008749-003/2024(H5N1)	2191	2238
PB2|PP755596.1|A/cattle/Texas/24-008749-003/2024(H5N1)	2192	2241
PB2|PP755596.1|A/cattle/Texas/24-008749-003/2024(H5N1)	2193	2220
PB2|PP755596.1|A/cattle/Texas/24-008749-003/2024(H5N1)	2194	2218
PB2|PP755596.1|A/cattle/Texas/24-008749-003/2024(H5N1)	2195	2181
PB2|PP755596.1|A/cattle/Texas/24-008749-003/2024(H5N1)	2196	2177
PB2|PP755596.1|A/cattle/Texas/24-008749-003/2024(H5N1)	2197	2114
PB2|PP755596.1|A/cattle/Texas/24-008749-003/2024(H5N1)	2198	2088
PB2|PP755596.1|A/cattle/Texas/24-008749-003/2024(H5N1)	2199	2081
PB2|PP755596.1|A/cattle/Texas/24-008749-003/2024(H5N1)	2200	2077
PB2|PP755596.1|A/cattle/Texas/24-008749-003/2024(H5N1)	2201	2032
PB2|PP755596.1|A/cattle/Texas/24-008749-003/2024(H5N1)	2202	2024
PB2|PP755596.1|A/cattle/Texas/24-008749-003/2024(H5N1)	2203	1994
PB2|PP755596.1|A/cattle/Texas/24-008749-003/2024(H5N1)	2204	1976
PB2|PP755596.1|A/cattle/Texas/24-008749-003/2024(H5N1)	2205	1962
PB2|PP755596.1|A/cattle/Texas/24-008749-003/2024(H5N1)	2206	1953
PB2|PP755596.1|A/cattle/Texas/24-008749-003/2024(H5N1)	2207	1951
PB2|PP755596.1|A/cattle/Texas/24-008749-003/2024(H5N1)	2208	1947
PB2|PP755596.1|A/cattle/Texas/24-008749-003/2024(H5N1)	2209	1928
PB2|PP755596.1|A/cattle/Texas/24-008749-003/2024(H5N1)	2210	1928
PB2|PP755596.1|A/cattle/Texas/24-008749-003/2024(H5N1)	2211	1923
PB2|PP755596.1|A/cattle/Texas/24-008749-003/2024(H5N1)	2212	1920
PB2|PP755596.1|A/cattle/Texas/24-008749-003/2024(H5N1)	2213	1920
PB2|PP755596.1|A/cattle/Texas/24-008749-003/2024(H5N1)	2214	1907
PB2|PP755596.1|A/cattle/Texas/24-008749-003/2024(H5N1)	2215	1897
PB2|PP755596.1|A/cattle/Texas/24-008749-003/2024(H5N1)	2216	1897
PB2|PP755596.1|A/cattle/Texas/24-008749-003/2024(H5N1)	2217	1899
PB2|PP755596.1|A/cattle/Texas/24-008749-003/2024(H5N1)	2218	1898
PB2|PP755596.1|A/cattle/Texas/24-008749-003/2024(H5N1)	2219	1860
PB2|PP755596.1|A/cattle/Texas/24-008749-003/2024(H5N1)	2220	1856
PB2|PP755596.1|A/cattle/Texas/24-008749-003/2024(H5N1)	2221	1845
PB2|PP755596.1|A/cattle/Texas/24-008749-003/2024(H5N1)	2222	1843
PB2|PP755596.1|A/cattle/Texas/24-008749-003/2024(H5N1)	2223	1843
PB2|PP755596.1|A/cattle/Texas/24-008749-003/2024(H5N1)	2224	1844
PB2|PP755596.1|A/cattle/Texas/24-008749-003/2024(H5N1)	2225	1842
PB2|PP755596.1|A/cattle/Texas/24-008749-003/2024(H5N1)	2226	1817
PB2|PP755596.1|A/cattle/Texas/24-008749-003/2024(H5N1)	2227	1815
PB2|PP755596.1|A/cattle/Texas/24-008749-003/2024(H5N1)	2228	1807
PB2|PP755596.1|A/cattle/Texas/24-008749-003/2024(H5N1)	2229	1774
PB2|PP755596.1|A/cattle/Texas/24-008749-003/2024(H5N1)	2230	1768
PB2|PP755596.1|A/cattle/Texas/24-008749-003/2024(H5N1)	2231	1529
PB2|PP755596.1|A/cattle/Texas/24-008749-003/2024(H5N1)	2232	1528
PB2|PP755596.1|A/cattle/Texas/24-008749-003/2024(H5N1)	2233	1506
PB2|PP755596.1|A/cattle/Texas/24-008749-003/2024(H5N1)	2234	1503
PB2|PP755596.1|A/cattle/Texas/24-008749-003/2024(H5N1)	2235	1503
PB2|PP755596.1|A/cattle/Texas/24-008749-003/2024(H5N1)	2236	1503
PB2|PP755596.1|A/cattle/Texas/24-008749-003/2024(H5N1)	2237	1474
PB2|PP755596.1|A/cattle/Texas/24-008749-003/2024(H5N1)	2238	1473
PB2|PP755596.1|A/cattle/Texas/24-008749-003/2024(H5N1)	2239	1406
PB2|PP755596.1|A/cattle/Texas/24-008749-003/2024(H5N1)	2240	1408
PB2|PP755596.1|A/cattle/Texas/24-008749-003/2024(H5N1)	2241	1403
PB2|PP755596.1|A/cattle/Texas/24-008749-003/2024(H5N1)	2242	1400
PB2|PP755596.1|A/cattle/Texas/24-008749-003/2024(H5N1)	2243	1390
PB2|PP755596.1|A/cattle/Texas/24-008749-003/2024(H5N1)	2244	1392
PB2|PP755596.1|A/cattle/Texas/24-008749-003/2024(H5N1)	2245	1391
PB2|PP755596.1|A/cattle/Texas/24-008749-003/2024(H5N1)	2246	1390
PB2|PP755596.1|A/cattle/Texas/24-008749-003/2024(H5N1)	2247	1331
PB2|PP755596.1|A/cattle/Texas/24-008749-003/2024(H5N1)	2248	1330
PB2|PP755596.1|A/cattle/Texas/24-008749-003/2024(H5N1)	2249	1250
PB2|PP755596.1|A/cattle/Texas/24-008749-003/2024(H5N1)	2250	1249
PB2|PP755596.1|A/cattle/Texas/24-008749-003/2024(H5N1)	2251	1249
PB2|PP755596.1|A/cattle/Texas/24-008749-003/2024(H5N1)	2252	1242
PB2|PP755596.1|A/cattle/Texas/24-008749-003/2024(H5N1)	2253	1240
PB2|PP755596.1|A/cattle/Texas/24-008749-003/2024(H5N1)	2254	1235
PB2|PP755596.1|A/cattle/Texas/24-008749-003/2024(H5N1)	2255	1233
PB2|PP755596.1|A/cattle/Texas/24-008749-003/2024(H5N1)	2256	1233
PB2|PP755596.1|A/cattle/Texas/24-008749-003/2024(H5N1)	2257	1226
PB2|PP755596.1|A/cattle/Texas/24-008749-003/2024(H5N1)	2258	1218
PB2|PP755596.1|A/cattle/Texas/24-008749-003/2024(H5N1)	2259	1194
PB2|PP755596.1|A/cattle/Texas/24-008749-003/2024(H5N1)	2260	1189
PB2|PP755596.1|A/cattle/Texas/24-008749-003/2024(H5N1)	2261	1188
PB2|PP755596.1|A/cattle/Texas/24-008749-003/2024(H5N1)	2262	1188
PB2|PP755596.1|A/cattle/Texas/24-008749-003/2024(H5N1)	2263	1187
PB2|PP755596.1|A/cattle/Texas/24-008749-003/2024(H5N1)	2264	1171
PB2|PP755596.1|A/cattle/Texas/24-008749-003/2024(H5N1)	2265	1100
PB2|PP755596.1|A/cattle/Texas/24-008749-003/2024(H5N1)	2266	1100
PB2|PP755596.1|A/cattle/Texas/24-008749-003/2024(H5N1)	2267	1084
PB2|PP755596.1|A/cattle/Texas/24-008749-003/2024(H5N1)	2268	1084
PB2|PP755596.1|A/cattle/Texas/24-008749-003/2024(H5N1)	2269	1080
PB2|PP755596.1|A/cattle/Texas/24-008749-003/2024(H5N1)	2270	1061
PB2|PP755596.1|A/cattle/Texas/24-008749-003/2024(H5N1)	2271	1057
PB2|PP755596.1|A/cattle/Texas/24-008749-003/2024(H5N1)	2272	1057
PB2|PP755596.1|A/cattle/Texas/24-008749-003/2024(H5N1)	2273	1055
PB2|PP755596.1|A/cattle/Texas/24-008749-003/2024(H5N1)	2274	1038
PB2|PP755596.1|A/cattle/Texas/24-008749-003/2024(H5N1)	2275	1038
PB2|PP755596.1|A/cattle/Texas/24-008749-003/2024(H5N1)	2276	1038
PB2|PP755596.1|A/cattle/Texas/24-008749-003/2024(H5N1)	2277	1026
PB2|PP755596.1|A/cattle/Texas/24-008749-003/2024(H5N1)	2278	994
PB2|PP755596.1|A/cattle/Texas/24-008749-003/2024(H5N1)	2279	946
PB2|PP755596.1|A/cattle/Texas/24-008749-003/2024(H5N1)	2280	927
