PB2|PP755596.1|A/cattle/Texas/24-008749-003/2024(H5N1)	1	504
PB2|PP755596.1|A/cattle/Texas/24-008749-003/2024(H5N1)	2	504
PB2|PP755596.1|A/cattle/Texas/24-008749-003/2024(H5N1)	3	513
PB2|PP755596.1|A/cattle/Texas/24-008749-003/2024(H5N1)	4	513
PB2|PP755596.1|A/cattle/Texas/24-008749-003/2024(H5N1)	5	519
PB2|PP755596.1|A/cattle/Texas/24-008749-003/2024(H5N1)	6	520
PB2|PP755596.1|A/cattle/Texas/24-008749-003/2024(H5N1)	7	524
PB2|PP755596.1|A/cattle/Texas/24-008749-003/2024(H5N1)	8	569
PB2|PP755596.1|A/cattle/Texas/24-008749-003/2024(H5N1)	9	572
PB2|PP755596.1|A/cattle/Texas/24-008749-003/2024(H5N1)	10	572
PB2|PP755596.1|A/cattle/Texas/24-008749-003/2024(H5N1)	11	584
PB2|PP755596.1|A/cattle/Texas/24-008749-003/2024(H5N1)	12	588
PB2|PP755596.1|A/cattle/Texas/24-008749-003/2024(H5N1)	13	594
PB2|PP755596.1|A/cattle/Texas/24-008749-003/2024(H5N1)	14	595
PB2|PP755596.1|A/cattle/Texas/24-008749-003/2024(H5N1)	15	599
PB2|PP755596.1|A/cattle/Texas/24-008749-003/2024(H5N1)	16	611
PB2|PP755596.1|A/cattle/Texas/24-008749-003/2024(H5N1)	17	619
PB2|PP755596.1|A/cattle/Texas/24-008749-003/2024(H5N1)	18	619
PB2|PP755596.1|A/cattle/Texas/24-008749-003/2024(H5N1)	19	619
PB2|PP755596.1|A/cattle/Texas/24-008749-003/2024(H5N1)	20	620
PB2|PP755596.1|A/cattle/Texas/24-008749-003/2024(H5N1)	21	626
PB2|PP755596.1|A/cattle/Texas/24-008749-003/2024(H5N1)	22	627
PB2|PP755596.1|A/cattle/Texas/24-008749-003/2024(H5N1)	23	628
PB2|PP755596.1|A/cattle/Texas/24-008749-003/2024(H5N1)	24	629
PB2|PP755596.1|A/cattle/Texas/24-008749-003/2024(H5N1)	25	658
PB2|PP755596.1|A/cattle/Texas/24-008749-003/2024(H5N1)	26	697
PB2|PP755596.1|A/cattle/Texas/24-008749-003/2024(H5N1)	27	697
PB2|PP755596.1|A/cattle/Texas/24-008749-003/2024(H5N1)	28	698
PB2|PP755596.1|A/cattle/Texas/24-008749-003/2024(H5N1)	29	698
PB2|PP755596.1|A/cattle/Texas/24-008749-003/2024(H5N1)	30	698
PB2|PP755596.1|A/cattle/Texas/24-008749-003/2024(H5N1)	31	719
PB2|PP755596.1|A/cattle/Texas/24-008749-003/2024(H5N1)	32	719
PB2|PP755596.1|A/cattle/Texas/24-008749-003/2024(H5N1)	33	721
PB2|PP755596.1|A/cattle/Texas/24-008749-003/2024(H5N1)	34	730
PB2|PP755596.1|A/cattle/Texas/24-008749-003/2024(H5N1)	35	728
PB2|PP755596.1|A/cattle/Texas/24-008749-003/2024(H5N1)	36	728
PB2|PP755596.1|A/cattle/Texas/24-008749-003/2024(H5N1)	37	729
PB2|PP755596.1|A/cattle/Texas/24-008749-003/2024(H5N1)	38	731
PB2|PP755596.1|A/cattle/Texas/24-008749-003/2024(H5N1)	39	759
PB2|PP755596.1|A/cattle/Texas/24-008749-003/2024(H5N1)	40	764
PB2|PP755596.1|A/cattle/Texas/24-008749-003/2024(H5N1)	41	766
PB2|PP755596.1|A/cattle/Texas/24-008749-003/2024(H5N1)	42	766
PB2|PP755596.1|A/cattle/Texas/24-008749-003/2024(H5N1)	43	770
PB2|PP755596.1|A/cattle/Texas/24-008749-003/2024(H5N1)	44	770
PB2|PP755596.1|A/cattle/Texas/24-008749-003/2024(H5N1)	45	770
PB2|PP755596.1|A/cattle/Texas/24-008749-003/2024(H5N1)	46	774
PB2|PP755596.1|A/cattle/Texas/24-008749-003/2024(H5N1)	47	779
PB2|PP755596.1|A/cattle/Texas/24-008749-003/2024(H5N1)	48	772
PB2|PP755596.1|A/cattle/Texas/24-008749-003/2024(H5N1)	49	785
PB2|PP755596.1|A/cattle/Texas/24-008749-003/2024(H5N1)	50	785
PB2|PP755596.1|A/cattle/Texas/24-008749-003/2024(H5N1)	51	789
PB2|PP755596.1|A/cattle/Texas/24-008749-003/2024(H5N1)	52	790
PB2|PP755596.1|A/cattle/Texas/24-008749-003/2024(H5N1)	53	790
PB2|PP755596.1|A/cattle/Texas/24-008749-003/2024(H5N1)	54	801
PB2|PP755596.1|A/cattle/Texas/24-008749-003/2024(H5N1)	55	830
PB2|PP755596.1|A/cattle/Texas/24-008749-003/2024(H5N1)	56	842
PB2|PP755596.1|A/cattle/Texas/24-008749-003/2024(H5N1)	57	842
PB2|PP755596.1|A/cattle/Texas/24-008749-003/2024(H5N1)	58	843
PB2|PP755596.1|A/cattle/Texas/24-008749-003/2024(H5N1)	59	844
PB2|PP755596.1|A/cattle/Texas/24-008749-003/2024(H5N1)	60	868
PB2|PP755596.1|A/cattle/Texas/24-008749-003/2024(H5N1)	61	873
PB2|PP755596.1|A/cattle/Texas/24-008749-003/2024(H5N1)	62	875
PB2|PP755596.1|A/cattle/Texas/24-008749-003/2024(H5N1)	63	875
PB2|PP755596.1|A/cattle/Texas/24-008749-003/2024(H5N1)	64	867
PB2|PP755596.1|A/cattle/Texas/24-008749-003/2024(H5N1)	65	874
PB2|PP755596.1|A/cattle/Texas/24-008749-003/2024(H5N1)	66	883
PB2|PP755596.1|A/cattle/Texas/24-008749-003/2024(H5N1)	67	893
PB2|PP755596.1|A/cattle/Texas/24-008749-003/2024(H5N1)	68	912
PB2|PP755596.1|A/cattle/Texas/24-008749-003/2024(H5N1)	69	913
PB2|PP755596.1|A/cattle/Texas/24-008749-003/2024(H5N1)	70	914
PB2|PP755596.1|A/cattle/Texas/24-008749-003/2024(H5N1)	71	934
PB2|PP755596.1|A/cattle/Texas/24-008749-003/2024(H5N1)	72	942
PB2|PP755596.1|A/cattle/Texas/24-008749-003/2024(H5N1)	73	986
PB2|PP755596.1|A/cattle/Texas/24-008749-003/2024(H5N1)	74	996
PB2|PP755596.1|A/cattle/Texas/24-008749-003/2024(H5N1)	75	996
PB2|PP755596.1|A/cattle/Texas/24-008749-003/2024(H5N1)	76	996
PB2|PP755596.1|A/cattle/Texas/24-008749-003/2024(H5N1)	77	996
PB2|PP755596.1|A/cattle/Texas/24-008749-003/2024(H5N1)	78	1015
PB2|PP755596.1|A/cattle/Texas/24-008749-003/2024(H5N1)	79	1041
PB2|PP755596.1|A/cattle/Texas/24-008749-003/2024(H5N1)	80	1044
PB2|PP755596.1|A/cattle/Texas/24-008749-003/2024(H5N1)	81	1045
PB2|PP755596.1|A/cattle/Texas/24-008749-003/2024(H5N1)	82	1029
PB2|PP755596.1|A/cattle/Texas/24-008749-003/2024(H5N1)	83	1029
PB2|PP755596.1|A/cattle/Texas/24-008749-003/2024(H5N1)	84	1036
PB2|PP755596.1|A/cattle/Texas/24-008749-003/2024(H5N1)	85	1069
PB2|PP755596.1|A/cattle/Texas/24-008749-003/2024(H5N1)	86	1073
PB2|PP755596.1|A/cattle/Texas/24-008749-003/2024(H5N1)	87	1084
PB2|PP755596.1|A/cattle/Texas/24-008749-003/2024(H5N1)	88	1084
PB2|PP755596.1|A/cattle/Texas/24-008749-003/2024(H5N1)	89	1089
PB2|PP755596.1|A/cattle/Texas/24-008749-003/2024(H5N1)	90	1090
PB2|PP755596.1|A/cattle/Texas/24-008749-003/2024(H5N1)	91	1122
PB2|PP755596.1|A/cattle/Texas/24-008749-003/2024(H5N1)	92	1133
PB2|PP755596.1|A/cattle/Texas/24-008749-003/2024(H5N1)	93	1131
PB2|PP755596.1|A/cattle/Texas/24-008749-003/2024(H5N1)	94	1123
PB2|PP755596.1|A/cattle/Texas/24-008749-003/2024(H5N1)	95	1123
PB2|PP755596.1|A/cattle/Texas/24-008749-003/2024(H5N1)	96	1135
PB2|PP755596.1|A/cattle/Texas/24-008749-003/2024(H5N1)	97	1151
PB2|PP755596.1|A/cattle/Texas/24-008749-003/2024(H5N1)	98	1149
PB2|PP755596.1|A/cattle/Texas/24-008749-003/2024(H5N1)	99	1190
PB2|PP755596.1|A/cattle/Texas/24-008749-003/2024(H5N1)	100	1189
PB2|PP755596.1|A/cattle/Texas/24-008749-003/2024(H5N1)	101	1191
PB2|PP755596.1|A/cattle/Texas/24-008749-003/2024(H5N1)	102	1197
PB2|PP755596.1|A/cattle/Texas/24-008749-003/2024(H5N1)	103	1197
PB2|PP755596.1|A/cattle/Texas/24-008749-003/2024(H5N1)	104	1217
PB2|PP755596.1|A/cattle/Texas/24-008749-003/2024(H5N1)	105	1216
PB2|PP755596.1|A/cattle/Texas/24-008749-003/2024(H5N1)	106	1217
PB2|PP755596.1|A/cattle/Texas/24-008749-003/2024(H5N1)	107	1219
PB2|PP755596.1|A/cattle/Texas/24-008749-003/2024(H5N1)	108	1203
PB2|PP755596.1|A/cattle/Texas/24-008749-003/2024(H5N1)	109	1203
PB2|PP755596.1|A/cattle/Texas/24-008749-003/2024(H5N1)	110	1219
PB2|PP755596.1|A/cattle/Texas/24-008749-003/2024(H5N1)	111	1232
PB2|PP755596.1|A/cattle/Texas/24-008749-003/2024(H5N1)	112	1232
PB2|PP755596.1|A/cattle/Texas/24-008749-003/2024(H5N1)	113	1224
PB2|PP755596.1|A/cattle/Texas/24-008749-003/2024(H5N1)	114	1225
PB2|PP755596.1|A/cattle/Texas/24-008749-003/2024(H5N1)	115	1232
PB2|PP755596.1|A/cattle/Texas/24-008749-003/2024(H5N1)	116	1232
PB2|PP755596.1|A/cattle/Texas/24-008749-003/2024(H5N1)	117	1233
PB2|PP755596.1|A/cattle/Texas/24-008749-003/2024(H5N1)	118	1260
PB2|PP755596.1|A/cattle/Texas/24-008749-003/2024(H5N1)	119	1281
PB2|PP755596.1|A/cattle/Texas/24-008749-003/2024(H5N1)	120	1287
PB2|PP755596.1|A/cattle/Texas/24-008749-003/2024(H5N1)	121	1300
PB2|PP755596.1|A/cattle/Texas/24-008749-003/2024(H5N1)	122	1298
PB2|PP755596.1|A/cattle/Texas/24-008749-003/2024(H5N1)	123	1300
PB2|PP755596.1|A/cattle/Texas/24-008749-003/2024(H5N1)	124	1180
PB2|PP755596.1|A/cattle/Texas/24-008749-003/2024(H5N1)	125	1164
PB2|PP755596.1|A/cattle/Texas/24-008749-003/2024(H5N1)	126	1133
PB2|PP755596.1|A/cattle/Texas/24-008749-003/2024(H5N1)	127	1126
PB2|PP755596.1|A/cattle/Texas/24-008749-003/2024(H5N1)	128	1139
PB2|PP755596.1|A/cattle/Texas/24-008749-003/2024(H5N1)	129	1196
PB2|PP755596.1|A/cattle/Texas/24-008749-003/2024(H5N1)	130	1198
PB2|PP755596.1|A/cattle/Texas/24-008749-003/2024(H5N1)	131	1204
PB2|PP755596.1|A/cattle/Texas/24-008749-003/2024(H5N1)	132	1206
PB2|PP755596.1|A/cattle/Texas/24-008749-003/2024(H5N1)	133	1149
PB2|PP755596.1|A/cattle/Texas/24-008749-003/2024(H5N1)	134	1138
PB2|PP755596.1|A/cattle/Texas/24-008749-003/2024(H5N1)	135	1140
PB2|PP755596.1|A/cattle/Texas/24-008749-003/2024(H5N1)	136	1133
PB2|PP755596.1|A/cattle/Texas/24-008749-003/2024(H5N1)	137	1151
PB2|PP755596.1|A/cattle/Texas/24-008749-003/2024(H5N1)	138	1163
PB2|PP755596.1|A/cattle/Texas/24-008749-003/2024(H5N1)	139	1163
PB2|PP755596.1|A/cattle/Texas/24-008749-003/2024(H5N1)	140	1137
PB2|PP755596.1|A/cattle/Texas/24-008749-003/2024(H5N1)	141	1142
PB2|PP755596.1|A/cattle/Texas/24-008749-003/2024(H5N1)	142	1146
PB2|PP755596.1|A/cattle/Texas/24-008749-003/2024(H5N1)	143	1137
PB2|PP755596.1|A/cattle/Texas/24-008749-003/2024(H5N1)	144	1143
PB2|PP755596.1|A/cattle/Texas/24-008749-003/2024(H5N1)	145	1132
PB2|PP755596.1|A/cattle/Texas/24-008749-003/2024(H5N1)	146	1135
PB2|PP755596.1|A/cattle/Texas/24-008749-003/2024(H5N1)	147	1143
PB2|PP755596.1|A/cattle/Texas/24-008749-003/2024(H5N1)	148	1136
PB2|PP755596.1|A/cattle/Texas/24-008749-003/2024(H5N1)	149	1131
PB2|PP755596.1|A/cattle/Texas/24-008749-003/2024(H5N1)	150	1121
PB2|PP755596.1|A/cattle/Texas/24-008749-003/2024(H5N1)	151	1115
PB2|PP755596.1|A/cattle/Texas/24-008749-003/2024(H5N1)	152	1124
PB2|PP755596.1|A/cattle/Texas/24-008749-003/2024(H5N1)	153	1128
PB2|PP755596.1|A/cattle/Texas/24-008749-003/2024(H5N1)	154	1133
PB2|PP755596.1|A/cattle/Texas/24-008749-003/2024(H5N1)	155	1154
PB2|PP755596.1|A/cattle/Texas/24-008749-003/2024(H5N1)	156	1149
PB2|PP755596.1|A/cattle/Texas/24-008749-003/2024(H5N1)	157	1149
PB2|PP755596.1|A/cattle/Texas/24-008749-003/2024(H5N1)	158	1150
PB2|PP755596.1|A/cattle/Texas/24-008749-003/2024(H5N1)	159	1134
PB2|PP755596.1|A/cattle/Texas/24-008749-003/2024(H5N1)	160	1148
PB2|PP755596.1|A/cattle/Texas/24-008749-003/2024(H5N1)	161	1164
PB2|PP755596.1|A/cattle/Texas/24-008749-003/2024(H5N1)	162	1160
PB2|PP755596.1|A/cattle/Texas/24-008749-003/2024(H5N1)	163	1159
PB2|PP755596.1|A/cattle/Texas/24-008749-003/2024(H5N1)	164	1157
PB2|PP755596.1|A/cattle/Texas/24-008749-003/2024(H5N1)	165	1161
PB2|PP755596.1|A/cattle/Texas/24-008749-003/2024(H5N1)	166	1154
PB2|PP755596.1|A/cattle/Texas/24-008749-003/2024(H5N1)	167	1156
PB2|PP755596.1|A/cattle/Texas/24-008749-003/2024(H5N1)	168	1155
PB2|PP755596.1|A/cattle/Texas/24-008749-003/2024(H5N1)	169	1156
PB2|PP755596.1|A/cattle/Texas/24-008749-003/2024(H5N1)	170	1158
PB2|PP755596.1|A/cattle/Texas/24-008749-003/2024(H5N1)	171	1156
PB2|PP755596.1|A/cattle/Texas/24-008749-003/2024(H5N1)	172	1154
PB2|PP755596.1|A/cattle/Texas/24-008749-003/2024(H5N1)	173	1193
PB2|PP755596.1|A/cattle/Texas/24-008749-003/2024(H5N1)	174	1187
PB2|PP755596.1|A/cattle/Texas/24-008749-003/2024(H5N1)	175	1201
PB2|PP755596.1|A/cattle/Texas/24-008749-003/2024(H5N1)	176	1205
PB2|PP755596.1|A/cattle/Texas/24-008749-003/2024(H5N1)	177	1200
PB2|PP755596.1|A/cattle/Texas/24-008749-003/2024(H5N1)	178	1203
PB2|PP755596.1|A/cattle/Texas/24-008749-003/2024(H5N1)	179	1239
PB2|PP755596.1|A/cattle/Texas/24-008749-003/2024(H5N1)	180	1255
PB2|PP755596.1|A/cattle/Texas/24-008749-003/2024(H5N1)	181	1255
PB2|PP755596.1|A/cattle/Texas/24-008749-003/2024(H5N1)	182	1233
PB2|PP755596.1|A/cattle/Texas/24-008749-003/2024(H5N1)	183	1235
PB2|PP755596.1|A/cattle/Texas/24-008749-003/2024(H5N1)	184	1235
PB2|PP755596.1|A/cattle/Texas/24-008749-003/2024(H5N1)	185	1238
PB2|PP755596.1|A/cattle/Texas/24-008749-003/2024(H5N1)	186	1245
PB2|PP755596.1|A/cattle/Texas/24-008749-003/2024(H5N1)	187	1241
PB2|PP755596.1|A/cattle/Texas/24-008749-003/2024(H5N1)	188	1245
PB2|PP755596.1|A/cattle/Texas/24-008749-003/2024(H5N1)	189	1240
PB2|PP755596.1|A/cattle/Texas/24-008749-003/2024(H5N1)	190	1269
PB2|PP755596.1|A/cattle/Texas/24-008749-003/2024(H5N1)	191	1267
PB2|PP755596.1|A/cattle/Texas/24-008749-003/2024(H5N1)	192	1265
PB2|PP755596.1|A/cattle/Texas/24-008749-003/2024(H5N1)	193	1274
PB2|PP755596.1|A/cattle/Texas/24-008749-003/2024(H5N1)	194	1269
PB2|PP755596.1|A/cattle/Texas/24-008749-003/2024(H5N1)	195	1274
PB2|PP755596.1|A/cattle/Texas/24-008749-003/2024(H5N1)	196	1274
PB2|PP755596.1|A/cattle/Texas/24-008749-003/2024(H5N1)	197	1271
PB2|PP755596.1|A/cattle/Texas/24-008749-003/2024(H5N1)	198	1267
PB2|PP755596.1|A/cattle/Texas/24-008749-003/2024(H5N1)	199	1266
PB2|PP755596.1|A/cattle/Texas/24-008749-003/2024(H5N1)	200	1256
PB2|PP755596.1|A/cattle/Texas/24-008749-003/2024(H5N1)	201	1262
PB2|PP755596.1|A/cattle/Texas/24-008749-003/2024(H5N1)	202	1271
PB2|PP755596.1|A/cattle/Texas/24-008749-003/2024(H5N1)	203	1255
PB2|PP755596.1|A/cattle/Texas/24-008749-003/2024(H5N1)	204	1256
PB2|PP755596.1|A/cattle/Texas/24-008749-003/2024(H5N1)	205	1252
PB2|PP755596.1|A/cattle/Texas/24-008749-003/2024(H5N1)	206	1245
PB2|PP755596.1|A/cattle/Texas/24-008749-003/2024(H5N1)	207	1235
PB2|PP755596.1|A/cattle/Texas/24-008749-003/2024(H5N1)	208	1235
PB2|PP755596.1|A/cattle/Texas/24-008749-003/2024(H5N1)	209	1242
PB2|PP755596.1|A/cattle/Texas/24-008749-003/2024(H5N1)	210	1250
PB2|PP755596.1|A/cattle/Texas/24-008749-003/2024(H5N1)	211	1226
PB2|PP755596.1|A/cattle/Texas/24-008749-003/2024(H5N1)	212	1222
PB2|PP755596.1|A/cattle/Texas/24-008749-003/2024(H5N1)	213	1220
PB2|PP755596.1|A/cattle/Texas/24-008749-003/2024(H5N1)	214	1236
PB2|PP755596.1|A/cattle/Texas/24-008749-003/2024(H5N1)	215	1244
PB2|PP755596.1|A/cattle/Texas/24-008749-003/2024(H5N1)	216	1237
PB2|PP755596.1|A/cattle/Texas/24-008749-003/2024(H5N1)	217	1231
PB2|PP755596.1|A/cattle/Texas/24-008749-003/2024(H5N1)	218	1219
PB2|PP755596.1|A/cattle/Texas/24-008749-003/2024(H5N1)	219	1205
PB2|PP755596.1|A/cattle/Texas/24-008749-003/2024(H5N1)	220	1223
PB2|PP755596.1|A/cattle/Texas/24-008749-003/2024(H5N1)	221	1232
PB2|PP755596.1|A/cattle/Texas/24-008749-003/2024(H5N1)	222	1218
PB2|PP755596.1|A/cattle/Texas/24-008749-003/2024(H5N1)	223	1165
PB2|PP755596.1|A/cattle/Texas/24-008749-003/2024(H5N1)	224	1153
PB2|PP755596.1|A/cattle/Texas/24-008749-003/2024(H5N1)	225	1153
PB2|PP755596.1|A/cattle/Texas/24-008749-003/2024(H5N1)	226	1162
PB2|PP755596.1|A/cattle/Texas/24-008749-003/2024(H5N1)	227	1164
PB2|PP755596.1|A/cattle/Texas/24-008749-003/2024(H5N1)	228	1156
PB2|PP755596.1|A/cattle/Texas/24-008749-003/2024(H5N1)	229	1171
PB2|PP755596.1|A/cattle/Texas/24-008749-003/2024(H5N1)	230	1155
PB2|PP755596.1|A/cattle/Texas/24-008749-003/2024(H5N1)	231	1159
PB2|PP755596.1|A/cattle/Texas/24-008749-003/2024(H5N1)	232	1158
PB2|PP755596.1|A/cattle/Texas/24-008749-003/2024(H5N1)	233	1158
PB2|PP755596.1|A/cattle/Texas/24-008749-003/2024(H5N1)	234	1172
PB2|PP755596.1|A/cattle/Texas/24-008749-003/2024(H5N1)	235	1154
PB2|PP755596.1|A/cattle/Texas/24-008749-003/2024(H5N1)	236	1137
PB2|PP755596.1|A/cattle/Texas/24-008749-003/2024(H5N1)	237	1148
PB2|PP755596.1|A/cattle/Texas/24-008749-003/2024(H5N1)	238	1131
PB2|PP755596.1|A/cattle/Texas/24-008749-003/2024(H5N1)	239	1155
PB2|PP755596.1|A/cattle/Texas/24-008749-003/2024(H5N1)	240	1155
PB2|PP755596.1|A/cattle/Texas/24-008749-003/2024(H5N1)	241	1157
PB2|PP755596.1|A/cattle/Texas/24-008749-003/2024(H5N1)	242	1127
PB2|PP755596.1|A/cattle/Texas/24-008749-003/2024(H5N1)	243	1118
PB2|PP755596.1|A/cattle/Texas/24-008749-003/2024(H5N1)	244	1133
PB2|PP755596.1|A/cattle/Texas/24-008749-003/2024(H5N1)	245	1161
PB2|PP755596.1|A/cattle/Texas/24-008749-003/2024(H5N1)	246	1161
PB2|PP755596.1|A/cattle/Texas/24-008749-003/2024(H5N1)	247	1149
PB2|PP755596.1|A/cattle/Texas/24-008749-003/2024(H5N1)	248	1131
PB2|PP755596.1|A/cattle/Texas/24-008749-003/2024(H5N1)	249	1133
PB2|PP755596.1|A/cattle/Texas/24-008749-003/2024(H5N1)	250	1102
PB2|PP755596.1|A/cattle/Texas/24-008749-003/2024(H5N1)	251	1156
PB2|PP755596.1|A/cattle/Texas/24-008749-003/2024(H5N1)	252	1171
PB2|PP755596.1|A/cattle/Texas/24-008749-003/2024(H5N1)	253	1193
PB2|PP755596.1|A/cattle/Texas/24-008749-003/2024(H5N1)	254	1201
PB2|PP755596.1|A/cattle/Texas/24-008749-003/2024(H5N1)	255	1219
PB2|PP755596.1|A/cattle/Texas/24-008749-003/2024(H5N1)	256	1217
PB2|PP755596.1|A/cattle/Texas/24-008749-003/2024(H5N1)	257	1216
PB2|PP755596.1|A/cattle/Texas/24-008749-003/2024(H5N1)	258	1202
PB2|PP755596.1|A/cattle/Texas/24-008749-003/2024(H5N1)	259	1214
PB2|PP755596.1|A/cattle/Texas/24-008749-003/2024(H5N1)	260	1223
PB2|PP755596.1|A/cattle/Texas/24-008749-003/2024(H5N1)	261	1223
PB2|PP755596.1|A/cattle/Texas/24-008749-003/2024(H5N1)	262	1212
PB2|PP755596.1|A/cattle/Texas/24-008749-003/2024(H5N1)	263	1223
PB2|PP755596.1|A/cattle/Texas/24-008749-003/2024(H5N1)	264	1223
PB2|PP755596.1|A/cattle/Texas/24-008749-003/2024(H5N1)	265	1228
PB2|PP755596.1|A/cattle/Texas/24-008749-003/2024(H5N1)	266	1221
PB2|PP755596.1|A/cattle/Texas/24-008749-003/2024(H5N1)	267	1222
PB2|PP755596.1|A/cattle/Texas/24-008749-003/2024(H5N1)	268	1200
PB2|PP755596.1|A/cattle/Texas/24-008749-003/2024(H5N1)	269	1183
PB2|PP755596.1|A/cattle/Texas/24-008749-003/2024(H5N1)	270	1191
PB2|PP755596.1|A/cattle/Texas/24-008749-003/2024(H5N1)	271	1232
PB2|PP755596.1|A/cattle/Texas/24-008749-003/2024(H5N1)	272	1227
PB2|PP755596.1|A/cattle/Texas/24-008749-003/2024(H5N1)	273	1225
PB2|PP755596.1|A/cattle/Texas/24-008749-003/2024(H5N1)	274	1220
PB2|PP755596.1|A/cattle/Texas/24-008749-003/2024(H5N1)	275	1199
PB2|PP755596.1|A/cattle/Texas/24-008749-003/2024(H5N1)	276	1218
PB2|PP755596.1|A/cattle/Texas/24-008749-003/2024(H5N1)	277	1245
PB2|PP755596.1|A/cattle/Texas/24-008749-003/2024(H5N1)	278	1242
PB2|PP755596.1|A/cattle/Texas/24-008749-003/2024(H5N1)	279	1231
PB2|PP755596.1|A/cattle/Texas/24-008749-003/2024(H5N1)	280	1165
PB2|PP755596.1|A/cattle/Texas/24-008749-003/2024(H5N1)	281	1159
PB2|PP755596.1|A/cattle/Texas/24-008749-003/2024(H5N1)	282	1180
PB2|PP755596.1|A/cattle/Texas/24-008749-003/2024(H5N1)	283	1187
PB2|PP755596.1|A/cattle/Texas/24-008749-003/2024(H5N1)	284	1172
PB2|PP755596.1|A/cattle/Texas/24-008749-003/2024(H5N1)	285	1154
PB2|PP755596.1|A/cattle/Texas/24-008749-003/2024(H5N1)	286	1142
PB2|PP755596.1|A/cattle/Texas/24-008749-003/2024(H5N1)	287	1142
PB2|PP755596.1|A/cattle/Texas/24-008749-003/2024(H5N1)	288	1143
PB2|PP755596.1|A/cattle/Texas/24-008749-003/2024(H5N1)	289	1146
PB2|PP755596.1|A/cattle/Texas/24-008749-003/2024(H5N1)	290	1149
PB2|PP755596.1|A/cattle/Texas/24-008749-003/2024(H5N1)	291	1121
PB2|PP755596.1|A/cattle/Texas/24-008749-003/2024(H5N1)	292	1109
PB2|PP755596.1|A/cattle/Texas/24-008749-003/2024(H5N1)	293	1105
PB2|PP755596.1|A/cattle/Texas/24-008749-003/2024(H5N1)	294	1121
PB2|PP755596.1|A/cattle/Texas/24-008749-003/2024(H5N1)	295	1200
PB2|PP755596.1|A/cattle/Texas/24-008749-003/2024(H5N1)	296	1202
PB2|PP755596.1|A/cattle/Texas/24-008749-003/2024(H5N1)	297	1215
PB2|PP755596.1|A/cattle/Texas/24-008749-003/2024(H5N1)	298	1207
PB2|PP755596.1|A/cattle/Texas/24-008749-003/2024(H5N1)	299	1206
PB2|PP755596.1|A/cattle/Texas/24-008749-003/2024(H5N1)	300	1221
PB2|PP755596.1|A/cattle/Texas/24-008749-003/2024(H5N1)	301	1219
PB2|PP755596.1|A/cattle/Texas/24-008749-003/2024(H5N1)	302	1233
PB2|PP755596.1|A/cattle/Texas/24-008749-003/2024(H5N1)	303	1236
PB2|PP755596.1|A/cattle/Texas/24-008749-003/2024(H5N1)	304	1228
PB2|PP755596.1|A/cattle/Texas/24-008749-003/2024(H5N1)	305	1235
PB2|PP755596.1|A/cattle/Texas/24-008749-003/2024(H5N1)	306	1209
PB2|PP755596.1|A/cattle/Texas/24-008749-003/2024(H5N1)	307	1210
PB2|PP755596.1|A/cattle/Texas/24-008749-003/2024(H5N1)	308	1219
PB2|PP755596.1|A/cattle/Texas/24-008749-003/2024(H5N1)	309	1217
PB2|PP755596.1|A/cattle/Texas/24-008749-003/2024(H5N1)	310	1243
PB2|PP755596.1|A/cattle/Texas/24-008749-003/2024(H5N1)	311	1224
PB2|PP755596.1|A/cattle/Texas/24-008749-003/2024(H5N1)	312	1217
PB2|PP755596.1|A/cattle/Texas/24-008749-003/2024(H5N1)	313	1220
PB2|PP755596.1|A/cattle/Texas/24-008749-003/2024(H5N1)	314	1236
PB2|PP755596.1|A/cattle/Texas/24-008749-003/2024(H5N1)	315	1246
PB2|PP755596.1|A/cattle/Texas/24-008749-003/2024(H5N1)	316	1241
PB2|PP755596.1|A/cattle/Texas/24-008749-003/2024(H5N1)	317	1264
PB2|PP755596.1|A/cattle/Texas/24-008749-003/2024(H5N1)	318	1265
PB2|PP755596.1|A/cattle/Texas/24-008749-003/2024(H5N1)	319	1257
PB2|PP755596.1|A/cattle/Texas/24-008749-003/2024(H5N1)	320	1278
PB2|PP755596.1|A/cattle/Texas/24-008749-003/2024(H5N1)	321	1279
PB2|PP755596.1|A/cattle/Texas/24-008749-003/2024(H5N1)	322	1276
PB2|PP755596.1|A/cattle/Texas/24-008749-003/2024(H5N1)	323	1237
PB2|PP755596.1|A/cattle/Texas/24-008749-003/2024(H5N1)	324	1200
PB2|PP755596.1|A/cattle/Texas/24-008749-003/2024(H5N1)	325	1234
PB2|PP755596.1|A/cattle/Texas/24-008749-003/2024(H5N1)	326	1223
PB2|PP755596.1|A/cattle/Texas/24-008749-003/2024(H5N1)	327	1226
PB2|PP755596.1|A/cattle/Texas/24-008749-003/2024(H5N1)	328	1228
PB2|PP755596.1|A/cattle/Texas/24-008749-003/2024(H5N1)	329	1188
PB2|PP755596.1|A/cattle/Texas/24-008749-003/2024(H5N1)	330	1187
PB2|PP755596.1|A/cattle/Texas/24-008749-003/2024(H5N1)	331	1181
PB2|PP755596.1|A/cattle/Texas/24-008749-003/2024(H5N1)	332	1228
PB2|PP755596.1|A/cattle/Texas/24-008749-003/2024(H5N1)	333	1233
PB2|PP755596.1|A/cattle/Texas/24-008749-003/2024(H5N1)	334	1221
PB2|PP755596.1|A/cattle/Texas/24-008749-003/2024(H5N1)	335	1217
PB2|PP755596.1|A/cattle/Texas/24-008749-003/2024(H5N1)	336	1209
PB2|PP755596.1|A/cattle/Texas/24-008749-003/2024(H5N1)	337	1210
PB2|PP755596.1|A/cattle/Texas/24-008749-003/2024(H5N1)	338	1235
PB2|PP755596.1|A/cattle/Texas/24-008749-003/2024(H5N1)	339	1231
PB2|PP755596.1|A/cattle/Texas/24-008749-003/2024(H5N1)	340	1239
PB2|PP755596.1|A/cattle/Texas/24-008749-003/2024(H5N1)	341	1186
PB2|PP755596.1|A/cattle/Texas/24-008749-003/2024(H5N1)	342	1186
PB2|PP755596.1|A/cattle/Texas/24-008749-003/2024(H5N1)	343	1187
PB2|PP755596.1|A/cattle/Texas/24-008749-003/2024(H5N1)	344	1180
PB2|PP755596.1|A/cattle/Texas/24-008749-003/2024(H5N1)	345	1182
PB2|PP755596.1|A/cattle/Texas/24-008749-003/2024(H5N1)	346	1185
PB2|PP755596.1|A/cattle/Texas/24-008749-003/2024(H5N1)	347	1189
PB2|PP755596.1|A/cattle/Texas/24-008749-003/2024(H5N1)	348	1187
PB2|PP755596.1|A/cattle/Texas/24-008749-003/2024(H5N1)	349	1189
PB2|PP755596.1|A/cattle/Texas/24-008749-003/2024(H5N1)	350	1185
PB2|PP755596.1|A/cattle/Texas/24-008749-003/2024(H5N1)	351	1189
PB2|PP755596.1|A/cattle/Texas/24-008749-003/2024(H5N1)	352	1188
PB2|PP755596.1|A/cattle/Texas/24-008749-003/2024(H5N1)	353	1175
PB2|PP755596.1|A/cattle/Texas/24-008749-003/2024(H5N1)	354	1174
PB2|PP755596.1|A/cattle/Texas/24-008749-003/2024(H5N1)	355	1173
PB2|PP755596.1|A/cattle/Texas/24-008749-003/2024(H5N1)	356	1174
PB2|PP755596.1|A/cattle/Texas/24-008749-003/2024(H5N1)	357	1174
PB2|PP755596.1|A/cattle/Texas/24-008749-003/2024(H5N1)	358	1173
PB2|PP755596.1|A/cattle/Texas/24-008749-003/2024(H5N1)	359	1172
PB2|PP755596.1|A/cattle/Texas/24-008749-003/2024(H5N1)	360	1166
PB2|PP755596.1|A/cattle/Texas/24-008749-003/2024(H5N1)	361	1162
PB2|PP755596.1|A/cattle/Texas/24-008749-003/2024(H5N1)	362	1162
PB2|PP755596.1|A/cattle/Texas/24-008749-003/2024(H5N1)	363	1161
PB2|PP755596.1|A/cattle/Texas/24-008749-003/2024(H5N1)	364	1165
PB2|PP755596.1|A/cattle/Texas/24-008749-003/2024(H5N1)	365	1149
PB2|PP755596.1|A/cattle/Texas/24-008749-003/2024(H5N1)	366	1145
PB2|PP755596.1|A/cattle/Texas/24-008749-003/2024(H5N1)	367	1145
PB2|PP755596.1|A/cattle/Texas/24-008749-003/2024(H5N1)	368	1148
PB2|PP755596.1|A/cattle/Texas/24-008749-003/2024(H5N1)	369	1148
PB2|PP755596.1|A/cattle/Texas/24-008749-003/2024(H5N1)	370	1146
PB2|PP755596.1|A/cattle/Texas/24-008749-003/2024(H5N1)	371	1150
PB2|PP755596.1|A/cattle/Texas/24-008749-003/2024(H5N1)	372	1154
PB2|PP755596.1|A/cattle/Texas/24-008749-003/2024(H5N1)	373	1153
PB2|PP755596.1|A/cattle/Texas/24-008749-003/2024(H5N1)	374	1154
PB2|PP755596.1|A/cattle/Texas/24-008749-003/2024(H5N1)	375	1154
PB2|PP755596.1|A/cattle/Texas/24-008749-003/2024(H5N1)	376	1159
PB2|PP755596.1|A/cattle/Texas/24-008749-003/2024(H5N1)	377	1152
PB2|PP755596.1|A/cattle/Texas/24-008749-003/2024(H5N1)	378	1153
PB2|PP755596.1|A/cattle/Texas/24-008749-003/2024(H5N1)	379	1160
PB2|PP755596.1|A/cattle/Texas/24-008749-003/2024(H5N1)	380	1148
PB2|PP755596.1|A/cattle/Texas/24-008749-003/2024(H5N1)	381	1141
PB2|PP755596.1|A/cattle/Texas/24-008749-003/2024(H5N1)	382	1135
PB2|PP755596.1|A/cattle/Texas/24-008749-003/2024(H5N1)	383	1142
PB2|PP755596.1|A/cattle/Texas/24-008749-003/2024(H5N1)	384	1143
PB2|PP755596.1|A/cattle/Texas/24-008749-003/2024(H5N1)	385	1143
PB2|PP755596.1|A/cattle/Texas/24-008749-003/2024(H5N1)	386	1176
PB2|PP755596.1|A/cattle/Texas/24-008749-003/2024(H5N1)	387	1180
PB2|PP755596.1|A/cattle/Texas/24-008749-003/2024(H5N1)	388	1167
PB2|PP755596.1|A/cattle/Texas/24-008749-003/2024(H5N1)	389	1167
PB2|PP755596.1|A/cattle/Texas/24-008749-003/2024(H5N1)	390	1143
PB2|PP755596.1|A/cattle/Texas/24-008749-003/2024(H5N1)	391	1142
PB2|PP755596.1|A/cattle/Texas/24-008749-003/2024(H5N1)	392	1233
PB2|PP755596.1|A/cattle/Texas/24-008749-003/2024(H5N1)	393	1234
PB2|PP755596.1|A/cattle/Texas/24-008749-003/2024(H5N1)	394	1249
PB2|PP755596.1|A/cattle/Texas/24-008749-003/2024(H5N1)	395	1235
PB2|PP755596.1|A/cattle/Texas/24-008749-003/2024(H5N1)	396	1210
PB2|PP755596.1|A/cattle/Texas/24-008749-003/2024(H5N1)	397	1238
PB2|PP755596.1|A/cattle/Texas/24-008749-003/2024(H5N1)	398	1240
PB2|PP755596.1|A/cattle/Texas/24-008749-003/2024(H5N1)	399	1242
PB2|PP755596.1|A/cattle/Texas/24-008749-003/2024(H5N1)	400	1237
PB2|PP755596.1|A/cattle/Texas/24-008749-003/2024(H5N1)	401	1166
PB2|PP755596.1|A/cattle/Texas/24-008749-003/2024(H5N1)	402	1170
PB2|PP755596.1|A/cattle/Texas/24-008749-003/2024(H5N1)	403	1148
PB2|PP755596.1|A/cattle/Texas/24-008749-003/2024(H5N1)	404	1158
PB2|PP755596.1|A/cattle/Texas/24-008749-003/2024(H5N1)	405	1153
PB2|PP755596.1|A/cattle/Texas/24-008749-003/2024(H5N1)	406	1115
PB2|PP755596.1|A/cattle/Texas/24-008749-003/2024(H5N1)	407	1116
PB2|PP755596.1|A/cattle/Texas/24-008749-003/2024(H5N1)	408	1120
PB2|PP755596.1|A/cattle/Texas/24-008749-003/2024(H5N1)	409	1119
PB2|PP755596.1|A/cattle/Texas/24-008749-003/2024(H5N1)	410	1109
PB2|PP755596.1|A/cattle/Texas/24-008749-003/2024(H5N1)	411	1099
PB2|PP755596.1|A/cattle/Texas/24-008749-003/2024(H5N1)	412	1101
PB2|PP755596.1|A/cattle/Texas/24-008749-003/2024(H5N1)	413	1092
PB2|PP755596.1|A/cattle/Texas/24-008749-003/2024(H5N1)	414	1088
PB2|PP755596.1|A/cattle/Texas/24-008749-003/2024(H5N1)	415	1084
PB2|PP755596.1|A/cattle/Texas/24-008749-003/2024(H5N1)	416	1080
PB2|PP755596.1|A/cattle/Texas/24-008749-003/2024(H5N1)	417	1081
PB2|PP755596.1|A/cattle/Texas/24-008749-003/2024(H5N1)	418	1080
PB2|PP755596.1|A/cattle/Texas/24-008749-003/2024(H5N1)	419	1098
PB2|PP755596.1|A/cattle/Texas/24-008749-003/2024(H5N1)	420	1100
PB2|PP755596.1|A/cattle/Texas/24-008749-003/2024(H5N1)	421	1096
PB2|PP755596.1|A/cattle/Texas/24-008749-003/2024(H5N1)	422	1051
PB2|PP755596.1|A/cattle/Texas/24-008749-003/2024(H5N1)	423	1040
PB2|PP755596.1|A/cattle/Texas/24-008749-003/2024(H5N1)	424	1040
PB2|PP755596.1|A/cattle/Texas/24-008749-003/2024(H5N1)	425	1048
PB2|PP755596.1|A/cattle/Texas/24-008749-003/2024(H5N1)	426	1052
PB2|PP755596.1|A/cattle/Texas/24-008749-003/2024(H5N1)	427	1009
PB2|PP755596.1|A/cattle/Texas/24-008749-003/2024(H5N1)	428	995
PB2|PP755596.1|A/cattle/Texas/24-008749-003/2024(H5N1)	429	994
PB2|PP755596.1|A/cattle/Texas/24-008749-003/2024(H5N1)	430	1004
PB2|PP755596.1|A/cattle/Texas/24-008749-003/2024(H5N1)	431	1012
PB2|PP755596.1|A/cattle/Texas/24-008749-003/2024(H5N1)	432	1019
PB2|PP755596.1|A/cattle/Texas/24-008749-003/2024(H5N1)	433	1001
PB2|PP755596.1|A/cattle/Texas/24-008749-003/2024(H5N1)	434	995
PB2|PP755596.1|A/cattle/Texas/24-008749-003/2024(H5N1)	435	1050
PB2|PP755596.1|A/cattle/Texas/24-008749-003/2024(H5N1)	436	1051
PB2|PP755596.1|A/cattle/Texas/24-008749-003/2024(H5N1)	437	1155
PB2|PP755596.1|A/cattle/Texas/24-008749-003/2024(H5N1)	438	1156
PB2|PP755596.1|A/cattle/Texas/24-008749-003/2024(H5N1)	439	1156
PB2|PP755596.1|A/cattle/Texas/24-008749-003/2024(H5N1)	440	1157
PB2|PP755596.1|A/cattle/Texas/24-008749-003/2024(H5N1)	441	1153
PB2|PP755596.1|A/cattle/Texas/24-008749-003/2024(H5N1)	442	1167
PB2|PP755596.1|A/cattle/Texas/24-008749-003/2024(H5N1)	443	1182
PB2|PP755596.1|A/cattle/Texas/24-008749-003/2024(H5N1)	444	1167
PB2|PP755596.1|A/cattle/Texas/24-008749-003/2024(H5N1)	445	1166
PB2|PP755596.1|A/cattle/Texas/24-008749-003/2024(H5N1)	446	1055
PB2|PP755596.1|A/cattle/Texas/24-008749-003/2024(H5N1)	447	1060
PB2|PP755596.1|A/cattle/Texas/24-008749-003/2024(H5N1)	448	1052
PB2|PP755596.1|A/cattle/Texas/24-008749-003/2024(H5N1)	449	1055
PB2|PP755596.1|A/cattle/Texas/24-008749-003/2024(H5N1)	450	1054
PB2|PP755596.1|A/cattle/Texas/24-008749-003/2024(H5N1)	451	1037
PB2|PP755596.1|A/cattle/Texas/24-008749-003/2024(H5N1)	452	1090
PB2|PP755596.1|A/cattle/Texas/24-008749-003/2024(H5N1)	453	1076
PB2|PP755596.1|A/cattle/Texas/24-008749-003/2024(H5N1)	454	1081
PB2|PP755596.1|A/cattle/Texas/24-008749-003/2024(H5N1)	455	1085
PB2|PP755596.1|A/cattle/Texas/24-008749-003/2024(H5N1)	456	1104
PB2|PP755596.1|A/cattle/Texas/24-008749-003/2024(H5N1)	457	1106
PB2|PP755596.1|A/cattle/Texas/24-008749-003/2024(H5N1)	458	1130
PB2|PP755596.1|A/cattle/Texas/24-008749-003/2024(H5N1)	459	1134
PB2|PP755596.1|A/cattle/Texas/24-008749-003/2024(H5N1)	460	1133
PB2|PP755596.1|A/cattle/Texas/24-008749-003/2024(H5N1)	461	1085
PB2|PP755596.1|A/cattle/Texas/24-008749-003/2024(H5N1)	462	1085
PB2|PP755596.1|A/cattle/Texas/24-008749-003/2024(H5N1)	463	1072
PB2|PP755596.1|A/cattle/Texas/24-008749-003/2024(H5N1)	464	1083
PB2|PP755596.1|A/cattle/Texas/24-008749-003/2024(H5N1)	465	1124
PB2|PP755596.1|A/cattle/Texas/24-008749-003/2024(H5N1)	466	1114
PB2|PP755596.1|A/cattle/Texas/24-008749-003/2024(H5N1)	467	1114
PB2|PP755596.1|A/cattle/Texas/24-008749-003/2024(H5N1)	468	1103
PB2|PP755596.1|A/cattle/Texas/24-008749-003/2024(H5N1)	469	1101
PB2|PP755596.1|A/cattle/Texas/24-008749-003/2024(H5N1)	470	1108
PB2|PP755596.1|A/cattle/Texas/24-008749-003/2024(H5N1)	471	1090
PB2|PP755596.1|A/cattle/Texas/24-008749-003/2024(H5N1)	472	1092
PB2|PP755596.1|A/cattle/Texas/24-008749-003/2024(H5N1)	473	1075
PB2|PP755596.1|A/cattle/Texas/24-008749-003/2024(H5N1)	474	1075
PB2|PP755596.1|A/cattle/Texas/24-008749-003/2024(H5N1)	475	1089
PB2|PP755596.1|A/cattle/Texas/24-008749-003/2024(H5N1)	476	1071
PB2|PP755596.1|A/cattle/Texas/24-008749-003/2024(H5N1)	477	1071
PB2|PP755596.1|A/cattle/Texas/24-008749-003/2024(H5N1)	478	1074
PB2|PP755596.1|A/cattle/Texas/24-008749-003/2024(H5N1)	479	1070
PB2|PP755596.1|A/cattle/Texas/24-008749-003/2024(H5N1)	480	1134
PB2|PP755596.1|A/cattle/Texas/24-008749-003/2024(H5N1)	481	1135
PB2|PP755596.1|A/cattle/Texas/24-008749-003/2024(H5N1)	482	1178
PB2|PP755596.1|A/cattle/Texas/24-008749-003/2024(H5N1)	483	1139
PB2|PP755596.1|A/cattle/Texas/24-008749-003/2024(H5N1)	484	1130
PB2|PP755596.1|A/cattle/Texas/24-008749-003/2024(H5N1)	485	1131
PB2|PP755596.1|A/cattle/Texas/24-008749-003/2024(H5N1)	486	1139
PB2|PP755596.1|A/cattle/Texas/24-008749-003/2024(H5N1)	487	1140
PB2|PP755596.1|A/cattle/Texas/24-008749-003/2024(H5N1)	488	1150
PB2|PP755596.1|A/cattle/Texas/24-008749-003/2024(H5N1)	489	1134
PB2|PP755596.1|A/cattle/Texas/24-008749-003/2024(H5N1)	490	1133
PB2|PP755596.1|A/cattle/Texas/24-008749-003/2024(H5N1)	491	1131
PB2|PP755596.1|A/cattle/Texas/24-008749-003/2024(H5N1)	492	1132
PB2|PP755596.1|A/cattle/Texas/24-008749-003/2024(H5N1)	493	1144
PB2|PP755596.1|A/cattle/Texas/24-008749-003/2024(H5N1)	494	1152
PB2|PP755596.1|A/cattle/Texas/24-008749-003/2024(H5N1)	495	1150
PB2|PP755596.1|A/cattle/Texas/24-008749-003/2024(H5N1)	496	1151
PB2|PP755596.1|A/cattle/Texas/24-008749-003/2024(H5N1)	497	1144
PB2|PP755596.1|A/cattle/Texas/24-008749-003/2024(H5N1)	498	1140
PB2|PP755596.1|A/cattle/Texas/24-008749-003/2024(H5N1)	499	1143
PB2|PP755596.1|A/cattle/Texas/24-008749-003/2024(H5N1)	500	1169
PB2|PP755596.1|A/cattle/Texas/24-008749-003/2024(H5N1)	501	1179
PB2|PP755596.1|A/cattle/Texas/24-008749-003/2024(H5N1)	502	1170
PB2|PP755596.1|A/cattle/Texas/24-008749-003/2024(H5N1)	503	1172
PB2|PP755596.1|A/cattle/Texas/24-008749-003/2024(H5N1)	504	1179
PB2|PP755596.1|A/cattle/Texas/24-008749-003/2024(H5N1)	505	1184
PB2|PP755596.1|A/cattle/Texas/24-008749-003/2024(H5N1)	506	1200
PB2|PP755596.1|A/cattle/Texas/24-008749-003/2024(H5N1)	507	1199
PB2|PP755596.1|A/cattle/Texas/24-008749-003/2024(H5N1)	508	1201
PB2|PP755596.1|A/cattle/Texas/24-008749-003/2024(H5N1)	509	1204
PB2|PP755596.1|A/cattle/Texas/24-008749-003/2024(H5N1)	510	1208
PB2|PP755596.1|A/cattle/Texas/24-008749-003/2024(H5N1)	511	1208
PB2|PP755596.1|A/cattle/Texas/24-008749-003/2024(H5N1)	512	1225
PB2|PP755596.1|A/cattle/Texas/24-008749-003/2024(H5N1)	513	1225
PB2|PP755596.1|A/cattle/Texas/24-008749-003/2024(H5N1)	514	1229
PB2|PP755596.1|A/cattle/Texas/24-008749-003/2024(H5N1)	515	1227
PB2|PP755596.1|A/cattle/Texas/24-008749-003/2024(H5N1)	516	1230
PB2|PP755596.1|A/cattle/Texas/24-008749-003/2024(H5N1)	517	1231
PB2|PP755596.1|A/cattle/Texas/24-008749-003/2024(H5N1)	518	1231
PB2|PP755596.1|A/cattle/Texas/24-008749-003/2024(H5N1)	519	1237
PB2|PP755596.1|A/cattle/Texas/24-008749-003/2024(H5N1)	520	1238
PB2|PP755596.1|A/cattle/Texas/24-008749-003/2024(H5N1)	521	1229
PB2|PP755596.1|A/cattle/Texas/24-008749-003/2024(H5N1)	522	1229
PB2|PP755596.1|A/cattle/Texas/24-008749-003/2024(H5N1)	523	1229
PB2|PP755596.1|A/cattle/Texas/24-008749-003/2024(H5N1)	524	1236
PB2|PP755596.1|A/cattle/Texas/24-008749-003/2024(H5N1)	525	1248
PB2|PP755596.1|A/cattle/Texas/24-008749-003/2024(H5N1)	526	1256
PB2|PP755596.1|A/cattle/Texas/24-008749-003/2024(H5N1)	527	1263
PB2|PP755596.1|A/cattle/Texas/24-008749-003/2024(H5N1)	528	1260
PB2|PP755596.1|A/cattle/Texas/24-008749-003/2024(H5N1)	529	1253
PB2|PP755596.1|A/cattle/Texas/24-008749-003/2024(H5N1)	530	1232
PB2|PP755596.1|A/cattle/Texas/24-008749-003/2024(H5N1)	531	1232
PB2|PP755596.1|A/cattle/Texas/24-008749-003/2024(H5N1)	532	1243
PB2|PP755596.1|A/cattle/Texas/24-008749-003/2024(H5N1)	533	1242
PB2|PP755596.1|A/cattle/Texas/24-008749-003/2024(H5N1)	534	1241
PB2|PP755596.1|A/cattle/Texas/24-008749-003/2024(H5N1)	535	1240
PB2|PP755596.1|A/cattle/Texas/24-008749-003/2024(H5N1)	536	1227
PB2|PP755596.1|A/cattle/Texas/24-008749-003/2024(H5N1)	537	1223
PB2|PP755596.1|A/cattle/Texas/24-008749-003/2024(H5N1)	538	1229
PB2|PP755596.1|A/cattle/Texas/24-008749-003/2024(H5N1)	539	1238
PB2|PP755596.1|A/cattle/Texas/24-008749-003/2024(H5N1)	540	1240
PB2|PP755596.1|A/cattle/Texas/24-008749-003/2024(H5N1)	541	1274
PB2|PP755596.1|A/cattle/Texas/24-008749-003/2024(H5N1)	542	1193
PB2|PP755596.1|A/cattle/Texas/24-008749-003/2024(H5N1)	543	1193
PB2|PP755596.1|A/cattle/Texas/24-008749-003/2024(H5N1)	544	1187
PB2|PP755596.1|A/cattle/Texas/24-008749-003/2024(H5N1)	545	1187
PB2|PP755596.1|A/cattle/Texas/24-008749-003/2024(H5N1)	546	1192
PB2|PP755596.1|A/cattle/Texas/24-008749-003/2024(H5N1)	547	1187
PB2|PP755596.1|A/cattle/Texas/24-008749-003/2024(H5N1)	548	1158
PB2|PP755596.1|A/cattle/Texas/24-008749-003/2024(H5N1)	549	1159
PB2|PP755596.1|A/cattle/Texas/24-008749-003/2024(H5N1)	550	1162
PB2|PP755596.1|A/cattle/Texas/24-008749-003/2024(H5N1)	551	1164
PB2|PP755596.1|A/cattle/Texas/24-008749-003/2024(H5N1)	552	1160
PB2|PP755596.1|A/cattle/Texas/24-008749-003/2024(H5N1)	553	1137
PB2|PP755596.1|A/cattle/Texas/24-008749-003/2024(H5N1)	554	1161
PB2|PP755596.1|A/cattle/Texas/24-008749-003/2024(H5N1)	555	1155
PB2|PP755596.1|A/cattle/Texas/24-008749-003/2024(H5N1)	556	1162
PB2|PP755596.1|A/cattle/Texas/24-008749-003/2024(H5N1)	557	1162
PB2|PP755596.1|A/cattle/Texas/24-008749-003/2024(H5N1)	558	1156
PB2|PP755596.1|A/cattle/Texas/24-008749-003/2024(H5N1)	559	1156
PB2|PP755596.1|A/cattle/Texas/24-008749-003/2024(H5N1)	560	1162
PB2|PP755596.1|A/cattle/Texas/24-008749-003/2024(H5N1)	561	1162
PB2|PP755596.1|A/cattle/Texas/24-008749-003/2024(H5N1)	562	1162
PB2|PP755596.1|A/cattle/Texas/24-008749-003/2024(H5N1)	563	1162
PB2|PP755596.1|A/cattle/Texas/24-008749-003/2024(H5N1)	564	1162
PB2|PP755596.1|A/cattle/Texas/24-008749-003/2024(H5N1)	565	1153
PB2|PP755596.1|A/cattle/Texas/24-008749-003/2024(H5N1)	566	1149
PB2|PP755596.1|A/cattle/Texas/24-008749-003/2024(H5N1)	567	1149
PB2|PP755596.1|A/cattle/Texas/24-008749-003/2024(H5N1)	568	1153
PB2|PP755596.1|A/cattle/Texas/24-008749-003/2024(H5N1)	569	1152
PB2|PP755596.1|A/cattle/Texas/24-008749-003/2024(H5N1)	570	1133
PB2|PP755596.1|A/cattle/Texas/24-008749-003/2024(H5N1)	571	1133
PB2|PP755596.1|A/cattle/Texas/24-008749-003/2024(H5N1)	572	1136
PB2|PP755596.1|A/cattle/Texas/24-008749-003/2024(H5N1)	573	1136
PB2|PP755596.1|A/cattle/Texas/24-008749-003/2024(H5N1)	574	1137
PB2|PP755596.1|A/cattle/Texas/24-008749-003/2024(H5N1)	575	1138
PB2|PP755596.1|A/cattle/Texas/24-008749-003/2024(H5N1)	576	1127
PB2|PP755596.1|A/cattle/Texas/24-008749-003/2024(H5N1)	577	1197
PB2|PP755596.1|A/cattle/Texas/24-008749-003/2024(H5N1)	578	1195
PB2|PP755596.1|A/cattle/Texas/24-008749-003/2024(H5N1)	579	1229
PB2|PP755596.1|A/cattle/Texas/24-008749-003/2024(H5N1)	580	1212
PB2|PP755596.1|A/cattle/Texas/24-008749-003/2024(H5N1)	581	1210
PB2|PP755596.1|A/cattle/Texas/24-008749-003/2024(H5N1)	582	1208
PB2|PP755596.1|A/cattle/Texas/24-008749-003/2024(H5N1)	583	1209
PB2|PP755596.1|A/cattle/Texas/24-008749-003/2024(H5N1)	584	1269
PB2|PP755596.1|A/cattle/Texas/24-008749-003/2024(H5N1)	585	1202
PB2|PP755596.1|A/cattle/Texas/24-008749-003/2024(H5N1)	586	1132
PB2|PP755596.1|A/cattle/Texas/24-008749-003/2024(H5N1)	587	1133
PB2|PP755596.1|A/cattle/Texas/24-008749-003/2024(H5N1)	588	1148
PB2|PP755596.1|A/cattle/Texas/24-008749-003/2024(H5N1)	589	1146
PB2|PP755596.1|A/cattle/Texas/24-008749-003/2024(H5N1)	590	1148
PB2|PP755596.1|A/cattle/Texas/24-008749-003/2024(H5N1)	591	1146
PB2|PP755596.1|A/cattle/Texas/24-008749-003/2024(H5N1)	592	1158
PB2|PP755596.1|A/cattle/Texas/24-008749-003/2024(H5N1)	593	1153
PB2|PP755596.1|A/cattle/Texas/24-008749-003/2024(H5N1)	594	1138
PB2|PP755596.1|A/cattle/Texas/24-008749-003/2024(H5N1)	595	1138
PB2|PP755596.1|A/cattle/Texas/24-008749-003/2024(H5N1)	596	1141
PB2|PP755596.1|A/cattle/Texas/24-008749-003/2024(H5N1)	597	1131
PB2|PP755596.1|A/cattle/Texas/24-008749-003/2024(H5N1)	598	1172
PB2|PP755596.1|A/cattle/Texas/24-008749-003/2024(H5N1)	599	1176
PB2|PP755596.1|A/cattle/Texas/24-008749-003/2024(H5N1)	600	1204
PB2|PP755596.1|A/cattle/Texas/24-008749-003/2024(H5N1)	601	1155
PB2|PP755596.1|A/cattle/Texas/24-008749-003/2024(H5N1)	602	1154
PB2|PP755596.1|A/cattle/Texas/24-008749-003/2024(H5N1)	603	1156
PB2|PP755596.1|A/cattle/Texas/24-008749-003/2024(H5N1)	604	1161
PB2|PP755596.1|A/cattle/Texas/24-008749-003/2024(H5N1)	605	1155
PB2|PP755596.1|A/cattle/Texas/24-008749-003/2024(H5N1)	606	1160
PB2|PP755596.1|A/cattle/Texas/24-008749-003/2024(H5N1)	607	1175
PB2|PP755596.1|A/cattle/Texas/24-008749-003/2024(H5N1)	608	1171
PB2|PP755596.1|A/cattle/Texas/24-008749-003/2024(H5N1)	609	1154
PB2|PP755596.1|A/cattle/Texas/24-008749-003/2024(H5N1)	610	1156
PB2|PP755596.1|A/cattle/Texas/24-008749-003/2024(H5N1)	611	1160
PB2|PP755596.1|A/cattle/Texas/24-008749-003/2024(H5N1)	612	1163
PB2|PP755596.1|A/cattle/Texas/24-008749-003/2024(H5N1)	613	1162
PB2|PP755596.1|A/cattle/Texas/24-008749-003/2024(H5N1)	614	1165
PB2|PP755596.1|A/cattle/Texas/24-008749-003/2024(H5N1)	615	1149
PB2|PP755596.1|A/cattle/Texas/24-008749-003/2024(H5N1)	616	1090
PB2|PP755596.1|A/cattle/Texas/24-008749-003/2024(H5N1)	617	1090
PB2|PP755596.1|A/cattle/Texas/24-008749-003/2024(H5N1)	618	1089
PB2|PP755596.1|A/cattle/Texas/24-008749-003/2024(H5N1)	619	1131
PB2|PP755596.1|A/cattle/Texas/24-008749-003/2024(H5N1)	620	1131
PB2|PP755596.1|A/cattle/Texas/24-008749-003/2024(H5N1)	621	1131
PB2|PP755596.1|A/cattle/Texas/24-008749-003/2024(H5N1)	622	1131
PB2|PP755596.1|A/cattle/Texas/24-008749-003/2024(H5N1)	623	1157
PB2|PP755596.1|A/cattle/Texas/24-008749-003/2024(H5N1)	624	1165
PB2|PP755596.1|A/cattle/Texas/24-008749-003/2024(H5N1)	625	1162
PB2|PP755596.1|A/cattle/Texas/24-008749-003/2024(H5N1)	626	1158
PB2|PP755596.1|A/cattle/Texas/24-008749-003/2024(H5N1)	627	1146
PB2|PP755596.1|A/cattle/Texas/24-008749-003/2024(H5N1)	628	1153
PB2|PP755596.1|A/cattle/Texas/24-008749-003/2024(H5N1)	629	1145
PB2|PP755596.1|A/cattle/Texas/24-008749-003/2024(H5N1)	630	1146
PB2|PP755596.1|A/cattle/Texas/24-008749-003/2024(H5N1)	631	1095
PB2|PP755596.1|A/cattle/Texas/24-008749-003/2024(H5N1)	632	1057
PB2|PP755596.1|A/cattle/Texas/24-008749-003/2024(H5N1)	633	1060
PB2|PP755596.1|A/cattle/Texas/24-008749-003/2024(H5N1)	634	1063
PB2|PP755596.1|A/cattle/Texas/24-008749-003/2024(H5N1)	635	1068
PB2|PP755596.1|A/cattle/Texas/24-008749-003/2024(H5N1)	636	1075
PB2|PP755596.1|A/cattle/Texas/24-008749-003/2024(H5N1)	637	1066
PB2|PP755596.1|A/cattle/Texas/24-008749-003/2024(H5N1)	638	1066
PB2|PP755596.1|A/cattle/Texas/24-008749-003/2024(H5N1)	639	1047
PB2|PP755596.1|A/cattle/Texas/24-008749-003/2024(H5N1)	640	1047
PB2|PP755596.1|A/cattle/Texas/24-008749-003/2024(H5N1)	641	1071
PB2|PP755596.1|A/cattle/Texas/24-008749-003/2024(H5N1)	642	1067
PB2|PP755596.1|A/cattle/Texas/24-008749-003/2024(H5N1)	643	1068
PB2|PP755596.1|A/cattle/Texas/24-008749-003/2024(H5N1)	644	1057
PB2|PP755596.1|A/cattle/Texas/24-008749-003/2024(H5N1)	645	1061
PB2|PP755596.1|A/cattle/Texas/24-008749-003/2024(H5N1)	646	1067
PB2|PP755596.1|A/cattle/Texas/24-008749-003/2024(H5N1)	647	1068
PB2|PP755596.1|A/cattle/Texas/24-008749-003/2024(H5N1)	648	1078
PB2|PP755596.1|A/cattle/Texas/24-008749-003/2024(H5N1)	649	1094
PB2|PP755596.1|A/cattle/Texas/24-008749-003/2024(H5N1)	650	1069
PB2|PP755596.1|A/cattle/Texas/24-008749-003/2024(H5N1)	651	1075
PB2|PP755596.1|A/cattle/Texas/24-008749-003/2024(H5N1)	652	1064
PB2|PP755596.1|A/cattle/Texas/24-008749-003/2024(H5N1)	653	1077
PB2|PP755596.1|A/cattle/Texas/24-008749-003/2024(H5N1)	654	1091
PB2|PP755596.1|A/cattle/Texas/24-008749-003/2024(H5N1)	655	1087
PB2|PP755596.1|A/cattle/Texas/24-008749-003/2024(H5N1)	656	1080
PB2|PP755596.1|A/cattle/Texas/24-008749-003/2024(H5N1)	657	1065
PB2|PP755596.1|A/cattle/Texas/24-008749-003/2024(H5N1)	658	1065
PB2|PP755596.1|A/cattle/Texas/24-008749-003/2024(H5N1)	659	1067
PB2|PP755596.1|A/cattle/Texas/24-008749-003/2024(H5N1)	660	1067
PB2|PP755596.1|A/cattle/Texas/24-008749-003/2024(H5N1)	661	1066
PB2|PP755596.1|A/cattle/Texas/24-008749-003/2024(H5N1)	662	1050
PB2|PP755596.1|A/cattle/Texas/24-008749-003/2024(H5N1)	663	1047
PB2|PP755596.1|A/cattle/Texas/24-008749-003/2024(H5N1)	664	1048
PB2|PP755596.1|A/cattle/Texas/24-008749-003/2024(H5N1)	665	1063
PB2|PP755596.1|A/cattle/Texas/24-008749-003/2024(H5N1)	666	1066
PB2|PP755596.1|A/cattle/Texas/24-008749-003/2024(H5N1)	667	1071
PB2|PP755596.1|A/cattle/Texas/24-008749-003/2024(H5N1)	668	1071
PB2|PP755596.1|A/cattle/Texas/24-008749-003/2024(H5N1)	669	1073
PB2|PP755596.1|A/cattle/Texas/24-008749-003/2024(H5N1)	670	1075
PB2|PP755596.1|A/cattle/Texas/24-008749-003/2024(H5N1)	671	1085
PB2|PP755596.1|A/cattle/Texas/24-008749-003/2024(H5N1)	672	1089
PB2|PP755596.1|A/cattle/Texas/24-008749-003/2024(H5N1)	673	1091
PB2|PP755596.1|A/cattle/Texas/24-008749-003/2024(H5N1)	674	1087
PB2|PP755596.1|A/cattle/Texas/24-008749-003/2024(H5N1)	675	1081
PB2|PP755596.1|A/cattle/Texas/24-008749-003/2024(H5N1)	676	1069
PB2|PP755596.1|A/cattle/Texas/24-008749-003/2024(H5N1)	677	1082
PB2|PP755596.1|A/cattle/Texas/24-008749-003/2024(H5N1)	678	1091
PB2|PP755596.1|A/cattle/Texas/24-008749-003/2024(H5N1)	679	1112
PB2|PP755596.1|A/cattle/Texas/24-008749-003/2024(H5N1)	680	1110
PB2|PP755596.1|A/cattle/Texas/24-008749-003/2024(H5N1)	681	1109
PB2|PP755596.1|A/cattle/Texas/24-008749-003/2024(H5N1)	682	1103
PB2|PP755596.1|A/cattle/Texas/24-008749-003/2024(H5N1)	683	1162
PB2|PP755596.1|A/cattle/Texas/24-008749-003/2024(H5N1)	684	1159
PB2|PP755596.1|A/cattle/Texas/24-008749-003/2024(H5N1)	685	1162
PB2|PP755596.1|A/cattle/Texas/24-008749-003/2024(H5N1)	686	1157
PB2|PP755596.1|A/cattle/Texas/24-008749-003/2024(H5N1)	687	1128
PB2|PP755596.1|A/cattle/Texas/24-008749-003/2024(H5N1)	688	1122
PB2|PP755596.1|A/cattle/Texas/24-008749-003/2024(H5N1)	689	1111
PB2|PP755596.1|A/cattle/Texas/24-008749-003/2024(H5N1)	690	1102
PB2|PP755596.1|A/cattle/Texas/24-008749-003/2024(H5N1)	691	1103
PB2|PP755596.1|A/cattle/Texas/24-008749-003/2024(H5N1)	692	1071
PB2|PP755596.1|A/cattle/Texas/24-008749-003/2024(H5N1)	693	1069
PB2|PP755596.1|A/cattle/Texas/24-008749-003/2024(H5N1)	694	1068
PB2|PP755596.1|A/cattle/Texas/24-008749-003/2024(H5N1)	695	1064
PB2|PP755596.1|A/cattle/Texas/24-008749-003/2024(H5N1)	696	1087
PB2|PP755596.1|A/cattle/Texas/24-008749-003/2024(H5N1)	697	1151
PB2|PP755596.1|A/cattle/Texas/24-008749-003/2024(H5N1)	698	1158
PB2|PP755596.1|A/cattle/Texas/24-008749-003/2024(H5N1)	699	1158
PB2|PP755596.1|A/cattle/Texas/24-008749-003/2024(H5N1)	700	1149
PB2|PP755596.1|A/cattle/Texas/24-008749-003/2024(H5N1)	701	1149
PB2|PP755596.1|A/cattle/Texas/24-008749-003/2024(H5N1)	702	1149
PB2|PP755596.1|A/cattle/Texas/24-008749-003/2024(H5N1)	703	1157
PB2|PP755596.1|A/cattle/Texas/24-008749-003/2024(H5N1)	704	1157
PB2|PP755596.1|A/cattle/Texas/24-008749-003/2024(H5N1)	705	1140
PB2|PP755596.1|A/cattle/Texas/24-008749-003/2024(H5N1)	706	1137
PB2|PP755596.1|A/cattle/Texas/24-008749-003/2024(H5N1)	707	1131
PB2|PP755596.1|A/cattle/Texas/24-008749-003/2024(H5N1)	708	1140
PB2|PP755596.1|A/cattle/Texas/24-008749-003/2024(H5N1)	709	1160
PB2|PP755596.1|A/cattle/Texas/24-008749-003/2024(H5N1)	710	1160
PB2|PP755596.1|A/cattle/Texas/24-008749-003/2024(H5N1)	711	1154
PB2|PP755596.1|A/cattle/Texas/24-008749-003/2024(H5N1)	712	1154
PB2|PP755596.1|A/cattle/Texas/24-008749-003/2024(H5N1)	713	1155
PB2|PP755596.1|A/cattle/Texas/24-008749-003/2024(H5N1)	714	1155
PB2|PP755596.1|A/cattle/Texas/24-008749-003/2024(H5N1)	715	1162
PB2|PP755596.1|A/cattle/Texas/24-008749-003/2024(H5N1)	716	1163
PB2|PP755596.1|A/cattle/Texas/24-008749-003/2024(H5N1)	717	1162
PB2|PP755596.1|A/cattle/Texas/24-008749-003/2024(H5N1)	718	1155
PB2|PP755596.1|A/cattle/Texas/24-008749-003/2024(H5N1)	719	1157
PB2|PP755596.1|A/cattle/Texas/24-008749-003/2024(H5N1)	720	1157
PB2|PP755596.1|A/cattle/Texas/24-008749-003/2024(H5N1)	721	1185
PB2|PP755596.1|A/cattle/Texas/24-008749-003/2024(H5N1)	722	1177
PB2|PP755596.1|A/cattle/Texas/24-008749-003/2024(H5N1)	723	1178
PB2|PP755596.1|A/cattle/Texas/24-008749-003/2024(H5N1)	724	1186
PB2|PP755596.1|A/cattle/Texas/24-008749-003/2024(H5N1)	725	1180
PB2|PP755596.1|A/cattle/Texas/24-008749-003/2024(H5N1)	726	1248
PB2|PP755596.1|A/cattle/Texas/24-008749-003/2024(H5N1)	727	1255
PB2|PP755596.1|A/cattle/Texas/24-008749-003/2024(H5N1)	728	1199
PB2|PP755596.1|A/cattle/Texas/24-008749-003/2024(H5N1)	729	1214
PB2|PP755596.1|A/cattle/Texas/24-008749-003/2024(H5N1)	730	1221
PB2|PP755596.1|A/cattle/Texas/24-008749-003/2024(H5N1)	731	1222
PB2|PP755596.1|A/cattle/Texas/24-008749-003/2024(H5N1)	732	1225
PB2|PP755596.1|A/cattle/Texas/24-008749-003/2024(H5N1)	733	1216
PB2|PP755596.1|A/cattle/Texas/24-008749-003/2024(H5N1)	734	1233
PB2|PP755596.1|A/cattle/Texas/24-008749-003/2024(H5N1)	735	1141
PB2|PP755596.1|A/cattle/Texas/24-008749-003/2024(H5N1)	736	1156
PB2|PP755596.1|A/cattle/Texas/24-008749-003/2024(H5N1)	737	1130
PB2|PP755596.1|A/cattle/Texas/24-008749-003/2024(H5N1)	738	1110
PB2|PP755596.1|A/cattle/Texas/24-008749-003/2024(H5N1)	739	1112
PB2|PP755596.1|A/cattle/Texas/24-008749-003/2024(H5N1)	740	1133
PB2|PP755596.1|A/cattle/Texas/24-008749-003/2024(H5N1)	741	1134
PB2|PP755596.1|A/cattle/Texas/24-008749-003/2024(H5N1)	742	1131
PB2|PP755596.1|A/cattle/Texas/24-008749-003/2024(H5N1)	743	1122
PB2|PP755596.1|A/cattle/Texas/24-008749-003/2024(H5N1)	744	1113
PB2|PP755596.1|A/cattle/Texas/24-008749-003/2024(H5N1)	745	1123
PB2|PP755596.1|A/cattle/Texas/24-008749-003/2024(H5N1)	746	1126
PB2|PP755596.1|A/cattle/Texas/24-008749-003/2024(H5N1)	747	1131
PB2|PP755596.1|A/cattle/Texas/24-008749-003/2024(H5N1)	748	1134
PB2|PP755596.1|A/cattle/Texas/24-008749-003/2024(H5N1)	749	1110
PB2|PP755596.1|A/cattle/Texas/24-008749-003/2024(H5N1)	750	1110
PB2|PP755596.1|A/cattle/Texas/24-008749-003/2024(H5N1)	751	1088
PB2|PP755596.1|A/cattle/Texas/24-008749-003/2024(H5N1)	752	1086
PB2|PP755596.1|A/cattle/Texas/24-008749-003/2024(H5N1)	753	1088
PB2|PP755596.1|A/cattle/Texas/24-008749-003/2024(H5N1)	754	1078
PB2|PP755596.1|A/cattle/Texas/24-008749-003/2024(H5N1)	755	1080
PB2|PP755596.1|A/cattle/Texas/24-008749-003/2024(H5N1)	756	1073
PB2|PP755596.1|A/cattle/Texas/24-008749-003/2024(H5N1)	757	1069
PB2|PP755596.1|A/cattle/Texas/24-008749-003/2024(H5N1)	758	1042
PB2|PP755596.1|A/cattle/Texas/24-008749-003/2024(H5N1)	759	1037
PB2|PP755596.1|A/cattle/Texas/24-008749-003/2024(H5N1)	760	1043
PB2|PP755596.1|A/cattle/Texas/24-008749-003/2024(H5N1)	761	1087
PB2|PP755596.1|A/cattle/Texas/24-008749-003/2024(H5N1)	762	1083
PB2|PP755596.1|A/cattle/Texas/24-008749-003/2024(H5N1)	763	1085
PB2|PP755596.1|A/cattle/Texas/24-008749-003/2024(H5N1)	764	1085
PB2|PP755596.1|A/cattle/Texas/24-008749-003/2024(H5N1)	765	1074
PB2|PP755596.1|A/cattle/Texas/24-008749-003/2024(H5N1)	766	1096
PB2|PP755596.1|A/cattle/Texas/24-008749-003/2024(H5N1)	767	1100
PB2|PP755596.1|A/cattle/Texas/24-008749-003/2024(H5N1)	768	1096
PB2|PP755596.1|A/cattle/Texas/24-008749-003/2024(H5N1)	769	1085
PB2|PP755596.1|A/cattle/Texas/24-008749-003/2024(H5N1)	770	1042
PB2|PP755596.1|A/cattle/Texas/24-008749-003/2024(H5N1)	771	1046
PB2|PP755596.1|A/cattle/Texas/24-008749-003/2024(H5N1)	772	1062
PB2|PP755596.1|A/cattle/Texas/24-008749-003/2024(H5N1)	773	1062
PB2|PP755596.1|A/cattle/Texas/24-008749-003/2024(H5N1)	774	1043
PB2|PP755596.1|A/cattle/Texas/24-008749-003/2024(H5N1)	775	1032
PB2|PP755596.1|A/cattle/Texas/24-008749-003/2024(H5N1)	776	1030
PB2|PP755596.1|A/cattle/Texas/24-008749-003/2024(H5N1)	777	1030
PB2|PP755596.1|A/cattle/Texas/24-008749-003/2024(H5N1)	778	1078
PB2|PP755596.1|A/cattle/Texas/24-008749-003/2024(H5N1)	779	1071
PB2|PP755596.1|A/cattle/Texas/24-008749-003/2024(H5N1)	780	1067
PB2|PP755596.1|A/cattle/Texas/24-008749-003/2024(H5N1)	781	1053
PB2|PP755596.1|A/cattle/Texas/24-008749-003/2024(H5N1)	782	1056
PB2|PP755596.1|A/cattle/Texas/24-008749-003/2024(H5N1)	783	1097
PB2|PP755596.1|A/cattle/Texas/24-008749-003/2024(H5N1)	784	1094
PB2|PP755596.1|A/cattle/Texas/24-008749-003/2024(H5N1)	785	1090
PB2|PP755596.1|A/cattle/Texas/24-008749-003/2024(H5N1)	786	1083
PB2|PP755596.1|A/cattle/Texas/24-008749-003/2024(H5N1)	787	1095
PB2|PP755596.1|A/cattle/Texas/24-008749-003/2024(H5N1)	788	1128
PB2|PP755596.1|A/cattle/Texas/24-008749-003/2024(H5N1)	789	1133
PB2|PP755596.1|A/cattle/Texas/24-008749-003/2024(H5N1)	790	1131
PB2|PP755596.1|A/cattle/Texas/24-008749-003/2024(H5N1)	791	1138
PB2|PP755596.1|A/cattle/Texas/24-008749-003/2024(H5N1)	792	1130
PB2|PP755596.1|A/cattle/Texas/24-008749-003/2024(H5N1)	793	1145
PB2|PP755596.1|A/cattle/Texas/24-008749-003/2024(H5N1)	794	1143
PB2|PP755596.1|A/cattle/Texas/24-008749-003/2024(H5N1)	795	1152
PB2|PP755596.1|A/cattle/Texas/24-008749-003/2024(H5N1)	796	1159
PB2|PP755596.1|A/cattle/Texas/24-008749-003/2024(H5N1)	797	1155
PB2|PP755596.1|A/cattle/Texas/24-008749-003/2024(H5N1)	798	1154
PB2|PP755596.1|A/cattle/Texas/24-008749-003/2024(H5N1)	799	1148
PB2|PP755596.1|A/cattle/Texas/24-008749-003/2024(H5N1)	800	1151
PB2|PP755596.1|A/cattle/Texas/24-008749-003/2024(H5N1)	801	1142
PB2|PP755596.1|A/cattle/Texas/24-008749-003/2024(H5N1)	802	1138
PB2|PP755596.1|A/cattle/Texas/24-008749-003/2024(H5N1)	803	1145
PB2|PP755596.1|A/cattle/Texas/24-008749-003/2024(H5N1)	804	1165
PB2|PP755596.1|A/cattle/Texas/24-008749-003/2024(H5N1)	805	1149
PB2|PP755596.1|A/cattle/Texas/24-008749-003/2024(H5N1)	806	1165
PB2|PP755596.1|A/cattle/Texas/24-008749-003/2024(H5N1)	807	1164
PB2|PP755596.1|A/cattle/Texas/24-008749-003/2024(H5N1)	808	1167
PB2|PP755596.1|A/cattle/Texas/24-008749-003/2024(H5N1)	809	1174
PB2|PP755596.1|A/cattle/Texas/24-008749-003/2024(H5N1)	810	1179
PB2|PP755596.1|A/cattle/Texas/24-008749-003/2024(H5N1)	811	1176
PB2|PP755596.1|A/cattle/Texas/24-008749-003/2024(H5N1)	812	1184
PB2|PP755596.1|A/cattle/Texas/24-008749-003/2024(H5N1)	813	1194
PB2|PP755596.1|A/cattle/Texas/24-008749-003/2024(H5N1)	814	1210
PB2|PP755596.1|A/cattle/Texas/24-008749-003/2024(H5N1)	815	1215
PB2|PP755596.1|A/cattle/Texas/24-008749-003/2024(H5N1)	816	1214
PB2|PP755596.1|A/cattle/Texas/24-008749-003/2024(H5N1)	817	1216
PB2|PP755596.1|A/cattle/Texas/24-008749-003/2024(H5N1)	818	1222
PB2|PP755596.1|A/cattle/Texas/24-008749-003/2024(H5N1)	819	1222
PB2|PP755596.1|A/cattle/Texas/24-008749-003/2024(H5N1)	820	1224
PB2|PP755596.1|A/cattle/Texas/24-008749-003/2024(H5N1)	821	1216
PB2|PP755596.1|A/cattle/Texas/24-008749-003/2024(H5N1)	822	1186
PB2|PP755596.1|A/cattle/Texas/24-008749-003/2024(H5N1)	823	1182
PB2|PP755596.1|A/cattle/Texas/24-008749-003/2024(H5N1)	824	1202
PB2|PP755596.1|A/cattle/Texas/24-008749-003/2024(H5N1)	825	1224
PB2|PP755596.1|A/cattle/Texas/24-008749-003/2024(H5N1)	826	1218
PB2|PP755596.1|A/cattle/Texas/24-008749-003/2024(H5N1)	827	1204
PB2|PP755596.1|A/cattle/Texas/24-008749-003/2024(H5N1)	828	1202
PB2|PP755596.1|A/cattle/Texas/24-008749-003/2024(H5N1)	829	1217
PB2|PP755596.1|A/cattle/Texas/24-008749-003/2024(H5N1)	830	1202
PB2|PP755596.1|A/cattle/Texas/24-008749-003/2024(H5N1)	831	1204
PB2|PP755596.1|A/cattle/Texas/24-008749-003/2024(H5N1)	832	1203
PB2|PP755596.1|A/cattle/Texas/24-008749-003/2024(H5N1)	833	1163
PB2|PP755596.1|A/cattle/Texas/24-008749-003/2024(H5N1)	834	1141
PB2|PP755596.1|A/cattle/Texas/24-008749-003/2024(H5N1)	835	1141
PB2|PP755596.1|A/cattle/Texas/24-008749-003/2024(H5N1)	836	1144
PB2|PP755596.1|A/cattle/Texas/24-008749-003/2024(H5N1)	837	1144
PB2|PP755596.1|A/cattle/Texas/24-008749-003/2024(H5N1)	838	1218
PB2|PP755596.1|A/cattle/Texas/24-008749-003/2024(H5N1)	839	1217
PB2|PP755596.1|A/cattle/Texas/24-008749-003/2024(H5N1)	840	1222
PB2|PP755596.1|A/cattle/Texas/24-008749-003/2024(H5N1)	841	1224
PB2|PP755596.1|A/cattle/Texas/24-008749-003/2024(H5N1)	842	1218
PB2|PP755596.1|A/cattle/Texas/24-008749-003/2024(H5N1)	843	1219
PB2|PP755596.1|A/cattle/Texas/24-008749-003/2024(H5N1)	844	1217
PB2|PP755596.1|A/cattle/Texas/24-008749-003/2024(H5N1)	845	1211
PB2|PP755596.1|A/cattle/Texas/24-008749-003/2024(H5N1)	846	1211
PB2|PP755596.1|A/cattle/Texas/24-008749-003/2024(H5N1)	847	1138
PB2|PP755596.1|A/cattle/Texas/24-008749-003/2024(H5N1)	848	1123
PB2|PP755596.1|A/cattle/Texas/24-008749-003/2024(H5N1)	849	1149
PB2|PP755596.1|A/cattle/Texas/24-008749-003/2024(H5N1)	850	1149
PB2|PP755596.1|A/cattle/Texas/24-008749-003/2024(H5N1)	851	1149
PB2|PP755596.1|A/cattle/Texas/24-008749-003/2024(H5N1)	852	1149
PB2|PP755596.1|A/cattle/Texas/24-008749-003/2024(H5N1)	853	1155
PB2|PP755596.1|A/cattle/Texas/24-008749-003/2024(H5N1)	854	1151
PB2|PP755596.1|A/cattle/Texas/24-008749-003/2024(H5N1)	855	1147
PB2|PP755596.1|A/cattle/Texas/24-008749-003/2024(H5N1)	856	1141
PB2|PP755596.1|A/cattle/Texas/24-008749-003/2024(H5N1)	857	1154
PB2|PP755596.1|A/cattle/Texas/24-008749-003/2024(H5N1)	858	1141
PB2|PP755596.1|A/cattle/Texas/24-008749-003/2024(H5N1)	859	1144
PB2|PP755596.1|A/cattle/Texas/24-008749-003/2024(H5N1)	860	1146
PB2|PP755596.1|A/cattle/Texas/24-008749-003/2024(H5N1)	861	1146
PB2|PP755596.1|A/cattle/Texas/24-008749-003/2024(H5N1)	862	1148
PB2|PP755596.1|A/cattle/Texas/24-008749-003/2024(H5N1)	863	1147
PB2|PP755596.1|A/cattle/Texas/24-008749-003/2024(H5N1)	864	1154
PB2|PP755596.1|A/cattle/Texas/24-008749-003/2024(H5N1)	865	1153
PB2|PP755596.1|A/cattle/Texas/24-008749-003/2024(H5N1)	866	1144
PB2|PP755596.1|A/cattle/Texas/24-008749-003/2024(H5N1)	867	1143
PB2|PP755596.1|A/cattle/Texas/24-008749-003/2024(H5N1)	868	1144
PB2|PP755596.1|A/cattle/Texas/24-008749-003/2024(H5N1)	869	1145
PB2|PP755596.1|A/cattle/Texas/24-008749-003/2024(H5N1)	870	1144
PB2|PP755596.1|A/cattle/Texas/24-008749-003/2024(H5N1)	871	1149
PB2|PP755596.1|A/cattle/Texas/24-008749-003/2024(H5N1)	872	1185
PB2|PP755596.1|A/cattle/Texas/24-008749-003/2024(H5N1)	873	1177
PB2|PP755596.1|A/cattle/Texas/24-008749-003/2024(H5N1)	874	1177
PB2|PP755596.1|A/cattle/Texas/24-008749-003/2024(H5N1)	875	1174
PB2|PP755596.1|A/cattle/Texas/24-008749-003/2024(H5N1)	876	1176
PB2|PP755596.1|A/cattle/Texas/24-008749-003/2024(H5N1)	877	1123
PB2|PP755596.1|A/cattle/Texas/24-008749-003/2024(H5N1)	878	1129
PB2|PP755596.1|A/cattle/Texas/24-008749-003/2024(H5N1)	879	1137
PB2|PP755596.1|A/cattle/Texas/24-008749-003/2024(H5N1)	880	1121
PB2|PP755596.1|A/cattle/Texas/24-008749-003/2024(H5N1)	881	1086
PB2|PP755596.1|A/cattle/Texas/24-008749-003/2024(H5N1)	882	1088
PB2|PP755596.1|A/cattle/Texas/24-008749-003/2024(H5N1)	883	1101
PB2|PP755596.1|A/cattle/Texas/24-008749-003/2024(H5N1)	884	1102
PB2|PP755596.1|A/cattle/Texas/24-008749-003/2024(H5N1)	885	1086
PB2|PP755596.1|A/cattle/Texas/24-008749-003/2024(H5N1)	886	1086
PB2|PP755596.1|A/cattle/Texas/24-008749-003/2024(H5N1)	887	1077
PB2|PP755596.1|A/cattle/Texas/24-008749-003/2024(H5N1)	888	1075
PB2|PP755596.1|A/cattle/Texas/24-008749-003/2024(H5N1)	889	1073
PB2|PP755596.1|A/cattle/Texas/24-008749-003/2024(H5N1)	890	1102
PB2|PP755596.1|A/cattle/Texas/24-008749-003/2024(H5N1)	891	1094
PB2|PP755596.1|A/cattle/Texas/24-008749-003/2024(H5N1)	892	1090
PB2|PP755596.1|A/cattle/Texas/24-008749-003/2024(H5N1)	893	1087
PB2|PP755596.1|A/cattle/Texas/24-008749-003/2024(H5N1)	894	1087
PB2|PP755596.1|A/cattle/Texas/24-008749-003/2024(H5N1)	895	1052
PB2|PP755596.1|A/cattle/Texas/24-008749-003/2024(H5N1)	896	1047
PB2|PP755596.1|A/cattle/Texas/24-008749-003/2024(H5N1)	897	1060
PB2|PP755596.1|A/cattle/Texas/24-008749-003/2024(H5N1)	898	1063
PB2|PP755596.1|A/cattle/Texas/24-008749-003/2024(H5N1)	899	1063
PB2|PP755596.1|A/cattle/Texas/24-008749-003/2024(H5N1)	900	1063
PB2|PP755596.1|A/cattle/Texas/24-008749-003/2024(H5N1)	901	1062
PB2|PP755596.1|A/cattle/Texas/24-008749-003/2024(H5N1)	902	1130
PB2|PP755596.1|A/cattle/Texas/24-008749-003/2024(H5N1)	903	1131
PB2|PP755596.1|A/cattle/Texas/24-008749-003/2024(H5N1)	904	1129
PB2|PP755596.1|A/cattle/Texas/24-008749-003/2024(H5N1)	905	1127
PB2|PP755596.1|A/cattle/Texas/24-008749-003/2024(H5N1)	906	1126
PB2|PP755596.1|A/cattle/Texas/24-008749-003/2024(H5N1)	907	1119
PB2|PP755596.1|A/cattle/Texas/24-008749-003/2024(H5N1)	908	1119
PB2|PP755596.1|A/cattle/Texas/24-008749-003/2024(H5N1)	909	1114
PB2|PP755596.1|A/cattle/Texas/24-008749-003/2024(H5N1)	910	1117
PB2|PP755596.1|A/cattle/Texas/24-008749-003/2024(H5N1)	911	1112
PB2|PP755596.1|A/cattle/Texas/24-008749-003/2024(H5N1)	912	1088
PB2|PP755596.1|A/cattle/Texas/24-008749-003/2024(H5N1)	913	1095
PB2|PP755596.1|A/cattle/Texas/24-008749-003/2024(H5N1)	914	1093
PB2|PP755596.1|A/cattle/Texas/24-008749-003/2024(H5N1)	915	1093
PB2|PP755596.1|A/cattle/Texas/24-008749-003/2024(H5N1)	916	1081
PB2|PP755596.1|A/cattle/Texas/24-008749-003/2024(H5N1)	917	1077
PB2|PP755596.1|A/cattle/Texas/24-008749-003/2024(H5N1)	918	1077
PB2|PP755596.1|A/cattle/Texas/24-008749-003/2024(H5N1)	919	1113
PB2|PP755596.1|A/cattle/Texas/24-008749-003/2024(H5N1)	920	1124
PB2|PP755596.1|A/cattle/Texas/24-008749-003/2024(H5N1)	921	1108
PB2|PP755596.1|A/cattle/Texas/24-008749-003/2024(H5N1)	922	1106
PB2|PP755596.1|A/cattle/Texas/24-008749-003/2024(H5N1)	923	1106
PB2|PP755596.1|A/cattle/Texas/24-008749-003/2024(H5N1)	924	1109
PB2|PP755596.1|A/cattle/Texas/24-008749-003/2024(H5N1)	925	1168
PB2|PP755596.1|A/cattle/Texas/24-008749-003/2024(H5N1)	926	1177
PB2|PP755596.1|A/cattle/Texas/24-008749-003/2024(H5N1)	927	1190
PB2|PP755596.1|A/cattle/Texas/24-008749-003/2024(H5N1)	928	1149
PB2|PP755596.1|A/cattle/Texas/24-008749-003/2024(H5N1)	929	1135
PB2|PP755596.1|A/cattle/Texas/24-008749-003/2024(H5N1)	930	1165
PB2|PP755596.1|A/cattle/Texas/24-008749-003/2024(H5N1)	931	1164
PB2|PP755596.1|A/cattle/Texas/24-008749-003/2024(H5N1)	932	1165
PB2|PP755596.1|A/cattle/Texas/24-008749-003/2024(H5N1)	933	1182
PB2|PP755596.1|A/cattle/Texas/24-008749-003/2024(H5N1)	934	1217
PB2|PP755596.1|A/cattle/Texas/24-008749-003/2024(H5N1)	935	1225
PB2|PP755596.1|A/cattle/Texas/24-008749-003/2024(H5N1)	936	1221
PB2|PP755596.1|A/cattle/Texas/24-008749-003/2024(H5N1)	937	1229
PB2|PP755596.1|A/cattle/Texas/24-008749-003/2024(H5N1)	938	1221
PB2|PP755596.1|A/cattle/Texas/24-008749-003/2024(H5N1)	939	1181
PB2|PP755596.1|A/cattle/Texas/24-008749-003/2024(H5N1)	940	1203
PB2|PP755596.1|A/cattle/Texas/24-008749-003/2024(H5N1)	941	1205
PB2|PP755596.1|A/cattle/Texas/24-008749-003/2024(H5N1)	942	1205
PB2|PP755596.1|A/cattle/Texas/24-008749-003/2024(H5N1)	943	1200
PB2|PP755596.1|A/cattle/Texas/24-008749-003/2024(H5N1)	944	1195
PB2|PP755596.1|A/cattle/Texas/24-008749-003/2024(H5N1)	945	1199
PB2|PP755596.1|A/cattle/Texas/24-008749-003/2024(H5N1)	946	1203
PB2|PP755596.1|A/cattle/Texas/24-008749-003/2024(H5N1)	947	1201
PB2|PP755596.1|A/cattle/Texas/24-008749-003/2024(H5N1)	948	1199
PB2|PP755596.1|A/cattle/Texas/24-008749-003/2024(H5N1)	949	1183
PB2|PP755596.1|A/cattle/Texas/24-008749-003/2024(H5N1)	950	1183
PB2|PP755596.1|A/cattle/Texas/24-008749-003/2024(H5N1)	951	1185
PB2|PP755596.1|A/cattle/Texas/24-008749-003/2024(H5N1)	952	1186
PB2|PP755596.1|A/cattle/Texas/24-008749-003/2024(H5N1)	953	1215
PB2|PP755596.1|A/cattle/Texas/24-008749-003/2024(H5N1)	954	1228
PB2|PP755596.1|A/cattle/Texas/24-008749-003/2024(H5N1)	955	1208
PB2|PP755596.1|A/cattle/Texas/24-008749-003/2024(H5N1)	956	1206
PB2|PP755596.1|A/cattle/Texas/24-008749-003/2024(H5N1)	957	1189
PB2|PP755596.1|A/cattle/Texas/24-008749-003/2024(H5N1)	958	1191
PB2|PP755596.1|A/cattle/Texas/24-008749-003/2024(H5N1)	959	1194
PB2|PP755596.1|A/cattle/Texas/24-008749-003/2024(H5N1)	960	1198
PB2|PP755596.1|A/cattle/Texas/24-008749-003/2024(H5N1)	961	1194
PB2|PP755596.1|A/cattle/Texas/24-008749-003/2024(H5N1)	962	1176
PB2|PP755596.1|A/cattle/Texas/24-008749-003/2024(H5N1)	963	1152
PB2|PP755596.1|A/cattle/Texas/24-008749-003/2024(H5N1)	964	1164
PB2|PP755596.1|A/cattle/Texas/24-008749-003/2024(H5N1)	965	1147
PB2|PP755596.1|A/cattle/Texas/24-008749-003/2024(H5N1)	966	1156
PB2|PP755596.1|A/cattle/Texas/24-008749-003/2024(H5N1)	967	1154
PB2|PP755596.1|A/cattle/Texas/24-008749-003/2024(H5N1)	968	1149
PB2|PP755596.1|A/cattle/Texas/24-008749-003/2024(H5N1)	969	1134
PB2|PP755596.1|A/cattle/Texas/24-008749-003/2024(H5N1)	970	1134
PB2|PP755596.1|A/cattle/Texas/24-008749-003/2024(H5N1)	971	1162
PB2|PP755596.1|A/cattle/Texas/24-008749-003/2024(H5N1)	972	1174
PB2|PP755596.1|A/cattle/Texas/24-008749-003/2024(H5N1)	973	1166
PB2|PP755596.1|A/cattle/Texas/24-008749-003/2024(H5N1)	974	1166
PB2|PP755596.1|A/cattle/Texas/24-008749-003/2024(H5N1)	975	1151
PB2|PP755596.1|A/cattle/Texas/24-008749-003/2024(H5N1)	976	1131
PB2|PP755596.1|A/cattle/Texas/24-008749-003/2024(H5N1)	977	1131
PB2|PP755596.1|A/cattle/Texas/24-008749-003/2024(H5N1)	978	1129
PB2|PP755596.1|A/cattle/Texas/24-008749-003/2024(H5N1)	979	1130
PB2|PP755596.1|A/cattle/Texas/24-008749-003/2024(H5N1)	980	1101
PB2|PP755596.1|A/cattle/Texas/24-008749-003/2024(H5N1)	981	1109
PB2|PP755596.1|A/cattle/Texas/24-008749-003/2024(H5N1)	982	1108
PB2|PP755596.1|A/cattle/Texas/24-008749-003/2024(H5N1)	983	1105
PB2|PP755596.1|A/cattle/Texas/24-008749-003/2024(H5N1)	984	1106
PB2|PP755596.1|A/cattle/Texas/24-008749-003/2024(H5N1)	985	1106
PB2|PP755596.1|A/cattle/Texas/24-008749-003/2024(H5N1)	986	1105
PB2|PP755596.1|A/cattle/Texas/24-008749-003/2024(H5N1)	987	1104
PB2|PP755596.1|A/cattle/Texas/24-008749-003/2024(H5N1)	988	1103
PB2|PP755596.1|A/cattle/Texas/24-008749-003/2024(H5N1)	989	1037
PB2|PP755596.1|A/cattle/Texas/24-008749-003/2024(H5N1)	990	1036
PB2|PP755596.1|A/cattle/Texas/24-008749-003/2024(H5N1)	991	1073
PB2|PP755596.1|A/cattle/Texas/24-008749-003/2024(H5N1)	992	1072
PB2|PP755596.1|A/cattle/Texas/24-008749-003/2024(H5N1)	993	1072
PB2|PP755596.1|A/cattle/Texas/24-008749-003/2024(H5N1)	994	1072
PB2|PP755596.1|A/cattle/Texas/24-008749-003/2024(H5N1)	995	1075
PB2|PP755596.1|A/cattle/Texas/24-008749-003/2024(H5N1)	996	1077
PB2|PP755596.1|A/cattle/Texas/24-008749-003/2024(H5N1)	997	1088
PB2|PP755596.1|A/cattle/Texas/24-008749-003/2024(H5N1)	998	1090
PB2|PP755596.1|A/cattle/Texas/24-008749-003/2024(H5N1)	999	1090
PB2|PP755596.1|A/cattle/Texas/24-008749-003/2024(H5N1)	1000	1063
PB2|PP755596.1|A/cattle/Texas/24-008749-003/2024(H5N1)	1001	1065
PB2|PP755596.1|A/cattle/Texas/24-008749-003/2024(H5N1)	1002	1073
PB2|PP755596.1|A/cattle/Texas/24-008749-003/2024(H5N1)	1003	1069
PB2|PP755596.1|A/cattle/Texas/24-008749-003/2024(H5N1)	1004	1055
PB2|PP755596.1|A/cattle/Texas/24-008749-003/2024(H5N1)	1005	1054
PB2|PP755596.1|A/cattle/Texas/24-008749-003/2024(H5N1)	1006	1091
PB2|PP755596.1|A/cattle/Texas/24-008749-003/2024(H5N1)	1007	1071
PB2|PP755596.1|A/cattle/Texas/24-008749-003/2024(H5N1)	1008	1071
PB2|PP755596.1|A/cattle/Texas/24-008749-003/2024(H5N1)	1009	1065
PB2|PP755596.1|A/cattle/Texas/24-008749-003/2024(H5N1)	1010	1056
PB2|PP755596.1|A/cattle/Texas/24-008749-003/2024(H5N1)	1011	1055
PB2|PP755596.1|A/cattle/Texas/24-008749-003/2024(H5N1)	1012	1065
PB2|PP755596.1|A/cattle/Texas/24-008749-003/2024(H5N1)	1013	1068
PB2|PP755596.1|A/cattle/Texas/24-008749-003/2024(H5N1)	1014	1060
PB2|PP755596.1|A/cattle/Texas/24-008749-003/2024(H5N1)	1015	1060
PB2|PP755596.1|A/cattle/Texas/24-008749-003/2024(H5N1)	1016	1070
PB2|PP755596.1|A/cattle/Texas/24-008749-003/2024(H5N1)	1017	1071
PB2|PP755596.1|A/cattle/Texas/24-008749-003/2024(H5N1)	1018	1071
PB2|PP755596.1|A/cattle/Texas/24-008749-003/2024(H5N1)	1019	1079
PB2|PP755596.1|A/cattle/Texas/24-008749-003/2024(H5N1)	1020	1090
PB2|PP755596.1|A/cattle/Texas/24-008749-003/2024(H5N1)	1021	1081
PB2|PP755596.1|A/cattle/Texas/24-008749-003/2024(H5N1)	1022	1076
PB2|PP755596.1|A/cattle/Texas/24-008749-003/2024(H5N1)	1023	1040
PB2|PP755596.1|A/cattle/Texas/24-008749-003/2024(H5N1)	1024	1047
PB2|PP755596.1|A/cattle/Texas/24-008749-003/2024(H5N1)	1025	1058
PB2|PP755596.1|A/cattle/Texas/24-008749-003/2024(H5N1)	1026	1058
PB2|PP755596.1|A/cattle/Texas/24-008749-003/2024(H5N1)	1027	1057
PB2|PP755596.1|A/cattle/Texas/24-008749-003/2024(H5N1)	1028	1060
PB2|PP755596.1|A/cattle/Texas/24-008749-003/2024(H5N1)	1029	1039
PB2|PP755596.1|A/cattle/Texas/24-008749-003/2024(H5N1)	1030	1046
PB2|PP755596.1|A/cattle/Texas/24-008749-003/2024(H5N1)	1031	1043
PB2|PP755596.1|A/cattle/Texas/24-008749-003/2024(H5N1)	1032	1062
PB2|PP755596.1|A/cattle/Texas/24-008749-003/2024(H5N1)	1033	1046
PB2|PP755596.1|A/cattle/Texas/24-008749-003/2024(H5N1)	1034	1069
PB2|PP755596.1|A/cattle/Texas/24-008749-003/2024(H5N1)	1035	1069
PB2|PP755596.1|A/cattle/Texas/24-008749-003/2024(H5N1)	1036	1068
PB2|PP755596.1|A/cattle/Texas/24-008749-003/2024(H5N1)	1037	1072
PB2|PP755596.1|A/cattle/Texas/24-008749-003/2024(H5N1)	1038	1072
PB2|PP755596.1|A/cattle/Texas/24-008749-003/2024(H5N1)	1039	1072
PB2|PP755596.1|A/cattle/Texas/24-008749-003/2024(H5N1)	1040	1071
PB2|PP755596.1|A/cattle/Texas/24-008749-003/2024(H5N1)	1041	1035
PB2|PP755596.1|A/cattle/Texas/24-008749-003/2024(H5N1)	1042	1032
PB2|PP755596.1|A/cattle/Texas/24-008749-003/2024(H5N1)	1043	1039
PB2|PP755596.1|A/cattle/Texas/24-008749-003/2024(H5N1)	1044	1089
PB2|PP755596.1|A/cattle/Texas/24-008749-003/2024(H5N1)	1045	1088
PB2|PP755596.1|A/cattle/Texas/24-008749-003/2024(H5N1)	1046	1088
PB2|PP755596.1|A/cattle/Texas/24-008749-003/2024(H5N1)	1047	1087
PB2|PP755596.1|A/cattle/Texas/24-008749-003/2024(H5N1)	1048	1096
PB2|PP755596.1|A/cattle/Texas/24-008749-003/2024(H5N1)	1049	1095
PB2|PP755596.1|A/cattle/Texas/24-008749-003/2024(H5N1)	1050	1095
PB2|PP755596.1|A/cattle/Texas/24-008749-003/2024(H5N1)	1051	1095
PB2|PP755596.1|A/cattle/Texas/24-008749-003/2024(H5N1)	1052	1090
PB2|PP755596.1|A/cattle/Texas/24-008749-003/2024(H5N1)	1053	1021
PB2|PP755596.1|A/cattle/Texas/24-008749-003/2024(H5N1)	1054	1020
PB2|PP755596.1|A/cattle/Texas/24-008749-003/2024(H5N1)	1055	1018
PB2|PP755596.1|A/cattle/Texas/24-008749-003/2024(H5N1)	1056	1018
PB2|PP755596.1|A/cattle/Texas/24-008749-003/2024(H5N1)	1057	1018
PB2|PP755596.1|A/cattle/Texas/24-008749-003/2024(H5N1)	1058	1024
PB2|PP755596.1|A/cattle/Texas/24-008749-003/2024(H5N1)	1059	1023
PB2|PP755596.1|A/cattle/Texas/24-008749-003/2024(H5N1)	1060	1025
PB2|PP755596.1|A/cattle/Texas/24-008749-003/2024(H5N1)	1061	1017
PB2|PP755596.1|A/cattle/Texas/24-008749-003/2024(H5N1)	1062	1022
PB2|PP755596.1|A/cattle/Texas/24-008749-003/2024(H5N1)	1063	1012
PB2|PP755596.1|A/cattle/Texas/24-008749-003/2024(H5N1)	1064	1009
PB2|PP755596.1|A/cattle/Texas/24-008749-003/2024(H5N1)	1065	1006
PB2|PP755596.1|A/cattle/Texas/24-008749-003/2024(H5N1)	1066	1030
PB2|PP755596.1|A/cattle/Texas/24-008749-003/2024(H5N1)	1067	1030
PB2|PP755596.1|A/cattle/Texas/24-008749-003/2024(H5N1)	1068	1032
PB2|PP755596.1|A/cattle/Texas/24-008749-003/2024(H5N1)	1069	1025
PB2|PP755596.1|A/cattle/Texas/24-008749-003/2024(H5N1)	1070	1019
PB2|PP755596.1|A/cattle/Texas/24-008749-003/2024(H5N1)	1071	1013
PB2|PP755596.1|A/cattle/Texas/24-008749-003/2024(H5N1)	1072	1012
PB2|PP755596.1|A/cattle/Texas/24-008749-003/2024(H5N1)	1073	1026
PB2|PP755596.1|A/cattle/Texas/24-008749-003/2024(H5N1)	1074	1037
PB2|PP755596.1|A/cattle/Texas/24-008749-003/2024(H5N1)	1075	1074
PB2|PP755596.1|A/cattle/Texas/24-008749-003/2024(H5N1)	1076	1129
PB2|PP755596.1|A/cattle/Texas/24-008749-003/2024(H5N1)	1077	1135
PB2|PP755596.1|A/cattle/Texas/24-008749-003/2024(H5N1)	1078	1123
PB2|PP755596.1|A/cattle/Texas/24-008749-003/2024(H5N1)	1079	1136
PB2|PP755596.1|A/cattle/Texas/24-008749-003/2024(H5N1)	1080	1133
PB2|PP755596.1|A/cattle/Texas/24-008749-003/2024(H5N1)	1081	1116
PB2|PP755596.1|A/cattle/Texas/24-008749-003/2024(H5N1)	1082	1124
PB2|PP755596.1|A/cattle/Texas/24-008749-003/2024(H5N1)	1083	1104
PB2|PP755596.1|A/cattle/Texas/24-008749-003/2024(H5N1)	1084	1108
PB2|PP755596.1|A/cattle/Texas/24-008749-003/2024(H5N1)	1085	1015
PB2|PP755596.1|A/cattle/Texas/24-008749-003/2024(H5N1)	1086	1018
PB2|PP755596.1|A/cattle/Texas/24-008749-003/2024(H5N1)	1087	1037
PB2|PP755596.1|A/cattle/Texas/24-008749-003/2024(H5N1)	1088	1085
PB2|PP755596.1|A/cattle/Texas/24-008749-003/2024(H5N1)	1089	1092
PB2|PP755596.1|A/cattle/Texas/24-008749-003/2024(H5N1)	1090	1085
PB2|PP755596.1|A/cattle/Texas/24-008749-003/2024(H5N1)	1091	1070
PB2|PP755596.1|A/cattle/Texas/24-008749-003/2024(H5N1)	1092	1068
PB2|PP755596.1|A/cattle/Texas/24-008749-003/2024(H5N1)	1093	1072
PB2|PP755596.1|A/cattle/Texas/24-008749-003/2024(H5N1)	1094	1070
PB2|PP755596.1|A/cattle/Texas/24-008749-003/2024(H5N1)	1095	1074
PB2|PP755596.1|A/cattle/Texas/24-008749-003/2024(H5N1)	1096	1082
PB2|PP755596.1|A/cattle/Texas/24-008749-003/2024(H5N1)	1097	1061
PB2|PP755596.1|A/cattle/Texas/24-008749-003/2024(H5N1)	1098	1070
PB2|PP755596.1|A/cattle/Texas/24-008749-003/2024(H5N1)	1099	1069
PB2|PP755596.1|A/cattle/Texas/24-008749-003/2024(H5N1)	1100	1076
PB2|PP755596.1|A/cattle/Texas/24-008749-003/2024(H5N1)	1101	1078
PB2|PP755596.1|A/cattle/Texas/24-008749-003/2024(H5N1)	1102	1076
PB2|PP755596.1|A/cattle/Texas/24-008749-003/2024(H5N1)	1103	1078
PB2|PP755596.1|A/cattle/Texas/24-008749-003/2024(H5N1)	1104	1049
PB2|PP755596.1|A/cattle/Texas/24-008749-003/2024(H5N1)	1105	1021
PB2|PP755596.1|A/cattle/Texas/24-008749-003/2024(H5N1)	1106	1027
PB2|PP755596.1|A/cattle/Texas/24-008749-003/2024(H5N1)	1107	1026
PB2|PP755596.1|A/cattle/Texas/24-008749-003/2024(H5N1)	1108	1033
PB2|PP755596.1|A/cattle/Texas/24-008749-003/2024(H5N1)	1109	1062
PB2|PP755596.1|A/cattle/Texas/24-008749-003/2024(H5N1)	1110	1062
PB2|PP755596.1|A/cattle/Texas/24-008749-003/2024(H5N1)	1111	1061
PB2|PP755596.1|A/cattle/Texas/24-008749-003/2024(H5N1)	1112	1072
PB2|PP755596.1|A/cattle/Texas/24-008749-003/2024(H5N1)	1113	1073
PB2|PP755596.1|A/cattle/Texas/24-008749-003/2024(H5N1)	1114	1080
PB2|PP755596.1|A/cattle/Texas/24-008749-003/2024(H5N1)	1115	1057
PB2|PP755596.1|A/cattle/Texas/24-008749-003/2024(H5N1)	1116	1053
PB2|PP755596.1|A/cattle/Texas/24-008749-003/2024(H5N1)	1117	1060
PB2|PP755596.1|A/cattle/Texas/24-008749-003/2024(H5N1)	1118	1063
PB2|PP755596.1|A/cattle/Texas/24-008749-003/2024(H5N1)	1119	1066
PB2|PP755596.1|A/cattle/Texas/24-008749-003/2024(H5N1)	1120	1042
PB2|PP755596.1|A/cattle/Texas/24-008749-003/2024(H5N1)	1121	1034
PB2|PP755596.1|A/cattle/Texas/24-008749-003/2024(H5N1)	1122	1045
PB2|PP755596.1|A/cattle/Texas/24-008749-003/2024(H5N1)	1123	1039
PB2|PP755596.1|A/cattle/Texas/24-008749-003/2024(H5N1)	1124	1041
PB2|PP755596.1|A/cattle/Texas/24-008749-003/2024(H5N1)	1125	1041
PB2|PP755596.1|A/cattle/Texas/24-008749-003/2024(H5N1)	1126	1041
PB2|PP755596.1|A/cattle/Texas/24-008749-003/2024(H5N1)	1127	1039
PB2|PP755596.1|A/cattle/Texas/24-008749-003/2024(H5N1)	1128	1036
PB2|PP755596.1|A/cattle/Texas/24-008749-003/2024(H5N1)	1129	1037
PB2|PP755596.1|A/cattle/Texas/24-008749-003/2024(H5N1)	1130	1034
PB2|PP755596.1|A/cattle/Texas/24-008749-003/2024(H5N1)	1131	1024
PB2|PP755596.1|A/cattle/Texas/24-008749-003/2024(H5N1)	1132	1047
PB2|PP755596.1|A/cattle/Texas/24-008749-003/2024(H5N1)	1133	1083
PB2|PP755596.1|A/cattle/Texas/24-008749-003/2024(H5N1)	1134	1082
PB2|PP755596.1|A/cattle/Texas/24-008749-003/2024(H5N1)	1135	1080
PB2|PP755596.1|A/cattle/Texas/24-008749-003/2024(H5N1)	1136	1081
PB2|PP755596.1|A/cattle/Texas/24-008749-003/2024(H5N1)	1137	1074
PB2|PP755596.1|A/cattle/Texas/24-008749-003/2024(H5N1)	1138	1074
PB2|PP755596.1|A/cattle/Texas/24-008749-003/2024(H5N1)	1139	1081
PB2|PP755596.1|A/cattle/Texas/24-008749-003/2024(H5N1)	1140	1098
PB2|PP755596.1|A/cattle/Texas/24-008749-003/2024(H5N1)	1141	1097
PB2|PP755596.1|A/cattle/Texas/24-008749-003/2024(H5N1)	1142	1050
PB2|PP755596.1|A/cattle/Texas/24-008749-003/2024(H5N1)	1143	1054
PB2|PP755596.1|A/cattle/Texas/24-008749-003/2024(H5N1)	1144	1081
PB2|PP755596.1|A/cattle/Texas/24-008749-003/2024(H5N1)	1145	1080
PB2|PP755596.1|A/cattle/Texas/24-008749-003/2024(H5N1)	1146	1073
PB2|PP755596.1|A/cattle/Texas/24-008749-003/2024(H5N1)	1147	1072
PB2|PP755596.1|A/cattle/Texas/24-008749-003/2024(H5N1)	1148	1109
PB2|PP755596.1|A/cattle/Texas/24-008749-003/2024(H5N1)	1149	1115
PB2|PP755596.1|A/cattle/Texas/24-008749-003/2024(H5N1)	1150	1120
PB2|PP755596.1|A/cattle/Texas/24-008749-003/2024(H5N1)	1151	1126
PB2|PP755596.1|A/cattle/Texas/24-008749-003/2024(H5N1)	1152	1136
PB2|PP755596.1|A/cattle/Texas/24-008749-003/2024(H5N1)	1153	1136
PB2|PP755596.1|A/cattle/Texas/24-008749-003/2024(H5N1)	1154	1142
PB2|PP755596.1|A/cattle/Texas/24-008749-003/2024(H5N1)	1155	1143
PB2|PP755596.1|A/cattle/Texas/24-008749-003/2024(H5N1)	1156	1142
PB2|PP755596.1|A/cattle/Texas/24-008749-003/2024(H5N1)	1157	1135
PB2|PP755596.1|A/cattle/Texas/24-008749-003/2024(H5N1)	1158	1131
PB2|PP755596.1|A/cattle/Texas/24-008749-003/2024(H5N1)	1159	1131
PB2|PP755596.1|A/cattle/Texas/24-008749-003/2024(H5N1)	1160	1148
PB2|PP755596.1|A/cattle/Texas/24-008749-003/2024(H5N1)	1161	1169
PB2|PP755596.1|A/cattle/Texas/24-008749-003/2024(H5N1)	1162	1168
PB2|PP755596.1|A/cattle/Texas/24-008749-003/2024(H5N1)	1163	1156
PB2|PP755596.1|A/cattle/Texas/24-008749-003/2024(H5N1)	1164	1154
PB2|PP755596.1|A/cattle/Texas/24-008749-003/2024(H5N1)	1165	1154
PB2|PP755596.1|A/cattle/Texas/24-008749-003/2024(H5N1)	1166	1169
PB2|PP755596.1|A/cattle/Texas/24-008749-003/2024(H5N1)	1167	1168
PB2|PP755596.1|A/cattle/Texas/24-008749-003/2024(H5N1)	1168	1175
PB2|PP755596.1|A/cattle/Texas/24-008749-003/2024(H5N1)	1169	1186
PB2|PP755596.1|A/cattle/Texas/24-008749-003/2024(H5N1)	1170	1178
PB2|PP755596.1|A/cattle/Texas/24-008749-003/2024(H5N1)	1171	1179
PB2|PP755596.1|A/cattle/Texas/24-008749-003/2024(H5N1)	1172	1180
PB2|PP755596.1|A/cattle/Texas/24-008749-003/2024(H5N1)	1173	1184
PB2|PP755596.1|A/cattle/Texas/24-008749-003/2024(H5N1)	1174	1176
PB2|PP755596.1|A/cattle/Texas/24-008749-003/2024(H5N1)	1175	1165
PB2|PP755596.1|A/cattle/Texas/24-008749-003/2024(H5N1)	1176	1202
PB2|PP755596.1|A/cattle/Texas/24-008749-003/2024(H5N1)	1177	1192
PB2|PP755596.1|A/cattle/Texas/24-008749-003/2024(H5N1)	1178	1196
PB2|PP755596.1|A/cattle/Texas/24-008749-003/2024(H5N1)	1179	1195
PB2|PP755596.1|A/cattle/Texas/24-008749-003/2024(H5N1)	1180	1197
PB2|PP755596.1|A/cattle/Texas/24-008749-003/2024(H5N1)	1181	1190
PB2|PP755596.1|A/cattle/Texas/24-008749-003/2024(H5N1)	1182	1187
PB2|PP755596.1|A/cattle/Texas/24-008749-003/2024(H5N1)	1183	1175
PB2|PP755596.1|A/cattle/Texas/24-008749-003/2024(H5N1)	1184	1180
PB2|PP755596.1|A/cattle/Texas/24-008749-003/2024(H5N1)	1185	1145
PB2|PP755596.1|A/cattle/Texas/24-008749-003/2024(H5N1)	1186	1145
PB2|PP755596.1|A/cattle/Texas/24-008749-003/2024(H5N1)	1187	1141
PB2|PP755596.1|A/cattle/Texas/24-008749-003/2024(H5N1)	1188	1148
PB2|PP755596.1|A/cattle/Texas/24-008749-003/2024(H5N1)	1189	1149
PB2|PP755596.1|A/cattle/Texas/24-008749-003/2024(H5N1)	1190	1168
PB2|PP755596.1|A/cattle/Texas/24-008749-003/2024(H5N1)	1191	1166
PB2|PP755596.1|A/cattle/Texas/24-008749-003/2024(H5N1)	1192	1167
PB2|PP755596.1|A/cattle/Texas/24-008749-003/2024(H5N1)	1193	1167
PB2|PP755596.1|A/cattle/Texas/24-008749-003/2024(H5N1)	1194	1162
PB2|PP755596.1|A/cattle/Texas/24-008749-003/2024(H5N1)	1195	1120
PB2|PP755596.1|A/cattle/Texas/24-008749-003/2024(H5N1)	1196	1120
PB2|PP755596.1|A/cattle/Texas/24-008749-003/2024(H5N1)	1197	1110
PB2|PP755596.1|A/cattle/Texas/24-008749-003/2024(H5N1)	1198	1110
PB2|PP755596.1|A/cattle/Texas/24-008749-003/2024(H5N1)	1199	1100
PB2|PP755596.1|A/cattle/Texas/24-008749-003/2024(H5N1)	1200	1105
PB2|PP755596.1|A/cattle/Texas/24-008749-003/2024(H5N1)	1201	1108
PB2|PP755596.1|A/cattle/Texas/24-008749-003/2024(H5N1)	1202	1110
PB2|PP755596.1|A/cattle/Texas/24-008749-003/2024(H5N1)	1203	1108
PB2|PP755596.1|A/cattle/Texas/24-008749-003/2024(H5N1)	1204	1117
PB2|PP755596.1|A/cattle/Texas/24-008749-003/2024(H5N1)	1205	1119
PB2|PP755596.1|A/cattle/Texas/24-008749-003/2024(H5N1)	1206	1125
PB2|PP755596.1|A/cattle/Texas/24-008749-003/2024(H5N1)	1207	1132
PB2|PP755596.1|A/cattle/Texas/24-008749-003/2024(H5N1)	1208	1137
PB2|PP755596.1|A/cattle/Texas/24-008749-003/2024(H5N1)	1209	1157
PB2|PP755596.1|A/cattle/Texas/24-008749-003/2024(H5N1)	1210	1152
PB2|PP755596.1|A/cattle/Texas/24-008749-003/2024(H5N1)	1211	1176
PB2|PP755596.1|A/cattle/Texas/24-008749-003/2024(H5N1)	1212	1178
PB2|PP755596.1|A/cattle/Texas/24-008749-003/2024(H5N1)	1213	1174
PB2|PP755596.1|A/cattle/Texas/24-008749-003/2024(H5N1)	1214	1197
PB2|PP755596.1|A/cattle/Texas/24-008749-003/2024(H5N1)	1215	1206
PB2|PP755596.1|A/cattle/Texas/24-008749-003/2024(H5N1)	1216	1239
PB2|PP755596.1|A/cattle/Texas/24-008749-003/2024(H5N1)	1217	1238
PB2|PP755596.1|A/cattle/Texas/24-008749-003/2024(H5N1)	1218	1234
PB2|PP755596.1|A/cattle/Texas/24-008749-003/2024(H5N1)	1219	1232
PB2|PP755596.1|A/cattle/Texas/24-008749-003/2024(H5N1)	1220	1214
PB2|PP755596.1|A/cattle/Texas/24-008749-003/2024(H5N1)	1221	1225
PB2|PP755596.1|A/cattle/Texas/24-008749-003/2024(H5N1)	1222	1229
PB2|PP755596.1|A/cattle/Texas/24-008749-003/2024(H5N1)	1223	1206
PB2|PP755596.1|A/cattle/Texas/24-008749-003/2024(H5N1)	1224	1120
PB2|PP755596.1|A/cattle/Texas/24-008749-003/2024(H5N1)	1225	1072
PB2|PP755596.1|A/cattle/Texas/24-008749-003/2024(H5N1)	1226	1077
PB2|PP755596.1|A/cattle/Texas/24-008749-003/2024(H5N1)	1227	1077
PB2|PP755596.1|A/cattle/Texas/24-008749-003/2024(H5N1)	1228	1075
PB2|PP755596.1|A/cattle/Texas/24-008749-003/2024(H5N1)	1229	1088
PB2|PP755596.1|A/cattle/Texas/24-008749-003/2024(H5N1)	1230	1110
PB2|PP755596.1|A/cattle/Texas/24-008749-003/2024(H5N1)	1231	1110
PB2|PP755596.1|A/cattle/Texas/24-008749-003/2024(H5N1)	1232	1104
PB2|PP755596.1|A/cattle/Texas/24-008749-003/2024(H5N1)	1233	1090
PB2|PP755596.1|A/cattle/Texas/24-008749-003/2024(H5N1)	1234	1091
PB2|PP755596.1|A/cattle/Texas/24-008749-003/2024(H5N1)	1235	1088
PB2|PP755596.1|A/cattle/Texas/24-008749-003/2024(H5N1)	1236	1088
PB2|PP755596.1|A/cattle/Texas/24-008749-003/2024(H5N1)	1237	1079
PB2|PP755596.1|A/cattle/Texas/24-008749-003/2024(H5N1)	1238	1071
PB2|PP755596.1|A/cattle/Texas/24-008749-003/2024(H5N1)	1239	1023
PB2|PP755596.1|A/cattle/Texas/24-008749-003/2024(H5N1)	1240	1044
PB2|PP755596.1|A/cattle/Texas/24-008749-003/2024(H5N1)	1241	1065
PB2|PP755596.1|A/cattle/Texas/24-008749-003/2024(H5N1)	1242	1061
PB2|PP755596.1|A/cattle/Texas/24-008749-003/2024(H5N1)	1243	1076
PB2|PP755596.1|A/cattle/Texas/24-008749-003/2024(H5N1)	1244	1079
PB2|PP755596.1|A/cattle/Texas/24-008749-003/2024(H5N1)	1245	1096
PB2|PP755596.1|A/cattle/Texas/24-008749-003/2024(H5N1)	1246	1089
PB2|PP755596.1|A/cattle/Texas/24-008749-003/2024(H5N1)	1247	1080
PB2|PP755596.1|A/cattle/Texas/24-008749-003/2024(H5N1)	1248	1080
PB2|PP755596.1|A/cattle/Texas/24-008749-003/2024(H5N1)	1249	1129
PB2|PP755596.1|A/cattle/Texas/24-008749-003/2024(H5N1)	1250	1147
PB2|PP755596.1|A/cattle/Texas/24-008749-003/2024(H5N1)	1251	1144
PB2|PP755596.1|A/cattle/Texas/24-008749-003/2024(H5N1)	1252	1140
PB2|PP755596.1|A/cattle/Texas/24-008749-003/2024(H5N1)	1253	1137
PB2|PP755596.1|A/cattle/Texas/24-008749-003/2024(H5N1)	1254	1143
PB2|PP755596.1|A/cattle/Texas/24-008749-003/2024(H5N1)	1255	1153
PB2|PP755596.1|A/cattle/Texas/24-008749-003/2024(H5N1)	1256	1154
PB2|PP755596.1|A/cattle/Texas/24-008749-003/2024(H5N1)	1257	1148
PB2|PP755596.1|A/cattle/Texas/24-008749-003/2024(H5N1)	1258	1101
PB2|PP755596.1|A/cattle/Texas/24-008749-003/2024(H5N1)	1259	1107
PB2|PP755596.1|A/cattle/Texas/24-008749-003/2024(H5N1)	1260	1116
PB2|PP755596.1|A/cattle/Texas/24-008749-003/2024(H5N1)	1261	1118
PB2|PP755596.1|A/cattle/Texas/24-008749-003/2024(H5N1)	1262	1131
PB2|PP755596.1|A/cattle/Texas/24-008749-003/2024(H5N1)	1263	1127
PB2|PP755596.1|A/cattle/Texas/24-008749-003/2024(H5N1)	1264	1130
PB2|PP755596.1|A/cattle/Texas/24-008749-003/2024(H5N1)	1265	1124
PB2|PP755596.1|A/cattle/Texas/24-008749-003/2024(H5N1)	1266	1128
PB2|PP755596.1|A/cattle/Texas/24-008749-003/2024(H5N1)	1267	1123
PB2|PP755596.1|A/cattle/Texas/24-008749-003/2024(H5N1)	1268	1137
PB2|PP755596.1|A/cattle/Texas/24-008749-003/2024(H5N1)	1269	1168
PB2|PP755596.1|A/cattle/Texas/24-008749-003/2024(H5N1)	1270	1179
PB2|PP755596.1|A/cattle/Texas/24-008749-003/2024(H5N1)	1271	1180
PB2|PP755596.1|A/cattle/Texas/24-008749-003/2024(H5N1)	1272	1177
PB2|PP755596.1|A/cattle/Texas/24-008749-003/2024(H5N1)	1273	1176
PB2|PP755596.1|A/cattle/Texas/24-008749-003/2024(H5N1)	1274	1181
PB2|PP755596.1|A/cattle/Texas/24-008749-003/2024(H5N1)	1275	1184
PB2|PP755596.1|A/cattle/Texas/24-008749-003/2024(H5N1)	1276	1186
PB2|PP755596.1|A/cattle/Texas/24-008749-003/2024(H5N1)	1277	1177
PB2|PP755596.1|A/cattle/Texas/24-008749-003/2024(H5N1)	1278	1176
PB2|PP755596.1|A/cattle/Texas/24-008749-003/2024(H5N1)	1279	1187
PB2|PP755596.1|A/cattle/Texas/24-008749-003/2024(H5N1)	1280	1187
PB2|PP755596.1|A/cattle/Texas/24-008749-003/2024(H5N1)	1281	1209
PB2|PP755596.1|A/cattle/Texas/24-008749-003/2024(H5N1)	1282	1176
PB2|PP755596.1|A/cattle/Texas/24-008749-003/2024(H5N1)	1283	1153
PB2|PP755596.1|A/cattle/Texas/24-008749-003/2024(H5N1)	1284	1157
PB2|PP755596.1|A/cattle/Texas/24-008749-003/2024(H5N1)	1285	1164
PB2|PP755596.1|A/cattle/Texas/24-008749-003/2024(H5N1)	1286	1193
PB2|PP755596.1|A/cattle/Texas/24-008749-003/2024(H5N1)	1287	1192
PB2|PP755596.1|A/cattle/Texas/24-008749-003/2024(H5N1)	1288	1263
PB2|PP755596.1|A/cattle/Texas/24-008749-003/2024(H5N1)	1289	1261
PB2|PP755596.1|A/cattle/Texas/24-008749-003/2024(H5N1)	1290	1242
PB2|PP755596.1|A/cattle/Texas/24-008749-003/2024(H5N1)	1291	1249
PB2|PP755596.1|A/cattle/Texas/24-008749-003/2024(H5N1)	1292	1249
PB2|PP755596.1|A/cattle/Texas/24-008749-003/2024(H5N1)	1293	1251
PB2|PP755596.1|A/cattle/Texas/24-008749-003/2024(H5N1)	1294	1264
PB2|PP755596.1|A/cattle/Texas/24-008749-003/2024(H5N1)	1295	1236
PB2|PP755596.1|A/cattle/Texas/24-008749-003/2024(H5N1)	1296	1239
PB2|PP755596.1|A/cattle/Texas/24-008749-003/2024(H5N1)	1297	1236
PB2|PP755596.1|A/cattle/Texas/24-008749-003/2024(H5N1)	1298	1228
PB2|PP755596.1|A/cattle/Texas/24-008749-003/2024(H5N1)	1299	1223
PB2|PP755596.1|A/cattle/Texas/24-008749-003/2024(H5N1)	1300	1221
PB2|PP755596.1|A/cattle/Texas/24-008749-003/2024(H5N1)	1301	1229
PB2|PP755596.1|A/cattle/Texas/24-008749-003/2024(H5N1)	1302	1243
PB2|PP755596.1|A/cattle/Texas/24-008749-003/2024(H5N1)	1303	1232
PB2|PP755596.1|A/cattle/Texas/24-008749-003/2024(H5N1)	1304	1254
PB2|PP755596.1|A/cattle/Texas/24-008749-003/2024(H5N1)	1305	1248
PB2|PP755596.1|A/cattle/Texas/24-008749-003/2024(H5N1)	1306	1247
PB2|PP755596.1|A/cattle/Texas/24-008749-003/2024(H5N1)	1307	1246
PB2|PP755596.1|A/cattle/Texas/24-008749-003/2024(H5N1)	1308	1219
PB2|PP755596.1|A/cattle/Texas/24-008749-003/2024(H5N1)	1309	1226
PB2|PP755596.1|A/cattle/Texas/24-008749-003/2024(H5N1)	1310	1217
PB2|PP755596.1|A/cattle/Texas/24-008749-003/2024(H5N1)	1311	1210
PB2|PP755596.1|A/cattle/Texas/24-008749-003/2024(H5N1)	1312	1206
PB2|PP755596.1|A/cattle/Texas/24-008749-003/2024(H5N1)	1313	1208
PB2|PP755596.1|A/cattle/Texas/24-008749-003/2024(H5N1)	1314	1229
PB2|PP755596.1|A/cattle/Texas/24-008749-003/2024(H5N1)	1315	1229
PB2|PP755596.1|A/cattle/Texas/24-008749-003/2024(H5N1)	1316	1240
PB2|PP755596.1|A/cattle/Texas/24-008749-003/2024(H5N1)	1317	1229
PB2|PP755596.1|A/cattle/Texas/24-008749-003/2024(H5N1)	1318	1229
PB2|PP755596.1|A/cattle/Texas/24-008749-003/2024(H5N1)	1319	1221
PB2|PP755596.1|A/cattle/Texas/24-008749-003/2024(H5N1)	1320	1194
PB2|PP755596.1|A/cattle/Texas/24-008749-003/2024(H5N1)	1321	1180
PB2|PP755596.1|A/cattle/Texas/24-008749-003/2024(H5N1)	1322	1312
PB2|PP755596.1|A/cattle/Texas/24-008749-003/2024(H5N1)	1323	1312
PB2|PP755596.1|A/cattle/Texas/24-008749-003/2024(H5N1)	1324	1312
PB2|PP755596.1|A/cattle/Texas/24-008749-003/2024(H5N1)	1325	1322
PB2|PP755596.1|A/cattle/Texas/24-008749-003/2024(H5N1)	1326	1324
PB2|PP755596.1|A/cattle/Texas/24-008749-003/2024(H5N1)	1327	1291
PB2|PP755596.1|A/cattle/Texas/24-008749-003/2024(H5N1)	1328	1291
PB2|PP755596.1|A/cattle/Texas/24-008749-003/2024(H5N1)	1329	1287
PB2|PP755596.1|A/cattle/Texas/24-008749-003/2024(H5N1)	1330	1288
PB2|PP755596.1|A/cattle/Texas/24-008749-003/2024(H5N1)	1331	1287
PB2|PP755596.1|A/cattle/Texas/24-008749-003/2024(H5N1)	1332	1285
PB2|PP755596.1|A/cattle/Texas/24-008749-003/2024(H5N1)	1333	1295
PB2|PP755596.1|A/cattle/Texas/24-008749-003/2024(H5N1)	1334	1290
PB2|PP755596.1|A/cattle/Texas/24-008749-003/2024(H5N1)	1335	1290
PB2|PP755596.1|A/cattle/Texas/24-008749-003/2024(H5N1)	1336	1330
PB2|PP755596.1|A/cattle/Texas/24-008749-003/2024(H5N1)	1337	1333
PB2|PP755596.1|A/cattle/Texas/24-008749-003/2024(H5N1)	1338	1324
PB2|PP755596.1|A/cattle/Texas/24-008749-003/2024(H5N1)	1339	1322
PB2|PP755596.1|A/cattle/Texas/24-008749-003/2024(H5N1)	1340	1321
PB2|PP755596.1|A/cattle/Texas/24-008749-003/2024(H5N1)	1341	1344
PB2|PP755596.1|A/cattle/Texas/24-008749-003/2024(H5N1)	1342	1345
PB2|PP755596.1|A/cattle/Texas/24-008749-003/2024(H5N1)	1343	1355
PB2|PP755596.1|A/cattle/Texas/24-008749-003/2024(H5N1)	1344	1357
PB2|PP755596.1|A/cattle/Texas/24-008749-003/2024(H5N1)	1345	1355
PB2|PP755596.1|A/cattle/Texas/24-008749-003/2024(H5N1)	1346	1353
PB2|PP755596.1|A/cattle/Texas/24-008749-003/2024(H5N1)	1347	1352
PB2|PP755596.1|A/cattle/Texas/24-008749-003/2024(H5N1)	1348	1352
PB2|PP755596.1|A/cattle/Texas/24-008749-003/2024(H5N1)	1349	1369
PB2|PP755596.1|A/cattle/Texas/24-008749-003/2024(H5N1)	1350	1362
PB2|PP755596.1|A/cattle/Texas/24-008749-003/2024(H5N1)	1351	1365
PB2|PP755596.1|A/cattle/Texas/24-008749-003/2024(H5N1)	1352	1360
PB2|PP755596.1|A/cattle/Texas/24-008749-003/2024(H5N1)	1353	1360
PB2|PP755596.1|A/cattle/Texas/24-008749-003/2024(H5N1)	1354	1360
PB2|PP755596.1|A/cattle/Texas/24-008749-003/2024(H5N1)	1355	1345
PB2|PP755596.1|A/cattle/Texas/24-008749-003/2024(H5N1)	1356	1347
PB2|PP755596.1|A/cattle/Texas/24-008749-003/2024(H5N1)	1357	1345
PB2|PP755596.1|A/cattle/Texas/24-008749-003/2024(H5N1)	1358	1350
PB2|PP755596.1|A/cattle/Texas/24-008749-003/2024(H5N1)	1359	1346
PB2|PP755596.1|A/cattle/Texas/24-008749-003/2024(H5N1)	1360	1331
PB2|PP755596.1|A/cattle/Texas/24-008749-003/2024(H5N1)	1361	1334
PB2|PP755596.1|A/cattle/Texas/24-008749-003/2024(H5N1)	1362	1312
PB2|PP755596.1|A/cattle/Texas/24-008749-003/2024(H5N1)	1363	1315
PB2|PP755596.1|A/cattle/Texas/24-008749-003/2024(H5N1)	1364	1314
PB2|PP755596.1|A/cattle/Texas/24-008749-003/2024(H5N1)	1365	1296
PB2|PP755596.1|A/cattle/Texas/24-008749-003/2024(H5N1)	1366	1278
PB2|PP755596.1|A/cattle/Texas/24-008749-003/2024(H5N1)	1367	1233
PB2|PP755596.1|A/cattle/Texas/24-008749-003/2024(H5N1)	1368	1231
PB2|PP755596.1|A/cattle/Texas/24-008749-003/2024(H5N1)	1369	1231
PB2|PP755596.1|A/cattle/Texas/24-008749-003/2024(H5N1)	1370	1225
PB2|PP755596.1|A/cattle/Texas/24-008749-003/2024(H5N1)	1371	1230
PB2|PP755596.1|A/cattle/Texas/24-008749-003/2024(H5N1)	1372	1217
PB2|PP755596.1|A/cattle/Texas/24-008749-003/2024(H5N1)	1373	1214
PB2|PP755596.1|A/cattle/Texas/24-008749-003/2024(H5N1)	1374	1212
PB2|PP755596.1|A/cattle/Texas/24-008749-003/2024(H5N1)	1375	1197
PB2|PP755596.1|A/cattle/Texas/24-008749-003/2024(H5N1)	1376	1198
PB2|PP755596.1|A/cattle/Texas/24-008749-003/2024(H5N1)	1377	1190
PB2|PP755596.1|A/cattle/Texas/24-008749-003/2024(H5N1)	1378	1186
PB2|PP755596.1|A/cattle/Texas/24-008749-003/2024(H5N1)	1379	1185
PB2|PP755596.1|A/cattle/Texas/24-008749-003/2024(H5N1)	1380	1190
PB2|PP755596.1|A/cattle/Texas/24-008749-003/2024(H5N1)	1381	1157
PB2|PP755596.1|A/cattle/Texas/24-008749-003/2024(H5N1)	1382	1164
PB2|PP755596.1|A/cattle/Texas/24-008749-003/2024(H5N1)	1383	1161
PB2|PP755596.1|A/cattle/Texas/24-008749-003/2024(H5N1)	1384	1160
PB2|PP755596.1|A/cattle/Texas/24-008749-003/2024(H5N1)	1385	1183
PB2|PP755596.1|A/cattle/Texas/24-008749-003/2024(H5N1)	1386	1173
PB2|PP755596.1|A/cattle/Texas/24-008749-003/2024(H5N1)	1387	1201
PB2|PP755596.1|A/cattle/Texas/24-008749-003/2024(H5N1)	1388	1201
PB2|PP755596.1|A/cattle/Texas/24-008749-003/2024(H5N1)	1389	1240
PB2|PP755596.1|A/cattle/Texas/24-008749-003/2024(H5N1)	1390	1236
PB2|PP755596.1|A/cattle/Texas/24-008749-003/2024(H5N1)	1391	1214
PB2|PP755596.1|A/cattle/Texas/24-008749-003/2024(H5N1)	1392	1227
PB2|PP755596.1|A/cattle/Texas/24-008749-003/2024(H5N1)	1393	1229
PB2|PP755596.1|A/cattle/Texas/24-008749-003/2024(H5N1)	1394	1214
PB2|PP755596.1|A/cattle/Texas/24-008749-003/2024(H5N1)	1395	1192
PB2|PP755596.1|A/cattle/Texas/24-008749-003/2024(H5N1)	1396	1192
PB2|PP755596.1|A/cattle/Texas/24-008749-003/2024(H5N1)	1397	1204
PB2|PP755596.1|A/cattle/Texas/24-008749-003/2024(H5N1)	1398	1205
PB2|PP755596.1|A/cattle/Texas/24-008749-003/2024(H5N1)	1399	1208
PB2|PP755596.1|A/cattle/Texas/24-008749-003/2024(H5N1)	1400	1141
PB2|PP755596.1|A/cattle/Texas/24-008749-003/2024(H5N1)	1401	1129
PB2|PP755596.1|A/cattle/Texas/24-008749-003/2024(H5N1)	1402	1148
PB2|PP755596.1|A/cattle/Texas/24-008749-003/2024(H5N1)	1403	1151
PB2|PP755596.1|A/cattle/Texas/24-008749-003/2024(H5N1)	1404	1163
PB2|PP755596.1|A/cattle/Texas/24-008749-003/2024(H5N1)	1405	1166
PB2|PP755596.1|A/cattle/Texas/24-008749-003/2024(H5N1)	1406	1160
PB2|PP755596.1|A/cattle/Texas/24-008749-003/2024(H5N1)	1407	1160
PB2|PP755596.1|A/cattle/Texas/24-008749-003/2024(H5N1)	1408	1159
PB2|PP755596.1|A/cattle/Texas/24-008749-003/2024(H5N1)	1409	1202
PB2|PP755596.1|A/cattle/Texas/24-008749-003/2024(H5N1)	1410	1204
PB2|PP755596.1|A/cattle/Texas/24-008749-003/2024(H5N1)	1411	1204
PB2|PP755596.1|A/cattle/Texas/24-008749-003/2024(H5N1)	1412	1198
PB2|PP755596.1|A/cattle/Texas/24-008749-003/2024(H5N1)	1413	1185
PB2|PP755596.1|A/cattle/Texas/24-008749-003/2024(H5N1)	1414	1188
PB2|PP755596.1|A/cattle/Texas/24-008749-003/2024(H5N1)	1415	1191
PB2|PP755596.1|A/cattle/Texas/24-008749-003/2024(H5N1)	1416	1193
PB2|PP755596.1|A/cattle/Texas/24-008749-003/2024(H5N1)	1417	1199
PB2|PP755596.1|A/cattle/Texas/24-008749-003/2024(H5N1)	1418	1166
PB2|PP755596.1|A/cattle/Texas/24-008749-003/2024(H5N1)	1419	1150
PB2|PP755596.1|A/cattle/Texas/24-008749-003/2024(H5N1)	1420	1149
PB2|PP755596.1|A/cattle/Texas/24-008749-003/2024(H5N1)	1421	1156
PB2|PP755596.1|A/cattle/Texas/24-008749-003/2024(H5N1)	1422	1155
PB2|PP755596.1|A/cattle/Texas/24-008749-003/2024(H5N1)	1423	1152
PB2|PP755596.1|A/cattle/Texas/24-008749-003/2024(H5N1)	1424	1145
PB2|PP755596.1|A/cattle/Texas/24-008749-003/2024(H5N1)	1425	1147
PB2|PP755596.1|A/cattle/Texas/24-008749-003/2024(H5N1)	1426	1142
PB2|PP755596.1|A/cattle/Texas/24-008749-003/2024(H5N1)	1427	1147
PB2|PP755596.1|A/cattle/Texas/24-008749-003/2024(H5N1)	1428	1166
PB2|PP755596.1|A/cattle/Texas/24-008749-003/2024(H5N1)	1429	1156
PB2|PP755596.1|A/cattle/Texas/24-008749-003/2024(H5N1)	1430	1219
PB2|PP755596.1|A/cattle/Texas/24-008749-003/2024(H5N1)	1431	1223
PB2|PP755596.1|A/cattle/Texas/24-008749-003/2024(H5N1)	1432	1206
PB2|PP755596.1|A/cattle/Texas/24-008749-003/2024(H5N1)	1433	1206
PB2|PP755596.1|A/cattle/Texas/24-008749-003/2024(H5N1)	1434	1204
PB2|PP755596.1|A/cattle/Texas/24-008749-003/2024(H5N1)	1435	1199
PB2|PP755596.1|A/cattle/Texas/24-008749-003/2024(H5N1)	1436	1192
PB2|PP755596.1|A/cattle/Texas/24-008749-003/2024(H5N1)	1437	1167
PB2|PP755596.1|A/cattle/Texas/24-008749-003/2024(H5N1)	1438	1169
PB2|PP755596.1|A/cattle/Texas/24-008749-003/2024(H5N1)	1439	1086
PB2|PP755596.1|A/cattle/Texas/24-008749-003/2024(H5N1)	1440	1086
PB2|PP755596.1|A/cattle/Texas/24-008749-003/2024(H5N1)	1441	1085
PB2|PP755596.1|A/cattle/Texas/24-008749-003/2024(H5N1)	1442	1085
PB2|PP755596.1|A/cattle/Texas/24-008749-003/2024(H5N1)	1443	1097
PB2|PP755596.1|A/cattle/Texas/24-008749-003/2024(H5N1)	1444	1095
PB2|PP755596.1|A/cattle/Texas/24-008749-003/2024(H5N1)	1445	1078
PB2|PP755596.1|A/cattle/Texas/24-008749-003/2024(H5N1)	1446	1090
PB2|PP755596.1|A/cattle/Texas/24-008749-003/2024(H5N1)	1447	1101
PB2|PP755596.1|A/cattle/Texas/24-008749-003/2024(H5N1)	1448	1101
PB2|PP755596.1|A/cattle/Texas/24-008749-003/2024(H5N1)	1449	1099
PB2|PP755596.1|A/cattle/Texas/24-008749-003/2024(H5N1)	1450	1068
PB2|PP755596.1|A/cattle/Texas/24-008749-003/2024(H5N1)	1451	1089
PB2|PP755596.1|A/cattle/Texas/24-008749-003/2024(H5N1)	1452	1083
PB2|PP755596.1|A/cattle/Texas/24-008749-003/2024(H5N1)	1453	1061
PB2|PP755596.1|A/cattle/Texas/24-008749-003/2024(H5N1)	1454	1063
PB2|PP755596.1|A/cattle/Texas/24-008749-003/2024(H5N1)	1455	1039
PB2|PP755596.1|A/cattle/Texas/24-008749-003/2024(H5N1)	1456	1064
PB2|PP755596.1|A/cattle/Texas/24-008749-003/2024(H5N1)	1457	1068
PB2|PP755596.1|A/cattle/Texas/24-008749-003/2024(H5N1)	1458	1071
PB2|PP755596.1|A/cattle/Texas/24-008749-003/2024(H5N1)	1459	1076
PB2|PP755596.1|A/cattle/Texas/24-008749-003/2024(H5N1)	1460	1063
PB2|PP755596.1|A/cattle/Texas/24-008749-003/2024(H5N1)	1461	1069
PB2|PP755596.1|A/cattle/Texas/24-008749-003/2024(H5N1)	1462	1047
PB2|PP755596.1|A/cattle/Texas/24-008749-003/2024(H5N1)	1463	1050
PB2|PP755596.1|A/cattle/Texas/24-008749-003/2024(H5N1)	1464	1167
PB2|PP755596.1|A/cattle/Texas/24-008749-003/2024(H5N1)	1465	1145
PB2|PP755596.1|A/cattle/Texas/24-008749-003/2024(H5N1)	1466	1158
PB2|PP755596.1|A/cattle/Texas/24-008749-003/2024(H5N1)	1467	1157
PB2|PP755596.1|A/cattle/Texas/24-008749-003/2024(H5N1)	1468	1148
PB2|PP755596.1|A/cattle/Texas/24-008749-003/2024(H5N1)	1469	1160
PB2|PP755596.1|A/cattle/Texas/24-008749-003/2024(H5N1)	1470	1156
PB2|PP755596.1|A/cattle/Texas/24-008749-003/2024(H5N1)	1471	1155
PB2|PP755596.1|A/cattle/Texas/24-008749-003/2024(H5N1)	1472	1149
PB2|PP755596.1|A/cattle/Texas/24-008749-003/2024(H5N1)	1473	1046
PB2|PP755596.1|A/cattle/Texas/24-008749-003/2024(H5N1)	1474	1062
PB2|PP755596.1|A/cattle/Texas/24-008749-003/2024(H5N1)	1475	1056
PB2|PP755596.1|A/cattle/Texas/24-008749-003/2024(H5N1)	1476	1057
PB2|PP755596.1|A/cattle/Texas/24-008749-003/2024(H5N1)	1477	1073
PB2|PP755596.1|A/cattle/Texas/24-008749-003/2024(H5N1)	1478	1127
PB2|PP755596.1|A/cattle/Texas/24-008749-003/2024(H5N1)	1479	1128
PB2|PP755596.1|A/cattle/Texas/24-008749-003/2024(H5N1)	1480	1134
PB2|PP755596.1|A/cattle/Texas/24-008749-003/2024(H5N1)	1481	1167
PB2|PP755596.1|A/cattle/Texas/24-008749-003/2024(H5N1)	1482	1164
PB2|PP755596.1|A/cattle/Texas/24-008749-003/2024(H5N1)	1483	1183
PB2|PP755596.1|A/cattle/Texas/24-008749-003/2024(H5N1)	1484	1180
PB2|PP755596.1|A/cattle/Texas/24-008749-003/2024(H5N1)	1485	1194
PB2|PP755596.1|A/cattle/Texas/24-008749-003/2024(H5N1)	1486	1195
PB2|PP755596.1|A/cattle/Texas/24-008749-003/2024(H5N1)	1487	1172
PB2|PP755596.1|A/cattle/Texas/24-008749-003/2024(H5N1)	1488	1169
PB2|PP755596.1|A/cattle/Texas/24-008749-003/2024(H5N1)	1489	1170
PB2|PP755596.1|A/cattle/Texas/24-008749-003/2024(H5N1)	1490	1177
PB2|PP755596.1|A/cattle/Texas/24-008749-003/2024(H5N1)	1491	1221
PB2|PP755596.1|A/cattle/Texas/24-008749-003/2024(H5N1)	1492	1178
PB2|PP755596.1|A/cattle/Texas/24-008749-003/2024(H5N1)	1493	1177
PB2|PP755596.1|A/cattle/Texas/24-008749-003/2024(H5N1)	1494	1162
PB2|PP755596.1|A/cattle/Texas/24-008749-003/2024(H5N1)	1495	1162
PB2|PP755596.1|A/cattle/Texas/24-008749-003/2024(H5N1)	1496	1236
PB2|PP755596.1|A/cattle/Texas/24-008749-003/2024(H5N1)	1497	1233
PB2|PP755596.1|A/cattle/Texas/24-008749-003/2024(H5N1)	1498	1232
PB2|PP755596.1|A/cattle/Texas/24-008749-003/2024(H5N1)	1499	1230
PB2|PP755596.1|A/cattle/Texas/24-008749-003/2024(H5N1)	1500	1238
PB2|PP755596.1|A/cattle/Texas/24-008749-003/2024(H5N1)	1501	1292
PB2|PP755596.1|A/cattle/Texas/24-008749-003/2024(H5N1)	1502	1285
PB2|PP755596.1|A/cattle/Texas/24-008749-003/2024(H5N1)	1503	1294
PB2|PP755596.1|A/cattle/Texas/24-008749-003/2024(H5N1)	1504	1296
PB2|PP755596.1|A/cattle/Texas/24-008749-003/2024(H5N1)	1505	1296
PB2|PP755596.1|A/cattle/Texas/24-008749-003/2024(H5N1)	1506	1298
PB2|PP755596.1|A/cattle/Texas/24-008749-003/2024(H5N1)	1507	1293
PB2|PP755596.1|A/cattle/Texas/24-008749-003/2024(H5N1)	1508	1284
PB2|PP755596.1|A/cattle/Texas/24-008749-003/2024(H5N1)	1509	1274
PB2|PP755596.1|A/cattle/Texas/24-008749-003/2024(H5N1)	1510	1280
PB2|PP755596.1|A/cattle/Texas/24-008749-003/2024(H5N1)	1511	1282
PB2|PP755596.1|A/cattle/Texas/24-008749-003/2024(H5N1)	1512	1283
PB2|PP755596.1|A/cattle/Texas/24-008749-003/2024(H5N1)	1513	1276
PB2|PP755596.1|A/cattle/Texas/24-008749-003/2024(H5N1)	1514	1276
PB2|PP755596.1|A/cattle/Texas/24-008749-003/2024(H5N1)	1515	1282
PB2|PP755596.1|A/cattle/Texas/24-008749-003/2024(H5N1)	1516	1278
PB2|PP755596.1|A/cattle/Texas/24-008749-003/2024(H5N1)	1517	1283
PB2|PP755596.1|A/cattle/Texas/24-008749-003/2024(H5N1)	1518	1279
PB2|PP755596.1|A/cattle/Texas/24-008749-003/2024(H5N1)	1519	1280
PB2|PP755596.1|A/cattle/Texas/24-008749-003/2024(H5N1)	1520	1279
PB2|PP755596.1|A/cattle/Texas/24-008749-003/2024(H5N1)	1521	1283
PB2|PP755596.1|A/cattle/Texas/24-008749-003/2024(H5N1)	1522	1284
PB2|PP755596.1|A/cattle/Texas/24-008749-003/2024(H5N1)	1523	1284
PB2|PP755596.1|A/cattle/Texas/24-008749-003/2024(H5N1)	1524	1299
PB2|PP755596.1|A/cattle/Texas/24-008749-003/2024(H5N1)	1525	1296
PB2|PP755596.1|A/cattle/Texas/24-008749-003/2024(H5N1)	1526	1298
PB2|PP755596.1|A/cattle/Texas/24-008749-003/2024(H5N1)	1527	1303
PB2|PP755596.1|A/cattle/Texas/24-008749-003/2024(H5N1)	1528	1297
PB2|PP755596.1|A/cattle/Texas/24-008749-003/2024(H5N1)	1529	1349
PB2|PP755596.1|A/cattle/Texas/24-008749-003/2024(H5N1)	1530	1335
PB2|PP755596.1|A/cattle/Texas/24-008749-003/2024(H5N1)	1531	1426
PB2|PP755596.1|A/cattle/Texas/24-008749-003/2024(H5N1)	1532	1430
PB2|PP755596.1|A/cattle/Texas/24-008749-003/2024(H5N1)	1533	1423
PB2|PP755596.1|A/cattle/Texas/24-008749-003/2024(H5N1)	1534	1405
PB2|PP755596.1|A/cattle/Texas/24-008749-003/2024(H5N1)	1535	1405
PB2|PP755596.1|A/cattle/Texas/24-008749-003/2024(H5N1)	1536	1422
PB2|PP755596.1|A/cattle/Texas/24-008749-003/2024(H5N1)	1537	1420
PB2|PP755596.1|A/cattle/Texas/24-008749-003/2024(H5N1)	1538	1391
PB2|PP755596.1|A/cattle/Texas/24-008749-003/2024(H5N1)	1539	1391
PB2|PP755596.1|A/cattle/Texas/24-008749-003/2024(H5N1)	1540	1322
PB2|PP755596.1|A/cattle/Texas/24-008749-003/2024(H5N1)	1541	1323
PB2|PP755596.1|A/cattle/Texas/24-008749-003/2024(H5N1)	1542	1329
PB2|PP755596.1|A/cattle/Texas/24-008749-003/2024(H5N1)	1543	1322
PB2|PP755596.1|A/cattle/Texas/24-008749-003/2024(H5N1)	1544	1321
PB2|PP755596.1|A/cattle/Texas/24-008749-003/2024(H5N1)	1545	1293
PB2|PP755596.1|A/cattle/Texas/24-008749-003/2024(H5N1)	1546	1300
PB2|PP755596.1|A/cattle/Texas/24-008749-003/2024(H5N1)	1547	1300
PB2|PP755596.1|A/cattle/Texas/24-008749-003/2024(H5N1)	1548	1288
PB2|PP755596.1|A/cattle/Texas/24-008749-003/2024(H5N1)	1549	1289
PB2|PP755596.1|A/cattle/Texas/24-008749-003/2024(H5N1)	1550	1314
PB2|PP755596.1|A/cattle/Texas/24-008749-003/2024(H5N1)	1551	1317
PB2|PP755596.1|A/cattle/Texas/24-008749-003/2024(H5N1)	1552	1317
PB2|PP755596.1|A/cattle/Texas/24-008749-003/2024(H5N1)	1553	1308
PB2|PP755596.1|A/cattle/Texas/24-008749-003/2024(H5N1)	1554	1294
PB2|PP755596.1|A/cattle/Texas/24-008749-003/2024(H5N1)	1555	1287
PB2|PP755596.1|A/cattle/Texas/24-008749-003/2024(H5N1)	1556	1288
PB2|PP755596.1|A/cattle/Texas/24-008749-003/2024(H5N1)	1557	1288
PB2|PP755596.1|A/cattle/Texas/24-008749-003/2024(H5N1)	1558	1287
PB2|PP755596.1|A/cattle/Texas/24-008749-003/2024(H5N1)	1559	1296
PB2|PP755596.1|A/cattle/Texas/24-008749-003/2024(H5N1)	1560	1259
PB2|PP755596.1|A/cattle/Texas/24-008749-003/2024(H5N1)	1561	1295
PB2|PP755596.1|A/cattle/Texas/24-008749-003/2024(H5N1)	1562	1293
PB2|PP755596.1|A/cattle/Texas/24-008749-003/2024(H5N1)	1563	1296
PB2|PP755596.1|A/cattle/Texas/24-008749-003/2024(H5N1)	1564	1298
PB2|PP755596.1|A/cattle/Texas/24-008749-003/2024(H5N1)	1565	1292
PB2|PP755596.1|A/cattle/Texas/24-008749-003/2024(H5N1)	1566	1290
PB2|PP755596.1|A/cattle/Texas/24-008749-003/2024(H5N1)	1567	1289
PB2|PP755596.1|A/cattle/Texas/24-008749-003/2024(H5N1)	1568	1328
PB2|PP755596.1|A/cattle/Texas/24-008749-003/2024(H5N1)	1569	1338
PB2|PP755596.1|A/cattle/Texas/24-008749-003/2024(H5N1)	1570	1333
PB2|PP755596.1|A/cattle/Texas/24-008749-003/2024(H5N1)	1571	1330
PB2|PP755596.1|A/cattle/Texas/24-008749-003/2024(H5N1)	1572	1321
PB2|PP755596.1|A/cattle/Texas/24-008749-003/2024(H5N1)	1573	1323
PB2|PP755596.1|A/cattle/Texas/24-008749-003/2024(H5N1)	1574	1346
PB2|PP755596.1|A/cattle/Texas/24-008749-003/2024(H5N1)	1575	1352
PB2|PP755596.1|A/cattle/Texas/24-008749-003/2024(H5N1)	1576	1359
PB2|PP755596.1|A/cattle/Texas/24-008749-003/2024(H5N1)	1577	1343
PB2|PP755596.1|A/cattle/Texas/24-008749-003/2024(H5N1)	1578	1339
PB2|PP755596.1|A/cattle/Texas/24-008749-003/2024(H5N1)	1579	1331
PB2|PP755596.1|A/cattle/Texas/24-008749-003/2024(H5N1)	1580	1338
PB2|PP755596.1|A/cattle/Texas/24-008749-003/2024(H5N1)	1581	1295
PB2|PP755596.1|A/cattle/Texas/24-008749-003/2024(H5N1)	1582	1287
PB2|PP755596.1|A/cattle/Texas/24-008749-003/2024(H5N1)	1583	1289
PB2|PP755596.1|A/cattle/Texas/24-008749-003/2024(H5N1)	1584	1290
PB2|PP755596.1|A/cattle/Texas/24-008749-003/2024(H5N1)	1585	1296
PB2|PP755596.1|A/cattle/Texas/24-008749-003/2024(H5N1)	1586	1314
PB2|PP755596.1|A/cattle/Texas/24-008749-003/2024(H5N1)	1587	1335
PB2|PP755596.1|A/cattle/Texas/24-008749-003/2024(H5N1)	1588	1338
PB2|PP755596.1|A/cattle/Texas/24-008749-003/2024(H5N1)	1589	1340
PB2|PP755596.1|A/cattle/Texas/24-008749-003/2024(H5N1)	1590	1337
PB2|PP755596.1|A/cattle/Texas/24-008749-003/2024(H5N1)	1591	1343
PB2|PP755596.1|A/cattle/Texas/24-008749-003/2024(H5N1)	1592	1341
PB2|PP755596.1|A/cattle/Texas/24-008749-003/2024(H5N1)	1593	1338
PB2|PP755596.1|A/cattle/Texas/24-008749-003/2024(H5N1)	1594	1332
PB2|PP755596.1|A/cattle/Texas/24-008749-003/2024(H5N1)	1595	1348
PB2|PP755596.1|A/cattle/Texas/24-008749-003/2024(H5N1)	1596	1337
PB2|PP755596.1|A/cattle/Texas/24-008749-003/2024(H5N1)	1597	1333
PB2|PP755596.1|A/cattle/Texas/24-008749-003/2024(H5N1)	1598	1331
PB2|PP755596.1|A/cattle/Texas/24-008749-003/2024(H5N1)	1599	1331
PB2|PP755596.1|A/cattle/Texas/24-008749-003/2024(H5N1)	1600	1345
PB2|PP755596.1|A/cattle/Texas/24-008749-003/2024(H5N1)	1601	1319
PB2|PP755596.1|A/cattle/Texas/24-008749-003/2024(H5N1)	1602	1318
PB2|PP755596.1|A/cattle/Texas/24-008749-003/2024(H5N1)	1603	1326
PB2|PP755596.1|A/cattle/Texas/24-008749-003/2024(H5N1)	1604	1320
PB2|PP755596.1|A/cattle/Texas/24-008749-003/2024(H5N1)	1605	1325
PB2|PP755596.1|A/cattle/Texas/24-008749-003/2024(H5N1)	1606	1326
PB2|PP755596.1|A/cattle/Texas/24-008749-003/2024(H5N1)	1607	1300
PB2|PP755596.1|A/cattle/Texas/24-008749-003/2024(H5N1)	1608	1303
PB2|PP755596.1|A/cattle/Texas/24-008749-003/2024(H5N1)	1609	1306
PB2|PP755596.1|A/cattle/Texas/24-008749-003/2024(H5N1)	1610	1294
PB2|PP755596.1|A/cattle/Texas/24-008749-003/2024(H5N1)	1611	1354
PB2|PP755596.1|A/cattle/Texas/24-008749-003/2024(H5N1)	1612	1348
PB2|PP755596.1|A/cattle/Texas/24-008749-003/2024(H5N1)	1613	1347
PB2|PP755596.1|A/cattle/Texas/24-008749-003/2024(H5N1)	1614	1354
PB2|PP755596.1|A/cattle/Texas/24-008749-003/2024(H5N1)	1615	1250
PB2|PP755596.1|A/cattle/Texas/24-008749-003/2024(H5N1)	1616	1254
PB2|PP755596.1|A/cattle/Texas/24-008749-003/2024(H5N1)	1617	1252
PB2|PP755596.1|A/cattle/Texas/24-008749-003/2024(H5N1)	1618	1249
PB2|PP755596.1|A/cattle/Texas/24-008749-003/2024(H5N1)	1619	1247
PB2|PP755596.1|A/cattle/Texas/24-008749-003/2024(H5N1)	1620	1236
PB2|PP755596.1|A/cattle/Texas/24-008749-003/2024(H5N1)	1621	1241
PB2|PP755596.1|A/cattle/Texas/24-008749-003/2024(H5N1)	1622	1282
PB2|PP755596.1|A/cattle/Texas/24-008749-003/2024(H5N1)	1623	1277
PB2|PP755596.1|A/cattle/Texas/24-008749-003/2024(H5N1)	1624	1269
PB2|PP755596.1|A/cattle/Texas/24-008749-003/2024(H5N1)	1625	1264
PB2|PP755596.1|A/cattle/Texas/24-008749-003/2024(H5N1)	1626	1352
PB2|PP755596.1|A/cattle/Texas/24-008749-003/2024(H5N1)	1627	1374
PB2|PP755596.1|A/cattle/Texas/24-008749-003/2024(H5N1)	1628	1375
PB2|PP755596.1|A/cattle/Texas/24-008749-003/2024(H5N1)	1629	1323
PB2|PP755596.1|A/cattle/Texas/24-008749-003/2024(H5N1)	1630	1323
PB2|PP755596.1|A/cattle/Texas/24-008749-003/2024(H5N1)	1631	1301
PB2|PP755596.1|A/cattle/Texas/24-008749-003/2024(H5N1)	1632	1299
PB2|PP755596.1|A/cattle/Texas/24-008749-003/2024(H5N1)	1633	1368
PB2|PP755596.1|A/cattle/Texas/24-008749-003/2024(H5N1)	1634	1353
PB2|PP755596.1|A/cattle/Texas/24-008749-003/2024(H5N1)	1635	1353
PB2|PP755596.1|A/cattle/Texas/24-008749-003/2024(H5N1)	1636	1318
PB2|PP755596.1|A/cattle/Texas/24-008749-003/2024(H5N1)	1637	1318
PB2|PP755596.1|A/cattle/Texas/24-008749-003/2024(H5N1)	1638	1390
PB2|PP755596.1|A/cattle/Texas/24-008749-003/2024(H5N1)	1639	1404
PB2|PP755596.1|A/cattle/Texas/24-008749-003/2024(H5N1)	1640	1404
PB2|PP755596.1|A/cattle/Texas/24-008749-003/2024(H5N1)	1641	1401
PB2|PP755596.1|A/cattle/Texas/24-008749-003/2024(H5N1)	1642	1352
PB2|PP755596.1|A/cattle/Texas/24-008749-003/2024(H5N1)	1643	1421
PB2|PP755596.1|A/cattle/Texas/24-008749-003/2024(H5N1)	1644	1421
PB2|PP755596.1|A/cattle/Texas/24-008749-003/2024(H5N1)	1645	1435
PB2|PP755596.1|A/cattle/Texas/24-008749-003/2024(H5N1)	1646	1437
PB2|PP755596.1|A/cattle/Texas/24-008749-003/2024(H5N1)	1647	1356
PB2|PP755596.1|A/cattle/Texas/24-008749-003/2024(H5N1)	1648	1360
PB2|PP755596.1|A/cattle/Texas/24-008749-003/2024(H5N1)	1649	1359
PB2|PP755596.1|A/cattle/Texas/24-008749-003/2024(H5N1)	1650	1359
PB2|PP755596.1|A/cattle/Texas/24-008749-003/2024(H5N1)	1651	1345
PB2|PP755596.1|A/cattle/Texas/24-008749-003/2024(H5N1)	1652	1290
PB2|PP755596.1|A/cattle/Texas/24-008749-003/2024(H5N1)	1653	1295
PB2|PP755596.1|A/cattle/Texas/24-008749-003/2024(H5N1)	1654	1312
PB2|PP755596.1|A/cattle/Texas/24-008749-003/2024(H5N1)	1655	1310
PB2|PP755596.1|A/cattle/Texas/24-008749-003/2024(H5N1)	1656	1319
PB2|PP755596.1|A/cattle/Texas/24-008749-003/2024(H5N1)	1657	1311
PB2|PP755596.1|A/cattle/Texas/24-008749-003/2024(H5N1)	1658	1310
PB2|PP755596.1|A/cattle/Texas/24-008749-003/2024(H5N1)	1659	1308
PB2|PP755596.1|A/cattle/Texas/24-008749-003/2024(H5N1)	1660	1317
PB2|PP755596.1|A/cattle/Texas/24-008749-003/2024(H5N1)	1661	1307
PB2|PP755596.1|A/cattle/Texas/24-008749-003/2024(H5N1)	1662	1304
PB2|PP755596.1|A/cattle/Texas/24-008749-003/2024(H5N1)	1663	1301
PB2|PP755596.1|A/cattle/Texas/24-008749-003/2024(H5N1)	1664	1302
PB2|PP755596.1|A/cattle/Texas/24-008749-003/2024(H5N1)	1665	1305
PB2|PP755596.1|A/cattle/Texas/24-008749-003/2024(H5N1)	1666	1315
PB2|PP755596.1|A/cattle/Texas/24-008749-003/2024(H5N1)	1667	1315
PB2|PP755596.1|A/cattle/Texas/24-008749-003/2024(H5N1)	1668	1319
PB2|PP755596.1|A/cattle/Texas/24-008749-003/2024(H5N1)	1669	1311
PB2|PP755596.1|A/cattle/Texas/24-008749-003/2024(H5N1)	1670	1313
PB2|PP755596.1|A/cattle/Texas/24-008749-003/2024(H5N1)	1671	1314
PB2|PP755596.1|A/cattle/Texas/24-008749-003/2024(H5N1)	1672	1312
PB2|PP755596.1|A/cattle/Texas/24-008749-003/2024(H5N1)	1673	1314
PB2|PP755596.1|A/cattle/Texas/24-008749-003/2024(H5N1)	1674	1314
PB2|PP755596.1|A/cattle/Texas/24-008749-003/2024(H5N1)	1675	1302
PB2|PP755596.1|A/cattle/Texas/24-008749-003/2024(H5N1)	1676	1303
PB2|PP755596.1|A/cattle/Texas/24-008749-003/2024(H5N1)	1677	1293
PB2|PP755596.1|A/cattle/Texas/24-008749-003/2024(H5N1)	1678	1299
PB2|PP755596.1|A/cattle/Texas/24-008749-003/2024(H5N1)	1679	1309
PB2|PP755596.1|A/cattle/Texas/24-008749-003/2024(H5N1)	1680	1259
PB2|PP755596.1|A/cattle/Texas/24-008749-003/2024(H5N1)	1681	1258
PB2|PP755596.1|A/cattle/Texas/24-008749-003/2024(H5N1)	1682	1179
PB2|PP755596.1|A/cattle/Texas/24-008749-003/2024(H5N1)	1683	1179
PB2|PP755596.1|A/cattle/Texas/24-008749-003/2024(H5N1)	1684	1183
PB2|PP755596.1|A/cattle/Texas/24-008749-003/2024(H5N1)	1685	1233
PB2|PP755596.1|A/cattle/Texas/24-008749-003/2024(H5N1)	1686	1233
PB2|PP755596.1|A/cattle/Texas/24-008749-003/2024(H5N1)	1687	1218
PB2|PP755596.1|A/cattle/Texas/24-008749-003/2024(H5N1)	1688	1213
PB2|PP755596.1|A/cattle/Texas/24-008749-003/2024(H5N1)	1689	1214
PB2|PP755596.1|A/cattle/Texas/24-008749-003/2024(H5N1)	1690	1220
PB2|PP755596.1|A/cattle/Texas/24-008749-003/2024(H5N1)	1691	1237
PB2|PP755596.1|A/cattle/Texas/24-008749-003/2024(H5N1)	1692	1238
PB2|PP755596.1|A/cattle/Texas/24-008749-003/2024(H5N1)	1693	1238
PB2|PP755596.1|A/cattle/Texas/24-008749-003/2024(H5N1)	1694	1240
PB2|PP755596.1|A/cattle/Texas/24-008749-003/2024(H5N1)	1695	1268
PB2|PP755596.1|A/cattle/Texas/24-008749-003/2024(H5N1)	1696	1263
PB2|PP755596.1|A/cattle/Texas/24-008749-003/2024(H5N1)	1697	1263
PB2|PP755596.1|A/cattle/Texas/24-008749-003/2024(H5N1)	1698	1272
PB2|PP755596.1|A/cattle/Texas/24-008749-003/2024(H5N1)	1699	1273
PB2|PP755596.1|A/cattle/Texas/24-008749-003/2024(H5N1)	1700	1248
PB2|PP755596.1|A/cattle/Texas/24-008749-003/2024(H5N1)	1701	1246
PB2|PP755596.1|A/cattle/Texas/24-008749-003/2024(H5N1)	1702	1248
PB2|PP755596.1|A/cattle/Texas/24-008749-003/2024(H5N1)	1703	1267
PB2|PP755596.1|A/cattle/Texas/24-008749-003/2024(H5N1)	1704	1264
PB2|PP755596.1|A/cattle/Texas/24-008749-003/2024(H5N1)	1705	1263
PB2|PP755596.1|A/cattle/Texas/24-008749-003/2024(H5N1)	1706	1259
PB2|PP755596.1|A/cattle/Texas/24-008749-003/2024(H5N1)	1707	1257
PB2|PP755596.1|A/cattle/Texas/24-008749-003/2024(H5N1)	1708	1273
PB2|PP755596.1|A/cattle/Texas/24-008749-003/2024(H5N1)	1709	1262
PB2|PP755596.1|A/cattle/Texas/24-008749-003/2024(H5N1)	1710	1280
PB2|PP755596.1|A/cattle/Texas/24-008749-003/2024(H5N1)	1711	1304
PB2|PP755596.1|A/cattle/Texas/24-008749-003/2024(H5N1)	1712	1267
PB2|PP755596.1|A/cattle/Texas/24-008749-003/2024(H5N1)	1713	1277
PB2|PP755596.1|A/cattle/Texas/24-008749-003/2024(H5N1)	1714	1272
PB2|PP755596.1|A/cattle/Texas/24-008749-003/2024(H5N1)	1715	1278
PB2|PP755596.1|A/cattle/Texas/24-008749-003/2024(H5N1)	1716	1282
PB2|PP755596.1|A/cattle/Texas/24-008749-003/2024(H5N1)	1717	1257
PB2|PP755596.1|A/cattle/Texas/24-008749-003/2024(H5N1)	1718	1264
PB2|PP755596.1|A/cattle/Texas/24-008749-003/2024(H5N1)	1719	1225
PB2|PP755596.1|A/cattle/Texas/24-008749-003/2024(H5N1)	1720	1228
PB2|PP755596.1|A/cattle/Texas/24-008749-003/2024(H5N1)	1721	1226
PB2|PP755596.1|A/cattle/Texas/24-008749-003/2024(H5N1)	1722	1215
PB2|PP755596.1|A/cattle/Texas/24-008749-003/2024(H5N1)	1723	1217
PB2|PP755596.1|A/cattle/Texas/24-008749-003/2024(H5N1)	1724	1211
PB2|PP755596.1|A/cattle/Texas/24-008749-003/2024(H5N1)	1725	1205
PB2|PP755596.1|A/cattle/Texas/24-008749-003/2024(H5N1)	1726	1204
PB2|PP755596.1|A/cattle/Texas/24-008749-003/2024(H5N1)	1727	1199
PB2|PP755596.1|A/cattle/Texas/24-008749-003/2024(H5N1)	1728	1214
PB2|PP755596.1|A/cattle/Texas/24-008749-003/2024(H5N1)	1729	1216
PB2|PP755596.1|A/cattle/Texas/24-008749-003/2024(H5N1)	1730	1216
PB2|PP755596.1|A/cattle/Texas/24-008749-003/2024(H5N1)	1731	1202
PB2|PP755596.1|A/cattle/Texas/24-008749-003/2024(H5N1)	1732	1202
PB2|PP755596.1|A/cattle/Texas/24-008749-003/2024(H5N1)	1733	1214
PB2|PP755596.1|A/cattle/Texas/24-008749-003/2024(H5N1)	1734	1211
PB2|PP755596.1|A/cattle/Texas/24-008749-003/2024(H5N1)	1735	1209
PB2|PP755596.1|A/cattle/Texas/24-008749-003/2024(H5N1)	1736	1202
PB2|PP755596.1|A/cattle/Texas/24-008749-003/2024(H5N1)	1737	1244
PB2|PP755596.1|A/cattle/Texas/24-008749-003/2024(H5N1)	1738	1232
PB2|PP755596.1|A/cattle/Texas/24-008749-003/2024(H5N1)	1739	1232
PB2|PP755596.1|A/cattle/Texas/24-008749-003/2024(H5N1)	1740	1227
PB2|PP755596.1|A/cattle/Texas/24-008749-003/2024(H5N1)	1741	1230
PB2|PP755596.1|A/cattle/Texas/24-008749-003/2024(H5N1)	1742	1225
PB2|PP755596.1|A/cattle/Texas/24-008749-003/2024(H5N1)	1743	1225
PB2|PP755596.1|A/cattle/Texas/24-008749-003/2024(H5N1)	1744	1237
PB2|PP755596.1|A/cattle/Texas/24-008749-003/2024(H5N1)	1745	1251
PB2|PP755596.1|A/cattle/Texas/24-008749-003/2024(H5N1)	1746	1230
PB2|PP755596.1|A/cattle/Texas/24-008749-003/2024(H5N1)	1747	1226
PB2|PP755596.1|A/cattle/Texas/24-008749-003/2024(H5N1)	1748	1223
PB2|PP755596.1|A/cattle/Texas/24-008749-003/2024(H5N1)	1749	1226
PB2|PP755596.1|A/cattle/Texas/24-008749-003/2024(H5N1)	1750	1239
PB2|PP755596.1|A/cattle/Texas/24-008749-003/2024(H5N1)	1751	1227
PB2|PP755596.1|A/cattle/Texas/24-008749-003/2024(H5N1)	1752	1297
PB2|PP755596.1|A/cattle/Texas/24-008749-003/2024(H5N1)	1753	1297
PB2|PP755596.1|A/cattle/Texas/24-008749-003/2024(H5N1)	1754	1287
PB2|PP755596.1|A/cattle/Texas/24-008749-003/2024(H5N1)	1755	1287
PB2|PP755596.1|A/cattle/Texas/24-008749-003/2024(H5N1)	1756	1289
PB2|PP755596.1|A/cattle/Texas/24-008749-003/2024(H5N1)	1757	1288
PB2|PP755596.1|A/cattle/Texas/24-008749-003/2024(H5N1)	1758	1284
PB2|PP755596.1|A/cattle/Texas/24-008749-003/2024(H5N1)	1759	1279
PB2|PP755596.1|A/cattle/Texas/24-008749-003/2024(H5N1)	1760	1280
PB2|PP755596.1|A/cattle/Texas/24-008749-003/2024(H5N1)	1761	1220
PB2|PP755596.1|A/cattle/Texas/24-008749-003/2024(H5N1)	1762	1228
PB2|PP755596.1|A/cattle/Texas/24-008749-003/2024(H5N1)	1763	1248
PB2|PP755596.1|A/cattle/Texas/24-008749-003/2024(H5N1)	1764	1245
PB2|PP755596.1|A/cattle/Texas/24-008749-003/2024(H5N1)	1765	1241
PB2|PP755596.1|A/cattle/Texas/24-008749-003/2024(H5N1)	1766	1244
PB2|PP755596.1|A/cattle/Texas/24-008749-003/2024(H5N1)	1767	1250
PB2|PP755596.1|A/cattle/Texas/24-008749-003/2024(H5N1)	1768	1392
PB2|PP755596.1|A/cattle/Texas/24-008749-003/2024(H5N1)	1769	1402
PB2|PP755596.1|A/cattle/Texas/24-008749-003/2024(H5N1)	1770	1407
PB2|PP755596.1|A/cattle/Texas/24-008749-003/2024(H5N1)	1771	1404
PB2|PP755596.1|A/cattle/Texas/24-008749-003/2024(H5N1)	1772	1415
PB2|PP755596.1|A/cattle/Texas/24-008749-003/2024(H5N1)	1773	1429
PB2|PP755596.1|A/cattle/Texas/24-008749-003/2024(H5N1)	1774	1438
PB2|PP755596.1|A/cattle/Texas/24-008749-003/2024(H5N1)	1775	1430
PB2|PP755596.1|A/cattle/Texas/24-008749-003/2024(H5N1)	1776	1443
PB2|PP755596.1|A/cattle/Texas/24-008749-003/2024(H5N1)	1777	1304
PB2|PP755596.1|A/cattle/Texas/24-008749-003/2024(H5N1)	1778	1287
PB2|PP755596.1|A/cattle/Texas/24-008749-003/2024(H5N1)	1779	1287
PB2|PP755596.1|A/cattle/Texas/24-008749-003/2024(H5N1)	1780	1293
PB2|PP755596.1|A/cattle/Texas/24-008749-003/2024(H5N1)	1781	1293
PB2|PP755596.1|A/cattle/Texas/24-008749-003/2024(H5N1)	1782	1276
PB2|PP755596.1|A/cattle/Texas/24-008749-003/2024(H5N1)	1783	1299
PB2|PP755596.1|A/cattle/Texas/24-008749-003/2024(H5N1)	1784	1256
PB2|PP755596.1|A/cattle/Texas/24-008749-003/2024(H5N1)	1785	1254
PB2|PP755596.1|A/cattle/Texas/24-008749-003/2024(H5N1)	1786	1255
PB2|PP755596.1|A/cattle/Texas/24-008749-003/2024(H5N1)	1787	1257
PB2|PP755596.1|A/cattle/Texas/24-008749-003/2024(H5N1)	1788	1256
PB2|PP755596.1|A/cattle/Texas/24-008749-003/2024(H5N1)	1789	1203
PB2|PP755596.1|A/cattle/Texas/24-008749-003/2024(H5N1)	1790	1206
PB2|PP755596.1|A/cattle/Texas/24-008749-003/2024(H5N1)	1791	1204
PB2|PP755596.1|A/cattle/Texas/24-008749-003/2024(H5N1)	1792	1219
PB2|PP755596.1|A/cattle/Texas/24-008749-003/2024(H5N1)	1793	1184
PB2|PP755596.1|A/cattle/Texas/24-008749-003/2024(H5N1)	1794	1179
PB2|PP755596.1|A/cattle/Texas/24-008749-003/2024(H5N1)	1795	1195
PB2|PP755596.1|A/cattle/Texas/24-008749-003/2024(H5N1)	1796	1189
PB2|PP755596.1|A/cattle/Texas/24-008749-003/2024(H5N1)	1797	1201
PB2|PP755596.1|A/cattle/Texas/24-008749-003/2024(H5N1)	1798	1201
PB2|PP755596.1|A/cattle/Texas/24-008749-003/2024(H5N1)	1799	1199
PB2|PP755596.1|A/cattle/Texas/24-008749-003/2024(H5N1)	1800	1200
PB2|PP755596.1|A/cattle/Texas/24-008749-003/2024(H5N1)	1801	1202
PB2|PP755596.1|A/cattle/Texas/24-008749-003/2024(H5N1)	1802	1192
PB2|PP755596.1|A/cattle/Texas/24-008749-003/2024(H5N1)	1803	1193
PB2|PP755596.1|A/cattle/Texas/24-008749-003/2024(H5N1)	1804	1196
PB2|PP755596.1|A/cattle/Texas/24-008749-003/2024(H5N1)	1805	1190
PB2|PP755596.1|A/cattle/Texas/24-008749-003/2024(H5N1)	1806	1177
PB2|PP755596.1|A/cattle/Texas/24-008749-003/2024(H5N1)	1807	1177
PB2|PP755596.1|A/cattle/Texas/24-008749-003/2024(H5N1)	1808	1202
PB2|PP755596.1|A/cattle/Texas/24-008749-003/2024(H5N1)	1809	1202
PB2|PP755596.1|A/cattle/Texas/24-008749-003/2024(H5N1)	1810	1194
PB2|PP755596.1|A/cattle/Texas/24-008749-003/2024(H5N1)	1811	1193
PB2|PP755596.1|A/cattle/Texas/24-008749-003/2024(H5N1)	1812	1196
PB2|PP755596.1|A/cattle/Texas/24-008749-003/2024(H5N1)	1813	1199
PB2|PP755596.1|A/cattle/Texas/24-008749-003/2024(H5N1)	1814	1236
PB2|PP755596.1|A/cattle/Texas/24-008749-003/2024(H5N1)	1815	1232
PB2|PP755596.1|A/cattle/Texas/24-008749-003/2024(H5N1)	1816	1239
PB2|PP755596.1|A/cattle/Texas/24-008749-003/2024(H5N1)	1817	1234
PB2|PP755596.1|A/cattle/Texas/24-008749-003/2024(H5N1)	1818	1259
PB2|PP755596.1|A/cattle/Texas/24-008749-003/2024(H5N1)	1819	1247
PB2|PP755596.1|A/cattle/Texas/24-008749-003/2024(H5N1)	1820	1246
PB2|PP755596.1|A/cattle/Texas/24-008749-003/2024(H5N1)	1821	1257
PB2|PP755596.1|A/cattle/Texas/24-008749-003/2024(H5N1)	1822	1255
PB2|PP755596.1|A/cattle/Texas/24-008749-003/2024(H5N1)	1823	1254
PB2|PP755596.1|A/cattle/Texas/24-008749-003/2024(H5N1)	1824	1252
PB2|PP755596.1|A/cattle/Texas/24-008749-003/2024(H5N1)	1825	1252
PB2|PP755596.1|A/cattle/Texas/24-008749-003/2024(H5N1)	1826	1261
PB2|PP755596.1|A/cattle/Texas/24-008749-003/2024(H5N1)	1827	1304
PB2|PP755596.1|A/cattle/Texas/24-008749-003/2024(H5N1)	1828	1307
PB2|PP755596.1|A/cattle/Texas/24-008749-003/2024(H5N1)	1829	1301
PB2|PP755596.1|A/cattle/Texas/24-008749-003/2024(H5N1)	1830	1301
PB2|PP755596.1|A/cattle/Texas/24-008749-003/2024(H5N1)	1831	1301
PB2|PP755596.1|A/cattle/Texas/24-008749-003/2024(H5N1)	1832	1325
PB2|PP755596.1|A/cattle/Texas/24-008749-003/2024(H5N1)	1833	1325
PB2|PP755596.1|A/cattle/Texas/24-008749-003/2024(H5N1)	1834	1319
PB2|PP755596.1|A/cattle/Texas/24-008749-003/2024(H5N1)	1835	1332
PB2|PP755596.1|A/cattle/Texas/24-008749-003/2024(H5N1)	1836	1274
PB2|PP755596.1|A/cattle/Texas/24-008749-003/2024(H5N1)	1837	1323
PB2|PP755596.1|A/cattle/Texas/24-008749-003/2024(H5N1)	1838	1323
PB2|PP755596.1|A/cattle/Texas/24-008749-003/2024(H5N1)	1839	1336
PB2|PP755596.1|A/cattle/Texas/24-008749-003/2024(H5N1)	1840	1335
PB2|PP755596.1|A/cattle/Texas/24-008749-003/2024(H5N1)	1841	1327
PB2|PP755596.1|A/cattle/Texas/24-008749-003/2024(H5N1)	1842	1313
PB2|PP755596.1|A/cattle/Texas/24-008749-003/2024(H5N1)	1843	1322
PB2|PP755596.1|A/cattle/Texas/24-008749-003/2024(H5N1)	1844	1333
PB2|PP755596.1|A/cattle/Texas/24-008749-003/2024(H5N1)	1845	1327
PB2|PP755596.1|A/cattle/Texas/24-008749-003/2024(H5N1)	1846	1301
PB2|PP755596.1|A/cattle/Texas/24-008749-003/2024(H5N1)	1847	1308
PB2|PP755596.1|A/cattle/Texas/24-008749-003/2024(H5N1)	1848	1308
PB2|PP755596.1|A/cattle/Texas/24-008749-003/2024(H5N1)	1849	1327
PB2|PP755596.1|A/cattle/Texas/24-008749-003/2024(H5N1)	1850	1332
PB2|PP755596.1|A/cattle/Texas/24-008749-003/2024(H5N1)	1851	1325
PB2|PP755596.1|A/cattle/Texas/24-008749-003/2024(H5N1)	1852	1329
PB2|PP755596.1|A/cattle/Texas/24-008749-003/2024(H5N1)	1853	1314
PB2|PP755596.1|A/cattle/Texas/24-008749-003/2024(H5N1)	1854	1315
PB2|PP755596.1|A/cattle/Texas/24-008749-003/2024(H5N1)	1855	1316
PB2|PP755596.1|A/cattle/Texas/24-008749-003/2024(H5N1)	1856	1316
PB2|PP755596.1|A/cattle/Texas/24-008749-003/2024(H5N1)	1857	1341
PB2|PP755596.1|A/cattle/Texas/24-008749-003/2024(H5N1)	1858	1326
PB2|PP755596.1|A/cattle/Texas/24-008749-003/2024(H5N1)	1859	1334
PB2|PP755596.1|A/cattle/Texas/24-008749-003/2024(H5N1)	1860	1320
PB2|PP755596.1|A/cattle/Texas/24-008749-003/2024(H5N1)	1861	1288
PB2|PP755596.1|A/cattle/Texas/24-008749-003/2024(H5N1)	1862	1291
PB2|PP755596.1|A/cattle/Texas/24-008749-003/2024(H5N1)	1863	1289
PB2|PP755596.1|A/cattle/Texas/24-008749-003/2024(H5N1)	1864	1273
PB2|PP755596.1|A/cattle/Texas/24-008749-003/2024(H5N1)	1865	1277
PB2|PP755596.1|A/cattle/Texas/24-008749-003/2024(H5N1)	1866	1270
PB2|PP755596.1|A/cattle/Texas/24-008749-003/2024(H5N1)	1867	1270
PB2|PP755596.1|A/cattle/Texas/24-008749-003/2024(H5N1)	1868	1271
PB2|PP755596.1|A/cattle/Texas/24-008749-003/2024(H5N1)	1869	1269
PB2|PP755596.1|A/cattle/Texas/24-008749-003/2024(H5N1)	1870	1274
PB2|PP755596.1|A/cattle/Texas/24-008749-003/2024(H5N1)	1871	1291
PB2|PP755596.1|A/cattle/Texas/24-008749-003/2024(H5N1)	1872	1284
PB2|PP755596.1|A/cattle/Texas/24-008749-003/2024(H5N1)	1873	1348
PB2|PP755596.1|A/cattle/Texas/24-008749-003/2024(H5N1)	1874	1358
PB2|PP755596.1|A/cattle/Texas/24-008749-003/2024(H5N1)	1875	1360
PB2|PP755596.1|A/cattle/Texas/24-008749-003/2024(H5N1)	1876	1359
PB2|PP755596.1|A/cattle/Texas/24-008749-003/2024(H5N1)	1877	1354
PB2|PP755596.1|A/cattle/Texas/24-008749-003/2024(H5N1)	1878	1351
PB2|PP755596.1|A/cattle/Texas/24-008749-003/2024(H5N1)	1879	1369
PB2|PP755596.1|A/cattle/Texas/24-008749-003/2024(H5N1)	1880	1372
PB2|PP755596.1|A/cattle/Texas/24-008749-003/2024(H5N1)	1881	1373
PB2|PP755596.1|A/cattle/Texas/24-008749-003/2024(H5N1)	1882	1373
PB2|PP755596.1|A/cattle/Texas/24-008749-003/2024(H5N1)	1883	1372
PB2|PP755596.1|A/cattle/Texas/24-008749-003/2024(H5N1)	1884	1376
PB2|PP755596.1|A/cattle/Texas/24-008749-003/2024(H5N1)	1885	1375
PB2|PP755596.1|A/cattle/Texas/24-008749-003/2024(H5N1)	1886	1380
PB2|PP755596.1|A/cattle/Texas/24-008749-003/2024(H5N1)	1887	1380
PB2|PP755596.1|A/cattle/Texas/24-008749-003/2024(H5N1)	1888	1308
PB2|PP755596.1|A/cattle/Texas/24-008749-003/2024(H5N1)	1889	1304
PB2|PP755596.1|A/cattle/Texas/24-008749-003/2024(H5N1)	1890	1278
PB2|PP755596.1|A/cattle/Texas/24-008749-003/2024(H5N1)	1891	1319
PB2|PP755596.1|A/cattle/Texas/24-008749-003/2024(H5N1)	1892	1333
PB2|PP755596.1|A/cattle/Texas/24-008749-003/2024(H5N1)	1893	1335
PB2|PP755596.1|A/cattle/Texas/24-008749-003/2024(H5N1)	1894	1349
PB2|PP755596.1|A/cattle/Texas/24-008749-003/2024(H5N1)	1895	1349
PB2|PP755596.1|A/cattle/Texas/24-008749-003/2024(H5N1)	1896	1362
PB2|PP755596.1|A/cattle/Texas/24-008749-003/2024(H5N1)	1897	1360
PB2|PP755596.1|A/cattle/Texas/24-008749-003/2024(H5N1)	1898	1360
PB2|PP755596.1|A/cattle/Texas/24-008749-003/2024(H5N1)	1899	1357
PB2|PP755596.1|A/cattle/Texas/24-008749-003/2024(H5N1)	1900	1340
PB2|PP755596.1|A/cattle/Texas/24-008749-003/2024(H5N1)	1901	1353
PB2|PP755596.1|A/cattle/Texas/24-008749-003/2024(H5N1)	1902	1302
PB2|PP755596.1|A/cattle/Texas/24-008749-003/2024(H5N1)	1903	1280
PB2|PP755596.1|A/cattle/Texas/24-008749-003/2024(H5N1)	1904	1301
PB2|PP755596.1|A/cattle/Texas/24-008749-003/2024(H5N1)	1905	1290
PB2|PP755596.1|A/cattle/Texas/24-008749-003/2024(H5N1)	1906	1307
PB2|PP755596.1|A/cattle/Texas/24-008749-003/2024(H5N1)	1907	1306
PB2|PP755596.1|A/cattle/Texas/24-008749-003/2024(H5N1)	1908	1316
PB2|PP755596.1|A/cattle/Texas/24-008749-003/2024(H5N1)	1909	1328
PB2|PP755596.1|A/cattle/Texas/24-008749-003/2024(H5N1)	1910	1311
PB2|PP755596.1|A/cattle/Texas/24-008749-003/2024(H5N1)	1911	1308
PB2|PP755596.1|A/cattle/Texas/24-008749-003/2024(H5N1)	1912	1317
PB2|PP755596.1|A/cattle/Texas/24-008749-003/2024(H5N1)	1913	1315
PB2|PP755596.1|A/cattle/Texas/24-008749-003/2024(H5N1)	1914	1337
PB2|PP755596.1|A/cattle/Texas/24-008749-003/2024(H5N1)	1915	1337
PB2|PP755596.1|A/cattle/Texas/24-008749-003/2024(H5N1)	1916	1340
PB2|PP755596.1|A/cattle/Texas/24-008749-003/2024(H5N1)	1917	1335
PB2|PP755596.1|A/cattle/Texas/24-008749-003/2024(H5N1)	1918	1332
PB2|PP755596.1|A/cattle/Texas/24-008749-003/2024(H5N1)	1919	1205
PB2|PP755596.1|A/cattle/Texas/24-008749-003/2024(H5N1)	1920	1206
PB2|PP755596.1|A/cattle/Texas/24-008749-003/2024(H5N1)	1921	1191
PB2|PP755596.1|A/cattle/Texas/24-008749-003/2024(H5N1)	1922	1189
PB2|PP755596.1|A/cattle/Texas/24-008749-003/2024(H5N1)	1923	1173
PB2|PP755596.1|A/cattle/Texas/24-008749-003/2024(H5N1)	1924	1146
PB2|PP755596.1|A/cattle/Texas/24-008749-003/2024(H5N1)	1925	1188
PB2|PP755596.1|A/cattle/Texas/24-008749-003/2024(H5N1)	1926	1214
PB2|PP755596.1|A/cattle/Texas/24-008749-003/2024(H5N1)	1927	1211
PB2|PP755596.1|A/cattle/Texas/24-008749-003/2024(H5N1)	1928	1211
PB2|PP755596.1|A/cattle/Texas/24-008749-003/2024(H5N1)	1929	1209
PB2|PP755596.1|A/cattle/Texas/24-008749-003/2024(H5N1)	1930	1221
PB2|PP755596.1|A/cattle/Texas/24-008749-003/2024(H5N1)	1931	1215
PB2|PP755596.1|A/cattle/Texas/24-008749-003/2024(H5N1)	1932	1215
PB2|PP755596.1|A/cattle/Texas/24-008749-003/2024(H5N1)	1933	1204
PB2|PP755596.1|A/cattle/Texas/24-008749-003/2024(H5N1)	1934	1180
PB2|PP755596.1|A/cattle/Texas/24-008749-003/2024(H5N1)	1935	1180
PB2|PP755596.1|A/cattle/Texas/24-008749-003/2024(H5N1)	1936	1174
PB2|PP755596.1|A/cattle/Texas/24-008749-003/2024(H5N1)	1937	1188
PB2|PP755596.1|A/cattle/Texas/24-008749-003/2024(H5N1)	1938	1183
PB2|PP755596.1|A/cattle/Texas/24-008749-003/2024(H5N1)	1939	1182
PB2|PP755596.1|A/cattle/Texas/24-008749-003/2024(H5N1)	1940	1183
PB2|PP755596.1|A/cattle/Texas/24-008749-003/2024(H5N1)	1941	1187
PB2|PP755596.1|A/cattle/Texas/24-008749-003/2024(H5N1)	1942	1180
PB2|PP755596.1|A/cattle/Texas/24-008749-003/2024(H5N1)	1943	1163
PB2|PP755596.1|A/cattle/Texas/24-008749-003/2024(H5N1)	1944	1181
PB2|PP755596.1|A/cattle/Texas/24-008749-003/2024(H5N1)	1945	1182
PB2|PP755596.1|A/cattle/Texas/24-008749-003/2024(H5N1)	1946	1163
PB2|PP755596.1|A/cattle/Texas/24-008749-003/2024(H5N1)	1947	1164
PB2|PP755596.1|A/cattle/Texas/24-008749-003/2024(H5N1)	1948	1154
PB2|PP755596.1|A/cattle/Texas/24-008749-003/2024(H5N1)	1949	1156
PB2|PP755596.1|A/cattle/Texas/24-008749-003/2024(H5N1)	1950	1159
PB2|PP755596.1|A/cattle/Texas/24-008749-003/2024(H5N1)	1951	1159
PB2|PP755596.1|A/cattle/Texas/24-008749-003/2024(H5N1)	1952	1159
PB2|PP755596.1|A/cattle/Texas/24-008749-003/2024(H5N1)	1953	1150
PB2|PP755596.1|A/cattle/Texas/24-008749-003/2024(H5N1)	1954	1144
PB2|PP755596.1|A/cattle/Texas/24-008749-003/2024(H5N1)	1955	1186
PB2|PP755596.1|A/cattle/Texas/24-008749-003/2024(H5N1)	1956	1191
PB2|PP755596.1|A/cattle/Texas/24-008749-003/2024(H5N1)	1957	1193
PB2|PP755596.1|A/cattle/Texas/24-008749-003/2024(H5N1)	1958	1191
PB2|PP755596.1|A/cattle/Texas/24-008749-003/2024(H5N1)	1959	1189
PB2|PP755596.1|A/cattle/Texas/24-008749-003/2024(H5N1)	1960	1196
PB2|PP755596.1|A/cattle/Texas/24-008749-003/2024(H5N1)	1961	1196
PB2|PP755596.1|A/cattle/Texas/24-008749-003/2024(H5N1)	1962	1193
PB2|PP755596.1|A/cattle/Texas/24-008749-003/2024(H5N1)	1963	1200
PB2|PP755596.1|A/cattle/Texas/24-008749-003/2024(H5N1)	1964	1169
PB2|PP755596.1|A/cattle/Texas/24-008749-003/2024(H5N1)	1965	1181
PB2|PP755596.1|A/cattle/Texas/24-008749-003/2024(H5N1)	1966	1184
PB2|PP755596.1|A/cattle/Texas/24-008749-003/2024(H5N1)	1967	1177
PB2|PP755596.1|A/cattle/Texas/24-008749-003/2024(H5N1)	1968	1161
PB2|PP755596.1|A/cattle/Texas/24-008749-003/2024(H5N1)	1969	1162
PB2|PP755596.1|A/cattle/Texas/24-008749-003/2024(H5N1)	1970	1164
PB2|PP755596.1|A/cattle/Texas/24-008749-003/2024(H5N1)	1971	1164
PB2|PP755596.1|A/cattle/Texas/24-008749-003/2024(H5N1)	1972	1337
PB2|PP755596.1|A/cattle/Texas/24-008749-003/2024(H5N1)	1973	1339
PB2|PP755596.1|A/cattle/Texas/24-008749-003/2024(H5N1)	1974	1338
PB2|PP755596.1|A/cattle/Texas/24-008749-003/2024(H5N1)	1975	1338
PB2|PP755596.1|A/cattle/Texas/24-008749-003/2024(H5N1)	1976	1333
PB2|PP755596.1|A/cattle/Texas/24-008749-003/2024(H5N1)	1977	1308
PB2|PP755596.1|A/cattle/Texas/24-008749-003/2024(H5N1)	1978	1304
PB2|PP755596.1|A/cattle/Texas/24-008749-003/2024(H5N1)	1979	1300
PB2|PP755596.1|A/cattle/Texas/24-008749-003/2024(H5N1)	1980	1300
PB2|PP755596.1|A/cattle/Texas/24-008749-003/2024(H5N1)	1981	1318
PB2|PP755596.1|A/cattle/Texas/24-008749-003/2024(H5N1)	1982	1322
PB2|PP755596.1|A/cattle/Texas/24-008749-003/2024(H5N1)	1983	1313
PB2|PP755596.1|A/cattle/Texas/24-008749-003/2024(H5N1)	1984	1323
PB2|PP755596.1|A/cattle/Texas/24-008749-003/2024(H5N1)	1985	1315
PB2|PP755596.1|A/cattle/Texas/24-008749-003/2024(H5N1)	1986	1315
PB2|PP755596.1|A/cattle/Texas/24-008749-003/2024(H5N1)	1987	1385
PB2|PP755596.1|A/cattle/Texas/24-008749-003/2024(H5N1)	1988	1341
PB2|PP755596.1|A/cattle/Texas/24-008749-003/2024(H5N1)	1989	1343
PB2|PP755596.1|A/cattle/Texas/24-008749-003/2024(H5N1)	1990	1326
PB2|PP755596.1|A/cattle/Texas/24-008749-003/2024(H5N1)	1991	1355
PB2|PP755596.1|A/cattle/Texas/24-008749-003/2024(H5N1)	1992	1354
PB2|PP755596.1|A/cattle/Texas/24-008749-003/2024(H5N1)	1993	1330
PB2|PP755596.1|A/cattle/Texas/24-008749-003/2024(H5N1)	1994	1330
PB2|PP755596.1|A/cattle/Texas/24-008749-003/2024(H5N1)	1995	1332
PB2|PP755596.1|A/cattle/Texas/24-008749-003/2024(H5N1)	1996	1329
PB2|PP755596.1|A/cattle/Texas/24-008749-003/2024(H5N1)	1997	1329
PB2|PP755596.1|A/cattle/Texas/24-008749-003/2024(H5N1)	1998	1319
PB2|PP755596.1|A/cattle/Texas/24-008749-003/2024(H5N1)	1999	1355
PB2|PP755596.1|A/cattle/Texas/24-008749-003/2024(H5N1)	2000	1329
PB2|PP755596.1|A/cattle/Texas/24-008749-003/2024(H5N1)	2001	1323
PB2|PP755596.1|A/cattle/Texas/24-008749-003/2024(H5N1)	2002	1308
PB2|PP755596.1|A/cattle/Texas/24-008749-003/2024(H5N1)	2003	1306
PB2|PP755596.1|A/cattle/Texas/24-008749-003/2024(H5N1)	2004	1305
PB2|PP755596.1|A/cattle/Texas/24-008749-003/2024(H5N1)	2005	1304
PB2|PP755596.1|A/cattle/Texas/24-008749-003/2024(H5N1)	2006	1303
PB2|PP755596.1|A/cattle/Texas/24-008749-003/2024(H5N1)	2007	1308
PB2|PP755596.1|A/cattle/Texas/24-008749-003/2024(H5N1)	2008	1287
PB2|PP755596.1|A/cattle/Texas/24-008749-003/2024(H5N1)	2009	1287
PB2|PP755596.1|A/cattle/Texas/24-008749-003/2024(H5N1)	2010	1288
PB2|PP755596.1|A/cattle/Texas/24-008749-003/2024(H5N1)	2011	1285
PB2|PP755596.1|A/cattle/Texas/24-008749-003/2024(H5N1)	2012	1323
PB2|PP755596.1|A/cattle/Texas/24-008749-003/2024(H5N1)	2013	1322
PB2|PP755596.1|A/cattle/Texas/24-008749-003/2024(H5N1)	2014	1335
PB2|PP755596.1|A/cattle/Texas/24-008749-003/2024(H5N1)	2015	1396
PB2|PP755596.1|A/cattle/Texas/24-008749-003/2024(H5N1)	2016	1396
PB2|PP755596.1|A/cattle/Texas/24-008749-003/2024(H5N1)	2017	1406
PB2|PP755596.1|A/cattle/Texas/24-008749-003/2024(H5N1)	2018	1415
PB2|PP755596.1|A/cattle/Texas/24-008749-003/2024(H5N1)	2019	1397
PB2|PP755596.1|A/cattle/Texas/24-008749-003/2024(H5N1)	2020	1399
PB2|PP755596.1|A/cattle/Texas/24-008749-003/2024(H5N1)	2021	1411
PB2|PP755596.1|A/cattle/Texas/24-008749-003/2024(H5N1)	2022	1408
PB2|PP755596.1|A/cattle/Texas/24-008749-003/2024(H5N1)	2023	1386
PB2|PP755596.1|A/cattle/Texas/24-008749-003/2024(H5N1)	2024	1314
PB2|PP755596.1|A/cattle/Texas/24-008749-003/2024(H5N1)	2025	1337
PB2|PP755596.1|A/cattle/Texas/24-008749-003/2024(H5N1)	2026	1335
PB2|PP755596.1|A/cattle/Texas/24-008749-003/2024(H5N1)	2027	1350
PB2|PP755596.1|A/cattle/Texas/24-008749-003/2024(H5N1)	2028	1364
PB2|PP755596.1|A/cattle/Texas/24-008749-003/2024(H5N1)	2029	1361
PB2|PP755596.1|A/cattle/Texas/24-008749-003/2024(H5N1)	2030	1335
PB2|PP755596.1|A/cattle/Texas/24-008749-003/2024(H5N1)	2031	1335
PB2|PP755596.1|A/cattle/Texas/24-008749-003/2024(H5N1)	2032	1341
PB2|PP755596.1|A/cattle/Texas/24-008749-003/2024(H5N1)	2033	1372
PB2|PP755596.1|A/cattle/Texas/24-008749-003/2024(H5N1)	2034	1361
PB2|PP755596.1|A/cattle/Texas/24-008749-003/2024(H5N1)	2035	1352
PB2|PP755596.1|A/cattle/Texas/24-008749-003/2024(H5N1)	2036	1341
PB2|PP755596.1|A/cattle/Texas/24-008749-003/2024(H5N1)	2037	1339
PB2|PP755596.1|A/cattle/Texas/24-008749-003/2024(H5N1)	2038	1363
PB2|PP755596.1|A/cattle/Texas/24-008749-003/2024(H5N1)	2039	1384
PB2|PP755596.1|A/cattle/Texas/24-008749-003/2024(H5N1)	2040	1384
PB2|PP755596.1|A/cattle/Texas/24-008749-003/2024(H5N1)	2041	1378
PB2|PP755596.1|A/cattle/Texas/24-008749-003/2024(H5N1)	2042	1340
PB2|PP755596.1|A/cattle/Texas/24-008749-003/2024(H5N1)	2043	1345
PB2|PP755596.1|A/cattle/Texas/24-008749-003/2024(H5N1)	2044	1347
PB2|PP755596.1|A/cattle/Texas/24-008749-003/2024(H5N1)	2045	1349
PB2|PP755596.1|A/cattle/Texas/24-008749-003/2024(H5N1)	2046	1361
PB2|PP755596.1|A/cattle/Texas/24-008749-003/2024(H5N1)	2047	1348
PB2|PP755596.1|A/cattle/Texas/24-008749-003/2024(H5N1)	2048	1361
PB2|PP755596.1|A/cattle/Texas/24-008749-003/2024(H5N1)	2049	1360
PB2|PP755596.1|A/cattle/Texas/24-008749-003/2024(H5N1)	2050	1368
PB2|PP755596.1|A/cattle/Texas/24-008749-003/2024(H5N1)	2051	1381
PB2|PP755596.1|A/cattle/Texas/24-008749-003/2024(H5N1)	2052	1392
PB2|PP755596.1|A/cattle/Texas/24-008749-003/2024(H5N1)	2053	1393
PB2|PP755596.1|A/cattle/Texas/24-008749-003/2024(H5N1)	2054	1402
PB2|PP755596.1|A/cattle/Texas/24-008749-003/2024(H5N1)	2055	1391
PB2|PP755596.1|A/cattle/Texas/24-008749-003/2024(H5N1)	2056	1393
PB2|PP755596.1|A/cattle/Texas/24-008749-003/2024(H5N1)	2057	1372
PB2|PP755596.1|A/cattle/Texas/24-008749-003/2024(H5N1)	2058	1364
PB2|PP755596.1|A/cattle/Texas/24-008749-003/2024(H5N1)	2059	1352
PB2|PP755596.1|A/cattle/Texas/24-008749-003/2024(H5N1)	2060	1348
PB2|PP755596.1|A/cattle/Texas/24-008749-003/2024(H5N1)	2061	1344
PB2|PP755596.1|A/cattle/Texas/24-008749-003/2024(H5N1)	2062	1331
PB2|PP755596.1|A/cattle/Texas/24-008749-003/2024(H5N1)	2063	1305
PB2|PP755596.1|A/cattle/Texas/24-008749-003/2024(H5N1)	2064	1299
PB2|PP755596.1|A/cattle/Texas/24-008749-003/2024(H5N1)	2065	1300
PB2|PP755596.1|A/cattle/Texas/24-008749-003/2024(H5N1)	2066	1298
PB2|PP755596.1|A/cattle/Texas/24-008749-003/2024(H5N1)	2067	1296
PB2|PP755596.1|A/cattle/Texas/24-008749-003/2024(H5N1)	2068	1330
PB2|PP755596.1|A/cattle/Texas/24-008749-003/2024(H5N1)	2069	1321
PB2|PP755596.1|A/cattle/Texas/24-008749-003/2024(H5N1)	2070	1328
PB2|PP755596.1|A/cattle/Texas/24-008749-003/2024(H5N1)	2071	1330
PB2|PP755596.1|A/cattle/Texas/24-008749-003/2024(H5N1)	2072	1327
PB2|PP755596.1|A/cattle/Texas/24-008749-003/2024(H5N1)	2073	1326
PB2|PP755596.1|A/cattle/Texas/24-008749-003/2024(H5N1)	2074	1323
PB2|PP755596.1|A/cattle/Texas/24-008749-003/2024(H5N1)	2075	1318
PB2|PP755596.1|A/cattle/Texas/24-008749-003/2024(H5N1)	2076	1288
PB2|PP755596.1|A/cattle/Texas/24-008749-003/2024(H5N1)	2077	1264
PB2|PP755596.1|A/cattle/Texas/24-008749-003/2024(H5N1)	2078	1262
PB2|PP755596.1|A/cattle/Texas/24-008749-003/2024(H5N1)	2079	1273
PB2|PP755596.1|A/cattle/Texas/24-008749-003/2024(H5N1)	2080	1354
PB2|PP755596.1|A/cattle/Texas/24-008749-003/2024(H5N1)	2081	1345
PB2|PP755596.1|A/cattle/Texas/24-008749-003/2024(H5N1)	2082	1352
PB2|PP755596.1|A/cattle/Texas/24-008749-003/2024(H5N1)	2083	1332
PB2|PP755596.1|A/cattle/Texas/24-008749-003/2024(H5N1)	2084	1334
PB2|PP755596.1|A/cattle/Texas/24-008749-003/2024(H5N1)	2085	1335
PB2|PP755596.1|A/cattle/Texas/24-008749-003/2024(H5N1)	2086	1338
PB2|PP755596.1|A/cattle/Texas/24-008749-003/2024(H5N1)	2087	1337
PB2|PP755596.1|A/cattle/Texas/24-008749-003/2024(H5N1)	2088	1365
PB2|PP755596.1|A/cattle/Texas/24-008749-003/2024(H5N1)	2089	1365
PB2|PP755596.1|A/cattle/Texas/24-008749-003/2024(H5N1)	2090	1351
PB2|PP755596.1|A/cattle/Texas/24-008749-003/2024(H5N1)	2091	1348
PB2|PP755596.1|A/cattle/Texas/24-008749-003/2024(H5N1)	2092	1343
PB2|PP755596.1|A/cattle/Texas/24-008749-003/2024(H5N1)	2093	1344
PB2|PP755596.1|A/cattle/Texas/24-008749-003/2024(H5N1)	2094	1329
PB2|PP755596.1|A/cattle/Texas/24-008749-003/2024(H5N1)	2095	1332
PB2|PP755596.1|A/cattle/Texas/24-008749-003/2024(H5N1)	2096	1376
PB2|PP755596.1|A/cattle/Texas/24-008749-003/2024(H5N1)	2097	1376
PB2|PP755596.1|A/cattle/Texas/24-008749-003/2024(H5N1)	2098	1380
PB2|PP755596.1|A/cattle/Texas/24-008749-003/2024(H5N1)	2099	1402
PB2|PP755596.1|A/cattle/Texas/24-008749-003/2024(H5N1)	2100	1408
PB2|PP755596.1|A/cattle/Texas/24-008749-003/2024(H5N1)	2101	1407
PB2|PP755596.1|A/cattle/Texas/24-008749-003/2024(H5N1)	2102	1406
PB2|PP755596.1|A/cattle/Texas/24-008749-003/2024(H5N1)	2103	1407
PB2|PP755596.1|A/cattle/Texas/24-008749-003/2024(H5N1)	2104	1405
PB2|PP755596.1|A/cattle/Texas/24-008749-003/2024(H5N1)	2105	1402
PB2|PP755596.1|A/cattle/Texas/24-008749-003/2024(H5N1)	2106	1367
PB2|PP755596.1|A/cattle/Texas/24-008749-003/2024(H5N1)	2107	1364
PB2|PP755596.1|A/cattle/Texas/24-008749-003/2024(H5N1)	2108	1365
PB2|PP755596.1|A/cattle/Texas/24-008749-003/2024(H5N1)	2109	1367
PB2|PP755596.1|A/cattle/Texas/24-008749-003/2024(H5N1)	2110	1357
PB2|PP755596.1|A/cattle/Texas/24-008749-003/2024(H5N1)	2111	1355
PB2|PP755596.1|A/cattle/Texas/24-008749-003/2024(H5N1)	2112	1349
PB2|PP755596.1|A/cattle/Texas/24-008749-003/2024(H5N1)	2113	1351
PB2|PP755596.1|A/cattle/Texas/24-008749-003/2024(H5N1)	2114	1531
PB2|PP755596.1|A/cattle/Texas/24-008749-003/2024(H5N1)	2115	1524
PB2|PP755596.1|A/cattle/Texas/24-008749-003/2024(H5N1)	2116	1527
PB2|PP755596.1|A/cattle/Texas/24-008749-003/2024(H5N1)	2117	1526
PB2|PP755596.1|A/cattle/Texas/24-008749-003/2024(H5N1)	2118	1519
PB2|PP755596.1|A/cattle/Texas/24-008749-003/2024(H5N1)	2119	1545
PB2|PP755596.1|A/cattle/Texas/24-008749-003/2024(H5N1)	2120	1542
PB2|PP755596.1|A/cattle/Texas/24-008749-003/2024(H5N1)	2121	1542
PB2|PP755596.1|A/cattle/Texas/24-008749-003/2024(H5N1)	2122	1533
PB2|PP755596.1|A/cattle/Texas/24-008749-003/2024(H5N1)	2123	1311
PB2|PP755596.1|A/cattle/Texas/24-008749-003/2024(H5N1)	2124	1322
PB2|PP755596.1|A/cattle/Texas/24-008749-003/2024(H5N1)	2125	1322
PB2|PP755596.1|A/cattle/Texas/24-008749-003/2024(H5N1)	2126	1325
PB2|PP755596.1|A/cattle/Texas/24-008749-003/2024(H5N1)	2127	1346
PB2|PP755596.1|A/cattle/Texas/24-008749-003/2024(H5N1)	2128	1338
PB2|PP755596.1|A/cattle/Texas/24-008749-003/2024(H5N1)	2129	1374
PB2|PP755596.1|A/cattle/Texas/24-008749-003/2024(H5N1)	2130	1397
PB2|PP755596.1|A/cattle/Texas/24-008749-003/2024(H5N1)	2131	1398
PB2|PP755596.1|A/cattle/Texas/24-008749-003/2024(H5N1)	2132	1389
PB2|PP755596.1|A/cattle/Texas/24-008749-003/2024(H5N1)	2133	1383
PB2|PP755596.1|A/cattle/Texas/24-008749-003/2024(H5N1)	2134	1387
PB2|PP755596.1|A/cattle/Texas/24-008749-003/2024(H5N1)	2135	1378
PB2|PP755596.1|A/cattle/Texas/24-008749-003/2024(H5N1)	2136	1368
PB2|PP755596.1|A/cattle/Texas/24-008749-003/2024(H5N1)	2137	1364
PB2|PP755596.1|A/cattle/Texas/24-008749-003/2024(H5N1)	2138	1305
PB2|PP755596.1|A/cattle/Texas/24-008749-003/2024(H5N1)	2139	1312
PB2|PP755596.1|A/cattle/Texas/24-008749-003/2024(H5N1)	2140	1312
PB2|PP755596.1|A/cattle/Texas/24-008749-003/2024(H5N1)	2141	1312
PB2|PP755596.1|A/cattle/Texas/24-008749-003/2024(H5N1)	2142	1293
PB2|PP755596.1|A/cattle/Texas/24-008749-003/2024(H5N1)	2143	1294
PB2|PP755596.1|A/cattle/Texas/24-008749-003/2024(H5N1)	2144	1300
PB2|PP755596.1|A/cattle/Texas/24-008749-003/2024(H5N1)	2145	1296
PB2|PP755596.1|A/cattle/Texas/24-008749-003/2024(H5N1)	2146	1295
PB2|PP755596.1|A/cattle/Texas/24-008749-003/2024(H5N1)	2147	1297
PB2|PP755596.1|A/cattle/Texas/24-008749-003/2024(H5N1)	2148	1292
PB2|PP755596.1|A/cattle/Texas/24-008749-003/2024(H5N1)	2149	1329
PB2|PP755596.1|A/cattle/Texas/24-008749-003/2024(H5N1)	2150	1298
PB2|PP755596.1|A/cattle/Texas/24-008749-003/2024(H5N1)	2151	1298
PB2|PP755596.1|A/cattle/Texas/24-008749-003/2024(H5N1)	2152	1299
PB2|PP755596.1|A/cattle/Texas/24-008749-003/2024(H5N1)	2153	1296
PB2|PP755596.1|A/cattle/Texas/24-008749-003/2024(H5N1)	2154	1298
PB2|PP755596.1|A/cattle/Texas/24-008749-003/2024(H5N1)	2155	1303
PB2|PP755596.1|A/cattle/Texas/24-008749-003/2024(H5N1)	2156	1304
PB2|PP755596.1|A/cattle/Texas/24-008749-003/2024(H5N1)	2157	1290
PB2|PP755596.1|A/cattle/Texas/24-008749-003/2024(H5N1)	2158	1291
PB2|PP755596.1|A/cattle/Texas/24-008749-003/2024(H5N1)	2159	1290
PB2|PP755596.1|A/cattle/Texas/24-008749-003/2024(H5N1)	2160	1290
PB2|PP755596.1|A/cattle/Texas/24-008749-003/2024(H5N1)	2161	1314
PB2|PP755596.1|A/cattle/Texas/24-008749-003/2024(H5N1)	2162	1303
PB2|PP755596.1|A/cattle/Texas/24-008749-003/2024(H5N1)	2163	1297
PB2|PP755596.1|A/cattle/Texas/24-008749-003/2024(H5N1)	2164	1544
PB2|PP755596.1|A/cattle/Texas/24-008749-003/2024(H5N1)	2165	1515
PB2|PP755596.1|A/cattle/Texas/24-008749-003/2024(H5N1)	2166	1514
PB2|PP755596.1|A/cattle/Texas/24-008749-003/2024(H5N1)	2167	1512
PB2|PP755596.1|A/cattle/Texas/24-008749-003/2024(H5N1)	2168	1523
PB2|PP755596.1|A/cattle/Texas/24-008749-003/2024(H5N1)	2169	1529
PB2|PP755596.1|A/cattle/Texas/24-008749-003/2024(H5N1)	2170	1537
PB2|PP755596.1|A/cattle/Texas/24-008749-003/2024(H5N1)	2171	1507
PB2|PP755596.1|A/cattle/Texas/24-008749-003/2024(H5N1)	2172	1498
PB2|PP755596.1|A/cattle/Texas/24-008749-003/2024(H5N1)	2173	1498
PB2|PP755596.1|A/cattle/Texas/24-008749-003/2024(H5N1)	2174	1492
PB2|PP755596.1|A/cattle/Texas/24-008749-003/2024(H5N1)	2175	1492
PB2|PP755596.1|A/cattle/Texas/24-008749-003/2024(H5N1)	2176	1466
PB2|PP755596.1|A/cattle/Texas/24-008749-003/2024(H5N1)	2177	1466
PB2|PP755596.1|A/cattle/Texas/24-008749-003/2024(H5N1)	2178	1460
PB2|PP755596.1|A/cattle/Texas/24-008749-003/2024(H5N1)	2179	1461
PB2|PP755596.1|A/cattle/Texas/24-008749-003/2024(H5N1)	2180	1463
PB2|PP755596.1|A/cattle/Texas/24-008749-003/2024(H5N1)	2181	1463
PB2|PP755596.1|A/cattle/Texas/24-008749-003/2024(H5N1)	2182	1458
PB2|PP755596.1|A/cattle/Texas/24-008749-003/2024(H5N1)	2183	1458
PB2|PP755596.1|A/cattle/Texas/24-008749-003/2024(H5N1)	2184	1434
PB2|PP755596.1|A/cattle/Texas/24-008749-003/2024(H5N1)	2185	1433
PB2|PP755596.1|A/cattle/Texas/24-008749-003/2024(H5N1)	2186	1437
PB2|PP755596.1|A/cattle/Texas/24-008749-003/2024(H5N1)	2187	1435
PB2|PP755596.1|A/cattle/Texas/24-008749-003/2024(H5N1)	2188	1428
PB2|PP755596.1|A/cattle/Texas/24-008749-003/2024(H5N1)	2189	1407
PB2|PP755596.1|A/cattle/Texas/24-008749-003/2024(H5N1)	2190	1404
PB2|PP755596.1|A/cattle/Texas/24-008749-003/2024(H5N1)	2191	1404
PB2|PP755596.1|A/cattle/Texas/24-008749-003/2024(H5N1)	2192	1405
PB2|PP755596.1|A/cattle/Texas/24-008749-003/2024(H5N1)	2193	1405
PB2|PP755596.1|A/cattle/Texas/24-008749-003/2024(H5N1)	2194	1404
PB2|PP755596.1|A/cattle/Texas/24-008749-003/2024(H5N1)	2195	1384
PB2|PP755596.1|A/cattle/Texas/24-008749-003/2024(H5N1)	2196	1388
PB2|PP755596.1|A/cattle/Texas/24-008749-003/2024(H5N1)	2197	1364
PB2|PP755596.1|A/cattle/Texas/24-008749-003/2024(H5N1)	2198	1361
PB2|PP755596.1|A/cattle/Texas/24-008749-003/2024(H5N1)	2199	1347
PB2|PP755596.1|A/cattle/Texas/24-008749-003/2024(H5N1)	2200	1345
PB2|PP755596.1|A/cattle/Texas/24-008749-003/2024(H5N1)	2201	1328
PB2|PP755596.1|A/cattle/Texas/24-008749-003/2024(H5N1)	2202	1321
PB2|PP755596.1|A/cattle/Texas/24-008749-003/2024(H5N1)	2203	1298
PB2|PP755596.1|A/cattle/Texas/24-008749-003/2024(H5N1)	2204	1286
PB2|PP755596.1|A/cattle/Texas/24-008749-003/2024(H5N1)	2205	1281
PB2|PP755596.1|A/cattle/Texas/24-008749-003/2024(H5N1)	2206	1278
PB2|PP755596.1|A/cattle/Texas/24-008749-003/2024(H5N1)	2207	1276
PB2|PP755596.1|A/cattle/Texas/24-008749-003/2024(H5N1)	2208	1275
PB2|PP755596.1|A/cattle/Texas/24-008749-003/2024(H5N1)	2209	1272
PB2|PP755596.1|A/cattle/Texas/24-008749-003/2024(H5N1)	2210	1272
PB2|PP755596.1|A/cattle/Texas/24-008749-003/2024(H5N1)	2211	1267
PB2|PP755596.1|A/cattle/Texas/24-008749-003/2024(H5N1)	2212	1266
PB2|PP755596.1|A/cattle/Texas/24-008749-003/2024(H5N1)	2213	1266
PB2|PP755596.1|A/cattle/Texas/24-008749-003/2024(H5N1)	2214	1263
PB2|PP755596.1|A/cattle/Texas/24-008749-003/2024(H5N1)	2215	1260
PB2|PP755596.1|A/cattle/Texas/24-008749-003/2024(H5N1)	2216	1256
PB2|PP755596.1|A/cattle/Texas/24-008749-003/2024(H5N1)	2217	1255
PB2|PP755596.1|A/cattle/Texas/24-008749-003/2024(H5N1)	2218	1255
PB2|PP755596.1|A/cattle/Texas/24-008749-003/2024(H5N1)	2219	1225
PB2|PP755596.1|A/cattle/Texas/24-008749-003/2024(H5N1)	2220	1219
PB2|PP755596.1|A/cattle/Texas/24-008749-003/2024(H5N1)	2221	1218
PB2|PP755596.1|A/cattle/Texas/24-008749-003/2024(H5N1)	2222	1225
PB2|PP755596.1|A/cattle/Texas/24-008749-003/2024(H5N1)	2223	1225
PB2|PP755596.1|A/cattle/Texas/24-008749-003/2024(H5N1)	2224	1224
PB2|PP755596.1|A/cattle/Texas/24-008749-003/2024(H5N1)	2225	1224
PB2|PP755596.1|A/cattle/Texas/24-008749-003/2024(H5N1)	2226	1202
PB2|PP755596.1|A/cattle/Texas/24-008749-003/2024(H5N1)	2227	1202
PB2|PP755596.1|A/cattle/Texas/24-008749-003/2024(H5N1)	2228	1198
PB2|PP755596.1|A/cattle/Texas/24-008749-003/2024(H5N1)	2229	1177
PB2|PP755596.1|A/cattle/Texas/24-008749-003/2024(H5N1)	2230	1179
PB2|PP755596.1|A/cattle/Texas/24-008749-003/2024(H5N1)	2231	1075
PB2|PP755596.1|A/cattle/Texas/24-008749-003/2024(H5N1)	2232	1075
PB2|PP755596.1|A/cattle/Texas/24-008749-003/2024(H5N1)	2233	1066
PB2|PP755596.1|A/cattle/Texas/24-008749-003/2024(H5N1)	2234	1065
PB2|PP755596.1|A/cattle/Texas/24-008749-003/2024(H5N1)	2235	1062
PB2|PP755596.1|A/cattle/Texas/24-008749-003/2024(H5N1)	2236	1062
PB2|PP755596.1|A/cattle/Texas/24-008749-003/2024(H5N1)	2237	1051
PB2|PP755596.1|A/cattle/Texas/24-008749-003/2024(H5N1)	2238	1052
PB2|PP755596.1|A/cattle/Texas/24-008749-003/2024(H5N1)	2239	1000
PB2|PP755596.1|A/cattle/Texas/24-008749-003/2024(H5N1)	2240	1002
PB2|PP755596.1|A/cattle/Texas/24-008749-003/2024(H5N1)	2241	1001
PB2|PP755596.1|A/cattle/Texas/24-008749-003/2024(H5N1)	2242	1001
PB2|PP755596.1|A/cattle/Texas/24-008749-003/2024(H5N1)	2243	999
PB2|PP755596.1|A/cattle/Texas/24-008749-003/2024(H5N1)	2244	999
PB2|PP755596.1|A/cattle/Texas/24-008749-003/2024(H5N1)	2245	999
PB2|PP755596.1|A/cattle/Texas/24-008749-003/2024(H5N1)	2246	995
PB2|PP755596.1|A/cattle/Texas/24-008749-003/2024(H5N1)	2247	935
PB2|PP755596.1|A/cattle/Texas/24-008749-003/2024(H5N1)	2248	935
PB2|PP755596.1|A/cattle/Texas/24-008749-003/2024(H5N1)	2249	900
PB2|PP755596.1|A/cattle/Texas/24-008749-003/2024(H5N1)	2250	901
PB2|PP755596.1|A/cattle/Texas/24-008749-003/2024(H5N1)	2251	898
PB2|PP755596.1|A/cattle/Texas/24-008749-003/2024(H5N1)	2252	895
PB2|PP755596.1|A/cattle/Texas/24-008749-003/2024(H5N1)	2253	889
PB2|PP755596.1|A/cattle/Texas/24-008749-003/2024(H5N1)	2254	886
PB2|PP755596.1|A/cattle/Texas/24-008749-003/2024(H5N1)	2255	888
PB2|PP755596.1|A/cattle/Texas/24-008749-003/2024(H5N1)	2256	888
PB2|PP755596.1|A/cattle/Texas/24-008749-003/2024(H5N1)	2257	888
PB2|PP755596.1|A/cattle/Texas/24-008749-003/2024(H5N1)	2258	883
PB2|PP755596.1|A/cattle/Texas/24-008749-003/2024(H5N1)	2259	867
PB2|PP755596.1|A/cattle/Texas/24-008749-003/2024(H5N1)	2260	866
PB2|PP755596.1|A/cattle/Texas/24-008749-003/2024(H5N1)	2261	860
PB2|PP755596.1|A/cattle/Texas/24-008749-003/2024(H5N1)	2262	860
PB2|PP755596.1|A/cattle/Texas/24-008749-003/2024(H5N1)	2263	859
PB2|PP755596.1|A/cattle/Texas/24-008749-003/2024(H5N1)	2264	850
PB2|PP755596.1|A/cattle/Texas/24-008749-003/2024(H5N1)	2265	719
PB2|PP755596.1|A/cattle/Texas/24-008749-003/2024(H5N1)	2266	719
PB2|PP755596.1|A/cattle/Texas/24-008749-003/2024(H5N1)	2267	705
PB2|PP755596.1|A/cattle/Texas/24-008749-003/2024(H5N1)	2268	705
PB2|PP755596.1|A/cattle/Texas/24-008749-003/2024(H5N1)	2269	705
PB2|PP755596.1|A/cattle/Texas/24-008749-003/2024(H5N1)	2270	686
PB2|PP755596.1|A/cattle/Texas/24-008749-003/2024(H5N1)	2271	686
PB2|PP755596.1|A/cattle/Texas/24-008749-003/2024(H5N1)	2272	685
PB2|PP755596.1|A/cattle/Texas/24-008749-003/2024(H5N1)	2273	685
PB2|PP755596.1|A/cattle/Texas/24-008749-003/2024(H5N1)	2274	676
PB2|PP755596.1|A/cattle/Texas/24-008749-003/2024(H5N1)	2275	676
PB2|PP755596.1|A/cattle/Texas/24-008749-003/2024(H5N1)	2276	676
PB2|PP755596.1|A/cattle/Texas/24-008749-003/2024(H5N1)	2277	657
PB2|PP755596.1|A/cattle/Texas/24-008749-003/2024(H5N1)	2278	641
PB2|PP755596.1|A/cattle/Texas/24-008749-003/2024(H5N1)	2279	615
PB2|PP755596.1|A/cattle/Texas/24-008749-003/2024(H5N1)	2280	591
