NA|PP755591.1|A/cattle/Texas/24-008749-003/2024(H5N1)	1	27
NA|PP755591.1|A/cattle/Texas/24-008749-003/2024(H5N1)	2	28
NA|PP755591.1|A/cattle/Texas/24-008749-003/2024(H5N1)	3	28
NA|PP755591.1|A/cattle/Texas/24-008749-003/2024(H5N1)	4	28
NA|PP755591.1|A/cattle/Texas/24-008749-003/2024(H5N1)	5	28
NA|PP755591.1|A/cattle/Texas/24-008749-003/2024(H5N1)	6	28
NA|PP755591.1|A/cattle/Texas/24-008749-003/2024(H5N1)	7	28
NA|PP755591.1|A/cattle/Texas/24-008749-003/2024(H5N1)	8	28
NA|PP755591.1|A/cattle/Texas/24-008749-003/2024(H5N1)	9	28
NA|PP755591.1|A/cattle/Texas/24-008749-003/2024(H5N1)	10	28
NA|PP755591.1|A/cattle/Texas/24-008749-003/2024(H5N1)	11	28
NA|PP755591.1|A/cattle/Texas/24-008749-003/2024(H5N1)	12	28
NA|PP755591.1|A/cattle/Texas/24-008749-003/2024(H5N1)	13	28
NA|PP755591.1|A/cattle/Texas/24-008749-003/2024(H5N1)	14	28
NA|PP755591.1|A/cattle/Texas/24-008749-003/2024(H5N1)	15	28
NA|PP755591.1|A/cattle/Texas/24-008749-003/2024(H5N1)	16	28
NA|PP755591.1|A/cattle/Texas/24-008749-003/2024(H5N1)	17	28
NA|PP755591.1|A/cattle/Texas/24-008749-003/2024(H5N1)	18	28
NA|PP755591.1|A/cattle/Texas/24-008749-003/2024(H5N1)	19	28
NA|PP755591.1|A/cattle/Texas/24-008749-003/2024(H5N1)	20	28
NA|PP755591.1|A/cattle/Texas/24-008749-003/2024(H5N1)	21	28
NA|PP755591.1|A/cattle/Texas/24-008749-003/2024(H5N1)	22	28
NA|PP755591.1|A/cattle/Texas/24-008749-003/2024(H5N1)	23	28
NA|PP755591.1|A/cattle/Texas/24-008749-003/2024(H5N1)	24	28
NA|PP755591.1|A/cattle/Texas/24-008749-003/2024(H5N1)	25	28
NA|PP755591.1|A/cattle/Texas/24-008749-003/2024(H5N1)	26	28
NA|PP755591.1|A/cattle/Texas/24-008749-003/2024(H5N1)	27	28
NA|PP755591.1|A/cattle/Texas/24-008749-003/2024(H5N1)	28	28
NA|PP755591.1|A/cattle/Texas/24-008749-003/2024(H5N1)	29	28
NA|PP755591.1|A/cattle/Texas/24-008749-003/2024(H5N1)	30	28
NA|PP755591.1|A/cattle/Texas/24-008749-003/2024(H5N1)	31	28
NA|PP755591.1|A/cattle/Texas/24-008749-003/2024(H5N1)	32	28
NA|PP755591.1|A/cattle/Texas/24-008749-003/2024(H5N1)	33	28
NA|PP755591.1|A/cattle/Texas/24-008749-003/2024(H5N1)	34	28
NA|PP755591.1|A/cattle/Texas/24-008749-003/2024(H5N1)	35	29
NA|PP755591.1|A/cattle/Texas/24-008749-003/2024(H5N1)	36	29
NA|PP755591.1|A/cattle/Texas/24-008749-003/2024(H5N1)	37	29
NA|PP755591.1|A/cattle/Texas/24-008749-003/2024(H5N1)	38	29
NA|PP755591.1|A/cattle/Texas/24-008749-003/2024(H5N1)	39	29
NA|PP755591.1|A/cattle/Texas/24-008749-003/2024(H5N1)	40	29
NA|PP755591.1|A/cattle/Texas/24-008749-003/2024(H5N1)	41	29
NA|PP755591.1|A/cattle/Texas/24-008749-003/2024(H5N1)	42	29
NA|PP755591.1|A/cattle/Texas/24-008749-003/2024(H5N1)	43	29
NA|PP755591.1|A/cattle/Texas/24-008749-003/2024(H5N1)	44	29
NA|PP755591.1|A/cattle/Texas/24-008749-003/2024(H5N1)	45	29
NA|PP755591.1|A/cattle/Texas/24-008749-003/2024(H5N1)	46	29
NA|PP755591.1|A/cattle/Texas/24-008749-003/2024(H5N1)	47	29
NA|PP755591.1|A/cattle/Texas/24-008749-003/2024(H5N1)	48	29
NA|PP755591.1|A/cattle/Texas/24-008749-003/2024(H5N1)	49	29
NA|PP755591.1|A/cattle/Texas/24-008749-003/2024(H5N1)	50	29
NA|PP755591.1|A/cattle/Texas/24-008749-003/2024(H5N1)	51	29
NA|PP755591.1|A/cattle/Texas/24-008749-003/2024(H5N1)	52	29
NA|PP755591.1|A/cattle/Texas/24-008749-003/2024(H5N1)	53	29
NA|PP755591.1|A/cattle/Texas/24-008749-003/2024(H5N1)	54	29
NA|PP755591.1|A/cattle/Texas/24-008749-003/2024(H5N1)	55	29
NA|PP755591.1|A/cattle/Texas/24-008749-003/2024(H5N1)	56	29
NA|PP755591.1|A/cattle/Texas/24-008749-003/2024(H5N1)	57	29
NA|PP755591.1|A/cattle/Texas/24-008749-003/2024(H5N1)	58	29
NA|PP755591.1|A/cattle/Texas/24-008749-003/2024(H5N1)	59	29
NA|PP755591.1|A/cattle/Texas/24-008749-003/2024(H5N1)	60	29
NA|PP755591.1|A/cattle/Texas/24-008749-003/2024(H5N1)	61	29
NA|PP755591.1|A/cattle/Texas/24-008749-003/2024(H5N1)	62	29
NA|PP755591.1|A/cattle/Texas/24-008749-003/2024(H5N1)	63	29
NA|PP755591.1|A/cattle/Texas/24-008749-003/2024(H5N1)	64	29
NA|PP755591.1|A/cattle/Texas/24-008749-003/2024(H5N1)	65	32
NA|PP755591.1|A/cattle/Texas/24-008749-003/2024(H5N1)	66	32
NA|PP755591.1|A/cattle/Texas/24-008749-003/2024(H5N1)	67	32
NA|PP755591.1|A/cattle/Texas/24-008749-003/2024(H5N1)	68	32
NA|PP755591.1|A/cattle/Texas/24-008749-003/2024(H5N1)	69	32
NA|PP755591.1|A/cattle/Texas/24-008749-003/2024(H5N1)	70	32
NA|PP755591.1|A/cattle/Texas/24-008749-003/2024(H5N1)	71	32
NA|PP755591.1|A/cattle/Texas/24-008749-003/2024(H5N1)	72	32
NA|PP755591.1|A/cattle/Texas/24-008749-003/2024(H5N1)	73	45
NA|PP755591.1|A/cattle/Texas/24-008749-003/2024(H5N1)	74	47
NA|PP755591.1|A/cattle/Texas/24-008749-003/2024(H5N1)	75	47
NA|PP755591.1|A/cattle/Texas/24-008749-003/2024(H5N1)	76	47
NA|PP755591.1|A/cattle/Texas/24-008749-003/2024(H5N1)	77	47
NA|PP755591.1|A/cattle/Texas/24-008749-003/2024(H5N1)	78	47
NA|PP755591.1|A/cattle/Texas/24-008749-003/2024(H5N1)	79	47
NA|PP755591.1|A/cattle/Texas/24-008749-003/2024(H5N1)	80	47
NA|PP755591.1|A/cattle/Texas/24-008749-003/2024(H5N1)	81	47
NA|PP755591.1|A/cattle/Texas/24-008749-003/2024(H5N1)	82	49
NA|PP755591.1|A/cattle/Texas/24-008749-003/2024(H5N1)	83	50
NA|PP755591.1|A/cattle/Texas/24-008749-003/2024(H5N1)	84	51
NA|PP755591.1|A/cattle/Texas/24-008749-003/2024(H5N1)	85	51
NA|PP755591.1|A/cattle/Texas/24-008749-003/2024(H5N1)	86	51
NA|PP755591.1|A/cattle/Texas/24-008749-003/2024(H5N1)	87	52
NA|PP755591.1|A/cattle/Texas/24-008749-003/2024(H5N1)	88	52
NA|PP755591.1|A/cattle/Texas/24-008749-003/2024(H5N1)	89	52
NA|PP755591.1|A/cattle/Texas/24-008749-003/2024(H5N1)	90	52
NA|PP755591.1|A/cattle/Texas/24-008749-003/2024(H5N1)	91	52
NA|PP755591.1|A/cattle/Texas/24-008749-003/2024(H5N1)	92	52
NA|PP755591.1|A/cattle/Texas/24-008749-003/2024(H5N1)	93	52
NA|PP755591.1|A/cattle/Texas/24-008749-003/2024(H5N1)	94	52
NA|PP755591.1|A/cattle/Texas/24-008749-003/2024(H5N1)	95	52
NA|PP755591.1|A/cattle/Texas/24-008749-003/2024(H5N1)	96	51
NA|PP755591.1|A/cattle/Texas/24-008749-003/2024(H5N1)	97	51
NA|PP755591.1|A/cattle/Texas/24-008749-003/2024(H5N1)	98	51
NA|PP755591.1|A/cattle/Texas/24-008749-003/2024(H5N1)	99	51
NA|PP755591.1|A/cattle/Texas/24-008749-003/2024(H5N1)	100	51
NA|PP755591.1|A/cattle/Texas/24-008749-003/2024(H5N1)	101	50
NA|PP755591.1|A/cattle/Texas/24-008749-003/2024(H5N1)	102	50
NA|PP755591.1|A/cattle/Texas/24-008749-003/2024(H5N1)	103	48
NA|PP755591.1|A/cattle/Texas/24-008749-003/2024(H5N1)	104	48
NA|PP755591.1|A/cattle/Texas/24-008749-003/2024(H5N1)	105	46
NA|PP755591.1|A/cattle/Texas/24-008749-003/2024(H5N1)	106	46
NA|PP755591.1|A/cattle/Texas/24-008749-003/2024(H5N1)	107	46
NA|PP755591.1|A/cattle/Texas/24-008749-003/2024(H5N1)	108	46
NA|PP755591.1|A/cattle/Texas/24-008749-003/2024(H5N1)	109	46
NA|PP755591.1|A/cattle/Texas/24-008749-003/2024(H5N1)	110	46
NA|PP755591.1|A/cattle/Texas/24-008749-003/2024(H5N1)	111	46
NA|PP755591.1|A/cattle/Texas/24-008749-003/2024(H5N1)	112	45
NA|PP755591.1|A/cattle/Texas/24-008749-003/2024(H5N1)	113	45
NA|PP755591.1|A/cattle/Texas/24-008749-003/2024(H5N1)	114	42
NA|PP755591.1|A/cattle/Texas/24-008749-003/2024(H5N1)	115	42
NA|PP755591.1|A/cattle/Texas/24-008749-003/2024(H5N1)	116	42
NA|PP755591.1|A/cattle/Texas/24-008749-003/2024(H5N1)	117	42
NA|PP755591.1|A/cattle/Texas/24-008749-003/2024(H5N1)	118	42
NA|PP755591.1|A/cattle/Texas/24-008749-003/2024(H5N1)	119	42
NA|PP755591.1|A/cattle/Texas/24-008749-003/2024(H5N1)	120	10
NA|PP755591.1|A/cattle/Texas/24-008749-003/2024(H5N1)	121	10
NA|PP755591.1|A/cattle/Texas/24-008749-003/2024(H5N1)	122	10
NA|PP755591.1|A/cattle/Texas/24-008749-003/2024(H5N1)	123	10
NA|PP755591.1|A/cattle/Texas/24-008749-003/2024(H5N1)	124	10
NA|PP755591.1|A/cattle/Texas/24-008749-003/2024(H5N1)	125	10
NA|PP755591.1|A/cattle/Texas/24-008749-003/2024(H5N1)	126	10
NA|PP755591.1|A/cattle/Texas/24-008749-003/2024(H5N1)	127	10
NA|PP755591.1|A/cattle/Texas/24-008749-003/2024(H5N1)	128	10
NA|PP755591.1|A/cattle/Texas/24-008749-003/2024(H5N1)	129	10
NA|PP755591.1|A/cattle/Texas/24-008749-003/2024(H5N1)	130	10
NA|PP755591.1|A/cattle/Texas/24-008749-003/2024(H5N1)	131	10
NA|PP755591.1|A/cattle/Texas/24-008749-003/2024(H5N1)	132	10
NA|PP755591.1|A/cattle/Texas/24-008749-003/2024(H5N1)	133	10
NA|PP755591.1|A/cattle/Texas/24-008749-003/2024(H5N1)	134	10
NA|PP755591.1|A/cattle/Texas/24-008749-003/2024(H5N1)	135	10
NA|PP755591.1|A/cattle/Texas/24-008749-003/2024(H5N1)	136	10
NA|PP755591.1|A/cattle/Texas/24-008749-003/2024(H5N1)	137	10
NA|PP755591.1|A/cattle/Texas/24-008749-003/2024(H5N1)	138	10
NA|PP755591.1|A/cattle/Texas/24-008749-003/2024(H5N1)	139	10
NA|PP755591.1|A/cattle/Texas/24-008749-003/2024(H5N1)	140	10
NA|PP755591.1|A/cattle/Texas/24-008749-003/2024(H5N1)	141	10
NA|PP755591.1|A/cattle/Texas/24-008749-003/2024(H5N1)	142	10
NA|PP755591.1|A/cattle/Texas/24-008749-003/2024(H5N1)	143	31
NA|PP755591.1|A/cattle/Texas/24-008749-003/2024(H5N1)	144	31
NA|PP755591.1|A/cattle/Texas/24-008749-003/2024(H5N1)	145	31
NA|PP755591.1|A/cattle/Texas/24-008749-003/2024(H5N1)	146	31
NA|PP755591.1|A/cattle/Texas/24-008749-003/2024(H5N1)	147	31
NA|PP755591.1|A/cattle/Texas/24-008749-003/2024(H5N1)	148	31
NA|PP755591.1|A/cattle/Texas/24-008749-003/2024(H5N1)	149	31
NA|PP755591.1|A/cattle/Texas/24-008749-003/2024(H5N1)	150	31
NA|PP755591.1|A/cattle/Texas/24-008749-003/2024(H5N1)	151	31
NA|PP755591.1|A/cattle/Texas/24-008749-003/2024(H5N1)	152	31
NA|PP755591.1|A/cattle/Texas/24-008749-003/2024(H5N1)	153	31
NA|PP755591.1|A/cattle/Texas/24-008749-003/2024(H5N1)	154	31
NA|PP755591.1|A/cattle/Texas/24-008749-003/2024(H5N1)	155	31
NA|PP755591.1|A/cattle/Texas/24-008749-003/2024(H5N1)	156	31
NA|PP755591.1|A/cattle/Texas/24-008749-003/2024(H5N1)	157	31
NA|PP755591.1|A/cattle/Texas/24-008749-003/2024(H5N1)	158	32
NA|PP755591.1|A/cattle/Texas/24-008749-003/2024(H5N1)	159	32
NA|PP755591.1|A/cattle/Texas/24-008749-003/2024(H5N1)	160	32
NA|PP755591.1|A/cattle/Texas/24-008749-003/2024(H5N1)	161	32
NA|PP755591.1|A/cattle/Texas/24-008749-003/2024(H5N1)	162	32
NA|PP755591.1|A/cattle/Texas/24-008749-003/2024(H5N1)	163	32
NA|PP755591.1|A/cattle/Texas/24-008749-003/2024(H5N1)	164	32
NA|PP755591.1|A/cattle/Texas/24-008749-003/2024(H5N1)	165	32
NA|PP755591.1|A/cattle/Texas/24-008749-003/2024(H5N1)	166	32
NA|PP755591.1|A/cattle/Texas/24-008749-003/2024(H5N1)	167	32
NA|PP755591.1|A/cattle/Texas/24-008749-003/2024(H5N1)	168	32
NA|PP755591.1|A/cattle/Texas/24-008749-003/2024(H5N1)	169	32
NA|PP755591.1|A/cattle/Texas/24-008749-003/2024(H5N1)	170	32
NA|PP755591.1|A/cattle/Texas/24-008749-003/2024(H5N1)	171	32
NA|PP755591.1|A/cattle/Texas/24-008749-003/2024(H5N1)	172	32
NA|PP755591.1|A/cattle/Texas/24-008749-003/2024(H5N1)	173	32
NA|PP755591.1|A/cattle/Texas/24-008749-003/2024(H5N1)	174	32
NA|PP755591.1|A/cattle/Texas/24-008749-003/2024(H5N1)	175	32
NA|PP755591.1|A/cattle/Texas/24-008749-003/2024(H5N1)	176	32
NA|PP755591.1|A/cattle/Texas/24-008749-003/2024(H5N1)	177	32
NA|PP755591.1|A/cattle/Texas/24-008749-003/2024(H5N1)	178	32
NA|PP755591.1|A/cattle/Texas/24-008749-003/2024(H5N1)	179	32
NA|PP755591.1|A/cattle/Texas/24-008749-003/2024(H5N1)	180	32
NA|PP755591.1|A/cattle/Texas/24-008749-003/2024(H5N1)	181	32
NA|PP755591.1|A/cattle/Texas/24-008749-003/2024(H5N1)	182	32
NA|PP755591.1|A/cattle/Texas/24-008749-003/2024(H5N1)	183	32
NA|PP755591.1|A/cattle/Texas/24-008749-003/2024(H5N1)	184	32
NA|PP755591.1|A/cattle/Texas/24-008749-003/2024(H5N1)	185	32
NA|PP755591.1|A/cattle/Texas/24-008749-003/2024(H5N1)	186	31
NA|PP755591.1|A/cattle/Texas/24-008749-003/2024(H5N1)	187	31
NA|PP755591.1|A/cattle/Texas/24-008749-003/2024(H5N1)	188	31
NA|PP755591.1|A/cattle/Texas/24-008749-003/2024(H5N1)	189	31
NA|PP755591.1|A/cattle/Texas/24-008749-003/2024(H5N1)	190	31
NA|PP755591.1|A/cattle/Texas/24-008749-003/2024(H5N1)	191	31
NA|PP755591.1|A/cattle/Texas/24-008749-003/2024(H5N1)	192	31
NA|PP755591.1|A/cattle/Texas/24-008749-003/2024(H5N1)	193	31
NA|PP755591.1|A/cattle/Texas/24-008749-003/2024(H5N1)	194	31
NA|PP755591.1|A/cattle/Texas/24-008749-003/2024(H5N1)	195	31
NA|PP755591.1|A/cattle/Texas/24-008749-003/2024(H5N1)	196	31
NA|PP755591.1|A/cattle/Texas/24-008749-003/2024(H5N1)	197	31
NA|PP755591.1|A/cattle/Texas/24-008749-003/2024(H5N1)	198	31
NA|PP755591.1|A/cattle/Texas/24-008749-003/2024(H5N1)	199	31
NA|PP755591.1|A/cattle/Texas/24-008749-003/2024(H5N1)	200	31
NA|PP755591.1|A/cattle/Texas/24-008749-003/2024(H5N1)	201	31
NA|PP755591.1|A/cattle/Texas/24-008749-003/2024(H5N1)	202	31
NA|PP755591.1|A/cattle/Texas/24-008749-003/2024(H5N1)	203	31
NA|PP755591.1|A/cattle/Texas/24-008749-003/2024(H5N1)	204	31
NA|PP755591.1|A/cattle/Texas/24-008749-003/2024(H5N1)	205	31
NA|PP755591.1|A/cattle/Texas/24-008749-003/2024(H5N1)	206	31
NA|PP755591.1|A/cattle/Texas/24-008749-003/2024(H5N1)	207	0
NA|PP755591.1|A/cattle/Texas/24-008749-003/2024(H5N1)	208	0
NA|PP755591.1|A/cattle/Texas/24-008749-003/2024(H5N1)	209	0
NA|PP755591.1|A/cattle/Texas/24-008749-003/2024(H5N1)	210	0
NA|PP755591.1|A/cattle/Texas/24-008749-003/2024(H5N1)	211	0
NA|PP755591.1|A/cattle/Texas/24-008749-003/2024(H5N1)	212	0
NA|PP755591.1|A/cattle/Texas/24-008749-003/2024(H5N1)	213	0
NA|PP755591.1|A/cattle/Texas/24-008749-003/2024(H5N1)	214	0
NA|PP755591.1|A/cattle/Texas/24-008749-003/2024(H5N1)	215	0
NA|PP755591.1|A/cattle/Texas/24-008749-003/2024(H5N1)	216	0
NA|PP755591.1|A/cattle/Texas/24-008749-003/2024(H5N1)	217	0
NA|PP755591.1|A/cattle/Texas/24-008749-003/2024(H5N1)	218	0
NA|PP755591.1|A/cattle/Texas/24-008749-003/2024(H5N1)	219	0
NA|PP755591.1|A/cattle/Texas/24-008749-003/2024(H5N1)	220	0
NA|PP755591.1|A/cattle/Texas/24-008749-003/2024(H5N1)	221	0
NA|PP755591.1|A/cattle/Texas/24-008749-003/2024(H5N1)	222	0
NA|PP755591.1|A/cattle/Texas/24-008749-003/2024(H5N1)	223	0
NA|PP755591.1|A/cattle/Texas/24-008749-003/2024(H5N1)	224	0
NA|PP755591.1|A/cattle/Texas/24-008749-003/2024(H5N1)	225	0
NA|PP755591.1|A/cattle/Texas/24-008749-003/2024(H5N1)	226	0
NA|PP755591.1|A/cattle/Texas/24-008749-003/2024(H5N1)	227	0
NA|PP755591.1|A/cattle/Texas/24-008749-003/2024(H5N1)	228	0
NA|PP755591.1|A/cattle/Texas/24-008749-003/2024(H5N1)	229	0
NA|PP755591.1|A/cattle/Texas/24-008749-003/2024(H5N1)	230	0
NA|PP755591.1|A/cattle/Texas/24-008749-003/2024(H5N1)	231	0
NA|PP755591.1|A/cattle/Texas/24-008749-003/2024(H5N1)	232	0
NA|PP755591.1|A/cattle/Texas/24-008749-003/2024(H5N1)	233	0
NA|PP755591.1|A/cattle/Texas/24-008749-003/2024(H5N1)	234	0
NA|PP755591.1|A/cattle/Texas/24-008749-003/2024(H5N1)	235	0
NA|PP755591.1|A/cattle/Texas/24-008749-003/2024(H5N1)	236	0
NA|PP755591.1|A/cattle/Texas/24-008749-003/2024(H5N1)	237	0
NA|PP755591.1|A/cattle/Texas/24-008749-003/2024(H5N1)	238	0
NA|PP755591.1|A/cattle/Texas/24-008749-003/2024(H5N1)	239	0
NA|PP755591.1|A/cattle/Texas/24-008749-003/2024(H5N1)	240	0
NA|PP755591.1|A/cattle/Texas/24-008749-003/2024(H5N1)	241	0
NA|PP755591.1|A/cattle/Texas/24-008749-003/2024(H5N1)	242	0
NA|PP755591.1|A/cattle/Texas/24-008749-003/2024(H5N1)	243	0
NA|PP755591.1|A/cattle/Texas/24-008749-003/2024(H5N1)	244	0
NA|PP755591.1|A/cattle/Texas/24-008749-003/2024(H5N1)	245	0
NA|PP755591.1|A/cattle/Texas/24-008749-003/2024(H5N1)	246	0
NA|PP755591.1|A/cattle/Texas/24-008749-003/2024(H5N1)	247	0
NA|PP755591.1|A/cattle/Texas/24-008749-003/2024(H5N1)	248	0
NA|PP755591.1|A/cattle/Texas/24-008749-003/2024(H5N1)	249	0
NA|PP755591.1|A/cattle/Texas/24-008749-003/2024(H5N1)	250	0
NA|PP755591.1|A/cattle/Texas/24-008749-003/2024(H5N1)	251	0
NA|PP755591.1|A/cattle/Texas/24-008749-003/2024(H5N1)	252	0
NA|PP755591.1|A/cattle/Texas/24-008749-003/2024(H5N1)	253	0
NA|PP755591.1|A/cattle/Texas/24-008749-003/2024(H5N1)	254	0
NA|PP755591.1|A/cattle/Texas/24-008749-003/2024(H5N1)	255	0
NA|PP755591.1|A/cattle/Texas/24-008749-003/2024(H5N1)	256	0
NA|PP755591.1|A/cattle/Texas/24-008749-003/2024(H5N1)	257	0
NA|PP755591.1|A/cattle/Texas/24-008749-003/2024(H5N1)	258	0
NA|PP755591.1|A/cattle/Texas/24-008749-003/2024(H5N1)	259	0
NA|PP755591.1|A/cattle/Texas/24-008749-003/2024(H5N1)	260	0
NA|PP755591.1|A/cattle/Texas/24-008749-003/2024(H5N1)	261	0
NA|PP755591.1|A/cattle/Texas/24-008749-003/2024(H5N1)	262	0
NA|PP755591.1|A/cattle/Texas/24-008749-003/2024(H5N1)	263	0
NA|PP755591.1|A/cattle/Texas/24-008749-003/2024(H5N1)	264	0
NA|PP755591.1|A/cattle/Texas/24-008749-003/2024(H5N1)	265	0
NA|PP755591.1|A/cattle/Texas/24-008749-003/2024(H5N1)	266	0
NA|PP755591.1|A/cattle/Texas/24-008749-003/2024(H5N1)	267	0
NA|PP755591.1|A/cattle/Texas/24-008749-003/2024(H5N1)	268	0
NA|PP755591.1|A/cattle/Texas/24-008749-003/2024(H5N1)	269	0
NA|PP755591.1|A/cattle/Texas/24-008749-003/2024(H5N1)	270	0
NA|PP755591.1|A/cattle/Texas/24-008749-003/2024(H5N1)	271	0
NA|PP755591.1|A/cattle/Texas/24-008749-003/2024(H5N1)	272	0
NA|PP755591.1|A/cattle/Texas/24-008749-003/2024(H5N1)	273	0
NA|PP755591.1|A/cattle/Texas/24-008749-003/2024(H5N1)	274	0
NA|PP755591.1|A/cattle/Texas/24-008749-003/2024(H5N1)	275	0
NA|PP755591.1|A/cattle/Texas/24-008749-003/2024(H5N1)	276	0
NA|PP755591.1|A/cattle/Texas/24-008749-003/2024(H5N1)	277	0
NA|PP755591.1|A/cattle/Texas/24-008749-003/2024(H5N1)	278	0
NA|PP755591.1|A/cattle/Texas/24-008749-003/2024(H5N1)	279	0
NA|PP755591.1|A/cattle/Texas/24-008749-003/2024(H5N1)	280	0
NA|PP755591.1|A/cattle/Texas/24-008749-003/2024(H5N1)	281	0
NA|PP755591.1|A/cattle/Texas/24-008749-003/2024(H5N1)	282	0
NA|PP755591.1|A/cattle/Texas/24-008749-003/2024(H5N1)	283	4
NA|PP755591.1|A/cattle/Texas/24-008749-003/2024(H5N1)	284	4
NA|PP755591.1|A/cattle/Texas/24-008749-003/2024(H5N1)	285	4
NA|PP755591.1|A/cattle/Texas/24-008749-003/2024(H5N1)	286	4
NA|PP755591.1|A/cattle/Texas/24-008749-003/2024(H5N1)	287	4
NA|PP755591.1|A/cattle/Texas/24-008749-003/2024(H5N1)	288	4
NA|PP755591.1|A/cattle/Texas/24-008749-003/2024(H5N1)	289	4
NA|PP755591.1|A/cattle/Texas/24-008749-003/2024(H5N1)	290	4
NA|PP755591.1|A/cattle/Texas/24-008749-003/2024(H5N1)	291	4
NA|PP755591.1|A/cattle/Texas/24-008749-003/2024(H5N1)	292	4
NA|PP755591.1|A/cattle/Texas/24-008749-003/2024(H5N1)	293	4
NA|PP755591.1|A/cattle/Texas/24-008749-003/2024(H5N1)	294	4
NA|PP755591.1|A/cattle/Texas/24-008749-003/2024(H5N1)	295	5
NA|PP755591.1|A/cattle/Texas/24-008749-003/2024(H5N1)	296	5
NA|PP755591.1|A/cattle/Texas/24-008749-003/2024(H5N1)	297	5
NA|PP755591.1|A/cattle/Texas/24-008749-003/2024(H5N1)	298	5
NA|PP755591.1|A/cattle/Texas/24-008749-003/2024(H5N1)	299	5
NA|PP755591.1|A/cattle/Texas/24-008749-003/2024(H5N1)	300	5
NA|PP755591.1|A/cattle/Texas/24-008749-003/2024(H5N1)	301	5
NA|PP755591.1|A/cattle/Texas/24-008749-003/2024(H5N1)	302	5
NA|PP755591.1|A/cattle/Texas/24-008749-003/2024(H5N1)	303	5
NA|PP755591.1|A/cattle/Texas/24-008749-003/2024(H5N1)	304	5
NA|PP755591.1|A/cattle/Texas/24-008749-003/2024(H5N1)	305	5
NA|PP755591.1|A/cattle/Texas/24-008749-003/2024(H5N1)	306	5
NA|PP755591.1|A/cattle/Texas/24-008749-003/2024(H5N1)	307	5
NA|PP755591.1|A/cattle/Texas/24-008749-003/2024(H5N1)	308	5
NA|PP755591.1|A/cattle/Texas/24-008749-003/2024(H5N1)	309	5
NA|PP755591.1|A/cattle/Texas/24-008749-003/2024(H5N1)	310	5
NA|PP755591.1|A/cattle/Texas/24-008749-003/2024(H5N1)	311	5
NA|PP755591.1|A/cattle/Texas/24-008749-003/2024(H5N1)	312	5
NA|PP755591.1|A/cattle/Texas/24-008749-003/2024(H5N1)	313	5
NA|PP755591.1|A/cattle/Texas/24-008749-003/2024(H5N1)	314	5
NA|PP755591.1|A/cattle/Texas/24-008749-003/2024(H5N1)	315	5
NA|PP755591.1|A/cattle/Texas/24-008749-003/2024(H5N1)	316	5
NA|PP755591.1|A/cattle/Texas/24-008749-003/2024(H5N1)	317	5
NA|PP755591.1|A/cattle/Texas/24-008749-003/2024(H5N1)	318	5
NA|PP755591.1|A/cattle/Texas/24-008749-003/2024(H5N1)	319	5
NA|PP755591.1|A/cattle/Texas/24-008749-003/2024(H5N1)	320	5
NA|PP755591.1|A/cattle/Texas/24-008749-003/2024(H5N1)	321	5
NA|PP755591.1|A/cattle/Texas/24-008749-003/2024(H5N1)	322	5
NA|PP755591.1|A/cattle/Texas/24-008749-003/2024(H5N1)	323	5
NA|PP755591.1|A/cattle/Texas/24-008749-003/2024(H5N1)	324	5
NA|PP755591.1|A/cattle/Texas/24-008749-003/2024(H5N1)	325	5
NA|PP755591.1|A/cattle/Texas/24-008749-003/2024(H5N1)	326	5
NA|PP755591.1|A/cattle/Texas/24-008749-003/2024(H5N1)	327	1
NA|PP755591.1|A/cattle/Texas/24-008749-003/2024(H5N1)	328	1
NA|PP755591.1|A/cattle/Texas/24-008749-003/2024(H5N1)	329	1
NA|PP755591.1|A/cattle/Texas/24-008749-003/2024(H5N1)	330	1
NA|PP755591.1|A/cattle/Texas/24-008749-003/2024(H5N1)	331	1
NA|PP755591.1|A/cattle/Texas/24-008749-003/2024(H5N1)	332	1
NA|PP755591.1|A/cattle/Texas/24-008749-003/2024(H5N1)	333	1
NA|PP755591.1|A/cattle/Texas/24-008749-003/2024(H5N1)	334	1
NA|PP755591.1|A/cattle/Texas/24-008749-003/2024(H5N1)	335	1
NA|PP755591.1|A/cattle/Texas/24-008749-003/2024(H5N1)	336	1
NA|PP755591.1|A/cattle/Texas/24-008749-003/2024(H5N1)	337	1
NA|PP755591.1|A/cattle/Texas/24-008749-003/2024(H5N1)	338	1
NA|PP755591.1|A/cattle/Texas/24-008749-003/2024(H5N1)	339	1
NA|PP755591.1|A/cattle/Texas/24-008749-003/2024(H5N1)	340	1
NA|PP755591.1|A/cattle/Texas/24-008749-003/2024(H5N1)	341	1
NA|PP755591.1|A/cattle/Texas/24-008749-003/2024(H5N1)	342	1
NA|PP755591.1|A/cattle/Texas/24-008749-003/2024(H5N1)	343	1
NA|PP755591.1|A/cattle/Texas/24-008749-003/2024(H5N1)	344	1
NA|PP755591.1|A/cattle/Texas/24-008749-003/2024(H5N1)	345	1
NA|PP755591.1|A/cattle/Texas/24-008749-003/2024(H5N1)	346	1
NA|PP755591.1|A/cattle/Texas/24-008749-003/2024(H5N1)	347	1
NA|PP755591.1|A/cattle/Texas/24-008749-003/2024(H5N1)	348	1
NA|PP755591.1|A/cattle/Texas/24-008749-003/2024(H5N1)	349	1
NA|PP755591.1|A/cattle/Texas/24-008749-003/2024(H5N1)	350	1
NA|PP755591.1|A/cattle/Texas/24-008749-003/2024(H5N1)	351	1
NA|PP755591.1|A/cattle/Texas/24-008749-003/2024(H5N1)	352	1
NA|PP755591.1|A/cattle/Texas/24-008749-003/2024(H5N1)	353	1
NA|PP755591.1|A/cattle/Texas/24-008749-003/2024(H5N1)	354	1
NA|PP755591.1|A/cattle/Texas/24-008749-003/2024(H5N1)	355	1
NA|PP755591.1|A/cattle/Texas/24-008749-003/2024(H5N1)	356	1
NA|PP755591.1|A/cattle/Texas/24-008749-003/2024(H5N1)	357	1
NA|PP755591.1|A/cattle/Texas/24-008749-003/2024(H5N1)	358	1
NA|PP755591.1|A/cattle/Texas/24-008749-003/2024(H5N1)	359	1
NA|PP755591.1|A/cattle/Texas/24-008749-003/2024(H5N1)	360	1
NA|PP755591.1|A/cattle/Texas/24-008749-003/2024(H5N1)	361	1
NA|PP755591.1|A/cattle/Texas/24-008749-003/2024(H5N1)	362	1
NA|PP755591.1|A/cattle/Texas/24-008749-003/2024(H5N1)	363	1
NA|PP755591.1|A/cattle/Texas/24-008749-003/2024(H5N1)	364	1
NA|PP755591.1|A/cattle/Texas/24-008749-003/2024(H5N1)	365	1
NA|PP755591.1|A/cattle/Texas/24-008749-003/2024(H5N1)	366	1
NA|PP755591.1|A/cattle/Texas/24-008749-003/2024(H5N1)	367	962
NA|PP755591.1|A/cattle/Texas/24-008749-003/2024(H5N1)	368	965
NA|PP755591.1|A/cattle/Texas/24-008749-003/2024(H5N1)	369	965
NA|PP755591.1|A/cattle/Texas/24-008749-003/2024(H5N1)	370	972
NA|PP755591.1|A/cattle/Texas/24-008749-003/2024(H5N1)	371	972
NA|PP755591.1|A/cattle/Texas/24-008749-003/2024(H5N1)	372	972
NA|PP755591.1|A/cattle/Texas/24-008749-003/2024(H5N1)	373	972
NA|PP755591.1|A/cattle/Texas/24-008749-003/2024(H5N1)	374	972
NA|PP755591.1|A/cattle/Texas/24-008749-003/2024(H5N1)	375	972
NA|PP755591.1|A/cattle/Texas/24-008749-003/2024(H5N1)	376	1102
NA|PP755591.1|A/cattle/Texas/24-008749-003/2024(H5N1)	377	1105
NA|PP755591.1|A/cattle/Texas/24-008749-003/2024(H5N1)	378	1116
NA|PP755591.1|A/cattle/Texas/24-008749-003/2024(H5N1)	379	1116
NA|PP755591.1|A/cattle/Texas/24-008749-003/2024(H5N1)	380	1116
NA|PP755591.1|A/cattle/Texas/24-008749-003/2024(H5N1)	381	1116
NA|PP755591.1|A/cattle/Texas/24-008749-003/2024(H5N1)	382	1116
NA|PP755591.1|A/cattle/Texas/24-008749-003/2024(H5N1)	383	1116
NA|PP755591.1|A/cattle/Texas/24-008749-003/2024(H5N1)	384	1116
NA|PP755591.1|A/cattle/Texas/24-008749-003/2024(H5N1)	385	1116
NA|PP755591.1|A/cattle/Texas/24-008749-003/2024(H5N1)	386	1116
NA|PP755591.1|A/cattle/Texas/24-008749-003/2024(H5N1)	387	1116
NA|PP755591.1|A/cattle/Texas/24-008749-003/2024(H5N1)	388	1116
NA|PP755591.1|A/cattle/Texas/24-008749-003/2024(H5N1)	389	1116
NA|PP755591.1|A/cattle/Texas/24-008749-003/2024(H5N1)	390	1116
NA|PP755591.1|A/cattle/Texas/24-008749-003/2024(H5N1)	391	1116
NA|PP755591.1|A/cattle/Texas/24-008749-003/2024(H5N1)	392	1116
NA|PP755591.1|A/cattle/Texas/24-008749-003/2024(H5N1)	393	1116
NA|PP755591.1|A/cattle/Texas/24-008749-003/2024(H5N1)	394	1116
NA|PP755591.1|A/cattle/Texas/24-008749-003/2024(H5N1)	395	1116
NA|PP755591.1|A/cattle/Texas/24-008749-003/2024(H5N1)	396	1097
NA|PP755591.1|A/cattle/Texas/24-008749-003/2024(H5N1)	397	1092
NA|PP755591.1|A/cattle/Texas/24-008749-003/2024(H5N1)	398	1087
NA|PP755591.1|A/cattle/Texas/24-008749-003/2024(H5N1)	399	492
NA|PP755591.1|A/cattle/Texas/24-008749-003/2024(H5N1)	400	491
NA|PP755591.1|A/cattle/Texas/24-008749-003/2024(H5N1)	401	491
NA|PP755591.1|A/cattle/Texas/24-008749-003/2024(H5N1)	402	491
NA|PP755591.1|A/cattle/Texas/24-008749-003/2024(H5N1)	403	491
NA|PP755591.1|A/cattle/Texas/24-008749-003/2024(H5N1)	404	491
NA|PP755591.1|A/cattle/Texas/24-008749-003/2024(H5N1)	405	491
NA|PP755591.1|A/cattle/Texas/24-008749-003/2024(H5N1)	406	491
NA|PP755591.1|A/cattle/Texas/24-008749-003/2024(H5N1)	407	491
NA|PP755591.1|A/cattle/Texas/24-008749-003/2024(H5N1)	408	491
NA|PP755591.1|A/cattle/Texas/24-008749-003/2024(H5N1)	409	491
NA|PP755591.1|A/cattle/Texas/24-008749-003/2024(H5N1)	410	491
NA|PP755591.1|A/cattle/Texas/24-008749-003/2024(H5N1)	411	491
NA|PP755591.1|A/cattle/Texas/24-008749-003/2024(H5N1)	412	535
NA|PP755591.1|A/cattle/Texas/24-008749-003/2024(H5N1)	413	544
NA|PP755591.1|A/cattle/Texas/24-008749-003/2024(H5N1)	414	544
NA|PP755591.1|A/cattle/Texas/24-008749-003/2024(H5N1)	415	583
NA|PP755591.1|A/cattle/Texas/24-008749-003/2024(H5N1)	416	587
NA|PP755591.1|A/cattle/Texas/24-008749-003/2024(H5N1)	417	806
NA|PP755591.1|A/cattle/Texas/24-008749-003/2024(H5N1)	418	901
NA|PP755591.1|A/cattle/Texas/24-008749-003/2024(H5N1)	419	1375
NA|PP755591.1|A/cattle/Texas/24-008749-003/2024(H5N1)	420	1378
NA|PP755591.1|A/cattle/Texas/24-008749-003/2024(H5N1)	421	1384
NA|PP755591.1|A/cattle/Texas/24-008749-003/2024(H5N1)	422	1430
NA|PP755591.1|A/cattle/Texas/24-008749-003/2024(H5N1)	423	1441
NA|PP755591.1|A/cattle/Texas/24-008749-003/2024(H5N1)	424	1446
NA|PP755591.1|A/cattle/Texas/24-008749-003/2024(H5N1)	425	1446
NA|PP755591.1|A/cattle/Texas/24-008749-003/2024(H5N1)	426	1446
NA|PP755591.1|A/cattle/Texas/24-008749-003/2024(H5N1)	427	1453
NA|PP755591.1|A/cattle/Texas/24-008749-003/2024(H5N1)	428	1453
NA|PP755591.1|A/cattle/Texas/24-008749-003/2024(H5N1)	429	1494
NA|PP755591.1|A/cattle/Texas/24-008749-003/2024(H5N1)	430	1556
NA|PP755591.1|A/cattle/Texas/24-008749-003/2024(H5N1)	431	1567
NA|PP755591.1|A/cattle/Texas/24-008749-003/2024(H5N1)	432	1617
NA|PP755591.1|A/cattle/Texas/24-008749-003/2024(H5N1)	433	1649
NA|PP755591.1|A/cattle/Texas/24-008749-003/2024(H5N1)	434	1656
NA|PP755591.1|A/cattle/Texas/24-008749-003/2024(H5N1)	435	1663
NA|PP755591.1|A/cattle/Texas/24-008749-003/2024(H5N1)	436	1674
NA|PP755591.1|A/cattle/Texas/24-008749-003/2024(H5N1)	437	1700
NA|PP755591.1|A/cattle/Texas/24-008749-003/2024(H5N1)	438	1705
NA|PP755591.1|A/cattle/Texas/24-008749-003/2024(H5N1)	439	1705
NA|PP755591.1|A/cattle/Texas/24-008749-003/2024(H5N1)	440	1705
NA|PP755591.1|A/cattle/Texas/24-008749-003/2024(H5N1)	441	1705
NA|PP755591.1|A/cattle/Texas/24-008749-003/2024(H5N1)	442	1726
NA|PP755591.1|A/cattle/Texas/24-008749-003/2024(H5N1)	443	1773
NA|PP755591.1|A/cattle/Texas/24-008749-003/2024(H5N1)	444	1774
NA|PP755591.1|A/cattle/Texas/24-008749-003/2024(H5N1)	445	1953
NA|PP755591.1|A/cattle/Texas/24-008749-003/2024(H5N1)	446	1954
NA|PP755591.1|A/cattle/Texas/24-008749-003/2024(H5N1)	447	2026
NA|PP755591.1|A/cattle/Texas/24-008749-003/2024(H5N1)	448	2032
NA|PP755591.1|A/cattle/Texas/24-008749-003/2024(H5N1)	449	2032
NA|PP755591.1|A/cattle/Texas/24-008749-003/2024(H5N1)	450	2032
NA|PP755591.1|A/cattle/Texas/24-008749-003/2024(H5N1)	451	2033
NA|PP755591.1|A/cattle/Texas/24-008749-003/2024(H5N1)	452	2047
NA|PP755591.1|A/cattle/Texas/24-008749-003/2024(H5N1)	453	2068
NA|PP755591.1|A/cattle/Texas/24-008749-003/2024(H5N1)	454	2193
NA|PP755591.1|A/cattle/Texas/24-008749-003/2024(H5N1)	455	2199
NA|PP755591.1|A/cattle/Texas/24-008749-003/2024(H5N1)	456	2351
NA|PP755591.1|A/cattle/Texas/24-008749-003/2024(H5N1)	457	2363
NA|PP755591.1|A/cattle/Texas/24-008749-003/2024(H5N1)	458	2371
NA|PP755591.1|A/cattle/Texas/24-008749-003/2024(H5N1)	459	2747
NA|PP755591.1|A/cattle/Texas/24-008749-003/2024(H5N1)	460	2758
NA|PP755591.1|A/cattle/Texas/24-008749-003/2024(H5N1)	461	2797
NA|PP755591.1|A/cattle/Texas/24-008749-003/2024(H5N1)	462	2839
NA|PP755591.1|A/cattle/Texas/24-008749-003/2024(H5N1)	463	2847
NA|PP755591.1|A/cattle/Texas/24-008749-003/2024(H5N1)	464	2915
NA|PP755591.1|A/cattle/Texas/24-008749-003/2024(H5N1)	465	2875
NA|PP755591.1|A/cattle/Texas/24-008749-003/2024(H5N1)	466	2868
NA|PP755591.1|A/cattle/Texas/24-008749-003/2024(H5N1)	467	2867
NA|PP755591.1|A/cattle/Texas/24-008749-003/2024(H5N1)	468	2861
NA|PP755591.1|A/cattle/Texas/24-008749-003/2024(H5N1)	469	2849
NA|PP755591.1|A/cattle/Texas/24-008749-003/2024(H5N1)	470	2807
NA|PP755591.1|A/cattle/Texas/24-008749-003/2024(H5N1)	471	2557
NA|PP755591.1|A/cattle/Texas/24-008749-003/2024(H5N1)	472	2557
NA|PP755591.1|A/cattle/Texas/24-008749-003/2024(H5N1)	473	2557
NA|PP755591.1|A/cattle/Texas/24-008749-003/2024(H5N1)	474	2563
NA|PP755591.1|A/cattle/Texas/24-008749-003/2024(H5N1)	475	2563
NA|PP755591.1|A/cattle/Texas/24-008749-003/2024(H5N1)	476	2563
NA|PP755591.1|A/cattle/Texas/24-008749-003/2024(H5N1)	477	2563
NA|PP755591.1|A/cattle/Texas/24-008749-003/2024(H5N1)	478	2563
NA|PP755591.1|A/cattle/Texas/24-008749-003/2024(H5N1)	479	2563
NA|PP755591.1|A/cattle/Texas/24-008749-003/2024(H5N1)	480	2562
NA|PP755591.1|A/cattle/Texas/24-008749-003/2024(H5N1)	481	2562
NA|PP755591.1|A/cattle/Texas/24-008749-003/2024(H5N1)	482	2562
NA|PP755591.1|A/cattle/Texas/24-008749-003/2024(H5N1)	483	2558
NA|PP755591.1|A/cattle/Texas/24-008749-003/2024(H5N1)	484	2560
NA|PP755591.1|A/cattle/Texas/24-008749-003/2024(H5N1)	485	2564
NA|PP755591.1|A/cattle/Texas/24-008749-003/2024(H5N1)	486	2564
NA|PP755591.1|A/cattle/Texas/24-008749-003/2024(H5N1)	487	2595
NA|PP755591.1|A/cattle/Texas/24-008749-003/2024(H5N1)	488	2654
NA|PP755591.1|A/cattle/Texas/24-008749-003/2024(H5N1)	489	2681
NA|PP755591.1|A/cattle/Texas/24-008749-003/2024(H5N1)	490	3497
NA|PP755591.1|A/cattle/Texas/24-008749-003/2024(H5N1)	491	3551
NA|PP755591.1|A/cattle/Texas/24-008749-003/2024(H5N1)	492	3563
NA|PP755591.1|A/cattle/Texas/24-008749-003/2024(H5N1)	493	3568
NA|PP755591.1|A/cattle/Texas/24-008749-003/2024(H5N1)	494	3594
NA|PP755591.1|A/cattle/Texas/24-008749-003/2024(H5N1)	495	3613
NA|PP755591.1|A/cattle/Texas/24-008749-003/2024(H5N1)	496	3685
NA|PP755591.1|A/cattle/Texas/24-008749-003/2024(H5N1)	497	3753
NA|PP755591.1|A/cattle/Texas/24-008749-003/2024(H5N1)	498	3770
NA|PP755591.1|A/cattle/Texas/24-008749-003/2024(H5N1)	499	3823
NA|PP755591.1|A/cattle/Texas/24-008749-003/2024(H5N1)	500	3828
NA|PP755591.1|A/cattle/Texas/24-008749-003/2024(H5N1)	501	3843
NA|PP755591.1|A/cattle/Texas/24-008749-003/2024(H5N1)	502	3988
NA|PP755591.1|A/cattle/Texas/24-008749-003/2024(H5N1)	503	3988
NA|PP755591.1|A/cattle/Texas/24-008749-003/2024(H5N1)	504	3988
NA|PP755591.1|A/cattle/Texas/24-008749-003/2024(H5N1)	505	4023
NA|PP755591.1|A/cattle/Texas/24-008749-003/2024(H5N1)	506	4025
NA|PP755591.1|A/cattle/Texas/24-008749-003/2024(H5N1)	507	4079
NA|PP755591.1|A/cattle/Texas/24-008749-003/2024(H5N1)	508	4339
NA|PP755591.1|A/cattle/Texas/24-008749-003/2024(H5N1)	509	4428
NA|PP755591.1|A/cattle/Texas/24-008749-003/2024(H5N1)	510	4462
NA|PP755591.1|A/cattle/Texas/24-008749-003/2024(H5N1)	511	4473
NA|PP755591.1|A/cattle/Texas/24-008749-003/2024(H5N1)	512	4545
NA|PP755591.1|A/cattle/Texas/24-008749-003/2024(H5N1)	513	4552
NA|PP755591.1|A/cattle/Texas/24-008749-003/2024(H5N1)	514	4555
NA|PP755591.1|A/cattle/Texas/24-008749-003/2024(H5N1)	515	4555
NA|PP755591.1|A/cattle/Texas/24-008749-003/2024(H5N1)	516	4557
NA|PP755591.1|A/cattle/Texas/24-008749-003/2024(H5N1)	517	4577
NA|PP755591.1|A/cattle/Texas/24-008749-003/2024(H5N1)	518	4591
NA|PP755591.1|A/cattle/Texas/24-008749-003/2024(H5N1)	519	4656
NA|PP755591.1|A/cattle/Texas/24-008749-003/2024(H5N1)	520	4802
NA|PP755591.1|A/cattle/Texas/24-008749-003/2024(H5N1)	521	4846
NA|PP755591.1|A/cattle/Texas/24-008749-003/2024(H5N1)	522	4879
NA|PP755591.1|A/cattle/Texas/24-008749-003/2024(H5N1)	523	4882
NA|PP755591.1|A/cattle/Texas/24-008749-003/2024(H5N1)	524	4896
NA|PP755591.1|A/cattle/Texas/24-008749-003/2024(H5N1)	525	4918
NA|PP755591.1|A/cattle/Texas/24-008749-003/2024(H5N1)	526	4955
NA|PP755591.1|A/cattle/Texas/24-008749-003/2024(H5N1)	527	4894
NA|PP755591.1|A/cattle/Texas/24-008749-003/2024(H5N1)	528	4897
NA|PP755591.1|A/cattle/Texas/24-008749-003/2024(H5N1)	529	4929
NA|PP755591.1|A/cattle/Texas/24-008749-003/2024(H5N1)	530	4933
NA|PP755591.1|A/cattle/Texas/24-008749-003/2024(H5N1)	531	4949
NA|PP755591.1|A/cattle/Texas/24-008749-003/2024(H5N1)	532	4947
NA|PP755591.1|A/cattle/Texas/24-008749-003/2024(H5N1)	533	4991
NA|PP755591.1|A/cattle/Texas/24-008749-003/2024(H5N1)	534	5035
NA|PP755591.1|A/cattle/Texas/24-008749-003/2024(H5N1)	535	5058
NA|PP755591.1|A/cattle/Texas/24-008749-003/2024(H5N1)	536	5058
NA|PP755591.1|A/cattle/Texas/24-008749-003/2024(H5N1)	537	5149
NA|PP755591.1|A/cattle/Texas/24-008749-003/2024(H5N1)	538	5153
NA|PP755591.1|A/cattle/Texas/24-008749-003/2024(H5N1)	539	5163
NA|PP755591.1|A/cattle/Texas/24-008749-003/2024(H5N1)	540	5150
NA|PP755591.1|A/cattle/Texas/24-008749-003/2024(H5N1)	541	5202
NA|PP755591.1|A/cattle/Texas/24-008749-003/2024(H5N1)	542	5358
NA|PP755591.1|A/cattle/Texas/24-008749-003/2024(H5N1)	543	5366
NA|PP755591.1|A/cattle/Texas/24-008749-003/2024(H5N1)	544	5370
NA|PP755591.1|A/cattle/Texas/24-008749-003/2024(H5N1)	545	5427
NA|PP755591.1|A/cattle/Texas/24-008749-003/2024(H5N1)	546	5378
NA|PP755591.1|A/cattle/Texas/24-008749-003/2024(H5N1)	547	5382
NA|PP755591.1|A/cattle/Texas/24-008749-003/2024(H5N1)	548	5368
NA|PP755591.1|A/cattle/Texas/24-008749-003/2024(H5N1)	549	5351
NA|PP755591.1|A/cattle/Texas/24-008749-003/2024(H5N1)	550	5335
NA|PP755591.1|A/cattle/Texas/24-008749-003/2024(H5N1)	551	5345
NA|PP755591.1|A/cattle/Texas/24-008749-003/2024(H5N1)	552	5353
NA|PP755591.1|A/cattle/Texas/24-008749-003/2024(H5N1)	553	5328
NA|PP755591.1|A/cattle/Texas/24-008749-003/2024(H5N1)	554	5254
NA|PP755591.1|A/cattle/Texas/24-008749-003/2024(H5N1)	555	5212
NA|PP755591.1|A/cattle/Texas/24-008749-003/2024(H5N1)	556	5203
NA|PP755591.1|A/cattle/Texas/24-008749-003/2024(H5N1)	557	5239
NA|PP755591.1|A/cattle/Texas/24-008749-003/2024(H5N1)	558	5246
NA|PP755591.1|A/cattle/Texas/24-008749-003/2024(H5N1)	559	5262
NA|PP755591.1|A/cattle/Texas/24-008749-003/2024(H5N1)	560	5241
NA|PP755591.1|A/cattle/Texas/24-008749-003/2024(H5N1)	561	5209
NA|PP755591.1|A/cattle/Texas/24-008749-003/2024(H5N1)	562	5206
NA|PP755591.1|A/cattle/Texas/24-008749-003/2024(H5N1)	563	5157
NA|PP755591.1|A/cattle/Texas/24-008749-003/2024(H5N1)	564	5126
NA|PP755591.1|A/cattle/Texas/24-008749-003/2024(H5N1)	565	5175
NA|PP755591.1|A/cattle/Texas/24-008749-003/2024(H5N1)	566	5147
NA|PP755591.1|A/cattle/Texas/24-008749-003/2024(H5N1)	567	5166
NA|PP755591.1|A/cattle/Texas/24-008749-003/2024(H5N1)	568	4882
NA|PP755591.1|A/cattle/Texas/24-008749-003/2024(H5N1)	569	4846
NA|PP755591.1|A/cattle/Texas/24-008749-003/2024(H5N1)	570	4849
NA|PP755591.1|A/cattle/Texas/24-008749-003/2024(H5N1)	571	4862
NA|PP755591.1|A/cattle/Texas/24-008749-003/2024(H5N1)	572	4876
NA|PP755591.1|A/cattle/Texas/24-008749-003/2024(H5N1)	573	4837
NA|PP755591.1|A/cattle/Texas/24-008749-003/2024(H5N1)	574	4829
NA|PP755591.1|A/cattle/Texas/24-008749-003/2024(H5N1)	575	4820
NA|PP755591.1|A/cattle/Texas/24-008749-003/2024(H5N1)	576	4810
NA|PP755591.1|A/cattle/Texas/24-008749-003/2024(H5N1)	577	4807
NA|PP755591.1|A/cattle/Texas/24-008749-003/2024(H5N1)	578	4796
NA|PP755591.1|A/cattle/Texas/24-008749-003/2024(H5N1)	579	4765
NA|PP755591.1|A/cattle/Texas/24-008749-003/2024(H5N1)	580	4822
NA|PP755591.1|A/cattle/Texas/24-008749-003/2024(H5N1)	581	4830
NA|PP755591.1|A/cattle/Texas/24-008749-003/2024(H5N1)	582	4820
NA|PP755591.1|A/cattle/Texas/24-008749-003/2024(H5N1)	583	4777
NA|PP755591.1|A/cattle/Texas/24-008749-003/2024(H5N1)	584	4760
NA|PP755591.1|A/cattle/Texas/24-008749-003/2024(H5N1)	585	4765
NA|PP755591.1|A/cattle/Texas/24-008749-003/2024(H5N1)	586	4867
NA|PP755591.1|A/cattle/Texas/24-008749-003/2024(H5N1)	587	4855
NA|PP755591.1|A/cattle/Texas/24-008749-003/2024(H5N1)	588	4821
NA|PP755591.1|A/cattle/Texas/24-008749-003/2024(H5N1)	589	4811
NA|PP755591.1|A/cattle/Texas/24-008749-003/2024(H5N1)	590	4803
NA|PP755591.1|A/cattle/Texas/24-008749-003/2024(H5N1)	591	4776
NA|PP755591.1|A/cattle/Texas/24-008749-003/2024(H5N1)	592	4863
NA|PP755591.1|A/cattle/Texas/24-008749-003/2024(H5N1)	593	4812
NA|PP755591.1|A/cattle/Texas/24-008749-003/2024(H5N1)	594	4817
NA|PP755591.1|A/cattle/Texas/24-008749-003/2024(H5N1)	595	4855
NA|PP755591.1|A/cattle/Texas/24-008749-003/2024(H5N1)	596	4780
NA|PP755591.1|A/cattle/Texas/24-008749-003/2024(H5N1)	597	4780
NA|PP755591.1|A/cattle/Texas/24-008749-003/2024(H5N1)	598	4665
NA|PP755591.1|A/cattle/Texas/24-008749-003/2024(H5N1)	599	4657
NA|PP755591.1|A/cattle/Texas/24-008749-003/2024(H5N1)	600	4645
NA|PP755591.1|A/cattle/Texas/24-008749-003/2024(H5N1)	601	4604
NA|PP755591.1|A/cattle/Texas/24-008749-003/2024(H5N1)	602	4598
NA|PP755591.1|A/cattle/Texas/24-008749-003/2024(H5N1)	603	4473
NA|PP755591.1|A/cattle/Texas/24-008749-003/2024(H5N1)	604	4428
NA|PP755591.1|A/cattle/Texas/24-008749-003/2024(H5N1)	605	4393
NA|PP755591.1|A/cattle/Texas/24-008749-003/2024(H5N1)	606	4271
NA|PP755591.1|A/cattle/Texas/24-008749-003/2024(H5N1)	607	4629
NA|PP755591.1|A/cattle/Texas/24-008749-003/2024(H5N1)	608	4630
NA|PP755591.1|A/cattle/Texas/24-008749-003/2024(H5N1)	609	4631
NA|PP755591.1|A/cattle/Texas/24-008749-003/2024(H5N1)	610	4371
NA|PP755591.1|A/cattle/Texas/24-008749-003/2024(H5N1)	611	4264
NA|PP755591.1|A/cattle/Texas/24-008749-003/2024(H5N1)	612	4219
NA|PP755591.1|A/cattle/Texas/24-008749-003/2024(H5N1)	613	4282
NA|PP755591.1|A/cattle/Texas/24-008749-003/2024(H5N1)	614	4287
NA|PP755591.1|A/cattle/Texas/24-008749-003/2024(H5N1)	615	4311
NA|PP755591.1|A/cattle/Texas/24-008749-003/2024(H5N1)	616	4326
NA|PP755591.1|A/cattle/Texas/24-008749-003/2024(H5N1)	617	4318
NA|PP755591.1|A/cattle/Texas/24-008749-003/2024(H5N1)	618	4303
NA|PP755591.1|A/cattle/Texas/24-008749-003/2024(H5N1)	619	4279
NA|PP755591.1|A/cattle/Texas/24-008749-003/2024(H5N1)	620	4144
NA|PP755591.1|A/cattle/Texas/24-008749-003/2024(H5N1)	621	4130
NA|PP755591.1|A/cattle/Texas/24-008749-003/2024(H5N1)	622	4108
NA|PP755591.1|A/cattle/Texas/24-008749-003/2024(H5N1)	623	4003
NA|PP755591.1|A/cattle/Texas/24-008749-003/2024(H5N1)	624	4001
NA|PP755591.1|A/cattle/Texas/24-008749-003/2024(H5N1)	625	3943
NA|PP755591.1|A/cattle/Texas/24-008749-003/2024(H5N1)	626	3944
NA|PP755591.1|A/cattle/Texas/24-008749-003/2024(H5N1)	627	3912
NA|PP755591.1|A/cattle/Texas/24-008749-003/2024(H5N1)	628	3865
NA|PP755591.1|A/cattle/Texas/24-008749-003/2024(H5N1)	629	3914
NA|PP755591.1|A/cattle/Texas/24-008749-003/2024(H5N1)	630	3920
NA|PP755591.1|A/cattle/Texas/24-008749-003/2024(H5N1)	631	3919
NA|PP755591.1|A/cattle/Texas/24-008749-003/2024(H5N1)	632	3949
NA|PP755591.1|A/cattle/Texas/24-008749-003/2024(H5N1)	633	3846
NA|PP755591.1|A/cattle/Texas/24-008749-003/2024(H5N1)	634	3853
NA|PP755591.1|A/cattle/Texas/24-008749-003/2024(H5N1)	635	3850
NA|PP755591.1|A/cattle/Texas/24-008749-003/2024(H5N1)	636	3815
NA|PP755591.1|A/cattle/Texas/24-008749-003/2024(H5N1)	637	3799
NA|PP755591.1|A/cattle/Texas/24-008749-003/2024(H5N1)	638	3737
NA|PP755591.1|A/cattle/Texas/24-008749-003/2024(H5N1)	639	3630
NA|PP755591.1|A/cattle/Texas/24-008749-003/2024(H5N1)	640	3668
NA|PP755591.1|A/cattle/Texas/24-008749-003/2024(H5N1)	641	3650
NA|PP755591.1|A/cattle/Texas/24-008749-003/2024(H5N1)	642	3638
NA|PP755591.1|A/cattle/Texas/24-008749-003/2024(H5N1)	643	3632
NA|PP755591.1|A/cattle/Texas/24-008749-003/2024(H5N1)	644	3598
NA|PP755591.1|A/cattle/Texas/24-008749-003/2024(H5N1)	645	3563
NA|PP755591.1|A/cattle/Texas/24-008749-003/2024(H5N1)	646	3558
NA|PP755591.1|A/cattle/Texas/24-008749-003/2024(H5N1)	647	3508
NA|PP755591.1|A/cattle/Texas/24-008749-003/2024(H5N1)	648	3454
NA|PP755591.1|A/cattle/Texas/24-008749-003/2024(H5N1)	649	3618
NA|PP755591.1|A/cattle/Texas/24-008749-003/2024(H5N1)	650	3567
NA|PP755591.1|A/cattle/Texas/24-008749-003/2024(H5N1)	651	3604
NA|PP755591.1|A/cattle/Texas/24-008749-003/2024(H5N1)	652	3584
NA|PP755591.1|A/cattle/Texas/24-008749-003/2024(H5N1)	653	3460
NA|PP755591.1|A/cattle/Texas/24-008749-003/2024(H5N1)	654	3325
NA|PP755591.1|A/cattle/Texas/24-008749-003/2024(H5N1)	655	3295
NA|PP755591.1|A/cattle/Texas/24-008749-003/2024(H5N1)	656	3261
NA|PP755591.1|A/cattle/Texas/24-008749-003/2024(H5N1)	657	3258
NA|PP755591.1|A/cattle/Texas/24-008749-003/2024(H5N1)	658	3207
NA|PP755591.1|A/cattle/Texas/24-008749-003/2024(H5N1)	659	3205
NA|PP755591.1|A/cattle/Texas/24-008749-003/2024(H5N1)	660	3105
NA|PP755591.1|A/cattle/Texas/24-008749-003/2024(H5N1)	661	3079
NA|PP755591.1|A/cattle/Texas/24-008749-003/2024(H5N1)	662	2810
NA|PP755591.1|A/cattle/Texas/24-008749-003/2024(H5N1)	663	2759
NA|PP755591.1|A/cattle/Texas/24-008749-003/2024(H5N1)	664	2757
NA|PP755591.1|A/cattle/Texas/24-008749-003/2024(H5N1)	665	2755
NA|PP755591.1|A/cattle/Texas/24-008749-003/2024(H5N1)	666	2751
NA|PP755591.1|A/cattle/Texas/24-008749-003/2024(H5N1)	667	2752
NA|PP755591.1|A/cattle/Texas/24-008749-003/2024(H5N1)	668	2734
NA|PP755591.1|A/cattle/Texas/24-008749-003/2024(H5N1)	669	2701
NA|PP755591.1|A/cattle/Texas/24-008749-003/2024(H5N1)	670	3022
NA|PP755591.1|A/cattle/Texas/24-008749-003/2024(H5N1)	671	3026
NA|PP755591.1|A/cattle/Texas/24-008749-003/2024(H5N1)	672	3032
NA|PP755591.1|A/cattle/Texas/24-008749-003/2024(H5N1)	673	3001
NA|PP755591.1|A/cattle/Texas/24-008749-003/2024(H5N1)	674	3085
NA|PP755591.1|A/cattle/Texas/24-008749-003/2024(H5N1)	675	3141
NA|PP755591.1|A/cattle/Texas/24-008749-003/2024(H5N1)	676	3142
NA|PP755591.1|A/cattle/Texas/24-008749-003/2024(H5N1)	677	3149
NA|PP755591.1|A/cattle/Texas/24-008749-003/2024(H5N1)	678	3096
NA|PP755591.1|A/cattle/Texas/24-008749-003/2024(H5N1)	679	3110
NA|PP755591.1|A/cattle/Texas/24-008749-003/2024(H5N1)	680	3135
NA|PP755591.1|A/cattle/Texas/24-008749-003/2024(H5N1)	681	3135
NA|PP755591.1|A/cattle/Texas/24-008749-003/2024(H5N1)	682	3147
NA|PP755591.1|A/cattle/Texas/24-008749-003/2024(H5N1)	683	3244
NA|PP755591.1|A/cattle/Texas/24-008749-003/2024(H5N1)	684	3342
NA|PP755591.1|A/cattle/Texas/24-008749-003/2024(H5N1)	685	3394
NA|PP755591.1|A/cattle/Texas/24-008749-003/2024(H5N1)	686	3335
NA|PP755591.1|A/cattle/Texas/24-008749-003/2024(H5N1)	687	3342
NA|PP755591.1|A/cattle/Texas/24-008749-003/2024(H5N1)	688	3378
NA|PP755591.1|A/cattle/Texas/24-008749-003/2024(H5N1)	689	3387
NA|PP755591.1|A/cattle/Texas/24-008749-003/2024(H5N1)	690	3389
NA|PP755591.1|A/cattle/Texas/24-008749-003/2024(H5N1)	691	3361
NA|PP755591.1|A/cattle/Texas/24-008749-003/2024(H5N1)	692	3285
NA|PP755591.1|A/cattle/Texas/24-008749-003/2024(H5N1)	693	3138
NA|PP755591.1|A/cattle/Texas/24-008749-003/2024(H5N1)	694	3136
NA|PP755591.1|A/cattle/Texas/24-008749-003/2024(H5N1)	695	3082
NA|PP755591.1|A/cattle/Texas/24-008749-003/2024(H5N1)	696	2565
NA|PP755591.1|A/cattle/Texas/24-008749-003/2024(H5N1)	697	2564
NA|PP755591.1|A/cattle/Texas/24-008749-003/2024(H5N1)	698	2564
NA|PP755591.1|A/cattle/Texas/24-008749-003/2024(H5N1)	699	2565
NA|PP755591.1|A/cattle/Texas/24-008749-003/2024(H5N1)	700	2564
NA|PP755591.1|A/cattle/Texas/24-008749-003/2024(H5N1)	701	2565
NA|PP755591.1|A/cattle/Texas/24-008749-003/2024(H5N1)	702	2565
NA|PP755591.1|A/cattle/Texas/24-008749-003/2024(H5N1)	703	2611
NA|PP755591.1|A/cattle/Texas/24-008749-003/2024(H5N1)	704	2616
NA|PP755591.1|A/cattle/Texas/24-008749-003/2024(H5N1)	705	2624
NA|PP755591.1|A/cattle/Texas/24-008749-003/2024(H5N1)	706	2638
NA|PP755591.1|A/cattle/Texas/24-008749-003/2024(H5N1)	707	2638
NA|PP755591.1|A/cattle/Texas/24-008749-003/2024(H5N1)	708	2638
NA|PP755591.1|A/cattle/Texas/24-008749-003/2024(H5N1)	709	2643
NA|PP755591.1|A/cattle/Texas/24-008749-003/2024(H5N1)	710	2643
NA|PP755591.1|A/cattle/Texas/24-008749-003/2024(H5N1)	711	2645
NA|PP755591.1|A/cattle/Texas/24-008749-003/2024(H5N1)	712	2666
NA|PP755591.1|A/cattle/Texas/24-008749-003/2024(H5N1)	713	2691
NA|PP755591.1|A/cattle/Texas/24-008749-003/2024(H5N1)	714	2702
NA|PP755591.1|A/cattle/Texas/24-008749-003/2024(H5N1)	715	2706
NA|PP755591.1|A/cattle/Texas/24-008749-003/2024(H5N1)	716	2714
NA|PP755591.1|A/cattle/Texas/24-008749-003/2024(H5N1)	717	2713
NA|PP755591.1|A/cattle/Texas/24-008749-003/2024(H5N1)	718	2765
NA|PP755591.1|A/cattle/Texas/24-008749-003/2024(H5N1)	719	2899
NA|PP755591.1|A/cattle/Texas/24-008749-003/2024(H5N1)	720	2913
NA|PP755591.1|A/cattle/Texas/24-008749-003/2024(H5N1)	721	2924
NA|PP755591.1|A/cattle/Texas/24-008749-003/2024(H5N1)	722	3667
NA|PP755591.1|A/cattle/Texas/24-008749-003/2024(H5N1)	723	3710
NA|PP755591.1|A/cattle/Texas/24-008749-003/2024(H5N1)	724	3733
NA|PP755591.1|A/cattle/Texas/24-008749-003/2024(H5N1)	725	3753
NA|PP755591.1|A/cattle/Texas/24-008749-003/2024(H5N1)	726	3778
NA|PP755591.1|A/cattle/Texas/24-008749-003/2024(H5N1)	727	3804
NA|PP755591.1|A/cattle/Texas/24-008749-003/2024(H5N1)	728	4000
NA|PP755591.1|A/cattle/Texas/24-008749-003/2024(H5N1)	729	4002
NA|PP755591.1|A/cattle/Texas/24-008749-003/2024(H5N1)	730	4012
NA|PP755591.1|A/cattle/Texas/24-008749-003/2024(H5N1)	731	4087
NA|PP755591.1|A/cattle/Texas/24-008749-003/2024(H5N1)	732	4082
NA|PP755591.1|A/cattle/Texas/24-008749-003/2024(H5N1)	733	4092
NA|PP755591.1|A/cattle/Texas/24-008749-003/2024(H5N1)	734	4085
NA|PP755591.1|A/cattle/Texas/24-008749-003/2024(H5N1)	735	4096
NA|PP755591.1|A/cattle/Texas/24-008749-003/2024(H5N1)	736	4137
NA|PP755591.1|A/cattle/Texas/24-008749-003/2024(H5N1)	737	3999
NA|PP755591.1|A/cattle/Texas/24-008749-003/2024(H5N1)	738	3519
NA|PP755591.1|A/cattle/Texas/24-008749-003/2024(H5N1)	739	3566
NA|PP755591.1|A/cattle/Texas/24-008749-003/2024(H5N1)	740	3731
NA|PP755591.1|A/cattle/Texas/24-008749-003/2024(H5N1)	741	3766
NA|PP755591.1|A/cattle/Texas/24-008749-003/2024(H5N1)	742	3859
NA|PP755591.1|A/cattle/Texas/24-008749-003/2024(H5N1)	743	3869
NA|PP755591.1|A/cattle/Texas/24-008749-003/2024(H5N1)	744	3881
NA|PP755591.1|A/cattle/Texas/24-008749-003/2024(H5N1)	745	3993
NA|PP755591.1|A/cattle/Texas/24-008749-003/2024(H5N1)	746	4009
NA|PP755591.1|A/cattle/Texas/24-008749-003/2024(H5N1)	747	4014
NA|PP755591.1|A/cattle/Texas/24-008749-003/2024(H5N1)	748	4026
NA|PP755591.1|A/cattle/Texas/24-008749-003/2024(H5N1)	749	4027
NA|PP755591.1|A/cattle/Texas/24-008749-003/2024(H5N1)	750	4027
NA|PP755591.1|A/cattle/Texas/24-008749-003/2024(H5N1)	751	4187
NA|PP755591.1|A/cattle/Texas/24-008749-003/2024(H5N1)	752	4227
NA|PP755591.1|A/cattle/Texas/24-008749-003/2024(H5N1)	753	4228
NA|PP755591.1|A/cattle/Texas/24-008749-003/2024(H5N1)	754	4146
NA|PP755591.1|A/cattle/Texas/24-008749-003/2024(H5N1)	755	4139
NA|PP755591.1|A/cattle/Texas/24-008749-003/2024(H5N1)	756	4137
NA|PP755591.1|A/cattle/Texas/24-008749-003/2024(H5N1)	757	4132
NA|PP755591.1|A/cattle/Texas/24-008749-003/2024(H5N1)	758	4115
NA|PP755591.1|A/cattle/Texas/24-008749-003/2024(H5N1)	759	4008
NA|PP755591.1|A/cattle/Texas/24-008749-003/2024(H5N1)	760	4008
NA|PP755591.1|A/cattle/Texas/24-008749-003/2024(H5N1)	761	4008
NA|PP755591.1|A/cattle/Texas/24-008749-003/2024(H5N1)	762	4008
NA|PP755591.1|A/cattle/Texas/24-008749-003/2024(H5N1)	763	4008
NA|PP755591.1|A/cattle/Texas/24-008749-003/2024(H5N1)	764	4008
NA|PP755591.1|A/cattle/Texas/24-008749-003/2024(H5N1)	765	3446
NA|PP755591.1|A/cattle/Texas/24-008749-003/2024(H5N1)	766	3446
NA|PP755591.1|A/cattle/Texas/24-008749-003/2024(H5N1)	767	3446
NA|PP755591.1|A/cattle/Texas/24-008749-003/2024(H5N1)	768	3446
NA|PP755591.1|A/cattle/Texas/24-008749-003/2024(H5N1)	769	3445
NA|PP755591.1|A/cattle/Texas/24-008749-003/2024(H5N1)	770	3445
NA|PP755591.1|A/cattle/Texas/24-008749-003/2024(H5N1)	771	3445
NA|PP755591.1|A/cattle/Texas/24-008749-003/2024(H5N1)	772	3469
NA|PP755591.1|A/cattle/Texas/24-008749-003/2024(H5N1)	773	3470
NA|PP755591.1|A/cattle/Texas/24-008749-003/2024(H5N1)	774	3479
NA|PP755591.1|A/cattle/Texas/24-008749-003/2024(H5N1)	775	3479
NA|PP755591.1|A/cattle/Texas/24-008749-003/2024(H5N1)	776	3473
NA|PP755591.1|A/cattle/Texas/24-008749-003/2024(H5N1)	777	435
NA|PP755591.1|A/cattle/Texas/24-008749-003/2024(H5N1)	778	3484
NA|PP755591.1|A/cattle/Texas/24-008749-003/2024(H5N1)	779	3494
NA|PP755591.1|A/cattle/Texas/24-008749-003/2024(H5N1)	780	3499
NA|PP755591.1|A/cattle/Texas/24-008749-003/2024(H5N1)	781	3574
NA|PP755591.1|A/cattle/Texas/24-008749-003/2024(H5N1)	782	3574
NA|PP755591.1|A/cattle/Texas/24-008749-003/2024(H5N1)	783	3574
NA|PP755591.1|A/cattle/Texas/24-008749-003/2024(H5N1)	784	3585
NA|PP755591.1|A/cattle/Texas/24-008749-003/2024(H5N1)	785	3585
NA|PP755591.1|A/cattle/Texas/24-008749-003/2024(H5N1)	786	3585
NA|PP755591.1|A/cattle/Texas/24-008749-003/2024(H5N1)	787	3598
NA|PP755591.1|A/cattle/Texas/24-008749-003/2024(H5N1)	788	3599
NA|PP755591.1|A/cattle/Texas/24-008749-003/2024(H5N1)	789	3625
NA|PP755591.1|A/cattle/Texas/24-008749-003/2024(H5N1)	790	4150
NA|PP755591.1|A/cattle/Texas/24-008749-003/2024(H5N1)	791	4175
NA|PP755591.1|A/cattle/Texas/24-008749-003/2024(H5N1)	792	4189
NA|PP755591.1|A/cattle/Texas/24-008749-003/2024(H5N1)	793	4241
NA|PP755591.1|A/cattle/Texas/24-008749-003/2024(H5N1)	794	4271
NA|PP755591.1|A/cattle/Texas/24-008749-003/2024(H5N1)	795	4291
NA|PP755591.1|A/cattle/Texas/24-008749-003/2024(H5N1)	796	4298
NA|PP755591.1|A/cattle/Texas/24-008749-003/2024(H5N1)	797	4318
NA|PP755591.1|A/cattle/Texas/24-008749-003/2024(H5N1)	798	4318
NA|PP755591.1|A/cattle/Texas/24-008749-003/2024(H5N1)	799	4370
NA|PP755591.1|A/cattle/Texas/24-008749-003/2024(H5N1)	800	4386
NA|PP755591.1|A/cattle/Texas/24-008749-003/2024(H5N1)	801	4384
NA|PP755591.1|A/cattle/Texas/24-008749-003/2024(H5N1)	802	4352
NA|PP755591.1|A/cattle/Texas/24-008749-003/2024(H5N1)	803	4337
NA|PP755591.1|A/cattle/Texas/24-008749-003/2024(H5N1)	804	4152
NA|PP755591.1|A/cattle/Texas/24-008749-003/2024(H5N1)	805	4247
NA|PP755591.1|A/cattle/Texas/24-008749-003/2024(H5N1)	806	4575
NA|PP755591.1|A/cattle/Texas/24-008749-003/2024(H5N1)	807	4591
NA|PP755591.1|A/cattle/Texas/24-008749-003/2024(H5N1)	808	4596
NA|PP755591.1|A/cattle/Texas/24-008749-003/2024(H5N1)	809	4617
NA|PP755591.1|A/cattle/Texas/24-008749-003/2024(H5N1)	810	4619
NA|PP755591.1|A/cattle/Texas/24-008749-003/2024(H5N1)	811	4625
NA|PP755591.1|A/cattle/Texas/24-008749-003/2024(H5N1)	812	4704
NA|PP755591.1|A/cattle/Texas/24-008749-003/2024(H5N1)	813	4709
NA|PP755591.1|A/cattle/Texas/24-008749-003/2024(H5N1)	814	4734
NA|PP755591.1|A/cattle/Texas/24-008749-003/2024(H5N1)	815	4721
NA|PP755591.1|A/cattle/Texas/24-008749-003/2024(H5N1)	816	4723
NA|PP755591.1|A/cattle/Texas/24-008749-003/2024(H5N1)	817	4840
NA|PP755591.1|A/cattle/Texas/24-008749-003/2024(H5N1)	818	4819
NA|PP755591.1|A/cattle/Texas/24-008749-003/2024(H5N1)	819	4834
NA|PP755591.1|A/cattle/Texas/24-008749-003/2024(H5N1)	820	4798
NA|PP755591.1|A/cattle/Texas/24-008749-003/2024(H5N1)	821	4777
NA|PP755591.1|A/cattle/Texas/24-008749-003/2024(H5N1)	822	4845
NA|PP755591.1|A/cattle/Texas/24-008749-003/2024(H5N1)	823	4844
NA|PP755591.1|A/cattle/Texas/24-008749-003/2024(H5N1)	824	5040
NA|PP755591.1|A/cattle/Texas/24-008749-003/2024(H5N1)	825	4995
NA|PP755591.1|A/cattle/Texas/24-008749-003/2024(H5N1)	826	4899
NA|PP755591.1|A/cattle/Texas/24-008749-003/2024(H5N1)	827	4909
NA|PP755591.1|A/cattle/Texas/24-008749-003/2024(H5N1)	828	4869
NA|PP755591.1|A/cattle/Texas/24-008749-003/2024(H5N1)	829	4905
NA|PP755591.1|A/cattle/Texas/24-008749-003/2024(H5N1)	830	4898
NA|PP755591.1|A/cattle/Texas/24-008749-003/2024(H5N1)	831	4878
NA|PP755591.1|A/cattle/Texas/24-008749-003/2024(H5N1)	832	4896
NA|PP755591.1|A/cattle/Texas/24-008749-003/2024(H5N1)	833	4678
NA|PP755591.1|A/cattle/Texas/24-008749-003/2024(H5N1)	834	4725
NA|PP755591.1|A/cattle/Texas/24-008749-003/2024(H5N1)	835	4572
NA|PP755591.1|A/cattle/Texas/24-008749-003/2024(H5N1)	836	4568
NA|PP755591.1|A/cattle/Texas/24-008749-003/2024(H5N1)	837	4538
NA|PP755591.1|A/cattle/Texas/24-008749-003/2024(H5N1)	838	4513
NA|PP755591.1|A/cattle/Texas/24-008749-003/2024(H5N1)	839	4513
NA|PP755591.1|A/cattle/Texas/24-008749-003/2024(H5N1)	840	4460
NA|PP755591.1|A/cattle/Texas/24-008749-003/2024(H5N1)	841	4446
NA|PP755591.1|A/cattle/Texas/24-008749-003/2024(H5N1)	842	4445
NA|PP755591.1|A/cattle/Texas/24-008749-003/2024(H5N1)	843	4310
NA|PP755591.1|A/cattle/Texas/24-008749-003/2024(H5N1)	844	4302
NA|PP755591.1|A/cattle/Texas/24-008749-003/2024(H5N1)	845	4280
NA|PP755591.1|A/cattle/Texas/24-008749-003/2024(H5N1)	846	4259
NA|PP755591.1|A/cattle/Texas/24-008749-003/2024(H5N1)	847	4259
NA|PP755591.1|A/cattle/Texas/24-008749-003/2024(H5N1)	848	4082
NA|PP755591.1|A/cattle/Texas/24-008749-003/2024(H5N1)	849	3927
NA|PP755591.1|A/cattle/Texas/24-008749-003/2024(H5N1)	850	3912
NA|PP755591.1|A/cattle/Texas/24-008749-003/2024(H5N1)	851	3887
NA|PP755591.1|A/cattle/Texas/24-008749-003/2024(H5N1)	852	3879
NA|PP755591.1|A/cattle/Texas/24-008749-003/2024(H5N1)	853	3865
NA|PP755591.1|A/cattle/Texas/24-008749-003/2024(H5N1)	854	3791
NA|PP755591.1|A/cattle/Texas/24-008749-003/2024(H5N1)	855	1101
NA|PP755591.1|A/cattle/Texas/24-008749-003/2024(H5N1)	856	1090
NA|PP755591.1|A/cattle/Texas/24-008749-003/2024(H5N1)	857	1090
NA|PP755591.1|A/cattle/Texas/24-008749-003/2024(H5N1)	858	1090
NA|PP755591.1|A/cattle/Texas/24-008749-003/2024(H5N1)	859	1090
NA|PP755591.1|A/cattle/Texas/24-008749-003/2024(H5N1)	860	1090
NA|PP755591.1|A/cattle/Texas/24-008749-003/2024(H5N1)	861	1090
NA|PP755591.1|A/cattle/Texas/24-008749-003/2024(H5N1)	862	1090
NA|PP755591.1|A/cattle/Texas/24-008749-003/2024(H5N1)	863	1096
NA|PP755591.1|A/cattle/Texas/24-008749-003/2024(H5N1)	864	1095
NA|PP755591.1|A/cattle/Texas/24-008749-003/2024(H5N1)	865	1727
NA|PP755591.1|A/cattle/Texas/24-008749-003/2024(H5N1)	866	1731
NA|PP755591.1|A/cattle/Texas/24-008749-003/2024(H5N1)	867	1748
NA|PP755591.1|A/cattle/Texas/24-008749-003/2024(H5N1)	868	1765
NA|PP755591.1|A/cattle/Texas/24-008749-003/2024(H5N1)	869	1765
NA|PP755591.1|A/cattle/Texas/24-008749-003/2024(H5N1)	870	1765
NA|PP755591.1|A/cattle/Texas/24-008749-003/2024(H5N1)	871	1765
NA|PP755591.1|A/cattle/Texas/24-008749-003/2024(H5N1)	872	1765
NA|PP755591.1|A/cattle/Texas/24-008749-003/2024(H5N1)	873	1765
NA|PP755591.1|A/cattle/Texas/24-008749-003/2024(H5N1)	874	1765
NA|PP755591.1|A/cattle/Texas/24-008749-003/2024(H5N1)	875	1765
NA|PP755591.1|A/cattle/Texas/24-008749-003/2024(H5N1)	876	1764
NA|PP755591.1|A/cattle/Texas/24-008749-003/2024(H5N1)	877	1764
NA|PP755591.1|A/cattle/Texas/24-008749-003/2024(H5N1)	878	1764
NA|PP755591.1|A/cattle/Texas/24-008749-003/2024(H5N1)	879	1762
NA|PP755591.1|A/cattle/Texas/24-008749-003/2024(H5N1)	880	1762
NA|PP755591.1|A/cattle/Texas/24-008749-003/2024(H5N1)	881	1762
NA|PP755591.1|A/cattle/Texas/24-008749-003/2024(H5N1)	882	1761
NA|PP755591.1|A/cattle/Texas/24-008749-003/2024(H5N1)	883	1761
NA|PP755591.1|A/cattle/Texas/24-008749-003/2024(H5N1)	884	1761
NA|PP755591.1|A/cattle/Texas/24-008749-003/2024(H5N1)	885	1761
NA|PP755591.1|A/cattle/Texas/24-008749-003/2024(H5N1)	886	1782
NA|PP755591.1|A/cattle/Texas/24-008749-003/2024(H5N1)	887	1795
NA|PP755591.1|A/cattle/Texas/24-008749-003/2024(H5N1)	888	1808
NA|PP755591.1|A/cattle/Texas/24-008749-003/2024(H5N1)	889	1808
NA|PP755591.1|A/cattle/Texas/24-008749-003/2024(H5N1)	890	1808
NA|PP755591.1|A/cattle/Texas/24-008749-003/2024(H5N1)	891	1808
NA|PP755591.1|A/cattle/Texas/24-008749-003/2024(H5N1)	892	1809
NA|PP755591.1|A/cattle/Texas/24-008749-003/2024(H5N1)	893	1809
NA|PP755591.1|A/cattle/Texas/24-008749-003/2024(H5N1)	894	1809
NA|PP755591.1|A/cattle/Texas/24-008749-003/2024(H5N1)	895	1809
NA|PP755591.1|A/cattle/Texas/24-008749-003/2024(H5N1)	896	1807
NA|PP755591.1|A/cattle/Texas/24-008749-003/2024(H5N1)	897	1807
NA|PP755591.1|A/cattle/Texas/24-008749-003/2024(H5N1)	898	1810
NA|PP755591.1|A/cattle/Texas/24-008749-003/2024(H5N1)	899	1810
NA|PP755591.1|A/cattle/Texas/24-008749-003/2024(H5N1)	900	1810
NA|PP755591.1|A/cattle/Texas/24-008749-003/2024(H5N1)	901	1810
NA|PP755591.1|A/cattle/Texas/24-008749-003/2024(H5N1)	902	1810
NA|PP755591.1|A/cattle/Texas/24-008749-003/2024(H5N1)	903	1810
NA|PP755591.1|A/cattle/Texas/24-008749-003/2024(H5N1)	904	1810
NA|PP755591.1|A/cattle/Texas/24-008749-003/2024(H5N1)	905	1810
NA|PP755591.1|A/cattle/Texas/24-008749-003/2024(H5N1)	906	1810
NA|PP755591.1|A/cattle/Texas/24-008749-003/2024(H5N1)	907	1852
NA|PP755591.1|A/cattle/Texas/24-008749-003/2024(H5N1)	908	1859
NA|PP755591.1|A/cattle/Texas/24-008749-003/2024(H5N1)	909	1859
NA|PP755591.1|A/cattle/Texas/24-008749-003/2024(H5N1)	910	1859
NA|PP755591.1|A/cattle/Texas/24-008749-003/2024(H5N1)	911	1857
NA|PP755591.1|A/cattle/Texas/24-008749-003/2024(H5N1)	912	1857
NA|PP755591.1|A/cattle/Texas/24-008749-003/2024(H5N1)	913	1867
NA|PP755591.1|A/cattle/Texas/24-008749-003/2024(H5N1)	914	1867
NA|PP755591.1|A/cattle/Texas/24-008749-003/2024(H5N1)	915	1867
NA|PP755591.1|A/cattle/Texas/24-008749-003/2024(H5N1)	916	1867
NA|PP755591.1|A/cattle/Texas/24-008749-003/2024(H5N1)	917	1969
NA|PP755591.1|A/cattle/Texas/24-008749-003/2024(H5N1)	918	1971
NA|PP755591.1|A/cattle/Texas/24-008749-003/2024(H5N1)	919	3265
NA|PP755591.1|A/cattle/Texas/24-008749-003/2024(H5N1)	920	3277
NA|PP755591.1|A/cattle/Texas/24-008749-003/2024(H5N1)	921	3280
NA|PP755591.1|A/cattle/Texas/24-008749-003/2024(H5N1)	922	3283
NA|PP755591.1|A/cattle/Texas/24-008749-003/2024(H5N1)	923	3284
NA|PP755591.1|A/cattle/Texas/24-008749-003/2024(H5N1)	924	3299
NA|PP755591.1|A/cattle/Texas/24-008749-003/2024(H5N1)	925	3332
NA|PP755591.1|A/cattle/Texas/24-008749-003/2024(H5N1)	926	3381
NA|PP755591.1|A/cattle/Texas/24-008749-003/2024(H5N1)	927	3385
NA|PP755591.1|A/cattle/Texas/24-008749-003/2024(H5N1)	928	3388
NA|PP755591.1|A/cattle/Texas/24-008749-003/2024(H5N1)	929	3388
NA|PP755591.1|A/cattle/Texas/24-008749-003/2024(H5N1)	930	3392
NA|PP755591.1|A/cattle/Texas/24-008749-003/2024(H5N1)	931	3395
NA|PP755591.1|A/cattle/Texas/24-008749-003/2024(H5N1)	932	3420
NA|PP755591.1|A/cattle/Texas/24-008749-003/2024(H5N1)	933	3440
NA|PP755591.1|A/cattle/Texas/24-008749-003/2024(H5N1)	934	3442
NA|PP755591.1|A/cattle/Texas/24-008749-003/2024(H5N1)	935	3516
NA|PP755591.1|A/cattle/Texas/24-008749-003/2024(H5N1)	936	3519
NA|PP755591.1|A/cattle/Texas/24-008749-003/2024(H5N1)	937	3527
NA|PP755591.1|A/cattle/Texas/24-008749-003/2024(H5N1)	938	3541
NA|PP755591.1|A/cattle/Texas/24-008749-003/2024(H5N1)	939	3538
NA|PP755591.1|A/cattle/Texas/24-008749-003/2024(H5N1)	940	3522
NA|PP755591.1|A/cattle/Texas/24-008749-003/2024(H5N1)	941	3520
NA|PP755591.1|A/cattle/Texas/24-008749-003/2024(H5N1)	942	3481
NA|PP755591.1|A/cattle/Texas/24-008749-003/2024(H5N1)	943	3476
NA|PP755591.1|A/cattle/Texas/24-008749-003/2024(H5N1)	944	3415
NA|PP755591.1|A/cattle/Texas/24-008749-003/2024(H5N1)	945	3288
NA|PP755591.1|A/cattle/Texas/24-008749-003/2024(H5N1)	946	3280
NA|PP755591.1|A/cattle/Texas/24-008749-003/2024(H5N1)	947	3273
NA|PP755591.1|A/cattle/Texas/24-008749-003/2024(H5N1)	948	3263
NA|PP755591.1|A/cattle/Texas/24-008749-003/2024(H5N1)	949	3264
NA|PP755591.1|A/cattle/Texas/24-008749-003/2024(H5N1)	950	3264
NA|PP755591.1|A/cattle/Texas/24-008749-003/2024(H5N1)	951	3259
NA|PP755591.1|A/cattle/Texas/24-008749-003/2024(H5N1)	952	3104
NA|PP755591.1|A/cattle/Texas/24-008749-003/2024(H5N1)	953	3059
NA|PP755591.1|A/cattle/Texas/24-008749-003/2024(H5N1)	954	3016
NA|PP755591.1|A/cattle/Texas/24-008749-003/2024(H5N1)	955	2941
NA|PP755591.1|A/cattle/Texas/24-008749-003/2024(H5N1)	956	2937
NA|PP755591.1|A/cattle/Texas/24-008749-003/2024(H5N1)	957	2134
NA|PP755591.1|A/cattle/Texas/24-008749-003/2024(H5N1)	958	2134
NA|PP755591.1|A/cattle/Texas/24-008749-003/2024(H5N1)	959	2134
NA|PP755591.1|A/cattle/Texas/24-008749-003/2024(H5N1)	960	2132
NA|PP755591.1|A/cattle/Texas/24-008749-003/2024(H5N1)	961	2132
NA|PP755591.1|A/cattle/Texas/24-008749-003/2024(H5N1)	962	2165
NA|PP755591.1|A/cattle/Texas/24-008749-003/2024(H5N1)	963	2167
NA|PP755591.1|A/cattle/Texas/24-008749-003/2024(H5N1)	964	2167
NA|PP755591.1|A/cattle/Texas/24-008749-003/2024(H5N1)	965	2167
NA|PP755591.1|A/cattle/Texas/24-008749-003/2024(H5N1)	966	2165
NA|PP755591.1|A/cattle/Texas/24-008749-003/2024(H5N1)	967	2172
NA|PP755591.1|A/cattle/Texas/24-008749-003/2024(H5N1)	968	2324
NA|PP755591.1|A/cattle/Texas/24-008749-003/2024(H5N1)	969	2324
NA|PP755591.1|A/cattle/Texas/24-008749-003/2024(H5N1)	970	2333
NA|PP755591.1|A/cattle/Texas/24-008749-003/2024(H5N1)	971	2335
NA|PP755591.1|A/cattle/Texas/24-008749-003/2024(H5N1)	972	2353
NA|PP755591.1|A/cattle/Texas/24-008749-003/2024(H5N1)	973	2354
NA|PP755591.1|A/cattle/Texas/24-008749-003/2024(H5N1)	974	2354
NA|PP755591.1|A/cattle/Texas/24-008749-003/2024(H5N1)	975	2353
NA|PP755591.1|A/cattle/Texas/24-008749-003/2024(H5N1)	976	2364
NA|PP755591.1|A/cattle/Texas/24-008749-003/2024(H5N1)	977	2422
NA|PP755591.1|A/cattle/Texas/24-008749-003/2024(H5N1)	978	2432
NA|PP755591.1|A/cattle/Texas/24-008749-003/2024(H5N1)	979	3425
NA|PP755591.1|A/cattle/Texas/24-008749-003/2024(H5N1)	980	3431
NA|PP755591.1|A/cattle/Texas/24-008749-003/2024(H5N1)	981	3482
NA|PP755591.1|A/cattle/Texas/24-008749-003/2024(H5N1)	982	3483
NA|PP755591.1|A/cattle/Texas/24-008749-003/2024(H5N1)	983	3496
NA|PP755591.1|A/cattle/Texas/24-008749-003/2024(H5N1)	984	3498
NA|PP755591.1|A/cattle/Texas/24-008749-003/2024(H5N1)	985	3503
NA|PP755591.1|A/cattle/Texas/24-008749-003/2024(H5N1)	986	3639
NA|PP755591.1|A/cattle/Texas/24-008749-003/2024(H5N1)	987	3813
NA|PP755591.1|A/cattle/Texas/24-008749-003/2024(H5N1)	988	3827
NA|PP755591.1|A/cattle/Texas/24-008749-003/2024(H5N1)	989	3838
NA|PP755591.1|A/cattle/Texas/24-008749-003/2024(H5N1)	990	3846
NA|PP755591.1|A/cattle/Texas/24-008749-003/2024(H5N1)	991	3863
NA|PP755591.1|A/cattle/Texas/24-008749-003/2024(H5N1)	992	3899
NA|PP755591.1|A/cattle/Texas/24-008749-003/2024(H5N1)	993	3919
NA|PP755591.1|A/cattle/Texas/24-008749-003/2024(H5N1)	994	3922
NA|PP755591.1|A/cattle/Texas/24-008749-003/2024(H5N1)	995	3919
NA|PP755591.1|A/cattle/Texas/24-008749-003/2024(H5N1)	996	3960
NA|PP755591.1|A/cattle/Texas/24-008749-003/2024(H5N1)	997	3986
NA|PP755591.1|A/cattle/Texas/24-008749-003/2024(H5N1)	998	4000
NA|PP755591.1|A/cattle/Texas/24-008749-003/2024(H5N1)	999	4063
NA|PP755591.1|A/cattle/Texas/24-008749-003/2024(H5N1)	1000	4043
NA|PP755591.1|A/cattle/Texas/24-008749-003/2024(H5N1)	1001	4030
NA|PP755591.1|A/cattle/Texas/24-008749-003/2024(H5N1)	1002	4020
NA|PP755591.1|A/cattle/Texas/24-008749-003/2024(H5N1)	1003	4014
NA|PP755591.1|A/cattle/Texas/24-008749-003/2024(H5N1)	1004	4013
NA|PP755591.1|A/cattle/Texas/24-008749-003/2024(H5N1)	1005	3358
NA|PP755591.1|A/cattle/Texas/24-008749-003/2024(H5N1)	1006	3358
NA|PP755591.1|A/cattle/Texas/24-008749-003/2024(H5N1)	1007	3475
NA|PP755591.1|A/cattle/Texas/24-008749-003/2024(H5N1)	1008	3486
NA|PP755591.1|A/cattle/Texas/24-008749-003/2024(H5N1)	1009	3519
NA|PP755591.1|A/cattle/Texas/24-008749-003/2024(H5N1)	1010	3519
NA|PP755591.1|A/cattle/Texas/24-008749-003/2024(H5N1)	1011	3519
NA|PP755591.1|A/cattle/Texas/24-008749-003/2024(H5N1)	1012	3519
NA|PP755591.1|A/cattle/Texas/24-008749-003/2024(H5N1)	1013	3529
NA|PP755591.1|A/cattle/Texas/24-008749-003/2024(H5N1)	1014	3637
NA|PP755591.1|A/cattle/Texas/24-008749-003/2024(H5N1)	1015	3643
NA|PP755591.1|A/cattle/Texas/24-008749-003/2024(H5N1)	1016	4166
NA|PP755591.1|A/cattle/Texas/24-008749-003/2024(H5N1)	1017	4180
NA|PP755591.1|A/cattle/Texas/24-008749-003/2024(H5N1)	1018	4183
NA|PP755591.1|A/cattle/Texas/24-008749-003/2024(H5N1)	1019	4213
NA|PP755591.1|A/cattle/Texas/24-008749-003/2024(H5N1)	1020	4215
NA|PP755591.1|A/cattle/Texas/24-008749-003/2024(H5N1)	1021	4230
NA|PP755591.1|A/cattle/Texas/24-008749-003/2024(H5N1)	1022	4232
NA|PP755591.1|A/cattle/Texas/24-008749-003/2024(H5N1)	1023	4233
NA|PP755591.1|A/cattle/Texas/24-008749-003/2024(H5N1)	1024	4234
NA|PP755591.1|A/cattle/Texas/24-008749-003/2024(H5N1)	1025	4234
NA|PP755591.1|A/cattle/Texas/24-008749-003/2024(H5N1)	1026	4203
NA|PP755591.1|A/cattle/Texas/24-008749-003/2024(H5N1)	1027	4202
NA|PP755591.1|A/cattle/Texas/24-008749-003/2024(H5N1)	1028	4116
NA|PP755591.1|A/cattle/Texas/24-008749-003/2024(H5N1)	1029	4115
NA|PP755591.1|A/cattle/Texas/24-008749-003/2024(H5N1)	1030	4096
NA|PP755591.1|A/cattle/Texas/24-008749-003/2024(H5N1)	1031	4072
NA|PP755591.1|A/cattle/Texas/24-008749-003/2024(H5N1)	1032	4068
NA|PP755591.1|A/cattle/Texas/24-008749-003/2024(H5N1)	1033	4051
NA|PP755591.1|A/cattle/Texas/24-008749-003/2024(H5N1)	1034	4045
NA|PP755591.1|A/cattle/Texas/24-008749-003/2024(H5N1)	1035	3491
NA|PP755591.1|A/cattle/Texas/24-008749-003/2024(H5N1)	1036	3488
NA|PP755591.1|A/cattle/Texas/24-008749-003/2024(H5N1)	1037	3455
NA|PP755591.1|A/cattle/Texas/24-008749-003/2024(H5N1)	1038	3428
NA|PP755591.1|A/cattle/Texas/24-008749-003/2024(H5N1)	1039	3428
NA|PP755591.1|A/cattle/Texas/24-008749-003/2024(H5N1)	1040	3428
NA|PP755591.1|A/cattle/Texas/24-008749-003/2024(H5N1)	1041	3428
NA|PP755591.1|A/cattle/Texas/24-008749-003/2024(H5N1)	1042	3428
NA|PP755591.1|A/cattle/Texas/24-008749-003/2024(H5N1)	1043	3428
NA|PP755591.1|A/cattle/Texas/24-008749-003/2024(H5N1)	1044	3428
NA|PP755591.1|A/cattle/Texas/24-008749-003/2024(H5N1)	1045	3745
NA|PP755591.1|A/cattle/Texas/24-008749-003/2024(H5N1)	1046	3748
NA|PP755591.1|A/cattle/Texas/24-008749-003/2024(H5N1)	1047	3754
NA|PP755591.1|A/cattle/Texas/24-008749-003/2024(H5N1)	1048	3758
NA|PP755591.1|A/cattle/Texas/24-008749-003/2024(H5N1)	1049	3786
NA|PP755591.1|A/cattle/Texas/24-008749-003/2024(H5N1)	1050	3791
NA|PP755591.1|A/cattle/Texas/24-008749-003/2024(H5N1)	1051	3788
NA|PP755591.1|A/cattle/Texas/24-008749-003/2024(H5N1)	1052	3785
NA|PP755591.1|A/cattle/Texas/24-008749-003/2024(H5N1)	1053	3684
NA|PP755591.1|A/cattle/Texas/24-008749-003/2024(H5N1)	1054	3680
NA|PP755591.1|A/cattle/Texas/24-008749-003/2024(H5N1)	1055	3671
NA|PP755591.1|A/cattle/Texas/24-008749-003/2024(H5N1)	1056	3668
NA|PP755591.1|A/cattle/Texas/24-008749-003/2024(H5N1)	1057	3910
NA|PP755591.1|A/cattle/Texas/24-008749-003/2024(H5N1)	1058	3880
NA|PP755591.1|A/cattle/Texas/24-008749-003/2024(H5N1)	1059	3986
NA|PP755591.1|A/cattle/Texas/24-008749-003/2024(H5N1)	1060	3988
NA|PP755591.1|A/cattle/Texas/24-008749-003/2024(H5N1)	1061	4003
NA|PP755591.1|A/cattle/Texas/24-008749-003/2024(H5N1)	1062	4006
NA|PP755591.1|A/cattle/Texas/24-008749-003/2024(H5N1)	1063	3991
NA|PP755591.1|A/cattle/Texas/24-008749-003/2024(H5N1)	1064	3989
NA|PP755591.1|A/cattle/Texas/24-008749-003/2024(H5N1)	1065	3979
NA|PP755591.1|A/cattle/Texas/24-008749-003/2024(H5N1)	1066	3974
NA|PP755591.1|A/cattle/Texas/24-008749-003/2024(H5N1)	1067	3975
NA|PP755591.1|A/cattle/Texas/24-008749-003/2024(H5N1)	1068	3821
NA|PP755591.1|A/cattle/Texas/24-008749-003/2024(H5N1)	1069	3848
NA|PP755591.1|A/cattle/Texas/24-008749-003/2024(H5N1)	1070	3759
NA|PP755591.1|A/cattle/Texas/24-008749-003/2024(H5N1)	1071	3757
NA|PP755591.1|A/cattle/Texas/24-008749-003/2024(H5N1)	1072	3756
NA|PP755591.1|A/cattle/Texas/24-008749-003/2024(H5N1)	1073	3755
NA|PP755591.1|A/cattle/Texas/24-008749-003/2024(H5N1)	1074	3753
NA|PP755591.1|A/cattle/Texas/24-008749-003/2024(H5N1)	1075	3742
NA|PP755591.1|A/cattle/Texas/24-008749-003/2024(H5N1)	1076	3694
NA|PP755591.1|A/cattle/Texas/24-008749-003/2024(H5N1)	1077	3620
NA|PP755591.1|A/cattle/Texas/24-008749-003/2024(H5N1)	1078	3616
NA|PP755591.1|A/cattle/Texas/24-008749-003/2024(H5N1)	1079	3613
NA|PP755591.1|A/cattle/Texas/24-008749-003/2024(H5N1)	1080	3613
NA|PP755591.1|A/cattle/Texas/24-008749-003/2024(H5N1)	1081	3606
NA|PP755591.1|A/cattle/Texas/24-008749-003/2024(H5N1)	1082	3586
NA|PP755591.1|A/cattle/Texas/24-008749-003/2024(H5N1)	1083	3559
NA|PP755591.1|A/cattle/Texas/24-008749-003/2024(H5N1)	1084	3532
NA|PP755591.1|A/cattle/Texas/24-008749-003/2024(H5N1)	1085	3456
NA|PP755591.1|A/cattle/Texas/24-008749-003/2024(H5N1)	1086	3433
NA|PP755591.1|A/cattle/Texas/24-008749-003/2024(H5N1)	1087	3430
NA|PP755591.1|A/cattle/Texas/24-008749-003/2024(H5N1)	1088	3416
NA|PP755591.1|A/cattle/Texas/24-008749-003/2024(H5N1)	1089	3405
NA|PP755591.1|A/cattle/Texas/24-008749-003/2024(H5N1)	1090	3403
NA|PP755591.1|A/cattle/Texas/24-008749-003/2024(H5N1)	1091	3385
NA|PP755591.1|A/cattle/Texas/24-008749-003/2024(H5N1)	1092	3332
NA|PP755591.1|A/cattle/Texas/24-008749-003/2024(H5N1)	1093	3312
NA|PP755591.1|A/cattle/Texas/24-008749-003/2024(H5N1)	1094	3026
NA|PP755591.1|A/cattle/Texas/24-008749-003/2024(H5N1)	1095	3023
NA|PP755591.1|A/cattle/Texas/24-008749-003/2024(H5N1)	1096	3014
NA|PP755591.1|A/cattle/Texas/24-008749-003/2024(H5N1)	1097	2997
NA|PP755591.1|A/cattle/Texas/24-008749-003/2024(H5N1)	1098	2365
NA|PP755591.1|A/cattle/Texas/24-008749-003/2024(H5N1)	1099	2360
NA|PP755591.1|A/cattle/Texas/24-008749-003/2024(H5N1)	1100	2308
NA|PP755591.1|A/cattle/Texas/24-008749-003/2024(H5N1)	1101	2303
NA|PP755591.1|A/cattle/Texas/24-008749-003/2024(H5N1)	1102	2303
NA|PP755591.1|A/cattle/Texas/24-008749-003/2024(H5N1)	1103	2303
NA|PP755591.1|A/cattle/Texas/24-008749-003/2024(H5N1)	1104	2300
NA|PP755591.1|A/cattle/Texas/24-008749-003/2024(H5N1)	1105	2300
NA|PP755591.1|A/cattle/Texas/24-008749-003/2024(H5N1)	1106	2300
NA|PP755591.1|A/cattle/Texas/24-008749-003/2024(H5N1)	1107	2300
NA|PP755591.1|A/cattle/Texas/24-008749-003/2024(H5N1)	1108	2300
NA|PP755591.1|A/cattle/Texas/24-008749-003/2024(H5N1)	1109	2301
NA|PP755591.1|A/cattle/Texas/24-008749-003/2024(H5N1)	1110	2299
NA|PP755591.1|A/cattle/Texas/24-008749-003/2024(H5N1)	1111	2954
NA|PP755591.1|A/cattle/Texas/24-008749-003/2024(H5N1)	1112	2992
NA|PP755591.1|A/cattle/Texas/24-008749-003/2024(H5N1)	1113	3000
NA|PP755591.1|A/cattle/Texas/24-008749-003/2024(H5N1)	1114	3011
NA|PP755591.1|A/cattle/Texas/24-008749-003/2024(H5N1)	1115	3021
NA|PP755591.1|A/cattle/Texas/24-008749-003/2024(H5N1)	1116	3026
NA|PP755591.1|A/cattle/Texas/24-008749-003/2024(H5N1)	1117	3042
NA|PP755591.1|A/cattle/Texas/24-008749-003/2024(H5N1)	1118	3042
NA|PP755591.1|A/cattle/Texas/24-008749-003/2024(H5N1)	1119	3027
NA|PP755591.1|A/cattle/Texas/24-008749-003/2024(H5N1)	1120	3025
NA|PP755591.1|A/cattle/Texas/24-008749-003/2024(H5N1)	1121	3024
NA|PP755591.1|A/cattle/Texas/24-008749-003/2024(H5N1)	1122	2995
NA|PP755591.1|A/cattle/Texas/24-008749-003/2024(H5N1)	1123	3116
NA|PP755591.1|A/cattle/Texas/24-008749-003/2024(H5N1)	1124	3123
NA|PP755591.1|A/cattle/Texas/24-008749-003/2024(H5N1)	1125	3130
NA|PP755591.1|A/cattle/Texas/24-008749-003/2024(H5N1)	1126	3127
NA|PP755591.1|A/cattle/Texas/24-008749-003/2024(H5N1)	1127	3126
NA|PP755591.1|A/cattle/Texas/24-008749-003/2024(H5N1)	1128	3058
NA|PP755591.1|A/cattle/Texas/24-008749-003/2024(H5N1)	1129	3040
NA|PP755591.1|A/cattle/Texas/24-008749-003/2024(H5N1)	1130	2986
NA|PP755591.1|A/cattle/Texas/24-008749-003/2024(H5N1)	1131	2978
NA|PP755591.1|A/cattle/Texas/24-008749-003/2024(H5N1)	1132	3152
NA|PP755591.1|A/cattle/Texas/24-008749-003/2024(H5N1)	1133	3158
NA|PP755591.1|A/cattle/Texas/24-008749-003/2024(H5N1)	1134	3155
NA|PP755591.1|A/cattle/Texas/24-008749-003/2024(H5N1)	1135	3156
NA|PP755591.1|A/cattle/Texas/24-008749-003/2024(H5N1)	1136	3132
NA|PP755591.1|A/cattle/Texas/24-008749-003/2024(H5N1)	1137	3061
NA|PP755591.1|A/cattle/Texas/24-008749-003/2024(H5N1)	1138	2922
NA|PP755591.1|A/cattle/Texas/24-008749-003/2024(H5N1)	1139	2915
NA|PP755591.1|A/cattle/Texas/24-008749-003/2024(H5N1)	1140	2909
NA|PP755591.1|A/cattle/Texas/24-008749-003/2024(H5N1)	1141	2906
NA|PP755591.1|A/cattle/Texas/24-008749-003/2024(H5N1)	1142	2870
NA|PP755591.1|A/cattle/Texas/24-008749-003/2024(H5N1)	1143	2824
NA|PP755591.1|A/cattle/Texas/24-008749-003/2024(H5N1)	1144	2816
NA|PP755591.1|A/cattle/Texas/24-008749-003/2024(H5N1)	1145	2794
NA|PP755591.1|A/cattle/Texas/24-008749-003/2024(H5N1)	1146	2793
NA|PP755591.1|A/cattle/Texas/24-008749-003/2024(H5N1)	1147	2758
NA|PP755591.1|A/cattle/Texas/24-008749-003/2024(H5N1)	1148	2730
NA|PP755591.1|A/cattle/Texas/24-008749-003/2024(H5N1)	1149	2611
NA|PP755591.1|A/cattle/Texas/24-008749-003/2024(H5N1)	1150	2593
NA|PP755591.1|A/cattle/Texas/24-008749-003/2024(H5N1)	1151	2586
NA|PP755591.1|A/cattle/Texas/24-008749-003/2024(H5N1)	1152	2450
NA|PP755591.1|A/cattle/Texas/24-008749-003/2024(H5N1)	1153	2353
NA|PP755591.1|A/cattle/Texas/24-008749-003/2024(H5N1)	1154	2352
NA|PP755591.1|A/cattle/Texas/24-008749-003/2024(H5N1)	1155	2297
NA|PP755591.1|A/cattle/Texas/24-008749-003/2024(H5N1)	1156	2298
NA|PP755591.1|A/cattle/Texas/24-008749-003/2024(H5N1)	1157	2264
NA|PP755591.1|A/cattle/Texas/24-008749-003/2024(H5N1)	1158	2166
NA|PP755591.1|A/cattle/Texas/24-008749-003/2024(H5N1)	1159	2166
NA|PP755591.1|A/cattle/Texas/24-008749-003/2024(H5N1)	1160	2138
NA|PP755591.1|A/cattle/Texas/24-008749-003/2024(H5N1)	1161	1978
NA|PP755591.1|A/cattle/Texas/24-008749-003/2024(H5N1)	1162	1971
NA|PP755591.1|A/cattle/Texas/24-008749-003/2024(H5N1)	1163	1809
NA|PP755591.1|A/cattle/Texas/24-008749-003/2024(H5N1)	1164	1802
NA|PP755591.1|A/cattle/Texas/24-008749-003/2024(H5N1)	1165	1802
NA|PP755591.1|A/cattle/Texas/24-008749-003/2024(H5N1)	1166	1803
NA|PP755591.1|A/cattle/Texas/24-008749-003/2024(H5N1)	1167	1801
NA|PP755591.1|A/cattle/Texas/24-008749-003/2024(H5N1)	1168	2110
NA|PP755591.1|A/cattle/Texas/24-008749-003/2024(H5N1)	1169	2112
NA|PP755591.1|A/cattle/Texas/24-008749-003/2024(H5N1)	1170	2131
NA|PP755591.1|A/cattle/Texas/24-008749-003/2024(H5N1)	1171	2136
NA|PP755591.1|A/cattle/Texas/24-008749-003/2024(H5N1)	1172	2136
NA|PP755591.1|A/cattle/Texas/24-008749-003/2024(H5N1)	1173	2136
NA|PP755591.1|A/cattle/Texas/24-008749-003/2024(H5N1)	1174	2136
NA|PP755591.1|A/cattle/Texas/24-008749-003/2024(H5N1)	1175	2138
NA|PP755591.1|A/cattle/Texas/24-008749-003/2024(H5N1)	1176	2137
NA|PP755591.1|A/cattle/Texas/24-008749-003/2024(H5N1)	1177	2218
NA|PP755591.1|A/cattle/Texas/24-008749-003/2024(H5N1)	1178	2239
NA|PP755591.1|A/cattle/Texas/24-008749-003/2024(H5N1)	1179	2240
NA|PP755591.1|A/cattle/Texas/24-008749-003/2024(H5N1)	1180	2240
NA|PP755591.1|A/cattle/Texas/24-008749-003/2024(H5N1)	1181	2240
NA|PP755591.1|A/cattle/Texas/24-008749-003/2024(H5N1)	1182	2222
NA|PP755591.1|A/cattle/Texas/24-008749-003/2024(H5N1)	1183	2217
NA|PP755591.1|A/cattle/Texas/24-008749-003/2024(H5N1)	1184	2120
NA|PP755591.1|A/cattle/Texas/24-008749-003/2024(H5N1)	1185	2149
NA|PP755591.1|A/cattle/Texas/24-008749-003/2024(H5N1)	1186	2206
NA|PP755591.1|A/cattle/Texas/24-008749-003/2024(H5N1)	1187	2205
NA|PP755591.1|A/cattle/Texas/24-008749-003/2024(H5N1)	1188	2205
NA|PP755591.1|A/cattle/Texas/24-008749-003/2024(H5N1)	1189	2205
NA|PP755591.1|A/cattle/Texas/24-008749-003/2024(H5N1)	1190	2204
NA|PP755591.1|A/cattle/Texas/24-008749-003/2024(H5N1)	1191	2121
NA|PP755591.1|A/cattle/Texas/24-008749-003/2024(H5N1)	1192	2148
NA|PP755591.1|A/cattle/Texas/24-008749-003/2024(H5N1)	1193	2150
NA|PP755591.1|A/cattle/Texas/24-008749-003/2024(H5N1)	1194	2158
NA|PP755591.1|A/cattle/Texas/24-008749-003/2024(H5N1)	1195	2165
NA|PP755591.1|A/cattle/Texas/24-008749-003/2024(H5N1)	1196	2437
NA|PP755591.1|A/cattle/Texas/24-008749-003/2024(H5N1)	1197	2440
NA|PP755591.1|A/cattle/Texas/24-008749-003/2024(H5N1)	1198	2449
NA|PP755591.1|A/cattle/Texas/24-008749-003/2024(H5N1)	1199	2446
NA|PP755591.1|A/cattle/Texas/24-008749-003/2024(H5N1)	1200	2423
NA|PP755591.1|A/cattle/Texas/24-008749-003/2024(H5N1)	1201	2538
NA|PP755591.1|A/cattle/Texas/24-008749-003/2024(H5N1)	1202	2545
NA|PP755591.1|A/cattle/Texas/24-008749-003/2024(H5N1)	1203	2543
NA|PP755591.1|A/cattle/Texas/24-008749-003/2024(H5N1)	1204	2540
NA|PP755591.1|A/cattle/Texas/24-008749-003/2024(H5N1)	1205	2252
NA|PP755591.1|A/cattle/Texas/24-008749-003/2024(H5N1)	1206	2251
NA|PP755591.1|A/cattle/Texas/24-008749-003/2024(H5N1)	1207	2242
NA|PP755591.1|A/cattle/Texas/24-008749-003/2024(H5N1)	1208	2239
NA|PP755591.1|A/cattle/Texas/24-008749-003/2024(H5N1)	1209	2038
NA|PP755591.1|A/cattle/Texas/24-008749-003/2024(H5N1)	1210	2038
NA|PP755591.1|A/cattle/Texas/24-008749-003/2024(H5N1)	1211	2038
NA|PP755591.1|A/cattle/Texas/24-008749-003/2024(H5N1)	1212	2037
NA|PP755591.1|A/cattle/Texas/24-008749-003/2024(H5N1)	1213	2084
NA|PP755591.1|A/cattle/Texas/24-008749-003/2024(H5N1)	1214	2104
NA|PP755591.1|A/cattle/Texas/24-008749-003/2024(H5N1)	1215	2120
NA|PP755591.1|A/cattle/Texas/24-008749-003/2024(H5N1)	1216	2120
NA|PP755591.1|A/cattle/Texas/24-008749-003/2024(H5N1)	1217	2120
NA|PP755591.1|A/cattle/Texas/24-008749-003/2024(H5N1)	1218	2119
NA|PP755591.1|A/cattle/Texas/24-008749-003/2024(H5N1)	1219	2121
NA|PP755591.1|A/cattle/Texas/24-008749-003/2024(H5N1)	1220	2118
NA|PP755591.1|A/cattle/Texas/24-008749-003/2024(H5N1)	1221	2076
NA|PP755591.1|A/cattle/Texas/24-008749-003/2024(H5N1)	1222	2096
NA|PP755591.1|A/cattle/Texas/24-008749-003/2024(H5N1)	1223	2100
NA|PP755591.1|A/cattle/Texas/24-008749-003/2024(H5N1)	1224	2112
NA|PP755591.1|A/cattle/Texas/24-008749-003/2024(H5N1)	1225	2309
NA|PP755591.1|A/cattle/Texas/24-008749-003/2024(H5N1)	1226	2372
NA|PP755591.1|A/cattle/Texas/24-008749-003/2024(H5N1)	1227	2423
NA|PP755591.1|A/cattle/Texas/24-008749-003/2024(H5N1)	1228	2453
NA|PP755591.1|A/cattle/Texas/24-008749-003/2024(H5N1)	1229	2454
NA|PP755591.1|A/cattle/Texas/24-008749-003/2024(H5N1)	1230	2443
NA|PP755591.1|A/cattle/Texas/24-008749-003/2024(H5N1)	1231	2463
NA|PP755591.1|A/cattle/Texas/24-008749-003/2024(H5N1)	1232	2488
NA|PP755591.1|A/cattle/Texas/24-008749-003/2024(H5N1)	1233	2457
NA|PP755591.1|A/cattle/Texas/24-008749-003/2024(H5N1)	1234	2452
NA|PP755591.1|A/cattle/Texas/24-008749-003/2024(H5N1)	1235	2381
NA|PP755591.1|A/cattle/Texas/24-008749-003/2024(H5N1)	1236	2376
NA|PP755591.1|A/cattle/Texas/24-008749-003/2024(H5N1)	1237	2375
NA|PP755591.1|A/cattle/Texas/24-008749-003/2024(H5N1)	1238	2370
NA|PP755591.1|A/cattle/Texas/24-008749-003/2024(H5N1)	1239	2086
NA|PP755591.1|A/cattle/Texas/24-008749-003/2024(H5N1)	1240	2162
NA|PP755591.1|A/cattle/Texas/24-008749-003/2024(H5N1)	1241	2162
NA|PP755591.1|A/cattle/Texas/24-008749-003/2024(H5N1)	1242	2161
NA|PP755591.1|A/cattle/Texas/24-008749-003/2024(H5N1)	1243	2221
NA|PP755591.1|A/cattle/Texas/24-008749-003/2024(H5N1)	1244	2224
NA|PP755591.1|A/cattle/Texas/24-008749-003/2024(H5N1)	1245	2245
NA|PP755591.1|A/cattle/Texas/24-008749-003/2024(H5N1)	1246	2683
NA|PP755591.1|A/cattle/Texas/24-008749-003/2024(H5N1)	1247	2730
NA|PP755591.1|A/cattle/Texas/24-008749-003/2024(H5N1)	1248	2775
NA|PP755591.1|A/cattle/Texas/24-008749-003/2024(H5N1)	1249	2783
NA|PP755591.1|A/cattle/Texas/24-008749-003/2024(H5N1)	1250	2838
NA|PP755591.1|A/cattle/Texas/24-008749-003/2024(H5N1)	1251	2870
NA|PP755591.1|A/cattle/Texas/24-008749-003/2024(H5N1)	1252	2873
NA|PP755591.1|A/cattle/Texas/24-008749-003/2024(H5N1)	1253	2874
NA|PP755591.1|A/cattle/Texas/24-008749-003/2024(H5N1)	1254	2875
NA|PP755591.1|A/cattle/Texas/24-008749-003/2024(H5N1)	1255	2873
NA|PP755591.1|A/cattle/Texas/24-008749-003/2024(H5N1)	1256	2891
NA|PP755591.1|A/cattle/Texas/24-008749-003/2024(H5N1)	1257	3024
NA|PP755591.1|A/cattle/Texas/24-008749-003/2024(H5N1)	1258	3071
NA|PP755591.1|A/cattle/Texas/24-008749-003/2024(H5N1)	1259	2963
NA|PP755591.1|A/cattle/Texas/24-008749-003/2024(H5N1)	1260	2989
NA|PP755591.1|A/cattle/Texas/24-008749-003/2024(H5N1)	1261	2987
NA|PP755591.1|A/cattle/Texas/24-008749-003/2024(H5N1)	1262	2985
NA|PP755591.1|A/cattle/Texas/24-008749-003/2024(H5N1)	1263	3086
NA|PP755591.1|A/cattle/Texas/24-008749-003/2024(H5N1)	1264	3108
NA|PP755591.1|A/cattle/Texas/24-008749-003/2024(H5N1)	1265	3126
NA|PP755591.1|A/cattle/Texas/24-008749-003/2024(H5N1)	1266	3130
NA|PP755591.1|A/cattle/Texas/24-008749-003/2024(H5N1)	1267	3144
NA|PP755591.1|A/cattle/Texas/24-008749-003/2024(H5N1)	1268	3183
NA|PP755591.1|A/cattle/Texas/24-008749-003/2024(H5N1)	1269	3183
NA|PP755591.1|A/cattle/Texas/24-008749-003/2024(H5N1)	1270	3150
NA|PP755591.1|A/cattle/Texas/24-008749-003/2024(H5N1)	1271	3132
NA|PP755591.1|A/cattle/Texas/24-008749-003/2024(H5N1)	1272	3087
NA|PP755591.1|A/cattle/Texas/24-008749-003/2024(H5N1)	1273	3105
NA|PP755591.1|A/cattle/Texas/24-008749-003/2024(H5N1)	1274	3098
NA|PP755591.1|A/cattle/Texas/24-008749-003/2024(H5N1)	1275	3103
NA|PP755591.1|A/cattle/Texas/24-008749-003/2024(H5N1)	1276	3095
NA|PP755591.1|A/cattle/Texas/24-008749-003/2024(H5N1)	1277	3040
NA|PP755591.1|A/cattle/Texas/24-008749-003/2024(H5N1)	1278	2828
NA|PP755591.1|A/cattle/Texas/24-008749-003/2024(H5N1)	1279	2836
NA|PP755591.1|A/cattle/Texas/24-008749-003/2024(H5N1)	1280	2845
NA|PP755591.1|A/cattle/Texas/24-008749-003/2024(H5N1)	1281	2845
NA|PP755591.1|A/cattle/Texas/24-008749-003/2024(H5N1)	1282	2930
NA|PP755591.1|A/cattle/Texas/24-008749-003/2024(H5N1)	1283	2956
NA|PP755591.1|A/cattle/Texas/24-008749-003/2024(H5N1)	1284	2984
NA|PP755591.1|A/cattle/Texas/24-008749-003/2024(H5N1)	1285	2994
NA|PP755591.1|A/cattle/Texas/24-008749-003/2024(H5N1)	1286	3021
NA|PP755591.1|A/cattle/Texas/24-008749-003/2024(H5N1)	1287	3023
NA|PP755591.1|A/cattle/Texas/24-008749-003/2024(H5N1)	1288	3307
NA|PP755591.1|A/cattle/Texas/24-008749-003/2024(H5N1)	1289	3323
NA|PP755591.1|A/cattle/Texas/24-008749-003/2024(H5N1)	1290	3278
NA|PP755591.1|A/cattle/Texas/24-008749-003/2024(H5N1)	1291	3376
NA|PP755591.1|A/cattle/Texas/24-008749-003/2024(H5N1)	1292	3427
NA|PP755591.1|A/cattle/Texas/24-008749-003/2024(H5N1)	1293	3430
NA|PP755591.1|A/cattle/Texas/24-008749-003/2024(H5N1)	1294	3437
NA|PP755591.1|A/cattle/Texas/24-008749-003/2024(H5N1)	1295	3440
NA|PP755591.1|A/cattle/Texas/24-008749-003/2024(H5N1)	1296	3442
NA|PP755591.1|A/cattle/Texas/24-008749-003/2024(H5N1)	1297	3443
NA|PP755591.1|A/cattle/Texas/24-008749-003/2024(H5N1)	1298	3426
NA|PP755591.1|A/cattle/Texas/24-008749-003/2024(H5N1)	1299	3438
NA|PP755591.1|A/cattle/Texas/24-008749-003/2024(H5N1)	1300	3400
NA|PP755591.1|A/cattle/Texas/24-008749-003/2024(H5N1)	1301	3392
NA|PP755591.1|A/cattle/Texas/24-008749-003/2024(H5N1)	1302	3345
NA|PP755591.1|A/cattle/Texas/24-008749-003/2024(H5N1)	1303	3345
NA|PP755591.1|A/cattle/Texas/24-008749-003/2024(H5N1)	1304	3349
NA|PP755591.1|A/cattle/Texas/24-008749-003/2024(H5N1)	1305	3353
NA|PP755591.1|A/cattle/Texas/24-008749-003/2024(H5N1)	1306	3379
NA|PP755591.1|A/cattle/Texas/24-008749-003/2024(H5N1)	1307	3379
NA|PP755591.1|A/cattle/Texas/24-008749-003/2024(H5N1)	1308	3379
NA|PP755591.1|A/cattle/Texas/24-008749-003/2024(H5N1)	1309	3379
NA|PP755591.1|A/cattle/Texas/24-008749-003/2024(H5N1)	1310	3381
NA|PP755591.1|A/cattle/Texas/24-008749-003/2024(H5N1)	1311	3381
NA|PP755591.1|A/cattle/Texas/24-008749-003/2024(H5N1)	1312	3381
NA|PP755591.1|A/cattle/Texas/24-008749-003/2024(H5N1)	1313	3378
NA|PP755591.1|A/cattle/Texas/24-008749-003/2024(H5N1)	1314	3093
NA|PP755591.1|A/cattle/Texas/24-008749-003/2024(H5N1)	1315	3116
NA|PP755591.1|A/cattle/Texas/24-008749-003/2024(H5N1)	1316	3115
NA|PP755591.1|A/cattle/Texas/24-008749-003/2024(H5N1)	1317	3115
NA|PP755591.1|A/cattle/Texas/24-008749-003/2024(H5N1)	1318	3115
NA|PP755591.1|A/cattle/Texas/24-008749-003/2024(H5N1)	1319	3117
NA|PP755591.1|A/cattle/Texas/24-008749-003/2024(H5N1)	1320	3117
NA|PP755591.1|A/cattle/Texas/24-008749-003/2024(H5N1)	1321	3208
NA|PP755591.1|A/cattle/Texas/24-008749-003/2024(H5N1)	1322	3212
NA|PP755591.1|A/cattle/Texas/24-008749-003/2024(H5N1)	1323	3216
NA|PP755591.1|A/cattle/Texas/24-008749-003/2024(H5N1)	1324	3216
NA|PP755591.1|A/cattle/Texas/24-008749-003/2024(H5N1)	1325	3216
NA|PP755591.1|A/cattle/Texas/24-008749-003/2024(H5N1)	1326	3218
NA|PP755591.1|A/cattle/Texas/24-008749-003/2024(H5N1)	1327	3218
NA|PP755591.1|A/cattle/Texas/24-008749-003/2024(H5N1)	1328	3218
NA|PP755591.1|A/cattle/Texas/24-008749-003/2024(H5N1)	1329	3218
NA|PP755591.1|A/cattle/Texas/24-008749-003/2024(H5N1)	1330	3218
NA|PP755591.1|A/cattle/Texas/24-008749-003/2024(H5N1)	1331	3218
NA|PP755591.1|A/cattle/Texas/24-008749-003/2024(H5N1)	1332	3218
NA|PP755591.1|A/cattle/Texas/24-008749-003/2024(H5N1)	1333	3260
NA|PP755591.1|A/cattle/Texas/24-008749-003/2024(H5N1)	1334	3263
NA|PP755591.1|A/cattle/Texas/24-008749-003/2024(H5N1)	1335	3269
NA|PP755591.1|A/cattle/Texas/24-008749-003/2024(H5N1)	1336	3271
NA|PP755591.1|A/cattle/Texas/24-008749-003/2024(H5N1)	1337	3272
NA|PP755591.1|A/cattle/Texas/24-008749-003/2024(H5N1)	1338	3272
NA|PP755591.1|A/cattle/Texas/24-008749-003/2024(H5N1)	1339	3274
NA|PP755591.1|A/cattle/Texas/24-008749-003/2024(H5N1)	1340	3279
NA|PP755591.1|A/cattle/Texas/24-008749-003/2024(H5N1)	1341	3258
NA|PP755591.1|A/cattle/Texas/24-008749-003/2024(H5N1)	1342	3266
NA|PP755591.1|A/cattle/Texas/24-008749-003/2024(H5N1)	1343	3270
NA|PP755591.1|A/cattle/Texas/24-008749-003/2024(H5N1)	1344	3272
NA|PP755591.1|A/cattle/Texas/24-008749-003/2024(H5N1)	1345	3275
NA|PP755591.1|A/cattle/Texas/24-008749-003/2024(H5N1)	1346	3275
NA|PP755591.1|A/cattle/Texas/24-008749-003/2024(H5N1)	1347	3066
NA|PP755591.1|A/cattle/Texas/24-008749-003/2024(H5N1)	1348	3057
NA|PP755591.1|A/cattle/Texas/24-008749-003/2024(H5N1)	1349	3051
NA|PP755591.1|A/cattle/Texas/24-008749-003/2024(H5N1)	1350	2927
NA|PP755591.1|A/cattle/Texas/24-008749-003/2024(H5N1)	1351	2934
NA|PP755591.1|A/cattle/Texas/24-008749-003/2024(H5N1)	1352	2935
NA|PP755591.1|A/cattle/Texas/24-008749-003/2024(H5N1)	1353	2937
NA|PP755591.1|A/cattle/Texas/24-008749-003/2024(H5N1)	1354	2943
NA|PP755591.1|A/cattle/Texas/24-008749-003/2024(H5N1)	1355	2951
NA|PP755591.1|A/cattle/Texas/24-008749-003/2024(H5N1)	1356	2939
NA|PP755591.1|A/cattle/Texas/24-008749-003/2024(H5N1)	1357	2942
NA|PP755591.1|A/cattle/Texas/24-008749-003/2024(H5N1)	1358	2941
NA|PP755591.1|A/cattle/Texas/24-008749-003/2024(H5N1)	1359	2953
NA|PP755591.1|A/cattle/Texas/24-008749-003/2024(H5N1)	1360	2956
NA|PP755591.1|A/cattle/Texas/24-008749-003/2024(H5N1)	1361	2954
NA|PP755591.1|A/cattle/Texas/24-008749-003/2024(H5N1)	1362	2950
NA|PP755591.1|A/cattle/Texas/24-008749-003/2024(H5N1)	1363	2941
NA|PP755591.1|A/cattle/Texas/24-008749-003/2024(H5N1)	1364	2926
NA|PP755591.1|A/cattle/Texas/24-008749-003/2024(H5N1)	1365	2918
NA|PP755591.1|A/cattle/Texas/24-008749-003/2024(H5N1)	1366	2916
NA|PP755591.1|A/cattle/Texas/24-008749-003/2024(H5N1)	1367	2912
NA|PP755591.1|A/cattle/Texas/24-008749-003/2024(H5N1)	1368	2899
NA|PP755591.1|A/cattle/Texas/24-008749-003/2024(H5N1)	1369	2900
NA|PP755591.1|A/cattle/Texas/24-008749-003/2024(H5N1)	1370	2903
NA|PP755591.1|A/cattle/Texas/24-008749-003/2024(H5N1)	1371	2903
NA|PP755591.1|A/cattle/Texas/24-008749-003/2024(H5N1)	1372	2903
NA|PP755591.1|A/cattle/Texas/24-008749-003/2024(H5N1)	1373	2873
NA|PP755591.1|A/cattle/Texas/24-008749-003/2024(H5N1)	1374	2636
NA|PP755591.1|A/cattle/Texas/24-008749-003/2024(H5N1)	1375	2626
NA|PP755591.1|A/cattle/Texas/24-008749-003/2024(H5N1)	1376	2625
NA|PP755591.1|A/cattle/Texas/24-008749-003/2024(H5N1)	1377	2578
NA|PP755591.1|A/cattle/Texas/24-008749-003/2024(H5N1)	1378	2521
NA|PP755591.1|A/cattle/Texas/24-008749-003/2024(H5N1)	1379	2488
NA|PP755591.1|A/cattle/Texas/24-008749-003/2024(H5N1)	1380	2459
NA|PP755591.1|A/cattle/Texas/24-008749-003/2024(H5N1)	1381	2459
NA|PP755591.1|A/cattle/Texas/24-008749-003/2024(H5N1)	1382	2439
NA|PP755591.1|A/cattle/Texas/24-008749-003/2024(H5N1)	1383	2428
NA|PP755591.1|A/cattle/Texas/24-008749-003/2024(H5N1)	1384	2430
NA|PP755591.1|A/cattle/Texas/24-008749-003/2024(H5N1)	1385	2420
NA|PP755591.1|A/cattle/Texas/24-008749-003/2024(H5N1)	1386	2420
NA|PP755591.1|A/cattle/Texas/24-008749-003/2024(H5N1)	1387	2410
NA|PP755591.1|A/cattle/Texas/24-008749-003/2024(H5N1)	1388	1874
NA|PP755591.1|A/cattle/Texas/24-008749-003/2024(H5N1)	1389	1873
NA|PP755591.1|A/cattle/Texas/24-008749-003/2024(H5N1)	1390	1817
NA|PP755591.1|A/cattle/Texas/24-008749-003/2024(H5N1)	1391	1812
NA|PP755591.1|A/cattle/Texas/24-008749-003/2024(H5N1)	1392	1813
NA|PP755591.1|A/cattle/Texas/24-008749-003/2024(H5N1)	1393	1722
NA|PP755591.1|A/cattle/Texas/24-008749-003/2024(H5N1)	1394	1718
NA|PP755591.1|A/cattle/Texas/24-008749-003/2024(H5N1)	1395	1702
NA|PP755591.1|A/cattle/Texas/24-008749-003/2024(H5N1)	1396	1692
NA|PP755591.1|A/cattle/Texas/24-008749-003/2024(H5N1)	1397	1689
NA|PP755591.1|A/cattle/Texas/24-008749-003/2024(H5N1)	1398	1646
NA|PP755591.1|A/cattle/Texas/24-008749-003/2024(H5N1)	1399	1621
NA|PP755591.1|A/cattle/Texas/24-008749-003/2024(H5N1)	1400	1621
NA|PP755591.1|A/cattle/Texas/24-008749-003/2024(H5N1)	1401	1564
NA|PP755591.1|A/cattle/Texas/24-008749-003/2024(H5N1)	1402	1561
NA|PP755591.1|A/cattle/Texas/24-008749-003/2024(H5N1)	1403	1560
NA|PP755591.1|A/cattle/Texas/24-008749-003/2024(H5N1)	1404	1559
NA|PP755591.1|A/cattle/Texas/24-008749-003/2024(H5N1)	1405	1532
NA|PP755591.1|A/cattle/Texas/24-008749-003/2024(H5N1)	1406	1415
NA|PP755591.1|A/cattle/Texas/24-008749-003/2024(H5N1)	1407	1332
NA|PP755591.1|A/cattle/Texas/24-008749-003/2024(H5N1)	1408	1315
NA|PP755591.1|A/cattle/Texas/24-008749-003/2024(H5N1)	1409	1234
NA|PP755591.1|A/cattle/Texas/24-008749-003/2024(H5N1)	1410	1232
