PB2|PP755596.1|A/cattle/Texas/24-008749-003/2024(H5N1)	1	1070
PB2|PP755596.1|A/cattle/Texas/24-008749-003/2024(H5N1)	2	1075
PB2|PP755596.1|A/cattle/Texas/24-008749-003/2024(H5N1)	3	1086
PB2|PP755596.1|A/cattle/Texas/24-008749-003/2024(H5N1)	4	1088
PB2|PP755596.1|A/cattle/Texas/24-008749-003/2024(H5N1)	5	1092
PB2|PP755596.1|A/cattle/Texas/24-008749-003/2024(H5N1)	6	1102
PB2|PP755596.1|A/cattle/Texas/24-008749-003/2024(H5N1)	7	1106
PB2|PP755596.1|A/cattle/Texas/24-008749-003/2024(H5N1)	8	1198
PB2|PP755596.1|A/cattle/Texas/24-008749-003/2024(H5N1)	9	1199
PB2|PP755596.1|A/cattle/Texas/24-008749-003/2024(H5N1)	10	1201
PB2|PP755596.1|A/cattle/Texas/24-008749-003/2024(H5N1)	11	1215
PB2|PP755596.1|A/cattle/Texas/24-008749-003/2024(H5N1)	12	1235
PB2|PP755596.1|A/cattle/Texas/24-008749-003/2024(H5N1)	13	1239
PB2|PP755596.1|A/cattle/Texas/24-008749-003/2024(H5N1)	14	1241
PB2|PP755596.1|A/cattle/Texas/24-008749-003/2024(H5N1)	15	1241
PB2|PP755596.1|A/cattle/Texas/24-008749-003/2024(H5N1)	16	1262
PB2|PP755596.1|A/cattle/Texas/24-008749-003/2024(H5N1)	17	1276
PB2|PP755596.1|A/cattle/Texas/24-008749-003/2024(H5N1)	18	1276
PB2|PP755596.1|A/cattle/Texas/24-008749-003/2024(H5N1)	19	1279
PB2|PP755596.1|A/cattle/Texas/24-008749-003/2024(H5N1)	20	1280
PB2|PP755596.1|A/cattle/Texas/24-008749-003/2024(H5N1)	21	1288
PB2|PP755596.1|A/cattle/Texas/24-008749-003/2024(H5N1)	22	1293
PB2|PP755596.1|A/cattle/Texas/24-008749-003/2024(H5N1)	23	1297
PB2|PP755596.1|A/cattle/Texas/24-008749-003/2024(H5N1)	24	1302
PB2|PP755596.1|A/cattle/Texas/24-008749-003/2024(H5N1)	25	1368
PB2|PP755596.1|A/cattle/Texas/24-008749-003/2024(H5N1)	26	1410
PB2|PP755596.1|A/cattle/Texas/24-008749-003/2024(H5N1)	27	1413
PB2|PP755596.1|A/cattle/Texas/24-008749-003/2024(H5N1)	28	1416
PB2|PP755596.1|A/cattle/Texas/24-008749-003/2024(H5N1)	29	1417
PB2|PP755596.1|A/cattle/Texas/24-008749-003/2024(H5N1)	30	1420
PB2|PP755596.1|A/cattle/Texas/24-008749-003/2024(H5N1)	31	1450
PB2|PP755596.1|A/cattle/Texas/24-008749-003/2024(H5N1)	32	1455
PB2|PP755596.1|A/cattle/Texas/24-008749-003/2024(H5N1)	33	1463
PB2|PP755596.1|A/cattle/Texas/24-008749-003/2024(H5N1)	34	1479
PB2|PP755596.1|A/cattle/Texas/24-008749-003/2024(H5N1)	35	1480
PB2|PP755596.1|A/cattle/Texas/24-008749-003/2024(H5N1)	36	1480
PB2|PP755596.1|A/cattle/Texas/24-008749-003/2024(H5N1)	37	1483
PB2|PP755596.1|A/cattle/Texas/24-008749-003/2024(H5N1)	38	1483
PB2|PP755596.1|A/cattle/Texas/24-008749-003/2024(H5N1)	39	1601
PB2|PP755596.1|A/cattle/Texas/24-008749-003/2024(H5N1)	40	1613
PB2|PP755596.1|A/cattle/Texas/24-008749-003/2024(H5N1)	41	1617
PB2|PP755596.1|A/cattle/Texas/24-008749-003/2024(H5N1)	42	1619
PB2|PP755596.1|A/cattle/Texas/24-008749-003/2024(H5N1)	43	1623
PB2|PP755596.1|A/cattle/Texas/24-008749-003/2024(H5N1)	44	1625
PB2|PP755596.1|A/cattle/Texas/24-008749-003/2024(H5N1)	45	1627
PB2|PP755596.1|A/cattle/Texas/24-008749-003/2024(H5N1)	46	1636
PB2|PP755596.1|A/cattle/Texas/24-008749-003/2024(H5N1)	47	1648
PB2|PP755596.1|A/cattle/Texas/24-008749-003/2024(H5N1)	48	1646
PB2|PP755596.1|A/cattle/Texas/24-008749-003/2024(H5N1)	49	1674
PB2|PP755596.1|A/cattle/Texas/24-008749-003/2024(H5N1)	50	1676
PB2|PP755596.1|A/cattle/Texas/24-008749-003/2024(H5N1)	51	1688
PB2|PP755596.1|A/cattle/Texas/24-008749-003/2024(H5N1)	52	1688
PB2|PP755596.1|A/cattle/Texas/24-008749-003/2024(H5N1)	53	1689
PB2|PP755596.1|A/cattle/Texas/24-008749-003/2024(H5N1)	54	1748
PB2|PP755596.1|A/cattle/Texas/24-008749-003/2024(H5N1)	55	1807
PB2|PP755596.1|A/cattle/Texas/24-008749-003/2024(H5N1)	56	1840
PB2|PP755596.1|A/cattle/Texas/24-008749-003/2024(H5N1)	57	1843
PB2|PP755596.1|A/cattle/Texas/24-008749-003/2024(H5N1)	58	1847
PB2|PP755596.1|A/cattle/Texas/24-008749-003/2024(H5N1)	59	1851
PB2|PP755596.1|A/cattle/Texas/24-008749-003/2024(H5N1)	60	1890
PB2|PP755596.1|A/cattle/Texas/24-008749-003/2024(H5N1)	61	1899
PB2|PP755596.1|A/cattle/Texas/24-008749-003/2024(H5N1)	62	1909
PB2|PP755596.1|A/cattle/Texas/24-008749-003/2024(H5N1)	63	1909
PB2|PP755596.1|A/cattle/Texas/24-008749-003/2024(H5N1)	64	1904
PB2|PP755596.1|A/cattle/Texas/24-008749-003/2024(H5N1)	65	1910
PB2|PP755596.1|A/cattle/Texas/24-008749-003/2024(H5N1)	66	1928
PB2|PP755596.1|A/cattle/Texas/24-008749-003/2024(H5N1)	67	1943
PB2|PP755596.1|A/cattle/Texas/24-008749-003/2024(H5N1)	68	1965
PB2|PP755596.1|A/cattle/Texas/24-008749-003/2024(H5N1)	69	1960
PB2|PP755596.1|A/cattle/Texas/24-008749-003/2024(H5N1)	70	1962
PB2|PP755596.1|A/cattle/Texas/24-008749-003/2024(H5N1)	71	2006
PB2|PP755596.1|A/cattle/Texas/24-008749-003/2024(H5N1)	72	2038
PB2|PP755596.1|A/cattle/Texas/24-008749-003/2024(H5N1)	73	2098
PB2|PP755596.1|A/cattle/Texas/24-008749-003/2024(H5N1)	74	2114
PB2|PP755596.1|A/cattle/Texas/24-008749-003/2024(H5N1)	75	2114
PB2|PP755596.1|A/cattle/Texas/24-008749-003/2024(H5N1)	76	2118
PB2|PP755596.1|A/cattle/Texas/24-008749-003/2024(H5N1)	77	2119
PB2|PP755596.1|A/cattle/Texas/24-008749-003/2024(H5N1)	78	2167
PB2|PP755596.1|A/cattle/Texas/24-008749-003/2024(H5N1)	79	2211
PB2|PP755596.1|A/cattle/Texas/24-008749-003/2024(H5N1)	80	2203
PB2|PP755596.1|A/cattle/Texas/24-008749-003/2024(H5N1)	81	2210
PB2|PP755596.1|A/cattle/Texas/24-008749-003/2024(H5N1)	82	2206
PB2|PP755596.1|A/cattle/Texas/24-008749-003/2024(H5N1)	83	2207
PB2|PP755596.1|A/cattle/Texas/24-008749-003/2024(H5N1)	84	2215
PB2|PP755596.1|A/cattle/Texas/24-008749-003/2024(H5N1)	85	2261
PB2|PP755596.1|A/cattle/Texas/24-008749-003/2024(H5N1)	86	2264
PB2|PP755596.1|A/cattle/Texas/24-008749-003/2024(H5N1)	87	2285
PB2|PP755596.1|A/cattle/Texas/24-008749-003/2024(H5N1)	88	2285
PB2|PP755596.1|A/cattle/Texas/24-008749-003/2024(H5N1)	89	2298
PB2|PP755596.1|A/cattle/Texas/24-008749-003/2024(H5N1)	90	2299
PB2|PP755596.1|A/cattle/Texas/24-008749-003/2024(H5N1)	91	2338
PB2|PP755596.1|A/cattle/Texas/24-008749-003/2024(H5N1)	92	2348
PB2|PP755596.1|A/cattle/Texas/24-008749-003/2024(H5N1)	93	2356
PB2|PP755596.1|A/cattle/Texas/24-008749-003/2024(H5N1)	94	2354
PB2|PP755596.1|A/cattle/Texas/24-008749-003/2024(H5N1)	95	2353
PB2|PP755596.1|A/cattle/Texas/24-008749-003/2024(H5N1)	96	2373
PB2|PP755596.1|A/cattle/Texas/24-008749-003/2024(H5N1)	97	2395
PB2|PP755596.1|A/cattle/Texas/24-008749-003/2024(H5N1)	98	2395
PB2|PP755596.1|A/cattle/Texas/24-008749-003/2024(H5N1)	99	2456
PB2|PP755596.1|A/cattle/Texas/24-008749-003/2024(H5N1)	100	2452
PB2|PP755596.1|A/cattle/Texas/24-008749-003/2024(H5N1)	101	2454
PB2|PP755596.1|A/cattle/Texas/24-008749-003/2024(H5N1)	102	2444
PB2|PP755596.1|A/cattle/Texas/24-008749-003/2024(H5N1)	103	2437
PB2|PP755596.1|A/cattle/Texas/24-008749-003/2024(H5N1)	104	2490
PB2|PP755596.1|A/cattle/Texas/24-008749-003/2024(H5N1)	105	2494
PB2|PP755596.1|A/cattle/Texas/24-008749-003/2024(H5N1)	106	2500
PB2|PP755596.1|A/cattle/Texas/24-008749-003/2024(H5N1)	107	2500
PB2|PP755596.1|A/cattle/Texas/24-008749-003/2024(H5N1)	108	2492
PB2|PP755596.1|A/cattle/Texas/24-008749-003/2024(H5N1)	109	2493
PB2|PP755596.1|A/cattle/Texas/24-008749-003/2024(H5N1)	110	2507
PB2|PP755596.1|A/cattle/Texas/24-008749-003/2024(H5N1)	111	2550
PB2|PP755596.1|A/cattle/Texas/24-008749-003/2024(H5N1)	112	2548
PB2|PP755596.1|A/cattle/Texas/24-008749-003/2024(H5N1)	113	2561
PB2|PP755596.1|A/cattle/Texas/24-008749-003/2024(H5N1)	114	2566
PB2|PP755596.1|A/cattle/Texas/24-008749-003/2024(H5N1)	115	2583
PB2|PP755596.1|A/cattle/Texas/24-008749-003/2024(H5N1)	116	2583
PB2|PP755596.1|A/cattle/Texas/24-008749-003/2024(H5N1)	117	2584
PB2|PP755596.1|A/cattle/Texas/24-008749-003/2024(H5N1)	118	2643
PB2|PP755596.1|A/cattle/Texas/24-008749-003/2024(H5N1)	119	2673
PB2|PP755596.1|A/cattle/Texas/24-008749-003/2024(H5N1)	120	2687
PB2|PP755596.1|A/cattle/Texas/24-008749-003/2024(H5N1)	121	2710
PB2|PP755596.1|A/cattle/Texas/24-008749-003/2024(H5N1)	122	2705
PB2|PP755596.1|A/cattle/Texas/24-008749-003/2024(H5N1)	123	2698
PB2|PP755596.1|A/cattle/Texas/24-008749-003/2024(H5N1)	124	2340
PB2|PP755596.1|A/cattle/Texas/24-008749-003/2024(H5N1)	125	2259
PB2|PP755596.1|A/cattle/Texas/24-008749-003/2024(H5N1)	126	2139
PB2|PP755596.1|A/cattle/Texas/24-008749-003/2024(H5N1)	127	2155
PB2|PP755596.1|A/cattle/Texas/24-008749-003/2024(H5N1)	128	2161
PB2|PP755596.1|A/cattle/Texas/24-008749-003/2024(H5N1)	129	2256
PB2|PP755596.1|A/cattle/Texas/24-008749-003/2024(H5N1)	130	2269
PB2|PP755596.1|A/cattle/Texas/24-008749-003/2024(H5N1)	131	2282
PB2|PP755596.1|A/cattle/Texas/24-008749-003/2024(H5N1)	132	2286
PB2|PP755596.1|A/cattle/Texas/24-008749-003/2024(H5N1)	133	2220
PB2|PP755596.1|A/cattle/Texas/24-008749-003/2024(H5N1)	134	2256
PB2|PP755596.1|A/cattle/Texas/24-008749-003/2024(H5N1)	135	2257
PB2|PP755596.1|A/cattle/Texas/24-008749-003/2024(H5N1)	136	2248
PB2|PP755596.1|A/cattle/Texas/24-008749-003/2024(H5N1)	137	2308
PB2|PP755596.1|A/cattle/Texas/24-008749-003/2024(H5N1)	138	2349
PB2|PP755596.1|A/cattle/Texas/24-008749-003/2024(H5N1)	139	2348
PB2|PP755596.1|A/cattle/Texas/24-008749-003/2024(H5N1)	140	2303
PB2|PP755596.1|A/cattle/Texas/24-008749-003/2024(H5N1)	141	2282
PB2|PP755596.1|A/cattle/Texas/24-008749-003/2024(H5N1)	142	2310
PB2|PP755596.1|A/cattle/Texas/24-008749-003/2024(H5N1)	143	2287
PB2|PP755596.1|A/cattle/Texas/24-008749-003/2024(H5N1)	144	2306
PB2|PP755596.1|A/cattle/Texas/24-008749-003/2024(H5N1)	145	2274
PB2|PP755596.1|A/cattle/Texas/24-008749-003/2024(H5N1)	146	2291
PB2|PP755596.1|A/cattle/Texas/24-008749-003/2024(H5N1)	147	2297
PB2|PP755596.1|A/cattle/Texas/24-008749-003/2024(H5N1)	148	2284
PB2|PP755596.1|A/cattle/Texas/24-008749-003/2024(H5N1)	149	2279
PB2|PP755596.1|A/cattle/Texas/24-008749-003/2024(H5N1)	150	2252
PB2|PP755596.1|A/cattle/Texas/24-008749-003/2024(H5N1)	151	2262
PB2|PP755596.1|A/cattle/Texas/24-008749-003/2024(H5N1)	152	2286
PB2|PP755596.1|A/cattle/Texas/24-008749-003/2024(H5N1)	153	2291
PB2|PP755596.1|A/cattle/Texas/24-008749-003/2024(H5N1)	154	2290
PB2|PP755596.1|A/cattle/Texas/24-008749-003/2024(H5N1)	155	2325
PB2|PP755596.1|A/cattle/Texas/24-008749-003/2024(H5N1)	156	2319
PB2|PP755596.1|A/cattle/Texas/24-008749-003/2024(H5N1)	157	2314
PB2|PP755596.1|A/cattle/Texas/24-008749-003/2024(H5N1)	158	2315
PB2|PP755596.1|A/cattle/Texas/24-008749-003/2024(H5N1)	159	2261
PB2|PP755596.1|A/cattle/Texas/24-008749-003/2024(H5N1)	160	2321
PB2|PP755596.1|A/cattle/Texas/24-008749-003/2024(H5N1)	161	2332
PB2|PP755596.1|A/cattle/Texas/24-008749-003/2024(H5N1)	162	2321
PB2|PP755596.1|A/cattle/Texas/24-008749-003/2024(H5N1)	163	2319
PB2|PP755596.1|A/cattle/Texas/24-008749-003/2024(H5N1)	164	2321
PB2|PP755596.1|A/cattle/Texas/24-008749-003/2024(H5N1)	165	2324
PB2|PP755596.1|A/cattle/Texas/24-008749-003/2024(H5N1)	166	2319
PB2|PP755596.1|A/cattle/Texas/24-008749-003/2024(H5N1)	167	2322
PB2|PP755596.1|A/cattle/Texas/24-008749-003/2024(H5N1)	168	2332
PB2|PP755596.1|A/cattle/Texas/24-008749-003/2024(H5N1)	169	2334
PB2|PP755596.1|A/cattle/Texas/24-008749-003/2024(H5N1)	170	2335
PB2|PP755596.1|A/cattle/Texas/24-008749-003/2024(H5N1)	171	2344
PB2|PP755596.1|A/cattle/Texas/24-008749-003/2024(H5N1)	172	2326
PB2|PP755596.1|A/cattle/Texas/24-008749-003/2024(H5N1)	173	2362
PB2|PP755596.1|A/cattle/Texas/24-008749-003/2024(H5N1)	174	2352
PB2|PP755596.1|A/cattle/Texas/24-008749-003/2024(H5N1)	175	2377
PB2|PP755596.1|A/cattle/Texas/24-008749-003/2024(H5N1)	176	2361
PB2|PP755596.1|A/cattle/Texas/24-008749-003/2024(H5N1)	177	2357
PB2|PP755596.1|A/cattle/Texas/24-008749-003/2024(H5N1)	178	2360
PB2|PP755596.1|A/cattle/Texas/24-008749-003/2024(H5N1)	179	2390
PB2|PP755596.1|A/cattle/Texas/24-008749-003/2024(H5N1)	180	2404
PB2|PP755596.1|A/cattle/Texas/24-008749-003/2024(H5N1)	181	2407
PB2|PP755596.1|A/cattle/Texas/24-008749-003/2024(H5N1)	182	2386
PB2|PP755596.1|A/cattle/Texas/24-008749-003/2024(H5N1)	183	2385
PB2|PP755596.1|A/cattle/Texas/24-008749-003/2024(H5N1)	184	2364
PB2|PP755596.1|A/cattle/Texas/24-008749-003/2024(H5N1)	185	2368
PB2|PP755596.1|A/cattle/Texas/24-008749-003/2024(H5N1)	186	2385
PB2|PP755596.1|A/cattle/Texas/24-008749-003/2024(H5N1)	187	2383
PB2|PP755596.1|A/cattle/Texas/24-008749-003/2024(H5N1)	188	2386
PB2|PP755596.1|A/cattle/Texas/24-008749-003/2024(H5N1)	189	2382
PB2|PP755596.1|A/cattle/Texas/24-008749-003/2024(H5N1)	190	2420
PB2|PP755596.1|A/cattle/Texas/24-008749-003/2024(H5N1)	191	2417
PB2|PP755596.1|A/cattle/Texas/24-008749-003/2024(H5N1)	192	2415
PB2|PP755596.1|A/cattle/Texas/24-008749-003/2024(H5N1)	193	2424
PB2|PP755596.1|A/cattle/Texas/24-008749-003/2024(H5N1)	194	2423
PB2|PP755596.1|A/cattle/Texas/24-008749-003/2024(H5N1)	195	2430
PB2|PP755596.1|A/cattle/Texas/24-008749-003/2024(H5N1)	196	2428
PB2|PP755596.1|A/cattle/Texas/24-008749-003/2024(H5N1)	197	2442
PB2|PP755596.1|A/cattle/Texas/24-008749-003/2024(H5N1)	198	2432
PB2|PP755596.1|A/cattle/Texas/24-008749-003/2024(H5N1)	199	2427
PB2|PP755596.1|A/cattle/Texas/24-008749-003/2024(H5N1)	200	2407
PB2|PP755596.1|A/cattle/Texas/24-008749-003/2024(H5N1)	201	2414
PB2|PP755596.1|A/cattle/Texas/24-008749-003/2024(H5N1)	202	2439
PB2|PP755596.1|A/cattle/Texas/24-008749-003/2024(H5N1)	203	2342
PB2|PP755596.1|A/cattle/Texas/24-008749-003/2024(H5N1)	204	2340
PB2|PP755596.1|A/cattle/Texas/24-008749-003/2024(H5N1)	205	2340
PB2|PP755596.1|A/cattle/Texas/24-008749-003/2024(H5N1)	206	2341
PB2|PP755596.1|A/cattle/Texas/24-008749-003/2024(H5N1)	207	2311
PB2|PP755596.1|A/cattle/Texas/24-008749-003/2024(H5N1)	208	2310
PB2|PP755596.1|A/cattle/Texas/24-008749-003/2024(H5N1)	209	2325
PB2|PP755596.1|A/cattle/Texas/24-008749-003/2024(H5N1)	210	2341
PB2|PP755596.1|A/cattle/Texas/24-008749-003/2024(H5N1)	211	2304
PB2|PP755596.1|A/cattle/Texas/24-008749-003/2024(H5N1)	212	2295
PB2|PP755596.1|A/cattle/Texas/24-008749-003/2024(H5N1)	213	2285
PB2|PP755596.1|A/cattle/Texas/24-008749-003/2024(H5N1)	214	2319
PB2|PP755596.1|A/cattle/Texas/24-008749-003/2024(H5N1)	215	2335
PB2|PP755596.1|A/cattle/Texas/24-008749-003/2024(H5N1)	216	2330
PB2|PP755596.1|A/cattle/Texas/24-008749-003/2024(H5N1)	217	2315
PB2|PP755596.1|A/cattle/Texas/24-008749-003/2024(H5N1)	218	2296
PB2|PP755596.1|A/cattle/Texas/24-008749-003/2024(H5N1)	219	2275
PB2|PP755596.1|A/cattle/Texas/24-008749-003/2024(H5N1)	220	2326
PB2|PP755596.1|A/cattle/Texas/24-008749-003/2024(H5N1)	221	2339
PB2|PP755596.1|A/cattle/Texas/24-008749-003/2024(H5N1)	222	2320
PB2|PP755596.1|A/cattle/Texas/24-008749-003/2024(H5N1)	223	2226
PB2|PP755596.1|A/cattle/Texas/24-008749-003/2024(H5N1)	224	2208
PB2|PP755596.1|A/cattle/Texas/24-008749-003/2024(H5N1)	225	2208
PB2|PP755596.1|A/cattle/Texas/24-008749-003/2024(H5N1)	226	2221
PB2|PP755596.1|A/cattle/Texas/24-008749-003/2024(H5N1)	227	2221
PB2|PP755596.1|A/cattle/Texas/24-008749-003/2024(H5N1)	228	2189
PB2|PP755596.1|A/cattle/Texas/24-008749-003/2024(H5N1)	229	2214
PB2|PP755596.1|A/cattle/Texas/24-008749-003/2024(H5N1)	230	2179
PB2|PP755596.1|A/cattle/Texas/24-008749-003/2024(H5N1)	231	2182
PB2|PP755596.1|A/cattle/Texas/24-008749-003/2024(H5N1)	232	2182
PB2|PP755596.1|A/cattle/Texas/24-008749-003/2024(H5N1)	233	2184
PB2|PP755596.1|A/cattle/Texas/24-008749-003/2024(H5N1)	234	2195
PB2|PP755596.1|A/cattle/Texas/24-008749-003/2024(H5N1)	235	2186
PB2|PP755596.1|A/cattle/Texas/24-008749-003/2024(H5N1)	236	2141
PB2|PP755596.1|A/cattle/Texas/24-008749-003/2024(H5N1)	237	2147
PB2|PP755596.1|A/cattle/Texas/24-008749-003/2024(H5N1)	238	2121
PB2|PP755596.1|A/cattle/Texas/24-008749-003/2024(H5N1)	239	2143
PB2|PP755596.1|A/cattle/Texas/24-008749-003/2024(H5N1)	240	2135
PB2|PP755596.1|A/cattle/Texas/24-008749-003/2024(H5N1)	241	2136
PB2|PP755596.1|A/cattle/Texas/24-008749-003/2024(H5N1)	242	2100
PB2|PP755596.1|A/cattle/Texas/24-008749-003/2024(H5N1)	243	2116
PB2|PP755596.1|A/cattle/Texas/24-008749-003/2024(H5N1)	244	2143
PB2|PP755596.1|A/cattle/Texas/24-008749-003/2024(H5N1)	245	2211
PB2|PP755596.1|A/cattle/Texas/24-008749-003/2024(H5N1)	246	2210
PB2|PP755596.1|A/cattle/Texas/24-008749-003/2024(H5N1)	247	2191
PB2|PP755596.1|A/cattle/Texas/24-008749-003/2024(H5N1)	248	2172
PB2|PP755596.1|A/cattle/Texas/24-008749-003/2024(H5N1)	249	2202
PB2|PP755596.1|A/cattle/Texas/24-008749-003/2024(H5N1)	250	2152
PB2|PP755596.1|A/cattle/Texas/24-008749-003/2024(H5N1)	251	2291
PB2|PP755596.1|A/cattle/Texas/24-008749-003/2024(H5N1)	252	2330
PB2|PP755596.1|A/cattle/Texas/24-008749-003/2024(H5N1)	253	2356
PB2|PP755596.1|A/cattle/Texas/24-008749-003/2024(H5N1)	254	2368
PB2|PP755596.1|A/cattle/Texas/24-008749-003/2024(H5N1)	255	2386
PB2|PP755596.1|A/cattle/Texas/24-008749-003/2024(H5N1)	256	2384
PB2|PP755596.1|A/cattle/Texas/24-008749-003/2024(H5N1)	257	2382
PB2|PP755596.1|A/cattle/Texas/24-008749-003/2024(H5N1)	258	2371
PB2|PP755596.1|A/cattle/Texas/24-008749-003/2024(H5N1)	259	2402
PB2|PP755596.1|A/cattle/Texas/24-008749-003/2024(H5N1)	260	2411
PB2|PP755596.1|A/cattle/Texas/24-008749-003/2024(H5N1)	261	2411
PB2|PP755596.1|A/cattle/Texas/24-008749-003/2024(H5N1)	262	2363
PB2|PP755596.1|A/cattle/Texas/24-008749-003/2024(H5N1)	263	2382
PB2|PP755596.1|A/cattle/Texas/24-008749-003/2024(H5N1)	264	2372
PB2|PP755596.1|A/cattle/Texas/24-008749-003/2024(H5N1)	265	2379
PB2|PP755596.1|A/cattle/Texas/24-008749-003/2024(H5N1)	266	2363
PB2|PP755596.1|A/cattle/Texas/24-008749-003/2024(H5N1)	267	2376
PB2|PP755596.1|A/cattle/Texas/24-008749-003/2024(H5N1)	268	2350
PB2|PP755596.1|A/cattle/Texas/24-008749-003/2024(H5N1)	269	2303
PB2|PP755596.1|A/cattle/Texas/24-008749-003/2024(H5N1)	270	2320
PB2|PP755596.1|A/cattle/Texas/24-008749-003/2024(H5N1)	271	2422
PB2|PP755596.1|A/cattle/Texas/24-008749-003/2024(H5N1)	272	2410
PB2|PP755596.1|A/cattle/Texas/24-008749-003/2024(H5N1)	273	2395
PB2|PP755596.1|A/cattle/Texas/24-008749-003/2024(H5N1)	274	2378
PB2|PP755596.1|A/cattle/Texas/24-008749-003/2024(H5N1)	275	2331
PB2|PP755596.1|A/cattle/Texas/24-008749-003/2024(H5N1)	276	2349
PB2|PP755596.1|A/cattle/Texas/24-008749-003/2024(H5N1)	277	2416
PB2|PP755596.1|A/cattle/Texas/24-008749-003/2024(H5N1)	278	2409
PB2|PP755596.1|A/cattle/Texas/24-008749-003/2024(H5N1)	279	2395
PB2|PP755596.1|A/cattle/Texas/24-008749-003/2024(H5N1)	280	2272
PB2|PP755596.1|A/cattle/Texas/24-008749-003/2024(H5N1)	281	2261
PB2|PP755596.1|A/cattle/Texas/24-008749-003/2024(H5N1)	282	2314
PB2|PP755596.1|A/cattle/Texas/24-008749-003/2024(H5N1)	283	2326
PB2|PP755596.1|A/cattle/Texas/24-008749-003/2024(H5N1)	284	2275
PB2|PP755596.1|A/cattle/Texas/24-008749-003/2024(H5N1)	285	2229
PB2|PP755596.1|A/cattle/Texas/24-008749-003/2024(H5N1)	286	2212
PB2|PP755596.1|A/cattle/Texas/24-008749-003/2024(H5N1)	287	2209
PB2|PP755596.1|A/cattle/Texas/24-008749-003/2024(H5N1)	288	2210
PB2|PP755596.1|A/cattle/Texas/24-008749-003/2024(H5N1)	289	2220
PB2|PP755596.1|A/cattle/Texas/24-008749-003/2024(H5N1)	290	2230
PB2|PP755596.1|A/cattle/Texas/24-008749-003/2024(H5N1)	291	2186
PB2|PP755596.1|A/cattle/Texas/24-008749-003/2024(H5N1)	292	2173
PB2|PP755596.1|A/cattle/Texas/24-008749-003/2024(H5N1)	293	2158
PB2|PP755596.1|A/cattle/Texas/24-008749-003/2024(H5N1)	294	2176
PB2|PP755596.1|A/cattle/Texas/24-008749-003/2024(H5N1)	295	2331
PB2|PP755596.1|A/cattle/Texas/24-008749-003/2024(H5N1)	296	2329
PB2|PP755596.1|A/cattle/Texas/24-008749-003/2024(H5N1)	297	2354
PB2|PP755596.1|A/cattle/Texas/24-008749-003/2024(H5N1)	298	2339
PB2|PP755596.1|A/cattle/Texas/24-008749-003/2024(H5N1)	299	2338
PB2|PP755596.1|A/cattle/Texas/24-008749-003/2024(H5N1)	300	2338
PB2|PP755596.1|A/cattle/Texas/24-008749-003/2024(H5N1)	301	2327
PB2|PP755596.1|A/cattle/Texas/24-008749-003/2024(H5N1)	302	2381
PB2|PP755596.1|A/cattle/Texas/24-008749-003/2024(H5N1)	303	2411
PB2|PP755596.1|A/cattle/Texas/24-008749-003/2024(H5N1)	304	2405
PB2|PP755596.1|A/cattle/Texas/24-008749-003/2024(H5N1)	305	2432
PB2|PP755596.1|A/cattle/Texas/24-008749-003/2024(H5N1)	306	2405
PB2|PP755596.1|A/cattle/Texas/24-008749-003/2024(H5N1)	307	2409
PB2|PP755596.1|A/cattle/Texas/24-008749-003/2024(H5N1)	308	2436
PB2|PP755596.1|A/cattle/Texas/24-008749-003/2024(H5N1)	309	2440
PB2|PP755596.1|A/cattle/Texas/24-008749-003/2024(H5N1)	310	2511
PB2|PP755596.1|A/cattle/Texas/24-008749-003/2024(H5N1)	311	2450
PB2|PP755596.1|A/cattle/Texas/24-008749-003/2024(H5N1)	312	2462
PB2|PP755596.1|A/cattle/Texas/24-008749-003/2024(H5N1)	313	2491
PB2|PP755596.1|A/cattle/Texas/24-008749-003/2024(H5N1)	314	2501
PB2|PP755596.1|A/cattle/Texas/24-008749-003/2024(H5N1)	315	2513
PB2|PP755596.1|A/cattle/Texas/24-008749-003/2024(H5N1)	316	2510
PB2|PP755596.1|A/cattle/Texas/24-008749-003/2024(H5N1)	317	2544
PB2|PP755596.1|A/cattle/Texas/24-008749-003/2024(H5N1)	318	2541
PB2|PP755596.1|A/cattle/Texas/24-008749-003/2024(H5N1)	319	2525
PB2|PP755596.1|A/cattle/Texas/24-008749-003/2024(H5N1)	320	2577
PB2|PP755596.1|A/cattle/Texas/24-008749-003/2024(H5N1)	321	2577
PB2|PP755596.1|A/cattle/Texas/24-008749-003/2024(H5N1)	322	2609
PB2|PP755596.1|A/cattle/Texas/24-008749-003/2024(H5N1)	323	2564
PB2|PP755596.1|A/cattle/Texas/24-008749-003/2024(H5N1)	324	2537
PB2|PP755596.1|A/cattle/Texas/24-008749-003/2024(H5N1)	325	2557
PB2|PP755596.1|A/cattle/Texas/24-008749-003/2024(H5N1)	326	2509
PB2|PP755596.1|A/cattle/Texas/24-008749-003/2024(H5N1)	327	2533
PB2|PP755596.1|A/cattle/Texas/24-008749-003/2024(H5N1)	328	2520
PB2|PP755596.1|A/cattle/Texas/24-008749-003/2024(H5N1)	329	2494
PB2|PP755596.1|A/cattle/Texas/24-008749-003/2024(H5N1)	330	2492
PB2|PP755596.1|A/cattle/Texas/24-008749-003/2024(H5N1)	331	2486
PB2|PP755596.1|A/cattle/Texas/24-008749-003/2024(H5N1)	332	2652
PB2|PP755596.1|A/cattle/Texas/24-008749-003/2024(H5N1)	333	2654
PB2|PP755596.1|A/cattle/Texas/24-008749-003/2024(H5N1)	334	2650
PB2|PP755596.1|A/cattle/Texas/24-008749-003/2024(H5N1)	335	2646
PB2|PP755596.1|A/cattle/Texas/24-008749-003/2024(H5N1)	336	2630
PB2|PP755596.1|A/cattle/Texas/24-008749-003/2024(H5N1)	337	2637
PB2|PP755596.1|A/cattle/Texas/24-008749-003/2024(H5N1)	338	2636
PB2|PP755596.1|A/cattle/Texas/24-008749-003/2024(H5N1)	339	2720
PB2|PP755596.1|A/cattle/Texas/24-008749-003/2024(H5N1)	340	2773
PB2|PP755596.1|A/cattle/Texas/24-008749-003/2024(H5N1)	341	2640
PB2|PP755596.1|A/cattle/Texas/24-008749-003/2024(H5N1)	342	2649
PB2|PP755596.1|A/cattle/Texas/24-008749-003/2024(H5N1)	343	2649
PB2|PP755596.1|A/cattle/Texas/24-008749-003/2024(H5N1)	344	2644
PB2|PP755596.1|A/cattle/Texas/24-008749-003/2024(H5N1)	345	2644
PB2|PP755596.1|A/cattle/Texas/24-008749-003/2024(H5N1)	346	2649
PB2|PP755596.1|A/cattle/Texas/24-008749-003/2024(H5N1)	347	2658
PB2|PP755596.1|A/cattle/Texas/24-008749-003/2024(H5N1)	348	2633
PB2|PP755596.1|A/cattle/Texas/24-008749-003/2024(H5N1)	349	2634
PB2|PP755596.1|A/cattle/Texas/24-008749-003/2024(H5N1)	350	2615
PB2|PP755596.1|A/cattle/Texas/24-008749-003/2024(H5N1)	351	2621
PB2|PP755596.1|A/cattle/Texas/24-008749-003/2024(H5N1)	352	2624
PB2|PP755596.1|A/cattle/Texas/24-008749-003/2024(H5N1)	353	2595
PB2|PP755596.1|A/cattle/Texas/24-008749-003/2024(H5N1)	354	2591
PB2|PP755596.1|A/cattle/Texas/24-008749-003/2024(H5N1)	355	2593
PB2|PP755596.1|A/cattle/Texas/24-008749-003/2024(H5N1)	356	2595
PB2|PP755596.1|A/cattle/Texas/24-008749-003/2024(H5N1)	357	2594
PB2|PP755596.1|A/cattle/Texas/24-008749-003/2024(H5N1)	358	2595
PB2|PP755596.1|A/cattle/Texas/24-008749-003/2024(H5N1)	359	2594
PB2|PP755596.1|A/cattle/Texas/24-008749-003/2024(H5N1)	360	2580
PB2|PP755596.1|A/cattle/Texas/24-008749-003/2024(H5N1)	361	2561
PB2|PP755596.1|A/cattle/Texas/24-008749-003/2024(H5N1)	362	2563
PB2|PP755596.1|A/cattle/Texas/24-008749-003/2024(H5N1)	363	2567
PB2|PP755596.1|A/cattle/Texas/24-008749-003/2024(H5N1)	364	2689
PB2|PP755596.1|A/cattle/Texas/24-008749-003/2024(H5N1)	365	2658
PB2|PP755596.1|A/cattle/Texas/24-008749-003/2024(H5N1)	366	2647
PB2|PP755596.1|A/cattle/Texas/24-008749-003/2024(H5N1)	367	2647
PB2|PP755596.1|A/cattle/Texas/24-008749-003/2024(H5N1)	368	2651
PB2|PP755596.1|A/cattle/Texas/24-008749-003/2024(H5N1)	369	2651
PB2|PP755596.1|A/cattle/Texas/24-008749-003/2024(H5N1)	370	2650
PB2|PP755596.1|A/cattle/Texas/24-008749-003/2024(H5N1)	371	2636
PB2|PP755596.1|A/cattle/Texas/24-008749-003/2024(H5N1)	372	2645
PB2|PP755596.1|A/cattle/Texas/24-008749-003/2024(H5N1)	373	2641
PB2|PP755596.1|A/cattle/Texas/24-008749-003/2024(H5N1)	374	2639
PB2|PP755596.1|A/cattle/Texas/24-008749-003/2024(H5N1)	375	2640
PB2|PP755596.1|A/cattle/Texas/24-008749-003/2024(H5N1)	376	2647
PB2|PP755596.1|A/cattle/Texas/24-008749-003/2024(H5N1)	377	2638
PB2|PP755596.1|A/cattle/Texas/24-008749-003/2024(H5N1)	378	2639
PB2|PP755596.1|A/cattle/Texas/24-008749-003/2024(H5N1)	379	2650
PB2|PP755596.1|A/cattle/Texas/24-008749-003/2024(H5N1)	380	2630
PB2|PP755596.1|A/cattle/Texas/24-008749-003/2024(H5N1)	381	2629
PB2|PP755596.1|A/cattle/Texas/24-008749-003/2024(H5N1)	382	2619
PB2|PP755596.1|A/cattle/Texas/24-008749-003/2024(H5N1)	383	2639
PB2|PP755596.1|A/cattle/Texas/24-008749-003/2024(H5N1)	384	2639
PB2|PP755596.1|A/cattle/Texas/24-008749-003/2024(H5N1)	385	2669
PB2|PP755596.1|A/cattle/Texas/24-008749-003/2024(H5N1)	386	2749
PB2|PP755596.1|A/cattle/Texas/24-008749-003/2024(H5N1)	387	2773
PB2|PP755596.1|A/cattle/Texas/24-008749-003/2024(H5N1)	388	2765
PB2|PP755596.1|A/cattle/Texas/24-008749-003/2024(H5N1)	389	2772
PB2|PP755596.1|A/cattle/Texas/24-008749-003/2024(H5N1)	390	2750
PB2|PP755596.1|A/cattle/Texas/24-008749-003/2024(H5N1)	391	2766
PB2|PP755596.1|A/cattle/Texas/24-008749-003/2024(H5N1)	392	2976
PB2|PP755596.1|A/cattle/Texas/24-008749-003/2024(H5N1)	393	2973
PB2|PP755596.1|A/cattle/Texas/24-008749-003/2024(H5N1)	394	2977
PB2|PP755596.1|A/cattle/Texas/24-008749-003/2024(H5N1)	395	2948
PB2|PP755596.1|A/cattle/Texas/24-008749-003/2024(H5N1)	396	2884
PB2|PP755596.1|A/cattle/Texas/24-008749-003/2024(H5N1)	397	2969
PB2|PP755596.1|A/cattle/Texas/24-008749-003/2024(H5N1)	398	2969
PB2|PP755596.1|A/cattle/Texas/24-008749-003/2024(H5N1)	399	2975
PB2|PP755596.1|A/cattle/Texas/24-008749-003/2024(H5N1)	400	2950
PB2|PP755596.1|A/cattle/Texas/24-008749-003/2024(H5N1)	401	2780
PB2|PP755596.1|A/cattle/Texas/24-008749-003/2024(H5N1)	402	2778
PB2|PP755596.1|A/cattle/Texas/24-008749-003/2024(H5N1)	403	2733
PB2|PP755596.1|A/cattle/Texas/24-008749-003/2024(H5N1)	404	2733
PB2|PP755596.1|A/cattle/Texas/24-008749-003/2024(H5N1)	405	2730
PB2|PP755596.1|A/cattle/Texas/24-008749-003/2024(H5N1)	406	2660
PB2|PP755596.1|A/cattle/Texas/24-008749-003/2024(H5N1)	407	2661
PB2|PP755596.1|A/cattle/Texas/24-008749-003/2024(H5N1)	408	2681
PB2|PP755596.1|A/cattle/Texas/24-008749-003/2024(H5N1)	409	2688
PB2|PP755596.1|A/cattle/Texas/24-008749-003/2024(H5N1)	410	2661
PB2|PP755596.1|A/cattle/Texas/24-008749-003/2024(H5N1)	411	2651
PB2|PP755596.1|A/cattle/Texas/24-008749-003/2024(H5N1)	412	2670
PB2|PP755596.1|A/cattle/Texas/24-008749-003/2024(H5N1)	413	2668
PB2|PP755596.1|A/cattle/Texas/24-008749-003/2024(H5N1)	414	2653
PB2|PP755596.1|A/cattle/Texas/24-008749-003/2024(H5N1)	415	2647
PB2|PP755596.1|A/cattle/Texas/24-008749-003/2024(H5N1)	416	2640
PB2|PP755596.1|A/cattle/Texas/24-008749-003/2024(H5N1)	417	2640
PB2|PP755596.1|A/cattle/Texas/24-008749-003/2024(H5N1)	418	2629
PB2|PP755596.1|A/cattle/Texas/24-008749-003/2024(H5N1)	419	2641
PB2|PP755596.1|A/cattle/Texas/24-008749-003/2024(H5N1)	420	2637
PB2|PP755596.1|A/cattle/Texas/24-008749-003/2024(H5N1)	421	2635
PB2|PP755596.1|A/cattle/Texas/24-008749-003/2024(H5N1)	422	2536
PB2|PP755596.1|A/cattle/Texas/24-008749-003/2024(H5N1)	423	2523
PB2|PP755596.1|A/cattle/Texas/24-008749-003/2024(H5N1)	424	2526
PB2|PP755596.1|A/cattle/Texas/24-008749-003/2024(H5N1)	425	2538
PB2|PP755596.1|A/cattle/Texas/24-008749-003/2024(H5N1)	426	2552
PB2|PP755596.1|A/cattle/Texas/24-008749-003/2024(H5N1)	427	2473
PB2|PP755596.1|A/cattle/Texas/24-008749-003/2024(H5N1)	428	2445
PB2|PP755596.1|A/cattle/Texas/24-008749-003/2024(H5N1)	429	2440
PB2|PP755596.1|A/cattle/Texas/24-008749-003/2024(H5N1)	430	2442
PB2|PP755596.1|A/cattle/Texas/24-008749-003/2024(H5N1)	431	2456
PB2|PP755596.1|A/cattle/Texas/24-008749-003/2024(H5N1)	432	2461
PB2|PP755596.1|A/cattle/Texas/24-008749-003/2024(H5N1)	433	2427
PB2|PP755596.1|A/cattle/Texas/24-008749-003/2024(H5N1)	434	2400
PB2|PP755596.1|A/cattle/Texas/24-008749-003/2024(H5N1)	435	2552
PB2|PP755596.1|A/cattle/Texas/24-008749-003/2024(H5N1)	436	2553
PB2|PP755596.1|A/cattle/Texas/24-008749-003/2024(H5N1)	437	2737
PB2|PP755596.1|A/cattle/Texas/24-008749-003/2024(H5N1)	438	2737
PB2|PP755596.1|A/cattle/Texas/24-008749-003/2024(H5N1)	439	2737
PB2|PP755596.1|A/cattle/Texas/24-008749-003/2024(H5N1)	440	2737
PB2|PP755596.1|A/cattle/Texas/24-008749-003/2024(H5N1)	441	2725
PB2|PP755596.1|A/cattle/Texas/24-008749-003/2024(H5N1)	442	2747
PB2|PP755596.1|A/cattle/Texas/24-008749-003/2024(H5N1)	443	2776
PB2|PP755596.1|A/cattle/Texas/24-008749-003/2024(H5N1)	444	2759
PB2|PP755596.1|A/cattle/Texas/24-008749-003/2024(H5N1)	445	2758
PB2|PP755596.1|A/cattle/Texas/24-008749-003/2024(H5N1)	446	2554
PB2|PP755596.1|A/cattle/Texas/24-008749-003/2024(H5N1)	447	2568
PB2|PP755596.1|A/cattle/Texas/24-008749-003/2024(H5N1)	448	2538
PB2|PP755596.1|A/cattle/Texas/24-008749-003/2024(H5N1)	449	2540
PB2|PP755596.1|A/cattle/Texas/24-008749-003/2024(H5N1)	450	2539
PB2|PP755596.1|A/cattle/Texas/24-008749-003/2024(H5N1)	451	2498
PB2|PP755596.1|A/cattle/Texas/24-008749-003/2024(H5N1)	452	2623
PB2|PP755596.1|A/cattle/Texas/24-008749-003/2024(H5N1)	453	2571
PB2|PP755596.1|A/cattle/Texas/24-008749-003/2024(H5N1)	454	2599
PB2|PP755596.1|A/cattle/Texas/24-008749-003/2024(H5N1)	455	2597
PB2|PP755596.1|A/cattle/Texas/24-008749-003/2024(H5N1)	456	2620
PB2|PP755596.1|A/cattle/Texas/24-008749-003/2024(H5N1)	457	2629
PB2|PP755596.1|A/cattle/Texas/24-008749-003/2024(H5N1)	458	2680
PB2|PP755596.1|A/cattle/Texas/24-008749-003/2024(H5N1)	459	2683
PB2|PP755596.1|A/cattle/Texas/24-008749-003/2024(H5N1)	460	2685
PB2|PP755596.1|A/cattle/Texas/24-008749-003/2024(H5N1)	461	2580
PB2|PP755596.1|A/cattle/Texas/24-008749-003/2024(H5N1)	462	2579
PB2|PP755596.1|A/cattle/Texas/24-008749-003/2024(H5N1)	463	2557
PB2|PP755596.1|A/cattle/Texas/24-008749-003/2024(H5N1)	464	2582
PB2|PP755596.1|A/cattle/Texas/24-008749-003/2024(H5N1)	465	2697
PB2|PP755596.1|A/cattle/Texas/24-008749-003/2024(H5N1)	466	2688
PB2|PP755596.1|A/cattle/Texas/24-008749-003/2024(H5N1)	467	2685
PB2|PP755596.1|A/cattle/Texas/24-008749-003/2024(H5N1)	468	2674
PB2|PP755596.1|A/cattle/Texas/24-008749-003/2024(H5N1)	469	2681
PB2|PP755596.1|A/cattle/Texas/24-008749-003/2024(H5N1)	470	2685
PB2|PP755596.1|A/cattle/Texas/24-008749-003/2024(H5N1)	471	2630
PB2|PP755596.1|A/cattle/Texas/24-008749-003/2024(H5N1)	472	2633
PB2|PP755596.1|A/cattle/Texas/24-008749-003/2024(H5N1)	473	2585
PB2|PP755596.1|A/cattle/Texas/24-008749-003/2024(H5N1)	474	2591
PB2|PP755596.1|A/cattle/Texas/24-008749-003/2024(H5N1)	475	2610
PB2|PP755596.1|A/cattle/Texas/24-008749-003/2024(H5N1)	476	2617
PB2|PP755596.1|A/cattle/Texas/24-008749-003/2024(H5N1)	477	2617
PB2|PP755596.1|A/cattle/Texas/24-008749-003/2024(H5N1)	478	2596
PB2|PP755596.1|A/cattle/Texas/24-008749-003/2024(H5N1)	479	2595
PB2|PP755596.1|A/cattle/Texas/24-008749-003/2024(H5N1)	480	2695
PB2|PP755596.1|A/cattle/Texas/24-008749-003/2024(H5N1)	481	2702
PB2|PP755596.1|A/cattle/Texas/24-008749-003/2024(H5N1)	482	2795
PB2|PP755596.1|A/cattle/Texas/24-008749-003/2024(H5N1)	483	2656
PB2|PP755596.1|A/cattle/Texas/24-008749-003/2024(H5N1)	484	2645
PB2|PP755596.1|A/cattle/Texas/24-008749-003/2024(H5N1)	485	2656
PB2|PP755596.1|A/cattle/Texas/24-008749-003/2024(H5N1)	486	2679
PB2|PP755596.1|A/cattle/Texas/24-008749-003/2024(H5N1)	487	2684
PB2|PP755596.1|A/cattle/Texas/24-008749-003/2024(H5N1)	488	2693
PB2|PP755596.1|A/cattle/Texas/24-008749-003/2024(H5N1)	489	2565
PB2|PP755596.1|A/cattle/Texas/24-008749-003/2024(H5N1)	490	2558
PB2|PP755596.1|A/cattle/Texas/24-008749-003/2024(H5N1)	491	2545
PB2|PP755596.1|A/cattle/Texas/24-008749-003/2024(H5N1)	492	2553
PB2|PP755596.1|A/cattle/Texas/24-008749-003/2024(H5N1)	493	2563
PB2|PP755596.1|A/cattle/Texas/24-008749-003/2024(H5N1)	494	2575
PB2|PP755596.1|A/cattle/Texas/24-008749-003/2024(H5N1)	495	2575
PB2|PP755596.1|A/cattle/Texas/24-008749-003/2024(H5N1)	496	2573
PB2|PP755596.1|A/cattle/Texas/24-008749-003/2024(H5N1)	497	2559
PB2|PP755596.1|A/cattle/Texas/24-008749-003/2024(H5N1)	498	2551
PB2|PP755596.1|A/cattle/Texas/24-008749-003/2024(H5N1)	499	2549
PB2|PP755596.1|A/cattle/Texas/24-008749-003/2024(H5N1)	500	2606
PB2|PP755596.1|A/cattle/Texas/24-008749-003/2024(H5N1)	501	2621
PB2|PP755596.1|A/cattle/Texas/24-008749-003/2024(H5N1)	502	2612
PB2|PP755596.1|A/cattle/Texas/24-008749-003/2024(H5N1)	503	2622
PB2|PP755596.1|A/cattle/Texas/24-008749-003/2024(H5N1)	504	2631
PB2|PP755596.1|A/cattle/Texas/24-008749-003/2024(H5N1)	505	2644
PB2|PP755596.1|A/cattle/Texas/24-008749-003/2024(H5N1)	506	2675
PB2|PP755596.1|A/cattle/Texas/24-008749-003/2024(H5N1)	507	2672
PB2|PP755596.1|A/cattle/Texas/24-008749-003/2024(H5N1)	508	2677
PB2|PP755596.1|A/cattle/Texas/24-008749-003/2024(H5N1)	509	2693
PB2|PP755596.1|A/cattle/Texas/24-008749-003/2024(H5N1)	510	2695
PB2|PP755596.1|A/cattle/Texas/24-008749-003/2024(H5N1)	511	2693
PB2|PP755596.1|A/cattle/Texas/24-008749-003/2024(H5N1)	512	2705
PB2|PP755596.1|A/cattle/Texas/24-008749-003/2024(H5N1)	513	2700
PB2|PP755596.1|A/cattle/Texas/24-008749-003/2024(H5N1)	514	2705
PB2|PP755596.1|A/cattle/Texas/24-008749-003/2024(H5N1)	515	2590
PB2|PP755596.1|A/cattle/Texas/24-008749-003/2024(H5N1)	516	2596
PB2|PP755596.1|A/cattle/Texas/24-008749-003/2024(H5N1)	517	2598
PB2|PP755596.1|A/cattle/Texas/24-008749-003/2024(H5N1)	518	2600
PB2|PP755596.1|A/cattle/Texas/24-008749-003/2024(H5N1)	519	2598
PB2|PP755596.1|A/cattle/Texas/24-008749-003/2024(H5N1)	520	2598
PB2|PP755596.1|A/cattle/Texas/24-008749-003/2024(H5N1)	521	2591
PB2|PP755596.1|A/cattle/Texas/24-008749-003/2024(H5N1)	522	2592
PB2|PP755596.1|A/cattle/Texas/24-008749-003/2024(H5N1)	523	2582
PB2|PP755596.1|A/cattle/Texas/24-008749-003/2024(H5N1)	524	2604
PB2|PP755596.1|A/cattle/Texas/24-008749-003/2024(H5N1)	525	2631
PB2|PP755596.1|A/cattle/Texas/24-008749-003/2024(H5N1)	526	2653
PB2|PP755596.1|A/cattle/Texas/24-008749-003/2024(H5N1)	527	2692
PB2|PP755596.1|A/cattle/Texas/24-008749-003/2024(H5N1)	528	2686
PB2|PP755596.1|A/cattle/Texas/24-008749-003/2024(H5N1)	529	2673
PB2|PP755596.1|A/cattle/Texas/24-008749-003/2024(H5N1)	530	2635
PB2|PP755596.1|A/cattle/Texas/24-008749-003/2024(H5N1)	531	2641
PB2|PP755596.1|A/cattle/Texas/24-008749-003/2024(H5N1)	532	2641
PB2|PP755596.1|A/cattle/Texas/24-008749-003/2024(H5N1)	533	2628
PB2|PP755596.1|A/cattle/Texas/24-008749-003/2024(H5N1)	534	2629
PB2|PP755596.1|A/cattle/Texas/24-008749-003/2024(H5N1)	535	2631
PB2|PP755596.1|A/cattle/Texas/24-008749-003/2024(H5N1)	536	2584
PB2|PP755596.1|A/cattle/Texas/24-008749-003/2024(H5N1)	537	2587
PB2|PP755596.1|A/cattle/Texas/24-008749-003/2024(H5N1)	538	2598
PB2|PP755596.1|A/cattle/Texas/24-008749-003/2024(H5N1)	539	2634
PB2|PP755596.1|A/cattle/Texas/24-008749-003/2024(H5N1)	540	2627
PB2|PP755596.1|A/cattle/Texas/24-008749-003/2024(H5N1)	541	2739
PB2|PP755596.1|A/cattle/Texas/24-008749-003/2024(H5N1)	542	2535
PB2|PP755596.1|A/cattle/Texas/24-008749-003/2024(H5N1)	543	2540
PB2|PP755596.1|A/cattle/Texas/24-008749-003/2024(H5N1)	544	2536
PB2|PP755596.1|A/cattle/Texas/24-008749-003/2024(H5N1)	545	2531
PB2|PP755596.1|A/cattle/Texas/24-008749-003/2024(H5N1)	546	2544
PB2|PP755596.1|A/cattle/Texas/24-008749-003/2024(H5N1)	547	2532
PB2|PP755596.1|A/cattle/Texas/24-008749-003/2024(H5N1)	548	2455
PB2|PP755596.1|A/cattle/Texas/24-008749-003/2024(H5N1)	549	2484
PB2|PP755596.1|A/cattle/Texas/24-008749-003/2024(H5N1)	550	2492
PB2|PP755596.1|A/cattle/Texas/24-008749-003/2024(H5N1)	551	2499
PB2|PP755596.1|A/cattle/Texas/24-008749-003/2024(H5N1)	552	2499
PB2|PP755596.1|A/cattle/Texas/24-008749-003/2024(H5N1)	553	2473
PB2|PP755596.1|A/cattle/Texas/24-008749-003/2024(H5N1)	554	2537
PB2|PP755596.1|A/cattle/Texas/24-008749-003/2024(H5N1)	555	2529
PB2|PP755596.1|A/cattle/Texas/24-008749-003/2024(H5N1)	556	2543
PB2|PP755596.1|A/cattle/Texas/24-008749-003/2024(H5N1)	557	2545
PB2|PP755596.1|A/cattle/Texas/24-008749-003/2024(H5N1)	558	2521
PB2|PP755596.1|A/cattle/Texas/24-008749-003/2024(H5N1)	559	2524
PB2|PP755596.1|A/cattle/Texas/24-008749-003/2024(H5N1)	560	2515
PB2|PP755596.1|A/cattle/Texas/24-008749-003/2024(H5N1)	561	2523
PB2|PP755596.1|A/cattle/Texas/24-008749-003/2024(H5N1)	562	2534
PB2|PP755596.1|A/cattle/Texas/24-008749-003/2024(H5N1)	563	2518
PB2|PP755596.1|A/cattle/Texas/24-008749-003/2024(H5N1)	564	2522
PB2|PP755596.1|A/cattle/Texas/24-008749-003/2024(H5N1)	565	2516
PB2|PP755596.1|A/cattle/Texas/24-008749-003/2024(H5N1)	566	2516
PB2|PP755596.1|A/cattle/Texas/24-008749-003/2024(H5N1)	567	2528
PB2|PP755596.1|A/cattle/Texas/24-008749-003/2024(H5N1)	568	2552
PB2|PP755596.1|A/cattle/Texas/24-008749-003/2024(H5N1)	569	2555
PB2|PP755596.1|A/cattle/Texas/24-008749-003/2024(H5N1)	570	2527
PB2|PP755596.1|A/cattle/Texas/24-008749-003/2024(H5N1)	571	2530
PB2|PP755596.1|A/cattle/Texas/24-008749-003/2024(H5N1)	572	2532
PB2|PP755596.1|A/cattle/Texas/24-008749-003/2024(H5N1)	573	2532
PB2|PP755596.1|A/cattle/Texas/24-008749-003/2024(H5N1)	574	2547
PB2|PP755596.1|A/cattle/Texas/24-008749-003/2024(H5N1)	575	2551
PB2|PP755596.1|A/cattle/Texas/24-008749-003/2024(H5N1)	576	2538
PB2|PP755596.1|A/cattle/Texas/24-008749-003/2024(H5N1)	577	2667
PB2|PP755596.1|A/cattle/Texas/24-008749-003/2024(H5N1)	578	2663
PB2|PP755596.1|A/cattle/Texas/24-008749-003/2024(H5N1)	579	2711
PB2|PP755596.1|A/cattle/Texas/24-008749-003/2024(H5N1)	580	2703
PB2|PP755596.1|A/cattle/Texas/24-008749-003/2024(H5N1)	581	2703
PB2|PP755596.1|A/cattle/Texas/24-008749-003/2024(H5N1)	582	2708
PB2|PP755596.1|A/cattle/Texas/24-008749-003/2024(H5N1)	583	2709
PB2|PP755596.1|A/cattle/Texas/24-008749-003/2024(H5N1)	584	2854
PB2|PP755596.1|A/cattle/Texas/24-008749-003/2024(H5N1)	585	2696
PB2|PP755596.1|A/cattle/Texas/24-008749-003/2024(H5N1)	586	2554
PB2|PP755596.1|A/cattle/Texas/24-008749-003/2024(H5N1)	587	2555
PB2|PP755596.1|A/cattle/Texas/24-008749-003/2024(H5N1)	588	2593
PB2|PP755596.1|A/cattle/Texas/24-008749-003/2024(H5N1)	589	2596
PB2|PP755596.1|A/cattle/Texas/24-008749-003/2024(H5N1)	590	2600
PB2|PP755596.1|A/cattle/Texas/24-008749-003/2024(H5N1)	591	2593
PB2|PP755596.1|A/cattle/Texas/24-008749-003/2024(H5N1)	592	2619
PB2|PP755596.1|A/cattle/Texas/24-008749-003/2024(H5N1)	593	2612
PB2|PP755596.1|A/cattle/Texas/24-008749-003/2024(H5N1)	594	2578
PB2|PP755596.1|A/cattle/Texas/24-008749-003/2024(H5N1)	595	2580
PB2|PP755596.1|A/cattle/Texas/24-008749-003/2024(H5N1)	596	2586
PB2|PP755596.1|A/cattle/Texas/24-008749-003/2024(H5N1)	597	2564
PB2|PP755596.1|A/cattle/Texas/24-008749-003/2024(H5N1)	598	2638
PB2|PP755596.1|A/cattle/Texas/24-008749-003/2024(H5N1)	599	2644
PB2|PP755596.1|A/cattle/Texas/24-008749-003/2024(H5N1)	600	2711
PB2|PP755596.1|A/cattle/Texas/24-008749-003/2024(H5N1)	601	2587
PB2|PP755596.1|A/cattle/Texas/24-008749-003/2024(H5N1)	602	2584
PB2|PP755596.1|A/cattle/Texas/24-008749-003/2024(H5N1)	603	2586
PB2|PP755596.1|A/cattle/Texas/24-008749-003/2024(H5N1)	604	2599
PB2|PP755596.1|A/cattle/Texas/24-008749-003/2024(H5N1)	605	2576
PB2|PP755596.1|A/cattle/Texas/24-008749-003/2024(H5N1)	606	2589
PB2|PP755596.1|A/cattle/Texas/24-008749-003/2024(H5N1)	607	2613
PB2|PP755596.1|A/cattle/Texas/24-008749-003/2024(H5N1)	608	2586
PB2|PP755596.1|A/cattle/Texas/24-008749-003/2024(H5N1)	609	2529
PB2|PP755596.1|A/cattle/Texas/24-008749-003/2024(H5N1)	610	2507
PB2|PP755596.1|A/cattle/Texas/24-008749-003/2024(H5N1)	611	2515
PB2|PP755596.1|A/cattle/Texas/24-008749-003/2024(H5N1)	612	2519
PB2|PP755596.1|A/cattle/Texas/24-008749-003/2024(H5N1)	613	2523
PB2|PP755596.1|A/cattle/Texas/24-008749-003/2024(H5N1)	614	2525
PB2|PP755596.1|A/cattle/Texas/24-008749-003/2024(H5N1)	615	2473
PB2|PP755596.1|A/cattle/Texas/24-008749-003/2024(H5N1)	616	2374
PB2|PP755596.1|A/cattle/Texas/24-008749-003/2024(H5N1)	617	2369
PB2|PP755596.1|A/cattle/Texas/24-008749-003/2024(H5N1)	618	2368
PB2|PP755596.1|A/cattle/Texas/24-008749-003/2024(H5N1)	619	2475
PB2|PP755596.1|A/cattle/Texas/24-008749-003/2024(H5N1)	620	2472
PB2|PP755596.1|A/cattle/Texas/24-008749-003/2024(H5N1)	621	2473
PB2|PP755596.1|A/cattle/Texas/24-008749-003/2024(H5N1)	622	2475
PB2|PP755596.1|A/cattle/Texas/24-008749-003/2024(H5N1)	623	2550
PB2|PP755596.1|A/cattle/Texas/24-008749-003/2024(H5N1)	624	2569
PB2|PP755596.1|A/cattle/Texas/24-008749-003/2024(H5N1)	625	2553
PB2|PP755596.1|A/cattle/Texas/24-008749-003/2024(H5N1)	626	2552
PB2|PP755596.1|A/cattle/Texas/24-008749-003/2024(H5N1)	627	2528
PB2|PP755596.1|A/cattle/Texas/24-008749-003/2024(H5N1)	628	2545
PB2|PP755596.1|A/cattle/Texas/24-008749-003/2024(H5N1)	629	2548
PB2|PP755596.1|A/cattle/Texas/24-008749-003/2024(H5N1)	630	2569
PB2|PP755596.1|A/cattle/Texas/24-008749-003/2024(H5N1)	631	2468
PB2|PP755596.1|A/cattle/Texas/24-008749-003/2024(H5N1)	632	2382
PB2|PP755596.1|A/cattle/Texas/24-008749-003/2024(H5N1)	633	2395
PB2|PP755596.1|A/cattle/Texas/24-008749-003/2024(H5N1)	634	2396
PB2|PP755596.1|A/cattle/Texas/24-008749-003/2024(H5N1)	635	2392
PB2|PP755596.1|A/cattle/Texas/24-008749-003/2024(H5N1)	636	2396
PB2|PP755596.1|A/cattle/Texas/24-008749-003/2024(H5N1)	637	2369
PB2|PP755596.1|A/cattle/Texas/24-008749-003/2024(H5N1)	638	2369
PB2|PP755596.1|A/cattle/Texas/24-008749-003/2024(H5N1)	639	2347
PB2|PP755596.1|A/cattle/Texas/24-008749-003/2024(H5N1)	640	2349
PB2|PP755596.1|A/cattle/Texas/24-008749-003/2024(H5N1)	641	2388
PB2|PP755596.1|A/cattle/Texas/24-008749-003/2024(H5N1)	642	2382
PB2|PP755596.1|A/cattle/Texas/24-008749-003/2024(H5N1)	643	2378
PB2|PP755596.1|A/cattle/Texas/24-008749-003/2024(H5N1)	644	2364
PB2|PP755596.1|A/cattle/Texas/24-008749-003/2024(H5N1)	645	2373
PB2|PP755596.1|A/cattle/Texas/24-008749-003/2024(H5N1)	646	2372
PB2|PP755596.1|A/cattle/Texas/24-008749-003/2024(H5N1)	647	2384
PB2|PP755596.1|A/cattle/Texas/24-008749-003/2024(H5N1)	648	2414
PB2|PP755596.1|A/cattle/Texas/24-008749-003/2024(H5N1)	649	2443
PB2|PP755596.1|A/cattle/Texas/24-008749-003/2024(H5N1)	650	2411
PB2|PP755596.1|A/cattle/Texas/24-008749-003/2024(H5N1)	651	2425
PB2|PP755596.1|A/cattle/Texas/24-008749-003/2024(H5N1)	652	2405
PB2|PP755596.1|A/cattle/Texas/24-008749-003/2024(H5N1)	653	2413
PB2|PP755596.1|A/cattle/Texas/24-008749-003/2024(H5N1)	654	2459
PB2|PP755596.1|A/cattle/Texas/24-008749-003/2024(H5N1)	655	2446
PB2|PP755596.1|A/cattle/Texas/24-008749-003/2024(H5N1)	656	2441
PB2|PP755596.1|A/cattle/Texas/24-008749-003/2024(H5N1)	657	2409
PB2|PP755596.1|A/cattle/Texas/24-008749-003/2024(H5N1)	658	2419
PB2|PP755596.1|A/cattle/Texas/24-008749-003/2024(H5N1)	659	2422
PB2|PP755596.1|A/cattle/Texas/24-008749-003/2024(H5N1)	660	2404
PB2|PP755596.1|A/cattle/Texas/24-008749-003/2024(H5N1)	661	2403
PB2|PP755596.1|A/cattle/Texas/24-008749-003/2024(H5N1)	662	2404
PB2|PP755596.1|A/cattle/Texas/24-008749-003/2024(H5N1)	663	2392
PB2|PP755596.1|A/cattle/Texas/24-008749-003/2024(H5N1)	664	2405
PB2|PP755596.1|A/cattle/Texas/24-008749-003/2024(H5N1)	665	2441
PB2|PP755596.1|A/cattle/Texas/24-008749-003/2024(H5N1)	666	2450
PB2|PP755596.1|A/cattle/Texas/24-008749-003/2024(H5N1)	667	2459
PB2|PP755596.1|A/cattle/Texas/24-008749-003/2024(H5N1)	668	2465
PB2|PP755596.1|A/cattle/Texas/24-008749-003/2024(H5N1)	669	2484
PB2|PP755596.1|A/cattle/Texas/24-008749-003/2024(H5N1)	670	2484
PB2|PP755596.1|A/cattle/Texas/24-008749-003/2024(H5N1)	671	2533
PB2|PP755596.1|A/cattle/Texas/24-008749-003/2024(H5N1)	672	2544
PB2|PP755596.1|A/cattle/Texas/24-008749-003/2024(H5N1)	673	2546
PB2|PP755596.1|A/cattle/Texas/24-008749-003/2024(H5N1)	674	2546
PB2|PP755596.1|A/cattle/Texas/24-008749-003/2024(H5N1)	675	2529
PB2|PP755596.1|A/cattle/Texas/24-008749-003/2024(H5N1)	676	2502
PB2|PP755596.1|A/cattle/Texas/24-008749-003/2024(H5N1)	677	2542
PB2|PP755596.1|A/cattle/Texas/24-008749-003/2024(H5N1)	678	2536
PB2|PP755596.1|A/cattle/Texas/24-008749-003/2024(H5N1)	679	2589
PB2|PP755596.1|A/cattle/Texas/24-008749-003/2024(H5N1)	680	2587
PB2|PP755596.1|A/cattle/Texas/24-008749-003/2024(H5N1)	681	2588
PB2|PP755596.1|A/cattle/Texas/24-008749-003/2024(H5N1)	682	2587
PB2|PP755596.1|A/cattle/Texas/24-008749-003/2024(H5N1)	683	2709
PB2|PP755596.1|A/cattle/Texas/24-008749-003/2024(H5N1)	684	2721
PB2|PP755596.1|A/cattle/Texas/24-008749-003/2024(H5N1)	685	2729
PB2|PP755596.1|A/cattle/Texas/24-008749-003/2024(H5N1)	686	2718
PB2|PP755596.1|A/cattle/Texas/24-008749-003/2024(H5N1)	687	2669
PB2|PP755596.1|A/cattle/Texas/24-008749-003/2024(H5N1)	688	2637
PB2|PP755596.1|A/cattle/Texas/24-008749-003/2024(H5N1)	689	2605
PB2|PP755596.1|A/cattle/Texas/24-008749-003/2024(H5N1)	690	2595
PB2|PP755596.1|A/cattle/Texas/24-008749-003/2024(H5N1)	691	2606
PB2|PP755596.1|A/cattle/Texas/24-008749-003/2024(H5N1)	692	2480
PB2|PP755596.1|A/cattle/Texas/24-008749-003/2024(H5N1)	693	2484
PB2|PP755596.1|A/cattle/Texas/24-008749-003/2024(H5N1)	694	2491
PB2|PP755596.1|A/cattle/Texas/24-008749-003/2024(H5N1)	695	2474
PB2|PP755596.1|A/cattle/Texas/24-008749-003/2024(H5N1)	696	2515
PB2|PP755596.1|A/cattle/Texas/24-008749-003/2024(H5N1)	697	2648
PB2|PP755596.1|A/cattle/Texas/24-008749-003/2024(H5N1)	698	2672
PB2|PP755596.1|A/cattle/Texas/24-008749-003/2024(H5N1)	699	2678
PB2|PP755596.1|A/cattle/Texas/24-008749-003/2024(H5N1)	700	2635
PB2|PP755596.1|A/cattle/Texas/24-008749-003/2024(H5N1)	701	2633
PB2|PP755596.1|A/cattle/Texas/24-008749-003/2024(H5N1)	702	2627
PB2|PP755596.1|A/cattle/Texas/24-008749-003/2024(H5N1)	703	2635
PB2|PP755596.1|A/cattle/Texas/24-008749-003/2024(H5N1)	704	2634
PB2|PP755596.1|A/cattle/Texas/24-008749-003/2024(H5N1)	705	2600
PB2|PP755596.1|A/cattle/Texas/24-008749-003/2024(H5N1)	706	2603
PB2|PP755596.1|A/cattle/Texas/24-008749-003/2024(H5N1)	707	2588
PB2|PP755596.1|A/cattle/Texas/24-008749-003/2024(H5N1)	708	2623
PB2|PP755596.1|A/cattle/Texas/24-008749-003/2024(H5N1)	709	2665
PB2|PP755596.1|A/cattle/Texas/24-008749-003/2024(H5N1)	710	2668
PB2|PP755596.1|A/cattle/Texas/24-008749-003/2024(H5N1)	711	2668
PB2|PP755596.1|A/cattle/Texas/24-008749-003/2024(H5N1)	712	2654
PB2|PP755596.1|A/cattle/Texas/24-008749-003/2024(H5N1)	713	2666
PB2|PP755596.1|A/cattle/Texas/24-008749-003/2024(H5N1)	714	2667
PB2|PP755596.1|A/cattle/Texas/24-008749-003/2024(H5N1)	715	2687
PB2|PP755596.1|A/cattle/Texas/24-008749-003/2024(H5N1)	716	2714
PB2|PP755596.1|A/cattle/Texas/24-008749-003/2024(H5N1)	717	2699
PB2|PP755596.1|A/cattle/Texas/24-008749-003/2024(H5N1)	718	2682
PB2|PP755596.1|A/cattle/Texas/24-008749-003/2024(H5N1)	719	2686
PB2|PP755596.1|A/cattle/Texas/24-008749-003/2024(H5N1)	720	2687
PB2|PP755596.1|A/cattle/Texas/24-008749-003/2024(H5N1)	721	2737
PB2|PP755596.1|A/cattle/Texas/24-008749-003/2024(H5N1)	722	2726
PB2|PP755596.1|A/cattle/Texas/24-008749-003/2024(H5N1)	723	2728
PB2|PP755596.1|A/cattle/Texas/24-008749-003/2024(H5N1)	724	2736
PB2|PP755596.1|A/cattle/Texas/24-008749-003/2024(H5N1)	725	2711
PB2|PP755596.1|A/cattle/Texas/24-008749-003/2024(H5N1)	726	2877
PB2|PP755596.1|A/cattle/Texas/24-008749-003/2024(H5N1)	727	2882
PB2|PP755596.1|A/cattle/Texas/24-008749-003/2024(H5N1)	728	2779
PB2|PP755596.1|A/cattle/Texas/24-008749-003/2024(H5N1)	729	2815
PB2|PP755596.1|A/cattle/Texas/24-008749-003/2024(H5N1)	730	2824
PB2|PP755596.1|A/cattle/Texas/24-008749-003/2024(H5N1)	731	2825
PB2|PP755596.1|A/cattle/Texas/24-008749-003/2024(H5N1)	732	2831
PB2|PP755596.1|A/cattle/Texas/24-008749-003/2024(H5N1)	733	2801
PB2|PP755596.1|A/cattle/Texas/24-008749-003/2024(H5N1)	734	2811
PB2|PP755596.1|A/cattle/Texas/24-008749-003/2024(H5N1)	735	2634
PB2|PP755596.1|A/cattle/Texas/24-008749-003/2024(H5N1)	736	2677
PB2|PP755596.1|A/cattle/Texas/24-008749-003/2024(H5N1)	737	2651
PB2|PP755596.1|A/cattle/Texas/24-008749-003/2024(H5N1)	738	2608
PB2|PP755596.1|A/cattle/Texas/24-008749-003/2024(H5N1)	739	2613
PB2|PP755596.1|A/cattle/Texas/24-008749-003/2024(H5N1)	740	2641
PB2|PP755596.1|A/cattle/Texas/24-008749-003/2024(H5N1)	741	2650
PB2|PP755596.1|A/cattle/Texas/24-008749-003/2024(H5N1)	742	2653
PB2|PP755596.1|A/cattle/Texas/24-008749-003/2024(H5N1)	743	2646
PB2|PP755596.1|A/cattle/Texas/24-008749-003/2024(H5N1)	744	2627
PB2|PP755596.1|A/cattle/Texas/24-008749-003/2024(H5N1)	745	2629
PB2|PP755596.1|A/cattle/Texas/24-008749-003/2024(H5N1)	746	2621
PB2|PP755596.1|A/cattle/Texas/24-008749-003/2024(H5N1)	747	2632
PB2|PP755596.1|A/cattle/Texas/24-008749-003/2024(H5N1)	748	2638
PB2|PP755596.1|A/cattle/Texas/24-008749-003/2024(H5N1)	749	2572
PB2|PP755596.1|A/cattle/Texas/24-008749-003/2024(H5N1)	750	2563
PB2|PP755596.1|A/cattle/Texas/24-008749-003/2024(H5N1)	751	2503
PB2|PP755596.1|A/cattle/Texas/24-008749-003/2024(H5N1)	752	2501
PB2|PP755596.1|A/cattle/Texas/24-008749-003/2024(H5N1)	753	2501
PB2|PP755596.1|A/cattle/Texas/24-008749-003/2024(H5N1)	754	2487
PB2|PP755596.1|A/cattle/Texas/24-008749-003/2024(H5N1)	755	2496
PB2|PP755596.1|A/cattle/Texas/24-008749-003/2024(H5N1)	756	2483
PB2|PP755596.1|A/cattle/Texas/24-008749-003/2024(H5N1)	757	2477
PB2|PP755596.1|A/cattle/Texas/24-008749-003/2024(H5N1)	758	2412
PB2|PP755596.1|A/cattle/Texas/24-008749-003/2024(H5N1)	759	2403
PB2|PP755596.1|A/cattle/Texas/24-008749-003/2024(H5N1)	760	2422
PB2|PP755596.1|A/cattle/Texas/24-008749-003/2024(H5N1)	761	2524
PB2|PP755596.1|A/cattle/Texas/24-008749-003/2024(H5N1)	762	2516
PB2|PP755596.1|A/cattle/Texas/24-008749-003/2024(H5N1)	763	2521
PB2|PP755596.1|A/cattle/Texas/24-008749-003/2024(H5N1)	764	2517
PB2|PP755596.1|A/cattle/Texas/24-008749-003/2024(H5N1)	765	2493
PB2|PP755596.1|A/cattle/Texas/24-008749-003/2024(H5N1)	766	2673
PB2|PP755596.1|A/cattle/Texas/24-008749-003/2024(H5N1)	767	2700
PB2|PP755596.1|A/cattle/Texas/24-008749-003/2024(H5N1)	768	2750
PB2|PP755596.1|A/cattle/Texas/24-008749-003/2024(H5N1)	769	2730
PB2|PP755596.1|A/cattle/Texas/24-008749-003/2024(H5N1)	770	2617
PB2|PP755596.1|A/cattle/Texas/24-008749-003/2024(H5N1)	771	2653
PB2|PP755596.1|A/cattle/Texas/24-008749-003/2024(H5N1)	772	2676
PB2|PP755596.1|A/cattle/Texas/24-008749-003/2024(H5N1)	773	2680
PB2|PP755596.1|A/cattle/Texas/24-008749-003/2024(H5N1)	774	2621
PB2|PP755596.1|A/cattle/Texas/24-008749-003/2024(H5N1)	775	2580
PB2|PP755596.1|A/cattle/Texas/24-008749-003/2024(H5N1)	776	2578
PB2|PP755596.1|A/cattle/Texas/24-008749-003/2024(H5N1)	777	2575
PB2|PP755596.1|A/cattle/Texas/24-008749-003/2024(H5N1)	778	2657
PB2|PP755596.1|A/cattle/Texas/24-008749-003/2024(H5N1)	779	2646
PB2|PP755596.1|A/cattle/Texas/24-008749-003/2024(H5N1)	780	2634
PB2|PP755596.1|A/cattle/Texas/24-008749-003/2024(H5N1)	781	2609
PB2|PP755596.1|A/cattle/Texas/24-008749-003/2024(H5N1)	782	2610
PB2|PP755596.1|A/cattle/Texas/24-008749-003/2024(H5N1)	783	2693
PB2|PP755596.1|A/cattle/Texas/24-008749-003/2024(H5N1)	784	2686
PB2|PP755596.1|A/cattle/Texas/24-008749-003/2024(H5N1)	785	2699
PB2|PP755596.1|A/cattle/Texas/24-008749-003/2024(H5N1)	786	2695
PB2|PP755596.1|A/cattle/Texas/24-008749-003/2024(H5N1)	787	2717
PB2|PP755596.1|A/cattle/Texas/24-008749-003/2024(H5N1)	788	2784
PB2|PP755596.1|A/cattle/Texas/24-008749-003/2024(H5N1)	789	2794
PB2|PP755596.1|A/cattle/Texas/24-008749-003/2024(H5N1)	790	2795
PB2|PP755596.1|A/cattle/Texas/24-008749-003/2024(H5N1)	791	2829
PB2|PP755596.1|A/cattle/Texas/24-008749-003/2024(H5N1)	792	2827
PB2|PP755596.1|A/cattle/Texas/24-008749-003/2024(H5N1)	793	2845
PB2|PP755596.1|A/cattle/Texas/24-008749-003/2024(H5N1)	794	2841
PB2|PP755596.1|A/cattle/Texas/24-008749-003/2024(H5N1)	795	2850
PB2|PP755596.1|A/cattle/Texas/24-008749-003/2024(H5N1)	796	2880
PB2|PP755596.1|A/cattle/Texas/24-008749-003/2024(H5N1)	797	2883
PB2|PP755596.1|A/cattle/Texas/24-008749-003/2024(H5N1)	798	2879
PB2|PP755596.1|A/cattle/Texas/24-008749-003/2024(H5N1)	799	2860
PB2|PP755596.1|A/cattle/Texas/24-008749-003/2024(H5N1)	800	2872
PB2|PP755596.1|A/cattle/Texas/24-008749-003/2024(H5N1)	801	2841
PB2|PP755596.1|A/cattle/Texas/24-008749-003/2024(H5N1)	802	2827
PB2|PP755596.1|A/cattle/Texas/24-008749-003/2024(H5N1)	803	2831
PB2|PP755596.1|A/cattle/Texas/24-008749-003/2024(H5N1)	804	2883
PB2|PP755596.1|A/cattle/Texas/24-008749-003/2024(H5N1)	805	2832
PB2|PP755596.1|A/cattle/Texas/24-008749-003/2024(H5N1)	806	2883
PB2|PP755596.1|A/cattle/Texas/24-008749-003/2024(H5N1)	807	2875
PB2|PP755596.1|A/cattle/Texas/24-008749-003/2024(H5N1)	808	2880
PB2|PP755596.1|A/cattle/Texas/24-008749-003/2024(H5N1)	809	2870
PB2|PP755596.1|A/cattle/Texas/24-008749-003/2024(H5N1)	810	2876
PB2|PP755596.1|A/cattle/Texas/24-008749-003/2024(H5N1)	811	2878
PB2|PP755596.1|A/cattle/Texas/24-008749-003/2024(H5N1)	812	2899
PB2|PP755596.1|A/cattle/Texas/24-008749-003/2024(H5N1)	813	2907
PB2|PP755596.1|A/cattle/Texas/24-008749-003/2024(H5N1)	814	2993
PB2|PP755596.1|A/cattle/Texas/24-008749-003/2024(H5N1)	815	3012
PB2|PP755596.1|A/cattle/Texas/24-008749-003/2024(H5N1)	816	3016
PB2|PP755596.1|A/cattle/Texas/24-008749-003/2024(H5N1)	817	3013
PB2|PP755596.1|A/cattle/Texas/24-008749-003/2024(H5N1)	818	3025
PB2|PP755596.1|A/cattle/Texas/24-008749-003/2024(H5N1)	819	3023
PB2|PP755596.1|A/cattle/Texas/24-008749-003/2024(H5N1)	820	3025
PB2|PP755596.1|A/cattle/Texas/24-008749-003/2024(H5N1)	821	3004
PB2|PP755596.1|A/cattle/Texas/24-008749-003/2024(H5N1)	822	2942
PB2|PP755596.1|A/cattle/Texas/24-008749-003/2024(H5N1)	823	2940
PB2|PP755596.1|A/cattle/Texas/24-008749-003/2024(H5N1)	824	2973
PB2|PP755596.1|A/cattle/Texas/24-008749-003/2024(H5N1)	825	3022
PB2|PP755596.1|A/cattle/Texas/24-008749-003/2024(H5N1)	826	3019
PB2|PP755596.1|A/cattle/Texas/24-008749-003/2024(H5N1)	827	2951
PB2|PP755596.1|A/cattle/Texas/24-008749-003/2024(H5N1)	828	2948
PB2|PP755596.1|A/cattle/Texas/24-008749-003/2024(H5N1)	829	2997
PB2|PP755596.1|A/cattle/Texas/24-008749-003/2024(H5N1)	830	2945
PB2|PP755596.1|A/cattle/Texas/24-008749-003/2024(H5N1)	831	2942
PB2|PP755596.1|A/cattle/Texas/24-008749-003/2024(H5N1)	832	2941
PB2|PP755596.1|A/cattle/Texas/24-008749-003/2024(H5N1)	833	2889
PB2|PP755596.1|A/cattle/Texas/24-008749-003/2024(H5N1)	834	2820
PB2|PP755596.1|A/cattle/Texas/24-008749-003/2024(H5N1)	835	2819
PB2|PP755596.1|A/cattle/Texas/24-008749-003/2024(H5N1)	836	2828
PB2|PP755596.1|A/cattle/Texas/24-008749-003/2024(H5N1)	837	2828
PB2|PP755596.1|A/cattle/Texas/24-008749-003/2024(H5N1)	838	3038
PB2|PP755596.1|A/cattle/Texas/24-008749-003/2024(H5N1)	839	3038
PB2|PP755596.1|A/cattle/Texas/24-008749-003/2024(H5N1)	840	3048
PB2|PP755596.1|A/cattle/Texas/24-008749-003/2024(H5N1)	841	3051
PB2|PP755596.1|A/cattle/Texas/24-008749-003/2024(H5N1)	842	3042
PB2|PP755596.1|A/cattle/Texas/24-008749-003/2024(H5N1)	843	3044
PB2|PP755596.1|A/cattle/Texas/24-008749-003/2024(H5N1)	844	3037
PB2|PP755596.1|A/cattle/Texas/24-008749-003/2024(H5N1)	845	3025
PB2|PP755596.1|A/cattle/Texas/24-008749-003/2024(H5N1)	846	3027
PB2|PP755596.1|A/cattle/Texas/24-008749-003/2024(H5N1)	847	2865
PB2|PP755596.1|A/cattle/Texas/24-008749-003/2024(H5N1)	848	2850
PB2|PP755596.1|A/cattle/Texas/24-008749-003/2024(H5N1)	849	2928
PB2|PP755596.1|A/cattle/Texas/24-008749-003/2024(H5N1)	850	2930
PB2|PP755596.1|A/cattle/Texas/24-008749-003/2024(H5N1)	851	2931
PB2|PP755596.1|A/cattle/Texas/24-008749-003/2024(H5N1)	852	2939
PB2|PP755596.1|A/cattle/Texas/24-008749-003/2024(H5N1)	853	2946
PB2|PP755596.1|A/cattle/Texas/24-008749-003/2024(H5N1)	854	2943
PB2|PP755596.1|A/cattle/Texas/24-008749-003/2024(H5N1)	855	2935
PB2|PP755596.1|A/cattle/Texas/24-008749-003/2024(H5N1)	856	2920
PB2|PP755596.1|A/cattle/Texas/24-008749-003/2024(H5N1)	857	2934
PB2|PP755596.1|A/cattle/Texas/24-008749-003/2024(H5N1)	858	2879
PB2|PP755596.1|A/cattle/Texas/24-008749-003/2024(H5N1)	859	2885
PB2|PP755596.1|A/cattle/Texas/24-008749-003/2024(H5N1)	860	2894
PB2|PP755596.1|A/cattle/Texas/24-008749-003/2024(H5N1)	861	2893
PB2|PP755596.1|A/cattle/Texas/24-008749-003/2024(H5N1)	862	2916
PB2|PP755596.1|A/cattle/Texas/24-008749-003/2024(H5N1)	863	2910
PB2|PP755596.1|A/cattle/Texas/24-008749-003/2024(H5N1)	864	2911
PB2|PP755596.1|A/cattle/Texas/24-008749-003/2024(H5N1)	865	2906
PB2|PP755596.1|A/cattle/Texas/24-008749-003/2024(H5N1)	866	2881
PB2|PP755596.1|A/cattle/Texas/24-008749-003/2024(H5N1)	867	2864
PB2|PP755596.1|A/cattle/Texas/24-008749-003/2024(H5N1)	868	2864
PB2|PP755596.1|A/cattle/Texas/24-008749-003/2024(H5N1)	869	2858
PB2|PP755596.1|A/cattle/Texas/24-008749-003/2024(H5N1)	870	2856
PB2|PP755596.1|A/cattle/Texas/24-008749-003/2024(H5N1)	871	2864
PB2|PP755596.1|A/cattle/Texas/24-008749-003/2024(H5N1)	872	2958
PB2|PP755596.1|A/cattle/Texas/24-008749-003/2024(H5N1)	873	2949
PB2|PP755596.1|A/cattle/Texas/24-008749-003/2024(H5N1)	874	2953
PB2|PP755596.1|A/cattle/Texas/24-008749-003/2024(H5N1)	875	2943
PB2|PP755596.1|A/cattle/Texas/24-008749-003/2024(H5N1)	876	2946
PB2|PP755596.1|A/cattle/Texas/24-008749-003/2024(H5N1)	877	2784
PB2|PP755596.1|A/cattle/Texas/24-008749-003/2024(H5N1)	878	2809
PB2|PP755596.1|A/cattle/Texas/24-008749-003/2024(H5N1)	879	2864
PB2|PP755596.1|A/cattle/Texas/24-008749-003/2024(H5N1)	880	2833
PB2|PP755596.1|A/cattle/Texas/24-008749-003/2024(H5N1)	881	2776
PB2|PP755596.1|A/cattle/Texas/24-008749-003/2024(H5N1)	882	2801
PB2|PP755596.1|A/cattle/Texas/24-008749-003/2024(H5N1)	883	2830
PB2|PP755596.1|A/cattle/Texas/24-008749-003/2024(H5N1)	884	2835
PB2|PP755596.1|A/cattle/Texas/24-008749-003/2024(H5N1)	885	2813
PB2|PP755596.1|A/cattle/Texas/24-008749-003/2024(H5N1)	886	2810
PB2|PP755596.1|A/cattle/Texas/24-008749-003/2024(H5N1)	887	2786
PB2|PP755596.1|A/cattle/Texas/24-008749-003/2024(H5N1)	888	2792
PB2|PP755596.1|A/cattle/Texas/24-008749-003/2024(H5N1)	889	2788
PB2|PP755596.1|A/cattle/Texas/24-008749-003/2024(H5N1)	890	2826
PB2|PP755596.1|A/cattle/Texas/24-008749-003/2024(H5N1)	891	2803
PB2|PP755596.1|A/cattle/Texas/24-008749-003/2024(H5N1)	892	2799
PB2|PP755596.1|A/cattle/Texas/24-008749-003/2024(H5N1)	893	2785
PB2|PP755596.1|A/cattle/Texas/24-008749-003/2024(H5N1)	894	2785
PB2|PP755596.1|A/cattle/Texas/24-008749-003/2024(H5N1)	895	2808
PB2|PP755596.1|A/cattle/Texas/24-008749-003/2024(H5N1)	896	2809
PB2|PP755596.1|A/cattle/Texas/24-008749-003/2024(H5N1)	897	2823
PB2|PP755596.1|A/cattle/Texas/24-008749-003/2024(H5N1)	898	2805
PB2|PP755596.1|A/cattle/Texas/24-008749-003/2024(H5N1)	899	2798
PB2|PP755596.1|A/cattle/Texas/24-008749-003/2024(H5N1)	900	2797
PB2|PP755596.1|A/cattle/Texas/24-008749-003/2024(H5N1)	901	2799
PB2|PP755596.1|A/cattle/Texas/24-008749-003/2024(H5N1)	902	2917
PB2|PP755596.1|A/cattle/Texas/24-008749-003/2024(H5N1)	903	2914
PB2|PP755596.1|A/cattle/Texas/24-008749-003/2024(H5N1)	904	2914
PB2|PP755596.1|A/cattle/Texas/24-008749-003/2024(H5N1)	905	2912
PB2|PP755596.1|A/cattle/Texas/24-008749-003/2024(H5N1)	906	2906
PB2|PP755596.1|A/cattle/Texas/24-008749-003/2024(H5N1)	907	2889
PB2|PP755596.1|A/cattle/Texas/24-008749-003/2024(H5N1)	908	2894
PB2|PP755596.1|A/cattle/Texas/24-008749-003/2024(H5N1)	909	2888
PB2|PP755596.1|A/cattle/Texas/24-008749-003/2024(H5N1)	910	2893
PB2|PP755596.1|A/cattle/Texas/24-008749-003/2024(H5N1)	911	2875
PB2|PP755596.1|A/cattle/Texas/24-008749-003/2024(H5N1)	912	2780
PB2|PP755596.1|A/cattle/Texas/24-008749-003/2024(H5N1)	913	2812
PB2|PP755596.1|A/cattle/Texas/24-008749-003/2024(H5N1)	914	2817
PB2|PP755596.1|A/cattle/Texas/24-008749-003/2024(H5N1)	915	2817
PB2|PP755596.1|A/cattle/Texas/24-008749-003/2024(H5N1)	916	2637
PB2|PP755596.1|A/cattle/Texas/24-008749-003/2024(H5N1)	917	2631
PB2|PP755596.1|A/cattle/Texas/24-008749-003/2024(H5N1)	918	2595
PB2|PP755596.1|A/cattle/Texas/24-008749-003/2024(H5N1)	919	2612
PB2|PP755596.1|A/cattle/Texas/24-008749-003/2024(H5N1)	920	2632
PB2|PP755596.1|A/cattle/Texas/24-008749-003/2024(H5N1)	921	2586
PB2|PP755596.1|A/cattle/Texas/24-008749-003/2024(H5N1)	922	2577
PB2|PP755596.1|A/cattle/Texas/24-008749-003/2024(H5N1)	923	2605
PB2|PP755596.1|A/cattle/Texas/24-008749-003/2024(H5N1)	924	2613
PB2|PP755596.1|A/cattle/Texas/24-008749-003/2024(H5N1)	925	2768
PB2|PP755596.1|A/cattle/Texas/24-008749-003/2024(H5N1)	926	2785
PB2|PP755596.1|A/cattle/Texas/24-008749-003/2024(H5N1)	927	2876
PB2|PP755596.1|A/cattle/Texas/24-008749-003/2024(H5N1)	928	2790
PB2|PP755596.1|A/cattle/Texas/24-008749-003/2024(H5N1)	929	2783
PB2|PP755596.1|A/cattle/Texas/24-008749-003/2024(H5N1)	930	2853
PB2|PP755596.1|A/cattle/Texas/24-008749-003/2024(H5N1)	931	2846
PB2|PP755596.1|A/cattle/Texas/24-008749-003/2024(H5N1)	932	2846
PB2|PP755596.1|A/cattle/Texas/24-008749-003/2024(H5N1)	933	2907
PB2|PP755596.1|A/cattle/Texas/24-008749-003/2024(H5N1)	934	2936
PB2|PP755596.1|A/cattle/Texas/24-008749-003/2024(H5N1)	935	2952
PB2|PP755596.1|A/cattle/Texas/24-008749-003/2024(H5N1)	936	2936
PB2|PP755596.1|A/cattle/Texas/24-008749-003/2024(H5N1)	937	3012
PB2|PP755596.1|A/cattle/Texas/24-008749-003/2024(H5N1)	938	3005
PB2|PP755596.1|A/cattle/Texas/24-008749-003/2024(H5N1)	939	2939
PB2|PP755596.1|A/cattle/Texas/24-008749-003/2024(H5N1)	940	2968
PB2|PP755596.1|A/cattle/Texas/24-008749-003/2024(H5N1)	941	2947
PB2|PP755596.1|A/cattle/Texas/24-008749-003/2024(H5N1)	942	2974
PB2|PP755596.1|A/cattle/Texas/24-008749-003/2024(H5N1)	943	2992
PB2|PP755596.1|A/cattle/Texas/24-008749-003/2024(H5N1)	944	3013
PB2|PP755596.1|A/cattle/Texas/24-008749-003/2024(H5N1)	945	3051
PB2|PP755596.1|A/cattle/Texas/24-008749-003/2024(H5N1)	946	3116
PB2|PP755596.1|A/cattle/Texas/24-008749-003/2024(H5N1)	947	3101
PB2|PP755596.1|A/cattle/Texas/24-008749-003/2024(H5N1)	948	3111
PB2|PP755596.1|A/cattle/Texas/24-008749-003/2024(H5N1)	949	3082
PB2|PP755596.1|A/cattle/Texas/24-008749-003/2024(H5N1)	950	3073
PB2|PP755596.1|A/cattle/Texas/24-008749-003/2024(H5N1)	951	3080
PB2|PP755596.1|A/cattle/Texas/24-008749-003/2024(H5N1)	952	3088
PB2|PP755596.1|A/cattle/Texas/24-008749-003/2024(H5N1)	953	3143
PB2|PP755596.1|A/cattle/Texas/24-008749-003/2024(H5N1)	954	3197
PB2|PP755596.1|A/cattle/Texas/24-008749-003/2024(H5N1)	955	3159
PB2|PP755596.1|A/cattle/Texas/24-008749-003/2024(H5N1)	956	3159
PB2|PP755596.1|A/cattle/Texas/24-008749-003/2024(H5N1)	957	3115
PB2|PP755596.1|A/cattle/Texas/24-008749-003/2024(H5N1)	958	3118
PB2|PP755596.1|A/cattle/Texas/24-008749-003/2024(H5N1)	959	3120
PB2|PP755596.1|A/cattle/Texas/24-008749-003/2024(H5N1)	960	3131
PB2|PP755596.1|A/cattle/Texas/24-008749-003/2024(H5N1)	961	3132
PB2|PP755596.1|A/cattle/Texas/24-008749-003/2024(H5N1)	962	3063
PB2|PP755596.1|A/cattle/Texas/24-008749-003/2024(H5N1)	963	3015
PB2|PP755596.1|A/cattle/Texas/24-008749-003/2024(H5N1)	964	3019
PB2|PP755596.1|A/cattle/Texas/24-008749-003/2024(H5N1)	965	2942
PB2|PP755596.1|A/cattle/Texas/24-008749-003/2024(H5N1)	966	2982
PB2|PP755596.1|A/cattle/Texas/24-008749-003/2024(H5N1)	967	2981
PB2|PP755596.1|A/cattle/Texas/24-008749-003/2024(H5N1)	968	2976
PB2|PP755596.1|A/cattle/Texas/24-008749-003/2024(H5N1)	969	2944
PB2|PP755596.1|A/cattle/Texas/24-008749-003/2024(H5N1)	970	2944
PB2|PP755596.1|A/cattle/Texas/24-008749-003/2024(H5N1)	971	3016
PB2|PP755596.1|A/cattle/Texas/24-008749-003/2024(H5N1)	972	3041
PB2|PP755596.1|A/cattle/Texas/24-008749-003/2024(H5N1)	973	3026
PB2|PP755596.1|A/cattle/Texas/24-008749-003/2024(H5N1)	974	3023
PB2|PP755596.1|A/cattle/Texas/24-008749-003/2024(H5N1)	975	3013
PB2|PP755596.1|A/cattle/Texas/24-008749-003/2024(H5N1)	976	2968
PB2|PP755596.1|A/cattle/Texas/24-008749-003/2024(H5N1)	977	2970
PB2|PP755596.1|A/cattle/Texas/24-008749-003/2024(H5N1)	978	2968
PB2|PP755596.1|A/cattle/Texas/24-008749-003/2024(H5N1)	979	2967
PB2|PP755596.1|A/cattle/Texas/24-008749-003/2024(H5N1)	980	2903
PB2|PP755596.1|A/cattle/Texas/24-008749-003/2024(H5N1)	981	2924
PB2|PP755596.1|A/cattle/Texas/24-008749-003/2024(H5N1)	982	2924
PB2|PP755596.1|A/cattle/Texas/24-008749-003/2024(H5N1)	983	2915
PB2|PP755596.1|A/cattle/Texas/24-008749-003/2024(H5N1)	984	2917
PB2|PP755596.1|A/cattle/Texas/24-008749-003/2024(H5N1)	985	2914
PB2|PP755596.1|A/cattle/Texas/24-008749-003/2024(H5N1)	986	2886
PB2|PP755596.1|A/cattle/Texas/24-008749-003/2024(H5N1)	987	2890
PB2|PP755596.1|A/cattle/Texas/24-008749-003/2024(H5N1)	988	2892
PB2|PP755596.1|A/cattle/Texas/24-008749-003/2024(H5N1)	989	2703
PB2|PP755596.1|A/cattle/Texas/24-008749-003/2024(H5N1)	990	2708
PB2|PP755596.1|A/cattle/Texas/24-008749-003/2024(H5N1)	991	2767
PB2|PP755596.1|A/cattle/Texas/24-008749-003/2024(H5N1)	992	2763
PB2|PP755596.1|A/cattle/Texas/24-008749-003/2024(H5N1)	993	2772
PB2|PP755596.1|A/cattle/Texas/24-008749-003/2024(H5N1)	994	2767
PB2|PP755596.1|A/cattle/Texas/24-008749-003/2024(H5N1)	995	2774
PB2|PP755596.1|A/cattle/Texas/24-008749-003/2024(H5N1)	996	2768
PB2|PP755596.1|A/cattle/Texas/24-008749-003/2024(H5N1)	997	2799
PB2|PP755596.1|A/cattle/Texas/24-008749-003/2024(H5N1)	998	2800
PB2|PP755596.1|A/cattle/Texas/24-008749-003/2024(H5N1)	999	2799
PB2|PP755596.1|A/cattle/Texas/24-008749-003/2024(H5N1)	1000	2706
PB2|PP755596.1|A/cattle/Texas/24-008749-003/2024(H5N1)	1001	2724
PB2|PP755596.1|A/cattle/Texas/24-008749-003/2024(H5N1)	1002	2739
PB2|PP755596.1|A/cattle/Texas/24-008749-003/2024(H5N1)	1003	2731
PB2|PP755596.1|A/cattle/Texas/24-008749-003/2024(H5N1)	1004	2725
PB2|PP755596.1|A/cattle/Texas/24-008749-003/2024(H5N1)	1005	2723
PB2|PP755596.1|A/cattle/Texas/24-008749-003/2024(H5N1)	1006	2777
PB2|PP755596.1|A/cattle/Texas/24-008749-003/2024(H5N1)	1007	2777
PB2|PP755596.1|A/cattle/Texas/24-008749-003/2024(H5N1)	1008	2777
PB2|PP755596.1|A/cattle/Texas/24-008749-003/2024(H5N1)	1009	2771
PB2|PP755596.1|A/cattle/Texas/24-008749-003/2024(H5N1)	1010	2754
PB2|PP755596.1|A/cattle/Texas/24-008749-003/2024(H5N1)	1011	2748
PB2|PP755596.1|A/cattle/Texas/24-008749-003/2024(H5N1)	1012	2786
PB2|PP755596.1|A/cattle/Texas/24-008749-003/2024(H5N1)	1013	2802
PB2|PP755596.1|A/cattle/Texas/24-008749-003/2024(H5N1)	1014	2789
PB2|PP755596.1|A/cattle/Texas/24-008749-003/2024(H5N1)	1015	2786
PB2|PP755596.1|A/cattle/Texas/24-008749-003/2024(H5N1)	1016	2796
PB2|PP755596.1|A/cattle/Texas/24-008749-003/2024(H5N1)	1017	2796
PB2|PP755596.1|A/cattle/Texas/24-008749-003/2024(H5N1)	1018	2789
PB2|PP755596.1|A/cattle/Texas/24-008749-003/2024(H5N1)	1019	2848
PB2|PP755596.1|A/cattle/Texas/24-008749-003/2024(H5N1)	1020	2875
PB2|PP755596.1|A/cattle/Texas/24-008749-003/2024(H5N1)	1021	2852
PB2|PP755596.1|A/cattle/Texas/24-008749-003/2024(H5N1)	1022	2839
PB2|PP755596.1|A/cattle/Texas/24-008749-003/2024(H5N1)	1023	2757
PB2|PP755596.1|A/cattle/Texas/24-008749-003/2024(H5N1)	1024	2779
PB2|PP755596.1|A/cattle/Texas/24-008749-003/2024(H5N1)	1025	2805
PB2|PP755596.1|A/cattle/Texas/24-008749-003/2024(H5N1)	1026	2805
PB2|PP755596.1|A/cattle/Texas/24-008749-003/2024(H5N1)	1027	2809
PB2|PP755596.1|A/cattle/Texas/24-008749-003/2024(H5N1)	1028	2752
PB2|PP755596.1|A/cattle/Texas/24-008749-003/2024(H5N1)	1029	2727
PB2|PP755596.1|A/cattle/Texas/24-008749-003/2024(H5N1)	1030	2739
PB2|PP755596.1|A/cattle/Texas/24-008749-003/2024(H5N1)	1031	2723
PB2|PP755596.1|A/cattle/Texas/24-008749-003/2024(H5N1)	1032	2736
PB2|PP755596.1|A/cattle/Texas/24-008749-003/2024(H5N1)	1033	2683
PB2|PP755596.1|A/cattle/Texas/24-008749-003/2024(H5N1)	1034	2741
PB2|PP755596.1|A/cattle/Texas/24-008749-003/2024(H5N1)	1035	2742
PB2|PP755596.1|A/cattle/Texas/24-008749-003/2024(H5N1)	1036	2741
PB2|PP755596.1|A/cattle/Texas/24-008749-003/2024(H5N1)	1037	2743
PB2|PP755596.1|A/cattle/Texas/24-008749-003/2024(H5N1)	1038	2738
PB2|PP755596.1|A/cattle/Texas/24-008749-003/2024(H5N1)	1039	2729
PB2|PP755596.1|A/cattle/Texas/24-008749-003/2024(H5N1)	1040	2730
PB2|PP755596.1|A/cattle/Texas/24-008749-003/2024(H5N1)	1041	2682
PB2|PP755596.1|A/cattle/Texas/24-008749-003/2024(H5N1)	1042	2679
PB2|PP755596.1|A/cattle/Texas/24-008749-003/2024(H5N1)	1043	2685
PB2|PP755596.1|A/cattle/Texas/24-008749-003/2024(H5N1)	1044	2788
PB2|PP755596.1|A/cattle/Texas/24-008749-003/2024(H5N1)	1045	2796
PB2|PP755596.1|A/cattle/Texas/24-008749-003/2024(H5N1)	1046	2782
PB2|PP755596.1|A/cattle/Texas/24-008749-003/2024(H5N1)	1047	2781
PB2|PP755596.1|A/cattle/Texas/24-008749-003/2024(H5N1)	1048	2809
PB2|PP755596.1|A/cattle/Texas/24-008749-003/2024(H5N1)	1049	2810
PB2|PP755596.1|A/cattle/Texas/24-008749-003/2024(H5N1)	1050	2810
PB2|PP755596.1|A/cattle/Texas/24-008749-003/2024(H5N1)	1051	2812
PB2|PP755596.1|A/cattle/Texas/24-008749-003/2024(H5N1)	1052	2810
PB2|PP755596.1|A/cattle/Texas/24-008749-003/2024(H5N1)	1053	2714
PB2|PP755596.1|A/cattle/Texas/24-008749-003/2024(H5N1)	1054	2715
PB2|PP755596.1|A/cattle/Texas/24-008749-003/2024(H5N1)	1055	2713
PB2|PP755596.1|A/cattle/Texas/24-008749-003/2024(H5N1)	1056	2717
PB2|PP755596.1|A/cattle/Texas/24-008749-003/2024(H5N1)	1057	2725
PB2|PP755596.1|A/cattle/Texas/24-008749-003/2024(H5N1)	1058	2747
PB2|PP755596.1|A/cattle/Texas/24-008749-003/2024(H5N1)	1059	2744
PB2|PP755596.1|A/cattle/Texas/24-008749-003/2024(H5N1)	1060	2750
PB2|PP755596.1|A/cattle/Texas/24-008749-003/2024(H5N1)	1061	2747
PB2|PP755596.1|A/cattle/Texas/24-008749-003/2024(H5N1)	1062	2771
PB2|PP755596.1|A/cattle/Texas/24-008749-003/2024(H5N1)	1063	2760
PB2|PP755596.1|A/cattle/Texas/24-008749-003/2024(H5N1)	1064	2768
PB2|PP755596.1|A/cattle/Texas/24-008749-003/2024(H5N1)	1065	2767
PB2|PP755596.1|A/cattle/Texas/24-008749-003/2024(H5N1)	1066	2824
PB2|PP755596.1|A/cattle/Texas/24-008749-003/2024(H5N1)	1067	2837
PB2|PP755596.1|A/cattle/Texas/24-008749-003/2024(H5N1)	1068	2854
PB2|PP755596.1|A/cattle/Texas/24-008749-003/2024(H5N1)	1069	2887
PB2|PP755596.1|A/cattle/Texas/24-008749-003/2024(H5N1)	1070	2884
PB2|PP755596.1|A/cattle/Texas/24-008749-003/2024(H5N1)	1071	2881
PB2|PP755596.1|A/cattle/Texas/24-008749-003/2024(H5N1)	1072	2881
PB2|PP755596.1|A/cattle/Texas/24-008749-003/2024(H5N1)	1073	2892
PB2|PP755596.1|A/cattle/Texas/24-008749-003/2024(H5N1)	1074	2915
PB2|PP755596.1|A/cattle/Texas/24-008749-003/2024(H5N1)	1075	3014
PB2|PP755596.1|A/cattle/Texas/24-008749-003/2024(H5N1)	1076	3036
PB2|PP755596.1|A/cattle/Texas/24-008749-003/2024(H5N1)	1077	3115
PB2|PP755596.1|A/cattle/Texas/24-008749-003/2024(H5N1)	1078	3027
PB2|PP755596.1|A/cattle/Texas/24-008749-003/2024(H5N1)	1079	3071
PB2|PP755596.1|A/cattle/Texas/24-008749-003/2024(H5N1)	1080	3072
PB2|PP755596.1|A/cattle/Texas/24-008749-003/2024(H5N1)	1081	3008
PB2|PP755596.1|A/cattle/Texas/24-008749-003/2024(H5N1)	1082	3051
PB2|PP755596.1|A/cattle/Texas/24-008749-003/2024(H5N1)	1083	3025
PB2|PP755596.1|A/cattle/Texas/24-008749-003/2024(H5N1)	1084	3047
PB2|PP755596.1|A/cattle/Texas/24-008749-003/2024(H5N1)	1085	2953
PB2|PP755596.1|A/cattle/Texas/24-008749-003/2024(H5N1)	1086	2970
PB2|PP755596.1|A/cattle/Texas/24-008749-003/2024(H5N1)	1087	2946
PB2|PP755596.1|A/cattle/Texas/24-008749-003/2024(H5N1)	1088	3066
PB2|PP755596.1|A/cattle/Texas/24-008749-003/2024(H5N1)	1089	3085
PB2|PP755596.1|A/cattle/Texas/24-008749-003/2024(H5N1)	1090	3079
PB2|PP755596.1|A/cattle/Texas/24-008749-003/2024(H5N1)	1091	3050
PB2|PP755596.1|A/cattle/Texas/24-008749-003/2024(H5N1)	1092	3050
PB2|PP755596.1|A/cattle/Texas/24-008749-003/2024(H5N1)	1093	3032
PB2|PP755596.1|A/cattle/Texas/24-008749-003/2024(H5N1)	1094	2988
PB2|PP755596.1|A/cattle/Texas/24-008749-003/2024(H5N1)	1095	2956
PB2|PP755596.1|A/cattle/Texas/24-008749-003/2024(H5N1)	1096	2963
PB2|PP755596.1|A/cattle/Texas/24-008749-003/2024(H5N1)	1097	2887
PB2|PP755596.1|A/cattle/Texas/24-008749-003/2024(H5N1)	1098	2917
PB2|PP755596.1|A/cattle/Texas/24-008749-003/2024(H5N1)	1099	2914
PB2|PP755596.1|A/cattle/Texas/24-008749-003/2024(H5N1)	1100	2920
PB2|PP755596.1|A/cattle/Texas/24-008749-003/2024(H5N1)	1101	2931
PB2|PP755596.1|A/cattle/Texas/24-008749-003/2024(H5N1)	1102	2919
PB2|PP755596.1|A/cattle/Texas/24-008749-003/2024(H5N1)	1103	2921
PB2|PP755596.1|A/cattle/Texas/24-008749-003/2024(H5N1)	1104	2866
PB2|PP755596.1|A/cattle/Texas/24-008749-003/2024(H5N1)	1105	2797
PB2|PP755596.1|A/cattle/Texas/24-008749-003/2024(H5N1)	1106	2814
PB2|PP755596.1|A/cattle/Texas/24-008749-003/2024(H5N1)	1107	2816
PB2|PP755596.1|A/cattle/Texas/24-008749-003/2024(H5N1)	1108	2819
PB2|PP755596.1|A/cattle/Texas/24-008749-003/2024(H5N1)	1109	2928
PB2|PP755596.1|A/cattle/Texas/24-008749-003/2024(H5N1)	1110	2922
PB2|PP755596.1|A/cattle/Texas/24-008749-003/2024(H5N1)	1111	2922
PB2|PP755596.1|A/cattle/Texas/24-008749-003/2024(H5N1)	1112	2944
PB2|PP755596.1|A/cattle/Texas/24-008749-003/2024(H5N1)	1113	2945
PB2|PP755596.1|A/cattle/Texas/24-008749-003/2024(H5N1)	1114	2952
PB2|PP755596.1|A/cattle/Texas/24-008749-003/2024(H5N1)	1115	2922
PB2|PP755596.1|A/cattle/Texas/24-008749-003/2024(H5N1)	1116	2912
PB2|PP755596.1|A/cattle/Texas/24-008749-003/2024(H5N1)	1117	2937
PB2|PP755596.1|A/cattle/Texas/24-008749-003/2024(H5N1)	1118	2941
PB2|PP755596.1|A/cattle/Texas/24-008749-003/2024(H5N1)	1119	2949
PB2|PP755596.1|A/cattle/Texas/24-008749-003/2024(H5N1)	1120	2879
PB2|PP755596.1|A/cattle/Texas/24-008749-003/2024(H5N1)	1121	2856
PB2|PP755596.1|A/cattle/Texas/24-008749-003/2024(H5N1)	1122	2873
PB2|PP755596.1|A/cattle/Texas/24-008749-003/2024(H5N1)	1123	2865
PB2|PP755596.1|A/cattle/Texas/24-008749-003/2024(H5N1)	1124	2870
PB2|PP755596.1|A/cattle/Texas/24-008749-003/2024(H5N1)	1125	2868
PB2|PP755596.1|A/cattle/Texas/24-008749-003/2024(H5N1)	1126	2876
PB2|PP755596.1|A/cattle/Texas/24-008749-003/2024(H5N1)	1127	2874
PB2|PP755596.1|A/cattle/Texas/24-008749-003/2024(H5N1)	1128	2864
PB2|PP755596.1|A/cattle/Texas/24-008749-003/2024(H5N1)	1129	2877
PB2|PP755596.1|A/cattle/Texas/24-008749-003/2024(H5N1)	1130	2877
PB2|PP755596.1|A/cattle/Texas/24-008749-003/2024(H5N1)	1131	2857
PB2|PP755596.1|A/cattle/Texas/24-008749-003/2024(H5N1)	1132	2953
PB2|PP755596.1|A/cattle/Texas/24-008749-003/2024(H5N1)	1133	2989
PB2|PP755596.1|A/cattle/Texas/24-008749-003/2024(H5N1)	1134	2989
PB2|PP755596.1|A/cattle/Texas/24-008749-003/2024(H5N1)	1135	2984
PB2|PP755596.1|A/cattle/Texas/24-008749-003/2024(H5N1)	1136	2984
PB2|PP755596.1|A/cattle/Texas/24-008749-003/2024(H5N1)	1137	2978
PB2|PP755596.1|A/cattle/Texas/24-008749-003/2024(H5N1)	1138	2971
PB2|PP755596.1|A/cattle/Texas/24-008749-003/2024(H5N1)	1139	3000
PB2|PP755596.1|A/cattle/Texas/24-008749-003/2024(H5N1)	1140	3041
PB2|PP755596.1|A/cattle/Texas/24-008749-003/2024(H5N1)	1141	3037
PB2|PP755596.1|A/cattle/Texas/24-008749-003/2024(H5N1)	1142	2972
PB2|PP755596.1|A/cattle/Texas/24-008749-003/2024(H5N1)	1143	2986
PB2|PP755596.1|A/cattle/Texas/24-008749-003/2024(H5N1)	1144	3023
PB2|PP755596.1|A/cattle/Texas/24-008749-003/2024(H5N1)	1145	3024
PB2|PP755596.1|A/cattle/Texas/24-008749-003/2024(H5N1)	1146	3014
PB2|PP755596.1|A/cattle/Texas/24-008749-003/2024(H5N1)	1147	3018
PB2|PP755596.1|A/cattle/Texas/24-008749-003/2024(H5N1)	1148	3033
PB2|PP755596.1|A/cattle/Texas/24-008749-003/2024(H5N1)	1149	3090
PB2|PP755596.1|A/cattle/Texas/24-008749-003/2024(H5N1)	1150	3068
PB2|PP755596.1|A/cattle/Texas/24-008749-003/2024(H5N1)	1151	3079
PB2|PP755596.1|A/cattle/Texas/24-008749-003/2024(H5N1)	1152	3118
PB2|PP755596.1|A/cattle/Texas/24-008749-003/2024(H5N1)	1153	3113
PB2|PP755596.1|A/cattle/Texas/24-008749-003/2024(H5N1)	1154	3134
PB2|PP755596.1|A/cattle/Texas/24-008749-003/2024(H5N1)	1155	3130
PB2|PP755596.1|A/cattle/Texas/24-008749-003/2024(H5N1)	1156	3131
PB2|PP755596.1|A/cattle/Texas/24-008749-003/2024(H5N1)	1157	3131
PB2|PP755596.1|A/cattle/Texas/24-008749-003/2024(H5N1)	1158	3110
PB2|PP755596.1|A/cattle/Texas/24-008749-003/2024(H5N1)	1159	3111
PB2|PP755596.1|A/cattle/Texas/24-008749-003/2024(H5N1)	1160	3146
PB2|PP755596.1|A/cattle/Texas/24-008749-003/2024(H5N1)	1161	3199
PB2|PP755596.1|A/cattle/Texas/24-008749-003/2024(H5N1)	1162	3181
PB2|PP755596.1|A/cattle/Texas/24-008749-003/2024(H5N1)	1163	3143
PB2|PP755596.1|A/cattle/Texas/24-008749-003/2024(H5N1)	1164	3132
PB2|PP755596.1|A/cattle/Texas/24-008749-003/2024(H5N1)	1165	3130
PB2|PP755596.1|A/cattle/Texas/24-008749-003/2024(H5N1)	1166	3155
PB2|PP755596.1|A/cattle/Texas/24-008749-003/2024(H5N1)	1167	3156
PB2|PP755596.1|A/cattle/Texas/24-008749-003/2024(H5N1)	1168	3175
PB2|PP755596.1|A/cattle/Texas/24-008749-003/2024(H5N1)	1169	3149
PB2|PP755596.1|A/cattle/Texas/24-008749-003/2024(H5N1)	1170	3200
PB2|PP755596.1|A/cattle/Texas/24-008749-003/2024(H5N1)	1171	3202
PB2|PP755596.1|A/cattle/Texas/24-008749-003/2024(H5N1)	1172	3198
PB2|PP755596.1|A/cattle/Texas/24-008749-003/2024(H5N1)	1173	3187
PB2|PP755596.1|A/cattle/Texas/24-008749-003/2024(H5N1)	1174	3168
PB2|PP755596.1|A/cattle/Texas/24-008749-003/2024(H5N1)	1175	3137
PB2|PP755596.1|A/cattle/Texas/24-008749-003/2024(H5N1)	1176	3197
PB2|PP755596.1|A/cattle/Texas/24-008749-003/2024(H5N1)	1177	3180
PB2|PP755596.1|A/cattle/Texas/24-008749-003/2024(H5N1)	1178	3178
PB2|PP755596.1|A/cattle/Texas/24-008749-003/2024(H5N1)	1179	3177
PB2|PP755596.1|A/cattle/Texas/24-008749-003/2024(H5N1)	1180	3190
PB2|PP755596.1|A/cattle/Texas/24-008749-003/2024(H5N1)	1181	3183
PB2|PP755596.1|A/cattle/Texas/24-008749-003/2024(H5N1)	1182	3179
PB2|PP755596.1|A/cattle/Texas/24-008749-003/2024(H5N1)	1183	3162
PB2|PP755596.1|A/cattle/Texas/24-008749-003/2024(H5N1)	1184	3161
PB2|PP755596.1|A/cattle/Texas/24-008749-003/2024(H5N1)	1185	3100
PB2|PP755596.1|A/cattle/Texas/24-008749-003/2024(H5N1)	1186	3100
PB2|PP755596.1|A/cattle/Texas/24-008749-003/2024(H5N1)	1187	3095
PB2|PP755596.1|A/cattle/Texas/24-008749-003/2024(H5N1)	1188	3118
PB2|PP755596.1|A/cattle/Texas/24-008749-003/2024(H5N1)	1189	3127
PB2|PP755596.1|A/cattle/Texas/24-008749-003/2024(H5N1)	1190	3175
PB2|PP755596.1|A/cattle/Texas/24-008749-003/2024(H5N1)	1191	3173
PB2|PP755596.1|A/cattle/Texas/24-008749-003/2024(H5N1)	1192	3168
PB2|PP755596.1|A/cattle/Texas/24-008749-003/2024(H5N1)	1193	3166
PB2|PP755596.1|A/cattle/Texas/24-008749-003/2024(H5N1)	1194	3174
PB2|PP755596.1|A/cattle/Texas/24-008749-003/2024(H5N1)	1195	3097
PB2|PP755596.1|A/cattle/Texas/24-008749-003/2024(H5N1)	1196	3090
PB2|PP755596.1|A/cattle/Texas/24-008749-003/2024(H5N1)	1197	3058
PB2|PP755596.1|A/cattle/Texas/24-008749-003/2024(H5N1)	1198	3054
PB2|PP755596.1|A/cattle/Texas/24-008749-003/2024(H5N1)	1199	3022
PB2|PP755596.1|A/cattle/Texas/24-008749-003/2024(H5N1)	1200	3028
PB2|PP755596.1|A/cattle/Texas/24-008749-003/2024(H5N1)	1201	3040
PB2|PP755596.1|A/cattle/Texas/24-008749-003/2024(H5N1)	1202	3031
PB2|PP755596.1|A/cattle/Texas/24-008749-003/2024(H5N1)	1203	3029
PB2|PP755596.1|A/cattle/Texas/24-008749-003/2024(H5N1)	1204	3037
PB2|PP755596.1|A/cattle/Texas/24-008749-003/2024(H5N1)	1205	3042
PB2|PP755596.1|A/cattle/Texas/24-008749-003/2024(H5N1)	1206	3057
PB2|PP755596.1|A/cattle/Texas/24-008749-003/2024(H5N1)	1207	3064
PB2|PP755596.1|A/cattle/Texas/24-008749-003/2024(H5N1)	1208	3081
PB2|PP755596.1|A/cattle/Texas/24-008749-003/2024(H5N1)	1209	3098
PB2|PP755596.1|A/cattle/Texas/24-008749-003/2024(H5N1)	1210	3093
PB2|PP755596.1|A/cattle/Texas/24-008749-003/2024(H5N1)	1211	3132
PB2|PP755596.1|A/cattle/Texas/24-008749-003/2024(H5N1)	1212	3130
PB2|PP755596.1|A/cattle/Texas/24-008749-003/2024(H5N1)	1213	3111
PB2|PP755596.1|A/cattle/Texas/24-008749-003/2024(H5N1)	1214	3146
PB2|PP755596.1|A/cattle/Texas/24-008749-003/2024(H5N1)	1215	3166
PB2|PP755596.1|A/cattle/Texas/24-008749-003/2024(H5N1)	1216	3233
PB2|PP755596.1|A/cattle/Texas/24-008749-003/2024(H5N1)	1217	3238
PB2|PP755596.1|A/cattle/Texas/24-008749-003/2024(H5N1)	1218	3219
PB2|PP755596.1|A/cattle/Texas/24-008749-003/2024(H5N1)	1219	3211
PB2|PP755596.1|A/cattle/Texas/24-008749-003/2024(H5N1)	1220	3123
PB2|PP755596.1|A/cattle/Texas/24-008749-003/2024(H5N1)	1221	3142
PB2|PP755596.1|A/cattle/Texas/24-008749-003/2024(H5N1)	1222	3151
PB2|PP755596.1|A/cattle/Texas/24-008749-003/2024(H5N1)	1223	3078
PB2|PP755596.1|A/cattle/Texas/24-008749-003/2024(H5N1)	1224	2946
PB2|PP755596.1|A/cattle/Texas/24-008749-003/2024(H5N1)	1225	2810
PB2|PP755596.1|A/cattle/Texas/24-008749-003/2024(H5N1)	1226	2855
PB2|PP755596.1|A/cattle/Texas/24-008749-003/2024(H5N1)	1227	2788
PB2|PP755596.1|A/cattle/Texas/24-008749-003/2024(H5N1)	1228	2791
PB2|PP755596.1|A/cattle/Texas/24-008749-003/2024(H5N1)	1229	2809
PB2|PP755596.1|A/cattle/Texas/24-008749-003/2024(H5N1)	1230	2859
PB2|PP755596.1|A/cattle/Texas/24-008749-003/2024(H5N1)	1231	2859
PB2|PP755596.1|A/cattle/Texas/24-008749-003/2024(H5N1)	1232	2861
PB2|PP755596.1|A/cattle/Texas/24-008749-003/2024(H5N1)	1233	2815
PB2|PP755596.1|A/cattle/Texas/24-008749-003/2024(H5N1)	1234	2817
PB2|PP755596.1|A/cattle/Texas/24-008749-003/2024(H5N1)	1235	2731
PB2|PP755596.1|A/cattle/Texas/24-008749-003/2024(H5N1)	1236	2720
PB2|PP755596.1|A/cattle/Texas/24-008749-003/2024(H5N1)	1237	2673
PB2|PP755596.1|A/cattle/Texas/24-008749-003/2024(H5N1)	1238	2643
PB2|PP755596.1|A/cattle/Texas/24-008749-003/2024(H5N1)	1239	2530
PB2|PP755596.1|A/cattle/Texas/24-008749-003/2024(H5N1)	1240	2575
PB2|PP755596.1|A/cattle/Texas/24-008749-003/2024(H5N1)	1241	2604
PB2|PP755596.1|A/cattle/Texas/24-008749-003/2024(H5N1)	1242	2592
PB2|PP755596.1|A/cattle/Texas/24-008749-003/2024(H5N1)	1243	2667
PB2|PP755596.1|A/cattle/Texas/24-008749-003/2024(H5N1)	1244	2664
PB2|PP755596.1|A/cattle/Texas/24-008749-003/2024(H5N1)	1245	2714
PB2|PP755596.1|A/cattle/Texas/24-008749-003/2024(H5N1)	1246	2692
PB2|PP755596.1|A/cattle/Texas/24-008749-003/2024(H5N1)	1247	2661
PB2|PP755596.1|A/cattle/Texas/24-008749-003/2024(H5N1)	1248	2659
PB2|PP755596.1|A/cattle/Texas/24-008749-003/2024(H5N1)	1249	2728
PB2|PP755596.1|A/cattle/Texas/24-008749-003/2024(H5N1)	1250	2762
PB2|PP755596.1|A/cattle/Texas/24-008749-003/2024(H5N1)	1251	2751
PB2|PP755596.1|A/cattle/Texas/24-008749-003/2024(H5N1)	1252	2733
PB2|PP755596.1|A/cattle/Texas/24-008749-003/2024(H5N1)	1253	2729
PB2|PP755596.1|A/cattle/Texas/24-008749-003/2024(H5N1)	1254	2741
PB2|PP755596.1|A/cattle/Texas/24-008749-003/2024(H5N1)	1255	2756
PB2|PP755596.1|A/cattle/Texas/24-008749-003/2024(H5N1)	1256	2758
PB2|PP755596.1|A/cattle/Texas/24-008749-003/2024(H5N1)	1257	2759
PB2|PP755596.1|A/cattle/Texas/24-008749-003/2024(H5N1)	1258	2627
PB2|PP755596.1|A/cattle/Texas/24-008749-003/2024(H5N1)	1259	2627
PB2|PP755596.1|A/cattle/Texas/24-008749-003/2024(H5N1)	1260	2681
PB2|PP755596.1|A/cattle/Texas/24-008749-003/2024(H5N1)	1261	2682
PB2|PP755596.1|A/cattle/Texas/24-008749-003/2024(H5N1)	1262	2711
PB2|PP755596.1|A/cattle/Texas/24-008749-003/2024(H5N1)	1263	2692
PB2|PP755596.1|A/cattle/Texas/24-008749-003/2024(H5N1)	1264	2701
PB2|PP755596.1|A/cattle/Texas/24-008749-003/2024(H5N1)	1265	2695
PB2|PP755596.1|A/cattle/Texas/24-008749-003/2024(H5N1)	1266	2695
PB2|PP755596.1|A/cattle/Texas/24-008749-003/2024(H5N1)	1267	2667
PB2|PP755596.1|A/cattle/Texas/24-008749-003/2024(H5N1)	1268	2690
PB2|PP755596.1|A/cattle/Texas/24-008749-003/2024(H5N1)	1269	2760
PB2|PP755596.1|A/cattle/Texas/24-008749-003/2024(H5N1)	1270	2768
PB2|PP755596.1|A/cattle/Texas/24-008749-003/2024(H5N1)	1271	2784
PB2|PP755596.1|A/cattle/Texas/24-008749-003/2024(H5N1)	1272	2780
PB2|PP755596.1|A/cattle/Texas/24-008749-003/2024(H5N1)	1273	2805
PB2|PP755596.1|A/cattle/Texas/24-008749-003/2024(H5N1)	1274	2813
PB2|PP755596.1|A/cattle/Texas/24-008749-003/2024(H5N1)	1275	2827
PB2|PP755596.1|A/cattle/Texas/24-008749-003/2024(H5N1)	1276	2827
PB2|PP755596.1|A/cattle/Texas/24-008749-003/2024(H5N1)	1277	2793
PB2|PP755596.1|A/cattle/Texas/24-008749-003/2024(H5N1)	1278	2801
PB2|PP755596.1|A/cattle/Texas/24-008749-003/2024(H5N1)	1279	2814
PB2|PP755596.1|A/cattle/Texas/24-008749-003/2024(H5N1)	1280	2814
PB2|PP755596.1|A/cattle/Texas/24-008749-003/2024(H5N1)	1281	2873
PB2|PP755596.1|A/cattle/Texas/24-008749-003/2024(H5N1)	1282	2830
PB2|PP755596.1|A/cattle/Texas/24-008749-003/2024(H5N1)	1283	2742
PB2|PP755596.1|A/cattle/Texas/24-008749-003/2024(H5N1)	1284	2746
PB2|PP755596.1|A/cattle/Texas/24-008749-003/2024(H5N1)	1285	2757
PB2|PP755596.1|A/cattle/Texas/24-008749-003/2024(H5N1)	1286	2834
PB2|PP755596.1|A/cattle/Texas/24-008749-003/2024(H5N1)	1287	2833
PB2|PP755596.1|A/cattle/Texas/24-008749-003/2024(H5N1)	1288	2979
PB2|PP755596.1|A/cattle/Texas/24-008749-003/2024(H5N1)	1289	2965
PB2|PP755596.1|A/cattle/Texas/24-008749-003/2024(H5N1)	1290	2926
PB2|PP755596.1|A/cattle/Texas/24-008749-003/2024(H5N1)	1291	2928
PB2|PP755596.1|A/cattle/Texas/24-008749-003/2024(H5N1)	1292	2925
PB2|PP755596.1|A/cattle/Texas/24-008749-003/2024(H5N1)	1293	2939
PB2|PP755596.1|A/cattle/Texas/24-008749-003/2024(H5N1)	1294	2955
PB2|PP755596.1|A/cattle/Texas/24-008749-003/2024(H5N1)	1295	2909
PB2|PP755596.1|A/cattle/Texas/24-008749-003/2024(H5N1)	1296	2917
PB2|PP755596.1|A/cattle/Texas/24-008749-003/2024(H5N1)	1297	2913
PB2|PP755596.1|A/cattle/Texas/24-008749-003/2024(H5N1)	1298	2903
PB2|PP755596.1|A/cattle/Texas/24-008749-003/2024(H5N1)	1299	2926
PB2|PP755596.1|A/cattle/Texas/24-008749-003/2024(H5N1)	1300	2887
PB2|PP755596.1|A/cattle/Texas/24-008749-003/2024(H5N1)	1301	2911
PB2|PP755596.1|A/cattle/Texas/24-008749-003/2024(H5N1)	1302	2914
PB2|PP755596.1|A/cattle/Texas/24-008749-003/2024(H5N1)	1303	2894
PB2|PP755596.1|A/cattle/Texas/24-008749-003/2024(H5N1)	1304	2914
PB2|PP755596.1|A/cattle/Texas/24-008749-003/2024(H5N1)	1305	2895
PB2|PP755596.1|A/cattle/Texas/24-008749-003/2024(H5N1)	1306	2887
PB2|PP755596.1|A/cattle/Texas/24-008749-003/2024(H5N1)	1307	2886
PB2|PP755596.1|A/cattle/Texas/24-008749-003/2024(H5N1)	1308	2817
PB2|PP755596.1|A/cattle/Texas/24-008749-003/2024(H5N1)	1309	2863
PB2|PP755596.1|A/cattle/Texas/24-008749-003/2024(H5N1)	1310	2848
PB2|PP755596.1|A/cattle/Texas/24-008749-003/2024(H5N1)	1311	2885
PB2|PP755596.1|A/cattle/Texas/24-008749-003/2024(H5N1)	1312	2883
PB2|PP755596.1|A/cattle/Texas/24-008749-003/2024(H5N1)	1313	2887
PB2|PP755596.1|A/cattle/Texas/24-008749-003/2024(H5N1)	1314	2912
PB2|PP755596.1|A/cattle/Texas/24-008749-003/2024(H5N1)	1315	2913
PB2|PP755596.1|A/cattle/Texas/24-008749-003/2024(H5N1)	1316	2914
PB2|PP755596.1|A/cattle/Texas/24-008749-003/2024(H5N1)	1317	2914
PB2|PP755596.1|A/cattle/Texas/24-008749-003/2024(H5N1)	1318	2904
PB2|PP755596.1|A/cattle/Texas/24-008749-003/2024(H5N1)	1319	2882
PB2|PP755596.1|A/cattle/Texas/24-008749-003/2024(H5N1)	1320	2888
PB2|PP755596.1|A/cattle/Texas/24-008749-003/2024(H5N1)	1321	2803
PB2|PP755596.1|A/cattle/Texas/24-008749-003/2024(H5N1)	1322	3287
PB2|PP755596.1|A/cattle/Texas/24-008749-003/2024(H5N1)	1323	3287
PB2|PP755596.1|A/cattle/Texas/24-008749-003/2024(H5N1)	1324	3285
PB2|PP755596.1|A/cattle/Texas/24-008749-003/2024(H5N1)	1325	3331
PB2|PP755596.1|A/cattle/Texas/24-008749-003/2024(H5N1)	1326	3333
PB2|PP755596.1|A/cattle/Texas/24-008749-003/2024(H5N1)	1327	3349
PB2|PP755596.1|A/cattle/Texas/24-008749-003/2024(H5N1)	1328	3349
PB2|PP755596.1|A/cattle/Texas/24-008749-003/2024(H5N1)	1329	3345
PB2|PP755596.1|A/cattle/Texas/24-008749-003/2024(H5N1)	1330	3346
PB2|PP755596.1|A/cattle/Texas/24-008749-003/2024(H5N1)	1331	3319
PB2|PP755596.1|A/cattle/Texas/24-008749-003/2024(H5N1)	1332	3324
PB2|PP755596.1|A/cattle/Texas/24-008749-003/2024(H5N1)	1333	3329
PB2|PP755596.1|A/cattle/Texas/24-008749-003/2024(H5N1)	1334	3334
PB2|PP755596.1|A/cattle/Texas/24-008749-003/2024(H5N1)	1335	3337
PB2|PP755596.1|A/cattle/Texas/24-008749-003/2024(H5N1)	1336	3419
PB2|PP755596.1|A/cattle/Texas/24-008749-003/2024(H5N1)	1337	3421
PB2|PP755596.1|A/cattle/Texas/24-008749-003/2024(H5N1)	1338	3398
PB2|PP755596.1|A/cattle/Texas/24-008749-003/2024(H5N1)	1339	3388
PB2|PP755596.1|A/cattle/Texas/24-008749-003/2024(H5N1)	1340	3387
PB2|PP755596.1|A/cattle/Texas/24-008749-003/2024(H5N1)	1341	3367
PB2|PP755596.1|A/cattle/Texas/24-008749-003/2024(H5N1)	1342	3376
PB2|PP755596.1|A/cattle/Texas/24-008749-003/2024(H5N1)	1343	3400
PB2|PP755596.1|A/cattle/Texas/24-008749-003/2024(H5N1)	1344	3401
PB2|PP755596.1|A/cattle/Texas/24-008749-003/2024(H5N1)	1345	3390
PB2|PP755596.1|A/cattle/Texas/24-008749-003/2024(H5N1)	1346	3375
PB2|PP755596.1|A/cattle/Texas/24-008749-003/2024(H5N1)	1347	3372
PB2|PP755596.1|A/cattle/Texas/24-008749-003/2024(H5N1)	1348	3372
PB2|PP755596.1|A/cattle/Texas/24-008749-003/2024(H5N1)	1349	3406
PB2|PP755596.1|A/cattle/Texas/24-008749-003/2024(H5N1)	1350	3402
PB2|PP755596.1|A/cattle/Texas/24-008749-003/2024(H5N1)	1351	3411
PB2|PP755596.1|A/cattle/Texas/24-008749-003/2024(H5N1)	1352	3398
PB2|PP755596.1|A/cattle/Texas/24-008749-003/2024(H5N1)	1353	3396
PB2|PP755596.1|A/cattle/Texas/24-008749-003/2024(H5N1)	1354	3395
PB2|PP755596.1|A/cattle/Texas/24-008749-003/2024(H5N1)	1355	3368
PB2|PP755596.1|A/cattle/Texas/24-008749-003/2024(H5N1)	1356	3378
PB2|PP755596.1|A/cattle/Texas/24-008749-003/2024(H5N1)	1357	3382
PB2|PP755596.1|A/cattle/Texas/24-008749-003/2024(H5N1)	1358	3366
PB2|PP755596.1|A/cattle/Texas/24-008749-003/2024(H5N1)	1359	3354
PB2|PP755596.1|A/cattle/Texas/24-008749-003/2024(H5N1)	1360	3337
PB2|PP755596.1|A/cattle/Texas/24-008749-003/2024(H5N1)	1361	3365
PB2|PP755596.1|A/cattle/Texas/24-008749-003/2024(H5N1)	1362	3324
PB2|PP755596.1|A/cattle/Texas/24-008749-003/2024(H5N1)	1363	3320
PB2|PP755596.1|A/cattle/Texas/24-008749-003/2024(H5N1)	1364	3319
PB2|PP755596.1|A/cattle/Texas/24-008749-003/2024(H5N1)	1365	3260
PB2|PP755596.1|A/cattle/Texas/24-008749-003/2024(H5N1)	1366	3225
PB2|PP755596.1|A/cattle/Texas/24-008749-003/2024(H5N1)	1367	3116
PB2|PP755596.1|A/cattle/Texas/24-008749-003/2024(H5N1)	1368	3121
PB2|PP755596.1|A/cattle/Texas/24-008749-003/2024(H5N1)	1369	3140
PB2|PP755596.1|A/cattle/Texas/24-008749-003/2024(H5N1)	1370	3130
PB2|PP755596.1|A/cattle/Texas/24-008749-003/2024(H5N1)	1371	3133
PB2|PP755596.1|A/cattle/Texas/24-008749-003/2024(H5N1)	1372	3092
PB2|PP755596.1|A/cattle/Texas/24-008749-003/2024(H5N1)	1373	3091
PB2|PP755596.1|A/cattle/Texas/24-008749-003/2024(H5N1)	1374	3093
PB2|PP755596.1|A/cattle/Texas/24-008749-003/2024(H5N1)	1375	3044
PB2|PP755596.1|A/cattle/Texas/24-008749-003/2024(H5N1)	1376	3038
PB2|PP755596.1|A/cattle/Texas/24-008749-003/2024(H5N1)	1377	2999
PB2|PP755596.1|A/cattle/Texas/24-008749-003/2024(H5N1)	1378	2992
PB2|PP755596.1|A/cattle/Texas/24-008749-003/2024(H5N1)	1379	2987
PB2|PP755596.1|A/cattle/Texas/24-008749-003/2024(H5N1)	1380	2989
PB2|PP755596.1|A/cattle/Texas/24-008749-003/2024(H5N1)	1381	2908
PB2|PP755596.1|A/cattle/Texas/24-008749-003/2024(H5N1)	1382	2923
PB2|PP755596.1|A/cattle/Texas/24-008749-003/2024(H5N1)	1383	2913
PB2|PP755596.1|A/cattle/Texas/24-008749-003/2024(H5N1)	1384	2908
PB2|PP755596.1|A/cattle/Texas/24-008749-003/2024(H5N1)	1385	3025
PB2|PP755596.1|A/cattle/Texas/24-008749-003/2024(H5N1)	1386	3021
PB2|PP755596.1|A/cattle/Texas/24-008749-003/2024(H5N1)	1387	3114
PB2|PP755596.1|A/cattle/Texas/24-008749-003/2024(H5N1)	1388	3114
PB2|PP755596.1|A/cattle/Texas/24-008749-003/2024(H5N1)	1389	3230
PB2|PP755596.1|A/cattle/Texas/24-008749-003/2024(H5N1)	1390	3231
PB2|PP755596.1|A/cattle/Texas/24-008749-003/2024(H5N1)	1391	3189
PB2|PP755596.1|A/cattle/Texas/24-008749-003/2024(H5N1)	1392	3201
PB2|PP755596.1|A/cattle/Texas/24-008749-003/2024(H5N1)	1393	3220
PB2|PP755596.1|A/cattle/Texas/24-008749-003/2024(H5N1)	1394	3155
PB2|PP755596.1|A/cattle/Texas/24-008749-003/2024(H5N1)	1395	3090
PB2|PP755596.1|A/cattle/Texas/24-008749-003/2024(H5N1)	1396	3095
PB2|PP755596.1|A/cattle/Texas/24-008749-003/2024(H5N1)	1397	3114
PB2|PP755596.1|A/cattle/Texas/24-008749-003/2024(H5N1)	1398	3116
PB2|PP755596.1|A/cattle/Texas/24-008749-003/2024(H5N1)	1399	3107
PB2|PP755596.1|A/cattle/Texas/24-008749-003/2024(H5N1)	1400	2955
PB2|PP755596.1|A/cattle/Texas/24-008749-003/2024(H5N1)	1401	2945
PB2|PP755596.1|A/cattle/Texas/24-008749-003/2024(H5N1)	1402	2967
PB2|PP755596.1|A/cattle/Texas/24-008749-003/2024(H5N1)	1403	2967
PB2|PP755596.1|A/cattle/Texas/24-008749-003/2024(H5N1)	1404	2976
PB2|PP755596.1|A/cattle/Texas/24-008749-003/2024(H5N1)	1405	2975
PB2|PP755596.1|A/cattle/Texas/24-008749-003/2024(H5N1)	1406	2967
PB2|PP755596.1|A/cattle/Texas/24-008749-003/2024(H5N1)	1407	2969
PB2|PP755596.1|A/cattle/Texas/24-008749-003/2024(H5N1)	1408	2953
PB2|PP755596.1|A/cattle/Texas/24-008749-003/2024(H5N1)	1409	3051
PB2|PP755596.1|A/cattle/Texas/24-008749-003/2024(H5N1)	1410	3053
PB2|PP755596.1|A/cattle/Texas/24-008749-003/2024(H5N1)	1411	3011
PB2|PP755596.1|A/cattle/Texas/24-008749-003/2024(H5N1)	1412	3001
PB2|PP755596.1|A/cattle/Texas/24-008749-003/2024(H5N1)	1413	2974
PB2|PP755596.1|A/cattle/Texas/24-008749-003/2024(H5N1)	1414	2982
PB2|PP755596.1|A/cattle/Texas/24-008749-003/2024(H5N1)	1415	2976
PB2|PP755596.1|A/cattle/Texas/24-008749-003/2024(H5N1)	1416	2983
PB2|PP755596.1|A/cattle/Texas/24-008749-003/2024(H5N1)	1417	3001
PB2|PP755596.1|A/cattle/Texas/24-008749-003/2024(H5N1)	1418	2922
PB2|PP755596.1|A/cattle/Texas/24-008749-003/2024(H5N1)	1419	2894
PB2|PP755596.1|A/cattle/Texas/24-008749-003/2024(H5N1)	1420	2924
PB2|PP755596.1|A/cattle/Texas/24-008749-003/2024(H5N1)	1421	2944
PB2|PP755596.1|A/cattle/Texas/24-008749-003/2024(H5N1)	1422	2929
PB2|PP755596.1|A/cattle/Texas/24-008749-003/2024(H5N1)	1423	2927
PB2|PP755596.1|A/cattle/Texas/24-008749-003/2024(H5N1)	1424	2887
PB2|PP755596.1|A/cattle/Texas/24-008749-003/2024(H5N1)	1425	2889
PB2|PP755596.1|A/cattle/Texas/24-008749-003/2024(H5N1)	1426	2874
PB2|PP755596.1|A/cattle/Texas/24-008749-003/2024(H5N1)	1427	2892
PB2|PP755596.1|A/cattle/Texas/24-008749-003/2024(H5N1)	1428	2922
PB2|PP755596.1|A/cattle/Texas/24-008749-003/2024(H5N1)	1429	2890
PB2|PP755596.1|A/cattle/Texas/24-008749-003/2024(H5N1)	1430	3083
PB2|PP755596.1|A/cattle/Texas/24-008749-003/2024(H5N1)	1431	3088
PB2|PP755596.1|A/cattle/Texas/24-008749-003/2024(H5N1)	1432	3037
PB2|PP755596.1|A/cattle/Texas/24-008749-003/2024(H5N1)	1433	3035
PB2|PP755596.1|A/cattle/Texas/24-008749-003/2024(H5N1)	1434	3033
PB2|PP755596.1|A/cattle/Texas/24-008749-003/2024(H5N1)	1435	3027
PB2|PP755596.1|A/cattle/Texas/24-008749-003/2024(H5N1)	1436	3017
PB2|PP755596.1|A/cattle/Texas/24-008749-003/2024(H5N1)	1437	2951
PB2|PP755596.1|A/cattle/Texas/24-008749-003/2024(H5N1)	1438	2959
PB2|PP755596.1|A/cattle/Texas/24-008749-003/2024(H5N1)	1439	2815
PB2|PP755596.1|A/cattle/Texas/24-008749-003/2024(H5N1)	1440	2812
PB2|PP755596.1|A/cattle/Texas/24-008749-003/2024(H5N1)	1441	2807
PB2|PP755596.1|A/cattle/Texas/24-008749-003/2024(H5N1)	1442	2814
PB2|PP755596.1|A/cattle/Texas/24-008749-003/2024(H5N1)	1443	2834
PB2|PP755596.1|A/cattle/Texas/24-008749-003/2024(H5N1)	1444	2816
PB2|PP755596.1|A/cattle/Texas/24-008749-003/2024(H5N1)	1445	2797
PB2|PP755596.1|A/cattle/Texas/24-008749-003/2024(H5N1)	1446	2823
PB2|PP755596.1|A/cattle/Texas/24-008749-003/2024(H5N1)	1447	2848
PB2|PP755596.1|A/cattle/Texas/24-008749-003/2024(H5N1)	1448	2847
PB2|PP755596.1|A/cattle/Texas/24-008749-003/2024(H5N1)	1449	2831
PB2|PP755596.1|A/cattle/Texas/24-008749-003/2024(H5N1)	1450	2770
PB2|PP755596.1|A/cattle/Texas/24-008749-003/2024(H5N1)	1451	2828
PB2|PP755596.1|A/cattle/Texas/24-008749-003/2024(H5N1)	1452	2805
PB2|PP755596.1|A/cattle/Texas/24-008749-003/2024(H5N1)	1453	2787
PB2|PP755596.1|A/cattle/Texas/24-008749-003/2024(H5N1)	1454	2781
PB2|PP755596.1|A/cattle/Texas/24-008749-003/2024(H5N1)	1455	2761
PB2|PP755596.1|A/cattle/Texas/24-008749-003/2024(H5N1)	1456	2807
PB2|PP755596.1|A/cattle/Texas/24-008749-003/2024(H5N1)	1457	2813
PB2|PP755596.1|A/cattle/Texas/24-008749-003/2024(H5N1)	1458	2830
PB2|PP755596.1|A/cattle/Texas/24-008749-003/2024(H5N1)	1459	2867
PB2|PP755596.1|A/cattle/Texas/24-008749-003/2024(H5N1)	1460	2812
PB2|PP755596.1|A/cattle/Texas/24-008749-003/2024(H5N1)	1461	2843
PB2|PP755596.1|A/cattle/Texas/24-008749-003/2024(H5N1)	1462	2771
PB2|PP755596.1|A/cattle/Texas/24-008749-003/2024(H5N1)	1463	2776
PB2|PP755596.1|A/cattle/Texas/24-008749-003/2024(H5N1)	1464	3322
PB2|PP755596.1|A/cattle/Texas/24-008749-003/2024(H5N1)	1465	3297
PB2|PP755596.1|A/cattle/Texas/24-008749-003/2024(H5N1)	1466	3351
PB2|PP755596.1|A/cattle/Texas/24-008749-003/2024(H5N1)	1467	3349
PB2|PP755596.1|A/cattle/Texas/24-008749-003/2024(H5N1)	1468	3338
PB2|PP755596.1|A/cattle/Texas/24-008749-003/2024(H5N1)	1469	3449
PB2|PP755596.1|A/cattle/Texas/24-008749-003/2024(H5N1)	1470	3418
PB2|PP755596.1|A/cattle/Texas/24-008749-003/2024(H5N1)	1471	3412
PB2|PP755596.1|A/cattle/Texas/24-008749-003/2024(H5N1)	1472	3398
PB2|PP755596.1|A/cattle/Texas/24-008749-003/2024(H5N1)	1473	2898
PB2|PP755596.1|A/cattle/Texas/24-008749-003/2024(H5N1)	1474	2920
PB2|PP755596.1|A/cattle/Texas/24-008749-003/2024(H5N1)	1475	2913
PB2|PP755596.1|A/cattle/Texas/24-008749-003/2024(H5N1)	1476	2920
PB2|PP755596.1|A/cattle/Texas/24-008749-003/2024(H5N1)	1477	2948
PB2|PP755596.1|A/cattle/Texas/24-008749-003/2024(H5N1)	1478	2958
PB2|PP755596.1|A/cattle/Texas/24-008749-003/2024(H5N1)	1479	2969
PB2|PP755596.1|A/cattle/Texas/24-008749-003/2024(H5N1)	1480	2977
PB2|PP755596.1|A/cattle/Texas/24-008749-003/2024(H5N1)	1481	3072
PB2|PP755596.1|A/cattle/Texas/24-008749-003/2024(H5N1)	1482	3072
PB2|PP755596.1|A/cattle/Texas/24-008749-003/2024(H5N1)	1483	3094
PB2|PP755596.1|A/cattle/Texas/24-008749-003/2024(H5N1)	1484	3105
PB2|PP755596.1|A/cattle/Texas/24-008749-003/2024(H5N1)	1485	3118
PB2|PP755596.1|A/cattle/Texas/24-008749-003/2024(H5N1)	1486	3118
PB2|PP755596.1|A/cattle/Texas/24-008749-003/2024(H5N1)	1487	3090
PB2|PP755596.1|A/cattle/Texas/24-008749-003/2024(H5N1)	1488	3085
PB2|PP755596.1|A/cattle/Texas/24-008749-003/2024(H5N1)	1489	3082
PB2|PP755596.1|A/cattle/Texas/24-008749-003/2024(H5N1)	1490	3093
PB2|PP755596.1|A/cattle/Texas/24-008749-003/2024(H5N1)	1491	3166
PB2|PP755596.1|A/cattle/Texas/24-008749-003/2024(H5N1)	1492	3144
PB2|PP755596.1|A/cattle/Texas/24-008749-003/2024(H5N1)	1493	3139
PB2|PP755596.1|A/cattle/Texas/24-008749-003/2024(H5N1)	1494	3108
PB2|PP755596.1|A/cattle/Texas/24-008749-003/2024(H5N1)	1495	3108
PB2|PP755596.1|A/cattle/Texas/24-008749-003/2024(H5N1)	1496	3242
PB2|PP755596.1|A/cattle/Texas/24-008749-003/2024(H5N1)	1497	3234
PB2|PP755596.1|A/cattle/Texas/24-008749-003/2024(H5N1)	1498	3234
PB2|PP755596.1|A/cattle/Texas/24-008749-003/2024(H5N1)	1499	3229
PB2|PP755596.1|A/cattle/Texas/24-008749-003/2024(H5N1)	1500	3240
PB2|PP755596.1|A/cattle/Texas/24-008749-003/2024(H5N1)	1501	3330
PB2|PP755596.1|A/cattle/Texas/24-008749-003/2024(H5N1)	1502	3316
PB2|PP755596.1|A/cattle/Texas/24-008749-003/2024(H5N1)	1503	3336
PB2|PP755596.1|A/cattle/Texas/24-008749-003/2024(H5N1)	1504	3341
PB2|PP755596.1|A/cattle/Texas/24-008749-003/2024(H5N1)	1505	3341
PB2|PP755596.1|A/cattle/Texas/24-008749-003/2024(H5N1)	1506	3347
PB2|PP755596.1|A/cattle/Texas/24-008749-003/2024(H5N1)	1507	3331
PB2|PP755596.1|A/cattle/Texas/24-008749-003/2024(H5N1)	1508	3303
PB2|PP755596.1|A/cattle/Texas/24-008749-003/2024(H5N1)	1509	3296
PB2|PP755596.1|A/cattle/Texas/24-008749-003/2024(H5N1)	1510	3314
PB2|PP755596.1|A/cattle/Texas/24-008749-003/2024(H5N1)	1511	3324
PB2|PP755596.1|A/cattle/Texas/24-008749-003/2024(H5N1)	1512	3313
PB2|PP755596.1|A/cattle/Texas/24-008749-003/2024(H5N1)	1513	3313
PB2|PP755596.1|A/cattle/Texas/24-008749-003/2024(H5N1)	1514	3313
PB2|PP755596.1|A/cattle/Texas/24-008749-003/2024(H5N1)	1515	3317
PB2|PP755596.1|A/cattle/Texas/24-008749-003/2024(H5N1)	1516	3313
PB2|PP755596.1|A/cattle/Texas/24-008749-003/2024(H5N1)	1517	3318
PB2|PP755596.1|A/cattle/Texas/24-008749-003/2024(H5N1)	1518	3325
PB2|PP755596.1|A/cattle/Texas/24-008749-003/2024(H5N1)	1519	3299
PB2|PP755596.1|A/cattle/Texas/24-008749-003/2024(H5N1)	1520	3287
PB2|PP755596.1|A/cattle/Texas/24-008749-003/2024(H5N1)	1521	3292
PB2|PP755596.1|A/cattle/Texas/24-008749-003/2024(H5N1)	1522	3289
PB2|PP755596.1|A/cattle/Texas/24-008749-003/2024(H5N1)	1523	3294
PB2|PP755596.1|A/cattle/Texas/24-008749-003/2024(H5N1)	1524	3316
PB2|PP755596.1|A/cattle/Texas/24-008749-003/2024(H5N1)	1525	3309
PB2|PP755596.1|A/cattle/Texas/24-008749-003/2024(H5N1)	1526	3312
PB2|PP755596.1|A/cattle/Texas/24-008749-003/2024(H5N1)	1527	3346
PB2|PP755596.1|A/cattle/Texas/24-008749-003/2024(H5N1)	1528	3334
PB2|PP755596.1|A/cattle/Texas/24-008749-003/2024(H5N1)	1529	3463
PB2|PP755596.1|A/cattle/Texas/24-008749-003/2024(H5N1)	1530	3437
PB2|PP755596.1|A/cattle/Texas/24-008749-003/2024(H5N1)	1531	3589
PB2|PP755596.1|A/cattle/Texas/24-008749-003/2024(H5N1)	1532	3591
PB2|PP755596.1|A/cattle/Texas/24-008749-003/2024(H5N1)	1533	3569
PB2|PP755596.1|A/cattle/Texas/24-008749-003/2024(H5N1)	1534	3473
PB2|PP755596.1|A/cattle/Texas/24-008749-003/2024(H5N1)	1535	3464
PB2|PP755596.1|A/cattle/Texas/24-008749-003/2024(H5N1)	1536	3480
PB2|PP755596.1|A/cattle/Texas/24-008749-003/2024(H5N1)	1537	3459
PB2|PP755596.1|A/cattle/Texas/24-008749-003/2024(H5N1)	1538	3344
PB2|PP755596.1|A/cattle/Texas/24-008749-003/2024(H5N1)	1539	3344
PB2|PP755596.1|A/cattle/Texas/24-008749-003/2024(H5N1)	1540	3178
PB2|PP755596.1|A/cattle/Texas/24-008749-003/2024(H5N1)	1541	3186
PB2|PP755596.1|A/cattle/Texas/24-008749-003/2024(H5N1)	1542	3192
PB2|PP755596.1|A/cattle/Texas/24-008749-003/2024(H5N1)	1543	3180
PB2|PP755596.1|A/cattle/Texas/24-008749-003/2024(H5N1)	1544	3180
PB2|PP755596.1|A/cattle/Texas/24-008749-003/2024(H5N1)	1545	3162
PB2|PP755596.1|A/cattle/Texas/24-008749-003/2024(H5N1)	1546	3170
PB2|PP755596.1|A/cattle/Texas/24-008749-003/2024(H5N1)	1547	3167
PB2|PP755596.1|A/cattle/Texas/24-008749-003/2024(H5N1)	1548	3152
PB2|PP755596.1|A/cattle/Texas/24-008749-003/2024(H5N1)	1549	3153
PB2|PP755596.1|A/cattle/Texas/24-008749-003/2024(H5N1)	1550	3203
PB2|PP755596.1|A/cattle/Texas/24-008749-003/2024(H5N1)	1551	3205
PB2|PP755596.1|A/cattle/Texas/24-008749-003/2024(H5N1)	1552	3202
PB2|PP755596.1|A/cattle/Texas/24-008749-003/2024(H5N1)	1553	3237
PB2|PP755596.1|A/cattle/Texas/24-008749-003/2024(H5N1)	1554	3232
PB2|PP755596.1|A/cattle/Texas/24-008749-003/2024(H5N1)	1555	3227
PB2|PP755596.1|A/cattle/Texas/24-008749-003/2024(H5N1)	1556	3236
PB2|PP755596.1|A/cattle/Texas/24-008749-003/2024(H5N1)	1557	3253
PB2|PP755596.1|A/cattle/Texas/24-008749-003/2024(H5N1)	1558	3249
PB2|PP755596.1|A/cattle/Texas/24-008749-003/2024(H5N1)	1559	3264
PB2|PP755596.1|A/cattle/Texas/24-008749-003/2024(H5N1)	1560	3176
PB2|PP755596.1|A/cattle/Texas/24-008749-003/2024(H5N1)	1561	3273
PB2|PP755596.1|A/cattle/Texas/24-008749-003/2024(H5N1)	1562	3272
PB2|PP755596.1|A/cattle/Texas/24-008749-003/2024(H5N1)	1563	3279
PB2|PP755596.1|A/cattle/Texas/24-008749-003/2024(H5N1)	1564	3279
PB2|PP755596.1|A/cattle/Texas/24-008749-003/2024(H5N1)	1565	3271
PB2|PP755596.1|A/cattle/Texas/24-008749-003/2024(H5N1)	1566	3270
PB2|PP755596.1|A/cattle/Texas/24-008749-003/2024(H5N1)	1567	3264
PB2|PP755596.1|A/cattle/Texas/24-008749-003/2024(H5N1)	1568	3371
PB2|PP755596.1|A/cattle/Texas/24-008749-003/2024(H5N1)	1569	3404
PB2|PP755596.1|A/cattle/Texas/24-008749-003/2024(H5N1)	1570	3367
PB2|PP755596.1|A/cattle/Texas/24-008749-003/2024(H5N1)	1571	3351
PB2|PP755596.1|A/cattle/Texas/24-008749-003/2024(H5N1)	1572	3337
PB2|PP755596.1|A/cattle/Texas/24-008749-003/2024(H5N1)	1573	3346
PB2|PP755596.1|A/cattle/Texas/24-008749-003/2024(H5N1)	1574	3397
PB2|PP755596.1|A/cattle/Texas/24-008749-003/2024(H5N1)	1575	3413
PB2|PP755596.1|A/cattle/Texas/24-008749-003/2024(H5N1)	1576	3426
PB2|PP755596.1|A/cattle/Texas/24-008749-003/2024(H5N1)	1577	3379
PB2|PP755596.1|A/cattle/Texas/24-008749-003/2024(H5N1)	1578	3368
PB2|PP755596.1|A/cattle/Texas/24-008749-003/2024(H5N1)	1579	3367
PB2|PP755596.1|A/cattle/Texas/24-008749-003/2024(H5N1)	1580	3371
PB2|PP755596.1|A/cattle/Texas/24-008749-003/2024(H5N1)	1581	3197
PB2|PP755596.1|A/cattle/Texas/24-008749-003/2024(H5N1)	1582	3185
PB2|PP755596.1|A/cattle/Texas/24-008749-003/2024(H5N1)	1583	3185
PB2|PP755596.1|A/cattle/Texas/24-008749-003/2024(H5N1)	1584	3188
PB2|PP755596.1|A/cattle/Texas/24-008749-003/2024(H5N1)	1585	3200
PB2|PP755596.1|A/cattle/Texas/24-008749-003/2024(H5N1)	1586	3228
PB2|PP755596.1|A/cattle/Texas/24-008749-003/2024(H5N1)	1587	3261
PB2|PP755596.1|A/cattle/Texas/24-008749-003/2024(H5N1)	1588	3271
PB2|PP755596.1|A/cattle/Texas/24-008749-003/2024(H5N1)	1589	3264
PB2|PP755596.1|A/cattle/Texas/24-008749-003/2024(H5N1)	1590	3251
PB2|PP755596.1|A/cattle/Texas/24-008749-003/2024(H5N1)	1591	3279
PB2|PP755596.1|A/cattle/Texas/24-008749-003/2024(H5N1)	1592	3274
PB2|PP755596.1|A/cattle/Texas/24-008749-003/2024(H5N1)	1593	3276
PB2|PP755596.1|A/cattle/Texas/24-008749-003/2024(H5N1)	1594	3264
PB2|PP755596.1|A/cattle/Texas/24-008749-003/2024(H5N1)	1595	3325
PB2|PP755596.1|A/cattle/Texas/24-008749-003/2024(H5N1)	1596	3292
PB2|PP755596.1|A/cattle/Texas/24-008749-003/2024(H5N1)	1597	3280
PB2|PP755596.1|A/cattle/Texas/24-008749-003/2024(H5N1)	1598	3263
PB2|PP755596.1|A/cattle/Texas/24-008749-003/2024(H5N1)	1599	3263
PB2|PP755596.1|A/cattle/Texas/24-008749-003/2024(H5N1)	1600	3286
PB2|PP755596.1|A/cattle/Texas/24-008749-003/2024(H5N1)	1601	3223
PB2|PP755596.1|A/cattle/Texas/24-008749-003/2024(H5N1)	1602	3229
PB2|PP755596.1|A/cattle/Texas/24-008749-003/2024(H5N1)	1603	3255
PB2|PP755596.1|A/cattle/Texas/24-008749-003/2024(H5N1)	1604	3250
PB2|PP755596.1|A/cattle/Texas/24-008749-003/2024(H5N1)	1605	3261
PB2|PP755596.1|A/cattle/Texas/24-008749-003/2024(H5N1)	1606	3273
PB2|PP755596.1|A/cattle/Texas/24-008749-003/2024(H5N1)	1607	3226
PB2|PP755596.1|A/cattle/Texas/24-008749-003/2024(H5N1)	1608	3235
PB2|PP755596.1|A/cattle/Texas/24-008749-003/2024(H5N1)	1609	3223
PB2|PP755596.1|A/cattle/Texas/24-008749-003/2024(H5N1)	1610	3184
PB2|PP755596.1|A/cattle/Texas/24-008749-003/2024(H5N1)	1611	3339
PB2|PP755596.1|A/cattle/Texas/24-008749-003/2024(H5N1)	1612	3304
PB2|PP755596.1|A/cattle/Texas/24-008749-003/2024(H5N1)	1613	3292
PB2|PP755596.1|A/cattle/Texas/24-008749-003/2024(H5N1)	1614	3319
PB2|PP755596.1|A/cattle/Texas/24-008749-003/2024(H5N1)	1615	2802
PB2|PP755596.1|A/cattle/Texas/24-008749-003/2024(H5N1)	1616	2792
PB2|PP755596.1|A/cattle/Texas/24-008749-003/2024(H5N1)	1617	2774
PB2|PP755596.1|A/cattle/Texas/24-008749-003/2024(H5N1)	1618	2774
PB2|PP755596.1|A/cattle/Texas/24-008749-003/2024(H5N1)	1619	2787
PB2|PP755596.1|A/cattle/Texas/24-008749-003/2024(H5N1)	1620	2692
PB2|PP755596.1|A/cattle/Texas/24-008749-003/2024(H5N1)	1621	2697
PB2|PP755596.1|A/cattle/Texas/24-008749-003/2024(H5N1)	1622	2814
PB2|PP755596.1|A/cattle/Texas/24-008749-003/2024(H5N1)	1623	2772
PB2|PP755596.1|A/cattle/Texas/24-008749-003/2024(H5N1)	1624	2773
PB2|PP755596.1|A/cattle/Texas/24-008749-003/2024(H5N1)	1625	2762
PB2|PP755596.1|A/cattle/Texas/24-008749-003/2024(H5N1)	1626	3026
PB2|PP755596.1|A/cattle/Texas/24-008749-003/2024(H5N1)	1627	3059
PB2|PP755596.1|A/cattle/Texas/24-008749-003/2024(H5N1)	1628	3070
PB2|PP755596.1|A/cattle/Texas/24-008749-003/2024(H5N1)	1629	2992
PB2|PP755596.1|A/cattle/Texas/24-008749-003/2024(H5N1)	1630	3005
PB2|PP755596.1|A/cattle/Texas/24-008749-003/2024(H5N1)	1631	2934
PB2|PP755596.1|A/cattle/Texas/24-008749-003/2024(H5N1)	1632	2935
PB2|PP755596.1|A/cattle/Texas/24-008749-003/2024(H5N1)	1633	3072
PB2|PP755596.1|A/cattle/Texas/24-008749-003/2024(H5N1)	1634	3048
PB2|PP755596.1|A/cattle/Texas/24-008749-003/2024(H5N1)	1635	3039
PB2|PP755596.1|A/cattle/Texas/24-008749-003/2024(H5N1)	1636	2979
PB2|PP755596.1|A/cattle/Texas/24-008749-003/2024(H5N1)	1637	2960
PB2|PP755596.1|A/cattle/Texas/24-008749-003/2024(H5N1)	1638	3126
PB2|PP755596.1|A/cattle/Texas/24-008749-003/2024(H5N1)	1639	3154
PB2|PP755596.1|A/cattle/Texas/24-008749-003/2024(H5N1)	1640	3166
PB2|PP755596.1|A/cattle/Texas/24-008749-003/2024(H5N1)	1641	3165
PB2|PP755596.1|A/cattle/Texas/24-008749-003/2024(H5N1)	1642	3083
PB2|PP755596.1|A/cattle/Texas/24-008749-003/2024(H5N1)	1643	3246
PB2|PP755596.1|A/cattle/Texas/24-008749-003/2024(H5N1)	1644	3243
PB2|PP755596.1|A/cattle/Texas/24-008749-003/2024(H5N1)	1645	3269
PB2|PP755596.1|A/cattle/Texas/24-008749-003/2024(H5N1)	1646	3274
PB2|PP755596.1|A/cattle/Texas/24-008749-003/2024(H5N1)	1647	3135
PB2|PP755596.1|A/cattle/Texas/24-008749-003/2024(H5N1)	1648	3151
PB2|PP755596.1|A/cattle/Texas/24-008749-003/2024(H5N1)	1649	3152
PB2|PP755596.1|A/cattle/Texas/24-008749-003/2024(H5N1)	1650	3153
PB2|PP755596.1|A/cattle/Texas/24-008749-003/2024(H5N1)	1651	3127
PB2|PP755596.1|A/cattle/Texas/24-008749-003/2024(H5N1)	1652	3016
PB2|PP755596.1|A/cattle/Texas/24-008749-003/2024(H5N1)	1653	3023
PB2|PP755596.1|A/cattle/Texas/24-008749-003/2024(H5N1)	1654	3072
PB2|PP755596.1|A/cattle/Texas/24-008749-003/2024(H5N1)	1655	3068
PB2|PP755596.1|A/cattle/Texas/24-008749-003/2024(H5N1)	1656	3080
PB2|PP755596.1|A/cattle/Texas/24-008749-003/2024(H5N1)	1657	3072
PB2|PP755596.1|A/cattle/Texas/24-008749-003/2024(H5N1)	1658	3072
PB2|PP755596.1|A/cattle/Texas/24-008749-003/2024(H5N1)	1659	3063
PB2|PP755596.1|A/cattle/Texas/24-008749-003/2024(H5N1)	1660	3086
PB2|PP755596.1|A/cattle/Texas/24-008749-003/2024(H5N1)	1661	3058
PB2|PP755596.1|A/cattle/Texas/24-008749-003/2024(H5N1)	1662	3048
PB2|PP755596.1|A/cattle/Texas/24-008749-003/2024(H5N1)	1663	3035
PB2|PP755596.1|A/cattle/Texas/24-008749-003/2024(H5N1)	1664	3034
PB2|PP755596.1|A/cattle/Texas/24-008749-003/2024(H5N1)	1665	3034
PB2|PP755596.1|A/cattle/Texas/24-008749-003/2024(H5N1)	1666	3073
PB2|PP755596.1|A/cattle/Texas/24-008749-003/2024(H5N1)	1667	3071
PB2|PP755596.1|A/cattle/Texas/24-008749-003/2024(H5N1)	1668	3066
PB2|PP755596.1|A/cattle/Texas/24-008749-003/2024(H5N1)	1669	3049
PB2|PP755596.1|A/cattle/Texas/24-008749-003/2024(H5N1)	1670	3050
PB2|PP755596.1|A/cattle/Texas/24-008749-003/2024(H5N1)	1671	3053
PB2|PP755596.1|A/cattle/Texas/24-008749-003/2024(H5N1)	1672	3049
PB2|PP755596.1|A/cattle/Texas/24-008749-003/2024(H5N1)	1673	3105
PB2|PP755596.1|A/cattle/Texas/24-008749-003/2024(H5N1)	1674	3121
PB2|PP755596.1|A/cattle/Texas/24-008749-003/2024(H5N1)	1675	3100
PB2|PP755596.1|A/cattle/Texas/24-008749-003/2024(H5N1)	1676	3100
PB2|PP755596.1|A/cattle/Texas/24-008749-003/2024(H5N1)	1677	3060
PB2|PP755596.1|A/cattle/Texas/24-008749-003/2024(H5N1)	1678	3061
PB2|PP755596.1|A/cattle/Texas/24-008749-003/2024(H5N1)	1679	3091
PB2|PP755596.1|A/cattle/Texas/24-008749-003/2024(H5N1)	1680	2968
PB2|PP755596.1|A/cattle/Texas/24-008749-003/2024(H5N1)	1681	2973
PB2|PP755596.1|A/cattle/Texas/24-008749-003/2024(H5N1)	1682	2837
PB2|PP755596.1|A/cattle/Texas/24-008749-003/2024(H5N1)	1683	2845
PB2|PP755596.1|A/cattle/Texas/24-008749-003/2024(H5N1)	1684	2854
PB2|PP755596.1|A/cattle/Texas/24-008749-003/2024(H5N1)	1685	2972
PB2|PP755596.1|A/cattle/Texas/24-008749-003/2024(H5N1)	1686	2972
PB2|PP755596.1|A/cattle/Texas/24-008749-003/2024(H5N1)	1687	2955
PB2|PP755596.1|A/cattle/Texas/24-008749-003/2024(H5N1)	1688	2949
PB2|PP755596.1|A/cattle/Texas/24-008749-003/2024(H5N1)	1689	2951
PB2|PP755596.1|A/cattle/Texas/24-008749-003/2024(H5N1)	1690	2965
PB2|PP755596.1|A/cattle/Texas/24-008749-003/2024(H5N1)	1691	3011
PB2|PP755596.1|A/cattle/Texas/24-008749-003/2024(H5N1)	1692	3012
PB2|PP755596.1|A/cattle/Texas/24-008749-003/2024(H5N1)	1693	3042
PB2|PP755596.1|A/cattle/Texas/24-008749-003/2024(H5N1)	1694	3043
PB2|PP755596.1|A/cattle/Texas/24-008749-003/2024(H5N1)	1695	3099
PB2|PP755596.1|A/cattle/Texas/24-008749-003/2024(H5N1)	1696	3102
PB2|PP755596.1|A/cattle/Texas/24-008749-003/2024(H5N1)	1697	3102
PB2|PP755596.1|A/cattle/Texas/24-008749-003/2024(H5N1)	1698	3110
PB2|PP755596.1|A/cattle/Texas/24-008749-003/2024(H5N1)	1699	3110
PB2|PP755596.1|A/cattle/Texas/24-008749-003/2024(H5N1)	1700	3068
PB2|PP755596.1|A/cattle/Texas/24-008749-003/2024(H5N1)	1701	3065
PB2|PP755596.1|A/cattle/Texas/24-008749-003/2024(H5N1)	1702	3112
PB2|PP755596.1|A/cattle/Texas/24-008749-003/2024(H5N1)	1703	3141
PB2|PP755596.1|A/cattle/Texas/24-008749-003/2024(H5N1)	1704	3134
PB2|PP755596.1|A/cattle/Texas/24-008749-003/2024(H5N1)	1705	3124
PB2|PP755596.1|A/cattle/Texas/24-008749-003/2024(H5N1)	1706	3114
PB2|PP755596.1|A/cattle/Texas/24-008749-003/2024(H5N1)	1707	3099
PB2|PP755596.1|A/cattle/Texas/24-008749-003/2024(H5N1)	1708	3156
PB2|PP755596.1|A/cattle/Texas/24-008749-003/2024(H5N1)	1709	3140
PB2|PP755596.1|A/cattle/Texas/24-008749-003/2024(H5N1)	1710	3159
PB2|PP755596.1|A/cattle/Texas/24-008749-003/2024(H5N1)	1711	3185
PB2|PP755596.1|A/cattle/Texas/24-008749-003/2024(H5N1)	1712	3105
PB2|PP755596.1|A/cattle/Texas/24-008749-003/2024(H5N1)	1713	3126
PB2|PP755596.1|A/cattle/Texas/24-008749-003/2024(H5N1)	1714	3117
PB2|PP755596.1|A/cattle/Texas/24-008749-003/2024(H5N1)	1715	3124
PB2|PP755596.1|A/cattle/Texas/24-008749-003/2024(H5N1)	1716	3126
PB2|PP755596.1|A/cattle/Texas/24-008749-003/2024(H5N1)	1717	3059
PB2|PP755596.1|A/cattle/Texas/24-008749-003/2024(H5N1)	1718	3088
PB2|PP755596.1|A/cattle/Texas/24-008749-003/2024(H5N1)	1719	3015
PB2|PP755596.1|A/cattle/Texas/24-008749-003/2024(H5N1)	1720	3011
PB2|PP755596.1|A/cattle/Texas/24-008749-003/2024(H5N1)	1721	3005
PB2|PP755596.1|A/cattle/Texas/24-008749-003/2024(H5N1)	1722	2976
PB2|PP755596.1|A/cattle/Texas/24-008749-003/2024(H5N1)	1723	2969
PB2|PP755596.1|A/cattle/Texas/24-008749-003/2024(H5N1)	1724	2959
PB2|PP755596.1|A/cattle/Texas/24-008749-003/2024(H5N1)	1725	2956
PB2|PP755596.1|A/cattle/Texas/24-008749-003/2024(H5N1)	1726	2952
PB2|PP755596.1|A/cattle/Texas/24-008749-003/2024(H5N1)	1727	2939
PB2|PP755596.1|A/cattle/Texas/24-008749-003/2024(H5N1)	1728	2974
PB2|PP755596.1|A/cattle/Texas/24-008749-003/2024(H5N1)	1729	2971
PB2|PP755596.1|A/cattle/Texas/24-008749-003/2024(H5N1)	1730	2969
PB2|PP755596.1|A/cattle/Texas/24-008749-003/2024(H5N1)	1731	2953
PB2|PP755596.1|A/cattle/Texas/24-008749-003/2024(H5N1)	1732	2952
PB2|PP755596.1|A/cattle/Texas/24-008749-003/2024(H5N1)	1733	2976
PB2|PP755596.1|A/cattle/Texas/24-008749-003/2024(H5N1)	1734	2973
PB2|PP755596.1|A/cattle/Texas/24-008749-003/2024(H5N1)	1735	2972
PB2|PP755596.1|A/cattle/Texas/24-008749-003/2024(H5N1)	1736	2958
PB2|PP755596.1|A/cattle/Texas/24-008749-003/2024(H5N1)	1737	3041
PB2|PP755596.1|A/cattle/Texas/24-008749-003/2024(H5N1)	1738	3017
PB2|PP755596.1|A/cattle/Texas/24-008749-003/2024(H5N1)	1739	3020
PB2|PP755596.1|A/cattle/Texas/24-008749-003/2024(H5N1)	1740	3010
PB2|PP755596.1|A/cattle/Texas/24-008749-003/2024(H5N1)	1741	3008
PB2|PP755596.1|A/cattle/Texas/24-008749-003/2024(H5N1)	1742	2985
PB2|PP755596.1|A/cattle/Texas/24-008749-003/2024(H5N1)	1743	2988
PB2|PP755596.1|A/cattle/Texas/24-008749-003/2024(H5N1)	1744	3036
PB2|PP755596.1|A/cattle/Texas/24-008749-003/2024(H5N1)	1745	3051
PB2|PP755596.1|A/cattle/Texas/24-008749-003/2024(H5N1)	1746	2984
PB2|PP755596.1|A/cattle/Texas/24-008749-003/2024(H5N1)	1747	2978
PB2|PP755596.1|A/cattle/Texas/24-008749-003/2024(H5N1)	1748	2969
PB2|PP755596.1|A/cattle/Texas/24-008749-003/2024(H5N1)	1749	2980
PB2|PP755596.1|A/cattle/Texas/24-008749-003/2024(H5N1)	1750	3028
PB2|PP755596.1|A/cattle/Texas/24-008749-003/2024(H5N1)	1751	3031
PB2|PP755596.1|A/cattle/Texas/24-008749-003/2024(H5N1)	1752	3195
PB2|PP755596.1|A/cattle/Texas/24-008749-003/2024(H5N1)	1753	3190
PB2|PP755596.1|A/cattle/Texas/24-008749-003/2024(H5N1)	1754	3144
PB2|PP755596.1|A/cattle/Texas/24-008749-003/2024(H5N1)	1755	3141
PB2|PP755596.1|A/cattle/Texas/24-008749-003/2024(H5N1)	1756	3146
PB2|PP755596.1|A/cattle/Texas/24-008749-003/2024(H5N1)	1757	3139
PB2|PP755596.1|A/cattle/Texas/24-008749-003/2024(H5N1)	1758	3134
PB2|PP755596.1|A/cattle/Texas/24-008749-003/2024(H5N1)	1759	3124
PB2|PP755596.1|A/cattle/Texas/24-008749-003/2024(H5N1)	1760	3111
PB2|PP755596.1|A/cattle/Texas/24-008749-003/2024(H5N1)	1761	2967
PB2|PP755596.1|A/cattle/Texas/24-008749-003/2024(H5N1)	1762	2981
PB2|PP755596.1|A/cattle/Texas/24-008749-003/2024(H5N1)	1763	3029
PB2|PP755596.1|A/cattle/Texas/24-008749-003/2024(H5N1)	1764	2999
PB2|PP755596.1|A/cattle/Texas/24-008749-003/2024(H5N1)	1765	2995
PB2|PP755596.1|A/cattle/Texas/24-008749-003/2024(H5N1)	1766	3006
PB2|PP755596.1|A/cattle/Texas/24-008749-003/2024(H5N1)	1767	3015
PB2|PP755596.1|A/cattle/Texas/24-008749-003/2024(H5N1)	1768	3254
PB2|PP755596.1|A/cattle/Texas/24-008749-003/2024(H5N1)	1769	3276
PB2|PP755596.1|A/cattle/Texas/24-008749-003/2024(H5N1)	1770	3289
PB2|PP755596.1|A/cattle/Texas/24-008749-003/2024(H5N1)	1771	3292
PB2|PP755596.1|A/cattle/Texas/24-008749-003/2024(H5N1)	1772	3318
PB2|PP755596.1|A/cattle/Texas/24-008749-003/2024(H5N1)	1773	3296
PB2|PP755596.1|A/cattle/Texas/24-008749-003/2024(H5N1)	1774	3301
PB2|PP755596.1|A/cattle/Texas/24-008749-003/2024(H5N1)	1775	3286
PB2|PP755596.1|A/cattle/Texas/24-008749-003/2024(H5N1)	1776	3291
PB2|PP755596.1|A/cattle/Texas/24-008749-003/2024(H5N1)	1777	2927
PB2|PP755596.1|A/cattle/Texas/24-008749-003/2024(H5N1)	1778	2909
PB2|PP755596.1|A/cattle/Texas/24-008749-003/2024(H5N1)	1779	2895
PB2|PP755596.1|A/cattle/Texas/24-008749-003/2024(H5N1)	1780	2905
PB2|PP755596.1|A/cattle/Texas/24-008749-003/2024(H5N1)	1781	2904
PB2|PP755596.1|A/cattle/Texas/24-008749-003/2024(H5N1)	1782	2890
PB2|PP755596.1|A/cattle/Texas/24-008749-003/2024(H5N1)	1783	2920
PB2|PP755596.1|A/cattle/Texas/24-008749-003/2024(H5N1)	1784	2865
PB2|PP755596.1|A/cattle/Texas/24-008749-003/2024(H5N1)	1785	2884
PB2|PP755596.1|A/cattle/Texas/24-008749-003/2024(H5N1)	1786	2884
PB2|PP755596.1|A/cattle/Texas/24-008749-003/2024(H5N1)	1787	2888
PB2|PP755596.1|A/cattle/Texas/24-008749-003/2024(H5N1)	1788	2889
PB2|PP755596.1|A/cattle/Texas/24-008749-003/2024(H5N1)	1789	2741
PB2|PP755596.1|A/cattle/Texas/24-008749-003/2024(H5N1)	1790	2749
PB2|PP755596.1|A/cattle/Texas/24-008749-003/2024(H5N1)	1791	2746
PB2|PP755596.1|A/cattle/Texas/24-008749-003/2024(H5N1)	1792	2775
PB2|PP755596.1|A/cattle/Texas/24-008749-003/2024(H5N1)	1793	2666
PB2|PP755596.1|A/cattle/Texas/24-008749-003/2024(H5N1)	1794	2645
PB2|PP755596.1|A/cattle/Texas/24-008749-003/2024(H5N1)	1795	2664
PB2|PP755596.1|A/cattle/Texas/24-008749-003/2024(H5N1)	1796	2664
PB2|PP755596.1|A/cattle/Texas/24-008749-003/2024(H5N1)	1797	2696
PB2|PP755596.1|A/cattle/Texas/24-008749-003/2024(H5N1)	1798	2696
PB2|PP755596.1|A/cattle/Texas/24-008749-003/2024(H5N1)	1799	2699
PB2|PP755596.1|A/cattle/Texas/24-008749-003/2024(H5N1)	1800	2699
PB2|PP755596.1|A/cattle/Texas/24-008749-003/2024(H5N1)	1801	2699
PB2|PP755596.1|A/cattle/Texas/24-008749-003/2024(H5N1)	1802	2658
PB2|PP755596.1|A/cattle/Texas/24-008749-003/2024(H5N1)	1803	2658
PB2|PP755596.1|A/cattle/Texas/24-008749-003/2024(H5N1)	1804	2645
PB2|PP755596.1|A/cattle/Texas/24-008749-003/2024(H5N1)	1805	2630
PB2|PP755596.1|A/cattle/Texas/24-008749-003/2024(H5N1)	1806	2628
PB2|PP755596.1|A/cattle/Texas/24-008749-003/2024(H5N1)	1807	2625
PB2|PP755596.1|A/cattle/Texas/24-008749-003/2024(H5N1)	1808	2663
PB2|PP755596.1|A/cattle/Texas/24-008749-003/2024(H5N1)	1809	2663
PB2|PP755596.1|A/cattle/Texas/24-008749-003/2024(H5N1)	1810	2646
PB2|PP755596.1|A/cattle/Texas/24-008749-003/2024(H5N1)	1811	2654
PB2|PP755596.1|A/cattle/Texas/24-008749-003/2024(H5N1)	1812	2668
PB2|PP755596.1|A/cattle/Texas/24-008749-003/2024(H5N1)	1813	2668
PB2|PP755596.1|A/cattle/Texas/24-008749-003/2024(H5N1)	1814	2732
PB2|PP755596.1|A/cattle/Texas/24-008749-003/2024(H5N1)	1815	2739
PB2|PP755596.1|A/cattle/Texas/24-008749-003/2024(H5N1)	1816	2760
PB2|PP755596.1|A/cattle/Texas/24-008749-003/2024(H5N1)	1817	2727
PB2|PP755596.1|A/cattle/Texas/24-008749-003/2024(H5N1)	1818	2772
PB2|PP755596.1|A/cattle/Texas/24-008749-003/2024(H5N1)	1819	2759
PB2|PP755596.1|A/cattle/Texas/24-008749-003/2024(H5N1)	1820	2752
PB2|PP755596.1|A/cattle/Texas/24-008749-003/2024(H5N1)	1821	2772
PB2|PP755596.1|A/cattle/Texas/24-008749-003/2024(H5N1)	1822	2772
PB2|PP755596.1|A/cattle/Texas/24-008749-003/2024(H5N1)	1823	2783
PB2|PP755596.1|A/cattle/Texas/24-008749-003/2024(H5N1)	1824	2745
PB2|PP755596.1|A/cattle/Texas/24-008749-003/2024(H5N1)	1825	2743
PB2|PP755596.1|A/cattle/Texas/24-008749-003/2024(H5N1)	1826	2765
PB2|PP755596.1|A/cattle/Texas/24-008749-003/2024(H5N1)	1827	2885
PB2|PP755596.1|A/cattle/Texas/24-008749-003/2024(H5N1)	1828	2892
PB2|PP755596.1|A/cattle/Texas/24-008749-003/2024(H5N1)	1829	2889
PB2|PP755596.1|A/cattle/Texas/24-008749-003/2024(H5N1)	1830	2889
PB2|PP755596.1|A/cattle/Texas/24-008749-003/2024(H5N1)	1831	2889
PB2|PP755596.1|A/cattle/Texas/24-008749-003/2024(H5N1)	1832	2944
PB2|PP755596.1|A/cattle/Texas/24-008749-003/2024(H5N1)	1833	2944
PB2|PP755596.1|A/cattle/Texas/24-008749-003/2024(H5N1)	1834	2934
PB2|PP755596.1|A/cattle/Texas/24-008749-003/2024(H5N1)	1835	2940
PB2|PP755596.1|A/cattle/Texas/24-008749-003/2024(H5N1)	1836	2807
PB2|PP755596.1|A/cattle/Texas/24-008749-003/2024(H5N1)	1837	2906
PB2|PP755596.1|A/cattle/Texas/24-008749-003/2024(H5N1)	1838	2911
PB2|PP755596.1|A/cattle/Texas/24-008749-003/2024(H5N1)	1839	2931
PB2|PP755596.1|A/cattle/Texas/24-008749-003/2024(H5N1)	1840	2929
PB2|PP755596.1|A/cattle/Texas/24-008749-003/2024(H5N1)	1841	2912
PB2|PP755596.1|A/cattle/Texas/24-008749-003/2024(H5N1)	1842	2874
PB2|PP755596.1|A/cattle/Texas/24-008749-003/2024(H5N1)	1843	2904
PB2|PP755596.1|A/cattle/Texas/24-008749-003/2024(H5N1)	1844	2885
PB2|PP755596.1|A/cattle/Texas/24-008749-003/2024(H5N1)	1845	2878
PB2|PP755596.1|A/cattle/Texas/24-008749-003/2024(H5N1)	1846	2821
PB2|PP755596.1|A/cattle/Texas/24-008749-003/2024(H5N1)	1847	2819
PB2|PP755596.1|A/cattle/Texas/24-008749-003/2024(H5N1)	1848	2819
PB2|PP755596.1|A/cattle/Texas/24-008749-003/2024(H5N1)	1849	2851
PB2|PP755596.1|A/cattle/Texas/24-008749-003/2024(H5N1)	1850	2866
PB2|PP755596.1|A/cattle/Texas/24-008749-003/2024(H5N1)	1851	2855
PB2|PP755596.1|A/cattle/Texas/24-008749-003/2024(H5N1)	1852	2833
PB2|PP755596.1|A/cattle/Texas/24-008749-003/2024(H5N1)	1853	2737
PB2|PP755596.1|A/cattle/Texas/24-008749-003/2024(H5N1)	1854	2737
PB2|PP755596.1|A/cattle/Texas/24-008749-003/2024(H5N1)	1855	2740
PB2|PP755596.1|A/cattle/Texas/24-008749-003/2024(H5N1)	1856	2737
PB2|PP755596.1|A/cattle/Texas/24-008749-003/2024(H5N1)	1857	2834
PB2|PP755596.1|A/cattle/Texas/24-008749-003/2024(H5N1)	1858	2781
PB2|PP755596.1|A/cattle/Texas/24-008749-003/2024(H5N1)	1859	2836
PB2|PP755596.1|A/cattle/Texas/24-008749-003/2024(H5N1)	1860	2819
PB2|PP755596.1|A/cattle/Texas/24-008749-003/2024(H5N1)	1861	2778
PB2|PP755596.1|A/cattle/Texas/24-008749-003/2024(H5N1)	1862	2784
PB2|PP755596.1|A/cattle/Texas/24-008749-003/2024(H5N1)	1863	2782
PB2|PP755596.1|A/cattle/Texas/24-008749-003/2024(H5N1)	1864	2759
PB2|PP755596.1|A/cattle/Texas/24-008749-003/2024(H5N1)	1865	2781
PB2|PP755596.1|A/cattle/Texas/24-008749-003/2024(H5N1)	1866	2761
PB2|PP755596.1|A/cattle/Texas/24-008749-003/2024(H5N1)	1867	2762
PB2|PP755596.1|A/cattle/Texas/24-008749-003/2024(H5N1)	1868	2753
PB2|PP755596.1|A/cattle/Texas/24-008749-003/2024(H5N1)	1869	2739
PB2|PP755596.1|A/cattle/Texas/24-008749-003/2024(H5N1)	1870	2749
PB2|PP755596.1|A/cattle/Texas/24-008749-003/2024(H5N1)	1871	2773
PB2|PP755596.1|A/cattle/Texas/24-008749-003/2024(H5N1)	1872	2760
PB2|PP755596.1|A/cattle/Texas/24-008749-003/2024(H5N1)	1873	2787
PB2|PP755596.1|A/cattle/Texas/24-008749-003/2024(H5N1)	1874	2794
PB2|PP755596.1|A/cattle/Texas/24-008749-003/2024(H5N1)	1875	2798
PB2|PP755596.1|A/cattle/Texas/24-008749-003/2024(H5N1)	1876	2789
PB2|PP755596.1|A/cattle/Texas/24-008749-003/2024(H5N1)	1877	2786
PB2|PP755596.1|A/cattle/Texas/24-008749-003/2024(H5N1)	1878	2785
PB2|PP755596.1|A/cattle/Texas/24-008749-003/2024(H5N1)	1879	2829
PB2|PP755596.1|A/cattle/Texas/24-008749-003/2024(H5N1)	1880	2827
PB2|PP755596.1|A/cattle/Texas/24-008749-003/2024(H5N1)	1881	2844
PB2|PP755596.1|A/cattle/Texas/24-008749-003/2024(H5N1)	1882	2845
PB2|PP755596.1|A/cattle/Texas/24-008749-003/2024(H5N1)	1883	2880
PB2|PP755596.1|A/cattle/Texas/24-008749-003/2024(H5N1)	1884	2887
PB2|PP755596.1|A/cattle/Texas/24-008749-003/2024(H5N1)	1885	2882
PB2|PP755596.1|A/cattle/Texas/24-008749-003/2024(H5N1)	1886	2892
PB2|PP755596.1|A/cattle/Texas/24-008749-003/2024(H5N1)	1887	2930
PB2|PP755596.1|A/cattle/Texas/24-008749-003/2024(H5N1)	1888	2805
PB2|PP755596.1|A/cattle/Texas/24-008749-003/2024(H5N1)	1889	2795
PB2|PP755596.1|A/cattle/Texas/24-008749-003/2024(H5N1)	1890	2797
PB2|PP755596.1|A/cattle/Texas/24-008749-003/2024(H5N1)	1891	2858
PB2|PP755596.1|A/cattle/Texas/24-008749-003/2024(H5N1)	1892	2810
PB2|PP755596.1|A/cattle/Texas/24-008749-003/2024(H5N1)	1893	2812
PB2|PP755596.1|A/cattle/Texas/24-008749-003/2024(H5N1)	1894	2818
PB2|PP755596.1|A/cattle/Texas/24-008749-003/2024(H5N1)	1895	2817
PB2|PP755596.1|A/cattle/Texas/24-008749-003/2024(H5N1)	1896	2846
PB2|PP755596.1|A/cattle/Texas/24-008749-003/2024(H5N1)	1897	2845
PB2|PP755596.1|A/cattle/Texas/24-008749-003/2024(H5N1)	1898	2852
PB2|PP755596.1|A/cattle/Texas/24-008749-003/2024(H5N1)	1899	2843
PB2|PP755596.1|A/cattle/Texas/24-008749-003/2024(H5N1)	1900	2790
PB2|PP755596.1|A/cattle/Texas/24-008749-003/2024(H5N1)	1901	2821
PB2|PP755596.1|A/cattle/Texas/24-008749-003/2024(H5N1)	1902	2685
PB2|PP755596.1|A/cattle/Texas/24-008749-003/2024(H5N1)	1903	2626
PB2|PP755596.1|A/cattle/Texas/24-008749-003/2024(H5N1)	1904	2662
PB2|PP755596.1|A/cattle/Texas/24-008749-003/2024(H5N1)	1905	2658
PB2|PP755596.1|A/cattle/Texas/24-008749-003/2024(H5N1)	1906	2694
PB2|PP755596.1|A/cattle/Texas/24-008749-003/2024(H5N1)	1907	2683
PB2|PP755596.1|A/cattle/Texas/24-008749-003/2024(H5N1)	1908	2705
PB2|PP755596.1|A/cattle/Texas/24-008749-003/2024(H5N1)	1909	2746
PB2|PP755596.1|A/cattle/Texas/24-008749-003/2024(H5N1)	1910	2729
PB2|PP755596.1|A/cattle/Texas/24-008749-003/2024(H5N1)	1911	2762
PB2|PP755596.1|A/cattle/Texas/24-008749-003/2024(H5N1)	1912	2788
PB2|PP755596.1|A/cattle/Texas/24-008749-003/2024(H5N1)	1913	2768
PB2|PP755596.1|A/cattle/Texas/24-008749-003/2024(H5N1)	1914	2788
PB2|PP755596.1|A/cattle/Texas/24-008749-003/2024(H5N1)	1915	2790
PB2|PP755596.1|A/cattle/Texas/24-008749-003/2024(H5N1)	1916	2791
PB2|PP755596.1|A/cattle/Texas/24-008749-003/2024(H5N1)	1917	2778
PB2|PP755596.1|A/cattle/Texas/24-008749-003/2024(H5N1)	1918	2778
PB2|PP755596.1|A/cattle/Texas/24-008749-003/2024(H5N1)	1919	2550
PB2|PP755596.1|A/cattle/Texas/24-008749-003/2024(H5N1)	1920	2545
PB2|PP755596.1|A/cattle/Texas/24-008749-003/2024(H5N1)	1921	2503
PB2|PP755596.1|A/cattle/Texas/24-008749-003/2024(H5N1)	1922	2484
PB2|PP755596.1|A/cattle/Texas/24-008749-003/2024(H5N1)	1923	2465
PB2|PP755596.1|A/cattle/Texas/24-008749-003/2024(H5N1)	1924	2402
PB2|PP755596.1|A/cattle/Texas/24-008749-003/2024(H5N1)	1925	2487
PB2|PP755596.1|A/cattle/Texas/24-008749-003/2024(H5N1)	1926	2528
PB2|PP755596.1|A/cattle/Texas/24-008749-003/2024(H5N1)	1927	2529
PB2|PP755596.1|A/cattle/Texas/24-008749-003/2024(H5N1)	1928	2526
PB2|PP755596.1|A/cattle/Texas/24-008749-003/2024(H5N1)	1929	2517
PB2|PP755596.1|A/cattle/Texas/24-008749-003/2024(H5N1)	1930	2551
PB2|PP755596.1|A/cattle/Texas/24-008749-003/2024(H5N1)	1931	2541
PB2|PP755596.1|A/cattle/Texas/24-008749-003/2024(H5N1)	1932	2540
PB2|PP755596.1|A/cattle/Texas/24-008749-003/2024(H5N1)	1933	2513
PB2|PP755596.1|A/cattle/Texas/24-008749-003/2024(H5N1)	1934	2464
PB2|PP755596.1|A/cattle/Texas/24-008749-003/2024(H5N1)	1935	2466
PB2|PP755596.1|A/cattle/Texas/24-008749-003/2024(H5N1)	1936	2433
PB2|PP755596.1|A/cattle/Texas/24-008749-003/2024(H5N1)	1937	2448
PB2|PP755596.1|A/cattle/Texas/24-008749-003/2024(H5N1)	1938	2442
PB2|PP755596.1|A/cattle/Texas/24-008749-003/2024(H5N1)	1939	2422
PB2|PP755596.1|A/cattle/Texas/24-008749-003/2024(H5N1)	1940	2423
PB2|PP755596.1|A/cattle/Texas/24-008749-003/2024(H5N1)	1941	2430
PB2|PP755596.1|A/cattle/Texas/24-008749-003/2024(H5N1)	1942	2408
PB2|PP755596.1|A/cattle/Texas/24-008749-003/2024(H5N1)	1943	2372
PB2|PP755596.1|A/cattle/Texas/24-008749-003/2024(H5N1)	1944	2387
PB2|PP755596.1|A/cattle/Texas/24-008749-003/2024(H5N1)	1945	2389
PB2|PP755596.1|A/cattle/Texas/24-008749-003/2024(H5N1)	1946	2347
PB2|PP755596.1|A/cattle/Texas/24-008749-003/2024(H5N1)	1947	2346
PB2|PP755596.1|A/cattle/Texas/24-008749-003/2024(H5N1)	1948	2316
PB2|PP755596.1|A/cattle/Texas/24-008749-003/2024(H5N1)	1949	2321
PB2|PP755596.1|A/cattle/Texas/24-008749-003/2024(H5N1)	1950	2322
PB2|PP755596.1|A/cattle/Texas/24-008749-003/2024(H5N1)	1951	2322
PB2|PP755596.1|A/cattle/Texas/24-008749-003/2024(H5N1)	1952	2319
PB2|PP755596.1|A/cattle/Texas/24-008749-003/2024(H5N1)	1953	2319
PB2|PP755596.1|A/cattle/Texas/24-008749-003/2024(H5N1)	1954	2313
PB2|PP755596.1|A/cattle/Texas/24-008749-003/2024(H5N1)	1955	2369
PB2|PP755596.1|A/cattle/Texas/24-008749-003/2024(H5N1)	1956	2386
PB2|PP755596.1|A/cattle/Texas/24-008749-003/2024(H5N1)	1957	2384
PB2|PP755596.1|A/cattle/Texas/24-008749-003/2024(H5N1)	1958	2383
PB2|PP755596.1|A/cattle/Texas/24-008749-003/2024(H5N1)	1959	2382
PB2|PP755596.1|A/cattle/Texas/24-008749-003/2024(H5N1)	1960	2384
PB2|PP755596.1|A/cattle/Texas/24-008749-003/2024(H5N1)	1961	2383
PB2|PP755596.1|A/cattle/Texas/24-008749-003/2024(H5N1)	1962	2366
PB2|PP755596.1|A/cattle/Texas/24-008749-003/2024(H5N1)	1963	2386
PB2|PP755596.1|A/cattle/Texas/24-008749-003/2024(H5N1)	1964	2335
PB2|PP755596.1|A/cattle/Texas/24-008749-003/2024(H5N1)	1965	2350
PB2|PP755596.1|A/cattle/Texas/24-008749-003/2024(H5N1)	1966	2381
PB2|PP755596.1|A/cattle/Texas/24-008749-003/2024(H5N1)	1967	2378
PB2|PP755596.1|A/cattle/Texas/24-008749-003/2024(H5N1)	1968	2349
PB2|PP755596.1|A/cattle/Texas/24-008749-003/2024(H5N1)	1969	2352
PB2|PP755596.1|A/cattle/Texas/24-008749-003/2024(H5N1)	1970	2369
PB2|PP755596.1|A/cattle/Texas/24-008749-003/2024(H5N1)	1971	2370
PB2|PP755596.1|A/cattle/Texas/24-008749-003/2024(H5N1)	1972	2704
PB2|PP755596.1|A/cattle/Texas/24-008749-003/2024(H5N1)	1973	2707
PB2|PP755596.1|A/cattle/Texas/24-008749-003/2024(H5N1)	1974	2700
PB2|PP755596.1|A/cattle/Texas/24-008749-003/2024(H5N1)	1975	2707
PB2|PP755596.1|A/cattle/Texas/24-008749-003/2024(H5N1)	1976	2689
PB2|PP755596.1|A/cattle/Texas/24-008749-003/2024(H5N1)	1977	2599
PB2|PP755596.1|A/cattle/Texas/24-008749-003/2024(H5N1)	1978	2572
PB2|PP755596.1|A/cattle/Texas/24-008749-003/2024(H5N1)	1979	2563
PB2|PP755596.1|A/cattle/Texas/24-008749-003/2024(H5N1)	1980	2573
PB2|PP755596.1|A/cattle/Texas/24-008749-003/2024(H5N1)	1981	2596
PB2|PP755596.1|A/cattle/Texas/24-008749-003/2024(H5N1)	1982	2621
PB2|PP755596.1|A/cattle/Texas/24-008749-003/2024(H5N1)	1983	2582
PB2|PP755596.1|A/cattle/Texas/24-008749-003/2024(H5N1)	1984	2608
PB2|PP755596.1|A/cattle/Texas/24-008749-003/2024(H5N1)	1985	2613
PB2|PP755596.1|A/cattle/Texas/24-008749-003/2024(H5N1)	1986	2611
PB2|PP755596.1|A/cattle/Texas/24-008749-003/2024(H5N1)	1987	2742
PB2|PP755596.1|A/cattle/Texas/24-008749-003/2024(H5N1)	1988	2653
PB2|PP755596.1|A/cattle/Texas/24-008749-003/2024(H5N1)	1989	2655
PB2|PP755596.1|A/cattle/Texas/24-008749-003/2024(H5N1)	1990	2657
PB2|PP755596.1|A/cattle/Texas/24-008749-003/2024(H5N1)	1991	2700
PB2|PP755596.1|A/cattle/Texas/24-008749-003/2024(H5N1)	1992	2702
PB2|PP755596.1|A/cattle/Texas/24-008749-003/2024(H5N1)	1993	2683
PB2|PP755596.1|A/cattle/Texas/24-008749-003/2024(H5N1)	1994	2679
PB2|PP755596.1|A/cattle/Texas/24-008749-003/2024(H5N1)	1995	2679
PB2|PP755596.1|A/cattle/Texas/24-008749-003/2024(H5N1)	1996	2677
PB2|PP755596.1|A/cattle/Texas/24-008749-003/2024(H5N1)	1997	2683
PB2|PP755596.1|A/cattle/Texas/24-008749-003/2024(H5N1)	1998	2676
PB2|PP755596.1|A/cattle/Texas/24-008749-003/2024(H5N1)	1999	2774
PB2|PP755596.1|A/cattle/Texas/24-008749-003/2024(H5N1)	2000	2763
PB2|PP755596.1|A/cattle/Texas/24-008749-003/2024(H5N1)	2001	2781
PB2|PP755596.1|A/cattle/Texas/24-008749-003/2024(H5N1)	2002	2766
PB2|PP755596.1|A/cattle/Texas/24-008749-003/2024(H5N1)	2003	2765
PB2|PP755596.1|A/cattle/Texas/24-008749-003/2024(H5N1)	2004	2767
PB2|PP755596.1|A/cattle/Texas/24-008749-003/2024(H5N1)	2005	2767
PB2|PP755596.1|A/cattle/Texas/24-008749-003/2024(H5N1)	2006	2775
PB2|PP755596.1|A/cattle/Texas/24-008749-003/2024(H5N1)	2007	2789
PB2|PP755596.1|A/cattle/Texas/24-008749-003/2024(H5N1)	2008	2690
PB2|PP755596.1|A/cattle/Texas/24-008749-003/2024(H5N1)	2009	2690
PB2|PP755596.1|A/cattle/Texas/24-008749-003/2024(H5N1)	2010	2650
PB2|PP755596.1|A/cattle/Texas/24-008749-003/2024(H5N1)	2011	2640
PB2|PP755596.1|A/cattle/Texas/24-008749-003/2024(H5N1)	2012	2681
PB2|PP755596.1|A/cattle/Texas/24-008749-003/2024(H5N1)	2013	2683
PB2|PP755596.1|A/cattle/Texas/24-008749-003/2024(H5N1)	2014	2685
PB2|PP755596.1|A/cattle/Texas/24-008749-003/2024(H5N1)	2015	2677
PB2|PP755596.1|A/cattle/Texas/24-008749-003/2024(H5N1)	2016	2674
PB2|PP755596.1|A/cattle/Texas/24-008749-003/2024(H5N1)	2017	2680
PB2|PP755596.1|A/cattle/Texas/24-008749-003/2024(H5N1)	2018	2690
PB2|PP755596.1|A/cattle/Texas/24-008749-003/2024(H5N1)	2019	2688
PB2|PP755596.1|A/cattle/Texas/24-008749-003/2024(H5N1)	2020	2683
PB2|PP755596.1|A/cattle/Texas/24-008749-003/2024(H5N1)	2021	2707
PB2|PP755596.1|A/cattle/Texas/24-008749-003/2024(H5N1)	2022	2704
PB2|PP755596.1|A/cattle/Texas/24-008749-003/2024(H5N1)	2023	2709
PB2|PP755596.1|A/cattle/Texas/24-008749-003/2024(H5N1)	2024	2675
PB2|PP755596.1|A/cattle/Texas/24-008749-003/2024(H5N1)	2025	2671
PB2|PP755596.1|A/cattle/Texas/24-008749-003/2024(H5N1)	2026	2667
PB2|PP755596.1|A/cattle/Texas/24-008749-003/2024(H5N1)	2027	2674
PB2|PP755596.1|A/cattle/Texas/24-008749-003/2024(H5N1)	2028	2694
PB2|PP755596.1|A/cattle/Texas/24-008749-003/2024(H5N1)	2029	2686
PB2|PP755596.1|A/cattle/Texas/24-008749-003/2024(H5N1)	2030	2631
PB2|PP755596.1|A/cattle/Texas/24-008749-003/2024(H5N1)	2031	2633
PB2|PP755596.1|A/cattle/Texas/24-008749-003/2024(H5N1)	2032	2619
PB2|PP755596.1|A/cattle/Texas/24-008749-003/2024(H5N1)	2033	2646
PB2|PP755596.1|A/cattle/Texas/24-008749-003/2024(H5N1)	2034	2596
PB2|PP755596.1|A/cattle/Texas/24-008749-003/2024(H5N1)	2035	2581
PB2|PP755596.1|A/cattle/Texas/24-008749-003/2024(H5N1)	2036	2553
PB2|PP755596.1|A/cattle/Texas/24-008749-003/2024(H5N1)	2037	2533
PB2|PP755596.1|A/cattle/Texas/24-008749-003/2024(H5N1)	2038	2567
PB2|PP755596.1|A/cattle/Texas/24-008749-003/2024(H5N1)	2039	2599
PB2|PP755596.1|A/cattle/Texas/24-008749-003/2024(H5N1)	2040	2596
PB2|PP755596.1|A/cattle/Texas/24-008749-003/2024(H5N1)	2041	2585
PB2|PP755596.1|A/cattle/Texas/24-008749-003/2024(H5N1)	2042	2530
PB2|PP755596.1|A/cattle/Texas/24-008749-003/2024(H5N1)	2043	2536
PB2|PP755596.1|A/cattle/Texas/24-008749-003/2024(H5N1)	2044	2541
PB2|PP755596.1|A/cattle/Texas/24-008749-003/2024(H5N1)	2045	2556
PB2|PP755596.1|A/cattle/Texas/24-008749-003/2024(H5N1)	2046	2590
PB2|PP755596.1|A/cattle/Texas/24-008749-003/2024(H5N1)	2047	2549
PB2|PP755596.1|A/cattle/Texas/24-008749-003/2024(H5N1)	2048	2576
PB2|PP755596.1|A/cattle/Texas/24-008749-003/2024(H5N1)	2049	2573
PB2|PP755596.1|A/cattle/Texas/24-008749-003/2024(H5N1)	2050	2603
PB2|PP755596.1|A/cattle/Texas/24-008749-003/2024(H5N1)	2051	2639
PB2|PP755596.1|A/cattle/Texas/24-008749-003/2024(H5N1)	2052	2650
PB2|PP755596.1|A/cattle/Texas/24-008749-003/2024(H5N1)	2053	2675
PB2|PP755596.1|A/cattle/Texas/24-008749-003/2024(H5N1)	2054	2683
PB2|PP755596.1|A/cattle/Texas/24-008749-003/2024(H5N1)	2055	2664
PB2|PP755596.1|A/cattle/Texas/24-008749-003/2024(H5N1)	2056	2667
PB2|PP755596.1|A/cattle/Texas/24-008749-003/2024(H5N1)	2057	2629
PB2|PP755596.1|A/cattle/Texas/24-008749-003/2024(H5N1)	2058	2630
PB2|PP755596.1|A/cattle/Texas/24-008749-003/2024(H5N1)	2059	2602
PB2|PP755596.1|A/cattle/Texas/24-008749-003/2024(H5N1)	2060	2578
PB2|PP755596.1|A/cattle/Texas/24-008749-003/2024(H5N1)	2061	2558
PB2|PP755596.1|A/cattle/Texas/24-008749-003/2024(H5N1)	2062	2497
PB2|PP755596.1|A/cattle/Texas/24-008749-003/2024(H5N1)	2063	2459
PB2|PP755596.1|A/cattle/Texas/24-008749-003/2024(H5N1)	2064	2454
PB2|PP755596.1|A/cattle/Texas/24-008749-003/2024(H5N1)	2065	2451
PB2|PP755596.1|A/cattle/Texas/24-008749-003/2024(H5N1)	2066	2437
PB2|PP755596.1|A/cattle/Texas/24-008749-003/2024(H5N1)	2067	2429
PB2|PP755596.1|A/cattle/Texas/24-008749-003/2024(H5N1)	2068	2456
PB2|PP755596.1|A/cattle/Texas/24-008749-003/2024(H5N1)	2069	2452
PB2|PP755596.1|A/cattle/Texas/24-008749-003/2024(H5N1)	2070	2460
PB2|PP755596.1|A/cattle/Texas/24-008749-003/2024(H5N1)	2071	2459
PB2|PP755596.1|A/cattle/Texas/24-008749-003/2024(H5N1)	2072	2463
PB2|PP755596.1|A/cattle/Texas/24-008749-003/2024(H5N1)	2073	2469
PB2|PP755596.1|A/cattle/Texas/24-008749-003/2024(H5N1)	2074	2465
PB2|PP755596.1|A/cattle/Texas/24-008749-003/2024(H5N1)	2075	2463
PB2|PP755596.1|A/cattle/Texas/24-008749-003/2024(H5N1)	2076	2388
PB2|PP755596.1|A/cattle/Texas/24-008749-003/2024(H5N1)	2077	2352
PB2|PP755596.1|A/cattle/Texas/24-008749-003/2024(H5N1)	2078	2353
PB2|PP755596.1|A/cattle/Texas/24-008749-003/2024(H5N1)	2079	2379
PB2|PP755596.1|A/cattle/Texas/24-008749-003/2024(H5N1)	2080	2545
PB2|PP755596.1|A/cattle/Texas/24-008749-003/2024(H5N1)	2081	2517
PB2|PP755596.1|A/cattle/Texas/24-008749-003/2024(H5N1)	2082	2534
PB2|PP755596.1|A/cattle/Texas/24-008749-003/2024(H5N1)	2083	2499
PB2|PP755596.1|A/cattle/Texas/24-008749-003/2024(H5N1)	2084	2500
PB2|PP755596.1|A/cattle/Texas/24-008749-003/2024(H5N1)	2085	2498
PB2|PP755596.1|A/cattle/Texas/24-008749-003/2024(H5N1)	2086	2522
PB2|PP755596.1|A/cattle/Texas/24-008749-003/2024(H5N1)	2087	2524
PB2|PP755596.1|A/cattle/Texas/24-008749-003/2024(H5N1)	2088	2572
PB2|PP755596.1|A/cattle/Texas/24-008749-003/2024(H5N1)	2089	2572
PB2|PP755596.1|A/cattle/Texas/24-008749-003/2024(H5N1)	2090	2558
PB2|PP755596.1|A/cattle/Texas/24-008749-003/2024(H5N1)	2091	2570
PB2|PP755596.1|A/cattle/Texas/24-008749-003/2024(H5N1)	2092	2556
PB2|PP755596.1|A/cattle/Texas/24-008749-003/2024(H5N1)	2093	2560
PB2|PP755596.1|A/cattle/Texas/24-008749-003/2024(H5N1)	2094	2565
PB2|PP755596.1|A/cattle/Texas/24-008749-003/2024(H5N1)	2095	2566
PB2|PP755596.1|A/cattle/Texas/24-008749-003/2024(H5N1)	2096	2633
PB2|PP755596.1|A/cattle/Texas/24-008749-003/2024(H5N1)	2097	2633
PB2|PP755596.1|A/cattle/Texas/24-008749-003/2024(H5N1)	2098	2644
PB2|PP755596.1|A/cattle/Texas/24-008749-003/2024(H5N1)	2099	2700
PB2|PP755596.1|A/cattle/Texas/24-008749-003/2024(H5N1)	2100	2699
PB2|PP755596.1|A/cattle/Texas/24-008749-003/2024(H5N1)	2101	2700
PB2|PP755596.1|A/cattle/Texas/24-008749-003/2024(H5N1)	2102	2698
PB2|PP755596.1|A/cattle/Texas/24-008749-003/2024(H5N1)	2103	2702
PB2|PP755596.1|A/cattle/Texas/24-008749-003/2024(H5N1)	2104	2694
PB2|PP755596.1|A/cattle/Texas/24-008749-003/2024(H5N1)	2105	2693
PB2|PP755596.1|A/cattle/Texas/24-008749-003/2024(H5N1)	2106	2641
PB2|PP755596.1|A/cattle/Texas/24-008749-003/2024(H5N1)	2107	2642
PB2|PP755596.1|A/cattle/Texas/24-008749-003/2024(H5N1)	2108	2643
PB2|PP755596.1|A/cattle/Texas/24-008749-003/2024(H5N1)	2109	2658
PB2|PP755596.1|A/cattle/Texas/24-008749-003/2024(H5N1)	2110	2644
PB2|PP755596.1|A/cattle/Texas/24-008749-003/2024(H5N1)	2111	2640
PB2|PP755596.1|A/cattle/Texas/24-008749-003/2024(H5N1)	2112	2624
PB2|PP755596.1|A/cattle/Texas/24-008749-003/2024(H5N1)	2113	2624
PB2|PP755596.1|A/cattle/Texas/24-008749-003/2024(H5N1)	2114	2742
PB2|PP755596.1|A/cattle/Texas/24-008749-003/2024(H5N1)	2115	2720
PB2|PP755596.1|A/cattle/Texas/24-008749-003/2024(H5N1)	2116	2699
PB2|PP755596.1|A/cattle/Texas/24-008749-003/2024(H5N1)	2117	2682
PB2|PP755596.1|A/cattle/Texas/24-008749-003/2024(H5N1)	2118	2637
PB2|PP755596.1|A/cattle/Texas/24-008749-003/2024(H5N1)	2119	2647
PB2|PP755596.1|A/cattle/Texas/24-008749-003/2024(H5N1)	2120	2620
PB2|PP755596.1|A/cattle/Texas/24-008749-003/2024(H5N1)	2121	2623
PB2|PP755596.1|A/cattle/Texas/24-008749-003/2024(H5N1)	2122	2592
PB2|PP755596.1|A/cattle/Texas/24-008749-003/2024(H5N1)	2123	2226
PB2|PP755596.1|A/cattle/Texas/24-008749-003/2024(H5N1)	2124	2250
PB2|PP755596.1|A/cattle/Texas/24-008749-003/2024(H5N1)	2125	2256
PB2|PP755596.1|A/cattle/Texas/24-008749-003/2024(H5N1)	2126	2267
PB2|PP755596.1|A/cattle/Texas/24-008749-003/2024(H5N1)	2127	2276
PB2|PP755596.1|A/cattle/Texas/24-008749-003/2024(H5N1)	2128	2256
PB2|PP755596.1|A/cattle/Texas/24-008749-003/2024(H5N1)	2129	2294
PB2|PP755596.1|A/cattle/Texas/24-008749-003/2024(H5N1)	2130	2297
PB2|PP755596.1|A/cattle/Texas/24-008749-003/2024(H5N1)	2131	2299
PB2|PP755596.1|A/cattle/Texas/24-008749-003/2024(H5N1)	2132	2288
PB2|PP755596.1|A/cattle/Texas/24-008749-003/2024(H5N1)	2133	2293
PB2|PP755596.1|A/cattle/Texas/24-008749-003/2024(H5N1)	2134	2296
PB2|PP755596.1|A/cattle/Texas/24-008749-003/2024(H5N1)	2135	2271
PB2|PP755596.1|A/cattle/Texas/24-008749-003/2024(H5N1)	2136	2260
PB2|PP755596.1|A/cattle/Texas/24-008749-003/2024(H5N1)	2137	2265
PB2|PP755596.1|A/cattle/Texas/24-008749-003/2024(H5N1)	2138	2310
PB2|PP755596.1|A/cattle/Texas/24-008749-003/2024(H5N1)	2139	2328
PB2|PP755596.1|A/cattle/Texas/24-008749-003/2024(H5N1)	2140	2326
PB2|PP755596.1|A/cattle/Texas/24-008749-003/2024(H5N1)	2141	2326
PB2|PP755596.1|A/cattle/Texas/24-008749-003/2024(H5N1)	2142	2292
PB2|PP755596.1|A/cattle/Texas/24-008749-003/2024(H5N1)	2143	2277
PB2|PP755596.1|A/cattle/Texas/24-008749-003/2024(H5N1)	2144	2276
PB2|PP755596.1|A/cattle/Texas/24-008749-003/2024(H5N1)	2145	2265
PB2|PP755596.1|A/cattle/Texas/24-008749-003/2024(H5N1)	2146	2260
PB2|PP755596.1|A/cattle/Texas/24-008749-003/2024(H5N1)	2147	2261
PB2|PP755596.1|A/cattle/Texas/24-008749-003/2024(H5N1)	2148	2238
PB2|PP755596.1|A/cattle/Texas/24-008749-003/2024(H5N1)	2149	2289
PB2|PP755596.1|A/cattle/Texas/24-008749-003/2024(H5N1)	2150	2209
PB2|PP755596.1|A/cattle/Texas/24-008749-003/2024(H5N1)	2151	2205
PB2|PP755596.1|A/cattle/Texas/24-008749-003/2024(H5N1)	2152	2174
PB2|PP755596.1|A/cattle/Texas/24-008749-003/2024(H5N1)	2153	2164
PB2|PP755596.1|A/cattle/Texas/24-008749-003/2024(H5N1)	2154	2165
PB2|PP755596.1|A/cattle/Texas/24-008749-003/2024(H5N1)	2155	2170
PB2|PP755596.1|A/cattle/Texas/24-008749-003/2024(H5N1)	2156	2170
PB2|PP755596.1|A/cattle/Texas/24-008749-003/2024(H5N1)	2157	2139
PB2|PP755596.1|A/cattle/Texas/24-008749-003/2024(H5N1)	2158	2139
PB2|PP755596.1|A/cattle/Texas/24-008749-003/2024(H5N1)	2159	2138
PB2|PP755596.1|A/cattle/Texas/24-008749-003/2024(H5N1)	2160	2140
PB2|PP755596.1|A/cattle/Texas/24-008749-003/2024(H5N1)	2161	2172
PB2|PP755596.1|A/cattle/Texas/24-008749-003/2024(H5N1)	2162	2162
PB2|PP755596.1|A/cattle/Texas/24-008749-003/2024(H5N1)	2163	2137
PB2|PP755596.1|A/cattle/Texas/24-008749-003/2024(H5N1)	2164	2470
PB2|PP755596.1|A/cattle/Texas/24-008749-003/2024(H5N1)	2165	2503
PB2|PP755596.1|A/cattle/Texas/24-008749-003/2024(H5N1)	2166	2503
PB2|PP755596.1|A/cattle/Texas/24-008749-003/2024(H5N1)	2167	2498
PB2|PP755596.1|A/cattle/Texas/24-008749-003/2024(H5N1)	2168	2518
PB2|PP755596.1|A/cattle/Texas/24-008749-003/2024(H5N1)	2169	2513
PB2|PP755596.1|A/cattle/Texas/24-008749-003/2024(H5N1)	2170	2517
PB2|PP755596.1|A/cattle/Texas/24-008749-003/2024(H5N1)	2171	2477
PB2|PP755596.1|A/cattle/Texas/24-008749-003/2024(H5N1)	2172	2460
PB2|PP755596.1|A/cattle/Texas/24-008749-003/2024(H5N1)	2173	2457
PB2|PP755596.1|A/cattle/Texas/24-008749-003/2024(H5N1)	2174	2449
PB2|PP755596.1|A/cattle/Texas/24-008749-003/2024(H5N1)	2175	2452
PB2|PP755596.1|A/cattle/Texas/24-008749-003/2024(H5N1)	2176	2441
PB2|PP755596.1|A/cattle/Texas/24-008749-003/2024(H5N1)	2177	2436
PB2|PP755596.1|A/cattle/Texas/24-008749-003/2024(H5N1)	2178	2423
PB2|PP755596.1|A/cattle/Texas/24-008749-003/2024(H5N1)	2179	2406
PB2|PP755596.1|A/cattle/Texas/24-008749-003/2024(H5N1)	2180	2391
PB2|PP755596.1|A/cattle/Texas/24-008749-003/2024(H5N1)	2181	2391
PB2|PP755596.1|A/cattle/Texas/24-008749-003/2024(H5N1)	2182	2388
PB2|PP755596.1|A/cattle/Texas/24-008749-003/2024(H5N1)	2183	2387
PB2|PP755596.1|A/cattle/Texas/24-008749-003/2024(H5N1)	2184	2360
PB2|PP755596.1|A/cattle/Texas/24-008749-003/2024(H5N1)	2185	2364
PB2|PP755596.1|A/cattle/Texas/24-008749-003/2024(H5N1)	2186	2378
PB2|PP755596.1|A/cattle/Texas/24-008749-003/2024(H5N1)	2187	2376
PB2|PP755596.1|A/cattle/Texas/24-008749-003/2024(H5N1)	2188	2354
PB2|PP755596.1|A/cattle/Texas/24-008749-003/2024(H5N1)	2189	2324
PB2|PP755596.1|A/cattle/Texas/24-008749-003/2024(H5N1)	2190	2317
PB2|PP755596.1|A/cattle/Texas/24-008749-003/2024(H5N1)	2191	2319
PB2|PP755596.1|A/cattle/Texas/24-008749-003/2024(H5N1)	2192	2319
PB2|PP755596.1|A/cattle/Texas/24-008749-003/2024(H5N1)	2193	2313
PB2|PP755596.1|A/cattle/Texas/24-008749-003/2024(H5N1)	2194	2319
PB2|PP755596.1|A/cattle/Texas/24-008749-003/2024(H5N1)	2195	2281
PB2|PP755596.1|A/cattle/Texas/24-008749-003/2024(H5N1)	2196	2278
PB2|PP755596.1|A/cattle/Texas/24-008749-003/2024(H5N1)	2197	2231
PB2|PP755596.1|A/cattle/Texas/24-008749-003/2024(H5N1)	2198	2226
PB2|PP755596.1|A/cattle/Texas/24-008749-003/2024(H5N1)	2199	2195
PB2|PP755596.1|A/cattle/Texas/24-008749-003/2024(H5N1)	2200	2189
PB2|PP755596.1|A/cattle/Texas/24-008749-003/2024(H5N1)	2201	2129
PB2|PP755596.1|A/cattle/Texas/24-008749-003/2024(H5N1)	2202	2114
PB2|PP755596.1|A/cattle/Texas/24-008749-003/2024(H5N1)	2203	2081
PB2|PP755596.1|A/cattle/Texas/24-008749-003/2024(H5N1)	2204	2044
PB2|PP755596.1|A/cattle/Texas/24-008749-003/2024(H5N1)	2205	2025
PB2|PP755596.1|A/cattle/Texas/24-008749-003/2024(H5N1)	2206	2023
PB2|PP755596.1|A/cattle/Texas/24-008749-003/2024(H5N1)	2207	2021
PB2|PP755596.1|A/cattle/Texas/24-008749-003/2024(H5N1)	2208	2019
PB2|PP755596.1|A/cattle/Texas/24-008749-003/2024(H5N1)	2209	2012
PB2|PP755596.1|A/cattle/Texas/24-008749-003/2024(H5N1)	2210	2012
PB2|PP755596.1|A/cattle/Texas/24-008749-003/2024(H5N1)	2211	2009
PB2|PP755596.1|A/cattle/Texas/24-008749-003/2024(H5N1)	2212	2008
PB2|PP755596.1|A/cattle/Texas/24-008749-003/2024(H5N1)	2213	2008
PB2|PP755596.1|A/cattle/Texas/24-008749-003/2024(H5N1)	2214	2002
PB2|PP755596.1|A/cattle/Texas/24-008749-003/2024(H5N1)	2215	2000
PB2|PP755596.1|A/cattle/Texas/24-008749-003/2024(H5N1)	2216	1998
PB2|PP755596.1|A/cattle/Texas/24-008749-003/2024(H5N1)	2217	1997
PB2|PP755596.1|A/cattle/Texas/24-008749-003/2024(H5N1)	2218	1993
PB2|PP755596.1|A/cattle/Texas/24-008749-003/2024(H5N1)	2219	1962
PB2|PP755596.1|A/cattle/Texas/24-008749-003/2024(H5N1)	2220	1963
PB2|PP755596.1|A/cattle/Texas/24-008749-003/2024(H5N1)	2221	1953
PB2|PP755596.1|A/cattle/Texas/24-008749-003/2024(H5N1)	2222	1965
PB2|PP755596.1|A/cattle/Texas/24-008749-003/2024(H5N1)	2223	1965
PB2|PP755596.1|A/cattle/Texas/24-008749-003/2024(H5N1)	2224	1956
PB2|PP755596.1|A/cattle/Texas/24-008749-003/2024(H5N1)	2225	1956
PB2|PP755596.1|A/cattle/Texas/24-008749-003/2024(H5N1)	2226	1934
PB2|PP755596.1|A/cattle/Texas/24-008749-003/2024(H5N1)	2227	1931
PB2|PP755596.1|A/cattle/Texas/24-008749-003/2024(H5N1)	2228	1919
PB2|PP755596.1|A/cattle/Texas/24-008749-003/2024(H5N1)	2229	1882
PB2|PP755596.1|A/cattle/Texas/24-008749-003/2024(H5N1)	2230	1884
PB2|PP755596.1|A/cattle/Texas/24-008749-003/2024(H5N1)	2231	1665
PB2|PP755596.1|A/cattle/Texas/24-008749-003/2024(H5N1)	2232	1662
PB2|PP755596.1|A/cattle/Texas/24-008749-003/2024(H5N1)	2233	1632
PB2|PP755596.1|A/cattle/Texas/24-008749-003/2024(H5N1)	2234	1629
PB2|PP755596.1|A/cattle/Texas/24-008749-003/2024(H5N1)	2235	1620
PB2|PP755596.1|A/cattle/Texas/24-008749-003/2024(H5N1)	2236	1620
PB2|PP755596.1|A/cattle/Texas/24-008749-003/2024(H5N1)	2237	1591
PB2|PP755596.1|A/cattle/Texas/24-008749-003/2024(H5N1)	2238	1585
PB2|PP755596.1|A/cattle/Texas/24-008749-003/2024(H5N1)	2239	1511
PB2|PP755596.1|A/cattle/Texas/24-008749-003/2024(H5N1)	2240	1515
PB2|PP755596.1|A/cattle/Texas/24-008749-003/2024(H5N1)	2241	1504
PB2|PP755596.1|A/cattle/Texas/24-008749-003/2024(H5N1)	2242	1501
PB2|PP755596.1|A/cattle/Texas/24-008749-003/2024(H5N1)	2243	1497
PB2|PP755596.1|A/cattle/Texas/24-008749-003/2024(H5N1)	2244	1495
PB2|PP755596.1|A/cattle/Texas/24-008749-003/2024(H5N1)	2245	1495
PB2|PP755596.1|A/cattle/Texas/24-008749-003/2024(H5N1)	2246	1494
PB2|PP755596.1|A/cattle/Texas/24-008749-003/2024(H5N1)	2247	1404
PB2|PP755596.1|A/cattle/Texas/24-008749-003/2024(H5N1)	2248	1404
PB2|PP755596.1|A/cattle/Texas/24-008749-003/2024(H5N1)	2249	1340
PB2|PP755596.1|A/cattle/Texas/24-008749-003/2024(H5N1)	2250	1341
PB2|PP755596.1|A/cattle/Texas/24-008749-003/2024(H5N1)	2251	1339
PB2|PP755596.1|A/cattle/Texas/24-008749-003/2024(H5N1)	2252	1332
PB2|PP755596.1|A/cattle/Texas/24-008749-003/2024(H5N1)	2253	1328
PB2|PP755596.1|A/cattle/Texas/24-008749-003/2024(H5N1)	2254	1326
PB2|PP755596.1|A/cattle/Texas/24-008749-003/2024(H5N1)	2255	1326
PB2|PP755596.1|A/cattle/Texas/24-008749-003/2024(H5N1)	2256	1324
PB2|PP755596.1|A/cattle/Texas/24-008749-003/2024(H5N1)	2257	1320
PB2|PP755596.1|A/cattle/Texas/24-008749-003/2024(H5N1)	2258	1304
PB2|PP755596.1|A/cattle/Texas/24-008749-003/2024(H5N1)	2259	1291
PB2|PP755596.1|A/cattle/Texas/24-008749-003/2024(H5N1)	2260	1284
PB2|PP755596.1|A/cattle/Texas/24-008749-003/2024(H5N1)	2261	1281
PB2|PP755596.1|A/cattle/Texas/24-008749-003/2024(H5N1)	2262	1281
PB2|PP755596.1|A/cattle/Texas/24-008749-003/2024(H5N1)	2263	1280
PB2|PP755596.1|A/cattle/Texas/24-008749-003/2024(H5N1)	2264	1273
PB2|PP755596.1|A/cattle/Texas/24-008749-003/2024(H5N1)	2265	1178
PB2|PP755596.1|A/cattle/Texas/24-008749-003/2024(H5N1)	2266	1178
PB2|PP755596.1|A/cattle/Texas/24-008749-003/2024(H5N1)	2267	1166
PB2|PP755596.1|A/cattle/Texas/24-008749-003/2024(H5N1)	2268	1165
PB2|PP755596.1|A/cattle/Texas/24-008749-003/2024(H5N1)	2269	1165
PB2|PP755596.1|A/cattle/Texas/24-008749-003/2024(H5N1)	2270	1140
PB2|PP755596.1|A/cattle/Texas/24-008749-003/2024(H5N1)	2271	1140
PB2|PP755596.1|A/cattle/Texas/24-008749-003/2024(H5N1)	2272	1139
PB2|PP755596.1|A/cattle/Texas/24-008749-003/2024(H5N1)	2273	1129
PB2|PP755596.1|A/cattle/Texas/24-008749-003/2024(H5N1)	2274	1113
PB2|PP755596.1|A/cattle/Texas/24-008749-003/2024(H5N1)	2275	1104
PB2|PP755596.1|A/cattle/Texas/24-008749-003/2024(H5N1)	2276	1104
PB2|PP755596.1|A/cattle/Texas/24-008749-003/2024(H5N1)	2277	1091
PB2|PP755596.1|A/cattle/Texas/24-008749-003/2024(H5N1)	2278	1087
PB2|PP755596.1|A/cattle/Texas/24-008749-003/2024(H5N1)	2279	1035
PB2|PP755596.1|A/cattle/Texas/24-008749-003/2024(H5N1)	2280	997
