PB2|PP755596.1|A/cattle/Texas/24-008749-003/2024(H5N1)	1	2992
PB2|PP755596.1|A/cattle/Texas/24-008749-003/2024(H5N1)	2	2997
PB2|PP755596.1|A/cattle/Texas/24-008749-003/2024(H5N1)	3	3059
PB2|PP755596.1|A/cattle/Texas/24-008749-003/2024(H5N1)	4	3061
PB2|PP755596.1|A/cattle/Texas/24-008749-003/2024(H5N1)	5	3081
PB2|PP755596.1|A/cattle/Texas/24-008749-003/2024(H5N1)	6	3110
PB2|PP755596.1|A/cattle/Texas/24-008749-003/2024(H5N1)	7	3123
PB2|PP755596.1|A/cattle/Texas/24-008749-003/2024(H5N1)	8	3413
PB2|PP755596.1|A/cattle/Texas/24-008749-003/2024(H5N1)	9	3413
PB2|PP755596.1|A/cattle/Texas/24-008749-003/2024(H5N1)	10	3424
PB2|PP755596.1|A/cattle/Texas/24-008749-003/2024(H5N1)	11	3484
PB2|PP755596.1|A/cattle/Texas/24-008749-003/2024(H5N1)	12	3495
PB2|PP755596.1|A/cattle/Texas/24-008749-003/2024(H5N1)	13	3515
PB2|PP755596.1|A/cattle/Texas/24-008749-003/2024(H5N1)	14	3515
PB2|PP755596.1|A/cattle/Texas/24-008749-003/2024(H5N1)	15	3525
PB2|PP755596.1|A/cattle/Texas/24-008749-003/2024(H5N1)	16	3606
PB2|PP755596.1|A/cattle/Texas/24-008749-003/2024(H5N1)	17	3652
PB2|PP755596.1|A/cattle/Texas/24-008749-003/2024(H5N1)	18	3668
PB2|PP755596.1|A/cattle/Texas/24-008749-003/2024(H5N1)	19	3671
PB2|PP755596.1|A/cattle/Texas/24-008749-003/2024(H5N1)	20	3671
PB2|PP755596.1|A/cattle/Texas/24-008749-003/2024(H5N1)	21	3706
PB2|PP755596.1|A/cattle/Texas/24-008749-003/2024(H5N1)	22	3721
PB2|PP755596.1|A/cattle/Texas/24-008749-003/2024(H5N1)	23	3736
PB2|PP755596.1|A/cattle/Texas/24-008749-003/2024(H5N1)	24	3758
PB2|PP755596.1|A/cattle/Texas/24-008749-003/2024(H5N1)	25	3949
PB2|PP755596.1|A/cattle/Texas/24-008749-003/2024(H5N1)	26	4077
PB2|PP755596.1|A/cattle/Texas/24-008749-003/2024(H5N1)	27	4086
PB2|PP755596.1|A/cattle/Texas/24-008749-003/2024(H5N1)	28	4103
PB2|PP755596.1|A/cattle/Texas/24-008749-003/2024(H5N1)	29	4117
PB2|PP755596.1|A/cattle/Texas/24-008749-003/2024(H5N1)	30	4135
PB2|PP755596.1|A/cattle/Texas/24-008749-003/2024(H5N1)	31	4217
PB2|PP755596.1|A/cattle/Texas/24-008749-003/2024(H5N1)	32	4239
PB2|PP755596.1|A/cattle/Texas/24-008749-003/2024(H5N1)	33	4278
PB2|PP755596.1|A/cattle/Texas/24-008749-003/2024(H5N1)	34	4306
PB2|PP755596.1|A/cattle/Texas/24-008749-003/2024(H5N1)	35	4304
PB2|PP755596.1|A/cattle/Texas/24-008749-003/2024(H5N1)	36	4304
PB2|PP755596.1|A/cattle/Texas/24-008749-003/2024(H5N1)	37	4313
PB2|PP755596.1|A/cattle/Texas/24-008749-003/2024(H5N1)	38	4312
PB2|PP755596.1|A/cattle/Texas/24-008749-003/2024(H5N1)	39	4585
PB2|PP755596.1|A/cattle/Texas/24-008749-003/2024(H5N1)	40	4614
PB2|PP755596.1|A/cattle/Texas/24-008749-003/2024(H5N1)	41	4621
PB2|PP755596.1|A/cattle/Texas/24-008749-003/2024(H5N1)	42	4620
PB2|PP755596.1|A/cattle/Texas/24-008749-003/2024(H5N1)	43	4631
PB2|PP755596.1|A/cattle/Texas/24-008749-003/2024(H5N1)	44	4643
PB2|PP755596.1|A/cattle/Texas/24-008749-003/2024(H5N1)	45	4653
PB2|PP755596.1|A/cattle/Texas/24-008749-003/2024(H5N1)	46	4657
PB2|PP755596.1|A/cattle/Texas/24-008749-003/2024(H5N1)	47	4701
PB2|PP755596.1|A/cattle/Texas/24-008749-003/2024(H5N1)	48	4691
PB2|PP755596.1|A/cattle/Texas/24-008749-003/2024(H5N1)	49	4811
PB2|PP755596.1|A/cattle/Texas/24-008749-003/2024(H5N1)	50	4820
PB2|PP755596.1|A/cattle/Texas/24-008749-003/2024(H5N1)	51	4831
PB2|PP755596.1|A/cattle/Texas/24-008749-003/2024(H5N1)	52	4834
PB2|PP755596.1|A/cattle/Texas/24-008749-003/2024(H5N1)	53	4840
PB2|PP755596.1|A/cattle/Texas/24-008749-003/2024(H5N1)	54	4931
PB2|PP755596.1|A/cattle/Texas/24-008749-003/2024(H5N1)	55	5126
PB2|PP755596.1|A/cattle/Texas/24-008749-003/2024(H5N1)	56	5178
PB2|PP755596.1|A/cattle/Texas/24-008749-003/2024(H5N1)	57	5180
PB2|PP755596.1|A/cattle/Texas/24-008749-003/2024(H5N1)	58	5188
PB2|PP755596.1|A/cattle/Texas/24-008749-003/2024(H5N1)	59	5179
PB2|PP755596.1|A/cattle/Texas/24-008749-003/2024(H5N1)	60	5291
PB2|PP755596.1|A/cattle/Texas/24-008749-003/2024(H5N1)	61	5317
PB2|PP755596.1|A/cattle/Texas/24-008749-003/2024(H5N1)	62	5331
PB2|PP755596.1|A/cattle/Texas/24-008749-003/2024(H5N1)	63	5329
PB2|PP755596.1|A/cattle/Texas/24-008749-003/2024(H5N1)	64	5309
PB2|PP755596.1|A/cattle/Texas/24-008749-003/2024(H5N1)	65	5336
PB2|PP755596.1|A/cattle/Texas/24-008749-003/2024(H5N1)	66	5376
PB2|PP755596.1|A/cattle/Texas/24-008749-003/2024(H5N1)	67	5412
PB2|PP755596.1|A/cattle/Texas/24-008749-003/2024(H5N1)	68	5485
PB2|PP755596.1|A/cattle/Texas/24-008749-003/2024(H5N1)	69	5478
PB2|PP755596.1|A/cattle/Texas/24-008749-003/2024(H5N1)	70	5484
PB2|PP755596.1|A/cattle/Texas/24-008749-003/2024(H5N1)	71	5595
PB2|PP755596.1|A/cattle/Texas/24-008749-003/2024(H5N1)	72	5634
PB2|PP755596.1|A/cattle/Texas/24-008749-003/2024(H5N1)	73	5863
PB2|PP755596.1|A/cattle/Texas/24-008749-003/2024(H5N1)	74	5892
PB2|PP755596.1|A/cattle/Texas/24-008749-003/2024(H5N1)	75	5886
PB2|PP755596.1|A/cattle/Texas/24-008749-003/2024(H5N1)	76	5888
PB2|PP755596.1|A/cattle/Texas/24-008749-003/2024(H5N1)	77	5898
PB2|PP755596.1|A/cattle/Texas/24-008749-003/2024(H5N1)	78	6044
PB2|PP755596.1|A/cattle/Texas/24-008749-003/2024(H5N1)	79	6123
PB2|PP755596.1|A/cattle/Texas/24-008749-003/2024(H5N1)	80	6107
PB2|PP755596.1|A/cattle/Texas/24-008749-003/2024(H5N1)	81	6131
PB2|PP755596.1|A/cattle/Texas/24-008749-003/2024(H5N1)	82	6105
PB2|PP755596.1|A/cattle/Texas/24-008749-003/2024(H5N1)	83	6107
PB2|PP755596.1|A/cattle/Texas/24-008749-003/2024(H5N1)	84	6145
PB2|PP755596.1|A/cattle/Texas/24-008749-003/2024(H5N1)	85	6322
PB2|PP755596.1|A/cattle/Texas/24-008749-003/2024(H5N1)	86	6357
PB2|PP755596.1|A/cattle/Texas/24-008749-003/2024(H5N1)	87	6481
PB2|PP755596.1|A/cattle/Texas/24-008749-003/2024(H5N1)	88	6483
PB2|PP755596.1|A/cattle/Texas/24-008749-003/2024(H5N1)	89	6518
PB2|PP755596.1|A/cattle/Texas/24-008749-003/2024(H5N1)	90	6529
PB2|PP755596.1|A/cattle/Texas/24-008749-003/2024(H5N1)	91	6657
PB2|PP755596.1|A/cattle/Texas/24-008749-003/2024(H5N1)	92	6698
PB2|PP755596.1|A/cattle/Texas/24-008749-003/2024(H5N1)	93	6697
PB2|PP755596.1|A/cattle/Texas/24-008749-003/2024(H5N1)	94	6676
PB2|PP755596.1|A/cattle/Texas/24-008749-003/2024(H5N1)	95	6679
PB2|PP755596.1|A/cattle/Texas/24-008749-003/2024(H5N1)	96	6771
PB2|PP755596.1|A/cattle/Texas/24-008749-003/2024(H5N1)	97	6902
PB2|PP755596.1|A/cattle/Texas/24-008749-003/2024(H5N1)	98	6893
PB2|PP755596.1|A/cattle/Texas/24-008749-003/2024(H5N1)	99	7105
PB2|PP755596.1|A/cattle/Texas/24-008749-003/2024(H5N1)	100	7113
PB2|PP755596.1|A/cattle/Texas/24-008749-003/2024(H5N1)	101	7139
PB2|PP755596.1|A/cattle/Texas/24-008749-003/2024(H5N1)	102	7169
PB2|PP755596.1|A/cattle/Texas/24-008749-003/2024(H5N1)	103	7173
PB2|PP755596.1|A/cattle/Texas/24-008749-003/2024(H5N1)	104	7353
PB2|PP755596.1|A/cattle/Texas/24-008749-003/2024(H5N1)	105	7347
PB2|PP755596.1|A/cattle/Texas/24-008749-003/2024(H5N1)	106	7373
PB2|PP755596.1|A/cattle/Texas/24-008749-003/2024(H5N1)	107	7364
PB2|PP755596.1|A/cattle/Texas/24-008749-003/2024(H5N1)	108	7321
PB2|PP755596.1|A/cattle/Texas/24-008749-003/2024(H5N1)	109	7316
PB2|PP755596.1|A/cattle/Texas/24-008749-003/2024(H5N1)	110	7339
PB2|PP755596.1|A/cattle/Texas/24-008749-003/2024(H5N1)	111	7516
PB2|PP755596.1|A/cattle/Texas/24-008749-003/2024(H5N1)	112	7516
PB2|PP755596.1|A/cattle/Texas/24-008749-003/2024(H5N1)	113	7557
PB2|PP755596.1|A/cattle/Texas/24-008749-003/2024(H5N1)	114	7583
PB2|PP755596.1|A/cattle/Texas/24-008749-003/2024(H5N1)	115	7653
PB2|PP755596.1|A/cattle/Texas/24-008749-003/2024(H5N1)	116	7683
PB2|PP755596.1|A/cattle/Texas/24-008749-003/2024(H5N1)	117	7686
PB2|PP755596.1|A/cattle/Texas/24-008749-003/2024(H5N1)	118	7890
PB2|PP755596.1|A/cattle/Texas/24-008749-003/2024(H5N1)	119	7997
PB2|PP755596.1|A/cattle/Texas/24-008749-003/2024(H5N1)	120	8027
PB2|PP755596.1|A/cattle/Texas/24-008749-003/2024(H5N1)	121	8188
PB2|PP755596.1|A/cattle/Texas/24-008749-003/2024(H5N1)	122	8153
PB2|PP755596.1|A/cattle/Texas/24-008749-003/2024(H5N1)	123	8154
PB2|PP755596.1|A/cattle/Texas/24-008749-003/2024(H5N1)	124	7259
PB2|PP755596.1|A/cattle/Texas/24-008749-003/2024(H5N1)	125	7179
PB2|PP755596.1|A/cattle/Texas/24-008749-003/2024(H5N1)	126	6905
PB2|PP755596.1|A/cattle/Texas/24-008749-003/2024(H5N1)	127	6845
PB2|PP755596.1|A/cattle/Texas/24-008749-003/2024(H5N1)	128	6869
PB2|PP755596.1|A/cattle/Texas/24-008749-003/2024(H5N1)	129	7052
PB2|PP755596.1|A/cattle/Texas/24-008749-003/2024(H5N1)	130	7093
PB2|PP755596.1|A/cattle/Texas/24-008749-003/2024(H5N1)	131	7125
PB2|PP755596.1|A/cattle/Texas/24-008749-003/2024(H5N1)	132	7135
PB2|PP755596.1|A/cattle/Texas/24-008749-003/2024(H5N1)	133	6963
PB2|PP755596.1|A/cattle/Texas/24-008749-003/2024(H5N1)	134	6936
PB2|PP755596.1|A/cattle/Texas/24-008749-003/2024(H5N1)	135	6935
PB2|PP755596.1|A/cattle/Texas/24-008749-003/2024(H5N1)	136	6920
PB2|PP755596.1|A/cattle/Texas/24-008749-003/2024(H5N1)	137	7097
PB2|PP755596.1|A/cattle/Texas/24-008749-003/2024(H5N1)	138	7173
PB2|PP755596.1|A/cattle/Texas/24-008749-003/2024(H5N1)	139	7167
PB2|PP755596.1|A/cattle/Texas/24-008749-003/2024(H5N1)	140	7037
PB2|PP755596.1|A/cattle/Texas/24-008749-003/2024(H5N1)	141	7097
PB2|PP755596.1|A/cattle/Texas/24-008749-003/2024(H5N1)	142	7208
PB2|PP755596.1|A/cattle/Texas/24-008749-003/2024(H5N1)	143	7147
PB2|PP755596.1|A/cattle/Texas/24-008749-003/2024(H5N1)	144	7164
PB2|PP755596.1|A/cattle/Texas/24-008749-003/2024(H5N1)	145	7073
PB2|PP755596.1|A/cattle/Texas/24-008749-003/2024(H5N1)	146	7048
PB2|PP755596.1|A/cattle/Texas/24-008749-003/2024(H5N1)	147	7084
PB2|PP755596.1|A/cattle/Texas/24-008749-003/2024(H5N1)	148	7071
PB2|PP755596.1|A/cattle/Texas/24-008749-003/2024(H5N1)	149	7033
PB2|PP755596.1|A/cattle/Texas/24-008749-003/2024(H5N1)	150	6978
PB2|PP755596.1|A/cattle/Texas/24-008749-003/2024(H5N1)	151	6959
PB2|PP755596.1|A/cattle/Texas/24-008749-003/2024(H5N1)	152	7022
PB2|PP755596.1|A/cattle/Texas/24-008749-003/2024(H5N1)	153	7045
PB2|PP755596.1|A/cattle/Texas/24-008749-003/2024(H5N1)	154	7047
PB2|PP755596.1|A/cattle/Texas/24-008749-003/2024(H5N1)	155	7185
PB2|PP755596.1|A/cattle/Texas/24-008749-003/2024(H5N1)	156	7176
PB2|PP755596.1|A/cattle/Texas/24-008749-003/2024(H5N1)	157	7205
PB2|PP755596.1|A/cattle/Texas/24-008749-003/2024(H5N1)	158	7218
PB2|PP755596.1|A/cattle/Texas/24-008749-003/2024(H5N1)	159	7118
PB2|PP755596.1|A/cattle/Texas/24-008749-003/2024(H5N1)	160	7222
PB2|PP755596.1|A/cattle/Texas/24-008749-003/2024(H5N1)	161	7252
PB2|PP755596.1|A/cattle/Texas/24-008749-003/2024(H5N1)	162	7200
PB2|PP755596.1|A/cattle/Texas/24-008749-003/2024(H5N1)	163	7203
PB2|PP755596.1|A/cattle/Texas/24-008749-003/2024(H5N1)	164	7198
PB2|PP755596.1|A/cattle/Texas/24-008749-003/2024(H5N1)	165	7268
PB2|PP755596.1|A/cattle/Texas/24-008749-003/2024(H5N1)	166	7236
PB2|PP755596.1|A/cattle/Texas/24-008749-003/2024(H5N1)	167	7257
PB2|PP755596.1|A/cattle/Texas/24-008749-003/2024(H5N1)	168	7280
PB2|PP755596.1|A/cattle/Texas/24-008749-003/2024(H5N1)	169	7275
PB2|PP755596.1|A/cattle/Texas/24-008749-003/2024(H5N1)	170	7288
PB2|PP755596.1|A/cattle/Texas/24-008749-003/2024(H5N1)	171	7281
PB2|PP755596.1|A/cattle/Texas/24-008749-003/2024(H5N1)	172	7269
PB2|PP755596.1|A/cattle/Texas/24-008749-003/2024(H5N1)	173	7424
PB2|PP755596.1|A/cattle/Texas/24-008749-003/2024(H5N1)	174	7375
PB2|PP755596.1|A/cattle/Texas/24-008749-003/2024(H5N1)	175	7426
PB2|PP755596.1|A/cattle/Texas/24-008749-003/2024(H5N1)	176	7446
PB2|PP755596.1|A/cattle/Texas/24-008749-003/2024(H5N1)	177	7398
PB2|PP755596.1|A/cattle/Texas/24-008749-003/2024(H5N1)	178	7399
PB2|PP755596.1|A/cattle/Texas/24-008749-003/2024(H5N1)	179	7519
PB2|PP755596.1|A/cattle/Texas/24-008749-003/2024(H5N1)	180	7543
PB2|PP755596.1|A/cattle/Texas/24-008749-003/2024(H5N1)	181	7550
PB2|PP755596.1|A/cattle/Texas/24-008749-003/2024(H5N1)	182	7467
PB2|PP755596.1|A/cattle/Texas/24-008749-003/2024(H5N1)	183	7454
PB2|PP755596.1|A/cattle/Texas/24-008749-003/2024(H5N1)	184	7425
PB2|PP755596.1|A/cattle/Texas/24-008749-003/2024(H5N1)	185	7442
PB2|PP755596.1|A/cattle/Texas/24-008749-003/2024(H5N1)	186	7487
PB2|PP755596.1|A/cattle/Texas/24-008749-003/2024(H5N1)	187	7485
PB2|PP755596.1|A/cattle/Texas/24-008749-003/2024(H5N1)	188	7498
PB2|PP755596.1|A/cattle/Texas/24-008749-003/2024(H5N1)	189	7493
PB2|PP755596.1|A/cattle/Texas/24-008749-003/2024(H5N1)	190	7709
PB2|PP755596.1|A/cattle/Texas/24-008749-003/2024(H5N1)	191	7698
PB2|PP755596.1|A/cattle/Texas/24-008749-003/2024(H5N1)	192	7705
PB2|PP755596.1|A/cattle/Texas/24-008749-003/2024(H5N1)	193	7707
PB2|PP755596.1|A/cattle/Texas/24-008749-003/2024(H5N1)	194	7698
PB2|PP755596.1|A/cattle/Texas/24-008749-003/2024(H5N1)	195	7717
PB2|PP755596.1|A/cattle/Texas/24-008749-003/2024(H5N1)	196	7708
PB2|PP755596.1|A/cattle/Texas/24-008749-003/2024(H5N1)	197	7774
PB2|PP755596.1|A/cattle/Texas/24-008749-003/2024(H5N1)	198	7739
PB2|PP755596.1|A/cattle/Texas/24-008749-003/2024(H5N1)	199	7735
PB2|PP755596.1|A/cattle/Texas/24-008749-003/2024(H5N1)	200	7665
PB2|PP755596.1|A/cattle/Texas/24-008749-003/2024(H5N1)	201	7621
PB2|PP755596.1|A/cattle/Texas/24-008749-003/2024(H5N1)	202	7657
PB2|PP755596.1|A/cattle/Texas/24-008749-003/2024(H5N1)	203	7435
PB2|PP755596.1|A/cattle/Texas/24-008749-003/2024(H5N1)	204	7434
PB2|PP755596.1|A/cattle/Texas/24-008749-003/2024(H5N1)	205	7439
PB2|PP755596.1|A/cattle/Texas/24-008749-003/2024(H5N1)	206	7443
PB2|PP755596.1|A/cattle/Texas/24-008749-003/2024(H5N1)	207	7401
PB2|PP755596.1|A/cattle/Texas/24-008749-003/2024(H5N1)	208	7398
PB2|PP755596.1|A/cattle/Texas/24-008749-003/2024(H5N1)	209	7451
PB2|PP755596.1|A/cattle/Texas/24-008749-003/2024(H5N1)	210	7511
PB2|PP755596.1|A/cattle/Texas/24-008749-003/2024(H5N1)	211	7402
PB2|PP755596.1|A/cattle/Texas/24-008749-003/2024(H5N1)	212	7380
PB2|PP755596.1|A/cattle/Texas/24-008749-003/2024(H5N1)	213	7372
PB2|PP755596.1|A/cattle/Texas/24-008749-003/2024(H5N1)	214	7468
PB2|PP755596.1|A/cattle/Texas/24-008749-003/2024(H5N1)	215	7506
PB2|PP755596.1|A/cattle/Texas/24-008749-003/2024(H5N1)	216	7482
PB2|PP755596.1|A/cattle/Texas/24-008749-003/2024(H5N1)	217	7449
PB2|PP755596.1|A/cattle/Texas/24-008749-003/2024(H5N1)	218	7399
PB2|PP755596.1|A/cattle/Texas/24-008749-003/2024(H5N1)	219	7322
PB2|PP755596.1|A/cattle/Texas/24-008749-003/2024(H5N1)	220	7461
PB2|PP755596.1|A/cattle/Texas/24-008749-003/2024(H5N1)	221	7486
PB2|PP755596.1|A/cattle/Texas/24-008749-003/2024(H5N1)	222	7408
PB2|PP755596.1|A/cattle/Texas/24-008749-003/2024(H5N1)	223	7182
PB2|PP755596.1|A/cattle/Texas/24-008749-003/2024(H5N1)	224	7136
PB2|PP755596.1|A/cattle/Texas/24-008749-003/2024(H5N1)	225	7131
PB2|PP755596.1|A/cattle/Texas/24-008749-003/2024(H5N1)	226	7187
PB2|PP755596.1|A/cattle/Texas/24-008749-003/2024(H5N1)	227	7221
PB2|PP755596.1|A/cattle/Texas/24-008749-003/2024(H5N1)	228	7143
PB2|PP755596.1|A/cattle/Texas/24-008749-003/2024(H5N1)	229	7304
PB2|PP755596.1|A/cattle/Texas/24-008749-003/2024(H5N1)	230	7236
PB2|PP755596.1|A/cattle/Texas/24-008749-003/2024(H5N1)	231	7250
PB2|PP755596.1|A/cattle/Texas/24-008749-003/2024(H5N1)	232	7247
PB2|PP755596.1|A/cattle/Texas/24-008749-003/2024(H5N1)	233	7249
PB2|PP755596.1|A/cattle/Texas/24-008749-003/2024(H5N1)	234	7300
PB2|PP755596.1|A/cattle/Texas/24-008749-003/2024(H5N1)	235	7211
PB2|PP755596.1|A/cattle/Texas/24-008749-003/2024(H5N1)	236	7078
PB2|PP755596.1|A/cattle/Texas/24-008749-003/2024(H5N1)	237	7080
PB2|PP755596.1|A/cattle/Texas/24-008749-003/2024(H5N1)	238	6907
PB2|PP755596.1|A/cattle/Texas/24-008749-003/2024(H5N1)	239	7152
PB2|PP755596.1|A/cattle/Texas/24-008749-003/2024(H5N1)	240	7153
PB2|PP755596.1|A/cattle/Texas/24-008749-003/2024(H5N1)	241	7142
PB2|PP755596.1|A/cattle/Texas/24-008749-003/2024(H5N1)	242	7040
PB2|PP755596.1|A/cattle/Texas/24-008749-003/2024(H5N1)	243	7067
PB2|PP755596.1|A/cattle/Texas/24-008749-003/2024(H5N1)	244	7155
PB2|PP755596.1|A/cattle/Texas/24-008749-003/2024(H5N1)	245	7314
PB2|PP755596.1|A/cattle/Texas/24-008749-003/2024(H5N1)	246	7313
PB2|PP755596.1|A/cattle/Texas/24-008749-003/2024(H5N1)	247	7232
PB2|PP755596.1|A/cattle/Texas/24-008749-003/2024(H5N1)	248	7092
PB2|PP755596.1|A/cattle/Texas/24-008749-003/2024(H5N1)	249	7086
PB2|PP755596.1|A/cattle/Texas/24-008749-003/2024(H5N1)	250	6910
PB2|PP755596.1|A/cattle/Texas/24-008749-003/2024(H5N1)	251	7282
PB2|PP755596.1|A/cattle/Texas/24-008749-003/2024(H5N1)	252	7353
PB2|PP755596.1|A/cattle/Texas/24-008749-003/2024(H5N1)	253	7678
PB2|PP755596.1|A/cattle/Texas/24-008749-003/2024(H5N1)	254	7691
PB2|PP755596.1|A/cattle/Texas/24-008749-003/2024(H5N1)	255	7745
PB2|PP755596.1|A/cattle/Texas/24-008749-003/2024(H5N1)	256	7746
PB2|PP755596.1|A/cattle/Texas/24-008749-003/2024(H5N1)	257	7782
PB2|PP755596.1|A/cattle/Texas/24-008749-003/2024(H5N1)	258	7779
PB2|PP755596.1|A/cattle/Texas/24-008749-003/2024(H5N1)	259	7922
PB2|PP755596.1|A/cattle/Texas/24-008749-003/2024(H5N1)	260	7964
PB2|PP755596.1|A/cattle/Texas/24-008749-003/2024(H5N1)	261	7974
PB2|PP755596.1|A/cattle/Texas/24-008749-003/2024(H5N1)	262	7739
PB2|PP755596.1|A/cattle/Texas/24-008749-003/2024(H5N1)	263	7964
PB2|PP755596.1|A/cattle/Texas/24-008749-003/2024(H5N1)	264	7882
PB2|PP755596.1|A/cattle/Texas/24-008749-003/2024(H5N1)	265	8015
PB2|PP755596.1|A/cattle/Texas/24-008749-003/2024(H5N1)	266	7928
PB2|PP755596.1|A/cattle/Texas/24-008749-003/2024(H5N1)	267	7896
PB2|PP755596.1|A/cattle/Texas/24-008749-003/2024(H5N1)	268	7811
PB2|PP755596.1|A/cattle/Texas/24-008749-003/2024(H5N1)	269	7642
PB2|PP755596.1|A/cattle/Texas/24-008749-003/2024(H5N1)	270	7679
PB2|PP755596.1|A/cattle/Texas/24-008749-003/2024(H5N1)	271	7916
PB2|PP755596.1|A/cattle/Texas/24-008749-003/2024(H5N1)	272	7785
PB2|PP755596.1|A/cattle/Texas/24-008749-003/2024(H5N1)	273	7777
PB2|PP755596.1|A/cattle/Texas/24-008749-003/2024(H5N1)	274	7682
PB2|PP755596.1|A/cattle/Texas/24-008749-003/2024(H5N1)	275	7462
PB2|PP755596.1|A/cattle/Texas/24-008749-003/2024(H5N1)	276	7521
PB2|PP755596.1|A/cattle/Texas/24-008749-003/2024(H5N1)	277	7826
PB2|PP755596.1|A/cattle/Texas/24-008749-003/2024(H5N1)	278	7852
PB2|PP755596.1|A/cattle/Texas/24-008749-003/2024(H5N1)	279	7840
PB2|PP755596.1|A/cattle/Texas/24-008749-003/2024(H5N1)	280	7578
PB2|PP755596.1|A/cattle/Texas/24-008749-003/2024(H5N1)	281	7553
PB2|PP755596.1|A/cattle/Texas/24-008749-003/2024(H5N1)	282	7694
PB2|PP755596.1|A/cattle/Texas/24-008749-003/2024(H5N1)	283	7737
PB2|PP755596.1|A/cattle/Texas/24-008749-003/2024(H5N1)	284	7615
PB2|PP755596.1|A/cattle/Texas/24-008749-003/2024(H5N1)	285	7551
PB2|PP755596.1|A/cattle/Texas/24-008749-003/2024(H5N1)	286	7508
PB2|PP755596.1|A/cattle/Texas/24-008749-003/2024(H5N1)	287	7490
PB2|PP755596.1|A/cattle/Texas/24-008749-003/2024(H5N1)	288	7498
PB2|PP755596.1|A/cattle/Texas/24-008749-003/2024(H5N1)	289	7543
PB2|PP755596.1|A/cattle/Texas/24-008749-003/2024(H5N1)	290	7610
PB2|PP755596.1|A/cattle/Texas/24-008749-003/2024(H5N1)	291	7500
PB2|PP755596.1|A/cattle/Texas/24-008749-003/2024(H5N1)	292	7485
PB2|PP755596.1|A/cattle/Texas/24-008749-003/2024(H5N1)	293	7410
PB2|PP755596.1|A/cattle/Texas/24-008749-003/2024(H5N1)	294	7508
PB2|PP755596.1|A/cattle/Texas/24-008749-003/2024(H5N1)	295	7925
PB2|PP755596.1|A/cattle/Texas/24-008749-003/2024(H5N1)	296	7941
PB2|PP755596.1|A/cattle/Texas/24-008749-003/2024(H5N1)	297	8060
PB2|PP755596.1|A/cattle/Texas/24-008749-003/2024(H5N1)	298	8012
PB2|PP755596.1|A/cattle/Texas/24-008749-003/2024(H5N1)	299	8008
PB2|PP755596.1|A/cattle/Texas/24-008749-003/2024(H5N1)	300	8044
PB2|PP755596.1|A/cattle/Texas/24-008749-003/2024(H5N1)	301	8028
PB2|PP755596.1|A/cattle/Texas/24-008749-003/2024(H5N1)	302	8127
PB2|PP755596.1|A/cattle/Texas/24-008749-003/2024(H5N1)	303	8141
PB2|PP755596.1|A/cattle/Texas/24-008749-003/2024(H5N1)	304	8107
PB2|PP755596.1|A/cattle/Texas/24-008749-003/2024(H5N1)	305	8135
PB2|PP755596.1|A/cattle/Texas/24-008749-003/2024(H5N1)	306	7985
PB2|PP755596.1|A/cattle/Texas/24-008749-003/2024(H5N1)	307	7992
PB2|PP755596.1|A/cattle/Texas/24-008749-003/2024(H5N1)	308	7991
PB2|PP755596.1|A/cattle/Texas/24-008749-003/2024(H5N1)	309	7986
PB2|PP755596.1|A/cattle/Texas/24-008749-003/2024(H5N1)	310	8177
PB2|PP755596.1|A/cattle/Texas/24-008749-003/2024(H5N1)	311	8067
PB2|PP755596.1|A/cattle/Texas/24-008749-003/2024(H5N1)	312	8078
PB2|PP755596.1|A/cattle/Texas/24-008749-003/2024(H5N1)	313	8096
PB2|PP755596.1|A/cattle/Texas/24-008749-003/2024(H5N1)	314	8223
PB2|PP755596.1|A/cattle/Texas/24-008749-003/2024(H5N1)	315	8286
PB2|PP755596.1|A/cattle/Texas/24-008749-003/2024(H5N1)	316	8229
PB2|PP755596.1|A/cattle/Texas/24-008749-003/2024(H5N1)	317	8325
PB2|PP755596.1|A/cattle/Texas/24-008749-003/2024(H5N1)	318	8322
PB2|PP755596.1|A/cattle/Texas/24-008749-003/2024(H5N1)	319	8256
PB2|PP755596.1|A/cattle/Texas/24-008749-003/2024(H5N1)	320	8432
PB2|PP755596.1|A/cattle/Texas/24-008749-003/2024(H5N1)	321	8437
PB2|PP755596.1|A/cattle/Texas/24-008749-003/2024(H5N1)	322	8429
PB2|PP755596.1|A/cattle/Texas/24-008749-003/2024(H5N1)	323	8285
PB2|PP755596.1|A/cattle/Texas/24-008749-003/2024(H5N1)	324	8093
PB2|PP755596.1|A/cattle/Texas/24-008749-003/2024(H5N1)	325	8206
PB2|PP755596.1|A/cattle/Texas/24-008749-003/2024(H5N1)	326	8327
PB2|PP755596.1|A/cattle/Texas/24-008749-003/2024(H5N1)	327	8392
PB2|PP755596.1|A/cattle/Texas/24-008749-003/2024(H5N1)	328	8386
PB2|PP755596.1|A/cattle/Texas/24-008749-003/2024(H5N1)	329	8245
PB2|PP755596.1|A/cattle/Texas/24-008749-003/2024(H5N1)	330	8250
PB2|PP755596.1|A/cattle/Texas/24-008749-003/2024(H5N1)	331	8239
PB2|PP755596.1|A/cattle/Texas/24-008749-003/2024(H5N1)	332	8731
PB2|PP755596.1|A/cattle/Texas/24-008749-003/2024(H5N1)	333	8760
PB2|PP755596.1|A/cattle/Texas/24-008749-003/2024(H5N1)	334	8706
PB2|PP755596.1|A/cattle/Texas/24-008749-003/2024(H5N1)	335	8692
PB2|PP755596.1|A/cattle/Texas/24-008749-003/2024(H5N1)	336	8640
PB2|PP755596.1|A/cattle/Texas/24-008749-003/2024(H5N1)	337	8677
PB2|PP755596.1|A/cattle/Texas/24-008749-003/2024(H5N1)	338	8679
PB2|PP755596.1|A/cattle/Texas/24-008749-003/2024(H5N1)	339	9006
PB2|PP755596.1|A/cattle/Texas/24-008749-003/2024(H5N1)	340	9260
PB2|PP755596.1|A/cattle/Texas/24-008749-003/2024(H5N1)	341	8828
PB2|PP755596.1|A/cattle/Texas/24-008749-003/2024(H5N1)	342	8864
PB2|PP755596.1|A/cattle/Texas/24-008749-003/2024(H5N1)	343	8880
PB2|PP755596.1|A/cattle/Texas/24-008749-003/2024(H5N1)	344	8884
PB2|PP755596.1|A/cattle/Texas/24-008749-003/2024(H5N1)	345	8887
PB2|PP755596.1|A/cattle/Texas/24-008749-003/2024(H5N1)	346	8918
PB2|PP755596.1|A/cattle/Texas/24-008749-003/2024(H5N1)	347	8938
PB2|PP755596.1|A/cattle/Texas/24-008749-003/2024(H5N1)	348	8848
PB2|PP755596.1|A/cattle/Texas/24-008749-003/2024(H5N1)	349	8841
PB2|PP755596.1|A/cattle/Texas/24-008749-003/2024(H5N1)	350	8825
PB2|PP755596.1|A/cattle/Texas/24-008749-003/2024(H5N1)	351	8840
PB2|PP755596.1|A/cattle/Texas/24-008749-003/2024(H5N1)	352	8843
PB2|PP755596.1|A/cattle/Texas/24-008749-003/2024(H5N1)	353	8805
PB2|PP755596.1|A/cattle/Texas/24-008749-003/2024(H5N1)	354	8804
PB2|PP755596.1|A/cattle/Texas/24-008749-003/2024(H5N1)	355	8813
PB2|PP755596.1|A/cattle/Texas/24-008749-003/2024(H5N1)	356	8808
PB2|PP755596.1|A/cattle/Texas/24-008749-003/2024(H5N1)	357	8807
PB2|PP755596.1|A/cattle/Texas/24-008749-003/2024(H5N1)	358	8807
PB2|PP755596.1|A/cattle/Texas/24-008749-003/2024(H5N1)	359	8805
PB2|PP755596.1|A/cattle/Texas/24-008749-003/2024(H5N1)	360	8759
PB2|PP755596.1|A/cattle/Texas/24-008749-003/2024(H5N1)	361	8719
PB2|PP755596.1|A/cattle/Texas/24-008749-003/2024(H5N1)	362	8724
PB2|PP755596.1|A/cattle/Texas/24-008749-003/2024(H5N1)	363	8727
PB2|PP755596.1|A/cattle/Texas/24-008749-003/2024(H5N1)	364	9245
PB2|PP755596.1|A/cattle/Texas/24-008749-003/2024(H5N1)	365	9183
PB2|PP755596.1|A/cattle/Texas/24-008749-003/2024(H5N1)	366	9158
PB2|PP755596.1|A/cattle/Texas/24-008749-003/2024(H5N1)	367	9162
PB2|PP755596.1|A/cattle/Texas/24-008749-003/2024(H5N1)	368	9193
PB2|PP755596.1|A/cattle/Texas/24-008749-003/2024(H5N1)	369	9193
PB2|PP755596.1|A/cattle/Texas/24-008749-003/2024(H5N1)	370	9186
PB2|PP755596.1|A/cattle/Texas/24-008749-003/2024(H5N1)	371	9169
PB2|PP755596.1|A/cattle/Texas/24-008749-003/2024(H5N1)	372	9415
PB2|PP755596.1|A/cattle/Texas/24-008749-003/2024(H5N1)	373	9397
PB2|PP755596.1|A/cattle/Texas/24-008749-003/2024(H5N1)	374	9381
PB2|PP755596.1|A/cattle/Texas/24-008749-003/2024(H5N1)	375	9381
PB2|PP755596.1|A/cattle/Texas/24-008749-003/2024(H5N1)	376	9438
PB2|PP755596.1|A/cattle/Texas/24-008749-003/2024(H5N1)	377	9395
PB2|PP755596.1|A/cattle/Texas/24-008749-003/2024(H5N1)	378	9391
PB2|PP755596.1|A/cattle/Texas/24-008749-003/2024(H5N1)	379	9272
PB2|PP755596.1|A/cattle/Texas/24-008749-003/2024(H5N1)	380	9186
PB2|PP755596.1|A/cattle/Texas/24-008749-003/2024(H5N1)	381	9188
PB2|PP755596.1|A/cattle/Texas/24-008749-003/2024(H5N1)	382	9165
PB2|PP755596.1|A/cattle/Texas/24-008749-003/2024(H5N1)	383	9220
PB2|PP755596.1|A/cattle/Texas/24-008749-003/2024(H5N1)	384	9225
PB2|PP755596.1|A/cattle/Texas/24-008749-003/2024(H5N1)	385	9344
PB2|PP755596.1|A/cattle/Texas/24-008749-003/2024(H5N1)	386	9582
PB2|PP755596.1|A/cattle/Texas/24-008749-003/2024(H5N1)	387	9654
PB2|PP755596.1|A/cattle/Texas/24-008749-003/2024(H5N1)	388	9605
PB2|PP755596.1|A/cattle/Texas/24-008749-003/2024(H5N1)	389	9608
PB2|PP755596.1|A/cattle/Texas/24-008749-003/2024(H5N1)	390	9385
PB2|PP755596.1|A/cattle/Texas/24-008749-003/2024(H5N1)	391	9429
PB2|PP755596.1|A/cattle/Texas/24-008749-003/2024(H5N1)	392	9964
PB2|PP755596.1|A/cattle/Texas/24-008749-003/2024(H5N1)	393	9950
PB2|PP755596.1|A/cattle/Texas/24-008749-003/2024(H5N1)	394	9975
PB2|PP755596.1|A/cattle/Texas/24-008749-003/2024(H5N1)	395	9877
PB2|PP755596.1|A/cattle/Texas/24-008749-003/2024(H5N1)	396	9739
PB2|PP755596.1|A/cattle/Texas/24-008749-003/2024(H5N1)	397	9980
PB2|PP755596.1|A/cattle/Texas/24-008749-003/2024(H5N1)	398	10019
PB2|PP755596.1|A/cattle/Texas/24-008749-003/2024(H5N1)	399	10035
PB2|PP755596.1|A/cattle/Texas/24-008749-003/2024(H5N1)	400	10056
PB2|PP755596.1|A/cattle/Texas/24-008749-003/2024(H5N1)	401	9562
PB2|PP755596.1|A/cattle/Texas/24-008749-003/2024(H5N1)	402	9461
PB2|PP755596.1|A/cattle/Texas/24-008749-003/2024(H5N1)	403	9346
PB2|PP755596.1|A/cattle/Texas/24-008749-003/2024(H5N1)	404	9387
PB2|PP755596.1|A/cattle/Texas/24-008749-003/2024(H5N1)	405	9351
PB2|PP755596.1|A/cattle/Texas/24-008749-003/2024(H5N1)	406	9136
PB2|PP755596.1|A/cattle/Texas/24-008749-003/2024(H5N1)	407	9139
PB2|PP755596.1|A/cattle/Texas/24-008749-003/2024(H5N1)	408	9137
PB2|PP755596.1|A/cattle/Texas/24-008749-003/2024(H5N1)	409	9149
PB2|PP755596.1|A/cattle/Texas/24-008749-003/2024(H5N1)	410	9022
PB2|PP755596.1|A/cattle/Texas/24-008749-003/2024(H5N1)	411	8974
PB2|PP755596.1|A/cattle/Texas/24-008749-003/2024(H5N1)	412	8973
PB2|PP755596.1|A/cattle/Texas/24-008749-003/2024(H5N1)	413	8951
PB2|PP755596.1|A/cattle/Texas/24-008749-003/2024(H5N1)	414	8812
PB2|PP755596.1|A/cattle/Texas/24-008749-003/2024(H5N1)	415	8832
PB2|PP755596.1|A/cattle/Texas/24-008749-003/2024(H5N1)	416	8734
PB2|PP755596.1|A/cattle/Texas/24-008749-003/2024(H5N1)	417	8755
PB2|PP755596.1|A/cattle/Texas/24-008749-003/2024(H5N1)	418	8754
PB2|PP755596.1|A/cattle/Texas/24-008749-003/2024(H5N1)	419	8877
PB2|PP755596.1|A/cattle/Texas/24-008749-003/2024(H5N1)	420	8895
PB2|PP755596.1|A/cattle/Texas/24-008749-003/2024(H5N1)	421	8927
PB2|PP755596.1|A/cattle/Texas/24-008749-003/2024(H5N1)	422	8695
PB2|PP755596.1|A/cattle/Texas/24-008749-003/2024(H5N1)	423	8649
PB2|PP755596.1|A/cattle/Texas/24-008749-003/2024(H5N1)	424	8648
PB2|PP755596.1|A/cattle/Texas/24-008749-003/2024(H5N1)	425	8693
PB2|PP755596.1|A/cattle/Texas/24-008749-003/2024(H5N1)	426	8739
PB2|PP755596.1|A/cattle/Texas/24-008749-003/2024(H5N1)	427	8477
PB2|PP755596.1|A/cattle/Texas/24-008749-003/2024(H5N1)	428	8364
PB2|PP755596.1|A/cattle/Texas/24-008749-003/2024(H5N1)	429	8352
PB2|PP755596.1|A/cattle/Texas/24-008749-003/2024(H5N1)	430	8376
PB2|PP755596.1|A/cattle/Texas/24-008749-003/2024(H5N1)	431	8413
PB2|PP755596.1|A/cattle/Texas/24-008749-003/2024(H5N1)	432	8440
PB2|PP755596.1|A/cattle/Texas/24-008749-003/2024(H5N1)	433	8328
PB2|PP755596.1|A/cattle/Texas/24-008749-003/2024(H5N1)	434	8323
PB2|PP755596.1|A/cattle/Texas/24-008749-003/2024(H5N1)	435	8763
PB2|PP755596.1|A/cattle/Texas/24-008749-003/2024(H5N1)	436	8765
PB2|PP755596.1|A/cattle/Texas/24-008749-003/2024(H5N1)	437	9364
PB2|PP755596.1|A/cattle/Texas/24-008749-003/2024(H5N1)	438	9357
PB2|PP755596.1|A/cattle/Texas/24-008749-003/2024(H5N1)	439	9350
PB2|PP755596.1|A/cattle/Texas/24-008749-003/2024(H5N1)	440	9332
PB2|PP755596.1|A/cattle/Texas/24-008749-003/2024(H5N1)	441	9254
PB2|PP755596.1|A/cattle/Texas/24-008749-003/2024(H5N1)	442	9267
PB2|PP755596.1|A/cattle/Texas/24-008749-003/2024(H5N1)	443	9340
PB2|PP755596.1|A/cattle/Texas/24-008749-003/2024(H5N1)	444	9263
PB2|PP755596.1|A/cattle/Texas/24-008749-003/2024(H5N1)	445	9266
PB2|PP755596.1|A/cattle/Texas/24-008749-003/2024(H5N1)	446	8737
PB2|PP755596.1|A/cattle/Texas/24-008749-003/2024(H5N1)	447	8805
PB2|PP755596.1|A/cattle/Texas/24-008749-003/2024(H5N1)	448	8694
PB2|PP755596.1|A/cattle/Texas/24-008749-003/2024(H5N1)	449	8692
PB2|PP755596.1|A/cattle/Texas/24-008749-003/2024(H5N1)	450	8693
PB2|PP755596.1|A/cattle/Texas/24-008749-003/2024(H5N1)	451	8663
PB2|PP755596.1|A/cattle/Texas/24-008749-003/2024(H5N1)	452	8987
PB2|PP755596.1|A/cattle/Texas/24-008749-003/2024(H5N1)	453	8910
PB2|PP755596.1|A/cattle/Texas/24-008749-003/2024(H5N1)	454	8933
PB2|PP755596.1|A/cattle/Texas/24-008749-003/2024(H5N1)	455	8941
PB2|PP755596.1|A/cattle/Texas/24-008749-003/2024(H5N1)	456	9063
PB2|PP755596.1|A/cattle/Texas/24-008749-003/2024(H5N1)	457	9112
PB2|PP755596.1|A/cattle/Texas/24-008749-003/2024(H5N1)	458	9352
PB2|PP755596.1|A/cattle/Texas/24-008749-003/2024(H5N1)	459	9384
PB2|PP755596.1|A/cattle/Texas/24-008749-003/2024(H5N1)	460	9384
PB2|PP755596.1|A/cattle/Texas/24-008749-003/2024(H5N1)	461	9018
PB2|PP755596.1|A/cattle/Texas/24-008749-003/2024(H5N1)	462	9041
PB2|PP755596.1|A/cattle/Texas/24-008749-003/2024(H5N1)	463	8978
PB2|PP755596.1|A/cattle/Texas/24-008749-003/2024(H5N1)	464	9222
PB2|PP755596.1|A/cattle/Texas/24-008749-003/2024(H5N1)	465	9453
PB2|PP755596.1|A/cattle/Texas/24-008749-003/2024(H5N1)	466	9414
PB2|PP755596.1|A/cattle/Texas/24-008749-003/2024(H5N1)	467	9363
PB2|PP755596.1|A/cattle/Texas/24-008749-003/2024(H5N1)	468	9363
PB2|PP755596.1|A/cattle/Texas/24-008749-003/2024(H5N1)	469	9414
PB2|PP755596.1|A/cattle/Texas/24-008749-003/2024(H5N1)	470	9454
PB2|PP755596.1|A/cattle/Texas/24-008749-003/2024(H5N1)	471	9285
PB2|PP755596.1|A/cattle/Texas/24-008749-003/2024(H5N1)	472	9344
PB2|PP755596.1|A/cattle/Texas/24-008749-003/2024(H5N1)	473	9094
PB2|PP755596.1|A/cattle/Texas/24-008749-003/2024(H5N1)	474	9096
PB2|PP755596.1|A/cattle/Texas/24-008749-003/2024(H5N1)	475	9210
PB2|PP755596.1|A/cattle/Texas/24-008749-003/2024(H5N1)	476	9213
PB2|PP755596.1|A/cattle/Texas/24-008749-003/2024(H5N1)	477	9213
PB2|PP755596.1|A/cattle/Texas/24-008749-003/2024(H5N1)	478	9155
PB2|PP755596.1|A/cattle/Texas/24-008749-003/2024(H5N1)	479	9148
PB2|PP755596.1|A/cattle/Texas/24-008749-003/2024(H5N1)	480	9449
PB2|PP755596.1|A/cattle/Texas/24-008749-003/2024(H5N1)	481	9470
PB2|PP755596.1|A/cattle/Texas/24-008749-003/2024(H5N1)	482	9784
PB2|PP755596.1|A/cattle/Texas/24-008749-003/2024(H5N1)	483	9337
PB2|PP755596.1|A/cattle/Texas/24-008749-003/2024(H5N1)	484	9287
PB2|PP755596.1|A/cattle/Texas/24-008749-003/2024(H5N1)	485	9315
PB2|PP755596.1|A/cattle/Texas/24-008749-003/2024(H5N1)	486	9406
PB2|PP755596.1|A/cattle/Texas/24-008749-003/2024(H5N1)	487	9428
PB2|PP755596.1|A/cattle/Texas/24-008749-003/2024(H5N1)	488	9458
PB2|PP755596.1|A/cattle/Texas/24-008749-003/2024(H5N1)	489	8935
PB2|PP755596.1|A/cattle/Texas/24-008749-003/2024(H5N1)	490	8909
PB2|PP755596.1|A/cattle/Texas/24-008749-003/2024(H5N1)	491	8863
PB2|PP755596.1|A/cattle/Texas/24-008749-003/2024(H5N1)	492	8861
PB2|PP755596.1|A/cattle/Texas/24-008749-003/2024(H5N1)	493	8882
PB2|PP755596.1|A/cattle/Texas/24-008749-003/2024(H5N1)	494	8902
PB2|PP755596.1|A/cattle/Texas/24-008749-003/2024(H5N1)	495	8897
PB2|PP755596.1|A/cattle/Texas/24-008749-003/2024(H5N1)	496	8903
PB2|PP755596.1|A/cattle/Texas/24-008749-003/2024(H5N1)	497	8842
PB2|PP755596.1|A/cattle/Texas/24-008749-003/2024(H5N1)	498	8829
PB2|PP755596.1|A/cattle/Texas/24-008749-003/2024(H5N1)	499	8841
PB2|PP755596.1|A/cattle/Texas/24-008749-003/2024(H5N1)	500	9010
PB2|PP755596.1|A/cattle/Texas/24-008749-003/2024(H5N1)	501	9016
PB2|PP755596.1|A/cattle/Texas/24-008749-003/2024(H5N1)	502	8970
PB2|PP755596.1|A/cattle/Texas/24-008749-003/2024(H5N1)	503	8983
PB2|PP755596.1|A/cattle/Texas/24-008749-003/2024(H5N1)	504	9014
PB2|PP755596.1|A/cattle/Texas/24-008749-003/2024(H5N1)	505	9083
PB2|PP755596.1|A/cattle/Texas/24-008749-003/2024(H5N1)	506	9163
PB2|PP755596.1|A/cattle/Texas/24-008749-003/2024(H5N1)	507	9182
PB2|PP755596.1|A/cattle/Texas/24-008749-003/2024(H5N1)	508	9191
PB2|PP755596.1|A/cattle/Texas/24-008749-003/2024(H5N1)	509	9214
PB2|PP755596.1|A/cattle/Texas/24-008749-003/2024(H5N1)	510	9237
PB2|PP755596.1|A/cattle/Texas/24-008749-003/2024(H5N1)	511	9244
PB2|PP755596.1|A/cattle/Texas/24-008749-003/2024(H5N1)	512	9511
PB2|PP755596.1|A/cattle/Texas/24-008749-003/2024(H5N1)	513	9506
PB2|PP755596.1|A/cattle/Texas/24-008749-003/2024(H5N1)	514	9531
PB2|PP755596.1|A/cattle/Texas/24-008749-003/2024(H5N1)	515	9041
PB2|PP755596.1|A/cattle/Texas/24-008749-003/2024(H5N1)	516	9023
PB2|PP755596.1|A/cattle/Texas/24-008749-003/2024(H5N1)	517	9033
PB2|PP755596.1|A/cattle/Texas/24-008749-003/2024(H5N1)	518	9070
PB2|PP755596.1|A/cattle/Texas/24-008749-003/2024(H5N1)	519	9107
PB2|PP755596.1|A/cattle/Texas/24-008749-003/2024(H5N1)	520	9114
PB2|PP755596.1|A/cattle/Texas/24-008749-003/2024(H5N1)	521	8831
PB2|PP755596.1|A/cattle/Texas/24-008749-003/2024(H5N1)	522	8828
PB2|PP755596.1|A/cattle/Texas/24-008749-003/2024(H5N1)	523	8774
PB2|PP755596.1|A/cattle/Texas/24-008749-003/2024(H5N1)	524	8814
PB2|PP755596.1|A/cattle/Texas/24-008749-003/2024(H5N1)	525	8929
PB2|PP755596.1|A/cattle/Texas/24-008749-003/2024(H5N1)	526	8997
PB2|PP755596.1|A/cattle/Texas/24-008749-003/2024(H5N1)	527	9042
PB2|PP755596.1|A/cattle/Texas/24-008749-003/2024(H5N1)	528	9029
PB2|PP755596.1|A/cattle/Texas/24-008749-003/2024(H5N1)	529	9013
PB2|PP755596.1|A/cattle/Texas/24-008749-003/2024(H5N1)	530	8969
PB2|PP755596.1|A/cattle/Texas/24-008749-003/2024(H5N1)	531	8969
PB2|PP755596.1|A/cattle/Texas/24-008749-003/2024(H5N1)	532	8993
PB2|PP755596.1|A/cattle/Texas/24-008749-003/2024(H5N1)	533	8935
PB2|PP755596.1|A/cattle/Texas/24-008749-003/2024(H5N1)	534	8934
PB2|PP755596.1|A/cattle/Texas/24-008749-003/2024(H5N1)	535	8939
PB2|PP755596.1|A/cattle/Texas/24-008749-003/2024(H5N1)	536	8840
PB2|PP755596.1|A/cattle/Texas/24-008749-003/2024(H5N1)	537	8830
PB2|PP755596.1|A/cattle/Texas/24-008749-003/2024(H5N1)	538	8892
PB2|PP755596.1|A/cattle/Texas/24-008749-003/2024(H5N1)	539	9013
PB2|PP755596.1|A/cattle/Texas/24-008749-003/2024(H5N1)	540	9007
PB2|PP755596.1|A/cattle/Texas/24-008749-003/2024(H5N1)	541	9378
PB2|PP755596.1|A/cattle/Texas/24-008749-003/2024(H5N1)	542	8850
PB2|PP755596.1|A/cattle/Texas/24-008749-003/2024(H5N1)	543	8849
PB2|PP755596.1|A/cattle/Texas/24-008749-003/2024(H5N1)	544	8884
PB2|PP755596.1|A/cattle/Texas/24-008749-003/2024(H5N1)	545	8881
PB2|PP755596.1|A/cattle/Texas/24-008749-003/2024(H5N1)	546	8922
PB2|PP755596.1|A/cattle/Texas/24-008749-003/2024(H5N1)	547	8866
PB2|PP755596.1|A/cattle/Texas/24-008749-003/2024(H5N1)	548	8612
PB2|PP755596.1|A/cattle/Texas/24-008749-003/2024(H5N1)	549	8656
PB2|PP755596.1|A/cattle/Texas/24-008749-003/2024(H5N1)	550	8751
PB2|PP755596.1|A/cattle/Texas/24-008749-003/2024(H5N1)	551	8754
PB2|PP755596.1|A/cattle/Texas/24-008749-003/2024(H5N1)	552	8747
PB2|PP755596.1|A/cattle/Texas/24-008749-003/2024(H5N1)	553	8574
PB2|PP755596.1|A/cattle/Texas/24-008749-003/2024(H5N1)	554	8738
PB2|PP755596.1|A/cattle/Texas/24-008749-003/2024(H5N1)	555	8749
PB2|PP755596.1|A/cattle/Texas/24-008749-003/2024(H5N1)	556	8801
PB2|PP755596.1|A/cattle/Texas/24-008749-003/2024(H5N1)	557	8810
PB2|PP755596.1|A/cattle/Texas/24-008749-003/2024(H5N1)	558	8741
PB2|PP755596.1|A/cattle/Texas/24-008749-003/2024(H5N1)	559	8749
PB2|PP755596.1|A/cattle/Texas/24-008749-003/2024(H5N1)	560	8716
PB2|PP755596.1|A/cattle/Texas/24-008749-003/2024(H5N1)	561	8768
PB2|PP755596.1|A/cattle/Texas/24-008749-003/2024(H5N1)	562	8833
PB2|PP755596.1|A/cattle/Texas/24-008749-003/2024(H5N1)	563	8840
PB2|PP755596.1|A/cattle/Texas/24-008749-003/2024(H5N1)	564	8838
PB2|PP755596.1|A/cattle/Texas/24-008749-003/2024(H5N1)	565	8794
PB2|PP755596.1|A/cattle/Texas/24-008749-003/2024(H5N1)	566	8770
PB2|PP755596.1|A/cattle/Texas/24-008749-003/2024(H5N1)	567	8794
PB2|PP755596.1|A/cattle/Texas/24-008749-003/2024(H5N1)	568	8964
PB2|PP755596.1|A/cattle/Texas/24-008749-003/2024(H5N1)	569	8959
PB2|PP755596.1|A/cattle/Texas/24-008749-003/2024(H5N1)	570	8809
PB2|PP755596.1|A/cattle/Texas/24-008749-003/2024(H5N1)	571	8834
PB2|PP755596.1|A/cattle/Texas/24-008749-003/2024(H5N1)	572	8840
PB2|PP755596.1|A/cattle/Texas/24-008749-003/2024(H5N1)	573	8835
PB2|PP755596.1|A/cattle/Texas/24-008749-003/2024(H5N1)	574	8871
PB2|PP755596.1|A/cattle/Texas/24-008749-003/2024(H5N1)	575	8908
PB2|PP755596.1|A/cattle/Texas/24-008749-003/2024(H5N1)	576	8829
PB2|PP755596.1|A/cattle/Texas/24-008749-003/2024(H5N1)	577	9272
PB2|PP755596.1|A/cattle/Texas/24-008749-003/2024(H5N1)	578	9250
PB2|PP755596.1|A/cattle/Texas/24-008749-003/2024(H5N1)	579	9369
PB2|PP755596.1|A/cattle/Texas/24-008749-003/2024(H5N1)	580	9307
PB2|PP755596.1|A/cattle/Texas/24-008749-003/2024(H5N1)	581	9304
PB2|PP755596.1|A/cattle/Texas/24-008749-003/2024(H5N1)	582	9297
PB2|PP755596.1|A/cattle/Texas/24-008749-003/2024(H5N1)	583	9290
PB2|PP755596.1|A/cattle/Texas/24-008749-003/2024(H5N1)	584	9517
PB2|PP755596.1|A/cattle/Texas/24-008749-003/2024(H5N1)	585	9038
PB2|PP755596.1|A/cattle/Texas/24-008749-003/2024(H5N1)	586	8557
PB2|PP755596.1|A/cattle/Texas/24-008749-003/2024(H5N1)	587	8563
PB2|PP755596.1|A/cattle/Texas/24-008749-003/2024(H5N1)	588	8736
PB2|PP755596.1|A/cattle/Texas/24-008749-003/2024(H5N1)	589	8729
PB2|PP755596.1|A/cattle/Texas/24-008749-003/2024(H5N1)	590	8749
PB2|PP755596.1|A/cattle/Texas/24-008749-003/2024(H5N1)	591	8720
PB2|PP755596.1|A/cattle/Texas/24-008749-003/2024(H5N1)	592	8834
PB2|PP755596.1|A/cattle/Texas/24-008749-003/2024(H5N1)	593	8835
PB2|PP755596.1|A/cattle/Texas/24-008749-003/2024(H5N1)	594	8733
PB2|PP755596.1|A/cattle/Texas/24-008749-003/2024(H5N1)	595	8736
PB2|PP755596.1|A/cattle/Texas/24-008749-003/2024(H5N1)	596	8771
PB2|PP755596.1|A/cattle/Texas/24-008749-003/2024(H5N1)	597	8693
PB2|PP755596.1|A/cattle/Texas/24-008749-003/2024(H5N1)	598	8943
PB2|PP755596.1|A/cattle/Texas/24-008749-003/2024(H5N1)	599	8970
PB2|PP755596.1|A/cattle/Texas/24-008749-003/2024(H5N1)	600	9180
PB2|PP755596.1|A/cattle/Texas/24-008749-003/2024(H5N1)	601	8852
PB2|PP755596.1|A/cattle/Texas/24-008749-003/2024(H5N1)	602	8839
PB2|PP755596.1|A/cattle/Texas/24-008749-003/2024(H5N1)	603	8846
PB2|PP755596.1|A/cattle/Texas/24-008749-003/2024(H5N1)	604	8872
PB2|PP755596.1|A/cattle/Texas/24-008749-003/2024(H5N1)	605	8863
PB2|PP755596.1|A/cattle/Texas/24-008749-003/2024(H5N1)	606	8900
PB2|PP755596.1|A/cattle/Texas/24-008749-003/2024(H5N1)	607	8974
PB2|PP755596.1|A/cattle/Texas/24-008749-003/2024(H5N1)	608	8926
PB2|PP755596.1|A/cattle/Texas/24-008749-003/2024(H5N1)	609	8695
PB2|PP755596.1|A/cattle/Texas/24-008749-003/2024(H5N1)	610	8682
PB2|PP755596.1|A/cattle/Texas/24-008749-003/2024(H5N1)	611	8709
PB2|PP755596.1|A/cattle/Texas/24-008749-003/2024(H5N1)	612	8735
PB2|PP755596.1|A/cattle/Texas/24-008749-003/2024(H5N1)	613	8718
PB2|PP755596.1|A/cattle/Texas/24-008749-003/2024(H5N1)	614	8733
PB2|PP755596.1|A/cattle/Texas/24-008749-003/2024(H5N1)	615	8495
PB2|PP755596.1|A/cattle/Texas/24-008749-003/2024(H5N1)	616	8201
PB2|PP755596.1|A/cattle/Texas/24-008749-003/2024(H5N1)	617	8165
PB2|PP755596.1|A/cattle/Texas/24-008749-003/2024(H5N1)	618	8228
PB2|PP755596.1|A/cattle/Texas/24-008749-003/2024(H5N1)	619	8510
PB2|PP755596.1|A/cattle/Texas/24-008749-003/2024(H5N1)	620	8479
PB2|PP755596.1|A/cattle/Texas/24-008749-003/2024(H5N1)	621	8458
PB2|PP755596.1|A/cattle/Texas/24-008749-003/2024(H5N1)	622	8459
PB2|PP755596.1|A/cattle/Texas/24-008749-003/2024(H5N1)	623	8632
PB2|PP755596.1|A/cattle/Texas/24-008749-003/2024(H5N1)	624	8702
PB2|PP755596.1|A/cattle/Texas/24-008749-003/2024(H5N1)	625	8644
PB2|PP755596.1|A/cattle/Texas/24-008749-003/2024(H5N1)	626	8587
PB2|PP755596.1|A/cattle/Texas/24-008749-003/2024(H5N1)	627	8466
PB2|PP755596.1|A/cattle/Texas/24-008749-003/2024(H5N1)	628	8570
PB2|PP755596.1|A/cattle/Texas/24-008749-003/2024(H5N1)	629	8527
PB2|PP755596.1|A/cattle/Texas/24-008749-003/2024(H5N1)	630	8526
PB2|PP755596.1|A/cattle/Texas/24-008749-003/2024(H5N1)	631	8319
PB2|PP755596.1|A/cattle/Texas/24-008749-003/2024(H5N1)	632	8040
PB2|PP755596.1|A/cattle/Texas/24-008749-003/2024(H5N1)	633	8081
PB2|PP755596.1|A/cattle/Texas/24-008749-003/2024(H5N1)	634	8087
PB2|PP755596.1|A/cattle/Texas/24-008749-003/2024(H5N1)	635	8103
PB2|PP755596.1|A/cattle/Texas/24-008749-003/2024(H5N1)	636	8119
PB2|PP755596.1|A/cattle/Texas/24-008749-003/2024(H5N1)	637	8007
PB2|PP755596.1|A/cattle/Texas/24-008749-003/2024(H5N1)	638	8006
PB2|PP755596.1|A/cattle/Texas/24-008749-003/2024(H5N1)	639	7918
PB2|PP755596.1|A/cattle/Texas/24-008749-003/2024(H5N1)	640	7916
PB2|PP755596.1|A/cattle/Texas/24-008749-003/2024(H5N1)	641	8054
PB2|PP755596.1|A/cattle/Texas/24-008749-003/2024(H5N1)	642	8027
PB2|PP755596.1|A/cattle/Texas/24-008749-003/2024(H5N1)	643	8026
PB2|PP755596.1|A/cattle/Texas/24-008749-003/2024(H5N1)	644	7987
PB2|PP755596.1|A/cattle/Texas/24-008749-003/2024(H5N1)	645	8145
PB2|PP755596.1|A/cattle/Texas/24-008749-003/2024(H5N1)	646	8167
PB2|PP755596.1|A/cattle/Texas/24-008749-003/2024(H5N1)	647	8262
PB2|PP755596.1|A/cattle/Texas/24-008749-003/2024(H5N1)	648	8307
PB2|PP755596.1|A/cattle/Texas/24-008749-003/2024(H5N1)	649	8310
PB2|PP755596.1|A/cattle/Texas/24-008749-003/2024(H5N1)	650	8206
PB2|PP755596.1|A/cattle/Texas/24-008749-003/2024(H5N1)	651	8172
PB2|PP755596.1|A/cattle/Texas/24-008749-003/2024(H5N1)	652	8173
PB2|PP755596.1|A/cattle/Texas/24-008749-003/2024(H5N1)	653	8213
PB2|PP755596.1|A/cattle/Texas/24-008749-003/2024(H5N1)	654	8340
PB2|PP755596.1|A/cattle/Texas/24-008749-003/2024(H5N1)	655	8313
PB2|PP755596.1|A/cattle/Texas/24-008749-003/2024(H5N1)	656	8230
PB2|PP755596.1|A/cattle/Texas/24-008749-003/2024(H5N1)	657	8134
PB2|PP755596.1|A/cattle/Texas/24-008749-003/2024(H5N1)	658	8145
PB2|PP755596.1|A/cattle/Texas/24-008749-003/2024(H5N1)	659	8205
PB2|PP755596.1|A/cattle/Texas/24-008749-003/2024(H5N1)	660	8209
PB2|PP755596.1|A/cattle/Texas/24-008749-003/2024(H5N1)	661	8203
PB2|PP755596.1|A/cattle/Texas/24-008749-003/2024(H5N1)	662	8018
PB2|PP755596.1|A/cattle/Texas/24-008749-003/2024(H5N1)	663	7968
PB2|PP755596.1|A/cattle/Texas/24-008749-003/2024(H5N1)	664	7987
PB2|PP755596.1|A/cattle/Texas/24-008749-003/2024(H5N1)	665	8130
PB2|PP755596.1|A/cattle/Texas/24-008749-003/2024(H5N1)	666	8171
PB2|PP755596.1|A/cattle/Texas/24-008749-003/2024(H5N1)	667	8210
PB2|PP755596.1|A/cattle/Texas/24-008749-003/2024(H5N1)	668	8225
PB2|PP755596.1|A/cattle/Texas/24-008749-003/2024(H5N1)	669	8235
PB2|PP755596.1|A/cattle/Texas/24-008749-003/2024(H5N1)	670	8224
PB2|PP755596.1|A/cattle/Texas/24-008749-003/2024(H5N1)	671	8418
PB2|PP755596.1|A/cattle/Texas/24-008749-003/2024(H5N1)	672	8450
PB2|PP755596.1|A/cattle/Texas/24-008749-003/2024(H5N1)	673	8449
PB2|PP755596.1|A/cattle/Texas/24-008749-003/2024(H5N1)	674	8442
PB2|PP755596.1|A/cattle/Texas/24-008749-003/2024(H5N1)	675	8430
PB2|PP755596.1|A/cattle/Texas/24-008749-003/2024(H5N1)	676	8318
PB2|PP755596.1|A/cattle/Texas/24-008749-003/2024(H5N1)	677	8439
PB2|PP755596.1|A/cattle/Texas/24-008749-003/2024(H5N1)	678	8481
PB2|PP755596.1|A/cattle/Texas/24-008749-003/2024(H5N1)	679	8628
PB2|PP755596.1|A/cattle/Texas/24-008749-003/2024(H5N1)	680	8630
PB2|PP755596.1|A/cattle/Texas/24-008749-003/2024(H5N1)	681	8640
PB2|PP755596.1|A/cattle/Texas/24-008749-003/2024(H5N1)	682	8636
PB2|PP755596.1|A/cattle/Texas/24-008749-003/2024(H5N1)	683	9090
PB2|PP755596.1|A/cattle/Texas/24-008749-003/2024(H5N1)	684	9114
PB2|PP755596.1|A/cattle/Texas/24-008749-003/2024(H5N1)	685	9133
PB2|PP755596.1|A/cattle/Texas/24-008749-003/2024(H5N1)	686	9086
PB2|PP755596.1|A/cattle/Texas/24-008749-003/2024(H5N1)	687	8878
PB2|PP755596.1|A/cattle/Texas/24-008749-003/2024(H5N1)	688	8777
PB2|PP755596.1|A/cattle/Texas/24-008749-003/2024(H5N1)	689	8631
PB2|PP755596.1|A/cattle/Texas/24-008749-003/2024(H5N1)	690	8607
PB2|PP755596.1|A/cattle/Texas/24-008749-003/2024(H5N1)	691	8675
PB2|PP755596.1|A/cattle/Texas/24-008749-003/2024(H5N1)	692	8293
PB2|PP755596.1|A/cattle/Texas/24-008749-003/2024(H5N1)	693	8288
PB2|PP755596.1|A/cattle/Texas/24-008749-003/2024(H5N1)	694	8233
PB2|PP755596.1|A/cattle/Texas/24-008749-003/2024(H5N1)	695	8215
PB2|PP755596.1|A/cattle/Texas/24-008749-003/2024(H5N1)	696	8390
PB2|PP755596.1|A/cattle/Texas/24-008749-003/2024(H5N1)	697	8918
PB2|PP755596.1|A/cattle/Texas/24-008749-003/2024(H5N1)	698	8994
PB2|PP755596.1|A/cattle/Texas/24-008749-003/2024(H5N1)	699	9002
PB2|PP755596.1|A/cattle/Texas/24-008749-003/2024(H5N1)	700	8844
PB2|PP755596.1|A/cattle/Texas/24-008749-003/2024(H5N1)	701	8840
PB2|PP755596.1|A/cattle/Texas/24-008749-003/2024(H5N1)	702	8817
PB2|PP755596.1|A/cattle/Texas/24-008749-003/2024(H5N1)	703	8880
PB2|PP755596.1|A/cattle/Texas/24-008749-003/2024(H5N1)	704	8871
PB2|PP755596.1|A/cattle/Texas/24-008749-003/2024(H5N1)	705	8782
PB2|PP755596.1|A/cattle/Texas/24-008749-003/2024(H5N1)	706	8727
PB2|PP755596.1|A/cattle/Texas/24-008749-003/2024(H5N1)	707	8697
PB2|PP755596.1|A/cattle/Texas/24-008749-003/2024(H5N1)	708	8870
PB2|PP755596.1|A/cattle/Texas/24-008749-003/2024(H5N1)	709	9044
PB2|PP755596.1|A/cattle/Texas/24-008749-003/2024(H5N1)	710	9074
PB2|PP755596.1|A/cattle/Texas/24-008749-003/2024(H5N1)	711	9065
PB2|PP755596.1|A/cattle/Texas/24-008749-003/2024(H5N1)	712	9002
PB2|PP755596.1|A/cattle/Texas/24-008749-003/2024(H5N1)	713	9022
PB2|PP755596.1|A/cattle/Texas/24-008749-003/2024(H5N1)	714	9008
PB2|PP755596.1|A/cattle/Texas/24-008749-003/2024(H5N1)	715	9076
PB2|PP755596.1|A/cattle/Texas/24-008749-003/2024(H5N1)	716	9080
PB2|PP755596.1|A/cattle/Texas/24-008749-003/2024(H5N1)	717	9038
PB2|PP755596.1|A/cattle/Texas/24-008749-003/2024(H5N1)	718	8884
PB2|PP755596.1|A/cattle/Texas/24-008749-003/2024(H5N1)	719	8872
PB2|PP755596.1|A/cattle/Texas/24-008749-003/2024(H5N1)	720	8871
PB2|PP755596.1|A/cattle/Texas/24-008749-003/2024(H5N1)	721	8984
PB2|PP755596.1|A/cattle/Texas/24-008749-003/2024(H5N1)	722	8922
PB2|PP755596.1|A/cattle/Texas/24-008749-003/2024(H5N1)	723	8922
PB2|PP755596.1|A/cattle/Texas/24-008749-003/2024(H5N1)	724	8972
PB2|PP755596.1|A/cattle/Texas/24-008749-003/2024(H5N1)	725	8949
PB2|PP755596.1|A/cattle/Texas/24-008749-003/2024(H5N1)	726	9205
PB2|PP755596.1|A/cattle/Texas/24-008749-003/2024(H5N1)	727	9245
PB2|PP755596.1|A/cattle/Texas/24-008749-003/2024(H5N1)	728	8945
PB2|PP755596.1|A/cattle/Texas/24-008749-003/2024(H5N1)	729	9103
PB2|PP755596.1|A/cattle/Texas/24-008749-003/2024(H5N1)	730	9159
PB2|PP755596.1|A/cattle/Texas/24-008749-003/2024(H5N1)	731	9172
PB2|PP755596.1|A/cattle/Texas/24-008749-003/2024(H5N1)	732	9182
PB2|PP755596.1|A/cattle/Texas/24-008749-003/2024(H5N1)	733	9144
PB2|PP755596.1|A/cattle/Texas/24-008749-003/2024(H5N1)	734	9262
PB2|PP755596.1|A/cattle/Texas/24-008749-003/2024(H5N1)	735	8936
PB2|PP755596.1|A/cattle/Texas/24-008749-003/2024(H5N1)	736	9036
PB2|PP755596.1|A/cattle/Texas/24-008749-003/2024(H5N1)	737	8962
PB2|PP755596.1|A/cattle/Texas/24-008749-003/2024(H5N1)	738	8765
PB2|PP755596.1|A/cattle/Texas/24-008749-003/2024(H5N1)	739	8765
PB2|PP755596.1|A/cattle/Texas/24-008749-003/2024(H5N1)	740	8898
PB2|PP755596.1|A/cattle/Texas/24-008749-003/2024(H5N1)	741	8935
PB2|PP755596.1|A/cattle/Texas/24-008749-003/2024(H5N1)	742	8945
PB2|PP755596.1|A/cattle/Texas/24-008749-003/2024(H5N1)	743	8842
PB2|PP755596.1|A/cattle/Texas/24-008749-003/2024(H5N1)	744	8804
PB2|PP755596.1|A/cattle/Texas/24-008749-003/2024(H5N1)	745	8830
PB2|PP755596.1|A/cattle/Texas/24-008749-003/2024(H5N1)	746	8827
PB2|PP755596.1|A/cattle/Texas/24-008749-003/2024(H5N1)	747	8835
PB2|PP755596.1|A/cattle/Texas/24-008749-003/2024(H5N1)	748	8885
PB2|PP755596.1|A/cattle/Texas/24-008749-003/2024(H5N1)	749	8661
PB2|PP755596.1|A/cattle/Texas/24-008749-003/2024(H5N1)	750	8622
PB2|PP755596.1|A/cattle/Texas/24-008749-003/2024(H5N1)	751	8435
PB2|PP755596.1|A/cattle/Texas/24-008749-003/2024(H5N1)	752	8415
PB2|PP755596.1|A/cattle/Texas/24-008749-003/2024(H5N1)	753	8411
PB2|PP755596.1|A/cattle/Texas/24-008749-003/2024(H5N1)	754	8366
PB2|PP755596.1|A/cattle/Texas/24-008749-003/2024(H5N1)	755	8397
PB2|PP755596.1|A/cattle/Texas/24-008749-003/2024(H5N1)	756	8396
PB2|PP755596.1|A/cattle/Texas/24-008749-003/2024(H5N1)	757	8371
PB2|PP755596.1|A/cattle/Texas/24-008749-003/2024(H5N1)	758	8203
PB2|PP755596.1|A/cattle/Texas/24-008749-003/2024(H5N1)	759	8161
PB2|PP755596.1|A/cattle/Texas/24-008749-003/2024(H5N1)	760	8228
PB2|PP755596.1|A/cattle/Texas/24-008749-003/2024(H5N1)	761	8472
PB2|PP755596.1|A/cattle/Texas/24-008749-003/2024(H5N1)	762	8447
PB2|PP755596.1|A/cattle/Texas/24-008749-003/2024(H5N1)	763	8427
PB2|PP755596.1|A/cattle/Texas/24-008749-003/2024(H5N1)	764	8420
PB2|PP755596.1|A/cattle/Texas/24-008749-003/2024(H5N1)	765	8356
PB2|PP755596.1|A/cattle/Texas/24-008749-003/2024(H5N1)	766	8603
PB2|PP755596.1|A/cattle/Texas/24-008749-003/2024(H5N1)	767	8602
PB2|PP755596.1|A/cattle/Texas/24-008749-003/2024(H5N1)	768	8654
PB2|PP755596.1|A/cattle/Texas/24-008749-003/2024(H5N1)	769	8544
PB2|PP755596.1|A/cattle/Texas/24-008749-003/2024(H5N1)	770	8397
PB2|PP755596.1|A/cattle/Texas/24-008749-003/2024(H5N1)	771	8392
PB2|PP755596.1|A/cattle/Texas/24-008749-003/2024(H5N1)	772	8386
PB2|PP755596.1|A/cattle/Texas/24-008749-003/2024(H5N1)	773	8492
PB2|PP755596.1|A/cattle/Texas/24-008749-003/2024(H5N1)	774	8307
PB2|PP755596.1|A/cattle/Texas/24-008749-003/2024(H5N1)	775	8229
PB2|PP755596.1|A/cattle/Texas/24-008749-003/2024(H5N1)	776	8229
PB2|PP755596.1|A/cattle/Texas/24-008749-003/2024(H5N1)	777	8083
PB2|PP755596.1|A/cattle/Texas/24-008749-003/2024(H5N1)	778	8113
PB2|PP755596.1|A/cattle/Texas/24-008749-003/2024(H5N1)	779	8034
PB2|PP755596.1|A/cattle/Texas/24-008749-003/2024(H5N1)	780	8035
PB2|PP755596.1|A/cattle/Texas/24-008749-003/2024(H5N1)	781	8441
PB2|PP755596.1|A/cattle/Texas/24-008749-003/2024(H5N1)	782	8465
PB2|PP755596.1|A/cattle/Texas/24-008749-003/2024(H5N1)	783	8781
PB2|PP755596.1|A/cattle/Texas/24-008749-003/2024(H5N1)	784	8751
PB2|PP755596.1|A/cattle/Texas/24-008749-003/2024(H5N1)	785	8762
PB2|PP755596.1|A/cattle/Texas/24-008749-003/2024(H5N1)	786	8747
PB2|PP755596.1|A/cattle/Texas/24-008749-003/2024(H5N1)	787	8988
PB2|PP755596.1|A/cattle/Texas/24-008749-003/2024(H5N1)	788	9145
PB2|PP755596.1|A/cattle/Texas/24-008749-003/2024(H5N1)	789	9161
PB2|PP755596.1|A/cattle/Texas/24-008749-003/2024(H5N1)	790	9175
PB2|PP755596.1|A/cattle/Texas/24-008749-003/2024(H5N1)	791	9194
PB2|PP755596.1|A/cattle/Texas/24-008749-003/2024(H5N1)	792	9197
PB2|PP755596.1|A/cattle/Texas/24-008749-003/2024(H5N1)	793	9201
PB2|PP755596.1|A/cattle/Texas/24-008749-003/2024(H5N1)	794	9198
PB2|PP755596.1|A/cattle/Texas/24-008749-003/2024(H5N1)	795	9244
PB2|PP755596.1|A/cattle/Texas/24-008749-003/2024(H5N1)	796	9132
PB2|PP755596.1|A/cattle/Texas/24-008749-003/2024(H5N1)	797	9154
PB2|PP755596.1|A/cattle/Texas/24-008749-003/2024(H5N1)	798	9103
PB2|PP755596.1|A/cattle/Texas/24-008749-003/2024(H5N1)	799	9095
PB2|PP755596.1|A/cattle/Texas/24-008749-003/2024(H5N1)	800	9157
PB2|PP755596.1|A/cattle/Texas/24-008749-003/2024(H5N1)	801	9069
PB2|PP755596.1|A/cattle/Texas/24-008749-003/2024(H5N1)	802	9060
PB2|PP755596.1|A/cattle/Texas/24-008749-003/2024(H5N1)	803	9112
PB2|PP755596.1|A/cattle/Texas/24-008749-003/2024(H5N1)	804	9249
PB2|PP755596.1|A/cattle/Texas/24-008749-003/2024(H5N1)	805	9112
PB2|PP755596.1|A/cattle/Texas/24-008749-003/2024(H5N1)	806	9268
PB2|PP755596.1|A/cattle/Texas/24-008749-003/2024(H5N1)	807	9248
PB2|PP755596.1|A/cattle/Texas/24-008749-003/2024(H5N1)	808	9283
PB2|PP755596.1|A/cattle/Texas/24-008749-003/2024(H5N1)	809	9257
PB2|PP755596.1|A/cattle/Texas/24-008749-003/2024(H5N1)	810	9271
PB2|PP755596.1|A/cattle/Texas/24-008749-003/2024(H5N1)	811	9256
PB2|PP755596.1|A/cattle/Texas/24-008749-003/2024(H5N1)	812	9292
PB2|PP755596.1|A/cattle/Texas/24-008749-003/2024(H5N1)	813	9305
PB2|PP755596.1|A/cattle/Texas/24-008749-003/2024(H5N1)	814	9505
PB2|PP755596.1|A/cattle/Texas/24-008749-003/2024(H5N1)	815	9568
PB2|PP755596.1|A/cattle/Texas/24-008749-003/2024(H5N1)	816	9578
PB2|PP755596.1|A/cattle/Texas/24-008749-003/2024(H5N1)	817	9575
PB2|PP755596.1|A/cattle/Texas/24-008749-003/2024(H5N1)	818	9602
PB2|PP755596.1|A/cattle/Texas/24-008749-003/2024(H5N1)	819	9593
PB2|PP755596.1|A/cattle/Texas/24-008749-003/2024(H5N1)	820	9553
PB2|PP755596.1|A/cattle/Texas/24-008749-003/2024(H5N1)	821	9537
PB2|PP755596.1|A/cattle/Texas/24-008749-003/2024(H5N1)	822	9284
PB2|PP755596.1|A/cattle/Texas/24-008749-003/2024(H5N1)	823	9306
PB2|PP755596.1|A/cattle/Texas/24-008749-003/2024(H5N1)	824	9437
PB2|PP755596.1|A/cattle/Texas/24-008749-003/2024(H5N1)	825	9624
PB2|PP755596.1|A/cattle/Texas/24-008749-003/2024(H5N1)	826	9603
PB2|PP755596.1|A/cattle/Texas/24-008749-003/2024(H5N1)	827	9379
PB2|PP755596.1|A/cattle/Texas/24-008749-003/2024(H5N1)	828	9390
PB2|PP755596.1|A/cattle/Texas/24-008749-003/2024(H5N1)	829	9492
PB2|PP755596.1|A/cattle/Texas/24-008749-003/2024(H5N1)	830	9371
PB2|PP755596.1|A/cattle/Texas/24-008749-003/2024(H5N1)	831	9353
PB2|PP755596.1|A/cattle/Texas/24-008749-003/2024(H5N1)	832	9337
PB2|PP755596.1|A/cattle/Texas/24-008749-003/2024(H5N1)	833	9079
PB2|PP755596.1|A/cattle/Texas/24-008749-003/2024(H5N1)	834	8872
PB2|PP755596.1|A/cattle/Texas/24-008749-003/2024(H5N1)	835	8880
PB2|PP755596.1|A/cattle/Texas/24-008749-003/2024(H5N1)	836	8908
PB2|PP755596.1|A/cattle/Texas/24-008749-003/2024(H5N1)	837	8911
PB2|PP755596.1|A/cattle/Texas/24-008749-003/2024(H5N1)	838	9625
PB2|PP755596.1|A/cattle/Texas/24-008749-003/2024(H5N1)	839	9624
PB2|PP755596.1|A/cattle/Texas/24-008749-003/2024(H5N1)	840	9670
PB2|PP755596.1|A/cattle/Texas/24-008749-003/2024(H5N1)	841	9663
PB2|PP755596.1|A/cattle/Texas/24-008749-003/2024(H5N1)	842	9579
PB2|PP755596.1|A/cattle/Texas/24-008749-003/2024(H5N1)	843	9589
PB2|PP755596.1|A/cattle/Texas/24-008749-003/2024(H5N1)	844	9572
PB2|PP755596.1|A/cattle/Texas/24-008749-003/2024(H5N1)	845	9536
PB2|PP755596.1|A/cattle/Texas/24-008749-003/2024(H5N1)	846	9537
PB2|PP755596.1|A/cattle/Texas/24-008749-003/2024(H5N1)	847	8939
PB2|PP755596.1|A/cattle/Texas/24-008749-003/2024(H5N1)	848	8855
PB2|PP755596.1|A/cattle/Texas/24-008749-003/2024(H5N1)	849	9116
PB2|PP755596.1|A/cattle/Texas/24-008749-003/2024(H5N1)	850	9137
PB2|PP755596.1|A/cattle/Texas/24-008749-003/2024(H5N1)	851	9137
PB2|PP755596.1|A/cattle/Texas/24-008749-003/2024(H5N1)	852	9164
PB2|PP755596.1|A/cattle/Texas/24-008749-003/2024(H5N1)	853	9198
PB2|PP755596.1|A/cattle/Texas/24-008749-003/2024(H5N1)	854	9186
PB2|PP755596.1|A/cattle/Texas/24-008749-003/2024(H5N1)	855	9176
PB2|PP755596.1|A/cattle/Texas/24-008749-003/2024(H5N1)	856	9113
PB2|PP755596.1|A/cattle/Texas/24-008749-003/2024(H5N1)	857	9186
PB2|PP755596.1|A/cattle/Texas/24-008749-003/2024(H5N1)	858	8969
PB2|PP755596.1|A/cattle/Texas/24-008749-003/2024(H5N1)	859	8970
PB2|PP755596.1|A/cattle/Texas/24-008749-003/2024(H5N1)	860	8959
PB2|PP755596.1|A/cattle/Texas/24-008749-003/2024(H5N1)	861	8935
PB2|PP755596.1|A/cattle/Texas/24-008749-003/2024(H5N1)	862	9050
PB2|PP755596.1|A/cattle/Texas/24-008749-003/2024(H5N1)	863	9047
PB2|PP755596.1|A/cattle/Texas/24-008749-003/2024(H5N1)	864	9100
PB2|PP755596.1|A/cattle/Texas/24-008749-003/2024(H5N1)	865	9097
PB2|PP755596.1|A/cattle/Texas/24-008749-003/2024(H5N1)	866	9019
PB2|PP755596.1|A/cattle/Texas/24-008749-003/2024(H5N1)	867	9013
PB2|PP755596.1|A/cattle/Texas/24-008749-003/2024(H5N1)	868	9012
PB2|PP755596.1|A/cattle/Texas/24-008749-003/2024(H5N1)	869	9013
PB2|PP755596.1|A/cattle/Texas/24-008749-003/2024(H5N1)	870	9004
PB2|PP755596.1|A/cattle/Texas/24-008749-003/2024(H5N1)	871	8987
PB2|PP755596.1|A/cattle/Texas/24-008749-003/2024(H5N1)	872	9298
PB2|PP755596.1|A/cattle/Texas/24-008749-003/2024(H5N1)	873	9235
PB2|PP755596.1|A/cattle/Texas/24-008749-003/2024(H5N1)	874	9247
PB2|PP755596.1|A/cattle/Texas/24-008749-003/2024(H5N1)	875	9223
PB2|PP755596.1|A/cattle/Texas/24-008749-003/2024(H5N1)	876	9226
PB2|PP755596.1|A/cattle/Texas/24-008749-003/2024(H5N1)	877	8982
PB2|PP755596.1|A/cattle/Texas/24-008749-003/2024(H5N1)	878	9057
PB2|PP755596.1|A/cattle/Texas/24-008749-003/2024(H5N1)	879	9110
PB2|PP755596.1|A/cattle/Texas/24-008749-003/2024(H5N1)	880	9094
PB2|PP755596.1|A/cattle/Texas/24-008749-003/2024(H5N1)	881	8916
PB2|PP755596.1|A/cattle/Texas/24-008749-003/2024(H5N1)	882	8987
PB2|PP755596.1|A/cattle/Texas/24-008749-003/2024(H5N1)	883	9096
PB2|PP755596.1|A/cattle/Texas/24-008749-003/2024(H5N1)	884	9095
PB2|PP755596.1|A/cattle/Texas/24-008749-003/2024(H5N1)	885	8959
PB2|PP755596.1|A/cattle/Texas/24-008749-003/2024(H5N1)	886	8959
PB2|PP755596.1|A/cattle/Texas/24-008749-003/2024(H5N1)	887	8906
PB2|PP755596.1|A/cattle/Texas/24-008749-003/2024(H5N1)	888	8938
PB2|PP755596.1|A/cattle/Texas/24-008749-003/2024(H5N1)	889	8880
PB2|PP755596.1|A/cattle/Texas/24-008749-003/2024(H5N1)	890	8983
PB2|PP755596.1|A/cattle/Texas/24-008749-003/2024(H5N1)	891	8921
PB2|PP755596.1|A/cattle/Texas/24-008749-003/2024(H5N1)	892	8933
PB2|PP755596.1|A/cattle/Texas/24-008749-003/2024(H5N1)	893	8900
PB2|PP755596.1|A/cattle/Texas/24-008749-003/2024(H5N1)	894	8898
PB2|PP755596.1|A/cattle/Texas/24-008749-003/2024(H5N1)	895	8889
PB2|PP755596.1|A/cattle/Texas/24-008749-003/2024(H5N1)	896	8879
PB2|PP755596.1|A/cattle/Texas/24-008749-003/2024(H5N1)	897	8900
PB2|PP755596.1|A/cattle/Texas/24-008749-003/2024(H5N1)	898	8836
PB2|PP755596.1|A/cattle/Texas/24-008749-003/2024(H5N1)	899	8813
PB2|PP755596.1|A/cattle/Texas/24-008749-003/2024(H5N1)	900	8853
PB2|PP755596.1|A/cattle/Texas/24-008749-003/2024(H5N1)	901	8864
PB2|PP755596.1|A/cattle/Texas/24-008749-003/2024(H5N1)	902	9123
PB2|PP755596.1|A/cattle/Texas/24-008749-003/2024(H5N1)	903	9147
PB2|PP755596.1|A/cattle/Texas/24-008749-003/2024(H5N1)	904	9156
PB2|PP755596.1|A/cattle/Texas/24-008749-003/2024(H5N1)	905	9154
PB2|PP755596.1|A/cattle/Texas/24-008749-003/2024(H5N1)	906	9135
PB2|PP755596.1|A/cattle/Texas/24-008749-003/2024(H5N1)	907	9044
PB2|PP755596.1|A/cattle/Texas/24-008749-003/2024(H5N1)	908	9051
PB2|PP755596.1|A/cattle/Texas/24-008749-003/2024(H5N1)	909	9006
PB2|PP755596.1|A/cattle/Texas/24-008749-003/2024(H5N1)	910	9084
PB2|PP755596.1|A/cattle/Texas/24-008749-003/2024(H5N1)	911	8968
PB2|PP755596.1|A/cattle/Texas/24-008749-003/2024(H5N1)	912	8939
PB2|PP755596.1|A/cattle/Texas/24-008749-003/2024(H5N1)	913	8990
PB2|PP755596.1|A/cattle/Texas/24-008749-003/2024(H5N1)	914	9031
PB2|PP755596.1|A/cattle/Texas/24-008749-003/2024(H5N1)	915	9030
PB2|PP755596.1|A/cattle/Texas/24-008749-003/2024(H5N1)	916	8921
PB2|PP755596.1|A/cattle/Texas/24-008749-003/2024(H5N1)	917	8876
PB2|PP755596.1|A/cattle/Texas/24-008749-003/2024(H5N1)	918	8891
PB2|PP755596.1|A/cattle/Texas/24-008749-003/2024(H5N1)	919	9075
PB2|PP755596.1|A/cattle/Texas/24-008749-003/2024(H5N1)	920	9159
PB2|PP755596.1|A/cattle/Texas/24-008749-003/2024(H5N1)	921	9026
PB2|PP755596.1|A/cattle/Texas/24-008749-003/2024(H5N1)	922	9019
PB2|PP755596.1|A/cattle/Texas/24-008749-003/2024(H5N1)	923	9039
PB2|PP755596.1|A/cattle/Texas/24-008749-003/2024(H5N1)	924	8974
PB2|PP755596.1|A/cattle/Texas/24-008749-003/2024(H5N1)	925	9577
PB2|PP755596.1|A/cattle/Texas/24-008749-003/2024(H5N1)	926	9653
PB2|PP755596.1|A/cattle/Texas/24-008749-003/2024(H5N1)	927	9920
PB2|PP755596.1|A/cattle/Texas/24-008749-003/2024(H5N1)	928	9582
PB2|PP755596.1|A/cattle/Texas/24-008749-003/2024(H5N1)	929	9605
PB2|PP755596.1|A/cattle/Texas/24-008749-003/2024(H5N1)	930	9758
PB2|PP755596.1|A/cattle/Texas/24-008749-003/2024(H5N1)	931	9735
PB2|PP755596.1|A/cattle/Texas/24-008749-003/2024(H5N1)	932	9733
PB2|PP755596.1|A/cattle/Texas/24-008749-003/2024(H5N1)	933	9806
PB2|PP755596.1|A/cattle/Texas/24-008749-003/2024(H5N1)	934	9747
PB2|PP755596.1|A/cattle/Texas/24-008749-003/2024(H5N1)	935	9772
PB2|PP755596.1|A/cattle/Texas/24-008749-003/2024(H5N1)	936	9708
PB2|PP755596.1|A/cattle/Texas/24-008749-003/2024(H5N1)	937	9750
PB2|PP755596.1|A/cattle/Texas/24-008749-003/2024(H5N1)	938	9506
PB2|PP755596.1|A/cattle/Texas/24-008749-003/2024(H5N1)	939	9376
PB2|PP755596.1|A/cattle/Texas/24-008749-003/2024(H5N1)	940	9542
PB2|PP755596.1|A/cattle/Texas/24-008749-003/2024(H5N1)	941	9545
PB2|PP755596.1|A/cattle/Texas/24-008749-003/2024(H5N1)	942	9593
PB2|PP755596.1|A/cattle/Texas/24-008749-003/2024(H5N1)	943	9508
PB2|PP755596.1|A/cattle/Texas/24-008749-003/2024(H5N1)	944	9517
PB2|PP755596.1|A/cattle/Texas/24-008749-003/2024(H5N1)	945	9550
PB2|PP755596.1|A/cattle/Texas/24-008749-003/2024(H5N1)	946	9736
PB2|PP755596.1|A/cattle/Texas/24-008749-003/2024(H5N1)	947	9749
PB2|PP755596.1|A/cattle/Texas/24-008749-003/2024(H5N1)	948	9700
PB2|PP755596.1|A/cattle/Texas/24-008749-003/2024(H5N1)	949	9674
PB2|PP755596.1|A/cattle/Texas/24-008749-003/2024(H5N1)	950	9654
PB2|PP755596.1|A/cattle/Texas/24-008749-003/2024(H5N1)	951	9672
PB2|PP755596.1|A/cattle/Texas/24-008749-003/2024(H5N1)	952	9681
PB2|PP755596.1|A/cattle/Texas/24-008749-003/2024(H5N1)	953	9910
PB2|PP755596.1|A/cattle/Texas/24-008749-003/2024(H5N1)	954	10022
PB2|PP755596.1|A/cattle/Texas/24-008749-003/2024(H5N1)	955	9972
PB2|PP755596.1|A/cattle/Texas/24-008749-003/2024(H5N1)	956	9936
PB2|PP755596.1|A/cattle/Texas/24-008749-003/2024(H5N1)	957	9789
PB2|PP755596.1|A/cattle/Texas/24-008749-003/2024(H5N1)	958	9800
PB2|PP755596.1|A/cattle/Texas/24-008749-003/2024(H5N1)	959	9794
PB2|PP755596.1|A/cattle/Texas/24-008749-003/2024(H5N1)	960	9863
PB2|PP755596.1|A/cattle/Texas/24-008749-003/2024(H5N1)	961	9888
PB2|PP755596.1|A/cattle/Texas/24-008749-003/2024(H5N1)	962	9700
PB2|PP755596.1|A/cattle/Texas/24-008749-003/2024(H5N1)	963	9624
PB2|PP755596.1|A/cattle/Texas/24-008749-003/2024(H5N1)	964	9804
PB2|PP755596.1|A/cattle/Texas/24-008749-003/2024(H5N1)	965	9635
PB2|PP755596.1|A/cattle/Texas/24-008749-003/2024(H5N1)	966	9638
PB2|PP755596.1|A/cattle/Texas/24-008749-003/2024(H5N1)	967	9618
PB2|PP755596.1|A/cattle/Texas/24-008749-003/2024(H5N1)	968	9600
PB2|PP755596.1|A/cattle/Texas/24-008749-003/2024(H5N1)	969	9500
PB2|PP755596.1|A/cattle/Texas/24-008749-003/2024(H5N1)	970	9499
PB2|PP755596.1|A/cattle/Texas/24-008749-003/2024(H5N1)	971	9643
PB2|PP755596.1|A/cattle/Texas/24-008749-003/2024(H5N1)	972	9635
PB2|PP755596.1|A/cattle/Texas/24-008749-003/2024(H5N1)	973	9469
PB2|PP755596.1|A/cattle/Texas/24-008749-003/2024(H5N1)	974	9482
PB2|PP755596.1|A/cattle/Texas/24-008749-003/2024(H5N1)	975	9709
PB2|PP755596.1|A/cattle/Texas/24-008749-003/2024(H5N1)	976	9537
PB2|PP755596.1|A/cattle/Texas/24-008749-003/2024(H5N1)	977	9568
PB2|PP755596.1|A/cattle/Texas/24-008749-003/2024(H5N1)	978	9529
PB2|PP755596.1|A/cattle/Texas/24-008749-003/2024(H5N1)	979	9535
PB2|PP755596.1|A/cattle/Texas/24-008749-003/2024(H5N1)	980	9404
PB2|PP755596.1|A/cattle/Texas/24-008749-003/2024(H5N1)	981	9424
PB2|PP755596.1|A/cattle/Texas/24-008749-003/2024(H5N1)	982	9423
PB2|PP755596.1|A/cattle/Texas/24-008749-003/2024(H5N1)	983	9408
PB2|PP755596.1|A/cattle/Texas/24-008749-003/2024(H5N1)	984	9404
PB2|PP755596.1|A/cattle/Texas/24-008749-003/2024(H5N1)	985	9391
PB2|PP755596.1|A/cattle/Texas/24-008749-003/2024(H5N1)	986	9337
PB2|PP755596.1|A/cattle/Texas/24-008749-003/2024(H5N1)	987	9358
PB2|PP755596.1|A/cattle/Texas/24-008749-003/2024(H5N1)	988	9336
PB2|PP755596.1|A/cattle/Texas/24-008749-003/2024(H5N1)	989	8681
PB2|PP755596.1|A/cattle/Texas/24-008749-003/2024(H5N1)	990	8687
PB2|PP755596.1|A/cattle/Texas/24-008749-003/2024(H5N1)	991	9122
PB2|PP755596.1|A/cattle/Texas/24-008749-003/2024(H5N1)	992	9116
PB2|PP755596.1|A/cattle/Texas/24-008749-003/2024(H5N1)	993	9117
PB2|PP755596.1|A/cattle/Texas/24-008749-003/2024(H5N1)	994	9101
PB2|PP755596.1|A/cattle/Texas/24-008749-003/2024(H5N1)	995	9174
PB2|PP755596.1|A/cattle/Texas/24-008749-003/2024(H5N1)	996	9162
PB2|PP755596.1|A/cattle/Texas/24-008749-003/2024(H5N1)	997	9241
PB2|PP755596.1|A/cattle/Texas/24-008749-003/2024(H5N1)	998	9285
PB2|PP755596.1|A/cattle/Texas/24-008749-003/2024(H5N1)	999	9292
PB2|PP755596.1|A/cattle/Texas/24-008749-003/2024(H5N1)	1000	9005
PB2|PP755596.1|A/cattle/Texas/24-008749-003/2024(H5N1)	1001	8996
PB2|PP755596.1|A/cattle/Texas/24-008749-003/2024(H5N1)	1002	9061
PB2|PP755596.1|A/cattle/Texas/24-008749-003/2024(H5N1)	1003	9047
PB2|PP755596.1|A/cattle/Texas/24-008749-003/2024(H5N1)	1004	9015
PB2|PP755596.1|A/cattle/Texas/24-008749-003/2024(H5N1)	1005	9017
PB2|PP755596.1|A/cattle/Texas/24-008749-003/2024(H5N1)	1006	9388
PB2|PP755596.1|A/cattle/Texas/24-008749-003/2024(H5N1)	1007	9268
PB2|PP755596.1|A/cattle/Texas/24-008749-003/2024(H5N1)	1008	9279
PB2|PP755596.1|A/cattle/Texas/24-008749-003/2024(H5N1)	1009	9249
PB2|PP755596.1|A/cattle/Texas/24-008749-003/2024(H5N1)	1010	9227
PB2|PP755596.1|A/cattle/Texas/24-008749-003/2024(H5N1)	1011	9206
PB2|PP755596.1|A/cattle/Texas/24-008749-003/2024(H5N1)	1012	9461
PB2|PP755596.1|A/cattle/Texas/24-008749-003/2024(H5N1)	1013	9423
PB2|PP755596.1|A/cattle/Texas/24-008749-003/2024(H5N1)	1014	9349
PB2|PP755596.1|A/cattle/Texas/24-008749-003/2024(H5N1)	1015	9347
PB2|PP755596.1|A/cattle/Texas/24-008749-003/2024(H5N1)	1016	9385
PB2|PP755596.1|A/cattle/Texas/24-008749-003/2024(H5N1)	1017	9386
PB2|PP755596.1|A/cattle/Texas/24-008749-003/2024(H5N1)	1018	9378
PB2|PP755596.1|A/cattle/Texas/24-008749-003/2024(H5N1)	1019	9482
PB2|PP755596.1|A/cattle/Texas/24-008749-003/2024(H5N1)	1020	9648
PB2|PP755596.1|A/cattle/Texas/24-008749-003/2024(H5N1)	1021	9552
PB2|PP755596.1|A/cattle/Texas/24-008749-003/2024(H5N1)	1022	9476
PB2|PP755596.1|A/cattle/Texas/24-008749-003/2024(H5N1)	1023	9293
PB2|PP755596.1|A/cattle/Texas/24-008749-003/2024(H5N1)	1024	9392
PB2|PP755596.1|A/cattle/Texas/24-008749-003/2024(H5N1)	1025	9474
PB2|PP755596.1|A/cattle/Texas/24-008749-003/2024(H5N1)	1026	9458
PB2|PP755596.1|A/cattle/Texas/24-008749-003/2024(H5N1)	1027	9474
PB2|PP755596.1|A/cattle/Texas/24-008749-003/2024(H5N1)	1028	9429
PB2|PP755596.1|A/cattle/Texas/24-008749-003/2024(H5N1)	1029	9254
PB2|PP755596.1|A/cattle/Texas/24-008749-003/2024(H5N1)	1030	9305
PB2|PP755596.1|A/cattle/Texas/24-008749-003/2024(H5N1)	1031	9211
PB2|PP755596.1|A/cattle/Texas/24-008749-003/2024(H5N1)	1032	9323
PB2|PP755596.1|A/cattle/Texas/24-008749-003/2024(H5N1)	1033	9168
PB2|PP755596.1|A/cattle/Texas/24-008749-003/2024(H5N1)	1034	9333
PB2|PP755596.1|A/cattle/Texas/24-008749-003/2024(H5N1)	1035	9336
PB2|PP755596.1|A/cattle/Texas/24-008749-003/2024(H5N1)	1036	9324
PB2|PP755596.1|A/cattle/Texas/24-008749-003/2024(H5N1)	1037	9311
PB2|PP755596.1|A/cattle/Texas/24-008749-003/2024(H5N1)	1038	9312
PB2|PP755596.1|A/cattle/Texas/24-008749-003/2024(H5N1)	1039	9282
PB2|PP755596.1|A/cattle/Texas/24-008749-003/2024(H5N1)	1040	9289
PB2|PP755596.1|A/cattle/Texas/24-008749-003/2024(H5N1)	1041	9174
PB2|PP755596.1|A/cattle/Texas/24-008749-003/2024(H5N1)	1042	9125
PB2|PP755596.1|A/cattle/Texas/24-008749-003/2024(H5N1)	1043	9143
PB2|PP755596.1|A/cattle/Texas/24-008749-003/2024(H5N1)	1044	9276
PB2|PP755596.1|A/cattle/Texas/24-008749-003/2024(H5N1)	1045	9322
PB2|PP755596.1|A/cattle/Texas/24-008749-003/2024(H5N1)	1046	9382
PB2|PP755596.1|A/cattle/Texas/24-008749-003/2024(H5N1)	1047	9378
PB2|PP755596.1|A/cattle/Texas/24-008749-003/2024(H5N1)	1048	9560
PB2|PP755596.1|A/cattle/Texas/24-008749-003/2024(H5N1)	1049	9560
PB2|PP755596.1|A/cattle/Texas/24-008749-003/2024(H5N1)	1050	9567
PB2|PP755596.1|A/cattle/Texas/24-008749-003/2024(H5N1)	1051	9537
PB2|PP755596.1|A/cattle/Texas/24-008749-003/2024(H5N1)	1052	9462
PB2|PP755596.1|A/cattle/Texas/24-008749-003/2024(H5N1)	1053	9362
PB2|PP755596.1|A/cattle/Texas/24-008749-003/2024(H5N1)	1054	9341
PB2|PP755596.1|A/cattle/Texas/24-008749-003/2024(H5N1)	1055	9332
PB2|PP755596.1|A/cattle/Texas/24-008749-003/2024(H5N1)	1056	9418
PB2|PP755596.1|A/cattle/Texas/24-008749-003/2024(H5N1)	1057	9418
PB2|PP755596.1|A/cattle/Texas/24-008749-003/2024(H5N1)	1058	9622
PB2|PP755596.1|A/cattle/Texas/24-008749-003/2024(H5N1)	1059	9614
PB2|PP755596.1|A/cattle/Texas/24-008749-003/2024(H5N1)	1060	9624
PB2|PP755596.1|A/cattle/Texas/24-008749-003/2024(H5N1)	1061	9540
PB2|PP755596.1|A/cattle/Texas/24-008749-003/2024(H5N1)	1062	9604
PB2|PP755596.1|A/cattle/Texas/24-008749-003/2024(H5N1)	1063	9452
PB2|PP755596.1|A/cattle/Texas/24-008749-003/2024(H5N1)	1064	9457
PB2|PP755596.1|A/cattle/Texas/24-008749-003/2024(H5N1)	1065	9505
PB2|PP755596.1|A/cattle/Texas/24-008749-003/2024(H5N1)	1066	9776
PB2|PP755596.1|A/cattle/Texas/24-008749-003/2024(H5N1)	1067	9739
PB2|PP755596.1|A/cattle/Texas/24-008749-003/2024(H5N1)	1068	9821
PB2|PP755596.1|A/cattle/Texas/24-008749-003/2024(H5N1)	1069	9891
PB2|PP755596.1|A/cattle/Texas/24-008749-003/2024(H5N1)	1070	9897
PB2|PP755596.1|A/cattle/Texas/24-008749-003/2024(H5N1)	1071	9849
PB2|PP755596.1|A/cattle/Texas/24-008749-003/2024(H5N1)	1072	9852
PB2|PP755596.1|A/cattle/Texas/24-008749-003/2024(H5N1)	1073	9882
PB2|PP755596.1|A/cattle/Texas/24-008749-003/2024(H5N1)	1074	9965
PB2|PP755596.1|A/cattle/Texas/24-008749-003/2024(H5N1)	1075	9870
PB2|PP755596.1|A/cattle/Texas/24-008749-003/2024(H5N1)	1076	9859
PB2|PP755596.1|A/cattle/Texas/24-008749-003/2024(H5N1)	1077	9898
PB2|PP755596.1|A/cattle/Texas/24-008749-003/2024(H5N1)	1078	9581
PB2|PP755596.1|A/cattle/Texas/24-008749-003/2024(H5N1)	1079	9694
PB2|PP755596.1|A/cattle/Texas/24-008749-003/2024(H5N1)	1080	9639
PB2|PP755596.1|A/cattle/Texas/24-008749-003/2024(H5N1)	1081	9588
PB2|PP755596.1|A/cattle/Texas/24-008749-003/2024(H5N1)	1082	9582
PB2|PP755596.1|A/cattle/Texas/24-008749-003/2024(H5N1)	1083	9501
PB2|PP755596.1|A/cattle/Texas/24-008749-003/2024(H5N1)	1084	9465
PB2|PP755596.1|A/cattle/Texas/24-008749-003/2024(H5N1)	1085	8943
PB2|PP755596.1|A/cattle/Texas/24-008749-003/2024(H5N1)	1086	8940
PB2|PP755596.1|A/cattle/Texas/24-008749-003/2024(H5N1)	1087	9153
PB2|PP755596.1|A/cattle/Texas/24-008749-003/2024(H5N1)	1088	9531
PB2|PP755596.1|A/cattle/Texas/24-008749-003/2024(H5N1)	1089	9583
PB2|PP755596.1|A/cattle/Texas/24-008749-003/2024(H5N1)	1090	9592
PB2|PP755596.1|A/cattle/Texas/24-008749-003/2024(H5N1)	1091	9552
PB2|PP755596.1|A/cattle/Texas/24-008749-003/2024(H5N1)	1092	9549
PB2|PP755596.1|A/cattle/Texas/24-008749-003/2024(H5N1)	1093	9569
PB2|PP755596.1|A/cattle/Texas/24-008749-003/2024(H5N1)	1094	9565
PB2|PP755596.1|A/cattle/Texas/24-008749-003/2024(H5N1)	1095	9683
PB2|PP755596.1|A/cattle/Texas/24-008749-003/2024(H5N1)	1096	9761
PB2|PP755596.1|A/cattle/Texas/24-008749-003/2024(H5N1)	1097	9618
PB2|PP755596.1|A/cattle/Texas/24-008749-003/2024(H5N1)	1098	9663
PB2|PP755596.1|A/cattle/Texas/24-008749-003/2024(H5N1)	1099	9648
PB2|PP755596.1|A/cattle/Texas/24-008749-003/2024(H5N1)	1100	9697
PB2|PP755596.1|A/cattle/Texas/24-008749-003/2024(H5N1)	1101	9712
PB2|PP755596.1|A/cattle/Texas/24-008749-003/2024(H5N1)	1102	9679
PB2|PP755596.1|A/cattle/Texas/24-008749-003/2024(H5N1)	1103	9754
PB2|PP755596.1|A/cattle/Texas/24-008749-003/2024(H5N1)	1104	9455
PB2|PP755596.1|A/cattle/Texas/24-008749-003/2024(H5N1)	1105	9246
PB2|PP755596.1|A/cattle/Texas/24-008749-003/2024(H5N1)	1106	9332
PB2|PP755596.1|A/cattle/Texas/24-008749-003/2024(H5N1)	1107	9327
PB2|PP755596.1|A/cattle/Texas/24-008749-003/2024(H5N1)	1108	9356
PB2|PP755596.1|A/cattle/Texas/24-008749-003/2024(H5N1)	1109	9395
PB2|PP755596.1|A/cattle/Texas/24-008749-003/2024(H5N1)	1110	9374
PB2|PP755596.1|A/cattle/Texas/24-008749-003/2024(H5N1)	1111	9378
PB2|PP755596.1|A/cattle/Texas/24-008749-003/2024(H5N1)	1112	9389
PB2|PP755596.1|A/cattle/Texas/24-008749-003/2024(H5N1)	1113	9394
PB2|PP755596.1|A/cattle/Texas/24-008749-003/2024(H5N1)	1114	9394
PB2|PP755596.1|A/cattle/Texas/24-008749-003/2024(H5N1)	1115	9149
PB2|PP755596.1|A/cattle/Texas/24-008749-003/2024(H5N1)	1116	9146
PB2|PP755596.1|A/cattle/Texas/24-008749-003/2024(H5N1)	1117	9451
PB2|PP755596.1|A/cattle/Texas/24-008749-003/2024(H5N1)	1118	9504
PB2|PP755596.1|A/cattle/Texas/24-008749-003/2024(H5N1)	1119	9508
PB2|PP755596.1|A/cattle/Texas/24-008749-003/2024(H5N1)	1120	9359
PB2|PP755596.1|A/cattle/Texas/24-008749-003/2024(H5N1)	1121	9323
PB2|PP755596.1|A/cattle/Texas/24-008749-003/2024(H5N1)	1122	9349
PB2|PP755596.1|A/cattle/Texas/24-008749-003/2024(H5N1)	1123	9344
PB2|PP755596.1|A/cattle/Texas/24-008749-003/2024(H5N1)	1124	9350
PB2|PP755596.1|A/cattle/Texas/24-008749-003/2024(H5N1)	1125	9357
PB2|PP755596.1|A/cattle/Texas/24-008749-003/2024(H5N1)	1126	9233
PB2|PP755596.1|A/cattle/Texas/24-008749-003/2024(H5N1)	1127	9184
PB2|PP755596.1|A/cattle/Texas/24-008749-003/2024(H5N1)	1128	9170
PB2|PP755596.1|A/cattle/Texas/24-008749-003/2024(H5N1)	1129	9208
PB2|PP755596.1|A/cattle/Texas/24-008749-003/2024(H5N1)	1130	9181
PB2|PP755596.1|A/cattle/Texas/24-008749-003/2024(H5N1)	1131	9181
PB2|PP755596.1|A/cattle/Texas/24-008749-003/2024(H5N1)	1132	9502
PB2|PP755596.1|A/cattle/Texas/24-008749-003/2024(H5N1)	1133	9899
PB2|PP755596.1|A/cattle/Texas/24-008749-003/2024(H5N1)	1134	9891
PB2|PP755596.1|A/cattle/Texas/24-008749-003/2024(H5N1)	1135	9875
PB2|PP755596.1|A/cattle/Texas/24-008749-003/2024(H5N1)	1136	9881
PB2|PP755596.1|A/cattle/Texas/24-008749-003/2024(H5N1)	1137	9846
PB2|PP755596.1|A/cattle/Texas/24-008749-003/2024(H5N1)	1138	9853
PB2|PP755596.1|A/cattle/Texas/24-008749-003/2024(H5N1)	1139	9929
PB2|PP755596.1|A/cattle/Texas/24-008749-003/2024(H5N1)	1140	10102
PB2|PP755596.1|A/cattle/Texas/24-008749-003/2024(H5N1)	1141	10114
PB2|PP755596.1|A/cattle/Texas/24-008749-003/2024(H5N1)	1142	9644
PB2|PP755596.1|A/cattle/Texas/24-008749-003/2024(H5N1)	1143	9696
PB2|PP755596.1|A/cattle/Texas/24-008749-003/2024(H5N1)	1144	9913
PB2|PP755596.1|A/cattle/Texas/24-008749-003/2024(H5N1)	1145	9894
PB2|PP755596.1|A/cattle/Texas/24-008749-003/2024(H5N1)	1146	9771
PB2|PP755596.1|A/cattle/Texas/24-008749-003/2024(H5N1)	1147	9749
PB2|PP755596.1|A/cattle/Texas/24-008749-003/2024(H5N1)	1148	10070
PB2|PP755596.1|A/cattle/Texas/24-008749-003/2024(H5N1)	1149	10091
PB2|PP755596.1|A/cattle/Texas/24-008749-003/2024(H5N1)	1150	10158
PB2|PP755596.1|A/cattle/Texas/24-008749-003/2024(H5N1)	1151	10242
PB2|PP755596.1|A/cattle/Texas/24-008749-003/2024(H5N1)	1152	10241
PB2|PP755596.1|A/cattle/Texas/24-008749-003/2024(H5N1)	1153	10299
PB2|PP755596.1|A/cattle/Texas/24-008749-003/2024(H5N1)	1154	10301
PB2|PP755596.1|A/cattle/Texas/24-008749-003/2024(H5N1)	1155	10235
PB2|PP755596.1|A/cattle/Texas/24-008749-003/2024(H5N1)	1156	10254
PB2|PP755596.1|A/cattle/Texas/24-008749-003/2024(H5N1)	1157	10039
PB2|PP755596.1|A/cattle/Texas/24-008749-003/2024(H5N1)	1158	10048
PB2|PP755596.1|A/cattle/Texas/24-008749-003/2024(H5N1)	1159	10043
PB2|PP755596.1|A/cattle/Texas/24-008749-003/2024(H5N1)	1160	10172
PB2|PP755596.1|A/cattle/Texas/24-008749-003/2024(H5N1)	1161	10384
PB2|PP755596.1|A/cattle/Texas/24-008749-003/2024(H5N1)	1162	10342
PB2|PP755596.1|A/cattle/Texas/24-008749-003/2024(H5N1)	1163	10147
PB2|PP755596.1|A/cattle/Texas/24-008749-003/2024(H5N1)	1164	10138
PB2|PP755596.1|A/cattle/Texas/24-008749-003/2024(H5N1)	1165	10121
PB2|PP755596.1|A/cattle/Texas/24-008749-003/2024(H5N1)	1166	10232
PB2|PP755596.1|A/cattle/Texas/24-008749-003/2024(H5N1)	1167	10257
PB2|PP755596.1|A/cattle/Texas/24-008749-003/2024(H5N1)	1168	10295
PB2|PP755596.1|A/cattle/Texas/24-008749-003/2024(H5N1)	1169	10263
PB2|PP755596.1|A/cattle/Texas/24-008749-003/2024(H5N1)	1170	10340
PB2|PP755596.1|A/cattle/Texas/24-008749-003/2024(H5N1)	1171	10344
PB2|PP755596.1|A/cattle/Texas/24-008749-003/2024(H5N1)	1172	10347
PB2|PP755596.1|A/cattle/Texas/24-008749-003/2024(H5N1)	1173	10347
PB2|PP755596.1|A/cattle/Texas/24-008749-003/2024(H5N1)	1174	10272
PB2|PP755596.1|A/cattle/Texas/24-008749-003/2024(H5N1)	1175	10170
PB2|PP755596.1|A/cattle/Texas/24-008749-003/2024(H5N1)	1176	10424
PB2|PP755596.1|A/cattle/Texas/24-008749-003/2024(H5N1)	1177	10350
PB2|PP755596.1|A/cattle/Texas/24-008749-003/2024(H5N1)	1178	10368
PB2|PP755596.1|A/cattle/Texas/24-008749-003/2024(H5N1)	1179	10364
PB2|PP755596.1|A/cattle/Texas/24-008749-003/2024(H5N1)	1180	10425
PB2|PP755596.1|A/cattle/Texas/24-008749-003/2024(H5N1)	1181	10396
PB2|PP755596.1|A/cattle/Texas/24-008749-003/2024(H5N1)	1182	10386
PB2|PP755596.1|A/cattle/Texas/24-008749-003/2024(H5N1)	1183	10263
PB2|PP755596.1|A/cattle/Texas/24-008749-003/2024(H5N1)	1184	10274
PB2|PP755596.1|A/cattle/Texas/24-008749-003/2024(H5N1)	1185	10075
PB2|PP755596.1|A/cattle/Texas/24-008749-003/2024(H5N1)	1186	10076
PB2|PP755596.1|A/cattle/Texas/24-008749-003/2024(H5N1)	1187	10065
PB2|PP755596.1|A/cattle/Texas/24-008749-003/2024(H5N1)	1188	10152
PB2|PP755596.1|A/cattle/Texas/24-008749-003/2024(H5N1)	1189	10169
PB2|PP755596.1|A/cattle/Texas/24-008749-003/2024(H5N1)	1190	10377
PB2|PP755596.1|A/cattle/Texas/24-008749-003/2024(H5N1)	1191	10364
PB2|PP755596.1|A/cattle/Texas/24-008749-003/2024(H5N1)	1192	10360
PB2|PP755596.1|A/cattle/Texas/24-008749-003/2024(H5N1)	1193	10370
PB2|PP755596.1|A/cattle/Texas/24-008749-003/2024(H5N1)	1194	10363
PB2|PP755596.1|A/cattle/Texas/24-008749-003/2024(H5N1)	1195	10312
PB2|PP755596.1|A/cattle/Texas/24-008749-003/2024(H5N1)	1196	10278
PB2|PP755596.1|A/cattle/Texas/24-008749-003/2024(H5N1)	1197	10177
PB2|PP755596.1|A/cattle/Texas/24-008749-003/2024(H5N1)	1198	10187
PB2|PP755596.1|A/cattle/Texas/24-008749-003/2024(H5N1)	1199	9991
PB2|PP755596.1|A/cattle/Texas/24-008749-003/2024(H5N1)	1200	10033
PB2|PP755596.1|A/cattle/Texas/24-008749-003/2024(H5N1)	1201	10045
PB2|PP755596.1|A/cattle/Texas/24-008749-003/2024(H5N1)	1202	10032
PB2|PP755596.1|A/cattle/Texas/24-008749-003/2024(H5N1)	1203	10008
PB2|PP755596.1|A/cattle/Texas/24-008749-003/2024(H5N1)	1204	10020
PB2|PP755596.1|A/cattle/Texas/24-008749-003/2024(H5N1)	1205	10035
PB2|PP755596.1|A/cattle/Texas/24-008749-003/2024(H5N1)	1206	10187
PB2|PP755596.1|A/cattle/Texas/24-008749-003/2024(H5N1)	1207	10224
PB2|PP755596.1|A/cattle/Texas/24-008749-003/2024(H5N1)	1208	10335
PB2|PP755596.1|A/cattle/Texas/24-008749-003/2024(H5N1)	1209	10220
PB2|PP755596.1|A/cattle/Texas/24-008749-003/2024(H5N1)	1210	10192
PB2|PP755596.1|A/cattle/Texas/24-008749-003/2024(H5N1)	1211	10339
PB2|PP755596.1|A/cattle/Texas/24-008749-003/2024(H5N1)	1212	10349
PB2|PP755596.1|A/cattle/Texas/24-008749-003/2024(H5N1)	1213	10287
PB2|PP755596.1|A/cattle/Texas/24-008749-003/2024(H5N1)	1214	10358
PB2|PP755596.1|A/cattle/Texas/24-008749-003/2024(H5N1)	1215	10216
PB2|PP755596.1|A/cattle/Texas/24-008749-003/2024(H5N1)	1216	10083
PB2|PP755596.1|A/cattle/Texas/24-008749-003/2024(H5N1)	1217	9943
PB2|PP755596.1|A/cattle/Texas/24-008749-003/2024(H5N1)	1218	9981
PB2|PP755596.1|A/cattle/Texas/24-008749-003/2024(H5N1)	1219	10128
PB2|PP755596.1|A/cattle/Texas/24-008749-003/2024(H5N1)	1220	9827
PB2|PP755596.1|A/cattle/Texas/24-008749-003/2024(H5N1)	1221	9945
PB2|PP755596.1|A/cattle/Texas/24-008749-003/2024(H5N1)	1222	9980
PB2|PP755596.1|A/cattle/Texas/24-008749-003/2024(H5N1)	1223	9898
PB2|PP755596.1|A/cattle/Texas/24-008749-003/2024(H5N1)	1224	9946
PB2|PP755596.1|A/cattle/Texas/24-008749-003/2024(H5N1)	1225	9780
PB2|PP755596.1|A/cattle/Texas/24-008749-003/2024(H5N1)	1226	9759
PB2|PP755596.1|A/cattle/Texas/24-008749-003/2024(H5N1)	1227	9461
PB2|PP755596.1|A/cattle/Texas/24-008749-003/2024(H5N1)	1228	9503
PB2|PP755596.1|A/cattle/Texas/24-008749-003/2024(H5N1)	1229	9564
PB2|PP755596.1|A/cattle/Texas/24-008749-003/2024(H5N1)	1230	9823
PB2|PP755596.1|A/cattle/Texas/24-008749-003/2024(H5N1)	1231	9840
PB2|PP755596.1|A/cattle/Texas/24-008749-003/2024(H5N1)	1232	9789
PB2|PP755596.1|A/cattle/Texas/24-008749-003/2024(H5N1)	1233	9761
PB2|PP755596.1|A/cattle/Texas/24-008749-003/2024(H5N1)	1234	9777
PB2|PP755596.1|A/cattle/Texas/24-008749-003/2024(H5N1)	1235	9731
PB2|PP755596.1|A/cattle/Texas/24-008749-003/2024(H5N1)	1236	9740
PB2|PP755596.1|A/cattle/Texas/24-008749-003/2024(H5N1)	1237	9707
PB2|PP755596.1|A/cattle/Texas/24-008749-003/2024(H5N1)	1238	9655
PB2|PP755596.1|A/cattle/Texas/24-008749-003/2024(H5N1)	1239	9338
PB2|PP755596.1|A/cattle/Texas/24-008749-003/2024(H5N1)	1240	9445
PB2|PP755596.1|A/cattle/Texas/24-008749-003/2024(H5N1)	1241	9638
PB2|PP755596.1|A/cattle/Texas/24-008749-003/2024(H5N1)	1242	9601
PB2|PP755596.1|A/cattle/Texas/24-008749-003/2024(H5N1)	1243	9678
PB2|PP755596.1|A/cattle/Texas/24-008749-003/2024(H5N1)	1244	9651
PB2|PP755596.1|A/cattle/Texas/24-008749-003/2024(H5N1)	1245	9779
PB2|PP755596.1|A/cattle/Texas/24-008749-003/2024(H5N1)	1246	9649
PB2|PP755596.1|A/cattle/Texas/24-008749-003/2024(H5N1)	1247	9550
PB2|PP755596.1|A/cattle/Texas/24-008749-003/2024(H5N1)	1248	9440
PB2|PP755596.1|A/cattle/Texas/24-008749-003/2024(H5N1)	1249	9407
PB2|PP755596.1|A/cattle/Texas/24-008749-003/2024(H5N1)	1250	9512
PB2|PP755596.1|A/cattle/Texas/24-008749-003/2024(H5N1)	1251	9467
PB2|PP755596.1|A/cattle/Texas/24-008749-003/2024(H5N1)	1252	9404
PB2|PP755596.1|A/cattle/Texas/24-008749-003/2024(H5N1)	1253	9370
PB2|PP755596.1|A/cattle/Texas/24-008749-003/2024(H5N1)	1254	9421
PB2|PP755596.1|A/cattle/Texas/24-008749-003/2024(H5N1)	1255	9530
PB2|PP755596.1|A/cattle/Texas/24-008749-003/2024(H5N1)	1256	9541
PB2|PP755596.1|A/cattle/Texas/24-008749-003/2024(H5N1)	1257	9464
PB2|PP755596.1|A/cattle/Texas/24-008749-003/2024(H5N1)	1258	9381
PB2|PP755596.1|A/cattle/Texas/24-008749-003/2024(H5N1)	1259	9443
PB2|PP755596.1|A/cattle/Texas/24-008749-003/2024(H5N1)	1260	9432
PB2|PP755596.1|A/cattle/Texas/24-008749-003/2024(H5N1)	1261	9445
PB2|PP755596.1|A/cattle/Texas/24-008749-003/2024(H5N1)	1262	9472
PB2|PP755596.1|A/cattle/Texas/24-008749-003/2024(H5N1)	1263	9429
PB2|PP755596.1|A/cattle/Texas/24-008749-003/2024(H5N1)	1264	9419
PB2|PP755596.1|A/cattle/Texas/24-008749-003/2024(H5N1)	1265	9407
PB2|PP755596.1|A/cattle/Texas/24-008749-003/2024(H5N1)	1266	9405
PB2|PP755596.1|A/cattle/Texas/24-008749-003/2024(H5N1)	1267	9393
PB2|PP755596.1|A/cattle/Texas/24-008749-003/2024(H5N1)	1268	9221
PB2|PP755596.1|A/cattle/Texas/24-008749-003/2024(H5N1)	1269	9288
PB2|PP755596.1|A/cattle/Texas/24-008749-003/2024(H5N1)	1270	9346
PB2|PP755596.1|A/cattle/Texas/24-008749-003/2024(H5N1)	1271	9341
PB2|PP755596.1|A/cattle/Texas/24-008749-003/2024(H5N1)	1272	9313
PB2|PP755596.1|A/cattle/Texas/24-008749-003/2024(H5N1)	1273	9330
PB2|PP755596.1|A/cattle/Texas/24-008749-003/2024(H5N1)	1274	9355
PB2|PP755596.1|A/cattle/Texas/24-008749-003/2024(H5N1)	1275	9368
PB2|PP755596.1|A/cattle/Texas/24-008749-003/2024(H5N1)	1276	9357
PB2|PP755596.1|A/cattle/Texas/24-008749-003/2024(H5N1)	1277	9219
PB2|PP755596.1|A/cattle/Texas/24-008749-003/2024(H5N1)	1278	9226
PB2|PP755596.1|A/cattle/Texas/24-008749-003/2024(H5N1)	1279	9380
PB2|PP755596.1|A/cattle/Texas/24-008749-003/2024(H5N1)	1280	9379
PB2|PP755596.1|A/cattle/Texas/24-008749-003/2024(H5N1)	1281	9629
PB2|PP755596.1|A/cattle/Texas/24-008749-003/2024(H5N1)	1282	9193
PB2|PP755596.1|A/cattle/Texas/24-008749-003/2024(H5N1)	1283	8877
PB2|PP755596.1|A/cattle/Texas/24-008749-003/2024(H5N1)	1284	8913
PB2|PP755596.1|A/cattle/Texas/24-008749-003/2024(H5N1)	1285	8920
PB2|PP755596.1|A/cattle/Texas/24-008749-003/2024(H5N1)	1286	9160
PB2|PP755596.1|A/cattle/Texas/24-008749-003/2024(H5N1)	1287	9151
PB2|PP755596.1|A/cattle/Texas/24-008749-003/2024(H5N1)	1288	9609
PB2|PP755596.1|A/cattle/Texas/24-008749-003/2024(H5N1)	1289	9587
PB2|PP755596.1|A/cattle/Texas/24-008749-003/2024(H5N1)	1290	9356
PB2|PP755596.1|A/cattle/Texas/24-008749-003/2024(H5N1)	1291	9372
PB2|PP755596.1|A/cattle/Texas/24-008749-003/2024(H5N1)	1292	9361
PB2|PP755596.1|A/cattle/Texas/24-008749-003/2024(H5N1)	1293	9354
PB2|PP755596.1|A/cattle/Texas/24-008749-003/2024(H5N1)	1294	9392
PB2|PP755596.1|A/cattle/Texas/24-008749-003/2024(H5N1)	1295	9177
PB2|PP755596.1|A/cattle/Texas/24-008749-003/2024(H5N1)	1296	9191
PB2|PP755596.1|A/cattle/Texas/24-008749-003/2024(H5N1)	1297	9165
PB2|PP755596.1|A/cattle/Texas/24-008749-003/2024(H5N1)	1298	9116
PB2|PP755596.1|A/cattle/Texas/24-008749-003/2024(H5N1)	1299	9012
PB2|PP755596.1|A/cattle/Texas/24-008749-003/2024(H5N1)	1300	9045
PB2|PP755596.1|A/cattle/Texas/24-008749-003/2024(H5N1)	1301	9187
PB2|PP755596.1|A/cattle/Texas/24-008749-003/2024(H5N1)	1302	9258
PB2|PP755596.1|A/cattle/Texas/24-008749-003/2024(H5N1)	1303	9187
PB2|PP755596.1|A/cattle/Texas/24-008749-003/2024(H5N1)	1304	9277
PB2|PP755596.1|A/cattle/Texas/24-008749-003/2024(H5N1)	1305	9261
PB2|PP755596.1|A/cattle/Texas/24-008749-003/2024(H5N1)	1306	9249
PB2|PP755596.1|A/cattle/Texas/24-008749-003/2024(H5N1)	1307	9222
PB2|PP755596.1|A/cattle/Texas/24-008749-003/2024(H5N1)	1308	9008
PB2|PP755596.1|A/cattle/Texas/24-008749-003/2024(H5N1)	1309	9094
PB2|PP755596.1|A/cattle/Texas/24-008749-003/2024(H5N1)	1310	9029
PB2|PP755596.1|A/cattle/Texas/24-008749-003/2024(H5N1)	1311	9159
PB2|PP755596.1|A/cattle/Texas/24-008749-003/2024(H5N1)	1312	9177
PB2|PP755596.1|A/cattle/Texas/24-008749-003/2024(H5N1)	1313	9224
PB2|PP755596.1|A/cattle/Texas/24-008749-003/2024(H5N1)	1314	9484
PB2|PP755596.1|A/cattle/Texas/24-008749-003/2024(H5N1)	1315	9476
PB2|PP755596.1|A/cattle/Texas/24-008749-003/2024(H5N1)	1316	9474
PB2|PP755596.1|A/cattle/Texas/24-008749-003/2024(H5N1)	1317	9451
PB2|PP755596.1|A/cattle/Texas/24-008749-003/2024(H5N1)	1318	9397
PB2|PP755596.1|A/cattle/Texas/24-008749-003/2024(H5N1)	1319	9365
PB2|PP755596.1|A/cattle/Texas/24-008749-003/2024(H5N1)	1320	9296
PB2|PP755596.1|A/cattle/Texas/24-008749-003/2024(H5N1)	1321	9073
PB2|PP755596.1|A/cattle/Texas/24-008749-003/2024(H5N1)	1322	10272
PB2|PP755596.1|A/cattle/Texas/24-008749-003/2024(H5N1)	1323	10268
PB2|PP755596.1|A/cattle/Texas/24-008749-003/2024(H5N1)	1324	10271
PB2|PP755596.1|A/cattle/Texas/24-008749-003/2024(H5N1)	1325	10397
PB2|PP755596.1|A/cattle/Texas/24-008749-003/2024(H5N1)	1326	10414
PB2|PP755596.1|A/cattle/Texas/24-008749-003/2024(H5N1)	1327	10460
PB2|PP755596.1|A/cattle/Texas/24-008749-003/2024(H5N1)	1328	10458
PB2|PP755596.1|A/cattle/Texas/24-008749-003/2024(H5N1)	1329	10410
PB2|PP755596.1|A/cattle/Texas/24-008749-003/2024(H5N1)	1330	10414
PB2|PP755596.1|A/cattle/Texas/24-008749-003/2024(H5N1)	1331	10345
PB2|PP755596.1|A/cattle/Texas/24-008749-003/2024(H5N1)	1332	10348
PB2|PP755596.1|A/cattle/Texas/24-008749-003/2024(H5N1)	1333	10393
PB2|PP755596.1|A/cattle/Texas/24-008749-003/2024(H5N1)	1334	10370
PB2|PP755596.1|A/cattle/Texas/24-008749-003/2024(H5N1)	1335	10375
PB2|PP755596.1|A/cattle/Texas/24-008749-003/2024(H5N1)	1336	10642
PB2|PP755596.1|A/cattle/Texas/24-008749-003/2024(H5N1)	1337	10651
PB2|PP755596.1|A/cattle/Texas/24-008749-003/2024(H5N1)	1338	10590
PB2|PP755596.1|A/cattle/Texas/24-008749-003/2024(H5N1)	1339	10571
PB2|PP755596.1|A/cattle/Texas/24-008749-003/2024(H5N1)	1340	10568
PB2|PP755596.1|A/cattle/Texas/24-008749-003/2024(H5N1)	1341	10629
PB2|PP755596.1|A/cattle/Texas/24-008749-003/2024(H5N1)	1342	10629
PB2|PP755596.1|A/cattle/Texas/24-008749-003/2024(H5N1)	1343	10733
PB2|PP755596.1|A/cattle/Texas/24-008749-003/2024(H5N1)	1344	10727
PB2|PP755596.1|A/cattle/Texas/24-008749-003/2024(H5N1)	1345	10690
PB2|PP755596.1|A/cattle/Texas/24-008749-003/2024(H5N1)	1346	10652
PB2|PP755596.1|A/cattle/Texas/24-008749-003/2024(H5N1)	1347	10646
PB2|PP755596.1|A/cattle/Texas/24-008749-003/2024(H5N1)	1348	10656
PB2|PP755596.1|A/cattle/Texas/24-008749-003/2024(H5N1)	1349	10779
PB2|PP755596.1|A/cattle/Texas/24-008749-003/2024(H5N1)	1350	10758
PB2|PP755596.1|A/cattle/Texas/24-008749-003/2024(H5N1)	1351	10781
PB2|PP755596.1|A/cattle/Texas/24-008749-003/2024(H5N1)	1352	10760
PB2|PP755596.1|A/cattle/Texas/24-008749-003/2024(H5N1)	1353	10741
PB2|PP755596.1|A/cattle/Texas/24-008749-003/2024(H5N1)	1354	10740
PB2|PP755596.1|A/cattle/Texas/24-008749-003/2024(H5N1)	1355	10644
PB2|PP755596.1|A/cattle/Texas/24-008749-003/2024(H5N1)	1356	10664
PB2|PP755596.1|A/cattle/Texas/24-008749-003/2024(H5N1)	1357	10472
PB2|PP755596.1|A/cattle/Texas/24-008749-003/2024(H5N1)	1358	10490
PB2|PP755596.1|A/cattle/Texas/24-008749-003/2024(H5N1)	1359	10541
PB2|PP755596.1|A/cattle/Texas/24-008749-003/2024(H5N1)	1360	10466
PB2|PP755596.1|A/cattle/Texas/24-008749-003/2024(H5N1)	1361	10526
PB2|PP755596.1|A/cattle/Texas/24-008749-003/2024(H5N1)	1362	10383
PB2|PP755596.1|A/cattle/Texas/24-008749-003/2024(H5N1)	1363	10382
PB2|PP755596.1|A/cattle/Texas/24-008749-003/2024(H5N1)	1364	10376
PB2|PP755596.1|A/cattle/Texas/24-008749-003/2024(H5N1)	1365	10299
PB2|PP755596.1|A/cattle/Texas/24-008749-003/2024(H5N1)	1366	10147
PB2|PP755596.1|A/cattle/Texas/24-008749-003/2024(H5N1)	1367	10053
PB2|PP755596.1|A/cattle/Texas/24-008749-003/2024(H5N1)	1368	10070
PB2|PP755596.1|A/cattle/Texas/24-008749-003/2024(H5N1)	1369	10075
PB2|PP755596.1|A/cattle/Texas/24-008749-003/2024(H5N1)	1370	10033
PB2|PP755596.1|A/cattle/Texas/24-008749-003/2024(H5N1)	1371	10065
PB2|PP755596.1|A/cattle/Texas/24-008749-003/2024(H5N1)	1372	9908
PB2|PP755596.1|A/cattle/Texas/24-008749-003/2024(H5N1)	1373	9882
PB2|PP755596.1|A/cattle/Texas/24-008749-003/2024(H5N1)	1374	9888
PB2|PP755596.1|A/cattle/Texas/24-008749-003/2024(H5N1)	1375	9862
PB2|PP755596.1|A/cattle/Texas/24-008749-003/2024(H5N1)	1376	9822
PB2|PP755596.1|A/cattle/Texas/24-008749-003/2024(H5N1)	1377	9738
PB2|PP755596.1|A/cattle/Texas/24-008749-003/2024(H5N1)	1378	9687
PB2|PP755596.1|A/cattle/Texas/24-008749-003/2024(H5N1)	1379	9662
PB2|PP755596.1|A/cattle/Texas/24-008749-003/2024(H5N1)	1380	9768
PB2|PP755596.1|A/cattle/Texas/24-008749-003/2024(H5N1)	1381	9414
PB2|PP755596.1|A/cattle/Texas/24-008749-003/2024(H5N1)	1382	9462
PB2|PP755596.1|A/cattle/Texas/24-008749-003/2024(H5N1)	1383	9433
PB2|PP755596.1|A/cattle/Texas/24-008749-003/2024(H5N1)	1384	9409
PB2|PP755596.1|A/cattle/Texas/24-008749-003/2024(H5N1)	1385	9691
PB2|PP755596.1|A/cattle/Texas/24-008749-003/2024(H5N1)	1386	9651
PB2|PP755596.1|A/cattle/Texas/24-008749-003/2024(H5N1)	1387	9952
PB2|PP755596.1|A/cattle/Texas/24-008749-003/2024(H5N1)	1388	9950
PB2|PP755596.1|A/cattle/Texas/24-008749-003/2024(H5N1)	1389	10205
PB2|PP755596.1|A/cattle/Texas/24-008749-003/2024(H5N1)	1390	10171
PB2|PP755596.1|A/cattle/Texas/24-008749-003/2024(H5N1)	1391	10038
PB2|PP755596.1|A/cattle/Texas/24-008749-003/2024(H5N1)	1392	10129
PB2|PP755596.1|A/cattle/Texas/24-008749-003/2024(H5N1)	1393	10142
PB2|PP755596.1|A/cattle/Texas/24-008749-003/2024(H5N1)	1394	10102
PB2|PP755596.1|A/cattle/Texas/24-008749-003/2024(H5N1)	1395	9953
PB2|PP755596.1|A/cattle/Texas/24-008749-003/2024(H5N1)	1396	9960
PB2|PP755596.1|A/cattle/Texas/24-008749-003/2024(H5N1)	1397	10064
PB2|PP755596.1|A/cattle/Texas/24-008749-003/2024(H5N1)	1398	10076
PB2|PP755596.1|A/cattle/Texas/24-008749-003/2024(H5N1)	1399	10156
PB2|PP755596.1|A/cattle/Texas/24-008749-003/2024(H5N1)	1400	10017
PB2|PP755596.1|A/cattle/Texas/24-008749-003/2024(H5N1)	1401	10014
PB2|PP755596.1|A/cattle/Texas/24-008749-003/2024(H5N1)	1402	10017
PB2|PP755596.1|A/cattle/Texas/24-008749-003/2024(H5N1)	1403	9996
PB2|PP755596.1|A/cattle/Texas/24-008749-003/2024(H5N1)	1404	10031
PB2|PP755596.1|A/cattle/Texas/24-008749-003/2024(H5N1)	1405	10018
PB2|PP755596.1|A/cattle/Texas/24-008749-003/2024(H5N1)	1406	9911
PB2|PP755596.1|A/cattle/Texas/24-008749-003/2024(H5N1)	1407	9910
PB2|PP755596.1|A/cattle/Texas/24-008749-003/2024(H5N1)	1408	9904
PB2|PP755596.1|A/cattle/Texas/24-008749-003/2024(H5N1)	1409	9889
PB2|PP755596.1|A/cattle/Texas/24-008749-003/2024(H5N1)	1410	9783
PB2|PP755596.1|A/cattle/Texas/24-008749-003/2024(H5N1)	1411	9673
PB2|PP755596.1|A/cattle/Texas/24-008749-003/2024(H5N1)	1412	9652
PB2|PP755596.1|A/cattle/Texas/24-008749-003/2024(H5N1)	1413	9605
PB2|PP755596.1|A/cattle/Texas/24-008749-003/2024(H5N1)	1414	9816
PB2|PP755596.1|A/cattle/Texas/24-008749-003/2024(H5N1)	1415	9886
PB2|PP755596.1|A/cattle/Texas/24-008749-003/2024(H5N1)	1416	9898
PB2|PP755596.1|A/cattle/Texas/24-008749-003/2024(H5N1)	1417	9929
PB2|PP755596.1|A/cattle/Texas/24-008749-003/2024(H5N1)	1418	9831
PB2|PP755596.1|A/cattle/Texas/24-008749-003/2024(H5N1)	1419	9759
PB2|PP755596.1|A/cattle/Texas/24-008749-003/2024(H5N1)	1420	9889
PB2|PP755596.1|A/cattle/Texas/24-008749-003/2024(H5N1)	1421	9947
PB2|PP755596.1|A/cattle/Texas/24-008749-003/2024(H5N1)	1422	9941
PB2|PP755596.1|A/cattle/Texas/24-008749-003/2024(H5N1)	1423	9946
PB2|PP755596.1|A/cattle/Texas/24-008749-003/2024(H5N1)	1424	9970
PB2|PP755596.1|A/cattle/Texas/24-008749-003/2024(H5N1)	1425	9977
PB2|PP755596.1|A/cattle/Texas/24-008749-003/2024(H5N1)	1426	9972
PB2|PP755596.1|A/cattle/Texas/24-008749-003/2024(H5N1)	1427	9990
PB2|PP755596.1|A/cattle/Texas/24-008749-003/2024(H5N1)	1428	10112
PB2|PP755596.1|A/cattle/Texas/24-008749-003/2024(H5N1)	1429	9960
PB2|PP755596.1|A/cattle/Texas/24-008749-003/2024(H5N1)	1430	10497
PB2|PP755596.1|A/cattle/Texas/24-008749-003/2024(H5N1)	1431	10502
PB2|PP755596.1|A/cattle/Texas/24-008749-003/2024(H5N1)	1432	10304
PB2|PP755596.1|A/cattle/Texas/24-008749-003/2024(H5N1)	1433	10304
PB2|PP755596.1|A/cattle/Texas/24-008749-003/2024(H5N1)	1434	10295
PB2|PP755596.1|A/cattle/Texas/24-008749-003/2024(H5N1)	1435	10261
PB2|PP755596.1|A/cattle/Texas/24-008749-003/2024(H5N1)	1436	10288
PB2|PP755596.1|A/cattle/Texas/24-008749-003/2024(H5N1)	1437	10072
PB2|PP755596.1|A/cattle/Texas/24-008749-003/2024(H5N1)	1438	10096
PB2|PP755596.1|A/cattle/Texas/24-008749-003/2024(H5N1)	1439	9614
PB2|PP755596.1|A/cattle/Texas/24-008749-003/2024(H5N1)	1440	9587
PB2|PP755596.1|A/cattle/Texas/24-008749-003/2024(H5N1)	1441	9573
PB2|PP755596.1|A/cattle/Texas/24-008749-003/2024(H5N1)	1442	9602
PB2|PP755596.1|A/cattle/Texas/24-008749-003/2024(H5N1)	1443	9664
PB2|PP755596.1|A/cattle/Texas/24-008749-003/2024(H5N1)	1444	9633
PB2|PP755596.1|A/cattle/Texas/24-008749-003/2024(H5N1)	1445	9530
PB2|PP755596.1|A/cattle/Texas/24-008749-003/2024(H5N1)	1446	9634
PB2|PP755596.1|A/cattle/Texas/24-008749-003/2024(H5N1)	1447	9725
PB2|PP755596.1|A/cattle/Texas/24-008749-003/2024(H5N1)	1448	9721
PB2|PP755596.1|A/cattle/Texas/24-008749-003/2024(H5N1)	1449	9685
PB2|PP755596.1|A/cattle/Texas/24-008749-003/2024(H5N1)	1450	9460
PB2|PP755596.1|A/cattle/Texas/24-008749-003/2024(H5N1)	1451	9479
PB2|PP755596.1|A/cattle/Texas/24-008749-003/2024(H5N1)	1452	9360
PB2|PP755596.1|A/cattle/Texas/24-008749-003/2024(H5N1)	1453	9195
PB2|PP755596.1|A/cattle/Texas/24-008749-003/2024(H5N1)	1454	9220
PB2|PP755596.1|A/cattle/Texas/24-008749-003/2024(H5N1)	1455	9113
PB2|PP755596.1|A/cattle/Texas/24-008749-003/2024(H5N1)	1456	9274
PB2|PP755596.1|A/cattle/Texas/24-008749-003/2024(H5N1)	1457	9301
PB2|PP755596.1|A/cattle/Texas/24-008749-003/2024(H5N1)	1458	9342
PB2|PP755596.1|A/cattle/Texas/24-008749-003/2024(H5N1)	1459	9405
PB2|PP755596.1|A/cattle/Texas/24-008749-003/2024(H5N1)	1460	9267
PB2|PP755596.1|A/cattle/Texas/24-008749-003/2024(H5N1)	1461	9280
PB2|PP755596.1|A/cattle/Texas/24-008749-003/2024(H5N1)	1462	8962
PB2|PP755596.1|A/cattle/Texas/24-008749-003/2024(H5N1)	1463	8920
PB2|PP755596.1|A/cattle/Texas/24-008749-003/2024(H5N1)	1464	10233
PB2|PP755596.1|A/cattle/Texas/24-008749-003/2024(H5N1)	1465	9930
PB2|PP755596.1|A/cattle/Texas/24-008749-003/2024(H5N1)	1466	10056
PB2|PP755596.1|A/cattle/Texas/24-008749-003/2024(H5N1)	1467	10053
PB2|PP755596.1|A/cattle/Texas/24-008749-003/2024(H5N1)	1468	9985
PB2|PP755596.1|A/cattle/Texas/24-008749-003/2024(H5N1)	1469	10204
PB2|PP755596.1|A/cattle/Texas/24-008749-003/2024(H5N1)	1470	10209
PB2|PP755596.1|A/cattle/Texas/24-008749-003/2024(H5N1)	1471	10179
PB2|PP755596.1|A/cattle/Texas/24-008749-003/2024(H5N1)	1472	10123
PB2|PP755596.1|A/cattle/Texas/24-008749-003/2024(H5N1)	1473	8823
PB2|PP755596.1|A/cattle/Texas/24-008749-003/2024(H5N1)	1474	8865
PB2|PP755596.1|A/cattle/Texas/24-008749-003/2024(H5N1)	1475	8890
PB2|PP755596.1|A/cattle/Texas/24-008749-003/2024(H5N1)	1476	8882
PB2|PP755596.1|A/cattle/Texas/24-008749-003/2024(H5N1)	1477	8991
PB2|PP755596.1|A/cattle/Texas/24-008749-003/2024(H5N1)	1478	8940
PB2|PP755596.1|A/cattle/Texas/24-008749-003/2024(H5N1)	1479	8957
PB2|PP755596.1|A/cattle/Texas/24-008749-003/2024(H5N1)	1480	8989
PB2|PP755596.1|A/cattle/Texas/24-008749-003/2024(H5N1)	1481	9218
PB2|PP755596.1|A/cattle/Texas/24-008749-003/2024(H5N1)	1482	9216
PB2|PP755596.1|A/cattle/Texas/24-008749-003/2024(H5N1)	1483	9472
PB2|PP755596.1|A/cattle/Texas/24-008749-003/2024(H5N1)	1484	9462
PB2|PP755596.1|A/cattle/Texas/24-008749-003/2024(H5N1)	1485	9554
PB2|PP755596.1|A/cattle/Texas/24-008749-003/2024(H5N1)	1486	9558
PB2|PP755596.1|A/cattle/Texas/24-008749-003/2024(H5N1)	1487	9390
PB2|PP755596.1|A/cattle/Texas/24-008749-003/2024(H5N1)	1488	9385
PB2|PP755596.1|A/cattle/Texas/24-008749-003/2024(H5N1)	1489	9375
PB2|PP755596.1|A/cattle/Texas/24-008749-003/2024(H5N1)	1490	9383
PB2|PP755596.1|A/cattle/Texas/24-008749-003/2024(H5N1)	1491	9678
PB2|PP755596.1|A/cattle/Texas/24-008749-003/2024(H5N1)	1492	9399
PB2|PP755596.1|A/cattle/Texas/24-008749-003/2024(H5N1)	1493	9399
PB2|PP755596.1|A/cattle/Texas/24-008749-003/2024(H5N1)	1494	9284
PB2|PP755596.1|A/cattle/Texas/24-008749-003/2024(H5N1)	1495	9285
PB2|PP755596.1|A/cattle/Texas/24-008749-003/2024(H5N1)	1496	9731
PB2|PP755596.1|A/cattle/Texas/24-008749-003/2024(H5N1)	1497	9718
PB2|PP755596.1|A/cattle/Texas/24-008749-003/2024(H5N1)	1498	9708
PB2|PP755596.1|A/cattle/Texas/24-008749-003/2024(H5N1)	1499	9700
PB2|PP755596.1|A/cattle/Texas/24-008749-003/2024(H5N1)	1500	9727
PB2|PP755596.1|A/cattle/Texas/24-008749-003/2024(H5N1)	1501	9983
PB2|PP755596.1|A/cattle/Texas/24-008749-003/2024(H5N1)	1502	9939
PB2|PP755596.1|A/cattle/Texas/24-008749-003/2024(H5N1)	1503	10049
PB2|PP755596.1|A/cattle/Texas/24-008749-003/2024(H5N1)	1504	10066
PB2|PP755596.1|A/cattle/Texas/24-008749-003/2024(H5N1)	1505	10065
PB2|PP755596.1|A/cattle/Texas/24-008749-003/2024(H5N1)	1506	10071
PB2|PP755596.1|A/cattle/Texas/24-008749-003/2024(H5N1)	1507	10026
PB2|PP755596.1|A/cattle/Texas/24-008749-003/2024(H5N1)	1508	9972
PB2|PP755596.1|A/cattle/Texas/24-008749-003/2024(H5N1)	1509	9849
PB2|PP755596.1|A/cattle/Texas/24-008749-003/2024(H5N1)	1510	9871
PB2|PP755596.1|A/cattle/Texas/24-008749-003/2024(H5N1)	1511	9904
PB2|PP755596.1|A/cattle/Texas/24-008749-003/2024(H5N1)	1512	9870
PB2|PP755596.1|A/cattle/Texas/24-008749-003/2024(H5N1)	1513	9861
PB2|PP755596.1|A/cattle/Texas/24-008749-003/2024(H5N1)	1514	9862
PB2|PP755596.1|A/cattle/Texas/24-008749-003/2024(H5N1)	1515	9868
PB2|PP755596.1|A/cattle/Texas/24-008749-003/2024(H5N1)	1516	9852
PB2|PP755596.1|A/cattle/Texas/24-008749-003/2024(H5N1)	1517	9862
PB2|PP755596.1|A/cattle/Texas/24-008749-003/2024(H5N1)	1518	9888
PB2|PP755596.1|A/cattle/Texas/24-008749-003/2024(H5N1)	1519	9780
PB2|PP755596.1|A/cattle/Texas/24-008749-003/2024(H5N1)	1520	9747
PB2|PP755596.1|A/cattle/Texas/24-008749-003/2024(H5N1)	1521	9756
PB2|PP755596.1|A/cattle/Texas/24-008749-003/2024(H5N1)	1522	9728
PB2|PP755596.1|A/cattle/Texas/24-008749-003/2024(H5N1)	1523	9730
PB2|PP755596.1|A/cattle/Texas/24-008749-003/2024(H5N1)	1524	9787
PB2|PP755596.1|A/cattle/Texas/24-008749-003/2024(H5N1)	1525	9773
PB2|PP755596.1|A/cattle/Texas/24-008749-003/2024(H5N1)	1526	9843
PB2|PP755596.1|A/cattle/Texas/24-008749-003/2024(H5N1)	1527	9902
PB2|PP755596.1|A/cattle/Texas/24-008749-003/2024(H5N1)	1528	9872
PB2|PP755596.1|A/cattle/Texas/24-008749-003/2024(H5N1)	1529	10286
PB2|PP755596.1|A/cattle/Texas/24-008749-003/2024(H5N1)	1530	10258
PB2|PP755596.1|A/cattle/Texas/24-008749-003/2024(H5N1)	1531	10679
PB2|PP755596.1|A/cattle/Texas/24-008749-003/2024(H5N1)	1532	10672
PB2|PP755596.1|A/cattle/Texas/24-008749-003/2024(H5N1)	1533	10607
PB2|PP755596.1|A/cattle/Texas/24-008749-003/2024(H5N1)	1534	10451
PB2|PP755596.1|A/cattle/Texas/24-008749-003/2024(H5N1)	1535	10372
PB2|PP755596.1|A/cattle/Texas/24-008749-003/2024(H5N1)	1536	10469
PB2|PP755596.1|A/cattle/Texas/24-008749-003/2024(H5N1)	1537	10449
PB2|PP755596.1|A/cattle/Texas/24-008749-003/2024(H5N1)	1538	10089
PB2|PP755596.1|A/cattle/Texas/24-008749-003/2024(H5N1)	1539	10104
PB2|PP755596.1|A/cattle/Texas/24-008749-003/2024(H5N1)	1540	9626
PB2|PP755596.1|A/cattle/Texas/24-008749-003/2024(H5N1)	1541	9742
PB2|PP755596.1|A/cattle/Texas/24-008749-003/2024(H5N1)	1542	9764
PB2|PP755596.1|A/cattle/Texas/24-008749-003/2024(H5N1)	1543	9717
PB2|PP755596.1|A/cattle/Texas/24-008749-003/2024(H5N1)	1544	9722
PB2|PP755596.1|A/cattle/Texas/24-008749-003/2024(H5N1)	1545	9614
PB2|PP755596.1|A/cattle/Texas/24-008749-003/2024(H5N1)	1546	9657
PB2|PP755596.1|A/cattle/Texas/24-008749-003/2024(H5N1)	1547	9656
PB2|PP755596.1|A/cattle/Texas/24-008749-003/2024(H5N1)	1548	9558
PB2|PP755596.1|A/cattle/Texas/24-008749-003/2024(H5N1)	1549	9556
PB2|PP755596.1|A/cattle/Texas/24-008749-003/2024(H5N1)	1550	9578
PB2|PP755596.1|A/cattle/Texas/24-008749-003/2024(H5N1)	1551	9688
PB2|PP755596.1|A/cattle/Texas/24-008749-003/2024(H5N1)	1552	9726
PB2|PP755596.1|A/cattle/Texas/24-008749-003/2024(H5N1)	1553	9706
PB2|PP755596.1|A/cattle/Texas/24-008749-003/2024(H5N1)	1554	9701
PB2|PP755596.1|A/cattle/Texas/24-008749-003/2024(H5N1)	1555	9662
PB2|PP755596.1|A/cattle/Texas/24-008749-003/2024(H5N1)	1556	9726
PB2|PP755596.1|A/cattle/Texas/24-008749-003/2024(H5N1)	1557	9769
PB2|PP755596.1|A/cattle/Texas/24-008749-003/2024(H5N1)	1558	9761
PB2|PP755596.1|A/cattle/Texas/24-008749-003/2024(H5N1)	1559	9807
PB2|PP755596.1|A/cattle/Texas/24-008749-003/2024(H5N1)	1560	9642
PB2|PP755596.1|A/cattle/Texas/24-008749-003/2024(H5N1)	1561	9776
PB2|PP755596.1|A/cattle/Texas/24-008749-003/2024(H5N1)	1562	9769
PB2|PP755596.1|A/cattle/Texas/24-008749-003/2024(H5N1)	1563	9780
PB2|PP755596.1|A/cattle/Texas/24-008749-003/2024(H5N1)	1564	9808
PB2|PP755596.1|A/cattle/Texas/24-008749-003/2024(H5N1)	1565	9765
PB2|PP755596.1|A/cattle/Texas/24-008749-003/2024(H5N1)	1566	9754
PB2|PP755596.1|A/cattle/Texas/24-008749-003/2024(H5N1)	1567	9757
PB2|PP755596.1|A/cattle/Texas/24-008749-003/2024(H5N1)	1568	10156
PB2|PP755596.1|A/cattle/Texas/24-008749-003/2024(H5N1)	1569	10266
PB2|PP755596.1|A/cattle/Texas/24-008749-003/2024(H5N1)	1570	10207
PB2|PP755596.1|A/cattle/Texas/24-008749-003/2024(H5N1)	1571	10092
PB2|PP755596.1|A/cattle/Texas/24-008749-003/2024(H5N1)	1572	10040
PB2|PP755596.1|A/cattle/Texas/24-008749-003/2024(H5N1)	1573	10066
PB2|PP755596.1|A/cattle/Texas/24-008749-003/2024(H5N1)	1574	10227
PB2|PP755596.1|A/cattle/Texas/24-008749-003/2024(H5N1)	1575	10249
PB2|PP755596.1|A/cattle/Texas/24-008749-003/2024(H5N1)	1576	10315
PB2|PP755596.1|A/cattle/Texas/24-008749-003/2024(H5N1)	1577	10179
PB2|PP755596.1|A/cattle/Texas/24-008749-003/2024(H5N1)	1578	10167
PB2|PP755596.1|A/cattle/Texas/24-008749-003/2024(H5N1)	1579	9680
PB2|PP755596.1|A/cattle/Texas/24-008749-003/2024(H5N1)	1580	9687
PB2|PP755596.1|A/cattle/Texas/24-008749-003/2024(H5N1)	1581	9744
PB2|PP755596.1|A/cattle/Texas/24-008749-003/2024(H5N1)	1582	9734
PB2|PP755596.1|A/cattle/Texas/24-008749-003/2024(H5N1)	1583	9726
PB2|PP755596.1|A/cattle/Texas/24-008749-003/2024(H5N1)	1584	9730
PB2|PP755596.1|A/cattle/Texas/24-008749-003/2024(H5N1)	1585	9778
PB2|PP755596.1|A/cattle/Texas/24-008749-003/2024(H5N1)	1586	9891
PB2|PP755596.1|A/cattle/Texas/24-008749-003/2024(H5N1)	1587	9938
PB2|PP755596.1|A/cattle/Texas/24-008749-003/2024(H5N1)	1588	9943
PB2|PP755596.1|A/cattle/Texas/24-008749-003/2024(H5N1)	1589	9906
PB2|PP755596.1|A/cattle/Texas/24-008749-003/2024(H5N1)	1590	9835
PB2|PP755596.1|A/cattle/Texas/24-008749-003/2024(H5N1)	1591	9886
PB2|PP755596.1|A/cattle/Texas/24-008749-003/2024(H5N1)	1592	9882
PB2|PP755596.1|A/cattle/Texas/24-008749-003/2024(H5N1)	1593	9922
PB2|PP755596.1|A/cattle/Texas/24-008749-003/2024(H5N1)	1594	9898
PB2|PP755596.1|A/cattle/Texas/24-008749-003/2024(H5N1)	1595	10078
PB2|PP755596.1|A/cattle/Texas/24-008749-003/2024(H5N1)	1596	10000
PB2|PP755596.1|A/cattle/Texas/24-008749-003/2024(H5N1)	1597	9971
PB2|PP755596.1|A/cattle/Texas/24-008749-003/2024(H5N1)	1598	10004
PB2|PP755596.1|A/cattle/Texas/24-008749-003/2024(H5N1)	1599	10003
PB2|PP755596.1|A/cattle/Texas/24-008749-003/2024(H5N1)	1600	10089
PB2|PP755596.1|A/cattle/Texas/24-008749-003/2024(H5N1)	1601	9976
PB2|PP755596.1|A/cattle/Texas/24-008749-003/2024(H5N1)	1602	9953
PB2|PP755596.1|A/cattle/Texas/24-008749-003/2024(H5N1)	1603	10048
PB2|PP755596.1|A/cattle/Texas/24-008749-003/2024(H5N1)	1604	10076
PB2|PP755596.1|A/cattle/Texas/24-008749-003/2024(H5N1)	1605	10063
PB2|PP755596.1|A/cattle/Texas/24-008749-003/2024(H5N1)	1606	10077
PB2|PP755596.1|A/cattle/Texas/24-008749-003/2024(H5N1)	1607	9945
PB2|PP755596.1|A/cattle/Texas/24-008749-003/2024(H5N1)	1608	9966
PB2|PP755596.1|A/cattle/Texas/24-008749-003/2024(H5N1)	1609	9926
PB2|PP755596.1|A/cattle/Texas/24-008749-003/2024(H5N1)	1610	9850
PB2|PP755596.1|A/cattle/Texas/24-008749-003/2024(H5N1)	1611	10205
PB2|PP755596.1|A/cattle/Texas/24-008749-003/2024(H5N1)	1612	10192
PB2|PP755596.1|A/cattle/Texas/24-008749-003/2024(H5N1)	1613	10149
PB2|PP755596.1|A/cattle/Texas/24-008749-003/2024(H5N1)	1614	10240
PB2|PP755596.1|A/cattle/Texas/24-008749-003/2024(H5N1)	1615	9052
PB2|PP755596.1|A/cattle/Texas/24-008749-003/2024(H5N1)	1616	9057
PB2|PP755596.1|A/cattle/Texas/24-008749-003/2024(H5N1)	1617	9034
PB2|PP755596.1|A/cattle/Texas/24-008749-003/2024(H5N1)	1618	9025
PB2|PP755596.1|A/cattle/Texas/24-008749-003/2024(H5N1)	1619	9100
PB2|PP755596.1|A/cattle/Texas/24-008749-003/2024(H5N1)	1620	8904
PB2|PP755596.1|A/cattle/Texas/24-008749-003/2024(H5N1)	1621	8932
PB2|PP755596.1|A/cattle/Texas/24-008749-003/2024(H5N1)	1622	9282
PB2|PP755596.1|A/cattle/Texas/24-008749-003/2024(H5N1)	1623	9165
PB2|PP755596.1|A/cattle/Texas/24-008749-003/2024(H5N1)	1624	9164
PB2|PP755596.1|A/cattle/Texas/24-008749-003/2024(H5N1)	1625	9123
PB2|PP755596.1|A/cattle/Texas/24-008749-003/2024(H5N1)	1626	9922
PB2|PP755596.1|A/cattle/Texas/24-008749-003/2024(H5N1)	1627	10024
PB2|PP755596.1|A/cattle/Texas/24-008749-003/2024(H5N1)	1628	10040
PB2|PP755596.1|A/cattle/Texas/24-008749-003/2024(H5N1)	1629	9810
PB2|PP755596.1|A/cattle/Texas/24-008749-003/2024(H5N1)	1630	9881
PB2|PP755596.1|A/cattle/Texas/24-008749-003/2024(H5N1)	1631	9709
PB2|PP755596.1|A/cattle/Texas/24-008749-003/2024(H5N1)	1632	9706
PB2|PP755596.1|A/cattle/Texas/24-008749-003/2024(H5N1)	1633	10216
PB2|PP755596.1|A/cattle/Texas/24-008749-003/2024(H5N1)	1634	9974
PB2|PP755596.1|A/cattle/Texas/24-008749-003/2024(H5N1)	1635	9974
PB2|PP755596.1|A/cattle/Texas/24-008749-003/2024(H5N1)	1636	9808
PB2|PP755596.1|A/cattle/Texas/24-008749-003/2024(H5N1)	1637	9755
PB2|PP755596.1|A/cattle/Texas/24-008749-003/2024(H5N1)	1638	10321
PB2|PP755596.1|A/cattle/Texas/24-008749-003/2024(H5N1)	1639	10412
PB2|PP755596.1|A/cattle/Texas/24-008749-003/2024(H5N1)	1640	10432
PB2|PP755596.1|A/cattle/Texas/24-008749-003/2024(H5N1)	1641	10449
PB2|PP755596.1|A/cattle/Texas/24-008749-003/2024(H5N1)	1642	10103
PB2|PP755596.1|A/cattle/Texas/24-008749-003/2024(H5N1)	1643	10459
PB2|PP755596.1|A/cattle/Texas/24-008749-003/2024(H5N1)	1644	10457
PB2|PP755596.1|A/cattle/Texas/24-008749-003/2024(H5N1)	1645	10622
PB2|PP755596.1|A/cattle/Texas/24-008749-003/2024(H5N1)	1646	10653
PB2|PP755596.1|A/cattle/Texas/24-008749-003/2024(H5N1)	1647	10158
PB2|PP755596.1|A/cattle/Texas/24-008749-003/2024(H5N1)	1648	10209
PB2|PP755596.1|A/cattle/Texas/24-008749-003/2024(H5N1)	1649	10235
PB2|PP755596.1|A/cattle/Texas/24-008749-003/2024(H5N1)	1650	10249
PB2|PP755596.1|A/cattle/Texas/24-008749-003/2024(H5N1)	1651	10154
PB2|PP755596.1|A/cattle/Texas/24-008749-003/2024(H5N1)	1652	9896
PB2|PP755596.1|A/cattle/Texas/24-008749-003/2024(H5N1)	1653	9928
PB2|PP755596.1|A/cattle/Texas/24-008749-003/2024(H5N1)	1654	9925
PB2|PP755596.1|A/cattle/Texas/24-008749-003/2024(H5N1)	1655	9916
PB2|PP755596.1|A/cattle/Texas/24-008749-003/2024(H5N1)	1656	9987
PB2|PP755596.1|A/cattle/Texas/24-008749-003/2024(H5N1)	1657	9969
PB2|PP755596.1|A/cattle/Texas/24-008749-003/2024(H5N1)	1658	9960
PB2|PP755596.1|A/cattle/Texas/24-008749-003/2024(H5N1)	1659	9949
PB2|PP755596.1|A/cattle/Texas/24-008749-003/2024(H5N1)	1660	10048
PB2|PP755596.1|A/cattle/Texas/24-008749-003/2024(H5N1)	1661	9982
PB2|PP755596.1|A/cattle/Texas/24-008749-003/2024(H5N1)	1662	9945
PB2|PP755596.1|A/cattle/Texas/24-008749-003/2024(H5N1)	1663	9911
PB2|PP755596.1|A/cattle/Texas/24-008749-003/2024(H5N1)	1664	9906
PB2|PP755596.1|A/cattle/Texas/24-008749-003/2024(H5N1)	1665	9913
PB2|PP755596.1|A/cattle/Texas/24-008749-003/2024(H5N1)	1666	9958
PB2|PP755596.1|A/cattle/Texas/24-008749-003/2024(H5N1)	1667	9947
PB2|PP755596.1|A/cattle/Texas/24-008749-003/2024(H5N1)	1668	9958
PB2|PP755596.1|A/cattle/Texas/24-008749-003/2024(H5N1)	1669	9900
PB2|PP755596.1|A/cattle/Texas/24-008749-003/2024(H5N1)	1670	9905
PB2|PP755596.1|A/cattle/Texas/24-008749-003/2024(H5N1)	1671	9918
PB2|PP755596.1|A/cattle/Texas/24-008749-003/2024(H5N1)	1672	9921
PB2|PP755596.1|A/cattle/Texas/24-008749-003/2024(H5N1)	1673	10016
PB2|PP755596.1|A/cattle/Texas/24-008749-003/2024(H5N1)	1674	10058
PB2|PP755596.1|A/cattle/Texas/24-008749-003/2024(H5N1)	1675	9998
PB2|PP755596.1|A/cattle/Texas/24-008749-003/2024(H5N1)	1676	9603
PB2|PP755596.1|A/cattle/Texas/24-008749-003/2024(H5N1)	1677	9564
PB2|PP755596.1|A/cattle/Texas/24-008749-003/2024(H5N1)	1678	9577
PB2|PP755596.1|A/cattle/Texas/24-008749-003/2024(H5N1)	1679	9580
PB2|PP755596.1|A/cattle/Texas/24-008749-003/2024(H5N1)	1680	9581
PB2|PP755596.1|A/cattle/Texas/24-008749-003/2024(H5N1)	1681	9602
PB2|PP755596.1|A/cattle/Texas/24-008749-003/2024(H5N1)	1682	9088
PB2|PP755596.1|A/cattle/Texas/24-008749-003/2024(H5N1)	1683	9137
PB2|PP755596.1|A/cattle/Texas/24-008749-003/2024(H5N1)	1684	9157
PB2|PP755596.1|A/cattle/Texas/24-008749-003/2024(H5N1)	1685	9499
PB2|PP755596.1|A/cattle/Texas/24-008749-003/2024(H5N1)	1686	9497
PB2|PP755596.1|A/cattle/Texas/24-008749-003/2024(H5N1)	1687	9396
PB2|PP755596.1|A/cattle/Texas/24-008749-003/2024(H5N1)	1688	9380
PB2|PP755596.1|A/cattle/Texas/24-008749-003/2024(H5N1)	1689	9383
PB2|PP755596.1|A/cattle/Texas/24-008749-003/2024(H5N1)	1690	9418
PB2|PP755596.1|A/cattle/Texas/24-008749-003/2024(H5N1)	1691	9590
PB2|PP755596.1|A/cattle/Texas/24-008749-003/2024(H5N1)	1692	9497
PB2|PP755596.1|A/cattle/Texas/24-008749-003/2024(H5N1)	1693	9557
PB2|PP755596.1|A/cattle/Texas/24-008749-003/2024(H5N1)	1694	9552
PB2|PP755596.1|A/cattle/Texas/24-008749-003/2024(H5N1)	1695	9765
PB2|PP755596.1|A/cattle/Texas/24-008749-003/2024(H5N1)	1696	9752
PB2|PP755596.1|A/cattle/Texas/24-008749-003/2024(H5N1)	1697	9746
PB2|PP755596.1|A/cattle/Texas/24-008749-003/2024(H5N1)	1698	9756
PB2|PP755596.1|A/cattle/Texas/24-008749-003/2024(H5N1)	1699	9766
PB2|PP755596.1|A/cattle/Texas/24-008749-003/2024(H5N1)	1700	9695
PB2|PP755596.1|A/cattle/Texas/24-008749-003/2024(H5N1)	1701	9692
PB2|PP755596.1|A/cattle/Texas/24-008749-003/2024(H5N1)	1702	9680
PB2|PP755596.1|A/cattle/Texas/24-008749-003/2024(H5N1)	1703	9729
PB2|PP755596.1|A/cattle/Texas/24-008749-003/2024(H5N1)	1704	9712
PB2|PP755596.1|A/cattle/Texas/24-008749-003/2024(H5N1)	1705	9696
PB2|PP755596.1|A/cattle/Texas/24-008749-003/2024(H5N1)	1706	9633
PB2|PP755596.1|A/cattle/Texas/24-008749-003/2024(H5N1)	1707	9622
PB2|PP755596.1|A/cattle/Texas/24-008749-003/2024(H5N1)	1708	9858
PB2|PP755596.1|A/cattle/Texas/24-008749-003/2024(H5N1)	1709	9799
PB2|PP755596.1|A/cattle/Texas/24-008749-003/2024(H5N1)	1710	9870
PB2|PP755596.1|A/cattle/Texas/24-008749-003/2024(H5N1)	1711	10046
PB2|PP755596.1|A/cattle/Texas/24-008749-003/2024(H5N1)	1712	9957
PB2|PP755596.1|A/cattle/Texas/24-008749-003/2024(H5N1)	1713	10121
PB2|PP755596.1|A/cattle/Texas/24-008749-003/2024(H5N1)	1714	10102
PB2|PP755596.1|A/cattle/Texas/24-008749-003/2024(H5N1)	1715	10144
PB2|PP755596.1|A/cattle/Texas/24-008749-003/2024(H5N1)	1716	10181
PB2|PP755596.1|A/cattle/Texas/24-008749-003/2024(H5N1)	1717	9929
PB2|PP755596.1|A/cattle/Texas/24-008749-003/2024(H5N1)	1718	10002
PB2|PP755596.1|A/cattle/Texas/24-008749-003/2024(H5N1)	1719	9717
PB2|PP755596.1|A/cattle/Texas/24-008749-003/2024(H5N1)	1720	9703
PB2|PP755596.1|A/cattle/Texas/24-008749-003/2024(H5N1)	1721	9686
PB2|PP755596.1|A/cattle/Texas/24-008749-003/2024(H5N1)	1722	9563
PB2|PP755596.1|A/cattle/Texas/24-008749-003/2024(H5N1)	1723	9582
PB2|PP755596.1|A/cattle/Texas/24-008749-003/2024(H5N1)	1724	9532
PB2|PP755596.1|A/cattle/Texas/24-008749-003/2024(H5N1)	1725	9506
PB2|PP755596.1|A/cattle/Texas/24-008749-003/2024(H5N1)	1726	9503
PB2|PP755596.1|A/cattle/Texas/24-008749-003/2024(H5N1)	1727	9485
PB2|PP755596.1|A/cattle/Texas/24-008749-003/2024(H5N1)	1728	9596
PB2|PP755596.1|A/cattle/Texas/24-008749-003/2024(H5N1)	1729	9627
PB2|PP755596.1|A/cattle/Texas/24-008749-003/2024(H5N1)	1730	9611
PB2|PP755596.1|A/cattle/Texas/24-008749-003/2024(H5N1)	1731	9501
PB2|PP755596.1|A/cattle/Texas/24-008749-003/2024(H5N1)	1732	9497
PB2|PP755596.1|A/cattle/Texas/24-008749-003/2024(H5N1)	1733	9606
PB2|PP755596.1|A/cattle/Texas/24-008749-003/2024(H5N1)	1734	9603
PB2|PP755596.1|A/cattle/Texas/24-008749-003/2024(H5N1)	1735	9606
PB2|PP755596.1|A/cattle/Texas/24-008749-003/2024(H5N1)	1736	9555
PB2|PP755596.1|A/cattle/Texas/24-008749-003/2024(H5N1)	1737	9788
PB2|PP755596.1|A/cattle/Texas/24-008749-003/2024(H5N1)	1738	9732
PB2|PP755596.1|A/cattle/Texas/24-008749-003/2024(H5N1)	1739	9758
PB2|PP755596.1|A/cattle/Texas/24-008749-003/2024(H5N1)	1740	9754
PB2|PP755596.1|A/cattle/Texas/24-008749-003/2024(H5N1)	1741	9746
PB2|PP755596.1|A/cattle/Texas/24-008749-003/2024(H5N1)	1742	9707
PB2|PP755596.1|A/cattle/Texas/24-008749-003/2024(H5N1)	1743	9710
PB2|PP755596.1|A/cattle/Texas/24-008749-003/2024(H5N1)	1744	9773
PB2|PP755596.1|A/cattle/Texas/24-008749-003/2024(H5N1)	1745	9836
PB2|PP755596.1|A/cattle/Texas/24-008749-003/2024(H5N1)	1746	9708
PB2|PP755596.1|A/cattle/Texas/24-008749-003/2024(H5N1)	1747	9902
PB2|PP755596.1|A/cattle/Texas/24-008749-003/2024(H5N1)	1748	9847
PB2|PP755596.1|A/cattle/Texas/24-008749-003/2024(H5N1)	1749	9873
PB2|PP755596.1|A/cattle/Texas/24-008749-003/2024(H5N1)	1750	10092
PB2|PP755596.1|A/cattle/Texas/24-008749-003/2024(H5N1)	1751	10033
PB2|PP755596.1|A/cattle/Texas/24-008749-003/2024(H5N1)	1752	10433
PB2|PP755596.1|A/cattle/Texas/24-008749-003/2024(H5N1)	1753	10387
PB2|PP755596.1|A/cattle/Texas/24-008749-003/2024(H5N1)	1754	10251
PB2|PP755596.1|A/cattle/Texas/24-008749-003/2024(H5N1)	1755	10249
PB2|PP755596.1|A/cattle/Texas/24-008749-003/2024(H5N1)	1756	10343
PB2|PP755596.1|A/cattle/Texas/24-008749-003/2024(H5N1)	1757	10326
PB2|PP755596.1|A/cattle/Texas/24-008749-003/2024(H5N1)	1758	10317
PB2|PP755596.1|A/cattle/Texas/24-008749-003/2024(H5N1)	1759	10300
PB2|PP755596.1|A/cattle/Texas/24-008749-003/2024(H5N1)	1760	10287
PB2|PP755596.1|A/cattle/Texas/24-008749-003/2024(H5N1)	1761	9932
PB2|PP755596.1|A/cattle/Texas/24-008749-003/2024(H5N1)	1762	9962
PB2|PP755596.1|A/cattle/Texas/24-008749-003/2024(H5N1)	1763	10063
PB2|PP755596.1|A/cattle/Texas/24-008749-003/2024(H5N1)	1764	9972
PB2|PP755596.1|A/cattle/Texas/24-008749-003/2024(H5N1)	1765	9958
PB2|PP755596.1|A/cattle/Texas/24-008749-003/2024(H5N1)	1766	10009
PB2|PP755596.1|A/cattle/Texas/24-008749-003/2024(H5N1)	1767	10047
PB2|PP755596.1|A/cattle/Texas/24-008749-003/2024(H5N1)	1768	10924
PB2|PP755596.1|A/cattle/Texas/24-008749-003/2024(H5N1)	1769	11042
PB2|PP755596.1|A/cattle/Texas/24-008749-003/2024(H5N1)	1770	10995
PB2|PP755596.1|A/cattle/Texas/24-008749-003/2024(H5N1)	1771	10976
PB2|PP755596.1|A/cattle/Texas/24-008749-003/2024(H5N1)	1772	11025
PB2|PP755596.1|A/cattle/Texas/24-008749-003/2024(H5N1)	1773	11011
PB2|PP755596.1|A/cattle/Texas/24-008749-003/2024(H5N1)	1774	11072
PB2|PP755596.1|A/cattle/Texas/24-008749-003/2024(H5N1)	1775	11020
PB2|PP755596.1|A/cattle/Texas/24-008749-003/2024(H5N1)	1776	11047
PB2|PP755596.1|A/cattle/Texas/24-008749-003/2024(H5N1)	1777	9993
PB2|PP755596.1|A/cattle/Texas/24-008749-003/2024(H5N1)	1778	9926
PB2|PP755596.1|A/cattle/Texas/24-008749-003/2024(H5N1)	1779	9912
PB2|PP755596.1|A/cattle/Texas/24-008749-003/2024(H5N1)	1780	9929
PB2|PP755596.1|A/cattle/Texas/24-008749-003/2024(H5N1)	1781	9925
PB2|PP755596.1|A/cattle/Texas/24-008749-003/2024(H5N1)	1782	9827
PB2|PP755596.1|A/cattle/Texas/24-008749-003/2024(H5N1)	1783	10061
PB2|PP755596.1|A/cattle/Texas/24-008749-003/2024(H5N1)	1784	9696
PB2|PP755596.1|A/cattle/Texas/24-008749-003/2024(H5N1)	1785	9751
PB2|PP755596.1|A/cattle/Texas/24-008749-003/2024(H5N1)	1786	9746
PB2|PP755596.1|A/cattle/Texas/24-008749-003/2024(H5N1)	1787	9762
PB2|PP755596.1|A/cattle/Texas/24-008749-003/2024(H5N1)	1788	9836
PB2|PP755596.1|A/cattle/Texas/24-008749-003/2024(H5N1)	1789	9311
PB2|PP755596.1|A/cattle/Texas/24-008749-003/2024(H5N1)	1790	9339
PB2|PP755596.1|A/cattle/Texas/24-008749-003/2024(H5N1)	1791	9336
PB2|PP755596.1|A/cattle/Texas/24-008749-003/2024(H5N1)	1792	9430
PB2|PP755596.1|A/cattle/Texas/24-008749-003/2024(H5N1)	1793	9250
PB2|PP755596.1|A/cattle/Texas/24-008749-003/2024(H5N1)	1794	9177
PB2|PP755596.1|A/cattle/Texas/24-008749-003/2024(H5N1)	1795	9220
PB2|PP755596.1|A/cattle/Texas/24-008749-003/2024(H5N1)	1796	9188
PB2|PP755596.1|A/cattle/Texas/24-008749-003/2024(H5N1)	1797	9297
PB2|PP755596.1|A/cattle/Texas/24-008749-003/2024(H5N1)	1798	9302
PB2|PP755596.1|A/cattle/Texas/24-008749-003/2024(H5N1)	1799	9272
PB2|PP755596.1|A/cattle/Texas/24-008749-003/2024(H5N1)	1800	9258
PB2|PP755596.1|A/cattle/Texas/24-008749-003/2024(H5N1)	1801	9253
PB2|PP755596.1|A/cattle/Texas/24-008749-003/2024(H5N1)	1802	9186
PB2|PP755596.1|A/cattle/Texas/24-008749-003/2024(H5N1)	1803	9188
PB2|PP755596.1|A/cattle/Texas/24-008749-003/2024(H5N1)	1804	9254
PB2|PP755596.1|A/cattle/Texas/24-008749-003/2024(H5N1)	1805	9217
PB2|PP755596.1|A/cattle/Texas/24-008749-003/2024(H5N1)	1806	9146
PB2|PP755596.1|A/cattle/Texas/24-008749-003/2024(H5N1)	1807	9142
PB2|PP755596.1|A/cattle/Texas/24-008749-003/2024(H5N1)	1808	9263
PB2|PP755596.1|A/cattle/Texas/24-008749-003/2024(H5N1)	1809	9268
PB2|PP755596.1|A/cattle/Texas/24-008749-003/2024(H5N1)	1810	9192
PB2|PP755596.1|A/cattle/Texas/24-008749-003/2024(H5N1)	1811	9227
PB2|PP755596.1|A/cattle/Texas/24-008749-003/2024(H5N1)	1812	9266
PB2|PP755596.1|A/cattle/Texas/24-008749-003/2024(H5N1)	1813	9284
PB2|PP755596.1|A/cattle/Texas/24-008749-003/2024(H5N1)	1814	9558
PB2|PP755596.1|A/cattle/Texas/24-008749-003/2024(H5N1)	1815	9563
PB2|PP755596.1|A/cattle/Texas/24-008749-003/2024(H5N1)	1816	9631
PB2|PP755596.1|A/cattle/Texas/24-008749-003/2024(H5N1)	1817	9624
PB2|PP755596.1|A/cattle/Texas/24-008749-003/2024(H5N1)	1818	9710
PB2|PP755596.1|A/cattle/Texas/24-008749-003/2024(H5N1)	1819	9659
PB2|PP755596.1|A/cattle/Texas/24-008749-003/2024(H5N1)	1820	9617
PB2|PP755596.1|A/cattle/Texas/24-008749-003/2024(H5N1)	1821	9701
PB2|PP755596.1|A/cattle/Texas/24-008749-003/2024(H5N1)	1822	9686
PB2|PP755596.1|A/cattle/Texas/24-008749-003/2024(H5N1)	1823	9709
PB2|PP755596.1|A/cattle/Texas/24-008749-003/2024(H5N1)	1824	9685
PB2|PP755596.1|A/cattle/Texas/24-008749-003/2024(H5N1)	1825	9675
PB2|PP755596.1|A/cattle/Texas/24-008749-003/2024(H5N1)	1826	9752
PB2|PP755596.1|A/cattle/Texas/24-008749-003/2024(H5N1)	1827	10152
PB2|PP755596.1|A/cattle/Texas/24-008749-003/2024(H5N1)	1828	10185
PB2|PP755596.1|A/cattle/Texas/24-008749-003/2024(H5N1)	1829	10178
PB2|PP755596.1|A/cattle/Texas/24-008749-003/2024(H5N1)	1830	10179
PB2|PP755596.1|A/cattle/Texas/24-008749-003/2024(H5N1)	1831	10182
PB2|PP755596.1|A/cattle/Texas/24-008749-003/2024(H5N1)	1832	10365
PB2|PP755596.1|A/cattle/Texas/24-008749-003/2024(H5N1)	1833	10365
PB2|PP755596.1|A/cattle/Texas/24-008749-003/2024(H5N1)	1834	10323
PB2|PP755596.1|A/cattle/Texas/24-008749-003/2024(H5N1)	1835	10399
PB2|PP755596.1|A/cattle/Texas/24-008749-003/2024(H5N1)	1836	9974
PB2|PP755596.1|A/cattle/Texas/24-008749-003/2024(H5N1)	1837	10283
PB2|PP755596.1|A/cattle/Texas/24-008749-003/2024(H5N1)	1838	10299
PB2|PP755596.1|A/cattle/Texas/24-008749-003/2024(H5N1)	1839	10418
PB2|PP755596.1|A/cattle/Texas/24-008749-003/2024(H5N1)	1840	10413
PB2|PP755596.1|A/cattle/Texas/24-008749-003/2024(H5N1)	1841	10357
PB2|PP755596.1|A/cattle/Texas/24-008749-003/2024(H5N1)	1842	10227
PB2|PP755596.1|A/cattle/Texas/24-008749-003/2024(H5N1)	1843	10351
PB2|PP755596.1|A/cattle/Texas/24-008749-003/2024(H5N1)	1844	10358
PB2|PP755596.1|A/cattle/Texas/24-008749-003/2024(H5N1)	1845	10321
PB2|PP755596.1|A/cattle/Texas/24-008749-003/2024(H5N1)	1846	10095
PB2|PP755596.1|A/cattle/Texas/24-008749-003/2024(H5N1)	1847	10125
PB2|PP755596.1|A/cattle/Texas/24-008749-003/2024(H5N1)	1848	10127
PB2|PP755596.1|A/cattle/Texas/24-008749-003/2024(H5N1)	1849	10338
PB2|PP755596.1|A/cattle/Texas/24-008749-003/2024(H5N1)	1850	10379
PB2|PP755596.1|A/cattle/Texas/24-008749-003/2024(H5N1)	1851	10310
PB2|PP755596.1|A/cattle/Texas/24-008749-003/2024(H5N1)	1852	10420
PB2|PP755596.1|A/cattle/Texas/24-008749-003/2024(H5N1)	1853	10209
PB2|PP755596.1|A/cattle/Texas/24-008749-003/2024(H5N1)	1854	10210
PB2|PP755596.1|A/cattle/Texas/24-008749-003/2024(H5N1)	1855	10203
PB2|PP755596.1|A/cattle/Texas/24-008749-003/2024(H5N1)	1856	10198
PB2|PP755596.1|A/cattle/Texas/24-008749-003/2024(H5N1)	1857	10380
PB2|PP755596.1|A/cattle/Texas/24-008749-003/2024(H5N1)	1858	10166
PB2|PP755596.1|A/cattle/Texas/24-008749-003/2024(H5N1)	1859	10194
PB2|PP755596.1|A/cattle/Texas/24-008749-003/2024(H5N1)	1860	10118
PB2|PP755596.1|A/cattle/Texas/24-008749-003/2024(H5N1)	1861	9884
PB2|PP755596.1|A/cattle/Texas/24-008749-003/2024(H5N1)	1862	9891
PB2|PP755596.1|A/cattle/Texas/24-008749-003/2024(H5N1)	1863	9874
PB2|PP755596.1|A/cattle/Texas/24-008749-003/2024(H5N1)	1864	9693
PB2|PP755596.1|A/cattle/Texas/24-008749-003/2024(H5N1)	1865	9753
PB2|PP755596.1|A/cattle/Texas/24-008749-003/2024(H5N1)	1866	9665
PB2|PP755596.1|A/cattle/Texas/24-008749-003/2024(H5N1)	1867	9647
PB2|PP755596.1|A/cattle/Texas/24-008749-003/2024(H5N1)	1868	9654
PB2|PP755596.1|A/cattle/Texas/24-008749-003/2024(H5N1)	1869	9625
PB2|PP755596.1|A/cattle/Texas/24-008749-003/2024(H5N1)	1870	9686
PB2|PP755596.1|A/cattle/Texas/24-008749-003/2024(H5N1)	1871	9657
PB2|PP755596.1|A/cattle/Texas/24-008749-003/2024(H5N1)	1872	9650
PB2|PP755596.1|A/cattle/Texas/24-008749-003/2024(H5N1)	1873	9873
PB2|PP755596.1|A/cattle/Texas/24-008749-003/2024(H5N1)	1874	9885
PB2|PP755596.1|A/cattle/Texas/24-008749-003/2024(H5N1)	1875	9947
PB2|PP755596.1|A/cattle/Texas/24-008749-003/2024(H5N1)	1876	9937
PB2|PP755596.1|A/cattle/Texas/24-008749-003/2024(H5N1)	1877	9935
PB2|PP755596.1|A/cattle/Texas/24-008749-003/2024(H5N1)	1878	9929
PB2|PP755596.1|A/cattle/Texas/24-008749-003/2024(H5N1)	1879	9969
PB2|PP755596.1|A/cattle/Texas/24-008749-003/2024(H5N1)	1880	9963
PB2|PP755596.1|A/cattle/Texas/24-008749-003/2024(H5N1)	1881	10001
PB2|PP755596.1|A/cattle/Texas/24-008749-003/2024(H5N1)	1882	10003
PB2|PP755596.1|A/cattle/Texas/24-008749-003/2024(H5N1)	1883	9963
PB2|PP755596.1|A/cattle/Texas/24-008749-003/2024(H5N1)	1884	10003
PB2|PP755596.1|A/cattle/Texas/24-008749-003/2024(H5N1)	1885	9995
PB2|PP755596.1|A/cattle/Texas/24-008749-003/2024(H5N1)	1886	10099
PB2|PP755596.1|A/cattle/Texas/24-008749-003/2024(H5N1)	1887	10201
PB2|PP755596.1|A/cattle/Texas/24-008749-003/2024(H5N1)	1888	9862
PB2|PP755596.1|A/cattle/Texas/24-008749-003/2024(H5N1)	1889	9846
PB2|PP755596.1|A/cattle/Texas/24-008749-003/2024(H5N1)	1890	9830
PB2|PP755596.1|A/cattle/Texas/24-008749-003/2024(H5N1)	1891	10099
PB2|PP755596.1|A/cattle/Texas/24-008749-003/2024(H5N1)	1892	10115
PB2|PP755596.1|A/cattle/Texas/24-008749-003/2024(H5N1)	1893	10053
PB2|PP755596.1|A/cattle/Texas/24-008749-003/2024(H5N1)	1894	10099
PB2|PP755596.1|A/cattle/Texas/24-008749-003/2024(H5N1)	1895	10011
PB2|PP755596.1|A/cattle/Texas/24-008749-003/2024(H5N1)	1896	10205
PB2|PP755596.1|A/cattle/Texas/24-008749-003/2024(H5N1)	1897	10133
PB2|PP755596.1|A/cattle/Texas/24-008749-003/2024(H5N1)	1898	9949
PB2|PP755596.1|A/cattle/Texas/24-008749-003/2024(H5N1)	1899	9920
PB2|PP755596.1|A/cattle/Texas/24-008749-003/2024(H5N1)	1900	9689
PB2|PP755596.1|A/cattle/Texas/24-008749-003/2024(H5N1)	1901	9774
PB2|PP755596.1|A/cattle/Texas/24-008749-003/2024(H5N1)	1902	9469
PB2|PP755596.1|A/cattle/Texas/24-008749-003/2024(H5N1)	1903	9438
PB2|PP755596.1|A/cattle/Texas/24-008749-003/2024(H5N1)	1904	9507
PB2|PP755596.1|A/cattle/Texas/24-008749-003/2024(H5N1)	1905	9445
PB2|PP755596.1|A/cattle/Texas/24-008749-003/2024(H5N1)	1906	9605
PB2|PP755596.1|A/cattle/Texas/24-008749-003/2024(H5N1)	1907	9494
PB2|PP755596.1|A/cattle/Texas/24-008749-003/2024(H5N1)	1908	9531
PB2|PP755596.1|A/cattle/Texas/24-008749-003/2024(H5N1)	1909	9708
PB2|PP755596.1|A/cattle/Texas/24-008749-003/2024(H5N1)	1910	9782
PB2|PP755596.1|A/cattle/Texas/24-008749-003/2024(H5N1)	1911	9870
PB2|PP755596.1|A/cattle/Texas/24-008749-003/2024(H5N1)	1912	9914
PB2|PP755596.1|A/cattle/Texas/24-008749-003/2024(H5N1)	1913	9875
PB2|PP755596.1|A/cattle/Texas/24-008749-003/2024(H5N1)	1914	9969
PB2|PP755596.1|A/cattle/Texas/24-008749-003/2024(H5N1)	1915	9995
PB2|PP755596.1|A/cattle/Texas/24-008749-003/2024(H5N1)	1916	10078
PB2|PP755596.1|A/cattle/Texas/24-008749-003/2024(H5N1)	1917	10020
PB2|PP755596.1|A/cattle/Texas/24-008749-003/2024(H5N1)	1918	10017
PB2|PP755596.1|A/cattle/Texas/24-008749-003/2024(H5N1)	1919	9105
PB2|PP755596.1|A/cattle/Texas/24-008749-003/2024(H5N1)	1920	9080
PB2|PP755596.1|A/cattle/Texas/24-008749-003/2024(H5N1)	1921	9022
PB2|PP755596.1|A/cattle/Texas/24-008749-003/2024(H5N1)	1922	8974
PB2|PP755596.1|A/cattle/Texas/24-008749-003/2024(H5N1)	1923	8931
PB2|PP755596.1|A/cattle/Texas/24-008749-003/2024(H5N1)	1924	8710
PB2|PP755596.1|A/cattle/Texas/24-008749-003/2024(H5N1)	1925	8999
PB2|PP755596.1|A/cattle/Texas/24-008749-003/2024(H5N1)	1926	9062
PB2|PP755596.1|A/cattle/Texas/24-008749-003/2024(H5N1)	1927	9065
PB2|PP755596.1|A/cattle/Texas/24-008749-003/2024(H5N1)	1928	9056
PB2|PP755596.1|A/cattle/Texas/24-008749-003/2024(H5N1)	1929	9033
PB2|PP755596.1|A/cattle/Texas/24-008749-003/2024(H5N1)	1930	9173
PB2|PP755596.1|A/cattle/Texas/24-008749-003/2024(H5N1)	1931	9129
PB2|PP755596.1|A/cattle/Texas/24-008749-003/2024(H5N1)	1932	9123
PB2|PP755596.1|A/cattle/Texas/24-008749-003/2024(H5N1)	1933	9071
PB2|PP755596.1|A/cattle/Texas/24-008749-003/2024(H5N1)	1934	8869
PB2|PP755596.1|A/cattle/Texas/24-008749-003/2024(H5N1)	1935	8872
PB2|PP755596.1|A/cattle/Texas/24-008749-003/2024(H5N1)	1936	8793
PB2|PP755596.1|A/cattle/Texas/24-008749-003/2024(H5N1)	1937	8875
PB2|PP755596.1|A/cattle/Texas/24-008749-003/2024(H5N1)	1938	8857
PB2|PP755596.1|A/cattle/Texas/24-008749-003/2024(H5N1)	1939	8814
PB2|PP755596.1|A/cattle/Texas/24-008749-003/2024(H5N1)	1940	8815
PB2|PP755596.1|A/cattle/Texas/24-008749-003/2024(H5N1)	1941	8787
PB2|PP755596.1|A/cattle/Texas/24-008749-003/2024(H5N1)	1942	8739
PB2|PP755596.1|A/cattle/Texas/24-008749-003/2024(H5N1)	1943	8597
PB2|PP755596.1|A/cattle/Texas/24-008749-003/2024(H5N1)	1944	8706
PB2|PP755596.1|A/cattle/Texas/24-008749-003/2024(H5N1)	1945	8716
PB2|PP755596.1|A/cattle/Texas/24-008749-003/2024(H5N1)	1946	8542
PB2|PP755596.1|A/cattle/Texas/24-008749-003/2024(H5N1)	1947	8535
PB2|PP755596.1|A/cattle/Texas/24-008749-003/2024(H5N1)	1948	8452
PB2|PP755596.1|A/cattle/Texas/24-008749-003/2024(H5N1)	1949	8471
PB2|PP755596.1|A/cattle/Texas/24-008749-003/2024(H5N1)	1950	8523
PB2|PP755596.1|A/cattle/Texas/24-008749-003/2024(H5N1)	1951	8521
PB2|PP755596.1|A/cattle/Texas/24-008749-003/2024(H5N1)	1952	8520
PB2|PP755596.1|A/cattle/Texas/24-008749-003/2024(H5N1)	1953	8452
PB2|PP755596.1|A/cattle/Texas/24-008749-003/2024(H5N1)	1954	8415
PB2|PP755596.1|A/cattle/Texas/24-008749-003/2024(H5N1)	1955	8656
PB2|PP755596.1|A/cattle/Texas/24-008749-003/2024(H5N1)	1956	8731
PB2|PP755596.1|A/cattle/Texas/24-008749-003/2024(H5N1)	1957	8746
PB2|PP755596.1|A/cattle/Texas/24-008749-003/2024(H5N1)	1958	8798
PB2|PP755596.1|A/cattle/Texas/24-008749-003/2024(H5N1)	1959	8742
PB2|PP755596.1|A/cattle/Texas/24-008749-003/2024(H5N1)	1960	8751
PB2|PP755596.1|A/cattle/Texas/24-008749-003/2024(H5N1)	1961	8725
PB2|PP755596.1|A/cattle/Texas/24-008749-003/2024(H5N1)	1962	8679
PB2|PP755596.1|A/cattle/Texas/24-008749-003/2024(H5N1)	1963	8743
PB2|PP755596.1|A/cattle/Texas/24-008749-003/2024(H5N1)	1964	8519
PB2|PP755596.1|A/cattle/Texas/24-008749-003/2024(H5N1)	1965	8547
PB2|PP755596.1|A/cattle/Texas/24-008749-003/2024(H5N1)	1966	8685
PB2|PP755596.1|A/cattle/Texas/24-008749-003/2024(H5N1)	1967	8651
PB2|PP755596.1|A/cattle/Texas/24-008749-003/2024(H5N1)	1968	8616
PB2|PP755596.1|A/cattle/Texas/24-008749-003/2024(H5N1)	1969	8603
PB2|PP755596.1|A/cattle/Texas/24-008749-003/2024(H5N1)	1970	8666
PB2|PP755596.1|A/cattle/Texas/24-008749-003/2024(H5N1)	1971	8676
PB2|PP755596.1|A/cattle/Texas/24-008749-003/2024(H5N1)	1972	9611
PB2|PP755596.1|A/cattle/Texas/24-008749-003/2024(H5N1)	1973	9622
PB2|PP755596.1|A/cattle/Texas/24-008749-003/2024(H5N1)	1974	9655
PB2|PP755596.1|A/cattle/Texas/24-008749-003/2024(H5N1)	1975	9655
PB2|PP755596.1|A/cattle/Texas/24-008749-003/2024(H5N1)	1976	9612
PB2|PP755596.1|A/cattle/Texas/24-008749-003/2024(H5N1)	1977	9366
PB2|PP755596.1|A/cattle/Texas/24-008749-003/2024(H5N1)	1978	9306
PB2|PP755596.1|A/cattle/Texas/24-008749-003/2024(H5N1)	1979	9269
PB2|PP755596.1|A/cattle/Texas/24-008749-003/2024(H5N1)	1980	9292
PB2|PP755596.1|A/cattle/Texas/24-008749-003/2024(H5N1)	1981	9387
PB2|PP755596.1|A/cattle/Texas/24-008749-003/2024(H5N1)	1982	9459
PB2|PP755596.1|A/cattle/Texas/24-008749-003/2024(H5N1)	1983	9332
PB2|PP755596.1|A/cattle/Texas/24-008749-003/2024(H5N1)	1984	9464
PB2|PP755596.1|A/cattle/Texas/24-008749-003/2024(H5N1)	1985	9427
PB2|PP755596.1|A/cattle/Texas/24-008749-003/2024(H5N1)	1986	9427
PB2|PP755596.1|A/cattle/Texas/24-008749-003/2024(H5N1)	1987	9573
PB2|PP755596.1|A/cattle/Texas/24-008749-003/2024(H5N1)	1988	9283
PB2|PP755596.1|A/cattle/Texas/24-008749-003/2024(H5N1)	1989	9305
PB2|PP755596.1|A/cattle/Texas/24-008749-003/2024(H5N1)	1990	9204
PB2|PP755596.1|A/cattle/Texas/24-008749-003/2024(H5N1)	1991	9413
PB2|PP755596.1|A/cattle/Texas/24-008749-003/2024(H5N1)	1992	9417
PB2|PP755596.1|A/cattle/Texas/24-008749-003/2024(H5N1)	1993	9307
PB2|PP755596.1|A/cattle/Texas/24-008749-003/2024(H5N1)	1994	9314
PB2|PP755596.1|A/cattle/Texas/24-008749-003/2024(H5N1)	1995	9317
PB2|PP755596.1|A/cattle/Texas/24-008749-003/2024(H5N1)	1996	9306
PB2|PP755596.1|A/cattle/Texas/24-008749-003/2024(H5N1)	1997	9304
PB2|PP755596.1|A/cattle/Texas/24-008749-003/2024(H5N1)	1998	9244
PB2|PP755596.1|A/cattle/Texas/24-008749-003/2024(H5N1)	1999	9359
PB2|PP755596.1|A/cattle/Texas/24-008749-003/2024(H5N1)	2000	9154
PB2|PP755596.1|A/cattle/Texas/24-008749-003/2024(H5N1)	2001	9120
PB2|PP755596.1|A/cattle/Texas/24-008749-003/2024(H5N1)	2002	9166
PB2|PP755596.1|A/cattle/Texas/24-008749-003/2024(H5N1)	2003	9153
PB2|PP755596.1|A/cattle/Texas/24-008749-003/2024(H5N1)	2004	9158
PB2|PP755596.1|A/cattle/Texas/24-008749-003/2024(H5N1)	2005	9128
PB2|PP755596.1|A/cattle/Texas/24-008749-003/2024(H5N1)	2006	9130
PB2|PP755596.1|A/cattle/Texas/24-008749-003/2024(H5N1)	2007	9140
PB2|PP755596.1|A/cattle/Texas/24-008749-003/2024(H5N1)	2008	8967
PB2|PP755596.1|A/cattle/Texas/24-008749-003/2024(H5N1)	2009	8965
PB2|PP755596.1|A/cattle/Texas/24-008749-003/2024(H5N1)	2010	8954
PB2|PP755596.1|A/cattle/Texas/24-008749-003/2024(H5N1)	2011	8933
PB2|PP755596.1|A/cattle/Texas/24-008749-003/2024(H5N1)	2012	9034
PB2|PP755596.1|A/cattle/Texas/24-008749-003/2024(H5N1)	2013	9017
PB2|PP755596.1|A/cattle/Texas/24-008749-003/2024(H5N1)	2014	9026
PB2|PP755596.1|A/cattle/Texas/24-008749-003/2024(H5N1)	2015	9124
PB2|PP755596.1|A/cattle/Texas/24-008749-003/2024(H5N1)	2016	9111
PB2|PP755596.1|A/cattle/Texas/24-008749-003/2024(H5N1)	2017	9183
PB2|PP755596.1|A/cattle/Texas/24-008749-003/2024(H5N1)	2018	9272
PB2|PP755596.1|A/cattle/Texas/24-008749-003/2024(H5N1)	2019	9224
PB2|PP755596.1|A/cattle/Texas/24-008749-003/2024(H5N1)	2020	9266
PB2|PP755596.1|A/cattle/Texas/24-008749-003/2024(H5N1)	2021	9375
PB2|PP755596.1|A/cattle/Texas/24-008749-003/2024(H5N1)	2022	9359
PB2|PP755596.1|A/cattle/Texas/24-008749-003/2024(H5N1)	2023	9376
PB2|PP755596.1|A/cattle/Texas/24-008749-003/2024(H5N1)	2024	9136
PB2|PP755596.1|A/cattle/Texas/24-008749-003/2024(H5N1)	2025	9129
PB2|PP755596.1|A/cattle/Texas/24-008749-003/2024(H5N1)	2026	9049
PB2|PP755596.1|A/cattle/Texas/24-008749-003/2024(H5N1)	2027	9089
PB2|PP755596.1|A/cattle/Texas/24-008749-003/2024(H5N1)	2028	9092
PB2|PP755596.1|A/cattle/Texas/24-008749-003/2024(H5N1)	2029	9032
PB2|PP755596.1|A/cattle/Texas/24-008749-003/2024(H5N1)	2030	8922
PB2|PP755596.1|A/cattle/Texas/24-008749-003/2024(H5N1)	2031	8917
PB2|PP755596.1|A/cattle/Texas/24-008749-003/2024(H5N1)	2032	8887
PB2|PP755596.1|A/cattle/Texas/24-008749-003/2024(H5N1)	2033	9030
PB2|PP755596.1|A/cattle/Texas/24-008749-003/2024(H5N1)	2034	8964
PB2|PP755596.1|A/cattle/Texas/24-008749-003/2024(H5N1)	2035	8910
PB2|PP755596.1|A/cattle/Texas/24-008749-003/2024(H5N1)	2036	8776
PB2|PP755596.1|A/cattle/Texas/24-008749-003/2024(H5N1)	2037	8705
PB2|PP755596.1|A/cattle/Texas/24-008749-003/2024(H5N1)	2038	8864
PB2|PP755596.1|A/cattle/Texas/24-008749-003/2024(H5N1)	2039	8945
PB2|PP755596.1|A/cattle/Texas/24-008749-003/2024(H5N1)	2040	8928
PB2|PP755596.1|A/cattle/Texas/24-008749-003/2024(H5N1)	2041	8916
PB2|PP755596.1|A/cattle/Texas/24-008749-003/2024(H5N1)	2042	8689
PB2|PP755596.1|A/cattle/Texas/24-008749-003/2024(H5N1)	2043	8699
PB2|PP755596.1|A/cattle/Texas/24-008749-003/2024(H5N1)	2044	8743
PB2|PP755596.1|A/cattle/Texas/24-008749-003/2024(H5N1)	2045	8804
PB2|PP755596.1|A/cattle/Texas/24-008749-003/2024(H5N1)	2046	8976
PB2|PP755596.1|A/cattle/Texas/24-008749-003/2024(H5N1)	2047	8745
PB2|PP755596.1|A/cattle/Texas/24-008749-003/2024(H5N1)	2048	8794
PB2|PP755596.1|A/cattle/Texas/24-008749-003/2024(H5N1)	2049	8775
PB2|PP755596.1|A/cattle/Texas/24-008749-003/2024(H5N1)	2050	8841
PB2|PP755596.1|A/cattle/Texas/24-008749-003/2024(H5N1)	2051	8984
PB2|PP755596.1|A/cattle/Texas/24-008749-003/2024(H5N1)	2052	9021
PB2|PP755596.1|A/cattle/Texas/24-008749-003/2024(H5N1)	2053	9101
PB2|PP755596.1|A/cattle/Texas/24-008749-003/2024(H5N1)	2054	9120
PB2|PP755596.1|A/cattle/Texas/24-008749-003/2024(H5N1)	2055	9072
PB2|PP755596.1|A/cattle/Texas/24-008749-003/2024(H5N1)	2056	9082
PB2|PP755596.1|A/cattle/Texas/24-008749-003/2024(H5N1)	2057	8877
PB2|PP755596.1|A/cattle/Texas/24-008749-003/2024(H5N1)	2058	8893
PB2|PP755596.1|A/cattle/Texas/24-008749-003/2024(H5N1)	2059	8808
PB2|PP755596.1|A/cattle/Texas/24-008749-003/2024(H5N1)	2060	8677
PB2|PP755596.1|A/cattle/Texas/24-008749-003/2024(H5N1)	2061	8606
PB2|PP755596.1|A/cattle/Texas/24-008749-003/2024(H5N1)	2062	8397
PB2|PP755596.1|A/cattle/Texas/24-008749-003/2024(H5N1)	2063	8222
PB2|PP755596.1|A/cattle/Texas/24-008749-003/2024(H5N1)	2064	8185
PB2|PP755596.1|A/cattle/Texas/24-008749-003/2024(H5N1)	2065	8147
PB2|PP755596.1|A/cattle/Texas/24-008749-003/2024(H5N1)	2066	8079
PB2|PP755596.1|A/cattle/Texas/24-008749-003/2024(H5N1)	2067	8029
PB2|PP755596.1|A/cattle/Texas/24-008749-003/2024(H5N1)	2068	8131
PB2|PP755596.1|A/cattle/Texas/24-008749-003/2024(H5N1)	2069	8092
PB2|PP755596.1|A/cattle/Texas/24-008749-003/2024(H5N1)	2070	8116
PB2|PP755596.1|A/cattle/Texas/24-008749-003/2024(H5N1)	2071	8115
PB2|PP755596.1|A/cattle/Texas/24-008749-003/2024(H5N1)	2072	8081
PB2|PP755596.1|A/cattle/Texas/24-008749-003/2024(H5N1)	2073	8041
PB2|PP755596.1|A/cattle/Texas/24-008749-003/2024(H5N1)	2074	8025
PB2|PP755596.1|A/cattle/Texas/24-008749-003/2024(H5N1)	2075	8012
PB2|PP755596.1|A/cattle/Texas/24-008749-003/2024(H5N1)	2076	7814
PB2|PP755596.1|A/cattle/Texas/24-008749-003/2024(H5N1)	2077	7729
PB2|PP755596.1|A/cattle/Texas/24-008749-003/2024(H5N1)	2078	7710
PB2|PP755596.1|A/cattle/Texas/24-008749-003/2024(H5N1)	2079	7787
PB2|PP755596.1|A/cattle/Texas/24-008749-003/2024(H5N1)	2080	8587
PB2|PP755596.1|A/cattle/Texas/24-008749-003/2024(H5N1)	2081	8471
PB2|PP755596.1|A/cattle/Texas/24-008749-003/2024(H5N1)	2082	8484
PB2|PP755596.1|A/cattle/Texas/24-008749-003/2024(H5N1)	2083	8402
PB2|PP755596.1|A/cattle/Texas/24-008749-003/2024(H5N1)	2084	8409
PB2|PP755596.1|A/cattle/Texas/24-008749-003/2024(H5N1)	2085	8419
PB2|PP755596.1|A/cattle/Texas/24-008749-003/2024(H5N1)	2086	8479
PB2|PP755596.1|A/cattle/Texas/24-008749-003/2024(H5N1)	2087	8475
PB2|PP755596.1|A/cattle/Texas/24-008749-003/2024(H5N1)	2088	8656
PB2|PP755596.1|A/cattle/Texas/24-008749-003/2024(H5N1)	2089	8652
PB2|PP755596.1|A/cattle/Texas/24-008749-003/2024(H5N1)	2090	8615
PB2|PP755596.1|A/cattle/Texas/24-008749-003/2024(H5N1)	2091	8621
PB2|PP755596.1|A/cattle/Texas/24-008749-003/2024(H5N1)	2092	8613
PB2|PP755596.1|A/cattle/Texas/24-008749-003/2024(H5N1)	2093	8619
PB2|PP755596.1|A/cattle/Texas/24-008749-003/2024(H5N1)	2094	8526
PB2|PP755596.1|A/cattle/Texas/24-008749-003/2024(H5N1)	2095	8512
PB2|PP755596.1|A/cattle/Texas/24-008749-003/2024(H5N1)	2096	8721
PB2|PP755596.1|A/cattle/Texas/24-008749-003/2024(H5N1)	2097	8719
PB2|PP755596.1|A/cattle/Texas/24-008749-003/2024(H5N1)	2098	8743
PB2|PP755596.1|A/cattle/Texas/24-008749-003/2024(H5N1)	2099	8929
PB2|PP755596.1|A/cattle/Texas/24-008749-003/2024(H5N1)	2100	8893
PB2|PP755596.1|A/cattle/Texas/24-008749-003/2024(H5N1)	2101	8882
PB2|PP755596.1|A/cattle/Texas/24-008749-003/2024(H5N1)	2102	8873
PB2|PP755596.1|A/cattle/Texas/24-008749-003/2024(H5N1)	2103	8862
PB2|PP755596.1|A/cattle/Texas/24-008749-003/2024(H5N1)	2104	8850
PB2|PP755596.1|A/cattle/Texas/24-008749-003/2024(H5N1)	2105	8836
PB2|PP755596.1|A/cattle/Texas/24-008749-003/2024(H5N1)	2106	8674
PB2|PP755596.1|A/cattle/Texas/24-008749-003/2024(H5N1)	2107	8637
PB2|PP755596.1|A/cattle/Texas/24-008749-003/2024(H5N1)	2108	8646
PB2|PP755596.1|A/cattle/Texas/24-008749-003/2024(H5N1)	2109	8658
PB2|PP755596.1|A/cattle/Texas/24-008749-003/2024(H5N1)	2110	8627
PB2|PP755596.1|A/cattle/Texas/24-008749-003/2024(H5N1)	2111	8599
PB2|PP755596.1|A/cattle/Texas/24-008749-003/2024(H5N1)	2112	8551
PB2|PP755596.1|A/cattle/Texas/24-008749-003/2024(H5N1)	2113	8561
PB2|PP755596.1|A/cattle/Texas/24-008749-003/2024(H5N1)	2114	8923
PB2|PP755596.1|A/cattle/Texas/24-008749-003/2024(H5N1)	2115	8858
PB2|PP755596.1|A/cattle/Texas/24-008749-003/2024(H5N1)	2116	8812
PB2|PP755596.1|A/cattle/Texas/24-008749-003/2024(H5N1)	2117	8774
PB2|PP755596.1|A/cattle/Texas/24-008749-003/2024(H5N1)	2118	8664
PB2|PP755596.1|A/cattle/Texas/24-008749-003/2024(H5N1)	2119	8726
PB2|PP755596.1|A/cattle/Texas/24-008749-003/2024(H5N1)	2120	8700
PB2|PP755596.1|A/cattle/Texas/24-008749-003/2024(H5N1)	2121	8695
PB2|PP755596.1|A/cattle/Texas/24-008749-003/2024(H5N1)	2122	8615
PB2|PP755596.1|A/cattle/Texas/24-008749-003/2024(H5N1)	2123	7448
PB2|PP755596.1|A/cattle/Texas/24-008749-003/2024(H5N1)	2124	7481
PB2|PP755596.1|A/cattle/Texas/24-008749-003/2024(H5N1)	2125	7473
PB2|PP755596.1|A/cattle/Texas/24-008749-003/2024(H5N1)	2126	7498
PB2|PP755596.1|A/cattle/Texas/24-008749-003/2024(H5N1)	2127	7559
PB2|PP755596.1|A/cattle/Texas/24-008749-003/2024(H5N1)	2128	7419
PB2|PP755596.1|A/cattle/Texas/24-008749-003/2024(H5N1)	2129	7458
PB2|PP755596.1|A/cattle/Texas/24-008749-003/2024(H5N1)	2130	7512
PB2|PP755596.1|A/cattle/Texas/24-008749-003/2024(H5N1)	2131	7496
PB2|PP755596.1|A/cattle/Texas/24-008749-003/2024(H5N1)	2132	7529
PB2|PP755596.1|A/cattle/Texas/24-008749-003/2024(H5N1)	2133	7448
PB2|PP755596.1|A/cattle/Texas/24-008749-003/2024(H5N1)	2134	7462
PB2|PP755596.1|A/cattle/Texas/24-008749-003/2024(H5N1)	2135	7335
PB2|PP755596.1|A/cattle/Texas/24-008749-003/2024(H5N1)	2136	7319
PB2|PP755596.1|A/cattle/Texas/24-008749-003/2024(H5N1)	2137	7309
PB2|PP755596.1|A/cattle/Texas/24-008749-003/2024(H5N1)	2138	7333
PB2|PP755596.1|A/cattle/Texas/24-008749-003/2024(H5N1)	2139	7351
PB2|PP755596.1|A/cattle/Texas/24-008749-003/2024(H5N1)	2140	7317
PB2|PP755596.1|A/cattle/Texas/24-008749-003/2024(H5N1)	2141	7319
PB2|PP755596.1|A/cattle/Texas/24-008749-003/2024(H5N1)	2142	7154
PB2|PP755596.1|A/cattle/Texas/24-008749-003/2024(H5N1)	2143	7078
PB2|PP755596.1|A/cattle/Texas/24-008749-003/2024(H5N1)	2144	7076
PB2|PP755596.1|A/cattle/Texas/24-008749-003/2024(H5N1)	2145	6997
PB2|PP755596.1|A/cattle/Texas/24-008749-003/2024(H5N1)	2146	6960
PB2|PP755596.1|A/cattle/Texas/24-008749-003/2024(H5N1)	2147	6960
PB2|PP755596.1|A/cattle/Texas/24-008749-003/2024(H5N1)	2148	7122
PB2|PP755596.1|A/cattle/Texas/24-008749-003/2024(H5N1)	2149	7110
PB2|PP755596.1|A/cattle/Texas/24-008749-003/2024(H5N1)	2150	7117
PB2|PP755596.1|A/cattle/Texas/24-008749-003/2024(H5N1)	2151	7119
PB2|PP755596.1|A/cattle/Texas/24-008749-003/2024(H5N1)	2152	7117
PB2|PP755596.1|A/cattle/Texas/24-008749-003/2024(H5N1)	2153	6885
PB2|PP755596.1|A/cattle/Texas/24-008749-003/2024(H5N1)	2154	6917
PB2|PP755596.1|A/cattle/Texas/24-008749-003/2024(H5N1)	2155	6935
PB2|PP755596.1|A/cattle/Texas/24-008749-003/2024(H5N1)	2156	6942
PB2|PP755596.1|A/cattle/Texas/24-008749-003/2024(H5N1)	2157	6881
PB2|PP755596.1|A/cattle/Texas/24-008749-003/2024(H5N1)	2158	6898
PB2|PP755596.1|A/cattle/Texas/24-008749-003/2024(H5N1)	2159	6913
PB2|PP755596.1|A/cattle/Texas/24-008749-003/2024(H5N1)	2160	6920
PB2|PP755596.1|A/cattle/Texas/24-008749-003/2024(H5N1)	2161	7055
PB2|PP755596.1|A/cattle/Texas/24-008749-003/2024(H5N1)	2162	7041
PB2|PP755596.1|A/cattle/Texas/24-008749-003/2024(H5N1)	2163	6999
PB2|PP755596.1|A/cattle/Texas/24-008749-003/2024(H5N1)	2164	8134
PB2|PP755596.1|A/cattle/Texas/24-008749-003/2024(H5N1)	2165	8177
PB2|PP755596.1|A/cattle/Texas/24-008749-003/2024(H5N1)	2166	8145
PB2|PP755596.1|A/cattle/Texas/24-008749-003/2024(H5N1)	2167	8098
PB2|PP755596.1|A/cattle/Texas/24-008749-003/2024(H5N1)	2168	8153
PB2|PP755596.1|A/cattle/Texas/24-008749-003/2024(H5N1)	2169	8120
PB2|PP755596.1|A/cattle/Texas/24-008749-003/2024(H5N1)	2170	8132
PB2|PP755596.1|A/cattle/Texas/24-008749-003/2024(H5N1)	2171	7935
PB2|PP755596.1|A/cattle/Texas/24-008749-003/2024(H5N1)	2172	7857
PB2|PP755596.1|A/cattle/Texas/24-008749-003/2024(H5N1)	2173	7850
PB2|PP755596.1|A/cattle/Texas/24-008749-003/2024(H5N1)	2174	7834
PB2|PP755596.1|A/cattle/Texas/24-008749-003/2024(H5N1)	2175	7833
PB2|PP755596.1|A/cattle/Texas/24-008749-003/2024(H5N1)	2176	7820
PB2|PP755596.1|A/cattle/Texas/24-008749-003/2024(H5N1)	2177	7804
PB2|PP755596.1|A/cattle/Texas/24-008749-003/2024(H5N1)	2178	7763
PB2|PP755596.1|A/cattle/Texas/24-008749-003/2024(H5N1)	2179	7720
PB2|PP755596.1|A/cattle/Texas/24-008749-003/2024(H5N1)	2180	7703
PB2|PP755596.1|A/cattle/Texas/24-008749-003/2024(H5N1)	2181	7717
PB2|PP755596.1|A/cattle/Texas/24-008749-003/2024(H5N1)	2182	7705
PB2|PP755596.1|A/cattle/Texas/24-008749-003/2024(H5N1)	2183	7691
PB2|PP755596.1|A/cattle/Texas/24-008749-003/2024(H5N1)	2184	7577
PB2|PP755596.1|A/cattle/Texas/24-008749-003/2024(H5N1)	2185	7570
PB2|PP755596.1|A/cattle/Texas/24-008749-003/2024(H5N1)	2186	7581
PB2|PP755596.1|A/cattle/Texas/24-008749-003/2024(H5N1)	2187	7581
PB2|PP755596.1|A/cattle/Texas/24-008749-003/2024(H5N1)	2188	7553
PB2|PP755596.1|A/cattle/Texas/24-008749-003/2024(H5N1)	2189	7434
PB2|PP755596.1|A/cattle/Texas/24-008749-003/2024(H5N1)	2190	7414
PB2|PP755596.1|A/cattle/Texas/24-008749-003/2024(H5N1)	2191	7407
PB2|PP755596.1|A/cattle/Texas/24-008749-003/2024(H5N1)	2192	7408
PB2|PP755596.1|A/cattle/Texas/24-008749-003/2024(H5N1)	2193	7333
PB2|PP755596.1|A/cattle/Texas/24-008749-003/2024(H5N1)	2194	7353
PB2|PP755596.1|A/cattle/Texas/24-008749-003/2024(H5N1)	2195	7211
PB2|PP755596.1|A/cattle/Texas/24-008749-003/2024(H5N1)	2196	7212
PB2|PP755596.1|A/cattle/Texas/24-008749-003/2024(H5N1)	2197	6962
PB2|PP755596.1|A/cattle/Texas/24-008749-003/2024(H5N1)	2198	6878
PB2|PP755596.1|A/cattle/Texas/24-008749-003/2024(H5N1)	2199	6775
PB2|PP755596.1|A/cattle/Texas/24-008749-003/2024(H5N1)	2200	6775
PB2|PP755596.1|A/cattle/Texas/24-008749-003/2024(H5N1)	2201	6609
PB2|PP755596.1|A/cattle/Texas/24-008749-003/2024(H5N1)	2202	6582
PB2|PP755596.1|A/cattle/Texas/24-008749-003/2024(H5N1)	2203	6450
PB2|PP755596.1|A/cattle/Texas/24-008749-003/2024(H5N1)	2204	6321
PB2|PP755596.1|A/cattle/Texas/24-008749-003/2024(H5N1)	2205	6289
PB2|PP755596.1|A/cattle/Texas/24-008749-003/2024(H5N1)	2206	6279
PB2|PP755596.1|A/cattle/Texas/24-008749-003/2024(H5N1)	2207	6279
PB2|PP755596.1|A/cattle/Texas/24-008749-003/2024(H5N1)	2208	6274
PB2|PP755596.1|A/cattle/Texas/24-008749-003/2024(H5N1)	2209	6250
PB2|PP755596.1|A/cattle/Texas/24-008749-003/2024(H5N1)	2210	6251
PB2|PP755596.1|A/cattle/Texas/24-008749-003/2024(H5N1)	2211	6230
PB2|PP755596.1|A/cattle/Texas/24-008749-003/2024(H5N1)	2212	6220
PB2|PP755596.1|A/cattle/Texas/24-008749-003/2024(H5N1)	2213	6220
PB2|PP755596.1|A/cattle/Texas/24-008749-003/2024(H5N1)	2214	6191
PB2|PP755596.1|A/cattle/Texas/24-008749-003/2024(H5N1)	2215	6183
PB2|PP755596.1|A/cattle/Texas/24-008749-003/2024(H5N1)	2216	6173
PB2|PP755596.1|A/cattle/Texas/24-008749-003/2024(H5N1)	2217	6172
PB2|PP755596.1|A/cattle/Texas/24-008749-003/2024(H5N1)	2218	6164
PB2|PP755596.1|A/cattle/Texas/24-008749-003/2024(H5N1)	2219	6086
PB2|PP755596.1|A/cattle/Texas/24-008749-003/2024(H5N1)	2220	6088
PB2|PP755596.1|A/cattle/Texas/24-008749-003/2024(H5N1)	2221	6065
PB2|PP755596.1|A/cattle/Texas/24-008749-003/2024(H5N1)	2222	6093
PB2|PP755596.1|A/cattle/Texas/24-008749-003/2024(H5N1)	2223	6091
PB2|PP755596.1|A/cattle/Texas/24-008749-003/2024(H5N1)	2224	6092
PB2|PP755596.1|A/cattle/Texas/24-008749-003/2024(H5N1)	2225	6093
PB2|PP755596.1|A/cattle/Texas/24-008749-003/2024(H5N1)	2226	6014
PB2|PP755596.1|A/cattle/Texas/24-008749-003/2024(H5N1)	2227	6010
PB2|PP755596.1|A/cattle/Texas/24-008749-003/2024(H5N1)	2228	5977
PB2|PP755596.1|A/cattle/Texas/24-008749-003/2024(H5N1)	2229	5852
PB2|PP755596.1|A/cattle/Texas/24-008749-003/2024(H5N1)	2230	5865
PB2|PP755596.1|A/cattle/Texas/24-008749-003/2024(H5N1)	2231	4958
PB2|PP755596.1|A/cattle/Texas/24-008749-003/2024(H5N1)	2232	4951
PB2|PP755596.1|A/cattle/Texas/24-008749-003/2024(H5N1)	2233	4895
PB2|PP755596.1|A/cattle/Texas/24-008749-003/2024(H5N1)	2234	4877
PB2|PP755596.1|A/cattle/Texas/24-008749-003/2024(H5N1)	2235	4863
PB2|PP755596.1|A/cattle/Texas/24-008749-003/2024(H5N1)	2236	4860
PB2|PP755596.1|A/cattle/Texas/24-008749-003/2024(H5N1)	2237	4764
PB2|PP755596.1|A/cattle/Texas/24-008749-003/2024(H5N1)	2238	4779
PB2|PP755596.1|A/cattle/Texas/24-008749-003/2024(H5N1)	2239	4496
PB2|PP755596.1|A/cattle/Texas/24-008749-003/2024(H5N1)	2240	4510
PB2|PP755596.1|A/cattle/Texas/24-008749-003/2024(H5N1)	2241	4496
PB2|PP755596.1|A/cattle/Texas/24-008749-003/2024(H5N1)	2242	4480
PB2|PP755596.1|A/cattle/Texas/24-008749-003/2024(H5N1)	2243	4463
PB2|PP755596.1|A/cattle/Texas/24-008749-003/2024(H5N1)	2244	4462
PB2|PP755596.1|A/cattle/Texas/24-008749-003/2024(H5N1)	2245	4461
PB2|PP755596.1|A/cattle/Texas/24-008749-003/2024(H5N1)	2246	4456
PB2|PP755596.1|A/cattle/Texas/24-008749-003/2024(H5N1)	2247	4198
PB2|PP755596.1|A/cattle/Texas/24-008749-003/2024(H5N1)	2248	4185
PB2|PP755596.1|A/cattle/Texas/24-008749-003/2024(H5N1)	2249	3938
PB2|PP755596.1|A/cattle/Texas/24-008749-003/2024(H5N1)	2250	3938
PB2|PP755596.1|A/cattle/Texas/24-008749-003/2024(H5N1)	2251	3930
PB2|PP755596.1|A/cattle/Texas/24-008749-003/2024(H5N1)	2252	3917
PB2|PP755596.1|A/cattle/Texas/24-008749-003/2024(H5N1)	2253	3904
PB2|PP755596.1|A/cattle/Texas/24-008749-003/2024(H5N1)	2254	3897
PB2|PP755596.1|A/cattle/Texas/24-008749-003/2024(H5N1)	2255	3897
PB2|PP755596.1|A/cattle/Texas/24-008749-003/2024(H5N1)	2256	3896
PB2|PP755596.1|A/cattle/Texas/24-008749-003/2024(H5N1)	2257	3884
PB2|PP755596.1|A/cattle/Texas/24-008749-003/2024(H5N1)	2258	3873
PB2|PP755596.1|A/cattle/Texas/24-008749-003/2024(H5N1)	2259	3832
PB2|PP755596.1|A/cattle/Texas/24-008749-003/2024(H5N1)	2260	3739
PB2|PP755596.1|A/cattle/Texas/24-008749-003/2024(H5N1)	2261	3726
PB2|PP755596.1|A/cattle/Texas/24-008749-003/2024(H5N1)	2262	3724
PB2|PP755596.1|A/cattle/Texas/24-008749-003/2024(H5N1)	2263	3718
PB2|PP755596.1|A/cattle/Texas/24-008749-003/2024(H5N1)	2264	3696
PB2|PP755596.1|A/cattle/Texas/24-008749-003/2024(H5N1)	2265	3428
PB2|PP755596.1|A/cattle/Texas/24-008749-003/2024(H5N1)	2266	3428
PB2|PP755596.1|A/cattle/Texas/24-008749-003/2024(H5N1)	2267	3323
PB2|PP755596.1|A/cattle/Texas/24-008749-003/2024(H5N1)	2268	3304
PB2|PP755596.1|A/cattle/Texas/24-008749-003/2024(H5N1)	2269	3301
PB2|PP755596.1|A/cattle/Texas/24-008749-003/2024(H5N1)	2270	3226
PB2|PP755596.1|A/cattle/Texas/24-008749-003/2024(H5N1)	2271	3222
PB2|PP755596.1|A/cattle/Texas/24-008749-003/2024(H5N1)	2272	3211
PB2|PP755596.1|A/cattle/Texas/24-008749-003/2024(H5N1)	2273	3208
PB2|PP755596.1|A/cattle/Texas/24-008749-003/2024(H5N1)	2274	3182
PB2|PP755596.1|A/cattle/Texas/24-008749-003/2024(H5N1)	2275	3176
PB2|PP755596.1|A/cattle/Texas/24-008749-003/2024(H5N1)	2276	3174
PB2|PP755596.1|A/cattle/Texas/24-008749-003/2024(H5N1)	2277	3109
PB2|PP755596.1|A/cattle/Texas/24-008749-003/2024(H5N1)	2278	3058
PB2|PP755596.1|A/cattle/Texas/24-008749-003/2024(H5N1)	2279	2923
PB2|PP755596.1|A/cattle/Texas/24-008749-003/2024(H5N1)	2280	2888
