PB2|PP755596.1|A/cattle/Texas/24-008749-003/2024(H5N1)	1	2687
PB2|PP755596.1|A/cattle/Texas/24-008749-003/2024(H5N1)	2	2692
PB2|PP755596.1|A/cattle/Texas/24-008749-003/2024(H5N1)	3	2731
PB2|PP755596.1|A/cattle/Texas/24-008749-003/2024(H5N1)	4	2739
PB2|PP755596.1|A/cattle/Texas/24-008749-003/2024(H5N1)	5	2780
PB2|PP755596.1|A/cattle/Texas/24-008749-003/2024(H5N1)	6	2804
PB2|PP755596.1|A/cattle/Texas/24-008749-003/2024(H5N1)	7	2819
PB2|PP755596.1|A/cattle/Texas/24-008749-003/2024(H5N1)	8	3103
PB2|PP755596.1|A/cattle/Texas/24-008749-003/2024(H5N1)	9	3108
PB2|PP755596.1|A/cattle/Texas/24-008749-003/2024(H5N1)	10	3113
PB2|PP755596.1|A/cattle/Texas/24-008749-003/2024(H5N1)	11	3125
PB2|PP755596.1|A/cattle/Texas/24-008749-003/2024(H5N1)	12	3130
PB2|PP755596.1|A/cattle/Texas/24-008749-003/2024(H5N1)	13	3138
PB2|PP755596.1|A/cattle/Texas/24-008749-003/2024(H5N1)	14	3149
PB2|PP755596.1|A/cattle/Texas/24-008749-003/2024(H5N1)	15	3157
PB2|PP755596.1|A/cattle/Texas/24-008749-003/2024(H5N1)	16	3254
PB2|PP755596.1|A/cattle/Texas/24-008749-003/2024(H5N1)	17	3313
PB2|PP755596.1|A/cattle/Texas/24-008749-003/2024(H5N1)	18	3325
PB2|PP755596.1|A/cattle/Texas/24-008749-003/2024(H5N1)	19	3328
PB2|PP755596.1|A/cattle/Texas/24-008749-003/2024(H5N1)	20	3337
PB2|PP755596.1|A/cattle/Texas/24-008749-003/2024(H5N1)	21	3361
PB2|PP755596.1|A/cattle/Texas/24-008749-003/2024(H5N1)	22	3366
PB2|PP755596.1|A/cattle/Texas/24-008749-003/2024(H5N1)	23	3387
PB2|PP755596.1|A/cattle/Texas/24-008749-003/2024(H5N1)	24	3405
PB2|PP755596.1|A/cattle/Texas/24-008749-003/2024(H5N1)	25	3593
PB2|PP755596.1|A/cattle/Texas/24-008749-003/2024(H5N1)	26	3663
PB2|PP755596.1|A/cattle/Texas/24-008749-003/2024(H5N1)	27	3672
PB2|PP755596.1|A/cattle/Texas/24-008749-003/2024(H5N1)	28	3682
PB2|PP755596.1|A/cattle/Texas/24-008749-003/2024(H5N1)	29	3690
PB2|PP755596.1|A/cattle/Texas/24-008749-003/2024(H5N1)	30	3696
PB2|PP755596.1|A/cattle/Texas/24-008749-003/2024(H5N1)	31	3789
PB2|PP755596.1|A/cattle/Texas/24-008749-003/2024(H5N1)	32	3807
PB2|PP755596.1|A/cattle/Texas/24-008749-003/2024(H5N1)	33	3833
PB2|PP755596.1|A/cattle/Texas/24-008749-003/2024(H5N1)	34	3881
PB2|PP755596.1|A/cattle/Texas/24-008749-003/2024(H5N1)	35	3886
PB2|PP755596.1|A/cattle/Texas/24-008749-003/2024(H5N1)	36	3887
PB2|PP755596.1|A/cattle/Texas/24-008749-003/2024(H5N1)	37	3900
PB2|PP755596.1|A/cattle/Texas/24-008749-003/2024(H5N1)	38	3903
PB2|PP755596.1|A/cattle/Texas/24-008749-003/2024(H5N1)	39	4095
PB2|PP755596.1|A/cattle/Texas/24-008749-003/2024(H5N1)	40	4193
PB2|PP755596.1|A/cattle/Texas/24-008749-003/2024(H5N1)	41	4201
PB2|PP755596.1|A/cattle/Texas/24-008749-003/2024(H5N1)	42	4201
PB2|PP755596.1|A/cattle/Texas/24-008749-003/2024(H5N1)	43	4253
PB2|PP755596.1|A/cattle/Texas/24-008749-003/2024(H5N1)	44	4259
PB2|PP755596.1|A/cattle/Texas/24-008749-003/2024(H5N1)	45	4268
PB2|PP755596.1|A/cattle/Texas/24-008749-003/2024(H5N1)	46	4279
PB2|PP755596.1|A/cattle/Texas/24-008749-003/2024(H5N1)	47	4310
PB2|PP755596.1|A/cattle/Texas/24-008749-003/2024(H5N1)	48	4299
PB2|PP755596.1|A/cattle/Texas/24-008749-003/2024(H5N1)	49	4415
PB2|PP755596.1|A/cattle/Texas/24-008749-003/2024(H5N1)	50	4426
PB2|PP755596.1|A/cattle/Texas/24-008749-003/2024(H5N1)	51	4431
PB2|PP755596.1|A/cattle/Texas/24-008749-003/2024(H5N1)	52	4431
PB2|PP755596.1|A/cattle/Texas/24-008749-003/2024(H5N1)	53	4434
PB2|PP755596.1|A/cattle/Texas/24-008749-003/2024(H5N1)	54	4482
PB2|PP755596.1|A/cattle/Texas/24-008749-003/2024(H5N1)	55	4653
PB2|PP755596.1|A/cattle/Texas/24-008749-003/2024(H5N1)	56	4681
PB2|PP755596.1|A/cattle/Texas/24-008749-003/2024(H5N1)	57	4684
PB2|PP755596.1|A/cattle/Texas/24-008749-003/2024(H5N1)	58	4684
PB2|PP755596.1|A/cattle/Texas/24-008749-003/2024(H5N1)	59	4676
PB2|PP755596.1|A/cattle/Texas/24-008749-003/2024(H5N1)	60	4793
PB2|PP755596.1|A/cattle/Texas/24-008749-003/2024(H5N1)	61	4809
PB2|PP755596.1|A/cattle/Texas/24-008749-003/2024(H5N1)	62	4848
PB2|PP755596.1|A/cattle/Texas/24-008749-003/2024(H5N1)	63	4853
PB2|PP755596.1|A/cattle/Texas/24-008749-003/2024(H5N1)	64	4833
PB2|PP755596.1|A/cattle/Texas/24-008749-003/2024(H5N1)	65	4975
PB2|PP755596.1|A/cattle/Texas/24-008749-003/2024(H5N1)	66	4972
PB2|PP755596.1|A/cattle/Texas/24-008749-003/2024(H5N1)	67	4999
PB2|PP755596.1|A/cattle/Texas/24-008749-003/2024(H5N1)	68	5043
PB2|PP755596.1|A/cattle/Texas/24-008749-003/2024(H5N1)	69	5034
PB2|PP755596.1|A/cattle/Texas/24-008749-003/2024(H5N1)	70	5245
PB2|PP755596.1|A/cattle/Texas/24-008749-003/2024(H5N1)	71	5276
PB2|PP755596.1|A/cattle/Texas/24-008749-003/2024(H5N1)	72	5331
PB2|PP755596.1|A/cattle/Texas/24-008749-003/2024(H5N1)	73	5434
PB2|PP755596.1|A/cattle/Texas/24-008749-003/2024(H5N1)	74	5402
PB2|PP755596.1|A/cattle/Texas/24-008749-003/2024(H5N1)	75	5451
PB2|PP755596.1|A/cattle/Texas/24-008749-003/2024(H5N1)	76	5490
PB2|PP755596.1|A/cattle/Texas/24-008749-003/2024(H5N1)	77	5487
PB2|PP755596.1|A/cattle/Texas/24-008749-003/2024(H5N1)	78	5632
PB2|PP755596.1|A/cattle/Texas/24-008749-003/2024(H5N1)	79	5714
PB2|PP755596.1|A/cattle/Texas/24-008749-003/2024(H5N1)	80	5736
PB2|PP755596.1|A/cattle/Texas/24-008749-003/2024(H5N1)	81	5751
PB2|PP755596.1|A/cattle/Texas/24-008749-003/2024(H5N1)	82	5738
PB2|PP755596.1|A/cattle/Texas/24-008749-003/2024(H5N1)	83	5741
PB2|PP755596.1|A/cattle/Texas/24-008749-003/2024(H5N1)	84	5732
PB2|PP755596.1|A/cattle/Texas/24-008749-003/2024(H5N1)	85	5832
PB2|PP755596.1|A/cattle/Texas/24-008749-003/2024(H5N1)	86	5861
PB2|PP755596.1|A/cattle/Texas/24-008749-003/2024(H5N1)	87	5890
PB2|PP755596.1|A/cattle/Texas/24-008749-003/2024(H5N1)	88	5889
PB2|PP755596.1|A/cattle/Texas/24-008749-003/2024(H5N1)	89	5899
PB2|PP755596.1|A/cattle/Texas/24-008749-003/2024(H5N1)	90	5898
PB2|PP755596.1|A/cattle/Texas/24-008749-003/2024(H5N1)	91	5940
PB2|PP755596.1|A/cattle/Texas/24-008749-003/2024(H5N1)	92	5957
PB2|PP755596.1|A/cattle/Texas/24-008749-003/2024(H5N1)	93	5955
PB2|PP755596.1|A/cattle/Texas/24-008749-003/2024(H5N1)	94	5942
PB2|PP755596.1|A/cattle/Texas/24-008749-003/2024(H5N1)	95	5945
PB2|PP755596.1|A/cattle/Texas/24-008749-003/2024(H5N1)	96	5937
PB2|PP755596.1|A/cattle/Texas/24-008749-003/2024(H5N1)	97	5967
PB2|PP755596.1|A/cattle/Texas/24-008749-003/2024(H5N1)	98	5974
PB2|PP755596.1|A/cattle/Texas/24-008749-003/2024(H5N1)	99	6053
PB2|PP755596.1|A/cattle/Texas/24-008749-003/2024(H5N1)	100	6029
PB2|PP755596.1|A/cattle/Texas/24-008749-003/2024(H5N1)	101	6070
PB2|PP755596.1|A/cattle/Texas/24-008749-003/2024(H5N1)	102	6079
PB2|PP755596.1|A/cattle/Texas/24-008749-003/2024(H5N1)	103	6079
PB2|PP755596.1|A/cattle/Texas/24-008749-003/2024(H5N1)	104	6131
PB2|PP755596.1|A/cattle/Texas/24-008749-003/2024(H5N1)	105	6130
PB2|PP755596.1|A/cattle/Texas/24-008749-003/2024(H5N1)	106	6137
PB2|PP755596.1|A/cattle/Texas/24-008749-003/2024(H5N1)	107	6214
PB2|PP755596.1|A/cattle/Texas/24-008749-003/2024(H5N1)	108	6169
PB2|PP755596.1|A/cattle/Texas/24-008749-003/2024(H5N1)	109	6180
PB2|PP755596.1|A/cattle/Texas/24-008749-003/2024(H5N1)	110	6179
PB2|PP755596.1|A/cattle/Texas/24-008749-003/2024(H5N1)	111	6213
PB2|PP755596.1|A/cattle/Texas/24-008749-003/2024(H5N1)	112	6214
PB2|PP755596.1|A/cattle/Texas/24-008749-003/2024(H5N1)	113	6332
PB2|PP755596.1|A/cattle/Texas/24-008749-003/2024(H5N1)	114	6360
PB2|PP755596.1|A/cattle/Texas/24-008749-003/2024(H5N1)	115	6403
PB2|PP755596.1|A/cattle/Texas/24-008749-003/2024(H5N1)	116	6403
PB2|PP755596.1|A/cattle/Texas/24-008749-003/2024(H5N1)	117	6401
PB2|PP755596.1|A/cattle/Texas/24-008749-003/2024(H5N1)	118	6578
PB2|PP755596.1|A/cattle/Texas/24-008749-003/2024(H5N1)	119	6625
PB2|PP755596.1|A/cattle/Texas/24-008749-003/2024(H5N1)	120	6658
PB2|PP755596.1|A/cattle/Texas/24-008749-003/2024(H5N1)	121	6726
PB2|PP755596.1|A/cattle/Texas/24-008749-003/2024(H5N1)	122	6641
PB2|PP755596.1|A/cattle/Texas/24-008749-003/2024(H5N1)	123	6652
PB2|PP755596.1|A/cattle/Texas/24-008749-003/2024(H5N1)	124	5986
PB2|PP755596.1|A/cattle/Texas/24-008749-003/2024(H5N1)	125	5927
PB2|PP755596.1|A/cattle/Texas/24-008749-003/2024(H5N1)	126	5658
PB2|PP755596.1|A/cattle/Texas/24-008749-003/2024(H5N1)	127	5603
PB2|PP755596.1|A/cattle/Texas/24-008749-003/2024(H5N1)	128	5772
PB2|PP755596.1|A/cattle/Texas/24-008749-003/2024(H5N1)	129	5751
PB2|PP755596.1|A/cattle/Texas/24-008749-003/2024(H5N1)	130	5775
PB2|PP755596.1|A/cattle/Texas/24-008749-003/2024(H5N1)	131	5833
PB2|PP755596.1|A/cattle/Texas/24-008749-003/2024(H5N1)	132	5832
PB2|PP755596.1|A/cattle/Texas/24-008749-003/2024(H5N1)	133	5682
PB2|PP755596.1|A/cattle/Texas/24-008749-003/2024(H5N1)	134	5656
PB2|PP755596.1|A/cattle/Texas/24-008749-003/2024(H5N1)	135	5647
PB2|PP755596.1|A/cattle/Texas/24-008749-003/2024(H5N1)	136	5633
PB2|PP755596.1|A/cattle/Texas/24-008749-003/2024(H5N1)	137	5828
PB2|PP755596.1|A/cattle/Texas/24-008749-003/2024(H5N1)	138	5629
PB2|PP755596.1|A/cattle/Texas/24-008749-003/2024(H5N1)	139	5632
PB2|PP755596.1|A/cattle/Texas/24-008749-003/2024(H5N1)	140	5522
PB2|PP755596.1|A/cattle/Texas/24-008749-003/2024(H5N1)	141	5568
PB2|PP755596.1|A/cattle/Texas/24-008749-003/2024(H5N1)	142	5630
PB2|PP755596.1|A/cattle/Texas/24-008749-003/2024(H5N1)	143	5586
PB2|PP755596.1|A/cattle/Texas/24-008749-003/2024(H5N1)	144	5590
PB2|PP755596.1|A/cattle/Texas/24-008749-003/2024(H5N1)	145	5528
PB2|PP755596.1|A/cattle/Texas/24-008749-003/2024(H5N1)	146	5500
PB2|PP755596.1|A/cattle/Texas/24-008749-003/2024(H5N1)	147	5533
PB2|PP755596.1|A/cattle/Texas/24-008749-003/2024(H5N1)	148	5521
PB2|PP755596.1|A/cattle/Texas/24-008749-003/2024(H5N1)	149	5498
PB2|PP755596.1|A/cattle/Texas/24-008749-003/2024(H5N1)	150	5431
PB2|PP755596.1|A/cattle/Texas/24-008749-003/2024(H5N1)	151	5435
PB2|PP755596.1|A/cattle/Texas/24-008749-003/2024(H5N1)	152	5498
PB2|PP755596.1|A/cattle/Texas/24-008749-003/2024(H5N1)	153	5513
PB2|PP755596.1|A/cattle/Texas/24-008749-003/2024(H5N1)	154	5527
PB2|PP755596.1|A/cattle/Texas/24-008749-003/2024(H5N1)	155	5611
PB2|PP755596.1|A/cattle/Texas/24-008749-003/2024(H5N1)	156	5613
PB2|PP755596.1|A/cattle/Texas/24-008749-003/2024(H5N1)	157	5610
PB2|PP755596.1|A/cattle/Texas/24-008749-003/2024(H5N1)	158	5612
PB2|PP755596.1|A/cattle/Texas/24-008749-003/2024(H5N1)	159	5522
PB2|PP755596.1|A/cattle/Texas/24-008749-003/2024(H5N1)	160	5555
PB2|PP755596.1|A/cattle/Texas/24-008749-003/2024(H5N1)	161	5587
PB2|PP755596.1|A/cattle/Texas/24-008749-003/2024(H5N1)	162	5575
PB2|PP755596.1|A/cattle/Texas/24-008749-003/2024(H5N1)	163	5585
PB2|PP755596.1|A/cattle/Texas/24-008749-003/2024(H5N1)	164	5589
PB2|PP755596.1|A/cattle/Texas/24-008749-003/2024(H5N1)	165	5610
PB2|PP755596.1|A/cattle/Texas/24-008749-003/2024(H5N1)	166	5605
PB2|PP755596.1|A/cattle/Texas/24-008749-003/2024(H5N1)	167	5611
PB2|PP755596.1|A/cattle/Texas/24-008749-003/2024(H5N1)	168	5596
PB2|PP755596.1|A/cattle/Texas/24-008749-003/2024(H5N1)	169	5591
PB2|PP755596.1|A/cattle/Texas/24-008749-003/2024(H5N1)	170	5601
PB2|PP755596.1|A/cattle/Texas/24-008749-003/2024(H5N1)	171	5587
PB2|PP755596.1|A/cattle/Texas/24-008749-003/2024(H5N1)	172	5565
PB2|PP755596.1|A/cattle/Texas/24-008749-003/2024(H5N1)	173	5650
PB2|PP755596.1|A/cattle/Texas/24-008749-003/2024(H5N1)	174	5631
PB2|PP755596.1|A/cattle/Texas/24-008749-003/2024(H5N1)	175	5683
PB2|PP755596.1|A/cattle/Texas/24-008749-003/2024(H5N1)	176	5705
PB2|PP755596.1|A/cattle/Texas/24-008749-003/2024(H5N1)	177	5713
PB2|PP755596.1|A/cattle/Texas/24-008749-003/2024(H5N1)	178	5749
PB2|PP755596.1|A/cattle/Texas/24-008749-003/2024(H5N1)	179	5816
PB2|PP755596.1|A/cattle/Texas/24-008749-003/2024(H5N1)	180	5954
PB2|PP755596.1|A/cattle/Texas/24-008749-003/2024(H5N1)	181	5954
PB2|PP755596.1|A/cattle/Texas/24-008749-003/2024(H5N1)	182	5855
PB2|PP755596.1|A/cattle/Texas/24-008749-003/2024(H5N1)	183	5850
PB2|PP755596.1|A/cattle/Texas/24-008749-003/2024(H5N1)	184	5921
PB2|PP755596.1|A/cattle/Texas/24-008749-003/2024(H5N1)	185	5990
PB2|PP755596.1|A/cattle/Texas/24-008749-003/2024(H5N1)	186	6057
PB2|PP755596.1|A/cattle/Texas/24-008749-003/2024(H5N1)	187	6039
PB2|PP755596.1|A/cattle/Texas/24-008749-003/2024(H5N1)	188	6085
PB2|PP755596.1|A/cattle/Texas/24-008749-003/2024(H5N1)	189	6003
PB2|PP755596.1|A/cattle/Texas/24-008749-003/2024(H5N1)	190	6343
PB2|PP755596.1|A/cattle/Texas/24-008749-003/2024(H5N1)	191	6322
PB2|PP755596.1|A/cattle/Texas/24-008749-003/2024(H5N1)	192	6327
PB2|PP755596.1|A/cattle/Texas/24-008749-003/2024(H5N1)	193	6272
PB2|PP755596.1|A/cattle/Texas/24-008749-003/2024(H5N1)	194	6217
PB2|PP755596.1|A/cattle/Texas/24-008749-003/2024(H5N1)	195	6250
PB2|PP755596.1|A/cattle/Texas/24-008749-003/2024(H5N1)	196	6244
PB2|PP755596.1|A/cattle/Texas/24-008749-003/2024(H5N1)	197	6278
PB2|PP755596.1|A/cattle/Texas/24-008749-003/2024(H5N1)	198	6262
PB2|PP755596.1|A/cattle/Texas/24-008749-003/2024(H5N1)	199	6262
PB2|PP755596.1|A/cattle/Texas/24-008749-003/2024(H5N1)	200	6205
PB2|PP755596.1|A/cattle/Texas/24-008749-003/2024(H5N1)	201	6169
PB2|PP755596.1|A/cattle/Texas/24-008749-003/2024(H5N1)	202	6197
PB2|PP755596.1|A/cattle/Texas/24-008749-003/2024(H5N1)	203	6064
PB2|PP755596.1|A/cattle/Texas/24-008749-003/2024(H5N1)	204	6059
PB2|PP755596.1|A/cattle/Texas/24-008749-003/2024(H5N1)	205	6070
PB2|PP755596.1|A/cattle/Texas/24-008749-003/2024(H5N1)	206	6071
PB2|PP755596.1|A/cattle/Texas/24-008749-003/2024(H5N1)	207	6048
PB2|PP755596.1|A/cattle/Texas/24-008749-003/2024(H5N1)	208	6045
PB2|PP755596.1|A/cattle/Texas/24-008749-003/2024(H5N1)	209	6090
PB2|PP755596.1|A/cattle/Texas/24-008749-003/2024(H5N1)	210	6099
PB2|PP755596.1|A/cattle/Texas/24-008749-003/2024(H5N1)	211	6028
PB2|PP755596.1|A/cattle/Texas/24-008749-003/2024(H5N1)	212	6019
PB2|PP755596.1|A/cattle/Texas/24-008749-003/2024(H5N1)	213	5992
PB2|PP755596.1|A/cattle/Texas/24-008749-003/2024(H5N1)	214	6072
PB2|PP755596.1|A/cattle/Texas/24-008749-003/2024(H5N1)	215	6074
PB2|PP755596.1|A/cattle/Texas/24-008749-003/2024(H5N1)	216	5967
PB2|PP755596.1|A/cattle/Texas/24-008749-003/2024(H5N1)	217	5966
PB2|PP755596.1|A/cattle/Texas/24-008749-003/2024(H5N1)	218	5931
PB2|PP755596.1|A/cattle/Texas/24-008749-003/2024(H5N1)	219	5888
PB2|PP755596.1|A/cattle/Texas/24-008749-003/2024(H5N1)	220	6034
PB2|PP755596.1|A/cattle/Texas/24-008749-003/2024(H5N1)	221	5953
PB2|PP755596.1|A/cattle/Texas/24-008749-003/2024(H5N1)	222	5925
PB2|PP755596.1|A/cattle/Texas/24-008749-003/2024(H5N1)	223	5830
PB2|PP755596.1|A/cattle/Texas/24-008749-003/2024(H5N1)	224	5828
PB2|PP755596.1|A/cattle/Texas/24-008749-003/2024(H5N1)	225	5829
PB2|PP755596.1|A/cattle/Texas/24-008749-003/2024(H5N1)	226	5816
PB2|PP755596.1|A/cattle/Texas/24-008749-003/2024(H5N1)	227	5852
PB2|PP755596.1|A/cattle/Texas/24-008749-003/2024(H5N1)	228	5787
PB2|PP755596.1|A/cattle/Texas/24-008749-003/2024(H5N1)	229	5851
PB2|PP755596.1|A/cattle/Texas/24-008749-003/2024(H5N1)	230	5758
PB2|PP755596.1|A/cattle/Texas/24-008749-003/2024(H5N1)	231	5753
PB2|PP755596.1|A/cattle/Texas/24-008749-003/2024(H5N1)	232	5746
PB2|PP755596.1|A/cattle/Texas/24-008749-003/2024(H5N1)	233	5753
PB2|PP755596.1|A/cattle/Texas/24-008749-003/2024(H5N1)	234	5776
PB2|PP755596.1|A/cattle/Texas/24-008749-003/2024(H5N1)	235	5732
PB2|PP755596.1|A/cattle/Texas/24-008749-003/2024(H5N1)	236	5656
PB2|PP755596.1|A/cattle/Texas/24-008749-003/2024(H5N1)	237	5658
PB2|PP755596.1|A/cattle/Texas/24-008749-003/2024(H5N1)	238	5604
PB2|PP755596.1|A/cattle/Texas/24-008749-003/2024(H5N1)	239	5602
PB2|PP755596.1|A/cattle/Texas/24-008749-003/2024(H5N1)	240	5566
PB2|PP755596.1|A/cattle/Texas/24-008749-003/2024(H5N1)	241	5569
PB2|PP755596.1|A/cattle/Texas/24-008749-003/2024(H5N1)	242	5541
PB2|PP755596.1|A/cattle/Texas/24-008749-003/2024(H5N1)	243	5551
PB2|PP755596.1|A/cattle/Texas/24-008749-003/2024(H5N1)	244	5664
PB2|PP755596.1|A/cattle/Texas/24-008749-003/2024(H5N1)	245	5831
PB2|PP755596.1|A/cattle/Texas/24-008749-003/2024(H5N1)	246	5829
PB2|PP755596.1|A/cattle/Texas/24-008749-003/2024(H5N1)	247	5813
PB2|PP755596.1|A/cattle/Texas/24-008749-003/2024(H5N1)	248	5806
PB2|PP755596.1|A/cattle/Texas/24-008749-003/2024(H5N1)	249	5872
PB2|PP755596.1|A/cattle/Texas/24-008749-003/2024(H5N1)	250	5815
PB2|PP755596.1|A/cattle/Texas/24-008749-003/2024(H5N1)	251	5941
PB2|PP755596.1|A/cattle/Texas/24-008749-003/2024(H5N1)	252	5895
PB2|PP755596.1|A/cattle/Texas/24-008749-003/2024(H5N1)	253	5921
PB2|PP755596.1|A/cattle/Texas/24-008749-003/2024(H5N1)	254	5914
PB2|PP755596.1|A/cattle/Texas/24-008749-003/2024(H5N1)	255	5839
PB2|PP755596.1|A/cattle/Texas/24-008749-003/2024(H5N1)	256	5860
PB2|PP755596.1|A/cattle/Texas/24-008749-003/2024(H5N1)	257	5848
PB2|PP755596.1|A/cattle/Texas/24-008749-003/2024(H5N1)	258	5740
PB2|PP755596.1|A/cattle/Texas/24-008749-003/2024(H5N1)	259	5899
PB2|PP755596.1|A/cattle/Texas/24-008749-003/2024(H5N1)	260	5944
PB2|PP755596.1|A/cattle/Texas/24-008749-003/2024(H5N1)	261	5945
PB2|PP755596.1|A/cattle/Texas/24-008749-003/2024(H5N1)	262	5909
PB2|PP755596.1|A/cattle/Texas/24-008749-003/2024(H5N1)	263	5896
PB2|PP755596.1|A/cattle/Texas/24-008749-003/2024(H5N1)	264	5801
PB2|PP755596.1|A/cattle/Texas/24-008749-003/2024(H5N1)	265	5808
PB2|PP755596.1|A/cattle/Texas/24-008749-003/2024(H5N1)	266	5773
PB2|PP755596.1|A/cattle/Texas/24-008749-003/2024(H5N1)	267	5787
PB2|PP755596.1|A/cattle/Texas/24-008749-003/2024(H5N1)	268	5733
PB2|PP755596.1|A/cattle/Texas/24-008749-003/2024(H5N1)	269	5617
PB2|PP755596.1|A/cattle/Texas/24-008749-003/2024(H5N1)	270	5821
PB2|PP755596.1|A/cattle/Texas/24-008749-003/2024(H5N1)	271	5824
PB2|PP755596.1|A/cattle/Texas/24-008749-003/2024(H5N1)	272	5856
PB2|PP755596.1|A/cattle/Texas/24-008749-003/2024(H5N1)	273	5810
PB2|PP755596.1|A/cattle/Texas/24-008749-003/2024(H5N1)	274	5787
PB2|PP755596.1|A/cattle/Texas/24-008749-003/2024(H5N1)	275	5656
PB2|PP755596.1|A/cattle/Texas/24-008749-003/2024(H5N1)	276	5655
PB2|PP755596.1|A/cattle/Texas/24-008749-003/2024(H5N1)	277	5863
PB2|PP755596.1|A/cattle/Texas/24-008749-003/2024(H5N1)	278	5844
PB2|PP755596.1|A/cattle/Texas/24-008749-003/2024(H5N1)	279	5588
PB2|PP755596.1|A/cattle/Texas/24-008749-003/2024(H5N1)	280	5500
PB2|PP755596.1|A/cattle/Texas/24-008749-003/2024(H5N1)	281	5461
PB2|PP755596.1|A/cattle/Texas/24-008749-003/2024(H5N1)	282	5524
PB2|PP755596.1|A/cattle/Texas/24-008749-003/2024(H5N1)	283	5534
PB2|PP755596.1|A/cattle/Texas/24-008749-003/2024(H5N1)	284	5542
PB2|PP755596.1|A/cattle/Texas/24-008749-003/2024(H5N1)	285	5497
PB2|PP755596.1|A/cattle/Texas/24-008749-003/2024(H5N1)	286	5387
PB2|PP755596.1|A/cattle/Texas/24-008749-003/2024(H5N1)	287	5432
PB2|PP755596.1|A/cattle/Texas/24-008749-003/2024(H5N1)	288	5314
PB2|PP755596.1|A/cattle/Texas/24-008749-003/2024(H5N1)	289	5364
PB2|PP755596.1|A/cattle/Texas/24-008749-003/2024(H5N1)	290	5363
PB2|PP755596.1|A/cattle/Texas/24-008749-003/2024(H5N1)	291	5306
PB2|PP755596.1|A/cattle/Texas/24-008749-003/2024(H5N1)	292	5290
PB2|PP755596.1|A/cattle/Texas/24-008749-003/2024(H5N1)	293	5250
PB2|PP755596.1|A/cattle/Texas/24-008749-003/2024(H5N1)	294	5355
PB2|PP755596.1|A/cattle/Texas/24-008749-003/2024(H5N1)	295	5401
PB2|PP755596.1|A/cattle/Texas/24-008749-003/2024(H5N1)	296	5410
PB2|PP755596.1|A/cattle/Texas/24-008749-003/2024(H5N1)	297	5543
PB2|PP755596.1|A/cattle/Texas/24-008749-003/2024(H5N1)	298	5492
PB2|PP755596.1|A/cattle/Texas/24-008749-003/2024(H5N1)	299	5499
PB2|PP755596.1|A/cattle/Texas/24-008749-003/2024(H5N1)	300	5505
PB2|PP755596.1|A/cattle/Texas/24-008749-003/2024(H5N1)	301	5485
PB2|PP755596.1|A/cattle/Texas/24-008749-003/2024(H5N1)	302	5504
PB2|PP755596.1|A/cattle/Texas/24-008749-003/2024(H5N1)	303	5522
PB2|PP755596.1|A/cattle/Texas/24-008749-003/2024(H5N1)	304	5490
PB2|PP755596.1|A/cattle/Texas/24-008749-003/2024(H5N1)	305	5471
PB2|PP755596.1|A/cattle/Texas/24-008749-003/2024(H5N1)	306	5356
PB2|PP755596.1|A/cattle/Texas/24-008749-003/2024(H5N1)	307	5360
PB2|PP755596.1|A/cattle/Texas/24-008749-003/2024(H5N1)	308	5489
PB2|PP755596.1|A/cattle/Texas/24-008749-003/2024(H5N1)	309	5498
PB2|PP755596.1|A/cattle/Texas/24-008749-003/2024(H5N1)	310	5580
PB2|PP755596.1|A/cattle/Texas/24-008749-003/2024(H5N1)	311	5550
PB2|PP755596.1|A/cattle/Texas/24-008749-003/2024(H5N1)	312	5554
PB2|PP755596.1|A/cattle/Texas/24-008749-003/2024(H5N1)	313	5566
PB2|PP755596.1|A/cattle/Texas/24-008749-003/2024(H5N1)	314	5661
PB2|PP755596.1|A/cattle/Texas/24-008749-003/2024(H5N1)	315	5667
PB2|PP755596.1|A/cattle/Texas/24-008749-003/2024(H5N1)	316	5652
PB2|PP755596.1|A/cattle/Texas/24-008749-003/2024(H5N1)	317	5680
PB2|PP755596.1|A/cattle/Texas/24-008749-003/2024(H5N1)	318	5667
PB2|PP755596.1|A/cattle/Texas/24-008749-003/2024(H5N1)	319	5626
PB2|PP755596.1|A/cattle/Texas/24-008749-003/2024(H5N1)	320	5616
PB2|PP755596.1|A/cattle/Texas/24-008749-003/2024(H5N1)	321	5588
PB2|PP755596.1|A/cattle/Texas/24-008749-003/2024(H5N1)	322	5573
PB2|PP755596.1|A/cattle/Texas/24-008749-003/2024(H5N1)	323	5352
PB2|PP755596.1|A/cattle/Texas/24-008749-003/2024(H5N1)	324	4490
PB2|PP755596.1|A/cattle/Texas/24-008749-003/2024(H5N1)	325	4487
PB2|PP755596.1|A/cattle/Texas/24-008749-003/2024(H5N1)	326	4494
PB2|PP755596.1|A/cattle/Texas/24-008749-003/2024(H5N1)	327	4565
PB2|PP755596.1|A/cattle/Texas/24-008749-003/2024(H5N1)	328	4952
PB2|PP755596.1|A/cattle/Texas/24-008749-003/2024(H5N1)	329	4963
PB2|PP755596.1|A/cattle/Texas/24-008749-003/2024(H5N1)	330	5027
PB2|PP755596.1|A/cattle/Texas/24-008749-003/2024(H5N1)	331	5028
PB2|PP755596.1|A/cattle/Texas/24-008749-003/2024(H5N1)	332	5518
PB2|PP755596.1|A/cattle/Texas/24-008749-003/2024(H5N1)	333	5543
PB2|PP755596.1|A/cattle/Texas/24-008749-003/2024(H5N1)	334	5582
PB2|PP755596.1|A/cattle/Texas/24-008749-003/2024(H5N1)	335	5582
PB2|PP755596.1|A/cattle/Texas/24-008749-003/2024(H5N1)	336	5617
PB2|PP755596.1|A/cattle/Texas/24-008749-003/2024(H5N1)	337	5657
PB2|PP755596.1|A/cattle/Texas/24-008749-003/2024(H5N1)	338	5657
PB2|PP755596.1|A/cattle/Texas/24-008749-003/2024(H5N1)	339	5814
PB2|PP755596.1|A/cattle/Texas/24-008749-003/2024(H5N1)	340	6100
PB2|PP755596.1|A/cattle/Texas/24-008749-003/2024(H5N1)	341	5653
PB2|PP755596.1|A/cattle/Texas/24-008749-003/2024(H5N1)	342	5683
PB2|PP755596.1|A/cattle/Texas/24-008749-003/2024(H5N1)	343	5740
PB2|PP755596.1|A/cattle/Texas/24-008749-003/2024(H5N1)	344	5752
PB2|PP755596.1|A/cattle/Texas/24-008749-003/2024(H5N1)	345	5753
PB2|PP755596.1|A/cattle/Texas/24-008749-003/2024(H5N1)	346	5741
PB2|PP755596.1|A/cattle/Texas/24-008749-003/2024(H5N1)	347	5755
PB2|PP755596.1|A/cattle/Texas/24-008749-003/2024(H5N1)	348	5667
PB2|PP755596.1|A/cattle/Texas/24-008749-003/2024(H5N1)	349	5657
PB2|PP755596.1|A/cattle/Texas/24-008749-003/2024(H5N1)	350	5657
PB2|PP755596.1|A/cattle/Texas/24-008749-003/2024(H5N1)	351	5620
PB2|PP755596.1|A/cattle/Texas/24-008749-003/2024(H5N1)	352	5644
PB2|PP755596.1|A/cattle/Texas/24-008749-003/2024(H5N1)	353	5634
PB2|PP755596.1|A/cattle/Texas/24-008749-003/2024(H5N1)	354	5637
PB2|PP755596.1|A/cattle/Texas/24-008749-003/2024(H5N1)	355	5640
PB2|PP755596.1|A/cattle/Texas/24-008749-003/2024(H5N1)	356	5637
PB2|PP755596.1|A/cattle/Texas/24-008749-003/2024(H5N1)	357	5642
PB2|PP755596.1|A/cattle/Texas/24-008749-003/2024(H5N1)	358	5644
PB2|PP755596.1|A/cattle/Texas/24-008749-003/2024(H5N1)	359	5647
PB2|PP755596.1|A/cattle/Texas/24-008749-003/2024(H5N1)	360	5616
PB2|PP755596.1|A/cattle/Texas/24-008749-003/2024(H5N1)	361	5660
PB2|PP755596.1|A/cattle/Texas/24-008749-003/2024(H5N1)	362	5664
PB2|PP755596.1|A/cattle/Texas/24-008749-003/2024(H5N1)	363	5665
PB2|PP755596.1|A/cattle/Texas/24-008749-003/2024(H5N1)	364	5687
PB2|PP755596.1|A/cattle/Texas/24-008749-003/2024(H5N1)	365	5639
PB2|PP755596.1|A/cattle/Texas/24-008749-003/2024(H5N1)	366	5650
PB2|PP755596.1|A/cattle/Texas/24-008749-003/2024(H5N1)	367	5649
PB2|PP755596.1|A/cattle/Texas/24-008749-003/2024(H5N1)	368	5654
PB2|PP755596.1|A/cattle/Texas/24-008749-003/2024(H5N1)	369	5653
PB2|PP755596.1|A/cattle/Texas/24-008749-003/2024(H5N1)	370	5650
PB2|PP755596.1|A/cattle/Texas/24-008749-003/2024(H5N1)	371	5613
PB2|PP755596.1|A/cattle/Texas/24-008749-003/2024(H5N1)	372	5630
PB2|PP755596.1|A/cattle/Texas/24-008749-003/2024(H5N1)	373	5595
PB2|PP755596.1|A/cattle/Texas/24-008749-003/2024(H5N1)	374	5599
PB2|PP755596.1|A/cattle/Texas/24-008749-003/2024(H5N1)	375	5602
PB2|PP755596.1|A/cattle/Texas/24-008749-003/2024(H5N1)	376	5631
PB2|PP755596.1|A/cattle/Texas/24-008749-003/2024(H5N1)	377	5614
PB2|PP755596.1|A/cattle/Texas/24-008749-003/2024(H5N1)	378	5602
PB2|PP755596.1|A/cattle/Texas/24-008749-003/2024(H5N1)	379	5600
PB2|PP755596.1|A/cattle/Texas/24-008749-003/2024(H5N1)	380	5501
PB2|PP755596.1|A/cattle/Texas/24-008749-003/2024(H5N1)	381	5459
PB2|PP755596.1|A/cattle/Texas/24-008749-003/2024(H5N1)	382	5462
PB2|PP755596.1|A/cattle/Texas/24-008749-003/2024(H5N1)	383	5482
PB2|PP755596.1|A/cattle/Texas/24-008749-003/2024(H5N1)	384	5492
PB2|PP755596.1|A/cattle/Texas/24-008749-003/2024(H5N1)	385	5505
PB2|PP755596.1|A/cattle/Texas/24-008749-003/2024(H5N1)	386	5693
PB2|PP755596.1|A/cattle/Texas/24-008749-003/2024(H5N1)	387	5830
PB2|PP755596.1|A/cattle/Texas/24-008749-003/2024(H5N1)	388	5796
PB2|PP755596.1|A/cattle/Texas/24-008749-003/2024(H5N1)	389	5797
PB2|PP755596.1|A/cattle/Texas/24-008749-003/2024(H5N1)	390	5779
PB2|PP755596.1|A/cattle/Texas/24-008749-003/2024(H5N1)	391	5781
PB2|PP755596.1|A/cattle/Texas/24-008749-003/2024(H5N1)	392	6009
PB2|PP755596.1|A/cattle/Texas/24-008749-003/2024(H5N1)	393	5974
PB2|PP755596.1|A/cattle/Texas/24-008749-003/2024(H5N1)	394	5966
PB2|PP755596.1|A/cattle/Texas/24-008749-003/2024(H5N1)	395	5891
PB2|PP755596.1|A/cattle/Texas/24-008749-003/2024(H5N1)	396	5726
PB2|PP755596.1|A/cattle/Texas/24-008749-003/2024(H5N1)	397	5783
PB2|PP755596.1|A/cattle/Texas/24-008749-003/2024(H5N1)	398	5824
PB2|PP755596.1|A/cattle/Texas/24-008749-003/2024(H5N1)	399	5816
PB2|PP755596.1|A/cattle/Texas/24-008749-003/2024(H5N1)	400	5777
PB2|PP755596.1|A/cattle/Texas/24-008749-003/2024(H5N1)	401	5623
PB2|PP755596.1|A/cattle/Texas/24-008749-003/2024(H5N1)	402	5747
PB2|PP755596.1|A/cattle/Texas/24-008749-003/2024(H5N1)	403	5740
PB2|PP755596.1|A/cattle/Texas/24-008749-003/2024(H5N1)	404	5759
PB2|PP755596.1|A/cattle/Texas/24-008749-003/2024(H5N1)	405	5704
PB2|PP755596.1|A/cattle/Texas/24-008749-003/2024(H5N1)	406	5664
PB2|PP755596.1|A/cattle/Texas/24-008749-003/2024(H5N1)	407	5668
PB2|PP755596.1|A/cattle/Texas/24-008749-003/2024(H5N1)	408	5716
PB2|PP755596.1|A/cattle/Texas/24-008749-003/2024(H5N1)	409	5753
PB2|PP755596.1|A/cattle/Texas/24-008749-003/2024(H5N1)	410	5709
PB2|PP755596.1|A/cattle/Texas/24-008749-003/2024(H5N1)	411	5638
PB2|PP755596.1|A/cattle/Texas/24-008749-003/2024(H5N1)	412	5691
PB2|PP755596.1|A/cattle/Texas/24-008749-003/2024(H5N1)	413	5686
PB2|PP755596.1|A/cattle/Texas/24-008749-003/2024(H5N1)	414	5726
PB2|PP755596.1|A/cattle/Texas/24-008749-003/2024(H5N1)	415	5691
PB2|PP755596.1|A/cattle/Texas/24-008749-003/2024(H5N1)	416	5714
PB2|PP755596.1|A/cattle/Texas/24-008749-003/2024(H5N1)	417	5732
PB2|PP755596.1|A/cattle/Texas/24-008749-003/2024(H5N1)	418	5720
PB2|PP755596.1|A/cattle/Texas/24-008749-003/2024(H5N1)	419	5797
PB2|PP755596.1|A/cattle/Texas/24-008749-003/2024(H5N1)	420	5795
PB2|PP755596.1|A/cattle/Texas/24-008749-003/2024(H5N1)	421	5723
PB2|PP755596.1|A/cattle/Texas/24-008749-003/2024(H5N1)	422	5703
PB2|PP755596.1|A/cattle/Texas/24-008749-003/2024(H5N1)	423	5630
PB2|PP755596.1|A/cattle/Texas/24-008749-003/2024(H5N1)	424	5632
PB2|PP755596.1|A/cattle/Texas/24-008749-003/2024(H5N1)	425	5666
PB2|PP755596.1|A/cattle/Texas/24-008749-003/2024(H5N1)	426	5692
PB2|PP755596.1|A/cattle/Texas/24-008749-003/2024(H5N1)	427	5522
PB2|PP755596.1|A/cattle/Texas/24-008749-003/2024(H5N1)	428	5393
PB2|PP755596.1|A/cattle/Texas/24-008749-003/2024(H5N1)	429	5392
PB2|PP755596.1|A/cattle/Texas/24-008749-003/2024(H5N1)	430	5394
PB2|PP755596.1|A/cattle/Texas/24-008749-003/2024(H5N1)	431	5425
PB2|PP755596.1|A/cattle/Texas/24-008749-003/2024(H5N1)	432	5391
PB2|PP755596.1|A/cattle/Texas/24-008749-003/2024(H5N1)	433	5357
PB2|PP755596.1|A/cattle/Texas/24-008749-003/2024(H5N1)	434	5383
PB2|PP755596.1|A/cattle/Texas/24-008749-003/2024(H5N1)	435	5617
PB2|PP755596.1|A/cattle/Texas/24-008749-003/2024(H5N1)	436	5621
PB2|PP755596.1|A/cattle/Texas/24-008749-003/2024(H5N1)	437	5727
PB2|PP755596.1|A/cattle/Texas/24-008749-003/2024(H5N1)	438	5722
PB2|PP755596.1|A/cattle/Texas/24-008749-003/2024(H5N1)	439	5692
PB2|PP755596.1|A/cattle/Texas/24-008749-003/2024(H5N1)	440	5672
PB2|PP755596.1|A/cattle/Texas/24-008749-003/2024(H5N1)	441	5672
PB2|PP755596.1|A/cattle/Texas/24-008749-003/2024(H5N1)	442	5677
PB2|PP755596.1|A/cattle/Texas/24-008749-003/2024(H5N1)	443	5810
PB2|PP755596.1|A/cattle/Texas/24-008749-003/2024(H5N1)	444	5738
PB2|PP755596.1|A/cattle/Texas/24-008749-003/2024(H5N1)	445	5727
PB2|PP755596.1|A/cattle/Texas/24-008749-003/2024(H5N1)	446	5646
PB2|PP755596.1|A/cattle/Texas/24-008749-003/2024(H5N1)	447	5375
PB2|PP755596.1|A/cattle/Texas/24-008749-003/2024(H5N1)	448	5350
PB2|PP755596.1|A/cattle/Texas/24-008749-003/2024(H5N1)	449	5405
PB2|PP755596.1|A/cattle/Texas/24-008749-003/2024(H5N1)	450	5402
PB2|PP755596.1|A/cattle/Texas/24-008749-003/2024(H5N1)	451	5466
PB2|PP755596.1|A/cattle/Texas/24-008749-003/2024(H5N1)	452	5661
PB2|PP755596.1|A/cattle/Texas/24-008749-003/2024(H5N1)	453	5636
PB2|PP755596.1|A/cattle/Texas/24-008749-003/2024(H5N1)	454	5654
PB2|PP755596.1|A/cattle/Texas/24-008749-003/2024(H5N1)	455	5654
PB2|PP755596.1|A/cattle/Texas/24-008749-003/2024(H5N1)	456	5641
PB2|PP755596.1|A/cattle/Texas/24-008749-003/2024(H5N1)	457	5674
PB2|PP755596.1|A/cattle/Texas/24-008749-003/2024(H5N1)	458	5754
PB2|PP755596.1|A/cattle/Texas/24-008749-003/2024(H5N1)	459	5819
PB2|PP755596.1|A/cattle/Texas/24-008749-003/2024(H5N1)	460	5806
PB2|PP755596.1|A/cattle/Texas/24-008749-003/2024(H5N1)	461	5636
PB2|PP755596.1|A/cattle/Texas/24-008749-003/2024(H5N1)	462	5633
PB2|PP755596.1|A/cattle/Texas/24-008749-003/2024(H5N1)	463	5590
PB2|PP755596.1|A/cattle/Texas/24-008749-003/2024(H5N1)	464	5723
PB2|PP755596.1|A/cattle/Texas/24-008749-003/2024(H5N1)	465	5735
PB2|PP755596.1|A/cattle/Texas/24-008749-003/2024(H5N1)	466	5748
PB2|PP755596.1|A/cattle/Texas/24-008749-003/2024(H5N1)	467	5744
PB2|PP755596.1|A/cattle/Texas/24-008749-003/2024(H5N1)	468	5650
PB2|PP755596.1|A/cattle/Texas/24-008749-003/2024(H5N1)	469	5711
PB2|PP755596.1|A/cattle/Texas/24-008749-003/2024(H5N1)	470	5725
PB2|PP755596.1|A/cattle/Texas/24-008749-003/2024(H5N1)	471	5680
PB2|PP755596.1|A/cattle/Texas/24-008749-003/2024(H5N1)	472	5717
PB2|PP755596.1|A/cattle/Texas/24-008749-003/2024(H5N1)	473	5577
PB2|PP755596.1|A/cattle/Texas/24-008749-003/2024(H5N1)	474	5633
PB2|PP755596.1|A/cattle/Texas/24-008749-003/2024(H5N1)	475	5672
PB2|PP755596.1|A/cattle/Texas/24-008749-003/2024(H5N1)	476	5610
PB2|PP755596.1|A/cattle/Texas/24-008749-003/2024(H5N1)	477	5594
PB2|PP755596.1|A/cattle/Texas/24-008749-003/2024(H5N1)	478	5567
PB2|PP755596.1|A/cattle/Texas/24-008749-003/2024(H5N1)	479	5555
PB2|PP755596.1|A/cattle/Texas/24-008749-003/2024(H5N1)	480	5943
PB2|PP755596.1|A/cattle/Texas/24-008749-003/2024(H5N1)	481	5963
PB2|PP755596.1|A/cattle/Texas/24-008749-003/2024(H5N1)	482	6018
PB2|PP755596.1|A/cattle/Texas/24-008749-003/2024(H5N1)	483	5538
PB2|PP755596.1|A/cattle/Texas/24-008749-003/2024(H5N1)	484	5538
PB2|PP755596.1|A/cattle/Texas/24-008749-003/2024(H5N1)	485	5558
PB2|PP755596.1|A/cattle/Texas/24-008749-003/2024(H5N1)	486	5681
PB2|PP755596.1|A/cattle/Texas/24-008749-003/2024(H5N1)	487	5683
PB2|PP755596.1|A/cattle/Texas/24-008749-003/2024(H5N1)	488	5684
PB2|PP755596.1|A/cattle/Texas/24-008749-003/2024(H5N1)	489	5282
PB2|PP755596.1|A/cattle/Texas/24-008749-003/2024(H5N1)	490	5258
PB2|PP755596.1|A/cattle/Texas/24-008749-003/2024(H5N1)	491	5224
PB2|PP755596.1|A/cattle/Texas/24-008749-003/2024(H5N1)	492	5225
PB2|PP755596.1|A/cattle/Texas/24-008749-003/2024(H5N1)	493	5218
PB2|PP755596.1|A/cattle/Texas/24-008749-003/2024(H5N1)	494	5227
PB2|PP755596.1|A/cattle/Texas/24-008749-003/2024(H5N1)	495	5222
PB2|PP755596.1|A/cattle/Texas/24-008749-003/2024(H5N1)	496	5217
PB2|PP755596.1|A/cattle/Texas/24-008749-003/2024(H5N1)	497	5202
PB2|PP755596.1|A/cattle/Texas/24-008749-003/2024(H5N1)	498	5199
PB2|PP755596.1|A/cattle/Texas/24-008749-003/2024(H5N1)	499	5209
PB2|PP755596.1|A/cattle/Texas/24-008749-003/2024(H5N1)	500	5241
PB2|PP755596.1|A/cattle/Texas/24-008749-003/2024(H5N1)	501	5267
PB2|PP755596.1|A/cattle/Texas/24-008749-003/2024(H5N1)	502	5244
PB2|PP755596.1|A/cattle/Texas/24-008749-003/2024(H5N1)	503	5293
PB2|PP755596.1|A/cattle/Texas/24-008749-003/2024(H5N1)	504	5340
PB2|PP755596.1|A/cattle/Texas/24-008749-003/2024(H5N1)	505	5357
PB2|PP755596.1|A/cattle/Texas/24-008749-003/2024(H5N1)	506	5451
PB2|PP755596.1|A/cattle/Texas/24-008749-003/2024(H5N1)	507	5451
PB2|PP755596.1|A/cattle/Texas/24-008749-003/2024(H5N1)	508	5481
PB2|PP755596.1|A/cattle/Texas/24-008749-003/2024(H5N1)	509	5487
PB2|PP755596.1|A/cattle/Texas/24-008749-003/2024(H5N1)	510	5490
PB2|PP755596.1|A/cattle/Texas/24-008749-003/2024(H5N1)	511	5493
PB2|PP755596.1|A/cattle/Texas/24-008749-003/2024(H5N1)	512	5499
PB2|PP755596.1|A/cattle/Texas/24-008749-003/2024(H5N1)	513	5495
PB2|PP755596.1|A/cattle/Texas/24-008749-003/2024(H5N1)	514	5547
PB2|PP755596.1|A/cattle/Texas/24-008749-003/2024(H5N1)	515	5488
PB2|PP755596.1|A/cattle/Texas/24-008749-003/2024(H5N1)	516	5495
PB2|PP755596.1|A/cattle/Texas/24-008749-003/2024(H5N1)	517	5481
PB2|PP755596.1|A/cattle/Texas/24-008749-003/2024(H5N1)	518	5497
PB2|PP755596.1|A/cattle/Texas/24-008749-003/2024(H5N1)	519	5509
PB2|PP755596.1|A/cattle/Texas/24-008749-003/2024(H5N1)	520	5513
PB2|PP755596.1|A/cattle/Texas/24-008749-003/2024(H5N1)	521	5392
PB2|PP755596.1|A/cattle/Texas/24-008749-003/2024(H5N1)	522	5384
PB2|PP755596.1|A/cattle/Texas/24-008749-003/2024(H5N1)	523	5340
PB2|PP755596.1|A/cattle/Texas/24-008749-003/2024(H5N1)	524	5340
PB2|PP755596.1|A/cattle/Texas/24-008749-003/2024(H5N1)	525	5333
PB2|PP755596.1|A/cattle/Texas/24-008749-003/2024(H5N1)	526	5315
PB2|PP755596.1|A/cattle/Texas/24-008749-003/2024(H5N1)	527	5272
PB2|PP755596.1|A/cattle/Texas/24-008749-003/2024(H5N1)	528	5256
PB2|PP755596.1|A/cattle/Texas/24-008749-003/2024(H5N1)	529	5183
PB2|PP755596.1|A/cattle/Texas/24-008749-003/2024(H5N1)	530	5128
PB2|PP755596.1|A/cattle/Texas/24-008749-003/2024(H5N1)	531	3519
PB2|PP755596.1|A/cattle/Texas/24-008749-003/2024(H5N1)	532	3501
PB2|PP755596.1|A/cattle/Texas/24-008749-003/2024(H5N1)	533	3483
PB2|PP755596.1|A/cattle/Texas/24-008749-003/2024(H5N1)	534	3476
PB2|PP755596.1|A/cattle/Texas/24-008749-003/2024(H5N1)	535	3476
PB2|PP755596.1|A/cattle/Texas/24-008749-003/2024(H5N1)	536	3476
PB2|PP755596.1|A/cattle/Texas/24-008749-003/2024(H5N1)	537	3382
PB2|PP755596.1|A/cattle/Texas/24-008749-003/2024(H5N1)	538	3382
PB2|PP755596.1|A/cattle/Texas/24-008749-003/2024(H5N1)	539	3382
PB2|PP755596.1|A/cattle/Texas/24-008749-003/2024(H5N1)	540	3382
PB2|PP755596.1|A/cattle/Texas/24-008749-003/2024(H5N1)	541	3382
PB2|PP755596.1|A/cattle/Texas/24-008749-003/2024(H5N1)	542	3382
PB2|PP755596.1|A/cattle/Texas/24-008749-003/2024(H5N1)	543	3382
PB2|PP755596.1|A/cattle/Texas/24-008749-003/2024(H5N1)	544	3382
PB2|PP755596.1|A/cattle/Texas/24-008749-003/2024(H5N1)	545	3382
PB2|PP755596.1|A/cattle/Texas/24-008749-003/2024(H5N1)	546	3382
PB2|PP755596.1|A/cattle/Texas/24-008749-003/2024(H5N1)	547	3307
PB2|PP755596.1|A/cattle/Texas/24-008749-003/2024(H5N1)	548	3307
PB2|PP755596.1|A/cattle/Texas/24-008749-003/2024(H5N1)	549	3303
PB2|PP755596.1|A/cattle/Texas/24-008749-003/2024(H5N1)	550	3304
PB2|PP755596.1|A/cattle/Texas/24-008749-003/2024(H5N1)	551	3305
PB2|PP755596.1|A/cattle/Texas/24-008749-003/2024(H5N1)	552	3305
PB2|PP755596.1|A/cattle/Texas/24-008749-003/2024(H5N1)	553	3314
PB2|PP755596.1|A/cattle/Texas/24-008749-003/2024(H5N1)	554	3435
PB2|PP755596.1|A/cattle/Texas/24-008749-003/2024(H5N1)	555	3461
PB2|PP755596.1|A/cattle/Texas/24-008749-003/2024(H5N1)	556	4799
PB2|PP755596.1|A/cattle/Texas/24-008749-003/2024(H5N1)	557	4814
PB2|PP755596.1|A/cattle/Texas/24-008749-003/2024(H5N1)	558	4915
PB2|PP755596.1|A/cattle/Texas/24-008749-003/2024(H5N1)	559	4940
PB2|PP755596.1|A/cattle/Texas/24-008749-003/2024(H5N1)	560	4942
PB2|PP755596.1|A/cattle/Texas/24-008749-003/2024(H5N1)	561	5036
PB2|PP755596.1|A/cattle/Texas/24-008749-003/2024(H5N1)	562	5092
PB2|PP755596.1|A/cattle/Texas/24-008749-003/2024(H5N1)	563	5103
PB2|PP755596.1|A/cattle/Texas/24-008749-003/2024(H5N1)	564	5151
PB2|PP755596.1|A/cattle/Texas/24-008749-003/2024(H5N1)	565	5221
PB2|PP755596.1|A/cattle/Texas/24-008749-003/2024(H5N1)	566	5223
PB2|PP755596.1|A/cattle/Texas/24-008749-003/2024(H5N1)	567	5253
PB2|PP755596.1|A/cattle/Texas/24-008749-003/2024(H5N1)	568	5317
PB2|PP755596.1|A/cattle/Texas/24-008749-003/2024(H5N1)	569	5331
PB2|PP755596.1|A/cattle/Texas/24-008749-003/2024(H5N1)	570	5338
PB2|PP755596.1|A/cattle/Texas/24-008749-003/2024(H5N1)	571	5412
PB2|PP755596.1|A/cattle/Texas/24-008749-003/2024(H5N1)	572	5453
PB2|PP755596.1|A/cattle/Texas/24-008749-003/2024(H5N1)	573	5459
PB2|PP755596.1|A/cattle/Texas/24-008749-003/2024(H5N1)	574	5530
PB2|PP755596.1|A/cattle/Texas/24-008749-003/2024(H5N1)	575	5657
PB2|PP755596.1|A/cattle/Texas/24-008749-003/2024(H5N1)	576	5660
PB2|PP755596.1|A/cattle/Texas/24-008749-003/2024(H5N1)	577	5983
PB2|PP755596.1|A/cattle/Texas/24-008749-003/2024(H5N1)	578	5973
PB2|PP755596.1|A/cattle/Texas/24-008749-003/2024(H5N1)	579	6070
PB2|PP755596.1|A/cattle/Texas/24-008749-003/2024(H5N1)	580	6061
PB2|PP755596.1|A/cattle/Texas/24-008749-003/2024(H5N1)	581	6062
PB2|PP755596.1|A/cattle/Texas/24-008749-003/2024(H5N1)	582	6042
PB2|PP755596.1|A/cattle/Texas/24-008749-003/2024(H5N1)	583	6086
PB2|PP755596.1|A/cattle/Texas/24-008749-003/2024(H5N1)	584	6335
PB2|PP755596.1|A/cattle/Texas/24-008749-003/2024(H5N1)	585	6270
PB2|PP755596.1|A/cattle/Texas/24-008749-003/2024(H5N1)	586	5991
PB2|PP755596.1|A/cattle/Texas/24-008749-003/2024(H5N1)	587	6008
PB2|PP755596.1|A/cattle/Texas/24-008749-003/2024(H5N1)	588	6020
PB2|PP755596.1|A/cattle/Texas/24-008749-003/2024(H5N1)	589	6017
PB2|PP755596.1|A/cattle/Texas/24-008749-003/2024(H5N1)	590	6054
PB2|PP755596.1|A/cattle/Texas/24-008749-003/2024(H5N1)	591	6045
PB2|PP755596.1|A/cattle/Texas/24-008749-003/2024(H5N1)	592	6040
PB2|PP755596.1|A/cattle/Texas/24-008749-003/2024(H5N1)	593	6021
PB2|PP755596.1|A/cattle/Texas/24-008749-003/2024(H5N1)	594	5587
PB2|PP755596.1|A/cattle/Texas/24-008749-003/2024(H5N1)	595	5567
PB2|PP755596.1|A/cattle/Texas/24-008749-003/2024(H5N1)	596	5560
PB2|PP755596.1|A/cattle/Texas/24-008749-003/2024(H5N1)	597	5556
PB2|PP755596.1|A/cattle/Texas/24-008749-003/2024(H5N1)	598	5716
PB2|PP755596.1|A/cattle/Texas/24-008749-003/2024(H5N1)	599	5717
PB2|PP755596.1|A/cattle/Texas/24-008749-003/2024(H5N1)	600	5790
PB2|PP755596.1|A/cattle/Texas/24-008749-003/2024(H5N1)	601	5792
PB2|PP755596.1|A/cattle/Texas/24-008749-003/2024(H5N1)	602	5971
PB2|PP755596.1|A/cattle/Texas/24-008749-003/2024(H5N1)	603	5977
PB2|PP755596.1|A/cattle/Texas/24-008749-003/2024(H5N1)	604	5992
PB2|PP755596.1|A/cattle/Texas/24-008749-003/2024(H5N1)	605	5983
PB2|PP755596.1|A/cattle/Texas/24-008749-003/2024(H5N1)	606	5993
PB2|PP755596.1|A/cattle/Texas/24-008749-003/2024(H5N1)	607	6042
PB2|PP755596.1|A/cattle/Texas/24-008749-003/2024(H5N1)	608	6040
PB2|PP755596.1|A/cattle/Texas/24-008749-003/2024(H5N1)	609	5902
PB2|PP755596.1|A/cattle/Texas/24-008749-003/2024(H5N1)	610	5924
PB2|PP755596.1|A/cattle/Texas/24-008749-003/2024(H5N1)	611	5991
PB2|PP755596.1|A/cattle/Texas/24-008749-003/2024(H5N1)	612	5999
PB2|PP755596.1|A/cattle/Texas/24-008749-003/2024(H5N1)	613	6004
PB2|PP755596.1|A/cattle/Texas/24-008749-003/2024(H5N1)	614	6023
PB2|PP755596.1|A/cattle/Texas/24-008749-003/2024(H5N1)	615	5890
PB2|PP755596.1|A/cattle/Texas/24-008749-003/2024(H5N1)	616	5748
PB2|PP755596.1|A/cattle/Texas/24-008749-003/2024(H5N1)	617	5727
PB2|PP755596.1|A/cattle/Texas/24-008749-003/2024(H5N1)	618	5750
PB2|PP755596.1|A/cattle/Texas/24-008749-003/2024(H5N1)	619	5878
PB2|PP755596.1|A/cattle/Texas/24-008749-003/2024(H5N1)	620	5812
PB2|PP755596.1|A/cattle/Texas/24-008749-003/2024(H5N1)	621	5810
PB2|PP755596.1|A/cattle/Texas/24-008749-003/2024(H5N1)	622	5830
PB2|PP755596.1|A/cattle/Texas/24-008749-003/2024(H5N1)	623	5862
PB2|PP755596.1|A/cattle/Texas/24-008749-003/2024(H5N1)	624	5885
PB2|PP755596.1|A/cattle/Texas/24-008749-003/2024(H5N1)	625	5813
PB2|PP755596.1|A/cattle/Texas/24-008749-003/2024(H5N1)	626	5804
PB2|PP755596.1|A/cattle/Texas/24-008749-003/2024(H5N1)	627	5746
PB2|PP755596.1|A/cattle/Texas/24-008749-003/2024(H5N1)	628	5852
PB2|PP755596.1|A/cattle/Texas/24-008749-003/2024(H5N1)	629	5797
PB2|PP755596.1|A/cattle/Texas/24-008749-003/2024(H5N1)	630	5793
PB2|PP755596.1|A/cattle/Texas/24-008749-003/2024(H5N1)	631	5337
PB2|PP755596.1|A/cattle/Texas/24-008749-003/2024(H5N1)	632	5316
PB2|PP755596.1|A/cattle/Texas/24-008749-003/2024(H5N1)	633	5276
PB2|PP755596.1|A/cattle/Texas/24-008749-003/2024(H5N1)	634	5390
PB2|PP755596.1|A/cattle/Texas/24-008749-003/2024(H5N1)	635	5413
PB2|PP755596.1|A/cattle/Texas/24-008749-003/2024(H5N1)	636	5428
PB2|PP755596.1|A/cattle/Texas/24-008749-003/2024(H5N1)	637	5316
PB2|PP755596.1|A/cattle/Texas/24-008749-003/2024(H5N1)	638	5315
PB2|PP755596.1|A/cattle/Texas/24-008749-003/2024(H5N1)	639	5287
PB2|PP755596.1|A/cattle/Texas/24-008749-003/2024(H5N1)	640	5286
PB2|PP755596.1|A/cattle/Texas/24-008749-003/2024(H5N1)	641	5324
PB2|PP755596.1|A/cattle/Texas/24-008749-003/2024(H5N1)	642	5310
PB2|PP755596.1|A/cattle/Texas/24-008749-003/2024(H5N1)	643	5329
PB2|PP755596.1|A/cattle/Texas/24-008749-003/2024(H5N1)	644	5312
PB2|PP755596.1|A/cattle/Texas/24-008749-003/2024(H5N1)	645	5299
PB2|PP755596.1|A/cattle/Texas/24-008749-003/2024(H5N1)	646	5419
PB2|PP755596.1|A/cattle/Texas/24-008749-003/2024(H5N1)	647	5435
PB2|PP755596.1|A/cattle/Texas/24-008749-003/2024(H5N1)	648	5507
PB2|PP755596.1|A/cattle/Texas/24-008749-003/2024(H5N1)	649	5521
PB2|PP755596.1|A/cattle/Texas/24-008749-003/2024(H5N1)	650	5529
PB2|PP755596.1|A/cattle/Texas/24-008749-003/2024(H5N1)	651	5538
PB2|PP755596.1|A/cattle/Texas/24-008749-003/2024(H5N1)	652	5456
PB2|PP755596.1|A/cattle/Texas/24-008749-003/2024(H5N1)	653	5498
PB2|PP755596.1|A/cattle/Texas/24-008749-003/2024(H5N1)	654	5592
PB2|PP755596.1|A/cattle/Texas/24-008749-003/2024(H5N1)	655	5544
PB2|PP755596.1|A/cattle/Texas/24-008749-003/2024(H5N1)	656	5514
PB2|PP755596.1|A/cattle/Texas/24-008749-003/2024(H5N1)	657	5436
PB2|PP755596.1|A/cattle/Texas/24-008749-003/2024(H5N1)	658	5437
PB2|PP755596.1|A/cattle/Texas/24-008749-003/2024(H5N1)	659	5437
PB2|PP755596.1|A/cattle/Texas/24-008749-003/2024(H5N1)	660	5435
PB2|PP755596.1|A/cattle/Texas/24-008749-003/2024(H5N1)	661	5438
PB2|PP755596.1|A/cattle/Texas/24-008749-003/2024(H5N1)	662	5377
PB2|PP755596.1|A/cattle/Texas/24-008749-003/2024(H5N1)	663	5344
PB2|PP755596.1|A/cattle/Texas/24-008749-003/2024(H5N1)	664	5357
PB2|PP755596.1|A/cattle/Texas/24-008749-003/2024(H5N1)	665	5429
PB2|PP755596.1|A/cattle/Texas/24-008749-003/2024(H5N1)	666	5436
PB2|PP755596.1|A/cattle/Texas/24-008749-003/2024(H5N1)	667	5468
PB2|PP755596.1|A/cattle/Texas/24-008749-003/2024(H5N1)	668	5491
PB2|PP755596.1|A/cattle/Texas/24-008749-003/2024(H5N1)	669	5518
PB2|PP755596.1|A/cattle/Texas/24-008749-003/2024(H5N1)	670	5549
PB2|PP755596.1|A/cattle/Texas/24-008749-003/2024(H5N1)	671	5711
PB2|PP755596.1|A/cattle/Texas/24-008749-003/2024(H5N1)	672	5730
PB2|PP755596.1|A/cattle/Texas/24-008749-003/2024(H5N1)	673	5726
PB2|PP755596.1|A/cattle/Texas/24-008749-003/2024(H5N1)	674	5733
PB2|PP755596.1|A/cattle/Texas/24-008749-003/2024(H5N1)	675	5727
PB2|PP755596.1|A/cattle/Texas/24-008749-003/2024(H5N1)	676	5661
PB2|PP755596.1|A/cattle/Texas/24-008749-003/2024(H5N1)	677	5754
PB2|PP755596.1|A/cattle/Texas/24-008749-003/2024(H5N1)	678	5781
PB2|PP755596.1|A/cattle/Texas/24-008749-003/2024(H5N1)	679	5840
PB2|PP755596.1|A/cattle/Texas/24-008749-003/2024(H5N1)	680	5860
PB2|PP755596.1|A/cattle/Texas/24-008749-003/2024(H5N1)	681	5849
PB2|PP755596.1|A/cattle/Texas/24-008749-003/2024(H5N1)	682	5844
PB2|PP755596.1|A/cattle/Texas/24-008749-003/2024(H5N1)	683	6126
PB2|PP755596.1|A/cattle/Texas/24-008749-003/2024(H5N1)	684	6038
PB2|PP755596.1|A/cattle/Texas/24-008749-003/2024(H5N1)	685	6088
PB2|PP755596.1|A/cattle/Texas/24-008749-003/2024(H5N1)	686	6057
PB2|PP755596.1|A/cattle/Texas/24-008749-003/2024(H5N1)	687	5926
PB2|PP755596.1|A/cattle/Texas/24-008749-003/2024(H5N1)	688	5873
PB2|PP755596.1|A/cattle/Texas/24-008749-003/2024(H5N1)	689	5729
PB2|PP755596.1|A/cattle/Texas/24-008749-003/2024(H5N1)	690	5686
PB2|PP755596.1|A/cattle/Texas/24-008749-003/2024(H5N1)	691	5731
PB2|PP755596.1|A/cattle/Texas/24-008749-003/2024(H5N1)	692	5494
PB2|PP755596.1|A/cattle/Texas/24-008749-003/2024(H5N1)	693	5495
PB2|PP755596.1|A/cattle/Texas/24-008749-003/2024(H5N1)	694	5430
PB2|PP755596.1|A/cattle/Texas/24-008749-003/2024(H5N1)	695	5421
PB2|PP755596.1|A/cattle/Texas/24-008749-003/2024(H5N1)	696	5540
PB2|PP755596.1|A/cattle/Texas/24-008749-003/2024(H5N1)	697	5829
PB2|PP755596.1|A/cattle/Texas/24-008749-003/2024(H5N1)	698	5949
PB2|PP755596.1|A/cattle/Texas/24-008749-003/2024(H5N1)	699	5958
PB2|PP755596.1|A/cattle/Texas/24-008749-003/2024(H5N1)	700	5868
PB2|PP755596.1|A/cattle/Texas/24-008749-003/2024(H5N1)	701	5870
PB2|PP755596.1|A/cattle/Texas/24-008749-003/2024(H5N1)	702	5799
PB2|PP755596.1|A/cattle/Texas/24-008749-003/2024(H5N1)	703	5870
PB2|PP755596.1|A/cattle/Texas/24-008749-003/2024(H5N1)	704	5843
PB2|PP755596.1|A/cattle/Texas/24-008749-003/2024(H5N1)	705	5772
PB2|PP755596.1|A/cattle/Texas/24-008749-003/2024(H5N1)	706	5754
PB2|PP755596.1|A/cattle/Texas/24-008749-003/2024(H5N1)	707	5585
PB2|PP755596.1|A/cattle/Texas/24-008749-003/2024(H5N1)	708	5651
PB2|PP755596.1|A/cattle/Texas/24-008749-003/2024(H5N1)	709	5700
PB2|PP755596.1|A/cattle/Texas/24-008749-003/2024(H5N1)	710	5694
PB2|PP755596.1|A/cattle/Texas/24-008749-003/2024(H5N1)	711	5714
PB2|PP755596.1|A/cattle/Texas/24-008749-003/2024(H5N1)	712	5681
PB2|PP755596.1|A/cattle/Texas/24-008749-003/2024(H5N1)	713	5688
PB2|PP755596.1|A/cattle/Texas/24-008749-003/2024(H5N1)	714	5695
PB2|PP755596.1|A/cattle/Texas/24-008749-003/2024(H5N1)	715	5764
PB2|PP755596.1|A/cattle/Texas/24-008749-003/2024(H5N1)	716	5843
PB2|PP755596.1|A/cattle/Texas/24-008749-003/2024(H5N1)	717	5809
PB2|PP755596.1|A/cattle/Texas/24-008749-003/2024(H5N1)	718	5765
PB2|PP755596.1|A/cattle/Texas/24-008749-003/2024(H5N1)	719	5774
PB2|PP755596.1|A/cattle/Texas/24-008749-003/2024(H5N1)	720	5760
PB2|PP755596.1|A/cattle/Texas/24-008749-003/2024(H5N1)	721	5886
PB2|PP755596.1|A/cattle/Texas/24-008749-003/2024(H5N1)	722	5860
PB2|PP755596.1|A/cattle/Texas/24-008749-003/2024(H5N1)	723	5864
PB2|PP755596.1|A/cattle/Texas/24-008749-003/2024(H5N1)	724	6060
PB2|PP755596.1|A/cattle/Texas/24-008749-003/2024(H5N1)	725	5990
PB2|PP755596.1|A/cattle/Texas/24-008749-003/2024(H5N1)	726	6333
PB2|PP755596.1|A/cattle/Texas/24-008749-003/2024(H5N1)	727	6347
PB2|PP755596.1|A/cattle/Texas/24-008749-003/2024(H5N1)	728	6071
PB2|PP755596.1|A/cattle/Texas/24-008749-003/2024(H5N1)	729	6116
PB2|PP755596.1|A/cattle/Texas/24-008749-003/2024(H5N1)	730	6175
PB2|PP755596.1|A/cattle/Texas/24-008749-003/2024(H5N1)	731	6186
PB2|PP755596.1|A/cattle/Texas/24-008749-003/2024(H5N1)	732	6181
PB2|PP755596.1|A/cattle/Texas/24-008749-003/2024(H5N1)	733	6125
PB2|PP755596.1|A/cattle/Texas/24-008749-003/2024(H5N1)	734	6278
PB2|PP755596.1|A/cattle/Texas/24-008749-003/2024(H5N1)	735	5930
PB2|PP755596.1|A/cattle/Texas/24-008749-003/2024(H5N1)	736	5974
PB2|PP755596.1|A/cattle/Texas/24-008749-003/2024(H5N1)	737	5953
PB2|PP755596.1|A/cattle/Texas/24-008749-003/2024(H5N1)	738	5916
PB2|PP755596.1|A/cattle/Texas/24-008749-003/2024(H5N1)	739	5916
PB2|PP755596.1|A/cattle/Texas/24-008749-003/2024(H5N1)	740	5961
PB2|PP755596.1|A/cattle/Texas/24-008749-003/2024(H5N1)	741	5934
PB2|PP755596.1|A/cattle/Texas/24-008749-003/2024(H5N1)	742	5949
PB2|PP755596.1|A/cattle/Texas/24-008749-003/2024(H5N1)	743	5882
PB2|PP755596.1|A/cattle/Texas/24-008749-003/2024(H5N1)	744	5850
PB2|PP755596.1|A/cattle/Texas/24-008749-003/2024(H5N1)	745	5857
PB2|PP755596.1|A/cattle/Texas/24-008749-003/2024(H5N1)	746	5858
PB2|PP755596.1|A/cattle/Texas/24-008749-003/2024(H5N1)	747	5876
PB2|PP755596.1|A/cattle/Texas/24-008749-003/2024(H5N1)	748	5887
PB2|PP755596.1|A/cattle/Texas/24-008749-003/2024(H5N1)	749	5773
PB2|PP755596.1|A/cattle/Texas/24-008749-003/2024(H5N1)	750	5789
PB2|PP755596.1|A/cattle/Texas/24-008749-003/2024(H5N1)	751	5730
PB2|PP755596.1|A/cattle/Texas/24-008749-003/2024(H5N1)	752	5732
PB2|PP755596.1|A/cattle/Texas/24-008749-003/2024(H5N1)	753	5730
PB2|PP755596.1|A/cattle/Texas/24-008749-003/2024(H5N1)	754	5703
PB2|PP755596.1|A/cattle/Texas/24-008749-003/2024(H5N1)	755	5718
PB2|PP755596.1|A/cattle/Texas/24-008749-003/2024(H5N1)	756	5733
PB2|PP755596.1|A/cattle/Texas/24-008749-003/2024(H5N1)	757	5725
PB2|PP755596.1|A/cattle/Texas/24-008749-003/2024(H5N1)	758	5636
PB2|PP755596.1|A/cattle/Texas/24-008749-003/2024(H5N1)	759	5617
PB2|PP755596.1|A/cattle/Texas/24-008749-003/2024(H5N1)	760	5616
PB2|PP755596.1|A/cattle/Texas/24-008749-003/2024(H5N1)	761	5790
PB2|PP755596.1|A/cattle/Texas/24-008749-003/2024(H5N1)	762	5739
PB2|PP755596.1|A/cattle/Texas/24-008749-003/2024(H5N1)	763	5753
PB2|PP755596.1|A/cattle/Texas/24-008749-003/2024(H5N1)	764	5742
PB2|PP755596.1|A/cattle/Texas/24-008749-003/2024(H5N1)	765	5745
PB2|PP755596.1|A/cattle/Texas/24-008749-003/2024(H5N1)	766	5766
PB2|PP755596.1|A/cattle/Texas/24-008749-003/2024(H5N1)	767	5791
PB2|PP755596.1|A/cattle/Texas/24-008749-003/2024(H5N1)	768	5787
PB2|PP755596.1|A/cattle/Texas/24-008749-003/2024(H5N1)	769	5762
PB2|PP755596.1|A/cattle/Texas/24-008749-003/2024(H5N1)	770	5633
PB2|PP755596.1|A/cattle/Texas/24-008749-003/2024(H5N1)	771	5703
PB2|PP755596.1|A/cattle/Texas/24-008749-003/2024(H5N1)	772	5766
PB2|PP755596.1|A/cattle/Texas/24-008749-003/2024(H5N1)	773	5764
PB2|PP755596.1|A/cattle/Texas/24-008749-003/2024(H5N1)	774	5722
PB2|PP755596.1|A/cattle/Texas/24-008749-003/2024(H5N1)	775	5696
PB2|PP755596.1|A/cattle/Texas/24-008749-003/2024(H5N1)	776	5698
PB2|PP755596.1|A/cattle/Texas/24-008749-003/2024(H5N1)	777	5715
PB2|PP755596.1|A/cattle/Texas/24-008749-003/2024(H5N1)	778	5854
PB2|PP755596.1|A/cattle/Texas/24-008749-003/2024(H5N1)	779	5767
PB2|PP755596.1|A/cattle/Texas/24-008749-003/2024(H5N1)	780	5698
PB2|PP755596.1|A/cattle/Texas/24-008749-003/2024(H5N1)	781	5715
PB2|PP755596.1|A/cattle/Texas/24-008749-003/2024(H5N1)	782	5723
PB2|PP755596.1|A/cattle/Texas/24-008749-003/2024(H5N1)	783	5913
PB2|PP755596.1|A/cattle/Texas/24-008749-003/2024(H5N1)	784	5916
PB2|PP755596.1|A/cattle/Texas/24-008749-003/2024(H5N1)	785	5929
PB2|PP755596.1|A/cattle/Texas/24-008749-003/2024(H5N1)	786	5903
PB2|PP755596.1|A/cattle/Texas/24-008749-003/2024(H5N1)	787	5993
PB2|PP755596.1|A/cattle/Texas/24-008749-003/2024(H5N1)	788	6140
PB2|PP755596.1|A/cattle/Texas/24-008749-003/2024(H5N1)	789	6161
PB2|PP755596.1|A/cattle/Texas/24-008749-003/2024(H5N1)	790	6158
PB2|PP755596.1|A/cattle/Texas/24-008749-003/2024(H5N1)	791	6182
PB2|PP755596.1|A/cattle/Texas/24-008749-003/2024(H5N1)	792	6197
PB2|PP755596.1|A/cattle/Texas/24-008749-003/2024(H5N1)	793	6228
PB2|PP755596.1|A/cattle/Texas/24-008749-003/2024(H5N1)	794	6210
PB2|PP755596.1|A/cattle/Texas/24-008749-003/2024(H5N1)	795	6254
PB2|PP755596.1|A/cattle/Texas/24-008749-003/2024(H5N1)	796	6213
PB2|PP755596.1|A/cattle/Texas/24-008749-003/2024(H5N1)	797	6195
PB2|PP755596.1|A/cattle/Texas/24-008749-003/2024(H5N1)	798	6189
PB2|PP755596.1|A/cattle/Texas/24-008749-003/2024(H5N1)	799	6147
PB2|PP755596.1|A/cattle/Texas/24-008749-003/2024(H5N1)	800	6209
PB2|PP755596.1|A/cattle/Texas/24-008749-003/2024(H5N1)	801	6158
PB2|PP755596.1|A/cattle/Texas/24-008749-003/2024(H5N1)	802	6145
PB2|PP755596.1|A/cattle/Texas/24-008749-003/2024(H5N1)	803	6170
PB2|PP755596.1|A/cattle/Texas/24-008749-003/2024(H5N1)	804	6258
PB2|PP755596.1|A/cattle/Texas/24-008749-003/2024(H5N1)	805	6151
PB2|PP755596.1|A/cattle/Texas/24-008749-003/2024(H5N1)	806	6215
PB2|PP755596.1|A/cattle/Texas/24-008749-003/2024(H5N1)	807	6216
PB2|PP755596.1|A/cattle/Texas/24-008749-003/2024(H5N1)	808	6223
PB2|PP755596.1|A/cattle/Texas/24-008749-003/2024(H5N1)	809	6224
PB2|PP755596.1|A/cattle/Texas/24-008749-003/2024(H5N1)	810	6236
PB2|PP755596.1|A/cattle/Texas/24-008749-003/2024(H5N1)	811	6232
PB2|PP755596.1|A/cattle/Texas/24-008749-003/2024(H5N1)	812	6318
PB2|PP755596.1|A/cattle/Texas/24-008749-003/2024(H5N1)	813	6367
PB2|PP755596.1|A/cattle/Texas/24-008749-003/2024(H5N1)	814	6505
PB2|PP755596.1|A/cattle/Texas/24-008749-003/2024(H5N1)	815	6549
PB2|PP755596.1|A/cattle/Texas/24-008749-003/2024(H5N1)	816	6550
PB2|PP755596.1|A/cattle/Texas/24-008749-003/2024(H5N1)	817	6567
PB2|PP755596.1|A/cattle/Texas/24-008749-003/2024(H5N1)	818	6573
PB2|PP755596.1|A/cattle/Texas/24-008749-003/2024(H5N1)	819	6564
PB2|PP755596.1|A/cattle/Texas/24-008749-003/2024(H5N1)	820	6521
PB2|PP755596.1|A/cattle/Texas/24-008749-003/2024(H5N1)	821	6456
PB2|PP755596.1|A/cattle/Texas/24-008749-003/2024(H5N1)	822	6246
PB2|PP755596.1|A/cattle/Texas/24-008749-003/2024(H5N1)	823	6220
PB2|PP755596.1|A/cattle/Texas/24-008749-003/2024(H5N1)	824	6312
PB2|PP755596.1|A/cattle/Texas/24-008749-003/2024(H5N1)	825	6377
PB2|PP755596.1|A/cattle/Texas/24-008749-003/2024(H5N1)	826	6378
PB2|PP755596.1|A/cattle/Texas/24-008749-003/2024(H5N1)	827	6275
PB2|PP755596.1|A/cattle/Texas/24-008749-003/2024(H5N1)	828	6272
PB2|PP755596.1|A/cattle/Texas/24-008749-003/2024(H5N1)	829	6194
PB2|PP755596.1|A/cattle/Texas/24-008749-003/2024(H5N1)	830	6199
PB2|PP755596.1|A/cattle/Texas/24-008749-003/2024(H5N1)	831	6208
PB2|PP755596.1|A/cattle/Texas/24-008749-003/2024(H5N1)	832	6196
PB2|PP755596.1|A/cattle/Texas/24-008749-003/2024(H5N1)	833	5983
PB2|PP755596.1|A/cattle/Texas/24-008749-003/2024(H5N1)	834	5929
PB2|PP755596.1|A/cattle/Texas/24-008749-003/2024(H5N1)	835	5929
PB2|PP755596.1|A/cattle/Texas/24-008749-003/2024(H5N1)	836	5909
PB2|PP755596.1|A/cattle/Texas/24-008749-003/2024(H5N1)	837	5908
PB2|PP755596.1|A/cattle/Texas/24-008749-003/2024(H5N1)	838	6240
PB2|PP755596.1|A/cattle/Texas/24-008749-003/2024(H5N1)	839	6238
PB2|PP755596.1|A/cattle/Texas/24-008749-003/2024(H5N1)	840	6250
PB2|PP755596.1|A/cattle/Texas/24-008749-003/2024(H5N1)	841	6245
PB2|PP755596.1|A/cattle/Texas/24-008749-003/2024(H5N1)	842	6179
PB2|PP755596.1|A/cattle/Texas/24-008749-003/2024(H5N1)	843	6183
PB2|PP755596.1|A/cattle/Texas/24-008749-003/2024(H5N1)	844	6176
PB2|PP755596.1|A/cattle/Texas/24-008749-003/2024(H5N1)	845	6151
PB2|PP755596.1|A/cattle/Texas/24-008749-003/2024(H5N1)	846	6149
PB2|PP755596.1|A/cattle/Texas/24-008749-003/2024(H5N1)	847	5769
PB2|PP755596.1|A/cattle/Texas/24-008749-003/2024(H5N1)	848	5746
PB2|PP755596.1|A/cattle/Texas/24-008749-003/2024(H5N1)	849	5789
PB2|PP755596.1|A/cattle/Texas/24-008749-003/2024(H5N1)	850	5790
PB2|PP755596.1|A/cattle/Texas/24-008749-003/2024(H5N1)	851	5789
PB2|PP755596.1|A/cattle/Texas/24-008749-003/2024(H5N1)	852	5821
PB2|PP755596.1|A/cattle/Texas/24-008749-003/2024(H5N1)	853	5799
PB2|PP755596.1|A/cattle/Texas/24-008749-003/2024(H5N1)	854	5829
PB2|PP755596.1|A/cattle/Texas/24-008749-003/2024(H5N1)	855	5810
PB2|PP755596.1|A/cattle/Texas/24-008749-003/2024(H5N1)	856	5787
PB2|PP755596.1|A/cattle/Texas/24-008749-003/2024(H5N1)	857	5894
PB2|PP755596.1|A/cattle/Texas/24-008749-003/2024(H5N1)	858	5798
PB2|PP755596.1|A/cattle/Texas/24-008749-003/2024(H5N1)	859	5823
PB2|PP755596.1|A/cattle/Texas/24-008749-003/2024(H5N1)	860	5826
PB2|PP755596.1|A/cattle/Texas/24-008749-003/2024(H5N1)	861	5791
PB2|PP755596.1|A/cattle/Texas/24-008749-003/2024(H5N1)	862	5801
PB2|PP755596.1|A/cattle/Texas/24-008749-003/2024(H5N1)	863	5761
PB2|PP755596.1|A/cattle/Texas/24-008749-003/2024(H5N1)	864	5893
PB2|PP755596.1|A/cattle/Texas/24-008749-003/2024(H5N1)	865	5935
PB2|PP755596.1|A/cattle/Texas/24-008749-003/2024(H5N1)	866	5821
PB2|PP755596.1|A/cattle/Texas/24-008749-003/2024(H5N1)	867	5767
PB2|PP755596.1|A/cattle/Texas/24-008749-003/2024(H5N1)	868	5772
PB2|PP755596.1|A/cattle/Texas/24-008749-003/2024(H5N1)	869	5776
PB2|PP755596.1|A/cattle/Texas/24-008749-003/2024(H5N1)	870	5827
PB2|PP755596.1|A/cattle/Texas/24-008749-003/2024(H5N1)	871	5859
PB2|PP755596.1|A/cattle/Texas/24-008749-003/2024(H5N1)	872	6058
PB2|PP755596.1|A/cattle/Texas/24-008749-003/2024(H5N1)	873	5860
PB2|PP755596.1|A/cattle/Texas/24-008749-003/2024(H5N1)	874	5877
PB2|PP755596.1|A/cattle/Texas/24-008749-003/2024(H5N1)	875	5833
PB2|PP755596.1|A/cattle/Texas/24-008749-003/2024(H5N1)	876	5838
PB2|PP755596.1|A/cattle/Texas/24-008749-003/2024(H5N1)	877	5553
PB2|PP755596.1|A/cattle/Texas/24-008749-003/2024(H5N1)	878	5577
PB2|PP755596.1|A/cattle/Texas/24-008749-003/2024(H5N1)	879	5630
PB2|PP755596.1|A/cattle/Texas/24-008749-003/2024(H5N1)	880	5627
PB2|PP755596.1|A/cattle/Texas/24-008749-003/2024(H5N1)	881	5415
PB2|PP755596.1|A/cattle/Texas/24-008749-003/2024(H5N1)	882	5426
PB2|PP755596.1|A/cattle/Texas/24-008749-003/2024(H5N1)	883	5564
PB2|PP755596.1|A/cattle/Texas/24-008749-003/2024(H5N1)	884	5562
PB2|PP755596.1|A/cattle/Texas/24-008749-003/2024(H5N1)	885	5417
PB2|PP755596.1|A/cattle/Texas/24-008749-003/2024(H5N1)	886	5418
PB2|PP755596.1|A/cattle/Texas/24-008749-003/2024(H5N1)	887	5380
PB2|PP755596.1|A/cattle/Texas/24-008749-003/2024(H5N1)	888	5414
PB2|PP755596.1|A/cattle/Texas/24-008749-003/2024(H5N1)	889	5410
PB2|PP755596.1|A/cattle/Texas/24-008749-003/2024(H5N1)	890	5495
PB2|PP755596.1|A/cattle/Texas/24-008749-003/2024(H5N1)	891	5472
PB2|PP755596.1|A/cattle/Texas/24-008749-003/2024(H5N1)	892	5423
PB2|PP755596.1|A/cattle/Texas/24-008749-003/2024(H5N1)	893	5415
PB2|PP755596.1|A/cattle/Texas/24-008749-003/2024(H5N1)	894	5418
PB2|PP755596.1|A/cattle/Texas/24-008749-003/2024(H5N1)	895	5416
PB2|PP755596.1|A/cattle/Texas/24-008749-003/2024(H5N1)	896	5413
PB2|PP755596.1|A/cattle/Texas/24-008749-003/2024(H5N1)	897	5435
PB2|PP755596.1|A/cattle/Texas/24-008749-003/2024(H5N1)	898	5433
PB2|PP755596.1|A/cattle/Texas/24-008749-003/2024(H5N1)	899	5406
PB2|PP755596.1|A/cattle/Texas/24-008749-003/2024(H5N1)	900	5437
PB2|PP755596.1|A/cattle/Texas/24-008749-003/2024(H5N1)	901	5434
PB2|PP755596.1|A/cattle/Texas/24-008749-003/2024(H5N1)	902	5747
PB2|PP755596.1|A/cattle/Texas/24-008749-003/2024(H5N1)	903	5744
PB2|PP755596.1|A/cattle/Texas/24-008749-003/2024(H5N1)	904	5769
PB2|PP755596.1|A/cattle/Texas/24-008749-003/2024(H5N1)	905	5776
PB2|PP755596.1|A/cattle/Texas/24-008749-003/2024(H5N1)	906	5769
PB2|PP755596.1|A/cattle/Texas/24-008749-003/2024(H5N1)	907	5737
PB2|PP755596.1|A/cattle/Texas/24-008749-003/2024(H5N1)	908	5732
PB2|PP755596.1|A/cattle/Texas/24-008749-003/2024(H5N1)	909	5694
PB2|PP755596.1|A/cattle/Texas/24-008749-003/2024(H5N1)	910	5737
PB2|PP755596.1|A/cattle/Texas/24-008749-003/2024(H5N1)	911	5680
PB2|PP755596.1|A/cattle/Texas/24-008749-003/2024(H5N1)	912	5674
PB2|PP755596.1|A/cattle/Texas/24-008749-003/2024(H5N1)	913	5723
PB2|PP755596.1|A/cattle/Texas/24-008749-003/2024(H5N1)	914	5779
PB2|PP755596.1|A/cattle/Texas/24-008749-003/2024(H5N1)	915	5779
PB2|PP755596.1|A/cattle/Texas/24-008749-003/2024(H5N1)	916	5817
PB2|PP755596.1|A/cattle/Texas/24-008749-003/2024(H5N1)	917	5789
PB2|PP755596.1|A/cattle/Texas/24-008749-003/2024(H5N1)	918	5796
PB2|PP755596.1|A/cattle/Texas/24-008749-003/2024(H5N1)	919	5916
PB2|PP755596.1|A/cattle/Texas/24-008749-003/2024(H5N1)	920	5951
PB2|PP755596.1|A/cattle/Texas/24-008749-003/2024(H5N1)	921	5817
PB2|PP755596.1|A/cattle/Texas/24-008749-003/2024(H5N1)	922	5800
PB2|PP755596.1|A/cattle/Texas/24-008749-003/2024(H5N1)	923	5874
PB2|PP755596.1|A/cattle/Texas/24-008749-003/2024(H5N1)	924	5892
PB2|PP755596.1|A/cattle/Texas/24-008749-003/2024(H5N1)	925	6220
PB2|PP755596.1|A/cattle/Texas/24-008749-003/2024(H5N1)	926	6266
PB2|PP755596.1|A/cattle/Texas/24-008749-003/2024(H5N1)	927	6384
PB2|PP755596.1|A/cattle/Texas/24-008749-003/2024(H5N1)	928	6240
PB2|PP755596.1|A/cattle/Texas/24-008749-003/2024(H5N1)	929	6235
PB2|PP755596.1|A/cattle/Texas/24-008749-003/2024(H5N1)	930	6396
PB2|PP755596.1|A/cattle/Texas/24-008749-003/2024(H5N1)	931	6389
PB2|PP755596.1|A/cattle/Texas/24-008749-003/2024(H5N1)	932	6376
PB2|PP755596.1|A/cattle/Texas/24-008749-003/2024(H5N1)	933	6413
PB2|PP755596.1|A/cattle/Texas/24-008749-003/2024(H5N1)	934	6635
PB2|PP755596.1|A/cattle/Texas/24-008749-003/2024(H5N1)	935	6678
PB2|PP755596.1|A/cattle/Texas/24-008749-003/2024(H5N1)	936	6649
PB2|PP755596.1|A/cattle/Texas/24-008749-003/2024(H5N1)	937	6702
PB2|PP755596.1|A/cattle/Texas/24-008749-003/2024(H5N1)	938	6621
PB2|PP755596.1|A/cattle/Texas/24-008749-003/2024(H5N1)	939	6459
PB2|PP755596.1|A/cattle/Texas/24-008749-003/2024(H5N1)	940	6526
PB2|PP755596.1|A/cattle/Texas/24-008749-003/2024(H5N1)	941	6525
PB2|PP755596.1|A/cattle/Texas/24-008749-003/2024(H5N1)	942	6534
PB2|PP755596.1|A/cattle/Texas/24-008749-003/2024(H5N1)	943	6513
PB2|PP755596.1|A/cattle/Texas/24-008749-003/2024(H5N1)	944	6574
PB2|PP755596.1|A/cattle/Texas/24-008749-003/2024(H5N1)	945	6590
PB2|PP755596.1|A/cattle/Texas/24-008749-003/2024(H5N1)	946	6669
PB2|PP755596.1|A/cattle/Texas/24-008749-003/2024(H5N1)	947	6665
PB2|PP755596.1|A/cattle/Texas/24-008749-003/2024(H5N1)	948	6639
PB2|PP755596.1|A/cattle/Texas/24-008749-003/2024(H5N1)	949	6539
PB2|PP755596.1|A/cattle/Texas/24-008749-003/2024(H5N1)	950	6528
PB2|PP755596.1|A/cattle/Texas/24-008749-003/2024(H5N1)	951	6539
PB2|PP755596.1|A/cattle/Texas/24-008749-003/2024(H5N1)	952	6541
PB2|PP755596.1|A/cattle/Texas/24-008749-003/2024(H5N1)	953	6664
PB2|PP755596.1|A/cattle/Texas/24-008749-003/2024(H5N1)	954	6722
PB2|PP755596.1|A/cattle/Texas/24-008749-003/2024(H5N1)	955	6675
PB2|PP755596.1|A/cattle/Texas/24-008749-003/2024(H5N1)	956	6635
PB2|PP755596.1|A/cattle/Texas/24-008749-003/2024(H5N1)	957	6586
PB2|PP755596.1|A/cattle/Texas/24-008749-003/2024(H5N1)	958	6596
PB2|PP755596.1|A/cattle/Texas/24-008749-003/2024(H5N1)	959	6612
PB2|PP755596.1|A/cattle/Texas/24-008749-003/2024(H5N1)	960	6629
PB2|PP755596.1|A/cattle/Texas/24-008749-003/2024(H5N1)	961	6620
PB2|PP755596.1|A/cattle/Texas/24-008749-003/2024(H5N1)	962	6440
PB2|PP755596.1|A/cattle/Texas/24-008749-003/2024(H5N1)	963	6384
PB2|PP755596.1|A/cattle/Texas/24-008749-003/2024(H5N1)	964	6462
PB2|PP755596.1|A/cattle/Texas/24-008749-003/2024(H5N1)	965	6346
PB2|PP755596.1|A/cattle/Texas/24-008749-003/2024(H5N1)	966	6341
PB2|PP755596.1|A/cattle/Texas/24-008749-003/2024(H5N1)	967	6330
PB2|PP755596.1|A/cattle/Texas/24-008749-003/2024(H5N1)	968	6314
PB2|PP755596.1|A/cattle/Texas/24-008749-003/2024(H5N1)	969	6258
PB2|PP755596.1|A/cattle/Texas/24-008749-003/2024(H5N1)	970	6258
PB2|PP755596.1|A/cattle/Texas/24-008749-003/2024(H5N1)	971	6357
PB2|PP755596.1|A/cattle/Texas/24-008749-003/2024(H5N1)	972	6502
PB2|PP755596.1|A/cattle/Texas/24-008749-003/2024(H5N1)	973	6401
PB2|PP755596.1|A/cattle/Texas/24-008749-003/2024(H5N1)	974	6400
PB2|PP755596.1|A/cattle/Texas/24-008749-003/2024(H5N1)	975	6452
PB2|PP755596.1|A/cattle/Texas/24-008749-003/2024(H5N1)	976	6418
PB2|PP755596.1|A/cattle/Texas/24-008749-003/2024(H5N1)	977	6420
PB2|PP755596.1|A/cattle/Texas/24-008749-003/2024(H5N1)	978	6379
PB2|PP755596.1|A/cattle/Texas/24-008749-003/2024(H5N1)	979	6383
PB2|PP755596.1|A/cattle/Texas/24-008749-003/2024(H5N1)	980	6284
PB2|PP755596.1|A/cattle/Texas/24-008749-003/2024(H5N1)	981	6322
PB2|PP755596.1|A/cattle/Texas/24-008749-003/2024(H5N1)	982	6313
PB2|PP755596.1|A/cattle/Texas/24-008749-003/2024(H5N1)	983	6310
PB2|PP755596.1|A/cattle/Texas/24-008749-003/2024(H5N1)	984	6294
PB2|PP755596.1|A/cattle/Texas/24-008749-003/2024(H5N1)	985	6271
PB2|PP755596.1|A/cattle/Texas/24-008749-003/2024(H5N1)	986	6271
PB2|PP755596.1|A/cattle/Texas/24-008749-003/2024(H5N1)	987	6270
PB2|PP755596.1|A/cattle/Texas/24-008749-003/2024(H5N1)	988	6263
PB2|PP755596.1|A/cattle/Texas/24-008749-003/2024(H5N1)	989	5949
PB2|PP755596.1|A/cattle/Texas/24-008749-003/2024(H5N1)	990	5960
PB2|PP755596.1|A/cattle/Texas/24-008749-003/2024(H5N1)	991	6074
PB2|PP755596.1|A/cattle/Texas/24-008749-003/2024(H5N1)	992	6071
PB2|PP755596.1|A/cattle/Texas/24-008749-003/2024(H5N1)	993	6072
PB2|PP755596.1|A/cattle/Texas/24-008749-003/2024(H5N1)	994	6065
PB2|PP755596.1|A/cattle/Texas/24-008749-003/2024(H5N1)	995	6121
PB2|PP755596.1|A/cattle/Texas/24-008749-003/2024(H5N1)	996	6111
PB2|PP755596.1|A/cattle/Texas/24-008749-003/2024(H5N1)	997	6185
PB2|PP755596.1|A/cattle/Texas/24-008749-003/2024(H5N1)	998	6206
PB2|PP755596.1|A/cattle/Texas/24-008749-003/2024(H5N1)	999	6178
PB2|PP755596.1|A/cattle/Texas/24-008749-003/2024(H5N1)	1000	6044
PB2|PP755596.1|A/cattle/Texas/24-008749-003/2024(H5N1)	1001	6067
PB2|PP755596.1|A/cattle/Texas/24-008749-003/2024(H5N1)	1002	6089
PB2|PP755596.1|A/cattle/Texas/24-008749-003/2024(H5N1)	1003	6057
PB2|PP755596.1|A/cattle/Texas/24-008749-003/2024(H5N1)	1004	6019
PB2|PP755596.1|A/cattle/Texas/24-008749-003/2024(H5N1)	1005	5977
PB2|PP755596.1|A/cattle/Texas/24-008749-003/2024(H5N1)	1006	6101
PB2|PP755596.1|A/cattle/Texas/24-008749-003/2024(H5N1)	1007	6028
PB2|PP755596.1|A/cattle/Texas/24-008749-003/2024(H5N1)	1008	6027
PB2|PP755596.1|A/cattle/Texas/24-008749-003/2024(H5N1)	1009	6021
PB2|PP755596.1|A/cattle/Texas/24-008749-003/2024(H5N1)	1010	5972
PB2|PP755596.1|A/cattle/Texas/24-008749-003/2024(H5N1)	1011	5994
PB2|PP755596.1|A/cattle/Texas/24-008749-003/2024(H5N1)	1012	6059
PB2|PP755596.1|A/cattle/Texas/24-008749-003/2024(H5N1)	1013	6042
PB2|PP755596.1|A/cattle/Texas/24-008749-003/2024(H5N1)	1014	5864
PB2|PP755596.1|A/cattle/Texas/24-008749-003/2024(H5N1)	1015	5847
PB2|PP755596.1|A/cattle/Texas/24-008749-003/2024(H5N1)	1016	5891
PB2|PP755596.1|A/cattle/Texas/24-008749-003/2024(H5N1)	1017	5891
PB2|PP755596.1|A/cattle/Texas/24-008749-003/2024(H5N1)	1018	5886
PB2|PP755596.1|A/cattle/Texas/24-008749-003/2024(H5N1)	1019	5920
PB2|PP755596.1|A/cattle/Texas/24-008749-003/2024(H5N1)	1020	5886
PB2|PP755596.1|A/cattle/Texas/24-008749-003/2024(H5N1)	1021	5883
PB2|PP755596.1|A/cattle/Texas/24-008749-003/2024(H5N1)	1022	5906
PB2|PP755596.1|A/cattle/Texas/24-008749-003/2024(H5N1)	1023	5682
PB2|PP755596.1|A/cattle/Texas/24-008749-003/2024(H5N1)	1024	5732
PB2|PP755596.1|A/cattle/Texas/24-008749-003/2024(H5N1)	1025	5756
PB2|PP755596.1|A/cattle/Texas/24-008749-003/2024(H5N1)	1026	5751
PB2|PP755596.1|A/cattle/Texas/24-008749-003/2024(H5N1)	1027	5762
PB2|PP755596.1|A/cattle/Texas/24-008749-003/2024(H5N1)	1028	5739
PB2|PP755596.1|A/cattle/Texas/24-008749-003/2024(H5N1)	1029	5690
PB2|PP755596.1|A/cattle/Texas/24-008749-003/2024(H5N1)	1030	5723
PB2|PP755596.1|A/cattle/Texas/24-008749-003/2024(H5N1)	1031	5693
PB2|PP755596.1|A/cattle/Texas/24-008749-003/2024(H5N1)	1032	5784
PB2|PP755596.1|A/cattle/Texas/24-008749-003/2024(H5N1)	1033	5632
PB2|PP755596.1|A/cattle/Texas/24-008749-003/2024(H5N1)	1034	5711
PB2|PP755596.1|A/cattle/Texas/24-008749-003/2024(H5N1)	1035	5721
PB2|PP755596.1|A/cattle/Texas/24-008749-003/2024(H5N1)	1036	5706
PB2|PP755596.1|A/cattle/Texas/24-008749-003/2024(H5N1)	1037	5720
PB2|PP755596.1|A/cattle/Texas/24-008749-003/2024(H5N1)	1038	5719
PB2|PP755596.1|A/cattle/Texas/24-008749-003/2024(H5N1)	1039	5676
PB2|PP755596.1|A/cattle/Texas/24-008749-003/2024(H5N1)	1040	5677
PB2|PP755596.1|A/cattle/Texas/24-008749-003/2024(H5N1)	1041	5579
PB2|PP755596.1|A/cattle/Texas/24-008749-003/2024(H5N1)	1042	5562
PB2|PP755596.1|A/cattle/Texas/24-008749-003/2024(H5N1)	1043	5569
PB2|PP755596.1|A/cattle/Texas/24-008749-003/2024(H5N1)	1044	5820
PB2|PP755596.1|A/cattle/Texas/24-008749-003/2024(H5N1)	1045	5829
PB2|PP755596.1|A/cattle/Texas/24-008749-003/2024(H5N1)	1046	5852
PB2|PP755596.1|A/cattle/Texas/24-008749-003/2024(H5N1)	1047	5851
PB2|PP755596.1|A/cattle/Texas/24-008749-003/2024(H5N1)	1048	5994
PB2|PP755596.1|A/cattle/Texas/24-008749-003/2024(H5N1)	1049	5994
PB2|PP755596.1|A/cattle/Texas/24-008749-003/2024(H5N1)	1050	5994
PB2|PP755596.1|A/cattle/Texas/24-008749-003/2024(H5N1)	1051	5969
PB2|PP755596.1|A/cattle/Texas/24-008749-003/2024(H5N1)	1052	5918
PB2|PP755596.1|A/cattle/Texas/24-008749-003/2024(H5N1)	1053	5667
PB2|PP755596.1|A/cattle/Texas/24-008749-003/2024(H5N1)	1054	5675
PB2|PP755596.1|A/cattle/Texas/24-008749-003/2024(H5N1)	1055	5636
PB2|PP755596.1|A/cattle/Texas/24-008749-003/2024(H5N1)	1056	5708
PB2|PP755596.1|A/cattle/Texas/24-008749-003/2024(H5N1)	1057	5714
PB2|PP755596.1|A/cattle/Texas/24-008749-003/2024(H5N1)	1058	5826
PB2|PP755596.1|A/cattle/Texas/24-008749-003/2024(H5N1)	1059	5823
PB2|PP755596.1|A/cattle/Texas/24-008749-003/2024(H5N1)	1060	5829
PB2|PP755596.1|A/cattle/Texas/24-008749-003/2024(H5N1)	1061	5806
PB2|PP755596.1|A/cattle/Texas/24-008749-003/2024(H5N1)	1062	5838
PB2|PP755596.1|A/cattle/Texas/24-008749-003/2024(H5N1)	1063	5746
PB2|PP755596.1|A/cattle/Texas/24-008749-003/2024(H5N1)	1064	5822
PB2|PP755596.1|A/cattle/Texas/24-008749-003/2024(H5N1)	1065	5810
PB2|PP755596.1|A/cattle/Texas/24-008749-003/2024(H5N1)	1066	6000
PB2|PP755596.1|A/cattle/Texas/24-008749-003/2024(H5N1)	1067	5941
PB2|PP755596.1|A/cattle/Texas/24-008749-003/2024(H5N1)	1068	5953
PB2|PP755596.1|A/cattle/Texas/24-008749-003/2024(H5N1)	1069	6030
PB2|PP755596.1|A/cattle/Texas/24-008749-003/2024(H5N1)	1070	6033
PB2|PP755596.1|A/cattle/Texas/24-008749-003/2024(H5N1)	1071	6017
PB2|PP755596.1|A/cattle/Texas/24-008749-003/2024(H5N1)	1072	6006
PB2|PP755596.1|A/cattle/Texas/24-008749-003/2024(H5N1)	1073	5960
PB2|PP755596.1|A/cattle/Texas/24-008749-003/2024(H5N1)	1074	6021
PB2|PP755596.1|A/cattle/Texas/24-008749-003/2024(H5N1)	1075	6049
PB2|PP755596.1|A/cattle/Texas/24-008749-003/2024(H5N1)	1076	6242
PB2|PP755596.1|A/cattle/Texas/24-008749-003/2024(H5N1)	1077	6301
PB2|PP755596.1|A/cattle/Texas/24-008749-003/2024(H5N1)	1078	6136
PB2|PP755596.1|A/cattle/Texas/24-008749-003/2024(H5N1)	1079	6143
PB2|PP755596.1|A/cattle/Texas/24-008749-003/2024(H5N1)	1080	6141
PB2|PP755596.1|A/cattle/Texas/24-008749-003/2024(H5N1)	1081	6006
PB2|PP755596.1|A/cattle/Texas/24-008749-003/2024(H5N1)	1082	6071
PB2|PP755596.1|A/cattle/Texas/24-008749-003/2024(H5N1)	1083	6014
PB2|PP755596.1|A/cattle/Texas/24-008749-003/2024(H5N1)	1084	6030
PB2|PP755596.1|A/cattle/Texas/24-008749-003/2024(H5N1)	1085	5578
PB2|PP755596.1|A/cattle/Texas/24-008749-003/2024(H5N1)	1086	5666
PB2|PP755596.1|A/cattle/Texas/24-008749-003/2024(H5N1)	1087	5642
PB2|PP755596.1|A/cattle/Texas/24-008749-003/2024(H5N1)	1088	5876
PB2|PP755596.1|A/cattle/Texas/24-008749-003/2024(H5N1)	1089	5882
PB2|PP755596.1|A/cattle/Texas/24-008749-003/2024(H5N1)	1090	5870
PB2|PP755596.1|A/cattle/Texas/24-008749-003/2024(H5N1)	1091	5805
PB2|PP755596.1|A/cattle/Texas/24-008749-003/2024(H5N1)	1092	5802
PB2|PP755596.1|A/cattle/Texas/24-008749-003/2024(H5N1)	1093	5867
PB2|PP755596.1|A/cattle/Texas/24-008749-003/2024(H5N1)	1094	5865
PB2|PP755596.1|A/cattle/Texas/24-008749-003/2024(H5N1)	1095	5835
PB2|PP755596.1|A/cattle/Texas/24-008749-003/2024(H5N1)	1096	5907
PB2|PP755596.1|A/cattle/Texas/24-008749-003/2024(H5N1)	1097	5839
PB2|PP755596.1|A/cattle/Texas/24-008749-003/2024(H5N1)	1098	5945
PB2|PP755596.1|A/cattle/Texas/24-008749-003/2024(H5N1)	1099	5943
PB2|PP755596.1|A/cattle/Texas/24-008749-003/2024(H5N1)	1100	5985
PB2|PP755596.1|A/cattle/Texas/24-008749-003/2024(H5N1)	1101	5993
PB2|PP755596.1|A/cattle/Texas/24-008749-003/2024(H5N1)	1102	5983
PB2|PP755596.1|A/cattle/Texas/24-008749-003/2024(H5N1)	1103	6000
PB2|PP755596.1|A/cattle/Texas/24-008749-003/2024(H5N1)	1104	5842
PB2|PP755596.1|A/cattle/Texas/24-008749-003/2024(H5N1)	1105	5738
PB2|PP755596.1|A/cattle/Texas/24-008749-003/2024(H5N1)	1106	5785
PB2|PP755596.1|A/cattle/Texas/24-008749-003/2024(H5N1)	1107	5791
PB2|PP755596.1|A/cattle/Texas/24-008749-003/2024(H5N1)	1108	5805
PB2|PP755596.1|A/cattle/Texas/24-008749-003/2024(H5N1)	1109	5830
PB2|PP755596.1|A/cattle/Texas/24-008749-003/2024(H5N1)	1110	5819
PB2|PP755596.1|A/cattle/Texas/24-008749-003/2024(H5N1)	1111	5818
PB2|PP755596.1|A/cattle/Texas/24-008749-003/2024(H5N1)	1112	5952
PB2|PP755596.1|A/cattle/Texas/24-008749-003/2024(H5N1)	1113	5949
PB2|PP755596.1|A/cattle/Texas/24-008749-003/2024(H5N1)	1114	6002
PB2|PP755596.1|A/cattle/Texas/24-008749-003/2024(H5N1)	1115	5874
PB2|PP755596.1|A/cattle/Texas/24-008749-003/2024(H5N1)	1116	5860
PB2|PP755596.1|A/cattle/Texas/24-008749-003/2024(H5N1)	1117	5982
PB2|PP755596.1|A/cattle/Texas/24-008749-003/2024(H5N1)	1118	5991
PB2|PP755596.1|A/cattle/Texas/24-008749-003/2024(H5N1)	1119	5998
PB2|PP755596.1|A/cattle/Texas/24-008749-003/2024(H5N1)	1120	5937
PB2|PP755596.1|A/cattle/Texas/24-008749-003/2024(H5N1)	1121	5819
PB2|PP755596.1|A/cattle/Texas/24-008749-003/2024(H5N1)	1122	5848
PB2|PP755596.1|A/cattle/Texas/24-008749-003/2024(H5N1)	1123	5809
PB2|PP755596.1|A/cattle/Texas/24-008749-003/2024(H5N1)	1124	5808
PB2|PP755596.1|A/cattle/Texas/24-008749-003/2024(H5N1)	1125	5805
PB2|PP755596.1|A/cattle/Texas/24-008749-003/2024(H5N1)	1126	5986
PB2|PP755596.1|A/cattle/Texas/24-008749-003/2024(H5N1)	1127	5951
PB2|PP755596.1|A/cattle/Texas/24-008749-003/2024(H5N1)	1128	5963
PB2|PP755596.1|A/cattle/Texas/24-008749-003/2024(H5N1)	1129	5972
PB2|PP755596.1|A/cattle/Texas/24-008749-003/2024(H5N1)	1130	5961
PB2|PP755596.1|A/cattle/Texas/24-008749-003/2024(H5N1)	1131	5938
PB2|PP755596.1|A/cattle/Texas/24-008749-003/2024(H5N1)	1132	5971
PB2|PP755596.1|A/cattle/Texas/24-008749-003/2024(H5N1)	1133	6084
PB2|PP755596.1|A/cattle/Texas/24-008749-003/2024(H5N1)	1134	6081
PB2|PP755596.1|A/cattle/Texas/24-008749-003/2024(H5N1)	1135	6076
PB2|PP755596.1|A/cattle/Texas/24-008749-003/2024(H5N1)	1136	6079
PB2|PP755596.1|A/cattle/Texas/24-008749-003/2024(H5N1)	1137	6057
PB2|PP755596.1|A/cattle/Texas/24-008749-003/2024(H5N1)	1138	6053
PB2|PP755596.1|A/cattle/Texas/24-008749-003/2024(H5N1)	1139	6124
PB2|PP755596.1|A/cattle/Texas/24-008749-003/2024(H5N1)	1140	6256
PB2|PP755596.1|A/cattle/Texas/24-008749-003/2024(H5N1)	1141	6213
PB2|PP755596.1|A/cattle/Texas/24-008749-003/2024(H5N1)	1142	6124
PB2|PP755596.1|A/cattle/Texas/24-008749-003/2024(H5N1)	1143	6142
PB2|PP755596.1|A/cattle/Texas/24-008749-003/2024(H5N1)	1144	6254
PB2|PP755596.1|A/cattle/Texas/24-008749-003/2024(H5N1)	1145	6250
PB2|PP755596.1|A/cattle/Texas/24-008749-003/2024(H5N1)	1146	6205
PB2|PP755596.1|A/cattle/Texas/24-008749-003/2024(H5N1)	1147	6208
PB2|PP755596.1|A/cattle/Texas/24-008749-003/2024(H5N1)	1148	6250
PB2|PP755596.1|A/cattle/Texas/24-008749-003/2024(H5N1)	1149	6359
PB2|PP755596.1|A/cattle/Texas/24-008749-003/2024(H5N1)	1150	6337
PB2|PP755596.1|A/cattle/Texas/24-008749-003/2024(H5N1)	1151	6358
PB2|PP755596.1|A/cattle/Texas/24-008749-003/2024(H5N1)	1152	6427
PB2|PP755596.1|A/cattle/Texas/24-008749-003/2024(H5N1)	1153	6483
PB2|PP755596.1|A/cattle/Texas/24-008749-003/2024(H5N1)	1154	6517
PB2|PP755596.1|A/cattle/Texas/24-008749-003/2024(H5N1)	1155	6510
PB2|PP755596.1|A/cattle/Texas/24-008749-003/2024(H5N1)	1156	6529
PB2|PP755596.1|A/cattle/Texas/24-008749-003/2024(H5N1)	1157	6405
PB2|PP755596.1|A/cattle/Texas/24-008749-003/2024(H5N1)	1158	6441
PB2|PP755596.1|A/cattle/Texas/24-008749-003/2024(H5N1)	1159	6435
PB2|PP755596.1|A/cattle/Texas/24-008749-003/2024(H5N1)	1160	6539
PB2|PP755596.1|A/cattle/Texas/24-008749-003/2024(H5N1)	1161	6673
PB2|PP755596.1|A/cattle/Texas/24-008749-003/2024(H5N1)	1162	6624
PB2|PP755596.1|A/cattle/Texas/24-008749-003/2024(H5N1)	1163	6615
PB2|PP755596.1|A/cattle/Texas/24-008749-003/2024(H5N1)	1164	6612
PB2|PP755596.1|A/cattle/Texas/24-008749-003/2024(H5N1)	1165	6601
PB2|PP755596.1|A/cattle/Texas/24-008749-003/2024(H5N1)	1166	6627
PB2|PP755596.1|A/cattle/Texas/24-008749-003/2024(H5N1)	1167	6571
PB2|PP755596.1|A/cattle/Texas/24-008749-003/2024(H5N1)	1168	6616
PB2|PP755596.1|A/cattle/Texas/24-008749-003/2024(H5N1)	1169	6605
PB2|PP755596.1|A/cattle/Texas/24-008749-003/2024(H5N1)	1170	6605
PB2|PP755596.1|A/cattle/Texas/24-008749-003/2024(H5N1)	1171	6615
PB2|PP755596.1|A/cattle/Texas/24-008749-003/2024(H5N1)	1172	6603
PB2|PP755596.1|A/cattle/Texas/24-008749-003/2024(H5N1)	1173	6601
PB2|PP755596.1|A/cattle/Texas/24-008749-003/2024(H5N1)	1174	6570
PB2|PP755596.1|A/cattle/Texas/24-008749-003/2024(H5N1)	1175	6536
PB2|PP755596.1|A/cattle/Texas/24-008749-003/2024(H5N1)	1176	6661
PB2|PP755596.1|A/cattle/Texas/24-008749-003/2024(H5N1)	1177	6629
PB2|PP755596.1|A/cattle/Texas/24-008749-003/2024(H5N1)	1178	6651
PB2|PP755596.1|A/cattle/Texas/24-008749-003/2024(H5N1)	1179	6644
PB2|PP755596.1|A/cattle/Texas/24-008749-003/2024(H5N1)	1180	6714
PB2|PP755596.1|A/cattle/Texas/24-008749-003/2024(H5N1)	1181	6696
PB2|PP755596.1|A/cattle/Texas/24-008749-003/2024(H5N1)	1182	6692
PB2|PP755596.1|A/cattle/Texas/24-008749-003/2024(H5N1)	1183	6614
PB2|PP755596.1|A/cattle/Texas/24-008749-003/2024(H5N1)	1184	6663
PB2|PP755596.1|A/cattle/Texas/24-008749-003/2024(H5N1)	1185	6559
PB2|PP755596.1|A/cattle/Texas/24-008749-003/2024(H5N1)	1186	6552
PB2|PP755596.1|A/cattle/Texas/24-008749-003/2024(H5N1)	1187	6556
PB2|PP755596.1|A/cattle/Texas/24-008749-003/2024(H5N1)	1188	6563
PB2|PP755596.1|A/cattle/Texas/24-008749-003/2024(H5N1)	1189	6591
PB2|PP755596.1|A/cattle/Texas/24-008749-003/2024(H5N1)	1190	6780
PB2|PP755596.1|A/cattle/Texas/24-008749-003/2024(H5N1)	1191	6780
PB2|PP755596.1|A/cattle/Texas/24-008749-003/2024(H5N1)	1192	6784
PB2|PP755596.1|A/cattle/Texas/24-008749-003/2024(H5N1)	1193	6792
PB2|PP755596.1|A/cattle/Texas/24-008749-003/2024(H5N1)	1194	6844
PB2|PP755596.1|A/cattle/Texas/24-008749-003/2024(H5N1)	1195	6670
PB2|PP755596.1|A/cattle/Texas/24-008749-003/2024(H5N1)	1196	6651
PB2|PP755596.1|A/cattle/Texas/24-008749-003/2024(H5N1)	1197	6596
PB2|PP755596.1|A/cattle/Texas/24-008749-003/2024(H5N1)	1198	6600
PB2|PP755596.1|A/cattle/Texas/24-008749-003/2024(H5N1)	1199	6403
PB2|PP755596.1|A/cattle/Texas/24-008749-003/2024(H5N1)	1200	6436
PB2|PP755596.1|A/cattle/Texas/24-008749-003/2024(H5N1)	1201	6446
PB2|PP755596.1|A/cattle/Texas/24-008749-003/2024(H5N1)	1202	6457
PB2|PP755596.1|A/cattle/Texas/24-008749-003/2024(H5N1)	1203	6445
PB2|PP755596.1|A/cattle/Texas/24-008749-003/2024(H5N1)	1204	6456
PB2|PP755596.1|A/cattle/Texas/24-008749-003/2024(H5N1)	1205	6444
PB2|PP755596.1|A/cattle/Texas/24-008749-003/2024(H5N1)	1206	6527
PB2|PP755596.1|A/cattle/Texas/24-008749-003/2024(H5N1)	1207	6517
PB2|PP755596.1|A/cattle/Texas/24-008749-003/2024(H5N1)	1208	6542
PB2|PP755596.1|A/cattle/Texas/24-008749-003/2024(H5N1)	1209	6477
PB2|PP755596.1|A/cattle/Texas/24-008749-003/2024(H5N1)	1210	6458
PB2|PP755596.1|A/cattle/Texas/24-008749-003/2024(H5N1)	1211	6467
PB2|PP755596.1|A/cattle/Texas/24-008749-003/2024(H5N1)	1212	6478
PB2|PP755596.1|A/cattle/Texas/24-008749-003/2024(H5N1)	1213	6436
PB2|PP755596.1|A/cattle/Texas/24-008749-003/2024(H5N1)	1214	6416
PB2|PP755596.1|A/cattle/Texas/24-008749-003/2024(H5N1)	1215	6328
PB2|PP755596.1|A/cattle/Texas/24-008749-003/2024(H5N1)	1216	6349
PB2|PP755596.1|A/cattle/Texas/24-008749-003/2024(H5N1)	1217	6297
PB2|PP755596.1|A/cattle/Texas/24-008749-003/2024(H5N1)	1218	6156
PB2|PP755596.1|A/cattle/Texas/24-008749-003/2024(H5N1)	1219	6220
PB2|PP755596.1|A/cattle/Texas/24-008749-003/2024(H5N1)	1220	6071
PB2|PP755596.1|A/cattle/Texas/24-008749-003/2024(H5N1)	1221	6053
PB2|PP755596.1|A/cattle/Texas/24-008749-003/2024(H5N1)	1222	6129
PB2|PP755596.1|A/cattle/Texas/24-008749-003/2024(H5N1)	1223	6174
PB2|PP755596.1|A/cattle/Texas/24-008749-003/2024(H5N1)	1224	5904
PB2|PP755596.1|A/cattle/Texas/24-008749-003/2024(H5N1)	1225	5807
PB2|PP755596.1|A/cattle/Texas/24-008749-003/2024(H5N1)	1226	5854
PB2|PP755596.1|A/cattle/Texas/24-008749-003/2024(H5N1)	1227	5886
PB2|PP755596.1|A/cattle/Texas/24-008749-003/2024(H5N1)	1228	5903
PB2|PP755596.1|A/cattle/Texas/24-008749-003/2024(H5N1)	1229	5909
PB2|PP755596.1|A/cattle/Texas/24-008749-003/2024(H5N1)	1230	6243
PB2|PP755596.1|A/cattle/Texas/24-008749-003/2024(H5N1)	1231	6242
PB2|PP755596.1|A/cattle/Texas/24-008749-003/2024(H5N1)	1232	6246
PB2|PP755596.1|A/cattle/Texas/24-008749-003/2024(H5N1)	1233	6179
PB2|PP755596.1|A/cattle/Texas/24-008749-003/2024(H5N1)	1234	6199
PB2|PP755596.1|A/cattle/Texas/24-008749-003/2024(H5N1)	1235	6245
PB2|PP755596.1|A/cattle/Texas/24-008749-003/2024(H5N1)	1236	6248
PB2|PP755596.1|A/cattle/Texas/24-008749-003/2024(H5N1)	1237	6154
PB2|PP755596.1|A/cattle/Texas/24-008749-003/2024(H5N1)	1238	6181
PB2|PP755596.1|A/cattle/Texas/24-008749-003/2024(H5N1)	1239	5933
PB2|PP755596.1|A/cattle/Texas/24-008749-003/2024(H5N1)	1240	6098
PB2|PP755596.1|A/cattle/Texas/24-008749-003/2024(H5N1)	1241	6254
PB2|PP755596.1|A/cattle/Texas/24-008749-003/2024(H5N1)	1242	6264
PB2|PP755596.1|A/cattle/Texas/24-008749-003/2024(H5N1)	1243	6263
PB2|PP755596.1|A/cattle/Texas/24-008749-003/2024(H5N1)	1244	6211
PB2|PP755596.1|A/cattle/Texas/24-008749-003/2024(H5N1)	1245	6235
PB2|PP755596.1|A/cattle/Texas/24-008749-003/2024(H5N1)	1246	6169
PB2|PP755596.1|A/cattle/Texas/24-008749-003/2024(H5N1)	1247	6103
PB2|PP755596.1|A/cattle/Texas/24-008749-003/2024(H5N1)	1248	6061
PB2|PP755596.1|A/cattle/Texas/24-008749-003/2024(H5N1)	1249	6021
PB2|PP755596.1|A/cattle/Texas/24-008749-003/2024(H5N1)	1250	6057
PB2|PP755596.1|A/cattle/Texas/24-008749-003/2024(H5N1)	1251	6021
PB2|PP755596.1|A/cattle/Texas/24-008749-003/2024(H5N1)	1252	5994
PB2|PP755596.1|A/cattle/Texas/24-008749-003/2024(H5N1)	1253	5984
PB2|PP755596.1|A/cattle/Texas/24-008749-003/2024(H5N1)	1254	6026
PB2|PP755596.1|A/cattle/Texas/24-008749-003/2024(H5N1)	1255	6194
PB2|PP755596.1|A/cattle/Texas/24-008749-003/2024(H5N1)	1256	6192
PB2|PP755596.1|A/cattle/Texas/24-008749-003/2024(H5N1)	1257	6139
PB2|PP755596.1|A/cattle/Texas/24-008749-003/2024(H5N1)	1258	6049
PB2|PP755596.1|A/cattle/Texas/24-008749-003/2024(H5N1)	1259	6038
PB2|PP755596.1|A/cattle/Texas/24-008749-003/2024(H5N1)	1260	6196
PB2|PP755596.1|A/cattle/Texas/24-008749-003/2024(H5N1)	1261	6206
PB2|PP755596.1|A/cattle/Texas/24-008749-003/2024(H5N1)	1262	6266
PB2|PP755596.1|A/cattle/Texas/24-008749-003/2024(H5N1)	1263	6147
PB2|PP755596.1|A/cattle/Texas/24-008749-003/2024(H5N1)	1264	6137
PB2|PP755596.1|A/cattle/Texas/24-008749-003/2024(H5N1)	1265	6104
PB2|PP755596.1|A/cattle/Texas/24-008749-003/2024(H5N1)	1266	6102
PB2|PP755596.1|A/cattle/Texas/24-008749-003/2024(H5N1)	1267	6094
PB2|PP755596.1|A/cattle/Texas/24-008749-003/2024(H5N1)	1268	6311
PB2|PP755596.1|A/cattle/Texas/24-008749-003/2024(H5N1)	1269	6438
PB2|PP755596.1|A/cattle/Texas/24-008749-003/2024(H5N1)	1270	6516
PB2|PP755596.1|A/cattle/Texas/24-008749-003/2024(H5N1)	1271	6522
PB2|PP755596.1|A/cattle/Texas/24-008749-003/2024(H5N1)	1272	6457
PB2|PP755596.1|A/cattle/Texas/24-008749-003/2024(H5N1)	1273	6477
PB2|PP755596.1|A/cattle/Texas/24-008749-003/2024(H5N1)	1274	6485
PB2|PP755596.1|A/cattle/Texas/24-008749-003/2024(H5N1)	1275	6538
PB2|PP755596.1|A/cattle/Texas/24-008749-003/2024(H5N1)	1276	6564
PB2|PP755596.1|A/cattle/Texas/24-008749-003/2024(H5N1)	1277	6310
PB2|PP755596.1|A/cattle/Texas/24-008749-003/2024(H5N1)	1278	6314
PB2|PP755596.1|A/cattle/Texas/24-008749-003/2024(H5N1)	1279	6340
PB2|PP755596.1|A/cattle/Texas/24-008749-003/2024(H5N1)	1280	6343
PB2|PP755596.1|A/cattle/Texas/24-008749-003/2024(H5N1)	1281	6485
PB2|PP755596.1|A/cattle/Texas/24-008749-003/2024(H5N1)	1282	6357
PB2|PP755596.1|A/cattle/Texas/24-008749-003/2024(H5N1)	1283	6342
PB2|PP755596.1|A/cattle/Texas/24-008749-003/2024(H5N1)	1284	6362
PB2|PP755596.1|A/cattle/Texas/24-008749-003/2024(H5N1)	1285	6393
PB2|PP755596.1|A/cattle/Texas/24-008749-003/2024(H5N1)	1286	6548
PB2|PP755596.1|A/cattle/Texas/24-008749-003/2024(H5N1)	1287	6545
PB2|PP755596.1|A/cattle/Texas/24-008749-003/2024(H5N1)	1288	6908
PB2|PP755596.1|A/cattle/Texas/24-008749-003/2024(H5N1)	1289	6856
PB2|PP755596.1|A/cattle/Texas/24-008749-003/2024(H5N1)	1290	6708
PB2|PP755596.1|A/cattle/Texas/24-008749-003/2024(H5N1)	1291	6711
PB2|PP755596.1|A/cattle/Texas/24-008749-003/2024(H5N1)	1292	6720
PB2|PP755596.1|A/cattle/Texas/24-008749-003/2024(H5N1)	1293	6698
PB2|PP755596.1|A/cattle/Texas/24-008749-003/2024(H5N1)	1294	6736
PB2|PP755596.1|A/cattle/Texas/24-008749-003/2024(H5N1)	1295	6657
PB2|PP755596.1|A/cattle/Texas/24-008749-003/2024(H5N1)	1296	6665
PB2|PP755596.1|A/cattle/Texas/24-008749-003/2024(H5N1)	1297	6647
PB2|PP755596.1|A/cattle/Texas/24-008749-003/2024(H5N1)	1298	6667
PB2|PP755596.1|A/cattle/Texas/24-008749-003/2024(H5N1)	1299	6458
PB2|PP755596.1|A/cattle/Texas/24-008749-003/2024(H5N1)	1300	6418
PB2|PP755596.1|A/cattle/Texas/24-008749-003/2024(H5N1)	1301	6447
PB2|PP755596.1|A/cattle/Texas/24-008749-003/2024(H5N1)	1302	6533
PB2|PP755596.1|A/cattle/Texas/24-008749-003/2024(H5N1)	1303	6450
PB2|PP755596.1|A/cattle/Texas/24-008749-003/2024(H5N1)	1304	6560
PB2|PP755596.1|A/cattle/Texas/24-008749-003/2024(H5N1)	1305	6566
PB2|PP755596.1|A/cattle/Texas/24-008749-003/2024(H5N1)	1306	6610
PB2|PP755596.1|A/cattle/Texas/24-008749-003/2024(H5N1)	1307	6603
PB2|PP755596.1|A/cattle/Texas/24-008749-003/2024(H5N1)	1308	6605
PB2|PP755596.1|A/cattle/Texas/24-008749-003/2024(H5N1)	1309	6538
PB2|PP755596.1|A/cattle/Texas/24-008749-003/2024(H5N1)	1310	6490
PB2|PP755596.1|A/cattle/Texas/24-008749-003/2024(H5N1)	1311	6464
PB2|PP755596.1|A/cattle/Texas/24-008749-003/2024(H5N1)	1312	6438
PB2|PP755596.1|A/cattle/Texas/24-008749-003/2024(H5N1)	1313	6495
PB2|PP755596.1|A/cattle/Texas/24-008749-003/2024(H5N1)	1314	6460
PB2|PP755596.1|A/cattle/Texas/24-008749-003/2024(H5N1)	1315	6456
PB2|PP755596.1|A/cattle/Texas/24-008749-003/2024(H5N1)	1316	6454
PB2|PP755596.1|A/cattle/Texas/24-008749-003/2024(H5N1)	1317	6484
PB2|PP755596.1|A/cattle/Texas/24-008749-003/2024(H5N1)	1318	6483
PB2|PP755596.1|A/cattle/Texas/24-008749-003/2024(H5N1)	1319	6453
PB2|PP755596.1|A/cattle/Texas/24-008749-003/2024(H5N1)	1320	6404
PB2|PP755596.1|A/cattle/Texas/24-008749-003/2024(H5N1)	1321	6354
PB2|PP755596.1|A/cattle/Texas/24-008749-003/2024(H5N1)	1322	6646
PB2|PP755596.1|A/cattle/Texas/24-008749-003/2024(H5N1)	1323	6641
PB2|PP755596.1|A/cattle/Texas/24-008749-003/2024(H5N1)	1324	6637
PB2|PP755596.1|A/cattle/Texas/24-008749-003/2024(H5N1)	1325	6643
PB2|PP755596.1|A/cattle/Texas/24-008749-003/2024(H5N1)	1326	6674
PB2|PP755596.1|A/cattle/Texas/24-008749-003/2024(H5N1)	1327	6829
PB2|PP755596.1|A/cattle/Texas/24-008749-003/2024(H5N1)	1328	6828
PB2|PP755596.1|A/cattle/Texas/24-008749-003/2024(H5N1)	1329	6792
PB2|PP755596.1|A/cattle/Texas/24-008749-003/2024(H5N1)	1330	6799
PB2|PP755596.1|A/cattle/Texas/24-008749-003/2024(H5N1)	1331	6765
PB2|PP755596.1|A/cattle/Texas/24-008749-003/2024(H5N1)	1332	6761
PB2|PP755596.1|A/cattle/Texas/24-008749-003/2024(H5N1)	1333	6783
PB2|PP755596.1|A/cattle/Texas/24-008749-003/2024(H5N1)	1334	6727
PB2|PP755596.1|A/cattle/Texas/24-008749-003/2024(H5N1)	1335	6736
PB2|PP755596.1|A/cattle/Texas/24-008749-003/2024(H5N1)	1336	7055
PB2|PP755596.1|A/cattle/Texas/24-008749-003/2024(H5N1)	1337	7059
PB2|PP755596.1|A/cattle/Texas/24-008749-003/2024(H5N1)	1338	7079
PB2|PP755596.1|A/cattle/Texas/24-008749-003/2024(H5N1)	1339	7046
PB2|PP755596.1|A/cattle/Texas/24-008749-003/2024(H5N1)	1340	7043
PB2|PP755596.1|A/cattle/Texas/24-008749-003/2024(H5N1)	1341	6921
PB2|PP755596.1|A/cattle/Texas/24-008749-003/2024(H5N1)	1342	6919
PB2|PP755596.1|A/cattle/Texas/24-008749-003/2024(H5N1)	1343	7028
PB2|PP755596.1|A/cattle/Texas/24-008749-003/2024(H5N1)	1344	6970
PB2|PP755596.1|A/cattle/Texas/24-008749-003/2024(H5N1)	1345	6895
PB2|PP755596.1|A/cattle/Texas/24-008749-003/2024(H5N1)	1346	6912
PB2|PP755596.1|A/cattle/Texas/24-008749-003/2024(H5N1)	1347	6923
PB2|PP755596.1|A/cattle/Texas/24-008749-003/2024(H5N1)	1348	6941
PB2|PP755596.1|A/cattle/Texas/24-008749-003/2024(H5N1)	1349	7075
PB2|PP755596.1|A/cattle/Texas/24-008749-003/2024(H5N1)	1350	7066
PB2|PP755596.1|A/cattle/Texas/24-008749-003/2024(H5N1)	1351	7080
PB2|PP755596.1|A/cattle/Texas/24-008749-003/2024(H5N1)	1352	7066
PB2|PP755596.1|A/cattle/Texas/24-008749-003/2024(H5N1)	1353	7050
PB2|PP755596.1|A/cattle/Texas/24-008749-003/2024(H5N1)	1354	7047
PB2|PP755596.1|A/cattle/Texas/24-008749-003/2024(H5N1)	1355	6988
PB2|PP755596.1|A/cattle/Texas/24-008749-003/2024(H5N1)	1356	6799
PB2|PP755596.1|A/cattle/Texas/24-008749-003/2024(H5N1)	1357	6782
PB2|PP755596.1|A/cattle/Texas/24-008749-003/2024(H5N1)	1358	6898
PB2|PP755596.1|A/cattle/Texas/24-008749-003/2024(H5N1)	1359	6914
PB2|PP755596.1|A/cattle/Texas/24-008749-003/2024(H5N1)	1360	6926
PB2|PP755596.1|A/cattle/Texas/24-008749-003/2024(H5N1)	1361	6948
PB2|PP755596.1|A/cattle/Texas/24-008749-003/2024(H5N1)	1362	6941
PB2|PP755596.1|A/cattle/Texas/24-008749-003/2024(H5N1)	1363	6930
PB2|PP755596.1|A/cattle/Texas/24-008749-003/2024(H5N1)	1364	6932
PB2|PP755596.1|A/cattle/Texas/24-008749-003/2024(H5N1)	1365	6868
PB2|PP755596.1|A/cattle/Texas/24-008749-003/2024(H5N1)	1366	6805
PB2|PP755596.1|A/cattle/Texas/24-008749-003/2024(H5N1)	1367	6684
PB2|PP755596.1|A/cattle/Texas/24-008749-003/2024(H5N1)	1368	6772
PB2|PP755596.1|A/cattle/Texas/24-008749-003/2024(H5N1)	1369	6820
PB2|PP755596.1|A/cattle/Texas/24-008749-003/2024(H5N1)	1370	6791
PB2|PP755596.1|A/cattle/Texas/24-008749-003/2024(H5N1)	1371	6799
PB2|PP755596.1|A/cattle/Texas/24-008749-003/2024(H5N1)	1372	6780
PB2|PP755596.1|A/cattle/Texas/24-008749-003/2024(H5N1)	1373	6770
PB2|PP755596.1|A/cattle/Texas/24-008749-003/2024(H5N1)	1374	6773
PB2|PP755596.1|A/cattle/Texas/24-008749-003/2024(H5N1)	1375	6684
PB2|PP755596.1|A/cattle/Texas/24-008749-003/2024(H5N1)	1376	6639
PB2|PP755596.1|A/cattle/Texas/24-008749-003/2024(H5N1)	1377	6593
PB2|PP755596.1|A/cattle/Texas/24-008749-003/2024(H5N1)	1378	6544
PB2|PP755596.1|A/cattle/Texas/24-008749-003/2024(H5N1)	1379	6554
PB2|PP755596.1|A/cattle/Texas/24-008749-003/2024(H5N1)	1380	6639
PB2|PP755596.1|A/cattle/Texas/24-008749-003/2024(H5N1)	1381	6358
PB2|PP755596.1|A/cattle/Texas/24-008749-003/2024(H5N1)	1382	6382
PB2|PP755596.1|A/cattle/Texas/24-008749-003/2024(H5N1)	1383	6333
PB2|PP755596.1|A/cattle/Texas/24-008749-003/2024(H5N1)	1384	6356
PB2|PP755596.1|A/cattle/Texas/24-008749-003/2024(H5N1)	1385	6384
PB2|PP755596.1|A/cattle/Texas/24-008749-003/2024(H5N1)	1386	6343
PB2|PP755596.1|A/cattle/Texas/24-008749-003/2024(H5N1)	1387	6411
PB2|PP755596.1|A/cattle/Texas/24-008749-003/2024(H5N1)	1388	6382
PB2|PP755596.1|A/cattle/Texas/24-008749-003/2024(H5N1)	1389	6510
PB2|PP755596.1|A/cattle/Texas/24-008749-003/2024(H5N1)	1390	6483
PB2|PP755596.1|A/cattle/Texas/24-008749-003/2024(H5N1)	1391	6318
PB2|PP755596.1|A/cattle/Texas/24-008749-003/2024(H5N1)	1392	6350
PB2|PP755596.1|A/cattle/Texas/24-008749-003/2024(H5N1)	1393	6342
PB2|PP755596.1|A/cattle/Texas/24-008749-003/2024(H5N1)	1394	6376
PB2|PP755596.1|A/cattle/Texas/24-008749-003/2024(H5N1)	1395	6343
PB2|PP755596.1|A/cattle/Texas/24-008749-003/2024(H5N1)	1396	6341
PB2|PP755596.1|A/cattle/Texas/24-008749-003/2024(H5N1)	1397	6497
PB2|PP755596.1|A/cattle/Texas/24-008749-003/2024(H5N1)	1398	6501
PB2|PP755596.1|A/cattle/Texas/24-008749-003/2024(H5N1)	1399	6520
PB2|PP755596.1|A/cattle/Texas/24-008749-003/2024(H5N1)	1400	6412
PB2|PP755596.1|A/cattle/Texas/24-008749-003/2024(H5N1)	1401	6400
PB2|PP755596.1|A/cattle/Texas/24-008749-003/2024(H5N1)	1402	6548
PB2|PP755596.1|A/cattle/Texas/24-008749-003/2024(H5N1)	1403	6571
PB2|PP755596.1|A/cattle/Texas/24-008749-003/2024(H5N1)	1404	6614
PB2|PP755596.1|A/cattle/Texas/24-008749-003/2024(H5N1)	1405	6614
PB2|PP755596.1|A/cattle/Texas/24-008749-003/2024(H5N1)	1406	6443
PB2|PP755596.1|A/cattle/Texas/24-008749-003/2024(H5N1)	1407	6448
PB2|PP755596.1|A/cattle/Texas/24-008749-003/2024(H5N1)	1408	6451
PB2|PP755596.1|A/cattle/Texas/24-008749-003/2024(H5N1)	1409	6560
PB2|PP755596.1|A/cattle/Texas/24-008749-003/2024(H5N1)	1410	6547
PB2|PP755596.1|A/cattle/Texas/24-008749-003/2024(H5N1)	1411	6424
PB2|PP755596.1|A/cattle/Texas/24-008749-003/2024(H5N1)	1412	6412
PB2|PP755596.1|A/cattle/Texas/24-008749-003/2024(H5N1)	1413	6354
PB2|PP755596.1|A/cattle/Texas/24-008749-003/2024(H5N1)	1414	6380
PB2|PP755596.1|A/cattle/Texas/24-008749-003/2024(H5N1)	1415	6405
PB2|PP755596.1|A/cattle/Texas/24-008749-003/2024(H5N1)	1416	6421
PB2|PP755596.1|A/cattle/Texas/24-008749-003/2024(H5N1)	1417	6454
PB2|PP755596.1|A/cattle/Texas/24-008749-003/2024(H5N1)	1418	6315
PB2|PP755596.1|A/cattle/Texas/24-008749-003/2024(H5N1)	1419	6058
PB2|PP755596.1|A/cattle/Texas/24-008749-003/2024(H5N1)	1420	6048
PB2|PP755596.1|A/cattle/Texas/24-008749-003/2024(H5N1)	1421	6079
PB2|PP755596.1|A/cattle/Texas/24-008749-003/2024(H5N1)	1422	6087
PB2|PP755596.1|A/cattle/Texas/24-008749-003/2024(H5N1)	1423	6081
PB2|PP755596.1|A/cattle/Texas/24-008749-003/2024(H5N1)	1424	6037
PB2|PP755596.1|A/cattle/Texas/24-008749-003/2024(H5N1)	1425	6037
PB2|PP755596.1|A/cattle/Texas/24-008749-003/2024(H5N1)	1426	5984
PB2|PP755596.1|A/cattle/Texas/24-008749-003/2024(H5N1)	1427	6046
PB2|PP755596.1|A/cattle/Texas/24-008749-003/2024(H5N1)	1428	6148
PB2|PP755596.1|A/cattle/Texas/24-008749-003/2024(H5N1)	1429	6107
PB2|PP755596.1|A/cattle/Texas/24-008749-003/2024(H5N1)	1430	6540
PB2|PP755596.1|A/cattle/Texas/24-008749-003/2024(H5N1)	1431	6540
PB2|PP755596.1|A/cattle/Texas/24-008749-003/2024(H5N1)	1432	6442
PB2|PP755596.1|A/cattle/Texas/24-008749-003/2024(H5N1)	1433	6440
PB2|PP755596.1|A/cattle/Texas/24-008749-003/2024(H5N1)	1434	6429
PB2|PP755596.1|A/cattle/Texas/24-008749-003/2024(H5N1)	1435	6405
PB2|PP755596.1|A/cattle/Texas/24-008749-003/2024(H5N1)	1436	6405
PB2|PP755596.1|A/cattle/Texas/24-008749-003/2024(H5N1)	1437	6261
PB2|PP755596.1|A/cattle/Texas/24-008749-003/2024(H5N1)	1438	6273
PB2|PP755596.1|A/cattle/Texas/24-008749-003/2024(H5N1)	1439	5884
PB2|PP755596.1|A/cattle/Texas/24-008749-003/2024(H5N1)	1440	5906
PB2|PP755596.1|A/cattle/Texas/24-008749-003/2024(H5N1)	1441	5888
PB2|PP755596.1|A/cattle/Texas/24-008749-003/2024(H5N1)	1442	5913
PB2|PP755596.1|A/cattle/Texas/24-008749-003/2024(H5N1)	1443	5951
PB2|PP755596.1|A/cattle/Texas/24-008749-003/2024(H5N1)	1444	5942
PB2|PP755596.1|A/cattle/Texas/24-008749-003/2024(H5N1)	1445	5877
PB2|PP755596.1|A/cattle/Texas/24-008749-003/2024(H5N1)	1446	5942
PB2|PP755596.1|A/cattle/Texas/24-008749-003/2024(H5N1)	1447	5986
PB2|PP755596.1|A/cattle/Texas/24-008749-003/2024(H5N1)	1448	5971
PB2|PP755596.1|A/cattle/Texas/24-008749-003/2024(H5N1)	1449	5940
PB2|PP755596.1|A/cattle/Texas/24-008749-003/2024(H5N1)	1450	5934
PB2|PP755596.1|A/cattle/Texas/24-008749-003/2024(H5N1)	1451	5941
PB2|PP755596.1|A/cattle/Texas/24-008749-003/2024(H5N1)	1452	5892
PB2|PP755596.1|A/cattle/Texas/24-008749-003/2024(H5N1)	1453	5796
PB2|PP755596.1|A/cattle/Texas/24-008749-003/2024(H5N1)	1454	5794
PB2|PP755596.1|A/cattle/Texas/24-008749-003/2024(H5N1)	1455	5706
PB2|PP755596.1|A/cattle/Texas/24-008749-003/2024(H5N1)	1456	5734
PB2|PP755596.1|A/cattle/Texas/24-008749-003/2024(H5N1)	1457	5756
PB2|PP755596.1|A/cattle/Texas/24-008749-003/2024(H5N1)	1458	5819
PB2|PP755596.1|A/cattle/Texas/24-008749-003/2024(H5N1)	1459	5865
PB2|PP755596.1|A/cattle/Texas/24-008749-003/2024(H5N1)	1460	5807
PB2|PP755596.1|A/cattle/Texas/24-008749-003/2024(H5N1)	1461	5828
PB2|PP755596.1|A/cattle/Texas/24-008749-003/2024(H5N1)	1462	5695
PB2|PP755596.1|A/cattle/Texas/24-008749-003/2024(H5N1)	1463	5688
PB2|PP755596.1|A/cattle/Texas/24-008749-003/2024(H5N1)	1464	5639
PB2|PP755596.1|A/cattle/Texas/24-008749-003/2024(H5N1)	1465	5609
PB2|PP755596.1|A/cattle/Texas/24-008749-003/2024(H5N1)	1466	5653
PB2|PP755596.1|A/cattle/Texas/24-008749-003/2024(H5N1)	1467	5653
PB2|PP755596.1|A/cattle/Texas/24-008749-003/2024(H5N1)	1468	5613
PB2|PP755596.1|A/cattle/Texas/24-008749-003/2024(H5N1)	1469	5614
PB2|PP755596.1|A/cattle/Texas/24-008749-003/2024(H5N1)	1470	5595
PB2|PP755596.1|A/cattle/Texas/24-008749-003/2024(H5N1)	1471	5571
PB2|PP755596.1|A/cattle/Texas/24-008749-003/2024(H5N1)	1472	5510
PB2|PP755596.1|A/cattle/Texas/24-008749-003/2024(H5N1)	1473	5163
PB2|PP755596.1|A/cattle/Texas/24-008749-003/2024(H5N1)	1474	5089
PB2|PP755596.1|A/cattle/Texas/24-008749-003/2024(H5N1)	1475	5035
PB2|PP755596.1|A/cattle/Texas/24-008749-003/2024(H5N1)	1476	4968
PB2|PP755596.1|A/cattle/Texas/24-008749-003/2024(H5N1)	1477	4024
PB2|PP755596.1|A/cattle/Texas/24-008749-003/2024(H5N1)	1478	3878
PB2|PP755596.1|A/cattle/Texas/24-008749-003/2024(H5N1)	1479	3877
PB2|PP755596.1|A/cattle/Texas/24-008749-003/2024(H5N1)	1480	3858
PB2|PP755596.1|A/cattle/Texas/24-008749-003/2024(H5N1)	1481	3817
PB2|PP755596.1|A/cattle/Texas/24-008749-003/2024(H5N1)	1482	3816
PB2|PP755596.1|A/cattle/Texas/24-008749-003/2024(H5N1)	1483	3809
PB2|PP755596.1|A/cattle/Texas/24-008749-003/2024(H5N1)	1484	3809
PB2|PP755596.1|A/cattle/Texas/24-008749-003/2024(H5N1)	1485	3809
PB2|PP755596.1|A/cattle/Texas/24-008749-003/2024(H5N1)	1486	3841
PB2|PP755596.1|A/cattle/Texas/24-008749-003/2024(H5N1)	1487	3900
PB2|PP755596.1|A/cattle/Texas/24-008749-003/2024(H5N1)	1488	3911
PB2|PP755596.1|A/cattle/Texas/24-008749-003/2024(H5N1)	1489	5359
PB2|PP755596.1|A/cattle/Texas/24-008749-003/2024(H5N1)	1490	5501
PB2|PP755596.1|A/cattle/Texas/24-008749-003/2024(H5N1)	1491	5701
PB2|PP755596.1|A/cattle/Texas/24-008749-003/2024(H5N1)	1492	5702
PB2|PP755596.1|A/cattle/Texas/24-008749-003/2024(H5N1)	1493	5702
PB2|PP755596.1|A/cattle/Texas/24-008749-003/2024(H5N1)	1494	5704
PB2|PP755596.1|A/cattle/Texas/24-008749-003/2024(H5N1)	1495	5743
PB2|PP755596.1|A/cattle/Texas/24-008749-003/2024(H5N1)	1496	6067
PB2|PP755596.1|A/cattle/Texas/24-008749-003/2024(H5N1)	1497	6071
PB2|PP755596.1|A/cattle/Texas/24-008749-003/2024(H5N1)	1498	6080
PB2|PP755596.1|A/cattle/Texas/24-008749-003/2024(H5N1)	1499	6087
PB2|PP755596.1|A/cattle/Texas/24-008749-003/2024(H5N1)	1500	6179
PB2|PP755596.1|A/cattle/Texas/24-008749-003/2024(H5N1)	1501	6435
PB2|PP755596.1|A/cattle/Texas/24-008749-003/2024(H5N1)	1502	6454
PB2|PP755596.1|A/cattle/Texas/24-008749-003/2024(H5N1)	1503	6463
PB2|PP755596.1|A/cattle/Texas/24-008749-003/2024(H5N1)	1504	6548
PB2|PP755596.1|A/cattle/Texas/24-008749-003/2024(H5N1)	1505	6550
PB2|PP755596.1|A/cattle/Texas/24-008749-003/2024(H5N1)	1506	6584
PB2|PP755596.1|A/cattle/Texas/24-008749-003/2024(H5N1)	1507	6583
PB2|PP755596.1|A/cattle/Texas/24-008749-003/2024(H5N1)	1508	6547
PB2|PP755596.1|A/cattle/Texas/24-008749-003/2024(H5N1)	1509	6477
PB2|PP755596.1|A/cattle/Texas/24-008749-003/2024(H5N1)	1510	6586
PB2|PP755596.1|A/cattle/Texas/24-008749-003/2024(H5N1)	1511	6572
PB2|PP755596.1|A/cattle/Texas/24-008749-003/2024(H5N1)	1512	6510
PB2|PP755596.1|A/cattle/Texas/24-008749-003/2024(H5N1)	1513	6499
PB2|PP755596.1|A/cattle/Texas/24-008749-003/2024(H5N1)	1514	6499
PB2|PP755596.1|A/cattle/Texas/24-008749-003/2024(H5N1)	1515	6547
PB2|PP755596.1|A/cattle/Texas/24-008749-003/2024(H5N1)	1516	6588
PB2|PP755596.1|A/cattle/Texas/24-008749-003/2024(H5N1)	1517	6601
PB2|PP755596.1|A/cattle/Texas/24-008749-003/2024(H5N1)	1518	6596
PB2|PP755596.1|A/cattle/Texas/24-008749-003/2024(H5N1)	1519	6458
PB2|PP755596.1|A/cattle/Texas/24-008749-003/2024(H5N1)	1520	6462
PB2|PP755596.1|A/cattle/Texas/24-008749-003/2024(H5N1)	1521	6468
PB2|PP755596.1|A/cattle/Texas/24-008749-003/2024(H5N1)	1522	6467
PB2|PP755596.1|A/cattle/Texas/24-008749-003/2024(H5N1)	1523	6466
PB2|PP755596.1|A/cattle/Texas/24-008749-003/2024(H5N1)	1524	6450
PB2|PP755596.1|A/cattle/Texas/24-008749-003/2024(H5N1)	1525	6452
PB2|PP755596.1|A/cattle/Texas/24-008749-003/2024(H5N1)	1526	6483
PB2|PP755596.1|A/cattle/Texas/24-008749-003/2024(H5N1)	1527	6589
PB2|PP755596.1|A/cattle/Texas/24-008749-003/2024(H5N1)	1528	6578
PB2|PP755596.1|A/cattle/Texas/24-008749-003/2024(H5N1)	1529	6631
PB2|PP755596.1|A/cattle/Texas/24-008749-003/2024(H5N1)	1530	6524
PB2|PP755596.1|A/cattle/Texas/24-008749-003/2024(H5N1)	1531	6892
PB2|PP755596.1|A/cattle/Texas/24-008749-003/2024(H5N1)	1532	6880
PB2|PP755596.1|A/cattle/Texas/24-008749-003/2024(H5N1)	1533	6856
PB2|PP755596.1|A/cattle/Texas/24-008749-003/2024(H5N1)	1534	6833
PB2|PP755596.1|A/cattle/Texas/24-008749-003/2024(H5N1)	1535	6803
PB2|PP755596.1|A/cattle/Texas/24-008749-003/2024(H5N1)	1536	6862
PB2|PP755596.1|A/cattle/Texas/24-008749-003/2024(H5N1)	1537	6822
PB2|PP755596.1|A/cattle/Texas/24-008749-003/2024(H5N1)	1538	6772
PB2|PP755596.1|A/cattle/Texas/24-008749-003/2024(H5N1)	1539	6778
PB2|PP755596.1|A/cattle/Texas/24-008749-003/2024(H5N1)	1540	6488
PB2|PP755596.1|A/cattle/Texas/24-008749-003/2024(H5N1)	1541	6519
PB2|PP755596.1|A/cattle/Texas/24-008749-003/2024(H5N1)	1542	6541
PB2|PP755596.1|A/cattle/Texas/24-008749-003/2024(H5N1)	1543	6499
PB2|PP755596.1|A/cattle/Texas/24-008749-003/2024(H5N1)	1544	6502
PB2|PP755596.1|A/cattle/Texas/24-008749-003/2024(H5N1)	1545	6413
PB2|PP755596.1|A/cattle/Texas/24-008749-003/2024(H5N1)	1546	6514
PB2|PP755596.1|A/cattle/Texas/24-008749-003/2024(H5N1)	1547	6529
PB2|PP755596.1|A/cattle/Texas/24-008749-003/2024(H5N1)	1548	6420
PB2|PP755596.1|A/cattle/Texas/24-008749-003/2024(H5N1)	1549	6424
PB2|PP755596.1|A/cattle/Texas/24-008749-003/2024(H5N1)	1550	6542
PB2|PP755596.1|A/cattle/Texas/24-008749-003/2024(H5N1)	1551	6548
PB2|PP755596.1|A/cattle/Texas/24-008749-003/2024(H5N1)	1552	6550
PB2|PP755596.1|A/cattle/Texas/24-008749-003/2024(H5N1)	1553	6435
PB2|PP755596.1|A/cattle/Texas/24-008749-003/2024(H5N1)	1554	6399
PB2|PP755596.1|A/cattle/Texas/24-008749-003/2024(H5N1)	1555	6349
PB2|PP755596.1|A/cattle/Texas/24-008749-003/2024(H5N1)	1556	6383
PB2|PP755596.1|A/cattle/Texas/24-008749-003/2024(H5N1)	1557	6478
PB2|PP755596.1|A/cattle/Texas/24-008749-003/2024(H5N1)	1558	6478
PB2|PP755596.1|A/cattle/Texas/24-008749-003/2024(H5N1)	1559	6519
PB2|PP755596.1|A/cattle/Texas/24-008749-003/2024(H5N1)	1560	6453
PB2|PP755596.1|A/cattle/Texas/24-008749-003/2024(H5N1)	1561	6738
PB2|PP755596.1|A/cattle/Texas/24-008749-003/2024(H5N1)	1562	6747
PB2|PP755596.1|A/cattle/Texas/24-008749-003/2024(H5N1)	1563	7614
PB2|PP755596.1|A/cattle/Texas/24-008749-003/2024(H5N1)	1564	7645
PB2|PP755596.1|A/cattle/Texas/24-008749-003/2024(H5N1)	1565	7639
PB2|PP755596.1|A/cattle/Texas/24-008749-003/2024(H5N1)	1566	7643
PB2|PP755596.1|A/cattle/Texas/24-008749-003/2024(H5N1)	1567	7656
PB2|PP755596.1|A/cattle/Texas/24-008749-003/2024(H5N1)	1568	8208
PB2|PP755596.1|A/cattle/Texas/24-008749-003/2024(H5N1)	1569	8318
PB2|PP755596.1|A/cattle/Texas/24-008749-003/2024(H5N1)	1570	8293
PB2|PP755596.1|A/cattle/Texas/24-008749-003/2024(H5N1)	1571	8273
PB2|PP755596.1|A/cattle/Texas/24-008749-003/2024(H5N1)	1572	8231
PB2|PP755596.1|A/cattle/Texas/24-008749-003/2024(H5N1)	1573	8315
PB2|PP755596.1|A/cattle/Texas/24-008749-003/2024(H5N1)	1574	8339
PB2|PP755596.1|A/cattle/Texas/24-008749-003/2024(H5N1)	1575	8393
PB2|PP755596.1|A/cattle/Texas/24-008749-003/2024(H5N1)	1576	8410
PB2|PP755596.1|A/cattle/Texas/24-008749-003/2024(H5N1)	1577	8297
PB2|PP755596.1|A/cattle/Texas/24-008749-003/2024(H5N1)	1578	8261
PB2|PP755596.1|A/cattle/Texas/24-008749-003/2024(H5N1)	1579	8245
PB2|PP755596.1|A/cattle/Texas/24-008749-003/2024(H5N1)	1580	8278
PB2|PP755596.1|A/cattle/Texas/24-008749-003/2024(H5N1)	1581	7996
PB2|PP755596.1|A/cattle/Texas/24-008749-003/2024(H5N1)	1582	7993
PB2|PP755596.1|A/cattle/Texas/24-008749-003/2024(H5N1)	1583	7980
PB2|PP755596.1|A/cattle/Texas/24-008749-003/2024(H5N1)	1584	7914
PB2|PP755596.1|A/cattle/Texas/24-008749-003/2024(H5N1)	1585	7947
PB2|PP755596.1|A/cattle/Texas/24-008749-003/2024(H5N1)	1586	7969
PB2|PP755596.1|A/cattle/Texas/24-008749-003/2024(H5N1)	1587	8030
PB2|PP755596.1|A/cattle/Texas/24-008749-003/2024(H5N1)	1588	8221
PB2|PP755596.1|A/cattle/Texas/24-008749-003/2024(H5N1)	1589	8309
PB2|PP755596.1|A/cattle/Texas/24-008749-003/2024(H5N1)	1590	8267
PB2|PP755596.1|A/cattle/Texas/24-008749-003/2024(H5N1)	1591	8288
PB2|PP755596.1|A/cattle/Texas/24-008749-003/2024(H5N1)	1592	8289
PB2|PP755596.1|A/cattle/Texas/24-008749-003/2024(H5N1)	1593	8296
PB2|PP755596.1|A/cattle/Texas/24-008749-003/2024(H5N1)	1594	8282
PB2|PP755596.1|A/cattle/Texas/24-008749-003/2024(H5N1)	1595	8479
PB2|PP755596.1|A/cattle/Texas/24-008749-003/2024(H5N1)	1596	8469
PB2|PP755596.1|A/cattle/Texas/24-008749-003/2024(H5N1)	1597	8402
PB2|PP755596.1|A/cattle/Texas/24-008749-003/2024(H5N1)	1598	8442
PB2|PP755596.1|A/cattle/Texas/24-008749-003/2024(H5N1)	1599	8441
PB2|PP755596.1|A/cattle/Texas/24-008749-003/2024(H5N1)	1600	8619
PB2|PP755596.1|A/cattle/Texas/24-008749-003/2024(H5N1)	1601	8563
PB2|PP755596.1|A/cattle/Texas/24-008749-003/2024(H5N1)	1602	8560
PB2|PP755596.1|A/cattle/Texas/24-008749-003/2024(H5N1)	1603	8655
PB2|PP755596.1|A/cattle/Texas/24-008749-003/2024(H5N1)	1604	8711
PB2|PP755596.1|A/cattle/Texas/24-008749-003/2024(H5N1)	1605	8725
PB2|PP755596.1|A/cattle/Texas/24-008749-003/2024(H5N1)	1606	8838
PB2|PP755596.1|A/cattle/Texas/24-008749-003/2024(H5N1)	1607	8815
PB2|PP755596.1|A/cattle/Texas/24-008749-003/2024(H5N1)	1608	8868
PB2|PP755596.1|A/cattle/Texas/24-008749-003/2024(H5N1)	1609	8777
PB2|PP755596.1|A/cattle/Texas/24-008749-003/2024(H5N1)	1610	8713
PB2|PP755596.1|A/cattle/Texas/24-008749-003/2024(H5N1)	1611	8879
PB2|PP755596.1|A/cattle/Texas/24-008749-003/2024(H5N1)	1612	8856
PB2|PP755596.1|A/cattle/Texas/24-008749-003/2024(H5N1)	1613	8847
PB2|PP755596.1|A/cattle/Texas/24-008749-003/2024(H5N1)	1614	9050
PB2|PP755596.1|A/cattle/Texas/24-008749-003/2024(H5N1)	1615	8675
PB2|PP755596.1|A/cattle/Texas/24-008749-003/2024(H5N1)	1616	8655
PB2|PP755596.1|A/cattle/Texas/24-008749-003/2024(H5N1)	1617	8586
PB2|PP755596.1|A/cattle/Texas/24-008749-003/2024(H5N1)	1618	8587
PB2|PP755596.1|A/cattle/Texas/24-008749-003/2024(H5N1)	1619	8574
PB2|PP755596.1|A/cattle/Texas/24-008749-003/2024(H5N1)	1620	8422
PB2|PP755596.1|A/cattle/Texas/24-008749-003/2024(H5N1)	1621	8417
PB2|PP755596.1|A/cattle/Texas/24-008749-003/2024(H5N1)	1622	8386
PB2|PP755596.1|A/cattle/Texas/24-008749-003/2024(H5N1)	1623	8102
PB2|PP755596.1|A/cattle/Texas/24-008749-003/2024(H5N1)	1624	8101
PB2|PP755596.1|A/cattle/Texas/24-008749-003/2024(H5N1)	1625	8095
PB2|PP755596.1|A/cattle/Texas/24-008749-003/2024(H5N1)	1626	8037
PB2|PP755596.1|A/cattle/Texas/24-008749-003/2024(H5N1)	1627	8118
PB2|PP755596.1|A/cattle/Texas/24-008749-003/2024(H5N1)	1628	8255
PB2|PP755596.1|A/cattle/Texas/24-008749-003/2024(H5N1)	1629	8041
PB2|PP755596.1|A/cattle/Texas/24-008749-003/2024(H5N1)	1630	9191
PB2|PP755596.1|A/cattle/Texas/24-008749-003/2024(H5N1)	1631	9323
PB2|PP755596.1|A/cattle/Texas/24-008749-003/2024(H5N1)	1632	9332
PB2|PP755596.1|A/cattle/Texas/24-008749-003/2024(H5N1)	1633	9762
PB2|PP755596.1|A/cattle/Texas/24-008749-003/2024(H5N1)	1634	9744
PB2|PP755596.1|A/cattle/Texas/24-008749-003/2024(H5N1)	1635	9767
PB2|PP755596.1|A/cattle/Texas/24-008749-003/2024(H5N1)	1636	9607
PB2|PP755596.1|A/cattle/Texas/24-008749-003/2024(H5N1)	1637	9535
PB2|PP755596.1|A/cattle/Texas/24-008749-003/2024(H5N1)	1638	10291
PB2|PP755596.1|A/cattle/Texas/24-008749-003/2024(H5N1)	1639	10356
PB2|PP755596.1|A/cattle/Texas/24-008749-003/2024(H5N1)	1640	10342
PB2|PP755596.1|A/cattle/Texas/24-008749-003/2024(H5N1)	1641	10227
PB2|PP755596.1|A/cattle/Texas/24-008749-003/2024(H5N1)	1642	9996
PB2|PP755596.1|A/cattle/Texas/24-008749-003/2024(H5N1)	1643	10584
PB2|PP755596.1|A/cattle/Texas/24-008749-003/2024(H5N1)	1644	10589
PB2|PP755596.1|A/cattle/Texas/24-008749-003/2024(H5N1)	1645	10684
PB2|PP755596.1|A/cattle/Texas/24-008749-003/2024(H5N1)	1646	10945
PB2|PP755596.1|A/cattle/Texas/24-008749-003/2024(H5N1)	1647	10551
PB2|PP755596.1|A/cattle/Texas/24-008749-003/2024(H5N1)	1648	10675
PB2|PP755596.1|A/cattle/Texas/24-008749-003/2024(H5N1)	1649	10681
PB2|PP755596.1|A/cattle/Texas/24-008749-003/2024(H5N1)	1650	10730
PB2|PP755596.1|A/cattle/Texas/24-008749-003/2024(H5N1)	1651	10659
PB2|PP755596.1|A/cattle/Texas/24-008749-003/2024(H5N1)	1652	10332
PB2|PP755596.1|A/cattle/Texas/24-008749-003/2024(H5N1)	1653	10352
PB2|PP755596.1|A/cattle/Texas/24-008749-003/2024(H5N1)	1654	10671
PB2|PP755596.1|A/cattle/Texas/24-008749-003/2024(H5N1)	1655	10557
PB2|PP755596.1|A/cattle/Texas/24-008749-003/2024(H5N1)	1656	10669
PB2|PP755596.1|A/cattle/Texas/24-008749-003/2024(H5N1)	1657	10642
PB2|PP755596.1|A/cattle/Texas/24-008749-003/2024(H5N1)	1658	10643
PB2|PP755596.1|A/cattle/Texas/24-008749-003/2024(H5N1)	1659	10641
PB2|PP755596.1|A/cattle/Texas/24-008749-003/2024(H5N1)	1660	10757
PB2|PP755596.1|A/cattle/Texas/24-008749-003/2024(H5N1)	1661	10674
PB2|PP755596.1|A/cattle/Texas/24-008749-003/2024(H5N1)	1662	10664
PB2|PP755596.1|A/cattle/Texas/24-008749-003/2024(H5N1)	1663	10650
PB2|PP755596.1|A/cattle/Texas/24-008749-003/2024(H5N1)	1664	10667
PB2|PP755596.1|A/cattle/Texas/24-008749-003/2024(H5N1)	1665	10739
PB2|PP755596.1|A/cattle/Texas/24-008749-003/2024(H5N1)	1666	10871
PB2|PP755596.1|A/cattle/Texas/24-008749-003/2024(H5N1)	1667	10870
PB2|PP755596.1|A/cattle/Texas/24-008749-003/2024(H5N1)	1668	10982
PB2|PP755596.1|A/cattle/Texas/24-008749-003/2024(H5N1)	1669	10926
PB2|PP755596.1|A/cattle/Texas/24-008749-003/2024(H5N1)	1670	10929
PB2|PP755596.1|A/cattle/Texas/24-008749-003/2024(H5N1)	1671	10930
PB2|PP755596.1|A/cattle/Texas/24-008749-003/2024(H5N1)	1672	10941
PB2|PP755596.1|A/cattle/Texas/24-008749-003/2024(H5N1)	1673	10916
PB2|PP755596.1|A/cattle/Texas/24-008749-003/2024(H5N1)	1674	10940
PB2|PP755596.1|A/cattle/Texas/24-008749-003/2024(H5N1)	1675	10932
PB2|PP755596.1|A/cattle/Texas/24-008749-003/2024(H5N1)	1676	10806
PB2|PP755596.1|A/cattle/Texas/24-008749-003/2024(H5N1)	1677	10354
PB2|PP755596.1|A/cattle/Texas/24-008749-003/2024(H5N1)	1678	10377
PB2|PP755596.1|A/cattle/Texas/24-008749-003/2024(H5N1)	1679	10364
PB2|PP755596.1|A/cattle/Texas/24-008749-003/2024(H5N1)	1680	10365
PB2|PP755596.1|A/cattle/Texas/24-008749-003/2024(H5N1)	1681	10584
PB2|PP755596.1|A/cattle/Texas/24-008749-003/2024(H5N1)	1682	10588
PB2|PP755596.1|A/cattle/Texas/24-008749-003/2024(H5N1)	1683	10675
PB2|PP755596.1|A/cattle/Texas/24-008749-003/2024(H5N1)	1684	10770
PB2|PP755596.1|A/cattle/Texas/24-008749-003/2024(H5N1)	1685	11285
PB2|PP755596.1|A/cattle/Texas/24-008749-003/2024(H5N1)	1686	11293
PB2|PP755596.1|A/cattle/Texas/24-008749-003/2024(H5N1)	1687	11216
PB2|PP755596.1|A/cattle/Texas/24-008749-003/2024(H5N1)	1688	11200
PB2|PP755596.1|A/cattle/Texas/24-008749-003/2024(H5N1)	1689	11200
PB2|PP755596.1|A/cattle/Texas/24-008749-003/2024(H5N1)	1690	11226
PB2|PP755596.1|A/cattle/Texas/24-008749-003/2024(H5N1)	1691	11485
PB2|PP755596.1|A/cattle/Texas/24-008749-003/2024(H5N1)	1692	11463
PB2|PP755596.1|A/cattle/Texas/24-008749-003/2024(H5N1)	1693	11501
PB2|PP755596.1|A/cattle/Texas/24-008749-003/2024(H5N1)	1694	11499
PB2|PP755596.1|A/cattle/Texas/24-008749-003/2024(H5N1)	1695	11495
PB2|PP755596.1|A/cattle/Texas/24-008749-003/2024(H5N1)	1696	11464
PB2|PP755596.1|A/cattle/Texas/24-008749-003/2024(H5N1)	1697	11451
PB2|PP755596.1|A/cattle/Texas/24-008749-003/2024(H5N1)	1698	11620
PB2|PP755596.1|A/cattle/Texas/24-008749-003/2024(H5N1)	1699	11748
PB2|PP755596.1|A/cattle/Texas/24-008749-003/2024(H5N1)	1700	11661
PB2|PP755596.1|A/cattle/Texas/24-008749-003/2024(H5N1)	1701	11650
PB2|PP755596.1|A/cattle/Texas/24-008749-003/2024(H5N1)	1702	11760
PB2|PP755596.1|A/cattle/Texas/24-008749-003/2024(H5N1)	1703	12026
PB2|PP755596.1|A/cattle/Texas/24-008749-003/2024(H5N1)	1704	12021
PB2|PP755596.1|A/cattle/Texas/24-008749-003/2024(H5N1)	1705	11998
PB2|PP755596.1|A/cattle/Texas/24-008749-003/2024(H5N1)	1706	11868
PB2|PP755596.1|A/cattle/Texas/24-008749-003/2024(H5N1)	1707	11754
PB2|PP755596.1|A/cattle/Texas/24-008749-003/2024(H5N1)	1708	11852
PB2|PP755596.1|A/cattle/Texas/24-008749-003/2024(H5N1)	1709	11790
PB2|PP755596.1|A/cattle/Texas/24-008749-003/2024(H5N1)	1710	11985
PB2|PP755596.1|A/cattle/Texas/24-008749-003/2024(H5N1)	1711	12112
PB2|PP755596.1|A/cattle/Texas/24-008749-003/2024(H5N1)	1712	11868
PB2|PP755596.1|A/cattle/Texas/24-008749-003/2024(H5N1)	1713	11878
PB2|PP755596.1|A/cattle/Texas/24-008749-003/2024(H5N1)	1714	11840
PB2|PP755596.1|A/cattle/Texas/24-008749-003/2024(H5N1)	1715	11915
PB2|PP755596.1|A/cattle/Texas/24-008749-003/2024(H5N1)	1716	11933
PB2|PP755596.1|A/cattle/Texas/24-008749-003/2024(H5N1)	1717	11753
PB2|PP755596.1|A/cattle/Texas/24-008749-003/2024(H5N1)	1718	11783
PB2|PP755596.1|A/cattle/Texas/24-008749-003/2024(H5N1)	1719	11393
PB2|PP755596.1|A/cattle/Texas/24-008749-003/2024(H5N1)	1720	11381
PB2|PP755596.1|A/cattle/Texas/24-008749-003/2024(H5N1)	1721	11361
PB2|PP755596.1|A/cattle/Texas/24-008749-003/2024(H5N1)	1722	11377
PB2|PP755596.1|A/cattle/Texas/24-008749-003/2024(H5N1)	1723	11432
PB2|PP755596.1|A/cattle/Texas/24-008749-003/2024(H5N1)	1724	11368
PB2|PP755596.1|A/cattle/Texas/24-008749-003/2024(H5N1)	1725	11344
PB2|PP755596.1|A/cattle/Texas/24-008749-003/2024(H5N1)	1726	11333
PB2|PP755596.1|A/cattle/Texas/24-008749-003/2024(H5N1)	1727	11413
PB2|PP755596.1|A/cattle/Texas/24-008749-003/2024(H5N1)	1728	11471
PB2|PP755596.1|A/cattle/Texas/24-008749-003/2024(H5N1)	1729	11485
PB2|PP755596.1|A/cattle/Texas/24-008749-003/2024(H5N1)	1730	11483
PB2|PP755596.1|A/cattle/Texas/24-008749-003/2024(H5N1)	1731	11344
PB2|PP755596.1|A/cattle/Texas/24-008749-003/2024(H5N1)	1732	11345
PB2|PP755596.1|A/cattle/Texas/24-008749-003/2024(H5N1)	1733	11550
PB2|PP755596.1|A/cattle/Texas/24-008749-003/2024(H5N1)	1734	11530
PB2|PP755596.1|A/cattle/Texas/24-008749-003/2024(H5N1)	1735	11545
PB2|PP755596.1|A/cattle/Texas/24-008749-003/2024(H5N1)	1736	11533
PB2|PP755596.1|A/cattle/Texas/24-008749-003/2024(H5N1)	1737	11956
PB2|PP755596.1|A/cattle/Texas/24-008749-003/2024(H5N1)	1738	11951
PB2|PP755596.1|A/cattle/Texas/24-008749-003/2024(H5N1)	1739	11894
PB2|PP755596.1|A/cattle/Texas/24-008749-003/2024(H5N1)	1740	11829
PB2|PP755596.1|A/cattle/Texas/24-008749-003/2024(H5N1)	1741	11822
PB2|PP755596.1|A/cattle/Texas/24-008749-003/2024(H5N1)	1742	11819
PB2|PP755596.1|A/cattle/Texas/24-008749-003/2024(H5N1)	1743	11834
PB2|PP755596.1|A/cattle/Texas/24-008749-003/2024(H5N1)	1744	11970
PB2|PP755596.1|A/cattle/Texas/24-008749-003/2024(H5N1)	1745	12074
PB2|PP755596.1|A/cattle/Texas/24-008749-003/2024(H5N1)	1746	11862
PB2|PP755596.1|A/cattle/Texas/24-008749-003/2024(H5N1)	1747	11888
PB2|PP755596.1|A/cattle/Texas/24-008749-003/2024(H5N1)	1748	11870
PB2|PP755596.1|A/cattle/Texas/24-008749-003/2024(H5N1)	1749	11874
PB2|PP755596.1|A/cattle/Texas/24-008749-003/2024(H5N1)	1750	12105
PB2|PP755596.1|A/cattle/Texas/24-008749-003/2024(H5N1)	1751	11927
PB2|PP755596.1|A/cattle/Texas/24-008749-003/2024(H5N1)	1752	12118
PB2|PP755596.1|A/cattle/Texas/24-008749-003/2024(H5N1)	1753	12148
PB2|PP755596.1|A/cattle/Texas/24-008749-003/2024(H5N1)	1754	12013
PB2|PP755596.1|A/cattle/Texas/24-008749-003/2024(H5N1)	1755	12008
PB2|PP755596.1|A/cattle/Texas/24-008749-003/2024(H5N1)	1756	11982
PB2|PP755596.1|A/cattle/Texas/24-008749-003/2024(H5N1)	1757	11934
PB2|PP755596.1|A/cattle/Texas/24-008749-003/2024(H5N1)	1758	11869
PB2|PP755596.1|A/cattle/Texas/24-008749-003/2024(H5N1)	1759	11848
PB2|PP755596.1|A/cattle/Texas/24-008749-003/2024(H5N1)	1760	11848
PB2|PP755596.1|A/cattle/Texas/24-008749-003/2024(H5N1)	1761	11643
PB2|PP755596.1|A/cattle/Texas/24-008749-003/2024(H5N1)	1762	11687
PB2|PP755596.1|A/cattle/Texas/24-008749-003/2024(H5N1)	1763	11760
PB2|PP755596.1|A/cattle/Texas/24-008749-003/2024(H5N1)	1764	11534
PB2|PP755596.1|A/cattle/Texas/24-008749-003/2024(H5N1)	1765	11499
PB2|PP755596.1|A/cattle/Texas/24-008749-003/2024(H5N1)	1766	11483
PB2|PP755596.1|A/cattle/Texas/24-008749-003/2024(H5N1)	1767	11319
PB2|PP755596.1|A/cattle/Texas/24-008749-003/2024(H5N1)	1768	12353
PB2|PP755596.1|A/cattle/Texas/24-008749-003/2024(H5N1)	1769	12629
PB2|PP755596.1|A/cattle/Texas/24-008749-003/2024(H5N1)	1770	12747
PB2|PP755596.1|A/cattle/Texas/24-008749-003/2024(H5N1)	1771	13084
PB2|PP755596.1|A/cattle/Texas/24-008749-003/2024(H5N1)	1772	13118
PB2|PP755596.1|A/cattle/Texas/24-008749-003/2024(H5N1)	1773	13313
PB2|PP755596.1|A/cattle/Texas/24-008749-003/2024(H5N1)	1774	13338
PB2|PP755596.1|A/cattle/Texas/24-008749-003/2024(H5N1)	1775	13322
PB2|PP755596.1|A/cattle/Texas/24-008749-003/2024(H5N1)	1776	13393
PB2|PP755596.1|A/cattle/Texas/24-008749-003/2024(H5N1)	1777	12400
PB2|PP755596.1|A/cattle/Texas/24-008749-003/2024(H5N1)	1778	12358
PB2|PP755596.1|A/cattle/Texas/24-008749-003/2024(H5N1)	1779	12280
PB2|PP755596.1|A/cattle/Texas/24-008749-003/2024(H5N1)	1780	12365
PB2|PP755596.1|A/cattle/Texas/24-008749-003/2024(H5N1)	1781	12364
PB2|PP755596.1|A/cattle/Texas/24-008749-003/2024(H5N1)	1782	12187
PB2|PP755596.1|A/cattle/Texas/24-008749-003/2024(H5N1)	1783	12595
PB2|PP755596.1|A/cattle/Texas/24-008749-003/2024(H5N1)	1784	12266
PB2|PP755596.1|A/cattle/Texas/24-008749-003/2024(H5N1)	1785	12360
PB2|PP755596.1|A/cattle/Texas/24-008749-003/2024(H5N1)	1786	12367
PB2|PP755596.1|A/cattle/Texas/24-008749-003/2024(H5N1)	1787	12350
PB2|PP755596.1|A/cattle/Texas/24-008749-003/2024(H5N1)	1788	12353
PB2|PP755596.1|A/cattle/Texas/24-008749-003/2024(H5N1)	1789	11764
PB2|PP755596.1|A/cattle/Texas/24-008749-003/2024(H5N1)	1790	11800
PB2|PP755596.1|A/cattle/Texas/24-008749-003/2024(H5N1)	1791	11847
PB2|PP755596.1|A/cattle/Texas/24-008749-003/2024(H5N1)	1792	12010
PB2|PP755596.1|A/cattle/Texas/24-008749-003/2024(H5N1)	1793	11812
PB2|PP755596.1|A/cattle/Texas/24-008749-003/2024(H5N1)	1794	11693
PB2|PP755596.1|A/cattle/Texas/24-008749-003/2024(H5N1)	1795	11886
PB2|PP755596.1|A/cattle/Texas/24-008749-003/2024(H5N1)	1796	11855
PB2|PP755596.1|A/cattle/Texas/24-008749-003/2024(H5N1)	1797	12122
PB2|PP755596.1|A/cattle/Texas/24-008749-003/2024(H5N1)	1798	12146
PB2|PP755596.1|A/cattle/Texas/24-008749-003/2024(H5N1)	1799	12032
PB2|PP755596.1|A/cattle/Texas/24-008749-003/2024(H5N1)	1800	11962
PB2|PP755596.1|A/cattle/Texas/24-008749-003/2024(H5N1)	1801	11964
PB2|PP755596.1|A/cattle/Texas/24-008749-003/2024(H5N1)	1802	11777
PB2|PP755596.1|A/cattle/Texas/24-008749-003/2024(H5N1)	1803	11798
PB2|PP755596.1|A/cattle/Texas/24-008749-003/2024(H5N1)	1804	12012
PB2|PP755596.1|A/cattle/Texas/24-008749-003/2024(H5N1)	1805	11886
PB2|PP755596.1|A/cattle/Texas/24-008749-003/2024(H5N1)	1806	11869
PB2|PP755596.1|A/cattle/Texas/24-008749-003/2024(H5N1)	1807	11863
PB2|PP755596.1|A/cattle/Texas/24-008749-003/2024(H5N1)	1808	12144
PB2|PP755596.1|A/cattle/Texas/24-008749-003/2024(H5N1)	1809	12145
PB2|PP755596.1|A/cattle/Texas/24-008749-003/2024(H5N1)	1810	12067
PB2|PP755596.1|A/cattle/Texas/24-008749-003/2024(H5N1)	1811	12095
PB2|PP755596.1|A/cattle/Texas/24-008749-003/2024(H5N1)	1812	12178
PB2|PP755596.1|A/cattle/Texas/24-008749-003/2024(H5N1)	1813	12209
PB2|PP755596.1|A/cattle/Texas/24-008749-003/2024(H5N1)	1814	12293
PB2|PP755596.1|A/cattle/Texas/24-008749-003/2024(H5N1)	1815	12199
PB2|PP755596.1|A/cattle/Texas/24-008749-003/2024(H5N1)	1816	12251
PB2|PP755596.1|A/cattle/Texas/24-008749-003/2024(H5N1)	1817	12161
PB2|PP755596.1|A/cattle/Texas/24-008749-003/2024(H5N1)	1818	12264
PB2|PP755596.1|A/cattle/Texas/24-008749-003/2024(H5N1)	1819	12167
PB2|PP755596.1|A/cattle/Texas/24-008749-003/2024(H5N1)	1820	12154
PB2|PP755596.1|A/cattle/Texas/24-008749-003/2024(H5N1)	1821	12376
PB2|PP755596.1|A/cattle/Texas/24-008749-003/2024(H5N1)	1822	12369
PB2|PP755596.1|A/cattle/Texas/24-008749-003/2024(H5N1)	1823	12469
PB2|PP755596.1|A/cattle/Texas/24-008749-003/2024(H5N1)	1824	12511
PB2|PP755596.1|A/cattle/Texas/24-008749-003/2024(H5N1)	1825	12619
PB2|PP755596.1|A/cattle/Texas/24-008749-003/2024(H5N1)	1826	12832
PB2|PP755596.1|A/cattle/Texas/24-008749-003/2024(H5N1)	1827	13441
PB2|PP755596.1|A/cattle/Texas/24-008749-003/2024(H5N1)	1828	13491
PB2|PP755596.1|A/cattle/Texas/24-008749-003/2024(H5N1)	1829	13464
PB2|PP755596.1|A/cattle/Texas/24-008749-003/2024(H5N1)	1830	13459
PB2|PP755596.1|A/cattle/Texas/24-008749-003/2024(H5N1)	1831	13453
PB2|PP755596.1|A/cattle/Texas/24-008749-003/2024(H5N1)	1832	13572
PB2|PP755596.1|A/cattle/Texas/24-008749-003/2024(H5N1)	1833	13552
PB2|PP755596.1|A/cattle/Texas/24-008749-003/2024(H5N1)	1834	13441
PB2|PP755596.1|A/cattle/Texas/24-008749-003/2024(H5N1)	1835	13348
PB2|PP755596.1|A/cattle/Texas/24-008749-003/2024(H5N1)	1836	12721
PB2|PP755596.1|A/cattle/Texas/24-008749-003/2024(H5N1)	1837	12924
PB2|PP755596.1|A/cattle/Texas/24-008749-003/2024(H5N1)	1838	12916
PB2|PP755596.1|A/cattle/Texas/24-008749-003/2024(H5N1)	1839	12740
PB2|PP755596.1|A/cattle/Texas/24-008749-003/2024(H5N1)	1840	12773
PB2|PP755596.1|A/cattle/Texas/24-008749-003/2024(H5N1)	1841	12764
PB2|PP755596.1|A/cattle/Texas/24-008749-003/2024(H5N1)	1842	12638
PB2|PP755596.1|A/cattle/Texas/24-008749-003/2024(H5N1)	1843	12900
PB2|PP755596.1|A/cattle/Texas/24-008749-003/2024(H5N1)	1844	13104
PB2|PP755596.1|A/cattle/Texas/24-008749-003/2024(H5N1)	1845	13101
PB2|PP755596.1|A/cattle/Texas/24-008749-003/2024(H5N1)	1846	13056
PB2|PP755596.1|A/cattle/Texas/24-008749-003/2024(H5N1)	1847	13070
PB2|PP755596.1|A/cattle/Texas/24-008749-003/2024(H5N1)	1848	13073
PB2|PP755596.1|A/cattle/Texas/24-008749-003/2024(H5N1)	1849	13187
PB2|PP755596.1|A/cattle/Texas/24-008749-003/2024(H5N1)	1850	13246
PB2|PP755596.1|A/cattle/Texas/24-008749-003/2024(H5N1)	1851	13196
PB2|PP755596.1|A/cattle/Texas/24-008749-003/2024(H5N1)	1852	13198
PB2|PP755596.1|A/cattle/Texas/24-008749-003/2024(H5N1)	1853	13029
PB2|PP755596.1|A/cattle/Texas/24-008749-003/2024(H5N1)	1854	12955
PB2|PP755596.1|A/cattle/Texas/24-008749-003/2024(H5N1)	1855	12988
PB2|PP755596.1|A/cattle/Texas/24-008749-003/2024(H5N1)	1856	12987
PB2|PP755596.1|A/cattle/Texas/24-008749-003/2024(H5N1)	1857	13325
PB2|PP755596.1|A/cattle/Texas/24-008749-003/2024(H5N1)	1858	13026
PB2|PP755596.1|A/cattle/Texas/24-008749-003/2024(H5N1)	1859	13203
PB2|PP755596.1|A/cattle/Texas/24-008749-003/2024(H5N1)	1860	13086
PB2|PP755596.1|A/cattle/Texas/24-008749-003/2024(H5N1)	1861	12854
PB2|PP755596.1|A/cattle/Texas/24-008749-003/2024(H5N1)	1862	12882
PB2|PP755596.1|A/cattle/Texas/24-008749-003/2024(H5N1)	1863	12871
PB2|PP755596.1|A/cattle/Texas/24-008749-003/2024(H5N1)	1864	12822
PB2|PP755596.1|A/cattle/Texas/24-008749-003/2024(H5N1)	1865	12909
PB2|PP755596.1|A/cattle/Texas/24-008749-003/2024(H5N1)	1866	12811
PB2|PP755596.1|A/cattle/Texas/24-008749-003/2024(H5N1)	1867	12810
PB2|PP755596.1|A/cattle/Texas/24-008749-003/2024(H5N1)	1868	12797
PB2|PP755596.1|A/cattle/Texas/24-008749-003/2024(H5N1)	1869	12866
PB2|PP755596.1|A/cattle/Texas/24-008749-003/2024(H5N1)	1870	12932
PB2|PP755596.1|A/cattle/Texas/24-008749-003/2024(H5N1)	1871	13030
PB2|PP755596.1|A/cattle/Texas/24-008749-003/2024(H5N1)	1872	12985
PB2|PP755596.1|A/cattle/Texas/24-008749-003/2024(H5N1)	1873	13101
PB2|PP755596.1|A/cattle/Texas/24-008749-003/2024(H5N1)	1874	13265
PB2|PP755596.1|A/cattle/Texas/24-008749-003/2024(H5N1)	1875	13308
PB2|PP755596.1|A/cattle/Texas/24-008749-003/2024(H5N1)	1876	13285
PB2|PP755596.1|A/cattle/Texas/24-008749-003/2024(H5N1)	1877	13264
PB2|PP755596.1|A/cattle/Texas/24-008749-003/2024(H5N1)	1878	13147
PB2|PP755596.1|A/cattle/Texas/24-008749-003/2024(H5N1)	1879	13396
PB2|PP755596.1|A/cattle/Texas/24-008749-003/2024(H5N1)	1880	13474
PB2|PP755596.1|A/cattle/Texas/24-008749-003/2024(H5N1)	1881	13569
PB2|PP755596.1|A/cattle/Texas/24-008749-003/2024(H5N1)	1882	13583
PB2|PP755596.1|A/cattle/Texas/24-008749-003/2024(H5N1)	1883	13457
PB2|PP755596.1|A/cattle/Texas/24-008749-003/2024(H5N1)	1884	13480
PB2|PP755596.1|A/cattle/Texas/24-008749-003/2024(H5N1)	1885	13455
PB2|PP755596.1|A/cattle/Texas/24-008749-003/2024(H5N1)	1886	13588
PB2|PP755596.1|A/cattle/Texas/24-008749-003/2024(H5N1)	1887	13615
PB2|PP755596.1|A/cattle/Texas/24-008749-003/2024(H5N1)	1888	13148
PB2|PP755596.1|A/cattle/Texas/24-008749-003/2024(H5N1)	1889	13106
PB2|PP755596.1|A/cattle/Texas/24-008749-003/2024(H5N1)	1890	13085
PB2|PP755596.1|A/cattle/Texas/24-008749-003/2024(H5N1)	1891	13266
PB2|PP755596.1|A/cattle/Texas/24-008749-003/2024(H5N1)	1892	13286
PB2|PP755596.1|A/cattle/Texas/24-008749-003/2024(H5N1)	1893	13246
PB2|PP755596.1|A/cattle/Texas/24-008749-003/2024(H5N1)	1894	13309
PB2|PP755596.1|A/cattle/Texas/24-008749-003/2024(H5N1)	1895	13180
PB2|PP755596.1|A/cattle/Texas/24-008749-003/2024(H5N1)	1896	13294
PB2|PP755596.1|A/cattle/Texas/24-008749-003/2024(H5N1)	1897	13301
PB2|PP755596.1|A/cattle/Texas/24-008749-003/2024(H5N1)	1898	13245
PB2|PP755596.1|A/cattle/Texas/24-008749-003/2024(H5N1)	1899	13230
PB2|PP755596.1|A/cattle/Texas/24-008749-003/2024(H5N1)	1900	12944
PB2|PP755596.1|A/cattle/Texas/24-008749-003/2024(H5N1)	1901	13022
PB2|PP755596.1|A/cattle/Texas/24-008749-003/2024(H5N1)	1902	12786
PB2|PP755596.1|A/cattle/Texas/24-008749-003/2024(H5N1)	1903	12701
PB2|PP755596.1|A/cattle/Texas/24-008749-003/2024(H5N1)	1904	12680
PB2|PP755596.1|A/cattle/Texas/24-008749-003/2024(H5N1)	1905	12506
PB2|PP755596.1|A/cattle/Texas/24-008749-003/2024(H5N1)	1906	12607
PB2|PP755596.1|A/cattle/Texas/24-008749-003/2024(H5N1)	1907	12598
PB2|PP755596.1|A/cattle/Texas/24-008749-003/2024(H5N1)	1908	12701
PB2|PP755596.1|A/cattle/Texas/24-008749-003/2024(H5N1)	1909	12942
PB2|PP755596.1|A/cattle/Texas/24-008749-003/2024(H5N1)	1910	13146
PB2|PP755596.1|A/cattle/Texas/24-008749-003/2024(H5N1)	1911	13489
PB2|PP755596.1|A/cattle/Texas/24-008749-003/2024(H5N1)	1912	13585
PB2|PP755596.1|A/cattle/Texas/24-008749-003/2024(H5N1)	1913	13644
PB2|PP755596.1|A/cattle/Texas/24-008749-003/2024(H5N1)	1914	13594
PB2|PP755596.1|A/cattle/Texas/24-008749-003/2024(H5N1)	1915	13653
PB2|PP755596.1|A/cattle/Texas/24-008749-003/2024(H5N1)	1916	13779
PB2|PP755596.1|A/cattle/Texas/24-008749-003/2024(H5N1)	1917	13753
PB2|PP755596.1|A/cattle/Texas/24-008749-003/2024(H5N1)	1918	13771
PB2|PP755596.1|A/cattle/Texas/24-008749-003/2024(H5N1)	1919	12684
PB2|PP755596.1|A/cattle/Texas/24-008749-003/2024(H5N1)	1920	12682
PB2|PP755596.1|A/cattle/Texas/24-008749-003/2024(H5N1)	1921	12559
PB2|PP755596.1|A/cattle/Texas/24-008749-003/2024(H5N1)	1922	12567
PB2|PP755596.1|A/cattle/Texas/24-008749-003/2024(H5N1)	1923	12676
PB2|PP755596.1|A/cattle/Texas/24-008749-003/2024(H5N1)	1924	12538
PB2|PP755596.1|A/cattle/Texas/24-008749-003/2024(H5N1)	1925	12928
PB2|PP755596.1|A/cattle/Texas/24-008749-003/2024(H5N1)	1926	13347
PB2|PP755596.1|A/cattle/Texas/24-008749-003/2024(H5N1)	1927	13359
PB2|PP755596.1|A/cattle/Texas/24-008749-003/2024(H5N1)	1928	13324
PB2|PP755596.1|A/cattle/Texas/24-008749-003/2024(H5N1)	1929	13314
PB2|PP755596.1|A/cattle/Texas/24-008749-003/2024(H5N1)	1930	13497
PB2|PP755596.1|A/cattle/Texas/24-008749-003/2024(H5N1)	1931	13502
PB2|PP755596.1|A/cattle/Texas/24-008749-003/2024(H5N1)	1932	13502
PB2|PP755596.1|A/cattle/Texas/24-008749-003/2024(H5N1)	1933	13506
PB2|PP755596.1|A/cattle/Texas/24-008749-003/2024(H5N1)	1934	13258
PB2|PP755596.1|A/cattle/Texas/24-008749-003/2024(H5N1)	1935	13262
PB2|PP755596.1|A/cattle/Texas/24-008749-003/2024(H5N1)	1936	13181
PB2|PP755596.1|A/cattle/Texas/24-008749-003/2024(H5N1)	1937	13361
PB2|PP755596.1|A/cattle/Texas/24-008749-003/2024(H5N1)	1938	13339
PB2|PP755596.1|A/cattle/Texas/24-008749-003/2024(H5N1)	1939	13314
PB2|PP755596.1|A/cattle/Texas/24-008749-003/2024(H5N1)	1940	13304
PB2|PP755596.1|A/cattle/Texas/24-008749-003/2024(H5N1)	1941	13233
PB2|PP755596.1|A/cattle/Texas/24-008749-003/2024(H5N1)	1942	12993
PB2|PP755596.1|A/cattle/Texas/24-008749-003/2024(H5N1)	1943	12778
PB2|PP755596.1|A/cattle/Texas/24-008749-003/2024(H5N1)	1944	12756
PB2|PP755596.1|A/cattle/Texas/24-008749-003/2024(H5N1)	1945	12384
PB2|PP755596.1|A/cattle/Texas/24-008749-003/2024(H5N1)	1946	11967
PB2|PP755596.1|A/cattle/Texas/24-008749-003/2024(H5N1)	1947	11964
PB2|PP755596.1|A/cattle/Texas/24-008749-003/2024(H5N1)	1948	12473
PB2|PP755596.1|A/cattle/Texas/24-008749-003/2024(H5N1)	1949	12506
PB2|PP755596.1|A/cattle/Texas/24-008749-003/2024(H5N1)	1950	12558
PB2|PP755596.1|A/cattle/Texas/24-008749-003/2024(H5N1)	1951	12600
PB2|PP755596.1|A/cattle/Texas/24-008749-003/2024(H5N1)	1952	12596
PB2|PP755596.1|A/cattle/Texas/24-008749-003/2024(H5N1)	1953	12337
PB2|PP755596.1|A/cattle/Texas/24-008749-003/2024(H5N1)	1954	12308
PB2|PP755596.1|A/cattle/Texas/24-008749-003/2024(H5N1)	1955	12412
PB2|PP755596.1|A/cattle/Texas/24-008749-003/2024(H5N1)	1956	12521
PB2|PP755596.1|A/cattle/Texas/24-008749-003/2024(H5N1)	1957	12431
PB2|PP755596.1|A/cattle/Texas/24-008749-003/2024(H5N1)	1958	12385
PB2|PP755596.1|A/cattle/Texas/24-008749-003/2024(H5N1)	1959	12365
PB2|PP755596.1|A/cattle/Texas/24-008749-003/2024(H5N1)	1960	12400
PB2|PP755596.1|A/cattle/Texas/24-008749-003/2024(H5N1)	1961	12393
PB2|PP755596.1|A/cattle/Texas/24-008749-003/2024(H5N1)	1962	12281
PB2|PP755596.1|A/cattle/Texas/24-008749-003/2024(H5N1)	1963	12583
PB2|PP755596.1|A/cattle/Texas/24-008749-003/2024(H5N1)	1964	12595
PB2|PP755596.1|A/cattle/Texas/24-008749-003/2024(H5N1)	1965	12809
PB2|PP755596.1|A/cattle/Texas/24-008749-003/2024(H5N1)	1966	12925
PB2|PP755596.1|A/cattle/Texas/24-008749-003/2024(H5N1)	1967	12915
PB2|PP755596.1|A/cattle/Texas/24-008749-003/2024(H5N1)	1968	12900
PB2|PP755596.1|A/cattle/Texas/24-008749-003/2024(H5N1)	1969	12891
PB2|PP755596.1|A/cattle/Texas/24-008749-003/2024(H5N1)	1970	12978
PB2|PP755596.1|A/cattle/Texas/24-008749-003/2024(H5N1)	1971	12995
PB2|PP755596.1|A/cattle/Texas/24-008749-003/2024(H5N1)	1972	13295
PB2|PP755596.1|A/cattle/Texas/24-008749-003/2024(H5N1)	1973	13302
PB2|PP755596.1|A/cattle/Texas/24-008749-003/2024(H5N1)	1974	13398
PB2|PP755596.1|A/cattle/Texas/24-008749-003/2024(H5N1)	1975	13388
PB2|PP755596.1|A/cattle/Texas/24-008749-003/2024(H5N1)	1976	13290
PB2|PP755596.1|A/cattle/Texas/24-008749-003/2024(H5N1)	1977	13004
PB2|PP755596.1|A/cattle/Texas/24-008749-003/2024(H5N1)	1978	12903
PB2|PP755596.1|A/cattle/Texas/24-008749-003/2024(H5N1)	1979	12850
PB2|PP755596.1|A/cattle/Texas/24-008749-003/2024(H5N1)	1980	12891
PB2|PP755596.1|A/cattle/Texas/24-008749-003/2024(H5N1)	1981	13042
PB2|PP755596.1|A/cattle/Texas/24-008749-003/2024(H5N1)	1982	13162
PB2|PP755596.1|A/cattle/Texas/24-008749-003/2024(H5N1)	1983	12996
PB2|PP755596.1|A/cattle/Texas/24-008749-003/2024(H5N1)	1984	13167
PB2|PP755596.1|A/cattle/Texas/24-008749-003/2024(H5N1)	1985	13246
PB2|PP755596.1|A/cattle/Texas/24-008749-003/2024(H5N1)	1986	13244
PB2|PP755596.1|A/cattle/Texas/24-008749-003/2024(H5N1)	1987	13692
PB2|PP755596.1|A/cattle/Texas/24-008749-003/2024(H5N1)	1988	13479
PB2|PP755596.1|A/cattle/Texas/24-008749-003/2024(H5N1)	1989	13529
PB2|PP755596.1|A/cattle/Texas/24-008749-003/2024(H5N1)	1990	13372
PB2|PP755596.1|A/cattle/Texas/24-008749-003/2024(H5N1)	1991	13598
PB2|PP755596.1|A/cattle/Texas/24-008749-003/2024(H5N1)	1992	13654
PB2|PP755596.1|A/cattle/Texas/24-008749-003/2024(H5N1)	1993	13502
PB2|PP755596.1|A/cattle/Texas/24-008749-003/2024(H5N1)	1994	13494
PB2|PP755596.1|A/cattle/Texas/24-008749-003/2024(H5N1)	1995	13484
PB2|PP755596.1|A/cattle/Texas/24-008749-003/2024(H5N1)	1996	13446
PB2|PP755596.1|A/cattle/Texas/24-008749-003/2024(H5N1)	1997	13424
PB2|PP755596.1|A/cattle/Texas/24-008749-003/2024(H5N1)	1998	13346
PB2|PP755596.1|A/cattle/Texas/24-008749-003/2024(H5N1)	1999	13581
PB2|PP755596.1|A/cattle/Texas/24-008749-003/2024(H5N1)	2000	13436
PB2|PP755596.1|A/cattle/Texas/24-008749-003/2024(H5N1)	2001	13381
PB2|PP755596.1|A/cattle/Texas/24-008749-003/2024(H5N1)	2002	13397
PB2|PP755596.1|A/cattle/Texas/24-008749-003/2024(H5N1)	2003	13347
PB2|PP755596.1|A/cattle/Texas/24-008749-003/2024(H5N1)	2004	13332
PB2|PP755596.1|A/cattle/Texas/24-008749-003/2024(H5N1)	2005	13294
PB2|PP755596.1|A/cattle/Texas/24-008749-003/2024(H5N1)	2006	13298
PB2|PP755596.1|A/cattle/Texas/24-008749-003/2024(H5N1)	2007	13373
PB2|PP755596.1|A/cattle/Texas/24-008749-003/2024(H5N1)	2008	13015
PB2|PP755596.1|A/cattle/Texas/24-008749-003/2024(H5N1)	2009	12990
PB2|PP755596.1|A/cattle/Texas/24-008749-003/2024(H5N1)	2010	12948
PB2|PP755596.1|A/cattle/Texas/24-008749-003/2024(H5N1)	2011	12929
PB2|PP755596.1|A/cattle/Texas/24-008749-003/2024(H5N1)	2012	13135
PB2|PP755596.1|A/cattle/Texas/24-008749-003/2024(H5N1)	2013	13119
PB2|PP755596.1|A/cattle/Texas/24-008749-003/2024(H5N1)	2014	13115
PB2|PP755596.1|A/cattle/Texas/24-008749-003/2024(H5N1)	2015	13162
PB2|PP755596.1|A/cattle/Texas/24-008749-003/2024(H5N1)	2016	13110
PB2|PP755596.1|A/cattle/Texas/24-008749-003/2024(H5N1)	2017	13149
PB2|PP755596.1|A/cattle/Texas/24-008749-003/2024(H5N1)	2018	13273
PB2|PP755596.1|A/cattle/Texas/24-008749-003/2024(H5N1)	2019	13190
PB2|PP755596.1|A/cattle/Texas/24-008749-003/2024(H5N1)	2020	13129
PB2|PP755596.1|A/cattle/Texas/24-008749-003/2024(H5N1)	2021	13133
PB2|PP755596.1|A/cattle/Texas/24-008749-003/2024(H5N1)	2022	13110
PB2|PP755596.1|A/cattle/Texas/24-008749-003/2024(H5N1)	2023	13195
PB2|PP755596.1|A/cattle/Texas/24-008749-003/2024(H5N1)	2024	13023
PB2|PP755596.1|A/cattle/Texas/24-008749-003/2024(H5N1)	2025	12900
PB2|PP755596.1|A/cattle/Texas/24-008749-003/2024(H5N1)	2026	12757
PB2|PP755596.1|A/cattle/Texas/24-008749-003/2024(H5N1)	2027	12840
PB2|PP755596.1|A/cattle/Texas/24-008749-003/2024(H5N1)	2028	12966
PB2|PP755596.1|A/cattle/Texas/24-008749-003/2024(H5N1)	2029	12899
PB2|PP755596.1|A/cattle/Texas/24-008749-003/2024(H5N1)	2030	12753
PB2|PP755596.1|A/cattle/Texas/24-008749-003/2024(H5N1)	2031	12749
PB2|PP755596.1|A/cattle/Texas/24-008749-003/2024(H5N1)	2032	12733
PB2|PP755596.1|A/cattle/Texas/24-008749-003/2024(H5N1)	2033	12827
PB2|PP755596.1|A/cattle/Texas/24-008749-003/2024(H5N1)	2034	12718
PB2|PP755596.1|A/cattle/Texas/24-008749-003/2024(H5N1)	2035	12678
PB2|PP755596.1|A/cattle/Texas/24-008749-003/2024(H5N1)	2036	12525
PB2|PP755596.1|A/cattle/Texas/24-008749-003/2024(H5N1)	2037	12512
PB2|PP755596.1|A/cattle/Texas/24-008749-003/2024(H5N1)	2038	12762
PB2|PP755596.1|A/cattle/Texas/24-008749-003/2024(H5N1)	2039	12822
PB2|PP755596.1|A/cattle/Texas/24-008749-003/2024(H5N1)	2040	12818
PB2|PP755596.1|A/cattle/Texas/24-008749-003/2024(H5N1)	2041	12775
PB2|PP755596.1|A/cattle/Texas/24-008749-003/2024(H5N1)	2042	12640
PB2|PP755596.1|A/cattle/Texas/24-008749-003/2024(H5N1)	2043	12693
PB2|PP755596.1|A/cattle/Texas/24-008749-003/2024(H5N1)	2044	12738
PB2|PP755596.1|A/cattle/Texas/24-008749-003/2024(H5N1)	2045	12821
PB2|PP755596.1|A/cattle/Texas/24-008749-003/2024(H5N1)	2046	12926
PB2|PP755596.1|A/cattle/Texas/24-008749-003/2024(H5N1)	2047	12777
PB2|PP755596.1|A/cattle/Texas/24-008749-003/2024(H5N1)	2048	12839
PB2|PP755596.1|A/cattle/Texas/24-008749-003/2024(H5N1)	2049	12846
PB2|PP755596.1|A/cattle/Texas/24-008749-003/2024(H5N1)	2050	12978
PB2|PP755596.1|A/cattle/Texas/24-008749-003/2024(H5N1)	2051	13150
PB2|PP755596.1|A/cattle/Texas/24-008749-003/2024(H5N1)	2052	13521
PB2|PP755596.1|A/cattle/Texas/24-008749-003/2024(H5N1)	2053	13846
PB2|PP755596.1|A/cattle/Texas/24-008749-003/2024(H5N1)	2054	13989
PB2|PP755596.1|A/cattle/Texas/24-008749-003/2024(H5N1)	2055	13960
PB2|PP755596.1|A/cattle/Texas/24-008749-003/2024(H5N1)	2056	13967
PB2|PP755596.1|A/cattle/Texas/24-008749-003/2024(H5N1)	2057	13847
PB2|PP755596.1|A/cattle/Texas/24-008749-003/2024(H5N1)	2058	13762
PB2|PP755596.1|A/cattle/Texas/24-008749-003/2024(H5N1)	2059	13817
PB2|PP755596.1|A/cattle/Texas/24-008749-003/2024(H5N1)	2060	13639
PB2|PP755596.1|A/cattle/Texas/24-008749-003/2024(H5N1)	2061	13451
PB2|PP755596.1|A/cattle/Texas/24-008749-003/2024(H5N1)	2062	12979
PB2|PP755596.1|A/cattle/Texas/24-008749-003/2024(H5N1)	2063	12881
PB2|PP755596.1|A/cattle/Texas/24-008749-003/2024(H5N1)	2064	12858
PB2|PP755596.1|A/cattle/Texas/24-008749-003/2024(H5N1)	2065	12853
PB2|PP755596.1|A/cattle/Texas/24-008749-003/2024(H5N1)	2066	12859
PB2|PP755596.1|A/cattle/Texas/24-008749-003/2024(H5N1)	2067	12767
PB2|PP755596.1|A/cattle/Texas/24-008749-003/2024(H5N1)	2068	13324
PB2|PP755596.1|A/cattle/Texas/24-008749-003/2024(H5N1)	2069	13249
PB2|PP755596.1|A/cattle/Texas/24-008749-003/2024(H5N1)	2070	13311
PB2|PP755596.1|A/cattle/Texas/24-008749-003/2024(H5N1)	2071	13259
PB2|PP755596.1|A/cattle/Texas/24-008749-003/2024(H5N1)	2072	13121
PB2|PP755596.1|A/cattle/Texas/24-008749-003/2024(H5N1)	2073	13152
PB2|PP755596.1|A/cattle/Texas/24-008749-003/2024(H5N1)	2074	13122
PB2|PP755596.1|A/cattle/Texas/24-008749-003/2024(H5N1)	2075	13132
PB2|PP755596.1|A/cattle/Texas/24-008749-003/2024(H5N1)	2076	13007
PB2|PP755596.1|A/cattle/Texas/24-008749-003/2024(H5N1)	2077	12528
PB2|PP755596.1|A/cattle/Texas/24-008749-003/2024(H5N1)	2078	12512
PB2|PP755596.1|A/cattle/Texas/24-008749-003/2024(H5N1)	2079	12598
PB2|PP755596.1|A/cattle/Texas/24-008749-003/2024(H5N1)	2080	13386
PB2|PP755596.1|A/cattle/Texas/24-008749-003/2024(H5N1)	2081	13286
PB2|PP755596.1|A/cattle/Texas/24-008749-003/2024(H5N1)	2082	13371
PB2|PP755596.1|A/cattle/Texas/24-008749-003/2024(H5N1)	2083	13257
PB2|PP755596.1|A/cattle/Texas/24-008749-003/2024(H5N1)	2084	13250
PB2|PP755596.1|A/cattle/Texas/24-008749-003/2024(H5N1)	2085	13259
PB2|PP755596.1|A/cattle/Texas/24-008749-003/2024(H5N1)	2086	13322
PB2|PP755596.1|A/cattle/Texas/24-008749-003/2024(H5N1)	2087	13318
PB2|PP755596.1|A/cattle/Texas/24-008749-003/2024(H5N1)	2088	13524
PB2|PP755596.1|A/cattle/Texas/24-008749-003/2024(H5N1)	2089	13513
PB2|PP755596.1|A/cattle/Texas/24-008749-003/2024(H5N1)	2090	13404
PB2|PP755596.1|A/cattle/Texas/24-008749-003/2024(H5N1)	2091	13407
PB2|PP755596.1|A/cattle/Texas/24-008749-003/2024(H5N1)	2092	13395
PB2|PP755596.1|A/cattle/Texas/24-008749-003/2024(H5N1)	2093	13418
PB2|PP755596.1|A/cattle/Texas/24-008749-003/2024(H5N1)	2094	13119
PB2|PP755596.1|A/cattle/Texas/24-008749-003/2024(H5N1)	2095	13116
PB2|PP755596.1|A/cattle/Texas/24-008749-003/2024(H5N1)	2096	13452
PB2|PP755596.1|A/cattle/Texas/24-008749-003/2024(H5N1)	2097	13449
PB2|PP755596.1|A/cattle/Texas/24-008749-003/2024(H5N1)	2098	13535
PB2|PP755596.1|A/cattle/Texas/24-008749-003/2024(H5N1)	2099	13831
PB2|PP755596.1|A/cattle/Texas/24-008749-003/2024(H5N1)	2100	13845
PB2|PP755596.1|A/cattle/Texas/24-008749-003/2024(H5N1)	2101	13883
PB2|PP755596.1|A/cattle/Texas/24-008749-003/2024(H5N1)	2102	13854
PB2|PP755596.1|A/cattle/Texas/24-008749-003/2024(H5N1)	2103	13862
PB2|PP755596.1|A/cattle/Texas/24-008749-003/2024(H5N1)	2104	13847
PB2|PP755596.1|A/cattle/Texas/24-008749-003/2024(H5N1)	2105	13830
PB2|PP755596.1|A/cattle/Texas/24-008749-003/2024(H5N1)	2106	13796
PB2|PP755596.1|A/cattle/Texas/24-008749-003/2024(H5N1)	2107	13792
PB2|PP755596.1|A/cattle/Texas/24-008749-003/2024(H5N1)	2108	13833
PB2|PP755596.1|A/cattle/Texas/24-008749-003/2024(H5N1)	2109	13867
PB2|PP755596.1|A/cattle/Texas/24-008749-003/2024(H5N1)	2110	13800
PB2|PP755596.1|A/cattle/Texas/24-008749-003/2024(H5N1)	2111	13759
PB2|PP755596.1|A/cattle/Texas/24-008749-003/2024(H5N1)	2112	13653
PB2|PP755596.1|A/cattle/Texas/24-008749-003/2024(H5N1)	2113	13653
PB2|PP755596.1|A/cattle/Texas/24-008749-003/2024(H5N1)	2114	13847
PB2|PP755596.1|A/cattle/Texas/24-008749-003/2024(H5N1)	2115	13769
PB2|PP755596.1|A/cattle/Texas/24-008749-003/2024(H5N1)	2116	13681
PB2|PP755596.1|A/cattle/Texas/24-008749-003/2024(H5N1)	2117	13582
PB2|PP755596.1|A/cattle/Texas/24-008749-003/2024(H5N1)	2118	13419
PB2|PP755596.1|A/cattle/Texas/24-008749-003/2024(H5N1)	2119	13233
PB2|PP755596.1|A/cattle/Texas/24-008749-003/2024(H5N1)	2120	13095
PB2|PP755596.1|A/cattle/Texas/24-008749-003/2024(H5N1)	2121	13015
PB2|PP755596.1|A/cattle/Texas/24-008749-003/2024(H5N1)	2122	13018
PB2|PP755596.1|A/cattle/Texas/24-008749-003/2024(H5N1)	2123	12328
PB2|PP755596.1|A/cattle/Texas/24-008749-003/2024(H5N1)	2124	12407
PB2|PP755596.1|A/cattle/Texas/24-008749-003/2024(H5N1)	2125	12276
PB2|PP755596.1|A/cattle/Texas/24-008749-003/2024(H5N1)	2126	12328
PB2|PP755596.1|A/cattle/Texas/24-008749-003/2024(H5N1)	2127	12400
PB2|PP755596.1|A/cattle/Texas/24-008749-003/2024(H5N1)	2128	12164
PB2|PP755596.1|A/cattle/Texas/24-008749-003/2024(H5N1)	2129	12428
PB2|PP755596.1|A/cattle/Texas/24-008749-003/2024(H5N1)	2130	12505
PB2|PP755596.1|A/cattle/Texas/24-008749-003/2024(H5N1)	2131	12509
PB2|PP755596.1|A/cattle/Texas/24-008749-003/2024(H5N1)	2132	12510
PB2|PP755596.1|A/cattle/Texas/24-008749-003/2024(H5N1)	2133	12454
PB2|PP755596.1|A/cattle/Texas/24-008749-003/2024(H5N1)	2134	13068
PB2|PP755596.1|A/cattle/Texas/24-008749-003/2024(H5N1)	2135	12911
PB2|PP755596.1|A/cattle/Texas/24-008749-003/2024(H5N1)	2136	12874
PB2|PP755596.1|A/cattle/Texas/24-008749-003/2024(H5N1)	2137	12820
PB2|PP755596.1|A/cattle/Texas/24-008749-003/2024(H5N1)	2138	12589
PB2|PP755596.1|A/cattle/Texas/24-008749-003/2024(H5N1)	2139	12684
PB2|PP755596.1|A/cattle/Texas/24-008749-003/2024(H5N1)	2140	12675
PB2|PP755596.1|A/cattle/Texas/24-008749-003/2024(H5N1)	2141	12673
PB2|PP755596.1|A/cattle/Texas/24-008749-003/2024(H5N1)	2142	12477
PB2|PP755596.1|A/cattle/Texas/24-008749-003/2024(H5N1)	2143	12373
PB2|PP755596.1|A/cattle/Texas/24-008749-003/2024(H5N1)	2144	12372
PB2|PP755596.1|A/cattle/Texas/24-008749-003/2024(H5N1)	2145	12286
PB2|PP755596.1|A/cattle/Texas/24-008749-003/2024(H5N1)	2146	12226
PB2|PP755596.1|A/cattle/Texas/24-008749-003/2024(H5N1)	2147	12225
PB2|PP755596.1|A/cattle/Texas/24-008749-003/2024(H5N1)	2148	12458
PB2|PP755596.1|A/cattle/Texas/24-008749-003/2024(H5N1)	2149	12457
PB2|PP755596.1|A/cattle/Texas/24-008749-003/2024(H5N1)	2150	12478
PB2|PP755596.1|A/cattle/Texas/24-008749-003/2024(H5N1)	2151	12479
PB2|PP755596.1|A/cattle/Texas/24-008749-003/2024(H5N1)	2152	12465
PB2|PP755596.1|A/cattle/Texas/24-008749-003/2024(H5N1)	2153	12219
PB2|PP755596.1|A/cattle/Texas/24-008749-003/2024(H5N1)	2154	12272
PB2|PP755596.1|A/cattle/Texas/24-008749-003/2024(H5N1)	2155	12342
PB2|PP755596.1|A/cattle/Texas/24-008749-003/2024(H5N1)	2156	12347
PB2|PP755596.1|A/cattle/Texas/24-008749-003/2024(H5N1)	2157	12232
PB2|PP755596.1|A/cattle/Texas/24-008749-003/2024(H5N1)	2158	12245
PB2|PP755596.1|A/cattle/Texas/24-008749-003/2024(H5N1)	2159	12264
PB2|PP755596.1|A/cattle/Texas/24-008749-003/2024(H5N1)	2160	12269
PB2|PP755596.1|A/cattle/Texas/24-008749-003/2024(H5N1)	2161	12524
PB2|PP755596.1|A/cattle/Texas/24-008749-003/2024(H5N1)	2162	12446
PB2|PP755596.1|A/cattle/Texas/24-008749-003/2024(H5N1)	2163	12423
PB2|PP755596.1|A/cattle/Texas/24-008749-003/2024(H5N1)	2164	14416
PB2|PP755596.1|A/cattle/Texas/24-008749-003/2024(H5N1)	2165	14546
PB2|PP755596.1|A/cattle/Texas/24-008749-003/2024(H5N1)	2166	14512
PB2|PP755596.1|A/cattle/Texas/24-008749-003/2024(H5N1)	2167	14461
PB2|PP755596.1|A/cattle/Texas/24-008749-003/2024(H5N1)	2168	14603
PB2|PP755596.1|A/cattle/Texas/24-008749-003/2024(H5N1)	2169	14580
PB2|PP755596.1|A/cattle/Texas/24-008749-003/2024(H5N1)	2170	14701
PB2|PP755596.1|A/cattle/Texas/24-008749-003/2024(H5N1)	2171	14622
PB2|PP755596.1|A/cattle/Texas/24-008749-003/2024(H5N1)	2172	14293
PB2|PP755596.1|A/cattle/Texas/24-008749-003/2024(H5N1)	2173	14307
PB2|PP755596.1|A/cattle/Texas/24-008749-003/2024(H5N1)	2174	14143
PB2|PP755596.1|A/cattle/Texas/24-008749-003/2024(H5N1)	2175	14160
PB2|PP755596.1|A/cattle/Texas/24-008749-003/2024(H5N1)	2176	14058
PB2|PP755596.1|A/cattle/Texas/24-008749-003/2024(H5N1)	2177	14023
PB2|PP755596.1|A/cattle/Texas/24-008749-003/2024(H5N1)	2178	13921
PB2|PP755596.1|A/cattle/Texas/24-008749-003/2024(H5N1)	2179	13770
PB2|PP755596.1|A/cattle/Texas/24-008749-003/2024(H5N1)	2180	13748
PB2|PP755596.1|A/cattle/Texas/24-008749-003/2024(H5N1)	2181	13746
PB2|PP755596.1|A/cattle/Texas/24-008749-003/2024(H5N1)	2182	13658
PB2|PP755596.1|A/cattle/Texas/24-008749-003/2024(H5N1)	2183	13655
PB2|PP755596.1|A/cattle/Texas/24-008749-003/2024(H5N1)	2184	13580
PB2|PP755596.1|A/cattle/Texas/24-008749-003/2024(H5N1)	2185	13596
PB2|PP755596.1|A/cattle/Texas/24-008749-003/2024(H5N1)	2186	13648
PB2|PP755596.1|A/cattle/Texas/24-008749-003/2024(H5N1)	2187	13640
PB2|PP755596.1|A/cattle/Texas/24-008749-003/2024(H5N1)	2188	13560
PB2|PP755596.1|A/cattle/Texas/24-008749-003/2024(H5N1)	2189	13412
PB2|PP755596.1|A/cattle/Texas/24-008749-003/2024(H5N1)	2190	13372
PB2|PP755596.1|A/cattle/Texas/24-008749-003/2024(H5N1)	2191	13378
PB2|PP755596.1|A/cattle/Texas/24-008749-003/2024(H5N1)	2192	13354
PB2|PP755596.1|A/cattle/Texas/24-008749-003/2024(H5N1)	2193	13357
PB2|PP755596.1|A/cattle/Texas/24-008749-003/2024(H5N1)	2194	13328
PB2|PP755596.1|A/cattle/Texas/24-008749-003/2024(H5N1)	2195	13118
PB2|PP755596.1|A/cattle/Texas/24-008749-003/2024(H5N1)	2196	13103
PB2|PP755596.1|A/cattle/Texas/24-008749-003/2024(H5N1)	2197	12868
PB2|PP755596.1|A/cattle/Texas/24-008749-003/2024(H5N1)	2198	12837
PB2|PP755596.1|A/cattle/Texas/24-008749-003/2024(H5N1)	2199	12737
PB2|PP755596.1|A/cattle/Texas/24-008749-003/2024(H5N1)	2200	12689
PB2|PP755596.1|A/cattle/Texas/24-008749-003/2024(H5N1)	2201	12545
PB2|PP755596.1|A/cattle/Texas/24-008749-003/2024(H5N1)	2202	12328
PB2|PP755596.1|A/cattle/Texas/24-008749-003/2024(H5N1)	2203	12254
PB2|PP755596.1|A/cattle/Texas/24-008749-003/2024(H5N1)	2204	11893
PB2|PP755596.1|A/cattle/Texas/24-008749-003/2024(H5N1)	2205	11796
PB2|PP755596.1|A/cattle/Texas/24-008749-003/2024(H5N1)	2206	11779
PB2|PP755596.1|A/cattle/Texas/24-008749-003/2024(H5N1)	2207	11730
PB2|PP755596.1|A/cattle/Texas/24-008749-003/2024(H5N1)	2208	11717
PB2|PP755596.1|A/cattle/Texas/24-008749-003/2024(H5N1)	2209	11637
PB2|PP755596.1|A/cattle/Texas/24-008749-003/2024(H5N1)	2210	11632
PB2|PP755596.1|A/cattle/Texas/24-008749-003/2024(H5N1)	2211	11555
PB2|PP755596.1|A/cattle/Texas/24-008749-003/2024(H5N1)	2212	11539
PB2|PP755596.1|A/cattle/Texas/24-008749-003/2024(H5N1)	2213	11535
PB2|PP755596.1|A/cattle/Texas/24-008749-003/2024(H5N1)	2214	11446
PB2|PP755596.1|A/cattle/Texas/24-008749-003/2024(H5N1)	2215	11415
PB2|PP755596.1|A/cattle/Texas/24-008749-003/2024(H5N1)	2216	11408
PB2|PP755596.1|A/cattle/Texas/24-008749-003/2024(H5N1)	2217	11425
PB2|PP755596.1|A/cattle/Texas/24-008749-003/2024(H5N1)	2218	11414
PB2|PP755596.1|A/cattle/Texas/24-008749-003/2024(H5N1)	2219	10938
PB2|PP755596.1|A/cattle/Texas/24-008749-003/2024(H5N1)	2220	10898
PB2|PP755596.1|A/cattle/Texas/24-008749-003/2024(H5N1)	2221	10860
PB2|PP755596.1|A/cattle/Texas/24-008749-003/2024(H5N1)	2222	10984
PB2|PP755596.1|A/cattle/Texas/24-008749-003/2024(H5N1)	2223	10983
PB2|PP755596.1|A/cattle/Texas/24-008749-003/2024(H5N1)	2224	10973
PB2|PP755596.1|A/cattle/Texas/24-008749-003/2024(H5N1)	2225	10975
PB2|PP755596.1|A/cattle/Texas/24-008749-003/2024(H5N1)	2226	10787
PB2|PP755596.1|A/cattle/Texas/24-008749-003/2024(H5N1)	2227	10766
PB2|PP755596.1|A/cattle/Texas/24-008749-003/2024(H5N1)	2228	10704
PB2|PP755596.1|A/cattle/Texas/24-008749-003/2024(H5N1)	2229	10488
PB2|PP755596.1|A/cattle/Texas/24-008749-003/2024(H5N1)	2230	10496
PB2|PP755596.1|A/cattle/Texas/24-008749-003/2024(H5N1)	2231	9448
PB2|PP755596.1|A/cattle/Texas/24-008749-003/2024(H5N1)	2232	9447
PB2|PP755596.1|A/cattle/Texas/24-008749-003/2024(H5N1)	2233	9309
PB2|PP755596.1|A/cattle/Texas/24-008749-003/2024(H5N1)	2234	9271
PB2|PP755596.1|A/cattle/Texas/24-008749-003/2024(H5N1)	2235	9239
PB2|PP755596.1|A/cattle/Texas/24-008749-003/2024(H5N1)	2236	9235
PB2|PP755596.1|A/cattle/Texas/24-008749-003/2024(H5N1)	2237	9103
PB2|PP755596.1|A/cattle/Texas/24-008749-003/2024(H5N1)	2238	9135
PB2|PP755596.1|A/cattle/Texas/24-008749-003/2024(H5N1)	2239	8691
PB2|PP755596.1|A/cattle/Texas/24-008749-003/2024(H5N1)	2240	8713
PB2|PP755596.1|A/cattle/Texas/24-008749-003/2024(H5N1)	2241	8691
PB2|PP755596.1|A/cattle/Texas/24-008749-003/2024(H5N1)	2242	8675
PB2|PP755596.1|A/cattle/Texas/24-008749-003/2024(H5N1)	2243	8637
PB2|PP755596.1|A/cattle/Texas/24-008749-003/2024(H5N1)	2244	8634
PB2|PP755596.1|A/cattle/Texas/24-008749-003/2024(H5N1)	2245	8618
PB2|PP755596.1|A/cattle/Texas/24-008749-003/2024(H5N1)	2246	8601
PB2|PP755596.1|A/cattle/Texas/24-008749-003/2024(H5N1)	2247	8187
PB2|PP755596.1|A/cattle/Texas/24-008749-003/2024(H5N1)	2248	8184
PB2|PP755596.1|A/cattle/Texas/24-008749-003/2024(H5N1)	2249	7711
PB2|PP755596.1|A/cattle/Texas/24-008749-003/2024(H5N1)	2250	7704
PB2|PP755596.1|A/cattle/Texas/24-008749-003/2024(H5N1)	2251	7685
PB2|PP755596.1|A/cattle/Texas/24-008749-003/2024(H5N1)	2252	7657
PB2|PP755596.1|A/cattle/Texas/24-008749-003/2024(H5N1)	2253	7605
PB2|PP755596.1|A/cattle/Texas/24-008749-003/2024(H5N1)	2254	7581
PB2|PP755596.1|A/cattle/Texas/24-008749-003/2024(H5N1)	2255	7579
PB2|PP755596.1|A/cattle/Texas/24-008749-003/2024(H5N1)	2256	7575
PB2|PP755596.1|A/cattle/Texas/24-008749-003/2024(H5N1)	2257	7531
PB2|PP755596.1|A/cattle/Texas/24-008749-003/2024(H5N1)	2258	7461
PB2|PP755596.1|A/cattle/Texas/24-008749-003/2024(H5N1)	2259	7381
PB2|PP755596.1|A/cattle/Texas/24-008749-003/2024(H5N1)	2260	7211
PB2|PP755596.1|A/cattle/Texas/24-008749-003/2024(H5N1)	2261	7181
PB2|PP755596.1|A/cattle/Texas/24-008749-003/2024(H5N1)	2262	7176
PB2|PP755596.1|A/cattle/Texas/24-008749-003/2024(H5N1)	2263	7160
PB2|PP755596.1|A/cattle/Texas/24-008749-003/2024(H5N1)	2264	7132
PB2|PP755596.1|A/cattle/Texas/24-008749-003/2024(H5N1)	2265	6892
PB2|PP755596.1|A/cattle/Texas/24-008749-003/2024(H5N1)	2266	6885
PB2|PP755596.1|A/cattle/Texas/24-008749-003/2024(H5N1)	2267	6617
PB2|PP755596.1|A/cattle/Texas/24-008749-003/2024(H5N1)	2268	6570
PB2|PP755596.1|A/cattle/Texas/24-008749-003/2024(H5N1)	2269	6561
PB2|PP755596.1|A/cattle/Texas/24-008749-003/2024(H5N1)	2270	6393
PB2|PP755596.1|A/cattle/Texas/24-008749-003/2024(H5N1)	2271	6388
PB2|PP755596.1|A/cattle/Texas/24-008749-003/2024(H5N1)	2272	6365
PB2|PP755596.1|A/cattle/Texas/24-008749-003/2024(H5N1)	2273	6357
PB2|PP755596.1|A/cattle/Texas/24-008749-003/2024(H5N1)	2274	6290
PB2|PP755596.1|A/cattle/Texas/24-008749-003/2024(H5N1)	2275	6284
PB2|PP755596.1|A/cattle/Texas/24-008749-003/2024(H5N1)	2276	6275
PB2|PP755596.1|A/cattle/Texas/24-008749-003/2024(H5N1)	2277	6165
PB2|PP755596.1|A/cattle/Texas/24-008749-003/2024(H5N1)	2278	6053
PB2|PP755596.1|A/cattle/Texas/24-008749-003/2024(H5N1)	2279	5752
PB2|PP755596.1|A/cattle/Texas/24-008749-003/2024(H5N1)	2280	5532
