PB2|PP755596.1|A/cattle/Texas/24-008749-003/2024(H5N1)	1	4151
PB2|PP755596.1|A/cattle/Texas/24-008749-003/2024(H5N1)	2	4164
PB2|PP755596.1|A/cattle/Texas/24-008749-003/2024(H5N1)	3	4220
PB2|PP755596.1|A/cattle/Texas/24-008749-003/2024(H5N1)	4	4227
PB2|PP755596.1|A/cattle/Texas/24-008749-003/2024(H5N1)	5	4244
PB2|PP755596.1|A/cattle/Texas/24-008749-003/2024(H5N1)	6	4275
PB2|PP755596.1|A/cattle/Texas/24-008749-003/2024(H5N1)	7	4295
PB2|PP755596.1|A/cattle/Texas/24-008749-003/2024(H5N1)	8	4707
PB2|PP755596.1|A/cattle/Texas/24-008749-003/2024(H5N1)	9	4720
PB2|PP755596.1|A/cattle/Texas/24-008749-003/2024(H5N1)	10	4740
PB2|PP755596.1|A/cattle/Texas/24-008749-003/2024(H5N1)	11	4833
PB2|PP755596.1|A/cattle/Texas/24-008749-003/2024(H5N1)	12	4845
PB2|PP755596.1|A/cattle/Texas/24-008749-003/2024(H5N1)	13	4879
PB2|PP755596.1|A/cattle/Texas/24-008749-003/2024(H5N1)	14	4884
PB2|PP755596.1|A/cattle/Texas/24-008749-003/2024(H5N1)	15	4890
PB2|PP755596.1|A/cattle/Texas/24-008749-003/2024(H5N1)	16	4975
PB2|PP755596.1|A/cattle/Texas/24-008749-003/2024(H5N1)	17	5016
PB2|PP755596.1|A/cattle/Texas/24-008749-003/2024(H5N1)	18	5031
PB2|PP755596.1|A/cattle/Texas/24-008749-003/2024(H5N1)	19	5048
PB2|PP755596.1|A/cattle/Texas/24-008749-003/2024(H5N1)	20	5048
PB2|PP755596.1|A/cattle/Texas/24-008749-003/2024(H5N1)	21	5081
PB2|PP755596.1|A/cattle/Texas/24-008749-003/2024(H5N1)	22	5088
PB2|PP755596.1|A/cattle/Texas/24-008749-003/2024(H5N1)	23	5106
PB2|PP755596.1|A/cattle/Texas/24-008749-003/2024(H5N1)	24	5120
PB2|PP755596.1|A/cattle/Texas/24-008749-003/2024(H5N1)	25	5352
PB2|PP755596.1|A/cattle/Texas/24-008749-003/2024(H5N1)	26	5473
PB2|PP755596.1|A/cattle/Texas/24-008749-003/2024(H5N1)	27	5492
PB2|PP755596.1|A/cattle/Texas/24-008749-003/2024(H5N1)	28	5501
PB2|PP755596.1|A/cattle/Texas/24-008749-003/2024(H5N1)	29	5524
PB2|PP755596.1|A/cattle/Texas/24-008749-003/2024(H5N1)	30	5531
PB2|PP755596.1|A/cattle/Texas/24-008749-003/2024(H5N1)	31	5596
PB2|PP755596.1|A/cattle/Texas/24-008749-003/2024(H5N1)	32	5634
PB2|PP755596.1|A/cattle/Texas/24-008749-003/2024(H5N1)	33	5670
PB2|PP755596.1|A/cattle/Texas/24-008749-003/2024(H5N1)	34	5698
PB2|PP755596.1|A/cattle/Texas/24-008749-003/2024(H5N1)	35	5700
PB2|PP755596.1|A/cattle/Texas/24-008749-003/2024(H5N1)	36	5699
PB2|PP755596.1|A/cattle/Texas/24-008749-003/2024(H5N1)	37	5703
PB2|PP755596.1|A/cattle/Texas/24-008749-003/2024(H5N1)	38	5706
PB2|PP755596.1|A/cattle/Texas/24-008749-003/2024(H5N1)	39	5983
PB2|PP755596.1|A/cattle/Texas/24-008749-003/2024(H5N1)	40	6033
PB2|PP755596.1|A/cattle/Texas/24-008749-003/2024(H5N1)	41	6045
PB2|PP755596.1|A/cattle/Texas/24-008749-003/2024(H5N1)	42	6049
PB2|PP755596.1|A/cattle/Texas/24-008749-003/2024(H5N1)	43	6060
PB2|PP755596.1|A/cattle/Texas/24-008749-003/2024(H5N1)	44	6070
PB2|PP755596.1|A/cattle/Texas/24-008749-003/2024(H5N1)	45	6103
PB2|PP755596.1|A/cattle/Texas/24-008749-003/2024(H5N1)	46	6117
PB2|PP755596.1|A/cattle/Texas/24-008749-003/2024(H5N1)	47	6150
PB2|PP755596.1|A/cattle/Texas/24-008749-003/2024(H5N1)	48	6131
PB2|PP755596.1|A/cattle/Texas/24-008749-003/2024(H5N1)	49	6252
PB2|PP755596.1|A/cattle/Texas/24-008749-003/2024(H5N1)	50	6262
PB2|PP755596.1|A/cattle/Texas/24-008749-003/2024(H5N1)	51	6284
PB2|PP755596.1|A/cattle/Texas/24-008749-003/2024(H5N1)	52	6284
PB2|PP755596.1|A/cattle/Texas/24-008749-003/2024(H5N1)	53	6292
PB2|PP755596.1|A/cattle/Texas/24-008749-003/2024(H5N1)	54	6293
PB2|PP755596.1|A/cattle/Texas/24-008749-003/2024(H5N1)	55	6557
PB2|PP755596.1|A/cattle/Texas/24-008749-003/2024(H5N1)	56	6564
PB2|PP755596.1|A/cattle/Texas/24-008749-003/2024(H5N1)	57	6569
PB2|PP755596.1|A/cattle/Texas/24-008749-003/2024(H5N1)	58	6586
PB2|PP755596.1|A/cattle/Texas/24-008749-003/2024(H5N1)	59	6613
PB2|PP755596.1|A/cattle/Texas/24-008749-003/2024(H5N1)	60	6714
PB2|PP755596.1|A/cattle/Texas/24-008749-003/2024(H5N1)	61	6770
PB2|PP755596.1|A/cattle/Texas/24-008749-003/2024(H5N1)	62	6803
PB2|PP755596.1|A/cattle/Texas/24-008749-003/2024(H5N1)	63	6813
PB2|PP755596.1|A/cattle/Texas/24-008749-003/2024(H5N1)	64	6802
PB2|PP755596.1|A/cattle/Texas/24-008749-003/2024(H5N1)	65	6851
PB2|PP755596.1|A/cattle/Texas/24-008749-003/2024(H5N1)	66	6910
PB2|PP755596.1|A/cattle/Texas/24-008749-003/2024(H5N1)	67	6927
PB2|PP755596.1|A/cattle/Texas/24-008749-003/2024(H5N1)	68	7001
PB2|PP755596.1|A/cattle/Texas/24-008749-003/2024(H5N1)	69	6999
PB2|PP755596.1|A/cattle/Texas/24-008749-003/2024(H5N1)	70	7000
PB2|PP755596.1|A/cattle/Texas/24-008749-003/2024(H5N1)	71	7138
PB2|PP755596.1|A/cattle/Texas/24-008749-003/2024(H5N1)	72	7162
PB2|PP755596.1|A/cattle/Texas/24-008749-003/2024(H5N1)	73	7320
PB2|PP755596.1|A/cattle/Texas/24-008749-003/2024(H5N1)	74	7218
PB2|PP755596.1|A/cattle/Texas/24-008749-003/2024(H5N1)	75	7240
PB2|PP755596.1|A/cattle/Texas/24-008749-003/2024(H5N1)	76	7249
PB2|PP755596.1|A/cattle/Texas/24-008749-003/2024(H5N1)	77	7253
PB2|PP755596.1|A/cattle/Texas/24-008749-003/2024(H5N1)	78	7335
PB2|PP755596.1|A/cattle/Texas/24-008749-003/2024(H5N1)	79	7348
PB2|PP755596.1|A/cattle/Texas/24-008749-003/2024(H5N1)	80	7380
PB2|PP755596.1|A/cattle/Texas/24-008749-003/2024(H5N1)	81	7403
PB2|PP755596.1|A/cattle/Texas/24-008749-003/2024(H5N1)	82	7293
PB2|PP755596.1|A/cattle/Texas/24-008749-003/2024(H5N1)	83	7298
PB2|PP755596.1|A/cattle/Texas/24-008749-003/2024(H5N1)	84	7320
PB2|PP755596.1|A/cattle/Texas/24-008749-003/2024(H5N1)	85	7306
PB2|PP755596.1|A/cattle/Texas/24-008749-003/2024(H5N1)	86	7335
PB2|PP755596.1|A/cattle/Texas/24-008749-003/2024(H5N1)	87	7330
PB2|PP755596.1|A/cattle/Texas/24-008749-003/2024(H5N1)	88	7334
PB2|PP755596.1|A/cattle/Texas/24-008749-003/2024(H5N1)	89	7363
PB2|PP755596.1|A/cattle/Texas/24-008749-003/2024(H5N1)	90	7350
PB2|PP755596.1|A/cattle/Texas/24-008749-003/2024(H5N1)	91	7272
PB2|PP755596.1|A/cattle/Texas/24-008749-003/2024(H5N1)	92	7295
PB2|PP755596.1|A/cattle/Texas/24-008749-003/2024(H5N1)	93	7302
PB2|PP755596.1|A/cattle/Texas/24-008749-003/2024(H5N1)	94	7297
PB2|PP755596.1|A/cattle/Texas/24-008749-003/2024(H5N1)	95	7289
PB2|PP755596.1|A/cattle/Texas/24-008749-003/2024(H5N1)	96	7337
PB2|PP755596.1|A/cattle/Texas/24-008749-003/2024(H5N1)	97	7407
PB2|PP755596.1|A/cattle/Texas/24-008749-003/2024(H5N1)	98	7398
PB2|PP755596.1|A/cattle/Texas/24-008749-003/2024(H5N1)	99	7570
PB2|PP755596.1|A/cattle/Texas/24-008749-003/2024(H5N1)	100	7657
PB2|PP755596.1|A/cattle/Texas/24-008749-003/2024(H5N1)	101	7405
PB2|PP755596.1|A/cattle/Texas/24-008749-003/2024(H5N1)	102	7034
PB2|PP755596.1|A/cattle/Texas/24-008749-003/2024(H5N1)	103	6776
PB2|PP755596.1|A/cattle/Texas/24-008749-003/2024(H5N1)	104	6888
PB2|PP755596.1|A/cattle/Texas/24-008749-003/2024(H5N1)	105	6898
PB2|PP755596.1|A/cattle/Texas/24-008749-003/2024(H5N1)	106	6926
PB2|PP755596.1|A/cattle/Texas/24-008749-003/2024(H5N1)	107	6926
PB2|PP755596.1|A/cattle/Texas/24-008749-003/2024(H5N1)	108	6896
PB2|PP755596.1|A/cattle/Texas/24-008749-003/2024(H5N1)	109	6898
PB2|PP755596.1|A/cattle/Texas/24-008749-003/2024(H5N1)	110	6920
PB2|PP755596.1|A/cattle/Texas/24-008749-003/2024(H5N1)	111	6994
PB2|PP755596.1|A/cattle/Texas/24-008749-003/2024(H5N1)	112	6994
PB2|PP755596.1|A/cattle/Texas/24-008749-003/2024(H5N1)	113	7003
PB2|PP755596.1|A/cattle/Texas/24-008749-003/2024(H5N1)	114	6676
PB2|PP755596.1|A/cattle/Texas/24-008749-003/2024(H5N1)	115	6736
PB2|PP755596.1|A/cattle/Texas/24-008749-003/2024(H5N1)	116	6751
PB2|PP755596.1|A/cattle/Texas/24-008749-003/2024(H5N1)	117	6754
PB2|PP755596.1|A/cattle/Texas/24-008749-003/2024(H5N1)	118	6863
PB2|PP755596.1|A/cattle/Texas/24-008749-003/2024(H5N1)	119	6912
PB2|PP755596.1|A/cattle/Texas/24-008749-003/2024(H5N1)	120	6669
PB2|PP755596.1|A/cattle/Texas/24-008749-003/2024(H5N1)	121	6719
PB2|PP755596.1|A/cattle/Texas/24-008749-003/2024(H5N1)	122	6690
PB2|PP755596.1|A/cattle/Texas/24-008749-003/2024(H5N1)	123	6684
PB2|PP755596.1|A/cattle/Texas/24-008749-003/2024(H5N1)	124	5894
PB2|PP755596.1|A/cattle/Texas/24-008749-003/2024(H5N1)	125	5576
PB2|PP755596.1|A/cattle/Texas/24-008749-003/2024(H5N1)	126	5296
PB2|PP755596.1|A/cattle/Texas/24-008749-003/2024(H5N1)	127	5276
PB2|PP755596.1|A/cattle/Texas/24-008749-003/2024(H5N1)	128	5281
PB2|PP755596.1|A/cattle/Texas/24-008749-003/2024(H5N1)	129	5342
PB2|PP755596.1|A/cattle/Texas/24-008749-003/2024(H5N1)	130	5249
PB2|PP755596.1|A/cattle/Texas/24-008749-003/2024(H5N1)	131	5269
PB2|PP755596.1|A/cattle/Texas/24-008749-003/2024(H5N1)	132	5275
PB2|PP755596.1|A/cattle/Texas/24-008749-003/2024(H5N1)	133	5052
PB2|PP755596.1|A/cattle/Texas/24-008749-003/2024(H5N1)	134	5039
PB2|PP755596.1|A/cattle/Texas/24-008749-003/2024(H5N1)	135	5035
PB2|PP755596.1|A/cattle/Texas/24-008749-003/2024(H5N1)	136	5032
PB2|PP755596.1|A/cattle/Texas/24-008749-003/2024(H5N1)	137	5156
PB2|PP755596.1|A/cattle/Texas/24-008749-003/2024(H5N1)	138	4680
PB2|PP755596.1|A/cattle/Texas/24-008749-003/2024(H5N1)	139	4575
PB2|PP755596.1|A/cattle/Texas/24-008749-003/2024(H5N1)	140	4350
PB2|PP755596.1|A/cattle/Texas/24-008749-003/2024(H5N1)	141	4371
PB2|PP755596.1|A/cattle/Texas/24-008749-003/2024(H5N1)	142	4406
PB2|PP755596.1|A/cattle/Texas/24-008749-003/2024(H5N1)	143	4352
PB2|PP755596.1|A/cattle/Texas/24-008749-003/2024(H5N1)	144	4352
PB2|PP755596.1|A/cattle/Texas/24-008749-003/2024(H5N1)	145	4284
PB2|PP755596.1|A/cattle/Texas/24-008749-003/2024(H5N1)	146	4267
PB2|PP755596.1|A/cattle/Texas/24-008749-003/2024(H5N1)	147	4272
PB2|PP755596.1|A/cattle/Texas/24-008749-003/2024(H5N1)	148	4250
PB2|PP755596.1|A/cattle/Texas/24-008749-003/2024(H5N1)	149	4099
PB2|PP755596.1|A/cattle/Texas/24-008749-003/2024(H5N1)	150	4050
PB2|PP755596.1|A/cattle/Texas/24-008749-003/2024(H5N1)	151	4052
PB2|PP755596.1|A/cattle/Texas/24-008749-003/2024(H5N1)	152	4068
PB2|PP755596.1|A/cattle/Texas/24-008749-003/2024(H5N1)	153	4069
PB2|PP755596.1|A/cattle/Texas/24-008749-003/2024(H5N1)	154	3829
PB2|PP755596.1|A/cattle/Texas/24-008749-003/2024(H5N1)	155	3864
PB2|PP755596.1|A/cattle/Texas/24-008749-003/2024(H5N1)	156	3865
PB2|PP755596.1|A/cattle/Texas/24-008749-003/2024(H5N1)	157	3742
PB2|PP755596.1|A/cattle/Texas/24-008749-003/2024(H5N1)	158	3744
PB2|PP755596.1|A/cattle/Texas/24-008749-003/2024(H5N1)	159	3470
PB2|PP755596.1|A/cattle/Texas/24-008749-003/2024(H5N1)	160	3499
PB2|PP755596.1|A/cattle/Texas/24-008749-003/2024(H5N1)	161	3503
PB2|PP755596.1|A/cattle/Texas/24-008749-003/2024(H5N1)	162	3458
PB2|PP755596.1|A/cattle/Texas/24-008749-003/2024(H5N1)	163	3459
PB2|PP755596.1|A/cattle/Texas/24-008749-003/2024(H5N1)	164	3459
PB2|PP755596.1|A/cattle/Texas/24-008749-003/2024(H5N1)	165	3433
PB2|PP755596.1|A/cattle/Texas/24-008749-003/2024(H5N1)	166	3433
PB2|PP755596.1|A/cattle/Texas/24-008749-003/2024(H5N1)	167	3437
PB2|PP755596.1|A/cattle/Texas/24-008749-003/2024(H5N1)	168	3441
PB2|PP755596.1|A/cattle/Texas/24-008749-003/2024(H5N1)	169	3436
PB2|PP755596.1|A/cattle/Texas/24-008749-003/2024(H5N1)	170	3454
PB2|PP755596.1|A/cattle/Texas/24-008749-003/2024(H5N1)	171	3453
PB2|PP755596.1|A/cattle/Texas/24-008749-003/2024(H5N1)	172	3449
PB2|PP755596.1|A/cattle/Texas/24-008749-003/2024(H5N1)	173	3504
PB2|PP755596.1|A/cattle/Texas/24-008749-003/2024(H5N1)	174	3490
PB2|PP755596.1|A/cattle/Texas/24-008749-003/2024(H5N1)	175	3503
PB2|PP755596.1|A/cattle/Texas/24-008749-003/2024(H5N1)	176	3430
PB2|PP755596.1|A/cattle/Texas/24-008749-003/2024(H5N1)	177	3421
PB2|PP755596.1|A/cattle/Texas/24-008749-003/2024(H5N1)	178	3417
PB2|PP755596.1|A/cattle/Texas/24-008749-003/2024(H5N1)	179	3438
PB2|PP755596.1|A/cattle/Texas/24-008749-003/2024(H5N1)	180	3448
PB2|PP755596.1|A/cattle/Texas/24-008749-003/2024(H5N1)	181	3445
PB2|PP755596.1|A/cattle/Texas/24-008749-003/2024(H5N1)	182	3420
PB2|PP755596.1|A/cattle/Texas/24-008749-003/2024(H5N1)	183	3405
PB2|PP755596.1|A/cattle/Texas/24-008749-003/2024(H5N1)	184	3255
PB2|PP755596.1|A/cattle/Texas/24-008749-003/2024(H5N1)	185	3262
PB2|PP755596.1|A/cattle/Texas/24-008749-003/2024(H5N1)	186	3271
PB2|PP755596.1|A/cattle/Texas/24-008749-003/2024(H5N1)	187	3272
PB2|PP755596.1|A/cattle/Texas/24-008749-003/2024(H5N1)	188	3287
PB2|PP755596.1|A/cattle/Texas/24-008749-003/2024(H5N1)	189	3157
PB2|PP755596.1|A/cattle/Texas/24-008749-003/2024(H5N1)	190	3167
PB2|PP755596.1|A/cattle/Texas/24-008749-003/2024(H5N1)	191	3161
PB2|PP755596.1|A/cattle/Texas/24-008749-003/2024(H5N1)	192	3162
PB2|PP755596.1|A/cattle/Texas/24-008749-003/2024(H5N1)	193	2926
PB2|PP755596.1|A/cattle/Texas/24-008749-003/2024(H5N1)	194	2921
PB2|PP755596.1|A/cattle/Texas/24-008749-003/2024(H5N1)	195	2931
PB2|PP755596.1|A/cattle/Texas/24-008749-003/2024(H5N1)	196	2929
PB2|PP755596.1|A/cattle/Texas/24-008749-003/2024(H5N1)	197	2941
PB2|PP755596.1|A/cattle/Texas/24-008749-003/2024(H5N1)	198	2930
PB2|PP755596.1|A/cattle/Texas/24-008749-003/2024(H5N1)	199	2929
PB2|PP755596.1|A/cattle/Texas/24-008749-003/2024(H5N1)	200	2914
PB2|PP755596.1|A/cattle/Texas/24-008749-003/2024(H5N1)	201	2911
PB2|PP755596.1|A/cattle/Texas/24-008749-003/2024(H5N1)	202	2919
PB2|PP755596.1|A/cattle/Texas/24-008749-003/2024(H5N1)	203	2801
PB2|PP755596.1|A/cattle/Texas/24-008749-003/2024(H5N1)	204	2789
PB2|PP755596.1|A/cattle/Texas/24-008749-003/2024(H5N1)	205	2790
PB2|PP755596.1|A/cattle/Texas/24-008749-003/2024(H5N1)	206	2372
PB2|PP755596.1|A/cattle/Texas/24-008749-003/2024(H5N1)	207	2363
PB2|PP755596.1|A/cattle/Texas/24-008749-003/2024(H5N1)	208	2363
PB2|PP755596.1|A/cattle/Texas/24-008749-003/2024(H5N1)	209	2369
PB2|PP755596.1|A/cattle/Texas/24-008749-003/2024(H5N1)	210	2381
PB2|PP755596.1|A/cattle/Texas/24-008749-003/2024(H5N1)	211	2356
PB2|PP755596.1|A/cattle/Texas/24-008749-003/2024(H5N1)	212	2338
PB2|PP755596.1|A/cattle/Texas/24-008749-003/2024(H5N1)	213	2330
PB2|PP755596.1|A/cattle/Texas/24-008749-003/2024(H5N1)	214	2356
PB2|PP755596.1|A/cattle/Texas/24-008749-003/2024(H5N1)	215	2363
PB2|PP755596.1|A/cattle/Texas/24-008749-003/2024(H5N1)	216	2350
PB2|PP755596.1|A/cattle/Texas/24-008749-003/2024(H5N1)	217	2334
PB2|PP755596.1|A/cattle/Texas/24-008749-003/2024(H5N1)	218	2323
PB2|PP755596.1|A/cattle/Texas/24-008749-003/2024(H5N1)	219	2302
PB2|PP755596.1|A/cattle/Texas/24-008749-003/2024(H5N1)	220	2346
PB2|PP755596.1|A/cattle/Texas/24-008749-003/2024(H5N1)	221	2365
PB2|PP755596.1|A/cattle/Texas/24-008749-003/2024(H5N1)	222	2331
PB2|PP755596.1|A/cattle/Texas/24-008749-003/2024(H5N1)	223	2248
PB2|PP755596.1|A/cattle/Texas/24-008749-003/2024(H5N1)	224	2232
PB2|PP755596.1|A/cattle/Texas/24-008749-003/2024(H5N1)	225	2236
PB2|PP755596.1|A/cattle/Texas/24-008749-003/2024(H5N1)	226	2252
PB2|PP755596.1|A/cattle/Texas/24-008749-003/2024(H5N1)	227	2253
PB2|PP755596.1|A/cattle/Texas/24-008749-003/2024(H5N1)	228	2239
PB2|PP755596.1|A/cattle/Texas/24-008749-003/2024(H5N1)	229	2260
PB2|PP755596.1|A/cattle/Texas/24-008749-003/2024(H5N1)	230	2250
PB2|PP755596.1|A/cattle/Texas/24-008749-003/2024(H5N1)	231	2252
PB2|PP755596.1|A/cattle/Texas/24-008749-003/2024(H5N1)	232	2254
PB2|PP755596.1|A/cattle/Texas/24-008749-003/2024(H5N1)	233	2254
PB2|PP755596.1|A/cattle/Texas/24-008749-003/2024(H5N1)	234	2271
PB2|PP755596.1|A/cattle/Texas/24-008749-003/2024(H5N1)	235	2243
PB2|PP755596.1|A/cattle/Texas/24-008749-003/2024(H5N1)	236	2203
PB2|PP755596.1|A/cattle/Texas/24-008749-003/2024(H5N1)	237	2257
PB2|PP755596.1|A/cattle/Texas/24-008749-003/2024(H5N1)	238	2245
PB2|PP755596.1|A/cattle/Texas/24-008749-003/2024(H5N1)	239	2272
PB2|PP755596.1|A/cattle/Texas/24-008749-003/2024(H5N1)	240	2270
PB2|PP755596.1|A/cattle/Texas/24-008749-003/2024(H5N1)	241	2273
PB2|PP755596.1|A/cattle/Texas/24-008749-003/2024(H5N1)	242	2240
PB2|PP755596.1|A/cattle/Texas/24-008749-003/2024(H5N1)	243	2250
PB2|PP755596.1|A/cattle/Texas/24-008749-003/2024(H5N1)	244	2256
PB2|PP755596.1|A/cattle/Texas/24-008749-003/2024(H5N1)	245	2295
PB2|PP755596.1|A/cattle/Texas/24-008749-003/2024(H5N1)	246	2294
PB2|PP755596.1|A/cattle/Texas/24-008749-003/2024(H5N1)	247	2275
PB2|PP755596.1|A/cattle/Texas/24-008749-003/2024(H5N1)	248	2249
PB2|PP755596.1|A/cattle/Texas/24-008749-003/2024(H5N1)	249	2245
PB2|PP755596.1|A/cattle/Texas/24-008749-003/2024(H5N1)	250	2166
PB2|PP755596.1|A/cattle/Texas/24-008749-003/2024(H5N1)	251	2246
PB2|PP755596.1|A/cattle/Texas/24-008749-003/2024(H5N1)	252	2259
PB2|PP755596.1|A/cattle/Texas/24-008749-003/2024(H5N1)	253	2324
PB2|PP755596.1|A/cattle/Texas/24-008749-003/2024(H5N1)	254	2336
PB2|PP755596.1|A/cattle/Texas/24-008749-003/2024(H5N1)	255	2341
PB2|PP755596.1|A/cattle/Texas/24-008749-003/2024(H5N1)	256	2343
PB2|PP755596.1|A/cattle/Texas/24-008749-003/2024(H5N1)	257	2346
PB2|PP755596.1|A/cattle/Texas/24-008749-003/2024(H5N1)	258	2343
PB2|PP755596.1|A/cattle/Texas/24-008749-003/2024(H5N1)	259	2377
PB2|PP755596.1|A/cattle/Texas/24-008749-003/2024(H5N1)	260	2384
PB2|PP755596.1|A/cattle/Texas/24-008749-003/2024(H5N1)	261	2389
PB2|PP755596.1|A/cattle/Texas/24-008749-003/2024(H5N1)	262	2325
PB2|PP755596.1|A/cattle/Texas/24-008749-003/2024(H5N1)	263	2391
PB2|PP755596.1|A/cattle/Texas/24-008749-003/2024(H5N1)	264	2373
PB2|PP755596.1|A/cattle/Texas/24-008749-003/2024(H5N1)	265	2411
PB2|PP755596.1|A/cattle/Texas/24-008749-003/2024(H5N1)	266	2391
PB2|PP755596.1|A/cattle/Texas/24-008749-003/2024(H5N1)	267	2391
PB2|PP755596.1|A/cattle/Texas/24-008749-003/2024(H5N1)	268	2367
PB2|PP755596.1|A/cattle/Texas/24-008749-003/2024(H5N1)	269	2229
PB2|PP755596.1|A/cattle/Texas/24-008749-003/2024(H5N1)	270	2244
PB2|PP755596.1|A/cattle/Texas/24-008749-003/2024(H5N1)	271	2288
PB2|PP755596.1|A/cattle/Texas/24-008749-003/2024(H5N1)	272	2253
PB2|PP755596.1|A/cattle/Texas/24-008749-003/2024(H5N1)	273	2255
PB2|PP755596.1|A/cattle/Texas/24-008749-003/2024(H5N1)	274	2216
PB2|PP755596.1|A/cattle/Texas/24-008749-003/2024(H5N1)	275	2159
PB2|PP755596.1|A/cattle/Texas/24-008749-003/2024(H5N1)	276	2171
PB2|PP755596.1|A/cattle/Texas/24-008749-003/2024(H5N1)	277	2221
PB2|PP755596.1|A/cattle/Texas/24-008749-003/2024(H5N1)	278	2223
PB2|PP755596.1|A/cattle/Texas/24-008749-003/2024(H5N1)	279	2223
PB2|PP755596.1|A/cattle/Texas/24-008749-003/2024(H5N1)	280	2136
PB2|PP755596.1|A/cattle/Texas/24-008749-003/2024(H5N1)	281	2113
PB2|PP755596.1|A/cattle/Texas/24-008749-003/2024(H5N1)	282	2147
PB2|PP755596.1|A/cattle/Texas/24-008749-003/2024(H5N1)	283	2165
PB2|PP755596.1|A/cattle/Texas/24-008749-003/2024(H5N1)	284	2104
PB2|PP755596.1|A/cattle/Texas/24-008749-003/2024(H5N1)	285	2091
PB2|PP755596.1|A/cattle/Texas/24-008749-003/2024(H5N1)	286	2091
PB2|PP755596.1|A/cattle/Texas/24-008749-003/2024(H5N1)	287	2181
PB2|PP755596.1|A/cattle/Texas/24-008749-003/2024(H5N1)	288	2182
PB2|PP755596.1|A/cattle/Texas/24-008749-003/2024(H5N1)	289	2210
PB2|PP755596.1|A/cattle/Texas/24-008749-003/2024(H5N1)	290	2221
PB2|PP755596.1|A/cattle/Texas/24-008749-003/2024(H5N1)	291	2181
PB2|PP755596.1|A/cattle/Texas/24-008749-003/2024(H5N1)	292	2159
PB2|PP755596.1|A/cattle/Texas/24-008749-003/2024(H5N1)	293	2136
PB2|PP755596.1|A/cattle/Texas/24-008749-003/2024(H5N1)	294	2173
PB2|PP755596.1|A/cattle/Texas/24-008749-003/2024(H5N1)	295	2264
PB2|PP755596.1|A/cattle/Texas/24-008749-003/2024(H5N1)	296	2266
PB2|PP755596.1|A/cattle/Texas/24-008749-003/2024(H5N1)	297	2303
PB2|PP755596.1|A/cattle/Texas/24-008749-003/2024(H5N1)	298	2303
PB2|PP755596.1|A/cattle/Texas/24-008749-003/2024(H5N1)	299	2305
PB2|PP755596.1|A/cattle/Texas/24-008749-003/2024(H5N1)	300	2321
PB2|PP755596.1|A/cattle/Texas/24-008749-003/2024(H5N1)	301	2319
PB2|PP755596.1|A/cattle/Texas/24-008749-003/2024(H5N1)	302	2349
PB2|PP755596.1|A/cattle/Texas/24-008749-003/2024(H5N1)	303	2356
PB2|PP755596.1|A/cattle/Texas/24-008749-003/2024(H5N1)	304	2348
PB2|PP755596.1|A/cattle/Texas/24-008749-003/2024(H5N1)	305	2385
PB2|PP755596.1|A/cattle/Texas/24-008749-003/2024(H5N1)	306	2343
PB2|PP755596.1|A/cattle/Texas/24-008749-003/2024(H5N1)	307	2335
PB2|PP755596.1|A/cattle/Texas/24-008749-003/2024(H5N1)	308	2336
PB2|PP755596.1|A/cattle/Texas/24-008749-003/2024(H5N1)	309	2334
PB2|PP755596.1|A/cattle/Texas/24-008749-003/2024(H5N1)	310	2334
PB2|PP755596.1|A/cattle/Texas/24-008749-003/2024(H5N1)	311	2304
PB2|PP755596.1|A/cattle/Texas/24-008749-003/2024(H5N1)	312	2326
PB2|PP755596.1|A/cattle/Texas/24-008749-003/2024(H5N1)	313	2328
PB2|PP755596.1|A/cattle/Texas/24-008749-003/2024(H5N1)	314	2340
PB2|PP755596.1|A/cattle/Texas/24-008749-003/2024(H5N1)	315	2350
PB2|PP755596.1|A/cattle/Texas/24-008749-003/2024(H5N1)	316	2328
PB2|PP755596.1|A/cattle/Texas/24-008749-003/2024(H5N1)	317	2345
PB2|PP755596.1|A/cattle/Texas/24-008749-003/2024(H5N1)	318	2343
PB2|PP755596.1|A/cattle/Texas/24-008749-003/2024(H5N1)	319	2327
PB2|PP755596.1|A/cattle/Texas/24-008749-003/2024(H5N1)	320	2343
PB2|PP755596.1|A/cattle/Texas/24-008749-003/2024(H5N1)	321	2339
PB2|PP755596.1|A/cattle/Texas/24-008749-003/2024(H5N1)	322	2331
PB2|PP755596.1|A/cattle/Texas/24-008749-003/2024(H5N1)	323	2270
PB2|PP755596.1|A/cattle/Texas/24-008749-003/2024(H5N1)	324	2199
PB2|PP755596.1|A/cattle/Texas/24-008749-003/2024(H5N1)	325	2225
PB2|PP755596.1|A/cattle/Texas/24-008749-003/2024(H5N1)	326	2291
PB2|PP755596.1|A/cattle/Texas/24-008749-003/2024(H5N1)	327	2308
PB2|PP755596.1|A/cattle/Texas/24-008749-003/2024(H5N1)	328	2315
PB2|PP755596.1|A/cattle/Texas/24-008749-003/2024(H5N1)	329	2318
PB2|PP755596.1|A/cattle/Texas/24-008749-003/2024(H5N1)	330	2321
PB2|PP755596.1|A/cattle/Texas/24-008749-003/2024(H5N1)	331	2316
PB2|PP755596.1|A/cattle/Texas/24-008749-003/2024(H5N1)	332	2424
PB2|PP755596.1|A/cattle/Texas/24-008749-003/2024(H5N1)	333	2421
PB2|PP755596.1|A/cattle/Texas/24-008749-003/2024(H5N1)	334	2402
PB2|PP755596.1|A/cattle/Texas/24-008749-003/2024(H5N1)	335	2397
PB2|PP755596.1|A/cattle/Texas/24-008749-003/2024(H5N1)	336	2382
PB2|PP755596.1|A/cattle/Texas/24-008749-003/2024(H5N1)	337	2386
PB2|PP755596.1|A/cattle/Texas/24-008749-003/2024(H5N1)	338	2383
PB2|PP755596.1|A/cattle/Texas/24-008749-003/2024(H5N1)	339	2416
PB2|PP755596.1|A/cattle/Texas/24-008749-003/2024(H5N1)	340	2466
PB2|PP755596.1|A/cattle/Texas/24-008749-003/2024(H5N1)	341	2330
PB2|PP755596.1|A/cattle/Texas/24-008749-003/2024(H5N1)	342	2344
PB2|PP755596.1|A/cattle/Texas/24-008749-003/2024(H5N1)	343	2339
PB2|PP755596.1|A/cattle/Texas/24-008749-003/2024(H5N1)	344	2331
PB2|PP755596.1|A/cattle/Texas/24-008749-003/2024(H5N1)	345	2321
PB2|PP755596.1|A/cattle/Texas/24-008749-003/2024(H5N1)	346	2316
PB2|PP755596.1|A/cattle/Texas/24-008749-003/2024(H5N1)	347	2324
PB2|PP755596.1|A/cattle/Texas/24-008749-003/2024(H5N1)	348	2292
PB2|PP755596.1|A/cattle/Texas/24-008749-003/2024(H5N1)	349	2293
PB2|PP755596.1|A/cattle/Texas/24-008749-003/2024(H5N1)	350	2278
PB2|PP755596.1|A/cattle/Texas/24-008749-003/2024(H5N1)	351	2263
PB2|PP755596.1|A/cattle/Texas/24-008749-003/2024(H5N1)	352	2261
PB2|PP755596.1|A/cattle/Texas/24-008749-003/2024(H5N1)	353	2178
PB2|PP755596.1|A/cattle/Texas/24-008749-003/2024(H5N1)	354	2177
PB2|PP755596.1|A/cattle/Texas/24-008749-003/2024(H5N1)	355	2179
PB2|PP755596.1|A/cattle/Texas/24-008749-003/2024(H5N1)	356	2179
PB2|PP755596.1|A/cattle/Texas/24-008749-003/2024(H5N1)	357	2178
PB2|PP755596.1|A/cattle/Texas/24-008749-003/2024(H5N1)	358	2178
PB2|PP755596.1|A/cattle/Texas/24-008749-003/2024(H5N1)	359	2052
PB2|PP755596.1|A/cattle/Texas/24-008749-003/2024(H5N1)	360	1943
PB2|PP755596.1|A/cattle/Texas/24-008749-003/2024(H5N1)	361	1934
PB2|PP755596.1|A/cattle/Texas/24-008749-003/2024(H5N1)	362	1935
PB2|PP755596.1|A/cattle/Texas/24-008749-003/2024(H5N1)	363	1934
PB2|PP755596.1|A/cattle/Texas/24-008749-003/2024(H5N1)	364	1950
PB2|PP755596.1|A/cattle/Texas/24-008749-003/2024(H5N1)	365	1933
PB2|PP755596.1|A/cattle/Texas/24-008749-003/2024(H5N1)	366	1926
PB2|PP755596.1|A/cattle/Texas/24-008749-003/2024(H5N1)	367	1926
PB2|PP755596.1|A/cattle/Texas/24-008749-003/2024(H5N1)	368	1933
PB2|PP755596.1|A/cattle/Texas/24-008749-003/2024(H5N1)	369	1932
PB2|PP755596.1|A/cattle/Texas/24-008749-003/2024(H5N1)	370	1929
PB2|PP755596.1|A/cattle/Texas/24-008749-003/2024(H5N1)	371	1926
PB2|PP755596.1|A/cattle/Texas/24-008749-003/2024(H5N1)	372	1977
PB2|PP755596.1|A/cattle/Texas/24-008749-003/2024(H5N1)	373	1972
PB2|PP755596.1|A/cattle/Texas/24-008749-003/2024(H5N1)	374	1969
PB2|PP755596.1|A/cattle/Texas/24-008749-003/2024(H5N1)	375	1970
PB2|PP755596.1|A/cattle/Texas/24-008749-003/2024(H5N1)	376	1978
PB2|PP755596.1|A/cattle/Texas/24-008749-003/2024(H5N1)	377	1966
PB2|PP755596.1|A/cattle/Texas/24-008749-003/2024(H5N1)	378	1971
PB2|PP755596.1|A/cattle/Texas/24-008749-003/2024(H5N1)	379	1952
PB2|PP755596.1|A/cattle/Texas/24-008749-003/2024(H5N1)	380	1935
PB2|PP755596.1|A/cattle/Texas/24-008749-003/2024(H5N1)	381	1934
PB2|PP755596.1|A/cattle/Texas/24-008749-003/2024(H5N1)	382	1927
PB2|PP755596.1|A/cattle/Texas/24-008749-003/2024(H5N1)	383	1934
PB2|PP755596.1|A/cattle/Texas/24-008749-003/2024(H5N1)	384	1935
PB2|PP755596.1|A/cattle/Texas/24-008749-003/2024(H5N1)	385	1967
PB2|PP755596.1|A/cattle/Texas/24-008749-003/2024(H5N1)	386	2025
PB2|PP755596.1|A/cattle/Texas/24-008749-003/2024(H5N1)	387	2034
PB2|PP755596.1|A/cattle/Texas/24-008749-003/2024(H5N1)	388	1982
PB2|PP755596.1|A/cattle/Texas/24-008749-003/2024(H5N1)	389	1977
PB2|PP755596.1|A/cattle/Texas/24-008749-003/2024(H5N1)	390	1963
PB2|PP755596.1|A/cattle/Texas/24-008749-003/2024(H5N1)	391	1960
PB2|PP755596.1|A/cattle/Texas/24-008749-003/2024(H5N1)	392	2060
PB2|PP755596.1|A/cattle/Texas/24-008749-003/2024(H5N1)	393	2059
PB2|PP755596.1|A/cattle/Texas/24-008749-003/2024(H5N1)	394	2058
PB2|PP755596.1|A/cattle/Texas/24-008749-003/2024(H5N1)	395	2043
PB2|PP755596.1|A/cattle/Texas/24-008749-003/2024(H5N1)	396	2009
PB2|PP755596.1|A/cattle/Texas/24-008749-003/2024(H5N1)	397	2088
PB2|PP755596.1|A/cattle/Texas/24-008749-003/2024(H5N1)	398	2089
PB2|PP755596.1|A/cattle/Texas/24-008749-003/2024(H5N1)	399	2095
PB2|PP755596.1|A/cattle/Texas/24-008749-003/2024(H5N1)	400	2092
PB2|PP755596.1|A/cattle/Texas/24-008749-003/2024(H5N1)	401	1987
PB2|PP755596.1|A/cattle/Texas/24-008749-003/2024(H5N1)	402	1983
PB2|PP755596.1|A/cattle/Texas/24-008749-003/2024(H5N1)	403	1960
PB2|PP755596.1|A/cattle/Texas/24-008749-003/2024(H5N1)	404	1962
PB2|PP755596.1|A/cattle/Texas/24-008749-003/2024(H5N1)	405	1954
PB2|PP755596.1|A/cattle/Texas/24-008749-003/2024(H5N1)	406	1911
PB2|PP755596.1|A/cattle/Texas/24-008749-003/2024(H5N1)	407	1912
PB2|PP755596.1|A/cattle/Texas/24-008749-003/2024(H5N1)	408	1908
PB2|PP755596.1|A/cattle/Texas/24-008749-003/2024(H5N1)	409	1910
PB2|PP755596.1|A/cattle/Texas/24-008749-003/2024(H5N1)	410	1893
PB2|PP755596.1|A/cattle/Texas/24-008749-003/2024(H5N1)	411	1889
PB2|PP755596.1|A/cattle/Texas/24-008749-003/2024(H5N1)	412	1889
PB2|PP755596.1|A/cattle/Texas/24-008749-003/2024(H5N1)	413	1882
PB2|PP755596.1|A/cattle/Texas/24-008749-003/2024(H5N1)	414	1848
PB2|PP755596.1|A/cattle/Texas/24-008749-003/2024(H5N1)	415	1854
PB2|PP755596.1|A/cattle/Texas/24-008749-003/2024(H5N1)	416	1827
PB2|PP755596.1|A/cattle/Texas/24-008749-003/2024(H5N1)	417	1832
PB2|PP755596.1|A/cattle/Texas/24-008749-003/2024(H5N1)	418	1832
PB2|PP755596.1|A/cattle/Texas/24-008749-003/2024(H5N1)	419	1868
PB2|PP755596.1|A/cattle/Texas/24-008749-003/2024(H5N1)	420	1876
PB2|PP755596.1|A/cattle/Texas/24-008749-003/2024(H5N1)	421	1876
PB2|PP755596.1|A/cattle/Texas/24-008749-003/2024(H5N1)	422	1830
PB2|PP755596.1|A/cattle/Texas/24-008749-003/2024(H5N1)	423	1804
PB2|PP755596.1|A/cattle/Texas/24-008749-003/2024(H5N1)	424	1805
PB2|PP755596.1|A/cattle/Texas/24-008749-003/2024(H5N1)	425	1811
PB2|PP755596.1|A/cattle/Texas/24-008749-003/2024(H5N1)	426	1833
PB2|PP755596.1|A/cattle/Texas/24-008749-003/2024(H5N1)	427	1809
PB2|PP755596.1|A/cattle/Texas/24-008749-003/2024(H5N1)	428	1770
PB2|PP755596.1|A/cattle/Texas/24-008749-003/2024(H5N1)	429	1769
PB2|PP755596.1|A/cattle/Texas/24-008749-003/2024(H5N1)	430	1770
PB2|PP755596.1|A/cattle/Texas/24-008749-003/2024(H5N1)	431	1778
PB2|PP755596.1|A/cattle/Texas/24-008749-003/2024(H5N1)	432	1786
PB2|PP755596.1|A/cattle/Texas/24-008749-003/2024(H5N1)	433	1765
PB2|PP755596.1|A/cattle/Texas/24-008749-003/2024(H5N1)	434	1759
PB2|PP755596.1|A/cattle/Texas/24-008749-003/2024(H5N1)	435	1809
PB2|PP755596.1|A/cattle/Texas/24-008749-003/2024(H5N1)	436	1810
PB2|PP755596.1|A/cattle/Texas/24-008749-003/2024(H5N1)	437	1925
PB2|PP755596.1|A/cattle/Texas/24-008749-003/2024(H5N1)	438	1923
PB2|PP755596.1|A/cattle/Texas/24-008749-003/2024(H5N1)	439	1922
PB2|PP755596.1|A/cattle/Texas/24-008749-003/2024(H5N1)	440	1919
PB2|PP755596.1|A/cattle/Texas/24-008749-003/2024(H5N1)	441	1911
PB2|PP755596.1|A/cattle/Texas/24-008749-003/2024(H5N1)	442	1937
PB2|PP755596.1|A/cattle/Texas/24-008749-003/2024(H5N1)	443	1958
PB2|PP755596.1|A/cattle/Texas/24-008749-003/2024(H5N1)	444	1925
PB2|PP755596.1|A/cattle/Texas/24-008749-003/2024(H5N1)	445	1924
PB2|PP755596.1|A/cattle/Texas/24-008749-003/2024(H5N1)	446	1811
PB2|PP755596.1|A/cattle/Texas/24-008749-003/2024(H5N1)	447	1823
PB2|PP755596.1|A/cattle/Texas/24-008749-003/2024(H5N1)	448	1794
PB2|PP755596.1|A/cattle/Texas/24-008749-003/2024(H5N1)	449	1794
PB2|PP755596.1|A/cattle/Texas/24-008749-003/2024(H5N1)	450	1792
PB2|PP755596.1|A/cattle/Texas/24-008749-003/2024(H5N1)	451	1773
PB2|PP755596.1|A/cattle/Texas/24-008749-003/2024(H5N1)	452	1829
PB2|PP755596.1|A/cattle/Texas/24-008749-003/2024(H5N1)	453	1804
PB2|PP755596.1|A/cattle/Texas/24-008749-003/2024(H5N1)	454	1830
PB2|PP755596.1|A/cattle/Texas/24-008749-003/2024(H5N1)	455	1840
PB2|PP755596.1|A/cattle/Texas/24-008749-003/2024(H5N1)	456	1852
PB2|PP755596.1|A/cattle/Texas/24-008749-003/2024(H5N1)	457	1855
PB2|PP755596.1|A/cattle/Texas/24-008749-003/2024(H5N1)	458	1901
PB2|PP755596.1|A/cattle/Texas/24-008749-003/2024(H5N1)	459	1918
PB2|PP755596.1|A/cattle/Texas/24-008749-003/2024(H5N1)	460	1917
PB2|PP755596.1|A/cattle/Texas/24-008749-003/2024(H5N1)	461	1865
PB2|PP755596.1|A/cattle/Texas/24-008749-003/2024(H5N1)	462	1868
PB2|PP755596.1|A/cattle/Texas/24-008749-003/2024(H5N1)	463	1833
PB2|PP755596.1|A/cattle/Texas/24-008749-003/2024(H5N1)	464	1873
PB2|PP755596.1|A/cattle/Texas/24-008749-003/2024(H5N1)	465	1929
PB2|PP755596.1|A/cattle/Texas/24-008749-003/2024(H5N1)	466	1921
PB2|PP755596.1|A/cattle/Texas/24-008749-003/2024(H5N1)	467	1928
PB2|PP755596.1|A/cattle/Texas/24-008749-003/2024(H5N1)	468	1904
PB2|PP755596.1|A/cattle/Texas/24-008749-003/2024(H5N1)	469	1909
PB2|PP755596.1|A/cattle/Texas/24-008749-003/2024(H5N1)	470	1918
PB2|PP755596.1|A/cattle/Texas/24-008749-003/2024(H5N1)	471	1901
PB2|PP755596.1|A/cattle/Texas/24-008749-003/2024(H5N1)	472	1902
PB2|PP755596.1|A/cattle/Texas/24-008749-003/2024(H5N1)	473	1848
PB2|PP755596.1|A/cattle/Texas/24-008749-003/2024(H5N1)	474	1852
PB2|PP755596.1|A/cattle/Texas/24-008749-003/2024(H5N1)	475	1871
PB2|PP755596.1|A/cattle/Texas/24-008749-003/2024(H5N1)	476	1872
PB2|PP755596.1|A/cattle/Texas/24-008749-003/2024(H5N1)	477	1870
PB2|PP755596.1|A/cattle/Texas/24-008749-003/2024(H5N1)	478	1859
PB2|PP755596.1|A/cattle/Texas/24-008749-003/2024(H5N1)	479	1857
PB2|PP755596.1|A/cattle/Texas/24-008749-003/2024(H5N1)	480	1910
PB2|PP755596.1|A/cattle/Texas/24-008749-003/2024(H5N1)	481	1910
PB2|PP755596.1|A/cattle/Texas/24-008749-003/2024(H5N1)	482	1974
PB2|PP755596.1|A/cattle/Texas/24-008749-003/2024(H5N1)	483	1880
PB2|PP755596.1|A/cattle/Texas/24-008749-003/2024(H5N1)	484	1875
PB2|PP755596.1|A/cattle/Texas/24-008749-003/2024(H5N1)	485	1879
PB2|PP755596.1|A/cattle/Texas/24-008749-003/2024(H5N1)	486	1893
PB2|PP755596.1|A/cattle/Texas/24-008749-003/2024(H5N1)	487	1904
PB2|PP755596.1|A/cattle/Texas/24-008749-003/2024(H5N1)	488	1910
PB2|PP755596.1|A/cattle/Texas/24-008749-003/2024(H5N1)	489	1835
PB2|PP755596.1|A/cattle/Texas/24-008749-003/2024(H5N1)	490	1829
PB2|PP755596.1|A/cattle/Texas/24-008749-003/2024(H5N1)	491	1819
PB2|PP755596.1|A/cattle/Texas/24-008749-003/2024(H5N1)	492	1819
PB2|PP755596.1|A/cattle/Texas/24-008749-003/2024(H5N1)	493	1828
PB2|PP755596.1|A/cattle/Texas/24-008749-003/2024(H5N1)	494	1836
PB2|PP755596.1|A/cattle/Texas/24-008749-003/2024(H5N1)	495	1831
PB2|PP755596.1|A/cattle/Texas/24-008749-003/2024(H5N1)	496	1830
PB2|PP755596.1|A/cattle/Texas/24-008749-003/2024(H5N1)	497	1818
PB2|PP755596.1|A/cattle/Texas/24-008749-003/2024(H5N1)	498	1807
PB2|PP755596.1|A/cattle/Texas/24-008749-003/2024(H5N1)	499	1748
PB2|PP755596.1|A/cattle/Texas/24-008749-003/2024(H5N1)	500	1785
PB2|PP755596.1|A/cattle/Texas/24-008749-003/2024(H5N1)	501	1784
PB2|PP755596.1|A/cattle/Texas/24-008749-003/2024(H5N1)	502	1774
PB2|PP755596.1|A/cattle/Texas/24-008749-003/2024(H5N1)	503	1781
PB2|PP755596.1|A/cattle/Texas/24-008749-003/2024(H5N1)	504	1789
PB2|PP755596.1|A/cattle/Texas/24-008749-003/2024(H5N1)	505	1809
PB2|PP755596.1|A/cattle/Texas/24-008749-003/2024(H5N1)	506	1822
PB2|PP755596.1|A/cattle/Texas/24-008749-003/2024(H5N1)	507	1822
PB2|PP755596.1|A/cattle/Texas/24-008749-003/2024(H5N1)	508	1819
PB2|PP755596.1|A/cattle/Texas/24-008749-003/2024(H5N1)	509	1824
PB2|PP755596.1|A/cattle/Texas/24-008749-003/2024(H5N1)	510	1827
PB2|PP755596.1|A/cattle/Texas/24-008749-003/2024(H5N1)	511	1827
PB2|PP755596.1|A/cattle/Texas/24-008749-003/2024(H5N1)	512	1810
PB2|PP755596.1|A/cattle/Texas/24-008749-003/2024(H5N1)	513	1805
PB2|PP755596.1|A/cattle/Texas/24-008749-003/2024(H5N1)	514	1810
PB2|PP755596.1|A/cattle/Texas/24-008749-003/2024(H5N1)	515	1799
PB2|PP755596.1|A/cattle/Texas/24-008749-003/2024(H5N1)	516	1794
PB2|PP755596.1|A/cattle/Texas/24-008749-003/2024(H5N1)	517	1795
PB2|PP755596.1|A/cattle/Texas/24-008749-003/2024(H5N1)	518	1804
PB2|PP755596.1|A/cattle/Texas/24-008749-003/2024(H5N1)	519	1806
PB2|PP755596.1|A/cattle/Texas/24-008749-003/2024(H5N1)	520	1806
PB2|PP755596.1|A/cattle/Texas/24-008749-003/2024(H5N1)	521	1741
PB2|PP755596.1|A/cattle/Texas/24-008749-003/2024(H5N1)	522	1741
PB2|PP755596.1|A/cattle/Texas/24-008749-003/2024(H5N1)	523	1726
PB2|PP755596.1|A/cattle/Texas/24-008749-003/2024(H5N1)	524	1739
PB2|PP755596.1|A/cattle/Texas/24-008749-003/2024(H5N1)	525	1763
PB2|PP755596.1|A/cattle/Texas/24-008749-003/2024(H5N1)	526	1778
PB2|PP755596.1|A/cattle/Texas/24-008749-003/2024(H5N1)	527	1786
PB2|PP755596.1|A/cattle/Texas/24-008749-003/2024(H5N1)	528	1789
PB2|PP755596.1|A/cattle/Texas/24-008749-003/2024(H5N1)	529	1789
PB2|PP755596.1|A/cattle/Texas/24-008749-003/2024(H5N1)	530	1783
PB2|PP755596.1|A/cattle/Texas/24-008749-003/2024(H5N1)	531	1784
PB2|PP755596.1|A/cattle/Texas/24-008749-003/2024(H5N1)	532	1789
PB2|PP755596.1|A/cattle/Texas/24-008749-003/2024(H5N1)	533	1781
PB2|PP755596.1|A/cattle/Texas/24-008749-003/2024(H5N1)	534	1780
PB2|PP755596.1|A/cattle/Texas/24-008749-003/2024(H5N1)	535	1795
PB2|PP755596.1|A/cattle/Texas/24-008749-003/2024(H5N1)	536	1764
PB2|PP755596.1|A/cattle/Texas/24-008749-003/2024(H5N1)	537	1761
PB2|PP755596.1|A/cattle/Texas/24-008749-003/2024(H5N1)	538	1775
PB2|PP755596.1|A/cattle/Texas/24-008749-003/2024(H5N1)	539	1794
PB2|PP755596.1|A/cattle/Texas/24-008749-003/2024(H5N1)	540	1793
PB2|PP755596.1|A/cattle/Texas/24-008749-003/2024(H5N1)	541	1878
PB2|PP755596.1|A/cattle/Texas/24-008749-003/2024(H5N1)	542	1792
PB2|PP755596.1|A/cattle/Texas/24-008749-003/2024(H5N1)	543	1792
PB2|PP755596.1|A/cattle/Texas/24-008749-003/2024(H5N1)	544	1803
PB2|PP755596.1|A/cattle/Texas/24-008749-003/2024(H5N1)	545	1803
PB2|PP755596.1|A/cattle/Texas/24-008749-003/2024(H5N1)	546	1809
PB2|PP755596.1|A/cattle/Texas/24-008749-003/2024(H5N1)	547	1795
PB2|PP755596.1|A/cattle/Texas/24-008749-003/2024(H5N1)	548	1732
PB2|PP755596.1|A/cattle/Texas/24-008749-003/2024(H5N1)	549	1745
PB2|PP755596.1|A/cattle/Texas/24-008749-003/2024(H5N1)	550	1761
PB2|PP755596.1|A/cattle/Texas/24-008749-003/2024(H5N1)	551	1768
PB2|PP755596.1|A/cattle/Texas/24-008749-003/2024(H5N1)	552	1767
PB2|PP755596.1|A/cattle/Texas/24-008749-003/2024(H5N1)	553	1729
PB2|PP755596.1|A/cattle/Texas/24-008749-003/2024(H5N1)	554	1762
PB2|PP755596.1|A/cattle/Texas/24-008749-003/2024(H5N1)	555	1757
PB2|PP755596.1|A/cattle/Texas/24-008749-003/2024(H5N1)	556	1762
PB2|PP755596.1|A/cattle/Texas/24-008749-003/2024(H5N1)	557	1762
PB2|PP755596.1|A/cattle/Texas/24-008749-003/2024(H5N1)	558	1752
PB2|PP755596.1|A/cattle/Texas/24-008749-003/2024(H5N1)	559	1753
PB2|PP755596.1|A/cattle/Texas/24-008749-003/2024(H5N1)	560	1746
PB2|PP755596.1|A/cattle/Texas/24-008749-003/2024(H5N1)	561	1761
PB2|PP755596.1|A/cattle/Texas/24-008749-003/2024(H5N1)	562	1772
PB2|PP755596.1|A/cattle/Texas/24-008749-003/2024(H5N1)	563	1767
PB2|PP755596.1|A/cattle/Texas/24-008749-003/2024(H5N1)	564	1774
PB2|PP755596.1|A/cattle/Texas/24-008749-003/2024(H5N1)	565	1760
PB2|PP755596.1|A/cattle/Texas/24-008749-003/2024(H5N1)	566	1756
PB2|PP755596.1|A/cattle/Texas/24-008749-003/2024(H5N1)	567	1765
PB2|PP755596.1|A/cattle/Texas/24-008749-003/2024(H5N1)	568	1812
PB2|PP755596.1|A/cattle/Texas/24-008749-003/2024(H5N1)	569	1813
PB2|PP755596.1|A/cattle/Texas/24-008749-003/2024(H5N1)	570	1778
PB2|PP755596.1|A/cattle/Texas/24-008749-003/2024(H5N1)	571	1787
PB2|PP755596.1|A/cattle/Texas/24-008749-003/2024(H5N1)	572	1788
PB2|PP755596.1|A/cattle/Texas/24-008749-003/2024(H5N1)	573	1785
PB2|PP755596.1|A/cattle/Texas/24-008749-003/2024(H5N1)	574	1800
PB2|PP755596.1|A/cattle/Texas/24-008749-003/2024(H5N1)	575	1798
PB2|PP755596.1|A/cattle/Texas/24-008749-003/2024(H5N1)	576	1785
PB2|PP755596.1|A/cattle/Texas/24-008749-003/2024(H5N1)	577	1853
PB2|PP755596.1|A/cattle/Texas/24-008749-003/2024(H5N1)	578	1850
PB2|PP755596.1|A/cattle/Texas/24-008749-003/2024(H5N1)	579	1872
PB2|PP755596.1|A/cattle/Texas/24-008749-003/2024(H5N1)	580	1863
PB2|PP755596.1|A/cattle/Texas/24-008749-003/2024(H5N1)	581	1859
PB2|PP755596.1|A/cattle/Texas/24-008749-003/2024(H5N1)	582	1854
PB2|PP755596.1|A/cattle/Texas/24-008749-003/2024(H5N1)	583	1842
PB2|PP755596.1|A/cattle/Texas/24-008749-003/2024(H5N1)	584	1838
PB2|PP755596.1|A/cattle/Texas/24-008749-003/2024(H5N1)	585	1770
PB2|PP755596.1|A/cattle/Texas/24-008749-003/2024(H5N1)	586	1725
PB2|PP755596.1|A/cattle/Texas/24-008749-003/2024(H5N1)	587	1728
PB2|PP755596.1|A/cattle/Texas/24-008749-003/2024(H5N1)	588	1754
PB2|PP755596.1|A/cattle/Texas/24-008749-003/2024(H5N1)	589	1755
PB2|PP755596.1|A/cattle/Texas/24-008749-003/2024(H5N1)	590	1755
PB2|PP755596.1|A/cattle/Texas/24-008749-003/2024(H5N1)	591	1752
PB2|PP755596.1|A/cattle/Texas/24-008749-003/2024(H5N1)	592	1779
PB2|PP755596.1|A/cattle/Texas/24-008749-003/2024(H5N1)	593	1763
PB2|PP755596.1|A/cattle/Texas/24-008749-003/2024(H5N1)	594	1740
PB2|PP755596.1|A/cattle/Texas/24-008749-003/2024(H5N1)	595	1740
PB2|PP755596.1|A/cattle/Texas/24-008749-003/2024(H5N1)	596	1745
PB2|PP755596.1|A/cattle/Texas/24-008749-003/2024(H5N1)	597	1731
PB2|PP755596.1|A/cattle/Texas/24-008749-003/2024(H5N1)	598	1769
PB2|PP755596.1|A/cattle/Texas/24-008749-003/2024(H5N1)	599	1766
PB2|PP755596.1|A/cattle/Texas/24-008749-003/2024(H5N1)	600	1806
PB2|PP755596.1|A/cattle/Texas/24-008749-003/2024(H5N1)	601	1754
PB2|PP755596.1|A/cattle/Texas/24-008749-003/2024(H5N1)	602	1753
PB2|PP755596.1|A/cattle/Texas/24-008749-003/2024(H5N1)	603	1753
PB2|PP755596.1|A/cattle/Texas/24-008749-003/2024(H5N1)	604	1758
PB2|PP755596.1|A/cattle/Texas/24-008749-003/2024(H5N1)	605	1727
PB2|PP755596.1|A/cattle/Texas/24-008749-003/2024(H5N1)	606	1731
PB2|PP755596.1|A/cattle/Texas/24-008749-003/2024(H5N1)	607	1728
PB2|PP755596.1|A/cattle/Texas/24-008749-003/2024(H5N1)	608	1731
PB2|PP755596.1|A/cattle/Texas/24-008749-003/2024(H5N1)	609	1693
PB2|PP755596.1|A/cattle/Texas/24-008749-003/2024(H5N1)	610	1671
PB2|PP755596.1|A/cattle/Texas/24-008749-003/2024(H5N1)	611	1675
PB2|PP755596.1|A/cattle/Texas/24-008749-003/2024(H5N1)	612	1673
PB2|PP755596.1|A/cattle/Texas/24-008749-003/2024(H5N1)	613	1671
PB2|PP755596.1|A/cattle/Texas/24-008749-003/2024(H5N1)	614	1675
PB2|PP755596.1|A/cattle/Texas/24-008749-003/2024(H5N1)	615	1629
PB2|PP755596.1|A/cattle/Texas/24-008749-003/2024(H5N1)	616	1582
PB2|PP755596.1|A/cattle/Texas/24-008749-003/2024(H5N1)	617	1568
PB2|PP755596.1|A/cattle/Texas/24-008749-003/2024(H5N1)	618	1579
PB2|PP755596.1|A/cattle/Texas/24-008749-003/2024(H5N1)	619	1643
PB2|PP755596.1|A/cattle/Texas/24-008749-003/2024(H5N1)	620	1640
PB2|PP755596.1|A/cattle/Texas/24-008749-003/2024(H5N1)	621	1634
PB2|PP755596.1|A/cattle/Texas/24-008749-003/2024(H5N1)	622	1634
PB2|PP755596.1|A/cattle/Texas/24-008749-003/2024(H5N1)	623	1677
PB2|PP755596.1|A/cattle/Texas/24-008749-003/2024(H5N1)	624	1694
PB2|PP755596.1|A/cattle/Texas/24-008749-003/2024(H5N1)	625	1678
PB2|PP755596.1|A/cattle/Texas/24-008749-003/2024(H5N1)	626	1669
PB2|PP755596.1|A/cattle/Texas/24-008749-003/2024(H5N1)	627	1651
PB2|PP755596.1|A/cattle/Texas/24-008749-003/2024(H5N1)	628	1668
PB2|PP755596.1|A/cattle/Texas/24-008749-003/2024(H5N1)	629	1658
PB2|PP755596.1|A/cattle/Texas/24-008749-003/2024(H5N1)	630	1657
PB2|PP755596.1|A/cattle/Texas/24-008749-003/2024(H5N1)	631	1642
PB2|PP755596.1|A/cattle/Texas/24-008749-003/2024(H5N1)	632	1597
PB2|PP755596.1|A/cattle/Texas/24-008749-003/2024(H5N1)	633	1603
PB2|PP755596.1|A/cattle/Texas/24-008749-003/2024(H5N1)	634	1606
PB2|PP755596.1|A/cattle/Texas/24-008749-003/2024(H5N1)	635	1607
PB2|PP755596.1|A/cattle/Texas/24-008749-003/2024(H5N1)	636	1608
PB2|PP755596.1|A/cattle/Texas/24-008749-003/2024(H5N1)	637	1588
PB2|PP755596.1|A/cattle/Texas/24-008749-003/2024(H5N1)	638	1589
PB2|PP755596.1|A/cattle/Texas/24-008749-003/2024(H5N1)	639	1572
PB2|PP755596.1|A/cattle/Texas/24-008749-003/2024(H5N1)	640	1573
PB2|PP755596.1|A/cattle/Texas/24-008749-003/2024(H5N1)	641	1607
PB2|PP755596.1|A/cattle/Texas/24-008749-003/2024(H5N1)	642	1600
PB2|PP755596.1|A/cattle/Texas/24-008749-003/2024(H5N1)	643	1606
PB2|PP755596.1|A/cattle/Texas/24-008749-003/2024(H5N1)	644	1593
PB2|PP755596.1|A/cattle/Texas/24-008749-003/2024(H5N1)	645	1622
PB2|PP755596.1|A/cattle/Texas/24-008749-003/2024(H5N1)	646	1629
PB2|PP755596.1|A/cattle/Texas/24-008749-003/2024(H5N1)	647	1648
PB2|PP755596.1|A/cattle/Texas/24-008749-003/2024(H5N1)	648	1659
PB2|PP755596.1|A/cattle/Texas/24-008749-003/2024(H5N1)	649	1657
PB2|PP755596.1|A/cattle/Texas/24-008749-003/2024(H5N1)	650	1632
PB2|PP755596.1|A/cattle/Texas/24-008749-003/2024(H5N1)	651	1622
PB2|PP755596.1|A/cattle/Texas/24-008749-003/2024(H5N1)	652	1621
PB2|PP755596.1|A/cattle/Texas/24-008749-003/2024(H5N1)	653	1623
PB2|PP755596.1|A/cattle/Texas/24-008749-003/2024(H5N1)	654	1675
PB2|PP755596.1|A/cattle/Texas/24-008749-003/2024(H5N1)	655	1667
PB2|PP755596.1|A/cattle/Texas/24-008749-003/2024(H5N1)	656	1649
PB2|PP755596.1|A/cattle/Texas/24-008749-003/2024(H5N1)	657	1632
PB2|PP755596.1|A/cattle/Texas/24-008749-003/2024(H5N1)	658	1636
PB2|PP755596.1|A/cattle/Texas/24-008749-003/2024(H5N1)	659	1646
PB2|PP755596.1|A/cattle/Texas/24-008749-003/2024(H5N1)	660	1637
PB2|PP755596.1|A/cattle/Texas/24-008749-003/2024(H5N1)	661	1637
PB2|PP755596.1|A/cattle/Texas/24-008749-003/2024(H5N1)	662	1625
PB2|PP755596.1|A/cattle/Texas/24-008749-003/2024(H5N1)	663	1617
PB2|PP755596.1|A/cattle/Texas/24-008749-003/2024(H5N1)	664	1624
PB2|PP755596.1|A/cattle/Texas/24-008749-003/2024(H5N1)	665	1660
PB2|PP755596.1|A/cattle/Texas/24-008749-003/2024(H5N1)	666	1665
PB2|PP755596.1|A/cattle/Texas/24-008749-003/2024(H5N1)	667	1676
PB2|PP755596.1|A/cattle/Texas/24-008749-003/2024(H5N1)	668	1679
PB2|PP755596.1|A/cattle/Texas/24-008749-003/2024(H5N1)	669	1692
PB2|PP755596.1|A/cattle/Texas/24-008749-003/2024(H5N1)	670	1690
PB2|PP755596.1|A/cattle/Texas/24-008749-003/2024(H5N1)	671	1730
PB2|PP755596.1|A/cattle/Texas/24-008749-003/2024(H5N1)	672	1737
PB2|PP755596.1|A/cattle/Texas/24-008749-003/2024(H5N1)	673	1726
PB2|PP755596.1|A/cattle/Texas/24-008749-003/2024(H5N1)	674	1731
PB2|PP755596.1|A/cattle/Texas/24-008749-003/2024(H5N1)	675	1720
PB2|PP755596.1|A/cattle/Texas/24-008749-003/2024(H5N1)	676	1701
PB2|PP755596.1|A/cattle/Texas/24-008749-003/2024(H5N1)	677	1727
PB2|PP755596.1|A/cattle/Texas/24-008749-003/2024(H5N1)	678	1737
PB2|PP755596.1|A/cattle/Texas/24-008749-003/2024(H5N1)	679	1763
PB2|PP755596.1|A/cattle/Texas/24-008749-003/2024(H5N1)	680	1756
PB2|PP755596.1|A/cattle/Texas/24-008749-003/2024(H5N1)	681	1758
PB2|PP755596.1|A/cattle/Texas/24-008749-003/2024(H5N1)	682	1755
PB2|PP755596.1|A/cattle/Texas/24-008749-003/2024(H5N1)	683	1868
PB2|PP755596.1|A/cattle/Texas/24-008749-003/2024(H5N1)	684	1868
PB2|PP755596.1|A/cattle/Texas/24-008749-003/2024(H5N1)	685	1866
PB2|PP755596.1|A/cattle/Texas/24-008749-003/2024(H5N1)	686	1847
PB2|PP755596.1|A/cattle/Texas/24-008749-003/2024(H5N1)	687	1799
PB2|PP755596.1|A/cattle/Texas/24-008749-003/2024(H5N1)	688	1788
PB2|PP755596.1|A/cattle/Texas/24-008749-003/2024(H5N1)	689	1767
PB2|PP755596.1|A/cattle/Texas/24-008749-003/2024(H5N1)	690	1758
PB2|PP755596.1|A/cattle/Texas/24-008749-003/2024(H5N1)	691	1777
PB2|PP755596.1|A/cattle/Texas/24-008749-003/2024(H5N1)	692	1697
PB2|PP755596.1|A/cattle/Texas/24-008749-003/2024(H5N1)	693	1695
PB2|PP755596.1|A/cattle/Texas/24-008749-003/2024(H5N1)	694	1691
PB2|PP755596.1|A/cattle/Texas/24-008749-003/2024(H5N1)	695	1687
PB2|PP755596.1|A/cattle/Texas/24-008749-003/2024(H5N1)	696	1715
PB2|PP755596.1|A/cattle/Texas/24-008749-003/2024(H5N1)	697	1830
PB2|PP755596.1|A/cattle/Texas/24-008749-003/2024(H5N1)	698	1841
PB2|PP755596.1|A/cattle/Texas/24-008749-003/2024(H5N1)	699	1841
PB2|PP755596.1|A/cattle/Texas/24-008749-003/2024(H5N1)	700	1806
PB2|PP755596.1|A/cattle/Texas/24-008749-003/2024(H5N1)	701	1805
PB2|PP755596.1|A/cattle/Texas/24-008749-003/2024(H5N1)	702	1806
PB2|PP755596.1|A/cattle/Texas/24-008749-003/2024(H5N1)	703	1813
PB2|PP755596.1|A/cattle/Texas/24-008749-003/2024(H5N1)	704	1817
PB2|PP755596.1|A/cattle/Texas/24-008749-003/2024(H5N1)	705	1798
PB2|PP755596.1|A/cattle/Texas/24-008749-003/2024(H5N1)	706	1791
PB2|PP755596.1|A/cattle/Texas/24-008749-003/2024(H5N1)	707	1789
PB2|PP755596.1|A/cattle/Texas/24-008749-003/2024(H5N1)	708	1818
PB2|PP755596.1|A/cattle/Texas/24-008749-003/2024(H5N1)	709	1853
PB2|PP755596.1|A/cattle/Texas/24-008749-003/2024(H5N1)	710	1857
PB2|PP755596.1|A/cattle/Texas/24-008749-003/2024(H5N1)	711	1860
PB2|PP755596.1|A/cattle/Texas/24-008749-003/2024(H5N1)	712	1840
PB2|PP755596.1|A/cattle/Texas/24-008749-003/2024(H5N1)	713	1842
PB2|PP755596.1|A/cattle/Texas/24-008749-003/2024(H5N1)	714	1838
PB2|PP755596.1|A/cattle/Texas/24-008749-003/2024(H5N1)	715	1850
PB2|PP755596.1|A/cattle/Texas/24-008749-003/2024(H5N1)	716	1851
PB2|PP755596.1|A/cattle/Texas/24-008749-003/2024(H5N1)	717	1827
PB2|PP755596.1|A/cattle/Texas/24-008749-003/2024(H5N1)	718	1788
PB2|PP755596.1|A/cattle/Texas/24-008749-003/2024(H5N1)	719	1787
PB2|PP755596.1|A/cattle/Texas/24-008749-003/2024(H5N1)	720	1786
PB2|PP755596.1|A/cattle/Texas/24-008749-003/2024(H5N1)	721	1814
PB2|PP755596.1|A/cattle/Texas/24-008749-003/2024(H5N1)	722	1799
PB2|PP755596.1|A/cattle/Texas/24-008749-003/2024(H5N1)	723	1802
PB2|PP755596.1|A/cattle/Texas/24-008749-003/2024(H5N1)	724	1799
PB2|PP755596.1|A/cattle/Texas/24-008749-003/2024(H5N1)	725	1792
PB2|PP755596.1|A/cattle/Texas/24-008749-003/2024(H5N1)	726	1834
PB2|PP755596.1|A/cattle/Texas/24-008749-003/2024(H5N1)	727	1837
PB2|PP755596.1|A/cattle/Texas/24-008749-003/2024(H5N1)	728	1788
PB2|PP755596.1|A/cattle/Texas/24-008749-003/2024(H5N1)	729	1817
PB2|PP755596.1|A/cattle/Texas/24-008749-003/2024(H5N1)	730	1837
PB2|PP755596.1|A/cattle/Texas/24-008749-003/2024(H5N1)	731	1841
PB2|PP755596.1|A/cattle/Texas/24-008749-003/2024(H5N1)	732	1843
PB2|PP755596.1|A/cattle/Texas/24-008749-003/2024(H5N1)	733	1844
PB2|PP755596.1|A/cattle/Texas/24-008749-003/2024(H5N1)	734	1875
PB2|PP755596.1|A/cattle/Texas/24-008749-003/2024(H5N1)	735	1830
PB2|PP755596.1|A/cattle/Texas/24-008749-003/2024(H5N1)	736	1851
PB2|PP755596.1|A/cattle/Texas/24-008749-003/2024(H5N1)	737	1836
PB2|PP755596.1|A/cattle/Texas/24-008749-003/2024(H5N1)	738	1808
PB2|PP755596.1|A/cattle/Texas/24-008749-003/2024(H5N1)	739	1810
PB2|PP755596.1|A/cattle/Texas/24-008749-003/2024(H5N1)	740	1830
PB2|PP755596.1|A/cattle/Texas/24-008749-003/2024(H5N1)	741	1841
PB2|PP755596.1|A/cattle/Texas/24-008749-003/2024(H5N1)	742	1848
PB2|PP755596.1|A/cattle/Texas/24-008749-003/2024(H5N1)	743	1823
PB2|PP755596.1|A/cattle/Texas/24-008749-003/2024(H5N1)	744	1817
PB2|PP755596.1|A/cattle/Texas/24-008749-003/2024(H5N1)	745	1826
PB2|PP755596.1|A/cattle/Texas/24-008749-003/2024(H5N1)	746	1829
PB2|PP755596.1|A/cattle/Texas/24-008749-003/2024(H5N1)	747	1833
PB2|PP755596.1|A/cattle/Texas/24-008749-003/2024(H5N1)	748	1834
PB2|PP755596.1|A/cattle/Texas/24-008749-003/2024(H5N1)	749	1791
PB2|PP755596.1|A/cattle/Texas/24-008749-003/2024(H5N1)	750	1793
PB2|PP755596.1|A/cattle/Texas/24-008749-003/2024(H5N1)	751	1752
PB2|PP755596.1|A/cattle/Texas/24-008749-003/2024(H5N1)	752	1748
PB2|PP755596.1|A/cattle/Texas/24-008749-003/2024(H5N1)	753	1748
PB2|PP755596.1|A/cattle/Texas/24-008749-003/2024(H5N1)	754	1742
PB2|PP755596.1|A/cattle/Texas/24-008749-003/2024(H5N1)	755	1750
PB2|PP755596.1|A/cattle/Texas/24-008749-003/2024(H5N1)	756	1749
PB2|PP755596.1|A/cattle/Texas/24-008749-003/2024(H5N1)	757	1745
PB2|PP755596.1|A/cattle/Texas/24-008749-003/2024(H5N1)	758	1705
PB2|PP755596.1|A/cattle/Texas/24-008749-003/2024(H5N1)	759	1690
PB2|PP755596.1|A/cattle/Texas/24-008749-003/2024(H5N1)	760	1703
PB2|PP755596.1|A/cattle/Texas/24-008749-003/2024(H5N1)	761	1739
PB2|PP755596.1|A/cattle/Texas/24-008749-003/2024(H5N1)	762	1736
PB2|PP755596.1|A/cattle/Texas/24-008749-003/2024(H5N1)	763	1736
PB2|PP755596.1|A/cattle/Texas/24-008749-003/2024(H5N1)	764	1733
PB2|PP755596.1|A/cattle/Texas/24-008749-003/2024(H5N1)	765	1712
PB2|PP755596.1|A/cattle/Texas/24-008749-003/2024(H5N1)	766	1744
PB2|PP755596.1|A/cattle/Texas/24-008749-003/2024(H5N1)	767	1739
PB2|PP755596.1|A/cattle/Texas/24-008749-003/2024(H5N1)	768	1740
PB2|PP755596.1|A/cattle/Texas/24-008749-003/2024(H5N1)	769	1712
PB2|PP755596.1|A/cattle/Texas/24-008749-003/2024(H5N1)	770	1687
PB2|PP755596.1|A/cattle/Texas/24-008749-003/2024(H5N1)	771	1687
PB2|PP755596.1|A/cattle/Texas/24-008749-003/2024(H5N1)	772	1702
PB2|PP755596.1|A/cattle/Texas/24-008749-003/2024(H5N1)	773	1718
PB2|PP755596.1|A/cattle/Texas/24-008749-003/2024(H5N1)	774	1685
PB2|PP755596.1|A/cattle/Texas/24-008749-003/2024(H5N1)	775	1668
PB2|PP755596.1|A/cattle/Texas/24-008749-003/2024(H5N1)	776	1671
PB2|PP755596.1|A/cattle/Texas/24-008749-003/2024(H5N1)	777	1666
PB2|PP755596.1|A/cattle/Texas/24-008749-003/2024(H5N1)	778	1668
PB2|PP755596.1|A/cattle/Texas/24-008749-003/2024(H5N1)	779	1654
PB2|PP755596.1|A/cattle/Texas/24-008749-003/2024(H5N1)	780	1648
PB2|PP755596.1|A/cattle/Texas/24-008749-003/2024(H5N1)	781	1618
PB2|PP755596.1|A/cattle/Texas/24-008749-003/2024(H5N1)	782	1599
PB2|PP755596.1|A/cattle/Texas/24-008749-003/2024(H5N1)	783	1590
PB2|PP755596.1|A/cattle/Texas/24-008749-003/2024(H5N1)	784	1595
PB2|PP755596.1|A/cattle/Texas/24-008749-003/2024(H5N1)	785	1615
PB2|PP755596.1|A/cattle/Texas/24-008749-003/2024(H5N1)	786	1610
PB2|PP755596.1|A/cattle/Texas/24-008749-003/2024(H5N1)	787	1610
PB2|PP755596.1|A/cattle/Texas/24-008749-003/2024(H5N1)	788	1610
PB2|PP755596.1|A/cattle/Texas/24-008749-003/2024(H5N1)	789	1606
PB2|PP755596.1|A/cattle/Texas/24-008749-003/2024(H5N1)	790	1605
PB2|PP755596.1|A/cattle/Texas/24-008749-003/2024(H5N1)	791	1606
PB2|PP755596.1|A/cattle/Texas/24-008749-003/2024(H5N1)	792	1576
PB2|PP755596.1|A/cattle/Texas/24-008749-003/2024(H5N1)	793	1573
PB2|PP755596.1|A/cattle/Texas/24-008749-003/2024(H5N1)	794	1566
PB2|PP755596.1|A/cattle/Texas/24-008749-003/2024(H5N1)	795	1524
PB2|PP755596.1|A/cattle/Texas/24-008749-003/2024(H5N1)	796	1522
PB2|PP755596.1|A/cattle/Texas/24-008749-003/2024(H5N1)	797	1752
PB2|PP755596.1|A/cattle/Texas/24-008749-003/2024(H5N1)	798	1760
PB2|PP755596.1|A/cattle/Texas/24-008749-003/2024(H5N1)	799	1765
PB2|PP755596.1|A/cattle/Texas/24-008749-003/2024(H5N1)	800	1772
PB2|PP755596.1|A/cattle/Texas/24-008749-003/2024(H5N1)	801	1774
PB2|PP755596.1|A/cattle/Texas/24-008749-003/2024(H5N1)	802	1774
PB2|PP755596.1|A/cattle/Texas/24-008749-003/2024(H5N1)	803	1794
PB2|PP755596.1|A/cattle/Texas/24-008749-003/2024(H5N1)	804	1829
PB2|PP755596.1|A/cattle/Texas/24-008749-003/2024(H5N1)	805	1779
PB2|PP755596.1|A/cattle/Texas/24-008749-003/2024(H5N1)	806	1814
PB2|PP755596.1|A/cattle/Texas/24-008749-003/2024(H5N1)	807	1806
PB2|PP755596.1|A/cattle/Texas/24-008749-003/2024(H5N1)	808	1812
PB2|PP755596.1|A/cattle/Texas/24-008749-003/2024(H5N1)	809	1808
PB2|PP755596.1|A/cattle/Texas/24-008749-003/2024(H5N1)	810	1817
PB2|PP755596.1|A/cattle/Texas/24-008749-003/2024(H5N1)	811	1817
PB2|PP755596.1|A/cattle/Texas/24-008749-003/2024(H5N1)	812	1823
PB2|PP755596.1|A/cattle/Texas/24-008749-003/2024(H5N1)	813	1828
PB2|PP755596.1|A/cattle/Texas/24-008749-003/2024(H5N1)	814	1877
PB2|PP755596.1|A/cattle/Texas/24-008749-003/2024(H5N1)	815	1867
PB2|PP755596.1|A/cattle/Texas/24-008749-003/2024(H5N1)	816	1864
PB2|PP755596.1|A/cattle/Texas/24-008749-003/2024(H5N1)	817	1869
PB2|PP755596.1|A/cattle/Texas/24-008749-003/2024(H5N1)	818	1872
PB2|PP755596.1|A/cattle/Texas/24-008749-003/2024(H5N1)	819	1872
PB2|PP755596.1|A/cattle/Texas/24-008749-003/2024(H5N1)	820	1854
PB2|PP755596.1|A/cattle/Texas/24-008749-003/2024(H5N1)	821	1851
PB2|PP755596.1|A/cattle/Texas/24-008749-003/2024(H5N1)	822	1798
PB2|PP755596.1|A/cattle/Texas/24-008749-003/2024(H5N1)	823	1793
PB2|PP755596.1|A/cattle/Texas/24-008749-003/2024(H5N1)	824	1817
PB2|PP755596.1|A/cattle/Texas/24-008749-003/2024(H5N1)	825	1844
PB2|PP755596.1|A/cattle/Texas/24-008749-003/2024(H5N1)	826	1840
PB2|PP755596.1|A/cattle/Texas/24-008749-003/2024(H5N1)	827	1796
PB2|PP755596.1|A/cattle/Texas/24-008749-003/2024(H5N1)	828	1794
PB2|PP755596.1|A/cattle/Texas/24-008749-003/2024(H5N1)	829	1819
PB2|PP755596.1|A/cattle/Texas/24-008749-003/2024(H5N1)	830	1794
PB2|PP755596.1|A/cattle/Texas/24-008749-003/2024(H5N1)	831	1793
PB2|PP755596.1|A/cattle/Texas/24-008749-003/2024(H5N1)	832	1788
PB2|PP755596.1|A/cattle/Texas/24-008749-003/2024(H5N1)	833	1722
PB2|PP755596.1|A/cattle/Texas/24-008749-003/2024(H5N1)	834	1672
PB2|PP755596.1|A/cattle/Texas/24-008749-003/2024(H5N1)	835	1678
PB2|PP755596.1|A/cattle/Texas/24-008749-003/2024(H5N1)	836	1693
PB2|PP755596.1|A/cattle/Texas/24-008749-003/2024(H5N1)	837	1698
PB2|PP755596.1|A/cattle/Texas/24-008749-003/2024(H5N1)	838	1811
PB2|PP755596.1|A/cattle/Texas/24-008749-003/2024(H5N1)	839	1809
PB2|PP755596.1|A/cattle/Texas/24-008749-003/2024(H5N1)	840	1819
PB2|PP755596.1|A/cattle/Texas/24-008749-003/2024(H5N1)	841	1817
PB2|PP755596.1|A/cattle/Texas/24-008749-003/2024(H5N1)	842	1797
PB2|PP755596.1|A/cattle/Texas/24-008749-003/2024(H5N1)	843	1802
PB2|PP755596.1|A/cattle/Texas/24-008749-003/2024(H5N1)	844	1799
PB2|PP755596.1|A/cattle/Texas/24-008749-003/2024(H5N1)	845	1784
PB2|PP755596.1|A/cattle/Texas/24-008749-003/2024(H5N1)	846	1787
PB2|PP755596.1|A/cattle/Texas/24-008749-003/2024(H5N1)	847	1668
PB2|PP755596.1|A/cattle/Texas/24-008749-003/2024(H5N1)	848	1656
PB2|PP755596.1|A/cattle/Texas/24-008749-003/2024(H5N1)	849	1684
PB2|PP755596.1|A/cattle/Texas/24-008749-003/2024(H5N1)	850	1687
PB2|PP755596.1|A/cattle/Texas/24-008749-003/2024(H5N1)	851	1688
PB2|PP755596.1|A/cattle/Texas/24-008749-003/2024(H5N1)	852	1685
PB2|PP755596.1|A/cattle/Texas/24-008749-003/2024(H5N1)	853	1699
PB2|PP755596.1|A/cattle/Texas/24-008749-003/2024(H5N1)	854	1698
PB2|PP755596.1|A/cattle/Texas/24-008749-003/2024(H5N1)	855	1691
PB2|PP755596.1|A/cattle/Texas/24-008749-003/2024(H5N1)	856	1678
PB2|PP755596.1|A/cattle/Texas/24-008749-003/2024(H5N1)	857	1695
PB2|PP755596.1|A/cattle/Texas/24-008749-003/2024(H5N1)	858	1665
PB2|PP755596.1|A/cattle/Texas/24-008749-003/2024(H5N1)	859	1661
PB2|PP755596.1|A/cattle/Texas/24-008749-003/2024(H5N1)	860	1659
PB2|PP755596.1|A/cattle/Texas/24-008749-003/2024(H5N1)	861	1652
PB2|PP755596.1|A/cattle/Texas/24-008749-003/2024(H5N1)	862	1674
PB2|PP755596.1|A/cattle/Texas/24-008749-003/2024(H5N1)	863	1673
PB2|PP755596.1|A/cattle/Texas/24-008749-003/2024(H5N1)	864	1686
PB2|PP755596.1|A/cattle/Texas/24-008749-003/2024(H5N1)	865	1686
PB2|PP755596.1|A/cattle/Texas/24-008749-003/2024(H5N1)	866	1669
PB2|PP755596.1|A/cattle/Texas/24-008749-003/2024(H5N1)	867	1670
PB2|PP755596.1|A/cattle/Texas/24-008749-003/2024(H5N1)	868	1672
PB2|PP755596.1|A/cattle/Texas/24-008749-003/2024(H5N1)	869	1668
PB2|PP755596.1|A/cattle/Texas/24-008749-003/2024(H5N1)	870	1669
PB2|PP755596.1|A/cattle/Texas/24-008749-003/2024(H5N1)	871	1672
PB2|PP755596.1|A/cattle/Texas/24-008749-003/2024(H5N1)	872	1714
PB2|PP755596.1|A/cattle/Texas/24-008749-003/2024(H5N1)	873	1705
PB2|PP755596.1|A/cattle/Texas/24-008749-003/2024(H5N1)	874	1706
PB2|PP755596.1|A/cattle/Texas/24-008749-003/2024(H5N1)	875	1703
PB2|PP755596.1|A/cattle/Texas/24-008749-003/2024(H5N1)	876	1707
PB2|PP755596.1|A/cattle/Texas/24-008749-003/2024(H5N1)	877	1664
PB2|PP755596.1|A/cattle/Texas/24-008749-003/2024(H5N1)	878	1667
PB2|PP755596.1|A/cattle/Texas/24-008749-003/2024(H5N1)	879	1690
PB2|PP755596.1|A/cattle/Texas/24-008749-003/2024(H5N1)	880	1677
PB2|PP755596.1|A/cattle/Texas/24-008749-003/2024(H5N1)	881	1639
PB2|PP755596.1|A/cattle/Texas/24-008749-003/2024(H5N1)	882	1647
PB2|PP755596.1|A/cattle/Texas/24-008749-003/2024(H5N1)	883	1672
PB2|PP755596.1|A/cattle/Texas/24-008749-003/2024(H5N1)	884	1667
PB2|PP755596.1|A/cattle/Texas/24-008749-003/2024(H5N1)	885	1635
PB2|PP755596.1|A/cattle/Texas/24-008749-003/2024(H5N1)	886	1634
PB2|PP755596.1|A/cattle/Texas/24-008749-003/2024(H5N1)	887	1613
PB2|PP755596.1|A/cattle/Texas/24-008749-003/2024(H5N1)	888	1619
PB2|PP755596.1|A/cattle/Texas/24-008749-003/2024(H5N1)	889	1611
PB2|PP755596.1|A/cattle/Texas/24-008749-003/2024(H5N1)	890	1635
PB2|PP755596.1|A/cattle/Texas/24-008749-003/2024(H5N1)	891	1610
PB2|PP755596.1|A/cattle/Texas/24-008749-003/2024(H5N1)	892	1609
PB2|PP755596.1|A/cattle/Texas/24-008749-003/2024(H5N1)	893	1601
PB2|PP755596.1|A/cattle/Texas/24-008749-003/2024(H5N1)	894	1601
PB2|PP755596.1|A/cattle/Texas/24-008749-003/2024(H5N1)	895	1599
PB2|PP755596.1|A/cattle/Texas/24-008749-003/2024(H5N1)	896	1598
PB2|PP755596.1|A/cattle/Texas/24-008749-003/2024(H5N1)	897	1605
PB2|PP755596.1|A/cattle/Texas/24-008749-003/2024(H5N1)	898	1598
PB2|PP755596.1|A/cattle/Texas/24-008749-003/2024(H5N1)	899	1596
PB2|PP755596.1|A/cattle/Texas/24-008749-003/2024(H5N1)	900	1606
PB2|PP755596.1|A/cattle/Texas/24-008749-003/2024(H5N1)	901	1605
PB2|PP755596.1|A/cattle/Texas/24-008749-003/2024(H5N1)	902	1666
PB2|PP755596.1|A/cattle/Texas/24-008749-003/2024(H5N1)	903	1673
PB2|PP755596.1|A/cattle/Texas/24-008749-003/2024(H5N1)	904	1673
PB2|PP755596.1|A/cattle/Texas/24-008749-003/2024(H5N1)	905	1674
PB2|PP755596.1|A/cattle/Texas/24-008749-003/2024(H5N1)	906	1670
PB2|PP755596.1|A/cattle/Texas/24-008749-003/2024(H5N1)	907	1655
PB2|PP755596.1|A/cattle/Texas/24-008749-003/2024(H5N1)	908	1653
PB2|PP755596.1|A/cattle/Texas/24-008749-003/2024(H5N1)	909	1650
PB2|PP755596.1|A/cattle/Texas/24-008749-003/2024(H5N1)	910	1662
PB2|PP755596.1|A/cattle/Texas/24-008749-003/2024(H5N1)	911	1643
PB2|PP755596.1|A/cattle/Texas/24-008749-003/2024(H5N1)	912	1668
PB2|PP755596.1|A/cattle/Texas/24-008749-003/2024(H5N1)	913	1681
PB2|PP755596.1|A/cattle/Texas/24-008749-003/2024(H5N1)	914	1691
PB2|PP755596.1|A/cattle/Texas/24-008749-003/2024(H5N1)	915	1691
PB2|PP755596.1|A/cattle/Texas/24-008749-003/2024(H5N1)	916	1706
PB2|PP755596.1|A/cattle/Texas/24-008749-003/2024(H5N1)	917	1698
PB2|PP755596.1|A/cattle/Texas/24-008749-003/2024(H5N1)	918	1698
PB2|PP755596.1|A/cattle/Texas/24-008749-003/2024(H5N1)	919	1734
PB2|PP755596.1|A/cattle/Texas/24-008749-003/2024(H5N1)	920	1744
PB2|PP755596.1|A/cattle/Texas/24-008749-003/2024(H5N1)	921	1709
PB2|PP755596.1|A/cattle/Texas/24-008749-003/2024(H5N1)	922	1709
PB2|PP755596.1|A/cattle/Texas/24-008749-003/2024(H5N1)	923	1696
PB2|PP755596.1|A/cattle/Texas/24-008749-003/2024(H5N1)	924	1689
PB2|PP755596.1|A/cattle/Texas/24-008749-003/2024(H5N1)	925	1803
PB2|PP755596.1|A/cattle/Texas/24-008749-003/2024(H5N1)	926	1819
PB2|PP755596.1|A/cattle/Texas/24-008749-003/2024(H5N1)	927	1875
PB2|PP755596.1|A/cattle/Texas/24-008749-003/2024(H5N1)	928	1806
PB2|PP755596.1|A/cattle/Texas/24-008749-003/2024(H5N1)	929	1811
PB2|PP755596.1|A/cattle/Texas/24-008749-003/2024(H5N1)	930	1843
PB2|PP755596.1|A/cattle/Texas/24-008749-003/2024(H5N1)	931	1842
PB2|PP755596.1|A/cattle/Texas/24-008749-003/2024(H5N1)	932	1842
PB2|PP755596.1|A/cattle/Texas/24-008749-003/2024(H5N1)	933	1852
PB2|PP755596.1|A/cattle/Texas/24-008749-003/2024(H5N1)	934	1828
PB2|PP755596.1|A/cattle/Texas/24-008749-003/2024(H5N1)	935	1826
PB2|PP755596.1|A/cattle/Texas/24-008749-003/2024(H5N1)	936	1801
PB2|PP755596.1|A/cattle/Texas/24-008749-003/2024(H5N1)	937	1811
PB2|PP755596.1|A/cattle/Texas/24-008749-003/2024(H5N1)	938	1763
PB2|PP755596.1|A/cattle/Texas/24-008749-003/2024(H5N1)	939	1743
PB2|PP755596.1|A/cattle/Texas/24-008749-003/2024(H5N1)	940	1766
PB2|PP755596.1|A/cattle/Texas/24-008749-003/2024(H5N1)	941	1766
PB2|PP755596.1|A/cattle/Texas/24-008749-003/2024(H5N1)	942	1773
PB2|PP755596.1|A/cattle/Texas/24-008749-003/2024(H5N1)	943	1775
PB2|PP755596.1|A/cattle/Texas/24-008749-003/2024(H5N1)	944	1775
PB2|PP755596.1|A/cattle/Texas/24-008749-003/2024(H5N1)	945	1778
PB2|PP755596.1|A/cattle/Texas/24-008749-003/2024(H5N1)	946	1818
PB2|PP755596.1|A/cattle/Texas/24-008749-003/2024(H5N1)	947	1804
PB2|PP755596.1|A/cattle/Texas/24-008749-003/2024(H5N1)	948	1809
PB2|PP755596.1|A/cattle/Texas/24-008749-003/2024(H5N1)	949	1815
PB2|PP755596.1|A/cattle/Texas/24-008749-003/2024(H5N1)	950	1808
PB2|PP755596.1|A/cattle/Texas/24-008749-003/2024(H5N1)	951	1809
PB2|PP755596.1|A/cattle/Texas/24-008749-003/2024(H5N1)	952	1806
PB2|PP755596.1|A/cattle/Texas/24-008749-003/2024(H5N1)	953	1854
PB2|PP755596.1|A/cattle/Texas/24-008749-003/2024(H5N1)	954	1853
PB2|PP755596.1|A/cattle/Texas/24-008749-003/2024(H5N1)	955	1837
PB2|PP755596.1|A/cattle/Texas/24-008749-003/2024(H5N1)	956	1829
PB2|PP755596.1|A/cattle/Texas/24-008749-003/2024(H5N1)	957	1800
PB2|PP755596.1|A/cattle/Texas/24-008749-003/2024(H5N1)	958	1805
PB2|PP755596.1|A/cattle/Texas/24-008749-003/2024(H5N1)	959	1805
PB2|PP755596.1|A/cattle/Texas/24-008749-003/2024(H5N1)	960	1815
PB2|PP755596.1|A/cattle/Texas/24-008749-003/2024(H5N1)	961	1810
PB2|PP755596.1|A/cattle/Texas/24-008749-003/2024(H5N1)	962	1774
PB2|PP755596.1|A/cattle/Texas/24-008749-003/2024(H5N1)	963	1768
PB2|PP755596.1|A/cattle/Texas/24-008749-003/2024(H5N1)	964	1805
PB2|PP755596.1|A/cattle/Texas/24-008749-003/2024(H5N1)	965	1767
PB2|PP755596.1|A/cattle/Texas/24-008749-003/2024(H5N1)	966	1773
PB2|PP755596.1|A/cattle/Texas/24-008749-003/2024(H5N1)	967	1768
PB2|PP755596.1|A/cattle/Texas/24-008749-003/2024(H5N1)	968	1761
PB2|PP755596.1|A/cattle/Texas/24-008749-003/2024(H5N1)	969	1745
PB2|PP755596.1|A/cattle/Texas/24-008749-003/2024(H5N1)	970	1747
PB2|PP755596.1|A/cattle/Texas/24-008749-003/2024(H5N1)	971	1779
PB2|PP755596.1|A/cattle/Texas/24-008749-003/2024(H5N1)	972	1787
PB2|PP755596.1|A/cattle/Texas/24-008749-003/2024(H5N1)	973	1765
PB2|PP755596.1|A/cattle/Texas/24-008749-003/2024(H5N1)	974	1767
PB2|PP755596.1|A/cattle/Texas/24-008749-003/2024(H5N1)	975	1803
PB2|PP755596.1|A/cattle/Texas/24-008749-003/2024(H5N1)	976	1773
PB2|PP755596.1|A/cattle/Texas/24-008749-003/2024(H5N1)	977	1779
PB2|PP755596.1|A/cattle/Texas/24-008749-003/2024(H5N1)	978	1767
PB2|PP755596.1|A/cattle/Texas/24-008749-003/2024(H5N1)	979	1766
PB2|PP755596.1|A/cattle/Texas/24-008749-003/2024(H5N1)	980	1724
PB2|PP755596.1|A/cattle/Texas/24-008749-003/2024(H5N1)	981	1727
PB2|PP755596.1|A/cattle/Texas/24-008749-003/2024(H5N1)	982	1726
PB2|PP755596.1|A/cattle/Texas/24-008749-003/2024(H5N1)	983	1721
PB2|PP755596.1|A/cattle/Texas/24-008749-003/2024(H5N1)	984	1726
PB2|PP755596.1|A/cattle/Texas/24-008749-003/2024(H5N1)	985	1721
PB2|PP755596.1|A/cattle/Texas/24-008749-003/2024(H5N1)	986	1703
PB2|PP755596.1|A/cattle/Texas/24-008749-003/2024(H5N1)	987	1707
PB2|PP755596.1|A/cattle/Texas/24-008749-003/2024(H5N1)	988	1699
PB2|PP755596.1|A/cattle/Texas/24-008749-003/2024(H5N1)	989	1588
PB2|PP755596.1|A/cattle/Texas/24-008749-003/2024(H5N1)	990	1586
PB2|PP755596.1|A/cattle/Texas/24-008749-003/2024(H5N1)	991	1665
PB2|PP755596.1|A/cattle/Texas/24-008749-003/2024(H5N1)	992	1668
PB2|PP755596.1|A/cattle/Texas/24-008749-003/2024(H5N1)	993	1668
PB2|PP755596.1|A/cattle/Texas/24-008749-003/2024(H5N1)	994	1664
PB2|PP755596.1|A/cattle/Texas/24-008749-003/2024(H5N1)	995	1679
PB2|PP755596.1|A/cattle/Texas/24-008749-003/2024(H5N1)	996	1681
PB2|PP755596.1|A/cattle/Texas/24-008749-003/2024(H5N1)	997	1693
PB2|PP755596.1|A/cattle/Texas/24-008749-003/2024(H5N1)	998	1697
PB2|PP755596.1|A/cattle/Texas/24-008749-003/2024(H5N1)	999	1696
PB2|PP755596.1|A/cattle/Texas/24-008749-003/2024(H5N1)	1000	1659
PB2|PP755596.1|A/cattle/Texas/24-008749-003/2024(H5N1)	1001	1664
PB2|PP755596.1|A/cattle/Texas/24-008749-003/2024(H5N1)	1002	1673
PB2|PP755596.1|A/cattle/Texas/24-008749-003/2024(H5N1)	1003	1671
PB2|PP755596.1|A/cattle/Texas/24-008749-003/2024(H5N1)	1004	1668
PB2|PP755596.1|A/cattle/Texas/24-008749-003/2024(H5N1)	1005	1676
PB2|PP755596.1|A/cattle/Texas/24-008749-003/2024(H5N1)	1006	1729
PB2|PP755596.1|A/cattle/Texas/24-008749-003/2024(H5N1)	1007	1705
PB2|PP755596.1|A/cattle/Texas/24-008749-003/2024(H5N1)	1008	1708
PB2|PP755596.1|A/cattle/Texas/24-008749-003/2024(H5N1)	1009	1703
PB2|PP755596.1|A/cattle/Texas/24-008749-003/2024(H5N1)	1010	1698
PB2|PP755596.1|A/cattle/Texas/24-008749-003/2024(H5N1)	1011	1691
PB2|PP755596.1|A/cattle/Texas/24-008749-003/2024(H5N1)	1012	1741
PB2|PP755596.1|A/cattle/Texas/24-008749-003/2024(H5N1)	1013	1739
PB2|PP755596.1|A/cattle/Texas/24-008749-003/2024(H5N1)	1014	1726
PB2|PP755596.1|A/cattle/Texas/24-008749-003/2024(H5N1)	1015	1726
PB2|PP755596.1|A/cattle/Texas/24-008749-003/2024(H5N1)	1016	1739
PB2|PP755596.1|A/cattle/Texas/24-008749-003/2024(H5N1)	1017	1738
PB2|PP755596.1|A/cattle/Texas/24-008749-003/2024(H5N1)	1018	1735
PB2|PP755596.1|A/cattle/Texas/24-008749-003/2024(H5N1)	1019	1752
PB2|PP755596.1|A/cattle/Texas/24-008749-003/2024(H5N1)	1020	1780
PB2|PP755596.1|A/cattle/Texas/24-008749-003/2024(H5N1)	1021	1750
PB2|PP755596.1|A/cattle/Texas/24-008749-003/2024(H5N1)	1022	1737
PB2|PP755596.1|A/cattle/Texas/24-008749-003/2024(H5N1)	1023	1708
PB2|PP755596.1|A/cattle/Texas/24-008749-003/2024(H5N1)	1024	1730
PB2|PP755596.1|A/cattle/Texas/24-008749-003/2024(H5N1)	1025	1745
PB2|PP755596.1|A/cattle/Texas/24-008749-003/2024(H5N1)	1026	1741
PB2|PP755596.1|A/cattle/Texas/24-008749-003/2024(H5N1)	1027	1736
PB2|PP755596.1|A/cattle/Texas/24-008749-003/2024(H5N1)	1028	1725
PB2|PP755596.1|A/cattle/Texas/24-008749-003/2024(H5N1)	1029	1702
PB2|PP755596.1|A/cattle/Texas/24-008749-003/2024(H5N1)	1030	1717
PB2|PP755596.1|A/cattle/Texas/24-008749-003/2024(H5N1)	1031	1708
PB2|PP755596.1|A/cattle/Texas/24-008749-003/2024(H5N1)	1032	1723
PB2|PP755596.1|A/cattle/Texas/24-008749-003/2024(H5N1)	1033	1701
PB2|PP755596.1|A/cattle/Texas/24-008749-003/2024(H5N1)	1034	1745
PB2|PP755596.1|A/cattle/Texas/24-008749-003/2024(H5N1)	1035	1746
PB2|PP755596.1|A/cattle/Texas/24-008749-003/2024(H5N1)	1036	1742
PB2|PP755596.1|A/cattle/Texas/24-008749-003/2024(H5N1)	1037	1742
PB2|PP755596.1|A/cattle/Texas/24-008749-003/2024(H5N1)	1038	1743
PB2|PP755596.1|A/cattle/Texas/24-008749-003/2024(H5N1)	1039	1737
PB2|PP755596.1|A/cattle/Texas/24-008749-003/2024(H5N1)	1040	1739
PB2|PP755596.1|A/cattle/Texas/24-008749-003/2024(H5N1)	1041	1712
PB2|PP755596.1|A/cattle/Texas/24-008749-003/2024(H5N1)	1042	1708
PB2|PP755596.1|A/cattle/Texas/24-008749-003/2024(H5N1)	1043	1707
PB2|PP755596.1|A/cattle/Texas/24-008749-003/2024(H5N1)	1044	1730
PB2|PP755596.1|A/cattle/Texas/24-008749-003/2024(H5N1)	1045	1735
PB2|PP755596.1|A/cattle/Texas/24-008749-003/2024(H5N1)	1046	1739
PB2|PP755596.1|A/cattle/Texas/24-008749-003/2024(H5N1)	1047	1738
PB2|PP755596.1|A/cattle/Texas/24-008749-003/2024(H5N1)	1048	1773
PB2|PP755596.1|A/cattle/Texas/24-008749-003/2024(H5N1)	1049	1773
PB2|PP755596.1|A/cattle/Texas/24-008749-003/2024(H5N1)	1050	1775
PB2|PP755596.1|A/cattle/Texas/24-008749-003/2024(H5N1)	1051	1769
PB2|PP755596.1|A/cattle/Texas/24-008749-003/2024(H5N1)	1052	1741
PB2|PP755596.1|A/cattle/Texas/24-008749-003/2024(H5N1)	1053	1721
PB2|PP755596.1|A/cattle/Texas/24-008749-003/2024(H5N1)	1054	1715
PB2|PP755596.1|A/cattle/Texas/24-008749-003/2024(H5N1)	1055	1711
PB2|PP755596.1|A/cattle/Texas/24-008749-003/2024(H5N1)	1056	1728
PB2|PP755596.1|A/cattle/Texas/24-008749-003/2024(H5N1)	1057	1728
PB2|PP755596.1|A/cattle/Texas/24-008749-003/2024(H5N1)	1058	1777
PB2|PP755596.1|A/cattle/Texas/24-008749-003/2024(H5N1)	1059	1784
PB2|PP755596.1|A/cattle/Texas/24-008749-003/2024(H5N1)	1060	1788
PB2|PP755596.1|A/cattle/Texas/24-008749-003/2024(H5N1)	1061	1770
PB2|PP755596.1|A/cattle/Texas/24-008749-003/2024(H5N1)	1062	1786
PB2|PP755596.1|A/cattle/Texas/24-008749-003/2024(H5N1)	1063	1745
PB2|PP755596.1|A/cattle/Texas/24-008749-003/2024(H5N1)	1064	1741
PB2|PP755596.1|A/cattle/Texas/24-008749-003/2024(H5N1)	1065	1746
PB2|PP755596.1|A/cattle/Texas/24-008749-003/2024(H5N1)	1066	1802
PB2|PP755596.1|A/cattle/Texas/24-008749-003/2024(H5N1)	1067	1776
PB2|PP755596.1|A/cattle/Texas/24-008749-003/2024(H5N1)	1068	1783
PB2|PP755596.1|A/cattle/Texas/24-008749-003/2024(H5N1)	1069	1802
PB2|PP755596.1|A/cattle/Texas/24-008749-003/2024(H5N1)	1070	1800
PB2|PP755596.1|A/cattle/Texas/24-008749-003/2024(H5N1)	1071	1797
PB2|PP755596.1|A/cattle/Texas/24-008749-003/2024(H5N1)	1072	1799
PB2|PP755596.1|A/cattle/Texas/24-008749-003/2024(H5N1)	1073	1817
PB2|PP755596.1|A/cattle/Texas/24-008749-003/2024(H5N1)	1074	1829
PB2|PP755596.1|A/cattle/Texas/24-008749-003/2024(H5N1)	1075	1813
PB2|PP755596.1|A/cattle/Texas/24-008749-003/2024(H5N1)	1076	1826
PB2|PP755596.1|A/cattle/Texas/24-008749-003/2024(H5N1)	1077	1820
PB2|PP755596.1|A/cattle/Texas/24-008749-003/2024(H5N1)	1078	1754
PB2|PP755596.1|A/cattle/Texas/24-008749-003/2024(H5N1)	1079	1779
PB2|PP755596.1|A/cattle/Texas/24-008749-003/2024(H5N1)	1080	1774
PB2|PP755596.1|A/cattle/Texas/24-008749-003/2024(H5N1)	1081	1755
PB2|PP755596.1|A/cattle/Texas/24-008749-003/2024(H5N1)	1082	1754
PB2|PP755596.1|A/cattle/Texas/24-008749-003/2024(H5N1)	1083	1742
PB2|PP755596.1|A/cattle/Texas/24-008749-003/2024(H5N1)	1084	1741
PB2|PP755596.1|A/cattle/Texas/24-008749-003/2024(H5N1)	1085	1663
PB2|PP755596.1|A/cattle/Texas/24-008749-003/2024(H5N1)	1086	1663
PB2|PP755596.1|A/cattle/Texas/24-008749-003/2024(H5N1)	1087	1712
PB2|PP755596.1|A/cattle/Texas/24-008749-003/2024(H5N1)	1088	1780
PB2|PP755596.1|A/cattle/Texas/24-008749-003/2024(H5N1)	1089	1792
PB2|PP755596.1|A/cattle/Texas/24-008749-003/2024(H5N1)	1090	1794
PB2|PP755596.1|A/cattle/Texas/24-008749-003/2024(H5N1)	1091	1796
PB2|PP755596.1|A/cattle/Texas/24-008749-003/2024(H5N1)	1092	1796
PB2|PP755596.1|A/cattle/Texas/24-008749-003/2024(H5N1)	1093	1799
PB2|PP755596.1|A/cattle/Texas/24-008749-003/2024(H5N1)	1094	1795
PB2|PP755596.1|A/cattle/Texas/24-008749-003/2024(H5N1)	1095	1815
PB2|PP755596.1|A/cattle/Texas/24-008749-003/2024(H5N1)	1096	1834
PB2|PP755596.1|A/cattle/Texas/24-008749-003/2024(H5N1)	1097	1802
PB2|PP755596.1|A/cattle/Texas/24-008749-003/2024(H5N1)	1098	1813
PB2|PP755596.1|A/cattle/Texas/24-008749-003/2024(H5N1)	1099	1811
PB2|PP755596.1|A/cattle/Texas/24-008749-003/2024(H5N1)	1100	1815
PB2|PP755596.1|A/cattle/Texas/24-008749-003/2024(H5N1)	1101	1820
PB2|PP755596.1|A/cattle/Texas/24-008749-003/2024(H5N1)	1102	1813
PB2|PP755596.1|A/cattle/Texas/24-008749-003/2024(H5N1)	1103	1824
PB2|PP755596.1|A/cattle/Texas/24-008749-003/2024(H5N1)	1104	1770
PB2|PP755596.1|A/cattle/Texas/24-008749-003/2024(H5N1)	1105	1743
PB2|PP755596.1|A/cattle/Texas/24-008749-003/2024(H5N1)	1106	1758
PB2|PP755596.1|A/cattle/Texas/24-008749-003/2024(H5N1)	1107	1756
PB2|PP755596.1|A/cattle/Texas/24-008749-003/2024(H5N1)	1108	1756
PB2|PP755596.1|A/cattle/Texas/24-008749-003/2024(H5N1)	1109	1776
PB2|PP755596.1|A/cattle/Texas/24-008749-003/2024(H5N1)	1110	1771
PB2|PP755596.1|A/cattle/Texas/24-008749-003/2024(H5N1)	1111	1772
PB2|PP755596.1|A/cattle/Texas/24-008749-003/2024(H5N1)	1112	1783
PB2|PP755596.1|A/cattle/Texas/24-008749-003/2024(H5N1)	1113	1787
PB2|PP755596.1|A/cattle/Texas/24-008749-003/2024(H5N1)	1114	1790
PB2|PP755596.1|A/cattle/Texas/24-008749-003/2024(H5N1)	1115	1737
PB2|PP755596.1|A/cattle/Texas/24-008749-003/2024(H5N1)	1116	1738
PB2|PP755596.1|A/cattle/Texas/24-008749-003/2024(H5N1)	1117	1797
PB2|PP755596.1|A/cattle/Texas/24-008749-003/2024(H5N1)	1118	1805
PB2|PP755596.1|A/cattle/Texas/24-008749-003/2024(H5N1)	1119	1805
PB2|PP755596.1|A/cattle/Texas/24-008749-003/2024(H5N1)	1120	1774
PB2|PP755596.1|A/cattle/Texas/24-008749-003/2024(H5N1)	1121	1769
PB2|PP755596.1|A/cattle/Texas/24-008749-003/2024(H5N1)	1122	1774
PB2|PP755596.1|A/cattle/Texas/24-008749-003/2024(H5N1)	1123	1775
PB2|PP755596.1|A/cattle/Texas/24-008749-003/2024(H5N1)	1124	1776
PB2|PP755596.1|A/cattle/Texas/24-008749-003/2024(H5N1)	1125	1779
PB2|PP755596.1|A/cattle/Texas/24-008749-003/2024(H5N1)	1126	1783
PB2|PP755596.1|A/cattle/Texas/24-008749-003/2024(H5N1)	1127	1772
PB2|PP755596.1|A/cattle/Texas/24-008749-003/2024(H5N1)	1128	1772
PB2|PP755596.1|A/cattle/Texas/24-008749-003/2024(H5N1)	1129	1776
PB2|PP755596.1|A/cattle/Texas/24-008749-003/2024(H5N1)	1130	1777
PB2|PP755596.1|A/cattle/Texas/24-008749-003/2024(H5N1)	1131	1773
PB2|PP755596.1|A/cattle/Texas/24-008749-003/2024(H5N1)	1132	1783
PB2|PP755596.1|A/cattle/Texas/24-008749-003/2024(H5N1)	1133	1866
PB2|PP755596.1|A/cattle/Texas/24-008749-003/2024(H5N1)	1134	1865
PB2|PP755596.1|A/cattle/Texas/24-008749-003/2024(H5N1)	1135	1859
PB2|PP755596.1|A/cattle/Texas/24-008749-003/2024(H5N1)	1136	1864
PB2|PP755596.1|A/cattle/Texas/24-008749-003/2024(H5N1)	1137	1856
PB2|PP755596.1|A/cattle/Texas/24-008749-003/2024(H5N1)	1138	1859
PB2|PP755596.1|A/cattle/Texas/24-008749-003/2024(H5N1)	1139	1875
PB2|PP755596.1|A/cattle/Texas/24-008749-003/2024(H5N1)	1140	1915
PB2|PP755596.1|A/cattle/Texas/24-008749-003/2024(H5N1)	1141	1913
PB2|PP755596.1|A/cattle/Texas/24-008749-003/2024(H5N1)	1142	1818
PB2|PP755596.1|A/cattle/Texas/24-008749-003/2024(H5N1)	1143	1824
PB2|PP755596.1|A/cattle/Texas/24-008749-003/2024(H5N1)	1144	1869
PB2|PP755596.1|A/cattle/Texas/24-008749-003/2024(H5N1)	1145	1864
PB2|PP755596.1|A/cattle/Texas/24-008749-003/2024(H5N1)	1146	1843
PB2|PP755596.1|A/cattle/Texas/24-008749-003/2024(H5N1)	1147	1836
PB2|PP755596.1|A/cattle/Texas/24-008749-003/2024(H5N1)	1148	1923
PB2|PP755596.1|A/cattle/Texas/24-008749-003/2024(H5N1)	1149	1929
PB2|PP755596.1|A/cattle/Texas/24-008749-003/2024(H5N1)	1150	1937
PB2|PP755596.1|A/cattle/Texas/24-008749-003/2024(H5N1)	1151	1947
PB2|PP755596.1|A/cattle/Texas/24-008749-003/2024(H5N1)	1152	1933
PB2|PP755596.1|A/cattle/Texas/24-008749-003/2024(H5N1)	1153	1948
PB2|PP755596.1|A/cattle/Texas/24-008749-003/2024(H5N1)	1154	1948
PB2|PP755596.1|A/cattle/Texas/24-008749-003/2024(H5N1)	1155	1939
PB2|PP755596.1|A/cattle/Texas/24-008749-003/2024(H5N1)	1156	1940
PB2|PP755596.1|A/cattle/Texas/24-008749-003/2024(H5N1)	1157	1916
PB2|PP755596.1|A/cattle/Texas/24-008749-003/2024(H5N1)	1158	1908
PB2|PP755596.1|A/cattle/Texas/24-008749-003/2024(H5N1)	1159	1907
PB2|PP755596.1|A/cattle/Texas/24-008749-003/2024(H5N1)	1160	1934
PB2|PP755596.1|A/cattle/Texas/24-008749-003/2024(H5N1)	1161	1933
PB2|PP755596.1|A/cattle/Texas/24-008749-003/2024(H5N1)	1162	1924
PB2|PP755596.1|A/cattle/Texas/24-008749-003/2024(H5N1)	1163	1874
PB2|PP755596.1|A/cattle/Texas/24-008749-003/2024(H5N1)	1164	1872
PB2|PP755596.1|A/cattle/Texas/24-008749-003/2024(H5N1)	1165	1868
PB2|PP755596.1|A/cattle/Texas/24-008749-003/2024(H5N1)	1166	1894
PB2|PP755596.1|A/cattle/Texas/24-008749-003/2024(H5N1)	1167	1890
PB2|PP755596.1|A/cattle/Texas/24-008749-003/2024(H5N1)	1168	1898
PB2|PP755596.1|A/cattle/Texas/24-008749-003/2024(H5N1)	1169	1907
PB2|PP755596.1|A/cattle/Texas/24-008749-003/2024(H5N1)	1170	1926
PB2|PP755596.1|A/cattle/Texas/24-008749-003/2024(H5N1)	1171	1930
PB2|PP755596.1|A/cattle/Texas/24-008749-003/2024(H5N1)	1172	1932
PB2|PP755596.1|A/cattle/Texas/24-008749-003/2024(H5N1)	1173	1932
PB2|PP755596.1|A/cattle/Texas/24-008749-003/2024(H5N1)	1174	1922
PB2|PP755596.1|A/cattle/Texas/24-008749-003/2024(H5N1)	1175	1900
PB2|PP755596.1|A/cattle/Texas/24-008749-003/2024(H5N1)	1176	1961
PB2|PP755596.1|A/cattle/Texas/24-008749-003/2024(H5N1)	1177	1942
PB2|PP755596.1|A/cattle/Texas/24-008749-003/2024(H5N1)	1178	1953
PB2|PP755596.1|A/cattle/Texas/24-008749-003/2024(H5N1)	1179	1953
PB2|PP755596.1|A/cattle/Texas/24-008749-003/2024(H5N1)	1180	1966
PB2|PP755596.1|A/cattle/Texas/24-008749-003/2024(H5N1)	1181	1959
PB2|PP755596.1|A/cattle/Texas/24-008749-003/2024(H5N1)	1182	1961
PB2|PP755596.1|A/cattle/Texas/24-008749-003/2024(H5N1)	1183	1942
PB2|PP755596.1|A/cattle/Texas/24-008749-003/2024(H5N1)	1184	1948
PB2|PP755596.1|A/cattle/Texas/24-008749-003/2024(H5N1)	1185	1895
PB2|PP755596.1|A/cattle/Texas/24-008749-003/2024(H5N1)	1186	1895
PB2|PP755596.1|A/cattle/Texas/24-008749-003/2024(H5N1)	1187	1893
PB2|PP755596.1|A/cattle/Texas/24-008749-003/2024(H5N1)	1188	1904
PB2|PP755596.1|A/cattle/Texas/24-008749-003/2024(H5N1)	1189	1904
PB2|PP755596.1|A/cattle/Texas/24-008749-003/2024(H5N1)	1190	1944
PB2|PP755596.1|A/cattle/Texas/24-008749-003/2024(H5N1)	1191	1941
PB2|PP755596.1|A/cattle/Texas/24-008749-003/2024(H5N1)	1192	1941
PB2|PP755596.1|A/cattle/Texas/24-008749-003/2024(H5N1)	1193	1947
PB2|PP755596.1|A/cattle/Texas/24-008749-003/2024(H5N1)	1194	1948
PB2|PP755596.1|A/cattle/Texas/24-008749-003/2024(H5N1)	1195	1943
PB2|PP755596.1|A/cattle/Texas/24-008749-003/2024(H5N1)	1196	1939
PB2|PP755596.1|A/cattle/Texas/24-008749-003/2024(H5N1)	1197	1925
PB2|PP755596.1|A/cattle/Texas/24-008749-003/2024(H5N1)	1198	1925
PB2|PP755596.1|A/cattle/Texas/24-008749-003/2024(H5N1)	1199	1884
PB2|PP755596.1|A/cattle/Texas/24-008749-003/2024(H5N1)	1200	1903
PB2|PP755596.1|A/cattle/Texas/24-008749-003/2024(H5N1)	1201	1910
PB2|PP755596.1|A/cattle/Texas/24-008749-003/2024(H5N1)	1202	1907
PB2|PP755596.1|A/cattle/Texas/24-008749-003/2024(H5N1)	1203	1908
PB2|PP755596.1|A/cattle/Texas/24-008749-003/2024(H5N1)	1204	1917
PB2|PP755596.1|A/cattle/Texas/24-008749-003/2024(H5N1)	1205	1926
PB2|PP755596.1|A/cattle/Texas/24-008749-003/2024(H5N1)	1206	1942
PB2|PP755596.1|A/cattle/Texas/24-008749-003/2024(H5N1)	1207	1928
PB2|PP755596.1|A/cattle/Texas/24-008749-003/2024(H5N1)	1208	1945
PB2|PP755596.1|A/cattle/Texas/24-008749-003/2024(H5N1)	1209	1918
PB2|PP755596.1|A/cattle/Texas/24-008749-003/2024(H5N1)	1210	1908
PB2|PP755596.1|A/cattle/Texas/24-008749-003/2024(H5N1)	1211	1917
PB2|PP755596.1|A/cattle/Texas/24-008749-003/2024(H5N1)	1212	1922
PB2|PP755596.1|A/cattle/Texas/24-008749-003/2024(H5N1)	1213	1902
PB2|PP755596.1|A/cattle/Texas/24-008749-003/2024(H5N1)	1214	1939
PB2|PP755596.1|A/cattle/Texas/24-008749-003/2024(H5N1)	1215	1949
PB2|PP755596.1|A/cattle/Texas/24-008749-003/2024(H5N1)	1216	1937
PB2|PP755596.1|A/cattle/Texas/24-008749-003/2024(H5N1)	1217	1934
PB2|PP755596.1|A/cattle/Texas/24-008749-003/2024(H5N1)	1218	1925
PB2|PP755596.1|A/cattle/Texas/24-008749-003/2024(H5N1)	1219	1921
PB2|PP755596.1|A/cattle/Texas/24-008749-003/2024(H5N1)	1220	1863
PB2|PP755596.1|A/cattle/Texas/24-008749-003/2024(H5N1)	1221	1891
PB2|PP755596.1|A/cattle/Texas/24-008749-003/2024(H5N1)	1222	1901
PB2|PP755596.1|A/cattle/Texas/24-008749-003/2024(H5N1)	1223	1871
PB2|PP755596.1|A/cattle/Texas/24-008749-003/2024(H5N1)	1224	1876
PB2|PP755596.1|A/cattle/Texas/24-008749-003/2024(H5N1)	1225	1845
PB2|PP755596.1|A/cattle/Texas/24-008749-003/2024(H5N1)	1226	1832
PB2|PP755596.1|A/cattle/Texas/24-008749-003/2024(H5N1)	1227	1782
PB2|PP755596.1|A/cattle/Texas/24-008749-003/2024(H5N1)	1228	1787
PB2|PP755596.1|A/cattle/Texas/24-008749-003/2024(H5N1)	1229	1804
PB2|PP755596.1|A/cattle/Texas/24-008749-003/2024(H5N1)	1230	1859
PB2|PP755596.1|A/cattle/Texas/24-008749-003/2024(H5N1)	1231	1866
PB2|PP755596.1|A/cattle/Texas/24-008749-003/2024(H5N1)	1232	1855
PB2|PP755596.1|A/cattle/Texas/24-008749-003/2024(H5N1)	1233	1853
PB2|PP755596.1|A/cattle/Texas/24-008749-003/2024(H5N1)	1234	1852
PB2|PP755596.1|A/cattle/Texas/24-008749-003/2024(H5N1)	1235	1840
PB2|PP755596.1|A/cattle/Texas/24-008749-003/2024(H5N1)	1236	1844
PB2|PP755596.1|A/cattle/Texas/24-008749-003/2024(H5N1)	1237	1839
PB2|PP755596.1|A/cattle/Texas/24-008749-003/2024(H5N1)	1238	1833
PB2|PP755596.1|A/cattle/Texas/24-008749-003/2024(H5N1)	1239	1773
PB2|PP755596.1|A/cattle/Texas/24-008749-003/2024(H5N1)	1240	1808
PB2|PP755596.1|A/cattle/Texas/24-008749-003/2024(H5N1)	1241	1839
PB2|PP755596.1|A/cattle/Texas/24-008749-003/2024(H5N1)	1242	1828
PB2|PP755596.1|A/cattle/Texas/24-008749-003/2024(H5N1)	1243	1840
PB2|PP755596.1|A/cattle/Texas/24-008749-003/2024(H5N1)	1244	1840
PB2|PP755596.1|A/cattle/Texas/24-008749-003/2024(H5N1)	1245	1856
PB2|PP755596.1|A/cattle/Texas/24-008749-003/2024(H5N1)	1246	1837
PB2|PP755596.1|A/cattle/Texas/24-008749-003/2024(H5N1)	1247	1817
PB2|PP755596.1|A/cattle/Texas/24-008749-003/2024(H5N1)	1248	1800
PB2|PP755596.1|A/cattle/Texas/24-008749-003/2024(H5N1)	1249	1800
PB2|PP755596.1|A/cattle/Texas/24-008749-003/2024(H5N1)	1250	1817
PB2|PP755596.1|A/cattle/Texas/24-008749-003/2024(H5N1)	1251	1800
PB2|PP755596.1|A/cattle/Texas/24-008749-003/2024(H5N1)	1252	1791
PB2|PP755596.1|A/cattle/Texas/24-008749-003/2024(H5N1)	1253	1778
PB2|PP755596.1|A/cattle/Texas/24-008749-003/2024(H5N1)	1254	1784
PB2|PP755596.1|A/cattle/Texas/24-008749-003/2024(H5N1)	1255	1811
PB2|PP755596.1|A/cattle/Texas/24-008749-003/2024(H5N1)	1256	1814
PB2|PP755596.1|A/cattle/Texas/24-008749-003/2024(H5N1)	1257	1800
PB2|PP755596.1|A/cattle/Texas/24-008749-003/2024(H5N1)	1258	1773
PB2|PP755596.1|A/cattle/Texas/24-008749-003/2024(H5N1)	1259	1779
PB2|PP755596.1|A/cattle/Texas/24-008749-003/2024(H5N1)	1260	1792
PB2|PP755596.1|A/cattle/Texas/24-008749-003/2024(H5N1)	1261	1792
PB2|PP755596.1|A/cattle/Texas/24-008749-003/2024(H5N1)	1262	1792
PB2|PP755596.1|A/cattle/Texas/24-008749-003/2024(H5N1)	1263	1776
PB2|PP755596.1|A/cattle/Texas/24-008749-003/2024(H5N1)	1264	1778
PB2|PP755596.1|A/cattle/Texas/24-008749-003/2024(H5N1)	1265	1774
PB2|PP755596.1|A/cattle/Texas/24-008749-003/2024(H5N1)	1266	1774
PB2|PP755596.1|A/cattle/Texas/24-008749-003/2024(H5N1)	1267	1769
PB2|PP755596.1|A/cattle/Texas/24-008749-003/2024(H5N1)	1268	1756
PB2|PP755596.1|A/cattle/Texas/24-008749-003/2024(H5N1)	1269	1791
PB2|PP755596.1|A/cattle/Texas/24-008749-003/2024(H5N1)	1270	1809
PB2|PP755596.1|A/cattle/Texas/24-008749-003/2024(H5N1)	1271	1811
PB2|PP755596.1|A/cattle/Texas/24-008749-003/2024(H5N1)	1272	1804
PB2|PP755596.1|A/cattle/Texas/24-008749-003/2024(H5N1)	1273	1808
PB2|PP755596.1|A/cattle/Texas/24-008749-003/2024(H5N1)	1274	1808
PB2|PP755596.1|A/cattle/Texas/24-008749-003/2024(H5N1)	1275	1809
PB2|PP755596.1|A/cattle/Texas/24-008749-003/2024(H5N1)	1276	1805
PB2|PP755596.1|A/cattle/Texas/24-008749-003/2024(H5N1)	1277	1748
PB2|PP755596.1|A/cattle/Texas/24-008749-003/2024(H5N1)	1278	1748
PB2|PP755596.1|A/cattle/Texas/24-008749-003/2024(H5N1)	1279	1773
PB2|PP755596.1|A/cattle/Texas/24-008749-003/2024(H5N1)	1280	1773
PB2|PP755596.1|A/cattle/Texas/24-008749-003/2024(H5N1)	1281	1823
PB2|PP755596.1|A/cattle/Texas/24-008749-003/2024(H5N1)	1282	1743
PB2|PP755596.1|A/cattle/Texas/24-008749-003/2024(H5N1)	1283	1738
PB2|PP755596.1|A/cattle/Texas/24-008749-003/2024(H5N1)	1284	1747
PB2|PP755596.1|A/cattle/Texas/24-008749-003/2024(H5N1)	1285	1746
PB2|PP755596.1|A/cattle/Texas/24-008749-003/2024(H5N1)	1286	1796
PB2|PP755596.1|A/cattle/Texas/24-008749-003/2024(H5N1)	1287	1790
PB2|PP755596.1|A/cattle/Texas/24-008749-003/2024(H5N1)	1288	1886
PB2|PP755596.1|A/cattle/Texas/24-008749-003/2024(H5N1)	1289	1875
PB2|PP755596.1|A/cattle/Texas/24-008749-003/2024(H5N1)	1290	1828
PB2|PP755596.1|A/cattle/Texas/24-008749-003/2024(H5N1)	1291	1828
PB2|PP755596.1|A/cattle/Texas/24-008749-003/2024(H5N1)	1292	1835
PB2|PP755596.1|A/cattle/Texas/24-008749-003/2024(H5N1)	1293	1836
PB2|PP755596.1|A/cattle/Texas/24-008749-003/2024(H5N1)	1294	1834
PB2|PP755596.1|A/cattle/Texas/24-008749-003/2024(H5N1)	1295	1794
PB2|PP755596.1|A/cattle/Texas/24-008749-003/2024(H5N1)	1296	1799
PB2|PP755596.1|A/cattle/Texas/24-008749-003/2024(H5N1)	1297	1794
PB2|PP755596.1|A/cattle/Texas/24-008749-003/2024(H5N1)	1298	1788
PB2|PP755596.1|A/cattle/Texas/24-008749-003/2024(H5N1)	1299	1736
PB2|PP755596.1|A/cattle/Texas/24-008749-003/2024(H5N1)	1300	1741
PB2|PP755596.1|A/cattle/Texas/24-008749-003/2024(H5N1)	1301	1755
PB2|PP755596.1|A/cattle/Texas/24-008749-003/2024(H5N1)	1302	1754
PB2|PP755596.1|A/cattle/Texas/24-008749-003/2024(H5N1)	1303	1757
PB2|PP755596.1|A/cattle/Texas/24-008749-003/2024(H5N1)	1304	1763
PB2|PP755596.1|A/cattle/Texas/24-008749-003/2024(H5N1)	1305	1761
PB2|PP755596.1|A/cattle/Texas/24-008749-003/2024(H5N1)	1306	1759
PB2|PP755596.1|A/cattle/Texas/24-008749-003/2024(H5N1)	1307	1755
PB2|PP755596.1|A/cattle/Texas/24-008749-003/2024(H5N1)	1308	1717
PB2|PP755596.1|A/cattle/Texas/24-008749-003/2024(H5N1)	1309	1730
PB2|PP755596.1|A/cattle/Texas/24-008749-003/2024(H5N1)	1310	1730
PB2|PP755596.1|A/cattle/Texas/24-008749-003/2024(H5N1)	1311	1781
PB2|PP755596.1|A/cattle/Texas/24-008749-003/2024(H5N1)	1312	1788
PB2|PP755596.1|A/cattle/Texas/24-008749-003/2024(H5N1)	1313	1798
PB2|PP755596.1|A/cattle/Texas/24-008749-003/2024(H5N1)	1314	1840
PB2|PP755596.1|A/cattle/Texas/24-008749-003/2024(H5N1)	1315	1839
PB2|PP755596.1|A/cattle/Texas/24-008749-003/2024(H5N1)	1316	1837
PB2|PP755596.1|A/cattle/Texas/24-008749-003/2024(H5N1)	1317	1830
PB2|PP755596.1|A/cattle/Texas/24-008749-003/2024(H5N1)	1318	1823
PB2|PP755596.1|A/cattle/Texas/24-008749-003/2024(H5N1)	1319	1818
PB2|PP755596.1|A/cattle/Texas/24-008749-003/2024(H5N1)	1320	1792
PB2|PP755596.1|A/cattle/Texas/24-008749-003/2024(H5N1)	1321	1735
PB2|PP755596.1|A/cattle/Texas/24-008749-003/2024(H5N1)	1322	1978
PB2|PP755596.1|A/cattle/Texas/24-008749-003/2024(H5N1)	1323	1976
PB2|PP755596.1|A/cattle/Texas/24-008749-003/2024(H5N1)	1324	1974
PB2|PP755596.1|A/cattle/Texas/24-008749-003/2024(H5N1)	1325	1995
PB2|PP755596.1|A/cattle/Texas/24-008749-003/2024(H5N1)	1326	1998
PB2|PP755596.1|A/cattle/Texas/24-008749-003/2024(H5N1)	1327	1994
PB2|PP755596.1|A/cattle/Texas/24-008749-003/2024(H5N1)	1328	1994
PB2|PP755596.1|A/cattle/Texas/24-008749-003/2024(H5N1)	1329	1980
PB2|PP755596.1|A/cattle/Texas/24-008749-003/2024(H5N1)	1330	1981
PB2|PP755596.1|A/cattle/Texas/24-008749-003/2024(H5N1)	1331	1969
PB2|PP755596.1|A/cattle/Texas/24-008749-003/2024(H5N1)	1332	1967
PB2|PP755596.1|A/cattle/Texas/24-008749-003/2024(H5N1)	1333	1976
PB2|PP755596.1|A/cattle/Texas/24-008749-003/2024(H5N1)	1334	1971
PB2|PP755596.1|A/cattle/Texas/24-008749-003/2024(H5N1)	1335	1972
PB2|PP755596.1|A/cattle/Texas/24-008749-003/2024(H5N1)	1336	2020
PB2|PP755596.1|A/cattle/Texas/24-008749-003/2024(H5N1)	1337	2042
PB2|PP755596.1|A/cattle/Texas/24-008749-003/2024(H5N1)	1338	2033
PB2|PP755596.1|A/cattle/Texas/24-008749-003/2024(H5N1)	1339	2031
PB2|PP755596.1|A/cattle/Texas/24-008749-003/2024(H5N1)	1340	2031
PB2|PP755596.1|A/cattle/Texas/24-008749-003/2024(H5N1)	1341	2039
PB2|PP755596.1|A/cattle/Texas/24-008749-003/2024(H5N1)	1342	2039
PB2|PP755596.1|A/cattle/Texas/24-008749-003/2024(H5N1)	1343	2057
PB2|PP755596.1|A/cattle/Texas/24-008749-003/2024(H5N1)	1344	2051
PB2|PP755596.1|A/cattle/Texas/24-008749-003/2024(H5N1)	1345	2045
PB2|PP755596.1|A/cattle/Texas/24-008749-003/2024(H5N1)	1346	2038
PB2|PP755596.1|A/cattle/Texas/24-008749-003/2024(H5N1)	1347	2038
PB2|PP755596.1|A/cattle/Texas/24-008749-003/2024(H5N1)	1348	2043
PB2|PP755596.1|A/cattle/Texas/24-008749-003/2024(H5N1)	1349	2069
PB2|PP755596.1|A/cattle/Texas/24-008749-003/2024(H5N1)	1350	2069
PB2|PP755596.1|A/cattle/Texas/24-008749-003/2024(H5N1)	1351	2070
PB2|PP755596.1|A/cattle/Texas/24-008749-003/2024(H5N1)	1352	2061
PB2|PP755596.1|A/cattle/Texas/24-008749-003/2024(H5N1)	1353	2057
PB2|PP755596.1|A/cattle/Texas/24-008749-003/2024(H5N1)	1354	2056
PB2|PP755596.1|A/cattle/Texas/24-008749-003/2024(H5N1)	1355	2036
PB2|PP755596.1|A/cattle/Texas/24-008749-003/2024(H5N1)	1356	2041
PB2|PP755596.1|A/cattle/Texas/24-008749-003/2024(H5N1)	1357	2052
PB2|PP755596.1|A/cattle/Texas/24-008749-003/2024(H5N1)	1358	2057
PB2|PP755596.1|A/cattle/Texas/24-008749-003/2024(H5N1)	1359	2060
PB2|PP755596.1|A/cattle/Texas/24-008749-003/2024(H5N1)	1360	2051
PB2|PP755596.1|A/cattle/Texas/24-008749-003/2024(H5N1)	1361	2059
PB2|PP755596.1|A/cattle/Texas/24-008749-003/2024(H5N1)	1362	2045
PB2|PP755596.1|A/cattle/Texas/24-008749-003/2024(H5N1)	1363	2045
PB2|PP755596.1|A/cattle/Texas/24-008749-003/2024(H5N1)	1364	2048
PB2|PP755596.1|A/cattle/Texas/24-008749-003/2024(H5N1)	1365	2004
PB2|PP755596.1|A/cattle/Texas/24-008749-003/2024(H5N1)	1366	1974
PB2|PP755596.1|A/cattle/Texas/24-008749-003/2024(H5N1)	1367	1946
PB2|PP755596.1|A/cattle/Texas/24-008749-003/2024(H5N1)	1368	1945
PB2|PP755596.1|A/cattle/Texas/24-008749-003/2024(H5N1)	1369	1952
PB2|PP755596.1|A/cattle/Texas/24-008749-003/2024(H5N1)	1370	1948
PB2|PP755596.1|A/cattle/Texas/24-008749-003/2024(H5N1)	1371	1954
PB2|PP755596.1|A/cattle/Texas/24-008749-003/2024(H5N1)	1372	1921
PB2|PP755596.1|A/cattle/Texas/24-008749-003/2024(H5N1)	1373	1916
PB2|PP755596.1|A/cattle/Texas/24-008749-003/2024(H5N1)	1374	1917
PB2|PP755596.1|A/cattle/Texas/24-008749-003/2024(H5N1)	1375	1913
PB2|PP755596.1|A/cattle/Texas/24-008749-003/2024(H5N1)	1376	1904
PB2|PP755596.1|A/cattle/Texas/24-008749-003/2024(H5N1)	1377	1891
PB2|PP755596.1|A/cattle/Texas/24-008749-003/2024(H5N1)	1378	1887
PB2|PP755596.1|A/cattle/Texas/24-008749-003/2024(H5N1)	1379	1883
PB2|PP755596.1|A/cattle/Texas/24-008749-003/2024(H5N1)	1380	1895
PB2|PP755596.1|A/cattle/Texas/24-008749-003/2024(H5N1)	1381	1816
PB2|PP755596.1|A/cattle/Texas/24-008749-003/2024(H5N1)	1382	1843
PB2|PP755596.1|A/cattle/Texas/24-008749-003/2024(H5N1)	1383	1840
PB2|PP755596.1|A/cattle/Texas/24-008749-003/2024(H5N1)	1384	1835
PB2|PP755596.1|A/cattle/Texas/24-008749-003/2024(H5N1)	1385	1895
PB2|PP755596.1|A/cattle/Texas/24-008749-003/2024(H5N1)	1386	1888
PB2|PP755596.1|A/cattle/Texas/24-008749-003/2024(H5N1)	1387	1950
PB2|PP755596.1|A/cattle/Texas/24-008749-003/2024(H5N1)	1388	1949
PB2|PP755596.1|A/cattle/Texas/24-008749-003/2024(H5N1)	1389	2014
PB2|PP755596.1|A/cattle/Texas/24-008749-003/2024(H5N1)	1390	2005
PB2|PP755596.1|A/cattle/Texas/24-008749-003/2024(H5N1)	1391	1958
PB2|PP755596.1|A/cattle/Texas/24-008749-003/2024(H5N1)	1392	1962
PB2|PP755596.1|A/cattle/Texas/24-008749-003/2024(H5N1)	1393	1963
PB2|PP755596.1|A/cattle/Texas/24-008749-003/2024(H5N1)	1394	1953
PB2|PP755596.1|A/cattle/Texas/24-008749-003/2024(H5N1)	1395	1931
PB2|PP755596.1|A/cattle/Texas/24-008749-003/2024(H5N1)	1396	1933
PB2|PP755596.1|A/cattle/Texas/24-008749-003/2024(H5N1)	1397	1947
PB2|PP755596.1|A/cattle/Texas/24-008749-003/2024(H5N1)	1398	1949
PB2|PP755596.1|A/cattle/Texas/24-008749-003/2024(H5N1)	1399	1967
PB2|PP755596.1|A/cattle/Texas/24-008749-003/2024(H5N1)	1400	1937
PB2|PP755596.1|A/cattle/Texas/24-008749-003/2024(H5N1)	1401	1932
PB2|PP755596.1|A/cattle/Texas/24-008749-003/2024(H5N1)	1402	1948
PB2|PP755596.1|A/cattle/Texas/24-008749-003/2024(H5N1)	1403	1950
PB2|PP755596.1|A/cattle/Texas/24-008749-003/2024(H5N1)	1404	1963
PB2|PP755596.1|A/cattle/Texas/24-008749-003/2024(H5N1)	1405	1962
PB2|PP755596.1|A/cattle/Texas/24-008749-003/2024(H5N1)	1406	1941
PB2|PP755596.1|A/cattle/Texas/24-008749-003/2024(H5N1)	1407	1939
PB2|PP755596.1|A/cattle/Texas/24-008749-003/2024(H5N1)	1408	1939
PB2|PP755596.1|A/cattle/Texas/24-008749-003/2024(H5N1)	1409	1953
PB2|PP755596.1|A/cattle/Texas/24-008749-003/2024(H5N1)	1410	1963
PB2|PP755596.1|A/cattle/Texas/24-008749-003/2024(H5N1)	1411	1949
PB2|PP755596.1|A/cattle/Texas/24-008749-003/2024(H5N1)	1412	1951
PB2|PP755596.1|A/cattle/Texas/24-008749-003/2024(H5N1)	1413	1937
PB2|PP755596.1|A/cattle/Texas/24-008749-003/2024(H5N1)	1414	1939
PB2|PP755596.1|A/cattle/Texas/24-008749-003/2024(H5N1)	1415	1953
PB2|PP755596.1|A/cattle/Texas/24-008749-003/2024(H5N1)	1416	1953
PB2|PP755596.1|A/cattle/Texas/24-008749-003/2024(H5N1)	1417	1958
PB2|PP755596.1|A/cattle/Texas/24-008749-003/2024(H5N1)	1418	1917
PB2|PP755596.1|A/cattle/Texas/24-008749-003/2024(H5N1)	1419	1878
PB2|PP755596.1|A/cattle/Texas/24-008749-003/2024(H5N1)	1420	1898
PB2|PP755596.1|A/cattle/Texas/24-008749-003/2024(H5N1)	1421	1908
PB2|PP755596.1|A/cattle/Texas/24-008749-003/2024(H5N1)	1422	1904
PB2|PP755596.1|A/cattle/Texas/24-008749-003/2024(H5N1)	1423	1908
PB2|PP755596.1|A/cattle/Texas/24-008749-003/2024(H5N1)	1424	1906
PB2|PP755596.1|A/cattle/Texas/24-008749-003/2024(H5N1)	1425	1909
PB2|PP755596.1|A/cattle/Texas/24-008749-003/2024(H5N1)	1426	1912
PB2|PP755596.1|A/cattle/Texas/24-008749-003/2024(H5N1)	1427	1923
PB2|PP755596.1|A/cattle/Texas/24-008749-003/2024(H5N1)	1428	1948
PB2|PP755596.1|A/cattle/Texas/24-008749-003/2024(H5N1)	1429	1923
PB2|PP755596.1|A/cattle/Texas/24-008749-003/2024(H5N1)	1430	2017
PB2|PP755596.1|A/cattle/Texas/24-008749-003/2024(H5N1)	1431	2021
PB2|PP755596.1|A/cattle/Texas/24-008749-003/2024(H5N1)	1432	1982
PB2|PP755596.1|A/cattle/Texas/24-008749-003/2024(H5N1)	1433	1982
PB2|PP755596.1|A/cattle/Texas/24-008749-003/2024(H5N1)	1434	1979
PB2|PP755596.1|A/cattle/Texas/24-008749-003/2024(H5N1)	1435	1970
PB2|PP755596.1|A/cattle/Texas/24-008749-003/2024(H5N1)	1436	1975
PB2|PP755596.1|A/cattle/Texas/24-008749-003/2024(H5N1)	1437	1932
PB2|PP755596.1|A/cattle/Texas/24-008749-003/2024(H5N1)	1438	1936
PB2|PP755596.1|A/cattle/Texas/24-008749-003/2024(H5N1)	1439	1831
PB2|PP755596.1|A/cattle/Texas/24-008749-003/2024(H5N1)	1440	1833
PB2|PP755596.1|A/cattle/Texas/24-008749-003/2024(H5N1)	1441	1834
PB2|PP755596.1|A/cattle/Texas/24-008749-003/2024(H5N1)	1442	1844
PB2|PP755596.1|A/cattle/Texas/24-008749-003/2024(H5N1)	1443	1845
PB2|PP755596.1|A/cattle/Texas/24-008749-003/2024(H5N1)	1444	1835
PB2|PP755596.1|A/cattle/Texas/24-008749-003/2024(H5N1)	1445	1828
PB2|PP755596.1|A/cattle/Texas/24-008749-003/2024(H5N1)	1446	1839
PB2|PP755596.1|A/cattle/Texas/24-008749-003/2024(H5N1)	1447	1850
PB2|PP755596.1|A/cattle/Texas/24-008749-003/2024(H5N1)	1448	1850
PB2|PP755596.1|A/cattle/Texas/24-008749-003/2024(H5N1)	1449	1841
PB2|PP755596.1|A/cattle/Texas/24-008749-003/2024(H5N1)	1450	1813
PB2|PP755596.1|A/cattle/Texas/24-008749-003/2024(H5N1)	1451	1824
PB2|PP755596.1|A/cattle/Texas/24-008749-003/2024(H5N1)	1452	1821
PB2|PP755596.1|A/cattle/Texas/24-008749-003/2024(H5N1)	1453	1822
PB2|PP755596.1|A/cattle/Texas/24-008749-003/2024(H5N1)	1454	1829
PB2|PP755596.1|A/cattle/Texas/24-008749-003/2024(H5N1)	1455	1801
PB2|PP755596.1|A/cattle/Texas/24-008749-003/2024(H5N1)	1456	1830
PB2|PP755596.1|A/cattle/Texas/24-008749-003/2024(H5N1)	1457	1840
PB2|PP755596.1|A/cattle/Texas/24-008749-003/2024(H5N1)	1458	1849
PB2|PP755596.1|A/cattle/Texas/24-008749-003/2024(H5N1)	1459	1864
PB2|PP755596.1|A/cattle/Texas/24-008749-003/2024(H5N1)	1460	1846
PB2|PP755596.1|A/cattle/Texas/24-008749-003/2024(H5N1)	1461	1850
PB2|PP755596.1|A/cattle/Texas/24-008749-003/2024(H5N1)	1462	1791
PB2|PP755596.1|A/cattle/Texas/24-008749-003/2024(H5N1)	1463	1786
PB2|PP755596.1|A/cattle/Texas/24-008749-003/2024(H5N1)	1464	2041
PB2|PP755596.1|A/cattle/Texas/24-008749-003/2024(H5N1)	1465	1993
PB2|PP755596.1|A/cattle/Texas/24-008749-003/2024(H5N1)	1466	2025
PB2|PP755596.1|A/cattle/Texas/24-008749-003/2024(H5N1)	1467	2022
PB2|PP755596.1|A/cattle/Texas/24-008749-003/2024(H5N1)	1468	2007
PB2|PP755596.1|A/cattle/Texas/24-008749-003/2024(H5N1)	1469	2042
PB2|PP755596.1|A/cattle/Texas/24-008749-003/2024(H5N1)	1470	2044
PB2|PP755596.1|A/cattle/Texas/24-008749-003/2024(H5N1)	1471	2039
PB2|PP755596.1|A/cattle/Texas/24-008749-003/2024(H5N1)	1472	2019
PB2|PP755596.1|A/cattle/Texas/24-008749-003/2024(H5N1)	1473	1782
PB2|PP755596.1|A/cattle/Texas/24-008749-003/2024(H5N1)	1474	1789
PB2|PP755596.1|A/cattle/Texas/24-008749-003/2024(H5N1)	1475	1790
PB2|PP755596.1|A/cattle/Texas/24-008749-003/2024(H5N1)	1476	1789
PB2|PP755596.1|A/cattle/Texas/24-008749-003/2024(H5N1)	1477	1811
PB2|PP755596.1|A/cattle/Texas/24-008749-003/2024(H5N1)	1478	1790
PB2|PP755596.1|A/cattle/Texas/24-008749-003/2024(H5N1)	1479	1819
PB2|PP755596.1|A/cattle/Texas/24-008749-003/2024(H5N1)	1480	1821
PB2|PP755596.1|A/cattle/Texas/24-008749-003/2024(H5N1)	1481	1869
PB2|PP755596.1|A/cattle/Texas/24-008749-003/2024(H5N1)	1482	1864
PB2|PP755596.1|A/cattle/Texas/24-008749-003/2024(H5N1)	1483	1914
PB2|PP755596.1|A/cattle/Texas/24-008749-003/2024(H5N1)	1484	1911
PB2|PP755596.1|A/cattle/Texas/24-008749-003/2024(H5N1)	1485	1934
PB2|PP755596.1|A/cattle/Texas/24-008749-003/2024(H5N1)	1486	1933
PB2|PP755596.1|A/cattle/Texas/24-008749-003/2024(H5N1)	1487	1904
PB2|PP755596.1|A/cattle/Texas/24-008749-003/2024(H5N1)	1488	1882
PB2|PP755596.1|A/cattle/Texas/24-008749-003/2024(H5N1)	1489	1878
PB2|PP755596.1|A/cattle/Texas/24-008749-003/2024(H5N1)	1490	1879
PB2|PP755596.1|A/cattle/Texas/24-008749-003/2024(H5N1)	1491	1935
PB2|PP755596.1|A/cattle/Texas/24-008749-003/2024(H5N1)	1492	1879
PB2|PP755596.1|A/cattle/Texas/24-008749-003/2024(H5N1)	1493	1879
PB2|PP755596.1|A/cattle/Texas/24-008749-003/2024(H5N1)	1494	1856
PB2|PP755596.1|A/cattle/Texas/24-008749-003/2024(H5N1)	1495	1856
PB2|PP755596.1|A/cattle/Texas/24-008749-003/2024(H5N1)	1496	1956
PB2|PP755596.1|A/cattle/Texas/24-008749-003/2024(H5N1)	1497	1957
PB2|PP755596.1|A/cattle/Texas/24-008749-003/2024(H5N1)	1498	1952
PB2|PP755596.1|A/cattle/Texas/24-008749-003/2024(H5N1)	1499	1948
PB2|PP755596.1|A/cattle/Texas/24-008749-003/2024(H5N1)	1500	1963
PB2|PP755596.1|A/cattle/Texas/24-008749-003/2024(H5N1)	1501	2011
PB2|PP755596.1|A/cattle/Texas/24-008749-003/2024(H5N1)	1502	1995
PB2|PP755596.1|A/cattle/Texas/24-008749-003/2024(H5N1)	1503	2023
PB2|PP755596.1|A/cattle/Texas/24-008749-003/2024(H5N1)	1504	2033
PB2|PP755596.1|A/cattle/Texas/24-008749-003/2024(H5N1)	1505	2032
PB2|PP755596.1|A/cattle/Texas/24-008749-003/2024(H5N1)	1506	2034
PB2|PP755596.1|A/cattle/Texas/24-008749-003/2024(H5N1)	1507	2027
PB2|PP755596.1|A/cattle/Texas/24-008749-003/2024(H5N1)	1508	2006
PB2|PP755596.1|A/cattle/Texas/24-008749-003/2024(H5N1)	1509	1982
PB2|PP755596.1|A/cattle/Texas/24-008749-003/2024(H5N1)	1510	1989
PB2|PP755596.1|A/cattle/Texas/24-008749-003/2024(H5N1)	1511	2002
PB2|PP755596.1|A/cattle/Texas/24-008749-003/2024(H5N1)	1512	1997
PB2|PP755596.1|A/cattle/Texas/24-008749-003/2024(H5N1)	1513	1992
PB2|PP755596.1|A/cattle/Texas/24-008749-003/2024(H5N1)	1514	1991
PB2|PP755596.1|A/cattle/Texas/24-008749-003/2024(H5N1)	1515	1992
PB2|PP755596.1|A/cattle/Texas/24-008749-003/2024(H5N1)	1516	1990
PB2|PP755596.1|A/cattle/Texas/24-008749-003/2024(H5N1)	1517	1991
PB2|PP755596.1|A/cattle/Texas/24-008749-003/2024(H5N1)	1518	1993
PB2|PP755596.1|A/cattle/Texas/24-008749-003/2024(H5N1)	1519	1984
PB2|PP755596.1|A/cattle/Texas/24-008749-003/2024(H5N1)	1520	1979
PB2|PP755596.1|A/cattle/Texas/24-008749-003/2024(H5N1)	1521	1981
PB2|PP755596.1|A/cattle/Texas/24-008749-003/2024(H5N1)	1522	1971
PB2|PP755596.1|A/cattle/Texas/24-008749-003/2024(H5N1)	1523	1971
PB2|PP755596.1|A/cattle/Texas/24-008749-003/2024(H5N1)	1524	1984
PB2|PP755596.1|A/cattle/Texas/24-008749-003/2024(H5N1)	1525	1979
PB2|PP755596.1|A/cattle/Texas/24-008749-003/2024(H5N1)	1526	1989
PB2|PP755596.1|A/cattle/Texas/24-008749-003/2024(H5N1)	1527	1998
PB2|PP755596.1|A/cattle/Texas/24-008749-003/2024(H5N1)	1528	1994
PB2|PP755596.1|A/cattle/Texas/24-008749-003/2024(H5N1)	1529	2069
PB2|PP755596.1|A/cattle/Texas/24-008749-003/2024(H5N1)	1530	2065
PB2|PP755596.1|A/cattle/Texas/24-008749-003/2024(H5N1)	1531	2142
PB2|PP755596.1|A/cattle/Texas/24-008749-003/2024(H5N1)	1532	2139
PB2|PP755596.1|A/cattle/Texas/24-008749-003/2024(H5N1)	1533	2107
PB2|PP755596.1|A/cattle/Texas/24-008749-003/2024(H5N1)	1534	2076
PB2|PP755596.1|A/cattle/Texas/24-008749-003/2024(H5N1)	1535	2060
PB2|PP755596.1|A/cattle/Texas/24-008749-003/2024(H5N1)	1536	2074
PB2|PP755596.1|A/cattle/Texas/24-008749-003/2024(H5N1)	1537	2076
PB2|PP755596.1|A/cattle/Texas/24-008749-003/2024(H5N1)	1538	2007
PB2|PP755596.1|A/cattle/Texas/24-008749-003/2024(H5N1)	1539	2008
PB2|PP755596.1|A/cattle/Texas/24-008749-003/2024(H5N1)	1540	1906
PB2|PP755596.1|A/cattle/Texas/24-008749-003/2024(H5N1)	1541	1930
PB2|PP755596.1|A/cattle/Texas/24-008749-003/2024(H5N1)	1542	1936
PB2|PP755596.1|A/cattle/Texas/24-008749-003/2024(H5N1)	1543	1938
PB2|PP755596.1|A/cattle/Texas/24-008749-003/2024(H5N1)	1544	1940
PB2|PP755596.1|A/cattle/Texas/24-008749-003/2024(H5N1)	1545	1925
PB2|PP755596.1|A/cattle/Texas/24-008749-003/2024(H5N1)	1546	1930
PB2|PP755596.1|A/cattle/Texas/24-008749-003/2024(H5N1)	1547	1929
PB2|PP755596.1|A/cattle/Texas/24-008749-003/2024(H5N1)	1548	1912
PB2|PP755596.1|A/cattle/Texas/24-008749-003/2024(H5N1)	1549	1912
PB2|PP755596.1|A/cattle/Texas/24-008749-003/2024(H5N1)	1550	1915
PB2|PP755596.1|A/cattle/Texas/24-008749-003/2024(H5N1)	1551	1935
PB2|PP755596.1|A/cattle/Texas/24-008749-003/2024(H5N1)	1552	1934
PB2|PP755596.1|A/cattle/Texas/24-008749-003/2024(H5N1)	1553	1922
PB2|PP755596.1|A/cattle/Texas/24-008749-003/2024(H5N1)	1554	1911
PB2|PP755596.1|A/cattle/Texas/24-008749-003/2024(H5N1)	1555	1904
PB2|PP755596.1|A/cattle/Texas/24-008749-003/2024(H5N1)	1556	1918
PB2|PP755596.1|A/cattle/Texas/24-008749-003/2024(H5N1)	1557	1920
PB2|PP755596.1|A/cattle/Texas/24-008749-003/2024(H5N1)	1558	1919
PB2|PP755596.1|A/cattle/Texas/24-008749-003/2024(H5N1)	1559	1921
PB2|PP755596.1|A/cattle/Texas/24-008749-003/2024(H5N1)	1560	1891
PB2|PP755596.1|A/cattle/Texas/24-008749-003/2024(H5N1)	1561	1914
PB2|PP755596.1|A/cattle/Texas/24-008749-003/2024(H5N1)	1562	1923
PB2|PP755596.1|A/cattle/Texas/24-008749-003/2024(H5N1)	1563	1925
PB2|PP755596.1|A/cattle/Texas/24-008749-003/2024(H5N1)	1564	1929
PB2|PP755596.1|A/cattle/Texas/24-008749-003/2024(H5N1)	1565	1921
PB2|PP755596.1|A/cattle/Texas/24-008749-003/2024(H5N1)	1566	1916
PB2|PP755596.1|A/cattle/Texas/24-008749-003/2024(H5N1)	1567	1919
PB2|PP755596.1|A/cattle/Texas/24-008749-003/2024(H5N1)	1568	1985
PB2|PP755596.1|A/cattle/Texas/24-008749-003/2024(H5N1)	1569	2006
PB2|PP755596.1|A/cattle/Texas/24-008749-003/2024(H5N1)	1570	1988
PB2|PP755596.1|A/cattle/Texas/24-008749-003/2024(H5N1)	1571	1964
PB2|PP755596.1|A/cattle/Texas/24-008749-003/2024(H5N1)	1572	1954
PB2|PP755596.1|A/cattle/Texas/24-008749-003/2024(H5N1)	1573	1961
PB2|PP755596.1|A/cattle/Texas/24-008749-003/2024(H5N1)	1574	1984
PB2|PP755596.1|A/cattle/Texas/24-008749-003/2024(H5N1)	1575	1984
PB2|PP755596.1|A/cattle/Texas/24-008749-003/2024(H5N1)	1576	1996
PB2|PP755596.1|A/cattle/Texas/24-008749-003/2024(H5N1)	1577	1970
PB2|PP755596.1|A/cattle/Texas/24-008749-003/2024(H5N1)	1578	1960
PB2|PP755596.1|A/cattle/Texas/24-008749-003/2024(H5N1)	1579	1874
PB2|PP755596.1|A/cattle/Texas/24-008749-003/2024(H5N1)	1580	1876
PB2|PP755596.1|A/cattle/Texas/24-008749-003/2024(H5N1)	1581	1890
PB2|PP755596.1|A/cattle/Texas/24-008749-003/2024(H5N1)	1582	1887
PB2|PP755596.1|A/cattle/Texas/24-008749-003/2024(H5N1)	1583	1888
PB2|PP755596.1|A/cattle/Texas/24-008749-003/2024(H5N1)	1584	1891
PB2|PP755596.1|A/cattle/Texas/24-008749-003/2024(H5N1)	1585	1901
PB2|PP755596.1|A/cattle/Texas/24-008749-003/2024(H5N1)	1586	1925
PB2|PP755596.1|A/cattle/Texas/24-008749-003/2024(H5N1)	1587	1926
PB2|PP755596.1|A/cattle/Texas/24-008749-003/2024(H5N1)	1588	1926
PB2|PP755596.1|A/cattle/Texas/24-008749-003/2024(H5N1)	1589	1917
PB2|PP755596.1|A/cattle/Texas/24-008749-003/2024(H5N1)	1590	1909
PB2|PP755596.1|A/cattle/Texas/24-008749-003/2024(H5N1)	1591	1919
PB2|PP755596.1|A/cattle/Texas/24-008749-003/2024(H5N1)	1592	1913
PB2|PP755596.1|A/cattle/Texas/24-008749-003/2024(H5N1)	1593	1919
PB2|PP755596.1|A/cattle/Texas/24-008749-003/2024(H5N1)	1594	1917
PB2|PP755596.1|A/cattle/Texas/24-008749-003/2024(H5N1)	1595	1946
PB2|PP755596.1|A/cattle/Texas/24-008749-003/2024(H5N1)	1596	1933
PB2|PP755596.1|A/cattle/Texas/24-008749-003/2024(H5N1)	1597	1931
PB2|PP755596.1|A/cattle/Texas/24-008749-003/2024(H5N1)	1598	1936
PB2|PP755596.1|A/cattle/Texas/24-008749-003/2024(H5N1)	1599	1936
PB2|PP755596.1|A/cattle/Texas/24-008749-003/2024(H5N1)	1600	1954
PB2|PP755596.1|A/cattle/Texas/24-008749-003/2024(H5N1)	1601	1930
PB2|PP755596.1|A/cattle/Texas/24-008749-003/2024(H5N1)	1602	1911
PB2|PP755596.1|A/cattle/Texas/24-008749-003/2024(H5N1)	1603	1926
PB2|PP755596.1|A/cattle/Texas/24-008749-003/2024(H5N1)	1604	1925
PB2|PP755596.1|A/cattle/Texas/24-008749-003/2024(H5N1)	1605	1921
PB2|PP755596.1|A/cattle/Texas/24-008749-003/2024(H5N1)	1606	1923
PB2|PP755596.1|A/cattle/Texas/24-008749-003/2024(H5N1)	1607	1895
PB2|PP755596.1|A/cattle/Texas/24-008749-003/2024(H5N1)	1608	1895
PB2|PP755596.1|A/cattle/Texas/24-008749-003/2024(H5N1)	1609	1885
PB2|PP755596.1|A/cattle/Texas/24-008749-003/2024(H5N1)	1610	1869
PB2|PP755596.1|A/cattle/Texas/24-008749-003/2024(H5N1)	1611	1936
PB2|PP755596.1|A/cattle/Texas/24-008749-003/2024(H5N1)	1612	1934
PB2|PP755596.1|A/cattle/Texas/24-008749-003/2024(H5N1)	1613	1922
PB2|PP755596.1|A/cattle/Texas/24-008749-003/2024(H5N1)	1614	1937
PB2|PP755596.1|A/cattle/Texas/24-008749-003/2024(H5N1)	1615	1698
PB2|PP755596.1|A/cattle/Texas/24-008749-003/2024(H5N1)	1616	1699
PB2|PP755596.1|A/cattle/Texas/24-008749-003/2024(H5N1)	1617	1684
PB2|PP755596.1|A/cattle/Texas/24-008749-003/2024(H5N1)	1618	1680
PB2|PP755596.1|A/cattle/Texas/24-008749-003/2024(H5N1)	1619	1698
PB2|PP755596.1|A/cattle/Texas/24-008749-003/2024(H5N1)	1620	1663
PB2|PP755596.1|A/cattle/Texas/24-008749-003/2024(H5N1)	1621	1672
PB2|PP755596.1|A/cattle/Texas/24-008749-003/2024(H5N1)	1622	1721
PB2|PP755596.1|A/cattle/Texas/24-008749-003/2024(H5N1)	1623	1704
PB2|PP755596.1|A/cattle/Texas/24-008749-003/2024(H5N1)	1624	1713
PB2|PP755596.1|A/cattle/Texas/24-008749-003/2024(H5N1)	1625	1701
PB2|PP755596.1|A/cattle/Texas/24-008749-003/2024(H5N1)	1626	1854
PB2|PP755596.1|A/cattle/Texas/24-008749-003/2024(H5N1)	1627	1870
PB2|PP755596.1|A/cattle/Texas/24-008749-003/2024(H5N1)	1628	1873
PB2|PP755596.1|A/cattle/Texas/24-008749-003/2024(H5N1)	1629	1835
PB2|PP755596.1|A/cattle/Texas/24-008749-003/2024(H5N1)	1630	1820
PB2|PP755596.1|A/cattle/Texas/24-008749-003/2024(H5N1)	1631	1786
PB2|PP755596.1|A/cattle/Texas/24-008749-003/2024(H5N1)	1632	1786
PB2|PP755596.1|A/cattle/Texas/24-008749-003/2024(H5N1)	1633	1883
PB2|PP755596.1|A/cattle/Texas/24-008749-003/2024(H5N1)	1634	1843
PB2|PP755596.1|A/cattle/Texas/24-008749-003/2024(H5N1)	1635	1840
PB2|PP755596.1|A/cattle/Texas/24-008749-003/2024(H5N1)	1636	1796
PB2|PP755596.1|A/cattle/Texas/24-008749-003/2024(H5N1)	1637	1789
PB2|PP755596.1|A/cattle/Texas/24-008749-003/2024(H5N1)	1638	1904
PB2|PP755596.1|A/cattle/Texas/24-008749-003/2024(H5N1)	1639	1925
PB2|PP755596.1|A/cattle/Texas/24-008749-003/2024(H5N1)	1640	1927
PB2|PP755596.1|A/cattle/Texas/24-008749-003/2024(H5N1)	1641	1926
PB2|PP755596.1|A/cattle/Texas/24-008749-003/2024(H5N1)	1642	1869
PB2|PP755596.1|A/cattle/Texas/24-008749-003/2024(H5N1)	1643	1944
PB2|PP755596.1|A/cattle/Texas/24-008749-003/2024(H5N1)	1644	1944
PB2|PP755596.1|A/cattle/Texas/24-008749-003/2024(H5N1)	1645	1972
PB2|PP755596.1|A/cattle/Texas/24-008749-003/2024(H5N1)	1646	1979
PB2|PP755596.1|A/cattle/Texas/24-008749-003/2024(H5N1)	1647	1864
PB2|PP755596.1|A/cattle/Texas/24-008749-003/2024(H5N1)	1648	1868
PB2|PP755596.1|A/cattle/Texas/24-008749-003/2024(H5N1)	1649	1869
PB2|PP755596.1|A/cattle/Texas/24-008749-003/2024(H5N1)	1650	1871
PB2|PP755596.1|A/cattle/Texas/24-008749-003/2024(H5N1)	1651	1849
PB2|PP755596.1|A/cattle/Texas/24-008749-003/2024(H5N1)	1652	1795
PB2|PP755596.1|A/cattle/Texas/24-008749-003/2024(H5N1)	1653	1798
PB2|PP755596.1|A/cattle/Texas/24-008749-003/2024(H5N1)	1654	1812
PB2|PP755596.1|A/cattle/Texas/24-008749-003/2024(H5N1)	1655	1806
PB2|PP755596.1|A/cattle/Texas/24-008749-003/2024(H5N1)	1656	1818
PB2|PP755596.1|A/cattle/Texas/24-008749-003/2024(H5N1)	1657	1816
PB2|PP755596.1|A/cattle/Texas/24-008749-003/2024(H5N1)	1658	1814
PB2|PP755596.1|A/cattle/Texas/24-008749-003/2024(H5N1)	1659	1814
PB2|PP755596.1|A/cattle/Texas/24-008749-003/2024(H5N1)	1660	1829
PB2|PP755596.1|A/cattle/Texas/24-008749-003/2024(H5N1)	1661	1811
PB2|PP755596.1|A/cattle/Texas/24-008749-003/2024(H5N1)	1662	1798
PB2|PP755596.1|A/cattle/Texas/24-008749-003/2024(H5N1)	1663	1793
PB2|PP755596.1|A/cattle/Texas/24-008749-003/2024(H5N1)	1664	1790
PB2|PP755596.1|A/cattle/Texas/24-008749-003/2024(H5N1)	1665	1791
PB2|PP755596.1|A/cattle/Texas/24-008749-003/2024(H5N1)	1666	1795
PB2|PP755596.1|A/cattle/Texas/24-008749-003/2024(H5N1)	1667	1795
PB2|PP755596.1|A/cattle/Texas/24-008749-003/2024(H5N1)	1668	1803
PB2|PP755596.1|A/cattle/Texas/24-008749-003/2024(H5N1)	1669	1798
PB2|PP755596.1|A/cattle/Texas/24-008749-003/2024(H5N1)	1670	1799
PB2|PP755596.1|A/cattle/Texas/24-008749-003/2024(H5N1)	1671	1801
PB2|PP755596.1|A/cattle/Texas/24-008749-003/2024(H5N1)	1672	1799
PB2|PP755596.1|A/cattle/Texas/24-008749-003/2024(H5N1)	1673	1807
PB2|PP755596.1|A/cattle/Texas/24-008749-003/2024(H5N1)	1674	1816
PB2|PP755596.1|A/cattle/Texas/24-008749-003/2024(H5N1)	1675	1802
PB2|PP755596.1|A/cattle/Texas/24-008749-003/2024(H5N1)	1676	1742
PB2|PP755596.1|A/cattle/Texas/24-008749-003/2024(H5N1)	1677	1732
PB2|PP755596.1|A/cattle/Texas/24-008749-003/2024(H5N1)	1678	1734
PB2|PP755596.1|A/cattle/Texas/24-008749-003/2024(H5N1)	1679	1732
PB2|PP755596.1|A/cattle/Texas/24-008749-003/2024(H5N1)	1680	1732
PB2|PP755596.1|A/cattle/Texas/24-008749-003/2024(H5N1)	1681	1736
PB2|PP755596.1|A/cattle/Texas/24-008749-003/2024(H5N1)	1682	1637
PB2|PP755596.1|A/cattle/Texas/24-008749-003/2024(H5N1)	1683	1650
PB2|PP755596.1|A/cattle/Texas/24-008749-003/2024(H5N1)	1684	1655
PB2|PP755596.1|A/cattle/Texas/24-008749-003/2024(H5N1)	1685	1731
PB2|PP755596.1|A/cattle/Texas/24-008749-003/2024(H5N1)	1686	1731
PB2|PP755596.1|A/cattle/Texas/24-008749-003/2024(H5N1)	1687	1710
PB2|PP755596.1|A/cattle/Texas/24-008749-003/2024(H5N1)	1688	1701
PB2|PP755596.1|A/cattle/Texas/24-008749-003/2024(H5N1)	1689	1701
PB2|PP755596.1|A/cattle/Texas/24-008749-003/2024(H5N1)	1690	1708
PB2|PP755596.1|A/cattle/Texas/24-008749-003/2024(H5N1)	1691	1733
PB2|PP755596.1|A/cattle/Texas/24-008749-003/2024(H5N1)	1692	1720
PB2|PP755596.1|A/cattle/Texas/24-008749-003/2024(H5N1)	1693	1737
PB2|PP755596.1|A/cattle/Texas/24-008749-003/2024(H5N1)	1694	1740
PB2|PP755596.1|A/cattle/Texas/24-008749-003/2024(H5N1)	1695	1801
PB2|PP755596.1|A/cattle/Texas/24-008749-003/2024(H5N1)	1696	1825
PB2|PP755596.1|A/cattle/Texas/24-008749-003/2024(H5N1)	1697	1823
PB2|PP755596.1|A/cattle/Texas/24-008749-003/2024(H5N1)	1698	1828
PB2|PP755596.1|A/cattle/Texas/24-008749-003/2024(H5N1)	1699	1828
PB2|PP755596.1|A/cattle/Texas/24-008749-003/2024(H5N1)	1700	1814
PB2|PP755596.1|A/cattle/Texas/24-008749-003/2024(H5N1)	1701	1811
PB2|PP755596.1|A/cattle/Texas/24-008749-003/2024(H5N1)	1702	1818
PB2|PP755596.1|A/cattle/Texas/24-008749-003/2024(H5N1)	1703	1835
PB2|PP755596.1|A/cattle/Texas/24-008749-003/2024(H5N1)	1704	1833
PB2|PP755596.1|A/cattle/Texas/24-008749-003/2024(H5N1)	1705	1830
PB2|PP755596.1|A/cattle/Texas/24-008749-003/2024(H5N1)	1706	1818
PB2|PP755596.1|A/cattle/Texas/24-008749-003/2024(H5N1)	1707	1864
PB2|PP755596.1|A/cattle/Texas/24-008749-003/2024(H5N1)	1708	1908
PB2|PP755596.1|A/cattle/Texas/24-008749-003/2024(H5N1)	1709	1904
PB2|PP755596.1|A/cattle/Texas/24-008749-003/2024(H5N1)	1710	1922
PB2|PP755596.1|A/cattle/Texas/24-008749-003/2024(H5N1)	1711	1947
PB2|PP755596.1|A/cattle/Texas/24-008749-003/2024(H5N1)	1712	1929
PB2|PP755596.1|A/cattle/Texas/24-008749-003/2024(H5N1)	1713	1971
PB2|PP755596.1|A/cattle/Texas/24-008749-003/2024(H5N1)	1714	1968
PB2|PP755596.1|A/cattle/Texas/24-008749-003/2024(H5N1)	1715	1977
PB2|PP755596.1|A/cattle/Texas/24-008749-003/2024(H5N1)	1716	2050
PB2|PP755596.1|A/cattle/Texas/24-008749-003/2024(H5N1)	1717	2007
PB2|PP755596.1|A/cattle/Texas/24-008749-003/2024(H5N1)	1718	2016
PB2|PP755596.1|A/cattle/Texas/24-008749-003/2024(H5N1)	1719	1953
PB2|PP755596.1|A/cattle/Texas/24-008749-003/2024(H5N1)	1720	1957
PB2|PP755596.1|A/cattle/Texas/24-008749-003/2024(H5N1)	1721	1956
PB2|PP755596.1|A/cattle/Texas/24-008749-003/2024(H5N1)	1722	1938
PB2|PP755596.1|A/cattle/Texas/24-008749-003/2024(H5N1)	1723	1945
PB2|PP755596.1|A/cattle/Texas/24-008749-003/2024(H5N1)	1724	1939
PB2|PP755596.1|A/cattle/Texas/24-008749-003/2024(H5N1)	1725	1939
PB2|PP755596.1|A/cattle/Texas/24-008749-003/2024(H5N1)	1726	1944
PB2|PP755596.1|A/cattle/Texas/24-008749-003/2024(H5N1)	1727	1946
PB2|PP755596.1|A/cattle/Texas/24-008749-003/2024(H5N1)	1728	1965
PB2|PP755596.1|A/cattle/Texas/24-008749-003/2024(H5N1)	1729	1969
PB2|PP755596.1|A/cattle/Texas/24-008749-003/2024(H5N1)	1730	1969
PB2|PP755596.1|A/cattle/Texas/24-008749-003/2024(H5N1)	1731	1951
PB2|PP755596.1|A/cattle/Texas/24-008749-003/2024(H5N1)	1732	1950
PB2|PP755596.1|A/cattle/Texas/24-008749-003/2024(H5N1)	1733	1986
PB2|PP755596.1|A/cattle/Texas/24-008749-003/2024(H5N1)	1734	1984
PB2|PP755596.1|A/cattle/Texas/24-008749-003/2024(H5N1)	1735	1987
PB2|PP755596.1|A/cattle/Texas/24-008749-003/2024(H5N1)	1736	1977
PB2|PP755596.1|A/cattle/Texas/24-008749-003/2024(H5N1)	1737	2017
PB2|PP755596.1|A/cattle/Texas/24-008749-003/2024(H5N1)	1738	2011
PB2|PP755596.1|A/cattle/Texas/24-008749-003/2024(H5N1)	1739	2018
PB2|PP755596.1|A/cattle/Texas/24-008749-003/2024(H5N1)	1740	2017
PB2|PP755596.1|A/cattle/Texas/24-008749-003/2024(H5N1)	1741	2011
PB2|PP755596.1|A/cattle/Texas/24-008749-003/2024(H5N1)	1742	2004
PB2|PP755596.1|A/cattle/Texas/24-008749-003/2024(H5N1)	1743	2008
PB2|PP755596.1|A/cattle/Texas/24-008749-003/2024(H5N1)	1744	2016
PB2|PP755596.1|A/cattle/Texas/24-008749-003/2024(H5N1)	1745	2028
PB2|PP755596.1|A/cattle/Texas/24-008749-003/2024(H5N1)	1746	2000
PB2|PP755596.1|A/cattle/Texas/24-008749-003/2024(H5N1)	1747	2006
PB2|PP755596.1|A/cattle/Texas/24-008749-003/2024(H5N1)	1748	1999
PB2|PP755596.1|A/cattle/Texas/24-008749-003/2024(H5N1)	1749	2008
PB2|PP755596.1|A/cattle/Texas/24-008749-003/2024(H5N1)	1750	2044
PB2|PP755596.1|A/cattle/Texas/24-008749-003/2024(H5N1)	1751	2029
PB2|PP755596.1|A/cattle/Texas/24-008749-003/2024(H5N1)	1752	2113
PB2|PP755596.1|A/cattle/Texas/24-008749-003/2024(H5N1)	1753	2101
PB2|PP755596.1|A/cattle/Texas/24-008749-003/2024(H5N1)	1754	2084
PB2|PP755596.1|A/cattle/Texas/24-008749-003/2024(H5N1)	1755	2084
PB2|PP755596.1|A/cattle/Texas/24-008749-003/2024(H5N1)	1756	2112
PB2|PP755596.1|A/cattle/Texas/24-008749-003/2024(H5N1)	1757	2110
PB2|PP755596.1|A/cattle/Texas/24-008749-003/2024(H5N1)	1758	2105
PB2|PP755596.1|A/cattle/Texas/24-008749-003/2024(H5N1)	1759	2103
PB2|PP755596.1|A/cattle/Texas/24-008749-003/2024(H5N1)	1760	2107
PB2|PP755596.1|A/cattle/Texas/24-008749-003/2024(H5N1)	1761	2042
PB2|PP755596.1|A/cattle/Texas/24-008749-003/2024(H5N1)	1762	2048
PB2|PP755596.1|A/cattle/Texas/24-008749-003/2024(H5N1)	1763	2064
PB2|PP755596.1|A/cattle/Texas/24-008749-003/2024(H5N1)	1764	2047
PB2|PP755596.1|A/cattle/Texas/24-008749-003/2024(H5N1)	1765	2041
PB2|PP755596.1|A/cattle/Texas/24-008749-003/2024(H5N1)	1766	2049
PB2|PP755596.1|A/cattle/Texas/24-008749-003/2024(H5N1)	1767	2059
PB2|PP755596.1|A/cattle/Texas/24-008749-003/2024(H5N1)	1768	2286
PB2|PP755596.1|A/cattle/Texas/24-008749-003/2024(H5N1)	1769	2300
PB2|PP755596.1|A/cattle/Texas/24-008749-003/2024(H5N1)	1770	2288
PB2|PP755596.1|A/cattle/Texas/24-008749-003/2024(H5N1)	1771	2281
PB2|PP755596.1|A/cattle/Texas/24-008749-003/2024(H5N1)	1772	2291
PB2|PP755596.1|A/cattle/Texas/24-008749-003/2024(H5N1)	1773	2316
PB2|PP755596.1|A/cattle/Texas/24-008749-003/2024(H5N1)	1774	2337
PB2|PP755596.1|A/cattle/Texas/24-008749-003/2024(H5N1)	1775	2323
PB2|PP755596.1|A/cattle/Texas/24-008749-003/2024(H5N1)	1776	2335
PB2|PP755596.1|A/cattle/Texas/24-008749-003/2024(H5N1)	1777	2135
PB2|PP755596.1|A/cattle/Texas/24-008749-003/2024(H5N1)	1778	2122
PB2|PP755596.1|A/cattle/Texas/24-008749-003/2024(H5N1)	1779	2118
PB2|PP755596.1|A/cattle/Texas/24-008749-003/2024(H5N1)	1780	2138
PB2|PP755596.1|A/cattle/Texas/24-008749-003/2024(H5N1)	1781	2137
PB2|PP755596.1|A/cattle/Texas/24-008749-003/2024(H5N1)	1782	2113
PB2|PP755596.1|A/cattle/Texas/24-008749-003/2024(H5N1)	1783	2137
PB2|PP755596.1|A/cattle/Texas/24-008749-003/2024(H5N1)	1784	2065
PB2|PP755596.1|A/cattle/Texas/24-008749-003/2024(H5N1)	1785	2070
PB2|PP755596.1|A/cattle/Texas/24-008749-003/2024(H5N1)	1786	2071
PB2|PP755596.1|A/cattle/Texas/24-008749-003/2024(H5N1)	1787	2067
PB2|PP755596.1|A/cattle/Texas/24-008749-003/2024(H5N1)	1788	2066
PB2|PP755596.1|A/cattle/Texas/24-008749-003/2024(H5N1)	1789	1966
PB2|PP755596.1|A/cattle/Texas/24-008749-003/2024(H5N1)	1790	1969
PB2|PP755596.1|A/cattle/Texas/24-008749-003/2024(H5N1)	1791	1972
PB2|PP755596.1|A/cattle/Texas/24-008749-003/2024(H5N1)	1792	1993
PB2|PP755596.1|A/cattle/Texas/24-008749-003/2024(H5N1)	1793	1968
PB2|PP755596.1|A/cattle/Texas/24-008749-003/2024(H5N1)	1794	1944
PB2|PP755596.1|A/cattle/Texas/24-008749-003/2024(H5N1)	1795	1955
PB2|PP755596.1|A/cattle/Texas/24-008749-003/2024(H5N1)	1796	1953
PB2|PP755596.1|A/cattle/Texas/24-008749-003/2024(H5N1)	1797	1970
PB2|PP755596.1|A/cattle/Texas/24-008749-003/2024(H5N1)	1798	1971
PB2|PP755596.1|A/cattle/Texas/24-008749-003/2024(H5N1)	1799	1966
PB2|PP755596.1|A/cattle/Texas/24-008749-003/2024(H5N1)	1800	1966
PB2|PP755596.1|A/cattle/Texas/24-008749-003/2024(H5N1)	1801	1964
PB2|PP755596.1|A/cattle/Texas/24-008749-003/2024(H5N1)	1802	1942
PB2|PP755596.1|A/cattle/Texas/24-008749-003/2024(H5N1)	1803	1942
PB2|PP755596.1|A/cattle/Texas/24-008749-003/2024(H5N1)	1804	1960
PB2|PP755596.1|A/cattle/Texas/24-008749-003/2024(H5N1)	1805	1946
PB2|PP755596.1|A/cattle/Texas/24-008749-003/2024(H5N1)	1806	1931
PB2|PP755596.1|A/cattle/Texas/24-008749-003/2024(H5N1)	1807	1932
PB2|PP755596.1|A/cattle/Texas/24-008749-003/2024(H5N1)	1808	1961
PB2|PP755596.1|A/cattle/Texas/24-008749-003/2024(H5N1)	1809	1961
PB2|PP755596.1|A/cattle/Texas/24-008749-003/2024(H5N1)	1810	1944
PB2|PP755596.1|A/cattle/Texas/24-008749-003/2024(H5N1)	1811	1955
PB2|PP755596.1|A/cattle/Texas/24-008749-003/2024(H5N1)	1812	1966
PB2|PP755596.1|A/cattle/Texas/24-008749-003/2024(H5N1)	1813	1966
PB2|PP755596.1|A/cattle/Texas/24-008749-003/2024(H5N1)	1814	2008
PB2|PP755596.1|A/cattle/Texas/24-008749-003/2024(H5N1)	1815	2010
PB2|PP755596.1|A/cattle/Texas/24-008749-003/2024(H5N1)	1816	2020
PB2|PP755596.1|A/cattle/Texas/24-008749-003/2024(H5N1)	1817	2029
PB2|PP755596.1|A/cattle/Texas/24-008749-003/2024(H5N1)	1818	2007
PB2|PP755596.1|A/cattle/Texas/24-008749-003/2024(H5N1)	1819	1989
PB2|PP755596.1|A/cattle/Texas/24-008749-003/2024(H5N1)	1820	1976
PB2|PP755596.1|A/cattle/Texas/24-008749-003/2024(H5N1)	1821	1975
PB2|PP755596.1|A/cattle/Texas/24-008749-003/2024(H5N1)	1822	1975
PB2|PP755596.1|A/cattle/Texas/24-008749-003/2024(H5N1)	1823	1974
PB2|PP755596.1|A/cattle/Texas/24-008749-003/2024(H5N1)	1824	1970
PB2|PP755596.1|A/cattle/Texas/24-008749-003/2024(H5N1)	1825	1971
PB2|PP755596.1|A/cattle/Texas/24-008749-003/2024(H5N1)	1826	1991
PB2|PP755596.1|A/cattle/Texas/24-008749-003/2024(H5N1)	1827	2066
PB2|PP755596.1|A/cattle/Texas/24-008749-003/2024(H5N1)	1828	2073
PB2|PP755596.1|A/cattle/Texas/24-008749-003/2024(H5N1)	1829	2071
PB2|PP755596.1|A/cattle/Texas/24-008749-003/2024(H5N1)	1830	2070
PB2|PP755596.1|A/cattle/Texas/24-008749-003/2024(H5N1)	1831	2070
PB2|PP755596.1|A/cattle/Texas/24-008749-003/2024(H5N1)	1832	2118
PB2|PP755596.1|A/cattle/Texas/24-008749-003/2024(H5N1)	1833	2117
PB2|PP755596.1|A/cattle/Texas/24-008749-003/2024(H5N1)	1834	2103
PB2|PP755596.1|A/cattle/Texas/24-008749-003/2024(H5N1)	1835	2118
PB2|PP755596.1|A/cattle/Texas/24-008749-003/2024(H5N1)	1836	2027
PB2|PP755596.1|A/cattle/Texas/24-008749-003/2024(H5N1)	1837	2160
PB2|PP755596.1|A/cattle/Texas/24-008749-003/2024(H5N1)	1838	2163
PB2|PP755596.1|A/cattle/Texas/24-008749-003/2024(H5N1)	1839	2195
PB2|PP755596.1|A/cattle/Texas/24-008749-003/2024(H5N1)	1840	2195
PB2|PP755596.1|A/cattle/Texas/24-008749-003/2024(H5N1)	1841	2184
PB2|PP755596.1|A/cattle/Texas/24-008749-003/2024(H5N1)	1842	2170
PB2|PP755596.1|A/cattle/Texas/24-008749-003/2024(H5N1)	1843	2177
PB2|PP755596.1|A/cattle/Texas/24-008749-003/2024(H5N1)	1844	2177
PB2|PP755596.1|A/cattle/Texas/24-008749-003/2024(H5N1)	1845	2174
PB2|PP755596.1|A/cattle/Texas/24-008749-003/2024(H5N1)	1846	2096
PB2|PP755596.1|A/cattle/Texas/24-008749-003/2024(H5N1)	1847	2072
PB2|PP755596.1|A/cattle/Texas/24-008749-003/2024(H5N1)	1848	2073
PB2|PP755596.1|A/cattle/Texas/24-008749-003/2024(H5N1)	1849	2103
PB2|PP755596.1|A/cattle/Texas/24-008749-003/2024(H5N1)	1850	2117
PB2|PP755596.1|A/cattle/Texas/24-008749-003/2024(H5N1)	1851	2109
PB2|PP755596.1|A/cattle/Texas/24-008749-003/2024(H5N1)	1852	2124
PB2|PP755596.1|A/cattle/Texas/24-008749-003/2024(H5N1)	1853	2093
PB2|PP755596.1|A/cattle/Texas/24-008749-003/2024(H5N1)	1854	2090
PB2|PP755596.1|A/cattle/Texas/24-008749-003/2024(H5N1)	1855	2087
PB2|PP755596.1|A/cattle/Texas/24-008749-003/2024(H5N1)	1856	2082
PB2|PP755596.1|A/cattle/Texas/24-008749-003/2024(H5N1)	1857	2122
PB2|PP755596.1|A/cattle/Texas/24-008749-003/2024(H5N1)	1858	2092
PB2|PP755596.1|A/cattle/Texas/24-008749-003/2024(H5N1)	1859	2093
PB2|PP755596.1|A/cattle/Texas/24-008749-003/2024(H5N1)	1860	2077
PB2|PP755596.1|A/cattle/Texas/24-008749-003/2024(H5N1)	1861	2040
PB2|PP755596.1|A/cattle/Texas/24-008749-003/2024(H5N1)	1862	2046
PB2|PP755596.1|A/cattle/Texas/24-008749-003/2024(H5N1)	1863	2043
PB2|PP755596.1|A/cattle/Texas/24-008749-003/2024(H5N1)	1864	1991
PB2|PP755596.1|A/cattle/Texas/24-008749-003/2024(H5N1)	1865	1999
PB2|PP755596.1|A/cattle/Texas/24-008749-003/2024(H5N1)	1866	1985
PB2|PP755596.1|A/cattle/Texas/24-008749-003/2024(H5N1)	1867	1985
PB2|PP755596.1|A/cattle/Texas/24-008749-003/2024(H5N1)	1868	1981
PB2|PP755596.1|A/cattle/Texas/24-008749-003/2024(H5N1)	1869	1987
PB2|PP755596.1|A/cattle/Texas/24-008749-003/2024(H5N1)	1870	1997
PB2|PP755596.1|A/cattle/Texas/24-008749-003/2024(H5N1)	1871	1996
PB2|PP755596.1|A/cattle/Texas/24-008749-003/2024(H5N1)	1872	1990
PB2|PP755596.1|A/cattle/Texas/24-008749-003/2024(H5N1)	1873	2088
PB2|PP755596.1|A/cattle/Texas/24-008749-003/2024(H5N1)	1874	2081
PB2|PP755596.1|A/cattle/Texas/24-008749-003/2024(H5N1)	1875	2094
PB2|PP755596.1|A/cattle/Texas/24-008749-003/2024(H5N1)	1876	2087
PB2|PP755596.1|A/cattle/Texas/24-008749-003/2024(H5N1)	1877	2079
PB2|PP755596.1|A/cattle/Texas/24-008749-003/2024(H5N1)	1878	2081
PB2|PP755596.1|A/cattle/Texas/24-008749-003/2024(H5N1)	1879	2096
PB2|PP755596.1|A/cattle/Texas/24-008749-003/2024(H5N1)	1880	2095
PB2|PP755596.1|A/cattle/Texas/24-008749-003/2024(H5N1)	1881	2102
PB2|PP755596.1|A/cattle/Texas/24-008749-003/2024(H5N1)	1882	2103
PB2|PP755596.1|A/cattle/Texas/24-008749-003/2024(H5N1)	1883	2086
PB2|PP755596.1|A/cattle/Texas/24-008749-003/2024(H5N1)	1884	2086
PB2|PP755596.1|A/cattle/Texas/24-008749-003/2024(H5N1)	1885	2082
PB2|PP755596.1|A/cattle/Texas/24-008749-003/2024(H5N1)	1886	2093
PB2|PP755596.1|A/cattle/Texas/24-008749-003/2024(H5N1)	1887	2113
PB2|PP755596.1|A/cattle/Texas/24-008749-003/2024(H5N1)	1888	2042
PB2|PP755596.1|A/cattle/Texas/24-008749-003/2024(H5N1)	1889	2039
PB2|PP755596.1|A/cattle/Texas/24-008749-003/2024(H5N1)	1890	2030
PB2|PP755596.1|A/cattle/Texas/24-008749-003/2024(H5N1)	1891	2083
PB2|PP755596.1|A/cattle/Texas/24-008749-003/2024(H5N1)	1892	2089
PB2|PP755596.1|A/cattle/Texas/24-008749-003/2024(H5N1)	1893	2086
PB2|PP755596.1|A/cattle/Texas/24-008749-003/2024(H5N1)	1894	2091
PB2|PP755596.1|A/cattle/Texas/24-008749-003/2024(H5N1)	1895	2078
PB2|PP755596.1|A/cattle/Texas/24-008749-003/2024(H5N1)	1896	2109
PB2|PP755596.1|A/cattle/Texas/24-008749-003/2024(H5N1)	1897	2107
PB2|PP755596.1|A/cattle/Texas/24-008749-003/2024(H5N1)	1898	2107
PB2|PP755596.1|A/cattle/Texas/24-008749-003/2024(H5N1)	1899	2097
PB2|PP755596.1|A/cattle/Texas/24-008749-003/2024(H5N1)	1900	2063
PB2|PP755596.1|A/cattle/Texas/24-008749-003/2024(H5N1)	1901	2079
PB2|PP755596.1|A/cattle/Texas/24-008749-003/2024(H5N1)	1902	2016
PB2|PP755596.1|A/cattle/Texas/24-008749-003/2024(H5N1)	1903	2003
PB2|PP755596.1|A/cattle/Texas/24-008749-003/2024(H5N1)	1904	2026
PB2|PP755596.1|A/cattle/Texas/24-008749-003/2024(H5N1)	1905	2013
PB2|PP755596.1|A/cattle/Texas/24-008749-003/2024(H5N1)	1906	2054
PB2|PP755596.1|A/cattle/Texas/24-008749-003/2024(H5N1)	1907	2021
PB2|PP755596.1|A/cattle/Texas/24-008749-003/2024(H5N1)	1908	2033
PB2|PP755596.1|A/cattle/Texas/24-008749-003/2024(H5N1)	1909	2067
PB2|PP755596.1|A/cattle/Texas/24-008749-003/2024(H5N1)	1910	2077
PB2|PP755596.1|A/cattle/Texas/24-008749-003/2024(H5N1)	1911	2100
PB2|PP755596.1|A/cattle/Texas/24-008749-003/2024(H5N1)	1912	2283
PB2|PP755596.1|A/cattle/Texas/24-008749-003/2024(H5N1)	1913	2271
PB2|PP755596.1|A/cattle/Texas/24-008749-003/2024(H5N1)	1914	2294
PB2|PP755596.1|A/cattle/Texas/24-008749-003/2024(H5N1)	1915	2303
PB2|PP755596.1|A/cattle/Texas/24-008749-003/2024(H5N1)	1916	2330
PB2|PP755596.1|A/cattle/Texas/24-008749-003/2024(H5N1)	1917	2314
PB2|PP755596.1|A/cattle/Texas/24-008749-003/2024(H5N1)	1918	2404
PB2|PP755596.1|A/cattle/Texas/24-008749-003/2024(H5N1)	1919	2207
PB2|PP755596.1|A/cattle/Texas/24-008749-003/2024(H5N1)	1920	2205
PB2|PP755596.1|A/cattle/Texas/24-008749-003/2024(H5N1)	1921	2195
PB2|PP755596.1|A/cattle/Texas/24-008749-003/2024(H5N1)	1922	2191
PB2|PP755596.1|A/cattle/Texas/24-008749-003/2024(H5N1)	1923	2206
PB2|PP755596.1|A/cattle/Texas/24-008749-003/2024(H5N1)	1924	2160
PB2|PP755596.1|A/cattle/Texas/24-008749-003/2024(H5N1)	1925	2205
PB2|PP755596.1|A/cattle/Texas/24-008749-003/2024(H5N1)	1926	2266
PB2|PP755596.1|A/cattle/Texas/24-008749-003/2024(H5N1)	1927	2274
PB2|PP755596.1|A/cattle/Texas/24-008749-003/2024(H5N1)	1928	2273
PB2|PP755596.1|A/cattle/Texas/24-008749-003/2024(H5N1)	1929	2268
PB2|PP755596.1|A/cattle/Texas/24-008749-003/2024(H5N1)	1930	2305
PB2|PP755596.1|A/cattle/Texas/24-008749-003/2024(H5N1)	1931	2303
PB2|PP755596.1|A/cattle/Texas/24-008749-003/2024(H5N1)	1932	2304
PB2|PP755596.1|A/cattle/Texas/24-008749-003/2024(H5N1)	1933	2297
PB2|PP755596.1|A/cattle/Texas/24-008749-003/2024(H5N1)	1934	2279
PB2|PP755596.1|A/cattle/Texas/24-008749-003/2024(H5N1)	1935	2279
PB2|PP755596.1|A/cattle/Texas/24-008749-003/2024(H5N1)	1936	2277
PB2|PP755596.1|A/cattle/Texas/24-008749-003/2024(H5N1)	1937	2300
PB2|PP755596.1|A/cattle/Texas/24-008749-003/2024(H5N1)	1938	2299
PB2|PP755596.1|A/cattle/Texas/24-008749-003/2024(H5N1)	1939	2298
PB2|PP755596.1|A/cattle/Texas/24-008749-003/2024(H5N1)	1940	2298
PB2|PP755596.1|A/cattle/Texas/24-008749-003/2024(H5N1)	1941	2292
PB2|PP755596.1|A/cattle/Texas/24-008749-003/2024(H5N1)	1942	2271
PB2|PP755596.1|A/cattle/Texas/24-008749-003/2024(H5N1)	1943	2244
PB2|PP755596.1|A/cattle/Texas/24-008749-003/2024(H5N1)	1944	2282
PB2|PP755596.1|A/cattle/Texas/24-008749-003/2024(H5N1)	1945	2287
PB2|PP755596.1|A/cattle/Texas/24-008749-003/2024(H5N1)	1946	2243
PB2|PP755596.1|A/cattle/Texas/24-008749-003/2024(H5N1)	1947	2243
PB2|PP755596.1|A/cattle/Texas/24-008749-003/2024(H5N1)	1948	2223
PB2|PP755596.1|A/cattle/Texas/24-008749-003/2024(H5N1)	1949	2229
PB2|PP755596.1|A/cattle/Texas/24-008749-003/2024(H5N1)	1950	2242
PB2|PP755596.1|A/cattle/Texas/24-008749-003/2024(H5N1)	1951	2243
PB2|PP755596.1|A/cattle/Texas/24-008749-003/2024(H5N1)	1952	2243
PB2|PP755596.1|A/cattle/Texas/24-008749-003/2024(H5N1)	1953	2215
PB2|PP755596.1|A/cattle/Texas/24-008749-003/2024(H5N1)	1954	2203
PB2|PP755596.1|A/cattle/Texas/24-008749-003/2024(H5N1)	1955	2261
PB2|PP755596.1|A/cattle/Texas/24-008749-003/2024(H5N1)	1956	2273
PB2|PP755596.1|A/cattle/Texas/24-008749-003/2024(H5N1)	1957	2270
PB2|PP755596.1|A/cattle/Texas/24-008749-003/2024(H5N1)	1958	2270
PB2|PP755596.1|A/cattle/Texas/24-008749-003/2024(H5N1)	1959	2251
PB2|PP755596.1|A/cattle/Texas/24-008749-003/2024(H5N1)	1960	2259
PB2|PP755596.1|A/cattle/Texas/24-008749-003/2024(H5N1)	1961	2247
PB2|PP755596.1|A/cattle/Texas/24-008749-003/2024(H5N1)	1962	2233
PB2|PP755596.1|A/cattle/Texas/24-008749-003/2024(H5N1)	1963	2241
PB2|PP755596.1|A/cattle/Texas/24-008749-003/2024(H5N1)	1964	2210
PB2|PP755596.1|A/cattle/Texas/24-008749-003/2024(H5N1)	1965	2223
PB2|PP755596.1|A/cattle/Texas/24-008749-003/2024(H5N1)	1966	2268
PB2|PP755596.1|A/cattle/Texas/24-008749-003/2024(H5N1)	1967	2260
PB2|PP755596.1|A/cattle/Texas/24-008749-003/2024(H5N1)	1968	2248
PB2|PP755596.1|A/cattle/Texas/24-008749-003/2024(H5N1)	1969	2248
PB2|PP755596.1|A/cattle/Texas/24-008749-003/2024(H5N1)	1970	2258
PB2|PP755596.1|A/cattle/Texas/24-008749-003/2024(H5N1)	1971	2255
PB2|PP755596.1|A/cattle/Texas/24-008749-003/2024(H5N1)	1972	2482
PB2|PP755596.1|A/cattle/Texas/24-008749-003/2024(H5N1)	1973	2489
PB2|PP755596.1|A/cattle/Texas/24-008749-003/2024(H5N1)	1974	2537
PB2|PP755596.1|A/cattle/Texas/24-008749-003/2024(H5N1)	1975	2535
PB2|PP755596.1|A/cattle/Texas/24-008749-003/2024(H5N1)	1976	2530
PB2|PP755596.1|A/cattle/Texas/24-008749-003/2024(H5N1)	1977	2488
PB2|PP755596.1|A/cattle/Texas/24-008749-003/2024(H5N1)	1978	2478
PB2|PP755596.1|A/cattle/Texas/24-008749-003/2024(H5N1)	1979	2462
PB2|PP755596.1|A/cattle/Texas/24-008749-003/2024(H5N1)	1980	2470
PB2|PP755596.1|A/cattle/Texas/24-008749-003/2024(H5N1)	1981	2517
PB2|PP755596.1|A/cattle/Texas/24-008749-003/2024(H5N1)	1982	2521
PB2|PP755596.1|A/cattle/Texas/24-008749-003/2024(H5N1)	1983	2465
PB2|PP755596.1|A/cattle/Texas/24-008749-003/2024(H5N1)	1984	2509
PB2|PP755596.1|A/cattle/Texas/24-008749-003/2024(H5N1)	1985	2509
PB2|PP755596.1|A/cattle/Texas/24-008749-003/2024(H5N1)	1986	2499
PB2|PP755596.1|A/cattle/Texas/24-008749-003/2024(H5N1)	1987	2688
PB2|PP755596.1|A/cattle/Texas/24-008749-003/2024(H5N1)	1988	2568
PB2|PP755596.1|A/cattle/Texas/24-008749-003/2024(H5N1)	1989	2574
PB2|PP755596.1|A/cattle/Texas/24-008749-003/2024(H5N1)	1990	2544
PB2|PP755596.1|A/cattle/Texas/24-008749-003/2024(H5N1)	1991	2579
PB2|PP755596.1|A/cattle/Texas/24-008749-003/2024(H5N1)	1992	2597
PB2|PP755596.1|A/cattle/Texas/24-008749-003/2024(H5N1)	1993	2572
PB2|PP755596.1|A/cattle/Texas/24-008749-003/2024(H5N1)	1994	2580
PB2|PP755596.1|A/cattle/Texas/24-008749-003/2024(H5N1)	1995	2579
PB2|PP755596.1|A/cattle/Texas/24-008749-003/2024(H5N1)	1996	2576
PB2|PP755596.1|A/cattle/Texas/24-008749-003/2024(H5N1)	1997	2577
PB2|PP755596.1|A/cattle/Texas/24-008749-003/2024(H5N1)	1998	2571
PB2|PP755596.1|A/cattle/Texas/24-008749-003/2024(H5N1)	1999	2602
PB2|PP755596.1|A/cattle/Texas/24-008749-003/2024(H5N1)	2000	2585
PB2|PP755596.1|A/cattle/Texas/24-008749-003/2024(H5N1)	2001	2574
PB2|PP755596.1|A/cattle/Texas/24-008749-003/2024(H5N1)	2002	2600
PB2|PP755596.1|A/cattle/Texas/24-008749-003/2024(H5N1)	2003	2592
PB2|PP755596.1|A/cattle/Texas/24-008749-003/2024(H5N1)	2004	2594
PB2|PP755596.1|A/cattle/Texas/24-008749-003/2024(H5N1)	2005	2592
PB2|PP755596.1|A/cattle/Texas/24-008749-003/2024(H5N1)	2006	2599
PB2|PP755596.1|A/cattle/Texas/24-008749-003/2024(H5N1)	2007	2623
PB2|PP755596.1|A/cattle/Texas/24-008749-003/2024(H5N1)	2008	2579
PB2|PP755596.1|A/cattle/Texas/24-008749-003/2024(H5N1)	2009	2577
PB2|PP755596.1|A/cattle/Texas/24-008749-003/2024(H5N1)	2010	2577
PB2|PP755596.1|A/cattle/Texas/24-008749-003/2024(H5N1)	2011	2578
PB2|PP755596.1|A/cattle/Texas/24-008749-003/2024(H5N1)	2012	2603
PB2|PP755596.1|A/cattle/Texas/24-008749-003/2024(H5N1)	2013	2604
PB2|PP755596.1|A/cattle/Texas/24-008749-003/2024(H5N1)	2014	2606
PB2|PP755596.1|A/cattle/Texas/24-008749-003/2024(H5N1)	2015	2627
PB2|PP755596.1|A/cattle/Texas/24-008749-003/2024(H5N1)	2016	2622
PB2|PP755596.1|A/cattle/Texas/24-008749-003/2024(H5N1)	2017	2636
PB2|PP755596.1|A/cattle/Texas/24-008749-003/2024(H5N1)	2018	2664
PB2|PP755596.1|A/cattle/Texas/24-008749-003/2024(H5N1)	2019	2790
PB2|PP755596.1|A/cattle/Texas/24-008749-003/2024(H5N1)	2020	2798
PB2|PP755596.1|A/cattle/Texas/24-008749-003/2024(H5N1)	2021	2826
PB2|PP755596.1|A/cattle/Texas/24-008749-003/2024(H5N1)	2022	2821
PB2|PP755596.1|A/cattle/Texas/24-008749-003/2024(H5N1)	2023	2831
PB2|PP755596.1|A/cattle/Texas/24-008749-003/2024(H5N1)	2024	2772
PB2|PP755596.1|A/cattle/Texas/24-008749-003/2024(H5N1)	2025	2777
PB2|PP755596.1|A/cattle/Texas/24-008749-003/2024(H5N1)	2026	2760
PB2|PP755596.1|A/cattle/Texas/24-008749-003/2024(H5N1)	2027	2796
PB2|PP755596.1|A/cattle/Texas/24-008749-003/2024(H5N1)	2028	2797
PB2|PP755596.1|A/cattle/Texas/24-008749-003/2024(H5N1)	2029	2785
PB2|PP755596.1|A/cattle/Texas/24-008749-003/2024(H5N1)	2030	2755
PB2|PP755596.1|A/cattle/Texas/24-008749-003/2024(H5N1)	2031	2753
PB2|PP755596.1|A/cattle/Texas/24-008749-003/2024(H5N1)	2032	2749
PB2|PP755596.1|A/cattle/Texas/24-008749-003/2024(H5N1)	2033	2799
PB2|PP755596.1|A/cattle/Texas/24-008749-003/2024(H5N1)	2034	2793
PB2|PP755596.1|A/cattle/Texas/24-008749-003/2024(H5N1)	2035	3411
PB2|PP755596.1|A/cattle/Texas/24-008749-003/2024(H5N1)	2036	3382
PB2|PP755596.1|A/cattle/Texas/24-008749-003/2024(H5N1)	2037	3337
PB2|PP755596.1|A/cattle/Texas/24-008749-003/2024(H5N1)	2038	3372
PB2|PP755596.1|A/cattle/Texas/24-008749-003/2024(H5N1)	2039	3414
PB2|PP755596.1|A/cattle/Texas/24-008749-003/2024(H5N1)	2040	3422
PB2|PP755596.1|A/cattle/Texas/24-008749-003/2024(H5N1)	2041	3426
PB2|PP755596.1|A/cattle/Texas/24-008749-003/2024(H5N1)	2042	3620
PB2|PP755596.1|A/cattle/Texas/24-008749-003/2024(H5N1)	2043	3621
PB2|PP755596.1|A/cattle/Texas/24-008749-003/2024(H5N1)	2044	3632
PB2|PP755596.1|A/cattle/Texas/24-008749-003/2024(H5N1)	2045	3655
PB2|PP755596.1|A/cattle/Texas/24-008749-003/2024(H5N1)	2046	3713
PB2|PP755596.1|A/cattle/Texas/24-008749-003/2024(H5N1)	2047	3657
PB2|PP755596.1|A/cattle/Texas/24-008749-003/2024(H5N1)	2048	3663
PB2|PP755596.1|A/cattle/Texas/24-008749-003/2024(H5N1)	2049	3659
PB2|PP755596.1|A/cattle/Texas/24-008749-003/2024(H5N1)	2050	3679
PB2|PP755596.1|A/cattle/Texas/24-008749-003/2024(H5N1)	2051	3729
PB2|PP755596.1|A/cattle/Texas/24-008749-003/2024(H5N1)	2052	3898
PB2|PP755596.1|A/cattle/Texas/24-008749-003/2024(H5N1)	2053	3934
PB2|PP755596.1|A/cattle/Texas/24-008749-003/2024(H5N1)	2054	4054
PB2|PP755596.1|A/cattle/Texas/24-008749-003/2024(H5N1)	2055	4044
PB2|PP755596.1|A/cattle/Texas/24-008749-003/2024(H5N1)	2056	4047
PB2|PP755596.1|A/cattle/Texas/24-008749-003/2024(H5N1)	2057	3995
PB2|PP755596.1|A/cattle/Texas/24-008749-003/2024(H5N1)	2058	4005
PB2|PP755596.1|A/cattle/Texas/24-008749-003/2024(H5N1)	2059	3987
PB2|PP755596.1|A/cattle/Texas/24-008749-003/2024(H5N1)	2060	3966
PB2|PP755596.1|A/cattle/Texas/24-008749-003/2024(H5N1)	2061	3981
PB2|PP755596.1|A/cattle/Texas/24-008749-003/2024(H5N1)	2062	3922
PB2|PP755596.1|A/cattle/Texas/24-008749-003/2024(H5N1)	2063	4262
PB2|PP755596.1|A/cattle/Texas/24-008749-003/2024(H5N1)	2064	4472
PB2|PP755596.1|A/cattle/Texas/24-008749-003/2024(H5N1)	2065	4473
PB2|PP755596.1|A/cattle/Texas/24-008749-003/2024(H5N1)	2066	4455
PB2|PP755596.1|A/cattle/Texas/24-008749-003/2024(H5N1)	2067	4435
PB2|PP755596.1|A/cattle/Texas/24-008749-003/2024(H5N1)	2068	4520
PB2|PP755596.1|A/cattle/Texas/24-008749-003/2024(H5N1)	2069	4530
PB2|PP755596.1|A/cattle/Texas/24-008749-003/2024(H5N1)	2070	4555
PB2|PP755596.1|A/cattle/Texas/24-008749-003/2024(H5N1)	2071	4522
PB2|PP755596.1|A/cattle/Texas/24-008749-003/2024(H5N1)	2072	4499
PB2|PP755596.1|A/cattle/Texas/24-008749-003/2024(H5N1)	2073	4661
PB2|PP755596.1|A/cattle/Texas/24-008749-003/2024(H5N1)	2074	4652
PB2|PP755596.1|A/cattle/Texas/24-008749-003/2024(H5N1)	2075	4658
PB2|PP755596.1|A/cattle/Texas/24-008749-003/2024(H5N1)	2076	4639
PB2|PP755596.1|A/cattle/Texas/24-008749-003/2024(H5N1)	2077	4566
PB2|PP755596.1|A/cattle/Texas/24-008749-003/2024(H5N1)	2078	4731
PB2|PP755596.1|A/cattle/Texas/24-008749-003/2024(H5N1)	2079	4804
PB2|PP755596.1|A/cattle/Texas/24-008749-003/2024(H5N1)	2080	5090
PB2|PP755596.1|A/cattle/Texas/24-008749-003/2024(H5N1)	2081	5079
PB2|PP755596.1|A/cattle/Texas/24-008749-003/2024(H5N1)	2082	5125
PB2|PP755596.1|A/cattle/Texas/24-008749-003/2024(H5N1)	2083	5086
PB2|PP755596.1|A/cattle/Texas/24-008749-003/2024(H5N1)	2084	5102
PB2|PP755596.1|A/cattle/Texas/24-008749-003/2024(H5N1)	2085	5109
PB2|PP755596.1|A/cattle/Texas/24-008749-003/2024(H5N1)	2086	5156
PB2|PP755596.1|A/cattle/Texas/24-008749-003/2024(H5N1)	2087	5154
PB2|PP755596.1|A/cattle/Texas/24-008749-003/2024(H5N1)	2088	5231
PB2|PP755596.1|A/cattle/Texas/24-008749-003/2024(H5N1)	2089	5225
PB2|PP755596.1|A/cattle/Texas/24-008749-003/2024(H5N1)	2090	5212
PB2|PP755596.1|A/cattle/Texas/24-008749-003/2024(H5N1)	2091	5212
PB2|PP755596.1|A/cattle/Texas/24-008749-003/2024(H5N1)	2092	5300
PB2|PP755596.1|A/cattle/Texas/24-008749-003/2024(H5N1)	2093	5302
PB2|PP755596.1|A/cattle/Texas/24-008749-003/2024(H5N1)	2094	5275
PB2|PP755596.1|A/cattle/Texas/24-008749-003/2024(H5N1)	2095	5262
PB2|PP755596.1|A/cattle/Texas/24-008749-003/2024(H5N1)	2096	5371
PB2|PP755596.1|A/cattle/Texas/24-008749-003/2024(H5N1)	2097	5366
PB2|PP755596.1|A/cattle/Texas/24-008749-003/2024(H5N1)	2098	5355
PB2|PP755596.1|A/cattle/Texas/24-008749-003/2024(H5N1)	2099	5441
PB2|PP755596.1|A/cattle/Texas/24-008749-003/2024(H5N1)	2100	5424
PB2|PP755596.1|A/cattle/Texas/24-008749-003/2024(H5N1)	2101	5427
PB2|PP755596.1|A/cattle/Texas/24-008749-003/2024(H5N1)	2102	5441
PB2|PP755596.1|A/cattle/Texas/24-008749-003/2024(H5N1)	2103	5430
PB2|PP755596.1|A/cattle/Texas/24-008749-003/2024(H5N1)	2104	5421
PB2|PP755596.1|A/cattle/Texas/24-008749-003/2024(H5N1)	2105	5414
PB2|PP755596.1|A/cattle/Texas/24-008749-003/2024(H5N1)	2106	5364
PB2|PP755596.1|A/cattle/Texas/24-008749-003/2024(H5N1)	2107	5354
PB2|PP755596.1|A/cattle/Texas/24-008749-003/2024(H5N1)	2108	5369
PB2|PP755596.1|A/cattle/Texas/24-008749-003/2024(H5N1)	2109	5122
PB2|PP755596.1|A/cattle/Texas/24-008749-003/2024(H5N1)	2110	4882
PB2|PP755596.1|A/cattle/Texas/24-008749-003/2024(H5N1)	2111	5285
PB2|PP755596.1|A/cattle/Texas/24-008749-003/2024(H5N1)	2112	5257
PB2|PP755596.1|A/cattle/Texas/24-008749-003/2024(H5N1)	2113	5137
PB2|PP755596.1|A/cattle/Texas/24-008749-003/2024(H5N1)	2114	5362
PB2|PP755596.1|A/cattle/Texas/24-008749-003/2024(H5N1)	2115	5330
PB2|PP755596.1|A/cattle/Texas/24-008749-003/2024(H5N1)	2116	5286
PB2|PP755596.1|A/cattle/Texas/24-008749-003/2024(H5N1)	2117	5252
PB2|PP755596.1|A/cattle/Texas/24-008749-003/2024(H5N1)	2118	5171
PB2|PP755596.1|A/cattle/Texas/24-008749-003/2024(H5N1)	2119	5371
PB2|PP755596.1|A/cattle/Texas/24-008749-003/2024(H5N1)	2120	5353
PB2|PP755596.1|A/cattle/Texas/24-008749-003/2024(H5N1)	2121	5532
PB2|PP755596.1|A/cattle/Texas/24-008749-003/2024(H5N1)	2122	5471
PB2|PP755596.1|A/cattle/Texas/24-008749-003/2024(H5N1)	2123	5551
PB2|PP755596.1|A/cattle/Texas/24-008749-003/2024(H5N1)	2124	5570
PB2|PP755596.1|A/cattle/Texas/24-008749-003/2024(H5N1)	2125	5688
PB2|PP755596.1|A/cattle/Texas/24-008749-003/2024(H5N1)	2126	5711
PB2|PP755596.1|A/cattle/Texas/24-008749-003/2024(H5N1)	2127	5800
PB2|PP755596.1|A/cattle/Texas/24-008749-003/2024(H5N1)	2128	5777
PB2|PP755596.1|A/cattle/Texas/24-008749-003/2024(H5N1)	2129	5809
PB2|PP755596.1|A/cattle/Texas/24-008749-003/2024(H5N1)	2130	5850
PB2|PP755596.1|A/cattle/Texas/24-008749-003/2024(H5N1)	2131	5851
PB2|PP755596.1|A/cattle/Texas/24-008749-003/2024(H5N1)	2132	5874
PB2|PP755596.1|A/cattle/Texas/24-008749-003/2024(H5N1)	2133	5883
PB2|PP755596.1|A/cattle/Texas/24-008749-003/2024(H5N1)	2134	5721
PB2|PP755596.1|A/cattle/Texas/24-008749-003/2024(H5N1)	2135	5652
PB2|PP755596.1|A/cattle/Texas/24-008749-003/2024(H5N1)	2136	5636
PB2|PP755596.1|A/cattle/Texas/24-008749-003/2024(H5N1)	2137	5653
PB2|PP755596.1|A/cattle/Texas/24-008749-003/2024(H5N1)	2138	5913
PB2|PP755596.1|A/cattle/Texas/24-008749-003/2024(H5N1)	2139	5977
PB2|PP755596.1|A/cattle/Texas/24-008749-003/2024(H5N1)	2140	5961
PB2|PP755596.1|A/cattle/Texas/24-008749-003/2024(H5N1)	2141	5956
PB2|PP755596.1|A/cattle/Texas/24-008749-003/2024(H5N1)	2142	5929
PB2|PP755596.1|A/cattle/Texas/24-008749-003/2024(H5N1)	2143	5908
PB2|PP755596.1|A/cattle/Texas/24-008749-003/2024(H5N1)	2144	5902
PB2|PP755596.1|A/cattle/Texas/24-008749-003/2024(H5N1)	2145	5817
PB2|PP755596.1|A/cattle/Texas/24-008749-003/2024(H5N1)	2146	5755
PB2|PP755596.1|A/cattle/Texas/24-008749-003/2024(H5N1)	2147	5752
PB2|PP755596.1|A/cattle/Texas/24-008749-003/2024(H5N1)	2148	5895
PB2|PP755596.1|A/cattle/Texas/24-008749-003/2024(H5N1)	2149	6261
PB2|PP755596.1|A/cattle/Texas/24-008749-003/2024(H5N1)	2150	6372
PB2|PP755596.1|A/cattle/Texas/24-008749-003/2024(H5N1)	2151	6378
PB2|PP755596.1|A/cattle/Texas/24-008749-003/2024(H5N1)	2152	6366
PB2|PP755596.1|A/cattle/Texas/24-008749-003/2024(H5N1)	2153	6277
PB2|PP755596.1|A/cattle/Texas/24-008749-003/2024(H5N1)	2154	6301
PB2|PP755596.1|A/cattle/Texas/24-008749-003/2024(H5N1)	2155	6392
PB2|PP755596.1|A/cattle/Texas/24-008749-003/2024(H5N1)	2156	6387
PB2|PP755596.1|A/cattle/Texas/24-008749-003/2024(H5N1)	2157	6348
PB2|PP755596.1|A/cattle/Texas/24-008749-003/2024(H5N1)	2158	6354
PB2|PP755596.1|A/cattle/Texas/24-008749-003/2024(H5N1)	2159	6345
PB2|PP755596.1|A/cattle/Texas/24-008749-003/2024(H5N1)	2160	6351
PB2|PP755596.1|A/cattle/Texas/24-008749-003/2024(H5N1)	2161	6609
PB2|PP755596.1|A/cattle/Texas/24-008749-003/2024(H5N1)	2162	6336
PB2|PP755596.1|A/cattle/Texas/24-008749-003/2024(H5N1)	2163	6289
PB2|PP755596.1|A/cattle/Texas/24-008749-003/2024(H5N1)	2164	7576
PB2|PP755596.1|A/cattle/Texas/24-008749-003/2024(H5N1)	2165	7642
PB2|PP755596.1|A/cattle/Texas/24-008749-003/2024(H5N1)	2166	7659
PB2|PP755596.1|A/cattle/Texas/24-008749-003/2024(H5N1)	2167	7935
PB2|PP755596.1|A/cattle/Texas/24-008749-003/2024(H5N1)	2168	8023
PB2|PP755596.1|A/cattle/Texas/24-008749-003/2024(H5N1)	2169	8002
PB2|PP755596.1|A/cattle/Texas/24-008749-003/2024(H5N1)	2170	8011
PB2|PP755596.1|A/cattle/Texas/24-008749-003/2024(H5N1)	2171	7464
PB2|PP755596.1|A/cattle/Texas/24-008749-003/2024(H5N1)	2172	7396
PB2|PP755596.1|A/cattle/Texas/24-008749-003/2024(H5N1)	2173	7333
PB2|PP755596.1|A/cattle/Texas/24-008749-003/2024(H5N1)	2174	7831
PB2|PP755596.1|A/cattle/Texas/24-008749-003/2024(H5N1)	2175	7952
PB2|PP755596.1|A/cattle/Texas/24-008749-003/2024(H5N1)	2176	7941
PB2|PP755596.1|A/cattle/Texas/24-008749-003/2024(H5N1)	2177	7934
PB2|PP755596.1|A/cattle/Texas/24-008749-003/2024(H5N1)	2178	7878
PB2|PP755596.1|A/cattle/Texas/24-008749-003/2024(H5N1)	2179	7711
PB2|PP755596.1|A/cattle/Texas/24-008749-003/2024(H5N1)	2180	7606
PB2|PP755596.1|A/cattle/Texas/24-008749-003/2024(H5N1)	2181	7576
PB2|PP755596.1|A/cattle/Texas/24-008749-003/2024(H5N1)	2182	7736
PB2|PP755596.1|A/cattle/Texas/24-008749-003/2024(H5N1)	2183	7712
PB2|PP755596.1|A/cattle/Texas/24-008749-003/2024(H5N1)	2184	7685
PB2|PP755596.1|A/cattle/Texas/24-008749-003/2024(H5N1)	2185	7688
PB2|PP755596.1|A/cattle/Texas/24-008749-003/2024(H5N1)	2186	7709
PB2|PP755596.1|A/cattle/Texas/24-008749-003/2024(H5N1)	2187	7726
PB2|PP755596.1|A/cattle/Texas/24-008749-003/2024(H5N1)	2188	7711
PB2|PP755596.1|A/cattle/Texas/24-008749-003/2024(H5N1)	2189	7810
PB2|PP755596.1|A/cattle/Texas/24-008749-003/2024(H5N1)	2190	7784
PB2|PP755596.1|A/cattle/Texas/24-008749-003/2024(H5N1)	2191	7774
PB2|PP755596.1|A/cattle/Texas/24-008749-003/2024(H5N1)	2192	7747
PB2|PP755596.1|A/cattle/Texas/24-008749-003/2024(H5N1)	2193	7672
PB2|PP755596.1|A/cattle/Texas/24-008749-003/2024(H5N1)	2194	7708
PB2|PP755596.1|A/cattle/Texas/24-008749-003/2024(H5N1)	2195	7602
PB2|PP755596.1|A/cattle/Texas/24-008749-003/2024(H5N1)	2196	7592
PB2|PP755596.1|A/cattle/Texas/24-008749-003/2024(H5N1)	2197	7407
PB2|PP755596.1|A/cattle/Texas/24-008749-003/2024(H5N1)	2198	7354
PB2|PP755596.1|A/cattle/Texas/24-008749-003/2024(H5N1)	2199	7324
PB2|PP755596.1|A/cattle/Texas/24-008749-003/2024(H5N1)	2200	7313
PB2|PP755596.1|A/cattle/Texas/24-008749-003/2024(H5N1)	2201	7249
PB2|PP755596.1|A/cattle/Texas/24-008749-003/2024(H5N1)	2202	7221
PB2|PP755596.1|A/cattle/Texas/24-008749-003/2024(H5N1)	2203	7090
PB2|PP755596.1|A/cattle/Texas/24-008749-003/2024(H5N1)	2204	7049
PB2|PP755596.1|A/cattle/Texas/24-008749-003/2024(H5N1)	2205	7010
PB2|PP755596.1|A/cattle/Texas/24-008749-003/2024(H5N1)	2206	6995
PB2|PP755596.1|A/cattle/Texas/24-008749-003/2024(H5N1)	2207	6979
PB2|PP755596.1|A/cattle/Texas/24-008749-003/2024(H5N1)	2208	6968
PB2|PP755596.1|A/cattle/Texas/24-008749-003/2024(H5N1)	2209	6944
PB2|PP755596.1|A/cattle/Texas/24-008749-003/2024(H5N1)	2210	6946
PB2|PP755596.1|A/cattle/Texas/24-008749-003/2024(H5N1)	2211	6927
PB2|PP755596.1|A/cattle/Texas/24-008749-003/2024(H5N1)	2212	6914
PB2|PP755596.1|A/cattle/Texas/24-008749-003/2024(H5N1)	2213	6906
PB2|PP755596.1|A/cattle/Texas/24-008749-003/2024(H5N1)	2214	6880
PB2|PP755596.1|A/cattle/Texas/24-008749-003/2024(H5N1)	2215	6859
PB2|PP755596.1|A/cattle/Texas/24-008749-003/2024(H5N1)	2216	6851
PB2|PP755596.1|A/cattle/Texas/24-008749-003/2024(H5N1)	2217	6858
PB2|PP755596.1|A/cattle/Texas/24-008749-003/2024(H5N1)	2218	6849
PB2|PP755596.1|A/cattle/Texas/24-008749-003/2024(H5N1)	2219	6786
PB2|PP755596.1|A/cattle/Texas/24-008749-003/2024(H5N1)	2220	6760
PB2|PP755596.1|A/cattle/Texas/24-008749-003/2024(H5N1)	2221	6741
PB2|PP755596.1|A/cattle/Texas/24-008749-003/2024(H5N1)	2222	6781
PB2|PP755596.1|A/cattle/Texas/24-008749-003/2024(H5N1)	2223	6779
PB2|PP755596.1|A/cattle/Texas/24-008749-003/2024(H5N1)	2224	6771
PB2|PP755596.1|A/cattle/Texas/24-008749-003/2024(H5N1)	2225	6762
PB2|PP755596.1|A/cattle/Texas/24-008749-003/2024(H5N1)	2226	6671
PB2|PP755596.1|A/cattle/Texas/24-008749-003/2024(H5N1)	2227	6668
PB2|PP755596.1|A/cattle/Texas/24-008749-003/2024(H5N1)	2228	6644
PB2|PP755596.1|A/cattle/Texas/24-008749-003/2024(H5N1)	2229	6499
PB2|PP755596.1|A/cattle/Texas/24-008749-003/2024(H5N1)	2230	6478
PB2|PP755596.1|A/cattle/Texas/24-008749-003/2024(H5N1)	2231	5856
PB2|PP755596.1|A/cattle/Texas/24-008749-003/2024(H5N1)	2232	5855
PB2|PP755596.1|A/cattle/Texas/24-008749-003/2024(H5N1)	2233	5760
PB2|PP755596.1|A/cattle/Texas/24-008749-003/2024(H5N1)	2234	5731
PB2|PP755596.1|A/cattle/Texas/24-008749-003/2024(H5N1)	2235	5706
PB2|PP755596.1|A/cattle/Texas/24-008749-003/2024(H5N1)	2236	5701
PB2|PP755596.1|A/cattle/Texas/24-008749-003/2024(H5N1)	2237	5600
PB2|PP755596.1|A/cattle/Texas/24-008749-003/2024(H5N1)	2238	5603
PB2|PP755596.1|A/cattle/Texas/24-008749-003/2024(H5N1)	2239	5364
PB2|PP755596.1|A/cattle/Texas/24-008749-003/2024(H5N1)	2240	5371
PB2|PP755596.1|A/cattle/Texas/24-008749-003/2024(H5N1)	2241	5342
PB2|PP755596.1|A/cattle/Texas/24-008749-003/2024(H5N1)	2242	5335
PB2|PP755596.1|A/cattle/Texas/24-008749-003/2024(H5N1)	2243	5321
PB2|PP755596.1|A/cattle/Texas/24-008749-003/2024(H5N1)	2244	5318
PB2|PP755596.1|A/cattle/Texas/24-008749-003/2024(H5N1)	2245	5311
PB2|PP755596.1|A/cattle/Texas/24-008749-003/2024(H5N1)	2246	5301
PB2|PP755596.1|A/cattle/Texas/24-008749-003/2024(H5N1)	2247	5043
PB2|PP755596.1|A/cattle/Texas/24-008749-003/2024(H5N1)	2248	5042
PB2|PP755596.1|A/cattle/Texas/24-008749-003/2024(H5N1)	2249	4817
PB2|PP755596.1|A/cattle/Texas/24-008749-003/2024(H5N1)	2250	4812
PB2|PP755596.1|A/cattle/Texas/24-008749-003/2024(H5N1)	2251	4805
PB2|PP755596.1|A/cattle/Texas/24-008749-003/2024(H5N1)	2252	4790
PB2|PP755596.1|A/cattle/Texas/24-008749-003/2024(H5N1)	2253	4748
PB2|PP755596.1|A/cattle/Texas/24-008749-003/2024(H5N1)	2254	4741
PB2|PP755596.1|A/cattle/Texas/24-008749-003/2024(H5N1)	2255	4745
PB2|PP755596.1|A/cattle/Texas/24-008749-003/2024(H5N1)	2256	4741
PB2|PP755596.1|A/cattle/Texas/24-008749-003/2024(H5N1)	2257	4727
PB2|PP755596.1|A/cattle/Texas/24-008749-003/2024(H5N1)	2258	4718
PB2|PP755596.1|A/cattle/Texas/24-008749-003/2024(H5N1)	2259	4629
PB2|PP755596.1|A/cattle/Texas/24-008749-003/2024(H5N1)	2260	4614
PB2|PP755596.1|A/cattle/Texas/24-008749-003/2024(H5N1)	2261	4602
PB2|PP755596.1|A/cattle/Texas/24-008749-003/2024(H5N1)	2262	4599
PB2|PP755596.1|A/cattle/Texas/24-008749-003/2024(H5N1)	2263	4588
PB2|PP755596.1|A/cattle/Texas/24-008749-003/2024(H5N1)	2264	4547
PB2|PP755596.1|A/cattle/Texas/24-008749-003/2024(H5N1)	2265	4400
PB2|PP755596.1|A/cattle/Texas/24-008749-003/2024(H5N1)	2266	4391
PB2|PP755596.1|A/cattle/Texas/24-008749-003/2024(H5N1)	2267	4293
PB2|PP755596.1|A/cattle/Texas/24-008749-003/2024(H5N1)	2268	4291
PB2|PP755596.1|A/cattle/Texas/24-008749-003/2024(H5N1)	2269	4275
PB2|PP755596.1|A/cattle/Texas/24-008749-003/2024(H5N1)	2270	4216
PB2|PP755596.1|A/cattle/Texas/24-008749-003/2024(H5N1)	2271	4210
PB2|PP755596.1|A/cattle/Texas/24-008749-003/2024(H5N1)	2272	4205
PB2|PP755596.1|A/cattle/Texas/24-008749-003/2024(H5N1)	2273	4195
PB2|PP755596.1|A/cattle/Texas/24-008749-003/2024(H5N1)	2274	4169
PB2|PP755596.1|A/cattle/Texas/24-008749-003/2024(H5N1)	2275	4169
PB2|PP755596.1|A/cattle/Texas/24-008749-003/2024(H5N1)	2276	4164
PB2|PP755596.1|A/cattle/Texas/24-008749-003/2024(H5N1)	2277	4102
PB2|PP755596.1|A/cattle/Texas/24-008749-003/2024(H5N1)	2278	4000
PB2|PP755596.1|A/cattle/Texas/24-008749-003/2024(H5N1)	2279	3831
PB2|PP755596.1|A/cattle/Texas/24-008749-003/2024(H5N1)	2280	3791
