PA|PP755594.1|A/cattle/Texas/24-008749-003/2024(H5N1)	1	1181
PA|PP755594.1|A/cattle/Texas/24-008749-003/2024(H5N1)	2	1188
PA|PP755594.1|A/cattle/Texas/24-008749-003/2024(H5N1)	3	1199
PA|PP755594.1|A/cattle/Texas/24-008749-003/2024(H5N1)	4	1207
PA|PP755594.1|A/cattle/Texas/24-008749-003/2024(H5N1)	5	1210
PA|PP755594.1|A/cattle/Texas/24-008749-003/2024(H5N1)	6	1214
PA|PP755594.1|A/cattle/Texas/24-008749-003/2024(H5N1)	7	1228
PA|PP755594.1|A/cattle/Texas/24-008749-003/2024(H5N1)	8	1259
PA|PP755594.1|A/cattle/Texas/24-008749-003/2024(H5N1)	9	1267
PA|PP755594.1|A/cattle/Texas/24-008749-003/2024(H5N1)	10	1268
PA|PP755594.1|A/cattle/Texas/24-008749-003/2024(H5N1)	11	1290
PA|PP755594.1|A/cattle/Texas/24-008749-003/2024(H5N1)	12	1292
PA|PP755594.1|A/cattle/Texas/24-008749-003/2024(H5N1)	13	1303
PA|PP755594.1|A/cattle/Texas/24-008749-003/2024(H5N1)	14	1310
PA|PP755594.1|A/cattle/Texas/24-008749-003/2024(H5N1)	15	1310
PA|PP755594.1|A/cattle/Texas/24-008749-003/2024(H5N1)	16	1327
PA|PP755594.1|A/cattle/Texas/24-008749-003/2024(H5N1)	17	1327
PA|PP755594.1|A/cattle/Texas/24-008749-003/2024(H5N1)	18	1357
PA|PP755594.1|A/cattle/Texas/24-008749-003/2024(H5N1)	19	1374
PA|PP755594.1|A/cattle/Texas/24-008749-003/2024(H5N1)	20	1374
PA|PP755594.1|A/cattle/Texas/24-008749-003/2024(H5N1)	21	1392
PA|PP755594.1|A/cattle/Texas/24-008749-003/2024(H5N1)	22	1398
PA|PP755594.1|A/cattle/Texas/24-008749-003/2024(H5N1)	23	1440
PA|PP755594.1|A/cattle/Texas/24-008749-003/2024(H5N1)	24	1483
PA|PP755594.1|A/cattle/Texas/24-008749-003/2024(H5N1)	25	1483
PA|PP755594.1|A/cattle/Texas/24-008749-003/2024(H5N1)	26	1484
PA|PP755594.1|A/cattle/Texas/24-008749-003/2024(H5N1)	27	1486
PA|PP755594.1|A/cattle/Texas/24-008749-003/2024(H5N1)	28	1491
PA|PP755594.1|A/cattle/Texas/24-008749-003/2024(H5N1)	29	1546
PA|PP755594.1|A/cattle/Texas/24-008749-003/2024(H5N1)	30	1549
PA|PP755594.1|A/cattle/Texas/24-008749-003/2024(H5N1)	31	1556
PA|PP755594.1|A/cattle/Texas/24-008749-003/2024(H5N1)	32	1560
PA|PP755594.1|A/cattle/Texas/24-008749-003/2024(H5N1)	33	1557
PA|PP755594.1|A/cattle/Texas/24-008749-003/2024(H5N1)	34	1562
PA|PP755594.1|A/cattle/Texas/24-008749-003/2024(H5N1)	35	1569
PA|PP755594.1|A/cattle/Texas/24-008749-003/2024(H5N1)	36	1571
PA|PP755594.1|A/cattle/Texas/24-008749-003/2024(H5N1)	37	1592
PA|PP755594.1|A/cattle/Texas/24-008749-003/2024(H5N1)	38	1598
PA|PP755594.1|A/cattle/Texas/24-008749-003/2024(H5N1)	39	1601
PA|PP755594.1|A/cattle/Texas/24-008749-003/2024(H5N1)	40	1603
PA|PP755594.1|A/cattle/Texas/24-008749-003/2024(H5N1)	41	1610
PA|PP755594.1|A/cattle/Texas/24-008749-003/2024(H5N1)	42	1613
PA|PP755594.1|A/cattle/Texas/24-008749-003/2024(H5N1)	43	1613
PA|PP755594.1|A/cattle/Texas/24-008749-003/2024(H5N1)	44	1626
PA|PP755594.1|A/cattle/Texas/24-008749-003/2024(H5N1)	45	1627
PA|PP755594.1|A/cattle/Texas/24-008749-003/2024(H5N1)	46	1641
PA|PP755594.1|A/cattle/Texas/24-008749-003/2024(H5N1)	47	1643
PA|PP755594.1|A/cattle/Texas/24-008749-003/2024(H5N1)	48	1644
PA|PP755594.1|A/cattle/Texas/24-008749-003/2024(H5N1)	49	1647
PA|PP755594.1|A/cattle/Texas/24-008749-003/2024(H5N1)	50	1655
PA|PP755594.1|A/cattle/Texas/24-008749-003/2024(H5N1)	51	1661
PA|PP755594.1|A/cattle/Texas/24-008749-003/2024(H5N1)	52	1668
PA|PP755594.1|A/cattle/Texas/24-008749-003/2024(H5N1)	53	1673
PA|PP755594.1|A/cattle/Texas/24-008749-003/2024(H5N1)	54	1680
PA|PP755594.1|A/cattle/Texas/24-008749-003/2024(H5N1)	55	1633
PA|PP755594.1|A/cattle/Texas/24-008749-003/2024(H5N1)	56	1633
PA|PP755594.1|A/cattle/Texas/24-008749-003/2024(H5N1)	57	1629
PA|PP755594.1|A/cattle/Texas/24-008749-003/2024(H5N1)	58	1632
PA|PP755594.1|A/cattle/Texas/24-008749-003/2024(H5N1)	59	1646
PA|PP755594.1|A/cattle/Texas/24-008749-003/2024(H5N1)	60	1696
PA|PP755594.1|A/cattle/Texas/24-008749-003/2024(H5N1)	61	1706
PA|PP755594.1|A/cattle/Texas/24-008749-003/2024(H5N1)	62	1721
PA|PP755594.1|A/cattle/Texas/24-008749-003/2024(H5N1)	63	1766
PA|PP755594.1|A/cattle/Texas/24-008749-003/2024(H5N1)	64	1784
PA|PP755594.1|A/cattle/Texas/24-008749-003/2024(H5N1)	65	1787
PA|PP755594.1|A/cattle/Texas/24-008749-003/2024(H5N1)	66	1784
PA|PP755594.1|A/cattle/Texas/24-008749-003/2024(H5N1)	67	1806
PA|PP755594.1|A/cattle/Texas/24-008749-003/2024(H5N1)	68	1821
PA|PP755594.1|A/cattle/Texas/24-008749-003/2024(H5N1)	69	1922
PA|PP755594.1|A/cattle/Texas/24-008749-003/2024(H5N1)	70	1930
PA|PP755594.1|A/cattle/Texas/24-008749-003/2024(H5N1)	71	1944
PA|PP755594.1|A/cattle/Texas/24-008749-003/2024(H5N1)	72	1952
PA|PP755594.1|A/cattle/Texas/24-008749-003/2024(H5N1)	73	1951
PA|PP755594.1|A/cattle/Texas/24-008749-003/2024(H5N1)	74	1969
PA|PP755594.1|A/cattle/Texas/24-008749-003/2024(H5N1)	75	1965
PA|PP755594.1|A/cattle/Texas/24-008749-003/2024(H5N1)	76	1964
PA|PP755594.1|A/cattle/Texas/24-008749-003/2024(H5N1)	77	1971
PA|PP755594.1|A/cattle/Texas/24-008749-003/2024(H5N1)	78	1957
PA|PP755594.1|A/cattle/Texas/24-008749-003/2024(H5N1)	79	1963
PA|PP755594.1|A/cattle/Texas/24-008749-003/2024(H5N1)	80	1965
PA|PP755594.1|A/cattle/Texas/24-008749-003/2024(H5N1)	81	1967
PA|PP755594.1|A/cattle/Texas/24-008749-003/2024(H5N1)	82	1973
PA|PP755594.1|A/cattle/Texas/24-008749-003/2024(H5N1)	83	1979
PA|PP755594.1|A/cattle/Texas/24-008749-003/2024(H5N1)	84	1985
PA|PP755594.1|A/cattle/Texas/24-008749-003/2024(H5N1)	85	1985
PA|PP755594.1|A/cattle/Texas/24-008749-003/2024(H5N1)	86	1985
PA|PP755594.1|A/cattle/Texas/24-008749-003/2024(H5N1)	87	1987
PA|PP755594.1|A/cattle/Texas/24-008749-003/2024(H5N1)	88	1984
PA|PP755594.1|A/cattle/Texas/24-008749-003/2024(H5N1)	89	1980
PA|PP755594.1|A/cattle/Texas/24-008749-003/2024(H5N1)	90	1973
PA|PP755594.1|A/cattle/Texas/24-008749-003/2024(H5N1)	91	1970
PA|PP755594.1|A/cattle/Texas/24-008749-003/2024(H5N1)	92	1961
PA|PP755594.1|A/cattle/Texas/24-008749-003/2024(H5N1)	93	1697
PA|PP755594.1|A/cattle/Texas/24-008749-003/2024(H5N1)	94	1697
PA|PP755594.1|A/cattle/Texas/24-008749-003/2024(H5N1)	95	1697
PA|PP755594.1|A/cattle/Texas/24-008749-003/2024(H5N1)	96	1693
PA|PP755594.1|A/cattle/Texas/24-008749-003/2024(H5N1)	97	1702
PA|PP755594.1|A/cattle/Texas/24-008749-003/2024(H5N1)	98	1703
PA|PP755594.1|A/cattle/Texas/24-008749-003/2024(H5N1)	99	1703
PA|PP755594.1|A/cattle/Texas/24-008749-003/2024(H5N1)	100	1701
PA|PP755594.1|A/cattle/Texas/24-008749-003/2024(H5N1)	101	1701
PA|PP755594.1|A/cattle/Texas/24-008749-003/2024(H5N1)	102	1700
PA|PP755594.1|A/cattle/Texas/24-008749-003/2024(H5N1)	103	1709
PA|PP755594.1|A/cattle/Texas/24-008749-003/2024(H5N1)	104	1705
PA|PP755594.1|A/cattle/Texas/24-008749-003/2024(H5N1)	105	1703
PA|PP755594.1|A/cattle/Texas/24-008749-003/2024(H5N1)	106	1704
PA|PP755594.1|A/cattle/Texas/24-008749-003/2024(H5N1)	107	1737
PA|PP755594.1|A/cattle/Texas/24-008749-003/2024(H5N1)	108	1741
PA|PP755594.1|A/cattle/Texas/24-008749-003/2024(H5N1)	109	1880
PA|PP755594.1|A/cattle/Texas/24-008749-003/2024(H5N1)	110	1906
PA|PP755594.1|A/cattle/Texas/24-008749-003/2024(H5N1)	111	1930
PA|PP755594.1|A/cattle/Texas/24-008749-003/2024(H5N1)	112	1949
PA|PP755594.1|A/cattle/Texas/24-008749-003/2024(H5N1)	113	1951
PA|PP755594.1|A/cattle/Texas/24-008749-003/2024(H5N1)	114	1973
PA|PP755594.1|A/cattle/Texas/24-008749-003/2024(H5N1)	115	1978
PA|PP755594.1|A/cattle/Texas/24-008749-003/2024(H5N1)	116	1972
PA|PP755594.1|A/cattle/Texas/24-008749-003/2024(H5N1)	117	1970
PA|PP755594.1|A/cattle/Texas/24-008749-003/2024(H5N1)	118	1954
PA|PP755594.1|A/cattle/Texas/24-008749-003/2024(H5N1)	119	1947
PA|PP755594.1|A/cattle/Texas/24-008749-003/2024(H5N1)	120	1523
PA|PP755594.1|A/cattle/Texas/24-008749-003/2024(H5N1)	121	1570
PA|PP755594.1|A/cattle/Texas/24-008749-003/2024(H5N1)	122	1568
PA|PP755594.1|A/cattle/Texas/24-008749-003/2024(H5N1)	123	1553
PA|PP755594.1|A/cattle/Texas/24-008749-003/2024(H5N1)	124	1556
PA|PP755594.1|A/cattle/Texas/24-008749-003/2024(H5N1)	125	1557
PA|PP755594.1|A/cattle/Texas/24-008749-003/2024(H5N1)	126	1555
PA|PP755594.1|A/cattle/Texas/24-008749-003/2024(H5N1)	127	1752
PA|PP755594.1|A/cattle/Texas/24-008749-003/2024(H5N1)	128	1776
PA|PP755594.1|A/cattle/Texas/24-008749-003/2024(H5N1)	129	1782
PA|PP755594.1|A/cattle/Texas/24-008749-003/2024(H5N1)	130	1786
PA|PP755594.1|A/cattle/Texas/24-008749-003/2024(H5N1)	131	1772
PA|PP755594.1|A/cattle/Texas/24-008749-003/2024(H5N1)	132	1520
PA|PP755594.1|A/cattle/Texas/24-008749-003/2024(H5N1)	133	1521
PA|PP755594.1|A/cattle/Texas/24-008749-003/2024(H5N1)	134	1546
PA|PP755594.1|A/cattle/Texas/24-008749-003/2024(H5N1)	135	1550
PA|PP755594.1|A/cattle/Texas/24-008749-003/2024(H5N1)	136	1556
PA|PP755594.1|A/cattle/Texas/24-008749-003/2024(H5N1)	137	1555
PA|PP755594.1|A/cattle/Texas/24-008749-003/2024(H5N1)	138	1515
PA|PP755594.1|A/cattle/Texas/24-008749-003/2024(H5N1)	139	1511
PA|PP755594.1|A/cattle/Texas/24-008749-003/2024(H5N1)	140	1541
PA|PP755594.1|A/cattle/Texas/24-008749-003/2024(H5N1)	141	1547
PA|PP755594.1|A/cattle/Texas/24-008749-003/2024(H5N1)	142	1531
PA|PP755594.1|A/cattle/Texas/24-008749-003/2024(H5N1)	143	1518
PA|PP755594.1|A/cattle/Texas/24-008749-003/2024(H5N1)	144	1510
PA|PP755594.1|A/cattle/Texas/24-008749-003/2024(H5N1)	145	1507
PA|PP755594.1|A/cattle/Texas/24-008749-003/2024(H5N1)	146	1515
PA|PP755594.1|A/cattle/Texas/24-008749-003/2024(H5N1)	147	1514
PA|PP755594.1|A/cattle/Texas/24-008749-003/2024(H5N1)	148	1518
PA|PP755594.1|A/cattle/Texas/24-008749-003/2024(H5N1)	149	1524
PA|PP755594.1|A/cattle/Texas/24-008749-003/2024(H5N1)	150	1519
PA|PP755594.1|A/cattle/Texas/24-008749-003/2024(H5N1)	151	1518
PA|PP755594.1|A/cattle/Texas/24-008749-003/2024(H5N1)	152	1466
PA|PP755594.1|A/cattle/Texas/24-008749-003/2024(H5N1)	153	1462
PA|PP755594.1|A/cattle/Texas/24-008749-003/2024(H5N1)	154	1462
PA|PP755594.1|A/cattle/Texas/24-008749-003/2024(H5N1)	155	1461
PA|PP755594.1|A/cattle/Texas/24-008749-003/2024(H5N1)	156	1461
PA|PP755594.1|A/cattle/Texas/24-008749-003/2024(H5N1)	157	1451
PA|PP755594.1|A/cattle/Texas/24-008749-003/2024(H5N1)	158	1441
PA|PP755594.1|A/cattle/Texas/24-008749-003/2024(H5N1)	159	1176
PA|PP755594.1|A/cattle/Texas/24-008749-003/2024(H5N1)	160	1175
PA|PP755594.1|A/cattle/Texas/24-008749-003/2024(H5N1)	161	1175
PA|PP755594.1|A/cattle/Texas/24-008749-003/2024(H5N1)	162	1157
PA|PP755594.1|A/cattle/Texas/24-008749-003/2024(H5N1)	163	1156
PA|PP755594.1|A/cattle/Texas/24-008749-003/2024(H5N1)	164	1144
PA|PP755594.1|A/cattle/Texas/24-008749-003/2024(H5N1)	165	1114
PA|PP755594.1|A/cattle/Texas/24-008749-003/2024(H5N1)	166	1171
PA|PP755594.1|A/cattle/Texas/24-008749-003/2024(H5N1)	167	1171
PA|PP755594.1|A/cattle/Texas/24-008749-003/2024(H5N1)	168	1172
PA|PP755594.1|A/cattle/Texas/24-008749-003/2024(H5N1)	169	1172
PA|PP755594.1|A/cattle/Texas/24-008749-003/2024(H5N1)	170	1164
PA|PP755594.1|A/cattle/Texas/24-008749-003/2024(H5N1)	171	1176
PA|PP755594.1|A/cattle/Texas/24-008749-003/2024(H5N1)	172	1185
PA|PP755594.1|A/cattle/Texas/24-008749-003/2024(H5N1)	173	1187
PA|PP755594.1|A/cattle/Texas/24-008749-003/2024(H5N1)	174	1187
PA|PP755594.1|A/cattle/Texas/24-008749-003/2024(H5N1)	175	1182
PA|PP755594.1|A/cattle/Texas/24-008749-003/2024(H5N1)	176	1188
PA|PP755594.1|A/cattle/Texas/24-008749-003/2024(H5N1)	177	1195
PA|PP755594.1|A/cattle/Texas/24-008749-003/2024(H5N1)	178	1197
PA|PP755594.1|A/cattle/Texas/24-008749-003/2024(H5N1)	179	1176
PA|PP755594.1|A/cattle/Texas/24-008749-003/2024(H5N1)	180	1166
PA|PP755594.1|A/cattle/Texas/24-008749-003/2024(H5N1)	181	1168
PA|PP755594.1|A/cattle/Texas/24-008749-003/2024(H5N1)	182	1168
PA|PP755594.1|A/cattle/Texas/24-008749-003/2024(H5N1)	183	1146
PA|PP755594.1|A/cattle/Texas/24-008749-003/2024(H5N1)	184	1150
PA|PP755594.1|A/cattle/Texas/24-008749-003/2024(H5N1)	185	1147
PA|PP755594.1|A/cattle/Texas/24-008749-003/2024(H5N1)	186	1141
PA|PP755594.1|A/cattle/Texas/24-008749-003/2024(H5N1)	187	1140
PA|PP755594.1|A/cattle/Texas/24-008749-003/2024(H5N1)	188	1124
PA|PP755594.1|A/cattle/Texas/24-008749-003/2024(H5N1)	189	1069
PA|PP755594.1|A/cattle/Texas/24-008749-003/2024(H5N1)	190	1072
PA|PP755594.1|A/cattle/Texas/24-008749-003/2024(H5N1)	191	1103
PA|PP755594.1|A/cattle/Texas/24-008749-003/2024(H5N1)	192	1103
PA|PP755594.1|A/cattle/Texas/24-008749-003/2024(H5N1)	193	1101
PA|PP755594.1|A/cattle/Texas/24-008749-003/2024(H5N1)	194	1094
PA|PP755594.1|A/cattle/Texas/24-008749-003/2024(H5N1)	195	1089
PA|PP755594.1|A/cattle/Texas/24-008749-003/2024(H5N1)	196	1090
PA|PP755594.1|A/cattle/Texas/24-008749-003/2024(H5N1)	197	1068
PA|PP755594.1|A/cattle/Texas/24-008749-003/2024(H5N1)	198	1059
PA|PP755594.1|A/cattle/Texas/24-008749-003/2024(H5N1)	199	1054
PA|PP755594.1|A/cattle/Texas/24-008749-003/2024(H5N1)	200	1057
PA|PP755594.1|A/cattle/Texas/24-008749-003/2024(H5N1)	201	1055
PA|PP755594.1|A/cattle/Texas/24-008749-003/2024(H5N1)	202	1045
PA|PP755594.1|A/cattle/Texas/24-008749-003/2024(H5N1)	203	1028
PA|PP755594.1|A/cattle/Texas/24-008749-003/2024(H5N1)	204	1025
PA|PP755594.1|A/cattle/Texas/24-008749-003/2024(H5N1)	205	1029
PA|PP755594.1|A/cattle/Texas/24-008749-003/2024(H5N1)	206	1047
PA|PP755594.1|A/cattle/Texas/24-008749-003/2024(H5N1)	207	1047
PA|PP755594.1|A/cattle/Texas/24-008749-003/2024(H5N1)	208	1035
PA|PP755594.1|A/cattle/Texas/24-008749-003/2024(H5N1)	209	1004
PA|PP755594.1|A/cattle/Texas/24-008749-003/2024(H5N1)	210	997
PA|PP755594.1|A/cattle/Texas/24-008749-003/2024(H5N1)	211	817
PA|PP755594.1|A/cattle/Texas/24-008749-003/2024(H5N1)	212	818
PA|PP755594.1|A/cattle/Texas/24-008749-003/2024(H5N1)	213	818
PA|PP755594.1|A/cattle/Texas/24-008749-003/2024(H5N1)	214	805
PA|PP755594.1|A/cattle/Texas/24-008749-003/2024(H5N1)	215	809
PA|PP755594.1|A/cattle/Texas/24-008749-003/2024(H5N1)	216	810
PA|PP755594.1|A/cattle/Texas/24-008749-003/2024(H5N1)	217	804
PA|PP755594.1|A/cattle/Texas/24-008749-003/2024(H5N1)	218	794
PA|PP755594.1|A/cattle/Texas/24-008749-003/2024(H5N1)	219	793
PA|PP755594.1|A/cattle/Texas/24-008749-003/2024(H5N1)	220	812
PA|PP755594.1|A/cattle/Texas/24-008749-003/2024(H5N1)	221	812
PA|PP755594.1|A/cattle/Texas/24-008749-003/2024(H5N1)	222	802
PA|PP755594.1|A/cattle/Texas/24-008749-003/2024(H5N1)	223	882
PA|PP755594.1|A/cattle/Texas/24-008749-003/2024(H5N1)	224	887
PA|PP755594.1|A/cattle/Texas/24-008749-003/2024(H5N1)	225	907
PA|PP755594.1|A/cattle/Texas/24-008749-003/2024(H5N1)	226	932
PA|PP755594.1|A/cattle/Texas/24-008749-003/2024(H5N1)	227	935
PA|PP755594.1|A/cattle/Texas/24-008749-003/2024(H5N1)	228	936
PA|PP755594.1|A/cattle/Texas/24-008749-003/2024(H5N1)	229	938
PA|PP755594.1|A/cattle/Texas/24-008749-003/2024(H5N1)	230	949
PA|PP755594.1|A/cattle/Texas/24-008749-003/2024(H5N1)	231	949
PA|PP755594.1|A/cattle/Texas/24-008749-003/2024(H5N1)	232	951
PA|PP755594.1|A/cattle/Texas/24-008749-003/2024(H5N1)	233	948
PA|PP755594.1|A/cattle/Texas/24-008749-003/2024(H5N1)	234	939
PA|PP755594.1|A/cattle/Texas/24-008749-003/2024(H5N1)	235	943
PA|PP755594.1|A/cattle/Texas/24-008749-003/2024(H5N1)	236	955
PA|PP755594.1|A/cattle/Texas/24-008749-003/2024(H5N1)	237	951
PA|PP755594.1|A/cattle/Texas/24-008749-003/2024(H5N1)	238	950
PA|PP755594.1|A/cattle/Texas/24-008749-003/2024(H5N1)	239	963
PA|PP755594.1|A/cattle/Texas/24-008749-003/2024(H5N1)	240	963
PA|PP755594.1|A/cattle/Texas/24-008749-003/2024(H5N1)	241	974
PA|PP755594.1|A/cattle/Texas/24-008749-003/2024(H5N1)	242	977
PA|PP755594.1|A/cattle/Texas/24-008749-003/2024(H5N1)	243	959
PA|PP755594.1|A/cattle/Texas/24-008749-003/2024(H5N1)	244	957
PA|PP755594.1|A/cattle/Texas/24-008749-003/2024(H5N1)	245	953
PA|PP755594.1|A/cattle/Texas/24-008749-003/2024(H5N1)	246	966
PA|PP755594.1|A/cattle/Texas/24-008749-003/2024(H5N1)	247	965
PA|PP755594.1|A/cattle/Texas/24-008749-003/2024(H5N1)	248	959
PA|PP755594.1|A/cattle/Texas/24-008749-003/2024(H5N1)	249	957
PA|PP755594.1|A/cattle/Texas/24-008749-003/2024(H5N1)	250	910
PA|PP755594.1|A/cattle/Texas/24-008749-003/2024(H5N1)	251	933
PA|PP755594.1|A/cattle/Texas/24-008749-003/2024(H5N1)	252	960
PA|PP755594.1|A/cattle/Texas/24-008749-003/2024(H5N1)	253	966
PA|PP755594.1|A/cattle/Texas/24-008749-003/2024(H5N1)	254	998
PA|PP755594.1|A/cattle/Texas/24-008749-003/2024(H5N1)	255	999
PA|PP755594.1|A/cattle/Texas/24-008749-003/2024(H5N1)	256	1003
PA|PP755594.1|A/cattle/Texas/24-008749-003/2024(H5N1)	257	1007
PA|PP755594.1|A/cattle/Texas/24-008749-003/2024(H5N1)	258	1050
PA|PP755594.1|A/cattle/Texas/24-008749-003/2024(H5N1)	259	1051
PA|PP755594.1|A/cattle/Texas/24-008749-003/2024(H5N1)	260	1022
PA|PP755594.1|A/cattle/Texas/24-008749-003/2024(H5N1)	261	1004
PA|PP755594.1|A/cattle/Texas/24-008749-003/2024(H5N1)	262	993
PA|PP755594.1|A/cattle/Texas/24-008749-003/2024(H5N1)	263	1002
PA|PP755594.1|A/cattle/Texas/24-008749-003/2024(H5N1)	264	988
PA|PP755594.1|A/cattle/Texas/24-008749-003/2024(H5N1)	265	973
PA|PP755594.1|A/cattle/Texas/24-008749-003/2024(H5N1)	266	969
PA|PP755594.1|A/cattle/Texas/24-008749-003/2024(H5N1)	267	909
PA|PP755594.1|A/cattle/Texas/24-008749-003/2024(H5N1)	268	925
PA|PP755594.1|A/cattle/Texas/24-008749-003/2024(H5N1)	269	921
PA|PP755594.1|A/cattle/Texas/24-008749-003/2024(H5N1)	270	913
PA|PP755594.1|A/cattle/Texas/24-008749-003/2024(H5N1)	271	912
PA|PP755594.1|A/cattle/Texas/24-008749-003/2024(H5N1)	272	878
PA|PP755594.1|A/cattle/Texas/24-008749-003/2024(H5N1)	273	860
PA|PP755594.1|A/cattle/Texas/24-008749-003/2024(H5N1)	274	863
PA|PP755594.1|A/cattle/Texas/24-008749-003/2024(H5N1)	275	861
PA|PP755594.1|A/cattle/Texas/24-008749-003/2024(H5N1)	276	861
PA|PP755594.1|A/cattle/Texas/24-008749-003/2024(H5N1)	277	795
PA|PP755594.1|A/cattle/Texas/24-008749-003/2024(H5N1)	278	794
PA|PP755594.1|A/cattle/Texas/24-008749-003/2024(H5N1)	279	766
PA|PP755594.1|A/cattle/Texas/24-008749-003/2024(H5N1)	280	766
PA|PP755594.1|A/cattle/Texas/24-008749-003/2024(H5N1)	281	763
PA|PP755594.1|A/cattle/Texas/24-008749-003/2024(H5N1)	282	759
PA|PP755594.1|A/cattle/Texas/24-008749-003/2024(H5N1)	283	759
PA|PP755594.1|A/cattle/Texas/24-008749-003/2024(H5N1)	284	756
PA|PP755594.1|A/cattle/Texas/24-008749-003/2024(H5N1)	285	755
PA|PP755594.1|A/cattle/Texas/24-008749-003/2024(H5N1)	286	753
PA|PP755594.1|A/cattle/Texas/24-008749-003/2024(H5N1)	287	755
PA|PP755594.1|A/cattle/Texas/24-008749-003/2024(H5N1)	288	744
PA|PP755594.1|A/cattle/Texas/24-008749-003/2024(H5N1)	289	742
PA|PP755594.1|A/cattle/Texas/24-008749-003/2024(H5N1)	290	741
PA|PP755594.1|A/cattle/Texas/24-008749-003/2024(H5N1)	291	698
PA|PP755594.1|A/cattle/Texas/24-008749-003/2024(H5N1)	292	695
PA|PP755594.1|A/cattle/Texas/24-008749-003/2024(H5N1)	293	690
PA|PP755594.1|A/cattle/Texas/24-008749-003/2024(H5N1)	294	650
PA|PP755594.1|A/cattle/Texas/24-008749-003/2024(H5N1)	295	649
PA|PP755594.1|A/cattle/Texas/24-008749-003/2024(H5N1)	296	649
PA|PP755594.1|A/cattle/Texas/24-008749-003/2024(H5N1)	297	632
PA|PP755594.1|A/cattle/Texas/24-008749-003/2024(H5N1)	298	635
PA|PP755594.1|A/cattle/Texas/24-008749-003/2024(H5N1)	299	635
PA|PP755594.1|A/cattle/Texas/24-008749-003/2024(H5N1)	300	634
PA|PP755594.1|A/cattle/Texas/24-008749-003/2024(H5N1)	301	634
PA|PP755594.1|A/cattle/Texas/24-008749-003/2024(H5N1)	302	634
PA|PP755594.1|A/cattle/Texas/24-008749-003/2024(H5N1)	303	634
PA|PP755594.1|A/cattle/Texas/24-008749-003/2024(H5N1)	304	634
PA|PP755594.1|A/cattle/Texas/24-008749-003/2024(H5N1)	305	630
PA|PP755594.1|A/cattle/Texas/24-008749-003/2024(H5N1)	306	632
PA|PP755594.1|A/cattle/Texas/24-008749-003/2024(H5N1)	307	630
PA|PP755594.1|A/cattle/Texas/24-008749-003/2024(H5N1)	308	624
PA|PP755594.1|A/cattle/Texas/24-008749-003/2024(H5N1)	309	619
PA|PP755594.1|A/cattle/Texas/24-008749-003/2024(H5N1)	310	617
PA|PP755594.1|A/cattle/Texas/24-008749-003/2024(H5N1)	311	615
PA|PP755594.1|A/cattle/Texas/24-008749-003/2024(H5N1)	312	611
PA|PP755594.1|A/cattle/Texas/24-008749-003/2024(H5N1)	313	602
PA|PP755594.1|A/cattle/Texas/24-008749-003/2024(H5N1)	314	597
PA|PP755594.1|A/cattle/Texas/24-008749-003/2024(H5N1)	315	591
PA|PP755594.1|A/cattle/Texas/24-008749-003/2024(H5N1)	316	570
PA|PP755594.1|A/cattle/Texas/24-008749-003/2024(H5N1)	317	570
PA|PP755594.1|A/cattle/Texas/24-008749-003/2024(H5N1)	318	564
PA|PP755594.1|A/cattle/Texas/24-008749-003/2024(H5N1)	319	564
PA|PP755594.1|A/cattle/Texas/24-008749-003/2024(H5N1)	320	557
PA|PP755594.1|A/cattle/Texas/24-008749-003/2024(H5N1)	321	556
PA|PP755594.1|A/cattle/Texas/24-008749-003/2024(H5N1)	322	556
PA|PP755594.1|A/cattle/Texas/24-008749-003/2024(H5N1)	323	555
PA|PP755594.1|A/cattle/Texas/24-008749-003/2024(H5N1)	324	554
PA|PP755594.1|A/cattle/Texas/24-008749-003/2024(H5N1)	325	554
PA|PP755594.1|A/cattle/Texas/24-008749-003/2024(H5N1)	326	548
PA|PP755594.1|A/cattle/Texas/24-008749-003/2024(H5N1)	327	547
PA|PP755594.1|A/cattle/Texas/24-008749-003/2024(H5N1)	328	538
PA|PP755594.1|A/cattle/Texas/24-008749-003/2024(H5N1)	329	536
PA|PP755594.1|A/cattle/Texas/24-008749-003/2024(H5N1)	330	531
PA|PP755594.1|A/cattle/Texas/24-008749-003/2024(H5N1)	331	524
PA|PP755594.1|A/cattle/Texas/24-008749-003/2024(H5N1)	332	518
PA|PP755594.1|A/cattle/Texas/24-008749-003/2024(H5N1)	333	447
PA|PP755594.1|A/cattle/Texas/24-008749-003/2024(H5N1)	334	447
PA|PP755594.1|A/cattle/Texas/24-008749-003/2024(H5N1)	335	446
PA|PP755594.1|A/cattle/Texas/24-008749-003/2024(H5N1)	336	445
PA|PP755594.1|A/cattle/Texas/24-008749-003/2024(H5N1)	337	445
PA|PP755594.1|A/cattle/Texas/24-008749-003/2024(H5N1)	338	445
PA|PP755594.1|A/cattle/Texas/24-008749-003/2024(H5N1)	339	445
PA|PP755594.1|A/cattle/Texas/24-008749-003/2024(H5N1)	340	445
PA|PP755594.1|A/cattle/Texas/24-008749-003/2024(H5N1)	341	445
PA|PP755594.1|A/cattle/Texas/24-008749-003/2024(H5N1)	342	445
PA|PP755594.1|A/cattle/Texas/24-008749-003/2024(H5N1)	343	445
PA|PP755594.1|A/cattle/Texas/24-008749-003/2024(H5N1)	344	445
PA|PP755594.1|A/cattle/Texas/24-008749-003/2024(H5N1)	345	444
PA|PP755594.1|A/cattle/Texas/24-008749-003/2024(H5N1)	346	438
PA|PP755594.1|A/cattle/Texas/24-008749-003/2024(H5N1)	347	438
PA|PP755594.1|A/cattle/Texas/24-008749-003/2024(H5N1)	348	438
PA|PP755594.1|A/cattle/Texas/24-008749-003/2024(H5N1)	349	437
PA|PP755594.1|A/cattle/Texas/24-008749-003/2024(H5N1)	350	437
PA|PP755594.1|A/cattle/Texas/24-008749-003/2024(H5N1)	351	435
PA|PP755594.1|A/cattle/Texas/24-008749-003/2024(H5N1)	352	435
PA|PP755594.1|A/cattle/Texas/24-008749-003/2024(H5N1)	353	434
PA|PP755594.1|A/cattle/Texas/24-008749-003/2024(H5N1)	354	432
PA|PP755594.1|A/cattle/Texas/24-008749-003/2024(H5N1)	355	432
PA|PP755594.1|A/cattle/Texas/24-008749-003/2024(H5N1)	356	426
PA|PP755594.1|A/cattle/Texas/24-008749-003/2024(H5N1)	357	399
PA|PP755594.1|A/cattle/Texas/24-008749-003/2024(H5N1)	358	399
PA|PP755594.1|A/cattle/Texas/24-008749-003/2024(H5N1)	359	398
PA|PP755594.1|A/cattle/Texas/24-008749-003/2024(H5N1)	360	397
PA|PP755594.1|A/cattle/Texas/24-008749-003/2024(H5N1)	361	395
PA|PP755594.1|A/cattle/Texas/24-008749-003/2024(H5N1)	362	366
PA|PP755594.1|A/cattle/Texas/24-008749-003/2024(H5N1)	363	364
PA|PP755594.1|A/cattle/Texas/24-008749-003/2024(H5N1)	364	360
PA|PP755594.1|A/cattle/Texas/24-008749-003/2024(H5N1)	365	347
PA|PP755594.1|A/cattle/Texas/24-008749-003/2024(H5N1)	366	3
PA|PP755594.1|A/cattle/Texas/24-008749-003/2024(H5N1)	367	3
PA|PP755594.1|A/cattle/Texas/24-008749-003/2024(H5N1)	368	3
PA|PP755594.1|A/cattle/Texas/24-008749-003/2024(H5N1)	369	3
PA|PP755594.1|A/cattle/Texas/24-008749-003/2024(H5N1)	370	3
PA|PP755594.1|A/cattle/Texas/24-008749-003/2024(H5N1)	371	2
PA|PP755594.1|A/cattle/Texas/24-008749-003/2024(H5N1)	372	2
PA|PP755594.1|A/cattle/Texas/24-008749-003/2024(H5N1)	373	2
PA|PP755594.1|A/cattle/Texas/24-008749-003/2024(H5N1)	374	2
PA|PP755594.1|A/cattle/Texas/24-008749-003/2024(H5N1)	375	2
PA|PP755594.1|A/cattle/Texas/24-008749-003/2024(H5N1)	376	2
PA|PP755594.1|A/cattle/Texas/24-008749-003/2024(H5N1)	377	2
PA|PP755594.1|A/cattle/Texas/24-008749-003/2024(H5N1)	378	2
PA|PP755594.1|A/cattle/Texas/24-008749-003/2024(H5N1)	379	2
PA|PP755594.1|A/cattle/Texas/24-008749-003/2024(H5N1)	380	2
PA|PP755594.1|A/cattle/Texas/24-008749-003/2024(H5N1)	381	2
PA|PP755594.1|A/cattle/Texas/24-008749-003/2024(H5N1)	382	2
PA|PP755594.1|A/cattle/Texas/24-008749-003/2024(H5N1)	383	2
PA|PP755594.1|A/cattle/Texas/24-008749-003/2024(H5N1)	384	2
PA|PP755594.1|A/cattle/Texas/24-008749-003/2024(H5N1)	385	2
PA|PP755594.1|A/cattle/Texas/24-008749-003/2024(H5N1)	386	2
PA|PP755594.1|A/cattle/Texas/24-008749-003/2024(H5N1)	387	2
PA|PP755594.1|A/cattle/Texas/24-008749-003/2024(H5N1)	388	2
PA|PP755594.1|A/cattle/Texas/24-008749-003/2024(H5N1)	389	2
PA|PP755594.1|A/cattle/Texas/24-008749-003/2024(H5N1)	390	2
PA|PP755594.1|A/cattle/Texas/24-008749-003/2024(H5N1)	391	2
PA|PP755594.1|A/cattle/Texas/24-008749-003/2024(H5N1)	392	2
PA|PP755594.1|A/cattle/Texas/24-008749-003/2024(H5N1)	393	2
PA|PP755594.1|A/cattle/Texas/24-008749-003/2024(H5N1)	394	2
PA|PP755594.1|A/cattle/Texas/24-008749-003/2024(H5N1)	395	2
PA|PP755594.1|A/cattle/Texas/24-008749-003/2024(H5N1)	396	2
PA|PP755594.1|A/cattle/Texas/24-008749-003/2024(H5N1)	397	3
PA|PP755594.1|A/cattle/Texas/24-008749-003/2024(H5N1)	398	5
PA|PP755594.1|A/cattle/Texas/24-008749-003/2024(H5N1)	399	5
PA|PP755594.1|A/cattle/Texas/24-008749-003/2024(H5N1)	400	744
PA|PP755594.1|A/cattle/Texas/24-008749-003/2024(H5N1)	401	749
PA|PP755594.1|A/cattle/Texas/24-008749-003/2024(H5N1)	402	753
PA|PP755594.1|A/cattle/Texas/24-008749-003/2024(H5N1)	403	754
PA|PP755594.1|A/cattle/Texas/24-008749-003/2024(H5N1)	404	760
PA|PP755594.1|A/cattle/Texas/24-008749-003/2024(H5N1)	405	762
PA|PP755594.1|A/cattle/Texas/24-008749-003/2024(H5N1)	406	762
PA|PP755594.1|A/cattle/Texas/24-008749-003/2024(H5N1)	407	770
PA|PP755594.1|A/cattle/Texas/24-008749-003/2024(H5N1)	408	770
PA|PP755594.1|A/cattle/Texas/24-008749-003/2024(H5N1)	409	779
PA|PP755594.1|A/cattle/Texas/24-008749-003/2024(H5N1)	410	779
PA|PP755594.1|A/cattle/Texas/24-008749-003/2024(H5N1)	411	786
PA|PP755594.1|A/cattle/Texas/24-008749-003/2024(H5N1)	412	787
PA|PP755594.1|A/cattle/Texas/24-008749-003/2024(H5N1)	413	789
PA|PP755594.1|A/cattle/Texas/24-008749-003/2024(H5N1)	414	822
PA|PP755594.1|A/cattle/Texas/24-008749-003/2024(H5N1)	415	835
PA|PP755594.1|A/cattle/Texas/24-008749-003/2024(H5N1)	416	837
PA|PP755594.1|A/cattle/Texas/24-008749-003/2024(H5N1)	417	843
PA|PP755594.1|A/cattle/Texas/24-008749-003/2024(H5N1)	418	843
PA|PP755594.1|A/cattle/Texas/24-008749-003/2024(H5N1)	419	813
PA|PP755594.1|A/cattle/Texas/24-008749-003/2024(H5N1)	420	792
PA|PP755594.1|A/cattle/Texas/24-008749-003/2024(H5N1)	421	792
PA|PP755594.1|A/cattle/Texas/24-008749-003/2024(H5N1)	422	788
PA|PP755594.1|A/cattle/Texas/24-008749-003/2024(H5N1)	423	789
PA|PP755594.1|A/cattle/Texas/24-008749-003/2024(H5N1)	424	789
PA|PP755594.1|A/cattle/Texas/24-008749-003/2024(H5N1)	425	791
PA|PP755594.1|A/cattle/Texas/24-008749-003/2024(H5N1)	426	785
PA|PP755594.1|A/cattle/Texas/24-008749-003/2024(H5N1)	427	809
PA|PP755594.1|A/cattle/Texas/24-008749-003/2024(H5N1)	428	811
PA|PP755594.1|A/cattle/Texas/24-008749-003/2024(H5N1)	429	811
PA|PP755594.1|A/cattle/Texas/24-008749-003/2024(H5N1)	430	814
PA|PP755594.1|A/cattle/Texas/24-008749-003/2024(H5N1)	431	809
PA|PP755594.1|A/cattle/Texas/24-008749-003/2024(H5N1)	432	762
PA|PP755594.1|A/cattle/Texas/24-008749-003/2024(H5N1)	433	761
PA|PP755594.1|A/cattle/Texas/24-008749-003/2024(H5N1)	434	760
PA|PP755594.1|A/cattle/Texas/24-008749-003/2024(H5N1)	435	756
PA|PP755594.1|A/cattle/Texas/24-008749-003/2024(H5N1)	436	786
PA|PP755594.1|A/cattle/Texas/24-008749-003/2024(H5N1)	437	809
PA|PP755594.1|A/cattle/Texas/24-008749-003/2024(H5N1)	438	807
PA|PP755594.1|A/cattle/Texas/24-008749-003/2024(H5N1)	439	803
PA|PP755594.1|A/cattle/Texas/24-008749-003/2024(H5N1)	440	809
PA|PP755594.1|A/cattle/Texas/24-008749-003/2024(H5N1)	441	780
PA|PP755594.1|A/cattle/Texas/24-008749-003/2024(H5N1)	442	786
PA|PP755594.1|A/cattle/Texas/24-008749-003/2024(H5N1)	443	790
PA|PP755594.1|A/cattle/Texas/24-008749-003/2024(H5N1)	444	788
PA|PP755594.1|A/cattle/Texas/24-008749-003/2024(H5N1)	445	786
PA|PP755594.1|A/cattle/Texas/24-008749-003/2024(H5N1)	446	794
PA|PP755594.1|A/cattle/Texas/24-008749-003/2024(H5N1)	447	802
PA|PP755594.1|A/cattle/Texas/24-008749-003/2024(H5N1)	448	802
PA|PP755594.1|A/cattle/Texas/24-008749-003/2024(H5N1)	449	797
PA|PP755594.1|A/cattle/Texas/24-008749-003/2024(H5N1)	450	794
PA|PP755594.1|A/cattle/Texas/24-008749-003/2024(H5N1)	451	796
PA|PP755594.1|A/cattle/Texas/24-008749-003/2024(H5N1)	452	804
PA|PP755594.1|A/cattle/Texas/24-008749-003/2024(H5N1)	453	803
PA|PP755594.1|A/cattle/Texas/24-008749-003/2024(H5N1)	454	809
PA|PP755594.1|A/cattle/Texas/24-008749-003/2024(H5N1)	455	815
PA|PP755594.1|A/cattle/Texas/24-008749-003/2024(H5N1)	456	812
PA|PP755594.1|A/cattle/Texas/24-008749-003/2024(H5N1)	457	804
PA|PP755594.1|A/cattle/Texas/24-008749-003/2024(H5N1)	458	799
PA|PP755594.1|A/cattle/Texas/24-008749-003/2024(H5N1)	459	801
PA|PP755594.1|A/cattle/Texas/24-008749-003/2024(H5N1)	460	841
PA|PP755594.1|A/cattle/Texas/24-008749-003/2024(H5N1)	461	845
PA|PP755594.1|A/cattle/Texas/24-008749-003/2024(H5N1)	462	845
PA|PP755594.1|A/cattle/Texas/24-008749-003/2024(H5N1)	463	833
PA|PP755594.1|A/cattle/Texas/24-008749-003/2024(H5N1)	464	832
PA|PP755594.1|A/cattle/Texas/24-008749-003/2024(H5N1)	465	832
PA|PP755594.1|A/cattle/Texas/24-008749-003/2024(H5N1)	466	831
PA|PP755594.1|A/cattle/Texas/24-008749-003/2024(H5N1)	467	826
PA|PP755594.1|A/cattle/Texas/24-008749-003/2024(H5N1)	468	825
PA|PP755594.1|A/cattle/Texas/24-008749-003/2024(H5N1)	469	817
PA|PP755594.1|A/cattle/Texas/24-008749-003/2024(H5N1)	470	817
PA|PP755594.1|A/cattle/Texas/24-008749-003/2024(H5N1)	471	791
PA|PP755594.1|A/cattle/Texas/24-008749-003/2024(H5N1)	472	797
PA|PP755594.1|A/cattle/Texas/24-008749-003/2024(H5N1)	473	795
PA|PP755594.1|A/cattle/Texas/24-008749-003/2024(H5N1)	474	791
PA|PP755594.1|A/cattle/Texas/24-008749-003/2024(H5N1)	475	793
PA|PP755594.1|A/cattle/Texas/24-008749-003/2024(H5N1)	476	793
PA|PP755594.1|A/cattle/Texas/24-008749-003/2024(H5N1)	477	787
PA|PP755594.1|A/cattle/Texas/24-008749-003/2024(H5N1)	478	874
PA|PP755594.1|A/cattle/Texas/24-008749-003/2024(H5N1)	479	897
PA|PP755594.1|A/cattle/Texas/24-008749-003/2024(H5N1)	480	902
PA|PP755594.1|A/cattle/Texas/24-008749-003/2024(H5N1)	481	906
PA|PP755594.1|A/cattle/Texas/24-008749-003/2024(H5N1)	482	908
PA|PP755594.1|A/cattle/Texas/24-008749-003/2024(H5N1)	483	892
PA|PP755594.1|A/cattle/Texas/24-008749-003/2024(H5N1)	484	889
PA|PP755594.1|A/cattle/Texas/24-008749-003/2024(H5N1)	485	903
PA|PP755594.1|A/cattle/Texas/24-008749-003/2024(H5N1)	486	916
PA|PP755594.1|A/cattle/Texas/24-008749-003/2024(H5N1)	487	866
PA|PP755594.1|A/cattle/Texas/24-008749-003/2024(H5N1)	488	862
PA|PP755594.1|A/cattle/Texas/24-008749-003/2024(H5N1)	489	851
PA|PP755594.1|A/cattle/Texas/24-008749-003/2024(H5N1)	490	849
PA|PP755594.1|A/cattle/Texas/24-008749-003/2024(H5N1)	491	867
PA|PP755594.1|A/cattle/Texas/24-008749-003/2024(H5N1)	492	857
PA|PP755594.1|A/cattle/Texas/24-008749-003/2024(H5N1)	493	864
PA|PP755594.1|A/cattle/Texas/24-008749-003/2024(H5N1)	494	856
PA|PP755594.1|A/cattle/Texas/24-008749-003/2024(H5N1)	495	858
PA|PP755594.1|A/cattle/Texas/24-008749-003/2024(H5N1)	496	857
PA|PP755594.1|A/cattle/Texas/24-008749-003/2024(H5N1)	497	870
PA|PP755594.1|A/cattle/Texas/24-008749-003/2024(H5N1)	498	870
PA|PP755594.1|A/cattle/Texas/24-008749-003/2024(H5N1)	499	870
PA|PP755594.1|A/cattle/Texas/24-008749-003/2024(H5N1)	500	875
PA|PP755594.1|A/cattle/Texas/24-008749-003/2024(H5N1)	501	873
PA|PP755594.1|A/cattle/Texas/24-008749-003/2024(H5N1)	502	858
PA|PP755594.1|A/cattle/Texas/24-008749-003/2024(H5N1)	503	865
PA|PP755594.1|A/cattle/Texas/24-008749-003/2024(H5N1)	504	865
PA|PP755594.1|A/cattle/Texas/24-008749-003/2024(H5N1)	505	866
PA|PP755594.1|A/cattle/Texas/24-008749-003/2024(H5N1)	506	857
PA|PP755594.1|A/cattle/Texas/24-008749-003/2024(H5N1)	507	856
PA|PP755594.1|A/cattle/Texas/24-008749-003/2024(H5N1)	508	850
PA|PP755594.1|A/cattle/Texas/24-008749-003/2024(H5N1)	509	848
PA|PP755594.1|A/cattle/Texas/24-008749-003/2024(H5N1)	510	837
PA|PP755594.1|A/cattle/Texas/24-008749-003/2024(H5N1)	511	843
PA|PP755594.1|A/cattle/Texas/24-008749-003/2024(H5N1)	512	822
PA|PP755594.1|A/cattle/Texas/24-008749-003/2024(H5N1)	513	811
PA|PP755594.1|A/cattle/Texas/24-008749-003/2024(H5N1)	514	886
PA|PP755594.1|A/cattle/Texas/24-008749-003/2024(H5N1)	515	903
PA|PP755594.1|A/cattle/Texas/24-008749-003/2024(H5N1)	516	909
PA|PP755594.1|A/cattle/Texas/24-008749-003/2024(H5N1)	517	897
PA|PP755594.1|A/cattle/Texas/24-008749-003/2024(H5N1)	518	875
PA|PP755594.1|A/cattle/Texas/24-008749-003/2024(H5N1)	519	851
PA|PP755594.1|A/cattle/Texas/24-008749-003/2024(H5N1)	520	856
PA|PP755594.1|A/cattle/Texas/24-008749-003/2024(H5N1)	521	854
PA|PP755594.1|A/cattle/Texas/24-008749-003/2024(H5N1)	522	840
PA|PP755594.1|A/cattle/Texas/24-008749-003/2024(H5N1)	523	847
PA|PP755594.1|A/cattle/Texas/24-008749-003/2024(H5N1)	524	845
PA|PP755594.1|A/cattle/Texas/24-008749-003/2024(H5N1)	525	862
PA|PP755594.1|A/cattle/Texas/24-008749-003/2024(H5N1)	526	902
PA|PP755594.1|A/cattle/Texas/24-008749-003/2024(H5N1)	527	905
PA|PP755594.1|A/cattle/Texas/24-008749-003/2024(H5N1)	528	901
PA|PP755594.1|A/cattle/Texas/24-008749-003/2024(H5N1)	529	900
PA|PP755594.1|A/cattle/Texas/24-008749-003/2024(H5N1)	530	914
PA|PP755594.1|A/cattle/Texas/24-008749-003/2024(H5N1)	531	899
PA|PP755594.1|A/cattle/Texas/24-008749-003/2024(H5N1)	532	900
PA|PP755594.1|A/cattle/Texas/24-008749-003/2024(H5N1)	533	898
PA|PP755594.1|A/cattle/Texas/24-008749-003/2024(H5N1)	534	882
PA|PP755594.1|A/cattle/Texas/24-008749-003/2024(H5N1)	535	883
PA|PP755594.1|A/cattle/Texas/24-008749-003/2024(H5N1)	536	877
PA|PP755594.1|A/cattle/Texas/24-008749-003/2024(H5N1)	537	874
PA|PP755594.1|A/cattle/Texas/24-008749-003/2024(H5N1)	538	851
PA|PP755594.1|A/cattle/Texas/24-008749-003/2024(H5N1)	539	823
PA|PP755594.1|A/cattle/Texas/24-008749-003/2024(H5N1)	540	823
PA|PP755594.1|A/cattle/Texas/24-008749-003/2024(H5N1)	541	832
PA|PP755594.1|A/cattle/Texas/24-008749-003/2024(H5N1)	542	847
PA|PP755594.1|A/cattle/Texas/24-008749-003/2024(H5N1)	543	841
PA|PP755594.1|A/cattle/Texas/24-008749-003/2024(H5N1)	544	838
PA|PP755594.1|A/cattle/Texas/24-008749-003/2024(H5N1)	545	832
PA|PP755594.1|A/cattle/Texas/24-008749-003/2024(H5N1)	546	836
PA|PP755594.1|A/cattle/Texas/24-008749-003/2024(H5N1)	547	830
PA|PP755594.1|A/cattle/Texas/24-008749-003/2024(H5N1)	548	836
PA|PP755594.1|A/cattle/Texas/24-008749-003/2024(H5N1)	549	840
PA|PP755594.1|A/cattle/Texas/24-008749-003/2024(H5N1)	550	833
PA|PP755594.1|A/cattle/Texas/24-008749-003/2024(H5N1)	551	833
PA|PP755594.1|A/cattle/Texas/24-008749-003/2024(H5N1)	552	824
PA|PP755594.1|A/cattle/Texas/24-008749-003/2024(H5N1)	553	824
PA|PP755594.1|A/cattle/Texas/24-008749-003/2024(H5N1)	554	829
PA|PP755594.1|A/cattle/Texas/24-008749-003/2024(H5N1)	555	845
PA|PP755594.1|A/cattle/Texas/24-008749-003/2024(H5N1)	556	921
PA|PP755594.1|A/cattle/Texas/24-008749-003/2024(H5N1)	557	952
PA|PP755594.1|A/cattle/Texas/24-008749-003/2024(H5N1)	558	954
PA|PP755594.1|A/cattle/Texas/24-008749-003/2024(H5N1)	559	959
PA|PP755594.1|A/cattle/Texas/24-008749-003/2024(H5N1)	560	951
PA|PP755594.1|A/cattle/Texas/24-008749-003/2024(H5N1)	561	958
PA|PP755594.1|A/cattle/Texas/24-008749-003/2024(H5N1)	562	971
PA|PP755594.1|A/cattle/Texas/24-008749-003/2024(H5N1)	563	970
PA|PP755594.1|A/cattle/Texas/24-008749-003/2024(H5N1)	564	979
PA|PP755594.1|A/cattle/Texas/24-008749-003/2024(H5N1)	565	941
PA|PP755594.1|A/cattle/Texas/24-008749-003/2024(H5N1)	566	928
PA|PP755594.1|A/cattle/Texas/24-008749-003/2024(H5N1)	567	928
PA|PP755594.1|A/cattle/Texas/24-008749-003/2024(H5N1)	568	922
PA|PP755594.1|A/cattle/Texas/24-008749-003/2024(H5N1)	569	957
PA|PP755594.1|A/cattle/Texas/24-008749-003/2024(H5N1)	570	950
PA|PP755594.1|A/cattle/Texas/24-008749-003/2024(H5N1)	571	945
PA|PP755594.1|A/cattle/Texas/24-008749-003/2024(H5N1)	572	945
PA|PP755594.1|A/cattle/Texas/24-008749-003/2024(H5N1)	573	942
PA|PP755594.1|A/cattle/Texas/24-008749-003/2024(H5N1)	574	951
PA|PP755594.1|A/cattle/Texas/24-008749-003/2024(H5N1)	575	952
PA|PP755594.1|A/cattle/Texas/24-008749-003/2024(H5N1)	576	960
PA|PP755594.1|A/cattle/Texas/24-008749-003/2024(H5N1)	577	953
PA|PP755594.1|A/cattle/Texas/24-008749-003/2024(H5N1)	578	926
PA|PP755594.1|A/cattle/Texas/24-008749-003/2024(H5N1)	579	955
PA|PP755594.1|A/cattle/Texas/24-008749-003/2024(H5N1)	580	1003
PA|PP755594.1|A/cattle/Texas/24-008749-003/2024(H5N1)	581	1006
PA|PP755594.1|A/cattle/Texas/24-008749-003/2024(H5N1)	582	990
PA|PP755594.1|A/cattle/Texas/24-008749-003/2024(H5N1)	583	991
PA|PP755594.1|A/cattle/Texas/24-008749-003/2024(H5N1)	584	991
PA|PP755594.1|A/cattle/Texas/24-008749-003/2024(H5N1)	585	988
PA|PP755594.1|A/cattle/Texas/24-008749-003/2024(H5N1)	586	991
PA|PP755594.1|A/cattle/Texas/24-008749-003/2024(H5N1)	587	1006
PA|PP755594.1|A/cattle/Texas/24-008749-003/2024(H5N1)	588	991
PA|PP755594.1|A/cattle/Texas/24-008749-003/2024(H5N1)	589	992
PA|PP755594.1|A/cattle/Texas/24-008749-003/2024(H5N1)	590	993
PA|PP755594.1|A/cattle/Texas/24-008749-003/2024(H5N1)	591	986
PA|PP755594.1|A/cattle/Texas/24-008749-003/2024(H5N1)	592	986
PA|PP755594.1|A/cattle/Texas/24-008749-003/2024(H5N1)	593	993
PA|PP755594.1|A/cattle/Texas/24-008749-003/2024(H5N1)	594	993
PA|PP755594.1|A/cattle/Texas/24-008749-003/2024(H5N1)	595	991
PA|PP755594.1|A/cattle/Texas/24-008749-003/2024(H5N1)	596	998
PA|PP755594.1|A/cattle/Texas/24-008749-003/2024(H5N1)	597	991
PA|PP755594.1|A/cattle/Texas/24-008749-003/2024(H5N1)	598	987
PA|PP755594.1|A/cattle/Texas/24-008749-003/2024(H5N1)	599	990
PA|PP755594.1|A/cattle/Texas/24-008749-003/2024(H5N1)	600	992
PA|PP755594.1|A/cattle/Texas/24-008749-003/2024(H5N1)	601	998
PA|PP755594.1|A/cattle/Texas/24-008749-003/2024(H5N1)	602	1001
PA|PP755594.1|A/cattle/Texas/24-008749-003/2024(H5N1)	603	993
PA|PP755594.1|A/cattle/Texas/24-008749-003/2024(H5N1)	604	995
PA|PP755594.1|A/cattle/Texas/24-008749-003/2024(H5N1)	605	1009
PA|PP755594.1|A/cattle/Texas/24-008749-003/2024(H5N1)	606	1005
PA|PP755594.1|A/cattle/Texas/24-008749-003/2024(H5N1)	607	1004
PA|PP755594.1|A/cattle/Texas/24-008749-003/2024(H5N1)	608	1008
PA|PP755594.1|A/cattle/Texas/24-008749-003/2024(H5N1)	609	1008
PA|PP755594.1|A/cattle/Texas/24-008749-003/2024(H5N1)	610	999
PA|PP755594.1|A/cattle/Texas/24-008749-003/2024(H5N1)	611	984
PA|PP755594.1|A/cattle/Texas/24-008749-003/2024(H5N1)	612	993
PA|PP755594.1|A/cattle/Texas/24-008749-003/2024(H5N1)	613	992
PA|PP755594.1|A/cattle/Texas/24-008749-003/2024(H5N1)	614	990
PA|PP755594.1|A/cattle/Texas/24-008749-003/2024(H5N1)	615	994
PA|PP755594.1|A/cattle/Texas/24-008749-003/2024(H5N1)	616	993
PA|PP755594.1|A/cattle/Texas/24-008749-003/2024(H5N1)	617	992
PA|PP755594.1|A/cattle/Texas/24-008749-003/2024(H5N1)	618	991
PA|PP755594.1|A/cattle/Texas/24-008749-003/2024(H5N1)	619	988
PA|PP755594.1|A/cattle/Texas/24-008749-003/2024(H5N1)	620	994
PA|PP755594.1|A/cattle/Texas/24-008749-003/2024(H5N1)	621	1016
PA|PP755594.1|A/cattle/Texas/24-008749-003/2024(H5N1)	622	1014
PA|PP755594.1|A/cattle/Texas/24-008749-003/2024(H5N1)	623	1015
PA|PP755594.1|A/cattle/Texas/24-008749-003/2024(H5N1)	624	1015
PA|PP755594.1|A/cattle/Texas/24-008749-003/2024(H5N1)	625	1019
PA|PP755594.1|A/cattle/Texas/24-008749-003/2024(H5N1)	626	1024
PA|PP755594.1|A/cattle/Texas/24-008749-003/2024(H5N1)	627	1025
PA|PP755594.1|A/cattle/Texas/24-008749-003/2024(H5N1)	628	1028
PA|PP755594.1|A/cattle/Texas/24-008749-003/2024(H5N1)	629	976
PA|PP755594.1|A/cattle/Texas/24-008749-003/2024(H5N1)	630	953
PA|PP755594.1|A/cattle/Texas/24-008749-003/2024(H5N1)	631	953
PA|PP755594.1|A/cattle/Texas/24-008749-003/2024(H5N1)	632	949
PA|PP755594.1|A/cattle/Texas/24-008749-003/2024(H5N1)	633	957
PA|PP755594.1|A/cattle/Texas/24-008749-003/2024(H5N1)	634	955
PA|PP755594.1|A/cattle/Texas/24-008749-003/2024(H5N1)	635	953
PA|PP755594.1|A/cattle/Texas/24-008749-003/2024(H5N1)	636	939
PA|PP755594.1|A/cattle/Texas/24-008749-003/2024(H5N1)	637	916
PA|PP755594.1|A/cattle/Texas/24-008749-003/2024(H5N1)	638	933
PA|PP755594.1|A/cattle/Texas/24-008749-003/2024(H5N1)	639	946
PA|PP755594.1|A/cattle/Texas/24-008749-003/2024(H5N1)	640	944
PA|PP755594.1|A/cattle/Texas/24-008749-003/2024(H5N1)	641	937
PA|PP755594.1|A/cattle/Texas/24-008749-003/2024(H5N1)	642	918
PA|PP755594.1|A/cattle/Texas/24-008749-003/2024(H5N1)	643	918
PA|PP755594.1|A/cattle/Texas/24-008749-003/2024(H5N1)	644	944
PA|PP755594.1|A/cattle/Texas/24-008749-003/2024(H5N1)	645	942
PA|PP755594.1|A/cattle/Texas/24-008749-003/2024(H5N1)	646	945
PA|PP755594.1|A/cattle/Texas/24-008749-003/2024(H5N1)	647	948
PA|PP755594.1|A/cattle/Texas/24-008749-003/2024(H5N1)	648	950
PA|PP755594.1|A/cattle/Texas/24-008749-003/2024(H5N1)	649	960
PA|PP755594.1|A/cattle/Texas/24-008749-003/2024(H5N1)	650	964
PA|PP755594.1|A/cattle/Texas/24-008749-003/2024(H5N1)	651	961
PA|PP755594.1|A/cattle/Texas/24-008749-003/2024(H5N1)	652	959
PA|PP755594.1|A/cattle/Texas/24-008749-003/2024(H5N1)	653	958
PA|PP755594.1|A/cattle/Texas/24-008749-003/2024(H5N1)	654	949
PA|PP755594.1|A/cattle/Texas/24-008749-003/2024(H5N1)	655	920
PA|PP755594.1|A/cattle/Texas/24-008749-003/2024(H5N1)	656	919
PA|PP755594.1|A/cattle/Texas/24-008749-003/2024(H5N1)	657	919
PA|PP755594.1|A/cattle/Texas/24-008749-003/2024(H5N1)	658	961
PA|PP755594.1|A/cattle/Texas/24-008749-003/2024(H5N1)	659	962
PA|PP755594.1|A/cattle/Texas/24-008749-003/2024(H5N1)	660	964
PA|PP755594.1|A/cattle/Texas/24-008749-003/2024(H5N1)	661	920
PA|PP755594.1|A/cattle/Texas/24-008749-003/2024(H5N1)	662	919
PA|PP755594.1|A/cattle/Texas/24-008749-003/2024(H5N1)	663	919
PA|PP755594.1|A/cattle/Texas/24-008749-003/2024(H5N1)	664	928
PA|PP755594.1|A/cattle/Texas/24-008749-003/2024(H5N1)	665	927
PA|PP755594.1|A/cattle/Texas/24-008749-003/2024(H5N1)	666	923
PA|PP755594.1|A/cattle/Texas/24-008749-003/2024(H5N1)	667	917
PA|PP755594.1|A/cattle/Texas/24-008749-003/2024(H5N1)	668	950
PA|PP755594.1|A/cattle/Texas/24-008749-003/2024(H5N1)	669	949
PA|PP755594.1|A/cattle/Texas/24-008749-003/2024(H5N1)	670	950
PA|PP755594.1|A/cattle/Texas/24-008749-003/2024(H5N1)	671	945
PA|PP755594.1|A/cattle/Texas/24-008749-003/2024(H5N1)	672	943
PA|PP755594.1|A/cattle/Texas/24-008749-003/2024(H5N1)	673	932
PA|PP755594.1|A/cattle/Texas/24-008749-003/2024(H5N1)	674	948
PA|PP755594.1|A/cattle/Texas/24-008749-003/2024(H5N1)	675	938
PA|PP755594.1|A/cattle/Texas/24-008749-003/2024(H5N1)	676	943
PA|PP755594.1|A/cattle/Texas/24-008749-003/2024(H5N1)	677	917
PA|PP755594.1|A/cattle/Texas/24-008749-003/2024(H5N1)	678	919
PA|PP755594.1|A/cattle/Texas/24-008749-003/2024(H5N1)	679	918
PA|PP755594.1|A/cattle/Texas/24-008749-003/2024(H5N1)	680	975
PA|PP755594.1|A/cattle/Texas/24-008749-003/2024(H5N1)	681	945
PA|PP755594.1|A/cattle/Texas/24-008749-003/2024(H5N1)	682	945
PA|PP755594.1|A/cattle/Texas/24-008749-003/2024(H5N1)	683	945
PA|PP755594.1|A/cattle/Texas/24-008749-003/2024(H5N1)	684	965
PA|PP755594.1|A/cattle/Texas/24-008749-003/2024(H5N1)	685	998
PA|PP755594.1|A/cattle/Texas/24-008749-003/2024(H5N1)	686	998
PA|PP755594.1|A/cattle/Texas/24-008749-003/2024(H5N1)	687	992
PA|PP755594.1|A/cattle/Texas/24-008749-003/2024(H5N1)	688	991
PA|PP755594.1|A/cattle/Texas/24-008749-003/2024(H5N1)	689	1000
PA|PP755594.1|A/cattle/Texas/24-008749-003/2024(H5N1)	690	1006
PA|PP755594.1|A/cattle/Texas/24-008749-003/2024(H5N1)	691	1019
PA|PP755594.1|A/cattle/Texas/24-008749-003/2024(H5N1)	692	1014
PA|PP755594.1|A/cattle/Texas/24-008749-003/2024(H5N1)	693	1000
PA|PP755594.1|A/cattle/Texas/24-008749-003/2024(H5N1)	694	1002
PA|PP755594.1|A/cattle/Texas/24-008749-003/2024(H5N1)	695	1037
PA|PP755594.1|A/cattle/Texas/24-008749-003/2024(H5N1)	696	1038
PA|PP755594.1|A/cattle/Texas/24-008749-003/2024(H5N1)	697	1033
PA|PP755594.1|A/cattle/Texas/24-008749-003/2024(H5N1)	698	1028
PA|PP755594.1|A/cattle/Texas/24-008749-003/2024(H5N1)	699	1030
PA|PP755594.1|A/cattle/Texas/24-008749-003/2024(H5N1)	700	1014
PA|PP755594.1|A/cattle/Texas/24-008749-003/2024(H5N1)	701	1014
PA|PP755594.1|A/cattle/Texas/24-008749-003/2024(H5N1)	702	997
PA|PP755594.1|A/cattle/Texas/24-008749-003/2024(H5N1)	703	994
PA|PP755594.1|A/cattle/Texas/24-008749-003/2024(H5N1)	704	996
PA|PP755594.1|A/cattle/Texas/24-008749-003/2024(H5N1)	705	993
PA|PP755594.1|A/cattle/Texas/24-008749-003/2024(H5N1)	706	992
PA|PP755594.1|A/cattle/Texas/24-008749-003/2024(H5N1)	707	962
PA|PP755594.1|A/cattle/Texas/24-008749-003/2024(H5N1)	708	927
PA|PP755594.1|A/cattle/Texas/24-008749-003/2024(H5N1)	709	928
PA|PP755594.1|A/cattle/Texas/24-008749-003/2024(H5N1)	710	929
PA|PP755594.1|A/cattle/Texas/24-008749-003/2024(H5N1)	711	929
PA|PP755594.1|A/cattle/Texas/24-008749-003/2024(H5N1)	712	928
PA|PP755594.1|A/cattle/Texas/24-008749-003/2024(H5N1)	713	905
PA|PP755594.1|A/cattle/Texas/24-008749-003/2024(H5N1)	714	908
PA|PP755594.1|A/cattle/Texas/24-008749-003/2024(H5N1)	715	897
PA|PP755594.1|A/cattle/Texas/24-008749-003/2024(H5N1)	716	897
PA|PP755594.1|A/cattle/Texas/24-008749-003/2024(H5N1)	717	907
PA|PP755594.1|A/cattle/Texas/24-008749-003/2024(H5N1)	718	905
PA|PP755594.1|A/cattle/Texas/24-008749-003/2024(H5N1)	719	932
PA|PP755594.1|A/cattle/Texas/24-008749-003/2024(H5N1)	720	903
PA|PP755594.1|A/cattle/Texas/24-008749-003/2024(H5N1)	721	902
PA|PP755594.1|A/cattle/Texas/24-008749-003/2024(H5N1)	722	915
PA|PP755594.1|A/cattle/Texas/24-008749-003/2024(H5N1)	723	919
PA|PP755594.1|A/cattle/Texas/24-008749-003/2024(H5N1)	724	921
PA|PP755594.1|A/cattle/Texas/24-008749-003/2024(H5N1)	725	916
PA|PP755594.1|A/cattle/Texas/24-008749-003/2024(H5N1)	726	900
PA|PP755594.1|A/cattle/Texas/24-008749-003/2024(H5N1)	727	900
PA|PP755594.1|A/cattle/Texas/24-008749-003/2024(H5N1)	728	869
PA|PP755594.1|A/cattle/Texas/24-008749-003/2024(H5N1)	729	882
PA|PP755594.1|A/cattle/Texas/24-008749-003/2024(H5N1)	730	854
PA|PP755594.1|A/cattle/Texas/24-008749-003/2024(H5N1)	731	841
PA|PP755594.1|A/cattle/Texas/24-008749-003/2024(H5N1)	732	833
PA|PP755594.1|A/cattle/Texas/24-008749-003/2024(H5N1)	733	836
PA|PP755594.1|A/cattle/Texas/24-008749-003/2024(H5N1)	734	842
PA|PP755594.1|A/cattle/Texas/24-008749-003/2024(H5N1)	735	853
PA|PP755594.1|A/cattle/Texas/24-008749-003/2024(H5N1)	736	853
PA|PP755594.1|A/cattle/Texas/24-008749-003/2024(H5N1)	737	850
PA|PP755594.1|A/cattle/Texas/24-008749-003/2024(H5N1)	738	841
PA|PP755594.1|A/cattle/Texas/24-008749-003/2024(H5N1)	739	847
PA|PP755594.1|A/cattle/Texas/24-008749-003/2024(H5N1)	740	853
PA|PP755594.1|A/cattle/Texas/24-008749-003/2024(H5N1)	741	853
PA|PP755594.1|A/cattle/Texas/24-008749-003/2024(H5N1)	742	852
PA|PP755594.1|A/cattle/Texas/24-008749-003/2024(H5N1)	743	846
PA|PP755594.1|A/cattle/Texas/24-008749-003/2024(H5N1)	744	843
PA|PP755594.1|A/cattle/Texas/24-008749-003/2024(H5N1)	745	854
PA|PP755594.1|A/cattle/Texas/24-008749-003/2024(H5N1)	746	855
PA|PP755594.1|A/cattle/Texas/24-008749-003/2024(H5N1)	747	863
PA|PP755594.1|A/cattle/Texas/24-008749-003/2024(H5N1)	748	861
PA|PP755594.1|A/cattle/Texas/24-008749-003/2024(H5N1)	749	862
PA|PP755594.1|A/cattle/Texas/24-008749-003/2024(H5N1)	750	868
PA|PP755594.1|A/cattle/Texas/24-008749-003/2024(H5N1)	751	867
PA|PP755594.1|A/cattle/Texas/24-008749-003/2024(H5N1)	752	865
PA|PP755594.1|A/cattle/Texas/24-008749-003/2024(H5N1)	753	863
PA|PP755594.1|A/cattle/Texas/24-008749-003/2024(H5N1)	754	869
PA|PP755594.1|A/cattle/Texas/24-008749-003/2024(H5N1)	755	875
PA|PP755594.1|A/cattle/Texas/24-008749-003/2024(H5N1)	756	849
PA|PP755594.1|A/cattle/Texas/24-008749-003/2024(H5N1)	757	852
PA|PP755594.1|A/cattle/Texas/24-008749-003/2024(H5N1)	758	862
PA|PP755594.1|A/cattle/Texas/24-008749-003/2024(H5N1)	759	863
PA|PP755594.1|A/cattle/Texas/24-008749-003/2024(H5N1)	760	931
PA|PP755594.1|A/cattle/Texas/24-008749-003/2024(H5N1)	761	930
PA|PP755594.1|A/cattle/Texas/24-008749-003/2024(H5N1)	762	929
PA|PP755594.1|A/cattle/Texas/24-008749-003/2024(H5N1)	763	922
PA|PP755594.1|A/cattle/Texas/24-008749-003/2024(H5N1)	764	926
PA|PP755594.1|A/cattle/Texas/24-008749-003/2024(H5N1)	765	926
PA|PP755594.1|A/cattle/Texas/24-008749-003/2024(H5N1)	766	922
PA|PP755594.1|A/cattle/Texas/24-008749-003/2024(H5N1)	767	927
PA|PP755594.1|A/cattle/Texas/24-008749-003/2024(H5N1)	768	1031
PA|PP755594.1|A/cattle/Texas/24-008749-003/2024(H5N1)	769	1032
PA|PP755594.1|A/cattle/Texas/24-008749-003/2024(H5N1)	770	1055
PA|PP755594.1|A/cattle/Texas/24-008749-003/2024(H5N1)	771	1043
PA|PP755594.1|A/cattle/Texas/24-008749-003/2024(H5N1)	772	1019
PA|PP755594.1|A/cattle/Texas/24-008749-003/2024(H5N1)	773	1017
PA|PP755594.1|A/cattle/Texas/24-008749-003/2024(H5N1)	774	1006
PA|PP755594.1|A/cattle/Texas/24-008749-003/2024(H5N1)	775	1020
PA|PP755594.1|A/cattle/Texas/24-008749-003/2024(H5N1)	776	1014
PA|PP755594.1|A/cattle/Texas/24-008749-003/2024(H5N1)	777	1038
PA|PP755594.1|A/cattle/Texas/24-008749-003/2024(H5N1)	778	1042
PA|PP755594.1|A/cattle/Texas/24-008749-003/2024(H5N1)	779	1037
PA|PP755594.1|A/cattle/Texas/24-008749-003/2024(H5N1)	780	1038
PA|PP755594.1|A/cattle/Texas/24-008749-003/2024(H5N1)	781	1036
PA|PP755594.1|A/cattle/Texas/24-008749-003/2024(H5N1)	782	1047
PA|PP755594.1|A/cattle/Texas/24-008749-003/2024(H5N1)	783	1049
PA|PP755594.1|A/cattle/Texas/24-008749-003/2024(H5N1)	784	1043
PA|PP755594.1|A/cattle/Texas/24-008749-003/2024(H5N1)	785	1062
PA|PP755594.1|A/cattle/Texas/24-008749-003/2024(H5N1)	786	1063
PA|PP755594.1|A/cattle/Texas/24-008749-003/2024(H5N1)	787	1060
PA|PP755594.1|A/cattle/Texas/24-008749-003/2024(H5N1)	788	1054
PA|PP755594.1|A/cattle/Texas/24-008749-003/2024(H5N1)	789	1046
PA|PP755594.1|A/cattle/Texas/24-008749-003/2024(H5N1)	790	1062
PA|PP755594.1|A/cattle/Texas/24-008749-003/2024(H5N1)	791	1076
PA|PP755594.1|A/cattle/Texas/24-008749-003/2024(H5N1)	792	1077
PA|PP755594.1|A/cattle/Texas/24-008749-003/2024(H5N1)	793	1078
PA|PP755594.1|A/cattle/Texas/24-008749-003/2024(H5N1)	794	1054
PA|PP755594.1|A/cattle/Texas/24-008749-003/2024(H5N1)	795	1053
PA|PP755594.1|A/cattle/Texas/24-008749-003/2024(H5N1)	796	1049
PA|PP755594.1|A/cattle/Texas/24-008749-003/2024(H5N1)	797	1041
PA|PP755594.1|A/cattle/Texas/24-008749-003/2024(H5N1)	798	1037
PA|PP755594.1|A/cattle/Texas/24-008749-003/2024(H5N1)	799	1026
PA|PP755594.1|A/cattle/Texas/24-008749-003/2024(H5N1)	800	1028
PA|PP755594.1|A/cattle/Texas/24-008749-003/2024(H5N1)	801	1021
PA|PP755594.1|A/cattle/Texas/24-008749-003/2024(H5N1)	802	1015
PA|PP755594.1|A/cattle/Texas/24-008749-003/2024(H5N1)	803	1015
PA|PP755594.1|A/cattle/Texas/24-008749-003/2024(H5N1)	804	1018
PA|PP755594.1|A/cattle/Texas/24-008749-003/2024(H5N1)	805	1020
PA|PP755594.1|A/cattle/Texas/24-008749-003/2024(H5N1)	806	1014
PA|PP755594.1|A/cattle/Texas/24-008749-003/2024(H5N1)	807	1014
PA|PP755594.1|A/cattle/Texas/24-008749-003/2024(H5N1)	808	1014
PA|PP755594.1|A/cattle/Texas/24-008749-003/2024(H5N1)	809	978
PA|PP755594.1|A/cattle/Texas/24-008749-003/2024(H5N1)	810	978
PA|PP755594.1|A/cattle/Texas/24-008749-003/2024(H5N1)	811	980
PA|PP755594.1|A/cattle/Texas/24-008749-003/2024(H5N1)	812	975
PA|PP755594.1|A/cattle/Texas/24-008749-003/2024(H5N1)	813	970
PA|PP755594.1|A/cattle/Texas/24-008749-003/2024(H5N1)	814	977
PA|PP755594.1|A/cattle/Texas/24-008749-003/2024(H5N1)	815	983
PA|PP755594.1|A/cattle/Texas/24-008749-003/2024(H5N1)	816	982
PA|PP755594.1|A/cattle/Texas/24-008749-003/2024(H5N1)	817	976
PA|PP755594.1|A/cattle/Texas/24-008749-003/2024(H5N1)	818	976
PA|PP755594.1|A/cattle/Texas/24-008749-003/2024(H5N1)	819	941
PA|PP755594.1|A/cattle/Texas/24-008749-003/2024(H5N1)	820	935
PA|PP755594.1|A/cattle/Texas/24-008749-003/2024(H5N1)	821	929
PA|PP755594.1|A/cattle/Texas/24-008749-003/2024(H5N1)	822	922
PA|PP755594.1|A/cattle/Texas/24-008749-003/2024(H5N1)	823	922
PA|PP755594.1|A/cattle/Texas/24-008749-003/2024(H5N1)	824	907
PA|PP755594.1|A/cattle/Texas/24-008749-003/2024(H5N1)	825	903
PA|PP755594.1|A/cattle/Texas/24-008749-003/2024(H5N1)	826	889
PA|PP755594.1|A/cattle/Texas/24-008749-003/2024(H5N1)	827	889
PA|PP755594.1|A/cattle/Texas/24-008749-003/2024(H5N1)	828	811
PA|PP755594.1|A/cattle/Texas/24-008749-003/2024(H5N1)	829	809
PA|PP755594.1|A/cattle/Texas/24-008749-003/2024(H5N1)	830	809
PA|PP755594.1|A/cattle/Texas/24-008749-003/2024(H5N1)	831	809
PA|PP755594.1|A/cattle/Texas/24-008749-003/2024(H5N1)	832	809
PA|PP755594.1|A/cattle/Texas/24-008749-003/2024(H5N1)	833	809
PA|PP755594.1|A/cattle/Texas/24-008749-003/2024(H5N1)	834	808
PA|PP755594.1|A/cattle/Texas/24-008749-003/2024(H5N1)	835	790
PA|PP755594.1|A/cattle/Texas/24-008749-003/2024(H5N1)	836	755
PA|PP755594.1|A/cattle/Texas/24-008749-003/2024(H5N1)	837	755
PA|PP755594.1|A/cattle/Texas/24-008749-003/2024(H5N1)	838	755
PA|PP755594.1|A/cattle/Texas/24-008749-003/2024(H5N1)	839	747
PA|PP755594.1|A/cattle/Texas/24-008749-003/2024(H5N1)	840	698
PA|PP755594.1|A/cattle/Texas/24-008749-003/2024(H5N1)	841	693
PA|PP755594.1|A/cattle/Texas/24-008749-003/2024(H5N1)	842	685
PA|PP755594.1|A/cattle/Texas/24-008749-003/2024(H5N1)	843	678
PA|PP755594.1|A/cattle/Texas/24-008749-003/2024(H5N1)	844	678
PA|PP755594.1|A/cattle/Texas/24-008749-003/2024(H5N1)	845	678
PA|PP755594.1|A/cattle/Texas/24-008749-003/2024(H5N1)	846	653
PA|PP755594.1|A/cattle/Texas/24-008749-003/2024(H5N1)	847	650
PA|PP755594.1|A/cattle/Texas/24-008749-003/2024(H5N1)	848	653
PA|PP755594.1|A/cattle/Texas/24-008749-003/2024(H5N1)	849	657
PA|PP755594.1|A/cattle/Texas/24-008749-003/2024(H5N1)	850	667
PA|PP755594.1|A/cattle/Texas/24-008749-003/2024(H5N1)	851	667
PA|PP755594.1|A/cattle/Texas/24-008749-003/2024(H5N1)	852	667
PA|PP755594.1|A/cattle/Texas/24-008749-003/2024(H5N1)	853	667
PA|PP755594.1|A/cattle/Texas/24-008749-003/2024(H5N1)	854	667
PA|PP755594.1|A/cattle/Texas/24-008749-003/2024(H5N1)	855	667
PA|PP755594.1|A/cattle/Texas/24-008749-003/2024(H5N1)	856	664
PA|PP755594.1|A/cattle/Texas/24-008749-003/2024(H5N1)	857	664
PA|PP755594.1|A/cattle/Texas/24-008749-003/2024(H5N1)	858	654
PA|PP755594.1|A/cattle/Texas/24-008749-003/2024(H5N1)	859	653
PA|PP755594.1|A/cattle/Texas/24-008749-003/2024(H5N1)	860	651
PA|PP755594.1|A/cattle/Texas/24-008749-003/2024(H5N1)	861	489
PA|PP755594.1|A/cattle/Texas/24-008749-003/2024(H5N1)	862	490
PA|PP755594.1|A/cattle/Texas/24-008749-003/2024(H5N1)	863	490
PA|PP755594.1|A/cattle/Texas/24-008749-003/2024(H5N1)	864	490
PA|PP755594.1|A/cattle/Texas/24-008749-003/2024(H5N1)	865	491
PA|PP755594.1|A/cattle/Texas/24-008749-003/2024(H5N1)	866	491
PA|PP755594.1|A/cattle/Texas/24-008749-003/2024(H5N1)	867	491
PA|PP755594.1|A/cattle/Texas/24-008749-003/2024(H5N1)	868	493
PA|PP755594.1|A/cattle/Texas/24-008749-003/2024(H5N1)	869	493
PA|PP755594.1|A/cattle/Texas/24-008749-003/2024(H5N1)	870	496
PA|PP755594.1|A/cattle/Texas/24-008749-003/2024(H5N1)	871	736
PA|PP755594.1|A/cattle/Texas/24-008749-003/2024(H5N1)	872	749
PA|PP755594.1|A/cattle/Texas/24-008749-003/2024(H5N1)	873	752
PA|PP755594.1|A/cattle/Texas/24-008749-003/2024(H5N1)	874	754
PA|PP755594.1|A/cattle/Texas/24-008749-003/2024(H5N1)	875	757
PA|PP755594.1|A/cattle/Texas/24-008749-003/2024(H5N1)	876	757
PA|PP755594.1|A/cattle/Texas/24-008749-003/2024(H5N1)	877	765
PA|PP755594.1|A/cattle/Texas/24-008749-003/2024(H5N1)	878	777
PA|PP755594.1|A/cattle/Texas/24-008749-003/2024(H5N1)	879	777
PA|PP755594.1|A/cattle/Texas/24-008749-003/2024(H5N1)	880	784
PA|PP755594.1|A/cattle/Texas/24-008749-003/2024(H5N1)	881	792
PA|PP755594.1|A/cattle/Texas/24-008749-003/2024(H5N1)	882	795
PA|PP755594.1|A/cattle/Texas/24-008749-003/2024(H5N1)	883	796
PA|PP755594.1|A/cattle/Texas/24-008749-003/2024(H5N1)	884	796
PA|PP755594.1|A/cattle/Texas/24-008749-003/2024(H5N1)	885	799
PA|PP755594.1|A/cattle/Texas/24-008749-003/2024(H5N1)	886	815
PA|PP755594.1|A/cattle/Texas/24-008749-003/2024(H5N1)	887	820
PA|PP755594.1|A/cattle/Texas/24-008749-003/2024(H5N1)	888	829
PA|PP755594.1|A/cattle/Texas/24-008749-003/2024(H5N1)	889	834
PA|PP755594.1|A/cattle/Texas/24-008749-003/2024(H5N1)	890	837
PA|PP755594.1|A/cattle/Texas/24-008749-003/2024(H5N1)	891	875
PA|PP755594.1|A/cattle/Texas/24-008749-003/2024(H5N1)	892	876
PA|PP755594.1|A/cattle/Texas/24-008749-003/2024(H5N1)	893	882
PA|PP755594.1|A/cattle/Texas/24-008749-003/2024(H5N1)	894	894
PA|PP755594.1|A/cattle/Texas/24-008749-003/2024(H5N1)	895	903
PA|PP755594.1|A/cattle/Texas/24-008749-003/2024(H5N1)	896	900
PA|PP755594.1|A/cattle/Texas/24-008749-003/2024(H5N1)	897	886
PA|PP755594.1|A/cattle/Texas/24-008749-003/2024(H5N1)	898	877
PA|PP755594.1|A/cattle/Texas/24-008749-003/2024(H5N1)	899	876
PA|PP755594.1|A/cattle/Texas/24-008749-003/2024(H5N1)	900	902
PA|PP755594.1|A/cattle/Texas/24-008749-003/2024(H5N1)	901	910
PA|PP755594.1|A/cattle/Texas/24-008749-003/2024(H5N1)	902	994
PA|PP755594.1|A/cattle/Texas/24-008749-003/2024(H5N1)	903	989
PA|PP755594.1|A/cattle/Texas/24-008749-003/2024(H5N1)	904	985
PA|PP755594.1|A/cattle/Texas/24-008749-003/2024(H5N1)	905	981
PA|PP755594.1|A/cattle/Texas/24-008749-003/2024(H5N1)	906	981
PA|PP755594.1|A/cattle/Texas/24-008749-003/2024(H5N1)	907	1080
PA|PP755594.1|A/cattle/Texas/24-008749-003/2024(H5N1)	908	1081
PA|PP755594.1|A/cattle/Texas/24-008749-003/2024(H5N1)	909	1060
PA|PP755594.1|A/cattle/Texas/24-008749-003/2024(H5N1)	910	1073
PA|PP755594.1|A/cattle/Texas/24-008749-003/2024(H5N1)	911	1010
PA|PP755594.1|A/cattle/Texas/24-008749-003/2024(H5N1)	912	1034
PA|PP755594.1|A/cattle/Texas/24-008749-003/2024(H5N1)	913	1033
PA|PP755594.1|A/cattle/Texas/24-008749-003/2024(H5N1)	914	1033
PA|PP755594.1|A/cattle/Texas/24-008749-003/2024(H5N1)	915	1025
PA|PP755594.1|A/cattle/Texas/24-008749-003/2024(H5N1)	916	945
PA|PP755594.1|A/cattle/Texas/24-008749-003/2024(H5N1)	917	961
PA|PP755594.1|A/cattle/Texas/24-008749-003/2024(H5N1)	918	956
PA|PP755594.1|A/cattle/Texas/24-008749-003/2024(H5N1)	919	966
PA|PP755594.1|A/cattle/Texas/24-008749-003/2024(H5N1)	920	968
PA|PP755594.1|A/cattle/Texas/24-008749-003/2024(H5N1)	921	941
PA|PP755594.1|A/cattle/Texas/24-008749-003/2024(H5N1)	922	946
PA|PP755594.1|A/cattle/Texas/24-008749-003/2024(H5N1)	923	947
PA|PP755594.1|A/cattle/Texas/24-008749-003/2024(H5N1)	924	949
PA|PP755594.1|A/cattle/Texas/24-008749-003/2024(H5N1)	925	947
PA|PP755594.1|A/cattle/Texas/24-008749-003/2024(H5N1)	926	942
PA|PP755594.1|A/cattle/Texas/24-008749-003/2024(H5N1)	927	943
PA|PP755594.1|A/cattle/Texas/24-008749-003/2024(H5N1)	928	917
PA|PP755594.1|A/cattle/Texas/24-008749-003/2024(H5N1)	929	915
PA|PP755594.1|A/cattle/Texas/24-008749-003/2024(H5N1)	930	917
PA|PP755594.1|A/cattle/Texas/24-008749-003/2024(H5N1)	931	916
PA|PP755594.1|A/cattle/Texas/24-008749-003/2024(H5N1)	932	920
PA|PP755594.1|A/cattle/Texas/24-008749-003/2024(H5N1)	933	919
PA|PP755594.1|A/cattle/Texas/24-008749-003/2024(H5N1)	934	925
PA|PP755594.1|A/cattle/Texas/24-008749-003/2024(H5N1)	935	922
PA|PP755594.1|A/cattle/Texas/24-008749-003/2024(H5N1)	936	909
PA|PP755594.1|A/cattle/Texas/24-008749-003/2024(H5N1)	937	908
PA|PP755594.1|A/cattle/Texas/24-008749-003/2024(H5N1)	938	914
PA|PP755594.1|A/cattle/Texas/24-008749-003/2024(H5N1)	939	911
PA|PP755594.1|A/cattle/Texas/24-008749-003/2024(H5N1)	940	910
PA|PP755594.1|A/cattle/Texas/24-008749-003/2024(H5N1)	941	894
PA|PP755594.1|A/cattle/Texas/24-008749-003/2024(H5N1)	942	879
PA|PP755594.1|A/cattle/Texas/24-008749-003/2024(H5N1)	943	876
PA|PP755594.1|A/cattle/Texas/24-008749-003/2024(H5N1)	944	874
PA|PP755594.1|A/cattle/Texas/24-008749-003/2024(H5N1)	945	869
PA|PP755594.1|A/cattle/Texas/24-008749-003/2024(H5N1)	946	868
PA|PP755594.1|A/cattle/Texas/24-008749-003/2024(H5N1)	947	868
PA|PP755594.1|A/cattle/Texas/24-008749-003/2024(H5N1)	948	853
PA|PP755594.1|A/cattle/Texas/24-008749-003/2024(H5N1)	949	848
PA|PP755594.1|A/cattle/Texas/24-008749-003/2024(H5N1)	950	848
PA|PP755594.1|A/cattle/Texas/24-008749-003/2024(H5N1)	951	848
PA|PP755594.1|A/cattle/Texas/24-008749-003/2024(H5N1)	952	847
PA|PP755594.1|A/cattle/Texas/24-008749-003/2024(H5N1)	953	844
PA|PP755594.1|A/cattle/Texas/24-008749-003/2024(H5N1)	954	842
PA|PP755594.1|A/cattle/Texas/24-008749-003/2024(H5N1)	955	835
PA|PP755594.1|A/cattle/Texas/24-008749-003/2024(H5N1)	956	830
PA|PP755594.1|A/cattle/Texas/24-008749-003/2024(H5N1)	957	830
PA|PP755594.1|A/cattle/Texas/24-008749-003/2024(H5N1)	958	830
PA|PP755594.1|A/cattle/Texas/24-008749-003/2024(H5N1)	959	826
PA|PP755594.1|A/cattle/Texas/24-008749-003/2024(H5N1)	960	824
PA|PP755594.1|A/cattle/Texas/24-008749-003/2024(H5N1)	961	816
PA|PP755594.1|A/cattle/Texas/24-008749-003/2024(H5N1)	962	814
PA|PP755594.1|A/cattle/Texas/24-008749-003/2024(H5N1)	963	516
PA|PP755594.1|A/cattle/Texas/24-008749-003/2024(H5N1)	964	515
PA|PP755594.1|A/cattle/Texas/24-008749-003/2024(H5N1)	965	515
PA|PP755594.1|A/cattle/Texas/24-008749-003/2024(H5N1)	966	516
PA|PP755594.1|A/cattle/Texas/24-008749-003/2024(H5N1)	967	514
PA|PP755594.1|A/cattle/Texas/24-008749-003/2024(H5N1)	968	514
PA|PP755594.1|A/cattle/Texas/24-008749-003/2024(H5N1)	969	514
PA|PP755594.1|A/cattle/Texas/24-008749-003/2024(H5N1)	970	516
PA|PP755594.1|A/cattle/Texas/24-008749-003/2024(H5N1)	971	516
PA|PP755594.1|A/cattle/Texas/24-008749-003/2024(H5N1)	972	516
PA|PP755594.1|A/cattle/Texas/24-008749-003/2024(H5N1)	973	518
PA|PP755594.1|A/cattle/Texas/24-008749-003/2024(H5N1)	974	545
PA|PP755594.1|A/cattle/Texas/24-008749-003/2024(H5N1)	975	545
PA|PP755594.1|A/cattle/Texas/24-008749-003/2024(H5N1)	976	561
PA|PP755594.1|A/cattle/Texas/24-008749-003/2024(H5N1)	977	563
PA|PP755594.1|A/cattle/Texas/24-008749-003/2024(H5N1)	978	563
PA|PP755594.1|A/cattle/Texas/24-008749-003/2024(H5N1)	979	566
PA|PP755594.1|A/cattle/Texas/24-008749-003/2024(H5N1)	980	566
PA|PP755594.1|A/cattle/Texas/24-008749-003/2024(H5N1)	981	566
PA|PP755594.1|A/cattle/Texas/24-008749-003/2024(H5N1)	982	567
PA|PP755594.1|A/cattle/Texas/24-008749-003/2024(H5N1)	983	567
PA|PP755594.1|A/cattle/Texas/24-008749-003/2024(H5N1)	984	572
PA|PP755594.1|A/cattle/Texas/24-008749-003/2024(H5N1)	985	762
PA|PP755594.1|A/cattle/Texas/24-008749-003/2024(H5N1)	986	778
PA|PP755594.1|A/cattle/Texas/24-008749-003/2024(H5N1)	987	784
PA|PP755594.1|A/cattle/Texas/24-008749-003/2024(H5N1)	988	785
PA|PP755594.1|A/cattle/Texas/24-008749-003/2024(H5N1)	989	785
PA|PP755594.1|A/cattle/Texas/24-008749-003/2024(H5N1)	990	791
PA|PP755594.1|A/cattle/Texas/24-008749-003/2024(H5N1)	991	797
PA|PP755594.1|A/cattle/Texas/24-008749-003/2024(H5N1)	992	803
PA|PP755594.1|A/cattle/Texas/24-008749-003/2024(H5N1)	993	823
PA|PP755594.1|A/cattle/Texas/24-008749-003/2024(H5N1)	994	823
PA|PP755594.1|A/cattle/Texas/24-008749-003/2024(H5N1)	995	824
PA|PP755594.1|A/cattle/Texas/24-008749-003/2024(H5N1)	996	825
PA|PP755594.1|A/cattle/Texas/24-008749-003/2024(H5N1)	997	845
PA|PP755594.1|A/cattle/Texas/24-008749-003/2024(H5N1)	998	845
PA|PP755594.1|A/cattle/Texas/24-008749-003/2024(H5N1)	999	845
PA|PP755594.1|A/cattle/Texas/24-008749-003/2024(H5N1)	1000	845
PA|PP755594.1|A/cattle/Texas/24-008749-003/2024(H5N1)	1001	845
PA|PP755594.1|A/cattle/Texas/24-008749-003/2024(H5N1)	1002	846
PA|PP755594.1|A/cattle/Texas/24-008749-003/2024(H5N1)	1003	878
PA|PP755594.1|A/cattle/Texas/24-008749-003/2024(H5N1)	1004	878
PA|PP755594.1|A/cattle/Texas/24-008749-003/2024(H5N1)	1005	880
PA|PP755594.1|A/cattle/Texas/24-008749-003/2024(H5N1)	1006	880
PA|PP755594.1|A/cattle/Texas/24-008749-003/2024(H5N1)	1007	930
PA|PP755594.1|A/cattle/Texas/24-008749-003/2024(H5N1)	1008	939
PA|PP755594.1|A/cattle/Texas/24-008749-003/2024(H5N1)	1009	948
PA|PP755594.1|A/cattle/Texas/24-008749-003/2024(H5N1)	1010	965
PA|PP755594.1|A/cattle/Texas/24-008749-003/2024(H5N1)	1011	966
PA|PP755594.1|A/cattle/Texas/24-008749-003/2024(H5N1)	1012	966
PA|PP755594.1|A/cattle/Texas/24-008749-003/2024(H5N1)	1013	968
PA|PP755594.1|A/cattle/Texas/24-008749-003/2024(H5N1)	1014	971
PA|PP755594.1|A/cattle/Texas/24-008749-003/2024(H5N1)	1015	982
PA|PP755594.1|A/cattle/Texas/24-008749-003/2024(H5N1)	1016	983
PA|PP755594.1|A/cattle/Texas/24-008749-003/2024(H5N1)	1017	981
PA|PP755594.1|A/cattle/Texas/24-008749-003/2024(H5N1)	1018	977
PA|PP755594.1|A/cattle/Texas/24-008749-003/2024(H5N1)	1019	974
PA|PP755594.1|A/cattle/Texas/24-008749-003/2024(H5N1)	1020	976
PA|PP755594.1|A/cattle/Texas/24-008749-003/2024(H5N1)	1021	981
PA|PP755594.1|A/cattle/Texas/24-008749-003/2024(H5N1)	1022	985
PA|PP755594.1|A/cattle/Texas/24-008749-003/2024(H5N1)	1023	974
PA|PP755594.1|A/cattle/Texas/24-008749-003/2024(H5N1)	1024	1015
PA|PP755594.1|A/cattle/Texas/24-008749-003/2024(H5N1)	1025	1015
PA|PP755594.1|A/cattle/Texas/24-008749-003/2024(H5N1)	1026	1013
PA|PP755594.1|A/cattle/Texas/24-008749-003/2024(H5N1)	1027	1018
PA|PP755594.1|A/cattle/Texas/24-008749-003/2024(H5N1)	1028	1023
PA|PP755594.1|A/cattle/Texas/24-008749-003/2024(H5N1)	1029	1010
PA|PP755594.1|A/cattle/Texas/24-008749-003/2024(H5N1)	1030	1014
PA|PP755594.1|A/cattle/Texas/24-008749-003/2024(H5N1)	1031	1000
PA|PP755594.1|A/cattle/Texas/24-008749-003/2024(H5N1)	1032	1010
PA|PP755594.1|A/cattle/Texas/24-008749-003/2024(H5N1)	1033	1008
PA|PP755594.1|A/cattle/Texas/24-008749-003/2024(H5N1)	1034	1006
PA|PP755594.1|A/cattle/Texas/24-008749-003/2024(H5N1)	1035	977
PA|PP755594.1|A/cattle/Texas/24-008749-003/2024(H5N1)	1036	962
PA|PP755594.1|A/cattle/Texas/24-008749-003/2024(H5N1)	1037	961
PA|PP755594.1|A/cattle/Texas/24-008749-003/2024(H5N1)	1038	958
PA|PP755594.1|A/cattle/Texas/24-008749-003/2024(H5N1)	1039	963
PA|PP755594.1|A/cattle/Texas/24-008749-003/2024(H5N1)	1040	965
PA|PP755594.1|A/cattle/Texas/24-008749-003/2024(H5N1)	1041	967
PA|PP755594.1|A/cattle/Texas/24-008749-003/2024(H5N1)	1042	913
PA|PP755594.1|A/cattle/Texas/24-008749-003/2024(H5N1)	1043	1032
PA|PP755594.1|A/cattle/Texas/24-008749-003/2024(H5N1)	1044	1037
PA|PP755594.1|A/cattle/Texas/24-008749-003/2024(H5N1)	1045	1038
PA|PP755594.1|A/cattle/Texas/24-008749-003/2024(H5N1)	1046	1025
PA|PP755594.1|A/cattle/Texas/24-008749-003/2024(H5N1)	1047	1028
PA|PP755594.1|A/cattle/Texas/24-008749-003/2024(H5N1)	1048	1037
PA|PP755594.1|A/cattle/Texas/24-008749-003/2024(H5N1)	1049	1043
PA|PP755594.1|A/cattle/Texas/24-008749-003/2024(H5N1)	1050	1040
PA|PP755594.1|A/cattle/Texas/24-008749-003/2024(H5N1)	1051	1011
PA|PP755594.1|A/cattle/Texas/24-008749-003/2024(H5N1)	1052	1010
PA|PP755594.1|A/cattle/Texas/24-008749-003/2024(H5N1)	1053	944
PA|PP755594.1|A/cattle/Texas/24-008749-003/2024(H5N1)	1054	951
PA|PP755594.1|A/cattle/Texas/24-008749-003/2024(H5N1)	1055	963
PA|PP755594.1|A/cattle/Texas/24-008749-003/2024(H5N1)	1056	964
PA|PP755594.1|A/cattle/Texas/24-008749-003/2024(H5N1)	1057	990
PA|PP755594.1|A/cattle/Texas/24-008749-003/2024(H5N1)	1058	897
PA|PP755594.1|A/cattle/Texas/24-008749-003/2024(H5N1)	1059	894
PA|PP755594.1|A/cattle/Texas/24-008749-003/2024(H5N1)	1060	898
PA|PP755594.1|A/cattle/Texas/24-008749-003/2024(H5N1)	1061	895
PA|PP755594.1|A/cattle/Texas/24-008749-003/2024(H5N1)	1062	894
PA|PP755594.1|A/cattle/Texas/24-008749-003/2024(H5N1)	1063	873
PA|PP755594.1|A/cattle/Texas/24-008749-003/2024(H5N1)	1064	872
PA|PP755594.1|A/cattle/Texas/24-008749-003/2024(H5N1)	1065	873
PA|PP755594.1|A/cattle/Texas/24-008749-003/2024(H5N1)	1066	874
PA|PP755594.1|A/cattle/Texas/24-008749-003/2024(H5N1)	1067	869
PA|PP755594.1|A/cattle/Texas/24-008749-003/2024(H5N1)	1068	855
PA|PP755594.1|A/cattle/Texas/24-008749-003/2024(H5N1)	1069	857
PA|PP755594.1|A/cattle/Texas/24-008749-003/2024(H5N1)	1070	838
PA|PP755594.1|A/cattle/Texas/24-008749-003/2024(H5N1)	1071	840
PA|PP755594.1|A/cattle/Texas/24-008749-003/2024(H5N1)	1072	879
PA|PP755594.1|A/cattle/Texas/24-008749-003/2024(H5N1)	1073	879
PA|PP755594.1|A/cattle/Texas/24-008749-003/2024(H5N1)	1074	883
PA|PP755594.1|A/cattle/Texas/24-008749-003/2024(H5N1)	1075	885
PA|PP755594.1|A/cattle/Texas/24-008749-003/2024(H5N1)	1076	903
PA|PP755594.1|A/cattle/Texas/24-008749-003/2024(H5N1)	1077	899
PA|PP755594.1|A/cattle/Texas/24-008749-003/2024(H5N1)	1078	903
PA|PP755594.1|A/cattle/Texas/24-008749-003/2024(H5N1)	1079	905
PA|PP755594.1|A/cattle/Texas/24-008749-003/2024(H5N1)	1080	919
PA|PP755594.1|A/cattle/Texas/24-008749-003/2024(H5N1)	1081	915
PA|PP755594.1|A/cattle/Texas/24-008749-003/2024(H5N1)	1082	915
PA|PP755594.1|A/cattle/Texas/24-008749-003/2024(H5N1)	1083	916
PA|PP755594.1|A/cattle/Texas/24-008749-003/2024(H5N1)	1084	911
PA|PP755594.1|A/cattle/Texas/24-008749-003/2024(H5N1)	1085	912
PA|PP755594.1|A/cattle/Texas/24-008749-003/2024(H5N1)	1086	910
PA|PP755594.1|A/cattle/Texas/24-008749-003/2024(H5N1)	1087	917
PA|PP755594.1|A/cattle/Texas/24-008749-003/2024(H5N1)	1088	918
PA|PP755594.1|A/cattle/Texas/24-008749-003/2024(H5N1)	1089	907
PA|PP755594.1|A/cattle/Texas/24-008749-003/2024(H5N1)	1090	908
PA|PP755594.1|A/cattle/Texas/24-008749-003/2024(H5N1)	1091	912
PA|PP755594.1|A/cattle/Texas/24-008749-003/2024(H5N1)	1092	918
PA|PP755594.1|A/cattle/Texas/24-008749-003/2024(H5N1)	1093	937
PA|PP755594.1|A/cattle/Texas/24-008749-003/2024(H5N1)	1094	935
PA|PP755594.1|A/cattle/Texas/24-008749-003/2024(H5N1)	1095	940
PA|PP755594.1|A/cattle/Texas/24-008749-003/2024(H5N1)	1096	941
PA|PP755594.1|A/cattle/Texas/24-008749-003/2024(H5N1)	1097	948
PA|PP755594.1|A/cattle/Texas/24-008749-003/2024(H5N1)	1098	936
PA|PP755594.1|A/cattle/Texas/24-008749-003/2024(H5N1)	1099	947
PA|PP755594.1|A/cattle/Texas/24-008749-003/2024(H5N1)	1100	955
PA|PP755594.1|A/cattle/Texas/24-008749-003/2024(H5N1)	1101	948
PA|PP755594.1|A/cattle/Texas/24-008749-003/2024(H5N1)	1102	917
PA|PP755594.1|A/cattle/Texas/24-008749-003/2024(H5N1)	1103	916
PA|PP755594.1|A/cattle/Texas/24-008749-003/2024(H5N1)	1104	923
PA|PP755594.1|A/cattle/Texas/24-008749-003/2024(H5N1)	1105	926
PA|PP755594.1|A/cattle/Texas/24-008749-003/2024(H5N1)	1106	927
PA|PP755594.1|A/cattle/Texas/24-008749-003/2024(H5N1)	1107	923
PA|PP755594.1|A/cattle/Texas/24-008749-003/2024(H5N1)	1108	924
PA|PP755594.1|A/cattle/Texas/24-008749-003/2024(H5N1)	1109	915
PA|PP755594.1|A/cattle/Texas/24-008749-003/2024(H5N1)	1110	911
PA|PP755594.1|A/cattle/Texas/24-008749-003/2024(H5N1)	1111	947
PA|PP755594.1|A/cattle/Texas/24-008749-003/2024(H5N1)	1112	944
PA|PP755594.1|A/cattle/Texas/24-008749-003/2024(H5N1)	1113	961
PA|PP755594.1|A/cattle/Texas/24-008749-003/2024(H5N1)	1114	963
PA|PP755594.1|A/cattle/Texas/24-008749-003/2024(H5N1)	1115	959
PA|PP755594.1|A/cattle/Texas/24-008749-003/2024(H5N1)	1116	987
PA|PP755594.1|A/cattle/Texas/24-008749-003/2024(H5N1)	1117	964
PA|PP755594.1|A/cattle/Texas/24-008749-003/2024(H5N1)	1118	975
PA|PP755594.1|A/cattle/Texas/24-008749-003/2024(H5N1)	1119	974
PA|PP755594.1|A/cattle/Texas/24-008749-003/2024(H5N1)	1120	954
PA|PP755594.1|A/cattle/Texas/24-008749-003/2024(H5N1)	1121	955
PA|PP755594.1|A/cattle/Texas/24-008749-003/2024(H5N1)	1122	955
PA|PP755594.1|A/cattle/Texas/24-008749-003/2024(H5N1)	1123	956
PA|PP755594.1|A/cattle/Texas/24-008749-003/2024(H5N1)	1124	954
PA|PP755594.1|A/cattle/Texas/24-008749-003/2024(H5N1)	1125	911
PA|PP755594.1|A/cattle/Texas/24-008749-003/2024(H5N1)	1126	901
PA|PP755594.1|A/cattle/Texas/24-008749-003/2024(H5N1)	1127	893
PA|PP755594.1|A/cattle/Texas/24-008749-003/2024(H5N1)	1128	893
PA|PP755594.1|A/cattle/Texas/24-008749-003/2024(H5N1)	1129	954
PA|PP755594.1|A/cattle/Texas/24-008749-003/2024(H5N1)	1130	958
PA|PP755594.1|A/cattle/Texas/24-008749-003/2024(H5N1)	1131	958
PA|PP755594.1|A/cattle/Texas/24-008749-003/2024(H5N1)	1132	961
PA|PP755594.1|A/cattle/Texas/24-008749-003/2024(H5N1)	1133	970
PA|PP755594.1|A/cattle/Texas/24-008749-003/2024(H5N1)	1134	971
PA|PP755594.1|A/cattle/Texas/24-008749-003/2024(H5N1)	1135	967
PA|PP755594.1|A/cattle/Texas/24-008749-003/2024(H5N1)	1136	958
PA|PP755594.1|A/cattle/Texas/24-008749-003/2024(H5N1)	1137	944
PA|PP755594.1|A/cattle/Texas/24-008749-003/2024(H5N1)	1138	943
PA|PP755594.1|A/cattle/Texas/24-008749-003/2024(H5N1)	1139	972
PA|PP755594.1|A/cattle/Texas/24-008749-003/2024(H5N1)	1140	971
PA|PP755594.1|A/cattle/Texas/24-008749-003/2024(H5N1)	1141	965
PA|PP755594.1|A/cattle/Texas/24-008749-003/2024(H5N1)	1142	964
PA|PP755594.1|A/cattle/Texas/24-008749-003/2024(H5N1)	1143	960
PA|PP755594.1|A/cattle/Texas/24-008749-003/2024(H5N1)	1144	942
PA|PP755594.1|A/cattle/Texas/24-008749-003/2024(H5N1)	1145	945
PA|PP755594.1|A/cattle/Texas/24-008749-003/2024(H5N1)	1146	946
PA|PP755594.1|A/cattle/Texas/24-008749-003/2024(H5N1)	1147	949
PA|PP755594.1|A/cattle/Texas/24-008749-003/2024(H5N1)	1148	930
PA|PP755594.1|A/cattle/Texas/24-008749-003/2024(H5N1)	1149	946
PA|PP755594.1|A/cattle/Texas/24-008749-003/2024(H5N1)	1150	962
PA|PP755594.1|A/cattle/Texas/24-008749-003/2024(H5N1)	1151	961
PA|PP755594.1|A/cattle/Texas/24-008749-003/2024(H5N1)	1152	960
PA|PP755594.1|A/cattle/Texas/24-008749-003/2024(H5N1)	1153	959
PA|PP755594.1|A/cattle/Texas/24-008749-003/2024(H5N1)	1154	945
PA|PP755594.1|A/cattle/Texas/24-008749-003/2024(H5N1)	1155	940
PA|PP755594.1|A/cattle/Texas/24-008749-003/2024(H5N1)	1156	953
PA|PP755594.1|A/cattle/Texas/24-008749-003/2024(H5N1)	1157	953
PA|PP755594.1|A/cattle/Texas/24-008749-003/2024(H5N1)	1158	899
PA|PP755594.1|A/cattle/Texas/24-008749-003/2024(H5N1)	1159	893
PA|PP755594.1|A/cattle/Texas/24-008749-003/2024(H5N1)	1160	871
PA|PP755594.1|A/cattle/Texas/24-008749-003/2024(H5N1)	1161	869
PA|PP755594.1|A/cattle/Texas/24-008749-003/2024(H5N1)	1162	865
PA|PP755594.1|A/cattle/Texas/24-008749-003/2024(H5N1)	1163	866
PA|PP755594.1|A/cattle/Texas/24-008749-003/2024(H5N1)	1164	860
PA|PP755594.1|A/cattle/Texas/24-008749-003/2024(H5N1)	1165	850
PA|PP755594.1|A/cattle/Texas/24-008749-003/2024(H5N1)	1166	850
PA|PP755594.1|A/cattle/Texas/24-008749-003/2024(H5N1)	1167	846
PA|PP755594.1|A/cattle/Texas/24-008749-003/2024(H5N1)	1168	846
PA|PP755594.1|A/cattle/Texas/24-008749-003/2024(H5N1)	1169	845
PA|PP755594.1|A/cattle/Texas/24-008749-003/2024(H5N1)	1170	840
PA|PP755594.1|A/cattle/Texas/24-008749-003/2024(H5N1)	1171	833
PA|PP755594.1|A/cattle/Texas/24-008749-003/2024(H5N1)	1172	817
PA|PP755594.1|A/cattle/Texas/24-008749-003/2024(H5N1)	1173	811
PA|PP755594.1|A/cattle/Texas/24-008749-003/2024(H5N1)	1174	811
PA|PP755594.1|A/cattle/Texas/24-008749-003/2024(H5N1)	1175	756
PA|PP755594.1|A/cattle/Texas/24-008749-003/2024(H5N1)	1176	756
PA|PP755594.1|A/cattle/Texas/24-008749-003/2024(H5N1)	1177	749
PA|PP755594.1|A/cattle/Texas/24-008749-003/2024(H5N1)	1178	745
PA|PP755594.1|A/cattle/Texas/24-008749-003/2024(H5N1)	1179	548
PA|PP755594.1|A/cattle/Texas/24-008749-003/2024(H5N1)	1180	548
PA|PP755594.1|A/cattle/Texas/24-008749-003/2024(H5N1)	1181	544
PA|PP755594.1|A/cattle/Texas/24-008749-003/2024(H5N1)	1182	544
PA|PP755594.1|A/cattle/Texas/24-008749-003/2024(H5N1)	1183	544
PA|PP755594.1|A/cattle/Texas/24-008749-003/2024(H5N1)	1184	544
PA|PP755594.1|A/cattle/Texas/24-008749-003/2024(H5N1)	1185	518
PA|PP755594.1|A/cattle/Texas/24-008749-003/2024(H5N1)	1186	518
PA|PP755594.1|A/cattle/Texas/24-008749-003/2024(H5N1)	1187	518
PA|PP755594.1|A/cattle/Texas/24-008749-003/2024(H5N1)	1188	518
PA|PP755594.1|A/cattle/Texas/24-008749-003/2024(H5N1)	1189	518
PA|PP755594.1|A/cattle/Texas/24-008749-003/2024(H5N1)	1190	518
PA|PP755594.1|A/cattle/Texas/24-008749-003/2024(H5N1)	1191	518
PA|PP755594.1|A/cattle/Texas/24-008749-003/2024(H5N1)	1192	638
PA|PP755594.1|A/cattle/Texas/24-008749-003/2024(H5N1)	1193	638
PA|PP755594.1|A/cattle/Texas/24-008749-003/2024(H5N1)	1194	638
PA|PP755594.1|A/cattle/Texas/24-008749-003/2024(H5N1)	1195	638
PA|PP755594.1|A/cattle/Texas/24-008749-003/2024(H5N1)	1196	638
PA|PP755594.1|A/cattle/Texas/24-008749-003/2024(H5N1)	1197	639
PA|PP755594.1|A/cattle/Texas/24-008749-003/2024(H5N1)	1198	639
PA|PP755594.1|A/cattle/Texas/24-008749-003/2024(H5N1)	1199	699
PA|PP755594.1|A/cattle/Texas/24-008749-003/2024(H5N1)	1200	704
PA|PP755594.1|A/cattle/Texas/24-008749-003/2024(H5N1)	1201	704
PA|PP755594.1|A/cattle/Texas/24-008749-003/2024(H5N1)	1202	704
PA|PP755594.1|A/cattle/Texas/24-008749-003/2024(H5N1)	1203	704
PA|PP755594.1|A/cattle/Texas/24-008749-003/2024(H5N1)	1204	704
PA|PP755594.1|A/cattle/Texas/24-008749-003/2024(H5N1)	1205	690
PA|PP755594.1|A/cattle/Texas/24-008749-003/2024(H5N1)	1206	664
PA|PP755594.1|A/cattle/Texas/24-008749-003/2024(H5N1)	1207	664
PA|PP755594.1|A/cattle/Texas/24-008749-003/2024(H5N1)	1208	664
PA|PP755594.1|A/cattle/Texas/24-008749-003/2024(H5N1)	1209	664
PA|PP755594.1|A/cattle/Texas/24-008749-003/2024(H5N1)	1210	664
PA|PP755594.1|A/cattle/Texas/24-008749-003/2024(H5N1)	1211	656
PA|PP755594.1|A/cattle/Texas/24-008749-003/2024(H5N1)	1212	655
PA|PP755594.1|A/cattle/Texas/24-008749-003/2024(H5N1)	1213	655
PA|PP755594.1|A/cattle/Texas/24-008749-003/2024(H5N1)	1214	655
PA|PP755594.1|A/cattle/Texas/24-008749-003/2024(H5N1)	1215	655
PA|PP755594.1|A/cattle/Texas/24-008749-003/2024(H5N1)	1216	722
PA|PP755594.1|A/cattle/Texas/24-008749-003/2024(H5N1)	1217	722
PA|PP755594.1|A/cattle/Texas/24-008749-003/2024(H5N1)	1218	722
PA|PP755594.1|A/cattle/Texas/24-008749-003/2024(H5N1)	1219	728
PA|PP755594.1|A/cattle/Texas/24-008749-003/2024(H5N1)	1220	728
PA|PP755594.1|A/cattle/Texas/24-008749-003/2024(H5N1)	1221	726
PA|PP755594.1|A/cattle/Texas/24-008749-003/2024(H5N1)	1222	733
PA|PP755594.1|A/cattle/Texas/24-008749-003/2024(H5N1)	1223	733
PA|PP755594.1|A/cattle/Texas/24-008749-003/2024(H5N1)	1224	742
PA|PP755594.1|A/cattle/Texas/24-008749-003/2024(H5N1)	1225	760
PA|PP755594.1|A/cattle/Texas/24-008749-003/2024(H5N1)	1226	759
PA|PP755594.1|A/cattle/Texas/24-008749-003/2024(H5N1)	1227	748
PA|PP755594.1|A/cattle/Texas/24-008749-003/2024(H5N1)	1228	758
PA|PP755594.1|A/cattle/Texas/24-008749-003/2024(H5N1)	1229	760
PA|PP755594.1|A/cattle/Texas/24-008749-003/2024(H5N1)	1230	760
PA|PP755594.1|A/cattle/Texas/24-008749-003/2024(H5N1)	1231	745
PA|PP755594.1|A/cattle/Texas/24-008749-003/2024(H5N1)	1232	744
PA|PP755594.1|A/cattle/Texas/24-008749-003/2024(H5N1)	1233	741
PA|PP755594.1|A/cattle/Texas/24-008749-003/2024(H5N1)	1234	741
PA|PP755594.1|A/cattle/Texas/24-008749-003/2024(H5N1)	1235	741
PA|PP755594.1|A/cattle/Texas/24-008749-003/2024(H5N1)	1236	730
PA|PP755594.1|A/cattle/Texas/24-008749-003/2024(H5N1)	1237	720
PA|PP755594.1|A/cattle/Texas/24-008749-003/2024(H5N1)	1238	720
PA|PP755594.1|A/cattle/Texas/24-008749-003/2024(H5N1)	1239	718
PA|PP755594.1|A/cattle/Texas/24-008749-003/2024(H5N1)	1240	717
PA|PP755594.1|A/cattle/Texas/24-008749-003/2024(H5N1)	1241	715
PA|PP755594.1|A/cattle/Texas/24-008749-003/2024(H5N1)	1242	698
PA|PP755594.1|A/cattle/Texas/24-008749-003/2024(H5N1)	1243	698
PA|PP755594.1|A/cattle/Texas/24-008749-003/2024(H5N1)	1244	681
PA|PP755594.1|A/cattle/Texas/24-008749-003/2024(H5N1)	1245	384
PA|PP755594.1|A/cattle/Texas/24-008749-003/2024(H5N1)	1246	380
PA|PP755594.1|A/cattle/Texas/24-008749-003/2024(H5N1)	1247	378
PA|PP755594.1|A/cattle/Texas/24-008749-003/2024(H5N1)	1248	371
PA|PP755594.1|A/cattle/Texas/24-008749-003/2024(H5N1)	1249	367
PA|PP755594.1|A/cattle/Texas/24-008749-003/2024(H5N1)	1250	367
PA|PP755594.1|A/cattle/Texas/24-008749-003/2024(H5N1)	1251	359
PA|PP755594.1|A/cattle/Texas/24-008749-003/2024(H5N1)	1252	356
PA|PP755594.1|A/cattle/Texas/24-008749-003/2024(H5N1)	1253	355
PA|PP755594.1|A/cattle/Texas/24-008749-003/2024(H5N1)	1254	349
PA|PP755594.1|A/cattle/Texas/24-008749-003/2024(H5N1)	1255	349
PA|PP755594.1|A/cattle/Texas/24-008749-003/2024(H5N1)	1256	349
PA|PP755594.1|A/cattle/Texas/24-008749-003/2024(H5N1)	1257	340
PA|PP755594.1|A/cattle/Texas/24-008749-003/2024(H5N1)	1258	340
PA|PP755594.1|A/cattle/Texas/24-008749-003/2024(H5N1)	1259	340
PA|PP755594.1|A/cattle/Texas/24-008749-003/2024(H5N1)	1260	340
PA|PP755594.1|A/cattle/Texas/24-008749-003/2024(H5N1)	1261	340
PA|PP755594.1|A/cattle/Texas/24-008749-003/2024(H5N1)	1262	340
PA|PP755594.1|A/cattle/Texas/24-008749-003/2024(H5N1)	1263	340
PA|PP755594.1|A/cattle/Texas/24-008749-003/2024(H5N1)	1264	342
PA|PP755594.1|A/cattle/Texas/24-008749-003/2024(H5N1)	1265	407
PA|PP755594.1|A/cattle/Texas/24-008749-003/2024(H5N1)	1266	426
PA|PP755594.1|A/cattle/Texas/24-008749-003/2024(H5N1)	1267	426
PA|PP755594.1|A/cattle/Texas/24-008749-003/2024(H5N1)	1268	426
PA|PP755594.1|A/cattle/Texas/24-008749-003/2024(H5N1)	1269	426
PA|PP755594.1|A/cattle/Texas/24-008749-003/2024(H5N1)	1270	435
PA|PP755594.1|A/cattle/Texas/24-008749-003/2024(H5N1)	1271	435
PA|PP755594.1|A/cattle/Texas/24-008749-003/2024(H5N1)	1272	435
PA|PP755594.1|A/cattle/Texas/24-008749-003/2024(H5N1)	1273	435
PA|PP755594.1|A/cattle/Texas/24-008749-003/2024(H5N1)	1274	435
PA|PP755594.1|A/cattle/Texas/24-008749-003/2024(H5N1)	1275	435
PA|PP755594.1|A/cattle/Texas/24-008749-003/2024(H5N1)	1276	435
PA|PP755594.1|A/cattle/Texas/24-008749-003/2024(H5N1)	1277	435
PA|PP755594.1|A/cattle/Texas/24-008749-003/2024(H5N1)	1278	435
PA|PP755594.1|A/cattle/Texas/24-008749-003/2024(H5N1)	1279	435
PA|PP755594.1|A/cattle/Texas/24-008749-003/2024(H5N1)	1280	458
PA|PP755594.1|A/cattle/Texas/24-008749-003/2024(H5N1)	1281	458
PA|PP755594.1|A/cattle/Texas/24-008749-003/2024(H5N1)	1282	707
PA|PP755594.1|A/cattle/Texas/24-008749-003/2024(H5N1)	1283	716
PA|PP755594.1|A/cattle/Texas/24-008749-003/2024(H5N1)	1284	718
PA|PP755594.1|A/cattle/Texas/24-008749-003/2024(H5N1)	1285	722
PA|PP755594.1|A/cattle/Texas/24-008749-003/2024(H5N1)	1286	766
PA|PP755594.1|A/cattle/Texas/24-008749-003/2024(H5N1)	1287	769
PA|PP755594.1|A/cattle/Texas/24-008749-003/2024(H5N1)	1288	771
PA|PP755594.1|A/cattle/Texas/24-008749-003/2024(H5N1)	1289	774
PA|PP755594.1|A/cattle/Texas/24-008749-003/2024(H5N1)	1290	774
PA|PP755594.1|A/cattle/Texas/24-008749-003/2024(H5N1)	1291	777
PA|PP755594.1|A/cattle/Texas/24-008749-003/2024(H5N1)	1292	808
PA|PP755594.1|A/cattle/Texas/24-008749-003/2024(H5N1)	1293	808
PA|PP755594.1|A/cattle/Texas/24-008749-003/2024(H5N1)	1294	811
PA|PP755594.1|A/cattle/Texas/24-008749-003/2024(H5N1)	1295	828
PA|PP755594.1|A/cattle/Texas/24-008749-003/2024(H5N1)	1296	829
PA|PP755594.1|A/cattle/Texas/24-008749-003/2024(H5N1)	1297	832
PA|PP755594.1|A/cattle/Texas/24-008749-003/2024(H5N1)	1298	832
PA|PP755594.1|A/cattle/Texas/24-008749-003/2024(H5N1)	1299	832
PA|PP755594.1|A/cattle/Texas/24-008749-003/2024(H5N1)	1300	833
PA|PP755594.1|A/cattle/Texas/24-008749-003/2024(H5N1)	1301	801
PA|PP755594.1|A/cattle/Texas/24-008749-003/2024(H5N1)	1302	781
PA|PP755594.1|A/cattle/Texas/24-008749-003/2024(H5N1)	1303	805
PA|PP755594.1|A/cattle/Texas/24-008749-003/2024(H5N1)	1304	805
PA|PP755594.1|A/cattle/Texas/24-008749-003/2024(H5N1)	1305	806
PA|PP755594.1|A/cattle/Texas/24-008749-003/2024(H5N1)	1306	818
PA|PP755594.1|A/cattle/Texas/24-008749-003/2024(H5N1)	1307	821
PA|PP755594.1|A/cattle/Texas/24-008749-003/2024(H5N1)	1308	821
PA|PP755594.1|A/cattle/Texas/24-008749-003/2024(H5N1)	1309	823
PA|PP755594.1|A/cattle/Texas/24-008749-003/2024(H5N1)	1310	823
PA|PP755594.1|A/cattle/Texas/24-008749-003/2024(H5N1)	1311	846
PA|PP755594.1|A/cattle/Texas/24-008749-003/2024(H5N1)	1312	846
PA|PP755594.1|A/cattle/Texas/24-008749-003/2024(H5N1)	1313	846
PA|PP755594.1|A/cattle/Texas/24-008749-003/2024(H5N1)	1314	846
PA|PP755594.1|A/cattle/Texas/24-008749-003/2024(H5N1)	1315	846
PA|PP755594.1|A/cattle/Texas/24-008749-003/2024(H5N1)	1316	828
PA|PP755594.1|A/cattle/Texas/24-008749-003/2024(H5N1)	1317	771
PA|PP755594.1|A/cattle/Texas/24-008749-003/2024(H5N1)	1318	771
PA|PP755594.1|A/cattle/Texas/24-008749-003/2024(H5N1)	1319	771
PA|PP755594.1|A/cattle/Texas/24-008749-003/2024(H5N1)	1320	771
PA|PP755594.1|A/cattle/Texas/24-008749-003/2024(H5N1)	1321	771
PA|PP755594.1|A/cattle/Texas/24-008749-003/2024(H5N1)	1322	837
PA|PP755594.1|A/cattle/Texas/24-008749-003/2024(H5N1)	1323	840
PA|PP755594.1|A/cattle/Texas/24-008749-003/2024(H5N1)	1324	843
PA|PP755594.1|A/cattle/Texas/24-008749-003/2024(H5N1)	1325	847
PA|PP755594.1|A/cattle/Texas/24-008749-003/2024(H5N1)	1326	849
PA|PP755594.1|A/cattle/Texas/24-008749-003/2024(H5N1)	1327	850
PA|PP755594.1|A/cattle/Texas/24-008749-003/2024(H5N1)	1328	850
PA|PP755594.1|A/cattle/Texas/24-008749-003/2024(H5N1)	1329	861
PA|PP755594.1|A/cattle/Texas/24-008749-003/2024(H5N1)	1330	866
PA|PP755594.1|A/cattle/Texas/24-008749-003/2024(H5N1)	1331	866
PA|PP755594.1|A/cattle/Texas/24-008749-003/2024(H5N1)	1332	871
PA|PP755594.1|A/cattle/Texas/24-008749-003/2024(H5N1)	1333	871
PA|PP755594.1|A/cattle/Texas/24-008749-003/2024(H5N1)	1334	874
PA|PP755594.1|A/cattle/Texas/24-008749-003/2024(H5N1)	1335	875
PA|PP755594.1|A/cattle/Texas/24-008749-003/2024(H5N1)	1336	875
PA|PP755594.1|A/cattle/Texas/24-008749-003/2024(H5N1)	1337	875
PA|PP755594.1|A/cattle/Texas/24-008749-003/2024(H5N1)	1338	876
PA|PP755594.1|A/cattle/Texas/24-008749-003/2024(H5N1)	1339	874
PA|PP755594.1|A/cattle/Texas/24-008749-003/2024(H5N1)	1340	892
PA|PP755594.1|A/cattle/Texas/24-008749-003/2024(H5N1)	1341	890
PA|PP755594.1|A/cattle/Texas/24-008749-003/2024(H5N1)	1342	883
PA|PP755594.1|A/cattle/Texas/24-008749-003/2024(H5N1)	1343	882
PA|PP755594.1|A/cattle/Texas/24-008749-003/2024(H5N1)	1344	782
PA|PP755594.1|A/cattle/Texas/24-008749-003/2024(H5N1)	1345	784
PA|PP755594.1|A/cattle/Texas/24-008749-003/2024(H5N1)	1346	784
PA|PP755594.1|A/cattle/Texas/24-008749-003/2024(H5N1)	1347	783
PA|PP755594.1|A/cattle/Texas/24-008749-003/2024(H5N1)	1348	790
PA|PP755594.1|A/cattle/Texas/24-008749-003/2024(H5N1)	1349	799
PA|PP755594.1|A/cattle/Texas/24-008749-003/2024(H5N1)	1350	805
PA|PP755594.1|A/cattle/Texas/24-008749-003/2024(H5N1)	1351	824
PA|PP755594.1|A/cattle/Texas/24-008749-003/2024(H5N1)	1352	826
PA|PP755594.1|A/cattle/Texas/24-008749-003/2024(H5N1)	1353	838
PA|PP755594.1|A/cattle/Texas/24-008749-003/2024(H5N1)	1354	840
PA|PP755594.1|A/cattle/Texas/24-008749-003/2024(H5N1)	1355	857
PA|PP755594.1|A/cattle/Texas/24-008749-003/2024(H5N1)	1356	899
PA|PP755594.1|A/cattle/Texas/24-008749-003/2024(H5N1)	1357	901
PA|PP755594.1|A/cattle/Texas/24-008749-003/2024(H5N1)	1358	901
PA|PP755594.1|A/cattle/Texas/24-008749-003/2024(H5N1)	1359	906
PA|PP755594.1|A/cattle/Texas/24-008749-003/2024(H5N1)	1360	902
PA|PP755594.1|A/cattle/Texas/24-008749-003/2024(H5N1)	1361	905
PA|PP755594.1|A/cattle/Texas/24-008749-003/2024(H5N1)	1362	904
PA|PP755594.1|A/cattle/Texas/24-008749-003/2024(H5N1)	1363	903
PA|PP755594.1|A/cattle/Texas/24-008749-003/2024(H5N1)	1364	904
PA|PP755594.1|A/cattle/Texas/24-008749-003/2024(H5N1)	1365	898
PA|PP755594.1|A/cattle/Texas/24-008749-003/2024(H5N1)	1366	913
PA|PP755594.1|A/cattle/Texas/24-008749-003/2024(H5N1)	1367	921
PA|PP755594.1|A/cattle/Texas/24-008749-003/2024(H5N1)	1368	918
PA|PP755594.1|A/cattle/Texas/24-008749-003/2024(H5N1)	1369	919
PA|PP755594.1|A/cattle/Texas/24-008749-003/2024(H5N1)	1370	918
PA|PP755594.1|A/cattle/Texas/24-008749-003/2024(H5N1)	1371	922
PA|PP755594.1|A/cattle/Texas/24-008749-003/2024(H5N1)	1372	923
PA|PP755594.1|A/cattle/Texas/24-008749-003/2024(H5N1)	1373	915
PA|PP755594.1|A/cattle/Texas/24-008749-003/2024(H5N1)	1374	917
PA|PP755594.1|A/cattle/Texas/24-008749-003/2024(H5N1)	1375	896
PA|PP755594.1|A/cattle/Texas/24-008749-003/2024(H5N1)	1376	895
PA|PP755594.1|A/cattle/Texas/24-008749-003/2024(H5N1)	1377	892
PA|PP755594.1|A/cattle/Texas/24-008749-003/2024(H5N1)	1378	890
PA|PP755594.1|A/cattle/Texas/24-008749-003/2024(H5N1)	1379	878
PA|PP755594.1|A/cattle/Texas/24-008749-003/2024(H5N1)	1380	875
PA|PP755594.1|A/cattle/Texas/24-008749-003/2024(H5N1)	1381	874
PA|PP755594.1|A/cattle/Texas/24-008749-003/2024(H5N1)	1382	874
PA|PP755594.1|A/cattle/Texas/24-008749-003/2024(H5N1)	1383	865
PA|PP755594.1|A/cattle/Texas/24-008749-003/2024(H5N1)	1384	839
PA|PP755594.1|A/cattle/Texas/24-008749-003/2024(H5N1)	1385	839
PA|PP755594.1|A/cattle/Texas/24-008749-003/2024(H5N1)	1386	830
PA|PP755594.1|A/cattle/Texas/24-008749-003/2024(H5N1)	1387	830
PA|PP755594.1|A/cattle/Texas/24-008749-003/2024(H5N1)	1388	830
PA|PP755594.1|A/cattle/Texas/24-008749-003/2024(H5N1)	1389	821
PA|PP755594.1|A/cattle/Texas/24-008749-003/2024(H5N1)	1390	821
PA|PP755594.1|A/cattle/Texas/24-008749-003/2024(H5N1)	1391	821
PA|PP755594.1|A/cattle/Texas/24-008749-003/2024(H5N1)	1392	815
PA|PP755594.1|A/cattle/Texas/24-008749-003/2024(H5N1)	1393	815
PA|PP755594.1|A/cattle/Texas/24-008749-003/2024(H5N1)	1394	815
PA|PP755594.1|A/cattle/Texas/24-008749-003/2024(H5N1)	1395	809
PA|PP755594.1|A/cattle/Texas/24-008749-003/2024(H5N1)	1396	797
PA|PP755594.1|A/cattle/Texas/24-008749-003/2024(H5N1)	1397	790
PA|PP755594.1|A/cattle/Texas/24-008749-003/2024(H5N1)	1398	782
PA|PP755594.1|A/cattle/Texas/24-008749-003/2024(H5N1)	1399	779
PA|PP755594.1|A/cattle/Texas/24-008749-003/2024(H5N1)	1400	779
PA|PP755594.1|A/cattle/Texas/24-008749-003/2024(H5N1)	1401	751
PA|PP755594.1|A/cattle/Texas/24-008749-003/2024(H5N1)	1402	749
PA|PP755594.1|A/cattle/Texas/24-008749-003/2024(H5N1)	1403	746
PA|PP755594.1|A/cattle/Texas/24-008749-003/2024(H5N1)	1404	547
PA|PP755594.1|A/cattle/Texas/24-008749-003/2024(H5N1)	1405	521
PA|PP755594.1|A/cattle/Texas/24-008749-003/2024(H5N1)	1406	475
PA|PP755594.1|A/cattle/Texas/24-008749-003/2024(H5N1)	1407	475
PA|PP755594.1|A/cattle/Texas/24-008749-003/2024(H5N1)	1408	475
PA|PP755594.1|A/cattle/Texas/24-008749-003/2024(H5N1)	1409	475
PA|PP755594.1|A/cattle/Texas/24-008749-003/2024(H5N1)	1410	475
PA|PP755594.1|A/cattle/Texas/24-008749-003/2024(H5N1)	1411	475
PA|PP755594.1|A/cattle/Texas/24-008749-003/2024(H5N1)	1412	475
PA|PP755594.1|A/cattle/Texas/24-008749-003/2024(H5N1)	1413	475
PA|PP755594.1|A/cattle/Texas/24-008749-003/2024(H5N1)	1414	475
PA|PP755594.1|A/cattle/Texas/24-008749-003/2024(H5N1)	1415	475
PA|PP755594.1|A/cattle/Texas/24-008749-003/2024(H5N1)	1416	475
PA|PP755594.1|A/cattle/Texas/24-008749-003/2024(H5N1)	1417	475
PA|PP755594.1|A/cattle/Texas/24-008749-003/2024(H5N1)	1418	475
PA|PP755594.1|A/cattle/Texas/24-008749-003/2024(H5N1)	1419	475
PA|PP755594.1|A/cattle/Texas/24-008749-003/2024(H5N1)	1420	475
PA|PP755594.1|A/cattle/Texas/24-008749-003/2024(H5N1)	1421	475
PA|PP755594.1|A/cattle/Texas/24-008749-003/2024(H5N1)	1422	475
PA|PP755594.1|A/cattle/Texas/24-008749-003/2024(H5N1)	1423	475
PA|PP755594.1|A/cattle/Texas/24-008749-003/2024(H5N1)	1424	475
PA|PP755594.1|A/cattle/Texas/24-008749-003/2024(H5N1)	1425	475
PA|PP755594.1|A/cattle/Texas/24-008749-003/2024(H5N1)	1426	751
PA|PP755594.1|A/cattle/Texas/24-008749-003/2024(H5N1)	1427	751
PA|PP755594.1|A/cattle/Texas/24-008749-003/2024(H5N1)	1428	754
PA|PP755594.1|A/cattle/Texas/24-008749-003/2024(H5N1)	1429	759
PA|PP755594.1|A/cattle/Texas/24-008749-003/2024(H5N1)	1430	759
PA|PP755594.1|A/cattle/Texas/24-008749-003/2024(H5N1)	1431	764
PA|PP755594.1|A/cattle/Texas/24-008749-003/2024(H5N1)	1432	764
PA|PP755594.1|A/cattle/Texas/24-008749-003/2024(H5N1)	1433	765
PA|PP755594.1|A/cattle/Texas/24-008749-003/2024(H5N1)	1434	767
PA|PP755594.1|A/cattle/Texas/24-008749-003/2024(H5N1)	1435	724
PA|PP755594.1|A/cattle/Texas/24-008749-003/2024(H5N1)	1436	721
PA|PP755594.1|A/cattle/Texas/24-008749-003/2024(H5N1)	1437	715
PA|PP755594.1|A/cattle/Texas/24-008749-003/2024(H5N1)	1438	713
PA|PP755594.1|A/cattle/Texas/24-008749-003/2024(H5N1)	1439	713
PA|PP755594.1|A/cattle/Texas/24-008749-003/2024(H5N1)	1440	709
PA|PP755594.1|A/cattle/Texas/24-008749-003/2024(H5N1)	1441	704
PA|PP755594.1|A/cattle/Texas/24-008749-003/2024(H5N1)	1442	701
PA|PP755594.1|A/cattle/Texas/24-008749-003/2024(H5N1)	1443	658
PA|PP755594.1|A/cattle/Texas/24-008749-003/2024(H5N1)	1444	658
PA|PP755594.1|A/cattle/Texas/24-008749-003/2024(H5N1)	1445	715
PA|PP755594.1|A/cattle/Texas/24-008749-003/2024(H5N1)	1446	717
PA|PP755594.1|A/cattle/Texas/24-008749-003/2024(H5N1)	1447	720
PA|PP755594.1|A/cattle/Texas/24-008749-003/2024(H5N1)	1448	726
PA|PP755594.1|A/cattle/Texas/24-008749-003/2024(H5N1)	1449	726
PA|PP755594.1|A/cattle/Texas/24-008749-003/2024(H5N1)	1450	750
PA|PP755594.1|A/cattle/Texas/24-008749-003/2024(H5N1)	1451	745
PA|PP755594.1|A/cattle/Texas/24-008749-003/2024(H5N1)	1452	743
PA|PP755594.1|A/cattle/Texas/24-008749-003/2024(H5N1)	1453	739
PA|PP755594.1|A/cattle/Texas/24-008749-003/2024(H5N1)	1454	718
PA|PP755594.1|A/cattle/Texas/24-008749-003/2024(H5N1)	1455	718
PA|PP755594.1|A/cattle/Texas/24-008749-003/2024(H5N1)	1456	713
PA|PP755594.1|A/cattle/Texas/24-008749-003/2024(H5N1)	1457	708
PA|PP755594.1|A/cattle/Texas/24-008749-003/2024(H5N1)	1458	708
PA|PP755594.1|A/cattle/Texas/24-008749-003/2024(H5N1)	1459	706
PA|PP755594.1|A/cattle/Texas/24-008749-003/2024(H5N1)	1460	704
PA|PP755594.1|A/cattle/Texas/24-008749-003/2024(H5N1)	1461	665
PA|PP755594.1|A/cattle/Texas/24-008749-003/2024(H5N1)	1462	661
PA|PP755594.1|A/cattle/Texas/24-008749-003/2024(H5N1)	1463	658
PA|PP755594.1|A/cattle/Texas/24-008749-003/2024(H5N1)	1464	649
PA|PP755594.1|A/cattle/Texas/24-008749-003/2024(H5N1)	1465	649
PA|PP755594.1|A/cattle/Texas/24-008749-003/2024(H5N1)	1466	649
PA|PP755594.1|A/cattle/Texas/24-008749-003/2024(H5N1)	1467	649
PA|PP755594.1|A/cattle/Texas/24-008749-003/2024(H5N1)	1468	631
PA|PP755594.1|A/cattle/Texas/24-008749-003/2024(H5N1)	1469	627
PA|PP755594.1|A/cattle/Texas/24-008749-003/2024(H5N1)	1470	623
PA|PP755594.1|A/cattle/Texas/24-008749-003/2024(H5N1)	1471	637
PA|PP755594.1|A/cattle/Texas/24-008749-003/2024(H5N1)	1472	647
PA|PP755594.1|A/cattle/Texas/24-008749-003/2024(H5N1)	1473	640
PA|PP755594.1|A/cattle/Texas/24-008749-003/2024(H5N1)	1474	949
PA|PP755594.1|A/cattle/Texas/24-008749-003/2024(H5N1)	1475	960
PA|PP755594.1|A/cattle/Texas/24-008749-003/2024(H5N1)	1476	967
PA|PP755594.1|A/cattle/Texas/24-008749-003/2024(H5N1)	1477	980
PA|PP755594.1|A/cattle/Texas/24-008749-003/2024(H5N1)	1478	973
PA|PP755594.1|A/cattle/Texas/24-008749-003/2024(H5N1)	1479	973
PA|PP755594.1|A/cattle/Texas/24-008749-003/2024(H5N1)	1480	970
PA|PP755594.1|A/cattle/Texas/24-008749-003/2024(H5N1)	1481	979
PA|PP755594.1|A/cattle/Texas/24-008749-003/2024(H5N1)	1482	979
PA|PP755594.1|A/cattle/Texas/24-008749-003/2024(H5N1)	1483	974
PA|PP755594.1|A/cattle/Texas/24-008749-003/2024(H5N1)	1484	975
PA|PP755594.1|A/cattle/Texas/24-008749-003/2024(H5N1)	1485	1001
PA|PP755594.1|A/cattle/Texas/24-008749-003/2024(H5N1)	1486	999
PA|PP755594.1|A/cattle/Texas/24-008749-003/2024(H5N1)	1487	999
PA|PP755594.1|A/cattle/Texas/24-008749-003/2024(H5N1)	1488	999
PA|PP755594.1|A/cattle/Texas/24-008749-003/2024(H5N1)	1489	994
PA|PP755594.1|A/cattle/Texas/24-008749-003/2024(H5N1)	1490	836
PA|PP755594.1|A/cattle/Texas/24-008749-003/2024(H5N1)	1491	815
PA|PP755594.1|A/cattle/Texas/24-008749-003/2024(H5N1)	1492	823
PA|PP755594.1|A/cattle/Texas/24-008749-003/2024(H5N1)	1493	828
PA|PP755594.1|A/cattle/Texas/24-008749-003/2024(H5N1)	1494	831
PA|PP755594.1|A/cattle/Texas/24-008749-003/2024(H5N1)	1495	853
PA|PP755594.1|A/cattle/Texas/24-008749-003/2024(H5N1)	1496	851
PA|PP755594.1|A/cattle/Texas/24-008749-003/2024(H5N1)	1497	851
PA|PP755594.1|A/cattle/Texas/24-008749-003/2024(H5N1)	1498	889
PA|PP755594.1|A/cattle/Texas/24-008749-003/2024(H5N1)	1499	895
PA|PP755594.1|A/cattle/Texas/24-008749-003/2024(H5N1)	1500	911
PA|PP755594.1|A/cattle/Texas/24-008749-003/2024(H5N1)	1501	1048
PA|PP755594.1|A/cattle/Texas/24-008749-003/2024(H5N1)	1502	1048
PA|PP755594.1|A/cattle/Texas/24-008749-003/2024(H5N1)	1503	1123
PA|PP755594.1|A/cattle/Texas/24-008749-003/2024(H5N1)	1504	1132
PA|PP755594.1|A/cattle/Texas/24-008749-003/2024(H5N1)	1505	1137
PA|PP755594.1|A/cattle/Texas/24-008749-003/2024(H5N1)	1506	1147
PA|PP755594.1|A/cattle/Texas/24-008749-003/2024(H5N1)	1507	1164
PA|PP755594.1|A/cattle/Texas/24-008749-003/2024(H5N1)	1508	1166
PA|PP755594.1|A/cattle/Texas/24-008749-003/2024(H5N1)	1509	1171
PA|PP755594.1|A/cattle/Texas/24-008749-003/2024(H5N1)	1510	1188
PA|PP755594.1|A/cattle/Texas/24-008749-003/2024(H5N1)	1511	1223
PA|PP755594.1|A/cattle/Texas/24-008749-003/2024(H5N1)	1512	1224
PA|PP755594.1|A/cattle/Texas/24-008749-003/2024(H5N1)	1513	1265
PA|PP755594.1|A/cattle/Texas/24-008749-003/2024(H5N1)	1514	1272
PA|PP755594.1|A/cattle/Texas/24-008749-003/2024(H5N1)	1515	1312
PA|PP755594.1|A/cattle/Texas/24-008749-003/2024(H5N1)	1516	1325
PA|PP755594.1|A/cattle/Texas/24-008749-003/2024(H5N1)	1517	1331
PA|PP755594.1|A/cattle/Texas/24-008749-003/2024(H5N1)	1518	1336
PA|PP755594.1|A/cattle/Texas/24-008749-003/2024(H5N1)	1519	1340
PA|PP755594.1|A/cattle/Texas/24-008749-003/2024(H5N1)	1520	1341
PA|PP755594.1|A/cattle/Texas/24-008749-003/2024(H5N1)	1521	1345
PA|PP755594.1|A/cattle/Texas/24-008749-003/2024(H5N1)	1522	1341
PA|PP755594.1|A/cattle/Texas/24-008749-003/2024(H5N1)	1523	1339
PA|PP755594.1|A/cattle/Texas/24-008749-003/2024(H5N1)	1524	1312
PA|PP755594.1|A/cattle/Texas/24-008749-003/2024(H5N1)	1525	1313
PA|PP755594.1|A/cattle/Texas/24-008749-003/2024(H5N1)	1526	1313
PA|PP755594.1|A/cattle/Texas/24-008749-003/2024(H5N1)	1527	1323
PA|PP755594.1|A/cattle/Texas/24-008749-003/2024(H5N1)	1528	1450
PA|PP755594.1|A/cattle/Texas/24-008749-003/2024(H5N1)	1529	1467
PA|PP755594.1|A/cattle/Texas/24-008749-003/2024(H5N1)	1530	1482
PA|PP755594.1|A/cattle/Texas/24-008749-003/2024(H5N1)	1531	1484
PA|PP755594.1|A/cattle/Texas/24-008749-003/2024(H5N1)	1532	1490
PA|PP755594.1|A/cattle/Texas/24-008749-003/2024(H5N1)	1533	1492
PA|PP755594.1|A/cattle/Texas/24-008749-003/2024(H5N1)	1534	1497
PA|PP755594.1|A/cattle/Texas/24-008749-003/2024(H5N1)	1535	1503
PA|PP755594.1|A/cattle/Texas/24-008749-003/2024(H5N1)	1536	1561
PA|PP755594.1|A/cattle/Texas/24-008749-003/2024(H5N1)	1537	1559
PA|PP755594.1|A/cattle/Texas/24-008749-003/2024(H5N1)	1538	1555
PA|PP755594.1|A/cattle/Texas/24-008749-003/2024(H5N1)	1539	1562
PA|PP755594.1|A/cattle/Texas/24-008749-003/2024(H5N1)	1540	1560
PA|PP755594.1|A/cattle/Texas/24-008749-003/2024(H5N1)	1541	1548
PA|PP755594.1|A/cattle/Texas/24-008749-003/2024(H5N1)	1542	1461
PA|PP755594.1|A/cattle/Texas/24-008749-003/2024(H5N1)	1543	1472
PA|PP755594.1|A/cattle/Texas/24-008749-003/2024(H5N1)	1544	1491
PA|PP755594.1|A/cattle/Texas/24-008749-003/2024(H5N1)	1545	1491
PA|PP755594.1|A/cattle/Texas/24-008749-003/2024(H5N1)	1546	1491
PA|PP755594.1|A/cattle/Texas/24-008749-003/2024(H5N1)	1547	1491
PA|PP755594.1|A/cattle/Texas/24-008749-003/2024(H5N1)	1548	1472
PA|PP755594.1|A/cattle/Texas/24-008749-003/2024(H5N1)	1549	1472
PA|PP755594.1|A/cattle/Texas/24-008749-003/2024(H5N1)	1550	1468
PA|PP755594.1|A/cattle/Texas/24-008749-003/2024(H5N1)	1551	1040
PA|PP755594.1|A/cattle/Texas/24-008749-003/2024(H5N1)	1552	1040
PA|PP755594.1|A/cattle/Texas/24-008749-003/2024(H5N1)	1553	1040
PA|PP755594.1|A/cattle/Texas/24-008749-003/2024(H5N1)	1554	1040
PA|PP755594.1|A/cattle/Texas/24-008749-003/2024(H5N1)	1555	1040
PA|PP755594.1|A/cattle/Texas/24-008749-003/2024(H5N1)	1556	1040
PA|PP755594.1|A/cattle/Texas/24-008749-003/2024(H5N1)	1557	1040
PA|PP755594.1|A/cattle/Texas/24-008749-003/2024(H5N1)	1558	1043
PA|PP755594.1|A/cattle/Texas/24-008749-003/2024(H5N1)	1559	1049
PA|PP755594.1|A/cattle/Texas/24-008749-003/2024(H5N1)	1560	1049
PA|PP755594.1|A/cattle/Texas/24-008749-003/2024(H5N1)	1561	1049
PA|PP755594.1|A/cattle/Texas/24-008749-003/2024(H5N1)	1562	1049
PA|PP755594.1|A/cattle/Texas/24-008749-003/2024(H5N1)	1563	1049
PA|PP755594.1|A/cattle/Texas/24-008749-003/2024(H5N1)	1564	1056
PA|PP755594.1|A/cattle/Texas/24-008749-003/2024(H5N1)	1565	1058
PA|PP755594.1|A/cattle/Texas/24-008749-003/2024(H5N1)	1566	1058
PA|PP755594.1|A/cattle/Texas/24-008749-003/2024(H5N1)	1567	1060
PA|PP755594.1|A/cattle/Texas/24-008749-003/2024(H5N1)	1568	1065
PA|PP755594.1|A/cattle/Texas/24-008749-003/2024(H5N1)	1569	1066
PA|PP755594.1|A/cattle/Texas/24-008749-003/2024(H5N1)	1570	1068
PA|PP755594.1|A/cattle/Texas/24-008749-003/2024(H5N1)	1571	1068
PA|PP755594.1|A/cattle/Texas/24-008749-003/2024(H5N1)	1572	1065
PA|PP755594.1|A/cattle/Texas/24-008749-003/2024(H5N1)	1573	1076
PA|PP755594.1|A/cattle/Texas/24-008749-003/2024(H5N1)	1574	1076
PA|PP755594.1|A/cattle/Texas/24-008749-003/2024(H5N1)	1575	1076
PA|PP755594.1|A/cattle/Texas/24-008749-003/2024(H5N1)	1576	1082
PA|PP755594.1|A/cattle/Texas/24-008749-003/2024(H5N1)	1577	1083
PA|PP755594.1|A/cattle/Texas/24-008749-003/2024(H5N1)	1578	1083
PA|PP755594.1|A/cattle/Texas/24-008749-003/2024(H5N1)	1579	1095
PA|PP755594.1|A/cattle/Texas/24-008749-003/2024(H5N1)	1580	1086
PA|PP755594.1|A/cattle/Texas/24-008749-003/2024(H5N1)	1581	1086
PA|PP755594.1|A/cattle/Texas/24-008749-003/2024(H5N1)	1582	1095
PA|PP755594.1|A/cattle/Texas/24-008749-003/2024(H5N1)	1583	1116
PA|PP755594.1|A/cattle/Texas/24-008749-003/2024(H5N1)	1584	1120
PA|PP755594.1|A/cattle/Texas/24-008749-003/2024(H5N1)	1585	1122
PA|PP755594.1|A/cattle/Texas/24-008749-003/2024(H5N1)	1586	1222
PA|PP755594.1|A/cattle/Texas/24-008749-003/2024(H5N1)	1587	1230
PA|PP755594.1|A/cattle/Texas/24-008749-003/2024(H5N1)	1588	1278
PA|PP755594.1|A/cattle/Texas/24-008749-003/2024(H5N1)	1589	1286
PA|PP755594.1|A/cattle/Texas/24-008749-003/2024(H5N1)	1590	1286
PA|PP755594.1|A/cattle/Texas/24-008749-003/2024(H5N1)	1591	1290
PA|PP755594.1|A/cattle/Texas/24-008749-003/2024(H5N1)	1592	1393
PA|PP755594.1|A/cattle/Texas/24-008749-003/2024(H5N1)	1593	1442
PA|PP755594.1|A/cattle/Texas/24-008749-003/2024(H5N1)	1594	1448
PA|PP755594.1|A/cattle/Texas/24-008749-003/2024(H5N1)	1595	1448
PA|PP755594.1|A/cattle/Texas/24-008749-003/2024(H5N1)	1596	1448
PA|PP755594.1|A/cattle/Texas/24-008749-003/2024(H5N1)	1597	1490
PA|PP755594.1|A/cattle/Texas/24-008749-003/2024(H5N1)	1598	1503
PA|PP755594.1|A/cattle/Texas/24-008749-003/2024(H5N1)	1599	1504
PA|PP755594.1|A/cattle/Texas/24-008749-003/2024(H5N1)	1600	1887
PA|PP755594.1|A/cattle/Texas/24-008749-003/2024(H5N1)	1601	1890
PA|PP755594.1|A/cattle/Texas/24-008749-003/2024(H5N1)	1602	1898
PA|PP755594.1|A/cattle/Texas/24-008749-003/2024(H5N1)	1603	1914
PA|PP755594.1|A/cattle/Texas/24-008749-003/2024(H5N1)	1604	1918
PA|PP755594.1|A/cattle/Texas/24-008749-003/2024(H5N1)	1605	1923
PA|PP755594.1|A/cattle/Texas/24-008749-003/2024(H5N1)	1606	1923
PA|PP755594.1|A/cattle/Texas/24-008749-003/2024(H5N1)	1607	1932
PA|PP755594.1|A/cattle/Texas/24-008749-003/2024(H5N1)	1608	1933
PA|PP755594.1|A/cattle/Texas/24-008749-003/2024(H5N1)	1609	1972
PA|PP755594.1|A/cattle/Texas/24-008749-003/2024(H5N1)	1610	1983
PA|PP755594.1|A/cattle/Texas/24-008749-003/2024(H5N1)	1611	1989
PA|PP755594.1|A/cattle/Texas/24-008749-003/2024(H5N1)	1612	1977
PA|PP755594.1|A/cattle/Texas/24-008749-003/2024(H5N1)	1613	1993
PA|PP755594.1|A/cattle/Texas/24-008749-003/2024(H5N1)	1614	2012
PA|PP755594.1|A/cattle/Texas/24-008749-003/2024(H5N1)	1615	2001
PA|PP755594.1|A/cattle/Texas/24-008749-003/2024(H5N1)	1616	1996
PA|PP755594.1|A/cattle/Texas/24-008749-003/2024(H5N1)	1617	2016
PA|PP755594.1|A/cattle/Texas/24-008749-003/2024(H5N1)	1618	2018
PA|PP755594.1|A/cattle/Texas/24-008749-003/2024(H5N1)	1619	2015
PA|PP755594.1|A/cattle/Texas/24-008749-003/2024(H5N1)	1620	1975
PA|PP755594.1|A/cattle/Texas/24-008749-003/2024(H5N1)	1621	1955
PA|PP755594.1|A/cattle/Texas/24-008749-003/2024(H5N1)	1622	1953
PA|PP755594.1|A/cattle/Texas/24-008749-003/2024(H5N1)	1623	1940
PA|PP755594.1|A/cattle/Texas/24-008749-003/2024(H5N1)	1624	1940
PA|PP755594.1|A/cattle/Texas/24-008749-003/2024(H5N1)	1625	1961
PA|PP755594.1|A/cattle/Texas/24-008749-003/2024(H5N1)	1626	1946
PA|PP755594.1|A/cattle/Texas/24-008749-003/2024(H5N1)	1627	1930
PA|PP755594.1|A/cattle/Texas/24-008749-003/2024(H5N1)	1628	1930
PA|PP755594.1|A/cattle/Texas/24-008749-003/2024(H5N1)	1629	1927
PA|PP755594.1|A/cattle/Texas/24-008749-003/2024(H5N1)	1630	1923
PA|PP755594.1|A/cattle/Texas/24-008749-003/2024(H5N1)	1631	1901
PA|PP755594.1|A/cattle/Texas/24-008749-003/2024(H5N1)	1632	1497
PA|PP755594.1|A/cattle/Texas/24-008749-003/2024(H5N1)	1633	1499
PA|PP755594.1|A/cattle/Texas/24-008749-003/2024(H5N1)	1634	1512
PA|PP755594.1|A/cattle/Texas/24-008749-003/2024(H5N1)	1635	1518
PA|PP755594.1|A/cattle/Texas/24-008749-003/2024(H5N1)	1636	1721
PA|PP755594.1|A/cattle/Texas/24-008749-003/2024(H5N1)	1637	1721
PA|PP755594.1|A/cattle/Texas/24-008749-003/2024(H5N1)	1638	1741
PA|PP755594.1|A/cattle/Texas/24-008749-003/2024(H5N1)	1639	1749
PA|PP755594.1|A/cattle/Texas/24-008749-003/2024(H5N1)	1640	1778
PA|PP755594.1|A/cattle/Texas/24-008749-003/2024(H5N1)	1641	1778
PA|PP755594.1|A/cattle/Texas/24-008749-003/2024(H5N1)	1642	1781
PA|PP755594.1|A/cattle/Texas/24-008749-003/2024(H5N1)	1643	1808
PA|PP755594.1|A/cattle/Texas/24-008749-003/2024(H5N1)	1644	1818
PA|PP755594.1|A/cattle/Texas/24-008749-003/2024(H5N1)	1645	1965
PA|PP755594.1|A/cattle/Texas/24-008749-003/2024(H5N1)	1646	1965
PA|PP755594.1|A/cattle/Texas/24-008749-003/2024(H5N1)	1647	1965
PA|PP755594.1|A/cattle/Texas/24-008749-003/2024(H5N1)	1648	1924
PA|PP755594.1|A/cattle/Texas/24-008749-003/2024(H5N1)	1649	1922
PA|PP755594.1|A/cattle/Texas/24-008749-003/2024(H5N1)	1650	1922
PA|PP755594.1|A/cattle/Texas/24-008749-003/2024(H5N1)	1651	1931
PA|PP755594.1|A/cattle/Texas/24-008749-003/2024(H5N1)	1652	2135
PA|PP755594.1|A/cattle/Texas/24-008749-003/2024(H5N1)	1653	2170
PA|PP755594.1|A/cattle/Texas/24-008749-003/2024(H5N1)	1654	2179
PA|PP755594.1|A/cattle/Texas/24-008749-003/2024(H5N1)	1655	2206
PA|PP755594.1|A/cattle/Texas/24-008749-003/2024(H5N1)	1656	2205
PA|PP755594.1|A/cattle/Texas/24-008749-003/2024(H5N1)	1657	2291
PA|PP755594.1|A/cattle/Texas/24-008749-003/2024(H5N1)	1658	2303
PA|PP755594.1|A/cattle/Texas/24-008749-003/2024(H5N1)	1659	2301
PA|PP755594.1|A/cattle/Texas/24-008749-003/2024(H5N1)	1660	2302
PA|PP755594.1|A/cattle/Texas/24-008749-003/2024(H5N1)	1661	2281
PA|PP755594.1|A/cattle/Texas/24-008749-003/2024(H5N1)	1662	2254
PA|PP755594.1|A/cattle/Texas/24-008749-003/2024(H5N1)	1663	2268
PA|PP755594.1|A/cattle/Texas/24-008749-003/2024(H5N1)	1664	2256
PA|PP755594.1|A/cattle/Texas/24-008749-003/2024(H5N1)	1665	2248
PA|PP755594.1|A/cattle/Texas/24-008749-003/2024(H5N1)	1666	2200
PA|PP755594.1|A/cattle/Texas/24-008749-003/2024(H5N1)	1667	2190
PA|PP755594.1|A/cattle/Texas/24-008749-003/2024(H5N1)	1668	2185
PA|PP755594.1|A/cattle/Texas/24-008749-003/2024(H5N1)	1669	2178
PA|PP755594.1|A/cattle/Texas/24-008749-003/2024(H5N1)	1670	2172
PA|PP755594.1|A/cattle/Texas/24-008749-003/2024(H5N1)	1671	2170
PA|PP755594.1|A/cattle/Texas/24-008749-003/2024(H5N1)	1672	2157
PA|PP755594.1|A/cattle/Texas/24-008749-003/2024(H5N1)	1673	1985
PA|PP755594.1|A/cattle/Texas/24-008749-003/2024(H5N1)	1674	1985
PA|PP755594.1|A/cattle/Texas/24-008749-003/2024(H5N1)	1675	1987
PA|PP755594.1|A/cattle/Texas/24-008749-003/2024(H5N1)	1676	1986
PA|PP755594.1|A/cattle/Texas/24-008749-003/2024(H5N1)	1677	1987
PA|PP755594.1|A/cattle/Texas/24-008749-003/2024(H5N1)	1678	2126
PA|PP755594.1|A/cattle/Texas/24-008749-003/2024(H5N1)	1679	2130
PA|PP755594.1|A/cattle/Texas/24-008749-003/2024(H5N1)	1680	2131
PA|PP755594.1|A/cattle/Texas/24-008749-003/2024(H5N1)	1681	2167
PA|PP755594.1|A/cattle/Texas/24-008749-003/2024(H5N1)	1682	2172
PA|PP755594.1|A/cattle/Texas/24-008749-003/2024(H5N1)	1683	2175
PA|PP755594.1|A/cattle/Texas/24-008749-003/2024(H5N1)	1684	2172
PA|PP755594.1|A/cattle/Texas/24-008749-003/2024(H5N1)	1685	2186
PA|PP755594.1|A/cattle/Texas/24-008749-003/2024(H5N1)	1686	2160
PA|PP755594.1|A/cattle/Texas/24-008749-003/2024(H5N1)	1687	2146
PA|PP755594.1|A/cattle/Texas/24-008749-003/2024(H5N1)	1688	2141
PA|PP755594.1|A/cattle/Texas/24-008749-003/2024(H5N1)	1689	2149
PA|PP755594.1|A/cattle/Texas/24-008749-003/2024(H5N1)	1690	2138
PA|PP755594.1|A/cattle/Texas/24-008749-003/2024(H5N1)	1691	2133
PA|PP755594.1|A/cattle/Texas/24-008749-003/2024(H5N1)	1692	2104
PA|PP755594.1|A/cattle/Texas/24-008749-003/2024(H5N1)	1693	2092
PA|PP755594.1|A/cattle/Texas/24-008749-003/2024(H5N1)	1694	2077
PA|PP755594.1|A/cattle/Texas/24-008749-003/2024(H5N1)	1695	1928
PA|PP755594.1|A/cattle/Texas/24-008749-003/2024(H5N1)	1696	1923
PA|PP755594.1|A/cattle/Texas/24-008749-003/2024(H5N1)	1697	1919
PA|PP755594.1|A/cattle/Texas/24-008749-003/2024(H5N1)	1698	1916
PA|PP755594.1|A/cattle/Texas/24-008749-003/2024(H5N1)	1699	1923
PA|PP755594.1|A/cattle/Texas/24-008749-003/2024(H5N1)	1700	1925
PA|PP755594.1|A/cattle/Texas/24-008749-003/2024(H5N1)	1701	1899
PA|PP755594.1|A/cattle/Texas/24-008749-003/2024(H5N1)	1702	1871
PA|PP755594.1|A/cattle/Texas/24-008749-003/2024(H5N1)	1703	1871
PA|PP755594.1|A/cattle/Texas/24-008749-003/2024(H5N1)	1704	1869
PA|PP755594.1|A/cattle/Texas/24-008749-003/2024(H5N1)	1705	1870
PA|PP755594.1|A/cattle/Texas/24-008749-003/2024(H5N1)	1706	1870
PA|PP755594.1|A/cattle/Texas/24-008749-003/2024(H5N1)	1707	1854
PA|PP755594.1|A/cattle/Texas/24-008749-003/2024(H5N1)	1708	1854
PA|PP755594.1|A/cattle/Texas/24-008749-003/2024(H5N1)	1709	1854
PA|PP755594.1|A/cattle/Texas/24-008749-003/2024(H5N1)	1710	1857
PA|PP755594.1|A/cattle/Texas/24-008749-003/2024(H5N1)	1711	2109
PA|PP755594.1|A/cattle/Texas/24-008749-003/2024(H5N1)	1712	2110
PA|PP755594.1|A/cattle/Texas/24-008749-003/2024(H5N1)	1713	2110
PA|PP755594.1|A/cattle/Texas/24-008749-003/2024(H5N1)	1714	2110
PA|PP755594.1|A/cattle/Texas/24-008749-003/2024(H5N1)	1715	2112
PA|PP755594.1|A/cattle/Texas/24-008749-003/2024(H5N1)	1716	2079
PA|PP755594.1|A/cattle/Texas/24-008749-003/2024(H5N1)	1717	2116
PA|PP755594.1|A/cattle/Texas/24-008749-003/2024(H5N1)	1718	2116
PA|PP755594.1|A/cattle/Texas/24-008749-003/2024(H5N1)	1719	2121
PA|PP755594.1|A/cattle/Texas/24-008749-003/2024(H5N1)	1720	2127
PA|PP755594.1|A/cattle/Texas/24-008749-003/2024(H5N1)	1721	2112
PA|PP755594.1|A/cattle/Texas/24-008749-003/2024(H5N1)	1722	2114
PA|PP755594.1|A/cattle/Texas/24-008749-003/2024(H5N1)	1723	2140
PA|PP755594.1|A/cattle/Texas/24-008749-003/2024(H5N1)	1724	2145
PA|PP755594.1|A/cattle/Texas/24-008749-003/2024(H5N1)	1725	2171
PA|PP755594.1|A/cattle/Texas/24-008749-003/2024(H5N1)	1726	2177
PA|PP755594.1|A/cattle/Texas/24-008749-003/2024(H5N1)	1727	2192
PA|PP755594.1|A/cattle/Texas/24-008749-003/2024(H5N1)	1728	2193
PA|PP755594.1|A/cattle/Texas/24-008749-003/2024(H5N1)	1729	2212
PA|PP755594.1|A/cattle/Texas/24-008749-003/2024(H5N1)	1730	2281
PA|PP755594.1|A/cattle/Texas/24-008749-003/2024(H5N1)	1731	2370
PA|PP755594.1|A/cattle/Texas/24-008749-003/2024(H5N1)	1732	2377
PA|PP755594.1|A/cattle/Texas/24-008749-003/2024(H5N1)	1733	2452
PA|PP755594.1|A/cattle/Texas/24-008749-003/2024(H5N1)	1734	2428
PA|PP755594.1|A/cattle/Texas/24-008749-003/2024(H5N1)	1735	2478
PA|PP755594.1|A/cattle/Texas/24-008749-003/2024(H5N1)	1736	2482
PA|PP755594.1|A/cattle/Texas/24-008749-003/2024(H5N1)	1737	2399
PA|PP755594.1|A/cattle/Texas/24-008749-003/2024(H5N1)	1738	2484
PA|PP755594.1|A/cattle/Texas/24-008749-003/2024(H5N1)	1739	2472
PA|PP755594.1|A/cattle/Texas/24-008749-003/2024(H5N1)	1740	2493
PA|PP755594.1|A/cattle/Texas/24-008749-003/2024(H5N1)	1741	2537
PA|PP755594.1|A/cattle/Texas/24-008749-003/2024(H5N1)	1742	2476
PA|PP755594.1|A/cattle/Texas/24-008749-003/2024(H5N1)	1743	2387
PA|PP755594.1|A/cattle/Texas/24-008749-003/2024(H5N1)	1744	2380
PA|PP755594.1|A/cattle/Texas/24-008749-003/2024(H5N1)	1745	2409
PA|PP755594.1|A/cattle/Texas/24-008749-003/2024(H5N1)	1746	2426
PA|PP755594.1|A/cattle/Texas/24-008749-003/2024(H5N1)	1747	2400
PA|PP755594.1|A/cattle/Texas/24-008749-003/2024(H5N1)	1748	2398
PA|PP755594.1|A/cattle/Texas/24-008749-003/2024(H5N1)	1749	2386
PA|PP755594.1|A/cattle/Texas/24-008749-003/2024(H5N1)	1750	2399
PA|PP755594.1|A/cattle/Texas/24-008749-003/2024(H5N1)	1751	2432
PA|PP755594.1|A/cattle/Texas/24-008749-003/2024(H5N1)	1752	2432
PA|PP755594.1|A/cattle/Texas/24-008749-003/2024(H5N1)	1753	2447
PA|PP755594.1|A/cattle/Texas/24-008749-003/2024(H5N1)	1754	2437
PA|PP755594.1|A/cattle/Texas/24-008749-003/2024(H5N1)	1755	2454
PA|PP755594.1|A/cattle/Texas/24-008749-003/2024(H5N1)	1756	2494
PA|PP755594.1|A/cattle/Texas/24-008749-003/2024(H5N1)	1757	2493
PA|PP755594.1|A/cattle/Texas/24-008749-003/2024(H5N1)	1758	2496
PA|PP755594.1|A/cattle/Texas/24-008749-003/2024(H5N1)	1759	2494
PA|PP755594.1|A/cattle/Texas/24-008749-003/2024(H5N1)	1760	2444
PA|PP755594.1|A/cattle/Texas/24-008749-003/2024(H5N1)	1761	2437
PA|PP755594.1|A/cattle/Texas/24-008749-003/2024(H5N1)	1762	2437
PA|PP755594.1|A/cattle/Texas/24-008749-003/2024(H5N1)	1763	2648
PA|PP755594.1|A/cattle/Texas/24-008749-003/2024(H5N1)	1764	2637
PA|PP755594.1|A/cattle/Texas/24-008749-003/2024(H5N1)	1765	2694
PA|PP755594.1|A/cattle/Texas/24-008749-003/2024(H5N1)	1766	2853
PA|PP755594.1|A/cattle/Texas/24-008749-003/2024(H5N1)	1767	2869
PA|PP755594.1|A/cattle/Texas/24-008749-003/2024(H5N1)	1768	2883
PA|PP755594.1|A/cattle/Texas/24-008749-003/2024(H5N1)	1769	2880
PA|PP755594.1|A/cattle/Texas/24-008749-003/2024(H5N1)	1770	2882
PA|PP755594.1|A/cattle/Texas/24-008749-003/2024(H5N1)	1771	2884
PA|PP755594.1|A/cattle/Texas/24-008749-003/2024(H5N1)	1772	2806
PA|PP755594.1|A/cattle/Texas/24-008749-003/2024(H5N1)	1773	2827
PA|PP755594.1|A/cattle/Texas/24-008749-003/2024(H5N1)	1774	2823
PA|PP755594.1|A/cattle/Texas/24-008749-003/2024(H5N1)	1775	2822
PA|PP755594.1|A/cattle/Texas/24-008749-003/2024(H5N1)	1776	2790
PA|PP755594.1|A/cattle/Texas/24-008749-003/2024(H5N1)	1777	2792
PA|PP755594.1|A/cattle/Texas/24-008749-003/2024(H5N1)	1778	2779
PA|PP755594.1|A/cattle/Texas/24-008749-003/2024(H5N1)	1779	2818
PA|PP755594.1|A/cattle/Texas/24-008749-003/2024(H5N1)	1780	2821
PA|PP755594.1|A/cattle/Texas/24-008749-003/2024(H5N1)	1781	2832
PA|PP755594.1|A/cattle/Texas/24-008749-003/2024(H5N1)	1782	2794
PA|PP755594.1|A/cattle/Texas/24-008749-003/2024(H5N1)	1783	2788
PA|PP755594.1|A/cattle/Texas/24-008749-003/2024(H5N1)	1784	2781
PA|PP755594.1|A/cattle/Texas/24-008749-003/2024(H5N1)	1785	2811
PA|PP755594.1|A/cattle/Texas/24-008749-003/2024(H5N1)	1786	2809
PA|PP755594.1|A/cattle/Texas/24-008749-003/2024(H5N1)	1787	2800
PA|PP755594.1|A/cattle/Texas/24-008749-003/2024(H5N1)	1788	2774
PA|PP755594.1|A/cattle/Texas/24-008749-003/2024(H5N1)	1789	2774
PA|PP755594.1|A/cattle/Texas/24-008749-003/2024(H5N1)	1790	2741
PA|PP755594.1|A/cattle/Texas/24-008749-003/2024(H5N1)	1791	2739
PA|PP755594.1|A/cattle/Texas/24-008749-003/2024(H5N1)	1792	2763
PA|PP755594.1|A/cattle/Texas/24-008749-003/2024(H5N1)	1793	2754
PA|PP755594.1|A/cattle/Texas/24-008749-003/2024(H5N1)	1794	2711
PA|PP755594.1|A/cattle/Texas/24-008749-003/2024(H5N1)	1795	2691
PA|PP755594.1|A/cattle/Texas/24-008749-003/2024(H5N1)	1796	2565
PA|PP755594.1|A/cattle/Texas/24-008749-003/2024(H5N1)	1797	2549
PA|PP755594.1|A/cattle/Texas/24-008749-003/2024(H5N1)	1798	2475
PA|PP755594.1|A/cattle/Texas/24-008749-003/2024(H5N1)	1799	2473
PA|PP755594.1|A/cattle/Texas/24-008749-003/2024(H5N1)	1800	2456
PA|PP755594.1|A/cattle/Texas/24-008749-003/2024(H5N1)	1801	2449
PA|PP755594.1|A/cattle/Texas/24-008749-003/2024(H5N1)	1802	2363
PA|PP755594.1|A/cattle/Texas/24-008749-003/2024(H5N1)	1803	2358
PA|PP755594.1|A/cattle/Texas/24-008749-003/2024(H5N1)	1804	2355
PA|PP755594.1|A/cattle/Texas/24-008749-003/2024(H5N1)	1805	2339
PA|PP755594.1|A/cattle/Texas/24-008749-003/2024(H5N1)	1806	2308
PA|PP755594.1|A/cattle/Texas/24-008749-003/2024(H5N1)	1807	2308
PA|PP755594.1|A/cattle/Texas/24-008749-003/2024(H5N1)	1808	2234
PA|PP755594.1|A/cattle/Texas/24-008749-003/2024(H5N1)	1809	2225
PA|PP755594.1|A/cattle/Texas/24-008749-003/2024(H5N1)	1810	2225
PA|PP755594.1|A/cattle/Texas/24-008749-003/2024(H5N1)	1811	2221
PA|PP755594.1|A/cattle/Texas/24-008749-003/2024(H5N1)	1812	1898
PA|PP755594.1|A/cattle/Texas/24-008749-003/2024(H5N1)	1813	1894
PA|PP755594.1|A/cattle/Texas/24-008749-003/2024(H5N1)	1814	1874
PA|PP755594.1|A/cattle/Texas/24-008749-003/2024(H5N1)	1815	1867
PA|PP755594.1|A/cattle/Texas/24-008749-003/2024(H5N1)	1816	1869
PA|PP755594.1|A/cattle/Texas/24-008749-003/2024(H5N1)	1817	1869
PA|PP755594.1|A/cattle/Texas/24-008749-003/2024(H5N1)	1818	1867
PA|PP755594.1|A/cattle/Texas/24-008749-003/2024(H5N1)	1819	1851
PA|PP755594.1|A/cattle/Texas/24-008749-003/2024(H5N1)	1820	1826
PA|PP755594.1|A/cattle/Texas/24-008749-003/2024(H5N1)	1821	1820
PA|PP755594.1|A/cattle/Texas/24-008749-003/2024(H5N1)	1822	1787
PA|PP755594.1|A/cattle/Texas/24-008749-003/2024(H5N1)	1823	1783
PA|PP755594.1|A/cattle/Texas/24-008749-003/2024(H5N1)	1824	1774
PA|PP755594.1|A/cattle/Texas/24-008749-003/2024(H5N1)	1825	1774
PA|PP755594.1|A/cattle/Texas/24-008749-003/2024(H5N1)	1826	1774
PA|PP755594.1|A/cattle/Texas/24-008749-003/2024(H5N1)	1827	1774
PA|PP755594.1|A/cattle/Texas/24-008749-003/2024(H5N1)	1828	2252
PA|PP755594.1|A/cattle/Texas/24-008749-003/2024(H5N1)	1829	2252
PA|PP755594.1|A/cattle/Texas/24-008749-003/2024(H5N1)	1830	2252
PA|PP755594.1|A/cattle/Texas/24-008749-003/2024(H5N1)	1831	2252
PA|PP755594.1|A/cattle/Texas/24-008749-003/2024(H5N1)	1832	2252
PA|PP755594.1|A/cattle/Texas/24-008749-003/2024(H5N1)	1833	2242
PA|PP755594.1|A/cattle/Texas/24-008749-003/2024(H5N1)	1834	2248
PA|PP755594.1|A/cattle/Texas/24-008749-003/2024(H5N1)	1835	2248
PA|PP755594.1|A/cattle/Texas/24-008749-003/2024(H5N1)	1836	2248
PA|PP755594.1|A/cattle/Texas/24-008749-003/2024(H5N1)	1837	2248
PA|PP755594.1|A/cattle/Texas/24-008749-003/2024(H5N1)	1838	2237
PA|PP755594.1|A/cattle/Texas/24-008749-003/2024(H5N1)	1839	2237
PA|PP755594.1|A/cattle/Texas/24-008749-003/2024(H5N1)	1840	2236
PA|PP755594.1|A/cattle/Texas/24-008749-003/2024(H5N1)	1841	2236
PA|PP755594.1|A/cattle/Texas/24-008749-003/2024(H5N1)	1842	2236
PA|PP755594.1|A/cattle/Texas/24-008749-003/2024(H5N1)	1843	2233
PA|PP755594.1|A/cattle/Texas/24-008749-003/2024(H5N1)	1844	2211
PA|PP755594.1|A/cattle/Texas/24-008749-003/2024(H5N1)	1845	2211
PA|PP755594.1|A/cattle/Texas/24-008749-003/2024(H5N1)	1846	2211
PA|PP755594.1|A/cattle/Texas/24-008749-003/2024(H5N1)	1847	2211
PA|PP755594.1|A/cattle/Texas/24-008749-003/2024(H5N1)	1848	2201
PA|PP755594.1|A/cattle/Texas/24-008749-003/2024(H5N1)	1849	2372
PA|PP755594.1|A/cattle/Texas/24-008749-003/2024(H5N1)	1850	2372
PA|PP755594.1|A/cattle/Texas/24-008749-003/2024(H5N1)	1851	2372
PA|PP755594.1|A/cattle/Texas/24-008749-003/2024(H5N1)	1852	2372
PA|PP755594.1|A/cattle/Texas/24-008749-003/2024(H5N1)	1853	2322
PA|PP755594.1|A/cattle/Texas/24-008749-003/2024(H5N1)	1854	2313
PA|PP755594.1|A/cattle/Texas/24-008749-003/2024(H5N1)	1855	2359
PA|PP755594.1|A/cattle/Texas/24-008749-003/2024(H5N1)	1856	2363
PA|PP755594.1|A/cattle/Texas/24-008749-003/2024(H5N1)	1857	2376
PA|PP755594.1|A/cattle/Texas/24-008749-003/2024(H5N1)	1858	2410
PA|PP755594.1|A/cattle/Texas/24-008749-003/2024(H5N1)	1859	2450
PA|PP755594.1|A/cattle/Texas/24-008749-003/2024(H5N1)	1860	2449
PA|PP755594.1|A/cattle/Texas/24-008749-003/2024(H5N1)	1861	2464
PA|PP755594.1|A/cattle/Texas/24-008749-003/2024(H5N1)	1862	2478
PA|PP755594.1|A/cattle/Texas/24-008749-003/2024(H5N1)	1863	2506
PA|PP755594.1|A/cattle/Texas/24-008749-003/2024(H5N1)	1864	2516
PA|PP755594.1|A/cattle/Texas/24-008749-003/2024(H5N1)	1865	2544
PA|PP755594.1|A/cattle/Texas/24-008749-003/2024(H5N1)	1866	2550
PA|PP755594.1|A/cattle/Texas/24-008749-003/2024(H5N1)	1867	2559
PA|PP755594.1|A/cattle/Texas/24-008749-003/2024(H5N1)	1868	2531
PA|PP755594.1|A/cattle/Texas/24-008749-003/2024(H5N1)	1869	2552
PA|PP755594.1|A/cattle/Texas/24-008749-003/2024(H5N1)	1870	2557
PA|PP755594.1|A/cattle/Texas/24-008749-003/2024(H5N1)	1871	2560
PA|PP755594.1|A/cattle/Texas/24-008749-003/2024(H5N1)	1872	2671
PA|PP755594.1|A/cattle/Texas/24-008749-003/2024(H5N1)	1873	2659
PA|PP755594.1|A/cattle/Texas/24-008749-003/2024(H5N1)	1874	2661
PA|PP755594.1|A/cattle/Texas/24-008749-003/2024(H5N1)	1875	2639
PA|PP755594.1|A/cattle/Texas/24-008749-003/2024(H5N1)	1876	2628
PA|PP755594.1|A/cattle/Texas/24-008749-003/2024(H5N1)	1877	2635
PA|PP755594.1|A/cattle/Texas/24-008749-003/2024(H5N1)	1878	2644
PA|PP755594.1|A/cattle/Texas/24-008749-003/2024(H5N1)	1879	2698
PA|PP755594.1|A/cattle/Texas/24-008749-003/2024(H5N1)	1880	2749
PA|PP755594.1|A/cattle/Texas/24-008749-003/2024(H5N1)	1881	2619
PA|PP755594.1|A/cattle/Texas/24-008749-003/2024(H5N1)	1882	2620
PA|PP755594.1|A/cattle/Texas/24-008749-003/2024(H5N1)	1883	2702
PA|PP755594.1|A/cattle/Texas/24-008749-003/2024(H5N1)	1884	2611
PA|PP755594.1|A/cattle/Texas/24-008749-003/2024(H5N1)	1885	2647
PA|PP755594.1|A/cattle/Texas/24-008749-003/2024(H5N1)	1886	2619
PA|PP755594.1|A/cattle/Texas/24-008749-003/2024(H5N1)	1887	2630
PA|PP755594.1|A/cattle/Texas/24-008749-003/2024(H5N1)	1888	2600
PA|PP755594.1|A/cattle/Texas/24-008749-003/2024(H5N1)	1889	2553
PA|PP755594.1|A/cattle/Texas/24-008749-003/2024(H5N1)	1890	2535
PA|PP755594.1|A/cattle/Texas/24-008749-003/2024(H5N1)	1891	2482
PA|PP755594.1|A/cattle/Texas/24-008749-003/2024(H5N1)	1892	2469
PA|PP755594.1|A/cattle/Texas/24-008749-003/2024(H5N1)	1893	2443
PA|PP755594.1|A/cattle/Texas/24-008749-003/2024(H5N1)	1894	2436
PA|PP755594.1|A/cattle/Texas/24-008749-003/2024(H5N1)	1895	2425
PA|PP755594.1|A/cattle/Texas/24-008749-003/2024(H5N1)	1896	2414
PA|PP755594.1|A/cattle/Texas/24-008749-003/2024(H5N1)	1897	2529
PA|PP755594.1|A/cattle/Texas/24-008749-003/2024(H5N1)	1898	2552
PA|PP755594.1|A/cattle/Texas/24-008749-003/2024(H5N1)	1899	2562
PA|PP755594.1|A/cattle/Texas/24-008749-003/2024(H5N1)	1900	2552
PA|PP755594.1|A/cattle/Texas/24-008749-003/2024(H5N1)	1901	2559
PA|PP755594.1|A/cattle/Texas/24-008749-003/2024(H5N1)	1902	2525
PA|PP755594.1|A/cattle/Texas/24-008749-003/2024(H5N1)	1903	2551
PA|PP755594.1|A/cattle/Texas/24-008749-003/2024(H5N1)	1904	2529
PA|PP755594.1|A/cattle/Texas/24-008749-003/2024(H5N1)	1905	2635
PA|PP755594.1|A/cattle/Texas/24-008749-003/2024(H5N1)	1906	2668
PA|PP755594.1|A/cattle/Texas/24-008749-003/2024(H5N1)	1907	2639
PA|PP755594.1|A/cattle/Texas/24-008749-003/2024(H5N1)	1908	2741
PA|PP755594.1|A/cattle/Texas/24-008749-003/2024(H5N1)	1909	2737
PA|PP755594.1|A/cattle/Texas/24-008749-003/2024(H5N1)	1910	2739
PA|PP755594.1|A/cattle/Texas/24-008749-003/2024(H5N1)	1911	2738
PA|PP755594.1|A/cattle/Texas/24-008749-003/2024(H5N1)	1912	2730
PA|PP755594.1|A/cattle/Texas/24-008749-003/2024(H5N1)	1913	2734
PA|PP755594.1|A/cattle/Texas/24-008749-003/2024(H5N1)	1914	2502
PA|PP755594.1|A/cattle/Texas/24-008749-003/2024(H5N1)	1915	2481
PA|PP755594.1|A/cattle/Texas/24-008749-003/2024(H5N1)	1916	2424
PA|PP755594.1|A/cattle/Texas/24-008749-003/2024(H5N1)	1917	2034
PA|PP755594.1|A/cattle/Texas/24-008749-003/2024(H5N1)	1918	2030
PA|PP755594.1|A/cattle/Texas/24-008749-003/2024(H5N1)	1919	2034
PA|PP755594.1|A/cattle/Texas/24-008749-003/2024(H5N1)	1920	2034
PA|PP755594.1|A/cattle/Texas/24-008749-003/2024(H5N1)	1921	2045
PA|PP755594.1|A/cattle/Texas/24-008749-003/2024(H5N1)	1922	2045
PA|PP755594.1|A/cattle/Texas/24-008749-003/2024(H5N1)	1923	2061
PA|PP755594.1|A/cattle/Texas/24-008749-003/2024(H5N1)	1924	2318
PA|PP755594.1|A/cattle/Texas/24-008749-003/2024(H5N1)	1925	2377
PA|PP755594.1|A/cattle/Texas/24-008749-003/2024(H5N1)	1926	2537
PA|PP755594.1|A/cattle/Texas/24-008749-003/2024(H5N1)	1927	2540
PA|PP755594.1|A/cattle/Texas/24-008749-003/2024(H5N1)	1928	2553
PA|PP755594.1|A/cattle/Texas/24-008749-003/2024(H5N1)	1929	2565
PA|PP755594.1|A/cattle/Texas/24-008749-003/2024(H5N1)	1930	2590
PA|PP755594.1|A/cattle/Texas/24-008749-003/2024(H5N1)	1931	2593
PA|PP755594.1|A/cattle/Texas/24-008749-003/2024(H5N1)	1932	2603
PA|PP755594.1|A/cattle/Texas/24-008749-003/2024(H5N1)	1933	2644
PA|PP755594.1|A/cattle/Texas/24-008749-003/2024(H5N1)	1934	2693
PA|PP755594.1|A/cattle/Texas/24-008749-003/2024(H5N1)	1935	2731
PA|PP755594.1|A/cattle/Texas/24-008749-003/2024(H5N1)	1936	2737
PA|PP755594.1|A/cattle/Texas/24-008749-003/2024(H5N1)	1937	2740
PA|PP755594.1|A/cattle/Texas/24-008749-003/2024(H5N1)	1938	2745
PA|PP755594.1|A/cattle/Texas/24-008749-003/2024(H5N1)	1939	2743
PA|PP755594.1|A/cattle/Texas/24-008749-003/2024(H5N1)	1940	2743
PA|PP755594.1|A/cattle/Texas/24-008749-003/2024(H5N1)	1941	2738
PA|PP755594.1|A/cattle/Texas/24-008749-003/2024(H5N1)	1942	2717
PA|PP755594.1|A/cattle/Texas/24-008749-003/2024(H5N1)	1943	2716
PA|PP755594.1|A/cattle/Texas/24-008749-003/2024(H5N1)	1944	2651
PA|PP755594.1|A/cattle/Texas/24-008749-003/2024(H5N1)	1945	2680
PA|PP755594.1|A/cattle/Texas/24-008749-003/2024(H5N1)	1946	2680
PA|PP755594.1|A/cattle/Texas/24-008749-003/2024(H5N1)	1947	2679
PA|PP755594.1|A/cattle/Texas/24-008749-003/2024(H5N1)	1948	2679
PA|PP755594.1|A/cattle/Texas/24-008749-003/2024(H5N1)	1949	2679
PA|PP755594.1|A/cattle/Texas/24-008749-003/2024(H5N1)	1950	2367
PA|PP755594.1|A/cattle/Texas/24-008749-003/2024(H5N1)	1951	2367
PA|PP755594.1|A/cattle/Texas/24-008749-003/2024(H5N1)	1952	2366
PA|PP755594.1|A/cattle/Texas/24-008749-003/2024(H5N1)	1953	2367
PA|PP755594.1|A/cattle/Texas/24-008749-003/2024(H5N1)	1954	2367
PA|PP755594.1|A/cattle/Texas/24-008749-003/2024(H5N1)	1955	2367
PA|PP755594.1|A/cattle/Texas/24-008749-003/2024(H5N1)	1956	2062
PA|PP755594.1|A/cattle/Texas/24-008749-003/2024(H5N1)	1957	2062
PA|PP755594.1|A/cattle/Texas/24-008749-003/2024(H5N1)	1958	2062
PA|PP755594.1|A/cattle/Texas/24-008749-003/2024(H5N1)	1959	2062
PA|PP755594.1|A/cattle/Texas/24-008749-003/2024(H5N1)	1960	2064
PA|PP755594.1|A/cattle/Texas/24-008749-003/2024(H5N1)	1961	2099
PA|PP755594.1|A/cattle/Texas/24-008749-003/2024(H5N1)	1962	2099
PA|PP755594.1|A/cattle/Texas/24-008749-003/2024(H5N1)	1963	2099
PA|PP755594.1|A/cattle/Texas/24-008749-003/2024(H5N1)	1964	2099
PA|PP755594.1|A/cattle/Texas/24-008749-003/2024(H5N1)	1965	2099
PA|PP755594.1|A/cattle/Texas/24-008749-003/2024(H5N1)	1966	2099
PA|PP755594.1|A/cattle/Texas/24-008749-003/2024(H5N1)	1967	2099
PA|PP755594.1|A/cattle/Texas/24-008749-003/2024(H5N1)	1968	2099
PA|PP755594.1|A/cattle/Texas/24-008749-003/2024(H5N1)	1969	2099
PA|PP755594.1|A/cattle/Texas/24-008749-003/2024(H5N1)	1970	2103
PA|PP755594.1|A/cattle/Texas/24-008749-003/2024(H5N1)	1971	2138
PA|PP755594.1|A/cattle/Texas/24-008749-003/2024(H5N1)	1972	2819
PA|PP755594.1|A/cattle/Texas/24-008749-003/2024(H5N1)	1973	2827
PA|PP755594.1|A/cattle/Texas/24-008749-003/2024(H5N1)	1974	2841
PA|PP755594.1|A/cattle/Texas/24-008749-003/2024(H5N1)	1975	2842
PA|PP755594.1|A/cattle/Texas/24-008749-003/2024(H5N1)	1976	2853
PA|PP755594.1|A/cattle/Texas/24-008749-003/2024(H5N1)	1977	2855
PA|PP755594.1|A/cattle/Texas/24-008749-003/2024(H5N1)	1978	2857
PA|PP755594.1|A/cattle/Texas/24-008749-003/2024(H5N1)	1979	2857
PA|PP755594.1|A/cattle/Texas/24-008749-003/2024(H5N1)	1980	2856
PA|PP755594.1|A/cattle/Texas/24-008749-003/2024(H5N1)	1981	2872
PA|PP755594.1|A/cattle/Texas/24-008749-003/2024(H5N1)	1982	2896
PA|PP755594.1|A/cattle/Texas/24-008749-003/2024(H5N1)	1983	2910
PA|PP755594.1|A/cattle/Texas/24-008749-003/2024(H5N1)	1984	2910
PA|PP755594.1|A/cattle/Texas/24-008749-003/2024(H5N1)	1985	2910
PA|PP755594.1|A/cattle/Texas/24-008749-003/2024(H5N1)	1986	2906
PA|PP755594.1|A/cattle/Texas/24-008749-003/2024(H5N1)	1987	2918
PA|PP755594.1|A/cattle/Texas/24-008749-003/2024(H5N1)	1988	2920
PA|PP755594.1|A/cattle/Texas/24-008749-003/2024(H5N1)	1989	2919
PA|PP755594.1|A/cattle/Texas/24-008749-003/2024(H5N1)	1990	2929
PA|PP755594.1|A/cattle/Texas/24-008749-003/2024(H5N1)	1991	2946
PA|PP755594.1|A/cattle/Texas/24-008749-003/2024(H5N1)	1992	2949
PA|PP755594.1|A/cattle/Texas/24-008749-003/2024(H5N1)	1993	3022
PA|PP755594.1|A/cattle/Texas/24-008749-003/2024(H5N1)	1994	3324
PA|PP755594.1|A/cattle/Texas/24-008749-003/2024(H5N1)	1995	3366
PA|PP755594.1|A/cattle/Texas/24-008749-003/2024(H5N1)	1996	3384
PA|PP755594.1|A/cattle/Texas/24-008749-003/2024(H5N1)	1997	3390
PA|PP755594.1|A/cattle/Texas/24-008749-003/2024(H5N1)	1998	3413
PA|PP755594.1|A/cattle/Texas/24-008749-003/2024(H5N1)	1999	3446
PA|PP755594.1|A/cattle/Texas/24-008749-003/2024(H5N1)	2000	3464
PA|PP755594.1|A/cattle/Texas/24-008749-003/2024(H5N1)	2001	3521
PA|PP755594.1|A/cattle/Texas/24-008749-003/2024(H5N1)	2002	3533
PA|PP755594.1|A/cattle/Texas/24-008749-003/2024(H5N1)	2003	3571
PA|PP755594.1|A/cattle/Texas/24-008749-003/2024(H5N1)	2004	3574
PA|PP755594.1|A/cattle/Texas/24-008749-003/2024(H5N1)	2005	3622
PA|PP755594.1|A/cattle/Texas/24-008749-003/2024(H5N1)	2006	3623
PA|PP755594.1|A/cattle/Texas/24-008749-003/2024(H5N1)	2007	3633
PA|PP755594.1|A/cattle/Texas/24-008749-003/2024(H5N1)	2008	3629
PA|PP755594.1|A/cattle/Texas/24-008749-003/2024(H5N1)	2009	3589
PA|PP755594.1|A/cattle/Texas/24-008749-003/2024(H5N1)	2010	3567
PA|PP755594.1|A/cattle/Texas/24-008749-003/2024(H5N1)	2011	3604
PA|PP755594.1|A/cattle/Texas/24-008749-003/2024(H5N1)	2012	3590
PA|PP755594.1|A/cattle/Texas/24-008749-003/2024(H5N1)	2013	3594
PA|PP755594.1|A/cattle/Texas/24-008749-003/2024(H5N1)	2014	3608
PA|PP755594.1|A/cattle/Texas/24-008749-003/2024(H5N1)	2015	3577
PA|PP755594.1|A/cattle/Texas/24-008749-003/2024(H5N1)	2016	3582
PA|PP755594.1|A/cattle/Texas/24-008749-003/2024(H5N1)	2017	3580
PA|PP755594.1|A/cattle/Texas/24-008749-003/2024(H5N1)	2018	3576
PA|PP755594.1|A/cattle/Texas/24-008749-003/2024(H5N1)	2019	3626
PA|PP755594.1|A/cattle/Texas/24-008749-003/2024(H5N1)	2020	3614
PA|PP755594.1|A/cattle/Texas/24-008749-003/2024(H5N1)	2021	3608
PA|PP755594.1|A/cattle/Texas/24-008749-003/2024(H5N1)	2022	3538
PA|PP755594.1|A/cattle/Texas/24-008749-003/2024(H5N1)	2023	3443
PA|PP755594.1|A/cattle/Texas/24-008749-003/2024(H5N1)	2024	3495
PA|PP755594.1|A/cattle/Texas/24-008749-003/2024(H5N1)	2025	3493
PA|PP755594.1|A/cattle/Texas/24-008749-003/2024(H5N1)	2026	3484
PA|PP755594.1|A/cattle/Texas/24-008749-003/2024(H5N1)	2027	3470
PA|PP755594.1|A/cattle/Texas/24-008749-003/2024(H5N1)	2028	3467
PA|PP755594.1|A/cattle/Texas/24-008749-003/2024(H5N1)	2029	3498
PA|PP755594.1|A/cattle/Texas/24-008749-003/2024(H5N1)	2030	3481
PA|PP755594.1|A/cattle/Texas/24-008749-003/2024(H5N1)	2031	3419
PA|PP755594.1|A/cattle/Texas/24-008749-003/2024(H5N1)	2032	3522
PA|PP755594.1|A/cattle/Texas/24-008749-003/2024(H5N1)	2033	3417
PA|PP755594.1|A/cattle/Texas/24-008749-003/2024(H5N1)	2034	3492
PA|PP755594.1|A/cattle/Texas/24-008749-003/2024(H5N1)	2035	3497
PA|PP755594.1|A/cattle/Texas/24-008749-003/2024(H5N1)	2036	3509
PA|PP755594.1|A/cattle/Texas/24-008749-003/2024(H5N1)	2037	3530
PA|PP755594.1|A/cattle/Texas/24-008749-003/2024(H5N1)	2038	3511
PA|PP755594.1|A/cattle/Texas/24-008749-003/2024(H5N1)	2039	3505
PA|PP755594.1|A/cattle/Texas/24-008749-003/2024(H5N1)	2040	3453
PA|PP755594.1|A/cattle/Texas/24-008749-003/2024(H5N1)	2041	3409
PA|PP755594.1|A/cattle/Texas/24-008749-003/2024(H5N1)	2042	3531
PA|PP755594.1|A/cattle/Texas/24-008749-003/2024(H5N1)	2043	3517
PA|PP755594.1|A/cattle/Texas/24-008749-003/2024(H5N1)	2044	3516
PA|PP755594.1|A/cattle/Texas/24-008749-003/2024(H5N1)	2045	3533
PA|PP755594.1|A/cattle/Texas/24-008749-003/2024(H5N1)	2046	3500
PA|PP755594.1|A/cattle/Texas/24-008749-003/2024(H5N1)	2047	3490
PA|PP755594.1|A/cattle/Texas/24-008749-003/2024(H5N1)	2048	3500
PA|PP755594.1|A/cattle/Texas/24-008749-003/2024(H5N1)	2049	3505
PA|PP755594.1|A/cattle/Texas/24-008749-003/2024(H5N1)	2050	3499
PA|PP755594.1|A/cattle/Texas/24-008749-003/2024(H5N1)	2051	3492
PA|PP755594.1|A/cattle/Texas/24-008749-003/2024(H5N1)	2052	3488
PA|PP755594.1|A/cattle/Texas/24-008749-003/2024(H5N1)	2053	3560
PA|PP755594.1|A/cattle/Texas/24-008749-003/2024(H5N1)	2054	3527
PA|PP755594.1|A/cattle/Texas/24-008749-003/2024(H5N1)	2055	3558
PA|PP755594.1|A/cattle/Texas/24-008749-003/2024(H5N1)	2056	3439
PA|PP755594.1|A/cattle/Texas/24-008749-003/2024(H5N1)	2057	3436
PA|PP755594.1|A/cattle/Texas/24-008749-003/2024(H5N1)	2058	3748
PA|PP755594.1|A/cattle/Texas/24-008749-003/2024(H5N1)	2059	3678
PA|PP755594.1|A/cattle/Texas/24-008749-003/2024(H5N1)	2060	3716
PA|PP755594.1|A/cattle/Texas/24-008749-003/2024(H5N1)	2061	3722
PA|PP755594.1|A/cattle/Texas/24-008749-003/2024(H5N1)	2062	3633
PA|PP755594.1|A/cattle/Texas/24-008749-003/2024(H5N1)	2063	3675
PA|PP755594.1|A/cattle/Texas/24-008749-003/2024(H5N1)	2064	3638
PA|PP755594.1|A/cattle/Texas/24-008749-003/2024(H5N1)	2065	3636
PA|PP755594.1|A/cattle/Texas/24-008749-003/2024(H5N1)	2066	3654
PA|PP755594.1|A/cattle/Texas/24-008749-003/2024(H5N1)	2067	3535
PA|PP755594.1|A/cattle/Texas/24-008749-003/2024(H5N1)	2068	3586
PA|PP755594.1|A/cattle/Texas/24-008749-003/2024(H5N1)	2069	3579
PA|PP755594.1|A/cattle/Texas/24-008749-003/2024(H5N1)	2070	3576
PA|PP755594.1|A/cattle/Texas/24-008749-003/2024(H5N1)	2071	3573
PA|PP755594.1|A/cattle/Texas/24-008749-003/2024(H5N1)	2072	3563
PA|PP755594.1|A/cattle/Texas/24-008749-003/2024(H5N1)	2073	3562
PA|PP755594.1|A/cattle/Texas/24-008749-003/2024(H5N1)	2074	3543
PA|PP755594.1|A/cattle/Texas/24-008749-003/2024(H5N1)	2075	3464
PA|PP755594.1|A/cattle/Texas/24-008749-003/2024(H5N1)	2076	3483
PA|PP755594.1|A/cattle/Texas/24-008749-003/2024(H5N1)	2077	3261
PA|PP755594.1|A/cattle/Texas/24-008749-003/2024(H5N1)	2078	3258
PA|PP755594.1|A/cattle/Texas/24-008749-003/2024(H5N1)	2079	3247
PA|PP755594.1|A/cattle/Texas/24-008749-003/2024(H5N1)	2080	3231
PA|PP755594.1|A/cattle/Texas/24-008749-003/2024(H5N1)	2081	3231
PA|PP755594.1|A/cattle/Texas/24-008749-003/2024(H5N1)	2082	3244
PA|PP755594.1|A/cattle/Texas/24-008749-003/2024(H5N1)	2083	3242
PA|PP755594.1|A/cattle/Texas/24-008749-003/2024(H5N1)	2084	3213
PA|PP755594.1|A/cattle/Texas/24-008749-003/2024(H5N1)	2085	3158
PA|PP755594.1|A/cattle/Texas/24-008749-003/2024(H5N1)	2086	3120
PA|PP755594.1|A/cattle/Texas/24-008749-003/2024(H5N1)	2087	3116
PA|PP755594.1|A/cattle/Texas/24-008749-003/2024(H5N1)	2088	3099
PA|PP755594.1|A/cattle/Texas/24-008749-003/2024(H5N1)	2089	3096
PA|PP755594.1|A/cattle/Texas/24-008749-003/2024(H5N1)	2090	3093
PA|PP755594.1|A/cattle/Texas/24-008749-003/2024(H5N1)	2091	3054
PA|PP755594.1|A/cattle/Texas/24-008749-003/2024(H5N1)	2092	3047
PA|PP755594.1|A/cattle/Texas/24-008749-003/2024(H5N1)	2093	2782
PA|PP755594.1|A/cattle/Texas/24-008749-003/2024(H5N1)	2094	2747
PA|PP755594.1|A/cattle/Texas/24-008749-003/2024(H5N1)	2095	2742
PA|PP755594.1|A/cattle/Texas/24-008749-003/2024(H5N1)	2096	2744
PA|PP755594.1|A/cattle/Texas/24-008749-003/2024(H5N1)	2097	2744
PA|PP755594.1|A/cattle/Texas/24-008749-003/2024(H5N1)	2098	2725
PA|PP755594.1|A/cattle/Texas/24-008749-003/2024(H5N1)	2099	2711
PA|PP755594.1|A/cattle/Texas/24-008749-003/2024(H5N1)	2100	2620
PA|PP755594.1|A/cattle/Texas/24-008749-003/2024(H5N1)	2101	2616
PA|PP755594.1|A/cattle/Texas/24-008749-003/2024(H5N1)	2102	2610
PA|PP755594.1|A/cattle/Texas/24-008749-003/2024(H5N1)	2103	2624
PA|PP755594.1|A/cattle/Texas/24-008749-003/2024(H5N1)	2104	2611
PA|PP755594.1|A/cattle/Texas/24-008749-003/2024(H5N1)	2105	2578
PA|PP755594.1|A/cattle/Texas/24-008749-003/2024(H5N1)	2106	2574
PA|PP755594.1|A/cattle/Texas/24-008749-003/2024(H5N1)	2107	2528
PA|PP755594.1|A/cattle/Texas/24-008749-003/2024(H5N1)	2108	2528
PA|PP755594.1|A/cattle/Texas/24-008749-003/2024(H5N1)	2109	2527
PA|PP755594.1|A/cattle/Texas/24-008749-003/2024(H5N1)	2110	2527
PA|PP755594.1|A/cattle/Texas/24-008749-003/2024(H5N1)	2111	2524
PA|PP755594.1|A/cattle/Texas/24-008749-003/2024(H5N1)	2112	2469
PA|PP755594.1|A/cattle/Texas/24-008749-003/2024(H5N1)	2113	2472
PA|PP755594.1|A/cattle/Texas/24-008749-003/2024(H5N1)	2114	2462
PA|PP755594.1|A/cattle/Texas/24-008749-003/2024(H5N1)	2115	2459
PA|PP755594.1|A/cattle/Texas/24-008749-003/2024(H5N1)	2116	2458
PA|PP755594.1|A/cattle/Texas/24-008749-003/2024(H5N1)	2117	2434
PA|PP755594.1|A/cattle/Texas/24-008749-003/2024(H5N1)	2118	2440
PA|PP755594.1|A/cattle/Texas/24-008749-003/2024(H5N1)	2119	2440
PA|PP755594.1|A/cattle/Texas/24-008749-003/2024(H5N1)	2120	2434
PA|PP755594.1|A/cattle/Texas/24-008749-003/2024(H5N1)	2121	2415
PA|PP755594.1|A/cattle/Texas/24-008749-003/2024(H5N1)	2122	2382
PA|PP755594.1|A/cattle/Texas/24-008749-003/2024(H5N1)	2123	2386
PA|PP755594.1|A/cattle/Texas/24-008749-003/2024(H5N1)	2124	2386
PA|PP755594.1|A/cattle/Texas/24-008749-003/2024(H5N1)	2125	2368
PA|PP755594.1|A/cattle/Texas/24-008749-003/2024(H5N1)	2126	2368
PA|PP755594.1|A/cattle/Texas/24-008749-003/2024(H5N1)	2127	2277
PA|PP755594.1|A/cattle/Texas/24-008749-003/2024(H5N1)	2128	2273
PA|PP755594.1|A/cattle/Texas/24-008749-003/2024(H5N1)	2129	2273
PA|PP755594.1|A/cattle/Texas/24-008749-003/2024(H5N1)	2130	2272
PA|PP755594.1|A/cattle/Texas/24-008749-003/2024(H5N1)	2131	2258
PA|PP755594.1|A/cattle/Texas/24-008749-003/2024(H5N1)	2132	2240
PA|PP755594.1|A/cattle/Texas/24-008749-003/2024(H5N1)	2133	2225
PA|PP755594.1|A/cattle/Texas/24-008749-003/2024(H5N1)	2134	2222
PA|PP755594.1|A/cattle/Texas/24-008749-003/2024(H5N1)	2135	2211
PA|PP755594.1|A/cattle/Texas/24-008749-003/2024(H5N1)	2136	2183
PA|PP755594.1|A/cattle/Texas/24-008749-003/2024(H5N1)	2137	2166
PA|PP755594.1|A/cattle/Texas/24-008749-003/2024(H5N1)	2138	2146
PA|PP755594.1|A/cattle/Texas/24-008749-003/2024(H5N1)	2139	2097
PA|PP755594.1|A/cattle/Texas/24-008749-003/2024(H5N1)	2140	2091
PA|PP755594.1|A/cattle/Texas/24-008749-003/2024(H5N1)	2141	2081
PA|PP755594.1|A/cattle/Texas/24-008749-003/2024(H5N1)	2142	2068
PA|PP755594.1|A/cattle/Texas/24-008749-003/2024(H5N1)	2143	2051
PA|PP755594.1|A/cattle/Texas/24-008749-003/2024(H5N1)	2144	1980
PA|PP755594.1|A/cattle/Texas/24-008749-003/2024(H5N1)	2145	1979
PA|PP755594.1|A/cattle/Texas/24-008749-003/2024(H5N1)	2146	1967
PA|PP755594.1|A/cattle/Texas/24-008749-003/2024(H5N1)	2147	1957
PA|PP755594.1|A/cattle/Texas/24-008749-003/2024(H5N1)	2148	1951
PA|PP755594.1|A/cattle/Texas/24-008749-003/2024(H5N1)	2149	1928
PA|PP755594.1|A/cattle/Texas/24-008749-003/2024(H5N1)	2150	1866
PA|PP755594.1|A/cattle/Texas/24-008749-003/2024(H5N1)	2151	1852
