NP|PP755592.1|A/cattle/Texas/24-008749-003/2024(H5N1)	1	7147
NP|PP755592.1|A/cattle/Texas/24-008749-003/2024(H5N1)	2	7185
NP|PP755592.1|A/cattle/Texas/24-008749-003/2024(H5N1)	3	7203
NP|PP755592.1|A/cattle/Texas/24-008749-003/2024(H5N1)	4	7226
NP|PP755592.1|A/cattle/Texas/24-008749-003/2024(H5N1)	5	7243
NP|PP755592.1|A/cattle/Texas/24-008749-003/2024(H5N1)	6	7299
NP|PP755592.1|A/cattle/Texas/24-008749-003/2024(H5N1)	7	7531
NP|PP755592.1|A/cattle/Texas/24-008749-003/2024(H5N1)	8	7597
NP|PP755592.1|A/cattle/Texas/24-008749-003/2024(H5N1)	9	7634
NP|PP755592.1|A/cattle/Texas/24-008749-003/2024(H5N1)	10	7712
NP|PP755592.1|A/cattle/Texas/24-008749-003/2024(H5N1)	11	9777
NP|PP755592.1|A/cattle/Texas/24-008749-003/2024(H5N1)	12	9785
NP|PP755592.1|A/cattle/Texas/24-008749-003/2024(H5N1)	13	9910
NP|PP755592.1|A/cattle/Texas/24-008749-003/2024(H5N1)	14	10255
NP|PP755592.1|A/cattle/Texas/24-008749-003/2024(H5N1)	15	10277
NP|PP755592.1|A/cattle/Texas/24-008749-003/2024(H5N1)	16	10380
NP|PP755592.1|A/cattle/Texas/24-008749-003/2024(H5N1)	17	10442
NP|PP755592.1|A/cattle/Texas/24-008749-003/2024(H5N1)	18	10464
NP|PP755592.1|A/cattle/Texas/24-008749-003/2024(H5N1)	19	10613
NP|PP755592.1|A/cattle/Texas/24-008749-003/2024(H5N1)	20	10620
NP|PP755592.1|A/cattle/Texas/24-008749-003/2024(H5N1)	21	10634
NP|PP755592.1|A/cattle/Texas/24-008749-003/2024(H5N1)	22	10675
NP|PP755592.1|A/cattle/Texas/24-008749-003/2024(H5N1)	23	10676
NP|PP755592.1|A/cattle/Texas/24-008749-003/2024(H5N1)	24	10731
NP|PP755592.1|A/cattle/Texas/24-008749-003/2024(H5N1)	25	10738
NP|PP755592.1|A/cattle/Texas/24-008749-003/2024(H5N1)	26	10980
NP|PP755592.1|A/cattle/Texas/24-008749-003/2024(H5N1)	27	11260
NP|PP755592.1|A/cattle/Texas/24-008749-003/2024(H5N1)	28	11265
NP|PP755592.1|A/cattle/Texas/24-008749-003/2024(H5N1)	29	11282
NP|PP755592.1|A/cattle/Texas/24-008749-003/2024(H5N1)	30	11284
NP|PP755592.1|A/cattle/Texas/24-008749-003/2024(H5N1)	31	11331
NP|PP755592.1|A/cattle/Texas/24-008749-003/2024(H5N1)	32	11368
NP|PP755592.1|A/cattle/Texas/24-008749-003/2024(H5N1)	33	11366
NP|PP755592.1|A/cattle/Texas/24-008749-003/2024(H5N1)	34	11386
NP|PP755592.1|A/cattle/Texas/24-008749-003/2024(H5N1)	35	11498
NP|PP755592.1|A/cattle/Texas/24-008749-003/2024(H5N1)	36	11706
NP|PP755592.1|A/cattle/Texas/24-008749-003/2024(H5N1)	37	11791
NP|PP755592.1|A/cattle/Texas/24-008749-003/2024(H5N1)	38	11800
NP|PP755592.1|A/cattle/Texas/24-008749-003/2024(H5N1)	39	11829
NP|PP755592.1|A/cattle/Texas/24-008749-003/2024(H5N1)	40	11836
NP|PP755592.1|A/cattle/Texas/24-008749-003/2024(H5N1)	41	11853
NP|PP755592.1|A/cattle/Texas/24-008749-003/2024(H5N1)	42	11978
NP|PP755592.1|A/cattle/Texas/24-008749-003/2024(H5N1)	43	12180
NP|PP755592.1|A/cattle/Texas/24-008749-003/2024(H5N1)	44	12481
NP|PP755592.1|A/cattle/Texas/24-008749-003/2024(H5N1)	45	12491
NP|PP755592.1|A/cattle/Texas/24-008749-003/2024(H5N1)	46	12595
NP|PP755592.1|A/cattle/Texas/24-008749-003/2024(H5N1)	47	12614
NP|PP755592.1|A/cattle/Texas/24-008749-003/2024(H5N1)	48	12615
NP|PP755592.1|A/cattle/Texas/24-008749-003/2024(H5N1)	49	12629
NP|PP755592.1|A/cattle/Texas/24-008749-003/2024(H5N1)	50	12695
NP|PP755592.1|A/cattle/Texas/24-008749-003/2024(H5N1)	51	12713
NP|PP755592.1|A/cattle/Texas/24-008749-003/2024(H5N1)	52	12746
NP|PP755592.1|A/cattle/Texas/24-008749-003/2024(H5N1)	53	12837
NP|PP755592.1|A/cattle/Texas/24-008749-003/2024(H5N1)	54	12860
NP|PP755592.1|A/cattle/Texas/24-008749-003/2024(H5N1)	55	13059
NP|PP755592.1|A/cattle/Texas/24-008749-003/2024(H5N1)	56	13070
NP|PP755592.1|A/cattle/Texas/24-008749-003/2024(H5N1)	57	13255
NP|PP755592.1|A/cattle/Texas/24-008749-003/2024(H5N1)	58	13251
NP|PP755592.1|A/cattle/Texas/24-008749-003/2024(H5N1)	59	13274
NP|PP755592.1|A/cattle/Texas/24-008749-003/2024(H5N1)	60	13337
NP|PP755592.1|A/cattle/Texas/24-008749-003/2024(H5N1)	61	13424
NP|PP755592.1|A/cattle/Texas/24-008749-003/2024(H5N1)	62	13501
NP|PP755592.1|A/cattle/Texas/24-008749-003/2024(H5N1)	63	13494
NP|PP755592.1|A/cattle/Texas/24-008749-003/2024(H5N1)	64	13474
NP|PP755592.1|A/cattle/Texas/24-008749-003/2024(H5N1)	65	13525
NP|PP755592.1|A/cattle/Texas/24-008749-003/2024(H5N1)	66	13518
NP|PP755592.1|A/cattle/Texas/24-008749-003/2024(H5N1)	67	13833
NP|PP755592.1|A/cattle/Texas/24-008749-003/2024(H5N1)	68	13846
NP|PP755592.1|A/cattle/Texas/24-008749-003/2024(H5N1)	69	13925
NP|PP755592.1|A/cattle/Texas/24-008749-003/2024(H5N1)	70	13965
NP|PP755592.1|A/cattle/Texas/24-008749-003/2024(H5N1)	71	13979
NP|PP755592.1|A/cattle/Texas/24-008749-003/2024(H5N1)	72	14215
NP|PP755592.1|A/cattle/Texas/24-008749-003/2024(H5N1)	73	14222
NP|PP755592.1|A/cattle/Texas/24-008749-003/2024(H5N1)	74	14221
NP|PP755592.1|A/cattle/Texas/24-008749-003/2024(H5N1)	75	14231
NP|PP755592.1|A/cattle/Texas/24-008749-003/2024(H5N1)	76	14196
NP|PP755592.1|A/cattle/Texas/24-008749-003/2024(H5N1)	77	14317
NP|PP755592.1|A/cattle/Texas/24-008749-003/2024(H5N1)	78	14466
NP|PP755592.1|A/cattle/Texas/24-008749-003/2024(H5N1)	79	14468
NP|PP755592.1|A/cattle/Texas/24-008749-003/2024(H5N1)	80	14628
NP|PP755592.1|A/cattle/Texas/24-008749-003/2024(H5N1)	81	14622
NP|PP755592.1|A/cattle/Texas/24-008749-003/2024(H5N1)	82	14734
NP|PP755592.1|A/cattle/Texas/24-008749-003/2024(H5N1)	83	14931
NP|PP755592.1|A/cattle/Texas/24-008749-003/2024(H5N1)	84	14943
NP|PP755592.1|A/cattle/Texas/24-008749-003/2024(H5N1)	85	15089
NP|PP755592.1|A/cattle/Texas/24-008749-003/2024(H5N1)	86	15084
NP|PP755592.1|A/cattle/Texas/24-008749-003/2024(H5N1)	87	15086
NP|PP755592.1|A/cattle/Texas/24-008749-003/2024(H5N1)	88	15093
NP|PP755592.1|A/cattle/Texas/24-008749-003/2024(H5N1)	89	15219
NP|PP755592.1|A/cattle/Texas/24-008749-003/2024(H5N1)	90	15323
NP|PP755592.1|A/cattle/Texas/24-008749-003/2024(H5N1)	91	15305
NP|PP755592.1|A/cattle/Texas/24-008749-003/2024(H5N1)	92	15307
NP|PP755592.1|A/cattle/Texas/24-008749-003/2024(H5N1)	93	15391
NP|PP755592.1|A/cattle/Texas/24-008749-003/2024(H5N1)	94	15414
NP|PP755592.1|A/cattle/Texas/24-008749-003/2024(H5N1)	95	15405
NP|PP755592.1|A/cattle/Texas/24-008749-003/2024(H5N1)	96	15436
NP|PP755592.1|A/cattle/Texas/24-008749-003/2024(H5N1)	97	15453
NP|PP755592.1|A/cattle/Texas/24-008749-003/2024(H5N1)	98	15414
NP|PP755592.1|A/cattle/Texas/24-008749-003/2024(H5N1)	99	15590
NP|PP755592.1|A/cattle/Texas/24-008749-003/2024(H5N1)	100	15592
NP|PP755592.1|A/cattle/Texas/24-008749-003/2024(H5N1)	101	15593
NP|PP755592.1|A/cattle/Texas/24-008749-003/2024(H5N1)	102	15633
NP|PP755592.1|A/cattle/Texas/24-008749-003/2024(H5N1)	103	15631
NP|PP755592.1|A/cattle/Texas/24-008749-003/2024(H5N1)	104	15639
NP|PP755592.1|A/cattle/Texas/24-008749-003/2024(H5N1)	105	16105
NP|PP755592.1|A/cattle/Texas/24-008749-003/2024(H5N1)	106	14150
NP|PP755592.1|A/cattle/Texas/24-008749-003/2024(H5N1)	107	13560
NP|PP755592.1|A/cattle/Texas/24-008749-003/2024(H5N1)	108	12793
NP|PP755592.1|A/cattle/Texas/24-008749-003/2024(H5N1)	109	12828
NP|PP755592.1|A/cattle/Texas/24-008749-003/2024(H5N1)	110	13432
NP|PP755592.1|A/cattle/Texas/24-008749-003/2024(H5N1)	111	13434
NP|PP755592.1|A/cattle/Texas/24-008749-003/2024(H5N1)	112	13485
NP|PP755592.1|A/cattle/Texas/24-008749-003/2024(H5N1)	113	13484
NP|PP755592.1|A/cattle/Texas/24-008749-003/2024(H5N1)	114	13753
NP|PP755592.1|A/cattle/Texas/24-008749-003/2024(H5N1)	115	13774
NP|PP755592.1|A/cattle/Texas/24-008749-003/2024(H5N1)	116	13940
NP|PP755592.1|A/cattle/Texas/24-008749-003/2024(H5N1)	117	12974
NP|PP755592.1|A/cattle/Texas/24-008749-003/2024(H5N1)	118	12970
NP|PP755592.1|A/cattle/Texas/24-008749-003/2024(H5N1)	119	13661
NP|PP755592.1|A/cattle/Texas/24-008749-003/2024(H5N1)	120	13700
NP|PP755592.1|A/cattle/Texas/24-008749-003/2024(H5N1)	121	14044
NP|PP755592.1|A/cattle/Texas/24-008749-003/2024(H5N1)	122	13718
NP|PP755592.1|A/cattle/Texas/24-008749-003/2024(H5N1)	123	13632
NP|PP755592.1|A/cattle/Texas/24-008749-003/2024(H5N1)	124	13672
NP|PP755592.1|A/cattle/Texas/24-008749-003/2024(H5N1)	125	13621
NP|PP755592.1|A/cattle/Texas/24-008749-003/2024(H5N1)	126	14622
NP|PP755592.1|A/cattle/Texas/24-008749-003/2024(H5N1)	127	14775
NP|PP755592.1|A/cattle/Texas/24-008749-003/2024(H5N1)	128	14696
NP|PP755592.1|A/cattle/Texas/24-008749-003/2024(H5N1)	129	14699
NP|PP755592.1|A/cattle/Texas/24-008749-003/2024(H5N1)	130	14471
NP|PP755592.1|A/cattle/Texas/24-008749-003/2024(H5N1)	131	14646
NP|PP755592.1|A/cattle/Texas/24-008749-003/2024(H5N1)	132	14629
NP|PP755592.1|A/cattle/Texas/24-008749-003/2024(H5N1)	133	14628
NP|PP755592.1|A/cattle/Texas/24-008749-003/2024(H5N1)	134	14240
NP|PP755592.1|A/cattle/Texas/24-008749-003/2024(H5N1)	135	13873
NP|PP755592.1|A/cattle/Texas/24-008749-003/2024(H5N1)	136	14140
NP|PP755592.1|A/cattle/Texas/24-008749-003/2024(H5N1)	137	14140
NP|PP755592.1|A/cattle/Texas/24-008749-003/2024(H5N1)	138	14309
NP|PP755592.1|A/cattle/Texas/24-008749-003/2024(H5N1)	139	14392
NP|PP755592.1|A/cattle/Texas/24-008749-003/2024(H5N1)	140	14344
NP|PP755592.1|A/cattle/Texas/24-008749-003/2024(H5N1)	141	14065
NP|PP755592.1|A/cattle/Texas/24-008749-003/2024(H5N1)	142	14060
NP|PP755592.1|A/cattle/Texas/24-008749-003/2024(H5N1)	143	13984
NP|PP755592.1|A/cattle/Texas/24-008749-003/2024(H5N1)	144	14339
NP|PP755592.1|A/cattle/Texas/24-008749-003/2024(H5N1)	145	14097
NP|PP755592.1|A/cattle/Texas/24-008749-003/2024(H5N1)	146	14178
NP|PP755592.1|A/cattle/Texas/24-008749-003/2024(H5N1)	147	13915
NP|PP755592.1|A/cattle/Texas/24-008749-003/2024(H5N1)	148	13820
NP|PP755592.1|A/cattle/Texas/24-008749-003/2024(H5N1)	149	13961
NP|PP755592.1|A/cattle/Texas/24-008749-003/2024(H5N1)	150	14012
NP|PP755592.1|A/cattle/Texas/24-008749-003/2024(H5N1)	151	14123
NP|PP755592.1|A/cattle/Texas/24-008749-003/2024(H5N1)	152	14662
NP|PP755592.1|A/cattle/Texas/24-008749-003/2024(H5N1)	153	14699
NP|PP755592.1|A/cattle/Texas/24-008749-003/2024(H5N1)	154	14749
NP|PP755592.1|A/cattle/Texas/24-008749-003/2024(H5N1)	155	14764
NP|PP755592.1|A/cattle/Texas/24-008749-003/2024(H5N1)	156	14719
NP|PP755592.1|A/cattle/Texas/24-008749-003/2024(H5N1)	157	14725
NP|PP755592.1|A/cattle/Texas/24-008749-003/2024(H5N1)	158	14688
NP|PP755592.1|A/cattle/Texas/24-008749-003/2024(H5N1)	159	14637
NP|PP755592.1|A/cattle/Texas/24-008749-003/2024(H5N1)	160	14657
NP|PP755592.1|A/cattle/Texas/24-008749-003/2024(H5N1)	161	14648
NP|PP755592.1|A/cattle/Texas/24-008749-003/2024(H5N1)	162	14646
NP|PP755592.1|A/cattle/Texas/24-008749-003/2024(H5N1)	163	14622
NP|PP755592.1|A/cattle/Texas/24-008749-003/2024(H5N1)	164	14594
NP|PP755592.1|A/cattle/Texas/24-008749-003/2024(H5N1)	165	14364
NP|PP755592.1|A/cattle/Texas/24-008749-003/2024(H5N1)	166	14296
NP|PP755592.1|A/cattle/Texas/24-008749-003/2024(H5N1)	167	14259
NP|PP755592.1|A/cattle/Texas/24-008749-003/2024(H5N1)	168	14337
NP|PP755592.1|A/cattle/Texas/24-008749-003/2024(H5N1)	169	14920
NP|PP755592.1|A/cattle/Texas/24-008749-003/2024(H5N1)	170	14804
NP|PP755592.1|A/cattle/Texas/24-008749-003/2024(H5N1)	171	14808
NP|PP755592.1|A/cattle/Texas/24-008749-003/2024(H5N1)	172	14849
NP|PP755592.1|A/cattle/Texas/24-008749-003/2024(H5N1)	173	14813
NP|PP755592.1|A/cattle/Texas/24-008749-003/2024(H5N1)	174	14875
NP|PP755592.1|A/cattle/Texas/24-008749-003/2024(H5N1)	175	14827
NP|PP755592.1|A/cattle/Texas/24-008749-003/2024(H5N1)	176	14820
NP|PP755592.1|A/cattle/Texas/24-008749-003/2024(H5N1)	177	14814
NP|PP755592.1|A/cattle/Texas/24-008749-003/2024(H5N1)	178	14529
NP|PP755592.1|A/cattle/Texas/24-008749-003/2024(H5N1)	179	14690
NP|PP755592.1|A/cattle/Texas/24-008749-003/2024(H5N1)	180	15068
NP|PP755592.1|A/cattle/Texas/24-008749-003/2024(H5N1)	181	15070
NP|PP755592.1|A/cattle/Texas/24-008749-003/2024(H5N1)	182	15066
NP|PP755592.1|A/cattle/Texas/24-008749-003/2024(H5N1)	183	15083
NP|PP755592.1|A/cattle/Texas/24-008749-003/2024(H5N1)	184	15267
NP|PP755592.1|A/cattle/Texas/24-008749-003/2024(H5N1)	185	15663
NP|PP755592.1|A/cattle/Texas/24-008749-003/2024(H5N1)	186	15783
NP|PP755592.1|A/cattle/Texas/24-008749-003/2024(H5N1)	187	15805
NP|PP755592.1|A/cattle/Texas/24-008749-003/2024(H5N1)	188	15759
NP|PP755592.1|A/cattle/Texas/24-008749-003/2024(H5N1)	189	15761
NP|PP755592.1|A/cattle/Texas/24-008749-003/2024(H5N1)	190	15752
NP|PP755592.1|A/cattle/Texas/24-008749-003/2024(H5N1)	191	15773
NP|PP755592.1|A/cattle/Texas/24-008749-003/2024(H5N1)	192	15805
NP|PP755592.1|A/cattle/Texas/24-008749-003/2024(H5N1)	193	15668
NP|PP755592.1|A/cattle/Texas/24-008749-003/2024(H5N1)	194	15658
NP|PP755592.1|A/cattle/Texas/24-008749-003/2024(H5N1)	195	15681
NP|PP755592.1|A/cattle/Texas/24-008749-003/2024(H5N1)	196	15689
NP|PP755592.1|A/cattle/Texas/24-008749-003/2024(H5N1)	197	15588
NP|PP755592.1|A/cattle/Texas/24-008749-003/2024(H5N1)	198	15637
NP|PP755592.1|A/cattle/Texas/24-008749-003/2024(H5N1)	199	15824
NP|PP755592.1|A/cattle/Texas/24-008749-003/2024(H5N1)	200	15797
NP|PP755592.1|A/cattle/Texas/24-008749-003/2024(H5N1)	201	15819
NP|PP755592.1|A/cattle/Texas/24-008749-003/2024(H5N1)	202	15793
NP|PP755592.1|A/cattle/Texas/24-008749-003/2024(H5N1)	203	15869
NP|PP755592.1|A/cattle/Texas/24-008749-003/2024(H5N1)	204	15685
NP|PP755592.1|A/cattle/Texas/24-008749-003/2024(H5N1)	205	15673
NP|PP755592.1|A/cattle/Texas/24-008749-003/2024(H5N1)	206	15658
NP|PP755592.1|A/cattle/Texas/24-008749-003/2024(H5N1)	207	15607
NP|PP755592.1|A/cattle/Texas/24-008749-003/2024(H5N1)	208	15693
NP|PP755592.1|A/cattle/Texas/24-008749-003/2024(H5N1)	209	15803
NP|PP755592.1|A/cattle/Texas/24-008749-003/2024(H5N1)	210	15759
NP|PP755592.1|A/cattle/Texas/24-008749-003/2024(H5N1)	211	15814
NP|PP755592.1|A/cattle/Texas/24-008749-003/2024(H5N1)	212	15797
NP|PP755592.1|A/cattle/Texas/24-008749-003/2024(H5N1)	213	15728
NP|PP755592.1|A/cattle/Texas/24-008749-003/2024(H5N1)	214	15822
NP|PP755592.1|A/cattle/Texas/24-008749-003/2024(H5N1)	215	15812
NP|PP755592.1|A/cattle/Texas/24-008749-003/2024(H5N1)	216	15770
NP|PP755592.1|A/cattle/Texas/24-008749-003/2024(H5N1)	217	15747
NP|PP755592.1|A/cattle/Texas/24-008749-003/2024(H5N1)	218	15426
NP|PP755592.1|A/cattle/Texas/24-008749-003/2024(H5N1)	219	15769
NP|PP755592.1|A/cattle/Texas/24-008749-003/2024(H5N1)	220	15713
NP|PP755592.1|A/cattle/Texas/24-008749-003/2024(H5N1)	221	15944
NP|PP755592.1|A/cattle/Texas/24-008749-003/2024(H5N1)	222	16010
NP|PP755592.1|A/cattle/Texas/24-008749-003/2024(H5N1)	223	15808
NP|PP755592.1|A/cattle/Texas/24-008749-003/2024(H5N1)	224	15853
NP|PP755592.1|A/cattle/Texas/24-008749-003/2024(H5N1)	225	16174
NP|PP755592.1|A/cattle/Texas/24-008749-003/2024(H5N1)	226	16267
NP|PP755592.1|A/cattle/Texas/24-008749-003/2024(H5N1)	227	16358
NP|PP755592.1|A/cattle/Texas/24-008749-003/2024(H5N1)	228	16129
NP|PP755592.1|A/cattle/Texas/24-008749-003/2024(H5N1)	229	16184
NP|PP755592.1|A/cattle/Texas/24-008749-003/2024(H5N1)	230	16161
NP|PP755592.1|A/cattle/Texas/24-008749-003/2024(H5N1)	231	16216
NP|PP755592.1|A/cattle/Texas/24-008749-003/2024(H5N1)	232	16262
NP|PP755592.1|A/cattle/Texas/24-008749-003/2024(H5N1)	233	16206
NP|PP755592.1|A/cattle/Texas/24-008749-003/2024(H5N1)	234	16015
NP|PP755592.1|A/cattle/Texas/24-008749-003/2024(H5N1)	235	15887
NP|PP755592.1|A/cattle/Texas/24-008749-003/2024(H5N1)	236	15876
NP|PP755592.1|A/cattle/Texas/24-008749-003/2024(H5N1)	237	15865
NP|PP755592.1|A/cattle/Texas/24-008749-003/2024(H5N1)	238	15896
NP|PP755592.1|A/cattle/Texas/24-008749-003/2024(H5N1)	239	16523
NP|PP755592.1|A/cattle/Texas/24-008749-003/2024(H5N1)	240	16292
NP|PP755592.1|A/cattle/Texas/24-008749-003/2024(H5N1)	241	16439
NP|PP755592.1|A/cattle/Texas/24-008749-003/2024(H5N1)	242	16504
NP|PP755592.1|A/cattle/Texas/24-008749-003/2024(H5N1)	243	16516
NP|PP755592.1|A/cattle/Texas/24-008749-003/2024(H5N1)	244	16597
NP|PP755592.1|A/cattle/Texas/24-008749-003/2024(H5N1)	245	16590
NP|PP755592.1|A/cattle/Texas/24-008749-003/2024(H5N1)	246	17069
NP|PP755592.1|A/cattle/Texas/24-008749-003/2024(H5N1)	247	17294
NP|PP755592.1|A/cattle/Texas/24-008749-003/2024(H5N1)	248	17302
NP|PP755592.1|A/cattle/Texas/24-008749-003/2024(H5N1)	249	17300
NP|PP755592.1|A/cattle/Texas/24-008749-003/2024(H5N1)	250	17116
NP|PP755592.1|A/cattle/Texas/24-008749-003/2024(H5N1)	251	17777
NP|PP755592.1|A/cattle/Texas/24-008749-003/2024(H5N1)	252	17938
NP|PP755592.1|A/cattle/Texas/24-008749-003/2024(H5N1)	253	18196
NP|PP755592.1|A/cattle/Texas/24-008749-003/2024(H5N1)	254	18255
NP|PP755592.1|A/cattle/Texas/24-008749-003/2024(H5N1)	255	17675
NP|PP755592.1|A/cattle/Texas/24-008749-003/2024(H5N1)	256	17738
NP|PP755592.1|A/cattle/Texas/24-008749-003/2024(H5N1)	257	17742
NP|PP755592.1|A/cattle/Texas/24-008749-003/2024(H5N1)	258	17814
NP|PP755592.1|A/cattle/Texas/24-008749-003/2024(H5N1)	259	17784
NP|PP755592.1|A/cattle/Texas/24-008749-003/2024(H5N1)	260	17107
NP|PP755592.1|A/cattle/Texas/24-008749-003/2024(H5N1)	261	17121
NP|PP755592.1|A/cattle/Texas/24-008749-003/2024(H5N1)	262	17033
NP|PP755592.1|A/cattle/Texas/24-008749-003/2024(H5N1)	263	17204
NP|PP755592.1|A/cattle/Texas/24-008749-003/2024(H5N1)	264	17203
NP|PP755592.1|A/cattle/Texas/24-008749-003/2024(H5N1)	265	16989
NP|PP755592.1|A/cattle/Texas/24-008749-003/2024(H5N1)	266	16849
NP|PP755592.1|A/cattle/Texas/24-008749-003/2024(H5N1)	267	16890
NP|PP755592.1|A/cattle/Texas/24-008749-003/2024(H5N1)	268	16895
NP|PP755592.1|A/cattle/Texas/24-008749-003/2024(H5N1)	269	16893
NP|PP755592.1|A/cattle/Texas/24-008749-003/2024(H5N1)	270	16299
NP|PP755592.1|A/cattle/Texas/24-008749-003/2024(H5N1)	271	16257
NP|PP755592.1|A/cattle/Texas/24-008749-003/2024(H5N1)	272	15940
NP|PP755592.1|A/cattle/Texas/24-008749-003/2024(H5N1)	273	16041
NP|PP755592.1|A/cattle/Texas/24-008749-003/2024(H5N1)	274	15988
NP|PP755592.1|A/cattle/Texas/24-008749-003/2024(H5N1)	275	14661
NP|PP755592.1|A/cattle/Texas/24-008749-003/2024(H5N1)	276	14553
NP|PP755592.1|A/cattle/Texas/24-008749-003/2024(H5N1)	277	14536
NP|PP755592.1|A/cattle/Texas/24-008749-003/2024(H5N1)	278	14647
NP|PP755592.1|A/cattle/Texas/24-008749-003/2024(H5N1)	279	14471
NP|PP755592.1|A/cattle/Texas/24-008749-003/2024(H5N1)	280	14650
NP|PP755592.1|A/cattle/Texas/24-008749-003/2024(H5N1)	281	14725
NP|PP755592.1|A/cattle/Texas/24-008749-003/2024(H5N1)	282	14614
NP|PP755592.1|A/cattle/Texas/24-008749-003/2024(H5N1)	283	14698
NP|PP755592.1|A/cattle/Texas/24-008749-003/2024(H5N1)	284	14664
NP|PP755592.1|A/cattle/Texas/24-008749-003/2024(H5N1)	285	14666
NP|PP755592.1|A/cattle/Texas/24-008749-003/2024(H5N1)	286	15016
NP|PP755592.1|A/cattle/Texas/24-008749-003/2024(H5N1)	287	14911
NP|PP755592.1|A/cattle/Texas/24-008749-003/2024(H5N1)	288	14595
NP|PP755592.1|A/cattle/Texas/24-008749-003/2024(H5N1)	289	14543
NP|PP755592.1|A/cattle/Texas/24-008749-003/2024(H5N1)	290	14445
NP|PP755592.1|A/cattle/Texas/24-008749-003/2024(H5N1)	291	14496
NP|PP755592.1|A/cattle/Texas/24-008749-003/2024(H5N1)	292	14439
NP|PP755592.1|A/cattle/Texas/24-008749-003/2024(H5N1)	293	14870
NP|PP755592.1|A/cattle/Texas/24-008749-003/2024(H5N1)	294	14977
NP|PP755592.1|A/cattle/Texas/24-008749-003/2024(H5N1)	295	14633
NP|PP755592.1|A/cattle/Texas/24-008749-003/2024(H5N1)	296	14617
NP|PP755592.1|A/cattle/Texas/24-008749-003/2024(H5N1)	297	15010
NP|PP755592.1|A/cattle/Texas/24-008749-003/2024(H5N1)	298	15041
NP|PP755592.1|A/cattle/Texas/24-008749-003/2024(H5N1)	299	15072
NP|PP755592.1|A/cattle/Texas/24-008749-003/2024(H5N1)	300	14969
NP|PP755592.1|A/cattle/Texas/24-008749-003/2024(H5N1)	301	14979
NP|PP755592.1|A/cattle/Texas/24-008749-003/2024(H5N1)	302	14723
NP|PP755592.1|A/cattle/Texas/24-008749-003/2024(H5N1)	303	14710
NP|PP755592.1|A/cattle/Texas/24-008749-003/2024(H5N1)	304	14675
NP|PP755592.1|A/cattle/Texas/24-008749-003/2024(H5N1)	305	14629
NP|PP755592.1|A/cattle/Texas/24-008749-003/2024(H5N1)	306	14676
NP|PP755592.1|A/cattle/Texas/24-008749-003/2024(H5N1)	307	15071
NP|PP755592.1|A/cattle/Texas/24-008749-003/2024(H5N1)	308	15058
NP|PP755592.1|A/cattle/Texas/24-008749-003/2024(H5N1)	309	14984
NP|PP755592.1|A/cattle/Texas/24-008749-003/2024(H5N1)	310	15030
NP|PP755592.1|A/cattle/Texas/24-008749-003/2024(H5N1)	311	15163
NP|PP755592.1|A/cattle/Texas/24-008749-003/2024(H5N1)	312	15174
NP|PP755592.1|A/cattle/Texas/24-008749-003/2024(H5N1)	313	15297
NP|PP755592.1|A/cattle/Texas/24-008749-003/2024(H5N1)	314	15311
NP|PP755592.1|A/cattle/Texas/24-008749-003/2024(H5N1)	315	15248
NP|PP755592.1|A/cattle/Texas/24-008749-003/2024(H5N1)	316	15313
NP|PP755592.1|A/cattle/Texas/24-008749-003/2024(H5N1)	317	15329
NP|PP755592.1|A/cattle/Texas/24-008749-003/2024(H5N1)	318	15291
NP|PP755592.1|A/cattle/Texas/24-008749-003/2024(H5N1)	319	15436
NP|PP755592.1|A/cattle/Texas/24-008749-003/2024(H5N1)	320	15222
NP|PP755592.1|A/cattle/Texas/24-008749-003/2024(H5N1)	321	15240
NP|PP755592.1|A/cattle/Texas/24-008749-003/2024(H5N1)	322	15304
NP|PP755592.1|A/cattle/Texas/24-008749-003/2024(H5N1)	323	15268
NP|PP755592.1|A/cattle/Texas/24-008749-003/2024(H5N1)	324	15274
NP|PP755592.1|A/cattle/Texas/24-008749-003/2024(H5N1)	325	15413
NP|PP755592.1|A/cattle/Texas/24-008749-003/2024(H5N1)	326	15485
NP|PP755592.1|A/cattle/Texas/24-008749-003/2024(H5N1)	327	15294
NP|PP755592.1|A/cattle/Texas/24-008749-003/2024(H5N1)	328	15394
NP|PP755592.1|A/cattle/Texas/24-008749-003/2024(H5N1)	329	15151
NP|PP755592.1|A/cattle/Texas/24-008749-003/2024(H5N1)	330	15517
NP|PP755592.1|A/cattle/Texas/24-008749-003/2024(H5N1)	331	15592
NP|PP755592.1|A/cattle/Texas/24-008749-003/2024(H5N1)	332	15598
NP|PP755592.1|A/cattle/Texas/24-008749-003/2024(H5N1)	333	15571
NP|PP755592.1|A/cattle/Texas/24-008749-003/2024(H5N1)	334	15528
NP|PP755592.1|A/cattle/Texas/24-008749-003/2024(H5N1)	335	15611
NP|PP755592.1|A/cattle/Texas/24-008749-003/2024(H5N1)	336	15267
NP|PP755592.1|A/cattle/Texas/24-008749-003/2024(H5N1)	337	15478
NP|PP755592.1|A/cattle/Texas/24-008749-003/2024(H5N1)	338	15670
NP|PP755592.1|A/cattle/Texas/24-008749-003/2024(H5N1)	339	15625
NP|PP755592.1|A/cattle/Texas/24-008749-003/2024(H5N1)	340	15761
NP|PP755592.1|A/cattle/Texas/24-008749-003/2024(H5N1)	341	15909
NP|PP755592.1|A/cattle/Texas/24-008749-003/2024(H5N1)	342	15869
NP|PP755592.1|A/cattle/Texas/24-008749-003/2024(H5N1)	343	15841
NP|PP755592.1|A/cattle/Texas/24-008749-003/2024(H5N1)	344	15662
NP|PP755592.1|A/cattle/Texas/24-008749-003/2024(H5N1)	345	15647
NP|PP755592.1|A/cattle/Texas/24-008749-003/2024(H5N1)	346	15772
NP|PP755592.1|A/cattle/Texas/24-008749-003/2024(H5N1)	347	15864
NP|PP755592.1|A/cattle/Texas/24-008749-003/2024(H5N1)	348	15818
NP|PP755592.1|A/cattle/Texas/24-008749-003/2024(H5N1)	349	15634
NP|PP755592.1|A/cattle/Texas/24-008749-003/2024(H5N1)	350	15671
NP|PP755592.1|A/cattle/Texas/24-008749-003/2024(H5N1)	351	15770
NP|PP755592.1|A/cattle/Texas/24-008749-003/2024(H5N1)	352	15698
NP|PP755592.1|A/cattle/Texas/24-008749-003/2024(H5N1)	353	15712
NP|PP755592.1|A/cattle/Texas/24-008749-003/2024(H5N1)	354	15972
NP|PP755592.1|A/cattle/Texas/24-008749-003/2024(H5N1)	355	15975
NP|PP755592.1|A/cattle/Texas/24-008749-003/2024(H5N1)	356	15983
NP|PP755592.1|A/cattle/Texas/24-008749-003/2024(H5N1)	357	16105
NP|PP755592.1|A/cattle/Texas/24-008749-003/2024(H5N1)	358	16110
NP|PP755592.1|A/cattle/Texas/24-008749-003/2024(H5N1)	359	15873
NP|PP755592.1|A/cattle/Texas/24-008749-003/2024(H5N1)	360	15832
NP|PP755592.1|A/cattle/Texas/24-008749-003/2024(H5N1)	361	15743
NP|PP755592.1|A/cattle/Texas/24-008749-003/2024(H5N1)	362	15728
NP|PP755592.1|A/cattle/Texas/24-008749-003/2024(H5N1)	363	15883
NP|PP755592.1|A/cattle/Texas/24-008749-003/2024(H5N1)	364	16220
NP|PP755592.1|A/cattle/Texas/24-008749-003/2024(H5N1)	365	16224
NP|PP755592.1|A/cattle/Texas/24-008749-003/2024(H5N1)	366	16366
NP|PP755592.1|A/cattle/Texas/24-008749-003/2024(H5N1)	367	16432
NP|PP755592.1|A/cattle/Texas/24-008749-003/2024(H5N1)	368	16112
NP|PP755592.1|A/cattle/Texas/24-008749-003/2024(H5N1)	369	16241
NP|PP755592.1|A/cattle/Texas/24-008749-003/2024(H5N1)	370	16296
NP|PP755592.1|A/cattle/Texas/24-008749-003/2024(H5N1)	371	16390
NP|PP755592.1|A/cattle/Texas/24-008749-003/2024(H5N1)	372	16453
NP|PP755592.1|A/cattle/Texas/24-008749-003/2024(H5N1)	373	16454
NP|PP755592.1|A/cattle/Texas/24-008749-003/2024(H5N1)	374	17516
NP|PP755592.1|A/cattle/Texas/24-008749-003/2024(H5N1)	375	17308
NP|PP755592.1|A/cattle/Texas/24-008749-003/2024(H5N1)	376	17071
NP|PP755592.1|A/cattle/Texas/24-008749-003/2024(H5N1)	377	17072
NP|PP755592.1|A/cattle/Texas/24-008749-003/2024(H5N1)	378	16994
NP|PP755592.1|A/cattle/Texas/24-008749-003/2024(H5N1)	379	16981
NP|PP755592.1|A/cattle/Texas/24-008749-003/2024(H5N1)	380	16829
NP|PP755592.1|A/cattle/Texas/24-008749-003/2024(H5N1)	381	17571
NP|PP755592.1|A/cattle/Texas/24-008749-003/2024(H5N1)	382	17495
NP|PP755592.1|A/cattle/Texas/24-008749-003/2024(H5N1)	383	17664
NP|PP755592.1|A/cattle/Texas/24-008749-003/2024(H5N1)	384	17679
NP|PP755592.1|A/cattle/Texas/24-008749-003/2024(H5N1)	385	17643
NP|PP755592.1|A/cattle/Texas/24-008749-003/2024(H5N1)	386	17661
NP|PP755592.1|A/cattle/Texas/24-008749-003/2024(H5N1)	387	17653
NP|PP755592.1|A/cattle/Texas/24-008749-003/2024(H5N1)	388	17639
NP|PP755592.1|A/cattle/Texas/24-008749-003/2024(H5N1)	389	17746
NP|PP755592.1|A/cattle/Texas/24-008749-003/2024(H5N1)	390	17060
NP|PP755592.1|A/cattle/Texas/24-008749-003/2024(H5N1)	391	17082
NP|PP755592.1|A/cattle/Texas/24-008749-003/2024(H5N1)	392	17106
NP|PP755592.1|A/cattle/Texas/24-008749-003/2024(H5N1)	393	17097
NP|PP755592.1|A/cattle/Texas/24-008749-003/2024(H5N1)	394	17251
NP|PP755592.1|A/cattle/Texas/24-008749-003/2024(H5N1)	395	17229
NP|PP755592.1|A/cattle/Texas/24-008749-003/2024(H5N1)	396	17230
NP|PP755592.1|A/cattle/Texas/24-008749-003/2024(H5N1)	397	16854
NP|PP755592.1|A/cattle/Texas/24-008749-003/2024(H5N1)	398	16569
NP|PP755592.1|A/cattle/Texas/24-008749-003/2024(H5N1)	399	16582
NP|PP755592.1|A/cattle/Texas/24-008749-003/2024(H5N1)	400	16567
NP|PP755592.1|A/cattle/Texas/24-008749-003/2024(H5N1)	401	15980
NP|PP755592.1|A/cattle/Texas/24-008749-003/2024(H5N1)	402	16144
NP|PP755592.1|A/cattle/Texas/24-008749-003/2024(H5N1)	403	15795
NP|PP755592.1|A/cattle/Texas/24-008749-003/2024(H5N1)	404	15815
NP|PP755592.1|A/cattle/Texas/24-008749-003/2024(H5N1)	405	15943
NP|PP755592.1|A/cattle/Texas/24-008749-003/2024(H5N1)	406	16002
NP|PP755592.1|A/cattle/Texas/24-008749-003/2024(H5N1)	407	15967
NP|PP755592.1|A/cattle/Texas/24-008749-003/2024(H5N1)	408	15912
NP|PP755592.1|A/cattle/Texas/24-008749-003/2024(H5N1)	409	15884
NP|PP755592.1|A/cattle/Texas/24-008749-003/2024(H5N1)	410	15876
NP|PP755592.1|A/cattle/Texas/24-008749-003/2024(H5N1)	411	15883
NP|PP755592.1|A/cattle/Texas/24-008749-003/2024(H5N1)	412	15821
NP|PP755592.1|A/cattle/Texas/24-008749-003/2024(H5N1)	413	16069
NP|PP755592.1|A/cattle/Texas/24-008749-003/2024(H5N1)	414	15886
NP|PP755592.1|A/cattle/Texas/24-008749-003/2024(H5N1)	415	15889
NP|PP755592.1|A/cattle/Texas/24-008749-003/2024(H5N1)	416	15825
NP|PP755592.1|A/cattle/Texas/24-008749-003/2024(H5N1)	417	15827
NP|PP755592.1|A/cattle/Texas/24-008749-003/2024(H5N1)	418	15922
NP|PP755592.1|A/cattle/Texas/24-008749-003/2024(H5N1)	419	15978
NP|PP755592.1|A/cattle/Texas/24-008749-003/2024(H5N1)	420	15975
NP|PP755592.1|A/cattle/Texas/24-008749-003/2024(H5N1)	421	15949
NP|PP755592.1|A/cattle/Texas/24-008749-003/2024(H5N1)	422	15946
NP|PP755592.1|A/cattle/Texas/24-008749-003/2024(H5N1)	423	15902
NP|PP755592.1|A/cattle/Texas/24-008749-003/2024(H5N1)	424	16107
NP|PP755592.1|A/cattle/Texas/24-008749-003/2024(H5N1)	425	16136
NP|PP755592.1|A/cattle/Texas/24-008749-003/2024(H5N1)	426	16082
NP|PP755592.1|A/cattle/Texas/24-008749-003/2024(H5N1)	427	16098
NP|PP755592.1|A/cattle/Texas/24-008749-003/2024(H5N1)	428	15989
NP|PP755592.1|A/cattle/Texas/24-008749-003/2024(H5N1)	429	16099
NP|PP755592.1|A/cattle/Texas/24-008749-003/2024(H5N1)	430	16105
NP|PP755592.1|A/cattle/Texas/24-008749-003/2024(H5N1)	431	15931
NP|PP755592.1|A/cattle/Texas/24-008749-003/2024(H5N1)	432	15967
NP|PP755592.1|A/cattle/Texas/24-008749-003/2024(H5N1)	433	15794
NP|PP755592.1|A/cattle/Texas/24-008749-003/2024(H5N1)	434	15818
NP|PP755592.1|A/cattle/Texas/24-008749-003/2024(H5N1)	435	15807
NP|PP755592.1|A/cattle/Texas/24-008749-003/2024(H5N1)	436	15857
NP|PP755592.1|A/cattle/Texas/24-008749-003/2024(H5N1)	437	15841
NP|PP755592.1|A/cattle/Texas/24-008749-003/2024(H5N1)	438	15586
NP|PP755592.1|A/cattle/Texas/24-008749-003/2024(H5N1)	439	15761
NP|PP755592.1|A/cattle/Texas/24-008749-003/2024(H5N1)	440	15759
NP|PP755592.1|A/cattle/Texas/24-008749-003/2024(H5N1)	441	15796
NP|PP755592.1|A/cattle/Texas/24-008749-003/2024(H5N1)	442	15777
NP|PP755592.1|A/cattle/Texas/24-008749-003/2024(H5N1)	443	15632
NP|PP755592.1|A/cattle/Texas/24-008749-003/2024(H5N1)	444	15452
NP|PP755592.1|A/cattle/Texas/24-008749-003/2024(H5N1)	445	15364
NP|PP755592.1|A/cattle/Texas/24-008749-003/2024(H5N1)	446	15041
NP|PP755592.1|A/cattle/Texas/24-008749-003/2024(H5N1)	447	15080
NP|PP755592.1|A/cattle/Texas/24-008749-003/2024(H5N1)	448	15005
NP|PP755592.1|A/cattle/Texas/24-008749-003/2024(H5N1)	449	15302
NP|PP755592.1|A/cattle/Texas/24-008749-003/2024(H5N1)	450	15245
NP|PP755592.1|A/cattle/Texas/24-008749-003/2024(H5N1)	451	15264
NP|PP755592.1|A/cattle/Texas/24-008749-003/2024(H5N1)	452	15288
NP|PP755592.1|A/cattle/Texas/24-008749-003/2024(H5N1)	453	14958
NP|PP755592.1|A/cattle/Texas/24-008749-003/2024(H5N1)	454	14966
NP|PP755592.1|A/cattle/Texas/24-008749-003/2024(H5N1)	455	15085
NP|PP755592.1|A/cattle/Texas/24-008749-003/2024(H5N1)	456	15052
NP|PP755592.1|A/cattle/Texas/24-008749-003/2024(H5N1)	457	15082
NP|PP755592.1|A/cattle/Texas/24-008749-003/2024(H5N1)	458	14816
NP|PP755592.1|A/cattle/Texas/24-008749-003/2024(H5N1)	459	14810
NP|PP755592.1|A/cattle/Texas/24-008749-003/2024(H5N1)	460	14727
NP|PP755592.1|A/cattle/Texas/24-008749-003/2024(H5N1)	461	14660
NP|PP755592.1|A/cattle/Texas/24-008749-003/2024(H5N1)	462	14715
NP|PP755592.1|A/cattle/Texas/24-008749-003/2024(H5N1)	463	14734
NP|PP755592.1|A/cattle/Texas/24-008749-003/2024(H5N1)	464	14576
NP|PP755592.1|A/cattle/Texas/24-008749-003/2024(H5N1)	465	14555
NP|PP755592.1|A/cattle/Texas/24-008749-003/2024(H5N1)	466	14479
NP|PP755592.1|A/cattle/Texas/24-008749-003/2024(H5N1)	467	14561
NP|PP755592.1|A/cattle/Texas/24-008749-003/2024(H5N1)	468	14591
NP|PP755592.1|A/cattle/Texas/24-008749-003/2024(H5N1)	469	14322
NP|PP755592.1|A/cattle/Texas/24-008749-003/2024(H5N1)	470	14079
NP|PP755592.1|A/cattle/Texas/24-008749-003/2024(H5N1)	471	14083
NP|PP755592.1|A/cattle/Texas/24-008749-003/2024(H5N1)	472	14354
NP|PP755592.1|A/cattle/Texas/24-008749-003/2024(H5N1)	473	14410
NP|PP755592.1|A/cattle/Texas/24-008749-003/2024(H5N1)	474	14541
NP|PP755592.1|A/cattle/Texas/24-008749-003/2024(H5N1)	475	14534
NP|PP755592.1|A/cattle/Texas/24-008749-003/2024(H5N1)	476	14332
NP|PP755592.1|A/cattle/Texas/24-008749-003/2024(H5N1)	477	14303
NP|PP755592.1|A/cattle/Texas/24-008749-003/2024(H5N1)	478	14341
NP|PP755592.1|A/cattle/Texas/24-008749-003/2024(H5N1)	479	14431
NP|PP755592.1|A/cattle/Texas/24-008749-003/2024(H5N1)	480	14729
NP|PP755592.1|A/cattle/Texas/24-008749-003/2024(H5N1)	481	14418
NP|PP755592.1|A/cattle/Texas/24-008749-003/2024(H5N1)	482	14363
NP|PP755592.1|A/cattle/Texas/24-008749-003/2024(H5N1)	483	14487
NP|PP755592.1|A/cattle/Texas/24-008749-003/2024(H5N1)	484	14627
NP|PP755592.1|A/cattle/Texas/24-008749-003/2024(H5N1)	485	14661
NP|PP755592.1|A/cattle/Texas/24-008749-003/2024(H5N1)	486	14569
NP|PP755592.1|A/cattle/Texas/24-008749-003/2024(H5N1)	487	14551
NP|PP755592.1|A/cattle/Texas/24-008749-003/2024(H5N1)	488	13875
NP|PP755592.1|A/cattle/Texas/24-008749-003/2024(H5N1)	489	13718
NP|PP755592.1|A/cattle/Texas/24-008749-003/2024(H5N1)	490	13548
NP|PP755592.1|A/cattle/Texas/24-008749-003/2024(H5N1)	491	13520
NP|PP755592.1|A/cattle/Texas/24-008749-003/2024(H5N1)	492	13528
NP|PP755592.1|A/cattle/Texas/24-008749-003/2024(H5N1)	493	13396
NP|PP755592.1|A/cattle/Texas/24-008749-003/2024(H5N1)	494	13526
NP|PP755592.1|A/cattle/Texas/24-008749-003/2024(H5N1)	495	13368
NP|PP755592.1|A/cattle/Texas/24-008749-003/2024(H5N1)	496	13590
NP|PP755592.1|A/cattle/Texas/24-008749-003/2024(H5N1)	497	13608
NP|PP755592.1|A/cattle/Texas/24-008749-003/2024(H5N1)	498	13534
NP|PP755592.1|A/cattle/Texas/24-008749-003/2024(H5N1)	499	13913
NP|PP755592.1|A/cattle/Texas/24-008749-003/2024(H5N1)	500	13891
NP|PP755592.1|A/cattle/Texas/24-008749-003/2024(H5N1)	501	13854
NP|PP755592.1|A/cattle/Texas/24-008749-003/2024(H5N1)	502	13874
NP|PP755592.1|A/cattle/Texas/24-008749-003/2024(H5N1)	503	13569
NP|PP755592.1|A/cattle/Texas/24-008749-003/2024(H5N1)	504	13695
NP|PP755592.1|A/cattle/Texas/24-008749-003/2024(H5N1)	505	13561
NP|PP755592.1|A/cattle/Texas/24-008749-003/2024(H5N1)	506	14168
NP|PP755592.1|A/cattle/Texas/24-008749-003/2024(H5N1)	507	14157
NP|PP755592.1|A/cattle/Texas/24-008749-003/2024(H5N1)	508	14002
NP|PP755592.1|A/cattle/Texas/24-008749-003/2024(H5N1)	509	14033
NP|PP755592.1|A/cattle/Texas/24-008749-003/2024(H5N1)	510	14512
NP|PP755592.1|A/cattle/Texas/24-008749-003/2024(H5N1)	511	14634
NP|PP755592.1|A/cattle/Texas/24-008749-003/2024(H5N1)	512	14676
NP|PP755592.1|A/cattle/Texas/24-008749-003/2024(H5N1)	513	14568
NP|PP755592.1|A/cattle/Texas/24-008749-003/2024(H5N1)	514	14820
NP|PP755592.1|A/cattle/Texas/24-008749-003/2024(H5N1)	515	14407
NP|PP755592.1|A/cattle/Texas/24-008749-003/2024(H5N1)	516	15448
NP|PP755592.1|A/cattle/Texas/24-008749-003/2024(H5N1)	517	15414
NP|PP755592.1|A/cattle/Texas/24-008749-003/2024(H5N1)	518	15347
NP|PP755592.1|A/cattle/Texas/24-008749-003/2024(H5N1)	519	15389
NP|PP755592.1|A/cattle/Texas/24-008749-003/2024(H5N1)	520	15270
NP|PP755592.1|A/cattle/Texas/24-008749-003/2024(H5N1)	521	15233
NP|PP755592.1|A/cattle/Texas/24-008749-003/2024(H5N1)	522	15169
NP|PP755592.1|A/cattle/Texas/24-008749-003/2024(H5N1)	523	14951
NP|PP755592.1|A/cattle/Texas/24-008749-003/2024(H5N1)	524	14914
NP|PP755592.1|A/cattle/Texas/24-008749-003/2024(H5N1)	525	14063
NP|PP755592.1|A/cattle/Texas/24-008749-003/2024(H5N1)	526	14084
NP|PP755592.1|A/cattle/Texas/24-008749-003/2024(H5N1)	527	14061
NP|PP755592.1|A/cattle/Texas/24-008749-003/2024(H5N1)	528	14051
NP|PP755592.1|A/cattle/Texas/24-008749-003/2024(H5N1)	529	14038
NP|PP755592.1|A/cattle/Texas/24-008749-003/2024(H5N1)	530	14078
NP|PP755592.1|A/cattle/Texas/24-008749-003/2024(H5N1)	531	14064
NP|PP755592.1|A/cattle/Texas/24-008749-003/2024(H5N1)	532	13407
NP|PP755592.1|A/cattle/Texas/24-008749-003/2024(H5N1)	533	13356
NP|PP755592.1|A/cattle/Texas/24-008749-003/2024(H5N1)	534	13306
NP|PP755592.1|A/cattle/Texas/24-008749-003/2024(H5N1)	535	13454
NP|PP755592.1|A/cattle/Texas/24-008749-003/2024(H5N1)	536	13433
NP|PP755592.1|A/cattle/Texas/24-008749-003/2024(H5N1)	537	13433
NP|PP755592.1|A/cattle/Texas/24-008749-003/2024(H5N1)	538	13435
NP|PP755592.1|A/cattle/Texas/24-008749-003/2024(H5N1)	539	13599
NP|PP755592.1|A/cattle/Texas/24-008749-003/2024(H5N1)	540	13367
NP|PP755592.1|A/cattle/Texas/24-008749-003/2024(H5N1)	541	13365
NP|PP755592.1|A/cattle/Texas/24-008749-003/2024(H5N1)	542	13365
NP|PP755592.1|A/cattle/Texas/24-008749-003/2024(H5N1)	543	13246
NP|PP755592.1|A/cattle/Texas/24-008749-003/2024(H5N1)	544	13438
NP|PP755592.1|A/cattle/Texas/24-008749-003/2024(H5N1)	545	13264
NP|PP755592.1|A/cattle/Texas/24-008749-003/2024(H5N1)	546	13392
NP|PP755592.1|A/cattle/Texas/24-008749-003/2024(H5N1)	547	13594
NP|PP755592.1|A/cattle/Texas/24-008749-003/2024(H5N1)	548	13983
NP|PP755592.1|A/cattle/Texas/24-008749-003/2024(H5N1)	549	14020
NP|PP755592.1|A/cattle/Texas/24-008749-003/2024(H5N1)	550	14006
NP|PP755592.1|A/cattle/Texas/24-008749-003/2024(H5N1)	551	14008
NP|PP755592.1|A/cattle/Texas/24-008749-003/2024(H5N1)	552	13986
NP|PP755592.1|A/cattle/Texas/24-008749-003/2024(H5N1)	553	13802
NP|PP755592.1|A/cattle/Texas/24-008749-003/2024(H5N1)	554	14460
NP|PP755592.1|A/cattle/Texas/24-008749-003/2024(H5N1)	555	14387
NP|PP755592.1|A/cattle/Texas/24-008749-003/2024(H5N1)	556	14246
NP|PP755592.1|A/cattle/Texas/24-008749-003/2024(H5N1)	557	14318
NP|PP755592.1|A/cattle/Texas/24-008749-003/2024(H5N1)	558	14357
NP|PP755592.1|A/cattle/Texas/24-008749-003/2024(H5N1)	559	14356
NP|PP755592.1|A/cattle/Texas/24-008749-003/2024(H5N1)	560	14622
NP|PP755592.1|A/cattle/Texas/24-008749-003/2024(H5N1)	561	14650
NP|PP755592.1|A/cattle/Texas/24-008749-003/2024(H5N1)	562	14633
NP|PP755592.1|A/cattle/Texas/24-008749-003/2024(H5N1)	563	14598
NP|PP755592.1|A/cattle/Texas/24-008749-003/2024(H5N1)	564	14272
NP|PP755592.1|A/cattle/Texas/24-008749-003/2024(H5N1)	565	14597
NP|PP755592.1|A/cattle/Texas/24-008749-003/2024(H5N1)	566	14769
NP|PP755592.1|A/cattle/Texas/24-008749-003/2024(H5N1)	567	14801
NP|PP755592.1|A/cattle/Texas/24-008749-003/2024(H5N1)	568	14813
NP|PP755592.1|A/cattle/Texas/24-008749-003/2024(H5N1)	569	14623
NP|PP755592.1|A/cattle/Texas/24-008749-003/2024(H5N1)	570	15311
NP|PP755592.1|A/cattle/Texas/24-008749-003/2024(H5N1)	571	15335
NP|PP755592.1|A/cattle/Texas/24-008749-003/2024(H5N1)	572	15320
NP|PP755592.1|A/cattle/Texas/24-008749-003/2024(H5N1)	573	15315
NP|PP755592.1|A/cattle/Texas/24-008749-003/2024(H5N1)	574	15449
NP|PP755592.1|A/cattle/Texas/24-008749-003/2024(H5N1)	575	15274
NP|PP755592.1|A/cattle/Texas/24-008749-003/2024(H5N1)	576	15522
NP|PP755592.1|A/cattle/Texas/24-008749-003/2024(H5N1)	577	15502
NP|PP755592.1|A/cattle/Texas/24-008749-003/2024(H5N1)	578	15500
NP|PP755592.1|A/cattle/Texas/24-008749-003/2024(H5N1)	579	15598
NP|PP755592.1|A/cattle/Texas/24-008749-003/2024(H5N1)	580	15636
NP|PP755592.1|A/cattle/Texas/24-008749-003/2024(H5N1)	581	15804
NP|PP755592.1|A/cattle/Texas/24-008749-003/2024(H5N1)	582	15872
NP|PP755592.1|A/cattle/Texas/24-008749-003/2024(H5N1)	583	15729
NP|PP755592.1|A/cattle/Texas/24-008749-003/2024(H5N1)	584	15733
NP|PP755592.1|A/cattle/Texas/24-008749-003/2024(H5N1)	585	15635
NP|PP755592.1|A/cattle/Texas/24-008749-003/2024(H5N1)	586	15698
NP|PP755592.1|A/cattle/Texas/24-008749-003/2024(H5N1)	587	15623
NP|PP755592.1|A/cattle/Texas/24-008749-003/2024(H5N1)	588	15584
NP|PP755592.1|A/cattle/Texas/24-008749-003/2024(H5N1)	589	15612
NP|PP755592.1|A/cattle/Texas/24-008749-003/2024(H5N1)	590	15499
NP|PP755592.1|A/cattle/Texas/24-008749-003/2024(H5N1)	591	15466
NP|PP755592.1|A/cattle/Texas/24-008749-003/2024(H5N1)	592	15504
NP|PP755592.1|A/cattle/Texas/24-008749-003/2024(H5N1)	593	15690
NP|PP755592.1|A/cattle/Texas/24-008749-003/2024(H5N1)	594	15683
NP|PP755592.1|A/cattle/Texas/24-008749-003/2024(H5N1)	595	15495
NP|PP755592.1|A/cattle/Texas/24-008749-003/2024(H5N1)	596	15495
NP|PP755592.1|A/cattle/Texas/24-008749-003/2024(H5N1)	597	15344
NP|PP755592.1|A/cattle/Texas/24-008749-003/2024(H5N1)	598	15284
NP|PP755592.1|A/cattle/Texas/24-008749-003/2024(H5N1)	599	15547
NP|PP755592.1|A/cattle/Texas/24-008749-003/2024(H5N1)	600	15281
NP|PP755592.1|A/cattle/Texas/24-008749-003/2024(H5N1)	601	15343
NP|PP755592.1|A/cattle/Texas/24-008749-003/2024(H5N1)	602	15281
NP|PP755592.1|A/cattle/Texas/24-008749-003/2024(H5N1)	603	15255
NP|PP755592.1|A/cattle/Texas/24-008749-003/2024(H5N1)	604	15300
NP|PP755592.1|A/cattle/Texas/24-008749-003/2024(H5N1)	605	15287
NP|PP755592.1|A/cattle/Texas/24-008749-003/2024(H5N1)	606	15113
NP|PP755592.1|A/cattle/Texas/24-008749-003/2024(H5N1)	607	15118
NP|PP755592.1|A/cattle/Texas/24-008749-003/2024(H5N1)	608	15058
NP|PP755592.1|A/cattle/Texas/24-008749-003/2024(H5N1)	609	15009
NP|PP755592.1|A/cattle/Texas/24-008749-003/2024(H5N1)	610	14837
NP|PP755592.1|A/cattle/Texas/24-008749-003/2024(H5N1)	611	14835
NP|PP755592.1|A/cattle/Texas/24-008749-003/2024(H5N1)	612	14901
NP|PP755592.1|A/cattle/Texas/24-008749-003/2024(H5N1)	613	14897
NP|PP755592.1|A/cattle/Texas/24-008749-003/2024(H5N1)	614	14991
NP|PP755592.1|A/cattle/Texas/24-008749-003/2024(H5N1)	615	15192
NP|PP755592.1|A/cattle/Texas/24-008749-003/2024(H5N1)	616	15198
NP|PP755592.1|A/cattle/Texas/24-008749-003/2024(H5N1)	617	15197
NP|PP755592.1|A/cattle/Texas/24-008749-003/2024(H5N1)	618	14948
NP|PP755592.1|A/cattle/Texas/24-008749-003/2024(H5N1)	619	14948
NP|PP755592.1|A/cattle/Texas/24-008749-003/2024(H5N1)	620	14949
NP|PP755592.1|A/cattle/Texas/24-008749-003/2024(H5N1)	621	14953
NP|PP755592.1|A/cattle/Texas/24-008749-003/2024(H5N1)	622	15008
NP|PP755592.1|A/cattle/Texas/24-008749-003/2024(H5N1)	623	14716
NP|PP755592.1|A/cattle/Texas/24-008749-003/2024(H5N1)	624	14544
NP|PP755592.1|A/cattle/Texas/24-008749-003/2024(H5N1)	625	14687
NP|PP755592.1|A/cattle/Texas/24-008749-003/2024(H5N1)	626	14705
NP|PP755592.1|A/cattle/Texas/24-008749-003/2024(H5N1)	627	14750
NP|PP755592.1|A/cattle/Texas/24-008749-003/2024(H5N1)	628	14754
NP|PP755592.1|A/cattle/Texas/24-008749-003/2024(H5N1)	629	14719
NP|PP755592.1|A/cattle/Texas/24-008749-003/2024(H5N1)	630	14267
NP|PP755592.1|A/cattle/Texas/24-008749-003/2024(H5N1)	631	13986
NP|PP755592.1|A/cattle/Texas/24-008749-003/2024(H5N1)	632	13945
NP|PP755592.1|A/cattle/Texas/24-008749-003/2024(H5N1)	633	13939
NP|PP755592.1|A/cattle/Texas/24-008749-003/2024(H5N1)	634	13825
NP|PP755592.1|A/cattle/Texas/24-008749-003/2024(H5N1)	635	13677
NP|PP755592.1|A/cattle/Texas/24-008749-003/2024(H5N1)	636	13734
NP|PP755592.1|A/cattle/Texas/24-008749-003/2024(H5N1)	637	13630
NP|PP755592.1|A/cattle/Texas/24-008749-003/2024(H5N1)	638	13606
NP|PP755592.1|A/cattle/Texas/24-008749-003/2024(H5N1)	639	13699
NP|PP755592.1|A/cattle/Texas/24-008749-003/2024(H5N1)	640	13607
NP|PP755592.1|A/cattle/Texas/24-008749-003/2024(H5N1)	641	13918
NP|PP755592.1|A/cattle/Texas/24-008749-003/2024(H5N1)	642	14255
NP|PP755592.1|A/cattle/Texas/24-008749-003/2024(H5N1)	643	14253
NP|PP755592.1|A/cattle/Texas/24-008749-003/2024(H5N1)	644	13976
NP|PP755592.1|A/cattle/Texas/24-008749-003/2024(H5N1)	645	13974
NP|PP755592.1|A/cattle/Texas/24-008749-003/2024(H5N1)	646	13980
NP|PP755592.1|A/cattle/Texas/24-008749-003/2024(H5N1)	647	13907
NP|PP755592.1|A/cattle/Texas/24-008749-003/2024(H5N1)	648	14304
NP|PP755592.1|A/cattle/Texas/24-008749-003/2024(H5N1)	649	14306
NP|PP755592.1|A/cattle/Texas/24-008749-003/2024(H5N1)	650	14313
NP|PP755592.1|A/cattle/Texas/24-008749-003/2024(H5N1)	651	14358
NP|PP755592.1|A/cattle/Texas/24-008749-003/2024(H5N1)	652	14924
NP|PP755592.1|A/cattle/Texas/24-008749-003/2024(H5N1)	653	14972
NP|PP755592.1|A/cattle/Texas/24-008749-003/2024(H5N1)	654	14787
NP|PP755592.1|A/cattle/Texas/24-008749-003/2024(H5N1)	655	14781
NP|PP755592.1|A/cattle/Texas/24-008749-003/2024(H5N1)	656	14764
NP|PP755592.1|A/cattle/Texas/24-008749-003/2024(H5N1)	657	14320
NP|PP755592.1|A/cattle/Texas/24-008749-003/2024(H5N1)	658	14346
NP|PP755592.1|A/cattle/Texas/24-008749-003/2024(H5N1)	659	14454
NP|PP755592.1|A/cattle/Texas/24-008749-003/2024(H5N1)	660	14426
NP|PP755592.1|A/cattle/Texas/24-008749-003/2024(H5N1)	661	13918
NP|PP755592.1|A/cattle/Texas/24-008749-003/2024(H5N1)	662	13816
NP|PP755592.1|A/cattle/Texas/24-008749-003/2024(H5N1)	663	14144
NP|PP755592.1|A/cattle/Texas/24-008749-003/2024(H5N1)	664	14378
NP|PP755592.1|A/cattle/Texas/24-008749-003/2024(H5N1)	665	14101
NP|PP755592.1|A/cattle/Texas/24-008749-003/2024(H5N1)	666	14240
NP|PP755592.1|A/cattle/Texas/24-008749-003/2024(H5N1)	667	13171
NP|PP755592.1|A/cattle/Texas/24-008749-003/2024(H5N1)	668	13164
NP|PP755592.1|A/cattle/Texas/24-008749-003/2024(H5N1)	669	13381
NP|PP755592.1|A/cattle/Texas/24-008749-003/2024(H5N1)	670	13391
NP|PP755592.1|A/cattle/Texas/24-008749-003/2024(H5N1)	671	13436
NP|PP755592.1|A/cattle/Texas/24-008749-003/2024(H5N1)	672	13734
NP|PP755592.1|A/cattle/Texas/24-008749-003/2024(H5N1)	673	13657
NP|PP755592.1|A/cattle/Texas/24-008749-003/2024(H5N1)	674	13689
NP|PP755592.1|A/cattle/Texas/24-008749-003/2024(H5N1)	675	13480
NP|PP755592.1|A/cattle/Texas/24-008749-003/2024(H5N1)	676	13510
NP|PP755592.1|A/cattle/Texas/24-008749-003/2024(H5N1)	677	13605
NP|PP755592.1|A/cattle/Texas/24-008749-003/2024(H5N1)	678	13675
NP|PP755592.1|A/cattle/Texas/24-008749-003/2024(H5N1)	679	13679
NP|PP755592.1|A/cattle/Texas/24-008749-003/2024(H5N1)	680	13649
NP|PP755592.1|A/cattle/Texas/24-008749-003/2024(H5N1)	681	13639
NP|PP755592.1|A/cattle/Texas/24-008749-003/2024(H5N1)	682	13755
NP|PP755592.1|A/cattle/Texas/24-008749-003/2024(H5N1)	683	13798
NP|PP755592.1|A/cattle/Texas/24-008749-003/2024(H5N1)	684	13772
NP|PP755592.1|A/cattle/Texas/24-008749-003/2024(H5N1)	685	13696
NP|PP755592.1|A/cattle/Texas/24-008749-003/2024(H5N1)	686	13546
NP|PP755592.1|A/cattle/Texas/24-008749-003/2024(H5N1)	687	14023
NP|PP755592.1|A/cattle/Texas/24-008749-003/2024(H5N1)	688	14109
NP|PP755592.1|A/cattle/Texas/24-008749-003/2024(H5N1)	689	14091
NP|PP755592.1|A/cattle/Texas/24-008749-003/2024(H5N1)	690	14039
NP|PP755592.1|A/cattle/Texas/24-008749-003/2024(H5N1)	691	13968
NP|PP755592.1|A/cattle/Texas/24-008749-003/2024(H5N1)	692	13975
NP|PP755592.1|A/cattle/Texas/24-008749-003/2024(H5N1)	693	13998
NP|PP755592.1|A/cattle/Texas/24-008749-003/2024(H5N1)	694	13992
NP|PP755592.1|A/cattle/Texas/24-008749-003/2024(H5N1)	695	14152
NP|PP755592.1|A/cattle/Texas/24-008749-003/2024(H5N1)	696	13678
NP|PP755592.1|A/cattle/Texas/24-008749-003/2024(H5N1)	697	13684
NP|PP755592.1|A/cattle/Texas/24-008749-003/2024(H5N1)	698	13810
NP|PP755592.1|A/cattle/Texas/24-008749-003/2024(H5N1)	699	13761
NP|PP755592.1|A/cattle/Texas/24-008749-003/2024(H5N1)	700	13806
NP|PP755592.1|A/cattle/Texas/24-008749-003/2024(H5N1)	701	13905
NP|PP755592.1|A/cattle/Texas/24-008749-003/2024(H5N1)	702	13918
NP|PP755592.1|A/cattle/Texas/24-008749-003/2024(H5N1)	703	14244
NP|PP755592.1|A/cattle/Texas/24-008749-003/2024(H5N1)	704	13845
NP|PP755592.1|A/cattle/Texas/24-008749-003/2024(H5N1)	705	13494
NP|PP755592.1|A/cattle/Texas/24-008749-003/2024(H5N1)	706	13288
NP|PP755592.1|A/cattle/Texas/24-008749-003/2024(H5N1)	707	13525
NP|PP755592.1|A/cattle/Texas/24-008749-003/2024(H5N1)	708	13572
NP|PP755592.1|A/cattle/Texas/24-008749-003/2024(H5N1)	709	13528
NP|PP755592.1|A/cattle/Texas/24-008749-003/2024(H5N1)	710	14143
NP|PP755592.1|A/cattle/Texas/24-008749-003/2024(H5N1)	711	14135
NP|PP755592.1|A/cattle/Texas/24-008749-003/2024(H5N1)	712	14919
NP|PP755592.1|A/cattle/Texas/24-008749-003/2024(H5N1)	713	15069
NP|PP755592.1|A/cattle/Texas/24-008749-003/2024(H5N1)	714	15060
NP|PP755592.1|A/cattle/Texas/24-008749-003/2024(H5N1)	715	15080
NP|PP755592.1|A/cattle/Texas/24-008749-003/2024(H5N1)	716	14750
NP|PP755592.1|A/cattle/Texas/24-008749-003/2024(H5N1)	717	14590
NP|PP755592.1|A/cattle/Texas/24-008749-003/2024(H5N1)	718	14843
NP|PP755592.1|A/cattle/Texas/24-008749-003/2024(H5N1)	719	14892
NP|PP755592.1|A/cattle/Texas/24-008749-003/2024(H5N1)	720	15408
NP|PP755592.1|A/cattle/Texas/24-008749-003/2024(H5N1)	721	14607
NP|PP755592.1|A/cattle/Texas/24-008749-003/2024(H5N1)	722	14755
NP|PP755592.1|A/cattle/Texas/24-008749-003/2024(H5N1)	723	14927
NP|PP755592.1|A/cattle/Texas/24-008749-003/2024(H5N1)	724	15006
NP|PP755592.1|A/cattle/Texas/24-008749-003/2024(H5N1)	725	14819
NP|PP755592.1|A/cattle/Texas/24-008749-003/2024(H5N1)	726	14814
NP|PP755592.1|A/cattle/Texas/24-008749-003/2024(H5N1)	727	14548
NP|PP755592.1|A/cattle/Texas/24-008749-003/2024(H5N1)	728	14591
NP|PP755592.1|A/cattle/Texas/24-008749-003/2024(H5N1)	729	14648
NP|PP755592.1|A/cattle/Texas/24-008749-003/2024(H5N1)	730	14557
NP|PP755592.1|A/cattle/Texas/24-008749-003/2024(H5N1)	731	14403
NP|PP755592.1|A/cattle/Texas/24-008749-003/2024(H5N1)	732	14217
NP|PP755592.1|A/cattle/Texas/24-008749-003/2024(H5N1)	733	14160
NP|PP755592.1|A/cattle/Texas/24-008749-003/2024(H5N1)	734	14227
NP|PP755592.1|A/cattle/Texas/24-008749-003/2024(H5N1)	735	14282
NP|PP755592.1|A/cattle/Texas/24-008749-003/2024(H5N1)	736	14354
NP|PP755592.1|A/cattle/Texas/24-008749-003/2024(H5N1)	737	14304
NP|PP755592.1|A/cattle/Texas/24-008749-003/2024(H5N1)	738	14311
NP|PP755592.1|A/cattle/Texas/24-008749-003/2024(H5N1)	739	14299
NP|PP755592.1|A/cattle/Texas/24-008749-003/2024(H5N1)	740	14482
NP|PP755592.1|A/cattle/Texas/24-008749-003/2024(H5N1)	741	14607
NP|PP755592.1|A/cattle/Texas/24-008749-003/2024(H5N1)	742	14704
NP|PP755592.1|A/cattle/Texas/24-008749-003/2024(H5N1)	743	14580
NP|PP755592.1|A/cattle/Texas/24-008749-003/2024(H5N1)	744	14502
NP|PP755592.1|A/cattle/Texas/24-008749-003/2024(H5N1)	745	14525
NP|PP755592.1|A/cattle/Texas/24-008749-003/2024(H5N1)	746	14594
NP|PP755592.1|A/cattle/Texas/24-008749-003/2024(H5N1)	747	14638
NP|PP755592.1|A/cattle/Texas/24-008749-003/2024(H5N1)	748	14674
NP|PP755592.1|A/cattle/Texas/24-008749-003/2024(H5N1)	749	14561
NP|PP755592.1|A/cattle/Texas/24-008749-003/2024(H5N1)	750	14444
NP|PP755592.1|A/cattle/Texas/24-008749-003/2024(H5N1)	751	14383
NP|PP755592.1|A/cattle/Texas/24-008749-003/2024(H5N1)	752	14528
NP|PP755592.1|A/cattle/Texas/24-008749-003/2024(H5N1)	753	14498
NP|PP755592.1|A/cattle/Texas/24-008749-003/2024(H5N1)	754	14502
NP|PP755592.1|A/cattle/Texas/24-008749-003/2024(H5N1)	755	14463
NP|PP755592.1|A/cattle/Texas/24-008749-003/2024(H5N1)	756	14616
NP|PP755592.1|A/cattle/Texas/24-008749-003/2024(H5N1)	757	14923
NP|PP755592.1|A/cattle/Texas/24-008749-003/2024(H5N1)	758	14940
NP|PP755592.1|A/cattle/Texas/24-008749-003/2024(H5N1)	759	14868
NP|PP755592.1|A/cattle/Texas/24-008749-003/2024(H5N1)	760	14873
NP|PP755592.1|A/cattle/Texas/24-008749-003/2024(H5N1)	761	14880
NP|PP755592.1|A/cattle/Texas/24-008749-003/2024(H5N1)	762	14875
NP|PP755592.1|A/cattle/Texas/24-008749-003/2024(H5N1)	763	14942
NP|PP755592.1|A/cattle/Texas/24-008749-003/2024(H5N1)	764	14988
NP|PP755592.1|A/cattle/Texas/24-008749-003/2024(H5N1)	765	14866
NP|PP755592.1|A/cattle/Texas/24-008749-003/2024(H5N1)	766	14851
NP|PP755592.1|A/cattle/Texas/24-008749-003/2024(H5N1)	767	14848
NP|PP755592.1|A/cattle/Texas/24-008749-003/2024(H5N1)	768	15007
NP|PP755592.1|A/cattle/Texas/24-008749-003/2024(H5N1)	769	14984
NP|PP755592.1|A/cattle/Texas/24-008749-003/2024(H5N1)	770	14989
NP|PP755592.1|A/cattle/Texas/24-008749-003/2024(H5N1)	771	14993
NP|PP755592.1|A/cattle/Texas/24-008749-003/2024(H5N1)	772	14870
NP|PP755592.1|A/cattle/Texas/24-008749-003/2024(H5N1)	773	14910
NP|PP755592.1|A/cattle/Texas/24-008749-003/2024(H5N1)	774	14900
NP|PP755592.1|A/cattle/Texas/24-008749-003/2024(H5N1)	775	14729
NP|PP755592.1|A/cattle/Texas/24-008749-003/2024(H5N1)	776	14743
NP|PP755592.1|A/cattle/Texas/24-008749-003/2024(H5N1)	777	15072
NP|PP755592.1|A/cattle/Texas/24-008749-003/2024(H5N1)	778	15072
NP|PP755592.1|A/cattle/Texas/24-008749-003/2024(H5N1)	779	15070
NP|PP755592.1|A/cattle/Texas/24-008749-003/2024(H5N1)	780	15066
NP|PP755592.1|A/cattle/Texas/24-008749-003/2024(H5N1)	781	15088
NP|PP755592.1|A/cattle/Texas/24-008749-003/2024(H5N1)	782	15240
NP|PP755592.1|A/cattle/Texas/24-008749-003/2024(H5N1)	783	15344
NP|PP755592.1|A/cattle/Texas/24-008749-003/2024(H5N1)	784	15371
NP|PP755592.1|A/cattle/Texas/24-008749-003/2024(H5N1)	785	15366
NP|PP755592.1|A/cattle/Texas/24-008749-003/2024(H5N1)	786	15291
NP|PP755592.1|A/cattle/Texas/24-008749-003/2024(H5N1)	787	15754
NP|PP755592.1|A/cattle/Texas/24-008749-003/2024(H5N1)	788	15768
NP|PP755592.1|A/cattle/Texas/24-008749-003/2024(H5N1)	789	15791
NP|PP755592.1|A/cattle/Texas/24-008749-003/2024(H5N1)	790	15575
NP|PP755592.1|A/cattle/Texas/24-008749-003/2024(H5N1)	791	15319
NP|PP755592.1|A/cattle/Texas/24-008749-003/2024(H5N1)	792	15685
NP|PP755592.1|A/cattle/Texas/24-008749-003/2024(H5N1)	793	15820
NP|PP755592.1|A/cattle/Texas/24-008749-003/2024(H5N1)	794	15958
NP|PP755592.1|A/cattle/Texas/24-008749-003/2024(H5N1)	795	15945
NP|PP755592.1|A/cattle/Texas/24-008749-003/2024(H5N1)	796	15491
NP|PP755592.1|A/cattle/Texas/24-008749-003/2024(H5N1)	797	15503
NP|PP755592.1|A/cattle/Texas/24-008749-003/2024(H5N1)	798	15412
NP|PP755592.1|A/cattle/Texas/24-008749-003/2024(H5N1)	799	15487
NP|PP755592.1|A/cattle/Texas/24-008749-003/2024(H5N1)	800	15606
NP|PP755592.1|A/cattle/Texas/24-008749-003/2024(H5N1)	801	15247
NP|PP755592.1|A/cattle/Texas/24-008749-003/2024(H5N1)	802	15128
NP|PP755592.1|A/cattle/Texas/24-008749-003/2024(H5N1)	803	14961
NP|PP755592.1|A/cattle/Texas/24-008749-003/2024(H5N1)	804	15443
NP|PP755592.1|A/cattle/Texas/24-008749-003/2024(H5N1)	805	15418
NP|PP755592.1|A/cattle/Texas/24-008749-003/2024(H5N1)	806	15383
NP|PP755592.1|A/cattle/Texas/24-008749-003/2024(H5N1)	807	15312
NP|PP755592.1|A/cattle/Texas/24-008749-003/2024(H5N1)	808	15328
NP|PP755592.1|A/cattle/Texas/24-008749-003/2024(H5N1)	809	15203
NP|PP755592.1|A/cattle/Texas/24-008749-003/2024(H5N1)	810	15175
NP|PP755592.1|A/cattle/Texas/24-008749-003/2024(H5N1)	811	15417
NP|PP755592.1|A/cattle/Texas/24-008749-003/2024(H5N1)	812	15054
NP|PP755592.1|A/cattle/Texas/24-008749-003/2024(H5N1)	813	15054
NP|PP755592.1|A/cattle/Texas/24-008749-003/2024(H5N1)	814	15227
NP|PP755592.1|A/cattle/Texas/24-008749-003/2024(H5N1)	815	15382
NP|PP755592.1|A/cattle/Texas/24-008749-003/2024(H5N1)	816	15376
NP|PP755592.1|A/cattle/Texas/24-008749-003/2024(H5N1)	817	15181
NP|PP755592.1|A/cattle/Texas/24-008749-003/2024(H5N1)	818	15293
NP|PP755592.1|A/cattle/Texas/24-008749-003/2024(H5N1)	819	15436
NP|PP755592.1|A/cattle/Texas/24-008749-003/2024(H5N1)	820	15218
NP|PP755592.1|A/cattle/Texas/24-008749-003/2024(H5N1)	821	15139
NP|PP755592.1|A/cattle/Texas/24-008749-003/2024(H5N1)	822	15087
NP|PP755592.1|A/cattle/Texas/24-008749-003/2024(H5N1)	823	14717
NP|PP755592.1|A/cattle/Texas/24-008749-003/2024(H5N1)	824	14790
NP|PP755592.1|A/cattle/Texas/24-008749-003/2024(H5N1)	825	14811
NP|PP755592.1|A/cattle/Texas/24-008749-003/2024(H5N1)	826	14828
NP|PP755592.1|A/cattle/Texas/24-008749-003/2024(H5N1)	827	14730
NP|PP755592.1|A/cattle/Texas/24-008749-003/2024(H5N1)	828	14660
NP|PP755592.1|A/cattle/Texas/24-008749-003/2024(H5N1)	829	14737
NP|PP755592.1|A/cattle/Texas/24-008749-003/2024(H5N1)	830	14709
NP|PP755592.1|A/cattle/Texas/24-008749-003/2024(H5N1)	831	14586
NP|PP755592.1|A/cattle/Texas/24-008749-003/2024(H5N1)	832	14664
NP|PP755592.1|A/cattle/Texas/24-008749-003/2024(H5N1)	833	14632
NP|PP755592.1|A/cattle/Texas/24-008749-003/2024(H5N1)	834	14645
NP|PP755592.1|A/cattle/Texas/24-008749-003/2024(H5N1)	835	14595
NP|PP755592.1|A/cattle/Texas/24-008749-003/2024(H5N1)	836	14598
NP|PP755592.1|A/cattle/Texas/24-008749-003/2024(H5N1)	837	14140
NP|PP755592.1|A/cattle/Texas/24-008749-003/2024(H5N1)	838	14193
NP|PP755592.1|A/cattle/Texas/24-008749-003/2024(H5N1)	839	14485
NP|PP755592.1|A/cattle/Texas/24-008749-003/2024(H5N1)	840	14599
NP|PP755592.1|A/cattle/Texas/24-008749-003/2024(H5N1)	841	14540
NP|PP755592.1|A/cattle/Texas/24-008749-003/2024(H5N1)	842	15143
NP|PP755592.1|A/cattle/Texas/24-008749-003/2024(H5N1)	843	15187
NP|PP755592.1|A/cattle/Texas/24-008749-003/2024(H5N1)	844	15170
NP|PP755592.1|A/cattle/Texas/24-008749-003/2024(H5N1)	845	15570
NP|PP755592.1|A/cattle/Texas/24-008749-003/2024(H5N1)	846	15216
NP|PP755592.1|A/cattle/Texas/24-008749-003/2024(H5N1)	847	15356
NP|PP755592.1|A/cattle/Texas/24-008749-003/2024(H5N1)	848	15096
NP|PP755592.1|A/cattle/Texas/24-008749-003/2024(H5N1)	849	15057
NP|PP755592.1|A/cattle/Texas/24-008749-003/2024(H5N1)	850	16186
NP|PP755592.1|A/cattle/Texas/24-008749-003/2024(H5N1)	851	16140
NP|PP755592.1|A/cattle/Texas/24-008749-003/2024(H5N1)	852	16425
NP|PP755592.1|A/cattle/Texas/24-008749-003/2024(H5N1)	853	16448
NP|PP755592.1|A/cattle/Texas/24-008749-003/2024(H5N1)	854	16281
NP|PP755592.1|A/cattle/Texas/24-008749-003/2024(H5N1)	855	16432
NP|PP755592.1|A/cattle/Texas/24-008749-003/2024(H5N1)	856	16441
NP|PP755592.1|A/cattle/Texas/24-008749-003/2024(H5N1)	857	16277
NP|PP755592.1|A/cattle/Texas/24-008749-003/2024(H5N1)	858	16238
NP|PP755592.1|A/cattle/Texas/24-008749-003/2024(H5N1)	859	15289
NP|PP755592.1|A/cattle/Texas/24-008749-003/2024(H5N1)	860	15398
NP|PP755592.1|A/cattle/Texas/24-008749-003/2024(H5N1)	861	15533
NP|PP755592.1|A/cattle/Texas/24-008749-003/2024(H5N1)	862	16134
NP|PP755592.1|A/cattle/Texas/24-008749-003/2024(H5N1)	863	15460
NP|PP755592.1|A/cattle/Texas/24-008749-003/2024(H5N1)	864	15308
NP|PP755592.1|A/cattle/Texas/24-008749-003/2024(H5N1)	865	15279
NP|PP755592.1|A/cattle/Texas/24-008749-003/2024(H5N1)	866	15266
NP|PP755592.1|A/cattle/Texas/24-008749-003/2024(H5N1)	867	15355
NP|PP755592.1|A/cattle/Texas/24-008749-003/2024(H5N1)	868	15344
NP|PP755592.1|A/cattle/Texas/24-008749-003/2024(H5N1)	869	15023
NP|PP755592.1|A/cattle/Texas/24-008749-003/2024(H5N1)	870	15142
NP|PP755592.1|A/cattle/Texas/24-008749-003/2024(H5N1)	871	14583
NP|PP755592.1|A/cattle/Texas/24-008749-003/2024(H5N1)	872	14589
NP|PP755592.1|A/cattle/Texas/24-008749-003/2024(H5N1)	873	14452
NP|PP755592.1|A/cattle/Texas/24-008749-003/2024(H5N1)	874	14273
NP|PP755592.1|A/cattle/Texas/24-008749-003/2024(H5N1)	875	14302
NP|PP755592.1|A/cattle/Texas/24-008749-003/2024(H5N1)	876	14308
NP|PP755592.1|A/cattle/Texas/24-008749-003/2024(H5N1)	877	14329
NP|PP755592.1|A/cattle/Texas/24-008749-003/2024(H5N1)	878	14434
NP|PP755592.1|A/cattle/Texas/24-008749-003/2024(H5N1)	879	14970
NP|PP755592.1|A/cattle/Texas/24-008749-003/2024(H5N1)	880	15177
NP|PP755592.1|A/cattle/Texas/24-008749-003/2024(H5N1)	881	15192
NP|PP755592.1|A/cattle/Texas/24-008749-003/2024(H5N1)	882	15243
NP|PP755592.1|A/cattle/Texas/24-008749-003/2024(H5N1)	883	15571
NP|PP755592.1|A/cattle/Texas/24-008749-003/2024(H5N1)	884	15580
NP|PP755592.1|A/cattle/Texas/24-008749-003/2024(H5N1)	885	15790
NP|PP755592.1|A/cattle/Texas/24-008749-003/2024(H5N1)	886	15753
NP|PP755592.1|A/cattle/Texas/24-008749-003/2024(H5N1)	887	15731
NP|PP755592.1|A/cattle/Texas/24-008749-003/2024(H5N1)	888	15771
NP|PP755592.1|A/cattle/Texas/24-008749-003/2024(H5N1)	889	15610
NP|PP755592.1|A/cattle/Texas/24-008749-003/2024(H5N1)	890	15613
NP|PP755592.1|A/cattle/Texas/24-008749-003/2024(H5N1)	891	15646
NP|PP755592.1|A/cattle/Texas/24-008749-003/2024(H5N1)	892	15445
NP|PP755592.1|A/cattle/Texas/24-008749-003/2024(H5N1)	893	15423
NP|PP755592.1|A/cattle/Texas/24-008749-003/2024(H5N1)	894	15554
NP|PP755592.1|A/cattle/Texas/24-008749-003/2024(H5N1)	895	15547
NP|PP755592.1|A/cattle/Texas/24-008749-003/2024(H5N1)	896	15633
NP|PP755592.1|A/cattle/Texas/24-008749-003/2024(H5N1)	897	15572
NP|PP755592.1|A/cattle/Texas/24-008749-003/2024(H5N1)	898	15553
NP|PP755592.1|A/cattle/Texas/24-008749-003/2024(H5N1)	899	15902
NP|PP755592.1|A/cattle/Texas/24-008749-003/2024(H5N1)	900	15896
NP|PP755592.1|A/cattle/Texas/24-008749-003/2024(H5N1)	901	15842
NP|PP755592.1|A/cattle/Texas/24-008749-003/2024(H5N1)	902	15866
NP|PP755592.1|A/cattle/Texas/24-008749-003/2024(H5N1)	903	15687
NP|PP755592.1|A/cattle/Texas/24-008749-003/2024(H5N1)	904	15748
NP|PP755592.1|A/cattle/Texas/24-008749-003/2024(H5N1)	905	16566
NP|PP755592.1|A/cattle/Texas/24-008749-003/2024(H5N1)	906	16573
NP|PP755592.1|A/cattle/Texas/24-008749-003/2024(H5N1)	907	16489
NP|PP755592.1|A/cattle/Texas/24-008749-003/2024(H5N1)	908	16286
NP|PP755592.1|A/cattle/Texas/24-008749-003/2024(H5N1)	909	16317
NP|PP755592.1|A/cattle/Texas/24-008749-003/2024(H5N1)	910	16794
NP|PP755592.1|A/cattle/Texas/24-008749-003/2024(H5N1)	911	16781
NP|PP755592.1|A/cattle/Texas/24-008749-003/2024(H5N1)	912	16795
NP|PP755592.1|A/cattle/Texas/24-008749-003/2024(H5N1)	913	16642
NP|PP755592.1|A/cattle/Texas/24-008749-003/2024(H5N1)	914	16649
NP|PP755592.1|A/cattle/Texas/24-008749-003/2024(H5N1)	915	16793
NP|PP755592.1|A/cattle/Texas/24-008749-003/2024(H5N1)	916	16684
NP|PP755592.1|A/cattle/Texas/24-008749-003/2024(H5N1)	917	16550
NP|PP755592.1|A/cattle/Texas/24-008749-003/2024(H5N1)	918	16681
NP|PP755592.1|A/cattle/Texas/24-008749-003/2024(H5N1)	919	17088
NP|PP755592.1|A/cattle/Texas/24-008749-003/2024(H5N1)	920	17088
NP|PP755592.1|A/cattle/Texas/24-008749-003/2024(H5N1)	921	17102
NP|PP755592.1|A/cattle/Texas/24-008749-003/2024(H5N1)	922	17438
NP|PP755592.1|A/cattle/Texas/24-008749-003/2024(H5N1)	923	17435
NP|PP755592.1|A/cattle/Texas/24-008749-003/2024(H5N1)	924	17489
NP|PP755592.1|A/cattle/Texas/24-008749-003/2024(H5N1)	925	17493
NP|PP755592.1|A/cattle/Texas/24-008749-003/2024(H5N1)	926	17525
NP|PP755592.1|A/cattle/Texas/24-008749-003/2024(H5N1)	927	17457
NP|PP755592.1|A/cattle/Texas/24-008749-003/2024(H5N1)	928	17074
NP|PP755592.1|A/cattle/Texas/24-008749-003/2024(H5N1)	929	17168
NP|PP755592.1|A/cattle/Texas/24-008749-003/2024(H5N1)	930	17412
NP|PP755592.1|A/cattle/Texas/24-008749-003/2024(H5N1)	931	17379
NP|PP755592.1|A/cattle/Texas/24-008749-003/2024(H5N1)	932	17529
NP|PP755592.1|A/cattle/Texas/24-008749-003/2024(H5N1)	933	17384
NP|PP755592.1|A/cattle/Texas/24-008749-003/2024(H5N1)	934	17429
NP|PP755592.1|A/cattle/Texas/24-008749-003/2024(H5N1)	935	17860
NP|PP755592.1|A/cattle/Texas/24-008749-003/2024(H5N1)	936	17479
NP|PP755592.1|A/cattle/Texas/24-008749-003/2024(H5N1)	937	17555
NP|PP755592.1|A/cattle/Texas/24-008749-003/2024(H5N1)	938	17490
NP|PP755592.1|A/cattle/Texas/24-008749-003/2024(H5N1)	939	17491
NP|PP755592.1|A/cattle/Texas/24-008749-003/2024(H5N1)	940	17603
NP|PP755592.1|A/cattle/Texas/24-008749-003/2024(H5N1)	941	17636
NP|PP755592.1|A/cattle/Texas/24-008749-003/2024(H5N1)	942	17697
NP|PP755592.1|A/cattle/Texas/24-008749-003/2024(H5N1)	943	17123
NP|PP755592.1|A/cattle/Texas/24-008749-003/2024(H5N1)	944	17135
NP|PP755592.1|A/cattle/Texas/24-008749-003/2024(H5N1)	945	17939
NP|PP755592.1|A/cattle/Texas/24-008749-003/2024(H5N1)	946	17948
NP|PP755592.1|A/cattle/Texas/24-008749-003/2024(H5N1)	947	17955
NP|PP755592.1|A/cattle/Texas/24-008749-003/2024(H5N1)	948	17900
NP|PP755592.1|A/cattle/Texas/24-008749-003/2024(H5N1)	949	17710
NP|PP755592.1|A/cattle/Texas/24-008749-003/2024(H5N1)	950	17705
NP|PP755592.1|A/cattle/Texas/24-008749-003/2024(H5N1)	951	17609
NP|PP755592.1|A/cattle/Texas/24-008749-003/2024(H5N1)	952	17557
NP|PP755592.1|A/cattle/Texas/24-008749-003/2024(H5N1)	953	17166
NP|PP755592.1|A/cattle/Texas/24-008749-003/2024(H5N1)	954	16622
NP|PP755592.1|A/cattle/Texas/24-008749-003/2024(H5N1)	955	16669
NP|PP755592.1|A/cattle/Texas/24-008749-003/2024(H5N1)	956	16672
NP|PP755592.1|A/cattle/Texas/24-008749-003/2024(H5N1)	957	16711
NP|PP755592.1|A/cattle/Texas/24-008749-003/2024(H5N1)	958	16710
NP|PP755592.1|A/cattle/Texas/24-008749-003/2024(H5N1)	959	16671
NP|PP755592.1|A/cattle/Texas/24-008749-003/2024(H5N1)	960	16721
NP|PP755592.1|A/cattle/Texas/24-008749-003/2024(H5N1)	961	16691
NP|PP755592.1|A/cattle/Texas/24-008749-003/2024(H5N1)	962	16496
NP|PP755592.1|A/cattle/Texas/24-008749-003/2024(H5N1)	963	16444
NP|PP755592.1|A/cattle/Texas/24-008749-003/2024(H5N1)	964	16064
NP|PP755592.1|A/cattle/Texas/24-008749-003/2024(H5N1)	965	16055
NP|PP755592.1|A/cattle/Texas/24-008749-003/2024(H5N1)	966	15875
NP|PP755592.1|A/cattle/Texas/24-008749-003/2024(H5N1)	967	15925
NP|PP755592.1|A/cattle/Texas/24-008749-003/2024(H5N1)	968	15858
NP|PP755592.1|A/cattle/Texas/24-008749-003/2024(H5N1)	969	15864
NP|PP755592.1|A/cattle/Texas/24-008749-003/2024(H5N1)	970	15959
NP|PP755592.1|A/cattle/Texas/24-008749-003/2024(H5N1)	971	15949
NP|PP755592.1|A/cattle/Texas/24-008749-003/2024(H5N1)	972	15936
NP|PP755592.1|A/cattle/Texas/24-008749-003/2024(H5N1)	973	15870
NP|PP755592.1|A/cattle/Texas/24-008749-003/2024(H5N1)	974	15883
NP|PP755592.1|A/cattle/Texas/24-008749-003/2024(H5N1)	975	15850
NP|PP755592.1|A/cattle/Texas/24-008749-003/2024(H5N1)	976	15808
NP|PP755592.1|A/cattle/Texas/24-008749-003/2024(H5N1)	977	15751
NP|PP755592.1|A/cattle/Texas/24-008749-003/2024(H5N1)	978	15913
NP|PP755592.1|A/cattle/Texas/24-008749-003/2024(H5N1)	979	15827
NP|PP755592.1|A/cattle/Texas/24-008749-003/2024(H5N1)	980	15788
NP|PP755592.1|A/cattle/Texas/24-008749-003/2024(H5N1)	981	15796
NP|PP755592.1|A/cattle/Texas/24-008749-003/2024(H5N1)	982	15788
NP|PP755592.1|A/cattle/Texas/24-008749-003/2024(H5N1)	983	16180
NP|PP755592.1|A/cattle/Texas/24-008749-003/2024(H5N1)	984	16984
NP|PP755592.1|A/cattle/Texas/24-008749-003/2024(H5N1)	985	17028
NP|PP755592.1|A/cattle/Texas/24-008749-003/2024(H5N1)	986	17167
NP|PP755592.1|A/cattle/Texas/24-008749-003/2024(H5N1)	987	17219
NP|PP755592.1|A/cattle/Texas/24-008749-003/2024(H5N1)	988	17190
NP|PP755592.1|A/cattle/Texas/24-008749-003/2024(H5N1)	989	17181
NP|PP755592.1|A/cattle/Texas/24-008749-003/2024(H5N1)	990	16890
NP|PP755592.1|A/cattle/Texas/24-008749-003/2024(H5N1)	991	17449
NP|PP755592.1|A/cattle/Texas/24-008749-003/2024(H5N1)	992	17501
NP|PP755592.1|A/cattle/Texas/24-008749-003/2024(H5N1)	993	16843
NP|PP755592.1|A/cattle/Texas/24-008749-003/2024(H5N1)	994	17198
NP|PP755592.1|A/cattle/Texas/24-008749-003/2024(H5N1)	995	16822
NP|PP755592.1|A/cattle/Texas/24-008749-003/2024(H5N1)	996	17115
NP|PP755592.1|A/cattle/Texas/24-008749-003/2024(H5N1)	997	17073
NP|PP755592.1|A/cattle/Texas/24-008749-003/2024(H5N1)	998	16763
NP|PP755592.1|A/cattle/Texas/24-008749-003/2024(H5N1)	999	16826
NP|PP755592.1|A/cattle/Texas/24-008749-003/2024(H5N1)	1000	15767
NP|PP755592.1|A/cattle/Texas/24-008749-003/2024(H5N1)	1001	16002
NP|PP755592.1|A/cattle/Texas/24-008749-003/2024(H5N1)	1002	16002
NP|PP755592.1|A/cattle/Texas/24-008749-003/2024(H5N1)	1003	15726
NP|PP755592.1|A/cattle/Texas/24-008749-003/2024(H5N1)	1004	15642
NP|PP755592.1|A/cattle/Texas/24-008749-003/2024(H5N1)	1005	15757
NP|PP755592.1|A/cattle/Texas/24-008749-003/2024(H5N1)	1006	15757
NP|PP755592.1|A/cattle/Texas/24-008749-003/2024(H5N1)	1007	15822
NP|PP755592.1|A/cattle/Texas/24-008749-003/2024(H5N1)	1008	15761
NP|PP755592.1|A/cattle/Texas/24-008749-003/2024(H5N1)	1009	15877
NP|PP755592.1|A/cattle/Texas/24-008749-003/2024(H5N1)	1010	16024
NP|PP755592.1|A/cattle/Texas/24-008749-003/2024(H5N1)	1011	16027
NP|PP755592.1|A/cattle/Texas/24-008749-003/2024(H5N1)	1012	16048
NP|PP755592.1|A/cattle/Texas/24-008749-003/2024(H5N1)	1013	15452
NP|PP755592.1|A/cattle/Texas/24-008749-003/2024(H5N1)	1014	15455
NP|PP755592.1|A/cattle/Texas/24-008749-003/2024(H5N1)	1015	15451
NP|PP755592.1|A/cattle/Texas/24-008749-003/2024(H5N1)	1016	15518
NP|PP755592.1|A/cattle/Texas/24-008749-003/2024(H5N1)	1017	15665
NP|PP755592.1|A/cattle/Texas/24-008749-003/2024(H5N1)	1018	15777
NP|PP755592.1|A/cattle/Texas/24-008749-003/2024(H5N1)	1019	16449
NP|PP755592.1|A/cattle/Texas/24-008749-003/2024(H5N1)	1020	16465
NP|PP755592.1|A/cattle/Texas/24-008749-003/2024(H5N1)	1021	16354
NP|PP755592.1|A/cattle/Texas/24-008749-003/2024(H5N1)	1022	16356
NP|PP755592.1|A/cattle/Texas/24-008749-003/2024(H5N1)	1023	16363
NP|PP755592.1|A/cattle/Texas/24-008749-003/2024(H5N1)	1024	16365
NP|PP755592.1|A/cattle/Texas/24-008749-003/2024(H5N1)	1025	16366
NP|PP755592.1|A/cattle/Texas/24-008749-003/2024(H5N1)	1026	16352
NP|PP755592.1|A/cattle/Texas/24-008749-003/2024(H5N1)	1027	16614
NP|PP755592.1|A/cattle/Texas/24-008749-003/2024(H5N1)	1028	15844
NP|PP755592.1|A/cattle/Texas/24-008749-003/2024(H5N1)	1029	15769
NP|PP755592.1|A/cattle/Texas/24-008749-003/2024(H5N1)	1030	15811
NP|PP755592.1|A/cattle/Texas/24-008749-003/2024(H5N1)	1031	15640
NP|PP755592.1|A/cattle/Texas/24-008749-003/2024(H5N1)	1032	15643
NP|PP755592.1|A/cattle/Texas/24-008749-003/2024(H5N1)	1033	15778
NP|PP755592.1|A/cattle/Texas/24-008749-003/2024(H5N1)	1034	15528
NP|PP755592.1|A/cattle/Texas/24-008749-003/2024(H5N1)	1035	15667
NP|PP755592.1|A/cattle/Texas/24-008749-003/2024(H5N1)	1036	15460
NP|PP755592.1|A/cattle/Texas/24-008749-003/2024(H5N1)	1037	15616
NP|PP755592.1|A/cattle/Texas/24-008749-003/2024(H5N1)	1038	15560
NP|PP755592.1|A/cattle/Texas/24-008749-003/2024(H5N1)	1039	15570
NP|PP755592.1|A/cattle/Texas/24-008749-003/2024(H5N1)	1040	15564
NP|PP755592.1|A/cattle/Texas/24-008749-003/2024(H5N1)	1041	15458
NP|PP755592.1|A/cattle/Texas/24-008749-003/2024(H5N1)	1042	15301
NP|PP755592.1|A/cattle/Texas/24-008749-003/2024(H5N1)	1043	15330
NP|PP755592.1|A/cattle/Texas/24-008749-003/2024(H5N1)	1044	15447
NP|PP755592.1|A/cattle/Texas/24-008749-003/2024(H5N1)	1045	15278
NP|PP755592.1|A/cattle/Texas/24-008749-003/2024(H5N1)	1046	15650
NP|PP755592.1|A/cattle/Texas/24-008749-003/2024(H5N1)	1047	16070
NP|PP755592.1|A/cattle/Texas/24-008749-003/2024(H5N1)	1048	16681
NP|PP755592.1|A/cattle/Texas/24-008749-003/2024(H5N1)	1049	16525
NP|PP755592.1|A/cattle/Texas/24-008749-003/2024(H5N1)	1050	16533
NP|PP755592.1|A/cattle/Texas/24-008749-003/2024(H5N1)	1051	16573
NP|PP755592.1|A/cattle/Texas/24-008749-003/2024(H5N1)	1052	17124
NP|PP755592.1|A/cattle/Texas/24-008749-003/2024(H5N1)	1053	17202
NP|PP755592.1|A/cattle/Texas/24-008749-003/2024(H5N1)	1054	17216
NP|PP755592.1|A/cattle/Texas/24-008749-003/2024(H5N1)	1055	16882
NP|PP755592.1|A/cattle/Texas/24-008749-003/2024(H5N1)	1056	16470
NP|PP755592.1|A/cattle/Texas/24-008749-003/2024(H5N1)	1057	16597
NP|PP755592.1|A/cattle/Texas/24-008749-003/2024(H5N1)	1058	16712
NP|PP755592.1|A/cattle/Texas/24-008749-003/2024(H5N1)	1059	16618
NP|PP755592.1|A/cattle/Texas/24-008749-003/2024(H5N1)	1060	16663
NP|PP755592.1|A/cattle/Texas/24-008749-003/2024(H5N1)	1061	16247
NP|PP755592.1|A/cattle/Texas/24-008749-003/2024(H5N1)	1062	16259
NP|PP755592.1|A/cattle/Texas/24-008749-003/2024(H5N1)	1063	16242
NP|PP755592.1|A/cattle/Texas/24-008749-003/2024(H5N1)	1064	16663
NP|PP755592.1|A/cattle/Texas/24-008749-003/2024(H5N1)	1065	16730
NP|PP755592.1|A/cattle/Texas/24-008749-003/2024(H5N1)	1066	16767
NP|PP755592.1|A/cattle/Texas/24-008749-003/2024(H5N1)	1067	16704
NP|PP755592.1|A/cattle/Texas/24-008749-003/2024(H5N1)	1068	16936
NP|PP755592.1|A/cattle/Texas/24-008749-003/2024(H5N1)	1069	16583
NP|PP755592.1|A/cattle/Texas/24-008749-003/2024(H5N1)	1070	16535
NP|PP755592.1|A/cattle/Texas/24-008749-003/2024(H5N1)	1071	16592
NP|PP755592.1|A/cattle/Texas/24-008749-003/2024(H5N1)	1072	16734
NP|PP755592.1|A/cattle/Texas/24-008749-003/2024(H5N1)	1073	16435
NP|PP755592.1|A/cattle/Texas/24-008749-003/2024(H5N1)	1074	16609
NP|PP755592.1|A/cattle/Texas/24-008749-003/2024(H5N1)	1075	16671
NP|PP755592.1|A/cattle/Texas/24-008749-003/2024(H5N1)	1076	16685
NP|PP755592.1|A/cattle/Texas/24-008749-003/2024(H5N1)	1077	17051
NP|PP755592.1|A/cattle/Texas/24-008749-003/2024(H5N1)	1078	17175
NP|PP755592.1|A/cattle/Texas/24-008749-003/2024(H5N1)	1079	17186
NP|PP755592.1|A/cattle/Texas/24-008749-003/2024(H5N1)	1080	17146
NP|PP755592.1|A/cattle/Texas/24-008749-003/2024(H5N1)	1081	16955
NP|PP755592.1|A/cattle/Texas/24-008749-003/2024(H5N1)	1082	17063
NP|PP755592.1|A/cattle/Texas/24-008749-003/2024(H5N1)	1083	17004
NP|PP755592.1|A/cattle/Texas/24-008749-003/2024(H5N1)	1084	16971
NP|PP755592.1|A/cattle/Texas/24-008749-003/2024(H5N1)	1085	16931
NP|PP755592.1|A/cattle/Texas/24-008749-003/2024(H5N1)	1086	16582
NP|PP755592.1|A/cattle/Texas/24-008749-003/2024(H5N1)	1087	16835
NP|PP755592.1|A/cattle/Texas/24-008749-003/2024(H5N1)	1088	17441
NP|PP755592.1|A/cattle/Texas/24-008749-003/2024(H5N1)	1089	17448
NP|PP755592.1|A/cattle/Texas/24-008749-003/2024(H5N1)	1090	17295
NP|PP755592.1|A/cattle/Texas/24-008749-003/2024(H5N1)	1091	17180
NP|PP755592.1|A/cattle/Texas/24-008749-003/2024(H5N1)	1092	17111
NP|PP755592.1|A/cattle/Texas/24-008749-003/2024(H5N1)	1093	17529
NP|PP755592.1|A/cattle/Texas/24-008749-003/2024(H5N1)	1094	17474
NP|PP755592.1|A/cattle/Texas/24-008749-003/2024(H5N1)	1095	17418
NP|PP755592.1|A/cattle/Texas/24-008749-003/2024(H5N1)	1096	16580
NP|PP755592.1|A/cattle/Texas/24-008749-003/2024(H5N1)	1097	16621
NP|PP755592.1|A/cattle/Texas/24-008749-003/2024(H5N1)	1098	17184
NP|PP755592.1|A/cattle/Texas/24-008749-003/2024(H5N1)	1099	17189
NP|PP755592.1|A/cattle/Texas/24-008749-003/2024(H5N1)	1100	17207
NP|PP755592.1|A/cattle/Texas/24-008749-003/2024(H5N1)	1101	17246
NP|PP755592.1|A/cattle/Texas/24-008749-003/2024(H5N1)	1102	17329
NP|PP755592.1|A/cattle/Texas/24-008749-003/2024(H5N1)	1103	17403
NP|PP755592.1|A/cattle/Texas/24-008749-003/2024(H5N1)	1104	17419
NP|PP755592.1|A/cattle/Texas/24-008749-003/2024(H5N1)	1105	17383
NP|PP755592.1|A/cattle/Texas/24-008749-003/2024(H5N1)	1106	17434
NP|PP755592.1|A/cattle/Texas/24-008749-003/2024(H5N1)	1107	17441
NP|PP755592.1|A/cattle/Texas/24-008749-003/2024(H5N1)	1108	17422
NP|PP755592.1|A/cattle/Texas/24-008749-003/2024(H5N1)	1109	17480
NP|PP755592.1|A/cattle/Texas/24-008749-003/2024(H5N1)	1110	17697
NP|PP755592.1|A/cattle/Texas/24-008749-003/2024(H5N1)	1111	17651
NP|PP755592.1|A/cattle/Texas/24-008749-003/2024(H5N1)	1112	17648
NP|PP755592.1|A/cattle/Texas/24-008749-003/2024(H5N1)	1113	17632
NP|PP755592.1|A/cattle/Texas/24-008749-003/2024(H5N1)	1114	17671
NP|PP755592.1|A/cattle/Texas/24-008749-003/2024(H5N1)	1115	17662
NP|PP755592.1|A/cattle/Texas/24-008749-003/2024(H5N1)	1116	17670
NP|PP755592.1|A/cattle/Texas/24-008749-003/2024(H5N1)	1117	17727
NP|PP755592.1|A/cattle/Texas/24-008749-003/2024(H5N1)	1118	17770
NP|PP755592.1|A/cattle/Texas/24-008749-003/2024(H5N1)	1119	17586
NP|PP755592.1|A/cattle/Texas/24-008749-003/2024(H5N1)	1120	17636
NP|PP755592.1|A/cattle/Texas/24-008749-003/2024(H5N1)	1121	17535
NP|PP755592.1|A/cattle/Texas/24-008749-003/2024(H5N1)	1122	17521
NP|PP755592.1|A/cattle/Texas/24-008749-003/2024(H5N1)	1123	17298
NP|PP755592.1|A/cattle/Texas/24-008749-003/2024(H5N1)	1124	17303
NP|PP755592.1|A/cattle/Texas/24-008749-003/2024(H5N1)	1125	17764
NP|PP755592.1|A/cattle/Texas/24-008749-003/2024(H5N1)	1126	18030
NP|PP755592.1|A/cattle/Texas/24-008749-003/2024(H5N1)	1127	18290
NP|PP755592.1|A/cattle/Texas/24-008749-003/2024(H5N1)	1128	18297
NP|PP755592.1|A/cattle/Texas/24-008749-003/2024(H5N1)	1129	18217
NP|PP755592.1|A/cattle/Texas/24-008749-003/2024(H5N1)	1130	18261
NP|PP755592.1|A/cattle/Texas/24-008749-003/2024(H5N1)	1131	18613
NP|PP755592.1|A/cattle/Texas/24-008749-003/2024(H5N1)	1132	18601
NP|PP755592.1|A/cattle/Texas/24-008749-003/2024(H5N1)	1133	18585
NP|PP755592.1|A/cattle/Texas/24-008749-003/2024(H5N1)	1134	18132
NP|PP755592.1|A/cattle/Texas/24-008749-003/2024(H5N1)	1135	18231
NP|PP755592.1|A/cattle/Texas/24-008749-003/2024(H5N1)	1136	18070
NP|PP755592.1|A/cattle/Texas/24-008749-003/2024(H5N1)	1137	18061
NP|PP755592.1|A/cattle/Texas/24-008749-003/2024(H5N1)	1138	18090
NP|PP755592.1|A/cattle/Texas/24-008749-003/2024(H5N1)	1139	18056
NP|PP755592.1|A/cattle/Texas/24-008749-003/2024(H5N1)	1140	18052
NP|PP755592.1|A/cattle/Texas/24-008749-003/2024(H5N1)	1141	18091
NP|PP755592.1|A/cattle/Texas/24-008749-003/2024(H5N1)	1142	17367
NP|PP755592.1|A/cattle/Texas/24-008749-003/2024(H5N1)	1143	17598
NP|PP755592.1|A/cattle/Texas/24-008749-003/2024(H5N1)	1144	17514
NP|PP755592.1|A/cattle/Texas/24-008749-003/2024(H5N1)	1145	17297
NP|PP755592.1|A/cattle/Texas/24-008749-003/2024(H5N1)	1146	17503
NP|PP755592.1|A/cattle/Texas/24-008749-003/2024(H5N1)	1147	17297
NP|PP755592.1|A/cattle/Texas/24-008749-003/2024(H5N1)	1148	17485
NP|PP755592.1|A/cattle/Texas/24-008749-003/2024(H5N1)	1149	17802
NP|PP755592.1|A/cattle/Texas/24-008749-003/2024(H5N1)	1150	17726
NP|PP755592.1|A/cattle/Texas/24-008749-003/2024(H5N1)	1151	17822
NP|PP755592.1|A/cattle/Texas/24-008749-003/2024(H5N1)	1152	17923
NP|PP755592.1|A/cattle/Texas/24-008749-003/2024(H5N1)	1153	18040
NP|PP755592.1|A/cattle/Texas/24-008749-003/2024(H5N1)	1154	18054
NP|PP755592.1|A/cattle/Texas/24-008749-003/2024(H5N1)	1155	18118
NP|PP755592.1|A/cattle/Texas/24-008749-003/2024(H5N1)	1156	17774
NP|PP755592.1|A/cattle/Texas/24-008749-003/2024(H5N1)	1157	17830
NP|PP755592.1|A/cattle/Texas/24-008749-003/2024(H5N1)	1158	17917
NP|PP755592.1|A/cattle/Texas/24-008749-003/2024(H5N1)	1159	17950
NP|PP755592.1|A/cattle/Texas/24-008749-003/2024(H5N1)	1160	18007
NP|PP755592.1|A/cattle/Texas/24-008749-003/2024(H5N1)	1161	17631
NP|PP755592.1|A/cattle/Texas/24-008749-003/2024(H5N1)	1162	17663
NP|PP755592.1|A/cattle/Texas/24-008749-003/2024(H5N1)	1163	17661
NP|PP755592.1|A/cattle/Texas/24-008749-003/2024(H5N1)	1164	17652
NP|PP755592.1|A/cattle/Texas/24-008749-003/2024(H5N1)	1165	17653
NP|PP755592.1|A/cattle/Texas/24-008749-003/2024(H5N1)	1166	17653
NP|PP755592.1|A/cattle/Texas/24-008749-003/2024(H5N1)	1167	17765
NP|PP755592.1|A/cattle/Texas/24-008749-003/2024(H5N1)	1168	17890
NP|PP755592.1|A/cattle/Texas/24-008749-003/2024(H5N1)	1169	17164
NP|PP755592.1|A/cattle/Texas/24-008749-003/2024(H5N1)	1170	17182
NP|PP755592.1|A/cattle/Texas/24-008749-003/2024(H5N1)	1171	17149
NP|PP755592.1|A/cattle/Texas/24-008749-003/2024(H5N1)	1172	17211
NP|PP755592.1|A/cattle/Texas/24-008749-003/2024(H5N1)	1173	17293
NP|PP755592.1|A/cattle/Texas/24-008749-003/2024(H5N1)	1174	17281
NP|PP755592.1|A/cattle/Texas/24-008749-003/2024(H5N1)	1175	17355
NP|PP755592.1|A/cattle/Texas/24-008749-003/2024(H5N1)	1176	17558
NP|PP755592.1|A/cattle/Texas/24-008749-003/2024(H5N1)	1177	17589
NP|PP755592.1|A/cattle/Texas/24-008749-003/2024(H5N1)	1178	17585
NP|PP755592.1|A/cattle/Texas/24-008749-003/2024(H5N1)	1179	17596
NP|PP755592.1|A/cattle/Texas/24-008749-003/2024(H5N1)	1180	17576
NP|PP755592.1|A/cattle/Texas/24-008749-003/2024(H5N1)	1181	17794
NP|PP755592.1|A/cattle/Texas/24-008749-003/2024(H5N1)	1182	17803
NP|PP755592.1|A/cattle/Texas/24-008749-003/2024(H5N1)	1183	17820
NP|PP755592.1|A/cattle/Texas/24-008749-003/2024(H5N1)	1184	17689
NP|PP755592.1|A/cattle/Texas/24-008749-003/2024(H5N1)	1185	17666
NP|PP755592.1|A/cattle/Texas/24-008749-003/2024(H5N1)	1186	17620
NP|PP755592.1|A/cattle/Texas/24-008749-003/2024(H5N1)	1187	17756
NP|PP755592.1|A/cattle/Texas/24-008749-003/2024(H5N1)	1188	17637
NP|PP755592.1|A/cattle/Texas/24-008749-003/2024(H5N1)	1189	18418
NP|PP755592.1|A/cattle/Texas/24-008749-003/2024(H5N1)	1190	18560
NP|PP755592.1|A/cattle/Texas/24-008749-003/2024(H5N1)	1191	18798
NP|PP755592.1|A/cattle/Texas/24-008749-003/2024(H5N1)	1192	18812
NP|PP755592.1|A/cattle/Texas/24-008749-003/2024(H5N1)	1193	18650
NP|PP755592.1|A/cattle/Texas/24-008749-003/2024(H5N1)	1194	18708
NP|PP755592.1|A/cattle/Texas/24-008749-003/2024(H5N1)	1195	18716
NP|PP755592.1|A/cattle/Texas/24-008749-003/2024(H5N1)	1196	18601
NP|PP755592.1|A/cattle/Texas/24-008749-003/2024(H5N1)	1197	18333
NP|PP755592.1|A/cattle/Texas/24-008749-003/2024(H5N1)	1198	17310
NP|PP755592.1|A/cattle/Texas/24-008749-003/2024(H5N1)	1199	17475
NP|PP755592.1|A/cattle/Texas/24-008749-003/2024(H5N1)	1200	17271
NP|PP755592.1|A/cattle/Texas/24-008749-003/2024(H5N1)	1201	17278
NP|PP755592.1|A/cattle/Texas/24-008749-003/2024(H5N1)	1202	16843
NP|PP755592.1|A/cattle/Texas/24-008749-003/2024(H5N1)	1203	16794
NP|PP755592.1|A/cattle/Texas/24-008749-003/2024(H5N1)	1204	16777
NP|PP755592.1|A/cattle/Texas/24-008749-003/2024(H5N1)	1205	16731
NP|PP755592.1|A/cattle/Texas/24-008749-003/2024(H5N1)	1206	16690
NP|PP755592.1|A/cattle/Texas/24-008749-003/2024(H5N1)	1207	16692
NP|PP755592.1|A/cattle/Texas/24-008749-003/2024(H5N1)	1208	16650
NP|PP755592.1|A/cattle/Texas/24-008749-003/2024(H5N1)	1209	16479
NP|PP755592.1|A/cattle/Texas/24-008749-003/2024(H5N1)	1210	16771
NP|PP755592.1|A/cattle/Texas/24-008749-003/2024(H5N1)	1211	16872
NP|PP755592.1|A/cattle/Texas/24-008749-003/2024(H5N1)	1212	16812
NP|PP755592.1|A/cattle/Texas/24-008749-003/2024(H5N1)	1213	17016
NP|PP755592.1|A/cattle/Texas/24-008749-003/2024(H5N1)	1214	17003
NP|PP755592.1|A/cattle/Texas/24-008749-003/2024(H5N1)	1215	16893
NP|PP755592.1|A/cattle/Texas/24-008749-003/2024(H5N1)	1216	16998
NP|PP755592.1|A/cattle/Texas/24-008749-003/2024(H5N1)	1217	17068
NP|PP755592.1|A/cattle/Texas/24-008749-003/2024(H5N1)	1218	17065
NP|PP755592.1|A/cattle/Texas/24-008749-003/2024(H5N1)	1219	16739
NP|PP755592.1|A/cattle/Texas/24-008749-003/2024(H5N1)	1220	16885
NP|PP755592.1|A/cattle/Texas/24-008749-003/2024(H5N1)	1221	17031
NP|PP755592.1|A/cattle/Texas/24-008749-003/2024(H5N1)	1222	17169
NP|PP755592.1|A/cattle/Texas/24-008749-003/2024(H5N1)	1223	16973
NP|PP755592.1|A/cattle/Texas/24-008749-003/2024(H5N1)	1224	16886
NP|PP755592.1|A/cattle/Texas/24-008749-003/2024(H5N1)	1225	16747
NP|PP755592.1|A/cattle/Texas/24-008749-003/2024(H5N1)	1226	16532
NP|PP755592.1|A/cattle/Texas/24-008749-003/2024(H5N1)	1227	17062
NP|PP755592.1|A/cattle/Texas/24-008749-003/2024(H5N1)	1228	17046
NP|PP755592.1|A/cattle/Texas/24-008749-003/2024(H5N1)	1229	16824
NP|PP755592.1|A/cattle/Texas/24-008749-003/2024(H5N1)	1230	17307
NP|PP755592.1|A/cattle/Texas/24-008749-003/2024(H5N1)	1231	17209
NP|PP755592.1|A/cattle/Texas/24-008749-003/2024(H5N1)	1232	17219
NP|PP755592.1|A/cattle/Texas/24-008749-003/2024(H5N1)	1233	17220
NP|PP755592.1|A/cattle/Texas/24-008749-003/2024(H5N1)	1234	17205
NP|PP755592.1|A/cattle/Texas/24-008749-003/2024(H5N1)	1235	17539
NP|PP755592.1|A/cattle/Texas/24-008749-003/2024(H5N1)	1236	17102
NP|PP755592.1|A/cattle/Texas/24-008749-003/2024(H5N1)	1237	16933
NP|PP755592.1|A/cattle/Texas/24-008749-003/2024(H5N1)	1238	16943
NP|PP755592.1|A/cattle/Texas/24-008749-003/2024(H5N1)	1239	16756
NP|PP755592.1|A/cattle/Texas/24-008749-003/2024(H5N1)	1240	17378
NP|PP755592.1|A/cattle/Texas/24-008749-003/2024(H5N1)	1241	17311
NP|PP755592.1|A/cattle/Texas/24-008749-003/2024(H5N1)	1242	17365
NP|PP755592.1|A/cattle/Texas/24-008749-003/2024(H5N1)	1243	17372
NP|PP755592.1|A/cattle/Texas/24-008749-003/2024(H5N1)	1244	16994
NP|PP755592.1|A/cattle/Texas/24-008749-003/2024(H5N1)	1245	17079
NP|PP755592.1|A/cattle/Texas/24-008749-003/2024(H5N1)	1246	17602
NP|PP755592.1|A/cattle/Texas/24-008749-003/2024(H5N1)	1247	17636
NP|PP755592.1|A/cattle/Texas/24-008749-003/2024(H5N1)	1248	17806
NP|PP755592.1|A/cattle/Texas/24-008749-003/2024(H5N1)	1249	17204
NP|PP755592.1|A/cattle/Texas/24-008749-003/2024(H5N1)	1250	17208
NP|PP755592.1|A/cattle/Texas/24-008749-003/2024(H5N1)	1251	17222
NP|PP755592.1|A/cattle/Texas/24-008749-003/2024(H5N1)	1252	17109
NP|PP755592.1|A/cattle/Texas/24-008749-003/2024(H5N1)	1253	17122
NP|PP755592.1|A/cattle/Texas/24-008749-003/2024(H5N1)	1254	17084
NP|PP755592.1|A/cattle/Texas/24-008749-003/2024(H5N1)	1255	17088
NP|PP755592.1|A/cattle/Texas/24-008749-003/2024(H5N1)	1256	17053
NP|PP755592.1|A/cattle/Texas/24-008749-003/2024(H5N1)	1257	17111
NP|PP755592.1|A/cattle/Texas/24-008749-003/2024(H5N1)	1258	17111
NP|PP755592.1|A/cattle/Texas/24-008749-003/2024(H5N1)	1259	17087
NP|PP755592.1|A/cattle/Texas/24-008749-003/2024(H5N1)	1260	16910
NP|PP755592.1|A/cattle/Texas/24-008749-003/2024(H5N1)	1261	16899
NP|PP755592.1|A/cattle/Texas/24-008749-003/2024(H5N1)	1262	16968
NP|PP755592.1|A/cattle/Texas/24-008749-003/2024(H5N1)	1263	16964
NP|PP755592.1|A/cattle/Texas/24-008749-003/2024(H5N1)	1264	16944
NP|PP755592.1|A/cattle/Texas/24-008749-003/2024(H5N1)	1265	17092
NP|PP755592.1|A/cattle/Texas/24-008749-003/2024(H5N1)	1266	17037
NP|PP755592.1|A/cattle/Texas/24-008749-003/2024(H5N1)	1267	17049
NP|PP755592.1|A/cattle/Texas/24-008749-003/2024(H5N1)	1268	16979
NP|PP755592.1|A/cattle/Texas/24-008749-003/2024(H5N1)	1269	17013
NP|PP755592.1|A/cattle/Texas/24-008749-003/2024(H5N1)	1270	17176
NP|PP755592.1|A/cattle/Texas/24-008749-003/2024(H5N1)	1271	17135
NP|PP755592.1|A/cattle/Texas/24-008749-003/2024(H5N1)	1272	17268
NP|PP755592.1|A/cattle/Texas/24-008749-003/2024(H5N1)	1273	17251
NP|PP755592.1|A/cattle/Texas/24-008749-003/2024(H5N1)	1274	17235
NP|PP755592.1|A/cattle/Texas/24-008749-003/2024(H5N1)	1275	16841
NP|PP755592.1|A/cattle/Texas/24-008749-003/2024(H5N1)	1276	16902
NP|PP755592.1|A/cattle/Texas/24-008749-003/2024(H5N1)	1277	16941
NP|PP755592.1|A/cattle/Texas/24-008749-003/2024(H5N1)	1278	16704
NP|PP755592.1|A/cattle/Texas/24-008749-003/2024(H5N1)	1279	16588
NP|PP755592.1|A/cattle/Texas/24-008749-003/2024(H5N1)	1280	16572
NP|PP755592.1|A/cattle/Texas/24-008749-003/2024(H5N1)	1281	16244
NP|PP755592.1|A/cattle/Texas/24-008749-003/2024(H5N1)	1282	16284
NP|PP755592.1|A/cattle/Texas/24-008749-003/2024(H5N1)	1283	15784
NP|PP755592.1|A/cattle/Texas/24-008749-003/2024(H5N1)	1284	15900
NP|PP755592.1|A/cattle/Texas/24-008749-003/2024(H5N1)	1285	15918
NP|PP755592.1|A/cattle/Texas/24-008749-003/2024(H5N1)	1286	15795
NP|PP755592.1|A/cattle/Texas/24-008749-003/2024(H5N1)	1287	15797
NP|PP755592.1|A/cattle/Texas/24-008749-003/2024(H5N1)	1288	15803
NP|PP755592.1|A/cattle/Texas/24-008749-003/2024(H5N1)	1289	15776
NP|PP755592.1|A/cattle/Texas/24-008749-003/2024(H5N1)	1290	15787
NP|PP755592.1|A/cattle/Texas/24-008749-003/2024(H5N1)	1291	15792
NP|PP755592.1|A/cattle/Texas/24-008749-003/2024(H5N1)	1292	16651
NP|PP755592.1|A/cattle/Texas/24-008749-003/2024(H5N1)	1293	16637
NP|PP755592.1|A/cattle/Texas/24-008749-003/2024(H5N1)	1294	16427
NP|PP755592.1|A/cattle/Texas/24-008749-003/2024(H5N1)	1295	16530
NP|PP755592.1|A/cattle/Texas/24-008749-003/2024(H5N1)	1296	16625
NP|PP755592.1|A/cattle/Texas/24-008749-003/2024(H5N1)	1297	16664
NP|PP755592.1|A/cattle/Texas/24-008749-003/2024(H5N1)	1298	16442
NP|PP755592.1|A/cattle/Texas/24-008749-003/2024(H5N1)	1299	16075
NP|PP755592.1|A/cattle/Texas/24-008749-003/2024(H5N1)	1300	16089
NP|PP755592.1|A/cattle/Texas/24-008749-003/2024(H5N1)	1301	16354
NP|PP755592.1|A/cattle/Texas/24-008749-003/2024(H5N1)	1302	16371
NP|PP755592.1|A/cattle/Texas/24-008749-003/2024(H5N1)	1303	16031
NP|PP755592.1|A/cattle/Texas/24-008749-003/2024(H5N1)	1304	15991
NP|PP755592.1|A/cattle/Texas/24-008749-003/2024(H5N1)	1305	15996
NP|PP755592.1|A/cattle/Texas/24-008749-003/2024(H5N1)	1306	15856
NP|PP755592.1|A/cattle/Texas/24-008749-003/2024(H5N1)	1307	15891
NP|PP755592.1|A/cattle/Texas/24-008749-003/2024(H5N1)	1308	15965
NP|PP755592.1|A/cattle/Texas/24-008749-003/2024(H5N1)	1309	15906
NP|PP755592.1|A/cattle/Texas/24-008749-003/2024(H5N1)	1310	16012
NP|PP755592.1|A/cattle/Texas/24-008749-003/2024(H5N1)	1311	15836
NP|PP755592.1|A/cattle/Texas/24-008749-003/2024(H5N1)	1312	15900
NP|PP755592.1|A/cattle/Texas/24-008749-003/2024(H5N1)	1313	15863
NP|PP755592.1|A/cattle/Texas/24-008749-003/2024(H5N1)	1314	15853
NP|PP755592.1|A/cattle/Texas/24-008749-003/2024(H5N1)	1315	15891
NP|PP755592.1|A/cattle/Texas/24-008749-003/2024(H5N1)	1316	16029
NP|PP755592.1|A/cattle/Texas/24-008749-003/2024(H5N1)	1317	16059
NP|PP755592.1|A/cattle/Texas/24-008749-003/2024(H5N1)	1318	15920
NP|PP755592.1|A/cattle/Texas/24-008749-003/2024(H5N1)	1319	15680
NP|PP755592.1|A/cattle/Texas/24-008749-003/2024(H5N1)	1320	15669
NP|PP755592.1|A/cattle/Texas/24-008749-003/2024(H5N1)	1321	15632
NP|PP755592.1|A/cattle/Texas/24-008749-003/2024(H5N1)	1322	15741
NP|PP755592.1|A/cattle/Texas/24-008749-003/2024(H5N1)	1323	15838
NP|PP755592.1|A/cattle/Texas/24-008749-003/2024(H5N1)	1324	15764
NP|PP755592.1|A/cattle/Texas/24-008749-003/2024(H5N1)	1325	15637
NP|PP755592.1|A/cattle/Texas/24-008749-003/2024(H5N1)	1326	15298
NP|PP755592.1|A/cattle/Texas/24-008749-003/2024(H5N1)	1327	15316
NP|PP755592.1|A/cattle/Texas/24-008749-003/2024(H5N1)	1328	15197
NP|PP755592.1|A/cattle/Texas/24-008749-003/2024(H5N1)	1329	15127
NP|PP755592.1|A/cattle/Texas/24-008749-003/2024(H5N1)	1330	15426
NP|PP755592.1|A/cattle/Texas/24-008749-003/2024(H5N1)	1331	15263
NP|PP755592.1|A/cattle/Texas/24-008749-003/2024(H5N1)	1332	15339
NP|PP755592.1|A/cattle/Texas/24-008749-003/2024(H5N1)	1333	16871
NP|PP755592.1|A/cattle/Texas/24-008749-003/2024(H5N1)	1334	16853
NP|PP755592.1|A/cattle/Texas/24-008749-003/2024(H5N1)	1335	16965
NP|PP755592.1|A/cattle/Texas/24-008749-003/2024(H5N1)	1336	16895
NP|PP755592.1|A/cattle/Texas/24-008749-003/2024(H5N1)	1337	16918
NP|PP755592.1|A/cattle/Texas/24-008749-003/2024(H5N1)	1338	16710
NP|PP755592.1|A/cattle/Texas/24-008749-003/2024(H5N1)	1339	16752
NP|PP755592.1|A/cattle/Texas/24-008749-003/2024(H5N1)	1340	16107
NP|PP755592.1|A/cattle/Texas/24-008749-003/2024(H5N1)	1341	15947
NP|PP755592.1|A/cattle/Texas/24-008749-003/2024(H5N1)	1342	16755
NP|PP755592.1|A/cattle/Texas/24-008749-003/2024(H5N1)	1343	17186
NP|PP755592.1|A/cattle/Texas/24-008749-003/2024(H5N1)	1344	17184
NP|PP755592.1|A/cattle/Texas/24-008749-003/2024(H5N1)	1345	17121
NP|PP755592.1|A/cattle/Texas/24-008749-003/2024(H5N1)	1346	16979
NP|PP755592.1|A/cattle/Texas/24-008749-003/2024(H5N1)	1347	16951
NP|PP755592.1|A/cattle/Texas/24-008749-003/2024(H5N1)	1348	16907
NP|PP755592.1|A/cattle/Texas/24-008749-003/2024(H5N1)	1349	16976
NP|PP755592.1|A/cattle/Texas/24-008749-003/2024(H5N1)	1350	16892
NP|PP755592.1|A/cattle/Texas/24-008749-003/2024(H5N1)	1351	16876
NP|PP755592.1|A/cattle/Texas/24-008749-003/2024(H5N1)	1352	16761
NP|PP755592.1|A/cattle/Texas/24-008749-003/2024(H5N1)	1353	16755
NP|PP755592.1|A/cattle/Texas/24-008749-003/2024(H5N1)	1354	16676
NP|PP755592.1|A/cattle/Texas/24-008749-003/2024(H5N1)	1355	16727
NP|PP755592.1|A/cattle/Texas/24-008749-003/2024(H5N1)	1356	16572
NP|PP755592.1|A/cattle/Texas/24-008749-003/2024(H5N1)	1357	16733
NP|PP755592.1|A/cattle/Texas/24-008749-003/2024(H5N1)	1358	16451
NP|PP755592.1|A/cattle/Texas/24-008749-003/2024(H5N1)	1359	16329
NP|PP755592.1|A/cattle/Texas/24-008749-003/2024(H5N1)	1360	16355
NP|PP755592.1|A/cattle/Texas/24-008749-003/2024(H5N1)	1361	16391
NP|PP755592.1|A/cattle/Texas/24-008749-003/2024(H5N1)	1362	16415
NP|PP755592.1|A/cattle/Texas/24-008749-003/2024(H5N1)	1363	16390
NP|PP755592.1|A/cattle/Texas/24-008749-003/2024(H5N1)	1364	16216
NP|PP755592.1|A/cattle/Texas/24-008749-003/2024(H5N1)	1365	16322
NP|PP755592.1|A/cattle/Texas/24-008749-003/2024(H5N1)	1366	16050
NP|PP755592.1|A/cattle/Texas/24-008749-003/2024(H5N1)	1367	15983
NP|PP755592.1|A/cattle/Texas/24-008749-003/2024(H5N1)	1368	15817
NP|PP755592.1|A/cattle/Texas/24-008749-003/2024(H5N1)	1369	18161
NP|PP755592.1|A/cattle/Texas/24-008749-003/2024(H5N1)	1370	18024
NP|PP755592.1|A/cattle/Texas/24-008749-003/2024(H5N1)	1371	18202
NP|PP755592.1|A/cattle/Texas/24-008749-003/2024(H5N1)	1372	18272
NP|PP755592.1|A/cattle/Texas/24-008749-003/2024(H5N1)	1373	18161
NP|PP755592.1|A/cattle/Texas/24-008749-003/2024(H5N1)	1374	18354
NP|PP755592.1|A/cattle/Texas/24-008749-003/2024(H5N1)	1375	18288
NP|PP755592.1|A/cattle/Texas/24-008749-003/2024(H5N1)	1376	18188
NP|PP755592.1|A/cattle/Texas/24-008749-003/2024(H5N1)	1377	18165
NP|PP755592.1|A/cattle/Texas/24-008749-003/2024(H5N1)	1378	17672
NP|PP755592.1|A/cattle/Texas/24-008749-003/2024(H5N1)	1379	17609
NP|PP755592.1|A/cattle/Texas/24-008749-003/2024(H5N1)	1380	17568
NP|PP755592.1|A/cattle/Texas/24-008749-003/2024(H5N1)	1381	17025
NP|PP755592.1|A/cattle/Texas/24-008749-003/2024(H5N1)	1382	17012
NP|PP755592.1|A/cattle/Texas/24-008749-003/2024(H5N1)	1383	16907
NP|PP755592.1|A/cattle/Texas/24-008749-003/2024(H5N1)	1384	16904
NP|PP755592.1|A/cattle/Texas/24-008749-003/2024(H5N1)	1385	16896
NP|PP755592.1|A/cattle/Texas/24-008749-003/2024(H5N1)	1386	16547
NP|PP755592.1|A/cattle/Texas/24-008749-003/2024(H5N1)	1387	16650
NP|PP755592.1|A/cattle/Texas/24-008749-003/2024(H5N1)	1388	16228
NP|PP755592.1|A/cattle/Texas/24-008749-003/2024(H5N1)	1389	15671
NP|PP755592.1|A/cattle/Texas/24-008749-003/2024(H5N1)	1390	15655
NP|PP755592.1|A/cattle/Texas/24-008749-003/2024(H5N1)	1391	15645
NP|PP755592.1|A/cattle/Texas/24-008749-003/2024(H5N1)	1392	15577
NP|PP755592.1|A/cattle/Texas/24-008749-003/2024(H5N1)	1393	15574
NP|PP755592.1|A/cattle/Texas/24-008749-003/2024(H5N1)	1394	15526
NP|PP755592.1|A/cattle/Texas/24-008749-003/2024(H5N1)	1395	15516
NP|PP755592.1|A/cattle/Texas/24-008749-003/2024(H5N1)	1396	14793
NP|PP755592.1|A/cattle/Texas/24-008749-003/2024(H5N1)	1397	14672
NP|PP755592.1|A/cattle/Texas/24-008749-003/2024(H5N1)	1398	14560
NP|PP755592.1|A/cattle/Texas/24-008749-003/2024(H5N1)	1399	14536
NP|PP755592.1|A/cattle/Texas/24-008749-003/2024(H5N1)	1400	14531
NP|PP755592.1|A/cattle/Texas/24-008749-003/2024(H5N1)	1401	14528
NP|PP755592.1|A/cattle/Texas/24-008749-003/2024(H5N1)	1402	14490
NP|PP755592.1|A/cattle/Texas/24-008749-003/2024(H5N1)	1403	14485
NP|PP755592.1|A/cattle/Texas/24-008749-003/2024(H5N1)	1404	14456
NP|PP755592.1|A/cattle/Texas/24-008749-003/2024(H5N1)	1405	14420
NP|PP755592.1|A/cattle/Texas/24-008749-003/2024(H5N1)	1406	14398
NP|PP755592.1|A/cattle/Texas/24-008749-003/2024(H5N1)	1407	14348
NP|PP755592.1|A/cattle/Texas/24-008749-003/2024(H5N1)	1408	14295
NP|PP755592.1|A/cattle/Texas/24-008749-003/2024(H5N1)	1409	14283
NP|PP755592.1|A/cattle/Texas/24-008749-003/2024(H5N1)	1410	14286
NP|PP755592.1|A/cattle/Texas/24-008749-003/2024(H5N1)	1411	14191
NP|PP755592.1|A/cattle/Texas/24-008749-003/2024(H5N1)	1412	14170
NP|PP755592.1|A/cattle/Texas/24-008749-003/2024(H5N1)	1413	14117
NP|PP755592.1|A/cattle/Texas/24-008749-003/2024(H5N1)	1414	14114
NP|PP755592.1|A/cattle/Texas/24-008749-003/2024(H5N1)	1415	13965
NP|PP755592.1|A/cattle/Texas/24-008749-003/2024(H5N1)	1416	13975
NP|PP755592.1|A/cattle/Texas/24-008749-003/2024(H5N1)	1417	13968
NP|PP755592.1|A/cattle/Texas/24-008749-003/2024(H5N1)	1418	13932
NP|PP755592.1|A/cattle/Texas/24-008749-003/2024(H5N1)	1419	13904
NP|PP755592.1|A/cattle/Texas/24-008749-003/2024(H5N1)	1420	13798
NP|PP755592.1|A/cattle/Texas/24-008749-003/2024(H5N1)	1421	13678
NP|PP755592.1|A/cattle/Texas/24-008749-003/2024(H5N1)	1422	13681
NP|PP755592.1|A/cattle/Texas/24-008749-003/2024(H5N1)	1423	13502
NP|PP755592.1|A/cattle/Texas/24-008749-003/2024(H5N1)	1424	13499
NP|PP755592.1|A/cattle/Texas/24-008749-003/2024(H5N1)	1425	13352
NP|PP755592.1|A/cattle/Texas/24-008749-003/2024(H5N1)	1426	13318
NP|PP755592.1|A/cattle/Texas/24-008749-003/2024(H5N1)	1427	13195
NP|PP755592.1|A/cattle/Texas/24-008749-003/2024(H5N1)	1428	13149
NP|PP755592.1|A/cattle/Texas/24-008749-003/2024(H5N1)	1429	13134
NP|PP755592.1|A/cattle/Texas/24-008749-003/2024(H5N1)	1430	13074
NP|PP755592.1|A/cattle/Texas/24-008749-003/2024(H5N1)	1431	12961
NP|PP755592.1|A/cattle/Texas/24-008749-003/2024(H5N1)	1432	12901
NP|PP755592.1|A/cattle/Texas/24-008749-003/2024(H5N1)	1433	12910
NP|PP755592.1|A/cattle/Texas/24-008749-003/2024(H5N1)	1434	12877
NP|PP755592.1|A/cattle/Texas/24-008749-003/2024(H5N1)	1435	12758
NP|PP755592.1|A/cattle/Texas/24-008749-003/2024(H5N1)	1436	12739
NP|PP755592.1|A/cattle/Texas/24-008749-003/2024(H5N1)	1437	12699
NP|PP755592.1|A/cattle/Texas/24-008749-003/2024(H5N1)	1438	12702
NP|PP755592.1|A/cattle/Texas/24-008749-003/2024(H5N1)	1439	12690
NP|PP755592.1|A/cattle/Texas/24-008749-003/2024(H5N1)	1440	12644
NP|PP755592.1|A/cattle/Texas/24-008749-003/2024(H5N1)	1441	12596
NP|PP755592.1|A/cattle/Texas/24-008749-003/2024(H5N1)	1442	11499
NP|PP755592.1|A/cattle/Texas/24-008749-003/2024(H5N1)	1443	11508
NP|PP755592.1|A/cattle/Texas/24-008749-003/2024(H5N1)	1444	11476
NP|PP755592.1|A/cattle/Texas/24-008749-003/2024(H5N1)	1445	11478
NP|PP755592.1|A/cattle/Texas/24-008749-003/2024(H5N1)	1446	11349
NP|PP755592.1|A/cattle/Texas/24-008749-003/2024(H5N1)	1447	11019
NP|PP755592.1|A/cattle/Texas/24-008749-003/2024(H5N1)	1448	10970
NP|PP755592.1|A/cattle/Texas/24-008749-003/2024(H5N1)	1449	10900
NP|PP755592.1|A/cattle/Texas/24-008749-003/2024(H5N1)	1450	10899
NP|PP755592.1|A/cattle/Texas/24-008749-003/2024(H5N1)	1451	10888
NP|PP755592.1|A/cattle/Texas/24-008749-003/2024(H5N1)	1452	10568
NP|PP755592.1|A/cattle/Texas/24-008749-003/2024(H5N1)	1453	10478
NP|PP755592.1|A/cattle/Texas/24-008749-003/2024(H5N1)	1454	10354
NP|PP755592.1|A/cattle/Texas/24-008749-003/2024(H5N1)	1455	10277
NP|PP755592.1|A/cattle/Texas/24-008749-003/2024(H5N1)	1456	10272
NP|PP755592.1|A/cattle/Texas/24-008749-003/2024(H5N1)	1457	10146
NP|PP755592.1|A/cattle/Texas/24-008749-003/2024(H5N1)	1458	10082
NP|PP755592.1|A/cattle/Texas/24-008749-003/2024(H5N1)	1459	10052
NP|PP755592.1|A/cattle/Texas/24-008749-003/2024(H5N1)	1460	10005
NP|PP755592.1|A/cattle/Texas/24-008749-003/2024(H5N1)	1461	9901
NP|PP755592.1|A/cattle/Texas/24-008749-003/2024(H5N1)	1462	9834
NP|PP755592.1|A/cattle/Texas/24-008749-003/2024(H5N1)	1463	9760
NP|PP755592.1|A/cattle/Texas/24-008749-003/2024(H5N1)	1464	9684
NP|PP755592.1|A/cattle/Texas/24-008749-003/2024(H5N1)	1465	9478
NP|PP755592.1|A/cattle/Texas/24-008749-003/2024(H5N1)	1466	9473
NP|PP755592.1|A/cattle/Texas/24-008749-003/2024(H5N1)	1467	9362
NP|PP755592.1|A/cattle/Texas/24-008749-003/2024(H5N1)	1468	9338
NP|PP755592.1|A/cattle/Texas/24-008749-003/2024(H5N1)	1469	9333
NP|PP755592.1|A/cattle/Texas/24-008749-003/2024(H5N1)	1470	9287
NP|PP755592.1|A/cattle/Texas/24-008749-003/2024(H5N1)	1471	9285
NP|PP755592.1|A/cattle/Texas/24-008749-003/2024(H5N1)	1472	9270
NP|PP755592.1|A/cattle/Texas/24-008749-003/2024(H5N1)	1473	9161
NP|PP755592.1|A/cattle/Texas/24-008749-003/2024(H5N1)	1474	9026
NP|PP755592.1|A/cattle/Texas/24-008749-003/2024(H5N1)	1475	9020
NP|PP755592.1|A/cattle/Texas/24-008749-003/2024(H5N1)	1476	9020
NP|PP755592.1|A/cattle/Texas/24-008749-003/2024(H5N1)	1477	9018
NP|PP755592.1|A/cattle/Texas/24-008749-003/2024(H5N1)	1478	9003
NP|PP755592.1|A/cattle/Texas/24-008749-003/2024(H5N1)	1479	8735
NP|PP755592.1|A/cattle/Texas/24-008749-003/2024(H5N1)	1480	8676
NP|PP755592.1|A/cattle/Texas/24-008749-003/2024(H5N1)	1481	8590
NP|PP755592.1|A/cattle/Texas/24-008749-003/2024(H5N1)	1482	8434
NP|PP755592.1|A/cattle/Texas/24-008749-003/2024(H5N1)	1483	8363
NP|PP755592.1|A/cattle/Texas/24-008749-003/2024(H5N1)	1484	6662
NP|PP755592.1|A/cattle/Texas/24-008749-003/2024(H5N1)	1485	6659
NP|PP755592.1|A/cattle/Texas/24-008749-003/2024(H5N1)	1486	6352
NP|PP755592.1|A/cattle/Texas/24-008749-003/2024(H5N1)	1487	6343
NP|PP755592.1|A/cattle/Texas/24-008749-003/2024(H5N1)	1488	6314
NP|PP755592.1|A/cattle/Texas/24-008749-003/2024(H5N1)	1489	6194
NP|PP755592.1|A/cattle/Texas/24-008749-003/2024(H5N1)	1490	6187
NP|PP755592.1|A/cattle/Texas/24-008749-003/2024(H5N1)	1491	6069
NP|PP755592.1|A/cattle/Texas/24-008749-003/2024(H5N1)	1492	4958
NP|PP755592.1|A/cattle/Texas/24-008749-003/2024(H5N1)	1493	4948
NP|PP755592.1|A/cattle/Texas/24-008749-003/2024(H5N1)	1494	4431
NP|PP755592.1|A/cattle/Texas/24-008749-003/2024(H5N1)	1495	4376
NP|PP755592.1|A/cattle/Texas/24-008749-003/2024(H5N1)	1496	4354
NP|PP755592.1|A/cattle/Texas/24-008749-003/2024(H5N1)	1497	4352
