NS|PP755593.1|A/cattle/Texas/24-008749-003/2024(H5N1)	1	6491
NS|PP755593.1|A/cattle/Texas/24-008749-003/2024(H5N1)	2	6507
NS|PP755593.1|A/cattle/Texas/24-008749-003/2024(H5N1)	3	6623
NS|PP755593.1|A/cattle/Texas/24-008749-003/2024(H5N1)	4	6962
NS|PP755593.1|A/cattle/Texas/24-008749-003/2024(H5N1)	5	7202
NS|PP755593.1|A/cattle/Texas/24-008749-003/2024(H5N1)	6	10524
NS|PP755593.1|A/cattle/Texas/24-008749-003/2024(H5N1)	7	10547
NS|PP755593.1|A/cattle/Texas/24-008749-003/2024(H5N1)	8	10916
NS|PP755593.1|A/cattle/Texas/24-008749-003/2024(H5N1)	9	10935
NS|PP755593.1|A/cattle/Texas/24-008749-003/2024(H5N1)	10	10946
NS|PP755593.1|A/cattle/Texas/24-008749-003/2024(H5N1)	11	11100
NS|PP755593.1|A/cattle/Texas/24-008749-003/2024(H5N1)	12	11119
NS|PP755593.1|A/cattle/Texas/24-008749-003/2024(H5N1)	13	11134
NS|PP755593.1|A/cattle/Texas/24-008749-003/2024(H5N1)	14	11305
NS|PP755593.1|A/cattle/Texas/24-008749-003/2024(H5N1)	15	11316
NS|PP755593.1|A/cattle/Texas/24-008749-003/2024(H5N1)	16	12395
NS|PP755593.1|A/cattle/Texas/24-008749-003/2024(H5N1)	17	12404
NS|PP755593.1|A/cattle/Texas/24-008749-003/2024(H5N1)	18	12460
NS|PP755593.1|A/cattle/Texas/24-008749-003/2024(H5N1)	19	12506
NS|PP755593.1|A/cattle/Texas/24-008749-003/2024(H5N1)	20	12518
NS|PP755593.1|A/cattle/Texas/24-008749-003/2024(H5N1)	21	12555
NS|PP755593.1|A/cattle/Texas/24-008749-003/2024(H5N1)	22	12563
NS|PP755593.1|A/cattle/Texas/24-008749-003/2024(H5N1)	23	12757
NS|PP755593.1|A/cattle/Texas/24-008749-003/2024(H5N1)	24	13495
NS|PP755593.1|A/cattle/Texas/24-008749-003/2024(H5N1)	25	13499
NS|PP755593.1|A/cattle/Texas/24-008749-003/2024(H5N1)	26	13567
NS|PP755593.1|A/cattle/Texas/24-008749-003/2024(H5N1)	27	13607
NS|PP755593.1|A/cattle/Texas/24-008749-003/2024(H5N1)	28	13947
NS|PP755593.1|A/cattle/Texas/24-008749-003/2024(H5N1)	29	13955
NS|PP755593.1|A/cattle/Texas/24-008749-003/2024(H5N1)	30	14024
NS|PP755593.1|A/cattle/Texas/24-008749-003/2024(H5N1)	31	14102
NS|PP755593.1|A/cattle/Texas/24-008749-003/2024(H5N1)	32	14175
NS|PP755593.1|A/cattle/Texas/24-008749-003/2024(H5N1)	33	14214
NS|PP755593.1|A/cattle/Texas/24-008749-003/2024(H5N1)	34	14256
NS|PP755593.1|A/cattle/Texas/24-008749-003/2024(H5N1)	35	14318
NS|PP755593.1|A/cattle/Texas/24-008749-003/2024(H5N1)	36	14390
NS|PP755593.1|A/cattle/Texas/24-008749-003/2024(H5N1)	37	14391
NS|PP755593.1|A/cattle/Texas/24-008749-003/2024(H5N1)	38	14607
NS|PP755593.1|A/cattle/Texas/24-008749-003/2024(H5N1)	39	15015
NS|PP755593.1|A/cattle/Texas/24-008749-003/2024(H5N1)	40	15014
NS|PP755593.1|A/cattle/Texas/24-008749-003/2024(H5N1)	41	15314
NS|PP755593.1|A/cattle/Texas/24-008749-003/2024(H5N1)	42	15410
NS|PP755593.1|A/cattle/Texas/24-008749-003/2024(H5N1)	43	15474
NS|PP755593.1|A/cattle/Texas/24-008749-003/2024(H5N1)	44	15483
NS|PP755593.1|A/cattle/Texas/24-008749-003/2024(H5N1)	45	15486
NS|PP755593.1|A/cattle/Texas/24-008749-003/2024(H5N1)	46	15487
NS|PP755593.1|A/cattle/Texas/24-008749-003/2024(H5N1)	47	15505
NS|PP755593.1|A/cattle/Texas/24-008749-003/2024(H5N1)	48	15523
NS|PP755593.1|A/cattle/Texas/24-008749-003/2024(H5N1)	49	15773
NS|PP755593.1|A/cattle/Texas/24-008749-003/2024(H5N1)	50	15775
NS|PP755593.1|A/cattle/Texas/24-008749-003/2024(H5N1)	51	15876
NS|PP755593.1|A/cattle/Texas/24-008749-003/2024(H5N1)	52	16023
NS|PP755593.1|A/cattle/Texas/24-008749-003/2024(H5N1)	53	16154
NS|PP755593.1|A/cattle/Texas/24-008749-003/2024(H5N1)	54	16225
NS|PP755593.1|A/cattle/Texas/24-008749-003/2024(H5N1)	55	16234
NS|PP755593.1|A/cattle/Texas/24-008749-003/2024(H5N1)	56	16233
NS|PP755593.1|A/cattle/Texas/24-008749-003/2024(H5N1)	57	16267
NS|PP755593.1|A/cattle/Texas/24-008749-003/2024(H5N1)	58	16314
NS|PP755593.1|A/cattle/Texas/24-008749-003/2024(H5N1)	59	16396
NS|PP755593.1|A/cattle/Texas/24-008749-003/2024(H5N1)	60	16413
NS|PP755593.1|A/cattle/Texas/24-008749-003/2024(H5N1)	61	16514
NS|PP755593.1|A/cattle/Texas/24-008749-003/2024(H5N1)	62	16527
NS|PP755593.1|A/cattle/Texas/24-008749-003/2024(H5N1)	63	17000
NS|PP755593.1|A/cattle/Texas/24-008749-003/2024(H5N1)	64	17195
NS|PP755593.1|A/cattle/Texas/24-008749-003/2024(H5N1)	65	17264
NS|PP755593.1|A/cattle/Texas/24-008749-003/2024(H5N1)	66	17269
NS|PP755593.1|A/cattle/Texas/24-008749-003/2024(H5N1)	67	17273
NS|PP755593.1|A/cattle/Texas/24-008749-003/2024(H5N1)	68	17277
NS|PP755593.1|A/cattle/Texas/24-008749-003/2024(H5N1)	69	17274
NS|PP755593.1|A/cattle/Texas/24-008749-003/2024(H5N1)	70	17504
NS|PP755593.1|A/cattle/Texas/24-008749-003/2024(H5N1)	71	18319
NS|PP755593.1|A/cattle/Texas/24-008749-003/2024(H5N1)	72	18533
NS|PP755593.1|A/cattle/Texas/24-008749-003/2024(H5N1)	73	18535
NS|PP755593.1|A/cattle/Texas/24-008749-003/2024(H5N1)	74	18553
NS|PP755593.1|A/cattle/Texas/24-008749-003/2024(H5N1)	75	18701
NS|PP755593.1|A/cattle/Texas/24-008749-003/2024(H5N1)	76	19755
NS|PP755593.1|A/cattle/Texas/24-008749-003/2024(H5N1)	77	19796
NS|PP755593.1|A/cattle/Texas/24-008749-003/2024(H5N1)	78	19836
NS|PP755593.1|A/cattle/Texas/24-008749-003/2024(H5N1)	79	19851
NS|PP755593.1|A/cattle/Texas/24-008749-003/2024(H5N1)	80	19806
NS|PP755593.1|A/cattle/Texas/24-008749-003/2024(H5N1)	81	20069
NS|PP755593.1|A/cattle/Texas/24-008749-003/2024(H5N1)	82	20204
NS|PP755593.1|A/cattle/Texas/24-008749-003/2024(H5N1)	83	20456
NS|PP755593.1|A/cattle/Texas/24-008749-003/2024(H5N1)	84	20454
NS|PP755593.1|A/cattle/Texas/24-008749-003/2024(H5N1)	85	20401
NS|PP755593.1|A/cattle/Texas/24-008749-003/2024(H5N1)	86	20437
NS|PP755593.1|A/cattle/Texas/24-008749-003/2024(H5N1)	87	20449
NS|PP755593.1|A/cattle/Texas/24-008749-003/2024(H5N1)	88	20755
NS|PP755593.1|A/cattle/Texas/24-008749-003/2024(H5N1)	89	21010
NS|PP755593.1|A/cattle/Texas/24-008749-003/2024(H5N1)	90	21075
NS|PP755593.1|A/cattle/Texas/24-008749-003/2024(H5N1)	91	21104
NS|PP755593.1|A/cattle/Texas/24-008749-003/2024(H5N1)	92	21095
NS|PP755593.1|A/cattle/Texas/24-008749-003/2024(H5N1)	93	21131
NS|PP755593.1|A/cattle/Texas/24-008749-003/2024(H5N1)	94	21458
NS|PP755593.1|A/cattle/Texas/24-008749-003/2024(H5N1)	95	21806
NS|PP755593.1|A/cattle/Texas/24-008749-003/2024(H5N1)	96	21859
NS|PP755593.1|A/cattle/Texas/24-008749-003/2024(H5N1)	97	21826
NS|PP755593.1|A/cattle/Texas/24-008749-003/2024(H5N1)	98	21807
NS|PP755593.1|A/cattle/Texas/24-008749-003/2024(H5N1)	99	21867
NS|PP755593.1|A/cattle/Texas/24-008749-003/2024(H5N1)	100	21882
NS|PP755593.1|A/cattle/Texas/24-008749-003/2024(H5N1)	101	22033
NS|PP755593.1|A/cattle/Texas/24-008749-003/2024(H5N1)	102	22036
NS|PP755593.1|A/cattle/Texas/24-008749-003/2024(H5N1)	103	22064
NS|PP755593.1|A/cattle/Texas/24-008749-003/2024(H5N1)	104	22063
NS|PP755593.1|A/cattle/Texas/24-008749-003/2024(H5N1)	105	22280
NS|PP755593.1|A/cattle/Texas/24-008749-003/2024(H5N1)	106	22475
NS|PP755593.1|A/cattle/Texas/24-008749-003/2024(H5N1)	107	22468
NS|PP755593.1|A/cattle/Texas/24-008749-003/2024(H5N1)	108	22489
NS|PP755593.1|A/cattle/Texas/24-008749-003/2024(H5N1)	109	22498
NS|PP755593.1|A/cattle/Texas/24-008749-003/2024(H5N1)	110	22605
NS|PP755593.1|A/cattle/Texas/24-008749-003/2024(H5N1)	111	22970
NS|PP755593.1|A/cattle/Texas/24-008749-003/2024(H5N1)	112	22969
NS|PP755593.1|A/cattle/Texas/24-008749-003/2024(H5N1)	113	22985
NS|PP755593.1|A/cattle/Texas/24-008749-003/2024(H5N1)	114	22952
NS|PP755593.1|A/cattle/Texas/24-008749-003/2024(H5N1)	115	23511
NS|PP755593.1|A/cattle/Texas/24-008749-003/2024(H5N1)	116	23702
NS|PP755593.1|A/cattle/Texas/24-008749-003/2024(H5N1)	117	23714
NS|PP755593.1|A/cattle/Texas/24-008749-003/2024(H5N1)	118	23764
NS|PP755593.1|A/cattle/Texas/24-008749-003/2024(H5N1)	119	23747
NS|PP755593.1|A/cattle/Texas/24-008749-003/2024(H5N1)	120	23813
NS|PP755593.1|A/cattle/Texas/24-008749-003/2024(H5N1)	121	23913
NS|PP755593.1|A/cattle/Texas/24-008749-003/2024(H5N1)	122	23911
NS|PP755593.1|A/cattle/Texas/24-008749-003/2024(H5N1)	123	24002
NS|PP755593.1|A/cattle/Texas/24-008749-003/2024(H5N1)	124	24054
NS|PP755593.1|A/cattle/Texas/24-008749-003/2024(H5N1)	125	24689
NS|PP755593.1|A/cattle/Texas/24-008749-003/2024(H5N1)	126	24699
NS|PP755593.1|A/cattle/Texas/24-008749-003/2024(H5N1)	127	24722
NS|PP755593.1|A/cattle/Texas/24-008749-003/2024(H5N1)	128	24759
NS|PP755593.1|A/cattle/Texas/24-008749-003/2024(H5N1)	129	24812
NS|PP755593.1|A/cattle/Texas/24-008749-003/2024(H5N1)	130	24814
NS|PP755593.1|A/cattle/Texas/24-008749-003/2024(H5N1)	131	25321
NS|PP755593.1|A/cattle/Texas/24-008749-003/2024(H5N1)	132	25677
NS|PP755593.1|A/cattle/Texas/24-008749-003/2024(H5N1)	133	25719
NS|PP755593.1|A/cattle/Texas/24-008749-003/2024(H5N1)	134	25606
NS|PP755593.1|A/cattle/Texas/24-008749-003/2024(H5N1)	135	25617
NS|PP755593.1|A/cattle/Texas/24-008749-003/2024(H5N1)	136	25629
NS|PP755593.1|A/cattle/Texas/24-008749-003/2024(H5N1)	137	25671
NS|PP755593.1|A/cattle/Texas/24-008749-003/2024(H5N1)	138	26352
NS|PP755593.1|A/cattle/Texas/24-008749-003/2024(H5N1)	139	26438
NS|PP755593.1|A/cattle/Texas/24-008749-003/2024(H5N1)	140	26397
NS|PP755593.1|A/cattle/Texas/24-008749-003/2024(H5N1)	141	26453
NS|PP755593.1|A/cattle/Texas/24-008749-003/2024(H5N1)	142	26420
NS|PP755593.1|A/cattle/Texas/24-008749-003/2024(H5N1)	143	26505
NS|PP755593.1|A/cattle/Texas/24-008749-003/2024(H5N1)	144	26565
NS|PP755593.1|A/cattle/Texas/24-008749-003/2024(H5N1)	145	26723
NS|PP755593.1|A/cattle/Texas/24-008749-003/2024(H5N1)	146	27849
NS|PP755593.1|A/cattle/Texas/24-008749-003/2024(H5N1)	147	27720
NS|PP755593.1|A/cattle/Texas/24-008749-003/2024(H5N1)	148	27743
NS|PP755593.1|A/cattle/Texas/24-008749-003/2024(H5N1)	149	27736
NS|PP755593.1|A/cattle/Texas/24-008749-003/2024(H5N1)	150	27745
NS|PP755593.1|A/cattle/Texas/24-008749-003/2024(H5N1)	151	28329
NS|PP755593.1|A/cattle/Texas/24-008749-003/2024(H5N1)	152	28355
NS|PP755593.1|A/cattle/Texas/24-008749-003/2024(H5N1)	153	28440
NS|PP755593.1|A/cattle/Texas/24-008749-003/2024(H5N1)	154	28458
NS|PP755593.1|A/cattle/Texas/24-008749-003/2024(H5N1)	155	28059
NS|PP755593.1|A/cattle/Texas/24-008749-003/2024(H5N1)	156	28257
NS|PP755593.1|A/cattle/Texas/24-008749-003/2024(H5N1)	157	28309
NS|PP755593.1|A/cattle/Texas/24-008749-003/2024(H5N1)	158	28481
NS|PP755593.1|A/cattle/Texas/24-008749-003/2024(H5N1)	159	28568
NS|PP755593.1|A/cattle/Texas/24-008749-003/2024(H5N1)	160	28356
NS|PP755593.1|A/cattle/Texas/24-008749-003/2024(H5N1)	161	28423
NS|PP755593.1|A/cattle/Texas/24-008749-003/2024(H5N1)	162	28481
NS|PP755593.1|A/cattle/Texas/24-008749-003/2024(H5N1)	163	28481
NS|PP755593.1|A/cattle/Texas/24-008749-003/2024(H5N1)	164	28480
NS|PP755593.1|A/cattle/Texas/24-008749-003/2024(H5N1)	165	28393
NS|PP755593.1|A/cattle/Texas/24-008749-003/2024(H5N1)	166	28409
NS|PP755593.1|A/cattle/Texas/24-008749-003/2024(H5N1)	167	28560
NS|PP755593.1|A/cattle/Texas/24-008749-003/2024(H5N1)	168	28773
NS|PP755593.1|A/cattle/Texas/24-008749-003/2024(H5N1)	169	28783
NS|PP755593.1|A/cattle/Texas/24-008749-003/2024(H5N1)	170	28823
NS|PP755593.1|A/cattle/Texas/24-008749-003/2024(H5N1)	171	29046
NS|PP755593.1|A/cattle/Texas/24-008749-003/2024(H5N1)	172	29019
NS|PP755593.1|A/cattle/Texas/24-008749-003/2024(H5N1)	173	29101
NS|PP755593.1|A/cattle/Texas/24-008749-003/2024(H5N1)	174	29104
NS|PP755593.1|A/cattle/Texas/24-008749-003/2024(H5N1)	175	29111
NS|PP755593.1|A/cattle/Texas/24-008749-003/2024(H5N1)	176	29282
NS|PP755593.1|A/cattle/Texas/24-008749-003/2024(H5N1)	177	29461
NS|PP755593.1|A/cattle/Texas/24-008749-003/2024(H5N1)	178	29477
NS|PP755593.1|A/cattle/Texas/24-008749-003/2024(H5N1)	179	29800
NS|PP755593.1|A/cattle/Texas/24-008749-003/2024(H5N1)	180	29805
NS|PP755593.1|A/cattle/Texas/24-008749-003/2024(H5N1)	181	29987
NS|PP755593.1|A/cattle/Texas/24-008749-003/2024(H5N1)	182	30036
NS|PP755593.1|A/cattle/Texas/24-008749-003/2024(H5N1)	183	30097
NS|PP755593.1|A/cattle/Texas/24-008749-003/2024(H5N1)	184	30127
NS|PP755593.1|A/cattle/Texas/24-008749-003/2024(H5N1)	185	30095
NS|PP755593.1|A/cattle/Texas/24-008749-003/2024(H5N1)	186	30359
NS|PP755593.1|A/cattle/Texas/24-008749-003/2024(H5N1)	187	31854
NS|PP755593.1|A/cattle/Texas/24-008749-003/2024(H5N1)	188	32007
NS|PP755593.1|A/cattle/Texas/24-008749-003/2024(H5N1)	189	32188
NS|PP755593.1|A/cattle/Texas/24-008749-003/2024(H5N1)	190	32327
NS|PP755593.1|A/cattle/Texas/24-008749-003/2024(H5N1)	191	33008
NS|PP755593.1|A/cattle/Texas/24-008749-003/2024(H5N1)	192	32983
NS|PP755593.1|A/cattle/Texas/24-008749-003/2024(H5N1)	193	33701
NS|PP755593.1|A/cattle/Texas/24-008749-003/2024(H5N1)	194	33688
NS|PP755593.1|A/cattle/Texas/24-008749-003/2024(H5N1)	195	33662
NS|PP755593.1|A/cattle/Texas/24-008749-003/2024(H5N1)	196	33669
NS|PP755593.1|A/cattle/Texas/24-008749-003/2024(H5N1)	197	33896
NS|PP755593.1|A/cattle/Texas/24-008749-003/2024(H5N1)	198	33909
NS|PP755593.1|A/cattle/Texas/24-008749-003/2024(H5N1)	199	33829
NS|PP755593.1|A/cattle/Texas/24-008749-003/2024(H5N1)	200	34049
NS|PP755593.1|A/cattle/Texas/24-008749-003/2024(H5N1)	201	34067
NS|PP755593.1|A/cattle/Texas/24-008749-003/2024(H5N1)	202	33885
NS|PP755593.1|A/cattle/Texas/24-008749-003/2024(H5N1)	203	33907
NS|PP755593.1|A/cattle/Texas/24-008749-003/2024(H5N1)	204	33854
NS|PP755593.1|A/cattle/Texas/24-008749-003/2024(H5N1)	205	33969
NS|PP755593.1|A/cattle/Texas/24-008749-003/2024(H5N1)	206	33958
NS|PP755593.1|A/cattle/Texas/24-008749-003/2024(H5N1)	207	33994
NS|PP755593.1|A/cattle/Texas/24-008749-003/2024(H5N1)	208	34124
NS|PP755593.1|A/cattle/Texas/24-008749-003/2024(H5N1)	209	33919
NS|PP755593.1|A/cattle/Texas/24-008749-003/2024(H5N1)	210	33965
NS|PP755593.1|A/cattle/Texas/24-008749-003/2024(H5N1)	211	34036
NS|PP755593.1|A/cattle/Texas/24-008749-003/2024(H5N1)	212	34101
NS|PP755593.1|A/cattle/Texas/24-008749-003/2024(H5N1)	213	34101
NS|PP755593.1|A/cattle/Texas/24-008749-003/2024(H5N1)	214	34192
NS|PP755593.1|A/cattle/Texas/24-008749-003/2024(H5N1)	215	34234
NS|PP755593.1|A/cattle/Texas/24-008749-003/2024(H5N1)	216	34248
NS|PP755593.1|A/cattle/Texas/24-008749-003/2024(H5N1)	217	34305
NS|PP755593.1|A/cattle/Texas/24-008749-003/2024(H5N1)	218	34359
NS|PP755593.1|A/cattle/Texas/24-008749-003/2024(H5N1)	219	34600
NS|PP755593.1|A/cattle/Texas/24-008749-003/2024(H5N1)	220	34586
NS|PP755593.1|A/cattle/Texas/24-008749-003/2024(H5N1)	221	34604
NS|PP755593.1|A/cattle/Texas/24-008749-003/2024(H5N1)	222	34475
NS|PP755593.1|A/cattle/Texas/24-008749-003/2024(H5N1)	223	34392
NS|PP755593.1|A/cattle/Texas/24-008749-003/2024(H5N1)	224	34331
NS|PP755593.1|A/cattle/Texas/24-008749-003/2024(H5N1)	225	32707
NS|PP755593.1|A/cattle/Texas/24-008749-003/2024(H5N1)	226	32158
NS|PP755593.1|A/cattle/Texas/24-008749-003/2024(H5N1)	227	31393
NS|PP755593.1|A/cattle/Texas/24-008749-003/2024(H5N1)	228	31396
NS|PP755593.1|A/cattle/Texas/24-008749-003/2024(H5N1)	229	31426
NS|PP755593.1|A/cattle/Texas/24-008749-003/2024(H5N1)	230	31418
NS|PP755593.1|A/cattle/Texas/24-008749-003/2024(H5N1)	231	31603
NS|PP755593.1|A/cattle/Texas/24-008749-003/2024(H5N1)	232	31587
NS|PP755593.1|A/cattle/Texas/24-008749-003/2024(H5N1)	233	31592
NS|PP755593.1|A/cattle/Texas/24-008749-003/2024(H5N1)	234	31587
NS|PP755593.1|A/cattle/Texas/24-008749-003/2024(H5N1)	235	31617
NS|PP755593.1|A/cattle/Texas/24-008749-003/2024(H5N1)	236	31454
NS|PP755593.1|A/cattle/Texas/24-008749-003/2024(H5N1)	237	31503
NS|PP755593.1|A/cattle/Texas/24-008749-003/2024(H5N1)	238	31583
NS|PP755593.1|A/cattle/Texas/24-008749-003/2024(H5N1)	239	31623
NS|PP755593.1|A/cattle/Texas/24-008749-003/2024(H5N1)	240	31477
NS|PP755593.1|A/cattle/Texas/24-008749-003/2024(H5N1)	241	31489
NS|PP755593.1|A/cattle/Texas/24-008749-003/2024(H5N1)	242	31442
NS|PP755593.1|A/cattle/Texas/24-008749-003/2024(H5N1)	243	31450
NS|PP755593.1|A/cattle/Texas/24-008749-003/2024(H5N1)	244	31465
NS|PP755593.1|A/cattle/Texas/24-008749-003/2024(H5N1)	245	31931
NS|PP755593.1|A/cattle/Texas/24-008749-003/2024(H5N1)	246	31954
NS|PP755593.1|A/cattle/Texas/24-008749-003/2024(H5N1)	247	31753
NS|PP755593.1|A/cattle/Texas/24-008749-003/2024(H5N1)	248	32005
NS|PP755593.1|A/cattle/Texas/24-008749-003/2024(H5N1)	249	31978
NS|PP755593.1|A/cattle/Texas/24-008749-003/2024(H5N1)	250	32325
NS|PP755593.1|A/cattle/Texas/24-008749-003/2024(H5N1)	251	32296
NS|PP755593.1|A/cattle/Texas/24-008749-003/2024(H5N1)	252	32272
NS|PP755593.1|A/cattle/Texas/24-008749-003/2024(H5N1)	253	32230
NS|PP755593.1|A/cattle/Texas/24-008749-003/2024(H5N1)	254	29894
NS|PP755593.1|A/cattle/Texas/24-008749-003/2024(H5N1)	255	29736
NS|PP755593.1|A/cattle/Texas/24-008749-003/2024(H5N1)	256	30116
NS|PP755593.1|A/cattle/Texas/24-008749-003/2024(H5N1)	257	29812
NS|PP755593.1|A/cattle/Texas/24-008749-003/2024(H5N1)	258	29769
NS|PP755593.1|A/cattle/Texas/24-008749-003/2024(H5N1)	259	29633
NS|PP755593.1|A/cattle/Texas/24-008749-003/2024(H5N1)	260	29773
NS|PP755593.1|A/cattle/Texas/24-008749-003/2024(H5N1)	261	29900
NS|PP755593.1|A/cattle/Texas/24-008749-003/2024(H5N1)	262	29928
NS|PP755593.1|A/cattle/Texas/24-008749-003/2024(H5N1)	263	29925
NS|PP755593.1|A/cattle/Texas/24-008749-003/2024(H5N1)	264	30546
NS|PP755593.1|A/cattle/Texas/24-008749-003/2024(H5N1)	265	30259
NS|PP755593.1|A/cattle/Texas/24-008749-003/2024(H5N1)	266	31197
NS|PP755593.1|A/cattle/Texas/24-008749-003/2024(H5N1)	267	30895
NS|PP755593.1|A/cattle/Texas/24-008749-003/2024(H5N1)	268	30860
NS|PP755593.1|A/cattle/Texas/24-008749-003/2024(H5N1)	269	30975
NS|PP755593.1|A/cattle/Texas/24-008749-003/2024(H5N1)	270	30964
NS|PP755593.1|A/cattle/Texas/24-008749-003/2024(H5N1)	271	30962
NS|PP755593.1|A/cattle/Texas/24-008749-003/2024(H5N1)	272	30728
NS|PP755593.1|A/cattle/Texas/24-008749-003/2024(H5N1)	273	30520
NS|PP755593.1|A/cattle/Texas/24-008749-003/2024(H5N1)	274	30657
NS|PP755593.1|A/cattle/Texas/24-008749-003/2024(H5N1)	275	29946
NS|PP755593.1|A/cattle/Texas/24-008749-003/2024(H5N1)	276	29930
NS|PP755593.1|A/cattle/Texas/24-008749-003/2024(H5N1)	277	29946
NS|PP755593.1|A/cattle/Texas/24-008749-003/2024(H5N1)	278	29905
NS|PP755593.1|A/cattle/Texas/24-008749-003/2024(H5N1)	279	29676
NS|PP755593.1|A/cattle/Texas/24-008749-003/2024(H5N1)	280	29676
NS|PP755593.1|A/cattle/Texas/24-008749-003/2024(H5N1)	281	30417
NS|PP755593.1|A/cattle/Texas/24-008749-003/2024(H5N1)	282	30403
NS|PP755593.1|A/cattle/Texas/24-008749-003/2024(H5N1)	283	30716
NS|PP755593.1|A/cattle/Texas/24-008749-003/2024(H5N1)	284	30698
NS|PP755593.1|A/cattle/Texas/24-008749-003/2024(H5N1)	285	30752
NS|PP755593.1|A/cattle/Texas/24-008749-003/2024(H5N1)	286	30796
NS|PP755593.1|A/cattle/Texas/24-008749-003/2024(H5N1)	287	30768
NS|PP755593.1|A/cattle/Texas/24-008749-003/2024(H5N1)	288	30762
NS|PP755593.1|A/cattle/Texas/24-008749-003/2024(H5N1)	289	30655
NS|PP755593.1|A/cattle/Texas/24-008749-003/2024(H5N1)	290	30148
NS|PP755593.1|A/cattle/Texas/24-008749-003/2024(H5N1)	291	30599
NS|PP755593.1|A/cattle/Texas/24-008749-003/2024(H5N1)	292	30242
NS|PP755593.1|A/cattle/Texas/24-008749-003/2024(H5N1)	293	30358
NS|PP755593.1|A/cattle/Texas/24-008749-003/2024(H5N1)	294	30515
NS|PP755593.1|A/cattle/Texas/24-008749-003/2024(H5N1)	295	30538
NS|PP755593.1|A/cattle/Texas/24-008749-003/2024(H5N1)	296	30712
NS|PP755593.1|A/cattle/Texas/24-008749-003/2024(H5N1)	297	30710
NS|PP755593.1|A/cattle/Texas/24-008749-003/2024(H5N1)	298	30706
NS|PP755593.1|A/cattle/Texas/24-008749-003/2024(H5N1)	299	30758
NS|PP755593.1|A/cattle/Texas/24-008749-003/2024(H5N1)	300	30668
NS|PP755593.1|A/cattle/Texas/24-008749-003/2024(H5N1)	301	30947
NS|PP755593.1|A/cattle/Texas/24-008749-003/2024(H5N1)	302	30932
NS|PP755593.1|A/cattle/Texas/24-008749-003/2024(H5N1)	303	30863
NS|PP755593.1|A/cattle/Texas/24-008749-003/2024(H5N1)	304	30741
NS|PP755593.1|A/cattle/Texas/24-008749-003/2024(H5N1)	305	31546
NS|PP755593.1|A/cattle/Texas/24-008749-003/2024(H5N1)	306	31908
NS|PP755593.1|A/cattle/Texas/24-008749-003/2024(H5N1)	307	31969
NS|PP755593.1|A/cattle/Texas/24-008749-003/2024(H5N1)	308	31986
NS|PP755593.1|A/cattle/Texas/24-008749-003/2024(H5N1)	309	32099
NS|PP755593.1|A/cattle/Texas/24-008749-003/2024(H5N1)	310	31998
NS|PP755593.1|A/cattle/Texas/24-008749-003/2024(H5N1)	311	32181
NS|PP755593.1|A/cattle/Texas/24-008749-003/2024(H5N1)	312	32416
NS|PP755593.1|A/cattle/Texas/24-008749-003/2024(H5N1)	313	32628
NS|PP755593.1|A/cattle/Texas/24-008749-003/2024(H5N1)	314	31820
NS|PP755593.1|A/cattle/Texas/24-008749-003/2024(H5N1)	315	31473
NS|PP755593.1|A/cattle/Texas/24-008749-003/2024(H5N1)	316	31411
NS|PP755593.1|A/cattle/Texas/24-008749-003/2024(H5N1)	317	31469
NS|PP755593.1|A/cattle/Texas/24-008749-003/2024(H5N1)	318	31472
NS|PP755593.1|A/cattle/Texas/24-008749-003/2024(H5N1)	319	31524
NS|PP755593.1|A/cattle/Texas/24-008749-003/2024(H5N1)	320	31450
NS|PP755593.1|A/cattle/Texas/24-008749-003/2024(H5N1)	321	30933
NS|PP755593.1|A/cattle/Texas/24-008749-003/2024(H5N1)	322	31551
NS|PP755593.1|A/cattle/Texas/24-008749-003/2024(H5N1)	323	31580
NS|PP755593.1|A/cattle/Texas/24-008749-003/2024(H5N1)	324	31607
NS|PP755593.1|A/cattle/Texas/24-008749-003/2024(H5N1)	325	31547
NS|PP755593.1|A/cattle/Texas/24-008749-003/2024(H5N1)	326	31485
NS|PP755593.1|A/cattle/Texas/24-008749-003/2024(H5N1)	327	30940
NS|PP755593.1|A/cattle/Texas/24-008749-003/2024(H5N1)	328	30928
NS|PP755593.1|A/cattle/Texas/24-008749-003/2024(H5N1)	329	30912
NS|PP755593.1|A/cattle/Texas/24-008749-003/2024(H5N1)	330	30895
NS|PP755593.1|A/cattle/Texas/24-008749-003/2024(H5N1)	331	30981
NS|PP755593.1|A/cattle/Texas/24-008749-003/2024(H5N1)	332	31114
NS|PP755593.1|A/cattle/Texas/24-008749-003/2024(H5N1)	333	31141
NS|PP755593.1|A/cattle/Texas/24-008749-003/2024(H5N1)	334	30997
NS|PP755593.1|A/cattle/Texas/24-008749-003/2024(H5N1)	335	30995
NS|PP755593.1|A/cattle/Texas/24-008749-003/2024(H5N1)	336	30972
NS|PP755593.1|A/cattle/Texas/24-008749-003/2024(H5N1)	337	31308
NS|PP755593.1|A/cattle/Texas/24-008749-003/2024(H5N1)	338	31327
NS|PP755593.1|A/cattle/Texas/24-008749-003/2024(H5N1)	339	31048
NS|PP755593.1|A/cattle/Texas/24-008749-003/2024(H5N1)	340	31089
NS|PP755593.1|A/cattle/Texas/24-008749-003/2024(H5N1)	341	31236
NS|PP755593.1|A/cattle/Texas/24-008749-003/2024(H5N1)	342	31221
NS|PP755593.1|A/cattle/Texas/24-008749-003/2024(H5N1)	343	31315
NS|PP755593.1|A/cattle/Texas/24-008749-003/2024(H5N1)	344	31216
NS|PP755593.1|A/cattle/Texas/24-008749-003/2024(H5N1)	345	31075
NS|PP755593.1|A/cattle/Texas/24-008749-003/2024(H5N1)	346	30483
NS|PP755593.1|A/cattle/Texas/24-008749-003/2024(H5N1)	347	30666
NS|PP755593.1|A/cattle/Texas/24-008749-003/2024(H5N1)	348	31028
NS|PP755593.1|A/cattle/Texas/24-008749-003/2024(H5N1)	349	31281
NS|PP755593.1|A/cattle/Texas/24-008749-003/2024(H5N1)	350	31353
NS|PP755593.1|A/cattle/Texas/24-008749-003/2024(H5N1)	351	31372
NS|PP755593.1|A/cattle/Texas/24-008749-003/2024(H5N1)	352	31169
NS|PP755593.1|A/cattle/Texas/24-008749-003/2024(H5N1)	353	31895
NS|PP755593.1|A/cattle/Texas/24-008749-003/2024(H5N1)	354	31770
NS|PP755593.1|A/cattle/Texas/24-008749-003/2024(H5N1)	355	31783
NS|PP755593.1|A/cattle/Texas/24-008749-003/2024(H5N1)	356	31499
NS|PP755593.1|A/cattle/Texas/24-008749-003/2024(H5N1)	357	31474
NS|PP755593.1|A/cattle/Texas/24-008749-003/2024(H5N1)	358	31777
NS|PP755593.1|A/cattle/Texas/24-008749-003/2024(H5N1)	359	31751
NS|PP755593.1|A/cattle/Texas/24-008749-003/2024(H5N1)	360	31732
NS|PP755593.1|A/cattle/Texas/24-008749-003/2024(H5N1)	361	31637
NS|PP755593.1|A/cattle/Texas/24-008749-003/2024(H5N1)	362	31053
NS|PP755593.1|A/cattle/Texas/24-008749-003/2024(H5N1)	363	31252
NS|PP755593.1|A/cattle/Texas/24-008749-003/2024(H5N1)	364	31307
NS|PP755593.1|A/cattle/Texas/24-008749-003/2024(H5N1)	365	31053
NS|PP755593.1|A/cattle/Texas/24-008749-003/2024(H5N1)	366	30930
NS|PP755593.1|A/cattle/Texas/24-008749-003/2024(H5N1)	367	30993
NS|PP755593.1|A/cattle/Texas/24-008749-003/2024(H5N1)	368	30985
NS|PP755593.1|A/cattle/Texas/24-008749-003/2024(H5N1)	369	30961
NS|PP755593.1|A/cattle/Texas/24-008749-003/2024(H5N1)	370	31050
NS|PP755593.1|A/cattle/Texas/24-008749-003/2024(H5N1)	371	31024
NS|PP755593.1|A/cattle/Texas/24-008749-003/2024(H5N1)	372	30977
NS|PP755593.1|A/cattle/Texas/24-008749-003/2024(H5N1)	373	31689
NS|PP755593.1|A/cattle/Texas/24-008749-003/2024(H5N1)	374	31655
NS|PP755593.1|A/cattle/Texas/24-008749-003/2024(H5N1)	375	31988
NS|PP755593.1|A/cattle/Texas/24-008749-003/2024(H5N1)	376	31474
NS|PP755593.1|A/cattle/Texas/24-008749-003/2024(H5N1)	377	31454
NS|PP755593.1|A/cattle/Texas/24-008749-003/2024(H5N1)	378	31977
NS|PP755593.1|A/cattle/Texas/24-008749-003/2024(H5N1)	379	31966
NS|PP755593.1|A/cattle/Texas/24-008749-003/2024(H5N1)	380	32068
NS|PP755593.1|A/cattle/Texas/24-008749-003/2024(H5N1)	381	31798
NS|PP755593.1|A/cattle/Texas/24-008749-003/2024(H5N1)	382	31714
NS|PP755593.1|A/cattle/Texas/24-008749-003/2024(H5N1)	383	31654
NS|PP755593.1|A/cattle/Texas/24-008749-003/2024(H5N1)	384	31584
NS|PP755593.1|A/cattle/Texas/24-008749-003/2024(H5N1)	385	31550
NS|PP755593.1|A/cattle/Texas/24-008749-003/2024(H5N1)	386	30841
NS|PP755593.1|A/cattle/Texas/24-008749-003/2024(H5N1)	387	30437
NS|PP755593.1|A/cattle/Texas/24-008749-003/2024(H5N1)	388	30439
NS|PP755593.1|A/cattle/Texas/24-008749-003/2024(H5N1)	389	30448
NS|PP755593.1|A/cattle/Texas/24-008749-003/2024(H5N1)	390	30501
NS|PP755593.1|A/cattle/Texas/24-008749-003/2024(H5N1)	391	30632
NS|PP755593.1|A/cattle/Texas/24-008749-003/2024(H5N1)	392	31484
NS|PP755593.1|A/cattle/Texas/24-008749-003/2024(H5N1)	393	31481
NS|PP755593.1|A/cattle/Texas/24-008749-003/2024(H5N1)	394	31851
NS|PP755593.1|A/cattle/Texas/24-008749-003/2024(H5N1)	395	31951
NS|PP755593.1|A/cattle/Texas/24-008749-003/2024(H5N1)	396	31971
NS|PP755593.1|A/cattle/Texas/24-008749-003/2024(H5N1)	397	31398
NS|PP755593.1|A/cattle/Texas/24-008749-003/2024(H5N1)	398	31447
NS|PP755593.1|A/cattle/Texas/24-008749-003/2024(H5N1)	399	31748
NS|PP755593.1|A/cattle/Texas/24-008749-003/2024(H5N1)	400	31754
NS|PP755593.1|A/cattle/Texas/24-008749-003/2024(H5N1)	401	31748
NS|PP755593.1|A/cattle/Texas/24-008749-003/2024(H5N1)	402	31373
NS|PP755593.1|A/cattle/Texas/24-008749-003/2024(H5N1)	403	31250
NS|PP755593.1|A/cattle/Texas/24-008749-003/2024(H5N1)	404	31361
NS|PP755593.1|A/cattle/Texas/24-008749-003/2024(H5N1)	405	31783
NS|PP755593.1|A/cattle/Texas/24-008749-003/2024(H5N1)	406	31805
NS|PP755593.1|A/cattle/Texas/24-008749-003/2024(H5N1)	407	31597
NS|PP755593.1|A/cattle/Texas/24-008749-003/2024(H5N1)	408	31376
NS|PP755593.1|A/cattle/Texas/24-008749-003/2024(H5N1)	409	31643
NS|PP755593.1|A/cattle/Texas/24-008749-003/2024(H5N1)	410	31586
NS|PP755593.1|A/cattle/Texas/24-008749-003/2024(H5N1)	411	31585
NS|PP755593.1|A/cattle/Texas/24-008749-003/2024(H5N1)	412	31569
NS|PP755593.1|A/cattle/Texas/24-008749-003/2024(H5N1)	413	31762
NS|PP755593.1|A/cattle/Texas/24-008749-003/2024(H5N1)	414	31704
NS|PP755593.1|A/cattle/Texas/24-008749-003/2024(H5N1)	415	31548
NS|PP755593.1|A/cattle/Texas/24-008749-003/2024(H5N1)	416	31565
NS|PP755593.1|A/cattle/Texas/24-008749-003/2024(H5N1)	417	31584
NS|PP755593.1|A/cattle/Texas/24-008749-003/2024(H5N1)	418	31521
NS|PP755593.1|A/cattle/Texas/24-008749-003/2024(H5N1)	419	31806
NS|PP755593.1|A/cattle/Texas/24-008749-003/2024(H5N1)	420	32206
NS|PP755593.1|A/cattle/Texas/24-008749-003/2024(H5N1)	421	32146
NS|PP755593.1|A/cattle/Texas/24-008749-003/2024(H5N1)	422	31867
NS|PP755593.1|A/cattle/Texas/24-008749-003/2024(H5N1)	423	31965
NS|PP755593.1|A/cattle/Texas/24-008749-003/2024(H5N1)	424	31970
NS|PP755593.1|A/cattle/Texas/24-008749-003/2024(H5N1)	425	32017
NS|PP755593.1|A/cattle/Texas/24-008749-003/2024(H5N1)	426	32037
NS|PP755593.1|A/cattle/Texas/24-008749-003/2024(H5N1)	427	31767
NS|PP755593.1|A/cattle/Texas/24-008749-003/2024(H5N1)	428	34023
NS|PP755593.1|A/cattle/Texas/24-008749-003/2024(H5N1)	429	33908
NS|PP755593.1|A/cattle/Texas/24-008749-003/2024(H5N1)	430	33948
NS|PP755593.1|A/cattle/Texas/24-008749-003/2024(H5N1)	431	33928
NS|PP755593.1|A/cattle/Texas/24-008749-003/2024(H5N1)	432	33941
NS|PP755593.1|A/cattle/Texas/24-008749-003/2024(H5N1)	433	34943
NS|PP755593.1|A/cattle/Texas/24-008749-003/2024(H5N1)	434	34897
NS|PP755593.1|A/cattle/Texas/24-008749-003/2024(H5N1)	435	34886
NS|PP755593.1|A/cattle/Texas/24-008749-003/2024(H5N1)	436	34705
NS|PP755593.1|A/cattle/Texas/24-008749-003/2024(H5N1)	437	32344
NS|PP755593.1|A/cattle/Texas/24-008749-003/2024(H5N1)	438	33137
NS|PP755593.1|A/cattle/Texas/24-008749-003/2024(H5N1)	439	32811
NS|PP755593.1|A/cattle/Texas/24-008749-003/2024(H5N1)	440	32733
NS|PP755593.1|A/cattle/Texas/24-008749-003/2024(H5N1)	441	32679
NS|PP755593.1|A/cattle/Texas/24-008749-003/2024(H5N1)	442	31734
NS|PP755593.1|A/cattle/Texas/24-008749-003/2024(H5N1)	443	31899
NS|PP755593.1|A/cattle/Texas/24-008749-003/2024(H5N1)	444	31546
NS|PP755593.1|A/cattle/Texas/24-008749-003/2024(H5N1)	445	31582
NS|PP755593.1|A/cattle/Texas/24-008749-003/2024(H5N1)	446	31597
NS|PP755593.1|A/cattle/Texas/24-008749-003/2024(H5N1)	447	31080
NS|PP755593.1|A/cattle/Texas/24-008749-003/2024(H5N1)	448	31094
NS|PP755593.1|A/cattle/Texas/24-008749-003/2024(H5N1)	449	31274
NS|PP755593.1|A/cattle/Texas/24-008749-003/2024(H5N1)	450	31180
NS|PP755593.1|A/cattle/Texas/24-008749-003/2024(H5N1)	451	31282
NS|PP755593.1|A/cattle/Texas/24-008749-003/2024(H5N1)	452	31347
NS|PP755593.1|A/cattle/Texas/24-008749-003/2024(H5N1)	453	31580
NS|PP755593.1|A/cattle/Texas/24-008749-003/2024(H5N1)	454	31736
NS|PP755593.1|A/cattle/Texas/24-008749-003/2024(H5N1)	455	31755
NS|PP755593.1|A/cattle/Texas/24-008749-003/2024(H5N1)	456	31756
NS|PP755593.1|A/cattle/Texas/24-008749-003/2024(H5N1)	457	31769
NS|PP755593.1|A/cattle/Texas/24-008749-003/2024(H5N1)	458	31641
NS|PP755593.1|A/cattle/Texas/24-008749-003/2024(H5N1)	459	31693
NS|PP755593.1|A/cattle/Texas/24-008749-003/2024(H5N1)	460	31646
NS|PP755593.1|A/cattle/Texas/24-008749-003/2024(H5N1)	461	31978
NS|PP755593.1|A/cattle/Texas/24-008749-003/2024(H5N1)	462	31954
NS|PP755593.1|A/cattle/Texas/24-008749-003/2024(H5N1)	463	31926
NS|PP755593.1|A/cattle/Texas/24-008749-003/2024(H5N1)	464	31873
NS|PP755593.1|A/cattle/Texas/24-008749-003/2024(H5N1)	465	31791
NS|PP755593.1|A/cattle/Texas/24-008749-003/2024(H5N1)	466	31792
NS|PP755593.1|A/cattle/Texas/24-008749-003/2024(H5N1)	467	32175
NS|PP755593.1|A/cattle/Texas/24-008749-003/2024(H5N1)	468	32091
NS|PP755593.1|A/cattle/Texas/24-008749-003/2024(H5N1)	469	32066
NS|PP755593.1|A/cattle/Texas/24-008749-003/2024(H5N1)	470	31793
NS|PP755593.1|A/cattle/Texas/24-008749-003/2024(H5N1)	471	31833
NS|PP755593.1|A/cattle/Texas/24-008749-003/2024(H5N1)	472	31811
NS|PP755593.1|A/cattle/Texas/24-008749-003/2024(H5N1)	473	31823
NS|PP755593.1|A/cattle/Texas/24-008749-003/2024(H5N1)	474	31844
NS|PP755593.1|A/cattle/Texas/24-008749-003/2024(H5N1)	475	31839
NS|PP755593.1|A/cattle/Texas/24-008749-003/2024(H5N1)	476	31888
NS|PP755593.1|A/cattle/Texas/24-008749-003/2024(H5N1)	477	32343
NS|PP755593.1|A/cattle/Texas/24-008749-003/2024(H5N1)	478	32371
NS|PP755593.1|A/cattle/Texas/24-008749-003/2024(H5N1)	479	32397
NS|PP755593.1|A/cattle/Texas/24-008749-003/2024(H5N1)	480	32325
NS|PP755593.1|A/cattle/Texas/24-008749-003/2024(H5N1)	481	32368
NS|PP755593.1|A/cattle/Texas/24-008749-003/2024(H5N1)	482	32691
NS|PP755593.1|A/cattle/Texas/24-008749-003/2024(H5N1)	483	32703
NS|PP755593.1|A/cattle/Texas/24-008749-003/2024(H5N1)	484	32841
NS|PP755593.1|A/cattle/Texas/24-008749-003/2024(H5N1)	485	32829
NS|PP755593.1|A/cattle/Texas/24-008749-003/2024(H5N1)	486	32814
NS|PP755593.1|A/cattle/Texas/24-008749-003/2024(H5N1)	487	33682
NS|PP755593.1|A/cattle/Texas/24-008749-003/2024(H5N1)	488	33651
NS|PP755593.1|A/cattle/Texas/24-008749-003/2024(H5N1)	489	33679
NS|PP755593.1|A/cattle/Texas/24-008749-003/2024(H5N1)	490	33647
NS|PP755593.1|A/cattle/Texas/24-008749-003/2024(H5N1)	491	33699
NS|PP755593.1|A/cattle/Texas/24-008749-003/2024(H5N1)	492	33681
NS|PP755593.1|A/cattle/Texas/24-008749-003/2024(H5N1)	493	33601
NS|PP755593.1|A/cattle/Texas/24-008749-003/2024(H5N1)	494	33416
NS|PP755593.1|A/cattle/Texas/24-008749-003/2024(H5N1)	495	33364
NS|PP755593.1|A/cattle/Texas/24-008749-003/2024(H5N1)	496	33903
NS|PP755593.1|A/cattle/Texas/24-008749-003/2024(H5N1)	497	34021
NS|PP755593.1|A/cattle/Texas/24-008749-003/2024(H5N1)	498	33956
NS|PP755593.1|A/cattle/Texas/24-008749-003/2024(H5N1)	499	33758
NS|PP755593.1|A/cattle/Texas/24-008749-003/2024(H5N1)	500	33484
NS|PP755593.1|A/cattle/Texas/24-008749-003/2024(H5N1)	501	33561
NS|PP755593.1|A/cattle/Texas/24-008749-003/2024(H5N1)	502	33939
NS|PP755593.1|A/cattle/Texas/24-008749-003/2024(H5N1)	503	34059
NS|PP755593.1|A/cattle/Texas/24-008749-003/2024(H5N1)	504	34388
NS|PP755593.1|A/cattle/Texas/24-008749-003/2024(H5N1)	505	33742
NS|PP755593.1|A/cattle/Texas/24-008749-003/2024(H5N1)	506	33949
NS|PP755593.1|A/cattle/Texas/24-008749-003/2024(H5N1)	507	33760
NS|PP755593.1|A/cattle/Texas/24-008749-003/2024(H5N1)	508	33908
NS|PP755593.1|A/cattle/Texas/24-008749-003/2024(H5N1)	509	34402
NS|PP755593.1|A/cattle/Texas/24-008749-003/2024(H5N1)	510	34241
NS|PP755593.1|A/cattle/Texas/24-008749-003/2024(H5N1)	511	34213
NS|PP755593.1|A/cattle/Texas/24-008749-003/2024(H5N1)	512	34112
NS|PP755593.1|A/cattle/Texas/24-008749-003/2024(H5N1)	513	33941
NS|PP755593.1|A/cattle/Texas/24-008749-003/2024(H5N1)	514	33940
NS|PP755593.1|A/cattle/Texas/24-008749-003/2024(H5N1)	515	33104
NS|PP755593.1|A/cattle/Texas/24-008749-003/2024(H5N1)	516	33133
NS|PP755593.1|A/cattle/Texas/24-008749-003/2024(H5N1)	517	32610
NS|PP755593.1|A/cattle/Texas/24-008749-003/2024(H5N1)	518	32184
NS|PP755593.1|A/cattle/Texas/24-008749-003/2024(H5N1)	519	32202
NS|PP755593.1|A/cattle/Texas/24-008749-003/2024(H5N1)	520	32040
NS|PP755593.1|A/cattle/Texas/24-008749-003/2024(H5N1)	521	32016
NS|PP755593.1|A/cattle/Texas/24-008749-003/2024(H5N1)	522	32053
NS|PP755593.1|A/cattle/Texas/24-008749-003/2024(H5N1)	523	32399
NS|PP755593.1|A/cattle/Texas/24-008749-003/2024(H5N1)	524	32416
NS|PP755593.1|A/cattle/Texas/24-008749-003/2024(H5N1)	525	32325
NS|PP755593.1|A/cattle/Texas/24-008749-003/2024(H5N1)	526	32250
NS|PP755593.1|A/cattle/Texas/24-008749-003/2024(H5N1)	527	32323
NS|PP755593.1|A/cattle/Texas/24-008749-003/2024(H5N1)	528	32535
NS|PP755593.1|A/cattle/Texas/24-008749-003/2024(H5N1)	529	32539
NS|PP755593.1|A/cattle/Texas/24-008749-003/2024(H5N1)	530	32742
NS|PP755593.1|A/cattle/Texas/24-008749-003/2024(H5N1)	531	32708
NS|PP755593.1|A/cattle/Texas/24-008749-003/2024(H5N1)	532	32311
NS|PP755593.1|A/cattle/Texas/24-008749-003/2024(H5N1)	533	32355
NS|PP755593.1|A/cattle/Texas/24-008749-003/2024(H5N1)	534	32110
NS|PP755593.1|A/cattle/Texas/24-008749-003/2024(H5N1)	535	32147
NS|PP755593.1|A/cattle/Texas/24-008749-003/2024(H5N1)	536	33374
NS|PP755593.1|A/cattle/Texas/24-008749-003/2024(H5N1)	537	33408
NS|PP755593.1|A/cattle/Texas/24-008749-003/2024(H5N1)	538	33657
NS|PP755593.1|A/cattle/Texas/24-008749-003/2024(H5N1)	539	33446
NS|PP755593.1|A/cattle/Texas/24-008749-003/2024(H5N1)	540	33912
NS|PP755593.1|A/cattle/Texas/24-008749-003/2024(H5N1)	541	33599
NS|PP755593.1|A/cattle/Texas/24-008749-003/2024(H5N1)	542	33645
NS|PP755593.1|A/cattle/Texas/24-008749-003/2024(H5N1)	543	33869
NS|PP755593.1|A/cattle/Texas/24-008749-003/2024(H5N1)	544	33823
NS|PP755593.1|A/cattle/Texas/24-008749-003/2024(H5N1)	545	33907
NS|PP755593.1|A/cattle/Texas/24-008749-003/2024(H5N1)	546	33822
NS|PP755593.1|A/cattle/Texas/24-008749-003/2024(H5N1)	547	33607
NS|PP755593.1|A/cattle/Texas/24-008749-003/2024(H5N1)	548	33712
NS|PP755593.1|A/cattle/Texas/24-008749-003/2024(H5N1)	549	33708
NS|PP755593.1|A/cattle/Texas/24-008749-003/2024(H5N1)	550	33707
NS|PP755593.1|A/cattle/Texas/24-008749-003/2024(H5N1)	551	33897
NS|PP755593.1|A/cattle/Texas/24-008749-003/2024(H5N1)	552	33519
NS|PP755593.1|A/cattle/Texas/24-008749-003/2024(H5N1)	553	33875
NS|PP755593.1|A/cattle/Texas/24-008749-003/2024(H5N1)	554	33751
NS|PP755593.1|A/cattle/Texas/24-008749-003/2024(H5N1)	555	33759
NS|PP755593.1|A/cattle/Texas/24-008749-003/2024(H5N1)	556	33328
NS|PP755593.1|A/cattle/Texas/24-008749-003/2024(H5N1)	557	33089
NS|PP755593.1|A/cattle/Texas/24-008749-003/2024(H5N1)	558	33510
NS|PP755593.1|A/cattle/Texas/24-008749-003/2024(H5N1)	559	33461
NS|PP755593.1|A/cattle/Texas/24-008749-003/2024(H5N1)	560	33164
NS|PP755593.1|A/cattle/Texas/24-008749-003/2024(H5N1)	561	33339
NS|PP755593.1|A/cattle/Texas/24-008749-003/2024(H5N1)	562	33096
NS|PP755593.1|A/cattle/Texas/24-008749-003/2024(H5N1)	563	33065
NS|PP755593.1|A/cattle/Texas/24-008749-003/2024(H5N1)	564	34104
NS|PP755593.1|A/cattle/Texas/24-008749-003/2024(H5N1)	565	34183
NS|PP755593.1|A/cattle/Texas/24-008749-003/2024(H5N1)	566	34876
NS|PP755593.1|A/cattle/Texas/24-008749-003/2024(H5N1)	567	34890
NS|PP755593.1|A/cattle/Texas/24-008749-003/2024(H5N1)	568	34861
NS|PP755593.1|A/cattle/Texas/24-008749-003/2024(H5N1)	569	34998
NS|PP755593.1|A/cattle/Texas/24-008749-003/2024(H5N1)	570	34937
NS|PP755593.1|A/cattle/Texas/24-008749-003/2024(H5N1)	571	34825
NS|PP755593.1|A/cattle/Texas/24-008749-003/2024(H5N1)	572	35028
NS|PP755593.1|A/cattle/Texas/24-008749-003/2024(H5N1)	573	33696
NS|PP755593.1|A/cattle/Texas/24-008749-003/2024(H5N1)	574	33974
NS|PP755593.1|A/cattle/Texas/24-008749-003/2024(H5N1)	575	34045
NS|PP755593.1|A/cattle/Texas/24-008749-003/2024(H5N1)	576	34042
NS|PP755593.1|A/cattle/Texas/24-008749-003/2024(H5N1)	577	34057
NS|PP755593.1|A/cattle/Texas/24-008749-003/2024(H5N1)	578	33928
NS|PP755593.1|A/cattle/Texas/24-008749-003/2024(H5N1)	579	33932
NS|PP755593.1|A/cattle/Texas/24-008749-003/2024(H5N1)	580	33927
NS|PP755593.1|A/cattle/Texas/24-008749-003/2024(H5N1)	581	33829
NS|PP755593.1|A/cattle/Texas/24-008749-003/2024(H5N1)	582	34093
NS|PP755593.1|A/cattle/Texas/24-008749-003/2024(H5N1)	583	33534
NS|PP755593.1|A/cattle/Texas/24-008749-003/2024(H5N1)	584	33549
NS|PP755593.1|A/cattle/Texas/24-008749-003/2024(H5N1)	585	33553
NS|PP755593.1|A/cattle/Texas/24-008749-003/2024(H5N1)	586	33566
NS|PP755593.1|A/cattle/Texas/24-008749-003/2024(H5N1)	587	33665
NS|PP755593.1|A/cattle/Texas/24-008749-003/2024(H5N1)	588	33488
NS|PP755593.1|A/cattle/Texas/24-008749-003/2024(H5N1)	589	33763
NS|PP755593.1|A/cattle/Texas/24-008749-003/2024(H5N1)	590	33684
NS|PP755593.1|A/cattle/Texas/24-008749-003/2024(H5N1)	591	33488
NS|PP755593.1|A/cattle/Texas/24-008749-003/2024(H5N1)	592	33548
NS|PP755593.1|A/cattle/Texas/24-008749-003/2024(H5N1)	593	33520
NS|PP755593.1|A/cattle/Texas/24-008749-003/2024(H5N1)	594	33400
NS|PP755593.1|A/cattle/Texas/24-008749-003/2024(H5N1)	595	33306
NS|PP755593.1|A/cattle/Texas/24-008749-003/2024(H5N1)	596	33264
NS|PP755593.1|A/cattle/Texas/24-008749-003/2024(H5N1)	597	33294
NS|PP755593.1|A/cattle/Texas/24-008749-003/2024(H5N1)	598	32752
NS|PP755593.1|A/cattle/Texas/24-008749-003/2024(H5N1)	599	32709
NS|PP755593.1|A/cattle/Texas/24-008749-003/2024(H5N1)	600	32813
NS|PP755593.1|A/cattle/Texas/24-008749-003/2024(H5N1)	601	32754
NS|PP755593.1|A/cattle/Texas/24-008749-003/2024(H5N1)	602	32790
NS|PP755593.1|A/cattle/Texas/24-008749-003/2024(H5N1)	603	32486
NS|PP755593.1|A/cattle/Texas/24-008749-003/2024(H5N1)	604	32504
NS|PP755593.1|A/cattle/Texas/24-008749-003/2024(H5N1)	605	32558
NS|PP755593.1|A/cattle/Texas/24-008749-003/2024(H5N1)	606	32550
NS|PP755593.1|A/cattle/Texas/24-008749-003/2024(H5N1)	607	32560
NS|PP755593.1|A/cattle/Texas/24-008749-003/2024(H5N1)	608	32370
NS|PP755593.1|A/cattle/Texas/24-008749-003/2024(H5N1)	609	32358
NS|PP755593.1|A/cattle/Texas/24-008749-003/2024(H5N1)	610	33079
NS|PP755593.1|A/cattle/Texas/24-008749-003/2024(H5N1)	611	33077
NS|PP755593.1|A/cattle/Texas/24-008749-003/2024(H5N1)	612	33159
NS|PP755593.1|A/cattle/Texas/24-008749-003/2024(H5N1)	613	33117
NS|PP755593.1|A/cattle/Texas/24-008749-003/2024(H5N1)	614	33304
NS|PP755593.1|A/cattle/Texas/24-008749-003/2024(H5N1)	615	35759
NS|PP755593.1|A/cattle/Texas/24-008749-003/2024(H5N1)	616	35735
NS|PP755593.1|A/cattle/Texas/24-008749-003/2024(H5N1)	617	36421
NS|PP755593.1|A/cattle/Texas/24-008749-003/2024(H5N1)	618	36532
NS|PP755593.1|A/cattle/Texas/24-008749-003/2024(H5N1)	619	36594
NS|PP755593.1|A/cattle/Texas/24-008749-003/2024(H5N1)	620	36595
NS|PP755593.1|A/cattle/Texas/24-008749-003/2024(H5N1)	621	36525
NS|PP755593.1|A/cattle/Texas/24-008749-003/2024(H5N1)	622	36625
NS|PP755593.1|A/cattle/Texas/24-008749-003/2024(H5N1)	623	36094
NS|PP755593.1|A/cattle/Texas/24-008749-003/2024(H5N1)	624	36279
NS|PP755593.1|A/cattle/Texas/24-008749-003/2024(H5N1)	625	36311
NS|PP755593.1|A/cattle/Texas/24-008749-003/2024(H5N1)	626	35609
NS|PP755593.1|A/cattle/Texas/24-008749-003/2024(H5N1)	627	35696
NS|PP755593.1|A/cattle/Texas/24-008749-003/2024(H5N1)	628	35607
NS|PP755593.1|A/cattle/Texas/24-008749-003/2024(H5N1)	629	35390
NS|PP755593.1|A/cattle/Texas/24-008749-003/2024(H5N1)	630	35392
NS|PP755593.1|A/cattle/Texas/24-008749-003/2024(H5N1)	631	35205
NS|PP755593.1|A/cattle/Texas/24-008749-003/2024(H5N1)	632	35335
NS|PP755593.1|A/cattle/Texas/24-008749-003/2024(H5N1)	633	34666
NS|PP755593.1|A/cattle/Texas/24-008749-003/2024(H5N1)	634	35519
NS|PP755593.1|A/cattle/Texas/24-008749-003/2024(H5N1)	635	35475
NS|PP755593.1|A/cattle/Texas/24-008749-003/2024(H5N1)	636	35358
NS|PP755593.1|A/cattle/Texas/24-008749-003/2024(H5N1)	637	35399
NS|PP755593.1|A/cattle/Texas/24-008749-003/2024(H5N1)	638	35226
NS|PP755593.1|A/cattle/Texas/24-008749-003/2024(H5N1)	639	35266
NS|PP755593.1|A/cattle/Texas/24-008749-003/2024(H5N1)	640	35248
NS|PP755593.1|A/cattle/Texas/24-008749-003/2024(H5N1)	641	35010
NS|PP755593.1|A/cattle/Texas/24-008749-003/2024(H5N1)	642	35040
NS|PP755593.1|A/cattle/Texas/24-008749-003/2024(H5N1)	643	33465
NS|PP755593.1|A/cattle/Texas/24-008749-003/2024(H5N1)	644	33795
NS|PP755593.1|A/cattle/Texas/24-008749-003/2024(H5N1)	645	33770
NS|PP755593.1|A/cattle/Texas/24-008749-003/2024(H5N1)	646	33720
NS|PP755593.1|A/cattle/Texas/24-008749-003/2024(H5N1)	647	33702
NS|PP755593.1|A/cattle/Texas/24-008749-003/2024(H5N1)	648	33597
NS|PP755593.1|A/cattle/Texas/24-008749-003/2024(H5N1)	649	33577
NS|PP755593.1|A/cattle/Texas/24-008749-003/2024(H5N1)	650	33377
NS|PP755593.1|A/cattle/Texas/24-008749-003/2024(H5N1)	651	33338
NS|PP755593.1|A/cattle/Texas/24-008749-003/2024(H5N1)	652	33302
NS|PP755593.1|A/cattle/Texas/24-008749-003/2024(H5N1)	653	32467
NS|PP755593.1|A/cattle/Texas/24-008749-003/2024(H5N1)	654	32478
NS|PP755593.1|A/cattle/Texas/24-008749-003/2024(H5N1)	655	32402
NS|PP755593.1|A/cattle/Texas/24-008749-003/2024(H5N1)	656	32403
NS|PP755593.1|A/cattle/Texas/24-008749-003/2024(H5N1)	657	32405
NS|PP755593.1|A/cattle/Texas/24-008749-003/2024(H5N1)	658	32373
NS|PP755593.1|A/cattle/Texas/24-008749-003/2024(H5N1)	659	32389
NS|PP755593.1|A/cattle/Texas/24-008749-003/2024(H5N1)	660	32257
NS|PP755593.1|A/cattle/Texas/24-008749-003/2024(H5N1)	661	32203
NS|PP755593.1|A/cattle/Texas/24-008749-003/2024(H5N1)	662	32185
NS|PP755593.1|A/cattle/Texas/24-008749-003/2024(H5N1)	663	32166
NS|PP755593.1|A/cattle/Texas/24-008749-003/2024(H5N1)	664	31993
NS|PP755593.1|A/cattle/Texas/24-008749-003/2024(H5N1)	665	31981
NS|PP755593.1|A/cattle/Texas/24-008749-003/2024(H5N1)	666	32005
NS|PP755593.1|A/cattle/Texas/24-008749-003/2024(H5N1)	667	31997
NS|PP755593.1|A/cattle/Texas/24-008749-003/2024(H5N1)	668	31788
NS|PP755593.1|A/cattle/Texas/24-008749-003/2024(H5N1)	669	31778
NS|PP755593.1|A/cattle/Texas/24-008749-003/2024(H5N1)	670	31632
NS|PP755593.1|A/cattle/Texas/24-008749-003/2024(H5N1)	671	31585
NS|PP755593.1|A/cattle/Texas/24-008749-003/2024(H5N1)	672	31563
NS|PP755593.1|A/cattle/Texas/24-008749-003/2024(H5N1)	673	31576
NS|PP755593.1|A/cattle/Texas/24-008749-003/2024(H5N1)	674	31593
NS|PP755593.1|A/cattle/Texas/24-008749-003/2024(H5N1)	675	31502
NS|PP755593.1|A/cattle/Texas/24-008749-003/2024(H5N1)	676	31503
NS|PP755593.1|A/cattle/Texas/24-008749-003/2024(H5N1)	677	31494
NS|PP755593.1|A/cattle/Texas/24-008749-003/2024(H5N1)	678	31468
NS|PP755593.1|A/cattle/Texas/24-008749-003/2024(H5N1)	679	29969
NS|PP755593.1|A/cattle/Texas/24-008749-003/2024(H5N1)	680	29636
NS|PP755593.1|A/cattle/Texas/24-008749-003/2024(H5N1)	681	29537
NS|PP755593.1|A/cattle/Texas/24-008749-003/2024(H5N1)	682	29502
NS|PP755593.1|A/cattle/Texas/24-008749-003/2024(H5N1)	683	28754
NS|PP755593.1|A/cattle/Texas/24-008749-003/2024(H5N1)	684	28711
NS|PP755593.1|A/cattle/Texas/24-008749-003/2024(H5N1)	685	28713
NS|PP755593.1|A/cattle/Texas/24-008749-003/2024(H5N1)	686	28704
NS|PP755593.1|A/cattle/Texas/24-008749-003/2024(H5N1)	687	28710
NS|PP755593.1|A/cattle/Texas/24-008749-003/2024(H5N1)	688	28730
NS|PP755593.1|A/cattle/Texas/24-008749-003/2024(H5N1)	689	27971
NS|PP755593.1|A/cattle/Texas/24-008749-003/2024(H5N1)	690	27959
NS|PP755593.1|A/cattle/Texas/24-008749-003/2024(H5N1)	691	27950
NS|PP755593.1|A/cattle/Texas/24-008749-003/2024(H5N1)	692	27954
NS|PP755593.1|A/cattle/Texas/24-008749-003/2024(H5N1)	693	27953
NS|PP755593.1|A/cattle/Texas/24-008749-003/2024(H5N1)	694	27828
NS|PP755593.1|A/cattle/Texas/24-008749-003/2024(H5N1)	695	27982
NS|PP755593.1|A/cattle/Texas/24-008749-003/2024(H5N1)	696	27894
NS|PP755593.1|A/cattle/Texas/24-008749-003/2024(H5N1)	697	27835
NS|PP755593.1|A/cattle/Texas/24-008749-003/2024(H5N1)	698	27838
NS|PP755593.1|A/cattle/Texas/24-008749-003/2024(H5N1)	699	27843
NS|PP755593.1|A/cattle/Texas/24-008749-003/2024(H5N1)	700	27716
NS|PP755593.1|A/cattle/Texas/24-008749-003/2024(H5N1)	701	27693
NS|PP755593.1|A/cattle/Texas/24-008749-003/2024(H5N1)	702	27633
NS|PP755593.1|A/cattle/Texas/24-008749-003/2024(H5N1)	703	27561
NS|PP755593.1|A/cattle/Texas/24-008749-003/2024(H5N1)	704	26933
NS|PP755593.1|A/cattle/Texas/24-008749-003/2024(H5N1)	705	26795
NS|PP755593.1|A/cattle/Texas/24-008749-003/2024(H5N1)	706	26789
NS|PP755593.1|A/cattle/Texas/24-008749-003/2024(H5N1)	707	26680
NS|PP755593.1|A/cattle/Texas/24-008749-003/2024(H5N1)	708	26616
NS|PP755593.1|A/cattle/Texas/24-008749-003/2024(H5N1)	709	26746
NS|PP755593.1|A/cattle/Texas/24-008749-003/2024(H5N1)	710	26708
NS|PP755593.1|A/cattle/Texas/24-008749-003/2024(H5N1)	711	26748
NS|PP755593.1|A/cattle/Texas/24-008749-003/2024(H5N1)	712	26462
NS|PP755593.1|A/cattle/Texas/24-008749-003/2024(H5N1)	713	26465
NS|PP755593.1|A/cattle/Texas/24-008749-003/2024(H5N1)	714	26413
NS|PP755593.1|A/cattle/Texas/24-008749-003/2024(H5N1)	715	26407
NS|PP755593.1|A/cattle/Texas/24-008749-003/2024(H5N1)	716	26417
NS|PP755593.1|A/cattle/Texas/24-008749-003/2024(H5N1)	717	26408
NS|PP755593.1|A/cattle/Texas/24-008749-003/2024(H5N1)	718	25705
NS|PP755593.1|A/cattle/Texas/24-008749-003/2024(H5N1)	719	25822
NS|PP755593.1|A/cattle/Texas/24-008749-003/2024(H5N1)	720	25629
NS|PP755593.1|A/cattle/Texas/24-008749-003/2024(H5N1)	721	25637
NS|PP755593.1|A/cattle/Texas/24-008749-003/2024(H5N1)	722	25544
NS|PP755593.1|A/cattle/Texas/24-008749-003/2024(H5N1)	723	25541
NS|PP755593.1|A/cattle/Texas/24-008749-003/2024(H5N1)	724	25624
NS|PP755593.1|A/cattle/Texas/24-008749-003/2024(H5N1)	725	25579
NS|PP755593.1|A/cattle/Texas/24-008749-003/2024(H5N1)	726	25558
NS|PP755593.1|A/cattle/Texas/24-008749-003/2024(H5N1)	727	25524
NS|PP755593.1|A/cattle/Texas/24-008749-003/2024(H5N1)	728	24816
NS|PP755593.1|A/cattle/Texas/24-008749-003/2024(H5N1)	729	24999
NS|PP755593.1|A/cattle/Texas/24-008749-003/2024(H5N1)	730	24974
NS|PP755593.1|A/cattle/Texas/24-008749-003/2024(H5N1)	731	24977
NS|PP755593.1|A/cattle/Texas/24-008749-003/2024(H5N1)	732	24893
NS|PP755593.1|A/cattle/Texas/24-008749-003/2024(H5N1)	733	24170
NS|PP755593.1|A/cattle/Texas/24-008749-003/2024(H5N1)	734	24155
NS|PP755593.1|A/cattle/Texas/24-008749-003/2024(H5N1)	735	24009
NS|PP755593.1|A/cattle/Texas/24-008749-003/2024(H5N1)	736	24022
NS|PP755593.1|A/cattle/Texas/24-008749-003/2024(H5N1)	737	23927
NS|PP755593.1|A/cattle/Texas/24-008749-003/2024(H5N1)	738	22345
NS|PP755593.1|A/cattle/Texas/24-008749-003/2024(H5N1)	739	22245
NS|PP755593.1|A/cattle/Texas/24-008749-003/2024(H5N1)	740	22182
NS|PP755593.1|A/cattle/Texas/24-008749-003/2024(H5N1)	741	22171
NS|PP755593.1|A/cattle/Texas/24-008749-003/2024(H5N1)	742	22157
NS|PP755593.1|A/cattle/Texas/24-008749-003/2024(H5N1)	743	22166
NS|PP755593.1|A/cattle/Texas/24-008749-003/2024(H5N1)	744	22125
NS|PP755593.1|A/cattle/Texas/24-008749-003/2024(H5N1)	745	22011
NS|PP755593.1|A/cattle/Texas/24-008749-003/2024(H5N1)	746	21990
NS|PP755593.1|A/cattle/Texas/24-008749-003/2024(H5N1)	747	21577
NS|PP755593.1|A/cattle/Texas/24-008749-003/2024(H5N1)	748	21482
NS|PP755593.1|A/cattle/Texas/24-008749-003/2024(H5N1)	749	21381
NS|PP755593.1|A/cattle/Texas/24-008749-003/2024(H5N1)	750	21378
NS|PP755593.1|A/cattle/Texas/24-008749-003/2024(H5N1)	751	21275
NS|PP755593.1|A/cattle/Texas/24-008749-003/2024(H5N1)	752	21126
NS|PP755593.1|A/cattle/Texas/24-008749-003/2024(H5N1)	753	20922
NS|PP755593.1|A/cattle/Texas/24-008749-003/2024(H5N1)	754	20559
NS|PP755593.1|A/cattle/Texas/24-008749-003/2024(H5N1)	755	20450
NS|PP755593.1|A/cattle/Texas/24-008749-003/2024(H5N1)	756	20430
NS|PP755593.1|A/cattle/Texas/24-008749-003/2024(H5N1)	757	20143
NS|PP755593.1|A/cattle/Texas/24-008749-003/2024(H5N1)	758	20081
NS|PP755593.1|A/cattle/Texas/24-008749-003/2024(H5N1)	759	19929
NS|PP755593.1|A/cattle/Texas/24-008749-003/2024(H5N1)	760	19616
NS|PP755593.1|A/cattle/Texas/24-008749-003/2024(H5N1)	761	19613
NS|PP755593.1|A/cattle/Texas/24-008749-003/2024(H5N1)	762	19482
NS|PP755593.1|A/cattle/Texas/24-008749-003/2024(H5N1)	763	19479
NS|PP755593.1|A/cattle/Texas/24-008749-003/2024(H5N1)	764	19459
NS|PP755593.1|A/cattle/Texas/24-008749-003/2024(H5N1)	765	19500
NS|PP755593.1|A/cattle/Texas/24-008749-003/2024(H5N1)	766	19467
NS|PP755593.1|A/cattle/Texas/24-008749-003/2024(H5N1)	767	19398
NS|PP755593.1|A/cattle/Texas/24-008749-003/2024(H5N1)	768	19349
NS|PP755593.1|A/cattle/Texas/24-008749-003/2024(H5N1)	769	19210
NS|PP755593.1|A/cattle/Texas/24-008749-003/2024(H5N1)	770	19194
NS|PP755593.1|A/cattle/Texas/24-008749-003/2024(H5N1)	771	19153
NS|PP755593.1|A/cattle/Texas/24-008749-003/2024(H5N1)	772	19147
NS|PP755593.1|A/cattle/Texas/24-008749-003/2024(H5N1)	773	19064
NS|PP755593.1|A/cattle/Texas/24-008749-003/2024(H5N1)	774	18474
NS|PP755593.1|A/cattle/Texas/24-008749-003/2024(H5N1)	775	18471
NS|PP755593.1|A/cattle/Texas/24-008749-003/2024(H5N1)	776	18469
NS|PP755593.1|A/cattle/Texas/24-008749-003/2024(H5N1)	777	18498
NS|PP755593.1|A/cattle/Texas/24-008749-003/2024(H5N1)	778	18452
NS|PP755593.1|A/cattle/Texas/24-008749-003/2024(H5N1)	779	18064
NS|PP755593.1|A/cattle/Texas/24-008749-003/2024(H5N1)	780	18063
NS|PP755593.1|A/cattle/Texas/24-008749-003/2024(H5N1)	781	17946
NS|PP755593.1|A/cattle/Texas/24-008749-003/2024(H5N1)	782	17922
NS|PP755593.1|A/cattle/Texas/24-008749-003/2024(H5N1)	783	17917
NS|PP755593.1|A/cattle/Texas/24-008749-003/2024(H5N1)	784	17862
NS|PP755593.1|A/cattle/Texas/24-008749-003/2024(H5N1)	785	17774
NS|PP755593.1|A/cattle/Texas/24-008749-003/2024(H5N1)	786	15556
NS|PP755593.1|A/cattle/Texas/24-008749-003/2024(H5N1)	787	15480
NS|PP755593.1|A/cattle/Texas/24-008749-003/2024(H5N1)	788	15317
NS|PP755593.1|A/cattle/Texas/24-008749-003/2024(H5N1)	789	15162
NS|PP755593.1|A/cattle/Texas/24-008749-003/2024(H5N1)	790	15177
NS|PP755593.1|A/cattle/Texas/24-008749-003/2024(H5N1)	791	14623
NS|PP755593.1|A/cattle/Texas/24-008749-003/2024(H5N1)	792	14607
NS|PP755593.1|A/cattle/Texas/24-008749-003/2024(H5N1)	793	14462
NS|PP755593.1|A/cattle/Texas/24-008749-003/2024(H5N1)	794	14177
NS|PP755593.1|A/cattle/Texas/24-008749-003/2024(H5N1)	795	14170
NS|PP755593.1|A/cattle/Texas/24-008749-003/2024(H5N1)	796	14077
NS|PP755593.1|A/cattle/Texas/24-008749-003/2024(H5N1)	797	14075
NS|PP755593.1|A/cattle/Texas/24-008749-003/2024(H5N1)	798	13938
NS|PP755593.1|A/cattle/Texas/24-008749-003/2024(H5N1)	799	13422
NS|PP755593.1|A/cattle/Texas/24-008749-003/2024(H5N1)	800	13442
NS|PP755593.1|A/cattle/Texas/24-008749-003/2024(H5N1)	801	13393
NS|PP755593.1|A/cattle/Texas/24-008749-003/2024(H5N1)	802	13264
NS|PP755593.1|A/cattle/Texas/24-008749-003/2024(H5N1)	803	13078
NS|PP755593.1|A/cattle/Texas/24-008749-003/2024(H5N1)	804	12814
NS|PP755593.1|A/cattle/Texas/24-008749-003/2024(H5N1)	805	12815
NS|PP755593.1|A/cattle/Texas/24-008749-003/2024(H5N1)	806	12777
NS|PP755593.1|A/cattle/Texas/24-008749-003/2024(H5N1)	807	12691
NS|PP755593.1|A/cattle/Texas/24-008749-003/2024(H5N1)	808	12711
NS|PP755593.1|A/cattle/Texas/24-008749-003/2024(H5N1)	809	11864
NS|PP755593.1|A/cattle/Texas/24-008749-003/2024(H5N1)	810	11832
NS|PP755593.1|A/cattle/Texas/24-008749-003/2024(H5N1)	811	11807
NS|PP755593.1|A/cattle/Texas/24-008749-003/2024(H5N1)	812	11729
NS|PP755593.1|A/cattle/Texas/24-008749-003/2024(H5N1)	813	11728
NS|PP755593.1|A/cattle/Texas/24-008749-003/2024(H5N1)	814	11566
NS|PP755593.1|A/cattle/Texas/24-008749-003/2024(H5N1)	815	11024
NS|PP755593.1|A/cattle/Texas/24-008749-003/2024(H5N1)	816	10907
NS|PP755593.1|A/cattle/Texas/24-008749-003/2024(H5N1)	817	9850
NS|PP755593.1|A/cattle/Texas/24-008749-003/2024(H5N1)	818	9827
NS|PP755593.1|A/cattle/Texas/24-008749-003/2024(H5N1)	819	9819
NS|PP755593.1|A/cattle/Texas/24-008749-003/2024(H5N1)	820	9773
NS|PP755593.1|A/cattle/Texas/24-008749-003/2024(H5N1)	821	9772
NS|PP755593.1|A/cattle/Texas/24-008749-003/2024(H5N1)	822	9532
NS|PP755593.1|A/cattle/Texas/24-008749-003/2024(H5N1)	823	9520
NS|PP755593.1|A/cattle/Texas/24-008749-003/2024(H5N1)	824	9452
NS|PP755593.1|A/cattle/Texas/24-008749-003/2024(H5N1)	825	9296
NS|PP755593.1|A/cattle/Texas/24-008749-003/2024(H5N1)	826	9292
NS|PP755593.1|A/cattle/Texas/24-008749-003/2024(H5N1)	827	9287
NS|PP755593.1|A/cattle/Texas/24-008749-003/2024(H5N1)	828	9238
NS|PP755593.1|A/cattle/Texas/24-008749-003/2024(H5N1)	829	9235
NS|PP755593.1|A/cattle/Texas/24-008749-003/2024(H5N1)	830	9222
NS|PP755593.1|A/cattle/Texas/24-008749-003/2024(H5N1)	831	9025
NS|PP755593.1|A/cattle/Texas/24-008749-003/2024(H5N1)	832	8995
NS|PP755593.1|A/cattle/Texas/24-008749-003/2024(H5N1)	833	8780
NS|PP755593.1|A/cattle/Texas/24-008749-003/2024(H5N1)	834	8765
NS|PP755593.1|A/cattle/Texas/24-008749-003/2024(H5N1)	835	8746
NS|PP755593.1|A/cattle/Texas/24-008749-003/2024(H5N1)	836	8715
NS|PP755593.1|A/cattle/Texas/24-008749-003/2024(H5N1)	837	8620
NS|PP755593.1|A/cattle/Texas/24-008749-003/2024(H5N1)	838	8531
