MP|PP755590.1|A/cattle/Texas/24-008749-003/2024(H5N1)	1	4296
MP|PP755590.1|A/cattle/Texas/24-008749-003/2024(H5N1)	2	4397
MP|PP755590.1|A/cattle/Texas/24-008749-003/2024(H5N1)	3	4417
MP|PP755590.1|A/cattle/Texas/24-008749-003/2024(H5N1)	4	4431
MP|PP755590.1|A/cattle/Texas/24-008749-003/2024(H5N1)	5	4749
MP|PP755590.1|A/cattle/Texas/24-008749-003/2024(H5N1)	6	4839
MP|PP755590.1|A/cattle/Texas/24-008749-003/2024(H5N1)	7	5154
MP|PP755590.1|A/cattle/Texas/24-008749-003/2024(H5N1)	8	5331
MP|PP755590.1|A/cattle/Texas/24-008749-003/2024(H5N1)	9	5367
MP|PP755590.1|A/cattle/Texas/24-008749-003/2024(H5N1)	10	5369
MP|PP755590.1|A/cattle/Texas/24-008749-003/2024(H5N1)	11	5386
MP|PP755590.1|A/cattle/Texas/24-008749-003/2024(H5N1)	12	5437
MP|PP755590.1|A/cattle/Texas/24-008749-003/2024(H5N1)	13	5451
MP|PP755590.1|A/cattle/Texas/24-008749-003/2024(H5N1)	14	5452
MP|PP755590.1|A/cattle/Texas/24-008749-003/2024(H5N1)	15	5453
MP|PP755590.1|A/cattle/Texas/24-008749-003/2024(H5N1)	16	5454
MP|PP755590.1|A/cattle/Texas/24-008749-003/2024(H5N1)	17	5485
MP|PP755590.1|A/cattle/Texas/24-008749-003/2024(H5N1)	18	5523
MP|PP755590.1|A/cattle/Texas/24-008749-003/2024(H5N1)	19	5692
MP|PP755590.1|A/cattle/Texas/24-008749-003/2024(H5N1)	20	5694
MP|PP755590.1|A/cattle/Texas/24-008749-003/2024(H5N1)	21	5703
MP|PP755590.1|A/cattle/Texas/24-008749-003/2024(H5N1)	22	5703
MP|PP755590.1|A/cattle/Texas/24-008749-003/2024(H5N1)	23	5845
MP|PP755590.1|A/cattle/Texas/24-008749-003/2024(H5N1)	24	5861
MP|PP755590.1|A/cattle/Texas/24-008749-003/2024(H5N1)	25	5870
MP|PP755590.1|A/cattle/Texas/24-008749-003/2024(H5N1)	26	6121
MP|PP755590.1|A/cattle/Texas/24-008749-003/2024(H5N1)	27	6149
MP|PP755590.1|A/cattle/Texas/24-008749-003/2024(H5N1)	28	6186
MP|PP755590.1|A/cattle/Texas/24-008749-003/2024(H5N1)	29	6195
MP|PP755590.1|A/cattle/Texas/24-008749-003/2024(H5N1)	30	6241
MP|PP755590.1|A/cattle/Texas/24-008749-003/2024(H5N1)	31	6291
MP|PP755590.1|A/cattle/Texas/24-008749-003/2024(H5N1)	32	6313
MP|PP755590.1|A/cattle/Texas/24-008749-003/2024(H5N1)	33	6484
MP|PP755590.1|A/cattle/Texas/24-008749-003/2024(H5N1)	34	6608
MP|PP755590.1|A/cattle/Texas/24-008749-003/2024(H5N1)	35	6610
MP|PP755590.1|A/cattle/Texas/24-008749-003/2024(H5N1)	36	6817
MP|PP755590.1|A/cattle/Texas/24-008749-003/2024(H5N1)	37	6818
MP|PP755590.1|A/cattle/Texas/24-008749-003/2024(H5N1)	38	7151
MP|PP755590.1|A/cattle/Texas/24-008749-003/2024(H5N1)	39	7160
MP|PP755590.1|A/cattle/Texas/24-008749-003/2024(H5N1)	40	7199
MP|PP755590.1|A/cattle/Texas/24-008749-003/2024(H5N1)	41	7200
MP|PP755590.1|A/cattle/Texas/24-008749-003/2024(H5N1)	42	7215
MP|PP755590.1|A/cattle/Texas/24-008749-003/2024(H5N1)	43	7248
MP|PP755590.1|A/cattle/Texas/24-008749-003/2024(H5N1)	44	7253
MP|PP755590.1|A/cattle/Texas/24-008749-003/2024(H5N1)	45	7272
MP|PP755590.1|A/cattle/Texas/24-008749-003/2024(H5N1)	46	7316
MP|PP755590.1|A/cattle/Texas/24-008749-003/2024(H5N1)	47	7386
MP|PP755590.1|A/cattle/Texas/24-008749-003/2024(H5N1)	48	7430
MP|PP755590.1|A/cattle/Texas/24-008749-003/2024(H5N1)	49	7438
MP|PP755590.1|A/cattle/Texas/24-008749-003/2024(H5N1)	50	7455
MP|PP755590.1|A/cattle/Texas/24-008749-003/2024(H5N1)	51	7454
MP|PP755590.1|A/cattle/Texas/24-008749-003/2024(H5N1)	52	7507
MP|PP755590.1|A/cattle/Texas/24-008749-003/2024(H5N1)	53	7583
MP|PP755590.1|A/cattle/Texas/24-008749-003/2024(H5N1)	54	7567
MP|PP755590.1|A/cattle/Texas/24-008749-003/2024(H5N1)	55	7588
MP|PP755590.1|A/cattle/Texas/24-008749-003/2024(H5N1)	56	7659
MP|PP755590.1|A/cattle/Texas/24-008749-003/2024(H5N1)	57	8139
MP|PP755590.1|A/cattle/Texas/24-008749-003/2024(H5N1)	58	8148
MP|PP755590.1|A/cattle/Texas/24-008749-003/2024(H5N1)	59	8207
MP|PP755590.1|A/cattle/Texas/24-008749-003/2024(H5N1)	60	8206
MP|PP755590.1|A/cattle/Texas/24-008749-003/2024(H5N1)	61	8237
MP|PP755590.1|A/cattle/Texas/24-008749-003/2024(H5N1)	62	8254
MP|PP755590.1|A/cattle/Texas/24-008749-003/2024(H5N1)	63	8344
MP|PP755590.1|A/cattle/Texas/24-008749-003/2024(H5N1)	64	8374
MP|PP755590.1|A/cattle/Texas/24-008749-003/2024(H5N1)	65	8400
MP|PP755590.1|A/cattle/Texas/24-008749-003/2024(H5N1)	66	8385
MP|PP755590.1|A/cattle/Texas/24-008749-003/2024(H5N1)	67	8386
MP|PP755590.1|A/cattle/Texas/24-008749-003/2024(H5N1)	68	8408
MP|PP755590.1|A/cattle/Texas/24-008749-003/2024(H5N1)	69	8413
MP|PP755590.1|A/cattle/Texas/24-008749-003/2024(H5N1)	70	8559
MP|PP755590.1|A/cattle/Texas/24-008749-003/2024(H5N1)	71	8561
MP|PP755590.1|A/cattle/Texas/24-008749-003/2024(H5N1)	72	8555
MP|PP755590.1|A/cattle/Texas/24-008749-003/2024(H5N1)	73	8602
MP|PP755590.1|A/cattle/Texas/24-008749-003/2024(H5N1)	74	8645
MP|PP755590.1|A/cattle/Texas/24-008749-003/2024(H5N1)	75	8648
MP|PP755590.1|A/cattle/Texas/24-008749-003/2024(H5N1)	76	8729
MP|PP755590.1|A/cattle/Texas/24-008749-003/2024(H5N1)	77	8725
MP|PP755590.1|A/cattle/Texas/24-008749-003/2024(H5N1)	78	8744
MP|PP755590.1|A/cattle/Texas/24-008749-003/2024(H5N1)	79	8871
MP|PP755590.1|A/cattle/Texas/24-008749-003/2024(H5N1)	80	9408
MP|PP755590.1|A/cattle/Texas/24-008749-003/2024(H5N1)	81	9442
MP|PP755590.1|A/cattle/Texas/24-008749-003/2024(H5N1)	82	9517
MP|PP755590.1|A/cattle/Texas/24-008749-003/2024(H5N1)	83	9630
MP|PP755590.1|A/cattle/Texas/24-008749-003/2024(H5N1)	84	9678
MP|PP755590.1|A/cattle/Texas/24-008749-003/2024(H5N1)	85	9793
MP|PP755590.1|A/cattle/Texas/24-008749-003/2024(H5N1)	86	9811
MP|PP755590.1|A/cattle/Texas/24-008749-003/2024(H5N1)	87	9809
MP|PP755590.1|A/cattle/Texas/24-008749-003/2024(H5N1)	88	9812
MP|PP755590.1|A/cattle/Texas/24-008749-003/2024(H5N1)	89	9766
MP|PP755590.1|A/cattle/Texas/24-008749-003/2024(H5N1)	90	9832
MP|PP755590.1|A/cattle/Texas/24-008749-003/2024(H5N1)	91	9880
MP|PP755590.1|A/cattle/Texas/24-008749-003/2024(H5N1)	92	9952
MP|PP755590.1|A/cattle/Texas/24-008749-003/2024(H5N1)	93	9955
MP|PP755590.1|A/cattle/Texas/24-008749-003/2024(H5N1)	94	9943
MP|PP755590.1|A/cattle/Texas/24-008749-003/2024(H5N1)	95	10008
MP|PP755590.1|A/cattle/Texas/24-008749-003/2024(H5N1)	96	10116
MP|PP755590.1|A/cattle/Texas/24-008749-003/2024(H5N1)	97	10150
MP|PP755590.1|A/cattle/Texas/24-008749-003/2024(H5N1)	98	10154
MP|PP755590.1|A/cattle/Texas/24-008749-003/2024(H5N1)	99	10143
MP|PP755590.1|A/cattle/Texas/24-008749-003/2024(H5N1)	100	10278
MP|PP755590.1|A/cattle/Texas/24-008749-003/2024(H5N1)	101	10296
MP|PP755590.1|A/cattle/Texas/24-008749-003/2024(H5N1)	102	10820
MP|PP755590.1|A/cattle/Texas/24-008749-003/2024(H5N1)	103	10820
MP|PP755590.1|A/cattle/Texas/24-008749-003/2024(H5N1)	104	10813
MP|PP755590.1|A/cattle/Texas/24-008749-003/2024(H5N1)	105	10880
MP|PP755590.1|A/cattle/Texas/24-008749-003/2024(H5N1)	106	10983
MP|PP755590.1|A/cattle/Texas/24-008749-003/2024(H5N1)	107	11044
MP|PP755590.1|A/cattle/Texas/24-008749-003/2024(H5N1)	108	11077
MP|PP755590.1|A/cattle/Texas/24-008749-003/2024(H5N1)	109	11058
MP|PP755590.1|A/cattle/Texas/24-008749-003/2024(H5N1)	110	11221
MP|PP755590.1|A/cattle/Texas/24-008749-003/2024(H5N1)	111	11166
MP|PP755590.1|A/cattle/Texas/24-008749-003/2024(H5N1)	112	11172
MP|PP755590.1|A/cattle/Texas/24-008749-003/2024(H5N1)	113	11433
MP|PP755590.1|A/cattle/Texas/24-008749-003/2024(H5N1)	114	11460
MP|PP755590.1|A/cattle/Texas/24-008749-003/2024(H5N1)	115	11598
MP|PP755590.1|A/cattle/Texas/24-008749-003/2024(H5N1)	116	11596
MP|PP755590.1|A/cattle/Texas/24-008749-003/2024(H5N1)	117	11592
MP|PP755590.1|A/cattle/Texas/24-008749-003/2024(H5N1)	118	11589
MP|PP755590.1|A/cattle/Texas/24-008749-003/2024(H5N1)	119	11631
MP|PP755590.1|A/cattle/Texas/24-008749-003/2024(H5N1)	120	11643
MP|PP755590.1|A/cattle/Texas/24-008749-003/2024(H5N1)	121	11656
MP|PP755590.1|A/cattle/Texas/24-008749-003/2024(H5N1)	122	11626
MP|PP755590.1|A/cattle/Texas/24-008749-003/2024(H5N1)	123	11668
MP|PP755590.1|A/cattle/Texas/24-008749-003/2024(H5N1)	124	10361
MP|PP755590.1|A/cattle/Texas/24-008749-003/2024(H5N1)	125	10425
MP|PP755590.1|A/cattle/Texas/24-008749-003/2024(H5N1)	126	10004
MP|PP755590.1|A/cattle/Texas/24-008749-003/2024(H5N1)	127	10005
MP|PP755590.1|A/cattle/Texas/24-008749-003/2024(H5N1)	128	9684
MP|PP755590.1|A/cattle/Texas/24-008749-003/2024(H5N1)	129	9672
MP|PP755590.1|A/cattle/Texas/24-008749-003/2024(H5N1)	130	9684
MP|PP755590.1|A/cattle/Texas/24-008749-003/2024(H5N1)	131	9654
MP|PP755590.1|A/cattle/Texas/24-008749-003/2024(H5N1)	132	9946
MP|PP755590.1|A/cattle/Texas/24-008749-003/2024(H5N1)	133	9735
MP|PP755590.1|A/cattle/Texas/24-008749-003/2024(H5N1)	134	9920
MP|PP755590.1|A/cattle/Texas/24-008749-003/2024(H5N1)	135	10130
MP|PP755590.1|A/cattle/Texas/24-008749-003/2024(H5N1)	136	9735
MP|PP755590.1|A/cattle/Texas/24-008749-003/2024(H5N1)	137	9993
MP|PP755590.1|A/cattle/Texas/24-008749-003/2024(H5N1)	138	9996
MP|PP755590.1|A/cattle/Texas/24-008749-003/2024(H5N1)	139	9993
MP|PP755590.1|A/cattle/Texas/24-008749-003/2024(H5N1)	140	10208
MP|PP755590.1|A/cattle/Texas/24-008749-003/2024(H5N1)	141	10314
MP|PP755590.1|A/cattle/Texas/24-008749-003/2024(H5N1)	142	10446
MP|PP755590.1|A/cattle/Texas/24-008749-003/2024(H5N1)	143	10256
MP|PP755590.1|A/cattle/Texas/24-008749-003/2024(H5N1)	144	10186
MP|PP755590.1|A/cattle/Texas/24-008749-003/2024(H5N1)	145	10186
MP|PP755590.1|A/cattle/Texas/24-008749-003/2024(H5N1)	146	10518
MP|PP755590.1|A/cattle/Texas/24-008749-003/2024(H5N1)	147	10649
MP|PP755590.1|A/cattle/Texas/24-008749-003/2024(H5N1)	148	10629
MP|PP755590.1|A/cattle/Texas/24-008749-003/2024(H5N1)	149	10544
MP|PP755590.1|A/cattle/Texas/24-008749-003/2024(H5N1)	150	10573
MP|PP755590.1|A/cattle/Texas/24-008749-003/2024(H5N1)	151	10589
MP|PP755590.1|A/cattle/Texas/24-008749-003/2024(H5N1)	152	10649
MP|PP755590.1|A/cattle/Texas/24-008749-003/2024(H5N1)	153	10717
MP|PP755590.1|A/cattle/Texas/24-008749-003/2024(H5N1)	154	10071
MP|PP755590.1|A/cattle/Texas/24-008749-003/2024(H5N1)	155	10207
MP|PP755590.1|A/cattle/Texas/24-008749-003/2024(H5N1)	156	10216
MP|PP755590.1|A/cattle/Texas/24-008749-003/2024(H5N1)	157	10232
MP|PP755590.1|A/cattle/Texas/24-008749-003/2024(H5N1)	158	10208
MP|PP755590.1|A/cattle/Texas/24-008749-003/2024(H5N1)	159	10213
MP|PP755590.1|A/cattle/Texas/24-008749-003/2024(H5N1)	160	10572
MP|PP755590.1|A/cattle/Texas/24-008749-003/2024(H5N1)	161	10529
MP|PP755590.1|A/cattle/Texas/24-008749-003/2024(H5N1)	162	10656
MP|PP755590.1|A/cattle/Texas/24-008749-003/2024(H5N1)	163	10654
MP|PP755590.1|A/cattle/Texas/24-008749-003/2024(H5N1)	164	10701
MP|PP755590.1|A/cattle/Texas/24-008749-003/2024(H5N1)	165	10889
MP|PP755590.1|A/cattle/Texas/24-008749-003/2024(H5N1)	166	10920
MP|PP755590.1|A/cattle/Texas/24-008749-003/2024(H5N1)	167	10898
MP|PP755590.1|A/cattle/Texas/24-008749-003/2024(H5N1)	168	10904
MP|PP755590.1|A/cattle/Texas/24-008749-003/2024(H5N1)	169	10830
MP|PP755590.1|A/cattle/Texas/24-008749-003/2024(H5N1)	170	10728
MP|PP755590.1|A/cattle/Texas/24-008749-003/2024(H5N1)	171	10746
MP|PP755590.1|A/cattle/Texas/24-008749-003/2024(H5N1)	172	10772
MP|PP755590.1|A/cattle/Texas/24-008749-003/2024(H5N1)	173	10784
MP|PP755590.1|A/cattle/Texas/24-008749-003/2024(H5N1)	174	10747
MP|PP755590.1|A/cattle/Texas/24-008749-003/2024(H5N1)	175	10887
MP|PP755590.1|A/cattle/Texas/24-008749-003/2024(H5N1)	176	10885
MP|PP755590.1|A/cattle/Texas/24-008749-003/2024(H5N1)	177	10738
MP|PP755590.1|A/cattle/Texas/24-008749-003/2024(H5N1)	178	10723
MP|PP755590.1|A/cattle/Texas/24-008749-003/2024(H5N1)	179	10697
MP|PP755590.1|A/cattle/Texas/24-008749-003/2024(H5N1)	180	10689
MP|PP755590.1|A/cattle/Texas/24-008749-003/2024(H5N1)	181	10745
MP|PP755590.1|A/cattle/Texas/24-008749-003/2024(H5N1)	182	10781
MP|PP755590.1|A/cattle/Texas/24-008749-003/2024(H5N1)	183	10789
MP|PP755590.1|A/cattle/Texas/24-008749-003/2024(H5N1)	184	10644
MP|PP755590.1|A/cattle/Texas/24-008749-003/2024(H5N1)	185	10576
MP|PP755590.1|A/cattle/Texas/24-008749-003/2024(H5N1)	186	10564
MP|PP755590.1|A/cattle/Texas/24-008749-003/2024(H5N1)	187	10502
MP|PP755590.1|A/cattle/Texas/24-008749-003/2024(H5N1)	188	10509
MP|PP755590.1|A/cattle/Texas/24-008749-003/2024(H5N1)	189	10209
MP|PP755590.1|A/cattle/Texas/24-008749-003/2024(H5N1)	190	10364
MP|PP755590.1|A/cattle/Texas/24-008749-003/2024(H5N1)	191	10472
MP|PP755590.1|A/cattle/Texas/24-008749-003/2024(H5N1)	192	10489
MP|PP755590.1|A/cattle/Texas/24-008749-003/2024(H5N1)	193	10489
MP|PP755590.1|A/cattle/Texas/24-008749-003/2024(H5N1)	194	10687
MP|PP755590.1|A/cattle/Texas/24-008749-003/2024(H5N1)	195	10688
MP|PP755590.1|A/cattle/Texas/24-008749-003/2024(H5N1)	196	10598
MP|PP755590.1|A/cattle/Texas/24-008749-003/2024(H5N1)	197	10571
MP|PP755590.1|A/cattle/Texas/24-008749-003/2024(H5N1)	198	10761
MP|PP755590.1|A/cattle/Texas/24-008749-003/2024(H5N1)	199	10862
MP|PP755590.1|A/cattle/Texas/24-008749-003/2024(H5N1)	200	10954
MP|PP755590.1|A/cattle/Texas/24-008749-003/2024(H5N1)	201	11021
MP|PP755590.1|A/cattle/Texas/24-008749-003/2024(H5N1)	202	11028
MP|PP755590.1|A/cattle/Texas/24-008749-003/2024(H5N1)	203	10962
MP|PP755590.1|A/cattle/Texas/24-008749-003/2024(H5N1)	204	10971
MP|PP755590.1|A/cattle/Texas/24-008749-003/2024(H5N1)	205	11059
MP|PP755590.1|A/cattle/Texas/24-008749-003/2024(H5N1)	206	11040
MP|PP755590.1|A/cattle/Texas/24-008749-003/2024(H5N1)	207	10645
MP|PP755590.1|A/cattle/Texas/24-008749-003/2024(H5N1)	208	10582
MP|PP755590.1|A/cattle/Texas/24-008749-003/2024(H5N1)	209	10673
MP|PP755590.1|A/cattle/Texas/24-008749-003/2024(H5N1)	210	10954
MP|PP755590.1|A/cattle/Texas/24-008749-003/2024(H5N1)	211	11040
MP|PP755590.1|A/cattle/Texas/24-008749-003/2024(H5N1)	212	11171
MP|PP755590.1|A/cattle/Texas/24-008749-003/2024(H5N1)	213	11157
MP|PP755590.1|A/cattle/Texas/24-008749-003/2024(H5N1)	214	11205
MP|PP755590.1|A/cattle/Texas/24-008749-003/2024(H5N1)	215	11245
MP|PP755590.1|A/cattle/Texas/24-008749-003/2024(H5N1)	216	11261
MP|PP755590.1|A/cattle/Texas/24-008749-003/2024(H5N1)	217	11477
MP|PP755590.1|A/cattle/Texas/24-008749-003/2024(H5N1)	218	11506
MP|PP755590.1|A/cattle/Texas/24-008749-003/2024(H5N1)	219	11457
MP|PP755590.1|A/cattle/Texas/24-008749-003/2024(H5N1)	220	11898
MP|PP755590.1|A/cattle/Texas/24-008749-003/2024(H5N1)	221	11799
MP|PP755590.1|A/cattle/Texas/24-008749-003/2024(H5N1)	222	11823
MP|PP755590.1|A/cattle/Texas/24-008749-003/2024(H5N1)	223	11786
MP|PP755590.1|A/cattle/Texas/24-008749-003/2024(H5N1)	224	11778
MP|PP755590.1|A/cattle/Texas/24-008749-003/2024(H5N1)	225	12011
MP|PP755590.1|A/cattle/Texas/24-008749-003/2024(H5N1)	226	12059
MP|PP755590.1|A/cattle/Texas/24-008749-003/2024(H5N1)	227	12095
MP|PP755590.1|A/cattle/Texas/24-008749-003/2024(H5N1)	228	12135
MP|PP755590.1|A/cattle/Texas/24-008749-003/2024(H5N1)	229	11969
MP|PP755590.1|A/cattle/Texas/24-008749-003/2024(H5N1)	230	11976
MP|PP755590.1|A/cattle/Texas/24-008749-003/2024(H5N1)	231	11619
MP|PP755590.1|A/cattle/Texas/24-008749-003/2024(H5N1)	232	11566
MP|PP755590.1|A/cattle/Texas/24-008749-003/2024(H5N1)	233	11589
MP|PP755590.1|A/cattle/Texas/24-008749-003/2024(H5N1)	234	11362
MP|PP755590.1|A/cattle/Texas/24-008749-003/2024(H5N1)	235	11496
MP|PP755590.1|A/cattle/Texas/24-008749-003/2024(H5N1)	236	11596
MP|PP755590.1|A/cattle/Texas/24-008749-003/2024(H5N1)	237	11593
MP|PP755590.1|A/cattle/Texas/24-008749-003/2024(H5N1)	238	11741
MP|PP755590.1|A/cattle/Texas/24-008749-003/2024(H5N1)	239	11858
MP|PP755590.1|A/cattle/Texas/24-008749-003/2024(H5N1)	240	11804
MP|PP755590.1|A/cattle/Texas/24-008749-003/2024(H5N1)	241	11747
MP|PP755590.1|A/cattle/Texas/24-008749-003/2024(H5N1)	242	11738
MP|PP755590.1|A/cattle/Texas/24-008749-003/2024(H5N1)	243	11771
MP|PP755590.1|A/cattle/Texas/24-008749-003/2024(H5N1)	244	11885
MP|PP755590.1|A/cattle/Texas/24-008749-003/2024(H5N1)	245	11871
MP|PP755590.1|A/cattle/Texas/24-008749-003/2024(H5N1)	246	12136
MP|PP755590.1|A/cattle/Texas/24-008749-003/2024(H5N1)	247	12114
MP|PP755590.1|A/cattle/Texas/24-008749-003/2024(H5N1)	248	12158
MP|PP755590.1|A/cattle/Texas/24-008749-003/2024(H5N1)	249	12475
MP|PP755590.1|A/cattle/Texas/24-008749-003/2024(H5N1)	250	12355
MP|PP755590.1|A/cattle/Texas/24-008749-003/2024(H5N1)	251	12384
MP|PP755590.1|A/cattle/Texas/24-008749-003/2024(H5N1)	252	12629
MP|PP755590.1|A/cattle/Texas/24-008749-003/2024(H5N1)	253	12154
MP|PP755590.1|A/cattle/Texas/24-008749-003/2024(H5N1)	254	12204
MP|PP755590.1|A/cattle/Texas/24-008749-003/2024(H5N1)	255	12414
MP|PP755590.1|A/cattle/Texas/24-008749-003/2024(H5N1)	256	12270
MP|PP755590.1|A/cattle/Texas/24-008749-003/2024(H5N1)	257	12418
MP|PP755590.1|A/cattle/Texas/24-008749-003/2024(H5N1)	258	12379
MP|PP755590.1|A/cattle/Texas/24-008749-003/2024(H5N1)	259	12621
MP|PP755590.1|A/cattle/Texas/24-008749-003/2024(H5N1)	260	12681
MP|PP755590.1|A/cattle/Texas/24-008749-003/2024(H5N1)	261	12528
MP|PP755590.1|A/cattle/Texas/24-008749-003/2024(H5N1)	262	12529
MP|PP755590.1|A/cattle/Texas/24-008749-003/2024(H5N1)	263	12515
MP|PP755590.1|A/cattle/Texas/24-008749-003/2024(H5N1)	264	12290
MP|PP755590.1|A/cattle/Texas/24-008749-003/2024(H5N1)	265	12305
MP|PP755590.1|A/cattle/Texas/24-008749-003/2024(H5N1)	266	12236
MP|PP755590.1|A/cattle/Texas/24-008749-003/2024(H5N1)	267	12367
MP|PP755590.1|A/cattle/Texas/24-008749-003/2024(H5N1)	268	12366
MP|PP755590.1|A/cattle/Texas/24-008749-003/2024(H5N1)	269	12336
MP|PP755590.1|A/cattle/Texas/24-008749-003/2024(H5N1)	270	12364
MP|PP755590.1|A/cattle/Texas/24-008749-003/2024(H5N1)	271	12359
MP|PP755590.1|A/cattle/Texas/24-008749-003/2024(H5N1)	272	12354
MP|PP755590.1|A/cattle/Texas/24-008749-003/2024(H5N1)	273	12614
MP|PP755590.1|A/cattle/Texas/24-008749-003/2024(H5N1)	274	12796
MP|PP755590.1|A/cattle/Texas/24-008749-003/2024(H5N1)	275	12365
MP|PP755590.1|A/cattle/Texas/24-008749-003/2024(H5N1)	276	12317
MP|PP755590.1|A/cattle/Texas/24-008749-003/2024(H5N1)	277	12315
MP|PP755590.1|A/cattle/Texas/24-008749-003/2024(H5N1)	278	12314
MP|PP755590.1|A/cattle/Texas/24-008749-003/2024(H5N1)	279	12617
MP|PP755590.1|A/cattle/Texas/24-008749-003/2024(H5N1)	280	12672
MP|PP755590.1|A/cattle/Texas/24-008749-003/2024(H5N1)	281	12660
MP|PP755590.1|A/cattle/Texas/24-008749-003/2024(H5N1)	282	12645
MP|PP755590.1|A/cattle/Texas/24-008749-003/2024(H5N1)	283	12292
MP|PP755590.1|A/cattle/Texas/24-008749-003/2024(H5N1)	284	12500
MP|PP755590.1|A/cattle/Texas/24-008749-003/2024(H5N1)	285	12337
MP|PP755590.1|A/cattle/Texas/24-008749-003/2024(H5N1)	286	12057
MP|PP755590.1|A/cattle/Texas/24-008749-003/2024(H5N1)	287	12263
MP|PP755590.1|A/cattle/Texas/24-008749-003/2024(H5N1)	288	11972
MP|PP755590.1|A/cattle/Texas/24-008749-003/2024(H5N1)	289	12113
MP|PP755590.1|A/cattle/Texas/24-008749-003/2024(H5N1)	290	12125
MP|PP755590.1|A/cattle/Texas/24-008749-003/2024(H5N1)	291	12672
MP|PP755590.1|A/cattle/Texas/24-008749-003/2024(H5N1)	292	12765
MP|PP755590.1|A/cattle/Texas/24-008749-003/2024(H5N1)	293	12589
MP|PP755590.1|A/cattle/Texas/24-008749-003/2024(H5N1)	294	12635
MP|PP755590.1|A/cattle/Texas/24-008749-003/2024(H5N1)	295	12632
MP|PP755590.1|A/cattle/Texas/24-008749-003/2024(H5N1)	296	12750
MP|PP755590.1|A/cattle/Texas/24-008749-003/2024(H5N1)	297	12640
MP|PP755590.1|A/cattle/Texas/24-008749-003/2024(H5N1)	298	12651
MP|PP755590.1|A/cattle/Texas/24-008749-003/2024(H5N1)	299	12647
MP|PP755590.1|A/cattle/Texas/24-008749-003/2024(H5N1)	300	12640
MP|PP755590.1|A/cattle/Texas/24-008749-003/2024(H5N1)	301	12596
MP|PP755590.1|A/cattle/Texas/24-008749-003/2024(H5N1)	302	12550
MP|PP755590.1|A/cattle/Texas/24-008749-003/2024(H5N1)	303	12681
MP|PP755590.1|A/cattle/Texas/24-008749-003/2024(H5N1)	304	12704
MP|PP755590.1|A/cattle/Texas/24-008749-003/2024(H5N1)	305	12696
MP|PP755590.1|A/cattle/Texas/24-008749-003/2024(H5N1)	306	12548
MP|PP755590.1|A/cattle/Texas/24-008749-003/2024(H5N1)	307	12929
MP|PP755590.1|A/cattle/Texas/24-008749-003/2024(H5N1)	308	12915
MP|PP755590.1|A/cattle/Texas/24-008749-003/2024(H5N1)	309	12946
MP|PP755590.1|A/cattle/Texas/24-008749-003/2024(H5N1)	310	12981
MP|PP755590.1|A/cattle/Texas/24-008749-003/2024(H5N1)	311	12530
MP|PP755590.1|A/cattle/Texas/24-008749-003/2024(H5N1)	312	12547
MP|PP755590.1|A/cattle/Texas/24-008749-003/2024(H5N1)	313	12474
MP|PP755590.1|A/cattle/Texas/24-008749-003/2024(H5N1)	314	12563
MP|PP755590.1|A/cattle/Texas/24-008749-003/2024(H5N1)	315	12517
MP|PP755590.1|A/cattle/Texas/24-008749-003/2024(H5N1)	316	12399
MP|PP755590.1|A/cattle/Texas/24-008749-003/2024(H5N1)	317	12494
MP|PP755590.1|A/cattle/Texas/24-008749-003/2024(H5N1)	318	12512
MP|PP755590.1|A/cattle/Texas/24-008749-003/2024(H5N1)	319	12604
MP|PP755590.1|A/cattle/Texas/24-008749-003/2024(H5N1)	320	12609
MP|PP755590.1|A/cattle/Texas/24-008749-003/2024(H5N1)	321	12595
MP|PP755590.1|A/cattle/Texas/24-008749-003/2024(H5N1)	322	12691
MP|PP755590.1|A/cattle/Texas/24-008749-003/2024(H5N1)	323	12748
MP|PP755590.1|A/cattle/Texas/24-008749-003/2024(H5N1)	324	12704
MP|PP755590.1|A/cattle/Texas/24-008749-003/2024(H5N1)	325	12703
MP|PP755590.1|A/cattle/Texas/24-008749-003/2024(H5N1)	326	12578
MP|PP755590.1|A/cattle/Texas/24-008749-003/2024(H5N1)	327	12633
MP|PP755590.1|A/cattle/Texas/24-008749-003/2024(H5N1)	328	12555
MP|PP755590.1|A/cattle/Texas/24-008749-003/2024(H5N1)	329	12542
MP|PP755590.1|A/cattle/Texas/24-008749-003/2024(H5N1)	330	12556
MP|PP755590.1|A/cattle/Texas/24-008749-003/2024(H5N1)	331	12488
MP|PP755590.1|A/cattle/Texas/24-008749-003/2024(H5N1)	332	12597
MP|PP755590.1|A/cattle/Texas/24-008749-003/2024(H5N1)	333	12745
MP|PP755590.1|A/cattle/Texas/24-008749-003/2024(H5N1)	334	12738
MP|PP755590.1|A/cattle/Texas/24-008749-003/2024(H5N1)	335	12729
MP|PP755590.1|A/cattle/Texas/24-008749-003/2024(H5N1)	336	12706
MP|PP755590.1|A/cattle/Texas/24-008749-003/2024(H5N1)	337	12724
MP|PP755590.1|A/cattle/Texas/24-008749-003/2024(H5N1)	338	12719
MP|PP755590.1|A/cattle/Texas/24-008749-003/2024(H5N1)	339	12712
MP|PP755590.1|A/cattle/Texas/24-008749-003/2024(H5N1)	340	12721
MP|PP755590.1|A/cattle/Texas/24-008749-003/2024(H5N1)	341	12700
MP|PP755590.1|A/cattle/Texas/24-008749-003/2024(H5N1)	342	12576
MP|PP755590.1|A/cattle/Texas/24-008749-003/2024(H5N1)	343	12600
MP|PP755590.1|A/cattle/Texas/24-008749-003/2024(H5N1)	344	12692
MP|PP755590.1|A/cattle/Texas/24-008749-003/2024(H5N1)	345	12484
MP|PP755590.1|A/cattle/Texas/24-008749-003/2024(H5N1)	346	12548
MP|PP755590.1|A/cattle/Texas/24-008749-003/2024(H5N1)	347	12710
MP|PP755590.1|A/cattle/Texas/24-008749-003/2024(H5N1)	348	12780
MP|PP755590.1|A/cattle/Texas/24-008749-003/2024(H5N1)	349	12492
MP|PP755590.1|A/cattle/Texas/24-008749-003/2024(H5N1)	350	12431
MP|PP755590.1|A/cattle/Texas/24-008749-003/2024(H5N1)	351	12808
MP|PP755590.1|A/cattle/Texas/24-008749-003/2024(H5N1)	352	12716
MP|PP755590.1|A/cattle/Texas/24-008749-003/2024(H5N1)	353	12832
MP|PP755590.1|A/cattle/Texas/24-008749-003/2024(H5N1)	354	12896
MP|PP755590.1|A/cattle/Texas/24-008749-003/2024(H5N1)	355	12843
MP|PP755590.1|A/cattle/Texas/24-008749-003/2024(H5N1)	356	12840
MP|PP755590.1|A/cattle/Texas/24-008749-003/2024(H5N1)	357	12845
MP|PP755590.1|A/cattle/Texas/24-008749-003/2024(H5N1)	358	12818
MP|PP755590.1|A/cattle/Texas/24-008749-003/2024(H5N1)	359	12746
MP|PP755590.1|A/cattle/Texas/24-008749-003/2024(H5N1)	360	12388
MP|PP755590.1|A/cattle/Texas/24-008749-003/2024(H5N1)	361	12534
MP|PP755590.1|A/cattle/Texas/24-008749-003/2024(H5N1)	362	12468
MP|PP755590.1|A/cattle/Texas/24-008749-003/2024(H5N1)	363	12323
MP|PP755590.1|A/cattle/Texas/24-008749-003/2024(H5N1)	364	12293
MP|PP755590.1|A/cattle/Texas/24-008749-003/2024(H5N1)	365	12435
MP|PP755590.1|A/cattle/Texas/24-008749-003/2024(H5N1)	366	12364
MP|PP755590.1|A/cattle/Texas/24-008749-003/2024(H5N1)	367	12404
MP|PP755590.1|A/cattle/Texas/24-008749-003/2024(H5N1)	368	12213
MP|PP755590.1|A/cattle/Texas/24-008749-003/2024(H5N1)	369	12294
MP|PP755590.1|A/cattle/Texas/24-008749-003/2024(H5N1)	370	12053
MP|PP755590.1|A/cattle/Texas/24-008749-003/2024(H5N1)	371	11871
MP|PP755590.1|A/cattle/Texas/24-008749-003/2024(H5N1)	372	12020
MP|PP755590.1|A/cattle/Texas/24-008749-003/2024(H5N1)	373	11993
MP|PP755590.1|A/cattle/Texas/24-008749-003/2024(H5N1)	374	12069
MP|PP755590.1|A/cattle/Texas/24-008749-003/2024(H5N1)	375	11866
MP|PP755590.1|A/cattle/Texas/24-008749-003/2024(H5N1)	376	11798
MP|PP755590.1|A/cattle/Texas/24-008749-003/2024(H5N1)	377	11989
MP|PP755590.1|A/cattle/Texas/24-008749-003/2024(H5N1)	378	12059
MP|PP755590.1|A/cattle/Texas/24-008749-003/2024(H5N1)	379	12064
MP|PP755590.1|A/cattle/Texas/24-008749-003/2024(H5N1)	380	12227
MP|PP755590.1|A/cattle/Texas/24-008749-003/2024(H5N1)	381	12179
MP|PP755590.1|A/cattle/Texas/24-008749-003/2024(H5N1)	382	12180
MP|PP755590.1|A/cattle/Texas/24-008749-003/2024(H5N1)	383	12156
MP|PP755590.1|A/cattle/Texas/24-008749-003/2024(H5N1)	384	12133
MP|PP755590.1|A/cattle/Texas/24-008749-003/2024(H5N1)	385	12243
MP|PP755590.1|A/cattle/Texas/24-008749-003/2024(H5N1)	386	12174
MP|PP755590.1|A/cattle/Texas/24-008749-003/2024(H5N1)	387	12077
MP|PP755590.1|A/cattle/Texas/24-008749-003/2024(H5N1)	388	12230
MP|PP755590.1|A/cattle/Texas/24-008749-003/2024(H5N1)	389	12110
MP|PP755590.1|A/cattle/Texas/24-008749-003/2024(H5N1)	390	12179
MP|PP755590.1|A/cattle/Texas/24-008749-003/2024(H5N1)	391	12488
MP|PP755590.1|A/cattle/Texas/24-008749-003/2024(H5N1)	392	12487
MP|PP755590.1|A/cattle/Texas/24-008749-003/2024(H5N1)	393	12533
MP|PP755590.1|A/cattle/Texas/24-008749-003/2024(H5N1)	394	12457
MP|PP755590.1|A/cattle/Texas/24-008749-003/2024(H5N1)	395	12318
MP|PP755590.1|A/cattle/Texas/24-008749-003/2024(H5N1)	396	12731
MP|PP755590.1|A/cattle/Texas/24-008749-003/2024(H5N1)	397	12383
MP|PP755590.1|A/cattle/Texas/24-008749-003/2024(H5N1)	398	12315
MP|PP755590.1|A/cattle/Texas/24-008749-003/2024(H5N1)	399	12270
MP|PP755590.1|A/cattle/Texas/24-008749-003/2024(H5N1)	400	11956
MP|PP755590.1|A/cattle/Texas/24-008749-003/2024(H5N1)	401	12243
MP|PP755590.1|A/cattle/Texas/24-008749-003/2024(H5N1)	402	12333
MP|PP755590.1|A/cattle/Texas/24-008749-003/2024(H5N1)	403	12118
MP|PP755590.1|A/cattle/Texas/24-008749-003/2024(H5N1)	404	12188
MP|PP755590.1|A/cattle/Texas/24-008749-003/2024(H5N1)	405	11935
MP|PP755590.1|A/cattle/Texas/24-008749-003/2024(H5N1)	406	11993
MP|PP755590.1|A/cattle/Texas/24-008749-003/2024(H5N1)	407	12777
MP|PP755590.1|A/cattle/Texas/24-008749-003/2024(H5N1)	408	12699
MP|PP755590.1|A/cattle/Texas/24-008749-003/2024(H5N1)	409	12773
MP|PP755590.1|A/cattle/Texas/24-008749-003/2024(H5N1)	410	12422
MP|PP755590.1|A/cattle/Texas/24-008749-003/2024(H5N1)	411	12397
MP|PP755590.1|A/cattle/Texas/24-008749-003/2024(H5N1)	412	12418
MP|PP755590.1|A/cattle/Texas/24-008749-003/2024(H5N1)	413	12711
MP|PP755590.1|A/cattle/Texas/24-008749-003/2024(H5N1)	414	12734
MP|PP755590.1|A/cattle/Texas/24-008749-003/2024(H5N1)	415	12740
MP|PP755590.1|A/cattle/Texas/24-008749-003/2024(H5N1)	416	12805
MP|PP755590.1|A/cattle/Texas/24-008749-003/2024(H5N1)	417	12655
MP|PP755590.1|A/cattle/Texas/24-008749-003/2024(H5N1)	418	12660
MP|PP755590.1|A/cattle/Texas/24-008749-003/2024(H5N1)	419	12820
MP|PP755590.1|A/cattle/Texas/24-008749-003/2024(H5N1)	420	12809
MP|PP755590.1|A/cattle/Texas/24-008749-003/2024(H5N1)	421	12836
MP|PP755590.1|A/cattle/Texas/24-008749-003/2024(H5N1)	422	13027
MP|PP755590.1|A/cattle/Texas/24-008749-003/2024(H5N1)	423	13014
MP|PP755590.1|A/cattle/Texas/24-008749-003/2024(H5N1)	424	12753
MP|PP755590.1|A/cattle/Texas/24-008749-003/2024(H5N1)	425	12535
MP|PP755590.1|A/cattle/Texas/24-008749-003/2024(H5N1)	426	12521
MP|PP755590.1|A/cattle/Texas/24-008749-003/2024(H5N1)	427	12739
MP|PP755590.1|A/cattle/Texas/24-008749-003/2024(H5N1)	428	12767
MP|PP755590.1|A/cattle/Texas/24-008749-003/2024(H5N1)	429	12771
MP|PP755590.1|A/cattle/Texas/24-008749-003/2024(H5N1)	430	12422
MP|PP755590.1|A/cattle/Texas/24-008749-003/2024(H5N1)	431	12424
MP|PP755590.1|A/cattle/Texas/24-008749-003/2024(H5N1)	432	12452
MP|PP755590.1|A/cattle/Texas/24-008749-003/2024(H5N1)	433	13224
MP|PP755590.1|A/cattle/Texas/24-008749-003/2024(H5N1)	434	13451
MP|PP755590.1|A/cattle/Texas/24-008749-003/2024(H5N1)	435	13282
MP|PP755590.1|A/cattle/Texas/24-008749-003/2024(H5N1)	436	13035
MP|PP755590.1|A/cattle/Texas/24-008749-003/2024(H5N1)	437	13023
MP|PP755590.1|A/cattle/Texas/24-008749-003/2024(H5N1)	438	13166
MP|PP755590.1|A/cattle/Texas/24-008749-003/2024(H5N1)	439	13296
MP|PP755590.1|A/cattle/Texas/24-008749-003/2024(H5N1)	440	13205
MP|PP755590.1|A/cattle/Texas/24-008749-003/2024(H5N1)	441	13319
MP|PP755590.1|A/cattle/Texas/24-008749-003/2024(H5N1)	442	12317
MP|PP755590.1|A/cattle/Texas/24-008749-003/2024(H5N1)	443	12276
MP|PP755590.1|A/cattle/Texas/24-008749-003/2024(H5N1)	444	12311
MP|PP755590.1|A/cattle/Texas/24-008749-003/2024(H5N1)	445	12268
MP|PP755590.1|A/cattle/Texas/24-008749-003/2024(H5N1)	446	12289
MP|PP755590.1|A/cattle/Texas/24-008749-003/2024(H5N1)	447	11945
MP|PP755590.1|A/cattle/Texas/24-008749-003/2024(H5N1)	448	11852
MP|PP755590.1|A/cattle/Texas/24-008749-003/2024(H5N1)	449	12285
MP|PP755590.1|A/cattle/Texas/24-008749-003/2024(H5N1)	450	12235
MP|PP755590.1|A/cattle/Texas/24-008749-003/2024(H5N1)	451	12102
MP|PP755590.1|A/cattle/Texas/24-008749-003/2024(H5N1)	452	12131
MP|PP755590.1|A/cattle/Texas/24-008749-003/2024(H5N1)	453	12109
MP|PP755590.1|A/cattle/Texas/24-008749-003/2024(H5N1)	454	12113
MP|PP755590.1|A/cattle/Texas/24-008749-003/2024(H5N1)	455	12039
MP|PP755590.1|A/cattle/Texas/24-008749-003/2024(H5N1)	456	12039
MP|PP755590.1|A/cattle/Texas/24-008749-003/2024(H5N1)	457	11959
MP|PP755590.1|A/cattle/Texas/24-008749-003/2024(H5N1)	458	11556
MP|PP755590.1|A/cattle/Texas/24-008749-003/2024(H5N1)	459	11598
MP|PP755590.1|A/cattle/Texas/24-008749-003/2024(H5N1)	460	11822
MP|PP755590.1|A/cattle/Texas/24-008749-003/2024(H5N1)	461	11802
MP|PP755590.1|A/cattle/Texas/24-008749-003/2024(H5N1)	462	11913
MP|PP755590.1|A/cattle/Texas/24-008749-003/2024(H5N1)	463	11926
MP|PP755590.1|A/cattle/Texas/24-008749-003/2024(H5N1)	464	11956
MP|PP755590.1|A/cattle/Texas/24-008749-003/2024(H5N1)	465	11944
MP|PP755590.1|A/cattle/Texas/24-008749-003/2024(H5N1)	466	11997
MP|PP755590.1|A/cattle/Texas/24-008749-003/2024(H5N1)	467	12010
MP|PP755590.1|A/cattle/Texas/24-008749-003/2024(H5N1)	468	11911
MP|PP755590.1|A/cattle/Texas/24-008749-003/2024(H5N1)	469	11889
MP|PP755590.1|A/cattle/Texas/24-008749-003/2024(H5N1)	470	11882
MP|PP755590.1|A/cattle/Texas/24-008749-003/2024(H5N1)	471	11877
MP|PP755590.1|A/cattle/Texas/24-008749-003/2024(H5N1)	472	11828
MP|PP755590.1|A/cattle/Texas/24-008749-003/2024(H5N1)	473	11801
MP|PP755590.1|A/cattle/Texas/24-008749-003/2024(H5N1)	474	11873
MP|PP755590.1|A/cattle/Texas/24-008749-003/2024(H5N1)	475	11873
MP|PP755590.1|A/cattle/Texas/24-008749-003/2024(H5N1)	476	11868
MP|PP755590.1|A/cattle/Texas/24-008749-003/2024(H5N1)	477	11964
MP|PP755590.1|A/cattle/Texas/24-008749-003/2024(H5N1)	478	11926
MP|PP755590.1|A/cattle/Texas/24-008749-003/2024(H5N1)	479	11923
MP|PP755590.1|A/cattle/Texas/24-008749-003/2024(H5N1)	480	12045
MP|PP755590.1|A/cattle/Texas/24-008749-003/2024(H5N1)	481	12260
MP|PP755590.1|A/cattle/Texas/24-008749-003/2024(H5N1)	482	12224
MP|PP755590.1|A/cattle/Texas/24-008749-003/2024(H5N1)	483	12248
MP|PP755590.1|A/cattle/Texas/24-008749-003/2024(H5N1)	484	12297
MP|PP755590.1|A/cattle/Texas/24-008749-003/2024(H5N1)	485	12296
MP|PP755590.1|A/cattle/Texas/24-008749-003/2024(H5N1)	486	12352
MP|PP755590.1|A/cattle/Texas/24-008749-003/2024(H5N1)	487	12322
MP|PP755590.1|A/cattle/Texas/24-008749-003/2024(H5N1)	488	12459
MP|PP755590.1|A/cattle/Texas/24-008749-003/2024(H5N1)	489	12368
MP|PP755590.1|A/cattle/Texas/24-008749-003/2024(H5N1)	490	12472
MP|PP755590.1|A/cattle/Texas/24-008749-003/2024(H5N1)	491	12307
MP|PP755590.1|A/cattle/Texas/24-008749-003/2024(H5N1)	492	12360
MP|PP755590.1|A/cattle/Texas/24-008749-003/2024(H5N1)	493	12468
MP|PP755590.1|A/cattle/Texas/24-008749-003/2024(H5N1)	494	12457
MP|PP755590.1|A/cattle/Texas/24-008749-003/2024(H5N1)	495	12447
MP|PP755590.1|A/cattle/Texas/24-008749-003/2024(H5N1)	496	12493
MP|PP755590.1|A/cattle/Texas/24-008749-003/2024(H5N1)	497	12539
MP|PP755590.1|A/cattle/Texas/24-008749-003/2024(H5N1)	498	12538
MP|PP755590.1|A/cattle/Texas/24-008749-003/2024(H5N1)	499	12474
MP|PP755590.1|A/cattle/Texas/24-008749-003/2024(H5N1)	500	12498
MP|PP755590.1|A/cattle/Texas/24-008749-003/2024(H5N1)	501	12176
MP|PP755590.1|A/cattle/Texas/24-008749-003/2024(H5N1)	502	12122
MP|PP755590.1|A/cattle/Texas/24-008749-003/2024(H5N1)	503	12242
MP|PP755590.1|A/cattle/Texas/24-008749-003/2024(H5N1)	504	12292
MP|PP755590.1|A/cattle/Texas/24-008749-003/2024(H5N1)	505	12248
MP|PP755590.1|A/cattle/Texas/24-008749-003/2024(H5N1)	506	12328
MP|PP755590.1|A/cattle/Texas/24-008749-003/2024(H5N1)	507	12290
MP|PP755590.1|A/cattle/Texas/24-008749-003/2024(H5N1)	508	12313
MP|PP755590.1|A/cattle/Texas/24-008749-003/2024(H5N1)	509	12368
MP|PP755590.1|A/cattle/Texas/24-008749-003/2024(H5N1)	510	12380
MP|PP755590.1|A/cattle/Texas/24-008749-003/2024(H5N1)	511	12438
MP|PP755590.1|A/cattle/Texas/24-008749-003/2024(H5N1)	512	12440
MP|PP755590.1|A/cattle/Texas/24-008749-003/2024(H5N1)	513	12385
MP|PP755590.1|A/cattle/Texas/24-008749-003/2024(H5N1)	514	12405
MP|PP755590.1|A/cattle/Texas/24-008749-003/2024(H5N1)	515	12299
MP|PP755590.1|A/cattle/Texas/24-008749-003/2024(H5N1)	516	12498
MP|PP755590.1|A/cattle/Texas/24-008749-003/2024(H5N1)	517	12564
MP|PP755590.1|A/cattle/Texas/24-008749-003/2024(H5N1)	518	12513
MP|PP755590.1|A/cattle/Texas/24-008749-003/2024(H5N1)	519	12493
MP|PP755590.1|A/cattle/Texas/24-008749-003/2024(H5N1)	520	12402
MP|PP755590.1|A/cattle/Texas/24-008749-003/2024(H5N1)	521	12432
MP|PP755590.1|A/cattle/Texas/24-008749-003/2024(H5N1)	522	12535
MP|PP755590.1|A/cattle/Texas/24-008749-003/2024(H5N1)	523	12554
MP|PP755590.1|A/cattle/Texas/24-008749-003/2024(H5N1)	524	12773
MP|PP755590.1|A/cattle/Texas/24-008749-003/2024(H5N1)	525	12626
MP|PP755590.1|A/cattle/Texas/24-008749-003/2024(H5N1)	526	12612
MP|PP755590.1|A/cattle/Texas/24-008749-003/2024(H5N1)	527	12607
MP|PP755590.1|A/cattle/Texas/24-008749-003/2024(H5N1)	528	12474
MP|PP755590.1|A/cattle/Texas/24-008749-003/2024(H5N1)	529	12381
MP|PP755590.1|A/cattle/Texas/24-008749-003/2024(H5N1)	530	12337
MP|PP755590.1|A/cattle/Texas/24-008749-003/2024(H5N1)	531	12235
MP|PP755590.1|A/cattle/Texas/24-008749-003/2024(H5N1)	532	12110
MP|PP755590.1|A/cattle/Texas/24-008749-003/2024(H5N1)	533	12194
MP|PP755590.1|A/cattle/Texas/24-008749-003/2024(H5N1)	534	13006
MP|PP755590.1|A/cattle/Texas/24-008749-003/2024(H5N1)	535	13181
MP|PP755590.1|A/cattle/Texas/24-008749-003/2024(H5N1)	536	13087
MP|PP755590.1|A/cattle/Texas/24-008749-003/2024(H5N1)	537	13004
MP|PP755590.1|A/cattle/Texas/24-008749-003/2024(H5N1)	538	13256
MP|PP755590.1|A/cattle/Texas/24-008749-003/2024(H5N1)	539	12999
MP|PP755590.1|A/cattle/Texas/24-008749-003/2024(H5N1)	540	13034
MP|PP755590.1|A/cattle/Texas/24-008749-003/2024(H5N1)	541	13072
MP|PP755590.1|A/cattle/Texas/24-008749-003/2024(H5N1)	542	12784
MP|PP755590.1|A/cattle/Texas/24-008749-003/2024(H5N1)	543	12930
MP|PP755590.1|A/cattle/Texas/24-008749-003/2024(H5N1)	544	12855
MP|PP755590.1|A/cattle/Texas/24-008749-003/2024(H5N1)	545	12890
MP|PP755590.1|A/cattle/Texas/24-008749-003/2024(H5N1)	546	12800
MP|PP755590.1|A/cattle/Texas/24-008749-003/2024(H5N1)	547	12522
MP|PP755590.1|A/cattle/Texas/24-008749-003/2024(H5N1)	548	13453
MP|PP755590.1|A/cattle/Texas/24-008749-003/2024(H5N1)	549	13633
MP|PP755590.1|A/cattle/Texas/24-008749-003/2024(H5N1)	550	13671
MP|PP755590.1|A/cattle/Texas/24-008749-003/2024(H5N1)	551	13460
MP|PP755590.1|A/cattle/Texas/24-008749-003/2024(H5N1)	552	13284
MP|PP755590.1|A/cattle/Texas/24-008749-003/2024(H5N1)	553	13298
MP|PP755590.1|A/cattle/Texas/24-008749-003/2024(H5N1)	554	13366
MP|PP755590.1|A/cattle/Texas/24-008749-003/2024(H5N1)	555	13538
MP|PP755590.1|A/cattle/Texas/24-008749-003/2024(H5N1)	556	13674
MP|PP755590.1|A/cattle/Texas/24-008749-003/2024(H5N1)	557	12852
MP|PP755590.1|A/cattle/Texas/24-008749-003/2024(H5N1)	558	12795
MP|PP755590.1|A/cattle/Texas/24-008749-003/2024(H5N1)	559	12772
MP|PP755590.1|A/cattle/Texas/24-008749-003/2024(H5N1)	560	12859
MP|PP755590.1|A/cattle/Texas/24-008749-003/2024(H5N1)	561	12973
MP|PP755590.1|A/cattle/Texas/24-008749-003/2024(H5N1)	562	13003
MP|PP755590.1|A/cattle/Texas/24-008749-003/2024(H5N1)	563	13074
MP|PP755590.1|A/cattle/Texas/24-008749-003/2024(H5N1)	564	12779
MP|PP755590.1|A/cattle/Texas/24-008749-003/2024(H5N1)	565	12790
MP|PP755590.1|A/cattle/Texas/24-008749-003/2024(H5N1)	566	12810
MP|PP755590.1|A/cattle/Texas/24-008749-003/2024(H5N1)	567	12718
MP|PP755590.1|A/cattle/Texas/24-008749-003/2024(H5N1)	568	12836
MP|PP755590.1|A/cattle/Texas/24-008749-003/2024(H5N1)	569	12661
MP|PP755590.1|A/cattle/Texas/24-008749-003/2024(H5N1)	570	12689
MP|PP755590.1|A/cattle/Texas/24-008749-003/2024(H5N1)	571	12589
MP|PP755590.1|A/cattle/Texas/24-008749-003/2024(H5N1)	572	12461
MP|PP755590.1|A/cattle/Texas/24-008749-003/2024(H5N1)	573	12493
MP|PP755590.1|A/cattle/Texas/24-008749-003/2024(H5N1)	574	12507
MP|PP755590.1|A/cattle/Texas/24-008749-003/2024(H5N1)	575	12716
MP|PP755590.1|A/cattle/Texas/24-008749-003/2024(H5N1)	576	12721
MP|PP755590.1|A/cattle/Texas/24-008749-003/2024(H5N1)	577	12643
MP|PP755590.1|A/cattle/Texas/24-008749-003/2024(H5N1)	578	12636
MP|PP755590.1|A/cattle/Texas/24-008749-003/2024(H5N1)	579	12570
MP|PP755590.1|A/cattle/Texas/24-008749-003/2024(H5N1)	580	12588
MP|PP755590.1|A/cattle/Texas/24-008749-003/2024(H5N1)	581	12651
MP|PP755590.1|A/cattle/Texas/24-008749-003/2024(H5N1)	582	12656
MP|PP755590.1|A/cattle/Texas/24-008749-003/2024(H5N1)	583	12628
MP|PP755590.1|A/cattle/Texas/24-008749-003/2024(H5N1)	584	11727
MP|PP755590.1|A/cattle/Texas/24-008749-003/2024(H5N1)	585	11755
MP|PP755590.1|A/cattle/Texas/24-008749-003/2024(H5N1)	586	11735
MP|PP755590.1|A/cattle/Texas/24-008749-003/2024(H5N1)	587	11749
MP|PP755590.1|A/cattle/Texas/24-008749-003/2024(H5N1)	588	11812
MP|PP755590.1|A/cattle/Texas/24-008749-003/2024(H5N1)	589	11680
MP|PP755590.1|A/cattle/Texas/24-008749-003/2024(H5N1)	590	11602
MP|PP755590.1|A/cattle/Texas/24-008749-003/2024(H5N1)	591	11605
MP|PP755590.1|A/cattle/Texas/24-008749-003/2024(H5N1)	592	11775
MP|PP755590.1|A/cattle/Texas/24-008749-003/2024(H5N1)	593	11792
MP|PP755590.1|A/cattle/Texas/24-008749-003/2024(H5N1)	594	11764
MP|PP755590.1|A/cattle/Texas/24-008749-003/2024(H5N1)	595	11762
MP|PP755590.1|A/cattle/Texas/24-008749-003/2024(H5N1)	596	11883
MP|PP755590.1|A/cattle/Texas/24-008749-003/2024(H5N1)	597	11865
MP|PP755590.1|A/cattle/Texas/24-008749-003/2024(H5N1)	598	12171
MP|PP755590.1|A/cattle/Texas/24-008749-003/2024(H5N1)	599	12270
MP|PP755590.1|A/cattle/Texas/24-008749-003/2024(H5N1)	600	11859
MP|PP755590.1|A/cattle/Texas/24-008749-003/2024(H5N1)	601	11878
MP|PP755590.1|A/cattle/Texas/24-008749-003/2024(H5N1)	602	11898
MP|PP755590.1|A/cattle/Texas/24-008749-003/2024(H5N1)	603	11864
MP|PP755590.1|A/cattle/Texas/24-008749-003/2024(H5N1)	604	12024
MP|PP755590.1|A/cattle/Texas/24-008749-003/2024(H5N1)	605	12197
MP|PP755590.1|A/cattle/Texas/24-008749-003/2024(H5N1)	606	12231
MP|PP755590.1|A/cattle/Texas/24-008749-003/2024(H5N1)	607	11982
MP|PP755590.1|A/cattle/Texas/24-008749-003/2024(H5N1)	608	12090
MP|PP755590.1|A/cattle/Texas/24-008749-003/2024(H5N1)	609	12097
MP|PP755590.1|A/cattle/Texas/24-008749-003/2024(H5N1)	610	12104
MP|PP755590.1|A/cattle/Texas/24-008749-003/2024(H5N1)	611	12088
MP|PP755590.1|A/cattle/Texas/24-008749-003/2024(H5N1)	612	12150
MP|PP755590.1|A/cattle/Texas/24-008749-003/2024(H5N1)	613	12142
MP|PP755590.1|A/cattle/Texas/24-008749-003/2024(H5N1)	614	12053
MP|PP755590.1|A/cattle/Texas/24-008749-003/2024(H5N1)	615	12056
MP|PP755590.1|A/cattle/Texas/24-008749-003/2024(H5N1)	616	12057
MP|PP755590.1|A/cattle/Texas/24-008749-003/2024(H5N1)	617	12080
MP|PP755590.1|A/cattle/Texas/24-008749-003/2024(H5N1)	618	12086
MP|PP755590.1|A/cattle/Texas/24-008749-003/2024(H5N1)	619	12176
MP|PP755590.1|A/cattle/Texas/24-008749-003/2024(H5N1)	620	12156
MP|PP755590.1|A/cattle/Texas/24-008749-003/2024(H5N1)	621	12255
MP|PP755590.1|A/cattle/Texas/24-008749-003/2024(H5N1)	622	12228
MP|PP755590.1|A/cattle/Texas/24-008749-003/2024(H5N1)	623	12236
MP|PP755590.1|A/cattle/Texas/24-008749-003/2024(H5N1)	624	12585
MP|PP755590.1|A/cattle/Texas/24-008749-003/2024(H5N1)	625	12615
MP|PP755590.1|A/cattle/Texas/24-008749-003/2024(H5N1)	626	12637
MP|PP755590.1|A/cattle/Texas/24-008749-003/2024(H5N1)	627	12632
MP|PP755590.1|A/cattle/Texas/24-008749-003/2024(H5N1)	628	12564
MP|PP755590.1|A/cattle/Texas/24-008749-003/2024(H5N1)	629	12718
MP|PP755590.1|A/cattle/Texas/24-008749-003/2024(H5N1)	630	12722
MP|PP755590.1|A/cattle/Texas/24-008749-003/2024(H5N1)	631	12617
MP|PP755590.1|A/cattle/Texas/24-008749-003/2024(H5N1)	632	12385
MP|PP755590.1|A/cattle/Texas/24-008749-003/2024(H5N1)	633	12145
MP|PP755590.1|A/cattle/Texas/24-008749-003/2024(H5N1)	634	12076
MP|PP755590.1|A/cattle/Texas/24-008749-003/2024(H5N1)	635	12043
MP|PP755590.1|A/cattle/Texas/24-008749-003/2024(H5N1)	636	12071
MP|PP755590.1|A/cattle/Texas/24-008749-003/2024(H5N1)	637	12317
MP|PP755590.1|A/cattle/Texas/24-008749-003/2024(H5N1)	638	12371
MP|PP755590.1|A/cattle/Texas/24-008749-003/2024(H5N1)	639	12264
MP|PP755590.1|A/cattle/Texas/24-008749-003/2024(H5N1)	640	12174
MP|PP755590.1|A/cattle/Texas/24-008749-003/2024(H5N1)	641	12148
MP|PP755590.1|A/cattle/Texas/24-008749-003/2024(H5N1)	642	12225
MP|PP755590.1|A/cattle/Texas/24-008749-003/2024(H5N1)	643	12358
MP|PP755590.1|A/cattle/Texas/24-008749-003/2024(H5N1)	644	12394
MP|PP755590.1|A/cattle/Texas/24-008749-003/2024(H5N1)	645	12395
MP|PP755590.1|A/cattle/Texas/24-008749-003/2024(H5N1)	646	12220
MP|PP755590.1|A/cattle/Texas/24-008749-003/2024(H5N1)	647	12147
MP|PP755590.1|A/cattle/Texas/24-008749-003/2024(H5N1)	648	12154
MP|PP755590.1|A/cattle/Texas/24-008749-003/2024(H5N1)	649	12160
MP|PP755590.1|A/cattle/Texas/24-008749-003/2024(H5N1)	650	12204
MP|PP755590.1|A/cattle/Texas/24-008749-003/2024(H5N1)	651	12340
MP|PP755590.1|A/cattle/Texas/24-008749-003/2024(H5N1)	652	12315
MP|PP755590.1|A/cattle/Texas/24-008749-003/2024(H5N1)	653	12409
MP|PP755590.1|A/cattle/Texas/24-008749-003/2024(H5N1)	654	12560
MP|PP755590.1|A/cattle/Texas/24-008749-003/2024(H5N1)	655	12517
MP|PP755590.1|A/cattle/Texas/24-008749-003/2024(H5N1)	656	12625
MP|PP755590.1|A/cattle/Texas/24-008749-003/2024(H5N1)	657	12525
MP|PP755590.1|A/cattle/Texas/24-008749-003/2024(H5N1)	658	12530
MP|PP755590.1|A/cattle/Texas/24-008749-003/2024(H5N1)	659	12575
MP|PP755590.1|A/cattle/Texas/24-008749-003/2024(H5N1)	660	12544
MP|PP755590.1|A/cattle/Texas/24-008749-003/2024(H5N1)	661	12776
MP|PP755590.1|A/cattle/Texas/24-008749-003/2024(H5N1)	662	12673
MP|PP755590.1|A/cattle/Texas/24-008749-003/2024(H5N1)	663	12477
MP|PP755590.1|A/cattle/Texas/24-008749-003/2024(H5N1)	664	12546
MP|PP755590.1|A/cattle/Texas/24-008749-003/2024(H5N1)	665	12498
MP|PP755590.1|A/cattle/Texas/24-008749-003/2024(H5N1)	666	12862
MP|PP755590.1|A/cattle/Texas/24-008749-003/2024(H5N1)	667	12662
MP|PP755590.1|A/cattle/Texas/24-008749-003/2024(H5N1)	668	12609
MP|PP755590.1|A/cattle/Texas/24-008749-003/2024(H5N1)	669	12599
MP|PP755590.1|A/cattle/Texas/24-008749-003/2024(H5N1)	670	12599
MP|PP755590.1|A/cattle/Texas/24-008749-003/2024(H5N1)	671	12608
MP|PP755590.1|A/cattle/Texas/24-008749-003/2024(H5N1)	672	13301
MP|PP755590.1|A/cattle/Texas/24-008749-003/2024(H5N1)	673	13215
MP|PP755590.1|A/cattle/Texas/24-008749-003/2024(H5N1)	674	13254
MP|PP755590.1|A/cattle/Texas/24-008749-003/2024(H5N1)	675	13012
MP|PP755590.1|A/cattle/Texas/24-008749-003/2024(H5N1)	676	13000
MP|PP755590.1|A/cattle/Texas/24-008749-003/2024(H5N1)	677	13220
MP|PP755590.1|A/cattle/Texas/24-008749-003/2024(H5N1)	678	13226
MP|PP755590.1|A/cattle/Texas/24-008749-003/2024(H5N1)	679	13207
MP|PP755590.1|A/cattle/Texas/24-008749-003/2024(H5N1)	680	13194
MP|PP755590.1|A/cattle/Texas/24-008749-003/2024(H5N1)	681	12303
MP|PP755590.1|A/cattle/Texas/24-008749-003/2024(H5N1)	682	12369
MP|PP755590.1|A/cattle/Texas/24-008749-003/2024(H5N1)	683	12532
MP|PP755590.1|A/cattle/Texas/24-008749-003/2024(H5N1)	684	12408
MP|PP755590.1|A/cattle/Texas/24-008749-003/2024(H5N1)	685	12402
MP|PP755590.1|A/cattle/Texas/24-008749-003/2024(H5N1)	686	12199
MP|PP755590.1|A/cattle/Texas/24-008749-003/2024(H5N1)	687	12269
MP|PP755590.1|A/cattle/Texas/24-008749-003/2024(H5N1)	688	12369
MP|PP755590.1|A/cattle/Texas/24-008749-003/2024(H5N1)	689	12279
MP|PP755590.1|A/cattle/Texas/24-008749-003/2024(H5N1)	690	12258
MP|PP755590.1|A/cattle/Texas/24-008749-003/2024(H5N1)	691	12265
MP|PP755590.1|A/cattle/Texas/24-008749-003/2024(H5N1)	692	12160
MP|PP755590.1|A/cattle/Texas/24-008749-003/2024(H5N1)	693	12146
MP|PP755590.1|A/cattle/Texas/24-008749-003/2024(H5N1)	694	12004
MP|PP755590.1|A/cattle/Texas/24-008749-003/2024(H5N1)	695	12079
MP|PP755590.1|A/cattle/Texas/24-008749-003/2024(H5N1)	696	12146
MP|PP755590.1|A/cattle/Texas/24-008749-003/2024(H5N1)	697	11255
MP|PP755590.1|A/cattle/Texas/24-008749-003/2024(H5N1)	698	11104
MP|PP755590.1|A/cattle/Texas/24-008749-003/2024(H5N1)	699	11160
MP|PP755590.1|A/cattle/Texas/24-008749-003/2024(H5N1)	700	11046
MP|PP755590.1|A/cattle/Texas/24-008749-003/2024(H5N1)	701	11049
MP|PP755590.1|A/cattle/Texas/24-008749-003/2024(H5N1)	702	11051
MP|PP755590.1|A/cattle/Texas/24-008749-003/2024(H5N1)	703	11056
MP|PP755590.1|A/cattle/Texas/24-008749-003/2024(H5N1)	704	11039
MP|PP755590.1|A/cattle/Texas/24-008749-003/2024(H5N1)	705	10955
MP|PP755590.1|A/cattle/Texas/24-008749-003/2024(H5N1)	706	10730
MP|PP755590.1|A/cattle/Texas/24-008749-003/2024(H5N1)	707	10663
MP|PP755590.1|A/cattle/Texas/24-008749-003/2024(H5N1)	708	10751
MP|PP755590.1|A/cattle/Texas/24-008749-003/2024(H5N1)	709	10883
MP|PP755590.1|A/cattle/Texas/24-008749-003/2024(H5N1)	710	10896
MP|PP755590.1|A/cattle/Texas/24-008749-003/2024(H5N1)	711	10749
MP|PP755590.1|A/cattle/Texas/24-008749-003/2024(H5N1)	712	10649
MP|PP755590.1|A/cattle/Texas/24-008749-003/2024(H5N1)	713	10636
MP|PP755590.1|A/cattle/Texas/24-008749-003/2024(H5N1)	714	10578
MP|PP755590.1|A/cattle/Texas/24-008749-003/2024(H5N1)	715	10595
MP|PP755590.1|A/cattle/Texas/24-008749-003/2024(H5N1)	716	10539
MP|PP755590.1|A/cattle/Texas/24-008749-003/2024(H5N1)	717	10457
MP|PP755590.1|A/cattle/Texas/24-008749-003/2024(H5N1)	718	10442
MP|PP755590.1|A/cattle/Texas/24-008749-003/2024(H5N1)	719	10692
MP|PP755590.1|A/cattle/Texas/24-008749-003/2024(H5N1)	720	10906
MP|PP755590.1|A/cattle/Texas/24-008749-003/2024(H5N1)	721	10910
MP|PP755590.1|A/cattle/Texas/24-008749-003/2024(H5N1)	722	10899
MP|PP755590.1|A/cattle/Texas/24-008749-003/2024(H5N1)	723	10871
MP|PP755590.1|A/cattle/Texas/24-008749-003/2024(H5N1)	724	10867
MP|PP755590.1|A/cattle/Texas/24-008749-003/2024(H5N1)	725	10894
MP|PP755590.1|A/cattle/Texas/24-008749-003/2024(H5N1)	726	10771
MP|PP755590.1|A/cattle/Texas/24-008749-003/2024(H5N1)	727	10771
MP|PP755590.1|A/cattle/Texas/24-008749-003/2024(H5N1)	728	10654
MP|PP755590.1|A/cattle/Texas/24-008749-003/2024(H5N1)	729	10655
MP|PP755590.1|A/cattle/Texas/24-008749-003/2024(H5N1)	730	10674
MP|PP755590.1|A/cattle/Texas/24-008749-003/2024(H5N1)	731	10677
MP|PP755590.1|A/cattle/Texas/24-008749-003/2024(H5N1)	732	10623
MP|PP755590.1|A/cattle/Texas/24-008749-003/2024(H5N1)	733	10819
MP|PP755590.1|A/cattle/Texas/24-008749-003/2024(H5N1)	734	10997
MP|PP755590.1|A/cattle/Texas/24-008749-003/2024(H5N1)	735	10951
MP|PP755590.1|A/cattle/Texas/24-008749-003/2024(H5N1)	736	11007
MP|PP755590.1|A/cattle/Texas/24-008749-003/2024(H5N1)	737	10993
MP|PP755590.1|A/cattle/Texas/24-008749-003/2024(H5N1)	738	10967
MP|PP755590.1|A/cattle/Texas/24-008749-003/2024(H5N1)	739	11073
MP|PP755590.1|A/cattle/Texas/24-008749-003/2024(H5N1)	740	11079
MP|PP755590.1|A/cattle/Texas/24-008749-003/2024(H5N1)	741	11031
MP|PP755590.1|A/cattle/Texas/24-008749-003/2024(H5N1)	742	11019
MP|PP755590.1|A/cattle/Texas/24-008749-003/2024(H5N1)	743	10741
MP|PP755590.1|A/cattle/Texas/24-008749-003/2024(H5N1)	744	10756
MP|PP755590.1|A/cattle/Texas/24-008749-003/2024(H5N1)	745	10732
MP|PP755590.1|A/cattle/Texas/24-008749-003/2024(H5N1)	746	10734
MP|PP755590.1|A/cattle/Texas/24-008749-003/2024(H5N1)	747	10697
MP|PP755590.1|A/cattle/Texas/24-008749-003/2024(H5N1)	748	11038
MP|PP755590.1|A/cattle/Texas/24-008749-003/2024(H5N1)	749	11061
MP|PP755590.1|A/cattle/Texas/24-008749-003/2024(H5N1)	750	11374
MP|PP755590.1|A/cattle/Texas/24-008749-003/2024(H5N1)	751	11411
MP|PP755590.1|A/cattle/Texas/24-008749-003/2024(H5N1)	752	11426
MP|PP755590.1|A/cattle/Texas/24-008749-003/2024(H5N1)	753	11459
MP|PP755590.1|A/cattle/Texas/24-008749-003/2024(H5N1)	754	11537
MP|PP755590.1|A/cattle/Texas/24-008749-003/2024(H5N1)	755	11396
MP|PP755590.1|A/cattle/Texas/24-008749-003/2024(H5N1)	756	11212
MP|PP755590.1|A/cattle/Texas/24-008749-003/2024(H5N1)	757	11419
MP|PP755590.1|A/cattle/Texas/24-008749-003/2024(H5N1)	758	11391
MP|PP755590.1|A/cattle/Texas/24-008749-003/2024(H5N1)	759	11449
MP|PP755590.1|A/cattle/Texas/24-008749-003/2024(H5N1)	760	11441
MP|PP755590.1|A/cattle/Texas/24-008749-003/2024(H5N1)	761	11488
MP|PP755590.1|A/cattle/Texas/24-008749-003/2024(H5N1)	762	11344
MP|PP755590.1|A/cattle/Texas/24-008749-003/2024(H5N1)	763	11408
MP|PP755590.1|A/cattle/Texas/24-008749-003/2024(H5N1)	764	11449
MP|PP755590.1|A/cattle/Texas/24-008749-003/2024(H5N1)	765	11416
MP|PP755590.1|A/cattle/Texas/24-008749-003/2024(H5N1)	766	11565
MP|PP755590.1|A/cattle/Texas/24-008749-003/2024(H5N1)	767	11567
MP|PP755590.1|A/cattle/Texas/24-008749-003/2024(H5N1)	768	11478
MP|PP755590.1|A/cattle/Texas/24-008749-003/2024(H5N1)	769	11566
MP|PP755590.1|A/cattle/Texas/24-008749-003/2024(H5N1)	770	11409
MP|PP755590.1|A/cattle/Texas/24-008749-003/2024(H5N1)	771	11503
MP|PP755590.1|A/cattle/Texas/24-008749-003/2024(H5N1)	772	11459
MP|PP755590.1|A/cattle/Texas/24-008749-003/2024(H5N1)	773	11437
MP|PP755590.1|A/cattle/Texas/24-008749-003/2024(H5N1)	774	11035
MP|PP755590.1|A/cattle/Texas/24-008749-003/2024(H5N1)	775	10923
MP|PP755590.1|A/cattle/Texas/24-008749-003/2024(H5N1)	776	10927
MP|PP755590.1|A/cattle/Texas/24-008749-003/2024(H5N1)	777	11034
MP|PP755590.1|A/cattle/Texas/24-008749-003/2024(H5N1)	778	11041
MP|PP755590.1|A/cattle/Texas/24-008749-003/2024(H5N1)	779	10995
MP|PP755590.1|A/cattle/Texas/24-008749-003/2024(H5N1)	780	10918
MP|PP755590.1|A/cattle/Texas/24-008749-003/2024(H5N1)	781	11666
MP|PP755590.1|A/cattle/Texas/24-008749-003/2024(H5N1)	782	11653
MP|PP755590.1|A/cattle/Texas/24-008749-003/2024(H5N1)	783	11646
MP|PP755590.1|A/cattle/Texas/24-008749-003/2024(H5N1)	784	11882
MP|PP755590.1|A/cattle/Texas/24-008749-003/2024(H5N1)	785	11907
MP|PP755590.1|A/cattle/Texas/24-008749-003/2024(H5N1)	786	12268
MP|PP755590.1|A/cattle/Texas/24-008749-003/2024(H5N1)	787	12230
MP|PP755590.1|A/cattle/Texas/24-008749-003/2024(H5N1)	788	11918
MP|PP755590.1|A/cattle/Texas/24-008749-003/2024(H5N1)	789	11694
MP|PP755590.1|A/cattle/Texas/24-008749-003/2024(H5N1)	790	11725
MP|PP755590.1|A/cattle/Texas/24-008749-003/2024(H5N1)	791	12331
MP|PP755590.1|A/cattle/Texas/24-008749-003/2024(H5N1)	792	12316
MP|PP755590.1|A/cattle/Texas/24-008749-003/2024(H5N1)	793	12284
MP|PP755590.1|A/cattle/Texas/24-008749-003/2024(H5N1)	794	12485
MP|PP755590.1|A/cattle/Texas/24-008749-003/2024(H5N1)	795	12568
MP|PP755590.1|A/cattle/Texas/24-008749-003/2024(H5N1)	796	12564
MP|PP755590.1|A/cattle/Texas/24-008749-003/2024(H5N1)	797	12514
MP|PP755590.1|A/cattle/Texas/24-008749-003/2024(H5N1)	798	12511
MP|PP755590.1|A/cattle/Texas/24-008749-003/2024(H5N1)	799	12615
MP|PP755590.1|A/cattle/Texas/24-008749-003/2024(H5N1)	800	12459
MP|PP755590.1|A/cattle/Texas/24-008749-003/2024(H5N1)	801	12496
MP|PP755590.1|A/cattle/Texas/24-008749-003/2024(H5N1)	802	12471
MP|PP755590.1|A/cattle/Texas/24-008749-003/2024(H5N1)	803	12555
MP|PP755590.1|A/cattle/Texas/24-008749-003/2024(H5N1)	804	12343
MP|PP755590.1|A/cattle/Texas/24-008749-003/2024(H5N1)	805	12148
MP|PP755590.1|A/cattle/Texas/24-008749-003/2024(H5N1)	806	12133
MP|PP755590.1|A/cattle/Texas/24-008749-003/2024(H5N1)	807	12043
MP|PP755590.1|A/cattle/Texas/24-008749-003/2024(H5N1)	808	12068
MP|PP755590.1|A/cattle/Texas/24-008749-003/2024(H5N1)	809	12058
MP|PP755590.1|A/cattle/Texas/24-008749-003/2024(H5N1)	810	11958
MP|PP755590.1|A/cattle/Texas/24-008749-003/2024(H5N1)	811	11983
MP|PP755590.1|A/cattle/Texas/24-008749-003/2024(H5N1)	812	11789
MP|PP755590.1|A/cattle/Texas/24-008749-003/2024(H5N1)	813	11783
MP|PP755590.1|A/cattle/Texas/24-008749-003/2024(H5N1)	814	11759
MP|PP755590.1|A/cattle/Texas/24-008749-003/2024(H5N1)	815	11417
MP|PP755590.1|A/cattle/Texas/24-008749-003/2024(H5N1)	816	11419
MP|PP755590.1|A/cattle/Texas/24-008749-003/2024(H5N1)	817	11339
MP|PP755590.1|A/cattle/Texas/24-008749-003/2024(H5N1)	818	11335
MP|PP755590.1|A/cattle/Texas/24-008749-003/2024(H5N1)	819	11438
MP|PP755590.1|A/cattle/Texas/24-008749-003/2024(H5N1)	820	11441
MP|PP755590.1|A/cattle/Texas/24-008749-003/2024(H5N1)	821	11450
MP|PP755590.1|A/cattle/Texas/24-008749-003/2024(H5N1)	822	11421
MP|PP755590.1|A/cattle/Texas/24-008749-003/2024(H5N1)	823	10626
MP|PP755590.1|A/cattle/Texas/24-008749-003/2024(H5N1)	824	11438
MP|PP755590.1|A/cattle/Texas/24-008749-003/2024(H5N1)	825	11436
MP|PP755590.1|A/cattle/Texas/24-008749-003/2024(H5N1)	826	11437
MP|PP755590.1|A/cattle/Texas/24-008749-003/2024(H5N1)	827	11442
MP|PP755590.1|A/cattle/Texas/24-008749-003/2024(H5N1)	828	11236
MP|PP755590.1|A/cattle/Texas/24-008749-003/2024(H5N1)	829	11579
MP|PP755590.1|A/cattle/Texas/24-008749-003/2024(H5N1)	830	11567
MP|PP755590.1|A/cattle/Texas/24-008749-003/2024(H5N1)	831	11565
MP|PP755590.1|A/cattle/Texas/24-008749-003/2024(H5N1)	832	11466
MP|PP755590.1|A/cattle/Texas/24-008749-003/2024(H5N1)	833	11391
MP|PP755590.1|A/cattle/Texas/24-008749-003/2024(H5N1)	834	11340
MP|PP755590.1|A/cattle/Texas/24-008749-003/2024(H5N1)	835	11354
MP|PP755590.1|A/cattle/Texas/24-008749-003/2024(H5N1)	836	11336
MP|PP755590.1|A/cattle/Texas/24-008749-003/2024(H5N1)	837	11344
MP|PP755590.1|A/cattle/Texas/24-008749-003/2024(H5N1)	838	11341
MP|PP755590.1|A/cattle/Texas/24-008749-003/2024(H5N1)	839	11346
MP|PP755590.1|A/cattle/Texas/24-008749-003/2024(H5N1)	840	11227
MP|PP755590.1|A/cattle/Texas/24-008749-003/2024(H5N1)	841	11237
MP|PP755590.1|A/cattle/Texas/24-008749-003/2024(H5N1)	842	11349
MP|PP755590.1|A/cattle/Texas/24-008749-003/2024(H5N1)	843	11337
MP|PP755590.1|A/cattle/Texas/24-008749-003/2024(H5N1)	844	11368
MP|PP755590.1|A/cattle/Texas/24-008749-003/2024(H5N1)	845	11356
MP|PP755590.1|A/cattle/Texas/24-008749-003/2024(H5N1)	846	11299
MP|PP755590.1|A/cattle/Texas/24-008749-003/2024(H5N1)	847	11457
MP|PP755590.1|A/cattle/Texas/24-008749-003/2024(H5N1)	848	11476
MP|PP755590.1|A/cattle/Texas/24-008749-003/2024(H5N1)	849	11476
MP|PP755590.1|A/cattle/Texas/24-008749-003/2024(H5N1)	850	11467
MP|PP755590.1|A/cattle/Texas/24-008749-003/2024(H5N1)	851	12670
MP|PP755590.1|A/cattle/Texas/24-008749-003/2024(H5N1)	852	12741
MP|PP755590.1|A/cattle/Texas/24-008749-003/2024(H5N1)	853	12881
MP|PP755590.1|A/cattle/Texas/24-008749-003/2024(H5N1)	854	12891
MP|PP755590.1|A/cattle/Texas/24-008749-003/2024(H5N1)	855	12896
MP|PP755590.1|A/cattle/Texas/24-008749-003/2024(H5N1)	856	13055
MP|PP755590.1|A/cattle/Texas/24-008749-003/2024(H5N1)	857	13054
MP|PP755590.1|A/cattle/Texas/24-008749-003/2024(H5N1)	858	12979
MP|PP755590.1|A/cattle/Texas/24-008749-003/2024(H5N1)	859	12771
MP|PP755590.1|A/cattle/Texas/24-008749-003/2024(H5N1)	860	12648
MP|PP755590.1|A/cattle/Texas/24-008749-003/2024(H5N1)	861	12697
MP|PP755590.1|A/cattle/Texas/24-008749-003/2024(H5N1)	862	12638
MP|PP755590.1|A/cattle/Texas/24-008749-003/2024(H5N1)	863	12623
MP|PP755590.1|A/cattle/Texas/24-008749-003/2024(H5N1)	864	12621
MP|PP755590.1|A/cattle/Texas/24-008749-003/2024(H5N1)	865	12578
MP|PP755590.1|A/cattle/Texas/24-008749-003/2024(H5N1)	866	12576
MP|PP755590.1|A/cattle/Texas/24-008749-003/2024(H5N1)	867	12574
MP|PP755590.1|A/cattle/Texas/24-008749-003/2024(H5N1)	868	12548
MP|PP755590.1|A/cattle/Texas/24-008749-003/2024(H5N1)	869	12544
MP|PP755590.1|A/cattle/Texas/24-008749-003/2024(H5N1)	870	12314
MP|PP755590.1|A/cattle/Texas/24-008749-003/2024(H5N1)	871	12009
MP|PP755590.1|A/cattle/Texas/24-008749-003/2024(H5N1)	872	12004
MP|PP755590.1|A/cattle/Texas/24-008749-003/2024(H5N1)	873	12003
MP|PP755590.1|A/cattle/Texas/24-008749-003/2024(H5N1)	874	12008
MP|PP755590.1|A/cattle/Texas/24-008749-003/2024(H5N1)	875	11979
MP|PP755590.1|A/cattle/Texas/24-008749-003/2024(H5N1)	876	11878
MP|PP755590.1|A/cattle/Texas/24-008749-003/2024(H5N1)	877	11858
MP|PP755590.1|A/cattle/Texas/24-008749-003/2024(H5N1)	878	11828
MP|PP755590.1|A/cattle/Texas/24-008749-003/2024(H5N1)	879	11786
MP|PP755590.1|A/cattle/Texas/24-008749-003/2024(H5N1)	880	11767
MP|PP755590.1|A/cattle/Texas/24-008749-003/2024(H5N1)	881	11763
MP|PP755590.1|A/cattle/Texas/24-008749-003/2024(H5N1)	882	11746
MP|PP755590.1|A/cattle/Texas/24-008749-003/2024(H5N1)	883	11514
MP|PP755590.1|A/cattle/Texas/24-008749-003/2024(H5N1)	884	11484
MP|PP755590.1|A/cattle/Texas/24-008749-003/2024(H5N1)	885	11270
MP|PP755590.1|A/cattle/Texas/24-008749-003/2024(H5N1)	886	11265
MP|PP755590.1|A/cattle/Texas/24-008749-003/2024(H5N1)	887	11184
MP|PP755590.1|A/cattle/Texas/24-008749-003/2024(H5N1)	888	11170
MP|PP755590.1|A/cattle/Texas/24-008749-003/2024(H5N1)	889	11142
MP|PP755590.1|A/cattle/Texas/24-008749-003/2024(H5N1)	890	11067
MP|PP755590.1|A/cattle/Texas/24-008749-003/2024(H5N1)	891	11037
MP|PP755590.1|A/cattle/Texas/24-008749-003/2024(H5N1)	892	11041
MP|PP755590.1|A/cattle/Texas/24-008749-003/2024(H5N1)	893	11015
MP|PP755590.1|A/cattle/Texas/24-008749-003/2024(H5N1)	894	10991
MP|PP755590.1|A/cattle/Texas/24-008749-003/2024(H5N1)	895	10894
MP|PP755590.1|A/cattle/Texas/24-008749-003/2024(H5N1)	896	10882
MP|PP755590.1|A/cattle/Texas/24-008749-003/2024(H5N1)	897	10279
MP|PP755590.1|A/cattle/Texas/24-008749-003/2024(H5N1)	898	10298
MP|PP755590.1|A/cattle/Texas/24-008749-003/2024(H5N1)	899	10017
MP|PP755590.1|A/cattle/Texas/24-008749-003/2024(H5N1)	900	9942
MP|PP755590.1|A/cattle/Texas/24-008749-003/2024(H5N1)	901	9645
MP|PP755590.1|A/cattle/Texas/24-008749-003/2024(H5N1)	902	9576
MP|PP755590.1|A/cattle/Texas/24-008749-003/2024(H5N1)	903	9572
MP|PP755590.1|A/cattle/Texas/24-008749-003/2024(H5N1)	904	9525
MP|PP755590.1|A/cattle/Texas/24-008749-003/2024(H5N1)	905	9441
MP|PP755590.1|A/cattle/Texas/24-008749-003/2024(H5N1)	906	9434
MP|PP755590.1|A/cattle/Texas/24-008749-003/2024(H5N1)	907	9159
MP|PP755590.1|A/cattle/Texas/24-008749-003/2024(H5N1)	908	9157
MP|PP755590.1|A/cattle/Texas/24-008749-003/2024(H5N1)	909	9147
MP|PP755590.1|A/cattle/Texas/24-008749-003/2024(H5N1)	910	8962
MP|PP755590.1|A/cattle/Texas/24-008749-003/2024(H5N1)	911	8965
MP|PP755590.1|A/cattle/Texas/24-008749-003/2024(H5N1)	912	8927
MP|PP755590.1|A/cattle/Texas/24-008749-003/2024(H5N1)	913	8917
MP|PP755590.1|A/cattle/Texas/24-008749-003/2024(H5N1)	914	8797
MP|PP755590.1|A/cattle/Texas/24-008749-003/2024(H5N1)	915	8653
MP|PP755590.1|A/cattle/Texas/24-008749-003/2024(H5N1)	916	8617
MP|PP755590.1|A/cattle/Texas/24-008749-003/2024(H5N1)	917	8490
MP|PP755590.1|A/cattle/Texas/24-008749-003/2024(H5N1)	918	8486
MP|PP755590.1|A/cattle/Texas/24-008749-003/2024(H5N1)	919	8478
MP|PP755590.1|A/cattle/Texas/24-008749-003/2024(H5N1)	920	8378
MP|PP755590.1|A/cattle/Texas/24-008749-003/2024(H5N1)	921	8332
MP|PP755590.1|A/cattle/Texas/24-008749-003/2024(H5N1)	922	8181
MP|PP755590.1|A/cattle/Texas/24-008749-003/2024(H5N1)	923	8191
MP|PP755590.1|A/cattle/Texas/24-008749-003/2024(H5N1)	924	8181
MP|PP755590.1|A/cattle/Texas/24-008749-003/2024(H5N1)	925	8172
MP|PP755590.1|A/cattle/Texas/24-008749-003/2024(H5N1)	926	8175
MP|PP755590.1|A/cattle/Texas/24-008749-003/2024(H5N1)	927	8028
MP|PP755590.1|A/cattle/Texas/24-008749-003/2024(H5N1)	928	8038
MP|PP755590.1|A/cattle/Texas/24-008749-003/2024(H5N1)	929	8033
MP|PP755590.1|A/cattle/Texas/24-008749-003/2024(H5N1)	930	8022
MP|PP755590.1|A/cattle/Texas/24-008749-003/2024(H5N1)	931	7954
MP|PP755590.1|A/cattle/Texas/24-008749-003/2024(H5N1)	932	7152
MP|PP755590.1|A/cattle/Texas/24-008749-003/2024(H5N1)	933	7154
MP|PP755590.1|A/cattle/Texas/24-008749-003/2024(H5N1)	934	7120
MP|PP755590.1|A/cattle/Texas/24-008749-003/2024(H5N1)	935	6868
MP|PP755590.1|A/cattle/Texas/24-008749-003/2024(H5N1)	936	6854
MP|PP755590.1|A/cattle/Texas/24-008749-003/2024(H5N1)	937	6448
MP|PP755590.1|A/cattle/Texas/24-008749-003/2024(H5N1)	938	6448
MP|PP755590.1|A/cattle/Texas/24-008749-003/2024(H5N1)	939	6436
MP|PP755590.1|A/cattle/Texas/24-008749-003/2024(H5N1)	940	6399
MP|PP755590.1|A/cattle/Texas/24-008749-003/2024(H5N1)	941	6386
MP|PP755590.1|A/cattle/Texas/24-008749-003/2024(H5N1)	942	5699
MP|PP755590.1|A/cattle/Texas/24-008749-003/2024(H5N1)	943	5681
MP|PP755590.1|A/cattle/Texas/24-008749-003/2024(H5N1)	944	5440
MP|PP755590.1|A/cattle/Texas/24-008749-003/2024(H5N1)	945	5181
MP|PP755590.1|A/cattle/Texas/24-008749-003/2024(H5N1)	946	5084
MP|PP755590.1|A/cattle/Texas/24-008749-003/2024(H5N1)	947	5048
MP|PP755590.1|A/cattle/Texas/24-008749-003/2024(H5N1)	948	5022
MP|PP755590.1|A/cattle/Texas/24-008749-003/2024(H5N1)	949	5008
MP|PP755590.1|A/cattle/Texas/24-008749-003/2024(H5N1)	950	4807
MP|PP755590.1|A/cattle/Texas/24-008749-003/2024(H5N1)	951	4797
MP|PP755590.1|A/cattle/Texas/24-008749-003/2024(H5N1)	952	4756
MP|PP755590.1|A/cattle/Texas/24-008749-003/2024(H5N1)	953	4716
MP|PP755590.1|A/cattle/Texas/24-008749-003/2024(H5N1)	954	4677
MP|PP755590.1|A/cattle/Texas/24-008749-003/2024(H5N1)	955	4626
MP|PP755590.1|A/cattle/Texas/24-008749-003/2024(H5N1)	956	4602
MP|PP755590.1|A/cattle/Texas/24-008749-003/2024(H5N1)	957	4593
MP|PP755590.1|A/cattle/Texas/24-008749-003/2024(H5N1)	958	4569
MP|PP755590.1|A/cattle/Texas/24-008749-003/2024(H5N1)	959	4559
MP|PP755590.1|A/cattle/Texas/24-008749-003/2024(H5N1)	960	4537
MP|PP755590.1|A/cattle/Texas/24-008749-003/2024(H5N1)	961	4493
MP|PP755590.1|A/cattle/Texas/24-008749-003/2024(H5N1)	962	4485
MP|PP755590.1|A/cattle/Texas/24-008749-003/2024(H5N1)	963	4407
MP|PP755590.1|A/cattle/Texas/24-008749-003/2024(H5N1)	964	4403
MP|PP755590.1|A/cattle/Texas/24-008749-003/2024(H5N1)	965	4373
MP|PP755590.1|A/cattle/Texas/24-008749-003/2024(H5N1)	966	4367
MP|PP755590.1|A/cattle/Texas/24-008749-003/2024(H5N1)	967	4361
MP|PP755590.1|A/cattle/Texas/24-008749-003/2024(H5N1)	968	4354
MP|PP755590.1|A/cattle/Texas/24-008749-003/2024(H5N1)	969	4353
MP|PP755590.1|A/cattle/Texas/24-008749-003/2024(H5N1)	970	4204
MP|PP755590.1|A/cattle/Texas/24-008749-003/2024(H5N1)	971	4201
MP|PP755590.1|A/cattle/Texas/24-008749-003/2024(H5N1)	972	4139
MP|PP755590.1|A/cattle/Texas/24-008749-003/2024(H5N1)	973	4136
MP|PP755590.1|A/cattle/Texas/24-008749-003/2024(H5N1)	974	4129
MP|PP755590.1|A/cattle/Texas/24-008749-003/2024(H5N1)	975	3207
MP|PP755590.1|A/cattle/Texas/24-008749-003/2024(H5N1)	976	3169
MP|PP755590.1|A/cattle/Texas/24-008749-003/2024(H5N1)	977	3169
MP|PP755590.1|A/cattle/Texas/24-008749-003/2024(H5N1)	978	3157
MP|PP755590.1|A/cattle/Texas/24-008749-003/2024(H5N1)	979	3153
MP|PP755590.1|A/cattle/Texas/24-008749-003/2024(H5N1)	980	2766
MP|PP755590.1|A/cattle/Texas/24-008749-003/2024(H5N1)	981	2754
MP|PP755590.1|A/cattle/Texas/24-008749-003/2024(H5N1)	982	2744
