PB1|PP755595.1|A/cattle/Texas/24-008749-003/2024(H5N1)	1	4
PB1|PP755595.1|A/cattle/Texas/24-008749-003/2024(H5N1)	2	4
PB1|PP755595.1|A/cattle/Texas/24-008749-003/2024(H5N1)	3	4
PB1|PP755595.1|A/cattle/Texas/24-008749-003/2024(H5N1)	4	4
PB1|PP755595.1|A/cattle/Texas/24-008749-003/2024(H5N1)	5	4
PB1|PP755595.1|A/cattle/Texas/24-008749-003/2024(H5N1)	6	4
PB1|PP755595.1|A/cattle/Texas/24-008749-003/2024(H5N1)	7	4
PB1|PP755595.1|A/cattle/Texas/24-008749-003/2024(H5N1)	8	4
PB1|PP755595.1|A/cattle/Texas/24-008749-003/2024(H5N1)	9	4
PB1|PP755595.1|A/cattle/Texas/24-008749-003/2024(H5N1)	10	4
PB1|PP755595.1|A/cattle/Texas/24-008749-003/2024(H5N1)	11	4
PB1|PP755595.1|A/cattle/Texas/24-008749-003/2024(H5N1)	12	4
PB1|PP755595.1|A/cattle/Texas/24-008749-003/2024(H5N1)	13	4
PB1|PP755595.1|A/cattle/Texas/24-008749-003/2024(H5N1)	14	4
PB1|PP755595.1|A/cattle/Texas/24-008749-003/2024(H5N1)	15	4
PB1|PP755595.1|A/cattle/Texas/24-008749-003/2024(H5N1)	16	4
PB1|PP755595.1|A/cattle/Texas/24-008749-003/2024(H5N1)	17	4
PB1|PP755595.1|A/cattle/Texas/24-008749-003/2024(H5N1)	18	4
PB1|PP755595.1|A/cattle/Texas/24-008749-003/2024(H5N1)	19	4
PB1|PP755595.1|A/cattle/Texas/24-008749-003/2024(H5N1)	20	4
PB1|PP755595.1|A/cattle/Texas/24-008749-003/2024(H5N1)	21	4
PB1|PP755595.1|A/cattle/Texas/24-008749-003/2024(H5N1)	22	4
PB1|PP755595.1|A/cattle/Texas/24-008749-003/2024(H5N1)	23	4
PB1|PP755595.1|A/cattle/Texas/24-008749-003/2024(H5N1)	24	4
PB1|PP755595.1|A/cattle/Texas/24-008749-003/2024(H5N1)	25	4
PB1|PP755595.1|A/cattle/Texas/24-008749-003/2024(H5N1)	26	4
PB1|PP755595.1|A/cattle/Texas/24-008749-003/2024(H5N1)	27	4
PB1|PP755595.1|A/cattle/Texas/24-008749-003/2024(H5N1)	28	4
PB1|PP755595.1|A/cattle/Texas/24-008749-003/2024(H5N1)	29	4
PB1|PP755595.1|A/cattle/Texas/24-008749-003/2024(H5N1)	30	4
PB1|PP755595.1|A/cattle/Texas/24-008749-003/2024(H5N1)	31	4
PB1|PP755595.1|A/cattle/Texas/24-008749-003/2024(H5N1)	32	4
PB1|PP755595.1|A/cattle/Texas/24-008749-003/2024(H5N1)	33	4
PB1|PP755595.1|A/cattle/Texas/24-008749-003/2024(H5N1)	34	4
PB1|PP755595.1|A/cattle/Texas/24-008749-003/2024(H5N1)	35	4
PB1|PP755595.1|A/cattle/Texas/24-008749-003/2024(H5N1)	36	4
PB1|PP755595.1|A/cattle/Texas/24-008749-003/2024(H5N1)	37	4
PB1|PP755595.1|A/cattle/Texas/24-008749-003/2024(H5N1)	38	4
PB1|PP755595.1|A/cattle/Texas/24-008749-003/2024(H5N1)	39	4
PB1|PP755595.1|A/cattle/Texas/24-008749-003/2024(H5N1)	40	4
PB1|PP755595.1|A/cattle/Texas/24-008749-003/2024(H5N1)	41	4
PB1|PP755595.1|A/cattle/Texas/24-008749-003/2024(H5N1)	42	4
PB1|PP755595.1|A/cattle/Texas/24-008749-003/2024(H5N1)	43	4
PB1|PP755595.1|A/cattle/Texas/24-008749-003/2024(H5N1)	44	3
PB1|PP755595.1|A/cattle/Texas/24-008749-003/2024(H5N1)	45	4
PB1|PP755595.1|A/cattle/Texas/24-008749-003/2024(H5N1)	46	4
PB1|PP755595.1|A/cattle/Texas/24-008749-003/2024(H5N1)	47	4
PB1|PP755595.1|A/cattle/Texas/24-008749-003/2024(H5N1)	48	5
PB1|PP755595.1|A/cattle/Texas/24-008749-003/2024(H5N1)	49	5
PB1|PP755595.1|A/cattle/Texas/24-008749-003/2024(H5N1)	50	5
PB1|PP755595.1|A/cattle/Texas/24-008749-003/2024(H5N1)	51	5
PB1|PP755595.1|A/cattle/Texas/24-008749-003/2024(H5N1)	52	5
PB1|PP755595.1|A/cattle/Texas/24-008749-003/2024(H5N1)	53	5
PB1|PP755595.1|A/cattle/Texas/24-008749-003/2024(H5N1)	54	5
PB1|PP755595.1|A/cattle/Texas/24-008749-003/2024(H5N1)	55	5
PB1|PP755595.1|A/cattle/Texas/24-008749-003/2024(H5N1)	56	5
PB1|PP755595.1|A/cattle/Texas/24-008749-003/2024(H5N1)	57	5
PB1|PP755595.1|A/cattle/Texas/24-008749-003/2024(H5N1)	58	5
PB1|PP755595.1|A/cattle/Texas/24-008749-003/2024(H5N1)	59	5
PB1|PP755595.1|A/cattle/Texas/24-008749-003/2024(H5N1)	60	5
PB1|PP755595.1|A/cattle/Texas/24-008749-003/2024(H5N1)	61	5
PB1|PP755595.1|A/cattle/Texas/24-008749-003/2024(H5N1)	62	5
PB1|PP755595.1|A/cattle/Texas/24-008749-003/2024(H5N1)	63	5
PB1|PP755595.1|A/cattle/Texas/24-008749-003/2024(H5N1)	64	5
PB1|PP755595.1|A/cattle/Texas/24-008749-003/2024(H5N1)	65	5
PB1|PP755595.1|A/cattle/Texas/24-008749-003/2024(H5N1)	66	5
PB1|PP755595.1|A/cattle/Texas/24-008749-003/2024(H5N1)	67	5
PB1|PP755595.1|A/cattle/Texas/24-008749-003/2024(H5N1)	68	5
PB1|PP755595.1|A/cattle/Texas/24-008749-003/2024(H5N1)	69	5
PB1|PP755595.1|A/cattle/Texas/24-008749-003/2024(H5N1)	70	5
PB1|PP755595.1|A/cattle/Texas/24-008749-003/2024(H5N1)	71	5
PB1|PP755595.1|A/cattle/Texas/24-008749-003/2024(H5N1)	72	5
PB1|PP755595.1|A/cattle/Texas/24-008749-003/2024(H5N1)	73	5
PB1|PP755595.1|A/cattle/Texas/24-008749-003/2024(H5N1)	74	5
PB1|PP755595.1|A/cattle/Texas/24-008749-003/2024(H5N1)	75	5
PB1|PP755595.1|A/cattle/Texas/24-008749-003/2024(H5N1)	76	5
PB1|PP755595.1|A/cattle/Texas/24-008749-003/2024(H5N1)	77	5
PB1|PP755595.1|A/cattle/Texas/24-008749-003/2024(H5N1)	78	5
PB1|PP755595.1|A/cattle/Texas/24-008749-003/2024(H5N1)	79	5
PB1|PP755595.1|A/cattle/Texas/24-008749-003/2024(H5N1)	80	5
PB1|PP755595.1|A/cattle/Texas/24-008749-003/2024(H5N1)	81	5
PB1|PP755595.1|A/cattle/Texas/24-008749-003/2024(H5N1)	82	5
PB1|PP755595.1|A/cattle/Texas/24-008749-003/2024(H5N1)	83	5
PB1|PP755595.1|A/cattle/Texas/24-008749-003/2024(H5N1)	84	5
PB1|PP755595.1|A/cattle/Texas/24-008749-003/2024(H5N1)	85	5
PB1|PP755595.1|A/cattle/Texas/24-008749-003/2024(H5N1)	86	5
PB1|PP755595.1|A/cattle/Texas/24-008749-003/2024(H5N1)	87	5
PB1|PP755595.1|A/cattle/Texas/24-008749-003/2024(H5N1)	88	5
PB1|PP755595.1|A/cattle/Texas/24-008749-003/2024(H5N1)	89	5
PB1|PP755595.1|A/cattle/Texas/24-008749-003/2024(H5N1)	90	5
PB1|PP755595.1|A/cattle/Texas/24-008749-003/2024(H5N1)	91	5
PB1|PP755595.1|A/cattle/Texas/24-008749-003/2024(H5N1)	92	5
PB1|PP755595.1|A/cattle/Texas/24-008749-003/2024(H5N1)	93	5
PB1|PP755595.1|A/cattle/Texas/24-008749-003/2024(H5N1)	94	5
PB1|PP755595.1|A/cattle/Texas/24-008749-003/2024(H5N1)	95	5
PB1|PP755595.1|A/cattle/Texas/24-008749-003/2024(H5N1)	96	5
PB1|PP755595.1|A/cattle/Texas/24-008749-003/2024(H5N1)	97	5
PB1|PP755595.1|A/cattle/Texas/24-008749-003/2024(H5N1)	98	5
PB1|PP755595.1|A/cattle/Texas/24-008749-003/2024(H5N1)	99	5
PB1|PP755595.1|A/cattle/Texas/24-008749-003/2024(H5N1)	100	5
PB1|PP755595.1|A/cattle/Texas/24-008749-003/2024(H5N1)	101	5
PB1|PP755595.1|A/cattle/Texas/24-008749-003/2024(H5N1)	102	5
PB1|PP755595.1|A/cattle/Texas/24-008749-003/2024(H5N1)	103	5
PB1|PP755595.1|A/cattle/Texas/24-008749-003/2024(H5N1)	104	5
PB1|PP755595.1|A/cattle/Texas/24-008749-003/2024(H5N1)	105	5
PB1|PP755595.1|A/cattle/Texas/24-008749-003/2024(H5N1)	106	5
PB1|PP755595.1|A/cattle/Texas/24-008749-003/2024(H5N1)	107	5
PB1|PP755595.1|A/cattle/Texas/24-008749-003/2024(H5N1)	108	5
PB1|PP755595.1|A/cattle/Texas/24-008749-003/2024(H5N1)	109	8
PB1|PP755595.1|A/cattle/Texas/24-008749-003/2024(H5N1)	110	8
PB1|PP755595.1|A/cattle/Texas/24-008749-003/2024(H5N1)	111	8
PB1|PP755595.1|A/cattle/Texas/24-008749-003/2024(H5N1)	112	8
PB1|PP755595.1|A/cattle/Texas/24-008749-003/2024(H5N1)	113	8
PB1|PP755595.1|A/cattle/Texas/24-008749-003/2024(H5N1)	114	8
PB1|PP755595.1|A/cattle/Texas/24-008749-003/2024(H5N1)	115	8
PB1|PP755595.1|A/cattle/Texas/24-008749-003/2024(H5N1)	116	8
PB1|PP755595.1|A/cattle/Texas/24-008749-003/2024(H5N1)	117	8
PB1|PP755595.1|A/cattle/Texas/24-008749-003/2024(H5N1)	118	8
PB1|PP755595.1|A/cattle/Texas/24-008749-003/2024(H5N1)	119	8
PB1|PP755595.1|A/cattle/Texas/24-008749-003/2024(H5N1)	120	8
PB1|PP755595.1|A/cattle/Texas/24-008749-003/2024(H5N1)	121	8
PB1|PP755595.1|A/cattle/Texas/24-008749-003/2024(H5N1)	122	8
PB1|PP755595.1|A/cattle/Texas/24-008749-003/2024(H5N1)	123	8
PB1|PP755595.1|A/cattle/Texas/24-008749-003/2024(H5N1)	124	8
PB1|PP755595.1|A/cattle/Texas/24-008749-003/2024(H5N1)	125	8
PB1|PP755595.1|A/cattle/Texas/24-008749-003/2024(H5N1)	126	8
PB1|PP755595.1|A/cattle/Texas/24-008749-003/2024(H5N1)	127	8
PB1|PP755595.1|A/cattle/Texas/24-008749-003/2024(H5N1)	128	7
PB1|PP755595.1|A/cattle/Texas/24-008749-003/2024(H5N1)	129	6
PB1|PP755595.1|A/cattle/Texas/24-008749-003/2024(H5N1)	130	6
PB1|PP755595.1|A/cattle/Texas/24-008749-003/2024(H5N1)	131	6
PB1|PP755595.1|A/cattle/Texas/24-008749-003/2024(H5N1)	132	6
PB1|PP755595.1|A/cattle/Texas/24-008749-003/2024(H5N1)	133	6
PB1|PP755595.1|A/cattle/Texas/24-008749-003/2024(H5N1)	134	6
PB1|PP755595.1|A/cattle/Texas/24-008749-003/2024(H5N1)	135	5
PB1|PP755595.1|A/cattle/Texas/24-008749-003/2024(H5N1)	136	5
PB1|PP755595.1|A/cattle/Texas/24-008749-003/2024(H5N1)	137	5
PB1|PP755595.1|A/cattle/Texas/24-008749-003/2024(H5N1)	138	5
PB1|PP755595.1|A/cattle/Texas/24-008749-003/2024(H5N1)	139	5
PB1|PP755595.1|A/cattle/Texas/24-008749-003/2024(H5N1)	140	5
PB1|PP755595.1|A/cattle/Texas/24-008749-003/2024(H5N1)	141	5
PB1|PP755595.1|A/cattle/Texas/24-008749-003/2024(H5N1)	142	5
PB1|PP755595.1|A/cattle/Texas/24-008749-003/2024(H5N1)	143	5
PB1|PP755595.1|A/cattle/Texas/24-008749-003/2024(H5N1)	144	4
PB1|PP755595.1|A/cattle/Texas/24-008749-003/2024(H5N1)	145	4
PB1|PP755595.1|A/cattle/Texas/24-008749-003/2024(H5N1)	146	4
PB1|PP755595.1|A/cattle/Texas/24-008749-003/2024(H5N1)	147	4
PB1|PP755595.1|A/cattle/Texas/24-008749-003/2024(H5N1)	148	4
PB1|PP755595.1|A/cattle/Texas/24-008749-003/2024(H5N1)	149	4
PB1|PP755595.1|A/cattle/Texas/24-008749-003/2024(H5N1)	150	4
PB1|PP755595.1|A/cattle/Texas/24-008749-003/2024(H5N1)	151	4
PB1|PP755595.1|A/cattle/Texas/24-008749-003/2024(H5N1)	152	4
PB1|PP755595.1|A/cattle/Texas/24-008749-003/2024(H5N1)	153	4
PB1|PP755595.1|A/cattle/Texas/24-008749-003/2024(H5N1)	154	4
PB1|PP755595.1|A/cattle/Texas/24-008749-003/2024(H5N1)	155	4
PB1|PP755595.1|A/cattle/Texas/24-008749-003/2024(H5N1)	156	4
PB1|PP755595.1|A/cattle/Texas/24-008749-003/2024(H5N1)	157	5
PB1|PP755595.1|A/cattle/Texas/24-008749-003/2024(H5N1)	158	5
PB1|PP755595.1|A/cattle/Texas/24-008749-003/2024(H5N1)	159	5
PB1|PP755595.1|A/cattle/Texas/24-008749-003/2024(H5N1)	160	5
PB1|PP755595.1|A/cattle/Texas/24-008749-003/2024(H5N1)	161	5
PB1|PP755595.1|A/cattle/Texas/24-008749-003/2024(H5N1)	162	5
PB1|PP755595.1|A/cattle/Texas/24-008749-003/2024(H5N1)	163	5
PB1|PP755595.1|A/cattle/Texas/24-008749-003/2024(H5N1)	164	6
PB1|PP755595.1|A/cattle/Texas/24-008749-003/2024(H5N1)	165	6
PB1|PP755595.1|A/cattle/Texas/24-008749-003/2024(H5N1)	166	6
PB1|PP755595.1|A/cattle/Texas/24-008749-003/2024(H5N1)	167	6
PB1|PP755595.1|A/cattle/Texas/24-008749-003/2024(H5N1)	168	6
PB1|PP755595.1|A/cattle/Texas/24-008749-003/2024(H5N1)	169	6
PB1|PP755595.1|A/cattle/Texas/24-008749-003/2024(H5N1)	170	6
PB1|PP755595.1|A/cattle/Texas/24-008749-003/2024(H5N1)	171	6
PB1|PP755595.1|A/cattle/Texas/24-008749-003/2024(H5N1)	172	6
PB1|PP755595.1|A/cattle/Texas/24-008749-003/2024(H5N1)	173	6
PB1|PP755595.1|A/cattle/Texas/24-008749-003/2024(H5N1)	174	6
PB1|PP755595.1|A/cattle/Texas/24-008749-003/2024(H5N1)	175	6
PB1|PP755595.1|A/cattle/Texas/24-008749-003/2024(H5N1)	176	6
PB1|PP755595.1|A/cattle/Texas/24-008749-003/2024(H5N1)	177	6
PB1|PP755595.1|A/cattle/Texas/24-008749-003/2024(H5N1)	178	6
PB1|PP755595.1|A/cattle/Texas/24-008749-003/2024(H5N1)	179	7
PB1|PP755595.1|A/cattle/Texas/24-008749-003/2024(H5N1)	180	7
PB1|PP755595.1|A/cattle/Texas/24-008749-003/2024(H5N1)	181	7
PB1|PP755595.1|A/cattle/Texas/24-008749-003/2024(H5N1)	182	7
PB1|PP755595.1|A/cattle/Texas/24-008749-003/2024(H5N1)	183	7
PB1|PP755595.1|A/cattle/Texas/24-008749-003/2024(H5N1)	184	7
PB1|PP755595.1|A/cattle/Texas/24-008749-003/2024(H5N1)	185	7
PB1|PP755595.1|A/cattle/Texas/24-008749-003/2024(H5N1)	186	7
PB1|PP755595.1|A/cattle/Texas/24-008749-003/2024(H5N1)	187	7
PB1|PP755595.1|A/cattle/Texas/24-008749-003/2024(H5N1)	188	7
PB1|PP755595.1|A/cattle/Texas/24-008749-003/2024(H5N1)	189	7
PB1|PP755595.1|A/cattle/Texas/24-008749-003/2024(H5N1)	190	8
PB1|PP755595.1|A/cattle/Texas/24-008749-003/2024(H5N1)	191	8
PB1|PP755595.1|A/cattle/Texas/24-008749-003/2024(H5N1)	192	8
PB1|PP755595.1|A/cattle/Texas/24-008749-003/2024(H5N1)	193	8
PB1|PP755595.1|A/cattle/Texas/24-008749-003/2024(H5N1)	194	8
PB1|PP755595.1|A/cattle/Texas/24-008749-003/2024(H5N1)	195	8
PB1|PP755595.1|A/cattle/Texas/24-008749-003/2024(H5N1)	196	8
PB1|PP755595.1|A/cattle/Texas/24-008749-003/2024(H5N1)	197	8
PB1|PP755595.1|A/cattle/Texas/24-008749-003/2024(H5N1)	198	8
PB1|PP755595.1|A/cattle/Texas/24-008749-003/2024(H5N1)	199	7
PB1|PP755595.1|A/cattle/Texas/24-008749-003/2024(H5N1)	200	7
PB1|PP755595.1|A/cattle/Texas/24-008749-003/2024(H5N1)	201	7
PB1|PP755595.1|A/cattle/Texas/24-008749-003/2024(H5N1)	202	7
PB1|PP755595.1|A/cattle/Texas/24-008749-003/2024(H5N1)	203	7
PB1|PP755595.1|A/cattle/Texas/24-008749-003/2024(H5N1)	204	7
PB1|PP755595.1|A/cattle/Texas/24-008749-003/2024(H5N1)	205	7
PB1|PP755595.1|A/cattle/Texas/24-008749-003/2024(H5N1)	206	7
PB1|PP755595.1|A/cattle/Texas/24-008749-003/2024(H5N1)	207	7
PB1|PP755595.1|A/cattle/Texas/24-008749-003/2024(H5N1)	208	7
PB1|PP755595.1|A/cattle/Texas/24-008749-003/2024(H5N1)	209	7
PB1|PP755595.1|A/cattle/Texas/24-008749-003/2024(H5N1)	210	7
PB1|PP755595.1|A/cattle/Texas/24-008749-003/2024(H5N1)	211	7
PB1|PP755595.1|A/cattle/Texas/24-008749-003/2024(H5N1)	212	7
PB1|PP755595.1|A/cattle/Texas/24-008749-003/2024(H5N1)	213	7
PB1|PP755595.1|A/cattle/Texas/24-008749-003/2024(H5N1)	214	7
PB1|PP755595.1|A/cattle/Texas/24-008749-003/2024(H5N1)	215	7
PB1|PP755595.1|A/cattle/Texas/24-008749-003/2024(H5N1)	216	7
PB1|PP755595.1|A/cattle/Texas/24-008749-003/2024(H5N1)	217	7
PB1|PP755595.1|A/cattle/Texas/24-008749-003/2024(H5N1)	218	7
PB1|PP755595.1|A/cattle/Texas/24-008749-003/2024(H5N1)	219	7
PB1|PP755595.1|A/cattle/Texas/24-008749-003/2024(H5N1)	220	7
PB1|PP755595.1|A/cattle/Texas/24-008749-003/2024(H5N1)	221	7
PB1|PP755595.1|A/cattle/Texas/24-008749-003/2024(H5N1)	222	7
PB1|PP755595.1|A/cattle/Texas/24-008749-003/2024(H5N1)	223	7
PB1|PP755595.1|A/cattle/Texas/24-008749-003/2024(H5N1)	224	7
PB1|PP755595.1|A/cattle/Texas/24-008749-003/2024(H5N1)	225	7
PB1|PP755595.1|A/cattle/Texas/24-008749-003/2024(H5N1)	226	8
PB1|PP755595.1|A/cattle/Texas/24-008749-003/2024(H5N1)	227	10
PB1|PP755595.1|A/cattle/Texas/24-008749-003/2024(H5N1)	228	11
PB1|PP755595.1|A/cattle/Texas/24-008749-003/2024(H5N1)	229	11
PB1|PP755595.1|A/cattle/Texas/24-008749-003/2024(H5N1)	230	11
PB1|PP755595.1|A/cattle/Texas/24-008749-003/2024(H5N1)	231	11
PB1|PP755595.1|A/cattle/Texas/24-008749-003/2024(H5N1)	232	11
PB1|PP755595.1|A/cattle/Texas/24-008749-003/2024(H5N1)	233	11
PB1|PP755595.1|A/cattle/Texas/24-008749-003/2024(H5N1)	234	11
PB1|PP755595.1|A/cattle/Texas/24-008749-003/2024(H5N1)	235	11
PB1|PP755595.1|A/cattle/Texas/24-008749-003/2024(H5N1)	236	11
PB1|PP755595.1|A/cattle/Texas/24-008749-003/2024(H5N1)	237	11
PB1|PP755595.1|A/cattle/Texas/24-008749-003/2024(H5N1)	238	11
PB1|PP755595.1|A/cattle/Texas/24-008749-003/2024(H5N1)	239	12
PB1|PP755595.1|A/cattle/Texas/24-008749-003/2024(H5N1)	240	12
PB1|PP755595.1|A/cattle/Texas/24-008749-003/2024(H5N1)	241	12
PB1|PP755595.1|A/cattle/Texas/24-008749-003/2024(H5N1)	242	12
PB1|PP755595.1|A/cattle/Texas/24-008749-003/2024(H5N1)	243	12
PB1|PP755595.1|A/cattle/Texas/24-008749-003/2024(H5N1)	244	12
PB1|PP755595.1|A/cattle/Texas/24-008749-003/2024(H5N1)	245	12
PB1|PP755595.1|A/cattle/Texas/24-008749-003/2024(H5N1)	246	12
PB1|PP755595.1|A/cattle/Texas/24-008749-003/2024(H5N1)	247	12
PB1|PP755595.1|A/cattle/Texas/24-008749-003/2024(H5N1)	248	12
PB1|PP755595.1|A/cattle/Texas/24-008749-003/2024(H5N1)	249	12
PB1|PP755595.1|A/cattle/Texas/24-008749-003/2024(H5N1)	250	12
PB1|PP755595.1|A/cattle/Texas/24-008749-003/2024(H5N1)	251	12
PB1|PP755595.1|A/cattle/Texas/24-008749-003/2024(H5N1)	252	13
PB1|PP755595.1|A/cattle/Texas/24-008749-003/2024(H5N1)	253	13
PB1|PP755595.1|A/cattle/Texas/24-008749-003/2024(H5N1)	254	13
PB1|PP755595.1|A/cattle/Texas/24-008749-003/2024(H5N1)	255	13
PB1|PP755595.1|A/cattle/Texas/24-008749-003/2024(H5N1)	256	13
PB1|PP755595.1|A/cattle/Texas/24-008749-003/2024(H5N1)	257	13
PB1|PP755595.1|A/cattle/Texas/24-008749-003/2024(H5N1)	258	10
PB1|PP755595.1|A/cattle/Texas/24-008749-003/2024(H5N1)	259	10
PB1|PP755595.1|A/cattle/Texas/24-008749-003/2024(H5N1)	260	10
PB1|PP755595.1|A/cattle/Texas/24-008749-003/2024(H5N1)	261	10
PB1|PP755595.1|A/cattle/Texas/24-008749-003/2024(H5N1)	262	11
PB1|PP755595.1|A/cattle/Texas/24-008749-003/2024(H5N1)	263	11
PB1|PP755595.1|A/cattle/Texas/24-008749-003/2024(H5N1)	264	11
PB1|PP755595.1|A/cattle/Texas/24-008749-003/2024(H5N1)	265	11
PB1|PP755595.1|A/cattle/Texas/24-008749-003/2024(H5N1)	266	11
PB1|PP755595.1|A/cattle/Texas/24-008749-003/2024(H5N1)	267	11
PB1|PP755595.1|A/cattle/Texas/24-008749-003/2024(H5N1)	268	11
PB1|PP755595.1|A/cattle/Texas/24-008749-003/2024(H5N1)	269	11
PB1|PP755595.1|A/cattle/Texas/24-008749-003/2024(H5N1)	270	11
PB1|PP755595.1|A/cattle/Texas/24-008749-003/2024(H5N1)	271	11
PB1|PP755595.1|A/cattle/Texas/24-008749-003/2024(H5N1)	272	11
PB1|PP755595.1|A/cattle/Texas/24-008749-003/2024(H5N1)	273	11
PB1|PP755595.1|A/cattle/Texas/24-008749-003/2024(H5N1)	274	11
PB1|PP755595.1|A/cattle/Texas/24-008749-003/2024(H5N1)	275	11
PB1|PP755595.1|A/cattle/Texas/24-008749-003/2024(H5N1)	276	11
PB1|PP755595.1|A/cattle/Texas/24-008749-003/2024(H5N1)	277	11
PB1|PP755595.1|A/cattle/Texas/24-008749-003/2024(H5N1)	278	11
PB1|PP755595.1|A/cattle/Texas/24-008749-003/2024(H5N1)	279	11
PB1|PP755595.1|A/cattle/Texas/24-008749-003/2024(H5N1)	280	11
PB1|PP755595.1|A/cattle/Texas/24-008749-003/2024(H5N1)	281	11
PB1|PP755595.1|A/cattle/Texas/24-008749-003/2024(H5N1)	282	11
PB1|PP755595.1|A/cattle/Texas/24-008749-003/2024(H5N1)	283	11
PB1|PP755595.1|A/cattle/Texas/24-008749-003/2024(H5N1)	284	11
PB1|PP755595.1|A/cattle/Texas/24-008749-003/2024(H5N1)	285	11
PB1|PP755595.1|A/cattle/Texas/24-008749-003/2024(H5N1)	286	11
PB1|PP755595.1|A/cattle/Texas/24-008749-003/2024(H5N1)	287	12
PB1|PP755595.1|A/cattle/Texas/24-008749-003/2024(H5N1)	288	12
PB1|PP755595.1|A/cattle/Texas/24-008749-003/2024(H5N1)	289	12
PB1|PP755595.1|A/cattle/Texas/24-008749-003/2024(H5N1)	290	12
PB1|PP755595.1|A/cattle/Texas/24-008749-003/2024(H5N1)	291	12
PB1|PP755595.1|A/cattle/Texas/24-008749-003/2024(H5N1)	292	14
PB1|PP755595.1|A/cattle/Texas/24-008749-003/2024(H5N1)	293	14
PB1|PP755595.1|A/cattle/Texas/24-008749-003/2024(H5N1)	294	14
PB1|PP755595.1|A/cattle/Texas/24-008749-003/2024(H5N1)	295	15
PB1|PP755595.1|A/cattle/Texas/24-008749-003/2024(H5N1)	296	16
PB1|PP755595.1|A/cattle/Texas/24-008749-003/2024(H5N1)	297	16
PB1|PP755595.1|A/cattle/Texas/24-008749-003/2024(H5N1)	298	16
PB1|PP755595.1|A/cattle/Texas/24-008749-003/2024(H5N1)	299	16
PB1|PP755595.1|A/cattle/Texas/24-008749-003/2024(H5N1)	300	16
PB1|PP755595.1|A/cattle/Texas/24-008749-003/2024(H5N1)	301	16
PB1|PP755595.1|A/cattle/Texas/24-008749-003/2024(H5N1)	302	16
PB1|PP755595.1|A/cattle/Texas/24-008749-003/2024(H5N1)	303	16
PB1|PP755595.1|A/cattle/Texas/24-008749-003/2024(H5N1)	304	16
PB1|PP755595.1|A/cattle/Texas/24-008749-003/2024(H5N1)	305	16
PB1|PP755595.1|A/cattle/Texas/24-008749-003/2024(H5N1)	306	15
PB1|PP755595.1|A/cattle/Texas/24-008749-003/2024(H5N1)	307	15
PB1|PP755595.1|A/cattle/Texas/24-008749-003/2024(H5N1)	308	15
PB1|PP755595.1|A/cattle/Texas/24-008749-003/2024(H5N1)	309	15
PB1|PP755595.1|A/cattle/Texas/24-008749-003/2024(H5N1)	310	15
PB1|PP755595.1|A/cattle/Texas/24-008749-003/2024(H5N1)	311	15
PB1|PP755595.1|A/cattle/Texas/24-008749-003/2024(H5N1)	312	15
PB1|PP755595.1|A/cattle/Texas/24-008749-003/2024(H5N1)	313	15
PB1|PP755595.1|A/cattle/Texas/24-008749-003/2024(H5N1)	314	15
PB1|PP755595.1|A/cattle/Texas/24-008749-003/2024(H5N1)	315	14
PB1|PP755595.1|A/cattle/Texas/24-008749-003/2024(H5N1)	316	14
PB1|PP755595.1|A/cattle/Texas/24-008749-003/2024(H5N1)	317	14
PB1|PP755595.1|A/cattle/Texas/24-008749-003/2024(H5N1)	318	14
PB1|PP755595.1|A/cattle/Texas/24-008749-003/2024(H5N1)	319	16
PB1|PP755595.1|A/cattle/Texas/24-008749-003/2024(H5N1)	320	16
PB1|PP755595.1|A/cattle/Texas/24-008749-003/2024(H5N1)	321	16
PB1|PP755595.1|A/cattle/Texas/24-008749-003/2024(H5N1)	322	16
PB1|PP755595.1|A/cattle/Texas/24-008749-003/2024(H5N1)	323	16
PB1|PP755595.1|A/cattle/Texas/24-008749-003/2024(H5N1)	324	16
PB1|PP755595.1|A/cattle/Texas/24-008749-003/2024(H5N1)	325	16
PB1|PP755595.1|A/cattle/Texas/24-008749-003/2024(H5N1)	326	17
PB1|PP755595.1|A/cattle/Texas/24-008749-003/2024(H5N1)	327	17
PB1|PP755595.1|A/cattle/Texas/24-008749-003/2024(H5N1)	328	17
PB1|PP755595.1|A/cattle/Texas/24-008749-003/2024(H5N1)	329	16
PB1|PP755595.1|A/cattle/Texas/24-008749-003/2024(H5N1)	330	16
PB1|PP755595.1|A/cattle/Texas/24-008749-003/2024(H5N1)	331	16
PB1|PP755595.1|A/cattle/Texas/24-008749-003/2024(H5N1)	332	16
PB1|PP755595.1|A/cattle/Texas/24-008749-003/2024(H5N1)	333	16
PB1|PP755595.1|A/cattle/Texas/24-008749-003/2024(H5N1)	334	16
PB1|PP755595.1|A/cattle/Texas/24-008749-003/2024(H5N1)	335	16
PB1|PP755595.1|A/cattle/Texas/24-008749-003/2024(H5N1)	336	16
PB1|PP755595.1|A/cattle/Texas/24-008749-003/2024(H5N1)	337	16
PB1|PP755595.1|A/cattle/Texas/24-008749-003/2024(H5N1)	338	16
PB1|PP755595.1|A/cattle/Texas/24-008749-003/2024(H5N1)	339	16
PB1|PP755595.1|A/cattle/Texas/24-008749-003/2024(H5N1)	340	16
PB1|PP755595.1|A/cattle/Texas/24-008749-003/2024(H5N1)	341	15
PB1|PP755595.1|A/cattle/Texas/24-008749-003/2024(H5N1)	342	15
PB1|PP755595.1|A/cattle/Texas/24-008749-003/2024(H5N1)	343	15
PB1|PP755595.1|A/cattle/Texas/24-008749-003/2024(H5N1)	344	15
PB1|PP755595.1|A/cattle/Texas/24-008749-003/2024(H5N1)	345	15
PB1|PP755595.1|A/cattle/Texas/24-008749-003/2024(H5N1)	346	15
PB1|PP755595.1|A/cattle/Texas/24-008749-003/2024(H5N1)	347	15
PB1|PP755595.1|A/cattle/Texas/24-008749-003/2024(H5N1)	348	15
PB1|PP755595.1|A/cattle/Texas/24-008749-003/2024(H5N1)	349	15
PB1|PP755595.1|A/cattle/Texas/24-008749-003/2024(H5N1)	350	15
PB1|PP755595.1|A/cattle/Texas/24-008749-003/2024(H5N1)	351	15
PB1|PP755595.1|A/cattle/Texas/24-008749-003/2024(H5N1)	352	15
PB1|PP755595.1|A/cattle/Texas/24-008749-003/2024(H5N1)	353	15
PB1|PP755595.1|A/cattle/Texas/24-008749-003/2024(H5N1)	354	16
PB1|PP755595.1|A/cattle/Texas/24-008749-003/2024(H5N1)	355	16
PB1|PP755595.1|A/cattle/Texas/24-008749-003/2024(H5N1)	356	16
PB1|PP755595.1|A/cattle/Texas/24-008749-003/2024(H5N1)	357	16
PB1|PP755595.1|A/cattle/Texas/24-008749-003/2024(H5N1)	358	16
PB1|PP755595.1|A/cattle/Texas/24-008749-003/2024(H5N1)	359	16
PB1|PP755595.1|A/cattle/Texas/24-008749-003/2024(H5N1)	360	16
PB1|PP755595.1|A/cattle/Texas/24-008749-003/2024(H5N1)	361	16
PB1|PP755595.1|A/cattle/Texas/24-008749-003/2024(H5N1)	362	16
PB1|PP755595.1|A/cattle/Texas/24-008749-003/2024(H5N1)	363	16
PB1|PP755595.1|A/cattle/Texas/24-008749-003/2024(H5N1)	364	16
PB1|PP755595.1|A/cattle/Texas/24-008749-003/2024(H5N1)	365	18
PB1|PP755595.1|A/cattle/Texas/24-008749-003/2024(H5N1)	366	18
PB1|PP755595.1|A/cattle/Texas/24-008749-003/2024(H5N1)	367	18
PB1|PP755595.1|A/cattle/Texas/24-008749-003/2024(H5N1)	368	18
PB1|PP755595.1|A/cattle/Texas/24-008749-003/2024(H5N1)	369	18
PB1|PP755595.1|A/cattle/Texas/24-008749-003/2024(H5N1)	370	18
PB1|PP755595.1|A/cattle/Texas/24-008749-003/2024(H5N1)	371	18
PB1|PP755595.1|A/cattle/Texas/24-008749-003/2024(H5N1)	372	18
PB1|PP755595.1|A/cattle/Texas/24-008749-003/2024(H5N1)	373	18
PB1|PP755595.1|A/cattle/Texas/24-008749-003/2024(H5N1)	374	18
PB1|PP755595.1|A/cattle/Texas/24-008749-003/2024(H5N1)	375	17
PB1|PP755595.1|A/cattle/Texas/24-008749-003/2024(H5N1)	376	19
PB1|PP755595.1|A/cattle/Texas/24-008749-003/2024(H5N1)	377	19
PB1|PP755595.1|A/cattle/Texas/24-008749-003/2024(H5N1)	378	17
PB1|PP755595.1|A/cattle/Texas/24-008749-003/2024(H5N1)	379	16
PB1|PP755595.1|A/cattle/Texas/24-008749-003/2024(H5N1)	380	16
PB1|PP755595.1|A/cattle/Texas/24-008749-003/2024(H5N1)	381	16
PB1|PP755595.1|A/cattle/Texas/24-008749-003/2024(H5N1)	382	16
PB1|PP755595.1|A/cattle/Texas/24-008749-003/2024(H5N1)	383	17
PB1|PP755595.1|A/cattle/Texas/24-008749-003/2024(H5N1)	384	17
PB1|PP755595.1|A/cattle/Texas/24-008749-003/2024(H5N1)	385	17
PB1|PP755595.1|A/cattle/Texas/24-008749-003/2024(H5N1)	386	17
PB1|PP755595.1|A/cattle/Texas/24-008749-003/2024(H5N1)	387	17
PB1|PP755595.1|A/cattle/Texas/24-008749-003/2024(H5N1)	388	17
PB1|PP755595.1|A/cattle/Texas/24-008749-003/2024(H5N1)	389	17
PB1|PP755595.1|A/cattle/Texas/24-008749-003/2024(H5N1)	390	16
PB1|PP755595.1|A/cattle/Texas/24-008749-003/2024(H5N1)	391	16
PB1|PP755595.1|A/cattle/Texas/24-008749-003/2024(H5N1)	392	16
PB1|PP755595.1|A/cattle/Texas/24-008749-003/2024(H5N1)	393	16
PB1|PP755595.1|A/cattle/Texas/24-008749-003/2024(H5N1)	394	16
PB1|PP755595.1|A/cattle/Texas/24-008749-003/2024(H5N1)	395	16
PB1|PP755595.1|A/cattle/Texas/24-008749-003/2024(H5N1)	396	16
PB1|PP755595.1|A/cattle/Texas/24-008749-003/2024(H5N1)	397	16
PB1|PP755595.1|A/cattle/Texas/24-008749-003/2024(H5N1)	398	16
PB1|PP755595.1|A/cattle/Texas/24-008749-003/2024(H5N1)	399	16
PB1|PP755595.1|A/cattle/Texas/24-008749-003/2024(H5N1)	400	16
PB1|PP755595.1|A/cattle/Texas/24-008749-003/2024(H5N1)	401	16
PB1|PP755595.1|A/cattle/Texas/24-008749-003/2024(H5N1)	402	15
PB1|PP755595.1|A/cattle/Texas/24-008749-003/2024(H5N1)	403	15
PB1|PP755595.1|A/cattle/Texas/24-008749-003/2024(H5N1)	404	15
PB1|PP755595.1|A/cattle/Texas/24-008749-003/2024(H5N1)	405	15
PB1|PP755595.1|A/cattle/Texas/24-008749-003/2024(H5N1)	406	15
PB1|PP755595.1|A/cattle/Texas/24-008749-003/2024(H5N1)	407	15
PB1|PP755595.1|A/cattle/Texas/24-008749-003/2024(H5N1)	408	15
PB1|PP755595.1|A/cattle/Texas/24-008749-003/2024(H5N1)	409	15
PB1|PP755595.1|A/cattle/Texas/24-008749-003/2024(H5N1)	410	15
PB1|PP755595.1|A/cattle/Texas/24-008749-003/2024(H5N1)	411	15
PB1|PP755595.1|A/cattle/Texas/24-008749-003/2024(H5N1)	412	14
PB1|PP755595.1|A/cattle/Texas/24-008749-003/2024(H5N1)	413	14
PB1|PP755595.1|A/cattle/Texas/24-008749-003/2024(H5N1)	414	14
PB1|PP755595.1|A/cattle/Texas/24-008749-003/2024(H5N1)	415	14
PB1|PP755595.1|A/cattle/Texas/24-008749-003/2024(H5N1)	416	14
PB1|PP755595.1|A/cattle/Texas/24-008749-003/2024(H5N1)	417	14
PB1|PP755595.1|A/cattle/Texas/24-008749-003/2024(H5N1)	418	14
PB1|PP755595.1|A/cattle/Texas/24-008749-003/2024(H5N1)	419	14
PB1|PP755595.1|A/cattle/Texas/24-008749-003/2024(H5N1)	420	14
PB1|PP755595.1|A/cattle/Texas/24-008749-003/2024(H5N1)	421	14
PB1|PP755595.1|A/cattle/Texas/24-008749-003/2024(H5N1)	422	14
PB1|PP755595.1|A/cattle/Texas/24-008749-003/2024(H5N1)	423	14
PB1|PP755595.1|A/cattle/Texas/24-008749-003/2024(H5N1)	424	17
PB1|PP755595.1|A/cattle/Texas/24-008749-003/2024(H5N1)	425	17
PB1|PP755595.1|A/cattle/Texas/24-008749-003/2024(H5N1)	426	17
PB1|PP755595.1|A/cattle/Texas/24-008749-003/2024(H5N1)	427	17
PB1|PP755595.1|A/cattle/Texas/24-008749-003/2024(H5N1)	428	17
PB1|PP755595.1|A/cattle/Texas/24-008749-003/2024(H5N1)	429	17
PB1|PP755595.1|A/cattle/Texas/24-008749-003/2024(H5N1)	430	22
PB1|PP755595.1|A/cattle/Texas/24-008749-003/2024(H5N1)	431	23
PB1|PP755595.1|A/cattle/Texas/24-008749-003/2024(H5N1)	432	23
PB1|PP755595.1|A/cattle/Texas/24-008749-003/2024(H5N1)	433	23
PB1|PP755595.1|A/cattle/Texas/24-008749-003/2024(H5N1)	434	23
PB1|PP755595.1|A/cattle/Texas/24-008749-003/2024(H5N1)	435	23
PB1|PP755595.1|A/cattle/Texas/24-008749-003/2024(H5N1)	436	23
PB1|PP755595.1|A/cattle/Texas/24-008749-003/2024(H5N1)	437	24
PB1|PP755595.1|A/cattle/Texas/24-008749-003/2024(H5N1)	438	23
PB1|PP755595.1|A/cattle/Texas/24-008749-003/2024(H5N1)	439	24
PB1|PP755595.1|A/cattle/Texas/24-008749-003/2024(H5N1)	440	24
PB1|PP755595.1|A/cattle/Texas/24-008749-003/2024(H5N1)	441	24
PB1|PP755595.1|A/cattle/Texas/24-008749-003/2024(H5N1)	442	24
PB1|PP755595.1|A/cattle/Texas/24-008749-003/2024(H5N1)	443	22
PB1|PP755595.1|A/cattle/Texas/24-008749-003/2024(H5N1)	444	22
PB1|PP755595.1|A/cattle/Texas/24-008749-003/2024(H5N1)	445	22
PB1|PP755595.1|A/cattle/Texas/24-008749-003/2024(H5N1)	446	21
PB1|PP755595.1|A/cattle/Texas/24-008749-003/2024(H5N1)	447	21
PB1|PP755595.1|A/cattle/Texas/24-008749-003/2024(H5N1)	448	21
PB1|PP755595.1|A/cattle/Texas/24-008749-003/2024(H5N1)	449	21
PB1|PP755595.1|A/cattle/Texas/24-008749-003/2024(H5N1)	450	21
PB1|PP755595.1|A/cattle/Texas/24-008749-003/2024(H5N1)	451	21
PB1|PP755595.1|A/cattle/Texas/24-008749-003/2024(H5N1)	452	21
PB1|PP755595.1|A/cattle/Texas/24-008749-003/2024(H5N1)	453	21
PB1|PP755595.1|A/cattle/Texas/24-008749-003/2024(H5N1)	454	21
PB1|PP755595.1|A/cattle/Texas/24-008749-003/2024(H5N1)	455	21
PB1|PP755595.1|A/cattle/Texas/24-008749-003/2024(H5N1)	456	21
PB1|PP755595.1|A/cattle/Texas/24-008749-003/2024(H5N1)	457	21
PB1|PP755595.1|A/cattle/Texas/24-008749-003/2024(H5N1)	458	21
PB1|PP755595.1|A/cattle/Texas/24-008749-003/2024(H5N1)	459	21
PB1|PP755595.1|A/cattle/Texas/24-008749-003/2024(H5N1)	460	21
PB1|PP755595.1|A/cattle/Texas/24-008749-003/2024(H5N1)	461	22
PB1|PP755595.1|A/cattle/Texas/24-008749-003/2024(H5N1)	462	22
PB1|PP755595.1|A/cattle/Texas/24-008749-003/2024(H5N1)	463	22
PB1|PP755595.1|A/cattle/Texas/24-008749-003/2024(H5N1)	464	22
PB1|PP755595.1|A/cattle/Texas/24-008749-003/2024(H5N1)	465	22
PB1|PP755595.1|A/cattle/Texas/24-008749-003/2024(H5N1)	466	22
PB1|PP755595.1|A/cattle/Texas/24-008749-003/2024(H5N1)	467	22
PB1|PP755595.1|A/cattle/Texas/24-008749-003/2024(H5N1)	468	22
PB1|PP755595.1|A/cattle/Texas/24-008749-003/2024(H5N1)	469	22
PB1|PP755595.1|A/cattle/Texas/24-008749-003/2024(H5N1)	470	20
PB1|PP755595.1|A/cattle/Texas/24-008749-003/2024(H5N1)	471	20
PB1|PP755595.1|A/cattle/Texas/24-008749-003/2024(H5N1)	472	20
PB1|PP755595.1|A/cattle/Texas/24-008749-003/2024(H5N1)	473	20
PB1|PP755595.1|A/cattle/Texas/24-008749-003/2024(H5N1)	474	20
PB1|PP755595.1|A/cattle/Texas/24-008749-003/2024(H5N1)	475	20
PB1|PP755595.1|A/cattle/Texas/24-008749-003/2024(H5N1)	476	19
PB1|PP755595.1|A/cattle/Texas/24-008749-003/2024(H5N1)	477	19
PB1|PP755595.1|A/cattle/Texas/24-008749-003/2024(H5N1)	478	19
PB1|PP755595.1|A/cattle/Texas/24-008749-003/2024(H5N1)	479	19
PB1|PP755595.1|A/cattle/Texas/24-008749-003/2024(H5N1)	480	19
PB1|PP755595.1|A/cattle/Texas/24-008749-003/2024(H5N1)	481	19
PB1|PP755595.1|A/cattle/Texas/24-008749-003/2024(H5N1)	482	19
PB1|PP755595.1|A/cattle/Texas/24-008749-003/2024(H5N1)	483	20
PB1|PP755595.1|A/cattle/Texas/24-008749-003/2024(H5N1)	484	20
PB1|PP755595.1|A/cattle/Texas/24-008749-003/2024(H5N1)	485	20
PB1|PP755595.1|A/cattle/Texas/24-008749-003/2024(H5N1)	486	21
PB1|PP755595.1|A/cattle/Texas/24-008749-003/2024(H5N1)	487	21
PB1|PP755595.1|A/cattle/Texas/24-008749-003/2024(H5N1)	488	21
PB1|PP755595.1|A/cattle/Texas/24-008749-003/2024(H5N1)	489	21
PB1|PP755595.1|A/cattle/Texas/24-008749-003/2024(H5N1)	490	21
PB1|PP755595.1|A/cattle/Texas/24-008749-003/2024(H5N1)	491	21
PB1|PP755595.1|A/cattle/Texas/24-008749-003/2024(H5N1)	492	21
PB1|PP755595.1|A/cattle/Texas/24-008749-003/2024(H5N1)	493	21
PB1|PP755595.1|A/cattle/Texas/24-008749-003/2024(H5N1)	494	21
PB1|PP755595.1|A/cattle/Texas/24-008749-003/2024(H5N1)	495	21
PB1|PP755595.1|A/cattle/Texas/24-008749-003/2024(H5N1)	496	21
PB1|PP755595.1|A/cattle/Texas/24-008749-003/2024(H5N1)	497	21
PB1|PP755595.1|A/cattle/Texas/24-008749-003/2024(H5N1)	498	21
PB1|PP755595.1|A/cattle/Texas/24-008749-003/2024(H5N1)	499	21
PB1|PP755595.1|A/cattle/Texas/24-008749-003/2024(H5N1)	500	21
PB1|PP755595.1|A/cattle/Texas/24-008749-003/2024(H5N1)	501	21
PB1|PP755595.1|A/cattle/Texas/24-008749-003/2024(H5N1)	502	21
PB1|PP755595.1|A/cattle/Texas/24-008749-003/2024(H5N1)	503	21
PB1|PP755595.1|A/cattle/Texas/24-008749-003/2024(H5N1)	504	21
PB1|PP755595.1|A/cattle/Texas/24-008749-003/2024(H5N1)	505	20
PB1|PP755595.1|A/cattle/Texas/24-008749-003/2024(H5N1)	506	22
PB1|PP755595.1|A/cattle/Texas/24-008749-003/2024(H5N1)	507	22
PB1|PP755595.1|A/cattle/Texas/24-008749-003/2024(H5N1)	508	22
PB1|PP755595.1|A/cattle/Texas/24-008749-003/2024(H5N1)	509	22
PB1|PP755595.1|A/cattle/Texas/24-008749-003/2024(H5N1)	510	22
PB1|PP755595.1|A/cattle/Texas/24-008749-003/2024(H5N1)	511	23
PB1|PP755595.1|A/cattle/Texas/24-008749-003/2024(H5N1)	512	24
PB1|PP755595.1|A/cattle/Texas/24-008749-003/2024(H5N1)	513	22
PB1|PP755595.1|A/cattle/Texas/24-008749-003/2024(H5N1)	514	22
PB1|PP755595.1|A/cattle/Texas/24-008749-003/2024(H5N1)	515	22
PB1|PP755595.1|A/cattle/Texas/24-008749-003/2024(H5N1)	516	22
PB1|PP755595.1|A/cattle/Texas/24-008749-003/2024(H5N1)	517	22
PB1|PP755595.1|A/cattle/Texas/24-008749-003/2024(H5N1)	518	22
PB1|PP755595.1|A/cattle/Texas/24-008749-003/2024(H5N1)	519	22
PB1|PP755595.1|A/cattle/Texas/24-008749-003/2024(H5N1)	520	23
PB1|PP755595.1|A/cattle/Texas/24-008749-003/2024(H5N1)	521	23
PB1|PP755595.1|A/cattle/Texas/24-008749-003/2024(H5N1)	522	23
PB1|PP755595.1|A/cattle/Texas/24-008749-003/2024(H5N1)	523	23
PB1|PP755595.1|A/cattle/Texas/24-008749-003/2024(H5N1)	524	23
PB1|PP755595.1|A/cattle/Texas/24-008749-003/2024(H5N1)	525	24
PB1|PP755595.1|A/cattle/Texas/24-008749-003/2024(H5N1)	526	24
PB1|PP755595.1|A/cattle/Texas/24-008749-003/2024(H5N1)	527	22
PB1|PP755595.1|A/cattle/Texas/24-008749-003/2024(H5N1)	528	22
PB1|PP755595.1|A/cattle/Texas/24-008749-003/2024(H5N1)	529	22
PB1|PP755595.1|A/cattle/Texas/24-008749-003/2024(H5N1)	530	22
PB1|PP755595.1|A/cattle/Texas/24-008749-003/2024(H5N1)	531	22
PB1|PP755595.1|A/cattle/Texas/24-008749-003/2024(H5N1)	532	22
PB1|PP755595.1|A/cattle/Texas/24-008749-003/2024(H5N1)	533	22
PB1|PP755595.1|A/cattle/Texas/24-008749-003/2024(H5N1)	534	21
PB1|PP755595.1|A/cattle/Texas/24-008749-003/2024(H5N1)	535	22
PB1|PP755595.1|A/cattle/Texas/24-008749-003/2024(H5N1)	536	22
PB1|PP755595.1|A/cattle/Texas/24-008749-003/2024(H5N1)	537	22
PB1|PP755595.1|A/cattle/Texas/24-008749-003/2024(H5N1)	538	22
PB1|PP755595.1|A/cattle/Texas/24-008749-003/2024(H5N1)	539	22
PB1|PP755595.1|A/cattle/Texas/24-008749-003/2024(H5N1)	540	22
PB1|PP755595.1|A/cattle/Texas/24-008749-003/2024(H5N1)	541	22
PB1|PP755595.1|A/cattle/Texas/24-008749-003/2024(H5N1)	542	22
PB1|PP755595.1|A/cattle/Texas/24-008749-003/2024(H5N1)	543	22
PB1|PP755595.1|A/cattle/Texas/24-008749-003/2024(H5N1)	544	22
PB1|PP755595.1|A/cattle/Texas/24-008749-003/2024(H5N1)	545	22
PB1|PP755595.1|A/cattle/Texas/24-008749-003/2024(H5N1)	546	22
PB1|PP755595.1|A/cattle/Texas/24-008749-003/2024(H5N1)	547	22
PB1|PP755595.1|A/cattle/Texas/24-008749-003/2024(H5N1)	548	22
PB1|PP755595.1|A/cattle/Texas/24-008749-003/2024(H5N1)	549	22
PB1|PP755595.1|A/cattle/Texas/24-008749-003/2024(H5N1)	550	22
PB1|PP755595.1|A/cattle/Texas/24-008749-003/2024(H5N1)	551	22
PB1|PP755595.1|A/cattle/Texas/24-008749-003/2024(H5N1)	552	22
PB1|PP755595.1|A/cattle/Texas/24-008749-003/2024(H5N1)	553	22
PB1|PP755595.1|A/cattle/Texas/24-008749-003/2024(H5N1)	554	22
PB1|PP755595.1|A/cattle/Texas/24-008749-003/2024(H5N1)	555	23
PB1|PP755595.1|A/cattle/Texas/24-008749-003/2024(H5N1)	556	23
PB1|PP755595.1|A/cattle/Texas/24-008749-003/2024(H5N1)	557	23
PB1|PP755595.1|A/cattle/Texas/24-008749-003/2024(H5N1)	558	23
PB1|PP755595.1|A/cattle/Texas/24-008749-003/2024(H5N1)	559	23
PB1|PP755595.1|A/cattle/Texas/24-008749-003/2024(H5N1)	560	23
PB1|PP755595.1|A/cattle/Texas/24-008749-003/2024(H5N1)	561	23
PB1|PP755595.1|A/cattle/Texas/24-008749-003/2024(H5N1)	562	23
PB1|PP755595.1|A/cattle/Texas/24-008749-003/2024(H5N1)	563	23
PB1|PP755595.1|A/cattle/Texas/24-008749-003/2024(H5N1)	564	23
PB1|PP755595.1|A/cattle/Texas/24-008749-003/2024(H5N1)	565	23
PB1|PP755595.1|A/cattle/Texas/24-008749-003/2024(H5N1)	566	23
PB1|PP755595.1|A/cattle/Texas/24-008749-003/2024(H5N1)	567	23
PB1|PP755595.1|A/cattle/Texas/24-008749-003/2024(H5N1)	568	23
PB1|PP755595.1|A/cattle/Texas/24-008749-003/2024(H5N1)	569	23
PB1|PP755595.1|A/cattle/Texas/24-008749-003/2024(H5N1)	570	23
PB1|PP755595.1|A/cattle/Texas/24-008749-003/2024(H5N1)	571	23
PB1|PP755595.1|A/cattle/Texas/24-008749-003/2024(H5N1)	572	23
PB1|PP755595.1|A/cattle/Texas/24-008749-003/2024(H5N1)	573	23
PB1|PP755595.1|A/cattle/Texas/24-008749-003/2024(H5N1)	574	23
PB1|PP755595.1|A/cattle/Texas/24-008749-003/2024(H5N1)	575	20
PB1|PP755595.1|A/cattle/Texas/24-008749-003/2024(H5N1)	576	20
PB1|PP755595.1|A/cattle/Texas/24-008749-003/2024(H5N1)	577	20
PB1|PP755595.1|A/cattle/Texas/24-008749-003/2024(H5N1)	578	20
PB1|PP755595.1|A/cattle/Texas/24-008749-003/2024(H5N1)	579	20
PB1|PP755595.1|A/cattle/Texas/24-008749-003/2024(H5N1)	580	20
PB1|PP755595.1|A/cattle/Texas/24-008749-003/2024(H5N1)	581	15
PB1|PP755595.1|A/cattle/Texas/24-008749-003/2024(H5N1)	582	15
PB1|PP755595.1|A/cattle/Texas/24-008749-003/2024(H5N1)	583	15
PB1|PP755595.1|A/cattle/Texas/24-008749-003/2024(H5N1)	584	15
PB1|PP755595.1|A/cattle/Texas/24-008749-003/2024(H5N1)	585	15
PB1|PP755595.1|A/cattle/Texas/24-008749-003/2024(H5N1)	586	15
PB1|PP755595.1|A/cattle/Texas/24-008749-003/2024(H5N1)	587	15
PB1|PP755595.1|A/cattle/Texas/24-008749-003/2024(H5N1)	588	14
PB1|PP755595.1|A/cattle/Texas/24-008749-003/2024(H5N1)	589	14
PB1|PP755595.1|A/cattle/Texas/24-008749-003/2024(H5N1)	590	13
PB1|PP755595.1|A/cattle/Texas/24-008749-003/2024(H5N1)	591	14
PB1|PP755595.1|A/cattle/Texas/24-008749-003/2024(H5N1)	592	14
PB1|PP755595.1|A/cattle/Texas/24-008749-003/2024(H5N1)	593	14
PB1|PP755595.1|A/cattle/Texas/24-008749-003/2024(H5N1)	594	15
PB1|PP755595.1|A/cattle/Texas/24-008749-003/2024(H5N1)	595	15
PB1|PP755595.1|A/cattle/Texas/24-008749-003/2024(H5N1)	596	15
PB1|PP755595.1|A/cattle/Texas/24-008749-003/2024(H5N1)	597	16
PB1|PP755595.1|A/cattle/Texas/24-008749-003/2024(H5N1)	598	15
PB1|PP755595.1|A/cattle/Texas/24-008749-003/2024(H5N1)	599	15
PB1|PP755595.1|A/cattle/Texas/24-008749-003/2024(H5N1)	600	15
PB1|PP755595.1|A/cattle/Texas/24-008749-003/2024(H5N1)	601	15
PB1|PP755595.1|A/cattle/Texas/24-008749-003/2024(H5N1)	602	15
PB1|PP755595.1|A/cattle/Texas/24-008749-003/2024(H5N1)	603	15
PB1|PP755595.1|A/cattle/Texas/24-008749-003/2024(H5N1)	604	16
PB1|PP755595.1|A/cattle/Texas/24-008749-003/2024(H5N1)	605	16
PB1|PP755595.1|A/cattle/Texas/24-008749-003/2024(H5N1)	606	16
PB1|PP755595.1|A/cattle/Texas/24-008749-003/2024(H5N1)	607	16
PB1|PP755595.1|A/cattle/Texas/24-008749-003/2024(H5N1)	608	16
PB1|PP755595.1|A/cattle/Texas/24-008749-003/2024(H5N1)	609	18
PB1|PP755595.1|A/cattle/Texas/24-008749-003/2024(H5N1)	610	18
PB1|PP755595.1|A/cattle/Texas/24-008749-003/2024(H5N1)	611	17
PB1|PP755595.1|A/cattle/Texas/24-008749-003/2024(H5N1)	612	17
PB1|PP755595.1|A/cattle/Texas/24-008749-003/2024(H5N1)	613	18
PB1|PP755595.1|A/cattle/Texas/24-008749-003/2024(H5N1)	614	18
PB1|PP755595.1|A/cattle/Texas/24-008749-003/2024(H5N1)	615	18
PB1|PP755595.1|A/cattle/Texas/24-008749-003/2024(H5N1)	616	18
PB1|PP755595.1|A/cattle/Texas/24-008749-003/2024(H5N1)	617	19
PB1|PP755595.1|A/cattle/Texas/24-008749-003/2024(H5N1)	618	19
PB1|PP755595.1|A/cattle/Texas/24-008749-003/2024(H5N1)	619	19
PB1|PP755595.1|A/cattle/Texas/24-008749-003/2024(H5N1)	620	19
PB1|PP755595.1|A/cattle/Texas/24-008749-003/2024(H5N1)	621	19
PB1|PP755595.1|A/cattle/Texas/24-008749-003/2024(H5N1)	622	20
PB1|PP755595.1|A/cattle/Texas/24-008749-003/2024(H5N1)	623	20
PB1|PP755595.1|A/cattle/Texas/24-008749-003/2024(H5N1)	624	20
PB1|PP755595.1|A/cattle/Texas/24-008749-003/2024(H5N1)	625	20
PB1|PP755595.1|A/cattle/Texas/24-008749-003/2024(H5N1)	626	20
PB1|PP755595.1|A/cattle/Texas/24-008749-003/2024(H5N1)	627	20
PB1|PP755595.1|A/cattle/Texas/24-008749-003/2024(H5N1)	628	20
PB1|PP755595.1|A/cattle/Texas/24-008749-003/2024(H5N1)	629	20
PB1|PP755595.1|A/cattle/Texas/24-008749-003/2024(H5N1)	630	20
PB1|PP755595.1|A/cattle/Texas/24-008749-003/2024(H5N1)	631	22
PB1|PP755595.1|A/cattle/Texas/24-008749-003/2024(H5N1)	632	24
PB1|PP755595.1|A/cattle/Texas/24-008749-003/2024(H5N1)	633	24
PB1|PP755595.1|A/cattle/Texas/24-008749-003/2024(H5N1)	634	23
PB1|PP755595.1|A/cattle/Texas/24-008749-003/2024(H5N1)	635	23
PB1|PP755595.1|A/cattle/Texas/24-008749-003/2024(H5N1)	636	23
PB1|PP755595.1|A/cattle/Texas/24-008749-003/2024(H5N1)	637	23
PB1|PP755595.1|A/cattle/Texas/24-008749-003/2024(H5N1)	638	23
PB1|PP755595.1|A/cattle/Texas/24-008749-003/2024(H5N1)	639	23
PB1|PP755595.1|A/cattle/Texas/24-008749-003/2024(H5N1)	640	23
PB1|PP755595.1|A/cattle/Texas/24-008749-003/2024(H5N1)	641	23
PB1|PP755595.1|A/cattle/Texas/24-008749-003/2024(H5N1)	642	23
PB1|PP755595.1|A/cattle/Texas/24-008749-003/2024(H5N1)	643	23
PB1|PP755595.1|A/cattle/Texas/24-008749-003/2024(H5N1)	644	23
PB1|PP755595.1|A/cattle/Texas/24-008749-003/2024(H5N1)	645	23
PB1|PP755595.1|A/cattle/Texas/24-008749-003/2024(H5N1)	646	23
PB1|PP755595.1|A/cattle/Texas/24-008749-003/2024(H5N1)	647	23
PB1|PP755595.1|A/cattle/Texas/24-008749-003/2024(H5N1)	648	23
PB1|PP755595.1|A/cattle/Texas/24-008749-003/2024(H5N1)	649	23
PB1|PP755595.1|A/cattle/Texas/24-008749-003/2024(H5N1)	650	23
PB1|PP755595.1|A/cattle/Texas/24-008749-003/2024(H5N1)	651	23
PB1|PP755595.1|A/cattle/Texas/24-008749-003/2024(H5N1)	652	24
PB1|PP755595.1|A/cattle/Texas/24-008749-003/2024(H5N1)	653	24
PB1|PP755595.1|A/cattle/Texas/24-008749-003/2024(H5N1)	654	25
PB1|PP755595.1|A/cattle/Texas/24-008749-003/2024(H5N1)	655	25
PB1|PP755595.1|A/cattle/Texas/24-008749-003/2024(H5N1)	656	25
PB1|PP755595.1|A/cattle/Texas/24-008749-003/2024(H5N1)	657	23
PB1|PP755595.1|A/cattle/Texas/24-008749-003/2024(H5N1)	658	23
PB1|PP755595.1|A/cattle/Texas/24-008749-003/2024(H5N1)	659	23
PB1|PP755595.1|A/cattle/Texas/24-008749-003/2024(H5N1)	660	23
PB1|PP755595.1|A/cattle/Texas/24-008749-003/2024(H5N1)	661	22
PB1|PP755595.1|A/cattle/Texas/24-008749-003/2024(H5N1)	662	23
PB1|PP755595.1|A/cattle/Texas/24-008749-003/2024(H5N1)	663	22
PB1|PP755595.1|A/cattle/Texas/24-008749-003/2024(H5N1)	664	22
PB1|PP755595.1|A/cattle/Texas/24-008749-003/2024(H5N1)	665	22
PB1|PP755595.1|A/cattle/Texas/24-008749-003/2024(H5N1)	666	22
PB1|PP755595.1|A/cattle/Texas/24-008749-003/2024(H5N1)	667	22
PB1|PP755595.1|A/cattle/Texas/24-008749-003/2024(H5N1)	668	22
PB1|PP755595.1|A/cattle/Texas/24-008749-003/2024(H5N1)	669	23
PB1|PP755595.1|A/cattle/Texas/24-008749-003/2024(H5N1)	670	23
PB1|PP755595.1|A/cattle/Texas/24-008749-003/2024(H5N1)	671	24
PB1|PP755595.1|A/cattle/Texas/24-008749-003/2024(H5N1)	672	24
PB1|PP755595.1|A/cattle/Texas/24-008749-003/2024(H5N1)	673	24
PB1|PP755595.1|A/cattle/Texas/24-008749-003/2024(H5N1)	674	24
PB1|PP755595.1|A/cattle/Texas/24-008749-003/2024(H5N1)	675	26
PB1|PP755595.1|A/cattle/Texas/24-008749-003/2024(H5N1)	676	25
PB1|PP755595.1|A/cattle/Texas/24-008749-003/2024(H5N1)	677	25
PB1|PP755595.1|A/cattle/Texas/24-008749-003/2024(H5N1)	678	25
PB1|PP755595.1|A/cattle/Texas/24-008749-003/2024(H5N1)	679	25
PB1|PP755595.1|A/cattle/Texas/24-008749-003/2024(H5N1)	680	25
PB1|PP755595.1|A/cattle/Texas/24-008749-003/2024(H5N1)	681	25
PB1|PP755595.1|A/cattle/Texas/24-008749-003/2024(H5N1)	682	25
PB1|PP755595.1|A/cattle/Texas/24-008749-003/2024(H5N1)	683	25
PB1|PP755595.1|A/cattle/Texas/24-008749-003/2024(H5N1)	684	25
PB1|PP755595.1|A/cattle/Texas/24-008749-003/2024(H5N1)	685	25
PB1|PP755595.1|A/cattle/Texas/24-008749-003/2024(H5N1)	686	24
PB1|PP755595.1|A/cattle/Texas/24-008749-003/2024(H5N1)	687	24
PB1|PP755595.1|A/cattle/Texas/24-008749-003/2024(H5N1)	688	24
PB1|PP755595.1|A/cattle/Texas/24-008749-003/2024(H5N1)	689	24
PB1|PP755595.1|A/cattle/Texas/24-008749-003/2024(H5N1)	690	24
PB1|PP755595.1|A/cattle/Texas/24-008749-003/2024(H5N1)	691	24
PB1|PP755595.1|A/cattle/Texas/24-008749-003/2024(H5N1)	692	24
PB1|PP755595.1|A/cattle/Texas/24-008749-003/2024(H5N1)	693	24
PB1|PP755595.1|A/cattle/Texas/24-008749-003/2024(H5N1)	694	24
PB1|PP755595.1|A/cattle/Texas/24-008749-003/2024(H5N1)	695	24
PB1|PP755595.1|A/cattle/Texas/24-008749-003/2024(H5N1)	696	24
PB1|PP755595.1|A/cattle/Texas/24-008749-003/2024(H5N1)	697	24
PB1|PP755595.1|A/cattle/Texas/24-008749-003/2024(H5N1)	698	24
PB1|PP755595.1|A/cattle/Texas/24-008749-003/2024(H5N1)	699	24
PB1|PP755595.1|A/cattle/Texas/24-008749-003/2024(H5N1)	700	24
PB1|PP755595.1|A/cattle/Texas/24-008749-003/2024(H5N1)	701	24
PB1|PP755595.1|A/cattle/Texas/24-008749-003/2024(H5N1)	702	24
PB1|PP755595.1|A/cattle/Texas/24-008749-003/2024(H5N1)	703	24
PB1|PP755595.1|A/cattle/Texas/24-008749-003/2024(H5N1)	704	24
PB1|PP755595.1|A/cattle/Texas/24-008749-003/2024(H5N1)	705	24
PB1|PP755595.1|A/cattle/Texas/24-008749-003/2024(H5N1)	706	23
PB1|PP755595.1|A/cattle/Texas/24-008749-003/2024(H5N1)	707	23
PB1|PP755595.1|A/cattle/Texas/24-008749-003/2024(H5N1)	708	23
PB1|PP755595.1|A/cattle/Texas/24-008749-003/2024(H5N1)	709	23
PB1|PP755595.1|A/cattle/Texas/24-008749-003/2024(H5N1)	710	23
PB1|PP755595.1|A/cattle/Texas/24-008749-003/2024(H5N1)	711	23
PB1|PP755595.1|A/cattle/Texas/24-008749-003/2024(H5N1)	712	23
PB1|PP755595.1|A/cattle/Texas/24-008749-003/2024(H5N1)	713	23
PB1|PP755595.1|A/cattle/Texas/24-008749-003/2024(H5N1)	714	23
PB1|PP755595.1|A/cattle/Texas/24-008749-003/2024(H5N1)	715	23
PB1|PP755595.1|A/cattle/Texas/24-008749-003/2024(H5N1)	716	23
PB1|PP755595.1|A/cattle/Texas/24-008749-003/2024(H5N1)	717	23
PB1|PP755595.1|A/cattle/Texas/24-008749-003/2024(H5N1)	718	23
PB1|PP755595.1|A/cattle/Texas/24-008749-003/2024(H5N1)	719	23
PB1|PP755595.1|A/cattle/Texas/24-008749-003/2024(H5N1)	720	23
PB1|PP755595.1|A/cattle/Texas/24-008749-003/2024(H5N1)	721	23
PB1|PP755595.1|A/cattle/Texas/24-008749-003/2024(H5N1)	722	22
PB1|PP755595.1|A/cattle/Texas/24-008749-003/2024(H5N1)	723	22
PB1|PP755595.1|A/cattle/Texas/24-008749-003/2024(H5N1)	724	22
PB1|PP755595.1|A/cattle/Texas/24-008749-003/2024(H5N1)	725	22
PB1|PP755595.1|A/cattle/Texas/24-008749-003/2024(H5N1)	726	22
PB1|PP755595.1|A/cattle/Texas/24-008749-003/2024(H5N1)	727	22
PB1|PP755595.1|A/cattle/Texas/24-008749-003/2024(H5N1)	728	22
PB1|PP755595.1|A/cattle/Texas/24-008749-003/2024(H5N1)	729	22
PB1|PP755595.1|A/cattle/Texas/24-008749-003/2024(H5N1)	730	24
PB1|PP755595.1|A/cattle/Texas/24-008749-003/2024(H5N1)	731	23
PB1|PP755595.1|A/cattle/Texas/24-008749-003/2024(H5N1)	732	23
PB1|PP755595.1|A/cattle/Texas/24-008749-003/2024(H5N1)	733	23
PB1|PP755595.1|A/cattle/Texas/24-008749-003/2024(H5N1)	734	23
PB1|PP755595.1|A/cattle/Texas/24-008749-003/2024(H5N1)	735	23
PB1|PP755595.1|A/cattle/Texas/24-008749-003/2024(H5N1)	736	23
PB1|PP755595.1|A/cattle/Texas/24-008749-003/2024(H5N1)	737	23
PB1|PP755595.1|A/cattle/Texas/24-008749-003/2024(H5N1)	738	23
PB1|PP755595.1|A/cattle/Texas/24-008749-003/2024(H5N1)	739	23
PB1|PP755595.1|A/cattle/Texas/24-008749-003/2024(H5N1)	740	23
PB1|PP755595.1|A/cattle/Texas/24-008749-003/2024(H5N1)	741	24
PB1|PP755595.1|A/cattle/Texas/24-008749-003/2024(H5N1)	742	23
PB1|PP755595.1|A/cattle/Texas/24-008749-003/2024(H5N1)	743	23
PB1|PP755595.1|A/cattle/Texas/24-008749-003/2024(H5N1)	744	23
PB1|PP755595.1|A/cattle/Texas/24-008749-003/2024(H5N1)	745	23
PB1|PP755595.1|A/cattle/Texas/24-008749-003/2024(H5N1)	746	23
PB1|PP755595.1|A/cattle/Texas/24-008749-003/2024(H5N1)	747	23
PB1|PP755595.1|A/cattle/Texas/24-008749-003/2024(H5N1)	748	23
PB1|PP755595.1|A/cattle/Texas/24-008749-003/2024(H5N1)	749	24
PB1|PP755595.1|A/cattle/Texas/24-008749-003/2024(H5N1)	750	26
PB1|PP755595.1|A/cattle/Texas/24-008749-003/2024(H5N1)	751	26
PB1|PP755595.1|A/cattle/Texas/24-008749-003/2024(H5N1)	752	26
PB1|PP755595.1|A/cattle/Texas/24-008749-003/2024(H5N1)	753	26
PB1|PP755595.1|A/cattle/Texas/24-008749-003/2024(H5N1)	754	26
PB1|PP755595.1|A/cattle/Texas/24-008749-003/2024(H5N1)	755	25
PB1|PP755595.1|A/cattle/Texas/24-008749-003/2024(H5N1)	756	25
PB1|PP755595.1|A/cattle/Texas/24-008749-003/2024(H5N1)	757	24
PB1|PP755595.1|A/cattle/Texas/24-008749-003/2024(H5N1)	758	22
PB1|PP755595.1|A/cattle/Texas/24-008749-003/2024(H5N1)	759	22
PB1|PP755595.1|A/cattle/Texas/24-008749-003/2024(H5N1)	760	22
PB1|PP755595.1|A/cattle/Texas/24-008749-003/2024(H5N1)	761	22
PB1|PP755595.1|A/cattle/Texas/24-008749-003/2024(H5N1)	762	22
PB1|PP755595.1|A/cattle/Texas/24-008749-003/2024(H5N1)	763	22
PB1|PP755595.1|A/cattle/Texas/24-008749-003/2024(H5N1)	764	22
PB1|PP755595.1|A/cattle/Texas/24-008749-003/2024(H5N1)	765	22
PB1|PP755595.1|A/cattle/Texas/24-008749-003/2024(H5N1)	766	22
PB1|PP755595.1|A/cattle/Texas/24-008749-003/2024(H5N1)	767	22
PB1|PP755595.1|A/cattle/Texas/24-008749-003/2024(H5N1)	768	21
PB1|PP755595.1|A/cattle/Texas/24-008749-003/2024(H5N1)	769	21
PB1|PP755595.1|A/cattle/Texas/24-008749-003/2024(H5N1)	770	23
PB1|PP755595.1|A/cattle/Texas/24-008749-003/2024(H5N1)	771	23
PB1|PP755595.1|A/cattle/Texas/24-008749-003/2024(H5N1)	772	23
PB1|PP755595.1|A/cattle/Texas/24-008749-003/2024(H5N1)	773	23
PB1|PP755595.1|A/cattle/Texas/24-008749-003/2024(H5N1)	774	23
PB1|PP755595.1|A/cattle/Texas/24-008749-003/2024(H5N1)	775	23
PB1|PP755595.1|A/cattle/Texas/24-008749-003/2024(H5N1)	776	23
PB1|PP755595.1|A/cattle/Texas/24-008749-003/2024(H5N1)	777	23
PB1|PP755595.1|A/cattle/Texas/24-008749-003/2024(H5N1)	778	23
PB1|PP755595.1|A/cattle/Texas/24-008749-003/2024(H5N1)	779	22
PB1|PP755595.1|A/cattle/Texas/24-008749-003/2024(H5N1)	780	23
PB1|PP755595.1|A/cattle/Texas/24-008749-003/2024(H5N1)	781	22
PB1|PP755595.1|A/cattle/Texas/24-008749-003/2024(H5N1)	782	22
PB1|PP755595.1|A/cattle/Texas/24-008749-003/2024(H5N1)	783	20
PB1|PP755595.1|A/cattle/Texas/24-008749-003/2024(H5N1)	784	20
PB1|PP755595.1|A/cattle/Texas/24-008749-003/2024(H5N1)	785	20
PB1|PP755595.1|A/cattle/Texas/24-008749-003/2024(H5N1)	786	20
PB1|PP755595.1|A/cattle/Texas/24-008749-003/2024(H5N1)	787	20
PB1|PP755595.1|A/cattle/Texas/24-008749-003/2024(H5N1)	788	19
PB1|PP755595.1|A/cattle/Texas/24-008749-003/2024(H5N1)	789	19
PB1|PP755595.1|A/cattle/Texas/24-008749-003/2024(H5N1)	790	19
PB1|PP755595.1|A/cattle/Texas/24-008749-003/2024(H5N1)	791	19
PB1|PP755595.1|A/cattle/Texas/24-008749-003/2024(H5N1)	792	19
PB1|PP755595.1|A/cattle/Texas/24-008749-003/2024(H5N1)	793	19
PB1|PP755595.1|A/cattle/Texas/24-008749-003/2024(H5N1)	794	21
PB1|PP755595.1|A/cattle/Texas/24-008749-003/2024(H5N1)	795	21
PB1|PP755595.1|A/cattle/Texas/24-008749-003/2024(H5N1)	796	21
PB1|PP755595.1|A/cattle/Texas/24-008749-003/2024(H5N1)	797	21
PB1|PP755595.1|A/cattle/Texas/24-008749-003/2024(H5N1)	798	21
PB1|PP755595.1|A/cattle/Texas/24-008749-003/2024(H5N1)	799	21
PB1|PP755595.1|A/cattle/Texas/24-008749-003/2024(H5N1)	800	21
PB1|PP755595.1|A/cattle/Texas/24-008749-003/2024(H5N1)	801	21
PB1|PP755595.1|A/cattle/Texas/24-008749-003/2024(H5N1)	802	21
PB1|PP755595.1|A/cattle/Texas/24-008749-003/2024(H5N1)	803	20
PB1|PP755595.1|A/cattle/Texas/24-008749-003/2024(H5N1)	804	20
PB1|PP755595.1|A/cattle/Texas/24-008749-003/2024(H5N1)	805	19
PB1|PP755595.1|A/cattle/Texas/24-008749-003/2024(H5N1)	806	20
PB1|PP755595.1|A/cattle/Texas/24-008749-003/2024(H5N1)	807	20
PB1|PP755595.1|A/cattle/Texas/24-008749-003/2024(H5N1)	808	20
PB1|PP755595.1|A/cattle/Texas/24-008749-003/2024(H5N1)	809	20
PB1|PP755595.1|A/cattle/Texas/24-008749-003/2024(H5N1)	810	21
PB1|PP755595.1|A/cattle/Texas/24-008749-003/2024(H5N1)	811	21
PB1|PP755595.1|A/cattle/Texas/24-008749-003/2024(H5N1)	812	20
PB1|PP755595.1|A/cattle/Texas/24-008749-003/2024(H5N1)	813	20
PB1|PP755595.1|A/cattle/Texas/24-008749-003/2024(H5N1)	814	20
PB1|PP755595.1|A/cattle/Texas/24-008749-003/2024(H5N1)	815	20
PB1|PP755595.1|A/cattle/Texas/24-008749-003/2024(H5N1)	816	20
PB1|PP755595.1|A/cattle/Texas/24-008749-003/2024(H5N1)	817	20
PB1|PP755595.1|A/cattle/Texas/24-008749-003/2024(H5N1)	818	20
PB1|PP755595.1|A/cattle/Texas/24-008749-003/2024(H5N1)	819	20
PB1|PP755595.1|A/cattle/Texas/24-008749-003/2024(H5N1)	820	19
PB1|PP755595.1|A/cattle/Texas/24-008749-003/2024(H5N1)	821	19
PB1|PP755595.1|A/cattle/Texas/24-008749-003/2024(H5N1)	822	17
PB1|PP755595.1|A/cattle/Texas/24-008749-003/2024(H5N1)	823	17
PB1|PP755595.1|A/cattle/Texas/24-008749-003/2024(H5N1)	824	17
PB1|PP755595.1|A/cattle/Texas/24-008749-003/2024(H5N1)	825	17
PB1|PP755595.1|A/cattle/Texas/24-008749-003/2024(H5N1)	826	15
PB1|PP755595.1|A/cattle/Texas/24-008749-003/2024(H5N1)	827	20
PB1|PP755595.1|A/cattle/Texas/24-008749-003/2024(H5N1)	828	20
PB1|PP755595.1|A/cattle/Texas/24-008749-003/2024(H5N1)	829	20
PB1|PP755595.1|A/cattle/Texas/24-008749-003/2024(H5N1)	830	20
PB1|PP755595.1|A/cattle/Texas/24-008749-003/2024(H5N1)	831	20
PB1|PP755595.1|A/cattle/Texas/24-008749-003/2024(H5N1)	832	20
PB1|PP755595.1|A/cattle/Texas/24-008749-003/2024(H5N1)	833	20
PB1|PP755595.1|A/cattle/Texas/24-008749-003/2024(H5N1)	834	20
PB1|PP755595.1|A/cattle/Texas/24-008749-003/2024(H5N1)	835	20
PB1|PP755595.1|A/cattle/Texas/24-008749-003/2024(H5N1)	836	20
PB1|PP755595.1|A/cattle/Texas/24-008749-003/2024(H5N1)	837	22
PB1|PP755595.1|A/cattle/Texas/24-008749-003/2024(H5N1)	838	22
PB1|PP755595.1|A/cattle/Texas/24-008749-003/2024(H5N1)	839	23
PB1|PP755595.1|A/cattle/Texas/24-008749-003/2024(H5N1)	840	23
PB1|PP755595.1|A/cattle/Texas/24-008749-003/2024(H5N1)	841	23
PB1|PP755595.1|A/cattle/Texas/24-008749-003/2024(H5N1)	842	23
PB1|PP755595.1|A/cattle/Texas/24-008749-003/2024(H5N1)	843	23
PB1|PP755595.1|A/cattle/Texas/24-008749-003/2024(H5N1)	844	23
PB1|PP755595.1|A/cattle/Texas/24-008749-003/2024(H5N1)	845	23
PB1|PP755595.1|A/cattle/Texas/24-008749-003/2024(H5N1)	846	23
PB1|PP755595.1|A/cattle/Texas/24-008749-003/2024(H5N1)	847	23
PB1|PP755595.1|A/cattle/Texas/24-008749-003/2024(H5N1)	848	23
PB1|PP755595.1|A/cattle/Texas/24-008749-003/2024(H5N1)	849	23
PB1|PP755595.1|A/cattle/Texas/24-008749-003/2024(H5N1)	850	23
PB1|PP755595.1|A/cattle/Texas/24-008749-003/2024(H5N1)	851	23
PB1|PP755595.1|A/cattle/Texas/24-008749-003/2024(H5N1)	852	23
PB1|PP755595.1|A/cattle/Texas/24-008749-003/2024(H5N1)	853	23
PB1|PP755595.1|A/cattle/Texas/24-008749-003/2024(H5N1)	854	24
PB1|PP755595.1|A/cattle/Texas/24-008749-003/2024(H5N1)	855	24
PB1|PP755595.1|A/cattle/Texas/24-008749-003/2024(H5N1)	856	24
PB1|PP755595.1|A/cattle/Texas/24-008749-003/2024(H5N1)	857	24
PB1|PP755595.1|A/cattle/Texas/24-008749-003/2024(H5N1)	858	24
PB1|PP755595.1|A/cattle/Texas/24-008749-003/2024(H5N1)	859	24
PB1|PP755595.1|A/cattle/Texas/24-008749-003/2024(H5N1)	860	24
PB1|PP755595.1|A/cattle/Texas/24-008749-003/2024(H5N1)	861	24
PB1|PP755595.1|A/cattle/Texas/24-008749-003/2024(H5N1)	862	24
PB1|PP755595.1|A/cattle/Texas/24-008749-003/2024(H5N1)	863	24
PB1|PP755595.1|A/cattle/Texas/24-008749-003/2024(H5N1)	864	24
PB1|PP755595.1|A/cattle/Texas/24-008749-003/2024(H5N1)	865	26
PB1|PP755595.1|A/cattle/Texas/24-008749-003/2024(H5N1)	866	26
PB1|PP755595.1|A/cattle/Texas/24-008749-003/2024(H5N1)	867	26
PB1|PP755595.1|A/cattle/Texas/24-008749-003/2024(H5N1)	868	26
PB1|PP755595.1|A/cattle/Texas/24-008749-003/2024(H5N1)	869	26
PB1|PP755595.1|A/cattle/Texas/24-008749-003/2024(H5N1)	870	26
PB1|PP755595.1|A/cattle/Texas/24-008749-003/2024(H5N1)	871	26
PB1|PP755595.1|A/cattle/Texas/24-008749-003/2024(H5N1)	872	26
PB1|PP755595.1|A/cattle/Texas/24-008749-003/2024(H5N1)	873	26
PB1|PP755595.1|A/cattle/Texas/24-008749-003/2024(H5N1)	874	26
PB1|PP755595.1|A/cattle/Texas/24-008749-003/2024(H5N1)	875	26
PB1|PP755595.1|A/cattle/Texas/24-008749-003/2024(H5N1)	876	26
PB1|PP755595.1|A/cattle/Texas/24-008749-003/2024(H5N1)	877	26
PB1|PP755595.1|A/cattle/Texas/24-008749-003/2024(H5N1)	878	26
PB1|PP755595.1|A/cattle/Texas/24-008749-003/2024(H5N1)	879	26
PB1|PP755595.1|A/cattle/Texas/24-008749-003/2024(H5N1)	880	26
PB1|PP755595.1|A/cattle/Texas/24-008749-003/2024(H5N1)	881	26
PB1|PP755595.1|A/cattle/Texas/24-008749-003/2024(H5N1)	882	26
PB1|PP755595.1|A/cattle/Texas/24-008749-003/2024(H5N1)	883	26
PB1|PP755595.1|A/cattle/Texas/24-008749-003/2024(H5N1)	884	28
PB1|PP755595.1|A/cattle/Texas/24-008749-003/2024(H5N1)	885	28
PB1|PP755595.1|A/cattle/Texas/24-008749-003/2024(H5N1)	886	28
PB1|PP755595.1|A/cattle/Texas/24-008749-003/2024(H5N1)	887	28
PB1|PP755595.1|A/cattle/Texas/24-008749-003/2024(H5N1)	888	28
PB1|PP755595.1|A/cattle/Texas/24-008749-003/2024(H5N1)	889	28
PB1|PP755595.1|A/cattle/Texas/24-008749-003/2024(H5N1)	890	28
PB1|PP755595.1|A/cattle/Texas/24-008749-003/2024(H5N1)	891	28
PB1|PP755595.1|A/cattle/Texas/24-008749-003/2024(H5N1)	892	27
PB1|PP755595.1|A/cattle/Texas/24-008749-003/2024(H5N1)	893	27
PB1|PP755595.1|A/cattle/Texas/24-008749-003/2024(H5N1)	894	27
PB1|PP755595.1|A/cattle/Texas/24-008749-003/2024(H5N1)	895	27
PB1|PP755595.1|A/cattle/Texas/24-008749-003/2024(H5N1)	896	27
PB1|PP755595.1|A/cattle/Texas/24-008749-003/2024(H5N1)	897	27
PB1|PP755595.1|A/cattle/Texas/24-008749-003/2024(H5N1)	898	26
PB1|PP755595.1|A/cattle/Texas/24-008749-003/2024(H5N1)	899	25
PB1|PP755595.1|A/cattle/Texas/24-008749-003/2024(H5N1)	900	23
PB1|PP755595.1|A/cattle/Texas/24-008749-003/2024(H5N1)	901	23
PB1|PP755595.1|A/cattle/Texas/24-008749-003/2024(H5N1)	902	23
PB1|PP755595.1|A/cattle/Texas/24-008749-003/2024(H5N1)	903	23
PB1|PP755595.1|A/cattle/Texas/24-008749-003/2024(H5N1)	904	23
PB1|PP755595.1|A/cattle/Texas/24-008749-003/2024(H5N1)	905	23
PB1|PP755595.1|A/cattle/Texas/24-008749-003/2024(H5N1)	906	23
PB1|PP755595.1|A/cattle/Texas/24-008749-003/2024(H5N1)	907	23
PB1|PP755595.1|A/cattle/Texas/24-008749-003/2024(H5N1)	908	23
PB1|PP755595.1|A/cattle/Texas/24-008749-003/2024(H5N1)	909	23
PB1|PP755595.1|A/cattle/Texas/24-008749-003/2024(H5N1)	910	23
PB1|PP755595.1|A/cattle/Texas/24-008749-003/2024(H5N1)	911	24
PB1|PP755595.1|A/cattle/Texas/24-008749-003/2024(H5N1)	912	25
PB1|PP755595.1|A/cattle/Texas/24-008749-003/2024(H5N1)	913	25
PB1|PP755595.1|A/cattle/Texas/24-008749-003/2024(H5N1)	914	25
PB1|PP755595.1|A/cattle/Texas/24-008749-003/2024(H5N1)	915	25
PB1|PP755595.1|A/cattle/Texas/24-008749-003/2024(H5N1)	916	25
PB1|PP755595.1|A/cattle/Texas/24-008749-003/2024(H5N1)	917	25
PB1|PP755595.1|A/cattle/Texas/24-008749-003/2024(H5N1)	918	26
PB1|PP755595.1|A/cattle/Texas/24-008749-003/2024(H5N1)	919	26
PB1|PP755595.1|A/cattle/Texas/24-008749-003/2024(H5N1)	920	25
PB1|PP755595.1|A/cattle/Texas/24-008749-003/2024(H5N1)	921	24
PB1|PP755595.1|A/cattle/Texas/24-008749-003/2024(H5N1)	922	24
PB1|PP755595.1|A/cattle/Texas/24-008749-003/2024(H5N1)	923	23
PB1|PP755595.1|A/cattle/Texas/24-008749-003/2024(H5N1)	924	23
PB1|PP755595.1|A/cattle/Texas/24-008749-003/2024(H5N1)	925	23
PB1|PP755595.1|A/cattle/Texas/24-008749-003/2024(H5N1)	926	23
PB1|PP755595.1|A/cattle/Texas/24-008749-003/2024(H5N1)	927	23
PB1|PP755595.1|A/cattle/Texas/24-008749-003/2024(H5N1)	928	23
PB1|PP755595.1|A/cattle/Texas/24-008749-003/2024(H5N1)	929	23
PB1|PP755595.1|A/cattle/Texas/24-008749-003/2024(H5N1)	930	23
PB1|PP755595.1|A/cattle/Texas/24-008749-003/2024(H5N1)	931	22
PB1|PP755595.1|A/cattle/Texas/24-008749-003/2024(H5N1)	932	22
PB1|PP755595.1|A/cattle/Texas/24-008749-003/2024(H5N1)	933	22
PB1|PP755595.1|A/cattle/Texas/24-008749-003/2024(H5N1)	934	22
PB1|PP755595.1|A/cattle/Texas/24-008749-003/2024(H5N1)	935	22
PB1|PP755595.1|A/cattle/Texas/24-008749-003/2024(H5N1)	936	22
PB1|PP755595.1|A/cattle/Texas/24-008749-003/2024(H5N1)	937	22
PB1|PP755595.1|A/cattle/Texas/24-008749-003/2024(H5N1)	938	22
PB1|PP755595.1|A/cattle/Texas/24-008749-003/2024(H5N1)	939	22
PB1|PP755595.1|A/cattle/Texas/24-008749-003/2024(H5N1)	940	22
PB1|PP755595.1|A/cattle/Texas/24-008749-003/2024(H5N1)	941	23
PB1|PP755595.1|A/cattle/Texas/24-008749-003/2024(H5N1)	942	24
PB1|PP755595.1|A/cattle/Texas/24-008749-003/2024(H5N1)	943	24
PB1|PP755595.1|A/cattle/Texas/24-008749-003/2024(H5N1)	944	22
PB1|PP755595.1|A/cattle/Texas/24-008749-003/2024(H5N1)	945	22
PB1|PP755595.1|A/cattle/Texas/24-008749-003/2024(H5N1)	946	22
PB1|PP755595.1|A/cattle/Texas/24-008749-003/2024(H5N1)	947	22
PB1|PP755595.1|A/cattle/Texas/24-008749-003/2024(H5N1)	948	25
PB1|PP755595.1|A/cattle/Texas/24-008749-003/2024(H5N1)	949	25
PB1|PP755595.1|A/cattle/Texas/24-008749-003/2024(H5N1)	950	25
PB1|PP755595.1|A/cattle/Texas/24-008749-003/2024(H5N1)	951	25
PB1|PP755595.1|A/cattle/Texas/24-008749-003/2024(H5N1)	952	25
PB1|PP755595.1|A/cattle/Texas/24-008749-003/2024(H5N1)	953	25
PB1|PP755595.1|A/cattle/Texas/24-008749-003/2024(H5N1)	954	25
PB1|PP755595.1|A/cattle/Texas/24-008749-003/2024(H5N1)	955	26
PB1|PP755595.1|A/cattle/Texas/24-008749-003/2024(H5N1)	956	26
PB1|PP755595.1|A/cattle/Texas/24-008749-003/2024(H5N1)	957	26
PB1|PP755595.1|A/cattle/Texas/24-008749-003/2024(H5N1)	958	26
PB1|PP755595.1|A/cattle/Texas/24-008749-003/2024(H5N1)	959	26
PB1|PP755595.1|A/cattle/Texas/24-008749-003/2024(H5N1)	960	25
PB1|PP755595.1|A/cattle/Texas/24-008749-003/2024(H5N1)	961	25
PB1|PP755595.1|A/cattle/Texas/24-008749-003/2024(H5N1)	962	25
PB1|PP755595.1|A/cattle/Texas/24-008749-003/2024(H5N1)	963	25
PB1|PP755595.1|A/cattle/Texas/24-008749-003/2024(H5N1)	964	25
PB1|PP755595.1|A/cattle/Texas/24-008749-003/2024(H5N1)	965	25
PB1|PP755595.1|A/cattle/Texas/24-008749-003/2024(H5N1)	966	25
PB1|PP755595.1|A/cattle/Texas/24-008749-003/2024(H5N1)	967	25
PB1|PP755595.1|A/cattle/Texas/24-008749-003/2024(H5N1)	968	26
PB1|PP755595.1|A/cattle/Texas/24-008749-003/2024(H5N1)	969	26
PB1|PP755595.1|A/cattle/Texas/24-008749-003/2024(H5N1)	970	26
PB1|PP755595.1|A/cattle/Texas/24-008749-003/2024(H5N1)	971	26
PB1|PP755595.1|A/cattle/Texas/24-008749-003/2024(H5N1)	972	26
PB1|PP755595.1|A/cattle/Texas/24-008749-003/2024(H5N1)	973	26
PB1|PP755595.1|A/cattle/Texas/24-008749-003/2024(H5N1)	974	26
PB1|PP755595.1|A/cattle/Texas/24-008749-003/2024(H5N1)	975	26
PB1|PP755595.1|A/cattle/Texas/24-008749-003/2024(H5N1)	976	26
PB1|PP755595.1|A/cattle/Texas/24-008749-003/2024(H5N1)	977	25
PB1|PP755595.1|A/cattle/Texas/24-008749-003/2024(H5N1)	978	21
PB1|PP755595.1|A/cattle/Texas/24-008749-003/2024(H5N1)	979	21
PB1|PP755595.1|A/cattle/Texas/24-008749-003/2024(H5N1)	980	21
PB1|PP755595.1|A/cattle/Texas/24-008749-003/2024(H5N1)	981	21
PB1|PP755595.1|A/cattle/Texas/24-008749-003/2024(H5N1)	982	21
PB1|PP755595.1|A/cattle/Texas/24-008749-003/2024(H5N1)	983	21
PB1|PP755595.1|A/cattle/Texas/24-008749-003/2024(H5N1)	984	21
PB1|PP755595.1|A/cattle/Texas/24-008749-003/2024(H5N1)	985	21
PB1|PP755595.1|A/cattle/Texas/24-008749-003/2024(H5N1)	986	23
PB1|PP755595.1|A/cattle/Texas/24-008749-003/2024(H5N1)	987	23
PB1|PP755595.1|A/cattle/Texas/24-008749-003/2024(H5N1)	988	22
PB1|PP755595.1|A/cattle/Texas/24-008749-003/2024(H5N1)	989	22
PB1|PP755595.1|A/cattle/Texas/24-008749-003/2024(H5N1)	990	21
PB1|PP755595.1|A/cattle/Texas/24-008749-003/2024(H5N1)	991	23
PB1|PP755595.1|A/cattle/Texas/24-008749-003/2024(H5N1)	992	23
PB1|PP755595.1|A/cattle/Texas/24-008749-003/2024(H5N1)	993	23
PB1|PP755595.1|A/cattle/Texas/24-008749-003/2024(H5N1)	994	23
PB1|PP755595.1|A/cattle/Texas/24-008749-003/2024(H5N1)	995	23
PB1|PP755595.1|A/cattle/Texas/24-008749-003/2024(H5N1)	996	24
PB1|PP755595.1|A/cattle/Texas/24-008749-003/2024(H5N1)	997	24
PB1|PP755595.1|A/cattle/Texas/24-008749-003/2024(H5N1)	998	24
PB1|PP755595.1|A/cattle/Texas/24-008749-003/2024(H5N1)	999	24
PB1|PP755595.1|A/cattle/Texas/24-008749-003/2024(H5N1)	1000	24
PB1|PP755595.1|A/cattle/Texas/24-008749-003/2024(H5N1)	1001	25
PB1|PP755595.1|A/cattle/Texas/24-008749-003/2024(H5N1)	1002	26
PB1|PP755595.1|A/cattle/Texas/24-008749-003/2024(H5N1)	1003	26
PB1|PP755595.1|A/cattle/Texas/24-008749-003/2024(H5N1)	1004	26
PB1|PP755595.1|A/cattle/Texas/24-008749-003/2024(H5N1)	1005	27
PB1|PP755595.1|A/cattle/Texas/24-008749-003/2024(H5N1)	1006	27
PB1|PP755595.1|A/cattle/Texas/24-008749-003/2024(H5N1)	1007	27
PB1|PP755595.1|A/cattle/Texas/24-008749-003/2024(H5N1)	1008	27
PB1|PP755595.1|A/cattle/Texas/24-008749-003/2024(H5N1)	1009	27
PB1|PP755595.1|A/cattle/Texas/24-008749-003/2024(H5N1)	1010	27
PB1|PP755595.1|A/cattle/Texas/24-008749-003/2024(H5N1)	1011	27
PB1|PP755595.1|A/cattle/Texas/24-008749-003/2024(H5N1)	1012	27
PB1|PP755595.1|A/cattle/Texas/24-008749-003/2024(H5N1)	1013	27
PB1|PP755595.1|A/cattle/Texas/24-008749-003/2024(H5N1)	1014	27
PB1|PP755595.1|A/cattle/Texas/24-008749-003/2024(H5N1)	1015	25
PB1|PP755595.1|A/cattle/Texas/24-008749-003/2024(H5N1)	1016	25
PB1|PP755595.1|A/cattle/Texas/24-008749-003/2024(H5N1)	1017	25
PB1|PP755595.1|A/cattle/Texas/24-008749-003/2024(H5N1)	1018	29
PB1|PP755595.1|A/cattle/Texas/24-008749-003/2024(H5N1)	1019	29
PB1|PP755595.1|A/cattle/Texas/24-008749-003/2024(H5N1)	1020	29
PB1|PP755595.1|A/cattle/Texas/24-008749-003/2024(H5N1)	1021	31
PB1|PP755595.1|A/cattle/Texas/24-008749-003/2024(H5N1)	1022	31
PB1|PP755595.1|A/cattle/Texas/24-008749-003/2024(H5N1)	1023	31
PB1|PP755595.1|A/cattle/Texas/24-008749-003/2024(H5N1)	1024	31
PB1|PP755595.1|A/cattle/Texas/24-008749-003/2024(H5N1)	1025	31
PB1|PP755595.1|A/cattle/Texas/24-008749-003/2024(H5N1)	1026	31
PB1|PP755595.1|A/cattle/Texas/24-008749-003/2024(H5N1)	1027	31
PB1|PP755595.1|A/cattle/Texas/24-008749-003/2024(H5N1)	1028	31
PB1|PP755595.1|A/cattle/Texas/24-008749-003/2024(H5N1)	1029	31
PB1|PP755595.1|A/cattle/Texas/24-008749-003/2024(H5N1)	1030	29
PB1|PP755595.1|A/cattle/Texas/24-008749-003/2024(H5N1)	1031	30
PB1|PP755595.1|A/cattle/Texas/24-008749-003/2024(H5N1)	1032	30
PB1|PP755595.1|A/cattle/Texas/24-008749-003/2024(H5N1)	1033	30
PB1|PP755595.1|A/cattle/Texas/24-008749-003/2024(H5N1)	1034	28
PB1|PP755595.1|A/cattle/Texas/24-008749-003/2024(H5N1)	1035	28
PB1|PP755595.1|A/cattle/Texas/24-008749-003/2024(H5N1)	1036	28
PB1|PP755595.1|A/cattle/Texas/24-008749-003/2024(H5N1)	1037	28
PB1|PP755595.1|A/cattle/Texas/24-008749-003/2024(H5N1)	1038	28
PB1|PP755595.1|A/cattle/Texas/24-008749-003/2024(H5N1)	1039	28
PB1|PP755595.1|A/cattle/Texas/24-008749-003/2024(H5N1)	1040	28
PB1|PP755595.1|A/cattle/Texas/24-008749-003/2024(H5N1)	1041	28
PB1|PP755595.1|A/cattle/Texas/24-008749-003/2024(H5N1)	1042	29
PB1|PP755595.1|A/cattle/Texas/24-008749-003/2024(H5N1)	1043	29
PB1|PP755595.1|A/cattle/Texas/24-008749-003/2024(H5N1)	1044	29
PB1|PP755595.1|A/cattle/Texas/24-008749-003/2024(H5N1)	1045	29
PB1|PP755595.1|A/cattle/Texas/24-008749-003/2024(H5N1)	1046	30
PB1|PP755595.1|A/cattle/Texas/24-008749-003/2024(H5N1)	1047	30
PB1|PP755595.1|A/cattle/Texas/24-008749-003/2024(H5N1)	1048	30
PB1|PP755595.1|A/cattle/Texas/24-008749-003/2024(H5N1)	1049	30
PB1|PP755595.1|A/cattle/Texas/24-008749-003/2024(H5N1)	1050	31
PB1|PP755595.1|A/cattle/Texas/24-008749-003/2024(H5N1)	1051	31
PB1|PP755595.1|A/cattle/Texas/24-008749-003/2024(H5N1)	1052	31
PB1|PP755595.1|A/cattle/Texas/24-008749-003/2024(H5N1)	1053	31
PB1|PP755595.1|A/cattle/Texas/24-008749-003/2024(H5N1)	1054	31
PB1|PP755595.1|A/cattle/Texas/24-008749-003/2024(H5N1)	1055	31
PB1|PP755595.1|A/cattle/Texas/24-008749-003/2024(H5N1)	1056	31
PB1|PP755595.1|A/cattle/Texas/24-008749-003/2024(H5N1)	1057	31
PB1|PP755595.1|A/cattle/Texas/24-008749-003/2024(H5N1)	1058	30
PB1|PP755595.1|A/cattle/Texas/24-008749-003/2024(H5N1)	1059	30
PB1|PP755595.1|A/cattle/Texas/24-008749-003/2024(H5N1)	1060	30
PB1|PP755595.1|A/cattle/Texas/24-008749-003/2024(H5N1)	1061	30
PB1|PP755595.1|A/cattle/Texas/24-008749-003/2024(H5N1)	1062	30
PB1|PP755595.1|A/cattle/Texas/24-008749-003/2024(H5N1)	1063	30
PB1|PP755595.1|A/cattle/Texas/24-008749-003/2024(H5N1)	1064	30
PB1|PP755595.1|A/cattle/Texas/24-008749-003/2024(H5N1)	1065	30
PB1|PP755595.1|A/cattle/Texas/24-008749-003/2024(H5N1)	1066	30
PB1|PP755595.1|A/cattle/Texas/24-008749-003/2024(H5N1)	1067	30
PB1|PP755595.1|A/cattle/Texas/24-008749-003/2024(H5N1)	1068	30
PB1|PP755595.1|A/cattle/Texas/24-008749-003/2024(H5N1)	1069	30
PB1|PP755595.1|A/cattle/Texas/24-008749-003/2024(H5N1)	1070	30
PB1|PP755595.1|A/cattle/Texas/24-008749-003/2024(H5N1)	1071	30
PB1|PP755595.1|A/cattle/Texas/24-008749-003/2024(H5N1)	1072	30
PB1|PP755595.1|A/cattle/Texas/24-008749-003/2024(H5N1)	1073	30
PB1|PP755595.1|A/cattle/Texas/24-008749-003/2024(H5N1)	1074	30
PB1|PP755595.1|A/cattle/Texas/24-008749-003/2024(H5N1)	1075	30
PB1|PP755595.1|A/cattle/Texas/24-008749-003/2024(H5N1)	1076	31
PB1|PP755595.1|A/cattle/Texas/24-008749-003/2024(H5N1)	1077	31
PB1|PP755595.1|A/cattle/Texas/24-008749-003/2024(H5N1)	1078	32
PB1|PP755595.1|A/cattle/Texas/24-008749-003/2024(H5N1)	1079	32
PB1|PP755595.1|A/cattle/Texas/24-008749-003/2024(H5N1)	1080	32
PB1|PP755595.1|A/cattle/Texas/24-008749-003/2024(H5N1)	1081	32
PB1|PP755595.1|A/cattle/Texas/24-008749-003/2024(H5N1)	1082	33
PB1|PP755595.1|A/cattle/Texas/24-008749-003/2024(H5N1)	1083	34
PB1|PP755595.1|A/cattle/Texas/24-008749-003/2024(H5N1)	1084	34
PB1|PP755595.1|A/cattle/Texas/24-008749-003/2024(H5N1)	1085	35
PB1|PP755595.1|A/cattle/Texas/24-008749-003/2024(H5N1)	1086	35
PB1|PP755595.1|A/cattle/Texas/24-008749-003/2024(H5N1)	1087	35
PB1|PP755595.1|A/cattle/Texas/24-008749-003/2024(H5N1)	1088	35
PB1|PP755595.1|A/cattle/Texas/24-008749-003/2024(H5N1)	1089	35
PB1|PP755595.1|A/cattle/Texas/24-008749-003/2024(H5N1)	1090	34
PB1|PP755595.1|A/cattle/Texas/24-008749-003/2024(H5N1)	1091	36
PB1|PP755595.1|A/cattle/Texas/24-008749-003/2024(H5N1)	1092	36
PB1|PP755595.1|A/cattle/Texas/24-008749-003/2024(H5N1)	1093	35
PB1|PP755595.1|A/cattle/Texas/24-008749-003/2024(H5N1)	1094	35
PB1|PP755595.1|A/cattle/Texas/24-008749-003/2024(H5N1)	1095	35
PB1|PP755595.1|A/cattle/Texas/24-008749-003/2024(H5N1)	1096	35
PB1|PP755595.1|A/cattle/Texas/24-008749-003/2024(H5N1)	1097	35
PB1|PP755595.1|A/cattle/Texas/24-008749-003/2024(H5N1)	1098	32
PB1|PP755595.1|A/cattle/Texas/24-008749-003/2024(H5N1)	1099	32
PB1|PP755595.1|A/cattle/Texas/24-008749-003/2024(H5N1)	1100	34
PB1|PP755595.1|A/cattle/Texas/24-008749-003/2024(H5N1)	1101	34
PB1|PP755595.1|A/cattle/Texas/24-008749-003/2024(H5N1)	1102	34
PB1|PP755595.1|A/cattle/Texas/24-008749-003/2024(H5N1)	1103	34
PB1|PP755595.1|A/cattle/Texas/24-008749-003/2024(H5N1)	1104	34
PB1|PP755595.1|A/cattle/Texas/24-008749-003/2024(H5N1)	1105	35
PB1|PP755595.1|A/cattle/Texas/24-008749-003/2024(H5N1)	1106	33
PB1|PP755595.1|A/cattle/Texas/24-008749-003/2024(H5N1)	1107	33
PB1|PP755595.1|A/cattle/Texas/24-008749-003/2024(H5N1)	1108	34
PB1|PP755595.1|A/cattle/Texas/24-008749-003/2024(H5N1)	1109	34
PB1|PP755595.1|A/cattle/Texas/24-008749-003/2024(H5N1)	1110	34
PB1|PP755595.1|A/cattle/Texas/24-008749-003/2024(H5N1)	1111	34
PB1|PP755595.1|A/cattle/Texas/24-008749-003/2024(H5N1)	1112	34
PB1|PP755595.1|A/cattle/Texas/24-008749-003/2024(H5N1)	1113	34
PB1|PP755595.1|A/cattle/Texas/24-008749-003/2024(H5N1)	1114	34
PB1|PP755595.1|A/cattle/Texas/24-008749-003/2024(H5N1)	1115	34
PB1|PP755595.1|A/cattle/Texas/24-008749-003/2024(H5N1)	1116	34
PB1|PP755595.1|A/cattle/Texas/24-008749-003/2024(H5N1)	1117	33
PB1|PP755595.1|A/cattle/Texas/24-008749-003/2024(H5N1)	1118	33
PB1|PP755595.1|A/cattle/Texas/24-008749-003/2024(H5N1)	1119	33
PB1|PP755595.1|A/cattle/Texas/24-008749-003/2024(H5N1)	1120	33
PB1|PP755595.1|A/cattle/Texas/24-008749-003/2024(H5N1)	1121	33
PB1|PP755595.1|A/cattle/Texas/24-008749-003/2024(H5N1)	1122	33
PB1|PP755595.1|A/cattle/Texas/24-008749-003/2024(H5N1)	1123	33
PB1|PP755595.1|A/cattle/Texas/24-008749-003/2024(H5N1)	1124	33
PB1|PP755595.1|A/cattle/Texas/24-008749-003/2024(H5N1)	1125	33
PB1|PP755595.1|A/cattle/Texas/24-008749-003/2024(H5N1)	1126	34
PB1|PP755595.1|A/cattle/Texas/24-008749-003/2024(H5N1)	1127	35
PB1|PP755595.1|A/cattle/Texas/24-008749-003/2024(H5N1)	1128	35
PB1|PP755595.1|A/cattle/Texas/24-008749-003/2024(H5N1)	1129	36
PB1|PP755595.1|A/cattle/Texas/24-008749-003/2024(H5N1)	1130	36
PB1|PP755595.1|A/cattle/Texas/24-008749-003/2024(H5N1)	1131	36
PB1|PP755595.1|A/cattle/Texas/24-008749-003/2024(H5N1)	1132	36
PB1|PP755595.1|A/cattle/Texas/24-008749-003/2024(H5N1)	1133	36
PB1|PP755595.1|A/cattle/Texas/24-008749-003/2024(H5N1)	1134	35
PB1|PP755595.1|A/cattle/Texas/24-008749-003/2024(H5N1)	1135	35
PB1|PP755595.1|A/cattle/Texas/24-008749-003/2024(H5N1)	1136	35
PB1|PP755595.1|A/cattle/Texas/24-008749-003/2024(H5N1)	1137	33
PB1|PP755595.1|A/cattle/Texas/24-008749-003/2024(H5N1)	1138	33
PB1|PP755595.1|A/cattle/Texas/24-008749-003/2024(H5N1)	1139	33
PB1|PP755595.1|A/cattle/Texas/24-008749-003/2024(H5N1)	1140	31
PB1|PP755595.1|A/cattle/Texas/24-008749-003/2024(H5N1)	1141	31
PB1|PP755595.1|A/cattle/Texas/24-008749-003/2024(H5N1)	1142	31
PB1|PP755595.1|A/cattle/Texas/24-008749-003/2024(H5N1)	1143	31
PB1|PP755595.1|A/cattle/Texas/24-008749-003/2024(H5N1)	1144	31
PB1|PP755595.1|A/cattle/Texas/24-008749-003/2024(H5N1)	1145	33
PB1|PP755595.1|A/cattle/Texas/24-008749-003/2024(H5N1)	1146	32
PB1|PP755595.1|A/cattle/Texas/24-008749-003/2024(H5N1)	1147	32
PB1|PP755595.1|A/cattle/Texas/24-008749-003/2024(H5N1)	1148	32
PB1|PP755595.1|A/cattle/Texas/24-008749-003/2024(H5N1)	1149	35
PB1|PP755595.1|A/cattle/Texas/24-008749-003/2024(H5N1)	1150	35
PB1|PP755595.1|A/cattle/Texas/24-008749-003/2024(H5N1)	1151	34
PB1|PP755595.1|A/cattle/Texas/24-008749-003/2024(H5N1)	1152	34
PB1|PP755595.1|A/cattle/Texas/24-008749-003/2024(H5N1)	1153	34
PB1|PP755595.1|A/cattle/Texas/24-008749-003/2024(H5N1)	1154	34
PB1|PP755595.1|A/cattle/Texas/24-008749-003/2024(H5N1)	1155	34
PB1|PP755595.1|A/cattle/Texas/24-008749-003/2024(H5N1)	1156	32
PB1|PP755595.1|A/cattle/Texas/24-008749-003/2024(H5N1)	1157	32
PB1|PP755595.1|A/cattle/Texas/24-008749-003/2024(H5N1)	1158	32
PB1|PP755595.1|A/cattle/Texas/24-008749-003/2024(H5N1)	1159	32
PB1|PP755595.1|A/cattle/Texas/24-008749-003/2024(H5N1)	1160	32
PB1|PP755595.1|A/cattle/Texas/24-008749-003/2024(H5N1)	1161	32
PB1|PP755595.1|A/cattle/Texas/24-008749-003/2024(H5N1)	1162	32
PB1|PP755595.1|A/cattle/Texas/24-008749-003/2024(H5N1)	1163	32
PB1|PP755595.1|A/cattle/Texas/24-008749-003/2024(H5N1)	1164	32
PB1|PP755595.1|A/cattle/Texas/24-008749-003/2024(H5N1)	1165	32
PB1|PP755595.1|A/cattle/Texas/24-008749-003/2024(H5N1)	1166	32
PB1|PP755595.1|A/cattle/Texas/24-008749-003/2024(H5N1)	1167	32
PB1|PP755595.1|A/cattle/Texas/24-008749-003/2024(H5N1)	1168	32
PB1|PP755595.1|A/cattle/Texas/24-008749-003/2024(H5N1)	1169	28
PB1|PP755595.1|A/cattle/Texas/24-008749-003/2024(H5N1)	1170	28
PB1|PP755595.1|A/cattle/Texas/24-008749-003/2024(H5N1)	1171	28
PB1|PP755595.1|A/cattle/Texas/24-008749-003/2024(H5N1)	1172	28
PB1|PP755595.1|A/cattle/Texas/24-008749-003/2024(H5N1)	1173	31
PB1|PP755595.1|A/cattle/Texas/24-008749-003/2024(H5N1)	1174	31
PB1|PP755595.1|A/cattle/Texas/24-008749-003/2024(H5N1)	1175	31
PB1|PP755595.1|A/cattle/Texas/24-008749-003/2024(H5N1)	1176	31
PB1|PP755595.1|A/cattle/Texas/24-008749-003/2024(H5N1)	1177	31
PB1|PP755595.1|A/cattle/Texas/24-008749-003/2024(H5N1)	1178	30
PB1|PP755595.1|A/cattle/Texas/24-008749-003/2024(H5N1)	1179	31
PB1|PP755595.1|A/cattle/Texas/24-008749-003/2024(H5N1)	1180	34
PB1|PP755595.1|A/cattle/Texas/24-008749-003/2024(H5N1)	1181	35
PB1|PP755595.1|A/cattle/Texas/24-008749-003/2024(H5N1)	1182	35
PB1|PP755595.1|A/cattle/Texas/24-008749-003/2024(H5N1)	1183	35
PB1|PP755595.1|A/cattle/Texas/24-008749-003/2024(H5N1)	1184	35
PB1|PP755595.1|A/cattle/Texas/24-008749-003/2024(H5N1)	1185	35
PB1|PP755595.1|A/cattle/Texas/24-008749-003/2024(H5N1)	1186	35
PB1|PP755595.1|A/cattle/Texas/24-008749-003/2024(H5N1)	1187	35
PB1|PP755595.1|A/cattle/Texas/24-008749-003/2024(H5N1)	1188	35
PB1|PP755595.1|A/cattle/Texas/24-008749-003/2024(H5N1)	1189	35
PB1|PP755595.1|A/cattle/Texas/24-008749-003/2024(H5N1)	1190	35
PB1|PP755595.1|A/cattle/Texas/24-008749-003/2024(H5N1)	1191	36
PB1|PP755595.1|A/cattle/Texas/24-008749-003/2024(H5N1)	1192	36
PB1|PP755595.1|A/cattle/Texas/24-008749-003/2024(H5N1)	1193	35
PB1|PP755595.1|A/cattle/Texas/24-008749-003/2024(H5N1)	1194	35
PB1|PP755595.1|A/cattle/Texas/24-008749-003/2024(H5N1)	1195	35
PB1|PP755595.1|A/cattle/Texas/24-008749-003/2024(H5N1)	1196	36
PB1|PP755595.1|A/cattle/Texas/24-008749-003/2024(H5N1)	1197	35
PB1|PP755595.1|A/cattle/Texas/24-008749-003/2024(H5N1)	1198	35
PB1|PP755595.1|A/cattle/Texas/24-008749-003/2024(H5N1)	1199	35
PB1|PP755595.1|A/cattle/Texas/24-008749-003/2024(H5N1)	1200	34
PB1|PP755595.1|A/cattle/Texas/24-008749-003/2024(H5N1)	1201	34
PB1|PP755595.1|A/cattle/Texas/24-008749-003/2024(H5N1)	1202	34
PB1|PP755595.1|A/cattle/Texas/24-008749-003/2024(H5N1)	1203	35
PB1|PP755595.1|A/cattle/Texas/24-008749-003/2024(H5N1)	1204	35
PB1|PP755595.1|A/cattle/Texas/24-008749-003/2024(H5N1)	1205	35
PB1|PP755595.1|A/cattle/Texas/24-008749-003/2024(H5N1)	1206	35
PB1|PP755595.1|A/cattle/Texas/24-008749-003/2024(H5N1)	1207	35
PB1|PP755595.1|A/cattle/Texas/24-008749-003/2024(H5N1)	1208	35
PB1|PP755595.1|A/cattle/Texas/24-008749-003/2024(H5N1)	1209	35
PB1|PP755595.1|A/cattle/Texas/24-008749-003/2024(H5N1)	1210	35
PB1|PP755595.1|A/cattle/Texas/24-008749-003/2024(H5N1)	1211	37
PB1|PP755595.1|A/cattle/Texas/24-008749-003/2024(H5N1)	1212	38
PB1|PP755595.1|A/cattle/Texas/24-008749-003/2024(H5N1)	1213	38
PB1|PP755595.1|A/cattle/Texas/24-008749-003/2024(H5N1)	1214	37
PB1|PP755595.1|A/cattle/Texas/24-008749-003/2024(H5N1)	1215	38
PB1|PP755595.1|A/cattle/Texas/24-008749-003/2024(H5N1)	1216	41
PB1|PP755595.1|A/cattle/Texas/24-008749-003/2024(H5N1)	1217	41
PB1|PP755595.1|A/cattle/Texas/24-008749-003/2024(H5N1)	1218	41
PB1|PP755595.1|A/cattle/Texas/24-008749-003/2024(H5N1)	1219	41
PB1|PP755595.1|A/cattle/Texas/24-008749-003/2024(H5N1)	1220	40
PB1|PP755595.1|A/cattle/Texas/24-008749-003/2024(H5N1)	1221	42
PB1|PP755595.1|A/cattle/Texas/24-008749-003/2024(H5N1)	1222	42
PB1|PP755595.1|A/cattle/Texas/24-008749-003/2024(H5N1)	1223	42
PB1|PP755595.1|A/cattle/Texas/24-008749-003/2024(H5N1)	1224	42
PB1|PP755595.1|A/cattle/Texas/24-008749-003/2024(H5N1)	1225	41
PB1|PP755595.1|A/cattle/Texas/24-008749-003/2024(H5N1)	1226	41
PB1|PP755595.1|A/cattle/Texas/24-008749-003/2024(H5N1)	1227	40
PB1|PP755595.1|A/cattle/Texas/24-008749-003/2024(H5N1)	1228	40
PB1|PP755595.1|A/cattle/Texas/24-008749-003/2024(H5N1)	1229	41
PB1|PP755595.1|A/cattle/Texas/24-008749-003/2024(H5N1)	1230	41
PB1|PP755595.1|A/cattle/Texas/24-008749-003/2024(H5N1)	1231	41
PB1|PP755595.1|A/cattle/Texas/24-008749-003/2024(H5N1)	1232	43
PB1|PP755595.1|A/cattle/Texas/24-008749-003/2024(H5N1)	1233	42
PB1|PP755595.1|A/cattle/Texas/24-008749-003/2024(H5N1)	1234	41
PB1|PP755595.1|A/cattle/Texas/24-008749-003/2024(H5N1)	1235	41
PB1|PP755595.1|A/cattle/Texas/24-008749-003/2024(H5N1)	1236	40
PB1|PP755595.1|A/cattle/Texas/24-008749-003/2024(H5N1)	1237	40
PB1|PP755595.1|A/cattle/Texas/24-008749-003/2024(H5N1)	1238	40
PB1|PP755595.1|A/cattle/Texas/24-008749-003/2024(H5N1)	1239	40
PB1|PP755595.1|A/cattle/Texas/24-008749-003/2024(H5N1)	1240	40
PB1|PP755595.1|A/cattle/Texas/24-008749-003/2024(H5N1)	1241	40
PB1|PP755595.1|A/cattle/Texas/24-008749-003/2024(H5N1)	1242	38
PB1|PP755595.1|A/cattle/Texas/24-008749-003/2024(H5N1)	1243	38
PB1|PP755595.1|A/cattle/Texas/24-008749-003/2024(H5N1)	1244	38
PB1|PP755595.1|A/cattle/Texas/24-008749-003/2024(H5N1)	1245	40
PB1|PP755595.1|A/cattle/Texas/24-008749-003/2024(H5N1)	1246	40
PB1|PP755595.1|A/cattle/Texas/24-008749-003/2024(H5N1)	1247	42
PB1|PP755595.1|A/cattle/Texas/24-008749-003/2024(H5N1)	1248	42
PB1|PP755595.1|A/cattle/Texas/24-008749-003/2024(H5N1)	1249	42
PB1|PP755595.1|A/cattle/Texas/24-008749-003/2024(H5N1)	1250	43
PB1|PP755595.1|A/cattle/Texas/24-008749-003/2024(H5N1)	1251	41
PB1|PP755595.1|A/cattle/Texas/24-008749-003/2024(H5N1)	1252	43
PB1|PP755595.1|A/cattle/Texas/24-008749-003/2024(H5N1)	1253	44
PB1|PP755595.1|A/cattle/Texas/24-008749-003/2024(H5N1)	1254	44
PB1|PP755595.1|A/cattle/Texas/24-008749-003/2024(H5N1)	1255	44
PB1|PP755595.1|A/cattle/Texas/24-008749-003/2024(H5N1)	1256	43
PB1|PP755595.1|A/cattle/Texas/24-008749-003/2024(H5N1)	1257	43
PB1|PP755595.1|A/cattle/Texas/24-008749-003/2024(H5N1)	1258	43
PB1|PP755595.1|A/cattle/Texas/24-008749-003/2024(H5N1)	1259	42
PB1|PP755595.1|A/cattle/Texas/24-008749-003/2024(H5N1)	1260	42
PB1|PP755595.1|A/cattle/Texas/24-008749-003/2024(H5N1)	1261	42
PB1|PP755595.1|A/cattle/Texas/24-008749-003/2024(H5N1)	1262	42
PB1|PP755595.1|A/cattle/Texas/24-008749-003/2024(H5N1)	1263	42
PB1|PP755595.1|A/cattle/Texas/24-008749-003/2024(H5N1)	1264	43
PB1|PP755595.1|A/cattle/Texas/24-008749-003/2024(H5N1)	1265	43
PB1|PP755595.1|A/cattle/Texas/24-008749-003/2024(H5N1)	1266	43
PB1|PP755595.1|A/cattle/Texas/24-008749-003/2024(H5N1)	1267	43
PB1|PP755595.1|A/cattle/Texas/24-008749-003/2024(H5N1)	1268	43
PB1|PP755595.1|A/cattle/Texas/24-008749-003/2024(H5N1)	1269	43
PB1|PP755595.1|A/cattle/Texas/24-008749-003/2024(H5N1)	1270	43
PB1|PP755595.1|A/cattle/Texas/24-008749-003/2024(H5N1)	1271	43
PB1|PP755595.1|A/cattle/Texas/24-008749-003/2024(H5N1)	1272	43
PB1|PP755595.1|A/cattle/Texas/24-008749-003/2024(H5N1)	1273	43
PB1|PP755595.1|A/cattle/Texas/24-008749-003/2024(H5N1)	1274	43
PB1|PP755595.1|A/cattle/Texas/24-008749-003/2024(H5N1)	1275	43
PB1|PP755595.1|A/cattle/Texas/24-008749-003/2024(H5N1)	1276	43
PB1|PP755595.1|A/cattle/Texas/24-008749-003/2024(H5N1)	1277	42
PB1|PP755595.1|A/cattle/Texas/24-008749-003/2024(H5N1)	1278	41
PB1|PP755595.1|A/cattle/Texas/24-008749-003/2024(H5N1)	1279	41
PB1|PP755595.1|A/cattle/Texas/24-008749-003/2024(H5N1)	1280	42
PB1|PP755595.1|A/cattle/Texas/24-008749-003/2024(H5N1)	1281	42
PB1|PP755595.1|A/cattle/Texas/24-008749-003/2024(H5N1)	1282	42
PB1|PP755595.1|A/cattle/Texas/24-008749-003/2024(H5N1)	1283	42
PB1|PP755595.1|A/cattle/Texas/24-008749-003/2024(H5N1)	1284	42
PB1|PP755595.1|A/cattle/Texas/24-008749-003/2024(H5N1)	1285	42
PB1|PP755595.1|A/cattle/Texas/24-008749-003/2024(H5N1)	1286	42
PB1|PP755595.1|A/cattle/Texas/24-008749-003/2024(H5N1)	1287	42
PB1|PP755595.1|A/cattle/Texas/24-008749-003/2024(H5N1)	1288	42
PB1|PP755595.1|A/cattle/Texas/24-008749-003/2024(H5N1)	1289	42
PB1|PP755595.1|A/cattle/Texas/24-008749-003/2024(H5N1)	1290	42
PB1|PP755595.1|A/cattle/Texas/24-008749-003/2024(H5N1)	1291	42
PB1|PP755595.1|A/cattle/Texas/24-008749-003/2024(H5N1)	1292	42
PB1|PP755595.1|A/cattle/Texas/24-008749-003/2024(H5N1)	1293	45
PB1|PP755595.1|A/cattle/Texas/24-008749-003/2024(H5N1)	1294	45
PB1|PP755595.1|A/cattle/Texas/24-008749-003/2024(H5N1)	1295	46
PB1|PP755595.1|A/cattle/Texas/24-008749-003/2024(H5N1)	1296	44
PB1|PP755595.1|A/cattle/Texas/24-008749-003/2024(H5N1)	1297	44
PB1|PP755595.1|A/cattle/Texas/24-008749-003/2024(H5N1)	1298	44
PB1|PP755595.1|A/cattle/Texas/24-008749-003/2024(H5N1)	1299	44
PB1|PP755595.1|A/cattle/Texas/24-008749-003/2024(H5N1)	1300	42
PB1|PP755595.1|A/cattle/Texas/24-008749-003/2024(H5N1)	1301	43
PB1|PP755595.1|A/cattle/Texas/24-008749-003/2024(H5N1)	1302	42
PB1|PP755595.1|A/cattle/Texas/24-008749-003/2024(H5N1)	1303	42
PB1|PP755595.1|A/cattle/Texas/24-008749-003/2024(H5N1)	1304	42
PB1|PP755595.1|A/cattle/Texas/24-008749-003/2024(H5N1)	1305	43
PB1|PP755595.1|A/cattle/Texas/24-008749-003/2024(H5N1)	1306	43
PB1|PP755595.1|A/cattle/Texas/24-008749-003/2024(H5N1)	1307	43
PB1|PP755595.1|A/cattle/Texas/24-008749-003/2024(H5N1)	1308	43
PB1|PP755595.1|A/cattle/Texas/24-008749-003/2024(H5N1)	1309	43
PB1|PP755595.1|A/cattle/Texas/24-008749-003/2024(H5N1)	1310	45
PB1|PP755595.1|A/cattle/Texas/24-008749-003/2024(H5N1)	1311	45
PB1|PP755595.1|A/cattle/Texas/24-008749-003/2024(H5N1)	1312	45
PB1|PP755595.1|A/cattle/Texas/24-008749-003/2024(H5N1)	1313	45
PB1|PP755595.1|A/cattle/Texas/24-008749-003/2024(H5N1)	1314	45
PB1|PP755595.1|A/cattle/Texas/24-008749-003/2024(H5N1)	1315	46
PB1|PP755595.1|A/cattle/Texas/24-008749-003/2024(H5N1)	1316	47
PB1|PP755595.1|A/cattle/Texas/24-008749-003/2024(H5N1)	1317	47
PB1|PP755595.1|A/cattle/Texas/24-008749-003/2024(H5N1)	1318	48
PB1|PP755595.1|A/cattle/Texas/24-008749-003/2024(H5N1)	1319	48
PB1|PP755595.1|A/cattle/Texas/24-008749-003/2024(H5N1)	1320	48
PB1|PP755595.1|A/cattle/Texas/24-008749-003/2024(H5N1)	1321	48
PB1|PP755595.1|A/cattle/Texas/24-008749-003/2024(H5N1)	1322	48
PB1|PP755595.1|A/cattle/Texas/24-008749-003/2024(H5N1)	1323	45
PB1|PP755595.1|A/cattle/Texas/24-008749-003/2024(H5N1)	1324	46
PB1|PP755595.1|A/cattle/Texas/24-008749-003/2024(H5N1)	1325	46
PB1|PP755595.1|A/cattle/Texas/24-008749-003/2024(H5N1)	1326	46
PB1|PP755595.1|A/cattle/Texas/24-008749-003/2024(H5N1)	1327	46
PB1|PP755595.1|A/cattle/Texas/24-008749-003/2024(H5N1)	1328	46
PB1|PP755595.1|A/cattle/Texas/24-008749-003/2024(H5N1)	1329	45
PB1|PP755595.1|A/cattle/Texas/24-008749-003/2024(H5N1)	1330	42
PB1|PP755595.1|A/cattle/Texas/24-008749-003/2024(H5N1)	1331	42
PB1|PP755595.1|A/cattle/Texas/24-008749-003/2024(H5N1)	1332	41
PB1|PP755595.1|A/cattle/Texas/24-008749-003/2024(H5N1)	1333	41
PB1|PP755595.1|A/cattle/Texas/24-008749-003/2024(H5N1)	1334	41
PB1|PP755595.1|A/cattle/Texas/24-008749-003/2024(H5N1)	1335	41
PB1|PP755595.1|A/cattle/Texas/24-008749-003/2024(H5N1)	1336	41
PB1|PP755595.1|A/cattle/Texas/24-008749-003/2024(H5N1)	1337	45
PB1|PP755595.1|A/cattle/Texas/24-008749-003/2024(H5N1)	1338	45
PB1|PP755595.1|A/cattle/Texas/24-008749-003/2024(H5N1)	1339	45
PB1|PP755595.1|A/cattle/Texas/24-008749-003/2024(H5N1)	1340	45
PB1|PP755595.1|A/cattle/Texas/24-008749-003/2024(H5N1)	1341	45
PB1|PP755595.1|A/cattle/Texas/24-008749-003/2024(H5N1)	1342	44
PB1|PP755595.1|A/cattle/Texas/24-008749-003/2024(H5N1)	1343	44
PB1|PP755595.1|A/cattle/Texas/24-008749-003/2024(H5N1)	1344	44
PB1|PP755595.1|A/cattle/Texas/24-008749-003/2024(H5N1)	1345	46
PB1|PP755595.1|A/cattle/Texas/24-008749-003/2024(H5N1)	1346	46
PB1|PP755595.1|A/cattle/Texas/24-008749-003/2024(H5N1)	1347	51
PB1|PP755595.1|A/cattle/Texas/24-008749-003/2024(H5N1)	1348	51
PB1|PP755595.1|A/cattle/Texas/24-008749-003/2024(H5N1)	1349	51
PB1|PP755595.1|A/cattle/Texas/24-008749-003/2024(H5N1)	1350	51
PB1|PP755595.1|A/cattle/Texas/24-008749-003/2024(H5N1)	1351	51
PB1|PP755595.1|A/cattle/Texas/24-008749-003/2024(H5N1)	1352	51
PB1|PP755595.1|A/cattle/Texas/24-008749-003/2024(H5N1)	1353	51
PB1|PP755595.1|A/cattle/Texas/24-008749-003/2024(H5N1)	1354	50
PB1|PP755595.1|A/cattle/Texas/24-008749-003/2024(H5N1)	1355	50
PB1|PP755595.1|A/cattle/Texas/24-008749-003/2024(H5N1)	1356	50
PB1|PP755595.1|A/cattle/Texas/24-008749-003/2024(H5N1)	1357	50
PB1|PP755595.1|A/cattle/Texas/24-008749-003/2024(H5N1)	1358	50
PB1|PP755595.1|A/cattle/Texas/24-008749-003/2024(H5N1)	1359	50
PB1|PP755595.1|A/cattle/Texas/24-008749-003/2024(H5N1)	1360	50
PB1|PP755595.1|A/cattle/Texas/24-008749-003/2024(H5N1)	1361	47
PB1|PP755595.1|A/cattle/Texas/24-008749-003/2024(H5N1)	1362	47
PB1|PP755595.1|A/cattle/Texas/24-008749-003/2024(H5N1)	1363	47
PB1|PP755595.1|A/cattle/Texas/24-008749-003/2024(H5N1)	1364	47
PB1|PP755595.1|A/cattle/Texas/24-008749-003/2024(H5N1)	1365	47
PB1|PP755595.1|A/cattle/Texas/24-008749-003/2024(H5N1)	1366	43
PB1|PP755595.1|A/cattle/Texas/24-008749-003/2024(H5N1)	1367	43
PB1|PP755595.1|A/cattle/Texas/24-008749-003/2024(H5N1)	1368	43
PB1|PP755595.1|A/cattle/Texas/24-008749-003/2024(H5N1)	1369	43
PB1|PP755595.1|A/cattle/Texas/24-008749-003/2024(H5N1)	1370	43
PB1|PP755595.1|A/cattle/Texas/24-008749-003/2024(H5N1)	1371	43
PB1|PP755595.1|A/cattle/Texas/24-008749-003/2024(H5N1)	1372	41
PB1|PP755595.1|A/cattle/Texas/24-008749-003/2024(H5N1)	1373	42
PB1|PP755595.1|A/cattle/Texas/24-008749-003/2024(H5N1)	1374	42
PB1|PP755595.1|A/cattle/Texas/24-008749-003/2024(H5N1)	1375	42
PB1|PP755595.1|A/cattle/Texas/24-008749-003/2024(H5N1)	1376	42
PB1|PP755595.1|A/cattle/Texas/24-008749-003/2024(H5N1)	1377	42
PB1|PP755595.1|A/cattle/Texas/24-008749-003/2024(H5N1)	1378	42
PB1|PP755595.1|A/cattle/Texas/24-008749-003/2024(H5N1)	1379	41
PB1|PP755595.1|A/cattle/Texas/24-008749-003/2024(H5N1)	1380	41
PB1|PP755595.1|A/cattle/Texas/24-008749-003/2024(H5N1)	1381	41
PB1|PP755595.1|A/cattle/Texas/24-008749-003/2024(H5N1)	1382	42
PB1|PP755595.1|A/cattle/Texas/24-008749-003/2024(H5N1)	1383	40
PB1|PP755595.1|A/cattle/Texas/24-008749-003/2024(H5N1)	1384	41
PB1|PP755595.1|A/cattle/Texas/24-008749-003/2024(H5N1)	1385	41
PB1|PP755595.1|A/cattle/Texas/24-008749-003/2024(H5N1)	1386	41
PB1|PP755595.1|A/cattle/Texas/24-008749-003/2024(H5N1)	1387	41
PB1|PP755595.1|A/cattle/Texas/24-008749-003/2024(H5N1)	1388	42
PB1|PP755595.1|A/cattle/Texas/24-008749-003/2024(H5N1)	1389	42
PB1|PP755595.1|A/cattle/Texas/24-008749-003/2024(H5N1)	1390	42
PB1|PP755595.1|A/cattle/Texas/24-008749-003/2024(H5N1)	1391	42
PB1|PP755595.1|A/cattle/Texas/24-008749-003/2024(H5N1)	1392	42
PB1|PP755595.1|A/cattle/Texas/24-008749-003/2024(H5N1)	1393	42
PB1|PP755595.1|A/cattle/Texas/24-008749-003/2024(H5N1)	1394	43
PB1|PP755595.1|A/cattle/Texas/24-008749-003/2024(H5N1)	1395	48
PB1|PP755595.1|A/cattle/Texas/24-008749-003/2024(H5N1)	1396	46
PB1|PP755595.1|A/cattle/Texas/24-008749-003/2024(H5N1)	1397	46
PB1|PP755595.1|A/cattle/Texas/24-008749-003/2024(H5N1)	1398	47
PB1|PP755595.1|A/cattle/Texas/24-008749-003/2024(H5N1)	1399	47
PB1|PP755595.1|A/cattle/Texas/24-008749-003/2024(H5N1)	1400	47
PB1|PP755595.1|A/cattle/Texas/24-008749-003/2024(H5N1)	1401	47
PB1|PP755595.1|A/cattle/Texas/24-008749-003/2024(H5N1)	1402	47
PB1|PP755595.1|A/cattle/Texas/24-008749-003/2024(H5N1)	1403	45
PB1|PP755595.1|A/cattle/Texas/24-008749-003/2024(H5N1)	1404	44
PB1|PP755595.1|A/cattle/Texas/24-008749-003/2024(H5N1)	1405	44
PB1|PP755595.1|A/cattle/Texas/24-008749-003/2024(H5N1)	1406	45
PB1|PP755595.1|A/cattle/Texas/24-008749-003/2024(H5N1)	1407	45
PB1|PP755595.1|A/cattle/Texas/24-008749-003/2024(H5N1)	1408	45
PB1|PP755595.1|A/cattle/Texas/24-008749-003/2024(H5N1)	1409	45
PB1|PP755595.1|A/cattle/Texas/24-008749-003/2024(H5N1)	1410	46
PB1|PP755595.1|A/cattle/Texas/24-008749-003/2024(H5N1)	1411	46
PB1|PP755595.1|A/cattle/Texas/24-008749-003/2024(H5N1)	1412	46
PB1|PP755595.1|A/cattle/Texas/24-008749-003/2024(H5N1)	1413	46
PB1|PP755595.1|A/cattle/Texas/24-008749-003/2024(H5N1)	1414	48
PB1|PP755595.1|A/cattle/Texas/24-008749-003/2024(H5N1)	1415	47
PB1|PP755595.1|A/cattle/Texas/24-008749-003/2024(H5N1)	1416	47
PB1|PP755595.1|A/cattle/Texas/24-008749-003/2024(H5N1)	1417	47
PB1|PP755595.1|A/cattle/Texas/24-008749-003/2024(H5N1)	1418	47
PB1|PP755595.1|A/cattle/Texas/24-008749-003/2024(H5N1)	1419	47
PB1|PP755595.1|A/cattle/Texas/24-008749-003/2024(H5N1)	1420	47
PB1|PP755595.1|A/cattle/Texas/24-008749-003/2024(H5N1)	1421	50
PB1|PP755595.1|A/cattle/Texas/24-008749-003/2024(H5N1)	1422	51
PB1|PP755595.1|A/cattle/Texas/24-008749-003/2024(H5N1)	1423	51
PB1|PP755595.1|A/cattle/Texas/24-008749-003/2024(H5N1)	1424	52
PB1|PP755595.1|A/cattle/Texas/24-008749-003/2024(H5N1)	1425	52
PB1|PP755595.1|A/cattle/Texas/24-008749-003/2024(H5N1)	1426	52
PB1|PP755595.1|A/cattle/Texas/24-008749-003/2024(H5N1)	1427	52
PB1|PP755595.1|A/cattle/Texas/24-008749-003/2024(H5N1)	1428	52
PB1|PP755595.1|A/cattle/Texas/24-008749-003/2024(H5N1)	1429	52
PB1|PP755595.1|A/cattle/Texas/24-008749-003/2024(H5N1)	1430	50
PB1|PP755595.1|A/cattle/Texas/24-008749-003/2024(H5N1)	1431	50
PB1|PP755595.1|A/cattle/Texas/24-008749-003/2024(H5N1)	1432	50
PB1|PP755595.1|A/cattle/Texas/24-008749-003/2024(H5N1)	1433	50
PB1|PP755595.1|A/cattle/Texas/24-008749-003/2024(H5N1)	1434	51
PB1|PP755595.1|A/cattle/Texas/24-008749-003/2024(H5N1)	1435	51
PB1|PP755595.1|A/cattle/Texas/24-008749-003/2024(H5N1)	1436	51
PB1|PP755595.1|A/cattle/Texas/24-008749-003/2024(H5N1)	1437	51
PB1|PP755595.1|A/cattle/Texas/24-008749-003/2024(H5N1)	1438	51
PB1|PP755595.1|A/cattle/Texas/24-008749-003/2024(H5N1)	1439	51
PB1|PP755595.1|A/cattle/Texas/24-008749-003/2024(H5N1)	1440	51
PB1|PP755595.1|A/cattle/Texas/24-008749-003/2024(H5N1)	1441	51
PB1|PP755595.1|A/cattle/Texas/24-008749-003/2024(H5N1)	1442	51
PB1|PP755595.1|A/cattle/Texas/24-008749-003/2024(H5N1)	1443	51
PB1|PP755595.1|A/cattle/Texas/24-008749-003/2024(H5N1)	1444	50
PB1|PP755595.1|A/cattle/Texas/24-008749-003/2024(H5N1)	1445	50
PB1|PP755595.1|A/cattle/Texas/24-008749-003/2024(H5N1)	1446	50
PB1|PP755595.1|A/cattle/Texas/24-008749-003/2024(H5N1)	1447	50
PB1|PP755595.1|A/cattle/Texas/24-008749-003/2024(H5N1)	1448	52
PB1|PP755595.1|A/cattle/Texas/24-008749-003/2024(H5N1)	1449	52
PB1|PP755595.1|A/cattle/Texas/24-008749-003/2024(H5N1)	1450	52
PB1|PP755595.1|A/cattle/Texas/24-008749-003/2024(H5N1)	1451	51
PB1|PP755595.1|A/cattle/Texas/24-008749-003/2024(H5N1)	1452	50
PB1|PP755595.1|A/cattle/Texas/24-008749-003/2024(H5N1)	1453	50
PB1|PP755595.1|A/cattle/Texas/24-008749-003/2024(H5N1)	1454	50
PB1|PP755595.1|A/cattle/Texas/24-008749-003/2024(H5N1)	1455	50
PB1|PP755595.1|A/cattle/Texas/24-008749-003/2024(H5N1)	1456	49
PB1|PP755595.1|A/cattle/Texas/24-008749-003/2024(H5N1)	1457	49
PB1|PP755595.1|A/cattle/Texas/24-008749-003/2024(H5N1)	1458	49
PB1|PP755595.1|A/cattle/Texas/24-008749-003/2024(H5N1)	1459	49
PB1|PP755595.1|A/cattle/Texas/24-008749-003/2024(H5N1)	1460	47
PB1|PP755595.1|A/cattle/Texas/24-008749-003/2024(H5N1)	1461	47
PB1|PP755595.1|A/cattle/Texas/24-008749-003/2024(H5N1)	1462	47
PB1|PP755595.1|A/cattle/Texas/24-008749-003/2024(H5N1)	1463	47
PB1|PP755595.1|A/cattle/Texas/24-008749-003/2024(H5N1)	1464	47
PB1|PP755595.1|A/cattle/Texas/24-008749-003/2024(H5N1)	1465	47
PB1|PP755595.1|A/cattle/Texas/24-008749-003/2024(H5N1)	1466	44
PB1|PP755595.1|A/cattle/Texas/24-008749-003/2024(H5N1)	1467	44
PB1|PP755595.1|A/cattle/Texas/24-008749-003/2024(H5N1)	1468	44
PB1|PP755595.1|A/cattle/Texas/24-008749-003/2024(H5N1)	1469	43
PB1|PP755595.1|A/cattle/Texas/24-008749-003/2024(H5N1)	1470	44
PB1|PP755595.1|A/cattle/Texas/24-008749-003/2024(H5N1)	1471	44
PB1|PP755595.1|A/cattle/Texas/24-008749-003/2024(H5N1)	1472	42
PB1|PP755595.1|A/cattle/Texas/24-008749-003/2024(H5N1)	1473	42
PB1|PP755595.1|A/cattle/Texas/24-008749-003/2024(H5N1)	1474	42
PB1|PP755595.1|A/cattle/Texas/24-008749-003/2024(H5N1)	1475	42
PB1|PP755595.1|A/cattle/Texas/24-008749-003/2024(H5N1)	1476	42
PB1|PP755595.1|A/cattle/Texas/24-008749-003/2024(H5N1)	1477	42
PB1|PP755595.1|A/cattle/Texas/24-008749-003/2024(H5N1)	1478	43
PB1|PP755595.1|A/cattle/Texas/24-008749-003/2024(H5N1)	1479	43
PB1|PP755595.1|A/cattle/Texas/24-008749-003/2024(H5N1)	1480	44
PB1|PP755595.1|A/cattle/Texas/24-008749-003/2024(H5N1)	1481	44
PB1|PP755595.1|A/cattle/Texas/24-008749-003/2024(H5N1)	1482	44
PB1|PP755595.1|A/cattle/Texas/24-008749-003/2024(H5N1)	1483	44
PB1|PP755595.1|A/cattle/Texas/24-008749-003/2024(H5N1)	1484	44
PB1|PP755595.1|A/cattle/Texas/24-008749-003/2024(H5N1)	1485	44
PB1|PP755595.1|A/cattle/Texas/24-008749-003/2024(H5N1)	1486	44
PB1|PP755595.1|A/cattle/Texas/24-008749-003/2024(H5N1)	1487	44
PB1|PP755595.1|A/cattle/Texas/24-008749-003/2024(H5N1)	1488	40
PB1|PP755595.1|A/cattle/Texas/24-008749-003/2024(H5N1)	1489	40
PB1|PP755595.1|A/cattle/Texas/24-008749-003/2024(H5N1)	1490	40
PB1|PP755595.1|A/cattle/Texas/24-008749-003/2024(H5N1)	1491	40
PB1|PP755595.1|A/cattle/Texas/24-008749-003/2024(H5N1)	1492	41
PB1|PP755595.1|A/cattle/Texas/24-008749-003/2024(H5N1)	1493	42
PB1|PP755595.1|A/cattle/Texas/24-008749-003/2024(H5N1)	1494	40
PB1|PP755595.1|A/cattle/Texas/24-008749-003/2024(H5N1)	1495	40
PB1|PP755595.1|A/cattle/Texas/24-008749-003/2024(H5N1)	1496	40
PB1|PP755595.1|A/cattle/Texas/24-008749-003/2024(H5N1)	1497	42
PB1|PP755595.1|A/cattle/Texas/24-008749-003/2024(H5N1)	1498	37
PB1|PP755595.1|A/cattle/Texas/24-008749-003/2024(H5N1)	1499	37
PB1|PP755595.1|A/cattle/Texas/24-008749-003/2024(H5N1)	1500	41
PB1|PP755595.1|A/cattle/Texas/24-008749-003/2024(H5N1)	1501	41
PB1|PP755595.1|A/cattle/Texas/24-008749-003/2024(H5N1)	1502	41
PB1|PP755595.1|A/cattle/Texas/24-008749-003/2024(H5N1)	1503	43
PB1|PP755595.1|A/cattle/Texas/24-008749-003/2024(H5N1)	1504	43
PB1|PP755595.1|A/cattle/Texas/24-008749-003/2024(H5N1)	1505	43
PB1|PP755595.1|A/cattle/Texas/24-008749-003/2024(H5N1)	1506	43
PB1|PP755595.1|A/cattle/Texas/24-008749-003/2024(H5N1)	1507	43
PB1|PP755595.1|A/cattle/Texas/24-008749-003/2024(H5N1)	1508	43
PB1|PP755595.1|A/cattle/Texas/24-008749-003/2024(H5N1)	1509	43
PB1|PP755595.1|A/cattle/Texas/24-008749-003/2024(H5N1)	1510	43
PB1|PP755595.1|A/cattle/Texas/24-008749-003/2024(H5N1)	1511	43
PB1|PP755595.1|A/cattle/Texas/24-008749-003/2024(H5N1)	1512	43
PB1|PP755595.1|A/cattle/Texas/24-008749-003/2024(H5N1)	1513	43
PB1|PP755595.1|A/cattle/Texas/24-008749-003/2024(H5N1)	1514	43
PB1|PP755595.1|A/cattle/Texas/24-008749-003/2024(H5N1)	1515	43
PB1|PP755595.1|A/cattle/Texas/24-008749-003/2024(H5N1)	1516	43
PB1|PP755595.1|A/cattle/Texas/24-008749-003/2024(H5N1)	1517	43
PB1|PP755595.1|A/cattle/Texas/24-008749-003/2024(H5N1)	1518	44
PB1|PP755595.1|A/cattle/Texas/24-008749-003/2024(H5N1)	1519	44
PB1|PP755595.1|A/cattle/Texas/24-008749-003/2024(H5N1)	1520	44
PB1|PP755595.1|A/cattle/Texas/24-008749-003/2024(H5N1)	1521	44
PB1|PP755595.1|A/cattle/Texas/24-008749-003/2024(H5N1)	1522	45
PB1|PP755595.1|A/cattle/Texas/24-008749-003/2024(H5N1)	1523	45
PB1|PP755595.1|A/cattle/Texas/24-008749-003/2024(H5N1)	1524	44
PB1|PP755595.1|A/cattle/Texas/24-008749-003/2024(H5N1)	1525	44
PB1|PP755595.1|A/cattle/Texas/24-008749-003/2024(H5N1)	1526	44
PB1|PP755595.1|A/cattle/Texas/24-008749-003/2024(H5N1)	1527	44
PB1|PP755595.1|A/cattle/Texas/24-008749-003/2024(H5N1)	1528	44
PB1|PP755595.1|A/cattle/Texas/24-008749-003/2024(H5N1)	1529	44
PB1|PP755595.1|A/cattle/Texas/24-008749-003/2024(H5N1)	1530	44
PB1|PP755595.1|A/cattle/Texas/24-008749-003/2024(H5N1)	1531	43
PB1|PP755595.1|A/cattle/Texas/24-008749-003/2024(H5N1)	1532	47
PB1|PP755595.1|A/cattle/Texas/24-008749-003/2024(H5N1)	1533	47
PB1|PP755595.1|A/cattle/Texas/24-008749-003/2024(H5N1)	1534	47
PB1|PP755595.1|A/cattle/Texas/24-008749-003/2024(H5N1)	1535	47
PB1|PP755595.1|A/cattle/Texas/24-008749-003/2024(H5N1)	1536	47
PB1|PP755595.1|A/cattle/Texas/24-008749-003/2024(H5N1)	1537	47
PB1|PP755595.1|A/cattle/Texas/24-008749-003/2024(H5N1)	1538	47
PB1|PP755595.1|A/cattle/Texas/24-008749-003/2024(H5N1)	1539	46
PB1|PP755595.1|A/cattle/Texas/24-008749-003/2024(H5N1)	1540	46
PB1|PP755595.1|A/cattle/Texas/24-008749-003/2024(H5N1)	1541	43
PB1|PP755595.1|A/cattle/Texas/24-008749-003/2024(H5N1)	1542	45
PB1|PP755595.1|A/cattle/Texas/24-008749-003/2024(H5N1)	1543	45
PB1|PP755595.1|A/cattle/Texas/24-008749-003/2024(H5N1)	1544	44
PB1|PP755595.1|A/cattle/Texas/24-008749-003/2024(H5N1)	1545	45
PB1|PP755595.1|A/cattle/Texas/24-008749-003/2024(H5N1)	1546	44
PB1|PP755595.1|A/cattle/Texas/24-008749-003/2024(H5N1)	1547	45
PB1|PP755595.1|A/cattle/Texas/24-008749-003/2024(H5N1)	1548	45
PB1|PP755595.1|A/cattle/Texas/24-008749-003/2024(H5N1)	1549	46
PB1|PP755595.1|A/cattle/Texas/24-008749-003/2024(H5N1)	1550	46
PB1|PP755595.1|A/cattle/Texas/24-008749-003/2024(H5N1)	1551	46
PB1|PP755595.1|A/cattle/Texas/24-008749-003/2024(H5N1)	1552	45
PB1|PP755595.1|A/cattle/Texas/24-008749-003/2024(H5N1)	1553	45
PB1|PP755595.1|A/cattle/Texas/24-008749-003/2024(H5N1)	1554	45
PB1|PP755595.1|A/cattle/Texas/24-008749-003/2024(H5N1)	1555	45
PB1|PP755595.1|A/cattle/Texas/24-008749-003/2024(H5N1)	1556	45
PB1|PP755595.1|A/cattle/Texas/24-008749-003/2024(H5N1)	1557	44
PB1|PP755595.1|A/cattle/Texas/24-008749-003/2024(H5N1)	1558	44
PB1|PP755595.1|A/cattle/Texas/24-008749-003/2024(H5N1)	1559	44
PB1|PP755595.1|A/cattle/Texas/24-008749-003/2024(H5N1)	1560	43
PB1|PP755595.1|A/cattle/Texas/24-008749-003/2024(H5N1)	1561	45
PB1|PP755595.1|A/cattle/Texas/24-008749-003/2024(H5N1)	1562	45
PB1|PP755595.1|A/cattle/Texas/24-008749-003/2024(H5N1)	1563	43
PB1|PP755595.1|A/cattle/Texas/24-008749-003/2024(H5N1)	1564	43
PB1|PP755595.1|A/cattle/Texas/24-008749-003/2024(H5N1)	1565	43
PB1|PP755595.1|A/cattle/Texas/24-008749-003/2024(H5N1)	1566	43
PB1|PP755595.1|A/cattle/Texas/24-008749-003/2024(H5N1)	1567	43
PB1|PP755595.1|A/cattle/Texas/24-008749-003/2024(H5N1)	1568	43
PB1|PP755595.1|A/cattle/Texas/24-008749-003/2024(H5N1)	1569	43
PB1|PP755595.1|A/cattle/Texas/24-008749-003/2024(H5N1)	1570	43
PB1|PP755595.1|A/cattle/Texas/24-008749-003/2024(H5N1)	1571	43
PB1|PP755595.1|A/cattle/Texas/24-008749-003/2024(H5N1)	1572	40
PB1|PP755595.1|A/cattle/Texas/24-008749-003/2024(H5N1)	1573	41
PB1|PP755595.1|A/cattle/Texas/24-008749-003/2024(H5N1)	1574	41
PB1|PP755595.1|A/cattle/Texas/24-008749-003/2024(H5N1)	1575	40
PB1|PP755595.1|A/cattle/Texas/24-008749-003/2024(H5N1)	1576	40
PB1|PP755595.1|A/cattle/Texas/24-008749-003/2024(H5N1)	1577	41
PB1|PP755595.1|A/cattle/Texas/24-008749-003/2024(H5N1)	1578	41
PB1|PP755595.1|A/cattle/Texas/24-008749-003/2024(H5N1)	1579	41
PB1|PP755595.1|A/cattle/Texas/24-008749-003/2024(H5N1)	1580	41
PB1|PP755595.1|A/cattle/Texas/24-008749-003/2024(H5N1)	1581	41
PB1|PP755595.1|A/cattle/Texas/24-008749-003/2024(H5N1)	1582	41
PB1|PP755595.1|A/cattle/Texas/24-008749-003/2024(H5N1)	1583	41
PB1|PP755595.1|A/cattle/Texas/24-008749-003/2024(H5N1)	1584	40
PB1|PP755595.1|A/cattle/Texas/24-008749-003/2024(H5N1)	1585	42
PB1|PP755595.1|A/cattle/Texas/24-008749-003/2024(H5N1)	1586	44
PB1|PP755595.1|A/cattle/Texas/24-008749-003/2024(H5N1)	1587	44
PB1|PP755595.1|A/cattle/Texas/24-008749-003/2024(H5N1)	1588	44
PB1|PP755595.1|A/cattle/Texas/24-008749-003/2024(H5N1)	1589	44
PB1|PP755595.1|A/cattle/Texas/24-008749-003/2024(H5N1)	1590	44
PB1|PP755595.1|A/cattle/Texas/24-008749-003/2024(H5N1)	1591	45
PB1|PP755595.1|A/cattle/Texas/24-008749-003/2024(H5N1)	1592	45
PB1|PP755595.1|A/cattle/Texas/24-008749-003/2024(H5N1)	1593	45
PB1|PP755595.1|A/cattle/Texas/24-008749-003/2024(H5N1)	1594	43
PB1|PP755595.1|A/cattle/Texas/24-008749-003/2024(H5N1)	1595	43
PB1|PP755595.1|A/cattle/Texas/24-008749-003/2024(H5N1)	1596	42
PB1|PP755595.1|A/cattle/Texas/24-008749-003/2024(H5N1)	1597	42
PB1|PP755595.1|A/cattle/Texas/24-008749-003/2024(H5N1)	1598	42
PB1|PP755595.1|A/cattle/Texas/24-008749-003/2024(H5N1)	1599	41
PB1|PP755595.1|A/cattle/Texas/24-008749-003/2024(H5N1)	1600	41
PB1|PP755595.1|A/cattle/Texas/24-008749-003/2024(H5N1)	1601	41
PB1|PP755595.1|A/cattle/Texas/24-008749-003/2024(H5N1)	1602	42
PB1|PP755595.1|A/cattle/Texas/24-008749-003/2024(H5N1)	1603	42
PB1|PP755595.1|A/cattle/Texas/24-008749-003/2024(H5N1)	1604	42
PB1|PP755595.1|A/cattle/Texas/24-008749-003/2024(H5N1)	1605	42
PB1|PP755595.1|A/cattle/Texas/24-008749-003/2024(H5N1)	1606	42
PB1|PP755595.1|A/cattle/Texas/24-008749-003/2024(H5N1)	1607	43
PB1|PP755595.1|A/cattle/Texas/24-008749-003/2024(H5N1)	1608	43
PB1|PP755595.1|A/cattle/Texas/24-008749-003/2024(H5N1)	1609	43
PB1|PP755595.1|A/cattle/Texas/24-008749-003/2024(H5N1)	1610	43
PB1|PP755595.1|A/cattle/Texas/24-008749-003/2024(H5N1)	1611	43
PB1|PP755595.1|A/cattle/Texas/24-008749-003/2024(H5N1)	1612	43
PB1|PP755595.1|A/cattle/Texas/24-008749-003/2024(H5N1)	1613	43
PB1|PP755595.1|A/cattle/Texas/24-008749-003/2024(H5N1)	1614	43
PB1|PP755595.1|A/cattle/Texas/24-008749-003/2024(H5N1)	1615	43
PB1|PP755595.1|A/cattle/Texas/24-008749-003/2024(H5N1)	1616	43
PB1|PP755595.1|A/cattle/Texas/24-008749-003/2024(H5N1)	1617	43
PB1|PP755595.1|A/cattle/Texas/24-008749-003/2024(H5N1)	1618	43
PB1|PP755595.1|A/cattle/Texas/24-008749-003/2024(H5N1)	1619	46
PB1|PP755595.1|A/cattle/Texas/24-008749-003/2024(H5N1)	1620	47
PB1|PP755595.1|A/cattle/Texas/24-008749-003/2024(H5N1)	1621	46
PB1|PP755595.1|A/cattle/Texas/24-008749-003/2024(H5N1)	1622	46
PB1|PP755595.1|A/cattle/Texas/24-008749-003/2024(H5N1)	1623	46
PB1|PP755595.1|A/cattle/Texas/24-008749-003/2024(H5N1)	1624	46
PB1|PP755595.1|A/cattle/Texas/24-008749-003/2024(H5N1)	1625	46
PB1|PP755595.1|A/cattle/Texas/24-008749-003/2024(H5N1)	1626	46
PB1|PP755595.1|A/cattle/Texas/24-008749-003/2024(H5N1)	1627	46
PB1|PP755595.1|A/cattle/Texas/24-008749-003/2024(H5N1)	1628	46
PB1|PP755595.1|A/cattle/Texas/24-008749-003/2024(H5N1)	1629	45
PB1|PP755595.1|A/cattle/Texas/24-008749-003/2024(H5N1)	1630	45
PB1|PP755595.1|A/cattle/Texas/24-008749-003/2024(H5N1)	1631	45
PB1|PP755595.1|A/cattle/Texas/24-008749-003/2024(H5N1)	1632	45
PB1|PP755595.1|A/cattle/Texas/24-008749-003/2024(H5N1)	1633	45
PB1|PP755595.1|A/cattle/Texas/24-008749-003/2024(H5N1)	1634	46
PB1|PP755595.1|A/cattle/Texas/24-008749-003/2024(H5N1)	1635	46
PB1|PP755595.1|A/cattle/Texas/24-008749-003/2024(H5N1)	1636	46
PB1|PP755595.1|A/cattle/Texas/24-008749-003/2024(H5N1)	1637	46
PB1|PP755595.1|A/cattle/Texas/24-008749-003/2024(H5N1)	1638	46
PB1|PP755595.1|A/cattle/Texas/24-008749-003/2024(H5N1)	1639	46
PB1|PP755595.1|A/cattle/Texas/24-008749-003/2024(H5N1)	1640	46
PB1|PP755595.1|A/cattle/Texas/24-008749-003/2024(H5N1)	1641	46
PB1|PP755595.1|A/cattle/Texas/24-008749-003/2024(H5N1)	1642	45
PB1|PP755595.1|A/cattle/Texas/24-008749-003/2024(H5N1)	1643	44
PB1|PP755595.1|A/cattle/Texas/24-008749-003/2024(H5N1)	1644	44
PB1|PP755595.1|A/cattle/Texas/24-008749-003/2024(H5N1)	1645	45
PB1|PP755595.1|A/cattle/Texas/24-008749-003/2024(H5N1)	1646	45
PB1|PP755595.1|A/cattle/Texas/24-008749-003/2024(H5N1)	1647	45
PB1|PP755595.1|A/cattle/Texas/24-008749-003/2024(H5N1)	1648	46
PB1|PP755595.1|A/cattle/Texas/24-008749-003/2024(H5N1)	1649	49
PB1|PP755595.1|A/cattle/Texas/24-008749-003/2024(H5N1)	1650	50
PB1|PP755595.1|A/cattle/Texas/24-008749-003/2024(H5N1)	1651	46
PB1|PP755595.1|A/cattle/Texas/24-008749-003/2024(H5N1)	1652	46
PB1|PP755595.1|A/cattle/Texas/24-008749-003/2024(H5N1)	1653	47
PB1|PP755595.1|A/cattle/Texas/24-008749-003/2024(H5N1)	1654	46
PB1|PP755595.1|A/cattle/Texas/24-008749-003/2024(H5N1)	1655	46
PB1|PP755595.1|A/cattle/Texas/24-008749-003/2024(H5N1)	1656	46
PB1|PP755595.1|A/cattle/Texas/24-008749-003/2024(H5N1)	1657	46
PB1|PP755595.1|A/cattle/Texas/24-008749-003/2024(H5N1)	1658	46
PB1|PP755595.1|A/cattle/Texas/24-008749-003/2024(H5N1)	1659	49
PB1|PP755595.1|A/cattle/Texas/24-008749-003/2024(H5N1)	1660	49
PB1|PP755595.1|A/cattle/Texas/24-008749-003/2024(H5N1)	1661	49
PB1|PP755595.1|A/cattle/Texas/24-008749-003/2024(H5N1)	1662	49
PB1|PP755595.1|A/cattle/Texas/24-008749-003/2024(H5N1)	1663	49
PB1|PP755595.1|A/cattle/Texas/24-008749-003/2024(H5N1)	1664	49
PB1|PP755595.1|A/cattle/Texas/24-008749-003/2024(H5N1)	1665	50
PB1|PP755595.1|A/cattle/Texas/24-008749-003/2024(H5N1)	1666	50
PB1|PP755595.1|A/cattle/Texas/24-008749-003/2024(H5N1)	1667	51
PB1|PP755595.1|A/cattle/Texas/24-008749-003/2024(H5N1)	1668	50
PB1|PP755595.1|A/cattle/Texas/24-008749-003/2024(H5N1)	1669	51
PB1|PP755595.1|A/cattle/Texas/24-008749-003/2024(H5N1)	1670	51
PB1|PP755595.1|A/cattle/Texas/24-008749-003/2024(H5N1)	1671	52
PB1|PP755595.1|A/cattle/Texas/24-008749-003/2024(H5N1)	1672	52
PB1|PP755595.1|A/cattle/Texas/24-008749-003/2024(H5N1)	1673	51
PB1|PP755595.1|A/cattle/Texas/24-008749-003/2024(H5N1)	1674	51
PB1|PP755595.1|A/cattle/Texas/24-008749-003/2024(H5N1)	1675	53
PB1|PP755595.1|A/cattle/Texas/24-008749-003/2024(H5N1)	1676	53
PB1|PP755595.1|A/cattle/Texas/24-008749-003/2024(H5N1)	1677	53
PB1|PP755595.1|A/cattle/Texas/24-008749-003/2024(H5N1)	1678	53
PB1|PP755595.1|A/cattle/Texas/24-008749-003/2024(H5N1)	1679	53
PB1|PP755595.1|A/cattle/Texas/24-008749-003/2024(H5N1)	1680	55
PB1|PP755595.1|A/cattle/Texas/24-008749-003/2024(H5N1)	1681	55
PB1|PP755595.1|A/cattle/Texas/24-008749-003/2024(H5N1)	1682	54
PB1|PP755595.1|A/cattle/Texas/24-008749-003/2024(H5N1)	1683	50
PB1|PP755595.1|A/cattle/Texas/24-008749-003/2024(H5N1)	1684	50
PB1|PP755595.1|A/cattle/Texas/24-008749-003/2024(H5N1)	1685	50
PB1|PP755595.1|A/cattle/Texas/24-008749-003/2024(H5N1)	1686	50
PB1|PP755595.1|A/cattle/Texas/24-008749-003/2024(H5N1)	1687	50
PB1|PP755595.1|A/cattle/Texas/24-008749-003/2024(H5N1)	1688	50
PB1|PP755595.1|A/cattle/Texas/24-008749-003/2024(H5N1)	1689	51
PB1|PP755595.1|A/cattle/Texas/24-008749-003/2024(H5N1)	1690	50
PB1|PP755595.1|A/cattle/Texas/24-008749-003/2024(H5N1)	1691	50
PB1|PP755595.1|A/cattle/Texas/24-008749-003/2024(H5N1)	1692	50
PB1|PP755595.1|A/cattle/Texas/24-008749-003/2024(H5N1)	1693	48
PB1|PP755595.1|A/cattle/Texas/24-008749-003/2024(H5N1)	1694	49
PB1|PP755595.1|A/cattle/Texas/24-008749-003/2024(H5N1)	1695	49
PB1|PP755595.1|A/cattle/Texas/24-008749-003/2024(H5N1)	1696	49
PB1|PP755595.1|A/cattle/Texas/24-008749-003/2024(H5N1)	1697	48
PB1|PP755595.1|A/cattle/Texas/24-008749-003/2024(H5N1)	1698	48
PB1|PP755595.1|A/cattle/Texas/24-008749-003/2024(H5N1)	1699	48
PB1|PP755595.1|A/cattle/Texas/24-008749-003/2024(H5N1)	1700	44
PB1|PP755595.1|A/cattle/Texas/24-008749-003/2024(H5N1)	1701	44
PB1|PP755595.1|A/cattle/Texas/24-008749-003/2024(H5N1)	1702	44
PB1|PP755595.1|A/cattle/Texas/24-008749-003/2024(H5N1)	1703	44
PB1|PP755595.1|A/cattle/Texas/24-008749-003/2024(H5N1)	1704	44
PB1|PP755595.1|A/cattle/Texas/24-008749-003/2024(H5N1)	1705	44
PB1|PP755595.1|A/cattle/Texas/24-008749-003/2024(H5N1)	1706	44
PB1|PP755595.1|A/cattle/Texas/24-008749-003/2024(H5N1)	1707	44
PB1|PP755595.1|A/cattle/Texas/24-008749-003/2024(H5N1)	1708	44
PB1|PP755595.1|A/cattle/Texas/24-008749-003/2024(H5N1)	1709	46
PB1|PP755595.1|A/cattle/Texas/24-008749-003/2024(H5N1)	1710	46
PB1|PP755595.1|A/cattle/Texas/24-008749-003/2024(H5N1)	1711	46
PB1|PP755595.1|A/cattle/Texas/24-008749-003/2024(H5N1)	1712	44
PB1|PP755595.1|A/cattle/Texas/24-008749-003/2024(H5N1)	1713	44
PB1|PP755595.1|A/cattle/Texas/24-008749-003/2024(H5N1)	1714	46
PB1|PP755595.1|A/cattle/Texas/24-008749-003/2024(H5N1)	1715	47
PB1|PP755595.1|A/cattle/Texas/24-008749-003/2024(H5N1)	1716	47
PB1|PP755595.1|A/cattle/Texas/24-008749-003/2024(H5N1)	1717	48
PB1|PP755595.1|A/cattle/Texas/24-008749-003/2024(H5N1)	1718	48
PB1|PP755595.1|A/cattle/Texas/24-008749-003/2024(H5N1)	1719	48
PB1|PP755595.1|A/cattle/Texas/24-008749-003/2024(H5N1)	1720	48
PB1|PP755595.1|A/cattle/Texas/24-008749-003/2024(H5N1)	1721	48
PB1|PP755595.1|A/cattle/Texas/24-008749-003/2024(H5N1)	1722	48
PB1|PP755595.1|A/cattle/Texas/24-008749-003/2024(H5N1)	1723	48
PB1|PP755595.1|A/cattle/Texas/24-008749-003/2024(H5N1)	1724	46
PB1|PP755595.1|A/cattle/Texas/24-008749-003/2024(H5N1)	1725	46
PB1|PP755595.1|A/cattle/Texas/24-008749-003/2024(H5N1)	1726	46
PB1|PP755595.1|A/cattle/Texas/24-008749-003/2024(H5N1)	1727	45
PB1|PP755595.1|A/cattle/Texas/24-008749-003/2024(H5N1)	1728	46
PB1|PP755595.1|A/cattle/Texas/24-008749-003/2024(H5N1)	1729	46
PB1|PP755595.1|A/cattle/Texas/24-008749-003/2024(H5N1)	1730	46
PB1|PP755595.1|A/cattle/Texas/24-008749-003/2024(H5N1)	1731	46
PB1|PP755595.1|A/cattle/Texas/24-008749-003/2024(H5N1)	1732	46
PB1|PP755595.1|A/cattle/Texas/24-008749-003/2024(H5N1)	1733	47
PB1|PP755595.1|A/cattle/Texas/24-008749-003/2024(H5N1)	1734	47
PB1|PP755595.1|A/cattle/Texas/24-008749-003/2024(H5N1)	1735	47
PB1|PP755595.1|A/cattle/Texas/24-008749-003/2024(H5N1)	1736	45
PB1|PP755595.1|A/cattle/Texas/24-008749-003/2024(H5N1)	1737	45
PB1|PP755595.1|A/cattle/Texas/24-008749-003/2024(H5N1)	1738	46
PB1|PP755595.1|A/cattle/Texas/24-008749-003/2024(H5N1)	1739	46
PB1|PP755595.1|A/cattle/Texas/24-008749-003/2024(H5N1)	1740	47
PB1|PP755595.1|A/cattle/Texas/24-008749-003/2024(H5N1)	1741	48
PB1|PP755595.1|A/cattle/Texas/24-008749-003/2024(H5N1)	1742	47
PB1|PP755595.1|A/cattle/Texas/24-008749-003/2024(H5N1)	1743	47
PB1|PP755595.1|A/cattle/Texas/24-008749-003/2024(H5N1)	1744	47
PB1|PP755595.1|A/cattle/Texas/24-008749-003/2024(H5N1)	1745	47
PB1|PP755595.1|A/cattle/Texas/24-008749-003/2024(H5N1)	1746	47
PB1|PP755595.1|A/cattle/Texas/24-008749-003/2024(H5N1)	1747	47
PB1|PP755595.1|A/cattle/Texas/24-008749-003/2024(H5N1)	1748	47
PB1|PP755595.1|A/cattle/Texas/24-008749-003/2024(H5N1)	1749	47
PB1|PP755595.1|A/cattle/Texas/24-008749-003/2024(H5N1)	1750	46
PB1|PP755595.1|A/cattle/Texas/24-008749-003/2024(H5N1)	1751	46
PB1|PP755595.1|A/cattle/Texas/24-008749-003/2024(H5N1)	1752	45
PB1|PP755595.1|A/cattle/Texas/24-008749-003/2024(H5N1)	1753	45
PB1|PP755595.1|A/cattle/Texas/24-008749-003/2024(H5N1)	1754	45
PB1|PP755595.1|A/cattle/Texas/24-008749-003/2024(H5N1)	1755	45
PB1|PP755595.1|A/cattle/Texas/24-008749-003/2024(H5N1)	1756	45
PB1|PP755595.1|A/cattle/Texas/24-008749-003/2024(H5N1)	1757	45
PB1|PP755595.1|A/cattle/Texas/24-008749-003/2024(H5N1)	1758	44
PB1|PP755595.1|A/cattle/Texas/24-008749-003/2024(H5N1)	1759	44
PB1|PP755595.1|A/cattle/Texas/24-008749-003/2024(H5N1)	1760	44
PB1|PP755595.1|A/cattle/Texas/24-008749-003/2024(H5N1)	1761	44
PB1|PP755595.1|A/cattle/Texas/24-008749-003/2024(H5N1)	1762	44
PB1|PP755595.1|A/cattle/Texas/24-008749-003/2024(H5N1)	1763	47
PB1|PP755595.1|A/cattle/Texas/24-008749-003/2024(H5N1)	1764	49
PB1|PP755595.1|A/cattle/Texas/24-008749-003/2024(H5N1)	1765	49
PB1|PP755595.1|A/cattle/Texas/24-008749-003/2024(H5N1)	1766	48
PB1|PP755595.1|A/cattle/Texas/24-008749-003/2024(H5N1)	1767	48
PB1|PP755595.1|A/cattle/Texas/24-008749-003/2024(H5N1)	1768	44
PB1|PP755595.1|A/cattle/Texas/24-008749-003/2024(H5N1)	1769	44
PB1|PP755595.1|A/cattle/Texas/24-008749-003/2024(H5N1)	1770	44
PB1|PP755595.1|A/cattle/Texas/24-008749-003/2024(H5N1)	1771	44
PB1|PP755595.1|A/cattle/Texas/24-008749-003/2024(H5N1)	1772	44
PB1|PP755595.1|A/cattle/Texas/24-008749-003/2024(H5N1)	1773	44
PB1|PP755595.1|A/cattle/Texas/24-008749-003/2024(H5N1)	1774	44
PB1|PP755595.1|A/cattle/Texas/24-008749-003/2024(H5N1)	1775	44
PB1|PP755595.1|A/cattle/Texas/24-008749-003/2024(H5N1)	1776	44
PB1|PP755595.1|A/cattle/Texas/24-008749-003/2024(H5N1)	1777	44
PB1|PP755595.1|A/cattle/Texas/24-008749-003/2024(H5N1)	1778	44
PB1|PP755595.1|A/cattle/Texas/24-008749-003/2024(H5N1)	1779	44
PB1|PP755595.1|A/cattle/Texas/24-008749-003/2024(H5N1)	1780	43
PB1|PP755595.1|A/cattle/Texas/24-008749-003/2024(H5N1)	1781	43
PB1|PP755595.1|A/cattle/Texas/24-008749-003/2024(H5N1)	1782	42
PB1|PP755595.1|A/cattle/Texas/24-008749-003/2024(H5N1)	1783	42
PB1|PP755595.1|A/cattle/Texas/24-008749-003/2024(H5N1)	1784	44
PB1|PP755595.1|A/cattle/Texas/24-008749-003/2024(H5N1)	1785	43
PB1|PP755595.1|A/cattle/Texas/24-008749-003/2024(H5N1)	1786	43
PB1|PP755595.1|A/cattle/Texas/24-008749-003/2024(H5N1)	1787	43
PB1|PP755595.1|A/cattle/Texas/24-008749-003/2024(H5N1)	1788	43
PB1|PP755595.1|A/cattle/Texas/24-008749-003/2024(H5N1)	1789	43
PB1|PP755595.1|A/cattle/Texas/24-008749-003/2024(H5N1)	1790	43
PB1|PP755595.1|A/cattle/Texas/24-008749-003/2024(H5N1)	1791	43
PB1|PP755595.1|A/cattle/Texas/24-008749-003/2024(H5N1)	1792	43
PB1|PP755595.1|A/cattle/Texas/24-008749-003/2024(H5N1)	1793	43
PB1|PP755595.1|A/cattle/Texas/24-008749-003/2024(H5N1)	1794	43
PB1|PP755595.1|A/cattle/Texas/24-008749-003/2024(H5N1)	1795	43
PB1|PP755595.1|A/cattle/Texas/24-008749-003/2024(H5N1)	1796	41
PB1|PP755595.1|A/cattle/Texas/24-008749-003/2024(H5N1)	1797	41
PB1|PP755595.1|A/cattle/Texas/24-008749-003/2024(H5N1)	1798	39
PB1|PP755595.1|A/cattle/Texas/24-008749-003/2024(H5N1)	1799	39
PB1|PP755595.1|A/cattle/Texas/24-008749-003/2024(H5N1)	1800	36
PB1|PP755595.1|A/cattle/Texas/24-008749-003/2024(H5N1)	1801	35
PB1|PP755595.1|A/cattle/Texas/24-008749-003/2024(H5N1)	1802	34
PB1|PP755595.1|A/cattle/Texas/24-008749-003/2024(H5N1)	1803	34
PB1|PP755595.1|A/cattle/Texas/24-008749-003/2024(H5N1)	1804	33
PB1|PP755595.1|A/cattle/Texas/24-008749-003/2024(H5N1)	1805	32
PB1|PP755595.1|A/cattle/Texas/24-008749-003/2024(H5N1)	1806	32
PB1|PP755595.1|A/cattle/Texas/24-008749-003/2024(H5N1)	1807	33
PB1|PP755595.1|A/cattle/Texas/24-008749-003/2024(H5N1)	1808	33
PB1|PP755595.1|A/cattle/Texas/24-008749-003/2024(H5N1)	1809	33
PB1|PP755595.1|A/cattle/Texas/24-008749-003/2024(H5N1)	1810	30
PB1|PP755595.1|A/cattle/Texas/24-008749-003/2024(H5N1)	1811	30
PB1|PP755595.1|A/cattle/Texas/24-008749-003/2024(H5N1)	1812	32
PB1|PP755595.1|A/cattle/Texas/24-008749-003/2024(H5N1)	1813	32
PB1|PP755595.1|A/cattle/Texas/24-008749-003/2024(H5N1)	1814	32
PB1|PP755595.1|A/cattle/Texas/24-008749-003/2024(H5N1)	1815	31
PB1|PP755595.1|A/cattle/Texas/24-008749-003/2024(H5N1)	1816	31
PB1|PP755595.1|A/cattle/Texas/24-008749-003/2024(H5N1)	1817	31
PB1|PP755595.1|A/cattle/Texas/24-008749-003/2024(H5N1)	1818	30
PB1|PP755595.1|A/cattle/Texas/24-008749-003/2024(H5N1)	1819	30
PB1|PP755595.1|A/cattle/Texas/24-008749-003/2024(H5N1)	1820	29
PB1|PP755595.1|A/cattle/Texas/24-008749-003/2024(H5N1)	1821	30
PB1|PP755595.1|A/cattle/Texas/24-008749-003/2024(H5N1)	1822	29
PB1|PP755595.1|A/cattle/Texas/24-008749-003/2024(H5N1)	1823	29
PB1|PP755595.1|A/cattle/Texas/24-008749-003/2024(H5N1)	1824	29
PB1|PP755595.1|A/cattle/Texas/24-008749-003/2024(H5N1)	1825	29
PB1|PP755595.1|A/cattle/Texas/24-008749-003/2024(H5N1)	1826	29
PB1|PP755595.1|A/cattle/Texas/24-008749-003/2024(H5N1)	1827	29
PB1|PP755595.1|A/cattle/Texas/24-008749-003/2024(H5N1)	1828	29
PB1|PP755595.1|A/cattle/Texas/24-008749-003/2024(H5N1)	1829	30
PB1|PP755595.1|A/cattle/Texas/24-008749-003/2024(H5N1)	1830	28
PB1|PP755595.1|A/cattle/Texas/24-008749-003/2024(H5N1)	1831	28
PB1|PP755595.1|A/cattle/Texas/24-008749-003/2024(H5N1)	1832	28
PB1|PP755595.1|A/cattle/Texas/24-008749-003/2024(H5N1)	1833	28
PB1|PP755595.1|A/cattle/Texas/24-008749-003/2024(H5N1)	1834	28
PB1|PP755595.1|A/cattle/Texas/24-008749-003/2024(H5N1)	1835	28
PB1|PP755595.1|A/cattle/Texas/24-008749-003/2024(H5N1)	1836	27
PB1|PP755595.1|A/cattle/Texas/24-008749-003/2024(H5N1)	1837	27
PB1|PP755595.1|A/cattle/Texas/24-008749-003/2024(H5N1)	1838	27
PB1|PP755595.1|A/cattle/Texas/24-008749-003/2024(H5N1)	1839	29
PB1|PP755595.1|A/cattle/Texas/24-008749-003/2024(H5N1)	1840	29
PB1|PP755595.1|A/cattle/Texas/24-008749-003/2024(H5N1)	1841	29
PB1|PP755595.1|A/cattle/Texas/24-008749-003/2024(H5N1)	1842	29
PB1|PP755595.1|A/cattle/Texas/24-008749-003/2024(H5N1)	1843	28
PB1|PP755595.1|A/cattle/Texas/24-008749-003/2024(H5N1)	1844	28
PB1|PP755595.1|A/cattle/Texas/24-008749-003/2024(H5N1)	1845	31
PB1|PP755595.1|A/cattle/Texas/24-008749-003/2024(H5N1)	1846	31
PB1|PP755595.1|A/cattle/Texas/24-008749-003/2024(H5N1)	1847	31
PB1|PP755595.1|A/cattle/Texas/24-008749-003/2024(H5N1)	1848	31
PB1|PP755595.1|A/cattle/Texas/24-008749-003/2024(H5N1)	1849	32
PB1|PP755595.1|A/cattle/Texas/24-008749-003/2024(H5N1)	1850	33
PB1|PP755595.1|A/cattle/Texas/24-008749-003/2024(H5N1)	1851	33
PB1|PP755595.1|A/cattle/Texas/24-008749-003/2024(H5N1)	1852	33
PB1|PP755595.1|A/cattle/Texas/24-008749-003/2024(H5N1)	1853	34
PB1|PP755595.1|A/cattle/Texas/24-008749-003/2024(H5N1)	1854	34
PB1|PP755595.1|A/cattle/Texas/24-008749-003/2024(H5N1)	1855	34
PB1|PP755595.1|A/cattle/Texas/24-008749-003/2024(H5N1)	1856	34
PB1|PP755595.1|A/cattle/Texas/24-008749-003/2024(H5N1)	1857	37
PB1|PP755595.1|A/cattle/Texas/24-008749-003/2024(H5N1)	1858	37
PB1|PP755595.1|A/cattle/Texas/24-008749-003/2024(H5N1)	1859	38
PB1|PP755595.1|A/cattle/Texas/24-008749-003/2024(H5N1)	1860	37
PB1|PP755595.1|A/cattle/Texas/24-008749-003/2024(H5N1)	1861	37
PB1|PP755595.1|A/cattle/Texas/24-008749-003/2024(H5N1)	1862	37
PB1|PP755595.1|A/cattle/Texas/24-008749-003/2024(H5N1)	1863	37
PB1|PP755595.1|A/cattle/Texas/24-008749-003/2024(H5N1)	1864	35
PB1|PP755595.1|A/cattle/Texas/24-008749-003/2024(H5N1)	1865	35
PB1|PP755595.1|A/cattle/Texas/24-008749-003/2024(H5N1)	1866	34
PB1|PP755595.1|A/cattle/Texas/24-008749-003/2024(H5N1)	1867	33
PB1|PP755595.1|A/cattle/Texas/24-008749-003/2024(H5N1)	1868	33
PB1|PP755595.1|A/cattle/Texas/24-008749-003/2024(H5N1)	1869	33
PB1|PP755595.1|A/cattle/Texas/24-008749-003/2024(H5N1)	1870	33
PB1|PP755595.1|A/cattle/Texas/24-008749-003/2024(H5N1)	1871	33
PB1|PP755595.1|A/cattle/Texas/24-008749-003/2024(H5N1)	1872	36
PB1|PP755595.1|A/cattle/Texas/24-008749-003/2024(H5N1)	1873	36
PB1|PP755595.1|A/cattle/Texas/24-008749-003/2024(H5N1)	1874	36
PB1|PP755595.1|A/cattle/Texas/24-008749-003/2024(H5N1)	1875	36
PB1|PP755595.1|A/cattle/Texas/24-008749-003/2024(H5N1)	1876	36
PB1|PP755595.1|A/cattle/Texas/24-008749-003/2024(H5N1)	1877	35
PB1|PP755595.1|A/cattle/Texas/24-008749-003/2024(H5N1)	1878	33
PB1|PP755595.1|A/cattle/Texas/24-008749-003/2024(H5N1)	1879	33
PB1|PP755595.1|A/cattle/Texas/24-008749-003/2024(H5N1)	1880	33
PB1|PP755595.1|A/cattle/Texas/24-008749-003/2024(H5N1)	1881	33
PB1|PP755595.1|A/cattle/Texas/24-008749-003/2024(H5N1)	1882	32
PB1|PP755595.1|A/cattle/Texas/24-008749-003/2024(H5N1)	1883	32
PB1|PP755595.1|A/cattle/Texas/24-008749-003/2024(H5N1)	1884	32
PB1|PP755595.1|A/cattle/Texas/24-008749-003/2024(H5N1)	1885	32
PB1|PP755595.1|A/cattle/Texas/24-008749-003/2024(H5N1)	1886	32
PB1|PP755595.1|A/cattle/Texas/24-008749-003/2024(H5N1)	1887	32
PB1|PP755595.1|A/cattle/Texas/24-008749-003/2024(H5N1)	1888	32
PB1|PP755595.1|A/cattle/Texas/24-008749-003/2024(H5N1)	1889	31
PB1|PP755595.1|A/cattle/Texas/24-008749-003/2024(H5N1)	1890	30
PB1|PP755595.1|A/cattle/Texas/24-008749-003/2024(H5N1)	1891	31
PB1|PP755595.1|A/cattle/Texas/24-008749-003/2024(H5N1)	1892	31
PB1|PP755595.1|A/cattle/Texas/24-008749-003/2024(H5N1)	1893	31
PB1|PP755595.1|A/cattle/Texas/24-008749-003/2024(H5N1)	1894	31
PB1|PP755595.1|A/cattle/Texas/24-008749-003/2024(H5N1)	1895	31
PB1|PP755595.1|A/cattle/Texas/24-008749-003/2024(H5N1)	1896	31
PB1|PP755595.1|A/cattle/Texas/24-008749-003/2024(H5N1)	1897	31
PB1|PP755595.1|A/cattle/Texas/24-008749-003/2024(H5N1)	1898	31
PB1|PP755595.1|A/cattle/Texas/24-008749-003/2024(H5N1)	1899	31
PB1|PP755595.1|A/cattle/Texas/24-008749-003/2024(H5N1)	1900	31
PB1|PP755595.1|A/cattle/Texas/24-008749-003/2024(H5N1)	1901	31
PB1|PP755595.1|A/cattle/Texas/24-008749-003/2024(H5N1)	1902	33
PB1|PP755595.1|A/cattle/Texas/24-008749-003/2024(H5N1)	1903	33
PB1|PP755595.1|A/cattle/Texas/24-008749-003/2024(H5N1)	1904	33
PB1|PP755595.1|A/cattle/Texas/24-008749-003/2024(H5N1)	1905	33
PB1|PP755595.1|A/cattle/Texas/24-008749-003/2024(H5N1)	1906	33
PB1|PP755595.1|A/cattle/Texas/24-008749-003/2024(H5N1)	1907	33
PB1|PP755595.1|A/cattle/Texas/24-008749-003/2024(H5N1)	1908	33
PB1|PP755595.1|A/cattle/Texas/24-008749-003/2024(H5N1)	1909	33
PB1|PP755595.1|A/cattle/Texas/24-008749-003/2024(H5N1)	1910	33
PB1|PP755595.1|A/cattle/Texas/24-008749-003/2024(H5N1)	1911	33
PB1|PP755595.1|A/cattle/Texas/24-008749-003/2024(H5N1)	1912	33
PB1|PP755595.1|A/cattle/Texas/24-008749-003/2024(H5N1)	1913	30
PB1|PP755595.1|A/cattle/Texas/24-008749-003/2024(H5N1)	1914	30
PB1|PP755595.1|A/cattle/Texas/24-008749-003/2024(H5N1)	1915	28
PB1|PP755595.1|A/cattle/Texas/24-008749-003/2024(H5N1)	1916	28
PB1|PP755595.1|A/cattle/Texas/24-008749-003/2024(H5N1)	1917	28
PB1|PP755595.1|A/cattle/Texas/24-008749-003/2024(H5N1)	1918	28
PB1|PP755595.1|A/cattle/Texas/24-008749-003/2024(H5N1)	1919	28
PB1|PP755595.1|A/cattle/Texas/24-008749-003/2024(H5N1)	1920	28
PB1|PP755595.1|A/cattle/Texas/24-008749-003/2024(H5N1)	1921	28
PB1|PP755595.1|A/cattle/Texas/24-008749-003/2024(H5N1)	1922	30
PB1|PP755595.1|A/cattle/Texas/24-008749-003/2024(H5N1)	1923	34
PB1|PP755595.1|A/cattle/Texas/24-008749-003/2024(H5N1)	1924	34
PB1|PP755595.1|A/cattle/Texas/24-008749-003/2024(H5N1)	1925	35
PB1|PP755595.1|A/cattle/Texas/24-008749-003/2024(H5N1)	1926	35
PB1|PP755595.1|A/cattle/Texas/24-008749-003/2024(H5N1)	1927	36
PB1|PP755595.1|A/cattle/Texas/24-008749-003/2024(H5N1)	1928	36
PB1|PP755595.1|A/cattle/Texas/24-008749-003/2024(H5N1)	1929	36
PB1|PP755595.1|A/cattle/Texas/24-008749-003/2024(H5N1)	1930	37
PB1|PP755595.1|A/cattle/Texas/24-008749-003/2024(H5N1)	1931	37
PB1|PP755595.1|A/cattle/Texas/24-008749-003/2024(H5N1)	1932	37
PB1|PP755595.1|A/cattle/Texas/24-008749-003/2024(H5N1)	1933	38
PB1|PP755595.1|A/cattle/Texas/24-008749-003/2024(H5N1)	1934	37
PB1|PP755595.1|A/cattle/Texas/24-008749-003/2024(H5N1)	1935	36
PB1|PP755595.1|A/cattle/Texas/24-008749-003/2024(H5N1)	1936	36
PB1|PP755595.1|A/cattle/Texas/24-008749-003/2024(H5N1)	1937	36
PB1|PP755595.1|A/cattle/Texas/24-008749-003/2024(H5N1)	1938	36
PB1|PP755595.1|A/cattle/Texas/24-008749-003/2024(H5N1)	1939	36
PB1|PP755595.1|A/cattle/Texas/24-008749-003/2024(H5N1)	1940	36
PB1|PP755595.1|A/cattle/Texas/24-008749-003/2024(H5N1)	1941	36
PB1|PP755595.1|A/cattle/Texas/24-008749-003/2024(H5N1)	1942	36
PB1|PP755595.1|A/cattle/Texas/24-008749-003/2024(H5N1)	1943	36
PB1|PP755595.1|A/cattle/Texas/24-008749-003/2024(H5N1)	1944	36
PB1|PP755595.1|A/cattle/Texas/24-008749-003/2024(H5N1)	1945	36
PB1|PP755595.1|A/cattle/Texas/24-008749-003/2024(H5N1)	1946	36
PB1|PP755595.1|A/cattle/Texas/24-008749-003/2024(H5N1)	1947	36
PB1|PP755595.1|A/cattle/Texas/24-008749-003/2024(H5N1)	1948	36
PB1|PP755595.1|A/cattle/Texas/24-008749-003/2024(H5N1)	1949	36
PB1|PP755595.1|A/cattle/Texas/24-008749-003/2024(H5N1)	1950	36
PB1|PP755595.1|A/cattle/Texas/24-008749-003/2024(H5N1)	1951	36
PB1|PP755595.1|A/cattle/Texas/24-008749-003/2024(H5N1)	1952	36
PB1|PP755595.1|A/cattle/Texas/24-008749-003/2024(H5N1)	1953	36
PB1|PP755595.1|A/cattle/Texas/24-008749-003/2024(H5N1)	1954	37
PB1|PP755595.1|A/cattle/Texas/24-008749-003/2024(H5N1)	1955	38
PB1|PP755595.1|A/cattle/Texas/24-008749-003/2024(H5N1)	1956	38
PB1|PP755595.1|A/cattle/Texas/24-008749-003/2024(H5N1)	1957	38
PB1|PP755595.1|A/cattle/Texas/24-008749-003/2024(H5N1)	1958	37
PB1|PP755595.1|A/cattle/Texas/24-008749-003/2024(H5N1)	1959	37
PB1|PP755595.1|A/cattle/Texas/24-008749-003/2024(H5N1)	1960	39
PB1|PP755595.1|A/cattle/Texas/24-008749-003/2024(H5N1)	1961	39
PB1|PP755595.1|A/cattle/Texas/24-008749-003/2024(H5N1)	1962	36
PB1|PP755595.1|A/cattle/Texas/24-008749-003/2024(H5N1)	1963	35
PB1|PP755595.1|A/cattle/Texas/24-008749-003/2024(H5N1)	1964	35
PB1|PP755595.1|A/cattle/Texas/24-008749-003/2024(H5N1)	1965	35
PB1|PP755595.1|A/cattle/Texas/24-008749-003/2024(H5N1)	1966	35
PB1|PP755595.1|A/cattle/Texas/24-008749-003/2024(H5N1)	1967	36
PB1|PP755595.1|A/cattle/Texas/24-008749-003/2024(H5N1)	1968	38
PB1|PP755595.1|A/cattle/Texas/24-008749-003/2024(H5N1)	1969	38
PB1|PP755595.1|A/cattle/Texas/24-008749-003/2024(H5N1)	1970	39
PB1|PP755595.1|A/cattle/Texas/24-008749-003/2024(H5N1)	1971	39
PB1|PP755595.1|A/cattle/Texas/24-008749-003/2024(H5N1)	1972	38
PB1|PP755595.1|A/cattle/Texas/24-008749-003/2024(H5N1)	1973	38
PB1|PP755595.1|A/cattle/Texas/24-008749-003/2024(H5N1)	1974	38
PB1|PP755595.1|A/cattle/Texas/24-008749-003/2024(H5N1)	1975	35
PB1|PP755595.1|A/cattle/Texas/24-008749-003/2024(H5N1)	1976	34
PB1|PP755595.1|A/cattle/Texas/24-008749-003/2024(H5N1)	1977	33
PB1|PP755595.1|A/cattle/Texas/24-008749-003/2024(H5N1)	1978	33
PB1|PP755595.1|A/cattle/Texas/24-008749-003/2024(H5N1)	1979	33
PB1|PP755595.1|A/cattle/Texas/24-008749-003/2024(H5N1)	1980	33
PB1|PP755595.1|A/cattle/Texas/24-008749-003/2024(H5N1)	1981	33
PB1|PP755595.1|A/cattle/Texas/24-008749-003/2024(H5N1)	1982	33
PB1|PP755595.1|A/cattle/Texas/24-008749-003/2024(H5N1)	1983	33
PB1|PP755595.1|A/cattle/Texas/24-008749-003/2024(H5N1)	1984	33
PB1|PP755595.1|A/cattle/Texas/24-008749-003/2024(H5N1)	1985	33
PB1|PP755595.1|A/cattle/Texas/24-008749-003/2024(H5N1)	1986	33
PB1|PP755595.1|A/cattle/Texas/24-008749-003/2024(H5N1)	1987	33
PB1|PP755595.1|A/cattle/Texas/24-008749-003/2024(H5N1)	1988	31
PB1|PP755595.1|A/cattle/Texas/24-008749-003/2024(H5N1)	1989	31
PB1|PP755595.1|A/cattle/Texas/24-008749-003/2024(H5N1)	1990	31
PB1|PP755595.1|A/cattle/Texas/24-008749-003/2024(H5N1)	1991	32
PB1|PP755595.1|A/cattle/Texas/24-008749-003/2024(H5N1)	1992	33
PB1|PP755595.1|A/cattle/Texas/24-008749-003/2024(H5N1)	1993	33
PB1|PP755595.1|A/cattle/Texas/24-008749-003/2024(H5N1)	1994	33
PB1|PP755595.1|A/cattle/Texas/24-008749-003/2024(H5N1)	1995	33
PB1|PP755595.1|A/cattle/Texas/24-008749-003/2024(H5N1)	1996	32
PB1|PP755595.1|A/cattle/Texas/24-008749-003/2024(H5N1)	1997	32
PB1|PP755595.1|A/cattle/Texas/24-008749-003/2024(H5N1)	1998	32
PB1|PP755595.1|A/cattle/Texas/24-008749-003/2024(H5N1)	1999	32
PB1|PP755595.1|A/cattle/Texas/24-008749-003/2024(H5N1)	2000	33
PB1|PP755595.1|A/cattle/Texas/24-008749-003/2024(H5N1)	2001	34
PB1|PP755595.1|A/cattle/Texas/24-008749-003/2024(H5N1)	2002	35
PB1|PP755595.1|A/cattle/Texas/24-008749-003/2024(H5N1)	2003	34
PB1|PP755595.1|A/cattle/Texas/24-008749-003/2024(H5N1)	2004	34
PB1|PP755595.1|A/cattle/Texas/24-008749-003/2024(H5N1)	2005	34
PB1|PP755595.1|A/cattle/Texas/24-008749-003/2024(H5N1)	2006	34
PB1|PP755595.1|A/cattle/Texas/24-008749-003/2024(H5N1)	2007	34
PB1|PP755595.1|A/cattle/Texas/24-008749-003/2024(H5N1)	2008	31
PB1|PP755595.1|A/cattle/Texas/24-008749-003/2024(H5N1)	2009	31
PB1|PP755595.1|A/cattle/Texas/24-008749-003/2024(H5N1)	2010	32
PB1|PP755595.1|A/cattle/Texas/24-008749-003/2024(H5N1)	2011	31
PB1|PP755595.1|A/cattle/Texas/24-008749-003/2024(H5N1)	2012	33
PB1|PP755595.1|A/cattle/Texas/24-008749-003/2024(H5N1)	2013	33
PB1|PP755595.1|A/cattle/Texas/24-008749-003/2024(H5N1)	2014	33
PB1|PP755595.1|A/cattle/Texas/24-008749-003/2024(H5N1)	2015	33
PB1|PP755595.1|A/cattle/Texas/24-008749-003/2024(H5N1)	2016	33
PB1|PP755595.1|A/cattle/Texas/24-008749-003/2024(H5N1)	2017	33
PB1|PP755595.1|A/cattle/Texas/24-008749-003/2024(H5N1)	2018	33
PB1|PP755595.1|A/cattle/Texas/24-008749-003/2024(H5N1)	2019	33
PB1|PP755595.1|A/cattle/Texas/24-008749-003/2024(H5N1)	2020	33
PB1|PP755595.1|A/cattle/Texas/24-008749-003/2024(H5N1)	2021	33
PB1|PP755595.1|A/cattle/Texas/24-008749-003/2024(H5N1)	2022	33
PB1|PP755595.1|A/cattle/Texas/24-008749-003/2024(H5N1)	2023	30
PB1|PP755595.1|A/cattle/Texas/24-008749-003/2024(H5N1)	2024	30
PB1|PP755595.1|A/cattle/Texas/24-008749-003/2024(H5N1)	2025	30
PB1|PP755595.1|A/cattle/Texas/24-008749-003/2024(H5N1)	2026	31
PB1|PP755595.1|A/cattle/Texas/24-008749-003/2024(H5N1)	2027	31
PB1|PP755595.1|A/cattle/Texas/24-008749-003/2024(H5N1)	2028	31
PB1|PP755595.1|A/cattle/Texas/24-008749-003/2024(H5N1)	2029	31
PB1|PP755595.1|A/cattle/Texas/24-008749-003/2024(H5N1)	2030	31
PB1|PP755595.1|A/cattle/Texas/24-008749-003/2024(H5N1)	2031	31
PB1|PP755595.1|A/cattle/Texas/24-008749-003/2024(H5N1)	2032	32
PB1|PP755595.1|A/cattle/Texas/24-008749-003/2024(H5N1)	2033	32
PB1|PP755595.1|A/cattle/Texas/24-008749-003/2024(H5N1)	2034	32
PB1|PP755595.1|A/cattle/Texas/24-008749-003/2024(H5N1)	2035	32
PB1|PP755595.1|A/cattle/Texas/24-008749-003/2024(H5N1)	2036	32
PB1|PP755595.1|A/cattle/Texas/24-008749-003/2024(H5N1)	2037	32
PB1|PP755595.1|A/cattle/Texas/24-008749-003/2024(H5N1)	2038	32
PB1|PP755595.1|A/cattle/Texas/24-008749-003/2024(H5N1)	2039	32
PB1|PP755595.1|A/cattle/Texas/24-008749-003/2024(H5N1)	2040	32
PB1|PP755595.1|A/cattle/Texas/24-008749-003/2024(H5N1)	2041	31
PB1|PP755595.1|A/cattle/Texas/24-008749-003/2024(H5N1)	2042	31
PB1|PP755595.1|A/cattle/Texas/24-008749-003/2024(H5N1)	2043	31
PB1|PP755595.1|A/cattle/Texas/24-008749-003/2024(H5N1)	2044	31
PB1|PP755595.1|A/cattle/Texas/24-008749-003/2024(H5N1)	2045	31
PB1|PP755595.1|A/cattle/Texas/24-008749-003/2024(H5N1)	2046	32
PB1|PP755595.1|A/cattle/Texas/24-008749-003/2024(H5N1)	2047	32
PB1|PP755595.1|A/cattle/Texas/24-008749-003/2024(H5N1)	2048	32
PB1|PP755595.1|A/cattle/Texas/24-008749-003/2024(H5N1)	2049	32
PB1|PP755595.1|A/cattle/Texas/24-008749-003/2024(H5N1)	2050	32
PB1|PP755595.1|A/cattle/Texas/24-008749-003/2024(H5N1)	2051	32
PB1|PP755595.1|A/cattle/Texas/24-008749-003/2024(H5N1)	2052	32
PB1|PP755595.1|A/cattle/Texas/24-008749-003/2024(H5N1)	2053	30
PB1|PP755595.1|A/cattle/Texas/24-008749-003/2024(H5N1)	2054	30
PB1|PP755595.1|A/cattle/Texas/24-008749-003/2024(H5N1)	2055	30
PB1|PP755595.1|A/cattle/Texas/24-008749-003/2024(H5N1)	2056	30
PB1|PP755595.1|A/cattle/Texas/24-008749-003/2024(H5N1)	2057	30
PB1|PP755595.1|A/cattle/Texas/24-008749-003/2024(H5N1)	2058	30
PB1|PP755595.1|A/cattle/Texas/24-008749-003/2024(H5N1)	2059	30
PB1|PP755595.1|A/cattle/Texas/24-008749-003/2024(H5N1)	2060	30
PB1|PP755595.1|A/cattle/Texas/24-008749-003/2024(H5N1)	2061	30
PB1|PP755595.1|A/cattle/Texas/24-008749-003/2024(H5N1)	2062	30
PB1|PP755595.1|A/cattle/Texas/24-008749-003/2024(H5N1)	2063	30
PB1|PP755595.1|A/cattle/Texas/24-008749-003/2024(H5N1)	2064	32
PB1|PP755595.1|A/cattle/Texas/24-008749-003/2024(H5N1)	2065	32
PB1|PP755595.1|A/cattle/Texas/24-008749-003/2024(H5N1)	2066	32
PB1|PP755595.1|A/cattle/Texas/24-008749-003/2024(H5N1)	2067	32
PB1|PP755595.1|A/cattle/Texas/24-008749-003/2024(H5N1)	2068	32
PB1|PP755595.1|A/cattle/Texas/24-008749-003/2024(H5N1)	2069	32
PB1|PP755595.1|A/cattle/Texas/24-008749-003/2024(H5N1)	2070	32
PB1|PP755595.1|A/cattle/Texas/24-008749-003/2024(H5N1)	2071	32
PB1|PP755595.1|A/cattle/Texas/24-008749-003/2024(H5N1)	2072	32
PB1|PP755595.1|A/cattle/Texas/24-008749-003/2024(H5N1)	2073	32
PB1|PP755595.1|A/cattle/Texas/24-008749-003/2024(H5N1)	2074	32
PB1|PP755595.1|A/cattle/Texas/24-008749-003/2024(H5N1)	2075	32
PB1|PP755595.1|A/cattle/Texas/24-008749-003/2024(H5N1)	2076	30
PB1|PP755595.1|A/cattle/Texas/24-008749-003/2024(H5N1)	2077	31
PB1|PP755595.1|A/cattle/Texas/24-008749-003/2024(H5N1)	2078	31
PB1|PP755595.1|A/cattle/Texas/24-008749-003/2024(H5N1)	2079	31
PB1|PP755595.1|A/cattle/Texas/24-008749-003/2024(H5N1)	2080	31
PB1|PP755595.1|A/cattle/Texas/24-008749-003/2024(H5N1)	2081	30
PB1|PP755595.1|A/cattle/Texas/24-008749-003/2024(H5N1)	2082	30
PB1|PP755595.1|A/cattle/Texas/24-008749-003/2024(H5N1)	2083	29
PB1|PP755595.1|A/cattle/Texas/24-008749-003/2024(H5N1)	2084	29
PB1|PP755595.1|A/cattle/Texas/24-008749-003/2024(H5N1)	2085	29
PB1|PP755595.1|A/cattle/Texas/24-008749-003/2024(H5N1)	2086	29
PB1|PP755595.1|A/cattle/Texas/24-008749-003/2024(H5N1)	2087	29
PB1|PP755595.1|A/cattle/Texas/24-008749-003/2024(H5N1)	2088	30
PB1|PP755595.1|A/cattle/Texas/24-008749-003/2024(H5N1)	2089	30
PB1|PP755595.1|A/cattle/Texas/24-008749-003/2024(H5N1)	2090	30
PB1|PP755595.1|A/cattle/Texas/24-008749-003/2024(H5N1)	2091	30
PB1|PP755595.1|A/cattle/Texas/24-008749-003/2024(H5N1)	2092	30
PB1|PP755595.1|A/cattle/Texas/24-008749-003/2024(H5N1)	2093	30
PB1|PP755595.1|A/cattle/Texas/24-008749-003/2024(H5N1)	2094	30
PB1|PP755595.1|A/cattle/Texas/24-008749-003/2024(H5N1)	2095	30
PB1|PP755595.1|A/cattle/Texas/24-008749-003/2024(H5N1)	2096	30
PB1|PP755595.1|A/cattle/Texas/24-008749-003/2024(H5N1)	2097	30
PB1|PP755595.1|A/cattle/Texas/24-008749-003/2024(H5N1)	2098	31
PB1|PP755595.1|A/cattle/Texas/24-008749-003/2024(H5N1)	2099	31
PB1|PP755595.1|A/cattle/Texas/24-008749-003/2024(H5N1)	2100	31
PB1|PP755595.1|A/cattle/Texas/24-008749-003/2024(H5N1)	2101	31
PB1|PP755595.1|A/cattle/Texas/24-008749-003/2024(H5N1)	2102	31
PB1|PP755595.1|A/cattle/Texas/24-008749-003/2024(H5N1)	2103	30
PB1|PP755595.1|A/cattle/Texas/24-008749-003/2024(H5N1)	2104	30
PB1|PP755595.1|A/cattle/Texas/24-008749-003/2024(H5N1)	2105	29
PB1|PP755595.1|A/cattle/Texas/24-008749-003/2024(H5N1)	2106	29
PB1|PP755595.1|A/cattle/Texas/24-008749-003/2024(H5N1)	2107	29
PB1|PP755595.1|A/cattle/Texas/24-008749-003/2024(H5N1)	2108	29
PB1|PP755595.1|A/cattle/Texas/24-008749-003/2024(H5N1)	2109	27
PB1|PP755595.1|A/cattle/Texas/24-008749-003/2024(H5N1)	2110	29
PB1|PP755595.1|A/cattle/Texas/24-008749-003/2024(H5N1)	2111	29
PB1|PP755595.1|A/cattle/Texas/24-008749-003/2024(H5N1)	2112	29
PB1|PP755595.1|A/cattle/Texas/24-008749-003/2024(H5N1)	2113	29
PB1|PP755595.1|A/cattle/Texas/24-008749-003/2024(H5N1)	2114	29
PB1|PP755595.1|A/cattle/Texas/24-008749-003/2024(H5N1)	2115	29
PB1|PP755595.1|A/cattle/Texas/24-008749-003/2024(H5N1)	2116	29
PB1|PP755595.1|A/cattle/Texas/24-008749-003/2024(H5N1)	2117	29
PB1|PP755595.1|A/cattle/Texas/24-008749-003/2024(H5N1)	2118	28
PB1|PP755595.1|A/cattle/Texas/24-008749-003/2024(H5N1)	2119	26
PB1|PP755595.1|A/cattle/Texas/24-008749-003/2024(H5N1)	2120	26
PB1|PP755595.1|A/cattle/Texas/24-008749-003/2024(H5N1)	2121	25
PB1|PP755595.1|A/cattle/Texas/24-008749-003/2024(H5N1)	2122	25
PB1|PP755595.1|A/cattle/Texas/24-008749-003/2024(H5N1)	2123	25
PB1|PP755595.1|A/cattle/Texas/24-008749-003/2024(H5N1)	2124	25
PB1|PP755595.1|A/cattle/Texas/24-008749-003/2024(H5N1)	2125	25
PB1|PP755595.1|A/cattle/Texas/24-008749-003/2024(H5N1)	2126	25
PB1|PP755595.1|A/cattle/Texas/24-008749-003/2024(H5N1)	2127	25
PB1|PP755595.1|A/cattle/Texas/24-008749-003/2024(H5N1)	2128	25
PB1|PP755595.1|A/cattle/Texas/24-008749-003/2024(H5N1)	2129	25
PB1|PP755595.1|A/cattle/Texas/24-008749-003/2024(H5N1)	2130	25
PB1|PP755595.1|A/cattle/Texas/24-008749-003/2024(H5N1)	2131	25
PB1|PP755595.1|A/cattle/Texas/24-008749-003/2024(H5N1)	2132	25
PB1|PP755595.1|A/cattle/Texas/24-008749-003/2024(H5N1)	2133	25
PB1|PP755595.1|A/cattle/Texas/24-008749-003/2024(H5N1)	2134	25
PB1|PP755595.1|A/cattle/Texas/24-008749-003/2024(H5N1)	2135	25
PB1|PP755595.1|A/cattle/Texas/24-008749-003/2024(H5N1)	2136	25
PB1|PP755595.1|A/cattle/Texas/24-008749-003/2024(H5N1)	2137	25
PB1|PP755595.1|A/cattle/Texas/24-008749-003/2024(H5N1)	2138	25
PB1|PP755595.1|A/cattle/Texas/24-008749-003/2024(H5N1)	2139	26
PB1|PP755595.1|A/cattle/Texas/24-008749-003/2024(H5N1)	2140	32
PB1|PP755595.1|A/cattle/Texas/24-008749-003/2024(H5N1)	2141	32
PB1|PP755595.1|A/cattle/Texas/24-008749-003/2024(H5N1)	2142	31
PB1|PP755595.1|A/cattle/Texas/24-008749-003/2024(H5N1)	2143	30
PB1|PP755595.1|A/cattle/Texas/24-008749-003/2024(H5N1)	2144	30
PB1|PP755595.1|A/cattle/Texas/24-008749-003/2024(H5N1)	2145	30
PB1|PP755595.1|A/cattle/Texas/24-008749-003/2024(H5N1)	2146	30
PB1|PP755595.1|A/cattle/Texas/24-008749-003/2024(H5N1)	2147	28
PB1|PP755595.1|A/cattle/Texas/24-008749-003/2024(H5N1)	2148	31
PB1|PP755595.1|A/cattle/Texas/24-008749-003/2024(H5N1)	2149	31
PB1|PP755595.1|A/cattle/Texas/24-008749-003/2024(H5N1)	2150	31
PB1|PP755595.1|A/cattle/Texas/24-008749-003/2024(H5N1)	2151	29
PB1|PP755595.1|A/cattle/Texas/24-008749-003/2024(H5N1)	2152	27
PB1|PP755595.1|A/cattle/Texas/24-008749-003/2024(H5N1)	2153	26
PB1|PP755595.1|A/cattle/Texas/24-008749-003/2024(H5N1)	2154	26
PB1|PP755595.1|A/cattle/Texas/24-008749-003/2024(H5N1)	2155	26
PB1|PP755595.1|A/cattle/Texas/24-008749-003/2024(H5N1)	2156	26
PB1|PP755595.1|A/cattle/Texas/24-008749-003/2024(H5N1)	2157	26
PB1|PP755595.1|A/cattle/Texas/24-008749-003/2024(H5N1)	2158	26
PB1|PP755595.1|A/cattle/Texas/24-008749-003/2024(H5N1)	2159	26
PB1|PP755595.1|A/cattle/Texas/24-008749-003/2024(H5N1)	2160	24
PB1|PP755595.1|A/cattle/Texas/24-008749-003/2024(H5N1)	2161	24
PB1|PP755595.1|A/cattle/Texas/24-008749-003/2024(H5N1)	2162	25
PB1|PP755595.1|A/cattle/Texas/24-008749-003/2024(H5N1)	2163	23
PB1|PP755595.1|A/cattle/Texas/24-008749-003/2024(H5N1)	2164	23
PB1|PP755595.1|A/cattle/Texas/24-008749-003/2024(H5N1)	2165	23
PB1|PP755595.1|A/cattle/Texas/24-008749-003/2024(H5N1)	2166	26
PB1|PP755595.1|A/cattle/Texas/24-008749-003/2024(H5N1)	2167	26
PB1|PP755595.1|A/cattle/Texas/24-008749-003/2024(H5N1)	2168	30
PB1|PP755595.1|A/cattle/Texas/24-008749-003/2024(H5N1)	2169	30
PB1|PP755595.1|A/cattle/Texas/24-008749-003/2024(H5N1)	2170	30
PB1|PP755595.1|A/cattle/Texas/24-008749-003/2024(H5N1)	2171	30
PB1|PP755595.1|A/cattle/Texas/24-008749-003/2024(H5N1)	2172	28
PB1|PP755595.1|A/cattle/Texas/24-008749-003/2024(H5N1)	2173	28
PB1|PP755595.1|A/cattle/Texas/24-008749-003/2024(H5N1)	2174	28
PB1|PP755595.1|A/cattle/Texas/24-008749-003/2024(H5N1)	2175	28
PB1|PP755595.1|A/cattle/Texas/24-008749-003/2024(H5N1)	2176	28
PB1|PP755595.1|A/cattle/Texas/24-008749-003/2024(H5N1)	2177	27
PB1|PP755595.1|A/cattle/Texas/24-008749-003/2024(H5N1)	2178	27
PB1|PP755595.1|A/cattle/Texas/24-008749-003/2024(H5N1)	2179	27
PB1|PP755595.1|A/cattle/Texas/24-008749-003/2024(H5N1)	2180	27
PB1|PP755595.1|A/cattle/Texas/24-008749-003/2024(H5N1)	2181	27
PB1|PP755595.1|A/cattle/Texas/24-008749-003/2024(H5N1)	2182	27
PB1|PP755595.1|A/cattle/Texas/24-008749-003/2024(H5N1)	2183	26
PB1|PP755595.1|A/cattle/Texas/24-008749-003/2024(H5N1)	2184	26
PB1|PP755595.1|A/cattle/Texas/24-008749-003/2024(H5N1)	2185	26
PB1|PP755595.1|A/cattle/Texas/24-008749-003/2024(H5N1)	2186	26
PB1|PP755595.1|A/cattle/Texas/24-008749-003/2024(H5N1)	2187	26
PB1|PP755595.1|A/cattle/Texas/24-008749-003/2024(H5N1)	2188	26
PB1|PP755595.1|A/cattle/Texas/24-008749-003/2024(H5N1)	2189	26
PB1|PP755595.1|A/cattle/Texas/24-008749-003/2024(H5N1)	2190	26
PB1|PP755595.1|A/cattle/Texas/24-008749-003/2024(H5N1)	2191	26
PB1|PP755595.1|A/cattle/Texas/24-008749-003/2024(H5N1)	2192	26
PB1|PP755595.1|A/cattle/Texas/24-008749-003/2024(H5N1)	2193	26
PB1|PP755595.1|A/cattle/Texas/24-008749-003/2024(H5N1)	2194	26
PB1|PP755595.1|A/cattle/Texas/24-008749-003/2024(H5N1)	2195	25
PB1|PP755595.1|A/cattle/Texas/24-008749-003/2024(H5N1)	2196	25
PB1|PP755595.1|A/cattle/Texas/24-008749-003/2024(H5N1)	2197	25
PB1|PP755595.1|A/cattle/Texas/24-008749-003/2024(H5N1)	2198	25
PB1|PP755595.1|A/cattle/Texas/24-008749-003/2024(H5N1)	2199	25
PB1|PP755595.1|A/cattle/Texas/24-008749-003/2024(H5N1)	2200	25
PB1|PP755595.1|A/cattle/Texas/24-008749-003/2024(H5N1)	2201	25
PB1|PP755595.1|A/cattle/Texas/24-008749-003/2024(H5N1)	2202	25
PB1|PP755595.1|A/cattle/Texas/24-008749-003/2024(H5N1)	2203	25
PB1|PP755595.1|A/cattle/Texas/24-008749-003/2024(H5N1)	2204	25
PB1|PP755595.1|A/cattle/Texas/24-008749-003/2024(H5N1)	2205	25
PB1|PP755595.1|A/cattle/Texas/24-008749-003/2024(H5N1)	2206	25
PB1|PP755595.1|A/cattle/Texas/24-008749-003/2024(H5N1)	2207	25
PB1|PP755595.1|A/cattle/Texas/24-008749-003/2024(H5N1)	2208	25
PB1|PP755595.1|A/cattle/Texas/24-008749-003/2024(H5N1)	2209	25
PB1|PP755595.1|A/cattle/Texas/24-008749-003/2024(H5N1)	2210	25
PB1|PP755595.1|A/cattle/Texas/24-008749-003/2024(H5N1)	2211	23
PB1|PP755595.1|A/cattle/Texas/24-008749-003/2024(H5N1)	2212	23
PB1|PP755595.1|A/cattle/Texas/24-008749-003/2024(H5N1)	2213	23
PB1|PP755595.1|A/cattle/Texas/24-008749-003/2024(H5N1)	2214	23
PB1|PP755595.1|A/cattle/Texas/24-008749-003/2024(H5N1)	2215	23
PB1|PP755595.1|A/cattle/Texas/24-008749-003/2024(H5N1)	2216	23
PB1|PP755595.1|A/cattle/Texas/24-008749-003/2024(H5N1)	2217	23
PB1|PP755595.1|A/cattle/Texas/24-008749-003/2024(H5N1)	2218	23
PB1|PP755595.1|A/cattle/Texas/24-008749-003/2024(H5N1)	2219	23
PB1|PP755595.1|A/cattle/Texas/24-008749-003/2024(H5N1)	2220	23
PB1|PP755595.1|A/cattle/Texas/24-008749-003/2024(H5N1)	2221	23
PB1|PP755595.1|A/cattle/Texas/24-008749-003/2024(H5N1)	2222	23
PB1|PP755595.1|A/cattle/Texas/24-008749-003/2024(H5N1)	2223	23
PB1|PP755595.1|A/cattle/Texas/24-008749-003/2024(H5N1)	2224	23
PB1|PP755595.1|A/cattle/Texas/24-008749-003/2024(H5N1)	2225	21
PB1|PP755595.1|A/cattle/Texas/24-008749-003/2024(H5N1)	2226	21
PB1|PP755595.1|A/cattle/Texas/24-008749-003/2024(H5N1)	2227	21
PB1|PP755595.1|A/cattle/Texas/24-008749-003/2024(H5N1)	2228	21
PB1|PP755595.1|A/cattle/Texas/24-008749-003/2024(H5N1)	2229	21
PB1|PP755595.1|A/cattle/Texas/24-008749-003/2024(H5N1)	2230	21
PB1|PP755595.1|A/cattle/Texas/24-008749-003/2024(H5N1)	2231	21
PB1|PP755595.1|A/cattle/Texas/24-008749-003/2024(H5N1)	2232	21
PB1|PP755595.1|A/cattle/Texas/24-008749-003/2024(H5N1)	2233	21
PB1|PP755595.1|A/cattle/Texas/24-008749-003/2024(H5N1)	2234	21
PB1|PP755595.1|A/cattle/Texas/24-008749-003/2024(H5N1)	2235	21
PB1|PP755595.1|A/cattle/Texas/24-008749-003/2024(H5N1)	2236	21
PB1|PP755595.1|A/cattle/Texas/24-008749-003/2024(H5N1)	2237	21
PB1|PP755595.1|A/cattle/Texas/24-008749-003/2024(H5N1)	2238	21
PB1|PP755595.1|A/cattle/Texas/24-008749-003/2024(H5N1)	2239	20
PB1|PP755595.1|A/cattle/Texas/24-008749-003/2024(H5N1)	2240	20
PB1|PP755595.1|A/cattle/Texas/24-008749-003/2024(H5N1)	2241	20
PB1|PP755595.1|A/cattle/Texas/24-008749-003/2024(H5N1)	2242	20
PB1|PP755595.1|A/cattle/Texas/24-008749-003/2024(H5N1)	2243	20
PB1|PP755595.1|A/cattle/Texas/24-008749-003/2024(H5N1)	2244	20
PB1|PP755595.1|A/cattle/Texas/24-008749-003/2024(H5N1)	2245	20
PB1|PP755595.1|A/cattle/Texas/24-008749-003/2024(H5N1)	2246	20
PB1|PP755595.1|A/cattle/Texas/24-008749-003/2024(H5N1)	2247	20
PB1|PP755595.1|A/cattle/Texas/24-008749-003/2024(H5N1)	2248	20
PB1|PP755595.1|A/cattle/Texas/24-008749-003/2024(H5N1)	2249	19
PB1|PP755595.1|A/cattle/Texas/24-008749-003/2024(H5N1)	2250	18
PB1|PP755595.1|A/cattle/Texas/24-008749-003/2024(H5N1)	2251	18
PB1|PP755595.1|A/cattle/Texas/24-008749-003/2024(H5N1)	2252	18
PB1|PP755595.1|A/cattle/Texas/24-008749-003/2024(H5N1)	2253	18
PB1|PP755595.1|A/cattle/Texas/24-008749-003/2024(H5N1)	2254	18
PB1|PP755595.1|A/cattle/Texas/24-008749-003/2024(H5N1)	2255	18
PB1|PP755595.1|A/cattle/Texas/24-008749-003/2024(H5N1)	2256	18
PB1|PP755595.1|A/cattle/Texas/24-008749-003/2024(H5N1)	2257	18
PB1|PP755595.1|A/cattle/Texas/24-008749-003/2024(H5N1)	2258	18
PB1|PP755595.1|A/cattle/Texas/24-008749-003/2024(H5N1)	2259	18
PB1|PP755595.1|A/cattle/Texas/24-008749-003/2024(H5N1)	2260	18
PB1|PP755595.1|A/cattle/Texas/24-008749-003/2024(H5N1)	2261	18
PB1|PP755595.1|A/cattle/Texas/24-008749-003/2024(H5N1)	2262	18
PB1|PP755595.1|A/cattle/Texas/24-008749-003/2024(H5N1)	2263	16
PB1|PP755595.1|A/cattle/Texas/24-008749-003/2024(H5N1)	2264	16
PB1|PP755595.1|A/cattle/Texas/24-008749-003/2024(H5N1)	2265	16
PB1|PP755595.1|A/cattle/Texas/24-008749-003/2024(H5N1)	2266	16
PB1|PP755595.1|A/cattle/Texas/24-008749-003/2024(H5N1)	2267	16
PB1|PP755595.1|A/cattle/Texas/24-008749-003/2024(H5N1)	2268	16
PB1|PP755595.1|A/cattle/Texas/24-008749-003/2024(H5N1)	2269	16
PB1|PP755595.1|A/cattle/Texas/24-008749-003/2024(H5N1)	2270	16
PB1|PP755595.1|A/cattle/Texas/24-008749-003/2024(H5N1)	2271	16
PB1|PP755595.1|A/cattle/Texas/24-008749-003/2024(H5N1)	2272	16
PB1|PP755595.1|A/cattle/Texas/24-008749-003/2024(H5N1)	2273	14
PB1|PP755595.1|A/cattle/Texas/24-008749-003/2024(H5N1)	2274	14
