PB2|PP755596.1|A/cattle/Texas/24-008749-003/2024(H5N1)	1	5025
PB2|PP755596.1|A/cattle/Texas/24-008749-003/2024(H5N1)	2	5036
PB2|PP755596.1|A/cattle/Texas/24-008749-003/2024(H5N1)	3	5105
PB2|PP755596.1|A/cattle/Texas/24-008749-003/2024(H5N1)	4	5144
PB2|PP755596.1|A/cattle/Texas/24-008749-003/2024(H5N1)	5	5163
PB2|PP755596.1|A/cattle/Texas/24-008749-003/2024(H5N1)	6	5203
PB2|PP755596.1|A/cattle/Texas/24-008749-003/2024(H5N1)	7	5232
PB2|PP755596.1|A/cattle/Texas/24-008749-003/2024(H5N1)	8	5766
PB2|PP755596.1|A/cattle/Texas/24-008749-003/2024(H5N1)	9	5777
PB2|PP755596.1|A/cattle/Texas/24-008749-003/2024(H5N1)	10	5795
PB2|PP755596.1|A/cattle/Texas/24-008749-003/2024(H5N1)	11	5851
PB2|PP755596.1|A/cattle/Texas/24-008749-003/2024(H5N1)	12	5855
PB2|PP755596.1|A/cattle/Texas/24-008749-003/2024(H5N1)	13	5867
PB2|PP755596.1|A/cattle/Texas/24-008749-003/2024(H5N1)	14	5868
PB2|PP755596.1|A/cattle/Texas/24-008749-003/2024(H5N1)	15	5868
PB2|PP755596.1|A/cattle/Texas/24-008749-003/2024(H5N1)	16	5969
PB2|PP755596.1|A/cattle/Texas/24-008749-003/2024(H5N1)	17	5991
PB2|PP755596.1|A/cattle/Texas/24-008749-003/2024(H5N1)	18	6016
PB2|PP755596.1|A/cattle/Texas/24-008749-003/2024(H5N1)	19	6026
PB2|PP755596.1|A/cattle/Texas/24-008749-003/2024(H5N1)	20	6047
PB2|PP755596.1|A/cattle/Texas/24-008749-003/2024(H5N1)	21	6047
PB2|PP755596.1|A/cattle/Texas/24-008749-003/2024(H5N1)	22	6047
PB2|PP755596.1|A/cattle/Texas/24-008749-003/2024(H5N1)	23	6065
PB2|PP755596.1|A/cattle/Texas/24-008749-003/2024(H5N1)	24	6076
PB2|PP755596.1|A/cattle/Texas/24-008749-003/2024(H5N1)	25	6117
PB2|PP755596.1|A/cattle/Texas/24-008749-003/2024(H5N1)	26	6241
PB2|PP755596.1|A/cattle/Texas/24-008749-003/2024(H5N1)	27	6271
PB2|PP755596.1|A/cattle/Texas/24-008749-003/2024(H5N1)	28	6289
PB2|PP755596.1|A/cattle/Texas/24-008749-003/2024(H5N1)	29	6294
PB2|PP755596.1|A/cattle/Texas/24-008749-003/2024(H5N1)	30	6304
PB2|PP755596.1|A/cattle/Texas/24-008749-003/2024(H5N1)	31	6339
PB2|PP755596.1|A/cattle/Texas/24-008749-003/2024(H5N1)	32	6369
PB2|PP755596.1|A/cattle/Texas/24-008749-003/2024(H5N1)	33	6458
PB2|PP755596.1|A/cattle/Texas/24-008749-003/2024(H5N1)	34	6564
PB2|PP755596.1|A/cattle/Texas/24-008749-003/2024(H5N1)	35	6571
PB2|PP755596.1|A/cattle/Texas/24-008749-003/2024(H5N1)	36	6589
PB2|PP755596.1|A/cattle/Texas/24-008749-003/2024(H5N1)	37	6597
PB2|PP755596.1|A/cattle/Texas/24-008749-003/2024(H5N1)	38	6601
PB2|PP755596.1|A/cattle/Texas/24-008749-003/2024(H5N1)	39	6835
PB2|PP755596.1|A/cattle/Texas/24-008749-003/2024(H5N1)	40	6868
PB2|PP755596.1|A/cattle/Texas/24-008749-003/2024(H5N1)	41	6883
PB2|PP755596.1|A/cattle/Texas/24-008749-003/2024(H5N1)	42	6879
PB2|PP755596.1|A/cattle/Texas/24-008749-003/2024(H5N1)	43	6893
PB2|PP755596.1|A/cattle/Texas/24-008749-003/2024(H5N1)	44	6905
PB2|PP755596.1|A/cattle/Texas/24-008749-003/2024(H5N1)	45	6918
PB2|PP755596.1|A/cattle/Texas/24-008749-003/2024(H5N1)	46	6926
PB2|PP755596.1|A/cattle/Texas/24-008749-003/2024(H5N1)	47	7016
PB2|PP755596.1|A/cattle/Texas/24-008749-003/2024(H5N1)	48	7017
PB2|PP755596.1|A/cattle/Texas/24-008749-003/2024(H5N1)	49	7194
PB2|PP755596.1|A/cattle/Texas/24-008749-003/2024(H5N1)	50	7205
PB2|PP755596.1|A/cattle/Texas/24-008749-003/2024(H5N1)	51	7228
PB2|PP755596.1|A/cattle/Texas/24-008749-003/2024(H5N1)	52	7229
PB2|PP755596.1|A/cattle/Texas/24-008749-003/2024(H5N1)	53	7239
PB2|PP755596.1|A/cattle/Texas/24-008749-003/2024(H5N1)	54	7266
PB2|PP755596.1|A/cattle/Texas/24-008749-003/2024(H5N1)	55	7409
PB2|PP755596.1|A/cattle/Texas/24-008749-003/2024(H5N1)	56	7433
PB2|PP755596.1|A/cattle/Texas/24-008749-003/2024(H5N1)	57	7471
PB2|PP755596.1|A/cattle/Texas/24-008749-003/2024(H5N1)	58	7485
PB2|PP755596.1|A/cattle/Texas/24-008749-003/2024(H5N1)	59	7480
PB2|PP755596.1|A/cattle/Texas/24-008749-003/2024(H5N1)	60	7627
PB2|PP755596.1|A/cattle/Texas/24-008749-003/2024(H5N1)	61	7651
PB2|PP755596.1|A/cattle/Texas/24-008749-003/2024(H5N1)	62	7717
PB2|PP755596.1|A/cattle/Texas/24-008749-003/2024(H5N1)	63	7718
PB2|PP755596.1|A/cattle/Texas/24-008749-003/2024(H5N1)	64	7732
PB2|PP755596.1|A/cattle/Texas/24-008749-003/2024(H5N1)	65	7770
PB2|PP755596.1|A/cattle/Texas/24-008749-003/2024(H5N1)	66	7797
PB2|PP755596.1|A/cattle/Texas/24-008749-003/2024(H5N1)	67	7810
PB2|PP755596.1|A/cattle/Texas/24-008749-003/2024(H5N1)	68	7887
PB2|PP755596.1|A/cattle/Texas/24-008749-003/2024(H5N1)	69	7899
PB2|PP755596.1|A/cattle/Texas/24-008749-003/2024(H5N1)	70	8048
PB2|PP755596.1|A/cattle/Texas/24-008749-003/2024(H5N1)	71	8128
PB2|PP755596.1|A/cattle/Texas/24-008749-003/2024(H5N1)	72	8159
PB2|PP755596.1|A/cattle/Texas/24-008749-003/2024(H5N1)	73	8359
PB2|PP755596.1|A/cattle/Texas/24-008749-003/2024(H5N1)	74	8387
PB2|PP755596.1|A/cattle/Texas/24-008749-003/2024(H5N1)	75	8414
PB2|PP755596.1|A/cattle/Texas/24-008749-003/2024(H5N1)	76	8441
PB2|PP755596.1|A/cattle/Texas/24-008749-003/2024(H5N1)	77	8447
PB2|PP755596.1|A/cattle/Texas/24-008749-003/2024(H5N1)	78	8570
PB2|PP755596.1|A/cattle/Texas/24-008749-003/2024(H5N1)	79	8632
PB2|PP755596.1|A/cattle/Texas/24-008749-003/2024(H5N1)	80	8607
PB2|PP755596.1|A/cattle/Texas/24-008749-003/2024(H5N1)	81	8620
PB2|PP755596.1|A/cattle/Texas/24-008749-003/2024(H5N1)	82	8573
PB2|PP755596.1|A/cattle/Texas/24-008749-003/2024(H5N1)	83	8583
PB2|PP755596.1|A/cattle/Texas/24-008749-003/2024(H5N1)	84	8587
PB2|PP755596.1|A/cattle/Texas/24-008749-003/2024(H5N1)	85	8622
PB2|PP755596.1|A/cattle/Texas/24-008749-003/2024(H5N1)	86	8678
PB2|PP755596.1|A/cattle/Texas/24-008749-003/2024(H5N1)	87	8668
PB2|PP755596.1|A/cattle/Texas/24-008749-003/2024(H5N1)	88	8669
PB2|PP755596.1|A/cattle/Texas/24-008749-003/2024(H5N1)	89	8668
PB2|PP755596.1|A/cattle/Texas/24-008749-003/2024(H5N1)	90	8662
PB2|PP755596.1|A/cattle/Texas/24-008749-003/2024(H5N1)	91	8665
PB2|PP755596.1|A/cattle/Texas/24-008749-003/2024(H5N1)	92	8667
PB2|PP755596.1|A/cattle/Texas/24-008749-003/2024(H5N1)	93	8665
PB2|PP755596.1|A/cattle/Texas/24-008749-003/2024(H5N1)	94	8643
PB2|PP755596.1|A/cattle/Texas/24-008749-003/2024(H5N1)	95	8597
PB2|PP755596.1|A/cattle/Texas/24-008749-003/2024(H5N1)	96	8425
PB2|PP755596.1|A/cattle/Texas/24-008749-003/2024(H5N1)	97	8457
PB2|PP755596.1|A/cattle/Texas/24-008749-003/2024(H5N1)	98	8472
PB2|PP755596.1|A/cattle/Texas/24-008749-003/2024(H5N1)	99	8486
PB2|PP755596.1|A/cattle/Texas/24-008749-003/2024(H5N1)	100	8509
PB2|PP755596.1|A/cattle/Texas/24-008749-003/2024(H5N1)	101	8511
PB2|PP755596.1|A/cattle/Texas/24-008749-003/2024(H5N1)	102	8520
PB2|PP755596.1|A/cattle/Texas/24-008749-003/2024(H5N1)	103	8518
PB2|PP755596.1|A/cattle/Texas/24-008749-003/2024(H5N1)	104	8571
PB2|PP755596.1|A/cattle/Texas/24-008749-003/2024(H5N1)	105	8565
PB2|PP755596.1|A/cattle/Texas/24-008749-003/2024(H5N1)	106	8584
PB2|PP755596.1|A/cattle/Texas/24-008749-003/2024(H5N1)	107	8182
PB2|PP755596.1|A/cattle/Texas/24-008749-003/2024(H5N1)	108	7991
PB2|PP755596.1|A/cattle/Texas/24-008749-003/2024(H5N1)	109	8000
PB2|PP755596.1|A/cattle/Texas/24-008749-003/2024(H5N1)	110	8006
PB2|PP755596.1|A/cattle/Texas/24-008749-003/2024(H5N1)	111	8067
PB2|PP755596.1|A/cattle/Texas/24-008749-003/2024(H5N1)	112	8072
PB2|PP755596.1|A/cattle/Texas/24-008749-003/2024(H5N1)	113	8158
PB2|PP755596.1|A/cattle/Texas/24-008749-003/2024(H5N1)	114	8107
PB2|PP755596.1|A/cattle/Texas/24-008749-003/2024(H5N1)	115	8130
PB2|PP755596.1|A/cattle/Texas/24-008749-003/2024(H5N1)	116	8130
PB2|PP755596.1|A/cattle/Texas/24-008749-003/2024(H5N1)	117	8128
PB2|PP755596.1|A/cattle/Texas/24-008749-003/2024(H5N1)	118	8213
PB2|PP755596.1|A/cattle/Texas/24-008749-003/2024(H5N1)	119	8227
PB2|PP755596.1|A/cattle/Texas/24-008749-003/2024(H5N1)	120	8166
PB2|PP755596.1|A/cattle/Texas/24-008749-003/2024(H5N1)	121	8195
PB2|PP755596.1|A/cattle/Texas/24-008749-003/2024(H5N1)	122	8112
PB2|PP755596.1|A/cattle/Texas/24-008749-003/2024(H5N1)	123	8096
PB2|PP755596.1|A/cattle/Texas/24-008749-003/2024(H5N1)	124	6877
PB2|PP755596.1|A/cattle/Texas/24-008749-003/2024(H5N1)	125	6509
PB2|PP755596.1|A/cattle/Texas/24-008749-003/2024(H5N1)	126	6009
PB2|PP755596.1|A/cattle/Texas/24-008749-003/2024(H5N1)	127	5933
PB2|PP755596.1|A/cattle/Texas/24-008749-003/2024(H5N1)	128	5981
PB2|PP755596.1|A/cattle/Texas/24-008749-003/2024(H5N1)	129	5939
PB2|PP755596.1|A/cattle/Texas/24-008749-003/2024(H5N1)	130	5945
PB2|PP755596.1|A/cattle/Texas/24-008749-003/2024(H5N1)	131	5961
PB2|PP755596.1|A/cattle/Texas/24-008749-003/2024(H5N1)	132	5965
PB2|PP755596.1|A/cattle/Texas/24-008749-003/2024(H5N1)	133	5663
PB2|PP755596.1|A/cattle/Texas/24-008749-003/2024(H5N1)	134	5638
PB2|PP755596.1|A/cattle/Texas/24-008749-003/2024(H5N1)	135	5606
PB2|PP755596.1|A/cattle/Texas/24-008749-003/2024(H5N1)	136	5597
PB2|PP755596.1|A/cattle/Texas/24-008749-003/2024(H5N1)	137	5683
PB2|PP755596.1|A/cattle/Texas/24-008749-003/2024(H5N1)	138	5661
PB2|PP755596.1|A/cattle/Texas/24-008749-003/2024(H5N1)	139	5676
PB2|PP755596.1|A/cattle/Texas/24-008749-003/2024(H5N1)	140	5334
PB2|PP755596.1|A/cattle/Texas/24-008749-003/2024(H5N1)	141	5344
PB2|PP755596.1|A/cattle/Texas/24-008749-003/2024(H5N1)	142	5357
PB2|PP755596.1|A/cattle/Texas/24-008749-003/2024(H5N1)	143	5276
PB2|PP755596.1|A/cattle/Texas/24-008749-003/2024(H5N1)	144	4995
PB2|PP755596.1|A/cattle/Texas/24-008749-003/2024(H5N1)	145	4832
PB2|PP755596.1|A/cattle/Texas/24-008749-003/2024(H5N1)	146	4802
PB2|PP755596.1|A/cattle/Texas/24-008749-003/2024(H5N1)	147	4804
PB2|PP755596.1|A/cattle/Texas/24-008749-003/2024(H5N1)	148	4736
PB2|PP755596.1|A/cattle/Texas/24-008749-003/2024(H5N1)	149	4686
PB2|PP755596.1|A/cattle/Texas/24-008749-003/2024(H5N1)	150	3318
PB2|PP755596.1|A/cattle/Texas/24-008749-003/2024(H5N1)	151	3641
PB2|PP755596.1|A/cattle/Texas/24-008749-003/2024(H5N1)	152	3005
PB2|PP755596.1|A/cattle/Texas/24-008749-003/2024(H5N1)	153	3017
PB2|PP755596.1|A/cattle/Texas/24-008749-003/2024(H5N1)	154	2997
PB2|PP755596.1|A/cattle/Texas/24-008749-003/2024(H5N1)	155	3039
PB2|PP755596.1|A/cattle/Texas/24-008749-003/2024(H5N1)	156	3005
PB2|PP755596.1|A/cattle/Texas/24-008749-003/2024(H5N1)	157	3002
PB2|PP755596.1|A/cattle/Texas/24-008749-003/2024(H5N1)	158	3003
PB2|PP755596.1|A/cattle/Texas/24-008749-003/2024(H5N1)	159	2912
PB2|PP755596.1|A/cattle/Texas/24-008749-003/2024(H5N1)	160	2924
PB2|PP755596.1|A/cattle/Texas/24-008749-003/2024(H5N1)	161	2927
PB2|PP755596.1|A/cattle/Texas/24-008749-003/2024(H5N1)	162	2918
PB2|PP755596.1|A/cattle/Texas/24-008749-003/2024(H5N1)	163	2932
PB2|PP755596.1|A/cattle/Texas/24-008749-003/2024(H5N1)	164	2933
PB2|PP755596.1|A/cattle/Texas/24-008749-003/2024(H5N1)	165	2946
PB2|PP755596.1|A/cattle/Texas/24-008749-003/2024(H5N1)	166	2908
PB2|PP755596.1|A/cattle/Texas/24-008749-003/2024(H5N1)	167	2909
PB2|PP755596.1|A/cattle/Texas/24-008749-003/2024(H5N1)	168	2884
PB2|PP755596.1|A/cattle/Texas/24-008749-003/2024(H5N1)	169	2877
PB2|PP755596.1|A/cattle/Texas/24-008749-003/2024(H5N1)	170	2874
PB2|PP755596.1|A/cattle/Texas/24-008749-003/2024(H5N1)	171	2859
PB2|PP755596.1|A/cattle/Texas/24-008749-003/2024(H5N1)	172	2666
PB2|PP755596.1|A/cattle/Texas/24-008749-003/2024(H5N1)	173	2682
PB2|PP755596.1|A/cattle/Texas/24-008749-003/2024(H5N1)	174	2677
PB2|PP755596.1|A/cattle/Texas/24-008749-003/2024(H5N1)	175	2736
PB2|PP755596.1|A/cattle/Texas/24-008749-003/2024(H5N1)	176	2746
PB2|PP755596.1|A/cattle/Texas/24-008749-003/2024(H5N1)	177	2751
PB2|PP755596.1|A/cattle/Texas/24-008749-003/2024(H5N1)	178	2767
PB2|PP755596.1|A/cattle/Texas/24-008749-003/2024(H5N1)	179	2787
PB2|PP755596.1|A/cattle/Texas/24-008749-003/2024(H5N1)	180	2819
PB2|PP755596.1|A/cattle/Texas/24-008749-003/2024(H5N1)	181	2817
PB2|PP755596.1|A/cattle/Texas/24-008749-003/2024(H5N1)	182	2799
PB2|PP755596.1|A/cattle/Texas/24-008749-003/2024(H5N1)	183	2802
PB2|PP755596.1|A/cattle/Texas/24-008749-003/2024(H5N1)	184	2779
PB2|PP755596.1|A/cattle/Texas/24-008749-003/2024(H5N1)	185	2836
PB2|PP755596.1|A/cattle/Texas/24-008749-003/2024(H5N1)	186	2849
PB2|PP755596.1|A/cattle/Texas/24-008749-003/2024(H5N1)	187	2846
PB2|PP755596.1|A/cattle/Texas/24-008749-003/2024(H5N1)	188	2855
PB2|PP755596.1|A/cattle/Texas/24-008749-003/2024(H5N1)	189	2838
PB2|PP755596.1|A/cattle/Texas/24-008749-003/2024(H5N1)	190	2886
PB2|PP755596.1|A/cattle/Texas/24-008749-003/2024(H5N1)	191	2881
PB2|PP755596.1|A/cattle/Texas/24-008749-003/2024(H5N1)	192	2808
PB2|PP755596.1|A/cattle/Texas/24-008749-003/2024(H5N1)	193	2814
PB2|PP755596.1|A/cattle/Texas/24-008749-003/2024(H5N1)	194	2776
PB2|PP755596.1|A/cattle/Texas/24-008749-003/2024(H5N1)	195	2785
PB2|PP755596.1|A/cattle/Texas/24-008749-003/2024(H5N1)	196	2791
PB2|PP755596.1|A/cattle/Texas/24-008749-003/2024(H5N1)	197	2793
PB2|PP755596.1|A/cattle/Texas/24-008749-003/2024(H5N1)	198	2758
PB2|PP755596.1|A/cattle/Texas/24-008749-003/2024(H5N1)	199	2767
PB2|PP755596.1|A/cattle/Texas/24-008749-003/2024(H5N1)	200	2737
PB2|PP755596.1|A/cattle/Texas/24-008749-003/2024(H5N1)	201	2728
PB2|PP755596.1|A/cattle/Texas/24-008749-003/2024(H5N1)	202	2728
PB2|PP755596.1|A/cattle/Texas/24-008749-003/2024(H5N1)	203	2683
PB2|PP755596.1|A/cattle/Texas/24-008749-003/2024(H5N1)	204	2677
PB2|PP755596.1|A/cattle/Texas/24-008749-003/2024(H5N1)	205	2676
PB2|PP755596.1|A/cattle/Texas/24-008749-003/2024(H5N1)	206	2679
PB2|PP755596.1|A/cattle/Texas/24-008749-003/2024(H5N1)	207	2661
PB2|PP755596.1|A/cattle/Texas/24-008749-003/2024(H5N1)	208	2660
PB2|PP755596.1|A/cattle/Texas/24-008749-003/2024(H5N1)	209	2667
PB2|PP755596.1|A/cattle/Texas/24-008749-003/2024(H5N1)	210	2365
PB2|PP755596.1|A/cattle/Texas/24-008749-003/2024(H5N1)	211	2325
PB2|PP755596.1|A/cattle/Texas/24-008749-003/2024(H5N1)	212	2321
PB2|PP755596.1|A/cattle/Texas/24-008749-003/2024(H5N1)	213	2294
PB2|PP755596.1|A/cattle/Texas/24-008749-003/2024(H5N1)	214	2318
PB2|PP755596.1|A/cattle/Texas/24-008749-003/2024(H5N1)	215	2324
PB2|PP755596.1|A/cattle/Texas/24-008749-003/2024(H5N1)	216	2279
PB2|PP755596.1|A/cattle/Texas/24-008749-003/2024(H5N1)	217	2254
PB2|PP755596.1|A/cattle/Texas/24-008749-003/2024(H5N1)	218	2249
PB2|PP755596.1|A/cattle/Texas/24-008749-003/2024(H5N1)	219	2231
PB2|PP755596.1|A/cattle/Texas/24-008749-003/2024(H5N1)	220	2271
PB2|PP755596.1|A/cattle/Texas/24-008749-003/2024(H5N1)	221	2249
PB2|PP755596.1|A/cattle/Texas/24-008749-003/2024(H5N1)	222	2244
PB2|PP755596.1|A/cattle/Texas/24-008749-003/2024(H5N1)	223	2159
PB2|PP755596.1|A/cattle/Texas/24-008749-003/2024(H5N1)	224	2153
PB2|PP755596.1|A/cattle/Texas/24-008749-003/2024(H5N1)	225	2156
PB2|PP755596.1|A/cattle/Texas/24-008749-003/2024(H5N1)	226	2152
PB2|PP755596.1|A/cattle/Texas/24-008749-003/2024(H5N1)	227	2154
PB2|PP755596.1|A/cattle/Texas/24-008749-003/2024(H5N1)	228	2089
PB2|PP755596.1|A/cattle/Texas/24-008749-003/2024(H5N1)	229	2082
PB2|PP755596.1|A/cattle/Texas/24-008749-003/2024(H5N1)	230	2044
PB2|PP755596.1|A/cattle/Texas/24-008749-003/2024(H5N1)	231	2037
PB2|PP755596.1|A/cattle/Texas/24-008749-003/2024(H5N1)	232	2035
PB2|PP755596.1|A/cattle/Texas/24-008749-003/2024(H5N1)	233	2039
PB2|PP755596.1|A/cattle/Texas/24-008749-003/2024(H5N1)	234	2036
PB2|PP755596.1|A/cattle/Texas/24-008749-003/2024(H5N1)	235	2013
PB2|PP755596.1|A/cattle/Texas/24-008749-003/2024(H5N1)	236	2001
PB2|PP755596.1|A/cattle/Texas/24-008749-003/2024(H5N1)	237	1978
PB2|PP755596.1|A/cattle/Texas/24-008749-003/2024(H5N1)	238	1950
PB2|PP755596.1|A/cattle/Texas/24-008749-003/2024(H5N1)	239	1947
PB2|PP755596.1|A/cattle/Texas/24-008749-003/2024(H5N1)	240	1769
PB2|PP755596.1|A/cattle/Texas/24-008749-003/2024(H5N1)	241	1771
PB2|PP755596.1|A/cattle/Texas/24-008749-003/2024(H5N1)	242	1768
PB2|PP755596.1|A/cattle/Texas/24-008749-003/2024(H5N1)	243	1763
PB2|PP755596.1|A/cattle/Texas/24-008749-003/2024(H5N1)	244	1836
PB2|PP755596.1|A/cattle/Texas/24-008749-003/2024(H5N1)	245	1872
PB2|PP755596.1|A/cattle/Texas/24-008749-003/2024(H5N1)	246	1868
PB2|PP755596.1|A/cattle/Texas/24-008749-003/2024(H5N1)	247	1904
PB2|PP755596.1|A/cattle/Texas/24-008749-003/2024(H5N1)	248	1929
PB2|PP755596.1|A/cattle/Texas/24-008749-003/2024(H5N1)	249	1939
PB2|PP755596.1|A/cattle/Texas/24-008749-003/2024(H5N1)	250	1944
PB2|PP755596.1|A/cattle/Texas/24-008749-003/2024(H5N1)	251	1978
PB2|PP755596.1|A/cattle/Texas/24-008749-003/2024(H5N1)	252	1978
PB2|PP755596.1|A/cattle/Texas/24-008749-003/2024(H5N1)	253	2028
PB2|PP755596.1|A/cattle/Texas/24-008749-003/2024(H5N1)	254	2044
PB2|PP755596.1|A/cattle/Texas/24-008749-003/2024(H5N1)	255	2014
PB2|PP755596.1|A/cattle/Texas/24-008749-003/2024(H5N1)	256	2040
PB2|PP755596.1|A/cattle/Texas/24-008749-003/2024(H5N1)	257	2029
PB2|PP755596.1|A/cattle/Texas/24-008749-003/2024(H5N1)	258	2012
PB2|PP755596.1|A/cattle/Texas/24-008749-003/2024(H5N1)	259	2023
PB2|PP755596.1|A/cattle/Texas/24-008749-003/2024(H5N1)	260	2040
PB2|PP755596.1|A/cattle/Texas/24-008749-003/2024(H5N1)	261	2035
PB2|PP755596.1|A/cattle/Texas/24-008749-003/2024(H5N1)	262	1967
PB2|PP755596.1|A/cattle/Texas/24-008749-003/2024(H5N1)	263	1990
PB2|PP755596.1|A/cattle/Texas/24-008749-003/2024(H5N1)	264	1919
PB2|PP755596.1|A/cattle/Texas/24-008749-003/2024(H5N1)	265	1937
PB2|PP755596.1|A/cattle/Texas/24-008749-003/2024(H5N1)	266	1928
PB2|PP755596.1|A/cattle/Texas/24-008749-003/2024(H5N1)	267	1930
PB2|PP755596.1|A/cattle/Texas/24-008749-003/2024(H5N1)	268	1878
PB2|PP755596.1|A/cattle/Texas/24-008749-003/2024(H5N1)	269	1830
PB2|PP755596.1|A/cattle/Texas/24-008749-003/2024(H5N1)	270	1879
PB2|PP755596.1|A/cattle/Texas/24-008749-003/2024(H5N1)	271	1886
PB2|PP755596.1|A/cattle/Texas/24-008749-003/2024(H5N1)	272	1890
PB2|PP755596.1|A/cattle/Texas/24-008749-003/2024(H5N1)	273	1884
PB2|PP755596.1|A/cattle/Texas/24-008749-003/2024(H5N1)	274	1875
PB2|PP755596.1|A/cattle/Texas/24-008749-003/2024(H5N1)	275	1816
PB2|PP755596.1|A/cattle/Texas/24-008749-003/2024(H5N1)	276	1826
PB2|PP755596.1|A/cattle/Texas/24-008749-003/2024(H5N1)	277	1901
PB2|PP755596.1|A/cattle/Texas/24-008749-003/2024(H5N1)	278	1899
PB2|PP755596.1|A/cattle/Texas/24-008749-003/2024(H5N1)	279	1846
PB2|PP755596.1|A/cattle/Texas/24-008749-003/2024(H5N1)	280	1830
PB2|PP755596.1|A/cattle/Texas/24-008749-003/2024(H5N1)	281	1822
PB2|PP755596.1|A/cattle/Texas/24-008749-003/2024(H5N1)	282	1851
PB2|PP755596.1|A/cattle/Texas/24-008749-003/2024(H5N1)	283	1861
PB2|PP755596.1|A/cattle/Texas/24-008749-003/2024(H5N1)	284	1804
PB2|PP755596.1|A/cattle/Texas/24-008749-003/2024(H5N1)	285	1764
PB2|PP755596.1|A/cattle/Texas/24-008749-003/2024(H5N1)	286	1747
PB2|PP755596.1|A/cattle/Texas/24-008749-003/2024(H5N1)	287	1742
PB2|PP755596.1|A/cattle/Texas/24-008749-003/2024(H5N1)	288	1745
PB2|PP755596.1|A/cattle/Texas/24-008749-003/2024(H5N1)	289	1755
PB2|PP755596.1|A/cattle/Texas/24-008749-003/2024(H5N1)	290	1739
PB2|PP755596.1|A/cattle/Texas/24-008749-003/2024(H5N1)	291	1715
PB2|PP755596.1|A/cattle/Texas/24-008749-003/2024(H5N1)	292	1701
PB2|PP755596.1|A/cattle/Texas/24-008749-003/2024(H5N1)	293	1689
PB2|PP755596.1|A/cattle/Texas/24-008749-003/2024(H5N1)	294	1688
PB2|PP755596.1|A/cattle/Texas/24-008749-003/2024(H5N1)	295	1744
PB2|PP755596.1|A/cattle/Texas/24-008749-003/2024(H5N1)	296	1747
PB2|PP755596.1|A/cattle/Texas/24-008749-003/2024(H5N1)	297	1803
PB2|PP755596.1|A/cattle/Texas/24-008749-003/2024(H5N1)	298	1785
PB2|PP755596.1|A/cattle/Texas/24-008749-003/2024(H5N1)	299	1772
PB2|PP755596.1|A/cattle/Texas/24-008749-003/2024(H5N1)	300	1812
PB2|PP755596.1|A/cattle/Texas/24-008749-003/2024(H5N1)	301	1807
PB2|PP755596.1|A/cattle/Texas/24-008749-003/2024(H5N1)	302	1818
PB2|PP755596.1|A/cattle/Texas/24-008749-003/2024(H5N1)	303	1826
PB2|PP755596.1|A/cattle/Texas/24-008749-003/2024(H5N1)	304	1822
PB2|PP755596.1|A/cattle/Texas/24-008749-003/2024(H5N1)	305	1821
PB2|PP755596.1|A/cattle/Texas/24-008749-003/2024(H5N1)	306	1771
PB2|PP755596.1|A/cattle/Texas/24-008749-003/2024(H5N1)	307	1775
PB2|PP755596.1|A/cattle/Texas/24-008749-003/2024(H5N1)	308	1793
PB2|PP755596.1|A/cattle/Texas/24-008749-003/2024(H5N1)	309	1791
PB2|PP755596.1|A/cattle/Texas/24-008749-003/2024(H5N1)	310	1798
PB2|PP755596.1|A/cattle/Texas/24-008749-003/2024(H5N1)	311	1785
PB2|PP755596.1|A/cattle/Texas/24-008749-003/2024(H5N1)	312	1785
PB2|PP755596.1|A/cattle/Texas/24-008749-003/2024(H5N1)	313	1784
PB2|PP755596.1|A/cattle/Texas/24-008749-003/2024(H5N1)	314	1818
PB2|PP755596.1|A/cattle/Texas/24-008749-003/2024(H5N1)	315	1823
PB2|PP755596.1|A/cattle/Texas/24-008749-003/2024(H5N1)	316	1812
PB2|PP755596.1|A/cattle/Texas/24-008749-003/2024(H5N1)	317	1822
PB2|PP755596.1|A/cattle/Texas/24-008749-003/2024(H5N1)	318	1816
PB2|PP755596.1|A/cattle/Texas/24-008749-003/2024(H5N1)	319	1813
PB2|PP755596.1|A/cattle/Texas/24-008749-003/2024(H5N1)	320	1811
PB2|PP755596.1|A/cattle/Texas/24-008749-003/2024(H5N1)	321	1810
PB2|PP755596.1|A/cattle/Texas/24-008749-003/2024(H5N1)	322	1804
PB2|PP755596.1|A/cattle/Texas/24-008749-003/2024(H5N1)	323	1745
PB2|PP755596.1|A/cattle/Texas/24-008749-003/2024(H5N1)	324	1532
PB2|PP755596.1|A/cattle/Texas/24-008749-003/2024(H5N1)	325	1532
PB2|PP755596.1|A/cattle/Texas/24-008749-003/2024(H5N1)	326	1535
PB2|PP755596.1|A/cattle/Texas/24-008749-003/2024(H5N1)	327	1566
PB2|PP755596.1|A/cattle/Texas/24-008749-003/2024(H5N1)	328	1696
PB2|PP755596.1|A/cattle/Texas/24-008749-003/2024(H5N1)	329	1697
PB2|PP755596.1|A/cattle/Texas/24-008749-003/2024(H5N1)	330	1704
PB2|PP755596.1|A/cattle/Texas/24-008749-003/2024(H5N1)	331	1704
PB2|PP755596.1|A/cattle/Texas/24-008749-003/2024(H5N1)	332	1823
PB2|PP755596.1|A/cattle/Texas/24-008749-003/2024(H5N1)	333	1828
PB2|PP755596.1|A/cattle/Texas/24-008749-003/2024(H5N1)	334	1837
PB2|PP755596.1|A/cattle/Texas/24-008749-003/2024(H5N1)	335	1840
PB2|PP755596.1|A/cattle/Texas/24-008749-003/2024(H5N1)	336	1841
PB2|PP755596.1|A/cattle/Texas/24-008749-003/2024(H5N1)	337	1858
PB2|PP755596.1|A/cattle/Texas/24-008749-003/2024(H5N1)	338	1864
PB2|PP755596.1|A/cattle/Texas/24-008749-003/2024(H5N1)	339	1904
PB2|PP755596.1|A/cattle/Texas/24-008749-003/2024(H5N1)	340	1992
PB2|PP755596.1|A/cattle/Texas/24-008749-003/2024(H5N1)	341	1888
PB2|PP755596.1|A/cattle/Texas/24-008749-003/2024(H5N1)	342	1904
PB2|PP755596.1|A/cattle/Texas/24-008749-003/2024(H5N1)	343	1907
PB2|PP755596.1|A/cattle/Texas/24-008749-003/2024(H5N1)	344	1910
PB2|PP755596.1|A/cattle/Texas/24-008749-003/2024(H5N1)	345	1908
PB2|PP755596.1|A/cattle/Texas/24-008749-003/2024(H5N1)	346	1904
PB2|PP755596.1|A/cattle/Texas/24-008749-003/2024(H5N1)	347	1906
PB2|PP755596.1|A/cattle/Texas/24-008749-003/2024(H5N1)	348	1879
PB2|PP755596.1|A/cattle/Texas/24-008749-003/2024(H5N1)	349	1880
PB2|PP755596.1|A/cattle/Texas/24-008749-003/2024(H5N1)	350	1879
PB2|PP755596.1|A/cattle/Texas/24-008749-003/2024(H5N1)	351	1878
PB2|PP755596.1|A/cattle/Texas/24-008749-003/2024(H5N1)	352	1878
PB2|PP755596.1|A/cattle/Texas/24-008749-003/2024(H5N1)	353	1877
PB2|PP755596.1|A/cattle/Texas/24-008749-003/2024(H5N1)	354	1880
PB2|PP755596.1|A/cattle/Texas/24-008749-003/2024(H5N1)	355	1880
PB2|PP755596.1|A/cattle/Texas/24-008749-003/2024(H5N1)	356	1884
PB2|PP755596.1|A/cattle/Texas/24-008749-003/2024(H5N1)	357	1877
PB2|PP755596.1|A/cattle/Texas/24-008749-003/2024(H5N1)	358	1876
PB2|PP755596.1|A/cattle/Texas/24-008749-003/2024(H5N1)	359	1877
PB2|PP755596.1|A/cattle/Texas/24-008749-003/2024(H5N1)	360	1871
PB2|PP755596.1|A/cattle/Texas/24-008749-003/2024(H5N1)	361	1873
PB2|PP755596.1|A/cattle/Texas/24-008749-003/2024(H5N1)	362	1871
PB2|PP755596.1|A/cattle/Texas/24-008749-003/2024(H5N1)	363	1902
PB2|PP755596.1|A/cattle/Texas/24-008749-003/2024(H5N1)	364	1910
PB2|PP755596.1|A/cattle/Texas/24-008749-003/2024(H5N1)	365	1898
PB2|PP755596.1|A/cattle/Texas/24-008749-003/2024(H5N1)	366	1903
PB2|PP755596.1|A/cattle/Texas/24-008749-003/2024(H5N1)	367	1903
PB2|PP755596.1|A/cattle/Texas/24-008749-003/2024(H5N1)	368	1904
PB2|PP755596.1|A/cattle/Texas/24-008749-003/2024(H5N1)	369	1904
PB2|PP755596.1|A/cattle/Texas/24-008749-003/2024(H5N1)	370	1901
PB2|PP755596.1|A/cattle/Texas/24-008749-003/2024(H5N1)	371	1876
PB2|PP755596.1|A/cattle/Texas/24-008749-003/2024(H5N1)	372	1853
PB2|PP755596.1|A/cattle/Texas/24-008749-003/2024(H5N1)	373	1855
PB2|PP755596.1|A/cattle/Texas/24-008749-003/2024(H5N1)	374	1859
PB2|PP755596.1|A/cattle/Texas/24-008749-003/2024(H5N1)	375	1858
PB2|PP755596.1|A/cattle/Texas/24-008749-003/2024(H5N1)	376	1874
PB2|PP755596.1|A/cattle/Texas/24-008749-003/2024(H5N1)	377	1861
PB2|PP755596.1|A/cattle/Texas/24-008749-003/2024(H5N1)	378	1859
PB2|PP755596.1|A/cattle/Texas/24-008749-003/2024(H5N1)	379	1874
PB2|PP755596.1|A/cattle/Texas/24-008749-003/2024(H5N1)	380	1861
PB2|PP755596.1|A/cattle/Texas/24-008749-003/2024(H5N1)	381	1868
PB2|PP755596.1|A/cattle/Texas/24-008749-003/2024(H5N1)	382	1866
PB2|PP755596.1|A/cattle/Texas/24-008749-003/2024(H5N1)	383	1877
PB2|PP755596.1|A/cattle/Texas/24-008749-003/2024(H5N1)	384	1885
PB2|PP755596.1|A/cattle/Texas/24-008749-003/2024(H5N1)	385	1900
PB2|PP755596.1|A/cattle/Texas/24-008749-003/2024(H5N1)	386	2008
PB2|PP755596.1|A/cattle/Texas/24-008749-003/2024(H5N1)	387	2024
PB2|PP755596.1|A/cattle/Texas/24-008749-003/2024(H5N1)	388	2013
PB2|PP755596.1|A/cattle/Texas/24-008749-003/2024(H5N1)	389	2014
PB2|PP755596.1|A/cattle/Texas/24-008749-003/2024(H5N1)	390	2017
PB2|PP755596.1|A/cattle/Texas/24-008749-003/2024(H5N1)	391	2021
PB2|PP755596.1|A/cattle/Texas/24-008749-003/2024(H5N1)	392	2051
PB2|PP755596.1|A/cattle/Texas/24-008749-003/2024(H5N1)	393	2045
PB2|PP755596.1|A/cattle/Texas/24-008749-003/2024(H5N1)	394	2032
PB2|PP755596.1|A/cattle/Texas/24-008749-003/2024(H5N1)	395	1939
PB2|PP755596.1|A/cattle/Texas/24-008749-003/2024(H5N1)	396	1906
PB2|PP755596.1|A/cattle/Texas/24-008749-003/2024(H5N1)	397	1945
PB2|PP755596.1|A/cattle/Texas/24-008749-003/2024(H5N1)	398	1964
PB2|PP755596.1|A/cattle/Texas/24-008749-003/2024(H5N1)	399	1957
PB2|PP755596.1|A/cattle/Texas/24-008749-003/2024(H5N1)	400	1956
PB2|PP755596.1|A/cattle/Texas/24-008749-003/2024(H5N1)	401	1909
PB2|PP755596.1|A/cattle/Texas/24-008749-003/2024(H5N1)	402	1886
PB2|PP755596.1|A/cattle/Texas/24-008749-003/2024(H5N1)	403	1882
PB2|PP755596.1|A/cattle/Texas/24-008749-003/2024(H5N1)	404	1886
PB2|PP755596.1|A/cattle/Texas/24-008749-003/2024(H5N1)	405	1872
PB2|PP755596.1|A/cattle/Texas/24-008749-003/2024(H5N1)	406	1843
PB2|PP755596.1|A/cattle/Texas/24-008749-003/2024(H5N1)	407	1844
PB2|PP755596.1|A/cattle/Texas/24-008749-003/2024(H5N1)	408	1848
PB2|PP755596.1|A/cattle/Texas/24-008749-003/2024(H5N1)	409	1855
PB2|PP755596.1|A/cattle/Texas/24-008749-003/2024(H5N1)	410	1843
PB2|PP755596.1|A/cattle/Texas/24-008749-003/2024(H5N1)	411	1815
PB2|PP755596.1|A/cattle/Texas/24-008749-003/2024(H5N1)	412	1845
PB2|PP755596.1|A/cattle/Texas/24-008749-003/2024(H5N1)	413	1844
PB2|PP755596.1|A/cattle/Texas/24-008749-003/2024(H5N1)	414	1835
PB2|PP755596.1|A/cattle/Texas/24-008749-003/2024(H5N1)	415	1834
PB2|PP755596.1|A/cattle/Texas/24-008749-003/2024(H5N1)	416	1847
PB2|PP755596.1|A/cattle/Texas/24-008749-003/2024(H5N1)	417	1851
PB2|PP755596.1|A/cattle/Texas/24-008749-003/2024(H5N1)	418	1852
PB2|PP755596.1|A/cattle/Texas/24-008749-003/2024(H5N1)	419	1903
PB2|PP755596.1|A/cattle/Texas/24-008749-003/2024(H5N1)	420	1906
PB2|PP755596.1|A/cattle/Texas/24-008749-003/2024(H5N1)	421	1897
PB2|PP755596.1|A/cattle/Texas/24-008749-003/2024(H5N1)	422	1886
PB2|PP755596.1|A/cattle/Texas/24-008749-003/2024(H5N1)	423	1861
PB2|PP755596.1|A/cattle/Texas/24-008749-003/2024(H5N1)	424	1861
PB2|PP755596.1|A/cattle/Texas/24-008749-003/2024(H5N1)	425	1876
PB2|PP755596.1|A/cattle/Texas/24-008749-003/2024(H5N1)	426	1880
PB2|PP755596.1|A/cattle/Texas/24-008749-003/2024(H5N1)	427	1826
PB2|PP755596.1|A/cattle/Texas/24-008749-003/2024(H5N1)	428	1780
PB2|PP755596.1|A/cattle/Texas/24-008749-003/2024(H5N1)	429	1779
PB2|PP755596.1|A/cattle/Texas/24-008749-003/2024(H5N1)	430	1773
PB2|PP755596.1|A/cattle/Texas/24-008749-003/2024(H5N1)	431	1779
PB2|PP755596.1|A/cattle/Texas/24-008749-003/2024(H5N1)	432	1786
PB2|PP755596.1|A/cattle/Texas/24-008749-003/2024(H5N1)	433	1759
PB2|PP755596.1|A/cattle/Texas/24-008749-003/2024(H5N1)	434	1761
PB2|PP755596.1|A/cattle/Texas/24-008749-003/2024(H5N1)	435	1879
PB2|PP755596.1|A/cattle/Texas/24-008749-003/2024(H5N1)	436	1881
PB2|PP755596.1|A/cattle/Texas/24-008749-003/2024(H5N1)	437	1988
PB2|PP755596.1|A/cattle/Texas/24-008749-003/2024(H5N1)	438	1994
PB2|PP755596.1|A/cattle/Texas/24-008749-003/2024(H5N1)	439	1994
PB2|PP755596.1|A/cattle/Texas/24-008749-003/2024(H5N1)	440	1988
PB2|PP755596.1|A/cattle/Texas/24-008749-003/2024(H5N1)	441	1973
PB2|PP755596.1|A/cattle/Texas/24-008749-003/2024(H5N1)	442	2014
PB2|PP755596.1|A/cattle/Texas/24-008749-003/2024(H5N1)	443	2039
PB2|PP755596.1|A/cattle/Texas/24-008749-003/2024(H5N1)	444	2016
PB2|PP755596.1|A/cattle/Texas/24-008749-003/2024(H5N1)	445	2014
PB2|PP755596.1|A/cattle/Texas/24-008749-003/2024(H5N1)	446	1935
PB2|PP755596.1|A/cattle/Texas/24-008749-003/2024(H5N1)	447	1885
PB2|PP755596.1|A/cattle/Texas/24-008749-003/2024(H5N1)	448	1859
PB2|PP755596.1|A/cattle/Texas/24-008749-003/2024(H5N1)	449	1878
PB2|PP755596.1|A/cattle/Texas/24-008749-003/2024(H5N1)	450	1879
PB2|PP755596.1|A/cattle/Texas/24-008749-003/2024(H5N1)	451	1833
PB2|PP755596.1|A/cattle/Texas/24-008749-003/2024(H5N1)	452	1871
PB2|PP755596.1|A/cattle/Texas/24-008749-003/2024(H5N1)	453	1850
PB2|PP755596.1|A/cattle/Texas/24-008749-003/2024(H5N1)	454	1860
PB2|PP755596.1|A/cattle/Texas/24-008749-003/2024(H5N1)	455	1858
PB2|PP755596.1|A/cattle/Texas/24-008749-003/2024(H5N1)	456	1773
PB2|PP755596.1|A/cattle/Texas/24-008749-003/2024(H5N1)	457	1787
PB2|PP755596.1|A/cattle/Texas/24-008749-003/2024(H5N1)	458	1832
PB2|PP755596.1|A/cattle/Texas/24-008749-003/2024(H5N1)	459	1836
PB2|PP755596.1|A/cattle/Texas/24-008749-003/2024(H5N1)	460	1846
PB2|PP755596.1|A/cattle/Texas/24-008749-003/2024(H5N1)	461	1846
PB2|PP755596.1|A/cattle/Texas/24-008749-003/2024(H5N1)	462	1845
PB2|PP755596.1|A/cattle/Texas/24-008749-003/2024(H5N1)	463	1834
PB2|PP755596.1|A/cattle/Texas/24-008749-003/2024(H5N1)	464	1875
PB2|PP755596.1|A/cattle/Texas/24-008749-003/2024(H5N1)	465	1901
PB2|PP755596.1|A/cattle/Texas/24-008749-003/2024(H5N1)	466	1907
PB2|PP755596.1|A/cattle/Texas/24-008749-003/2024(H5N1)	467	1908
PB2|PP755596.1|A/cattle/Texas/24-008749-003/2024(H5N1)	468	1899
PB2|PP755596.1|A/cattle/Texas/24-008749-003/2024(H5N1)	469	1916
PB2|PP755596.1|A/cattle/Texas/24-008749-003/2024(H5N1)	470	1920
PB2|PP755596.1|A/cattle/Texas/24-008749-003/2024(H5N1)	471	1902
PB2|PP755596.1|A/cattle/Texas/24-008749-003/2024(H5N1)	472	1905
PB2|PP755596.1|A/cattle/Texas/24-008749-003/2024(H5N1)	473	1858
PB2|PP755596.1|A/cattle/Texas/24-008749-003/2024(H5N1)	474	1863
PB2|PP755596.1|A/cattle/Texas/24-008749-003/2024(H5N1)	475	1870
PB2|PP755596.1|A/cattle/Texas/24-008749-003/2024(H5N1)	476	1855
PB2|PP755596.1|A/cattle/Texas/24-008749-003/2024(H5N1)	477	1855
PB2|PP755596.1|A/cattle/Texas/24-008749-003/2024(H5N1)	478	1828
PB2|PP755596.1|A/cattle/Texas/24-008749-003/2024(H5N1)	479	1827
PB2|PP755596.1|A/cattle/Texas/24-008749-003/2024(H5N1)	480	1949
PB2|PP755596.1|A/cattle/Texas/24-008749-003/2024(H5N1)	481	1956
PB2|PP755596.1|A/cattle/Texas/24-008749-003/2024(H5N1)	482	1985
PB2|PP755596.1|A/cattle/Texas/24-008749-003/2024(H5N1)	483	1880
PB2|PP755596.1|A/cattle/Texas/24-008749-003/2024(H5N1)	484	1882
PB2|PP755596.1|A/cattle/Texas/24-008749-003/2024(H5N1)	485	1884
PB2|PP755596.1|A/cattle/Texas/24-008749-003/2024(H5N1)	486	1906
PB2|PP755596.1|A/cattle/Texas/24-008749-003/2024(H5N1)	487	1907
PB2|PP755596.1|A/cattle/Texas/24-008749-003/2024(H5N1)	488	1903
PB2|PP755596.1|A/cattle/Texas/24-008749-003/2024(H5N1)	489	1790
PB2|PP755596.1|A/cattle/Texas/24-008749-003/2024(H5N1)	490	1778
PB2|PP755596.1|A/cattle/Texas/24-008749-003/2024(H5N1)	491	1768
PB2|PP755596.1|A/cattle/Texas/24-008749-003/2024(H5N1)	492	1768
PB2|PP755596.1|A/cattle/Texas/24-008749-003/2024(H5N1)	493	1764
PB2|PP755596.1|A/cattle/Texas/24-008749-003/2024(H5N1)	494	1770
PB2|PP755596.1|A/cattle/Texas/24-008749-003/2024(H5N1)	495	1764
PB2|PP755596.1|A/cattle/Texas/24-008749-003/2024(H5N1)	496	1766
PB2|PP755596.1|A/cattle/Texas/24-008749-003/2024(H5N1)	497	1758
PB2|PP755596.1|A/cattle/Texas/24-008749-003/2024(H5N1)	498	1759
PB2|PP755596.1|A/cattle/Texas/24-008749-003/2024(H5N1)	499	1760
PB2|PP755596.1|A/cattle/Texas/24-008749-003/2024(H5N1)	500	1769
PB2|PP755596.1|A/cattle/Texas/24-008749-003/2024(H5N1)	501	1779
PB2|PP755596.1|A/cattle/Texas/24-008749-003/2024(H5N1)	502	1769
PB2|PP755596.1|A/cattle/Texas/24-008749-003/2024(H5N1)	503	1769
PB2|PP755596.1|A/cattle/Texas/24-008749-003/2024(H5N1)	504	1788
PB2|PP755596.1|A/cattle/Texas/24-008749-003/2024(H5N1)	505	1787
PB2|PP755596.1|A/cattle/Texas/24-008749-003/2024(H5N1)	506	1809
PB2|PP755596.1|A/cattle/Texas/24-008749-003/2024(H5N1)	507	1809
PB2|PP755596.1|A/cattle/Texas/24-008749-003/2024(H5N1)	508	1827
PB2|PP755596.1|A/cattle/Texas/24-008749-003/2024(H5N1)	509	1836
PB2|PP755596.1|A/cattle/Texas/24-008749-003/2024(H5N1)	510	1836
PB2|PP755596.1|A/cattle/Texas/24-008749-003/2024(H5N1)	511	1838
PB2|PP755596.1|A/cattle/Texas/24-008749-003/2024(H5N1)	512	1855
PB2|PP755596.1|A/cattle/Texas/24-008749-003/2024(H5N1)	513	1853
PB2|PP755596.1|A/cattle/Texas/24-008749-003/2024(H5N1)	514	1829
PB2|PP755596.1|A/cattle/Texas/24-008749-003/2024(H5N1)	515	1820
PB2|PP755596.1|A/cattle/Texas/24-008749-003/2024(H5N1)	516	1822
PB2|PP755596.1|A/cattle/Texas/24-008749-003/2024(H5N1)	517	1818
PB2|PP755596.1|A/cattle/Texas/24-008749-003/2024(H5N1)	518	1830
PB2|PP755596.1|A/cattle/Texas/24-008749-003/2024(H5N1)	519	1832
PB2|PP755596.1|A/cattle/Texas/24-008749-003/2024(H5N1)	520	1832
PB2|PP755596.1|A/cattle/Texas/24-008749-003/2024(H5N1)	521	1838
PB2|PP755596.1|A/cattle/Texas/24-008749-003/2024(H5N1)	522	1833
PB2|PP755596.1|A/cattle/Texas/24-008749-003/2024(H5N1)	523	1830
PB2|PP755596.1|A/cattle/Texas/24-008749-003/2024(H5N1)	524	1851
PB2|PP755596.1|A/cattle/Texas/24-008749-003/2024(H5N1)	525	1871
PB2|PP755596.1|A/cattle/Texas/24-008749-003/2024(H5N1)	526	1880
PB2|PP755596.1|A/cattle/Texas/24-008749-003/2024(H5N1)	527	1882
PB2|PP755596.1|A/cattle/Texas/24-008749-003/2024(H5N1)	528	1879
PB2|PP755596.1|A/cattle/Texas/24-008749-003/2024(H5N1)	529	1873
PB2|PP755596.1|A/cattle/Texas/24-008749-003/2024(H5N1)	530	1846
PB2|PP755596.1|A/cattle/Texas/24-008749-003/2024(H5N1)	531	1717
PB2|PP755596.1|A/cattle/Texas/24-008749-003/2024(H5N1)	532	1715
PB2|PP755596.1|A/cattle/Texas/24-008749-003/2024(H5N1)	533	1719
PB2|PP755596.1|A/cattle/Texas/24-008749-003/2024(H5N1)	534	1703
PB2|PP755596.1|A/cattle/Texas/24-008749-003/2024(H5N1)	535	1730
PB2|PP755596.1|A/cattle/Texas/24-008749-003/2024(H5N1)	536	1767
PB2|PP755596.1|A/cattle/Texas/24-008749-003/2024(H5N1)	537	1765
PB2|PP755596.1|A/cattle/Texas/24-008749-003/2024(H5N1)	538	1771
PB2|PP755596.1|A/cattle/Texas/24-008749-003/2024(H5N1)	539	1820
PB2|PP755596.1|A/cattle/Texas/24-008749-003/2024(H5N1)	540	1819
PB2|PP755596.1|A/cattle/Texas/24-008749-003/2024(H5N1)	541	1911
PB2|PP755596.1|A/cattle/Texas/24-008749-003/2024(H5N1)	542	1874
PB2|PP755596.1|A/cattle/Texas/24-008749-003/2024(H5N1)	543	1874
PB2|PP755596.1|A/cattle/Texas/24-008749-003/2024(H5N1)	544	1894
PB2|PP755596.1|A/cattle/Texas/24-008749-003/2024(H5N1)	545	1894
PB2|PP755596.1|A/cattle/Texas/24-008749-003/2024(H5N1)	546	1902
PB2|PP755596.1|A/cattle/Texas/24-008749-003/2024(H5N1)	547	1857
PB2|PP755596.1|A/cattle/Texas/24-008749-003/2024(H5N1)	548	1839
PB2|PP755596.1|A/cattle/Texas/24-008749-003/2024(H5N1)	549	1856
PB2|PP755596.1|A/cattle/Texas/24-008749-003/2024(H5N1)	550	1873
PB2|PP755596.1|A/cattle/Texas/24-008749-003/2024(H5N1)	551	1881
PB2|PP755596.1|A/cattle/Texas/24-008749-003/2024(H5N1)	552	1882
PB2|PP755596.1|A/cattle/Texas/24-008749-003/2024(H5N1)	553	1868
PB2|PP755596.1|A/cattle/Texas/24-008749-003/2024(H5N1)	554	1919
PB2|PP755596.1|A/cattle/Texas/24-008749-003/2024(H5N1)	555	1926
PB2|PP755596.1|A/cattle/Texas/24-008749-003/2024(H5N1)	556	1964
PB2|PP755596.1|A/cattle/Texas/24-008749-003/2024(H5N1)	557	1971
PB2|PP755596.1|A/cattle/Texas/24-008749-003/2024(H5N1)	558	1956
PB2|PP755596.1|A/cattle/Texas/24-008749-003/2024(H5N1)	559	1963
PB2|PP755596.1|A/cattle/Texas/24-008749-003/2024(H5N1)	560	1954
PB2|PP755596.1|A/cattle/Texas/24-008749-003/2024(H5N1)	561	1977
PB2|PP755596.1|A/cattle/Texas/24-008749-003/2024(H5N1)	562	1997
PB2|PP755596.1|A/cattle/Texas/24-008749-003/2024(H5N1)	563	1966
PB2|PP755596.1|A/cattle/Texas/24-008749-003/2024(H5N1)	564	1979
PB2|PP755596.1|A/cattle/Texas/24-008749-003/2024(H5N1)	565	1971
PB2|PP755596.1|A/cattle/Texas/24-008749-003/2024(H5N1)	566	1963
PB2|PP755596.1|A/cattle/Texas/24-008749-003/2024(H5N1)	567	1969
PB2|PP755596.1|A/cattle/Texas/24-008749-003/2024(H5N1)	568	2000
PB2|PP755596.1|A/cattle/Texas/24-008749-003/2024(H5N1)	569	2007
PB2|PP755596.1|A/cattle/Texas/24-008749-003/2024(H5N1)	570	1939
PB2|PP755596.1|A/cattle/Texas/24-008749-003/2024(H5N1)	571	1946
PB2|PP755596.1|A/cattle/Texas/24-008749-003/2024(H5N1)	572	1944
PB2|PP755596.1|A/cattle/Texas/24-008749-003/2024(H5N1)	573	1935
PB2|PP755596.1|A/cattle/Texas/24-008749-003/2024(H5N1)	574	1939
PB2|PP755596.1|A/cattle/Texas/24-008749-003/2024(H5N1)	575	1958
PB2|PP755596.1|A/cattle/Texas/24-008749-003/2024(H5N1)	576	1943
PB2|PP755596.1|A/cattle/Texas/24-008749-003/2024(H5N1)	577	2051
PB2|PP755596.1|A/cattle/Texas/24-008749-003/2024(H5N1)	578	2045
PB2|PP755596.1|A/cattle/Texas/24-008749-003/2024(H5N1)	579	2072
PB2|PP755596.1|A/cattle/Texas/24-008749-003/2024(H5N1)	580	2067
PB2|PP755596.1|A/cattle/Texas/24-008749-003/2024(H5N1)	581	2068
PB2|PP755596.1|A/cattle/Texas/24-008749-003/2024(H5N1)	582	2068
PB2|PP755596.1|A/cattle/Texas/24-008749-003/2024(H5N1)	583	2075
PB2|PP755596.1|A/cattle/Texas/24-008749-003/2024(H5N1)	584	2168
PB2|PP755596.1|A/cattle/Texas/24-008749-003/2024(H5N1)	585	2089
PB2|PP755596.1|A/cattle/Texas/24-008749-003/2024(H5N1)	586	1954
PB2|PP755596.1|A/cattle/Texas/24-008749-003/2024(H5N1)	587	1954
PB2|PP755596.1|A/cattle/Texas/24-008749-003/2024(H5N1)	588	1965
PB2|PP755596.1|A/cattle/Texas/24-008749-003/2024(H5N1)	589	1965
PB2|PP755596.1|A/cattle/Texas/24-008749-003/2024(H5N1)	590	1972
PB2|PP755596.1|A/cattle/Texas/24-008749-003/2024(H5N1)	591	1966
PB2|PP755596.1|A/cattle/Texas/24-008749-003/2024(H5N1)	592	2004
PB2|PP755596.1|A/cattle/Texas/24-008749-003/2024(H5N1)	593	1969
PB2|PP755596.1|A/cattle/Texas/24-008749-003/2024(H5N1)	594	1938
PB2|PP755596.1|A/cattle/Texas/24-008749-003/2024(H5N1)	595	1938
PB2|PP755596.1|A/cattle/Texas/24-008749-003/2024(H5N1)	596	1950
PB2|PP755596.1|A/cattle/Texas/24-008749-003/2024(H5N1)	597	1942
PB2|PP755596.1|A/cattle/Texas/24-008749-003/2024(H5N1)	598	1972
PB2|PP755596.1|A/cattle/Texas/24-008749-003/2024(H5N1)	599	1961
PB2|PP755596.1|A/cattle/Texas/24-008749-003/2024(H5N1)	600	1979
PB2|PP755596.1|A/cattle/Texas/24-008749-003/2024(H5N1)	601	1972
PB2|PP755596.1|A/cattle/Texas/24-008749-003/2024(H5N1)	602	1973
PB2|PP755596.1|A/cattle/Texas/24-008749-003/2024(H5N1)	603	1929
PB2|PP755596.1|A/cattle/Texas/24-008749-003/2024(H5N1)	604	1930
PB2|PP755596.1|A/cattle/Texas/24-008749-003/2024(H5N1)	605	1915
PB2|PP755596.1|A/cattle/Texas/24-008749-003/2024(H5N1)	606	1917
PB2|PP755596.1|A/cattle/Texas/24-008749-003/2024(H5N1)	607	1926
PB2|PP755596.1|A/cattle/Texas/24-008749-003/2024(H5N1)	608	1912
PB2|PP755596.1|A/cattle/Texas/24-008749-003/2024(H5N1)	609	1875
PB2|PP755596.1|A/cattle/Texas/24-008749-003/2024(H5N1)	610	1882
PB2|PP755596.1|A/cattle/Texas/24-008749-003/2024(H5N1)	611	1917
PB2|PP755596.1|A/cattle/Texas/24-008749-003/2024(H5N1)	612	1919
PB2|PP755596.1|A/cattle/Texas/24-008749-003/2024(H5N1)	613	1922
PB2|PP755596.1|A/cattle/Texas/24-008749-003/2024(H5N1)	614	1931
PB2|PP755596.1|A/cattle/Texas/24-008749-003/2024(H5N1)	615	1893
PB2|PP755596.1|A/cattle/Texas/24-008749-003/2024(H5N1)	616	1818
PB2|PP755596.1|A/cattle/Texas/24-008749-003/2024(H5N1)	617	1814
PB2|PP755596.1|A/cattle/Texas/24-008749-003/2024(H5N1)	618	1825
PB2|PP755596.1|A/cattle/Texas/24-008749-003/2024(H5N1)	619	1880
PB2|PP755596.1|A/cattle/Texas/24-008749-003/2024(H5N1)	620	1865
PB2|PP755596.1|A/cattle/Texas/24-008749-003/2024(H5N1)	621	1861
PB2|PP755596.1|A/cattle/Texas/24-008749-003/2024(H5N1)	622	1867
PB2|PP755596.1|A/cattle/Texas/24-008749-003/2024(H5N1)	623	1885
PB2|PP755596.1|A/cattle/Texas/24-008749-003/2024(H5N1)	624	1885
PB2|PP755596.1|A/cattle/Texas/24-008749-003/2024(H5N1)	625	1871
PB2|PP755596.1|A/cattle/Texas/24-008749-003/2024(H5N1)	626	1877
PB2|PP755596.1|A/cattle/Texas/24-008749-003/2024(H5N1)	627	1852
PB2|PP755596.1|A/cattle/Texas/24-008749-003/2024(H5N1)	628	1883
PB2|PP755596.1|A/cattle/Texas/24-008749-003/2024(H5N1)	629	1867
PB2|PP755596.1|A/cattle/Texas/24-008749-003/2024(H5N1)	630	1865
PB2|PP755596.1|A/cattle/Texas/24-008749-003/2024(H5N1)	631	1738
PB2|PP755596.1|A/cattle/Texas/24-008749-003/2024(H5N1)	632	1726
PB2|PP755596.1|A/cattle/Texas/24-008749-003/2024(H5N1)	633	1708
PB2|PP755596.1|A/cattle/Texas/24-008749-003/2024(H5N1)	634	1734
PB2|PP755596.1|A/cattle/Texas/24-008749-003/2024(H5N1)	635	1740
PB2|PP755596.1|A/cattle/Texas/24-008749-003/2024(H5N1)	636	1744
PB2|PP755596.1|A/cattle/Texas/24-008749-003/2024(H5N1)	637	1724
PB2|PP755596.1|A/cattle/Texas/24-008749-003/2024(H5N1)	638	1725
PB2|PP755596.1|A/cattle/Texas/24-008749-003/2024(H5N1)	639	1714
PB2|PP755596.1|A/cattle/Texas/24-008749-003/2024(H5N1)	640	1718
PB2|PP755596.1|A/cattle/Texas/24-008749-003/2024(H5N1)	641	1732
PB2|PP755596.1|A/cattle/Texas/24-008749-003/2024(H5N1)	642	1728
PB2|PP755596.1|A/cattle/Texas/24-008749-003/2024(H5N1)	643	1736
PB2|PP755596.1|A/cattle/Texas/24-008749-003/2024(H5N1)	644	1724
PB2|PP755596.1|A/cattle/Texas/24-008749-003/2024(H5N1)	645	1718
PB2|PP755596.1|A/cattle/Texas/24-008749-003/2024(H5N1)	646	1780
PB2|PP755596.1|A/cattle/Texas/24-008749-003/2024(H5N1)	647	1778
PB2|PP755596.1|A/cattle/Texas/24-008749-003/2024(H5N1)	648	1810
PB2|PP755596.1|A/cattle/Texas/24-008749-003/2024(H5N1)	649	1809
PB2|PP755596.1|A/cattle/Texas/24-008749-003/2024(H5N1)	650	1807
PB2|PP755596.1|A/cattle/Texas/24-008749-003/2024(H5N1)	651	1814
PB2|PP755596.1|A/cattle/Texas/24-008749-003/2024(H5N1)	652	1800
PB2|PP755596.1|A/cattle/Texas/24-008749-003/2024(H5N1)	653	1822
PB2|PP755596.1|A/cattle/Texas/24-008749-003/2024(H5N1)	654	1852
PB2|PP755596.1|A/cattle/Texas/24-008749-003/2024(H5N1)	655	1831
PB2|PP755596.1|A/cattle/Texas/24-008749-003/2024(H5N1)	656	1822
PB2|PP755596.1|A/cattle/Texas/24-008749-003/2024(H5N1)	657	1802
PB2|PP755596.1|A/cattle/Texas/24-008749-003/2024(H5N1)	658	1805
PB2|PP755596.1|A/cattle/Texas/24-008749-003/2024(H5N1)	659	1798
PB2|PP755596.1|A/cattle/Texas/24-008749-003/2024(H5N1)	660	1790
PB2|PP755596.1|A/cattle/Texas/24-008749-003/2024(H5N1)	661	1792
PB2|PP755596.1|A/cattle/Texas/24-008749-003/2024(H5N1)	662	1784
PB2|PP755596.1|A/cattle/Texas/24-008749-003/2024(H5N1)	663	1777
PB2|PP755596.1|A/cattle/Texas/24-008749-003/2024(H5N1)	664	1779
PB2|PP755596.1|A/cattle/Texas/24-008749-003/2024(H5N1)	665	1800
PB2|PP755596.1|A/cattle/Texas/24-008749-003/2024(H5N1)	666	1805
PB2|PP755596.1|A/cattle/Texas/24-008749-003/2024(H5N1)	667	1817
PB2|PP755596.1|A/cattle/Texas/24-008749-003/2024(H5N1)	668	1827
PB2|PP755596.1|A/cattle/Texas/24-008749-003/2024(H5N1)	669	1837
PB2|PP755596.1|A/cattle/Texas/24-008749-003/2024(H5N1)	670	1846
PB2|PP755596.1|A/cattle/Texas/24-008749-003/2024(H5N1)	671	1893
PB2|PP755596.1|A/cattle/Texas/24-008749-003/2024(H5N1)	672	1897
PB2|PP755596.1|A/cattle/Texas/24-008749-003/2024(H5N1)	673	1895
PB2|PP755596.1|A/cattle/Texas/24-008749-003/2024(H5N1)	674	1894
PB2|PP755596.1|A/cattle/Texas/24-008749-003/2024(H5N1)	675	1878
PB2|PP755596.1|A/cattle/Texas/24-008749-003/2024(H5N1)	676	1855
PB2|PP755596.1|A/cattle/Texas/24-008749-003/2024(H5N1)	677	1896
PB2|PP755596.1|A/cattle/Texas/24-008749-003/2024(H5N1)	678	1916
PB2|PP755596.1|A/cattle/Texas/24-008749-003/2024(H5N1)	679	1970
PB2|PP755596.1|A/cattle/Texas/24-008749-003/2024(H5N1)	680	1977
PB2|PP755596.1|A/cattle/Texas/24-008749-003/2024(H5N1)	681	1976
PB2|PP755596.1|A/cattle/Texas/24-008749-003/2024(H5N1)	682	1976
PB2|PP755596.1|A/cattle/Texas/24-008749-003/2024(H5N1)	683	2051
PB2|PP755596.1|A/cattle/Texas/24-008749-003/2024(H5N1)	684	2040
PB2|PP755596.1|A/cattle/Texas/24-008749-003/2024(H5N1)	685	2060
PB2|PP755596.1|A/cattle/Texas/24-008749-003/2024(H5N1)	686	2049
PB2|PP755596.1|A/cattle/Texas/24-008749-003/2024(H5N1)	687	2010
PB2|PP755596.1|A/cattle/Texas/24-008749-003/2024(H5N1)	688	2001
PB2|PP755596.1|A/cattle/Texas/24-008749-003/2024(H5N1)	689	1953
PB2|PP755596.1|A/cattle/Texas/24-008749-003/2024(H5N1)	690	1932
PB2|PP755596.1|A/cattle/Texas/24-008749-003/2024(H5N1)	691	1949
PB2|PP755596.1|A/cattle/Texas/24-008749-003/2024(H5N1)	692	1874
PB2|PP755596.1|A/cattle/Texas/24-008749-003/2024(H5N1)	693	1876
PB2|PP755596.1|A/cattle/Texas/24-008749-003/2024(H5N1)	694	1870
PB2|PP755596.1|A/cattle/Texas/24-008749-003/2024(H5N1)	695	1865
PB2|PP755596.1|A/cattle/Texas/24-008749-003/2024(H5N1)	696	1899
PB2|PP755596.1|A/cattle/Texas/24-008749-003/2024(H5N1)	697	1994
PB2|PP755596.1|A/cattle/Texas/24-008749-003/2024(H5N1)	698	2035
PB2|PP755596.1|A/cattle/Texas/24-008749-003/2024(H5N1)	699	2040
PB2|PP755596.1|A/cattle/Texas/24-008749-003/2024(H5N1)	700	2002
PB2|PP755596.1|A/cattle/Texas/24-008749-003/2024(H5N1)	701	2004
PB2|PP755596.1|A/cattle/Texas/24-008749-003/2024(H5N1)	702	1988
PB2|PP755596.1|A/cattle/Texas/24-008749-003/2024(H5N1)	703	2021
PB2|PP755596.1|A/cattle/Texas/24-008749-003/2024(H5N1)	704	2016
PB2|PP755596.1|A/cattle/Texas/24-008749-003/2024(H5N1)	705	1999
PB2|PP755596.1|A/cattle/Texas/24-008749-003/2024(H5N1)	706	1990
PB2|PP755596.1|A/cattle/Texas/24-008749-003/2024(H5N1)	707	1949
PB2|PP755596.1|A/cattle/Texas/24-008749-003/2024(H5N1)	708	1975
PB2|PP755596.1|A/cattle/Texas/24-008749-003/2024(H5N1)	709	2000
PB2|PP755596.1|A/cattle/Texas/24-008749-003/2024(H5N1)	710	2003
PB2|PP755596.1|A/cattle/Texas/24-008749-003/2024(H5N1)	711	2012
PB2|PP755596.1|A/cattle/Texas/24-008749-003/2024(H5N1)	712	1995
PB2|PP755596.1|A/cattle/Texas/24-008749-003/2024(H5N1)	713	1991
PB2|PP755596.1|A/cattle/Texas/24-008749-003/2024(H5N1)	714	1984
PB2|PP755596.1|A/cattle/Texas/24-008749-003/2024(H5N1)	715	2006
PB2|PP755596.1|A/cattle/Texas/24-008749-003/2024(H5N1)	716	2031
PB2|PP755596.1|A/cattle/Texas/24-008749-003/2024(H5N1)	717	2030
PB2|PP755596.1|A/cattle/Texas/24-008749-003/2024(H5N1)	718	2008
PB2|PP755596.1|A/cattle/Texas/24-008749-003/2024(H5N1)	719	2004
PB2|PP755596.1|A/cattle/Texas/24-008749-003/2024(H5N1)	720	2002
PB2|PP755596.1|A/cattle/Texas/24-008749-003/2024(H5N1)	721	2046
PB2|PP755596.1|A/cattle/Texas/24-008749-003/2024(H5N1)	722	2035
PB2|PP755596.1|A/cattle/Texas/24-008749-003/2024(H5N1)	723	2034
PB2|PP755596.1|A/cattle/Texas/24-008749-003/2024(H5N1)	724	2107
PB2|PP755596.1|A/cattle/Texas/24-008749-003/2024(H5N1)	725	2081
PB2|PP755596.1|A/cattle/Texas/24-008749-003/2024(H5N1)	726	2202
PB2|PP755596.1|A/cattle/Texas/24-008749-003/2024(H5N1)	727	2200
PB2|PP755596.1|A/cattle/Texas/24-008749-003/2024(H5N1)	728	2112
PB2|PP755596.1|A/cattle/Texas/24-008749-003/2024(H5N1)	729	2130
PB2|PP755596.1|A/cattle/Texas/24-008749-003/2024(H5N1)	730	2160
PB2|PP755596.1|A/cattle/Texas/24-008749-003/2024(H5N1)	731	2167
PB2|PP755596.1|A/cattle/Texas/24-008749-003/2024(H5N1)	732	2167
PB2|PP755596.1|A/cattle/Texas/24-008749-003/2024(H5N1)	733	2151
PB2|PP755596.1|A/cattle/Texas/24-008749-003/2024(H5N1)	734	2216
PB2|PP755596.1|A/cattle/Texas/24-008749-003/2024(H5N1)	735	2090
PB2|PP755596.1|A/cattle/Texas/24-008749-003/2024(H5N1)	736	2101
PB2|PP755596.1|A/cattle/Texas/24-008749-003/2024(H5N1)	737	2098
PB2|PP755596.1|A/cattle/Texas/24-008749-003/2024(H5N1)	738	2076
PB2|PP755596.1|A/cattle/Texas/24-008749-003/2024(H5N1)	739	2077
PB2|PP755596.1|A/cattle/Texas/24-008749-003/2024(H5N1)	740	2092
PB2|PP755596.1|A/cattle/Texas/24-008749-003/2024(H5N1)	741	2097
PB2|PP755596.1|A/cattle/Texas/24-008749-003/2024(H5N1)	742	2117
PB2|PP755596.1|A/cattle/Texas/24-008749-003/2024(H5N1)	743	2117
PB2|PP755596.1|A/cattle/Texas/24-008749-003/2024(H5N1)	744	2107
PB2|PP755596.1|A/cattle/Texas/24-008749-003/2024(H5N1)	745	2109
PB2|PP755596.1|A/cattle/Texas/24-008749-003/2024(H5N1)	746	2114
PB2|PP755596.1|A/cattle/Texas/24-008749-003/2024(H5N1)	747	2110
PB2|PP755596.1|A/cattle/Texas/24-008749-003/2024(H5N1)	748	2113
PB2|PP755596.1|A/cattle/Texas/24-008749-003/2024(H5N1)	749	2084
PB2|PP755596.1|A/cattle/Texas/24-008749-003/2024(H5N1)	750	2085
PB2|PP755596.1|A/cattle/Texas/24-008749-003/2024(H5N1)	751	2070
PB2|PP755596.1|A/cattle/Texas/24-008749-003/2024(H5N1)	752	2068
PB2|PP755596.1|A/cattle/Texas/24-008749-003/2024(H5N1)	753	2070
PB2|PP755596.1|A/cattle/Texas/24-008749-003/2024(H5N1)	754	2066
PB2|PP755596.1|A/cattle/Texas/24-008749-003/2024(H5N1)	755	2071
PB2|PP755596.1|A/cattle/Texas/24-008749-003/2024(H5N1)	756	2079
PB2|PP755596.1|A/cattle/Texas/24-008749-003/2024(H5N1)	757	2073
PB2|PP755596.1|A/cattle/Texas/24-008749-003/2024(H5N1)	758	2032
PB2|PP755596.1|A/cattle/Texas/24-008749-003/2024(H5N1)	759	2026
PB2|PP755596.1|A/cattle/Texas/24-008749-003/2024(H5N1)	760	2027
PB2|PP755596.1|A/cattle/Texas/24-008749-003/2024(H5N1)	761	2092
PB2|PP755596.1|A/cattle/Texas/24-008749-003/2024(H5N1)	762	2065
PB2|PP755596.1|A/cattle/Texas/24-008749-003/2024(H5N1)	763	2068
PB2|PP755596.1|A/cattle/Texas/24-008749-003/2024(H5N1)	764	2065
PB2|PP755596.1|A/cattle/Texas/24-008749-003/2024(H5N1)	765	2060
PB2|PP755596.1|A/cattle/Texas/24-008749-003/2024(H5N1)	766	2076
PB2|PP755596.1|A/cattle/Texas/24-008749-003/2024(H5N1)	767	2086
PB2|PP755596.1|A/cattle/Texas/24-008749-003/2024(H5N1)	768	2078
PB2|PP755596.1|A/cattle/Texas/24-008749-003/2024(H5N1)	769	2068
PB2|PP755596.1|A/cattle/Texas/24-008749-003/2024(H5N1)	770	2011
PB2|PP755596.1|A/cattle/Texas/24-008749-003/2024(H5N1)	771	2040
PB2|PP755596.1|A/cattle/Texas/24-008749-003/2024(H5N1)	772	2055
PB2|PP755596.1|A/cattle/Texas/24-008749-003/2024(H5N1)	773	2051
PB2|PP755596.1|A/cattle/Texas/24-008749-003/2024(H5N1)	774	2037
PB2|PP755596.1|A/cattle/Texas/24-008749-003/2024(H5N1)	775	2027
PB2|PP755596.1|A/cattle/Texas/24-008749-003/2024(H5N1)	776	2024
PB2|PP755596.1|A/cattle/Texas/24-008749-003/2024(H5N1)	777	2026
PB2|PP755596.1|A/cattle/Texas/24-008749-003/2024(H5N1)	778	2069
PB2|PP755596.1|A/cattle/Texas/24-008749-003/2024(H5N1)	779	2040
PB2|PP755596.1|A/cattle/Texas/24-008749-003/2024(H5N1)	780	2013
PB2|PP755596.1|A/cattle/Texas/24-008749-003/2024(H5N1)	781	2013
PB2|PP755596.1|A/cattle/Texas/24-008749-003/2024(H5N1)	782	2012
PB2|PP755596.1|A/cattle/Texas/24-008749-003/2024(H5N1)	783	2087
PB2|PP755596.1|A/cattle/Texas/24-008749-003/2024(H5N1)	784	2097
PB2|PP755596.1|A/cattle/Texas/24-008749-003/2024(H5N1)	785	2109
PB2|PP755596.1|A/cattle/Texas/24-008749-003/2024(H5N1)	786	2106
PB2|PP755596.1|A/cattle/Texas/24-008749-003/2024(H5N1)	787	2155
PB2|PP755596.1|A/cattle/Texas/24-008749-003/2024(H5N1)	788	2197
PB2|PP755596.1|A/cattle/Texas/24-008749-003/2024(H5N1)	789	2210
PB2|PP755596.1|A/cattle/Texas/24-008749-003/2024(H5N1)	790	2210
PB2|PP755596.1|A/cattle/Texas/24-008749-003/2024(H5N1)	791	2214
PB2|PP755596.1|A/cattle/Texas/24-008749-003/2024(H5N1)	792	2215
PB2|PP755596.1|A/cattle/Texas/24-008749-003/2024(H5N1)	793	2233
PB2|PP755596.1|A/cattle/Texas/24-008749-003/2024(H5N1)	794	2223
PB2|PP755596.1|A/cattle/Texas/24-008749-003/2024(H5N1)	795	2235
PB2|PP755596.1|A/cattle/Texas/24-008749-003/2024(H5N1)	796	2208
PB2|PP755596.1|A/cattle/Texas/24-008749-003/2024(H5N1)	797	2202
PB2|PP755596.1|A/cattle/Texas/24-008749-003/2024(H5N1)	798	2211
PB2|PP755596.1|A/cattle/Texas/24-008749-003/2024(H5N1)	799	2197
PB2|PP755596.1|A/cattle/Texas/24-008749-003/2024(H5N1)	800	2228
PB2|PP755596.1|A/cattle/Texas/24-008749-003/2024(H5N1)	801	2219
PB2|PP755596.1|A/cattle/Texas/24-008749-003/2024(H5N1)	802	2208
PB2|PP755596.1|A/cattle/Texas/24-008749-003/2024(H5N1)	803	2213
PB2|PP755596.1|A/cattle/Texas/24-008749-003/2024(H5N1)	804	2227
PB2|PP755596.1|A/cattle/Texas/24-008749-003/2024(H5N1)	805	2189
PB2|PP755596.1|A/cattle/Texas/24-008749-003/2024(H5N1)	806	2210
PB2|PP755596.1|A/cattle/Texas/24-008749-003/2024(H5N1)	807	2206
PB2|PP755596.1|A/cattle/Texas/24-008749-003/2024(H5N1)	808	2209
PB2|PP755596.1|A/cattle/Texas/24-008749-003/2024(H5N1)	809	2207
PB2|PP755596.1|A/cattle/Texas/24-008749-003/2024(H5N1)	810	2210
PB2|PP755596.1|A/cattle/Texas/24-008749-003/2024(H5N1)	811	2204
PB2|PP755596.1|A/cattle/Texas/24-008749-003/2024(H5N1)	812	2219
PB2|PP755596.1|A/cattle/Texas/24-008749-003/2024(H5N1)	813	2224
PB2|PP755596.1|A/cattle/Texas/24-008749-003/2024(H5N1)	814	2270
PB2|PP755596.1|A/cattle/Texas/24-008749-003/2024(H5N1)	815	2308
PB2|PP755596.1|A/cattle/Texas/24-008749-003/2024(H5N1)	816	2308
PB2|PP755596.1|A/cattle/Texas/24-008749-003/2024(H5N1)	817	2311
PB2|PP755596.1|A/cattle/Texas/24-008749-003/2024(H5N1)	818	2309
PB2|PP755596.1|A/cattle/Texas/24-008749-003/2024(H5N1)	819	2303
PB2|PP755596.1|A/cattle/Texas/24-008749-003/2024(H5N1)	820	2292
PB2|PP755596.1|A/cattle/Texas/24-008749-003/2024(H5N1)	821	2270
PB2|PP755596.1|A/cattle/Texas/24-008749-003/2024(H5N1)	822	2215
PB2|PP755596.1|A/cattle/Texas/24-008749-003/2024(H5N1)	823	2209
PB2|PP755596.1|A/cattle/Texas/24-008749-003/2024(H5N1)	824	2238
PB2|PP755596.1|A/cattle/Texas/24-008749-003/2024(H5N1)	825	2270
PB2|PP755596.1|A/cattle/Texas/24-008749-003/2024(H5N1)	826	2268
PB2|PP755596.1|A/cattle/Texas/24-008749-003/2024(H5N1)	827	2217
PB2|PP755596.1|A/cattle/Texas/24-008749-003/2024(H5N1)	828	2209
PB2|PP755596.1|A/cattle/Texas/24-008749-003/2024(H5N1)	829	2163
PB2|PP755596.1|A/cattle/Texas/24-008749-003/2024(H5N1)	830	2168
PB2|PP755596.1|A/cattle/Texas/24-008749-003/2024(H5N1)	831	2172
PB2|PP755596.1|A/cattle/Texas/24-008749-003/2024(H5N1)	832	2166
PB2|PP755596.1|A/cattle/Texas/24-008749-003/2024(H5N1)	833	2117
PB2|PP755596.1|A/cattle/Texas/24-008749-003/2024(H5N1)	834	2101
PB2|PP755596.1|A/cattle/Texas/24-008749-003/2024(H5N1)	835	2101
PB2|PP755596.1|A/cattle/Texas/24-008749-003/2024(H5N1)	836	2102
PB2|PP755596.1|A/cattle/Texas/24-008749-003/2024(H5N1)	837	2101
PB2|PP755596.1|A/cattle/Texas/24-008749-003/2024(H5N1)	838	2226
PB2|PP755596.1|A/cattle/Texas/24-008749-003/2024(H5N1)	839	2226
PB2|PP755596.1|A/cattle/Texas/24-008749-003/2024(H5N1)	840	2232
PB2|PP755596.1|A/cattle/Texas/24-008749-003/2024(H5N1)	841	2215
PB2|PP755596.1|A/cattle/Texas/24-008749-003/2024(H5N1)	842	2197
PB2|PP755596.1|A/cattle/Texas/24-008749-003/2024(H5N1)	843	2201
PB2|PP755596.1|A/cattle/Texas/24-008749-003/2024(H5N1)	844	2201
PB2|PP755596.1|A/cattle/Texas/24-008749-003/2024(H5N1)	845	2195
PB2|PP755596.1|A/cattle/Texas/24-008749-003/2024(H5N1)	846	2200
PB2|PP755596.1|A/cattle/Texas/24-008749-003/2024(H5N1)	847	2085
PB2|PP755596.1|A/cattle/Texas/24-008749-003/2024(H5N1)	848	2077
PB2|PP755596.1|A/cattle/Texas/24-008749-003/2024(H5N1)	849	2087
PB2|PP755596.1|A/cattle/Texas/24-008749-003/2024(H5N1)	850	2085
PB2|PP755596.1|A/cattle/Texas/24-008749-003/2024(H5N1)	851	2086
PB2|PP755596.1|A/cattle/Texas/24-008749-003/2024(H5N1)	852	2098
PB2|PP755596.1|A/cattle/Texas/24-008749-003/2024(H5N1)	853	2086
PB2|PP755596.1|A/cattle/Texas/24-008749-003/2024(H5N1)	854	2091
PB2|PP755596.1|A/cattle/Texas/24-008749-003/2024(H5N1)	855	2079
PB2|PP755596.1|A/cattle/Texas/24-008749-003/2024(H5N1)	856	2075
PB2|PP755596.1|A/cattle/Texas/24-008749-003/2024(H5N1)	857	2122
PB2|PP755596.1|A/cattle/Texas/24-008749-003/2024(H5N1)	858	2079
PB2|PP755596.1|A/cattle/Texas/24-008749-003/2024(H5N1)	859	2081
PB2|PP755596.1|A/cattle/Texas/24-008749-003/2024(H5N1)	860	2078
PB2|PP755596.1|A/cattle/Texas/24-008749-003/2024(H5N1)	861	2069
PB2|PP755596.1|A/cattle/Texas/24-008749-003/2024(H5N1)	862	2072
PB2|PP755596.1|A/cattle/Texas/24-008749-003/2024(H5N1)	863	2051
PB2|PP755596.1|A/cattle/Texas/24-008749-003/2024(H5N1)	864	2104
PB2|PP755596.1|A/cattle/Texas/24-008749-003/2024(H5N1)	865	2108
PB2|PP755596.1|A/cattle/Texas/24-008749-003/2024(H5N1)	866	2071
PB2|PP755596.1|A/cattle/Texas/24-008749-003/2024(H5N1)	867	2047
PB2|PP755596.1|A/cattle/Texas/24-008749-003/2024(H5N1)	868	2045
PB2|PP755596.1|A/cattle/Texas/24-008749-003/2024(H5N1)	869	2045
PB2|PP755596.1|A/cattle/Texas/24-008749-003/2024(H5N1)	870	2052
PB2|PP755596.1|A/cattle/Texas/24-008749-003/2024(H5N1)	871	2061
PB2|PP755596.1|A/cattle/Texas/24-008749-003/2024(H5N1)	872	2137
PB2|PP755596.1|A/cattle/Texas/24-008749-003/2024(H5N1)	873	2095
PB2|PP755596.1|A/cattle/Texas/24-008749-003/2024(H5N1)	874	2100
PB2|PP755596.1|A/cattle/Texas/24-008749-003/2024(H5N1)	875	2078
PB2|PP755596.1|A/cattle/Texas/24-008749-003/2024(H5N1)	876	2077
PB2|PP755596.1|A/cattle/Texas/24-008749-003/2024(H5N1)	877	1981
PB2|PP755596.1|A/cattle/Texas/24-008749-003/2024(H5N1)	878	1989
PB2|PP755596.1|A/cattle/Texas/24-008749-003/2024(H5N1)	879	2007
PB2|PP755596.1|A/cattle/Texas/24-008749-003/2024(H5N1)	880	2011
PB2|PP755596.1|A/cattle/Texas/24-008749-003/2024(H5N1)	881	1943
PB2|PP755596.1|A/cattle/Texas/24-008749-003/2024(H5N1)	882	1944
PB2|PP755596.1|A/cattle/Texas/24-008749-003/2024(H5N1)	883	1997
PB2|PP755596.1|A/cattle/Texas/24-008749-003/2024(H5N1)	884	1999
PB2|PP755596.1|A/cattle/Texas/24-008749-003/2024(H5N1)	885	1943
PB2|PP755596.1|A/cattle/Texas/24-008749-003/2024(H5N1)	886	1947
PB2|PP755596.1|A/cattle/Texas/24-008749-003/2024(H5N1)	887	1939
PB2|PP755596.1|A/cattle/Texas/24-008749-003/2024(H5N1)	888	1948
PB2|PP755596.1|A/cattle/Texas/24-008749-003/2024(H5N1)	889	1948
PB2|PP755596.1|A/cattle/Texas/24-008749-003/2024(H5N1)	890	1981
PB2|PP755596.1|A/cattle/Texas/24-008749-003/2024(H5N1)	891	1958
PB2|PP755596.1|A/cattle/Texas/24-008749-003/2024(H5N1)	892	1928
PB2|PP755596.1|A/cattle/Texas/24-008749-003/2024(H5N1)	893	1920
PB2|PP755596.1|A/cattle/Texas/24-008749-003/2024(H5N1)	894	1922
PB2|PP755596.1|A/cattle/Texas/24-008749-003/2024(H5N1)	895	1922
PB2|PP755596.1|A/cattle/Texas/24-008749-003/2024(H5N1)	896	1915
PB2|PP755596.1|A/cattle/Texas/24-008749-003/2024(H5N1)	897	1915
PB2|PP755596.1|A/cattle/Texas/24-008749-003/2024(H5N1)	898	1907
PB2|PP755596.1|A/cattle/Texas/24-008749-003/2024(H5N1)	899	1907
PB2|PP755596.1|A/cattle/Texas/24-008749-003/2024(H5N1)	900	1911
PB2|PP755596.1|A/cattle/Texas/24-008749-003/2024(H5N1)	901	1905
PB2|PP755596.1|A/cattle/Texas/24-008749-003/2024(H5N1)	902	2025
PB2|PP755596.1|A/cattle/Texas/24-008749-003/2024(H5N1)	903	2026
PB2|PP755596.1|A/cattle/Texas/24-008749-003/2024(H5N1)	904	2026
PB2|PP755596.1|A/cattle/Texas/24-008749-003/2024(H5N1)	905	2027
PB2|PP755596.1|A/cattle/Texas/24-008749-003/2024(H5N1)	906	2023
PB2|PP755596.1|A/cattle/Texas/24-008749-003/2024(H5N1)	907	2012
PB2|PP755596.1|A/cattle/Texas/24-008749-003/2024(H5N1)	908	2016
PB2|PP755596.1|A/cattle/Texas/24-008749-003/2024(H5N1)	909	2007
PB2|PP755596.1|A/cattle/Texas/24-008749-003/2024(H5N1)	910	2013
PB2|PP755596.1|A/cattle/Texas/24-008749-003/2024(H5N1)	911	1998
PB2|PP755596.1|A/cattle/Texas/24-008749-003/2024(H5N1)	912	1984
PB2|PP755596.1|A/cattle/Texas/24-008749-003/2024(H5N1)	913	1996
PB2|PP755596.1|A/cattle/Texas/24-008749-003/2024(H5N1)	914	1999
PB2|PP755596.1|A/cattle/Texas/24-008749-003/2024(H5N1)	915	1998
PB2|PP755596.1|A/cattle/Texas/24-008749-003/2024(H5N1)	916	1995
PB2|PP755596.1|A/cattle/Texas/24-008749-003/2024(H5N1)	917	1983
PB2|PP755596.1|A/cattle/Texas/24-008749-003/2024(H5N1)	918	1985
PB2|PP755596.1|A/cattle/Texas/24-008749-003/2024(H5N1)	919	2035
PB2|PP755596.1|A/cattle/Texas/24-008749-003/2024(H5N1)	920	2042
PB2|PP755596.1|A/cattle/Texas/24-008749-003/2024(H5N1)	921	1997
PB2|PP755596.1|A/cattle/Texas/24-008749-003/2024(H5N1)	922	2004
PB2|PP755596.1|A/cattle/Texas/24-008749-003/2024(H5N1)	923	2033
PB2|PP755596.1|A/cattle/Texas/24-008749-003/2024(H5N1)	924	2042
PB2|PP755596.1|A/cattle/Texas/24-008749-003/2024(H5N1)	925	2166
PB2|PP755596.1|A/cattle/Texas/24-008749-003/2024(H5N1)	926	2181
PB2|PP755596.1|A/cattle/Texas/24-008749-003/2024(H5N1)	927	2226
PB2|PP755596.1|A/cattle/Texas/24-008749-003/2024(H5N1)	928	2178
PB2|PP755596.1|A/cattle/Texas/24-008749-003/2024(H5N1)	929	2176
PB2|PP755596.1|A/cattle/Texas/24-008749-003/2024(H5N1)	930	2230
PB2|PP755596.1|A/cattle/Texas/24-008749-003/2024(H5N1)	931	2229
PB2|PP755596.1|A/cattle/Texas/24-008749-003/2024(H5N1)	932	2228
PB2|PP755596.1|A/cattle/Texas/24-008749-003/2024(H5N1)	933	2234
PB2|PP755596.1|A/cattle/Texas/24-008749-003/2024(H5N1)	934	2253
PB2|PP755596.1|A/cattle/Texas/24-008749-003/2024(H5N1)	935	2268
PB2|PP755596.1|A/cattle/Texas/24-008749-003/2024(H5N1)	936	2264
PB2|PP755596.1|A/cattle/Texas/24-008749-003/2024(H5N1)	937	2277
PB2|PP755596.1|A/cattle/Texas/24-008749-003/2024(H5N1)	938	2232
PB2|PP755596.1|A/cattle/Texas/24-008749-003/2024(H5N1)	939	2184
PB2|PP755596.1|A/cattle/Texas/24-008749-003/2024(H5N1)	940	2207
PB2|PP755596.1|A/cattle/Texas/24-008749-003/2024(H5N1)	941	2217
PB2|PP755596.1|A/cattle/Texas/24-008749-003/2024(H5N1)	942	2218
PB2|PP755596.1|A/cattle/Texas/24-008749-003/2024(H5N1)	943	2206
PB2|PP755596.1|A/cattle/Texas/24-008749-003/2024(H5N1)	944	2197
PB2|PP755596.1|A/cattle/Texas/24-008749-003/2024(H5N1)	945	2201
PB2|PP755596.1|A/cattle/Texas/24-008749-003/2024(H5N1)	946	2232
PB2|PP755596.1|A/cattle/Texas/24-008749-003/2024(H5N1)	947	2233
PB2|PP755596.1|A/cattle/Texas/24-008749-003/2024(H5N1)	948	2217
PB2|PP755596.1|A/cattle/Texas/24-008749-003/2024(H5N1)	949	2188
PB2|PP755596.1|A/cattle/Texas/24-008749-003/2024(H5N1)	950	2187
PB2|PP755596.1|A/cattle/Texas/24-008749-003/2024(H5N1)	951	2189
PB2|PP755596.1|A/cattle/Texas/24-008749-003/2024(H5N1)	952	2188
PB2|PP755596.1|A/cattle/Texas/24-008749-003/2024(H5N1)	953	2230
PB2|PP755596.1|A/cattle/Texas/24-008749-003/2024(H5N1)	954	2246
PB2|PP755596.1|A/cattle/Texas/24-008749-003/2024(H5N1)	955	2213
PB2|PP755596.1|A/cattle/Texas/24-008749-003/2024(H5N1)	956	2214
PB2|PP755596.1|A/cattle/Texas/24-008749-003/2024(H5N1)	957	2198
PB2|PP755596.1|A/cattle/Texas/24-008749-003/2024(H5N1)	958	2200
PB2|PP755596.1|A/cattle/Texas/24-008749-003/2024(H5N1)	959	2206
PB2|PP755596.1|A/cattle/Texas/24-008749-003/2024(H5N1)	960	2211
PB2|PP755596.1|A/cattle/Texas/24-008749-003/2024(H5N1)	961	2210
PB2|PP755596.1|A/cattle/Texas/24-008749-003/2024(H5N1)	962	2149
PB2|PP755596.1|A/cattle/Texas/24-008749-003/2024(H5N1)	963	2137
PB2|PP755596.1|A/cattle/Texas/24-008749-003/2024(H5N1)	964	2159
PB2|PP755596.1|A/cattle/Texas/24-008749-003/2024(H5N1)	965	2120
PB2|PP755596.1|A/cattle/Texas/24-008749-003/2024(H5N1)	966	2117
PB2|PP755596.1|A/cattle/Texas/24-008749-003/2024(H5N1)	967	2119
PB2|PP755596.1|A/cattle/Texas/24-008749-003/2024(H5N1)	968	2114
PB2|PP755596.1|A/cattle/Texas/24-008749-003/2024(H5N1)	969	2095
PB2|PP755596.1|A/cattle/Texas/24-008749-003/2024(H5N1)	970	2100
PB2|PP755596.1|A/cattle/Texas/24-008749-003/2024(H5N1)	971	2129
PB2|PP755596.1|A/cattle/Texas/24-008749-003/2024(H5N1)	972	2173
PB2|PP755596.1|A/cattle/Texas/24-008749-003/2024(H5N1)	973	2139
PB2|PP755596.1|A/cattle/Texas/24-008749-003/2024(H5N1)	974	2140
PB2|PP755596.1|A/cattle/Texas/24-008749-003/2024(H5N1)	975	2171
PB2|PP755596.1|A/cattle/Texas/24-008749-003/2024(H5N1)	976	2148
PB2|PP755596.1|A/cattle/Texas/24-008749-003/2024(H5N1)	977	2149
PB2|PP755596.1|A/cattle/Texas/24-008749-003/2024(H5N1)	978	2138
PB2|PP755596.1|A/cattle/Texas/24-008749-003/2024(H5N1)	979	2136
PB2|PP755596.1|A/cattle/Texas/24-008749-003/2024(H5N1)	980	2098
PB2|PP755596.1|A/cattle/Texas/24-008749-003/2024(H5N1)	981	2106
PB2|PP755596.1|A/cattle/Texas/24-008749-003/2024(H5N1)	982	2101
PB2|PP755596.1|A/cattle/Texas/24-008749-003/2024(H5N1)	983	2096
PB2|PP755596.1|A/cattle/Texas/24-008749-003/2024(H5N1)	984	2084
PB2|PP755596.1|A/cattle/Texas/24-008749-003/2024(H5N1)	985	2075
PB2|PP755596.1|A/cattle/Texas/24-008749-003/2024(H5N1)	986	2068
PB2|PP755596.1|A/cattle/Texas/24-008749-003/2024(H5N1)	987	2066
PB2|PP755596.1|A/cattle/Texas/24-008749-003/2024(H5N1)	988	2066
PB2|PP755596.1|A/cattle/Texas/24-008749-003/2024(H5N1)	989	1952
PB2|PP755596.1|A/cattle/Texas/24-008749-003/2024(H5N1)	990	1956
PB2|PP755596.1|A/cattle/Texas/24-008749-003/2024(H5N1)	991	1993
PB2|PP755596.1|A/cattle/Texas/24-008749-003/2024(H5N1)	992	1993
PB2|PP755596.1|A/cattle/Texas/24-008749-003/2024(H5N1)	993	1995
PB2|PP755596.1|A/cattle/Texas/24-008749-003/2024(H5N1)	994	1987
PB2|PP755596.1|A/cattle/Texas/24-008749-003/2024(H5N1)	995	2000
PB2|PP755596.1|A/cattle/Texas/24-008749-003/2024(H5N1)	996	1995
PB2|PP755596.1|A/cattle/Texas/24-008749-003/2024(H5N1)	997	2004
PB2|PP755596.1|A/cattle/Texas/24-008749-003/2024(H5N1)	998	2015
PB2|PP755596.1|A/cattle/Texas/24-008749-003/2024(H5N1)	999	2010
PB2|PP755596.1|A/cattle/Texas/24-008749-003/2024(H5N1)	1000	1963
PB2|PP755596.1|A/cattle/Texas/24-008749-003/2024(H5N1)	1001	1973
PB2|PP755596.1|A/cattle/Texas/24-008749-003/2024(H5N1)	1002	1980
PB2|PP755596.1|A/cattle/Texas/24-008749-003/2024(H5N1)	1003	1974
PB2|PP755596.1|A/cattle/Texas/24-008749-003/2024(H5N1)	1004	1960
PB2|PP755596.1|A/cattle/Texas/24-008749-003/2024(H5N1)	1005	1948
PB2|PP755596.1|A/cattle/Texas/24-008749-003/2024(H5N1)	1006	2046
PB2|PP755596.1|A/cattle/Texas/24-008749-003/2024(H5N1)	1007	1990
PB2|PP755596.1|A/cattle/Texas/24-008749-003/2024(H5N1)	1008	1988
PB2|PP755596.1|A/cattle/Texas/24-008749-003/2024(H5N1)	1009	1985
PB2|PP755596.1|A/cattle/Texas/24-008749-003/2024(H5N1)	1010	1973
PB2|PP755596.1|A/cattle/Texas/24-008749-003/2024(H5N1)	1011	1989
PB2|PP755596.1|A/cattle/Texas/24-008749-003/2024(H5N1)	1012	2015
PB2|PP755596.1|A/cattle/Texas/24-008749-003/2024(H5N1)	1013	2029
PB2|PP755596.1|A/cattle/Texas/24-008749-003/2024(H5N1)	1014	1980
PB2|PP755596.1|A/cattle/Texas/24-008749-003/2024(H5N1)	1015	1977
PB2|PP755596.1|A/cattle/Texas/24-008749-003/2024(H5N1)	1016	1991
PB2|PP755596.1|A/cattle/Texas/24-008749-003/2024(H5N1)	1017	1991
PB2|PP755596.1|A/cattle/Texas/24-008749-003/2024(H5N1)	1018	1988
PB2|PP755596.1|A/cattle/Texas/24-008749-003/2024(H5N1)	1019	2006
PB2|PP755596.1|A/cattle/Texas/24-008749-003/2024(H5N1)	1020	1988
PB2|PP755596.1|A/cattle/Texas/24-008749-003/2024(H5N1)	1021	1998
PB2|PP755596.1|A/cattle/Texas/24-008749-003/2024(H5N1)	1022	2011
PB2|PP755596.1|A/cattle/Texas/24-008749-003/2024(H5N1)	1023	1931
PB2|PP755596.1|A/cattle/Texas/24-008749-003/2024(H5N1)	1024	1942
PB2|PP755596.1|A/cattle/Texas/24-008749-003/2024(H5N1)	1025	1969
PB2|PP755596.1|A/cattle/Texas/24-008749-003/2024(H5N1)	1026	1965
PB2|PP755596.1|A/cattle/Texas/24-008749-003/2024(H5N1)	1027	1968
PB2|PP755596.1|A/cattle/Texas/24-008749-003/2024(H5N1)	1028	1960
PB2|PP755596.1|A/cattle/Texas/24-008749-003/2024(H5N1)	1029	1945
PB2|PP755596.1|A/cattle/Texas/24-008749-003/2024(H5N1)	1030	1958
PB2|PP755596.1|A/cattle/Texas/24-008749-003/2024(H5N1)	1031	1943
PB2|PP755596.1|A/cattle/Texas/24-008749-003/2024(H5N1)	1032	1962
PB2|PP755596.1|A/cattle/Texas/24-008749-003/2024(H5N1)	1033	1911
PB2|PP755596.1|A/cattle/Texas/24-008749-003/2024(H5N1)	1034	1968
PB2|PP755596.1|A/cattle/Texas/24-008749-003/2024(H5N1)	1035	1970
PB2|PP755596.1|A/cattle/Texas/24-008749-003/2024(H5N1)	1036	1970
PB2|PP755596.1|A/cattle/Texas/24-008749-003/2024(H5N1)	1037	1973
PB2|PP755596.1|A/cattle/Texas/24-008749-003/2024(H5N1)	1038	1975
PB2|PP755596.1|A/cattle/Texas/24-008749-003/2024(H5N1)	1039	1965
PB2|PP755596.1|A/cattle/Texas/24-008749-003/2024(H5N1)	1040	1969
PB2|PP755596.1|A/cattle/Texas/24-008749-003/2024(H5N1)	1041	1924
PB2|PP755596.1|A/cattle/Texas/24-008749-003/2024(H5N1)	1042	1918
PB2|PP755596.1|A/cattle/Texas/24-008749-003/2024(H5N1)	1043	1925
PB2|PP755596.1|A/cattle/Texas/24-008749-003/2024(H5N1)	1044	1992
PB2|PP755596.1|A/cattle/Texas/24-008749-003/2024(H5N1)	1045	1990
PB2|PP755596.1|A/cattle/Texas/24-008749-003/2024(H5N1)	1046	2010
PB2|PP755596.1|A/cattle/Texas/24-008749-003/2024(H5N1)	1047	2014
PB2|PP755596.1|A/cattle/Texas/24-008749-003/2024(H5N1)	1048	2056
PB2|PP755596.1|A/cattle/Texas/24-008749-003/2024(H5N1)	1049	2055
PB2|PP755596.1|A/cattle/Texas/24-008749-003/2024(H5N1)	1050	2055
PB2|PP755596.1|A/cattle/Texas/24-008749-003/2024(H5N1)	1051	2053
PB2|PP755596.1|A/cattle/Texas/24-008749-003/2024(H5N1)	1052	2035
PB2|PP755596.1|A/cattle/Texas/24-008749-003/2024(H5N1)	1053	1942
PB2|PP755596.1|A/cattle/Texas/24-008749-003/2024(H5N1)	1054	1941
PB2|PP755596.1|A/cattle/Texas/24-008749-003/2024(H5N1)	1055	1940
PB2|PP755596.1|A/cattle/Texas/24-008749-003/2024(H5N1)	1056	1952
PB2|PP755596.1|A/cattle/Texas/24-008749-003/2024(H5N1)	1057	1954
PB2|PP755596.1|A/cattle/Texas/24-008749-003/2024(H5N1)	1058	1972
PB2|PP755596.1|A/cattle/Texas/24-008749-003/2024(H5N1)	1059	1968
PB2|PP755596.1|A/cattle/Texas/24-008749-003/2024(H5N1)	1060	1971
PB2|PP755596.1|A/cattle/Texas/24-008749-003/2024(H5N1)	1061	1965
PB2|PP755596.1|A/cattle/Texas/24-008749-003/2024(H5N1)	1062	1984
PB2|PP755596.1|A/cattle/Texas/24-008749-003/2024(H5N1)	1063	1964
PB2|PP755596.1|A/cattle/Texas/24-008749-003/2024(H5N1)	1064	1991
PB2|PP755596.1|A/cattle/Texas/24-008749-003/2024(H5N1)	1065	2003
PB2|PP755596.1|A/cattle/Texas/24-008749-003/2024(H5N1)	1066	2073
PB2|PP755596.1|A/cattle/Texas/24-008749-003/2024(H5N1)	1067	2063
PB2|PP755596.1|A/cattle/Texas/24-008749-003/2024(H5N1)	1068	2068
PB2|PP755596.1|A/cattle/Texas/24-008749-003/2024(H5N1)	1069	2091
PB2|PP755596.1|A/cattle/Texas/24-008749-003/2024(H5N1)	1070	2094
PB2|PP755596.1|A/cattle/Texas/24-008749-003/2024(H5N1)	1071	2089
PB2|PP755596.1|A/cattle/Texas/24-008749-003/2024(H5N1)	1072	2090
PB2|PP755596.1|A/cattle/Texas/24-008749-003/2024(H5N1)	1073	2064
PB2|PP755596.1|A/cattle/Texas/24-008749-003/2024(H5N1)	1074	2089
PB2|PP755596.1|A/cattle/Texas/24-008749-003/2024(H5N1)	1075	2113
PB2|PP755596.1|A/cattle/Texas/24-008749-003/2024(H5N1)	1076	2191
PB2|PP755596.1|A/cattle/Texas/24-008749-003/2024(H5N1)	1077	2202
PB2|PP755596.1|A/cattle/Texas/24-008749-003/2024(H5N1)	1078	2158
PB2|PP755596.1|A/cattle/Texas/24-008749-003/2024(H5N1)	1079	2168
PB2|PP755596.1|A/cattle/Texas/24-008749-003/2024(H5N1)	1080	2167
PB2|PP755596.1|A/cattle/Texas/24-008749-003/2024(H5N1)	1081	2119
PB2|PP755596.1|A/cattle/Texas/24-008749-003/2024(H5N1)	1082	2136
PB2|PP755596.1|A/cattle/Texas/24-008749-003/2024(H5N1)	1083	2127
PB2|PP755596.1|A/cattle/Texas/24-008749-003/2024(H5N1)	1084	2131
PB2|PP755596.1|A/cattle/Texas/24-008749-003/2024(H5N1)	1085	2006
PB2|PP755596.1|A/cattle/Texas/24-008749-003/2024(H5N1)	1086	2045
PB2|PP755596.1|A/cattle/Texas/24-008749-003/2024(H5N1)	1087	2046
PB2|PP755596.1|A/cattle/Texas/24-008749-003/2024(H5N1)	1088	2148
PB2|PP755596.1|A/cattle/Texas/24-008749-003/2024(H5N1)	1089	2149
PB2|PP755596.1|A/cattle/Texas/24-008749-003/2024(H5N1)	1090	2140
PB2|PP755596.1|A/cattle/Texas/24-008749-003/2024(H5N1)	1091	2104
PB2|PP755596.1|A/cattle/Texas/24-008749-003/2024(H5N1)	1092	2102
PB2|PP755596.1|A/cattle/Texas/24-008749-003/2024(H5N1)	1093	2168
PB2|PP755596.1|A/cattle/Texas/24-008749-003/2024(H5N1)	1094	2169
PB2|PP755596.1|A/cattle/Texas/24-008749-003/2024(H5N1)	1095	2217
PB2|PP755596.1|A/cattle/Texas/24-008749-003/2024(H5N1)	1096	2235
PB2|PP755596.1|A/cattle/Texas/24-008749-003/2024(H5N1)	1097	2216
PB2|PP755596.1|A/cattle/Texas/24-008749-003/2024(H5N1)	1098	2242
PB2|PP755596.1|A/cattle/Texas/24-008749-003/2024(H5N1)	1099	2236
PB2|PP755596.1|A/cattle/Texas/24-008749-003/2024(H5N1)	1100	2252
PB2|PP755596.1|A/cattle/Texas/24-008749-003/2024(H5N1)	1101	2254
PB2|PP755596.1|A/cattle/Texas/24-008749-003/2024(H5N1)	1102	2253
PB2|PP755596.1|A/cattle/Texas/24-008749-003/2024(H5N1)	1103	2258
PB2|PP755596.1|A/cattle/Texas/24-008749-003/2024(H5N1)	1104	2212
PB2|PP755596.1|A/cattle/Texas/24-008749-003/2024(H5N1)	1105	2189
PB2|PP755596.1|A/cattle/Texas/24-008749-003/2024(H5N1)	1106	2207
PB2|PP755596.1|A/cattle/Texas/24-008749-003/2024(H5N1)	1107	2209
PB2|PP755596.1|A/cattle/Texas/24-008749-003/2024(H5N1)	1108	2224
PB2|PP755596.1|A/cattle/Texas/24-008749-003/2024(H5N1)	1109	2239
PB2|PP755596.1|A/cattle/Texas/24-008749-003/2024(H5N1)	1110	2238
PB2|PP755596.1|A/cattle/Texas/24-008749-003/2024(H5N1)	1111	2243
PB2|PP755596.1|A/cattle/Texas/24-008749-003/2024(H5N1)	1112	2292
PB2|PP755596.1|A/cattle/Texas/24-008749-003/2024(H5N1)	1113	2292
PB2|PP755596.1|A/cattle/Texas/24-008749-003/2024(H5N1)	1114	2303
PB2|PP755596.1|A/cattle/Texas/24-008749-003/2024(H5N1)	1115	2264
PB2|PP755596.1|A/cattle/Texas/24-008749-003/2024(H5N1)	1116	2270
PB2|PP755596.1|A/cattle/Texas/24-008749-003/2024(H5N1)	1117	2318
PB2|PP755596.1|A/cattle/Texas/24-008749-003/2024(H5N1)	1118	2320
PB2|PP755596.1|A/cattle/Texas/24-008749-003/2024(H5N1)	1119	2319
PB2|PP755596.1|A/cattle/Texas/24-008749-003/2024(H5N1)	1120	2298
PB2|PP755596.1|A/cattle/Texas/24-008749-003/2024(H5N1)	1121	2252
PB2|PP755596.1|A/cattle/Texas/24-008749-003/2024(H5N1)	1122	2270
PB2|PP755596.1|A/cattle/Texas/24-008749-003/2024(H5N1)	1123	2260
PB2|PP755596.1|A/cattle/Texas/24-008749-003/2024(H5N1)	1124	2261
PB2|PP755596.1|A/cattle/Texas/24-008749-003/2024(H5N1)	1125	2261
PB2|PP755596.1|A/cattle/Texas/24-008749-003/2024(H5N1)	1126	2248
PB2|PP755596.1|A/cattle/Texas/24-008749-003/2024(H5N1)	1127	2243
PB2|PP755596.1|A/cattle/Texas/24-008749-003/2024(H5N1)	1128	2248
PB2|PP755596.1|A/cattle/Texas/24-008749-003/2024(H5N1)	1129	2254
PB2|PP755596.1|A/cattle/Texas/24-008749-003/2024(H5N1)	1130	2252
PB2|PP755596.1|A/cattle/Texas/24-008749-003/2024(H5N1)	1131	2238
PB2|PP755596.1|A/cattle/Texas/24-008749-003/2024(H5N1)	1132	2244
PB2|PP755596.1|A/cattle/Texas/24-008749-003/2024(H5N1)	1133	2278
PB2|PP755596.1|A/cattle/Texas/24-008749-003/2024(H5N1)	1134	2281
PB2|PP755596.1|A/cattle/Texas/24-008749-003/2024(H5N1)	1135	2278
PB2|PP755596.1|A/cattle/Texas/24-008749-003/2024(H5N1)	1136	2277
PB2|PP755596.1|A/cattle/Texas/24-008749-003/2024(H5N1)	1137	2265
PB2|PP755596.1|A/cattle/Texas/24-008749-003/2024(H5N1)	1138	2260
PB2|PP755596.1|A/cattle/Texas/24-008749-003/2024(H5N1)	1139	2258
PB2|PP755596.1|A/cattle/Texas/24-008749-003/2024(H5N1)	1140	2144
PB2|PP755596.1|A/cattle/Texas/24-008749-003/2024(H5N1)	1141	2142
PB2|PP755596.1|A/cattle/Texas/24-008749-003/2024(H5N1)	1142	2150
PB2|PP755596.1|A/cattle/Texas/24-008749-003/2024(H5N1)	1143	2153
PB2|PP755596.1|A/cattle/Texas/24-008749-003/2024(H5N1)	1144	2187
PB2|PP755596.1|A/cattle/Texas/24-008749-003/2024(H5N1)	1145	2190
PB2|PP755596.1|A/cattle/Texas/24-008749-003/2024(H5N1)	1146	2175
PB2|PP755596.1|A/cattle/Texas/24-008749-003/2024(H5N1)	1147	2273
PB2|PP755596.1|A/cattle/Texas/24-008749-003/2024(H5N1)	1148	2381
PB2|PP755596.1|A/cattle/Texas/24-008749-003/2024(H5N1)	1149	2406
PB2|PP755596.1|A/cattle/Texas/24-008749-003/2024(H5N1)	1150	2424
PB2|PP755596.1|A/cattle/Texas/24-008749-003/2024(H5N1)	1151	2431
PB2|PP755596.1|A/cattle/Texas/24-008749-003/2024(H5N1)	1152	2461
PB2|PP755596.1|A/cattle/Texas/24-008749-003/2024(H5N1)	1153	2458
PB2|PP755596.1|A/cattle/Texas/24-008749-003/2024(H5N1)	1154	2472
PB2|PP755596.1|A/cattle/Texas/24-008749-003/2024(H5N1)	1155	2473
PB2|PP755596.1|A/cattle/Texas/24-008749-003/2024(H5N1)	1156	2492
PB2|PP755596.1|A/cattle/Texas/24-008749-003/2024(H5N1)	1157	2411
PB2|PP755596.1|A/cattle/Texas/24-008749-003/2024(H5N1)	1158	2428
PB2|PP755596.1|A/cattle/Texas/24-008749-003/2024(H5N1)	1159	2430
PB2|PP755596.1|A/cattle/Texas/24-008749-003/2024(H5N1)	1160	2449
PB2|PP755596.1|A/cattle/Texas/24-008749-003/2024(H5N1)	1161	2483
PB2|PP755596.1|A/cattle/Texas/24-008749-003/2024(H5N1)	1162	2466
PB2|PP755596.1|A/cattle/Texas/24-008749-003/2024(H5N1)	1163	2429
PB2|PP755596.1|A/cattle/Texas/24-008749-003/2024(H5N1)	1164	2396
PB2|PP755596.1|A/cattle/Texas/24-008749-003/2024(H5N1)	1165	2382
PB2|PP755596.1|A/cattle/Texas/24-008749-003/2024(H5N1)	1166	2389
PB2|PP755596.1|A/cattle/Texas/24-008749-003/2024(H5N1)	1167	2374
PB2|PP755596.1|A/cattle/Texas/24-008749-003/2024(H5N1)	1168	2434
PB2|PP755596.1|A/cattle/Texas/24-008749-003/2024(H5N1)	1169	2475
PB2|PP755596.1|A/cattle/Texas/24-008749-003/2024(H5N1)	1170	2470
PB2|PP755596.1|A/cattle/Texas/24-008749-003/2024(H5N1)	1171	2466
PB2|PP755596.1|A/cattle/Texas/24-008749-003/2024(H5N1)	1172	2441
PB2|PP755596.1|A/cattle/Texas/24-008749-003/2024(H5N1)	1173	2440
PB2|PP755596.1|A/cattle/Texas/24-008749-003/2024(H5N1)	1174	2448
PB2|PP755596.1|A/cattle/Texas/24-008749-003/2024(H5N1)	1175	2417
PB2|PP755596.1|A/cattle/Texas/24-008749-003/2024(H5N1)	1176	2484
PB2|PP755596.1|A/cattle/Texas/24-008749-003/2024(H5N1)	1177	2471
PB2|PP755596.1|A/cattle/Texas/24-008749-003/2024(H5N1)	1178	2476
PB2|PP755596.1|A/cattle/Texas/24-008749-003/2024(H5N1)	1179	2475
PB2|PP755596.1|A/cattle/Texas/24-008749-003/2024(H5N1)	1180	2523
PB2|PP755596.1|A/cattle/Texas/24-008749-003/2024(H5N1)	1181	2521
PB2|PP755596.1|A/cattle/Texas/24-008749-003/2024(H5N1)	1182	2520
PB2|PP755596.1|A/cattle/Texas/24-008749-003/2024(H5N1)	1183	2509
PB2|PP755596.1|A/cattle/Texas/24-008749-003/2024(H5N1)	1184	2525
PB2|PP755596.1|A/cattle/Texas/24-008749-003/2024(H5N1)	1185	2462
PB2|PP755596.1|A/cattle/Texas/24-008749-003/2024(H5N1)	1186	2462
PB2|PP755596.1|A/cattle/Texas/24-008749-003/2024(H5N1)	1187	2456
PB2|PP755596.1|A/cattle/Texas/24-008749-003/2024(H5N1)	1188	2467
PB2|PP755596.1|A/cattle/Texas/24-008749-003/2024(H5N1)	1189	2467
PB2|PP755596.1|A/cattle/Texas/24-008749-003/2024(H5N1)	1190	2491
PB2|PP755596.1|A/cattle/Texas/24-008749-003/2024(H5N1)	1191	2490
PB2|PP755596.1|A/cattle/Texas/24-008749-003/2024(H5N1)	1192	2491
PB2|PP755596.1|A/cattle/Texas/24-008749-003/2024(H5N1)	1193	2493
PB2|PP755596.1|A/cattle/Texas/24-008749-003/2024(H5N1)	1194	2510
PB2|PP755596.1|A/cattle/Texas/24-008749-003/2024(H5N1)	1195	2452
PB2|PP755596.1|A/cattle/Texas/24-008749-003/2024(H5N1)	1196	2451
PB2|PP755596.1|A/cattle/Texas/24-008749-003/2024(H5N1)	1197	2421
PB2|PP755596.1|A/cattle/Texas/24-008749-003/2024(H5N1)	1198	2423
PB2|PP755596.1|A/cattle/Texas/24-008749-003/2024(H5N1)	1199	2374
PB2|PP755596.1|A/cattle/Texas/24-008749-003/2024(H5N1)	1200	2381
PB2|PP755596.1|A/cattle/Texas/24-008749-003/2024(H5N1)	1201	2383
PB2|PP755596.1|A/cattle/Texas/24-008749-003/2024(H5N1)	1202	2385
PB2|PP755596.1|A/cattle/Texas/24-008749-003/2024(H5N1)	1203	2380
PB2|PP755596.1|A/cattle/Texas/24-008749-003/2024(H5N1)	1204	2419
PB2|PP755596.1|A/cattle/Texas/24-008749-003/2024(H5N1)	1205	2419
PB2|PP755596.1|A/cattle/Texas/24-008749-003/2024(H5N1)	1206	2444
PB2|PP755596.1|A/cattle/Texas/24-008749-003/2024(H5N1)	1207	2437
PB2|PP755596.1|A/cattle/Texas/24-008749-003/2024(H5N1)	1208	2460
PB2|PP755596.1|A/cattle/Texas/24-008749-003/2024(H5N1)	1209	2454
PB2|PP755596.1|A/cattle/Texas/24-008749-003/2024(H5N1)	1210	2451
PB2|PP755596.1|A/cattle/Texas/24-008749-003/2024(H5N1)	1211	2458
PB2|PP755596.1|A/cattle/Texas/24-008749-003/2024(H5N1)	1212	2464
PB2|PP755596.1|A/cattle/Texas/24-008749-003/2024(H5N1)	1213	2437
PB2|PP755596.1|A/cattle/Texas/24-008749-003/2024(H5N1)	1214	2433
PB2|PP755596.1|A/cattle/Texas/24-008749-003/2024(H5N1)	1215	2396
PB2|PP755596.1|A/cattle/Texas/24-008749-003/2024(H5N1)	1216	2403
PB2|PP755596.1|A/cattle/Texas/24-008749-003/2024(H5N1)	1217	2395
PB2|PP755596.1|A/cattle/Texas/24-008749-003/2024(H5N1)	1218	2352
PB2|PP755596.1|A/cattle/Texas/24-008749-003/2024(H5N1)	1219	2408
PB2|PP755596.1|A/cattle/Texas/24-008749-003/2024(H5N1)	1220	2356
PB2|PP755596.1|A/cattle/Texas/24-008749-003/2024(H5N1)	1221	2349
PB2|PP755596.1|A/cattle/Texas/24-008749-003/2024(H5N1)	1222	2377
PB2|PP755596.1|A/cattle/Texas/24-008749-003/2024(H5N1)	1223	2389
PB2|PP755596.1|A/cattle/Texas/24-008749-003/2024(H5N1)	1224	2247
PB2|PP755596.1|A/cattle/Texas/24-008749-003/2024(H5N1)	1225	2184
PB2|PP755596.1|A/cattle/Texas/24-008749-003/2024(H5N1)	1226	2195
PB2|PP755596.1|A/cattle/Texas/24-008749-003/2024(H5N1)	1227	2196
PB2|PP755596.1|A/cattle/Texas/24-008749-003/2024(H5N1)	1228	2197
PB2|PP755596.1|A/cattle/Texas/24-008749-003/2024(H5N1)	1229	2200
PB2|PP755596.1|A/cattle/Texas/24-008749-003/2024(H5N1)	1230	2316
PB2|PP755596.1|A/cattle/Texas/24-008749-003/2024(H5N1)	1231	2318
PB2|PP755596.1|A/cattle/Texas/24-008749-003/2024(H5N1)	1232	2319
PB2|PP755596.1|A/cattle/Texas/24-008749-003/2024(H5N1)	1233	2296
PB2|PP755596.1|A/cattle/Texas/24-008749-003/2024(H5N1)	1234	2294
PB2|PP755596.1|A/cattle/Texas/24-008749-003/2024(H5N1)	1235	2301
PB2|PP755596.1|A/cattle/Texas/24-008749-003/2024(H5N1)	1236	2301
PB2|PP755596.1|A/cattle/Texas/24-008749-003/2024(H5N1)	1237	2261
PB2|PP755596.1|A/cattle/Texas/24-008749-003/2024(H5N1)	1238	2249
PB2|PP755596.1|A/cattle/Texas/24-008749-003/2024(H5N1)	1239	2152
PB2|PP755596.1|A/cattle/Texas/24-008749-003/2024(H5N1)	1240	2183
PB2|PP755596.1|A/cattle/Texas/24-008749-003/2024(H5N1)	1241	2215
PB2|PP755596.1|A/cattle/Texas/24-008749-003/2024(H5N1)	1242	2212
PB2|PP755596.1|A/cattle/Texas/24-008749-003/2024(H5N1)	1243	2217
PB2|PP755596.1|A/cattle/Texas/24-008749-003/2024(H5N1)	1244	2202
PB2|PP755596.1|A/cattle/Texas/24-008749-003/2024(H5N1)	1245	2208
PB2|PP755596.1|A/cattle/Texas/24-008749-003/2024(H5N1)	1246	2155
PB2|PP755596.1|A/cattle/Texas/24-008749-003/2024(H5N1)	1247	2147
PB2|PP755596.1|A/cattle/Texas/24-008749-003/2024(H5N1)	1248	2118
PB2|PP755596.1|A/cattle/Texas/24-008749-003/2024(H5N1)	1249	2105
PB2|PP755596.1|A/cattle/Texas/24-008749-003/2024(H5N1)	1250	2110
PB2|PP755596.1|A/cattle/Texas/24-008749-003/2024(H5N1)	1251	2103
PB2|PP755596.1|A/cattle/Texas/24-008749-003/2024(H5N1)	1252	2098
PB2|PP755596.1|A/cattle/Texas/24-008749-003/2024(H5N1)	1253	2095
PB2|PP755596.1|A/cattle/Texas/24-008749-003/2024(H5N1)	1254	2104
PB2|PP755596.1|A/cattle/Texas/24-008749-003/2024(H5N1)	1255	2160
PB2|PP755596.1|A/cattle/Texas/24-008749-003/2024(H5N1)	1256	2160
PB2|PP755596.1|A/cattle/Texas/24-008749-003/2024(H5N1)	1257	2143
PB2|PP755596.1|A/cattle/Texas/24-008749-003/2024(H5N1)	1258	2121
PB2|PP755596.1|A/cattle/Texas/24-008749-003/2024(H5N1)	1259	2110
PB2|PP755596.1|A/cattle/Texas/24-008749-003/2024(H5N1)	1260	2138
PB2|PP755596.1|A/cattle/Texas/24-008749-003/2024(H5N1)	1261	2139
PB2|PP755596.1|A/cattle/Texas/24-008749-003/2024(H5N1)	1262	2154
PB2|PP755596.1|A/cattle/Texas/24-008749-003/2024(H5N1)	1263	2098
PB2|PP755596.1|A/cattle/Texas/24-008749-003/2024(H5N1)	1264	2095
PB2|PP755596.1|A/cattle/Texas/24-008749-003/2024(H5N1)	1265	2083
PB2|PP755596.1|A/cattle/Texas/24-008749-003/2024(H5N1)	1266	2083
PB2|PP755596.1|A/cattle/Texas/24-008749-003/2024(H5N1)	1267	2070
PB2|PP755596.1|A/cattle/Texas/24-008749-003/2024(H5N1)	1268	2073
PB2|PP755596.1|A/cattle/Texas/24-008749-003/2024(H5N1)	1269	2120
PB2|PP755596.1|A/cattle/Texas/24-008749-003/2024(H5N1)	1270	2136
PB2|PP755596.1|A/cattle/Texas/24-008749-003/2024(H5N1)	1271	2151
PB2|PP755596.1|A/cattle/Texas/24-008749-003/2024(H5N1)	1272	2148
PB2|PP755596.1|A/cattle/Texas/24-008749-003/2024(H5N1)	1273	2139
PB2|PP755596.1|A/cattle/Texas/24-008749-003/2024(H5N1)	1274	2141
PB2|PP755596.1|A/cattle/Texas/24-008749-003/2024(H5N1)	1275	2167
PB2|PP755596.1|A/cattle/Texas/24-008749-003/2024(H5N1)	1276	2167
PB2|PP755596.1|A/cattle/Texas/24-008749-003/2024(H5N1)	1277	2133
PB2|PP755596.1|A/cattle/Texas/24-008749-003/2024(H5N1)	1278	2136
PB2|PP755596.1|A/cattle/Texas/24-008749-003/2024(H5N1)	1279	2157
PB2|PP755596.1|A/cattle/Texas/24-008749-003/2024(H5N1)	1280	2158
PB2|PP755596.1|A/cattle/Texas/24-008749-003/2024(H5N1)	1281	2212
PB2|PP755596.1|A/cattle/Texas/24-008749-003/2024(H5N1)	1282	2177
PB2|PP755596.1|A/cattle/Texas/24-008749-003/2024(H5N1)	1283	2180
PB2|PP755596.1|A/cattle/Texas/24-008749-003/2024(H5N1)	1284	2188
PB2|PP755596.1|A/cattle/Texas/24-008749-003/2024(H5N1)	1285	2191
PB2|PP755596.1|A/cattle/Texas/24-008749-003/2024(H5N1)	1286	2229
PB2|PP755596.1|A/cattle/Texas/24-008749-003/2024(H5N1)	1287	2223
PB2|PP755596.1|A/cattle/Texas/24-008749-003/2024(H5N1)	1288	2345
PB2|PP755596.1|A/cattle/Texas/24-008749-003/2024(H5N1)	1289	2318
PB2|PP755596.1|A/cattle/Texas/24-008749-003/2024(H5N1)	1290	2277
PB2|PP755596.1|A/cattle/Texas/24-008749-003/2024(H5N1)	1291	2282
PB2|PP755596.1|A/cattle/Texas/24-008749-003/2024(H5N1)	1292	2291
PB2|PP755596.1|A/cattle/Texas/24-008749-003/2024(H5N1)	1293	2294
PB2|PP755596.1|A/cattle/Texas/24-008749-003/2024(H5N1)	1294	2315
PB2|PP755596.1|A/cattle/Texas/24-008749-003/2024(H5N1)	1295	2281
PB2|PP755596.1|A/cattle/Texas/24-008749-003/2024(H5N1)	1296	2284
PB2|PP755596.1|A/cattle/Texas/24-008749-003/2024(H5N1)	1297	2282
PB2|PP755596.1|A/cattle/Texas/24-008749-003/2024(H5N1)	1298	2269
PB2|PP755596.1|A/cattle/Texas/24-008749-003/2024(H5N1)	1299	2167
PB2|PP755596.1|A/cattle/Texas/24-008749-003/2024(H5N1)	1300	2193
PB2|PP755596.1|A/cattle/Texas/24-008749-003/2024(H5N1)	1301	2204
PB2|PP755596.1|A/cattle/Texas/24-008749-003/2024(H5N1)	1302	2222
PB2|PP755596.1|A/cattle/Texas/24-008749-003/2024(H5N1)	1303	2203
PB2|PP755596.1|A/cattle/Texas/24-008749-003/2024(H5N1)	1304	2229
PB2|PP755596.1|A/cattle/Texas/24-008749-003/2024(H5N1)	1305	2214
PB2|PP755596.1|A/cattle/Texas/24-008749-003/2024(H5N1)	1306	2208
PB2|PP755596.1|A/cattle/Texas/24-008749-003/2024(H5N1)	1307	2190
PB2|PP755596.1|A/cattle/Texas/24-008749-003/2024(H5N1)	1308	2175
PB2|PP755596.1|A/cattle/Texas/24-008749-003/2024(H5N1)	1309	2177
PB2|PP755596.1|A/cattle/Texas/24-008749-003/2024(H5N1)	1310	2159
PB2|PP755596.1|A/cattle/Texas/24-008749-003/2024(H5N1)	1311	2171
PB2|PP755596.1|A/cattle/Texas/24-008749-003/2024(H5N1)	1312	2176
PB2|PP755596.1|A/cattle/Texas/24-008749-003/2024(H5N1)	1313	2191
PB2|PP755596.1|A/cattle/Texas/24-008749-003/2024(H5N1)	1314	2219
PB2|PP755596.1|A/cattle/Texas/24-008749-003/2024(H5N1)	1315	2219
PB2|PP755596.1|A/cattle/Texas/24-008749-003/2024(H5N1)	1316	2218
PB2|PP755596.1|A/cattle/Texas/24-008749-003/2024(H5N1)	1317	2230
PB2|PP755596.1|A/cattle/Texas/24-008749-003/2024(H5N1)	1318	2229
PB2|PP755596.1|A/cattle/Texas/24-008749-003/2024(H5N1)	1319	2212
PB2|PP755596.1|A/cattle/Texas/24-008749-003/2024(H5N1)	1320	2188
PB2|PP755596.1|A/cattle/Texas/24-008749-003/2024(H5N1)	1321	2158
PB2|PP755596.1|A/cattle/Texas/24-008749-003/2024(H5N1)	1322	2339
PB2|PP755596.1|A/cattle/Texas/24-008749-003/2024(H5N1)	1323	2336
PB2|PP755596.1|A/cattle/Texas/24-008749-003/2024(H5N1)	1324	2336
PB2|PP755596.1|A/cattle/Texas/24-008749-003/2024(H5N1)	1325	2330
PB2|PP755596.1|A/cattle/Texas/24-008749-003/2024(H5N1)	1326	2348
PB2|PP755596.1|A/cattle/Texas/24-008749-003/2024(H5N1)	1327	2430
PB2|PP755596.1|A/cattle/Texas/24-008749-003/2024(H5N1)	1328	2430
PB2|PP755596.1|A/cattle/Texas/24-008749-003/2024(H5N1)	1329	2418
PB2|PP755596.1|A/cattle/Texas/24-008749-003/2024(H5N1)	1330	2423
PB2|PP755596.1|A/cattle/Texas/24-008749-003/2024(H5N1)	1331	2390
PB2|PP755596.1|A/cattle/Texas/24-008749-003/2024(H5N1)	1332	2387
PB2|PP755596.1|A/cattle/Texas/24-008749-003/2024(H5N1)	1333	2389
PB2|PP755596.1|A/cattle/Texas/24-008749-003/2024(H5N1)	1334	2375
PB2|PP755596.1|A/cattle/Texas/24-008749-003/2024(H5N1)	1335	2417
PB2|PP755596.1|A/cattle/Texas/24-008749-003/2024(H5N1)	1336	2510
PB2|PP755596.1|A/cattle/Texas/24-008749-003/2024(H5N1)	1337	2529
PB2|PP755596.1|A/cattle/Texas/24-008749-003/2024(H5N1)	1338	2536
PB2|PP755596.1|A/cattle/Texas/24-008749-003/2024(H5N1)	1339	2535
PB2|PP755596.1|A/cattle/Texas/24-008749-003/2024(H5N1)	1340	2538
PB2|PP755596.1|A/cattle/Texas/24-008749-003/2024(H5N1)	1341	2525
PB2|PP755596.1|A/cattle/Texas/24-008749-003/2024(H5N1)	1342	2524
PB2|PP755596.1|A/cattle/Texas/24-008749-003/2024(H5N1)	1343	2554
PB2|PP755596.1|A/cattle/Texas/24-008749-003/2024(H5N1)	1344	2550
PB2|PP755596.1|A/cattle/Texas/24-008749-003/2024(H5N1)	1345	2524
PB2|PP755596.1|A/cattle/Texas/24-008749-003/2024(H5N1)	1346	2522
PB2|PP755596.1|A/cattle/Texas/24-008749-003/2024(H5N1)	1347	2522
PB2|PP755596.1|A/cattle/Texas/24-008749-003/2024(H5N1)	1348	2523
PB2|PP755596.1|A/cattle/Texas/24-008749-003/2024(H5N1)	1349	2558
PB2|PP755596.1|A/cattle/Texas/24-008749-003/2024(H5N1)	1350	2554
PB2|PP755596.1|A/cattle/Texas/24-008749-003/2024(H5N1)	1351	2561
PB2|PP755596.1|A/cattle/Texas/24-008749-003/2024(H5N1)	1352	2558
PB2|PP755596.1|A/cattle/Texas/24-008749-003/2024(H5N1)	1353	2550
PB2|PP755596.1|A/cattle/Texas/24-008749-003/2024(H5N1)	1354	2550
PB2|PP755596.1|A/cattle/Texas/24-008749-003/2024(H5N1)	1355	2517
PB2|PP755596.1|A/cattle/Texas/24-008749-003/2024(H5N1)	1356	2515
PB2|PP755596.1|A/cattle/Texas/24-008749-003/2024(H5N1)	1357	2539
PB2|PP755596.1|A/cattle/Texas/24-008749-003/2024(H5N1)	1358	2526
PB2|PP755596.1|A/cattle/Texas/24-008749-003/2024(H5N1)	1359	2551
PB2|PP755596.1|A/cattle/Texas/24-008749-003/2024(H5N1)	1360	2539
PB2|PP755596.1|A/cattle/Texas/24-008749-003/2024(H5N1)	1361	2545
PB2|PP755596.1|A/cattle/Texas/24-008749-003/2024(H5N1)	1362	2536
PB2|PP755596.1|A/cattle/Texas/24-008749-003/2024(H5N1)	1363	2520
PB2|PP755596.1|A/cattle/Texas/24-008749-003/2024(H5N1)	1364	2518
PB2|PP755596.1|A/cattle/Texas/24-008749-003/2024(H5N1)	1365	2493
PB2|PP755596.1|A/cattle/Texas/24-008749-003/2024(H5N1)	1366	2440
PB2|PP755596.1|A/cattle/Texas/24-008749-003/2024(H5N1)	1367	2381
PB2|PP755596.1|A/cattle/Texas/24-008749-003/2024(H5N1)	1368	2390
PB2|PP755596.1|A/cattle/Texas/24-008749-003/2024(H5N1)	1369	2419
PB2|PP755596.1|A/cattle/Texas/24-008749-003/2024(H5N1)	1370	2400
PB2|PP755596.1|A/cattle/Texas/24-008749-003/2024(H5N1)	1371	2411
PB2|PP755596.1|A/cattle/Texas/24-008749-003/2024(H5N1)	1372	2410
PB2|PP755596.1|A/cattle/Texas/24-008749-003/2024(H5N1)	1373	2406
PB2|PP755596.1|A/cattle/Texas/24-008749-003/2024(H5N1)	1374	2399
PB2|PP755596.1|A/cattle/Texas/24-008749-003/2024(H5N1)	1375	2377
PB2|PP755596.1|A/cattle/Texas/24-008749-003/2024(H5N1)	1376	2367
PB2|PP755596.1|A/cattle/Texas/24-008749-003/2024(H5N1)	1377	2350
PB2|PP755596.1|A/cattle/Texas/24-008749-003/2024(H5N1)	1378	2332
PB2|PP755596.1|A/cattle/Texas/24-008749-003/2024(H5N1)	1379	2331
PB2|PP755596.1|A/cattle/Texas/24-008749-003/2024(H5N1)	1380	2355
PB2|PP755596.1|A/cattle/Texas/24-008749-003/2024(H5N1)	1381	2243
PB2|PP755596.1|A/cattle/Texas/24-008749-003/2024(H5N1)	1382	2251
PB2|PP755596.1|A/cattle/Texas/24-008749-003/2024(H5N1)	1383	2239
PB2|PP755596.1|A/cattle/Texas/24-008749-003/2024(H5N1)	1384	2233
PB2|PP755596.1|A/cattle/Texas/24-008749-003/2024(H5N1)	1385	2269
PB2|PP755596.1|A/cattle/Texas/24-008749-003/2024(H5N1)	1386	2254
PB2|PP755596.1|A/cattle/Texas/24-008749-003/2024(H5N1)	1387	2275
PB2|PP755596.1|A/cattle/Texas/24-008749-003/2024(H5N1)	1388	2274
PB2|PP755596.1|A/cattle/Texas/24-008749-003/2024(H5N1)	1389	2380
PB2|PP755596.1|A/cattle/Texas/24-008749-003/2024(H5N1)	1390	2356
PB2|PP755596.1|A/cattle/Texas/24-008749-003/2024(H5N1)	1391	2336
PB2|PP755596.1|A/cattle/Texas/24-008749-003/2024(H5N1)	1392	2345
PB2|PP755596.1|A/cattle/Texas/24-008749-003/2024(H5N1)	1393	2352
PB2|PP755596.1|A/cattle/Texas/24-008749-003/2024(H5N1)	1394	2359
PB2|PP755596.1|A/cattle/Texas/24-008749-003/2024(H5N1)	1395	2348
PB2|PP755596.1|A/cattle/Texas/24-008749-003/2024(H5N1)	1396	2343
PB2|PP755596.1|A/cattle/Texas/24-008749-003/2024(H5N1)	1397	2398
PB2|PP755596.1|A/cattle/Texas/24-008749-003/2024(H5N1)	1398	2399
PB2|PP755596.1|A/cattle/Texas/24-008749-003/2024(H5N1)	1399	2410
PB2|PP755596.1|A/cattle/Texas/24-008749-003/2024(H5N1)	1400	2393
PB2|PP755596.1|A/cattle/Texas/24-008749-003/2024(H5N1)	1401	2392
PB2|PP755596.1|A/cattle/Texas/24-008749-003/2024(H5N1)	1402	2434
PB2|PP755596.1|A/cattle/Texas/24-008749-003/2024(H5N1)	1403	2434
PB2|PP755596.1|A/cattle/Texas/24-008749-003/2024(H5N1)	1404	2420
PB2|PP755596.1|A/cattle/Texas/24-008749-003/2024(H5N1)	1405	2419
PB2|PP755596.1|A/cattle/Texas/24-008749-003/2024(H5N1)	1406	2360
PB2|PP755596.1|A/cattle/Texas/24-008749-003/2024(H5N1)	1407	2362
PB2|PP755596.1|A/cattle/Texas/24-008749-003/2024(H5N1)	1408	2358
PB2|PP755596.1|A/cattle/Texas/24-008749-003/2024(H5N1)	1409	2354
PB2|PP755596.1|A/cattle/Texas/24-008749-003/2024(H5N1)	1410	2345
PB2|PP755596.1|A/cattle/Texas/24-008749-003/2024(H5N1)	1411	2313
PB2|PP755596.1|A/cattle/Texas/24-008749-003/2024(H5N1)	1412	2327
PB2|PP755596.1|A/cattle/Texas/24-008749-003/2024(H5N1)	1413	2309
PB2|PP755596.1|A/cattle/Texas/24-008749-003/2024(H5N1)	1414	2309
PB2|PP755596.1|A/cattle/Texas/24-008749-003/2024(H5N1)	1415	2309
PB2|PP755596.1|A/cattle/Texas/24-008749-003/2024(H5N1)	1416	2189
PB2|PP755596.1|A/cattle/Texas/24-008749-003/2024(H5N1)	1417	2206
PB2|PP755596.1|A/cattle/Texas/24-008749-003/2024(H5N1)	1418	2344
PB2|PP755596.1|A/cattle/Texas/24-008749-003/2024(H5N1)	1419	2359
PB2|PP755596.1|A/cattle/Texas/24-008749-003/2024(H5N1)	1420	2388
PB2|PP755596.1|A/cattle/Texas/24-008749-003/2024(H5N1)	1421	2419
PB2|PP755596.1|A/cattle/Texas/24-008749-003/2024(H5N1)	1422	2411
PB2|PP755596.1|A/cattle/Texas/24-008749-003/2024(H5N1)	1423	2401
PB2|PP755596.1|A/cattle/Texas/24-008749-003/2024(H5N1)	1424	2396
PB2|PP755596.1|A/cattle/Texas/24-008749-003/2024(H5N1)	1425	2407
PB2|PP755596.1|A/cattle/Texas/24-008749-003/2024(H5N1)	1426	2383
PB2|PP755596.1|A/cattle/Texas/24-008749-003/2024(H5N1)	1427	2392
PB2|PP755596.1|A/cattle/Texas/24-008749-003/2024(H5N1)	1428	2423
PB2|PP755596.1|A/cattle/Texas/24-008749-003/2024(H5N1)	1429	2414
PB2|PP755596.1|A/cattle/Texas/24-008749-003/2024(H5N1)	1430	2581
PB2|PP755596.1|A/cattle/Texas/24-008749-003/2024(H5N1)	1431	2577
PB2|PP755596.1|A/cattle/Texas/24-008749-003/2024(H5N1)	1432	2535
PB2|PP755596.1|A/cattle/Texas/24-008749-003/2024(H5N1)	1433	2537
PB2|PP755596.1|A/cattle/Texas/24-008749-003/2024(H5N1)	1434	2532
PB2|PP755596.1|A/cattle/Texas/24-008749-003/2024(H5N1)	1435	2525
PB2|PP755596.1|A/cattle/Texas/24-008749-003/2024(H5N1)	1436	2536
PB2|PP755596.1|A/cattle/Texas/24-008749-003/2024(H5N1)	1437	2504
PB2|PP755596.1|A/cattle/Texas/24-008749-003/2024(H5N1)	1438	2510
PB2|PP755596.1|A/cattle/Texas/24-008749-003/2024(H5N1)	1439	2385
PB2|PP755596.1|A/cattle/Texas/24-008749-003/2024(H5N1)	1440	2387
PB2|PP755596.1|A/cattle/Texas/24-008749-003/2024(H5N1)	1441	2388
PB2|PP755596.1|A/cattle/Texas/24-008749-003/2024(H5N1)	1442	2388
PB2|PP755596.1|A/cattle/Texas/24-008749-003/2024(H5N1)	1443	2389
PB2|PP755596.1|A/cattle/Texas/24-008749-003/2024(H5N1)	1444	2382
PB2|PP755596.1|A/cattle/Texas/24-008749-003/2024(H5N1)	1445	2354
PB2|PP755596.1|A/cattle/Texas/24-008749-003/2024(H5N1)	1446	2384
PB2|PP755596.1|A/cattle/Texas/24-008749-003/2024(H5N1)	1447	2393
PB2|PP755596.1|A/cattle/Texas/24-008749-003/2024(H5N1)	1448	2391
PB2|PP755596.1|A/cattle/Texas/24-008749-003/2024(H5N1)	1449	2387
PB2|PP755596.1|A/cattle/Texas/24-008749-003/2024(H5N1)	1450	2387
PB2|PP755596.1|A/cattle/Texas/24-008749-003/2024(H5N1)	1451	2394
PB2|PP755596.1|A/cattle/Texas/24-008749-003/2024(H5N1)	1452	2376
PB2|PP755596.1|A/cattle/Texas/24-008749-003/2024(H5N1)	1453	2347
PB2|PP755596.1|A/cattle/Texas/24-008749-003/2024(H5N1)	1454	2356
PB2|PP755596.1|A/cattle/Texas/24-008749-003/2024(H5N1)	1455	2326
PB2|PP755596.1|A/cattle/Texas/24-008749-003/2024(H5N1)	1456	2374
PB2|PP755596.1|A/cattle/Texas/24-008749-003/2024(H5N1)	1457	2382
PB2|PP755596.1|A/cattle/Texas/24-008749-003/2024(H5N1)	1458	2389
PB2|PP755596.1|A/cattle/Texas/24-008749-003/2024(H5N1)	1459	2409
PB2|PP755596.1|A/cattle/Texas/24-008749-003/2024(H5N1)	1460	2369
PB2|PP755596.1|A/cattle/Texas/24-008749-003/2024(H5N1)	1461	2376
PB2|PP755596.1|A/cattle/Texas/24-008749-003/2024(H5N1)	1462	2328
PB2|PP755596.1|A/cattle/Texas/24-008749-003/2024(H5N1)	1463	2322
PB2|PP755596.1|A/cattle/Texas/24-008749-003/2024(H5N1)	1464	2495
PB2|PP755596.1|A/cattle/Texas/24-008749-003/2024(H5N1)	1465	2434
PB2|PP755596.1|A/cattle/Texas/24-008749-003/2024(H5N1)	1466	2470
PB2|PP755596.1|A/cattle/Texas/24-008749-003/2024(H5N1)	1467	2470
PB2|PP755596.1|A/cattle/Texas/24-008749-003/2024(H5N1)	1468	2459
PB2|PP755596.1|A/cattle/Texas/24-008749-003/2024(H5N1)	1469	2458
PB2|PP755596.1|A/cattle/Texas/24-008749-003/2024(H5N1)	1470	2454
PB2|PP755596.1|A/cattle/Texas/24-008749-003/2024(H5N1)	1471	2438
PB2|PP755596.1|A/cattle/Texas/24-008749-003/2024(H5N1)	1472	2393
PB2|PP755596.1|A/cattle/Texas/24-008749-003/2024(H5N1)	1473	2215
PB2|PP755596.1|A/cattle/Texas/24-008749-003/2024(H5N1)	1474	2211
PB2|PP755596.1|A/cattle/Texas/24-008749-003/2024(H5N1)	1475	2177
PB2|PP755596.1|A/cattle/Texas/24-008749-003/2024(H5N1)	1476	2154
PB2|PP755596.1|A/cattle/Texas/24-008749-003/2024(H5N1)	1477	1869
PB2|PP755596.1|A/cattle/Texas/24-008749-003/2024(H5N1)	1478	1796
PB2|PP755596.1|A/cattle/Texas/24-008749-003/2024(H5N1)	1479	1795
PB2|PP755596.1|A/cattle/Texas/24-008749-003/2024(H5N1)	1480	1793
PB2|PP755596.1|A/cattle/Texas/24-008749-003/2024(H5N1)	1481	1779
PB2|PP755596.1|A/cattle/Texas/24-008749-003/2024(H5N1)	1482	1777
PB2|PP755596.1|A/cattle/Texas/24-008749-003/2024(H5N1)	1483	1771
PB2|PP755596.1|A/cattle/Texas/24-008749-003/2024(H5N1)	1484	1771
PB2|PP755596.1|A/cattle/Texas/24-008749-003/2024(H5N1)	1485	1771
PB2|PP755596.1|A/cattle/Texas/24-008749-003/2024(H5N1)	1486	1807
PB2|PP755596.1|A/cattle/Texas/24-008749-003/2024(H5N1)	1487	1820
PB2|PP755596.1|A/cattle/Texas/24-008749-003/2024(H5N1)	1488	1822
PB2|PP755596.1|A/cattle/Texas/24-008749-003/2024(H5N1)	1489	2322
PB2|PP755596.1|A/cattle/Texas/24-008749-003/2024(H5N1)	1490	2332
PB2|PP755596.1|A/cattle/Texas/24-008749-003/2024(H5N1)	1491	2404
PB2|PP755596.1|A/cattle/Texas/24-008749-003/2024(H5N1)	1492	2406
PB2|PP755596.1|A/cattle/Texas/24-008749-003/2024(H5N1)	1493	2407
PB2|PP755596.1|A/cattle/Texas/24-008749-003/2024(H5N1)	1494	2410
PB2|PP755596.1|A/cattle/Texas/24-008749-003/2024(H5N1)	1495	2410
PB2|PP755596.1|A/cattle/Texas/24-008749-003/2024(H5N1)	1496	2502
PB2|PP755596.1|A/cattle/Texas/24-008749-003/2024(H5N1)	1497	2503
PB2|PP755596.1|A/cattle/Texas/24-008749-003/2024(H5N1)	1498	2502
PB2|PP755596.1|A/cattle/Texas/24-008749-003/2024(H5N1)	1499	2499
PB2|PP755596.1|A/cattle/Texas/24-008749-003/2024(H5N1)	1500	2505
PB2|PP755596.1|A/cattle/Texas/24-008749-003/2024(H5N1)	1501	2594
PB2|PP755596.1|A/cattle/Texas/24-008749-003/2024(H5N1)	1502	2584
PB2|PP755596.1|A/cattle/Texas/24-008749-003/2024(H5N1)	1503	2586
PB2|PP755596.1|A/cattle/Texas/24-008749-003/2024(H5N1)	1504	2616
PB2|PP755596.1|A/cattle/Texas/24-008749-003/2024(H5N1)	1505	2615
PB2|PP755596.1|A/cattle/Texas/24-008749-003/2024(H5N1)	1506	2631
PB2|PP755596.1|A/cattle/Texas/24-008749-003/2024(H5N1)	1507	2629
PB2|PP755596.1|A/cattle/Texas/24-008749-003/2024(H5N1)	1508	2588
PB2|PP755596.1|A/cattle/Texas/24-008749-003/2024(H5N1)	1509	2584
PB2|PP755596.1|A/cattle/Texas/24-008749-003/2024(H5N1)	1510	2597
PB2|PP755596.1|A/cattle/Texas/24-008749-003/2024(H5N1)	1511	2597
PB2|PP755596.1|A/cattle/Texas/24-008749-003/2024(H5N1)	1512	2596
PB2|PP755596.1|A/cattle/Texas/24-008749-003/2024(H5N1)	1513	2592
PB2|PP755596.1|A/cattle/Texas/24-008749-003/2024(H5N1)	1514	2592
PB2|PP755596.1|A/cattle/Texas/24-008749-003/2024(H5N1)	1515	2614
PB2|PP755596.1|A/cattle/Texas/24-008749-003/2024(H5N1)	1516	2611
PB2|PP755596.1|A/cattle/Texas/24-008749-003/2024(H5N1)	1517	2618
PB2|PP755596.1|A/cattle/Texas/24-008749-003/2024(H5N1)	1518	2634
PB2|PP755596.1|A/cattle/Texas/24-008749-003/2024(H5N1)	1519	2587
PB2|PP755596.1|A/cattle/Texas/24-008749-003/2024(H5N1)	1520	2590
PB2|PP755596.1|A/cattle/Texas/24-008749-003/2024(H5N1)	1521	2588
PB2|PP755596.1|A/cattle/Texas/24-008749-003/2024(H5N1)	1522	2580
PB2|PP755596.1|A/cattle/Texas/24-008749-003/2024(H5N1)	1523	2578
PB2|PP755596.1|A/cattle/Texas/24-008749-003/2024(H5N1)	1524	2572
PB2|PP755596.1|A/cattle/Texas/24-008749-003/2024(H5N1)	1525	2576
PB2|PP755596.1|A/cattle/Texas/24-008749-003/2024(H5N1)	1526	2584
PB2|PP755596.1|A/cattle/Texas/24-008749-003/2024(H5N1)	1527	2634
PB2|PP755596.1|A/cattle/Texas/24-008749-003/2024(H5N1)	1528	2641
PB2|PP755596.1|A/cattle/Texas/24-008749-003/2024(H5N1)	1529	2663
PB2|PP755596.1|A/cattle/Texas/24-008749-003/2024(H5N1)	1530	2636
PB2|PP755596.1|A/cattle/Texas/24-008749-003/2024(H5N1)	1531	2727
PB2|PP755596.1|A/cattle/Texas/24-008749-003/2024(H5N1)	1532	2723
PB2|PP755596.1|A/cattle/Texas/24-008749-003/2024(H5N1)	1533	2716
PB2|PP755596.1|A/cattle/Texas/24-008749-003/2024(H5N1)	1534	2697
PB2|PP755596.1|A/cattle/Texas/24-008749-003/2024(H5N1)	1535	2686
PB2|PP755596.1|A/cattle/Texas/24-008749-003/2024(H5N1)	1536	2730
PB2|PP755596.1|A/cattle/Texas/24-008749-003/2024(H5N1)	1537	2725
PB2|PP755596.1|A/cattle/Texas/24-008749-003/2024(H5N1)	1538	2704
PB2|PP755596.1|A/cattle/Texas/24-008749-003/2024(H5N1)	1539	2705
PB2|PP755596.1|A/cattle/Texas/24-008749-003/2024(H5N1)	1540	2549
PB2|PP755596.1|A/cattle/Texas/24-008749-003/2024(H5N1)	1541	2552
PB2|PP755596.1|A/cattle/Texas/24-008749-003/2024(H5N1)	1542	2554
PB2|PP755596.1|A/cattle/Texas/24-008749-003/2024(H5N1)	1543	2549
PB2|PP755596.1|A/cattle/Texas/24-008749-003/2024(H5N1)	1544	2552
PB2|PP755596.1|A/cattle/Texas/24-008749-003/2024(H5N1)	1545	2521
PB2|PP755596.1|A/cattle/Texas/24-008749-003/2024(H5N1)	1546	2543
PB2|PP755596.1|A/cattle/Texas/24-008749-003/2024(H5N1)	1547	2545
PB2|PP755596.1|A/cattle/Texas/24-008749-003/2024(H5N1)	1548	2492
PB2|PP755596.1|A/cattle/Texas/24-008749-003/2024(H5N1)	1549	2497
PB2|PP755596.1|A/cattle/Texas/24-008749-003/2024(H5N1)	1550	2527
PB2|PP755596.1|A/cattle/Texas/24-008749-003/2024(H5N1)	1551	2527
PB2|PP755596.1|A/cattle/Texas/24-008749-003/2024(H5N1)	1552	2526
PB2|PP755596.1|A/cattle/Texas/24-008749-003/2024(H5N1)	1553	2476
PB2|PP755596.1|A/cattle/Texas/24-008749-003/2024(H5N1)	1554	2467
PB2|PP755596.1|A/cattle/Texas/24-008749-003/2024(H5N1)	1555	2452
PB2|PP755596.1|A/cattle/Texas/24-008749-003/2024(H5N1)	1556	2460
PB2|PP755596.1|A/cattle/Texas/24-008749-003/2024(H5N1)	1557	2501
PB2|PP755596.1|A/cattle/Texas/24-008749-003/2024(H5N1)	1558	2497
PB2|PP755596.1|A/cattle/Texas/24-008749-003/2024(H5N1)	1559	2519
PB2|PP755596.1|A/cattle/Texas/24-008749-003/2024(H5N1)	1560	2462
PB2|PP755596.1|A/cattle/Texas/24-008749-003/2024(H5N1)	1561	2584
PB2|PP755596.1|A/cattle/Texas/24-008749-003/2024(H5N1)	1562	2577
PB2|PP755596.1|A/cattle/Texas/24-008749-003/2024(H5N1)	1563	2589
PB2|PP755596.1|A/cattle/Texas/24-008749-003/2024(H5N1)	1564	2590
PB2|PP755596.1|A/cattle/Texas/24-008749-003/2024(H5N1)	1565	2577
PB2|PP755596.1|A/cattle/Texas/24-008749-003/2024(H5N1)	1566	2572
PB2|PP755596.1|A/cattle/Texas/24-008749-003/2024(H5N1)	1567	2575
PB2|PP755596.1|A/cattle/Texas/24-008749-003/2024(H5N1)	1568	2728
PB2|PP755596.1|A/cattle/Texas/24-008749-003/2024(H5N1)	1569	2744
PB2|PP755596.1|A/cattle/Texas/24-008749-003/2024(H5N1)	1570	2723
PB2|PP755596.1|A/cattle/Texas/24-008749-003/2024(H5N1)	1571	2705
PB2|PP755596.1|A/cattle/Texas/24-008749-003/2024(H5N1)	1572	2680
PB2|PP755596.1|A/cattle/Texas/24-008749-003/2024(H5N1)	1573	2685
PB2|PP755596.1|A/cattle/Texas/24-008749-003/2024(H5N1)	1574	2703
PB2|PP755596.1|A/cattle/Texas/24-008749-003/2024(H5N1)	1575	2715
PB2|PP755596.1|A/cattle/Texas/24-008749-003/2024(H5N1)	1576	2716
PB2|PP755596.1|A/cattle/Texas/24-008749-003/2024(H5N1)	1577	2681
PB2|PP755596.1|A/cattle/Texas/24-008749-003/2024(H5N1)	1578	2675
PB2|PP755596.1|A/cattle/Texas/24-008749-003/2024(H5N1)	1579	2662
PB2|PP755596.1|A/cattle/Texas/24-008749-003/2024(H5N1)	1580	2673
PB2|PP755596.1|A/cattle/Texas/24-008749-003/2024(H5N1)	1581	2522
PB2|PP755596.1|A/cattle/Texas/24-008749-003/2024(H5N1)	1582	2525
PB2|PP755596.1|A/cattle/Texas/24-008749-003/2024(H5N1)	1583	2528
PB2|PP755596.1|A/cattle/Texas/24-008749-003/2024(H5N1)	1584	2527
PB2|PP755596.1|A/cattle/Texas/24-008749-003/2024(H5N1)	1585	2531
PB2|PP755596.1|A/cattle/Texas/24-008749-003/2024(H5N1)	1586	2538
PB2|PP755596.1|A/cattle/Texas/24-008749-003/2024(H5N1)	1587	2526
PB2|PP755596.1|A/cattle/Texas/24-008749-003/2024(H5N1)	1588	2531
PB2|PP755596.1|A/cattle/Texas/24-008749-003/2024(H5N1)	1589	2527
PB2|PP755596.1|A/cattle/Texas/24-008749-003/2024(H5N1)	1590	2521
PB2|PP755596.1|A/cattle/Texas/24-008749-003/2024(H5N1)	1591	2529
PB2|PP755596.1|A/cattle/Texas/24-008749-003/2024(H5N1)	1592	2523
PB2|PP755596.1|A/cattle/Texas/24-008749-003/2024(H5N1)	1593	2527
PB2|PP755596.1|A/cattle/Texas/24-008749-003/2024(H5N1)	1594	2523
PB2|PP755596.1|A/cattle/Texas/24-008749-003/2024(H5N1)	1595	2631
PB2|PP755596.1|A/cattle/Texas/24-008749-003/2024(H5N1)	1596	2635
PB2|PP755596.1|A/cattle/Texas/24-008749-003/2024(H5N1)	1597	2620
PB2|PP755596.1|A/cattle/Texas/24-008749-003/2024(H5N1)	1598	2618
PB2|PP755596.1|A/cattle/Texas/24-008749-003/2024(H5N1)	1599	2617
PB2|PP755596.1|A/cattle/Texas/24-008749-003/2024(H5N1)	1600	2648
PB2|PP755596.1|A/cattle/Texas/24-008749-003/2024(H5N1)	1601	2615
PB2|PP755596.1|A/cattle/Texas/24-008749-003/2024(H5N1)	1602	2614
PB2|PP755596.1|A/cattle/Texas/24-008749-003/2024(H5N1)	1603	2644
PB2|PP755596.1|A/cattle/Texas/24-008749-003/2024(H5N1)	1604	2657
PB2|PP755596.1|A/cattle/Texas/24-008749-003/2024(H5N1)	1605	2647
PB2|PP755596.1|A/cattle/Texas/24-008749-003/2024(H5N1)	1606	2684
PB2|PP755596.1|A/cattle/Texas/24-008749-003/2024(H5N1)	1607	2637
PB2|PP755596.1|A/cattle/Texas/24-008749-003/2024(H5N1)	1608	2650
PB2|PP755596.1|A/cattle/Texas/24-008749-003/2024(H5N1)	1609	2645
PB2|PP755596.1|A/cattle/Texas/24-008749-003/2024(H5N1)	1610	2620
PB2|PP755596.1|A/cattle/Texas/24-008749-003/2024(H5N1)	1611	2669
PB2|PP755596.1|A/cattle/Texas/24-008749-003/2024(H5N1)	1612	2662
PB2|PP755596.1|A/cattle/Texas/24-008749-003/2024(H5N1)	1613	2647
PB2|PP755596.1|A/cattle/Texas/24-008749-003/2024(H5N1)	1614	2661
PB2|PP755596.1|A/cattle/Texas/24-008749-003/2024(H5N1)	1615	2480
PB2|PP755596.1|A/cattle/Texas/24-008749-003/2024(H5N1)	1616	2481
PB2|PP755596.1|A/cattle/Texas/24-008749-003/2024(H5N1)	1617	2485
PB2|PP755596.1|A/cattle/Texas/24-008749-003/2024(H5N1)	1618	2477
PB2|PP755596.1|A/cattle/Texas/24-008749-003/2024(H5N1)	1619	2478
PB2|PP755596.1|A/cattle/Texas/24-008749-003/2024(H5N1)	1620	2411
PB2|PP755596.1|A/cattle/Texas/24-008749-003/2024(H5N1)	1621	2415
PB2|PP755596.1|A/cattle/Texas/24-008749-003/2024(H5N1)	1622	2443
PB2|PP755596.1|A/cattle/Texas/24-008749-003/2024(H5N1)	1623	2418
PB2|PP755596.1|A/cattle/Texas/24-008749-003/2024(H5N1)	1624	2422
PB2|PP755596.1|A/cattle/Texas/24-008749-003/2024(H5N1)	1625	2400
PB2|PP755596.1|A/cattle/Texas/24-008749-003/2024(H5N1)	1626	2505
PB2|PP755596.1|A/cattle/Texas/24-008749-003/2024(H5N1)	1627	2557
PB2|PP755596.1|A/cattle/Texas/24-008749-003/2024(H5N1)	1628	2569
PB2|PP755596.1|A/cattle/Texas/24-008749-003/2024(H5N1)	1629	2474
PB2|PP755596.1|A/cattle/Texas/24-008749-003/2024(H5N1)	1630	2477
PB2|PP755596.1|A/cattle/Texas/24-008749-003/2024(H5N1)	1631	2461
PB2|PP755596.1|A/cattle/Texas/24-008749-003/2024(H5N1)	1632	2458
PB2|PP755596.1|A/cattle/Texas/24-008749-003/2024(H5N1)	1633	2513
PB2|PP755596.1|A/cattle/Texas/24-008749-003/2024(H5N1)	1634	2479
PB2|PP755596.1|A/cattle/Texas/24-008749-003/2024(H5N1)	1635	2483
PB2|PP755596.1|A/cattle/Texas/24-008749-003/2024(H5N1)	1636	2413
PB2|PP755596.1|A/cattle/Texas/24-008749-003/2024(H5N1)	1637	2398
PB2|PP755596.1|A/cattle/Texas/24-008749-003/2024(H5N1)	1638	2516
PB2|PP755596.1|A/cattle/Texas/24-008749-003/2024(H5N1)	1639	2528
PB2|PP755596.1|A/cattle/Texas/24-008749-003/2024(H5N1)	1640	2526
PB2|PP755596.1|A/cattle/Texas/24-008749-003/2024(H5N1)	1641	2527
PB2|PP755596.1|A/cattle/Texas/24-008749-003/2024(H5N1)	1642	2458
PB2|PP755596.1|A/cattle/Texas/24-008749-003/2024(H5N1)	1643	2549
PB2|PP755596.1|A/cattle/Texas/24-008749-003/2024(H5N1)	1644	2551
PB2|PP755596.1|A/cattle/Texas/24-008749-003/2024(H5N1)	1645	2564
PB2|PP755596.1|A/cattle/Texas/24-008749-003/2024(H5N1)	1646	2622
PB2|PP755596.1|A/cattle/Texas/24-008749-003/2024(H5N1)	1647	2516
PB2|PP755596.1|A/cattle/Texas/24-008749-003/2024(H5N1)	1648	2539
PB2|PP755596.1|A/cattle/Texas/24-008749-003/2024(H5N1)	1649	2542
PB2|PP755596.1|A/cattle/Texas/24-008749-003/2024(H5N1)	1650	2560
PB2|PP755596.1|A/cattle/Texas/24-008749-003/2024(H5N1)	1651	2538
PB2|PP755596.1|A/cattle/Texas/24-008749-003/2024(H5N1)	1652	2445
PB2|PP755596.1|A/cattle/Texas/24-008749-003/2024(H5N1)	1653	2447
PB2|PP755596.1|A/cattle/Texas/24-008749-003/2024(H5N1)	1654	2522
PB2|PP755596.1|A/cattle/Texas/24-008749-003/2024(H5N1)	1655	2484
PB2|PP755596.1|A/cattle/Texas/24-008749-003/2024(H5N1)	1656	2513
PB2|PP755596.1|A/cattle/Texas/24-008749-003/2024(H5N1)	1657	2501
PB2|PP755596.1|A/cattle/Texas/24-008749-003/2024(H5N1)	1658	2500
PB2|PP755596.1|A/cattle/Texas/24-008749-003/2024(H5N1)	1659	2488
PB2|PP755596.1|A/cattle/Texas/24-008749-003/2024(H5N1)	1660	2510
PB2|PP755596.1|A/cattle/Texas/24-008749-003/2024(H5N1)	1661	2489
PB2|PP755596.1|A/cattle/Texas/24-008749-003/2024(H5N1)	1662	2489
PB2|PP755596.1|A/cattle/Texas/24-008749-003/2024(H5N1)	1663	2487
PB2|PP755596.1|A/cattle/Texas/24-008749-003/2024(H5N1)	1664	2488
PB2|PP755596.1|A/cattle/Texas/24-008749-003/2024(H5N1)	1665	2507
PB2|PP755596.1|A/cattle/Texas/24-008749-003/2024(H5N1)	1666	2522
PB2|PP755596.1|A/cattle/Texas/24-008749-003/2024(H5N1)	1667	2521
PB2|PP755596.1|A/cattle/Texas/24-008749-003/2024(H5N1)	1668	2525
PB2|PP755596.1|A/cattle/Texas/24-008749-003/2024(H5N1)	1669	2496
PB2|PP755596.1|A/cattle/Texas/24-008749-003/2024(H5N1)	1670	2499
PB2|PP755596.1|A/cattle/Texas/24-008749-003/2024(H5N1)	1671	2497
PB2|PP755596.1|A/cattle/Texas/24-008749-003/2024(H5N1)	1672	2497
PB2|PP755596.1|A/cattle/Texas/24-008749-003/2024(H5N1)	1673	2496
PB2|PP755596.1|A/cattle/Texas/24-008749-003/2024(H5N1)	1674	2508
PB2|PP755596.1|A/cattle/Texas/24-008749-003/2024(H5N1)	1675	2508
PB2|PP755596.1|A/cattle/Texas/24-008749-003/2024(H5N1)	1676	2455
PB2|PP755596.1|A/cattle/Texas/24-008749-003/2024(H5N1)	1677	2303
PB2|PP755596.1|A/cattle/Texas/24-008749-003/2024(H5N1)	1678	2305
PB2|PP755596.1|A/cattle/Texas/24-008749-003/2024(H5N1)	1679	2296
PB2|PP755596.1|A/cattle/Texas/24-008749-003/2024(H5N1)	1680	2295
PB2|PP755596.1|A/cattle/Texas/24-008749-003/2024(H5N1)	1681	2360
PB2|PP755596.1|A/cattle/Texas/24-008749-003/2024(H5N1)	1682	2360
PB2|PP755596.1|A/cattle/Texas/24-008749-003/2024(H5N1)	1683	2368
PB2|PP755596.1|A/cattle/Texas/24-008749-003/2024(H5N1)	1684	2373
PB2|PP755596.1|A/cattle/Texas/24-008749-003/2024(H5N1)	1685	2486
PB2|PP755596.1|A/cattle/Texas/24-008749-003/2024(H5N1)	1686	2486
PB2|PP755596.1|A/cattle/Texas/24-008749-003/2024(H5N1)	1687	2445
PB2|PP755596.1|A/cattle/Texas/24-008749-003/2024(H5N1)	1688	2439
PB2|PP755596.1|A/cattle/Texas/24-008749-003/2024(H5N1)	1689	2437
PB2|PP755596.1|A/cattle/Texas/24-008749-003/2024(H5N1)	1690	2439
PB2|PP755596.1|A/cattle/Texas/24-008749-003/2024(H5N1)	1691	2478
PB2|PP755596.1|A/cattle/Texas/24-008749-003/2024(H5N1)	1692	2464
PB2|PP755596.1|A/cattle/Texas/24-008749-003/2024(H5N1)	1693	2472
PB2|PP755596.1|A/cattle/Texas/24-008749-003/2024(H5N1)	1694	2464
PB2|PP755596.1|A/cattle/Texas/24-008749-003/2024(H5N1)	1695	2464
PB2|PP755596.1|A/cattle/Texas/24-008749-003/2024(H5N1)	1696	2456
PB2|PP755596.1|A/cattle/Texas/24-008749-003/2024(H5N1)	1697	2447
PB2|PP755596.1|A/cattle/Texas/24-008749-003/2024(H5N1)	1698	2475
PB2|PP755596.1|A/cattle/Texas/24-008749-003/2024(H5N1)	1699	2497
PB2|PP755596.1|A/cattle/Texas/24-008749-003/2024(H5N1)	1700	2462
PB2|PP755596.1|A/cattle/Texas/24-008749-003/2024(H5N1)	1701	2454
PB2|PP755596.1|A/cattle/Texas/24-008749-003/2024(H5N1)	1702	2474
PB2|PP755596.1|A/cattle/Texas/24-008749-003/2024(H5N1)	1703	2565
PB2|PP755596.1|A/cattle/Texas/24-008749-003/2024(H5N1)	1704	2561
PB2|PP755596.1|A/cattle/Texas/24-008749-003/2024(H5N1)	1705	2558
PB2|PP755596.1|A/cattle/Texas/24-008749-003/2024(H5N1)	1706	2556
PB2|PP755596.1|A/cattle/Texas/24-008749-003/2024(H5N1)	1707	2520
PB2|PP755596.1|A/cattle/Texas/24-008749-003/2024(H5N1)	1708	2638
PB2|PP755596.1|A/cattle/Texas/24-008749-003/2024(H5N1)	1709	2619
PB2|PP755596.1|A/cattle/Texas/24-008749-003/2024(H5N1)	1710	2641
PB2|PP755596.1|A/cattle/Texas/24-008749-003/2024(H5N1)	1711	2676
PB2|PP755596.1|A/cattle/Texas/24-008749-003/2024(H5N1)	1712	2570
PB2|PP755596.1|A/cattle/Texas/24-008749-003/2024(H5N1)	1713	2586
PB2|PP755596.1|A/cattle/Texas/24-008749-003/2024(H5N1)	1714	2579
PB2|PP755596.1|A/cattle/Texas/24-008749-003/2024(H5N1)	1715	2589
PB2|PP755596.1|A/cattle/Texas/24-008749-003/2024(H5N1)	1716	2595
PB2|PP755596.1|A/cattle/Texas/24-008749-003/2024(H5N1)	1717	2473
PB2|PP755596.1|A/cattle/Texas/24-008749-003/2024(H5N1)	1718	2482
PB2|PP755596.1|A/cattle/Texas/24-008749-003/2024(H5N1)	1719	2424
PB2|PP755596.1|A/cattle/Texas/24-008749-003/2024(H5N1)	1720	2422
PB2|PP755596.1|A/cattle/Texas/24-008749-003/2024(H5N1)	1721	2419
PB2|PP755596.1|A/cattle/Texas/24-008749-003/2024(H5N1)	1722	2406
PB2|PP755596.1|A/cattle/Texas/24-008749-003/2024(H5N1)	1723	2415
PB2|PP755596.1|A/cattle/Texas/24-008749-003/2024(H5N1)	1724	2409
PB2|PP755596.1|A/cattle/Texas/24-008749-003/2024(H5N1)	1725	2400
PB2|PP755596.1|A/cattle/Texas/24-008749-003/2024(H5N1)	1726	2397
PB2|PP755596.1|A/cattle/Texas/24-008749-003/2024(H5N1)	1727	2410
PB2|PP755596.1|A/cattle/Texas/24-008749-003/2024(H5N1)	1728	2414
PB2|PP755596.1|A/cattle/Texas/24-008749-003/2024(H5N1)	1729	2417
PB2|PP755596.1|A/cattle/Texas/24-008749-003/2024(H5N1)	1730	2417
PB2|PP755596.1|A/cattle/Texas/24-008749-003/2024(H5N1)	1731	2394
PB2|PP755596.1|A/cattle/Texas/24-008749-003/2024(H5N1)	1732	2391
PB2|PP755596.1|A/cattle/Texas/24-008749-003/2024(H5N1)	1733	2427
PB2|PP755596.1|A/cattle/Texas/24-008749-003/2024(H5N1)	1734	2424
PB2|PP755596.1|A/cattle/Texas/24-008749-003/2024(H5N1)	1735	2427
PB2|PP755596.1|A/cattle/Texas/24-008749-003/2024(H5N1)	1736	2422
PB2|PP755596.1|A/cattle/Texas/24-008749-003/2024(H5N1)	1737	2490
PB2|PP755596.1|A/cattle/Texas/24-008749-003/2024(H5N1)	1738	2495
PB2|PP755596.1|A/cattle/Texas/24-008749-003/2024(H5N1)	1739	2507
PB2|PP755596.1|A/cattle/Texas/24-008749-003/2024(H5N1)	1740	2497
PB2|PP755596.1|A/cattle/Texas/24-008749-003/2024(H5N1)	1741	2493
PB2|PP755596.1|A/cattle/Texas/24-008749-003/2024(H5N1)	1742	2491
PB2|PP755596.1|A/cattle/Texas/24-008749-003/2024(H5N1)	1743	2495
PB2|PP755596.1|A/cattle/Texas/24-008749-003/2024(H5N1)	1744	2512
PB2|PP755596.1|A/cattle/Texas/24-008749-003/2024(H5N1)	1745	2539
PB2|PP755596.1|A/cattle/Texas/24-008749-003/2024(H5N1)	1746	2419
PB2|PP755596.1|A/cattle/Texas/24-008749-003/2024(H5N1)	1747	2446
PB2|PP755596.1|A/cattle/Texas/24-008749-003/2024(H5N1)	1748	2438
PB2|PP755596.1|A/cattle/Texas/24-008749-003/2024(H5N1)	1749	2445
PB2|PP755596.1|A/cattle/Texas/24-008749-003/2024(H5N1)	1750	2498
PB2|PP755596.1|A/cattle/Texas/24-008749-003/2024(H5N1)	1751	2468
PB2|PP755596.1|A/cattle/Texas/24-008749-003/2024(H5N1)	1752	2516
PB2|PP755596.1|A/cattle/Texas/24-008749-003/2024(H5N1)	1753	2516
PB2|PP755596.1|A/cattle/Texas/24-008749-003/2024(H5N1)	1754	2473
PB2|PP755596.1|A/cattle/Texas/24-008749-003/2024(H5N1)	1755	2471
PB2|PP755596.1|A/cattle/Texas/24-008749-003/2024(H5N1)	1756	2463
PB2|PP755596.1|A/cattle/Texas/24-008749-003/2024(H5N1)	1757	2449
PB2|PP755596.1|A/cattle/Texas/24-008749-003/2024(H5N1)	1758	2444
PB2|PP755596.1|A/cattle/Texas/24-008749-003/2024(H5N1)	1759	2440
PB2|PP755596.1|A/cattle/Texas/24-008749-003/2024(H5N1)	1760	2440
PB2|PP755596.1|A/cattle/Texas/24-008749-003/2024(H5N1)	1761	2400
PB2|PP755596.1|A/cattle/Texas/24-008749-003/2024(H5N1)	1762	2412
PB2|PP755596.1|A/cattle/Texas/24-008749-003/2024(H5N1)	1763	2432
PB2|PP755596.1|A/cattle/Texas/24-008749-003/2024(H5N1)	1764	2413
PB2|PP755596.1|A/cattle/Texas/24-008749-003/2024(H5N1)	1765	2407
PB2|PP755596.1|A/cattle/Texas/24-008749-003/2024(H5N1)	1766	2421
PB2|PP755596.1|A/cattle/Texas/24-008749-003/2024(H5N1)	1767	2426
PB2|PP755596.1|A/cattle/Texas/24-008749-003/2024(H5N1)	1768	2612
PB2|PP755596.1|A/cattle/Texas/24-008749-003/2024(H5N1)	1769	2662
PB2|PP755596.1|A/cattle/Texas/24-008749-003/2024(H5N1)	1770	2669
PB2|PP755596.1|A/cattle/Texas/24-008749-003/2024(H5N1)	1771	2665
PB2|PP755596.1|A/cattle/Texas/24-008749-003/2024(H5N1)	1772	2667
PB2|PP755596.1|A/cattle/Texas/24-008749-003/2024(H5N1)	1773	2705
PB2|PP755596.1|A/cattle/Texas/24-008749-003/2024(H5N1)	1774	2702
PB2|PP755596.1|A/cattle/Texas/24-008749-003/2024(H5N1)	1775	2684
PB2|PP755596.1|A/cattle/Texas/24-008749-003/2024(H5N1)	1776	2696
PB2|PP755596.1|A/cattle/Texas/24-008749-003/2024(H5N1)	1777	2481
PB2|PP755596.1|A/cattle/Texas/24-008749-003/2024(H5N1)	1778	2465
PB2|PP755596.1|A/cattle/Texas/24-008749-003/2024(H5N1)	1779	2471
PB2|PP755596.1|A/cattle/Texas/24-008749-003/2024(H5N1)	1780	2484
PB2|PP755596.1|A/cattle/Texas/24-008749-003/2024(H5N1)	1781	2483
PB2|PP755596.1|A/cattle/Texas/24-008749-003/2024(H5N1)	1782	2443
PB2|PP755596.1|A/cattle/Texas/24-008749-003/2024(H5N1)	1783	2515
PB2|PP755596.1|A/cattle/Texas/24-008749-003/2024(H5N1)	1784	2466
PB2|PP755596.1|A/cattle/Texas/24-008749-003/2024(H5N1)	1785	2488
PB2|PP755596.1|A/cattle/Texas/24-008749-003/2024(H5N1)	1786	2489
PB2|PP755596.1|A/cattle/Texas/24-008749-003/2024(H5N1)	1787	2486
PB2|PP755596.1|A/cattle/Texas/24-008749-003/2024(H5N1)	1788	2485
PB2|PP755596.1|A/cattle/Texas/24-008749-003/2024(H5N1)	1789	2380
PB2|PP755596.1|A/cattle/Texas/24-008749-003/2024(H5N1)	1790	2390
PB2|PP755596.1|A/cattle/Texas/24-008749-003/2024(H5N1)	1791	2394
PB2|PP755596.1|A/cattle/Texas/24-008749-003/2024(H5N1)	1792	2426
PB2|PP755596.1|A/cattle/Texas/24-008749-003/2024(H5N1)	1793	2412
PB2|PP755596.1|A/cattle/Texas/24-008749-003/2024(H5N1)	1794	2383
PB2|PP755596.1|A/cattle/Texas/24-008749-003/2024(H5N1)	1795	2398
PB2|PP755596.1|A/cattle/Texas/24-008749-003/2024(H5N1)	1796	2391
PB2|PP755596.1|A/cattle/Texas/24-008749-003/2024(H5N1)	1797	2439
PB2|PP755596.1|A/cattle/Texas/24-008749-003/2024(H5N1)	1798	2448
PB2|PP755596.1|A/cattle/Texas/24-008749-003/2024(H5N1)	1799	2431
PB2|PP755596.1|A/cattle/Texas/24-008749-003/2024(H5N1)	1800	2416
PB2|PP755596.1|A/cattle/Texas/24-008749-003/2024(H5N1)	1801	2408
PB2|PP755596.1|A/cattle/Texas/24-008749-003/2024(H5N1)	1802	2367
PB2|PP755596.1|A/cattle/Texas/24-008749-003/2024(H5N1)	1803	2371
PB2|PP755596.1|A/cattle/Texas/24-008749-003/2024(H5N1)	1804	2379
PB2|PP755596.1|A/cattle/Texas/24-008749-003/2024(H5N1)	1805	2345
PB2|PP755596.1|A/cattle/Texas/24-008749-003/2024(H5N1)	1806	2332
PB2|PP755596.1|A/cattle/Texas/24-008749-003/2024(H5N1)	1807	2328
PB2|PP755596.1|A/cattle/Texas/24-008749-003/2024(H5N1)	1808	2386
PB2|PP755596.1|A/cattle/Texas/24-008749-003/2024(H5N1)	1809	2385
PB2|PP755596.1|A/cattle/Texas/24-008749-003/2024(H5N1)	1810	2377
PB2|PP755596.1|A/cattle/Texas/24-008749-003/2024(H5N1)	1811	2381
PB2|PP755596.1|A/cattle/Texas/24-008749-003/2024(H5N1)	1812	2395
PB2|PP755596.1|A/cattle/Texas/24-008749-003/2024(H5N1)	1813	2402
PB2|PP755596.1|A/cattle/Texas/24-008749-003/2024(H5N1)	1814	2448
PB2|PP755596.1|A/cattle/Texas/24-008749-003/2024(H5N1)	1815	2431
PB2|PP755596.1|A/cattle/Texas/24-008749-003/2024(H5N1)	1816	2479
PB2|PP755596.1|A/cattle/Texas/24-008749-003/2024(H5N1)	1817	2455
PB2|PP755596.1|A/cattle/Texas/24-008749-003/2024(H5N1)	1818	2485
PB2|PP755596.1|A/cattle/Texas/24-008749-003/2024(H5N1)	1819	2466
PB2|PP755596.1|A/cattle/Texas/24-008749-003/2024(H5N1)	1820	2465
PB2|PP755596.1|A/cattle/Texas/24-008749-003/2024(H5N1)	1821	2520
PB2|PP755596.1|A/cattle/Texas/24-008749-003/2024(H5N1)	1822	2593
PB2|PP755596.1|A/cattle/Texas/24-008749-003/2024(H5N1)	1823	2619
PB2|PP755596.1|A/cattle/Texas/24-008749-003/2024(H5N1)	1824	2636
PB2|PP755596.1|A/cattle/Texas/24-008749-003/2024(H5N1)	1825	2646
PB2|PP755596.1|A/cattle/Texas/24-008749-003/2024(H5N1)	1826	2696
PB2|PP755596.1|A/cattle/Texas/24-008749-003/2024(H5N1)	1827	2777
PB2|PP755596.1|A/cattle/Texas/24-008749-003/2024(H5N1)	1828	2782
PB2|PP755596.1|A/cattle/Texas/24-008749-003/2024(H5N1)	1829	2781
PB2|PP755596.1|A/cattle/Texas/24-008749-003/2024(H5N1)	1830	2781
PB2|PP755596.1|A/cattle/Texas/24-008749-003/2024(H5N1)	1831	2781
PB2|PP755596.1|A/cattle/Texas/24-008749-003/2024(H5N1)	1832	2793
PB2|PP755596.1|A/cattle/Texas/24-008749-003/2024(H5N1)	1833	2792
PB2|PP755596.1|A/cattle/Texas/24-008749-003/2024(H5N1)	1834	2783
PB2|PP755596.1|A/cattle/Texas/24-008749-003/2024(H5N1)	1835	2791
PB2|PP755596.1|A/cattle/Texas/24-008749-003/2024(H5N1)	1836	2656
PB2|PP755596.1|A/cattle/Texas/24-008749-003/2024(H5N1)	1837	2738
PB2|PP755596.1|A/cattle/Texas/24-008749-003/2024(H5N1)	1838	2749
PB2|PP755596.1|A/cattle/Texas/24-008749-003/2024(H5N1)	1839	2750
PB2|PP755596.1|A/cattle/Texas/24-008749-003/2024(H5N1)	1840	2751
PB2|PP755596.1|A/cattle/Texas/24-008749-003/2024(H5N1)	1841	2746
PB2|PP755596.1|A/cattle/Texas/24-008749-003/2024(H5N1)	1842	2717
PB2|PP755596.1|A/cattle/Texas/24-008749-003/2024(H5N1)	1843	2731
PB2|PP755596.1|A/cattle/Texas/24-008749-003/2024(H5N1)	1844	2756
PB2|PP755596.1|A/cattle/Texas/24-008749-003/2024(H5N1)	1845	2747
PB2|PP755596.1|A/cattle/Texas/24-008749-003/2024(H5N1)	1846	2726
PB2|PP755596.1|A/cattle/Texas/24-008749-003/2024(H5N1)	1847	2724
PB2|PP755596.1|A/cattle/Texas/24-008749-003/2024(H5N1)	1848	2725
PB2|PP755596.1|A/cattle/Texas/24-008749-003/2024(H5N1)	1849	2767
PB2|PP755596.1|A/cattle/Texas/24-008749-003/2024(H5N1)	1850	2772
PB2|PP755596.1|A/cattle/Texas/24-008749-003/2024(H5N1)	1851	2766
PB2|PP755596.1|A/cattle/Texas/24-008749-003/2024(H5N1)	1852	2731
PB2|PP755596.1|A/cattle/Texas/24-008749-003/2024(H5N1)	1853	2703
PB2|PP755596.1|A/cattle/Texas/24-008749-003/2024(H5N1)	1854	2710
PB2|PP755596.1|A/cattle/Texas/24-008749-003/2024(H5N1)	1855	2701
PB2|PP755596.1|A/cattle/Texas/24-008749-003/2024(H5N1)	1856	2701
PB2|PP755596.1|A/cattle/Texas/24-008749-003/2024(H5N1)	1857	2769
PB2|PP755596.1|A/cattle/Texas/24-008749-003/2024(H5N1)	1858	2663
PB2|PP755596.1|A/cattle/Texas/24-008749-003/2024(H5N1)	1859	2676
PB2|PP755596.1|A/cattle/Texas/24-008749-003/2024(H5N1)	1860	2658
PB2|PP755596.1|A/cattle/Texas/24-008749-003/2024(H5N1)	1861	2594
PB2|PP755596.1|A/cattle/Texas/24-008749-003/2024(H5N1)	1862	2606
PB2|PP755596.1|A/cattle/Texas/24-008749-003/2024(H5N1)	1863	2603
PB2|PP755596.1|A/cattle/Texas/24-008749-003/2024(H5N1)	1864	2582
PB2|PP755596.1|A/cattle/Texas/24-008749-003/2024(H5N1)	1865	2591
PB2|PP755596.1|A/cattle/Texas/24-008749-003/2024(H5N1)	1866	2574
PB2|PP755596.1|A/cattle/Texas/24-008749-003/2024(H5N1)	1867	2574
PB2|PP755596.1|A/cattle/Texas/24-008749-003/2024(H5N1)	1868	2580
PB2|PP755596.1|A/cattle/Texas/24-008749-003/2024(H5N1)	1869	2586
PB2|PP755596.1|A/cattle/Texas/24-008749-003/2024(H5N1)	1870	2605
PB2|PP755596.1|A/cattle/Texas/24-008749-003/2024(H5N1)	1871	2621
PB2|PP755596.1|A/cattle/Texas/24-008749-003/2024(H5N1)	1872	2608
PB2|PP755596.1|A/cattle/Texas/24-008749-003/2024(H5N1)	1873	2643
PB2|PP755596.1|A/cattle/Texas/24-008749-003/2024(H5N1)	1874	2680
PB2|PP755596.1|A/cattle/Texas/24-008749-003/2024(H5N1)	1875	2690
PB2|PP755596.1|A/cattle/Texas/24-008749-003/2024(H5N1)	1876	2689
PB2|PP755596.1|A/cattle/Texas/24-008749-003/2024(H5N1)	1877	2686
PB2|PP755596.1|A/cattle/Texas/24-008749-003/2024(H5N1)	1878	2675
PB2|PP755596.1|A/cattle/Texas/24-008749-003/2024(H5N1)	1879	2707
PB2|PP755596.1|A/cattle/Texas/24-008749-003/2024(H5N1)	1880	2733
PB2|PP755596.1|A/cattle/Texas/24-008749-003/2024(H5N1)	1881	2749
PB2|PP755596.1|A/cattle/Texas/24-008749-003/2024(H5N1)	1882	2748
PB2|PP755596.1|A/cattle/Texas/24-008749-003/2024(H5N1)	1883	2727
PB2|PP755596.1|A/cattle/Texas/24-008749-003/2024(H5N1)	1884	2734
PB2|PP755596.1|A/cattle/Texas/24-008749-003/2024(H5N1)	1885	2727
PB2|PP755596.1|A/cattle/Texas/24-008749-003/2024(H5N1)	1886	2756
PB2|PP755596.1|A/cattle/Texas/24-008749-003/2024(H5N1)	1887	2772
PB2|PP755596.1|A/cattle/Texas/24-008749-003/2024(H5N1)	1888	2694
PB2|PP755596.1|A/cattle/Texas/24-008749-003/2024(H5N1)	1889	2689
PB2|PP755596.1|A/cattle/Texas/24-008749-003/2024(H5N1)	1890	2686
PB2|PP755596.1|A/cattle/Texas/24-008749-003/2024(H5N1)	1891	2737
PB2|PP755596.1|A/cattle/Texas/24-008749-003/2024(H5N1)	1892	2737
PB2|PP755596.1|A/cattle/Texas/24-008749-003/2024(H5N1)	1893	2728
PB2|PP755596.1|A/cattle/Texas/24-008749-003/2024(H5N1)	1894	2739
PB2|PP755596.1|A/cattle/Texas/24-008749-003/2024(H5N1)	1895	2721
PB2|PP755596.1|A/cattle/Texas/24-008749-003/2024(H5N1)	1896	2744
PB2|PP755596.1|A/cattle/Texas/24-008749-003/2024(H5N1)	1897	2744
PB2|PP755596.1|A/cattle/Texas/24-008749-003/2024(H5N1)	1898	2721
PB2|PP755596.1|A/cattle/Texas/24-008749-003/2024(H5N1)	1899	2717
PB2|PP755596.1|A/cattle/Texas/24-008749-003/2024(H5N1)	1900	2651
PB2|PP755596.1|A/cattle/Texas/24-008749-003/2024(H5N1)	1901	2665
PB2|PP755596.1|A/cattle/Texas/24-008749-003/2024(H5N1)	1902	2629
PB2|PP755596.1|A/cattle/Texas/24-008749-003/2024(H5N1)	1903	2615
PB2|PP755596.1|A/cattle/Texas/24-008749-003/2024(H5N1)	1904	2624
PB2|PP755596.1|A/cattle/Texas/24-008749-003/2024(H5N1)	1905	2610
PB2|PP755596.1|A/cattle/Texas/24-008749-003/2024(H5N1)	1906	2638
PB2|PP755596.1|A/cattle/Texas/24-008749-003/2024(H5N1)	1907	2630
PB2|PP755596.1|A/cattle/Texas/24-008749-003/2024(H5N1)	1908	2654
PB2|PP755596.1|A/cattle/Texas/24-008749-003/2024(H5N1)	1909	2711
PB2|PP755596.1|A/cattle/Texas/24-008749-003/2024(H5N1)	1910	2732
PB2|PP755596.1|A/cattle/Texas/24-008749-003/2024(H5N1)	1911	2809
PB2|PP755596.1|A/cattle/Texas/24-008749-003/2024(H5N1)	1912	2825
PB2|PP755596.1|A/cattle/Texas/24-008749-003/2024(H5N1)	1913	2838
PB2|PP755596.1|A/cattle/Texas/24-008749-003/2024(H5N1)	1914	2843
PB2|PP755596.1|A/cattle/Texas/24-008749-003/2024(H5N1)	1915	2869
PB2|PP755596.1|A/cattle/Texas/24-008749-003/2024(H5N1)	1916	2898
PB2|PP755596.1|A/cattle/Texas/24-008749-003/2024(H5N1)	1917	2946
PB2|PP755596.1|A/cattle/Texas/24-008749-003/2024(H5N1)	1918	2955
PB2|PP755596.1|A/cattle/Texas/24-008749-003/2024(H5N1)	1919	2939
PB2|PP755596.1|A/cattle/Texas/24-008749-003/2024(H5N1)	1920	2956
PB2|PP755596.1|A/cattle/Texas/24-008749-003/2024(H5N1)	1921	2934
PB2|PP755596.1|A/cattle/Texas/24-008749-003/2024(H5N1)	1922	2928
PB2|PP755596.1|A/cattle/Texas/24-008749-003/2024(H5N1)	1923	2979
PB2|PP755596.1|A/cattle/Texas/24-008749-003/2024(H5N1)	1924	2923
PB2|PP755596.1|A/cattle/Texas/24-008749-003/2024(H5N1)	1925	3028
PB2|PP755596.1|A/cattle/Texas/24-008749-003/2024(H5N1)	1926	3076
PB2|PP755596.1|A/cattle/Texas/24-008749-003/2024(H5N1)	1927	3062
PB2|PP755596.1|A/cattle/Texas/24-008749-003/2024(H5N1)	1928	3045
PB2|PP755596.1|A/cattle/Texas/24-008749-003/2024(H5N1)	1929	3033
PB2|PP755596.1|A/cattle/Texas/24-008749-003/2024(H5N1)	1930	3066
PB2|PP755596.1|A/cattle/Texas/24-008749-003/2024(H5N1)	1931	3058
PB2|PP755596.1|A/cattle/Texas/24-008749-003/2024(H5N1)	1932	3065
PB2|PP755596.1|A/cattle/Texas/24-008749-003/2024(H5N1)	1933	3069
PB2|PP755596.1|A/cattle/Texas/24-008749-003/2024(H5N1)	1934	3023
PB2|PP755596.1|A/cattle/Texas/24-008749-003/2024(H5N1)	1935	3023
PB2|PP755596.1|A/cattle/Texas/24-008749-003/2024(H5N1)	1936	3005
PB2|PP755596.1|A/cattle/Texas/24-008749-003/2024(H5N1)	1937	3049
PB2|PP755596.1|A/cattle/Texas/24-008749-003/2024(H5N1)	1938	3051
PB2|PP755596.1|A/cattle/Texas/24-008749-003/2024(H5N1)	1939	3046
PB2|PP755596.1|A/cattle/Texas/24-008749-003/2024(H5N1)	1940	3051
PB2|PP755596.1|A/cattle/Texas/24-008749-003/2024(H5N1)	1941	3047
PB2|PP755596.1|A/cattle/Texas/24-008749-003/2024(H5N1)	1942	2994
PB2|PP755596.1|A/cattle/Texas/24-008749-003/2024(H5N1)	1943	2953
PB2|PP755596.1|A/cattle/Texas/24-008749-003/2024(H5N1)	1944	2997
PB2|PP755596.1|A/cattle/Texas/24-008749-003/2024(H5N1)	1945	3006
PB2|PP755596.1|A/cattle/Texas/24-008749-003/2024(H5N1)	1946	2954
PB2|PP755596.1|A/cattle/Texas/24-008749-003/2024(H5N1)	1947	2953
PB2|PP755596.1|A/cattle/Texas/24-008749-003/2024(H5N1)	1948	2906
PB2|PP755596.1|A/cattle/Texas/24-008749-003/2024(H5N1)	1949	2898
PB2|PP755596.1|A/cattle/Texas/24-008749-003/2024(H5N1)	1950	2921
PB2|PP755596.1|A/cattle/Texas/24-008749-003/2024(H5N1)	1951	2923
PB2|PP755596.1|A/cattle/Texas/24-008749-003/2024(H5N1)	1952	2922
PB2|PP755596.1|A/cattle/Texas/24-008749-003/2024(H5N1)	1953	2904
PB2|PP755596.1|A/cattle/Texas/24-008749-003/2024(H5N1)	1954	2899
PB2|PP755596.1|A/cattle/Texas/24-008749-003/2024(H5N1)	1955	2940
PB2|PP755596.1|A/cattle/Texas/24-008749-003/2024(H5N1)	1956	2969
PB2|PP755596.1|A/cattle/Texas/24-008749-003/2024(H5N1)	1957	2947
PB2|PP755596.1|A/cattle/Texas/24-008749-003/2024(H5N1)	1958	2914
PB2|PP755596.1|A/cattle/Texas/24-008749-003/2024(H5N1)	1959	2916
PB2|PP755596.1|A/cattle/Texas/24-008749-003/2024(H5N1)	1960	2904
PB2|PP755596.1|A/cattle/Texas/24-008749-003/2024(H5N1)	1961	2900
PB2|PP755596.1|A/cattle/Texas/24-008749-003/2024(H5N1)	1962	2878
PB2|PP755596.1|A/cattle/Texas/24-008749-003/2024(H5N1)	1963	2931
PB2|PP755596.1|A/cattle/Texas/24-008749-003/2024(H5N1)	1964	2909
PB2|PP755596.1|A/cattle/Texas/24-008749-003/2024(H5N1)	1965	2961
PB2|PP755596.1|A/cattle/Texas/24-008749-003/2024(H5N1)	1966	3020
PB2|PP755596.1|A/cattle/Texas/24-008749-003/2024(H5N1)	1967	3043
PB2|PP755596.1|A/cattle/Texas/24-008749-003/2024(H5N1)	1968	3030
PB2|PP755596.1|A/cattle/Texas/24-008749-003/2024(H5N1)	1969	3027
PB2|PP755596.1|A/cattle/Texas/24-008749-003/2024(H5N1)	1970	3057
PB2|PP755596.1|A/cattle/Texas/24-008749-003/2024(H5N1)	1971	3061
PB2|PP755596.1|A/cattle/Texas/24-008749-003/2024(H5N1)	1972	3098
PB2|PP755596.1|A/cattle/Texas/24-008749-003/2024(H5N1)	1973	3092
PB2|PP755596.1|A/cattle/Texas/24-008749-003/2024(H5N1)	1974	3100
PB2|PP755596.1|A/cattle/Texas/24-008749-003/2024(H5N1)	1975	3097
PB2|PP755596.1|A/cattle/Texas/24-008749-003/2024(H5N1)	1976	3073
PB2|PP755596.1|A/cattle/Texas/24-008749-003/2024(H5N1)	1977	3035
PB2|PP755596.1|A/cattle/Texas/24-008749-003/2024(H5N1)	1978	3007
PB2|PP755596.1|A/cattle/Texas/24-008749-003/2024(H5N1)	1979	2991
PB2|PP755596.1|A/cattle/Texas/24-008749-003/2024(H5N1)	1980	2994
PB2|PP755596.1|A/cattle/Texas/24-008749-003/2024(H5N1)	1981	2996
PB2|PP755596.1|A/cattle/Texas/24-008749-003/2024(H5N1)	1982	3016
PB2|PP755596.1|A/cattle/Texas/24-008749-003/2024(H5N1)	1983	2995
PB2|PP755596.1|A/cattle/Texas/24-008749-003/2024(H5N1)	1984	3027
PB2|PP755596.1|A/cattle/Texas/24-008749-003/2024(H5N1)	1985	3050
PB2|PP755596.1|A/cattle/Texas/24-008749-003/2024(H5N1)	1986	3050
PB2|PP755596.1|A/cattle/Texas/24-008749-003/2024(H5N1)	1987	3158
PB2|PP755596.1|A/cattle/Texas/24-008749-003/2024(H5N1)	1988	3079
PB2|PP755596.1|A/cattle/Texas/24-008749-003/2024(H5N1)	1989	3065
PB2|PP755596.1|A/cattle/Texas/24-008749-003/2024(H5N1)	1990	3080
PB2|PP755596.1|A/cattle/Texas/24-008749-003/2024(H5N1)	1991	3139
PB2|PP755596.1|A/cattle/Texas/24-008749-003/2024(H5N1)	1992	3163
PB2|PP755596.1|A/cattle/Texas/24-008749-003/2024(H5N1)	1993	3150
PB2|PP755596.1|A/cattle/Texas/24-008749-003/2024(H5N1)	1994	3144
PB2|PP755596.1|A/cattle/Texas/24-008749-003/2024(H5N1)	1995	3149
PB2|PP755596.1|A/cattle/Texas/24-008749-003/2024(H5N1)	1996	3150
PB2|PP755596.1|A/cattle/Texas/24-008749-003/2024(H5N1)	1997	3153
PB2|PP755596.1|A/cattle/Texas/24-008749-003/2024(H5N1)	1998	3198
PB2|PP755596.1|A/cattle/Texas/24-008749-003/2024(H5N1)	1999	3244
PB2|PP755596.1|A/cattle/Texas/24-008749-003/2024(H5N1)	2000	3213
PB2|PP755596.1|A/cattle/Texas/24-008749-003/2024(H5N1)	2001	3202
PB2|PP755596.1|A/cattle/Texas/24-008749-003/2024(H5N1)	2002	3236
PB2|PP755596.1|A/cattle/Texas/24-008749-003/2024(H5N1)	2003	3232
PB2|PP755596.1|A/cattle/Texas/24-008749-003/2024(H5N1)	2004	3243
PB2|PP755596.1|A/cattle/Texas/24-008749-003/2024(H5N1)	2005	3547
PB2|PP755596.1|A/cattle/Texas/24-008749-003/2024(H5N1)	2006	3543
PB2|PP755596.1|A/cattle/Texas/24-008749-003/2024(H5N1)	2007	3589
PB2|PP755596.1|A/cattle/Texas/24-008749-003/2024(H5N1)	2008	3519
PB2|PP755596.1|A/cattle/Texas/24-008749-003/2024(H5N1)	2009	3523
PB2|PP755596.1|A/cattle/Texas/24-008749-003/2024(H5N1)	2010	3530
PB2|PP755596.1|A/cattle/Texas/24-008749-003/2024(H5N1)	2011	3535
PB2|PP755596.1|A/cattle/Texas/24-008749-003/2024(H5N1)	2012	3600
PB2|PP755596.1|A/cattle/Texas/24-008749-003/2024(H5N1)	2013	3607
PB2|PP755596.1|A/cattle/Texas/24-008749-003/2024(H5N1)	2014	3610
PB2|PP755596.1|A/cattle/Texas/24-008749-003/2024(H5N1)	2015	3631
PB2|PP755596.1|A/cattle/Texas/24-008749-003/2024(H5N1)	2016	3622
PB2|PP755596.1|A/cattle/Texas/24-008749-003/2024(H5N1)	2017	3645
PB2|PP755596.1|A/cattle/Texas/24-008749-003/2024(H5N1)	2018	3674
PB2|PP755596.1|A/cattle/Texas/24-008749-003/2024(H5N1)	2019	3659
PB2|PP755596.1|A/cattle/Texas/24-008749-003/2024(H5N1)	2020	3655
PB2|PP755596.1|A/cattle/Texas/24-008749-003/2024(H5N1)	2021	3694
PB2|PP755596.1|A/cattle/Texas/24-008749-003/2024(H5N1)	2022	3690
PB2|PP755596.1|A/cattle/Texas/24-008749-003/2024(H5N1)	2023	3703
PB2|PP755596.1|A/cattle/Texas/24-008749-003/2024(H5N1)	2024	3650
PB2|PP755596.1|A/cattle/Texas/24-008749-003/2024(H5N1)	2025	3627
PB2|PP755596.1|A/cattle/Texas/24-008749-003/2024(H5N1)	2026	3626
PB2|PP755596.1|A/cattle/Texas/24-008749-003/2024(H5N1)	2027	3650
PB2|PP755596.1|A/cattle/Texas/24-008749-003/2024(H5N1)	2028	3659
PB2|PP755596.1|A/cattle/Texas/24-008749-003/2024(H5N1)	2029	3655
PB2|PP755596.1|A/cattle/Texas/24-008749-003/2024(H5N1)	2030	3623
PB2|PP755596.1|A/cattle/Texas/24-008749-003/2024(H5N1)	2031	3623
PB2|PP755596.1|A/cattle/Texas/24-008749-003/2024(H5N1)	2032	3615
PB2|PP755596.1|A/cattle/Texas/24-008749-003/2024(H5N1)	2033	3667
PB2|PP755596.1|A/cattle/Texas/24-008749-003/2024(H5N1)	2034	3648
PB2|PP755596.1|A/cattle/Texas/24-008749-003/2024(H5N1)	2035	3635
PB2|PP755596.1|A/cattle/Texas/24-008749-003/2024(H5N1)	2036	3594
PB2|PP755596.1|A/cattle/Texas/24-008749-003/2024(H5N1)	2037	3647
PB2|PP755596.1|A/cattle/Texas/24-008749-003/2024(H5N1)	2038	4532
PB2|PP755596.1|A/cattle/Texas/24-008749-003/2024(H5N1)	2039	4583
PB2|PP755596.1|A/cattle/Texas/24-008749-003/2024(H5N1)	2040	4584
PB2|PP755596.1|A/cattle/Texas/24-008749-003/2024(H5N1)	2041	4566
PB2|PP755596.1|A/cattle/Texas/24-008749-003/2024(H5N1)	2042	4549
PB2|PP755596.1|A/cattle/Texas/24-008749-003/2024(H5N1)	2043	4565
PB2|PP755596.1|A/cattle/Texas/24-008749-003/2024(H5N1)	2044	4564
PB2|PP755596.1|A/cattle/Texas/24-008749-003/2024(H5N1)	2045	4620
PB2|PP755596.1|A/cattle/Texas/24-008749-003/2024(H5N1)	2046	4679
PB2|PP755596.1|A/cattle/Texas/24-008749-003/2024(H5N1)	2047	4618
PB2|PP755596.1|A/cattle/Texas/24-008749-003/2024(H5N1)	2048	4615
PB2|PP755596.1|A/cattle/Texas/24-008749-003/2024(H5N1)	2049	4625
PB2|PP755596.1|A/cattle/Texas/24-008749-003/2024(H5N1)	2050	4659
PB2|PP755596.1|A/cattle/Texas/24-008749-003/2024(H5N1)	2051	4733
PB2|PP755596.1|A/cattle/Texas/24-008749-003/2024(H5N1)	2052	4744
PB2|PP755596.1|A/cattle/Texas/24-008749-003/2024(H5N1)	2053	4850
PB2|PP755596.1|A/cattle/Texas/24-008749-003/2024(H5N1)	2054	4894
PB2|PP755596.1|A/cattle/Texas/24-008749-003/2024(H5N1)	2055	4894
PB2|PP755596.1|A/cattle/Texas/24-008749-003/2024(H5N1)	2056	4897
PB2|PP755596.1|A/cattle/Texas/24-008749-003/2024(H5N1)	2057	4866
PB2|PP755596.1|A/cattle/Texas/24-008749-003/2024(H5N1)	2058	4847
PB2|PP755596.1|A/cattle/Texas/24-008749-003/2024(H5N1)	2059	6694
PB2|PP755596.1|A/cattle/Texas/24-008749-003/2024(H5N1)	2060	6662
PB2|PP755596.1|A/cattle/Texas/24-008749-003/2024(H5N1)	2061	6658
PB2|PP755596.1|A/cattle/Texas/24-008749-003/2024(H5N1)	2062	6674
PB2|PP755596.1|A/cattle/Texas/24-008749-003/2024(H5N1)	2063	6670
PB2|PP755596.1|A/cattle/Texas/24-008749-003/2024(H5N1)	2064	6675
PB2|PP755596.1|A/cattle/Texas/24-008749-003/2024(H5N1)	2065	6679
PB2|PP755596.1|A/cattle/Texas/24-008749-003/2024(H5N1)	2066	6645
PB2|PP755596.1|A/cattle/Texas/24-008749-003/2024(H5N1)	2067	6615
PB2|PP755596.1|A/cattle/Texas/24-008749-003/2024(H5N1)	2068	6730
PB2|PP755596.1|A/cattle/Texas/24-008749-003/2024(H5N1)	2069	6727
PB2|PP755596.1|A/cattle/Texas/24-008749-003/2024(H5N1)	2070	6712
PB2|PP755596.1|A/cattle/Texas/24-008749-003/2024(H5N1)	2071	6619
PB2|PP755596.1|A/cattle/Texas/24-008749-003/2024(H5N1)	2072	6565
PB2|PP755596.1|A/cattle/Texas/24-008749-003/2024(H5N1)	2073	6582
PB2|PP755596.1|A/cattle/Texas/24-008749-003/2024(H5N1)	2074	6556
PB2|PP755596.1|A/cattle/Texas/24-008749-003/2024(H5N1)	2075	6826
PB2|PP755596.1|A/cattle/Texas/24-008749-003/2024(H5N1)	2076	6896
PB2|PP755596.1|A/cattle/Texas/24-008749-003/2024(H5N1)	2077	6836
PB2|PP755596.1|A/cattle/Texas/24-008749-003/2024(H5N1)	2078	6904
PB2|PP755596.1|A/cattle/Texas/24-008749-003/2024(H5N1)	2079	7052
PB2|PP755596.1|A/cattle/Texas/24-008749-003/2024(H5N1)	2080	7643
PB2|PP755596.1|A/cattle/Texas/24-008749-003/2024(H5N1)	2081	7630
PB2|PP755596.1|A/cattle/Texas/24-008749-003/2024(H5N1)	2082	7688
PB2|PP755596.1|A/cattle/Texas/24-008749-003/2024(H5N1)	2083	7644
PB2|PP755596.1|A/cattle/Texas/24-008749-003/2024(H5N1)	2084	7653
PB2|PP755596.1|A/cattle/Texas/24-008749-003/2024(H5N1)	2085	7661
PB2|PP755596.1|A/cattle/Texas/24-008749-003/2024(H5N1)	2086	7729
PB2|PP755596.1|A/cattle/Texas/24-008749-003/2024(H5N1)	2087	7730
PB2|PP755596.1|A/cattle/Texas/24-008749-003/2024(H5N1)	2088	7859
PB2|PP755596.1|A/cattle/Texas/24-008749-003/2024(H5N1)	2089	7845
PB2|PP755596.1|A/cattle/Texas/24-008749-003/2024(H5N1)	2090	7840
PB2|PP755596.1|A/cattle/Texas/24-008749-003/2024(H5N1)	2091	7771
PB2|PP755596.1|A/cattle/Texas/24-008749-003/2024(H5N1)	2092	7768
PB2|PP755596.1|A/cattle/Texas/24-008749-003/2024(H5N1)	2093	7819
PB2|PP755596.1|A/cattle/Texas/24-008749-003/2024(H5N1)	2094	7767
PB2|PP755596.1|A/cattle/Texas/24-008749-003/2024(H5N1)	2095	7770
PB2|PP755596.1|A/cattle/Texas/24-008749-003/2024(H5N1)	2096	7965
PB2|PP755596.1|A/cattle/Texas/24-008749-003/2024(H5N1)	2097	7946
PB2|PP755596.1|A/cattle/Texas/24-008749-003/2024(H5N1)	2098	7983
PB2|PP755596.1|A/cattle/Texas/24-008749-003/2024(H5N1)	2099	8148
PB2|PP755596.1|A/cattle/Texas/24-008749-003/2024(H5N1)	2100	8141
PB2|PP755596.1|A/cattle/Texas/24-008749-003/2024(H5N1)	2101	8146
PB2|PP755596.1|A/cattle/Texas/24-008749-003/2024(H5N1)	2102	8137
PB2|PP755596.1|A/cattle/Texas/24-008749-003/2024(H5N1)	2103	8129
PB2|PP755596.1|A/cattle/Texas/24-008749-003/2024(H5N1)	2104	8121
PB2|PP755596.1|A/cattle/Texas/24-008749-003/2024(H5N1)	2105	8115
PB2|PP755596.1|A/cattle/Texas/24-008749-003/2024(H5N1)	2106	8076
PB2|PP755596.1|A/cattle/Texas/24-008749-003/2024(H5N1)	2107	8060
PB2|PP755596.1|A/cattle/Texas/24-008749-003/2024(H5N1)	2108	8017
PB2|PP755596.1|A/cattle/Texas/24-008749-003/2024(H5N1)	2109	8059
PB2|PP755596.1|A/cattle/Texas/24-008749-003/2024(H5N1)	2110	8011
PB2|PP755596.1|A/cattle/Texas/24-008749-003/2024(H5N1)	2111	8317
PB2|PP755596.1|A/cattle/Texas/24-008749-003/2024(H5N1)	2112	7346
PB2|PP755596.1|A/cattle/Texas/24-008749-003/2024(H5N1)	2113	7436
PB2|PP755596.1|A/cattle/Texas/24-008749-003/2024(H5N1)	2114	7303
PB2|PP755596.1|A/cattle/Texas/24-008749-003/2024(H5N1)	2115	7189
PB2|PP755596.1|A/cattle/Texas/24-008749-003/2024(H5N1)	2116	7188
PB2|PP755596.1|A/cattle/Texas/24-008749-003/2024(H5N1)	2117	7152
PB2|PP755596.1|A/cattle/Texas/24-008749-003/2024(H5N1)	2118	7037
PB2|PP755596.1|A/cattle/Texas/24-008749-003/2024(H5N1)	2119	7056
PB2|PP755596.1|A/cattle/Texas/24-008749-003/2024(H5N1)	2120	7025
PB2|PP755596.1|A/cattle/Texas/24-008749-003/2024(H5N1)	2121	7029
PB2|PP755596.1|A/cattle/Texas/24-008749-003/2024(H5N1)	2122	7030
PB2|PP755596.1|A/cattle/Texas/24-008749-003/2024(H5N1)	2123	7853
PB2|PP755596.1|A/cattle/Texas/24-008749-003/2024(H5N1)	2124	7875
PB2|PP755596.1|A/cattle/Texas/24-008749-003/2024(H5N1)	2125	7844
PB2|PP755596.1|A/cattle/Texas/24-008749-003/2024(H5N1)	2126	7876
PB2|PP755596.1|A/cattle/Texas/24-008749-003/2024(H5N1)	2127	7942
PB2|PP755596.1|A/cattle/Texas/24-008749-003/2024(H5N1)	2128	7822
PB2|PP755596.1|A/cattle/Texas/24-008749-003/2024(H5N1)	2129	7898
PB2|PP755596.1|A/cattle/Texas/24-008749-003/2024(H5N1)	2130	7930
PB2|PP755596.1|A/cattle/Texas/24-008749-003/2024(H5N1)	2131	7955
PB2|PP755596.1|A/cattle/Texas/24-008749-003/2024(H5N1)	2132	7950
PB2|PP755596.1|A/cattle/Texas/24-008749-003/2024(H5N1)	2133	7857
PB2|PP755596.1|A/cattle/Texas/24-008749-003/2024(H5N1)	2134	7858
PB2|PP755596.1|A/cattle/Texas/24-008749-003/2024(H5N1)	2135	7707
PB2|PP755596.1|A/cattle/Texas/24-008749-003/2024(H5N1)	2136	7674
PB2|PP755596.1|A/cattle/Texas/24-008749-003/2024(H5N1)	2137	7613
PB2|PP755596.1|A/cattle/Texas/24-008749-003/2024(H5N1)	2138	7492
PB2|PP755596.1|A/cattle/Texas/24-008749-003/2024(H5N1)	2139	7555
PB2|PP755596.1|A/cattle/Texas/24-008749-003/2024(H5N1)	2140	7554
PB2|PP755596.1|A/cattle/Texas/24-008749-003/2024(H5N1)	2141	7554
PB2|PP755596.1|A/cattle/Texas/24-008749-003/2024(H5N1)	2142	7549
PB2|PP755596.1|A/cattle/Texas/24-008749-003/2024(H5N1)	2143	7498
PB2|PP755596.1|A/cattle/Texas/24-008749-003/2024(H5N1)	2144	7471
PB2|PP755596.1|A/cattle/Texas/24-008749-003/2024(H5N1)	2145	7441
PB2|PP755596.1|A/cattle/Texas/24-008749-003/2024(H5N1)	2146	7385
PB2|PP755596.1|A/cattle/Texas/24-008749-003/2024(H5N1)	2147	7396
PB2|PP755596.1|A/cattle/Texas/24-008749-003/2024(H5N1)	2148	7561
PB2|PP755596.1|A/cattle/Texas/24-008749-003/2024(H5N1)	2149	7588
PB2|PP755596.1|A/cattle/Texas/24-008749-003/2024(H5N1)	2150	7605
PB2|PP755596.1|A/cattle/Texas/24-008749-003/2024(H5N1)	2151	7606
PB2|PP755596.1|A/cattle/Texas/24-008749-003/2024(H5N1)	2152	7642
PB2|PP755596.1|A/cattle/Texas/24-008749-003/2024(H5N1)	2153	7485
PB2|PP755596.1|A/cattle/Texas/24-008749-003/2024(H5N1)	2154	7516
PB2|PP755596.1|A/cattle/Texas/24-008749-003/2024(H5N1)	2155	7577
PB2|PP755596.1|A/cattle/Texas/24-008749-003/2024(H5N1)	2156	7581
PB2|PP755596.1|A/cattle/Texas/24-008749-003/2024(H5N1)	2157	7764
PB2|PP755596.1|A/cattle/Texas/24-008749-003/2024(H5N1)	2158	7778
PB2|PP755596.1|A/cattle/Texas/24-008749-003/2024(H5N1)	2159	7801
PB2|PP755596.1|A/cattle/Texas/24-008749-003/2024(H5N1)	2160	7796
PB2|PP755596.1|A/cattle/Texas/24-008749-003/2024(H5N1)	2161	7983
PB2|PP755596.1|A/cattle/Texas/24-008749-003/2024(H5N1)	2162	7981
PB2|PP755596.1|A/cattle/Texas/24-008749-003/2024(H5N1)	2163	7927
PB2|PP755596.1|A/cattle/Texas/24-008749-003/2024(H5N1)	2164	9173
PB2|PP755596.1|A/cattle/Texas/24-008749-003/2024(H5N1)	2165	9205
PB2|PP755596.1|A/cattle/Texas/24-008749-003/2024(H5N1)	2166	9183
PB2|PP755596.1|A/cattle/Texas/24-008749-003/2024(H5N1)	2167	9172
PB2|PP755596.1|A/cattle/Texas/24-008749-003/2024(H5N1)	2168	9246
PB2|PP755596.1|A/cattle/Texas/24-008749-003/2024(H5N1)	2169	9230
PB2|PP755596.1|A/cattle/Texas/24-008749-003/2024(H5N1)	2170	9254
PB2|PP755596.1|A/cattle/Texas/24-008749-003/2024(H5N1)	2171	8179
PB2|PP755596.1|A/cattle/Texas/24-008749-003/2024(H5N1)	2172	8066
PB2|PP755596.1|A/cattle/Texas/24-008749-003/2024(H5N1)	2173	7887
PB2|PP755596.1|A/cattle/Texas/24-008749-003/2024(H5N1)	2174	7862
PB2|PP755596.1|A/cattle/Texas/24-008749-003/2024(H5N1)	2175	7876
PB2|PP755596.1|A/cattle/Texas/24-008749-003/2024(H5N1)	2176	7855
PB2|PP755596.1|A/cattle/Texas/24-008749-003/2024(H5N1)	2177	7814
PB2|PP755596.1|A/cattle/Texas/24-008749-003/2024(H5N1)	2178	9016
PB2|PP755596.1|A/cattle/Texas/24-008749-003/2024(H5N1)	2179	8992
PB2|PP755596.1|A/cattle/Texas/24-008749-003/2024(H5N1)	2180	8984
PB2|PP755596.1|A/cattle/Texas/24-008749-003/2024(H5N1)	2181	8982
PB2|PP755596.1|A/cattle/Texas/24-008749-003/2024(H5N1)	2182	8963
PB2|PP755596.1|A/cattle/Texas/24-008749-003/2024(H5N1)	2183	8936
PB2|PP755596.1|A/cattle/Texas/24-008749-003/2024(H5N1)	2184	8876
PB2|PP755596.1|A/cattle/Texas/24-008749-003/2024(H5N1)	2185	8872
PB2|PP755596.1|A/cattle/Texas/24-008749-003/2024(H5N1)	2186	8895
PB2|PP755596.1|A/cattle/Texas/24-008749-003/2024(H5N1)	2187	8877
PB2|PP755596.1|A/cattle/Texas/24-008749-003/2024(H5N1)	2188	8800
PB2|PP755596.1|A/cattle/Texas/24-008749-003/2024(H5N1)	2189	8775
PB2|PP755596.1|A/cattle/Texas/24-008749-003/2024(H5N1)	2190	8763
PB2|PP755596.1|A/cattle/Texas/24-008749-003/2024(H5N1)	2191	8765
PB2|PP755596.1|A/cattle/Texas/24-008749-003/2024(H5N1)	2192	8761
PB2|PP755596.1|A/cattle/Texas/24-008749-003/2024(H5N1)	2193	8710
PB2|PP755596.1|A/cattle/Texas/24-008749-003/2024(H5N1)	2194	8719
PB2|PP755596.1|A/cattle/Texas/24-008749-003/2024(H5N1)	2195	8546
PB2|PP755596.1|A/cattle/Texas/24-008749-003/2024(H5N1)	2196	8523
PB2|PP755596.1|A/cattle/Texas/24-008749-003/2024(H5N1)	2197	8284
PB2|PP755596.1|A/cattle/Texas/24-008749-003/2024(H5N1)	2198	8209
PB2|PP755596.1|A/cattle/Texas/24-008749-003/2024(H5N1)	2199	8186
PB2|PP755596.1|A/cattle/Texas/24-008749-003/2024(H5N1)	2200	8145
PB2|PP755596.1|A/cattle/Texas/24-008749-003/2024(H5N1)	2201	8082
PB2|PP755596.1|A/cattle/Texas/24-008749-003/2024(H5N1)	2202	8020
PB2|PP755596.1|A/cattle/Texas/24-008749-003/2024(H5N1)	2203	7963
PB2|PP755596.1|A/cattle/Texas/24-008749-003/2024(H5N1)	2204	7837
PB2|PP755596.1|A/cattle/Texas/24-008749-003/2024(H5N1)	2205	7731
PB2|PP755596.1|A/cattle/Texas/24-008749-003/2024(H5N1)	2206	7681
PB2|PP755596.1|A/cattle/Texas/24-008749-003/2024(H5N1)	2207	7665
PB2|PP755596.1|A/cattle/Texas/24-008749-003/2024(H5N1)	2208	7659
PB2|PP755596.1|A/cattle/Texas/24-008749-003/2024(H5N1)	2209	7631
PB2|PP755596.1|A/cattle/Texas/24-008749-003/2024(H5N1)	2210	7631
PB2|PP755596.1|A/cattle/Texas/24-008749-003/2024(H5N1)	2211	7621
PB2|PP755596.1|A/cattle/Texas/24-008749-003/2024(H5N1)	2212	7579
PB2|PP755596.1|A/cattle/Texas/24-008749-003/2024(H5N1)	2213	7581
PB2|PP755596.1|A/cattle/Texas/24-008749-003/2024(H5N1)	2214	7530
PB2|PP755596.1|A/cattle/Texas/24-008749-003/2024(H5N1)	2215	7517
PB2|PP755596.1|A/cattle/Texas/24-008749-003/2024(H5N1)	2216	7515
PB2|PP755596.1|A/cattle/Texas/24-008749-003/2024(H5N1)	2217	7513
PB2|PP755596.1|A/cattle/Texas/24-008749-003/2024(H5N1)	2218	7495
PB2|PP755596.1|A/cattle/Texas/24-008749-003/2024(H5N1)	2219	7401
PB2|PP755596.1|A/cattle/Texas/24-008749-003/2024(H5N1)	2220	7371
PB2|PP755596.1|A/cattle/Texas/24-008749-003/2024(H5N1)	2221	7340
PB2|PP755596.1|A/cattle/Texas/24-008749-003/2024(H5N1)	2222	7382
PB2|PP755596.1|A/cattle/Texas/24-008749-003/2024(H5N1)	2223	7378
PB2|PP755596.1|A/cattle/Texas/24-008749-003/2024(H5N1)	2224	7363
PB2|PP755596.1|A/cattle/Texas/24-008749-003/2024(H5N1)	2225	7363
PB2|PP755596.1|A/cattle/Texas/24-008749-003/2024(H5N1)	2226	7273
PB2|PP755596.1|A/cattle/Texas/24-008749-003/2024(H5N1)	2227	7269
PB2|PP755596.1|A/cattle/Texas/24-008749-003/2024(H5N1)	2228	7243
PB2|PP755596.1|A/cattle/Texas/24-008749-003/2024(H5N1)	2229	7083
PB2|PP755596.1|A/cattle/Texas/24-008749-003/2024(H5N1)	2230	7091
PB2|PP755596.1|A/cattle/Texas/24-008749-003/2024(H5N1)	2231	6164
PB2|PP755596.1|A/cattle/Texas/24-008749-003/2024(H5N1)	2232	6156
PB2|PP755596.1|A/cattle/Texas/24-008749-003/2024(H5N1)	2233	6057
PB2|PP755596.1|A/cattle/Texas/24-008749-003/2024(H5N1)	2234	6038
PB2|PP755596.1|A/cattle/Texas/24-008749-003/2024(H5N1)	2235	6015
PB2|PP755596.1|A/cattle/Texas/24-008749-003/2024(H5N1)	2236	6010
PB2|PP755596.1|A/cattle/Texas/24-008749-003/2024(H5N1)	2237	5898
PB2|PP755596.1|A/cattle/Texas/24-008749-003/2024(H5N1)	2238	5932
PB2|PP755596.1|A/cattle/Texas/24-008749-003/2024(H5N1)	2239	5650
PB2|PP755596.1|A/cattle/Texas/24-008749-003/2024(H5N1)	2240	5677
PB2|PP755596.1|A/cattle/Texas/24-008749-003/2024(H5N1)	2241	5657
PB2|PP755596.1|A/cattle/Texas/24-008749-003/2024(H5N1)	2242	5649
PB2|PP755596.1|A/cattle/Texas/24-008749-003/2024(H5N1)	2243	5630
PB2|PP755596.1|A/cattle/Texas/24-008749-003/2024(H5N1)	2244	5628
PB2|PP755596.1|A/cattle/Texas/24-008749-003/2024(H5N1)	2245	5625
PB2|PP755596.1|A/cattle/Texas/24-008749-003/2024(H5N1)	2246	5619
PB2|PP755596.1|A/cattle/Texas/24-008749-003/2024(H5N1)	2247	5289
PB2|PP755596.1|A/cattle/Texas/24-008749-003/2024(H5N1)	2248	5290
PB2|PP755596.1|A/cattle/Texas/24-008749-003/2024(H5N1)	2249	5001
PB2|PP755596.1|A/cattle/Texas/24-008749-003/2024(H5N1)	2250	4998
PB2|PP755596.1|A/cattle/Texas/24-008749-003/2024(H5N1)	2251	4999
PB2|PP755596.1|A/cattle/Texas/24-008749-003/2024(H5N1)	2252	4982
PB2|PP755596.1|A/cattle/Texas/24-008749-003/2024(H5N1)	2253	4954
PB2|PP755596.1|A/cattle/Texas/24-008749-003/2024(H5N1)	2254	4936
PB2|PP755596.1|A/cattle/Texas/24-008749-003/2024(H5N1)	2255	4932
PB2|PP755596.1|A/cattle/Texas/24-008749-003/2024(H5N1)	2256	4925
PB2|PP755596.1|A/cattle/Texas/24-008749-003/2024(H5N1)	2257	4903
PB2|PP755596.1|A/cattle/Texas/24-008749-003/2024(H5N1)	2258	4883
PB2|PP755596.1|A/cattle/Texas/24-008749-003/2024(H5N1)	2259	4831
PB2|PP755596.1|A/cattle/Texas/24-008749-003/2024(H5N1)	2260	4727
PB2|PP755596.1|A/cattle/Texas/24-008749-003/2024(H5N1)	2261	4716
PB2|PP755596.1|A/cattle/Texas/24-008749-003/2024(H5N1)	2262	4715
PB2|PP755596.1|A/cattle/Texas/24-008749-003/2024(H5N1)	2263	4702
PB2|PP755596.1|A/cattle/Texas/24-008749-003/2024(H5N1)	2264	4681
PB2|PP755596.1|A/cattle/Texas/24-008749-003/2024(H5N1)	2265	4602
PB2|PP755596.1|A/cattle/Texas/24-008749-003/2024(H5N1)	2266	4594
PB2|PP755596.1|A/cattle/Texas/24-008749-003/2024(H5N1)	2267	4444
PB2|PP755596.1|A/cattle/Texas/24-008749-003/2024(H5N1)	2268	4408
PB2|PP755596.1|A/cattle/Texas/24-008749-003/2024(H5N1)	2269	4393
PB2|PP755596.1|A/cattle/Texas/24-008749-003/2024(H5N1)	2270	4326
PB2|PP755596.1|A/cattle/Texas/24-008749-003/2024(H5N1)	2271	4321
PB2|PP755596.1|A/cattle/Texas/24-008749-003/2024(H5N1)	2272	4305
PB2|PP755596.1|A/cattle/Texas/24-008749-003/2024(H5N1)	2273	4299
PB2|PP755596.1|A/cattle/Texas/24-008749-003/2024(H5N1)	2274	4279
PB2|PP755596.1|A/cattle/Texas/24-008749-003/2024(H5N1)	2275	4275
PB2|PP755596.1|A/cattle/Texas/24-008749-003/2024(H5N1)	2276	4269
PB2|PP755596.1|A/cattle/Texas/24-008749-003/2024(H5N1)	2277	4195
PB2|PP755596.1|A/cattle/Texas/24-008749-003/2024(H5N1)	2278	4080
PB2|PP755596.1|A/cattle/Texas/24-008749-003/2024(H5N1)	2279	3916
PB2|PP755596.1|A/cattle/Texas/24-008749-003/2024(H5N1)	2280	3852
