NP|PP755592.1|A/cattle/Texas/24-008749-003/2024(H5N1)	1	6991
NP|PP755592.1|A/cattle/Texas/24-008749-003/2024(H5N1)	2	7010
NP|PP755592.1|A/cattle/Texas/24-008749-003/2024(H5N1)	3	7025
NP|PP755592.1|A/cattle/Texas/24-008749-003/2024(H5N1)	4	7038
NP|PP755592.1|A/cattle/Texas/24-008749-003/2024(H5N1)	5	7064
NP|PP755592.1|A/cattle/Texas/24-008749-003/2024(H5N1)	6	7129
NP|PP755592.1|A/cattle/Texas/24-008749-003/2024(H5N1)	7	7338
NP|PP755592.1|A/cattle/Texas/24-008749-003/2024(H5N1)	8	7373
NP|PP755592.1|A/cattle/Texas/24-008749-003/2024(H5N1)	9	7393
NP|PP755592.1|A/cattle/Texas/24-008749-003/2024(H5N1)	10	7409
NP|PP755592.1|A/cattle/Texas/24-008749-003/2024(H5N1)	11	7423
NP|PP755592.1|A/cattle/Texas/24-008749-003/2024(H5N1)	12	7429
NP|PP755592.1|A/cattle/Texas/24-008749-003/2024(H5N1)	13	7466
NP|PP755592.1|A/cattle/Texas/24-008749-003/2024(H5N1)	14	7730
NP|PP755592.1|A/cattle/Texas/24-008749-003/2024(H5N1)	15	7758
NP|PP755592.1|A/cattle/Texas/24-008749-003/2024(H5N1)	16	7809
NP|PP755592.1|A/cattle/Texas/24-008749-003/2024(H5N1)	17	7867
NP|PP755592.1|A/cattle/Texas/24-008749-003/2024(H5N1)	18	7887
NP|PP755592.1|A/cattle/Texas/24-008749-003/2024(H5N1)	19	8019
NP|PP755592.1|A/cattle/Texas/24-008749-003/2024(H5N1)	20	8021
NP|PP755592.1|A/cattle/Texas/24-008749-003/2024(H5N1)	21	8032
NP|PP755592.1|A/cattle/Texas/24-008749-003/2024(H5N1)	22	8052
NP|PP755592.1|A/cattle/Texas/24-008749-003/2024(H5N1)	23	8046
NP|PP755592.1|A/cattle/Texas/24-008749-003/2024(H5N1)	24	8079
NP|PP755592.1|A/cattle/Texas/24-008749-003/2024(H5N1)	25	8079
NP|PP755592.1|A/cattle/Texas/24-008749-003/2024(H5N1)	26	8242
NP|PP755592.1|A/cattle/Texas/24-008749-003/2024(H5N1)	27	8420
NP|PP755592.1|A/cattle/Texas/24-008749-003/2024(H5N1)	28	8410
NP|PP755592.1|A/cattle/Texas/24-008749-003/2024(H5N1)	29	8429
NP|PP755592.1|A/cattle/Texas/24-008749-003/2024(H5N1)	30	8430
NP|PP755592.1|A/cattle/Texas/24-008749-003/2024(H5N1)	31	8464
NP|PP755592.1|A/cattle/Texas/24-008749-003/2024(H5N1)	32	8481
NP|PP755592.1|A/cattle/Texas/24-008749-003/2024(H5N1)	33	8480
NP|PP755592.1|A/cattle/Texas/24-008749-003/2024(H5N1)	34	8489
NP|PP755592.1|A/cattle/Texas/24-008749-003/2024(H5N1)	35	8553
NP|PP755592.1|A/cattle/Texas/24-008749-003/2024(H5N1)	36	8698
NP|PP755592.1|A/cattle/Texas/24-008749-003/2024(H5N1)	37	8744
NP|PP755592.1|A/cattle/Texas/24-008749-003/2024(H5N1)	38	8749
NP|PP755592.1|A/cattle/Texas/24-008749-003/2024(H5N1)	39	8766
NP|PP755592.1|A/cattle/Texas/24-008749-003/2024(H5N1)	40	8768
NP|PP755592.1|A/cattle/Texas/24-008749-003/2024(H5N1)	41	8781
NP|PP755592.1|A/cattle/Texas/24-008749-003/2024(H5N1)	42	8875
NP|PP755592.1|A/cattle/Texas/24-008749-003/2024(H5N1)	43	9003
NP|PP755592.1|A/cattle/Texas/24-008749-003/2024(H5N1)	44	9241
NP|PP755592.1|A/cattle/Texas/24-008749-003/2024(H5N1)	45	9251
NP|PP755592.1|A/cattle/Texas/24-008749-003/2024(H5N1)	46	9351
NP|PP755592.1|A/cattle/Texas/24-008749-003/2024(H5N1)	47	9365
NP|PP755592.1|A/cattle/Texas/24-008749-003/2024(H5N1)	48	9372
NP|PP755592.1|A/cattle/Texas/24-008749-003/2024(H5N1)	49	9384
NP|PP755592.1|A/cattle/Texas/24-008749-003/2024(H5N1)	50	9426
NP|PP755592.1|A/cattle/Texas/24-008749-003/2024(H5N1)	51	9438
NP|PP755592.1|A/cattle/Texas/24-008749-003/2024(H5N1)	52	9469
NP|PP755592.1|A/cattle/Texas/24-008749-003/2024(H5N1)	53	9555
NP|PP755592.1|A/cattle/Texas/24-008749-003/2024(H5N1)	54	9575
NP|PP755592.1|A/cattle/Texas/24-008749-003/2024(H5N1)	55	9725
NP|PP755592.1|A/cattle/Texas/24-008749-003/2024(H5N1)	56	9730
NP|PP755592.1|A/cattle/Texas/24-008749-003/2024(H5N1)	57	9853
NP|PP755592.1|A/cattle/Texas/24-008749-003/2024(H5N1)	58	9854
NP|PP755592.1|A/cattle/Texas/24-008749-003/2024(H5N1)	59	9881
NP|PP755592.1|A/cattle/Texas/24-008749-003/2024(H5N1)	60	9920
NP|PP755592.1|A/cattle/Texas/24-008749-003/2024(H5N1)	61	9984
NP|PP755592.1|A/cattle/Texas/24-008749-003/2024(H5N1)	62	10044
NP|PP755592.1|A/cattle/Texas/24-008749-003/2024(H5N1)	63	10045
NP|PP755592.1|A/cattle/Texas/24-008749-003/2024(H5N1)	64	10027
NP|PP755592.1|A/cattle/Texas/24-008749-003/2024(H5N1)	65	10052
NP|PP755592.1|A/cattle/Texas/24-008749-003/2024(H5N1)	66	10056
NP|PP755592.1|A/cattle/Texas/24-008749-003/2024(H5N1)	67	10260
NP|PP755592.1|A/cattle/Texas/24-008749-003/2024(H5N1)	68	10265
NP|PP755592.1|A/cattle/Texas/24-008749-003/2024(H5N1)	69	10330
NP|PP755592.1|A/cattle/Texas/24-008749-003/2024(H5N1)	70	10355
NP|PP755592.1|A/cattle/Texas/24-008749-003/2024(H5N1)	71	10361
NP|PP755592.1|A/cattle/Texas/24-008749-003/2024(H5N1)	72	10547
NP|PP755592.1|A/cattle/Texas/24-008749-003/2024(H5N1)	73	10548
NP|PP755592.1|A/cattle/Texas/24-008749-003/2024(H5N1)	74	10544
NP|PP755592.1|A/cattle/Texas/24-008749-003/2024(H5N1)	75	10548
NP|PP755592.1|A/cattle/Texas/24-008749-003/2024(H5N1)	76	10518
NP|PP755592.1|A/cattle/Texas/24-008749-003/2024(H5N1)	77	10598
NP|PP755592.1|A/cattle/Texas/24-008749-003/2024(H5N1)	78	10722
NP|PP755592.1|A/cattle/Texas/24-008749-003/2024(H5N1)	79	10723
NP|PP755592.1|A/cattle/Texas/24-008749-003/2024(H5N1)	80	10834
NP|PP755592.1|A/cattle/Texas/24-008749-003/2024(H5N1)	81	10817
NP|PP755592.1|A/cattle/Texas/24-008749-003/2024(H5N1)	82	10888
NP|PP755592.1|A/cattle/Texas/24-008749-003/2024(H5N1)	83	11027
NP|PP755592.1|A/cattle/Texas/24-008749-003/2024(H5N1)	84	11034
NP|PP755592.1|A/cattle/Texas/24-008749-003/2024(H5N1)	85	11150
NP|PP755592.1|A/cattle/Texas/24-008749-003/2024(H5N1)	86	11173
NP|PP755592.1|A/cattle/Texas/24-008749-003/2024(H5N1)	87	11174
NP|PP755592.1|A/cattle/Texas/24-008749-003/2024(H5N1)	88	11176
NP|PP755592.1|A/cattle/Texas/24-008749-003/2024(H5N1)	89	11254
NP|PP755592.1|A/cattle/Texas/24-008749-003/2024(H5N1)	90	11318
NP|PP755592.1|A/cattle/Texas/24-008749-003/2024(H5N1)	91	11303
NP|PP755592.1|A/cattle/Texas/24-008749-003/2024(H5N1)	92	11316
NP|PP755592.1|A/cattle/Texas/24-008749-003/2024(H5N1)	93	11381
NP|PP755592.1|A/cattle/Texas/24-008749-003/2024(H5N1)	94	11377
NP|PP755592.1|A/cattle/Texas/24-008749-003/2024(H5N1)	95	11394
NP|PP755592.1|A/cattle/Texas/24-008749-003/2024(H5N1)	96	11418
NP|PP755592.1|A/cattle/Texas/24-008749-003/2024(H5N1)	97	11440
NP|PP755592.1|A/cattle/Texas/24-008749-003/2024(H5N1)	98	11412
NP|PP755592.1|A/cattle/Texas/24-008749-003/2024(H5N1)	99	11516
NP|PP755592.1|A/cattle/Texas/24-008749-003/2024(H5N1)	100	11517
NP|PP755592.1|A/cattle/Texas/24-008749-003/2024(H5N1)	101	11512
NP|PP755592.1|A/cattle/Texas/24-008749-003/2024(H5N1)	102	11543
NP|PP755592.1|A/cattle/Texas/24-008749-003/2024(H5N1)	103	11546
NP|PP755592.1|A/cattle/Texas/24-008749-003/2024(H5N1)	104	11535
NP|PP755592.1|A/cattle/Texas/24-008749-003/2024(H5N1)	105	11896
NP|PP755592.1|A/cattle/Texas/24-008749-003/2024(H5N1)	106	10463
NP|PP755592.1|A/cattle/Texas/24-008749-003/2024(H5N1)	107	10044
NP|PP755592.1|A/cattle/Texas/24-008749-003/2024(H5N1)	108	9471
NP|PP755592.1|A/cattle/Texas/24-008749-003/2024(H5N1)	109	9492
NP|PP755592.1|A/cattle/Texas/24-008749-003/2024(H5N1)	110	9929
NP|PP755592.1|A/cattle/Texas/24-008749-003/2024(H5N1)	111	9919
NP|PP755592.1|A/cattle/Texas/24-008749-003/2024(H5N1)	112	9915
NP|PP755592.1|A/cattle/Texas/24-008749-003/2024(H5N1)	113	9924
NP|PP755592.1|A/cattle/Texas/24-008749-003/2024(H5N1)	114	10071
NP|PP755592.1|A/cattle/Texas/24-008749-003/2024(H5N1)	115	10097
NP|PP755592.1|A/cattle/Texas/24-008749-003/2024(H5N1)	116	10222
NP|PP755592.1|A/cattle/Texas/24-008749-003/2024(H5N1)	117	9559
NP|PP755592.1|A/cattle/Texas/24-008749-003/2024(H5N1)	118	9554
NP|PP755592.1|A/cattle/Texas/24-008749-003/2024(H5N1)	119	10065
NP|PP755592.1|A/cattle/Texas/24-008749-003/2024(H5N1)	120	10100
NP|PP755592.1|A/cattle/Texas/24-008749-003/2024(H5N1)	121	10349
NP|PP755592.1|A/cattle/Texas/24-008749-003/2024(H5N1)	122	10109
NP|PP755592.1|A/cattle/Texas/24-008749-003/2024(H5N1)	123	10054
NP|PP755592.1|A/cattle/Texas/24-008749-003/2024(H5N1)	124	10102
NP|PP755592.1|A/cattle/Texas/24-008749-003/2024(H5N1)	125	10061
NP|PP755592.1|A/cattle/Texas/24-008749-003/2024(H5N1)	126	10734
NP|PP755592.1|A/cattle/Texas/24-008749-003/2024(H5N1)	127	10876
NP|PP755592.1|A/cattle/Texas/24-008749-003/2024(H5N1)	128	10803
NP|PP755592.1|A/cattle/Texas/24-008749-003/2024(H5N1)	129	10811
NP|PP755592.1|A/cattle/Texas/24-008749-003/2024(H5N1)	130	10636
NP|PP755592.1|A/cattle/Texas/24-008749-003/2024(H5N1)	131	10772
NP|PP755592.1|A/cattle/Texas/24-008749-003/2024(H5N1)	132	10743
NP|PP755592.1|A/cattle/Texas/24-008749-003/2024(H5N1)	133	10761
NP|PP755592.1|A/cattle/Texas/24-008749-003/2024(H5N1)	134	10464
NP|PP755592.1|A/cattle/Texas/24-008749-003/2024(H5N1)	135	10134
NP|PP755592.1|A/cattle/Texas/24-008749-003/2024(H5N1)	136	10317
NP|PP755592.1|A/cattle/Texas/24-008749-003/2024(H5N1)	137	10332
NP|PP755592.1|A/cattle/Texas/24-008749-003/2024(H5N1)	138	10448
NP|PP755592.1|A/cattle/Texas/24-008749-003/2024(H5N1)	139	10498
NP|PP755592.1|A/cattle/Texas/24-008749-003/2024(H5N1)	140	10455
NP|PP755592.1|A/cattle/Texas/24-008749-003/2024(H5N1)	141	10212
NP|PP755592.1|A/cattle/Texas/24-008749-003/2024(H5N1)	142	10211
NP|PP755592.1|A/cattle/Texas/24-008749-003/2024(H5N1)	143	10124
NP|PP755592.1|A/cattle/Texas/24-008749-003/2024(H5N1)	144	10408
NP|PP755592.1|A/cattle/Texas/24-008749-003/2024(H5N1)	145	10285
NP|PP755592.1|A/cattle/Texas/24-008749-003/2024(H5N1)	146	10329
NP|PP755592.1|A/cattle/Texas/24-008749-003/2024(H5N1)	147	10116
NP|PP755592.1|A/cattle/Texas/24-008749-003/2024(H5N1)	148	10022
NP|PP755592.1|A/cattle/Texas/24-008749-003/2024(H5N1)	149	10137
NP|PP755592.1|A/cattle/Texas/24-008749-003/2024(H5N1)	150	10183
NP|PP755592.1|A/cattle/Texas/24-008749-003/2024(H5N1)	151	10281
NP|PP755592.1|A/cattle/Texas/24-008749-003/2024(H5N1)	152	10638
NP|PP755592.1|A/cattle/Texas/24-008749-003/2024(H5N1)	153	10681
NP|PP755592.1|A/cattle/Texas/24-008749-003/2024(H5N1)	154	10716
NP|PP755592.1|A/cattle/Texas/24-008749-003/2024(H5N1)	155	10733
NP|PP755592.1|A/cattle/Texas/24-008749-003/2024(H5N1)	156	10696
NP|PP755592.1|A/cattle/Texas/24-008749-003/2024(H5N1)	157	10706
NP|PP755592.1|A/cattle/Texas/24-008749-003/2024(H5N1)	158	10694
NP|PP755592.1|A/cattle/Texas/24-008749-003/2024(H5N1)	159	10669
NP|PP755592.1|A/cattle/Texas/24-008749-003/2024(H5N1)	160	10683
NP|PP755592.1|A/cattle/Texas/24-008749-003/2024(H5N1)	161	10675
NP|PP755592.1|A/cattle/Texas/24-008749-003/2024(H5N1)	162	10671
NP|PP755592.1|A/cattle/Texas/24-008749-003/2024(H5N1)	163	10650
NP|PP755592.1|A/cattle/Texas/24-008749-003/2024(H5N1)	164	10653
NP|PP755592.1|A/cattle/Texas/24-008749-003/2024(H5N1)	165	10473
NP|PP755592.1|A/cattle/Texas/24-008749-003/2024(H5N1)	166	10406
NP|PP755592.1|A/cattle/Texas/24-008749-003/2024(H5N1)	167	10366
NP|PP755592.1|A/cattle/Texas/24-008749-003/2024(H5N1)	168	10429
NP|PP755592.1|A/cattle/Texas/24-008749-003/2024(H5N1)	169	10753
NP|PP755592.1|A/cattle/Texas/24-008749-003/2024(H5N1)	170	10665
NP|PP755592.1|A/cattle/Texas/24-008749-003/2024(H5N1)	171	10666
NP|PP755592.1|A/cattle/Texas/24-008749-003/2024(H5N1)	172	10683
NP|PP755592.1|A/cattle/Texas/24-008749-003/2024(H5N1)	173	10658
NP|PP755592.1|A/cattle/Texas/24-008749-003/2024(H5N1)	174	10686
NP|PP755592.1|A/cattle/Texas/24-008749-003/2024(H5N1)	175	10672
NP|PP755592.1|A/cattle/Texas/24-008749-003/2024(H5N1)	176	10671
NP|PP755592.1|A/cattle/Texas/24-008749-003/2024(H5N1)	177	10659
NP|PP755592.1|A/cattle/Texas/24-008749-003/2024(H5N1)	178	10462
NP|PP755592.1|A/cattle/Texas/24-008749-003/2024(H5N1)	179	10570
NP|PP755592.1|A/cattle/Texas/24-008749-003/2024(H5N1)	180	10754
NP|PP755592.1|A/cattle/Texas/24-008749-003/2024(H5N1)	181	10754
NP|PP755592.1|A/cattle/Texas/24-008749-003/2024(H5N1)	182	10750
NP|PP755592.1|A/cattle/Texas/24-008749-003/2024(H5N1)	183	10754
NP|PP755592.1|A/cattle/Texas/24-008749-003/2024(H5N1)	184	10911
NP|PP755592.1|A/cattle/Texas/24-008749-003/2024(H5N1)	185	11192
NP|PP755592.1|A/cattle/Texas/24-008749-003/2024(H5N1)	186	11247
NP|PP755592.1|A/cattle/Texas/24-008749-003/2024(H5N1)	187	11271
NP|PP755592.1|A/cattle/Texas/24-008749-003/2024(H5N1)	188	11247
NP|PP755592.1|A/cattle/Texas/24-008749-003/2024(H5N1)	189	11256
NP|PP755592.1|A/cattle/Texas/24-008749-003/2024(H5N1)	190	11255
NP|PP755592.1|A/cattle/Texas/24-008749-003/2024(H5N1)	191	11260
NP|PP755592.1|A/cattle/Texas/24-008749-003/2024(H5N1)	192	11270
NP|PP755592.1|A/cattle/Texas/24-008749-003/2024(H5N1)	193	11173
NP|PP755592.1|A/cattle/Texas/24-008749-003/2024(H5N1)	194	11194
NP|PP755592.1|A/cattle/Texas/24-008749-003/2024(H5N1)	195	11198
NP|PP755592.1|A/cattle/Texas/24-008749-003/2024(H5N1)	196	11195
NP|PP755592.1|A/cattle/Texas/24-008749-003/2024(H5N1)	197	11096
NP|PP755592.1|A/cattle/Texas/24-008749-003/2024(H5N1)	198	11124
NP|PP755592.1|A/cattle/Texas/24-008749-003/2024(H5N1)	199	11222
NP|PP755592.1|A/cattle/Texas/24-008749-003/2024(H5N1)	200	11206
NP|PP755592.1|A/cattle/Texas/24-008749-003/2024(H5N1)	201	11275
NP|PP755592.1|A/cattle/Texas/24-008749-003/2024(H5N1)	202	11272
NP|PP755592.1|A/cattle/Texas/24-008749-003/2024(H5N1)	203	11726
NP|PP755592.1|A/cattle/Texas/24-008749-003/2024(H5N1)	204	11595
NP|PP755592.1|A/cattle/Texas/24-008749-003/2024(H5N1)	205	11581
NP|PP755592.1|A/cattle/Texas/24-008749-003/2024(H5N1)	206	11582
NP|PP755592.1|A/cattle/Texas/24-008749-003/2024(H5N1)	207	11531
NP|PP755592.1|A/cattle/Texas/24-008749-003/2024(H5N1)	208	11632
NP|PP755592.1|A/cattle/Texas/24-008749-003/2024(H5N1)	209	11687
NP|PP755592.1|A/cattle/Texas/24-008749-003/2024(H5N1)	210	11654
NP|PP755592.1|A/cattle/Texas/24-008749-003/2024(H5N1)	211	11702
NP|PP755592.1|A/cattle/Texas/24-008749-003/2024(H5N1)	212	11681
NP|PP755592.1|A/cattle/Texas/24-008749-003/2024(H5N1)	213	11630
NP|PP755592.1|A/cattle/Texas/24-008749-003/2024(H5N1)	214	11700
NP|PP755592.1|A/cattle/Texas/24-008749-003/2024(H5N1)	215	11689
NP|PP755592.1|A/cattle/Texas/24-008749-003/2024(H5N1)	216	11661
NP|PP755592.1|A/cattle/Texas/24-008749-003/2024(H5N1)	217	11656
NP|PP755592.1|A/cattle/Texas/24-008749-003/2024(H5N1)	218	11451
NP|PP755592.1|A/cattle/Texas/24-008749-003/2024(H5N1)	219	11719
NP|PP755592.1|A/cattle/Texas/24-008749-003/2024(H5N1)	220	11677
NP|PP755592.1|A/cattle/Texas/24-008749-003/2024(H5N1)	221	11915
NP|PP755592.1|A/cattle/Texas/24-008749-003/2024(H5N1)	222	11963
NP|PP755592.1|A/cattle/Texas/24-008749-003/2024(H5N1)	223	11799
NP|PP755592.1|A/cattle/Texas/24-008749-003/2024(H5N1)	224	11824
NP|PP755592.1|A/cattle/Texas/24-008749-003/2024(H5N1)	225	12020
NP|PP755592.1|A/cattle/Texas/24-008749-003/2024(H5N1)	226	12077
NP|PP755592.1|A/cattle/Texas/24-008749-003/2024(H5N1)	227	12140
NP|PP755592.1|A/cattle/Texas/24-008749-003/2024(H5N1)	228	11971
NP|PP755592.1|A/cattle/Texas/24-008749-003/2024(H5N1)	229	11991
NP|PP755592.1|A/cattle/Texas/24-008749-003/2024(H5N1)	230	11977
NP|PP755592.1|A/cattle/Texas/24-008749-003/2024(H5N1)	231	12033
NP|PP755592.1|A/cattle/Texas/24-008749-003/2024(H5N1)	232	12082
NP|PP755592.1|A/cattle/Texas/24-008749-003/2024(H5N1)	233	12080
NP|PP755592.1|A/cattle/Texas/24-008749-003/2024(H5N1)	234	11949
NP|PP755592.1|A/cattle/Texas/24-008749-003/2024(H5N1)	235	11854
NP|PP755592.1|A/cattle/Texas/24-008749-003/2024(H5N1)	236	11856
NP|PP755592.1|A/cattle/Texas/24-008749-003/2024(H5N1)	237	11835
NP|PP755592.1|A/cattle/Texas/24-008749-003/2024(H5N1)	238	11852
NP|PP755592.1|A/cattle/Texas/24-008749-003/2024(H5N1)	239	12282
NP|PP755592.1|A/cattle/Texas/24-008749-003/2024(H5N1)	240	12136
NP|PP755592.1|A/cattle/Texas/24-008749-003/2024(H5N1)	241	12245
NP|PP755592.1|A/cattle/Texas/24-008749-003/2024(H5N1)	242	12284
NP|PP755592.1|A/cattle/Texas/24-008749-003/2024(H5N1)	243	12295
NP|PP755592.1|A/cattle/Texas/24-008749-003/2024(H5N1)	244	12337
NP|PP755592.1|A/cattle/Texas/24-008749-003/2024(H5N1)	245	12335
NP|PP755592.1|A/cattle/Texas/24-008749-003/2024(H5N1)	246	12693
NP|PP755592.1|A/cattle/Texas/24-008749-003/2024(H5N1)	247	12842
NP|PP755592.1|A/cattle/Texas/24-008749-003/2024(H5N1)	248	12846
NP|PP755592.1|A/cattle/Texas/24-008749-003/2024(H5N1)	249	12842
NP|PP755592.1|A/cattle/Texas/24-008749-003/2024(H5N1)	250	12736
NP|PP755592.1|A/cattle/Texas/24-008749-003/2024(H5N1)	251	13282
NP|PP755592.1|A/cattle/Texas/24-008749-003/2024(H5N1)	252	13344
NP|PP755592.1|A/cattle/Texas/24-008749-003/2024(H5N1)	253	13542
NP|PP755592.1|A/cattle/Texas/24-008749-003/2024(H5N1)	254	13558
NP|PP755592.1|A/cattle/Texas/24-008749-003/2024(H5N1)	255	13135
NP|PP755592.1|A/cattle/Texas/24-008749-003/2024(H5N1)	256	13178
NP|PP755592.1|A/cattle/Texas/24-008749-003/2024(H5N1)	257	13175
NP|PP755592.1|A/cattle/Texas/24-008749-003/2024(H5N1)	258	13217
NP|PP755592.1|A/cattle/Texas/24-008749-003/2024(H5N1)	259	13200
NP|PP755592.1|A/cattle/Texas/24-008749-003/2024(H5N1)	260	12727
NP|PP755592.1|A/cattle/Texas/24-008749-003/2024(H5N1)	261	12744
NP|PP755592.1|A/cattle/Texas/24-008749-003/2024(H5N1)	262	12708
NP|PP755592.1|A/cattle/Texas/24-008749-003/2024(H5N1)	263	12834
NP|PP755592.1|A/cattle/Texas/24-008749-003/2024(H5N1)	264	12835
NP|PP755592.1|A/cattle/Texas/24-008749-003/2024(H5N1)	265	12694
NP|PP755592.1|A/cattle/Texas/24-008749-003/2024(H5N1)	266	12587
NP|PP755592.1|A/cattle/Texas/24-008749-003/2024(H5N1)	267	12610
NP|PP755592.1|A/cattle/Texas/24-008749-003/2024(H5N1)	268	12602
NP|PP755592.1|A/cattle/Texas/24-008749-003/2024(H5N1)	269	12603
NP|PP755592.1|A/cattle/Texas/24-008749-003/2024(H5N1)	270	12179
NP|PP755592.1|A/cattle/Texas/24-008749-003/2024(H5N1)	271	12133
NP|PP755592.1|A/cattle/Texas/24-008749-003/2024(H5N1)	272	11921
NP|PP755592.1|A/cattle/Texas/24-008749-003/2024(H5N1)	273	11998
NP|PP755592.1|A/cattle/Texas/24-008749-003/2024(H5N1)	274	11939
NP|PP755592.1|A/cattle/Texas/24-008749-003/2024(H5N1)	275	11008
NP|PP755592.1|A/cattle/Texas/24-008749-003/2024(H5N1)	276	10919
NP|PP755592.1|A/cattle/Texas/24-008749-003/2024(H5N1)	277	10907
NP|PP755592.1|A/cattle/Texas/24-008749-003/2024(H5N1)	278	10970
NP|PP755592.1|A/cattle/Texas/24-008749-003/2024(H5N1)	279	10833
NP|PP755592.1|A/cattle/Texas/24-008749-003/2024(H5N1)	280	10989
NP|PP755592.1|A/cattle/Texas/24-008749-003/2024(H5N1)	281	11055
NP|PP755592.1|A/cattle/Texas/24-008749-003/2024(H5N1)	282	10927
NP|PP755592.1|A/cattle/Texas/24-008749-003/2024(H5N1)	283	10982
NP|PP755592.1|A/cattle/Texas/24-008749-003/2024(H5N1)	284	10922
NP|PP755592.1|A/cattle/Texas/24-008749-003/2024(H5N1)	285	10925
NP|PP755592.1|A/cattle/Texas/24-008749-003/2024(H5N1)	286	11183
NP|PP755592.1|A/cattle/Texas/24-008749-003/2024(H5N1)	287	11126
NP|PP755592.1|A/cattle/Texas/24-008749-003/2024(H5N1)	288	10889
NP|PP755592.1|A/cattle/Texas/24-008749-003/2024(H5N1)	289	10858
NP|PP755592.1|A/cattle/Texas/24-008749-003/2024(H5N1)	290	10771
NP|PP755592.1|A/cattle/Texas/24-008749-003/2024(H5N1)	291	10795
NP|PP755592.1|A/cattle/Texas/24-008749-003/2024(H5N1)	292	10737
NP|PP755592.1|A/cattle/Texas/24-008749-003/2024(H5N1)	293	11091
NP|PP755592.1|A/cattle/Texas/24-008749-003/2024(H5N1)	294	11164
NP|PP755592.1|A/cattle/Texas/24-008749-003/2024(H5N1)	295	10888
NP|PP755592.1|A/cattle/Texas/24-008749-003/2024(H5N1)	296	10872
NP|PP755592.1|A/cattle/Texas/24-008749-003/2024(H5N1)	297	11170
NP|PP755592.1|A/cattle/Texas/24-008749-003/2024(H5N1)	298	11193
NP|PP755592.1|A/cattle/Texas/24-008749-003/2024(H5N1)	299	11216
NP|PP755592.1|A/cattle/Texas/24-008749-003/2024(H5N1)	300	11106
NP|PP755592.1|A/cattle/Texas/24-008749-003/2024(H5N1)	301	11120
NP|PP755592.1|A/cattle/Texas/24-008749-003/2024(H5N1)	302	10924
NP|PP755592.1|A/cattle/Texas/24-008749-003/2024(H5N1)	303	10899
NP|PP755592.1|A/cattle/Texas/24-008749-003/2024(H5N1)	304	10882
NP|PP755592.1|A/cattle/Texas/24-008749-003/2024(H5N1)	305	10855
NP|PP755592.1|A/cattle/Texas/24-008749-003/2024(H5N1)	306	10880
NP|PP755592.1|A/cattle/Texas/24-008749-003/2024(H5N1)	307	11147
NP|PP755592.1|A/cattle/Texas/24-008749-003/2024(H5N1)	308	11130
NP|PP755592.1|A/cattle/Texas/24-008749-003/2024(H5N1)	309	11012
NP|PP755592.1|A/cattle/Texas/24-008749-003/2024(H5N1)	310	11039
NP|PP755592.1|A/cattle/Texas/24-008749-003/2024(H5N1)	311	11065
NP|PP755592.1|A/cattle/Texas/24-008749-003/2024(H5N1)	312	11085
NP|PP755592.1|A/cattle/Texas/24-008749-003/2024(H5N1)	313	11173
NP|PP755592.1|A/cattle/Texas/24-008749-003/2024(H5N1)	314	11168
NP|PP755592.1|A/cattle/Texas/24-008749-003/2024(H5N1)	315	11137
NP|PP755592.1|A/cattle/Texas/24-008749-003/2024(H5N1)	316	11194
NP|PP755592.1|A/cattle/Texas/24-008749-003/2024(H5N1)	317	11218
NP|PP755592.1|A/cattle/Texas/24-008749-003/2024(H5N1)	318	11216
NP|PP755592.1|A/cattle/Texas/24-008749-003/2024(H5N1)	319	11292
NP|PP755592.1|A/cattle/Texas/24-008749-003/2024(H5N1)	320	11217
NP|PP755592.1|A/cattle/Texas/24-008749-003/2024(H5N1)	321	11225
NP|PP755592.1|A/cattle/Texas/24-008749-003/2024(H5N1)	322	11244
NP|PP755592.1|A/cattle/Texas/24-008749-003/2024(H5N1)	323	11236
NP|PP755592.1|A/cattle/Texas/24-008749-003/2024(H5N1)	324	11246
NP|PP755592.1|A/cattle/Texas/24-008749-003/2024(H5N1)	325	11317
NP|PP755592.1|A/cattle/Texas/24-008749-003/2024(H5N1)	326	11340
NP|PP755592.1|A/cattle/Texas/24-008749-003/2024(H5N1)	327	11214
NP|PP755592.1|A/cattle/Texas/24-008749-003/2024(H5N1)	328	11280
NP|PP755592.1|A/cattle/Texas/24-008749-003/2024(H5N1)	329	11207
NP|PP755592.1|A/cattle/Texas/24-008749-003/2024(H5N1)	330	11480
NP|PP755592.1|A/cattle/Texas/24-008749-003/2024(H5N1)	331	11521
NP|PP755592.1|A/cattle/Texas/24-008749-003/2024(H5N1)	332	11530
NP|PP755592.1|A/cattle/Texas/24-008749-003/2024(H5N1)	333	11520
NP|PP755592.1|A/cattle/Texas/24-008749-003/2024(H5N1)	334	11501
NP|PP755592.1|A/cattle/Texas/24-008749-003/2024(H5N1)	335	11540
NP|PP755592.1|A/cattle/Texas/24-008749-003/2024(H5N1)	336	11298
NP|PP755592.1|A/cattle/Texas/24-008749-003/2024(H5N1)	337	11445
NP|PP755592.1|A/cattle/Texas/24-008749-003/2024(H5N1)	338	11581
NP|PP755592.1|A/cattle/Texas/24-008749-003/2024(H5N1)	339	11556
NP|PP755592.1|A/cattle/Texas/24-008749-003/2024(H5N1)	340	11630
NP|PP755592.1|A/cattle/Texas/24-008749-003/2024(H5N1)	341	11743
NP|PP755592.1|A/cattle/Texas/24-008749-003/2024(H5N1)	342	11727
NP|PP755592.1|A/cattle/Texas/24-008749-003/2024(H5N1)	343	11775
NP|PP755592.1|A/cattle/Texas/24-008749-003/2024(H5N1)	344	11704
NP|PP755592.1|A/cattle/Texas/24-008749-003/2024(H5N1)	345	12140
NP|PP755592.1|A/cattle/Texas/24-008749-003/2024(H5N1)	346	12233
NP|PP755592.1|A/cattle/Texas/24-008749-003/2024(H5N1)	347	12287
NP|PP755592.1|A/cattle/Texas/24-008749-003/2024(H5N1)	348	12257
NP|PP755592.1|A/cattle/Texas/24-008749-003/2024(H5N1)	349	12142
NP|PP755592.1|A/cattle/Texas/24-008749-003/2024(H5N1)	350	12160
NP|PP755592.1|A/cattle/Texas/24-008749-003/2024(H5N1)	351	12227
NP|PP755592.1|A/cattle/Texas/24-008749-003/2024(H5N1)	352	12101
NP|PP755592.1|A/cattle/Texas/24-008749-003/2024(H5N1)	353	12092
NP|PP755592.1|A/cattle/Texas/24-008749-003/2024(H5N1)	354	11898
NP|PP755592.1|A/cattle/Texas/24-008749-003/2024(H5N1)	355	11886
NP|PP755592.1|A/cattle/Texas/24-008749-003/2024(H5N1)	356	11895
NP|PP755592.1|A/cattle/Texas/24-008749-003/2024(H5N1)	357	11978
NP|PP755592.1|A/cattle/Texas/24-008749-003/2024(H5N1)	358	11980
NP|PP755592.1|A/cattle/Texas/24-008749-003/2024(H5N1)	359	11804
NP|PP755592.1|A/cattle/Texas/24-008749-003/2024(H5N1)	360	11795
NP|PP755592.1|A/cattle/Texas/24-008749-003/2024(H5N1)	361	11726
NP|PP755592.1|A/cattle/Texas/24-008749-003/2024(H5N1)	362	11720
NP|PP755592.1|A/cattle/Texas/24-008749-003/2024(H5N1)	363	11827
NP|PP755592.1|A/cattle/Texas/24-008749-003/2024(H5N1)	364	12123
NP|PP755592.1|A/cattle/Texas/24-008749-003/2024(H5N1)	365	12124
NP|PP755592.1|A/cattle/Texas/24-008749-003/2024(H5N1)	366	12192
NP|PP755592.1|A/cattle/Texas/24-008749-003/2024(H5N1)	367	12260
NP|PP755592.1|A/cattle/Texas/24-008749-003/2024(H5N1)	368	12036
NP|PP755592.1|A/cattle/Texas/24-008749-003/2024(H5N1)	369	12148
NP|PP755592.1|A/cattle/Texas/24-008749-003/2024(H5N1)	370	12180
NP|PP755592.1|A/cattle/Texas/24-008749-003/2024(H5N1)	371	12226
NP|PP755592.1|A/cattle/Texas/24-008749-003/2024(H5N1)	372	12282
NP|PP755592.1|A/cattle/Texas/24-008749-003/2024(H5N1)	373	12349
NP|PP755592.1|A/cattle/Texas/24-008749-003/2024(H5N1)	374	12925
NP|PP755592.1|A/cattle/Texas/24-008749-003/2024(H5N1)	375	12928
NP|PP755592.1|A/cattle/Texas/24-008749-003/2024(H5N1)	376	12793
NP|PP755592.1|A/cattle/Texas/24-008749-003/2024(H5N1)	377	12795
NP|PP755592.1|A/cattle/Texas/24-008749-003/2024(H5N1)	378	12742
NP|PP755592.1|A/cattle/Texas/24-008749-003/2024(H5N1)	379	12724
NP|PP755592.1|A/cattle/Texas/24-008749-003/2024(H5N1)	380	12620
NP|PP755592.1|A/cattle/Texas/24-008749-003/2024(H5N1)	381	13218
NP|PP755592.1|A/cattle/Texas/24-008749-003/2024(H5N1)	382	13171
NP|PP755592.1|A/cattle/Texas/24-008749-003/2024(H5N1)	383	13491
NP|PP755592.1|A/cattle/Texas/24-008749-003/2024(H5N1)	384	13458
NP|PP755592.1|A/cattle/Texas/24-008749-003/2024(H5N1)	385	13441
NP|PP755592.1|A/cattle/Texas/24-008749-003/2024(H5N1)	386	13452
NP|PP755592.1|A/cattle/Texas/24-008749-003/2024(H5N1)	387	13444
NP|PP755592.1|A/cattle/Texas/24-008749-003/2024(H5N1)	388	13444
NP|PP755592.1|A/cattle/Texas/24-008749-003/2024(H5N1)	389	13453
NP|PP755592.1|A/cattle/Texas/24-008749-003/2024(H5N1)	390	12966
NP|PP755592.1|A/cattle/Texas/24-008749-003/2024(H5N1)	391	12966
NP|PP755592.1|A/cattle/Texas/24-008749-003/2024(H5N1)	392	12967
NP|PP755592.1|A/cattle/Texas/24-008749-003/2024(H5N1)	393	12946
NP|PP755592.1|A/cattle/Texas/24-008749-003/2024(H5N1)	394	13048
NP|PP755592.1|A/cattle/Texas/24-008749-003/2024(H5N1)	395	13069
NP|PP755592.1|A/cattle/Texas/24-008749-003/2024(H5N1)	396	13067
NP|PP755592.1|A/cattle/Texas/24-008749-003/2024(H5N1)	397	12784
NP|PP755592.1|A/cattle/Texas/24-008749-003/2024(H5N1)	398	12571
NP|PP755592.1|A/cattle/Texas/24-008749-003/2024(H5N1)	399	12580
NP|PP755592.1|A/cattle/Texas/24-008749-003/2024(H5N1)	400	12569
NP|PP755592.1|A/cattle/Texas/24-008749-003/2024(H5N1)	401	12109
NP|PP755592.1|A/cattle/Texas/24-008749-003/2024(H5N1)	402	12204
NP|PP755592.1|A/cattle/Texas/24-008749-003/2024(H5N1)	403	12009
NP|PP755592.1|A/cattle/Texas/24-008749-003/2024(H5N1)	404	12044
NP|PP755592.1|A/cattle/Texas/24-008749-003/2024(H5N1)	405	12126
NP|PP755592.1|A/cattle/Texas/24-008749-003/2024(H5N1)	406	12187
NP|PP755592.1|A/cattle/Texas/24-008749-003/2024(H5N1)	407	12156
NP|PP755592.1|A/cattle/Texas/24-008749-003/2024(H5N1)	408	12123
NP|PP755592.1|A/cattle/Texas/24-008749-003/2024(H5N1)	409	12103
NP|PP755592.1|A/cattle/Texas/24-008749-003/2024(H5N1)	410	12084
NP|PP755592.1|A/cattle/Texas/24-008749-003/2024(H5N1)	411	12097
NP|PP755592.1|A/cattle/Texas/24-008749-003/2024(H5N1)	412	12034
NP|PP755592.1|A/cattle/Texas/24-008749-003/2024(H5N1)	413	12232
NP|PP755592.1|A/cattle/Texas/24-008749-003/2024(H5N1)	414	12099
NP|PP755592.1|A/cattle/Texas/24-008749-003/2024(H5N1)	415	12102
NP|PP755592.1|A/cattle/Texas/24-008749-003/2024(H5N1)	416	12056
NP|PP755592.1|A/cattle/Texas/24-008749-003/2024(H5N1)	417	12059
NP|PP755592.1|A/cattle/Texas/24-008749-003/2024(H5N1)	418	12131
NP|PP755592.1|A/cattle/Texas/24-008749-003/2024(H5N1)	419	12182
NP|PP755592.1|A/cattle/Texas/24-008749-003/2024(H5N1)	420	12196
NP|PP755592.1|A/cattle/Texas/24-008749-003/2024(H5N1)	421	12165
NP|PP755592.1|A/cattle/Texas/24-008749-003/2024(H5N1)	422	12162
NP|PP755592.1|A/cattle/Texas/24-008749-003/2024(H5N1)	423	12110
NP|PP755592.1|A/cattle/Texas/24-008749-003/2024(H5N1)	424	12259
NP|PP755592.1|A/cattle/Texas/24-008749-003/2024(H5N1)	425	12288
NP|PP755592.1|A/cattle/Texas/24-008749-003/2024(H5N1)	426	12244
NP|PP755592.1|A/cattle/Texas/24-008749-003/2024(H5N1)	427	12260
NP|PP755592.1|A/cattle/Texas/24-008749-003/2024(H5N1)	428	12190
NP|PP755592.1|A/cattle/Texas/24-008749-003/2024(H5N1)	429	12264
NP|PP755592.1|A/cattle/Texas/24-008749-003/2024(H5N1)	430	12274
NP|PP755592.1|A/cattle/Texas/24-008749-003/2024(H5N1)	431	12123
NP|PP755592.1|A/cattle/Texas/24-008749-003/2024(H5N1)	432	12141
NP|PP755592.1|A/cattle/Texas/24-008749-003/2024(H5N1)	433	12042
NP|PP755592.1|A/cattle/Texas/24-008749-003/2024(H5N1)	434	12044
NP|PP755592.1|A/cattle/Texas/24-008749-003/2024(H5N1)	435	12037
NP|PP755592.1|A/cattle/Texas/24-008749-003/2024(H5N1)	436	12069
NP|PP755592.1|A/cattle/Texas/24-008749-003/2024(H5N1)	437	12077
NP|PP755592.1|A/cattle/Texas/24-008749-003/2024(H5N1)	438	11878
NP|PP755592.1|A/cattle/Texas/24-008749-003/2024(H5N1)	439	12015
NP|PP755592.1|A/cattle/Texas/24-008749-003/2024(H5N1)	440	12008
NP|PP755592.1|A/cattle/Texas/24-008749-003/2024(H5N1)	441	12032
NP|PP755592.1|A/cattle/Texas/24-008749-003/2024(H5N1)	442	12053
NP|PP755592.1|A/cattle/Texas/24-008749-003/2024(H5N1)	443	11955
NP|PP755592.1|A/cattle/Texas/24-008749-003/2024(H5N1)	444	11820
NP|PP755592.1|A/cattle/Texas/24-008749-003/2024(H5N1)	445	11771
NP|PP755592.1|A/cattle/Texas/24-008749-003/2024(H5N1)	446	11524
NP|PP755592.1|A/cattle/Texas/24-008749-003/2024(H5N1)	447	11555
NP|PP755592.1|A/cattle/Texas/24-008749-003/2024(H5N1)	448	11519
NP|PP755592.1|A/cattle/Texas/24-008749-003/2024(H5N1)	449	11726
NP|PP755592.1|A/cattle/Texas/24-008749-003/2024(H5N1)	450	11683
NP|PP755592.1|A/cattle/Texas/24-008749-003/2024(H5N1)	451	11720
NP|PP755592.1|A/cattle/Texas/24-008749-003/2024(H5N1)	452	11739
NP|PP755592.1|A/cattle/Texas/24-008749-003/2024(H5N1)	453	11512
NP|PP755592.1|A/cattle/Texas/24-008749-003/2024(H5N1)	454	11519
NP|PP755592.1|A/cattle/Texas/24-008749-003/2024(H5N1)	455	11600
NP|PP755592.1|A/cattle/Texas/24-008749-003/2024(H5N1)	456	11589
NP|PP755592.1|A/cattle/Texas/24-008749-003/2024(H5N1)	457	11617
NP|PP755592.1|A/cattle/Texas/24-008749-003/2024(H5N1)	458	11464
NP|PP755592.1|A/cattle/Texas/24-008749-003/2024(H5N1)	459	11461
NP|PP755592.1|A/cattle/Texas/24-008749-003/2024(H5N1)	460	11561
NP|PP755592.1|A/cattle/Texas/24-008749-003/2024(H5N1)	461	11517
NP|PP755592.1|A/cattle/Texas/24-008749-003/2024(H5N1)	462	11561
NP|PP755592.1|A/cattle/Texas/24-008749-003/2024(H5N1)	463	11568
NP|PP755592.1|A/cattle/Texas/24-008749-003/2024(H5N1)	464	11442
NP|PP755592.1|A/cattle/Texas/24-008749-003/2024(H5N1)	465	11439
NP|PP755592.1|A/cattle/Texas/24-008749-003/2024(H5N1)	466	11389
NP|PP755592.1|A/cattle/Texas/24-008749-003/2024(H5N1)	467	11442
NP|PP755592.1|A/cattle/Texas/24-008749-003/2024(H5N1)	468	11462
NP|PP755592.1|A/cattle/Texas/24-008749-003/2024(H5N1)	469	11296
NP|PP755592.1|A/cattle/Texas/24-008749-003/2024(H5N1)	470	11198
NP|PP755592.1|A/cattle/Texas/24-008749-003/2024(H5N1)	471	11176
NP|PP755592.1|A/cattle/Texas/24-008749-003/2024(H5N1)	472	11377
NP|PP755592.1|A/cattle/Texas/24-008749-003/2024(H5N1)	473	11431
NP|PP755592.1|A/cattle/Texas/24-008749-003/2024(H5N1)	474	11546
NP|PP755592.1|A/cattle/Texas/24-008749-003/2024(H5N1)	475	11549
NP|PP755592.1|A/cattle/Texas/24-008749-003/2024(H5N1)	476	11452
NP|PP755592.1|A/cattle/Texas/24-008749-003/2024(H5N1)	477	11445
NP|PP755592.1|A/cattle/Texas/24-008749-003/2024(H5N1)	478	11478
NP|PP755592.1|A/cattle/Texas/24-008749-003/2024(H5N1)	479	11529
NP|PP755592.1|A/cattle/Texas/24-008749-003/2024(H5N1)	480	11766
NP|PP755592.1|A/cattle/Texas/24-008749-003/2024(H5N1)	481	11526
NP|PP755592.1|A/cattle/Texas/24-008749-003/2024(H5N1)	482	11470
NP|PP755592.1|A/cattle/Texas/24-008749-003/2024(H5N1)	483	11564
NP|PP755592.1|A/cattle/Texas/24-008749-003/2024(H5N1)	484	11659
NP|PP755592.1|A/cattle/Texas/24-008749-003/2024(H5N1)	485	11686
NP|PP755592.1|A/cattle/Texas/24-008749-003/2024(H5N1)	486	11650
NP|PP755592.1|A/cattle/Texas/24-008749-003/2024(H5N1)	487	11643
NP|PP755592.1|A/cattle/Texas/24-008749-003/2024(H5N1)	488	11167
NP|PP755592.1|A/cattle/Texas/24-008749-003/2024(H5N1)	489	11048
NP|PP755592.1|A/cattle/Texas/24-008749-003/2024(H5N1)	490	10904
NP|PP755592.1|A/cattle/Texas/24-008749-003/2024(H5N1)	491	10907
NP|PP755592.1|A/cattle/Texas/24-008749-003/2024(H5N1)	492	10868
NP|PP755592.1|A/cattle/Texas/24-008749-003/2024(H5N1)	493	10751
NP|PP755592.1|A/cattle/Texas/24-008749-003/2024(H5N1)	494	10439
NP|PP755592.1|A/cattle/Texas/24-008749-003/2024(H5N1)	495	10313
NP|PP755592.1|A/cattle/Texas/24-008749-003/2024(H5N1)	496	10497
NP|PP755592.1|A/cattle/Texas/24-008749-003/2024(H5N1)	497	10518
NP|PP755592.1|A/cattle/Texas/24-008749-003/2024(H5N1)	498	10484
NP|PP755592.1|A/cattle/Texas/24-008749-003/2024(H5N1)	499	10793
NP|PP755592.1|A/cattle/Texas/24-008749-003/2024(H5N1)	500	10794
NP|PP755592.1|A/cattle/Texas/24-008749-003/2024(H5N1)	501	10770
NP|PP755592.1|A/cattle/Texas/24-008749-003/2024(H5N1)	502	10783
NP|PP755592.1|A/cattle/Texas/24-008749-003/2024(H5N1)	503	10516
NP|PP755592.1|A/cattle/Texas/24-008749-003/2024(H5N1)	504	10586
NP|PP755592.1|A/cattle/Texas/24-008749-003/2024(H5N1)	505	10465
NP|PP755592.1|A/cattle/Texas/24-008749-003/2024(H5N1)	506	10970
NP|PP755592.1|A/cattle/Texas/24-008749-003/2024(H5N1)	507	10968
NP|PP755592.1|A/cattle/Texas/24-008749-003/2024(H5N1)	508	10866
NP|PP755592.1|A/cattle/Texas/24-008749-003/2024(H5N1)	509	10872
NP|PP755592.1|A/cattle/Texas/24-008749-003/2024(H5N1)	510	11222
NP|PP755592.1|A/cattle/Texas/24-008749-003/2024(H5N1)	511	11335
NP|PP755592.1|A/cattle/Texas/24-008749-003/2024(H5N1)	512	11372
NP|PP755592.1|A/cattle/Texas/24-008749-003/2024(H5N1)	513	11287
NP|PP755592.1|A/cattle/Texas/24-008749-003/2024(H5N1)	514	11530
NP|PP755592.1|A/cattle/Texas/24-008749-003/2024(H5N1)	515	11252
NP|PP755592.1|A/cattle/Texas/24-008749-003/2024(H5N1)	516	12016
NP|PP755592.1|A/cattle/Texas/24-008749-003/2024(H5N1)	517	11983
NP|PP755592.1|A/cattle/Texas/24-008749-003/2024(H5N1)	518	11945
NP|PP755592.1|A/cattle/Texas/24-008749-003/2024(H5N1)	519	11972
NP|PP755592.1|A/cattle/Texas/24-008749-003/2024(H5N1)	520	11855
NP|PP755592.1|A/cattle/Texas/24-008749-003/2024(H5N1)	521	11825
NP|PP755592.1|A/cattle/Texas/24-008749-003/2024(H5N1)	522	11766
NP|PP755592.1|A/cattle/Texas/24-008749-003/2024(H5N1)	523	11528
NP|PP755592.1|A/cattle/Texas/24-008749-003/2024(H5N1)	524	11460
NP|PP755592.1|A/cattle/Texas/24-008749-003/2024(H5N1)	525	11242
NP|PP755592.1|A/cattle/Texas/24-008749-003/2024(H5N1)	526	11146
NP|PP755592.1|A/cattle/Texas/24-008749-003/2024(H5N1)	527	11125
NP|PP755592.1|A/cattle/Texas/24-008749-003/2024(H5N1)	528	11127
NP|PP755592.1|A/cattle/Texas/24-008749-003/2024(H5N1)	529	11126
NP|PP755592.1|A/cattle/Texas/24-008749-003/2024(H5N1)	530	11181
NP|PP755592.1|A/cattle/Texas/24-008749-003/2024(H5N1)	531	11183
NP|PP755592.1|A/cattle/Texas/24-008749-003/2024(H5N1)	532	10693
NP|PP755592.1|A/cattle/Texas/24-008749-003/2024(H5N1)	533	10613
NP|PP755592.1|A/cattle/Texas/24-008749-003/2024(H5N1)	534	10372
NP|PP755592.1|A/cattle/Texas/24-008749-003/2024(H5N1)	535	10470
NP|PP755592.1|A/cattle/Texas/24-008749-003/2024(H5N1)	536	10458
NP|PP755592.1|A/cattle/Texas/24-008749-003/2024(H5N1)	537	10459
NP|PP755592.1|A/cattle/Texas/24-008749-003/2024(H5N1)	538	10461
NP|PP755592.1|A/cattle/Texas/24-008749-003/2024(H5N1)	539	10566
NP|PP755592.1|A/cattle/Texas/24-008749-003/2024(H5N1)	540	10457
NP|PP755592.1|A/cattle/Texas/24-008749-003/2024(H5N1)	541	10452
NP|PP755592.1|A/cattle/Texas/24-008749-003/2024(H5N1)	542	10465
NP|PP755592.1|A/cattle/Texas/24-008749-003/2024(H5N1)	543	10373
NP|PP755592.1|A/cattle/Texas/24-008749-003/2024(H5N1)	544	10510
NP|PP755592.1|A/cattle/Texas/24-008749-003/2024(H5N1)	545	10386
NP|PP755592.1|A/cattle/Texas/24-008749-003/2024(H5N1)	546	10480
NP|PP755592.1|A/cattle/Texas/24-008749-003/2024(H5N1)	547	10641
NP|PP755592.1|A/cattle/Texas/24-008749-003/2024(H5N1)	548	10962
NP|PP755592.1|A/cattle/Texas/24-008749-003/2024(H5N1)	549	10984
NP|PP755592.1|A/cattle/Texas/24-008749-003/2024(H5N1)	550	10980
NP|PP755592.1|A/cattle/Texas/24-008749-003/2024(H5N1)	551	10977
NP|PP755592.1|A/cattle/Texas/24-008749-003/2024(H5N1)	552	10958
NP|PP755592.1|A/cattle/Texas/24-008749-003/2024(H5N1)	553	10842
NP|PP755592.1|A/cattle/Texas/24-008749-003/2024(H5N1)	554	11332
NP|PP755592.1|A/cattle/Texas/24-008749-003/2024(H5N1)	555	11273
NP|PP755592.1|A/cattle/Texas/24-008749-003/2024(H5N1)	556	11186
NP|PP755592.1|A/cattle/Texas/24-008749-003/2024(H5N1)	557	11260
NP|PP755592.1|A/cattle/Texas/24-008749-003/2024(H5N1)	558	11287
NP|PP755592.1|A/cattle/Texas/24-008749-003/2024(H5N1)	559	11291
NP|PP755592.1|A/cattle/Texas/24-008749-003/2024(H5N1)	560	11513
NP|PP755592.1|A/cattle/Texas/24-008749-003/2024(H5N1)	561	11536
NP|PP755592.1|A/cattle/Texas/24-008749-003/2024(H5N1)	562	11522
NP|PP755592.1|A/cattle/Texas/24-008749-003/2024(H5N1)	563	11471
NP|PP755592.1|A/cattle/Texas/24-008749-003/2024(H5N1)	564	11214
NP|PP755592.1|A/cattle/Texas/24-008749-003/2024(H5N1)	565	11433
NP|PP755592.1|A/cattle/Texas/24-008749-003/2024(H5N1)	566	11542
NP|PP755592.1|A/cattle/Texas/24-008749-003/2024(H5N1)	567	11568
NP|PP755592.1|A/cattle/Texas/24-008749-003/2024(H5N1)	568	11582
NP|PP755592.1|A/cattle/Texas/24-008749-003/2024(H5N1)	569	11434
NP|PP755592.1|A/cattle/Texas/24-008749-003/2024(H5N1)	570	11978
NP|PP755592.1|A/cattle/Texas/24-008749-003/2024(H5N1)	571	11995
NP|PP755592.1|A/cattle/Texas/24-008749-003/2024(H5N1)	572	11993
NP|PP755592.1|A/cattle/Texas/24-008749-003/2024(H5N1)	573	11989
NP|PP755592.1|A/cattle/Texas/24-008749-003/2024(H5N1)	574	12088
NP|PP755592.1|A/cattle/Texas/24-008749-003/2024(H5N1)	575	11957
NP|PP755592.1|A/cattle/Texas/24-008749-003/2024(H5N1)	576	12148
NP|PP755592.1|A/cattle/Texas/24-008749-003/2024(H5N1)	577	12133
NP|PP755592.1|A/cattle/Texas/24-008749-003/2024(H5N1)	578	12132
NP|PP755592.1|A/cattle/Texas/24-008749-003/2024(H5N1)	579	12187
NP|PP755592.1|A/cattle/Texas/24-008749-003/2024(H5N1)	580	12232
NP|PP755592.1|A/cattle/Texas/24-008749-003/2024(H5N1)	581	12360
NP|PP755592.1|A/cattle/Texas/24-008749-003/2024(H5N1)	582	12412
NP|PP755592.1|A/cattle/Texas/24-008749-003/2024(H5N1)	583	12309
NP|PP755592.1|A/cattle/Texas/24-008749-003/2024(H5N1)	584	12312
NP|PP755592.1|A/cattle/Texas/24-008749-003/2024(H5N1)	585	12258
NP|PP755592.1|A/cattle/Texas/24-008749-003/2024(H5N1)	586	12299
NP|PP755592.1|A/cattle/Texas/24-008749-003/2024(H5N1)	587	12242
NP|PP755592.1|A/cattle/Texas/24-008749-003/2024(H5N1)	588	12214
NP|PP755592.1|A/cattle/Texas/24-008749-003/2024(H5N1)	589	12230
NP|PP755592.1|A/cattle/Texas/24-008749-003/2024(H5N1)	590	12146
NP|PP755592.1|A/cattle/Texas/24-008749-003/2024(H5N1)	591	12137
NP|PP755592.1|A/cattle/Texas/24-008749-003/2024(H5N1)	592	12157
NP|PP755592.1|A/cattle/Texas/24-008749-003/2024(H5N1)	593	12287
NP|PP755592.1|A/cattle/Texas/24-008749-003/2024(H5N1)	594	12283
NP|PP755592.1|A/cattle/Texas/24-008749-003/2024(H5N1)	595	12117
NP|PP755592.1|A/cattle/Texas/24-008749-003/2024(H5N1)	596	12105
NP|PP755592.1|A/cattle/Texas/24-008749-003/2024(H5N1)	597	11982
NP|PP755592.1|A/cattle/Texas/24-008749-003/2024(H5N1)	598	11935
NP|PP755592.1|A/cattle/Texas/24-008749-003/2024(H5N1)	599	12141
NP|PP755592.1|A/cattle/Texas/24-008749-003/2024(H5N1)	600	11958
NP|PP755592.1|A/cattle/Texas/24-008749-003/2024(H5N1)	601	12009
NP|PP755592.1|A/cattle/Texas/24-008749-003/2024(H5N1)	602	11950
NP|PP755592.1|A/cattle/Texas/24-008749-003/2024(H5N1)	603	11918
NP|PP755592.1|A/cattle/Texas/24-008749-003/2024(H5N1)	604	11951
NP|PP755592.1|A/cattle/Texas/24-008749-003/2024(H5N1)	605	11946
NP|PP755592.1|A/cattle/Texas/24-008749-003/2024(H5N1)	606	11811
NP|PP755592.1|A/cattle/Texas/24-008749-003/2024(H5N1)	607	11820
NP|PP755592.1|A/cattle/Texas/24-008749-003/2024(H5N1)	608	11747
NP|PP755592.1|A/cattle/Texas/24-008749-003/2024(H5N1)	609	11706
NP|PP755592.1|A/cattle/Texas/24-008749-003/2024(H5N1)	610	11541
NP|PP755592.1|A/cattle/Texas/24-008749-003/2024(H5N1)	611	11535
NP|PP755592.1|A/cattle/Texas/24-008749-003/2024(H5N1)	612	11581
NP|PP755592.1|A/cattle/Texas/24-008749-003/2024(H5N1)	613	11571
NP|PP755592.1|A/cattle/Texas/24-008749-003/2024(H5N1)	614	11647
NP|PP755592.1|A/cattle/Texas/24-008749-003/2024(H5N1)	615	11779
NP|PP755592.1|A/cattle/Texas/24-008749-003/2024(H5N1)	616	11781
NP|PP755592.1|A/cattle/Texas/24-008749-003/2024(H5N1)	617	11775
NP|PP755592.1|A/cattle/Texas/24-008749-003/2024(H5N1)	618	11582
NP|PP755592.1|A/cattle/Texas/24-008749-003/2024(H5N1)	619	11580
NP|PP755592.1|A/cattle/Texas/24-008749-003/2024(H5N1)	620	11580
NP|PP755592.1|A/cattle/Texas/24-008749-003/2024(H5N1)	621	11583
NP|PP755592.1|A/cattle/Texas/24-008749-003/2024(H5N1)	622	11629
NP|PP755592.1|A/cattle/Texas/24-008749-003/2024(H5N1)	623	11412
NP|PP755592.1|A/cattle/Texas/24-008749-003/2024(H5N1)	624	11231
NP|PP755592.1|A/cattle/Texas/24-008749-003/2024(H5N1)	625	11347
NP|PP755592.1|A/cattle/Texas/24-008749-003/2024(H5N1)	626	11365
NP|PP755592.1|A/cattle/Texas/24-008749-003/2024(H5N1)	627	11430
NP|PP755592.1|A/cattle/Texas/24-008749-003/2024(H5N1)	628	11441
NP|PP755592.1|A/cattle/Texas/24-008749-003/2024(H5N1)	629	11425
NP|PP755592.1|A/cattle/Texas/24-008749-003/2024(H5N1)	630	11109
NP|PP755592.1|A/cattle/Texas/24-008749-003/2024(H5N1)	631	10893
NP|PP755592.1|A/cattle/Texas/24-008749-003/2024(H5N1)	632	10861
NP|PP755592.1|A/cattle/Texas/24-008749-003/2024(H5N1)	633	10856
NP|PP755592.1|A/cattle/Texas/24-008749-003/2024(H5N1)	634	10765
NP|PP755592.1|A/cattle/Texas/24-008749-003/2024(H5N1)	635	10676
NP|PP755592.1|A/cattle/Texas/24-008749-003/2024(H5N1)	636	10709
NP|PP755592.1|A/cattle/Texas/24-008749-003/2024(H5N1)	637	10602
NP|PP755592.1|A/cattle/Texas/24-008749-003/2024(H5N1)	638	10590
NP|PP755592.1|A/cattle/Texas/24-008749-003/2024(H5N1)	639	10664
NP|PP755592.1|A/cattle/Texas/24-008749-003/2024(H5N1)	640	10623
NP|PP755592.1|A/cattle/Texas/24-008749-003/2024(H5N1)	641	10897
NP|PP755592.1|A/cattle/Texas/24-008749-003/2024(H5N1)	642	11100
NP|PP755592.1|A/cattle/Texas/24-008749-003/2024(H5N1)	643	11101
NP|PP755592.1|A/cattle/Texas/24-008749-003/2024(H5N1)	644	10907
NP|PP755592.1|A/cattle/Texas/24-008749-003/2024(H5N1)	645	10889
NP|PP755592.1|A/cattle/Texas/24-008749-003/2024(H5N1)	646	10877
NP|PP755592.1|A/cattle/Texas/24-008749-003/2024(H5N1)	647	10831
NP|PP755592.1|A/cattle/Texas/24-008749-003/2024(H5N1)	648	11162
NP|PP755592.1|A/cattle/Texas/24-008749-003/2024(H5N1)	649	11162
NP|PP755592.1|A/cattle/Texas/24-008749-003/2024(H5N1)	650	11145
NP|PP755592.1|A/cattle/Texas/24-008749-003/2024(H5N1)	651	11164
NP|PP755592.1|A/cattle/Texas/24-008749-003/2024(H5N1)	652	11578
NP|PP755592.1|A/cattle/Texas/24-008749-003/2024(H5N1)	653	11641
NP|PP755592.1|A/cattle/Texas/24-008749-003/2024(H5N1)	654	11540
NP|PP755592.1|A/cattle/Texas/24-008749-003/2024(H5N1)	655	11516
NP|PP755592.1|A/cattle/Texas/24-008749-003/2024(H5N1)	656	11510
NP|PP755592.1|A/cattle/Texas/24-008749-003/2024(H5N1)	657	11178
NP|PP755592.1|A/cattle/Texas/24-008749-003/2024(H5N1)	658	11197
NP|PP755592.1|A/cattle/Texas/24-008749-003/2024(H5N1)	659	11270
NP|PP755592.1|A/cattle/Texas/24-008749-003/2024(H5N1)	660	11262
NP|PP755592.1|A/cattle/Texas/24-008749-003/2024(H5N1)	661	10903
NP|PP755592.1|A/cattle/Texas/24-008749-003/2024(H5N1)	662	10800
NP|PP755592.1|A/cattle/Texas/24-008749-003/2024(H5N1)	663	11010
NP|PP755592.1|A/cattle/Texas/24-008749-003/2024(H5N1)	664	11217
NP|PP755592.1|A/cattle/Texas/24-008749-003/2024(H5N1)	665	10957
NP|PP755592.1|A/cattle/Texas/24-008749-003/2024(H5N1)	666	11008
NP|PP755592.1|A/cattle/Texas/24-008749-003/2024(H5N1)	667	10267
NP|PP755592.1|A/cattle/Texas/24-008749-003/2024(H5N1)	668	10256
NP|PP755592.1|A/cattle/Texas/24-008749-003/2024(H5N1)	669	10415
NP|PP755592.1|A/cattle/Texas/24-008749-003/2024(H5N1)	670	10402
NP|PP755592.1|A/cattle/Texas/24-008749-003/2024(H5N1)	671	10441
NP|PP755592.1|A/cattle/Texas/24-008749-003/2024(H5N1)	672	10676
NP|PP755592.1|A/cattle/Texas/24-008749-003/2024(H5N1)	673	10634
NP|PP755592.1|A/cattle/Texas/24-008749-003/2024(H5N1)	674	10661
NP|PP755592.1|A/cattle/Texas/24-008749-003/2024(H5N1)	675	10432
NP|PP755592.1|A/cattle/Texas/24-008749-003/2024(H5N1)	676	10291
NP|PP755592.1|A/cattle/Texas/24-008749-003/2024(H5N1)	677	10380
NP|PP755592.1|A/cattle/Texas/24-008749-003/2024(H5N1)	678	10439
NP|PP755592.1|A/cattle/Texas/24-008749-003/2024(H5N1)	679	10451
NP|PP755592.1|A/cattle/Texas/24-008749-003/2024(H5N1)	680	10418
NP|PP755592.1|A/cattle/Texas/24-008749-003/2024(H5N1)	681	10399
NP|PP755592.1|A/cattle/Texas/24-008749-003/2024(H5N1)	682	10477
NP|PP755592.1|A/cattle/Texas/24-008749-003/2024(H5N1)	683	10515
NP|PP755592.1|A/cattle/Texas/24-008749-003/2024(H5N1)	684	10511
NP|PP755592.1|A/cattle/Texas/24-008749-003/2024(H5N1)	685	10460
NP|PP755592.1|A/cattle/Texas/24-008749-003/2024(H5N1)	686	10364
NP|PP755592.1|A/cattle/Texas/24-008749-003/2024(H5N1)	687	10711
NP|PP755592.1|A/cattle/Texas/24-008749-003/2024(H5N1)	688	10790
NP|PP755592.1|A/cattle/Texas/24-008749-003/2024(H5N1)	689	10776
NP|PP755592.1|A/cattle/Texas/24-008749-003/2024(H5N1)	690	10743
NP|PP755592.1|A/cattle/Texas/24-008749-003/2024(H5N1)	691	10712
NP|PP755592.1|A/cattle/Texas/24-008749-003/2024(H5N1)	692	10716
NP|PP755592.1|A/cattle/Texas/24-008749-003/2024(H5N1)	693	10730
NP|PP755592.1|A/cattle/Texas/24-008749-003/2024(H5N1)	694	10725
NP|PP755592.1|A/cattle/Texas/24-008749-003/2024(H5N1)	695	10810
NP|PP755592.1|A/cattle/Texas/24-008749-003/2024(H5N1)	696	10420
NP|PP755592.1|A/cattle/Texas/24-008749-003/2024(H5N1)	697	10431
NP|PP755592.1|A/cattle/Texas/24-008749-003/2024(H5N1)	698	10533
NP|PP755592.1|A/cattle/Texas/24-008749-003/2024(H5N1)	699	10509
NP|PP755592.1|A/cattle/Texas/24-008749-003/2024(H5N1)	700	10546
NP|PP755592.1|A/cattle/Texas/24-008749-003/2024(H5N1)	701	10596
NP|PP755592.1|A/cattle/Texas/24-008749-003/2024(H5N1)	702	10610
NP|PP755592.1|A/cattle/Texas/24-008749-003/2024(H5N1)	703	10830
NP|PP755592.1|A/cattle/Texas/24-008749-003/2024(H5N1)	704	10527
NP|PP755592.1|A/cattle/Texas/24-008749-003/2024(H5N1)	705	10261
NP|PP755592.1|A/cattle/Texas/24-008749-003/2024(H5N1)	706	10079
NP|PP755592.1|A/cattle/Texas/24-008749-003/2024(H5N1)	707	10239
NP|PP755592.1|A/cattle/Texas/24-008749-003/2024(H5N1)	708	10273
NP|PP755592.1|A/cattle/Texas/24-008749-003/2024(H5N1)	709	10236
NP|PP755592.1|A/cattle/Texas/24-008749-003/2024(H5N1)	710	10713
NP|PP755592.1|A/cattle/Texas/24-008749-003/2024(H5N1)	711	10712
NP|PP755592.1|A/cattle/Texas/24-008749-003/2024(H5N1)	712	11327
NP|PP755592.1|A/cattle/Texas/24-008749-003/2024(H5N1)	713	11439
NP|PP755592.1|A/cattle/Texas/24-008749-003/2024(H5N1)	714	11434
NP|PP755592.1|A/cattle/Texas/24-008749-003/2024(H5N1)	715	11453
NP|PP755592.1|A/cattle/Texas/24-008749-003/2024(H5N1)	716	11237
NP|PP755592.1|A/cattle/Texas/24-008749-003/2024(H5N1)	717	11139
NP|PP755592.1|A/cattle/Texas/24-008749-003/2024(H5N1)	718	11321
NP|PP755592.1|A/cattle/Texas/24-008749-003/2024(H5N1)	719	11360
NP|PP755592.1|A/cattle/Texas/24-008749-003/2024(H5N1)	720	11736
NP|PP755592.1|A/cattle/Texas/24-008749-003/2024(H5N1)	721	11093
NP|PP755592.1|A/cattle/Texas/24-008749-003/2024(H5N1)	722	11189
NP|PP755592.1|A/cattle/Texas/24-008749-003/2024(H5N1)	723	11307
NP|PP755592.1|A/cattle/Texas/24-008749-003/2024(H5N1)	724	11368
NP|PP755592.1|A/cattle/Texas/24-008749-003/2024(H5N1)	725	11248
NP|PP755592.1|A/cattle/Texas/24-008749-003/2024(H5N1)	726	11247
NP|PP755592.1|A/cattle/Texas/24-008749-003/2024(H5N1)	727	11023
NP|PP755592.1|A/cattle/Texas/24-008749-003/2024(H5N1)	728	11055
NP|PP755592.1|A/cattle/Texas/24-008749-003/2024(H5N1)	729	11084
NP|PP755592.1|A/cattle/Texas/24-008749-003/2024(H5N1)	730	11034
NP|PP755592.1|A/cattle/Texas/24-008749-003/2024(H5N1)	731	10890
NP|PP755592.1|A/cattle/Texas/24-008749-003/2024(H5N1)	732	10758
NP|PP755592.1|A/cattle/Texas/24-008749-003/2024(H5N1)	733	10718
NP|PP755592.1|A/cattle/Texas/24-008749-003/2024(H5N1)	734	10762
NP|PP755592.1|A/cattle/Texas/24-008749-003/2024(H5N1)	735	10809
NP|PP755592.1|A/cattle/Texas/24-008749-003/2024(H5N1)	736	10864
NP|PP755592.1|A/cattle/Texas/24-008749-003/2024(H5N1)	737	10827
NP|PP755592.1|A/cattle/Texas/24-008749-003/2024(H5N1)	738	10829
NP|PP755592.1|A/cattle/Texas/24-008749-003/2024(H5N1)	739	10807
NP|PP755592.1|A/cattle/Texas/24-008749-003/2024(H5N1)	740	10953
NP|PP755592.1|A/cattle/Texas/24-008749-003/2024(H5N1)	741	11046
NP|PP755592.1|A/cattle/Texas/24-008749-003/2024(H5N1)	742	11089
NP|PP755592.1|A/cattle/Texas/24-008749-003/2024(H5N1)	743	11000
NP|PP755592.1|A/cattle/Texas/24-008749-003/2024(H5N1)	744	10944
NP|PP755592.1|A/cattle/Texas/24-008749-003/2024(H5N1)	745	10968
NP|PP755592.1|A/cattle/Texas/24-008749-003/2024(H5N1)	746	11027
NP|PP755592.1|A/cattle/Texas/24-008749-003/2024(H5N1)	747	11088
NP|PP755592.1|A/cattle/Texas/24-008749-003/2024(H5N1)	748	11118
NP|PP755592.1|A/cattle/Texas/24-008749-003/2024(H5N1)	749	11033
NP|PP755592.1|A/cattle/Texas/24-008749-003/2024(H5N1)	750	10942
NP|PP755592.1|A/cattle/Texas/24-008749-003/2024(H5N1)	751	10884
NP|PP755592.1|A/cattle/Texas/24-008749-003/2024(H5N1)	752	11035
NP|PP755592.1|A/cattle/Texas/24-008749-003/2024(H5N1)	753	11027
NP|PP755592.1|A/cattle/Texas/24-008749-003/2024(H5N1)	754	11031
NP|PP755592.1|A/cattle/Texas/24-008749-003/2024(H5N1)	755	11058
NP|PP755592.1|A/cattle/Texas/24-008749-003/2024(H5N1)	756	11162
NP|PP755592.1|A/cattle/Texas/24-008749-003/2024(H5N1)	757	11432
NP|PP755592.1|A/cattle/Texas/24-008749-003/2024(H5N1)	758	11449
NP|PP755592.1|A/cattle/Texas/24-008749-003/2024(H5N1)	759	11419
NP|PP755592.1|A/cattle/Texas/24-008749-003/2024(H5N1)	760	11426
NP|PP755592.1|A/cattle/Texas/24-008749-003/2024(H5N1)	761	11430
NP|PP755592.1|A/cattle/Texas/24-008749-003/2024(H5N1)	762	11427
NP|PP755592.1|A/cattle/Texas/24-008749-003/2024(H5N1)	763	11471
NP|PP755592.1|A/cattle/Texas/24-008749-003/2024(H5N1)	764	11534
NP|PP755592.1|A/cattle/Texas/24-008749-003/2024(H5N1)	765	11441
NP|PP755592.1|A/cattle/Texas/24-008749-003/2024(H5N1)	766	11458
NP|PP755592.1|A/cattle/Texas/24-008749-003/2024(H5N1)	767	11446
NP|PP755592.1|A/cattle/Texas/24-008749-003/2024(H5N1)	768	11569
NP|PP755592.1|A/cattle/Texas/24-008749-003/2024(H5N1)	769	11563
NP|PP755592.1|A/cattle/Texas/24-008749-003/2024(H5N1)	770	11568
NP|PP755592.1|A/cattle/Texas/24-008749-003/2024(H5N1)	771	11571
NP|PP755592.1|A/cattle/Texas/24-008749-003/2024(H5N1)	772	11472
NP|PP755592.1|A/cattle/Texas/24-008749-003/2024(H5N1)	773	11508
NP|PP755592.1|A/cattle/Texas/24-008749-003/2024(H5N1)	774	11506
NP|PP755592.1|A/cattle/Texas/24-008749-003/2024(H5N1)	775	11373
NP|PP755592.1|A/cattle/Texas/24-008749-003/2024(H5N1)	776	11381
NP|PP755592.1|A/cattle/Texas/24-008749-003/2024(H5N1)	777	11578
NP|PP755592.1|A/cattle/Texas/24-008749-003/2024(H5N1)	778	11573
NP|PP755592.1|A/cattle/Texas/24-008749-003/2024(H5N1)	779	11571
NP|PP755592.1|A/cattle/Texas/24-008749-003/2024(H5N1)	780	11567
NP|PP755592.1|A/cattle/Texas/24-008749-003/2024(H5N1)	781	11603
NP|PP755592.1|A/cattle/Texas/24-008749-003/2024(H5N1)	782	11718
NP|PP755592.1|A/cattle/Texas/24-008749-003/2024(H5N1)	783	11786
NP|PP755592.1|A/cattle/Texas/24-008749-003/2024(H5N1)	784	11795
NP|PP755592.1|A/cattle/Texas/24-008749-003/2024(H5N1)	785	11812
NP|PP755592.1|A/cattle/Texas/24-008749-003/2024(H5N1)	786	11772
NP|PP755592.1|A/cattle/Texas/24-008749-003/2024(H5N1)	787	12107
NP|PP755592.1|A/cattle/Texas/24-008749-003/2024(H5N1)	788	12124
NP|PP755592.1|A/cattle/Texas/24-008749-003/2024(H5N1)	789	12153
NP|PP755592.1|A/cattle/Texas/24-008749-003/2024(H5N1)	790	11951
NP|PP755592.1|A/cattle/Texas/24-008749-003/2024(H5N1)	791	11778
NP|PP755592.1|A/cattle/Texas/24-008749-003/2024(H5N1)	792	12085
NP|PP755592.1|A/cattle/Texas/24-008749-003/2024(H5N1)	793	12174
NP|PP755592.1|A/cattle/Texas/24-008749-003/2024(H5N1)	794	12259
NP|PP755592.1|A/cattle/Texas/24-008749-003/2024(H5N1)	795	12239
NP|PP755592.1|A/cattle/Texas/24-008749-003/2024(H5N1)	796	11863
NP|PP755592.1|A/cattle/Texas/24-008749-003/2024(H5N1)	797	11870
NP|PP755592.1|A/cattle/Texas/24-008749-003/2024(H5N1)	798	11805
NP|PP755592.1|A/cattle/Texas/24-008749-003/2024(H5N1)	799	11862
NP|PP755592.1|A/cattle/Texas/24-008749-003/2024(H5N1)	800	11927
NP|PP755592.1|A/cattle/Texas/24-008749-003/2024(H5N1)	801	11649
NP|PP755592.1|A/cattle/Texas/24-008749-003/2024(H5N1)	802	11569
NP|PP755592.1|A/cattle/Texas/24-008749-003/2024(H5N1)	803	11406
NP|PP755592.1|A/cattle/Texas/24-008749-003/2024(H5N1)	804	11761
NP|PP755592.1|A/cattle/Texas/24-008749-003/2024(H5N1)	805	11743
NP|PP755592.1|A/cattle/Texas/24-008749-003/2024(H5N1)	806	11707
NP|PP755592.1|A/cattle/Texas/24-008749-003/2024(H5N1)	807	11666
NP|PP755592.1|A/cattle/Texas/24-008749-003/2024(H5N1)	808	11666
NP|PP755592.1|A/cattle/Texas/24-008749-003/2024(H5N1)	809	11585
NP|PP755592.1|A/cattle/Texas/24-008749-003/2024(H5N1)	810	11566
NP|PP755592.1|A/cattle/Texas/24-008749-003/2024(H5N1)	811	11771
NP|PP755592.1|A/cattle/Texas/24-008749-003/2024(H5N1)	812	11531
NP|PP755592.1|A/cattle/Texas/24-008749-003/2024(H5N1)	813	11529
NP|PP755592.1|A/cattle/Texas/24-008749-003/2024(H5N1)	814	11643
NP|PP755592.1|A/cattle/Texas/24-008749-003/2024(H5N1)	815	11789
NP|PP755592.1|A/cattle/Texas/24-008749-003/2024(H5N1)	816	11788
NP|PP755592.1|A/cattle/Texas/24-008749-003/2024(H5N1)	817	11648
NP|PP755592.1|A/cattle/Texas/24-008749-003/2024(H5N1)	818	11716
NP|PP755592.1|A/cattle/Texas/24-008749-003/2024(H5N1)	819	11787
NP|PP755592.1|A/cattle/Texas/24-008749-003/2024(H5N1)	820	11654
NP|PP755592.1|A/cattle/Texas/24-008749-003/2024(H5N1)	821	11613
NP|PP755592.1|A/cattle/Texas/24-008749-003/2024(H5N1)	822	11565
NP|PP755592.1|A/cattle/Texas/24-008749-003/2024(H5N1)	823	11289
NP|PP755592.1|A/cattle/Texas/24-008749-003/2024(H5N1)	824	11340
NP|PP755592.1|A/cattle/Texas/24-008749-003/2024(H5N1)	825	11352
NP|PP755592.1|A/cattle/Texas/24-008749-003/2024(H5N1)	826	11339
NP|PP755592.1|A/cattle/Texas/24-008749-003/2024(H5N1)	827	11269
NP|PP755592.1|A/cattle/Texas/24-008749-003/2024(H5N1)	828	11243
NP|PP755592.1|A/cattle/Texas/24-008749-003/2024(H5N1)	829	11305
NP|PP755592.1|A/cattle/Texas/24-008749-003/2024(H5N1)	830	11275
NP|PP755592.1|A/cattle/Texas/24-008749-003/2024(H5N1)	831	11187
NP|PP755592.1|A/cattle/Texas/24-008749-003/2024(H5N1)	832	11260
NP|PP755592.1|A/cattle/Texas/24-008749-003/2024(H5N1)	833	11235
NP|PP755592.1|A/cattle/Texas/24-008749-003/2024(H5N1)	834	11246
NP|PP755592.1|A/cattle/Texas/24-008749-003/2024(H5N1)	835	11204
NP|PP755592.1|A/cattle/Texas/24-008749-003/2024(H5N1)	836	11210
NP|PP755592.1|A/cattle/Texas/24-008749-003/2024(H5N1)	837	10910
NP|PP755592.1|A/cattle/Texas/24-008749-003/2024(H5N1)	838	10951
NP|PP755592.1|A/cattle/Texas/24-008749-003/2024(H5N1)	839	11190
NP|PP755592.1|A/cattle/Texas/24-008749-003/2024(H5N1)	840	11252
NP|PP755592.1|A/cattle/Texas/24-008749-003/2024(H5N1)	841	11214
NP|PP755592.1|A/cattle/Texas/24-008749-003/2024(H5N1)	842	11672
NP|PP755592.1|A/cattle/Texas/24-008749-003/2024(H5N1)	843	11702
NP|PP755592.1|A/cattle/Texas/24-008749-003/2024(H5N1)	844	11695
NP|PP755592.1|A/cattle/Texas/24-008749-003/2024(H5N1)	845	11996
NP|PP755592.1|A/cattle/Texas/24-008749-003/2024(H5N1)	846	11781
NP|PP755592.1|A/cattle/Texas/24-008749-003/2024(H5N1)	847	11936
NP|PP755592.1|A/cattle/Texas/24-008749-003/2024(H5N1)	848	11738
NP|PP755592.1|A/cattle/Texas/24-008749-003/2024(H5N1)	849	11716
NP|PP755592.1|A/cattle/Texas/24-008749-003/2024(H5N1)	850	12499
NP|PP755592.1|A/cattle/Texas/24-008749-003/2024(H5N1)	851	12470
NP|PP755592.1|A/cattle/Texas/24-008749-003/2024(H5N1)	852	12670
NP|PP755592.1|A/cattle/Texas/24-008749-003/2024(H5N1)	853	12685
NP|PP755592.1|A/cattle/Texas/24-008749-003/2024(H5N1)	854	12567
NP|PP755592.1|A/cattle/Texas/24-008749-003/2024(H5N1)	855	12672
NP|PP755592.1|A/cattle/Texas/24-008749-003/2024(H5N1)	856	12679
NP|PP755592.1|A/cattle/Texas/24-008749-003/2024(H5N1)	857	12574
NP|PP755592.1|A/cattle/Texas/24-008749-003/2024(H5N1)	858	12542
NP|PP755592.1|A/cattle/Texas/24-008749-003/2024(H5N1)	859	11786
NP|PP755592.1|A/cattle/Texas/24-008749-003/2024(H5N1)	860	11847
NP|PP755592.1|A/cattle/Texas/24-008749-003/2024(H5N1)	861	11950
NP|PP755592.1|A/cattle/Texas/24-008749-003/2024(H5N1)	862	12377
NP|PP755592.1|A/cattle/Texas/24-008749-003/2024(H5N1)	863	11843
NP|PP755592.1|A/cattle/Texas/24-008749-003/2024(H5N1)	864	11734
NP|PP755592.1|A/cattle/Texas/24-008749-003/2024(H5N1)	865	11719
NP|PP755592.1|A/cattle/Texas/24-008749-003/2024(H5N1)	866	11706
NP|PP755592.1|A/cattle/Texas/24-008749-003/2024(H5N1)	867	11753
NP|PP755592.1|A/cattle/Texas/24-008749-003/2024(H5N1)	868	11742
NP|PP755592.1|A/cattle/Texas/24-008749-003/2024(H5N1)	869	11516
NP|PP755592.1|A/cattle/Texas/24-008749-003/2024(H5N1)	870	11624
NP|PP755592.1|A/cattle/Texas/24-008749-003/2024(H5N1)	871	11198
NP|PP755592.1|A/cattle/Texas/24-008749-003/2024(H5N1)	872	11197
NP|PP755592.1|A/cattle/Texas/24-008749-003/2024(H5N1)	873	11101
NP|PP755592.1|A/cattle/Texas/24-008749-003/2024(H5N1)	874	10983
NP|PP755592.1|A/cattle/Texas/24-008749-003/2024(H5N1)	875	11008
NP|PP755592.1|A/cattle/Texas/24-008749-003/2024(H5N1)	876	11019
NP|PP755592.1|A/cattle/Texas/24-008749-003/2024(H5N1)	877	11033
NP|PP755592.1|A/cattle/Texas/24-008749-003/2024(H5N1)	878	11133
NP|PP755592.1|A/cattle/Texas/24-008749-003/2024(H5N1)	879	11507
NP|PP755592.1|A/cattle/Texas/24-008749-003/2024(H5N1)	880	11665
NP|PP755592.1|A/cattle/Texas/24-008749-003/2024(H5N1)	881	11669
NP|PP755592.1|A/cattle/Texas/24-008749-003/2024(H5N1)	882	11721
NP|PP755592.1|A/cattle/Texas/24-008749-003/2024(H5N1)	883	11955
NP|PP755592.1|A/cattle/Texas/24-008749-003/2024(H5N1)	884	11956
NP|PP755592.1|A/cattle/Texas/24-008749-003/2024(H5N1)	885	12123
NP|PP755592.1|A/cattle/Texas/24-008749-003/2024(H5N1)	886	12094
NP|PP755592.1|A/cattle/Texas/24-008749-003/2024(H5N1)	887	12099
NP|PP755592.1|A/cattle/Texas/24-008749-003/2024(H5N1)	888	12169
NP|PP755592.1|A/cattle/Texas/24-008749-003/2024(H5N1)	889	12012
NP|PP755592.1|A/cattle/Texas/24-008749-003/2024(H5N1)	890	12032
NP|PP755592.1|A/cattle/Texas/24-008749-003/2024(H5N1)	891	12056
NP|PP755592.1|A/cattle/Texas/24-008749-003/2024(H5N1)	892	11900
NP|PP755592.1|A/cattle/Texas/24-008749-003/2024(H5N1)	893	11906
NP|PP755592.1|A/cattle/Texas/24-008749-003/2024(H5N1)	894	12025
NP|PP755592.1|A/cattle/Texas/24-008749-003/2024(H5N1)	895	12062
NP|PP755592.1|A/cattle/Texas/24-008749-003/2024(H5N1)	896	12149
NP|PP755592.1|A/cattle/Texas/24-008749-003/2024(H5N1)	897	12055
NP|PP755592.1|A/cattle/Texas/24-008749-003/2024(H5N1)	898	12048
NP|PP755592.1|A/cattle/Texas/24-008749-003/2024(H5N1)	899	12436
NP|PP755592.1|A/cattle/Texas/24-008749-003/2024(H5N1)	900	12430
NP|PP755592.1|A/cattle/Texas/24-008749-003/2024(H5N1)	901	12386
NP|PP755592.1|A/cattle/Texas/24-008749-003/2024(H5N1)	902	12399
NP|PP755592.1|A/cattle/Texas/24-008749-003/2024(H5N1)	903	12231
NP|PP755592.1|A/cattle/Texas/24-008749-003/2024(H5N1)	904	12278
NP|PP755592.1|A/cattle/Texas/24-008749-003/2024(H5N1)	905	12671
NP|PP755592.1|A/cattle/Texas/24-008749-003/2024(H5N1)	906	12667
NP|PP755592.1|A/cattle/Texas/24-008749-003/2024(H5N1)	907	12626
NP|PP755592.1|A/cattle/Texas/24-008749-003/2024(H5N1)	908	12424
NP|PP755592.1|A/cattle/Texas/24-008749-003/2024(H5N1)	909	12426
NP|PP755592.1|A/cattle/Texas/24-008749-003/2024(H5N1)	910	12718
NP|PP755592.1|A/cattle/Texas/24-008749-003/2024(H5N1)	911	12711
NP|PP755592.1|A/cattle/Texas/24-008749-003/2024(H5N1)	912	12727
NP|PP755592.1|A/cattle/Texas/24-008749-003/2024(H5N1)	913	12604
NP|PP755592.1|A/cattle/Texas/24-008749-003/2024(H5N1)	914	12612
NP|PP755592.1|A/cattle/Texas/24-008749-003/2024(H5N1)	915	12768
NP|PP755592.1|A/cattle/Texas/24-008749-003/2024(H5N1)	916	12667
NP|PP755592.1|A/cattle/Texas/24-008749-003/2024(H5N1)	917	12567
NP|PP755592.1|A/cattle/Texas/24-008749-003/2024(H5N1)	918	12652
NP|PP755592.1|A/cattle/Texas/24-008749-003/2024(H5N1)	919	12960
NP|PP755592.1|A/cattle/Texas/24-008749-003/2024(H5N1)	920	12960
NP|PP755592.1|A/cattle/Texas/24-008749-003/2024(H5N1)	921	12984
NP|PP755592.1|A/cattle/Texas/24-008749-003/2024(H5N1)	922	13255
NP|PP755592.1|A/cattle/Texas/24-008749-003/2024(H5N1)	923	13256
NP|PP755592.1|A/cattle/Texas/24-008749-003/2024(H5N1)	924	13319
NP|PP755592.1|A/cattle/Texas/24-008749-003/2024(H5N1)	925	13320
NP|PP755592.1|A/cattle/Texas/24-008749-003/2024(H5N1)	926	13346
NP|PP755592.1|A/cattle/Texas/24-008749-003/2024(H5N1)	927	13287
NP|PP755592.1|A/cattle/Texas/24-008749-003/2024(H5N1)	928	12997
NP|PP755592.1|A/cattle/Texas/24-008749-003/2024(H5N1)	929	13095
NP|PP755592.1|A/cattle/Texas/24-008749-003/2024(H5N1)	930	13269
NP|PP755592.1|A/cattle/Texas/24-008749-003/2024(H5N1)	931	13239
NP|PP755592.1|A/cattle/Texas/24-008749-003/2024(H5N1)	932	13358
NP|PP755592.1|A/cattle/Texas/24-008749-003/2024(H5N1)	933	13242
NP|PP755592.1|A/cattle/Texas/24-008749-003/2024(H5N1)	934	13274
NP|PP755592.1|A/cattle/Texas/24-008749-003/2024(H5N1)	935	13555
NP|PP755592.1|A/cattle/Texas/24-008749-003/2024(H5N1)	936	13304
NP|PP755592.1|A/cattle/Texas/24-008749-003/2024(H5N1)	937	13356
NP|PP755592.1|A/cattle/Texas/24-008749-003/2024(H5N1)	938	13279
NP|PP755592.1|A/cattle/Texas/24-008749-003/2024(H5N1)	939	13288
NP|PP755592.1|A/cattle/Texas/24-008749-003/2024(H5N1)	940	13349
NP|PP755592.1|A/cattle/Texas/24-008749-003/2024(H5N1)	941	13396
NP|PP755592.1|A/cattle/Texas/24-008749-003/2024(H5N1)	942	13429
NP|PP755592.1|A/cattle/Texas/24-008749-003/2024(H5N1)	943	12980
NP|PP755592.1|A/cattle/Texas/24-008749-003/2024(H5N1)	944	12997
NP|PP755592.1|A/cattle/Texas/24-008749-003/2024(H5N1)	945	13658
NP|PP755592.1|A/cattle/Texas/24-008749-003/2024(H5N1)	946	13666
NP|PP755592.1|A/cattle/Texas/24-008749-003/2024(H5N1)	947	13667
NP|PP755592.1|A/cattle/Texas/24-008749-003/2024(H5N1)	948	13630
NP|PP755592.1|A/cattle/Texas/24-008749-003/2024(H5N1)	949	13455
NP|PP755592.1|A/cattle/Texas/24-008749-003/2024(H5N1)	950	13449
NP|PP755592.1|A/cattle/Texas/24-008749-003/2024(H5N1)	951	13403
NP|PP755592.1|A/cattle/Texas/24-008749-003/2024(H5N1)	952	13375
NP|PP755592.1|A/cattle/Texas/24-008749-003/2024(H5N1)	953	13114
NP|PP755592.1|A/cattle/Texas/24-008749-003/2024(H5N1)	954	12715
NP|PP755592.1|A/cattle/Texas/24-008749-003/2024(H5N1)	955	12785
NP|PP755592.1|A/cattle/Texas/24-008749-003/2024(H5N1)	956	12785
NP|PP755592.1|A/cattle/Texas/24-008749-003/2024(H5N1)	957	12818
NP|PP755592.1|A/cattle/Texas/24-008749-003/2024(H5N1)	958	12820
NP|PP755592.1|A/cattle/Texas/24-008749-003/2024(H5N1)	959	12788
NP|PP755592.1|A/cattle/Texas/24-008749-003/2024(H5N1)	960	12820
NP|PP755592.1|A/cattle/Texas/24-008749-003/2024(H5N1)	961	12803
NP|PP755592.1|A/cattle/Texas/24-008749-003/2024(H5N1)	962	12639
NP|PP755592.1|A/cattle/Texas/24-008749-003/2024(H5N1)	963	12591
NP|PP755592.1|A/cattle/Texas/24-008749-003/2024(H5N1)	964	12298
NP|PP755592.1|A/cattle/Texas/24-008749-003/2024(H5N1)	965	12296
NP|PP755592.1|A/cattle/Texas/24-008749-003/2024(H5N1)	966	12121
NP|PP755592.1|A/cattle/Texas/24-008749-003/2024(H5N1)	967	12161
NP|PP755592.1|A/cattle/Texas/24-008749-003/2024(H5N1)	968	12152
NP|PP755592.1|A/cattle/Texas/24-008749-003/2024(H5N1)	969	12154
NP|PP755592.1|A/cattle/Texas/24-008749-003/2024(H5N1)	970	12225
NP|PP755592.1|A/cattle/Texas/24-008749-003/2024(H5N1)	971	12228
NP|PP755592.1|A/cattle/Texas/24-008749-003/2024(H5N1)	972	12215
NP|PP755592.1|A/cattle/Texas/24-008749-003/2024(H5N1)	973	12206
NP|PP755592.1|A/cattle/Texas/24-008749-003/2024(H5N1)	974	12220
NP|PP755592.1|A/cattle/Texas/24-008749-003/2024(H5N1)	975	12215
NP|PP755592.1|A/cattle/Texas/24-008749-003/2024(H5N1)	976	12188
NP|PP755592.1|A/cattle/Texas/24-008749-003/2024(H5N1)	977	12170
NP|PP755592.1|A/cattle/Texas/24-008749-003/2024(H5N1)	978	12312
NP|PP755592.1|A/cattle/Texas/24-008749-003/2024(H5N1)	979	12215
NP|PP755592.1|A/cattle/Texas/24-008749-003/2024(H5N1)	980	12171
NP|PP755592.1|A/cattle/Texas/24-008749-003/2024(H5N1)	981	12180
NP|PP755592.1|A/cattle/Texas/24-008749-003/2024(H5N1)	982	12168
NP|PP755592.1|A/cattle/Texas/24-008749-003/2024(H5N1)	983	12496
NP|PP755592.1|A/cattle/Texas/24-008749-003/2024(H5N1)	984	13110
NP|PP755592.1|A/cattle/Texas/24-008749-003/2024(H5N1)	985	13161
NP|PP755592.1|A/cattle/Texas/24-008749-003/2024(H5N1)	986	13315
NP|PP755592.1|A/cattle/Texas/24-008749-003/2024(H5N1)	987	13340
NP|PP755592.1|A/cattle/Texas/24-008749-003/2024(H5N1)	988	13330
NP|PP755592.1|A/cattle/Texas/24-008749-003/2024(H5N1)	989	13342
NP|PP755592.1|A/cattle/Texas/24-008749-003/2024(H5N1)	990	13101
NP|PP755592.1|A/cattle/Texas/24-008749-003/2024(H5N1)	991	13500
NP|PP755592.1|A/cattle/Texas/24-008749-003/2024(H5N1)	992	13532
NP|PP755592.1|A/cattle/Texas/24-008749-003/2024(H5N1)	993	13004
NP|PP755592.1|A/cattle/Texas/24-008749-003/2024(H5N1)	994	13308
NP|PP755592.1|A/cattle/Texas/24-008749-003/2024(H5N1)	995	13040
NP|PP755592.1|A/cattle/Texas/24-008749-003/2024(H5N1)	996	13231
NP|PP755592.1|A/cattle/Texas/24-008749-003/2024(H5N1)	997	13215
NP|PP755592.1|A/cattle/Texas/24-008749-003/2024(H5N1)	998	12935
NP|PP755592.1|A/cattle/Texas/24-008749-003/2024(H5N1)	999	12998
NP|PP755592.1|A/cattle/Texas/24-008749-003/2024(H5N1)	1000	12265
NP|PP755592.1|A/cattle/Texas/24-008749-003/2024(H5N1)	1001	12443
NP|PP755592.1|A/cattle/Texas/24-008749-003/2024(H5N1)	1002	12437
NP|PP755592.1|A/cattle/Texas/24-008749-003/2024(H5N1)	1003	12273
NP|PP755592.1|A/cattle/Texas/24-008749-003/2024(H5N1)	1004	12221
NP|PP755592.1|A/cattle/Texas/24-008749-003/2024(H5N1)	1005	12307
NP|PP755592.1|A/cattle/Texas/24-008749-003/2024(H5N1)	1006	12307
NP|PP755592.1|A/cattle/Texas/24-008749-003/2024(H5N1)	1007	12340
NP|PP755592.1|A/cattle/Texas/24-008749-003/2024(H5N1)	1008	12299
NP|PP755592.1|A/cattle/Texas/24-008749-003/2024(H5N1)	1009	12386
NP|PP755592.1|A/cattle/Texas/24-008749-003/2024(H5N1)	1010	12509
NP|PP755592.1|A/cattle/Texas/24-008749-003/2024(H5N1)	1011	12510
NP|PP755592.1|A/cattle/Texas/24-008749-003/2024(H5N1)	1012	12523
NP|PP755592.1|A/cattle/Texas/24-008749-003/2024(H5N1)	1013	12087
NP|PP755592.1|A/cattle/Texas/24-008749-003/2024(H5N1)	1014	12087
NP|PP755592.1|A/cattle/Texas/24-008749-003/2024(H5N1)	1015	12084
NP|PP755592.1|A/cattle/Texas/24-008749-003/2024(H5N1)	1016	12133
NP|PP755592.1|A/cattle/Texas/24-008749-003/2024(H5N1)	1017	12236
NP|PP755592.1|A/cattle/Texas/24-008749-003/2024(H5N1)	1018	12369
NP|PP755592.1|A/cattle/Texas/24-008749-003/2024(H5N1)	1019	12905
NP|PP755592.1|A/cattle/Texas/24-008749-003/2024(H5N1)	1020	12919
NP|PP755592.1|A/cattle/Texas/24-008749-003/2024(H5N1)	1021	12814
NP|PP755592.1|A/cattle/Texas/24-008749-003/2024(H5N1)	1022	12817
NP|PP755592.1|A/cattle/Texas/24-008749-003/2024(H5N1)	1023	12824
NP|PP755592.1|A/cattle/Texas/24-008749-003/2024(H5N1)	1024	12833
NP|PP755592.1|A/cattle/Texas/24-008749-003/2024(H5N1)	1025	12830
NP|PP755592.1|A/cattle/Texas/24-008749-003/2024(H5N1)	1026	12813
NP|PP755592.1|A/cattle/Texas/24-008749-003/2024(H5N1)	1027	12995
NP|PP755592.1|A/cattle/Texas/24-008749-003/2024(H5N1)	1028	12474
NP|PP755592.1|A/cattle/Texas/24-008749-003/2024(H5N1)	1029	12405
NP|PP755592.1|A/cattle/Texas/24-008749-003/2024(H5N1)	1030	12507
NP|PP755592.1|A/cattle/Texas/24-008749-003/2024(H5N1)	1031	12356
NP|PP755592.1|A/cattle/Texas/24-008749-003/2024(H5N1)	1032	12372
NP|PP755592.1|A/cattle/Texas/24-008749-003/2024(H5N1)	1033	12456
NP|PP755592.1|A/cattle/Texas/24-008749-003/2024(H5N1)	1034	12263
NP|PP755592.1|A/cattle/Texas/24-008749-003/2024(H5N1)	1035	12353
NP|PP755592.1|A/cattle/Texas/24-008749-003/2024(H5N1)	1036	12193
NP|PP755592.1|A/cattle/Texas/24-008749-003/2024(H5N1)	1037	12355
NP|PP755592.1|A/cattle/Texas/24-008749-003/2024(H5N1)	1038	12287
NP|PP755592.1|A/cattle/Texas/24-008749-003/2024(H5N1)	1039	12279
NP|PP755592.1|A/cattle/Texas/24-008749-003/2024(H5N1)	1040	12362
NP|PP755592.1|A/cattle/Texas/24-008749-003/2024(H5N1)	1041	12260
NP|PP755592.1|A/cattle/Texas/24-008749-003/2024(H5N1)	1042	12146
NP|PP755592.1|A/cattle/Texas/24-008749-003/2024(H5N1)	1043	12149
NP|PP755592.1|A/cattle/Texas/24-008749-003/2024(H5N1)	1044	12384
NP|PP755592.1|A/cattle/Texas/24-008749-003/2024(H5N1)	1045	12219
NP|PP755592.1|A/cattle/Texas/24-008749-003/2024(H5N1)	1046	12144
NP|PP755592.1|A/cattle/Texas/24-008749-003/2024(H5N1)	1047	11973
NP|PP755592.1|A/cattle/Texas/24-008749-003/2024(H5N1)	1048	12308
NP|PP755592.1|A/cattle/Texas/24-008749-003/2024(H5N1)	1049	11998
NP|PP755592.1|A/cattle/Texas/24-008749-003/2024(H5N1)	1050	11996
NP|PP755592.1|A/cattle/Texas/24-008749-003/2024(H5N1)	1051	12556
NP|PP755592.1|A/cattle/Texas/24-008749-003/2024(H5N1)	1052	12869
NP|PP755592.1|A/cattle/Texas/24-008749-003/2024(H5N1)	1053	13000
NP|PP755592.1|A/cattle/Texas/24-008749-003/2024(H5N1)	1054	13014
NP|PP755592.1|A/cattle/Texas/24-008749-003/2024(H5N1)	1055	13141
NP|PP755592.1|A/cattle/Texas/24-008749-003/2024(H5N1)	1056	12824
NP|PP755592.1|A/cattle/Texas/24-008749-003/2024(H5N1)	1057	12936
NP|PP755592.1|A/cattle/Texas/24-008749-003/2024(H5N1)	1058	13106
NP|PP755592.1|A/cattle/Texas/24-008749-003/2024(H5N1)	1059	13063
NP|PP755592.1|A/cattle/Texas/24-008749-003/2024(H5N1)	1060	13089
NP|PP755592.1|A/cattle/Texas/24-008749-003/2024(H5N1)	1061	12838
NP|PP755592.1|A/cattle/Texas/24-008749-003/2024(H5N1)	1062	12838
NP|PP755592.1|A/cattle/Texas/24-008749-003/2024(H5N1)	1063	12820
NP|PP755592.1|A/cattle/Texas/24-008749-003/2024(H5N1)	1064	13134
NP|PP755592.1|A/cattle/Texas/24-008749-003/2024(H5N1)	1065	13118
NP|PP755592.1|A/cattle/Texas/24-008749-003/2024(H5N1)	1066	13136
NP|PP755592.1|A/cattle/Texas/24-008749-003/2024(H5N1)	1067	13094
NP|PP755592.1|A/cattle/Texas/24-008749-003/2024(H5N1)	1068	13246
NP|PP755592.1|A/cattle/Texas/24-008749-003/2024(H5N1)	1069	12973
NP|PP755592.1|A/cattle/Texas/24-008749-003/2024(H5N1)	1070	12933
NP|PP755592.1|A/cattle/Texas/24-008749-003/2024(H5N1)	1071	12975
NP|PP755592.1|A/cattle/Texas/24-008749-003/2024(H5N1)	1072	13055
NP|PP755592.1|A/cattle/Texas/24-008749-003/2024(H5N1)	1073	12814
NP|PP755592.1|A/cattle/Texas/24-008749-003/2024(H5N1)	1074	12935
NP|PP755592.1|A/cattle/Texas/24-008749-003/2024(H5N1)	1075	12959
NP|PP755592.1|A/cattle/Texas/24-008749-003/2024(H5N1)	1076	12981
NP|PP755592.1|A/cattle/Texas/24-008749-003/2024(H5N1)	1077	13231
NP|PP755592.1|A/cattle/Texas/24-008749-003/2024(H5N1)	1078	13284
NP|PP755592.1|A/cattle/Texas/24-008749-003/2024(H5N1)	1079	13300
NP|PP755592.1|A/cattle/Texas/24-008749-003/2024(H5N1)	1080	13269
NP|PP755592.1|A/cattle/Texas/24-008749-003/2024(H5N1)	1081	13124
NP|PP755592.1|A/cattle/Texas/24-008749-003/2024(H5N1)	1082	13198
NP|PP755592.1|A/cattle/Texas/24-008749-003/2024(H5N1)	1083	13136
NP|PP755592.1|A/cattle/Texas/24-008749-003/2024(H5N1)	1084	13110
NP|PP755592.1|A/cattle/Texas/24-008749-003/2024(H5N1)	1085	13099
NP|PP755592.1|A/cattle/Texas/24-008749-003/2024(H5N1)	1086	12883
NP|PP755592.1|A/cattle/Texas/24-008749-003/2024(H5N1)	1087	12981
NP|PP755592.1|A/cattle/Texas/24-008749-003/2024(H5N1)	1088	13371
NP|PP755592.1|A/cattle/Texas/24-008749-003/2024(H5N1)	1089	13375
NP|PP755592.1|A/cattle/Texas/24-008749-003/2024(H5N1)	1090	13286
NP|PP755592.1|A/cattle/Texas/24-008749-003/2024(H5N1)	1091	13222
NP|PP755592.1|A/cattle/Texas/24-008749-003/2024(H5N1)	1092	13165
NP|PP755592.1|A/cattle/Texas/24-008749-003/2024(H5N1)	1093	13481
NP|PP755592.1|A/cattle/Texas/24-008749-003/2024(H5N1)	1094	13448
NP|PP755592.1|A/cattle/Texas/24-008749-003/2024(H5N1)	1095	13408
NP|PP755592.1|A/cattle/Texas/24-008749-003/2024(H5N1)	1096	12748
NP|PP755592.1|A/cattle/Texas/24-008749-003/2024(H5N1)	1097	12792
NP|PP755592.1|A/cattle/Texas/24-008749-003/2024(H5N1)	1098	13222
NP|PP755592.1|A/cattle/Texas/24-008749-003/2024(H5N1)	1099	13221
NP|PP755592.1|A/cattle/Texas/24-008749-003/2024(H5N1)	1100	13222
NP|PP755592.1|A/cattle/Texas/24-008749-003/2024(H5N1)	1101	13233
NP|PP755592.1|A/cattle/Texas/24-008749-003/2024(H5N1)	1102	13281
NP|PP755592.1|A/cattle/Texas/24-008749-003/2024(H5N1)	1103	13290
NP|PP755592.1|A/cattle/Texas/24-008749-003/2024(H5N1)	1104	13364
NP|PP755592.1|A/cattle/Texas/24-008749-003/2024(H5N1)	1105	13354
NP|PP755592.1|A/cattle/Texas/24-008749-003/2024(H5N1)	1106	13341
NP|PP755592.1|A/cattle/Texas/24-008749-003/2024(H5N1)	1107	13335
NP|PP755592.1|A/cattle/Texas/24-008749-003/2024(H5N1)	1108	13299
NP|PP755592.1|A/cattle/Texas/24-008749-003/2024(H5N1)	1109	13325
NP|PP755592.1|A/cattle/Texas/24-008749-003/2024(H5N1)	1110	13462
NP|PP755592.1|A/cattle/Texas/24-008749-003/2024(H5N1)	1111	13433
NP|PP755592.1|A/cattle/Texas/24-008749-003/2024(H5N1)	1112	13411
NP|PP755592.1|A/cattle/Texas/24-008749-003/2024(H5N1)	1113	13386
NP|PP755592.1|A/cattle/Texas/24-008749-003/2024(H5N1)	1114	13450
NP|PP755592.1|A/cattle/Texas/24-008749-003/2024(H5N1)	1115	13476
NP|PP755592.1|A/cattle/Texas/24-008749-003/2024(H5N1)	1116	13522
NP|PP755592.1|A/cattle/Texas/24-008749-003/2024(H5N1)	1117	13589
NP|PP755592.1|A/cattle/Texas/24-008749-003/2024(H5N1)	1118	13685
NP|PP755592.1|A/cattle/Texas/24-008749-003/2024(H5N1)	1119	13522
NP|PP755592.1|A/cattle/Texas/24-008749-003/2024(H5N1)	1120	13564
NP|PP755592.1|A/cattle/Texas/24-008749-003/2024(H5N1)	1121	13491
NP|PP755592.1|A/cattle/Texas/24-008749-003/2024(H5N1)	1122	13540
NP|PP755592.1|A/cattle/Texas/24-008749-003/2024(H5N1)	1123	13556
NP|PP755592.1|A/cattle/Texas/24-008749-003/2024(H5N1)	1124	13609
NP|PP755592.1|A/cattle/Texas/24-008749-003/2024(H5N1)	1125	13992
NP|PP755592.1|A/cattle/Texas/24-008749-003/2024(H5N1)	1126	13948
NP|PP755592.1|A/cattle/Texas/24-008749-003/2024(H5N1)	1127	14042
NP|PP755592.1|A/cattle/Texas/24-008749-003/2024(H5N1)	1128	14060
NP|PP755592.1|A/cattle/Texas/24-008749-003/2024(H5N1)	1129	13983
NP|PP755592.1|A/cattle/Texas/24-008749-003/2024(H5N1)	1130	14010
NP|PP755592.1|A/cattle/Texas/24-008749-003/2024(H5N1)	1131	14252
NP|PP755592.1|A/cattle/Texas/24-008749-003/2024(H5N1)	1132	14230
NP|PP755592.1|A/cattle/Texas/24-008749-003/2024(H5N1)	1133	14213
NP|PP755592.1|A/cattle/Texas/24-008749-003/2024(H5N1)	1134	13802
NP|PP755592.1|A/cattle/Texas/24-008749-003/2024(H5N1)	1135	13828
NP|PP755592.1|A/cattle/Texas/24-008749-003/2024(H5N1)	1136	13662
NP|PP755592.1|A/cattle/Texas/24-008749-003/2024(H5N1)	1137	13648
NP|PP755592.1|A/cattle/Texas/24-008749-003/2024(H5N1)	1138	13684
NP|PP755592.1|A/cattle/Texas/24-008749-003/2024(H5N1)	1139	13648
NP|PP755592.1|A/cattle/Texas/24-008749-003/2024(H5N1)	1140	13624
NP|PP755592.1|A/cattle/Texas/24-008749-003/2024(H5N1)	1141	13651
NP|PP755592.1|A/cattle/Texas/24-008749-003/2024(H5N1)	1142	13107
NP|PP755592.1|A/cattle/Texas/24-008749-003/2024(H5N1)	1143	13283
NP|PP755592.1|A/cattle/Texas/24-008749-003/2024(H5N1)	1144	13211
NP|PP755592.1|A/cattle/Texas/24-008749-003/2024(H5N1)	1145	13002
NP|PP755592.1|A/cattle/Texas/24-008749-003/2024(H5N1)	1146	13132
NP|PP755592.1|A/cattle/Texas/24-008749-003/2024(H5N1)	1147	13031
NP|PP755592.1|A/cattle/Texas/24-008749-003/2024(H5N1)	1148	13138
NP|PP755592.1|A/cattle/Texas/24-008749-003/2024(H5N1)	1149	13383
NP|PP755592.1|A/cattle/Texas/24-008749-003/2024(H5N1)	1150	13307
NP|PP755592.1|A/cattle/Texas/24-008749-003/2024(H5N1)	1151	13372
NP|PP755592.1|A/cattle/Texas/24-008749-003/2024(H5N1)	1152	13449
NP|PP755592.1|A/cattle/Texas/24-008749-003/2024(H5N1)	1153	13536
NP|PP755592.1|A/cattle/Texas/24-008749-003/2024(H5N1)	1154	13521
NP|PP755592.1|A/cattle/Texas/24-008749-003/2024(H5N1)	1155	13575
NP|PP755592.1|A/cattle/Texas/24-008749-003/2024(H5N1)	1156	13335
NP|PP755592.1|A/cattle/Texas/24-008749-003/2024(H5N1)	1157	13383
NP|PP755592.1|A/cattle/Texas/24-008749-003/2024(H5N1)	1158	13451
NP|PP755592.1|A/cattle/Texas/24-008749-003/2024(H5N1)	1159	13474
NP|PP755592.1|A/cattle/Texas/24-008749-003/2024(H5N1)	1160	13502
NP|PP755592.1|A/cattle/Texas/24-008749-003/2024(H5N1)	1161	13218
NP|PP755592.1|A/cattle/Texas/24-008749-003/2024(H5N1)	1162	13236
NP|PP755592.1|A/cattle/Texas/24-008749-003/2024(H5N1)	1163	13227
NP|PP755592.1|A/cattle/Texas/24-008749-003/2024(H5N1)	1164	13224
NP|PP755592.1|A/cattle/Texas/24-008749-003/2024(H5N1)	1165	13219
NP|PP755592.1|A/cattle/Texas/24-008749-003/2024(H5N1)	1166	13203
NP|PP755592.1|A/cattle/Texas/24-008749-003/2024(H5N1)	1167	13289
NP|PP755592.1|A/cattle/Texas/24-008749-003/2024(H5N1)	1168	13332
NP|PP755592.1|A/cattle/Texas/24-008749-003/2024(H5N1)	1169	12764
NP|PP755592.1|A/cattle/Texas/24-008749-003/2024(H5N1)	1170	12777
NP|PP755592.1|A/cattle/Texas/24-008749-003/2024(H5N1)	1171	12731
NP|PP755592.1|A/cattle/Texas/24-008749-003/2024(H5N1)	1172	12833
NP|PP755592.1|A/cattle/Texas/24-008749-003/2024(H5N1)	1173	12883
NP|PP755592.1|A/cattle/Texas/24-008749-003/2024(H5N1)	1174	12885
NP|PP755592.1|A/cattle/Texas/24-008749-003/2024(H5N1)	1175	12972
NP|PP755592.1|A/cattle/Texas/24-008749-003/2024(H5N1)	1176	13111
NP|PP755592.1|A/cattle/Texas/24-008749-003/2024(H5N1)	1177	13134
NP|PP755592.1|A/cattle/Texas/24-008749-003/2024(H5N1)	1178	13107
NP|PP755592.1|A/cattle/Texas/24-008749-003/2024(H5N1)	1179	13149
NP|PP755592.1|A/cattle/Texas/24-008749-003/2024(H5N1)	1180	13133
NP|PP755592.1|A/cattle/Texas/24-008749-003/2024(H5N1)	1181	13206
NP|PP755592.1|A/cattle/Texas/24-008749-003/2024(H5N1)	1182	13279
NP|PP755592.1|A/cattle/Texas/24-008749-003/2024(H5N1)	1183	13292
NP|PP755592.1|A/cattle/Texas/24-008749-003/2024(H5N1)	1184	13340
NP|PP755592.1|A/cattle/Texas/24-008749-003/2024(H5N1)	1185	13313
NP|PP755592.1|A/cattle/Texas/24-008749-003/2024(H5N1)	1186	13295
NP|PP755592.1|A/cattle/Texas/24-008749-003/2024(H5N1)	1187	13387
NP|PP755592.1|A/cattle/Texas/24-008749-003/2024(H5N1)	1188	13254
NP|PP755592.1|A/cattle/Texas/24-008749-003/2024(H5N1)	1189	13841
NP|PP755592.1|A/cattle/Texas/24-008749-003/2024(H5N1)	1190	13941
NP|PP755592.1|A/cattle/Texas/24-008749-003/2024(H5N1)	1191	13939
NP|PP755592.1|A/cattle/Texas/24-008749-003/2024(H5N1)	1192	13921
NP|PP755592.1|A/cattle/Texas/24-008749-003/2024(H5N1)	1193	13593
NP|PP755592.1|A/cattle/Texas/24-008749-003/2024(H5N1)	1194	13740
NP|PP755592.1|A/cattle/Texas/24-008749-003/2024(H5N1)	1195	13750
NP|PP755592.1|A/cattle/Texas/24-008749-003/2024(H5N1)	1196	13657
NP|PP755592.1|A/cattle/Texas/24-008749-003/2024(H5N1)	1197	13628
NP|PP755592.1|A/cattle/Texas/24-008749-003/2024(H5N1)	1198	13292
NP|PP755592.1|A/cattle/Texas/24-008749-003/2024(H5N1)	1199	13479
NP|PP755592.1|A/cattle/Texas/24-008749-003/2024(H5N1)	1200	13400
NP|PP755592.1|A/cattle/Texas/24-008749-003/2024(H5N1)	1201	13416
NP|PP755592.1|A/cattle/Texas/24-008749-003/2024(H5N1)	1202	13206
NP|PP755592.1|A/cattle/Texas/24-008749-003/2024(H5N1)	1203	13125
NP|PP755592.1|A/cattle/Texas/24-008749-003/2024(H5N1)	1204	13125
NP|PP755592.1|A/cattle/Texas/24-008749-003/2024(H5N1)	1205	13059
NP|PP755592.1|A/cattle/Texas/24-008749-003/2024(H5N1)	1206	12815
NP|PP755592.1|A/cattle/Texas/24-008749-003/2024(H5N1)	1207	12808
NP|PP755592.1|A/cattle/Texas/24-008749-003/2024(H5N1)	1208	12775
NP|PP755592.1|A/cattle/Texas/24-008749-003/2024(H5N1)	1209	12589
NP|PP755592.1|A/cattle/Texas/24-008749-003/2024(H5N1)	1210	12779
NP|PP755592.1|A/cattle/Texas/24-008749-003/2024(H5N1)	1211	12975
NP|PP755592.1|A/cattle/Texas/24-008749-003/2024(H5N1)	1212	12934
NP|PP755592.1|A/cattle/Texas/24-008749-003/2024(H5N1)	1213	13136
NP|PP755592.1|A/cattle/Texas/24-008749-003/2024(H5N1)	1214	13116
NP|PP755592.1|A/cattle/Texas/24-008749-003/2024(H5N1)	1215	13027
NP|PP755592.1|A/cattle/Texas/24-008749-003/2024(H5N1)	1216	13083
NP|PP755592.1|A/cattle/Texas/24-008749-003/2024(H5N1)	1217	13129
NP|PP755592.1|A/cattle/Texas/24-008749-003/2024(H5N1)	1218	13128
NP|PP755592.1|A/cattle/Texas/24-008749-003/2024(H5N1)	1219	12921
NP|PP755592.1|A/cattle/Texas/24-008749-003/2024(H5N1)	1220	12987
NP|PP755592.1|A/cattle/Texas/24-008749-003/2024(H5N1)	1221	13102
NP|PP755592.1|A/cattle/Texas/24-008749-003/2024(H5N1)	1222	13193
NP|PP755592.1|A/cattle/Texas/24-008749-003/2024(H5N1)	1223	13063
NP|PP755592.1|A/cattle/Texas/24-008749-003/2024(H5N1)	1224	12982
NP|PP755592.1|A/cattle/Texas/24-008749-003/2024(H5N1)	1225	12886
NP|PP755592.1|A/cattle/Texas/24-008749-003/2024(H5N1)	1226	12735
NP|PP755592.1|A/cattle/Texas/24-008749-003/2024(H5N1)	1227	13108
NP|PP755592.1|A/cattle/Texas/24-008749-003/2024(H5N1)	1228	13136
NP|PP755592.1|A/cattle/Texas/24-008749-003/2024(H5N1)	1229	12985
NP|PP755592.1|A/cattle/Texas/24-008749-003/2024(H5N1)	1230	13344
NP|PP755592.1|A/cattle/Texas/24-008749-003/2024(H5N1)	1231	13274
NP|PP755592.1|A/cattle/Texas/24-008749-003/2024(H5N1)	1232	13260
NP|PP755592.1|A/cattle/Texas/24-008749-003/2024(H5N1)	1233	13262
NP|PP755592.1|A/cattle/Texas/24-008749-003/2024(H5N1)	1234	13238
NP|PP755592.1|A/cattle/Texas/24-008749-003/2024(H5N1)	1235	13456
NP|PP755592.1|A/cattle/Texas/24-008749-003/2024(H5N1)	1236	13184
NP|PP755592.1|A/cattle/Texas/24-008749-003/2024(H5N1)	1237	13118
NP|PP755592.1|A/cattle/Texas/24-008749-003/2024(H5N1)	1238	13126
NP|PP755592.1|A/cattle/Texas/24-008749-003/2024(H5N1)	1239	12999
NP|PP755592.1|A/cattle/Texas/24-008749-003/2024(H5N1)	1240	13455
NP|PP755592.1|A/cattle/Texas/24-008749-003/2024(H5N1)	1241	13391
NP|PP755592.1|A/cattle/Texas/24-008749-003/2024(H5N1)	1242	13416
NP|PP755592.1|A/cattle/Texas/24-008749-003/2024(H5N1)	1243	13415
NP|PP755592.1|A/cattle/Texas/24-008749-003/2024(H5N1)	1244	13140
NP|PP755592.1|A/cattle/Texas/24-008749-003/2024(H5N1)	1245	13212
NP|PP755592.1|A/cattle/Texas/24-008749-003/2024(H5N1)	1246	13591
NP|PP755592.1|A/cattle/Texas/24-008749-003/2024(H5N1)	1247	13608
NP|PP755592.1|A/cattle/Texas/24-008749-003/2024(H5N1)	1248	13732
NP|PP755592.1|A/cattle/Texas/24-008749-003/2024(H5N1)	1249	13260
NP|PP755592.1|A/cattle/Texas/24-008749-003/2024(H5N1)	1250	13259
NP|PP755592.1|A/cattle/Texas/24-008749-003/2024(H5N1)	1251	13280
NP|PP755592.1|A/cattle/Texas/24-008749-003/2024(H5N1)	1252	13185
NP|PP755592.1|A/cattle/Texas/24-008749-003/2024(H5N1)	1253	13193
NP|PP755592.1|A/cattle/Texas/24-008749-003/2024(H5N1)	1254	13150
NP|PP755592.1|A/cattle/Texas/24-008749-003/2024(H5N1)	1255	13147
NP|PP755592.1|A/cattle/Texas/24-008749-003/2024(H5N1)	1256	13149
NP|PP755592.1|A/cattle/Texas/24-008749-003/2024(H5N1)	1257	13186
NP|PP755592.1|A/cattle/Texas/24-008749-003/2024(H5N1)	1258	13190
NP|PP755592.1|A/cattle/Texas/24-008749-003/2024(H5N1)	1259	13192
NP|PP755592.1|A/cattle/Texas/24-008749-003/2024(H5N1)	1260	13095
NP|PP755592.1|A/cattle/Texas/24-008749-003/2024(H5N1)	1261	13085
NP|PP755592.1|A/cattle/Texas/24-008749-003/2024(H5N1)	1262	13142
NP|PP755592.1|A/cattle/Texas/24-008749-003/2024(H5N1)	1263	13129
NP|PP755592.1|A/cattle/Texas/24-008749-003/2024(H5N1)	1264	13120
NP|PP755592.1|A/cattle/Texas/24-008749-003/2024(H5N1)	1265	13181
NP|PP755592.1|A/cattle/Texas/24-008749-003/2024(H5N1)	1266	13132
NP|PP755592.1|A/cattle/Texas/24-008749-003/2024(H5N1)	1267	13118
NP|PP755592.1|A/cattle/Texas/24-008749-003/2024(H5N1)	1268	12985
NP|PP755592.1|A/cattle/Texas/24-008749-003/2024(H5N1)	1269	13003
NP|PP755592.1|A/cattle/Texas/24-008749-003/2024(H5N1)	1270	13155
NP|PP755592.1|A/cattle/Texas/24-008749-003/2024(H5N1)	1271	13130
NP|PP755592.1|A/cattle/Texas/24-008749-003/2024(H5N1)	1272	13254
NP|PP755592.1|A/cattle/Texas/24-008749-003/2024(H5N1)	1273	13244
NP|PP755592.1|A/cattle/Texas/24-008749-003/2024(H5N1)	1274	13198
NP|PP755592.1|A/cattle/Texas/24-008749-003/2024(H5N1)	1275	12858
NP|PP755592.1|A/cattle/Texas/24-008749-003/2024(H5N1)	1276	12897
NP|PP755592.1|A/cattle/Texas/24-008749-003/2024(H5N1)	1277	12913
NP|PP755592.1|A/cattle/Texas/24-008749-003/2024(H5N1)	1278	12730
NP|PP755592.1|A/cattle/Texas/24-008749-003/2024(H5N1)	1279	12623
NP|PP755592.1|A/cattle/Texas/24-008749-003/2024(H5N1)	1280	12616
NP|PP755592.1|A/cattle/Texas/24-008749-003/2024(H5N1)	1281	12371
NP|PP755592.1|A/cattle/Texas/24-008749-003/2024(H5N1)	1282	12419
NP|PP755592.1|A/cattle/Texas/24-008749-003/2024(H5N1)	1283	12043
NP|PP755592.1|A/cattle/Texas/24-008749-003/2024(H5N1)	1284	12137
NP|PP755592.1|A/cattle/Texas/24-008749-003/2024(H5N1)	1285	12164
NP|PP755592.1|A/cattle/Texas/24-008749-003/2024(H5N1)	1286	12110
NP|PP755592.1|A/cattle/Texas/24-008749-003/2024(H5N1)	1287	12113
NP|PP755592.1|A/cattle/Texas/24-008749-003/2024(H5N1)	1288	12118
NP|PP755592.1|A/cattle/Texas/24-008749-003/2024(H5N1)	1289	12089
NP|PP755592.1|A/cattle/Texas/24-008749-003/2024(H5N1)	1290	12098
NP|PP755592.1|A/cattle/Texas/24-008749-003/2024(H5N1)	1291	12122
NP|PP755592.1|A/cattle/Texas/24-008749-003/2024(H5N1)	1292	12765
NP|PP755592.1|A/cattle/Texas/24-008749-003/2024(H5N1)	1293	12760
NP|PP755592.1|A/cattle/Texas/24-008749-003/2024(H5N1)	1294	12607
NP|PP755592.1|A/cattle/Texas/24-008749-003/2024(H5N1)	1295	12681
NP|PP755592.1|A/cattle/Texas/24-008749-003/2024(H5N1)	1296	12780
NP|PP755592.1|A/cattle/Texas/24-008749-003/2024(H5N1)	1297	12804
NP|PP755592.1|A/cattle/Texas/24-008749-003/2024(H5N1)	1298	12653
NP|PP755592.1|A/cattle/Texas/24-008749-003/2024(H5N1)	1299	12363
NP|PP755592.1|A/cattle/Texas/24-008749-003/2024(H5N1)	1300	12370
NP|PP755592.1|A/cattle/Texas/24-008749-003/2024(H5N1)	1301	12547
NP|PP755592.1|A/cattle/Texas/24-008749-003/2024(H5N1)	1302	12554
NP|PP755592.1|A/cattle/Texas/24-008749-003/2024(H5N1)	1303	12288
NP|PP755592.1|A/cattle/Texas/24-008749-003/2024(H5N1)	1304	12270
NP|PP755592.1|A/cattle/Texas/24-008749-003/2024(H5N1)	1305	12283
NP|PP755592.1|A/cattle/Texas/24-008749-003/2024(H5N1)	1306	12176
NP|PP755592.1|A/cattle/Texas/24-008749-003/2024(H5N1)	1307	12194
NP|PP755592.1|A/cattle/Texas/24-008749-003/2024(H5N1)	1308	12271
NP|PP755592.1|A/cattle/Texas/24-008749-003/2024(H5N1)	1309	12228
NP|PP755592.1|A/cattle/Texas/24-008749-003/2024(H5N1)	1310	12289
NP|PP755592.1|A/cattle/Texas/24-008749-003/2024(H5N1)	1311	12196
NP|PP755592.1|A/cattle/Texas/24-008749-003/2024(H5N1)	1312	12223
NP|PP755592.1|A/cattle/Texas/24-008749-003/2024(H5N1)	1313	12204
NP|PP755592.1|A/cattle/Texas/24-008749-003/2024(H5N1)	1314	12201
NP|PP755592.1|A/cattle/Texas/24-008749-003/2024(H5N1)	1315	12223
NP|PP755592.1|A/cattle/Texas/24-008749-003/2024(H5N1)	1316	12329
NP|PP755592.1|A/cattle/Texas/24-008749-003/2024(H5N1)	1317	12375
NP|PP755592.1|A/cattle/Texas/24-008749-003/2024(H5N1)	1318	12287
NP|PP755592.1|A/cattle/Texas/24-008749-003/2024(H5N1)	1319	12182
NP|PP755592.1|A/cattle/Texas/24-008749-003/2024(H5N1)	1320	12156
NP|PP755592.1|A/cattle/Texas/24-008749-003/2024(H5N1)	1321	12128
NP|PP755592.1|A/cattle/Texas/24-008749-003/2024(H5N1)	1322	12204
NP|PP755592.1|A/cattle/Texas/24-008749-003/2024(H5N1)	1323	12195
NP|PP755592.1|A/cattle/Texas/24-008749-003/2024(H5N1)	1324	12155
NP|PP755592.1|A/cattle/Texas/24-008749-003/2024(H5N1)	1325	12024
NP|PP755592.1|A/cattle/Texas/24-008749-003/2024(H5N1)	1326	11798
NP|PP755592.1|A/cattle/Texas/24-008749-003/2024(H5N1)	1327	11814
NP|PP755592.1|A/cattle/Texas/24-008749-003/2024(H5N1)	1328	11723
NP|PP755592.1|A/cattle/Texas/24-008749-003/2024(H5N1)	1329	11709
NP|PP755592.1|A/cattle/Texas/24-008749-003/2024(H5N1)	1330	11849
NP|PP755592.1|A/cattle/Texas/24-008749-003/2024(H5N1)	1331	11731
NP|PP755592.1|A/cattle/Texas/24-008749-003/2024(H5N1)	1332	11708
NP|PP755592.1|A/cattle/Texas/24-008749-003/2024(H5N1)	1333	12873
NP|PP755592.1|A/cattle/Texas/24-008749-003/2024(H5N1)	1334	12865
NP|PP755592.1|A/cattle/Texas/24-008749-003/2024(H5N1)	1335	12873
NP|PP755592.1|A/cattle/Texas/24-008749-003/2024(H5N1)	1336	12828
NP|PP755592.1|A/cattle/Texas/24-008749-003/2024(H5N1)	1337	12948
NP|PP755592.1|A/cattle/Texas/24-008749-003/2024(H5N1)	1338	12784
NP|PP755592.1|A/cattle/Texas/24-008749-003/2024(H5N1)	1339	12841
NP|PP755592.1|A/cattle/Texas/24-008749-003/2024(H5N1)	1340	12364
NP|PP755592.1|A/cattle/Texas/24-008749-003/2024(H5N1)	1341	12247
NP|PP755592.1|A/cattle/Texas/24-008749-003/2024(H5N1)	1342	12901
NP|PP755592.1|A/cattle/Texas/24-008749-003/2024(H5N1)	1343	13200
NP|PP755592.1|A/cattle/Texas/24-008749-003/2024(H5N1)	1344	13210
NP|PP755592.1|A/cattle/Texas/24-008749-003/2024(H5N1)	1345	13098
NP|PP755592.1|A/cattle/Texas/24-008749-003/2024(H5N1)	1346	12783
NP|PP755592.1|A/cattle/Texas/24-008749-003/2024(H5N1)	1347	12777
NP|PP755592.1|A/cattle/Texas/24-008749-003/2024(H5N1)	1348	12711
NP|PP755592.1|A/cattle/Texas/24-008749-003/2024(H5N1)	1349	12780
NP|PP755592.1|A/cattle/Texas/24-008749-003/2024(H5N1)	1350	12667
NP|PP755592.1|A/cattle/Texas/24-008749-003/2024(H5N1)	1351	12637
NP|PP755592.1|A/cattle/Texas/24-008749-003/2024(H5N1)	1352	12583
NP|PP755592.1|A/cattle/Texas/24-008749-003/2024(H5N1)	1353	12552
NP|PP755592.1|A/cattle/Texas/24-008749-003/2024(H5N1)	1354	12445
NP|PP755592.1|A/cattle/Texas/24-008749-003/2024(H5N1)	1355	12486
NP|PP755592.1|A/cattle/Texas/24-008749-003/2024(H5N1)	1356	12349
NP|PP755592.1|A/cattle/Texas/24-008749-003/2024(H5N1)	1357	12452
NP|PP755592.1|A/cattle/Texas/24-008749-003/2024(H5N1)	1358	12214
NP|PP755592.1|A/cattle/Texas/24-008749-003/2024(H5N1)	1359	12006
NP|PP755592.1|A/cattle/Texas/24-008749-003/2024(H5N1)	1360	12019
NP|PP755592.1|A/cattle/Texas/24-008749-003/2024(H5N1)	1361	12037
NP|PP755592.1|A/cattle/Texas/24-008749-003/2024(H5N1)	1362	12047
NP|PP755592.1|A/cattle/Texas/24-008749-003/2024(H5N1)	1363	12036
NP|PP755592.1|A/cattle/Texas/24-008749-003/2024(H5N1)	1364	11874
NP|PP755592.1|A/cattle/Texas/24-008749-003/2024(H5N1)	1365	11964
NP|PP755592.1|A/cattle/Texas/24-008749-003/2024(H5N1)	1366	11786
NP|PP755592.1|A/cattle/Texas/24-008749-003/2024(H5N1)	1367	11756
NP|PP755592.1|A/cattle/Texas/24-008749-003/2024(H5N1)	1368	11642
NP|PP755592.1|A/cattle/Texas/24-008749-003/2024(H5N1)	1369	13411
NP|PP755592.1|A/cattle/Texas/24-008749-003/2024(H5N1)	1370	13344
NP|PP755592.1|A/cattle/Texas/24-008749-003/2024(H5N1)	1371	13529
NP|PP755592.1|A/cattle/Texas/24-008749-003/2024(H5N1)	1372	13596
NP|PP755592.1|A/cattle/Texas/24-008749-003/2024(H5N1)	1373	13527
NP|PP755592.1|A/cattle/Texas/24-008749-003/2024(H5N1)	1374	13681
NP|PP755592.1|A/cattle/Texas/24-008749-003/2024(H5N1)	1375	13638
NP|PP755592.1|A/cattle/Texas/24-008749-003/2024(H5N1)	1376	13556
NP|PP755592.1|A/cattle/Texas/24-008749-003/2024(H5N1)	1377	13544
NP|PP755592.1|A/cattle/Texas/24-008749-003/2024(H5N1)	1378	13192
NP|PP755592.1|A/cattle/Texas/24-008749-003/2024(H5N1)	1379	13139
NP|PP755592.1|A/cattle/Texas/24-008749-003/2024(H5N1)	1380	13114
NP|PP755592.1|A/cattle/Texas/24-008749-003/2024(H5N1)	1381	12709
NP|PP755592.1|A/cattle/Texas/24-008749-003/2024(H5N1)	1382	12708
NP|PP755592.1|A/cattle/Texas/24-008749-003/2024(H5N1)	1383	12648
NP|PP755592.1|A/cattle/Texas/24-008749-003/2024(H5N1)	1384	12649
NP|PP755592.1|A/cattle/Texas/24-008749-003/2024(H5N1)	1385	12644
NP|PP755592.1|A/cattle/Texas/24-008749-003/2024(H5N1)	1386	12403
NP|PP755592.1|A/cattle/Texas/24-008749-003/2024(H5N1)	1387	12486
NP|PP755592.1|A/cattle/Texas/24-008749-003/2024(H5N1)	1388	12167
NP|PP755592.1|A/cattle/Texas/24-008749-003/2024(H5N1)	1389	11768
NP|PP755592.1|A/cattle/Texas/24-008749-003/2024(H5N1)	1390	11751
NP|PP755592.1|A/cattle/Texas/24-008749-003/2024(H5N1)	1391	11746
NP|PP755592.1|A/cattle/Texas/24-008749-003/2024(H5N1)	1392	11722
NP|PP755592.1|A/cattle/Texas/24-008749-003/2024(H5N1)	1393	11716
NP|PP755592.1|A/cattle/Texas/24-008749-003/2024(H5N1)	1394	11671
NP|PP755592.1|A/cattle/Texas/24-008749-003/2024(H5N1)	1395	11674
NP|PP755592.1|A/cattle/Texas/24-008749-003/2024(H5N1)	1396	11182
NP|PP755592.1|A/cattle/Texas/24-008749-003/2024(H5N1)	1397	11081
NP|PP755592.1|A/cattle/Texas/24-008749-003/2024(H5N1)	1398	11008
NP|PP755592.1|A/cattle/Texas/24-008749-003/2024(H5N1)	1399	10995
NP|PP755592.1|A/cattle/Texas/24-008749-003/2024(H5N1)	1400	10995
NP|PP755592.1|A/cattle/Texas/24-008749-003/2024(H5N1)	1401	10995
NP|PP755592.1|A/cattle/Texas/24-008749-003/2024(H5N1)	1402	10969
NP|PP755592.1|A/cattle/Texas/24-008749-003/2024(H5N1)	1403	10965
NP|PP755592.1|A/cattle/Texas/24-008749-003/2024(H5N1)	1404	10929
NP|PP755592.1|A/cattle/Texas/24-008749-003/2024(H5N1)	1405	10914
NP|PP755592.1|A/cattle/Texas/24-008749-003/2024(H5N1)	1406	10895
NP|PP755592.1|A/cattle/Texas/24-008749-003/2024(H5N1)	1407	10846
NP|PP755592.1|A/cattle/Texas/24-008749-003/2024(H5N1)	1408	10815
NP|PP755592.1|A/cattle/Texas/24-008749-003/2024(H5N1)	1409	10808
NP|PP755592.1|A/cattle/Texas/24-008749-003/2024(H5N1)	1410	10810
NP|PP755592.1|A/cattle/Texas/24-008749-003/2024(H5N1)	1411	10741
NP|PP755592.1|A/cattle/Texas/24-008749-003/2024(H5N1)	1412	10727
NP|PP755592.1|A/cattle/Texas/24-008749-003/2024(H5N1)	1413	10679
NP|PP755592.1|A/cattle/Texas/24-008749-003/2024(H5N1)	1414	10679
NP|PP755592.1|A/cattle/Texas/24-008749-003/2024(H5N1)	1415	10573
NP|PP755592.1|A/cattle/Texas/24-008749-003/2024(H5N1)	1416	10581
NP|PP755592.1|A/cattle/Texas/24-008749-003/2024(H5N1)	1417	10575
NP|PP755592.1|A/cattle/Texas/24-008749-003/2024(H5N1)	1418	10552
NP|PP755592.1|A/cattle/Texas/24-008749-003/2024(H5N1)	1419	10533
NP|PP755592.1|A/cattle/Texas/24-008749-003/2024(H5N1)	1420	10440
NP|PP755592.1|A/cattle/Texas/24-008749-003/2024(H5N1)	1421	10353
NP|PP755592.1|A/cattle/Texas/24-008749-003/2024(H5N1)	1422	10350
NP|PP755592.1|A/cattle/Texas/24-008749-003/2024(H5N1)	1423	10177
NP|PP755592.1|A/cattle/Texas/24-008749-003/2024(H5N1)	1424	10177
NP|PP755592.1|A/cattle/Texas/24-008749-003/2024(H5N1)	1425	10088
NP|PP755592.1|A/cattle/Texas/24-008749-003/2024(H5N1)	1426	10074
NP|PP755592.1|A/cattle/Texas/24-008749-003/2024(H5N1)	1427	9990
NP|PP755592.1|A/cattle/Texas/24-008749-003/2024(H5N1)	1428	9972
NP|PP755592.1|A/cattle/Texas/24-008749-003/2024(H5N1)	1429	9968
NP|PP755592.1|A/cattle/Texas/24-008749-003/2024(H5N1)	1430	9929
NP|PP755592.1|A/cattle/Texas/24-008749-003/2024(H5N1)	1431	9834
NP|PP755592.1|A/cattle/Texas/24-008749-003/2024(H5N1)	1432	9793
NP|PP755592.1|A/cattle/Texas/24-008749-003/2024(H5N1)	1433	9786
NP|PP755592.1|A/cattle/Texas/24-008749-003/2024(H5N1)	1434	9766
NP|PP755592.1|A/cattle/Texas/24-008749-003/2024(H5N1)	1435	9669
NP|PP755592.1|A/cattle/Texas/24-008749-003/2024(H5N1)	1436	9643
NP|PP755592.1|A/cattle/Texas/24-008749-003/2024(H5N1)	1437	9604
NP|PP755592.1|A/cattle/Texas/24-008749-003/2024(H5N1)	1438	9612
NP|PP755592.1|A/cattle/Texas/24-008749-003/2024(H5N1)	1439	9598
NP|PP755592.1|A/cattle/Texas/24-008749-003/2024(H5N1)	1440	9559
NP|PP755592.1|A/cattle/Texas/24-008749-003/2024(H5N1)	1441	9520
NP|PP755592.1|A/cattle/Texas/24-008749-003/2024(H5N1)	1442	8669
NP|PP755592.1|A/cattle/Texas/24-008749-003/2024(H5N1)	1443	8664
NP|PP755592.1|A/cattle/Texas/24-008749-003/2024(H5N1)	1444	8643
NP|PP755592.1|A/cattle/Texas/24-008749-003/2024(H5N1)	1445	8642
NP|PP755592.1|A/cattle/Texas/24-008749-003/2024(H5N1)	1446	8547
NP|PP755592.1|A/cattle/Texas/24-008749-003/2024(H5N1)	1447	8319
NP|PP755592.1|A/cattle/Texas/24-008749-003/2024(H5N1)	1448	8288
NP|PP755592.1|A/cattle/Texas/24-008749-003/2024(H5N1)	1449	8239
NP|PP755592.1|A/cattle/Texas/24-008749-003/2024(H5N1)	1450	8245
NP|PP755592.1|A/cattle/Texas/24-008749-003/2024(H5N1)	1451	8236
NP|PP755592.1|A/cattle/Texas/24-008749-003/2024(H5N1)	1452	8018
NP|PP755592.1|A/cattle/Texas/24-008749-003/2024(H5N1)	1453	7944
NP|PP755592.1|A/cattle/Texas/24-008749-003/2024(H5N1)	1454	7850
NP|PP755592.1|A/cattle/Texas/24-008749-003/2024(H5N1)	1455	7776
NP|PP755592.1|A/cattle/Texas/24-008749-003/2024(H5N1)	1456	7768
NP|PP755592.1|A/cattle/Texas/24-008749-003/2024(H5N1)	1457	7659
NP|PP755592.1|A/cattle/Texas/24-008749-003/2024(H5N1)	1458	7606
NP|PP755592.1|A/cattle/Texas/24-008749-003/2024(H5N1)	1459	7574
NP|PP755592.1|A/cattle/Texas/24-008749-003/2024(H5N1)	1460	7538
NP|PP755592.1|A/cattle/Texas/24-008749-003/2024(H5N1)	1461	7482
NP|PP755592.1|A/cattle/Texas/24-008749-003/2024(H5N1)	1462	7416
NP|PP755592.1|A/cattle/Texas/24-008749-003/2024(H5N1)	1463	7377
NP|PP755592.1|A/cattle/Texas/24-008749-003/2024(H5N1)	1464	7297
NP|PP755592.1|A/cattle/Texas/24-008749-003/2024(H5N1)	1465	7163
NP|PP755592.1|A/cattle/Texas/24-008749-003/2024(H5N1)	1466	7162
NP|PP755592.1|A/cattle/Texas/24-008749-003/2024(H5N1)	1467	7091
NP|PP755592.1|A/cattle/Texas/24-008749-003/2024(H5N1)	1468	7063
NP|PP755592.1|A/cattle/Texas/24-008749-003/2024(H5N1)	1469	7060
NP|PP755592.1|A/cattle/Texas/24-008749-003/2024(H5N1)	1470	7019
NP|PP755592.1|A/cattle/Texas/24-008749-003/2024(H5N1)	1471	7018
NP|PP755592.1|A/cattle/Texas/24-008749-003/2024(H5N1)	1472	7009
NP|PP755592.1|A/cattle/Texas/24-008749-003/2024(H5N1)	1473	6933
NP|PP755592.1|A/cattle/Texas/24-008749-003/2024(H5N1)	1474	6851
NP|PP755592.1|A/cattle/Texas/24-008749-003/2024(H5N1)	1475	6846
NP|PP755592.1|A/cattle/Texas/24-008749-003/2024(H5N1)	1476	6841
NP|PP755592.1|A/cattle/Texas/24-008749-003/2024(H5N1)	1477	6841
NP|PP755592.1|A/cattle/Texas/24-008749-003/2024(H5N1)	1478	6828
NP|PP755592.1|A/cattle/Texas/24-008749-003/2024(H5N1)	1479	6644
NP|PP755592.1|A/cattle/Texas/24-008749-003/2024(H5N1)	1480	6600
NP|PP755592.1|A/cattle/Texas/24-008749-003/2024(H5N1)	1481	6547
NP|PP755592.1|A/cattle/Texas/24-008749-003/2024(H5N1)	1482	6433
NP|PP755592.1|A/cattle/Texas/24-008749-003/2024(H5N1)	1483	6377
NP|PP755592.1|A/cattle/Texas/24-008749-003/2024(H5N1)	1484	5068
NP|PP755592.1|A/cattle/Texas/24-008749-003/2024(H5N1)	1485	5066
NP|PP755592.1|A/cattle/Texas/24-008749-003/2024(H5N1)	1486	4802
NP|PP755592.1|A/cattle/Texas/24-008749-003/2024(H5N1)	1487	4795
NP|PP755592.1|A/cattle/Texas/24-008749-003/2024(H5N1)	1488	4726
NP|PP755592.1|A/cattle/Texas/24-008749-003/2024(H5N1)	1489	4616
NP|PP755592.1|A/cattle/Texas/24-008749-003/2024(H5N1)	1490	4610
NP|PP755592.1|A/cattle/Texas/24-008749-003/2024(H5N1)	1491	4502
NP|PP755592.1|A/cattle/Texas/24-008749-003/2024(H5N1)	1492	3675
NP|PP755592.1|A/cattle/Texas/24-008749-003/2024(H5N1)	1493	3672
NP|PP755592.1|A/cattle/Texas/24-008749-003/2024(H5N1)	1494	3333
NP|PP755592.1|A/cattle/Texas/24-008749-003/2024(H5N1)	1495	3296
NP|PP755592.1|A/cattle/Texas/24-008749-003/2024(H5N1)	1496	3274
NP|PP755592.1|A/cattle/Texas/24-008749-003/2024(H5N1)	1497	3271
