MP|PP755590.1|A/cattle/Texas/24-008749-003/2024(H5N1)	1	9789
MP|PP755590.1|A/cattle/Texas/24-008749-003/2024(H5N1)	2	9934
MP|PP755590.1|A/cattle/Texas/24-008749-003/2024(H5N1)	3	9967
MP|PP755590.1|A/cattle/Texas/24-008749-003/2024(H5N1)	4	10006
MP|PP755590.1|A/cattle/Texas/24-008749-003/2024(H5N1)	5	10608
MP|PP755590.1|A/cattle/Texas/24-008749-003/2024(H5N1)	6	10962
MP|PP755590.1|A/cattle/Texas/24-008749-003/2024(H5N1)	7	11800
MP|PP755590.1|A/cattle/Texas/24-008749-003/2024(H5N1)	8	12236
MP|PP755590.1|A/cattle/Texas/24-008749-003/2024(H5N1)	9	12379
MP|PP755590.1|A/cattle/Texas/24-008749-003/2024(H5N1)	10	12400
MP|PP755590.1|A/cattle/Texas/24-008749-003/2024(H5N1)	11	12494
MP|PP755590.1|A/cattle/Texas/24-008749-003/2024(H5N1)	12	12657
MP|PP755590.1|A/cattle/Texas/24-008749-003/2024(H5N1)	13	12763
MP|PP755590.1|A/cattle/Texas/24-008749-003/2024(H5N1)	14	12773
MP|PP755590.1|A/cattle/Texas/24-008749-003/2024(H5N1)	15	12781
MP|PP755590.1|A/cattle/Texas/24-008749-003/2024(H5N1)	16	12794
MP|PP755590.1|A/cattle/Texas/24-008749-003/2024(H5N1)	17	12884
MP|PP755590.1|A/cattle/Texas/24-008749-003/2024(H5N1)	18	12994
MP|PP755590.1|A/cattle/Texas/24-008749-003/2024(H5N1)	19	13620
MP|PP755590.1|A/cattle/Texas/24-008749-003/2024(H5N1)	20	13628
MP|PP755590.1|A/cattle/Texas/24-008749-003/2024(H5N1)	21	13650
MP|PP755590.1|A/cattle/Texas/24-008749-003/2024(H5N1)	22	13662
MP|PP755590.1|A/cattle/Texas/24-008749-003/2024(H5N1)	23	14052
MP|PP755590.1|A/cattle/Texas/24-008749-003/2024(H5N1)	24	14078
MP|PP755590.1|A/cattle/Texas/24-008749-003/2024(H5N1)	25	14128
MP|PP755590.1|A/cattle/Texas/24-008749-003/2024(H5N1)	26	14640
MP|PP755590.1|A/cattle/Texas/24-008749-003/2024(H5N1)	27	14678
MP|PP755590.1|A/cattle/Texas/24-008749-003/2024(H5N1)	28	14749
MP|PP755590.1|A/cattle/Texas/24-008749-003/2024(H5N1)	29	14780
MP|PP755590.1|A/cattle/Texas/24-008749-003/2024(H5N1)	30	14907
MP|PP755590.1|A/cattle/Texas/24-008749-003/2024(H5N1)	31	15008
MP|PP755590.1|A/cattle/Texas/24-008749-003/2024(H5N1)	32	15045
MP|PP755590.1|A/cattle/Texas/24-008749-003/2024(H5N1)	33	15532
MP|PP755590.1|A/cattle/Texas/24-008749-003/2024(H5N1)	34	15847
MP|PP755590.1|A/cattle/Texas/24-008749-003/2024(H5N1)	35	15841
MP|PP755590.1|A/cattle/Texas/24-008749-003/2024(H5N1)	36	16400
MP|PP755590.1|A/cattle/Texas/24-008749-003/2024(H5N1)	37	16394
MP|PP755590.1|A/cattle/Texas/24-008749-003/2024(H5N1)	38	17141
MP|PP755590.1|A/cattle/Texas/24-008749-003/2024(H5N1)	39	17188
MP|PP755590.1|A/cattle/Texas/24-008749-003/2024(H5N1)	40	17306
MP|PP755590.1|A/cattle/Texas/24-008749-003/2024(H5N1)	41	17304
MP|PP755590.1|A/cattle/Texas/24-008749-003/2024(H5N1)	42	17275
MP|PP755590.1|A/cattle/Texas/24-008749-003/2024(H5N1)	43	17345
MP|PP755590.1|A/cattle/Texas/24-008749-003/2024(H5N1)	44	17347
MP|PP755590.1|A/cattle/Texas/24-008749-003/2024(H5N1)	45	17376
MP|PP755590.1|A/cattle/Texas/24-008749-003/2024(H5N1)	46	17529
MP|PP755590.1|A/cattle/Texas/24-008749-003/2024(H5N1)	47	17687
MP|PP755590.1|A/cattle/Texas/24-008749-003/2024(H5N1)	48	17807
MP|PP755590.1|A/cattle/Texas/24-008749-003/2024(H5N1)	49	17815
MP|PP755590.1|A/cattle/Texas/24-008749-003/2024(H5N1)	50	17900
MP|PP755590.1|A/cattle/Texas/24-008749-003/2024(H5N1)	51	17905
MP|PP755590.1|A/cattle/Texas/24-008749-003/2024(H5N1)	52	18163
MP|PP755590.1|A/cattle/Texas/24-008749-003/2024(H5N1)	53	18616
MP|PP755590.1|A/cattle/Texas/24-008749-003/2024(H5N1)	54	18640
MP|PP755590.1|A/cattle/Texas/24-008749-003/2024(H5N1)	55	18654
MP|PP755590.1|A/cattle/Texas/24-008749-003/2024(H5N1)	56	18916
MP|PP755590.1|A/cattle/Texas/24-008749-003/2024(H5N1)	57	20252
MP|PP755590.1|A/cattle/Texas/24-008749-003/2024(H5N1)	58	20292
MP|PP755590.1|A/cattle/Texas/24-008749-003/2024(H5N1)	59	20428
MP|PP755590.1|A/cattle/Texas/24-008749-003/2024(H5N1)	60	20439
MP|PP755590.1|A/cattle/Texas/24-008749-003/2024(H5N1)	61	20552
MP|PP755590.1|A/cattle/Texas/24-008749-003/2024(H5N1)	62	20619
MP|PP755590.1|A/cattle/Texas/24-008749-003/2024(H5N1)	63	20893
MP|PP755590.1|A/cattle/Texas/24-008749-003/2024(H5N1)	64	20963
MP|PP755590.1|A/cattle/Texas/24-008749-003/2024(H5N1)	65	21096
MP|PP755590.1|A/cattle/Texas/24-008749-003/2024(H5N1)	66	20880
MP|PP755590.1|A/cattle/Texas/24-008749-003/2024(H5N1)	67	20892
MP|PP755590.1|A/cattle/Texas/24-008749-003/2024(H5N1)	68	20970
MP|PP755590.1|A/cattle/Texas/24-008749-003/2024(H5N1)	69	20990
MP|PP755590.1|A/cattle/Texas/24-008749-003/2024(H5N1)	70	21691
MP|PP755590.1|A/cattle/Texas/24-008749-003/2024(H5N1)	71	21708
MP|PP755590.1|A/cattle/Texas/24-008749-003/2024(H5N1)	72	21687
MP|PP755590.1|A/cattle/Texas/24-008749-003/2024(H5N1)	73	21824
MP|PP755590.1|A/cattle/Texas/24-008749-003/2024(H5N1)	74	21993
MP|PP755590.1|A/cattle/Texas/24-008749-003/2024(H5N1)	75	22010
MP|PP755590.1|A/cattle/Texas/24-008749-003/2024(H5N1)	76	22387
MP|PP755590.1|A/cattle/Texas/24-008749-003/2024(H5N1)	77	22376
MP|PP755590.1|A/cattle/Texas/24-008749-003/2024(H5N1)	78	22469
MP|PP755590.1|A/cattle/Texas/24-008749-003/2024(H5N1)	79	23149
MP|PP755590.1|A/cattle/Texas/24-008749-003/2024(H5N1)	80	24593
MP|PP755590.1|A/cattle/Texas/24-008749-003/2024(H5N1)	81	24695
MP|PP755590.1|A/cattle/Texas/24-008749-003/2024(H5N1)	82	24888
MP|PP755590.1|A/cattle/Texas/24-008749-003/2024(H5N1)	83	25247
MP|PP755590.1|A/cattle/Texas/24-008749-003/2024(H5N1)	84	25383
MP|PP755590.1|A/cattle/Texas/24-008749-003/2024(H5N1)	85	25681
MP|PP755590.1|A/cattle/Texas/24-008749-003/2024(H5N1)	86	25743
MP|PP755590.1|A/cattle/Texas/24-008749-003/2024(H5N1)	87	25736
MP|PP755590.1|A/cattle/Texas/24-008749-003/2024(H5N1)	88	25754
MP|PP755590.1|A/cattle/Texas/24-008749-003/2024(H5N1)	89	25376
MP|PP755590.1|A/cattle/Texas/24-008749-003/2024(H5N1)	90	25378
MP|PP755590.1|A/cattle/Texas/24-008749-003/2024(H5N1)	91	25393
MP|PP755590.1|A/cattle/Texas/24-008749-003/2024(H5N1)	92	25484
MP|PP755590.1|A/cattle/Texas/24-008749-003/2024(H5N1)	93	25503
MP|PP755590.1|A/cattle/Texas/24-008749-003/2024(H5N1)	94	25422
MP|PP755590.1|A/cattle/Texas/24-008749-003/2024(H5N1)	95	25446
MP|PP755590.1|A/cattle/Texas/24-008749-003/2024(H5N1)	96	25831
MP|PP755590.1|A/cattle/Texas/24-008749-003/2024(H5N1)	97	25856
MP|PP755590.1|A/cattle/Texas/24-008749-003/2024(H5N1)	98	25830
MP|PP755590.1|A/cattle/Texas/24-008749-003/2024(H5N1)	99	25787
MP|PP755590.1|A/cattle/Texas/24-008749-003/2024(H5N1)	100	26037
MP|PP755590.1|A/cattle/Texas/24-008749-003/2024(H5N1)	101	26066
MP|PP755590.1|A/cattle/Texas/24-008749-003/2024(H5N1)	102	26575
MP|PP755590.1|A/cattle/Texas/24-008749-003/2024(H5N1)	103	26681
MP|PP755590.1|A/cattle/Texas/24-008749-003/2024(H5N1)	104	26709
MP|PP755590.1|A/cattle/Texas/24-008749-003/2024(H5N1)	105	26930
MP|PP755590.1|A/cattle/Texas/24-008749-003/2024(H5N1)	106	27031
MP|PP755590.1|A/cattle/Texas/24-008749-003/2024(H5N1)	107	27118
MP|PP755590.1|A/cattle/Texas/24-008749-003/2024(H5N1)	108	27255
MP|PP755590.1|A/cattle/Texas/24-008749-003/2024(H5N1)	109	27144
MP|PP755590.1|A/cattle/Texas/24-008749-003/2024(H5N1)	110	27348
MP|PP755590.1|A/cattle/Texas/24-008749-003/2024(H5N1)	111	27118
MP|PP755590.1|A/cattle/Texas/24-008749-003/2024(H5N1)	112	27153
MP|PP755590.1|A/cattle/Texas/24-008749-003/2024(H5N1)	113	27806
MP|PP755590.1|A/cattle/Texas/24-008749-003/2024(H5N1)	114	27822
MP|PP755590.1|A/cattle/Texas/24-008749-003/2024(H5N1)	115	27999
MP|PP755590.1|A/cattle/Texas/24-008749-003/2024(H5N1)	116	27984
MP|PP755590.1|A/cattle/Texas/24-008749-003/2024(H5N1)	117	27946
MP|PP755590.1|A/cattle/Texas/24-008749-003/2024(H5N1)	118	27962
MP|PP755590.1|A/cattle/Texas/24-008749-003/2024(H5N1)	119	27993
MP|PP755590.1|A/cattle/Texas/24-008749-003/2024(H5N1)	120	28035
MP|PP755590.1|A/cattle/Texas/24-008749-003/2024(H5N1)	121	28087
MP|PP755590.1|A/cattle/Texas/24-008749-003/2024(H5N1)	122	27803
MP|PP755590.1|A/cattle/Texas/24-008749-003/2024(H5N1)	123	27957
MP|PP755590.1|A/cattle/Texas/24-008749-003/2024(H5N1)	124	26242
MP|PP755590.1|A/cattle/Texas/24-008749-003/2024(H5N1)	125	26463
MP|PP755590.1|A/cattle/Texas/24-008749-003/2024(H5N1)	126	25823
MP|PP755590.1|A/cattle/Texas/24-008749-003/2024(H5N1)	127	25791
MP|PP755590.1|A/cattle/Texas/24-008749-003/2024(H5N1)	128	25237
MP|PP755590.1|A/cattle/Texas/24-008749-003/2024(H5N1)	129	25196
MP|PP755590.1|A/cattle/Texas/24-008749-003/2024(H5N1)	130	25210
MP|PP755590.1|A/cattle/Texas/24-008749-003/2024(H5N1)	131	25123
MP|PP755590.1|A/cattle/Texas/24-008749-003/2024(H5N1)	132	25988
MP|PP755590.1|A/cattle/Texas/24-008749-003/2024(H5N1)	133	25213
MP|PP755590.1|A/cattle/Texas/24-008749-003/2024(H5N1)	134	25663
MP|PP755590.1|A/cattle/Texas/24-008749-003/2024(H5N1)	135	26166
MP|PP755590.1|A/cattle/Texas/24-008749-003/2024(H5N1)	136	25624
MP|PP755590.1|A/cattle/Texas/24-008749-003/2024(H5N1)	137	26273
MP|PP755590.1|A/cattle/Texas/24-008749-003/2024(H5N1)	138	26294
MP|PP755590.1|A/cattle/Texas/24-008749-003/2024(H5N1)	139	26280
MP|PP755590.1|A/cattle/Texas/24-008749-003/2024(H5N1)	140	26836
MP|PP755590.1|A/cattle/Texas/24-008749-003/2024(H5N1)	141	26937
MP|PP755590.1|A/cattle/Texas/24-008749-003/2024(H5N1)	142	27266
MP|PP755590.1|A/cattle/Texas/24-008749-003/2024(H5N1)	143	26895
MP|PP755590.1|A/cattle/Texas/24-008749-003/2024(H5N1)	144	26417
MP|PP755590.1|A/cattle/Texas/24-008749-003/2024(H5N1)	145	26430
MP|PP755590.1|A/cattle/Texas/24-008749-003/2024(H5N1)	146	27199
MP|PP755590.1|A/cattle/Texas/24-008749-003/2024(H5N1)	147	27616
MP|PP755590.1|A/cattle/Texas/24-008749-003/2024(H5N1)	148	27606
MP|PP755590.1|A/cattle/Texas/24-008749-003/2024(H5N1)	149	27253
MP|PP755590.1|A/cattle/Texas/24-008749-003/2024(H5N1)	150	27180
MP|PP755590.1|A/cattle/Texas/24-008749-003/2024(H5N1)	151	27325
MP|PP755590.1|A/cattle/Texas/24-008749-003/2024(H5N1)	152	27351
MP|PP755590.1|A/cattle/Texas/24-008749-003/2024(H5N1)	153	27666
MP|PP755590.1|A/cattle/Texas/24-008749-003/2024(H5N1)	154	26341
MP|PP755590.1|A/cattle/Texas/24-008749-003/2024(H5N1)	155	26949
MP|PP755590.1|A/cattle/Texas/24-008749-003/2024(H5N1)	156	26962
MP|PP755590.1|A/cattle/Texas/24-008749-003/2024(H5N1)	157	26969
MP|PP755590.1|A/cattle/Texas/24-008749-003/2024(H5N1)	158	26941
MP|PP755590.1|A/cattle/Texas/24-008749-003/2024(H5N1)	159	26917
MP|PP755590.1|A/cattle/Texas/24-008749-003/2024(H5N1)	160	27709
MP|PP755590.1|A/cattle/Texas/24-008749-003/2024(H5N1)	161	27592
MP|PP755590.1|A/cattle/Texas/24-008749-003/2024(H5N1)	162	27655
MP|PP755590.1|A/cattle/Texas/24-008749-003/2024(H5N1)	163	27656
MP|PP755590.1|A/cattle/Texas/24-008749-003/2024(H5N1)	164	27600
MP|PP755590.1|A/cattle/Texas/24-008749-003/2024(H5N1)	165	28067
MP|PP755590.1|A/cattle/Texas/24-008749-003/2024(H5N1)	166	28094
MP|PP755590.1|A/cattle/Texas/24-008749-003/2024(H5N1)	167	27998
MP|PP755590.1|A/cattle/Texas/24-008749-003/2024(H5N1)	168	27990
MP|PP755590.1|A/cattle/Texas/24-008749-003/2024(H5N1)	169	27349
MP|PP755590.1|A/cattle/Texas/24-008749-003/2024(H5N1)	170	27172
MP|PP755590.1|A/cattle/Texas/24-008749-003/2024(H5N1)	171	27201
MP|PP755590.1|A/cattle/Texas/24-008749-003/2024(H5N1)	172	27219
MP|PP755590.1|A/cattle/Texas/24-008749-003/2024(H5N1)	173	27251
MP|PP755590.1|A/cattle/Texas/24-008749-003/2024(H5N1)	174	27100
MP|PP755590.1|A/cattle/Texas/24-008749-003/2024(H5N1)	175	27461
MP|PP755590.1|A/cattle/Texas/24-008749-003/2024(H5N1)	176	27440
MP|PP755590.1|A/cattle/Texas/24-008749-003/2024(H5N1)	177	27225
MP|PP755590.1|A/cattle/Texas/24-008749-003/2024(H5N1)	178	27221
MP|PP755590.1|A/cattle/Texas/24-008749-003/2024(H5N1)	179	27186
MP|PP755590.1|A/cattle/Texas/24-008749-003/2024(H5N1)	180	27179
MP|PP755590.1|A/cattle/Texas/24-008749-003/2024(H5N1)	181	27262
MP|PP755590.1|A/cattle/Texas/24-008749-003/2024(H5N1)	182	27319
MP|PP755590.1|A/cattle/Texas/24-008749-003/2024(H5N1)	183	27339
MP|PP755590.1|A/cattle/Texas/24-008749-003/2024(H5N1)	184	26981
MP|PP755590.1|A/cattle/Texas/24-008749-003/2024(H5N1)	185	26820
MP|PP755590.1|A/cattle/Texas/24-008749-003/2024(H5N1)	186	26788
MP|PP755590.1|A/cattle/Texas/24-008749-003/2024(H5N1)	187	26673
MP|PP755590.1|A/cattle/Texas/24-008749-003/2024(H5N1)	188	26683
MP|PP755590.1|A/cattle/Texas/24-008749-003/2024(H5N1)	189	26169
MP|PP755590.1|A/cattle/Texas/24-008749-003/2024(H5N1)	190	26506
MP|PP755590.1|A/cattle/Texas/24-008749-003/2024(H5N1)	191	26655
MP|PP755590.1|A/cattle/Texas/24-008749-003/2024(H5N1)	192	26748
MP|PP755590.1|A/cattle/Texas/24-008749-003/2024(H5N1)	193	26732
MP|PP755590.1|A/cattle/Texas/24-008749-003/2024(H5N1)	194	27499
MP|PP755590.1|A/cattle/Texas/24-008749-003/2024(H5N1)	195	27500
MP|PP755590.1|A/cattle/Texas/24-008749-003/2024(H5N1)	196	27203
MP|PP755590.1|A/cattle/Texas/24-008749-003/2024(H5N1)	197	27068
MP|PP755590.1|A/cattle/Texas/24-008749-003/2024(H5N1)	198	27601
MP|PP755590.1|A/cattle/Texas/24-008749-003/2024(H5N1)	199	27811
MP|PP755590.1|A/cattle/Texas/24-008749-003/2024(H5N1)	200	28034
MP|PP755590.1|A/cattle/Texas/24-008749-003/2024(H5N1)	201	28054
MP|PP755590.1|A/cattle/Texas/24-008749-003/2024(H5N1)	202	28060
MP|PP755590.1|A/cattle/Texas/24-008749-003/2024(H5N1)	203	27533
MP|PP755590.1|A/cattle/Texas/24-008749-003/2024(H5N1)	204	27567
MP|PP755590.1|A/cattle/Texas/24-008749-003/2024(H5N1)	205	27769
MP|PP755590.1|A/cattle/Texas/24-008749-003/2024(H5N1)	206	27731
MP|PP755590.1|A/cattle/Texas/24-008749-003/2024(H5N1)	207	26693
MP|PP755590.1|A/cattle/Texas/24-008749-003/2024(H5N1)	208	26424
MP|PP755590.1|A/cattle/Texas/24-008749-003/2024(H5N1)	209	26621
MP|PP755590.1|A/cattle/Texas/24-008749-003/2024(H5N1)	210	27261
MP|PP755590.1|A/cattle/Texas/24-008749-003/2024(H5N1)	211	27391
MP|PP755590.1|A/cattle/Texas/24-008749-003/2024(H5N1)	212	27704
MP|PP755590.1|A/cattle/Texas/24-008749-003/2024(H5N1)	213	27694
MP|PP755590.1|A/cattle/Texas/24-008749-003/2024(H5N1)	214	27766
MP|PP755590.1|A/cattle/Texas/24-008749-003/2024(H5N1)	215	27841
MP|PP755590.1|A/cattle/Texas/24-008749-003/2024(H5N1)	216	27788
MP|PP755590.1|A/cattle/Texas/24-008749-003/2024(H5N1)	217	28392
MP|PP755590.1|A/cattle/Texas/24-008749-003/2024(H5N1)	218	28470
MP|PP755590.1|A/cattle/Texas/24-008749-003/2024(H5N1)	219	28238
MP|PP755590.1|A/cattle/Texas/24-008749-003/2024(H5N1)	220	29445
MP|PP755590.1|A/cattle/Texas/24-008749-003/2024(H5N1)	221	28843
MP|PP755590.1|A/cattle/Texas/24-008749-003/2024(H5N1)	222	28908
MP|PP755590.1|A/cattle/Texas/24-008749-003/2024(H5N1)	223	28791
MP|PP755590.1|A/cattle/Texas/24-008749-003/2024(H5N1)	224	28715
MP|PP755590.1|A/cattle/Texas/24-008749-003/2024(H5N1)	225	29267
MP|PP755590.1|A/cattle/Texas/24-008749-003/2024(H5N1)	226	28983
MP|PP755590.1|A/cattle/Texas/24-008749-003/2024(H5N1)	227	29057
MP|PP755590.1|A/cattle/Texas/24-008749-003/2024(H5N1)	228	29200
MP|PP755590.1|A/cattle/Texas/24-008749-003/2024(H5N1)	229	28196
MP|PP755590.1|A/cattle/Texas/24-008749-003/2024(H5N1)	230	28196
MP|PP755590.1|A/cattle/Texas/24-008749-003/2024(H5N1)	231	27340
MP|PP755590.1|A/cattle/Texas/24-008749-003/2024(H5N1)	232	27195
MP|PP755590.1|A/cattle/Texas/24-008749-003/2024(H5N1)	233	27261
MP|PP755590.1|A/cattle/Texas/24-008749-003/2024(H5N1)	234	26646
MP|PP755590.1|A/cattle/Texas/24-008749-003/2024(H5N1)	235	26840
MP|PP755590.1|A/cattle/Texas/24-008749-003/2024(H5N1)	236	27018
MP|PP755590.1|A/cattle/Texas/24-008749-003/2024(H5N1)	237	27012
MP|PP755590.1|A/cattle/Texas/24-008749-003/2024(H5N1)	238	27584
MP|PP755590.1|A/cattle/Texas/24-008749-003/2024(H5N1)	239	27854
MP|PP755590.1|A/cattle/Texas/24-008749-003/2024(H5N1)	240	27801
MP|PP755590.1|A/cattle/Texas/24-008749-003/2024(H5N1)	241	27706
MP|PP755590.1|A/cattle/Texas/24-008749-003/2024(H5N1)	242	27585
MP|PP755590.1|A/cattle/Texas/24-008749-003/2024(H5N1)	243	27706
MP|PP755590.1|A/cattle/Texas/24-008749-003/2024(H5N1)	244	27910
MP|PP755590.1|A/cattle/Texas/24-008749-003/2024(H5N1)	245	27505
MP|PP755590.1|A/cattle/Texas/24-008749-003/2024(H5N1)	246	28107
MP|PP755590.1|A/cattle/Texas/24-008749-003/2024(H5N1)	247	27738
MP|PP755590.1|A/cattle/Texas/24-008749-003/2024(H5N1)	248	27762
MP|PP755590.1|A/cattle/Texas/24-008749-003/2024(H5N1)	249	28292
MP|PP755590.1|A/cattle/Texas/24-008749-003/2024(H5N1)	250	28334
MP|PP755590.1|A/cattle/Texas/24-008749-003/2024(H5N1)	251	28427
MP|PP755590.1|A/cattle/Texas/24-008749-003/2024(H5N1)	252	28599
MP|PP755590.1|A/cattle/Texas/24-008749-003/2024(H5N1)	253	28190
MP|PP755590.1|A/cattle/Texas/24-008749-003/2024(H5N1)	254	28514
MP|PP755590.1|A/cattle/Texas/24-008749-003/2024(H5N1)	255	28739
MP|PP755590.1|A/cattle/Texas/24-008749-003/2024(H5N1)	256	28489
MP|PP755590.1|A/cattle/Texas/24-008749-003/2024(H5N1)	257	28586
MP|PP755590.1|A/cattle/Texas/24-008749-003/2024(H5N1)	258	28578
MP|PP755590.1|A/cattle/Texas/24-008749-003/2024(H5N1)	259	29019
MP|PP755590.1|A/cattle/Texas/24-008749-003/2024(H5N1)	260	29170
MP|PP755590.1|A/cattle/Texas/24-008749-003/2024(H5N1)	261	29192
MP|PP755590.1|A/cattle/Texas/24-008749-003/2024(H5N1)	262	29245
MP|PP755590.1|A/cattle/Texas/24-008749-003/2024(H5N1)	263	29307
MP|PP755590.1|A/cattle/Texas/24-008749-003/2024(H5N1)	264	28851
MP|PP755590.1|A/cattle/Texas/24-008749-003/2024(H5N1)	265	28998
MP|PP755590.1|A/cattle/Texas/24-008749-003/2024(H5N1)	266	28967
MP|PP755590.1|A/cattle/Texas/24-008749-003/2024(H5N1)	267	29304
MP|PP755590.1|A/cattle/Texas/24-008749-003/2024(H5N1)	268	29307
MP|PP755590.1|A/cattle/Texas/24-008749-003/2024(H5N1)	269	29229
MP|PP755590.1|A/cattle/Texas/24-008749-003/2024(H5N1)	270	29277
MP|PP755590.1|A/cattle/Texas/24-008749-003/2024(H5N1)	271	29248
MP|PP755590.1|A/cattle/Texas/24-008749-003/2024(H5N1)	272	29275
MP|PP755590.1|A/cattle/Texas/24-008749-003/2024(H5N1)	273	29909
MP|PP755590.1|A/cattle/Texas/24-008749-003/2024(H5N1)	274	30104
MP|PP755590.1|A/cattle/Texas/24-008749-003/2024(H5N1)	275	29036
MP|PP755590.1|A/cattle/Texas/24-008749-003/2024(H5N1)	276	28704
MP|PP755590.1|A/cattle/Texas/24-008749-003/2024(H5N1)	277	28670
MP|PP755590.1|A/cattle/Texas/24-008749-003/2024(H5N1)	278	28663
MP|PP755590.1|A/cattle/Texas/24-008749-003/2024(H5N1)	279	29290
MP|PP755590.1|A/cattle/Texas/24-008749-003/2024(H5N1)	280	29346
MP|PP755590.1|A/cattle/Texas/24-008749-003/2024(H5N1)	281	29288
MP|PP755590.1|A/cattle/Texas/24-008749-003/2024(H5N1)	282	29187
MP|PP755590.1|A/cattle/Texas/24-008749-003/2024(H5N1)	283	28054
MP|PP755590.1|A/cattle/Texas/24-008749-003/2024(H5N1)	284	28434
MP|PP755590.1|A/cattle/Texas/24-008749-003/2024(H5N1)	285	27992
MP|PP755590.1|A/cattle/Texas/24-008749-003/2024(H5N1)	286	27724
MP|PP755590.1|A/cattle/Texas/24-008749-003/2024(H5N1)	287	27896
MP|PP755590.1|A/cattle/Texas/24-008749-003/2024(H5N1)	288	27049
MP|PP755590.1|A/cattle/Texas/24-008749-003/2024(H5N1)	289	27364
MP|PP755590.1|A/cattle/Texas/24-008749-003/2024(H5N1)	290	27377
MP|PP755590.1|A/cattle/Texas/24-008749-003/2024(H5N1)	291	26665
MP|PP755590.1|A/cattle/Texas/24-008749-003/2024(H5N1)	292	26576
MP|PP755590.1|A/cattle/Texas/24-008749-003/2024(H5N1)	293	26130
MP|PP755590.1|A/cattle/Texas/24-008749-003/2024(H5N1)	294	25488
MP|PP755590.1|A/cattle/Texas/24-008749-003/2024(H5N1)	295	25070
MP|PP755590.1|A/cattle/Texas/24-008749-003/2024(H5N1)	296	27515
MP|PP755590.1|A/cattle/Texas/24-008749-003/2024(H5N1)	297	28651
MP|PP755590.1|A/cattle/Texas/24-008749-003/2024(H5N1)	298	29010
MP|PP755590.1|A/cattle/Texas/24-008749-003/2024(H5N1)	299	29088
MP|PP755590.1|A/cattle/Texas/24-008749-003/2024(H5N1)	300	29096
MP|PP755590.1|A/cattle/Texas/24-008749-003/2024(H5N1)	301	28977
MP|PP755590.1|A/cattle/Texas/24-008749-003/2024(H5N1)	302	28865
MP|PP755590.1|A/cattle/Texas/24-008749-003/2024(H5N1)	303	29412
MP|PP755590.1|A/cattle/Texas/24-008749-003/2024(H5N1)	304	29292
MP|PP755590.1|A/cattle/Texas/24-008749-003/2024(H5N1)	305	29287
MP|PP755590.1|A/cattle/Texas/24-008749-003/2024(H5N1)	306	28167
MP|PP755590.1|A/cattle/Texas/24-008749-003/2024(H5N1)	307	28652
MP|PP755590.1|A/cattle/Texas/24-008749-003/2024(H5N1)	308	28703
MP|PP755590.1|A/cattle/Texas/24-008749-003/2024(H5N1)	309	28753
MP|PP755590.1|A/cattle/Texas/24-008749-003/2024(H5N1)	310	28791
MP|PP755590.1|A/cattle/Texas/24-008749-003/2024(H5N1)	311	28048
MP|PP755590.1|A/cattle/Texas/24-008749-003/2024(H5N1)	312	28072
MP|PP755590.1|A/cattle/Texas/24-008749-003/2024(H5N1)	313	27879
MP|PP755590.1|A/cattle/Texas/24-008749-003/2024(H5N1)	314	28026
MP|PP755590.1|A/cattle/Texas/24-008749-003/2024(H5N1)	315	28053
MP|PP755590.1|A/cattle/Texas/24-008749-003/2024(H5N1)	316	27825
MP|PP755590.1|A/cattle/Texas/24-008749-003/2024(H5N1)	317	28147
MP|PP755590.1|A/cattle/Texas/24-008749-003/2024(H5N1)	318	28240
MP|PP755590.1|A/cattle/Texas/24-008749-003/2024(H5N1)	319	28407
MP|PP755590.1|A/cattle/Texas/24-008749-003/2024(H5N1)	320	28454
MP|PP755590.1|A/cattle/Texas/24-008749-003/2024(H5N1)	321	28458
MP|PP755590.1|A/cattle/Texas/24-008749-003/2024(H5N1)	322	28672
MP|PP755590.1|A/cattle/Texas/24-008749-003/2024(H5N1)	323	28811
MP|PP755590.1|A/cattle/Texas/24-008749-003/2024(H5N1)	324	28653
MP|PP755590.1|A/cattle/Texas/24-008749-003/2024(H5N1)	325	28682
MP|PP755590.1|A/cattle/Texas/24-008749-003/2024(H5N1)	326	28302
MP|PP755590.1|A/cattle/Texas/24-008749-003/2024(H5N1)	327	28465
MP|PP755590.1|A/cattle/Texas/24-008749-003/2024(H5N1)	328	28302
MP|PP755590.1|A/cattle/Texas/24-008749-003/2024(H5N1)	329	28282
MP|PP755590.1|A/cattle/Texas/24-008749-003/2024(H5N1)	330	28324
MP|PP755590.1|A/cattle/Texas/24-008749-003/2024(H5N1)	331	28172
MP|PP755590.1|A/cattle/Texas/24-008749-003/2024(H5N1)	332	28497
MP|PP755590.1|A/cattle/Texas/24-008749-003/2024(H5N1)	333	28901
MP|PP755590.1|A/cattle/Texas/24-008749-003/2024(H5N1)	334	28884
MP|PP755590.1|A/cattle/Texas/24-008749-003/2024(H5N1)	335	28875
MP|PP755590.1|A/cattle/Texas/24-008749-003/2024(H5N1)	336	28805
MP|PP755590.1|A/cattle/Texas/24-008749-003/2024(H5N1)	337	28852
MP|PP755590.1|A/cattle/Texas/24-008749-003/2024(H5N1)	338	28742
MP|PP755590.1|A/cattle/Texas/24-008749-003/2024(H5N1)	339	28727
MP|PP755590.1|A/cattle/Texas/24-008749-003/2024(H5N1)	340	28709
MP|PP755590.1|A/cattle/Texas/24-008749-003/2024(H5N1)	341	28525
MP|PP755590.1|A/cattle/Texas/24-008749-003/2024(H5N1)	342	28193
MP|PP755590.1|A/cattle/Texas/24-008749-003/2024(H5N1)	343	28241
MP|PP755590.1|A/cattle/Texas/24-008749-003/2024(H5N1)	344	28366
MP|PP755590.1|A/cattle/Texas/24-008749-003/2024(H5N1)	345	27694
MP|PP755590.1|A/cattle/Texas/24-008749-003/2024(H5N1)	346	27896
MP|PP755590.1|A/cattle/Texas/24-008749-003/2024(H5N1)	347	28251
MP|PP755590.1|A/cattle/Texas/24-008749-003/2024(H5N1)	348	28388
MP|PP755590.1|A/cattle/Texas/24-008749-003/2024(H5N1)	349	27675
MP|PP755590.1|A/cattle/Texas/24-008749-003/2024(H5N1)	350	27528
MP|PP755590.1|A/cattle/Texas/24-008749-003/2024(H5N1)	351	28436
MP|PP755590.1|A/cattle/Texas/24-008749-003/2024(H5N1)	352	28287
MP|PP755590.1|A/cattle/Texas/24-008749-003/2024(H5N1)	353	28546
MP|PP755590.1|A/cattle/Texas/24-008749-003/2024(H5N1)	354	28550
MP|PP755590.1|A/cattle/Texas/24-008749-003/2024(H5N1)	355	28338
MP|PP755590.1|A/cattle/Texas/24-008749-003/2024(H5N1)	356	28407
MP|PP755590.1|A/cattle/Texas/24-008749-003/2024(H5N1)	357	28413
MP|PP755590.1|A/cattle/Texas/24-008749-003/2024(H5N1)	358	28356
MP|PP755590.1|A/cattle/Texas/24-008749-003/2024(H5N1)	359	28204
MP|PP755590.1|A/cattle/Texas/24-008749-003/2024(H5N1)	360	27259
MP|PP755590.1|A/cattle/Texas/24-008749-003/2024(H5N1)	361	27660
MP|PP755590.1|A/cattle/Texas/24-008749-003/2024(H5N1)	362	27593
MP|PP755590.1|A/cattle/Texas/24-008749-003/2024(H5N1)	363	27185
MP|PP755590.1|A/cattle/Texas/24-008749-003/2024(H5N1)	364	27077
MP|PP755590.1|A/cattle/Texas/24-008749-003/2024(H5N1)	365	27287
MP|PP755590.1|A/cattle/Texas/24-008749-003/2024(H5N1)	366	27125
MP|PP755590.1|A/cattle/Texas/24-008749-003/2024(H5N1)	367	27241
MP|PP755590.1|A/cattle/Texas/24-008749-003/2024(H5N1)	368	26828
MP|PP755590.1|A/cattle/Texas/24-008749-003/2024(H5N1)	369	26999
MP|PP755590.1|A/cattle/Texas/24-008749-003/2024(H5N1)	370	26315
MP|PP755590.1|A/cattle/Texas/24-008749-003/2024(H5N1)	371	25864
MP|PP755590.1|A/cattle/Texas/24-008749-003/2024(H5N1)	372	26221
MP|PP755590.1|A/cattle/Texas/24-008749-003/2024(H5N1)	373	26164
MP|PP755590.1|A/cattle/Texas/24-008749-003/2024(H5N1)	374	26177
MP|PP755590.1|A/cattle/Texas/24-008749-003/2024(H5N1)	375	25677
MP|PP755590.1|A/cattle/Texas/24-008749-003/2024(H5N1)	376	25553
MP|PP755590.1|A/cattle/Texas/24-008749-003/2024(H5N1)	377	25973
MP|PP755590.1|A/cattle/Texas/24-008749-003/2024(H5N1)	378	26088
MP|PP755590.1|A/cattle/Texas/24-008749-003/2024(H5N1)	379	25972
MP|PP755590.1|A/cattle/Texas/24-008749-003/2024(H5N1)	380	26328
MP|PP755590.1|A/cattle/Texas/24-008749-003/2024(H5N1)	381	26173
MP|PP755590.1|A/cattle/Texas/24-008749-003/2024(H5N1)	382	26171
MP|PP755590.1|A/cattle/Texas/24-008749-003/2024(H5N1)	383	26142
MP|PP755590.1|A/cattle/Texas/24-008749-003/2024(H5N1)	384	26056
MP|PP755590.1|A/cattle/Texas/24-008749-003/2024(H5N1)	385	26223
MP|PP755590.1|A/cattle/Texas/24-008749-003/2024(H5N1)	386	26122
MP|PP755590.1|A/cattle/Texas/24-008749-003/2024(H5N1)	387	25889
MP|PP755590.1|A/cattle/Texas/24-008749-003/2024(H5N1)	388	26200
MP|PP755590.1|A/cattle/Texas/24-008749-003/2024(H5N1)	389	25846
MP|PP755590.1|A/cattle/Texas/24-008749-003/2024(H5N1)	390	26019
MP|PP755590.1|A/cattle/Texas/24-008749-003/2024(H5N1)	391	26835
MP|PP755590.1|A/cattle/Texas/24-008749-003/2024(H5N1)	392	26848
MP|PP755590.1|A/cattle/Texas/24-008749-003/2024(H5N1)	393	26978
MP|PP755590.1|A/cattle/Texas/24-008749-003/2024(H5N1)	394	26777
MP|PP755590.1|A/cattle/Texas/24-008749-003/2024(H5N1)	395	26446
MP|PP755590.1|A/cattle/Texas/24-008749-003/2024(H5N1)	396	27898
MP|PP755590.1|A/cattle/Texas/24-008749-003/2024(H5N1)	397	27044
MP|PP755590.1|A/cattle/Texas/24-008749-003/2024(H5N1)	398	26984
MP|PP755590.1|A/cattle/Texas/24-008749-003/2024(H5N1)	399	26925
MP|PP755590.1|A/cattle/Texas/24-008749-003/2024(H5N1)	400	26172
MP|PP755590.1|A/cattle/Texas/24-008749-003/2024(H5N1)	401	26924
MP|PP755590.1|A/cattle/Texas/24-008749-003/2024(H5N1)	402	27379
MP|PP755590.1|A/cattle/Texas/24-008749-003/2024(H5N1)	403	27248
MP|PP755590.1|A/cattle/Texas/24-008749-003/2024(H5N1)	404	27390
MP|PP755590.1|A/cattle/Texas/24-008749-003/2024(H5N1)	405	26926
MP|PP755590.1|A/cattle/Texas/24-008749-003/2024(H5N1)	406	27159
MP|PP755590.1|A/cattle/Texas/24-008749-003/2024(H5N1)	407	28334
MP|PP755590.1|A/cattle/Texas/24-008749-003/2024(H5N1)	408	28374
MP|PP755590.1|A/cattle/Texas/24-008749-003/2024(H5N1)	409	28496
MP|PP755590.1|A/cattle/Texas/24-008749-003/2024(H5N1)	410	27732
MP|PP755590.1|A/cattle/Texas/24-008749-003/2024(H5N1)	411	27661
MP|PP755590.1|A/cattle/Texas/24-008749-003/2024(H5N1)	412	27669
MP|PP755590.1|A/cattle/Texas/24-008749-003/2024(H5N1)	413	28259
MP|PP755590.1|A/cattle/Texas/24-008749-003/2024(H5N1)	414	28321
MP|PP755590.1|A/cattle/Texas/24-008749-003/2024(H5N1)	415	28326
MP|PP755590.1|A/cattle/Texas/24-008749-003/2024(H5N1)	416	28472
MP|PP755590.1|A/cattle/Texas/24-008749-003/2024(H5N1)	417	28127
MP|PP755590.1|A/cattle/Texas/24-008749-003/2024(H5N1)	418	28125
MP|PP755590.1|A/cattle/Texas/24-008749-003/2024(H5N1)	419	28244
MP|PP755590.1|A/cattle/Texas/24-008749-003/2024(H5N1)	420	28217
MP|PP755590.1|A/cattle/Texas/24-008749-003/2024(H5N1)	421	28314
MP|PP755590.1|A/cattle/Texas/24-008749-003/2024(H5N1)	422	28878
MP|PP755590.1|A/cattle/Texas/24-008749-003/2024(H5N1)	423	28804
MP|PP755590.1|A/cattle/Texas/24-008749-003/2024(H5N1)	424	28249
MP|PP755590.1|A/cattle/Texas/24-008749-003/2024(H5N1)	425	27881
MP|PP755590.1|A/cattle/Texas/24-008749-003/2024(H5N1)	426	27813
MP|PP755590.1|A/cattle/Texas/24-008749-003/2024(H5N1)	427	28456
MP|PP755590.1|A/cattle/Texas/24-008749-003/2024(H5N1)	428	28475
MP|PP755590.1|A/cattle/Texas/24-008749-003/2024(H5N1)	429	28514
MP|PP755590.1|A/cattle/Texas/24-008749-003/2024(H5N1)	430	27781
MP|PP755590.1|A/cattle/Texas/24-008749-003/2024(H5N1)	431	27799
MP|PP755590.1|A/cattle/Texas/24-008749-003/2024(H5N1)	432	27877
MP|PP755590.1|A/cattle/Texas/24-008749-003/2024(H5N1)	433	29964
MP|PP755590.1|A/cattle/Texas/24-008749-003/2024(H5N1)	434	30398
MP|PP755590.1|A/cattle/Texas/24-008749-003/2024(H5N1)	435	30032
MP|PP755590.1|A/cattle/Texas/24-008749-003/2024(H5N1)	436	29383
MP|PP755590.1|A/cattle/Texas/24-008749-003/2024(H5N1)	437	29392
MP|PP755590.1|A/cattle/Texas/24-008749-003/2024(H5N1)	438	29867
MP|PP755590.1|A/cattle/Texas/24-008749-003/2024(H5N1)	439	30330
MP|PP755590.1|A/cattle/Texas/24-008749-003/2024(H5N1)	440	30182
MP|PP755590.1|A/cattle/Texas/24-008749-003/2024(H5N1)	441	30528
MP|PP755590.1|A/cattle/Texas/24-008749-003/2024(H5N1)	442	28323
MP|PP755590.1|A/cattle/Texas/24-008749-003/2024(H5N1)	443	28305
MP|PP755590.1|A/cattle/Texas/24-008749-003/2024(H5N1)	444	28542
MP|PP755590.1|A/cattle/Texas/24-008749-003/2024(H5N1)	445	28541
MP|PP755590.1|A/cattle/Texas/24-008749-003/2024(H5N1)	446	28481
MP|PP755590.1|A/cattle/Texas/24-008749-003/2024(H5N1)	447	27118
MP|PP755590.1|A/cattle/Texas/24-008749-003/2024(H5N1)	448	26766
MP|PP755590.1|A/cattle/Texas/24-008749-003/2024(H5N1)	449	27622
MP|PP755590.1|A/cattle/Texas/24-008749-003/2024(H5N1)	450	27512
MP|PP755590.1|A/cattle/Texas/24-008749-003/2024(H5N1)	451	27113
MP|PP755590.1|A/cattle/Texas/24-008749-003/2024(H5N1)	452	27156
MP|PP755590.1|A/cattle/Texas/24-008749-003/2024(H5N1)	453	26947
MP|PP755590.1|A/cattle/Texas/24-008749-003/2024(H5N1)	454	26953
MP|PP755590.1|A/cattle/Texas/24-008749-003/2024(H5N1)	455	26781
MP|PP755590.1|A/cattle/Texas/24-008749-003/2024(H5N1)	456	26843
MP|PP755590.1|A/cattle/Texas/24-008749-003/2024(H5N1)	457	27007
MP|PP755590.1|A/cattle/Texas/24-008749-003/2024(H5N1)	458	26253
MP|PP755590.1|A/cattle/Texas/24-008749-003/2024(H5N1)	459	26350
MP|PP755590.1|A/cattle/Texas/24-008749-003/2024(H5N1)	460	26333
MP|PP755590.1|A/cattle/Texas/24-008749-003/2024(H5N1)	461	26394
MP|PP755590.1|A/cattle/Texas/24-008749-003/2024(H5N1)	462	26709
MP|PP755590.1|A/cattle/Texas/24-008749-003/2024(H5N1)	463	26765
MP|PP755590.1|A/cattle/Texas/24-008749-003/2024(H5N1)	464	26902
MP|PP755590.1|A/cattle/Texas/24-008749-003/2024(H5N1)	465	26850
MP|PP755590.1|A/cattle/Texas/24-008749-003/2024(H5N1)	466	26963
MP|PP755590.1|A/cattle/Texas/24-008749-003/2024(H5N1)	467	27033
MP|PP755590.1|A/cattle/Texas/24-008749-003/2024(H5N1)	468	26835
MP|PP755590.1|A/cattle/Texas/24-008749-003/2024(H5N1)	469	26824
MP|PP755590.1|A/cattle/Texas/24-008749-003/2024(H5N1)	470	26857
MP|PP755590.1|A/cattle/Texas/24-008749-003/2024(H5N1)	471	26838
MP|PP755590.1|A/cattle/Texas/24-008749-003/2024(H5N1)	472	26791
MP|PP755590.1|A/cattle/Texas/24-008749-003/2024(H5N1)	473	26701
MP|PP755590.1|A/cattle/Texas/24-008749-003/2024(H5N1)	474	26832
MP|PP755590.1|A/cattle/Texas/24-008749-003/2024(H5N1)	475	26883
MP|PP755590.1|A/cattle/Texas/24-008749-003/2024(H5N1)	476	26883
MP|PP755590.1|A/cattle/Texas/24-008749-003/2024(H5N1)	477	27196
MP|PP755590.1|A/cattle/Texas/24-008749-003/2024(H5N1)	478	27094
MP|PP755590.1|A/cattle/Texas/24-008749-003/2024(H5N1)	479	27131
MP|PP755590.1|A/cattle/Texas/24-008749-003/2024(H5N1)	480	27323
MP|PP755590.1|A/cattle/Texas/24-008749-003/2024(H5N1)	481	27388
MP|PP755590.1|A/cattle/Texas/24-008749-003/2024(H5N1)	482	27700
MP|PP755590.1|A/cattle/Texas/24-008749-003/2024(H5N1)	483	27438
MP|PP755590.1|A/cattle/Texas/24-008749-003/2024(H5N1)	484	27525
MP|PP755590.1|A/cattle/Texas/24-008749-003/2024(H5N1)	485	27510
MP|PP755590.1|A/cattle/Texas/24-008749-003/2024(H5N1)	486	27544
MP|PP755590.1|A/cattle/Texas/24-008749-003/2024(H5N1)	487	27487
MP|PP755590.1|A/cattle/Texas/24-008749-003/2024(H5N1)	488	27920
MP|PP755590.1|A/cattle/Texas/24-008749-003/2024(H5N1)	489	28204
MP|PP755590.1|A/cattle/Texas/24-008749-003/2024(H5N1)	490	28415
MP|PP755590.1|A/cattle/Texas/24-008749-003/2024(H5N1)	491	28196
MP|PP755590.1|A/cattle/Texas/24-008749-003/2024(H5N1)	492	28217
MP|PP755590.1|A/cattle/Texas/24-008749-003/2024(H5N1)	493	28197
MP|PP755590.1|A/cattle/Texas/24-008749-003/2024(H5N1)	494	28175
MP|PP755590.1|A/cattle/Texas/24-008749-003/2024(H5N1)	495	28170
MP|PP755590.1|A/cattle/Texas/24-008749-003/2024(H5N1)	496	28259
MP|PP755590.1|A/cattle/Texas/24-008749-003/2024(H5N1)	497	27890
MP|PP755590.1|A/cattle/Texas/24-008749-003/2024(H5N1)	498	27885
MP|PP755590.1|A/cattle/Texas/24-008749-003/2024(H5N1)	499	27802
MP|PP755590.1|A/cattle/Texas/24-008749-003/2024(H5N1)	500	28006
MP|PP755590.1|A/cattle/Texas/24-008749-003/2024(H5N1)	501	27426
MP|PP755590.1|A/cattle/Texas/24-008749-003/2024(H5N1)	502	27438
MP|PP755590.1|A/cattle/Texas/24-008749-003/2024(H5N1)	503	27885
MP|PP755590.1|A/cattle/Texas/24-008749-003/2024(H5N1)	504	28005
MP|PP755590.1|A/cattle/Texas/24-008749-003/2024(H5N1)	505	27884
MP|PP755590.1|A/cattle/Texas/24-008749-003/2024(H5N1)	506	27903
MP|PP755590.1|A/cattle/Texas/24-008749-003/2024(H5N1)	507	27771
MP|PP755590.1|A/cattle/Texas/24-008749-003/2024(H5N1)	508	27779
MP|PP755590.1|A/cattle/Texas/24-008749-003/2024(H5N1)	509	27912
MP|PP755590.1|A/cattle/Texas/24-008749-003/2024(H5N1)	510	27975
MP|PP755590.1|A/cattle/Texas/24-008749-003/2024(H5N1)	511	28122
MP|PP755590.1|A/cattle/Texas/24-008749-003/2024(H5N1)	512	27979
MP|PP755590.1|A/cattle/Texas/24-008749-003/2024(H5N1)	513	27880
MP|PP755590.1|A/cattle/Texas/24-008749-003/2024(H5N1)	514	27939
MP|PP755590.1|A/cattle/Texas/24-008749-003/2024(H5N1)	515	27823
MP|PP755590.1|A/cattle/Texas/24-008749-003/2024(H5N1)	516	28031
MP|PP755590.1|A/cattle/Texas/24-008749-003/2024(H5N1)	517	28223
MP|PP755590.1|A/cattle/Texas/24-008749-003/2024(H5N1)	518	28117
MP|PP755590.1|A/cattle/Texas/24-008749-003/2024(H5N1)	519	28028
MP|PP755590.1|A/cattle/Texas/24-008749-003/2024(H5N1)	520	27812
MP|PP755590.1|A/cattle/Texas/24-008749-003/2024(H5N1)	521	27780
MP|PP755590.1|A/cattle/Texas/24-008749-003/2024(H5N1)	522	28024
MP|PP755590.1|A/cattle/Texas/24-008749-003/2024(H5N1)	523	27960
MP|PP755590.1|A/cattle/Texas/24-008749-003/2024(H5N1)	524	28634
MP|PP755590.1|A/cattle/Texas/24-008749-003/2024(H5N1)	525	28450
MP|PP755590.1|A/cattle/Texas/24-008749-003/2024(H5N1)	526	28454
MP|PP755590.1|A/cattle/Texas/24-008749-003/2024(H5N1)	527	28481
MP|PP755590.1|A/cattle/Texas/24-008749-003/2024(H5N1)	528	28223
MP|PP755590.1|A/cattle/Texas/24-008749-003/2024(H5N1)	529	28077
MP|PP755590.1|A/cattle/Texas/24-008749-003/2024(H5N1)	530	28101
MP|PP755590.1|A/cattle/Texas/24-008749-003/2024(H5N1)	531	27836
MP|PP755590.1|A/cattle/Texas/24-008749-003/2024(H5N1)	532	27601
MP|PP755590.1|A/cattle/Texas/24-008749-003/2024(H5N1)	533	27911
MP|PP755590.1|A/cattle/Texas/24-008749-003/2024(H5N1)	534	28738
MP|PP755590.1|A/cattle/Texas/24-008749-003/2024(H5N1)	535	29050
MP|PP755590.1|A/cattle/Texas/24-008749-003/2024(H5N1)	536	28894
MP|PP755590.1|A/cattle/Texas/24-008749-003/2024(H5N1)	537	28540
MP|PP755590.1|A/cattle/Texas/24-008749-003/2024(H5N1)	538	29978
MP|PP755590.1|A/cattle/Texas/24-008749-003/2024(H5N1)	539	29308
MP|PP755590.1|A/cattle/Texas/24-008749-003/2024(H5N1)	540	29271
MP|PP755590.1|A/cattle/Texas/24-008749-003/2024(H5N1)	541	29462
MP|PP755590.1|A/cattle/Texas/24-008749-003/2024(H5N1)	542	28805
MP|PP755590.1|A/cattle/Texas/24-008749-003/2024(H5N1)	543	29494
MP|PP755590.1|A/cattle/Texas/24-008749-003/2024(H5N1)	544	29406
MP|PP755590.1|A/cattle/Texas/24-008749-003/2024(H5N1)	545	29494
MP|PP755590.1|A/cattle/Texas/24-008749-003/2024(H5N1)	546	29290
MP|PP755590.1|A/cattle/Texas/24-008749-003/2024(H5N1)	547	27901
MP|PP755590.1|A/cattle/Texas/24-008749-003/2024(H5N1)	548	29859
MP|PP755590.1|A/cattle/Texas/24-008749-003/2024(H5N1)	549	30315
MP|PP755590.1|A/cattle/Texas/24-008749-003/2024(H5N1)	550	30352
MP|PP755590.1|A/cattle/Texas/24-008749-003/2024(H5N1)	551	29788
MP|PP755590.1|A/cattle/Texas/24-008749-003/2024(H5N1)	552	29138
MP|PP755590.1|A/cattle/Texas/24-008749-003/2024(H5N1)	553	29134
MP|PP755590.1|A/cattle/Texas/24-008749-003/2024(H5N1)	554	29234
MP|PP755590.1|A/cattle/Texas/24-008749-003/2024(H5N1)	555	29612
MP|PP755590.1|A/cattle/Texas/24-008749-003/2024(H5N1)	556	29952
MP|PP755590.1|A/cattle/Texas/24-008749-003/2024(H5N1)	557	28280
MP|PP755590.1|A/cattle/Texas/24-008749-003/2024(H5N1)	558	28189
MP|PP755590.1|A/cattle/Texas/24-008749-003/2024(H5N1)	559	28137
MP|PP755590.1|A/cattle/Texas/24-008749-003/2024(H5N1)	560	28086
MP|PP755590.1|A/cattle/Texas/24-008749-003/2024(H5N1)	561	28493
MP|PP755590.1|A/cattle/Texas/24-008749-003/2024(H5N1)	562	28525
MP|PP755590.1|A/cattle/Texas/24-008749-003/2024(H5N1)	563	28735
MP|PP755590.1|A/cattle/Texas/24-008749-003/2024(H5N1)	564	28016
MP|PP755590.1|A/cattle/Texas/24-008749-003/2024(H5N1)	565	28025
MP|PP755590.1|A/cattle/Texas/24-008749-003/2024(H5N1)	566	28047
MP|PP755590.1|A/cattle/Texas/24-008749-003/2024(H5N1)	567	27824
MP|PP755590.1|A/cattle/Texas/24-008749-003/2024(H5N1)	568	28093
MP|PP755590.1|A/cattle/Texas/24-008749-003/2024(H5N1)	569	27954
MP|PP755590.1|A/cattle/Texas/24-008749-003/2024(H5N1)	570	27697
MP|PP755590.1|A/cattle/Texas/24-008749-003/2024(H5N1)	571	27662
MP|PP755590.1|A/cattle/Texas/24-008749-003/2024(H5N1)	572	27260
MP|PP755590.1|A/cattle/Texas/24-008749-003/2024(H5N1)	573	27317
MP|PP755590.1|A/cattle/Texas/24-008749-003/2024(H5N1)	574	27463
MP|PP755590.1|A/cattle/Texas/24-008749-003/2024(H5N1)	575	27955
MP|PP755590.1|A/cattle/Texas/24-008749-003/2024(H5N1)	576	27971
MP|PP755590.1|A/cattle/Texas/24-008749-003/2024(H5N1)	577	28003
MP|PP755590.1|A/cattle/Texas/24-008749-003/2024(H5N1)	578	27884
MP|PP755590.1|A/cattle/Texas/24-008749-003/2024(H5N1)	579	27817
MP|PP755590.1|A/cattle/Texas/24-008749-003/2024(H5N1)	580	27817
MP|PP755590.1|A/cattle/Texas/24-008749-003/2024(H5N1)	581	27941
MP|PP755590.1|A/cattle/Texas/24-008749-003/2024(H5N1)	582	27937
MP|PP755590.1|A/cattle/Texas/24-008749-003/2024(H5N1)	583	27882
MP|PP755590.1|A/cattle/Texas/24-008749-003/2024(H5N1)	584	25988
MP|PP755590.1|A/cattle/Texas/24-008749-003/2024(H5N1)	585	26036
MP|PP755590.1|A/cattle/Texas/24-008749-003/2024(H5N1)	586	26068
MP|PP755590.1|A/cattle/Texas/24-008749-003/2024(H5N1)	587	26110
MP|PP755590.1|A/cattle/Texas/24-008749-003/2024(H5N1)	588	26292
MP|PP755590.1|A/cattle/Texas/24-008749-003/2024(H5N1)	589	25909
MP|PP755590.1|A/cattle/Texas/24-008749-003/2024(H5N1)	590	25547
MP|PP755590.1|A/cattle/Texas/24-008749-003/2024(H5N1)	591	25554
MP|PP755590.1|A/cattle/Texas/24-008749-003/2024(H5N1)	592	25973
MP|PP755590.1|A/cattle/Texas/24-008749-003/2024(H5N1)	593	25975
MP|PP755590.1|A/cattle/Texas/24-008749-003/2024(H5N1)	594	25812
MP|PP755590.1|A/cattle/Texas/24-008749-003/2024(H5N1)	595	25655
MP|PP755590.1|A/cattle/Texas/24-008749-003/2024(H5N1)	596	25932
MP|PP755590.1|A/cattle/Texas/24-008749-003/2024(H5N1)	597	25851
MP|PP755590.1|A/cattle/Texas/24-008749-003/2024(H5N1)	598	26234
MP|PP755590.1|A/cattle/Texas/24-008749-003/2024(H5N1)	599	25914
MP|PP755590.1|A/cattle/Texas/24-008749-003/2024(H5N1)	600	25924
MP|PP755590.1|A/cattle/Texas/24-008749-003/2024(H5N1)	601	25996
MP|PP755590.1|A/cattle/Texas/24-008749-003/2024(H5N1)	602	26027
MP|PP755590.1|A/cattle/Texas/24-008749-003/2024(H5N1)	603	26035
MP|PP755590.1|A/cattle/Texas/24-008749-003/2024(H5N1)	604	26549
MP|PP755590.1|A/cattle/Texas/24-008749-003/2024(H5N1)	605	26906
MP|PP755590.1|A/cattle/Texas/24-008749-003/2024(H5N1)	606	26965
MP|PP755590.1|A/cattle/Texas/24-008749-003/2024(H5N1)	607	26722
MP|PP755590.1|A/cattle/Texas/24-008749-003/2024(H5N1)	608	27154
MP|PP755590.1|A/cattle/Texas/24-008749-003/2024(H5N1)	609	27185
MP|PP755590.1|A/cattle/Texas/24-008749-003/2024(H5N1)	610	27220
MP|PP755590.1|A/cattle/Texas/24-008749-003/2024(H5N1)	611	27186
MP|PP755590.1|A/cattle/Texas/24-008749-003/2024(H5N1)	612	27311
MP|PP755590.1|A/cattle/Texas/24-008749-003/2024(H5N1)	613	27306
MP|PP755590.1|A/cattle/Texas/24-008749-003/2024(H5N1)	614	27240
MP|PP755590.1|A/cattle/Texas/24-008749-003/2024(H5N1)	615	27193
MP|PP755590.1|A/cattle/Texas/24-008749-003/2024(H5N1)	616	27198
MP|PP755590.1|A/cattle/Texas/24-008749-003/2024(H5N1)	617	27297
MP|PP755590.1|A/cattle/Texas/24-008749-003/2024(H5N1)	618	27304
MP|PP755590.1|A/cattle/Texas/24-008749-003/2024(H5N1)	619	27625
MP|PP755590.1|A/cattle/Texas/24-008749-003/2024(H5N1)	620	27572
MP|PP755590.1|A/cattle/Texas/24-008749-003/2024(H5N1)	621	27774
MP|PP755590.1|A/cattle/Texas/24-008749-003/2024(H5N1)	622	27708
MP|PP755590.1|A/cattle/Texas/24-008749-003/2024(H5N1)	623	27456
MP|PP755590.1|A/cattle/Texas/24-008749-003/2024(H5N1)	624	28492
MP|PP755590.1|A/cattle/Texas/24-008749-003/2024(H5N1)	625	28617
MP|PP755590.1|A/cattle/Texas/24-008749-003/2024(H5N1)	626	28634
MP|PP755590.1|A/cattle/Texas/24-008749-003/2024(H5N1)	627	28604
MP|PP755590.1|A/cattle/Texas/24-008749-003/2024(H5N1)	628	28248
MP|PP755590.1|A/cattle/Texas/24-008749-003/2024(H5N1)	629	28824
MP|PP755590.1|A/cattle/Texas/24-008749-003/2024(H5N1)	630	28800
MP|PP755590.1|A/cattle/Texas/24-008749-003/2024(H5N1)	631	28698
MP|PP755590.1|A/cattle/Texas/24-008749-003/2024(H5N1)	632	28620
MP|PP755590.1|A/cattle/Texas/24-008749-003/2024(H5N1)	633	27587
MP|PP755590.1|A/cattle/Texas/24-008749-003/2024(H5N1)	634	27632
MP|PP755590.1|A/cattle/Texas/24-008749-003/2024(H5N1)	635	27593
MP|PP755590.1|A/cattle/Texas/24-008749-003/2024(H5N1)	636	27695
MP|PP755590.1|A/cattle/Texas/24-008749-003/2024(H5N1)	637	28159
MP|PP755590.1|A/cattle/Texas/24-008749-003/2024(H5N1)	638	27990
MP|PP755590.1|A/cattle/Texas/24-008749-003/2024(H5N1)	639	27620
MP|PP755590.1|A/cattle/Texas/24-008749-003/2024(H5N1)	640	27484
MP|PP755590.1|A/cattle/Texas/24-008749-003/2024(H5N1)	641	27460
MP|PP755590.1|A/cattle/Texas/24-008749-003/2024(H5N1)	642	27846
MP|PP755590.1|A/cattle/Texas/24-008749-003/2024(H5N1)	643	28345
MP|PP755590.1|A/cattle/Texas/24-008749-003/2024(H5N1)	644	28455
MP|PP755590.1|A/cattle/Texas/24-008749-003/2024(H5N1)	645	28549
MP|PP755590.1|A/cattle/Texas/24-008749-003/2024(H5N1)	646	28339
MP|PP755590.1|A/cattle/Texas/24-008749-003/2024(H5N1)	647	28234
MP|PP755590.1|A/cattle/Texas/24-008749-003/2024(H5N1)	648	28259
MP|PP755590.1|A/cattle/Texas/24-008749-003/2024(H5N1)	649	28196
MP|PP755590.1|A/cattle/Texas/24-008749-003/2024(H5N1)	650	28381
MP|PP755590.1|A/cattle/Texas/24-008749-003/2024(H5N1)	651	28621
MP|PP755590.1|A/cattle/Texas/24-008749-003/2024(H5N1)	652	28515
MP|PP755590.1|A/cattle/Texas/24-008749-003/2024(H5N1)	653	28814
MP|PP755590.1|A/cattle/Texas/24-008749-003/2024(H5N1)	654	29078
MP|PP755590.1|A/cattle/Texas/24-008749-003/2024(H5N1)	655	28935
MP|PP755590.1|A/cattle/Texas/24-008749-003/2024(H5N1)	656	29289
MP|PP755590.1|A/cattle/Texas/24-008749-003/2024(H5N1)	657	29212
MP|PP755590.1|A/cattle/Texas/24-008749-003/2024(H5N1)	658	29203
MP|PP755590.1|A/cattle/Texas/24-008749-003/2024(H5N1)	659	29388
MP|PP755590.1|A/cattle/Texas/24-008749-003/2024(H5N1)	660	29304
MP|PP755590.1|A/cattle/Texas/24-008749-003/2024(H5N1)	661	29784
MP|PP755590.1|A/cattle/Texas/24-008749-003/2024(H5N1)	662	29501
MP|PP755590.1|A/cattle/Texas/24-008749-003/2024(H5N1)	663	28982
MP|PP755590.1|A/cattle/Texas/24-008749-003/2024(H5N1)	664	29218
MP|PP755590.1|A/cattle/Texas/24-008749-003/2024(H5N1)	665	29116
MP|PP755590.1|A/cattle/Texas/24-008749-003/2024(H5N1)	666	30366
MP|PP755590.1|A/cattle/Texas/24-008749-003/2024(H5N1)	667	30191
MP|PP755590.1|A/cattle/Texas/24-008749-003/2024(H5N1)	668	30020
MP|PP755590.1|A/cattle/Texas/24-008749-003/2024(H5N1)	669	30024
MP|PP755590.1|A/cattle/Texas/24-008749-003/2024(H5N1)	670	29985
MP|PP755590.1|A/cattle/Texas/24-008749-003/2024(H5N1)	671	30008
MP|PP755590.1|A/cattle/Texas/24-008749-003/2024(H5N1)	672	31196
MP|PP755590.1|A/cattle/Texas/24-008749-003/2024(H5N1)	673	31018
MP|PP755590.1|A/cattle/Texas/24-008749-003/2024(H5N1)	674	31121
MP|PP755590.1|A/cattle/Texas/24-008749-003/2024(H5N1)	675	30207
MP|PP755590.1|A/cattle/Texas/24-008749-003/2024(H5N1)	676	30153
MP|PP755590.1|A/cattle/Texas/24-008749-003/2024(H5N1)	677	30617
MP|PP755590.1|A/cattle/Texas/24-008749-003/2024(H5N1)	678	30546
MP|PP755590.1|A/cattle/Texas/24-008749-003/2024(H5N1)	679	30423
MP|PP755590.1|A/cattle/Texas/24-008749-003/2024(H5N1)	680	30402
MP|PP755590.1|A/cattle/Texas/24-008749-003/2024(H5N1)	681	29362
MP|PP755590.1|A/cattle/Texas/24-008749-003/2024(H5N1)	682	29635
MP|PP755590.1|A/cattle/Texas/24-008749-003/2024(H5N1)	683	30061
MP|PP755590.1|A/cattle/Texas/24-008749-003/2024(H5N1)	684	29931
MP|PP755590.1|A/cattle/Texas/24-008749-003/2024(H5N1)	685	29977
MP|PP755590.1|A/cattle/Texas/24-008749-003/2024(H5N1)	686	29506
MP|PP755590.1|A/cattle/Texas/24-008749-003/2024(H5N1)	687	29661
MP|PP755590.1|A/cattle/Texas/24-008749-003/2024(H5N1)	688	29837
MP|PP755590.1|A/cattle/Texas/24-008749-003/2024(H5N1)	689	29150
MP|PP755590.1|A/cattle/Texas/24-008749-003/2024(H5N1)	690	29126
MP|PP755590.1|A/cattle/Texas/24-008749-003/2024(H5N1)	691	29120
MP|PP755590.1|A/cattle/Texas/24-008749-003/2024(H5N1)	692	28949
MP|PP755590.1|A/cattle/Texas/24-008749-003/2024(H5N1)	693	28861
MP|PP755590.1|A/cattle/Texas/24-008749-003/2024(H5N1)	694	28317
MP|PP755590.1|A/cattle/Texas/24-008749-003/2024(H5N1)	695	28480
MP|PP755590.1|A/cattle/Texas/24-008749-003/2024(H5N1)	696	28675
MP|PP755590.1|A/cattle/Texas/24-008749-003/2024(H5N1)	697	27127
MP|PP755590.1|A/cattle/Texas/24-008749-003/2024(H5N1)	698	26675
MP|PP755590.1|A/cattle/Texas/24-008749-003/2024(H5N1)	699	26912
MP|PP755590.1|A/cattle/Texas/24-008749-003/2024(H5N1)	700	26646
MP|PP755590.1|A/cattle/Texas/24-008749-003/2024(H5N1)	701	26651
MP|PP755590.1|A/cattle/Texas/24-008749-003/2024(H5N1)	702	26661
MP|PP755590.1|A/cattle/Texas/24-008749-003/2024(H5N1)	703	26663
MP|PP755590.1|A/cattle/Texas/24-008749-003/2024(H5N1)	704	26661
MP|PP755590.1|A/cattle/Texas/24-008749-003/2024(H5N1)	705	26544
MP|PP755590.1|A/cattle/Texas/24-008749-003/2024(H5N1)	706	26109
MP|PP755590.1|A/cattle/Texas/24-008749-003/2024(H5N1)	707	26000
MP|PP755590.1|A/cattle/Texas/24-008749-003/2024(H5N1)	708	26306
MP|PP755590.1|A/cattle/Texas/24-008749-003/2024(H5N1)	709	26687
MP|PP755590.1|A/cattle/Texas/24-008749-003/2024(H5N1)	710	26692
MP|PP755590.1|A/cattle/Texas/24-008749-003/2024(H5N1)	711	26632
MP|PP755590.1|A/cattle/Texas/24-008749-003/2024(H5N1)	712	26381
MP|PP755590.1|A/cattle/Texas/24-008749-003/2024(H5N1)	713	26364
MP|PP755590.1|A/cattle/Texas/24-008749-003/2024(H5N1)	714	26437
MP|PP755590.1|A/cattle/Texas/24-008749-003/2024(H5N1)	715	26509
MP|PP755590.1|A/cattle/Texas/24-008749-003/2024(H5N1)	716	26401
MP|PP755590.1|A/cattle/Texas/24-008749-003/2024(H5N1)	717	26147
MP|PP755590.1|A/cattle/Texas/24-008749-003/2024(H5N1)	718	26498
MP|PP755590.1|A/cattle/Texas/24-008749-003/2024(H5N1)	719	26960
MP|PP755590.1|A/cattle/Texas/24-008749-003/2024(H5N1)	720	27223
MP|PP755590.1|A/cattle/Texas/24-008749-003/2024(H5N1)	721	27182
MP|PP755590.1|A/cattle/Texas/24-008749-003/2024(H5N1)	722	27156
MP|PP755590.1|A/cattle/Texas/24-008749-003/2024(H5N1)	723	26978
MP|PP755590.1|A/cattle/Texas/24-008749-003/2024(H5N1)	724	26998
MP|PP755590.1|A/cattle/Texas/24-008749-003/2024(H5N1)	725	27050
MP|PP755590.1|A/cattle/Texas/24-008749-003/2024(H5N1)	726	26926
MP|PP755590.1|A/cattle/Texas/24-008749-003/2024(H5N1)	727	26608
MP|PP755590.1|A/cattle/Texas/24-008749-003/2024(H5N1)	728	26606
MP|PP755590.1|A/cattle/Texas/24-008749-003/2024(H5N1)	729	26604
MP|PP755590.1|A/cattle/Texas/24-008749-003/2024(H5N1)	730	26651
MP|PP755590.1|A/cattle/Texas/24-008749-003/2024(H5N1)	731	26677
MP|PP755590.1|A/cattle/Texas/24-008749-003/2024(H5N1)	732	26576
MP|PP755590.1|A/cattle/Texas/24-008749-003/2024(H5N1)	733	26928
MP|PP755590.1|A/cattle/Texas/24-008749-003/2024(H5N1)	734	27753
MP|PP755590.1|A/cattle/Texas/24-008749-003/2024(H5N1)	735	27536
MP|PP755590.1|A/cattle/Texas/24-008749-003/2024(H5N1)	736	27776
MP|PP755590.1|A/cattle/Texas/24-008749-003/2024(H5N1)	737	27724
MP|PP755590.1|A/cattle/Texas/24-008749-003/2024(H5N1)	738	27701
MP|PP755590.1|A/cattle/Texas/24-008749-003/2024(H5N1)	739	28293
MP|PP755590.1|A/cattle/Texas/24-008749-003/2024(H5N1)	740	28329
MP|PP755590.1|A/cattle/Texas/24-008749-003/2024(H5N1)	741	28303
MP|PP755590.1|A/cattle/Texas/24-008749-003/2024(H5N1)	742	28290
MP|PP755590.1|A/cattle/Texas/24-008749-003/2024(H5N1)	743	27523
MP|PP755590.1|A/cattle/Texas/24-008749-003/2024(H5N1)	744	27571
MP|PP755590.1|A/cattle/Texas/24-008749-003/2024(H5N1)	745	27431
MP|PP755590.1|A/cattle/Texas/24-008749-003/2024(H5N1)	746	27390
MP|PP755590.1|A/cattle/Texas/24-008749-003/2024(H5N1)	747	27350
MP|PP755590.1|A/cattle/Texas/24-008749-003/2024(H5N1)	748	28528
MP|PP755590.1|A/cattle/Texas/24-008749-003/2024(H5N1)	749	28614
MP|PP755590.1|A/cattle/Texas/24-008749-003/2024(H5N1)	750	29454
MP|PP755590.1|A/cattle/Texas/24-008749-003/2024(H5N1)	751	29531
MP|PP755590.1|A/cattle/Texas/24-008749-003/2024(H5N1)	752	29529
MP|PP755590.1|A/cattle/Texas/24-008749-003/2024(H5N1)	753	29727
MP|PP755590.1|A/cattle/Texas/24-008749-003/2024(H5N1)	754	29930
MP|PP755590.1|A/cattle/Texas/24-008749-003/2024(H5N1)	755	29557
MP|PP755590.1|A/cattle/Texas/24-008749-003/2024(H5N1)	756	29365
MP|PP755590.1|A/cattle/Texas/24-008749-003/2024(H5N1)	757	29731
MP|PP755590.1|A/cattle/Texas/24-008749-003/2024(H5N1)	758	29685
MP|PP755590.1|A/cattle/Texas/24-008749-003/2024(H5N1)	759	29630
MP|PP755590.1|A/cattle/Texas/24-008749-003/2024(H5N1)	760	29619
MP|PP755590.1|A/cattle/Texas/24-008749-003/2024(H5N1)	761	29870
MP|PP755590.1|A/cattle/Texas/24-008749-003/2024(H5N1)	762	29414
MP|PP755590.1|A/cattle/Texas/24-008749-003/2024(H5N1)	763	29652
MP|PP755590.1|A/cattle/Texas/24-008749-003/2024(H5N1)	764	29657
MP|PP755590.1|A/cattle/Texas/24-008749-003/2024(H5N1)	765	29572
MP|PP755590.1|A/cattle/Texas/24-008749-003/2024(H5N1)	766	30011
MP|PP755590.1|A/cattle/Texas/24-008749-003/2024(H5N1)	767	30004
MP|PP755590.1|A/cattle/Texas/24-008749-003/2024(H5N1)	768	29743
MP|PP755590.1|A/cattle/Texas/24-008749-003/2024(H5N1)	769	29939
MP|PP755590.1|A/cattle/Texas/24-008749-003/2024(H5N1)	770	29453
MP|PP755590.1|A/cattle/Texas/24-008749-003/2024(H5N1)	771	29649
MP|PP755590.1|A/cattle/Texas/24-008749-003/2024(H5N1)	772	29444
MP|PP755590.1|A/cattle/Texas/24-008749-003/2024(H5N1)	773	29350
MP|PP755590.1|A/cattle/Texas/24-008749-003/2024(H5N1)	774	28529
MP|PP755590.1|A/cattle/Texas/24-008749-003/2024(H5N1)	775	28220
MP|PP755590.1|A/cattle/Texas/24-008749-003/2024(H5N1)	776	28236
MP|PP755590.1|A/cattle/Texas/24-008749-003/2024(H5N1)	777	28461
MP|PP755590.1|A/cattle/Texas/24-008749-003/2024(H5N1)	778	28490
MP|PP755590.1|A/cattle/Texas/24-008749-003/2024(H5N1)	779	28418
MP|PP755590.1|A/cattle/Texas/24-008749-003/2024(H5N1)	780	28327
MP|PP755590.1|A/cattle/Texas/24-008749-003/2024(H5N1)	781	29500
MP|PP755590.1|A/cattle/Texas/24-008749-003/2024(H5N1)	782	29512
MP|PP755590.1|A/cattle/Texas/24-008749-003/2024(H5N1)	783	29595
MP|PP755590.1|A/cattle/Texas/24-008749-003/2024(H5N1)	784	30281
MP|PP755590.1|A/cattle/Texas/24-008749-003/2024(H5N1)	785	30327
MP|PP755590.1|A/cattle/Texas/24-008749-003/2024(H5N1)	786	30965
MP|PP755590.1|A/cattle/Texas/24-008749-003/2024(H5N1)	787	30841
MP|PP755590.1|A/cattle/Texas/24-008749-003/2024(H5N1)	788	30451
MP|PP755590.1|A/cattle/Texas/24-008749-003/2024(H5N1)	789	29966
MP|PP755590.1|A/cattle/Texas/24-008749-003/2024(H5N1)	790	30033
MP|PP755590.1|A/cattle/Texas/24-008749-003/2024(H5N1)	791	31379
MP|PP755590.1|A/cattle/Texas/24-008749-003/2024(H5N1)	792	31314
MP|PP755590.1|A/cattle/Texas/24-008749-003/2024(H5N1)	793	30937
MP|PP755590.1|A/cattle/Texas/24-008749-003/2024(H5N1)	794	31186
MP|PP755590.1|A/cattle/Texas/24-008749-003/2024(H5N1)	795	31222
MP|PP755590.1|A/cattle/Texas/24-008749-003/2024(H5N1)	796	31358
MP|PP755590.1|A/cattle/Texas/24-008749-003/2024(H5N1)	797	31225
MP|PP755590.1|A/cattle/Texas/24-008749-003/2024(H5N1)	798	31417
MP|PP755590.1|A/cattle/Texas/24-008749-003/2024(H5N1)	799	31342
MP|PP755590.1|A/cattle/Texas/24-008749-003/2024(H5N1)	800	30992
MP|PP755590.1|A/cattle/Texas/24-008749-003/2024(H5N1)	801	31100
MP|PP755590.1|A/cattle/Texas/24-008749-003/2024(H5N1)	802	31007
MP|PP755590.1|A/cattle/Texas/24-008749-003/2024(H5N1)	803	31458
MP|PP755590.1|A/cattle/Texas/24-008749-003/2024(H5N1)	804	30853
MP|PP755590.1|A/cattle/Texas/24-008749-003/2024(H5N1)	805	30429
MP|PP755590.1|A/cattle/Texas/24-008749-003/2024(H5N1)	806	30399
MP|PP755590.1|A/cattle/Texas/24-008749-003/2024(H5N1)	807	30039
MP|PP755590.1|A/cattle/Texas/24-008749-003/2024(H5N1)	808	30198
MP|PP755590.1|A/cattle/Texas/24-008749-003/2024(H5N1)	809	30166
MP|PP755590.1|A/cattle/Texas/24-008749-003/2024(H5N1)	810	29946
MP|PP755590.1|A/cattle/Texas/24-008749-003/2024(H5N1)	811	29944
MP|PP755590.1|A/cattle/Texas/24-008749-003/2024(H5N1)	812	29432
MP|PP755590.1|A/cattle/Texas/24-008749-003/2024(H5N1)	813	29465
MP|PP755590.1|A/cattle/Texas/24-008749-003/2024(H5N1)	814	29336
MP|PP755590.1|A/cattle/Texas/24-008749-003/2024(H5N1)	815	28307
MP|PP755590.1|A/cattle/Texas/24-008749-003/2024(H5N1)	816	28288
MP|PP755590.1|A/cattle/Texas/24-008749-003/2024(H5N1)	817	28025
MP|PP755590.1|A/cattle/Texas/24-008749-003/2024(H5N1)	818	28012
MP|PP755590.1|A/cattle/Texas/24-008749-003/2024(H5N1)	819	28239
MP|PP755590.1|A/cattle/Texas/24-008749-003/2024(H5N1)	820	28201
MP|PP755590.1|A/cattle/Texas/24-008749-003/2024(H5N1)	821	28170
MP|PP755590.1|A/cattle/Texas/24-008749-003/2024(H5N1)	822	28100
MP|PP755590.1|A/cattle/Texas/24-008749-003/2024(H5N1)	823	27202
MP|PP755590.1|A/cattle/Texas/24-008749-003/2024(H5N1)	824	28651
MP|PP755590.1|A/cattle/Texas/24-008749-003/2024(H5N1)	825	28551
MP|PP755590.1|A/cattle/Texas/24-008749-003/2024(H5N1)	826	28558
MP|PP755590.1|A/cattle/Texas/24-008749-003/2024(H5N1)	827	28574
MP|PP755590.1|A/cattle/Texas/24-008749-003/2024(H5N1)	828	28125
MP|PP755590.1|A/cattle/Texas/24-008749-003/2024(H5N1)	829	28767
MP|PP755590.1|A/cattle/Texas/24-008749-003/2024(H5N1)	830	28744
MP|PP755590.1|A/cattle/Texas/24-008749-003/2024(H5N1)	831	28753
MP|PP755590.1|A/cattle/Texas/24-008749-003/2024(H5N1)	832	28454
MP|PP755590.1|A/cattle/Texas/24-008749-003/2024(H5N1)	833	28263
MP|PP755590.1|A/cattle/Texas/24-008749-003/2024(H5N1)	834	28081
MP|PP755590.1|A/cattle/Texas/24-008749-003/2024(H5N1)	835	28042
MP|PP755590.1|A/cattle/Texas/24-008749-003/2024(H5N1)	836	28006
MP|PP755590.1|A/cattle/Texas/24-008749-003/2024(H5N1)	837	28104
MP|PP755590.1|A/cattle/Texas/24-008749-003/2024(H5N1)	838	28080
MP|PP755590.1|A/cattle/Texas/24-008749-003/2024(H5N1)	839	28110
MP|PP755590.1|A/cattle/Texas/24-008749-003/2024(H5N1)	840	27742
MP|PP755590.1|A/cattle/Texas/24-008749-003/2024(H5N1)	841	27732
MP|PP755590.1|A/cattle/Texas/24-008749-003/2024(H5N1)	842	27815
MP|PP755590.1|A/cattle/Texas/24-008749-003/2024(H5N1)	843	27817
MP|PP755590.1|A/cattle/Texas/24-008749-003/2024(H5N1)	844	27845
MP|PP755590.1|A/cattle/Texas/24-008749-003/2024(H5N1)	845	27801
MP|PP755590.1|A/cattle/Texas/24-008749-003/2024(H5N1)	846	27648
MP|PP755590.1|A/cattle/Texas/24-008749-003/2024(H5N1)	847	27678
MP|PP755590.1|A/cattle/Texas/24-008749-003/2024(H5N1)	848	27608
MP|PP755590.1|A/cattle/Texas/24-008749-003/2024(H5N1)	849	27656
MP|PP755590.1|A/cattle/Texas/24-008749-003/2024(H5N1)	850	27746
MP|PP755590.1|A/cattle/Texas/24-008749-003/2024(H5N1)	851	29830
MP|PP755590.1|A/cattle/Texas/24-008749-003/2024(H5N1)	852	29993
MP|PP755590.1|A/cattle/Texas/24-008749-003/2024(H5N1)	853	30318
MP|PP755590.1|A/cattle/Texas/24-008749-003/2024(H5N1)	854	30381
MP|PP755590.1|A/cattle/Texas/24-008749-003/2024(H5N1)	855	30404
MP|PP755590.1|A/cattle/Texas/24-008749-003/2024(H5N1)	856	30654
MP|PP755590.1|A/cattle/Texas/24-008749-003/2024(H5N1)	857	30642
MP|PP755590.1|A/cattle/Texas/24-008749-003/2024(H5N1)	858	30407
MP|PP755590.1|A/cattle/Texas/24-008749-003/2024(H5N1)	859	29757
MP|PP755590.1|A/cattle/Texas/24-008749-003/2024(H5N1)	860	29409
MP|PP755590.1|A/cattle/Texas/24-008749-003/2024(H5N1)	861	29531
MP|PP755590.1|A/cattle/Texas/24-008749-003/2024(H5N1)	862	29359
MP|PP755590.1|A/cattle/Texas/24-008749-003/2024(H5N1)	863	29276
MP|PP755590.1|A/cattle/Texas/24-008749-003/2024(H5N1)	864	29270
MP|PP755590.1|A/cattle/Texas/24-008749-003/2024(H5N1)	865	28982
MP|PP755590.1|A/cattle/Texas/24-008749-003/2024(H5N1)	866	28970
MP|PP755590.1|A/cattle/Texas/24-008749-003/2024(H5N1)	867	28972
MP|PP755590.1|A/cattle/Texas/24-008749-003/2024(H5N1)	868	28954
MP|PP755590.1|A/cattle/Texas/24-008749-003/2024(H5N1)	869	28513
MP|PP755590.1|A/cattle/Texas/24-008749-003/2024(H5N1)	870	28170
MP|PP755590.1|A/cattle/Texas/24-008749-003/2024(H5N1)	871	27718
MP|PP755590.1|A/cattle/Texas/24-008749-003/2024(H5N1)	872	27724
MP|PP755590.1|A/cattle/Texas/24-008749-003/2024(H5N1)	873	27734
MP|PP755590.1|A/cattle/Texas/24-008749-003/2024(H5N1)	874	27762
MP|PP755590.1|A/cattle/Texas/24-008749-003/2024(H5N1)	875	27685
MP|PP755590.1|A/cattle/Texas/24-008749-003/2024(H5N1)	876	27381
MP|PP755590.1|A/cattle/Texas/24-008749-003/2024(H5N1)	877	27352
MP|PP755590.1|A/cattle/Texas/24-008749-003/2024(H5N1)	878	27381
MP|PP755590.1|A/cattle/Texas/24-008749-003/2024(H5N1)	879	27199
MP|PP755590.1|A/cattle/Texas/24-008749-003/2024(H5N1)	880	27163
MP|PP755590.1|A/cattle/Texas/24-008749-003/2024(H5N1)	881	27185
MP|PP755590.1|A/cattle/Texas/24-008749-003/2024(H5N1)	882	27120
MP|PP755590.1|A/cattle/Texas/24-008749-003/2024(H5N1)	883	26704
MP|PP755590.1|A/cattle/Texas/24-008749-003/2024(H5N1)	884	26591
MP|PP755590.1|A/cattle/Texas/24-008749-003/2024(H5N1)	885	25785
MP|PP755590.1|A/cattle/Texas/24-008749-003/2024(H5N1)	886	25766
MP|PP755590.1|A/cattle/Texas/24-008749-003/2024(H5N1)	887	25476
MP|PP755590.1|A/cattle/Texas/24-008749-003/2024(H5N1)	888	25673
MP|PP755590.1|A/cattle/Texas/24-008749-003/2024(H5N1)	889	25535
MP|PP755590.1|A/cattle/Texas/24-008749-003/2024(H5N1)	890	25216
MP|PP755590.1|A/cattle/Texas/24-008749-003/2024(H5N1)	891	25125
MP|PP755590.1|A/cattle/Texas/24-008749-003/2024(H5N1)	892	25166
MP|PP755590.1|A/cattle/Texas/24-008749-003/2024(H5N1)	893	25125
MP|PP755590.1|A/cattle/Texas/24-008749-003/2024(H5N1)	894	25033
MP|PP755590.1|A/cattle/Texas/24-008749-003/2024(H5N1)	895	24830
MP|PP755590.1|A/cattle/Texas/24-008749-003/2024(H5N1)	896	24792
MP|PP755590.1|A/cattle/Texas/24-008749-003/2024(H5N1)	897	23171
MP|PP755590.1|A/cattle/Texas/24-008749-003/2024(H5N1)	898	23287
MP|PP755590.1|A/cattle/Texas/24-008749-003/2024(H5N1)	899	22446
MP|PP755590.1|A/cattle/Texas/24-008749-003/2024(H5N1)	900	22006
MP|PP755590.1|A/cattle/Texas/24-008749-003/2024(H5N1)	901	21625
MP|PP755590.1|A/cattle/Texas/24-008749-003/2024(H5N1)	902	21431
MP|PP755590.1|A/cattle/Texas/24-008749-003/2024(H5N1)	903	21452
MP|PP755590.1|A/cattle/Texas/24-008749-003/2024(H5N1)	904	21237
MP|PP755590.1|A/cattle/Texas/24-008749-003/2024(H5N1)	905	21023
MP|PP755590.1|A/cattle/Texas/24-008749-003/2024(H5N1)	906	21021
MP|PP755590.1|A/cattle/Texas/24-008749-003/2024(H5N1)	907	20295
MP|PP755590.1|A/cattle/Texas/24-008749-003/2024(H5N1)	908	20308
MP|PP755590.1|A/cattle/Texas/24-008749-003/2024(H5N1)	909	20268
MP|PP755590.1|A/cattle/Texas/24-008749-003/2024(H5N1)	910	19828
MP|PP755590.1|A/cattle/Texas/24-008749-003/2024(H5N1)	911	19860
MP|PP755590.1|A/cattle/Texas/24-008749-003/2024(H5N1)	912	19567
MP|PP755590.1|A/cattle/Texas/24-008749-003/2024(H5N1)	913	19548
MP|PP755590.1|A/cattle/Texas/24-008749-003/2024(H5N1)	914	19185
MP|PP755590.1|A/cattle/Texas/24-008749-003/2024(H5N1)	915	18860
MP|PP755590.1|A/cattle/Texas/24-008749-003/2024(H5N1)	916	18660
MP|PP755590.1|A/cattle/Texas/24-008749-003/2024(H5N1)	917	18434
MP|PP755590.1|A/cattle/Texas/24-008749-003/2024(H5N1)	918	18467
MP|PP755590.1|A/cattle/Texas/24-008749-003/2024(H5N1)	919	18418
MP|PP755590.1|A/cattle/Texas/24-008749-003/2024(H5N1)	920	18155
MP|PP755590.1|A/cattle/Texas/24-008749-003/2024(H5N1)	921	18064
MP|PP755590.1|A/cattle/Texas/24-008749-003/2024(H5N1)	922	17722
MP|PP755590.1|A/cattle/Texas/24-008749-003/2024(H5N1)	923	17839
MP|PP755590.1|A/cattle/Texas/24-008749-003/2024(H5N1)	924	17807
MP|PP755590.1|A/cattle/Texas/24-008749-003/2024(H5N1)	925	17766
MP|PP755590.1|A/cattle/Texas/24-008749-003/2024(H5N1)	926	17801
MP|PP755590.1|A/cattle/Texas/24-008749-003/2024(H5N1)	927	17470
MP|PP755590.1|A/cattle/Texas/24-008749-003/2024(H5N1)	928	17513
MP|PP755590.1|A/cattle/Texas/24-008749-003/2024(H5N1)	929	17477
MP|PP755590.1|A/cattle/Texas/24-008749-003/2024(H5N1)	930	17450
MP|PP755590.1|A/cattle/Texas/24-008749-003/2024(H5N1)	931	17153
MP|PP755590.1|A/cattle/Texas/24-008749-003/2024(H5N1)	932	15705
MP|PP755590.1|A/cattle/Texas/24-008749-003/2024(H5N1)	933	15721
MP|PP755590.1|A/cattle/Texas/24-008749-003/2024(H5N1)	934	15606
MP|PP755590.1|A/cattle/Texas/24-008749-003/2024(H5N1)	935	14996
MP|PP755590.1|A/cattle/Texas/24-008749-003/2024(H5N1)	936	14927
MP|PP755590.1|A/cattle/Texas/24-008749-003/2024(H5N1)	937	14061
MP|PP755590.1|A/cattle/Texas/24-008749-003/2024(H5N1)	938	14059
MP|PP755590.1|A/cattle/Texas/24-008749-003/2024(H5N1)	939	14019
MP|PP755590.1|A/cattle/Texas/24-008749-003/2024(H5N1)	940	13963
MP|PP755590.1|A/cattle/Texas/24-008749-003/2024(H5N1)	941	13926
MP|PP755590.1|A/cattle/Texas/24-008749-003/2024(H5N1)	942	12361
MP|PP755590.1|A/cattle/Texas/24-008749-003/2024(H5N1)	943	12327
MP|PP755590.1|A/cattle/Texas/24-008749-003/2024(H5N1)	944	11771
MP|PP755590.1|A/cattle/Texas/24-008749-003/2024(H5N1)	945	11306
MP|PP755590.1|A/cattle/Texas/24-008749-003/2024(H5N1)	946	11191
MP|PP755590.1|A/cattle/Texas/24-008749-003/2024(H5N1)	947	10992
MP|PP755590.1|A/cattle/Texas/24-008749-003/2024(H5N1)	948	10948
MP|PP755590.1|A/cattle/Texas/24-008749-003/2024(H5N1)	949	10690
MP|PP755590.1|A/cattle/Texas/24-008749-003/2024(H5N1)	950	10560
MP|PP755590.1|A/cattle/Texas/24-008749-003/2024(H5N1)	951	10418
MP|PP755590.1|A/cattle/Texas/24-008749-003/2024(H5N1)	952	10306
MP|PP755590.1|A/cattle/Texas/24-008749-003/2024(H5N1)	953	10216
MP|PP755590.1|A/cattle/Texas/24-008749-003/2024(H5N1)	954	10024
MP|PP755590.1|A/cattle/Texas/24-008749-003/2024(H5N1)	955	10002
MP|PP755590.1|A/cattle/Texas/24-008749-003/2024(H5N1)	956	9927
MP|PP755590.1|A/cattle/Texas/24-008749-003/2024(H5N1)	957	9914
MP|PP755590.1|A/cattle/Texas/24-008749-003/2024(H5N1)	958	9901
MP|PP755590.1|A/cattle/Texas/24-008749-003/2024(H5N1)	959	9824
MP|PP755590.1|A/cattle/Texas/24-008749-003/2024(H5N1)	960	9778
MP|PP755590.1|A/cattle/Texas/24-008749-003/2024(H5N1)	961	9714
MP|PP755590.1|A/cattle/Texas/24-008749-003/2024(H5N1)	962	9699
MP|PP755590.1|A/cattle/Texas/24-008749-003/2024(H5N1)	963	9565
MP|PP755590.1|A/cattle/Texas/24-008749-003/2024(H5N1)	964	9544
MP|PP755590.1|A/cattle/Texas/24-008749-003/2024(H5N1)	965	9502
MP|PP755590.1|A/cattle/Texas/24-008749-003/2024(H5N1)	966	9435
MP|PP755590.1|A/cattle/Texas/24-008749-003/2024(H5N1)	967	9427
MP|PP755590.1|A/cattle/Texas/24-008749-003/2024(H5N1)	968	9403
MP|PP755590.1|A/cattle/Texas/24-008749-003/2024(H5N1)	969	9395
MP|PP755590.1|A/cattle/Texas/24-008749-003/2024(H5N1)	970	9014
MP|PP755590.1|A/cattle/Texas/24-008749-003/2024(H5N1)	971	9004
MP|PP755590.1|A/cattle/Texas/24-008749-003/2024(H5N1)	972	8866
MP|PP755590.1|A/cattle/Texas/24-008749-003/2024(H5N1)	973	8864
MP|PP755590.1|A/cattle/Texas/24-008749-003/2024(H5N1)	974	8773
MP|PP755590.1|A/cattle/Texas/24-008749-003/2024(H5N1)	975	6817
MP|PP755590.1|A/cattle/Texas/24-008749-003/2024(H5N1)	976	6723
MP|PP755590.1|A/cattle/Texas/24-008749-003/2024(H5N1)	977	6714
MP|PP755590.1|A/cattle/Texas/24-008749-003/2024(H5N1)	978	6676
MP|PP755590.1|A/cattle/Texas/24-008749-003/2024(H5N1)	979	6602
MP|PP755590.1|A/cattle/Texas/24-008749-003/2024(H5N1)	980	5783
MP|PP755590.1|A/cattle/Texas/24-008749-003/2024(H5N1)	981	5753
MP|PP755590.1|A/cattle/Texas/24-008749-003/2024(H5N1)	982	5728
