NA|PP755591.1|A/cattle/Texas/24-008749-003/2024(H5N1)	1	64
NA|PP755591.1|A/cattle/Texas/24-008749-003/2024(H5N1)	2	64
NA|PP755591.1|A/cattle/Texas/24-008749-003/2024(H5N1)	3	66
NA|PP755591.1|A/cattle/Texas/24-008749-003/2024(H5N1)	4	66
NA|PP755591.1|A/cattle/Texas/24-008749-003/2024(H5N1)	5	72
NA|PP755591.1|A/cattle/Texas/24-008749-003/2024(H5N1)	6	72
NA|PP755591.1|A/cattle/Texas/24-008749-003/2024(H5N1)	7	72
NA|PP755591.1|A/cattle/Texas/24-008749-003/2024(H5N1)	8	74
NA|PP755591.1|A/cattle/Texas/24-008749-003/2024(H5N1)	9	74
NA|PP755591.1|A/cattle/Texas/24-008749-003/2024(H5N1)	10	75
NA|PP755591.1|A/cattle/Texas/24-008749-003/2024(H5N1)	11	76
NA|PP755591.1|A/cattle/Texas/24-008749-003/2024(H5N1)	12	76
NA|PP755591.1|A/cattle/Texas/24-008749-003/2024(H5N1)	13	76
NA|PP755591.1|A/cattle/Texas/24-008749-003/2024(H5N1)	14	76
NA|PP755591.1|A/cattle/Texas/24-008749-003/2024(H5N1)	15	79
NA|PP755591.1|A/cattle/Texas/24-008749-003/2024(H5N1)	16	79
NA|PP755591.1|A/cattle/Texas/24-008749-003/2024(H5N1)	17	79
NA|PP755591.1|A/cattle/Texas/24-008749-003/2024(H5N1)	18	79
NA|PP755591.1|A/cattle/Texas/24-008749-003/2024(H5N1)	19	79
NA|PP755591.1|A/cattle/Texas/24-008749-003/2024(H5N1)	20	79
NA|PP755591.1|A/cattle/Texas/24-008749-003/2024(H5N1)	21	79
NA|PP755591.1|A/cattle/Texas/24-008749-003/2024(H5N1)	22	79
NA|PP755591.1|A/cattle/Texas/24-008749-003/2024(H5N1)	23	79
NA|PP755591.1|A/cattle/Texas/24-008749-003/2024(H5N1)	24	79
NA|PP755591.1|A/cattle/Texas/24-008749-003/2024(H5N1)	25	79
NA|PP755591.1|A/cattle/Texas/24-008749-003/2024(H5N1)	26	79
NA|PP755591.1|A/cattle/Texas/24-008749-003/2024(H5N1)	27	79
NA|PP755591.1|A/cattle/Texas/24-008749-003/2024(H5N1)	28	79
NA|PP755591.1|A/cattle/Texas/24-008749-003/2024(H5N1)	29	79
NA|PP755591.1|A/cattle/Texas/24-008749-003/2024(H5N1)	30	79
NA|PP755591.1|A/cattle/Texas/24-008749-003/2024(H5N1)	31	79
NA|PP755591.1|A/cattle/Texas/24-008749-003/2024(H5N1)	32	79
NA|PP755591.1|A/cattle/Texas/24-008749-003/2024(H5N1)	33	79
NA|PP755591.1|A/cattle/Texas/24-008749-003/2024(H5N1)	34	79
NA|PP755591.1|A/cattle/Texas/24-008749-003/2024(H5N1)	35	79
NA|PP755591.1|A/cattle/Texas/24-008749-003/2024(H5N1)	36	79
NA|PP755591.1|A/cattle/Texas/24-008749-003/2024(H5N1)	37	79
NA|PP755591.1|A/cattle/Texas/24-008749-003/2024(H5N1)	38	79
NA|PP755591.1|A/cattle/Texas/24-008749-003/2024(H5N1)	39	79
NA|PP755591.1|A/cattle/Texas/24-008749-003/2024(H5N1)	40	79
NA|PP755591.1|A/cattle/Texas/24-008749-003/2024(H5N1)	41	77
NA|PP755591.1|A/cattle/Texas/24-008749-003/2024(H5N1)	42	77
NA|PP755591.1|A/cattle/Texas/24-008749-003/2024(H5N1)	43	77
NA|PP755591.1|A/cattle/Texas/24-008749-003/2024(H5N1)	44	77
NA|PP755591.1|A/cattle/Texas/24-008749-003/2024(H5N1)	45	77
NA|PP755591.1|A/cattle/Texas/24-008749-003/2024(H5N1)	46	77
NA|PP755591.1|A/cattle/Texas/24-008749-003/2024(H5N1)	47	77
NA|PP755591.1|A/cattle/Texas/24-008749-003/2024(H5N1)	48	77
NA|PP755591.1|A/cattle/Texas/24-008749-003/2024(H5N1)	49	77
NA|PP755591.1|A/cattle/Texas/24-008749-003/2024(H5N1)	50	77
NA|PP755591.1|A/cattle/Texas/24-008749-003/2024(H5N1)	51	77
NA|PP755591.1|A/cattle/Texas/24-008749-003/2024(H5N1)	52	77
NA|PP755591.1|A/cattle/Texas/24-008749-003/2024(H5N1)	53	77
NA|PP755591.1|A/cattle/Texas/24-008749-003/2024(H5N1)	54	73
NA|PP755591.1|A/cattle/Texas/24-008749-003/2024(H5N1)	55	73
NA|PP755591.1|A/cattle/Texas/24-008749-003/2024(H5N1)	56	73
NA|PP755591.1|A/cattle/Texas/24-008749-003/2024(H5N1)	57	73
NA|PP755591.1|A/cattle/Texas/24-008749-003/2024(H5N1)	58	73
NA|PP755591.1|A/cattle/Texas/24-008749-003/2024(H5N1)	59	73
NA|PP755591.1|A/cattle/Texas/24-008749-003/2024(H5N1)	60	73
NA|PP755591.1|A/cattle/Texas/24-008749-003/2024(H5N1)	61	73
NA|PP755591.1|A/cattle/Texas/24-008749-003/2024(H5N1)	62	73
NA|PP755591.1|A/cattle/Texas/24-008749-003/2024(H5N1)	63	73
NA|PP755591.1|A/cattle/Texas/24-008749-003/2024(H5N1)	64	73
NA|PP755591.1|A/cattle/Texas/24-008749-003/2024(H5N1)	65	74
NA|PP755591.1|A/cattle/Texas/24-008749-003/2024(H5N1)	66	74
NA|PP755591.1|A/cattle/Texas/24-008749-003/2024(H5N1)	67	77
NA|PP755591.1|A/cattle/Texas/24-008749-003/2024(H5N1)	68	77
NA|PP755591.1|A/cattle/Texas/24-008749-003/2024(H5N1)	69	77
NA|PP755591.1|A/cattle/Texas/24-008749-003/2024(H5N1)	70	77
NA|PP755591.1|A/cattle/Texas/24-008749-003/2024(H5N1)	71	77
NA|PP755591.1|A/cattle/Texas/24-008749-003/2024(H5N1)	72	77
NA|PP755591.1|A/cattle/Texas/24-008749-003/2024(H5N1)	73	180
NA|PP755591.1|A/cattle/Texas/24-008749-003/2024(H5N1)	74	181
NA|PP755591.1|A/cattle/Texas/24-008749-003/2024(H5N1)	75	181
NA|PP755591.1|A/cattle/Texas/24-008749-003/2024(H5N1)	76	181
NA|PP755591.1|A/cattle/Texas/24-008749-003/2024(H5N1)	77	182
NA|PP755591.1|A/cattle/Texas/24-008749-003/2024(H5N1)	78	182
NA|PP755591.1|A/cattle/Texas/24-008749-003/2024(H5N1)	79	186
NA|PP755591.1|A/cattle/Texas/24-008749-003/2024(H5N1)	80	186
NA|PP755591.1|A/cattle/Texas/24-008749-003/2024(H5N1)	81	186
NA|PP755591.1|A/cattle/Texas/24-008749-003/2024(H5N1)	82	190
NA|PP755591.1|A/cattle/Texas/24-008749-003/2024(H5N1)	83	191
NA|PP755591.1|A/cattle/Texas/24-008749-003/2024(H5N1)	84	196
NA|PP755591.1|A/cattle/Texas/24-008749-003/2024(H5N1)	85	196
NA|PP755591.1|A/cattle/Texas/24-008749-003/2024(H5N1)	86	197
NA|PP755591.1|A/cattle/Texas/24-008749-003/2024(H5N1)	87	197
NA|PP755591.1|A/cattle/Texas/24-008749-003/2024(H5N1)	88	197
NA|PP755591.1|A/cattle/Texas/24-008749-003/2024(H5N1)	89	197
NA|PP755591.1|A/cattle/Texas/24-008749-003/2024(H5N1)	90	197
NA|PP755591.1|A/cattle/Texas/24-008749-003/2024(H5N1)	91	197
NA|PP755591.1|A/cattle/Texas/24-008749-003/2024(H5N1)	92	200
NA|PP755591.1|A/cattle/Texas/24-008749-003/2024(H5N1)	93	200
NA|PP755591.1|A/cattle/Texas/24-008749-003/2024(H5N1)	94	200
NA|PP755591.1|A/cattle/Texas/24-008749-003/2024(H5N1)	95	200
NA|PP755591.1|A/cattle/Texas/24-008749-003/2024(H5N1)	96	200
NA|PP755591.1|A/cattle/Texas/24-008749-003/2024(H5N1)	97	198
NA|PP755591.1|A/cattle/Texas/24-008749-003/2024(H5N1)	98	198
NA|PP755591.1|A/cattle/Texas/24-008749-003/2024(H5N1)	99	198
NA|PP755591.1|A/cattle/Texas/24-008749-003/2024(H5N1)	100	198
NA|PP755591.1|A/cattle/Texas/24-008749-003/2024(H5N1)	101	184
NA|PP755591.1|A/cattle/Texas/24-008749-003/2024(H5N1)	102	183
NA|PP755591.1|A/cattle/Texas/24-008749-003/2024(H5N1)	103	183
NA|PP755591.1|A/cattle/Texas/24-008749-003/2024(H5N1)	104	183
NA|PP755591.1|A/cattle/Texas/24-008749-003/2024(H5N1)	105	182
NA|PP755591.1|A/cattle/Texas/24-008749-003/2024(H5N1)	106	182
NA|PP755591.1|A/cattle/Texas/24-008749-003/2024(H5N1)	107	174
NA|PP755591.1|A/cattle/Texas/24-008749-003/2024(H5N1)	108	174
NA|PP755591.1|A/cattle/Texas/24-008749-003/2024(H5N1)	109	174
NA|PP755591.1|A/cattle/Texas/24-008749-003/2024(H5N1)	110	174
NA|PP755591.1|A/cattle/Texas/24-008749-003/2024(H5N1)	111	174
NA|PP755591.1|A/cattle/Texas/24-008749-003/2024(H5N1)	112	174
NA|PP755591.1|A/cattle/Texas/24-008749-003/2024(H5N1)	113	174
NA|PP755591.1|A/cattle/Texas/24-008749-003/2024(H5N1)	114	171
NA|PP755591.1|A/cattle/Texas/24-008749-003/2024(H5N1)	115	171
NA|PP755591.1|A/cattle/Texas/24-008749-003/2024(H5N1)	116	167
NA|PP755591.1|A/cattle/Texas/24-008749-003/2024(H5N1)	117	167
NA|PP755591.1|A/cattle/Texas/24-008749-003/2024(H5N1)	118	167
NA|PP755591.1|A/cattle/Texas/24-008749-003/2024(H5N1)	119	167
NA|PP755591.1|A/cattle/Texas/24-008749-003/2024(H5N1)	120	72
NA|PP755591.1|A/cattle/Texas/24-008749-003/2024(H5N1)	121	72
NA|PP755591.1|A/cattle/Texas/24-008749-003/2024(H5N1)	122	72
NA|PP755591.1|A/cattle/Texas/24-008749-003/2024(H5N1)	123	71
NA|PP755591.1|A/cattle/Texas/24-008749-003/2024(H5N1)	124	71
NA|PP755591.1|A/cattle/Texas/24-008749-003/2024(H5N1)	125	71
NA|PP755591.1|A/cattle/Texas/24-008749-003/2024(H5N1)	126	71
NA|PP755591.1|A/cattle/Texas/24-008749-003/2024(H5N1)	127	71
NA|PP755591.1|A/cattle/Texas/24-008749-003/2024(H5N1)	128	71
NA|PP755591.1|A/cattle/Texas/24-008749-003/2024(H5N1)	129	71
NA|PP755591.1|A/cattle/Texas/24-008749-003/2024(H5N1)	130	71
NA|PP755591.1|A/cattle/Texas/24-008749-003/2024(H5N1)	131	71
NA|PP755591.1|A/cattle/Texas/24-008749-003/2024(H5N1)	132	71
NA|PP755591.1|A/cattle/Texas/24-008749-003/2024(H5N1)	133	71
NA|PP755591.1|A/cattle/Texas/24-008749-003/2024(H5N1)	134	71
NA|PP755591.1|A/cattle/Texas/24-008749-003/2024(H5N1)	135	71
NA|PP755591.1|A/cattle/Texas/24-008749-003/2024(H5N1)	136	71
NA|PP755591.1|A/cattle/Texas/24-008749-003/2024(H5N1)	137	71
NA|PP755591.1|A/cattle/Texas/24-008749-003/2024(H5N1)	138	71
NA|PP755591.1|A/cattle/Texas/24-008749-003/2024(H5N1)	139	71
NA|PP755591.1|A/cattle/Texas/24-008749-003/2024(H5N1)	140	71
NA|PP755591.1|A/cattle/Texas/24-008749-003/2024(H5N1)	141	71
NA|PP755591.1|A/cattle/Texas/24-008749-003/2024(H5N1)	142	71
NA|PP755591.1|A/cattle/Texas/24-008749-003/2024(H5N1)	143	80
NA|PP755591.1|A/cattle/Texas/24-008749-003/2024(H5N1)	144	80
NA|PP755591.1|A/cattle/Texas/24-008749-003/2024(H5N1)	145	80
NA|PP755591.1|A/cattle/Texas/24-008749-003/2024(H5N1)	146	80
NA|PP755591.1|A/cattle/Texas/24-008749-003/2024(H5N1)	147	80
NA|PP755591.1|A/cattle/Texas/24-008749-003/2024(H5N1)	148	80
NA|PP755591.1|A/cattle/Texas/24-008749-003/2024(H5N1)	149	80
NA|PP755591.1|A/cattle/Texas/24-008749-003/2024(H5N1)	150	80
NA|PP755591.1|A/cattle/Texas/24-008749-003/2024(H5N1)	151	80
NA|PP755591.1|A/cattle/Texas/24-008749-003/2024(H5N1)	152	80
NA|PP755591.1|A/cattle/Texas/24-008749-003/2024(H5N1)	153	80
NA|PP755591.1|A/cattle/Texas/24-008749-003/2024(H5N1)	154	80
NA|PP755591.1|A/cattle/Texas/24-008749-003/2024(H5N1)	155	80
NA|PP755591.1|A/cattle/Texas/24-008749-003/2024(H5N1)	156	78
NA|PP755591.1|A/cattle/Texas/24-008749-003/2024(H5N1)	157	78
NA|PP755591.1|A/cattle/Texas/24-008749-003/2024(H5N1)	158	78
NA|PP755591.1|A/cattle/Texas/24-008749-003/2024(H5N1)	159	78
NA|PP755591.1|A/cattle/Texas/24-008749-003/2024(H5N1)	160	78
NA|PP755591.1|A/cattle/Texas/24-008749-003/2024(H5N1)	161	78
NA|PP755591.1|A/cattle/Texas/24-008749-003/2024(H5N1)	162	78
NA|PP755591.1|A/cattle/Texas/24-008749-003/2024(H5N1)	163	78
NA|PP755591.1|A/cattle/Texas/24-008749-003/2024(H5N1)	164	78
NA|PP755591.1|A/cattle/Texas/24-008749-003/2024(H5N1)	165	78
NA|PP755591.1|A/cattle/Texas/24-008749-003/2024(H5N1)	166	53
NA|PP755591.1|A/cattle/Texas/24-008749-003/2024(H5N1)	167	53
NA|PP755591.1|A/cattle/Texas/24-008749-003/2024(H5N1)	168	51
NA|PP755591.1|A/cattle/Texas/24-008749-003/2024(H5N1)	169	51
NA|PP755591.1|A/cattle/Texas/24-008749-003/2024(H5N1)	170	51
NA|PP755591.1|A/cattle/Texas/24-008749-003/2024(H5N1)	171	51
NA|PP755591.1|A/cattle/Texas/24-008749-003/2024(H5N1)	172	51
NA|PP755591.1|A/cattle/Texas/24-008749-003/2024(H5N1)	173	51
NA|PP755591.1|A/cattle/Texas/24-008749-003/2024(H5N1)	174	51
NA|PP755591.1|A/cattle/Texas/24-008749-003/2024(H5N1)	175	51
NA|PP755591.1|A/cattle/Texas/24-008749-003/2024(H5N1)	176	51
NA|PP755591.1|A/cattle/Texas/24-008749-003/2024(H5N1)	177	50
NA|PP755591.1|A/cattle/Texas/24-008749-003/2024(H5N1)	178	50
NA|PP755591.1|A/cattle/Texas/24-008749-003/2024(H5N1)	179	50
NA|PP755591.1|A/cattle/Texas/24-008749-003/2024(H5N1)	180	50
NA|PP755591.1|A/cattle/Texas/24-008749-003/2024(H5N1)	181	50
NA|PP755591.1|A/cattle/Texas/24-008749-003/2024(H5N1)	182	50
NA|PP755591.1|A/cattle/Texas/24-008749-003/2024(H5N1)	183	50
NA|PP755591.1|A/cattle/Texas/24-008749-003/2024(H5N1)	184	50
NA|PP755591.1|A/cattle/Texas/24-008749-003/2024(H5N1)	185	50
NA|PP755591.1|A/cattle/Texas/24-008749-003/2024(H5N1)	186	49
NA|PP755591.1|A/cattle/Texas/24-008749-003/2024(H5N1)	187	49
NA|PP755591.1|A/cattle/Texas/24-008749-003/2024(H5N1)	188	49
NA|PP755591.1|A/cattle/Texas/24-008749-003/2024(H5N1)	189	49
NA|PP755591.1|A/cattle/Texas/24-008749-003/2024(H5N1)	190	49
NA|PP755591.1|A/cattle/Texas/24-008749-003/2024(H5N1)	191	49
NA|PP755591.1|A/cattle/Texas/24-008749-003/2024(H5N1)	192	49
NA|PP755591.1|A/cattle/Texas/24-008749-003/2024(H5N1)	193	49
NA|PP755591.1|A/cattle/Texas/24-008749-003/2024(H5N1)	194	49
NA|PP755591.1|A/cattle/Texas/24-008749-003/2024(H5N1)	195	47
NA|PP755591.1|A/cattle/Texas/24-008749-003/2024(H5N1)	196	46
NA|PP755591.1|A/cattle/Texas/24-008749-003/2024(H5N1)	197	46
NA|PP755591.1|A/cattle/Texas/24-008749-003/2024(H5N1)	198	46
NA|PP755591.1|A/cattle/Texas/24-008749-003/2024(H5N1)	199	46
NA|PP755591.1|A/cattle/Texas/24-008749-003/2024(H5N1)	200	46
NA|PP755591.1|A/cattle/Texas/24-008749-003/2024(H5N1)	201	40
NA|PP755591.1|A/cattle/Texas/24-008749-003/2024(H5N1)	202	39
NA|PP755591.1|A/cattle/Texas/24-008749-003/2024(H5N1)	203	36
NA|PP755591.1|A/cattle/Texas/24-008749-003/2024(H5N1)	204	35
NA|PP755591.1|A/cattle/Texas/24-008749-003/2024(H5N1)	205	35
NA|PP755591.1|A/cattle/Texas/24-008749-003/2024(H5N1)	206	35
NA|PP755591.1|A/cattle/Texas/24-008749-003/2024(H5N1)	207	2
NA|PP755591.1|A/cattle/Texas/24-008749-003/2024(H5N1)	208	2
NA|PP755591.1|A/cattle/Texas/24-008749-003/2024(H5N1)	209	2
NA|PP755591.1|A/cattle/Texas/24-008749-003/2024(H5N1)	210	2
NA|PP755591.1|A/cattle/Texas/24-008749-003/2024(H5N1)	211	2
NA|PP755591.1|A/cattle/Texas/24-008749-003/2024(H5N1)	212	2
NA|PP755591.1|A/cattle/Texas/24-008749-003/2024(H5N1)	213	2
NA|PP755591.1|A/cattle/Texas/24-008749-003/2024(H5N1)	214	2
NA|PP755591.1|A/cattle/Texas/24-008749-003/2024(H5N1)	215	2
NA|PP755591.1|A/cattle/Texas/24-008749-003/2024(H5N1)	216	2
NA|PP755591.1|A/cattle/Texas/24-008749-003/2024(H5N1)	217	2
NA|PP755591.1|A/cattle/Texas/24-008749-003/2024(H5N1)	218	0
NA|PP755591.1|A/cattle/Texas/24-008749-003/2024(H5N1)	219	0
NA|PP755591.1|A/cattle/Texas/24-008749-003/2024(H5N1)	220	0
NA|PP755591.1|A/cattle/Texas/24-008749-003/2024(H5N1)	221	0
NA|PP755591.1|A/cattle/Texas/24-008749-003/2024(H5N1)	222	0
NA|PP755591.1|A/cattle/Texas/24-008749-003/2024(H5N1)	223	0
NA|PP755591.1|A/cattle/Texas/24-008749-003/2024(H5N1)	224	0
NA|PP755591.1|A/cattle/Texas/24-008749-003/2024(H5N1)	225	0
NA|PP755591.1|A/cattle/Texas/24-008749-003/2024(H5N1)	226	0
NA|PP755591.1|A/cattle/Texas/24-008749-003/2024(H5N1)	227	0
NA|PP755591.1|A/cattle/Texas/24-008749-003/2024(H5N1)	228	0
NA|PP755591.1|A/cattle/Texas/24-008749-003/2024(H5N1)	229	0
NA|PP755591.1|A/cattle/Texas/24-008749-003/2024(H5N1)	230	0
NA|PP755591.1|A/cattle/Texas/24-008749-003/2024(H5N1)	231	0
NA|PP755591.1|A/cattle/Texas/24-008749-003/2024(H5N1)	232	0
NA|PP755591.1|A/cattle/Texas/24-008749-003/2024(H5N1)	233	0
NA|PP755591.1|A/cattle/Texas/24-008749-003/2024(H5N1)	234	0
NA|PP755591.1|A/cattle/Texas/24-008749-003/2024(H5N1)	235	0
NA|PP755591.1|A/cattle/Texas/24-008749-003/2024(H5N1)	236	0
NA|PP755591.1|A/cattle/Texas/24-008749-003/2024(H5N1)	237	0
NA|PP755591.1|A/cattle/Texas/24-008749-003/2024(H5N1)	238	0
NA|PP755591.1|A/cattle/Texas/24-008749-003/2024(H5N1)	239	0
NA|PP755591.1|A/cattle/Texas/24-008749-003/2024(H5N1)	240	0
NA|PP755591.1|A/cattle/Texas/24-008749-003/2024(H5N1)	241	0
NA|PP755591.1|A/cattle/Texas/24-008749-003/2024(H5N1)	242	0
NA|PP755591.1|A/cattle/Texas/24-008749-003/2024(H5N1)	243	0
NA|PP755591.1|A/cattle/Texas/24-008749-003/2024(H5N1)	244	0
NA|PP755591.1|A/cattle/Texas/24-008749-003/2024(H5N1)	245	0
NA|PP755591.1|A/cattle/Texas/24-008749-003/2024(H5N1)	246	0
NA|PP755591.1|A/cattle/Texas/24-008749-003/2024(H5N1)	247	0
NA|PP755591.1|A/cattle/Texas/24-008749-003/2024(H5N1)	248	0
NA|PP755591.1|A/cattle/Texas/24-008749-003/2024(H5N1)	249	0
NA|PP755591.1|A/cattle/Texas/24-008749-003/2024(H5N1)	250	0
NA|PP755591.1|A/cattle/Texas/24-008749-003/2024(H5N1)	251	0
NA|PP755591.1|A/cattle/Texas/24-008749-003/2024(H5N1)	252	0
NA|PP755591.1|A/cattle/Texas/24-008749-003/2024(H5N1)	253	0
NA|PP755591.1|A/cattle/Texas/24-008749-003/2024(H5N1)	254	0
NA|PP755591.1|A/cattle/Texas/24-008749-003/2024(H5N1)	255	0
NA|PP755591.1|A/cattle/Texas/24-008749-003/2024(H5N1)	256	0
NA|PP755591.1|A/cattle/Texas/24-008749-003/2024(H5N1)	257	0
NA|PP755591.1|A/cattle/Texas/24-008749-003/2024(H5N1)	258	0
NA|PP755591.1|A/cattle/Texas/24-008749-003/2024(H5N1)	259	0
NA|PP755591.1|A/cattle/Texas/24-008749-003/2024(H5N1)	260	0
NA|PP755591.1|A/cattle/Texas/24-008749-003/2024(H5N1)	261	0
NA|PP755591.1|A/cattle/Texas/24-008749-003/2024(H5N1)	262	0
NA|PP755591.1|A/cattle/Texas/24-008749-003/2024(H5N1)	263	0
NA|PP755591.1|A/cattle/Texas/24-008749-003/2024(H5N1)	264	0
NA|PP755591.1|A/cattle/Texas/24-008749-003/2024(H5N1)	265	0
NA|PP755591.1|A/cattle/Texas/24-008749-003/2024(H5N1)	266	0
NA|PP755591.1|A/cattle/Texas/24-008749-003/2024(H5N1)	267	0
NA|PP755591.1|A/cattle/Texas/24-008749-003/2024(H5N1)	268	0
NA|PP755591.1|A/cattle/Texas/24-008749-003/2024(H5N1)	269	0
NA|PP755591.1|A/cattle/Texas/24-008749-003/2024(H5N1)	270	0
NA|PP755591.1|A/cattle/Texas/24-008749-003/2024(H5N1)	271	0
NA|PP755591.1|A/cattle/Texas/24-008749-003/2024(H5N1)	272	0
NA|PP755591.1|A/cattle/Texas/24-008749-003/2024(H5N1)	273	0
NA|PP755591.1|A/cattle/Texas/24-008749-003/2024(H5N1)	274	0
NA|PP755591.1|A/cattle/Texas/24-008749-003/2024(H5N1)	275	0
NA|PP755591.1|A/cattle/Texas/24-008749-003/2024(H5N1)	276	0
NA|PP755591.1|A/cattle/Texas/24-008749-003/2024(H5N1)	277	0
NA|PP755591.1|A/cattle/Texas/24-008749-003/2024(H5N1)	278	0
NA|PP755591.1|A/cattle/Texas/24-008749-003/2024(H5N1)	279	0
NA|PP755591.1|A/cattle/Texas/24-008749-003/2024(H5N1)	280	0
NA|PP755591.1|A/cattle/Texas/24-008749-003/2024(H5N1)	281	0
NA|PP755591.1|A/cattle/Texas/24-008749-003/2024(H5N1)	282	0
NA|PP755591.1|A/cattle/Texas/24-008749-003/2024(H5N1)	283	0
NA|PP755591.1|A/cattle/Texas/24-008749-003/2024(H5N1)	284	0
NA|PP755591.1|A/cattle/Texas/24-008749-003/2024(H5N1)	285	0
NA|PP755591.1|A/cattle/Texas/24-008749-003/2024(H5N1)	286	0
NA|PP755591.1|A/cattle/Texas/24-008749-003/2024(H5N1)	287	0
NA|PP755591.1|A/cattle/Texas/24-008749-003/2024(H5N1)	288	0
NA|PP755591.1|A/cattle/Texas/24-008749-003/2024(H5N1)	289	0
NA|PP755591.1|A/cattle/Texas/24-008749-003/2024(H5N1)	290	0
NA|PP755591.1|A/cattle/Texas/24-008749-003/2024(H5N1)	291	0
NA|PP755591.1|A/cattle/Texas/24-008749-003/2024(H5N1)	292	0
NA|PP755591.1|A/cattle/Texas/24-008749-003/2024(H5N1)	293	0
NA|PP755591.1|A/cattle/Texas/24-008749-003/2024(H5N1)	294	0
NA|PP755591.1|A/cattle/Texas/24-008749-003/2024(H5N1)	295	0
NA|PP755591.1|A/cattle/Texas/24-008749-003/2024(H5N1)	296	0
NA|PP755591.1|A/cattle/Texas/24-008749-003/2024(H5N1)	297	0
NA|PP755591.1|A/cattle/Texas/24-008749-003/2024(H5N1)	298	0
NA|PP755591.1|A/cattle/Texas/24-008749-003/2024(H5N1)	299	0
NA|PP755591.1|A/cattle/Texas/24-008749-003/2024(H5N1)	300	0
NA|PP755591.1|A/cattle/Texas/24-008749-003/2024(H5N1)	301	0
NA|PP755591.1|A/cattle/Texas/24-008749-003/2024(H5N1)	302	0
NA|PP755591.1|A/cattle/Texas/24-008749-003/2024(H5N1)	303	0
NA|PP755591.1|A/cattle/Texas/24-008749-003/2024(H5N1)	304	0
NA|PP755591.1|A/cattle/Texas/24-008749-003/2024(H5N1)	305	0
NA|PP755591.1|A/cattle/Texas/24-008749-003/2024(H5N1)	306	0
NA|PP755591.1|A/cattle/Texas/24-008749-003/2024(H5N1)	307	0
NA|PP755591.1|A/cattle/Texas/24-008749-003/2024(H5N1)	308	0
NA|PP755591.1|A/cattle/Texas/24-008749-003/2024(H5N1)	309	0
NA|PP755591.1|A/cattle/Texas/24-008749-003/2024(H5N1)	310	0
NA|PP755591.1|A/cattle/Texas/24-008749-003/2024(H5N1)	311	0
NA|PP755591.1|A/cattle/Texas/24-008749-003/2024(H5N1)	312	0
NA|PP755591.1|A/cattle/Texas/24-008749-003/2024(H5N1)	313	0
NA|PP755591.1|A/cattle/Texas/24-008749-003/2024(H5N1)	314	0
NA|PP755591.1|A/cattle/Texas/24-008749-003/2024(H5N1)	315	0
NA|PP755591.1|A/cattle/Texas/24-008749-003/2024(H5N1)	316	0
NA|PP755591.1|A/cattle/Texas/24-008749-003/2024(H5N1)	317	0
NA|PP755591.1|A/cattle/Texas/24-008749-003/2024(H5N1)	318	0
NA|PP755591.1|A/cattle/Texas/24-008749-003/2024(H5N1)	319	0
NA|PP755591.1|A/cattle/Texas/24-008749-003/2024(H5N1)	320	0
NA|PP755591.1|A/cattle/Texas/24-008749-003/2024(H5N1)	321	0
NA|PP755591.1|A/cattle/Texas/24-008749-003/2024(H5N1)	322	0
NA|PP755591.1|A/cattle/Texas/24-008749-003/2024(H5N1)	323	0
NA|PP755591.1|A/cattle/Texas/24-008749-003/2024(H5N1)	324	0
NA|PP755591.1|A/cattle/Texas/24-008749-003/2024(H5N1)	325	0
NA|PP755591.1|A/cattle/Texas/24-008749-003/2024(H5N1)	326	0
NA|PP755591.1|A/cattle/Texas/24-008749-003/2024(H5N1)	327	0
NA|PP755591.1|A/cattle/Texas/24-008749-003/2024(H5N1)	328	0
NA|PP755591.1|A/cattle/Texas/24-008749-003/2024(H5N1)	329	0
NA|PP755591.1|A/cattle/Texas/24-008749-003/2024(H5N1)	330	0
NA|PP755591.1|A/cattle/Texas/24-008749-003/2024(H5N1)	331	0
NA|PP755591.1|A/cattle/Texas/24-008749-003/2024(H5N1)	332	0
NA|PP755591.1|A/cattle/Texas/24-008749-003/2024(H5N1)	333	0
NA|PP755591.1|A/cattle/Texas/24-008749-003/2024(H5N1)	334	0
NA|PP755591.1|A/cattle/Texas/24-008749-003/2024(H5N1)	335	0
NA|PP755591.1|A/cattle/Texas/24-008749-003/2024(H5N1)	336	0
NA|PP755591.1|A/cattle/Texas/24-008749-003/2024(H5N1)	337	0
NA|PP755591.1|A/cattle/Texas/24-008749-003/2024(H5N1)	338	0
NA|PP755591.1|A/cattle/Texas/24-008749-003/2024(H5N1)	339	0
NA|PP755591.1|A/cattle/Texas/24-008749-003/2024(H5N1)	340	0
NA|PP755591.1|A/cattle/Texas/24-008749-003/2024(H5N1)	341	0
NA|PP755591.1|A/cattle/Texas/24-008749-003/2024(H5N1)	342	0
NA|PP755591.1|A/cattle/Texas/24-008749-003/2024(H5N1)	343	0
NA|PP755591.1|A/cattle/Texas/24-008749-003/2024(H5N1)	344	0
NA|PP755591.1|A/cattle/Texas/24-008749-003/2024(H5N1)	345	0
NA|PP755591.1|A/cattle/Texas/24-008749-003/2024(H5N1)	346	0
NA|PP755591.1|A/cattle/Texas/24-008749-003/2024(H5N1)	347	0
NA|PP755591.1|A/cattle/Texas/24-008749-003/2024(H5N1)	348	0
NA|PP755591.1|A/cattle/Texas/24-008749-003/2024(H5N1)	349	0
NA|PP755591.1|A/cattle/Texas/24-008749-003/2024(H5N1)	350	0
NA|PP755591.1|A/cattle/Texas/24-008749-003/2024(H5N1)	351	0
NA|PP755591.1|A/cattle/Texas/24-008749-003/2024(H5N1)	352	0
NA|PP755591.1|A/cattle/Texas/24-008749-003/2024(H5N1)	353	0
NA|PP755591.1|A/cattle/Texas/24-008749-003/2024(H5N1)	354	0
NA|PP755591.1|A/cattle/Texas/24-008749-003/2024(H5N1)	355	0
NA|PP755591.1|A/cattle/Texas/24-008749-003/2024(H5N1)	356	0
NA|PP755591.1|A/cattle/Texas/24-008749-003/2024(H5N1)	357	0
NA|PP755591.1|A/cattle/Texas/24-008749-003/2024(H5N1)	358	0
NA|PP755591.1|A/cattle/Texas/24-008749-003/2024(H5N1)	359	0
NA|PP755591.1|A/cattle/Texas/24-008749-003/2024(H5N1)	360	0
NA|PP755591.1|A/cattle/Texas/24-008749-003/2024(H5N1)	361	0
NA|PP755591.1|A/cattle/Texas/24-008749-003/2024(H5N1)	362	0
NA|PP755591.1|A/cattle/Texas/24-008749-003/2024(H5N1)	363	0
NA|PP755591.1|A/cattle/Texas/24-008749-003/2024(H5N1)	364	0
NA|PP755591.1|A/cattle/Texas/24-008749-003/2024(H5N1)	365	0
NA|PP755591.1|A/cattle/Texas/24-008749-003/2024(H5N1)	366	0
NA|PP755591.1|A/cattle/Texas/24-008749-003/2024(H5N1)	367	3
NA|PP755591.1|A/cattle/Texas/24-008749-003/2024(H5N1)	368	3
NA|PP755591.1|A/cattle/Texas/24-008749-003/2024(H5N1)	369	3
NA|PP755591.1|A/cattle/Texas/24-008749-003/2024(H5N1)	370	3
NA|PP755591.1|A/cattle/Texas/24-008749-003/2024(H5N1)	371	3
NA|PP755591.1|A/cattle/Texas/24-008749-003/2024(H5N1)	372	3
NA|PP755591.1|A/cattle/Texas/24-008749-003/2024(H5N1)	373	3
NA|PP755591.1|A/cattle/Texas/24-008749-003/2024(H5N1)	374	3
NA|PP755591.1|A/cattle/Texas/24-008749-003/2024(H5N1)	375	3
NA|PP755591.1|A/cattle/Texas/24-008749-003/2024(H5N1)	376	6
NA|PP755591.1|A/cattle/Texas/24-008749-003/2024(H5N1)	377	6
NA|PP755591.1|A/cattle/Texas/24-008749-003/2024(H5N1)	378	6
NA|PP755591.1|A/cattle/Texas/24-008749-003/2024(H5N1)	379	6
NA|PP755591.1|A/cattle/Texas/24-008749-003/2024(H5N1)	380	6
NA|PP755591.1|A/cattle/Texas/24-008749-003/2024(H5N1)	381	6
NA|PP755591.1|A/cattle/Texas/24-008749-003/2024(H5N1)	382	6
NA|PP755591.1|A/cattle/Texas/24-008749-003/2024(H5N1)	383	6
NA|PP755591.1|A/cattle/Texas/24-008749-003/2024(H5N1)	384	6
NA|PP755591.1|A/cattle/Texas/24-008749-003/2024(H5N1)	385	6
NA|PP755591.1|A/cattle/Texas/24-008749-003/2024(H5N1)	386	6
NA|PP755591.1|A/cattle/Texas/24-008749-003/2024(H5N1)	387	6
NA|PP755591.1|A/cattle/Texas/24-008749-003/2024(H5N1)	388	6
NA|PP755591.1|A/cattle/Texas/24-008749-003/2024(H5N1)	389	6
NA|PP755591.1|A/cattle/Texas/24-008749-003/2024(H5N1)	390	6
NA|PP755591.1|A/cattle/Texas/24-008749-003/2024(H5N1)	391	6
NA|PP755591.1|A/cattle/Texas/24-008749-003/2024(H5N1)	392	6
NA|PP755591.1|A/cattle/Texas/24-008749-003/2024(H5N1)	393	6
NA|PP755591.1|A/cattle/Texas/24-008749-003/2024(H5N1)	394	6
NA|PP755591.1|A/cattle/Texas/24-008749-003/2024(H5N1)	395	6
NA|PP755591.1|A/cattle/Texas/24-008749-003/2024(H5N1)	396	6
NA|PP755591.1|A/cattle/Texas/24-008749-003/2024(H5N1)	397	6
NA|PP755591.1|A/cattle/Texas/24-008749-003/2024(H5N1)	398	6
NA|PP755591.1|A/cattle/Texas/24-008749-003/2024(H5N1)	399	4
NA|PP755591.1|A/cattle/Texas/24-008749-003/2024(H5N1)	400	4
NA|PP755591.1|A/cattle/Texas/24-008749-003/2024(H5N1)	401	4
NA|PP755591.1|A/cattle/Texas/24-008749-003/2024(H5N1)	402	4
NA|PP755591.1|A/cattle/Texas/24-008749-003/2024(H5N1)	403	4
NA|PP755591.1|A/cattle/Texas/24-008749-003/2024(H5N1)	404	4
NA|PP755591.1|A/cattle/Texas/24-008749-003/2024(H5N1)	405	4
NA|PP755591.1|A/cattle/Texas/24-008749-003/2024(H5N1)	406	4
NA|PP755591.1|A/cattle/Texas/24-008749-003/2024(H5N1)	407	4
NA|PP755591.1|A/cattle/Texas/24-008749-003/2024(H5N1)	408	4
NA|PP755591.1|A/cattle/Texas/24-008749-003/2024(H5N1)	409	4
NA|PP755591.1|A/cattle/Texas/24-008749-003/2024(H5N1)	410	4
NA|PP755591.1|A/cattle/Texas/24-008749-003/2024(H5N1)	411	4
NA|PP755591.1|A/cattle/Texas/24-008749-003/2024(H5N1)	412	4
NA|PP755591.1|A/cattle/Texas/24-008749-003/2024(H5N1)	413	4
NA|PP755591.1|A/cattle/Texas/24-008749-003/2024(H5N1)	414	4
NA|PP755591.1|A/cattle/Texas/24-008749-003/2024(H5N1)	415	6
NA|PP755591.1|A/cattle/Texas/24-008749-003/2024(H5N1)	416	6
NA|PP755591.1|A/cattle/Texas/24-008749-003/2024(H5N1)	417	7
NA|PP755591.1|A/cattle/Texas/24-008749-003/2024(H5N1)	418	10
NA|PP755591.1|A/cattle/Texas/24-008749-003/2024(H5N1)	419	17
NA|PP755591.1|A/cattle/Texas/24-008749-003/2024(H5N1)	420	17
NA|PP755591.1|A/cattle/Texas/24-008749-003/2024(H5N1)	421	17
NA|PP755591.1|A/cattle/Texas/24-008749-003/2024(H5N1)	422	19
NA|PP755591.1|A/cattle/Texas/24-008749-003/2024(H5N1)	423	19
NA|PP755591.1|A/cattle/Texas/24-008749-003/2024(H5N1)	424	20
NA|PP755591.1|A/cattle/Texas/24-008749-003/2024(H5N1)	425	20
NA|PP755591.1|A/cattle/Texas/24-008749-003/2024(H5N1)	426	20
NA|PP755591.1|A/cattle/Texas/24-008749-003/2024(H5N1)	427	20
NA|PP755591.1|A/cattle/Texas/24-008749-003/2024(H5N1)	428	20
NA|PP755591.1|A/cattle/Texas/24-008749-003/2024(H5N1)	429	23
NA|PP755591.1|A/cattle/Texas/24-008749-003/2024(H5N1)	430	24
NA|PP755591.1|A/cattle/Texas/24-008749-003/2024(H5N1)	431	24
NA|PP755591.1|A/cattle/Texas/24-008749-003/2024(H5N1)	432	29
NA|PP755591.1|A/cattle/Texas/24-008749-003/2024(H5N1)	433	29
NA|PP755591.1|A/cattle/Texas/24-008749-003/2024(H5N1)	434	29
NA|PP755591.1|A/cattle/Texas/24-008749-003/2024(H5N1)	435	29
NA|PP755591.1|A/cattle/Texas/24-008749-003/2024(H5N1)	436	29
NA|PP755591.1|A/cattle/Texas/24-008749-003/2024(H5N1)	437	29
NA|PP755591.1|A/cattle/Texas/24-008749-003/2024(H5N1)	438	29
NA|PP755591.1|A/cattle/Texas/24-008749-003/2024(H5N1)	439	29
NA|PP755591.1|A/cattle/Texas/24-008749-003/2024(H5N1)	440	29
NA|PP755591.1|A/cattle/Texas/24-008749-003/2024(H5N1)	441	29
NA|PP755591.1|A/cattle/Texas/24-008749-003/2024(H5N1)	442	30
NA|PP755591.1|A/cattle/Texas/24-008749-003/2024(H5N1)	443	30
NA|PP755591.1|A/cattle/Texas/24-008749-003/2024(H5N1)	444	30
NA|PP755591.1|A/cattle/Texas/24-008749-003/2024(H5N1)	445	38
NA|PP755591.1|A/cattle/Texas/24-008749-003/2024(H5N1)	446	38
NA|PP755591.1|A/cattle/Texas/24-008749-003/2024(H5N1)	447	39
NA|PP755591.1|A/cattle/Texas/24-008749-003/2024(H5N1)	448	39
NA|PP755591.1|A/cattle/Texas/24-008749-003/2024(H5N1)	449	39
NA|PP755591.1|A/cattle/Texas/24-008749-003/2024(H5N1)	450	39
NA|PP755591.1|A/cattle/Texas/24-008749-003/2024(H5N1)	451	39
NA|PP755591.1|A/cattle/Texas/24-008749-003/2024(H5N1)	452	40
NA|PP755591.1|A/cattle/Texas/24-008749-003/2024(H5N1)	453	43
NA|PP755591.1|A/cattle/Texas/24-008749-003/2024(H5N1)	454	44
NA|PP755591.1|A/cattle/Texas/24-008749-003/2024(H5N1)	455	44
NA|PP755591.1|A/cattle/Texas/24-008749-003/2024(H5N1)	456	48
NA|PP755591.1|A/cattle/Texas/24-008749-003/2024(H5N1)	457	48
NA|PP755591.1|A/cattle/Texas/24-008749-003/2024(H5N1)	458	48
NA|PP755591.1|A/cattle/Texas/24-008749-003/2024(H5N1)	459	50
NA|PP755591.1|A/cattle/Texas/24-008749-003/2024(H5N1)	460	51
NA|PP755591.1|A/cattle/Texas/24-008749-003/2024(H5N1)	461	51
NA|PP755591.1|A/cattle/Texas/24-008749-003/2024(H5N1)	462	52
NA|PP755591.1|A/cattle/Texas/24-008749-003/2024(H5N1)	463	52
NA|PP755591.1|A/cattle/Texas/24-008749-003/2024(H5N1)	464	55
NA|PP755591.1|A/cattle/Texas/24-008749-003/2024(H5N1)	465	55
NA|PP755591.1|A/cattle/Texas/24-008749-003/2024(H5N1)	466	55
NA|PP755591.1|A/cattle/Texas/24-008749-003/2024(H5N1)	467	55
NA|PP755591.1|A/cattle/Texas/24-008749-003/2024(H5N1)	468	55
NA|PP755591.1|A/cattle/Texas/24-008749-003/2024(H5N1)	469	55
NA|PP755591.1|A/cattle/Texas/24-008749-003/2024(H5N1)	470	55
NA|PP755591.1|A/cattle/Texas/24-008749-003/2024(H5N1)	471	54
NA|PP755591.1|A/cattle/Texas/24-008749-003/2024(H5N1)	472	54
NA|PP755591.1|A/cattle/Texas/24-008749-003/2024(H5N1)	473	55
NA|PP755591.1|A/cattle/Texas/24-008749-003/2024(H5N1)	474	55
NA|PP755591.1|A/cattle/Texas/24-008749-003/2024(H5N1)	475	55
NA|PP755591.1|A/cattle/Texas/24-008749-003/2024(H5N1)	476	55
NA|PP755591.1|A/cattle/Texas/24-008749-003/2024(H5N1)	477	55
NA|PP755591.1|A/cattle/Texas/24-008749-003/2024(H5N1)	478	55
NA|PP755591.1|A/cattle/Texas/24-008749-003/2024(H5N1)	479	55
NA|PP755591.1|A/cattle/Texas/24-008749-003/2024(H5N1)	480	55
NA|PP755591.1|A/cattle/Texas/24-008749-003/2024(H5N1)	481	55
NA|PP755591.1|A/cattle/Texas/24-008749-003/2024(H5N1)	482	55
NA|PP755591.1|A/cattle/Texas/24-008749-003/2024(H5N1)	483	55
NA|PP755591.1|A/cattle/Texas/24-008749-003/2024(H5N1)	484	55
NA|PP755591.1|A/cattle/Texas/24-008749-003/2024(H5N1)	485	55
NA|PP755591.1|A/cattle/Texas/24-008749-003/2024(H5N1)	486	55
NA|PP755591.1|A/cattle/Texas/24-008749-003/2024(H5N1)	487	55
NA|PP755591.1|A/cattle/Texas/24-008749-003/2024(H5N1)	488	57
NA|PP755591.1|A/cattle/Texas/24-008749-003/2024(H5N1)	489	57
NA|PP755591.1|A/cattle/Texas/24-008749-003/2024(H5N1)	490	87
NA|PP755591.1|A/cattle/Texas/24-008749-003/2024(H5N1)	491	87
NA|PP755591.1|A/cattle/Texas/24-008749-003/2024(H5N1)	492	87
NA|PP755591.1|A/cattle/Texas/24-008749-003/2024(H5N1)	493	87
NA|PP755591.1|A/cattle/Texas/24-008749-003/2024(H5N1)	494	87
NA|PP755591.1|A/cattle/Texas/24-008749-003/2024(H5N1)	495	87
NA|PP755591.1|A/cattle/Texas/24-008749-003/2024(H5N1)	496	91
NA|PP755591.1|A/cattle/Texas/24-008749-003/2024(H5N1)	497	93
NA|PP755591.1|A/cattle/Texas/24-008749-003/2024(H5N1)	498	93
NA|PP755591.1|A/cattle/Texas/24-008749-003/2024(H5N1)	499	94
NA|PP755591.1|A/cattle/Texas/24-008749-003/2024(H5N1)	500	94
NA|PP755591.1|A/cattle/Texas/24-008749-003/2024(H5N1)	501	94
NA|PP755591.1|A/cattle/Texas/24-008749-003/2024(H5N1)	502	99
NA|PP755591.1|A/cattle/Texas/24-008749-003/2024(H5N1)	503	99
NA|PP755591.1|A/cattle/Texas/24-008749-003/2024(H5N1)	504	99
NA|PP755591.1|A/cattle/Texas/24-008749-003/2024(H5N1)	505	104
NA|PP755591.1|A/cattle/Texas/24-008749-003/2024(H5N1)	506	104
NA|PP755591.1|A/cattle/Texas/24-008749-003/2024(H5N1)	507	105
NA|PP755591.1|A/cattle/Texas/24-008749-003/2024(H5N1)	508	108
NA|PP755591.1|A/cattle/Texas/24-008749-003/2024(H5N1)	509	108
NA|PP755591.1|A/cattle/Texas/24-008749-003/2024(H5N1)	510	108
NA|PP755591.1|A/cattle/Texas/24-008749-003/2024(H5N1)	511	108
NA|PP755591.1|A/cattle/Texas/24-008749-003/2024(H5N1)	512	109
NA|PP755591.1|A/cattle/Texas/24-008749-003/2024(H5N1)	513	109
NA|PP755591.1|A/cattle/Texas/24-008749-003/2024(H5N1)	514	109
NA|PP755591.1|A/cattle/Texas/24-008749-003/2024(H5N1)	515	109
NA|PP755591.1|A/cattle/Texas/24-008749-003/2024(H5N1)	516	109
NA|PP755591.1|A/cattle/Texas/24-008749-003/2024(H5N1)	517	109
NA|PP755591.1|A/cattle/Texas/24-008749-003/2024(H5N1)	518	109
NA|PP755591.1|A/cattle/Texas/24-008749-003/2024(H5N1)	519	113
NA|PP755591.1|A/cattle/Texas/24-008749-003/2024(H5N1)	520	113
NA|PP755591.1|A/cattle/Texas/24-008749-003/2024(H5N1)	521	114
NA|PP755591.1|A/cattle/Texas/24-008749-003/2024(H5N1)	522	115
NA|PP755591.1|A/cattle/Texas/24-008749-003/2024(H5N1)	523	115
NA|PP755591.1|A/cattle/Texas/24-008749-003/2024(H5N1)	524	115
NA|PP755591.1|A/cattle/Texas/24-008749-003/2024(H5N1)	525	114
NA|PP755591.1|A/cattle/Texas/24-008749-003/2024(H5N1)	526	114
NA|PP755591.1|A/cattle/Texas/24-008749-003/2024(H5N1)	527	112
NA|PP755591.1|A/cattle/Texas/24-008749-003/2024(H5N1)	528	112
NA|PP755591.1|A/cattle/Texas/24-008749-003/2024(H5N1)	529	112
NA|PP755591.1|A/cattle/Texas/24-008749-003/2024(H5N1)	530	112
NA|PP755591.1|A/cattle/Texas/24-008749-003/2024(H5N1)	531	112
NA|PP755591.1|A/cattle/Texas/24-008749-003/2024(H5N1)	532	112
NA|PP755591.1|A/cattle/Texas/24-008749-003/2024(H5N1)	533	116
NA|PP755591.1|A/cattle/Texas/24-008749-003/2024(H5N1)	534	117
NA|PP755591.1|A/cattle/Texas/24-008749-003/2024(H5N1)	535	117
NA|PP755591.1|A/cattle/Texas/24-008749-003/2024(H5N1)	536	117
NA|PP755591.1|A/cattle/Texas/24-008749-003/2024(H5N1)	537	117
NA|PP755591.1|A/cattle/Texas/24-008749-003/2024(H5N1)	538	117
NA|PP755591.1|A/cattle/Texas/24-008749-003/2024(H5N1)	539	117
NA|PP755591.1|A/cattle/Texas/24-008749-003/2024(H5N1)	540	117
NA|PP755591.1|A/cattle/Texas/24-008749-003/2024(H5N1)	541	118
NA|PP755591.1|A/cattle/Texas/24-008749-003/2024(H5N1)	542	121
NA|PP755591.1|A/cattle/Texas/24-008749-003/2024(H5N1)	543	122
NA|PP755591.1|A/cattle/Texas/24-008749-003/2024(H5N1)	544	122
NA|PP755591.1|A/cattle/Texas/24-008749-003/2024(H5N1)	545	122
NA|PP755591.1|A/cattle/Texas/24-008749-003/2024(H5N1)	546	120
NA|PP755591.1|A/cattle/Texas/24-008749-003/2024(H5N1)	547	120
NA|PP755591.1|A/cattle/Texas/24-008749-003/2024(H5N1)	548	120
NA|PP755591.1|A/cattle/Texas/24-008749-003/2024(H5N1)	549	119
NA|PP755591.1|A/cattle/Texas/24-008749-003/2024(H5N1)	550	114
NA|PP755591.1|A/cattle/Texas/24-008749-003/2024(H5N1)	551	114
NA|PP755591.1|A/cattle/Texas/24-008749-003/2024(H5N1)	552	114
NA|PP755591.1|A/cattle/Texas/24-008749-003/2024(H5N1)	553	114
NA|PP755591.1|A/cattle/Texas/24-008749-003/2024(H5N1)	554	113
NA|PP755591.1|A/cattle/Texas/24-008749-003/2024(H5N1)	555	112
NA|PP755591.1|A/cattle/Texas/24-008749-003/2024(H5N1)	556	114
NA|PP755591.1|A/cattle/Texas/24-008749-003/2024(H5N1)	557	111
NA|PP755591.1|A/cattle/Texas/24-008749-003/2024(H5N1)	558	111
NA|PP755591.1|A/cattle/Texas/24-008749-003/2024(H5N1)	559	109
NA|PP755591.1|A/cattle/Texas/24-008749-003/2024(H5N1)	560	109
NA|PP755591.1|A/cattle/Texas/24-008749-003/2024(H5N1)	561	109
NA|PP755591.1|A/cattle/Texas/24-008749-003/2024(H5N1)	562	109
NA|PP755591.1|A/cattle/Texas/24-008749-003/2024(H5N1)	563	109
NA|PP755591.1|A/cattle/Texas/24-008749-003/2024(H5N1)	564	107
NA|PP755591.1|A/cattle/Texas/24-008749-003/2024(H5N1)	565	107
NA|PP755591.1|A/cattle/Texas/24-008749-003/2024(H5N1)	566	105
NA|PP755591.1|A/cattle/Texas/24-008749-003/2024(H5N1)	567	105
NA|PP755591.1|A/cattle/Texas/24-008749-003/2024(H5N1)	568	97
NA|PP755591.1|A/cattle/Texas/24-008749-003/2024(H5N1)	569	95
NA|PP755591.1|A/cattle/Texas/24-008749-003/2024(H5N1)	570	94
NA|PP755591.1|A/cattle/Texas/24-008749-003/2024(H5N1)	571	94
NA|PP755591.1|A/cattle/Texas/24-008749-003/2024(H5N1)	572	94
NA|PP755591.1|A/cattle/Texas/24-008749-003/2024(H5N1)	573	92
NA|PP755591.1|A/cattle/Texas/24-008749-003/2024(H5N1)	574	92
NA|PP755591.1|A/cattle/Texas/24-008749-003/2024(H5N1)	575	91
NA|PP755591.1|A/cattle/Texas/24-008749-003/2024(H5N1)	576	91
NA|PP755591.1|A/cattle/Texas/24-008749-003/2024(H5N1)	577	91
NA|PP755591.1|A/cattle/Texas/24-008749-003/2024(H5N1)	578	91
NA|PP755591.1|A/cattle/Texas/24-008749-003/2024(H5N1)	579	90
NA|PP755591.1|A/cattle/Texas/24-008749-003/2024(H5N1)	580	89
NA|PP755591.1|A/cattle/Texas/24-008749-003/2024(H5N1)	581	89
NA|PP755591.1|A/cattle/Texas/24-008749-003/2024(H5N1)	582	90
NA|PP755591.1|A/cattle/Texas/24-008749-003/2024(H5N1)	583	87
NA|PP755591.1|A/cattle/Texas/24-008749-003/2024(H5N1)	584	87
NA|PP755591.1|A/cattle/Texas/24-008749-003/2024(H5N1)	585	87
NA|PP755591.1|A/cattle/Texas/24-008749-003/2024(H5N1)	586	87
NA|PP755591.1|A/cattle/Texas/24-008749-003/2024(H5N1)	587	87
NA|PP755591.1|A/cattle/Texas/24-008749-003/2024(H5N1)	588	87
NA|PP755591.1|A/cattle/Texas/24-008749-003/2024(H5N1)	589	87
NA|PP755591.1|A/cattle/Texas/24-008749-003/2024(H5N1)	590	87
NA|PP755591.1|A/cattle/Texas/24-008749-003/2024(H5N1)	591	85
NA|PP755591.1|A/cattle/Texas/24-008749-003/2024(H5N1)	592	85
NA|PP755591.1|A/cattle/Texas/24-008749-003/2024(H5N1)	593	84
NA|PP755591.1|A/cattle/Texas/24-008749-003/2024(H5N1)	594	84
NA|PP755591.1|A/cattle/Texas/24-008749-003/2024(H5N1)	595	84
NA|PP755591.1|A/cattle/Texas/24-008749-003/2024(H5N1)	596	81
NA|PP755591.1|A/cattle/Texas/24-008749-003/2024(H5N1)	597	81
NA|PP755591.1|A/cattle/Texas/24-008749-003/2024(H5N1)	598	80
NA|PP755591.1|A/cattle/Texas/24-008749-003/2024(H5N1)	599	80
NA|PP755591.1|A/cattle/Texas/24-008749-003/2024(H5N1)	600	80
NA|PP755591.1|A/cattle/Texas/24-008749-003/2024(H5N1)	601	80
NA|PP755591.1|A/cattle/Texas/24-008749-003/2024(H5N1)	602	78
NA|PP755591.1|A/cattle/Texas/24-008749-003/2024(H5N1)	603	72
NA|PP755591.1|A/cattle/Texas/24-008749-003/2024(H5N1)	604	73
NA|PP755591.1|A/cattle/Texas/24-008749-003/2024(H5N1)	605	73
NA|PP755591.1|A/cattle/Texas/24-008749-003/2024(H5N1)	606	66
NA|PP755591.1|A/cattle/Texas/24-008749-003/2024(H5N1)	607	70
NA|PP755591.1|A/cattle/Texas/24-008749-003/2024(H5N1)	608	70
NA|PP755591.1|A/cattle/Texas/24-008749-003/2024(H5N1)	609	68
NA|PP755591.1|A/cattle/Texas/24-008749-003/2024(H5N1)	610	66
NA|PP755591.1|A/cattle/Texas/24-008749-003/2024(H5N1)	611	64
NA|PP755591.1|A/cattle/Texas/24-008749-003/2024(H5N1)	612	64
NA|PP755591.1|A/cattle/Texas/24-008749-003/2024(H5N1)	613	64
NA|PP755591.1|A/cattle/Texas/24-008749-003/2024(H5N1)	614	64
NA|PP755591.1|A/cattle/Texas/24-008749-003/2024(H5N1)	615	65
NA|PP755591.1|A/cattle/Texas/24-008749-003/2024(H5N1)	616	65
NA|PP755591.1|A/cattle/Texas/24-008749-003/2024(H5N1)	617	65
NA|PP755591.1|A/cattle/Texas/24-008749-003/2024(H5N1)	618	65
NA|PP755591.1|A/cattle/Texas/24-008749-003/2024(H5N1)	619	65
NA|PP755591.1|A/cattle/Texas/24-008749-003/2024(H5N1)	620	61
NA|PP755591.1|A/cattle/Texas/24-008749-003/2024(H5N1)	621	61
NA|PP755591.1|A/cattle/Texas/24-008749-003/2024(H5N1)	622	57
NA|PP755591.1|A/cattle/Texas/24-008749-003/2024(H5N1)	623	55
NA|PP755591.1|A/cattle/Texas/24-008749-003/2024(H5N1)	624	54
NA|PP755591.1|A/cattle/Texas/24-008749-003/2024(H5N1)	625	53
NA|PP755591.1|A/cattle/Texas/24-008749-003/2024(H5N1)	626	53
NA|PP755591.1|A/cattle/Texas/24-008749-003/2024(H5N1)	627	51
NA|PP755591.1|A/cattle/Texas/24-008749-003/2024(H5N1)	628	51
NA|PP755591.1|A/cattle/Texas/24-008749-003/2024(H5N1)	629	51
NA|PP755591.1|A/cattle/Texas/24-008749-003/2024(H5N1)	630	49
NA|PP755591.1|A/cattle/Texas/24-008749-003/2024(H5N1)	631	49
NA|PP755591.1|A/cattle/Texas/24-008749-003/2024(H5N1)	632	49
NA|PP755591.1|A/cattle/Texas/24-008749-003/2024(H5N1)	633	49
NA|PP755591.1|A/cattle/Texas/24-008749-003/2024(H5N1)	634	49
NA|PP755591.1|A/cattle/Texas/24-008749-003/2024(H5N1)	635	49
NA|PP755591.1|A/cattle/Texas/24-008749-003/2024(H5N1)	636	49
NA|PP755591.1|A/cattle/Texas/24-008749-003/2024(H5N1)	637	49
NA|PP755591.1|A/cattle/Texas/24-008749-003/2024(H5N1)	638	49
NA|PP755591.1|A/cattle/Texas/24-008749-003/2024(H5N1)	639	47
NA|PP755591.1|A/cattle/Texas/24-008749-003/2024(H5N1)	640	47
NA|PP755591.1|A/cattle/Texas/24-008749-003/2024(H5N1)	641	43
NA|PP755591.1|A/cattle/Texas/24-008749-003/2024(H5N1)	642	43
NA|PP755591.1|A/cattle/Texas/24-008749-003/2024(H5N1)	643	43
NA|PP755591.1|A/cattle/Texas/24-008749-003/2024(H5N1)	644	43
NA|PP755591.1|A/cattle/Texas/24-008749-003/2024(H5N1)	645	41
NA|PP755591.1|A/cattle/Texas/24-008749-003/2024(H5N1)	646	41
NA|PP755591.1|A/cattle/Texas/24-008749-003/2024(H5N1)	647	41
NA|PP755591.1|A/cattle/Texas/24-008749-003/2024(H5N1)	648	39
NA|PP755591.1|A/cattle/Texas/24-008749-003/2024(H5N1)	649	41
NA|PP755591.1|A/cattle/Texas/24-008749-003/2024(H5N1)	650	40
NA|PP755591.1|A/cattle/Texas/24-008749-003/2024(H5N1)	651	40
NA|PP755591.1|A/cattle/Texas/24-008749-003/2024(H5N1)	652	39
NA|PP755591.1|A/cattle/Texas/24-008749-003/2024(H5N1)	653	36
NA|PP755591.1|A/cattle/Texas/24-008749-003/2024(H5N1)	654	35
NA|PP755591.1|A/cattle/Texas/24-008749-003/2024(H5N1)	655	34
NA|PP755591.1|A/cattle/Texas/24-008749-003/2024(H5N1)	656	33
NA|PP755591.1|A/cattle/Texas/24-008749-003/2024(H5N1)	657	33
NA|PP755591.1|A/cattle/Texas/24-008749-003/2024(H5N1)	658	32
NA|PP755591.1|A/cattle/Texas/24-008749-003/2024(H5N1)	659	32
NA|PP755591.1|A/cattle/Texas/24-008749-003/2024(H5N1)	660	32
NA|PP755591.1|A/cattle/Texas/24-008749-003/2024(H5N1)	661	32
NA|PP755591.1|A/cattle/Texas/24-008749-003/2024(H5N1)	662	28
NA|PP755591.1|A/cattle/Texas/24-008749-003/2024(H5N1)	663	27
NA|PP755591.1|A/cattle/Texas/24-008749-003/2024(H5N1)	664	27
NA|PP755591.1|A/cattle/Texas/24-008749-003/2024(H5N1)	665	27
NA|PP755591.1|A/cattle/Texas/24-008749-003/2024(H5N1)	666	27
NA|PP755591.1|A/cattle/Texas/24-008749-003/2024(H5N1)	667	27
NA|PP755591.1|A/cattle/Texas/24-008749-003/2024(H5N1)	668	27
NA|PP755591.1|A/cattle/Texas/24-008749-003/2024(H5N1)	669	27
NA|PP755591.1|A/cattle/Texas/24-008749-003/2024(H5N1)	670	29
NA|PP755591.1|A/cattle/Texas/24-008749-003/2024(H5N1)	671	29
NA|PP755591.1|A/cattle/Texas/24-008749-003/2024(H5N1)	672	29
NA|PP755591.1|A/cattle/Texas/24-008749-003/2024(H5N1)	673	29
NA|PP755591.1|A/cattle/Texas/24-008749-003/2024(H5N1)	674	29
NA|PP755591.1|A/cattle/Texas/24-008749-003/2024(H5N1)	675	29
NA|PP755591.1|A/cattle/Texas/24-008749-003/2024(H5N1)	676	29
NA|PP755591.1|A/cattle/Texas/24-008749-003/2024(H5N1)	677	29
NA|PP755591.1|A/cattle/Texas/24-008749-003/2024(H5N1)	678	25
NA|PP755591.1|A/cattle/Texas/24-008749-003/2024(H5N1)	679	29
NA|PP755591.1|A/cattle/Texas/24-008749-003/2024(H5N1)	680	29
NA|PP755591.1|A/cattle/Texas/24-008749-003/2024(H5N1)	681	29
NA|PP755591.1|A/cattle/Texas/24-008749-003/2024(H5N1)	682	29
NA|PP755591.1|A/cattle/Texas/24-008749-003/2024(H5N1)	683	29
NA|PP755591.1|A/cattle/Texas/24-008749-003/2024(H5N1)	684	27
NA|PP755591.1|A/cattle/Texas/24-008749-003/2024(H5N1)	685	28
NA|PP755591.1|A/cattle/Texas/24-008749-003/2024(H5N1)	686	28
NA|PP755591.1|A/cattle/Texas/24-008749-003/2024(H5N1)	687	28
NA|PP755591.1|A/cattle/Texas/24-008749-003/2024(H5N1)	688	28
NA|PP755591.1|A/cattle/Texas/24-008749-003/2024(H5N1)	689	28
NA|PP755591.1|A/cattle/Texas/24-008749-003/2024(H5N1)	690	28
NA|PP755591.1|A/cattle/Texas/24-008749-003/2024(H5N1)	691	28
NA|PP755591.1|A/cattle/Texas/24-008749-003/2024(H5N1)	692	27
NA|PP755591.1|A/cattle/Texas/24-008749-003/2024(H5N1)	693	24
NA|PP755591.1|A/cattle/Texas/24-008749-003/2024(H5N1)	694	24
NA|PP755591.1|A/cattle/Texas/24-008749-003/2024(H5N1)	695	24
NA|PP755591.1|A/cattle/Texas/24-008749-003/2024(H5N1)	696	19
NA|PP755591.1|A/cattle/Texas/24-008749-003/2024(H5N1)	697	19
NA|PP755591.1|A/cattle/Texas/24-008749-003/2024(H5N1)	698	19
NA|PP755591.1|A/cattle/Texas/24-008749-003/2024(H5N1)	699	19
NA|PP755591.1|A/cattle/Texas/24-008749-003/2024(H5N1)	700	19
NA|PP755591.1|A/cattle/Texas/24-008749-003/2024(H5N1)	701	19
NA|PP755591.1|A/cattle/Texas/24-008749-003/2024(H5N1)	702	19
NA|PP755591.1|A/cattle/Texas/24-008749-003/2024(H5N1)	703	20
NA|PP755591.1|A/cattle/Texas/24-008749-003/2024(H5N1)	704	20
NA|PP755591.1|A/cattle/Texas/24-008749-003/2024(H5N1)	705	20
NA|PP755591.1|A/cattle/Texas/24-008749-003/2024(H5N1)	706	20
NA|PP755591.1|A/cattle/Texas/24-008749-003/2024(H5N1)	707	20
NA|PP755591.1|A/cattle/Texas/24-008749-003/2024(H5N1)	708	20
NA|PP755591.1|A/cattle/Texas/24-008749-003/2024(H5N1)	709	21
NA|PP755591.1|A/cattle/Texas/24-008749-003/2024(H5N1)	710	21
NA|PP755591.1|A/cattle/Texas/24-008749-003/2024(H5N1)	711	21
NA|PP755591.1|A/cattle/Texas/24-008749-003/2024(H5N1)	712	22
NA|PP755591.1|A/cattle/Texas/24-008749-003/2024(H5N1)	713	24
NA|PP755591.1|A/cattle/Texas/24-008749-003/2024(H5N1)	714	24
NA|PP755591.1|A/cattle/Texas/24-008749-003/2024(H5N1)	715	24
NA|PP755591.1|A/cattle/Texas/24-008749-003/2024(H5N1)	716	24
NA|PP755591.1|A/cattle/Texas/24-008749-003/2024(H5N1)	717	24
NA|PP755591.1|A/cattle/Texas/24-008749-003/2024(H5N1)	718	24
NA|PP755591.1|A/cattle/Texas/24-008749-003/2024(H5N1)	719	26
NA|PP755591.1|A/cattle/Texas/24-008749-003/2024(H5N1)	720	26
NA|PP755591.1|A/cattle/Texas/24-008749-003/2024(H5N1)	721	27
NA|PP755591.1|A/cattle/Texas/24-008749-003/2024(H5N1)	722	32
NA|PP755591.1|A/cattle/Texas/24-008749-003/2024(H5N1)	723	34
NA|PP755591.1|A/cattle/Texas/24-008749-003/2024(H5N1)	724	34
NA|PP755591.1|A/cattle/Texas/24-008749-003/2024(H5N1)	725	34
NA|PP755591.1|A/cattle/Texas/24-008749-003/2024(H5N1)	726	35
NA|PP755591.1|A/cattle/Texas/24-008749-003/2024(H5N1)	727	36
NA|PP755591.1|A/cattle/Texas/24-008749-003/2024(H5N1)	728	44
NA|PP755591.1|A/cattle/Texas/24-008749-003/2024(H5N1)	729	44
NA|PP755591.1|A/cattle/Texas/24-008749-003/2024(H5N1)	730	44
NA|PP755591.1|A/cattle/Texas/24-008749-003/2024(H5N1)	731	44
NA|PP755591.1|A/cattle/Texas/24-008749-003/2024(H5N1)	732	44
NA|PP755591.1|A/cattle/Texas/24-008749-003/2024(H5N1)	733	45
NA|PP755591.1|A/cattle/Texas/24-008749-003/2024(H5N1)	734	45
NA|PP755591.1|A/cattle/Texas/24-008749-003/2024(H5N1)	735	46
NA|PP755591.1|A/cattle/Texas/24-008749-003/2024(H5N1)	736	48
NA|PP755591.1|A/cattle/Texas/24-008749-003/2024(H5N1)	737	48
NA|PP755591.1|A/cattle/Texas/24-008749-003/2024(H5N1)	738	44
NA|PP755591.1|A/cattle/Texas/24-008749-003/2024(H5N1)	739	44
NA|PP755591.1|A/cattle/Texas/24-008749-003/2024(H5N1)	740	50
NA|PP755591.1|A/cattle/Texas/24-008749-003/2024(H5N1)	741	50
NA|PP755591.1|A/cattle/Texas/24-008749-003/2024(H5N1)	742	52
NA|PP755591.1|A/cattle/Texas/24-008749-003/2024(H5N1)	743	52
NA|PP755591.1|A/cattle/Texas/24-008749-003/2024(H5N1)	744	52
NA|PP755591.1|A/cattle/Texas/24-008749-003/2024(H5N1)	745	56
NA|PP755591.1|A/cattle/Texas/24-008749-003/2024(H5N1)	746	56
NA|PP755591.1|A/cattle/Texas/24-008749-003/2024(H5N1)	747	56
NA|PP755591.1|A/cattle/Texas/24-008749-003/2024(H5N1)	748	56
NA|PP755591.1|A/cattle/Texas/24-008749-003/2024(H5N1)	749	56
NA|PP755591.1|A/cattle/Texas/24-008749-003/2024(H5N1)	750	56
NA|PP755591.1|A/cattle/Texas/24-008749-003/2024(H5N1)	751	64
NA|PP755591.1|A/cattle/Texas/24-008749-003/2024(H5N1)	752	65
NA|PP755591.1|A/cattle/Texas/24-008749-003/2024(H5N1)	753	65
NA|PP755591.1|A/cattle/Texas/24-008749-003/2024(H5N1)	754	64
NA|PP755591.1|A/cattle/Texas/24-008749-003/2024(H5N1)	755	64
NA|PP755591.1|A/cattle/Texas/24-008749-003/2024(H5N1)	756	64
NA|PP755591.1|A/cattle/Texas/24-008749-003/2024(H5N1)	757	64
NA|PP755591.1|A/cattle/Texas/24-008749-003/2024(H5N1)	758	64
NA|PP755591.1|A/cattle/Texas/24-008749-003/2024(H5N1)	759	64
NA|PP755591.1|A/cattle/Texas/24-008749-003/2024(H5N1)	760	64
NA|PP755591.1|A/cattle/Texas/24-008749-003/2024(H5N1)	761	64
NA|PP755591.1|A/cattle/Texas/24-008749-003/2024(H5N1)	762	64
NA|PP755591.1|A/cattle/Texas/24-008749-003/2024(H5N1)	763	64
NA|PP755591.1|A/cattle/Texas/24-008749-003/2024(H5N1)	764	64
NA|PP755591.1|A/cattle/Texas/24-008749-003/2024(H5N1)	765	59
NA|PP755591.1|A/cattle/Texas/24-008749-003/2024(H5N1)	766	59
NA|PP755591.1|A/cattle/Texas/24-008749-003/2024(H5N1)	767	59
NA|PP755591.1|A/cattle/Texas/24-008749-003/2024(H5N1)	768	59
NA|PP755591.1|A/cattle/Texas/24-008749-003/2024(H5N1)	769	59
NA|PP755591.1|A/cattle/Texas/24-008749-003/2024(H5N1)	770	59
NA|PP755591.1|A/cattle/Texas/24-008749-003/2024(H5N1)	771	59
NA|PP755591.1|A/cattle/Texas/24-008749-003/2024(H5N1)	772	59
NA|PP755591.1|A/cattle/Texas/24-008749-003/2024(H5N1)	773	59
NA|PP755591.1|A/cattle/Texas/24-008749-003/2024(H5N1)	774	61
NA|PP755591.1|A/cattle/Texas/24-008749-003/2024(H5N1)	775	61
NA|PP755591.1|A/cattle/Texas/24-008749-003/2024(H5N1)	776	61
NA|PP755591.1|A/cattle/Texas/24-008749-003/2024(H5N1)	777	10
NA|PP755591.1|A/cattle/Texas/24-008749-003/2024(H5N1)	778	61
NA|PP755591.1|A/cattle/Texas/24-008749-003/2024(H5N1)	779	61
NA|PP755591.1|A/cattle/Texas/24-008749-003/2024(H5N1)	780	61
NA|PP755591.1|A/cattle/Texas/24-008749-003/2024(H5N1)	781	63
NA|PP755591.1|A/cattle/Texas/24-008749-003/2024(H5N1)	782	63
NA|PP755591.1|A/cattle/Texas/24-008749-003/2024(H5N1)	783	63
NA|PP755591.1|A/cattle/Texas/24-008749-003/2024(H5N1)	784	63
NA|PP755591.1|A/cattle/Texas/24-008749-003/2024(H5N1)	785	63
NA|PP755591.1|A/cattle/Texas/24-008749-003/2024(H5N1)	786	63
NA|PP755591.1|A/cattle/Texas/24-008749-003/2024(H5N1)	787	63
NA|PP755591.1|A/cattle/Texas/24-008749-003/2024(H5N1)	788	63
NA|PP755591.1|A/cattle/Texas/24-008749-003/2024(H5N1)	789	63
NA|PP755591.1|A/cattle/Texas/24-008749-003/2024(H5N1)	790	73
NA|PP755591.1|A/cattle/Texas/24-008749-003/2024(H5N1)	791	73
NA|PP755591.1|A/cattle/Texas/24-008749-003/2024(H5N1)	792	73
NA|PP755591.1|A/cattle/Texas/24-008749-003/2024(H5N1)	793	74
NA|PP755591.1|A/cattle/Texas/24-008749-003/2024(H5N1)	794	74
NA|PP755591.1|A/cattle/Texas/24-008749-003/2024(H5N1)	795	75
NA|PP755591.1|A/cattle/Texas/24-008749-003/2024(H5N1)	796	75
NA|PP755591.1|A/cattle/Texas/24-008749-003/2024(H5N1)	797	77
NA|PP755591.1|A/cattle/Texas/24-008749-003/2024(H5N1)	798	77
NA|PP755591.1|A/cattle/Texas/24-008749-003/2024(H5N1)	799	80
NA|PP755591.1|A/cattle/Texas/24-008749-003/2024(H5N1)	800	80
NA|PP755591.1|A/cattle/Texas/24-008749-003/2024(H5N1)	801	79
NA|PP755591.1|A/cattle/Texas/24-008749-003/2024(H5N1)	802	79
NA|PP755591.1|A/cattle/Texas/24-008749-003/2024(H5N1)	803	79
NA|PP755591.1|A/cattle/Texas/24-008749-003/2024(H5N1)	804	78
NA|PP755591.1|A/cattle/Texas/24-008749-003/2024(H5N1)	805	78
NA|PP755591.1|A/cattle/Texas/24-008749-003/2024(H5N1)	806	87
NA|PP755591.1|A/cattle/Texas/24-008749-003/2024(H5N1)	807	87
NA|PP755591.1|A/cattle/Texas/24-008749-003/2024(H5N1)	808	87
NA|PP755591.1|A/cattle/Texas/24-008749-003/2024(H5N1)	809	87
NA|PP755591.1|A/cattle/Texas/24-008749-003/2024(H5N1)	810	87
NA|PP755591.1|A/cattle/Texas/24-008749-003/2024(H5N1)	811	87
NA|PP755591.1|A/cattle/Texas/24-008749-003/2024(H5N1)	812	88
NA|PP755591.1|A/cattle/Texas/24-008749-003/2024(H5N1)	813	88
NA|PP755591.1|A/cattle/Texas/24-008749-003/2024(H5N1)	814	88
NA|PP755591.1|A/cattle/Texas/24-008749-003/2024(H5N1)	815	93
NA|PP755591.1|A/cattle/Texas/24-008749-003/2024(H5N1)	816	93
NA|PP755591.1|A/cattle/Texas/24-008749-003/2024(H5N1)	817	99
NA|PP755591.1|A/cattle/Texas/24-008749-003/2024(H5N1)	818	99
NA|PP755591.1|A/cattle/Texas/24-008749-003/2024(H5N1)	819	99
NA|PP755591.1|A/cattle/Texas/24-008749-003/2024(H5N1)	820	98
NA|PP755591.1|A/cattle/Texas/24-008749-003/2024(H5N1)	821	98
NA|PP755591.1|A/cattle/Texas/24-008749-003/2024(H5N1)	822	101
NA|PP755591.1|A/cattle/Texas/24-008749-003/2024(H5N1)	823	101
NA|PP755591.1|A/cattle/Texas/24-008749-003/2024(H5N1)	824	108
NA|PP755591.1|A/cattle/Texas/24-008749-003/2024(H5N1)	825	107
NA|PP755591.1|A/cattle/Texas/24-008749-003/2024(H5N1)	826	109
NA|PP755591.1|A/cattle/Texas/24-008749-003/2024(H5N1)	827	109
NA|PP755591.1|A/cattle/Texas/24-008749-003/2024(H5N1)	828	109
NA|PP755591.1|A/cattle/Texas/24-008749-003/2024(H5N1)	829	109
NA|PP755591.1|A/cattle/Texas/24-008749-003/2024(H5N1)	830	109
NA|PP755591.1|A/cattle/Texas/24-008749-003/2024(H5N1)	831	109
NA|PP755591.1|A/cattle/Texas/24-008749-003/2024(H5N1)	832	109
NA|PP755591.1|A/cattle/Texas/24-008749-003/2024(H5N1)	833	111
NA|PP755591.1|A/cattle/Texas/24-008749-003/2024(H5N1)	834	113
NA|PP755591.1|A/cattle/Texas/24-008749-003/2024(H5N1)	835	113
NA|PP755591.1|A/cattle/Texas/24-008749-003/2024(H5N1)	836	114
NA|PP755591.1|A/cattle/Texas/24-008749-003/2024(H5N1)	837	114
NA|PP755591.1|A/cattle/Texas/24-008749-003/2024(H5N1)	838	114
NA|PP755591.1|A/cattle/Texas/24-008749-003/2024(H5N1)	839	114
NA|PP755591.1|A/cattle/Texas/24-008749-003/2024(H5N1)	840	114
NA|PP755591.1|A/cattle/Texas/24-008749-003/2024(H5N1)	841	114
NA|PP755591.1|A/cattle/Texas/24-008749-003/2024(H5N1)	842	114
NA|PP755591.1|A/cattle/Texas/24-008749-003/2024(H5N1)	843	114
NA|PP755591.1|A/cattle/Texas/24-008749-003/2024(H5N1)	844	114
NA|PP755591.1|A/cattle/Texas/24-008749-003/2024(H5N1)	845	114
NA|PP755591.1|A/cattle/Texas/24-008749-003/2024(H5N1)	846	114
NA|PP755591.1|A/cattle/Texas/24-008749-003/2024(H5N1)	847	114
NA|PP755591.1|A/cattle/Texas/24-008749-003/2024(H5N1)	848	113
NA|PP755591.1|A/cattle/Texas/24-008749-003/2024(H5N1)	849	113
NA|PP755591.1|A/cattle/Texas/24-008749-003/2024(H5N1)	850	113
NA|PP755591.1|A/cattle/Texas/24-008749-003/2024(H5N1)	851	113
NA|PP755591.1|A/cattle/Texas/24-008749-003/2024(H5N1)	852	113
NA|PP755591.1|A/cattle/Texas/24-008749-003/2024(H5N1)	853	113
NA|PP755591.1|A/cattle/Texas/24-008749-003/2024(H5N1)	854	109
NA|PP755591.1|A/cattle/Texas/24-008749-003/2024(H5N1)	855	18
NA|PP755591.1|A/cattle/Texas/24-008749-003/2024(H5N1)	856	18
NA|PP755591.1|A/cattle/Texas/24-008749-003/2024(H5N1)	857	18
NA|PP755591.1|A/cattle/Texas/24-008749-003/2024(H5N1)	858	18
NA|PP755591.1|A/cattle/Texas/24-008749-003/2024(H5N1)	859	18
NA|PP755591.1|A/cattle/Texas/24-008749-003/2024(H5N1)	860	18
NA|PP755591.1|A/cattle/Texas/24-008749-003/2024(H5N1)	861	18
NA|PP755591.1|A/cattle/Texas/24-008749-003/2024(H5N1)	862	18
NA|PP755591.1|A/cattle/Texas/24-008749-003/2024(H5N1)	863	18
NA|PP755591.1|A/cattle/Texas/24-008749-003/2024(H5N1)	864	18
NA|PP755591.1|A/cattle/Texas/24-008749-003/2024(H5N1)	865	29
NA|PP755591.1|A/cattle/Texas/24-008749-003/2024(H5N1)	866	29
NA|PP755591.1|A/cattle/Texas/24-008749-003/2024(H5N1)	867	29
NA|PP755591.1|A/cattle/Texas/24-008749-003/2024(H5N1)	868	29
NA|PP755591.1|A/cattle/Texas/24-008749-003/2024(H5N1)	869	30
NA|PP755591.1|A/cattle/Texas/24-008749-003/2024(H5N1)	870	30
NA|PP755591.1|A/cattle/Texas/24-008749-003/2024(H5N1)	871	30
NA|PP755591.1|A/cattle/Texas/24-008749-003/2024(H5N1)	872	30
NA|PP755591.1|A/cattle/Texas/24-008749-003/2024(H5N1)	873	30
NA|PP755591.1|A/cattle/Texas/24-008749-003/2024(H5N1)	874	30
NA|PP755591.1|A/cattle/Texas/24-008749-003/2024(H5N1)	875	30
NA|PP755591.1|A/cattle/Texas/24-008749-003/2024(H5N1)	876	30
NA|PP755591.1|A/cattle/Texas/24-008749-003/2024(H5N1)	877	30
NA|PP755591.1|A/cattle/Texas/24-008749-003/2024(H5N1)	878	30
NA|PP755591.1|A/cattle/Texas/24-008749-003/2024(H5N1)	879	30
NA|PP755591.1|A/cattle/Texas/24-008749-003/2024(H5N1)	880	30
NA|PP755591.1|A/cattle/Texas/24-008749-003/2024(H5N1)	881	30
NA|PP755591.1|A/cattle/Texas/24-008749-003/2024(H5N1)	882	30
NA|PP755591.1|A/cattle/Texas/24-008749-003/2024(H5N1)	883	30
NA|PP755591.1|A/cattle/Texas/24-008749-003/2024(H5N1)	884	30
NA|PP755591.1|A/cattle/Texas/24-008749-003/2024(H5N1)	885	30
NA|PP755591.1|A/cattle/Texas/24-008749-003/2024(H5N1)	886	32
NA|PP755591.1|A/cattle/Texas/24-008749-003/2024(H5N1)	887	32
NA|PP755591.1|A/cattle/Texas/24-008749-003/2024(H5N1)	888	32
NA|PP755591.1|A/cattle/Texas/24-008749-003/2024(H5N1)	889	32
NA|PP755591.1|A/cattle/Texas/24-008749-003/2024(H5N1)	890	32
NA|PP755591.1|A/cattle/Texas/24-008749-003/2024(H5N1)	891	32
NA|PP755591.1|A/cattle/Texas/24-008749-003/2024(H5N1)	892	32
NA|PP755591.1|A/cattle/Texas/24-008749-003/2024(H5N1)	893	32
NA|PP755591.1|A/cattle/Texas/24-008749-003/2024(H5N1)	894	32
NA|PP755591.1|A/cattle/Texas/24-008749-003/2024(H5N1)	895	32
NA|PP755591.1|A/cattle/Texas/24-008749-003/2024(H5N1)	896	32
NA|PP755591.1|A/cattle/Texas/24-008749-003/2024(H5N1)	897	32
NA|PP755591.1|A/cattle/Texas/24-008749-003/2024(H5N1)	898	32
NA|PP755591.1|A/cattle/Texas/24-008749-003/2024(H5N1)	899	32
NA|PP755591.1|A/cattle/Texas/24-008749-003/2024(H5N1)	900	32
NA|PP755591.1|A/cattle/Texas/24-008749-003/2024(H5N1)	901	32
NA|PP755591.1|A/cattle/Texas/24-008749-003/2024(H5N1)	902	32
NA|PP755591.1|A/cattle/Texas/24-008749-003/2024(H5N1)	903	32
NA|PP755591.1|A/cattle/Texas/24-008749-003/2024(H5N1)	904	32
NA|PP755591.1|A/cattle/Texas/24-008749-003/2024(H5N1)	905	32
NA|PP755591.1|A/cattle/Texas/24-008749-003/2024(H5N1)	906	32
NA|PP755591.1|A/cattle/Texas/24-008749-003/2024(H5N1)	907	37
NA|PP755591.1|A/cattle/Texas/24-008749-003/2024(H5N1)	908	37
NA|PP755591.1|A/cattle/Texas/24-008749-003/2024(H5N1)	909	37
NA|PP755591.1|A/cattle/Texas/24-008749-003/2024(H5N1)	910	37
NA|PP755591.1|A/cattle/Texas/24-008749-003/2024(H5N1)	911	37
NA|PP755591.1|A/cattle/Texas/24-008749-003/2024(H5N1)	912	37
NA|PP755591.1|A/cattle/Texas/24-008749-003/2024(H5N1)	913	37
NA|PP755591.1|A/cattle/Texas/24-008749-003/2024(H5N1)	914	37
NA|PP755591.1|A/cattle/Texas/24-008749-003/2024(H5N1)	915	37
NA|PP755591.1|A/cattle/Texas/24-008749-003/2024(H5N1)	916	37
NA|PP755591.1|A/cattle/Texas/24-008749-003/2024(H5N1)	917	38
NA|PP755591.1|A/cattle/Texas/24-008749-003/2024(H5N1)	918	38
NA|PP755591.1|A/cattle/Texas/24-008749-003/2024(H5N1)	919	62
NA|PP755591.1|A/cattle/Texas/24-008749-003/2024(H5N1)	920	62
NA|PP755591.1|A/cattle/Texas/24-008749-003/2024(H5N1)	921	62
NA|PP755591.1|A/cattle/Texas/24-008749-003/2024(H5N1)	922	63
NA|PP755591.1|A/cattle/Texas/24-008749-003/2024(H5N1)	923	63
NA|PP755591.1|A/cattle/Texas/24-008749-003/2024(H5N1)	924	63
NA|PP755591.1|A/cattle/Texas/24-008749-003/2024(H5N1)	925	63
NA|PP755591.1|A/cattle/Texas/24-008749-003/2024(H5N1)	926	64
NA|PP755591.1|A/cattle/Texas/24-008749-003/2024(H5N1)	927	64
NA|PP755591.1|A/cattle/Texas/24-008749-003/2024(H5N1)	928	65
NA|PP755591.1|A/cattle/Texas/24-008749-003/2024(H5N1)	929	65
NA|PP755591.1|A/cattle/Texas/24-008749-003/2024(H5N1)	930	65
NA|PP755591.1|A/cattle/Texas/24-008749-003/2024(H5N1)	931	65
NA|PP755591.1|A/cattle/Texas/24-008749-003/2024(H5N1)	932	66
NA|PP755591.1|A/cattle/Texas/24-008749-003/2024(H5N1)	933	67
NA|PP755591.1|A/cattle/Texas/24-008749-003/2024(H5N1)	934	67
NA|PP755591.1|A/cattle/Texas/24-008749-003/2024(H5N1)	935	67
NA|PP755591.1|A/cattle/Texas/24-008749-003/2024(H5N1)	936	67
NA|PP755591.1|A/cattle/Texas/24-008749-003/2024(H5N1)	937	68
NA|PP755591.1|A/cattle/Texas/24-008749-003/2024(H5N1)	938	68
NA|PP755591.1|A/cattle/Texas/24-008749-003/2024(H5N1)	939	68
NA|PP755591.1|A/cattle/Texas/24-008749-003/2024(H5N1)	940	68
NA|PP755591.1|A/cattle/Texas/24-008749-003/2024(H5N1)	941	68
NA|PP755591.1|A/cattle/Texas/24-008749-003/2024(H5N1)	942	66
NA|PP755591.1|A/cattle/Texas/24-008749-003/2024(H5N1)	943	66
NA|PP755591.1|A/cattle/Texas/24-008749-003/2024(H5N1)	944	66
NA|PP755591.1|A/cattle/Texas/24-008749-003/2024(H5N1)	945	66
NA|PP755591.1|A/cattle/Texas/24-008749-003/2024(H5N1)	946	66
NA|PP755591.1|A/cattle/Texas/24-008749-003/2024(H5N1)	947	66
NA|PP755591.1|A/cattle/Texas/24-008749-003/2024(H5N1)	948	66
NA|PP755591.1|A/cattle/Texas/24-008749-003/2024(H5N1)	949	66
NA|PP755591.1|A/cattle/Texas/24-008749-003/2024(H5N1)	950	66
NA|PP755591.1|A/cattle/Texas/24-008749-003/2024(H5N1)	951	66
NA|PP755591.1|A/cattle/Texas/24-008749-003/2024(H5N1)	952	64
NA|PP755591.1|A/cattle/Texas/24-008749-003/2024(H5N1)	953	60
NA|PP755591.1|A/cattle/Texas/24-008749-003/2024(H5N1)	954	60
NA|PP755591.1|A/cattle/Texas/24-008749-003/2024(H5N1)	955	59
NA|PP755591.1|A/cattle/Texas/24-008749-003/2024(H5N1)	956	59
NA|PP755591.1|A/cattle/Texas/24-008749-003/2024(H5N1)	957	43
NA|PP755591.1|A/cattle/Texas/24-008749-003/2024(H5N1)	958	43
NA|PP755591.1|A/cattle/Texas/24-008749-003/2024(H5N1)	959	43
NA|PP755591.1|A/cattle/Texas/24-008749-003/2024(H5N1)	960	43
NA|PP755591.1|A/cattle/Texas/24-008749-003/2024(H5N1)	961	43
NA|PP755591.1|A/cattle/Texas/24-008749-003/2024(H5N1)	962	44
NA|PP755591.1|A/cattle/Texas/24-008749-003/2024(H5N1)	963	44
NA|PP755591.1|A/cattle/Texas/24-008749-003/2024(H5N1)	964	44
NA|PP755591.1|A/cattle/Texas/24-008749-003/2024(H5N1)	965	44
NA|PP755591.1|A/cattle/Texas/24-008749-003/2024(H5N1)	966	44
NA|PP755591.1|A/cattle/Texas/24-008749-003/2024(H5N1)	967	44
NA|PP755591.1|A/cattle/Texas/24-008749-003/2024(H5N1)	968	51
NA|PP755591.1|A/cattle/Texas/24-008749-003/2024(H5N1)	969	51
NA|PP755591.1|A/cattle/Texas/24-008749-003/2024(H5N1)	970	52
NA|PP755591.1|A/cattle/Texas/24-008749-003/2024(H5N1)	971	52
NA|PP755591.1|A/cattle/Texas/24-008749-003/2024(H5N1)	972	53
NA|PP755591.1|A/cattle/Texas/24-008749-003/2024(H5N1)	973	53
NA|PP755591.1|A/cattle/Texas/24-008749-003/2024(H5N1)	974	53
NA|PP755591.1|A/cattle/Texas/24-008749-003/2024(H5N1)	975	53
NA|PP755591.1|A/cattle/Texas/24-008749-003/2024(H5N1)	976	53
NA|PP755591.1|A/cattle/Texas/24-008749-003/2024(H5N1)	977	56
NA|PP755591.1|A/cattle/Texas/24-008749-003/2024(H5N1)	978	56
NA|PP755591.1|A/cattle/Texas/24-008749-003/2024(H5N1)	979	81
NA|PP755591.1|A/cattle/Texas/24-008749-003/2024(H5N1)	980	81
NA|PP755591.1|A/cattle/Texas/24-008749-003/2024(H5N1)	981	85
NA|PP755591.1|A/cattle/Texas/24-008749-003/2024(H5N1)	982	85
NA|PP755591.1|A/cattle/Texas/24-008749-003/2024(H5N1)	983	85
NA|PP755591.1|A/cattle/Texas/24-008749-003/2024(H5N1)	984	85
NA|PP755591.1|A/cattle/Texas/24-008749-003/2024(H5N1)	985	85
NA|PP755591.1|A/cattle/Texas/24-008749-003/2024(H5N1)	986	92
NA|PP755591.1|A/cattle/Texas/24-008749-003/2024(H5N1)	987	94
NA|PP755591.1|A/cattle/Texas/24-008749-003/2024(H5N1)	988	94
NA|PP755591.1|A/cattle/Texas/24-008749-003/2024(H5N1)	989	95
NA|PP755591.1|A/cattle/Texas/24-008749-003/2024(H5N1)	990	95
NA|PP755591.1|A/cattle/Texas/24-008749-003/2024(H5N1)	991	95
NA|PP755591.1|A/cattle/Texas/24-008749-003/2024(H5N1)	992	95
NA|PP755591.1|A/cattle/Texas/24-008749-003/2024(H5N1)	993	95
NA|PP755591.1|A/cattle/Texas/24-008749-003/2024(H5N1)	994	95
NA|PP755591.1|A/cattle/Texas/24-008749-003/2024(H5N1)	995	95
NA|PP755591.1|A/cattle/Texas/24-008749-003/2024(H5N1)	996	98
NA|PP755591.1|A/cattle/Texas/24-008749-003/2024(H5N1)	997	100
NA|PP755591.1|A/cattle/Texas/24-008749-003/2024(H5N1)	998	100
NA|PP755591.1|A/cattle/Texas/24-008749-003/2024(H5N1)	999	102
NA|PP755591.1|A/cattle/Texas/24-008749-003/2024(H5N1)	1000	102
NA|PP755591.1|A/cattle/Texas/24-008749-003/2024(H5N1)	1001	101
NA|PP755591.1|A/cattle/Texas/24-008749-003/2024(H5N1)	1002	101
NA|PP755591.1|A/cattle/Texas/24-008749-003/2024(H5N1)	1003	101
NA|PP755591.1|A/cattle/Texas/24-008749-003/2024(H5N1)	1004	101
NA|PP755591.1|A/cattle/Texas/24-008749-003/2024(H5N1)	1005	95
NA|PP755591.1|A/cattle/Texas/24-008749-003/2024(H5N1)	1006	94
NA|PP755591.1|A/cattle/Texas/24-008749-003/2024(H5N1)	1007	98
NA|PP755591.1|A/cattle/Texas/24-008749-003/2024(H5N1)	1008	98
NA|PP755591.1|A/cattle/Texas/24-008749-003/2024(H5N1)	1009	98
NA|PP755591.1|A/cattle/Texas/24-008749-003/2024(H5N1)	1010	98
NA|PP755591.1|A/cattle/Texas/24-008749-003/2024(H5N1)	1011	98
NA|PP755591.1|A/cattle/Texas/24-008749-003/2024(H5N1)	1012	98
NA|PP755591.1|A/cattle/Texas/24-008749-003/2024(H5N1)	1013	98
NA|PP755591.1|A/cattle/Texas/24-008749-003/2024(H5N1)	1014	98
NA|PP755591.1|A/cattle/Texas/24-008749-003/2024(H5N1)	1015	98
NA|PP755591.1|A/cattle/Texas/24-008749-003/2024(H5N1)	1016	111
NA|PP755591.1|A/cattle/Texas/24-008749-003/2024(H5N1)	1017	111
NA|PP755591.1|A/cattle/Texas/24-008749-003/2024(H5N1)	1018	111
NA|PP755591.1|A/cattle/Texas/24-008749-003/2024(H5N1)	1019	111
NA|PP755591.1|A/cattle/Texas/24-008749-003/2024(H5N1)	1020	111
NA|PP755591.1|A/cattle/Texas/24-008749-003/2024(H5N1)	1021	111
NA|PP755591.1|A/cattle/Texas/24-008749-003/2024(H5N1)	1022	111
NA|PP755591.1|A/cattle/Texas/24-008749-003/2024(H5N1)	1023	111
NA|PP755591.1|A/cattle/Texas/24-008749-003/2024(H5N1)	1024	111
NA|PP755591.1|A/cattle/Texas/24-008749-003/2024(H5N1)	1025	111
NA|PP755591.1|A/cattle/Texas/24-008749-003/2024(H5N1)	1026	111
NA|PP755591.1|A/cattle/Texas/24-008749-003/2024(H5N1)	1027	111
NA|PP755591.1|A/cattle/Texas/24-008749-003/2024(H5N1)	1028	109
NA|PP755591.1|A/cattle/Texas/24-008749-003/2024(H5N1)	1029	109
NA|PP755591.1|A/cattle/Texas/24-008749-003/2024(H5N1)	1030	108
NA|PP755591.1|A/cattle/Texas/24-008749-003/2024(H5N1)	1031	108
NA|PP755591.1|A/cattle/Texas/24-008749-003/2024(H5N1)	1032	108
NA|PP755591.1|A/cattle/Texas/24-008749-003/2024(H5N1)	1033	108
NA|PP755591.1|A/cattle/Texas/24-008749-003/2024(H5N1)	1034	108
NA|PP755591.1|A/cattle/Texas/24-008749-003/2024(H5N1)	1035	95
NA|PP755591.1|A/cattle/Texas/24-008749-003/2024(H5N1)	1036	95
NA|PP755591.1|A/cattle/Texas/24-008749-003/2024(H5N1)	1037	90
NA|PP755591.1|A/cattle/Texas/24-008749-003/2024(H5N1)	1038	90
NA|PP755591.1|A/cattle/Texas/24-008749-003/2024(H5N1)	1039	90
NA|PP755591.1|A/cattle/Texas/24-008749-003/2024(H5N1)	1040	90
NA|PP755591.1|A/cattle/Texas/24-008749-003/2024(H5N1)	1041	90
NA|PP755591.1|A/cattle/Texas/24-008749-003/2024(H5N1)	1042	90
NA|PP755591.1|A/cattle/Texas/24-008749-003/2024(H5N1)	1043	90
NA|PP755591.1|A/cattle/Texas/24-008749-003/2024(H5N1)	1044	90
NA|PP755591.1|A/cattle/Texas/24-008749-003/2024(H5N1)	1045	92
NA|PP755591.1|A/cattle/Texas/24-008749-003/2024(H5N1)	1046	92
NA|PP755591.1|A/cattle/Texas/24-008749-003/2024(H5N1)	1047	92
NA|PP755591.1|A/cattle/Texas/24-008749-003/2024(H5N1)	1048	92
NA|PP755591.1|A/cattle/Texas/24-008749-003/2024(H5N1)	1049	92
NA|PP755591.1|A/cattle/Texas/24-008749-003/2024(H5N1)	1050	92
NA|PP755591.1|A/cattle/Texas/24-008749-003/2024(H5N1)	1051	92
NA|PP755591.1|A/cattle/Texas/24-008749-003/2024(H5N1)	1052	92
NA|PP755591.1|A/cattle/Texas/24-008749-003/2024(H5N1)	1053	90
NA|PP755591.1|A/cattle/Texas/24-008749-003/2024(H5N1)	1054	90
NA|PP755591.1|A/cattle/Texas/24-008749-003/2024(H5N1)	1055	90
NA|PP755591.1|A/cattle/Texas/24-008749-003/2024(H5N1)	1056	90
NA|PP755591.1|A/cattle/Texas/24-008749-003/2024(H5N1)	1057	94
NA|PP755591.1|A/cattle/Texas/24-008749-003/2024(H5N1)	1058	92
NA|PP755591.1|A/cattle/Texas/24-008749-003/2024(H5N1)	1059	92
NA|PP755591.1|A/cattle/Texas/24-008749-003/2024(H5N1)	1060	92
NA|PP755591.1|A/cattle/Texas/24-008749-003/2024(H5N1)	1061	89
NA|PP755591.1|A/cattle/Texas/24-008749-003/2024(H5N1)	1062	89
NA|PP755591.1|A/cattle/Texas/24-008749-003/2024(H5N1)	1063	89
NA|PP755591.1|A/cattle/Texas/24-008749-003/2024(H5N1)	1064	89
NA|PP755591.1|A/cattle/Texas/24-008749-003/2024(H5N1)	1065	88
NA|PP755591.1|A/cattle/Texas/24-008749-003/2024(H5N1)	1066	88
NA|PP755591.1|A/cattle/Texas/24-008749-003/2024(H5N1)	1067	88
NA|PP755591.1|A/cattle/Texas/24-008749-003/2024(H5N1)	1068	79
NA|PP755591.1|A/cattle/Texas/24-008749-003/2024(H5N1)	1069	79
NA|PP755591.1|A/cattle/Texas/24-008749-003/2024(H5N1)	1070	73
NA|PP755591.1|A/cattle/Texas/24-008749-003/2024(H5N1)	1071	73
NA|PP755591.1|A/cattle/Texas/24-008749-003/2024(H5N1)	1072	73
NA|PP755591.1|A/cattle/Texas/24-008749-003/2024(H5N1)	1073	72
NA|PP755591.1|A/cattle/Texas/24-008749-003/2024(H5N1)	1074	72
NA|PP755591.1|A/cattle/Texas/24-008749-003/2024(H5N1)	1075	72
NA|PP755591.1|A/cattle/Texas/24-008749-003/2024(H5N1)	1076	72
NA|PP755591.1|A/cattle/Texas/24-008749-003/2024(H5N1)	1077	69
NA|PP755591.1|A/cattle/Texas/24-008749-003/2024(H5N1)	1078	69
NA|PP755591.1|A/cattle/Texas/24-008749-003/2024(H5N1)	1079	69
NA|PP755591.1|A/cattle/Texas/24-008749-003/2024(H5N1)	1080	69
NA|PP755591.1|A/cattle/Texas/24-008749-003/2024(H5N1)	1081	69
NA|PP755591.1|A/cattle/Texas/24-008749-003/2024(H5N1)	1082	68
NA|PP755591.1|A/cattle/Texas/24-008749-003/2024(H5N1)	1083	68
NA|PP755591.1|A/cattle/Texas/24-008749-003/2024(H5N1)	1084	67
NA|PP755591.1|A/cattle/Texas/24-008749-003/2024(H5N1)	1085	66
NA|PP755591.1|A/cattle/Texas/24-008749-003/2024(H5N1)	1086	66
NA|PP755591.1|A/cattle/Texas/24-008749-003/2024(H5N1)	1087	66
NA|PP755591.1|A/cattle/Texas/24-008749-003/2024(H5N1)	1088	66
NA|PP755591.1|A/cattle/Texas/24-008749-003/2024(H5N1)	1089	66
NA|PP755591.1|A/cattle/Texas/24-008749-003/2024(H5N1)	1090	66
NA|PP755591.1|A/cattle/Texas/24-008749-003/2024(H5N1)	1091	65
NA|PP755591.1|A/cattle/Texas/24-008749-003/2024(H5N1)	1092	60
NA|PP755591.1|A/cattle/Texas/24-008749-003/2024(H5N1)	1093	60
NA|PP755591.1|A/cattle/Texas/24-008749-003/2024(H5N1)	1094	55
NA|PP755591.1|A/cattle/Texas/24-008749-003/2024(H5N1)	1095	55
NA|PP755591.1|A/cattle/Texas/24-008749-003/2024(H5N1)	1096	55
NA|PP755591.1|A/cattle/Texas/24-008749-003/2024(H5N1)	1097	55
NA|PP755591.1|A/cattle/Texas/24-008749-003/2024(H5N1)	1098	29
NA|PP755591.1|A/cattle/Texas/24-008749-003/2024(H5N1)	1099	29
NA|PP755591.1|A/cattle/Texas/24-008749-003/2024(H5N1)	1100	24
NA|PP755591.1|A/cattle/Texas/24-008749-003/2024(H5N1)	1101	24
NA|PP755591.1|A/cattle/Texas/24-008749-003/2024(H5N1)	1102	24
NA|PP755591.1|A/cattle/Texas/24-008749-003/2024(H5N1)	1103	24
NA|PP755591.1|A/cattle/Texas/24-008749-003/2024(H5N1)	1104	24
NA|PP755591.1|A/cattle/Texas/24-008749-003/2024(H5N1)	1105	24
NA|PP755591.1|A/cattle/Texas/24-008749-003/2024(H5N1)	1106	24
NA|PP755591.1|A/cattle/Texas/24-008749-003/2024(H5N1)	1107	24
NA|PP755591.1|A/cattle/Texas/24-008749-003/2024(H5N1)	1108	24
NA|PP755591.1|A/cattle/Texas/24-008749-003/2024(H5N1)	1109	24
NA|PP755591.1|A/cattle/Texas/24-008749-003/2024(H5N1)	1110	24
NA|PP755591.1|A/cattle/Texas/24-008749-003/2024(H5N1)	1111	25
NA|PP755591.1|A/cattle/Texas/24-008749-003/2024(H5N1)	1112	25
NA|PP755591.1|A/cattle/Texas/24-008749-003/2024(H5N1)	1113	25
NA|PP755591.1|A/cattle/Texas/24-008749-003/2024(H5N1)	1114	25
NA|PP755591.1|A/cattle/Texas/24-008749-003/2024(H5N1)	1115	25
NA|PP755591.1|A/cattle/Texas/24-008749-003/2024(H5N1)	1116	25
NA|PP755591.1|A/cattle/Texas/24-008749-003/2024(H5N1)	1117	25
NA|PP755591.1|A/cattle/Texas/24-008749-003/2024(H5N1)	1118	25
NA|PP755591.1|A/cattle/Texas/24-008749-003/2024(H5N1)	1119	25
NA|PP755591.1|A/cattle/Texas/24-008749-003/2024(H5N1)	1120	25
NA|PP755591.1|A/cattle/Texas/24-008749-003/2024(H5N1)	1121	25
NA|PP755591.1|A/cattle/Texas/24-008749-003/2024(H5N1)	1122	25
NA|PP755591.1|A/cattle/Texas/24-008749-003/2024(H5N1)	1123	25
NA|PP755591.1|A/cattle/Texas/24-008749-003/2024(H5N1)	1124	25
NA|PP755591.1|A/cattle/Texas/24-008749-003/2024(H5N1)	1125	25
NA|PP755591.1|A/cattle/Texas/24-008749-003/2024(H5N1)	1126	25
NA|PP755591.1|A/cattle/Texas/24-008749-003/2024(H5N1)	1127	23
NA|PP755591.1|A/cattle/Texas/24-008749-003/2024(H5N1)	1128	20
NA|PP755591.1|A/cattle/Texas/24-008749-003/2024(H5N1)	1129	20
NA|PP755591.1|A/cattle/Texas/24-008749-003/2024(H5N1)	1130	19
NA|PP755591.1|A/cattle/Texas/24-008749-003/2024(H5N1)	1131	19
NA|PP755591.1|A/cattle/Texas/24-008749-003/2024(H5N1)	1132	19
NA|PP755591.1|A/cattle/Texas/24-008749-003/2024(H5N1)	1133	19
NA|PP755591.1|A/cattle/Texas/24-008749-003/2024(H5N1)	1134	19
NA|PP755591.1|A/cattle/Texas/24-008749-003/2024(H5N1)	1135	19
NA|PP755591.1|A/cattle/Texas/24-008749-003/2024(H5N1)	1136	17
NA|PP755591.1|A/cattle/Texas/24-008749-003/2024(H5N1)	1137	17
NA|PP755591.1|A/cattle/Texas/24-008749-003/2024(H5N1)	1138	14
NA|PP755591.1|A/cattle/Texas/24-008749-003/2024(H5N1)	1139	14
NA|PP755591.1|A/cattle/Texas/24-008749-003/2024(H5N1)	1140	14
NA|PP755591.1|A/cattle/Texas/24-008749-003/2024(H5N1)	1141	14
NA|PP755591.1|A/cattle/Texas/24-008749-003/2024(H5N1)	1142	14
NA|PP755591.1|A/cattle/Texas/24-008749-003/2024(H5N1)	1143	14
NA|PP755591.1|A/cattle/Texas/24-008749-003/2024(H5N1)	1144	14
NA|PP755591.1|A/cattle/Texas/24-008749-003/2024(H5N1)	1145	14
NA|PP755591.1|A/cattle/Texas/24-008749-003/2024(H5N1)	1146	14
NA|PP755591.1|A/cattle/Texas/24-008749-003/2024(H5N1)	1147	13
NA|PP755591.1|A/cattle/Texas/24-008749-003/2024(H5N1)	1148	13
NA|PP755591.1|A/cattle/Texas/24-008749-003/2024(H5N1)	1149	13
NA|PP755591.1|A/cattle/Texas/24-008749-003/2024(H5N1)	1150	13
NA|PP755591.1|A/cattle/Texas/24-008749-003/2024(H5N1)	1151	13
NA|PP755591.1|A/cattle/Texas/24-008749-003/2024(H5N1)	1152	11
NA|PP755591.1|A/cattle/Texas/24-008749-003/2024(H5N1)	1153	11
NA|PP755591.1|A/cattle/Texas/24-008749-003/2024(H5N1)	1154	11
NA|PP755591.1|A/cattle/Texas/24-008749-003/2024(H5N1)	1155	10
NA|PP755591.1|A/cattle/Texas/24-008749-003/2024(H5N1)	1156	10
NA|PP755591.1|A/cattle/Texas/24-008749-003/2024(H5N1)	1157	10
NA|PP755591.1|A/cattle/Texas/24-008749-003/2024(H5N1)	1158	8
NA|PP755591.1|A/cattle/Texas/24-008749-003/2024(H5N1)	1159	8
NA|PP755591.1|A/cattle/Texas/24-008749-003/2024(H5N1)	1160	8
NA|PP755591.1|A/cattle/Texas/24-008749-003/2024(H5N1)	1161	7
NA|PP755591.1|A/cattle/Texas/24-008749-003/2024(H5N1)	1162	7
NA|PP755591.1|A/cattle/Texas/24-008749-003/2024(H5N1)	1163	7
NA|PP755591.1|A/cattle/Texas/24-008749-003/2024(H5N1)	1164	7
NA|PP755591.1|A/cattle/Texas/24-008749-003/2024(H5N1)	1165	7
NA|PP755591.1|A/cattle/Texas/24-008749-003/2024(H5N1)	1166	7
NA|PP755591.1|A/cattle/Texas/24-008749-003/2024(H5N1)	1167	7
NA|PP755591.1|A/cattle/Texas/24-008749-003/2024(H5N1)	1168	9
NA|PP755591.1|A/cattle/Texas/24-008749-003/2024(H5N1)	1169	9
NA|PP755591.1|A/cattle/Texas/24-008749-003/2024(H5N1)	1170	12
NA|PP755591.1|A/cattle/Texas/24-008749-003/2024(H5N1)	1171	12
NA|PP755591.1|A/cattle/Texas/24-008749-003/2024(H5N1)	1172	12
NA|PP755591.1|A/cattle/Texas/24-008749-003/2024(H5N1)	1173	12
NA|PP755591.1|A/cattle/Texas/24-008749-003/2024(H5N1)	1174	12
NA|PP755591.1|A/cattle/Texas/24-008749-003/2024(H5N1)	1175	12
NA|PP755591.1|A/cattle/Texas/24-008749-003/2024(H5N1)	1176	12
NA|PP755591.1|A/cattle/Texas/24-008749-003/2024(H5N1)	1177	12
NA|PP755591.1|A/cattle/Texas/24-008749-003/2024(H5N1)	1178	12
NA|PP755591.1|A/cattle/Texas/24-008749-003/2024(H5N1)	1179	12
NA|PP755591.1|A/cattle/Texas/24-008749-003/2024(H5N1)	1180	12
NA|PP755591.1|A/cattle/Texas/24-008749-003/2024(H5N1)	1181	12
NA|PP755591.1|A/cattle/Texas/24-008749-003/2024(H5N1)	1182	12
NA|PP755591.1|A/cattle/Texas/24-008749-003/2024(H5N1)	1183	12
NA|PP755591.1|A/cattle/Texas/24-008749-003/2024(H5N1)	1184	12
NA|PP755591.1|A/cattle/Texas/24-008749-003/2024(H5N1)	1185	12
NA|PP755591.1|A/cattle/Texas/24-008749-003/2024(H5N1)	1186	13
NA|PP755591.1|A/cattle/Texas/24-008749-003/2024(H5N1)	1187	13
NA|PP755591.1|A/cattle/Texas/24-008749-003/2024(H5N1)	1188	13
NA|PP755591.1|A/cattle/Texas/24-008749-003/2024(H5N1)	1189	13
NA|PP755591.1|A/cattle/Texas/24-008749-003/2024(H5N1)	1190	13
NA|PP755591.1|A/cattle/Texas/24-008749-003/2024(H5N1)	1191	12
NA|PP755591.1|A/cattle/Texas/24-008749-003/2024(H5N1)	1192	12
NA|PP755591.1|A/cattle/Texas/24-008749-003/2024(H5N1)	1193	12
NA|PP755591.1|A/cattle/Texas/24-008749-003/2024(H5N1)	1194	12
NA|PP755591.1|A/cattle/Texas/24-008749-003/2024(H5N1)	1195	12
NA|PP755591.1|A/cattle/Texas/24-008749-003/2024(H5N1)	1196	17
NA|PP755591.1|A/cattle/Texas/24-008749-003/2024(H5N1)	1197	17
NA|PP755591.1|A/cattle/Texas/24-008749-003/2024(H5N1)	1198	17
NA|PP755591.1|A/cattle/Texas/24-008749-003/2024(H5N1)	1199	17
NA|PP755591.1|A/cattle/Texas/24-008749-003/2024(H5N1)	1200	17
NA|PP755591.1|A/cattle/Texas/24-008749-003/2024(H5N1)	1201	23
NA|PP755591.1|A/cattle/Texas/24-008749-003/2024(H5N1)	1202	23
NA|PP755591.1|A/cattle/Texas/24-008749-003/2024(H5N1)	1203	23
NA|PP755591.1|A/cattle/Texas/24-008749-003/2024(H5N1)	1204	23
NA|PP755591.1|A/cattle/Texas/24-008749-003/2024(H5N1)	1205	18
NA|PP755591.1|A/cattle/Texas/24-008749-003/2024(H5N1)	1206	18
NA|PP755591.1|A/cattle/Texas/24-008749-003/2024(H5N1)	1207	18
NA|PP755591.1|A/cattle/Texas/24-008749-003/2024(H5N1)	1208	18
NA|PP755591.1|A/cattle/Texas/24-008749-003/2024(H5N1)	1209	18
NA|PP755591.1|A/cattle/Texas/24-008749-003/2024(H5N1)	1210	18
NA|PP755591.1|A/cattle/Texas/24-008749-003/2024(H5N1)	1211	18
NA|PP755591.1|A/cattle/Texas/24-008749-003/2024(H5N1)	1212	18
NA|PP755591.1|A/cattle/Texas/24-008749-003/2024(H5N1)	1213	18
NA|PP755591.1|A/cattle/Texas/24-008749-003/2024(H5N1)	1214	18
NA|PP755591.1|A/cattle/Texas/24-008749-003/2024(H5N1)	1215	18
NA|PP755591.1|A/cattle/Texas/24-008749-003/2024(H5N1)	1216	18
NA|PP755591.1|A/cattle/Texas/24-008749-003/2024(H5N1)	1217	18
NA|PP755591.1|A/cattle/Texas/24-008749-003/2024(H5N1)	1218	18
NA|PP755591.1|A/cattle/Texas/24-008749-003/2024(H5N1)	1219	18
NA|PP755591.1|A/cattle/Texas/24-008749-003/2024(H5N1)	1220	18
NA|PP755591.1|A/cattle/Texas/24-008749-003/2024(H5N1)	1221	18
NA|PP755591.1|A/cattle/Texas/24-008749-003/2024(H5N1)	1222	18
NA|PP755591.1|A/cattle/Texas/24-008749-003/2024(H5N1)	1223	18
NA|PP755591.1|A/cattle/Texas/24-008749-003/2024(H5N1)	1224	18
NA|PP755591.1|A/cattle/Texas/24-008749-003/2024(H5N1)	1225	18
NA|PP755591.1|A/cattle/Texas/24-008749-003/2024(H5N1)	1226	21
NA|PP755591.1|A/cattle/Texas/24-008749-003/2024(H5N1)	1227	21
NA|PP755591.1|A/cattle/Texas/24-008749-003/2024(H5N1)	1228	22
NA|PP755591.1|A/cattle/Texas/24-008749-003/2024(H5N1)	1229	22
NA|PP755591.1|A/cattle/Texas/24-008749-003/2024(H5N1)	1230	22
NA|PP755591.1|A/cattle/Texas/24-008749-003/2024(H5N1)	1231	22
NA|PP755591.1|A/cattle/Texas/24-008749-003/2024(H5N1)	1232	23
NA|PP755591.1|A/cattle/Texas/24-008749-003/2024(H5N1)	1233	23
NA|PP755591.1|A/cattle/Texas/24-008749-003/2024(H5N1)	1234	23
NA|PP755591.1|A/cattle/Texas/24-008749-003/2024(H5N1)	1235	23
NA|PP755591.1|A/cattle/Texas/24-008749-003/2024(H5N1)	1236	23
NA|PP755591.1|A/cattle/Texas/24-008749-003/2024(H5N1)	1237	23
NA|PP755591.1|A/cattle/Texas/24-008749-003/2024(H5N1)	1238	23
NA|PP755591.1|A/cattle/Texas/24-008749-003/2024(H5N1)	1239	23
NA|PP755591.1|A/cattle/Texas/24-008749-003/2024(H5N1)	1240	26
NA|PP755591.1|A/cattle/Texas/24-008749-003/2024(H5N1)	1241	26
NA|PP755591.1|A/cattle/Texas/24-008749-003/2024(H5N1)	1242	26
NA|PP755591.1|A/cattle/Texas/24-008749-003/2024(H5N1)	1243	27
NA|PP755591.1|A/cattle/Texas/24-008749-003/2024(H5N1)	1244	27
NA|PP755591.1|A/cattle/Texas/24-008749-003/2024(H5N1)	1245	32
NA|PP755591.1|A/cattle/Texas/24-008749-003/2024(H5N1)	1246	41
NA|PP755591.1|A/cattle/Texas/24-008749-003/2024(H5N1)	1247	41
NA|PP755591.1|A/cattle/Texas/24-008749-003/2024(H5N1)	1248	42
NA|PP755591.1|A/cattle/Texas/24-008749-003/2024(H5N1)	1249	42
NA|PP755591.1|A/cattle/Texas/24-008749-003/2024(H5N1)	1250	50
NA|PP755591.1|A/cattle/Texas/24-008749-003/2024(H5N1)	1251	52
NA|PP755591.1|A/cattle/Texas/24-008749-003/2024(H5N1)	1252	52
NA|PP755591.1|A/cattle/Texas/24-008749-003/2024(H5N1)	1253	52
NA|PP755591.1|A/cattle/Texas/24-008749-003/2024(H5N1)	1254	52
NA|PP755591.1|A/cattle/Texas/24-008749-003/2024(H5N1)	1255	51
NA|PP755591.1|A/cattle/Texas/24-008749-003/2024(H5N1)	1256	54
NA|PP755591.1|A/cattle/Texas/24-008749-003/2024(H5N1)	1257	57
NA|PP755591.1|A/cattle/Texas/24-008749-003/2024(H5N1)	1258	58
NA|PP755591.1|A/cattle/Texas/24-008749-003/2024(H5N1)	1259	58
NA|PP755591.1|A/cattle/Texas/24-008749-003/2024(H5N1)	1260	58
NA|PP755591.1|A/cattle/Texas/24-008749-003/2024(H5N1)	1261	59
NA|PP755591.1|A/cattle/Texas/24-008749-003/2024(H5N1)	1262	59
NA|PP755591.1|A/cattle/Texas/24-008749-003/2024(H5N1)	1263	75
NA|PP755591.1|A/cattle/Texas/24-008749-003/2024(H5N1)	1264	75
NA|PP755591.1|A/cattle/Texas/24-008749-003/2024(H5N1)	1265	75
NA|PP755591.1|A/cattle/Texas/24-008749-003/2024(H5N1)	1266	75
NA|PP755591.1|A/cattle/Texas/24-008749-003/2024(H5N1)	1267	75
NA|PP755591.1|A/cattle/Texas/24-008749-003/2024(H5N1)	1268	83
NA|PP755591.1|A/cattle/Texas/24-008749-003/2024(H5N1)	1269	83
NA|PP755591.1|A/cattle/Texas/24-008749-003/2024(H5N1)	1270	83
NA|PP755591.1|A/cattle/Texas/24-008749-003/2024(H5N1)	1271	83
NA|PP755591.1|A/cattle/Texas/24-008749-003/2024(H5N1)	1272	83
NA|PP755591.1|A/cattle/Texas/24-008749-003/2024(H5N1)	1273	85
NA|PP755591.1|A/cattle/Texas/24-008749-003/2024(H5N1)	1274	85
NA|PP755591.1|A/cattle/Texas/24-008749-003/2024(H5N1)	1275	85
NA|PP755591.1|A/cattle/Texas/24-008749-003/2024(H5N1)	1276	85
NA|PP755591.1|A/cattle/Texas/24-008749-003/2024(H5N1)	1277	85
NA|PP755591.1|A/cattle/Texas/24-008749-003/2024(H5N1)	1278	84
NA|PP755591.1|A/cattle/Texas/24-008749-003/2024(H5N1)	1279	84
NA|PP755591.1|A/cattle/Texas/24-008749-003/2024(H5N1)	1280	84
NA|PP755591.1|A/cattle/Texas/24-008749-003/2024(H5N1)	1281	84
NA|PP755591.1|A/cattle/Texas/24-008749-003/2024(H5N1)	1282	84
NA|PP755591.1|A/cattle/Texas/24-008749-003/2024(H5N1)	1283	88
NA|PP755591.1|A/cattle/Texas/24-008749-003/2024(H5N1)	1284	89
NA|PP755591.1|A/cattle/Texas/24-008749-003/2024(H5N1)	1285	90
NA|PP755591.1|A/cattle/Texas/24-008749-003/2024(H5N1)	1286	90
NA|PP755591.1|A/cattle/Texas/24-008749-003/2024(H5N1)	1287	90
NA|PP755591.1|A/cattle/Texas/24-008749-003/2024(H5N1)	1288	90
NA|PP755591.1|A/cattle/Texas/24-008749-003/2024(H5N1)	1289	91
NA|PP755591.1|A/cattle/Texas/24-008749-003/2024(H5N1)	1290	95
NA|PP755591.1|A/cattle/Texas/24-008749-003/2024(H5N1)	1291	125
NA|PP755591.1|A/cattle/Texas/24-008749-003/2024(H5N1)	1292	130
NA|PP755591.1|A/cattle/Texas/24-008749-003/2024(H5N1)	1293	130
NA|PP755591.1|A/cattle/Texas/24-008749-003/2024(H5N1)	1294	130
NA|PP755591.1|A/cattle/Texas/24-008749-003/2024(H5N1)	1295	130
NA|PP755591.1|A/cattle/Texas/24-008749-003/2024(H5N1)	1296	130
NA|PP755591.1|A/cattle/Texas/24-008749-003/2024(H5N1)	1297	130
NA|PP755591.1|A/cattle/Texas/24-008749-003/2024(H5N1)	1298	130
NA|PP755591.1|A/cattle/Texas/24-008749-003/2024(H5N1)	1299	130
NA|PP755591.1|A/cattle/Texas/24-008749-003/2024(H5N1)	1300	130
NA|PP755591.1|A/cattle/Texas/24-008749-003/2024(H5N1)	1301	130
NA|PP755591.1|A/cattle/Texas/24-008749-003/2024(H5N1)	1302	130
NA|PP755591.1|A/cattle/Texas/24-008749-003/2024(H5N1)	1303	130
NA|PP755591.1|A/cattle/Texas/24-008749-003/2024(H5N1)	1304	131
NA|PP755591.1|A/cattle/Texas/24-008749-003/2024(H5N1)	1305	131
NA|PP755591.1|A/cattle/Texas/24-008749-003/2024(H5N1)	1306	135
NA|PP755591.1|A/cattle/Texas/24-008749-003/2024(H5N1)	1307	135
NA|PP755591.1|A/cattle/Texas/24-008749-003/2024(H5N1)	1308	135
NA|PP755591.1|A/cattle/Texas/24-008749-003/2024(H5N1)	1309	135
NA|PP755591.1|A/cattle/Texas/24-008749-003/2024(H5N1)	1310	136
NA|PP755591.1|A/cattle/Texas/24-008749-003/2024(H5N1)	1311	136
NA|PP755591.1|A/cattle/Texas/24-008749-003/2024(H5N1)	1312	136
NA|PP755591.1|A/cattle/Texas/24-008749-003/2024(H5N1)	1313	136
NA|PP755591.1|A/cattle/Texas/24-008749-003/2024(H5N1)	1314	131
NA|PP755591.1|A/cattle/Texas/24-008749-003/2024(H5N1)	1315	133
NA|PP755591.1|A/cattle/Texas/24-008749-003/2024(H5N1)	1316	133
NA|PP755591.1|A/cattle/Texas/24-008749-003/2024(H5N1)	1317	133
NA|PP755591.1|A/cattle/Texas/24-008749-003/2024(H5N1)	1318	133
NA|PP755591.1|A/cattle/Texas/24-008749-003/2024(H5N1)	1319	133
NA|PP755591.1|A/cattle/Texas/24-008749-003/2024(H5N1)	1320	133
NA|PP755591.1|A/cattle/Texas/24-008749-003/2024(H5N1)	1321	136
NA|PP755591.1|A/cattle/Texas/24-008749-003/2024(H5N1)	1322	136
NA|PP755591.1|A/cattle/Texas/24-008749-003/2024(H5N1)	1323	138
NA|PP755591.1|A/cattle/Texas/24-008749-003/2024(H5N1)	1324	138
NA|PP755591.1|A/cattle/Texas/24-008749-003/2024(H5N1)	1325	138
NA|PP755591.1|A/cattle/Texas/24-008749-003/2024(H5N1)	1326	138
NA|PP755591.1|A/cattle/Texas/24-008749-003/2024(H5N1)	1327	138
NA|PP755591.1|A/cattle/Texas/24-008749-003/2024(H5N1)	1328	138
NA|PP755591.1|A/cattle/Texas/24-008749-003/2024(H5N1)	1329	138
NA|PP755591.1|A/cattle/Texas/24-008749-003/2024(H5N1)	1330	140
NA|PP755591.1|A/cattle/Texas/24-008749-003/2024(H5N1)	1331	140
NA|PP755591.1|A/cattle/Texas/24-008749-003/2024(H5N1)	1332	140
NA|PP755591.1|A/cattle/Texas/24-008749-003/2024(H5N1)	1333	141
NA|PP755591.1|A/cattle/Texas/24-008749-003/2024(H5N1)	1334	141
NA|PP755591.1|A/cattle/Texas/24-008749-003/2024(H5N1)	1335	141
NA|PP755591.1|A/cattle/Texas/24-008749-003/2024(H5N1)	1336	141
NA|PP755591.1|A/cattle/Texas/24-008749-003/2024(H5N1)	1337	141
NA|PP755591.1|A/cattle/Texas/24-008749-003/2024(H5N1)	1338	141
NA|PP755591.1|A/cattle/Texas/24-008749-003/2024(H5N1)	1339	141
NA|PP755591.1|A/cattle/Texas/24-008749-003/2024(H5N1)	1340	141
NA|PP755591.1|A/cattle/Texas/24-008749-003/2024(H5N1)	1341	141
NA|PP755591.1|A/cattle/Texas/24-008749-003/2024(H5N1)	1342	143
NA|PP755591.1|A/cattle/Texas/24-008749-003/2024(H5N1)	1343	143
NA|PP755591.1|A/cattle/Texas/24-008749-003/2024(H5N1)	1344	143
NA|PP755591.1|A/cattle/Texas/24-008749-003/2024(H5N1)	1345	145
NA|PP755591.1|A/cattle/Texas/24-008749-003/2024(H5N1)	1346	145
NA|PP755591.1|A/cattle/Texas/24-008749-003/2024(H5N1)	1347	142
NA|PP755591.1|A/cattle/Texas/24-008749-003/2024(H5N1)	1348	142
NA|PP755591.1|A/cattle/Texas/24-008749-003/2024(H5N1)	1349	142
NA|PP755591.1|A/cattle/Texas/24-008749-003/2024(H5N1)	1350	136
NA|PP755591.1|A/cattle/Texas/24-008749-003/2024(H5N1)	1351	136
NA|PP755591.1|A/cattle/Texas/24-008749-003/2024(H5N1)	1352	136
NA|PP755591.1|A/cattle/Texas/24-008749-003/2024(H5N1)	1353	136
NA|PP755591.1|A/cattle/Texas/24-008749-003/2024(H5N1)	1354	136
NA|PP755591.1|A/cattle/Texas/24-008749-003/2024(H5N1)	1355	136
NA|PP755591.1|A/cattle/Texas/24-008749-003/2024(H5N1)	1356	136
NA|PP755591.1|A/cattle/Texas/24-008749-003/2024(H5N1)	1357	136
NA|PP755591.1|A/cattle/Texas/24-008749-003/2024(H5N1)	1358	136
NA|PP755591.1|A/cattle/Texas/24-008749-003/2024(H5N1)	1359	136
NA|PP755591.1|A/cattle/Texas/24-008749-003/2024(H5N1)	1360	136
NA|PP755591.1|A/cattle/Texas/24-008749-003/2024(H5N1)	1361	136
NA|PP755591.1|A/cattle/Texas/24-008749-003/2024(H5N1)	1362	136
NA|PP755591.1|A/cattle/Texas/24-008749-003/2024(H5N1)	1363	136
NA|PP755591.1|A/cattle/Texas/24-008749-003/2024(H5N1)	1364	136
NA|PP755591.1|A/cattle/Texas/24-008749-003/2024(H5N1)	1365	142
NA|PP755591.1|A/cattle/Texas/24-008749-003/2024(H5N1)	1366	142
NA|PP755591.1|A/cattle/Texas/24-008749-003/2024(H5N1)	1367	142
NA|PP755591.1|A/cattle/Texas/24-008749-003/2024(H5N1)	1368	142
NA|PP755591.1|A/cattle/Texas/24-008749-003/2024(H5N1)	1369	142
NA|PP755591.1|A/cattle/Texas/24-008749-003/2024(H5N1)	1370	142
NA|PP755591.1|A/cattle/Texas/24-008749-003/2024(H5N1)	1371	142
NA|PP755591.1|A/cattle/Texas/24-008749-003/2024(H5N1)	1372	142
NA|PP755591.1|A/cattle/Texas/24-008749-003/2024(H5N1)	1373	142
NA|PP755591.1|A/cattle/Texas/24-008749-003/2024(H5N1)	1374	142
NA|PP755591.1|A/cattle/Texas/24-008749-003/2024(H5N1)	1375	142
NA|PP755591.1|A/cattle/Texas/24-008749-003/2024(H5N1)	1376	141
NA|PP755591.1|A/cattle/Texas/24-008749-003/2024(H5N1)	1377	139
NA|PP755591.1|A/cattle/Texas/24-008749-003/2024(H5N1)	1378	137
NA|PP755591.1|A/cattle/Texas/24-008749-003/2024(H5N1)	1379	136
NA|PP755591.1|A/cattle/Texas/24-008749-003/2024(H5N1)	1380	135
NA|PP755591.1|A/cattle/Texas/24-008749-003/2024(H5N1)	1381	135
NA|PP755591.1|A/cattle/Texas/24-008749-003/2024(H5N1)	1382	135
NA|PP755591.1|A/cattle/Texas/24-008749-003/2024(H5N1)	1383	133
NA|PP755591.1|A/cattle/Texas/24-008749-003/2024(H5N1)	1384	135
NA|PP755591.1|A/cattle/Texas/24-008749-003/2024(H5N1)	1385	135
NA|PP755591.1|A/cattle/Texas/24-008749-003/2024(H5N1)	1386	135
NA|PP755591.1|A/cattle/Texas/24-008749-003/2024(H5N1)	1387	134
NA|PP755591.1|A/cattle/Texas/24-008749-003/2024(H5N1)	1388	97
NA|PP755591.1|A/cattle/Texas/24-008749-003/2024(H5N1)	1389	97
NA|PP755591.1|A/cattle/Texas/24-008749-003/2024(H5N1)	1390	96
NA|PP755591.1|A/cattle/Texas/24-008749-003/2024(H5N1)	1391	96
NA|PP755591.1|A/cattle/Texas/24-008749-003/2024(H5N1)	1392	96
NA|PP755591.1|A/cattle/Texas/24-008749-003/2024(H5N1)	1393	91
NA|PP755591.1|A/cattle/Texas/24-008749-003/2024(H5N1)	1394	91
NA|PP755591.1|A/cattle/Texas/24-008749-003/2024(H5N1)	1395	90
NA|PP755591.1|A/cattle/Texas/24-008749-003/2024(H5N1)	1396	89
NA|PP755591.1|A/cattle/Texas/24-008749-003/2024(H5N1)	1397	89
NA|PP755591.1|A/cattle/Texas/24-008749-003/2024(H5N1)	1398	89
NA|PP755591.1|A/cattle/Texas/24-008749-003/2024(H5N1)	1399	88
NA|PP755591.1|A/cattle/Texas/24-008749-003/2024(H5N1)	1400	88
NA|PP755591.1|A/cattle/Texas/24-008749-003/2024(H5N1)	1401	80
NA|PP755591.1|A/cattle/Texas/24-008749-003/2024(H5N1)	1402	80
NA|PP755591.1|A/cattle/Texas/24-008749-003/2024(H5N1)	1403	80
NA|PP755591.1|A/cattle/Texas/24-008749-003/2024(H5N1)	1404	80
NA|PP755591.1|A/cattle/Texas/24-008749-003/2024(H5N1)	1405	80
NA|PP755591.1|A/cattle/Texas/24-008749-003/2024(H5N1)	1406	73
NA|PP755591.1|A/cattle/Texas/24-008749-003/2024(H5N1)	1407	60
NA|PP755591.1|A/cattle/Texas/24-008749-003/2024(H5N1)	1408	58
NA|PP755591.1|A/cattle/Texas/24-008749-003/2024(H5N1)	1409	57
NA|PP755591.1|A/cattle/Texas/24-008749-003/2024(H5N1)	1410	57
