HA|PP755589.1|A/cattle/Texas/24-008749-003/2024(H5N1)	1	2647
HA|PP755589.1|A/cattle/Texas/24-008749-003/2024(H5N1)	2	2652
HA|PP755589.1|A/cattle/Texas/24-008749-003/2024(H5N1)	3	2712
HA|PP755589.1|A/cattle/Texas/24-008749-003/2024(H5N1)	4	2716
HA|PP755589.1|A/cattle/Texas/24-008749-003/2024(H5N1)	5	2726
HA|PP755589.1|A/cattle/Texas/24-008749-003/2024(H5N1)	6	2738
HA|PP755589.1|A/cattle/Texas/24-008749-003/2024(H5N1)	7	2762
HA|PP755589.1|A/cattle/Texas/24-008749-003/2024(H5N1)	8	3038
HA|PP755589.1|A/cattle/Texas/24-008749-003/2024(H5N1)	9	3063
HA|PP755589.1|A/cattle/Texas/24-008749-003/2024(H5N1)	10	3070
HA|PP755589.1|A/cattle/Texas/24-008749-003/2024(H5N1)	11	3116
HA|PP755589.1|A/cattle/Texas/24-008749-003/2024(H5N1)	12	3118
HA|PP755589.1|A/cattle/Texas/24-008749-003/2024(H5N1)	13	3270
HA|PP755589.1|A/cattle/Texas/24-008749-003/2024(H5N1)	14	3288
HA|PP755589.1|A/cattle/Texas/24-008749-003/2024(H5N1)	15	3297
HA|PP755589.1|A/cattle/Texas/24-008749-003/2024(H5N1)	16	3299
HA|PP755589.1|A/cattle/Texas/24-008749-003/2024(H5N1)	17	3321
HA|PP755589.1|A/cattle/Texas/24-008749-003/2024(H5N1)	18	3325
HA|PP755589.1|A/cattle/Texas/24-008749-003/2024(H5N1)	19	3402
HA|PP755589.1|A/cattle/Texas/24-008749-003/2024(H5N1)	20	3407
HA|PP755589.1|A/cattle/Texas/24-008749-003/2024(H5N1)	21	3432
HA|PP755589.1|A/cattle/Texas/24-008749-003/2024(H5N1)	22	3436
HA|PP755589.1|A/cattle/Texas/24-008749-003/2024(H5N1)	23	3444
HA|PP755589.1|A/cattle/Texas/24-008749-003/2024(H5N1)	24	3447
HA|PP755589.1|A/cattle/Texas/24-008749-003/2024(H5N1)	25	3463
HA|PP755589.1|A/cattle/Texas/24-008749-003/2024(H5N1)	26	3508
HA|PP755589.1|A/cattle/Texas/24-008749-003/2024(H5N1)	27	3510
HA|PP755589.1|A/cattle/Texas/24-008749-003/2024(H5N1)	28	3527
HA|PP755589.1|A/cattle/Texas/24-008749-003/2024(H5N1)	29	3639
HA|PP755589.1|A/cattle/Texas/24-008749-003/2024(H5N1)	30	3683
HA|PP755589.1|A/cattle/Texas/24-008749-003/2024(H5N1)	31	3685
HA|PP755589.1|A/cattle/Texas/24-008749-003/2024(H5N1)	32	3690
HA|PP755589.1|A/cattle/Texas/24-008749-003/2024(H5N1)	33	3763
HA|PP755589.1|A/cattle/Texas/24-008749-003/2024(H5N1)	34	3763
HA|PP755589.1|A/cattle/Texas/24-008749-003/2024(H5N1)	35	3793
HA|PP755589.1|A/cattle/Texas/24-008749-003/2024(H5N1)	36	3820
HA|PP755589.1|A/cattle/Texas/24-008749-003/2024(H5N1)	37	3831
HA|PP755589.1|A/cattle/Texas/24-008749-003/2024(H5N1)	38	3872
HA|PP755589.1|A/cattle/Texas/24-008749-003/2024(H5N1)	39	4101
HA|PP755589.1|A/cattle/Texas/24-008749-003/2024(H5N1)	40	4139
HA|PP755589.1|A/cattle/Texas/24-008749-003/2024(H5N1)	41	4139
HA|PP755589.1|A/cattle/Texas/24-008749-003/2024(H5N1)	42	4151
HA|PP755589.1|A/cattle/Texas/24-008749-003/2024(H5N1)	43	4179
HA|PP755589.1|A/cattle/Texas/24-008749-003/2024(H5N1)	44	4225
HA|PP755589.1|A/cattle/Texas/24-008749-003/2024(H5N1)	45	4226
HA|PP755589.1|A/cattle/Texas/24-008749-003/2024(H5N1)	46	4227
HA|PP755589.1|A/cattle/Texas/24-008749-003/2024(H5N1)	47	4256
HA|PP755589.1|A/cattle/Texas/24-008749-003/2024(H5N1)	48	4257
HA|PP755589.1|A/cattle/Texas/24-008749-003/2024(H5N1)	49	4277
HA|PP755589.1|A/cattle/Texas/24-008749-003/2024(H5N1)	50	4295
HA|PP755589.1|A/cattle/Texas/24-008749-003/2024(H5N1)	51	4307
HA|PP755589.1|A/cattle/Texas/24-008749-003/2024(H5N1)	52	4308
HA|PP755589.1|A/cattle/Texas/24-008749-003/2024(H5N1)	53	4304
HA|PP755589.1|A/cattle/Texas/24-008749-003/2024(H5N1)	54	4563
HA|PP755589.1|A/cattle/Texas/24-008749-003/2024(H5N1)	55	4563
HA|PP755589.1|A/cattle/Texas/24-008749-003/2024(H5N1)	56	4566
HA|PP755589.1|A/cattle/Texas/24-008749-003/2024(H5N1)	57	4580
HA|PP755589.1|A/cattle/Texas/24-008749-003/2024(H5N1)	58	4594
HA|PP755589.1|A/cattle/Texas/24-008749-003/2024(H5N1)	59	4643
HA|PP755589.1|A/cattle/Texas/24-008749-003/2024(H5N1)	60	4646
HA|PP755589.1|A/cattle/Texas/24-008749-003/2024(H5N1)	61	4646
HA|PP755589.1|A/cattle/Texas/24-008749-003/2024(H5N1)	62	4660
HA|PP755589.1|A/cattle/Texas/24-008749-003/2024(H5N1)	63	4632
HA|PP755589.1|A/cattle/Texas/24-008749-003/2024(H5N1)	64	4740
HA|PP755589.1|A/cattle/Texas/24-008749-003/2024(H5N1)	65	4753
HA|PP755589.1|A/cattle/Texas/24-008749-003/2024(H5N1)	66	4853
HA|PP755589.1|A/cattle/Texas/24-008749-003/2024(H5N1)	67	4873
HA|PP755589.1|A/cattle/Texas/24-008749-003/2024(H5N1)	68	4948
HA|PP755589.1|A/cattle/Texas/24-008749-003/2024(H5N1)	69	4998
HA|PP755589.1|A/cattle/Texas/24-008749-003/2024(H5N1)	70	5061
HA|PP755589.1|A/cattle/Texas/24-008749-003/2024(H5N1)	71	5093
HA|PP755589.1|A/cattle/Texas/24-008749-003/2024(H5N1)	72	5101
HA|PP755589.1|A/cattle/Texas/24-008749-003/2024(H5N1)	73	5108
HA|PP755589.1|A/cattle/Texas/24-008749-003/2024(H5N1)	74	5186
HA|PP755589.1|A/cattle/Texas/24-008749-003/2024(H5N1)	75	5203
HA|PP755589.1|A/cattle/Texas/24-008749-003/2024(H5N1)	76	5219
HA|PP755589.1|A/cattle/Texas/24-008749-003/2024(H5N1)	77	5226
HA|PP755589.1|A/cattle/Texas/24-008749-003/2024(H5N1)	78	5362
HA|PP755589.1|A/cattle/Texas/24-008749-003/2024(H5N1)	79	5363
HA|PP755589.1|A/cattle/Texas/24-008749-003/2024(H5N1)	80	5405
HA|PP755589.1|A/cattle/Texas/24-008749-003/2024(H5N1)	81	5415
HA|PP755589.1|A/cattle/Texas/24-008749-003/2024(H5N1)	82	5415
HA|PP755589.1|A/cattle/Texas/24-008749-003/2024(H5N1)	83	5472
HA|PP755589.1|A/cattle/Texas/24-008749-003/2024(H5N1)	84	5474
HA|PP755589.1|A/cattle/Texas/24-008749-003/2024(H5N1)	85	5479
HA|PP755589.1|A/cattle/Texas/24-008749-003/2024(H5N1)	86	5479
HA|PP755589.1|A/cattle/Texas/24-008749-003/2024(H5N1)	87	5446
HA|PP755589.1|A/cattle/Texas/24-008749-003/2024(H5N1)	88	5682
HA|PP755589.1|A/cattle/Texas/24-008749-003/2024(H5N1)	89	5701
HA|PP755589.1|A/cattle/Texas/24-008749-003/2024(H5N1)	90	5703
HA|PP755589.1|A/cattle/Texas/24-008749-003/2024(H5N1)	91	5721
HA|PP755589.1|A/cattle/Texas/24-008749-003/2024(H5N1)	92	5723
HA|PP755589.1|A/cattle/Texas/24-008749-003/2024(H5N1)	93	5876
HA|PP755589.1|A/cattle/Texas/24-008749-003/2024(H5N1)	94	5901
HA|PP755589.1|A/cattle/Texas/24-008749-003/2024(H5N1)	95	5903
HA|PP755589.1|A/cattle/Texas/24-008749-003/2024(H5N1)	96	5927
HA|PP755589.1|A/cattle/Texas/24-008749-003/2024(H5N1)	97	5881
HA|PP755589.1|A/cattle/Texas/24-008749-003/2024(H5N1)	98	5943
HA|PP755589.1|A/cattle/Texas/24-008749-003/2024(H5N1)	99	5952
HA|PP755589.1|A/cattle/Texas/24-008749-003/2024(H5N1)	100	5950
HA|PP755589.1|A/cattle/Texas/24-008749-003/2024(H5N1)	101	5978
HA|PP755589.1|A/cattle/Texas/24-008749-003/2024(H5N1)	102	5938
HA|PP755589.1|A/cattle/Texas/24-008749-003/2024(H5N1)	103	5956
HA|PP755589.1|A/cattle/Texas/24-008749-003/2024(H5N1)	104	5961
HA|PP755589.1|A/cattle/Texas/24-008749-003/2024(H5N1)	105	5955
HA|PP755589.1|A/cattle/Texas/24-008749-003/2024(H5N1)	106	5986
HA|PP755589.1|A/cattle/Texas/24-008749-003/2024(H5N1)	107	5984
HA|PP755589.1|A/cattle/Texas/24-008749-003/2024(H5N1)	108	6004
HA|PP755589.1|A/cattle/Texas/24-008749-003/2024(H5N1)	109	6016
HA|PP755589.1|A/cattle/Texas/24-008749-003/2024(H5N1)	110	6003
HA|PP755589.1|A/cattle/Texas/24-008749-003/2024(H5N1)	111	6042
HA|PP755589.1|A/cattle/Texas/24-008749-003/2024(H5N1)	112	6045
HA|PP755589.1|A/cattle/Texas/24-008749-003/2024(H5N1)	113	6045
HA|PP755589.1|A/cattle/Texas/24-008749-003/2024(H5N1)	114	6079
HA|PP755589.1|A/cattle/Texas/24-008749-003/2024(H5N1)	115	6112
HA|PP755589.1|A/cattle/Texas/24-008749-003/2024(H5N1)	116	6149
HA|PP755589.1|A/cattle/Texas/24-008749-003/2024(H5N1)	117	6155
HA|PP755589.1|A/cattle/Texas/24-008749-003/2024(H5N1)	118	6149
HA|PP755589.1|A/cattle/Texas/24-008749-003/2024(H5N1)	119	6145
HA|PP755589.1|A/cattle/Texas/24-008749-003/2024(H5N1)	120	6123
HA|PP755589.1|A/cattle/Texas/24-008749-003/2024(H5N1)	121	6141
HA|PP755589.1|A/cattle/Texas/24-008749-003/2024(H5N1)	122	5996
HA|PP755589.1|A/cattle/Texas/24-008749-003/2024(H5N1)	123	5825
HA|PP755589.1|A/cattle/Texas/24-008749-003/2024(H5N1)	124	5836
HA|PP755589.1|A/cattle/Texas/24-008749-003/2024(H5N1)	125	5654
HA|PP755589.1|A/cattle/Texas/24-008749-003/2024(H5N1)	126	5637
HA|PP755589.1|A/cattle/Texas/24-008749-003/2024(H5N1)	127	5660
HA|PP755589.1|A/cattle/Texas/24-008749-003/2024(H5N1)	128	5569
HA|PP755589.1|A/cattle/Texas/24-008749-003/2024(H5N1)	129	5596
HA|PP755589.1|A/cattle/Texas/24-008749-003/2024(H5N1)	130	5570
HA|PP755589.1|A/cattle/Texas/24-008749-003/2024(H5N1)	131	5373
HA|PP755589.1|A/cattle/Texas/24-008749-003/2024(H5N1)	132	5398
HA|PP755589.1|A/cattle/Texas/24-008749-003/2024(H5N1)	133	5661
HA|PP755589.1|A/cattle/Texas/24-008749-003/2024(H5N1)	134	6311
HA|PP755589.1|A/cattle/Texas/24-008749-003/2024(H5N1)	135	5918
HA|PP755589.1|A/cattle/Texas/24-008749-003/2024(H5N1)	136	5922
HA|PP755589.1|A/cattle/Texas/24-008749-003/2024(H5N1)	137	5926
HA|PP755589.1|A/cattle/Texas/24-008749-003/2024(H5N1)	138	5958
HA|PP755589.1|A/cattle/Texas/24-008749-003/2024(H5N1)	139	5990
HA|PP755589.1|A/cattle/Texas/24-008749-003/2024(H5N1)	140	6222
HA|PP755589.1|A/cattle/Texas/24-008749-003/2024(H5N1)	141	6171
HA|PP755589.1|A/cattle/Texas/24-008749-003/2024(H5N1)	142	6110
HA|PP755589.1|A/cattle/Texas/24-008749-003/2024(H5N1)	143	6109
HA|PP755589.1|A/cattle/Texas/24-008749-003/2024(H5N1)	144	6091
HA|PP755589.1|A/cattle/Texas/24-008749-003/2024(H5N1)	145	6026
HA|PP755589.1|A/cattle/Texas/24-008749-003/2024(H5N1)	146	6023
HA|PP755589.1|A/cattle/Texas/24-008749-003/2024(H5N1)	147	6023
HA|PP755589.1|A/cattle/Texas/24-008749-003/2024(H5N1)	148	6107
HA|PP755589.1|A/cattle/Texas/24-008749-003/2024(H5N1)	149	6104
HA|PP755589.1|A/cattle/Texas/24-008749-003/2024(H5N1)	150	6113
HA|PP755589.1|A/cattle/Texas/24-008749-003/2024(H5N1)	151	6106
HA|PP755589.1|A/cattle/Texas/24-008749-003/2024(H5N1)	152	6166
HA|PP755589.1|A/cattle/Texas/24-008749-003/2024(H5N1)	153	6167
HA|PP755589.1|A/cattle/Texas/24-008749-003/2024(H5N1)	154	6140
HA|PP755589.1|A/cattle/Texas/24-008749-003/2024(H5N1)	155	6140
HA|PP755589.1|A/cattle/Texas/24-008749-003/2024(H5N1)	156	6137
HA|PP755589.1|A/cattle/Texas/24-008749-003/2024(H5N1)	157	6148
HA|PP755589.1|A/cattle/Texas/24-008749-003/2024(H5N1)	158	6143
HA|PP755589.1|A/cattle/Texas/24-008749-003/2024(H5N1)	159	5966
HA|PP755589.1|A/cattle/Texas/24-008749-003/2024(H5N1)	160	5965
HA|PP755589.1|A/cattle/Texas/24-008749-003/2024(H5N1)	161	6071
HA|PP755589.1|A/cattle/Texas/24-008749-003/2024(H5N1)	162	6050
HA|PP755589.1|A/cattle/Texas/24-008749-003/2024(H5N1)	163	6060
HA|PP755589.1|A/cattle/Texas/24-008749-003/2024(H5N1)	164	5954
HA|PP755589.1|A/cattle/Texas/24-008749-003/2024(H5N1)	165	5950
HA|PP755589.1|A/cattle/Texas/24-008749-003/2024(H5N1)	166	5953
HA|PP755589.1|A/cattle/Texas/24-008749-003/2024(H5N1)	167	5947
HA|PP755589.1|A/cattle/Texas/24-008749-003/2024(H5N1)	168	5916
HA|PP755589.1|A/cattle/Texas/24-008749-003/2024(H5N1)	169	5912
HA|PP755589.1|A/cattle/Texas/24-008749-003/2024(H5N1)	170	5809
HA|PP755589.1|A/cattle/Texas/24-008749-003/2024(H5N1)	171	5627
HA|PP755589.1|A/cattle/Texas/24-008749-003/2024(H5N1)	172	5607
HA|PP755589.1|A/cattle/Texas/24-008749-003/2024(H5N1)	173	5607
HA|PP755589.1|A/cattle/Texas/24-008749-003/2024(H5N1)	174	5603
HA|PP755589.1|A/cattle/Texas/24-008749-003/2024(H5N1)	175	5707
HA|PP755589.1|A/cattle/Texas/24-008749-003/2024(H5N1)	176	5755
HA|PP755589.1|A/cattle/Texas/24-008749-003/2024(H5N1)	177	5790
HA|PP755589.1|A/cattle/Texas/24-008749-003/2024(H5N1)	178	6363
HA|PP755589.1|A/cattle/Texas/24-008749-003/2024(H5N1)	179	6381
HA|PP755589.1|A/cattle/Texas/24-008749-003/2024(H5N1)	180	6451
HA|PP755589.1|A/cattle/Texas/24-008749-003/2024(H5N1)	181	6458
HA|PP755589.1|A/cattle/Texas/24-008749-003/2024(H5N1)	182	6459
HA|PP755589.1|A/cattle/Texas/24-008749-003/2024(H5N1)	183	6474
HA|PP755589.1|A/cattle/Texas/24-008749-003/2024(H5N1)	184	6398
HA|PP755589.1|A/cattle/Texas/24-008749-003/2024(H5N1)	185	6438
HA|PP755589.1|A/cattle/Texas/24-008749-003/2024(H5N1)	186	6447
HA|PP755589.1|A/cattle/Texas/24-008749-003/2024(H5N1)	187	6455
HA|PP755589.1|A/cattle/Texas/24-008749-003/2024(H5N1)	188	6524
HA|PP755589.1|A/cattle/Texas/24-008749-003/2024(H5N1)	189	6484
HA|PP755589.1|A/cattle/Texas/24-008749-003/2024(H5N1)	190	6318
HA|PP755589.1|A/cattle/Texas/24-008749-003/2024(H5N1)	191	6292
HA|PP755589.1|A/cattle/Texas/24-008749-003/2024(H5N1)	192	6306
HA|PP755589.1|A/cattle/Texas/24-008749-003/2024(H5N1)	193	6309
HA|PP755589.1|A/cattle/Texas/24-008749-003/2024(H5N1)	194	6274
HA|PP755589.1|A/cattle/Texas/24-008749-003/2024(H5N1)	195	6225
HA|PP755589.1|A/cattle/Texas/24-008749-003/2024(H5N1)	196	6224
HA|PP755589.1|A/cattle/Texas/24-008749-003/2024(H5N1)	197	6240
HA|PP755589.1|A/cattle/Texas/24-008749-003/2024(H5N1)	198	6252
HA|PP755589.1|A/cattle/Texas/24-008749-003/2024(H5N1)	199	6276
HA|PP755589.1|A/cattle/Texas/24-008749-003/2024(H5N1)	200	6283
HA|PP755589.1|A/cattle/Texas/24-008749-003/2024(H5N1)	201	6264
HA|PP755589.1|A/cattle/Texas/24-008749-003/2024(H5N1)	202	6251
HA|PP755589.1|A/cattle/Texas/24-008749-003/2024(H5N1)	203	6249
HA|PP755589.1|A/cattle/Texas/24-008749-003/2024(H5N1)	204	6284
HA|PP755589.1|A/cattle/Texas/24-008749-003/2024(H5N1)	205	6086
HA|PP755589.1|A/cattle/Texas/24-008749-003/2024(H5N1)	206	6086
HA|PP755589.1|A/cattle/Texas/24-008749-003/2024(H5N1)	207	6246
HA|PP755589.1|A/cattle/Texas/24-008749-003/2024(H5N1)	208	6282
HA|PP755589.1|A/cattle/Texas/24-008749-003/2024(H5N1)	209	6255
HA|PP755589.1|A/cattle/Texas/24-008749-003/2024(H5N1)	210	6095
HA|PP755589.1|A/cattle/Texas/24-008749-003/2024(H5N1)	211	6102
HA|PP755589.1|A/cattle/Texas/24-008749-003/2024(H5N1)	212	6166
HA|PP755589.1|A/cattle/Texas/24-008749-003/2024(H5N1)	213	6206
HA|PP755589.1|A/cattle/Texas/24-008749-003/2024(H5N1)	214	6354
HA|PP755589.1|A/cattle/Texas/24-008749-003/2024(H5N1)	215	6463
HA|PP755589.1|A/cattle/Texas/24-008749-003/2024(H5N1)	216	6377
HA|PP755589.1|A/cattle/Texas/24-008749-003/2024(H5N1)	217	6387
HA|PP755589.1|A/cattle/Texas/24-008749-003/2024(H5N1)	218	6376
HA|PP755589.1|A/cattle/Texas/24-008749-003/2024(H5N1)	219	6300
HA|PP755589.1|A/cattle/Texas/24-008749-003/2024(H5N1)	220	6281
HA|PP755589.1|A/cattle/Texas/24-008749-003/2024(H5N1)	221	6239
HA|PP755589.1|A/cattle/Texas/24-008749-003/2024(H5N1)	222	6200
HA|PP755589.1|A/cattle/Texas/24-008749-003/2024(H5N1)	223	6214
HA|PP755589.1|A/cattle/Texas/24-008749-003/2024(H5N1)	224	6123
HA|PP755589.1|A/cattle/Texas/24-008749-003/2024(H5N1)	225	6120
HA|PP755589.1|A/cattle/Texas/24-008749-003/2024(H5N1)	226	6318
HA|PP755589.1|A/cattle/Texas/24-008749-003/2024(H5N1)	227	6298
HA|PP755589.1|A/cattle/Texas/24-008749-003/2024(H5N1)	228	6314
HA|PP755589.1|A/cattle/Texas/24-008749-003/2024(H5N1)	229	6182
HA|PP755589.1|A/cattle/Texas/24-008749-003/2024(H5N1)	230	6169
HA|PP755589.1|A/cattle/Texas/24-008749-003/2024(H5N1)	231	6146
HA|PP755589.1|A/cattle/Texas/24-008749-003/2024(H5N1)	232	6111
HA|PP755589.1|A/cattle/Texas/24-008749-003/2024(H5N1)	233	6116
HA|PP755589.1|A/cattle/Texas/24-008749-003/2024(H5N1)	234	6135
HA|PP755589.1|A/cattle/Texas/24-008749-003/2024(H5N1)	235	6159
HA|PP755589.1|A/cattle/Texas/24-008749-003/2024(H5N1)	236	6165
HA|PP755589.1|A/cattle/Texas/24-008749-003/2024(H5N1)	237	6162
HA|PP755589.1|A/cattle/Texas/24-008749-003/2024(H5N1)	238	6158
HA|PP755589.1|A/cattle/Texas/24-008749-003/2024(H5N1)	239	6001
HA|PP755589.1|A/cattle/Texas/24-008749-003/2024(H5N1)	240	6059
HA|PP755589.1|A/cattle/Texas/24-008749-003/2024(H5N1)	241	6073
HA|PP755589.1|A/cattle/Texas/24-008749-003/2024(H5N1)	242	6062
HA|PP755589.1|A/cattle/Texas/24-008749-003/2024(H5N1)	243	6034
HA|PP755589.1|A/cattle/Texas/24-008749-003/2024(H5N1)	244	5926
HA|PP755589.1|A/cattle/Texas/24-008749-003/2024(H5N1)	245	5956
HA|PP755589.1|A/cattle/Texas/24-008749-003/2024(H5N1)	246	5959
HA|PP755589.1|A/cattle/Texas/24-008749-003/2024(H5N1)	247	6006
HA|PP755589.1|A/cattle/Texas/24-008749-003/2024(H5N1)	248	6000
HA|PP755589.1|A/cattle/Texas/24-008749-003/2024(H5N1)	249	5938
HA|PP755589.1|A/cattle/Texas/24-008749-003/2024(H5N1)	250	5934
HA|PP755589.1|A/cattle/Texas/24-008749-003/2024(H5N1)	251	5951
HA|PP755589.1|A/cattle/Texas/24-008749-003/2024(H5N1)	252	5917
HA|PP755589.1|A/cattle/Texas/24-008749-003/2024(H5N1)	253	5938
HA|PP755589.1|A/cattle/Texas/24-008749-003/2024(H5N1)	254	5924
HA|PP755589.1|A/cattle/Texas/24-008749-003/2024(H5N1)	255	6007
HA|PP755589.1|A/cattle/Texas/24-008749-003/2024(H5N1)	256	6007
HA|PP755589.1|A/cattle/Texas/24-008749-003/2024(H5N1)	257	6108
HA|PP755589.1|A/cattle/Texas/24-008749-003/2024(H5N1)	258	6131
HA|PP755589.1|A/cattle/Texas/24-008749-003/2024(H5N1)	259	6127
HA|PP755589.1|A/cattle/Texas/24-008749-003/2024(H5N1)	260	6140
HA|PP755589.1|A/cattle/Texas/24-008749-003/2024(H5N1)	261	6139
HA|PP755589.1|A/cattle/Texas/24-008749-003/2024(H5N1)	262	6087
HA|PP755589.1|A/cattle/Texas/24-008749-003/2024(H5N1)	263	6098
HA|PP755589.1|A/cattle/Texas/24-008749-003/2024(H5N1)	264	6051
HA|PP755589.1|A/cattle/Texas/24-008749-003/2024(H5N1)	265	6132
HA|PP755589.1|A/cattle/Texas/24-008749-003/2024(H5N1)	266	6149
HA|PP755589.1|A/cattle/Texas/24-008749-003/2024(H5N1)	267	6121
HA|PP755589.1|A/cattle/Texas/24-008749-003/2024(H5N1)	268	6113
HA|PP755589.1|A/cattle/Texas/24-008749-003/2024(H5N1)	269	6111
HA|PP755589.1|A/cattle/Texas/24-008749-003/2024(H5N1)	270	6110
HA|PP755589.1|A/cattle/Texas/24-008749-003/2024(H5N1)	271	6139
HA|PP755589.1|A/cattle/Texas/24-008749-003/2024(H5N1)	272	6144
HA|PP755589.1|A/cattle/Texas/24-008749-003/2024(H5N1)	273	5727
HA|PP755589.1|A/cattle/Texas/24-008749-003/2024(H5N1)	274	5616
HA|PP755589.1|A/cattle/Texas/24-008749-003/2024(H5N1)	275	5622
HA|PP755589.1|A/cattle/Texas/24-008749-003/2024(H5N1)	276	6384
HA|PP755589.1|A/cattle/Texas/24-008749-003/2024(H5N1)	277	6386
HA|PP755589.1|A/cattle/Texas/24-008749-003/2024(H5N1)	278	6390
HA|PP755589.1|A/cattle/Texas/24-008749-003/2024(H5N1)	279	6314
HA|PP755589.1|A/cattle/Texas/24-008749-003/2024(H5N1)	280	6281
HA|PP755589.1|A/cattle/Texas/24-008749-003/2024(H5N1)	281	6520
HA|PP755589.1|A/cattle/Texas/24-008749-003/2024(H5N1)	282	6491
HA|PP755589.1|A/cattle/Texas/24-008749-003/2024(H5N1)	283	6525
HA|PP755589.1|A/cattle/Texas/24-008749-003/2024(H5N1)	284	6360
HA|PP755589.1|A/cattle/Texas/24-008749-003/2024(H5N1)	285	5379
HA|PP755589.1|A/cattle/Texas/24-008749-003/2024(H5N1)	286	5395
HA|PP755589.1|A/cattle/Texas/24-008749-003/2024(H5N1)	287	5398
HA|PP755589.1|A/cattle/Texas/24-008749-003/2024(H5N1)	288	5392
HA|PP755589.1|A/cattle/Texas/24-008749-003/2024(H5N1)	289	5443
HA|PP755589.1|A/cattle/Texas/24-008749-003/2024(H5N1)	290	5412
HA|PP755589.1|A/cattle/Texas/24-008749-003/2024(H5N1)	291	5404
HA|PP755589.1|A/cattle/Texas/24-008749-003/2024(H5N1)	292	5361
HA|PP755589.1|A/cattle/Texas/24-008749-003/2024(H5N1)	293	5314
HA|PP755589.1|A/cattle/Texas/24-008749-003/2024(H5N1)	294	5312
HA|PP755589.1|A/cattle/Texas/24-008749-003/2024(H5N1)	295	5299
HA|PP755589.1|A/cattle/Texas/24-008749-003/2024(H5N1)	296	4896
HA|PP755589.1|A/cattle/Texas/24-008749-003/2024(H5N1)	297	4880
HA|PP755589.1|A/cattle/Texas/24-008749-003/2024(H5N1)	298	4892
HA|PP755589.1|A/cattle/Texas/24-008749-003/2024(H5N1)	299	4949
HA|PP755589.1|A/cattle/Texas/24-008749-003/2024(H5N1)	300	4973
HA|PP755589.1|A/cattle/Texas/24-008749-003/2024(H5N1)	301	5338
HA|PP755589.1|A/cattle/Texas/24-008749-003/2024(H5N1)	302	5339
HA|PP755589.1|A/cattle/Texas/24-008749-003/2024(H5N1)	303	5340
HA|PP755589.1|A/cattle/Texas/24-008749-003/2024(H5N1)	304	5371
HA|PP755589.1|A/cattle/Texas/24-008749-003/2024(H5N1)	305	5482
HA|PP755589.1|A/cattle/Texas/24-008749-003/2024(H5N1)	306	5486
HA|PP755589.1|A/cattle/Texas/24-008749-003/2024(H5N1)	307	5506
HA|PP755589.1|A/cattle/Texas/24-008749-003/2024(H5N1)	308	5509
HA|PP755589.1|A/cattle/Texas/24-008749-003/2024(H5N1)	309	5543
HA|PP755589.1|A/cattle/Texas/24-008749-003/2024(H5N1)	310	5563
HA|PP755589.1|A/cattle/Texas/24-008749-003/2024(H5N1)	311	5820
HA|PP755589.1|A/cattle/Texas/24-008749-003/2024(H5N1)	312	5781
HA|PP755589.1|A/cattle/Texas/24-008749-003/2024(H5N1)	313	5751
HA|PP755589.1|A/cattle/Texas/24-008749-003/2024(H5N1)	314	5919
HA|PP755589.1|A/cattle/Texas/24-008749-003/2024(H5N1)	315	6232
HA|PP755589.1|A/cattle/Texas/24-008749-003/2024(H5N1)	316	6250
HA|PP755589.1|A/cattle/Texas/24-008749-003/2024(H5N1)	317	6275
HA|PP755589.1|A/cattle/Texas/24-008749-003/2024(H5N1)	318	6288
HA|PP755589.1|A/cattle/Texas/24-008749-003/2024(H5N1)	319	6315
HA|PP755589.1|A/cattle/Texas/24-008749-003/2024(H5N1)	320	6418
HA|PP755589.1|A/cattle/Texas/24-008749-003/2024(H5N1)	321	6407
HA|PP755589.1|A/cattle/Texas/24-008749-003/2024(H5N1)	322	6400
HA|PP755589.1|A/cattle/Texas/24-008749-003/2024(H5N1)	323	6387
HA|PP755589.1|A/cattle/Texas/24-008749-003/2024(H5N1)	324	6079
HA|PP755589.1|A/cattle/Texas/24-008749-003/2024(H5N1)	325	6100
HA|PP755589.1|A/cattle/Texas/24-008749-003/2024(H5N1)	326	6009
HA|PP755589.1|A/cattle/Texas/24-008749-003/2024(H5N1)	327	5991
HA|PP755589.1|A/cattle/Texas/24-008749-003/2024(H5N1)	328	5905
HA|PP755589.1|A/cattle/Texas/24-008749-003/2024(H5N1)	329	5908
HA|PP755589.1|A/cattle/Texas/24-008749-003/2024(H5N1)	330	5864
HA|PP755589.1|A/cattle/Texas/24-008749-003/2024(H5N1)	331	5909
HA|PP755589.1|A/cattle/Texas/24-008749-003/2024(H5N1)	332	5912
HA|PP755589.1|A/cattle/Texas/24-008749-003/2024(H5N1)	333	5918
HA|PP755589.1|A/cattle/Texas/24-008749-003/2024(H5N1)	334	5902
HA|PP755589.1|A/cattle/Texas/24-008749-003/2024(H5N1)	335	5891
HA|PP755589.1|A/cattle/Texas/24-008749-003/2024(H5N1)	336	5843
HA|PP755589.1|A/cattle/Texas/24-008749-003/2024(H5N1)	337	5815
HA|PP755589.1|A/cattle/Texas/24-008749-003/2024(H5N1)	338	5731
HA|PP755589.1|A/cattle/Texas/24-008749-003/2024(H5N1)	339	5746
HA|PP755589.1|A/cattle/Texas/24-008749-003/2024(H5N1)	340	5752
HA|PP755589.1|A/cattle/Texas/24-008749-003/2024(H5N1)	341	5781
HA|PP755589.1|A/cattle/Texas/24-008749-003/2024(H5N1)	342	5775
HA|PP755589.1|A/cattle/Texas/24-008749-003/2024(H5N1)	343	5777
HA|PP755589.1|A/cattle/Texas/24-008749-003/2024(H5N1)	344	5782
HA|PP755589.1|A/cattle/Texas/24-008749-003/2024(H5N1)	345	5776
HA|PP755589.1|A/cattle/Texas/24-008749-003/2024(H5N1)	346	5818
HA|PP755589.1|A/cattle/Texas/24-008749-003/2024(H5N1)	347	5938
HA|PP755589.1|A/cattle/Texas/24-008749-003/2024(H5N1)	348	5929
HA|PP755589.1|A/cattle/Texas/24-008749-003/2024(H5N1)	349	5946
HA|PP755589.1|A/cattle/Texas/24-008749-003/2024(H5N1)	350	5921
HA|PP755589.1|A/cattle/Texas/24-008749-003/2024(H5N1)	351	5925
HA|PP755589.1|A/cattle/Texas/24-008749-003/2024(H5N1)	352	5936
HA|PP755589.1|A/cattle/Texas/24-008749-003/2024(H5N1)	353	5941
HA|PP755589.1|A/cattle/Texas/24-008749-003/2024(H5N1)	354	5937
HA|PP755589.1|A/cattle/Texas/24-008749-003/2024(H5N1)	355	5910
HA|PP755589.1|A/cattle/Texas/24-008749-003/2024(H5N1)	356	5899
HA|PP755589.1|A/cattle/Texas/24-008749-003/2024(H5N1)	357	5821
HA|PP755589.1|A/cattle/Texas/24-008749-003/2024(H5N1)	358	5770
HA|PP755589.1|A/cattle/Texas/24-008749-003/2024(H5N1)	359	5779
HA|PP755589.1|A/cattle/Texas/24-008749-003/2024(H5N1)	360	5770
HA|PP755589.1|A/cattle/Texas/24-008749-003/2024(H5N1)	361	5705
HA|PP755589.1|A/cattle/Texas/24-008749-003/2024(H5N1)	362	5703
HA|PP755589.1|A/cattle/Texas/24-008749-003/2024(H5N1)	363	5695
HA|PP755589.1|A/cattle/Texas/24-008749-003/2024(H5N1)	364	5641
HA|PP755589.1|A/cattle/Texas/24-008749-003/2024(H5N1)	365	5638
HA|PP755589.1|A/cattle/Texas/24-008749-003/2024(H5N1)	366	5640
HA|PP755589.1|A/cattle/Texas/24-008749-003/2024(H5N1)	367	5597
HA|PP755589.1|A/cattle/Texas/24-008749-003/2024(H5N1)	368	5814
HA|PP755589.1|A/cattle/Texas/24-008749-003/2024(H5N1)	369	5842
HA|PP755589.1|A/cattle/Texas/24-008749-003/2024(H5N1)	370	5920
HA|PP755589.1|A/cattle/Texas/24-008749-003/2024(H5N1)	371	5973
HA|PP755589.1|A/cattle/Texas/24-008749-003/2024(H5N1)	372	5931
HA|PP755589.1|A/cattle/Texas/24-008749-003/2024(H5N1)	373	5931
HA|PP755589.1|A/cattle/Texas/24-008749-003/2024(H5N1)	374	5960
HA|PP755589.1|A/cattle/Texas/24-008749-003/2024(H5N1)	375	5961
HA|PP755589.1|A/cattle/Texas/24-008749-003/2024(H5N1)	376	5963
HA|PP755589.1|A/cattle/Texas/24-008749-003/2024(H5N1)	377	5693
HA|PP755589.1|A/cattle/Texas/24-008749-003/2024(H5N1)	378	5656
HA|PP755589.1|A/cattle/Texas/24-008749-003/2024(H5N1)	379	5659
HA|PP755589.1|A/cattle/Texas/24-008749-003/2024(H5N1)	380	5659
HA|PP755589.1|A/cattle/Texas/24-008749-003/2024(H5N1)	381	5661
HA|PP755589.1|A/cattle/Texas/24-008749-003/2024(H5N1)	382	5721
HA|PP755589.1|A/cattle/Texas/24-008749-003/2024(H5N1)	383	5833
HA|PP755589.1|A/cattle/Texas/24-008749-003/2024(H5N1)	384	5831
HA|PP755589.1|A/cattle/Texas/24-008749-003/2024(H5N1)	385	5828
HA|PP755589.1|A/cattle/Texas/24-008749-003/2024(H5N1)	386	5824
HA|PP755589.1|A/cattle/Texas/24-008749-003/2024(H5N1)	387	5858
HA|PP755589.1|A/cattle/Texas/24-008749-003/2024(H5N1)	388	5959
HA|PP755589.1|A/cattle/Texas/24-008749-003/2024(H5N1)	389	5954
HA|PP755589.1|A/cattle/Texas/24-008749-003/2024(H5N1)	390	5952
HA|PP755589.1|A/cattle/Texas/24-008749-003/2024(H5N1)	391	5896
HA|PP755589.1|A/cattle/Texas/24-008749-003/2024(H5N1)	392	5846
HA|PP755589.1|A/cattle/Texas/24-008749-003/2024(H5N1)	393	5871
HA|PP755589.1|A/cattle/Texas/24-008749-003/2024(H5N1)	394	6009
HA|PP755589.1|A/cattle/Texas/24-008749-003/2024(H5N1)	395	6018
HA|PP755589.1|A/cattle/Texas/24-008749-003/2024(H5N1)	396	5976
HA|PP755589.1|A/cattle/Texas/24-008749-003/2024(H5N1)	397	5930
HA|PP755589.1|A/cattle/Texas/24-008749-003/2024(H5N1)	398	6246
HA|PP755589.1|A/cattle/Texas/24-008749-003/2024(H5N1)	399	6354
HA|PP755589.1|A/cattle/Texas/24-008749-003/2024(H5N1)	400	6367
HA|PP755589.1|A/cattle/Texas/24-008749-003/2024(H5N1)	401	6375
HA|PP755589.1|A/cattle/Texas/24-008749-003/2024(H5N1)	402	6394
HA|PP755589.1|A/cattle/Texas/24-008749-003/2024(H5N1)	403	6404
HA|PP755589.1|A/cattle/Texas/24-008749-003/2024(H5N1)	404	6387
HA|PP755589.1|A/cattle/Texas/24-008749-003/2024(H5N1)	405	6394
HA|PP755589.1|A/cattle/Texas/24-008749-003/2024(H5N1)	406	6313
HA|PP755589.1|A/cattle/Texas/24-008749-003/2024(H5N1)	407	6330
HA|PP755589.1|A/cattle/Texas/24-008749-003/2024(H5N1)	408	6192
HA|PP755589.1|A/cattle/Texas/24-008749-003/2024(H5N1)	409	6170
HA|PP755589.1|A/cattle/Texas/24-008749-003/2024(H5N1)	410	6169
HA|PP755589.1|A/cattle/Texas/24-008749-003/2024(H5N1)	411	6134
HA|PP755589.1|A/cattle/Texas/24-008749-003/2024(H5N1)	412	6136
HA|PP755589.1|A/cattle/Texas/24-008749-003/2024(H5N1)	413	6153
HA|PP755589.1|A/cattle/Texas/24-008749-003/2024(H5N1)	414	6156
HA|PP755589.1|A/cattle/Texas/24-008749-003/2024(H5N1)	415	6065
HA|PP755589.1|A/cattle/Texas/24-008749-003/2024(H5N1)	416	6055
HA|PP755589.1|A/cattle/Texas/24-008749-003/2024(H5N1)	417	6065
HA|PP755589.1|A/cattle/Texas/24-008749-003/2024(H5N1)	418	6064
HA|PP755589.1|A/cattle/Texas/24-008749-003/2024(H5N1)	419	6133
HA|PP755589.1|A/cattle/Texas/24-008749-003/2024(H5N1)	420	6163
HA|PP755589.1|A/cattle/Texas/24-008749-003/2024(H5N1)	421	6356
HA|PP755589.1|A/cattle/Texas/24-008749-003/2024(H5N1)	422	6327
HA|PP755589.1|A/cattle/Texas/24-008749-003/2024(H5N1)	423	6375
HA|PP755589.1|A/cattle/Texas/24-008749-003/2024(H5N1)	424	6375
HA|PP755589.1|A/cattle/Texas/24-008749-003/2024(H5N1)	425	6387
HA|PP755589.1|A/cattle/Texas/24-008749-003/2024(H5N1)	426	6413
HA|PP755589.1|A/cattle/Texas/24-008749-003/2024(H5N1)	427	5708
HA|PP755589.1|A/cattle/Texas/24-008749-003/2024(H5N1)	428	5720
HA|PP755589.1|A/cattle/Texas/24-008749-003/2024(H5N1)	429	5755
HA|PP755589.1|A/cattle/Texas/24-008749-003/2024(H5N1)	430	5772
HA|PP755589.1|A/cattle/Texas/24-008749-003/2024(H5N1)	431	5967
HA|PP755589.1|A/cattle/Texas/24-008749-003/2024(H5N1)	432	5973
HA|PP755589.1|A/cattle/Texas/24-008749-003/2024(H5N1)	433	6038
HA|PP755589.1|A/cattle/Texas/24-008749-003/2024(H5N1)	434	6026
HA|PP755589.1|A/cattle/Texas/24-008749-003/2024(H5N1)	435	6023
HA|PP755589.1|A/cattle/Texas/24-008749-003/2024(H5N1)	436	6046
HA|PP755589.1|A/cattle/Texas/24-008749-003/2024(H5N1)	437	6110
HA|PP755589.1|A/cattle/Texas/24-008749-003/2024(H5N1)	438	6182
HA|PP755589.1|A/cattle/Texas/24-008749-003/2024(H5N1)	439	6180
HA|PP755589.1|A/cattle/Texas/24-008749-003/2024(H5N1)	440	5798
HA|PP755589.1|A/cattle/Texas/24-008749-003/2024(H5N1)	441	5837
HA|PP755589.1|A/cattle/Texas/24-008749-003/2024(H5N1)	442	5775
HA|PP755589.1|A/cattle/Texas/24-008749-003/2024(H5N1)	443	5783
HA|PP755589.1|A/cattle/Texas/24-008749-003/2024(H5N1)	444	5721
HA|PP755589.1|A/cattle/Texas/24-008749-003/2024(H5N1)	445	5680
HA|PP755589.1|A/cattle/Texas/24-008749-003/2024(H5N1)	446	5764
HA|PP755589.1|A/cattle/Texas/24-008749-003/2024(H5N1)	447	5682
HA|PP755589.1|A/cattle/Texas/24-008749-003/2024(H5N1)	448	5692
HA|PP755589.1|A/cattle/Texas/24-008749-003/2024(H5N1)	449	5746
HA|PP755589.1|A/cattle/Texas/24-008749-003/2024(H5N1)	450	5709
HA|PP755589.1|A/cattle/Texas/24-008749-003/2024(H5N1)	451	5724
HA|PP755589.1|A/cattle/Texas/24-008749-003/2024(H5N1)	452	5954
HA|PP755589.1|A/cattle/Texas/24-008749-003/2024(H5N1)	453	5971
HA|PP755589.1|A/cattle/Texas/24-008749-003/2024(H5N1)	454	6132
HA|PP755589.1|A/cattle/Texas/24-008749-003/2024(H5N1)	455	6034
HA|PP755589.1|A/cattle/Texas/24-008749-003/2024(H5N1)	456	6219
HA|PP755589.1|A/cattle/Texas/24-008749-003/2024(H5N1)	457	6242
HA|PP755589.1|A/cattle/Texas/24-008749-003/2024(H5N1)	458	6243
HA|PP755589.1|A/cattle/Texas/24-008749-003/2024(H5N1)	459	6268
HA|PP755589.1|A/cattle/Texas/24-008749-003/2024(H5N1)	460	6218
HA|PP755589.1|A/cattle/Texas/24-008749-003/2024(H5N1)	461	5922
HA|PP755589.1|A/cattle/Texas/24-008749-003/2024(H5N1)	462	5929
HA|PP755589.1|A/cattle/Texas/24-008749-003/2024(H5N1)	463	5950
HA|PP755589.1|A/cattle/Texas/24-008749-003/2024(H5N1)	464	5951
HA|PP755589.1|A/cattle/Texas/24-008749-003/2024(H5N1)	465	5721
HA|PP755589.1|A/cattle/Texas/24-008749-003/2024(H5N1)	466	5421
HA|PP755589.1|A/cattle/Texas/24-008749-003/2024(H5N1)	467	5448
HA|PP755589.1|A/cattle/Texas/24-008749-003/2024(H5N1)	468	5434
HA|PP755589.1|A/cattle/Texas/24-008749-003/2024(H5N1)	469	5415
HA|PP755589.1|A/cattle/Texas/24-008749-003/2024(H5N1)	470	5325
HA|PP755589.1|A/cattle/Texas/24-008749-003/2024(H5N1)	471	5312
HA|PP755589.1|A/cattle/Texas/24-008749-003/2024(H5N1)	472	5305
HA|PP755589.1|A/cattle/Texas/24-008749-003/2024(H5N1)	473	5323
HA|PP755589.1|A/cattle/Texas/24-008749-003/2024(H5N1)	474	5311
HA|PP755589.1|A/cattle/Texas/24-008749-003/2024(H5N1)	475	5293
HA|PP755589.1|A/cattle/Texas/24-008749-003/2024(H5N1)	476	5309
HA|PP755589.1|A/cattle/Texas/24-008749-003/2024(H5N1)	477	5314
HA|PP755589.1|A/cattle/Texas/24-008749-003/2024(H5N1)	478	5322
HA|PP755589.1|A/cattle/Texas/24-008749-003/2024(H5N1)	479	5334
HA|PP755589.1|A/cattle/Texas/24-008749-003/2024(H5N1)	480	5248
HA|PP755589.1|A/cattle/Texas/24-008749-003/2024(H5N1)	481	5237
HA|PP755589.1|A/cattle/Texas/24-008749-003/2024(H5N1)	482	5227
HA|PP755589.1|A/cattle/Texas/24-008749-003/2024(H5N1)	483	5224
HA|PP755589.1|A/cattle/Texas/24-008749-003/2024(H5N1)	484	5246
HA|PP755589.1|A/cattle/Texas/24-008749-003/2024(H5N1)	485	5257
HA|PP755589.1|A/cattle/Texas/24-008749-003/2024(H5N1)	486	5252
HA|PP755589.1|A/cattle/Texas/24-008749-003/2024(H5N1)	487	5304
HA|PP755589.1|A/cattle/Texas/24-008749-003/2024(H5N1)	488	5295
HA|PP755589.1|A/cattle/Texas/24-008749-003/2024(H5N1)	489	5336
HA|PP755589.1|A/cattle/Texas/24-008749-003/2024(H5N1)	490	5341
HA|PP755589.1|A/cattle/Texas/24-008749-003/2024(H5N1)	491	5330
HA|PP755589.1|A/cattle/Texas/24-008749-003/2024(H5N1)	492	5304
HA|PP755589.1|A/cattle/Texas/24-008749-003/2024(H5N1)	493	5346
HA|PP755589.1|A/cattle/Texas/24-008749-003/2024(H5N1)	494	5336
HA|PP755589.1|A/cattle/Texas/24-008749-003/2024(H5N1)	495	5386
HA|PP755589.1|A/cattle/Texas/24-008749-003/2024(H5N1)	496	5337
HA|PP755589.1|A/cattle/Texas/24-008749-003/2024(H5N1)	497	5322
HA|PP755589.1|A/cattle/Texas/24-008749-003/2024(H5N1)	498	5253
HA|PP755589.1|A/cattle/Texas/24-008749-003/2024(H5N1)	499	5254
HA|PP755589.1|A/cattle/Texas/24-008749-003/2024(H5N1)	500	5211
HA|PP755589.1|A/cattle/Texas/24-008749-003/2024(H5N1)	501	5208
HA|PP755589.1|A/cattle/Texas/24-008749-003/2024(H5N1)	502	5214
HA|PP755589.1|A/cattle/Texas/24-008749-003/2024(H5N1)	503	5214
HA|PP755589.1|A/cattle/Texas/24-008749-003/2024(H5N1)	504	5219
HA|PP755589.1|A/cattle/Texas/24-008749-003/2024(H5N1)	505	5217
HA|PP755589.1|A/cattle/Texas/24-008749-003/2024(H5N1)	506	5189
HA|PP755589.1|A/cattle/Texas/24-008749-003/2024(H5N1)	507	5280
HA|PP755589.1|A/cattle/Texas/24-008749-003/2024(H5N1)	508	5235
HA|PP755589.1|A/cattle/Texas/24-008749-003/2024(H5N1)	509	5255
HA|PP755589.1|A/cattle/Texas/24-008749-003/2024(H5N1)	510	5241
HA|PP755589.1|A/cattle/Texas/24-008749-003/2024(H5N1)	511	5275
HA|PP755589.1|A/cattle/Texas/24-008749-003/2024(H5N1)	512	5369
HA|PP755589.1|A/cattle/Texas/24-008749-003/2024(H5N1)	513	5415
HA|PP755589.1|A/cattle/Texas/24-008749-003/2024(H5N1)	514	5382
HA|PP755589.1|A/cattle/Texas/24-008749-003/2024(H5N1)	515	5382
HA|PP755589.1|A/cattle/Texas/24-008749-003/2024(H5N1)	516	5361
HA|PP755589.1|A/cattle/Texas/24-008749-003/2024(H5N1)	517	5492
HA|PP755589.1|A/cattle/Texas/24-008749-003/2024(H5N1)	518	5486
HA|PP755589.1|A/cattle/Texas/24-008749-003/2024(H5N1)	519	5346
HA|PP755589.1|A/cattle/Texas/24-008749-003/2024(H5N1)	520	5291
HA|PP755589.1|A/cattle/Texas/24-008749-003/2024(H5N1)	521	5239
HA|PP755589.1|A/cattle/Texas/24-008749-003/2024(H5N1)	522	5219
HA|PP755589.1|A/cattle/Texas/24-008749-003/2024(H5N1)	523	5249
HA|PP755589.1|A/cattle/Texas/24-008749-003/2024(H5N1)	524	5366
HA|PP755589.1|A/cattle/Texas/24-008749-003/2024(H5N1)	525	5312
HA|PP755589.1|A/cattle/Texas/24-008749-003/2024(H5N1)	526	5322
HA|PP755589.1|A/cattle/Texas/24-008749-003/2024(H5N1)	527	5338
HA|PP755589.1|A/cattle/Texas/24-008749-003/2024(H5N1)	528	5302
HA|PP755589.1|A/cattle/Texas/24-008749-003/2024(H5N1)	529	5344
HA|PP755589.1|A/cattle/Texas/24-008749-003/2024(H5N1)	530	5350
HA|PP755589.1|A/cattle/Texas/24-008749-003/2024(H5N1)	531	5358
HA|PP755589.1|A/cattle/Texas/24-008749-003/2024(H5N1)	532	5347
HA|PP755589.1|A/cattle/Texas/24-008749-003/2024(H5N1)	533	5254
HA|PP755589.1|A/cattle/Texas/24-008749-003/2024(H5N1)	534	5254
HA|PP755589.1|A/cattle/Texas/24-008749-003/2024(H5N1)	535	5323
HA|PP755589.1|A/cattle/Texas/24-008749-003/2024(H5N1)	536	5358
HA|PP755589.1|A/cattle/Texas/24-008749-003/2024(H5N1)	537	5298
HA|PP755589.1|A/cattle/Texas/24-008749-003/2024(H5N1)	538	5301
HA|PP755589.1|A/cattle/Texas/24-008749-003/2024(H5N1)	539	5289
HA|PP755589.1|A/cattle/Texas/24-008749-003/2024(H5N1)	540	5543
HA|PP755589.1|A/cattle/Texas/24-008749-003/2024(H5N1)	541	5541
HA|PP755589.1|A/cattle/Texas/24-008749-003/2024(H5N1)	542	5555
HA|PP755589.1|A/cattle/Texas/24-008749-003/2024(H5N1)	543	5560
HA|PP755589.1|A/cattle/Texas/24-008749-003/2024(H5N1)	544	5441
HA|PP755589.1|A/cattle/Texas/24-008749-003/2024(H5N1)	545	5446
HA|PP755589.1|A/cattle/Texas/24-008749-003/2024(H5N1)	546	5430
HA|PP755589.1|A/cattle/Texas/24-008749-003/2024(H5N1)	547	5446
HA|PP755589.1|A/cattle/Texas/24-008749-003/2024(H5N1)	548	5382
HA|PP755589.1|A/cattle/Texas/24-008749-003/2024(H5N1)	549	5034
HA|PP755589.1|A/cattle/Texas/24-008749-003/2024(H5N1)	550	5033
HA|PP755589.1|A/cattle/Texas/24-008749-003/2024(H5N1)	551	5042
HA|PP755589.1|A/cattle/Texas/24-008749-003/2024(H5N1)	552	5039
HA|PP755589.1|A/cattle/Texas/24-008749-003/2024(H5N1)	553	5024
HA|PP755589.1|A/cattle/Texas/24-008749-003/2024(H5N1)	554	5028
HA|PP755589.1|A/cattle/Texas/24-008749-003/2024(H5N1)	555	5063
HA|PP755589.1|A/cattle/Texas/24-008749-003/2024(H5N1)	556	5062
HA|PP755589.1|A/cattle/Texas/24-008749-003/2024(H5N1)	557	5065
HA|PP755589.1|A/cattle/Texas/24-008749-003/2024(H5N1)	558	5045
HA|PP755589.1|A/cattle/Texas/24-008749-003/2024(H5N1)	559	5071
HA|PP755589.1|A/cattle/Texas/24-008749-003/2024(H5N1)	560	5089
HA|PP755589.1|A/cattle/Texas/24-008749-003/2024(H5N1)	561	5162
HA|PP755589.1|A/cattle/Texas/24-008749-003/2024(H5N1)	562	5266
HA|PP755589.1|A/cattle/Texas/24-008749-003/2024(H5N1)	563	5331
HA|PP755589.1|A/cattle/Texas/24-008749-003/2024(H5N1)	564	5403
HA|PP755589.1|A/cattle/Texas/24-008749-003/2024(H5N1)	565	5380
HA|PP755589.1|A/cattle/Texas/24-008749-003/2024(H5N1)	566	5393
HA|PP755589.1|A/cattle/Texas/24-008749-003/2024(H5N1)	567	5394
HA|PP755589.1|A/cattle/Texas/24-008749-003/2024(H5N1)	568	5418
HA|PP755589.1|A/cattle/Texas/24-008749-003/2024(H5N1)	569	5414
HA|PP755589.1|A/cattle/Texas/24-008749-003/2024(H5N1)	570	5360
HA|PP755589.1|A/cattle/Texas/24-008749-003/2024(H5N1)	571	5378
HA|PP755589.1|A/cattle/Texas/24-008749-003/2024(H5N1)	572	5283
HA|PP755589.1|A/cattle/Texas/24-008749-003/2024(H5N1)	573	5470
HA|PP755589.1|A/cattle/Texas/24-008749-003/2024(H5N1)	574	5444
HA|PP755589.1|A/cattle/Texas/24-008749-003/2024(H5N1)	575	5444
HA|PP755589.1|A/cattle/Texas/24-008749-003/2024(H5N1)	576	5462
HA|PP755589.1|A/cattle/Texas/24-008749-003/2024(H5N1)	577	5402
HA|PP755589.1|A/cattle/Texas/24-008749-003/2024(H5N1)	578	5515
HA|PP755589.1|A/cattle/Texas/24-008749-003/2024(H5N1)	579	5446
HA|PP755589.1|A/cattle/Texas/24-008749-003/2024(H5N1)	580	5464
HA|PP755589.1|A/cattle/Texas/24-008749-003/2024(H5N1)	581	5435
HA|PP755589.1|A/cattle/Texas/24-008749-003/2024(H5N1)	582	5056
HA|PP755589.1|A/cattle/Texas/24-008749-003/2024(H5N1)	583	5016
HA|PP755589.1|A/cattle/Texas/24-008749-003/2024(H5N1)	584	5008
HA|PP755589.1|A/cattle/Texas/24-008749-003/2024(H5N1)	585	5143
HA|PP755589.1|A/cattle/Texas/24-008749-003/2024(H5N1)	586	5131
HA|PP755589.1|A/cattle/Texas/24-008749-003/2024(H5N1)	587	5021
HA|PP755589.1|A/cattle/Texas/24-008749-003/2024(H5N1)	588	5069
HA|PP755589.1|A/cattle/Texas/24-008749-003/2024(H5N1)	589	5014
HA|PP755589.1|A/cattle/Texas/24-008749-003/2024(H5N1)	590	5189
HA|PP755589.1|A/cattle/Texas/24-008749-003/2024(H5N1)	591	5184
HA|PP755589.1|A/cattle/Texas/24-008749-003/2024(H5N1)	592	5171
HA|PP755589.1|A/cattle/Texas/24-008749-003/2024(H5N1)	593	5162
HA|PP755589.1|A/cattle/Texas/24-008749-003/2024(H5N1)	594	5185
HA|PP755589.1|A/cattle/Texas/24-008749-003/2024(H5N1)	595	5155
HA|PP755589.1|A/cattle/Texas/24-008749-003/2024(H5N1)	596	5376
HA|PP755589.1|A/cattle/Texas/24-008749-003/2024(H5N1)	597	5232
HA|PP755589.1|A/cattle/Texas/24-008749-003/2024(H5N1)	598	5255
HA|PP755589.1|A/cattle/Texas/24-008749-003/2024(H5N1)	599	5256
HA|PP755589.1|A/cattle/Texas/24-008749-003/2024(H5N1)	600	5220
HA|PP755589.1|A/cattle/Texas/24-008749-003/2024(H5N1)	601	5247
HA|PP755589.1|A/cattle/Texas/24-008749-003/2024(H5N1)	602	5285
HA|PP755589.1|A/cattle/Texas/24-008749-003/2024(H5N1)	603	5079
HA|PP755589.1|A/cattle/Texas/24-008749-003/2024(H5N1)	604	5121
HA|PP755589.1|A/cattle/Texas/24-008749-003/2024(H5N1)	605	4909
HA|PP755589.1|A/cattle/Texas/24-008749-003/2024(H5N1)	606	4924
HA|PP755589.1|A/cattle/Texas/24-008749-003/2024(H5N1)	607	4742
HA|PP755589.1|A/cattle/Texas/24-008749-003/2024(H5N1)	608	4738
HA|PP755589.1|A/cattle/Texas/24-008749-003/2024(H5N1)	609	4781
HA|PP755589.1|A/cattle/Texas/24-008749-003/2024(H5N1)	610	4787
HA|PP755589.1|A/cattle/Texas/24-008749-003/2024(H5N1)	611	4828
HA|PP755589.1|A/cattle/Texas/24-008749-003/2024(H5N1)	612	4848
HA|PP755589.1|A/cattle/Texas/24-008749-003/2024(H5N1)	613	4815
HA|PP755589.1|A/cattle/Texas/24-008749-003/2024(H5N1)	614	4815
HA|PP755589.1|A/cattle/Texas/24-008749-003/2024(H5N1)	615	4832
HA|PP755589.1|A/cattle/Texas/24-008749-003/2024(H5N1)	616	4980
HA|PP755589.1|A/cattle/Texas/24-008749-003/2024(H5N1)	617	4931
HA|PP755589.1|A/cattle/Texas/24-008749-003/2024(H5N1)	618	4920
HA|PP755589.1|A/cattle/Texas/24-008749-003/2024(H5N1)	619	4914
HA|PP755589.1|A/cattle/Texas/24-008749-003/2024(H5N1)	620	4944
HA|PP755589.1|A/cattle/Texas/24-008749-003/2024(H5N1)	621	4942
HA|PP755589.1|A/cattle/Texas/24-008749-003/2024(H5N1)	622	4944
HA|PP755589.1|A/cattle/Texas/24-008749-003/2024(H5N1)	623	4944
HA|PP755589.1|A/cattle/Texas/24-008749-003/2024(H5N1)	624	4957
HA|PP755589.1|A/cattle/Texas/24-008749-003/2024(H5N1)	625	4960
HA|PP755589.1|A/cattle/Texas/24-008749-003/2024(H5N1)	626	4987
HA|PP755589.1|A/cattle/Texas/24-008749-003/2024(H5N1)	627	4976
HA|PP755589.1|A/cattle/Texas/24-008749-003/2024(H5N1)	628	4969
HA|PP755589.1|A/cattle/Texas/24-008749-003/2024(H5N1)	629	4950
HA|PP755589.1|A/cattle/Texas/24-008749-003/2024(H5N1)	630	4941
HA|PP755589.1|A/cattle/Texas/24-008749-003/2024(H5N1)	631	4964
HA|PP755589.1|A/cattle/Texas/24-008749-003/2024(H5N1)	632	4963
HA|PP755589.1|A/cattle/Texas/24-008749-003/2024(H5N1)	633	4993
HA|PP755589.1|A/cattle/Texas/24-008749-003/2024(H5N1)	634	5016
HA|PP755589.1|A/cattle/Texas/24-008749-003/2024(H5N1)	635	5082
HA|PP755589.1|A/cattle/Texas/24-008749-003/2024(H5N1)	636	5057
HA|PP755589.1|A/cattle/Texas/24-008749-003/2024(H5N1)	637	5061
HA|PP755589.1|A/cattle/Texas/24-008749-003/2024(H5N1)	638	5129
HA|PP755589.1|A/cattle/Texas/24-008749-003/2024(H5N1)	639	5120
HA|PP755589.1|A/cattle/Texas/24-008749-003/2024(H5N1)	640	5099
HA|PP755589.1|A/cattle/Texas/24-008749-003/2024(H5N1)	641	5089
HA|PP755589.1|A/cattle/Texas/24-008749-003/2024(H5N1)	642	5054
HA|PP755589.1|A/cattle/Texas/24-008749-003/2024(H5N1)	643	5035
HA|PP755589.1|A/cattle/Texas/24-008749-003/2024(H5N1)	644	4990
HA|PP755589.1|A/cattle/Texas/24-008749-003/2024(H5N1)	645	4945
HA|PP755589.1|A/cattle/Texas/24-008749-003/2024(H5N1)	646	4953
HA|PP755589.1|A/cattle/Texas/24-008749-003/2024(H5N1)	647	4916
HA|PP755589.1|A/cattle/Texas/24-008749-003/2024(H5N1)	648	4895
HA|PP755589.1|A/cattle/Texas/24-008749-003/2024(H5N1)	649	4893
HA|PP755589.1|A/cattle/Texas/24-008749-003/2024(H5N1)	650	4905
HA|PP755589.1|A/cattle/Texas/24-008749-003/2024(H5N1)	651	5067
HA|PP755589.1|A/cattle/Texas/24-008749-003/2024(H5N1)	652	5125
HA|PP755589.1|A/cattle/Texas/24-008749-003/2024(H5N1)	653	5137
HA|PP755589.1|A/cattle/Texas/24-008749-003/2024(H5N1)	654	5149
HA|PP755589.1|A/cattle/Texas/24-008749-003/2024(H5N1)	655	5145
HA|PP755589.1|A/cattle/Texas/24-008749-003/2024(H5N1)	656	5163
HA|PP755589.1|A/cattle/Texas/24-008749-003/2024(H5N1)	657	5239
HA|PP755589.1|A/cattle/Texas/24-008749-003/2024(H5N1)	658	5267
HA|PP755589.1|A/cattle/Texas/24-008749-003/2024(H5N1)	659	5385
HA|PP755589.1|A/cattle/Texas/24-008749-003/2024(H5N1)	660	5377
HA|PP755589.1|A/cattle/Texas/24-008749-003/2024(H5N1)	661	5379
HA|PP755589.1|A/cattle/Texas/24-008749-003/2024(H5N1)	662	5326
HA|PP755589.1|A/cattle/Texas/24-008749-003/2024(H5N1)	663	5270
HA|PP755589.1|A/cattle/Texas/24-008749-003/2024(H5N1)	664	5293
HA|PP755589.1|A/cattle/Texas/24-008749-003/2024(H5N1)	665	5319
HA|PP755589.1|A/cattle/Texas/24-008749-003/2024(H5N1)	666	5316
HA|PP755589.1|A/cattle/Texas/24-008749-003/2024(H5N1)	667	5270
HA|PP755589.1|A/cattle/Texas/24-008749-003/2024(H5N1)	668	5133
HA|PP755589.1|A/cattle/Texas/24-008749-003/2024(H5N1)	669	5172
HA|PP755589.1|A/cattle/Texas/24-008749-003/2024(H5N1)	670	5140
HA|PP755589.1|A/cattle/Texas/24-008749-003/2024(H5N1)	671	5238
HA|PP755589.1|A/cattle/Texas/24-008749-003/2024(H5N1)	672	5225
HA|PP755589.1|A/cattle/Texas/24-008749-003/2024(H5N1)	673	5179
HA|PP755589.1|A/cattle/Texas/24-008749-003/2024(H5N1)	674	5144
HA|PP755589.1|A/cattle/Texas/24-008749-003/2024(H5N1)	675	5027
HA|PP755589.1|A/cattle/Texas/24-008749-003/2024(H5N1)	676	5080
HA|PP755589.1|A/cattle/Texas/24-008749-003/2024(H5N1)	677	5074
HA|PP755589.1|A/cattle/Texas/24-008749-003/2024(H5N1)	678	5080
HA|PP755589.1|A/cattle/Texas/24-008749-003/2024(H5N1)	679	5090
HA|PP755589.1|A/cattle/Texas/24-008749-003/2024(H5N1)	680	5000
HA|PP755589.1|A/cattle/Texas/24-008749-003/2024(H5N1)	681	5071
HA|PP755589.1|A/cattle/Texas/24-008749-003/2024(H5N1)	682	5078
HA|PP755589.1|A/cattle/Texas/24-008749-003/2024(H5N1)	683	5105
HA|PP755589.1|A/cattle/Texas/24-008749-003/2024(H5N1)	684	5099
HA|PP755589.1|A/cattle/Texas/24-008749-003/2024(H5N1)	685	5085
HA|PP755589.1|A/cattle/Texas/24-008749-003/2024(H5N1)	686	5070
HA|PP755589.1|A/cattle/Texas/24-008749-003/2024(H5N1)	687	5057
HA|PP755589.1|A/cattle/Texas/24-008749-003/2024(H5N1)	688	5046
HA|PP755589.1|A/cattle/Texas/24-008749-003/2024(H5N1)	689	4864
HA|PP755589.1|A/cattle/Texas/24-008749-003/2024(H5N1)	690	4864
HA|PP755589.1|A/cattle/Texas/24-008749-003/2024(H5N1)	691	4992
HA|PP755589.1|A/cattle/Texas/24-008749-003/2024(H5N1)	692	4988
HA|PP755589.1|A/cattle/Texas/24-008749-003/2024(H5N1)	693	4984
HA|PP755589.1|A/cattle/Texas/24-008749-003/2024(H5N1)	694	4980
HA|PP755589.1|A/cattle/Texas/24-008749-003/2024(H5N1)	695	4998
HA|PP755589.1|A/cattle/Texas/24-008749-003/2024(H5N1)	696	5055
HA|PP755589.1|A/cattle/Texas/24-008749-003/2024(H5N1)	697	5047
HA|PP755589.1|A/cattle/Texas/24-008749-003/2024(H5N1)	698	5035
HA|PP755589.1|A/cattle/Texas/24-008749-003/2024(H5N1)	699	5041
HA|PP755589.1|A/cattle/Texas/24-008749-003/2024(H5N1)	700	4982
HA|PP755589.1|A/cattle/Texas/24-008749-003/2024(H5N1)	701	5005
HA|PP755589.1|A/cattle/Texas/24-008749-003/2024(H5N1)	702	4993
HA|PP755589.1|A/cattle/Texas/24-008749-003/2024(H5N1)	703	5037
HA|PP755589.1|A/cattle/Texas/24-008749-003/2024(H5N1)	704	5041
HA|PP755589.1|A/cattle/Texas/24-008749-003/2024(H5N1)	705	4994
HA|PP755589.1|A/cattle/Texas/24-008749-003/2024(H5N1)	706	5015
HA|PP755589.1|A/cattle/Texas/24-008749-003/2024(H5N1)	707	5013
HA|PP755589.1|A/cattle/Texas/24-008749-003/2024(H5N1)	708	5037
HA|PP755589.1|A/cattle/Texas/24-008749-003/2024(H5N1)	709	5020
HA|PP755589.1|A/cattle/Texas/24-008749-003/2024(H5N1)	710	5039
HA|PP755589.1|A/cattle/Texas/24-008749-003/2024(H5N1)	711	5041
HA|PP755589.1|A/cattle/Texas/24-008749-003/2024(H5N1)	712	4956
HA|PP755589.1|A/cattle/Texas/24-008749-003/2024(H5N1)	713	4954
HA|PP755589.1|A/cattle/Texas/24-008749-003/2024(H5N1)	714	5290
HA|PP755589.1|A/cattle/Texas/24-008749-003/2024(H5N1)	715	5356
HA|PP755589.1|A/cattle/Texas/24-008749-003/2024(H5N1)	716	5406
HA|PP755589.1|A/cattle/Texas/24-008749-003/2024(H5N1)	717	5401
HA|PP755589.1|A/cattle/Texas/24-008749-003/2024(H5N1)	718	5394
HA|PP755589.1|A/cattle/Texas/24-008749-003/2024(H5N1)	719	5402
HA|PP755589.1|A/cattle/Texas/24-008749-003/2024(H5N1)	720	5441
HA|PP755589.1|A/cattle/Texas/24-008749-003/2024(H5N1)	721	5445
HA|PP755589.1|A/cattle/Texas/24-008749-003/2024(H5N1)	722	5432
HA|PP755589.1|A/cattle/Texas/24-008749-003/2024(H5N1)	723	5254
HA|PP755589.1|A/cattle/Texas/24-008749-003/2024(H5N1)	724	5083
HA|PP755589.1|A/cattle/Texas/24-008749-003/2024(H5N1)	725	5227
HA|PP755589.1|A/cattle/Texas/24-008749-003/2024(H5N1)	726	5230
HA|PP755589.1|A/cattle/Texas/24-008749-003/2024(H5N1)	727	5323
HA|PP755589.1|A/cattle/Texas/24-008749-003/2024(H5N1)	728	5275
HA|PP755589.1|A/cattle/Texas/24-008749-003/2024(H5N1)	729	5199
HA|PP755589.1|A/cattle/Texas/24-008749-003/2024(H5N1)	730	5157
HA|PP755589.1|A/cattle/Texas/24-008749-003/2024(H5N1)	731	5154
HA|PP755589.1|A/cattle/Texas/24-008749-003/2024(H5N1)	732	5316
HA|PP755589.1|A/cattle/Texas/24-008749-003/2024(H5N1)	733	5316
HA|PP755589.1|A/cattle/Texas/24-008749-003/2024(H5N1)	734	5317
HA|PP755589.1|A/cattle/Texas/24-008749-003/2024(H5N1)	735	5263
HA|PP755589.1|A/cattle/Texas/24-008749-003/2024(H5N1)	736	5152
HA|PP755589.1|A/cattle/Texas/24-008749-003/2024(H5N1)	737	5157
HA|PP755589.1|A/cattle/Texas/24-008749-003/2024(H5N1)	738	5162
HA|PP755589.1|A/cattle/Texas/24-008749-003/2024(H5N1)	739	5167
HA|PP755589.1|A/cattle/Texas/24-008749-003/2024(H5N1)	740	5171
HA|PP755589.1|A/cattle/Texas/24-008749-003/2024(H5N1)	741	4971
HA|PP755589.1|A/cattle/Texas/24-008749-003/2024(H5N1)	742	4965
HA|PP755589.1|A/cattle/Texas/24-008749-003/2024(H5N1)	743	4997
HA|PP755589.1|A/cattle/Texas/24-008749-003/2024(H5N1)	744	5013
HA|PP755589.1|A/cattle/Texas/24-008749-003/2024(H5N1)	745	5049
HA|PP755589.1|A/cattle/Texas/24-008749-003/2024(H5N1)	746	5053
HA|PP755589.1|A/cattle/Texas/24-008749-003/2024(H5N1)	747	4865
HA|PP755589.1|A/cattle/Texas/24-008749-003/2024(H5N1)	748	4949
HA|PP755589.1|A/cattle/Texas/24-008749-003/2024(H5N1)	749	4934
HA|PP755589.1|A/cattle/Texas/24-008749-003/2024(H5N1)	750	4928
HA|PP755589.1|A/cattle/Texas/24-008749-003/2024(H5N1)	751	4912
HA|PP755589.1|A/cattle/Texas/24-008749-003/2024(H5N1)	752	4872
HA|PP755589.1|A/cattle/Texas/24-008749-003/2024(H5N1)	753	4886
HA|PP755589.1|A/cattle/Texas/24-008749-003/2024(H5N1)	754	4925
HA|PP755589.1|A/cattle/Texas/24-008749-003/2024(H5N1)	755	4898
HA|PP755589.1|A/cattle/Texas/24-008749-003/2024(H5N1)	756	4899
HA|PP755589.1|A/cattle/Texas/24-008749-003/2024(H5N1)	757	4891
HA|PP755589.1|A/cattle/Texas/24-008749-003/2024(H5N1)	758	5021
HA|PP755589.1|A/cattle/Texas/24-008749-003/2024(H5N1)	759	5008
HA|PP755589.1|A/cattle/Texas/24-008749-003/2024(H5N1)	760	4962
HA|PP755589.1|A/cattle/Texas/24-008749-003/2024(H5N1)	761	4967
HA|PP755589.1|A/cattle/Texas/24-008749-003/2024(H5N1)	762	4926
HA|PP755589.1|A/cattle/Texas/24-008749-003/2024(H5N1)	763	4913
HA|PP755589.1|A/cattle/Texas/24-008749-003/2024(H5N1)	764	4920
HA|PP755589.1|A/cattle/Texas/24-008749-003/2024(H5N1)	765	4923
HA|PP755589.1|A/cattle/Texas/24-008749-003/2024(H5N1)	766	4973
HA|PP755589.1|A/cattle/Texas/24-008749-003/2024(H5N1)	767	4839
HA|PP755589.1|A/cattle/Texas/24-008749-003/2024(H5N1)	768	4867
HA|PP755589.1|A/cattle/Texas/24-008749-003/2024(H5N1)	769	4865
HA|PP755589.1|A/cattle/Texas/24-008749-003/2024(H5N1)	770	4865
HA|PP755589.1|A/cattle/Texas/24-008749-003/2024(H5N1)	771	4839
HA|PP755589.1|A/cattle/Texas/24-008749-003/2024(H5N1)	772	4838
HA|PP755589.1|A/cattle/Texas/24-008749-003/2024(H5N1)	773	4832
HA|PP755589.1|A/cattle/Texas/24-008749-003/2024(H5N1)	774	4846
HA|PP755589.1|A/cattle/Texas/24-008749-003/2024(H5N1)	775	4831
HA|PP755589.1|A/cattle/Texas/24-008749-003/2024(H5N1)	776	4855
HA|PP755589.1|A/cattle/Texas/24-008749-003/2024(H5N1)	777	4867
HA|PP755589.1|A/cattle/Texas/24-008749-003/2024(H5N1)	778	4849
HA|PP755589.1|A/cattle/Texas/24-008749-003/2024(H5N1)	779	4961
HA|PP755589.1|A/cattle/Texas/24-008749-003/2024(H5N1)	780	4961
HA|PP755589.1|A/cattle/Texas/24-008749-003/2024(H5N1)	781	4972
HA|PP755589.1|A/cattle/Texas/24-008749-003/2024(H5N1)	782	4965
HA|PP755589.1|A/cattle/Texas/24-008749-003/2024(H5N1)	783	4966
HA|PP755589.1|A/cattle/Texas/24-008749-003/2024(H5N1)	784	5444
HA|PP755589.1|A/cattle/Texas/24-008749-003/2024(H5N1)	785	5473
HA|PP755589.1|A/cattle/Texas/24-008749-003/2024(H5N1)	786	5394
HA|PP755589.1|A/cattle/Texas/24-008749-003/2024(H5N1)	787	5391
HA|PP755589.1|A/cattle/Texas/24-008749-003/2024(H5N1)	788	5391
HA|PP755589.1|A/cattle/Texas/24-008749-003/2024(H5N1)	789	5319
HA|PP755589.1|A/cattle/Texas/24-008749-003/2024(H5N1)	790	5306
HA|PP755589.1|A/cattle/Texas/24-008749-003/2024(H5N1)	791	5369
HA|PP755589.1|A/cattle/Texas/24-008749-003/2024(H5N1)	792	5413
HA|PP755589.1|A/cattle/Texas/24-008749-003/2024(H5N1)	793	5600
HA|PP755589.1|A/cattle/Texas/24-008749-003/2024(H5N1)	794	5698
HA|PP755589.1|A/cattle/Texas/24-008749-003/2024(H5N1)	795	5696
HA|PP755589.1|A/cattle/Texas/24-008749-003/2024(H5N1)	796	5707
HA|PP755589.1|A/cattle/Texas/24-008749-003/2024(H5N1)	797	5706
HA|PP755589.1|A/cattle/Texas/24-008749-003/2024(H5N1)	798	5724
HA|PP755589.1|A/cattle/Texas/24-008749-003/2024(H5N1)	799	5791
HA|PP755589.1|A/cattle/Texas/24-008749-003/2024(H5N1)	800	6038
HA|PP755589.1|A/cattle/Texas/24-008749-003/2024(H5N1)	801	6072
HA|PP755589.1|A/cattle/Texas/24-008749-003/2024(H5N1)	802	5897
HA|PP755589.1|A/cattle/Texas/24-008749-003/2024(H5N1)	803	5832
HA|PP755589.1|A/cattle/Texas/24-008749-003/2024(H5N1)	804	5823
HA|PP755589.1|A/cattle/Texas/24-008749-003/2024(H5N1)	805	5795
HA|PP755589.1|A/cattle/Texas/24-008749-003/2024(H5N1)	806	5816
HA|PP755589.1|A/cattle/Texas/24-008749-003/2024(H5N1)	807	5808
HA|PP755589.1|A/cattle/Texas/24-008749-003/2024(H5N1)	808	5730
HA|PP755589.1|A/cattle/Texas/24-008749-003/2024(H5N1)	809	5643
HA|PP755589.1|A/cattle/Texas/24-008749-003/2024(H5N1)	810	5548
HA|PP755589.1|A/cattle/Texas/24-008749-003/2024(H5N1)	811	5550
HA|PP755589.1|A/cattle/Texas/24-008749-003/2024(H5N1)	812	5588
HA|PP755589.1|A/cattle/Texas/24-008749-003/2024(H5N1)	813	5585
HA|PP755589.1|A/cattle/Texas/24-008749-003/2024(H5N1)	814	5580
HA|PP755589.1|A/cattle/Texas/24-008749-003/2024(H5N1)	815	5509
HA|PP755589.1|A/cattle/Texas/24-008749-003/2024(H5N1)	816	5484
HA|PP755589.1|A/cattle/Texas/24-008749-003/2024(H5N1)	817	5500
HA|PP755589.1|A/cattle/Texas/24-008749-003/2024(H5N1)	818	5497
HA|PP755589.1|A/cattle/Texas/24-008749-003/2024(H5N1)	819	5457
HA|PP755589.1|A/cattle/Texas/24-008749-003/2024(H5N1)	820	5465
HA|PP755589.1|A/cattle/Texas/24-008749-003/2024(H5N1)	821	5459
HA|PP755589.1|A/cattle/Texas/24-008749-003/2024(H5N1)	822	5438
HA|PP755589.1|A/cattle/Texas/24-008749-003/2024(H5N1)	823	5447
HA|PP755589.1|A/cattle/Texas/24-008749-003/2024(H5N1)	824	5451
HA|PP755589.1|A/cattle/Texas/24-008749-003/2024(H5N1)	825	5476
HA|PP755589.1|A/cattle/Texas/24-008749-003/2024(H5N1)	826	5456
HA|PP755589.1|A/cattle/Texas/24-008749-003/2024(H5N1)	827	5437
HA|PP755589.1|A/cattle/Texas/24-008749-003/2024(H5N1)	828	5475
HA|PP755589.1|A/cattle/Texas/24-008749-003/2024(H5N1)	829	5460
HA|PP755589.1|A/cattle/Texas/24-008749-003/2024(H5N1)	830	5474
HA|PP755589.1|A/cattle/Texas/24-008749-003/2024(H5N1)	831	5511
HA|PP755589.1|A/cattle/Texas/24-008749-003/2024(H5N1)	832	5424
HA|PP755589.1|A/cattle/Texas/24-008749-003/2024(H5N1)	833	5452
HA|PP755589.1|A/cattle/Texas/24-008749-003/2024(H5N1)	834	5443
HA|PP755589.1|A/cattle/Texas/24-008749-003/2024(H5N1)	835	5485
HA|PP755589.1|A/cattle/Texas/24-008749-003/2024(H5N1)	836	5474
HA|PP755589.1|A/cattle/Texas/24-008749-003/2024(H5N1)	837	5429
HA|PP755589.1|A/cattle/Texas/24-008749-003/2024(H5N1)	838	5436
HA|PP755589.1|A/cattle/Texas/24-008749-003/2024(H5N1)	839	5414
HA|PP755589.1|A/cattle/Texas/24-008749-003/2024(H5N1)	840	5358
HA|PP755589.1|A/cattle/Texas/24-008749-003/2024(H5N1)	841	5365
HA|PP755589.1|A/cattle/Texas/24-008749-003/2024(H5N1)	842	5271
HA|PP755589.1|A/cattle/Texas/24-008749-003/2024(H5N1)	843	5272
HA|PP755589.1|A/cattle/Texas/24-008749-003/2024(H5N1)	844	5280
HA|PP755589.1|A/cattle/Texas/24-008749-003/2024(H5N1)	845	5276
HA|PP755589.1|A/cattle/Texas/24-008749-003/2024(H5N1)	846	5254
HA|PP755589.1|A/cattle/Texas/24-008749-003/2024(H5N1)	847	5174
HA|PP755589.1|A/cattle/Texas/24-008749-003/2024(H5N1)	848	5197
HA|PP755589.1|A/cattle/Texas/24-008749-003/2024(H5N1)	849	5213
HA|PP755589.1|A/cattle/Texas/24-008749-003/2024(H5N1)	850	5218
HA|PP755589.1|A/cattle/Texas/24-008749-003/2024(H5N1)	851	5239
HA|PP755589.1|A/cattle/Texas/24-008749-003/2024(H5N1)	852	5214
HA|PP755589.1|A/cattle/Texas/24-008749-003/2024(H5N1)	853	5254
HA|PP755589.1|A/cattle/Texas/24-008749-003/2024(H5N1)	854	5271
HA|PP755589.1|A/cattle/Texas/24-008749-003/2024(H5N1)	855	5313
HA|PP755589.1|A/cattle/Texas/24-008749-003/2024(H5N1)	856	5641
HA|PP755589.1|A/cattle/Texas/24-008749-003/2024(H5N1)	857	5716
HA|PP755589.1|A/cattle/Texas/24-008749-003/2024(H5N1)	858	5715
HA|PP755589.1|A/cattle/Texas/24-008749-003/2024(H5N1)	859	5755
HA|PP755589.1|A/cattle/Texas/24-008749-003/2024(H5N1)	860	5740
HA|PP755589.1|A/cattle/Texas/24-008749-003/2024(H5N1)	861	5728
HA|PP755589.1|A/cattle/Texas/24-008749-003/2024(H5N1)	862	5730
HA|PP755589.1|A/cattle/Texas/24-008749-003/2024(H5N1)	863	5739
HA|PP755589.1|A/cattle/Texas/24-008749-003/2024(H5N1)	864	5501
HA|PP755589.1|A/cattle/Texas/24-008749-003/2024(H5N1)	865	5267
HA|PP755589.1|A/cattle/Texas/24-008749-003/2024(H5N1)	866	5136
HA|PP755589.1|A/cattle/Texas/24-008749-003/2024(H5N1)	867	5258
HA|PP755589.1|A/cattle/Texas/24-008749-003/2024(H5N1)	868	5304
HA|PP755589.1|A/cattle/Texas/24-008749-003/2024(H5N1)	869	5307
HA|PP755589.1|A/cattle/Texas/24-008749-003/2024(H5N1)	870	5315
HA|PP755589.1|A/cattle/Texas/24-008749-003/2024(H5N1)	871	5266
HA|PP755589.1|A/cattle/Texas/24-008749-003/2024(H5N1)	872	5228
HA|PP755589.1|A/cattle/Texas/24-008749-003/2024(H5N1)	873	5234
HA|PP755589.1|A/cattle/Texas/24-008749-003/2024(H5N1)	874	5251
HA|PP755589.1|A/cattle/Texas/24-008749-003/2024(H5N1)	875	5269
HA|PP755589.1|A/cattle/Texas/24-008749-003/2024(H5N1)	876	5048
HA|PP755589.1|A/cattle/Texas/24-008749-003/2024(H5N1)	877	5042
HA|PP755589.1|A/cattle/Texas/24-008749-003/2024(H5N1)	878	4972
HA|PP755589.1|A/cattle/Texas/24-008749-003/2024(H5N1)	879	4979
HA|PP755589.1|A/cattle/Texas/24-008749-003/2024(H5N1)	880	5031
HA|PP755589.1|A/cattle/Texas/24-008749-003/2024(H5N1)	881	5044
HA|PP755589.1|A/cattle/Texas/24-008749-003/2024(H5N1)	882	5017
HA|PP755589.1|A/cattle/Texas/24-008749-003/2024(H5N1)	883	4849
HA|PP755589.1|A/cattle/Texas/24-008749-003/2024(H5N1)	884	4865
HA|PP755589.1|A/cattle/Texas/24-008749-003/2024(H5N1)	885	4870
HA|PP755589.1|A/cattle/Texas/24-008749-003/2024(H5N1)	886	4884
HA|PP755589.1|A/cattle/Texas/24-008749-003/2024(H5N1)	887	4966
HA|PP755589.1|A/cattle/Texas/24-008749-003/2024(H5N1)	888	4965
HA|PP755589.1|A/cattle/Texas/24-008749-003/2024(H5N1)	889	4939
HA|PP755589.1|A/cattle/Texas/24-008749-003/2024(H5N1)	890	4971
HA|PP755589.1|A/cattle/Texas/24-008749-003/2024(H5N1)	891	4970
HA|PP755589.1|A/cattle/Texas/24-008749-003/2024(H5N1)	892	4973
HA|PP755589.1|A/cattle/Texas/24-008749-003/2024(H5N1)	893	4947
HA|PP755589.1|A/cattle/Texas/24-008749-003/2024(H5N1)	894	4914
HA|PP755589.1|A/cattle/Texas/24-008749-003/2024(H5N1)	895	4891
HA|PP755589.1|A/cattle/Texas/24-008749-003/2024(H5N1)	896	4867
HA|PP755589.1|A/cattle/Texas/24-008749-003/2024(H5N1)	897	4851
HA|PP755589.1|A/cattle/Texas/24-008749-003/2024(H5N1)	898	4853
HA|PP755589.1|A/cattle/Texas/24-008749-003/2024(H5N1)	899	4884
HA|PP755589.1|A/cattle/Texas/24-008749-003/2024(H5N1)	900	4892
HA|PP755589.1|A/cattle/Texas/24-008749-003/2024(H5N1)	901	4891
HA|PP755589.1|A/cattle/Texas/24-008749-003/2024(H5N1)	902	4879
HA|PP755589.1|A/cattle/Texas/24-008749-003/2024(H5N1)	903	4890
HA|PP755589.1|A/cattle/Texas/24-008749-003/2024(H5N1)	904	4852
HA|PP755589.1|A/cattle/Texas/24-008749-003/2024(H5N1)	905	4856
HA|PP755589.1|A/cattle/Texas/24-008749-003/2024(H5N1)	906	4855
HA|PP755589.1|A/cattle/Texas/24-008749-003/2024(H5N1)	907	4858
HA|PP755589.1|A/cattle/Texas/24-008749-003/2024(H5N1)	908	4763
HA|PP755589.1|A/cattle/Texas/24-008749-003/2024(H5N1)	909	4798
HA|PP755589.1|A/cattle/Texas/24-008749-003/2024(H5N1)	910	4800
HA|PP755589.1|A/cattle/Texas/24-008749-003/2024(H5N1)	911	4798
HA|PP755589.1|A/cattle/Texas/24-008749-003/2024(H5N1)	912	4790
HA|PP755589.1|A/cattle/Texas/24-008749-003/2024(H5N1)	913	4793
HA|PP755589.1|A/cattle/Texas/24-008749-003/2024(H5N1)	914	4772
HA|PP755589.1|A/cattle/Texas/24-008749-003/2024(H5N1)	915	4761
HA|PP755589.1|A/cattle/Texas/24-008749-003/2024(H5N1)	916	5131
HA|PP755589.1|A/cattle/Texas/24-008749-003/2024(H5N1)	917	5091
HA|PP755589.1|A/cattle/Texas/24-008749-003/2024(H5N1)	918	5100
HA|PP755589.1|A/cattle/Texas/24-008749-003/2024(H5N1)	919	5109
HA|PP755589.1|A/cattle/Texas/24-008749-003/2024(H5N1)	920	5095
HA|PP755589.1|A/cattle/Texas/24-008749-003/2024(H5N1)	921	5197
HA|PP755589.1|A/cattle/Texas/24-008749-003/2024(H5N1)	922	5189
HA|PP755589.1|A/cattle/Texas/24-008749-003/2024(H5N1)	923	5206
HA|PP755589.1|A/cattle/Texas/24-008749-003/2024(H5N1)	924	5221
HA|PP755589.1|A/cattle/Texas/24-008749-003/2024(H5N1)	925	5198
HA|PP755589.1|A/cattle/Texas/24-008749-003/2024(H5N1)	926	5746
HA|PP755589.1|A/cattle/Texas/24-008749-003/2024(H5N1)	927	5749
HA|PP755589.1|A/cattle/Texas/24-008749-003/2024(H5N1)	928	5749
HA|PP755589.1|A/cattle/Texas/24-008749-003/2024(H5N1)	929	5752
HA|PP755589.1|A/cattle/Texas/24-008749-003/2024(H5N1)	930	5676
HA|PP755589.1|A/cattle/Texas/24-008749-003/2024(H5N1)	931	5675
HA|PP755589.1|A/cattle/Texas/24-008749-003/2024(H5N1)	932	5666
HA|PP755589.1|A/cattle/Texas/24-008749-003/2024(H5N1)	933	5771
HA|PP755589.1|A/cattle/Texas/24-008749-003/2024(H5N1)	934	5782
HA|PP755589.1|A/cattle/Texas/24-008749-003/2024(H5N1)	935	5240
HA|PP755589.1|A/cattle/Texas/24-008749-003/2024(H5N1)	936	5210
HA|PP755589.1|A/cattle/Texas/24-008749-003/2024(H5N1)	937	5217
HA|PP755589.1|A/cattle/Texas/24-008749-003/2024(H5N1)	938	5225
HA|PP755589.1|A/cattle/Texas/24-008749-003/2024(H5N1)	939	5237
HA|PP755589.1|A/cattle/Texas/24-008749-003/2024(H5N1)	940	5252
HA|PP755589.1|A/cattle/Texas/24-008749-003/2024(H5N1)	941	5505
HA|PP755589.1|A/cattle/Texas/24-008749-003/2024(H5N1)	942	5440
HA|PP755589.1|A/cattle/Texas/24-008749-003/2024(H5N1)	943	5431
HA|PP755589.1|A/cattle/Texas/24-008749-003/2024(H5N1)	944	5343
HA|PP755589.1|A/cattle/Texas/24-008749-003/2024(H5N1)	945	5303
HA|PP755589.1|A/cattle/Texas/24-008749-003/2024(H5N1)	946	5310
HA|PP755589.1|A/cattle/Texas/24-008749-003/2024(H5N1)	947	5298
HA|PP755589.1|A/cattle/Texas/24-008749-003/2024(H5N1)	948	5300
HA|PP755589.1|A/cattle/Texas/24-008749-003/2024(H5N1)	949	5289
HA|PP755589.1|A/cattle/Texas/24-008749-003/2024(H5N1)	950	4986
HA|PP755589.1|A/cattle/Texas/24-008749-003/2024(H5N1)	951	5011
HA|PP755589.1|A/cattle/Texas/24-008749-003/2024(H5N1)	952	4980
HA|PP755589.1|A/cattle/Texas/24-008749-003/2024(H5N1)	953	5002
HA|PP755589.1|A/cattle/Texas/24-008749-003/2024(H5N1)	954	5050
HA|PP755589.1|A/cattle/Texas/24-008749-003/2024(H5N1)	955	5113
HA|PP755589.1|A/cattle/Texas/24-008749-003/2024(H5N1)	956	5121
HA|PP755589.1|A/cattle/Texas/24-008749-003/2024(H5N1)	957	5146
HA|PP755589.1|A/cattle/Texas/24-008749-003/2024(H5N1)	958	5159
HA|PP755589.1|A/cattle/Texas/24-008749-003/2024(H5N1)	959	5159
HA|PP755589.1|A/cattle/Texas/24-008749-003/2024(H5N1)	960	5237
HA|PP755589.1|A/cattle/Texas/24-008749-003/2024(H5N1)	961	5284
HA|PP755589.1|A/cattle/Texas/24-008749-003/2024(H5N1)	962	5280
HA|PP755589.1|A/cattle/Texas/24-008749-003/2024(H5N1)	963	5225
HA|PP755589.1|A/cattle/Texas/24-008749-003/2024(H5N1)	964	5224
HA|PP755589.1|A/cattle/Texas/24-008749-003/2024(H5N1)	965	5254
HA|PP755589.1|A/cattle/Texas/24-008749-003/2024(H5N1)	966	5254
HA|PP755589.1|A/cattle/Texas/24-008749-003/2024(H5N1)	967	5296
HA|PP755589.1|A/cattle/Texas/24-008749-003/2024(H5N1)	968	5375
HA|PP755589.1|A/cattle/Texas/24-008749-003/2024(H5N1)	969	5374
HA|PP755589.1|A/cattle/Texas/24-008749-003/2024(H5N1)	970	5367
HA|PP755589.1|A/cattle/Texas/24-008749-003/2024(H5N1)	971	5374
HA|PP755589.1|A/cattle/Texas/24-008749-003/2024(H5N1)	972	5367
HA|PP755589.1|A/cattle/Texas/24-008749-003/2024(H5N1)	973	5404
HA|PP755589.1|A/cattle/Texas/24-008749-003/2024(H5N1)	974	5383
HA|PP755589.1|A/cattle/Texas/24-008749-003/2024(H5N1)	975	5369
HA|PP755589.1|A/cattle/Texas/24-008749-003/2024(H5N1)	976	5386
HA|PP755589.1|A/cattle/Texas/24-008749-003/2024(H5N1)	977	5428
HA|PP755589.1|A/cattle/Texas/24-008749-003/2024(H5N1)	978	5431
HA|PP755589.1|A/cattle/Texas/24-008749-003/2024(H5N1)	979	5556
HA|PP755589.1|A/cattle/Texas/24-008749-003/2024(H5N1)	980	5615
HA|PP755589.1|A/cattle/Texas/24-008749-003/2024(H5N1)	981	5602
HA|PP755589.1|A/cattle/Texas/24-008749-003/2024(H5N1)	982	5585
HA|PP755589.1|A/cattle/Texas/24-008749-003/2024(H5N1)	983	5608
HA|PP755589.1|A/cattle/Texas/24-008749-003/2024(H5N1)	984	5674
HA|PP755589.1|A/cattle/Texas/24-008749-003/2024(H5N1)	985	5690
HA|PP755589.1|A/cattle/Texas/24-008749-003/2024(H5N1)	986	5682
HA|PP755589.1|A/cattle/Texas/24-008749-003/2024(H5N1)	987	5694
HA|PP755589.1|A/cattle/Texas/24-008749-003/2024(H5N1)	988	5695
HA|PP755589.1|A/cattle/Texas/24-008749-003/2024(H5N1)	989	5790
HA|PP755589.1|A/cattle/Texas/24-008749-003/2024(H5N1)	990	5788
HA|PP755589.1|A/cattle/Texas/24-008749-003/2024(H5N1)	991	5779
HA|PP755589.1|A/cattle/Texas/24-008749-003/2024(H5N1)	992	5777
HA|PP755589.1|A/cattle/Texas/24-008749-003/2024(H5N1)	993	5735
HA|PP755589.1|A/cattle/Texas/24-008749-003/2024(H5N1)	994	5752
HA|PP755589.1|A/cattle/Texas/24-008749-003/2024(H5N1)	995	5757
HA|PP755589.1|A/cattle/Texas/24-008749-003/2024(H5N1)	996	5811
HA|PP755589.1|A/cattle/Texas/24-008749-003/2024(H5N1)	997	5825
HA|PP755589.1|A/cattle/Texas/24-008749-003/2024(H5N1)	998	5803
HA|PP755589.1|A/cattle/Texas/24-008749-003/2024(H5N1)	999	5869
HA|PP755589.1|A/cattle/Texas/24-008749-003/2024(H5N1)	1000	5864
HA|PP755589.1|A/cattle/Texas/24-008749-003/2024(H5N1)	1001	5970
HA|PP755589.1|A/cattle/Texas/24-008749-003/2024(H5N1)	1002	5975
HA|PP755589.1|A/cattle/Texas/24-008749-003/2024(H5N1)	1003	5957
HA|PP755589.1|A/cattle/Texas/24-008749-003/2024(H5N1)	1004	5945
HA|PP755589.1|A/cattle/Texas/24-008749-003/2024(H5N1)	1005	5896
HA|PP755589.1|A/cattle/Texas/24-008749-003/2024(H5N1)	1006	5819
HA|PP755589.1|A/cattle/Texas/24-008749-003/2024(H5N1)	1007	5551
HA|PP755589.1|A/cattle/Texas/24-008749-003/2024(H5N1)	1008	5455
HA|PP755589.1|A/cattle/Texas/24-008749-003/2024(H5N1)	1009	5481
HA|PP755589.1|A/cattle/Texas/24-008749-003/2024(H5N1)	1010	5443
HA|PP755589.1|A/cattle/Texas/24-008749-003/2024(H5N1)	1011	5393
HA|PP755589.1|A/cattle/Texas/24-008749-003/2024(H5N1)	1012	5332
HA|PP755589.1|A/cattle/Texas/24-008749-003/2024(H5N1)	1013	5321
HA|PP755589.1|A/cattle/Texas/24-008749-003/2024(H5N1)	1014	5333
HA|PP755589.1|A/cattle/Texas/24-008749-003/2024(H5N1)	1015	5346
HA|PP755589.1|A/cattle/Texas/24-008749-003/2024(H5N1)	1016	5354
HA|PP755589.1|A/cattle/Texas/24-008749-003/2024(H5N1)	1017	5378
HA|PP755589.1|A/cattle/Texas/24-008749-003/2024(H5N1)	1018	5220
HA|PP755589.1|A/cattle/Texas/24-008749-003/2024(H5N1)	1019	5168
HA|PP755589.1|A/cattle/Texas/24-008749-003/2024(H5N1)	1020	5163
HA|PP755589.1|A/cattle/Texas/24-008749-003/2024(H5N1)	1021	5151
HA|PP755589.1|A/cattle/Texas/24-008749-003/2024(H5N1)	1022	5168
HA|PP755589.1|A/cattle/Texas/24-008749-003/2024(H5N1)	1023	5225
HA|PP755589.1|A/cattle/Texas/24-008749-003/2024(H5N1)	1024	5200
HA|PP755589.1|A/cattle/Texas/24-008749-003/2024(H5N1)	1025	5207
HA|PP755589.1|A/cattle/Texas/24-008749-003/2024(H5N1)	1026	5207
HA|PP755589.1|A/cattle/Texas/24-008749-003/2024(H5N1)	1027	5198
HA|PP755589.1|A/cattle/Texas/24-008749-003/2024(H5N1)	1028	5207
HA|PP755589.1|A/cattle/Texas/24-008749-003/2024(H5N1)	1029	5305
HA|PP755589.1|A/cattle/Texas/24-008749-003/2024(H5N1)	1030	5301
HA|PP755589.1|A/cattle/Texas/24-008749-003/2024(H5N1)	1031	5274
HA|PP755589.1|A/cattle/Texas/24-008749-003/2024(H5N1)	1032	5284
HA|PP755589.1|A/cattle/Texas/24-008749-003/2024(H5N1)	1033	5282
HA|PP755589.1|A/cattle/Texas/24-008749-003/2024(H5N1)	1034	5282
HA|PP755589.1|A/cattle/Texas/24-008749-003/2024(H5N1)	1035	5272
HA|PP755589.1|A/cattle/Texas/24-008749-003/2024(H5N1)	1036	5321
HA|PP755589.1|A/cattle/Texas/24-008749-003/2024(H5N1)	1037	5321
HA|PP755589.1|A/cattle/Texas/24-008749-003/2024(H5N1)	1038	5228
HA|PP755589.1|A/cattle/Texas/24-008749-003/2024(H5N1)	1039	5252
HA|PP755589.1|A/cattle/Texas/24-008749-003/2024(H5N1)	1040	5263
HA|PP755589.1|A/cattle/Texas/24-008749-003/2024(H5N1)	1041	5399
HA|PP755589.1|A/cattle/Texas/24-008749-003/2024(H5N1)	1042	5416
HA|PP755589.1|A/cattle/Texas/24-008749-003/2024(H5N1)	1043	5416
HA|PP755589.1|A/cattle/Texas/24-008749-003/2024(H5N1)	1044	5421
HA|PP755589.1|A/cattle/Texas/24-008749-003/2024(H5N1)	1045	5364
HA|PP755589.1|A/cattle/Texas/24-008749-003/2024(H5N1)	1046	5367
HA|PP755589.1|A/cattle/Texas/24-008749-003/2024(H5N1)	1047	5467
HA|PP755589.1|A/cattle/Texas/24-008749-003/2024(H5N1)	1048	5467
HA|PP755589.1|A/cattle/Texas/24-008749-003/2024(H5N1)	1049	5453
HA|PP755589.1|A/cattle/Texas/24-008749-003/2024(H5N1)	1050	5327
HA|PP755589.1|A/cattle/Texas/24-008749-003/2024(H5N1)	1051	5445
HA|PP755589.1|A/cattle/Texas/24-008749-003/2024(H5N1)	1052	5459
HA|PP755589.1|A/cattle/Texas/24-008749-003/2024(H5N1)	1053	5467
HA|PP755589.1|A/cattle/Texas/24-008749-003/2024(H5N1)	1054	5458
HA|PP755589.1|A/cattle/Texas/24-008749-003/2024(H5N1)	1055	5446
HA|PP755589.1|A/cattle/Texas/24-008749-003/2024(H5N1)	1056	5420
HA|PP755589.1|A/cattle/Texas/24-008749-003/2024(H5N1)	1057	5611
HA|PP755589.1|A/cattle/Texas/24-008749-003/2024(H5N1)	1058	5916
HA|PP755589.1|A/cattle/Texas/24-008749-003/2024(H5N1)	1059	5918
HA|PP755589.1|A/cattle/Texas/24-008749-003/2024(H5N1)	1060	5866
HA|PP755589.1|A/cattle/Texas/24-008749-003/2024(H5N1)	1061	5849
HA|PP755589.1|A/cattle/Texas/24-008749-003/2024(H5N1)	1062	5857
HA|PP755589.1|A/cattle/Texas/24-008749-003/2024(H5N1)	1063	5881
HA|PP755589.1|A/cattle/Texas/24-008749-003/2024(H5N1)	1064	5864
HA|PP755589.1|A/cattle/Texas/24-008749-003/2024(H5N1)	1065	5862
HA|PP755589.1|A/cattle/Texas/24-008749-003/2024(H5N1)	1066	5877
HA|PP755589.1|A/cattle/Texas/24-008749-003/2024(H5N1)	1067	5378
HA|PP755589.1|A/cattle/Texas/24-008749-003/2024(H5N1)	1068	5377
HA|PP755589.1|A/cattle/Texas/24-008749-003/2024(H5N1)	1069	5382
HA|PP755589.1|A/cattle/Texas/24-008749-003/2024(H5N1)	1070	5399
HA|PP755589.1|A/cattle/Texas/24-008749-003/2024(H5N1)	1071	5388
HA|PP755589.1|A/cattle/Texas/24-008749-003/2024(H5N1)	1072	5374
HA|PP755589.1|A/cattle/Texas/24-008749-003/2024(H5N1)	1073	5378
HA|PP755589.1|A/cattle/Texas/24-008749-003/2024(H5N1)	1074	5390
HA|PP755589.1|A/cattle/Texas/24-008749-003/2024(H5N1)	1075	5411
HA|PP755589.1|A/cattle/Texas/24-008749-003/2024(H5N1)	1076	5423
HA|PP755589.1|A/cattle/Texas/24-008749-003/2024(H5N1)	1077	4963
HA|PP755589.1|A/cattle/Texas/24-008749-003/2024(H5N1)	1078	4937
HA|PP755589.1|A/cattle/Texas/24-008749-003/2024(H5N1)	1079	4903
HA|PP755589.1|A/cattle/Texas/24-008749-003/2024(H5N1)	1080	4922
HA|PP755589.1|A/cattle/Texas/24-008749-003/2024(H5N1)	1081	4918
HA|PP755589.1|A/cattle/Texas/24-008749-003/2024(H5N1)	1082	4942
HA|PP755589.1|A/cattle/Texas/24-008749-003/2024(H5N1)	1083	4937
HA|PP755589.1|A/cattle/Texas/24-008749-003/2024(H5N1)	1084	4828
HA|PP755589.1|A/cattle/Texas/24-008749-003/2024(H5N1)	1085	4812
HA|PP755589.1|A/cattle/Texas/24-008749-003/2024(H5N1)	1086	4871
HA|PP755589.1|A/cattle/Texas/24-008749-003/2024(H5N1)	1087	4927
HA|PP755589.1|A/cattle/Texas/24-008749-003/2024(H5N1)	1088	4935
HA|PP755589.1|A/cattle/Texas/24-008749-003/2024(H5N1)	1089	4921
HA|PP755589.1|A/cattle/Texas/24-008749-003/2024(H5N1)	1090	4911
HA|PP755589.1|A/cattle/Texas/24-008749-003/2024(H5N1)	1091	5023
HA|PP755589.1|A/cattle/Texas/24-008749-003/2024(H5N1)	1092	4831
HA|PP755589.1|A/cattle/Texas/24-008749-003/2024(H5N1)	1093	4871
HA|PP755589.1|A/cattle/Texas/24-008749-003/2024(H5N1)	1094	4856
HA|PP755589.1|A/cattle/Texas/24-008749-003/2024(H5N1)	1095	4775
HA|PP755589.1|A/cattle/Texas/24-008749-003/2024(H5N1)	1096	4720
HA|PP755589.1|A/cattle/Texas/24-008749-003/2024(H5N1)	1097	4809
HA|PP755589.1|A/cattle/Texas/24-008749-003/2024(H5N1)	1098	4895
HA|PP755589.1|A/cattle/Texas/24-008749-003/2024(H5N1)	1099	4953
HA|PP755589.1|A/cattle/Texas/24-008749-003/2024(H5N1)	1100	4981
HA|PP755589.1|A/cattle/Texas/24-008749-003/2024(H5N1)	1101	4979
HA|PP755589.1|A/cattle/Texas/24-008749-003/2024(H5N1)	1102	5099
HA|PP755589.1|A/cattle/Texas/24-008749-003/2024(H5N1)	1103	5117
HA|PP755589.1|A/cattle/Texas/24-008749-003/2024(H5N1)	1104	5120
HA|PP755589.1|A/cattle/Texas/24-008749-003/2024(H5N1)	1105	5075
HA|PP755589.1|A/cattle/Texas/24-008749-003/2024(H5N1)	1106	4991
HA|PP755589.1|A/cattle/Texas/24-008749-003/2024(H5N1)	1107	5021
HA|PP755589.1|A/cattle/Texas/24-008749-003/2024(H5N1)	1108	5057
HA|PP755589.1|A/cattle/Texas/24-008749-003/2024(H5N1)	1109	5056
HA|PP755589.1|A/cattle/Texas/24-008749-003/2024(H5N1)	1110	5235
HA|PP755589.1|A/cattle/Texas/24-008749-003/2024(H5N1)	1111	5153
HA|PP755589.1|A/cattle/Texas/24-008749-003/2024(H5N1)	1112	5084
HA|PP755589.1|A/cattle/Texas/24-008749-003/2024(H5N1)	1113	5094
HA|PP755589.1|A/cattle/Texas/24-008749-003/2024(H5N1)	1114	5093
HA|PP755589.1|A/cattle/Texas/24-008749-003/2024(H5N1)	1115	5208
HA|PP755589.1|A/cattle/Texas/24-008749-003/2024(H5N1)	1116	5181
HA|PP755589.1|A/cattle/Texas/24-008749-003/2024(H5N1)	1117	5176
HA|PP755589.1|A/cattle/Texas/24-008749-003/2024(H5N1)	1118	5181
HA|PP755589.1|A/cattle/Texas/24-008749-003/2024(H5N1)	1119	5069
HA|PP755589.1|A/cattle/Texas/24-008749-003/2024(H5N1)	1120	5444
HA|PP755589.1|A/cattle/Texas/24-008749-003/2024(H5N1)	1121	5736
HA|PP755589.1|A/cattle/Texas/24-008749-003/2024(H5N1)	1122	5824
HA|PP755589.1|A/cattle/Texas/24-008749-003/2024(H5N1)	1123	5844
HA|PP755589.1|A/cattle/Texas/24-008749-003/2024(H5N1)	1124	5761
HA|PP755589.1|A/cattle/Texas/24-008749-003/2024(H5N1)	1125	5891
HA|PP755589.1|A/cattle/Texas/24-008749-003/2024(H5N1)	1126	5929
HA|PP755589.1|A/cattle/Texas/24-008749-003/2024(H5N1)	1127	6010
HA|PP755589.1|A/cattle/Texas/24-008749-003/2024(H5N1)	1128	6027
HA|PP755589.1|A/cattle/Texas/24-008749-003/2024(H5N1)	1129	5872
HA|PP755589.1|A/cattle/Texas/24-008749-003/2024(H5N1)	1130	5997
HA|PP755589.1|A/cattle/Texas/24-008749-003/2024(H5N1)	1131	5969
HA|PP755589.1|A/cattle/Texas/24-008749-003/2024(H5N1)	1132	6055
HA|PP755589.1|A/cattle/Texas/24-008749-003/2024(H5N1)	1133	6054
HA|PP755589.1|A/cattle/Texas/24-008749-003/2024(H5N1)	1134	6080
HA|PP755589.1|A/cattle/Texas/24-008749-003/2024(H5N1)	1135	5992
HA|PP755589.1|A/cattle/Texas/24-008749-003/2024(H5N1)	1136	5960
HA|PP755589.1|A/cattle/Texas/24-008749-003/2024(H5N1)	1137	5914
HA|PP755589.1|A/cattle/Texas/24-008749-003/2024(H5N1)	1138	5919
HA|PP755589.1|A/cattle/Texas/24-008749-003/2024(H5N1)	1139	5942
HA|PP755589.1|A/cattle/Texas/24-008749-003/2024(H5N1)	1140	5836
HA|PP755589.1|A/cattle/Texas/24-008749-003/2024(H5N1)	1141	5861
HA|PP755589.1|A/cattle/Texas/24-008749-003/2024(H5N1)	1142	5862
HA|PP755589.1|A/cattle/Texas/24-008749-003/2024(H5N1)	1143	5848
HA|PP755589.1|A/cattle/Texas/24-008749-003/2024(H5N1)	1144	5904
HA|PP755589.1|A/cattle/Texas/24-008749-003/2024(H5N1)	1145	5909
HA|PP755589.1|A/cattle/Texas/24-008749-003/2024(H5N1)	1146	5962
HA|PP755589.1|A/cattle/Texas/24-008749-003/2024(H5N1)	1147	5945
HA|PP755589.1|A/cattle/Texas/24-008749-003/2024(H5N1)	1148	5931
HA|PP755589.1|A/cattle/Texas/24-008749-003/2024(H5N1)	1149	5927
HA|PP755589.1|A/cattle/Texas/24-008749-003/2024(H5N1)	1150	5916
HA|PP755589.1|A/cattle/Texas/24-008749-003/2024(H5N1)	1151	5925
HA|PP755589.1|A/cattle/Texas/24-008749-003/2024(H5N1)	1152	5833
HA|PP755589.1|A/cattle/Texas/24-008749-003/2024(H5N1)	1153	5831
HA|PP755589.1|A/cattle/Texas/24-008749-003/2024(H5N1)	1154	5844
HA|PP755589.1|A/cattle/Texas/24-008749-003/2024(H5N1)	1155	5831
HA|PP755589.1|A/cattle/Texas/24-008749-003/2024(H5N1)	1156	5945
HA|PP755589.1|A/cattle/Texas/24-008749-003/2024(H5N1)	1157	6024
HA|PP755589.1|A/cattle/Texas/24-008749-003/2024(H5N1)	1158	6041
HA|PP755589.1|A/cattle/Texas/24-008749-003/2024(H5N1)	1159	5996
HA|PP755589.1|A/cattle/Texas/24-008749-003/2024(H5N1)	1160	5989
HA|PP755589.1|A/cattle/Texas/24-008749-003/2024(H5N1)	1161	5966
HA|PP755589.1|A/cattle/Texas/24-008749-003/2024(H5N1)	1162	5966
HA|PP755589.1|A/cattle/Texas/24-008749-003/2024(H5N1)	1163	6014
HA|PP755589.1|A/cattle/Texas/24-008749-003/2024(H5N1)	1164	6089
HA|PP755589.1|A/cattle/Texas/24-008749-003/2024(H5N1)	1165	6359
HA|PP755589.1|A/cattle/Texas/24-008749-003/2024(H5N1)	1166	6315
HA|PP755589.1|A/cattle/Texas/24-008749-003/2024(H5N1)	1167	6303
HA|PP755589.1|A/cattle/Texas/24-008749-003/2024(H5N1)	1168	6339
HA|PP755589.1|A/cattle/Texas/24-008749-003/2024(H5N1)	1169	6598
HA|PP755589.1|A/cattle/Texas/24-008749-003/2024(H5N1)	1170	6614
HA|PP755589.1|A/cattle/Texas/24-008749-003/2024(H5N1)	1171	6618
HA|PP755589.1|A/cattle/Texas/24-008749-003/2024(H5N1)	1172	6802
HA|PP755589.1|A/cattle/Texas/24-008749-003/2024(H5N1)	1173	6759
HA|PP755589.1|A/cattle/Texas/24-008749-003/2024(H5N1)	1174	6776
HA|PP755589.1|A/cattle/Texas/24-008749-003/2024(H5N1)	1175	6885
HA|PP755589.1|A/cattle/Texas/24-008749-003/2024(H5N1)	1176	6854
HA|PP755589.1|A/cattle/Texas/24-008749-003/2024(H5N1)	1177	6900
HA|PP755589.1|A/cattle/Texas/24-008749-003/2024(H5N1)	1178	6925
HA|PP755589.1|A/cattle/Texas/24-008749-003/2024(H5N1)	1179	6921
HA|PP755589.1|A/cattle/Texas/24-008749-003/2024(H5N1)	1180	6935
HA|PP755589.1|A/cattle/Texas/24-008749-003/2024(H5N1)	1181	7053
HA|PP755589.1|A/cattle/Texas/24-008749-003/2024(H5N1)	1182	7077
HA|PP755589.1|A/cattle/Texas/24-008749-003/2024(H5N1)	1183	7074
HA|PP755589.1|A/cattle/Texas/24-008749-003/2024(H5N1)	1184	7064
HA|PP755589.1|A/cattle/Texas/24-008749-003/2024(H5N1)	1185	7143
HA|PP755589.1|A/cattle/Texas/24-008749-003/2024(H5N1)	1186	7169
HA|PP755589.1|A/cattle/Texas/24-008749-003/2024(H5N1)	1187	7120
HA|PP755589.1|A/cattle/Texas/24-008749-003/2024(H5N1)	1188	7304
HA|PP755589.1|A/cattle/Texas/24-008749-003/2024(H5N1)	1189	7327
HA|PP755589.1|A/cattle/Texas/24-008749-003/2024(H5N1)	1190	7230
HA|PP755589.1|A/cattle/Texas/24-008749-003/2024(H5N1)	1191	7108
HA|PP755589.1|A/cattle/Texas/24-008749-003/2024(H5N1)	1192	7094
HA|PP755589.1|A/cattle/Texas/24-008749-003/2024(H5N1)	1193	7234
HA|PP755589.1|A/cattle/Texas/24-008749-003/2024(H5N1)	1194	7262
HA|PP755589.1|A/cattle/Texas/24-008749-003/2024(H5N1)	1195	7252
HA|PP755589.1|A/cattle/Texas/24-008749-003/2024(H5N1)	1196	7274
HA|PP755589.1|A/cattle/Texas/24-008749-003/2024(H5N1)	1197	7165
HA|PP755589.1|A/cattle/Texas/24-008749-003/2024(H5N1)	1198	7217
HA|PP755589.1|A/cattle/Texas/24-008749-003/2024(H5N1)	1199	7214
HA|PP755589.1|A/cattle/Texas/24-008749-003/2024(H5N1)	1200	7251
HA|PP755589.1|A/cattle/Texas/24-008749-003/2024(H5N1)	1201	7250
HA|PP755589.1|A/cattle/Texas/24-008749-003/2024(H5N1)	1202	7105
HA|PP755589.1|A/cattle/Texas/24-008749-003/2024(H5N1)	1203	7097
HA|PP755589.1|A/cattle/Texas/24-008749-003/2024(H5N1)	1204	7117
HA|PP755589.1|A/cattle/Texas/24-008749-003/2024(H5N1)	1205	7159
HA|PP755589.1|A/cattle/Texas/24-008749-003/2024(H5N1)	1206	7173
HA|PP755589.1|A/cattle/Texas/24-008749-003/2024(H5N1)	1207	7135
HA|PP755589.1|A/cattle/Texas/24-008749-003/2024(H5N1)	1208	6995
HA|PP755589.1|A/cattle/Texas/24-008749-003/2024(H5N1)	1209	6803
HA|PP755589.1|A/cattle/Texas/24-008749-003/2024(H5N1)	1210	6825
HA|PP755589.1|A/cattle/Texas/24-008749-003/2024(H5N1)	1211	6852
HA|PP755589.1|A/cattle/Texas/24-008749-003/2024(H5N1)	1212	6851
HA|PP755589.1|A/cattle/Texas/24-008749-003/2024(H5N1)	1213	7079
HA|PP755589.1|A/cattle/Texas/24-008749-003/2024(H5N1)	1214	7045
HA|PP755589.1|A/cattle/Texas/24-008749-003/2024(H5N1)	1215	7119
HA|PP755589.1|A/cattle/Texas/24-008749-003/2024(H5N1)	1216	7116
HA|PP755589.1|A/cattle/Texas/24-008749-003/2024(H5N1)	1217	7205
HA|PP755589.1|A/cattle/Texas/24-008749-003/2024(H5N1)	1218	7182
HA|PP755589.1|A/cattle/Texas/24-008749-003/2024(H5N1)	1219	7218
HA|PP755589.1|A/cattle/Texas/24-008749-003/2024(H5N1)	1220	7209
HA|PP755589.1|A/cattle/Texas/24-008749-003/2024(H5N1)	1221	7344
HA|PP755589.1|A/cattle/Texas/24-008749-003/2024(H5N1)	1222	7349
HA|PP755589.1|A/cattle/Texas/24-008749-003/2024(H5N1)	1223	7282
HA|PP755589.1|A/cattle/Texas/24-008749-003/2024(H5N1)	1224	7244
HA|PP755589.1|A/cattle/Texas/24-008749-003/2024(H5N1)	1225	7236
HA|PP755589.1|A/cattle/Texas/24-008749-003/2024(H5N1)	1226	7188
HA|PP755589.1|A/cattle/Texas/24-008749-003/2024(H5N1)	1227	7171
HA|PP755589.1|A/cattle/Texas/24-008749-003/2024(H5N1)	1228	7161
HA|PP755589.1|A/cattle/Texas/24-008749-003/2024(H5N1)	1229	7239
HA|PP755589.1|A/cattle/Texas/24-008749-003/2024(H5N1)	1230	7173
HA|PP755589.1|A/cattle/Texas/24-008749-003/2024(H5N1)	1231	7506
HA|PP755589.1|A/cattle/Texas/24-008749-003/2024(H5N1)	1232	7528
HA|PP755589.1|A/cattle/Texas/24-008749-003/2024(H5N1)	1233	7531
HA|PP755589.1|A/cattle/Texas/24-008749-003/2024(H5N1)	1234	7548
HA|PP755589.1|A/cattle/Texas/24-008749-003/2024(H5N1)	1235	7573
HA|PP755589.1|A/cattle/Texas/24-008749-003/2024(H5N1)	1236	7612
HA|PP755589.1|A/cattle/Texas/24-008749-003/2024(H5N1)	1237	7537
HA|PP755589.1|A/cattle/Texas/24-008749-003/2024(H5N1)	1238	7454
HA|PP755589.1|A/cattle/Texas/24-008749-003/2024(H5N1)	1239	7510
HA|PP755589.1|A/cattle/Texas/24-008749-003/2024(H5N1)	1240	7622
HA|PP755589.1|A/cattle/Texas/24-008749-003/2024(H5N1)	1241	7431
HA|PP755589.1|A/cattle/Texas/24-008749-003/2024(H5N1)	1242	7473
HA|PP755589.1|A/cattle/Texas/24-008749-003/2024(H5N1)	1243	7472
HA|PP755589.1|A/cattle/Texas/24-008749-003/2024(H5N1)	1244	7431
HA|PP755589.1|A/cattle/Texas/24-008749-003/2024(H5N1)	1245	7511
HA|PP755589.1|A/cattle/Texas/24-008749-003/2024(H5N1)	1246	7505
HA|PP755589.1|A/cattle/Texas/24-008749-003/2024(H5N1)	1247	7493
HA|PP755589.1|A/cattle/Texas/24-008749-003/2024(H5N1)	1248	7402
HA|PP755589.1|A/cattle/Texas/24-008749-003/2024(H5N1)	1249	7240
HA|PP755589.1|A/cattle/Texas/24-008749-003/2024(H5N1)	1250	7278
HA|PP755589.1|A/cattle/Texas/24-008749-003/2024(H5N1)	1251	7186
HA|PP755589.1|A/cattle/Texas/24-008749-003/2024(H5N1)	1252	7179
HA|PP755589.1|A/cattle/Texas/24-008749-003/2024(H5N1)	1253	7177
HA|PP755589.1|A/cattle/Texas/24-008749-003/2024(H5N1)	1254	7114
HA|PP755589.1|A/cattle/Texas/24-008749-003/2024(H5N1)	1255	7137
HA|PP755589.1|A/cattle/Texas/24-008749-003/2024(H5N1)	1256	7231
HA|PP755589.1|A/cattle/Texas/24-008749-003/2024(H5N1)	1257	7274
HA|PP755589.1|A/cattle/Texas/24-008749-003/2024(H5N1)	1258	7231
HA|PP755589.1|A/cattle/Texas/24-008749-003/2024(H5N1)	1259	7198
HA|PP755589.1|A/cattle/Texas/24-008749-003/2024(H5N1)	1260	7248
HA|PP755589.1|A/cattle/Texas/24-008749-003/2024(H5N1)	1261	7067
HA|PP755589.1|A/cattle/Texas/24-008749-003/2024(H5N1)	1262	7174
HA|PP755589.1|A/cattle/Texas/24-008749-003/2024(H5N1)	1263	7435
HA|PP755589.1|A/cattle/Texas/24-008749-003/2024(H5N1)	1264	7487
HA|PP755589.1|A/cattle/Texas/24-008749-003/2024(H5N1)	1265	7426
HA|PP755589.1|A/cattle/Texas/24-008749-003/2024(H5N1)	1266	7258
HA|PP755589.1|A/cattle/Texas/24-008749-003/2024(H5N1)	1267	7220
HA|PP755589.1|A/cattle/Texas/24-008749-003/2024(H5N1)	1268	7173
HA|PP755589.1|A/cattle/Texas/24-008749-003/2024(H5N1)	1269	7191
HA|PP755589.1|A/cattle/Texas/24-008749-003/2024(H5N1)	1270	7501
HA|PP755589.1|A/cattle/Texas/24-008749-003/2024(H5N1)	1271	7097
HA|PP755589.1|A/cattle/Texas/24-008749-003/2024(H5N1)	1272	7074
HA|PP755589.1|A/cattle/Texas/24-008749-003/2024(H5N1)	1273	6999
HA|PP755589.1|A/cattle/Texas/24-008749-003/2024(H5N1)	1274	7142
HA|PP755589.1|A/cattle/Texas/24-008749-003/2024(H5N1)	1275	7159
HA|PP755589.1|A/cattle/Texas/24-008749-003/2024(H5N1)	1276	7045
HA|PP755589.1|A/cattle/Texas/24-008749-003/2024(H5N1)	1277	7042
HA|PP755589.1|A/cattle/Texas/24-008749-003/2024(H5N1)	1278	6916
HA|PP755589.1|A/cattle/Texas/24-008749-003/2024(H5N1)	1279	7202
HA|PP755589.1|A/cattle/Texas/24-008749-003/2024(H5N1)	1280	7210
HA|PP755589.1|A/cattle/Texas/24-008749-003/2024(H5N1)	1281	7114
HA|PP755589.1|A/cattle/Texas/24-008749-003/2024(H5N1)	1282	7094
HA|PP755589.1|A/cattle/Texas/24-008749-003/2024(H5N1)	1283	7038
HA|PP755589.1|A/cattle/Texas/24-008749-003/2024(H5N1)	1284	7020
HA|PP755589.1|A/cattle/Texas/24-008749-003/2024(H5N1)	1285	7005
HA|PP755589.1|A/cattle/Texas/24-008749-003/2024(H5N1)	1286	7055
HA|PP755589.1|A/cattle/Texas/24-008749-003/2024(H5N1)	1287	7034
HA|PP755589.1|A/cattle/Texas/24-008749-003/2024(H5N1)	1288	7160
HA|PP755589.1|A/cattle/Texas/24-008749-003/2024(H5N1)	1289	7146
HA|PP755589.1|A/cattle/Texas/24-008749-003/2024(H5N1)	1290	7118
HA|PP755589.1|A/cattle/Texas/24-008749-003/2024(H5N1)	1291	7125
HA|PP755589.1|A/cattle/Texas/24-008749-003/2024(H5N1)	1292	7285
HA|PP755589.1|A/cattle/Texas/24-008749-003/2024(H5N1)	1293	7483
HA|PP755589.1|A/cattle/Texas/24-008749-003/2024(H5N1)	1294	7459
HA|PP755589.1|A/cattle/Texas/24-008749-003/2024(H5N1)	1295	7502
HA|PP755589.1|A/cattle/Texas/24-008749-003/2024(H5N1)	1296	7515
HA|PP755589.1|A/cattle/Texas/24-008749-003/2024(H5N1)	1297	7457
HA|PP755589.1|A/cattle/Texas/24-008749-003/2024(H5N1)	1298	7593
HA|PP755589.1|A/cattle/Texas/24-008749-003/2024(H5N1)	1299	7629
HA|PP755589.1|A/cattle/Texas/24-008749-003/2024(H5N1)	1300	7582
HA|PP755589.1|A/cattle/Texas/24-008749-003/2024(H5N1)	1301	7578
HA|PP755589.1|A/cattle/Texas/24-008749-003/2024(H5N1)	1302	7572
HA|PP755589.1|A/cattle/Texas/24-008749-003/2024(H5N1)	1303	7573
HA|PP755589.1|A/cattle/Texas/24-008749-003/2024(H5N1)	1304	7563
HA|PP755589.1|A/cattle/Texas/24-008749-003/2024(H5N1)	1305	7699
HA|PP755589.1|A/cattle/Texas/24-008749-003/2024(H5N1)	1306	7906
HA|PP755589.1|A/cattle/Texas/24-008749-003/2024(H5N1)	1307	7776
HA|PP755589.1|A/cattle/Texas/24-008749-003/2024(H5N1)	1308	7712
HA|PP755589.1|A/cattle/Texas/24-008749-003/2024(H5N1)	1309	7689
HA|PP755589.1|A/cattle/Texas/24-008749-003/2024(H5N1)	1310	7696
HA|PP755589.1|A/cattle/Texas/24-008749-003/2024(H5N1)	1311	7829
HA|PP755589.1|A/cattle/Texas/24-008749-003/2024(H5N1)	1312	7846
HA|PP755589.1|A/cattle/Texas/24-008749-003/2024(H5N1)	1313	7893
HA|PP755589.1|A/cattle/Texas/24-008749-003/2024(H5N1)	1314	7901
HA|PP755589.1|A/cattle/Texas/24-008749-003/2024(H5N1)	1315	7732
HA|PP755589.1|A/cattle/Texas/24-008749-003/2024(H5N1)	1316	7788
HA|PP755589.1|A/cattle/Texas/24-008749-003/2024(H5N1)	1317	7789
HA|PP755589.1|A/cattle/Texas/24-008749-003/2024(H5N1)	1318	7782
HA|PP755589.1|A/cattle/Texas/24-008749-003/2024(H5N1)	1319	7899
HA|PP755589.1|A/cattle/Texas/24-008749-003/2024(H5N1)	1320	7657
HA|PP755589.1|A/cattle/Texas/24-008749-003/2024(H5N1)	1321	7633
HA|PP755589.1|A/cattle/Texas/24-008749-003/2024(H5N1)	1322	7578
HA|PP755589.1|A/cattle/Texas/24-008749-003/2024(H5N1)	1323	7365
HA|PP755589.1|A/cattle/Texas/24-008749-003/2024(H5N1)	1324	7383
HA|PP755589.1|A/cattle/Texas/24-008749-003/2024(H5N1)	1325	7365
HA|PP755589.1|A/cattle/Texas/24-008749-003/2024(H5N1)	1326	7334
HA|PP755589.1|A/cattle/Texas/24-008749-003/2024(H5N1)	1327	7421
HA|PP755589.1|A/cattle/Texas/24-008749-003/2024(H5N1)	1328	7324
HA|PP755589.1|A/cattle/Texas/24-008749-003/2024(H5N1)	1329	7398
HA|PP755589.1|A/cattle/Texas/24-008749-003/2024(H5N1)	1330	7253
HA|PP755589.1|A/cattle/Texas/24-008749-003/2024(H5N1)	1331	7254
HA|PP755589.1|A/cattle/Texas/24-008749-003/2024(H5N1)	1332	7251
HA|PP755589.1|A/cattle/Texas/24-008749-003/2024(H5N1)	1333	7239
HA|PP755589.1|A/cattle/Texas/24-008749-003/2024(H5N1)	1334	7278
HA|PP755589.1|A/cattle/Texas/24-008749-003/2024(H5N1)	1335	7398
HA|PP755589.1|A/cattle/Texas/24-008749-003/2024(H5N1)	1336	7330
HA|PP755589.1|A/cattle/Texas/24-008749-003/2024(H5N1)	1337	7374
HA|PP755589.1|A/cattle/Texas/24-008749-003/2024(H5N1)	1338	7221
HA|PP755589.1|A/cattle/Texas/24-008749-003/2024(H5N1)	1339	7220
HA|PP755589.1|A/cattle/Texas/24-008749-003/2024(H5N1)	1340	7232
HA|PP755589.1|A/cattle/Texas/24-008749-003/2024(H5N1)	1341	7236
HA|PP755589.1|A/cattle/Texas/24-008749-003/2024(H5N1)	1342	7266
HA|PP755589.1|A/cattle/Texas/24-008749-003/2024(H5N1)	1343	7265
HA|PP755589.1|A/cattle/Texas/24-008749-003/2024(H5N1)	1344	7162
HA|PP755589.1|A/cattle/Texas/24-008749-003/2024(H5N1)	1345	7239
HA|PP755589.1|A/cattle/Texas/24-008749-003/2024(H5N1)	1346	7259
HA|PP755589.1|A/cattle/Texas/24-008749-003/2024(H5N1)	1347	7317
HA|PP755589.1|A/cattle/Texas/24-008749-003/2024(H5N1)	1348	7316
HA|PP755589.1|A/cattle/Texas/24-008749-003/2024(H5N1)	1349	7248
HA|PP755589.1|A/cattle/Texas/24-008749-003/2024(H5N1)	1350	7254
HA|PP755589.1|A/cattle/Texas/24-008749-003/2024(H5N1)	1351	7211
HA|PP755589.1|A/cattle/Texas/24-008749-003/2024(H5N1)	1352	7277
HA|PP755589.1|A/cattle/Texas/24-008749-003/2024(H5N1)	1353	7365
HA|PP755589.1|A/cattle/Texas/24-008749-003/2024(H5N1)	1354	7400
HA|PP755589.1|A/cattle/Texas/24-008749-003/2024(H5N1)	1355	7554
HA|PP755589.1|A/cattle/Texas/24-008749-003/2024(H5N1)	1356	7479
HA|PP755589.1|A/cattle/Texas/24-008749-003/2024(H5N1)	1357	7531
HA|PP755589.1|A/cattle/Texas/24-008749-003/2024(H5N1)	1358	7541
HA|PP755589.1|A/cattle/Texas/24-008749-003/2024(H5N1)	1359	7568
HA|PP755589.1|A/cattle/Texas/24-008749-003/2024(H5N1)	1360	7530
HA|PP755589.1|A/cattle/Texas/24-008749-003/2024(H5N1)	1361	7631
HA|PP755589.1|A/cattle/Texas/24-008749-003/2024(H5N1)	1362	7642
HA|PP755589.1|A/cattle/Texas/24-008749-003/2024(H5N1)	1363	7591
HA|PP755589.1|A/cattle/Texas/24-008749-003/2024(H5N1)	1364	7685
HA|PP755589.1|A/cattle/Texas/24-008749-003/2024(H5N1)	1365	7652
HA|PP755589.1|A/cattle/Texas/24-008749-003/2024(H5N1)	1366	7630
HA|PP755589.1|A/cattle/Texas/24-008749-003/2024(H5N1)	1367	7625
HA|PP755589.1|A/cattle/Texas/24-008749-003/2024(H5N1)	1368	7515
HA|PP755589.1|A/cattle/Texas/24-008749-003/2024(H5N1)	1369	7492
HA|PP755589.1|A/cattle/Texas/24-008749-003/2024(H5N1)	1370	7628
HA|PP755589.1|A/cattle/Texas/24-008749-003/2024(H5N1)	1371	7716
HA|PP755589.1|A/cattle/Texas/24-008749-003/2024(H5N1)	1372	7584
HA|PP755589.1|A/cattle/Texas/24-008749-003/2024(H5N1)	1373	7645
HA|PP755589.1|A/cattle/Texas/24-008749-003/2024(H5N1)	1374	7638
HA|PP755589.1|A/cattle/Texas/24-008749-003/2024(H5N1)	1375	7671
HA|PP755589.1|A/cattle/Texas/24-008749-003/2024(H5N1)	1376	7884
HA|PP755589.1|A/cattle/Texas/24-008749-003/2024(H5N1)	1377	7875
HA|PP755589.1|A/cattle/Texas/24-008749-003/2024(H5N1)	1378	7978
HA|PP755589.1|A/cattle/Texas/24-008749-003/2024(H5N1)	1379	7961
HA|PP755589.1|A/cattle/Texas/24-008749-003/2024(H5N1)	1380	7944
HA|PP755589.1|A/cattle/Texas/24-008749-003/2024(H5N1)	1381	7947
HA|PP755589.1|A/cattle/Texas/24-008749-003/2024(H5N1)	1382	7636
HA|PP755589.1|A/cattle/Texas/24-008749-003/2024(H5N1)	1383	7642
HA|PP755589.1|A/cattle/Texas/24-008749-003/2024(H5N1)	1384	7649
HA|PP755589.1|A/cattle/Texas/24-008749-003/2024(H5N1)	1385	7627
HA|PP755589.1|A/cattle/Texas/24-008749-003/2024(H5N1)	1386	7699
HA|PP755589.1|A/cattle/Texas/24-008749-003/2024(H5N1)	1387	7681
HA|PP755589.1|A/cattle/Texas/24-008749-003/2024(H5N1)	1388	7603
HA|PP755589.1|A/cattle/Texas/24-008749-003/2024(H5N1)	1389	7603
HA|PP755589.1|A/cattle/Texas/24-008749-003/2024(H5N1)	1390	7598
HA|PP755589.1|A/cattle/Texas/24-008749-003/2024(H5N1)	1391	7490
HA|PP755589.1|A/cattle/Texas/24-008749-003/2024(H5N1)	1392	7499
HA|PP755589.1|A/cattle/Texas/24-008749-003/2024(H5N1)	1393	7498
HA|PP755589.1|A/cattle/Texas/24-008749-003/2024(H5N1)	1394	7544
HA|PP755589.1|A/cattle/Texas/24-008749-003/2024(H5N1)	1395	7516
HA|PP755589.1|A/cattle/Texas/24-008749-003/2024(H5N1)	1396	7424
HA|PP755589.1|A/cattle/Texas/24-008749-003/2024(H5N1)	1397	7461
HA|PP755589.1|A/cattle/Texas/24-008749-003/2024(H5N1)	1398	7553
HA|PP755589.1|A/cattle/Texas/24-008749-003/2024(H5N1)	1399	7587
HA|PP755589.1|A/cattle/Texas/24-008749-003/2024(H5N1)	1400	7586
HA|PP755589.1|A/cattle/Texas/24-008749-003/2024(H5N1)	1401	7463
HA|PP755589.1|A/cattle/Texas/24-008749-003/2024(H5N1)	1402	7449
HA|PP755589.1|A/cattle/Texas/24-008749-003/2024(H5N1)	1403	7714
HA|PP755589.1|A/cattle/Texas/24-008749-003/2024(H5N1)	1404	7754
HA|PP755589.1|A/cattle/Texas/24-008749-003/2024(H5N1)	1405	7819
HA|PP755589.1|A/cattle/Texas/24-008749-003/2024(H5N1)	1406	7808
HA|PP755589.1|A/cattle/Texas/24-008749-003/2024(H5N1)	1407	7759
HA|PP755589.1|A/cattle/Texas/24-008749-003/2024(H5N1)	1408	7732
HA|PP755589.1|A/cattle/Texas/24-008749-003/2024(H5N1)	1409	7697
HA|PP755589.1|A/cattle/Texas/24-008749-003/2024(H5N1)	1410	8011
HA|PP755589.1|A/cattle/Texas/24-008749-003/2024(H5N1)	1411	8037
HA|PP755589.1|A/cattle/Texas/24-008749-003/2024(H5N1)	1412	7743
HA|PP755589.1|A/cattle/Texas/24-008749-003/2024(H5N1)	1413	7745
HA|PP755589.1|A/cattle/Texas/24-008749-003/2024(H5N1)	1414	7664
HA|PP755589.1|A/cattle/Texas/24-008749-003/2024(H5N1)	1415	7690
HA|PP755589.1|A/cattle/Texas/24-008749-003/2024(H5N1)	1416	7811
HA|PP755589.1|A/cattle/Texas/24-008749-003/2024(H5N1)	1417	7802
HA|PP755589.1|A/cattle/Texas/24-008749-003/2024(H5N1)	1418	7802
HA|PP755589.1|A/cattle/Texas/24-008749-003/2024(H5N1)	1419	7487
HA|PP755589.1|A/cattle/Texas/24-008749-003/2024(H5N1)	1420	7408
HA|PP755589.1|A/cattle/Texas/24-008749-003/2024(H5N1)	1421	7785
HA|PP755589.1|A/cattle/Texas/24-008749-003/2024(H5N1)	1422	7803
HA|PP755589.1|A/cattle/Texas/24-008749-003/2024(H5N1)	1423	7816
HA|PP755589.1|A/cattle/Texas/24-008749-003/2024(H5N1)	1424	7839
HA|PP755589.1|A/cattle/Texas/24-008749-003/2024(H5N1)	1425	7654
HA|PP755589.1|A/cattle/Texas/24-008749-003/2024(H5N1)	1426	7653
HA|PP755589.1|A/cattle/Texas/24-008749-003/2024(H5N1)	1427	7652
HA|PP755589.1|A/cattle/Texas/24-008749-003/2024(H5N1)	1428	7715
HA|PP755589.1|A/cattle/Texas/24-008749-003/2024(H5N1)	1429	7843
HA|PP755589.1|A/cattle/Texas/24-008749-003/2024(H5N1)	1430	7489
HA|PP755589.1|A/cattle/Texas/24-008749-003/2024(H5N1)	1431	7480
HA|PP755589.1|A/cattle/Texas/24-008749-003/2024(H5N1)	1432	7506
HA|PP755589.1|A/cattle/Texas/24-008749-003/2024(H5N1)	1433	7649
HA|PP755589.1|A/cattle/Texas/24-008749-003/2024(H5N1)	1434	7994
HA|PP755589.1|A/cattle/Texas/24-008749-003/2024(H5N1)	1435	8100
HA|PP755589.1|A/cattle/Texas/24-008749-003/2024(H5N1)	1436	8086
HA|PP755589.1|A/cattle/Texas/24-008749-003/2024(H5N1)	1437	8039
HA|PP755589.1|A/cattle/Texas/24-008749-003/2024(H5N1)	1438	8077
HA|PP755589.1|A/cattle/Texas/24-008749-003/2024(H5N1)	1439	8055
HA|PP755589.1|A/cattle/Texas/24-008749-003/2024(H5N1)	1440	8046
HA|PP755589.1|A/cattle/Texas/24-008749-003/2024(H5N1)	1441	8056
HA|PP755589.1|A/cattle/Texas/24-008749-003/2024(H5N1)	1442	8081
HA|PP755589.1|A/cattle/Texas/24-008749-003/2024(H5N1)	1443	7835
HA|PP755589.1|A/cattle/Texas/24-008749-003/2024(H5N1)	1444	7770
HA|PP755589.1|A/cattle/Texas/24-008749-003/2024(H5N1)	1445	7838
HA|PP755589.1|A/cattle/Texas/24-008749-003/2024(H5N1)	1446	7836
HA|PP755589.1|A/cattle/Texas/24-008749-003/2024(H5N1)	1447	7859
HA|PP755589.1|A/cattle/Texas/24-008749-003/2024(H5N1)	1448	7844
HA|PP755589.1|A/cattle/Texas/24-008749-003/2024(H5N1)	1449	7703
HA|PP755589.1|A/cattle/Texas/24-008749-003/2024(H5N1)	1450	7706
HA|PP755589.1|A/cattle/Texas/24-008749-003/2024(H5N1)	1451	7698
HA|PP755589.1|A/cattle/Texas/24-008749-003/2024(H5N1)	1452	7747
HA|PP755589.1|A/cattle/Texas/24-008749-003/2024(H5N1)	1453	7774
HA|PP755589.1|A/cattle/Texas/24-008749-003/2024(H5N1)	1454	7730
HA|PP755589.1|A/cattle/Texas/24-008749-003/2024(H5N1)	1455	7434
HA|PP755589.1|A/cattle/Texas/24-008749-003/2024(H5N1)	1456	7407
HA|PP755589.1|A/cattle/Texas/24-008749-003/2024(H5N1)	1457	7437
HA|PP755589.1|A/cattle/Texas/24-008749-003/2024(H5N1)	1458	7439
HA|PP755589.1|A/cattle/Texas/24-008749-003/2024(H5N1)	1459	7431
HA|PP755589.1|A/cattle/Texas/24-008749-003/2024(H5N1)	1460	7474
HA|PP755589.1|A/cattle/Texas/24-008749-003/2024(H5N1)	1461	7420
HA|PP755589.1|A/cattle/Texas/24-008749-003/2024(H5N1)	1462	7412
HA|PP755589.1|A/cattle/Texas/24-008749-003/2024(H5N1)	1463	7402
HA|PP755589.1|A/cattle/Texas/24-008749-003/2024(H5N1)	1464	7315
HA|PP755589.1|A/cattle/Texas/24-008749-003/2024(H5N1)	1465	7126
HA|PP755589.1|A/cattle/Texas/24-008749-003/2024(H5N1)	1466	7134
HA|PP755589.1|A/cattle/Texas/24-008749-003/2024(H5N1)	1467	7063
HA|PP755589.1|A/cattle/Texas/24-008749-003/2024(H5N1)	1468	7069
HA|PP755589.1|A/cattle/Texas/24-008749-003/2024(H5N1)	1469	7092
HA|PP755589.1|A/cattle/Texas/24-008749-003/2024(H5N1)	1470	6976
HA|PP755589.1|A/cattle/Texas/24-008749-003/2024(H5N1)	1471	7072
HA|PP755589.1|A/cattle/Texas/24-008749-003/2024(H5N1)	1472	7141
HA|PP755589.1|A/cattle/Texas/24-008749-003/2024(H5N1)	1473	7151
HA|PP755589.1|A/cattle/Texas/24-008749-003/2024(H5N1)	1474	7167
HA|PP755589.1|A/cattle/Texas/24-008749-003/2024(H5N1)	1475	7184
HA|PP755589.1|A/cattle/Texas/24-008749-003/2024(H5N1)	1476	7247
HA|PP755589.1|A/cattle/Texas/24-008749-003/2024(H5N1)	1477	7368
HA|PP755589.1|A/cattle/Texas/24-008749-003/2024(H5N1)	1478	7291
HA|PP755589.1|A/cattle/Texas/24-008749-003/2024(H5N1)	1479	7389
HA|PP755589.1|A/cattle/Texas/24-008749-003/2024(H5N1)	1480	7871
HA|PP755589.1|A/cattle/Texas/24-008749-003/2024(H5N1)	1481	7866
HA|PP755589.1|A/cattle/Texas/24-008749-003/2024(H5N1)	1482	7870
HA|PP755589.1|A/cattle/Texas/24-008749-003/2024(H5N1)	1483	7870
HA|PP755589.1|A/cattle/Texas/24-008749-003/2024(H5N1)	1484	7866
HA|PP755589.1|A/cattle/Texas/24-008749-003/2024(H5N1)	1485	7854
HA|PP755589.1|A/cattle/Texas/24-008749-003/2024(H5N1)	1486	7691
HA|PP755589.1|A/cattle/Texas/24-008749-003/2024(H5N1)	1487	7802
HA|PP755589.1|A/cattle/Texas/24-008749-003/2024(H5N1)	1488	7721
HA|PP755589.1|A/cattle/Texas/24-008749-003/2024(H5N1)	1489	7707
HA|PP755589.1|A/cattle/Texas/24-008749-003/2024(H5N1)	1490	7712
HA|PP755589.1|A/cattle/Texas/24-008749-003/2024(H5N1)	1491	7709
HA|PP755589.1|A/cattle/Texas/24-008749-003/2024(H5N1)	1492	7722
HA|PP755589.1|A/cattle/Texas/24-008749-003/2024(H5N1)	1493	7770
HA|PP755589.1|A/cattle/Texas/24-008749-003/2024(H5N1)	1494	7800
HA|PP755589.1|A/cattle/Texas/24-008749-003/2024(H5N1)	1495	7795
HA|PP755589.1|A/cattle/Texas/24-008749-003/2024(H5N1)	1496	7818
HA|PP755589.1|A/cattle/Texas/24-008749-003/2024(H5N1)	1497	7798
HA|PP755589.1|A/cattle/Texas/24-008749-003/2024(H5N1)	1498	7734
HA|PP755589.1|A/cattle/Texas/24-008749-003/2024(H5N1)	1499	7750
HA|PP755589.1|A/cattle/Texas/24-008749-003/2024(H5N1)	1500	7754
HA|PP755589.1|A/cattle/Texas/24-008749-003/2024(H5N1)	1501	7868
HA|PP755589.1|A/cattle/Texas/24-008749-003/2024(H5N1)	1502	7795
HA|PP755589.1|A/cattle/Texas/24-008749-003/2024(H5N1)	1503	7828
HA|PP755589.1|A/cattle/Texas/24-008749-003/2024(H5N1)	1504	7860
HA|PP755589.1|A/cattle/Texas/24-008749-003/2024(H5N1)	1505	7837
HA|PP755589.1|A/cattle/Texas/24-008749-003/2024(H5N1)	1506	8114
HA|PP755589.1|A/cattle/Texas/24-008749-003/2024(H5N1)	1507	8120
HA|PP755589.1|A/cattle/Texas/24-008749-003/2024(H5N1)	1508	8115
HA|PP755589.1|A/cattle/Texas/24-008749-003/2024(H5N1)	1509	8077
HA|PP755589.1|A/cattle/Texas/24-008749-003/2024(H5N1)	1510	7974
HA|PP755589.1|A/cattle/Texas/24-008749-003/2024(H5N1)	1511	8159
HA|PP755589.1|A/cattle/Texas/24-008749-003/2024(H5N1)	1512	8207
HA|PP755589.1|A/cattle/Texas/24-008749-003/2024(H5N1)	1513	8315
HA|PP755589.1|A/cattle/Texas/24-008749-003/2024(H5N1)	1514	8305
HA|PP755589.1|A/cattle/Texas/24-008749-003/2024(H5N1)	1515	8143
HA|PP755589.1|A/cattle/Texas/24-008749-003/2024(H5N1)	1516	8153
HA|PP755589.1|A/cattle/Texas/24-008749-003/2024(H5N1)	1517	8123
HA|PP755589.1|A/cattle/Texas/24-008749-003/2024(H5N1)	1518	8331
HA|PP755589.1|A/cattle/Texas/24-008749-003/2024(H5N1)	1519	8330
HA|PP755589.1|A/cattle/Texas/24-008749-003/2024(H5N1)	1520	8417
HA|PP755589.1|A/cattle/Texas/24-008749-003/2024(H5N1)	1521	8328
HA|PP755589.1|A/cattle/Texas/24-008749-003/2024(H5N1)	1522	8225
HA|PP755589.1|A/cattle/Texas/24-008749-003/2024(H5N1)	1523	8226
HA|PP755589.1|A/cattle/Texas/24-008749-003/2024(H5N1)	1524	8156
HA|PP755589.1|A/cattle/Texas/24-008749-003/2024(H5N1)	1525	8206
HA|PP755589.1|A/cattle/Texas/24-008749-003/2024(H5N1)	1526	8584
HA|PP755589.1|A/cattle/Texas/24-008749-003/2024(H5N1)	1527	8311
HA|PP755589.1|A/cattle/Texas/24-008749-003/2024(H5N1)	1528	8313
HA|PP755589.1|A/cattle/Texas/24-008749-003/2024(H5N1)	1529	8283
HA|PP755589.1|A/cattle/Texas/24-008749-003/2024(H5N1)	1530	8281
HA|PP755589.1|A/cattle/Texas/24-008749-003/2024(H5N1)	1531	8280
HA|PP755589.1|A/cattle/Texas/24-008749-003/2024(H5N1)	1532	8289
HA|PP755589.1|A/cattle/Texas/24-008749-003/2024(H5N1)	1533	8283
HA|PP755589.1|A/cattle/Texas/24-008749-003/2024(H5N1)	1534	8261
HA|PP755589.1|A/cattle/Texas/24-008749-003/2024(H5N1)	1535	8278
HA|PP755589.1|A/cattle/Texas/24-008749-003/2024(H5N1)	1536	8914
HA|PP755589.1|A/cattle/Texas/24-008749-003/2024(H5N1)	1537	8847
HA|PP755589.1|A/cattle/Texas/24-008749-003/2024(H5N1)	1538	8814
HA|PP755589.1|A/cattle/Texas/24-008749-003/2024(H5N1)	1539	8993
HA|PP755589.1|A/cattle/Texas/24-008749-003/2024(H5N1)	1540	8990
HA|PP755589.1|A/cattle/Texas/24-008749-003/2024(H5N1)	1541	9006
HA|PP755589.1|A/cattle/Texas/24-008749-003/2024(H5N1)	1542	9005
HA|PP755589.1|A/cattle/Texas/24-008749-003/2024(H5N1)	1543	8943
HA|PP755589.1|A/cattle/Texas/24-008749-003/2024(H5N1)	1544	8967
HA|PP755589.1|A/cattle/Texas/24-008749-003/2024(H5N1)	1545	9102
HA|PP755589.1|A/cattle/Texas/24-008749-003/2024(H5N1)	1546	9109
HA|PP755589.1|A/cattle/Texas/24-008749-003/2024(H5N1)	1547	9114
HA|PP755589.1|A/cattle/Texas/24-008749-003/2024(H5N1)	1548	9077
HA|PP755589.1|A/cattle/Texas/24-008749-003/2024(H5N1)	1549	9087
HA|PP755589.1|A/cattle/Texas/24-008749-003/2024(H5N1)	1550	9095
HA|PP755589.1|A/cattle/Texas/24-008749-003/2024(H5N1)	1551	9101
HA|PP755589.1|A/cattle/Texas/24-008749-003/2024(H5N1)	1552	9101
HA|PP755589.1|A/cattle/Texas/24-008749-003/2024(H5N1)	1553	9067
HA|PP755589.1|A/cattle/Texas/24-008749-003/2024(H5N1)	1554	8819
HA|PP755589.1|A/cattle/Texas/24-008749-003/2024(H5N1)	1555	8806
HA|PP755589.1|A/cattle/Texas/24-008749-003/2024(H5N1)	1556	8713
HA|PP755589.1|A/cattle/Texas/24-008749-003/2024(H5N1)	1557	8700
HA|PP755589.1|A/cattle/Texas/24-008749-003/2024(H5N1)	1558	8538
HA|PP755589.1|A/cattle/Texas/24-008749-003/2024(H5N1)	1559	8551
HA|PP755589.1|A/cattle/Texas/24-008749-003/2024(H5N1)	1560	8534
HA|PP755589.1|A/cattle/Texas/24-008749-003/2024(H5N1)	1561	8195
HA|PP755589.1|A/cattle/Texas/24-008749-003/2024(H5N1)	1562	8230
HA|PP755589.1|A/cattle/Texas/24-008749-003/2024(H5N1)	1563	8234
HA|PP755589.1|A/cattle/Texas/24-008749-003/2024(H5N1)	1564	8245
HA|PP755589.1|A/cattle/Texas/24-008749-003/2024(H5N1)	1565	8241
HA|PP755589.1|A/cattle/Texas/24-008749-003/2024(H5N1)	1566	8263
HA|PP755589.1|A/cattle/Texas/24-008749-003/2024(H5N1)	1567	8134
HA|PP755589.1|A/cattle/Texas/24-008749-003/2024(H5N1)	1568	8112
HA|PP755589.1|A/cattle/Texas/24-008749-003/2024(H5N1)	1569	8089
HA|PP755589.1|A/cattle/Texas/24-008749-003/2024(H5N1)	1570	8085
HA|PP755589.1|A/cattle/Texas/24-008749-003/2024(H5N1)	1571	8166
HA|PP755589.1|A/cattle/Texas/24-008749-003/2024(H5N1)	1572	7878
HA|PP755589.1|A/cattle/Texas/24-008749-003/2024(H5N1)	1573	7857
HA|PP755589.1|A/cattle/Texas/24-008749-003/2024(H5N1)	1574	7864
HA|PP755589.1|A/cattle/Texas/24-008749-003/2024(H5N1)	1575	7879
HA|PP755589.1|A/cattle/Texas/24-008749-003/2024(H5N1)	1576	7975
HA|PP755589.1|A/cattle/Texas/24-008749-003/2024(H5N1)	1577	7977
HA|PP755589.1|A/cattle/Texas/24-008749-003/2024(H5N1)	1578	7973
HA|PP755589.1|A/cattle/Texas/24-008749-003/2024(H5N1)	1579	7921
HA|PP755589.1|A/cattle/Texas/24-008749-003/2024(H5N1)	1580	7879
HA|PP755589.1|A/cattle/Texas/24-008749-003/2024(H5N1)	1581	7897
HA|PP755589.1|A/cattle/Texas/24-008749-003/2024(H5N1)	1582	7868
HA|PP755589.1|A/cattle/Texas/24-008749-003/2024(H5N1)	1583	7672
HA|PP755589.1|A/cattle/Texas/24-008749-003/2024(H5N1)	1584	7450
HA|PP755589.1|A/cattle/Texas/24-008749-003/2024(H5N1)	1585	7468
HA|PP755589.1|A/cattle/Texas/24-008749-003/2024(H5N1)	1586	7451
HA|PP755589.1|A/cattle/Texas/24-008749-003/2024(H5N1)	1587	7462
HA|PP755589.1|A/cattle/Texas/24-008749-003/2024(H5N1)	1588	7463
HA|PP755589.1|A/cattle/Texas/24-008749-003/2024(H5N1)	1589	7261
HA|PP755589.1|A/cattle/Texas/24-008749-003/2024(H5N1)	1590	7264
HA|PP755589.1|A/cattle/Texas/24-008749-003/2024(H5N1)	1591	7279
HA|PP755589.1|A/cattle/Texas/24-008749-003/2024(H5N1)	1592	7257
HA|PP755589.1|A/cattle/Texas/24-008749-003/2024(H5N1)	1593	7481
HA|PP755589.1|A/cattle/Texas/24-008749-003/2024(H5N1)	1594	7410
HA|PP755589.1|A/cattle/Texas/24-008749-003/2024(H5N1)	1595	7241
HA|PP755589.1|A/cattle/Texas/24-008749-003/2024(H5N1)	1596	7243
HA|PP755589.1|A/cattle/Texas/24-008749-003/2024(H5N1)	1597	8281
HA|PP755589.1|A/cattle/Texas/24-008749-003/2024(H5N1)	1598	8329
HA|PP755589.1|A/cattle/Texas/24-008749-003/2024(H5N1)	1599	8442
HA|PP755589.1|A/cattle/Texas/24-008749-003/2024(H5N1)	1600	8458
HA|PP755589.1|A/cattle/Texas/24-008749-003/2024(H5N1)	1601	8475
HA|PP755589.1|A/cattle/Texas/24-008749-003/2024(H5N1)	1602	8589
HA|PP755589.1|A/cattle/Texas/24-008749-003/2024(H5N1)	1603	8529
HA|PP755589.1|A/cattle/Texas/24-008749-003/2024(H5N1)	1604	8514
HA|PP755589.1|A/cattle/Texas/24-008749-003/2024(H5N1)	1605	8505
HA|PP755589.1|A/cattle/Texas/24-008749-003/2024(H5N1)	1606	8489
HA|PP755589.1|A/cattle/Texas/24-008749-003/2024(H5N1)	1607	8481
HA|PP755589.1|A/cattle/Texas/24-008749-003/2024(H5N1)	1608	8470
HA|PP755589.1|A/cattle/Texas/24-008749-003/2024(H5N1)	1609	8462
HA|PP755589.1|A/cattle/Texas/24-008749-003/2024(H5N1)	1610	8459
HA|PP755589.1|A/cattle/Texas/24-008749-003/2024(H5N1)	1611	8402
HA|PP755589.1|A/cattle/Texas/24-008749-003/2024(H5N1)	1612	8377
HA|PP755589.1|A/cattle/Texas/24-008749-003/2024(H5N1)	1613	8321
HA|PP755589.1|A/cattle/Texas/24-008749-003/2024(H5N1)	1614	8325
HA|PP755589.1|A/cattle/Texas/24-008749-003/2024(H5N1)	1615	8317
HA|PP755589.1|A/cattle/Texas/24-008749-003/2024(H5N1)	1616	8288
HA|PP755589.1|A/cattle/Texas/24-008749-003/2024(H5N1)	1617	8303
HA|PP755589.1|A/cattle/Texas/24-008749-003/2024(H5N1)	1618	8289
HA|PP755589.1|A/cattle/Texas/24-008749-003/2024(H5N1)	1619	8303
HA|PP755589.1|A/cattle/Texas/24-008749-003/2024(H5N1)	1620	8294
HA|PP755589.1|A/cattle/Texas/24-008749-003/2024(H5N1)	1621	8284
HA|PP755589.1|A/cattle/Texas/24-008749-003/2024(H5N1)	1622	8390
HA|PP755589.1|A/cattle/Texas/24-008749-003/2024(H5N1)	1623	8346
HA|PP755589.1|A/cattle/Texas/24-008749-003/2024(H5N1)	1624	8315
HA|PP755589.1|A/cattle/Texas/24-008749-003/2024(H5N1)	1625	8314
HA|PP755589.1|A/cattle/Texas/24-008749-003/2024(H5N1)	1626	8272
HA|PP755589.1|A/cattle/Texas/24-008749-003/2024(H5N1)	1627	8229
HA|PP755589.1|A/cattle/Texas/24-008749-003/2024(H5N1)	1628	8035
HA|PP755589.1|A/cattle/Texas/24-008749-003/2024(H5N1)	1629	7971
HA|PP755589.1|A/cattle/Texas/24-008749-003/2024(H5N1)	1630	7902
HA|PP755589.1|A/cattle/Texas/24-008749-003/2024(H5N1)	1631	7220
HA|PP755589.1|A/cattle/Texas/24-008749-003/2024(H5N1)	1632	7227
HA|PP755589.1|A/cattle/Texas/24-008749-003/2024(H5N1)	1633	7233
HA|PP755589.1|A/cattle/Texas/24-008749-003/2024(H5N1)	1634	7237
HA|PP755589.1|A/cattle/Texas/24-008749-003/2024(H5N1)	1635	7220
HA|PP755589.1|A/cattle/Texas/24-008749-003/2024(H5N1)	1636	7166
HA|PP755589.1|A/cattle/Texas/24-008749-003/2024(H5N1)	1637	7161
HA|PP755589.1|A/cattle/Texas/24-008749-003/2024(H5N1)	1638	7062
HA|PP755589.1|A/cattle/Texas/24-008749-003/2024(H5N1)	1639	7059
HA|PP755589.1|A/cattle/Texas/24-008749-003/2024(H5N1)	1640	7049
HA|PP755589.1|A/cattle/Texas/24-008749-003/2024(H5N1)	1641	7024
HA|PP755589.1|A/cattle/Texas/24-008749-003/2024(H5N1)	1642	6985
HA|PP755589.1|A/cattle/Texas/24-008749-003/2024(H5N1)	1643	6980
HA|PP755589.1|A/cattle/Texas/24-008749-003/2024(H5N1)	1644	6909
HA|PP755589.1|A/cattle/Texas/24-008749-003/2024(H5N1)	1645	6877
HA|PP755589.1|A/cattle/Texas/24-008749-003/2024(H5N1)	1646	6863
HA|PP755589.1|A/cattle/Texas/24-008749-003/2024(H5N1)	1647	6701
HA|PP755589.1|A/cattle/Texas/24-008749-003/2024(H5N1)	1648	6740
HA|PP755589.1|A/cattle/Texas/24-008749-003/2024(H5N1)	1649	6744
HA|PP755589.1|A/cattle/Texas/24-008749-003/2024(H5N1)	1650	6730
HA|PP755589.1|A/cattle/Texas/24-008749-003/2024(H5N1)	1651	6620
HA|PP755589.1|A/cattle/Texas/24-008749-003/2024(H5N1)	1652	6579
HA|PP755589.1|A/cattle/Texas/24-008749-003/2024(H5N1)	1653	6578
HA|PP755589.1|A/cattle/Texas/24-008749-003/2024(H5N1)	1654	6543
HA|PP755589.1|A/cattle/Texas/24-008749-003/2024(H5N1)	1655	6264
HA|PP755589.1|A/cattle/Texas/24-008749-003/2024(H5N1)	1656	6256
HA|PP755589.1|A/cattle/Texas/24-008749-003/2024(H5N1)	1657	6101
HA|PP755589.1|A/cattle/Texas/24-008749-003/2024(H5N1)	1658	6053
HA|PP755589.1|A/cattle/Texas/24-008749-003/2024(H5N1)	1659	6033
HA|PP755589.1|A/cattle/Texas/24-008749-003/2024(H5N1)	1660	6027
HA|PP755589.1|A/cattle/Texas/24-008749-003/2024(H5N1)	1661	6022
HA|PP755589.1|A/cattle/Texas/24-008749-003/2024(H5N1)	1662	5807
HA|PP755589.1|A/cattle/Texas/24-008749-003/2024(H5N1)	1663	5716
HA|PP755589.1|A/cattle/Texas/24-008749-003/2024(H5N1)	1664	5543
HA|PP755589.1|A/cattle/Texas/24-008749-003/2024(H5N1)	1665	5546
HA|PP755589.1|A/cattle/Texas/24-008749-003/2024(H5N1)	1666	5333
HA|PP755589.1|A/cattle/Texas/24-008749-003/2024(H5N1)	1667	5350
HA|PP755589.1|A/cattle/Texas/24-008749-003/2024(H5N1)	1668	5181
HA|PP755589.1|A/cattle/Texas/24-008749-003/2024(H5N1)	1669	5179
HA|PP755589.1|A/cattle/Texas/24-008749-003/2024(H5N1)	1670	5115
HA|PP755589.1|A/cattle/Texas/24-008749-003/2024(H5N1)	1671	5018
HA|PP755589.1|A/cattle/Texas/24-008749-003/2024(H5N1)	1672	5006
HA|PP755589.1|A/cattle/Texas/24-008749-003/2024(H5N1)	1673	5006
HA|PP755589.1|A/cattle/Texas/24-008749-003/2024(H5N1)	1674	4959
HA|PP755589.1|A/cattle/Texas/24-008749-003/2024(H5N1)	1675	4944
HA|PP755589.1|A/cattle/Texas/24-008749-003/2024(H5N1)	1676	4609
HA|PP755589.1|A/cattle/Texas/24-008749-003/2024(H5N1)	1677	4549
HA|PP755589.1|A/cattle/Texas/24-008749-003/2024(H5N1)	1678	4542
HA|PP755589.1|A/cattle/Texas/24-008749-003/2024(H5N1)	1679	4362
HA|PP755589.1|A/cattle/Texas/24-008749-003/2024(H5N1)	1680	4359
HA|PP755589.1|A/cattle/Texas/24-008749-003/2024(H5N1)	1681	4352
HA|PP755589.1|A/cattle/Texas/24-008749-003/2024(H5N1)	1682	4349
HA|PP755589.1|A/cattle/Texas/24-008749-003/2024(H5N1)	1683	4347
HA|PP755589.1|A/cattle/Texas/24-008749-003/2024(H5N1)	1684	4327
HA|PP755589.1|A/cattle/Texas/24-008749-003/2024(H5N1)	1685	3791
HA|PP755589.1|A/cattle/Texas/24-008749-003/2024(H5N1)	1686	3780
HA|PP755589.1|A/cattle/Texas/24-008749-003/2024(H5N1)	1687	3627
HA|PP755589.1|A/cattle/Texas/24-008749-003/2024(H5N1)	1688	3626
HA|PP755589.1|A/cattle/Texas/24-008749-003/2024(H5N1)	1689	3626
HA|PP755589.1|A/cattle/Texas/24-008749-003/2024(H5N1)	1690	3425
HA|PP755589.1|A/cattle/Texas/24-008749-003/2024(H5N1)	1691	3425
HA|PP755589.1|A/cattle/Texas/24-008749-003/2024(H5N1)	1692	3408
HA|PP755589.1|A/cattle/Texas/24-008749-003/2024(H5N1)	1693	3406
HA|PP755589.1|A/cattle/Texas/24-008749-003/2024(H5N1)	1694	3405
HA|PP755589.1|A/cattle/Texas/24-008749-003/2024(H5N1)	1695	3126
HA|PP755589.1|A/cattle/Texas/24-008749-003/2024(H5N1)	1696	3126
HA|PP755589.1|A/cattle/Texas/24-008749-003/2024(H5N1)	1697	3116
HA|PP755589.1|A/cattle/Texas/24-008749-003/2024(H5N1)	1698	3116
HA|PP755589.1|A/cattle/Texas/24-008749-003/2024(H5N1)	1699	3115
HA|PP755589.1|A/cattle/Texas/24-008749-003/2024(H5N1)	1700	3014
HA|PP755589.1|A/cattle/Texas/24-008749-003/2024(H5N1)	1701	2996
HA|PP755589.1|A/cattle/Texas/24-008749-003/2024(H5N1)	1702	2982
HA|PP755589.1|A/cattle/Texas/24-008749-003/2024(H5N1)	1703	2974
HA|PP755589.1|A/cattle/Texas/24-008749-003/2024(H5N1)	1704	2974
