NP|PP755592.1|A/cattle/Texas/24-008749-003/2024(H5N1)	1	1742
NP|PP755592.1|A/cattle/Texas/24-008749-003/2024(H5N1)	2	1752
NP|PP755592.1|A/cattle/Texas/24-008749-003/2024(H5N1)	3	1760
NP|PP755592.1|A/cattle/Texas/24-008749-003/2024(H5N1)	4	1765
NP|PP755592.1|A/cattle/Texas/24-008749-003/2024(H5N1)	5	1773
NP|PP755592.1|A/cattle/Texas/24-008749-003/2024(H5N1)	6	1798
NP|PP755592.1|A/cattle/Texas/24-008749-003/2024(H5N1)	7	1838
NP|PP755592.1|A/cattle/Texas/24-008749-003/2024(H5N1)	8	1848
NP|PP755592.1|A/cattle/Texas/24-008749-003/2024(H5N1)	9	1856
NP|PP755592.1|A/cattle/Texas/24-008749-003/2024(H5N1)	10	1863
NP|PP755592.1|A/cattle/Texas/24-008749-003/2024(H5N1)	11	1867
NP|PP755592.1|A/cattle/Texas/24-008749-003/2024(H5N1)	12	1871
NP|PP755592.1|A/cattle/Texas/24-008749-003/2024(H5N1)	13	1880
NP|PP755592.1|A/cattle/Texas/24-008749-003/2024(H5N1)	14	1941
NP|PP755592.1|A/cattle/Texas/24-008749-003/2024(H5N1)	15	1944
NP|PP755592.1|A/cattle/Texas/24-008749-003/2024(H5N1)	16	1959
NP|PP755592.1|A/cattle/Texas/24-008749-003/2024(H5N1)	17	1974
NP|PP755592.1|A/cattle/Texas/24-008749-003/2024(H5N1)	18	1982
NP|PP755592.1|A/cattle/Texas/24-008749-003/2024(H5N1)	19	2010
NP|PP755592.1|A/cattle/Texas/24-008749-003/2024(H5N1)	20	2011
NP|PP755592.1|A/cattle/Texas/24-008749-003/2024(H5N1)	21	2011
NP|PP755592.1|A/cattle/Texas/24-008749-003/2024(H5N1)	22	2018
NP|PP755592.1|A/cattle/Texas/24-008749-003/2024(H5N1)	23	2021
NP|PP755592.1|A/cattle/Texas/24-008749-003/2024(H5N1)	24	2033
NP|PP755592.1|A/cattle/Texas/24-008749-003/2024(H5N1)	25	2034
NP|PP755592.1|A/cattle/Texas/24-008749-003/2024(H5N1)	26	2062
NP|PP755592.1|A/cattle/Texas/24-008749-003/2024(H5N1)	27	2126
NP|PP755592.1|A/cattle/Texas/24-008749-003/2024(H5N1)	28	2122
NP|PP755592.1|A/cattle/Texas/24-008749-003/2024(H5N1)	29	2127
NP|PP755592.1|A/cattle/Texas/24-008749-003/2024(H5N1)	30	2127
NP|PP755592.1|A/cattle/Texas/24-008749-003/2024(H5N1)	31	2137
NP|PP755592.1|A/cattle/Texas/24-008749-003/2024(H5N1)	32	2143
NP|PP755592.1|A/cattle/Texas/24-008749-003/2024(H5N1)	33	2144
NP|PP755592.1|A/cattle/Texas/24-008749-003/2024(H5N1)	34	2149
NP|PP755592.1|A/cattle/Texas/24-008749-003/2024(H5N1)	35	2174
NP|PP755592.1|A/cattle/Texas/24-008749-003/2024(H5N1)	36	2211
NP|PP755592.1|A/cattle/Texas/24-008749-003/2024(H5N1)	37	2226
NP|PP755592.1|A/cattle/Texas/24-008749-003/2024(H5N1)	38	2230
NP|PP755592.1|A/cattle/Texas/24-008749-003/2024(H5N1)	39	2238
NP|PP755592.1|A/cattle/Texas/24-008749-003/2024(H5N1)	40	2236
NP|PP755592.1|A/cattle/Texas/24-008749-003/2024(H5N1)	41	2239
NP|PP755592.1|A/cattle/Texas/24-008749-003/2024(H5N1)	42	2264
NP|PP755592.1|A/cattle/Texas/24-008749-003/2024(H5N1)	43	2301
NP|PP755592.1|A/cattle/Texas/24-008749-003/2024(H5N1)	44	2351
NP|PP755592.1|A/cattle/Texas/24-008749-003/2024(H5N1)	45	2355
NP|PP755592.1|A/cattle/Texas/24-008749-003/2024(H5N1)	46	2375
NP|PP755592.1|A/cattle/Texas/24-008749-003/2024(H5N1)	47	2378
NP|PP755592.1|A/cattle/Texas/24-008749-003/2024(H5N1)	48	2377
NP|PP755592.1|A/cattle/Texas/24-008749-003/2024(H5N1)	49	2379
NP|PP755592.1|A/cattle/Texas/24-008749-003/2024(H5N1)	50	2385
NP|PP755592.1|A/cattle/Texas/24-008749-003/2024(H5N1)	51	2387
NP|PP755592.1|A/cattle/Texas/24-008749-003/2024(H5N1)	52	2395
NP|PP755592.1|A/cattle/Texas/24-008749-003/2024(H5N1)	53	2408
NP|PP755592.1|A/cattle/Texas/24-008749-003/2024(H5N1)	54	2409
NP|PP755592.1|A/cattle/Texas/24-008749-003/2024(H5N1)	55	2436
NP|PP755592.1|A/cattle/Texas/24-008749-003/2024(H5N1)	56	2438
NP|PP755592.1|A/cattle/Texas/24-008749-003/2024(H5N1)	57	2457
NP|PP755592.1|A/cattle/Texas/24-008749-003/2024(H5N1)	58	2458
NP|PP755592.1|A/cattle/Texas/24-008749-003/2024(H5N1)	59	2459
NP|PP755592.1|A/cattle/Texas/24-008749-003/2024(H5N1)	60	2465
NP|PP755592.1|A/cattle/Texas/24-008749-003/2024(H5N1)	61	2473
NP|PP755592.1|A/cattle/Texas/24-008749-003/2024(H5N1)	62	2480
NP|PP755592.1|A/cattle/Texas/24-008749-003/2024(H5N1)	63	2480
NP|PP755592.1|A/cattle/Texas/24-008749-003/2024(H5N1)	64	2476
NP|PP755592.1|A/cattle/Texas/24-008749-003/2024(H5N1)	65	2484
NP|PP755592.1|A/cattle/Texas/24-008749-003/2024(H5N1)	66	2488
NP|PP755592.1|A/cattle/Texas/24-008749-003/2024(H5N1)	67	2521
NP|PP755592.1|A/cattle/Texas/24-008749-003/2024(H5N1)	68	2522
NP|PP755592.1|A/cattle/Texas/24-008749-003/2024(H5N1)	69	2521
NP|PP755592.1|A/cattle/Texas/24-008749-003/2024(H5N1)	70	2527
NP|PP755592.1|A/cattle/Texas/24-008749-003/2024(H5N1)	71	2528
NP|PP755592.1|A/cattle/Texas/24-008749-003/2024(H5N1)	72	2572
NP|PP755592.1|A/cattle/Texas/24-008749-003/2024(H5N1)	73	2576
NP|PP755592.1|A/cattle/Texas/24-008749-003/2024(H5N1)	74	2577
NP|PP755592.1|A/cattle/Texas/24-008749-003/2024(H5N1)	75	2579
NP|PP755592.1|A/cattle/Texas/24-008749-003/2024(H5N1)	76	2567
NP|PP755592.1|A/cattle/Texas/24-008749-003/2024(H5N1)	77	2583
NP|PP755592.1|A/cattle/Texas/24-008749-003/2024(H5N1)	78	2511
NP|PP755592.1|A/cattle/Texas/24-008749-003/2024(H5N1)	79	2513
NP|PP755592.1|A/cattle/Texas/24-008749-003/2024(H5N1)	80	2533
NP|PP755592.1|A/cattle/Texas/24-008749-003/2024(H5N1)	81	2531
NP|PP755592.1|A/cattle/Texas/24-008749-003/2024(H5N1)	82	2545
NP|PP755592.1|A/cattle/Texas/24-008749-003/2024(H5N1)	83	2572
NP|PP755592.1|A/cattle/Texas/24-008749-003/2024(H5N1)	84	2572
NP|PP755592.1|A/cattle/Texas/24-008749-003/2024(H5N1)	85	2601
NP|PP755592.1|A/cattle/Texas/24-008749-003/2024(H5N1)	86	2569
NP|PP755592.1|A/cattle/Texas/24-008749-003/2024(H5N1)	87	2571
NP|PP755592.1|A/cattle/Texas/24-008749-003/2024(H5N1)	88	2570
NP|PP755592.1|A/cattle/Texas/24-008749-003/2024(H5N1)	89	2600
NP|PP755592.1|A/cattle/Texas/24-008749-003/2024(H5N1)	90	2615
NP|PP755592.1|A/cattle/Texas/24-008749-003/2024(H5N1)	91	2613
NP|PP755592.1|A/cattle/Texas/24-008749-003/2024(H5N1)	92	2613
NP|PP755592.1|A/cattle/Texas/24-008749-003/2024(H5N1)	93	2625
NP|PP755592.1|A/cattle/Texas/24-008749-003/2024(H5N1)	94	2625
NP|PP755592.1|A/cattle/Texas/24-008749-003/2024(H5N1)	95	2629
NP|PP755592.1|A/cattle/Texas/24-008749-003/2024(H5N1)	96	2633
NP|PP755592.1|A/cattle/Texas/24-008749-003/2024(H5N1)	97	2632
NP|PP755592.1|A/cattle/Texas/24-008749-003/2024(H5N1)	98	2626
NP|PP755592.1|A/cattle/Texas/24-008749-003/2024(H5N1)	99	2653
NP|PP755592.1|A/cattle/Texas/24-008749-003/2024(H5N1)	100	2654
NP|PP755592.1|A/cattle/Texas/24-008749-003/2024(H5N1)	101	2652
NP|PP755592.1|A/cattle/Texas/24-008749-003/2024(H5N1)	102	2663
NP|PP755592.1|A/cattle/Texas/24-008749-003/2024(H5N1)	103	2662
NP|PP755592.1|A/cattle/Texas/24-008749-003/2024(H5N1)	104	2662
NP|PP755592.1|A/cattle/Texas/24-008749-003/2024(H5N1)	105	2716
NP|PP755592.1|A/cattle/Texas/24-008749-003/2024(H5N1)	106	2457
NP|PP755592.1|A/cattle/Texas/24-008749-003/2024(H5N1)	107	2345
NP|PP755592.1|A/cattle/Texas/24-008749-003/2024(H5N1)	108	2221
NP|PP755592.1|A/cattle/Texas/24-008749-003/2024(H5N1)	109	2224
NP|PP755592.1|A/cattle/Texas/24-008749-003/2024(H5N1)	110	2305
NP|PP755592.1|A/cattle/Texas/24-008749-003/2024(H5N1)	111	2312
NP|PP755592.1|A/cattle/Texas/24-008749-003/2024(H5N1)	112	2318
NP|PP755592.1|A/cattle/Texas/24-008749-003/2024(H5N1)	113	2318
NP|PP755592.1|A/cattle/Texas/24-008749-003/2024(H5N1)	114	2376
NP|PP755592.1|A/cattle/Texas/24-008749-003/2024(H5N1)	115	2376
NP|PP755592.1|A/cattle/Texas/24-008749-003/2024(H5N1)	116	2396
NP|PP755592.1|A/cattle/Texas/24-008749-003/2024(H5N1)	117	2220
NP|PP755592.1|A/cattle/Texas/24-008749-003/2024(H5N1)	118	2219
NP|PP755592.1|A/cattle/Texas/24-008749-003/2024(H5N1)	119	2341
NP|PP755592.1|A/cattle/Texas/24-008749-003/2024(H5N1)	120	2342
NP|PP755592.1|A/cattle/Texas/24-008749-003/2024(H5N1)	121	2397
NP|PP755592.1|A/cattle/Texas/24-008749-003/2024(H5N1)	122	2338
NP|PP755592.1|A/cattle/Texas/24-008749-003/2024(H5N1)	123	2316
NP|PP755592.1|A/cattle/Texas/24-008749-003/2024(H5N1)	124	2331
NP|PP755592.1|A/cattle/Texas/24-008749-003/2024(H5N1)	125	2316
NP|PP755592.1|A/cattle/Texas/24-008749-003/2024(H5N1)	126	2475
NP|PP755592.1|A/cattle/Texas/24-008749-003/2024(H5N1)	127	2510
NP|PP755592.1|A/cattle/Texas/24-008749-003/2024(H5N1)	128	2493
NP|PP755592.1|A/cattle/Texas/24-008749-003/2024(H5N1)	129	2494
NP|PP755592.1|A/cattle/Texas/24-008749-003/2024(H5N1)	130	2448
NP|PP755592.1|A/cattle/Texas/24-008749-003/2024(H5N1)	131	2477
NP|PP755592.1|A/cattle/Texas/24-008749-003/2024(H5N1)	132	2473
NP|PP755592.1|A/cattle/Texas/24-008749-003/2024(H5N1)	133	2486
NP|PP755592.1|A/cattle/Texas/24-008749-003/2024(H5N1)	134	2417
NP|PP755592.1|A/cattle/Texas/24-008749-003/2024(H5N1)	135	2299
NP|PP755592.1|A/cattle/Texas/24-008749-003/2024(H5N1)	136	2324
NP|PP755592.1|A/cattle/Texas/24-008749-003/2024(H5N1)	137	2316
NP|PP755592.1|A/cattle/Texas/24-008749-003/2024(H5N1)	138	2319
NP|PP755592.1|A/cattle/Texas/24-008749-003/2024(H5N1)	139	2336
NP|PP755592.1|A/cattle/Texas/24-008749-003/2024(H5N1)	140	2322
NP|PP755592.1|A/cattle/Texas/24-008749-003/2024(H5N1)	141	2272
NP|PP755592.1|A/cattle/Texas/24-008749-003/2024(H5N1)	142	2272
NP|PP755592.1|A/cattle/Texas/24-008749-003/2024(H5N1)	143	2261
NP|PP755592.1|A/cattle/Texas/24-008749-003/2024(H5N1)	144	2314
NP|PP755592.1|A/cattle/Texas/24-008749-003/2024(H5N1)	145	2290
NP|PP755592.1|A/cattle/Texas/24-008749-003/2024(H5N1)	146	2275
NP|PP755592.1|A/cattle/Texas/24-008749-003/2024(H5N1)	147	2218
NP|PP755592.1|A/cattle/Texas/24-008749-003/2024(H5N1)	148	2192
NP|PP755592.1|A/cattle/Texas/24-008749-003/2024(H5N1)	149	2199
NP|PP755592.1|A/cattle/Texas/24-008749-003/2024(H5N1)	150	2209
NP|PP755592.1|A/cattle/Texas/24-008749-003/2024(H5N1)	151	2221
NP|PP755592.1|A/cattle/Texas/24-008749-003/2024(H5N1)	152	2286
NP|PP755592.1|A/cattle/Texas/24-008749-003/2024(H5N1)	153	2280
NP|PP755592.1|A/cattle/Texas/24-008749-003/2024(H5N1)	154	2306
NP|PP755592.1|A/cattle/Texas/24-008749-003/2024(H5N1)	155	2307
NP|PP755592.1|A/cattle/Texas/24-008749-003/2024(H5N1)	156	2304
NP|PP755592.1|A/cattle/Texas/24-008749-003/2024(H5N1)	157	2307
NP|PP755592.1|A/cattle/Texas/24-008749-003/2024(H5N1)	158	2317
NP|PP755592.1|A/cattle/Texas/24-008749-003/2024(H5N1)	159	2310
NP|PP755592.1|A/cattle/Texas/24-008749-003/2024(H5N1)	160	2310
NP|PP755592.1|A/cattle/Texas/24-008749-003/2024(H5N1)	161	2304
NP|PP755592.1|A/cattle/Texas/24-008749-003/2024(H5N1)	162	2308
NP|PP755592.1|A/cattle/Texas/24-008749-003/2024(H5N1)	163	2291
NP|PP755592.1|A/cattle/Texas/24-008749-003/2024(H5N1)	164	2294
NP|PP755592.1|A/cattle/Texas/24-008749-003/2024(H5N1)	165	2261
NP|PP755592.1|A/cattle/Texas/24-008749-003/2024(H5N1)	166	2252
NP|PP755592.1|A/cattle/Texas/24-008749-003/2024(H5N1)	167	2246
NP|PP755592.1|A/cattle/Texas/24-008749-003/2024(H5N1)	168	2266
NP|PP755592.1|A/cattle/Texas/24-008749-003/2024(H5N1)	169	2355
NP|PP755592.1|A/cattle/Texas/24-008749-003/2024(H5N1)	170	2333
NP|PP755592.1|A/cattle/Texas/24-008749-003/2024(H5N1)	171	2337
NP|PP755592.1|A/cattle/Texas/24-008749-003/2024(H5N1)	172	2346
NP|PP755592.1|A/cattle/Texas/24-008749-003/2024(H5N1)	173	2335
NP|PP755592.1|A/cattle/Texas/24-008749-003/2024(H5N1)	174	2340
NP|PP755592.1|A/cattle/Texas/24-008749-003/2024(H5N1)	175	2330
NP|PP755592.1|A/cattle/Texas/24-008749-003/2024(H5N1)	176	2329
NP|PP755592.1|A/cattle/Texas/24-008749-003/2024(H5N1)	177	2342
NP|PP755592.1|A/cattle/Texas/24-008749-003/2024(H5N1)	178	2277
NP|PP755592.1|A/cattle/Texas/24-008749-003/2024(H5N1)	179	2304
NP|PP755592.1|A/cattle/Texas/24-008749-003/2024(H5N1)	180	2359
NP|PP755592.1|A/cattle/Texas/24-008749-003/2024(H5N1)	181	2358
NP|PP755592.1|A/cattle/Texas/24-008749-003/2024(H5N1)	182	2353
NP|PP755592.1|A/cattle/Texas/24-008749-003/2024(H5N1)	183	2356
NP|PP755592.1|A/cattle/Texas/24-008749-003/2024(H5N1)	184	2394
NP|PP755592.1|A/cattle/Texas/24-008749-003/2024(H5N1)	185	2438
NP|PP755592.1|A/cattle/Texas/24-008749-003/2024(H5N1)	186	2443
NP|PP755592.1|A/cattle/Texas/24-008749-003/2024(H5N1)	187	2446
NP|PP755592.1|A/cattle/Texas/24-008749-003/2024(H5N1)	188	2439
NP|PP755592.1|A/cattle/Texas/24-008749-003/2024(H5N1)	189	2438
NP|PP755592.1|A/cattle/Texas/24-008749-003/2024(H5N1)	190	2433
NP|PP755592.1|A/cattle/Texas/24-008749-003/2024(H5N1)	191	2442
NP|PP755592.1|A/cattle/Texas/24-008749-003/2024(H5N1)	192	2453
NP|PP755592.1|A/cattle/Texas/24-008749-003/2024(H5N1)	193	2423
NP|PP755592.1|A/cattle/Texas/24-008749-003/2024(H5N1)	194	2434
NP|PP755592.1|A/cattle/Texas/24-008749-003/2024(H5N1)	195	2440
NP|PP755592.1|A/cattle/Texas/24-008749-003/2024(H5N1)	196	2430
NP|PP755592.1|A/cattle/Texas/24-008749-003/2024(H5N1)	197	2411
NP|PP755592.1|A/cattle/Texas/24-008749-003/2024(H5N1)	198	2413
NP|PP755592.1|A/cattle/Texas/24-008749-003/2024(H5N1)	199	2450
NP|PP755592.1|A/cattle/Texas/24-008749-003/2024(H5N1)	200	2447
NP|PP755592.1|A/cattle/Texas/24-008749-003/2024(H5N1)	201	2453
NP|PP755592.1|A/cattle/Texas/24-008749-003/2024(H5N1)	202	2451
NP|PP755592.1|A/cattle/Texas/24-008749-003/2024(H5N1)	203	2490
NP|PP755592.1|A/cattle/Texas/24-008749-003/2024(H5N1)	204	2460
NP|PP755592.1|A/cattle/Texas/24-008749-003/2024(H5N1)	205	2463
NP|PP755592.1|A/cattle/Texas/24-008749-003/2024(H5N1)	206	2472
NP|PP755592.1|A/cattle/Texas/24-008749-003/2024(H5N1)	207	2469
NP|PP755592.1|A/cattle/Texas/24-008749-003/2024(H5N1)	208	2472
NP|PP755592.1|A/cattle/Texas/24-008749-003/2024(H5N1)	209	2488
NP|PP755592.1|A/cattle/Texas/24-008749-003/2024(H5N1)	210	2480
NP|PP755592.1|A/cattle/Texas/24-008749-003/2024(H5N1)	211	2481
NP|PP755592.1|A/cattle/Texas/24-008749-003/2024(H5N1)	212	2490
NP|PP755592.1|A/cattle/Texas/24-008749-003/2024(H5N1)	213	2506
NP|PP755592.1|A/cattle/Texas/24-008749-003/2024(H5N1)	214	2519
NP|PP755592.1|A/cattle/Texas/24-008749-003/2024(H5N1)	215	2521
NP|PP755592.1|A/cattle/Texas/24-008749-003/2024(H5N1)	216	2516
NP|PP755592.1|A/cattle/Texas/24-008749-003/2024(H5N1)	217	2510
NP|PP755592.1|A/cattle/Texas/24-008749-003/2024(H5N1)	218	2497
NP|PP755592.1|A/cattle/Texas/24-008749-003/2024(H5N1)	219	2499
NP|PP755592.1|A/cattle/Texas/24-008749-003/2024(H5N1)	220	2498
NP|PP755592.1|A/cattle/Texas/24-008749-003/2024(H5N1)	221	2494
NP|PP755592.1|A/cattle/Texas/24-008749-003/2024(H5N1)	222	2505
NP|PP755592.1|A/cattle/Texas/24-008749-003/2024(H5N1)	223	2470
NP|PP755592.1|A/cattle/Texas/24-008749-003/2024(H5N1)	224	2469
NP|PP755592.1|A/cattle/Texas/24-008749-003/2024(H5N1)	225	2511
NP|PP755592.1|A/cattle/Texas/24-008749-003/2024(H5N1)	226	2519
NP|PP755592.1|A/cattle/Texas/24-008749-003/2024(H5N1)	227	2500
NP|PP755592.1|A/cattle/Texas/24-008749-003/2024(H5N1)	228	2498
NP|PP755592.1|A/cattle/Texas/24-008749-003/2024(H5N1)	229	2511
NP|PP755592.1|A/cattle/Texas/24-008749-003/2024(H5N1)	230	2519
NP|PP755592.1|A/cattle/Texas/24-008749-003/2024(H5N1)	231	2530
NP|PP755592.1|A/cattle/Texas/24-008749-003/2024(H5N1)	232	2535
NP|PP755592.1|A/cattle/Texas/24-008749-003/2024(H5N1)	233	2540
NP|PP755592.1|A/cattle/Texas/24-008749-003/2024(H5N1)	234	2514
NP|PP755592.1|A/cattle/Texas/24-008749-003/2024(H5N1)	235	2493
NP|PP755592.1|A/cattle/Texas/24-008749-003/2024(H5N1)	236	2489
NP|PP755592.1|A/cattle/Texas/24-008749-003/2024(H5N1)	237	2483
NP|PP755592.1|A/cattle/Texas/24-008749-003/2024(H5N1)	238	2485
NP|PP755592.1|A/cattle/Texas/24-008749-003/2024(H5N1)	239	2478
NP|PP755592.1|A/cattle/Texas/24-008749-003/2024(H5N1)	240	2450
NP|PP755592.1|A/cattle/Texas/24-008749-003/2024(H5N1)	241	2545
NP|PP755592.1|A/cattle/Texas/24-008749-003/2024(H5N1)	242	2539
NP|PP755592.1|A/cattle/Texas/24-008749-003/2024(H5N1)	243	2545
NP|PP755592.1|A/cattle/Texas/24-008749-003/2024(H5N1)	244	2554
NP|PP755592.1|A/cattle/Texas/24-008749-003/2024(H5N1)	245	2549
NP|PP755592.1|A/cattle/Texas/24-008749-003/2024(H5N1)	246	2604
NP|PP755592.1|A/cattle/Texas/24-008749-003/2024(H5N1)	247	2628
NP|PP755592.1|A/cattle/Texas/24-008749-003/2024(H5N1)	248	2630
NP|PP755592.1|A/cattle/Texas/24-008749-003/2024(H5N1)	249	2626
NP|PP755592.1|A/cattle/Texas/24-008749-003/2024(H5N1)	250	2600
NP|PP755592.1|A/cattle/Texas/24-008749-003/2024(H5N1)	251	2673
NP|PP755592.1|A/cattle/Texas/24-008749-003/2024(H5N1)	252	2679
NP|PP755592.1|A/cattle/Texas/24-008749-003/2024(H5N1)	253	2716
NP|PP755592.1|A/cattle/Texas/24-008749-003/2024(H5N1)	254	2726
NP|PP755592.1|A/cattle/Texas/24-008749-003/2024(H5N1)	255	2661
NP|PP755592.1|A/cattle/Texas/24-008749-003/2024(H5N1)	256	2667
NP|PP755592.1|A/cattle/Texas/24-008749-003/2024(H5N1)	257	2669
NP|PP755592.1|A/cattle/Texas/24-008749-003/2024(H5N1)	258	2681
NP|PP755592.1|A/cattle/Texas/24-008749-003/2024(H5N1)	259	2681
NP|PP755592.1|A/cattle/Texas/24-008749-003/2024(H5N1)	260	2583
NP|PP755592.1|A/cattle/Texas/24-008749-003/2024(H5N1)	261	2576
NP|PP755592.1|A/cattle/Texas/24-008749-003/2024(H5N1)	262	2566
NP|PP755592.1|A/cattle/Texas/24-008749-003/2024(H5N1)	263	2589
NP|PP755592.1|A/cattle/Texas/24-008749-003/2024(H5N1)	264	2587
NP|PP755592.1|A/cattle/Texas/24-008749-003/2024(H5N1)	265	2551
NP|PP755592.1|A/cattle/Texas/24-008749-003/2024(H5N1)	266	2535
NP|PP755592.1|A/cattle/Texas/24-008749-003/2024(H5N1)	267	2548
NP|PP755592.1|A/cattle/Texas/24-008749-003/2024(H5N1)	268	2556
NP|PP755592.1|A/cattle/Texas/24-008749-003/2024(H5N1)	269	2553
NP|PP755592.1|A/cattle/Texas/24-008749-003/2024(H5N1)	270	2452
NP|PP755592.1|A/cattle/Texas/24-008749-003/2024(H5N1)	271	2447
NP|PP755592.1|A/cattle/Texas/24-008749-003/2024(H5N1)	272	2403
NP|PP755592.1|A/cattle/Texas/24-008749-003/2024(H5N1)	273	2424
NP|PP755592.1|A/cattle/Texas/24-008749-003/2024(H5N1)	274	2414
NP|PP755592.1|A/cattle/Texas/24-008749-003/2024(H5N1)	275	2183
NP|PP755592.1|A/cattle/Texas/24-008749-003/2024(H5N1)	276	2155
NP|PP755592.1|A/cattle/Texas/24-008749-003/2024(H5N1)	277	2154
NP|PP755592.1|A/cattle/Texas/24-008749-003/2024(H5N1)	278	2165
NP|PP755592.1|A/cattle/Texas/24-008749-003/2024(H5N1)	279	2096
NP|PP755592.1|A/cattle/Texas/24-008749-003/2024(H5N1)	280	2101
NP|PP755592.1|A/cattle/Texas/24-008749-003/2024(H5N1)	281	2114
NP|PP755592.1|A/cattle/Texas/24-008749-003/2024(H5N1)	282	2088
NP|PP755592.1|A/cattle/Texas/24-008749-003/2024(H5N1)	283	2100
NP|PP755592.1|A/cattle/Texas/24-008749-003/2024(H5N1)	284	2085
NP|PP755592.1|A/cattle/Texas/24-008749-003/2024(H5N1)	285	2085
NP|PP755592.1|A/cattle/Texas/24-008749-003/2024(H5N1)	286	2145
NP|PP755592.1|A/cattle/Texas/24-008749-003/2024(H5N1)	287	2156
NP|PP755592.1|A/cattle/Texas/24-008749-003/2024(H5N1)	288	2127
NP|PP755592.1|A/cattle/Texas/24-008749-003/2024(H5N1)	289	2114
NP|PP755592.1|A/cattle/Texas/24-008749-003/2024(H5N1)	290	2097
NP|PP755592.1|A/cattle/Texas/24-008749-003/2024(H5N1)	291	2104
NP|PP755592.1|A/cattle/Texas/24-008749-003/2024(H5N1)	292	2097
NP|PP755592.1|A/cattle/Texas/24-008749-003/2024(H5N1)	293	2154
NP|PP755592.1|A/cattle/Texas/24-008749-003/2024(H5N1)	294	2175
NP|PP755592.1|A/cattle/Texas/24-008749-003/2024(H5N1)	295	2134
NP|PP755592.1|A/cattle/Texas/24-008749-003/2024(H5N1)	296	2133
NP|PP755592.1|A/cattle/Texas/24-008749-003/2024(H5N1)	297	2164
NP|PP755592.1|A/cattle/Texas/24-008749-003/2024(H5N1)	298	2178
NP|PP755592.1|A/cattle/Texas/24-008749-003/2024(H5N1)	299	2185
NP|PP755592.1|A/cattle/Texas/24-008749-003/2024(H5N1)	300	2171
NP|PP755592.1|A/cattle/Texas/24-008749-003/2024(H5N1)	301	2171
NP|PP755592.1|A/cattle/Texas/24-008749-003/2024(H5N1)	302	2165
NP|PP755592.1|A/cattle/Texas/24-008749-003/2024(H5N1)	303	2150
NP|PP755592.1|A/cattle/Texas/24-008749-003/2024(H5N1)	304	2150
NP|PP755592.1|A/cattle/Texas/24-008749-003/2024(H5N1)	305	2134
NP|PP755592.1|A/cattle/Texas/24-008749-003/2024(H5N1)	306	2138
NP|PP755592.1|A/cattle/Texas/24-008749-003/2024(H5N1)	307	2191
NP|PP755592.1|A/cattle/Texas/24-008749-003/2024(H5N1)	308	2189
NP|PP755592.1|A/cattle/Texas/24-008749-003/2024(H5N1)	309	2184
NP|PP755592.1|A/cattle/Texas/24-008749-003/2024(H5N1)	310	2196
NP|PP755592.1|A/cattle/Texas/24-008749-003/2024(H5N1)	311	2221
NP|PP755592.1|A/cattle/Texas/24-008749-003/2024(H5N1)	312	2222
NP|PP755592.1|A/cattle/Texas/24-008749-003/2024(H5N1)	313	2226
NP|PP755592.1|A/cattle/Texas/24-008749-003/2024(H5N1)	314	2223
NP|PP755592.1|A/cattle/Texas/24-008749-003/2024(H5N1)	315	2212
NP|PP755592.1|A/cattle/Texas/24-008749-003/2024(H5N1)	316	2222
NP|PP755592.1|A/cattle/Texas/24-008749-003/2024(H5N1)	317	2226
NP|PP755592.1|A/cattle/Texas/24-008749-003/2024(H5N1)	318	2219
NP|PP755592.1|A/cattle/Texas/24-008749-003/2024(H5N1)	319	2238
NP|PP755592.1|A/cattle/Texas/24-008749-003/2024(H5N1)	320	2187
NP|PP755592.1|A/cattle/Texas/24-008749-003/2024(H5N1)	321	2189
NP|PP755592.1|A/cattle/Texas/24-008749-003/2024(H5N1)	322	2202
NP|PP755592.1|A/cattle/Texas/24-008749-003/2024(H5N1)	323	2200
NP|PP755592.1|A/cattle/Texas/24-008749-003/2024(H5N1)	324	2200
NP|PP755592.1|A/cattle/Texas/24-008749-003/2024(H5N1)	325	2215
NP|PP755592.1|A/cattle/Texas/24-008749-003/2024(H5N1)	326	2228
NP|PP755592.1|A/cattle/Texas/24-008749-003/2024(H5N1)	327	2205
NP|PP755592.1|A/cattle/Texas/24-008749-003/2024(H5N1)	328	2221
NP|PP755592.1|A/cattle/Texas/24-008749-003/2024(H5N1)	329	2189
NP|PP755592.1|A/cattle/Texas/24-008749-003/2024(H5N1)	330	2214
NP|PP755592.1|A/cattle/Texas/24-008749-003/2024(H5N1)	331	2222
NP|PP755592.1|A/cattle/Texas/24-008749-003/2024(H5N1)	332	2235
NP|PP755592.1|A/cattle/Texas/24-008749-003/2024(H5N1)	333	2229
NP|PP755592.1|A/cattle/Texas/24-008749-003/2024(H5N1)	334	2223
NP|PP755592.1|A/cattle/Texas/24-008749-003/2024(H5N1)	335	2232
NP|PP755592.1|A/cattle/Texas/24-008749-003/2024(H5N1)	336	2198
NP|PP755592.1|A/cattle/Texas/24-008749-003/2024(H5N1)	337	2227
NP|PP755592.1|A/cattle/Texas/24-008749-003/2024(H5N1)	338	2226
NP|PP755592.1|A/cattle/Texas/24-008749-003/2024(H5N1)	339	2222
NP|PP755592.1|A/cattle/Texas/24-008749-003/2024(H5N1)	340	2238
NP|PP755592.1|A/cattle/Texas/24-008749-003/2024(H5N1)	341	2261
NP|PP755592.1|A/cattle/Texas/24-008749-003/2024(H5N1)	342	2258
NP|PP755592.1|A/cattle/Texas/24-008749-003/2024(H5N1)	343	2254
NP|PP755592.1|A/cattle/Texas/24-008749-003/2024(H5N1)	344	2224
NP|PP755592.1|A/cattle/Texas/24-008749-003/2024(H5N1)	345	2226
NP|PP755592.1|A/cattle/Texas/24-008749-003/2024(H5N1)	346	2233
NP|PP755592.1|A/cattle/Texas/24-008749-003/2024(H5N1)	347	2276
NP|PP755592.1|A/cattle/Texas/24-008749-003/2024(H5N1)	348	2277
NP|PP755592.1|A/cattle/Texas/24-008749-003/2024(H5N1)	349	2236
NP|PP755592.1|A/cattle/Texas/24-008749-003/2024(H5N1)	350	2240
NP|PP755592.1|A/cattle/Texas/24-008749-003/2024(H5N1)	351	2253
NP|PP755592.1|A/cattle/Texas/24-008749-003/2024(H5N1)	352	2239
NP|PP755592.1|A/cattle/Texas/24-008749-003/2024(H5N1)	353	2243
NP|PP755592.1|A/cattle/Texas/24-008749-003/2024(H5N1)	354	2236
NP|PP755592.1|A/cattle/Texas/24-008749-003/2024(H5N1)	355	2250
NP|PP755592.1|A/cattle/Texas/24-008749-003/2024(H5N1)	356	2297
NP|PP755592.1|A/cattle/Texas/24-008749-003/2024(H5N1)	357	2328
NP|PP755592.1|A/cattle/Texas/24-008749-003/2024(H5N1)	358	2338
NP|PP755592.1|A/cattle/Texas/24-008749-003/2024(H5N1)	359	2310
NP|PP755592.1|A/cattle/Texas/24-008749-003/2024(H5N1)	360	2312
NP|PP755592.1|A/cattle/Texas/24-008749-003/2024(H5N1)	361	2312
NP|PP755592.1|A/cattle/Texas/24-008749-003/2024(H5N1)	362	2310
NP|PP755592.1|A/cattle/Texas/24-008749-003/2024(H5N1)	363	2315
NP|PP755592.1|A/cattle/Texas/24-008749-003/2024(H5N1)	364	2348
NP|PP755592.1|A/cattle/Texas/24-008749-003/2024(H5N1)	365	2348
NP|PP755592.1|A/cattle/Texas/24-008749-003/2024(H5N1)	366	2356
NP|PP755592.1|A/cattle/Texas/24-008749-003/2024(H5N1)	367	2365
NP|PP755592.1|A/cattle/Texas/24-008749-003/2024(H5N1)	368	2369
NP|PP755592.1|A/cattle/Texas/24-008749-003/2024(H5N1)	369	2387
NP|PP755592.1|A/cattle/Texas/24-008749-003/2024(H5N1)	370	2391
NP|PP755592.1|A/cattle/Texas/24-008749-003/2024(H5N1)	371	2404
NP|PP755592.1|A/cattle/Texas/24-008749-003/2024(H5N1)	372	2454
NP|PP755592.1|A/cattle/Texas/24-008749-003/2024(H5N1)	373	2459
NP|PP755592.1|A/cattle/Texas/24-008749-003/2024(H5N1)	374	2619
NP|PP755592.1|A/cattle/Texas/24-008749-003/2024(H5N1)	375	2593
NP|PP755592.1|A/cattle/Texas/24-008749-003/2024(H5N1)	376	2559
NP|PP755592.1|A/cattle/Texas/24-008749-003/2024(H5N1)	377	2559
NP|PP755592.1|A/cattle/Texas/24-008749-003/2024(H5N1)	378	2545
NP|PP755592.1|A/cattle/Texas/24-008749-003/2024(H5N1)	379	2536
NP|PP755592.1|A/cattle/Texas/24-008749-003/2024(H5N1)	380	2516
NP|PP755592.1|A/cattle/Texas/24-008749-003/2024(H5N1)	381	2578
NP|PP755592.1|A/cattle/Texas/24-008749-003/2024(H5N1)	382	2565
NP|PP755592.1|A/cattle/Texas/24-008749-003/2024(H5N1)	383	2589
NP|PP755592.1|A/cattle/Texas/24-008749-003/2024(H5N1)	384	2581
NP|PP755592.1|A/cattle/Texas/24-008749-003/2024(H5N1)	385	2574
NP|PP755592.1|A/cattle/Texas/24-008749-003/2024(H5N1)	386	2581
NP|PP755592.1|A/cattle/Texas/24-008749-003/2024(H5N1)	387	2582
NP|PP755592.1|A/cattle/Texas/24-008749-003/2024(H5N1)	388	2580
NP|PP755592.1|A/cattle/Texas/24-008749-003/2024(H5N1)	389	2595
NP|PP755592.1|A/cattle/Texas/24-008749-003/2024(H5N1)	390	2501
NP|PP755592.1|A/cattle/Texas/24-008749-003/2024(H5N1)	391	2503
NP|PP755592.1|A/cattle/Texas/24-008749-003/2024(H5N1)	392	2491
NP|PP755592.1|A/cattle/Texas/24-008749-003/2024(H5N1)	393	2498
NP|PP755592.1|A/cattle/Texas/24-008749-003/2024(H5N1)	394	2515
NP|PP755592.1|A/cattle/Texas/24-008749-003/2024(H5N1)	395	2528
NP|PP755592.1|A/cattle/Texas/24-008749-003/2024(H5N1)	396	2528
NP|PP755592.1|A/cattle/Texas/24-008749-003/2024(H5N1)	397	2487
NP|PP755592.1|A/cattle/Texas/24-008749-003/2024(H5N1)	398	2452
NP|PP755592.1|A/cattle/Texas/24-008749-003/2024(H5N1)	399	2458
NP|PP755592.1|A/cattle/Texas/24-008749-003/2024(H5N1)	400	2457
NP|PP755592.1|A/cattle/Texas/24-008749-003/2024(H5N1)	401	2388
NP|PP755592.1|A/cattle/Texas/24-008749-003/2024(H5N1)	402	2404
NP|PP755592.1|A/cattle/Texas/24-008749-003/2024(H5N1)	403	2357
NP|PP755592.1|A/cattle/Texas/24-008749-003/2024(H5N1)	404	2352
NP|PP755592.1|A/cattle/Texas/24-008749-003/2024(H5N1)	405	2388
NP|PP755592.1|A/cattle/Texas/24-008749-003/2024(H5N1)	406	2390
NP|PP755592.1|A/cattle/Texas/24-008749-003/2024(H5N1)	407	2396
NP|PP755592.1|A/cattle/Texas/24-008749-003/2024(H5N1)	408	2384
NP|PP755592.1|A/cattle/Texas/24-008749-003/2024(H5N1)	409	2383
NP|PP755592.1|A/cattle/Texas/24-008749-003/2024(H5N1)	410	2385
NP|PP755592.1|A/cattle/Texas/24-008749-003/2024(H5N1)	411	2388
NP|PP755592.1|A/cattle/Texas/24-008749-003/2024(H5N1)	412	2378
NP|PP755592.1|A/cattle/Texas/24-008749-003/2024(H5N1)	413	2403
NP|PP755592.1|A/cattle/Texas/24-008749-003/2024(H5N1)	414	2358
NP|PP755592.1|A/cattle/Texas/24-008749-003/2024(H5N1)	415	2359
NP|PP755592.1|A/cattle/Texas/24-008749-003/2024(H5N1)	416	2348
NP|PP755592.1|A/cattle/Texas/24-008749-003/2024(H5N1)	417	2349
NP|PP755592.1|A/cattle/Texas/24-008749-003/2024(H5N1)	418	2366
NP|PP755592.1|A/cattle/Texas/24-008749-003/2024(H5N1)	419	2370
NP|PP755592.1|A/cattle/Texas/24-008749-003/2024(H5N1)	420	2371
NP|PP755592.1|A/cattle/Texas/24-008749-003/2024(H5N1)	421	2362
NP|PP755592.1|A/cattle/Texas/24-008749-003/2024(H5N1)	422	2361
NP|PP755592.1|A/cattle/Texas/24-008749-003/2024(H5N1)	423	2346
NP|PP755592.1|A/cattle/Texas/24-008749-003/2024(H5N1)	424	2359
NP|PP755592.1|A/cattle/Texas/24-008749-003/2024(H5N1)	425	2370
NP|PP755592.1|A/cattle/Texas/24-008749-003/2024(H5N1)	426	2365
NP|PP755592.1|A/cattle/Texas/24-008749-003/2024(H5N1)	427	2376
NP|PP755592.1|A/cattle/Texas/24-008749-003/2024(H5N1)	428	2368
NP|PP755592.1|A/cattle/Texas/24-008749-003/2024(H5N1)	429	2393
NP|PP755592.1|A/cattle/Texas/24-008749-003/2024(H5N1)	430	2397
NP|PP755592.1|A/cattle/Texas/24-008749-003/2024(H5N1)	431	2391
NP|PP755592.1|A/cattle/Texas/24-008749-003/2024(H5N1)	432	2404
NP|PP755592.1|A/cattle/Texas/24-008749-003/2024(H5N1)	433	2379
NP|PP755592.1|A/cattle/Texas/24-008749-003/2024(H5N1)	434	2380
NP|PP755592.1|A/cattle/Texas/24-008749-003/2024(H5N1)	435	2378
NP|PP755592.1|A/cattle/Texas/24-008749-003/2024(H5N1)	436	2385
NP|PP755592.1|A/cattle/Texas/24-008749-003/2024(H5N1)	437	2362
NP|PP755592.1|A/cattle/Texas/24-008749-003/2024(H5N1)	438	2307
NP|PP755592.1|A/cattle/Texas/24-008749-003/2024(H5N1)	439	2329
NP|PP755592.1|A/cattle/Texas/24-008749-003/2024(H5N1)	440	2330
NP|PP755592.1|A/cattle/Texas/24-008749-003/2024(H5N1)	441	2338
NP|PP755592.1|A/cattle/Texas/24-008749-003/2024(H5N1)	442	2336
NP|PP755592.1|A/cattle/Texas/24-008749-003/2024(H5N1)	443	2309
NP|PP755592.1|A/cattle/Texas/24-008749-003/2024(H5N1)	444	2286
NP|PP755592.1|A/cattle/Texas/24-008749-003/2024(H5N1)	445	2261
NP|PP755592.1|A/cattle/Texas/24-008749-003/2024(H5N1)	446	2219
NP|PP755592.1|A/cattle/Texas/24-008749-003/2024(H5N1)	447	2218
NP|PP755592.1|A/cattle/Texas/24-008749-003/2024(H5N1)	448	2207
NP|PP755592.1|A/cattle/Texas/24-008749-003/2024(H5N1)	449	2259
NP|PP755592.1|A/cattle/Texas/24-008749-003/2024(H5N1)	450	2246
NP|PP755592.1|A/cattle/Texas/24-008749-003/2024(H5N1)	451	2244
NP|PP755592.1|A/cattle/Texas/24-008749-003/2024(H5N1)	452	2250
NP|PP755592.1|A/cattle/Texas/24-008749-003/2024(H5N1)	453	2194
NP|PP755592.1|A/cattle/Texas/24-008749-003/2024(H5N1)	454	2192
NP|PP755592.1|A/cattle/Texas/24-008749-003/2024(H5N1)	455	2223
NP|PP755592.1|A/cattle/Texas/24-008749-003/2024(H5N1)	456	2220
NP|PP755592.1|A/cattle/Texas/24-008749-003/2024(H5N1)	457	2226
NP|PP755592.1|A/cattle/Texas/24-008749-003/2024(H5N1)	458	2191
NP|PP755592.1|A/cattle/Texas/24-008749-003/2024(H5N1)	459	2188
NP|PP755592.1|A/cattle/Texas/24-008749-003/2024(H5N1)	460	2173
NP|PP755592.1|A/cattle/Texas/24-008749-003/2024(H5N1)	461	2158
NP|PP755592.1|A/cattle/Texas/24-008749-003/2024(H5N1)	462	2165
NP|PP755592.1|A/cattle/Texas/24-008749-003/2024(H5N1)	463	2163
NP|PP755592.1|A/cattle/Texas/24-008749-003/2024(H5N1)	464	2153
NP|PP755592.1|A/cattle/Texas/24-008749-003/2024(H5N1)	465	2149
NP|PP755592.1|A/cattle/Texas/24-008749-003/2024(H5N1)	466	2133
NP|PP755592.1|A/cattle/Texas/24-008749-003/2024(H5N1)	467	2132
NP|PP755592.1|A/cattle/Texas/24-008749-003/2024(H5N1)	468	2142
NP|PP755592.1|A/cattle/Texas/24-008749-003/2024(H5N1)	469	2110
NP|PP755592.1|A/cattle/Texas/24-008749-003/2024(H5N1)	470	2076
NP|PP755592.1|A/cattle/Texas/24-008749-003/2024(H5N1)	471	2076
NP|PP755592.1|A/cattle/Texas/24-008749-003/2024(H5N1)	472	2092
NP|PP755592.1|A/cattle/Texas/24-008749-003/2024(H5N1)	473	2100
NP|PP755592.1|A/cattle/Texas/24-008749-003/2024(H5N1)	474	2111
NP|PP755592.1|A/cattle/Texas/24-008749-003/2024(H5N1)	475	2111
NP|PP755592.1|A/cattle/Texas/24-008749-003/2024(H5N1)	476	2092
NP|PP755592.1|A/cattle/Texas/24-008749-003/2024(H5N1)	477	2086
NP|PP755592.1|A/cattle/Texas/24-008749-003/2024(H5N1)	478	2095
NP|PP755592.1|A/cattle/Texas/24-008749-003/2024(H5N1)	479	2132
NP|PP755592.1|A/cattle/Texas/24-008749-003/2024(H5N1)	480	2138
NP|PP755592.1|A/cattle/Texas/24-008749-003/2024(H5N1)	481	2138
NP|PP755592.1|A/cattle/Texas/24-008749-003/2024(H5N1)	482	2129
NP|PP755592.1|A/cattle/Texas/24-008749-003/2024(H5N1)	483	2148
NP|PP755592.1|A/cattle/Texas/24-008749-003/2024(H5N1)	484	2158
NP|PP755592.1|A/cattle/Texas/24-008749-003/2024(H5N1)	485	2159
NP|PP755592.1|A/cattle/Texas/24-008749-003/2024(H5N1)	486	2131
NP|PP755592.1|A/cattle/Texas/24-008749-003/2024(H5N1)	487	2119
NP|PP755592.1|A/cattle/Texas/24-008749-003/2024(H5N1)	488	2011
NP|PP755592.1|A/cattle/Texas/24-008749-003/2024(H5N1)	489	2041
NP|PP755592.1|A/cattle/Texas/24-008749-003/2024(H5N1)	490	2017
NP|PP755592.1|A/cattle/Texas/24-008749-003/2024(H5N1)	491	2011
NP|PP755592.1|A/cattle/Texas/24-008749-003/2024(H5N1)	492	2011
NP|PP755592.1|A/cattle/Texas/24-008749-003/2024(H5N1)	493	1997
NP|PP755592.1|A/cattle/Texas/24-008749-003/2024(H5N1)	494	2069
NP|PP755592.1|A/cattle/Texas/24-008749-003/2024(H5N1)	495	2056
NP|PP755592.1|A/cattle/Texas/24-008749-003/2024(H5N1)	496	2061
NP|PP755592.1|A/cattle/Texas/24-008749-003/2024(H5N1)	497	2057
NP|PP755592.1|A/cattle/Texas/24-008749-003/2024(H5N1)	498	2007
NP|PP755592.1|A/cattle/Texas/24-008749-003/2024(H5N1)	499	2070
NP|PP755592.1|A/cattle/Texas/24-008749-003/2024(H5N1)	500	2074
NP|PP755592.1|A/cattle/Texas/24-008749-003/2024(H5N1)	501	2065
NP|PP755592.1|A/cattle/Texas/24-008749-003/2024(H5N1)	502	2068
NP|PP755592.1|A/cattle/Texas/24-008749-003/2024(H5N1)	503	2004
NP|PP755592.1|A/cattle/Texas/24-008749-003/2024(H5N1)	504	2017
NP|PP755592.1|A/cattle/Texas/24-008749-003/2024(H5N1)	505	1972
NP|PP755592.1|A/cattle/Texas/24-008749-003/2024(H5N1)	506	2042
NP|PP755592.1|A/cattle/Texas/24-008749-003/2024(H5N1)	507	2044
NP|PP755592.1|A/cattle/Texas/24-008749-003/2024(H5N1)	508	2012
NP|PP755592.1|A/cattle/Texas/24-008749-003/2024(H5N1)	509	2013
NP|PP755592.1|A/cattle/Texas/24-008749-003/2024(H5N1)	510	2074
NP|PP755592.1|A/cattle/Texas/24-008749-003/2024(H5N1)	511	2107
NP|PP755592.1|A/cattle/Texas/24-008749-003/2024(H5N1)	512	2110
NP|PP755592.1|A/cattle/Texas/24-008749-003/2024(H5N1)	513	2100
NP|PP755592.1|A/cattle/Texas/24-008749-003/2024(H5N1)	514	2141
NP|PP755592.1|A/cattle/Texas/24-008749-003/2024(H5N1)	515	2079
NP|PP755592.1|A/cattle/Texas/24-008749-003/2024(H5N1)	516	2274
NP|PP755592.1|A/cattle/Texas/24-008749-003/2024(H5N1)	517	2275
NP|PP755592.1|A/cattle/Texas/24-008749-003/2024(H5N1)	518	2265
NP|PP755592.1|A/cattle/Texas/24-008749-003/2024(H5N1)	519	2270
NP|PP755592.1|A/cattle/Texas/24-008749-003/2024(H5N1)	520	2252
NP|PP755592.1|A/cattle/Texas/24-008749-003/2024(H5N1)	521	2253
NP|PP755592.1|A/cattle/Texas/24-008749-003/2024(H5N1)	522	2243
NP|PP755592.1|A/cattle/Texas/24-008749-003/2024(H5N1)	523	2199
NP|PP755592.1|A/cattle/Texas/24-008749-003/2024(H5N1)	524	2198
NP|PP755592.1|A/cattle/Texas/24-008749-003/2024(H5N1)	525	2083
NP|PP755592.1|A/cattle/Texas/24-008749-003/2024(H5N1)	526	2092
NP|PP755592.1|A/cattle/Texas/24-008749-003/2024(H5N1)	527	2094
NP|PP755592.1|A/cattle/Texas/24-008749-003/2024(H5N1)	528	2092
NP|PP755592.1|A/cattle/Texas/24-008749-003/2024(H5N1)	529	2096
NP|PP755592.1|A/cattle/Texas/24-008749-003/2024(H5N1)	530	2099
NP|PP755592.1|A/cattle/Texas/24-008749-003/2024(H5N1)	531	2099
NP|PP755592.1|A/cattle/Texas/24-008749-003/2024(H5N1)	532	2056
NP|PP755592.1|A/cattle/Texas/24-008749-003/2024(H5N1)	533	2065
NP|PP755592.1|A/cattle/Texas/24-008749-003/2024(H5N1)	534	2044
NP|PP755592.1|A/cattle/Texas/24-008749-003/2024(H5N1)	535	2062
NP|PP755592.1|A/cattle/Texas/24-008749-003/2024(H5N1)	536	2057
NP|PP755592.1|A/cattle/Texas/24-008749-003/2024(H5N1)	537	2059
NP|PP755592.1|A/cattle/Texas/24-008749-003/2024(H5N1)	538	2062
NP|PP755592.1|A/cattle/Texas/24-008749-003/2024(H5N1)	539	2065
NP|PP755592.1|A/cattle/Texas/24-008749-003/2024(H5N1)	540	2034
NP|PP755592.1|A/cattle/Texas/24-008749-003/2024(H5N1)	541	2033
NP|PP755592.1|A/cattle/Texas/24-008749-003/2024(H5N1)	542	2030
NP|PP755592.1|A/cattle/Texas/24-008749-003/2024(H5N1)	543	2030
NP|PP755592.1|A/cattle/Texas/24-008749-003/2024(H5N1)	544	2032
NP|PP755592.1|A/cattle/Texas/24-008749-003/2024(H5N1)	545	2005
NP|PP755592.1|A/cattle/Texas/24-008749-003/2024(H5N1)	546	2024
NP|PP755592.1|A/cattle/Texas/24-008749-003/2024(H5N1)	547	2050
NP|PP755592.1|A/cattle/Texas/24-008749-003/2024(H5N1)	548	2093
NP|PP755592.1|A/cattle/Texas/24-008749-003/2024(H5N1)	549	2100
NP|PP755592.1|A/cattle/Texas/24-008749-003/2024(H5N1)	550	2096
NP|PP755592.1|A/cattle/Texas/24-008749-003/2024(H5N1)	551	2097
NP|PP755592.1|A/cattle/Texas/24-008749-003/2024(H5N1)	552	2097
NP|PP755592.1|A/cattle/Texas/24-008749-003/2024(H5N1)	553	2080
NP|PP755592.1|A/cattle/Texas/24-008749-003/2024(H5N1)	554	2180
NP|PP755592.1|A/cattle/Texas/24-008749-003/2024(H5N1)	555	2176
NP|PP755592.1|A/cattle/Texas/24-008749-003/2024(H5N1)	556	2132
NP|PP755592.1|A/cattle/Texas/24-008749-003/2024(H5N1)	557	2136
NP|PP755592.1|A/cattle/Texas/24-008749-003/2024(H5N1)	558	2141
NP|PP755592.1|A/cattle/Texas/24-008749-003/2024(H5N1)	559	2143
NP|PP755592.1|A/cattle/Texas/24-008749-003/2024(H5N1)	560	2225
NP|PP755592.1|A/cattle/Texas/24-008749-003/2024(H5N1)	561	2225
NP|PP755592.1|A/cattle/Texas/24-008749-003/2024(H5N1)	562	2228
NP|PP755592.1|A/cattle/Texas/24-008749-003/2024(H5N1)	563	2215
NP|PP755592.1|A/cattle/Texas/24-008749-003/2024(H5N1)	564	2172
NP|PP755592.1|A/cattle/Texas/24-008749-003/2024(H5N1)	565	2219
NP|PP755592.1|A/cattle/Texas/24-008749-003/2024(H5N1)	566	2237
NP|PP755592.1|A/cattle/Texas/24-008749-003/2024(H5N1)	567	2243
NP|PP755592.1|A/cattle/Texas/24-008749-003/2024(H5N1)	568	2250
NP|PP755592.1|A/cattle/Texas/24-008749-003/2024(H5N1)	569	2219
NP|PP755592.1|A/cattle/Texas/24-008749-003/2024(H5N1)	570	2214
NP|PP755592.1|A/cattle/Texas/24-008749-003/2024(H5N1)	571	2329
NP|PP755592.1|A/cattle/Texas/24-008749-003/2024(H5N1)	572	2330
NP|PP755592.1|A/cattle/Texas/24-008749-003/2024(H5N1)	573	2330
NP|PP755592.1|A/cattle/Texas/24-008749-003/2024(H5N1)	574	2362
NP|PP755592.1|A/cattle/Texas/24-008749-003/2024(H5N1)	575	2355
NP|PP755592.1|A/cattle/Texas/24-008749-003/2024(H5N1)	576	2377
NP|PP755592.1|A/cattle/Texas/24-008749-003/2024(H5N1)	577	2369
NP|PP755592.1|A/cattle/Texas/24-008749-003/2024(H5N1)	578	2357
NP|PP755592.1|A/cattle/Texas/24-008749-003/2024(H5N1)	579	2364
NP|PP755592.1|A/cattle/Texas/24-008749-003/2024(H5N1)	580	2362
NP|PP755592.1|A/cattle/Texas/24-008749-003/2024(H5N1)	581	2379
NP|PP755592.1|A/cattle/Texas/24-008749-003/2024(H5N1)	582	2394
NP|PP755592.1|A/cattle/Texas/24-008749-003/2024(H5N1)	583	2368
NP|PP755592.1|A/cattle/Texas/24-008749-003/2024(H5N1)	584	2368
NP|PP755592.1|A/cattle/Texas/24-008749-003/2024(H5N1)	585	2363
NP|PP755592.1|A/cattle/Texas/24-008749-003/2024(H5N1)	586	2366
NP|PP755592.1|A/cattle/Texas/24-008749-003/2024(H5N1)	587	2354
NP|PP755592.1|A/cattle/Texas/24-008749-003/2024(H5N1)	588	2339
NP|PP755592.1|A/cattle/Texas/24-008749-003/2024(H5N1)	589	2339
NP|PP755592.1|A/cattle/Texas/24-008749-003/2024(H5N1)	590	2321
NP|PP755592.1|A/cattle/Texas/24-008749-003/2024(H5N1)	591	2316
NP|PP755592.1|A/cattle/Texas/24-008749-003/2024(H5N1)	592	2316
NP|PP755592.1|A/cattle/Texas/24-008749-003/2024(H5N1)	593	2346
NP|PP755592.1|A/cattle/Texas/24-008749-003/2024(H5N1)	594	2338
NP|PP755592.1|A/cattle/Texas/24-008749-003/2024(H5N1)	595	2306
NP|PP755592.1|A/cattle/Texas/24-008749-003/2024(H5N1)	596	2302
NP|PP755592.1|A/cattle/Texas/24-008749-003/2024(H5N1)	597	2280
NP|PP755592.1|A/cattle/Texas/24-008749-003/2024(H5N1)	598	2278
NP|PP755592.1|A/cattle/Texas/24-008749-003/2024(H5N1)	599	2321
NP|PP755592.1|A/cattle/Texas/24-008749-003/2024(H5N1)	600	2281
NP|PP755592.1|A/cattle/Texas/24-008749-003/2024(H5N1)	601	2287
NP|PP755592.1|A/cattle/Texas/24-008749-003/2024(H5N1)	602	2273
NP|PP755592.1|A/cattle/Texas/24-008749-003/2024(H5N1)	603	2269
NP|PP755592.1|A/cattle/Texas/24-008749-003/2024(H5N1)	604	2268
NP|PP755592.1|A/cattle/Texas/24-008749-003/2024(H5N1)	605	2267
NP|PP755592.1|A/cattle/Texas/24-008749-003/2024(H5N1)	606	2235
NP|PP755592.1|A/cattle/Texas/24-008749-003/2024(H5N1)	607	2234
NP|PP755592.1|A/cattle/Texas/24-008749-003/2024(H5N1)	608	2220
NP|PP755592.1|A/cattle/Texas/24-008749-003/2024(H5N1)	609	2212
NP|PP755592.1|A/cattle/Texas/24-008749-003/2024(H5N1)	610	2181
NP|PP755592.1|A/cattle/Texas/24-008749-003/2024(H5N1)	611	2178
NP|PP755592.1|A/cattle/Texas/24-008749-003/2024(H5N1)	612	2189
NP|PP755592.1|A/cattle/Texas/24-008749-003/2024(H5N1)	613	2189
NP|PP755592.1|A/cattle/Texas/24-008749-003/2024(H5N1)	614	2188
NP|PP755592.1|A/cattle/Texas/24-008749-003/2024(H5N1)	615	2217
NP|PP755592.1|A/cattle/Texas/24-008749-003/2024(H5N1)	616	2221
NP|PP755592.1|A/cattle/Texas/24-008749-003/2024(H5N1)	617	2219
NP|PP755592.1|A/cattle/Texas/24-008749-003/2024(H5N1)	618	2199
NP|PP755592.1|A/cattle/Texas/24-008749-003/2024(H5N1)	619	2198
NP|PP755592.1|A/cattle/Texas/24-008749-003/2024(H5N1)	620	2199
NP|PP755592.1|A/cattle/Texas/24-008749-003/2024(H5N1)	621	2196
NP|PP755592.1|A/cattle/Texas/24-008749-003/2024(H5N1)	622	2213
NP|PP755592.1|A/cattle/Texas/24-008749-003/2024(H5N1)	623	2190
NP|PP755592.1|A/cattle/Texas/24-008749-003/2024(H5N1)	624	2172
NP|PP755592.1|A/cattle/Texas/24-008749-003/2024(H5N1)	625	2224
NP|PP755592.1|A/cattle/Texas/24-008749-003/2024(H5N1)	626	2231
NP|PP755592.1|A/cattle/Texas/24-008749-003/2024(H5N1)	627	2244
NP|PP755592.1|A/cattle/Texas/24-008749-003/2024(H5N1)	628	2238
NP|PP755592.1|A/cattle/Texas/24-008749-003/2024(H5N1)	629	2224
NP|PP755592.1|A/cattle/Texas/24-008749-003/2024(H5N1)	630	2135
NP|PP755592.1|A/cattle/Texas/24-008749-003/2024(H5N1)	631	2145
NP|PP755592.1|A/cattle/Texas/24-008749-003/2024(H5N1)	632	2112
NP|PP755592.1|A/cattle/Texas/24-008749-003/2024(H5N1)	633	2114
NP|PP755592.1|A/cattle/Texas/24-008749-003/2024(H5N1)	634	2071
NP|PP755592.1|A/cattle/Texas/24-008749-003/2024(H5N1)	635	2067
NP|PP755592.1|A/cattle/Texas/24-008749-003/2024(H5N1)	636	2077
NP|PP755592.1|A/cattle/Texas/24-008749-003/2024(H5N1)	637	2067
NP|PP755592.1|A/cattle/Texas/24-008749-003/2024(H5N1)	638	2066
NP|PP755592.1|A/cattle/Texas/24-008749-003/2024(H5N1)	639	2075
NP|PP755592.1|A/cattle/Texas/24-008749-003/2024(H5N1)	640	2037
NP|PP755592.1|A/cattle/Texas/24-008749-003/2024(H5N1)	641	2076
NP|PP755592.1|A/cattle/Texas/24-008749-003/2024(H5N1)	642	2139
NP|PP755592.1|A/cattle/Texas/24-008749-003/2024(H5N1)	643	2140
NP|PP755592.1|A/cattle/Texas/24-008749-003/2024(H5N1)	644	2074
NP|PP755592.1|A/cattle/Texas/24-008749-003/2024(H5N1)	645	2070
NP|PP755592.1|A/cattle/Texas/24-008749-003/2024(H5N1)	646	2064
NP|PP755592.1|A/cattle/Texas/24-008749-003/2024(H5N1)	647	2050
NP|PP755592.1|A/cattle/Texas/24-008749-003/2024(H5N1)	648	2125
NP|PP755592.1|A/cattle/Texas/24-008749-003/2024(H5N1)	649	2132
NP|PP755592.1|A/cattle/Texas/24-008749-003/2024(H5N1)	650	2100
NP|PP755592.1|A/cattle/Texas/24-008749-003/2024(H5N1)	651	2106
NP|PP755592.1|A/cattle/Texas/24-008749-003/2024(H5N1)	652	2180
NP|PP755592.1|A/cattle/Texas/24-008749-003/2024(H5N1)	653	2194
NP|PP755592.1|A/cattle/Texas/24-008749-003/2024(H5N1)	654	2178
NP|PP755592.1|A/cattle/Texas/24-008749-003/2024(H5N1)	655	2175
NP|PP755592.1|A/cattle/Texas/24-008749-003/2024(H5N1)	656	2198
NP|PP755592.1|A/cattle/Texas/24-008749-003/2024(H5N1)	657	2136
NP|PP755592.1|A/cattle/Texas/24-008749-003/2024(H5N1)	658	2138
NP|PP755592.1|A/cattle/Texas/24-008749-003/2024(H5N1)	659	2155
NP|PP755592.1|A/cattle/Texas/24-008749-003/2024(H5N1)	660	2152
NP|PP755592.1|A/cattle/Texas/24-008749-003/2024(H5N1)	661	2100
NP|PP755592.1|A/cattle/Texas/24-008749-003/2024(H5N1)	662	2074
NP|PP755592.1|A/cattle/Texas/24-008749-003/2024(H5N1)	663	2108
NP|PP755592.1|A/cattle/Texas/24-008749-003/2024(H5N1)	664	2126
NP|PP755592.1|A/cattle/Texas/24-008749-003/2024(H5N1)	665	2086
NP|PP755592.1|A/cattle/Texas/24-008749-003/2024(H5N1)	666	2106
NP|PP755592.1|A/cattle/Texas/24-008749-003/2024(H5N1)	667	1928
NP|PP755592.1|A/cattle/Texas/24-008749-003/2024(H5N1)	668	1929
NP|PP755592.1|A/cattle/Texas/24-008749-003/2024(H5N1)	669	1959
NP|PP755592.1|A/cattle/Texas/24-008749-003/2024(H5N1)	670	1954
NP|PP755592.1|A/cattle/Texas/24-008749-003/2024(H5N1)	671	1950
NP|PP755592.1|A/cattle/Texas/24-008749-003/2024(H5N1)	672	2011
NP|PP755592.1|A/cattle/Texas/24-008749-003/2024(H5N1)	673	1998
NP|PP755592.1|A/cattle/Texas/24-008749-003/2024(H5N1)	674	2000
NP|PP755592.1|A/cattle/Texas/24-008749-003/2024(H5N1)	675	1940
NP|PP755592.1|A/cattle/Texas/24-008749-003/2024(H5N1)	676	1963
NP|PP755592.1|A/cattle/Texas/24-008749-003/2024(H5N1)	677	1973
NP|PP755592.1|A/cattle/Texas/24-008749-003/2024(H5N1)	678	1973
NP|PP755592.1|A/cattle/Texas/24-008749-003/2024(H5N1)	679	1971
NP|PP755592.1|A/cattle/Texas/24-008749-003/2024(H5N1)	680	1966
NP|PP755592.1|A/cattle/Texas/24-008749-003/2024(H5N1)	681	1962
NP|PP755592.1|A/cattle/Texas/24-008749-003/2024(H5N1)	682	1975
NP|PP755592.1|A/cattle/Texas/24-008749-003/2024(H5N1)	683	1990
NP|PP755592.1|A/cattle/Texas/24-008749-003/2024(H5N1)	684	1989
NP|PP755592.1|A/cattle/Texas/24-008749-003/2024(H5N1)	685	1987
NP|PP755592.1|A/cattle/Texas/24-008749-003/2024(H5N1)	686	1970
NP|PP755592.1|A/cattle/Texas/24-008749-003/2024(H5N1)	687	2019
NP|PP755592.1|A/cattle/Texas/24-008749-003/2024(H5N1)	688	2027
NP|PP755592.1|A/cattle/Texas/24-008749-003/2024(H5N1)	689	2023
NP|PP755592.1|A/cattle/Texas/24-008749-003/2024(H5N1)	690	2037
NP|PP755592.1|A/cattle/Texas/24-008749-003/2024(H5N1)	691	2028
NP|PP755592.1|A/cattle/Texas/24-008749-003/2024(H5N1)	692	2030
NP|PP755592.1|A/cattle/Texas/24-008749-003/2024(H5N1)	693	2032
NP|PP755592.1|A/cattle/Texas/24-008749-003/2024(H5N1)	694	2029
NP|PP755592.1|A/cattle/Texas/24-008749-003/2024(H5N1)	695	2074
NP|PP755592.1|A/cattle/Texas/24-008749-003/2024(H5N1)	696	2026
NP|PP755592.1|A/cattle/Texas/24-008749-003/2024(H5N1)	697	2034
NP|PP755592.1|A/cattle/Texas/24-008749-003/2024(H5N1)	698	2050
NP|PP755592.1|A/cattle/Texas/24-008749-003/2024(H5N1)	699	2040
NP|PP755592.1|A/cattle/Texas/24-008749-003/2024(H5N1)	700	2050
NP|PP755592.1|A/cattle/Texas/24-008749-003/2024(H5N1)	701	2059
NP|PP755592.1|A/cattle/Texas/24-008749-003/2024(H5N1)	702	2060
NP|PP755592.1|A/cattle/Texas/24-008749-003/2024(H5N1)	703	2112
NP|PP755592.1|A/cattle/Texas/24-008749-003/2024(H5N1)	704	2039
NP|PP755592.1|A/cattle/Texas/24-008749-003/2024(H5N1)	705	1992
NP|PP755592.1|A/cattle/Texas/24-008749-003/2024(H5N1)	706	1970
NP|PP755592.1|A/cattle/Texas/24-008749-003/2024(H5N1)	707	2006
NP|PP755592.1|A/cattle/Texas/24-008749-003/2024(H5N1)	708	2022
NP|PP755592.1|A/cattle/Texas/24-008749-003/2024(H5N1)	709	2014
NP|PP755592.1|A/cattle/Texas/24-008749-003/2024(H5N1)	710	2049
NP|PP755592.1|A/cattle/Texas/24-008749-003/2024(H5N1)	711	2054
NP|PP755592.1|A/cattle/Texas/24-008749-003/2024(H5N1)	712	2174
NP|PP755592.1|A/cattle/Texas/24-008749-003/2024(H5N1)	713	2188
NP|PP755592.1|A/cattle/Texas/24-008749-003/2024(H5N1)	714	2190
NP|PP755592.1|A/cattle/Texas/24-008749-003/2024(H5N1)	715	2190
NP|PP755592.1|A/cattle/Texas/24-008749-003/2024(H5N1)	716	2138
NP|PP755592.1|A/cattle/Texas/24-008749-003/2024(H5N1)	717	2122
NP|PP755592.1|A/cattle/Texas/24-008749-003/2024(H5N1)	718	2150
NP|PP755592.1|A/cattle/Texas/24-008749-003/2024(H5N1)	719	2155
NP|PP755592.1|A/cattle/Texas/24-008749-003/2024(H5N1)	720	2172
NP|PP755592.1|A/cattle/Texas/24-008749-003/2024(H5N1)	721	2052
NP|PP755592.1|A/cattle/Texas/24-008749-003/2024(H5N1)	722	2072
NP|PP755592.1|A/cattle/Texas/24-008749-003/2024(H5N1)	723	2093
NP|PP755592.1|A/cattle/Texas/24-008749-003/2024(H5N1)	724	2103
NP|PP755592.1|A/cattle/Texas/24-008749-003/2024(H5N1)	725	2071
NP|PP755592.1|A/cattle/Texas/24-008749-003/2024(H5N1)	726	2068
NP|PP755592.1|A/cattle/Texas/24-008749-003/2024(H5N1)	727	2037
NP|PP755592.1|A/cattle/Texas/24-008749-003/2024(H5N1)	728	2042
NP|PP755592.1|A/cattle/Texas/24-008749-003/2024(H5N1)	729	2047
NP|PP755592.1|A/cattle/Texas/24-008749-003/2024(H5N1)	730	2038
NP|PP755592.1|A/cattle/Texas/24-008749-003/2024(H5N1)	731	2015
NP|PP755592.1|A/cattle/Texas/24-008749-003/2024(H5N1)	732	1997
NP|PP755592.1|A/cattle/Texas/24-008749-003/2024(H5N1)	733	1987
NP|PP755592.1|A/cattle/Texas/24-008749-003/2024(H5N1)	734	1998
NP|PP755592.1|A/cattle/Texas/24-008749-003/2024(H5N1)	735	2004
NP|PP755592.1|A/cattle/Texas/24-008749-003/2024(H5N1)	736	2007
NP|PP755592.1|A/cattle/Texas/24-008749-003/2024(H5N1)	737	2003
NP|PP755592.1|A/cattle/Texas/24-008749-003/2024(H5N1)	738	1999
NP|PP755592.1|A/cattle/Texas/24-008749-003/2024(H5N1)	739	2015
NP|PP755592.1|A/cattle/Texas/24-008749-003/2024(H5N1)	740	2096
NP|PP755592.1|A/cattle/Texas/24-008749-003/2024(H5N1)	741	2107
NP|PP755592.1|A/cattle/Texas/24-008749-003/2024(H5N1)	742	2102
NP|PP755592.1|A/cattle/Texas/24-008749-003/2024(H5N1)	743	2085
NP|PP755592.1|A/cattle/Texas/24-008749-003/2024(H5N1)	744	2074
NP|PP755592.1|A/cattle/Texas/24-008749-003/2024(H5N1)	745	2075
NP|PP755592.1|A/cattle/Texas/24-008749-003/2024(H5N1)	746	2084
NP|PP755592.1|A/cattle/Texas/24-008749-003/2024(H5N1)	747	2091
NP|PP755592.1|A/cattle/Texas/24-008749-003/2024(H5N1)	748	2108
NP|PP755592.1|A/cattle/Texas/24-008749-003/2024(H5N1)	749	2090
NP|PP755592.1|A/cattle/Texas/24-008749-003/2024(H5N1)	750	2073
NP|PP755592.1|A/cattle/Texas/24-008749-003/2024(H5N1)	751	2065
NP|PP755592.1|A/cattle/Texas/24-008749-003/2024(H5N1)	752	2081
NP|PP755592.1|A/cattle/Texas/24-008749-003/2024(H5N1)	753	2084
NP|PP755592.1|A/cattle/Texas/24-008749-003/2024(H5N1)	754	2089
NP|PP755592.1|A/cattle/Texas/24-008749-003/2024(H5N1)	755	2091
NP|PP755592.1|A/cattle/Texas/24-008749-003/2024(H5N1)	756	2091
NP|PP755592.1|A/cattle/Texas/24-008749-003/2024(H5N1)	757	2114
NP|PP755592.1|A/cattle/Texas/24-008749-003/2024(H5N1)	758	2124
NP|PP755592.1|A/cattle/Texas/24-008749-003/2024(H5N1)	759	2116
NP|PP755592.1|A/cattle/Texas/24-008749-003/2024(H5N1)	760	2115
NP|PP755592.1|A/cattle/Texas/24-008749-003/2024(H5N1)	761	2115
NP|PP755592.1|A/cattle/Texas/24-008749-003/2024(H5N1)	762	2115
NP|PP755592.1|A/cattle/Texas/24-008749-003/2024(H5N1)	763	2112
NP|PP755592.1|A/cattle/Texas/24-008749-003/2024(H5N1)	764	2136
NP|PP755592.1|A/cattle/Texas/24-008749-003/2024(H5N1)	765	2140
NP|PP755592.1|A/cattle/Texas/24-008749-003/2024(H5N1)	766	2139
NP|PP755592.1|A/cattle/Texas/24-008749-003/2024(H5N1)	767	2131
NP|PP755592.1|A/cattle/Texas/24-008749-003/2024(H5N1)	768	2142
NP|PP755592.1|A/cattle/Texas/24-008749-003/2024(H5N1)	769	2144
NP|PP755592.1|A/cattle/Texas/24-008749-003/2024(H5N1)	770	2146
NP|PP755592.1|A/cattle/Texas/24-008749-003/2024(H5N1)	771	2151
NP|PP755592.1|A/cattle/Texas/24-008749-003/2024(H5N1)	772	2127
NP|PP755592.1|A/cattle/Texas/24-008749-003/2024(H5N1)	773	2132
NP|PP755592.1|A/cattle/Texas/24-008749-003/2024(H5N1)	774	2132
NP|PP755592.1|A/cattle/Texas/24-008749-003/2024(H5N1)	775	2071
NP|PP755592.1|A/cattle/Texas/24-008749-003/2024(H5N1)	776	2074
NP|PP755592.1|A/cattle/Texas/24-008749-003/2024(H5N1)	777	2168
NP|PP755592.1|A/cattle/Texas/24-008749-003/2024(H5N1)	778	2168
NP|PP755592.1|A/cattle/Texas/24-008749-003/2024(H5N1)	779	2170
NP|PP755592.1|A/cattle/Texas/24-008749-003/2024(H5N1)	780	2171
NP|PP755592.1|A/cattle/Texas/24-008749-003/2024(H5N1)	781	2174
NP|PP755592.1|A/cattle/Texas/24-008749-003/2024(H5N1)	782	2200
NP|PP755592.1|A/cattle/Texas/24-008749-003/2024(H5N1)	783	2227
NP|PP755592.1|A/cattle/Texas/24-008749-003/2024(H5N1)	784	2228
NP|PP755592.1|A/cattle/Texas/24-008749-003/2024(H5N1)	785	2225
NP|PP755592.1|A/cattle/Texas/24-008749-003/2024(H5N1)	786	2211
NP|PP755592.1|A/cattle/Texas/24-008749-003/2024(H5N1)	787	2278
NP|PP755592.1|A/cattle/Texas/24-008749-003/2024(H5N1)	788	2307
NP|PP755592.1|A/cattle/Texas/24-008749-003/2024(H5N1)	789	2311
NP|PP755592.1|A/cattle/Texas/24-008749-003/2024(H5N1)	790	2279
NP|PP755592.1|A/cattle/Texas/24-008749-003/2024(H5N1)	791	2227
NP|PP755592.1|A/cattle/Texas/24-008749-003/2024(H5N1)	792	2264
NP|PP755592.1|A/cattle/Texas/24-008749-003/2024(H5N1)	793	2277
NP|PP755592.1|A/cattle/Texas/24-008749-003/2024(H5N1)	794	2292
NP|PP755592.1|A/cattle/Texas/24-008749-003/2024(H5N1)	795	2290
NP|PP755592.1|A/cattle/Texas/24-008749-003/2024(H5N1)	796	2234
NP|PP755592.1|A/cattle/Texas/24-008749-003/2024(H5N1)	797	2177
NP|PP755592.1|A/cattle/Texas/24-008749-003/2024(H5N1)	798	2185
NP|PP755592.1|A/cattle/Texas/24-008749-003/2024(H5N1)	799	2184
NP|PP755592.1|A/cattle/Texas/24-008749-003/2024(H5N1)	800	2213
NP|PP755592.1|A/cattle/Texas/24-008749-003/2024(H5N1)	801	2171
NP|PP755592.1|A/cattle/Texas/24-008749-003/2024(H5N1)	802	2148
NP|PP755592.1|A/cattle/Texas/24-008749-003/2024(H5N1)	803	2100
NP|PP755592.1|A/cattle/Texas/24-008749-003/2024(H5N1)	804	2180
NP|PP755592.1|A/cattle/Texas/24-008749-003/2024(H5N1)	805	2174
NP|PP755592.1|A/cattle/Texas/24-008749-003/2024(H5N1)	806	2173
NP|PP755592.1|A/cattle/Texas/24-008749-003/2024(H5N1)	807	2140
NP|PP755592.1|A/cattle/Texas/24-008749-003/2024(H5N1)	808	2139
NP|PP755592.1|A/cattle/Texas/24-008749-003/2024(H5N1)	809	2123
NP|PP755592.1|A/cattle/Texas/24-008749-003/2024(H5N1)	810	2116
NP|PP755592.1|A/cattle/Texas/24-008749-003/2024(H5N1)	811	2152
NP|PP755592.1|A/cattle/Texas/24-008749-003/2024(H5N1)	812	2115
NP|PP755592.1|A/cattle/Texas/24-008749-003/2024(H5N1)	813	2112
NP|PP755592.1|A/cattle/Texas/24-008749-003/2024(H5N1)	814	2136
NP|PP755592.1|A/cattle/Texas/24-008749-003/2024(H5N1)	815	2203
NP|PP755592.1|A/cattle/Texas/24-008749-003/2024(H5N1)	816	2208
NP|PP755592.1|A/cattle/Texas/24-008749-003/2024(H5N1)	817	2176
NP|PP755592.1|A/cattle/Texas/24-008749-003/2024(H5N1)	818	2197
NP|PP755592.1|A/cattle/Texas/24-008749-003/2024(H5N1)	819	2216
NP|PP755592.1|A/cattle/Texas/24-008749-003/2024(H5N1)	820	2184
NP|PP755592.1|A/cattle/Texas/24-008749-003/2024(H5N1)	821	2182
NP|PP755592.1|A/cattle/Texas/24-008749-003/2024(H5N1)	822	2167
NP|PP755592.1|A/cattle/Texas/24-008749-003/2024(H5N1)	823	2104
NP|PP755592.1|A/cattle/Texas/24-008749-003/2024(H5N1)	824	2116
NP|PP755592.1|A/cattle/Texas/24-008749-003/2024(H5N1)	825	2116
NP|PP755592.1|A/cattle/Texas/24-008749-003/2024(H5N1)	826	2120
NP|PP755592.1|A/cattle/Texas/24-008749-003/2024(H5N1)	827	2099
NP|PP755592.1|A/cattle/Texas/24-008749-003/2024(H5N1)	828	2089
NP|PP755592.1|A/cattle/Texas/24-008749-003/2024(H5N1)	829	2097
NP|PP755592.1|A/cattle/Texas/24-008749-003/2024(H5N1)	830	2088
NP|PP755592.1|A/cattle/Texas/24-008749-003/2024(H5N1)	831	2069
NP|PP755592.1|A/cattle/Texas/24-008749-003/2024(H5N1)	832	2080
NP|PP755592.1|A/cattle/Texas/24-008749-003/2024(H5N1)	833	2068
NP|PP755592.1|A/cattle/Texas/24-008749-003/2024(H5N1)	834	2070
NP|PP755592.1|A/cattle/Texas/24-008749-003/2024(H5N1)	835	2055
NP|PP755592.1|A/cattle/Texas/24-008749-003/2024(H5N1)	836	2056
NP|PP755592.1|A/cattle/Texas/24-008749-003/2024(H5N1)	837	2008
NP|PP755592.1|A/cattle/Texas/24-008749-003/2024(H5N1)	838	2017
NP|PP755592.1|A/cattle/Texas/24-008749-003/2024(H5N1)	839	2056
NP|PP755592.1|A/cattle/Texas/24-008749-003/2024(H5N1)	840	2071
NP|PP755592.1|A/cattle/Texas/24-008749-003/2024(H5N1)	841	2059
NP|PP755592.1|A/cattle/Texas/24-008749-003/2024(H5N1)	842	2147
NP|PP755592.1|A/cattle/Texas/24-008749-003/2024(H5N1)	843	2152
NP|PP755592.1|A/cattle/Texas/24-008749-003/2024(H5N1)	844	2150
NP|PP755592.1|A/cattle/Texas/24-008749-003/2024(H5N1)	845	2201
NP|PP755592.1|A/cattle/Texas/24-008749-003/2024(H5N1)	846	2157
NP|PP755592.1|A/cattle/Texas/24-008749-003/2024(H5N1)	847	2139
NP|PP755592.1|A/cattle/Texas/24-008749-003/2024(H5N1)	848	2099
NP|PP755592.1|A/cattle/Texas/24-008749-003/2024(H5N1)	849	2088
NP|PP755592.1|A/cattle/Texas/24-008749-003/2024(H5N1)	850	2224
NP|PP755592.1|A/cattle/Texas/24-008749-003/2024(H5N1)	851	2210
NP|PP755592.1|A/cattle/Texas/24-008749-003/2024(H5N1)	852	2232
NP|PP755592.1|A/cattle/Texas/24-008749-003/2024(H5N1)	853	2239
NP|PP755592.1|A/cattle/Texas/24-008749-003/2024(H5N1)	854	2201
NP|PP755592.1|A/cattle/Texas/24-008749-003/2024(H5N1)	855	2224
NP|PP755592.1|A/cattle/Texas/24-008749-003/2024(H5N1)	856	2223
NP|PP755592.1|A/cattle/Texas/24-008749-003/2024(H5N1)	857	2217
NP|PP755592.1|A/cattle/Texas/24-008749-003/2024(H5N1)	858	2209
NP|PP755592.1|A/cattle/Texas/24-008749-003/2024(H5N1)	859	2082
NP|PP755592.1|A/cattle/Texas/24-008749-003/2024(H5N1)	860	2092
NP|PP755592.1|A/cattle/Texas/24-008749-003/2024(H5N1)	861	2143
NP|PP755592.1|A/cattle/Texas/24-008749-003/2024(H5N1)	862	2172
NP|PP755592.1|A/cattle/Texas/24-008749-003/2024(H5N1)	863	2079
NP|PP755592.1|A/cattle/Texas/24-008749-003/2024(H5N1)	864	2062
NP|PP755592.1|A/cattle/Texas/24-008749-003/2024(H5N1)	865	2057
NP|PP755592.1|A/cattle/Texas/24-008749-003/2024(H5N1)	866	2055
NP|PP755592.1|A/cattle/Texas/24-008749-003/2024(H5N1)	867	2064
NP|PP755592.1|A/cattle/Texas/24-008749-003/2024(H5N1)	868	2060
NP|PP755592.1|A/cattle/Texas/24-008749-003/2024(H5N1)	869	2026
NP|PP755592.1|A/cattle/Texas/24-008749-003/2024(H5N1)	870	2030
NP|PP755592.1|A/cattle/Texas/24-008749-003/2024(H5N1)	871	2010
NP|PP755592.1|A/cattle/Texas/24-008749-003/2024(H5N1)	872	2014
NP|PP755592.1|A/cattle/Texas/24-008749-003/2024(H5N1)	873	1995
NP|PP755592.1|A/cattle/Texas/24-008749-003/2024(H5N1)	874	1979
NP|PP755592.1|A/cattle/Texas/24-008749-003/2024(H5N1)	875	1988
NP|PP755592.1|A/cattle/Texas/24-008749-003/2024(H5N1)	876	2010
NP|PP755592.1|A/cattle/Texas/24-008749-003/2024(H5N1)	877	2011
NP|PP755592.1|A/cattle/Texas/24-008749-003/2024(H5N1)	878	2021
NP|PP755592.1|A/cattle/Texas/24-008749-003/2024(H5N1)	879	2048
NP|PP755592.1|A/cattle/Texas/24-008749-003/2024(H5N1)	880	2085
NP|PP755592.1|A/cattle/Texas/24-008749-003/2024(H5N1)	881	2083
NP|PP755592.1|A/cattle/Texas/24-008749-003/2024(H5N1)	882	2134
NP|PP755592.1|A/cattle/Texas/24-008749-003/2024(H5N1)	883	2150
NP|PP755592.1|A/cattle/Texas/24-008749-003/2024(H5N1)	884	2145
NP|PP755592.1|A/cattle/Texas/24-008749-003/2024(H5N1)	885	2174
NP|PP755592.1|A/cattle/Texas/24-008749-003/2024(H5N1)	886	2176
NP|PP755592.1|A/cattle/Texas/24-008749-003/2024(H5N1)	887	2191
NP|PP755592.1|A/cattle/Texas/24-008749-003/2024(H5N1)	888	2194
NP|PP755592.1|A/cattle/Texas/24-008749-003/2024(H5N1)	889	2164
NP|PP755592.1|A/cattle/Texas/24-008749-003/2024(H5N1)	890	2151
NP|PP755592.1|A/cattle/Texas/24-008749-003/2024(H5N1)	891	2121
NP|PP755592.1|A/cattle/Texas/24-008749-003/2024(H5N1)	892	2114
NP|PP755592.1|A/cattle/Texas/24-008749-003/2024(H5N1)	893	2118
NP|PP755592.1|A/cattle/Texas/24-008749-003/2024(H5N1)	894	2143
NP|PP755592.1|A/cattle/Texas/24-008749-003/2024(H5N1)	895	2143
NP|PP755592.1|A/cattle/Texas/24-008749-003/2024(H5N1)	896	2137
NP|PP755592.1|A/cattle/Texas/24-008749-003/2024(H5N1)	897	2130
NP|PP755592.1|A/cattle/Texas/24-008749-003/2024(H5N1)	898	2127
NP|PP755592.1|A/cattle/Texas/24-008749-003/2024(H5N1)	899	2164
NP|PP755592.1|A/cattle/Texas/24-008749-003/2024(H5N1)	900	2163
NP|PP755592.1|A/cattle/Texas/24-008749-003/2024(H5N1)	901	2165
NP|PP755592.1|A/cattle/Texas/24-008749-003/2024(H5N1)	902	2171
NP|PP755592.1|A/cattle/Texas/24-008749-003/2024(H5N1)	903	2143
NP|PP755592.1|A/cattle/Texas/24-008749-003/2024(H5N1)	904	2156
NP|PP755592.1|A/cattle/Texas/24-008749-003/2024(H5N1)	905	2220
NP|PP755592.1|A/cattle/Texas/24-008749-003/2024(H5N1)	906	2225
NP|PP755592.1|A/cattle/Texas/24-008749-003/2024(H5N1)	907	2237
NP|PP755592.1|A/cattle/Texas/24-008749-003/2024(H5N1)	908	2221
NP|PP755592.1|A/cattle/Texas/24-008749-003/2024(H5N1)	909	2218
NP|PP755592.1|A/cattle/Texas/24-008749-003/2024(H5N1)	910	2245
NP|PP755592.1|A/cattle/Texas/24-008749-003/2024(H5N1)	911	2248
NP|PP755592.1|A/cattle/Texas/24-008749-003/2024(H5N1)	912	2247
NP|PP755592.1|A/cattle/Texas/24-008749-003/2024(H5N1)	913	2222
NP|PP755592.1|A/cattle/Texas/24-008749-003/2024(H5N1)	914	2224
NP|PP755592.1|A/cattle/Texas/24-008749-003/2024(H5N1)	915	2253
NP|PP755592.1|A/cattle/Texas/24-008749-003/2024(H5N1)	916	2246
NP|PP755592.1|A/cattle/Texas/24-008749-003/2024(H5N1)	917	2217
NP|PP755592.1|A/cattle/Texas/24-008749-003/2024(H5N1)	918	2237
NP|PP755592.1|A/cattle/Texas/24-008749-003/2024(H5N1)	919	2362
NP|PP755592.1|A/cattle/Texas/24-008749-003/2024(H5N1)	920	2362
NP|PP755592.1|A/cattle/Texas/24-008749-003/2024(H5N1)	921	2366
NP|PP755592.1|A/cattle/Texas/24-008749-003/2024(H5N1)	922	2366
NP|PP755592.1|A/cattle/Texas/24-008749-003/2024(H5N1)	923	2359
NP|PP755592.1|A/cattle/Texas/24-008749-003/2024(H5N1)	924	2352
NP|PP755592.1|A/cattle/Texas/24-008749-003/2024(H5N1)	925	2429
NP|PP755592.1|A/cattle/Texas/24-008749-003/2024(H5N1)	926	2431
NP|PP755592.1|A/cattle/Texas/24-008749-003/2024(H5N1)	927	2424
NP|PP755592.1|A/cattle/Texas/24-008749-003/2024(H5N1)	928	2290
NP|PP755592.1|A/cattle/Texas/24-008749-003/2024(H5N1)	929	2305
NP|PP755592.1|A/cattle/Texas/24-008749-003/2024(H5N1)	930	2340
NP|PP755592.1|A/cattle/Texas/24-008749-003/2024(H5N1)	931	2337
NP|PP755592.1|A/cattle/Texas/24-008749-003/2024(H5N1)	932	2364
NP|PP755592.1|A/cattle/Texas/24-008749-003/2024(H5N1)	933	2328
NP|PP755592.1|A/cattle/Texas/24-008749-003/2024(H5N1)	934	2312
NP|PP755592.1|A/cattle/Texas/24-008749-003/2024(H5N1)	935	2370
NP|PP755592.1|A/cattle/Texas/24-008749-003/2024(H5N1)	936	2371
NP|PP755592.1|A/cattle/Texas/24-008749-003/2024(H5N1)	937	2381
NP|PP755592.1|A/cattle/Texas/24-008749-003/2024(H5N1)	938	2314
NP|PP755592.1|A/cattle/Texas/24-008749-003/2024(H5N1)	939	2288
NP|PP755592.1|A/cattle/Texas/24-008749-003/2024(H5N1)	940	2293
NP|PP755592.1|A/cattle/Texas/24-008749-003/2024(H5N1)	941	2293
NP|PP755592.1|A/cattle/Texas/24-008749-003/2024(H5N1)	942	2296
NP|PP755592.1|A/cattle/Texas/24-008749-003/2024(H5N1)	943	2216
NP|PP755592.1|A/cattle/Texas/24-008749-003/2024(H5N1)	944	2221
NP|PP755592.1|A/cattle/Texas/24-008749-003/2024(H5N1)	945	2332
NP|PP755592.1|A/cattle/Texas/24-008749-003/2024(H5N1)	946	2339
NP|PP755592.1|A/cattle/Texas/24-008749-003/2024(H5N1)	947	2338
NP|PP755592.1|A/cattle/Texas/24-008749-003/2024(H5N1)	948	2325
NP|PP755592.1|A/cattle/Texas/24-008749-003/2024(H5N1)	949	2314
NP|PP755592.1|A/cattle/Texas/24-008749-003/2024(H5N1)	950	2317
NP|PP755592.1|A/cattle/Texas/24-008749-003/2024(H5N1)	951	2294
NP|PP755592.1|A/cattle/Texas/24-008749-003/2024(H5N1)	952	2289
NP|PP755592.1|A/cattle/Texas/24-008749-003/2024(H5N1)	953	2257
NP|PP755592.1|A/cattle/Texas/24-008749-003/2024(H5N1)	954	2161
NP|PP755592.1|A/cattle/Texas/24-008749-003/2024(H5N1)	955	2165
NP|PP755592.1|A/cattle/Texas/24-008749-003/2024(H5N1)	956	2167
NP|PP755592.1|A/cattle/Texas/24-008749-003/2024(H5N1)	957	2170
NP|PP755592.1|A/cattle/Texas/24-008749-003/2024(H5N1)	958	2170
NP|PP755592.1|A/cattle/Texas/24-008749-003/2024(H5N1)	959	2162
NP|PP755592.1|A/cattle/Texas/24-008749-003/2024(H5N1)	960	2167
NP|PP755592.1|A/cattle/Texas/24-008749-003/2024(H5N1)	961	2167
NP|PP755592.1|A/cattle/Texas/24-008749-003/2024(H5N1)	962	2131
NP|PP755592.1|A/cattle/Texas/24-008749-003/2024(H5N1)	963	2118
NP|PP755592.1|A/cattle/Texas/24-008749-003/2024(H5N1)	964	2082
NP|PP755592.1|A/cattle/Texas/24-008749-003/2024(H5N1)	965	2078
NP|PP755592.1|A/cattle/Texas/24-008749-003/2024(H5N1)	966	1993
NP|PP755592.1|A/cattle/Texas/24-008749-003/2024(H5N1)	967	2000
NP|PP755592.1|A/cattle/Texas/24-008749-003/2024(H5N1)	968	2005
NP|PP755592.1|A/cattle/Texas/24-008749-003/2024(H5N1)	969	2006
NP|PP755592.1|A/cattle/Texas/24-008749-003/2024(H5N1)	970	2007
NP|PP755592.1|A/cattle/Texas/24-008749-003/2024(H5N1)	971	2015
NP|PP755592.1|A/cattle/Texas/24-008749-003/2024(H5N1)	972	2005
NP|PP755592.1|A/cattle/Texas/24-008749-003/2024(H5N1)	973	2035
NP|PP755592.1|A/cattle/Texas/24-008749-003/2024(H5N1)	974	2034
NP|PP755592.1|A/cattle/Texas/24-008749-003/2024(H5N1)	975	2029
NP|PP755592.1|A/cattle/Texas/24-008749-003/2024(H5N1)	976	2024
NP|PP755592.1|A/cattle/Texas/24-008749-003/2024(H5N1)	977	2018
NP|PP755592.1|A/cattle/Texas/24-008749-003/2024(H5N1)	978	2040
NP|PP755592.1|A/cattle/Texas/24-008749-003/2024(H5N1)	979	2032
NP|PP755592.1|A/cattle/Texas/24-008749-003/2024(H5N1)	980	2028
NP|PP755592.1|A/cattle/Texas/24-008749-003/2024(H5N1)	981	2029
NP|PP755592.1|A/cattle/Texas/24-008749-003/2024(H5N1)	982	2032
NP|PP755592.1|A/cattle/Texas/24-008749-003/2024(H5N1)	983	2077
NP|PP755592.1|A/cattle/Texas/24-008749-003/2024(H5N1)	984	2193
NP|PP755592.1|A/cattle/Texas/24-008749-003/2024(H5N1)	985	2199
NP|PP755592.1|A/cattle/Texas/24-008749-003/2024(H5N1)	986	2226
NP|PP755592.1|A/cattle/Texas/24-008749-003/2024(H5N1)	987	2232
NP|PP755592.1|A/cattle/Texas/24-008749-003/2024(H5N1)	988	2229
NP|PP755592.1|A/cattle/Texas/24-008749-003/2024(H5N1)	989	2233
NP|PP755592.1|A/cattle/Texas/24-008749-003/2024(H5N1)	990	2194
NP|PP755592.1|A/cattle/Texas/24-008749-003/2024(H5N1)	991	2240
NP|PP755592.1|A/cattle/Texas/24-008749-003/2024(H5N1)	992	2249
NP|PP755592.1|A/cattle/Texas/24-008749-003/2024(H5N1)	993	2141
NP|PP755592.1|A/cattle/Texas/24-008749-003/2024(H5N1)	994	2176
NP|PP755592.1|A/cattle/Texas/24-008749-003/2024(H5N1)	995	2128
NP|PP755592.1|A/cattle/Texas/24-008749-003/2024(H5N1)	996	2149
NP|PP755592.1|A/cattle/Texas/24-008749-003/2024(H5N1)	997	2148
NP|PP755592.1|A/cattle/Texas/24-008749-003/2024(H5N1)	998	2140
NP|PP755592.1|A/cattle/Texas/24-008749-003/2024(H5N1)	999	2176
NP|PP755592.1|A/cattle/Texas/24-008749-003/2024(H5N1)	1000	2058
NP|PP755592.1|A/cattle/Texas/24-008749-003/2024(H5N1)	1001	2149
NP|PP755592.1|A/cattle/Texas/24-008749-003/2024(H5N1)	1002	2155
NP|PP755592.1|A/cattle/Texas/24-008749-003/2024(H5N1)	1003	2124
NP|PP755592.1|A/cattle/Texas/24-008749-003/2024(H5N1)	1004	2133
NP|PP755592.1|A/cattle/Texas/24-008749-003/2024(H5N1)	1005	2158
NP|PP755592.1|A/cattle/Texas/24-008749-003/2024(H5N1)	1006	2159
NP|PP755592.1|A/cattle/Texas/24-008749-003/2024(H5N1)	1007	2167
NP|PP755592.1|A/cattle/Texas/24-008749-003/2024(H5N1)	1008	2137
NP|PP755592.1|A/cattle/Texas/24-008749-003/2024(H5N1)	1009	2154
NP|PP755592.1|A/cattle/Texas/24-008749-003/2024(H5N1)	1010	2135
NP|PP755592.1|A/cattle/Texas/24-008749-003/2024(H5N1)	1011	2132
NP|PP755592.1|A/cattle/Texas/24-008749-003/2024(H5N1)	1012	2134
NP|PP755592.1|A/cattle/Texas/24-008749-003/2024(H5N1)	1013	2088
NP|PP755592.1|A/cattle/Texas/24-008749-003/2024(H5N1)	1014	2085
NP|PP755592.1|A/cattle/Texas/24-008749-003/2024(H5N1)	1015	2089
NP|PP755592.1|A/cattle/Texas/24-008749-003/2024(H5N1)	1016	2099
NP|PP755592.1|A/cattle/Texas/24-008749-003/2024(H5N1)	1017	2118
NP|PP755592.1|A/cattle/Texas/24-008749-003/2024(H5N1)	1018	2145
NP|PP755592.1|A/cattle/Texas/24-008749-003/2024(H5N1)	1019	2186
NP|PP755592.1|A/cattle/Texas/24-008749-003/2024(H5N1)	1020	2183
NP|PP755592.1|A/cattle/Texas/24-008749-003/2024(H5N1)	1021	2178
NP|PP755592.1|A/cattle/Texas/24-008749-003/2024(H5N1)	1022	2175
NP|PP755592.1|A/cattle/Texas/24-008749-003/2024(H5N1)	1023	2176
NP|PP755592.1|A/cattle/Texas/24-008749-003/2024(H5N1)	1024	2180
NP|PP755592.1|A/cattle/Texas/24-008749-003/2024(H5N1)	1025	2181
NP|PP755592.1|A/cattle/Texas/24-008749-003/2024(H5N1)	1026	2170
NP|PP755592.1|A/cattle/Texas/24-008749-003/2024(H5N1)	1027	2188
NP|PP755592.1|A/cattle/Texas/24-008749-003/2024(H5N1)	1028	2144
NP|PP755592.1|A/cattle/Texas/24-008749-003/2024(H5N1)	1029	2135
NP|PP755592.1|A/cattle/Texas/24-008749-003/2024(H5N1)	1030	2136
NP|PP755592.1|A/cattle/Texas/24-008749-003/2024(H5N1)	1031	2103
NP|PP755592.1|A/cattle/Texas/24-008749-003/2024(H5N1)	1032	2102
NP|PP755592.1|A/cattle/Texas/24-008749-003/2024(H5N1)	1033	2078
NP|PP755592.1|A/cattle/Texas/24-008749-003/2024(H5N1)	1034	2066
NP|PP755592.1|A/cattle/Texas/24-008749-003/2024(H5N1)	1035	2071
NP|PP755592.1|A/cattle/Texas/24-008749-003/2024(H5N1)	1036	2046
NP|PP755592.1|A/cattle/Texas/24-008749-003/2024(H5N1)	1037	2050
NP|PP755592.1|A/cattle/Texas/24-008749-003/2024(H5N1)	1038	2044
NP|PP755592.1|A/cattle/Texas/24-008749-003/2024(H5N1)	1039	2045
NP|PP755592.1|A/cattle/Texas/24-008749-003/2024(H5N1)	1040	2044
NP|PP755592.1|A/cattle/Texas/24-008749-003/2024(H5N1)	1041	2036
NP|PP755592.1|A/cattle/Texas/24-008749-003/2024(H5N1)	1042	2012
NP|PP755592.1|A/cattle/Texas/24-008749-003/2024(H5N1)	1043	2018
NP|PP755592.1|A/cattle/Texas/24-008749-003/2024(H5N1)	1044	2023
NP|PP755592.1|A/cattle/Texas/24-008749-003/2024(H5N1)	1045	2001
NP|PP755592.1|A/cattle/Texas/24-008749-003/2024(H5N1)	1046	2071
NP|PP755592.1|A/cattle/Texas/24-008749-003/2024(H5N1)	1047	2138
NP|PP755592.1|A/cattle/Texas/24-008749-003/2024(H5N1)	1048	2141
NP|PP755592.1|A/cattle/Texas/24-008749-003/2024(H5N1)	1049	2151
NP|PP755592.1|A/cattle/Texas/24-008749-003/2024(H5N1)	1050	2151
NP|PP755592.1|A/cattle/Texas/24-008749-003/2024(H5N1)	1051	2157
NP|PP755592.1|A/cattle/Texas/24-008749-003/2024(H5N1)	1052	2209
NP|PP755592.1|A/cattle/Texas/24-008749-003/2024(H5N1)	1053	2214
NP|PP755592.1|A/cattle/Texas/24-008749-003/2024(H5N1)	1054	2214
NP|PP755592.1|A/cattle/Texas/24-008749-003/2024(H5N1)	1055	2156
NP|PP755592.1|A/cattle/Texas/24-008749-003/2024(H5N1)	1056	2140
NP|PP755592.1|A/cattle/Texas/24-008749-003/2024(H5N1)	1057	2162
NP|PP755592.1|A/cattle/Texas/24-008749-003/2024(H5N1)	1058	2168
NP|PP755592.1|A/cattle/Texas/24-008749-003/2024(H5N1)	1059	2166
NP|PP755592.1|A/cattle/Texas/24-008749-003/2024(H5N1)	1060	2165
NP|PP755592.1|A/cattle/Texas/24-008749-003/2024(H5N1)	1061	2144
NP|PP755592.1|A/cattle/Texas/24-008749-003/2024(H5N1)	1062	2143
NP|PP755592.1|A/cattle/Texas/24-008749-003/2024(H5N1)	1063	2143
NP|PP755592.1|A/cattle/Texas/24-008749-003/2024(H5N1)	1064	2190
NP|PP755592.1|A/cattle/Texas/24-008749-003/2024(H5N1)	1065	2207
NP|PP755592.1|A/cattle/Texas/24-008749-003/2024(H5N1)	1066	2218
NP|PP755592.1|A/cattle/Texas/24-008749-003/2024(H5N1)	1067	2211
NP|PP755592.1|A/cattle/Texas/24-008749-003/2024(H5N1)	1068	2234
NP|PP755592.1|A/cattle/Texas/24-008749-003/2024(H5N1)	1069	2136
NP|PP755592.1|A/cattle/Texas/24-008749-003/2024(H5N1)	1070	2130
NP|PP755592.1|A/cattle/Texas/24-008749-003/2024(H5N1)	1071	2135
NP|PP755592.1|A/cattle/Texas/24-008749-003/2024(H5N1)	1072	2153
NP|PP755592.1|A/cattle/Texas/24-008749-003/2024(H5N1)	1073	2102
NP|PP755592.1|A/cattle/Texas/24-008749-003/2024(H5N1)	1074	2137
NP|PP755592.1|A/cattle/Texas/24-008749-003/2024(H5N1)	1075	2132
NP|PP755592.1|A/cattle/Texas/24-008749-003/2024(H5N1)	1076	2133
NP|PP755592.1|A/cattle/Texas/24-008749-003/2024(H5N1)	1077	2181
NP|PP755592.1|A/cattle/Texas/24-008749-003/2024(H5N1)	1078	2190
NP|PP755592.1|A/cattle/Texas/24-008749-003/2024(H5N1)	1079	2197
NP|PP755592.1|A/cattle/Texas/24-008749-003/2024(H5N1)	1080	2192
NP|PP755592.1|A/cattle/Texas/24-008749-003/2024(H5N1)	1081	2170
NP|PP755592.1|A/cattle/Texas/24-008749-003/2024(H5N1)	1082	2219
NP|PP755592.1|A/cattle/Texas/24-008749-003/2024(H5N1)	1083	2198
NP|PP755592.1|A/cattle/Texas/24-008749-003/2024(H5N1)	1084	2198
NP|PP755592.1|A/cattle/Texas/24-008749-003/2024(H5N1)	1085	2202
NP|PP755592.1|A/cattle/Texas/24-008749-003/2024(H5N1)	1086	2147
NP|PP755592.1|A/cattle/Texas/24-008749-003/2024(H5N1)	1087	2161
NP|PP755592.1|A/cattle/Texas/24-008749-003/2024(H5N1)	1088	2217
NP|PP755592.1|A/cattle/Texas/24-008749-003/2024(H5N1)	1089	2222
NP|PP755592.1|A/cattle/Texas/24-008749-003/2024(H5N1)	1090	2217
NP|PP755592.1|A/cattle/Texas/24-008749-003/2024(H5N1)	1091	2212
NP|PP755592.1|A/cattle/Texas/24-008749-003/2024(H5N1)	1092	2198
NP|PP755592.1|A/cattle/Texas/24-008749-003/2024(H5N1)	1093	2242
NP|PP755592.1|A/cattle/Texas/24-008749-003/2024(H5N1)	1094	2242
NP|PP755592.1|A/cattle/Texas/24-008749-003/2024(H5N1)	1095	2238
NP|PP755592.1|A/cattle/Texas/24-008749-003/2024(H5N1)	1096	2148
NP|PP755592.1|A/cattle/Texas/24-008749-003/2024(H5N1)	1097	2155
NP|PP755592.1|A/cattle/Texas/24-008749-003/2024(H5N1)	1098	2222
NP|PP755592.1|A/cattle/Texas/24-008749-003/2024(H5N1)	1099	2230
NP|PP755592.1|A/cattle/Texas/24-008749-003/2024(H5N1)	1100	2227
NP|PP755592.1|A/cattle/Texas/24-008749-003/2024(H5N1)	1101	2235
NP|PP755592.1|A/cattle/Texas/24-008749-003/2024(H5N1)	1102	2247
NP|PP755592.1|A/cattle/Texas/24-008749-003/2024(H5N1)	1103	2251
NP|PP755592.1|A/cattle/Texas/24-008749-003/2024(H5N1)	1104	2255
NP|PP755592.1|A/cattle/Texas/24-008749-003/2024(H5N1)	1105	2250
NP|PP755592.1|A/cattle/Texas/24-008749-003/2024(H5N1)	1106	2257
NP|PP755592.1|A/cattle/Texas/24-008749-003/2024(H5N1)	1107	2257
NP|PP755592.1|A/cattle/Texas/24-008749-003/2024(H5N1)	1108	2256
NP|PP755592.1|A/cattle/Texas/24-008749-003/2024(H5N1)	1109	2264
NP|PP755592.1|A/cattle/Texas/24-008749-003/2024(H5N1)	1110	2316
NP|PP755592.1|A/cattle/Texas/24-008749-003/2024(H5N1)	1111	2315
NP|PP755592.1|A/cattle/Texas/24-008749-003/2024(H5N1)	1112	2319
NP|PP755592.1|A/cattle/Texas/24-008749-003/2024(H5N1)	1113	2328
NP|PP755592.1|A/cattle/Texas/24-008749-003/2024(H5N1)	1114	2347
NP|PP755592.1|A/cattle/Texas/24-008749-003/2024(H5N1)	1115	2378
NP|PP755592.1|A/cattle/Texas/24-008749-003/2024(H5N1)	1116	2372
NP|PP755592.1|A/cattle/Texas/24-008749-003/2024(H5N1)	1117	2385
NP|PP755592.1|A/cattle/Texas/24-008749-003/2024(H5N1)	1118	2406
NP|PP755592.1|A/cattle/Texas/24-008749-003/2024(H5N1)	1119	2363
NP|PP755592.1|A/cattle/Texas/24-008749-003/2024(H5N1)	1120	2368
NP|PP755592.1|A/cattle/Texas/24-008749-003/2024(H5N1)	1121	2363
NP|PP755592.1|A/cattle/Texas/24-008749-003/2024(H5N1)	1122	2366
NP|PP755592.1|A/cattle/Texas/24-008749-003/2024(H5N1)	1123	2367
NP|PP755592.1|A/cattle/Texas/24-008749-003/2024(H5N1)	1124	2347
NP|PP755592.1|A/cattle/Texas/24-008749-003/2024(H5N1)	1125	2419
NP|PP755592.1|A/cattle/Texas/24-008749-003/2024(H5N1)	1126	2422
NP|PP755592.1|A/cattle/Texas/24-008749-003/2024(H5N1)	1127	2423
NP|PP755592.1|A/cattle/Texas/24-008749-003/2024(H5N1)	1128	2424
NP|PP755592.1|A/cattle/Texas/24-008749-003/2024(H5N1)	1129	2421
NP|PP755592.1|A/cattle/Texas/24-008749-003/2024(H5N1)	1130	2424
NP|PP755592.1|A/cattle/Texas/24-008749-003/2024(H5N1)	1131	2462
NP|PP755592.1|A/cattle/Texas/24-008749-003/2024(H5N1)	1132	2454
NP|PP755592.1|A/cattle/Texas/24-008749-003/2024(H5N1)	1133	2435
NP|PP755592.1|A/cattle/Texas/24-008749-003/2024(H5N1)	1134	2375
NP|PP755592.1|A/cattle/Texas/24-008749-003/2024(H5N1)	1135	2386
NP|PP755592.1|A/cattle/Texas/24-008749-003/2024(H5N1)	1136	2355
NP|PP755592.1|A/cattle/Texas/24-008749-003/2024(H5N1)	1137	2351
NP|PP755592.1|A/cattle/Texas/24-008749-003/2024(H5N1)	1138	2364
NP|PP755592.1|A/cattle/Texas/24-008749-003/2024(H5N1)	1139	2359
NP|PP755592.1|A/cattle/Texas/24-008749-003/2024(H5N1)	1140	2352
NP|PP755592.1|A/cattle/Texas/24-008749-003/2024(H5N1)	1141	2346
NP|PP755592.1|A/cattle/Texas/24-008749-003/2024(H5N1)	1142	2276
NP|PP755592.1|A/cattle/Texas/24-008749-003/2024(H5N1)	1143	2299
NP|PP755592.1|A/cattle/Texas/24-008749-003/2024(H5N1)	1144	2294
NP|PP755592.1|A/cattle/Texas/24-008749-003/2024(H5N1)	1145	2280
NP|PP755592.1|A/cattle/Texas/24-008749-003/2024(H5N1)	1146	2306
NP|PP755592.1|A/cattle/Texas/24-008749-003/2024(H5N1)	1147	2293
NP|PP755592.1|A/cattle/Texas/24-008749-003/2024(H5N1)	1148	2307
NP|PP755592.1|A/cattle/Texas/24-008749-003/2024(H5N1)	1149	2323
NP|PP755592.1|A/cattle/Texas/24-008749-003/2024(H5N1)	1150	2309
NP|PP755592.1|A/cattle/Texas/24-008749-003/2024(H5N1)	1151	2315
NP|PP755592.1|A/cattle/Texas/24-008749-003/2024(H5N1)	1152	2284
NP|PP755592.1|A/cattle/Texas/24-008749-003/2024(H5N1)	1153	2279
NP|PP755592.1|A/cattle/Texas/24-008749-003/2024(H5N1)	1154	2338
NP|PP755592.1|A/cattle/Texas/24-008749-003/2024(H5N1)	1155	2328
NP|PP755592.1|A/cattle/Texas/24-008749-003/2024(H5N1)	1156	2276
NP|PP755592.1|A/cattle/Texas/24-008749-003/2024(H5N1)	1157	2287
NP|PP755592.1|A/cattle/Texas/24-008749-003/2024(H5N1)	1158	2300
NP|PP755592.1|A/cattle/Texas/24-008749-003/2024(H5N1)	1159	2304
NP|PP755592.1|A/cattle/Texas/24-008749-003/2024(H5N1)	1160	2289
NP|PP755592.1|A/cattle/Texas/24-008749-003/2024(H5N1)	1161	2242
NP|PP755592.1|A/cattle/Texas/24-008749-003/2024(H5N1)	1162	2247
NP|PP755592.1|A/cattle/Texas/24-008749-003/2024(H5N1)	1163	2245
NP|PP755592.1|A/cattle/Texas/24-008749-003/2024(H5N1)	1164	2243
NP|PP755592.1|A/cattle/Texas/24-008749-003/2024(H5N1)	1165	2243
NP|PP755592.1|A/cattle/Texas/24-008749-003/2024(H5N1)	1166	2245
NP|PP755592.1|A/cattle/Texas/24-008749-003/2024(H5N1)	1167	2257
NP|PP755592.1|A/cattle/Texas/24-008749-003/2024(H5N1)	1168	2271
NP|PP755592.1|A/cattle/Texas/24-008749-003/2024(H5N1)	1169	2228
NP|PP755592.1|A/cattle/Texas/24-008749-003/2024(H5N1)	1170	2232
NP|PP755592.1|A/cattle/Texas/24-008749-003/2024(H5N1)	1171	2229
NP|PP755592.1|A/cattle/Texas/24-008749-003/2024(H5N1)	1172	2241
NP|PP755592.1|A/cattle/Texas/24-008749-003/2024(H5N1)	1173	2250
NP|PP755592.1|A/cattle/Texas/24-008749-003/2024(H5N1)	1174	2246
NP|PP755592.1|A/cattle/Texas/24-008749-003/2024(H5N1)	1175	2275
NP|PP755592.1|A/cattle/Texas/24-008749-003/2024(H5N1)	1176	2306
NP|PP755592.1|A/cattle/Texas/24-008749-003/2024(H5N1)	1177	2313
NP|PP755592.1|A/cattle/Texas/24-008749-003/2024(H5N1)	1178	2316
NP|PP755592.1|A/cattle/Texas/24-008749-003/2024(H5N1)	1179	2315
NP|PP755592.1|A/cattle/Texas/24-008749-003/2024(H5N1)	1180	2322
NP|PP755592.1|A/cattle/Texas/24-008749-003/2024(H5N1)	1181	2346
NP|PP755592.1|A/cattle/Texas/24-008749-003/2024(H5N1)	1182	2350
NP|PP755592.1|A/cattle/Texas/24-008749-003/2024(H5N1)	1183	2350
NP|PP755592.1|A/cattle/Texas/24-008749-003/2024(H5N1)	1184	2320
NP|PP755592.1|A/cattle/Texas/24-008749-003/2024(H5N1)	1185	2327
NP|PP755592.1|A/cattle/Texas/24-008749-003/2024(H5N1)	1186	2326
NP|PP755592.1|A/cattle/Texas/24-008749-003/2024(H5N1)	1187	2350
NP|PP755592.1|A/cattle/Texas/24-008749-003/2024(H5N1)	1188	2347
NP|PP755592.1|A/cattle/Texas/24-008749-003/2024(H5N1)	1189	2439
NP|PP755592.1|A/cattle/Texas/24-008749-003/2024(H5N1)	1190	2469
NP|PP755592.1|A/cattle/Texas/24-008749-003/2024(H5N1)	1191	2529
NP|PP755592.1|A/cattle/Texas/24-008749-003/2024(H5N1)	1192	2530
NP|PP755592.1|A/cattle/Texas/24-008749-003/2024(H5N1)	1193	2523
NP|PP755592.1|A/cattle/Texas/24-008749-003/2024(H5N1)	1194	2524
NP|PP755592.1|A/cattle/Texas/24-008749-003/2024(H5N1)	1195	2520
NP|PP755592.1|A/cattle/Texas/24-008749-003/2024(H5N1)	1196	2510
NP|PP755592.1|A/cattle/Texas/24-008749-003/2024(H5N1)	1197	2464
NP|PP755592.1|A/cattle/Texas/24-008749-003/2024(H5N1)	1198	2442
NP|PP755592.1|A/cattle/Texas/24-008749-003/2024(H5N1)	1199	2464
NP|PP755592.1|A/cattle/Texas/24-008749-003/2024(H5N1)	1200	2408
NP|PP755592.1|A/cattle/Texas/24-008749-003/2024(H5N1)	1201	2412
NP|PP755592.1|A/cattle/Texas/24-008749-003/2024(H5N1)	1202	2361
NP|PP755592.1|A/cattle/Texas/24-008749-003/2024(H5N1)	1203	2342
NP|PP755592.1|A/cattle/Texas/24-008749-003/2024(H5N1)	1204	2340
NP|PP755592.1|A/cattle/Texas/24-008749-003/2024(H5N1)	1205	2374
NP|PP755592.1|A/cattle/Texas/24-008749-003/2024(H5N1)	1206	2371
NP|PP755592.1|A/cattle/Texas/24-008749-003/2024(H5N1)	1207	2369
NP|PP755592.1|A/cattle/Texas/24-008749-003/2024(H5N1)	1208	2368
NP|PP755592.1|A/cattle/Texas/24-008749-003/2024(H5N1)	1209	2357
NP|PP755592.1|A/cattle/Texas/24-008749-003/2024(H5N1)	1210	2396
NP|PP755592.1|A/cattle/Texas/24-008749-003/2024(H5N1)	1211	2412
NP|PP755592.1|A/cattle/Texas/24-008749-003/2024(H5N1)	1212	2406
NP|PP755592.1|A/cattle/Texas/24-008749-003/2024(H5N1)	1213	2434
NP|PP755592.1|A/cattle/Texas/24-008749-003/2024(H5N1)	1214	2513
NP|PP755592.1|A/cattle/Texas/24-008749-003/2024(H5N1)	1215	2518
NP|PP755592.1|A/cattle/Texas/24-008749-003/2024(H5N1)	1216	2532
NP|PP755592.1|A/cattle/Texas/24-008749-003/2024(H5N1)	1217	2538
NP|PP755592.1|A/cattle/Texas/24-008749-003/2024(H5N1)	1218	2534
NP|PP755592.1|A/cattle/Texas/24-008749-003/2024(H5N1)	1219	2479
NP|PP755592.1|A/cattle/Texas/24-008749-003/2024(H5N1)	1220	2505
NP|PP755592.1|A/cattle/Texas/24-008749-003/2024(H5N1)	1221	2517
NP|PP755592.1|A/cattle/Texas/24-008749-003/2024(H5N1)	1222	2526
NP|PP755592.1|A/cattle/Texas/24-008749-003/2024(H5N1)	1223	2503
NP|PP755592.1|A/cattle/Texas/24-008749-003/2024(H5N1)	1224	2477
NP|PP755592.1|A/cattle/Texas/24-008749-003/2024(H5N1)	1225	2460
NP|PP755592.1|A/cattle/Texas/24-008749-003/2024(H5N1)	1226	2438
NP|PP755592.1|A/cattle/Texas/24-008749-003/2024(H5N1)	1227	2527
NP|PP755592.1|A/cattle/Texas/24-008749-003/2024(H5N1)	1228	2527
NP|PP755592.1|A/cattle/Texas/24-008749-003/2024(H5N1)	1229	2486
NP|PP755592.1|A/cattle/Texas/24-008749-003/2024(H5N1)	1230	2566
NP|PP755592.1|A/cattle/Texas/24-008749-003/2024(H5N1)	1231	2554
NP|PP755592.1|A/cattle/Texas/24-008749-003/2024(H5N1)	1232	2561
NP|PP755592.1|A/cattle/Texas/24-008749-003/2024(H5N1)	1233	2562
NP|PP755592.1|A/cattle/Texas/24-008749-003/2024(H5N1)	1234	2559
NP|PP755592.1|A/cattle/Texas/24-008749-003/2024(H5N1)	1235	2607
NP|PP755592.1|A/cattle/Texas/24-008749-003/2024(H5N1)	1236	2583
NP|PP755592.1|A/cattle/Texas/24-008749-003/2024(H5N1)	1237	2555
NP|PP755592.1|A/cattle/Texas/24-008749-003/2024(H5N1)	1238	2554
NP|PP755592.1|A/cattle/Texas/24-008749-003/2024(H5N1)	1239	2534
NP|PP755592.1|A/cattle/Texas/24-008749-003/2024(H5N1)	1240	2643
NP|PP755592.1|A/cattle/Texas/24-008749-003/2024(H5N1)	1241	2639
NP|PP755592.1|A/cattle/Texas/24-008749-003/2024(H5N1)	1242	2642
NP|PP755592.1|A/cattle/Texas/24-008749-003/2024(H5N1)	1243	2646
NP|PP755592.1|A/cattle/Texas/24-008749-003/2024(H5N1)	1244	2605
NP|PP755592.1|A/cattle/Texas/24-008749-003/2024(H5N1)	1245	2625
NP|PP755592.1|A/cattle/Texas/24-008749-003/2024(H5N1)	1246	2712
NP|PP755592.1|A/cattle/Texas/24-008749-003/2024(H5N1)	1247	2724
NP|PP755592.1|A/cattle/Texas/24-008749-003/2024(H5N1)	1248	2748
NP|PP755592.1|A/cattle/Texas/24-008749-003/2024(H5N1)	1249	2646
NP|PP755592.1|A/cattle/Texas/24-008749-003/2024(H5N1)	1250	2643
NP|PP755592.1|A/cattle/Texas/24-008749-003/2024(H5N1)	1251	2641
NP|PP755592.1|A/cattle/Texas/24-008749-003/2024(H5N1)	1252	2628
NP|PP755592.1|A/cattle/Texas/24-008749-003/2024(H5N1)	1253	2625
NP|PP755592.1|A/cattle/Texas/24-008749-003/2024(H5N1)	1254	2629
NP|PP755592.1|A/cattle/Texas/24-008749-003/2024(H5N1)	1255	2637
NP|PP755592.1|A/cattle/Texas/24-008749-003/2024(H5N1)	1256	2635
NP|PP755592.1|A/cattle/Texas/24-008749-003/2024(H5N1)	1257	2657
NP|PP755592.1|A/cattle/Texas/24-008749-003/2024(H5N1)	1258	2654
NP|PP755592.1|A/cattle/Texas/24-008749-003/2024(H5N1)	1259	2652
NP|PP755592.1|A/cattle/Texas/24-008749-003/2024(H5N1)	1260	2603
NP|PP755592.1|A/cattle/Texas/24-008749-003/2024(H5N1)	1261	2599
NP|PP755592.1|A/cattle/Texas/24-008749-003/2024(H5N1)	1262	2595
NP|PP755592.1|A/cattle/Texas/24-008749-003/2024(H5N1)	1263	2588
NP|PP755592.1|A/cattle/Texas/24-008749-003/2024(H5N1)	1264	2566
NP|PP755592.1|A/cattle/Texas/24-008749-003/2024(H5N1)	1265	2576
NP|PP755592.1|A/cattle/Texas/24-008749-003/2024(H5N1)	1266	2540
NP|PP755592.1|A/cattle/Texas/24-008749-003/2024(H5N1)	1267	2544
NP|PP755592.1|A/cattle/Texas/24-008749-003/2024(H5N1)	1268	2516
NP|PP755592.1|A/cattle/Texas/24-008749-003/2024(H5N1)	1269	2514
NP|PP755592.1|A/cattle/Texas/24-008749-003/2024(H5N1)	1270	2540
NP|PP755592.1|A/cattle/Texas/24-008749-003/2024(H5N1)	1271	2532
NP|PP755592.1|A/cattle/Texas/24-008749-003/2024(H5N1)	1272	2558
NP|PP755592.1|A/cattle/Texas/24-008749-003/2024(H5N1)	1273	2557
NP|PP755592.1|A/cattle/Texas/24-008749-003/2024(H5N1)	1274	2549
NP|PP755592.1|A/cattle/Texas/24-008749-003/2024(H5N1)	1275	2491
NP|PP755592.1|A/cattle/Texas/24-008749-003/2024(H5N1)	1276	2496
NP|PP755592.1|A/cattle/Texas/24-008749-003/2024(H5N1)	1277	2500
NP|PP755592.1|A/cattle/Texas/24-008749-003/2024(H5N1)	1278	2470
NP|PP755592.1|A/cattle/Texas/24-008749-003/2024(H5N1)	1279	2453
NP|PP755592.1|A/cattle/Texas/24-008749-003/2024(H5N1)	1280	2442
NP|PP755592.1|A/cattle/Texas/24-008749-003/2024(H5N1)	1281	2398
NP|PP755592.1|A/cattle/Texas/24-008749-003/2024(H5N1)	1282	2407
NP|PP755592.1|A/cattle/Texas/24-008749-003/2024(H5N1)	1283	2360
NP|PP755592.1|A/cattle/Texas/24-008749-003/2024(H5N1)	1284	2375
NP|PP755592.1|A/cattle/Texas/24-008749-003/2024(H5N1)	1285	2375
NP|PP755592.1|A/cattle/Texas/24-008749-003/2024(H5N1)	1286	2348
NP|PP755592.1|A/cattle/Texas/24-008749-003/2024(H5N1)	1287	2348
NP|PP755592.1|A/cattle/Texas/24-008749-003/2024(H5N1)	1288	2347
NP|PP755592.1|A/cattle/Texas/24-008749-003/2024(H5N1)	1289	2342
NP|PP755592.1|A/cattle/Texas/24-008749-003/2024(H5N1)	1290	2348
NP|PP755592.1|A/cattle/Texas/24-008749-003/2024(H5N1)	1291	2351
NP|PP755592.1|A/cattle/Texas/24-008749-003/2024(H5N1)	1292	2439
NP|PP755592.1|A/cattle/Texas/24-008749-003/2024(H5N1)	1293	2434
NP|PP755592.1|A/cattle/Texas/24-008749-003/2024(H5N1)	1294	2410
NP|PP755592.1|A/cattle/Texas/24-008749-003/2024(H5N1)	1295	2423
NP|PP755592.1|A/cattle/Texas/24-008749-003/2024(H5N1)	1296	2459
NP|PP755592.1|A/cattle/Texas/24-008749-003/2024(H5N1)	1297	2467
NP|PP755592.1|A/cattle/Texas/24-008749-003/2024(H5N1)	1298	2449
NP|PP755592.1|A/cattle/Texas/24-008749-003/2024(H5N1)	1299	2395
NP|PP755592.1|A/cattle/Texas/24-008749-003/2024(H5N1)	1300	2395
NP|PP755592.1|A/cattle/Texas/24-008749-003/2024(H5N1)	1301	2440
NP|PP755592.1|A/cattle/Texas/24-008749-003/2024(H5N1)	1302	2438
NP|PP755592.1|A/cattle/Texas/24-008749-003/2024(H5N1)	1303	2394
NP|PP755592.1|A/cattle/Texas/24-008749-003/2024(H5N1)	1304	2388
NP|PP755592.1|A/cattle/Texas/24-008749-003/2024(H5N1)	1305	2419
NP|PP755592.1|A/cattle/Texas/24-008749-003/2024(H5N1)	1306	2402
NP|PP755592.1|A/cattle/Texas/24-008749-003/2024(H5N1)	1307	2406
NP|PP755592.1|A/cattle/Texas/24-008749-003/2024(H5N1)	1308	2415
NP|PP755592.1|A/cattle/Texas/24-008749-003/2024(H5N1)	1309	2409
NP|PP755592.1|A/cattle/Texas/24-008749-003/2024(H5N1)	1310	2429
NP|PP755592.1|A/cattle/Texas/24-008749-003/2024(H5N1)	1311	2413
NP|PP755592.1|A/cattle/Texas/24-008749-003/2024(H5N1)	1312	2421
NP|PP755592.1|A/cattle/Texas/24-008749-003/2024(H5N1)	1313	2417
NP|PP755592.1|A/cattle/Texas/24-008749-003/2024(H5N1)	1314	2418
NP|PP755592.1|A/cattle/Texas/24-008749-003/2024(H5N1)	1315	2424
NP|PP755592.1|A/cattle/Texas/24-008749-003/2024(H5N1)	1316	2456
NP|PP755592.1|A/cattle/Texas/24-008749-003/2024(H5N1)	1317	2473
NP|PP755592.1|A/cattle/Texas/24-008749-003/2024(H5N1)	1318	2449
NP|PP755592.1|A/cattle/Texas/24-008749-003/2024(H5N1)	1319	2420
NP|PP755592.1|A/cattle/Texas/24-008749-003/2024(H5N1)	1320	2417
NP|PP755592.1|A/cattle/Texas/24-008749-003/2024(H5N1)	1321	2408
NP|PP755592.1|A/cattle/Texas/24-008749-003/2024(H5N1)	1322	2420
NP|PP755592.1|A/cattle/Texas/24-008749-003/2024(H5N1)	1323	2430
NP|PP755592.1|A/cattle/Texas/24-008749-003/2024(H5N1)	1324	2430
NP|PP755592.1|A/cattle/Texas/24-008749-003/2024(H5N1)	1325	2432
NP|PP755592.1|A/cattle/Texas/24-008749-003/2024(H5N1)	1326	2385
NP|PP755592.1|A/cattle/Texas/24-008749-003/2024(H5N1)	1327	2386
NP|PP755592.1|A/cattle/Texas/24-008749-003/2024(H5N1)	1328	2363
NP|PP755592.1|A/cattle/Texas/24-008749-003/2024(H5N1)	1329	2355
NP|PP755592.1|A/cattle/Texas/24-008749-003/2024(H5N1)	1330	2415
NP|PP755592.1|A/cattle/Texas/24-008749-003/2024(H5N1)	1331	2401
NP|PP755592.1|A/cattle/Texas/24-008749-003/2024(H5N1)	1332	2412
NP|PP755592.1|A/cattle/Texas/24-008749-003/2024(H5N1)	1333	2668
NP|PP755592.1|A/cattle/Texas/24-008749-003/2024(H5N1)	1334	2667
NP|PP755592.1|A/cattle/Texas/24-008749-003/2024(H5N1)	1335	2725
NP|PP755592.1|A/cattle/Texas/24-008749-003/2024(H5N1)	1336	2712
NP|PP755592.1|A/cattle/Texas/24-008749-003/2024(H5N1)	1337	2725
NP|PP755592.1|A/cattle/Texas/24-008749-003/2024(H5N1)	1338	2703
NP|PP755592.1|A/cattle/Texas/24-008749-003/2024(H5N1)	1339	2707
NP|PP755592.1|A/cattle/Texas/24-008749-003/2024(H5N1)	1340	2617
NP|PP755592.1|A/cattle/Texas/24-008749-003/2024(H5N1)	1341	2591
NP|PP755592.1|A/cattle/Texas/24-008749-003/2024(H5N1)	1342	2711
NP|PP755592.1|A/cattle/Texas/24-008749-003/2024(H5N1)	1343	2789
NP|PP755592.1|A/cattle/Texas/24-008749-003/2024(H5N1)	1344	2789
NP|PP755592.1|A/cattle/Texas/24-008749-003/2024(H5N1)	1345	2783
NP|PP755592.1|A/cattle/Texas/24-008749-003/2024(H5N1)	1346	2764
NP|PP755592.1|A/cattle/Texas/24-008749-003/2024(H5N1)	1347	2754
NP|PP755592.1|A/cattle/Texas/24-008749-003/2024(H5N1)	1348	2748
NP|PP755592.1|A/cattle/Texas/24-008749-003/2024(H5N1)	1349	2759
NP|PP755592.1|A/cattle/Texas/24-008749-003/2024(H5N1)	1350	2752
NP|PP755592.1|A/cattle/Texas/24-008749-003/2024(H5N1)	1351	2750
NP|PP755592.1|A/cattle/Texas/24-008749-003/2024(H5N1)	1352	2751
NP|PP755592.1|A/cattle/Texas/24-008749-003/2024(H5N1)	1353	2750
NP|PP755592.1|A/cattle/Texas/24-008749-003/2024(H5N1)	1354	2742
NP|PP755592.1|A/cattle/Texas/24-008749-003/2024(H5N1)	1355	2761
NP|PP755592.1|A/cattle/Texas/24-008749-003/2024(H5N1)	1356	2716
NP|PP755592.1|A/cattle/Texas/24-008749-003/2024(H5N1)	1357	2742
NP|PP755592.1|A/cattle/Texas/24-008749-003/2024(H5N1)	1358	2706
NP|PP755592.1|A/cattle/Texas/24-008749-003/2024(H5N1)	1359	2693
NP|PP755592.1|A/cattle/Texas/24-008749-003/2024(H5N1)	1360	2691
NP|PP755592.1|A/cattle/Texas/24-008749-003/2024(H5N1)	1361	2691
NP|PP755592.1|A/cattle/Texas/24-008749-003/2024(H5N1)	1362	2698
NP|PP755592.1|A/cattle/Texas/24-008749-003/2024(H5N1)	1363	2696
NP|PP755592.1|A/cattle/Texas/24-008749-003/2024(H5N1)	1364	2660
NP|PP755592.1|A/cattle/Texas/24-008749-003/2024(H5N1)	1365	2665
NP|PP755592.1|A/cattle/Texas/24-008749-003/2024(H5N1)	1366	2624
NP|PP755592.1|A/cattle/Texas/24-008749-003/2024(H5N1)	1367	2607
NP|PP755592.1|A/cattle/Texas/24-008749-003/2024(H5N1)	1368	2586
NP|PP755592.1|A/cattle/Texas/24-008749-003/2024(H5N1)	1369	2946
NP|PP755592.1|A/cattle/Texas/24-008749-003/2024(H5N1)	1370	2930
NP|PP755592.1|A/cattle/Texas/24-008749-003/2024(H5N1)	1371	2956
NP|PP755592.1|A/cattle/Texas/24-008749-003/2024(H5N1)	1372	2967
NP|PP755592.1|A/cattle/Texas/24-008749-003/2024(H5N1)	1373	2958
NP|PP755592.1|A/cattle/Texas/24-008749-003/2024(H5N1)	1374	2998
NP|PP755592.1|A/cattle/Texas/24-008749-003/2024(H5N1)	1375	2989
NP|PP755592.1|A/cattle/Texas/24-008749-003/2024(H5N1)	1376	2972
NP|PP755592.1|A/cattle/Texas/24-008749-003/2024(H5N1)	1377	2968
NP|PP755592.1|A/cattle/Texas/24-008749-003/2024(H5N1)	1378	2891
NP|PP755592.1|A/cattle/Texas/24-008749-003/2024(H5N1)	1379	2871
NP|PP755592.1|A/cattle/Texas/24-008749-003/2024(H5N1)	1380	2867
NP|PP755592.1|A/cattle/Texas/24-008749-003/2024(H5N1)	1381	2788
NP|PP755592.1|A/cattle/Texas/24-008749-003/2024(H5N1)	1382	2785
NP|PP755592.1|A/cattle/Texas/24-008749-003/2024(H5N1)	1383	2774
NP|PP755592.1|A/cattle/Texas/24-008749-003/2024(H5N1)	1384	2773
NP|PP755592.1|A/cattle/Texas/24-008749-003/2024(H5N1)	1385	2777
NP|PP755592.1|A/cattle/Texas/24-008749-003/2024(H5N1)	1386	2741
NP|PP755592.1|A/cattle/Texas/24-008749-003/2024(H5N1)	1387	2770
NP|PP755592.1|A/cattle/Texas/24-008749-003/2024(H5N1)	1388	2706
NP|PP755592.1|A/cattle/Texas/24-008749-003/2024(H5N1)	1389	2618
NP|PP755592.1|A/cattle/Texas/24-008749-003/2024(H5N1)	1390	2616
NP|PP755592.1|A/cattle/Texas/24-008749-003/2024(H5N1)	1391	2615
NP|PP755592.1|A/cattle/Texas/24-008749-003/2024(H5N1)	1392	2609
NP|PP755592.1|A/cattle/Texas/24-008749-003/2024(H5N1)	1393	2609
NP|PP755592.1|A/cattle/Texas/24-008749-003/2024(H5N1)	1394	2601
NP|PP755592.1|A/cattle/Texas/24-008749-003/2024(H5N1)	1395	2600
NP|PP755592.1|A/cattle/Texas/24-008749-003/2024(H5N1)	1396	2486
NP|PP755592.1|A/cattle/Texas/24-008749-003/2024(H5N1)	1397	2474
NP|PP755592.1|A/cattle/Texas/24-008749-003/2024(H5N1)	1398	2456
NP|PP755592.1|A/cattle/Texas/24-008749-003/2024(H5N1)	1399	2454
NP|PP755592.1|A/cattle/Texas/24-008749-003/2024(H5N1)	1400	2454
NP|PP755592.1|A/cattle/Texas/24-008749-003/2024(H5N1)	1401	2454
NP|PP755592.1|A/cattle/Texas/24-008749-003/2024(H5N1)	1402	2446
NP|PP755592.1|A/cattle/Texas/24-008749-003/2024(H5N1)	1403	2445
NP|PP755592.1|A/cattle/Texas/24-008749-003/2024(H5N1)	1404	2426
NP|PP755592.1|A/cattle/Texas/24-008749-003/2024(H5N1)	1405	2420
NP|PP755592.1|A/cattle/Texas/24-008749-003/2024(H5N1)	1406	2403
NP|PP755592.1|A/cattle/Texas/24-008749-003/2024(H5N1)	1407	2395
NP|PP755592.1|A/cattle/Texas/24-008749-003/2024(H5N1)	1408	2372
NP|PP755592.1|A/cattle/Texas/24-008749-003/2024(H5N1)	1409	2372
NP|PP755592.1|A/cattle/Texas/24-008749-003/2024(H5N1)	1410	2374
NP|PP755592.1|A/cattle/Texas/24-008749-003/2024(H5N1)	1411	2356
NP|PP755592.1|A/cattle/Texas/24-008749-003/2024(H5N1)	1412	2353
NP|PP755592.1|A/cattle/Texas/24-008749-003/2024(H5N1)	1413	2346
NP|PP755592.1|A/cattle/Texas/24-008749-003/2024(H5N1)	1414	2345
NP|PP755592.1|A/cattle/Texas/24-008749-003/2024(H5N1)	1415	2321
NP|PP755592.1|A/cattle/Texas/24-008749-003/2024(H5N1)	1416	2321
NP|PP755592.1|A/cattle/Texas/24-008749-003/2024(H5N1)	1417	2319
NP|PP755592.1|A/cattle/Texas/24-008749-003/2024(H5N1)	1418	2313
NP|PP755592.1|A/cattle/Texas/24-008749-003/2024(H5N1)	1419	2303
NP|PP755592.1|A/cattle/Texas/24-008749-003/2024(H5N1)	1420	2283
NP|PP755592.1|A/cattle/Texas/24-008749-003/2024(H5N1)	1421	2270
NP|PP755592.1|A/cattle/Texas/24-008749-003/2024(H5N1)	1422	2268
NP|PP755592.1|A/cattle/Texas/24-008749-003/2024(H5N1)	1423	2233
NP|PP755592.1|A/cattle/Texas/24-008749-003/2024(H5N1)	1424	2226
NP|PP755592.1|A/cattle/Texas/24-008749-003/2024(H5N1)	1425	2205
NP|PP755592.1|A/cattle/Texas/24-008749-003/2024(H5N1)	1426	2201
NP|PP755592.1|A/cattle/Texas/24-008749-003/2024(H5N1)	1427	2185
NP|PP755592.1|A/cattle/Texas/24-008749-003/2024(H5N1)	1428	2180
NP|PP755592.1|A/cattle/Texas/24-008749-003/2024(H5N1)	1429	2180
NP|PP755592.1|A/cattle/Texas/24-008749-003/2024(H5N1)	1430	2174
NP|PP755592.1|A/cattle/Texas/24-008749-003/2024(H5N1)	1431	2163
NP|PP755592.1|A/cattle/Texas/24-008749-003/2024(H5N1)	1432	2152
NP|PP755592.1|A/cattle/Texas/24-008749-003/2024(H5N1)	1433	2142
NP|PP755592.1|A/cattle/Texas/24-008749-003/2024(H5N1)	1434	2138
NP|PP755592.1|A/cattle/Texas/24-008749-003/2024(H5N1)	1435	2123
NP|PP755592.1|A/cattle/Texas/24-008749-003/2024(H5N1)	1436	2117
NP|PP755592.1|A/cattle/Texas/24-008749-003/2024(H5N1)	1437	2109
NP|PP755592.1|A/cattle/Texas/24-008749-003/2024(H5N1)	1438	2111
NP|PP755592.1|A/cattle/Texas/24-008749-003/2024(H5N1)	1439	2109
NP|PP755592.1|A/cattle/Texas/24-008749-003/2024(H5N1)	1440	2096
NP|PP755592.1|A/cattle/Texas/24-008749-003/2024(H5N1)	1441	2092
NP|PP755592.1|A/cattle/Texas/24-008749-003/2024(H5N1)	1442	1982
NP|PP755592.1|A/cattle/Texas/24-008749-003/2024(H5N1)	1443	1986
NP|PP755592.1|A/cattle/Texas/24-008749-003/2024(H5N1)	1444	1984
NP|PP755592.1|A/cattle/Texas/24-008749-003/2024(H5N1)	1445	1979
NP|PP755592.1|A/cattle/Texas/24-008749-003/2024(H5N1)	1446	1953
NP|PP755592.1|A/cattle/Texas/24-008749-003/2024(H5N1)	1447	1894
NP|PP755592.1|A/cattle/Texas/24-008749-003/2024(H5N1)	1448	1889
NP|PP755592.1|A/cattle/Texas/24-008749-003/2024(H5N1)	1449	1868
NP|PP755592.1|A/cattle/Texas/24-008749-003/2024(H5N1)	1450	1866
NP|PP755592.1|A/cattle/Texas/24-008749-003/2024(H5N1)	1451	1865
NP|PP755592.1|A/cattle/Texas/24-008749-003/2024(H5N1)	1452	1809
NP|PP755592.1|A/cattle/Texas/24-008749-003/2024(H5N1)	1453	1795
NP|PP755592.1|A/cattle/Texas/24-008749-003/2024(H5N1)	1454	1793
NP|PP755592.1|A/cattle/Texas/24-008749-003/2024(H5N1)	1455	1753
NP|PP755592.1|A/cattle/Texas/24-008749-003/2024(H5N1)	1456	1756
NP|PP755592.1|A/cattle/Texas/24-008749-003/2024(H5N1)	1457	1738
NP|PP755592.1|A/cattle/Texas/24-008749-003/2024(H5N1)	1458	1729
NP|PP755592.1|A/cattle/Texas/24-008749-003/2024(H5N1)	1459	1727
NP|PP755592.1|A/cattle/Texas/24-008749-003/2024(H5N1)	1460	1716
NP|PP755592.1|A/cattle/Texas/24-008749-003/2024(H5N1)	1461	1703
NP|PP755592.1|A/cattle/Texas/24-008749-003/2024(H5N1)	1462	1688
NP|PP755592.1|A/cattle/Texas/24-008749-003/2024(H5N1)	1463	1680
NP|PP755592.1|A/cattle/Texas/24-008749-003/2024(H5N1)	1464	1666
NP|PP755592.1|A/cattle/Texas/24-008749-003/2024(H5N1)	1465	1627
NP|PP755592.1|A/cattle/Texas/24-008749-003/2024(H5N1)	1466	1627
NP|PP755592.1|A/cattle/Texas/24-008749-003/2024(H5N1)	1467	1597
NP|PP755592.1|A/cattle/Texas/24-008749-003/2024(H5N1)	1468	1591
NP|PP755592.1|A/cattle/Texas/24-008749-003/2024(H5N1)	1469	1590
NP|PP755592.1|A/cattle/Texas/24-008749-003/2024(H5N1)	1470	1581
NP|PP755592.1|A/cattle/Texas/24-008749-003/2024(H5N1)	1471	1581
NP|PP755592.1|A/cattle/Texas/24-008749-003/2024(H5N1)	1472	1580
NP|PP755592.1|A/cattle/Texas/24-008749-003/2024(H5N1)	1473	1566
NP|PP755592.1|A/cattle/Texas/24-008749-003/2024(H5N1)	1474	1545
NP|PP755592.1|A/cattle/Texas/24-008749-003/2024(H5N1)	1475	1540
NP|PP755592.1|A/cattle/Texas/24-008749-003/2024(H5N1)	1476	1537
NP|PP755592.1|A/cattle/Texas/24-008749-003/2024(H5N1)	1477	1536
NP|PP755592.1|A/cattle/Texas/24-008749-003/2024(H5N1)	1478	1535
NP|PP755592.1|A/cattle/Texas/24-008749-003/2024(H5N1)	1479	1483
NP|PP755592.1|A/cattle/Texas/24-008749-003/2024(H5N1)	1480	1477
NP|PP755592.1|A/cattle/Texas/24-008749-003/2024(H5N1)	1481	1463
NP|PP755592.1|A/cattle/Texas/24-008749-003/2024(H5N1)	1482	1433
NP|PP755592.1|A/cattle/Texas/24-008749-003/2024(H5N1)	1483	1424
NP|PP755592.1|A/cattle/Texas/24-008749-003/2024(H5N1)	1484	1131
NP|PP755592.1|A/cattle/Texas/24-008749-003/2024(H5N1)	1485	1131
NP|PP755592.1|A/cattle/Texas/24-008749-003/2024(H5N1)	1486	1066
NP|PP755592.1|A/cattle/Texas/24-008749-003/2024(H5N1)	1487	1066
NP|PP755592.1|A/cattle/Texas/24-008749-003/2024(H5N1)	1488	1054
NP|PP755592.1|A/cattle/Texas/24-008749-003/2024(H5N1)	1489	1029
NP|PP755592.1|A/cattle/Texas/24-008749-003/2024(H5N1)	1490	1027
NP|PP755592.1|A/cattle/Texas/24-008749-003/2024(H5N1)	1491	1010
NP|PP755592.1|A/cattle/Texas/24-008749-003/2024(H5N1)	1492	811
NP|PP755592.1|A/cattle/Texas/24-008749-003/2024(H5N1)	1493	808
NP|PP755592.1|A/cattle/Texas/24-008749-003/2024(H5N1)	1494	715
NP|PP755592.1|A/cattle/Texas/24-008749-003/2024(H5N1)	1495	710
NP|PP755592.1|A/cattle/Texas/24-008749-003/2024(H5N1)	1496	705
NP|PP755592.1|A/cattle/Texas/24-008749-003/2024(H5N1)	1497	705
