PB2|PP755596.1|A/cattle/Texas/24-008749-003/2024(H5N1)	1	35
PB2|PP755596.1|A/cattle/Texas/24-008749-003/2024(H5N1)	2	35
PB2|PP755596.1|A/cattle/Texas/24-008749-003/2024(H5N1)	3	37
PB2|PP755596.1|A/cattle/Texas/24-008749-003/2024(H5N1)	4	37
PB2|PP755596.1|A/cattle/Texas/24-008749-003/2024(H5N1)	5	37
PB2|PP755596.1|A/cattle/Texas/24-008749-003/2024(H5N1)	6	37
PB2|PP755596.1|A/cattle/Texas/24-008749-003/2024(H5N1)	7	37
PB2|PP755596.1|A/cattle/Texas/24-008749-003/2024(H5N1)	8	41
PB2|PP755596.1|A/cattle/Texas/24-008749-003/2024(H5N1)	9	41
PB2|PP755596.1|A/cattle/Texas/24-008749-003/2024(H5N1)	10	41
PB2|PP755596.1|A/cattle/Texas/24-008749-003/2024(H5N1)	11	41
PB2|PP755596.1|A/cattle/Texas/24-008749-003/2024(H5N1)	12	41
PB2|PP755596.1|A/cattle/Texas/24-008749-003/2024(H5N1)	13	43
PB2|PP755596.1|A/cattle/Texas/24-008749-003/2024(H5N1)	14	43
PB2|PP755596.1|A/cattle/Texas/24-008749-003/2024(H5N1)	15	43
PB2|PP755596.1|A/cattle/Texas/24-008749-003/2024(H5N1)	16	44
PB2|PP755596.1|A/cattle/Texas/24-008749-003/2024(H5N1)	17	44
PB2|PP755596.1|A/cattle/Texas/24-008749-003/2024(H5N1)	18	44
PB2|PP755596.1|A/cattle/Texas/24-008749-003/2024(H5N1)	19	44
PB2|PP755596.1|A/cattle/Texas/24-008749-003/2024(H5N1)	20	42
PB2|PP755596.1|A/cattle/Texas/24-008749-003/2024(H5N1)	21	42
PB2|PP755596.1|A/cattle/Texas/24-008749-003/2024(H5N1)	22	42
PB2|PP755596.1|A/cattle/Texas/24-008749-003/2024(H5N1)	23	43
PB2|PP755596.1|A/cattle/Texas/24-008749-003/2024(H5N1)	24	43
PB2|PP755596.1|A/cattle/Texas/24-008749-003/2024(H5N1)	25	43
PB2|PP755596.1|A/cattle/Texas/24-008749-003/2024(H5N1)	26	45
PB2|PP755596.1|A/cattle/Texas/24-008749-003/2024(H5N1)	27	47
PB2|PP755596.1|A/cattle/Texas/24-008749-003/2024(H5N1)	28	47
PB2|PP755596.1|A/cattle/Texas/24-008749-003/2024(H5N1)	29	47
PB2|PP755596.1|A/cattle/Texas/24-008749-003/2024(H5N1)	30	47
PB2|PP755596.1|A/cattle/Texas/24-008749-003/2024(H5N1)	31	48
PB2|PP755596.1|A/cattle/Texas/24-008749-003/2024(H5N1)	32	48
PB2|PP755596.1|A/cattle/Texas/24-008749-003/2024(H5N1)	33	48
PB2|PP755596.1|A/cattle/Texas/24-008749-003/2024(H5N1)	34	48
PB2|PP755596.1|A/cattle/Texas/24-008749-003/2024(H5N1)	35	48
PB2|PP755596.1|A/cattle/Texas/24-008749-003/2024(H5N1)	36	48
PB2|PP755596.1|A/cattle/Texas/24-008749-003/2024(H5N1)	37	49
PB2|PP755596.1|A/cattle/Texas/24-008749-003/2024(H5N1)	38	49
PB2|PP755596.1|A/cattle/Texas/24-008749-003/2024(H5N1)	39	49
PB2|PP755596.1|A/cattle/Texas/24-008749-003/2024(H5N1)	40	52
PB2|PP755596.1|A/cattle/Texas/24-008749-003/2024(H5N1)	41	52
PB2|PP755596.1|A/cattle/Texas/24-008749-003/2024(H5N1)	42	52
PB2|PP755596.1|A/cattle/Texas/24-008749-003/2024(H5N1)	43	53
PB2|PP755596.1|A/cattle/Texas/24-008749-003/2024(H5N1)	44	53
PB2|PP755596.1|A/cattle/Texas/24-008749-003/2024(H5N1)	45	53
PB2|PP755596.1|A/cattle/Texas/24-008749-003/2024(H5N1)	46	53
PB2|PP755596.1|A/cattle/Texas/24-008749-003/2024(H5N1)	47	55
PB2|PP755596.1|A/cattle/Texas/24-008749-003/2024(H5N1)	48	55
PB2|PP755596.1|A/cattle/Texas/24-008749-003/2024(H5N1)	49	55
PB2|PP755596.1|A/cattle/Texas/24-008749-003/2024(H5N1)	50	55
PB2|PP755596.1|A/cattle/Texas/24-008749-003/2024(H5N1)	51	55
PB2|PP755596.1|A/cattle/Texas/24-008749-003/2024(H5N1)	52	55
PB2|PP755596.1|A/cattle/Texas/24-008749-003/2024(H5N1)	53	55
PB2|PP755596.1|A/cattle/Texas/24-008749-003/2024(H5N1)	54	55
PB2|PP755596.1|A/cattle/Texas/24-008749-003/2024(H5N1)	55	55
PB2|PP755596.1|A/cattle/Texas/24-008749-003/2024(H5N1)	56	55
PB2|PP755596.1|A/cattle/Texas/24-008749-003/2024(H5N1)	57	55
PB2|PP755596.1|A/cattle/Texas/24-008749-003/2024(H5N1)	58	55
PB2|PP755596.1|A/cattle/Texas/24-008749-003/2024(H5N1)	59	53
PB2|PP755596.1|A/cattle/Texas/24-008749-003/2024(H5N1)	60	53
PB2|PP755596.1|A/cattle/Texas/24-008749-003/2024(H5N1)	61	53
PB2|PP755596.1|A/cattle/Texas/24-008749-003/2024(H5N1)	62	53
PB2|PP755596.1|A/cattle/Texas/24-008749-003/2024(H5N1)	63	53
PB2|PP755596.1|A/cattle/Texas/24-008749-003/2024(H5N1)	64	49
PB2|PP755596.1|A/cattle/Texas/24-008749-003/2024(H5N1)	65	49
PB2|PP755596.1|A/cattle/Texas/24-008749-003/2024(H5N1)	66	50
PB2|PP755596.1|A/cattle/Texas/24-008749-003/2024(H5N1)	67	52
PB2|PP755596.1|A/cattle/Texas/24-008749-003/2024(H5N1)	68	52
PB2|PP755596.1|A/cattle/Texas/24-008749-003/2024(H5N1)	69	52
PB2|PP755596.1|A/cattle/Texas/24-008749-003/2024(H5N1)	70	52
PB2|PP755596.1|A/cattle/Texas/24-008749-003/2024(H5N1)	71	55
PB2|PP755596.1|A/cattle/Texas/24-008749-003/2024(H5N1)	72	56
PB2|PP755596.1|A/cattle/Texas/24-008749-003/2024(H5N1)	73	58
PB2|PP755596.1|A/cattle/Texas/24-008749-003/2024(H5N1)	74	58
PB2|PP755596.1|A/cattle/Texas/24-008749-003/2024(H5N1)	75	58
PB2|PP755596.1|A/cattle/Texas/24-008749-003/2024(H5N1)	76	58
PB2|PP755596.1|A/cattle/Texas/24-008749-003/2024(H5N1)	77	58
PB2|PP755596.1|A/cattle/Texas/24-008749-003/2024(H5N1)	78	58
PB2|PP755596.1|A/cattle/Texas/24-008749-003/2024(H5N1)	79	59
PB2|PP755596.1|A/cattle/Texas/24-008749-003/2024(H5N1)	80	59
PB2|PP755596.1|A/cattle/Texas/24-008749-003/2024(H5N1)	81	59
PB2|PP755596.1|A/cattle/Texas/24-008749-003/2024(H5N1)	82	57
PB2|PP755596.1|A/cattle/Texas/24-008749-003/2024(H5N1)	83	57
PB2|PP755596.1|A/cattle/Texas/24-008749-003/2024(H5N1)	84	55
PB2|PP755596.1|A/cattle/Texas/24-008749-003/2024(H5N1)	85	56
PB2|PP755596.1|A/cattle/Texas/24-008749-003/2024(H5N1)	86	57
PB2|PP755596.1|A/cattle/Texas/24-008749-003/2024(H5N1)	87	59
PB2|PP755596.1|A/cattle/Texas/24-008749-003/2024(H5N1)	88	59
PB2|PP755596.1|A/cattle/Texas/24-008749-003/2024(H5N1)	89	61
PB2|PP755596.1|A/cattle/Texas/24-008749-003/2024(H5N1)	90	61
PB2|PP755596.1|A/cattle/Texas/24-008749-003/2024(H5N1)	91	65
PB2|PP755596.1|A/cattle/Texas/24-008749-003/2024(H5N1)	92	65
PB2|PP755596.1|A/cattle/Texas/24-008749-003/2024(H5N1)	93	65
PB2|PP755596.1|A/cattle/Texas/24-008749-003/2024(H5N1)	94	63
PB2|PP755596.1|A/cattle/Texas/24-008749-003/2024(H5N1)	95	63
PB2|PP755596.1|A/cattle/Texas/24-008749-003/2024(H5N1)	96	63
PB2|PP755596.1|A/cattle/Texas/24-008749-003/2024(H5N1)	97	63
PB2|PP755596.1|A/cattle/Texas/24-008749-003/2024(H5N1)	98	63
PB2|PP755596.1|A/cattle/Texas/24-008749-003/2024(H5N1)	99	65
PB2|PP755596.1|A/cattle/Texas/24-008749-003/2024(H5N1)	100	61
PB2|PP755596.1|A/cattle/Texas/24-008749-003/2024(H5N1)	101	61
PB2|PP755596.1|A/cattle/Texas/24-008749-003/2024(H5N1)	102	63
PB2|PP755596.1|A/cattle/Texas/24-008749-003/2024(H5N1)	103	63
PB2|PP755596.1|A/cattle/Texas/24-008749-003/2024(H5N1)	104	65
PB2|PP755596.1|A/cattle/Texas/24-008749-003/2024(H5N1)	105	65
PB2|PP755596.1|A/cattle/Texas/24-008749-003/2024(H5N1)	106	66
PB2|PP755596.1|A/cattle/Texas/24-008749-003/2024(H5N1)	107	66
PB2|PP755596.1|A/cattle/Texas/24-008749-003/2024(H5N1)	108	64
PB2|PP755596.1|A/cattle/Texas/24-008749-003/2024(H5N1)	109	64
PB2|PP755596.1|A/cattle/Texas/24-008749-003/2024(H5N1)	110	64
PB2|PP755596.1|A/cattle/Texas/24-008749-003/2024(H5N1)	111	64
PB2|PP755596.1|A/cattle/Texas/24-008749-003/2024(H5N1)	112	64
PB2|PP755596.1|A/cattle/Texas/24-008749-003/2024(H5N1)	113	64
PB2|PP755596.1|A/cattle/Texas/24-008749-003/2024(H5N1)	114	64
PB2|PP755596.1|A/cattle/Texas/24-008749-003/2024(H5N1)	115	64
PB2|PP755596.1|A/cattle/Texas/24-008749-003/2024(H5N1)	116	64
PB2|PP755596.1|A/cattle/Texas/24-008749-003/2024(H5N1)	117	64
PB2|PP755596.1|A/cattle/Texas/24-008749-003/2024(H5N1)	118	64
PB2|PP755596.1|A/cattle/Texas/24-008749-003/2024(H5N1)	119	64
PB2|PP755596.1|A/cattle/Texas/24-008749-003/2024(H5N1)	120	64
PB2|PP755596.1|A/cattle/Texas/24-008749-003/2024(H5N1)	121	64
PB2|PP755596.1|A/cattle/Texas/24-008749-003/2024(H5N1)	122	64
PB2|PP755596.1|A/cattle/Texas/24-008749-003/2024(H5N1)	123	64
PB2|PP755596.1|A/cattle/Texas/24-008749-003/2024(H5N1)	124	61
PB2|PP755596.1|A/cattle/Texas/24-008749-003/2024(H5N1)	125	61
PB2|PP755596.1|A/cattle/Texas/24-008749-003/2024(H5N1)	126	60
PB2|PP755596.1|A/cattle/Texas/24-008749-003/2024(H5N1)	127	60
PB2|PP755596.1|A/cattle/Texas/24-008749-003/2024(H5N1)	128	60
PB2|PP755596.1|A/cattle/Texas/24-008749-003/2024(H5N1)	129	61
PB2|PP755596.1|A/cattle/Texas/24-008749-003/2024(H5N1)	130	62
PB2|PP755596.1|A/cattle/Texas/24-008749-003/2024(H5N1)	131	63
PB2|PP755596.1|A/cattle/Texas/24-008749-003/2024(H5N1)	132	63
PB2|PP755596.1|A/cattle/Texas/24-008749-003/2024(H5N1)	133	61
PB2|PP755596.1|A/cattle/Texas/24-008749-003/2024(H5N1)	134	63
PB2|PP755596.1|A/cattle/Texas/24-008749-003/2024(H5N1)	135	65
PB2|PP755596.1|A/cattle/Texas/24-008749-003/2024(H5N1)	136	63
PB2|PP755596.1|A/cattle/Texas/24-008749-003/2024(H5N1)	137	64
PB2|PP755596.1|A/cattle/Texas/24-008749-003/2024(H5N1)	138	64
PB2|PP755596.1|A/cattle/Texas/24-008749-003/2024(H5N1)	139	64
PB2|PP755596.1|A/cattle/Texas/24-008749-003/2024(H5N1)	140	63
PB2|PP755596.1|A/cattle/Texas/24-008749-003/2024(H5N1)	141	63
PB2|PP755596.1|A/cattle/Texas/24-008749-003/2024(H5N1)	142	65
PB2|PP755596.1|A/cattle/Texas/24-008749-003/2024(H5N1)	143	64
PB2|PP755596.1|A/cattle/Texas/24-008749-003/2024(H5N1)	144	63
PB2|PP755596.1|A/cattle/Texas/24-008749-003/2024(H5N1)	145	61
PB2|PP755596.1|A/cattle/Texas/24-008749-003/2024(H5N1)	146	61
PB2|PP755596.1|A/cattle/Texas/24-008749-003/2024(H5N1)	147	61
PB2|PP755596.1|A/cattle/Texas/24-008749-003/2024(H5N1)	148	61
PB2|PP755596.1|A/cattle/Texas/24-008749-003/2024(H5N1)	149	61
PB2|PP755596.1|A/cattle/Texas/24-008749-003/2024(H5N1)	150	59
PB2|PP755596.1|A/cattle/Texas/24-008749-003/2024(H5N1)	151	59
PB2|PP755596.1|A/cattle/Texas/24-008749-003/2024(H5N1)	152	61
PB2|PP755596.1|A/cattle/Texas/24-008749-003/2024(H5N1)	153	62
PB2|PP755596.1|A/cattle/Texas/24-008749-003/2024(H5N1)	154	62
PB2|PP755596.1|A/cattle/Texas/24-008749-003/2024(H5N1)	155	63
PB2|PP755596.1|A/cattle/Texas/24-008749-003/2024(H5N1)	156	63
PB2|PP755596.1|A/cattle/Texas/24-008749-003/2024(H5N1)	157	63
PB2|PP755596.1|A/cattle/Texas/24-008749-003/2024(H5N1)	158	63
PB2|PP755596.1|A/cattle/Texas/24-008749-003/2024(H5N1)	159	61
PB2|PP755596.1|A/cattle/Texas/24-008749-003/2024(H5N1)	160	61
PB2|PP755596.1|A/cattle/Texas/24-008749-003/2024(H5N1)	161	60
PB2|PP755596.1|A/cattle/Texas/24-008749-003/2024(H5N1)	162	63
PB2|PP755596.1|A/cattle/Texas/24-008749-003/2024(H5N1)	163	63
PB2|PP755596.1|A/cattle/Texas/24-008749-003/2024(H5N1)	164	62
PB2|PP755596.1|A/cattle/Texas/24-008749-003/2024(H5N1)	165	63
PB2|PP755596.1|A/cattle/Texas/24-008749-003/2024(H5N1)	166	62
PB2|PP755596.1|A/cattle/Texas/24-008749-003/2024(H5N1)	167	62
PB2|PP755596.1|A/cattle/Texas/24-008749-003/2024(H5N1)	168	62
PB2|PP755596.1|A/cattle/Texas/24-008749-003/2024(H5N1)	169	62
PB2|PP755596.1|A/cattle/Texas/24-008749-003/2024(H5N1)	170	63
PB2|PP755596.1|A/cattle/Texas/24-008749-003/2024(H5N1)	171	63
PB2|PP755596.1|A/cattle/Texas/24-008749-003/2024(H5N1)	172	63
PB2|PP755596.1|A/cattle/Texas/24-008749-003/2024(H5N1)	173	67
PB2|PP755596.1|A/cattle/Texas/24-008749-003/2024(H5N1)	174	67
PB2|PP755596.1|A/cattle/Texas/24-008749-003/2024(H5N1)	175	67
PB2|PP755596.1|A/cattle/Texas/24-008749-003/2024(H5N1)	176	68
PB2|PP755596.1|A/cattle/Texas/24-008749-003/2024(H5N1)	177	66
PB2|PP755596.1|A/cattle/Texas/24-008749-003/2024(H5N1)	178	66
PB2|PP755596.1|A/cattle/Texas/24-008749-003/2024(H5N1)	179	69
PB2|PP755596.1|A/cattle/Texas/24-008749-003/2024(H5N1)	180	70
PB2|PP755596.1|A/cattle/Texas/24-008749-003/2024(H5N1)	181	70
PB2|PP755596.1|A/cattle/Texas/24-008749-003/2024(H5N1)	182	69
PB2|PP755596.1|A/cattle/Texas/24-008749-003/2024(H5N1)	183	69
PB2|PP755596.1|A/cattle/Texas/24-008749-003/2024(H5N1)	184	69
PB2|PP755596.1|A/cattle/Texas/24-008749-003/2024(H5N1)	185	71
PB2|PP755596.1|A/cattle/Texas/24-008749-003/2024(H5N1)	186	72
PB2|PP755596.1|A/cattle/Texas/24-008749-003/2024(H5N1)	187	72
PB2|PP755596.1|A/cattle/Texas/24-008749-003/2024(H5N1)	188	71
PB2|PP755596.1|A/cattle/Texas/24-008749-003/2024(H5N1)	189	70
PB2|PP755596.1|A/cattle/Texas/24-008749-003/2024(H5N1)	190	74
PB2|PP755596.1|A/cattle/Texas/24-008749-003/2024(H5N1)	191	72
PB2|PP755596.1|A/cattle/Texas/24-008749-003/2024(H5N1)	192	72
PB2|PP755596.1|A/cattle/Texas/24-008749-003/2024(H5N1)	193	74
PB2|PP755596.1|A/cattle/Texas/24-008749-003/2024(H5N1)	194	73
PB2|PP755596.1|A/cattle/Texas/24-008749-003/2024(H5N1)	195	73
PB2|PP755596.1|A/cattle/Texas/24-008749-003/2024(H5N1)	196	73
PB2|PP755596.1|A/cattle/Texas/24-008749-003/2024(H5N1)	197	73
PB2|PP755596.1|A/cattle/Texas/24-008749-003/2024(H5N1)	198	71
PB2|PP755596.1|A/cattle/Texas/24-008749-003/2024(H5N1)	199	71
PB2|PP755596.1|A/cattle/Texas/24-008749-003/2024(H5N1)	200	74
PB2|PP755596.1|A/cattle/Texas/24-008749-003/2024(H5N1)	201	76
PB2|PP755596.1|A/cattle/Texas/24-008749-003/2024(H5N1)	202	76
PB2|PP755596.1|A/cattle/Texas/24-008749-003/2024(H5N1)	203	76
PB2|PP755596.1|A/cattle/Texas/24-008749-003/2024(H5N1)	204	76
PB2|PP755596.1|A/cattle/Texas/24-008749-003/2024(H5N1)	205	76
PB2|PP755596.1|A/cattle/Texas/24-008749-003/2024(H5N1)	206	76
PB2|PP755596.1|A/cattle/Texas/24-008749-003/2024(H5N1)	207	76
PB2|PP755596.1|A/cattle/Texas/24-008749-003/2024(H5N1)	208	76
PB2|PP755596.1|A/cattle/Texas/24-008749-003/2024(H5N1)	209	77
PB2|PP755596.1|A/cattle/Texas/24-008749-003/2024(H5N1)	210	77
PB2|PP755596.1|A/cattle/Texas/24-008749-003/2024(H5N1)	211	75
PB2|PP755596.1|A/cattle/Texas/24-008749-003/2024(H5N1)	212	75
PB2|PP755596.1|A/cattle/Texas/24-008749-003/2024(H5N1)	213	75
PB2|PP755596.1|A/cattle/Texas/24-008749-003/2024(H5N1)	214	75
PB2|PP755596.1|A/cattle/Texas/24-008749-003/2024(H5N1)	215	76
PB2|PP755596.1|A/cattle/Texas/24-008749-003/2024(H5N1)	216	76
PB2|PP755596.1|A/cattle/Texas/24-008749-003/2024(H5N1)	217	75
PB2|PP755596.1|A/cattle/Texas/24-008749-003/2024(H5N1)	218	70
PB2|PP755596.1|A/cattle/Texas/24-008749-003/2024(H5N1)	219	68
PB2|PP755596.1|A/cattle/Texas/24-008749-003/2024(H5N1)	220	69
PB2|PP755596.1|A/cattle/Texas/24-008749-003/2024(H5N1)	221	69
PB2|PP755596.1|A/cattle/Texas/24-008749-003/2024(H5N1)	222	68
PB2|PP755596.1|A/cattle/Texas/24-008749-003/2024(H5N1)	223	65
PB2|PP755596.1|A/cattle/Texas/24-008749-003/2024(H5N1)	224	65
PB2|PP755596.1|A/cattle/Texas/24-008749-003/2024(H5N1)	225	64
PB2|PP755596.1|A/cattle/Texas/24-008749-003/2024(H5N1)	226	64
PB2|PP755596.1|A/cattle/Texas/24-008749-003/2024(H5N1)	227	64
PB2|PP755596.1|A/cattle/Texas/24-008749-003/2024(H5N1)	228	64
PB2|PP755596.1|A/cattle/Texas/24-008749-003/2024(H5N1)	229	62
PB2|PP755596.1|A/cattle/Texas/24-008749-003/2024(H5N1)	230	62
PB2|PP755596.1|A/cattle/Texas/24-008749-003/2024(H5N1)	231	62
PB2|PP755596.1|A/cattle/Texas/24-008749-003/2024(H5N1)	232	62
PB2|PP755596.1|A/cattle/Texas/24-008749-003/2024(H5N1)	233	62
PB2|PP755596.1|A/cattle/Texas/24-008749-003/2024(H5N1)	234	62
PB2|PP755596.1|A/cattle/Texas/24-008749-003/2024(H5N1)	235	62
PB2|PP755596.1|A/cattle/Texas/24-008749-003/2024(H5N1)	236	61
PB2|PP755596.1|A/cattle/Texas/24-008749-003/2024(H5N1)	237	61
PB2|PP755596.1|A/cattle/Texas/24-008749-003/2024(H5N1)	238	59
PB2|PP755596.1|A/cattle/Texas/24-008749-003/2024(H5N1)	239	59
PB2|PP755596.1|A/cattle/Texas/24-008749-003/2024(H5N1)	240	59
PB2|PP755596.1|A/cattle/Texas/24-008749-003/2024(H5N1)	241	59
PB2|PP755596.1|A/cattle/Texas/24-008749-003/2024(H5N1)	242	58
PB2|PP755596.1|A/cattle/Texas/24-008749-003/2024(H5N1)	243	59
PB2|PP755596.1|A/cattle/Texas/24-008749-003/2024(H5N1)	244	59
PB2|PP755596.1|A/cattle/Texas/24-008749-003/2024(H5N1)	245	60
PB2|PP755596.1|A/cattle/Texas/24-008749-003/2024(H5N1)	246	60
PB2|PP755596.1|A/cattle/Texas/24-008749-003/2024(H5N1)	247	60
PB2|PP755596.1|A/cattle/Texas/24-008749-003/2024(H5N1)	248	60
PB2|PP755596.1|A/cattle/Texas/24-008749-003/2024(H5N1)	249	61
PB2|PP755596.1|A/cattle/Texas/24-008749-003/2024(H5N1)	250	59
PB2|PP755596.1|A/cattle/Texas/24-008749-003/2024(H5N1)	251	61
PB2|PP755596.1|A/cattle/Texas/24-008749-003/2024(H5N1)	252	62
PB2|PP755596.1|A/cattle/Texas/24-008749-003/2024(H5N1)	253	63
PB2|PP755596.1|A/cattle/Texas/24-008749-003/2024(H5N1)	254	63
PB2|PP755596.1|A/cattle/Texas/24-008749-003/2024(H5N1)	255	61
PB2|PP755596.1|A/cattle/Texas/24-008749-003/2024(H5N1)	256	61
PB2|PP755596.1|A/cattle/Texas/24-008749-003/2024(H5N1)	257	60
PB2|PP755596.1|A/cattle/Texas/24-008749-003/2024(H5N1)	258	60
PB2|PP755596.1|A/cattle/Texas/24-008749-003/2024(H5N1)	259	62
PB2|PP755596.1|A/cattle/Texas/24-008749-003/2024(H5N1)	260	62
PB2|PP755596.1|A/cattle/Texas/24-008749-003/2024(H5N1)	261	62
PB2|PP755596.1|A/cattle/Texas/24-008749-003/2024(H5N1)	262	62
PB2|PP755596.1|A/cattle/Texas/24-008749-003/2024(H5N1)	263	63
PB2|PP755596.1|A/cattle/Texas/24-008749-003/2024(H5N1)	264	65
PB2|PP755596.1|A/cattle/Texas/24-008749-003/2024(H5N1)	265	67
PB2|PP755596.1|A/cattle/Texas/24-008749-003/2024(H5N1)	266	67
PB2|PP755596.1|A/cattle/Texas/24-008749-003/2024(H5N1)	267	67
PB2|PP755596.1|A/cattle/Texas/24-008749-003/2024(H5N1)	268	67
PB2|PP755596.1|A/cattle/Texas/24-008749-003/2024(H5N1)	269	67
PB2|PP755596.1|A/cattle/Texas/24-008749-003/2024(H5N1)	270	67
PB2|PP755596.1|A/cattle/Texas/24-008749-003/2024(H5N1)	271	74
PB2|PP755596.1|A/cattle/Texas/24-008749-003/2024(H5N1)	272	76
PB2|PP755596.1|A/cattle/Texas/24-008749-003/2024(H5N1)	273	76
PB2|PP755596.1|A/cattle/Texas/24-008749-003/2024(H5N1)	274	73
PB2|PP755596.1|A/cattle/Texas/24-008749-003/2024(H5N1)	275	72
PB2|PP755596.1|A/cattle/Texas/24-008749-003/2024(H5N1)	276	71
PB2|PP755596.1|A/cattle/Texas/24-008749-003/2024(H5N1)	277	72
PB2|PP755596.1|A/cattle/Texas/24-008749-003/2024(H5N1)	278	72
PB2|PP755596.1|A/cattle/Texas/24-008749-003/2024(H5N1)	279	71
PB2|PP755596.1|A/cattle/Texas/24-008749-003/2024(H5N1)	280	70
PB2|PP755596.1|A/cattle/Texas/24-008749-003/2024(H5N1)	281	69
PB2|PP755596.1|A/cattle/Texas/24-008749-003/2024(H5N1)	282	72
PB2|PP755596.1|A/cattle/Texas/24-008749-003/2024(H5N1)	283	73
PB2|PP755596.1|A/cattle/Texas/24-008749-003/2024(H5N1)	284	72
PB2|PP755596.1|A/cattle/Texas/24-008749-003/2024(H5N1)	285	68
PB2|PP755596.1|A/cattle/Texas/24-008749-003/2024(H5N1)	286	67
PB2|PP755596.1|A/cattle/Texas/24-008749-003/2024(H5N1)	287	67
PB2|PP755596.1|A/cattle/Texas/24-008749-003/2024(H5N1)	288	67
PB2|PP755596.1|A/cattle/Texas/24-008749-003/2024(H5N1)	289	67
PB2|PP755596.1|A/cattle/Texas/24-008749-003/2024(H5N1)	290	67
PB2|PP755596.1|A/cattle/Texas/24-008749-003/2024(H5N1)	291	68
PB2|PP755596.1|A/cattle/Texas/24-008749-003/2024(H5N1)	292	66
PB2|PP755596.1|A/cattle/Texas/24-008749-003/2024(H5N1)	293	64
PB2|PP755596.1|A/cattle/Texas/24-008749-003/2024(H5N1)	294	67
PB2|PP755596.1|A/cattle/Texas/24-008749-003/2024(H5N1)	295	67
PB2|PP755596.1|A/cattle/Texas/24-008749-003/2024(H5N1)	296	67
PB2|PP755596.1|A/cattle/Texas/24-008749-003/2024(H5N1)	297	70
PB2|PP755596.1|A/cattle/Texas/24-008749-003/2024(H5N1)	298	70
PB2|PP755596.1|A/cattle/Texas/24-008749-003/2024(H5N1)	299	70
PB2|PP755596.1|A/cattle/Texas/24-008749-003/2024(H5N1)	300	71
PB2|PP755596.1|A/cattle/Texas/24-008749-003/2024(H5N1)	301	71
PB2|PP755596.1|A/cattle/Texas/24-008749-003/2024(H5N1)	302	71
PB2|PP755596.1|A/cattle/Texas/24-008749-003/2024(H5N1)	303	70
PB2|PP755596.1|A/cattle/Texas/24-008749-003/2024(H5N1)	304	69
PB2|PP755596.1|A/cattle/Texas/24-008749-003/2024(H5N1)	305	69
PB2|PP755596.1|A/cattle/Texas/24-008749-003/2024(H5N1)	306	68
PB2|PP755596.1|A/cattle/Texas/24-008749-003/2024(H5N1)	307	68
PB2|PP755596.1|A/cattle/Texas/24-008749-003/2024(H5N1)	308	70
PB2|PP755596.1|A/cattle/Texas/24-008749-003/2024(H5N1)	309	70
PB2|PP755596.1|A/cattle/Texas/24-008749-003/2024(H5N1)	310	70
PB2|PP755596.1|A/cattle/Texas/24-008749-003/2024(H5N1)	311	69
PB2|PP755596.1|A/cattle/Texas/24-008749-003/2024(H5N1)	312	67
PB2|PP755596.1|A/cattle/Texas/24-008749-003/2024(H5N1)	313	65
PB2|PP755596.1|A/cattle/Texas/24-008749-003/2024(H5N1)	314	65
PB2|PP755596.1|A/cattle/Texas/24-008749-003/2024(H5N1)	315	67
PB2|PP755596.1|A/cattle/Texas/24-008749-003/2024(H5N1)	316	66
PB2|PP755596.1|A/cattle/Texas/24-008749-003/2024(H5N1)	317	66
PB2|PP755596.1|A/cattle/Texas/24-008749-003/2024(H5N1)	318	66
PB2|PP755596.1|A/cattle/Texas/24-008749-003/2024(H5N1)	319	66
PB2|PP755596.1|A/cattle/Texas/24-008749-003/2024(H5N1)	320	66
PB2|PP755596.1|A/cattle/Texas/24-008749-003/2024(H5N1)	321	66
PB2|PP755596.1|A/cattle/Texas/24-008749-003/2024(H5N1)	322	68
PB2|PP755596.1|A/cattle/Texas/24-008749-003/2024(H5N1)	323	67
PB2|PP755596.1|A/cattle/Texas/24-008749-003/2024(H5N1)	324	65
PB2|PP755596.1|A/cattle/Texas/24-008749-003/2024(H5N1)	325	70
PB2|PP755596.1|A/cattle/Texas/24-008749-003/2024(H5N1)	326	69
PB2|PP755596.1|A/cattle/Texas/24-008749-003/2024(H5N1)	327	69
PB2|PP755596.1|A/cattle/Texas/24-008749-003/2024(H5N1)	328	69
PB2|PP755596.1|A/cattle/Texas/24-008749-003/2024(H5N1)	329	65
PB2|PP755596.1|A/cattle/Texas/24-008749-003/2024(H5N1)	330	65
PB2|PP755596.1|A/cattle/Texas/24-008749-003/2024(H5N1)	331	64
PB2|PP755596.1|A/cattle/Texas/24-008749-003/2024(H5N1)	332	71
PB2|PP755596.1|A/cattle/Texas/24-008749-003/2024(H5N1)	333	72
PB2|PP755596.1|A/cattle/Texas/24-008749-003/2024(H5N1)	334	71
PB2|PP755596.1|A/cattle/Texas/24-008749-003/2024(H5N1)	335	71
PB2|PP755596.1|A/cattle/Texas/24-008749-003/2024(H5N1)	336	71
PB2|PP755596.1|A/cattle/Texas/24-008749-003/2024(H5N1)	337	71
PB2|PP755596.1|A/cattle/Texas/24-008749-003/2024(H5N1)	338	71
PB2|PP755596.1|A/cattle/Texas/24-008749-003/2024(H5N1)	339	74
PB2|PP755596.1|A/cattle/Texas/24-008749-003/2024(H5N1)	340	76
PB2|PP755596.1|A/cattle/Texas/24-008749-003/2024(H5N1)	341	68
PB2|PP755596.1|A/cattle/Texas/24-008749-003/2024(H5N1)	342	70
PB2|PP755596.1|A/cattle/Texas/24-008749-003/2024(H5N1)	343	70
PB2|PP755596.1|A/cattle/Texas/24-008749-003/2024(H5N1)	344	70
PB2|PP755596.1|A/cattle/Texas/24-008749-003/2024(H5N1)	345	70
PB2|PP755596.1|A/cattle/Texas/24-008749-003/2024(H5N1)	346	70
PB2|PP755596.1|A/cattle/Texas/24-008749-003/2024(H5N1)	347	70
PB2|PP755596.1|A/cattle/Texas/24-008749-003/2024(H5N1)	348	68
PB2|PP755596.1|A/cattle/Texas/24-008749-003/2024(H5N1)	349	68
PB2|PP755596.1|A/cattle/Texas/24-008749-003/2024(H5N1)	350	68
PB2|PP755596.1|A/cattle/Texas/24-008749-003/2024(H5N1)	351	67
PB2|PP755596.1|A/cattle/Texas/24-008749-003/2024(H5N1)	352	67
PB2|PP755596.1|A/cattle/Texas/24-008749-003/2024(H5N1)	353	67
PB2|PP755596.1|A/cattle/Texas/24-008749-003/2024(H5N1)	354	67
PB2|PP755596.1|A/cattle/Texas/24-008749-003/2024(H5N1)	355	67
PB2|PP755596.1|A/cattle/Texas/24-008749-003/2024(H5N1)	356	67
PB2|PP755596.1|A/cattle/Texas/24-008749-003/2024(H5N1)	357	67
PB2|PP755596.1|A/cattle/Texas/24-008749-003/2024(H5N1)	358	67
PB2|PP755596.1|A/cattle/Texas/24-008749-003/2024(H5N1)	359	67
PB2|PP755596.1|A/cattle/Texas/24-008749-003/2024(H5N1)	360	66
PB2|PP755596.1|A/cattle/Texas/24-008749-003/2024(H5N1)	361	66
PB2|PP755596.1|A/cattle/Texas/24-008749-003/2024(H5N1)	362	66
PB2|PP755596.1|A/cattle/Texas/24-008749-003/2024(H5N1)	363	66
PB2|PP755596.1|A/cattle/Texas/24-008749-003/2024(H5N1)	364	66
PB2|PP755596.1|A/cattle/Texas/24-008749-003/2024(H5N1)	365	66
PB2|PP755596.1|A/cattle/Texas/24-008749-003/2024(H5N1)	366	65
PB2|PP755596.1|A/cattle/Texas/24-008749-003/2024(H5N1)	367	65
PB2|PP755596.1|A/cattle/Texas/24-008749-003/2024(H5N1)	368	65
PB2|PP755596.1|A/cattle/Texas/24-008749-003/2024(H5N1)	369	65
PB2|PP755596.1|A/cattle/Texas/24-008749-003/2024(H5N1)	370	65
PB2|PP755596.1|A/cattle/Texas/24-008749-003/2024(H5N1)	371	64
PB2|PP755596.1|A/cattle/Texas/24-008749-003/2024(H5N1)	372	67
PB2|PP755596.1|A/cattle/Texas/24-008749-003/2024(H5N1)	373	67
PB2|PP755596.1|A/cattle/Texas/24-008749-003/2024(H5N1)	374	67
PB2|PP755596.1|A/cattle/Texas/24-008749-003/2024(H5N1)	375	67
PB2|PP755596.1|A/cattle/Texas/24-008749-003/2024(H5N1)	376	67
PB2|PP755596.1|A/cattle/Texas/24-008749-003/2024(H5N1)	377	68
PB2|PP755596.1|A/cattle/Texas/24-008749-003/2024(H5N1)	378	68
PB2|PP755596.1|A/cattle/Texas/24-008749-003/2024(H5N1)	379	68
PB2|PP755596.1|A/cattle/Texas/24-008749-003/2024(H5N1)	380	68
PB2|PP755596.1|A/cattle/Texas/24-008749-003/2024(H5N1)	381	64
PB2|PP755596.1|A/cattle/Texas/24-008749-003/2024(H5N1)	382	64
PB2|PP755596.1|A/cattle/Texas/24-008749-003/2024(H5N1)	383	65
PB2|PP755596.1|A/cattle/Texas/24-008749-003/2024(H5N1)	384	65
PB2|PP755596.1|A/cattle/Texas/24-008749-003/2024(H5N1)	385	65
PB2|PP755596.1|A/cattle/Texas/24-008749-003/2024(H5N1)	386	65
PB2|PP755596.1|A/cattle/Texas/24-008749-003/2024(H5N1)	387	65
PB2|PP755596.1|A/cattle/Texas/24-008749-003/2024(H5N1)	388	64
PB2|PP755596.1|A/cattle/Texas/24-008749-003/2024(H5N1)	389	64
PB2|PP755596.1|A/cattle/Texas/24-008749-003/2024(H5N1)	390	64
PB2|PP755596.1|A/cattle/Texas/24-008749-003/2024(H5N1)	391	64
PB2|PP755596.1|A/cattle/Texas/24-008749-003/2024(H5N1)	392	71
PB2|PP755596.1|A/cattle/Texas/24-008749-003/2024(H5N1)	393	73
PB2|PP755596.1|A/cattle/Texas/24-008749-003/2024(H5N1)	394	73
PB2|PP755596.1|A/cattle/Texas/24-008749-003/2024(H5N1)	395	73
PB2|PP755596.1|A/cattle/Texas/24-008749-003/2024(H5N1)	396	72
PB2|PP755596.1|A/cattle/Texas/24-008749-003/2024(H5N1)	397	79
PB2|PP755596.1|A/cattle/Texas/24-008749-003/2024(H5N1)	398	79
PB2|PP755596.1|A/cattle/Texas/24-008749-003/2024(H5N1)	399	79
PB2|PP755596.1|A/cattle/Texas/24-008749-003/2024(H5N1)	400	78
PB2|PP755596.1|A/cattle/Texas/24-008749-003/2024(H5N1)	401	76
PB2|PP755596.1|A/cattle/Texas/24-008749-003/2024(H5N1)	402	77
PB2|PP755596.1|A/cattle/Texas/24-008749-003/2024(H5N1)	403	76
PB2|PP755596.1|A/cattle/Texas/24-008749-003/2024(H5N1)	404	74
PB2|PP755596.1|A/cattle/Texas/24-008749-003/2024(H5N1)	405	74
PB2|PP755596.1|A/cattle/Texas/24-008749-003/2024(H5N1)	406	72
PB2|PP755596.1|A/cattle/Texas/24-008749-003/2024(H5N1)	407	72
PB2|PP755596.1|A/cattle/Texas/24-008749-003/2024(H5N1)	408	72
PB2|PP755596.1|A/cattle/Texas/24-008749-003/2024(H5N1)	409	72
PB2|PP755596.1|A/cattle/Texas/24-008749-003/2024(H5N1)	410	70
PB2|PP755596.1|A/cattle/Texas/24-008749-003/2024(H5N1)	411	70
PB2|PP755596.1|A/cattle/Texas/24-008749-003/2024(H5N1)	412	70
PB2|PP755596.1|A/cattle/Texas/24-008749-003/2024(H5N1)	413	70
PB2|PP755596.1|A/cattle/Texas/24-008749-003/2024(H5N1)	414	69
PB2|PP755596.1|A/cattle/Texas/24-008749-003/2024(H5N1)	415	69
PB2|PP755596.1|A/cattle/Texas/24-008749-003/2024(H5N1)	416	69
PB2|PP755596.1|A/cattle/Texas/24-008749-003/2024(H5N1)	417	69
PB2|PP755596.1|A/cattle/Texas/24-008749-003/2024(H5N1)	418	69
PB2|PP755596.1|A/cattle/Texas/24-008749-003/2024(H5N1)	419	73
PB2|PP755596.1|A/cattle/Texas/24-008749-003/2024(H5N1)	420	73
PB2|PP755596.1|A/cattle/Texas/24-008749-003/2024(H5N1)	421	76
PB2|PP755596.1|A/cattle/Texas/24-008749-003/2024(H5N1)	422	72
PB2|PP755596.1|A/cattle/Texas/24-008749-003/2024(H5N1)	423	70
PB2|PP755596.1|A/cattle/Texas/24-008749-003/2024(H5N1)	424	70
PB2|PP755596.1|A/cattle/Texas/24-008749-003/2024(H5N1)	425	70
PB2|PP755596.1|A/cattle/Texas/24-008749-003/2024(H5N1)	426	71
PB2|PP755596.1|A/cattle/Texas/24-008749-003/2024(H5N1)	427	69
PB2|PP755596.1|A/cattle/Texas/24-008749-003/2024(H5N1)	428	68
PB2|PP755596.1|A/cattle/Texas/24-008749-003/2024(H5N1)	429	68
PB2|PP755596.1|A/cattle/Texas/24-008749-003/2024(H5N1)	430	66
PB2|PP755596.1|A/cattle/Texas/24-008749-003/2024(H5N1)	431	66
PB2|PP755596.1|A/cattle/Texas/24-008749-003/2024(H5N1)	432	66
PB2|PP755596.1|A/cattle/Texas/24-008749-003/2024(H5N1)	433	65
PB2|PP755596.1|A/cattle/Texas/24-008749-003/2024(H5N1)	434	64
PB2|PP755596.1|A/cattle/Texas/24-008749-003/2024(H5N1)	435	64
PB2|PP755596.1|A/cattle/Texas/24-008749-003/2024(H5N1)	436	64
PB2|PP755596.1|A/cattle/Texas/24-008749-003/2024(H5N1)	437	71
PB2|PP755596.1|A/cattle/Texas/24-008749-003/2024(H5N1)	438	71
PB2|PP755596.1|A/cattle/Texas/24-008749-003/2024(H5N1)	439	71
PB2|PP755596.1|A/cattle/Texas/24-008749-003/2024(H5N1)	440	71
PB2|PP755596.1|A/cattle/Texas/24-008749-003/2024(H5N1)	441	71
PB2|PP755596.1|A/cattle/Texas/24-008749-003/2024(H5N1)	442	70
PB2|PP755596.1|A/cattle/Texas/24-008749-003/2024(H5N1)	443	72
PB2|PP755596.1|A/cattle/Texas/24-008749-003/2024(H5N1)	444	69
PB2|PP755596.1|A/cattle/Texas/24-008749-003/2024(H5N1)	445	69
PB2|PP755596.1|A/cattle/Texas/24-008749-003/2024(H5N1)	446	62
PB2|PP755596.1|A/cattle/Texas/24-008749-003/2024(H5N1)	447	63
PB2|PP755596.1|A/cattle/Texas/24-008749-003/2024(H5N1)	448	65
PB2|PP755596.1|A/cattle/Texas/24-008749-003/2024(H5N1)	449	65
PB2|PP755596.1|A/cattle/Texas/24-008749-003/2024(H5N1)	450	65
PB2|PP755596.1|A/cattle/Texas/24-008749-003/2024(H5N1)	451	62
PB2|PP755596.1|A/cattle/Texas/24-008749-003/2024(H5N1)	452	66
PB2|PP755596.1|A/cattle/Texas/24-008749-003/2024(H5N1)	453	66
PB2|PP755596.1|A/cattle/Texas/24-008749-003/2024(H5N1)	454	66
PB2|PP755596.1|A/cattle/Texas/24-008749-003/2024(H5N1)	455	65
PB2|PP755596.1|A/cattle/Texas/24-008749-003/2024(H5N1)	456	67
PB2|PP755596.1|A/cattle/Texas/24-008749-003/2024(H5N1)	457	66
PB2|PP755596.1|A/cattle/Texas/24-008749-003/2024(H5N1)	458	66
PB2|PP755596.1|A/cattle/Texas/24-008749-003/2024(H5N1)	459	66
PB2|PP755596.1|A/cattle/Texas/24-008749-003/2024(H5N1)	460	66
PB2|PP755596.1|A/cattle/Texas/24-008749-003/2024(H5N1)	461	64
PB2|PP755596.1|A/cattle/Texas/24-008749-003/2024(H5N1)	462	64
PB2|PP755596.1|A/cattle/Texas/24-008749-003/2024(H5N1)	463	62
PB2|PP755596.1|A/cattle/Texas/24-008749-003/2024(H5N1)	464	62
PB2|PP755596.1|A/cattle/Texas/24-008749-003/2024(H5N1)	465	63
PB2|PP755596.1|A/cattle/Texas/24-008749-003/2024(H5N1)	466	63
PB2|PP755596.1|A/cattle/Texas/24-008749-003/2024(H5N1)	467	65
PB2|PP755596.1|A/cattle/Texas/24-008749-003/2024(H5N1)	468	65
PB2|PP755596.1|A/cattle/Texas/24-008749-003/2024(H5N1)	469	66
PB2|PP755596.1|A/cattle/Texas/24-008749-003/2024(H5N1)	470	66
PB2|PP755596.1|A/cattle/Texas/24-008749-003/2024(H5N1)	471	66
PB2|PP755596.1|A/cattle/Texas/24-008749-003/2024(H5N1)	472	66
PB2|PP755596.1|A/cattle/Texas/24-008749-003/2024(H5N1)	473	60
PB2|PP755596.1|A/cattle/Texas/24-008749-003/2024(H5N1)	474	58
PB2|PP755596.1|A/cattle/Texas/24-008749-003/2024(H5N1)	475	61
PB2|PP755596.1|A/cattle/Texas/24-008749-003/2024(H5N1)	476	58
PB2|PP755596.1|A/cattle/Texas/24-008749-003/2024(H5N1)	477	56
PB2|PP755596.1|A/cattle/Texas/24-008749-003/2024(H5N1)	478	56
PB2|PP755596.1|A/cattle/Texas/24-008749-003/2024(H5N1)	479	56
PB2|PP755596.1|A/cattle/Texas/24-008749-003/2024(H5N1)	480	58
PB2|PP755596.1|A/cattle/Texas/24-008749-003/2024(H5N1)	481	58
PB2|PP755596.1|A/cattle/Texas/24-008749-003/2024(H5N1)	482	61
PB2|PP755596.1|A/cattle/Texas/24-008749-003/2024(H5N1)	483	58
PB2|PP755596.1|A/cattle/Texas/24-008749-003/2024(H5N1)	484	58
PB2|PP755596.1|A/cattle/Texas/24-008749-003/2024(H5N1)	485	58
PB2|PP755596.1|A/cattle/Texas/24-008749-003/2024(H5N1)	486	60
PB2|PP755596.1|A/cattle/Texas/24-008749-003/2024(H5N1)	487	62
PB2|PP755596.1|A/cattle/Texas/24-008749-003/2024(H5N1)	488	62
PB2|PP755596.1|A/cattle/Texas/24-008749-003/2024(H5N1)	489	55
PB2|PP755596.1|A/cattle/Texas/24-008749-003/2024(H5N1)	490	55
PB2|PP755596.1|A/cattle/Texas/24-008749-003/2024(H5N1)	491	55
PB2|PP755596.1|A/cattle/Texas/24-008749-003/2024(H5N1)	492	55
PB2|PP755596.1|A/cattle/Texas/24-008749-003/2024(H5N1)	493	55
PB2|PP755596.1|A/cattle/Texas/24-008749-003/2024(H5N1)	494	55
PB2|PP755596.1|A/cattle/Texas/24-008749-003/2024(H5N1)	495	55
PB2|PP755596.1|A/cattle/Texas/24-008749-003/2024(H5N1)	496	55
PB2|PP755596.1|A/cattle/Texas/24-008749-003/2024(H5N1)	497	55
PB2|PP755596.1|A/cattle/Texas/24-008749-003/2024(H5N1)	498	55
PB2|PP755596.1|A/cattle/Texas/24-008749-003/2024(H5N1)	499	55
PB2|PP755596.1|A/cattle/Texas/24-008749-003/2024(H5N1)	500	56
PB2|PP755596.1|A/cattle/Texas/24-008749-003/2024(H5N1)	501	56
PB2|PP755596.1|A/cattle/Texas/24-008749-003/2024(H5N1)	502	54
PB2|PP755596.1|A/cattle/Texas/24-008749-003/2024(H5N1)	503	54
PB2|PP755596.1|A/cattle/Texas/24-008749-003/2024(H5N1)	504	54
PB2|PP755596.1|A/cattle/Texas/24-008749-003/2024(H5N1)	505	54
PB2|PP755596.1|A/cattle/Texas/24-008749-003/2024(H5N1)	506	54
PB2|PP755596.1|A/cattle/Texas/24-008749-003/2024(H5N1)	507	54
PB2|PP755596.1|A/cattle/Texas/24-008749-003/2024(H5N1)	508	54
PB2|PP755596.1|A/cattle/Texas/24-008749-003/2024(H5N1)	509	56
PB2|PP755596.1|A/cattle/Texas/24-008749-003/2024(H5N1)	510	56
PB2|PP755596.1|A/cattle/Texas/24-008749-003/2024(H5N1)	511	56
PB2|PP755596.1|A/cattle/Texas/24-008749-003/2024(H5N1)	512	58
PB2|PP755596.1|A/cattle/Texas/24-008749-003/2024(H5N1)	513	58
PB2|PP755596.1|A/cattle/Texas/24-008749-003/2024(H5N1)	514	58
PB2|PP755596.1|A/cattle/Texas/24-008749-003/2024(H5N1)	515	58
PB2|PP755596.1|A/cattle/Texas/24-008749-003/2024(H5N1)	516	58
PB2|PP755596.1|A/cattle/Texas/24-008749-003/2024(H5N1)	517	58
PB2|PP755596.1|A/cattle/Texas/24-008749-003/2024(H5N1)	518	58
PB2|PP755596.1|A/cattle/Texas/24-008749-003/2024(H5N1)	519	58
PB2|PP755596.1|A/cattle/Texas/24-008749-003/2024(H5N1)	520	58
PB2|PP755596.1|A/cattle/Texas/24-008749-003/2024(H5N1)	521	59
PB2|PP755596.1|A/cattle/Texas/24-008749-003/2024(H5N1)	522	61
PB2|PP755596.1|A/cattle/Texas/24-008749-003/2024(H5N1)	523	63
PB2|PP755596.1|A/cattle/Texas/24-008749-003/2024(H5N1)	524	63
PB2|PP755596.1|A/cattle/Texas/24-008749-003/2024(H5N1)	525	63
PB2|PP755596.1|A/cattle/Texas/24-008749-003/2024(H5N1)	526	64
PB2|PP755596.1|A/cattle/Texas/24-008749-003/2024(H5N1)	527	64
PB2|PP755596.1|A/cattle/Texas/24-008749-003/2024(H5N1)	528	63
PB2|PP755596.1|A/cattle/Texas/24-008749-003/2024(H5N1)	529	63
PB2|PP755596.1|A/cattle/Texas/24-008749-003/2024(H5N1)	530	63
PB2|PP755596.1|A/cattle/Texas/24-008749-003/2024(H5N1)	531	63
PB2|PP755596.1|A/cattle/Texas/24-008749-003/2024(H5N1)	532	63
PB2|PP755596.1|A/cattle/Texas/24-008749-003/2024(H5N1)	533	62
PB2|PP755596.1|A/cattle/Texas/24-008749-003/2024(H5N1)	534	62
PB2|PP755596.1|A/cattle/Texas/24-008749-003/2024(H5N1)	535	62
PB2|PP755596.1|A/cattle/Texas/24-008749-003/2024(H5N1)	536	63
PB2|PP755596.1|A/cattle/Texas/24-008749-003/2024(H5N1)	537	63
PB2|PP755596.1|A/cattle/Texas/24-008749-003/2024(H5N1)	538	66
PB2|PP755596.1|A/cattle/Texas/24-008749-003/2024(H5N1)	539	66
PB2|PP755596.1|A/cattle/Texas/24-008749-003/2024(H5N1)	540	66
PB2|PP755596.1|A/cattle/Texas/24-008749-003/2024(H5N1)	541	67
PB2|PP755596.1|A/cattle/Texas/24-008749-003/2024(H5N1)	542	62
PB2|PP755596.1|A/cattle/Texas/24-008749-003/2024(H5N1)	543	62
PB2|PP755596.1|A/cattle/Texas/24-008749-003/2024(H5N1)	544	67
PB2|PP755596.1|A/cattle/Texas/24-008749-003/2024(H5N1)	545	65
PB2|PP755596.1|A/cattle/Texas/24-008749-003/2024(H5N1)	546	66
PB2|PP755596.1|A/cattle/Texas/24-008749-003/2024(H5N1)	547	66
PB2|PP755596.1|A/cattle/Texas/24-008749-003/2024(H5N1)	548	63
PB2|PP755596.1|A/cattle/Texas/24-008749-003/2024(H5N1)	549	65
PB2|PP755596.1|A/cattle/Texas/24-008749-003/2024(H5N1)	550	65
PB2|PP755596.1|A/cattle/Texas/24-008749-003/2024(H5N1)	551	65
PB2|PP755596.1|A/cattle/Texas/24-008749-003/2024(H5N1)	552	65
PB2|PP755596.1|A/cattle/Texas/24-008749-003/2024(H5N1)	553	61
PB2|PP755596.1|A/cattle/Texas/24-008749-003/2024(H5N1)	554	63
PB2|PP755596.1|A/cattle/Texas/24-008749-003/2024(H5N1)	555	63
PB2|PP755596.1|A/cattle/Texas/24-008749-003/2024(H5N1)	556	63
PB2|PP755596.1|A/cattle/Texas/24-008749-003/2024(H5N1)	557	63
PB2|PP755596.1|A/cattle/Texas/24-008749-003/2024(H5N1)	558	59
PB2|PP755596.1|A/cattle/Texas/24-008749-003/2024(H5N1)	559	59
PB2|PP755596.1|A/cattle/Texas/24-008749-003/2024(H5N1)	560	59
PB2|PP755596.1|A/cattle/Texas/24-008749-003/2024(H5N1)	561	59
PB2|PP755596.1|A/cattle/Texas/24-008749-003/2024(H5N1)	562	59
PB2|PP755596.1|A/cattle/Texas/24-008749-003/2024(H5N1)	563	59
PB2|PP755596.1|A/cattle/Texas/24-008749-003/2024(H5N1)	564	59
PB2|PP755596.1|A/cattle/Texas/24-008749-003/2024(H5N1)	565	59
PB2|PP755596.1|A/cattle/Texas/24-008749-003/2024(H5N1)	566	59
PB2|PP755596.1|A/cattle/Texas/24-008749-003/2024(H5N1)	567	60
PB2|PP755596.1|A/cattle/Texas/24-008749-003/2024(H5N1)	568	61
PB2|PP755596.1|A/cattle/Texas/24-008749-003/2024(H5N1)	569	61
PB2|PP755596.1|A/cattle/Texas/24-008749-003/2024(H5N1)	570	60
PB2|PP755596.1|A/cattle/Texas/24-008749-003/2024(H5N1)	571	60
PB2|PP755596.1|A/cattle/Texas/24-008749-003/2024(H5N1)	572	60
PB2|PP755596.1|A/cattle/Texas/24-008749-003/2024(H5N1)	573	60
PB2|PP755596.1|A/cattle/Texas/24-008749-003/2024(H5N1)	574	60
PB2|PP755596.1|A/cattle/Texas/24-008749-003/2024(H5N1)	575	60
PB2|PP755596.1|A/cattle/Texas/24-008749-003/2024(H5N1)	576	59
PB2|PP755596.1|A/cattle/Texas/24-008749-003/2024(H5N1)	577	70
PB2|PP755596.1|A/cattle/Texas/24-008749-003/2024(H5N1)	578	70
PB2|PP755596.1|A/cattle/Texas/24-008749-003/2024(H5N1)	579	70
PB2|PP755596.1|A/cattle/Texas/24-008749-003/2024(H5N1)	580	70
PB2|PP755596.1|A/cattle/Texas/24-008749-003/2024(H5N1)	581	70
PB2|PP755596.1|A/cattle/Texas/24-008749-003/2024(H5N1)	582	70
PB2|PP755596.1|A/cattle/Texas/24-008749-003/2024(H5N1)	583	71
PB2|PP755596.1|A/cattle/Texas/24-008749-003/2024(H5N1)	584	72
PB2|PP755596.1|A/cattle/Texas/24-008749-003/2024(H5N1)	585	68
PB2|PP755596.1|A/cattle/Texas/24-008749-003/2024(H5N1)	586	64
PB2|PP755596.1|A/cattle/Texas/24-008749-003/2024(H5N1)	587	65
PB2|PP755596.1|A/cattle/Texas/24-008749-003/2024(H5N1)	588	67
PB2|PP755596.1|A/cattle/Texas/24-008749-003/2024(H5N1)	589	67
PB2|PP755596.1|A/cattle/Texas/24-008749-003/2024(H5N1)	590	67
PB2|PP755596.1|A/cattle/Texas/24-008749-003/2024(H5N1)	591	67
PB2|PP755596.1|A/cattle/Texas/24-008749-003/2024(H5N1)	592	68
PB2|PP755596.1|A/cattle/Texas/24-008749-003/2024(H5N1)	593	68
PB2|PP755596.1|A/cattle/Texas/24-008749-003/2024(H5N1)	594	67
PB2|PP755596.1|A/cattle/Texas/24-008749-003/2024(H5N1)	595	67
PB2|PP755596.1|A/cattle/Texas/24-008749-003/2024(H5N1)	596	67
PB2|PP755596.1|A/cattle/Texas/24-008749-003/2024(H5N1)	597	66
PB2|PP755596.1|A/cattle/Texas/24-008749-003/2024(H5N1)	598	70
PB2|PP755596.1|A/cattle/Texas/24-008749-003/2024(H5N1)	599	71
PB2|PP755596.1|A/cattle/Texas/24-008749-003/2024(H5N1)	600	71
PB2|PP755596.1|A/cattle/Texas/24-008749-003/2024(H5N1)	601	69
PB2|PP755596.1|A/cattle/Texas/24-008749-003/2024(H5N1)	602	69
PB2|PP755596.1|A/cattle/Texas/24-008749-003/2024(H5N1)	603	69
PB2|PP755596.1|A/cattle/Texas/24-008749-003/2024(H5N1)	604	69
PB2|PP755596.1|A/cattle/Texas/24-008749-003/2024(H5N1)	605	71
PB2|PP755596.1|A/cattle/Texas/24-008749-003/2024(H5N1)	606	72
PB2|PP755596.1|A/cattle/Texas/24-008749-003/2024(H5N1)	607	74
PB2|PP755596.1|A/cattle/Texas/24-008749-003/2024(H5N1)	608	73
PB2|PP755596.1|A/cattle/Texas/24-008749-003/2024(H5N1)	609	73
PB2|PP755596.1|A/cattle/Texas/24-008749-003/2024(H5N1)	610	73
PB2|PP755596.1|A/cattle/Texas/24-008749-003/2024(H5N1)	611	73
PB2|PP755596.1|A/cattle/Texas/24-008749-003/2024(H5N1)	612	74
PB2|PP755596.1|A/cattle/Texas/24-008749-003/2024(H5N1)	613	74
PB2|PP755596.1|A/cattle/Texas/24-008749-003/2024(H5N1)	614	74
PB2|PP755596.1|A/cattle/Texas/24-008749-003/2024(H5N1)	615	74
PB2|PP755596.1|A/cattle/Texas/24-008749-003/2024(H5N1)	616	72
PB2|PP755596.1|A/cattle/Texas/24-008749-003/2024(H5N1)	617	70
PB2|PP755596.1|A/cattle/Texas/24-008749-003/2024(H5N1)	618	78
PB2|PP755596.1|A/cattle/Texas/24-008749-003/2024(H5N1)	619	80
PB2|PP755596.1|A/cattle/Texas/24-008749-003/2024(H5N1)	620	79
PB2|PP755596.1|A/cattle/Texas/24-008749-003/2024(H5N1)	621	79
PB2|PP755596.1|A/cattle/Texas/24-008749-003/2024(H5N1)	622	79
PB2|PP755596.1|A/cattle/Texas/24-008749-003/2024(H5N1)	623	81
PB2|PP755596.1|A/cattle/Texas/24-008749-003/2024(H5N1)	624	81
PB2|PP755596.1|A/cattle/Texas/24-008749-003/2024(H5N1)	625	81
PB2|PP755596.1|A/cattle/Texas/24-008749-003/2024(H5N1)	626	80
PB2|PP755596.1|A/cattle/Texas/24-008749-003/2024(H5N1)	627	80
PB2|PP755596.1|A/cattle/Texas/24-008749-003/2024(H5N1)	628	81
PB2|PP755596.1|A/cattle/Texas/24-008749-003/2024(H5N1)	629	82
PB2|PP755596.1|A/cattle/Texas/24-008749-003/2024(H5N1)	630	77
PB2|PP755596.1|A/cattle/Texas/24-008749-003/2024(H5N1)	631	76
PB2|PP755596.1|A/cattle/Texas/24-008749-003/2024(H5N1)	632	73
PB2|PP755596.1|A/cattle/Texas/24-008749-003/2024(H5N1)	633	75
PB2|PP755596.1|A/cattle/Texas/24-008749-003/2024(H5N1)	634	75
PB2|PP755596.1|A/cattle/Texas/24-008749-003/2024(H5N1)	635	73
PB2|PP755596.1|A/cattle/Texas/24-008749-003/2024(H5N1)	636	74
PB2|PP755596.1|A/cattle/Texas/24-008749-003/2024(H5N1)	637	71
PB2|PP755596.1|A/cattle/Texas/24-008749-003/2024(H5N1)	638	71
PB2|PP755596.1|A/cattle/Texas/24-008749-003/2024(H5N1)	639	71
PB2|PP755596.1|A/cattle/Texas/24-008749-003/2024(H5N1)	640	71
PB2|PP755596.1|A/cattle/Texas/24-008749-003/2024(H5N1)	641	71
PB2|PP755596.1|A/cattle/Texas/24-008749-003/2024(H5N1)	642	71
PB2|PP755596.1|A/cattle/Texas/24-008749-003/2024(H5N1)	643	71
PB2|PP755596.1|A/cattle/Texas/24-008749-003/2024(H5N1)	644	71
PB2|PP755596.1|A/cattle/Texas/24-008749-003/2024(H5N1)	645	71
PB2|PP755596.1|A/cattle/Texas/24-008749-003/2024(H5N1)	646	71
PB2|PP755596.1|A/cattle/Texas/24-008749-003/2024(H5N1)	647	72
PB2|PP755596.1|A/cattle/Texas/24-008749-003/2024(H5N1)	648	73
PB2|PP755596.1|A/cattle/Texas/24-008749-003/2024(H5N1)	649	73
PB2|PP755596.1|A/cattle/Texas/24-008749-003/2024(H5N1)	650	70
PB2|PP755596.1|A/cattle/Texas/24-008749-003/2024(H5N1)	651	74
PB2|PP755596.1|A/cattle/Texas/24-008749-003/2024(H5N1)	652	74
PB2|PP755596.1|A/cattle/Texas/24-008749-003/2024(H5N1)	653	74
PB2|PP755596.1|A/cattle/Texas/24-008749-003/2024(H5N1)	654	74
PB2|PP755596.1|A/cattle/Texas/24-008749-003/2024(H5N1)	655	74
PB2|PP755596.1|A/cattle/Texas/24-008749-003/2024(H5N1)	656	74
PB2|PP755596.1|A/cattle/Texas/24-008749-003/2024(H5N1)	657	74
PB2|PP755596.1|A/cattle/Texas/24-008749-003/2024(H5N1)	658	76
PB2|PP755596.1|A/cattle/Texas/24-008749-003/2024(H5N1)	659	76
PB2|PP755596.1|A/cattle/Texas/24-008749-003/2024(H5N1)	660	74
PB2|PP755596.1|A/cattle/Texas/24-008749-003/2024(H5N1)	661	74
PB2|PP755596.1|A/cattle/Texas/24-008749-003/2024(H5N1)	662	74
PB2|PP755596.1|A/cattle/Texas/24-008749-003/2024(H5N1)	663	74
PB2|PP755596.1|A/cattle/Texas/24-008749-003/2024(H5N1)	664	74
PB2|PP755596.1|A/cattle/Texas/24-008749-003/2024(H5N1)	665	74
PB2|PP755596.1|A/cattle/Texas/24-008749-003/2024(H5N1)	666	74
PB2|PP755596.1|A/cattle/Texas/24-008749-003/2024(H5N1)	667	74
PB2|PP755596.1|A/cattle/Texas/24-008749-003/2024(H5N1)	668	75
PB2|PP755596.1|A/cattle/Texas/24-008749-003/2024(H5N1)	669	78
PB2|PP755596.1|A/cattle/Texas/24-008749-003/2024(H5N1)	670	78
PB2|PP755596.1|A/cattle/Texas/24-008749-003/2024(H5N1)	671	80
PB2|PP755596.1|A/cattle/Texas/24-008749-003/2024(H5N1)	672	80
PB2|PP755596.1|A/cattle/Texas/24-008749-003/2024(H5N1)	673	79
PB2|PP755596.1|A/cattle/Texas/24-008749-003/2024(H5N1)	674	78
PB2|PP755596.1|A/cattle/Texas/24-008749-003/2024(H5N1)	675	78
PB2|PP755596.1|A/cattle/Texas/24-008749-003/2024(H5N1)	676	78
PB2|PP755596.1|A/cattle/Texas/24-008749-003/2024(H5N1)	677	83
PB2|PP755596.1|A/cattle/Texas/24-008749-003/2024(H5N1)	678	86
PB2|PP755596.1|A/cattle/Texas/24-008749-003/2024(H5N1)	679	88
PB2|PP755596.1|A/cattle/Texas/24-008749-003/2024(H5N1)	680	89
PB2|PP755596.1|A/cattle/Texas/24-008749-003/2024(H5N1)	681	89
PB2|PP755596.1|A/cattle/Texas/24-008749-003/2024(H5N1)	682	89
PB2|PP755596.1|A/cattle/Texas/24-008749-003/2024(H5N1)	683	95
PB2|PP755596.1|A/cattle/Texas/24-008749-003/2024(H5N1)	684	96
PB2|PP755596.1|A/cattle/Texas/24-008749-003/2024(H5N1)	685	96
PB2|PP755596.1|A/cattle/Texas/24-008749-003/2024(H5N1)	686	94
PB2|PP755596.1|A/cattle/Texas/24-008749-003/2024(H5N1)	687	93
PB2|PP755596.1|A/cattle/Texas/24-008749-003/2024(H5N1)	688	88
PB2|PP755596.1|A/cattle/Texas/24-008749-003/2024(H5N1)	689	86
PB2|PP755596.1|A/cattle/Texas/24-008749-003/2024(H5N1)	690	87
PB2|PP755596.1|A/cattle/Texas/24-008749-003/2024(H5N1)	691	85
PB2|PP755596.1|A/cattle/Texas/24-008749-003/2024(H5N1)	692	84
PB2|PP755596.1|A/cattle/Texas/24-008749-003/2024(H5N1)	693	82
PB2|PP755596.1|A/cattle/Texas/24-008749-003/2024(H5N1)	694	82
PB2|PP755596.1|A/cattle/Texas/24-008749-003/2024(H5N1)	695	82
PB2|PP755596.1|A/cattle/Texas/24-008749-003/2024(H5N1)	696	82
PB2|PP755596.1|A/cattle/Texas/24-008749-003/2024(H5N1)	697	88
PB2|PP755596.1|A/cattle/Texas/24-008749-003/2024(H5N1)	698	89
PB2|PP755596.1|A/cattle/Texas/24-008749-003/2024(H5N1)	699	89
PB2|PP755596.1|A/cattle/Texas/24-008749-003/2024(H5N1)	700	85
PB2|PP755596.1|A/cattle/Texas/24-008749-003/2024(H5N1)	701	85
PB2|PP755596.1|A/cattle/Texas/24-008749-003/2024(H5N1)	702	85
PB2|PP755596.1|A/cattle/Texas/24-008749-003/2024(H5N1)	703	85
PB2|PP755596.1|A/cattle/Texas/24-008749-003/2024(H5N1)	704	84
PB2|PP755596.1|A/cattle/Texas/24-008749-003/2024(H5N1)	705	83
PB2|PP755596.1|A/cattle/Texas/24-008749-003/2024(H5N1)	706	83
PB2|PP755596.1|A/cattle/Texas/24-008749-003/2024(H5N1)	707	83
PB2|PP755596.1|A/cattle/Texas/24-008749-003/2024(H5N1)	708	86
PB2|PP755596.1|A/cattle/Texas/24-008749-003/2024(H5N1)	709	87
PB2|PP755596.1|A/cattle/Texas/24-008749-003/2024(H5N1)	710	87
PB2|PP755596.1|A/cattle/Texas/24-008749-003/2024(H5N1)	711	87
PB2|PP755596.1|A/cattle/Texas/24-008749-003/2024(H5N1)	712	87
PB2|PP755596.1|A/cattle/Texas/24-008749-003/2024(H5N1)	713	90
PB2|PP755596.1|A/cattle/Texas/24-008749-003/2024(H5N1)	714	90
PB2|PP755596.1|A/cattle/Texas/24-008749-003/2024(H5N1)	715	90
PB2|PP755596.1|A/cattle/Texas/24-008749-003/2024(H5N1)	716	92
PB2|PP755596.1|A/cattle/Texas/24-008749-003/2024(H5N1)	717	91
PB2|PP755596.1|A/cattle/Texas/24-008749-003/2024(H5N1)	718	88
PB2|PP755596.1|A/cattle/Texas/24-008749-003/2024(H5N1)	719	88
PB2|PP755596.1|A/cattle/Texas/24-008749-003/2024(H5N1)	720	88
PB2|PP755596.1|A/cattle/Texas/24-008749-003/2024(H5N1)	721	91
PB2|PP755596.1|A/cattle/Texas/24-008749-003/2024(H5N1)	722	89
PB2|PP755596.1|A/cattle/Texas/24-008749-003/2024(H5N1)	723	89
PB2|PP755596.1|A/cattle/Texas/24-008749-003/2024(H5N1)	724	89
PB2|PP755596.1|A/cattle/Texas/24-008749-003/2024(H5N1)	725	90
PB2|PP755596.1|A/cattle/Texas/24-008749-003/2024(H5N1)	726	95
PB2|PP755596.1|A/cattle/Texas/24-008749-003/2024(H5N1)	727	95
PB2|PP755596.1|A/cattle/Texas/24-008749-003/2024(H5N1)	728	97
PB2|PP755596.1|A/cattle/Texas/24-008749-003/2024(H5N1)	729	99
PB2|PP755596.1|A/cattle/Texas/24-008749-003/2024(H5N1)	730	99
PB2|PP755596.1|A/cattle/Texas/24-008749-003/2024(H5N1)	731	99
PB2|PP755596.1|A/cattle/Texas/24-008749-003/2024(H5N1)	732	99
PB2|PP755596.1|A/cattle/Texas/24-008749-003/2024(H5N1)	733	98
PB2|PP755596.1|A/cattle/Texas/24-008749-003/2024(H5N1)	734	99
PB2|PP755596.1|A/cattle/Texas/24-008749-003/2024(H5N1)	735	96
PB2|PP755596.1|A/cattle/Texas/24-008749-003/2024(H5N1)	736	95
PB2|PP755596.1|A/cattle/Texas/24-008749-003/2024(H5N1)	737	94
PB2|PP755596.1|A/cattle/Texas/24-008749-003/2024(H5N1)	738	92
PB2|PP755596.1|A/cattle/Texas/24-008749-003/2024(H5N1)	739	92
PB2|PP755596.1|A/cattle/Texas/24-008749-003/2024(H5N1)	740	94
PB2|PP755596.1|A/cattle/Texas/24-008749-003/2024(H5N1)	741	96
PB2|PP755596.1|A/cattle/Texas/24-008749-003/2024(H5N1)	742	100
PB2|PP755596.1|A/cattle/Texas/24-008749-003/2024(H5N1)	743	100
PB2|PP755596.1|A/cattle/Texas/24-008749-003/2024(H5N1)	744	100
PB2|PP755596.1|A/cattle/Texas/24-008749-003/2024(H5N1)	745	99
PB2|PP755596.1|A/cattle/Texas/24-008749-003/2024(H5N1)	746	99
PB2|PP755596.1|A/cattle/Texas/24-008749-003/2024(H5N1)	747	99
PB2|PP755596.1|A/cattle/Texas/24-008749-003/2024(H5N1)	748	99
PB2|PP755596.1|A/cattle/Texas/24-008749-003/2024(H5N1)	749	96
PB2|PP755596.1|A/cattle/Texas/24-008749-003/2024(H5N1)	750	95
PB2|PP755596.1|A/cattle/Texas/24-008749-003/2024(H5N1)	751	95
PB2|PP755596.1|A/cattle/Texas/24-008749-003/2024(H5N1)	752	94
PB2|PP755596.1|A/cattle/Texas/24-008749-003/2024(H5N1)	753	94
PB2|PP755596.1|A/cattle/Texas/24-008749-003/2024(H5N1)	754	94
PB2|PP755596.1|A/cattle/Texas/24-008749-003/2024(H5N1)	755	95
PB2|PP755596.1|A/cattle/Texas/24-008749-003/2024(H5N1)	756	98
PB2|PP755596.1|A/cattle/Texas/24-008749-003/2024(H5N1)	757	97
PB2|PP755596.1|A/cattle/Texas/24-008749-003/2024(H5N1)	758	94
PB2|PP755596.1|A/cattle/Texas/24-008749-003/2024(H5N1)	759	94
PB2|PP755596.1|A/cattle/Texas/24-008749-003/2024(H5N1)	760	94
PB2|PP755596.1|A/cattle/Texas/24-008749-003/2024(H5N1)	761	97
PB2|PP755596.1|A/cattle/Texas/24-008749-003/2024(H5N1)	762	97
PB2|PP755596.1|A/cattle/Texas/24-008749-003/2024(H5N1)	763	96
PB2|PP755596.1|A/cattle/Texas/24-008749-003/2024(H5N1)	764	96
PB2|PP755596.1|A/cattle/Texas/24-008749-003/2024(H5N1)	765	96
PB2|PP755596.1|A/cattle/Texas/24-008749-003/2024(H5N1)	766	100
PB2|PP755596.1|A/cattle/Texas/24-008749-003/2024(H5N1)	767	101
PB2|PP755596.1|A/cattle/Texas/24-008749-003/2024(H5N1)	768	102
PB2|PP755596.1|A/cattle/Texas/24-008749-003/2024(H5N1)	769	102
PB2|PP755596.1|A/cattle/Texas/24-008749-003/2024(H5N1)	770	94
PB2|PP755596.1|A/cattle/Texas/24-008749-003/2024(H5N1)	771	94
PB2|PP755596.1|A/cattle/Texas/24-008749-003/2024(H5N1)	772	92
PB2|PP755596.1|A/cattle/Texas/24-008749-003/2024(H5N1)	773	92
PB2|PP755596.1|A/cattle/Texas/24-008749-003/2024(H5N1)	774	92
PB2|PP755596.1|A/cattle/Texas/24-008749-003/2024(H5N1)	775	88
PB2|PP755596.1|A/cattle/Texas/24-008749-003/2024(H5N1)	776	88
PB2|PP755596.1|A/cattle/Texas/24-008749-003/2024(H5N1)	777	90
PB2|PP755596.1|A/cattle/Texas/24-008749-003/2024(H5N1)	778	96
PB2|PP755596.1|A/cattle/Texas/24-008749-003/2024(H5N1)	779	95
PB2|PP755596.1|A/cattle/Texas/24-008749-003/2024(H5N1)	780	94
PB2|PP755596.1|A/cattle/Texas/24-008749-003/2024(H5N1)	781	94
PB2|PP755596.1|A/cattle/Texas/24-008749-003/2024(H5N1)	782	93
PB2|PP755596.1|A/cattle/Texas/24-008749-003/2024(H5N1)	783	94
PB2|PP755596.1|A/cattle/Texas/24-008749-003/2024(H5N1)	784	94
PB2|PP755596.1|A/cattle/Texas/24-008749-003/2024(H5N1)	785	93
PB2|PP755596.1|A/cattle/Texas/24-008749-003/2024(H5N1)	786	93
PB2|PP755596.1|A/cattle/Texas/24-008749-003/2024(H5N1)	787	93
PB2|PP755596.1|A/cattle/Texas/24-008749-003/2024(H5N1)	788	94
PB2|PP755596.1|A/cattle/Texas/24-008749-003/2024(H5N1)	789	96
PB2|PP755596.1|A/cattle/Texas/24-008749-003/2024(H5N1)	790	96
PB2|PP755596.1|A/cattle/Texas/24-008749-003/2024(H5N1)	791	96
PB2|PP755596.1|A/cattle/Texas/24-008749-003/2024(H5N1)	792	96
PB2|PP755596.1|A/cattle/Texas/24-008749-003/2024(H5N1)	793	96
PB2|PP755596.1|A/cattle/Texas/24-008749-003/2024(H5N1)	794	98
PB2|PP755596.1|A/cattle/Texas/24-008749-003/2024(H5N1)	795	98
PB2|PP755596.1|A/cattle/Texas/24-008749-003/2024(H5N1)	796	99
PB2|PP755596.1|A/cattle/Texas/24-008749-003/2024(H5N1)	797	99
PB2|PP755596.1|A/cattle/Texas/24-008749-003/2024(H5N1)	798	97
PB2|PP755596.1|A/cattle/Texas/24-008749-003/2024(H5N1)	799	97
PB2|PP755596.1|A/cattle/Texas/24-008749-003/2024(H5N1)	800	95
PB2|PP755596.1|A/cattle/Texas/24-008749-003/2024(H5N1)	801	93
PB2|PP755596.1|A/cattle/Texas/24-008749-003/2024(H5N1)	802	93
PB2|PP755596.1|A/cattle/Texas/24-008749-003/2024(H5N1)	803	93
PB2|PP755596.1|A/cattle/Texas/24-008749-003/2024(H5N1)	804	95
PB2|PP755596.1|A/cattle/Texas/24-008749-003/2024(H5N1)	805	95
PB2|PP755596.1|A/cattle/Texas/24-008749-003/2024(H5N1)	806	98
PB2|PP755596.1|A/cattle/Texas/24-008749-003/2024(H5N1)	807	98
PB2|PP755596.1|A/cattle/Texas/24-008749-003/2024(H5N1)	808	100
PB2|PP755596.1|A/cattle/Texas/24-008749-003/2024(H5N1)	809	100
PB2|PP755596.1|A/cattle/Texas/24-008749-003/2024(H5N1)	810	100
PB2|PP755596.1|A/cattle/Texas/24-008749-003/2024(H5N1)	811	100
PB2|PP755596.1|A/cattle/Texas/24-008749-003/2024(H5N1)	812	100
PB2|PP755596.1|A/cattle/Texas/24-008749-003/2024(H5N1)	813	100
PB2|PP755596.1|A/cattle/Texas/24-008749-003/2024(H5N1)	814	106
PB2|PP755596.1|A/cattle/Texas/24-008749-003/2024(H5N1)	815	107
PB2|PP755596.1|A/cattle/Texas/24-008749-003/2024(H5N1)	816	110
PB2|PP755596.1|A/cattle/Texas/24-008749-003/2024(H5N1)	817	109
PB2|PP755596.1|A/cattle/Texas/24-008749-003/2024(H5N1)	818	111
PB2|PP755596.1|A/cattle/Texas/24-008749-003/2024(H5N1)	819	111
PB2|PP755596.1|A/cattle/Texas/24-008749-003/2024(H5N1)	820	110
PB2|PP755596.1|A/cattle/Texas/24-008749-003/2024(H5N1)	821	110
PB2|PP755596.1|A/cattle/Texas/24-008749-003/2024(H5N1)	822	106
PB2|PP755596.1|A/cattle/Texas/24-008749-003/2024(H5N1)	823	106
PB2|PP755596.1|A/cattle/Texas/24-008749-003/2024(H5N1)	824	106
PB2|PP755596.1|A/cattle/Texas/24-008749-003/2024(H5N1)	825	111
PB2|PP755596.1|A/cattle/Texas/24-008749-003/2024(H5N1)	826	111
PB2|PP755596.1|A/cattle/Texas/24-008749-003/2024(H5N1)	827	104
PB2|PP755596.1|A/cattle/Texas/24-008749-003/2024(H5N1)	828	104
PB2|PP755596.1|A/cattle/Texas/24-008749-003/2024(H5N1)	829	107
PB2|PP755596.1|A/cattle/Texas/24-008749-003/2024(H5N1)	830	105
PB2|PP755596.1|A/cattle/Texas/24-008749-003/2024(H5N1)	831	105
PB2|PP755596.1|A/cattle/Texas/24-008749-003/2024(H5N1)	832	105
PB2|PP755596.1|A/cattle/Texas/24-008749-003/2024(H5N1)	833	101
PB2|PP755596.1|A/cattle/Texas/24-008749-003/2024(H5N1)	834	99
PB2|PP755596.1|A/cattle/Texas/24-008749-003/2024(H5N1)	835	98
PB2|PP755596.1|A/cattle/Texas/24-008749-003/2024(H5N1)	836	98
PB2|PP755596.1|A/cattle/Texas/24-008749-003/2024(H5N1)	837	98
PB2|PP755596.1|A/cattle/Texas/24-008749-003/2024(H5N1)	838	104
PB2|PP755596.1|A/cattle/Texas/24-008749-003/2024(H5N1)	839	104
PB2|PP755596.1|A/cattle/Texas/24-008749-003/2024(H5N1)	840	104
PB2|PP755596.1|A/cattle/Texas/24-008749-003/2024(H5N1)	841	103
PB2|PP755596.1|A/cattle/Texas/24-008749-003/2024(H5N1)	842	103
PB2|PP755596.1|A/cattle/Texas/24-008749-003/2024(H5N1)	843	103
PB2|PP755596.1|A/cattle/Texas/24-008749-003/2024(H5N1)	844	103
PB2|PP755596.1|A/cattle/Texas/24-008749-003/2024(H5N1)	845	105
PB2|PP755596.1|A/cattle/Texas/24-008749-003/2024(H5N1)	846	105
PB2|PP755596.1|A/cattle/Texas/24-008749-003/2024(H5N1)	847	92
PB2|PP755596.1|A/cattle/Texas/24-008749-003/2024(H5N1)	848	89
PB2|PP755596.1|A/cattle/Texas/24-008749-003/2024(H5N1)	849	91
PB2|PP755596.1|A/cattle/Texas/24-008749-003/2024(H5N1)	850	93
PB2|PP755596.1|A/cattle/Texas/24-008749-003/2024(H5N1)	851	93
PB2|PP755596.1|A/cattle/Texas/24-008749-003/2024(H5N1)	852	93
PB2|PP755596.1|A/cattle/Texas/24-008749-003/2024(H5N1)	853	93
PB2|PP755596.1|A/cattle/Texas/24-008749-003/2024(H5N1)	854	93
PB2|PP755596.1|A/cattle/Texas/24-008749-003/2024(H5N1)	855	93
PB2|PP755596.1|A/cattle/Texas/24-008749-003/2024(H5N1)	856	93
PB2|PP755596.1|A/cattle/Texas/24-008749-003/2024(H5N1)	857	94
PB2|PP755596.1|A/cattle/Texas/24-008749-003/2024(H5N1)	858	90
PB2|PP755596.1|A/cattle/Texas/24-008749-003/2024(H5N1)	859	91
PB2|PP755596.1|A/cattle/Texas/24-008749-003/2024(H5N1)	860	92
PB2|PP755596.1|A/cattle/Texas/24-008749-003/2024(H5N1)	861	92
PB2|PP755596.1|A/cattle/Texas/24-008749-003/2024(H5N1)	862	92
PB2|PP755596.1|A/cattle/Texas/24-008749-003/2024(H5N1)	863	92
PB2|PP755596.1|A/cattle/Texas/24-008749-003/2024(H5N1)	864	91
PB2|PP755596.1|A/cattle/Texas/24-008749-003/2024(H5N1)	865	91
PB2|PP755596.1|A/cattle/Texas/24-008749-003/2024(H5N1)	866	91
PB2|PP755596.1|A/cattle/Texas/24-008749-003/2024(H5N1)	867	91
PB2|PP755596.1|A/cattle/Texas/24-008749-003/2024(H5N1)	868	91
PB2|PP755596.1|A/cattle/Texas/24-008749-003/2024(H5N1)	869	91
PB2|PP755596.1|A/cattle/Texas/24-008749-003/2024(H5N1)	870	91
PB2|PP755596.1|A/cattle/Texas/24-008749-003/2024(H5N1)	871	92
PB2|PP755596.1|A/cattle/Texas/24-008749-003/2024(H5N1)	872	94
PB2|PP755596.1|A/cattle/Texas/24-008749-003/2024(H5N1)	873	94
PB2|PP755596.1|A/cattle/Texas/24-008749-003/2024(H5N1)	874	94
PB2|PP755596.1|A/cattle/Texas/24-008749-003/2024(H5N1)	875	94
PB2|PP755596.1|A/cattle/Texas/24-008749-003/2024(H5N1)	876	93
PB2|PP755596.1|A/cattle/Texas/24-008749-003/2024(H5N1)	877	92
PB2|PP755596.1|A/cattle/Texas/24-008749-003/2024(H5N1)	878	98
PB2|PP755596.1|A/cattle/Texas/24-008749-003/2024(H5N1)	879	99
PB2|PP755596.1|A/cattle/Texas/24-008749-003/2024(H5N1)	880	99
PB2|PP755596.1|A/cattle/Texas/24-008749-003/2024(H5N1)	881	95
PB2|PP755596.1|A/cattle/Texas/24-008749-003/2024(H5N1)	882	95
PB2|PP755596.1|A/cattle/Texas/24-008749-003/2024(H5N1)	883	95
PB2|PP755596.1|A/cattle/Texas/24-008749-003/2024(H5N1)	884	96
PB2|PP755596.1|A/cattle/Texas/24-008749-003/2024(H5N1)	885	95
PB2|PP755596.1|A/cattle/Texas/24-008749-003/2024(H5N1)	886	95
PB2|PP755596.1|A/cattle/Texas/24-008749-003/2024(H5N1)	887	90
PB2|PP755596.1|A/cattle/Texas/24-008749-003/2024(H5N1)	888	91
PB2|PP755596.1|A/cattle/Texas/24-008749-003/2024(H5N1)	889	87
PB2|PP755596.1|A/cattle/Texas/24-008749-003/2024(H5N1)	890	88
PB2|PP755596.1|A/cattle/Texas/24-008749-003/2024(H5N1)	891	84
PB2|PP755596.1|A/cattle/Texas/24-008749-003/2024(H5N1)	892	84
PB2|PP755596.1|A/cattle/Texas/24-008749-003/2024(H5N1)	893	83
PB2|PP755596.1|A/cattle/Texas/24-008749-003/2024(H5N1)	894	83
PB2|PP755596.1|A/cattle/Texas/24-008749-003/2024(H5N1)	895	83
PB2|PP755596.1|A/cattle/Texas/24-008749-003/2024(H5N1)	896	83
PB2|PP755596.1|A/cattle/Texas/24-008749-003/2024(H5N1)	897	83
PB2|PP755596.1|A/cattle/Texas/24-008749-003/2024(H5N1)	898	83
PB2|PP755596.1|A/cattle/Texas/24-008749-003/2024(H5N1)	899	82
PB2|PP755596.1|A/cattle/Texas/24-008749-003/2024(H5N1)	900	82
PB2|PP755596.1|A/cattle/Texas/24-008749-003/2024(H5N1)	901	82
PB2|PP755596.1|A/cattle/Texas/24-008749-003/2024(H5N1)	902	83
PB2|PP755596.1|A/cattle/Texas/24-008749-003/2024(H5N1)	903	83
PB2|PP755596.1|A/cattle/Texas/24-008749-003/2024(H5N1)	904	83
PB2|PP755596.1|A/cattle/Texas/24-008749-003/2024(H5N1)	905	83
PB2|PP755596.1|A/cattle/Texas/24-008749-003/2024(H5N1)	906	80
PB2|PP755596.1|A/cattle/Texas/24-008749-003/2024(H5N1)	907	80
PB2|PP755596.1|A/cattle/Texas/24-008749-003/2024(H5N1)	908	80
PB2|PP755596.1|A/cattle/Texas/24-008749-003/2024(H5N1)	909	80
PB2|PP755596.1|A/cattle/Texas/24-008749-003/2024(H5N1)	910	80
PB2|PP755596.1|A/cattle/Texas/24-008749-003/2024(H5N1)	911	80
PB2|PP755596.1|A/cattle/Texas/24-008749-003/2024(H5N1)	912	77
PB2|PP755596.1|A/cattle/Texas/24-008749-003/2024(H5N1)	913	78
PB2|PP755596.1|A/cattle/Texas/24-008749-003/2024(H5N1)	914	78
PB2|PP755596.1|A/cattle/Texas/24-008749-003/2024(H5N1)	915	78
PB2|PP755596.1|A/cattle/Texas/24-008749-003/2024(H5N1)	916	77
PB2|PP755596.1|A/cattle/Texas/24-008749-003/2024(H5N1)	917	75
PB2|PP755596.1|A/cattle/Texas/24-008749-003/2024(H5N1)	918	75
PB2|PP755596.1|A/cattle/Texas/24-008749-003/2024(H5N1)	919	76
PB2|PP755596.1|A/cattle/Texas/24-008749-003/2024(H5N1)	920	76
PB2|PP755596.1|A/cattle/Texas/24-008749-003/2024(H5N1)	921	76
PB2|PP755596.1|A/cattle/Texas/24-008749-003/2024(H5N1)	922	77
PB2|PP755596.1|A/cattle/Texas/24-008749-003/2024(H5N1)	923	77
PB2|PP755596.1|A/cattle/Texas/24-008749-003/2024(H5N1)	924	78
PB2|PP755596.1|A/cattle/Texas/24-008749-003/2024(H5N1)	925	84
PB2|PP755596.1|A/cattle/Texas/24-008749-003/2024(H5N1)	926	84
PB2|PP755596.1|A/cattle/Texas/24-008749-003/2024(H5N1)	927	85
PB2|PP755596.1|A/cattle/Texas/24-008749-003/2024(H5N1)	928	76
PB2|PP755596.1|A/cattle/Texas/24-008749-003/2024(H5N1)	929	75
PB2|PP755596.1|A/cattle/Texas/24-008749-003/2024(H5N1)	930	77
PB2|PP755596.1|A/cattle/Texas/24-008749-003/2024(H5N1)	931	77
PB2|PP755596.1|A/cattle/Texas/24-008749-003/2024(H5N1)	932	77
PB2|PP755596.1|A/cattle/Texas/24-008749-003/2024(H5N1)	933	77
PB2|PP755596.1|A/cattle/Texas/24-008749-003/2024(H5N1)	934	78
PB2|PP755596.1|A/cattle/Texas/24-008749-003/2024(H5N1)	935	79
PB2|PP755596.1|A/cattle/Texas/24-008749-003/2024(H5N1)	936	77
PB2|PP755596.1|A/cattle/Texas/24-008749-003/2024(H5N1)	937	79
PB2|PP755596.1|A/cattle/Texas/24-008749-003/2024(H5N1)	938	79
PB2|PP755596.1|A/cattle/Texas/24-008749-003/2024(H5N1)	939	78
PB2|PP755596.1|A/cattle/Texas/24-008749-003/2024(H5N1)	940	76
PB2|PP755596.1|A/cattle/Texas/24-008749-003/2024(H5N1)	941	76
PB2|PP755596.1|A/cattle/Texas/24-008749-003/2024(H5N1)	942	76
PB2|PP755596.1|A/cattle/Texas/24-008749-003/2024(H5N1)	943	76
PB2|PP755596.1|A/cattle/Texas/24-008749-003/2024(H5N1)	944	76
PB2|PP755596.1|A/cattle/Texas/24-008749-003/2024(H5N1)	945	79
PB2|PP755596.1|A/cattle/Texas/24-008749-003/2024(H5N1)	946	77
PB2|PP755596.1|A/cattle/Texas/24-008749-003/2024(H5N1)	947	76
PB2|PP755596.1|A/cattle/Texas/24-008749-003/2024(H5N1)	948	76
PB2|PP755596.1|A/cattle/Texas/24-008749-003/2024(H5N1)	949	75
PB2|PP755596.1|A/cattle/Texas/24-008749-003/2024(H5N1)	950	73
PB2|PP755596.1|A/cattle/Texas/24-008749-003/2024(H5N1)	951	73
PB2|PP755596.1|A/cattle/Texas/24-008749-003/2024(H5N1)	952	73
PB2|PP755596.1|A/cattle/Texas/24-008749-003/2024(H5N1)	953	73
PB2|PP755596.1|A/cattle/Texas/24-008749-003/2024(H5N1)	954	75
PB2|PP755596.1|A/cattle/Texas/24-008749-003/2024(H5N1)	955	75
PB2|PP755596.1|A/cattle/Texas/24-008749-003/2024(H5N1)	956	75
PB2|PP755596.1|A/cattle/Texas/24-008749-003/2024(H5N1)	957	74
PB2|PP755596.1|A/cattle/Texas/24-008749-003/2024(H5N1)	958	74
PB2|PP755596.1|A/cattle/Texas/24-008749-003/2024(H5N1)	959	74
PB2|PP755596.1|A/cattle/Texas/24-008749-003/2024(H5N1)	960	74
PB2|PP755596.1|A/cattle/Texas/24-008749-003/2024(H5N1)	961	72
PB2|PP755596.1|A/cattle/Texas/24-008749-003/2024(H5N1)	962	69
PB2|PP755596.1|A/cattle/Texas/24-008749-003/2024(H5N1)	963	69
PB2|PP755596.1|A/cattle/Texas/24-008749-003/2024(H5N1)	964	72
PB2|PP755596.1|A/cattle/Texas/24-008749-003/2024(H5N1)	965	68
PB2|PP755596.1|A/cattle/Texas/24-008749-003/2024(H5N1)	966	73
PB2|PP755596.1|A/cattle/Texas/24-008749-003/2024(H5N1)	967	70
PB2|PP755596.1|A/cattle/Texas/24-008749-003/2024(H5N1)	968	70
PB2|PP755596.1|A/cattle/Texas/24-008749-003/2024(H5N1)	969	70
PB2|PP755596.1|A/cattle/Texas/24-008749-003/2024(H5N1)	970	70
PB2|PP755596.1|A/cattle/Texas/24-008749-003/2024(H5N1)	971	73
PB2|PP755596.1|A/cattle/Texas/24-008749-003/2024(H5N1)	972	73
PB2|PP755596.1|A/cattle/Texas/24-008749-003/2024(H5N1)	973	71
PB2|PP755596.1|A/cattle/Texas/24-008749-003/2024(H5N1)	974	71
PB2|PP755596.1|A/cattle/Texas/24-008749-003/2024(H5N1)	975	69
PB2|PP755596.1|A/cattle/Texas/24-008749-003/2024(H5N1)	976	68
PB2|PP755596.1|A/cattle/Texas/24-008749-003/2024(H5N1)	977	69
PB2|PP755596.1|A/cattle/Texas/24-008749-003/2024(H5N1)	978	69
PB2|PP755596.1|A/cattle/Texas/24-008749-003/2024(H5N1)	979	69
PB2|PP755596.1|A/cattle/Texas/24-008749-003/2024(H5N1)	980	65
PB2|PP755596.1|A/cattle/Texas/24-008749-003/2024(H5N1)	981	67
PB2|PP755596.1|A/cattle/Texas/24-008749-003/2024(H5N1)	982	67
PB2|PP755596.1|A/cattle/Texas/24-008749-003/2024(H5N1)	983	67
PB2|PP755596.1|A/cattle/Texas/24-008749-003/2024(H5N1)	984	67
PB2|PP755596.1|A/cattle/Texas/24-008749-003/2024(H5N1)	985	67
PB2|PP755596.1|A/cattle/Texas/24-008749-003/2024(H5N1)	986	68
PB2|PP755596.1|A/cattle/Texas/24-008749-003/2024(H5N1)	987	68
PB2|PP755596.1|A/cattle/Texas/24-008749-003/2024(H5N1)	988	68
PB2|PP755596.1|A/cattle/Texas/24-008749-003/2024(H5N1)	989	66
PB2|PP755596.1|A/cattle/Texas/24-008749-003/2024(H5N1)	990	66
PB2|PP755596.1|A/cattle/Texas/24-008749-003/2024(H5N1)	991	66
PB2|PP755596.1|A/cattle/Texas/24-008749-003/2024(H5N1)	992	66
PB2|PP755596.1|A/cattle/Texas/24-008749-003/2024(H5N1)	993	66
PB2|PP755596.1|A/cattle/Texas/24-008749-003/2024(H5N1)	994	66
PB2|PP755596.1|A/cattle/Texas/24-008749-003/2024(H5N1)	995	68
PB2|PP755596.1|A/cattle/Texas/24-008749-003/2024(H5N1)	996	66
PB2|PP755596.1|A/cattle/Texas/24-008749-003/2024(H5N1)	997	68
PB2|PP755596.1|A/cattle/Texas/24-008749-003/2024(H5N1)	998	68
PB2|PP755596.1|A/cattle/Texas/24-008749-003/2024(H5N1)	999	68
PB2|PP755596.1|A/cattle/Texas/24-008749-003/2024(H5N1)	1000	65
PB2|PP755596.1|A/cattle/Texas/24-008749-003/2024(H5N1)	1001	65
PB2|PP755596.1|A/cattle/Texas/24-008749-003/2024(H5N1)	1002	66
PB2|PP755596.1|A/cattle/Texas/24-008749-003/2024(H5N1)	1003	66
PB2|PP755596.1|A/cattle/Texas/24-008749-003/2024(H5N1)	1004	67
PB2|PP755596.1|A/cattle/Texas/24-008749-003/2024(H5N1)	1005	67
PB2|PP755596.1|A/cattle/Texas/24-008749-003/2024(H5N1)	1006	67
PB2|PP755596.1|A/cattle/Texas/24-008749-003/2024(H5N1)	1007	64
PB2|PP755596.1|A/cattle/Texas/24-008749-003/2024(H5N1)	1008	65
PB2|PP755596.1|A/cattle/Texas/24-008749-003/2024(H5N1)	1009	65
PB2|PP755596.1|A/cattle/Texas/24-008749-003/2024(H5N1)	1010	63
PB2|PP755596.1|A/cattle/Texas/24-008749-003/2024(H5N1)	1011	63
PB2|PP755596.1|A/cattle/Texas/24-008749-003/2024(H5N1)	1012	63
PB2|PP755596.1|A/cattle/Texas/24-008749-003/2024(H5N1)	1013	63
PB2|PP755596.1|A/cattle/Texas/24-008749-003/2024(H5N1)	1014	63
PB2|PP755596.1|A/cattle/Texas/24-008749-003/2024(H5N1)	1015	63
PB2|PP755596.1|A/cattle/Texas/24-008749-003/2024(H5N1)	1016	63
PB2|PP755596.1|A/cattle/Texas/24-008749-003/2024(H5N1)	1017	63
PB2|PP755596.1|A/cattle/Texas/24-008749-003/2024(H5N1)	1018	63
PB2|PP755596.1|A/cattle/Texas/24-008749-003/2024(H5N1)	1019	64
PB2|PP755596.1|A/cattle/Texas/24-008749-003/2024(H5N1)	1020	64
PB2|PP755596.1|A/cattle/Texas/24-008749-003/2024(H5N1)	1021	64
PB2|PP755596.1|A/cattle/Texas/24-008749-003/2024(H5N1)	1022	63
PB2|PP755596.1|A/cattle/Texas/24-008749-003/2024(H5N1)	1023	60
PB2|PP755596.1|A/cattle/Texas/24-008749-003/2024(H5N1)	1024	61
PB2|PP755596.1|A/cattle/Texas/24-008749-003/2024(H5N1)	1025	63
PB2|PP755596.1|A/cattle/Texas/24-008749-003/2024(H5N1)	1026	63
PB2|PP755596.1|A/cattle/Texas/24-008749-003/2024(H5N1)	1027	63
PB2|PP755596.1|A/cattle/Texas/24-008749-003/2024(H5N1)	1028	59
PB2|PP755596.1|A/cattle/Texas/24-008749-003/2024(H5N1)	1029	59
PB2|PP755596.1|A/cattle/Texas/24-008749-003/2024(H5N1)	1030	61
PB2|PP755596.1|A/cattle/Texas/24-008749-003/2024(H5N1)	1031	61
PB2|PP755596.1|A/cattle/Texas/24-008749-003/2024(H5N1)	1032	65
PB2|PP755596.1|A/cattle/Texas/24-008749-003/2024(H5N1)	1033	64
PB2|PP755596.1|A/cattle/Texas/24-008749-003/2024(H5N1)	1034	64
PB2|PP755596.1|A/cattle/Texas/24-008749-003/2024(H5N1)	1035	64
PB2|PP755596.1|A/cattle/Texas/24-008749-003/2024(H5N1)	1036	65
PB2|PP755596.1|A/cattle/Texas/24-008749-003/2024(H5N1)	1037	65
PB2|PP755596.1|A/cattle/Texas/24-008749-003/2024(H5N1)	1038	65
PB2|PP755596.1|A/cattle/Texas/24-008749-003/2024(H5N1)	1039	64
PB2|PP755596.1|A/cattle/Texas/24-008749-003/2024(H5N1)	1040	64
PB2|PP755596.1|A/cattle/Texas/24-008749-003/2024(H5N1)	1041	61
PB2|PP755596.1|A/cattle/Texas/24-008749-003/2024(H5N1)	1042	61
PB2|PP755596.1|A/cattle/Texas/24-008749-003/2024(H5N1)	1043	61
PB2|PP755596.1|A/cattle/Texas/24-008749-003/2024(H5N1)	1044	62
PB2|PP755596.1|A/cattle/Texas/24-008749-003/2024(H5N1)	1045	62
PB2|PP755596.1|A/cattle/Texas/24-008749-003/2024(H5N1)	1046	62
PB2|PP755596.1|A/cattle/Texas/24-008749-003/2024(H5N1)	1047	62
PB2|PP755596.1|A/cattle/Texas/24-008749-003/2024(H5N1)	1048	62
PB2|PP755596.1|A/cattle/Texas/24-008749-003/2024(H5N1)	1049	62
PB2|PP755596.1|A/cattle/Texas/24-008749-003/2024(H5N1)	1050	62
PB2|PP755596.1|A/cattle/Texas/24-008749-003/2024(H5N1)	1051	62
PB2|PP755596.1|A/cattle/Texas/24-008749-003/2024(H5N1)	1052	62
PB2|PP755596.1|A/cattle/Texas/24-008749-003/2024(H5N1)	1053	61
PB2|PP755596.1|A/cattle/Texas/24-008749-003/2024(H5N1)	1054	61
PB2|PP755596.1|A/cattle/Texas/24-008749-003/2024(H5N1)	1055	61
PB2|PP755596.1|A/cattle/Texas/24-008749-003/2024(H5N1)	1056	59
PB2|PP755596.1|A/cattle/Texas/24-008749-003/2024(H5N1)	1057	59
PB2|PP755596.1|A/cattle/Texas/24-008749-003/2024(H5N1)	1058	59
PB2|PP755596.1|A/cattle/Texas/24-008749-003/2024(H5N1)	1059	59
PB2|PP755596.1|A/cattle/Texas/24-008749-003/2024(H5N1)	1060	59
PB2|PP755596.1|A/cattle/Texas/24-008749-003/2024(H5N1)	1061	61
PB2|PP755596.1|A/cattle/Texas/24-008749-003/2024(H5N1)	1062	61
PB2|PP755596.1|A/cattle/Texas/24-008749-003/2024(H5N1)	1063	61
PB2|PP755596.1|A/cattle/Texas/24-008749-003/2024(H5N1)	1064	61
PB2|PP755596.1|A/cattle/Texas/24-008749-003/2024(H5N1)	1065	60
PB2|PP755596.1|A/cattle/Texas/24-008749-003/2024(H5N1)	1066	60
PB2|PP755596.1|A/cattle/Texas/24-008749-003/2024(H5N1)	1067	59
PB2|PP755596.1|A/cattle/Texas/24-008749-003/2024(H5N1)	1068	59
PB2|PP755596.1|A/cattle/Texas/24-008749-003/2024(H5N1)	1069	60
PB2|PP755596.1|A/cattle/Texas/24-008749-003/2024(H5N1)	1070	60
PB2|PP755596.1|A/cattle/Texas/24-008749-003/2024(H5N1)	1071	60
PB2|PP755596.1|A/cattle/Texas/24-008749-003/2024(H5N1)	1072	60
PB2|PP755596.1|A/cattle/Texas/24-008749-003/2024(H5N1)	1073	60
PB2|PP755596.1|A/cattle/Texas/24-008749-003/2024(H5N1)	1074	61
PB2|PP755596.1|A/cattle/Texas/24-008749-003/2024(H5N1)	1075	63
PB2|PP755596.1|A/cattle/Texas/24-008749-003/2024(H5N1)	1076	62
PB2|PP755596.1|A/cattle/Texas/24-008749-003/2024(H5N1)	1077	64
PB2|PP755596.1|A/cattle/Texas/24-008749-003/2024(H5N1)	1078	55
PB2|PP755596.1|A/cattle/Texas/24-008749-003/2024(H5N1)	1079	55
PB2|PP755596.1|A/cattle/Texas/24-008749-003/2024(H5N1)	1080	55
PB2|PP755596.1|A/cattle/Texas/24-008749-003/2024(H5N1)	1081	54
PB2|PP755596.1|A/cattle/Texas/24-008749-003/2024(H5N1)	1082	55
PB2|PP755596.1|A/cattle/Texas/24-008749-003/2024(H5N1)	1083	55
PB2|PP755596.1|A/cattle/Texas/24-008749-003/2024(H5N1)	1084	60
PB2|PP755596.1|A/cattle/Texas/24-008749-003/2024(H5N1)	1085	54
PB2|PP755596.1|A/cattle/Texas/24-008749-003/2024(H5N1)	1086	53
PB2|PP755596.1|A/cattle/Texas/24-008749-003/2024(H5N1)	1087	49
PB2|PP755596.1|A/cattle/Texas/24-008749-003/2024(H5N1)	1088	50
PB2|PP755596.1|A/cattle/Texas/24-008749-003/2024(H5N1)	1089	51
PB2|PP755596.1|A/cattle/Texas/24-008749-003/2024(H5N1)	1090	51
PB2|PP755596.1|A/cattle/Texas/24-008749-003/2024(H5N1)	1091	52
PB2|PP755596.1|A/cattle/Texas/24-008749-003/2024(H5N1)	1092	52
PB2|PP755596.1|A/cattle/Texas/24-008749-003/2024(H5N1)	1093	52
PB2|PP755596.1|A/cattle/Texas/24-008749-003/2024(H5N1)	1094	52
PB2|PP755596.1|A/cattle/Texas/24-008749-003/2024(H5N1)	1095	52
PB2|PP755596.1|A/cattle/Texas/24-008749-003/2024(H5N1)	1096	58
PB2|PP755596.1|A/cattle/Texas/24-008749-003/2024(H5N1)	1097	59
PB2|PP755596.1|A/cattle/Texas/24-008749-003/2024(H5N1)	1098	59
PB2|PP755596.1|A/cattle/Texas/24-008749-003/2024(H5N1)	1099	59
PB2|PP755596.1|A/cattle/Texas/24-008749-003/2024(H5N1)	1100	62
PB2|PP755596.1|A/cattle/Texas/24-008749-003/2024(H5N1)	1101	62
PB2|PP755596.1|A/cattle/Texas/24-008749-003/2024(H5N1)	1102	62
PB2|PP755596.1|A/cattle/Texas/24-008749-003/2024(H5N1)	1103	62
PB2|PP755596.1|A/cattle/Texas/24-008749-003/2024(H5N1)	1104	60
PB2|PP755596.1|A/cattle/Texas/24-008749-003/2024(H5N1)	1105	54
PB2|PP755596.1|A/cattle/Texas/24-008749-003/2024(H5N1)	1106	54
PB2|PP755596.1|A/cattle/Texas/24-008749-003/2024(H5N1)	1107	54
PB2|PP755596.1|A/cattle/Texas/24-008749-003/2024(H5N1)	1108	54
PB2|PP755596.1|A/cattle/Texas/24-008749-003/2024(H5N1)	1109	58
PB2|PP755596.1|A/cattle/Texas/24-008749-003/2024(H5N1)	1110	58
PB2|PP755596.1|A/cattle/Texas/24-008749-003/2024(H5N1)	1111	58
PB2|PP755596.1|A/cattle/Texas/24-008749-003/2024(H5N1)	1112	58
PB2|PP755596.1|A/cattle/Texas/24-008749-003/2024(H5N1)	1113	58
PB2|PP755596.1|A/cattle/Texas/24-008749-003/2024(H5N1)	1114	58
PB2|PP755596.1|A/cattle/Texas/24-008749-003/2024(H5N1)	1115	57
PB2|PP755596.1|A/cattle/Texas/24-008749-003/2024(H5N1)	1116	56
PB2|PP755596.1|A/cattle/Texas/24-008749-003/2024(H5N1)	1117	56
PB2|PP755596.1|A/cattle/Texas/24-008749-003/2024(H5N1)	1118	56
PB2|PP755596.1|A/cattle/Texas/24-008749-003/2024(H5N1)	1119	57
PB2|PP755596.1|A/cattle/Texas/24-008749-003/2024(H5N1)	1120	56
PB2|PP755596.1|A/cattle/Texas/24-008749-003/2024(H5N1)	1121	56
PB2|PP755596.1|A/cattle/Texas/24-008749-003/2024(H5N1)	1122	58
PB2|PP755596.1|A/cattle/Texas/24-008749-003/2024(H5N1)	1123	56
PB2|PP755596.1|A/cattle/Texas/24-008749-003/2024(H5N1)	1124	56
PB2|PP755596.1|A/cattle/Texas/24-008749-003/2024(H5N1)	1125	56
PB2|PP755596.1|A/cattle/Texas/24-008749-003/2024(H5N1)	1126	56
PB2|PP755596.1|A/cattle/Texas/24-008749-003/2024(H5N1)	1127	55
PB2|PP755596.1|A/cattle/Texas/24-008749-003/2024(H5N1)	1128	55
PB2|PP755596.1|A/cattle/Texas/24-008749-003/2024(H5N1)	1129	56
PB2|PP755596.1|A/cattle/Texas/24-008749-003/2024(H5N1)	1130	56
PB2|PP755596.1|A/cattle/Texas/24-008749-003/2024(H5N1)	1131	56
PB2|PP755596.1|A/cattle/Texas/24-008749-003/2024(H5N1)	1132	60
PB2|PP755596.1|A/cattle/Texas/24-008749-003/2024(H5N1)	1133	62
PB2|PP755596.1|A/cattle/Texas/24-008749-003/2024(H5N1)	1134	62
PB2|PP755596.1|A/cattle/Texas/24-008749-003/2024(H5N1)	1135	62
PB2|PP755596.1|A/cattle/Texas/24-008749-003/2024(H5N1)	1136	62
PB2|PP755596.1|A/cattle/Texas/24-008749-003/2024(H5N1)	1137	61
PB2|PP755596.1|A/cattle/Texas/24-008749-003/2024(H5N1)	1138	61
PB2|PP755596.1|A/cattle/Texas/24-008749-003/2024(H5N1)	1139	63
PB2|PP755596.1|A/cattle/Texas/24-008749-003/2024(H5N1)	1140	63
PB2|PP755596.1|A/cattle/Texas/24-008749-003/2024(H5N1)	1141	63
PB2|PP755596.1|A/cattle/Texas/24-008749-003/2024(H5N1)	1142	63
PB2|PP755596.1|A/cattle/Texas/24-008749-003/2024(H5N1)	1143	66
PB2|PP755596.1|A/cattle/Texas/24-008749-003/2024(H5N1)	1144	68
PB2|PP755596.1|A/cattle/Texas/24-008749-003/2024(H5N1)	1145	68
PB2|PP755596.1|A/cattle/Texas/24-008749-003/2024(H5N1)	1146	68
PB2|PP755596.1|A/cattle/Texas/24-008749-003/2024(H5N1)	1147	68
PB2|PP755596.1|A/cattle/Texas/24-008749-003/2024(H5N1)	1148	66
PB2|PP755596.1|A/cattle/Texas/24-008749-003/2024(H5N1)	1149	69
PB2|PP755596.1|A/cattle/Texas/24-008749-003/2024(H5N1)	1150	70
PB2|PP755596.1|A/cattle/Texas/24-008749-003/2024(H5N1)	1151	70
PB2|PP755596.1|A/cattle/Texas/24-008749-003/2024(H5N1)	1152	69
PB2|PP755596.1|A/cattle/Texas/24-008749-003/2024(H5N1)	1153	69
PB2|PP755596.1|A/cattle/Texas/24-008749-003/2024(H5N1)	1154	69
PB2|PP755596.1|A/cattle/Texas/24-008749-003/2024(H5N1)	1155	68
PB2|PP755596.1|A/cattle/Texas/24-008749-003/2024(H5N1)	1156	68
PB2|PP755596.1|A/cattle/Texas/24-008749-003/2024(H5N1)	1157	70
PB2|PP755596.1|A/cattle/Texas/24-008749-003/2024(H5N1)	1158	70
PB2|PP755596.1|A/cattle/Texas/24-008749-003/2024(H5N1)	1159	69
PB2|PP755596.1|A/cattle/Texas/24-008749-003/2024(H5N1)	1160	73
PB2|PP755596.1|A/cattle/Texas/24-008749-003/2024(H5N1)	1161	75
PB2|PP755596.1|A/cattle/Texas/24-008749-003/2024(H5N1)	1162	75
PB2|PP755596.1|A/cattle/Texas/24-008749-003/2024(H5N1)	1163	76
PB2|PP755596.1|A/cattle/Texas/24-008749-003/2024(H5N1)	1164	73
PB2|PP755596.1|A/cattle/Texas/24-008749-003/2024(H5N1)	1165	74
PB2|PP755596.1|A/cattle/Texas/24-008749-003/2024(H5N1)	1166	78
PB2|PP755596.1|A/cattle/Texas/24-008749-003/2024(H5N1)	1167	79
PB2|PP755596.1|A/cattle/Texas/24-008749-003/2024(H5N1)	1168	79
PB2|PP755596.1|A/cattle/Texas/24-008749-003/2024(H5N1)	1169	79
PB2|PP755596.1|A/cattle/Texas/24-008749-003/2024(H5N1)	1170	80
PB2|PP755596.1|A/cattle/Texas/24-008749-003/2024(H5N1)	1171	81
PB2|PP755596.1|A/cattle/Texas/24-008749-003/2024(H5N1)	1172	81
PB2|PP755596.1|A/cattle/Texas/24-008749-003/2024(H5N1)	1173	81
PB2|PP755596.1|A/cattle/Texas/24-008749-003/2024(H5N1)	1174	80
PB2|PP755596.1|A/cattle/Texas/24-008749-003/2024(H5N1)	1175	78
PB2|PP755596.1|A/cattle/Texas/24-008749-003/2024(H5N1)	1176	80
PB2|PP755596.1|A/cattle/Texas/24-008749-003/2024(H5N1)	1177	80
PB2|PP755596.1|A/cattle/Texas/24-008749-003/2024(H5N1)	1178	80
PB2|PP755596.1|A/cattle/Texas/24-008749-003/2024(H5N1)	1179	80
PB2|PP755596.1|A/cattle/Texas/24-008749-003/2024(H5N1)	1180	80
PB2|PP755596.1|A/cattle/Texas/24-008749-003/2024(H5N1)	1181	80
PB2|PP755596.1|A/cattle/Texas/24-008749-003/2024(H5N1)	1182	82
PB2|PP755596.1|A/cattle/Texas/24-008749-003/2024(H5N1)	1183	82
PB2|PP755596.1|A/cattle/Texas/24-008749-003/2024(H5N1)	1184	82
PB2|PP755596.1|A/cattle/Texas/24-008749-003/2024(H5N1)	1185	82
PB2|PP755596.1|A/cattle/Texas/24-008749-003/2024(H5N1)	1186	82
PB2|PP755596.1|A/cattle/Texas/24-008749-003/2024(H5N1)	1187	81
PB2|PP755596.1|A/cattle/Texas/24-008749-003/2024(H5N1)	1188	83
PB2|PP755596.1|A/cattle/Texas/24-008749-003/2024(H5N1)	1189	83
PB2|PP755596.1|A/cattle/Texas/24-008749-003/2024(H5N1)	1190	85
PB2|PP755596.1|A/cattle/Texas/24-008749-003/2024(H5N1)	1191	85
PB2|PP755596.1|A/cattle/Texas/24-008749-003/2024(H5N1)	1192	85
PB2|PP755596.1|A/cattle/Texas/24-008749-003/2024(H5N1)	1193	85
PB2|PP755596.1|A/cattle/Texas/24-008749-003/2024(H5N1)	1194	85
PB2|PP755596.1|A/cattle/Texas/24-008749-003/2024(H5N1)	1195	87
PB2|PP755596.1|A/cattle/Texas/24-008749-003/2024(H5N1)	1196	87
PB2|PP755596.1|A/cattle/Texas/24-008749-003/2024(H5N1)	1197	85
PB2|PP755596.1|A/cattle/Texas/24-008749-003/2024(H5N1)	1198	85
PB2|PP755596.1|A/cattle/Texas/24-008749-003/2024(H5N1)	1199	85
PB2|PP755596.1|A/cattle/Texas/24-008749-003/2024(H5N1)	1200	85
PB2|PP755596.1|A/cattle/Texas/24-008749-003/2024(H5N1)	1201	85
PB2|PP755596.1|A/cattle/Texas/24-008749-003/2024(H5N1)	1202	85
PB2|PP755596.1|A/cattle/Texas/24-008749-003/2024(H5N1)	1203	85
PB2|PP755596.1|A/cattle/Texas/24-008749-003/2024(H5N1)	1204	83
PB2|PP755596.1|A/cattle/Texas/24-008749-003/2024(H5N1)	1205	83
PB2|PP755596.1|A/cattle/Texas/24-008749-003/2024(H5N1)	1206	83
PB2|PP755596.1|A/cattle/Texas/24-008749-003/2024(H5N1)	1207	83
PB2|PP755596.1|A/cattle/Texas/24-008749-003/2024(H5N1)	1208	83
PB2|PP755596.1|A/cattle/Texas/24-008749-003/2024(H5N1)	1209	85
PB2|PP755596.1|A/cattle/Texas/24-008749-003/2024(H5N1)	1210	85
PB2|PP755596.1|A/cattle/Texas/24-008749-003/2024(H5N1)	1211	85
PB2|PP755596.1|A/cattle/Texas/24-008749-003/2024(H5N1)	1212	83
PB2|PP755596.1|A/cattle/Texas/24-008749-003/2024(H5N1)	1213	83
PB2|PP755596.1|A/cattle/Texas/24-008749-003/2024(H5N1)	1214	84
PB2|PP755596.1|A/cattle/Texas/24-008749-003/2024(H5N1)	1215	84
PB2|PP755596.1|A/cattle/Texas/24-008749-003/2024(H5N1)	1216	88
PB2|PP755596.1|A/cattle/Texas/24-008749-003/2024(H5N1)	1217	88
PB2|PP755596.1|A/cattle/Texas/24-008749-003/2024(H5N1)	1218	88
PB2|PP755596.1|A/cattle/Texas/24-008749-003/2024(H5N1)	1219	88
PB2|PP755596.1|A/cattle/Texas/24-008749-003/2024(H5N1)	1220	87
PB2|PP755596.1|A/cattle/Texas/24-008749-003/2024(H5N1)	1221	87
PB2|PP755596.1|A/cattle/Texas/24-008749-003/2024(H5N1)	1222	87
PB2|PP755596.1|A/cattle/Texas/24-008749-003/2024(H5N1)	1223	80
PB2|PP755596.1|A/cattle/Texas/24-008749-003/2024(H5N1)	1224	78
PB2|PP755596.1|A/cattle/Texas/24-008749-003/2024(H5N1)	1225	76
PB2|PP755596.1|A/cattle/Texas/24-008749-003/2024(H5N1)	1226	79
PB2|PP755596.1|A/cattle/Texas/24-008749-003/2024(H5N1)	1227	77
PB2|PP755596.1|A/cattle/Texas/24-008749-003/2024(H5N1)	1228	77
PB2|PP755596.1|A/cattle/Texas/24-008749-003/2024(H5N1)	1229	77
PB2|PP755596.1|A/cattle/Texas/24-008749-003/2024(H5N1)	1230	79
PB2|PP755596.1|A/cattle/Texas/24-008749-003/2024(H5N1)	1231	78
PB2|PP755596.1|A/cattle/Texas/24-008749-003/2024(H5N1)	1232	78
PB2|PP755596.1|A/cattle/Texas/24-008749-003/2024(H5N1)	1233	77
PB2|PP755596.1|A/cattle/Texas/24-008749-003/2024(H5N1)	1234	77
PB2|PP755596.1|A/cattle/Texas/24-008749-003/2024(H5N1)	1235	72
PB2|PP755596.1|A/cattle/Texas/24-008749-003/2024(H5N1)	1236	73
PB2|PP755596.1|A/cattle/Texas/24-008749-003/2024(H5N1)	1237	73
PB2|PP755596.1|A/cattle/Texas/24-008749-003/2024(H5N1)	1238	73
PB2|PP755596.1|A/cattle/Texas/24-008749-003/2024(H5N1)	1239	70
PB2|PP755596.1|A/cattle/Texas/24-008749-003/2024(H5N1)	1240	70
PB2|PP755596.1|A/cattle/Texas/24-008749-003/2024(H5N1)	1241	72
PB2|PP755596.1|A/cattle/Texas/24-008749-003/2024(H5N1)	1242	71
PB2|PP755596.1|A/cattle/Texas/24-008749-003/2024(H5N1)	1243	71
PB2|PP755596.1|A/cattle/Texas/24-008749-003/2024(H5N1)	1244	71
PB2|PP755596.1|A/cattle/Texas/24-008749-003/2024(H5N1)	1245	71
PB2|PP755596.1|A/cattle/Texas/24-008749-003/2024(H5N1)	1246	71
PB2|PP755596.1|A/cattle/Texas/24-008749-003/2024(H5N1)	1247	70
PB2|PP755596.1|A/cattle/Texas/24-008749-003/2024(H5N1)	1248	69
PB2|PP755596.1|A/cattle/Texas/24-008749-003/2024(H5N1)	1249	73
PB2|PP755596.1|A/cattle/Texas/24-008749-003/2024(H5N1)	1250	73
PB2|PP755596.1|A/cattle/Texas/24-008749-003/2024(H5N1)	1251	72
PB2|PP755596.1|A/cattle/Texas/24-008749-003/2024(H5N1)	1252	72
PB2|PP755596.1|A/cattle/Texas/24-008749-003/2024(H5N1)	1253	72
PB2|PP755596.1|A/cattle/Texas/24-008749-003/2024(H5N1)	1254	72
PB2|PP755596.1|A/cattle/Texas/24-008749-003/2024(H5N1)	1255	72
PB2|PP755596.1|A/cattle/Texas/24-008749-003/2024(H5N1)	1256	72
PB2|PP755596.1|A/cattle/Texas/24-008749-003/2024(H5N1)	1257	74
PB2|PP755596.1|A/cattle/Texas/24-008749-003/2024(H5N1)	1258	68
PB2|PP755596.1|A/cattle/Texas/24-008749-003/2024(H5N1)	1259	69
PB2|PP755596.1|A/cattle/Texas/24-008749-003/2024(H5N1)	1260	69
PB2|PP755596.1|A/cattle/Texas/24-008749-003/2024(H5N1)	1261	69
PB2|PP755596.1|A/cattle/Texas/24-008749-003/2024(H5N1)	1262	70
PB2|PP755596.1|A/cattle/Texas/24-008749-003/2024(H5N1)	1263	70
PB2|PP755596.1|A/cattle/Texas/24-008749-003/2024(H5N1)	1264	70
PB2|PP755596.1|A/cattle/Texas/24-008749-003/2024(H5N1)	1265	70
PB2|PP755596.1|A/cattle/Texas/24-008749-003/2024(H5N1)	1266	70
PB2|PP755596.1|A/cattle/Texas/24-008749-003/2024(H5N1)	1267	68
PB2|PP755596.1|A/cattle/Texas/24-008749-003/2024(H5N1)	1268	70
PB2|PP755596.1|A/cattle/Texas/24-008749-003/2024(H5N1)	1269	71
PB2|PP755596.1|A/cattle/Texas/24-008749-003/2024(H5N1)	1270	73
PB2|PP755596.1|A/cattle/Texas/24-008749-003/2024(H5N1)	1271	73
PB2|PP755596.1|A/cattle/Texas/24-008749-003/2024(H5N1)	1272	73
PB2|PP755596.1|A/cattle/Texas/24-008749-003/2024(H5N1)	1273	73
PB2|PP755596.1|A/cattle/Texas/24-008749-003/2024(H5N1)	1274	73
PB2|PP755596.1|A/cattle/Texas/24-008749-003/2024(H5N1)	1275	73
PB2|PP755596.1|A/cattle/Texas/24-008749-003/2024(H5N1)	1276	73
PB2|PP755596.1|A/cattle/Texas/24-008749-003/2024(H5N1)	1277	73
PB2|PP755596.1|A/cattle/Texas/24-008749-003/2024(H5N1)	1278	74
PB2|PP755596.1|A/cattle/Texas/24-008749-003/2024(H5N1)	1279	74
PB2|PP755596.1|A/cattle/Texas/24-008749-003/2024(H5N1)	1280	74
PB2|PP755596.1|A/cattle/Texas/24-008749-003/2024(H5N1)	1281	79
PB2|PP755596.1|A/cattle/Texas/24-008749-003/2024(H5N1)	1282	79
PB2|PP755596.1|A/cattle/Texas/24-008749-003/2024(H5N1)	1283	73
PB2|PP755596.1|A/cattle/Texas/24-008749-003/2024(H5N1)	1284	75
PB2|PP755596.1|A/cattle/Texas/24-008749-003/2024(H5N1)	1285	75
PB2|PP755596.1|A/cattle/Texas/24-008749-003/2024(H5N1)	1286	79
PB2|PP755596.1|A/cattle/Texas/24-008749-003/2024(H5N1)	1287	79
PB2|PP755596.1|A/cattle/Texas/24-008749-003/2024(H5N1)	1288	81
PB2|PP755596.1|A/cattle/Texas/24-008749-003/2024(H5N1)	1289	82
PB2|PP755596.1|A/cattle/Texas/24-008749-003/2024(H5N1)	1290	80
PB2|PP755596.1|A/cattle/Texas/24-008749-003/2024(H5N1)	1291	80
PB2|PP755596.1|A/cattle/Texas/24-008749-003/2024(H5N1)	1292	80
PB2|PP755596.1|A/cattle/Texas/24-008749-003/2024(H5N1)	1293	81
PB2|PP755596.1|A/cattle/Texas/24-008749-003/2024(H5N1)	1294	83
PB2|PP755596.1|A/cattle/Texas/24-008749-003/2024(H5N1)	1295	81
PB2|PP755596.1|A/cattle/Texas/24-008749-003/2024(H5N1)	1296	81
PB2|PP755596.1|A/cattle/Texas/24-008749-003/2024(H5N1)	1297	81
PB2|PP755596.1|A/cattle/Texas/24-008749-003/2024(H5N1)	1298	81
PB2|PP755596.1|A/cattle/Texas/24-008749-003/2024(H5N1)	1299	84
PB2|PP755596.1|A/cattle/Texas/24-008749-003/2024(H5N1)	1300	84
PB2|PP755596.1|A/cattle/Texas/24-008749-003/2024(H5N1)	1301	84
PB2|PP755596.1|A/cattle/Texas/24-008749-003/2024(H5N1)	1302	89
PB2|PP755596.1|A/cattle/Texas/24-008749-003/2024(H5N1)	1303	89
PB2|PP755596.1|A/cattle/Texas/24-008749-003/2024(H5N1)	1304	90
PB2|PP755596.1|A/cattle/Texas/24-008749-003/2024(H5N1)	1305	90
PB2|PP755596.1|A/cattle/Texas/24-008749-003/2024(H5N1)	1306	90
PB2|PP755596.1|A/cattle/Texas/24-008749-003/2024(H5N1)	1307	90
PB2|PP755596.1|A/cattle/Texas/24-008749-003/2024(H5N1)	1308	82
PB2|PP755596.1|A/cattle/Texas/24-008749-003/2024(H5N1)	1309	84
PB2|PP755596.1|A/cattle/Texas/24-008749-003/2024(H5N1)	1310	84
PB2|PP755596.1|A/cattle/Texas/24-008749-003/2024(H5N1)	1311	83
PB2|PP755596.1|A/cattle/Texas/24-008749-003/2024(H5N1)	1312	82
PB2|PP755596.1|A/cattle/Texas/24-008749-003/2024(H5N1)	1313	84
PB2|PP755596.1|A/cattle/Texas/24-008749-003/2024(H5N1)	1314	88
PB2|PP755596.1|A/cattle/Texas/24-008749-003/2024(H5N1)	1315	88
PB2|PP755596.1|A/cattle/Texas/24-008749-003/2024(H5N1)	1316	88
PB2|PP755596.1|A/cattle/Texas/24-008749-003/2024(H5N1)	1317	88
PB2|PP755596.1|A/cattle/Texas/24-008749-003/2024(H5N1)	1318	87
PB2|PP755596.1|A/cattle/Texas/24-008749-003/2024(H5N1)	1319	89
PB2|PP755596.1|A/cattle/Texas/24-008749-003/2024(H5N1)	1320	89
PB2|PP755596.1|A/cattle/Texas/24-008749-003/2024(H5N1)	1321	84
PB2|PP755596.1|A/cattle/Texas/24-008749-003/2024(H5N1)	1322	98
PB2|PP755596.1|A/cattle/Texas/24-008749-003/2024(H5N1)	1323	98
PB2|PP755596.1|A/cattle/Texas/24-008749-003/2024(H5N1)	1324	98
PB2|PP755596.1|A/cattle/Texas/24-008749-003/2024(H5N1)	1325	99
PB2|PP755596.1|A/cattle/Texas/24-008749-003/2024(H5N1)	1326	97
PB2|PP755596.1|A/cattle/Texas/24-008749-003/2024(H5N1)	1327	96
PB2|PP755596.1|A/cattle/Texas/24-008749-003/2024(H5N1)	1328	96
PB2|PP755596.1|A/cattle/Texas/24-008749-003/2024(H5N1)	1329	96
PB2|PP755596.1|A/cattle/Texas/24-008749-003/2024(H5N1)	1330	96
PB2|PP755596.1|A/cattle/Texas/24-008749-003/2024(H5N1)	1331	96
PB2|PP755596.1|A/cattle/Texas/24-008749-003/2024(H5N1)	1332	96
PB2|PP755596.1|A/cattle/Texas/24-008749-003/2024(H5N1)	1333	96
PB2|PP755596.1|A/cattle/Texas/24-008749-003/2024(H5N1)	1334	96
PB2|PP755596.1|A/cattle/Texas/24-008749-003/2024(H5N1)	1335	96
PB2|PP755596.1|A/cattle/Texas/24-008749-003/2024(H5N1)	1336	99
PB2|PP755596.1|A/cattle/Texas/24-008749-003/2024(H5N1)	1337	99
PB2|PP755596.1|A/cattle/Texas/24-008749-003/2024(H5N1)	1338	98
PB2|PP755596.1|A/cattle/Texas/24-008749-003/2024(H5N1)	1339	98
PB2|PP755596.1|A/cattle/Texas/24-008749-003/2024(H5N1)	1340	98
PB2|PP755596.1|A/cattle/Texas/24-008749-003/2024(H5N1)	1341	96
PB2|PP755596.1|A/cattle/Texas/24-008749-003/2024(H5N1)	1342	96
PB2|PP755596.1|A/cattle/Texas/24-008749-003/2024(H5N1)	1343	96
PB2|PP755596.1|A/cattle/Texas/24-008749-003/2024(H5N1)	1344	96
PB2|PP755596.1|A/cattle/Texas/24-008749-003/2024(H5N1)	1345	96
PB2|PP755596.1|A/cattle/Texas/24-008749-003/2024(H5N1)	1346	95
PB2|PP755596.1|A/cattle/Texas/24-008749-003/2024(H5N1)	1347	95
PB2|PP755596.1|A/cattle/Texas/24-008749-003/2024(H5N1)	1348	95
PB2|PP755596.1|A/cattle/Texas/24-008749-003/2024(H5N1)	1349	95
PB2|PP755596.1|A/cattle/Texas/24-008749-003/2024(H5N1)	1350	95
PB2|PP755596.1|A/cattle/Texas/24-008749-003/2024(H5N1)	1351	98
PB2|PP755596.1|A/cattle/Texas/24-008749-003/2024(H5N1)	1352	96
PB2|PP755596.1|A/cattle/Texas/24-008749-003/2024(H5N1)	1353	96
PB2|PP755596.1|A/cattle/Texas/24-008749-003/2024(H5N1)	1354	96
PB2|PP755596.1|A/cattle/Texas/24-008749-003/2024(H5N1)	1355	96
PB2|PP755596.1|A/cattle/Texas/24-008749-003/2024(H5N1)	1356	98
PB2|PP755596.1|A/cattle/Texas/24-008749-003/2024(H5N1)	1357	100
PB2|PP755596.1|A/cattle/Texas/24-008749-003/2024(H5N1)	1358	100
PB2|PP755596.1|A/cattle/Texas/24-008749-003/2024(H5N1)	1359	101
PB2|PP755596.1|A/cattle/Texas/24-008749-003/2024(H5N1)	1360	101
PB2|PP755596.1|A/cattle/Texas/24-008749-003/2024(H5N1)	1361	103
PB2|PP755596.1|A/cattle/Texas/24-008749-003/2024(H5N1)	1362	103
PB2|PP755596.1|A/cattle/Texas/24-008749-003/2024(H5N1)	1363	105
PB2|PP755596.1|A/cattle/Texas/24-008749-003/2024(H5N1)	1364	105
PB2|PP755596.1|A/cattle/Texas/24-008749-003/2024(H5N1)	1365	103
PB2|PP755596.1|A/cattle/Texas/24-008749-003/2024(H5N1)	1366	100
PB2|PP755596.1|A/cattle/Texas/24-008749-003/2024(H5N1)	1367	99
PB2|PP755596.1|A/cattle/Texas/24-008749-003/2024(H5N1)	1368	98
PB2|PP755596.1|A/cattle/Texas/24-008749-003/2024(H5N1)	1369	98
PB2|PP755596.1|A/cattle/Texas/24-008749-003/2024(H5N1)	1370	96
PB2|PP755596.1|A/cattle/Texas/24-008749-003/2024(H5N1)	1371	96
PB2|PP755596.1|A/cattle/Texas/24-008749-003/2024(H5N1)	1372	96
PB2|PP755596.1|A/cattle/Texas/24-008749-003/2024(H5N1)	1373	96
PB2|PP755596.1|A/cattle/Texas/24-008749-003/2024(H5N1)	1374	99
PB2|PP755596.1|A/cattle/Texas/24-008749-003/2024(H5N1)	1375	100
PB2|PP755596.1|A/cattle/Texas/24-008749-003/2024(H5N1)	1376	98
PB2|PP755596.1|A/cattle/Texas/24-008749-003/2024(H5N1)	1377	95
PB2|PP755596.1|A/cattle/Texas/24-008749-003/2024(H5N1)	1378	95
PB2|PP755596.1|A/cattle/Texas/24-008749-003/2024(H5N1)	1379	95
PB2|PP755596.1|A/cattle/Texas/24-008749-003/2024(H5N1)	1380	94
PB2|PP755596.1|A/cattle/Texas/24-008749-003/2024(H5N1)	1381	92
PB2|PP755596.1|A/cattle/Texas/24-008749-003/2024(H5N1)	1382	92
PB2|PP755596.1|A/cattle/Texas/24-008749-003/2024(H5N1)	1383	92
PB2|PP755596.1|A/cattle/Texas/24-008749-003/2024(H5N1)	1384	92
PB2|PP755596.1|A/cattle/Texas/24-008749-003/2024(H5N1)	1385	93
PB2|PP755596.1|A/cattle/Texas/24-008749-003/2024(H5N1)	1386	93
PB2|PP755596.1|A/cattle/Texas/24-008749-003/2024(H5N1)	1387	95
PB2|PP755596.1|A/cattle/Texas/24-008749-003/2024(H5N1)	1388	95
PB2|PP755596.1|A/cattle/Texas/24-008749-003/2024(H5N1)	1389	93
PB2|PP755596.1|A/cattle/Texas/24-008749-003/2024(H5N1)	1390	93
PB2|PP755596.1|A/cattle/Texas/24-008749-003/2024(H5N1)	1391	92
PB2|PP755596.1|A/cattle/Texas/24-008749-003/2024(H5N1)	1392	92
PB2|PP755596.1|A/cattle/Texas/24-008749-003/2024(H5N1)	1393	92
PB2|PP755596.1|A/cattle/Texas/24-008749-003/2024(H5N1)	1394	94
PB2|PP755596.1|A/cattle/Texas/24-008749-003/2024(H5N1)	1395	92
PB2|PP755596.1|A/cattle/Texas/24-008749-003/2024(H5N1)	1396	92
PB2|PP755596.1|A/cattle/Texas/24-008749-003/2024(H5N1)	1397	93
PB2|PP755596.1|A/cattle/Texas/24-008749-003/2024(H5N1)	1398	93
PB2|PP755596.1|A/cattle/Texas/24-008749-003/2024(H5N1)	1399	93
PB2|PP755596.1|A/cattle/Texas/24-008749-003/2024(H5N1)	1400	89
PB2|PP755596.1|A/cattle/Texas/24-008749-003/2024(H5N1)	1401	89
PB2|PP755596.1|A/cattle/Texas/24-008749-003/2024(H5N1)	1402	91
PB2|PP755596.1|A/cattle/Texas/24-008749-003/2024(H5N1)	1403	91
PB2|PP755596.1|A/cattle/Texas/24-008749-003/2024(H5N1)	1404	91
PB2|PP755596.1|A/cattle/Texas/24-008749-003/2024(H5N1)	1405	91
PB2|PP755596.1|A/cattle/Texas/24-008749-003/2024(H5N1)	1406	89
PB2|PP755596.1|A/cattle/Texas/24-008749-003/2024(H5N1)	1407	89
PB2|PP755596.1|A/cattle/Texas/24-008749-003/2024(H5N1)	1408	89
PB2|PP755596.1|A/cattle/Texas/24-008749-003/2024(H5N1)	1409	99
PB2|PP755596.1|A/cattle/Texas/24-008749-003/2024(H5N1)	1410	98
PB2|PP755596.1|A/cattle/Texas/24-008749-003/2024(H5N1)	1411	98
PB2|PP755596.1|A/cattle/Texas/24-008749-003/2024(H5N1)	1412	98
PB2|PP755596.1|A/cattle/Texas/24-008749-003/2024(H5N1)	1413	95
PB2|PP755596.1|A/cattle/Texas/24-008749-003/2024(H5N1)	1414	95
PB2|PP755596.1|A/cattle/Texas/24-008749-003/2024(H5N1)	1415	95
PB2|PP755596.1|A/cattle/Texas/24-008749-003/2024(H5N1)	1416	95
PB2|PP755596.1|A/cattle/Texas/24-008749-003/2024(H5N1)	1417	96
PB2|PP755596.1|A/cattle/Texas/24-008749-003/2024(H5N1)	1418	93
PB2|PP755596.1|A/cattle/Texas/24-008749-003/2024(H5N1)	1419	91
PB2|PP755596.1|A/cattle/Texas/24-008749-003/2024(H5N1)	1420	91
PB2|PP755596.1|A/cattle/Texas/24-008749-003/2024(H5N1)	1421	93
PB2|PP755596.1|A/cattle/Texas/24-008749-003/2024(H5N1)	1422	93
PB2|PP755596.1|A/cattle/Texas/24-008749-003/2024(H5N1)	1423	93
PB2|PP755596.1|A/cattle/Texas/24-008749-003/2024(H5N1)	1424	93
PB2|PP755596.1|A/cattle/Texas/24-008749-003/2024(H5N1)	1425	93
PB2|PP755596.1|A/cattle/Texas/24-008749-003/2024(H5N1)	1426	93
PB2|PP755596.1|A/cattle/Texas/24-008749-003/2024(H5N1)	1427	94
PB2|PP755596.1|A/cattle/Texas/24-008749-003/2024(H5N1)	1428	93
PB2|PP755596.1|A/cattle/Texas/24-008749-003/2024(H5N1)	1429	90
PB2|PP755596.1|A/cattle/Texas/24-008749-003/2024(H5N1)	1430	96
PB2|PP755596.1|A/cattle/Texas/24-008749-003/2024(H5N1)	1431	96
PB2|PP755596.1|A/cattle/Texas/24-008749-003/2024(H5N1)	1432	95
PB2|PP755596.1|A/cattle/Texas/24-008749-003/2024(H5N1)	1433	95
PB2|PP755596.1|A/cattle/Texas/24-008749-003/2024(H5N1)	1434	95
PB2|PP755596.1|A/cattle/Texas/24-008749-003/2024(H5N1)	1435	95
PB2|PP755596.1|A/cattle/Texas/24-008749-003/2024(H5N1)	1436	95
PB2|PP755596.1|A/cattle/Texas/24-008749-003/2024(H5N1)	1437	93
PB2|PP755596.1|A/cattle/Texas/24-008749-003/2024(H5N1)	1438	93
PB2|PP755596.1|A/cattle/Texas/24-008749-003/2024(H5N1)	1439	85
PB2|PP755596.1|A/cattle/Texas/24-008749-003/2024(H5N1)	1440	84
PB2|PP755596.1|A/cattle/Texas/24-008749-003/2024(H5N1)	1441	84
PB2|PP755596.1|A/cattle/Texas/24-008749-003/2024(H5N1)	1442	84
PB2|PP755596.1|A/cattle/Texas/24-008749-003/2024(H5N1)	1443	87
PB2|PP755596.1|A/cattle/Texas/24-008749-003/2024(H5N1)	1444	86
PB2|PP755596.1|A/cattle/Texas/24-008749-003/2024(H5N1)	1445	83
PB2|PP755596.1|A/cattle/Texas/24-008749-003/2024(H5N1)	1446	83
PB2|PP755596.1|A/cattle/Texas/24-008749-003/2024(H5N1)	1447	83
PB2|PP755596.1|A/cattle/Texas/24-008749-003/2024(H5N1)	1448	83
PB2|PP755596.1|A/cattle/Texas/24-008749-003/2024(H5N1)	1449	83
PB2|PP755596.1|A/cattle/Texas/24-008749-003/2024(H5N1)	1450	80
PB2|PP755596.1|A/cattle/Texas/24-008749-003/2024(H5N1)	1451	81
PB2|PP755596.1|A/cattle/Texas/24-008749-003/2024(H5N1)	1452	81
PB2|PP755596.1|A/cattle/Texas/24-008749-003/2024(H5N1)	1453	80
PB2|PP755596.1|A/cattle/Texas/24-008749-003/2024(H5N1)	1454	80
PB2|PP755596.1|A/cattle/Texas/24-008749-003/2024(H5N1)	1455	79
PB2|PP755596.1|A/cattle/Texas/24-008749-003/2024(H5N1)	1456	81
PB2|PP755596.1|A/cattle/Texas/24-008749-003/2024(H5N1)	1457	81
PB2|PP755596.1|A/cattle/Texas/24-008749-003/2024(H5N1)	1458	82
PB2|PP755596.1|A/cattle/Texas/24-008749-003/2024(H5N1)	1459	82
PB2|PP755596.1|A/cattle/Texas/24-008749-003/2024(H5N1)	1460	81
PB2|PP755596.1|A/cattle/Texas/24-008749-003/2024(H5N1)	1461	81
PB2|PP755596.1|A/cattle/Texas/24-008749-003/2024(H5N1)	1462	80
PB2|PP755596.1|A/cattle/Texas/24-008749-003/2024(H5N1)	1463	80
PB2|PP755596.1|A/cattle/Texas/24-008749-003/2024(H5N1)	1464	97
PB2|PP755596.1|A/cattle/Texas/24-008749-003/2024(H5N1)	1465	90
PB2|PP755596.1|A/cattle/Texas/24-008749-003/2024(H5N1)	1466	95
PB2|PP755596.1|A/cattle/Texas/24-008749-003/2024(H5N1)	1467	96
PB2|PP755596.1|A/cattle/Texas/24-008749-003/2024(H5N1)	1468	98
PB2|PP755596.1|A/cattle/Texas/24-008749-003/2024(H5N1)	1469	103
PB2|PP755596.1|A/cattle/Texas/24-008749-003/2024(H5N1)	1470	103
PB2|PP755596.1|A/cattle/Texas/24-008749-003/2024(H5N1)	1471	103
PB2|PP755596.1|A/cattle/Texas/24-008749-003/2024(H5N1)	1472	101
PB2|PP755596.1|A/cattle/Texas/24-008749-003/2024(H5N1)	1473	87
PB2|PP755596.1|A/cattle/Texas/24-008749-003/2024(H5N1)	1474	88
PB2|PP755596.1|A/cattle/Texas/24-008749-003/2024(H5N1)	1475	86
PB2|PP755596.1|A/cattle/Texas/24-008749-003/2024(H5N1)	1476	86
PB2|PP755596.1|A/cattle/Texas/24-008749-003/2024(H5N1)	1477	87
PB2|PP755596.1|A/cattle/Texas/24-008749-003/2024(H5N1)	1478	89
PB2|PP755596.1|A/cattle/Texas/24-008749-003/2024(H5N1)	1479	89
PB2|PP755596.1|A/cattle/Texas/24-008749-003/2024(H5N1)	1480	90
PB2|PP755596.1|A/cattle/Texas/24-008749-003/2024(H5N1)	1481	94
PB2|PP755596.1|A/cattle/Texas/24-008749-003/2024(H5N1)	1482	94
PB2|PP755596.1|A/cattle/Texas/24-008749-003/2024(H5N1)	1483	92
PB2|PP755596.1|A/cattle/Texas/24-008749-003/2024(H5N1)	1484	92
PB2|PP755596.1|A/cattle/Texas/24-008749-003/2024(H5N1)	1485	94
PB2|PP755596.1|A/cattle/Texas/24-008749-003/2024(H5N1)	1486	94
PB2|PP755596.1|A/cattle/Texas/24-008749-003/2024(H5N1)	1487	92
PB2|PP755596.1|A/cattle/Texas/24-008749-003/2024(H5N1)	1488	92
PB2|PP755596.1|A/cattle/Texas/24-008749-003/2024(H5N1)	1489	91
PB2|PP755596.1|A/cattle/Texas/24-008749-003/2024(H5N1)	1490	91
PB2|PP755596.1|A/cattle/Texas/24-008749-003/2024(H5N1)	1491	94
PB2|PP755596.1|A/cattle/Texas/24-008749-003/2024(H5N1)	1492	94
PB2|PP755596.1|A/cattle/Texas/24-008749-003/2024(H5N1)	1493	94
PB2|PP755596.1|A/cattle/Texas/24-008749-003/2024(H5N1)	1494	92
PB2|PP755596.1|A/cattle/Texas/24-008749-003/2024(H5N1)	1495	92
PB2|PP755596.1|A/cattle/Texas/24-008749-003/2024(H5N1)	1496	95
PB2|PP755596.1|A/cattle/Texas/24-008749-003/2024(H5N1)	1497	95
PB2|PP755596.1|A/cattle/Texas/24-008749-003/2024(H5N1)	1498	95
PB2|PP755596.1|A/cattle/Texas/24-008749-003/2024(H5N1)	1499	95
PB2|PP755596.1|A/cattle/Texas/24-008749-003/2024(H5N1)	1500	98
PB2|PP755596.1|A/cattle/Texas/24-008749-003/2024(H5N1)	1501	103
PB2|PP755596.1|A/cattle/Texas/24-008749-003/2024(H5N1)	1502	102
PB2|PP755596.1|A/cattle/Texas/24-008749-003/2024(H5N1)	1503	102
PB2|PP755596.1|A/cattle/Texas/24-008749-003/2024(H5N1)	1504	103
PB2|PP755596.1|A/cattle/Texas/24-008749-003/2024(H5N1)	1505	103
PB2|PP755596.1|A/cattle/Texas/24-008749-003/2024(H5N1)	1506	104
PB2|PP755596.1|A/cattle/Texas/24-008749-003/2024(H5N1)	1507	102
PB2|PP755596.1|A/cattle/Texas/24-008749-003/2024(H5N1)	1508	102
PB2|PP755596.1|A/cattle/Texas/24-008749-003/2024(H5N1)	1509	102
PB2|PP755596.1|A/cattle/Texas/24-008749-003/2024(H5N1)	1510	101
PB2|PP755596.1|A/cattle/Texas/24-008749-003/2024(H5N1)	1511	101
PB2|PP755596.1|A/cattle/Texas/24-008749-003/2024(H5N1)	1512	101
PB2|PP755596.1|A/cattle/Texas/24-008749-003/2024(H5N1)	1513	101
PB2|PP755596.1|A/cattle/Texas/24-008749-003/2024(H5N1)	1514	101
PB2|PP755596.1|A/cattle/Texas/24-008749-003/2024(H5N1)	1515	103
PB2|PP755596.1|A/cattle/Texas/24-008749-003/2024(H5N1)	1516	103
PB2|PP755596.1|A/cattle/Texas/24-008749-003/2024(H5N1)	1517	101
PB2|PP755596.1|A/cattle/Texas/24-008749-003/2024(H5N1)	1518	101
PB2|PP755596.1|A/cattle/Texas/24-008749-003/2024(H5N1)	1519	102
PB2|PP755596.1|A/cattle/Texas/24-008749-003/2024(H5N1)	1520	102
PB2|PP755596.1|A/cattle/Texas/24-008749-003/2024(H5N1)	1521	102
PB2|PP755596.1|A/cattle/Texas/24-008749-003/2024(H5N1)	1522	102
PB2|PP755596.1|A/cattle/Texas/24-008749-003/2024(H5N1)	1523	102
PB2|PP755596.1|A/cattle/Texas/24-008749-003/2024(H5N1)	1524	100
PB2|PP755596.1|A/cattle/Texas/24-008749-003/2024(H5N1)	1525	99
PB2|PP755596.1|A/cattle/Texas/24-008749-003/2024(H5N1)	1526	99
PB2|PP755596.1|A/cattle/Texas/24-008749-003/2024(H5N1)	1527	99
PB2|PP755596.1|A/cattle/Texas/24-008749-003/2024(H5N1)	1528	100
PB2|PP755596.1|A/cattle/Texas/24-008749-003/2024(H5N1)	1529	101
PB2|PP755596.1|A/cattle/Texas/24-008749-003/2024(H5N1)	1530	101
PB2|PP755596.1|A/cattle/Texas/24-008749-003/2024(H5N1)	1531	109
PB2|PP755596.1|A/cattle/Texas/24-008749-003/2024(H5N1)	1532	111
PB2|PP755596.1|A/cattle/Texas/24-008749-003/2024(H5N1)	1533	111
PB2|PP755596.1|A/cattle/Texas/24-008749-003/2024(H5N1)	1534	110
PB2|PP755596.1|A/cattle/Texas/24-008749-003/2024(H5N1)	1535	110
PB2|PP755596.1|A/cattle/Texas/24-008749-003/2024(H5N1)	1536	110
PB2|PP755596.1|A/cattle/Texas/24-008749-003/2024(H5N1)	1537	110
PB2|PP755596.1|A/cattle/Texas/24-008749-003/2024(H5N1)	1538	103
PB2|PP755596.1|A/cattle/Texas/24-008749-003/2024(H5N1)	1539	103
PB2|PP755596.1|A/cattle/Texas/24-008749-003/2024(H5N1)	1540	99
PB2|PP755596.1|A/cattle/Texas/24-008749-003/2024(H5N1)	1541	99
PB2|PP755596.1|A/cattle/Texas/24-008749-003/2024(H5N1)	1542	99
PB2|PP755596.1|A/cattle/Texas/24-008749-003/2024(H5N1)	1543	99
PB2|PP755596.1|A/cattle/Texas/24-008749-003/2024(H5N1)	1544	99
PB2|PP755596.1|A/cattle/Texas/24-008749-003/2024(H5N1)	1545	93
PB2|PP755596.1|A/cattle/Texas/24-008749-003/2024(H5N1)	1546	92
PB2|PP755596.1|A/cattle/Texas/24-008749-003/2024(H5N1)	1547	92
PB2|PP755596.1|A/cattle/Texas/24-008749-003/2024(H5N1)	1548	91
PB2|PP755596.1|A/cattle/Texas/24-008749-003/2024(H5N1)	1549	91
PB2|PP755596.1|A/cattle/Texas/24-008749-003/2024(H5N1)	1550	92
PB2|PP755596.1|A/cattle/Texas/24-008749-003/2024(H5N1)	1551	95
PB2|PP755596.1|A/cattle/Texas/24-008749-003/2024(H5N1)	1552	95
PB2|PP755596.1|A/cattle/Texas/24-008749-003/2024(H5N1)	1553	94
PB2|PP755596.1|A/cattle/Texas/24-008749-003/2024(H5N1)	1554	94
PB2|PP755596.1|A/cattle/Texas/24-008749-003/2024(H5N1)	1555	94
PB2|PP755596.1|A/cattle/Texas/24-008749-003/2024(H5N1)	1556	94
PB2|PP755596.1|A/cattle/Texas/24-008749-003/2024(H5N1)	1557	95
PB2|PP755596.1|A/cattle/Texas/24-008749-003/2024(H5N1)	1558	95
PB2|PP755596.1|A/cattle/Texas/24-008749-003/2024(H5N1)	1559	95
PB2|PP755596.1|A/cattle/Texas/24-008749-003/2024(H5N1)	1560	92
PB2|PP755596.1|A/cattle/Texas/24-008749-003/2024(H5N1)	1561	96
PB2|PP755596.1|A/cattle/Texas/24-008749-003/2024(H5N1)	1562	96
PB2|PP755596.1|A/cattle/Texas/24-008749-003/2024(H5N1)	1563	96
PB2|PP755596.1|A/cattle/Texas/24-008749-003/2024(H5N1)	1564	96
PB2|PP755596.1|A/cattle/Texas/24-008749-003/2024(H5N1)	1565	96
PB2|PP755596.1|A/cattle/Texas/24-008749-003/2024(H5N1)	1566	96
PB2|PP755596.1|A/cattle/Texas/24-008749-003/2024(H5N1)	1567	96
PB2|PP755596.1|A/cattle/Texas/24-008749-003/2024(H5N1)	1568	95
PB2|PP755596.1|A/cattle/Texas/24-008749-003/2024(H5N1)	1569	97
PB2|PP755596.1|A/cattle/Texas/24-008749-003/2024(H5N1)	1570	96
PB2|PP755596.1|A/cattle/Texas/24-008749-003/2024(H5N1)	1571	95
PB2|PP755596.1|A/cattle/Texas/24-008749-003/2024(H5N1)	1572	95
PB2|PP755596.1|A/cattle/Texas/24-008749-003/2024(H5N1)	1573	95
PB2|PP755596.1|A/cattle/Texas/24-008749-003/2024(H5N1)	1574	95
PB2|PP755596.1|A/cattle/Texas/24-008749-003/2024(H5N1)	1575	95
PB2|PP755596.1|A/cattle/Texas/24-008749-003/2024(H5N1)	1576	97
PB2|PP755596.1|A/cattle/Texas/24-008749-003/2024(H5N1)	1577	97
PB2|PP755596.1|A/cattle/Texas/24-008749-003/2024(H5N1)	1578	96
PB2|PP755596.1|A/cattle/Texas/24-008749-003/2024(H5N1)	1579	96
PB2|PP755596.1|A/cattle/Texas/24-008749-003/2024(H5N1)	1580	96
PB2|PP755596.1|A/cattle/Texas/24-008749-003/2024(H5N1)	1581	92
PB2|PP755596.1|A/cattle/Texas/24-008749-003/2024(H5N1)	1582	92
PB2|PP755596.1|A/cattle/Texas/24-008749-003/2024(H5N1)	1583	92
PB2|PP755596.1|A/cattle/Texas/24-008749-003/2024(H5N1)	1584	90
PB2|PP755596.1|A/cattle/Texas/24-008749-003/2024(H5N1)	1585	90
PB2|PP755596.1|A/cattle/Texas/24-008749-003/2024(H5N1)	1586	91
PB2|PP755596.1|A/cattle/Texas/24-008749-003/2024(H5N1)	1587	96
PB2|PP755596.1|A/cattle/Texas/24-008749-003/2024(H5N1)	1588	96
PB2|PP755596.1|A/cattle/Texas/24-008749-003/2024(H5N1)	1589	98
PB2|PP755596.1|A/cattle/Texas/24-008749-003/2024(H5N1)	1590	96
PB2|PP755596.1|A/cattle/Texas/24-008749-003/2024(H5N1)	1591	96
PB2|PP755596.1|A/cattle/Texas/24-008749-003/2024(H5N1)	1592	96
PB2|PP755596.1|A/cattle/Texas/24-008749-003/2024(H5N1)	1593	96
PB2|PP755596.1|A/cattle/Texas/24-008749-003/2024(H5N1)	1594	93
PB2|PP755596.1|A/cattle/Texas/24-008749-003/2024(H5N1)	1595	93
PB2|PP755596.1|A/cattle/Texas/24-008749-003/2024(H5N1)	1596	93
PB2|PP755596.1|A/cattle/Texas/24-008749-003/2024(H5N1)	1597	94
PB2|PP755596.1|A/cattle/Texas/24-008749-003/2024(H5N1)	1598	94
PB2|PP755596.1|A/cattle/Texas/24-008749-003/2024(H5N1)	1599	94
PB2|PP755596.1|A/cattle/Texas/24-008749-003/2024(H5N1)	1600	96
PB2|PP755596.1|A/cattle/Texas/24-008749-003/2024(H5N1)	1601	96
PB2|PP755596.1|A/cattle/Texas/24-008749-003/2024(H5N1)	1602	96
PB2|PP755596.1|A/cattle/Texas/24-008749-003/2024(H5N1)	1603	96
PB2|PP755596.1|A/cattle/Texas/24-008749-003/2024(H5N1)	1604	97
PB2|PP755596.1|A/cattle/Texas/24-008749-003/2024(H5N1)	1605	97
PB2|PP755596.1|A/cattle/Texas/24-008749-003/2024(H5N1)	1606	97
PB2|PP755596.1|A/cattle/Texas/24-008749-003/2024(H5N1)	1607	97
PB2|PP755596.1|A/cattle/Texas/24-008749-003/2024(H5N1)	1608	97
PB2|PP755596.1|A/cattle/Texas/24-008749-003/2024(H5N1)	1609	96
PB2|PP755596.1|A/cattle/Texas/24-008749-003/2024(H5N1)	1610	94
PB2|PP755596.1|A/cattle/Texas/24-008749-003/2024(H5N1)	1611	98
PB2|PP755596.1|A/cattle/Texas/24-008749-003/2024(H5N1)	1612	98
PB2|PP755596.1|A/cattle/Texas/24-008749-003/2024(H5N1)	1613	98
PB2|PP755596.1|A/cattle/Texas/24-008749-003/2024(H5N1)	1614	98
PB2|PP755596.1|A/cattle/Texas/24-008749-003/2024(H5N1)	1615	87
PB2|PP755596.1|A/cattle/Texas/24-008749-003/2024(H5N1)	1616	87
PB2|PP755596.1|A/cattle/Texas/24-008749-003/2024(H5N1)	1617	84
PB2|PP755596.1|A/cattle/Texas/24-008749-003/2024(H5N1)	1618	84
PB2|PP755596.1|A/cattle/Texas/24-008749-003/2024(H5N1)	1619	82
PB2|PP755596.1|A/cattle/Texas/24-008749-003/2024(H5N1)	1620	80
PB2|PP755596.1|A/cattle/Texas/24-008749-003/2024(H5N1)	1621	80
PB2|PP755596.1|A/cattle/Texas/24-008749-003/2024(H5N1)	1622	87
PB2|PP755596.1|A/cattle/Texas/24-008749-003/2024(H5N1)	1623	86
PB2|PP755596.1|A/cattle/Texas/24-008749-003/2024(H5N1)	1624	85
PB2|PP755596.1|A/cattle/Texas/24-008749-003/2024(H5N1)	1625	85
PB2|PP755596.1|A/cattle/Texas/24-008749-003/2024(H5N1)	1626	87
PB2|PP755596.1|A/cattle/Texas/24-008749-003/2024(H5N1)	1627	89
PB2|PP755596.1|A/cattle/Texas/24-008749-003/2024(H5N1)	1628	89
PB2|PP755596.1|A/cattle/Texas/24-008749-003/2024(H5N1)	1629	84
PB2|PP755596.1|A/cattle/Texas/24-008749-003/2024(H5N1)	1630	85
PB2|PP755596.1|A/cattle/Texas/24-008749-003/2024(H5N1)	1631	80
PB2|PP755596.1|A/cattle/Texas/24-008749-003/2024(H5N1)	1632	80
PB2|PP755596.1|A/cattle/Texas/24-008749-003/2024(H5N1)	1633	87
PB2|PP755596.1|A/cattle/Texas/24-008749-003/2024(H5N1)	1634	87
PB2|PP755596.1|A/cattle/Texas/24-008749-003/2024(H5N1)	1635	87
PB2|PP755596.1|A/cattle/Texas/24-008749-003/2024(H5N1)	1636	84
PB2|PP755596.1|A/cattle/Texas/24-008749-003/2024(H5N1)	1637	84
PB2|PP755596.1|A/cattle/Texas/24-008749-003/2024(H5N1)	1638	95
PB2|PP755596.1|A/cattle/Texas/24-008749-003/2024(H5N1)	1639	98
PB2|PP755596.1|A/cattle/Texas/24-008749-003/2024(H5N1)	1640	99
PB2|PP755596.1|A/cattle/Texas/24-008749-003/2024(H5N1)	1641	99
PB2|PP755596.1|A/cattle/Texas/24-008749-003/2024(H5N1)	1642	96
PB2|PP755596.1|A/cattle/Texas/24-008749-003/2024(H5N1)	1643	98
PB2|PP755596.1|A/cattle/Texas/24-008749-003/2024(H5N1)	1644	98
PB2|PP755596.1|A/cattle/Texas/24-008749-003/2024(H5N1)	1645	98
PB2|PP755596.1|A/cattle/Texas/24-008749-003/2024(H5N1)	1646	106
PB2|PP755596.1|A/cattle/Texas/24-008749-003/2024(H5N1)	1647	101
PB2|PP755596.1|A/cattle/Texas/24-008749-003/2024(H5N1)	1648	104
PB2|PP755596.1|A/cattle/Texas/24-008749-003/2024(H5N1)	1649	104
PB2|PP755596.1|A/cattle/Texas/24-008749-003/2024(H5N1)	1650	104
PB2|PP755596.1|A/cattle/Texas/24-008749-003/2024(H5N1)	1651	103
PB2|PP755596.1|A/cattle/Texas/24-008749-003/2024(H5N1)	1652	92
PB2|PP755596.1|A/cattle/Texas/24-008749-003/2024(H5N1)	1653	94
PB2|PP755596.1|A/cattle/Texas/24-008749-003/2024(H5N1)	1654	95
PB2|PP755596.1|A/cattle/Texas/24-008749-003/2024(H5N1)	1655	94
PB2|PP755596.1|A/cattle/Texas/24-008749-003/2024(H5N1)	1656	94
PB2|PP755596.1|A/cattle/Texas/24-008749-003/2024(H5N1)	1657	93
PB2|PP755596.1|A/cattle/Texas/24-008749-003/2024(H5N1)	1658	93
PB2|PP755596.1|A/cattle/Texas/24-008749-003/2024(H5N1)	1659	93
PB2|PP755596.1|A/cattle/Texas/24-008749-003/2024(H5N1)	1660	94
PB2|PP755596.1|A/cattle/Texas/24-008749-003/2024(H5N1)	1661	94
PB2|PP755596.1|A/cattle/Texas/24-008749-003/2024(H5N1)	1662	94
PB2|PP755596.1|A/cattle/Texas/24-008749-003/2024(H5N1)	1663	90
PB2|PP755596.1|A/cattle/Texas/24-008749-003/2024(H5N1)	1664	90
PB2|PP755596.1|A/cattle/Texas/24-008749-003/2024(H5N1)	1665	90
PB2|PP755596.1|A/cattle/Texas/24-008749-003/2024(H5N1)	1666	90
PB2|PP755596.1|A/cattle/Texas/24-008749-003/2024(H5N1)	1667	90
PB2|PP755596.1|A/cattle/Texas/24-008749-003/2024(H5N1)	1668	91
PB2|PP755596.1|A/cattle/Texas/24-008749-003/2024(H5N1)	1669	91
PB2|PP755596.1|A/cattle/Texas/24-008749-003/2024(H5N1)	1670	91
PB2|PP755596.1|A/cattle/Texas/24-008749-003/2024(H5N1)	1671	91
PB2|PP755596.1|A/cattle/Texas/24-008749-003/2024(H5N1)	1672	91
PB2|PP755596.1|A/cattle/Texas/24-008749-003/2024(H5N1)	1673	93
PB2|PP755596.1|A/cattle/Texas/24-008749-003/2024(H5N1)	1674	93
PB2|PP755596.1|A/cattle/Texas/24-008749-003/2024(H5N1)	1675	92
PB2|PP755596.1|A/cattle/Texas/24-008749-003/2024(H5N1)	1676	93
PB2|PP755596.1|A/cattle/Texas/24-008749-003/2024(H5N1)	1677	93
PB2|PP755596.1|A/cattle/Texas/24-008749-003/2024(H5N1)	1678	92
PB2|PP755596.1|A/cattle/Texas/24-008749-003/2024(H5N1)	1679	94
PB2|PP755596.1|A/cattle/Texas/24-008749-003/2024(H5N1)	1680	93
PB2|PP755596.1|A/cattle/Texas/24-008749-003/2024(H5N1)	1681	93
PB2|PP755596.1|A/cattle/Texas/24-008749-003/2024(H5N1)	1682	89
PB2|PP755596.1|A/cattle/Texas/24-008749-003/2024(H5N1)	1683	90
PB2|PP755596.1|A/cattle/Texas/24-008749-003/2024(H5N1)	1684	91
PB2|PP755596.1|A/cattle/Texas/24-008749-003/2024(H5N1)	1685	91
PB2|PP755596.1|A/cattle/Texas/24-008749-003/2024(H5N1)	1686	91
PB2|PP755596.1|A/cattle/Texas/24-008749-003/2024(H5N1)	1687	91
PB2|PP755596.1|A/cattle/Texas/24-008749-003/2024(H5N1)	1688	89
PB2|PP755596.1|A/cattle/Texas/24-008749-003/2024(H5N1)	1689	89
PB2|PP755596.1|A/cattle/Texas/24-008749-003/2024(H5N1)	1690	89
PB2|PP755596.1|A/cattle/Texas/24-008749-003/2024(H5N1)	1691	93
PB2|PP755596.1|A/cattle/Texas/24-008749-003/2024(H5N1)	1692	96
PB2|PP755596.1|A/cattle/Texas/24-008749-003/2024(H5N1)	1693	96
PB2|PP755596.1|A/cattle/Texas/24-008749-003/2024(H5N1)	1694	96
PB2|PP755596.1|A/cattle/Texas/24-008749-003/2024(H5N1)	1695	96
PB2|PP755596.1|A/cattle/Texas/24-008749-003/2024(H5N1)	1696	95
PB2|PP755596.1|A/cattle/Texas/24-008749-003/2024(H5N1)	1697	95
PB2|PP755596.1|A/cattle/Texas/24-008749-003/2024(H5N1)	1698	95
PB2|PP755596.1|A/cattle/Texas/24-008749-003/2024(H5N1)	1699	95
PB2|PP755596.1|A/cattle/Texas/24-008749-003/2024(H5N1)	1700	93
PB2|PP755596.1|A/cattle/Texas/24-008749-003/2024(H5N1)	1701	93
PB2|PP755596.1|A/cattle/Texas/24-008749-003/2024(H5N1)	1702	97
PB2|PP755596.1|A/cattle/Texas/24-008749-003/2024(H5N1)	1703	100
PB2|PP755596.1|A/cattle/Texas/24-008749-003/2024(H5N1)	1704	100
PB2|PP755596.1|A/cattle/Texas/24-008749-003/2024(H5N1)	1705	99
PB2|PP755596.1|A/cattle/Texas/24-008749-003/2024(H5N1)	1706	100
PB2|PP755596.1|A/cattle/Texas/24-008749-003/2024(H5N1)	1707	100
PB2|PP755596.1|A/cattle/Texas/24-008749-003/2024(H5N1)	1708	103
PB2|PP755596.1|A/cattle/Texas/24-008749-003/2024(H5N1)	1709	103
PB2|PP755596.1|A/cattle/Texas/24-008749-003/2024(H5N1)	1710	106
PB2|PP755596.1|A/cattle/Texas/24-008749-003/2024(H5N1)	1711	107
PB2|PP755596.1|A/cattle/Texas/24-008749-003/2024(H5N1)	1712	101
PB2|PP755596.1|A/cattle/Texas/24-008749-003/2024(H5N1)	1713	102
PB2|PP755596.1|A/cattle/Texas/24-008749-003/2024(H5N1)	1714	102
PB2|PP755596.1|A/cattle/Texas/24-008749-003/2024(H5N1)	1715	102
PB2|PP755596.1|A/cattle/Texas/24-008749-003/2024(H5N1)	1716	102
PB2|PP755596.1|A/cattle/Texas/24-008749-003/2024(H5N1)	1717	98
PB2|PP755596.1|A/cattle/Texas/24-008749-003/2024(H5N1)	1718	100
PB2|PP755596.1|A/cattle/Texas/24-008749-003/2024(H5N1)	1719	98
PB2|PP755596.1|A/cattle/Texas/24-008749-003/2024(H5N1)	1720	98
PB2|PP755596.1|A/cattle/Texas/24-008749-003/2024(H5N1)	1721	97
PB2|PP755596.1|A/cattle/Texas/24-008749-003/2024(H5N1)	1722	98
PB2|PP755596.1|A/cattle/Texas/24-008749-003/2024(H5N1)	1723	99
PB2|PP755596.1|A/cattle/Texas/24-008749-003/2024(H5N1)	1724	99
PB2|PP755596.1|A/cattle/Texas/24-008749-003/2024(H5N1)	1725	98
PB2|PP755596.1|A/cattle/Texas/24-008749-003/2024(H5N1)	1726	98
PB2|PP755596.1|A/cattle/Texas/24-008749-003/2024(H5N1)	1727	98
PB2|PP755596.1|A/cattle/Texas/24-008749-003/2024(H5N1)	1728	100
PB2|PP755596.1|A/cattle/Texas/24-008749-003/2024(H5N1)	1729	100
PB2|PP755596.1|A/cattle/Texas/24-008749-003/2024(H5N1)	1730	100
PB2|PP755596.1|A/cattle/Texas/24-008749-003/2024(H5N1)	1731	100
PB2|PP755596.1|A/cattle/Texas/24-008749-003/2024(H5N1)	1732	100
PB2|PP755596.1|A/cattle/Texas/24-008749-003/2024(H5N1)	1733	103
PB2|PP755596.1|A/cattle/Texas/24-008749-003/2024(H5N1)	1734	103
PB2|PP755596.1|A/cattle/Texas/24-008749-003/2024(H5N1)	1735	103
PB2|PP755596.1|A/cattle/Texas/24-008749-003/2024(H5N1)	1736	103
PB2|PP755596.1|A/cattle/Texas/24-008749-003/2024(H5N1)	1737	105
PB2|PP755596.1|A/cattle/Texas/24-008749-003/2024(H5N1)	1738	102
PB2|PP755596.1|A/cattle/Texas/24-008749-003/2024(H5N1)	1739	101
PB2|PP755596.1|A/cattle/Texas/24-008749-003/2024(H5N1)	1740	101
PB2|PP755596.1|A/cattle/Texas/24-008749-003/2024(H5N1)	1741	101
PB2|PP755596.1|A/cattle/Texas/24-008749-003/2024(H5N1)	1742	102
PB2|PP755596.1|A/cattle/Texas/24-008749-003/2024(H5N1)	1743	102
PB2|PP755596.1|A/cattle/Texas/24-008749-003/2024(H5N1)	1744	101
PB2|PP755596.1|A/cattle/Texas/24-008749-003/2024(H5N1)	1745	101
PB2|PP755596.1|A/cattle/Texas/24-008749-003/2024(H5N1)	1746	99
PB2|PP755596.1|A/cattle/Texas/24-008749-003/2024(H5N1)	1747	99
PB2|PP755596.1|A/cattle/Texas/24-008749-003/2024(H5N1)	1748	96
PB2|PP755596.1|A/cattle/Texas/24-008749-003/2024(H5N1)	1749	96
PB2|PP755596.1|A/cattle/Texas/24-008749-003/2024(H5N1)	1750	98
PB2|PP755596.1|A/cattle/Texas/24-008749-003/2024(H5N1)	1751	95
PB2|PP755596.1|A/cattle/Texas/24-008749-003/2024(H5N1)	1752	104
PB2|PP755596.1|A/cattle/Texas/24-008749-003/2024(H5N1)	1753	104
PB2|PP755596.1|A/cattle/Texas/24-008749-003/2024(H5N1)	1754	101
PB2|PP755596.1|A/cattle/Texas/24-008749-003/2024(H5N1)	1755	101
PB2|PP755596.1|A/cattle/Texas/24-008749-003/2024(H5N1)	1756	101
PB2|PP755596.1|A/cattle/Texas/24-008749-003/2024(H5N1)	1757	101
PB2|PP755596.1|A/cattle/Texas/24-008749-003/2024(H5N1)	1758	101
PB2|PP755596.1|A/cattle/Texas/24-008749-003/2024(H5N1)	1759	102
PB2|PP755596.1|A/cattle/Texas/24-008749-003/2024(H5N1)	1760	101
PB2|PP755596.1|A/cattle/Texas/24-008749-003/2024(H5N1)	1761	97
PB2|PP755596.1|A/cattle/Texas/24-008749-003/2024(H5N1)	1762	100
PB2|PP755596.1|A/cattle/Texas/24-008749-003/2024(H5N1)	1763	103
PB2|PP755596.1|A/cattle/Texas/24-008749-003/2024(H5N1)	1764	103
PB2|PP755596.1|A/cattle/Texas/24-008749-003/2024(H5N1)	1765	103
PB2|PP755596.1|A/cattle/Texas/24-008749-003/2024(H5N1)	1766	104
PB2|PP755596.1|A/cattle/Texas/24-008749-003/2024(H5N1)	1767	104
PB2|PP755596.1|A/cattle/Texas/24-008749-003/2024(H5N1)	1768	115
PB2|PP755596.1|A/cattle/Texas/24-008749-003/2024(H5N1)	1769	115
PB2|PP755596.1|A/cattle/Texas/24-008749-003/2024(H5N1)	1770	116
PB2|PP755596.1|A/cattle/Texas/24-008749-003/2024(H5N1)	1771	118
PB2|PP755596.1|A/cattle/Texas/24-008749-003/2024(H5N1)	1772	118
PB2|PP755596.1|A/cattle/Texas/24-008749-003/2024(H5N1)	1773	117
PB2|PP755596.1|A/cattle/Texas/24-008749-003/2024(H5N1)	1774	121
PB2|PP755596.1|A/cattle/Texas/24-008749-003/2024(H5N1)	1775	119
PB2|PP755596.1|A/cattle/Texas/24-008749-003/2024(H5N1)	1776	121
PB2|PP755596.1|A/cattle/Texas/24-008749-003/2024(H5N1)	1777	116
PB2|PP755596.1|A/cattle/Texas/24-008749-003/2024(H5N1)	1778	114
PB2|PP755596.1|A/cattle/Texas/24-008749-003/2024(H5N1)	1779	116
PB2|PP755596.1|A/cattle/Texas/24-008749-003/2024(H5N1)	1780	116
PB2|PP755596.1|A/cattle/Texas/24-008749-003/2024(H5N1)	1781	115
PB2|PP755596.1|A/cattle/Texas/24-008749-003/2024(H5N1)	1782	113
PB2|PP755596.1|A/cattle/Texas/24-008749-003/2024(H5N1)	1783	112
PB2|PP755596.1|A/cattle/Texas/24-008749-003/2024(H5N1)	1784	110
PB2|PP755596.1|A/cattle/Texas/24-008749-003/2024(H5N1)	1785	115
PB2|PP755596.1|A/cattle/Texas/24-008749-003/2024(H5N1)	1786	115
PB2|PP755596.1|A/cattle/Texas/24-008749-003/2024(H5N1)	1787	115
PB2|PP755596.1|A/cattle/Texas/24-008749-003/2024(H5N1)	1788	115
PB2|PP755596.1|A/cattle/Texas/24-008749-003/2024(H5N1)	1789	107
PB2|PP755596.1|A/cattle/Texas/24-008749-003/2024(H5N1)	1790	107
PB2|PP755596.1|A/cattle/Texas/24-008749-003/2024(H5N1)	1791	106
PB2|PP755596.1|A/cattle/Texas/24-008749-003/2024(H5N1)	1792	106
PB2|PP755596.1|A/cattle/Texas/24-008749-003/2024(H5N1)	1793	109
PB2|PP755596.1|A/cattle/Texas/24-008749-003/2024(H5N1)	1794	108
PB2|PP755596.1|A/cattle/Texas/24-008749-003/2024(H5N1)	1795	112
PB2|PP755596.1|A/cattle/Texas/24-008749-003/2024(H5N1)	1796	112
PB2|PP755596.1|A/cattle/Texas/24-008749-003/2024(H5N1)	1797	113
PB2|PP755596.1|A/cattle/Texas/24-008749-003/2024(H5N1)	1798	113
PB2|PP755596.1|A/cattle/Texas/24-008749-003/2024(H5N1)	1799	112
PB2|PP755596.1|A/cattle/Texas/24-008749-003/2024(H5N1)	1800	112
PB2|PP755596.1|A/cattle/Texas/24-008749-003/2024(H5N1)	1801	112
PB2|PP755596.1|A/cattle/Texas/24-008749-003/2024(H5N1)	1802	112
PB2|PP755596.1|A/cattle/Texas/24-008749-003/2024(H5N1)	1803	112
PB2|PP755596.1|A/cattle/Texas/24-008749-003/2024(H5N1)	1804	113
PB2|PP755596.1|A/cattle/Texas/24-008749-003/2024(H5N1)	1805	113
PB2|PP755596.1|A/cattle/Texas/24-008749-003/2024(H5N1)	1806	113
PB2|PP755596.1|A/cattle/Texas/24-008749-003/2024(H5N1)	1807	113
PB2|PP755596.1|A/cattle/Texas/24-008749-003/2024(H5N1)	1808	116
PB2|PP755596.1|A/cattle/Texas/24-008749-003/2024(H5N1)	1809	116
PB2|PP755596.1|A/cattle/Texas/24-008749-003/2024(H5N1)	1810	117
PB2|PP755596.1|A/cattle/Texas/24-008749-003/2024(H5N1)	1811	117
PB2|PP755596.1|A/cattle/Texas/24-008749-003/2024(H5N1)	1812	117
PB2|PP755596.1|A/cattle/Texas/24-008749-003/2024(H5N1)	1813	119
PB2|PP755596.1|A/cattle/Texas/24-008749-003/2024(H5N1)	1814	122
PB2|PP755596.1|A/cattle/Texas/24-008749-003/2024(H5N1)	1815	123
PB2|PP755596.1|A/cattle/Texas/24-008749-003/2024(H5N1)	1816	126
PB2|PP755596.1|A/cattle/Texas/24-008749-003/2024(H5N1)	1817	127
PB2|PP755596.1|A/cattle/Texas/24-008749-003/2024(H5N1)	1818	127
PB2|PP755596.1|A/cattle/Texas/24-008749-003/2024(H5N1)	1819	127
PB2|PP755596.1|A/cattle/Texas/24-008749-003/2024(H5N1)	1820	127
PB2|PP755596.1|A/cattle/Texas/24-008749-003/2024(H5N1)	1821	127
PB2|PP755596.1|A/cattle/Texas/24-008749-003/2024(H5N1)	1822	127
PB2|PP755596.1|A/cattle/Texas/24-008749-003/2024(H5N1)	1823	127
PB2|PP755596.1|A/cattle/Texas/24-008749-003/2024(H5N1)	1824	126
PB2|PP755596.1|A/cattle/Texas/24-008749-003/2024(H5N1)	1825	129
PB2|PP755596.1|A/cattle/Texas/24-008749-003/2024(H5N1)	1826	128
PB2|PP755596.1|A/cattle/Texas/24-008749-003/2024(H5N1)	1827	132
PB2|PP755596.1|A/cattle/Texas/24-008749-003/2024(H5N1)	1828	132
PB2|PP755596.1|A/cattle/Texas/24-008749-003/2024(H5N1)	1829	132
PB2|PP755596.1|A/cattle/Texas/24-008749-003/2024(H5N1)	1830	132
PB2|PP755596.1|A/cattle/Texas/24-008749-003/2024(H5N1)	1831	132
PB2|PP755596.1|A/cattle/Texas/24-008749-003/2024(H5N1)	1832	135
PB2|PP755596.1|A/cattle/Texas/24-008749-003/2024(H5N1)	1833	135
PB2|PP755596.1|A/cattle/Texas/24-008749-003/2024(H5N1)	1834	134
PB2|PP755596.1|A/cattle/Texas/24-008749-003/2024(H5N1)	1835	134
PB2|PP755596.1|A/cattle/Texas/24-008749-003/2024(H5N1)	1836	124
PB2|PP755596.1|A/cattle/Texas/24-008749-003/2024(H5N1)	1837	134
PB2|PP755596.1|A/cattle/Texas/24-008749-003/2024(H5N1)	1838	134
PB2|PP755596.1|A/cattle/Texas/24-008749-003/2024(H5N1)	1839	135
PB2|PP755596.1|A/cattle/Texas/24-008749-003/2024(H5N1)	1840	135
PB2|PP755596.1|A/cattle/Texas/24-008749-003/2024(H5N1)	1841	135
PB2|PP755596.1|A/cattle/Texas/24-008749-003/2024(H5N1)	1842	135
PB2|PP755596.1|A/cattle/Texas/24-008749-003/2024(H5N1)	1843	136
PB2|PP755596.1|A/cattle/Texas/24-008749-003/2024(H5N1)	1844	136
PB2|PP755596.1|A/cattle/Texas/24-008749-003/2024(H5N1)	1845	136
PB2|PP755596.1|A/cattle/Texas/24-008749-003/2024(H5N1)	1846	132
PB2|PP755596.1|A/cattle/Texas/24-008749-003/2024(H5N1)	1847	132
PB2|PP755596.1|A/cattle/Texas/24-008749-003/2024(H5N1)	1848	132
PB2|PP755596.1|A/cattle/Texas/24-008749-003/2024(H5N1)	1849	135
PB2|PP755596.1|A/cattle/Texas/24-008749-003/2024(H5N1)	1850	135
PB2|PP755596.1|A/cattle/Texas/24-008749-003/2024(H5N1)	1851	134
PB2|PP755596.1|A/cattle/Texas/24-008749-003/2024(H5N1)	1852	134
PB2|PP755596.1|A/cattle/Texas/24-008749-003/2024(H5N1)	1853	130
PB2|PP755596.1|A/cattle/Texas/24-008749-003/2024(H5N1)	1854	134
PB2|PP755596.1|A/cattle/Texas/24-008749-003/2024(H5N1)	1855	133
PB2|PP755596.1|A/cattle/Texas/24-008749-003/2024(H5N1)	1856	133
PB2|PP755596.1|A/cattle/Texas/24-008749-003/2024(H5N1)	1857	137
PB2|PP755596.1|A/cattle/Texas/24-008749-003/2024(H5N1)	1858	136
PB2|PP755596.1|A/cattle/Texas/24-008749-003/2024(H5N1)	1859	139
PB2|PP755596.1|A/cattle/Texas/24-008749-003/2024(H5N1)	1860	138
PB2|PP755596.1|A/cattle/Texas/24-008749-003/2024(H5N1)	1861	134
PB2|PP755596.1|A/cattle/Texas/24-008749-003/2024(H5N1)	1862	134
PB2|PP755596.1|A/cattle/Texas/24-008749-003/2024(H5N1)	1863	134
PB2|PP755596.1|A/cattle/Texas/24-008749-003/2024(H5N1)	1864	133
PB2|PP755596.1|A/cattle/Texas/24-008749-003/2024(H5N1)	1865	133
PB2|PP755596.1|A/cattle/Texas/24-008749-003/2024(H5N1)	1866	133
PB2|PP755596.1|A/cattle/Texas/24-008749-003/2024(H5N1)	1867	133
PB2|PP755596.1|A/cattle/Texas/24-008749-003/2024(H5N1)	1868	134
PB2|PP755596.1|A/cattle/Texas/24-008749-003/2024(H5N1)	1869	135
PB2|PP755596.1|A/cattle/Texas/24-008749-003/2024(H5N1)	1870	137
PB2|PP755596.1|A/cattle/Texas/24-008749-003/2024(H5N1)	1871	137
PB2|PP755596.1|A/cattle/Texas/24-008749-003/2024(H5N1)	1872	136
PB2|PP755596.1|A/cattle/Texas/24-008749-003/2024(H5N1)	1873	136
PB2|PP755596.1|A/cattle/Texas/24-008749-003/2024(H5N1)	1874	135
PB2|PP755596.1|A/cattle/Texas/24-008749-003/2024(H5N1)	1875	135
PB2|PP755596.1|A/cattle/Texas/24-008749-003/2024(H5N1)	1876	135
PB2|PP755596.1|A/cattle/Texas/24-008749-003/2024(H5N1)	1877	135
PB2|PP755596.1|A/cattle/Texas/24-008749-003/2024(H5N1)	1878	135
PB2|PP755596.1|A/cattle/Texas/24-008749-003/2024(H5N1)	1879	139
PB2|PP755596.1|A/cattle/Texas/24-008749-003/2024(H5N1)	1880	137
PB2|PP755596.1|A/cattle/Texas/24-008749-003/2024(H5N1)	1881	137
PB2|PP755596.1|A/cattle/Texas/24-008749-003/2024(H5N1)	1882	137
PB2|PP755596.1|A/cattle/Texas/24-008749-003/2024(H5N1)	1883	139
PB2|PP755596.1|A/cattle/Texas/24-008749-003/2024(H5N1)	1884	138
PB2|PP755596.1|A/cattle/Texas/24-008749-003/2024(H5N1)	1885	138
PB2|PP755596.1|A/cattle/Texas/24-008749-003/2024(H5N1)	1886	138
PB2|PP755596.1|A/cattle/Texas/24-008749-003/2024(H5N1)	1887	139
PB2|PP755596.1|A/cattle/Texas/24-008749-003/2024(H5N1)	1888	136
PB2|PP755596.1|A/cattle/Texas/24-008749-003/2024(H5N1)	1889	136
PB2|PP755596.1|A/cattle/Texas/24-008749-003/2024(H5N1)	1890	137
PB2|PP755596.1|A/cattle/Texas/24-008749-003/2024(H5N1)	1891	141
PB2|PP755596.1|A/cattle/Texas/24-008749-003/2024(H5N1)	1892	141
PB2|PP755596.1|A/cattle/Texas/24-008749-003/2024(H5N1)	1893	141
PB2|PP755596.1|A/cattle/Texas/24-008749-003/2024(H5N1)	1894	143
PB2|PP755596.1|A/cattle/Texas/24-008749-003/2024(H5N1)	1895	142
PB2|PP755596.1|A/cattle/Texas/24-008749-003/2024(H5N1)	1896	144
PB2|PP755596.1|A/cattle/Texas/24-008749-003/2024(H5N1)	1897	142
PB2|PP755596.1|A/cattle/Texas/24-008749-003/2024(H5N1)	1898	143
PB2|PP755596.1|A/cattle/Texas/24-008749-003/2024(H5N1)	1899	143
PB2|PP755596.1|A/cattle/Texas/24-008749-003/2024(H5N1)	1900	134
PB2|PP755596.1|A/cattle/Texas/24-008749-003/2024(H5N1)	1901	134
PB2|PP755596.1|A/cattle/Texas/24-008749-003/2024(H5N1)	1902	132
PB2|PP755596.1|A/cattle/Texas/24-008749-003/2024(H5N1)	1903	125
PB2|PP755596.1|A/cattle/Texas/24-008749-003/2024(H5N1)	1904	128
PB2|PP755596.1|A/cattle/Texas/24-008749-003/2024(H5N1)	1905	128
PB2|PP755596.1|A/cattle/Texas/24-008749-003/2024(H5N1)	1906	131
PB2|PP755596.1|A/cattle/Texas/24-008749-003/2024(H5N1)	1907	129
PB2|PP755596.1|A/cattle/Texas/24-008749-003/2024(H5N1)	1908	129
PB2|PP755596.1|A/cattle/Texas/24-008749-003/2024(H5N1)	1909	130
PB2|PP755596.1|A/cattle/Texas/24-008749-003/2024(H5N1)	1910	129
PB2|PP755596.1|A/cattle/Texas/24-008749-003/2024(H5N1)	1911	122
PB2|PP755596.1|A/cattle/Texas/24-008749-003/2024(H5N1)	1912	124
PB2|PP755596.1|A/cattle/Texas/24-008749-003/2024(H5N1)	1913	120
PB2|PP755596.1|A/cattle/Texas/24-008749-003/2024(H5N1)	1914	120
PB2|PP755596.1|A/cattle/Texas/24-008749-003/2024(H5N1)	1915	120
PB2|PP755596.1|A/cattle/Texas/24-008749-003/2024(H5N1)	1916	120
PB2|PP755596.1|A/cattle/Texas/24-008749-003/2024(H5N1)	1917	120
PB2|PP755596.1|A/cattle/Texas/24-008749-003/2024(H5N1)	1918	120
PB2|PP755596.1|A/cattle/Texas/24-008749-003/2024(H5N1)	1919	112
PB2|PP755596.1|A/cattle/Texas/24-008749-003/2024(H5N1)	1920	112
PB2|PP755596.1|A/cattle/Texas/24-008749-003/2024(H5N1)	1921	110
PB2|PP755596.1|A/cattle/Texas/24-008749-003/2024(H5N1)	1922	110
PB2|PP755596.1|A/cattle/Texas/24-008749-003/2024(H5N1)	1923	111
PB2|PP755596.1|A/cattle/Texas/24-008749-003/2024(H5N1)	1924	110
PB2|PP755596.1|A/cattle/Texas/24-008749-003/2024(H5N1)	1925	115
PB2|PP755596.1|A/cattle/Texas/24-008749-003/2024(H5N1)	1926	115
PB2|PP755596.1|A/cattle/Texas/24-008749-003/2024(H5N1)	1927	113
PB2|PP755596.1|A/cattle/Texas/24-008749-003/2024(H5N1)	1928	113
PB2|PP755596.1|A/cattle/Texas/24-008749-003/2024(H5N1)	1929	113
PB2|PP755596.1|A/cattle/Texas/24-008749-003/2024(H5N1)	1930	113
PB2|PP755596.1|A/cattle/Texas/24-008749-003/2024(H5N1)	1931	114
PB2|PP755596.1|A/cattle/Texas/24-008749-003/2024(H5N1)	1932	114
PB2|PP755596.1|A/cattle/Texas/24-008749-003/2024(H5N1)	1933	115
PB2|PP755596.1|A/cattle/Texas/24-008749-003/2024(H5N1)	1934	118
PB2|PP755596.1|A/cattle/Texas/24-008749-003/2024(H5N1)	1935	118
PB2|PP755596.1|A/cattle/Texas/24-008749-003/2024(H5N1)	1936	108
PB2|PP755596.1|A/cattle/Texas/24-008749-003/2024(H5N1)	1937	109
PB2|PP755596.1|A/cattle/Texas/24-008749-003/2024(H5N1)	1938	109
PB2|PP755596.1|A/cattle/Texas/24-008749-003/2024(H5N1)	1939	110
PB2|PP755596.1|A/cattle/Texas/24-008749-003/2024(H5N1)	1940	110
PB2|PP755596.1|A/cattle/Texas/24-008749-003/2024(H5N1)	1941	118
PB2|PP755596.1|A/cattle/Texas/24-008749-003/2024(H5N1)	1942	118
PB2|PP755596.1|A/cattle/Texas/24-008749-003/2024(H5N1)	1943	116
PB2|PP755596.1|A/cattle/Texas/24-008749-003/2024(H5N1)	1944	117
PB2|PP755596.1|A/cattle/Texas/24-008749-003/2024(H5N1)	1945	117
PB2|PP755596.1|A/cattle/Texas/24-008749-003/2024(H5N1)	1946	113
PB2|PP755596.1|A/cattle/Texas/24-008749-003/2024(H5N1)	1947	113
PB2|PP755596.1|A/cattle/Texas/24-008749-003/2024(H5N1)	1948	112
PB2|PP755596.1|A/cattle/Texas/24-008749-003/2024(H5N1)	1949	112
PB2|PP755596.1|A/cattle/Texas/24-008749-003/2024(H5N1)	1950	113
PB2|PP755596.1|A/cattle/Texas/24-008749-003/2024(H5N1)	1951	113
PB2|PP755596.1|A/cattle/Texas/24-008749-003/2024(H5N1)	1952	113
PB2|PP755596.1|A/cattle/Texas/24-008749-003/2024(H5N1)	1953	113
PB2|PP755596.1|A/cattle/Texas/24-008749-003/2024(H5N1)	1954	113
PB2|PP755596.1|A/cattle/Texas/24-008749-003/2024(H5N1)	1955	116
PB2|PP755596.1|A/cattle/Texas/24-008749-003/2024(H5N1)	1956	117
PB2|PP755596.1|A/cattle/Texas/24-008749-003/2024(H5N1)	1957	117
PB2|PP755596.1|A/cattle/Texas/24-008749-003/2024(H5N1)	1958	116
PB2|PP755596.1|A/cattle/Texas/24-008749-003/2024(H5N1)	1959	116
PB2|PP755596.1|A/cattle/Texas/24-008749-003/2024(H5N1)	1960	116
PB2|PP755596.1|A/cattle/Texas/24-008749-003/2024(H5N1)	1961	116
PB2|PP755596.1|A/cattle/Texas/24-008749-003/2024(H5N1)	1962	112
PB2|PP755596.1|A/cattle/Texas/24-008749-003/2024(H5N1)	1963	114
PB2|PP755596.1|A/cattle/Texas/24-008749-003/2024(H5N1)	1964	109
PB2|PP755596.1|A/cattle/Texas/24-008749-003/2024(H5N1)	1965	110
PB2|PP755596.1|A/cattle/Texas/24-008749-003/2024(H5N1)	1966	109
PB2|PP755596.1|A/cattle/Texas/24-008749-003/2024(H5N1)	1967	108
PB2|PP755596.1|A/cattle/Texas/24-008749-003/2024(H5N1)	1968	108
PB2|PP755596.1|A/cattle/Texas/24-008749-003/2024(H5N1)	1969	109
PB2|PP755596.1|A/cattle/Texas/24-008749-003/2024(H5N1)	1970	109
PB2|PP755596.1|A/cattle/Texas/24-008749-003/2024(H5N1)	1971	109
PB2|PP755596.1|A/cattle/Texas/24-008749-003/2024(H5N1)	1972	117
PB2|PP755596.1|A/cattle/Texas/24-008749-003/2024(H5N1)	1973	117
PB2|PP755596.1|A/cattle/Texas/24-008749-003/2024(H5N1)	1974	115
PB2|PP755596.1|A/cattle/Texas/24-008749-003/2024(H5N1)	1975	114
PB2|PP755596.1|A/cattle/Texas/24-008749-003/2024(H5N1)	1976	113
PB2|PP755596.1|A/cattle/Texas/24-008749-003/2024(H5N1)	1977	114
PB2|PP755596.1|A/cattle/Texas/24-008749-003/2024(H5N1)	1978	113
PB2|PP755596.1|A/cattle/Texas/24-008749-003/2024(H5N1)	1979	111
PB2|PP755596.1|A/cattle/Texas/24-008749-003/2024(H5N1)	1980	111
PB2|PP755596.1|A/cattle/Texas/24-008749-003/2024(H5N1)	1981	112
PB2|PP755596.1|A/cattle/Texas/24-008749-003/2024(H5N1)	1982	112
PB2|PP755596.1|A/cattle/Texas/24-008749-003/2024(H5N1)	1983	109
PB2|PP755596.1|A/cattle/Texas/24-008749-003/2024(H5N1)	1984	113
PB2|PP755596.1|A/cattle/Texas/24-008749-003/2024(H5N1)	1985	113
PB2|PP755596.1|A/cattle/Texas/24-008749-003/2024(H5N1)	1986	113
PB2|PP755596.1|A/cattle/Texas/24-008749-003/2024(H5N1)	1987	116
PB2|PP755596.1|A/cattle/Texas/24-008749-003/2024(H5N1)	1988	115
PB2|PP755596.1|A/cattle/Texas/24-008749-003/2024(H5N1)	1989	115
PB2|PP755596.1|A/cattle/Texas/24-008749-003/2024(H5N1)	1990	112
PB2|PP755596.1|A/cattle/Texas/24-008749-003/2024(H5N1)	1991	113
PB2|PP755596.1|A/cattle/Texas/24-008749-003/2024(H5N1)	1992	113
PB2|PP755596.1|A/cattle/Texas/24-008749-003/2024(H5N1)	1993	113
PB2|PP755596.1|A/cattle/Texas/24-008749-003/2024(H5N1)	1994	114
PB2|PP755596.1|A/cattle/Texas/24-008749-003/2024(H5N1)	1995	114
PB2|PP755596.1|A/cattle/Texas/24-008749-003/2024(H5N1)	1996	114
PB2|PP755596.1|A/cattle/Texas/24-008749-003/2024(H5N1)	1997	114
PB2|PP755596.1|A/cattle/Texas/24-008749-003/2024(H5N1)	1998	112
PB2|PP755596.1|A/cattle/Texas/24-008749-003/2024(H5N1)	1999	116
PB2|PP755596.1|A/cattle/Texas/24-008749-003/2024(H5N1)	2000	110
PB2|PP755596.1|A/cattle/Texas/24-008749-003/2024(H5N1)	2001	111
PB2|PP755596.1|A/cattle/Texas/24-008749-003/2024(H5N1)	2002	110
PB2|PP755596.1|A/cattle/Texas/24-008749-003/2024(H5N1)	2003	110
PB2|PP755596.1|A/cattle/Texas/24-008749-003/2024(H5N1)	2004	110
PB2|PP755596.1|A/cattle/Texas/24-008749-003/2024(H5N1)	2005	110
PB2|PP755596.1|A/cattle/Texas/24-008749-003/2024(H5N1)	2006	110
PB2|PP755596.1|A/cattle/Texas/24-008749-003/2024(H5N1)	2007	111
PB2|PP755596.1|A/cattle/Texas/24-008749-003/2024(H5N1)	2008	104
PB2|PP755596.1|A/cattle/Texas/24-008749-003/2024(H5N1)	2009	104
PB2|PP755596.1|A/cattle/Texas/24-008749-003/2024(H5N1)	2010	106
PB2|PP755596.1|A/cattle/Texas/24-008749-003/2024(H5N1)	2011	106
PB2|PP755596.1|A/cattle/Texas/24-008749-003/2024(H5N1)	2012	107
PB2|PP755596.1|A/cattle/Texas/24-008749-003/2024(H5N1)	2013	107
PB2|PP755596.1|A/cattle/Texas/24-008749-003/2024(H5N1)	2014	107
PB2|PP755596.1|A/cattle/Texas/24-008749-003/2024(H5N1)	2015	111
PB2|PP755596.1|A/cattle/Texas/24-008749-003/2024(H5N1)	2016	111
PB2|PP755596.1|A/cattle/Texas/24-008749-003/2024(H5N1)	2017	113
PB2|PP755596.1|A/cattle/Texas/24-008749-003/2024(H5N1)	2018	114
PB2|PP755596.1|A/cattle/Texas/24-008749-003/2024(H5N1)	2019	113
PB2|PP755596.1|A/cattle/Texas/24-008749-003/2024(H5N1)	2020	110
PB2|PP755596.1|A/cattle/Texas/24-008749-003/2024(H5N1)	2021	110
PB2|PP755596.1|A/cattle/Texas/24-008749-003/2024(H5N1)	2022	110
PB2|PP755596.1|A/cattle/Texas/24-008749-003/2024(H5N1)	2023	111
PB2|PP755596.1|A/cattle/Texas/24-008749-003/2024(H5N1)	2024	111
PB2|PP755596.1|A/cattle/Texas/24-008749-003/2024(H5N1)	2025	111
PB2|PP755596.1|A/cattle/Texas/24-008749-003/2024(H5N1)	2026	111
PB2|PP755596.1|A/cattle/Texas/24-008749-003/2024(H5N1)	2027	112
PB2|PP755596.1|A/cattle/Texas/24-008749-003/2024(H5N1)	2028	111
PB2|PP755596.1|A/cattle/Texas/24-008749-003/2024(H5N1)	2029	109
PB2|PP755596.1|A/cattle/Texas/24-008749-003/2024(H5N1)	2030	107
PB2|PP755596.1|A/cattle/Texas/24-008749-003/2024(H5N1)	2031	107
PB2|PP755596.1|A/cattle/Texas/24-008749-003/2024(H5N1)	2032	109
PB2|PP755596.1|A/cattle/Texas/24-008749-003/2024(H5N1)	2033	111
PB2|PP755596.1|A/cattle/Texas/24-008749-003/2024(H5N1)	2034	111
PB2|PP755596.1|A/cattle/Texas/24-008749-003/2024(H5N1)	2035	111
PB2|PP755596.1|A/cattle/Texas/24-008749-003/2024(H5N1)	2036	110
PB2|PP755596.1|A/cattle/Texas/24-008749-003/2024(H5N1)	2037	110
PB2|PP755596.1|A/cattle/Texas/24-008749-003/2024(H5N1)	2038	112
PB2|PP755596.1|A/cattle/Texas/24-008749-003/2024(H5N1)	2039	110
PB2|PP755596.1|A/cattle/Texas/24-008749-003/2024(H5N1)	2040	110
PB2|PP755596.1|A/cattle/Texas/24-008749-003/2024(H5N1)	2041	107
PB2|PP755596.1|A/cattle/Texas/24-008749-003/2024(H5N1)	2042	104
PB2|PP755596.1|A/cattle/Texas/24-008749-003/2024(H5N1)	2043	104
PB2|PP755596.1|A/cattle/Texas/24-008749-003/2024(H5N1)	2044	105
PB2|PP755596.1|A/cattle/Texas/24-008749-003/2024(H5N1)	2045	106
PB2|PP755596.1|A/cattle/Texas/24-008749-003/2024(H5N1)	2046	108
PB2|PP755596.1|A/cattle/Texas/24-008749-003/2024(H5N1)	2047	107
PB2|PP755596.1|A/cattle/Texas/24-008749-003/2024(H5N1)	2048	108
PB2|PP755596.1|A/cattle/Texas/24-008749-003/2024(H5N1)	2049	107
PB2|PP755596.1|A/cattle/Texas/24-008749-003/2024(H5N1)	2050	110
PB2|PP755596.1|A/cattle/Texas/24-008749-003/2024(H5N1)	2051	111
PB2|PP755596.1|A/cattle/Texas/24-008749-003/2024(H5N1)	2052	111
PB2|PP755596.1|A/cattle/Texas/24-008749-003/2024(H5N1)	2053	115
PB2|PP755596.1|A/cattle/Texas/24-008749-003/2024(H5N1)	2054	116
PB2|PP755596.1|A/cattle/Texas/24-008749-003/2024(H5N1)	2055	115
PB2|PP755596.1|A/cattle/Texas/24-008749-003/2024(H5N1)	2056	115
PB2|PP755596.1|A/cattle/Texas/24-008749-003/2024(H5N1)	2057	115
PB2|PP755596.1|A/cattle/Texas/24-008749-003/2024(H5N1)	2058	116
PB2|PP755596.1|A/cattle/Texas/24-008749-003/2024(H5N1)	2059	115
PB2|PP755596.1|A/cattle/Texas/24-008749-003/2024(H5N1)	2060	115
PB2|PP755596.1|A/cattle/Texas/24-008749-003/2024(H5N1)	2061	114
PB2|PP755596.1|A/cattle/Texas/24-008749-003/2024(H5N1)	2062	110
PB2|PP755596.1|A/cattle/Texas/24-008749-003/2024(H5N1)	2063	110
PB2|PP755596.1|A/cattle/Texas/24-008749-003/2024(H5N1)	2064	110
PB2|PP755596.1|A/cattle/Texas/24-008749-003/2024(H5N1)	2065	110
PB2|PP755596.1|A/cattle/Texas/24-008749-003/2024(H5N1)	2066	109
PB2|PP755596.1|A/cattle/Texas/24-008749-003/2024(H5N1)	2067	110
PB2|PP755596.1|A/cattle/Texas/24-008749-003/2024(H5N1)	2068	113
PB2|PP755596.1|A/cattle/Texas/24-008749-003/2024(H5N1)	2069	113
PB2|PP755596.1|A/cattle/Texas/24-008749-003/2024(H5N1)	2070	113
PB2|PP755596.1|A/cattle/Texas/24-008749-003/2024(H5N1)	2071	113
PB2|PP755596.1|A/cattle/Texas/24-008749-003/2024(H5N1)	2072	112
PB2|PP755596.1|A/cattle/Texas/24-008749-003/2024(H5N1)	2073	112
PB2|PP755596.1|A/cattle/Texas/24-008749-003/2024(H5N1)	2074	111
PB2|PP755596.1|A/cattle/Texas/24-008749-003/2024(H5N1)	2075	111
PB2|PP755596.1|A/cattle/Texas/24-008749-003/2024(H5N1)	2076	111
PB2|PP755596.1|A/cattle/Texas/24-008749-003/2024(H5N1)	2077	105
PB2|PP755596.1|A/cattle/Texas/24-008749-003/2024(H5N1)	2078	104
PB2|PP755596.1|A/cattle/Texas/24-008749-003/2024(H5N1)	2079	104
PB2|PP755596.1|A/cattle/Texas/24-008749-003/2024(H5N1)	2080	106
PB2|PP755596.1|A/cattle/Texas/24-008749-003/2024(H5N1)	2081	106
PB2|PP755596.1|A/cattle/Texas/24-008749-003/2024(H5N1)	2082	108
PB2|PP755596.1|A/cattle/Texas/24-008749-003/2024(H5N1)	2083	105
PB2|PP755596.1|A/cattle/Texas/24-008749-003/2024(H5N1)	2084	105
PB2|PP755596.1|A/cattle/Texas/24-008749-003/2024(H5N1)	2085	105
PB2|PP755596.1|A/cattle/Texas/24-008749-003/2024(H5N1)	2086	106
PB2|PP755596.1|A/cattle/Texas/24-008749-003/2024(H5N1)	2087	106
PB2|PP755596.1|A/cattle/Texas/24-008749-003/2024(H5N1)	2088	108
PB2|PP755596.1|A/cattle/Texas/24-008749-003/2024(H5N1)	2089	108
PB2|PP755596.1|A/cattle/Texas/24-008749-003/2024(H5N1)	2090	107
PB2|PP755596.1|A/cattle/Texas/24-008749-003/2024(H5N1)	2091	107
PB2|PP755596.1|A/cattle/Texas/24-008749-003/2024(H5N1)	2092	107
PB2|PP755596.1|A/cattle/Texas/24-008749-003/2024(H5N1)	2093	107
PB2|PP755596.1|A/cattle/Texas/24-008749-003/2024(H5N1)	2094	107
PB2|PP755596.1|A/cattle/Texas/24-008749-003/2024(H5N1)	2095	107
PB2|PP755596.1|A/cattle/Texas/24-008749-003/2024(H5N1)	2096	108
PB2|PP755596.1|A/cattle/Texas/24-008749-003/2024(H5N1)	2097	108
PB2|PP755596.1|A/cattle/Texas/24-008749-003/2024(H5N1)	2098	110
PB2|PP755596.1|A/cattle/Texas/24-008749-003/2024(H5N1)	2099	112
PB2|PP755596.1|A/cattle/Texas/24-008749-003/2024(H5N1)	2100	117
PB2|PP755596.1|A/cattle/Texas/24-008749-003/2024(H5N1)	2101	116
PB2|PP755596.1|A/cattle/Texas/24-008749-003/2024(H5N1)	2102	116
PB2|PP755596.1|A/cattle/Texas/24-008749-003/2024(H5N1)	2103	117
PB2|PP755596.1|A/cattle/Texas/24-008749-003/2024(H5N1)	2104	117
PB2|PP755596.1|A/cattle/Texas/24-008749-003/2024(H5N1)	2105	119
PB2|PP755596.1|A/cattle/Texas/24-008749-003/2024(H5N1)	2106	117
PB2|PP755596.1|A/cattle/Texas/24-008749-003/2024(H5N1)	2107	114
PB2|PP755596.1|A/cattle/Texas/24-008749-003/2024(H5N1)	2108	115
PB2|PP755596.1|A/cattle/Texas/24-008749-003/2024(H5N1)	2109	113
PB2|PP755596.1|A/cattle/Texas/24-008749-003/2024(H5N1)	2110	112
PB2|PP755596.1|A/cattle/Texas/24-008749-003/2024(H5N1)	2111	112
PB2|PP755596.1|A/cattle/Texas/24-008749-003/2024(H5N1)	2112	110
PB2|PP755596.1|A/cattle/Texas/24-008749-003/2024(H5N1)	2113	110
PB2|PP755596.1|A/cattle/Texas/24-008749-003/2024(H5N1)	2114	124
PB2|PP755596.1|A/cattle/Texas/24-008749-003/2024(H5N1)	2115	123
PB2|PP755596.1|A/cattle/Texas/24-008749-003/2024(H5N1)	2116	123
PB2|PP755596.1|A/cattle/Texas/24-008749-003/2024(H5N1)	2117	123
PB2|PP755596.1|A/cattle/Texas/24-008749-003/2024(H5N1)	2118	118
PB2|PP755596.1|A/cattle/Texas/24-008749-003/2024(H5N1)	2119	122
PB2|PP755596.1|A/cattle/Texas/24-008749-003/2024(H5N1)	2120	121
PB2|PP755596.1|A/cattle/Texas/24-008749-003/2024(H5N1)	2121	121
PB2|PP755596.1|A/cattle/Texas/24-008749-003/2024(H5N1)	2122	121
PB2|PP755596.1|A/cattle/Texas/24-008749-003/2024(H5N1)	2123	107
PB2|PP755596.1|A/cattle/Texas/24-008749-003/2024(H5N1)	2124	110
PB2|PP755596.1|A/cattle/Texas/24-008749-003/2024(H5N1)	2125	110
PB2|PP755596.1|A/cattle/Texas/24-008749-003/2024(H5N1)	2126	113
PB2|PP755596.1|A/cattle/Texas/24-008749-003/2024(H5N1)	2127	115
PB2|PP755596.1|A/cattle/Texas/24-008749-003/2024(H5N1)	2128	110
PB2|PP755596.1|A/cattle/Texas/24-008749-003/2024(H5N1)	2129	117
PB2|PP755596.1|A/cattle/Texas/24-008749-003/2024(H5N1)	2130	117
PB2|PP755596.1|A/cattle/Texas/24-008749-003/2024(H5N1)	2131	117
PB2|PP755596.1|A/cattle/Texas/24-008749-003/2024(H5N1)	2132	118
PB2|PP755596.1|A/cattle/Texas/24-008749-003/2024(H5N1)	2133	121
PB2|PP755596.1|A/cattle/Texas/24-008749-003/2024(H5N1)	2134	121
PB2|PP755596.1|A/cattle/Texas/24-008749-003/2024(H5N1)	2135	119
PB2|PP755596.1|A/cattle/Texas/24-008749-003/2024(H5N1)	2136	120
PB2|PP755596.1|A/cattle/Texas/24-008749-003/2024(H5N1)	2137	119
PB2|PP755596.1|A/cattle/Texas/24-008749-003/2024(H5N1)	2138	121
PB2|PP755596.1|A/cattle/Texas/24-008749-003/2024(H5N1)	2139	122
PB2|PP755596.1|A/cattle/Texas/24-008749-003/2024(H5N1)	2140	126
PB2|PP755596.1|A/cattle/Texas/24-008749-003/2024(H5N1)	2141	126
PB2|PP755596.1|A/cattle/Texas/24-008749-003/2024(H5N1)	2142	126
PB2|PP755596.1|A/cattle/Texas/24-008749-003/2024(H5N1)	2143	126
PB2|PP755596.1|A/cattle/Texas/24-008749-003/2024(H5N1)	2144	128
PB2|PP755596.1|A/cattle/Texas/24-008749-003/2024(H5N1)	2145	128
PB2|PP755596.1|A/cattle/Texas/24-008749-003/2024(H5N1)	2146	128
PB2|PP755596.1|A/cattle/Texas/24-008749-003/2024(H5N1)	2147	128
PB2|PP755596.1|A/cattle/Texas/24-008749-003/2024(H5N1)	2148	126
PB2|PP755596.1|A/cattle/Texas/24-008749-003/2024(H5N1)	2149	126
PB2|PP755596.1|A/cattle/Texas/24-008749-003/2024(H5N1)	2150	123
PB2|PP755596.1|A/cattle/Texas/24-008749-003/2024(H5N1)	2151	123
PB2|PP755596.1|A/cattle/Texas/24-008749-003/2024(H5N1)	2152	122
PB2|PP755596.1|A/cattle/Texas/24-008749-003/2024(H5N1)	2153	124
PB2|PP755596.1|A/cattle/Texas/24-008749-003/2024(H5N1)	2154	124
PB2|PP755596.1|A/cattle/Texas/24-008749-003/2024(H5N1)	2155	124
PB2|PP755596.1|A/cattle/Texas/24-008749-003/2024(H5N1)	2156	124
PB2|PP755596.1|A/cattle/Texas/24-008749-003/2024(H5N1)	2157	123
PB2|PP755596.1|A/cattle/Texas/24-008749-003/2024(H5N1)	2158	125
PB2|PP755596.1|A/cattle/Texas/24-008749-003/2024(H5N1)	2159	126
PB2|PP755596.1|A/cattle/Texas/24-008749-003/2024(H5N1)	2160	127
PB2|PP755596.1|A/cattle/Texas/24-008749-003/2024(H5N1)	2161	127
PB2|PP755596.1|A/cattle/Texas/24-008749-003/2024(H5N1)	2162	129
PB2|PP755596.1|A/cattle/Texas/24-008749-003/2024(H5N1)	2163	131
PB2|PP755596.1|A/cattle/Texas/24-008749-003/2024(H5N1)	2164	136
PB2|PP755596.1|A/cattle/Texas/24-008749-003/2024(H5N1)	2165	139
PB2|PP755596.1|A/cattle/Texas/24-008749-003/2024(H5N1)	2166	139
PB2|PP755596.1|A/cattle/Texas/24-008749-003/2024(H5N1)	2167	138
PB2|PP755596.1|A/cattle/Texas/24-008749-003/2024(H5N1)	2168	138
PB2|PP755596.1|A/cattle/Texas/24-008749-003/2024(H5N1)	2169	140
PB2|PP755596.1|A/cattle/Texas/24-008749-003/2024(H5N1)	2170	142
PB2|PP755596.1|A/cattle/Texas/24-008749-003/2024(H5N1)	2171	141
PB2|PP755596.1|A/cattle/Texas/24-008749-003/2024(H5N1)	2172	141
PB2|PP755596.1|A/cattle/Texas/24-008749-003/2024(H5N1)	2173	141
PB2|PP755596.1|A/cattle/Texas/24-008749-003/2024(H5N1)	2174	139
PB2|PP755596.1|A/cattle/Texas/24-008749-003/2024(H5N1)	2175	141
PB2|PP755596.1|A/cattle/Texas/24-008749-003/2024(H5N1)	2176	141
PB2|PP755596.1|A/cattle/Texas/24-008749-003/2024(H5N1)	2177	141
PB2|PP755596.1|A/cattle/Texas/24-008749-003/2024(H5N1)	2178	138
PB2|PP755596.1|A/cattle/Texas/24-008749-003/2024(H5N1)	2179	140
PB2|PP755596.1|A/cattle/Texas/24-008749-003/2024(H5N1)	2180	140
PB2|PP755596.1|A/cattle/Texas/24-008749-003/2024(H5N1)	2181	140
PB2|PP755596.1|A/cattle/Texas/24-008749-003/2024(H5N1)	2182	140
PB2|PP755596.1|A/cattle/Texas/24-008749-003/2024(H5N1)	2183	140
PB2|PP755596.1|A/cattle/Texas/24-008749-003/2024(H5N1)	2184	136
PB2|PP755596.1|A/cattle/Texas/24-008749-003/2024(H5N1)	2185	139
PB2|PP755596.1|A/cattle/Texas/24-008749-003/2024(H5N1)	2186	139
PB2|PP755596.1|A/cattle/Texas/24-008749-003/2024(H5N1)	2187	139
PB2|PP755596.1|A/cattle/Texas/24-008749-003/2024(H5N1)	2188	143
PB2|PP755596.1|A/cattle/Texas/24-008749-003/2024(H5N1)	2189	143
PB2|PP755596.1|A/cattle/Texas/24-008749-003/2024(H5N1)	2190	143
PB2|PP755596.1|A/cattle/Texas/24-008749-003/2024(H5N1)	2191	143
PB2|PP755596.1|A/cattle/Texas/24-008749-003/2024(H5N1)	2192	143
PB2|PP755596.1|A/cattle/Texas/24-008749-003/2024(H5N1)	2193	143
PB2|PP755596.1|A/cattle/Texas/24-008749-003/2024(H5N1)	2194	145
PB2|PP755596.1|A/cattle/Texas/24-008749-003/2024(H5N1)	2195	141
PB2|PP755596.1|A/cattle/Texas/24-008749-003/2024(H5N1)	2196	141
PB2|PP755596.1|A/cattle/Texas/24-008749-003/2024(H5N1)	2197	139
PB2|PP755596.1|A/cattle/Texas/24-008749-003/2024(H5N1)	2198	139
PB2|PP755596.1|A/cattle/Texas/24-008749-003/2024(H5N1)	2199	138
PB2|PP755596.1|A/cattle/Texas/24-008749-003/2024(H5N1)	2200	138
PB2|PP755596.1|A/cattle/Texas/24-008749-003/2024(H5N1)	2201	137
PB2|PP755596.1|A/cattle/Texas/24-008749-003/2024(H5N1)	2202	136
PB2|PP755596.1|A/cattle/Texas/24-008749-003/2024(H5N1)	2203	136
PB2|PP755596.1|A/cattle/Texas/24-008749-003/2024(H5N1)	2204	134
PB2|PP755596.1|A/cattle/Texas/24-008749-003/2024(H5N1)	2205	133
PB2|PP755596.1|A/cattle/Texas/24-008749-003/2024(H5N1)	2206	131
PB2|PP755596.1|A/cattle/Texas/24-008749-003/2024(H5N1)	2207	131
PB2|PP755596.1|A/cattle/Texas/24-008749-003/2024(H5N1)	2208	130
PB2|PP755596.1|A/cattle/Texas/24-008749-003/2024(H5N1)	2209	129
PB2|PP755596.1|A/cattle/Texas/24-008749-003/2024(H5N1)	2210	129
PB2|PP755596.1|A/cattle/Texas/24-008749-003/2024(H5N1)	2211	129
PB2|PP755596.1|A/cattle/Texas/24-008749-003/2024(H5N1)	2212	129
PB2|PP755596.1|A/cattle/Texas/24-008749-003/2024(H5N1)	2213	129
PB2|PP755596.1|A/cattle/Texas/24-008749-003/2024(H5N1)	2214	129
PB2|PP755596.1|A/cattle/Texas/24-008749-003/2024(H5N1)	2215	129
PB2|PP755596.1|A/cattle/Texas/24-008749-003/2024(H5N1)	2216	129
PB2|PP755596.1|A/cattle/Texas/24-008749-003/2024(H5N1)	2217	129
PB2|PP755596.1|A/cattle/Texas/24-008749-003/2024(H5N1)	2218	128
PB2|PP755596.1|A/cattle/Texas/24-008749-003/2024(H5N1)	2219	125
PB2|PP755596.1|A/cattle/Texas/24-008749-003/2024(H5N1)	2220	125
PB2|PP755596.1|A/cattle/Texas/24-008749-003/2024(H5N1)	2221	125
PB2|PP755596.1|A/cattle/Texas/24-008749-003/2024(H5N1)	2222	129
PB2|PP755596.1|A/cattle/Texas/24-008749-003/2024(H5N1)	2223	129
PB2|PP755596.1|A/cattle/Texas/24-008749-003/2024(H5N1)	2224	127
PB2|PP755596.1|A/cattle/Texas/24-008749-003/2024(H5N1)	2225	127
PB2|PP755596.1|A/cattle/Texas/24-008749-003/2024(H5N1)	2226	123
PB2|PP755596.1|A/cattle/Texas/24-008749-003/2024(H5N1)	2227	121
PB2|PP755596.1|A/cattle/Texas/24-008749-003/2024(H5N1)	2228	120
PB2|PP755596.1|A/cattle/Texas/24-008749-003/2024(H5N1)	2229	111
PB2|PP755596.1|A/cattle/Texas/24-008749-003/2024(H5N1)	2230	111
PB2|PP755596.1|A/cattle/Texas/24-008749-003/2024(H5N1)	2231	103
PB2|PP755596.1|A/cattle/Texas/24-008749-003/2024(H5N1)	2232	102
PB2|PP755596.1|A/cattle/Texas/24-008749-003/2024(H5N1)	2233	100
PB2|PP755596.1|A/cattle/Texas/24-008749-003/2024(H5N1)	2234	100
PB2|PP755596.1|A/cattle/Texas/24-008749-003/2024(H5N1)	2235	100
PB2|PP755596.1|A/cattle/Texas/24-008749-003/2024(H5N1)	2236	100
PB2|PP755596.1|A/cattle/Texas/24-008749-003/2024(H5N1)	2237	99
PB2|PP755596.1|A/cattle/Texas/24-008749-003/2024(H5N1)	2238	103
PB2|PP755596.1|A/cattle/Texas/24-008749-003/2024(H5N1)	2239	96
PB2|PP755596.1|A/cattle/Texas/24-008749-003/2024(H5N1)	2240	96
PB2|PP755596.1|A/cattle/Texas/24-008749-003/2024(H5N1)	2241	96
PB2|PP755596.1|A/cattle/Texas/24-008749-003/2024(H5N1)	2242	96
PB2|PP755596.1|A/cattle/Texas/24-008749-003/2024(H5N1)	2243	94
PB2|PP755596.1|A/cattle/Texas/24-008749-003/2024(H5N1)	2244	94
PB2|PP755596.1|A/cattle/Texas/24-008749-003/2024(H5N1)	2245	93
PB2|PP755596.1|A/cattle/Texas/24-008749-003/2024(H5N1)	2246	93
PB2|PP755596.1|A/cattle/Texas/24-008749-003/2024(H5N1)	2247	86
PB2|PP755596.1|A/cattle/Texas/24-008749-003/2024(H5N1)	2248	86
PB2|PP755596.1|A/cattle/Texas/24-008749-003/2024(H5N1)	2249	84
PB2|PP755596.1|A/cattle/Texas/24-008749-003/2024(H5N1)	2250	84
PB2|PP755596.1|A/cattle/Texas/24-008749-003/2024(H5N1)	2251	83
PB2|PP755596.1|A/cattle/Texas/24-008749-003/2024(H5N1)	2252	83
PB2|PP755596.1|A/cattle/Texas/24-008749-003/2024(H5N1)	2253	83
PB2|PP755596.1|A/cattle/Texas/24-008749-003/2024(H5N1)	2254	83
PB2|PP755596.1|A/cattle/Texas/24-008749-003/2024(H5N1)	2255	83
PB2|PP755596.1|A/cattle/Texas/24-008749-003/2024(H5N1)	2256	83
PB2|PP755596.1|A/cattle/Texas/24-008749-003/2024(H5N1)	2257	83
PB2|PP755596.1|A/cattle/Texas/24-008749-003/2024(H5N1)	2258	82
PB2|PP755596.1|A/cattle/Texas/24-008749-003/2024(H5N1)	2259	81
PB2|PP755596.1|A/cattle/Texas/24-008749-003/2024(H5N1)	2260	80
PB2|PP755596.1|A/cattle/Texas/24-008749-003/2024(H5N1)	2261	80
PB2|PP755596.1|A/cattle/Texas/24-008749-003/2024(H5N1)	2262	80
PB2|PP755596.1|A/cattle/Texas/24-008749-003/2024(H5N1)	2263	80
PB2|PP755596.1|A/cattle/Texas/24-008749-003/2024(H5N1)	2264	80
PB2|PP755596.1|A/cattle/Texas/24-008749-003/2024(H5N1)	2265	76
PB2|PP755596.1|A/cattle/Texas/24-008749-003/2024(H5N1)	2266	76
PB2|PP755596.1|A/cattle/Texas/24-008749-003/2024(H5N1)	2267	76
PB2|PP755596.1|A/cattle/Texas/24-008749-003/2024(H5N1)	2268	76
PB2|PP755596.1|A/cattle/Texas/24-008749-003/2024(H5N1)	2269	76
PB2|PP755596.1|A/cattle/Texas/24-008749-003/2024(H5N1)	2270	73
PB2|PP755596.1|A/cattle/Texas/24-008749-003/2024(H5N1)	2271	73
PB2|PP755596.1|A/cattle/Texas/24-008749-003/2024(H5N1)	2272	73
PB2|PP755596.1|A/cattle/Texas/24-008749-003/2024(H5N1)	2273	73
PB2|PP755596.1|A/cattle/Texas/24-008749-003/2024(H5N1)	2274	72
PB2|PP755596.1|A/cattle/Texas/24-008749-003/2024(H5N1)	2275	72
PB2|PP755596.1|A/cattle/Texas/24-008749-003/2024(H5N1)	2276	72
PB2|PP755596.1|A/cattle/Texas/24-008749-003/2024(H5N1)	2277	66
PB2|PP755596.1|A/cattle/Texas/24-008749-003/2024(H5N1)	2278	64
PB2|PP755596.1|A/cattle/Texas/24-008749-003/2024(H5N1)	2279	63
PB2|PP755596.1|A/cattle/Texas/24-008749-003/2024(H5N1)	2280	60
