HA|PP755589.1|A/cattle/Texas/24-008749-003/2024(H5N1)	1	6
HA|PP755589.1|A/cattle/Texas/24-008749-003/2024(H5N1)	2	6
HA|PP755589.1|A/cattle/Texas/24-008749-003/2024(H5N1)	3	6
HA|PP755589.1|A/cattle/Texas/24-008749-003/2024(H5N1)	4	6
HA|PP755589.1|A/cattle/Texas/24-008749-003/2024(H5N1)	5	6
HA|PP755589.1|A/cattle/Texas/24-008749-003/2024(H5N1)	6	6
HA|PP755589.1|A/cattle/Texas/24-008749-003/2024(H5N1)	7	6
HA|PP755589.1|A/cattle/Texas/24-008749-003/2024(H5N1)	8	6
HA|PP755589.1|A/cattle/Texas/24-008749-003/2024(H5N1)	9	6
HA|PP755589.1|A/cattle/Texas/24-008749-003/2024(H5N1)	10	6
HA|PP755589.1|A/cattle/Texas/24-008749-003/2024(H5N1)	11	6
HA|PP755589.1|A/cattle/Texas/24-008749-003/2024(H5N1)	12	6
HA|PP755589.1|A/cattle/Texas/24-008749-003/2024(H5N1)	13	8
HA|PP755589.1|A/cattle/Texas/24-008749-003/2024(H5N1)	14	8
HA|PP755589.1|A/cattle/Texas/24-008749-003/2024(H5N1)	15	8
HA|PP755589.1|A/cattle/Texas/24-008749-003/2024(H5N1)	16	8
HA|PP755589.1|A/cattle/Texas/24-008749-003/2024(H5N1)	17	8
HA|PP755589.1|A/cattle/Texas/24-008749-003/2024(H5N1)	18	8
HA|PP755589.1|A/cattle/Texas/24-008749-003/2024(H5N1)	19	8
HA|PP755589.1|A/cattle/Texas/24-008749-003/2024(H5N1)	20	8
HA|PP755589.1|A/cattle/Texas/24-008749-003/2024(H5N1)	21	8
HA|PP755589.1|A/cattle/Texas/24-008749-003/2024(H5N1)	22	8
HA|PP755589.1|A/cattle/Texas/24-008749-003/2024(H5N1)	23	8
HA|PP755589.1|A/cattle/Texas/24-008749-003/2024(H5N1)	24	8
HA|PP755589.1|A/cattle/Texas/24-008749-003/2024(H5N1)	25	8
HA|PP755589.1|A/cattle/Texas/24-008749-003/2024(H5N1)	26	8
HA|PP755589.1|A/cattle/Texas/24-008749-003/2024(H5N1)	27	8
HA|PP755589.1|A/cattle/Texas/24-008749-003/2024(H5N1)	28	8
HA|PP755589.1|A/cattle/Texas/24-008749-003/2024(H5N1)	29	8
HA|PP755589.1|A/cattle/Texas/24-008749-003/2024(H5N1)	30	8
HA|PP755589.1|A/cattle/Texas/24-008749-003/2024(H5N1)	31	8
HA|PP755589.1|A/cattle/Texas/24-008749-003/2024(H5N1)	32	8
HA|PP755589.1|A/cattle/Texas/24-008749-003/2024(H5N1)	33	9
HA|PP755589.1|A/cattle/Texas/24-008749-003/2024(H5N1)	34	9
HA|PP755589.1|A/cattle/Texas/24-008749-003/2024(H5N1)	35	9
HA|PP755589.1|A/cattle/Texas/24-008749-003/2024(H5N1)	36	9
HA|PP755589.1|A/cattle/Texas/24-008749-003/2024(H5N1)	37	9
HA|PP755589.1|A/cattle/Texas/24-008749-003/2024(H5N1)	38	9
HA|PP755589.1|A/cattle/Texas/24-008749-003/2024(H5N1)	39	10
HA|PP755589.1|A/cattle/Texas/24-008749-003/2024(H5N1)	40	10
HA|PP755589.1|A/cattle/Texas/24-008749-003/2024(H5N1)	41	10
HA|PP755589.1|A/cattle/Texas/24-008749-003/2024(H5N1)	42	10
HA|PP755589.1|A/cattle/Texas/24-008749-003/2024(H5N1)	43	10
HA|PP755589.1|A/cattle/Texas/24-008749-003/2024(H5N1)	44	10
HA|PP755589.1|A/cattle/Texas/24-008749-003/2024(H5N1)	45	10
HA|PP755589.1|A/cattle/Texas/24-008749-003/2024(H5N1)	46	10
HA|PP755589.1|A/cattle/Texas/24-008749-003/2024(H5N1)	47	10
HA|PP755589.1|A/cattle/Texas/24-008749-003/2024(H5N1)	48	10
HA|PP755589.1|A/cattle/Texas/24-008749-003/2024(H5N1)	49	10
HA|PP755589.1|A/cattle/Texas/24-008749-003/2024(H5N1)	50	10
HA|PP755589.1|A/cattle/Texas/24-008749-003/2024(H5N1)	51	10
HA|PP755589.1|A/cattle/Texas/24-008749-003/2024(H5N1)	52	10
HA|PP755589.1|A/cattle/Texas/24-008749-003/2024(H5N1)	53	10
HA|PP755589.1|A/cattle/Texas/24-008749-003/2024(H5N1)	54	10
HA|PP755589.1|A/cattle/Texas/24-008749-003/2024(H5N1)	55	10
HA|PP755589.1|A/cattle/Texas/24-008749-003/2024(H5N1)	56	10
HA|PP755589.1|A/cattle/Texas/24-008749-003/2024(H5N1)	57	10
HA|PP755589.1|A/cattle/Texas/24-008749-003/2024(H5N1)	58	10
HA|PP755589.1|A/cattle/Texas/24-008749-003/2024(H5N1)	59	10
HA|PP755589.1|A/cattle/Texas/24-008749-003/2024(H5N1)	60	10
HA|PP755589.1|A/cattle/Texas/24-008749-003/2024(H5N1)	61	10
HA|PP755589.1|A/cattle/Texas/24-008749-003/2024(H5N1)	62	10
HA|PP755589.1|A/cattle/Texas/24-008749-003/2024(H5N1)	63	10
HA|PP755589.1|A/cattle/Texas/24-008749-003/2024(H5N1)	64	10
HA|PP755589.1|A/cattle/Texas/24-008749-003/2024(H5N1)	65	10
HA|PP755589.1|A/cattle/Texas/24-008749-003/2024(H5N1)	66	10
HA|PP755589.1|A/cattle/Texas/24-008749-003/2024(H5N1)	67	10
HA|PP755589.1|A/cattle/Texas/24-008749-003/2024(H5N1)	68	11
HA|PP755589.1|A/cattle/Texas/24-008749-003/2024(H5N1)	69	11
HA|PP755589.1|A/cattle/Texas/24-008749-003/2024(H5N1)	70	11
HA|PP755589.1|A/cattle/Texas/24-008749-003/2024(H5N1)	71	11
HA|PP755589.1|A/cattle/Texas/24-008749-003/2024(H5N1)	72	12
HA|PP755589.1|A/cattle/Texas/24-008749-003/2024(H5N1)	73	12
HA|PP755589.1|A/cattle/Texas/24-008749-003/2024(H5N1)	74	14
HA|PP755589.1|A/cattle/Texas/24-008749-003/2024(H5N1)	75	14
HA|PP755589.1|A/cattle/Texas/24-008749-003/2024(H5N1)	76	14
HA|PP755589.1|A/cattle/Texas/24-008749-003/2024(H5N1)	77	14
HA|PP755589.1|A/cattle/Texas/24-008749-003/2024(H5N1)	78	15
HA|PP755589.1|A/cattle/Texas/24-008749-003/2024(H5N1)	79	15
HA|PP755589.1|A/cattle/Texas/24-008749-003/2024(H5N1)	80	15
HA|PP755589.1|A/cattle/Texas/24-008749-003/2024(H5N1)	81	15
HA|PP755589.1|A/cattle/Texas/24-008749-003/2024(H5N1)	82	15
HA|PP755589.1|A/cattle/Texas/24-008749-003/2024(H5N1)	83	15
HA|PP755589.1|A/cattle/Texas/24-008749-003/2024(H5N1)	84	15
HA|PP755589.1|A/cattle/Texas/24-008749-003/2024(H5N1)	85	15
HA|PP755589.1|A/cattle/Texas/24-008749-003/2024(H5N1)	86	15
HA|PP755589.1|A/cattle/Texas/24-008749-003/2024(H5N1)	87	15
HA|PP755589.1|A/cattle/Texas/24-008749-003/2024(H5N1)	88	15
HA|PP755589.1|A/cattle/Texas/24-008749-003/2024(H5N1)	89	15
HA|PP755589.1|A/cattle/Texas/24-008749-003/2024(H5N1)	90	15
HA|PP755589.1|A/cattle/Texas/24-008749-003/2024(H5N1)	91	15
HA|PP755589.1|A/cattle/Texas/24-008749-003/2024(H5N1)	92	15
HA|PP755589.1|A/cattle/Texas/24-008749-003/2024(H5N1)	93	16
HA|PP755589.1|A/cattle/Texas/24-008749-003/2024(H5N1)	94	16
HA|PP755589.1|A/cattle/Texas/24-008749-003/2024(H5N1)	95	16
HA|PP755589.1|A/cattle/Texas/24-008749-003/2024(H5N1)	96	16
HA|PP755589.1|A/cattle/Texas/24-008749-003/2024(H5N1)	97	16
HA|PP755589.1|A/cattle/Texas/24-008749-003/2024(H5N1)	98	17
HA|PP755589.1|A/cattle/Texas/24-008749-003/2024(H5N1)	99	17
HA|PP755589.1|A/cattle/Texas/24-008749-003/2024(H5N1)	100	17
HA|PP755589.1|A/cattle/Texas/24-008749-003/2024(H5N1)	101	17
HA|PP755589.1|A/cattle/Texas/24-008749-003/2024(H5N1)	102	17
HA|PP755589.1|A/cattle/Texas/24-008749-003/2024(H5N1)	103	17
HA|PP755589.1|A/cattle/Texas/24-008749-003/2024(H5N1)	104	17
HA|PP755589.1|A/cattle/Texas/24-008749-003/2024(H5N1)	105	17
HA|PP755589.1|A/cattle/Texas/24-008749-003/2024(H5N1)	106	17
HA|PP755589.1|A/cattle/Texas/24-008749-003/2024(H5N1)	107	17
HA|PP755589.1|A/cattle/Texas/24-008749-003/2024(H5N1)	108	17
HA|PP755589.1|A/cattle/Texas/24-008749-003/2024(H5N1)	109	17
HA|PP755589.1|A/cattle/Texas/24-008749-003/2024(H5N1)	110	17
HA|PP755589.1|A/cattle/Texas/24-008749-003/2024(H5N1)	111	17
HA|PP755589.1|A/cattle/Texas/24-008749-003/2024(H5N1)	112	17
HA|PP755589.1|A/cattle/Texas/24-008749-003/2024(H5N1)	113	17
HA|PP755589.1|A/cattle/Texas/24-008749-003/2024(H5N1)	114	17
HA|PP755589.1|A/cattle/Texas/24-008749-003/2024(H5N1)	115	18
HA|PP755589.1|A/cattle/Texas/24-008749-003/2024(H5N1)	116	18
HA|PP755589.1|A/cattle/Texas/24-008749-003/2024(H5N1)	117	16
HA|PP755589.1|A/cattle/Texas/24-008749-003/2024(H5N1)	118	16
HA|PP755589.1|A/cattle/Texas/24-008749-003/2024(H5N1)	119	16
HA|PP755589.1|A/cattle/Texas/24-008749-003/2024(H5N1)	120	16
HA|PP755589.1|A/cattle/Texas/24-008749-003/2024(H5N1)	121	16
HA|PP755589.1|A/cattle/Texas/24-008749-003/2024(H5N1)	122	16
HA|PP755589.1|A/cattle/Texas/24-008749-003/2024(H5N1)	123	16
HA|PP755589.1|A/cattle/Texas/24-008749-003/2024(H5N1)	124	16
HA|PP755589.1|A/cattle/Texas/24-008749-003/2024(H5N1)	125	16
HA|PP755589.1|A/cattle/Texas/24-008749-003/2024(H5N1)	126	16
HA|PP755589.1|A/cattle/Texas/24-008749-003/2024(H5N1)	127	16
HA|PP755589.1|A/cattle/Texas/24-008749-003/2024(H5N1)	128	16
HA|PP755589.1|A/cattle/Texas/24-008749-003/2024(H5N1)	129	16
HA|PP755589.1|A/cattle/Texas/24-008749-003/2024(H5N1)	130	16
HA|PP755589.1|A/cattle/Texas/24-008749-003/2024(H5N1)	131	16
HA|PP755589.1|A/cattle/Texas/24-008749-003/2024(H5N1)	132	17
HA|PP755589.1|A/cattle/Texas/24-008749-003/2024(H5N1)	133	18
HA|PP755589.1|A/cattle/Texas/24-008749-003/2024(H5N1)	134	17
HA|PP755589.1|A/cattle/Texas/24-008749-003/2024(H5N1)	135	17
HA|PP755589.1|A/cattle/Texas/24-008749-003/2024(H5N1)	136	17
HA|PP755589.1|A/cattle/Texas/24-008749-003/2024(H5N1)	137	17
HA|PP755589.1|A/cattle/Texas/24-008749-003/2024(H5N1)	138	17
HA|PP755589.1|A/cattle/Texas/24-008749-003/2024(H5N1)	139	17
HA|PP755589.1|A/cattle/Texas/24-008749-003/2024(H5N1)	140	18
HA|PP755589.1|A/cattle/Texas/24-008749-003/2024(H5N1)	141	17
HA|PP755589.1|A/cattle/Texas/24-008749-003/2024(H5N1)	142	17
HA|PP755589.1|A/cattle/Texas/24-008749-003/2024(H5N1)	143	17
HA|PP755589.1|A/cattle/Texas/24-008749-003/2024(H5N1)	144	17
HA|PP755589.1|A/cattle/Texas/24-008749-003/2024(H5N1)	145	17
HA|PP755589.1|A/cattle/Texas/24-008749-003/2024(H5N1)	146	17
HA|PP755589.1|A/cattle/Texas/24-008749-003/2024(H5N1)	147	17
HA|PP755589.1|A/cattle/Texas/24-008749-003/2024(H5N1)	148	17
HA|PP755589.1|A/cattle/Texas/24-008749-003/2024(H5N1)	149	17
HA|PP755589.1|A/cattle/Texas/24-008749-003/2024(H5N1)	150	17
HA|PP755589.1|A/cattle/Texas/24-008749-003/2024(H5N1)	151	17
HA|PP755589.1|A/cattle/Texas/24-008749-003/2024(H5N1)	152	17
HA|PP755589.1|A/cattle/Texas/24-008749-003/2024(H5N1)	153	17
HA|PP755589.1|A/cattle/Texas/24-008749-003/2024(H5N1)	154	17
HA|PP755589.1|A/cattle/Texas/24-008749-003/2024(H5N1)	155	17
HA|PP755589.1|A/cattle/Texas/24-008749-003/2024(H5N1)	156	17
HA|PP755589.1|A/cattle/Texas/24-008749-003/2024(H5N1)	157	17
HA|PP755589.1|A/cattle/Texas/24-008749-003/2024(H5N1)	158	17
HA|PP755589.1|A/cattle/Texas/24-008749-003/2024(H5N1)	159	17
HA|PP755589.1|A/cattle/Texas/24-008749-003/2024(H5N1)	160	17
HA|PP755589.1|A/cattle/Texas/24-008749-003/2024(H5N1)	161	17
HA|PP755589.1|A/cattle/Texas/24-008749-003/2024(H5N1)	162	17
HA|PP755589.1|A/cattle/Texas/24-008749-003/2024(H5N1)	163	15
HA|PP755589.1|A/cattle/Texas/24-008749-003/2024(H5N1)	164	16
HA|PP755589.1|A/cattle/Texas/24-008749-003/2024(H5N1)	165	16
HA|PP755589.1|A/cattle/Texas/24-008749-003/2024(H5N1)	166	16
HA|PP755589.1|A/cattle/Texas/24-008749-003/2024(H5N1)	167	16
HA|PP755589.1|A/cattle/Texas/24-008749-003/2024(H5N1)	168	16
HA|PP755589.1|A/cattle/Texas/24-008749-003/2024(H5N1)	169	16
HA|PP755589.1|A/cattle/Texas/24-008749-003/2024(H5N1)	170	16
HA|PP755589.1|A/cattle/Texas/24-008749-003/2024(H5N1)	171	16
HA|PP755589.1|A/cattle/Texas/24-008749-003/2024(H5N1)	172	16
HA|PP755589.1|A/cattle/Texas/24-008749-003/2024(H5N1)	173	16
HA|PP755589.1|A/cattle/Texas/24-008749-003/2024(H5N1)	174	16
HA|PP755589.1|A/cattle/Texas/24-008749-003/2024(H5N1)	175	17
HA|PP755589.1|A/cattle/Texas/24-008749-003/2024(H5N1)	176	17
HA|PP755589.1|A/cattle/Texas/24-008749-003/2024(H5N1)	177	19
HA|PP755589.1|A/cattle/Texas/24-008749-003/2024(H5N1)	178	23
HA|PP755589.1|A/cattle/Texas/24-008749-003/2024(H5N1)	179	23
HA|PP755589.1|A/cattle/Texas/24-008749-003/2024(H5N1)	180	23
HA|PP755589.1|A/cattle/Texas/24-008749-003/2024(H5N1)	181	23
HA|PP755589.1|A/cattle/Texas/24-008749-003/2024(H5N1)	182	23
HA|PP755589.1|A/cattle/Texas/24-008749-003/2024(H5N1)	183	23
HA|PP755589.1|A/cattle/Texas/24-008749-003/2024(H5N1)	184	22
HA|PP755589.1|A/cattle/Texas/24-008749-003/2024(H5N1)	185	23
HA|PP755589.1|A/cattle/Texas/24-008749-003/2024(H5N1)	186	23
HA|PP755589.1|A/cattle/Texas/24-008749-003/2024(H5N1)	187	23
HA|PP755589.1|A/cattle/Texas/24-008749-003/2024(H5N1)	188	23
HA|PP755589.1|A/cattle/Texas/24-008749-003/2024(H5N1)	189	23
HA|PP755589.1|A/cattle/Texas/24-008749-003/2024(H5N1)	190	22
HA|PP755589.1|A/cattle/Texas/24-008749-003/2024(H5N1)	191	22
HA|PP755589.1|A/cattle/Texas/24-008749-003/2024(H5N1)	192	22
HA|PP755589.1|A/cattle/Texas/24-008749-003/2024(H5N1)	193	22
HA|PP755589.1|A/cattle/Texas/24-008749-003/2024(H5N1)	194	22
HA|PP755589.1|A/cattle/Texas/24-008749-003/2024(H5N1)	195	22
HA|PP755589.1|A/cattle/Texas/24-008749-003/2024(H5N1)	196	22
HA|PP755589.1|A/cattle/Texas/24-008749-003/2024(H5N1)	197	22
HA|PP755589.1|A/cattle/Texas/24-008749-003/2024(H5N1)	198	22
HA|PP755589.1|A/cattle/Texas/24-008749-003/2024(H5N1)	199	22
HA|PP755589.1|A/cattle/Texas/24-008749-003/2024(H5N1)	200	22
HA|PP755589.1|A/cattle/Texas/24-008749-003/2024(H5N1)	201	22
HA|PP755589.1|A/cattle/Texas/24-008749-003/2024(H5N1)	202	22
HA|PP755589.1|A/cattle/Texas/24-008749-003/2024(H5N1)	203	22
HA|PP755589.1|A/cattle/Texas/24-008749-003/2024(H5N1)	204	22
HA|PP755589.1|A/cattle/Texas/24-008749-003/2024(H5N1)	205	22
HA|PP755589.1|A/cattle/Texas/24-008749-003/2024(H5N1)	206	22
HA|PP755589.1|A/cattle/Texas/24-008749-003/2024(H5N1)	207	22
HA|PP755589.1|A/cattle/Texas/24-008749-003/2024(H5N1)	208	23
HA|PP755589.1|A/cattle/Texas/24-008749-003/2024(H5N1)	209	23
HA|PP755589.1|A/cattle/Texas/24-008749-003/2024(H5N1)	210	23
HA|PP755589.1|A/cattle/Texas/24-008749-003/2024(H5N1)	211	23
HA|PP755589.1|A/cattle/Texas/24-008749-003/2024(H5N1)	212	23
HA|PP755589.1|A/cattle/Texas/24-008749-003/2024(H5N1)	213	23
HA|PP755589.1|A/cattle/Texas/24-008749-003/2024(H5N1)	214	23
HA|PP755589.1|A/cattle/Texas/24-008749-003/2024(H5N1)	215	23
HA|PP755589.1|A/cattle/Texas/24-008749-003/2024(H5N1)	216	23
HA|PP755589.1|A/cattle/Texas/24-008749-003/2024(H5N1)	217	23
HA|PP755589.1|A/cattle/Texas/24-008749-003/2024(H5N1)	218	23
HA|PP755589.1|A/cattle/Texas/24-008749-003/2024(H5N1)	219	22
HA|PP755589.1|A/cattle/Texas/24-008749-003/2024(H5N1)	220	22
HA|PP755589.1|A/cattle/Texas/24-008749-003/2024(H5N1)	221	22
HA|PP755589.1|A/cattle/Texas/24-008749-003/2024(H5N1)	222	22
HA|PP755589.1|A/cattle/Texas/24-008749-003/2024(H5N1)	223	22
HA|PP755589.1|A/cattle/Texas/24-008749-003/2024(H5N1)	224	20
HA|PP755589.1|A/cattle/Texas/24-008749-003/2024(H5N1)	225	20
HA|PP755589.1|A/cattle/Texas/24-008749-003/2024(H5N1)	226	21
HA|PP755589.1|A/cattle/Texas/24-008749-003/2024(H5N1)	227	21
HA|PP755589.1|A/cattle/Texas/24-008749-003/2024(H5N1)	228	21
HA|PP755589.1|A/cattle/Texas/24-008749-003/2024(H5N1)	229	21
HA|PP755589.1|A/cattle/Texas/24-008749-003/2024(H5N1)	230	21
HA|PP755589.1|A/cattle/Texas/24-008749-003/2024(H5N1)	231	21
HA|PP755589.1|A/cattle/Texas/24-008749-003/2024(H5N1)	232	21
HA|PP755589.1|A/cattle/Texas/24-008749-003/2024(H5N1)	233	21
HA|PP755589.1|A/cattle/Texas/24-008749-003/2024(H5N1)	234	21
HA|PP755589.1|A/cattle/Texas/24-008749-003/2024(H5N1)	235	21
HA|PP755589.1|A/cattle/Texas/24-008749-003/2024(H5N1)	236	21
HA|PP755589.1|A/cattle/Texas/24-008749-003/2024(H5N1)	237	21
HA|PP755589.1|A/cattle/Texas/24-008749-003/2024(H5N1)	238	21
HA|PP755589.1|A/cattle/Texas/24-008749-003/2024(H5N1)	239	21
HA|PP755589.1|A/cattle/Texas/24-008749-003/2024(H5N1)	240	21
HA|PP755589.1|A/cattle/Texas/24-008749-003/2024(H5N1)	241	21
HA|PP755589.1|A/cattle/Texas/24-008749-003/2024(H5N1)	242	21
HA|PP755589.1|A/cattle/Texas/24-008749-003/2024(H5N1)	243	21
HA|PP755589.1|A/cattle/Texas/24-008749-003/2024(H5N1)	244	20
HA|PP755589.1|A/cattle/Texas/24-008749-003/2024(H5N1)	245	20
HA|PP755589.1|A/cattle/Texas/24-008749-003/2024(H5N1)	246	20
HA|PP755589.1|A/cattle/Texas/24-008749-003/2024(H5N1)	247	20
HA|PP755589.1|A/cattle/Texas/24-008749-003/2024(H5N1)	248	20
HA|PP755589.1|A/cattle/Texas/24-008749-003/2024(H5N1)	249	19
HA|PP755589.1|A/cattle/Texas/24-008749-003/2024(H5N1)	250	19
HA|PP755589.1|A/cattle/Texas/24-008749-003/2024(H5N1)	251	19
HA|PP755589.1|A/cattle/Texas/24-008749-003/2024(H5N1)	252	19
HA|PP755589.1|A/cattle/Texas/24-008749-003/2024(H5N1)	253	19
HA|PP755589.1|A/cattle/Texas/24-008749-003/2024(H5N1)	254	19
HA|PP755589.1|A/cattle/Texas/24-008749-003/2024(H5N1)	255	19
HA|PP755589.1|A/cattle/Texas/24-008749-003/2024(H5N1)	256	19
HA|PP755589.1|A/cattle/Texas/24-008749-003/2024(H5N1)	257	19
HA|PP755589.1|A/cattle/Texas/24-008749-003/2024(H5N1)	258	19
HA|PP755589.1|A/cattle/Texas/24-008749-003/2024(H5N1)	259	19
HA|PP755589.1|A/cattle/Texas/24-008749-003/2024(H5N1)	260	19
HA|PP755589.1|A/cattle/Texas/24-008749-003/2024(H5N1)	261	19
HA|PP755589.1|A/cattle/Texas/24-008749-003/2024(H5N1)	262	19
HA|PP755589.1|A/cattle/Texas/24-008749-003/2024(H5N1)	263	19
HA|PP755589.1|A/cattle/Texas/24-008749-003/2024(H5N1)	264	18
HA|PP755589.1|A/cattle/Texas/24-008749-003/2024(H5N1)	265	18
HA|PP755589.1|A/cattle/Texas/24-008749-003/2024(H5N1)	266	18
HA|PP755589.1|A/cattle/Texas/24-008749-003/2024(H5N1)	267	18
HA|PP755589.1|A/cattle/Texas/24-008749-003/2024(H5N1)	268	18
HA|PP755589.1|A/cattle/Texas/24-008749-003/2024(H5N1)	269	18
HA|PP755589.1|A/cattle/Texas/24-008749-003/2024(H5N1)	270	18
HA|PP755589.1|A/cattle/Texas/24-008749-003/2024(H5N1)	271	18
HA|PP755589.1|A/cattle/Texas/24-008749-003/2024(H5N1)	272	18
HA|PP755589.1|A/cattle/Texas/24-008749-003/2024(H5N1)	273	16
HA|PP755589.1|A/cattle/Texas/24-008749-003/2024(H5N1)	274	16
HA|PP755589.1|A/cattle/Texas/24-008749-003/2024(H5N1)	275	16
HA|PP755589.1|A/cattle/Texas/24-008749-003/2024(H5N1)	276	19
HA|PP755589.1|A/cattle/Texas/24-008749-003/2024(H5N1)	277	19
HA|PP755589.1|A/cattle/Texas/24-008749-003/2024(H5N1)	278	19
HA|PP755589.1|A/cattle/Texas/24-008749-003/2024(H5N1)	279	19
HA|PP755589.1|A/cattle/Texas/24-008749-003/2024(H5N1)	280	19
HA|PP755589.1|A/cattle/Texas/24-008749-003/2024(H5N1)	281	21
HA|PP755589.1|A/cattle/Texas/24-008749-003/2024(H5N1)	282	20
HA|PP755589.1|A/cattle/Texas/24-008749-003/2024(H5N1)	283	20
HA|PP755589.1|A/cattle/Texas/24-008749-003/2024(H5N1)	284	19
HA|PP755589.1|A/cattle/Texas/24-008749-003/2024(H5N1)	285	17
HA|PP755589.1|A/cattle/Texas/24-008749-003/2024(H5N1)	286	17
HA|PP755589.1|A/cattle/Texas/24-008749-003/2024(H5N1)	287	17
HA|PP755589.1|A/cattle/Texas/24-008749-003/2024(H5N1)	288	17
HA|PP755589.1|A/cattle/Texas/24-008749-003/2024(H5N1)	289	17
HA|PP755589.1|A/cattle/Texas/24-008749-003/2024(H5N1)	290	16
HA|PP755589.1|A/cattle/Texas/24-008749-003/2024(H5N1)	291	16
HA|PP755589.1|A/cattle/Texas/24-008749-003/2024(H5N1)	292	17
HA|PP755589.1|A/cattle/Texas/24-008749-003/2024(H5N1)	293	18
HA|PP755589.1|A/cattle/Texas/24-008749-003/2024(H5N1)	294	21
HA|PP755589.1|A/cattle/Texas/24-008749-003/2024(H5N1)	295	21
HA|PP755589.1|A/cattle/Texas/24-008749-003/2024(H5N1)	296	21
HA|PP755589.1|A/cattle/Texas/24-008749-003/2024(H5N1)	297	21
HA|PP755589.1|A/cattle/Texas/24-008749-003/2024(H5N1)	298	22
HA|PP755589.1|A/cattle/Texas/24-008749-003/2024(H5N1)	299	23
HA|PP755589.1|A/cattle/Texas/24-008749-003/2024(H5N1)	300	23
HA|PP755589.1|A/cattle/Texas/24-008749-003/2024(H5N1)	301	25
HA|PP755589.1|A/cattle/Texas/24-008749-003/2024(H5N1)	302	25
HA|PP755589.1|A/cattle/Texas/24-008749-003/2024(H5N1)	303	25
HA|PP755589.1|A/cattle/Texas/24-008749-003/2024(H5N1)	304	27
HA|PP755589.1|A/cattle/Texas/24-008749-003/2024(H5N1)	305	28
HA|PP755589.1|A/cattle/Texas/24-008749-003/2024(H5N1)	306	28
HA|PP755589.1|A/cattle/Texas/24-008749-003/2024(H5N1)	307	28
HA|PP755589.1|A/cattle/Texas/24-008749-003/2024(H5N1)	308	28
HA|PP755589.1|A/cattle/Texas/24-008749-003/2024(H5N1)	309	28
HA|PP755589.1|A/cattle/Texas/24-008749-003/2024(H5N1)	310	28
HA|PP755589.1|A/cattle/Texas/24-008749-003/2024(H5N1)	311	28
HA|PP755589.1|A/cattle/Texas/24-008749-003/2024(H5N1)	312	28
HA|PP755589.1|A/cattle/Texas/24-008749-003/2024(H5N1)	313	28
HA|PP755589.1|A/cattle/Texas/24-008749-003/2024(H5N1)	314	28
HA|PP755589.1|A/cattle/Texas/24-008749-003/2024(H5N1)	315	29
HA|PP755589.1|A/cattle/Texas/24-008749-003/2024(H5N1)	316	29
HA|PP755589.1|A/cattle/Texas/24-008749-003/2024(H5N1)	317	29
HA|PP755589.1|A/cattle/Texas/24-008749-003/2024(H5N1)	318	29
HA|PP755589.1|A/cattle/Texas/24-008749-003/2024(H5N1)	319	29
HA|PP755589.1|A/cattle/Texas/24-008749-003/2024(H5N1)	320	29
HA|PP755589.1|A/cattle/Texas/24-008749-003/2024(H5N1)	321	28
HA|PP755589.1|A/cattle/Texas/24-008749-003/2024(H5N1)	322	28
HA|PP755589.1|A/cattle/Texas/24-008749-003/2024(H5N1)	323	28
HA|PP755589.1|A/cattle/Texas/24-008749-003/2024(H5N1)	324	28
HA|PP755589.1|A/cattle/Texas/24-008749-003/2024(H5N1)	325	28
HA|PP755589.1|A/cattle/Texas/24-008749-003/2024(H5N1)	326	27
HA|PP755589.1|A/cattle/Texas/24-008749-003/2024(H5N1)	327	27
HA|PP755589.1|A/cattle/Texas/24-008749-003/2024(H5N1)	328	25
HA|PP755589.1|A/cattle/Texas/24-008749-003/2024(H5N1)	329	26
HA|PP755589.1|A/cattle/Texas/24-008749-003/2024(H5N1)	330	26
HA|PP755589.1|A/cattle/Texas/24-008749-003/2024(H5N1)	331	26
HA|PP755589.1|A/cattle/Texas/24-008749-003/2024(H5N1)	332	26
HA|PP755589.1|A/cattle/Texas/24-008749-003/2024(H5N1)	333	26
HA|PP755589.1|A/cattle/Texas/24-008749-003/2024(H5N1)	334	26
HA|PP755589.1|A/cattle/Texas/24-008749-003/2024(H5N1)	335	26
HA|PP755589.1|A/cattle/Texas/24-008749-003/2024(H5N1)	336	25
HA|PP755589.1|A/cattle/Texas/24-008749-003/2024(H5N1)	337	25
HA|PP755589.1|A/cattle/Texas/24-008749-003/2024(H5N1)	338	25
HA|PP755589.1|A/cattle/Texas/24-008749-003/2024(H5N1)	339	25
HA|PP755589.1|A/cattle/Texas/24-008749-003/2024(H5N1)	340	26
HA|PP755589.1|A/cattle/Texas/24-008749-003/2024(H5N1)	341	26
HA|PP755589.1|A/cattle/Texas/24-008749-003/2024(H5N1)	342	26
HA|PP755589.1|A/cattle/Texas/24-008749-003/2024(H5N1)	343	26
HA|PP755589.1|A/cattle/Texas/24-008749-003/2024(H5N1)	344	26
HA|PP755589.1|A/cattle/Texas/24-008749-003/2024(H5N1)	345	26
HA|PP755589.1|A/cattle/Texas/24-008749-003/2024(H5N1)	346	26
HA|PP755589.1|A/cattle/Texas/24-008749-003/2024(H5N1)	347	26
HA|PP755589.1|A/cattle/Texas/24-008749-003/2024(H5N1)	348	27
HA|PP755589.1|A/cattle/Texas/24-008749-003/2024(H5N1)	349	27
HA|PP755589.1|A/cattle/Texas/24-008749-003/2024(H5N1)	350	27
HA|PP755589.1|A/cattle/Texas/24-008749-003/2024(H5N1)	351	27
HA|PP755589.1|A/cattle/Texas/24-008749-003/2024(H5N1)	352	27
HA|PP755589.1|A/cattle/Texas/24-008749-003/2024(H5N1)	353	27
HA|PP755589.1|A/cattle/Texas/24-008749-003/2024(H5N1)	354	27
HA|PP755589.1|A/cattle/Texas/24-008749-003/2024(H5N1)	355	27
HA|PP755589.1|A/cattle/Texas/24-008749-003/2024(H5N1)	356	27
HA|PP755589.1|A/cattle/Texas/24-008749-003/2024(H5N1)	357	28
HA|PP755589.1|A/cattle/Texas/24-008749-003/2024(H5N1)	358	27
HA|PP755589.1|A/cattle/Texas/24-008749-003/2024(H5N1)	359	27
HA|PP755589.1|A/cattle/Texas/24-008749-003/2024(H5N1)	360	27
HA|PP755589.1|A/cattle/Texas/24-008749-003/2024(H5N1)	361	27
HA|PP755589.1|A/cattle/Texas/24-008749-003/2024(H5N1)	362	27
HA|PP755589.1|A/cattle/Texas/24-008749-003/2024(H5N1)	363	27
HA|PP755589.1|A/cattle/Texas/24-008749-003/2024(H5N1)	364	27
HA|PP755589.1|A/cattle/Texas/24-008749-003/2024(H5N1)	365	27
HA|PP755589.1|A/cattle/Texas/24-008749-003/2024(H5N1)	366	27
HA|PP755589.1|A/cattle/Texas/24-008749-003/2024(H5N1)	367	27
HA|PP755589.1|A/cattle/Texas/24-008749-003/2024(H5N1)	368	28
HA|PP755589.1|A/cattle/Texas/24-008749-003/2024(H5N1)	369	29
HA|PP755589.1|A/cattle/Texas/24-008749-003/2024(H5N1)	370	30
HA|PP755589.1|A/cattle/Texas/24-008749-003/2024(H5N1)	371	30
HA|PP755589.1|A/cattle/Texas/24-008749-003/2024(H5N1)	372	29
HA|PP755589.1|A/cattle/Texas/24-008749-003/2024(H5N1)	373	29
HA|PP755589.1|A/cattle/Texas/24-008749-003/2024(H5N1)	374	29
HA|PP755589.1|A/cattle/Texas/24-008749-003/2024(H5N1)	375	29
HA|PP755589.1|A/cattle/Texas/24-008749-003/2024(H5N1)	376	29
HA|PP755589.1|A/cattle/Texas/24-008749-003/2024(H5N1)	377	30
HA|PP755589.1|A/cattle/Texas/24-008749-003/2024(H5N1)	378	29
HA|PP755589.1|A/cattle/Texas/24-008749-003/2024(H5N1)	379	30
HA|PP755589.1|A/cattle/Texas/24-008749-003/2024(H5N1)	380	30
HA|PP755589.1|A/cattle/Texas/24-008749-003/2024(H5N1)	381	30
HA|PP755589.1|A/cattle/Texas/24-008749-003/2024(H5N1)	382	30
HA|PP755589.1|A/cattle/Texas/24-008749-003/2024(H5N1)	383	31
HA|PP755589.1|A/cattle/Texas/24-008749-003/2024(H5N1)	384	31
HA|PP755589.1|A/cattle/Texas/24-008749-003/2024(H5N1)	385	31
HA|PP755589.1|A/cattle/Texas/24-008749-003/2024(H5N1)	386	31
HA|PP755589.1|A/cattle/Texas/24-008749-003/2024(H5N1)	387	31
HA|PP755589.1|A/cattle/Texas/24-008749-003/2024(H5N1)	388	31
HA|PP755589.1|A/cattle/Texas/24-008749-003/2024(H5N1)	389	31
HA|PP755589.1|A/cattle/Texas/24-008749-003/2024(H5N1)	390	31
HA|PP755589.1|A/cattle/Texas/24-008749-003/2024(H5N1)	391	31
HA|PP755589.1|A/cattle/Texas/24-008749-003/2024(H5N1)	392	31
HA|PP755589.1|A/cattle/Texas/24-008749-003/2024(H5N1)	393	31
HA|PP755589.1|A/cattle/Texas/24-008749-003/2024(H5N1)	394	31
HA|PP755589.1|A/cattle/Texas/24-008749-003/2024(H5N1)	395	31
HA|PP755589.1|A/cattle/Texas/24-008749-003/2024(H5N1)	396	31
HA|PP755589.1|A/cattle/Texas/24-008749-003/2024(H5N1)	397	31
HA|PP755589.1|A/cattle/Texas/24-008749-003/2024(H5N1)	398	31
HA|PP755589.1|A/cattle/Texas/24-008749-003/2024(H5N1)	399	31
HA|PP755589.1|A/cattle/Texas/24-008749-003/2024(H5N1)	400	31
HA|PP755589.1|A/cattle/Texas/24-008749-003/2024(H5N1)	401	31
HA|PP755589.1|A/cattle/Texas/24-008749-003/2024(H5N1)	402	31
HA|PP755589.1|A/cattle/Texas/24-008749-003/2024(H5N1)	403	31
HA|PP755589.1|A/cattle/Texas/24-008749-003/2024(H5N1)	404	31
HA|PP755589.1|A/cattle/Texas/24-008749-003/2024(H5N1)	405	31
HA|PP755589.1|A/cattle/Texas/24-008749-003/2024(H5N1)	406	31
HA|PP755589.1|A/cattle/Texas/24-008749-003/2024(H5N1)	407	31
HA|PP755589.1|A/cattle/Texas/24-008749-003/2024(H5N1)	408	32
HA|PP755589.1|A/cattle/Texas/24-008749-003/2024(H5N1)	409	32
HA|PP755589.1|A/cattle/Texas/24-008749-003/2024(H5N1)	410	32
HA|PP755589.1|A/cattle/Texas/24-008749-003/2024(H5N1)	411	32
HA|PP755589.1|A/cattle/Texas/24-008749-003/2024(H5N1)	412	32
HA|PP755589.1|A/cattle/Texas/24-008749-003/2024(H5N1)	413	32
HA|PP755589.1|A/cattle/Texas/24-008749-003/2024(H5N1)	414	32
HA|PP755589.1|A/cattle/Texas/24-008749-003/2024(H5N1)	415	32
HA|PP755589.1|A/cattle/Texas/24-008749-003/2024(H5N1)	416	32
HA|PP755589.1|A/cattle/Texas/24-008749-003/2024(H5N1)	417	32
HA|PP755589.1|A/cattle/Texas/24-008749-003/2024(H5N1)	418	32
HA|PP755589.1|A/cattle/Texas/24-008749-003/2024(H5N1)	419	32
HA|PP755589.1|A/cattle/Texas/24-008749-003/2024(H5N1)	420	32
HA|PP755589.1|A/cattle/Texas/24-008749-003/2024(H5N1)	421	33
HA|PP755589.1|A/cattle/Texas/24-008749-003/2024(H5N1)	422	33
HA|PP755589.1|A/cattle/Texas/24-008749-003/2024(H5N1)	423	33
HA|PP755589.1|A/cattle/Texas/24-008749-003/2024(H5N1)	424	33
HA|PP755589.1|A/cattle/Texas/24-008749-003/2024(H5N1)	425	33
HA|PP755589.1|A/cattle/Texas/24-008749-003/2024(H5N1)	426	33
HA|PP755589.1|A/cattle/Texas/24-008749-003/2024(H5N1)	427	30
HA|PP755589.1|A/cattle/Texas/24-008749-003/2024(H5N1)	428	30
HA|PP755589.1|A/cattle/Texas/24-008749-003/2024(H5N1)	429	30
HA|PP755589.1|A/cattle/Texas/24-008749-003/2024(H5N1)	430	30
HA|PP755589.1|A/cattle/Texas/24-008749-003/2024(H5N1)	431	31
HA|PP755589.1|A/cattle/Texas/24-008749-003/2024(H5N1)	432	31
HA|PP755589.1|A/cattle/Texas/24-008749-003/2024(H5N1)	433	32
HA|PP755589.1|A/cattle/Texas/24-008749-003/2024(H5N1)	434	32
HA|PP755589.1|A/cattle/Texas/24-008749-003/2024(H5N1)	435	32
HA|PP755589.1|A/cattle/Texas/24-008749-003/2024(H5N1)	436	32
HA|PP755589.1|A/cattle/Texas/24-008749-003/2024(H5N1)	437	32
HA|PP755589.1|A/cattle/Texas/24-008749-003/2024(H5N1)	438	32
HA|PP755589.1|A/cattle/Texas/24-008749-003/2024(H5N1)	439	32
HA|PP755589.1|A/cattle/Texas/24-008749-003/2024(H5N1)	440	30
HA|PP755589.1|A/cattle/Texas/24-008749-003/2024(H5N1)	441	30
HA|PP755589.1|A/cattle/Texas/24-008749-003/2024(H5N1)	442	29
HA|PP755589.1|A/cattle/Texas/24-008749-003/2024(H5N1)	443	29
HA|PP755589.1|A/cattle/Texas/24-008749-003/2024(H5N1)	444	27
HA|PP755589.1|A/cattle/Texas/24-008749-003/2024(H5N1)	445	27
HA|PP755589.1|A/cattle/Texas/24-008749-003/2024(H5N1)	446	28
HA|PP755589.1|A/cattle/Texas/24-008749-003/2024(H5N1)	447	27
HA|PP755589.1|A/cattle/Texas/24-008749-003/2024(H5N1)	448	27
HA|PP755589.1|A/cattle/Texas/24-008749-003/2024(H5N1)	449	25
HA|PP755589.1|A/cattle/Texas/24-008749-003/2024(H5N1)	450	25
HA|PP755589.1|A/cattle/Texas/24-008749-003/2024(H5N1)	451	25
HA|PP755589.1|A/cattle/Texas/24-008749-003/2024(H5N1)	452	25
HA|PP755589.1|A/cattle/Texas/24-008749-003/2024(H5N1)	453	25
HA|PP755589.1|A/cattle/Texas/24-008749-003/2024(H5N1)	454	23
HA|PP755589.1|A/cattle/Texas/24-008749-003/2024(H5N1)	455	22
HA|PP755589.1|A/cattle/Texas/24-008749-003/2024(H5N1)	456	22
HA|PP755589.1|A/cattle/Texas/24-008749-003/2024(H5N1)	457	22
HA|PP755589.1|A/cattle/Texas/24-008749-003/2024(H5N1)	458	22
HA|PP755589.1|A/cattle/Texas/24-008749-003/2024(H5N1)	459	22
HA|PP755589.1|A/cattle/Texas/24-008749-003/2024(H5N1)	460	22
HA|PP755589.1|A/cattle/Texas/24-008749-003/2024(H5N1)	461	22
HA|PP755589.1|A/cattle/Texas/24-008749-003/2024(H5N1)	462	22
HA|PP755589.1|A/cattle/Texas/24-008749-003/2024(H5N1)	463	22
HA|PP755589.1|A/cattle/Texas/24-008749-003/2024(H5N1)	464	22
HA|PP755589.1|A/cattle/Texas/24-008749-003/2024(H5N1)	465	21
HA|PP755589.1|A/cattle/Texas/24-008749-003/2024(H5N1)	466	19
HA|PP755589.1|A/cattle/Texas/24-008749-003/2024(H5N1)	467	21
HA|PP755589.1|A/cattle/Texas/24-008749-003/2024(H5N1)	468	21
HA|PP755589.1|A/cattle/Texas/24-008749-003/2024(H5N1)	469	21
HA|PP755589.1|A/cattle/Texas/24-008749-003/2024(H5N1)	470	21
HA|PP755589.1|A/cattle/Texas/24-008749-003/2024(H5N1)	471	21
HA|PP755589.1|A/cattle/Texas/24-008749-003/2024(H5N1)	472	21
HA|PP755589.1|A/cattle/Texas/24-008749-003/2024(H5N1)	473	22
HA|PP755589.1|A/cattle/Texas/24-008749-003/2024(H5N1)	474	22
HA|PP755589.1|A/cattle/Texas/24-008749-003/2024(H5N1)	475	22
HA|PP755589.1|A/cattle/Texas/24-008749-003/2024(H5N1)	476	22
HA|PP755589.1|A/cattle/Texas/24-008749-003/2024(H5N1)	477	22
HA|PP755589.1|A/cattle/Texas/24-008749-003/2024(H5N1)	478	22
HA|PP755589.1|A/cattle/Texas/24-008749-003/2024(H5N1)	479	22
HA|PP755589.1|A/cattle/Texas/24-008749-003/2024(H5N1)	480	21
HA|PP755589.1|A/cattle/Texas/24-008749-003/2024(H5N1)	481	21
HA|PP755589.1|A/cattle/Texas/24-008749-003/2024(H5N1)	482	21
HA|PP755589.1|A/cattle/Texas/24-008749-003/2024(H5N1)	483	21
HA|PP755589.1|A/cattle/Texas/24-008749-003/2024(H5N1)	484	21
HA|PP755589.1|A/cattle/Texas/24-008749-003/2024(H5N1)	485	22
HA|PP755589.1|A/cattle/Texas/24-008749-003/2024(H5N1)	486	22
HA|PP755589.1|A/cattle/Texas/24-008749-003/2024(H5N1)	487	22
HA|PP755589.1|A/cattle/Texas/24-008749-003/2024(H5N1)	488	22
HA|PP755589.1|A/cattle/Texas/24-008749-003/2024(H5N1)	489	22
HA|PP755589.1|A/cattle/Texas/24-008749-003/2024(H5N1)	490	22
HA|PP755589.1|A/cattle/Texas/24-008749-003/2024(H5N1)	491	21
HA|PP755589.1|A/cattle/Texas/24-008749-003/2024(H5N1)	492	21
HA|PP755589.1|A/cattle/Texas/24-008749-003/2024(H5N1)	493	21
HA|PP755589.1|A/cattle/Texas/24-008749-003/2024(H5N1)	494	21
HA|PP755589.1|A/cattle/Texas/24-008749-003/2024(H5N1)	495	21
HA|PP755589.1|A/cattle/Texas/24-008749-003/2024(H5N1)	496	21
HA|PP755589.1|A/cattle/Texas/24-008749-003/2024(H5N1)	497	21
HA|PP755589.1|A/cattle/Texas/24-008749-003/2024(H5N1)	498	21
HA|PP755589.1|A/cattle/Texas/24-008749-003/2024(H5N1)	499	20
HA|PP755589.1|A/cattle/Texas/24-008749-003/2024(H5N1)	500	20
HA|PP755589.1|A/cattle/Texas/24-008749-003/2024(H5N1)	501	20
HA|PP755589.1|A/cattle/Texas/24-008749-003/2024(H5N1)	502	20
HA|PP755589.1|A/cattle/Texas/24-008749-003/2024(H5N1)	503	20
HA|PP755589.1|A/cattle/Texas/24-008749-003/2024(H5N1)	504	20
HA|PP755589.1|A/cattle/Texas/24-008749-003/2024(H5N1)	505	20
HA|PP755589.1|A/cattle/Texas/24-008749-003/2024(H5N1)	506	20
HA|PP755589.1|A/cattle/Texas/24-008749-003/2024(H5N1)	507	20
HA|PP755589.1|A/cattle/Texas/24-008749-003/2024(H5N1)	508	19
HA|PP755589.1|A/cattle/Texas/24-008749-003/2024(H5N1)	509	19
HA|PP755589.1|A/cattle/Texas/24-008749-003/2024(H5N1)	510	19
HA|PP755589.1|A/cattle/Texas/24-008749-003/2024(H5N1)	511	19
HA|PP755589.1|A/cattle/Texas/24-008749-003/2024(H5N1)	512	20
HA|PP755589.1|A/cattle/Texas/24-008749-003/2024(H5N1)	513	20
HA|PP755589.1|A/cattle/Texas/24-008749-003/2024(H5N1)	514	20
HA|PP755589.1|A/cattle/Texas/24-008749-003/2024(H5N1)	515	20
HA|PP755589.1|A/cattle/Texas/24-008749-003/2024(H5N1)	516	19
HA|PP755589.1|A/cattle/Texas/24-008749-003/2024(H5N1)	517	20
HA|PP755589.1|A/cattle/Texas/24-008749-003/2024(H5N1)	518	20
HA|PP755589.1|A/cattle/Texas/24-008749-003/2024(H5N1)	519	19
HA|PP755589.1|A/cattle/Texas/24-008749-003/2024(H5N1)	520	19
HA|PP755589.1|A/cattle/Texas/24-008749-003/2024(H5N1)	521	18
HA|PP755589.1|A/cattle/Texas/24-008749-003/2024(H5N1)	522	18
HA|PP755589.1|A/cattle/Texas/24-008749-003/2024(H5N1)	523	18
HA|PP755589.1|A/cattle/Texas/24-008749-003/2024(H5N1)	524	19
HA|PP755589.1|A/cattle/Texas/24-008749-003/2024(H5N1)	525	19
HA|PP755589.1|A/cattle/Texas/24-008749-003/2024(H5N1)	526	19
HA|PP755589.1|A/cattle/Texas/24-008749-003/2024(H5N1)	527	20
HA|PP755589.1|A/cattle/Texas/24-008749-003/2024(H5N1)	528	18
HA|PP755589.1|A/cattle/Texas/24-008749-003/2024(H5N1)	529	21
HA|PP755589.1|A/cattle/Texas/24-008749-003/2024(H5N1)	530	20
HA|PP755589.1|A/cattle/Texas/24-008749-003/2024(H5N1)	531	20
HA|PP755589.1|A/cattle/Texas/24-008749-003/2024(H5N1)	532	20
HA|PP755589.1|A/cattle/Texas/24-008749-003/2024(H5N1)	533	19
HA|PP755589.1|A/cattle/Texas/24-008749-003/2024(H5N1)	534	19
HA|PP755589.1|A/cattle/Texas/24-008749-003/2024(H5N1)	535	19
HA|PP755589.1|A/cattle/Texas/24-008749-003/2024(H5N1)	536	19
HA|PP755589.1|A/cattle/Texas/24-008749-003/2024(H5N1)	537	20
HA|PP755589.1|A/cattle/Texas/24-008749-003/2024(H5N1)	538	20
HA|PP755589.1|A/cattle/Texas/24-008749-003/2024(H5N1)	539	20
HA|PP755589.1|A/cattle/Texas/24-008749-003/2024(H5N1)	540	23
HA|PP755589.1|A/cattle/Texas/24-008749-003/2024(H5N1)	541	23
HA|PP755589.1|A/cattle/Texas/24-008749-003/2024(H5N1)	542	23
HA|PP755589.1|A/cattle/Texas/24-008749-003/2024(H5N1)	543	23
HA|PP755589.1|A/cattle/Texas/24-008749-003/2024(H5N1)	544	23
HA|PP755589.1|A/cattle/Texas/24-008749-003/2024(H5N1)	545	23
HA|PP755589.1|A/cattle/Texas/24-008749-003/2024(H5N1)	546	23
HA|PP755589.1|A/cattle/Texas/24-008749-003/2024(H5N1)	547	23
HA|PP755589.1|A/cattle/Texas/24-008749-003/2024(H5N1)	548	23
HA|PP755589.1|A/cattle/Texas/24-008749-003/2024(H5N1)	549	23
HA|PP755589.1|A/cattle/Texas/24-008749-003/2024(H5N1)	550	23
HA|PP755589.1|A/cattle/Texas/24-008749-003/2024(H5N1)	551	23
HA|PP755589.1|A/cattle/Texas/24-008749-003/2024(H5N1)	552	23
HA|PP755589.1|A/cattle/Texas/24-008749-003/2024(H5N1)	553	23
HA|PP755589.1|A/cattle/Texas/24-008749-003/2024(H5N1)	554	23
HA|PP755589.1|A/cattle/Texas/24-008749-003/2024(H5N1)	555	23
HA|PP755589.1|A/cattle/Texas/24-008749-003/2024(H5N1)	556	23
HA|PP755589.1|A/cattle/Texas/24-008749-003/2024(H5N1)	557	23
HA|PP755589.1|A/cattle/Texas/24-008749-003/2024(H5N1)	558	24
HA|PP755589.1|A/cattle/Texas/24-008749-003/2024(H5N1)	559	23
HA|PP755589.1|A/cattle/Texas/24-008749-003/2024(H5N1)	560	23
HA|PP755589.1|A/cattle/Texas/24-008749-003/2024(H5N1)	561	23
HA|PP755589.1|A/cattle/Texas/24-008749-003/2024(H5N1)	562	23
HA|PP755589.1|A/cattle/Texas/24-008749-003/2024(H5N1)	563	23
HA|PP755589.1|A/cattle/Texas/24-008749-003/2024(H5N1)	564	23
HA|PP755589.1|A/cattle/Texas/24-008749-003/2024(H5N1)	565	23
HA|PP755589.1|A/cattle/Texas/24-008749-003/2024(H5N1)	566	23
HA|PP755589.1|A/cattle/Texas/24-008749-003/2024(H5N1)	567	23
HA|PP755589.1|A/cattle/Texas/24-008749-003/2024(H5N1)	568	23
HA|PP755589.1|A/cattle/Texas/24-008749-003/2024(H5N1)	569	23
HA|PP755589.1|A/cattle/Texas/24-008749-003/2024(H5N1)	570	23
HA|PP755589.1|A/cattle/Texas/24-008749-003/2024(H5N1)	571	23
HA|PP755589.1|A/cattle/Texas/24-008749-003/2024(H5N1)	572	24
HA|PP755589.1|A/cattle/Texas/24-008749-003/2024(H5N1)	573	24
HA|PP755589.1|A/cattle/Texas/24-008749-003/2024(H5N1)	574	24
HA|PP755589.1|A/cattle/Texas/24-008749-003/2024(H5N1)	575	24
HA|PP755589.1|A/cattle/Texas/24-008749-003/2024(H5N1)	576	24
HA|PP755589.1|A/cattle/Texas/24-008749-003/2024(H5N1)	577	24
HA|PP755589.1|A/cattle/Texas/24-008749-003/2024(H5N1)	578	24
HA|PP755589.1|A/cattle/Texas/24-008749-003/2024(H5N1)	579	24
HA|PP755589.1|A/cattle/Texas/24-008749-003/2024(H5N1)	580	25
HA|PP755589.1|A/cattle/Texas/24-008749-003/2024(H5N1)	581	27
HA|PP755589.1|A/cattle/Texas/24-008749-003/2024(H5N1)	582	22
HA|PP755589.1|A/cattle/Texas/24-008749-003/2024(H5N1)	583	21
HA|PP755589.1|A/cattle/Texas/24-008749-003/2024(H5N1)	584	21
HA|PP755589.1|A/cattle/Texas/24-008749-003/2024(H5N1)	585	22
HA|PP755589.1|A/cattle/Texas/24-008749-003/2024(H5N1)	586	22
HA|PP755589.1|A/cattle/Texas/24-008749-003/2024(H5N1)	587	22
HA|PP755589.1|A/cattle/Texas/24-008749-003/2024(H5N1)	588	22
HA|PP755589.1|A/cattle/Texas/24-008749-003/2024(H5N1)	589	22
HA|PP755589.1|A/cattle/Texas/24-008749-003/2024(H5N1)	590	23
HA|PP755589.1|A/cattle/Texas/24-008749-003/2024(H5N1)	591	23
HA|PP755589.1|A/cattle/Texas/24-008749-003/2024(H5N1)	592	23
HA|PP755589.1|A/cattle/Texas/24-008749-003/2024(H5N1)	593	23
HA|PP755589.1|A/cattle/Texas/24-008749-003/2024(H5N1)	594	23
HA|PP755589.1|A/cattle/Texas/24-008749-003/2024(H5N1)	595	22
HA|PP755589.1|A/cattle/Texas/24-008749-003/2024(H5N1)	596	22
HA|PP755589.1|A/cattle/Texas/24-008749-003/2024(H5N1)	597	20
HA|PP755589.1|A/cattle/Texas/24-008749-003/2024(H5N1)	598	20
HA|PP755589.1|A/cattle/Texas/24-008749-003/2024(H5N1)	599	20
HA|PP755589.1|A/cattle/Texas/24-008749-003/2024(H5N1)	600	20
HA|PP755589.1|A/cattle/Texas/24-008749-003/2024(H5N1)	601	20
HA|PP755589.1|A/cattle/Texas/24-008749-003/2024(H5N1)	602	21
HA|PP755589.1|A/cattle/Texas/24-008749-003/2024(H5N1)	603	21
HA|PP755589.1|A/cattle/Texas/24-008749-003/2024(H5N1)	604	21
HA|PP755589.1|A/cattle/Texas/24-008749-003/2024(H5N1)	605	21
HA|PP755589.1|A/cattle/Texas/24-008749-003/2024(H5N1)	606	21
HA|PP755589.1|A/cattle/Texas/24-008749-003/2024(H5N1)	607	21
HA|PP755589.1|A/cattle/Texas/24-008749-003/2024(H5N1)	608	21
HA|PP755589.1|A/cattle/Texas/24-008749-003/2024(H5N1)	609	21
HA|PP755589.1|A/cattle/Texas/24-008749-003/2024(H5N1)	610	21
HA|PP755589.1|A/cattle/Texas/24-008749-003/2024(H5N1)	611	23
HA|PP755589.1|A/cattle/Texas/24-008749-003/2024(H5N1)	612	23
HA|PP755589.1|A/cattle/Texas/24-008749-003/2024(H5N1)	613	23
HA|PP755589.1|A/cattle/Texas/24-008749-003/2024(H5N1)	614	23
HA|PP755589.1|A/cattle/Texas/24-008749-003/2024(H5N1)	615	23
HA|PP755589.1|A/cattle/Texas/24-008749-003/2024(H5N1)	616	24
HA|PP755589.1|A/cattle/Texas/24-008749-003/2024(H5N1)	617	24
HA|PP755589.1|A/cattle/Texas/24-008749-003/2024(H5N1)	618	22
HA|PP755589.1|A/cattle/Texas/24-008749-003/2024(H5N1)	619	22
HA|PP755589.1|A/cattle/Texas/24-008749-003/2024(H5N1)	620	22
HA|PP755589.1|A/cattle/Texas/24-008749-003/2024(H5N1)	621	22
HA|PP755589.1|A/cattle/Texas/24-008749-003/2024(H5N1)	622	22
HA|PP755589.1|A/cattle/Texas/24-008749-003/2024(H5N1)	623	22
HA|PP755589.1|A/cattle/Texas/24-008749-003/2024(H5N1)	624	21
HA|PP755589.1|A/cattle/Texas/24-008749-003/2024(H5N1)	625	21
HA|PP755589.1|A/cattle/Texas/24-008749-003/2024(H5N1)	626	21
HA|PP755589.1|A/cattle/Texas/24-008749-003/2024(H5N1)	627	21
HA|PP755589.1|A/cattle/Texas/24-008749-003/2024(H5N1)	628	21
HA|PP755589.1|A/cattle/Texas/24-008749-003/2024(H5N1)	629	21
HA|PP755589.1|A/cattle/Texas/24-008749-003/2024(H5N1)	630	21
HA|PP755589.1|A/cattle/Texas/24-008749-003/2024(H5N1)	631	21
HA|PP755589.1|A/cattle/Texas/24-008749-003/2024(H5N1)	632	21
HA|PP755589.1|A/cattle/Texas/24-008749-003/2024(H5N1)	633	21
HA|PP755589.1|A/cattle/Texas/24-008749-003/2024(H5N1)	634	21
HA|PP755589.1|A/cattle/Texas/24-008749-003/2024(H5N1)	635	20
HA|PP755589.1|A/cattle/Texas/24-008749-003/2024(H5N1)	636	20
HA|PP755589.1|A/cattle/Texas/24-008749-003/2024(H5N1)	637	20
HA|PP755589.1|A/cattle/Texas/24-008749-003/2024(H5N1)	638	20
HA|PP755589.1|A/cattle/Texas/24-008749-003/2024(H5N1)	639	20
HA|PP755589.1|A/cattle/Texas/24-008749-003/2024(H5N1)	640	20
HA|PP755589.1|A/cattle/Texas/24-008749-003/2024(H5N1)	641	20
HA|PP755589.1|A/cattle/Texas/24-008749-003/2024(H5N1)	642	20
HA|PP755589.1|A/cattle/Texas/24-008749-003/2024(H5N1)	643	20
HA|PP755589.1|A/cattle/Texas/24-008749-003/2024(H5N1)	644	20
HA|PP755589.1|A/cattle/Texas/24-008749-003/2024(H5N1)	645	18
HA|PP755589.1|A/cattle/Texas/24-008749-003/2024(H5N1)	646	18
HA|PP755589.1|A/cattle/Texas/24-008749-003/2024(H5N1)	647	18
HA|PP755589.1|A/cattle/Texas/24-008749-003/2024(H5N1)	648	18
HA|PP755589.1|A/cattle/Texas/24-008749-003/2024(H5N1)	649	18
HA|PP755589.1|A/cattle/Texas/24-008749-003/2024(H5N1)	650	18
HA|PP755589.1|A/cattle/Texas/24-008749-003/2024(H5N1)	651	18
HA|PP755589.1|A/cattle/Texas/24-008749-003/2024(H5N1)	652	18
HA|PP755589.1|A/cattle/Texas/24-008749-003/2024(H5N1)	653	18
HA|PP755589.1|A/cattle/Texas/24-008749-003/2024(H5N1)	654	18
HA|PP755589.1|A/cattle/Texas/24-008749-003/2024(H5N1)	655	18
HA|PP755589.1|A/cattle/Texas/24-008749-003/2024(H5N1)	656	18
HA|PP755589.1|A/cattle/Texas/24-008749-003/2024(H5N1)	657	18
HA|PP755589.1|A/cattle/Texas/24-008749-003/2024(H5N1)	658	18
HA|PP755589.1|A/cattle/Texas/24-008749-003/2024(H5N1)	659	18
HA|PP755589.1|A/cattle/Texas/24-008749-003/2024(H5N1)	660	18
HA|PP755589.1|A/cattle/Texas/24-008749-003/2024(H5N1)	661	18
HA|PP755589.1|A/cattle/Texas/24-008749-003/2024(H5N1)	662	18
HA|PP755589.1|A/cattle/Texas/24-008749-003/2024(H5N1)	663	17
HA|PP755589.1|A/cattle/Texas/24-008749-003/2024(H5N1)	664	17
HA|PP755589.1|A/cattle/Texas/24-008749-003/2024(H5N1)	665	17
HA|PP755589.1|A/cattle/Texas/24-008749-003/2024(H5N1)	666	19
HA|PP755589.1|A/cattle/Texas/24-008749-003/2024(H5N1)	667	19
HA|PP755589.1|A/cattle/Texas/24-008749-003/2024(H5N1)	668	18
HA|PP755589.1|A/cattle/Texas/24-008749-003/2024(H5N1)	669	18
HA|PP755589.1|A/cattle/Texas/24-008749-003/2024(H5N1)	670	18
HA|PP755589.1|A/cattle/Texas/24-008749-003/2024(H5N1)	671	18
HA|PP755589.1|A/cattle/Texas/24-008749-003/2024(H5N1)	672	18
HA|PP755589.1|A/cattle/Texas/24-008749-003/2024(H5N1)	673	18
HA|PP755589.1|A/cattle/Texas/24-008749-003/2024(H5N1)	674	18
HA|PP755589.1|A/cattle/Texas/24-008749-003/2024(H5N1)	675	17
HA|PP755589.1|A/cattle/Texas/24-008749-003/2024(H5N1)	676	17
HA|PP755589.1|A/cattle/Texas/24-008749-003/2024(H5N1)	677	17
HA|PP755589.1|A/cattle/Texas/24-008749-003/2024(H5N1)	678	16
HA|PP755589.1|A/cattle/Texas/24-008749-003/2024(H5N1)	679	16
HA|PP755589.1|A/cattle/Texas/24-008749-003/2024(H5N1)	680	13
HA|PP755589.1|A/cattle/Texas/24-008749-003/2024(H5N1)	681	13
HA|PP755589.1|A/cattle/Texas/24-008749-003/2024(H5N1)	682	13
HA|PP755589.1|A/cattle/Texas/24-008749-003/2024(H5N1)	683	13
HA|PP755589.1|A/cattle/Texas/24-008749-003/2024(H5N1)	684	13
HA|PP755589.1|A/cattle/Texas/24-008749-003/2024(H5N1)	685	13
HA|PP755589.1|A/cattle/Texas/24-008749-003/2024(H5N1)	686	13
HA|PP755589.1|A/cattle/Texas/24-008749-003/2024(H5N1)	687	14
HA|PP755589.1|A/cattle/Texas/24-008749-003/2024(H5N1)	688	13
HA|PP755589.1|A/cattle/Texas/24-008749-003/2024(H5N1)	689	13
HA|PP755589.1|A/cattle/Texas/24-008749-003/2024(H5N1)	690	13
HA|PP755589.1|A/cattle/Texas/24-008749-003/2024(H5N1)	691	16
HA|PP755589.1|A/cattle/Texas/24-008749-003/2024(H5N1)	692	16
HA|PP755589.1|A/cattle/Texas/24-008749-003/2024(H5N1)	693	16
HA|PP755589.1|A/cattle/Texas/24-008749-003/2024(H5N1)	694	16
HA|PP755589.1|A/cattle/Texas/24-008749-003/2024(H5N1)	695	16
HA|PP755589.1|A/cattle/Texas/24-008749-003/2024(H5N1)	696	16
HA|PP755589.1|A/cattle/Texas/24-008749-003/2024(H5N1)	697	16
HA|PP755589.1|A/cattle/Texas/24-008749-003/2024(H5N1)	698	16
HA|PP755589.1|A/cattle/Texas/24-008749-003/2024(H5N1)	699	16
HA|PP755589.1|A/cattle/Texas/24-008749-003/2024(H5N1)	700	16
HA|PP755589.1|A/cattle/Texas/24-008749-003/2024(H5N1)	701	16
HA|PP755589.1|A/cattle/Texas/24-008749-003/2024(H5N1)	702	16
HA|PP755589.1|A/cattle/Texas/24-008749-003/2024(H5N1)	703	16
HA|PP755589.1|A/cattle/Texas/24-008749-003/2024(H5N1)	704	16
HA|PP755589.1|A/cattle/Texas/24-008749-003/2024(H5N1)	705	16
HA|PP755589.1|A/cattle/Texas/24-008749-003/2024(H5N1)	706	16
HA|PP755589.1|A/cattle/Texas/24-008749-003/2024(H5N1)	707	16
HA|PP755589.1|A/cattle/Texas/24-008749-003/2024(H5N1)	708	16
HA|PP755589.1|A/cattle/Texas/24-008749-003/2024(H5N1)	709	16
HA|PP755589.1|A/cattle/Texas/24-008749-003/2024(H5N1)	710	16
HA|PP755589.1|A/cattle/Texas/24-008749-003/2024(H5N1)	711	16
HA|PP755589.1|A/cattle/Texas/24-008749-003/2024(H5N1)	712	17
HA|PP755589.1|A/cattle/Texas/24-008749-003/2024(H5N1)	713	17
HA|PP755589.1|A/cattle/Texas/24-008749-003/2024(H5N1)	714	19
HA|PP755589.1|A/cattle/Texas/24-008749-003/2024(H5N1)	715	20
HA|PP755589.1|A/cattle/Texas/24-008749-003/2024(H5N1)	716	20
HA|PP755589.1|A/cattle/Texas/24-008749-003/2024(H5N1)	717	20
HA|PP755589.1|A/cattle/Texas/24-008749-003/2024(H5N1)	718	20
HA|PP755589.1|A/cattle/Texas/24-008749-003/2024(H5N1)	719	20
HA|PP755589.1|A/cattle/Texas/24-008749-003/2024(H5N1)	720	20
HA|PP755589.1|A/cattle/Texas/24-008749-003/2024(H5N1)	721	20
HA|PP755589.1|A/cattle/Texas/24-008749-003/2024(H5N1)	722	20
HA|PP755589.1|A/cattle/Texas/24-008749-003/2024(H5N1)	723	18
HA|PP755589.1|A/cattle/Texas/24-008749-003/2024(H5N1)	724	18
HA|PP755589.1|A/cattle/Texas/24-008749-003/2024(H5N1)	725	21
HA|PP755589.1|A/cattle/Texas/24-008749-003/2024(H5N1)	726	21
HA|PP755589.1|A/cattle/Texas/24-008749-003/2024(H5N1)	727	21
HA|PP755589.1|A/cattle/Texas/24-008749-003/2024(H5N1)	728	21
HA|PP755589.1|A/cattle/Texas/24-008749-003/2024(H5N1)	729	22
HA|PP755589.1|A/cattle/Texas/24-008749-003/2024(H5N1)	730	21
HA|PP755589.1|A/cattle/Texas/24-008749-003/2024(H5N1)	731	21
HA|PP755589.1|A/cattle/Texas/24-008749-003/2024(H5N1)	732	23
HA|PP755589.1|A/cattle/Texas/24-008749-003/2024(H5N1)	733	23
HA|PP755589.1|A/cattle/Texas/24-008749-003/2024(H5N1)	734	23
HA|PP755589.1|A/cattle/Texas/24-008749-003/2024(H5N1)	735	23
HA|PP755589.1|A/cattle/Texas/24-008749-003/2024(H5N1)	736	22
HA|PP755589.1|A/cattle/Texas/24-008749-003/2024(H5N1)	737	22
HA|PP755589.1|A/cattle/Texas/24-008749-003/2024(H5N1)	738	22
HA|PP755589.1|A/cattle/Texas/24-008749-003/2024(H5N1)	739	22
HA|PP755589.1|A/cattle/Texas/24-008749-003/2024(H5N1)	740	22
HA|PP755589.1|A/cattle/Texas/24-008749-003/2024(H5N1)	741	21
HA|PP755589.1|A/cattle/Texas/24-008749-003/2024(H5N1)	742	21
HA|PP755589.1|A/cattle/Texas/24-008749-003/2024(H5N1)	743	21
HA|PP755589.1|A/cattle/Texas/24-008749-003/2024(H5N1)	744	21
HA|PP755589.1|A/cattle/Texas/24-008749-003/2024(H5N1)	745	21
HA|PP755589.1|A/cattle/Texas/24-008749-003/2024(H5N1)	746	21
HA|PP755589.1|A/cattle/Texas/24-008749-003/2024(H5N1)	747	21
HA|PP755589.1|A/cattle/Texas/24-008749-003/2024(H5N1)	748	21
HA|PP755589.1|A/cattle/Texas/24-008749-003/2024(H5N1)	749	21
HA|PP755589.1|A/cattle/Texas/24-008749-003/2024(H5N1)	750	21
HA|PP755589.1|A/cattle/Texas/24-008749-003/2024(H5N1)	751	21
HA|PP755589.1|A/cattle/Texas/24-008749-003/2024(H5N1)	752	20
HA|PP755589.1|A/cattle/Texas/24-008749-003/2024(H5N1)	753	22
HA|PP755589.1|A/cattle/Texas/24-008749-003/2024(H5N1)	754	22
HA|PP755589.1|A/cattle/Texas/24-008749-003/2024(H5N1)	755	22
HA|PP755589.1|A/cattle/Texas/24-008749-003/2024(H5N1)	756	22
HA|PP755589.1|A/cattle/Texas/24-008749-003/2024(H5N1)	757	22
HA|PP755589.1|A/cattle/Texas/24-008749-003/2024(H5N1)	758	22
HA|PP755589.1|A/cattle/Texas/24-008749-003/2024(H5N1)	759	22
HA|PP755589.1|A/cattle/Texas/24-008749-003/2024(H5N1)	760	22
HA|PP755589.1|A/cattle/Texas/24-008749-003/2024(H5N1)	761	22
HA|PP755589.1|A/cattle/Texas/24-008749-003/2024(H5N1)	762	20
HA|PP755589.1|A/cattle/Texas/24-008749-003/2024(H5N1)	763	20
HA|PP755589.1|A/cattle/Texas/24-008749-003/2024(H5N1)	764	20
HA|PP755589.1|A/cattle/Texas/24-008749-003/2024(H5N1)	765	20
HA|PP755589.1|A/cattle/Texas/24-008749-003/2024(H5N1)	766	20
HA|PP755589.1|A/cattle/Texas/24-008749-003/2024(H5N1)	767	19
HA|PP755589.1|A/cattle/Texas/24-008749-003/2024(H5N1)	768	19
HA|PP755589.1|A/cattle/Texas/24-008749-003/2024(H5N1)	769	19
HA|PP755589.1|A/cattle/Texas/24-008749-003/2024(H5N1)	770	19
HA|PP755589.1|A/cattle/Texas/24-008749-003/2024(H5N1)	771	19
HA|PP755589.1|A/cattle/Texas/24-008749-003/2024(H5N1)	772	19
HA|PP755589.1|A/cattle/Texas/24-008749-003/2024(H5N1)	773	20
HA|PP755589.1|A/cattle/Texas/24-008749-003/2024(H5N1)	774	20
HA|PP755589.1|A/cattle/Texas/24-008749-003/2024(H5N1)	775	20
HA|PP755589.1|A/cattle/Texas/24-008749-003/2024(H5N1)	776	21
HA|PP755589.1|A/cattle/Texas/24-008749-003/2024(H5N1)	777	21
HA|PP755589.1|A/cattle/Texas/24-008749-003/2024(H5N1)	778	21
HA|PP755589.1|A/cattle/Texas/24-008749-003/2024(H5N1)	779	23
HA|PP755589.1|A/cattle/Texas/24-008749-003/2024(H5N1)	780	23
HA|PP755589.1|A/cattle/Texas/24-008749-003/2024(H5N1)	781	23
HA|PP755589.1|A/cattle/Texas/24-008749-003/2024(H5N1)	782	23
HA|PP755589.1|A/cattle/Texas/24-008749-003/2024(H5N1)	783	23
HA|PP755589.1|A/cattle/Texas/24-008749-003/2024(H5N1)	784	24
HA|PP755589.1|A/cattle/Texas/24-008749-003/2024(H5N1)	785	24
HA|PP755589.1|A/cattle/Texas/24-008749-003/2024(H5N1)	786	24
HA|PP755589.1|A/cattle/Texas/24-008749-003/2024(H5N1)	787	24
HA|PP755589.1|A/cattle/Texas/24-008749-003/2024(H5N1)	788	24
HA|PP755589.1|A/cattle/Texas/24-008749-003/2024(H5N1)	789	24
HA|PP755589.1|A/cattle/Texas/24-008749-003/2024(H5N1)	790	24
HA|PP755589.1|A/cattle/Texas/24-008749-003/2024(H5N1)	791	24
HA|PP755589.1|A/cattle/Texas/24-008749-003/2024(H5N1)	792	24
HA|PP755589.1|A/cattle/Texas/24-008749-003/2024(H5N1)	793	27
HA|PP755589.1|A/cattle/Texas/24-008749-003/2024(H5N1)	794	28
HA|PP755589.1|A/cattle/Texas/24-008749-003/2024(H5N1)	795	28
HA|PP755589.1|A/cattle/Texas/24-008749-003/2024(H5N1)	796	28
HA|PP755589.1|A/cattle/Texas/24-008749-003/2024(H5N1)	797	28
HA|PP755589.1|A/cattle/Texas/24-008749-003/2024(H5N1)	798	28
HA|PP755589.1|A/cattle/Texas/24-008749-003/2024(H5N1)	799	28
HA|PP755589.1|A/cattle/Texas/24-008749-003/2024(H5N1)	800	29
HA|PP755589.1|A/cattle/Texas/24-008749-003/2024(H5N1)	801	29
HA|PP755589.1|A/cattle/Texas/24-008749-003/2024(H5N1)	802	27
HA|PP755589.1|A/cattle/Texas/24-008749-003/2024(H5N1)	803	27
HA|PP755589.1|A/cattle/Texas/24-008749-003/2024(H5N1)	804	28
HA|PP755589.1|A/cattle/Texas/24-008749-003/2024(H5N1)	805	28
HA|PP755589.1|A/cattle/Texas/24-008749-003/2024(H5N1)	806	28
HA|PP755589.1|A/cattle/Texas/24-008749-003/2024(H5N1)	807	30
HA|PP755589.1|A/cattle/Texas/24-008749-003/2024(H5N1)	808	30
HA|PP755589.1|A/cattle/Texas/24-008749-003/2024(H5N1)	809	30
HA|PP755589.1|A/cattle/Texas/24-008749-003/2024(H5N1)	810	30
HA|PP755589.1|A/cattle/Texas/24-008749-003/2024(H5N1)	811	30
HA|PP755589.1|A/cattle/Texas/24-008749-003/2024(H5N1)	812	30
HA|PP755589.1|A/cattle/Texas/24-008749-003/2024(H5N1)	813	30
HA|PP755589.1|A/cattle/Texas/24-008749-003/2024(H5N1)	814	30
HA|PP755589.1|A/cattle/Texas/24-008749-003/2024(H5N1)	815	30
HA|PP755589.1|A/cattle/Texas/24-008749-003/2024(H5N1)	816	30
HA|PP755589.1|A/cattle/Texas/24-008749-003/2024(H5N1)	817	30
HA|PP755589.1|A/cattle/Texas/24-008749-003/2024(H5N1)	818	30
HA|PP755589.1|A/cattle/Texas/24-008749-003/2024(H5N1)	819	30
HA|PP755589.1|A/cattle/Texas/24-008749-003/2024(H5N1)	820	30
HA|PP755589.1|A/cattle/Texas/24-008749-003/2024(H5N1)	821	30
HA|PP755589.1|A/cattle/Texas/24-008749-003/2024(H5N1)	822	30
HA|PP755589.1|A/cattle/Texas/24-008749-003/2024(H5N1)	823	30
HA|PP755589.1|A/cattle/Texas/24-008749-003/2024(H5N1)	824	30
HA|PP755589.1|A/cattle/Texas/24-008749-003/2024(H5N1)	825	30
HA|PP755589.1|A/cattle/Texas/24-008749-003/2024(H5N1)	826	30
HA|PP755589.1|A/cattle/Texas/24-008749-003/2024(H5N1)	827	30
HA|PP755589.1|A/cattle/Texas/24-008749-003/2024(H5N1)	828	30
HA|PP755589.1|A/cattle/Texas/24-008749-003/2024(H5N1)	829	30
HA|PP755589.1|A/cattle/Texas/24-008749-003/2024(H5N1)	830	30
HA|PP755589.1|A/cattle/Texas/24-008749-003/2024(H5N1)	831	30
HA|PP755589.1|A/cattle/Texas/24-008749-003/2024(H5N1)	832	30
HA|PP755589.1|A/cattle/Texas/24-008749-003/2024(H5N1)	833	30
HA|PP755589.1|A/cattle/Texas/24-008749-003/2024(H5N1)	834	30
HA|PP755589.1|A/cattle/Texas/24-008749-003/2024(H5N1)	835	32
HA|PP755589.1|A/cattle/Texas/24-008749-003/2024(H5N1)	836	32
HA|PP755589.1|A/cattle/Texas/24-008749-003/2024(H5N1)	837	32
HA|PP755589.1|A/cattle/Texas/24-008749-003/2024(H5N1)	838	31
HA|PP755589.1|A/cattle/Texas/24-008749-003/2024(H5N1)	839	31
HA|PP755589.1|A/cattle/Texas/24-008749-003/2024(H5N1)	840	30
HA|PP755589.1|A/cattle/Texas/24-008749-003/2024(H5N1)	841	31
HA|PP755589.1|A/cattle/Texas/24-008749-003/2024(H5N1)	842	28
HA|PP755589.1|A/cattle/Texas/24-008749-003/2024(H5N1)	843	28
HA|PP755589.1|A/cattle/Texas/24-008749-003/2024(H5N1)	844	28
HA|PP755589.1|A/cattle/Texas/24-008749-003/2024(H5N1)	845	28
HA|PP755589.1|A/cattle/Texas/24-008749-003/2024(H5N1)	846	28
HA|PP755589.1|A/cattle/Texas/24-008749-003/2024(H5N1)	847	28
HA|PP755589.1|A/cattle/Texas/24-008749-003/2024(H5N1)	848	28
HA|PP755589.1|A/cattle/Texas/24-008749-003/2024(H5N1)	849	28
HA|PP755589.1|A/cattle/Texas/24-008749-003/2024(H5N1)	850	28
HA|PP755589.1|A/cattle/Texas/24-008749-003/2024(H5N1)	851	29
HA|PP755589.1|A/cattle/Texas/24-008749-003/2024(H5N1)	852	30
HA|PP755589.1|A/cattle/Texas/24-008749-003/2024(H5N1)	853	30
HA|PP755589.1|A/cattle/Texas/24-008749-003/2024(H5N1)	854	30
HA|PP755589.1|A/cattle/Texas/24-008749-003/2024(H5N1)	855	30
HA|PP755589.1|A/cattle/Texas/24-008749-003/2024(H5N1)	856	33
HA|PP755589.1|A/cattle/Texas/24-008749-003/2024(H5N1)	857	33
HA|PP755589.1|A/cattle/Texas/24-008749-003/2024(H5N1)	858	33
HA|PP755589.1|A/cattle/Texas/24-008749-003/2024(H5N1)	859	33
HA|PP755589.1|A/cattle/Texas/24-008749-003/2024(H5N1)	860	33
HA|PP755589.1|A/cattle/Texas/24-008749-003/2024(H5N1)	861	33
HA|PP755589.1|A/cattle/Texas/24-008749-003/2024(H5N1)	862	33
HA|PP755589.1|A/cattle/Texas/24-008749-003/2024(H5N1)	863	32
HA|PP755589.1|A/cattle/Texas/24-008749-003/2024(H5N1)	864	31
HA|PP755589.1|A/cattle/Texas/24-008749-003/2024(H5N1)	865	29
HA|PP755589.1|A/cattle/Texas/24-008749-003/2024(H5N1)	866	29
HA|PP755589.1|A/cattle/Texas/24-008749-003/2024(H5N1)	867	31
HA|PP755589.1|A/cattle/Texas/24-008749-003/2024(H5N1)	868	31
HA|PP755589.1|A/cattle/Texas/24-008749-003/2024(H5N1)	869	31
HA|PP755589.1|A/cattle/Texas/24-008749-003/2024(H5N1)	870	31
HA|PP755589.1|A/cattle/Texas/24-008749-003/2024(H5N1)	871	31
HA|PP755589.1|A/cattle/Texas/24-008749-003/2024(H5N1)	872	31
HA|PP755589.1|A/cattle/Texas/24-008749-003/2024(H5N1)	873	33
HA|PP755589.1|A/cattle/Texas/24-008749-003/2024(H5N1)	874	33
HA|PP755589.1|A/cattle/Texas/24-008749-003/2024(H5N1)	875	33
HA|PP755589.1|A/cattle/Texas/24-008749-003/2024(H5N1)	876	30
HA|PP755589.1|A/cattle/Texas/24-008749-003/2024(H5N1)	877	30
HA|PP755589.1|A/cattle/Texas/24-008749-003/2024(H5N1)	878	30
HA|PP755589.1|A/cattle/Texas/24-008749-003/2024(H5N1)	879	30
HA|PP755589.1|A/cattle/Texas/24-008749-003/2024(H5N1)	880	29
HA|PP755589.1|A/cattle/Texas/24-008749-003/2024(H5N1)	881	30
HA|PP755589.1|A/cattle/Texas/24-008749-003/2024(H5N1)	882	30
HA|PP755589.1|A/cattle/Texas/24-008749-003/2024(H5N1)	883	28
HA|PP755589.1|A/cattle/Texas/24-008749-003/2024(H5N1)	884	29
HA|PP755589.1|A/cattle/Texas/24-008749-003/2024(H5N1)	885	29
HA|PP755589.1|A/cattle/Texas/24-008749-003/2024(H5N1)	886	29
HA|PP755589.1|A/cattle/Texas/24-008749-003/2024(H5N1)	887	29
HA|PP755589.1|A/cattle/Texas/24-008749-003/2024(H5N1)	888	29
HA|PP755589.1|A/cattle/Texas/24-008749-003/2024(H5N1)	889	29
HA|PP755589.1|A/cattle/Texas/24-008749-003/2024(H5N1)	890	30
HA|PP755589.1|A/cattle/Texas/24-008749-003/2024(H5N1)	891	30
HA|PP755589.1|A/cattle/Texas/24-008749-003/2024(H5N1)	892	30
HA|PP755589.1|A/cattle/Texas/24-008749-003/2024(H5N1)	893	30
HA|PP755589.1|A/cattle/Texas/24-008749-003/2024(H5N1)	894	30
HA|PP755589.1|A/cattle/Texas/24-008749-003/2024(H5N1)	895	30
HA|PP755589.1|A/cattle/Texas/24-008749-003/2024(H5N1)	896	30
HA|PP755589.1|A/cattle/Texas/24-008749-003/2024(H5N1)	897	30
HA|PP755589.1|A/cattle/Texas/24-008749-003/2024(H5N1)	898	30
HA|PP755589.1|A/cattle/Texas/24-008749-003/2024(H5N1)	899	31
HA|PP755589.1|A/cattle/Texas/24-008749-003/2024(H5N1)	900	31
HA|PP755589.1|A/cattle/Texas/24-008749-003/2024(H5N1)	901	31
HA|PP755589.1|A/cattle/Texas/24-008749-003/2024(H5N1)	902	31
HA|PP755589.1|A/cattle/Texas/24-008749-003/2024(H5N1)	903	31
HA|PP755589.1|A/cattle/Texas/24-008749-003/2024(H5N1)	904	29
HA|PP755589.1|A/cattle/Texas/24-008749-003/2024(H5N1)	905	29
HA|PP755589.1|A/cattle/Texas/24-008749-003/2024(H5N1)	906	29
HA|PP755589.1|A/cattle/Texas/24-008749-003/2024(H5N1)	907	29
HA|PP755589.1|A/cattle/Texas/24-008749-003/2024(H5N1)	908	29
HA|PP755589.1|A/cattle/Texas/24-008749-003/2024(H5N1)	909	29
HA|PP755589.1|A/cattle/Texas/24-008749-003/2024(H5N1)	910	29
HA|PP755589.1|A/cattle/Texas/24-008749-003/2024(H5N1)	911	29
HA|PP755589.1|A/cattle/Texas/24-008749-003/2024(H5N1)	912	29
HA|PP755589.1|A/cattle/Texas/24-008749-003/2024(H5N1)	913	30
HA|PP755589.1|A/cattle/Texas/24-008749-003/2024(H5N1)	914	30
HA|PP755589.1|A/cattle/Texas/24-008749-003/2024(H5N1)	915	30
HA|PP755589.1|A/cattle/Texas/24-008749-003/2024(H5N1)	916	31
HA|PP755589.1|A/cattle/Texas/24-008749-003/2024(H5N1)	917	31
HA|PP755589.1|A/cattle/Texas/24-008749-003/2024(H5N1)	918	32
HA|PP755589.1|A/cattle/Texas/24-008749-003/2024(H5N1)	919	32
HA|PP755589.1|A/cattle/Texas/24-008749-003/2024(H5N1)	920	32
HA|PP755589.1|A/cattle/Texas/24-008749-003/2024(H5N1)	921	32
HA|PP755589.1|A/cattle/Texas/24-008749-003/2024(H5N1)	922	32
HA|PP755589.1|A/cattle/Texas/24-008749-003/2024(H5N1)	923	31
HA|PP755589.1|A/cattle/Texas/24-008749-003/2024(H5N1)	924	31
HA|PP755589.1|A/cattle/Texas/24-008749-003/2024(H5N1)	925	31
HA|PP755589.1|A/cattle/Texas/24-008749-003/2024(H5N1)	926	34
HA|PP755589.1|A/cattle/Texas/24-008749-003/2024(H5N1)	927	33
HA|PP755589.1|A/cattle/Texas/24-008749-003/2024(H5N1)	928	33
HA|PP755589.1|A/cattle/Texas/24-008749-003/2024(H5N1)	929	33
HA|PP755589.1|A/cattle/Texas/24-008749-003/2024(H5N1)	930	31
HA|PP755589.1|A/cattle/Texas/24-008749-003/2024(H5N1)	931	31
HA|PP755589.1|A/cattle/Texas/24-008749-003/2024(H5N1)	932	31
HA|PP755589.1|A/cattle/Texas/24-008749-003/2024(H5N1)	933	31
HA|PP755589.1|A/cattle/Texas/24-008749-003/2024(H5N1)	934	32
HA|PP755589.1|A/cattle/Texas/24-008749-003/2024(H5N1)	935	31
HA|PP755589.1|A/cattle/Texas/24-008749-003/2024(H5N1)	936	31
HA|PP755589.1|A/cattle/Texas/24-008749-003/2024(H5N1)	937	31
HA|PP755589.1|A/cattle/Texas/24-008749-003/2024(H5N1)	938	31
HA|PP755589.1|A/cattle/Texas/24-008749-003/2024(H5N1)	939	31
HA|PP755589.1|A/cattle/Texas/24-008749-003/2024(H5N1)	940	31
HA|PP755589.1|A/cattle/Texas/24-008749-003/2024(H5N1)	941	34
HA|PP755589.1|A/cattle/Texas/24-008749-003/2024(H5N1)	942	34
HA|PP755589.1|A/cattle/Texas/24-008749-003/2024(H5N1)	943	34
HA|PP755589.1|A/cattle/Texas/24-008749-003/2024(H5N1)	944	31
HA|PP755589.1|A/cattle/Texas/24-008749-003/2024(H5N1)	945	32
HA|PP755589.1|A/cattle/Texas/24-008749-003/2024(H5N1)	946	32
HA|PP755589.1|A/cattle/Texas/24-008749-003/2024(H5N1)	947	32
HA|PP755589.1|A/cattle/Texas/24-008749-003/2024(H5N1)	948	32
HA|PP755589.1|A/cattle/Texas/24-008749-003/2024(H5N1)	949	32
HA|PP755589.1|A/cattle/Texas/24-008749-003/2024(H5N1)	950	29
HA|PP755589.1|A/cattle/Texas/24-008749-003/2024(H5N1)	951	29
HA|PP755589.1|A/cattle/Texas/24-008749-003/2024(H5N1)	952	29
HA|PP755589.1|A/cattle/Texas/24-008749-003/2024(H5N1)	953	29
HA|PP755589.1|A/cattle/Texas/24-008749-003/2024(H5N1)	954	29
HA|PP755589.1|A/cattle/Texas/24-008749-003/2024(H5N1)	955	30
HA|PP755589.1|A/cattle/Texas/24-008749-003/2024(H5N1)	956	31
HA|PP755589.1|A/cattle/Texas/24-008749-003/2024(H5N1)	957	29
HA|PP755589.1|A/cattle/Texas/24-008749-003/2024(H5N1)	958	29
HA|PP755589.1|A/cattle/Texas/24-008749-003/2024(H5N1)	959	29
HA|PP755589.1|A/cattle/Texas/24-008749-003/2024(H5N1)	960	32
HA|PP755589.1|A/cattle/Texas/24-008749-003/2024(H5N1)	961	32
HA|PP755589.1|A/cattle/Texas/24-008749-003/2024(H5N1)	962	32
HA|PP755589.1|A/cattle/Texas/24-008749-003/2024(H5N1)	963	32
HA|PP755589.1|A/cattle/Texas/24-008749-003/2024(H5N1)	964	32
HA|PP755589.1|A/cattle/Texas/24-008749-003/2024(H5N1)	965	32
HA|PP755589.1|A/cattle/Texas/24-008749-003/2024(H5N1)	966	33
HA|PP755589.1|A/cattle/Texas/24-008749-003/2024(H5N1)	967	34
HA|PP755589.1|A/cattle/Texas/24-008749-003/2024(H5N1)	968	35
HA|PP755589.1|A/cattle/Texas/24-008749-003/2024(H5N1)	969	35
HA|PP755589.1|A/cattle/Texas/24-008749-003/2024(H5N1)	970	35
HA|PP755589.1|A/cattle/Texas/24-008749-003/2024(H5N1)	971	35
HA|PP755589.1|A/cattle/Texas/24-008749-003/2024(H5N1)	972	35
HA|PP755589.1|A/cattle/Texas/24-008749-003/2024(H5N1)	973	36
HA|PP755589.1|A/cattle/Texas/24-008749-003/2024(H5N1)	974	36
HA|PP755589.1|A/cattle/Texas/24-008749-003/2024(H5N1)	975	36
HA|PP755589.1|A/cattle/Texas/24-008749-003/2024(H5N1)	976	36
HA|PP755589.1|A/cattle/Texas/24-008749-003/2024(H5N1)	977	36
HA|PP755589.1|A/cattle/Texas/24-008749-003/2024(H5N1)	978	36
HA|PP755589.1|A/cattle/Texas/24-008749-003/2024(H5N1)	979	36
HA|PP755589.1|A/cattle/Texas/24-008749-003/2024(H5N1)	980	37
HA|PP755589.1|A/cattle/Texas/24-008749-003/2024(H5N1)	981	37
HA|PP755589.1|A/cattle/Texas/24-008749-003/2024(H5N1)	982	37
HA|PP755589.1|A/cattle/Texas/24-008749-003/2024(H5N1)	983	38
HA|PP755589.1|A/cattle/Texas/24-008749-003/2024(H5N1)	984	40
HA|PP755589.1|A/cattle/Texas/24-008749-003/2024(H5N1)	985	40
HA|PP755589.1|A/cattle/Texas/24-008749-003/2024(H5N1)	986	39
HA|PP755589.1|A/cattle/Texas/24-008749-003/2024(H5N1)	987	39
HA|PP755589.1|A/cattle/Texas/24-008749-003/2024(H5N1)	988	39
HA|PP755589.1|A/cattle/Texas/24-008749-003/2024(H5N1)	989	43
HA|PP755589.1|A/cattle/Texas/24-008749-003/2024(H5N1)	990	43
HA|PP755589.1|A/cattle/Texas/24-008749-003/2024(H5N1)	991	43
HA|PP755589.1|A/cattle/Texas/24-008749-003/2024(H5N1)	992	42
HA|PP755589.1|A/cattle/Texas/24-008749-003/2024(H5N1)	993	42
HA|PP755589.1|A/cattle/Texas/24-008749-003/2024(H5N1)	994	42
HA|PP755589.1|A/cattle/Texas/24-008749-003/2024(H5N1)	995	42
HA|PP755589.1|A/cattle/Texas/24-008749-003/2024(H5N1)	996	42
HA|PP755589.1|A/cattle/Texas/24-008749-003/2024(H5N1)	997	42
HA|PP755589.1|A/cattle/Texas/24-008749-003/2024(H5N1)	998	42
HA|PP755589.1|A/cattle/Texas/24-008749-003/2024(H5N1)	999	42
HA|PP755589.1|A/cattle/Texas/24-008749-003/2024(H5N1)	1000	42
HA|PP755589.1|A/cattle/Texas/24-008749-003/2024(H5N1)	1001	42
HA|PP755589.1|A/cattle/Texas/24-008749-003/2024(H5N1)	1002	42
HA|PP755589.1|A/cattle/Texas/24-008749-003/2024(H5N1)	1003	41
HA|PP755589.1|A/cattle/Texas/24-008749-003/2024(H5N1)	1004	41
HA|PP755589.1|A/cattle/Texas/24-008749-003/2024(H5N1)	1005	41
HA|PP755589.1|A/cattle/Texas/24-008749-003/2024(H5N1)	1006	39
HA|PP755589.1|A/cattle/Texas/24-008749-003/2024(H5N1)	1007	38
HA|PP755589.1|A/cattle/Texas/24-008749-003/2024(H5N1)	1008	38
HA|PP755589.1|A/cattle/Texas/24-008749-003/2024(H5N1)	1009	38
HA|PP755589.1|A/cattle/Texas/24-008749-003/2024(H5N1)	1010	41
HA|PP755589.1|A/cattle/Texas/24-008749-003/2024(H5N1)	1011	41
HA|PP755589.1|A/cattle/Texas/24-008749-003/2024(H5N1)	1012	41
HA|PP755589.1|A/cattle/Texas/24-008749-003/2024(H5N1)	1013	41
HA|PP755589.1|A/cattle/Texas/24-008749-003/2024(H5N1)	1014	41
HA|PP755589.1|A/cattle/Texas/24-008749-003/2024(H5N1)	1015	41
HA|PP755589.1|A/cattle/Texas/24-008749-003/2024(H5N1)	1016	41
HA|PP755589.1|A/cattle/Texas/24-008749-003/2024(H5N1)	1017	41
HA|PP755589.1|A/cattle/Texas/24-008749-003/2024(H5N1)	1018	41
HA|PP755589.1|A/cattle/Texas/24-008749-003/2024(H5N1)	1019	41
HA|PP755589.1|A/cattle/Texas/24-008749-003/2024(H5N1)	1020	41
HA|PP755589.1|A/cattle/Texas/24-008749-003/2024(H5N1)	1021	41
HA|PP755589.1|A/cattle/Texas/24-008749-003/2024(H5N1)	1022	41
HA|PP755589.1|A/cattle/Texas/24-008749-003/2024(H5N1)	1023	42
HA|PP755589.1|A/cattle/Texas/24-008749-003/2024(H5N1)	1024	40
HA|PP755589.1|A/cattle/Texas/24-008749-003/2024(H5N1)	1025	40
HA|PP755589.1|A/cattle/Texas/24-008749-003/2024(H5N1)	1026	40
HA|PP755589.1|A/cattle/Texas/24-008749-003/2024(H5N1)	1027	40
HA|PP755589.1|A/cattle/Texas/24-008749-003/2024(H5N1)	1028	40
HA|PP755589.1|A/cattle/Texas/24-008749-003/2024(H5N1)	1029	41
HA|PP755589.1|A/cattle/Texas/24-008749-003/2024(H5N1)	1030	41
HA|PP755589.1|A/cattle/Texas/24-008749-003/2024(H5N1)	1031	41
HA|PP755589.1|A/cattle/Texas/24-008749-003/2024(H5N1)	1032	40
HA|PP755589.1|A/cattle/Texas/24-008749-003/2024(H5N1)	1033	40
HA|PP755589.1|A/cattle/Texas/24-008749-003/2024(H5N1)	1034	40
HA|PP755589.1|A/cattle/Texas/24-008749-003/2024(H5N1)	1035	39
HA|PP755589.1|A/cattle/Texas/24-008749-003/2024(H5N1)	1036	39
HA|PP755589.1|A/cattle/Texas/24-008749-003/2024(H5N1)	1037	39
HA|PP755589.1|A/cattle/Texas/24-008749-003/2024(H5N1)	1038	39
HA|PP755589.1|A/cattle/Texas/24-008749-003/2024(H5N1)	1039	39
HA|PP755589.1|A/cattle/Texas/24-008749-003/2024(H5N1)	1040	39
HA|PP755589.1|A/cattle/Texas/24-008749-003/2024(H5N1)	1041	39
HA|PP755589.1|A/cattle/Texas/24-008749-003/2024(H5N1)	1042	39
HA|PP755589.1|A/cattle/Texas/24-008749-003/2024(H5N1)	1043	39
HA|PP755589.1|A/cattle/Texas/24-008749-003/2024(H5N1)	1044	39
HA|PP755589.1|A/cattle/Texas/24-008749-003/2024(H5N1)	1045	39
HA|PP755589.1|A/cattle/Texas/24-008749-003/2024(H5N1)	1046	39
HA|PP755589.1|A/cattle/Texas/24-008749-003/2024(H5N1)	1047	40
HA|PP755589.1|A/cattle/Texas/24-008749-003/2024(H5N1)	1048	40
HA|PP755589.1|A/cattle/Texas/24-008749-003/2024(H5N1)	1049	39
HA|PP755589.1|A/cattle/Texas/24-008749-003/2024(H5N1)	1050	39
HA|PP755589.1|A/cattle/Texas/24-008749-003/2024(H5N1)	1051	39
HA|PP755589.1|A/cattle/Texas/24-008749-003/2024(H5N1)	1052	39
HA|PP755589.1|A/cattle/Texas/24-008749-003/2024(H5N1)	1053	39
HA|PP755589.1|A/cattle/Texas/24-008749-003/2024(H5N1)	1054	39
HA|PP755589.1|A/cattle/Texas/24-008749-003/2024(H5N1)	1055	39
HA|PP755589.1|A/cattle/Texas/24-008749-003/2024(H5N1)	1056	39
HA|PP755589.1|A/cattle/Texas/24-008749-003/2024(H5N1)	1057	39
HA|PP755589.1|A/cattle/Texas/24-008749-003/2024(H5N1)	1058	40
HA|PP755589.1|A/cattle/Texas/24-008749-003/2024(H5N1)	1059	41
HA|PP755589.1|A/cattle/Texas/24-008749-003/2024(H5N1)	1060	41
HA|PP755589.1|A/cattle/Texas/24-008749-003/2024(H5N1)	1061	41
HA|PP755589.1|A/cattle/Texas/24-008749-003/2024(H5N1)	1062	41
HA|PP755589.1|A/cattle/Texas/24-008749-003/2024(H5N1)	1063	41
HA|PP755589.1|A/cattle/Texas/24-008749-003/2024(H5N1)	1064	40
HA|PP755589.1|A/cattle/Texas/24-008749-003/2024(H5N1)	1065	40
HA|PP755589.1|A/cattle/Texas/24-008749-003/2024(H5N1)	1066	40
HA|PP755589.1|A/cattle/Texas/24-008749-003/2024(H5N1)	1067	37
HA|PP755589.1|A/cattle/Texas/24-008749-003/2024(H5N1)	1068	37
HA|PP755589.1|A/cattle/Texas/24-008749-003/2024(H5N1)	1069	36
HA|PP755589.1|A/cattle/Texas/24-008749-003/2024(H5N1)	1070	36
HA|PP755589.1|A/cattle/Texas/24-008749-003/2024(H5N1)	1071	36
HA|PP755589.1|A/cattle/Texas/24-008749-003/2024(H5N1)	1072	36
HA|PP755589.1|A/cattle/Texas/24-008749-003/2024(H5N1)	1073	36
HA|PP755589.1|A/cattle/Texas/24-008749-003/2024(H5N1)	1074	36
HA|PP755589.1|A/cattle/Texas/24-008749-003/2024(H5N1)	1075	36
HA|PP755589.1|A/cattle/Texas/24-008749-003/2024(H5N1)	1076	36
HA|PP755589.1|A/cattle/Texas/24-008749-003/2024(H5N1)	1077	33
HA|PP755589.1|A/cattle/Texas/24-008749-003/2024(H5N1)	1078	33
HA|PP755589.1|A/cattle/Texas/24-008749-003/2024(H5N1)	1079	33
HA|PP755589.1|A/cattle/Texas/24-008749-003/2024(H5N1)	1080	34
HA|PP755589.1|A/cattle/Texas/24-008749-003/2024(H5N1)	1081	34
HA|PP755589.1|A/cattle/Texas/24-008749-003/2024(H5N1)	1082	36
HA|PP755589.1|A/cattle/Texas/24-008749-003/2024(H5N1)	1083	36
HA|PP755589.1|A/cattle/Texas/24-008749-003/2024(H5N1)	1084	36
HA|PP755589.1|A/cattle/Texas/24-008749-003/2024(H5N1)	1085	35
HA|PP755589.1|A/cattle/Texas/24-008749-003/2024(H5N1)	1086	35
HA|PP755589.1|A/cattle/Texas/24-008749-003/2024(H5N1)	1087	35
HA|PP755589.1|A/cattle/Texas/24-008749-003/2024(H5N1)	1088	35
HA|PP755589.1|A/cattle/Texas/24-008749-003/2024(H5N1)	1089	35
HA|PP755589.1|A/cattle/Texas/24-008749-003/2024(H5N1)	1090	35
HA|PP755589.1|A/cattle/Texas/24-008749-003/2024(H5N1)	1091	35
HA|PP755589.1|A/cattle/Texas/24-008749-003/2024(H5N1)	1092	32
HA|PP755589.1|A/cattle/Texas/24-008749-003/2024(H5N1)	1093	32
HA|PP755589.1|A/cattle/Texas/24-008749-003/2024(H5N1)	1094	32
HA|PP755589.1|A/cattle/Texas/24-008749-003/2024(H5N1)	1095	31
HA|PP755589.1|A/cattle/Texas/24-008749-003/2024(H5N1)	1096	30
HA|PP755589.1|A/cattle/Texas/24-008749-003/2024(H5N1)	1097	30
HA|PP755589.1|A/cattle/Texas/24-008749-003/2024(H5N1)	1098	30
HA|PP755589.1|A/cattle/Texas/24-008749-003/2024(H5N1)	1099	30
HA|PP755589.1|A/cattle/Texas/24-008749-003/2024(H5N1)	1100	30
HA|PP755589.1|A/cattle/Texas/24-008749-003/2024(H5N1)	1101	30
HA|PP755589.1|A/cattle/Texas/24-008749-003/2024(H5N1)	1102	35
HA|PP755589.1|A/cattle/Texas/24-008749-003/2024(H5N1)	1103	36
HA|PP755589.1|A/cattle/Texas/24-008749-003/2024(H5N1)	1104	36
HA|PP755589.1|A/cattle/Texas/24-008749-003/2024(H5N1)	1105	36
HA|PP755589.1|A/cattle/Texas/24-008749-003/2024(H5N1)	1106	34
HA|PP755589.1|A/cattle/Texas/24-008749-003/2024(H5N1)	1107	33
HA|PP755589.1|A/cattle/Texas/24-008749-003/2024(H5N1)	1108	33
HA|PP755589.1|A/cattle/Texas/24-008749-003/2024(H5N1)	1109	33
HA|PP755589.1|A/cattle/Texas/24-008749-003/2024(H5N1)	1110	36
HA|PP755589.1|A/cattle/Texas/24-008749-003/2024(H5N1)	1111	33
HA|PP755589.1|A/cattle/Texas/24-008749-003/2024(H5N1)	1112	33
HA|PP755589.1|A/cattle/Texas/24-008749-003/2024(H5N1)	1113	33
HA|PP755589.1|A/cattle/Texas/24-008749-003/2024(H5N1)	1114	33
HA|PP755589.1|A/cattle/Texas/24-008749-003/2024(H5N1)	1115	33
HA|PP755589.1|A/cattle/Texas/24-008749-003/2024(H5N1)	1116	32
HA|PP755589.1|A/cattle/Texas/24-008749-003/2024(H5N1)	1117	31
HA|PP755589.1|A/cattle/Texas/24-008749-003/2024(H5N1)	1118	31
HA|PP755589.1|A/cattle/Texas/24-008749-003/2024(H5N1)	1119	30
HA|PP755589.1|A/cattle/Texas/24-008749-003/2024(H5N1)	1120	30
HA|PP755589.1|A/cattle/Texas/24-008749-003/2024(H5N1)	1121	30
HA|PP755589.1|A/cattle/Texas/24-008749-003/2024(H5N1)	1122	31
HA|PP755589.1|A/cattle/Texas/24-008749-003/2024(H5N1)	1123	31
HA|PP755589.1|A/cattle/Texas/24-008749-003/2024(H5N1)	1124	30
HA|PP755589.1|A/cattle/Texas/24-008749-003/2024(H5N1)	1125	32
HA|PP755589.1|A/cattle/Texas/24-008749-003/2024(H5N1)	1126	33
HA|PP755589.1|A/cattle/Texas/24-008749-003/2024(H5N1)	1127	34
HA|PP755589.1|A/cattle/Texas/24-008749-003/2024(H5N1)	1128	34
HA|PP755589.1|A/cattle/Texas/24-008749-003/2024(H5N1)	1129	34
HA|PP755589.1|A/cattle/Texas/24-008749-003/2024(H5N1)	1130	34
HA|PP755589.1|A/cattle/Texas/24-008749-003/2024(H5N1)	1131	33
HA|PP755589.1|A/cattle/Texas/24-008749-003/2024(H5N1)	1132	33
HA|PP755589.1|A/cattle/Texas/24-008749-003/2024(H5N1)	1133	33
HA|PP755589.1|A/cattle/Texas/24-008749-003/2024(H5N1)	1134	32
HA|PP755589.1|A/cattle/Texas/24-008749-003/2024(H5N1)	1135	30
HA|PP755589.1|A/cattle/Texas/24-008749-003/2024(H5N1)	1136	30
HA|PP755589.1|A/cattle/Texas/24-008749-003/2024(H5N1)	1137	29
HA|PP755589.1|A/cattle/Texas/24-008749-003/2024(H5N1)	1138	29
HA|PP755589.1|A/cattle/Texas/24-008749-003/2024(H5N1)	1139	30
HA|PP755589.1|A/cattle/Texas/24-008749-003/2024(H5N1)	1140	28
HA|PP755589.1|A/cattle/Texas/24-008749-003/2024(H5N1)	1141	28
HA|PP755589.1|A/cattle/Texas/24-008749-003/2024(H5N1)	1142	28
HA|PP755589.1|A/cattle/Texas/24-008749-003/2024(H5N1)	1143	28
HA|PP755589.1|A/cattle/Texas/24-008749-003/2024(H5N1)	1144	28
HA|PP755589.1|A/cattle/Texas/24-008749-003/2024(H5N1)	1145	28
HA|PP755589.1|A/cattle/Texas/24-008749-003/2024(H5N1)	1146	28
HA|PP755589.1|A/cattle/Texas/24-008749-003/2024(H5N1)	1147	28
HA|PP755589.1|A/cattle/Texas/24-008749-003/2024(H5N1)	1148	28
HA|PP755589.1|A/cattle/Texas/24-008749-003/2024(H5N1)	1149	28
HA|PP755589.1|A/cattle/Texas/24-008749-003/2024(H5N1)	1150	28
HA|PP755589.1|A/cattle/Texas/24-008749-003/2024(H5N1)	1151	28
HA|PP755589.1|A/cattle/Texas/24-008749-003/2024(H5N1)	1152	28
HA|PP755589.1|A/cattle/Texas/24-008749-003/2024(H5N1)	1153	28
HA|PP755589.1|A/cattle/Texas/24-008749-003/2024(H5N1)	1154	28
HA|PP755589.1|A/cattle/Texas/24-008749-003/2024(H5N1)	1155	28
HA|PP755589.1|A/cattle/Texas/24-008749-003/2024(H5N1)	1156	28
HA|PP755589.1|A/cattle/Texas/24-008749-003/2024(H5N1)	1157	28
HA|PP755589.1|A/cattle/Texas/24-008749-003/2024(H5N1)	1158	29
HA|PP755589.1|A/cattle/Texas/24-008749-003/2024(H5N1)	1159	29
HA|PP755589.1|A/cattle/Texas/24-008749-003/2024(H5N1)	1160	29
HA|PP755589.1|A/cattle/Texas/24-008749-003/2024(H5N1)	1161	26
HA|PP755589.1|A/cattle/Texas/24-008749-003/2024(H5N1)	1162	26
HA|PP755589.1|A/cattle/Texas/24-008749-003/2024(H5N1)	1163	26
HA|PP755589.1|A/cattle/Texas/24-008749-003/2024(H5N1)	1164	27
HA|PP755589.1|A/cattle/Texas/24-008749-003/2024(H5N1)	1165	27
HA|PP755589.1|A/cattle/Texas/24-008749-003/2024(H5N1)	1166	25
HA|PP755589.1|A/cattle/Texas/24-008749-003/2024(H5N1)	1167	25
HA|PP755589.1|A/cattle/Texas/24-008749-003/2024(H5N1)	1168	25
HA|PP755589.1|A/cattle/Texas/24-008749-003/2024(H5N1)	1169	27
HA|PP755589.1|A/cattle/Texas/24-008749-003/2024(H5N1)	1170	28
HA|PP755589.1|A/cattle/Texas/24-008749-003/2024(H5N1)	1171	28
HA|PP755589.1|A/cattle/Texas/24-008749-003/2024(H5N1)	1172	31
HA|PP755589.1|A/cattle/Texas/24-008749-003/2024(H5N1)	1173	31
HA|PP755589.1|A/cattle/Texas/24-008749-003/2024(H5N1)	1174	31
HA|PP755589.1|A/cattle/Texas/24-008749-003/2024(H5N1)	1175	31
HA|PP755589.1|A/cattle/Texas/24-008749-003/2024(H5N1)	1176	31
HA|PP755589.1|A/cattle/Texas/24-008749-003/2024(H5N1)	1177	31
HA|PP755589.1|A/cattle/Texas/24-008749-003/2024(H5N1)	1178	34
HA|PP755589.1|A/cattle/Texas/24-008749-003/2024(H5N1)	1179	34
HA|PP755589.1|A/cattle/Texas/24-008749-003/2024(H5N1)	1180	34
HA|PP755589.1|A/cattle/Texas/24-008749-003/2024(H5N1)	1181	34
HA|PP755589.1|A/cattle/Texas/24-008749-003/2024(H5N1)	1182	35
HA|PP755589.1|A/cattle/Texas/24-008749-003/2024(H5N1)	1183	35
HA|PP755589.1|A/cattle/Texas/24-008749-003/2024(H5N1)	1184	36
HA|PP755589.1|A/cattle/Texas/24-008749-003/2024(H5N1)	1185	36
HA|PP755589.1|A/cattle/Texas/24-008749-003/2024(H5N1)	1186	36
HA|PP755589.1|A/cattle/Texas/24-008749-003/2024(H5N1)	1187	36
HA|PP755589.1|A/cattle/Texas/24-008749-003/2024(H5N1)	1188	36
HA|PP755589.1|A/cattle/Texas/24-008749-003/2024(H5N1)	1189	36
HA|PP755589.1|A/cattle/Texas/24-008749-003/2024(H5N1)	1190	35
HA|PP755589.1|A/cattle/Texas/24-008749-003/2024(H5N1)	1191	35
HA|PP755589.1|A/cattle/Texas/24-008749-003/2024(H5N1)	1192	35
HA|PP755589.1|A/cattle/Texas/24-008749-003/2024(H5N1)	1193	36
HA|PP755589.1|A/cattle/Texas/24-008749-003/2024(H5N1)	1194	36
HA|PP755589.1|A/cattle/Texas/24-008749-003/2024(H5N1)	1195	36
HA|PP755589.1|A/cattle/Texas/24-008749-003/2024(H5N1)	1196	36
HA|PP755589.1|A/cattle/Texas/24-008749-003/2024(H5N1)	1197	35
HA|PP755589.1|A/cattle/Texas/24-008749-003/2024(H5N1)	1198	37
HA|PP755589.1|A/cattle/Texas/24-008749-003/2024(H5N1)	1199	37
HA|PP755589.1|A/cattle/Texas/24-008749-003/2024(H5N1)	1200	39
HA|PP755589.1|A/cattle/Texas/24-008749-003/2024(H5N1)	1201	39
HA|PP755589.1|A/cattle/Texas/24-008749-003/2024(H5N1)	1202	39
HA|PP755589.1|A/cattle/Texas/24-008749-003/2024(H5N1)	1203	39
HA|PP755589.1|A/cattle/Texas/24-008749-003/2024(H5N1)	1204	39
HA|PP755589.1|A/cattle/Texas/24-008749-003/2024(H5N1)	1205	39
HA|PP755589.1|A/cattle/Texas/24-008749-003/2024(H5N1)	1206	39
HA|PP755589.1|A/cattle/Texas/24-008749-003/2024(H5N1)	1207	39
HA|PP755589.1|A/cattle/Texas/24-008749-003/2024(H5N1)	1208	39
HA|PP755589.1|A/cattle/Texas/24-008749-003/2024(H5N1)	1209	38
HA|PP755589.1|A/cattle/Texas/24-008749-003/2024(H5N1)	1210	37
HA|PP755589.1|A/cattle/Texas/24-008749-003/2024(H5N1)	1211	38
HA|PP755589.1|A/cattle/Texas/24-008749-003/2024(H5N1)	1212	38
HA|PP755589.1|A/cattle/Texas/24-008749-003/2024(H5N1)	1213	39
HA|PP755589.1|A/cattle/Texas/24-008749-003/2024(H5N1)	1214	39
HA|PP755589.1|A/cattle/Texas/24-008749-003/2024(H5N1)	1215	39
HA|PP755589.1|A/cattle/Texas/24-008749-003/2024(H5N1)	1216	39
HA|PP755589.1|A/cattle/Texas/24-008749-003/2024(H5N1)	1217	39
HA|PP755589.1|A/cattle/Texas/24-008749-003/2024(H5N1)	1218	39
HA|PP755589.1|A/cattle/Texas/24-008749-003/2024(H5N1)	1219	39
HA|PP755589.1|A/cattle/Texas/24-008749-003/2024(H5N1)	1220	39
HA|PP755589.1|A/cattle/Texas/24-008749-003/2024(H5N1)	1221	39
HA|PP755589.1|A/cattle/Texas/24-008749-003/2024(H5N1)	1222	39
HA|PP755589.1|A/cattle/Texas/24-008749-003/2024(H5N1)	1223	39
HA|PP755589.1|A/cattle/Texas/24-008749-003/2024(H5N1)	1224	39
HA|PP755589.1|A/cattle/Texas/24-008749-003/2024(H5N1)	1225	39
HA|PP755589.1|A/cattle/Texas/24-008749-003/2024(H5N1)	1226	39
HA|PP755589.1|A/cattle/Texas/24-008749-003/2024(H5N1)	1227	39
HA|PP755589.1|A/cattle/Texas/24-008749-003/2024(H5N1)	1228	39
HA|PP755589.1|A/cattle/Texas/24-008749-003/2024(H5N1)	1229	39
HA|PP755589.1|A/cattle/Texas/24-008749-003/2024(H5N1)	1230	39
HA|PP755589.1|A/cattle/Texas/24-008749-003/2024(H5N1)	1231	40
HA|PP755589.1|A/cattle/Texas/24-008749-003/2024(H5N1)	1232	40
HA|PP755589.1|A/cattle/Texas/24-008749-003/2024(H5N1)	1233	38
HA|PP755589.1|A/cattle/Texas/24-008749-003/2024(H5N1)	1234	38
HA|PP755589.1|A/cattle/Texas/24-008749-003/2024(H5N1)	1235	38
HA|PP755589.1|A/cattle/Texas/24-008749-003/2024(H5N1)	1236	38
HA|PP755589.1|A/cattle/Texas/24-008749-003/2024(H5N1)	1237	38
HA|PP755589.1|A/cattle/Texas/24-008749-003/2024(H5N1)	1238	38
HA|PP755589.1|A/cattle/Texas/24-008749-003/2024(H5N1)	1239	38
HA|PP755589.1|A/cattle/Texas/24-008749-003/2024(H5N1)	1240	39
HA|PP755589.1|A/cattle/Texas/24-008749-003/2024(H5N1)	1241	39
HA|PP755589.1|A/cattle/Texas/24-008749-003/2024(H5N1)	1242	40
HA|PP755589.1|A/cattle/Texas/24-008749-003/2024(H5N1)	1243	40
HA|PP755589.1|A/cattle/Texas/24-008749-003/2024(H5N1)	1244	40
HA|PP755589.1|A/cattle/Texas/24-008749-003/2024(H5N1)	1245	40
HA|PP755589.1|A/cattle/Texas/24-008749-003/2024(H5N1)	1246	40
HA|PP755589.1|A/cattle/Texas/24-008749-003/2024(H5N1)	1247	40
HA|PP755589.1|A/cattle/Texas/24-008749-003/2024(H5N1)	1248	40
HA|PP755589.1|A/cattle/Texas/24-008749-003/2024(H5N1)	1249	40
HA|PP755589.1|A/cattle/Texas/24-008749-003/2024(H5N1)	1250	40
HA|PP755589.1|A/cattle/Texas/24-008749-003/2024(H5N1)	1251	35
HA|PP755589.1|A/cattle/Texas/24-008749-003/2024(H5N1)	1252	35
HA|PP755589.1|A/cattle/Texas/24-008749-003/2024(H5N1)	1253	35
HA|PP755589.1|A/cattle/Texas/24-008749-003/2024(H5N1)	1254	34
HA|PP755589.1|A/cattle/Texas/24-008749-003/2024(H5N1)	1255	34
HA|PP755589.1|A/cattle/Texas/24-008749-003/2024(H5N1)	1256	34
HA|PP755589.1|A/cattle/Texas/24-008749-003/2024(H5N1)	1257	34
HA|PP755589.1|A/cattle/Texas/24-008749-003/2024(H5N1)	1258	34
HA|PP755589.1|A/cattle/Texas/24-008749-003/2024(H5N1)	1259	35
HA|PP755589.1|A/cattle/Texas/24-008749-003/2024(H5N1)	1260	35
HA|PP755589.1|A/cattle/Texas/24-008749-003/2024(H5N1)	1261	34
HA|PP755589.1|A/cattle/Texas/24-008749-003/2024(H5N1)	1262	34
HA|PP755589.1|A/cattle/Texas/24-008749-003/2024(H5N1)	1263	35
HA|PP755589.1|A/cattle/Texas/24-008749-003/2024(H5N1)	1264	35
HA|PP755589.1|A/cattle/Texas/24-008749-003/2024(H5N1)	1265	35
HA|PP755589.1|A/cattle/Texas/24-008749-003/2024(H5N1)	1266	35
HA|PP755589.1|A/cattle/Texas/24-008749-003/2024(H5N1)	1267	35
HA|PP755589.1|A/cattle/Texas/24-008749-003/2024(H5N1)	1268	35
HA|PP755589.1|A/cattle/Texas/24-008749-003/2024(H5N1)	1269	35
HA|PP755589.1|A/cattle/Texas/24-008749-003/2024(H5N1)	1270	36
HA|PP755589.1|A/cattle/Texas/24-008749-003/2024(H5N1)	1271	36
HA|PP755589.1|A/cattle/Texas/24-008749-003/2024(H5N1)	1272	36
HA|PP755589.1|A/cattle/Texas/24-008749-003/2024(H5N1)	1273	35
HA|PP755589.1|A/cattle/Texas/24-008749-003/2024(H5N1)	1274	36
HA|PP755589.1|A/cattle/Texas/24-008749-003/2024(H5N1)	1275	36
HA|PP755589.1|A/cattle/Texas/24-008749-003/2024(H5N1)	1276	34
HA|PP755589.1|A/cattle/Texas/24-008749-003/2024(H5N1)	1277	33
HA|PP755589.1|A/cattle/Texas/24-008749-003/2024(H5N1)	1278	32
HA|PP755589.1|A/cattle/Texas/24-008749-003/2024(H5N1)	1279	34
HA|PP755589.1|A/cattle/Texas/24-008749-003/2024(H5N1)	1280	34
HA|PP755589.1|A/cattle/Texas/24-008749-003/2024(H5N1)	1281	34
HA|PP755589.1|A/cattle/Texas/24-008749-003/2024(H5N1)	1282	34
HA|PP755589.1|A/cattle/Texas/24-008749-003/2024(H5N1)	1283	34
HA|PP755589.1|A/cattle/Texas/24-008749-003/2024(H5N1)	1284	34
HA|PP755589.1|A/cattle/Texas/24-008749-003/2024(H5N1)	1285	34
HA|PP755589.1|A/cattle/Texas/24-008749-003/2024(H5N1)	1286	34
HA|PP755589.1|A/cattle/Texas/24-008749-003/2024(H5N1)	1287	34
HA|PP755589.1|A/cattle/Texas/24-008749-003/2024(H5N1)	1288	34
HA|PP755589.1|A/cattle/Texas/24-008749-003/2024(H5N1)	1289	33
HA|PP755589.1|A/cattle/Texas/24-008749-003/2024(H5N1)	1290	33
HA|PP755589.1|A/cattle/Texas/24-008749-003/2024(H5N1)	1291	33
HA|PP755589.1|A/cattle/Texas/24-008749-003/2024(H5N1)	1292	33
HA|PP755589.1|A/cattle/Texas/24-008749-003/2024(H5N1)	1293	34
HA|PP755589.1|A/cattle/Texas/24-008749-003/2024(H5N1)	1294	34
HA|PP755589.1|A/cattle/Texas/24-008749-003/2024(H5N1)	1295	34
HA|PP755589.1|A/cattle/Texas/24-008749-003/2024(H5N1)	1296	34
HA|PP755589.1|A/cattle/Texas/24-008749-003/2024(H5N1)	1297	35
HA|PP755589.1|A/cattle/Texas/24-008749-003/2024(H5N1)	1298	36
HA|PP755589.1|A/cattle/Texas/24-008749-003/2024(H5N1)	1299	36
HA|PP755589.1|A/cattle/Texas/24-008749-003/2024(H5N1)	1300	36
HA|PP755589.1|A/cattle/Texas/24-008749-003/2024(H5N1)	1301	36
HA|PP755589.1|A/cattle/Texas/24-008749-003/2024(H5N1)	1302	36
HA|PP755589.1|A/cattle/Texas/24-008749-003/2024(H5N1)	1303	36
HA|PP755589.1|A/cattle/Texas/24-008749-003/2024(H5N1)	1304	37
HA|PP755589.1|A/cattle/Texas/24-008749-003/2024(H5N1)	1305	37
HA|PP755589.1|A/cattle/Texas/24-008749-003/2024(H5N1)	1306	37
HA|PP755589.1|A/cattle/Texas/24-008749-003/2024(H5N1)	1307	37
HA|PP755589.1|A/cattle/Texas/24-008749-003/2024(H5N1)	1308	37
HA|PP755589.1|A/cattle/Texas/24-008749-003/2024(H5N1)	1309	36
HA|PP755589.1|A/cattle/Texas/24-008749-003/2024(H5N1)	1310	36
HA|PP755589.1|A/cattle/Texas/24-008749-003/2024(H5N1)	1311	36
HA|PP755589.1|A/cattle/Texas/24-008749-003/2024(H5N1)	1312	36
HA|PP755589.1|A/cattle/Texas/24-008749-003/2024(H5N1)	1313	35
HA|PP755589.1|A/cattle/Texas/24-008749-003/2024(H5N1)	1314	35
HA|PP755589.1|A/cattle/Texas/24-008749-003/2024(H5N1)	1315	35
HA|PP755589.1|A/cattle/Texas/24-008749-003/2024(H5N1)	1316	35
HA|PP755589.1|A/cattle/Texas/24-008749-003/2024(H5N1)	1317	35
HA|PP755589.1|A/cattle/Texas/24-008749-003/2024(H5N1)	1318	35
HA|PP755589.1|A/cattle/Texas/24-008749-003/2024(H5N1)	1319	35
HA|PP755589.1|A/cattle/Texas/24-008749-003/2024(H5N1)	1320	33
HA|PP755589.1|A/cattle/Texas/24-008749-003/2024(H5N1)	1321	32
HA|PP755589.1|A/cattle/Texas/24-008749-003/2024(H5N1)	1322	32
HA|PP755589.1|A/cattle/Texas/24-008749-003/2024(H5N1)	1323	28
HA|PP755589.1|A/cattle/Texas/24-008749-003/2024(H5N1)	1324	28
HA|PP755589.1|A/cattle/Texas/24-008749-003/2024(H5N1)	1325	28
HA|PP755589.1|A/cattle/Texas/24-008749-003/2024(H5N1)	1326	28
HA|PP755589.1|A/cattle/Texas/24-008749-003/2024(H5N1)	1327	28
HA|PP755589.1|A/cattle/Texas/24-008749-003/2024(H5N1)	1328	24
HA|PP755589.1|A/cattle/Texas/24-008749-003/2024(H5N1)	1329	24
HA|PP755589.1|A/cattle/Texas/24-008749-003/2024(H5N1)	1330	24
HA|PP755589.1|A/cattle/Texas/24-008749-003/2024(H5N1)	1331	24
HA|PP755589.1|A/cattle/Texas/24-008749-003/2024(H5N1)	1332	24
HA|PP755589.1|A/cattle/Texas/24-008749-003/2024(H5N1)	1333	23
HA|PP755589.1|A/cattle/Texas/24-008749-003/2024(H5N1)	1334	25
HA|PP755589.1|A/cattle/Texas/24-008749-003/2024(H5N1)	1335	24
HA|PP755589.1|A/cattle/Texas/24-008749-003/2024(H5N1)	1336	24
HA|PP755589.1|A/cattle/Texas/24-008749-003/2024(H5N1)	1337	25
HA|PP755589.1|A/cattle/Texas/24-008749-003/2024(H5N1)	1338	25
HA|PP755589.1|A/cattle/Texas/24-008749-003/2024(H5N1)	1339	25
HA|PP755589.1|A/cattle/Texas/24-008749-003/2024(H5N1)	1340	25
HA|PP755589.1|A/cattle/Texas/24-008749-003/2024(H5N1)	1341	25
HA|PP755589.1|A/cattle/Texas/24-008749-003/2024(H5N1)	1342	25
HA|PP755589.1|A/cattle/Texas/24-008749-003/2024(H5N1)	1343	25
HA|PP755589.1|A/cattle/Texas/24-008749-003/2024(H5N1)	1344	24
HA|PP755589.1|A/cattle/Texas/24-008749-003/2024(H5N1)	1345	25
HA|PP755589.1|A/cattle/Texas/24-008749-003/2024(H5N1)	1346	25
HA|PP755589.1|A/cattle/Texas/24-008749-003/2024(H5N1)	1347	25
HA|PP755589.1|A/cattle/Texas/24-008749-003/2024(H5N1)	1348	25
HA|PP755589.1|A/cattle/Texas/24-008749-003/2024(H5N1)	1349	23
HA|PP755589.1|A/cattle/Texas/24-008749-003/2024(H5N1)	1350	23
HA|PP755589.1|A/cattle/Texas/24-008749-003/2024(H5N1)	1351	21
HA|PP755589.1|A/cattle/Texas/24-008749-003/2024(H5N1)	1352	21
HA|PP755589.1|A/cattle/Texas/24-008749-003/2024(H5N1)	1353	22
HA|PP755589.1|A/cattle/Texas/24-008749-003/2024(H5N1)	1354	22
HA|PP755589.1|A/cattle/Texas/24-008749-003/2024(H5N1)	1355	22
HA|PP755589.1|A/cattle/Texas/24-008749-003/2024(H5N1)	1356	22
HA|PP755589.1|A/cattle/Texas/24-008749-003/2024(H5N1)	1357	22
HA|PP755589.1|A/cattle/Texas/24-008749-003/2024(H5N1)	1358	22
HA|PP755589.1|A/cattle/Texas/24-008749-003/2024(H5N1)	1359	22
HA|PP755589.1|A/cattle/Texas/24-008749-003/2024(H5N1)	1360	22
HA|PP755589.1|A/cattle/Texas/24-008749-003/2024(H5N1)	1361	24
HA|PP755589.1|A/cattle/Texas/24-008749-003/2024(H5N1)	1362	23
HA|PP755589.1|A/cattle/Texas/24-008749-003/2024(H5N1)	1363	23
HA|PP755589.1|A/cattle/Texas/24-008749-003/2024(H5N1)	1364	22
HA|PP755589.1|A/cattle/Texas/24-008749-003/2024(H5N1)	1365	22
HA|PP755589.1|A/cattle/Texas/24-008749-003/2024(H5N1)	1366	22
HA|PP755589.1|A/cattle/Texas/24-008749-003/2024(H5N1)	1367	22
HA|PP755589.1|A/cattle/Texas/24-008749-003/2024(H5N1)	1368	22
HA|PP755589.1|A/cattle/Texas/24-008749-003/2024(H5N1)	1369	22
HA|PP755589.1|A/cattle/Texas/24-008749-003/2024(H5N1)	1370	23
HA|PP755589.1|A/cattle/Texas/24-008749-003/2024(H5N1)	1371	23
HA|PP755589.1|A/cattle/Texas/24-008749-003/2024(H5N1)	1372	23
HA|PP755589.1|A/cattle/Texas/24-008749-003/2024(H5N1)	1373	23
HA|PP755589.1|A/cattle/Texas/24-008749-003/2024(H5N1)	1374	23
HA|PP755589.1|A/cattle/Texas/24-008749-003/2024(H5N1)	1375	23
HA|PP755589.1|A/cattle/Texas/24-008749-003/2024(H5N1)	1376	24
HA|PP755589.1|A/cattle/Texas/24-008749-003/2024(H5N1)	1377	24
HA|PP755589.1|A/cattle/Texas/24-008749-003/2024(H5N1)	1378	25
HA|PP755589.1|A/cattle/Texas/24-008749-003/2024(H5N1)	1379	25
HA|PP755589.1|A/cattle/Texas/24-008749-003/2024(H5N1)	1380	25
HA|PP755589.1|A/cattle/Texas/24-008749-003/2024(H5N1)	1381	25
HA|PP755589.1|A/cattle/Texas/24-008749-003/2024(H5N1)	1382	23
HA|PP755589.1|A/cattle/Texas/24-008749-003/2024(H5N1)	1383	23
HA|PP755589.1|A/cattle/Texas/24-008749-003/2024(H5N1)	1384	23
HA|PP755589.1|A/cattle/Texas/24-008749-003/2024(H5N1)	1385	23
HA|PP755589.1|A/cattle/Texas/24-008749-003/2024(H5N1)	1386	26
HA|PP755589.1|A/cattle/Texas/24-008749-003/2024(H5N1)	1387	26
HA|PP755589.1|A/cattle/Texas/24-008749-003/2024(H5N1)	1388	26
HA|PP755589.1|A/cattle/Texas/24-008749-003/2024(H5N1)	1389	26
HA|PP755589.1|A/cattle/Texas/24-008749-003/2024(H5N1)	1390	26
HA|PP755589.1|A/cattle/Texas/24-008749-003/2024(H5N1)	1391	25
HA|PP755589.1|A/cattle/Texas/24-008749-003/2024(H5N1)	1392	24
HA|PP755589.1|A/cattle/Texas/24-008749-003/2024(H5N1)	1393	24
HA|PP755589.1|A/cattle/Texas/24-008749-003/2024(H5N1)	1394	24
HA|PP755589.1|A/cattle/Texas/24-008749-003/2024(H5N1)	1395	24
HA|PP755589.1|A/cattle/Texas/24-008749-003/2024(H5N1)	1396	24
HA|PP755589.1|A/cattle/Texas/24-008749-003/2024(H5N1)	1397	24
HA|PP755589.1|A/cattle/Texas/24-008749-003/2024(H5N1)	1398	24
HA|PP755589.1|A/cattle/Texas/24-008749-003/2024(H5N1)	1399	24
HA|PP755589.1|A/cattle/Texas/24-008749-003/2024(H5N1)	1400	24
HA|PP755589.1|A/cattle/Texas/24-008749-003/2024(H5N1)	1401	24
HA|PP755589.1|A/cattle/Texas/24-008749-003/2024(H5N1)	1402	24
HA|PP755589.1|A/cattle/Texas/24-008749-003/2024(H5N1)	1403	26
HA|PP755589.1|A/cattle/Texas/24-008749-003/2024(H5N1)	1404	26
HA|PP755589.1|A/cattle/Texas/24-008749-003/2024(H5N1)	1405	26
HA|PP755589.1|A/cattle/Texas/24-008749-003/2024(H5N1)	1406	26
HA|PP755589.1|A/cattle/Texas/24-008749-003/2024(H5N1)	1407	26
HA|PP755589.1|A/cattle/Texas/24-008749-003/2024(H5N1)	1408	26
HA|PP755589.1|A/cattle/Texas/24-008749-003/2024(H5N1)	1409	26
HA|PP755589.1|A/cattle/Texas/24-008749-003/2024(H5N1)	1410	26
HA|PP755589.1|A/cattle/Texas/24-008749-003/2024(H5N1)	1411	27
HA|PP755589.1|A/cattle/Texas/24-008749-003/2024(H5N1)	1412	26
HA|PP755589.1|A/cattle/Texas/24-008749-003/2024(H5N1)	1413	26
HA|PP755589.1|A/cattle/Texas/24-008749-003/2024(H5N1)	1414	26
HA|PP755589.1|A/cattle/Texas/24-008749-003/2024(H5N1)	1415	26
HA|PP755589.1|A/cattle/Texas/24-008749-003/2024(H5N1)	1416	27
HA|PP755589.1|A/cattle/Texas/24-008749-003/2024(H5N1)	1417	27
HA|PP755589.1|A/cattle/Texas/24-008749-003/2024(H5N1)	1418	28
HA|PP755589.1|A/cattle/Texas/24-008749-003/2024(H5N1)	1419	27
HA|PP755589.1|A/cattle/Texas/24-008749-003/2024(H5N1)	1420	27
HA|PP755589.1|A/cattle/Texas/24-008749-003/2024(H5N1)	1421	28
HA|PP755589.1|A/cattle/Texas/24-008749-003/2024(H5N1)	1422	29
HA|PP755589.1|A/cattle/Texas/24-008749-003/2024(H5N1)	1423	29
HA|PP755589.1|A/cattle/Texas/24-008749-003/2024(H5N1)	1424	29
HA|PP755589.1|A/cattle/Texas/24-008749-003/2024(H5N1)	1425	28
HA|PP755589.1|A/cattle/Texas/24-008749-003/2024(H5N1)	1426	28
HA|PP755589.1|A/cattle/Texas/24-008749-003/2024(H5N1)	1427	28
HA|PP755589.1|A/cattle/Texas/24-008749-003/2024(H5N1)	1428	28
HA|PP755589.1|A/cattle/Texas/24-008749-003/2024(H5N1)	1429	30
HA|PP755589.1|A/cattle/Texas/24-008749-003/2024(H5N1)	1430	29
HA|PP755589.1|A/cattle/Texas/24-008749-003/2024(H5N1)	1431	29
HA|PP755589.1|A/cattle/Texas/24-008749-003/2024(H5N1)	1432	29
HA|PP755589.1|A/cattle/Texas/24-008749-003/2024(H5N1)	1433	31
HA|PP755589.1|A/cattle/Texas/24-008749-003/2024(H5N1)	1434	32
HA|PP755589.1|A/cattle/Texas/24-008749-003/2024(H5N1)	1435	32
HA|PP755589.1|A/cattle/Texas/24-008749-003/2024(H5N1)	1436	32
HA|PP755589.1|A/cattle/Texas/24-008749-003/2024(H5N1)	1437	32
HA|PP755589.1|A/cattle/Texas/24-008749-003/2024(H5N1)	1438	32
HA|PP755589.1|A/cattle/Texas/24-008749-003/2024(H5N1)	1439	32
HA|PP755589.1|A/cattle/Texas/24-008749-003/2024(H5N1)	1440	32
HA|PP755589.1|A/cattle/Texas/24-008749-003/2024(H5N1)	1441	32
HA|PP755589.1|A/cattle/Texas/24-008749-003/2024(H5N1)	1442	32
HA|PP755589.1|A/cattle/Texas/24-008749-003/2024(H5N1)	1443	32
HA|PP755589.1|A/cattle/Texas/24-008749-003/2024(H5N1)	1444	32
HA|PP755589.1|A/cattle/Texas/24-008749-003/2024(H5N1)	1445	32
HA|PP755589.1|A/cattle/Texas/24-008749-003/2024(H5N1)	1446	32
HA|PP755589.1|A/cattle/Texas/24-008749-003/2024(H5N1)	1447	33
HA|PP755589.1|A/cattle/Texas/24-008749-003/2024(H5N1)	1448	32
HA|PP755589.1|A/cattle/Texas/24-008749-003/2024(H5N1)	1449	31
HA|PP755589.1|A/cattle/Texas/24-008749-003/2024(H5N1)	1450	31
HA|PP755589.1|A/cattle/Texas/24-008749-003/2024(H5N1)	1451	31
HA|PP755589.1|A/cattle/Texas/24-008749-003/2024(H5N1)	1452	32
HA|PP755589.1|A/cattle/Texas/24-008749-003/2024(H5N1)	1453	32
HA|PP755589.1|A/cattle/Texas/24-008749-003/2024(H5N1)	1454	30
HA|PP755589.1|A/cattle/Texas/24-008749-003/2024(H5N1)	1455	30
HA|PP755589.1|A/cattle/Texas/24-008749-003/2024(H5N1)	1456	30
HA|PP755589.1|A/cattle/Texas/24-008749-003/2024(H5N1)	1457	31
HA|PP755589.1|A/cattle/Texas/24-008749-003/2024(H5N1)	1458	31
HA|PP755589.1|A/cattle/Texas/24-008749-003/2024(H5N1)	1459	31
HA|PP755589.1|A/cattle/Texas/24-008749-003/2024(H5N1)	1460	32
HA|PP755589.1|A/cattle/Texas/24-008749-003/2024(H5N1)	1461	32
HA|PP755589.1|A/cattle/Texas/24-008749-003/2024(H5N1)	1462	32
HA|PP755589.1|A/cattle/Texas/24-008749-003/2024(H5N1)	1463	32
HA|PP755589.1|A/cattle/Texas/24-008749-003/2024(H5N1)	1464	32
HA|PP755589.1|A/cattle/Texas/24-008749-003/2024(H5N1)	1465	32
HA|PP755589.1|A/cattle/Texas/24-008749-003/2024(H5N1)	1466	32
HA|PP755589.1|A/cattle/Texas/24-008749-003/2024(H5N1)	1467	32
HA|PP755589.1|A/cattle/Texas/24-008749-003/2024(H5N1)	1468	32
HA|PP755589.1|A/cattle/Texas/24-008749-003/2024(H5N1)	1469	32
HA|PP755589.1|A/cattle/Texas/24-008749-003/2024(H5N1)	1470	32
HA|PP755589.1|A/cattle/Texas/24-008749-003/2024(H5N1)	1471	32
HA|PP755589.1|A/cattle/Texas/24-008749-003/2024(H5N1)	1472	32
HA|PP755589.1|A/cattle/Texas/24-008749-003/2024(H5N1)	1473	32
HA|PP755589.1|A/cattle/Texas/24-008749-003/2024(H5N1)	1474	32
HA|PP755589.1|A/cattle/Texas/24-008749-003/2024(H5N1)	1475	30
HA|PP755589.1|A/cattle/Texas/24-008749-003/2024(H5N1)	1476	32
HA|PP755589.1|A/cattle/Texas/24-008749-003/2024(H5N1)	1477	32
HA|PP755589.1|A/cattle/Texas/24-008749-003/2024(H5N1)	1478	32
HA|PP755589.1|A/cattle/Texas/24-008749-003/2024(H5N1)	1479	34
HA|PP755589.1|A/cattle/Texas/24-008749-003/2024(H5N1)	1480	34
HA|PP755589.1|A/cattle/Texas/24-008749-003/2024(H5N1)	1481	34
HA|PP755589.1|A/cattle/Texas/24-008749-003/2024(H5N1)	1482	34
HA|PP755589.1|A/cattle/Texas/24-008749-003/2024(H5N1)	1483	34
HA|PP755589.1|A/cattle/Texas/24-008749-003/2024(H5N1)	1484	34
HA|PP755589.1|A/cattle/Texas/24-008749-003/2024(H5N1)	1485	32
HA|PP755589.1|A/cattle/Texas/24-008749-003/2024(H5N1)	1486	32
HA|PP755589.1|A/cattle/Texas/24-008749-003/2024(H5N1)	1487	32
HA|PP755589.1|A/cattle/Texas/24-008749-003/2024(H5N1)	1488	31
HA|PP755589.1|A/cattle/Texas/24-008749-003/2024(H5N1)	1489	30
HA|PP755589.1|A/cattle/Texas/24-008749-003/2024(H5N1)	1490	30
HA|PP755589.1|A/cattle/Texas/24-008749-003/2024(H5N1)	1491	30
HA|PP755589.1|A/cattle/Texas/24-008749-003/2024(H5N1)	1492	30
HA|PP755589.1|A/cattle/Texas/24-008749-003/2024(H5N1)	1493	30
HA|PP755589.1|A/cattle/Texas/24-008749-003/2024(H5N1)	1494	30
HA|PP755589.1|A/cattle/Texas/24-008749-003/2024(H5N1)	1495	30
HA|PP755589.1|A/cattle/Texas/24-008749-003/2024(H5N1)	1496	30
HA|PP755589.1|A/cattle/Texas/24-008749-003/2024(H5N1)	1497	29
HA|PP755589.1|A/cattle/Texas/24-008749-003/2024(H5N1)	1498	29
HA|PP755589.1|A/cattle/Texas/24-008749-003/2024(H5N1)	1499	29
HA|PP755589.1|A/cattle/Texas/24-008749-003/2024(H5N1)	1500	29
HA|PP755589.1|A/cattle/Texas/24-008749-003/2024(H5N1)	1501	30
HA|PP755589.1|A/cattle/Texas/24-008749-003/2024(H5N1)	1502	29
HA|PP755589.1|A/cattle/Texas/24-008749-003/2024(H5N1)	1503	29
HA|PP755589.1|A/cattle/Texas/24-008749-003/2024(H5N1)	1504	29
HA|PP755589.1|A/cattle/Texas/24-008749-003/2024(H5N1)	1505	29
HA|PP755589.1|A/cattle/Texas/24-008749-003/2024(H5N1)	1506	29
HA|PP755589.1|A/cattle/Texas/24-008749-003/2024(H5N1)	1507	29
HA|PP755589.1|A/cattle/Texas/24-008749-003/2024(H5N1)	1508	29
HA|PP755589.1|A/cattle/Texas/24-008749-003/2024(H5N1)	1509	29
HA|PP755589.1|A/cattle/Texas/24-008749-003/2024(H5N1)	1510	27
HA|PP755589.1|A/cattle/Texas/24-008749-003/2024(H5N1)	1511	28
HA|PP755589.1|A/cattle/Texas/24-008749-003/2024(H5N1)	1512	28
HA|PP755589.1|A/cattle/Texas/24-008749-003/2024(H5N1)	1513	28
HA|PP755589.1|A/cattle/Texas/24-008749-003/2024(H5N1)	1514	28
HA|PP755589.1|A/cattle/Texas/24-008749-003/2024(H5N1)	1515	28
HA|PP755589.1|A/cattle/Texas/24-008749-003/2024(H5N1)	1516	28
HA|PP755589.1|A/cattle/Texas/24-008749-003/2024(H5N1)	1517	28
HA|PP755589.1|A/cattle/Texas/24-008749-003/2024(H5N1)	1518	28
HA|PP755589.1|A/cattle/Texas/24-008749-003/2024(H5N1)	1519	28
HA|PP755589.1|A/cattle/Texas/24-008749-003/2024(H5N1)	1520	27
HA|PP755589.1|A/cattle/Texas/24-008749-003/2024(H5N1)	1521	27
HA|PP755589.1|A/cattle/Texas/24-008749-003/2024(H5N1)	1522	27
HA|PP755589.1|A/cattle/Texas/24-008749-003/2024(H5N1)	1523	27
HA|PP755589.1|A/cattle/Texas/24-008749-003/2024(H5N1)	1524	27
HA|PP755589.1|A/cattle/Texas/24-008749-003/2024(H5N1)	1525	27
HA|PP755589.1|A/cattle/Texas/24-008749-003/2024(H5N1)	1526	29
HA|PP755589.1|A/cattle/Texas/24-008749-003/2024(H5N1)	1527	28
HA|PP755589.1|A/cattle/Texas/24-008749-003/2024(H5N1)	1528	28
HA|PP755589.1|A/cattle/Texas/24-008749-003/2024(H5N1)	1529	25
HA|PP755589.1|A/cattle/Texas/24-008749-003/2024(H5N1)	1530	25
HA|PP755589.1|A/cattle/Texas/24-008749-003/2024(H5N1)	1531	25
HA|PP755589.1|A/cattle/Texas/24-008749-003/2024(H5N1)	1532	25
HA|PP755589.1|A/cattle/Texas/24-008749-003/2024(H5N1)	1533	25
HA|PP755589.1|A/cattle/Texas/24-008749-003/2024(H5N1)	1534	26
HA|PP755589.1|A/cattle/Texas/24-008749-003/2024(H5N1)	1535	26
HA|PP755589.1|A/cattle/Texas/24-008749-003/2024(H5N1)	1536	32
HA|PP755589.1|A/cattle/Texas/24-008749-003/2024(H5N1)	1537	31
HA|PP755589.1|A/cattle/Texas/24-008749-003/2024(H5N1)	1538	31
HA|PP755589.1|A/cattle/Texas/24-008749-003/2024(H5N1)	1539	31
HA|PP755589.1|A/cattle/Texas/24-008749-003/2024(H5N1)	1540	31
HA|PP755589.1|A/cattle/Texas/24-008749-003/2024(H5N1)	1541	31
HA|PP755589.1|A/cattle/Texas/24-008749-003/2024(H5N1)	1542	31
HA|PP755589.1|A/cattle/Texas/24-008749-003/2024(H5N1)	1543	31
HA|PP755589.1|A/cattle/Texas/24-008749-003/2024(H5N1)	1544	31
HA|PP755589.1|A/cattle/Texas/24-008749-003/2024(H5N1)	1545	31
HA|PP755589.1|A/cattle/Texas/24-008749-003/2024(H5N1)	1546	31
HA|PP755589.1|A/cattle/Texas/24-008749-003/2024(H5N1)	1547	31
HA|PP755589.1|A/cattle/Texas/24-008749-003/2024(H5N1)	1548	31
HA|PP755589.1|A/cattle/Texas/24-008749-003/2024(H5N1)	1549	33
HA|PP755589.1|A/cattle/Texas/24-008749-003/2024(H5N1)	1550	33
HA|PP755589.1|A/cattle/Texas/24-008749-003/2024(H5N1)	1551	33
HA|PP755589.1|A/cattle/Texas/24-008749-003/2024(H5N1)	1552	33
HA|PP755589.1|A/cattle/Texas/24-008749-003/2024(H5N1)	1553	33
HA|PP755589.1|A/cattle/Texas/24-008749-003/2024(H5N1)	1554	31
HA|PP755589.1|A/cattle/Texas/24-008749-003/2024(H5N1)	1555	31
HA|PP755589.1|A/cattle/Texas/24-008749-003/2024(H5N1)	1556	31
HA|PP755589.1|A/cattle/Texas/24-008749-003/2024(H5N1)	1557	31
HA|PP755589.1|A/cattle/Texas/24-008749-003/2024(H5N1)	1558	31
HA|PP755589.1|A/cattle/Texas/24-008749-003/2024(H5N1)	1559	31
HA|PP755589.1|A/cattle/Texas/24-008749-003/2024(H5N1)	1560	30
HA|PP755589.1|A/cattle/Texas/24-008749-003/2024(H5N1)	1561	29
HA|PP755589.1|A/cattle/Texas/24-008749-003/2024(H5N1)	1562	29
HA|PP755589.1|A/cattle/Texas/24-008749-003/2024(H5N1)	1563	29
HA|PP755589.1|A/cattle/Texas/24-008749-003/2024(H5N1)	1564	29
HA|PP755589.1|A/cattle/Texas/24-008749-003/2024(H5N1)	1565	29
HA|PP755589.1|A/cattle/Texas/24-008749-003/2024(H5N1)	1566	30
HA|PP755589.1|A/cattle/Texas/24-008749-003/2024(H5N1)	1567	29
HA|PP755589.1|A/cattle/Texas/24-008749-003/2024(H5N1)	1568	28
HA|PP755589.1|A/cattle/Texas/24-008749-003/2024(H5N1)	1569	28
HA|PP755589.1|A/cattle/Texas/24-008749-003/2024(H5N1)	1570	28
HA|PP755589.1|A/cattle/Texas/24-008749-003/2024(H5N1)	1571	28
HA|PP755589.1|A/cattle/Texas/24-008749-003/2024(H5N1)	1572	27
HA|PP755589.1|A/cattle/Texas/24-008749-003/2024(H5N1)	1573	27
HA|PP755589.1|A/cattle/Texas/24-008749-003/2024(H5N1)	1574	27
HA|PP755589.1|A/cattle/Texas/24-008749-003/2024(H5N1)	1575	27
HA|PP755589.1|A/cattle/Texas/24-008749-003/2024(H5N1)	1576	27
HA|PP755589.1|A/cattle/Texas/24-008749-003/2024(H5N1)	1577	27
HA|PP755589.1|A/cattle/Texas/24-008749-003/2024(H5N1)	1578	27
HA|PP755589.1|A/cattle/Texas/24-008749-003/2024(H5N1)	1579	27
HA|PP755589.1|A/cattle/Texas/24-008749-003/2024(H5N1)	1580	27
HA|PP755589.1|A/cattle/Texas/24-008749-003/2024(H5N1)	1581	27
HA|PP755589.1|A/cattle/Texas/24-008749-003/2024(H5N1)	1582	27
HA|PP755589.1|A/cattle/Texas/24-008749-003/2024(H5N1)	1583	27
HA|PP755589.1|A/cattle/Texas/24-008749-003/2024(H5N1)	1584	25
HA|PP755589.1|A/cattle/Texas/24-008749-003/2024(H5N1)	1585	25
HA|PP755589.1|A/cattle/Texas/24-008749-003/2024(H5N1)	1586	25
HA|PP755589.1|A/cattle/Texas/24-008749-003/2024(H5N1)	1587	25
HA|PP755589.1|A/cattle/Texas/24-008749-003/2024(H5N1)	1588	25
HA|PP755589.1|A/cattle/Texas/24-008749-003/2024(H5N1)	1589	25
HA|PP755589.1|A/cattle/Texas/24-008749-003/2024(H5N1)	1590	25
HA|PP755589.1|A/cattle/Texas/24-008749-003/2024(H5N1)	1591	25
HA|PP755589.1|A/cattle/Texas/24-008749-003/2024(H5N1)	1592	25
HA|PP755589.1|A/cattle/Texas/24-008749-003/2024(H5N1)	1593	25
HA|PP755589.1|A/cattle/Texas/24-008749-003/2024(H5N1)	1594	24
HA|PP755589.1|A/cattle/Texas/24-008749-003/2024(H5N1)	1595	23
HA|PP755589.1|A/cattle/Texas/24-008749-003/2024(H5N1)	1596	23
HA|PP755589.1|A/cattle/Texas/24-008749-003/2024(H5N1)	1597	27
HA|PP755589.1|A/cattle/Texas/24-008749-003/2024(H5N1)	1598	27
HA|PP755589.1|A/cattle/Texas/24-008749-003/2024(H5N1)	1599	27
HA|PP755589.1|A/cattle/Texas/24-008749-003/2024(H5N1)	1600	27
HA|PP755589.1|A/cattle/Texas/24-008749-003/2024(H5N1)	1601	27
HA|PP755589.1|A/cattle/Texas/24-008749-003/2024(H5N1)	1602	27
HA|PP755589.1|A/cattle/Texas/24-008749-003/2024(H5N1)	1603	26
HA|PP755589.1|A/cattle/Texas/24-008749-003/2024(H5N1)	1604	26
HA|PP755589.1|A/cattle/Texas/24-008749-003/2024(H5N1)	1605	26
HA|PP755589.1|A/cattle/Texas/24-008749-003/2024(H5N1)	1606	26
HA|PP755589.1|A/cattle/Texas/24-008749-003/2024(H5N1)	1607	26
HA|PP755589.1|A/cattle/Texas/24-008749-003/2024(H5N1)	1608	25
HA|PP755589.1|A/cattle/Texas/24-008749-003/2024(H5N1)	1609	25
HA|PP755589.1|A/cattle/Texas/24-008749-003/2024(H5N1)	1610	25
HA|PP755589.1|A/cattle/Texas/24-008749-003/2024(H5N1)	1611	24
HA|PP755589.1|A/cattle/Texas/24-008749-003/2024(H5N1)	1612	24
HA|PP755589.1|A/cattle/Texas/24-008749-003/2024(H5N1)	1613	24
HA|PP755589.1|A/cattle/Texas/24-008749-003/2024(H5N1)	1614	24
HA|PP755589.1|A/cattle/Texas/24-008749-003/2024(H5N1)	1615	24
HA|PP755589.1|A/cattle/Texas/24-008749-003/2024(H5N1)	1616	24
HA|PP755589.1|A/cattle/Texas/24-008749-003/2024(H5N1)	1617	24
HA|PP755589.1|A/cattle/Texas/24-008749-003/2024(H5N1)	1618	24
HA|PP755589.1|A/cattle/Texas/24-008749-003/2024(H5N1)	1619	24
HA|PP755589.1|A/cattle/Texas/24-008749-003/2024(H5N1)	1620	24
HA|PP755589.1|A/cattle/Texas/24-008749-003/2024(H5N1)	1621	24
HA|PP755589.1|A/cattle/Texas/24-008749-003/2024(H5N1)	1622	24
HA|PP755589.1|A/cattle/Texas/24-008749-003/2024(H5N1)	1623	24
HA|PP755589.1|A/cattle/Texas/24-008749-003/2024(H5N1)	1624	24
HA|PP755589.1|A/cattle/Texas/24-008749-003/2024(H5N1)	1625	24
HA|PP755589.1|A/cattle/Texas/24-008749-003/2024(H5N1)	1626	28
HA|PP755589.1|A/cattle/Texas/24-008749-003/2024(H5N1)	1627	26
HA|PP755589.1|A/cattle/Texas/24-008749-003/2024(H5N1)	1628	26
HA|PP755589.1|A/cattle/Texas/24-008749-003/2024(H5N1)	1629	25
HA|PP755589.1|A/cattle/Texas/24-008749-003/2024(H5N1)	1630	24
HA|PP755589.1|A/cattle/Texas/24-008749-003/2024(H5N1)	1631	24
HA|PP755589.1|A/cattle/Texas/24-008749-003/2024(H5N1)	1632	24
HA|PP755589.1|A/cattle/Texas/24-008749-003/2024(H5N1)	1633	24
HA|PP755589.1|A/cattle/Texas/24-008749-003/2024(H5N1)	1634	24
HA|PP755589.1|A/cattle/Texas/24-008749-003/2024(H5N1)	1635	24
HA|PP755589.1|A/cattle/Texas/24-008749-003/2024(H5N1)	1636	24
HA|PP755589.1|A/cattle/Texas/24-008749-003/2024(H5N1)	1637	24
HA|PP755589.1|A/cattle/Texas/24-008749-003/2024(H5N1)	1638	24
HA|PP755589.1|A/cattle/Texas/24-008749-003/2024(H5N1)	1639	24
HA|PP755589.1|A/cattle/Texas/24-008749-003/2024(H5N1)	1640	24
HA|PP755589.1|A/cattle/Texas/24-008749-003/2024(H5N1)	1641	24
HA|PP755589.1|A/cattle/Texas/24-008749-003/2024(H5N1)	1642	24
HA|PP755589.1|A/cattle/Texas/24-008749-003/2024(H5N1)	1643	24
HA|PP755589.1|A/cattle/Texas/24-008749-003/2024(H5N1)	1644	24
HA|PP755589.1|A/cattle/Texas/24-008749-003/2024(H5N1)	1645	24
HA|PP755589.1|A/cattle/Texas/24-008749-003/2024(H5N1)	1646	24
HA|PP755589.1|A/cattle/Texas/24-008749-003/2024(H5N1)	1647	23
HA|PP755589.1|A/cattle/Texas/24-008749-003/2024(H5N1)	1648	23
HA|PP755589.1|A/cattle/Texas/24-008749-003/2024(H5N1)	1649	23
HA|PP755589.1|A/cattle/Texas/24-008749-003/2024(H5N1)	1650	23
HA|PP755589.1|A/cattle/Texas/24-008749-003/2024(H5N1)	1651	22
HA|PP755589.1|A/cattle/Texas/24-008749-003/2024(H5N1)	1652	22
HA|PP755589.1|A/cattle/Texas/24-008749-003/2024(H5N1)	1653	22
HA|PP755589.1|A/cattle/Texas/24-008749-003/2024(H5N1)	1654	22
HA|PP755589.1|A/cattle/Texas/24-008749-003/2024(H5N1)	1655	22
HA|PP755589.1|A/cattle/Texas/24-008749-003/2024(H5N1)	1656	22
HA|PP755589.1|A/cattle/Texas/24-008749-003/2024(H5N1)	1657	22
HA|PP755589.1|A/cattle/Texas/24-008749-003/2024(H5N1)	1658	22
HA|PP755589.1|A/cattle/Texas/24-008749-003/2024(H5N1)	1659	22
HA|PP755589.1|A/cattle/Texas/24-008749-003/2024(H5N1)	1660	22
HA|PP755589.1|A/cattle/Texas/24-008749-003/2024(H5N1)	1661	22
HA|PP755589.1|A/cattle/Texas/24-008749-003/2024(H5N1)	1662	21
HA|PP755589.1|A/cattle/Texas/24-008749-003/2024(H5N1)	1663	21
HA|PP755589.1|A/cattle/Texas/24-008749-003/2024(H5N1)	1664	21
HA|PP755589.1|A/cattle/Texas/24-008749-003/2024(H5N1)	1665	21
HA|PP755589.1|A/cattle/Texas/24-008749-003/2024(H5N1)	1666	21
HA|PP755589.1|A/cattle/Texas/24-008749-003/2024(H5N1)	1667	21
HA|PP755589.1|A/cattle/Texas/24-008749-003/2024(H5N1)	1668	21
HA|PP755589.1|A/cattle/Texas/24-008749-003/2024(H5N1)	1669	21
HA|PP755589.1|A/cattle/Texas/24-008749-003/2024(H5N1)	1670	21
HA|PP755589.1|A/cattle/Texas/24-008749-003/2024(H5N1)	1671	21
HA|PP755589.1|A/cattle/Texas/24-008749-003/2024(H5N1)	1672	21
HA|PP755589.1|A/cattle/Texas/24-008749-003/2024(H5N1)	1673	21
HA|PP755589.1|A/cattle/Texas/24-008749-003/2024(H5N1)	1674	20
HA|PP755589.1|A/cattle/Texas/24-008749-003/2024(H5N1)	1675	20
HA|PP755589.1|A/cattle/Texas/24-008749-003/2024(H5N1)	1676	19
HA|PP755589.1|A/cattle/Texas/24-008749-003/2024(H5N1)	1677	19
HA|PP755589.1|A/cattle/Texas/24-008749-003/2024(H5N1)	1678	19
HA|PP755589.1|A/cattle/Texas/24-008749-003/2024(H5N1)	1679	19
HA|PP755589.1|A/cattle/Texas/24-008749-003/2024(H5N1)	1680	19
HA|PP755589.1|A/cattle/Texas/24-008749-003/2024(H5N1)	1681	19
HA|PP755589.1|A/cattle/Texas/24-008749-003/2024(H5N1)	1682	19
HA|PP755589.1|A/cattle/Texas/24-008749-003/2024(H5N1)	1683	19
HA|PP755589.1|A/cattle/Texas/24-008749-003/2024(H5N1)	1684	18
HA|PP755589.1|A/cattle/Texas/24-008749-003/2024(H5N1)	1685	15
HA|PP755589.1|A/cattle/Texas/24-008749-003/2024(H5N1)	1686	15
HA|PP755589.1|A/cattle/Texas/24-008749-003/2024(H5N1)	1687	12
HA|PP755589.1|A/cattle/Texas/24-008749-003/2024(H5N1)	1688	12
HA|PP755589.1|A/cattle/Texas/24-008749-003/2024(H5N1)	1689	12
HA|PP755589.1|A/cattle/Texas/24-008749-003/2024(H5N1)	1690	12
HA|PP755589.1|A/cattle/Texas/24-008749-003/2024(H5N1)	1691	12
HA|PP755589.1|A/cattle/Texas/24-008749-003/2024(H5N1)	1692	12
HA|PP755589.1|A/cattle/Texas/24-008749-003/2024(H5N1)	1693	12
HA|PP755589.1|A/cattle/Texas/24-008749-003/2024(H5N1)	1694	12
HA|PP755589.1|A/cattle/Texas/24-008749-003/2024(H5N1)	1695	12
HA|PP755589.1|A/cattle/Texas/24-008749-003/2024(H5N1)	1696	12
HA|PP755589.1|A/cattle/Texas/24-008749-003/2024(H5N1)	1697	12
HA|PP755589.1|A/cattle/Texas/24-008749-003/2024(H5N1)	1698	12
HA|PP755589.1|A/cattle/Texas/24-008749-003/2024(H5N1)	1699	12
HA|PP755589.1|A/cattle/Texas/24-008749-003/2024(H5N1)	1700	10
HA|PP755589.1|A/cattle/Texas/24-008749-003/2024(H5N1)	1701	10
HA|PP755589.1|A/cattle/Texas/24-008749-003/2024(H5N1)	1702	10
HA|PP755589.1|A/cattle/Texas/24-008749-003/2024(H5N1)	1703	10
HA|PP755589.1|A/cattle/Texas/24-008749-003/2024(H5N1)	1704	10
