HA|PP755589.1|A/cattle/Texas/24-008749-003/2024(H5N1)	1	0
HA|PP755589.1|A/cattle/Texas/24-008749-003/2024(H5N1)	2	0
HA|PP755589.1|A/cattle/Texas/24-008749-003/2024(H5N1)	3	0
HA|PP755589.1|A/cattle/Texas/24-008749-003/2024(H5N1)	4	0
HA|PP755589.1|A/cattle/Texas/24-008749-003/2024(H5N1)	5	0
HA|PP755589.1|A/cattle/Texas/24-008749-003/2024(H5N1)	6	0
HA|PP755589.1|A/cattle/Texas/24-008749-003/2024(H5N1)	7	0
HA|PP755589.1|A/cattle/Texas/24-008749-003/2024(H5N1)	8	0
HA|PP755589.1|A/cattle/Texas/24-008749-003/2024(H5N1)	9	0
HA|PP755589.1|A/cattle/Texas/24-008749-003/2024(H5N1)	10	0
HA|PP755589.1|A/cattle/Texas/24-008749-003/2024(H5N1)	11	0
HA|PP755589.1|A/cattle/Texas/24-008749-003/2024(H5N1)	12	0
HA|PP755589.1|A/cattle/Texas/24-008749-003/2024(H5N1)	13	0
HA|PP755589.1|A/cattle/Texas/24-008749-003/2024(H5N1)	14	0
HA|PP755589.1|A/cattle/Texas/24-008749-003/2024(H5N1)	15	0
HA|PP755589.1|A/cattle/Texas/24-008749-003/2024(H5N1)	16	0
HA|PP755589.1|A/cattle/Texas/24-008749-003/2024(H5N1)	17	0
HA|PP755589.1|A/cattle/Texas/24-008749-003/2024(H5N1)	18	0
HA|PP755589.1|A/cattle/Texas/24-008749-003/2024(H5N1)	19	0
HA|PP755589.1|A/cattle/Texas/24-008749-003/2024(H5N1)	20	0
HA|PP755589.1|A/cattle/Texas/24-008749-003/2024(H5N1)	21	0
HA|PP755589.1|A/cattle/Texas/24-008749-003/2024(H5N1)	22	0
HA|PP755589.1|A/cattle/Texas/24-008749-003/2024(H5N1)	23	0
HA|PP755589.1|A/cattle/Texas/24-008749-003/2024(H5N1)	24	0
HA|PP755589.1|A/cattle/Texas/24-008749-003/2024(H5N1)	25	0
HA|PP755589.1|A/cattle/Texas/24-008749-003/2024(H5N1)	26	0
HA|PP755589.1|A/cattle/Texas/24-008749-003/2024(H5N1)	27	0
HA|PP755589.1|A/cattle/Texas/24-008749-003/2024(H5N1)	28	0
HA|PP755589.1|A/cattle/Texas/24-008749-003/2024(H5N1)	29	0
HA|PP755589.1|A/cattle/Texas/24-008749-003/2024(H5N1)	30	0
HA|PP755589.1|A/cattle/Texas/24-008749-003/2024(H5N1)	31	0
HA|PP755589.1|A/cattle/Texas/24-008749-003/2024(H5N1)	32	0
HA|PP755589.1|A/cattle/Texas/24-008749-003/2024(H5N1)	33	0
HA|PP755589.1|A/cattle/Texas/24-008749-003/2024(H5N1)	34	0
HA|PP755589.1|A/cattle/Texas/24-008749-003/2024(H5N1)	35	0
HA|PP755589.1|A/cattle/Texas/24-008749-003/2024(H5N1)	36	0
HA|PP755589.1|A/cattle/Texas/24-008749-003/2024(H5N1)	37	0
HA|PP755589.1|A/cattle/Texas/24-008749-003/2024(H5N1)	38	0
HA|PP755589.1|A/cattle/Texas/24-008749-003/2024(H5N1)	39	11
HA|PP755589.1|A/cattle/Texas/24-008749-003/2024(H5N1)	40	11
HA|PP755589.1|A/cattle/Texas/24-008749-003/2024(H5N1)	41	11
HA|PP755589.1|A/cattle/Texas/24-008749-003/2024(H5N1)	42	11
HA|PP755589.1|A/cattle/Texas/24-008749-003/2024(H5N1)	43	13
HA|PP755589.1|A/cattle/Texas/24-008749-003/2024(H5N1)	44	14
HA|PP755589.1|A/cattle/Texas/24-008749-003/2024(H5N1)	45	14
HA|PP755589.1|A/cattle/Texas/24-008749-003/2024(H5N1)	46	14
HA|PP755589.1|A/cattle/Texas/24-008749-003/2024(H5N1)	47	15
HA|PP755589.1|A/cattle/Texas/24-008749-003/2024(H5N1)	48	15
HA|PP755589.1|A/cattle/Texas/24-008749-003/2024(H5N1)	49	15
HA|PP755589.1|A/cattle/Texas/24-008749-003/2024(H5N1)	50	15
HA|PP755589.1|A/cattle/Texas/24-008749-003/2024(H5N1)	51	15
HA|PP755589.1|A/cattle/Texas/24-008749-003/2024(H5N1)	52	16
HA|PP755589.1|A/cattle/Texas/24-008749-003/2024(H5N1)	53	16
HA|PP755589.1|A/cattle/Texas/24-008749-003/2024(H5N1)	54	17
HA|PP755589.1|A/cattle/Texas/24-008749-003/2024(H5N1)	55	139
HA|PP755589.1|A/cattle/Texas/24-008749-003/2024(H5N1)	56	140
HA|PP755589.1|A/cattle/Texas/24-008749-003/2024(H5N1)	57	140
HA|PP755589.1|A/cattle/Texas/24-008749-003/2024(H5N1)	58	141
HA|PP755589.1|A/cattle/Texas/24-008749-003/2024(H5N1)	59	141
HA|PP755589.1|A/cattle/Texas/24-008749-003/2024(H5N1)	60	142
HA|PP755589.1|A/cattle/Texas/24-008749-003/2024(H5N1)	61	142
HA|PP755589.1|A/cattle/Texas/24-008749-003/2024(H5N1)	62	142
HA|PP755589.1|A/cattle/Texas/24-008749-003/2024(H5N1)	63	142
HA|PP755589.1|A/cattle/Texas/24-008749-003/2024(H5N1)	64	144
HA|PP755589.1|A/cattle/Texas/24-008749-003/2024(H5N1)	65	144
HA|PP755589.1|A/cattle/Texas/24-008749-003/2024(H5N1)	66	150
HA|PP755589.1|A/cattle/Texas/24-008749-003/2024(H5N1)	67	150
HA|PP755589.1|A/cattle/Texas/24-008749-003/2024(H5N1)	68	151
HA|PP755589.1|A/cattle/Texas/24-008749-003/2024(H5N1)	69	157
HA|PP755589.1|A/cattle/Texas/24-008749-003/2024(H5N1)	70	157
HA|PP755589.1|A/cattle/Texas/24-008749-003/2024(H5N1)	71	157
HA|PP755589.1|A/cattle/Texas/24-008749-003/2024(H5N1)	72	157
HA|PP755589.1|A/cattle/Texas/24-008749-003/2024(H5N1)	73	157
HA|PP755589.1|A/cattle/Texas/24-008749-003/2024(H5N1)	74	157
HA|PP755589.1|A/cattle/Texas/24-008749-003/2024(H5N1)	75	157
HA|PP755589.1|A/cattle/Texas/24-008749-003/2024(H5N1)	76	157
HA|PP755589.1|A/cattle/Texas/24-008749-003/2024(H5N1)	77	157
HA|PP755589.1|A/cattle/Texas/24-008749-003/2024(H5N1)	78	157
HA|PP755589.1|A/cattle/Texas/24-008749-003/2024(H5N1)	79	157
HA|PP755589.1|A/cattle/Texas/24-008749-003/2024(H5N1)	80	157
HA|PP755589.1|A/cattle/Texas/24-008749-003/2024(H5N1)	81	157
HA|PP755589.1|A/cattle/Texas/24-008749-003/2024(H5N1)	82	157
HA|PP755589.1|A/cattle/Texas/24-008749-003/2024(H5N1)	83	157
HA|PP755589.1|A/cattle/Texas/24-008749-003/2024(H5N1)	84	154
HA|PP755589.1|A/cattle/Texas/24-008749-003/2024(H5N1)	85	154
HA|PP755589.1|A/cattle/Texas/24-008749-003/2024(H5N1)	86	154
HA|PP755589.1|A/cattle/Texas/24-008749-003/2024(H5N1)	87	153
HA|PP755589.1|A/cattle/Texas/24-008749-003/2024(H5N1)	88	153
HA|PP755589.1|A/cattle/Texas/24-008749-003/2024(H5N1)	89	153
HA|PP755589.1|A/cattle/Texas/24-008749-003/2024(H5N1)	90	153
HA|PP755589.1|A/cattle/Texas/24-008749-003/2024(H5N1)	91	152
HA|PP755589.1|A/cattle/Texas/24-008749-003/2024(H5N1)	92	150
HA|PP755589.1|A/cattle/Texas/24-008749-003/2024(H5N1)	93	144
HA|PP755589.1|A/cattle/Texas/24-008749-003/2024(H5N1)	94	144
HA|PP755589.1|A/cattle/Texas/24-008749-003/2024(H5N1)	95	144
HA|PP755589.1|A/cattle/Texas/24-008749-003/2024(H5N1)	96	144
HA|PP755589.1|A/cattle/Texas/24-008749-003/2024(H5N1)	97	142
HA|PP755589.1|A/cattle/Texas/24-008749-003/2024(H5N1)	98	142
HA|PP755589.1|A/cattle/Texas/24-008749-003/2024(H5N1)	99	2
HA|PP755589.1|A/cattle/Texas/24-008749-003/2024(H5N1)	100	2
HA|PP755589.1|A/cattle/Texas/24-008749-003/2024(H5N1)	101	2
HA|PP755589.1|A/cattle/Texas/24-008749-003/2024(H5N1)	102	2
HA|PP755589.1|A/cattle/Texas/24-008749-003/2024(H5N1)	103	2
HA|PP755589.1|A/cattle/Texas/24-008749-003/2024(H5N1)	104	2
HA|PP755589.1|A/cattle/Texas/24-008749-003/2024(H5N1)	105	2
HA|PP755589.1|A/cattle/Texas/24-008749-003/2024(H5N1)	106	2
HA|PP755589.1|A/cattle/Texas/24-008749-003/2024(H5N1)	107	2
HA|PP755589.1|A/cattle/Texas/24-008749-003/2024(H5N1)	108	2
HA|PP755589.1|A/cattle/Texas/24-008749-003/2024(H5N1)	109	2
HA|PP755589.1|A/cattle/Texas/24-008749-003/2024(H5N1)	110	2
HA|PP755589.1|A/cattle/Texas/24-008749-003/2024(H5N1)	111	2
HA|PP755589.1|A/cattle/Texas/24-008749-003/2024(H5N1)	112	2
HA|PP755589.1|A/cattle/Texas/24-008749-003/2024(H5N1)	113	2
HA|PP755589.1|A/cattle/Texas/24-008749-003/2024(H5N1)	114	2
HA|PP755589.1|A/cattle/Texas/24-008749-003/2024(H5N1)	115	2
HA|PP755589.1|A/cattle/Texas/24-008749-003/2024(H5N1)	116	2
HA|PP755589.1|A/cattle/Texas/24-008749-003/2024(H5N1)	117	2
HA|PP755589.1|A/cattle/Texas/24-008749-003/2024(H5N1)	118	2
HA|PP755589.1|A/cattle/Texas/24-008749-003/2024(H5N1)	119	2
HA|PP755589.1|A/cattle/Texas/24-008749-003/2024(H5N1)	120	0
HA|PP755589.1|A/cattle/Texas/24-008749-003/2024(H5N1)	121	0
HA|PP755589.1|A/cattle/Texas/24-008749-003/2024(H5N1)	122	0
HA|PP755589.1|A/cattle/Texas/24-008749-003/2024(H5N1)	123	0
HA|PP755589.1|A/cattle/Texas/24-008749-003/2024(H5N1)	124	0
HA|PP755589.1|A/cattle/Texas/24-008749-003/2024(H5N1)	125	0
HA|PP755589.1|A/cattle/Texas/24-008749-003/2024(H5N1)	126	0
HA|PP755589.1|A/cattle/Texas/24-008749-003/2024(H5N1)	127	0
HA|PP755589.1|A/cattle/Texas/24-008749-003/2024(H5N1)	128	0
HA|PP755589.1|A/cattle/Texas/24-008749-003/2024(H5N1)	129	0
HA|PP755589.1|A/cattle/Texas/24-008749-003/2024(H5N1)	130	0
HA|PP755589.1|A/cattle/Texas/24-008749-003/2024(H5N1)	131	0
HA|PP755589.1|A/cattle/Texas/24-008749-003/2024(H5N1)	132	0
HA|PP755589.1|A/cattle/Texas/24-008749-003/2024(H5N1)	133	0
HA|PP755589.1|A/cattle/Texas/24-008749-003/2024(H5N1)	134	0
HA|PP755589.1|A/cattle/Texas/24-008749-003/2024(H5N1)	135	0
HA|PP755589.1|A/cattle/Texas/24-008749-003/2024(H5N1)	136	0
HA|PP755589.1|A/cattle/Texas/24-008749-003/2024(H5N1)	137	0
HA|PP755589.1|A/cattle/Texas/24-008749-003/2024(H5N1)	138	0
HA|PP755589.1|A/cattle/Texas/24-008749-003/2024(H5N1)	139	0
HA|PP755589.1|A/cattle/Texas/24-008749-003/2024(H5N1)	140	0
HA|PP755589.1|A/cattle/Texas/24-008749-003/2024(H5N1)	141	0
HA|PP755589.1|A/cattle/Texas/24-008749-003/2024(H5N1)	142	0
HA|PP755589.1|A/cattle/Texas/24-008749-003/2024(H5N1)	143	0
HA|PP755589.1|A/cattle/Texas/24-008749-003/2024(H5N1)	144	0
HA|PP755589.1|A/cattle/Texas/24-008749-003/2024(H5N1)	145	0
HA|PP755589.1|A/cattle/Texas/24-008749-003/2024(H5N1)	146	0
HA|PP755589.1|A/cattle/Texas/24-008749-003/2024(H5N1)	147	0
HA|PP755589.1|A/cattle/Texas/24-008749-003/2024(H5N1)	148	0
HA|PP755589.1|A/cattle/Texas/24-008749-003/2024(H5N1)	149	0
HA|PP755589.1|A/cattle/Texas/24-008749-003/2024(H5N1)	150	0
HA|PP755589.1|A/cattle/Texas/24-008749-003/2024(H5N1)	151	0
HA|PP755589.1|A/cattle/Texas/24-008749-003/2024(H5N1)	152	0
HA|PP755589.1|A/cattle/Texas/24-008749-003/2024(H5N1)	153	0
HA|PP755589.1|A/cattle/Texas/24-008749-003/2024(H5N1)	154	0
HA|PP755589.1|A/cattle/Texas/24-008749-003/2024(H5N1)	155	0
HA|PP755589.1|A/cattle/Texas/24-008749-003/2024(H5N1)	156	0
HA|PP755589.1|A/cattle/Texas/24-008749-003/2024(H5N1)	157	0
HA|PP755589.1|A/cattle/Texas/24-008749-003/2024(H5N1)	158	0
HA|PP755589.1|A/cattle/Texas/24-008749-003/2024(H5N1)	159	0
HA|PP755589.1|A/cattle/Texas/24-008749-003/2024(H5N1)	160	0
HA|PP755589.1|A/cattle/Texas/24-008749-003/2024(H5N1)	161	0
HA|PP755589.1|A/cattle/Texas/24-008749-003/2024(H5N1)	162	0
HA|PP755589.1|A/cattle/Texas/24-008749-003/2024(H5N1)	163	0
HA|PP755589.1|A/cattle/Texas/24-008749-003/2024(H5N1)	164	0
HA|PP755589.1|A/cattle/Texas/24-008749-003/2024(H5N1)	165	0
HA|PP755589.1|A/cattle/Texas/24-008749-003/2024(H5N1)	166	0
HA|PP755589.1|A/cattle/Texas/24-008749-003/2024(H5N1)	167	0
HA|PP755589.1|A/cattle/Texas/24-008749-003/2024(H5N1)	168	0
HA|PP755589.1|A/cattle/Texas/24-008749-003/2024(H5N1)	169	0
HA|PP755589.1|A/cattle/Texas/24-008749-003/2024(H5N1)	170	0
HA|PP755589.1|A/cattle/Texas/24-008749-003/2024(H5N1)	171	0
HA|PP755589.1|A/cattle/Texas/24-008749-003/2024(H5N1)	172	0
HA|PP755589.1|A/cattle/Texas/24-008749-003/2024(H5N1)	173	0
HA|PP755589.1|A/cattle/Texas/24-008749-003/2024(H5N1)	174	0
HA|PP755589.1|A/cattle/Texas/24-008749-003/2024(H5N1)	175	0
HA|PP755589.1|A/cattle/Texas/24-008749-003/2024(H5N1)	176	0
HA|PP755589.1|A/cattle/Texas/24-008749-003/2024(H5N1)	177	0
HA|PP755589.1|A/cattle/Texas/24-008749-003/2024(H5N1)	178	0
HA|PP755589.1|A/cattle/Texas/24-008749-003/2024(H5N1)	179	0
HA|PP755589.1|A/cattle/Texas/24-008749-003/2024(H5N1)	180	0
HA|PP755589.1|A/cattle/Texas/24-008749-003/2024(H5N1)	181	0
HA|PP755589.1|A/cattle/Texas/24-008749-003/2024(H5N1)	182	0
HA|PP755589.1|A/cattle/Texas/24-008749-003/2024(H5N1)	183	0
HA|PP755589.1|A/cattle/Texas/24-008749-003/2024(H5N1)	184	0
HA|PP755589.1|A/cattle/Texas/24-008749-003/2024(H5N1)	185	0
HA|PP755589.1|A/cattle/Texas/24-008749-003/2024(H5N1)	186	0
HA|PP755589.1|A/cattle/Texas/24-008749-003/2024(H5N1)	187	0
HA|PP755589.1|A/cattle/Texas/24-008749-003/2024(H5N1)	188	0
HA|PP755589.1|A/cattle/Texas/24-008749-003/2024(H5N1)	189	0
HA|PP755589.1|A/cattle/Texas/24-008749-003/2024(H5N1)	190	0
HA|PP755589.1|A/cattle/Texas/24-008749-003/2024(H5N1)	191	0
HA|PP755589.1|A/cattle/Texas/24-008749-003/2024(H5N1)	192	0
HA|PP755589.1|A/cattle/Texas/24-008749-003/2024(H5N1)	193	0
HA|PP755589.1|A/cattle/Texas/24-008749-003/2024(H5N1)	194	0
HA|PP755589.1|A/cattle/Texas/24-008749-003/2024(H5N1)	195	0
HA|PP755589.1|A/cattle/Texas/24-008749-003/2024(H5N1)	196	0
HA|PP755589.1|A/cattle/Texas/24-008749-003/2024(H5N1)	197	0
HA|PP755589.1|A/cattle/Texas/24-008749-003/2024(H5N1)	198	0
HA|PP755589.1|A/cattle/Texas/24-008749-003/2024(H5N1)	199	0
HA|PP755589.1|A/cattle/Texas/24-008749-003/2024(H5N1)	200	0
HA|PP755589.1|A/cattle/Texas/24-008749-003/2024(H5N1)	201	0
HA|PP755589.1|A/cattle/Texas/24-008749-003/2024(H5N1)	202	0
HA|PP755589.1|A/cattle/Texas/24-008749-003/2024(H5N1)	203	0
HA|PP755589.1|A/cattle/Texas/24-008749-003/2024(H5N1)	204	1
HA|PP755589.1|A/cattle/Texas/24-008749-003/2024(H5N1)	205	160
HA|PP755589.1|A/cattle/Texas/24-008749-003/2024(H5N1)	206	160
HA|PP755589.1|A/cattle/Texas/24-008749-003/2024(H5N1)	207	161
HA|PP755589.1|A/cattle/Texas/24-008749-003/2024(H5N1)	208	163
HA|PP755589.1|A/cattle/Texas/24-008749-003/2024(H5N1)	209	163
HA|PP755589.1|A/cattle/Texas/24-008749-003/2024(H5N1)	210	163
HA|PP755589.1|A/cattle/Texas/24-008749-003/2024(H5N1)	211	166
HA|PP755589.1|A/cattle/Texas/24-008749-003/2024(H5N1)	212	169
HA|PP755589.1|A/cattle/Texas/24-008749-003/2024(H5N1)	213	169
HA|PP755589.1|A/cattle/Texas/24-008749-003/2024(H5N1)	214	169
HA|PP755589.1|A/cattle/Texas/24-008749-003/2024(H5N1)	215	169
HA|PP755589.1|A/cattle/Texas/24-008749-003/2024(H5N1)	216	169
HA|PP755589.1|A/cattle/Texas/24-008749-003/2024(H5N1)	217	169
HA|PP755589.1|A/cattle/Texas/24-008749-003/2024(H5N1)	218	170
HA|PP755589.1|A/cattle/Texas/24-008749-003/2024(H5N1)	219	170
HA|PP755589.1|A/cattle/Texas/24-008749-003/2024(H5N1)	220	170
HA|PP755589.1|A/cattle/Texas/24-008749-003/2024(H5N1)	221	170
HA|PP755589.1|A/cattle/Texas/24-008749-003/2024(H5N1)	222	170
HA|PP755589.1|A/cattle/Texas/24-008749-003/2024(H5N1)	223	170
HA|PP755589.1|A/cattle/Texas/24-008749-003/2024(H5N1)	224	170
HA|PP755589.1|A/cattle/Texas/24-008749-003/2024(H5N1)	225	170
HA|PP755589.1|A/cattle/Texas/24-008749-003/2024(H5N1)	226	170
HA|PP755589.1|A/cattle/Texas/24-008749-003/2024(H5N1)	227	170
HA|PP755589.1|A/cattle/Texas/24-008749-003/2024(H5N1)	228	170
HA|PP755589.1|A/cattle/Texas/24-008749-003/2024(H5N1)	229	165
HA|PP755589.1|A/cattle/Texas/24-008749-003/2024(H5N1)	230	164
HA|PP755589.1|A/cattle/Texas/24-008749-003/2024(H5N1)	231	161
HA|PP755589.1|A/cattle/Texas/24-008749-003/2024(H5N1)	232	159
HA|PP755589.1|A/cattle/Texas/24-008749-003/2024(H5N1)	233	159
HA|PP755589.1|A/cattle/Texas/24-008749-003/2024(H5N1)	234	159
HA|PP755589.1|A/cattle/Texas/24-008749-003/2024(H5N1)	235	159
HA|PP755589.1|A/cattle/Texas/24-008749-003/2024(H5N1)	236	159
HA|PP755589.1|A/cattle/Texas/24-008749-003/2024(H5N1)	237	159
HA|PP755589.1|A/cattle/Texas/24-008749-003/2024(H5N1)	238	158
HA|PP755589.1|A/cattle/Texas/24-008749-003/2024(H5N1)	239	155
HA|PP755589.1|A/cattle/Texas/24-008749-003/2024(H5N1)	240	155
HA|PP755589.1|A/cattle/Texas/24-008749-003/2024(H5N1)	241	155
HA|PP755589.1|A/cattle/Texas/24-008749-003/2024(H5N1)	242	155
HA|PP755589.1|A/cattle/Texas/24-008749-003/2024(H5N1)	243	154
HA|PP755589.1|A/cattle/Texas/24-008749-003/2024(H5N1)	244	142
HA|PP755589.1|A/cattle/Texas/24-008749-003/2024(H5N1)	245	141
HA|PP755589.1|A/cattle/Texas/24-008749-003/2024(H5N1)	246	141
HA|PP755589.1|A/cattle/Texas/24-008749-003/2024(H5N1)	247	138
HA|PP755589.1|A/cattle/Texas/24-008749-003/2024(H5N1)	248	131
HA|PP755589.1|A/cattle/Texas/24-008749-003/2024(H5N1)	249	32
HA|PP755589.1|A/cattle/Texas/24-008749-003/2024(H5N1)	250	32
HA|PP755589.1|A/cattle/Texas/24-008749-003/2024(H5N1)	251	31
HA|PP755589.1|A/cattle/Texas/24-008749-003/2024(H5N1)	252	30
HA|PP755589.1|A/cattle/Texas/24-008749-003/2024(H5N1)	253	30
HA|PP755589.1|A/cattle/Texas/24-008749-003/2024(H5N1)	254	30
HA|PP755589.1|A/cattle/Texas/24-008749-003/2024(H5N1)	255	26
HA|PP755589.1|A/cattle/Texas/24-008749-003/2024(H5N1)	256	26
HA|PP755589.1|A/cattle/Texas/24-008749-003/2024(H5N1)	257	26
HA|PP755589.1|A/cattle/Texas/24-008749-003/2024(H5N1)	258	26
HA|PP755589.1|A/cattle/Texas/24-008749-003/2024(H5N1)	259	26
HA|PP755589.1|A/cattle/Texas/24-008749-003/2024(H5N1)	260	25
HA|PP755589.1|A/cattle/Texas/24-008749-003/2024(H5N1)	261	25
HA|PP755589.1|A/cattle/Texas/24-008749-003/2024(H5N1)	262	25
HA|PP755589.1|A/cattle/Texas/24-008749-003/2024(H5N1)	263	25
HA|PP755589.1|A/cattle/Texas/24-008749-003/2024(H5N1)	264	25
HA|PP755589.1|A/cattle/Texas/24-008749-003/2024(H5N1)	265	25
HA|PP755589.1|A/cattle/Texas/24-008749-003/2024(H5N1)	266	25
HA|PP755589.1|A/cattle/Texas/24-008749-003/2024(H5N1)	267	25
HA|PP755589.1|A/cattle/Texas/24-008749-003/2024(H5N1)	268	25
HA|PP755589.1|A/cattle/Texas/24-008749-003/2024(H5N1)	269	25
HA|PP755589.1|A/cattle/Texas/24-008749-003/2024(H5N1)	270	25
HA|PP755589.1|A/cattle/Texas/24-008749-003/2024(H5N1)	271	25
HA|PP755589.1|A/cattle/Texas/24-008749-003/2024(H5N1)	272	25
HA|PP755589.1|A/cattle/Texas/24-008749-003/2024(H5N1)	273	25
HA|PP755589.1|A/cattle/Texas/24-008749-003/2024(H5N1)	274	25
HA|PP755589.1|A/cattle/Texas/24-008749-003/2024(H5N1)	275	25
HA|PP755589.1|A/cattle/Texas/24-008749-003/2024(H5N1)	276	25
HA|PP755589.1|A/cattle/Texas/24-008749-003/2024(H5N1)	277	25
HA|PP755589.1|A/cattle/Texas/24-008749-003/2024(H5N1)	278	25
HA|PP755589.1|A/cattle/Texas/24-008749-003/2024(H5N1)	279	25
HA|PP755589.1|A/cattle/Texas/24-008749-003/2024(H5N1)	280	25
HA|PP755589.1|A/cattle/Texas/24-008749-003/2024(H5N1)	281	25
HA|PP755589.1|A/cattle/Texas/24-008749-003/2024(H5N1)	282	25
HA|PP755589.1|A/cattle/Texas/24-008749-003/2024(H5N1)	283	25
HA|PP755589.1|A/cattle/Texas/24-008749-003/2024(H5N1)	284	25
HA|PP755589.1|A/cattle/Texas/24-008749-003/2024(H5N1)	285	0
HA|PP755589.1|A/cattle/Texas/24-008749-003/2024(H5N1)	286	0
HA|PP755589.1|A/cattle/Texas/24-008749-003/2024(H5N1)	287	0
HA|PP755589.1|A/cattle/Texas/24-008749-003/2024(H5N1)	288	0
HA|PP755589.1|A/cattle/Texas/24-008749-003/2024(H5N1)	289	0
HA|PP755589.1|A/cattle/Texas/24-008749-003/2024(H5N1)	290	0
HA|PP755589.1|A/cattle/Texas/24-008749-003/2024(H5N1)	291	0
HA|PP755589.1|A/cattle/Texas/24-008749-003/2024(H5N1)	292	0
HA|PP755589.1|A/cattle/Texas/24-008749-003/2024(H5N1)	293	0
HA|PP755589.1|A/cattle/Texas/24-008749-003/2024(H5N1)	294	0
HA|PP755589.1|A/cattle/Texas/24-008749-003/2024(H5N1)	295	0
HA|PP755589.1|A/cattle/Texas/24-008749-003/2024(H5N1)	296	0
HA|PP755589.1|A/cattle/Texas/24-008749-003/2024(H5N1)	297	0
HA|PP755589.1|A/cattle/Texas/24-008749-003/2024(H5N1)	298	0
HA|PP755589.1|A/cattle/Texas/24-008749-003/2024(H5N1)	299	0
HA|PP755589.1|A/cattle/Texas/24-008749-003/2024(H5N1)	300	0
HA|PP755589.1|A/cattle/Texas/24-008749-003/2024(H5N1)	301	0
HA|PP755589.1|A/cattle/Texas/24-008749-003/2024(H5N1)	302	0
HA|PP755589.1|A/cattle/Texas/24-008749-003/2024(H5N1)	303	0
HA|PP755589.1|A/cattle/Texas/24-008749-003/2024(H5N1)	304	0
HA|PP755589.1|A/cattle/Texas/24-008749-003/2024(H5N1)	305	0
HA|PP755589.1|A/cattle/Texas/24-008749-003/2024(H5N1)	306	0
HA|PP755589.1|A/cattle/Texas/24-008749-003/2024(H5N1)	307	0
HA|PP755589.1|A/cattle/Texas/24-008749-003/2024(H5N1)	308	0
HA|PP755589.1|A/cattle/Texas/24-008749-003/2024(H5N1)	309	0
HA|PP755589.1|A/cattle/Texas/24-008749-003/2024(H5N1)	310	0
HA|PP755589.1|A/cattle/Texas/24-008749-003/2024(H5N1)	311	0
HA|PP755589.1|A/cattle/Texas/24-008749-003/2024(H5N1)	312	0
HA|PP755589.1|A/cattle/Texas/24-008749-003/2024(H5N1)	313	0
HA|PP755589.1|A/cattle/Texas/24-008749-003/2024(H5N1)	314	0
HA|PP755589.1|A/cattle/Texas/24-008749-003/2024(H5N1)	315	0
HA|PP755589.1|A/cattle/Texas/24-008749-003/2024(H5N1)	316	0
HA|PP755589.1|A/cattle/Texas/24-008749-003/2024(H5N1)	317	0
HA|PP755589.1|A/cattle/Texas/24-008749-003/2024(H5N1)	318	0
HA|PP755589.1|A/cattle/Texas/24-008749-003/2024(H5N1)	319	0
HA|PP755589.1|A/cattle/Texas/24-008749-003/2024(H5N1)	320	0
HA|PP755589.1|A/cattle/Texas/24-008749-003/2024(H5N1)	321	0
HA|PP755589.1|A/cattle/Texas/24-008749-003/2024(H5N1)	322	0
HA|PP755589.1|A/cattle/Texas/24-008749-003/2024(H5N1)	323	0
HA|PP755589.1|A/cattle/Texas/24-008749-003/2024(H5N1)	324	0
HA|PP755589.1|A/cattle/Texas/24-008749-003/2024(H5N1)	325	0
HA|PP755589.1|A/cattle/Texas/24-008749-003/2024(H5N1)	326	0
HA|PP755589.1|A/cattle/Texas/24-008749-003/2024(H5N1)	327	0
HA|PP755589.1|A/cattle/Texas/24-008749-003/2024(H5N1)	328	0
HA|PP755589.1|A/cattle/Texas/24-008749-003/2024(H5N1)	329	0
HA|PP755589.1|A/cattle/Texas/24-008749-003/2024(H5N1)	330	0
HA|PP755589.1|A/cattle/Texas/24-008749-003/2024(H5N1)	331	0
HA|PP755589.1|A/cattle/Texas/24-008749-003/2024(H5N1)	332	0
HA|PP755589.1|A/cattle/Texas/24-008749-003/2024(H5N1)	333	0
HA|PP755589.1|A/cattle/Texas/24-008749-003/2024(H5N1)	334	0
HA|PP755589.1|A/cattle/Texas/24-008749-003/2024(H5N1)	335	0
HA|PP755589.1|A/cattle/Texas/24-008749-003/2024(H5N1)	336	0
HA|PP755589.1|A/cattle/Texas/24-008749-003/2024(H5N1)	337	0
HA|PP755589.1|A/cattle/Texas/24-008749-003/2024(H5N1)	338	0
HA|PP755589.1|A/cattle/Texas/24-008749-003/2024(H5N1)	339	0
HA|PP755589.1|A/cattle/Texas/24-008749-003/2024(H5N1)	340	0
HA|PP755589.1|A/cattle/Texas/24-008749-003/2024(H5N1)	341	0
HA|PP755589.1|A/cattle/Texas/24-008749-003/2024(H5N1)	342	0
HA|PP755589.1|A/cattle/Texas/24-008749-003/2024(H5N1)	343	0
HA|PP755589.1|A/cattle/Texas/24-008749-003/2024(H5N1)	344	0
HA|PP755589.1|A/cattle/Texas/24-008749-003/2024(H5N1)	345	0
HA|PP755589.1|A/cattle/Texas/24-008749-003/2024(H5N1)	346	0
HA|PP755589.1|A/cattle/Texas/24-008749-003/2024(H5N1)	347	0
HA|PP755589.1|A/cattle/Texas/24-008749-003/2024(H5N1)	348	0
HA|PP755589.1|A/cattle/Texas/24-008749-003/2024(H5N1)	349	0
HA|PP755589.1|A/cattle/Texas/24-008749-003/2024(H5N1)	350	0
HA|PP755589.1|A/cattle/Texas/24-008749-003/2024(H5N1)	351	0
HA|PP755589.1|A/cattle/Texas/24-008749-003/2024(H5N1)	352	0
HA|PP755589.1|A/cattle/Texas/24-008749-003/2024(H5N1)	353	0
HA|PP755589.1|A/cattle/Texas/24-008749-003/2024(H5N1)	354	0
HA|PP755589.1|A/cattle/Texas/24-008749-003/2024(H5N1)	355	0
HA|PP755589.1|A/cattle/Texas/24-008749-003/2024(H5N1)	356	0
HA|PP755589.1|A/cattle/Texas/24-008749-003/2024(H5N1)	357	0
HA|PP755589.1|A/cattle/Texas/24-008749-003/2024(H5N1)	358	0
HA|PP755589.1|A/cattle/Texas/24-008749-003/2024(H5N1)	359	0
HA|PP755589.1|A/cattle/Texas/24-008749-003/2024(H5N1)	360	0
HA|PP755589.1|A/cattle/Texas/24-008749-003/2024(H5N1)	361	0
HA|PP755589.1|A/cattle/Texas/24-008749-003/2024(H5N1)	362	0
HA|PP755589.1|A/cattle/Texas/24-008749-003/2024(H5N1)	363	0
HA|PP755589.1|A/cattle/Texas/24-008749-003/2024(H5N1)	364	0
HA|PP755589.1|A/cattle/Texas/24-008749-003/2024(H5N1)	365	0
HA|PP755589.1|A/cattle/Texas/24-008749-003/2024(H5N1)	366	0
HA|PP755589.1|A/cattle/Texas/24-008749-003/2024(H5N1)	367	0
HA|PP755589.1|A/cattle/Texas/24-008749-003/2024(H5N1)	368	0
HA|PP755589.1|A/cattle/Texas/24-008749-003/2024(H5N1)	369	0
HA|PP755589.1|A/cattle/Texas/24-008749-003/2024(H5N1)	370	0
HA|PP755589.1|A/cattle/Texas/24-008749-003/2024(H5N1)	371	0
HA|PP755589.1|A/cattle/Texas/24-008749-003/2024(H5N1)	372	0
HA|PP755589.1|A/cattle/Texas/24-008749-003/2024(H5N1)	373	0
HA|PP755589.1|A/cattle/Texas/24-008749-003/2024(H5N1)	374	0
HA|PP755589.1|A/cattle/Texas/24-008749-003/2024(H5N1)	375	0
HA|PP755589.1|A/cattle/Texas/24-008749-003/2024(H5N1)	376	0
HA|PP755589.1|A/cattle/Texas/24-008749-003/2024(H5N1)	377	0
HA|PP755589.1|A/cattle/Texas/24-008749-003/2024(H5N1)	378	0
HA|PP755589.1|A/cattle/Texas/24-008749-003/2024(H5N1)	379	0
HA|PP755589.1|A/cattle/Texas/24-008749-003/2024(H5N1)	380	0
HA|PP755589.1|A/cattle/Texas/24-008749-003/2024(H5N1)	381	0
HA|PP755589.1|A/cattle/Texas/24-008749-003/2024(H5N1)	382	0
HA|PP755589.1|A/cattle/Texas/24-008749-003/2024(H5N1)	383	0
HA|PP755589.1|A/cattle/Texas/24-008749-003/2024(H5N1)	384	0
HA|PP755589.1|A/cattle/Texas/24-008749-003/2024(H5N1)	385	0
HA|PP755589.1|A/cattle/Texas/24-008749-003/2024(H5N1)	386	0
HA|PP755589.1|A/cattle/Texas/24-008749-003/2024(H5N1)	387	0
HA|PP755589.1|A/cattle/Texas/24-008749-003/2024(H5N1)	388	0
HA|PP755589.1|A/cattle/Texas/24-008749-003/2024(H5N1)	389	0
HA|PP755589.1|A/cattle/Texas/24-008749-003/2024(H5N1)	390	0
HA|PP755589.1|A/cattle/Texas/24-008749-003/2024(H5N1)	391	0
HA|PP755589.1|A/cattle/Texas/24-008749-003/2024(H5N1)	392	0
HA|PP755589.1|A/cattle/Texas/24-008749-003/2024(H5N1)	393	0
HA|PP755589.1|A/cattle/Texas/24-008749-003/2024(H5N1)	394	0
HA|PP755589.1|A/cattle/Texas/24-008749-003/2024(H5N1)	395	0
HA|PP755589.1|A/cattle/Texas/24-008749-003/2024(H5N1)	396	0
HA|PP755589.1|A/cattle/Texas/24-008749-003/2024(H5N1)	397	0
HA|PP755589.1|A/cattle/Texas/24-008749-003/2024(H5N1)	398	0
HA|PP755589.1|A/cattle/Texas/24-008749-003/2024(H5N1)	399	0
HA|PP755589.1|A/cattle/Texas/24-008749-003/2024(H5N1)	400	0
HA|PP755589.1|A/cattle/Texas/24-008749-003/2024(H5N1)	401	0
HA|PP755589.1|A/cattle/Texas/24-008749-003/2024(H5N1)	402	0
HA|PP755589.1|A/cattle/Texas/24-008749-003/2024(H5N1)	403	0
HA|PP755589.1|A/cattle/Texas/24-008749-003/2024(H5N1)	404	0
HA|PP755589.1|A/cattle/Texas/24-008749-003/2024(H5N1)	405	0
HA|PP755589.1|A/cattle/Texas/24-008749-003/2024(H5N1)	406	0
HA|PP755589.1|A/cattle/Texas/24-008749-003/2024(H5N1)	407	0
HA|PP755589.1|A/cattle/Texas/24-008749-003/2024(H5N1)	408	0
HA|PP755589.1|A/cattle/Texas/24-008749-003/2024(H5N1)	409	0
HA|PP755589.1|A/cattle/Texas/24-008749-003/2024(H5N1)	410	0
HA|PP755589.1|A/cattle/Texas/24-008749-003/2024(H5N1)	411	0
HA|PP755589.1|A/cattle/Texas/24-008749-003/2024(H5N1)	412	0
HA|PP755589.1|A/cattle/Texas/24-008749-003/2024(H5N1)	413	0
HA|PP755589.1|A/cattle/Texas/24-008749-003/2024(H5N1)	414	0
HA|PP755589.1|A/cattle/Texas/24-008749-003/2024(H5N1)	415	0
HA|PP755589.1|A/cattle/Texas/24-008749-003/2024(H5N1)	416	0
HA|PP755589.1|A/cattle/Texas/24-008749-003/2024(H5N1)	417	0
HA|PP755589.1|A/cattle/Texas/24-008749-003/2024(H5N1)	418	0
HA|PP755589.1|A/cattle/Texas/24-008749-003/2024(H5N1)	419	0
HA|PP755589.1|A/cattle/Texas/24-008749-003/2024(H5N1)	420	0
HA|PP755589.1|A/cattle/Texas/24-008749-003/2024(H5N1)	421	0
HA|PP755589.1|A/cattle/Texas/24-008749-003/2024(H5N1)	422	0
HA|PP755589.1|A/cattle/Texas/24-008749-003/2024(H5N1)	423	0
HA|PP755589.1|A/cattle/Texas/24-008749-003/2024(H5N1)	424	0
HA|PP755589.1|A/cattle/Texas/24-008749-003/2024(H5N1)	425	0
HA|PP755589.1|A/cattle/Texas/24-008749-003/2024(H5N1)	426	0
HA|PP755589.1|A/cattle/Texas/24-008749-003/2024(H5N1)	427	0
HA|PP755589.1|A/cattle/Texas/24-008749-003/2024(H5N1)	428	0
HA|PP755589.1|A/cattle/Texas/24-008749-003/2024(H5N1)	429	0
HA|PP755589.1|A/cattle/Texas/24-008749-003/2024(H5N1)	430	0
HA|PP755589.1|A/cattle/Texas/24-008749-003/2024(H5N1)	431	0
HA|PP755589.1|A/cattle/Texas/24-008749-003/2024(H5N1)	432	0
HA|PP755589.1|A/cattle/Texas/24-008749-003/2024(H5N1)	433	0
HA|PP755589.1|A/cattle/Texas/24-008749-003/2024(H5N1)	434	0
HA|PP755589.1|A/cattle/Texas/24-008749-003/2024(H5N1)	435	0
HA|PP755589.1|A/cattle/Texas/24-008749-003/2024(H5N1)	436	0
HA|PP755589.1|A/cattle/Texas/24-008749-003/2024(H5N1)	437	0
HA|PP755589.1|A/cattle/Texas/24-008749-003/2024(H5N1)	438	0
HA|PP755589.1|A/cattle/Texas/24-008749-003/2024(H5N1)	439	0
HA|PP755589.1|A/cattle/Texas/24-008749-003/2024(H5N1)	440	0
HA|PP755589.1|A/cattle/Texas/24-008749-003/2024(H5N1)	441	0
HA|PP755589.1|A/cattle/Texas/24-008749-003/2024(H5N1)	442	0
HA|PP755589.1|A/cattle/Texas/24-008749-003/2024(H5N1)	443	0
HA|PP755589.1|A/cattle/Texas/24-008749-003/2024(H5N1)	444	0
HA|PP755589.1|A/cattle/Texas/24-008749-003/2024(H5N1)	445	0
HA|PP755589.1|A/cattle/Texas/24-008749-003/2024(H5N1)	446	0
HA|PP755589.1|A/cattle/Texas/24-008749-003/2024(H5N1)	447	0
HA|PP755589.1|A/cattle/Texas/24-008749-003/2024(H5N1)	448	0
HA|PP755589.1|A/cattle/Texas/24-008749-003/2024(H5N1)	449	0
HA|PP755589.1|A/cattle/Texas/24-008749-003/2024(H5N1)	450	0
HA|PP755589.1|A/cattle/Texas/24-008749-003/2024(H5N1)	451	0
HA|PP755589.1|A/cattle/Texas/24-008749-003/2024(H5N1)	452	0
HA|PP755589.1|A/cattle/Texas/24-008749-003/2024(H5N1)	453	0
HA|PP755589.1|A/cattle/Texas/24-008749-003/2024(H5N1)	454	0
HA|PP755589.1|A/cattle/Texas/24-008749-003/2024(H5N1)	455	0
HA|PP755589.1|A/cattle/Texas/24-008749-003/2024(H5N1)	456	0
HA|PP755589.1|A/cattle/Texas/24-008749-003/2024(H5N1)	457	0
HA|PP755589.1|A/cattle/Texas/24-008749-003/2024(H5N1)	458	0
HA|PP755589.1|A/cattle/Texas/24-008749-003/2024(H5N1)	459	0
HA|PP755589.1|A/cattle/Texas/24-008749-003/2024(H5N1)	460	0
HA|PP755589.1|A/cattle/Texas/24-008749-003/2024(H5N1)	461	0
HA|PP755589.1|A/cattle/Texas/24-008749-003/2024(H5N1)	462	0
HA|PP755589.1|A/cattle/Texas/24-008749-003/2024(H5N1)	463	0
HA|PP755589.1|A/cattle/Texas/24-008749-003/2024(H5N1)	464	0
HA|PP755589.1|A/cattle/Texas/24-008749-003/2024(H5N1)	465	0
HA|PP755589.1|A/cattle/Texas/24-008749-003/2024(H5N1)	466	0
HA|PP755589.1|A/cattle/Texas/24-008749-003/2024(H5N1)	467	0
HA|PP755589.1|A/cattle/Texas/24-008749-003/2024(H5N1)	468	0
HA|PP755589.1|A/cattle/Texas/24-008749-003/2024(H5N1)	469	0
HA|PP755589.1|A/cattle/Texas/24-008749-003/2024(H5N1)	470	0
HA|PP755589.1|A/cattle/Texas/24-008749-003/2024(H5N1)	471	0
HA|PP755589.1|A/cattle/Texas/24-008749-003/2024(H5N1)	472	35
HA|PP755589.1|A/cattle/Texas/24-008749-003/2024(H5N1)	473	35
HA|PP755589.1|A/cattle/Texas/24-008749-003/2024(H5N1)	474	35
HA|PP755589.1|A/cattle/Texas/24-008749-003/2024(H5N1)	475	35
HA|PP755589.1|A/cattle/Texas/24-008749-003/2024(H5N1)	476	35
HA|PP755589.1|A/cattle/Texas/24-008749-003/2024(H5N1)	477	35
HA|PP755589.1|A/cattle/Texas/24-008749-003/2024(H5N1)	478	35
HA|PP755589.1|A/cattle/Texas/24-008749-003/2024(H5N1)	479	35
HA|PP755589.1|A/cattle/Texas/24-008749-003/2024(H5N1)	480	35
HA|PP755589.1|A/cattle/Texas/24-008749-003/2024(H5N1)	481	35
HA|PP755589.1|A/cattle/Texas/24-008749-003/2024(H5N1)	482	35
HA|PP755589.1|A/cattle/Texas/24-008749-003/2024(H5N1)	483	35
HA|PP755589.1|A/cattle/Texas/24-008749-003/2024(H5N1)	484	36
HA|PP755589.1|A/cattle/Texas/24-008749-003/2024(H5N1)	485	36
HA|PP755589.1|A/cattle/Texas/24-008749-003/2024(H5N1)	486	36
HA|PP755589.1|A/cattle/Texas/24-008749-003/2024(H5N1)	487	37
HA|PP755589.1|A/cattle/Texas/24-008749-003/2024(H5N1)	488	37
HA|PP755589.1|A/cattle/Texas/24-008749-003/2024(H5N1)	489	37
HA|PP755589.1|A/cattle/Texas/24-008749-003/2024(H5N1)	490	37
HA|PP755589.1|A/cattle/Texas/24-008749-003/2024(H5N1)	491	37
HA|PP755589.1|A/cattle/Texas/24-008749-003/2024(H5N1)	492	37
HA|PP755589.1|A/cattle/Texas/24-008749-003/2024(H5N1)	493	37
HA|PP755589.1|A/cattle/Texas/24-008749-003/2024(H5N1)	494	37
HA|PP755589.1|A/cattle/Texas/24-008749-003/2024(H5N1)	495	37
HA|PP755589.1|A/cattle/Texas/24-008749-003/2024(H5N1)	496	25
HA|PP755589.1|A/cattle/Texas/24-008749-003/2024(H5N1)	497	25
HA|PP755589.1|A/cattle/Texas/24-008749-003/2024(H5N1)	498	25
HA|PP755589.1|A/cattle/Texas/24-008749-003/2024(H5N1)	499	27
HA|PP755589.1|A/cattle/Texas/24-008749-003/2024(H5N1)	500	27
HA|PP755589.1|A/cattle/Texas/24-008749-003/2024(H5N1)	501	27
HA|PP755589.1|A/cattle/Texas/24-008749-003/2024(H5N1)	502	27
HA|PP755589.1|A/cattle/Texas/24-008749-003/2024(H5N1)	503	27
HA|PP755589.1|A/cattle/Texas/24-008749-003/2024(H5N1)	504	27
HA|PP755589.1|A/cattle/Texas/24-008749-003/2024(H5N1)	505	27
HA|PP755589.1|A/cattle/Texas/24-008749-003/2024(H5N1)	506	27
HA|PP755589.1|A/cattle/Texas/24-008749-003/2024(H5N1)	507	27
HA|PP755589.1|A/cattle/Texas/24-008749-003/2024(H5N1)	508	27
HA|PP755589.1|A/cattle/Texas/24-008749-003/2024(H5N1)	509	27
HA|PP755589.1|A/cattle/Texas/24-008749-003/2024(H5N1)	510	27
HA|PP755589.1|A/cattle/Texas/24-008749-003/2024(H5N1)	511	27
HA|PP755589.1|A/cattle/Texas/24-008749-003/2024(H5N1)	512	27
HA|PP755589.1|A/cattle/Texas/24-008749-003/2024(H5N1)	513	27
HA|PP755589.1|A/cattle/Texas/24-008749-003/2024(H5N1)	514	27
HA|PP755589.1|A/cattle/Texas/24-008749-003/2024(H5N1)	515	27
HA|PP755589.1|A/cattle/Texas/24-008749-003/2024(H5N1)	516	27
HA|PP755589.1|A/cattle/Texas/24-008749-003/2024(H5N1)	517	27
HA|PP755589.1|A/cattle/Texas/24-008749-003/2024(H5N1)	518	27
HA|PP755589.1|A/cattle/Texas/24-008749-003/2024(H5N1)	519	27
HA|PP755589.1|A/cattle/Texas/24-008749-003/2024(H5N1)	520	27
HA|PP755589.1|A/cattle/Texas/24-008749-003/2024(H5N1)	521	27
HA|PP755589.1|A/cattle/Texas/24-008749-003/2024(H5N1)	522	26
HA|PP755589.1|A/cattle/Texas/24-008749-003/2024(H5N1)	523	26
HA|PP755589.1|A/cattle/Texas/24-008749-003/2024(H5N1)	524	26
HA|PP755589.1|A/cattle/Texas/24-008749-003/2024(H5N1)	525	26
HA|PP755589.1|A/cattle/Texas/24-008749-003/2024(H5N1)	526	26
HA|PP755589.1|A/cattle/Texas/24-008749-003/2024(H5N1)	527	26
HA|PP755589.1|A/cattle/Texas/24-008749-003/2024(H5N1)	528	26
HA|PP755589.1|A/cattle/Texas/24-008749-003/2024(H5N1)	529	26
HA|PP755589.1|A/cattle/Texas/24-008749-003/2024(H5N1)	530	24
HA|PP755589.1|A/cattle/Texas/24-008749-003/2024(H5N1)	531	24
HA|PP755589.1|A/cattle/Texas/24-008749-003/2024(H5N1)	532	24
HA|PP755589.1|A/cattle/Texas/24-008749-003/2024(H5N1)	533	0
HA|PP755589.1|A/cattle/Texas/24-008749-003/2024(H5N1)	534	0
HA|PP755589.1|A/cattle/Texas/24-008749-003/2024(H5N1)	535	0
HA|PP755589.1|A/cattle/Texas/24-008749-003/2024(H5N1)	536	0
HA|PP755589.1|A/cattle/Texas/24-008749-003/2024(H5N1)	537	0
HA|PP755589.1|A/cattle/Texas/24-008749-003/2024(H5N1)	538	0
HA|PP755589.1|A/cattle/Texas/24-008749-003/2024(H5N1)	539	0
HA|PP755589.1|A/cattle/Texas/24-008749-003/2024(H5N1)	540	0
HA|PP755589.1|A/cattle/Texas/24-008749-003/2024(H5N1)	541	0
HA|PP755589.1|A/cattle/Texas/24-008749-003/2024(H5N1)	542	0
HA|PP755589.1|A/cattle/Texas/24-008749-003/2024(H5N1)	543	0
HA|PP755589.1|A/cattle/Texas/24-008749-003/2024(H5N1)	544	0
HA|PP755589.1|A/cattle/Texas/24-008749-003/2024(H5N1)	545	0
HA|PP755589.1|A/cattle/Texas/24-008749-003/2024(H5N1)	546	0
HA|PP755589.1|A/cattle/Texas/24-008749-003/2024(H5N1)	547	0
HA|PP755589.1|A/cattle/Texas/24-008749-003/2024(H5N1)	548	0
HA|PP755589.1|A/cattle/Texas/24-008749-003/2024(H5N1)	549	0
HA|PP755589.1|A/cattle/Texas/24-008749-003/2024(H5N1)	550	0
HA|PP755589.1|A/cattle/Texas/24-008749-003/2024(H5N1)	551	0
HA|PP755589.1|A/cattle/Texas/24-008749-003/2024(H5N1)	552	0
HA|PP755589.1|A/cattle/Texas/24-008749-003/2024(H5N1)	553	0
HA|PP755589.1|A/cattle/Texas/24-008749-003/2024(H5N1)	554	0
HA|PP755589.1|A/cattle/Texas/24-008749-003/2024(H5N1)	555	0
HA|PP755589.1|A/cattle/Texas/24-008749-003/2024(H5N1)	556	0
HA|PP755589.1|A/cattle/Texas/24-008749-003/2024(H5N1)	557	0
HA|PP755589.1|A/cattle/Texas/24-008749-003/2024(H5N1)	558	0
HA|PP755589.1|A/cattle/Texas/24-008749-003/2024(H5N1)	559	0
HA|PP755589.1|A/cattle/Texas/24-008749-003/2024(H5N1)	560	0
HA|PP755589.1|A/cattle/Texas/24-008749-003/2024(H5N1)	561	0
HA|PP755589.1|A/cattle/Texas/24-008749-003/2024(H5N1)	562	0
HA|PP755589.1|A/cattle/Texas/24-008749-003/2024(H5N1)	563	0
HA|PP755589.1|A/cattle/Texas/24-008749-003/2024(H5N1)	564	0
HA|PP755589.1|A/cattle/Texas/24-008749-003/2024(H5N1)	565	0
HA|PP755589.1|A/cattle/Texas/24-008749-003/2024(H5N1)	566	0
HA|PP755589.1|A/cattle/Texas/24-008749-003/2024(H5N1)	567	0
HA|PP755589.1|A/cattle/Texas/24-008749-003/2024(H5N1)	568	0
HA|PP755589.1|A/cattle/Texas/24-008749-003/2024(H5N1)	569	0
HA|PP755589.1|A/cattle/Texas/24-008749-003/2024(H5N1)	570	0
HA|PP755589.1|A/cattle/Texas/24-008749-003/2024(H5N1)	571	0
HA|PP755589.1|A/cattle/Texas/24-008749-003/2024(H5N1)	572	0
HA|PP755589.1|A/cattle/Texas/24-008749-003/2024(H5N1)	573	0
HA|PP755589.1|A/cattle/Texas/24-008749-003/2024(H5N1)	574	0
HA|PP755589.1|A/cattle/Texas/24-008749-003/2024(H5N1)	575	0
HA|PP755589.1|A/cattle/Texas/24-008749-003/2024(H5N1)	576	0
HA|PP755589.1|A/cattle/Texas/24-008749-003/2024(H5N1)	577	0
HA|PP755589.1|A/cattle/Texas/24-008749-003/2024(H5N1)	578	0
HA|PP755589.1|A/cattle/Texas/24-008749-003/2024(H5N1)	579	0
HA|PP755589.1|A/cattle/Texas/24-008749-003/2024(H5N1)	580	0
HA|PP755589.1|A/cattle/Texas/24-008749-003/2024(H5N1)	581	0
HA|PP755589.1|A/cattle/Texas/24-008749-003/2024(H5N1)	582	0
HA|PP755589.1|A/cattle/Texas/24-008749-003/2024(H5N1)	583	0
HA|PP755589.1|A/cattle/Texas/24-008749-003/2024(H5N1)	584	0
HA|PP755589.1|A/cattle/Texas/24-008749-003/2024(H5N1)	585	0
HA|PP755589.1|A/cattle/Texas/24-008749-003/2024(H5N1)	586	0
HA|PP755589.1|A/cattle/Texas/24-008749-003/2024(H5N1)	587	0
HA|PP755589.1|A/cattle/Texas/24-008749-003/2024(H5N1)	588	0
HA|PP755589.1|A/cattle/Texas/24-008749-003/2024(H5N1)	589	0
HA|PP755589.1|A/cattle/Texas/24-008749-003/2024(H5N1)	590	0
HA|PP755589.1|A/cattle/Texas/24-008749-003/2024(H5N1)	591	0
HA|PP755589.1|A/cattle/Texas/24-008749-003/2024(H5N1)	592	0
HA|PP755589.1|A/cattle/Texas/24-008749-003/2024(H5N1)	593	0
HA|PP755589.1|A/cattle/Texas/24-008749-003/2024(H5N1)	594	0
HA|PP755589.1|A/cattle/Texas/24-008749-003/2024(H5N1)	595	0
HA|PP755589.1|A/cattle/Texas/24-008749-003/2024(H5N1)	596	0
HA|PP755589.1|A/cattle/Texas/24-008749-003/2024(H5N1)	597	0
HA|PP755589.1|A/cattle/Texas/24-008749-003/2024(H5N1)	598	0
HA|PP755589.1|A/cattle/Texas/24-008749-003/2024(H5N1)	599	0
HA|PP755589.1|A/cattle/Texas/24-008749-003/2024(H5N1)	600	0
HA|PP755589.1|A/cattle/Texas/24-008749-003/2024(H5N1)	601	0
HA|PP755589.1|A/cattle/Texas/24-008749-003/2024(H5N1)	602	0
HA|PP755589.1|A/cattle/Texas/24-008749-003/2024(H5N1)	603	0
HA|PP755589.1|A/cattle/Texas/24-008749-003/2024(H5N1)	604	0
HA|PP755589.1|A/cattle/Texas/24-008749-003/2024(H5N1)	605	0
HA|PP755589.1|A/cattle/Texas/24-008749-003/2024(H5N1)	606	0
HA|PP755589.1|A/cattle/Texas/24-008749-003/2024(H5N1)	607	0
HA|PP755589.1|A/cattle/Texas/24-008749-003/2024(H5N1)	608	0
HA|PP755589.1|A/cattle/Texas/24-008749-003/2024(H5N1)	609	0
HA|PP755589.1|A/cattle/Texas/24-008749-003/2024(H5N1)	610	0
HA|PP755589.1|A/cattle/Texas/24-008749-003/2024(H5N1)	611	0
HA|PP755589.1|A/cattle/Texas/24-008749-003/2024(H5N1)	612	0
HA|PP755589.1|A/cattle/Texas/24-008749-003/2024(H5N1)	613	0
HA|PP755589.1|A/cattle/Texas/24-008749-003/2024(H5N1)	614	0
HA|PP755589.1|A/cattle/Texas/24-008749-003/2024(H5N1)	615	0
HA|PP755589.1|A/cattle/Texas/24-008749-003/2024(H5N1)	616	0
HA|PP755589.1|A/cattle/Texas/24-008749-003/2024(H5N1)	617	0
HA|PP755589.1|A/cattle/Texas/24-008749-003/2024(H5N1)	618	0
HA|PP755589.1|A/cattle/Texas/24-008749-003/2024(H5N1)	619	0
HA|PP755589.1|A/cattle/Texas/24-008749-003/2024(H5N1)	620	0
HA|PP755589.1|A/cattle/Texas/24-008749-003/2024(H5N1)	621	0
HA|PP755589.1|A/cattle/Texas/24-008749-003/2024(H5N1)	622	0
HA|PP755589.1|A/cattle/Texas/24-008749-003/2024(H5N1)	623	0
HA|PP755589.1|A/cattle/Texas/24-008749-003/2024(H5N1)	624	0
HA|PP755589.1|A/cattle/Texas/24-008749-003/2024(H5N1)	625	0
HA|PP755589.1|A/cattle/Texas/24-008749-003/2024(H5N1)	626	0
HA|PP755589.1|A/cattle/Texas/24-008749-003/2024(H5N1)	627	0
HA|PP755589.1|A/cattle/Texas/24-008749-003/2024(H5N1)	628	0
HA|PP755589.1|A/cattle/Texas/24-008749-003/2024(H5N1)	629	0
HA|PP755589.1|A/cattle/Texas/24-008749-003/2024(H5N1)	630	0
HA|PP755589.1|A/cattle/Texas/24-008749-003/2024(H5N1)	631	0
HA|PP755589.1|A/cattle/Texas/24-008749-003/2024(H5N1)	632	0
HA|PP755589.1|A/cattle/Texas/24-008749-003/2024(H5N1)	633	0
HA|PP755589.1|A/cattle/Texas/24-008749-003/2024(H5N1)	634	0
HA|PP755589.1|A/cattle/Texas/24-008749-003/2024(H5N1)	635	0
HA|PP755589.1|A/cattle/Texas/24-008749-003/2024(H5N1)	636	0
HA|PP755589.1|A/cattle/Texas/24-008749-003/2024(H5N1)	637	0
HA|PP755589.1|A/cattle/Texas/24-008749-003/2024(H5N1)	638	0
HA|PP755589.1|A/cattle/Texas/24-008749-003/2024(H5N1)	639	0
HA|PP755589.1|A/cattle/Texas/24-008749-003/2024(H5N1)	640	0
HA|PP755589.1|A/cattle/Texas/24-008749-003/2024(H5N1)	641	0
HA|PP755589.1|A/cattle/Texas/24-008749-003/2024(H5N1)	642	0
HA|PP755589.1|A/cattle/Texas/24-008749-003/2024(H5N1)	643	0
HA|PP755589.1|A/cattle/Texas/24-008749-003/2024(H5N1)	644	0
HA|PP755589.1|A/cattle/Texas/24-008749-003/2024(H5N1)	645	0
HA|PP755589.1|A/cattle/Texas/24-008749-003/2024(H5N1)	646	0
HA|PP755589.1|A/cattle/Texas/24-008749-003/2024(H5N1)	647	0
HA|PP755589.1|A/cattle/Texas/24-008749-003/2024(H5N1)	648	0
HA|PP755589.1|A/cattle/Texas/24-008749-003/2024(H5N1)	649	0
HA|PP755589.1|A/cattle/Texas/24-008749-003/2024(H5N1)	650	0
HA|PP755589.1|A/cattle/Texas/24-008749-003/2024(H5N1)	651	0
HA|PP755589.1|A/cattle/Texas/24-008749-003/2024(H5N1)	652	0
HA|PP755589.1|A/cattle/Texas/24-008749-003/2024(H5N1)	653	0
HA|PP755589.1|A/cattle/Texas/24-008749-003/2024(H5N1)	654	0
HA|PP755589.1|A/cattle/Texas/24-008749-003/2024(H5N1)	655	0
HA|PP755589.1|A/cattle/Texas/24-008749-003/2024(H5N1)	656	0
HA|PP755589.1|A/cattle/Texas/24-008749-003/2024(H5N1)	657	0
HA|PP755589.1|A/cattle/Texas/24-008749-003/2024(H5N1)	658	0
HA|PP755589.1|A/cattle/Texas/24-008749-003/2024(H5N1)	659	0
HA|PP755589.1|A/cattle/Texas/24-008749-003/2024(H5N1)	660	0
HA|PP755589.1|A/cattle/Texas/24-008749-003/2024(H5N1)	661	0
HA|PP755589.1|A/cattle/Texas/24-008749-003/2024(H5N1)	662	0
HA|PP755589.1|A/cattle/Texas/24-008749-003/2024(H5N1)	663	0
HA|PP755589.1|A/cattle/Texas/24-008749-003/2024(H5N1)	664	0
HA|PP755589.1|A/cattle/Texas/24-008749-003/2024(H5N1)	665	0
HA|PP755589.1|A/cattle/Texas/24-008749-003/2024(H5N1)	666	0
HA|PP755589.1|A/cattle/Texas/24-008749-003/2024(H5N1)	667	0
HA|PP755589.1|A/cattle/Texas/24-008749-003/2024(H5N1)	668	0
HA|PP755589.1|A/cattle/Texas/24-008749-003/2024(H5N1)	669	0
HA|PP755589.1|A/cattle/Texas/24-008749-003/2024(H5N1)	670	0
HA|PP755589.1|A/cattle/Texas/24-008749-003/2024(H5N1)	671	0
HA|PP755589.1|A/cattle/Texas/24-008749-003/2024(H5N1)	672	0
HA|PP755589.1|A/cattle/Texas/24-008749-003/2024(H5N1)	673	0
HA|PP755589.1|A/cattle/Texas/24-008749-003/2024(H5N1)	674	0
HA|PP755589.1|A/cattle/Texas/24-008749-003/2024(H5N1)	675	0
HA|PP755589.1|A/cattle/Texas/24-008749-003/2024(H5N1)	676	0
HA|PP755589.1|A/cattle/Texas/24-008749-003/2024(H5N1)	677	0
HA|PP755589.1|A/cattle/Texas/24-008749-003/2024(H5N1)	678	0
HA|PP755589.1|A/cattle/Texas/24-008749-003/2024(H5N1)	679	0
HA|PP755589.1|A/cattle/Texas/24-008749-003/2024(H5N1)	680	0
HA|PP755589.1|A/cattle/Texas/24-008749-003/2024(H5N1)	681	0
HA|PP755589.1|A/cattle/Texas/24-008749-003/2024(H5N1)	682	0
HA|PP755589.1|A/cattle/Texas/24-008749-003/2024(H5N1)	683	84
HA|PP755589.1|A/cattle/Texas/24-008749-003/2024(H5N1)	684	84
HA|PP755589.1|A/cattle/Texas/24-008749-003/2024(H5N1)	685	84
HA|PP755589.1|A/cattle/Texas/24-008749-003/2024(H5N1)	686	84
HA|PP755589.1|A/cattle/Texas/24-008749-003/2024(H5N1)	687	84
HA|PP755589.1|A/cattle/Texas/24-008749-003/2024(H5N1)	688	84
HA|PP755589.1|A/cattle/Texas/24-008749-003/2024(H5N1)	689	84
HA|PP755589.1|A/cattle/Texas/24-008749-003/2024(H5N1)	690	84
HA|PP755589.1|A/cattle/Texas/24-008749-003/2024(H5N1)	691	84
HA|PP755589.1|A/cattle/Texas/24-008749-003/2024(H5N1)	692	84
HA|PP755589.1|A/cattle/Texas/24-008749-003/2024(H5N1)	693	84
HA|PP755589.1|A/cattle/Texas/24-008749-003/2024(H5N1)	694	84
HA|PP755589.1|A/cattle/Texas/24-008749-003/2024(H5N1)	695	84
HA|PP755589.1|A/cattle/Texas/24-008749-003/2024(H5N1)	696	84
HA|PP755589.1|A/cattle/Texas/24-008749-003/2024(H5N1)	697	84
HA|PP755589.1|A/cattle/Texas/24-008749-003/2024(H5N1)	698	85
HA|PP755589.1|A/cattle/Texas/24-008749-003/2024(H5N1)	699	85
HA|PP755589.1|A/cattle/Texas/24-008749-003/2024(H5N1)	700	85
HA|PP755589.1|A/cattle/Texas/24-008749-003/2024(H5N1)	701	93
HA|PP755589.1|A/cattle/Texas/24-008749-003/2024(H5N1)	702	94
HA|PP755589.1|A/cattle/Texas/24-008749-003/2024(H5N1)	703	94
HA|PP755589.1|A/cattle/Texas/24-008749-003/2024(H5N1)	704	94
HA|PP755589.1|A/cattle/Texas/24-008749-003/2024(H5N1)	705	94
HA|PP755589.1|A/cattle/Texas/24-008749-003/2024(H5N1)	706	94
HA|PP755589.1|A/cattle/Texas/24-008749-003/2024(H5N1)	707	94
HA|PP755589.1|A/cattle/Texas/24-008749-003/2024(H5N1)	708	94
HA|PP755589.1|A/cattle/Texas/24-008749-003/2024(H5N1)	709	94
HA|PP755589.1|A/cattle/Texas/24-008749-003/2024(H5N1)	710	94
HA|PP755589.1|A/cattle/Texas/24-008749-003/2024(H5N1)	711	94
HA|PP755589.1|A/cattle/Texas/24-008749-003/2024(H5N1)	712	94
HA|PP755589.1|A/cattle/Texas/24-008749-003/2024(H5N1)	713	94
HA|PP755589.1|A/cattle/Texas/24-008749-003/2024(H5N1)	714	94
HA|PP755589.1|A/cattle/Texas/24-008749-003/2024(H5N1)	715	94
HA|PP755589.1|A/cattle/Texas/24-008749-003/2024(H5N1)	716	94
HA|PP755589.1|A/cattle/Texas/24-008749-003/2024(H5N1)	717	94
HA|PP755589.1|A/cattle/Texas/24-008749-003/2024(H5N1)	718	94
HA|PP755589.1|A/cattle/Texas/24-008749-003/2024(H5N1)	719	94
HA|PP755589.1|A/cattle/Texas/24-008749-003/2024(H5N1)	720	94
HA|PP755589.1|A/cattle/Texas/24-008749-003/2024(H5N1)	721	94
HA|PP755589.1|A/cattle/Texas/24-008749-003/2024(H5N1)	722	93
HA|PP755589.1|A/cattle/Texas/24-008749-003/2024(H5N1)	723	93
HA|PP755589.1|A/cattle/Texas/24-008749-003/2024(H5N1)	724	93
HA|PP755589.1|A/cattle/Texas/24-008749-003/2024(H5N1)	725	93
HA|PP755589.1|A/cattle/Texas/24-008749-003/2024(H5N1)	726	92
HA|PP755589.1|A/cattle/Texas/24-008749-003/2024(H5N1)	727	92
HA|PP755589.1|A/cattle/Texas/24-008749-003/2024(H5N1)	728	91
HA|PP755589.1|A/cattle/Texas/24-008749-003/2024(H5N1)	729	71
HA|PP755589.1|A/cattle/Texas/24-008749-003/2024(H5N1)	730	71
HA|PP755589.1|A/cattle/Texas/24-008749-003/2024(H5N1)	731	71
HA|PP755589.1|A/cattle/Texas/24-008749-003/2024(H5N1)	732	71
HA|PP755589.1|A/cattle/Texas/24-008749-003/2024(H5N1)	733	71
HA|PP755589.1|A/cattle/Texas/24-008749-003/2024(H5N1)	734	71
HA|PP755589.1|A/cattle/Texas/24-008749-003/2024(H5N1)	735	71
HA|PP755589.1|A/cattle/Texas/24-008749-003/2024(H5N1)	736	71
HA|PP755589.1|A/cattle/Texas/24-008749-003/2024(H5N1)	737	71
HA|PP755589.1|A/cattle/Texas/24-008749-003/2024(H5N1)	738	71
HA|PP755589.1|A/cattle/Texas/24-008749-003/2024(H5N1)	739	71
HA|PP755589.1|A/cattle/Texas/24-008749-003/2024(H5N1)	740	71
HA|PP755589.1|A/cattle/Texas/24-008749-003/2024(H5N1)	741	70
HA|PP755589.1|A/cattle/Texas/24-008749-003/2024(H5N1)	742	69
HA|PP755589.1|A/cattle/Texas/24-008749-003/2024(H5N1)	743	68
HA|PP755589.1|A/cattle/Texas/24-008749-003/2024(H5N1)	744	0
HA|PP755589.1|A/cattle/Texas/24-008749-003/2024(H5N1)	745	0
HA|PP755589.1|A/cattle/Texas/24-008749-003/2024(H5N1)	746	0
HA|PP755589.1|A/cattle/Texas/24-008749-003/2024(H5N1)	747	0
HA|PP755589.1|A/cattle/Texas/24-008749-003/2024(H5N1)	748	0
HA|PP755589.1|A/cattle/Texas/24-008749-003/2024(H5N1)	749	0
HA|PP755589.1|A/cattle/Texas/24-008749-003/2024(H5N1)	750	0
HA|PP755589.1|A/cattle/Texas/24-008749-003/2024(H5N1)	751	0
HA|PP755589.1|A/cattle/Texas/24-008749-003/2024(H5N1)	752	0
HA|PP755589.1|A/cattle/Texas/24-008749-003/2024(H5N1)	753	0
HA|PP755589.1|A/cattle/Texas/24-008749-003/2024(H5N1)	754	0
HA|PP755589.1|A/cattle/Texas/24-008749-003/2024(H5N1)	755	0
HA|PP755589.1|A/cattle/Texas/24-008749-003/2024(H5N1)	756	0
HA|PP755589.1|A/cattle/Texas/24-008749-003/2024(H5N1)	757	0
HA|PP755589.1|A/cattle/Texas/24-008749-003/2024(H5N1)	758	0
HA|PP755589.1|A/cattle/Texas/24-008749-003/2024(H5N1)	759	0
HA|PP755589.1|A/cattle/Texas/24-008749-003/2024(H5N1)	760	0
HA|PP755589.1|A/cattle/Texas/24-008749-003/2024(H5N1)	761	0
HA|PP755589.1|A/cattle/Texas/24-008749-003/2024(H5N1)	762	0
HA|PP755589.1|A/cattle/Texas/24-008749-003/2024(H5N1)	763	0
HA|PP755589.1|A/cattle/Texas/24-008749-003/2024(H5N1)	764	0
HA|PP755589.1|A/cattle/Texas/24-008749-003/2024(H5N1)	765	0
HA|PP755589.1|A/cattle/Texas/24-008749-003/2024(H5N1)	766	0
HA|PP755589.1|A/cattle/Texas/24-008749-003/2024(H5N1)	767	0
HA|PP755589.1|A/cattle/Texas/24-008749-003/2024(H5N1)	768	0
HA|PP755589.1|A/cattle/Texas/24-008749-003/2024(H5N1)	769	0
HA|PP755589.1|A/cattle/Texas/24-008749-003/2024(H5N1)	770	0
HA|PP755589.1|A/cattle/Texas/24-008749-003/2024(H5N1)	771	0
HA|PP755589.1|A/cattle/Texas/24-008749-003/2024(H5N1)	772	0
HA|PP755589.1|A/cattle/Texas/24-008749-003/2024(H5N1)	773	0
HA|PP755589.1|A/cattle/Texas/24-008749-003/2024(H5N1)	774	0
HA|PP755589.1|A/cattle/Texas/24-008749-003/2024(H5N1)	775	0
HA|PP755589.1|A/cattle/Texas/24-008749-003/2024(H5N1)	776	0
HA|PP755589.1|A/cattle/Texas/24-008749-003/2024(H5N1)	777	0
HA|PP755589.1|A/cattle/Texas/24-008749-003/2024(H5N1)	778	0
HA|PP755589.1|A/cattle/Texas/24-008749-003/2024(H5N1)	779	0
HA|PP755589.1|A/cattle/Texas/24-008749-003/2024(H5N1)	780	0
HA|PP755589.1|A/cattle/Texas/24-008749-003/2024(H5N1)	781	0
HA|PP755589.1|A/cattle/Texas/24-008749-003/2024(H5N1)	782	0
HA|PP755589.1|A/cattle/Texas/24-008749-003/2024(H5N1)	783	0
HA|PP755589.1|A/cattle/Texas/24-008749-003/2024(H5N1)	784	0
HA|PP755589.1|A/cattle/Texas/24-008749-003/2024(H5N1)	785	0
HA|PP755589.1|A/cattle/Texas/24-008749-003/2024(H5N1)	786	0
HA|PP755589.1|A/cattle/Texas/24-008749-003/2024(H5N1)	787	0
HA|PP755589.1|A/cattle/Texas/24-008749-003/2024(H5N1)	788	0
HA|PP755589.1|A/cattle/Texas/24-008749-003/2024(H5N1)	789	0
HA|PP755589.1|A/cattle/Texas/24-008749-003/2024(H5N1)	790	0
HA|PP755589.1|A/cattle/Texas/24-008749-003/2024(H5N1)	791	0
HA|PP755589.1|A/cattle/Texas/24-008749-003/2024(H5N1)	792	0
HA|PP755589.1|A/cattle/Texas/24-008749-003/2024(H5N1)	793	1
HA|PP755589.1|A/cattle/Texas/24-008749-003/2024(H5N1)	794	1
HA|PP755589.1|A/cattle/Texas/24-008749-003/2024(H5N1)	795	1
HA|PP755589.1|A/cattle/Texas/24-008749-003/2024(H5N1)	796	3
HA|PP755589.1|A/cattle/Texas/24-008749-003/2024(H5N1)	797	4
HA|PP755589.1|A/cattle/Texas/24-008749-003/2024(H5N1)	798	4
HA|PP755589.1|A/cattle/Texas/24-008749-003/2024(H5N1)	799	207
HA|PP755589.1|A/cattle/Texas/24-008749-003/2024(H5N1)	800	222
HA|PP755589.1|A/cattle/Texas/24-008749-003/2024(H5N1)	801	222
HA|PP755589.1|A/cattle/Texas/24-008749-003/2024(H5N1)	802	222
HA|PP755589.1|A/cattle/Texas/24-008749-003/2024(H5N1)	803	222
HA|PP755589.1|A/cattle/Texas/24-008749-003/2024(H5N1)	804	222
HA|PP755589.1|A/cattle/Texas/24-008749-003/2024(H5N1)	805	222
HA|PP755589.1|A/cattle/Texas/24-008749-003/2024(H5N1)	806	222
HA|PP755589.1|A/cattle/Texas/24-008749-003/2024(H5N1)	807	222
HA|PP755589.1|A/cattle/Texas/24-008749-003/2024(H5N1)	808	222
HA|PP755589.1|A/cattle/Texas/24-008749-003/2024(H5N1)	809	222
HA|PP755589.1|A/cattle/Texas/24-008749-003/2024(H5N1)	810	222
HA|PP755589.1|A/cattle/Texas/24-008749-003/2024(H5N1)	811	222
HA|PP755589.1|A/cattle/Texas/24-008749-003/2024(H5N1)	812	222
HA|PP755589.1|A/cattle/Texas/24-008749-003/2024(H5N1)	813	222
HA|PP755589.1|A/cattle/Texas/24-008749-003/2024(H5N1)	814	222
HA|PP755589.1|A/cattle/Texas/24-008749-003/2024(H5N1)	815	222
HA|PP755589.1|A/cattle/Texas/24-008749-003/2024(H5N1)	816	222
HA|PP755589.1|A/cattle/Texas/24-008749-003/2024(H5N1)	817	222
HA|PP755589.1|A/cattle/Texas/24-008749-003/2024(H5N1)	818	222
HA|PP755589.1|A/cattle/Texas/24-008749-003/2024(H5N1)	819	220
HA|PP755589.1|A/cattle/Texas/24-008749-003/2024(H5N1)	820	219
HA|PP755589.1|A/cattle/Texas/24-008749-003/2024(H5N1)	821	219
HA|PP755589.1|A/cattle/Texas/24-008749-003/2024(H5N1)	822	219
HA|PP755589.1|A/cattle/Texas/24-008749-003/2024(H5N1)	823	219
HA|PP755589.1|A/cattle/Texas/24-008749-003/2024(H5N1)	824	219
HA|PP755589.1|A/cattle/Texas/24-008749-003/2024(H5N1)	825	218
HA|PP755589.1|A/cattle/Texas/24-008749-003/2024(H5N1)	826	218
HA|PP755589.1|A/cattle/Texas/24-008749-003/2024(H5N1)	827	214
HA|PP755589.1|A/cattle/Texas/24-008749-003/2024(H5N1)	828	1
HA|PP755589.1|A/cattle/Texas/24-008749-003/2024(H5N1)	829	1
HA|PP755589.1|A/cattle/Texas/24-008749-003/2024(H5N1)	830	0
HA|PP755589.1|A/cattle/Texas/24-008749-003/2024(H5N1)	831	0
HA|PP755589.1|A/cattle/Texas/24-008749-003/2024(H5N1)	832	0
HA|PP755589.1|A/cattle/Texas/24-008749-003/2024(H5N1)	833	0
HA|PP755589.1|A/cattle/Texas/24-008749-003/2024(H5N1)	834	0
HA|PP755589.1|A/cattle/Texas/24-008749-003/2024(H5N1)	835	0
HA|PP755589.1|A/cattle/Texas/24-008749-003/2024(H5N1)	836	0
HA|PP755589.1|A/cattle/Texas/24-008749-003/2024(H5N1)	837	0
HA|PP755589.1|A/cattle/Texas/24-008749-003/2024(H5N1)	838	0
HA|PP755589.1|A/cattle/Texas/24-008749-003/2024(H5N1)	839	0
HA|PP755589.1|A/cattle/Texas/24-008749-003/2024(H5N1)	840	0
HA|PP755589.1|A/cattle/Texas/24-008749-003/2024(H5N1)	841	0
HA|PP755589.1|A/cattle/Texas/24-008749-003/2024(H5N1)	842	0
HA|PP755589.1|A/cattle/Texas/24-008749-003/2024(H5N1)	843	0
HA|PP755589.1|A/cattle/Texas/24-008749-003/2024(H5N1)	844	0
HA|PP755589.1|A/cattle/Texas/24-008749-003/2024(H5N1)	845	0
HA|PP755589.1|A/cattle/Texas/24-008749-003/2024(H5N1)	846	0
HA|PP755589.1|A/cattle/Texas/24-008749-003/2024(H5N1)	847	0
HA|PP755589.1|A/cattle/Texas/24-008749-003/2024(H5N1)	848	0
HA|PP755589.1|A/cattle/Texas/24-008749-003/2024(H5N1)	849	0
HA|PP755589.1|A/cattle/Texas/24-008749-003/2024(H5N1)	850	0
HA|PP755589.1|A/cattle/Texas/24-008749-003/2024(H5N1)	851	0
HA|PP755589.1|A/cattle/Texas/24-008749-003/2024(H5N1)	852	0
HA|PP755589.1|A/cattle/Texas/24-008749-003/2024(H5N1)	853	0
HA|PP755589.1|A/cattle/Texas/24-008749-003/2024(H5N1)	854	0
HA|PP755589.1|A/cattle/Texas/24-008749-003/2024(H5N1)	855	0
HA|PP755589.1|A/cattle/Texas/24-008749-003/2024(H5N1)	856	0
HA|PP755589.1|A/cattle/Texas/24-008749-003/2024(H5N1)	857	0
HA|PP755589.1|A/cattle/Texas/24-008749-003/2024(H5N1)	858	0
HA|PP755589.1|A/cattle/Texas/24-008749-003/2024(H5N1)	859	0
HA|PP755589.1|A/cattle/Texas/24-008749-003/2024(H5N1)	860	0
HA|PP755589.1|A/cattle/Texas/24-008749-003/2024(H5N1)	861	0
HA|PP755589.1|A/cattle/Texas/24-008749-003/2024(H5N1)	862	0
HA|PP755589.1|A/cattle/Texas/24-008749-003/2024(H5N1)	863	0
HA|PP755589.1|A/cattle/Texas/24-008749-003/2024(H5N1)	864	0
HA|PP755589.1|A/cattle/Texas/24-008749-003/2024(H5N1)	865	0
HA|PP755589.1|A/cattle/Texas/24-008749-003/2024(H5N1)	866	0
HA|PP755589.1|A/cattle/Texas/24-008749-003/2024(H5N1)	867	0
HA|PP755589.1|A/cattle/Texas/24-008749-003/2024(H5N1)	868	0
HA|PP755589.1|A/cattle/Texas/24-008749-003/2024(H5N1)	869	0
HA|PP755589.1|A/cattle/Texas/24-008749-003/2024(H5N1)	870	0
HA|PP755589.1|A/cattle/Texas/24-008749-003/2024(H5N1)	871	0
HA|PP755589.1|A/cattle/Texas/24-008749-003/2024(H5N1)	872	117
HA|PP755589.1|A/cattle/Texas/24-008749-003/2024(H5N1)	873	119
HA|PP755589.1|A/cattle/Texas/24-008749-003/2024(H5N1)	874	119
HA|PP755589.1|A/cattle/Texas/24-008749-003/2024(H5N1)	875	120
HA|PP755589.1|A/cattle/Texas/24-008749-003/2024(H5N1)	876	120
HA|PP755589.1|A/cattle/Texas/24-008749-003/2024(H5N1)	877	120
HA|PP755589.1|A/cattle/Texas/24-008749-003/2024(H5N1)	878	120
HA|PP755589.1|A/cattle/Texas/24-008749-003/2024(H5N1)	879	122
HA|PP755589.1|A/cattle/Texas/24-008749-003/2024(H5N1)	880	132
HA|PP755589.1|A/cattle/Texas/24-008749-003/2024(H5N1)	881	132
HA|PP755589.1|A/cattle/Texas/24-008749-003/2024(H5N1)	882	133
HA|PP755589.1|A/cattle/Texas/24-008749-003/2024(H5N1)	883	133
HA|PP755589.1|A/cattle/Texas/24-008749-003/2024(H5N1)	884	133
HA|PP755589.1|A/cattle/Texas/24-008749-003/2024(H5N1)	885	133
HA|PP755589.1|A/cattle/Texas/24-008749-003/2024(H5N1)	886	145
HA|PP755589.1|A/cattle/Texas/24-008749-003/2024(H5N1)	887	146
HA|PP755589.1|A/cattle/Texas/24-008749-003/2024(H5N1)	888	147
HA|PP755589.1|A/cattle/Texas/24-008749-003/2024(H5N1)	889	148
HA|PP755589.1|A/cattle/Texas/24-008749-003/2024(H5N1)	890	148
HA|PP755589.1|A/cattle/Texas/24-008749-003/2024(H5N1)	891	148
HA|PP755589.1|A/cattle/Texas/24-008749-003/2024(H5N1)	892	148
HA|PP755589.1|A/cattle/Texas/24-008749-003/2024(H5N1)	893	148
HA|PP755589.1|A/cattle/Texas/24-008749-003/2024(H5N1)	894	148
HA|PP755589.1|A/cattle/Texas/24-008749-003/2024(H5N1)	895	148
HA|PP755589.1|A/cattle/Texas/24-008749-003/2024(H5N1)	896	148
HA|PP755589.1|A/cattle/Texas/24-008749-003/2024(H5N1)	897	148
HA|PP755589.1|A/cattle/Texas/24-008749-003/2024(H5N1)	898	151
HA|PP755589.1|A/cattle/Texas/24-008749-003/2024(H5N1)	899	151
HA|PP755589.1|A/cattle/Texas/24-008749-003/2024(H5N1)	900	152
HA|PP755589.1|A/cattle/Texas/24-008749-003/2024(H5N1)	901	154
HA|PP755589.1|A/cattle/Texas/24-008749-003/2024(H5N1)	902	154
HA|PP755589.1|A/cattle/Texas/24-008749-003/2024(H5N1)	903	154
HA|PP755589.1|A/cattle/Texas/24-008749-003/2024(H5N1)	904	154
HA|PP755589.1|A/cattle/Texas/24-008749-003/2024(H5N1)	905	154
HA|PP755589.1|A/cattle/Texas/24-008749-003/2024(H5N1)	906	154
HA|PP755589.1|A/cattle/Texas/24-008749-003/2024(H5N1)	907	154
HA|PP755589.1|A/cattle/Texas/24-008749-003/2024(H5N1)	908	154
HA|PP755589.1|A/cattle/Texas/24-008749-003/2024(H5N1)	909	154
HA|PP755589.1|A/cattle/Texas/24-008749-003/2024(H5N1)	910	155
HA|PP755589.1|A/cattle/Texas/24-008749-003/2024(H5N1)	911	155
HA|PP755589.1|A/cattle/Texas/24-008749-003/2024(H5N1)	912	155
HA|PP755589.1|A/cattle/Texas/24-008749-003/2024(H5N1)	913	155
HA|PP755589.1|A/cattle/Texas/24-008749-003/2024(H5N1)	914	155
HA|PP755589.1|A/cattle/Texas/24-008749-003/2024(H5N1)	915	155
HA|PP755589.1|A/cattle/Texas/24-008749-003/2024(H5N1)	916	155
HA|PP755589.1|A/cattle/Texas/24-008749-003/2024(H5N1)	917	155
HA|PP755589.1|A/cattle/Texas/24-008749-003/2024(H5N1)	918	154
HA|PP755589.1|A/cattle/Texas/24-008749-003/2024(H5N1)	919	154
HA|PP755589.1|A/cattle/Texas/24-008749-003/2024(H5N1)	920	154
HA|PP755589.1|A/cattle/Texas/24-008749-003/2024(H5N1)	921	154
HA|PP755589.1|A/cattle/Texas/24-008749-003/2024(H5N1)	922	154
HA|PP755589.1|A/cattle/Texas/24-008749-003/2024(H5N1)	923	154
HA|PP755589.1|A/cattle/Texas/24-008749-003/2024(H5N1)	924	154
HA|PP755589.1|A/cattle/Texas/24-008749-003/2024(H5N1)	925	154
HA|PP755589.1|A/cattle/Texas/24-008749-003/2024(H5N1)	926	154
HA|PP755589.1|A/cattle/Texas/24-008749-003/2024(H5N1)	927	154
HA|PP755589.1|A/cattle/Texas/24-008749-003/2024(H5N1)	928	154
HA|PP755589.1|A/cattle/Texas/24-008749-003/2024(H5N1)	929	156
HA|PP755589.1|A/cattle/Texas/24-008749-003/2024(H5N1)	930	156
HA|PP755589.1|A/cattle/Texas/24-008749-003/2024(H5N1)	931	221
HA|PP755589.1|A/cattle/Texas/24-008749-003/2024(H5N1)	932	221
HA|PP755589.1|A/cattle/Texas/24-008749-003/2024(H5N1)	933	222
HA|PP755589.1|A/cattle/Texas/24-008749-003/2024(H5N1)	934	222
HA|PP755589.1|A/cattle/Texas/24-008749-003/2024(H5N1)	935	228
HA|PP755589.1|A/cattle/Texas/24-008749-003/2024(H5N1)	936	230
HA|PP755589.1|A/cattle/Texas/24-008749-003/2024(H5N1)	937	231
HA|PP755589.1|A/cattle/Texas/24-008749-003/2024(H5N1)	938	231
HA|PP755589.1|A/cattle/Texas/24-008749-003/2024(H5N1)	939	231
HA|PP755589.1|A/cattle/Texas/24-008749-003/2024(H5N1)	940	234
HA|PP755589.1|A/cattle/Texas/24-008749-003/2024(H5N1)	941	243
HA|PP755589.1|A/cattle/Texas/24-008749-003/2024(H5N1)	942	243
HA|PP755589.1|A/cattle/Texas/24-008749-003/2024(H5N1)	943	243
HA|PP755589.1|A/cattle/Texas/24-008749-003/2024(H5N1)	944	243
HA|PP755589.1|A/cattle/Texas/24-008749-003/2024(H5N1)	945	243
HA|PP755589.1|A/cattle/Texas/24-008749-003/2024(H5N1)	946	243
HA|PP755589.1|A/cattle/Texas/24-008749-003/2024(H5N1)	947	243
HA|PP755589.1|A/cattle/Texas/24-008749-003/2024(H5N1)	948	243
HA|PP755589.1|A/cattle/Texas/24-008749-003/2024(H5N1)	949	243
HA|PP755589.1|A/cattle/Texas/24-008749-003/2024(H5N1)	950	243
HA|PP755589.1|A/cattle/Texas/24-008749-003/2024(H5N1)	951	243
HA|PP755589.1|A/cattle/Texas/24-008749-003/2024(H5N1)	952	242
HA|PP755589.1|A/cattle/Texas/24-008749-003/2024(H5N1)	953	242
HA|PP755589.1|A/cattle/Texas/24-008749-003/2024(H5N1)	954	242
HA|PP755589.1|A/cattle/Texas/24-008749-003/2024(H5N1)	955	239
HA|PP755589.1|A/cattle/Texas/24-008749-003/2024(H5N1)	956	239
HA|PP755589.1|A/cattle/Texas/24-008749-003/2024(H5N1)	957	232
HA|PP755589.1|A/cattle/Texas/24-008749-003/2024(H5N1)	958	231
HA|PP755589.1|A/cattle/Texas/24-008749-003/2024(H5N1)	959	231
HA|PP755589.1|A/cattle/Texas/24-008749-003/2024(H5N1)	960	40
HA|PP755589.1|A/cattle/Texas/24-008749-003/2024(H5N1)	961	38
HA|PP755589.1|A/cattle/Texas/24-008749-003/2024(H5N1)	962	31
HA|PP755589.1|A/cattle/Texas/24-008749-003/2024(H5N1)	963	30
HA|PP755589.1|A/cattle/Texas/24-008749-003/2024(H5N1)	964	30
HA|PP755589.1|A/cattle/Texas/24-008749-003/2024(H5N1)	965	30
HA|PP755589.1|A/cattle/Texas/24-008749-003/2024(H5N1)	966	30
HA|PP755589.1|A/cattle/Texas/24-008749-003/2024(H5N1)	967	30
HA|PP755589.1|A/cattle/Texas/24-008749-003/2024(H5N1)	968	30
HA|PP755589.1|A/cattle/Texas/24-008749-003/2024(H5N1)	969	30
HA|PP755589.1|A/cattle/Texas/24-008749-003/2024(H5N1)	970	30
HA|PP755589.1|A/cattle/Texas/24-008749-003/2024(H5N1)	971	28
HA|PP755589.1|A/cattle/Texas/24-008749-003/2024(H5N1)	972	28
HA|PP755589.1|A/cattle/Texas/24-008749-003/2024(H5N1)	973	28
HA|PP755589.1|A/cattle/Texas/24-008749-003/2024(H5N1)	974	28
HA|PP755589.1|A/cattle/Texas/24-008749-003/2024(H5N1)	975	28
HA|PP755589.1|A/cattle/Texas/24-008749-003/2024(H5N1)	976	28
HA|PP755589.1|A/cattle/Texas/24-008749-003/2024(H5N1)	977	28
HA|PP755589.1|A/cattle/Texas/24-008749-003/2024(H5N1)	978	28
HA|PP755589.1|A/cattle/Texas/24-008749-003/2024(H5N1)	979	28
HA|PP755589.1|A/cattle/Texas/24-008749-003/2024(H5N1)	980	28
HA|PP755589.1|A/cattle/Texas/24-008749-003/2024(H5N1)	981	28
HA|PP755589.1|A/cattle/Texas/24-008749-003/2024(H5N1)	982	28
HA|PP755589.1|A/cattle/Texas/24-008749-003/2024(H5N1)	983	28
HA|PP755589.1|A/cattle/Texas/24-008749-003/2024(H5N1)	984	28
HA|PP755589.1|A/cattle/Texas/24-008749-003/2024(H5N1)	985	28
HA|PP755589.1|A/cattle/Texas/24-008749-003/2024(H5N1)	986	17
HA|PP755589.1|A/cattle/Texas/24-008749-003/2024(H5N1)	987	17
HA|PP755589.1|A/cattle/Texas/24-008749-003/2024(H5N1)	988	17
HA|PP755589.1|A/cattle/Texas/24-008749-003/2024(H5N1)	989	10
HA|PP755589.1|A/cattle/Texas/24-008749-003/2024(H5N1)	990	6
HA|PP755589.1|A/cattle/Texas/24-008749-003/2024(H5N1)	991	4
HA|PP755589.1|A/cattle/Texas/24-008749-003/2024(H5N1)	992	3
HA|PP755589.1|A/cattle/Texas/24-008749-003/2024(H5N1)	993	0
HA|PP755589.1|A/cattle/Texas/24-008749-003/2024(H5N1)	994	0
HA|PP755589.1|A/cattle/Texas/24-008749-003/2024(H5N1)	995	0
HA|PP755589.1|A/cattle/Texas/24-008749-003/2024(H5N1)	996	0
HA|PP755589.1|A/cattle/Texas/24-008749-003/2024(H5N1)	997	0
HA|PP755589.1|A/cattle/Texas/24-008749-003/2024(H5N1)	998	0
HA|PP755589.1|A/cattle/Texas/24-008749-003/2024(H5N1)	999	0
HA|PP755589.1|A/cattle/Texas/24-008749-003/2024(H5N1)	1000	0
HA|PP755589.1|A/cattle/Texas/24-008749-003/2024(H5N1)	1001	0
HA|PP755589.1|A/cattle/Texas/24-008749-003/2024(H5N1)	1002	0
HA|PP755589.1|A/cattle/Texas/24-008749-003/2024(H5N1)	1003	0
HA|PP755589.1|A/cattle/Texas/24-008749-003/2024(H5N1)	1004	0
HA|PP755589.1|A/cattle/Texas/24-008749-003/2024(H5N1)	1005	0
HA|PP755589.1|A/cattle/Texas/24-008749-003/2024(H5N1)	1006	0
HA|PP755589.1|A/cattle/Texas/24-008749-003/2024(H5N1)	1007	0
HA|PP755589.1|A/cattle/Texas/24-008749-003/2024(H5N1)	1008	0
HA|PP755589.1|A/cattle/Texas/24-008749-003/2024(H5N1)	1009	0
HA|PP755589.1|A/cattle/Texas/24-008749-003/2024(H5N1)	1010	0
HA|PP755589.1|A/cattle/Texas/24-008749-003/2024(H5N1)	1011	0
HA|PP755589.1|A/cattle/Texas/24-008749-003/2024(H5N1)	1012	0
HA|PP755589.1|A/cattle/Texas/24-008749-003/2024(H5N1)	1013	0
HA|PP755589.1|A/cattle/Texas/24-008749-003/2024(H5N1)	1014	0
HA|PP755589.1|A/cattle/Texas/24-008749-003/2024(H5N1)	1015	0
HA|PP755589.1|A/cattle/Texas/24-008749-003/2024(H5N1)	1016	0
HA|PP755589.1|A/cattle/Texas/24-008749-003/2024(H5N1)	1017	0
HA|PP755589.1|A/cattle/Texas/24-008749-003/2024(H5N1)	1018	0
HA|PP755589.1|A/cattle/Texas/24-008749-003/2024(H5N1)	1019	0
HA|PP755589.1|A/cattle/Texas/24-008749-003/2024(H5N1)	1020	0
HA|PP755589.1|A/cattle/Texas/24-008749-003/2024(H5N1)	1021	0
HA|PP755589.1|A/cattle/Texas/24-008749-003/2024(H5N1)	1022	0
HA|PP755589.1|A/cattle/Texas/24-008749-003/2024(H5N1)	1023	0
HA|PP755589.1|A/cattle/Texas/24-008749-003/2024(H5N1)	1024	0
HA|PP755589.1|A/cattle/Texas/24-008749-003/2024(H5N1)	1025	0
HA|PP755589.1|A/cattle/Texas/24-008749-003/2024(H5N1)	1026	0
HA|PP755589.1|A/cattle/Texas/24-008749-003/2024(H5N1)	1027	1
HA|PP755589.1|A/cattle/Texas/24-008749-003/2024(H5N1)	1028	1
HA|PP755589.1|A/cattle/Texas/24-008749-003/2024(H5N1)	1029	1
HA|PP755589.1|A/cattle/Texas/24-008749-003/2024(H5N1)	1030	1
HA|PP755589.1|A/cattle/Texas/24-008749-003/2024(H5N1)	1031	1
HA|PP755589.1|A/cattle/Texas/24-008749-003/2024(H5N1)	1032	5
HA|PP755589.1|A/cattle/Texas/24-008749-003/2024(H5N1)	1033	5
HA|PP755589.1|A/cattle/Texas/24-008749-003/2024(H5N1)	1034	5
HA|PP755589.1|A/cattle/Texas/24-008749-003/2024(H5N1)	1035	5
HA|PP755589.1|A/cattle/Texas/24-008749-003/2024(H5N1)	1036	5
HA|PP755589.1|A/cattle/Texas/24-008749-003/2024(H5N1)	1037	5
HA|PP755589.1|A/cattle/Texas/24-008749-003/2024(H5N1)	1038	5
HA|PP755589.1|A/cattle/Texas/24-008749-003/2024(H5N1)	1039	8
HA|PP755589.1|A/cattle/Texas/24-008749-003/2024(H5N1)	1040	9
HA|PP755589.1|A/cattle/Texas/24-008749-003/2024(H5N1)	1041	9
HA|PP755589.1|A/cattle/Texas/24-008749-003/2024(H5N1)	1042	9
HA|PP755589.1|A/cattle/Texas/24-008749-003/2024(H5N1)	1043	9
HA|PP755589.1|A/cattle/Texas/24-008749-003/2024(H5N1)	1044	9
HA|PP755589.1|A/cattle/Texas/24-008749-003/2024(H5N1)	1045	9
HA|PP755589.1|A/cattle/Texas/24-008749-003/2024(H5N1)	1046	9
HA|PP755589.1|A/cattle/Texas/24-008749-003/2024(H5N1)	1047	9
HA|PP755589.1|A/cattle/Texas/24-008749-003/2024(H5N1)	1048	9
HA|PP755589.1|A/cattle/Texas/24-008749-003/2024(H5N1)	1049	12
HA|PP755589.1|A/cattle/Texas/24-008749-003/2024(H5N1)	1050	12
HA|PP755589.1|A/cattle/Texas/24-008749-003/2024(H5N1)	1051	172
HA|PP755589.1|A/cattle/Texas/24-008749-003/2024(H5N1)	1052	175
HA|PP755589.1|A/cattle/Texas/24-008749-003/2024(H5N1)	1053	175
HA|PP755589.1|A/cattle/Texas/24-008749-003/2024(H5N1)	1054	175
HA|PP755589.1|A/cattle/Texas/24-008749-003/2024(H5N1)	1055	179
HA|PP755589.1|A/cattle/Texas/24-008749-003/2024(H5N1)	1056	179
HA|PP755589.1|A/cattle/Texas/24-008749-003/2024(H5N1)	1057	182
HA|PP755589.1|A/cattle/Texas/24-008749-003/2024(H5N1)	1058	182
HA|PP755589.1|A/cattle/Texas/24-008749-003/2024(H5N1)	1059	182
HA|PP755589.1|A/cattle/Texas/24-008749-003/2024(H5N1)	1060	183
HA|PP755589.1|A/cattle/Texas/24-008749-003/2024(H5N1)	1061	183
HA|PP755589.1|A/cattle/Texas/24-008749-003/2024(H5N1)	1062	186
HA|PP755589.1|A/cattle/Texas/24-008749-003/2024(H5N1)	1063	198
HA|PP755589.1|A/cattle/Texas/24-008749-003/2024(H5N1)	1064	198
HA|PP755589.1|A/cattle/Texas/24-008749-003/2024(H5N1)	1065	198
HA|PP755589.1|A/cattle/Texas/24-008749-003/2024(H5N1)	1066	198
HA|PP755589.1|A/cattle/Texas/24-008749-003/2024(H5N1)	1067	202
HA|PP755589.1|A/cattle/Texas/24-008749-003/2024(H5N1)	1068	202
HA|PP755589.1|A/cattle/Texas/24-008749-003/2024(H5N1)	1069	208
HA|PP755589.1|A/cattle/Texas/24-008749-003/2024(H5N1)	1070	211
HA|PP755589.1|A/cattle/Texas/24-008749-003/2024(H5N1)	1071	213
HA|PP755589.1|A/cattle/Texas/24-008749-003/2024(H5N1)	1072	216
HA|PP755589.1|A/cattle/Texas/24-008749-003/2024(H5N1)	1073	216
HA|PP755589.1|A/cattle/Texas/24-008749-003/2024(H5N1)	1074	219
HA|PP755589.1|A/cattle/Texas/24-008749-003/2024(H5N1)	1075	224
HA|PP755589.1|A/cattle/Texas/24-008749-003/2024(H5N1)	1076	227
HA|PP755589.1|A/cattle/Texas/24-008749-003/2024(H5N1)	1077	229
HA|PP755589.1|A/cattle/Texas/24-008749-003/2024(H5N1)	1078	229
HA|PP755589.1|A/cattle/Texas/24-008749-003/2024(H5N1)	1079	235
HA|PP755589.1|A/cattle/Texas/24-008749-003/2024(H5N1)	1080	235
HA|PP755589.1|A/cattle/Texas/24-008749-003/2024(H5N1)	1081	238
HA|PP755589.1|A/cattle/Texas/24-008749-003/2024(H5N1)	1082	245
HA|PP755589.1|A/cattle/Texas/24-008749-003/2024(H5N1)	1083	246
HA|PP755589.1|A/cattle/Texas/24-008749-003/2024(H5N1)	1084	246
HA|PP755589.1|A/cattle/Texas/24-008749-003/2024(H5N1)	1085	246
HA|PP755589.1|A/cattle/Texas/24-008749-003/2024(H5N1)	1086	249
HA|PP755589.1|A/cattle/Texas/24-008749-003/2024(H5N1)	1087	258
HA|PP755589.1|A/cattle/Texas/24-008749-003/2024(H5N1)	1088	259
HA|PP755589.1|A/cattle/Texas/24-008749-003/2024(H5N1)	1089	259
HA|PP755589.1|A/cattle/Texas/24-008749-003/2024(H5N1)	1090	259
HA|PP755589.1|A/cattle/Texas/24-008749-003/2024(H5N1)	1091	261
HA|PP755589.1|A/cattle/Texas/24-008749-003/2024(H5N1)	1092	261
HA|PP755589.1|A/cattle/Texas/24-008749-003/2024(H5N1)	1093	263
HA|PP755589.1|A/cattle/Texas/24-008749-003/2024(H5N1)	1094	263
HA|PP755589.1|A/cattle/Texas/24-008749-003/2024(H5N1)	1095	263
HA|PP755589.1|A/cattle/Texas/24-008749-003/2024(H5N1)	1096	263
HA|PP755589.1|A/cattle/Texas/24-008749-003/2024(H5N1)	1097	263
HA|PP755589.1|A/cattle/Texas/24-008749-003/2024(H5N1)	1098	276
HA|PP755589.1|A/cattle/Texas/24-008749-003/2024(H5N1)	1099	283
HA|PP755589.1|A/cattle/Texas/24-008749-003/2024(H5N1)	1100	283
HA|PP755589.1|A/cattle/Texas/24-008749-003/2024(H5N1)	1101	271
HA|PP755589.1|A/cattle/Texas/24-008749-003/2024(H5N1)	1102	272
HA|PP755589.1|A/cattle/Texas/24-008749-003/2024(H5N1)	1103	280
HA|PP755589.1|A/cattle/Texas/24-008749-003/2024(H5N1)	1104	280
HA|PP755589.1|A/cattle/Texas/24-008749-003/2024(H5N1)	1105	286
HA|PP755589.1|A/cattle/Texas/24-008749-003/2024(H5N1)	1106	286
HA|PP755589.1|A/cattle/Texas/24-008749-003/2024(H5N1)	1107	293
HA|PP755589.1|A/cattle/Texas/24-008749-003/2024(H5N1)	1108	298
HA|PP755589.1|A/cattle/Texas/24-008749-003/2024(H5N1)	1109	298
HA|PP755589.1|A/cattle/Texas/24-008749-003/2024(H5N1)	1110	315
HA|PP755589.1|A/cattle/Texas/24-008749-003/2024(H5N1)	1111	315
HA|PP755589.1|A/cattle/Texas/24-008749-003/2024(H5N1)	1112	312
HA|PP755589.1|A/cattle/Texas/24-008749-003/2024(H5N1)	1113	306
HA|PP755589.1|A/cattle/Texas/24-008749-003/2024(H5N1)	1114	300
HA|PP755589.1|A/cattle/Texas/24-008749-003/2024(H5N1)	1115	308
HA|PP755589.1|A/cattle/Texas/24-008749-003/2024(H5N1)	1116	308
HA|PP755589.1|A/cattle/Texas/24-008749-003/2024(H5N1)	1117	309
HA|PP755589.1|A/cattle/Texas/24-008749-003/2024(H5N1)	1118	307
HA|PP755589.1|A/cattle/Texas/24-008749-003/2024(H5N1)	1119	302
HA|PP755589.1|A/cattle/Texas/24-008749-003/2024(H5N1)	1120	315
HA|PP755589.1|A/cattle/Texas/24-008749-003/2024(H5N1)	1121	319
HA|PP755589.1|A/cattle/Texas/24-008749-003/2024(H5N1)	1122	321
HA|PP755589.1|A/cattle/Texas/24-008749-003/2024(H5N1)	1123	321
HA|PP755589.1|A/cattle/Texas/24-008749-003/2024(H5N1)	1124	314
HA|PP755589.1|A/cattle/Texas/24-008749-003/2024(H5N1)	1125	319
HA|PP755589.1|A/cattle/Texas/24-008749-003/2024(H5N1)	1126	320
HA|PP755589.1|A/cattle/Texas/24-008749-003/2024(H5N1)	1127	323
HA|PP755589.1|A/cattle/Texas/24-008749-003/2024(H5N1)	1128	322
HA|PP755589.1|A/cattle/Texas/24-008749-003/2024(H5N1)	1129	305
HA|PP755589.1|A/cattle/Texas/24-008749-003/2024(H5N1)	1130	313
HA|PP755589.1|A/cattle/Texas/24-008749-003/2024(H5N1)	1131	313
HA|PP755589.1|A/cattle/Texas/24-008749-003/2024(H5N1)	1132	312
HA|PP755589.1|A/cattle/Texas/24-008749-003/2024(H5N1)	1133	312
HA|PP755589.1|A/cattle/Texas/24-008749-003/2024(H5N1)	1134	301
HA|PP755589.1|A/cattle/Texas/24-008749-003/2024(H5N1)	1135	301
HA|PP755589.1|A/cattle/Texas/24-008749-003/2024(H5N1)	1136	298
HA|PP755589.1|A/cattle/Texas/24-008749-003/2024(H5N1)	1137	293
HA|PP755589.1|A/cattle/Texas/24-008749-003/2024(H5N1)	1138	297
HA|PP755589.1|A/cattle/Texas/24-008749-003/2024(H5N1)	1139	301
HA|PP755589.1|A/cattle/Texas/24-008749-003/2024(H5N1)	1140	291
HA|PP755589.1|A/cattle/Texas/24-008749-003/2024(H5N1)	1141	290
HA|PP755589.1|A/cattle/Texas/24-008749-003/2024(H5N1)	1142	291
HA|PP755589.1|A/cattle/Texas/24-008749-003/2024(H5N1)	1143	291
HA|PP755589.1|A/cattle/Texas/24-008749-003/2024(H5N1)	1144	292
HA|PP755589.1|A/cattle/Texas/24-008749-003/2024(H5N1)	1145	292
HA|PP755589.1|A/cattle/Texas/24-008749-003/2024(H5N1)	1146	297
HA|PP755589.1|A/cattle/Texas/24-008749-003/2024(H5N1)	1147	295
HA|PP755589.1|A/cattle/Texas/24-008749-003/2024(H5N1)	1148	295
HA|PP755589.1|A/cattle/Texas/24-008749-003/2024(H5N1)	1149	292
HA|PP755589.1|A/cattle/Texas/24-008749-003/2024(H5N1)	1150	292
HA|PP755589.1|A/cattle/Texas/24-008749-003/2024(H5N1)	1151	292
HA|PP755589.1|A/cattle/Texas/24-008749-003/2024(H5N1)	1152	292
HA|PP755589.1|A/cattle/Texas/24-008749-003/2024(H5N1)	1153	290
HA|PP755589.1|A/cattle/Texas/24-008749-003/2024(H5N1)	1154	278
HA|PP755589.1|A/cattle/Texas/24-008749-003/2024(H5N1)	1155	265
HA|PP755589.1|A/cattle/Texas/24-008749-003/2024(H5N1)	1156	265
HA|PP755589.1|A/cattle/Texas/24-008749-003/2024(H5N1)	1157	265
HA|PP755589.1|A/cattle/Texas/24-008749-003/2024(H5N1)	1158	263
HA|PP755589.1|A/cattle/Texas/24-008749-003/2024(H5N1)	1159	257
HA|PP755589.1|A/cattle/Texas/24-008749-003/2024(H5N1)	1160	255
HA|PP755589.1|A/cattle/Texas/24-008749-003/2024(H5N1)	1161	227
HA|PP755589.1|A/cattle/Texas/24-008749-003/2024(H5N1)	1162	227
HA|PP755589.1|A/cattle/Texas/24-008749-003/2024(H5N1)	1163	227
HA|PP755589.1|A/cattle/Texas/24-008749-003/2024(H5N1)	1164	224
HA|PP755589.1|A/cattle/Texas/24-008749-003/2024(H5N1)	1165	224
HA|PP755589.1|A/cattle/Texas/24-008749-003/2024(H5N1)	1166	224
HA|PP755589.1|A/cattle/Texas/24-008749-003/2024(H5N1)	1167	223
HA|PP755589.1|A/cattle/Texas/24-008749-003/2024(H5N1)	1168	223
HA|PP755589.1|A/cattle/Texas/24-008749-003/2024(H5N1)	1169	222
HA|PP755589.1|A/cattle/Texas/24-008749-003/2024(H5N1)	1170	221
HA|PP755589.1|A/cattle/Texas/24-008749-003/2024(H5N1)	1171	221
HA|PP755589.1|A/cattle/Texas/24-008749-003/2024(H5N1)	1172	221
HA|PP755589.1|A/cattle/Texas/24-008749-003/2024(H5N1)	1173	221
HA|PP755589.1|A/cattle/Texas/24-008749-003/2024(H5N1)	1174	220
HA|PP755589.1|A/cattle/Texas/24-008749-003/2024(H5N1)	1175	220
HA|PP755589.1|A/cattle/Texas/24-008749-003/2024(H5N1)	1176	218
HA|PP755589.1|A/cattle/Texas/24-008749-003/2024(H5N1)	1177	216
HA|PP755589.1|A/cattle/Texas/24-008749-003/2024(H5N1)	1178	215
HA|PP755589.1|A/cattle/Texas/24-008749-003/2024(H5N1)	1179	219
HA|PP755589.1|A/cattle/Texas/24-008749-003/2024(H5N1)	1180	295
HA|PP755589.1|A/cattle/Texas/24-008749-003/2024(H5N1)	1181	302
HA|PP755589.1|A/cattle/Texas/24-008749-003/2024(H5N1)	1182	302
HA|PP755589.1|A/cattle/Texas/24-008749-003/2024(H5N1)	1183	305
HA|PP755589.1|A/cattle/Texas/24-008749-003/2024(H5N1)	1184	305
HA|PP755589.1|A/cattle/Texas/24-008749-003/2024(H5N1)	1185	308
HA|PP755589.1|A/cattle/Texas/24-008749-003/2024(H5N1)	1186	316
HA|PP755589.1|A/cattle/Texas/24-008749-003/2024(H5N1)	1187	309
HA|PP755589.1|A/cattle/Texas/24-008749-003/2024(H5N1)	1188	310
HA|PP755589.1|A/cattle/Texas/24-008749-003/2024(H5N1)	1189	310
HA|PP755589.1|A/cattle/Texas/24-008749-003/2024(H5N1)	1190	310
HA|PP755589.1|A/cattle/Texas/24-008749-003/2024(H5N1)	1191	310
HA|PP755589.1|A/cattle/Texas/24-008749-003/2024(H5N1)	1192	319
HA|PP755589.1|A/cattle/Texas/24-008749-003/2024(H5N1)	1193	323
HA|PP755589.1|A/cattle/Texas/24-008749-003/2024(H5N1)	1194	325
HA|PP755589.1|A/cattle/Texas/24-008749-003/2024(H5N1)	1195	325
HA|PP755589.1|A/cattle/Texas/24-008749-003/2024(H5N1)	1196	327
HA|PP755589.1|A/cattle/Texas/24-008749-003/2024(H5N1)	1197	327
HA|PP755589.1|A/cattle/Texas/24-008749-003/2024(H5N1)	1198	330
HA|PP755589.1|A/cattle/Texas/24-008749-003/2024(H5N1)	1199	331
HA|PP755589.1|A/cattle/Texas/24-008749-003/2024(H5N1)	1200	335
HA|PP755589.1|A/cattle/Texas/24-008749-003/2024(H5N1)	1201	335
HA|PP755589.1|A/cattle/Texas/24-008749-003/2024(H5N1)	1202	335
HA|PP755589.1|A/cattle/Texas/24-008749-003/2024(H5N1)	1203	332
HA|PP755589.1|A/cattle/Texas/24-008749-003/2024(H5N1)	1204	333
HA|PP755589.1|A/cattle/Texas/24-008749-003/2024(H5N1)	1205	332
HA|PP755589.1|A/cattle/Texas/24-008749-003/2024(H5N1)	1206	332
HA|PP755589.1|A/cattle/Texas/24-008749-003/2024(H5N1)	1207	331
HA|PP755589.1|A/cattle/Texas/24-008749-003/2024(H5N1)	1208	328
HA|PP755589.1|A/cattle/Texas/24-008749-003/2024(H5N1)	1209	328
HA|PP755589.1|A/cattle/Texas/24-008749-003/2024(H5N1)	1210	326
HA|PP755589.1|A/cattle/Texas/24-008749-003/2024(H5N1)	1211	325
HA|PP755589.1|A/cattle/Texas/24-008749-003/2024(H5N1)	1212	325
HA|PP755589.1|A/cattle/Texas/24-008749-003/2024(H5N1)	1213	320
HA|PP755589.1|A/cattle/Texas/24-008749-003/2024(H5N1)	1214	320
HA|PP755589.1|A/cattle/Texas/24-008749-003/2024(H5N1)	1215	320
HA|PP755589.1|A/cattle/Texas/24-008749-003/2024(H5N1)	1216	320
HA|PP755589.1|A/cattle/Texas/24-008749-003/2024(H5N1)	1217	319
HA|PP755589.1|A/cattle/Texas/24-008749-003/2024(H5N1)	1218	312
HA|PP755589.1|A/cattle/Texas/24-008749-003/2024(H5N1)	1219	312
HA|PP755589.1|A/cattle/Texas/24-008749-003/2024(H5N1)	1220	311
HA|PP755589.1|A/cattle/Texas/24-008749-003/2024(H5N1)	1221	309
HA|PP755589.1|A/cattle/Texas/24-008749-003/2024(H5N1)	1222	308
HA|PP755589.1|A/cattle/Texas/24-008749-003/2024(H5N1)	1223	307
HA|PP755589.1|A/cattle/Texas/24-008749-003/2024(H5N1)	1224	304
HA|PP755589.1|A/cattle/Texas/24-008749-003/2024(H5N1)	1225	303
HA|PP755589.1|A/cattle/Texas/24-008749-003/2024(H5N1)	1226	294
HA|PP755589.1|A/cattle/Texas/24-008749-003/2024(H5N1)	1227	132
HA|PP755589.1|A/cattle/Texas/24-008749-003/2024(H5N1)	1228	131
HA|PP755589.1|A/cattle/Texas/24-008749-003/2024(H5N1)	1229	131
HA|PP755589.1|A/cattle/Texas/24-008749-003/2024(H5N1)	1230	123
HA|PP755589.1|A/cattle/Texas/24-008749-003/2024(H5N1)	1231	123
HA|PP755589.1|A/cattle/Texas/24-008749-003/2024(H5N1)	1232	122
HA|PP755589.1|A/cattle/Texas/24-008749-003/2024(H5N1)	1233	119
HA|PP755589.1|A/cattle/Texas/24-008749-003/2024(H5N1)	1234	118
HA|PP755589.1|A/cattle/Texas/24-008749-003/2024(H5N1)	1235	118
HA|PP755589.1|A/cattle/Texas/24-008749-003/2024(H5N1)	1236	115
HA|PP755589.1|A/cattle/Texas/24-008749-003/2024(H5N1)	1237	115
HA|PP755589.1|A/cattle/Texas/24-008749-003/2024(H5N1)	1238	111
HA|PP755589.1|A/cattle/Texas/24-008749-003/2024(H5N1)	1239	111
HA|PP755589.1|A/cattle/Texas/24-008749-003/2024(H5N1)	1240	111
HA|PP755589.1|A/cattle/Texas/24-008749-003/2024(H5N1)	1241	111
HA|PP755589.1|A/cattle/Texas/24-008749-003/2024(H5N1)	1242	111
HA|PP755589.1|A/cattle/Texas/24-008749-003/2024(H5N1)	1243	111
HA|PP755589.1|A/cattle/Texas/24-008749-003/2024(H5N1)	1244	111
HA|PP755589.1|A/cattle/Texas/24-008749-003/2024(H5N1)	1245	111
HA|PP755589.1|A/cattle/Texas/24-008749-003/2024(H5N1)	1246	111
HA|PP755589.1|A/cattle/Texas/24-008749-003/2024(H5N1)	1247	111
HA|PP755589.1|A/cattle/Texas/24-008749-003/2024(H5N1)	1248	111
HA|PP755589.1|A/cattle/Texas/24-008749-003/2024(H5N1)	1249	113
HA|PP755589.1|A/cattle/Texas/24-008749-003/2024(H5N1)	1250	113
HA|PP755589.1|A/cattle/Texas/24-008749-003/2024(H5N1)	1251	113
HA|PP755589.1|A/cattle/Texas/24-008749-003/2024(H5N1)	1252	113
HA|PP755589.1|A/cattle/Texas/24-008749-003/2024(H5N1)	1253	113
HA|PP755589.1|A/cattle/Texas/24-008749-003/2024(H5N1)	1254	114
HA|PP755589.1|A/cattle/Texas/24-008749-003/2024(H5N1)	1255	185
HA|PP755589.1|A/cattle/Texas/24-008749-003/2024(H5N1)	1256	192
HA|PP755589.1|A/cattle/Texas/24-008749-003/2024(H5N1)	1257	194
HA|PP755589.1|A/cattle/Texas/24-008749-003/2024(H5N1)	1258	194
HA|PP755589.1|A/cattle/Texas/24-008749-003/2024(H5N1)	1259	197
HA|PP755589.1|A/cattle/Texas/24-008749-003/2024(H5N1)	1260	197
HA|PP755589.1|A/cattle/Texas/24-008749-003/2024(H5N1)	1261	197
HA|PP755589.1|A/cattle/Texas/24-008749-003/2024(H5N1)	1262	198
HA|PP755589.1|A/cattle/Texas/24-008749-003/2024(H5N1)	1263	205
HA|PP755589.1|A/cattle/Texas/24-008749-003/2024(H5N1)	1264	213
HA|PP755589.1|A/cattle/Texas/24-008749-003/2024(H5N1)	1265	216
HA|PP755589.1|A/cattle/Texas/24-008749-003/2024(H5N1)	1266	216
HA|PP755589.1|A/cattle/Texas/24-008749-003/2024(H5N1)	1267	216
HA|PP755589.1|A/cattle/Texas/24-008749-003/2024(H5N1)	1268	217
HA|PP755589.1|A/cattle/Texas/24-008749-003/2024(H5N1)	1269	221
HA|PP755589.1|A/cattle/Texas/24-008749-003/2024(H5N1)	1270	222
HA|PP755589.1|A/cattle/Texas/24-008749-003/2024(H5N1)	1271	223
HA|PP755589.1|A/cattle/Texas/24-008749-003/2024(H5N1)	1272	223
HA|PP755589.1|A/cattle/Texas/24-008749-003/2024(H5N1)	1273	223
HA|PP755589.1|A/cattle/Texas/24-008749-003/2024(H5N1)	1274	224
HA|PP755589.1|A/cattle/Texas/24-008749-003/2024(H5N1)	1275	224
HA|PP755589.1|A/cattle/Texas/24-008749-003/2024(H5N1)	1276	224
HA|PP755589.1|A/cattle/Texas/24-008749-003/2024(H5N1)	1277	225
HA|PP755589.1|A/cattle/Texas/24-008749-003/2024(H5N1)	1278	225
HA|PP755589.1|A/cattle/Texas/24-008749-003/2024(H5N1)	1279	231
HA|PP755589.1|A/cattle/Texas/24-008749-003/2024(H5N1)	1280	231
HA|PP755589.1|A/cattle/Texas/24-008749-003/2024(H5N1)	1281	235
HA|PP755589.1|A/cattle/Texas/24-008749-003/2024(H5N1)	1282	235
HA|PP755589.1|A/cattle/Texas/24-008749-003/2024(H5N1)	1283	235
HA|PP755589.1|A/cattle/Texas/24-008749-003/2024(H5N1)	1284	235
HA|PP755589.1|A/cattle/Texas/24-008749-003/2024(H5N1)	1285	236
HA|PP755589.1|A/cattle/Texas/24-008749-003/2024(H5N1)	1286	235
HA|PP755589.1|A/cattle/Texas/24-008749-003/2024(H5N1)	1287	235
HA|PP755589.1|A/cattle/Texas/24-008749-003/2024(H5N1)	1288	235
HA|PP755589.1|A/cattle/Texas/24-008749-003/2024(H5N1)	1289	234
HA|PP755589.1|A/cattle/Texas/24-008749-003/2024(H5N1)	1290	231
HA|PP755589.1|A/cattle/Texas/24-008749-003/2024(H5N1)	1291	230
HA|PP755589.1|A/cattle/Texas/24-008749-003/2024(H5N1)	1292	229
HA|PP755589.1|A/cattle/Texas/24-008749-003/2024(H5N1)	1293	156
HA|PP755589.1|A/cattle/Texas/24-008749-003/2024(H5N1)	1294	156
HA|PP755589.1|A/cattle/Texas/24-008749-003/2024(H5N1)	1295	154
HA|PP755589.1|A/cattle/Texas/24-008749-003/2024(H5N1)	1296	154
HA|PP755589.1|A/cattle/Texas/24-008749-003/2024(H5N1)	1297	154
HA|PP755589.1|A/cattle/Texas/24-008749-003/2024(H5N1)	1298	154
HA|PP755589.1|A/cattle/Texas/24-008749-003/2024(H5N1)	1299	154
HA|PP755589.1|A/cattle/Texas/24-008749-003/2024(H5N1)	1300	154
HA|PP755589.1|A/cattle/Texas/24-008749-003/2024(H5N1)	1301	178
HA|PP755589.1|A/cattle/Texas/24-008749-003/2024(H5N1)	1302	179
HA|PP755589.1|A/cattle/Texas/24-008749-003/2024(H5N1)	1303	180
HA|PP755589.1|A/cattle/Texas/24-008749-003/2024(H5N1)	1304	188
HA|PP755589.1|A/cattle/Texas/24-008749-003/2024(H5N1)	1305	197
HA|PP755589.1|A/cattle/Texas/24-008749-003/2024(H5N1)	1306	200
HA|PP755589.1|A/cattle/Texas/24-008749-003/2024(H5N1)	1307	200
HA|PP755589.1|A/cattle/Texas/24-008749-003/2024(H5N1)	1308	200
HA|PP755589.1|A/cattle/Texas/24-008749-003/2024(H5N1)	1309	201
HA|PP755589.1|A/cattle/Texas/24-008749-003/2024(H5N1)	1310	201
HA|PP755589.1|A/cattle/Texas/24-008749-003/2024(H5N1)	1311	207
HA|PP755589.1|A/cattle/Texas/24-008749-003/2024(H5N1)	1312	209
HA|PP755589.1|A/cattle/Texas/24-008749-003/2024(H5N1)	1313	209
HA|PP755589.1|A/cattle/Texas/24-008749-003/2024(H5N1)	1314	202
HA|PP755589.1|A/cattle/Texas/24-008749-003/2024(H5N1)	1315	202
HA|PP755589.1|A/cattle/Texas/24-008749-003/2024(H5N1)	1316	203
HA|PP755589.1|A/cattle/Texas/24-008749-003/2024(H5N1)	1317	203
HA|PP755589.1|A/cattle/Texas/24-008749-003/2024(H5N1)	1318	212
HA|PP755589.1|A/cattle/Texas/24-008749-003/2024(H5N1)	1319	221
HA|PP755589.1|A/cattle/Texas/24-008749-003/2024(H5N1)	1320	222
HA|PP755589.1|A/cattle/Texas/24-008749-003/2024(H5N1)	1321	222
HA|PP755589.1|A/cattle/Texas/24-008749-003/2024(H5N1)	1322	222
HA|PP755589.1|A/cattle/Texas/24-008749-003/2024(H5N1)	1323	222
HA|PP755589.1|A/cattle/Texas/24-008749-003/2024(H5N1)	1324	224
HA|PP755589.1|A/cattle/Texas/24-008749-003/2024(H5N1)	1325	235
HA|PP755589.1|A/cattle/Texas/24-008749-003/2024(H5N1)	1326	239
HA|PP755589.1|A/cattle/Texas/24-008749-003/2024(H5N1)	1327	242
HA|PP755589.1|A/cattle/Texas/24-008749-003/2024(H5N1)	1328	246
HA|PP755589.1|A/cattle/Texas/24-008749-003/2024(H5N1)	1329	248
HA|PP755589.1|A/cattle/Texas/24-008749-003/2024(H5N1)	1330	240
HA|PP755589.1|A/cattle/Texas/24-008749-003/2024(H5N1)	1331	240
HA|PP755589.1|A/cattle/Texas/24-008749-003/2024(H5N1)	1332	240
HA|PP755589.1|A/cattle/Texas/24-008749-003/2024(H5N1)	1333	240
HA|PP755589.1|A/cattle/Texas/24-008749-003/2024(H5N1)	1334	238
HA|PP755589.1|A/cattle/Texas/24-008749-003/2024(H5N1)	1335	238
HA|PP755589.1|A/cattle/Texas/24-008749-003/2024(H5N1)	1336	241
HA|PP755589.1|A/cattle/Texas/24-008749-003/2024(H5N1)	1337	243
HA|PP755589.1|A/cattle/Texas/24-008749-003/2024(H5N1)	1338	248
HA|PP755589.1|A/cattle/Texas/24-008749-003/2024(H5N1)	1339	249
HA|PP755589.1|A/cattle/Texas/24-008749-003/2024(H5N1)	1340	251
HA|PP755589.1|A/cattle/Texas/24-008749-003/2024(H5N1)	1341	251
HA|PP755589.1|A/cattle/Texas/24-008749-003/2024(H5N1)	1342	252
HA|PP755589.1|A/cattle/Texas/24-008749-003/2024(H5N1)	1343	252
HA|PP755589.1|A/cattle/Texas/24-008749-003/2024(H5N1)	1344	250
HA|PP755589.1|A/cattle/Texas/24-008749-003/2024(H5N1)	1345	249
HA|PP755589.1|A/cattle/Texas/24-008749-003/2024(H5N1)	1346	249
HA|PP755589.1|A/cattle/Texas/24-008749-003/2024(H5N1)	1347	247
HA|PP755589.1|A/cattle/Texas/24-008749-003/2024(H5N1)	1348	247
HA|PP755589.1|A/cattle/Texas/24-008749-003/2024(H5N1)	1349	244
HA|PP755589.1|A/cattle/Texas/24-008749-003/2024(H5N1)	1350	243
HA|PP755589.1|A/cattle/Texas/24-008749-003/2024(H5N1)	1351	239
HA|PP755589.1|A/cattle/Texas/24-008749-003/2024(H5N1)	1352	239
HA|PP755589.1|A/cattle/Texas/24-008749-003/2024(H5N1)	1353	211
HA|PP755589.1|A/cattle/Texas/24-008749-003/2024(H5N1)	1354	211
HA|PP755589.1|A/cattle/Texas/24-008749-003/2024(H5N1)	1355	211
HA|PP755589.1|A/cattle/Texas/24-008749-003/2024(H5N1)	1356	211
HA|PP755589.1|A/cattle/Texas/24-008749-003/2024(H5N1)	1357	211
HA|PP755589.1|A/cattle/Texas/24-008749-003/2024(H5N1)	1358	211
HA|PP755589.1|A/cattle/Texas/24-008749-003/2024(H5N1)	1359	211
HA|PP755589.1|A/cattle/Texas/24-008749-003/2024(H5N1)	1360	221
HA|PP755589.1|A/cattle/Texas/24-008749-003/2024(H5N1)	1361	229
HA|PP755589.1|A/cattle/Texas/24-008749-003/2024(H5N1)	1362	230
HA|PP755589.1|A/cattle/Texas/24-008749-003/2024(H5N1)	1363	253
HA|PP755589.1|A/cattle/Texas/24-008749-003/2024(H5N1)	1364	255
HA|PP755589.1|A/cattle/Texas/24-008749-003/2024(H5N1)	1365	258
HA|PP755589.1|A/cattle/Texas/24-008749-003/2024(H5N1)	1366	258
HA|PP755589.1|A/cattle/Texas/24-008749-003/2024(H5N1)	1367	259
HA|PP755589.1|A/cattle/Texas/24-008749-003/2024(H5N1)	1368	260
HA|PP755589.1|A/cattle/Texas/24-008749-003/2024(H5N1)	1369	260
HA|PP755589.1|A/cattle/Texas/24-008749-003/2024(H5N1)	1370	264
HA|PP755589.1|A/cattle/Texas/24-008749-003/2024(H5N1)	1371	264
HA|PP755589.1|A/cattle/Texas/24-008749-003/2024(H5N1)	1372	264
HA|PP755589.1|A/cattle/Texas/24-008749-003/2024(H5N1)	1373	264
HA|PP755589.1|A/cattle/Texas/24-008749-003/2024(H5N1)	1374	264
HA|PP755589.1|A/cattle/Texas/24-008749-003/2024(H5N1)	1375	264
HA|PP755589.1|A/cattle/Texas/24-008749-003/2024(H5N1)	1376	264
HA|PP755589.1|A/cattle/Texas/24-008749-003/2024(H5N1)	1377	264
HA|PP755589.1|A/cattle/Texas/24-008749-003/2024(H5N1)	1378	264
HA|PP755589.1|A/cattle/Texas/24-008749-003/2024(H5N1)	1379	260
HA|PP755589.1|A/cattle/Texas/24-008749-003/2024(H5N1)	1380	258
HA|PP755589.1|A/cattle/Texas/24-008749-003/2024(H5N1)	1381	258
HA|PP755589.1|A/cattle/Texas/24-008749-003/2024(H5N1)	1382	257
HA|PP755589.1|A/cattle/Texas/24-008749-003/2024(H5N1)	1383	256
HA|PP755589.1|A/cattle/Texas/24-008749-003/2024(H5N1)	1384	256
HA|PP755589.1|A/cattle/Texas/24-008749-003/2024(H5N1)	1385	256
HA|PP755589.1|A/cattle/Texas/24-008749-003/2024(H5N1)	1386	251
HA|PP755589.1|A/cattle/Texas/24-008749-003/2024(H5N1)	1387	244
HA|PP755589.1|A/cattle/Texas/24-008749-003/2024(H5N1)	1388	242
HA|PP755589.1|A/cattle/Texas/24-008749-003/2024(H5N1)	1389	59
HA|PP755589.1|A/cattle/Texas/24-008749-003/2024(H5N1)	1390	59
HA|PP755589.1|A/cattle/Texas/24-008749-003/2024(H5N1)	1391	53
HA|PP755589.1|A/cattle/Texas/24-008749-003/2024(H5N1)	1392	52
HA|PP755589.1|A/cattle/Texas/24-008749-003/2024(H5N1)	1393	52
HA|PP755589.1|A/cattle/Texas/24-008749-003/2024(H5N1)	1394	52
HA|PP755589.1|A/cattle/Texas/24-008749-003/2024(H5N1)	1395	42
HA|PP755589.1|A/cattle/Texas/24-008749-003/2024(H5N1)	1396	42
HA|PP755589.1|A/cattle/Texas/24-008749-003/2024(H5N1)	1397	42
HA|PP755589.1|A/cattle/Texas/24-008749-003/2024(H5N1)	1398	42
HA|PP755589.1|A/cattle/Texas/24-008749-003/2024(H5N1)	1399	42
HA|PP755589.1|A/cattle/Texas/24-008749-003/2024(H5N1)	1400	42
HA|PP755589.1|A/cattle/Texas/24-008749-003/2024(H5N1)	1401	42
HA|PP755589.1|A/cattle/Texas/24-008749-003/2024(H5N1)	1402	42
HA|PP755589.1|A/cattle/Texas/24-008749-003/2024(H5N1)	1403	42
HA|PP755589.1|A/cattle/Texas/24-008749-003/2024(H5N1)	1404	42
HA|PP755589.1|A/cattle/Texas/24-008749-003/2024(H5N1)	1405	42
HA|PP755589.1|A/cattle/Texas/24-008749-003/2024(H5N1)	1406	42
HA|PP755589.1|A/cattle/Texas/24-008749-003/2024(H5N1)	1407	42
HA|PP755589.1|A/cattle/Texas/24-008749-003/2024(H5N1)	1408	42
HA|PP755589.1|A/cattle/Texas/24-008749-003/2024(H5N1)	1409	42
HA|PP755589.1|A/cattle/Texas/24-008749-003/2024(H5N1)	1410	42
HA|PP755589.1|A/cattle/Texas/24-008749-003/2024(H5N1)	1411	42
HA|PP755589.1|A/cattle/Texas/24-008749-003/2024(H5N1)	1412	42
HA|PP755589.1|A/cattle/Texas/24-008749-003/2024(H5N1)	1413	42
HA|PP755589.1|A/cattle/Texas/24-008749-003/2024(H5N1)	1414	42
HA|PP755589.1|A/cattle/Texas/24-008749-003/2024(H5N1)	1415	42
HA|PP755589.1|A/cattle/Texas/24-008749-003/2024(H5N1)	1416	42
HA|PP755589.1|A/cattle/Texas/24-008749-003/2024(H5N1)	1417	42
HA|PP755589.1|A/cattle/Texas/24-008749-003/2024(H5N1)	1418	42
HA|PP755589.1|A/cattle/Texas/24-008749-003/2024(H5N1)	1419	42
HA|PP755589.1|A/cattle/Texas/24-008749-003/2024(H5N1)	1420	42
HA|PP755589.1|A/cattle/Texas/24-008749-003/2024(H5N1)	1421	43
HA|PP755589.1|A/cattle/Texas/24-008749-003/2024(H5N1)	1422	43
HA|PP755589.1|A/cattle/Texas/24-008749-003/2024(H5N1)	1423	43
HA|PP755589.1|A/cattle/Texas/24-008749-003/2024(H5N1)	1424	43
HA|PP755589.1|A/cattle/Texas/24-008749-003/2024(H5N1)	1425	43
HA|PP755589.1|A/cattle/Texas/24-008749-003/2024(H5N1)	1426	43
HA|PP755589.1|A/cattle/Texas/24-008749-003/2024(H5N1)	1427	43
HA|PP755589.1|A/cattle/Texas/24-008749-003/2024(H5N1)	1428	43
HA|PP755589.1|A/cattle/Texas/24-008749-003/2024(H5N1)	1429	43
HA|PP755589.1|A/cattle/Texas/24-008749-003/2024(H5N1)	1430	43
HA|PP755589.1|A/cattle/Texas/24-008749-003/2024(H5N1)	1431	43
HA|PP755589.1|A/cattle/Texas/24-008749-003/2024(H5N1)	1432	43
HA|PP755589.1|A/cattle/Texas/24-008749-003/2024(H5N1)	1433	43
HA|PP755589.1|A/cattle/Texas/24-008749-003/2024(H5N1)	1434	43
HA|PP755589.1|A/cattle/Texas/24-008749-003/2024(H5N1)	1435	43
HA|PP755589.1|A/cattle/Texas/24-008749-003/2024(H5N1)	1436	43
HA|PP755589.1|A/cattle/Texas/24-008749-003/2024(H5N1)	1437	43
HA|PP755589.1|A/cattle/Texas/24-008749-003/2024(H5N1)	1438	47
HA|PP755589.1|A/cattle/Texas/24-008749-003/2024(H5N1)	1439	48
HA|PP755589.1|A/cattle/Texas/24-008749-003/2024(H5N1)	1440	48
HA|PP755589.1|A/cattle/Texas/24-008749-003/2024(H5N1)	1441	48
HA|PP755589.1|A/cattle/Texas/24-008749-003/2024(H5N1)	1442	48
HA|PP755589.1|A/cattle/Texas/24-008749-003/2024(H5N1)	1443	48
HA|PP755589.1|A/cattle/Texas/24-008749-003/2024(H5N1)	1444	63
HA|PP755589.1|A/cattle/Texas/24-008749-003/2024(H5N1)	1445	63
HA|PP755589.1|A/cattle/Texas/24-008749-003/2024(H5N1)	1446	63
HA|PP755589.1|A/cattle/Texas/24-008749-003/2024(H5N1)	1447	64
HA|PP755589.1|A/cattle/Texas/24-008749-003/2024(H5N1)	1448	65
HA|PP755589.1|A/cattle/Texas/24-008749-003/2024(H5N1)	1449	65
HA|PP755589.1|A/cattle/Texas/24-008749-003/2024(H5N1)	1450	219
HA|PP755589.1|A/cattle/Texas/24-008749-003/2024(H5N1)	1451	219
HA|PP755589.1|A/cattle/Texas/24-008749-003/2024(H5N1)	1452	226
HA|PP755589.1|A/cattle/Texas/24-008749-003/2024(H5N1)	1453	227
HA|PP755589.1|A/cattle/Texas/24-008749-003/2024(H5N1)	1454	227
HA|PP755589.1|A/cattle/Texas/24-008749-003/2024(H5N1)	1455	230
HA|PP755589.1|A/cattle/Texas/24-008749-003/2024(H5N1)	1456	233
HA|PP755589.1|A/cattle/Texas/24-008749-003/2024(H5N1)	1457	234
HA|PP755589.1|A/cattle/Texas/24-008749-003/2024(H5N1)	1458	237
HA|PP755589.1|A/cattle/Texas/24-008749-003/2024(H5N1)	1459	239
HA|PP755589.1|A/cattle/Texas/24-008749-003/2024(H5N1)	1460	253
HA|PP755589.1|A/cattle/Texas/24-008749-003/2024(H5N1)	1461	253
HA|PP755589.1|A/cattle/Texas/24-008749-003/2024(H5N1)	1462	255
HA|PP755589.1|A/cattle/Texas/24-008749-003/2024(H5N1)	1463	255
HA|PP755589.1|A/cattle/Texas/24-008749-003/2024(H5N1)	1464	263
HA|PP755589.1|A/cattle/Texas/24-008749-003/2024(H5N1)	1465	274
HA|PP755589.1|A/cattle/Texas/24-008749-003/2024(H5N1)	1466	274
HA|PP755589.1|A/cattle/Texas/24-008749-003/2024(H5N1)	1467	278
HA|PP755589.1|A/cattle/Texas/24-008749-003/2024(H5N1)	1468	279
HA|PP755589.1|A/cattle/Texas/24-008749-003/2024(H5N1)	1469	279
HA|PP755589.1|A/cattle/Texas/24-008749-003/2024(H5N1)	1470	281
HA|PP755589.1|A/cattle/Texas/24-008749-003/2024(H5N1)	1471	286
HA|PP755589.1|A/cattle/Texas/24-008749-003/2024(H5N1)	1472	288
HA|PP755589.1|A/cattle/Texas/24-008749-003/2024(H5N1)	1473	288
HA|PP755589.1|A/cattle/Texas/24-008749-003/2024(H5N1)	1474	288
HA|PP755589.1|A/cattle/Texas/24-008749-003/2024(H5N1)	1475	288
HA|PP755589.1|A/cattle/Texas/24-008749-003/2024(H5N1)	1476	288
HA|PP755589.1|A/cattle/Texas/24-008749-003/2024(H5N1)	1477	297
HA|PP755589.1|A/cattle/Texas/24-008749-003/2024(H5N1)	1478	297
HA|PP755589.1|A/cattle/Texas/24-008749-003/2024(H5N1)	1479	302
HA|PP755589.1|A/cattle/Texas/24-008749-003/2024(H5N1)	1480	325
HA|PP755589.1|A/cattle/Texas/24-008749-003/2024(H5N1)	1481	325
HA|PP755589.1|A/cattle/Texas/24-008749-003/2024(H5N1)	1482	326
HA|PP755589.1|A/cattle/Texas/24-008749-003/2024(H5N1)	1483	326
HA|PP755589.1|A/cattle/Texas/24-008749-003/2024(H5N1)	1484	326
HA|PP755589.1|A/cattle/Texas/24-008749-003/2024(H5N1)	1485	327
HA|PP755589.1|A/cattle/Texas/24-008749-003/2024(H5N1)	1486	327
HA|PP755589.1|A/cattle/Texas/24-008749-003/2024(H5N1)	1487	331
HA|PP755589.1|A/cattle/Texas/24-008749-003/2024(H5N1)	1488	331
HA|PP755589.1|A/cattle/Texas/24-008749-003/2024(H5N1)	1489	331
HA|PP755589.1|A/cattle/Texas/24-008749-003/2024(H5N1)	1490	330
HA|PP755589.1|A/cattle/Texas/24-008749-003/2024(H5N1)	1491	327
HA|PP755589.1|A/cattle/Texas/24-008749-003/2024(H5N1)	1492	327
HA|PP755589.1|A/cattle/Texas/24-008749-003/2024(H5N1)	1493	325
HA|PP755589.1|A/cattle/Texas/24-008749-003/2024(H5N1)	1494	325
HA|PP755589.1|A/cattle/Texas/24-008749-003/2024(H5N1)	1495	325
HA|PP755589.1|A/cattle/Texas/24-008749-003/2024(H5N1)	1496	322
HA|PP755589.1|A/cattle/Texas/24-008749-003/2024(H5N1)	1497	322
HA|PP755589.1|A/cattle/Texas/24-008749-003/2024(H5N1)	1498	321
HA|PP755589.1|A/cattle/Texas/24-008749-003/2024(H5N1)	1499	321
HA|PP755589.1|A/cattle/Texas/24-008749-003/2024(H5N1)	1500	321
HA|PP755589.1|A/cattle/Texas/24-008749-003/2024(H5N1)	1501	321
HA|PP755589.1|A/cattle/Texas/24-008749-003/2024(H5N1)	1502	321
HA|PP755589.1|A/cattle/Texas/24-008749-003/2024(H5N1)	1503	321
HA|PP755589.1|A/cattle/Texas/24-008749-003/2024(H5N1)	1504	321
HA|PP755589.1|A/cattle/Texas/24-008749-003/2024(H5N1)	1505	315
HA|PP755589.1|A/cattle/Texas/24-008749-003/2024(H5N1)	1506	310
HA|PP755589.1|A/cattle/Texas/24-008749-003/2024(H5N1)	1507	310
HA|PP755589.1|A/cattle/Texas/24-008749-003/2024(H5N1)	1508	306
HA|PP755589.1|A/cattle/Texas/24-008749-003/2024(H5N1)	1509	306
HA|PP755589.1|A/cattle/Texas/24-008749-003/2024(H5N1)	1510	292
HA|PP755589.1|A/cattle/Texas/24-008749-003/2024(H5N1)	1511	289
HA|PP755589.1|A/cattle/Texas/24-008749-003/2024(H5N1)	1512	83
HA|PP755589.1|A/cattle/Texas/24-008749-003/2024(H5N1)	1513	83
HA|PP755589.1|A/cattle/Texas/24-008749-003/2024(H5N1)	1514	81
HA|PP755589.1|A/cattle/Texas/24-008749-003/2024(H5N1)	1515	81
HA|PP755589.1|A/cattle/Texas/24-008749-003/2024(H5N1)	1516	81
HA|PP755589.1|A/cattle/Texas/24-008749-003/2024(H5N1)	1517	81
HA|PP755589.1|A/cattle/Texas/24-008749-003/2024(H5N1)	1518	79
HA|PP755589.1|A/cattle/Texas/24-008749-003/2024(H5N1)	1519	79
HA|PP755589.1|A/cattle/Texas/24-008749-003/2024(H5N1)	1520	79
HA|PP755589.1|A/cattle/Texas/24-008749-003/2024(H5N1)	1521	79
HA|PP755589.1|A/cattle/Texas/24-008749-003/2024(H5N1)	1522	79
HA|PP755589.1|A/cattle/Texas/24-008749-003/2024(H5N1)	1523	79
HA|PP755589.1|A/cattle/Texas/24-008749-003/2024(H5N1)	1524	79
HA|PP755589.1|A/cattle/Texas/24-008749-003/2024(H5N1)	1525	79
HA|PP755589.1|A/cattle/Texas/24-008749-003/2024(H5N1)	1526	79
HA|PP755589.1|A/cattle/Texas/24-008749-003/2024(H5N1)	1527	79
HA|PP755589.1|A/cattle/Texas/24-008749-003/2024(H5N1)	1528	79
HA|PP755589.1|A/cattle/Texas/24-008749-003/2024(H5N1)	1529	66
HA|PP755589.1|A/cattle/Texas/24-008749-003/2024(H5N1)	1530	66
HA|PP755589.1|A/cattle/Texas/24-008749-003/2024(H5N1)	1531	65
HA|PP755589.1|A/cattle/Texas/24-008749-003/2024(H5N1)	1532	65
HA|PP755589.1|A/cattle/Texas/24-008749-003/2024(H5N1)	1533	65
HA|PP755589.1|A/cattle/Texas/24-008749-003/2024(H5N1)	1534	60
HA|PP755589.1|A/cattle/Texas/24-008749-003/2024(H5N1)	1535	60
HA|PP755589.1|A/cattle/Texas/24-008749-003/2024(H5N1)	1536	59
HA|PP755589.1|A/cattle/Texas/24-008749-003/2024(H5N1)	1537	40
HA|PP755589.1|A/cattle/Texas/24-008749-003/2024(H5N1)	1538	30
HA|PP755589.1|A/cattle/Texas/24-008749-003/2024(H5N1)	1539	30
HA|PP755589.1|A/cattle/Texas/24-008749-003/2024(H5N1)	1540	30
HA|PP755589.1|A/cattle/Texas/24-008749-003/2024(H5N1)	1541	30
HA|PP755589.1|A/cattle/Texas/24-008749-003/2024(H5N1)	1542	29
HA|PP755589.1|A/cattle/Texas/24-008749-003/2024(H5N1)	1543	29
HA|PP755589.1|A/cattle/Texas/24-008749-003/2024(H5N1)	1544	28
HA|PP755589.1|A/cattle/Texas/24-008749-003/2024(H5N1)	1545	28
HA|PP755589.1|A/cattle/Texas/24-008749-003/2024(H5N1)	1546	28
HA|PP755589.1|A/cattle/Texas/24-008749-003/2024(H5N1)	1547	28
HA|PP755589.1|A/cattle/Texas/24-008749-003/2024(H5N1)	1548	25
HA|PP755589.1|A/cattle/Texas/24-008749-003/2024(H5N1)	1549	25
HA|PP755589.1|A/cattle/Texas/24-008749-003/2024(H5N1)	1550	25
HA|PP755589.1|A/cattle/Texas/24-008749-003/2024(H5N1)	1551	25
HA|PP755589.1|A/cattle/Texas/24-008749-003/2024(H5N1)	1552	25
HA|PP755589.1|A/cattle/Texas/24-008749-003/2024(H5N1)	1553	25
HA|PP755589.1|A/cattle/Texas/24-008749-003/2024(H5N1)	1554	25
HA|PP755589.1|A/cattle/Texas/24-008749-003/2024(H5N1)	1555	25
HA|PP755589.1|A/cattle/Texas/24-008749-003/2024(H5N1)	1556	25
HA|PP755589.1|A/cattle/Texas/24-008749-003/2024(H5N1)	1557	32
HA|PP755589.1|A/cattle/Texas/24-008749-003/2024(H5N1)	1558	32
HA|PP755589.1|A/cattle/Texas/24-008749-003/2024(H5N1)	1559	32
HA|PP755589.1|A/cattle/Texas/24-008749-003/2024(H5N1)	1560	32
HA|PP755589.1|A/cattle/Texas/24-008749-003/2024(H5N1)	1561	32
HA|PP755589.1|A/cattle/Texas/24-008749-003/2024(H5N1)	1562	32
HA|PP755589.1|A/cattle/Texas/24-008749-003/2024(H5N1)	1563	32
HA|PP755589.1|A/cattle/Texas/24-008749-003/2024(H5N1)	1564	32
HA|PP755589.1|A/cattle/Texas/24-008749-003/2024(H5N1)	1565	32
HA|PP755589.1|A/cattle/Texas/24-008749-003/2024(H5N1)	1566	32
HA|PP755589.1|A/cattle/Texas/24-008749-003/2024(H5N1)	1567	32
HA|PP755589.1|A/cattle/Texas/24-008749-003/2024(H5N1)	1568	32
HA|PP755589.1|A/cattle/Texas/24-008749-003/2024(H5N1)	1569	32
HA|PP755589.1|A/cattle/Texas/24-008749-003/2024(H5N1)	1570	32
HA|PP755589.1|A/cattle/Texas/24-008749-003/2024(H5N1)	1571	32
HA|PP755589.1|A/cattle/Texas/24-008749-003/2024(H5N1)	1572	32
HA|PP755589.1|A/cattle/Texas/24-008749-003/2024(H5N1)	1573	32
HA|PP755589.1|A/cattle/Texas/24-008749-003/2024(H5N1)	1574	31
HA|PP755589.1|A/cattle/Texas/24-008749-003/2024(H5N1)	1575	31
HA|PP755589.1|A/cattle/Texas/24-008749-003/2024(H5N1)	1576	31
HA|PP755589.1|A/cattle/Texas/24-008749-003/2024(H5N1)	1577	31
HA|PP755589.1|A/cattle/Texas/24-008749-003/2024(H5N1)	1578	31
HA|PP755589.1|A/cattle/Texas/24-008749-003/2024(H5N1)	1579	31
HA|PP755589.1|A/cattle/Texas/24-008749-003/2024(H5N1)	1580	31
HA|PP755589.1|A/cattle/Texas/24-008749-003/2024(H5N1)	1581	31
HA|PP755589.1|A/cattle/Texas/24-008749-003/2024(H5N1)	1582	31
HA|PP755589.1|A/cattle/Texas/24-008749-003/2024(H5N1)	1583	31
HA|PP755589.1|A/cattle/Texas/24-008749-003/2024(H5N1)	1584	31
HA|PP755589.1|A/cattle/Texas/24-008749-003/2024(H5N1)	1585	31
HA|PP755589.1|A/cattle/Texas/24-008749-003/2024(H5N1)	1586	35
HA|PP755589.1|A/cattle/Texas/24-008749-003/2024(H5N1)	1587	37
HA|PP755589.1|A/cattle/Texas/24-008749-003/2024(H5N1)	1588	181
HA|PP755589.1|A/cattle/Texas/24-008749-003/2024(H5N1)	1589	181
HA|PP755589.1|A/cattle/Texas/24-008749-003/2024(H5N1)	1590	181
HA|PP755589.1|A/cattle/Texas/24-008749-003/2024(H5N1)	1591	181
HA|PP755589.1|A/cattle/Texas/24-008749-003/2024(H5N1)	1592	181
HA|PP755589.1|A/cattle/Texas/24-008749-003/2024(H5N1)	1593	188
HA|PP755589.1|A/cattle/Texas/24-008749-003/2024(H5N1)	1594	194
HA|PP755589.1|A/cattle/Texas/24-008749-003/2024(H5N1)	1595	194
HA|PP755589.1|A/cattle/Texas/24-008749-003/2024(H5N1)	1596	194
HA|PP755589.1|A/cattle/Texas/24-008749-003/2024(H5N1)	1597	229
HA|PP755589.1|A/cattle/Texas/24-008749-003/2024(H5N1)	1598	231
HA|PP755589.1|A/cattle/Texas/24-008749-003/2024(H5N1)	1599	235
HA|PP755589.1|A/cattle/Texas/24-008749-003/2024(H5N1)	1600	235
HA|PP755589.1|A/cattle/Texas/24-008749-003/2024(H5N1)	1601	235
HA|PP755589.1|A/cattle/Texas/24-008749-003/2024(H5N1)	1602	236
HA|PP755589.1|A/cattle/Texas/24-008749-003/2024(H5N1)	1603	236
HA|PP755589.1|A/cattle/Texas/24-008749-003/2024(H5N1)	1604	246
HA|PP755589.1|A/cattle/Texas/24-008749-003/2024(H5N1)	1605	246
HA|PP755589.1|A/cattle/Texas/24-008749-003/2024(H5N1)	1606	260
HA|PP755589.1|A/cattle/Texas/24-008749-003/2024(H5N1)	1607	261
HA|PP755589.1|A/cattle/Texas/24-008749-003/2024(H5N1)	1608	261
HA|PP755589.1|A/cattle/Texas/24-008749-003/2024(H5N1)	1609	263
HA|PP755589.1|A/cattle/Texas/24-008749-003/2024(H5N1)	1610	263
HA|PP755589.1|A/cattle/Texas/24-008749-003/2024(H5N1)	1611	263
HA|PP755589.1|A/cattle/Texas/24-008749-003/2024(H5N1)	1612	263
HA|PP755589.1|A/cattle/Texas/24-008749-003/2024(H5N1)	1613	263
HA|PP755589.1|A/cattle/Texas/24-008749-003/2024(H5N1)	1614	263
HA|PP755589.1|A/cattle/Texas/24-008749-003/2024(H5N1)	1615	263
HA|PP755589.1|A/cattle/Texas/24-008749-003/2024(H5N1)	1616	263
HA|PP755589.1|A/cattle/Texas/24-008749-003/2024(H5N1)	1617	263
HA|PP755589.1|A/cattle/Texas/24-008749-003/2024(H5N1)	1618	275
HA|PP755589.1|A/cattle/Texas/24-008749-003/2024(H5N1)	1619	277
HA|PP755589.1|A/cattle/Texas/24-008749-003/2024(H5N1)	1620	278
HA|PP755589.1|A/cattle/Texas/24-008749-003/2024(H5N1)	1621	279
HA|PP755589.1|A/cattle/Texas/24-008749-003/2024(H5N1)	1622	279
HA|PP755589.1|A/cattle/Texas/24-008749-003/2024(H5N1)	1623	279
HA|PP755589.1|A/cattle/Texas/24-008749-003/2024(H5N1)	1624	279
HA|PP755589.1|A/cattle/Texas/24-008749-003/2024(H5N1)	1625	279
HA|PP755589.1|A/cattle/Texas/24-008749-003/2024(H5N1)	1626	279
HA|PP755589.1|A/cattle/Texas/24-008749-003/2024(H5N1)	1627	279
HA|PP755589.1|A/cattle/Texas/24-008749-003/2024(H5N1)	1628	275
HA|PP755589.1|A/cattle/Texas/24-008749-003/2024(H5N1)	1629	273
HA|PP755589.1|A/cattle/Texas/24-008749-003/2024(H5N1)	1630	271
HA|PP755589.1|A/cattle/Texas/24-008749-003/2024(H5N1)	1631	260
HA|PP755589.1|A/cattle/Texas/24-008749-003/2024(H5N1)	1632	260
HA|PP755589.1|A/cattle/Texas/24-008749-003/2024(H5N1)	1633	260
HA|PP755589.1|A/cattle/Texas/24-008749-003/2024(H5N1)	1634	260
HA|PP755589.1|A/cattle/Texas/24-008749-003/2024(H5N1)	1635	260
HA|PP755589.1|A/cattle/Texas/24-008749-003/2024(H5N1)	1636	258
HA|PP755589.1|A/cattle/Texas/24-008749-003/2024(H5N1)	1637	258
HA|PP755589.1|A/cattle/Texas/24-008749-003/2024(H5N1)	1638	254
HA|PP755589.1|A/cattle/Texas/24-008749-003/2024(H5N1)	1639	253
HA|PP755589.1|A/cattle/Texas/24-008749-003/2024(H5N1)	1640	253
HA|PP755589.1|A/cattle/Texas/24-008749-003/2024(H5N1)	1641	252
HA|PP755589.1|A/cattle/Texas/24-008749-003/2024(H5N1)	1642	248
HA|PP755589.1|A/cattle/Texas/24-008749-003/2024(H5N1)	1643	247
HA|PP755589.1|A/cattle/Texas/24-008749-003/2024(H5N1)	1644	245
HA|PP755589.1|A/cattle/Texas/24-008749-003/2024(H5N1)	1645	245
HA|PP755589.1|A/cattle/Texas/24-008749-003/2024(H5N1)	1646	245
HA|PP755589.1|A/cattle/Texas/24-008749-003/2024(H5N1)	1647	236
HA|PP755589.1|A/cattle/Texas/24-008749-003/2024(H5N1)	1648	236
HA|PP755589.1|A/cattle/Texas/24-008749-003/2024(H5N1)	1649	235
HA|PP755589.1|A/cattle/Texas/24-008749-003/2024(H5N1)	1650	235
HA|PP755589.1|A/cattle/Texas/24-008749-003/2024(H5N1)	1651	216
HA|PP755589.1|A/cattle/Texas/24-008749-003/2024(H5N1)	1652	215
HA|PP755589.1|A/cattle/Texas/24-008749-003/2024(H5N1)	1653	215
HA|PP755589.1|A/cattle/Texas/24-008749-003/2024(H5N1)	1654	210
HA|PP755589.1|A/cattle/Texas/24-008749-003/2024(H5N1)	1655	210
HA|PP755589.1|A/cattle/Texas/24-008749-003/2024(H5N1)	1656	209
HA|PP755589.1|A/cattle/Texas/24-008749-003/2024(H5N1)	1657	206
HA|PP755589.1|A/cattle/Texas/24-008749-003/2024(H5N1)	1658	206
HA|PP755589.1|A/cattle/Texas/24-008749-003/2024(H5N1)	1659	205
HA|PP755589.1|A/cattle/Texas/24-008749-003/2024(H5N1)	1660	206
HA|PP755589.1|A/cattle/Texas/24-008749-003/2024(H5N1)	1661	205
HA|PP755589.1|A/cattle/Texas/24-008749-003/2024(H5N1)	1662	201
HA|PP755589.1|A/cattle/Texas/24-008749-003/2024(H5N1)	1663	201
HA|PP755589.1|A/cattle/Texas/24-008749-003/2024(H5N1)	1664	199
HA|PP755589.1|A/cattle/Texas/24-008749-003/2024(H5N1)	1665	199
HA|PP755589.1|A/cattle/Texas/24-008749-003/2024(H5N1)	1666	195
HA|PP755589.1|A/cattle/Texas/24-008749-003/2024(H5N1)	1667	194
HA|PP755589.1|A/cattle/Texas/24-008749-003/2024(H5N1)	1668	191
HA|PP755589.1|A/cattle/Texas/24-008749-003/2024(H5N1)	1669	191
HA|PP755589.1|A/cattle/Texas/24-008749-003/2024(H5N1)	1670	188
HA|PP755589.1|A/cattle/Texas/24-008749-003/2024(H5N1)	1671	186
HA|PP755589.1|A/cattle/Texas/24-008749-003/2024(H5N1)	1672	186
HA|PP755589.1|A/cattle/Texas/24-008749-003/2024(H5N1)	1673	185
HA|PP755589.1|A/cattle/Texas/24-008749-003/2024(H5N1)	1674	148
HA|PP755589.1|A/cattle/Texas/24-008749-003/2024(H5N1)	1675	148
HA|PP755589.1|A/cattle/Texas/24-008749-003/2024(H5N1)	1676	146
HA|PP755589.1|A/cattle/Texas/24-008749-003/2024(H5N1)	1677	141
HA|PP755589.1|A/cattle/Texas/24-008749-003/2024(H5N1)	1678	141
HA|PP755589.1|A/cattle/Texas/24-008749-003/2024(H5N1)	1679	141
HA|PP755589.1|A/cattle/Texas/24-008749-003/2024(H5N1)	1680	141
HA|PP755589.1|A/cattle/Texas/24-008749-003/2024(H5N1)	1681	141
HA|PP755589.1|A/cattle/Texas/24-008749-003/2024(H5N1)	1682	141
HA|PP755589.1|A/cattle/Texas/24-008749-003/2024(H5N1)	1683	141
HA|PP755589.1|A/cattle/Texas/24-008749-003/2024(H5N1)	1684	141
HA|PP755589.1|A/cattle/Texas/24-008749-003/2024(H5N1)	1685	141
HA|PP755589.1|A/cattle/Texas/24-008749-003/2024(H5N1)	1686	141
HA|PP755589.1|A/cattle/Texas/24-008749-003/2024(H5N1)	1687	141
HA|PP755589.1|A/cattle/Texas/24-008749-003/2024(H5N1)	1688	141
HA|PP755589.1|A/cattle/Texas/24-008749-003/2024(H5N1)	1689	141
HA|PP755589.1|A/cattle/Texas/24-008749-003/2024(H5N1)	1690	141
HA|PP755589.1|A/cattle/Texas/24-008749-003/2024(H5N1)	1691	141
HA|PP755589.1|A/cattle/Texas/24-008749-003/2024(H5N1)	1692	141
HA|PP755589.1|A/cattle/Texas/24-008749-003/2024(H5N1)	1693	141
HA|PP755589.1|A/cattle/Texas/24-008749-003/2024(H5N1)	1694	141
HA|PP755589.1|A/cattle/Texas/24-008749-003/2024(H5N1)	1695	135
HA|PP755589.1|A/cattle/Texas/24-008749-003/2024(H5N1)	1696	135
HA|PP755589.1|A/cattle/Texas/24-008749-003/2024(H5N1)	1697	134
HA|PP755589.1|A/cattle/Texas/24-008749-003/2024(H5N1)	1698	133
HA|PP755589.1|A/cattle/Texas/24-008749-003/2024(H5N1)	1699	133
HA|PP755589.1|A/cattle/Texas/24-008749-003/2024(H5N1)	1700	124
HA|PP755589.1|A/cattle/Texas/24-008749-003/2024(H5N1)	1701	3
HA|PP755589.1|A/cattle/Texas/24-008749-003/2024(H5N1)	1702	2
HA|PP755589.1|A/cattle/Texas/24-008749-003/2024(H5N1)	1703	2
HA|PP755589.1|A/cattle/Texas/24-008749-003/2024(H5N1)	1704	2
