NP|PP755592.1|A/cattle/Texas/24-008749-003/2024(H5N1)	1	17
NP|PP755592.1|A/cattle/Texas/24-008749-003/2024(H5N1)	2	17
NP|PP755592.1|A/cattle/Texas/24-008749-003/2024(H5N1)	3	17
NP|PP755592.1|A/cattle/Texas/24-008749-003/2024(H5N1)	4	17
NP|PP755592.1|A/cattle/Texas/24-008749-003/2024(H5N1)	5	17
NP|PP755592.1|A/cattle/Texas/24-008749-003/2024(H5N1)	6	17
NP|PP755592.1|A/cattle/Texas/24-008749-003/2024(H5N1)	7	18
NP|PP755592.1|A/cattle/Texas/24-008749-003/2024(H5N1)	8	18
NP|PP755592.1|A/cattle/Texas/24-008749-003/2024(H5N1)	9	19
NP|PP755592.1|A/cattle/Texas/24-008749-003/2024(H5N1)	10	19
NP|PP755592.1|A/cattle/Texas/24-008749-003/2024(H5N1)	11	19
NP|PP755592.1|A/cattle/Texas/24-008749-003/2024(H5N1)	12	19
NP|PP755592.1|A/cattle/Texas/24-008749-003/2024(H5N1)	13	19
NP|PP755592.1|A/cattle/Texas/24-008749-003/2024(H5N1)	14	19
NP|PP755592.1|A/cattle/Texas/24-008749-003/2024(H5N1)	15	19
NP|PP755592.1|A/cattle/Texas/24-008749-003/2024(H5N1)	16	19
NP|PP755592.1|A/cattle/Texas/24-008749-003/2024(H5N1)	17	19
NP|PP755592.1|A/cattle/Texas/24-008749-003/2024(H5N1)	18	19
NP|PP755592.1|A/cattle/Texas/24-008749-003/2024(H5N1)	19	19
NP|PP755592.1|A/cattle/Texas/24-008749-003/2024(H5N1)	20	19
NP|PP755592.1|A/cattle/Texas/24-008749-003/2024(H5N1)	21	19
NP|PP755592.1|A/cattle/Texas/24-008749-003/2024(H5N1)	22	19
NP|PP755592.1|A/cattle/Texas/24-008749-003/2024(H5N1)	23	19
NP|PP755592.1|A/cattle/Texas/24-008749-003/2024(H5N1)	24	19
NP|PP755592.1|A/cattle/Texas/24-008749-003/2024(H5N1)	25	19
NP|PP755592.1|A/cattle/Texas/24-008749-003/2024(H5N1)	26	19
NP|PP755592.1|A/cattle/Texas/24-008749-003/2024(H5N1)	27	19
NP|PP755592.1|A/cattle/Texas/24-008749-003/2024(H5N1)	28	19
NP|PP755592.1|A/cattle/Texas/24-008749-003/2024(H5N1)	29	19
NP|PP755592.1|A/cattle/Texas/24-008749-003/2024(H5N1)	30	19
NP|PP755592.1|A/cattle/Texas/24-008749-003/2024(H5N1)	31	19
NP|PP755592.1|A/cattle/Texas/24-008749-003/2024(H5N1)	32	19
NP|PP755592.1|A/cattle/Texas/24-008749-003/2024(H5N1)	33	19
NP|PP755592.1|A/cattle/Texas/24-008749-003/2024(H5N1)	34	19
NP|PP755592.1|A/cattle/Texas/24-008749-003/2024(H5N1)	35	19
NP|PP755592.1|A/cattle/Texas/24-008749-003/2024(H5N1)	36	19
NP|PP755592.1|A/cattle/Texas/24-008749-003/2024(H5N1)	37	19
NP|PP755592.1|A/cattle/Texas/24-008749-003/2024(H5N1)	38	19
NP|PP755592.1|A/cattle/Texas/24-008749-003/2024(H5N1)	39	19
NP|PP755592.1|A/cattle/Texas/24-008749-003/2024(H5N1)	40	19
NP|PP755592.1|A/cattle/Texas/24-008749-003/2024(H5N1)	41	19
NP|PP755592.1|A/cattle/Texas/24-008749-003/2024(H5N1)	42	19
NP|PP755592.1|A/cattle/Texas/24-008749-003/2024(H5N1)	43	19
NP|PP755592.1|A/cattle/Texas/24-008749-003/2024(H5N1)	44	19
NP|PP755592.1|A/cattle/Texas/24-008749-003/2024(H5N1)	45	19
NP|PP755592.1|A/cattle/Texas/24-008749-003/2024(H5N1)	46	19
NP|PP755592.1|A/cattle/Texas/24-008749-003/2024(H5N1)	47	19
NP|PP755592.1|A/cattle/Texas/24-008749-003/2024(H5N1)	48	19
NP|PP755592.1|A/cattle/Texas/24-008749-003/2024(H5N1)	49	19
NP|PP755592.1|A/cattle/Texas/24-008749-003/2024(H5N1)	50	19
NP|PP755592.1|A/cattle/Texas/24-008749-003/2024(H5N1)	51	19
NP|PP755592.1|A/cattle/Texas/24-008749-003/2024(H5N1)	52	19
NP|PP755592.1|A/cattle/Texas/24-008749-003/2024(H5N1)	53	19
NP|PP755592.1|A/cattle/Texas/24-008749-003/2024(H5N1)	54	19
NP|PP755592.1|A/cattle/Texas/24-008749-003/2024(H5N1)	55	18
NP|PP755592.1|A/cattle/Texas/24-008749-003/2024(H5N1)	56	19
NP|PP755592.1|A/cattle/Texas/24-008749-003/2024(H5N1)	57	19
NP|PP755592.1|A/cattle/Texas/24-008749-003/2024(H5N1)	58	19
NP|PP755592.1|A/cattle/Texas/24-008749-003/2024(H5N1)	59	19
NP|PP755592.1|A/cattle/Texas/24-008749-003/2024(H5N1)	60	19
NP|PP755592.1|A/cattle/Texas/24-008749-003/2024(H5N1)	61	19
NP|PP755592.1|A/cattle/Texas/24-008749-003/2024(H5N1)	62	19
NP|PP755592.1|A/cattle/Texas/24-008749-003/2024(H5N1)	63	19
NP|PP755592.1|A/cattle/Texas/24-008749-003/2024(H5N1)	64	19
NP|PP755592.1|A/cattle/Texas/24-008749-003/2024(H5N1)	65	19
NP|PP755592.1|A/cattle/Texas/24-008749-003/2024(H5N1)	66	19
NP|PP755592.1|A/cattle/Texas/24-008749-003/2024(H5N1)	67	20
NP|PP755592.1|A/cattle/Texas/24-008749-003/2024(H5N1)	68	20
NP|PP755592.1|A/cattle/Texas/24-008749-003/2024(H5N1)	69	20
NP|PP755592.1|A/cattle/Texas/24-008749-003/2024(H5N1)	70	20
NP|PP755592.1|A/cattle/Texas/24-008749-003/2024(H5N1)	71	20
NP|PP755592.1|A/cattle/Texas/24-008749-003/2024(H5N1)	72	20
NP|PP755592.1|A/cattle/Texas/24-008749-003/2024(H5N1)	73	20
NP|PP755592.1|A/cattle/Texas/24-008749-003/2024(H5N1)	74	20
NP|PP755592.1|A/cattle/Texas/24-008749-003/2024(H5N1)	75	20
NP|PP755592.1|A/cattle/Texas/24-008749-003/2024(H5N1)	76	20
NP|PP755592.1|A/cattle/Texas/24-008749-003/2024(H5N1)	77	20
NP|PP755592.1|A/cattle/Texas/24-008749-003/2024(H5N1)	78	20
NP|PP755592.1|A/cattle/Texas/24-008749-003/2024(H5N1)	79	20
NP|PP755592.1|A/cattle/Texas/24-008749-003/2024(H5N1)	80	20
NP|PP755592.1|A/cattle/Texas/24-008749-003/2024(H5N1)	81	20
NP|PP755592.1|A/cattle/Texas/24-008749-003/2024(H5N1)	82	21
NP|PP755592.1|A/cattle/Texas/24-008749-003/2024(H5N1)	83	21
NP|PP755592.1|A/cattle/Texas/24-008749-003/2024(H5N1)	84	21
NP|PP755592.1|A/cattle/Texas/24-008749-003/2024(H5N1)	85	23
NP|PP755592.1|A/cattle/Texas/24-008749-003/2024(H5N1)	86	23
NP|PP755592.1|A/cattle/Texas/24-008749-003/2024(H5N1)	87	24
NP|PP755592.1|A/cattle/Texas/24-008749-003/2024(H5N1)	88	24
NP|PP755592.1|A/cattle/Texas/24-008749-003/2024(H5N1)	89	24
NP|PP755592.1|A/cattle/Texas/24-008749-003/2024(H5N1)	90	24
NP|PP755592.1|A/cattle/Texas/24-008749-003/2024(H5N1)	91	24
NP|PP755592.1|A/cattle/Texas/24-008749-003/2024(H5N1)	92	24
NP|PP755592.1|A/cattle/Texas/24-008749-003/2024(H5N1)	93	24
NP|PP755592.1|A/cattle/Texas/24-008749-003/2024(H5N1)	94	24
NP|PP755592.1|A/cattle/Texas/24-008749-003/2024(H5N1)	95	24
NP|PP755592.1|A/cattle/Texas/24-008749-003/2024(H5N1)	96	24
NP|PP755592.1|A/cattle/Texas/24-008749-003/2024(H5N1)	97	24
NP|PP755592.1|A/cattle/Texas/24-008749-003/2024(H5N1)	98	24
NP|PP755592.1|A/cattle/Texas/24-008749-003/2024(H5N1)	99	23
NP|PP755592.1|A/cattle/Texas/24-008749-003/2024(H5N1)	100	23
NP|PP755592.1|A/cattle/Texas/24-008749-003/2024(H5N1)	101	21
NP|PP755592.1|A/cattle/Texas/24-008749-003/2024(H5N1)	102	21
NP|PP755592.1|A/cattle/Texas/24-008749-003/2024(H5N1)	103	22
NP|PP755592.1|A/cattle/Texas/24-008749-003/2024(H5N1)	104	22
NP|PP755592.1|A/cattle/Texas/24-008749-003/2024(H5N1)	105	21
NP|PP755592.1|A/cattle/Texas/24-008749-003/2024(H5N1)	106	21
NP|PP755592.1|A/cattle/Texas/24-008749-003/2024(H5N1)	107	21
NP|PP755592.1|A/cattle/Texas/24-008749-003/2024(H5N1)	108	21
NP|PP755592.1|A/cattle/Texas/24-008749-003/2024(H5N1)	109	21
NP|PP755592.1|A/cattle/Texas/24-008749-003/2024(H5N1)	110	22
NP|PP755592.1|A/cattle/Texas/24-008749-003/2024(H5N1)	111	22
NP|PP755592.1|A/cattle/Texas/24-008749-003/2024(H5N1)	112	22
NP|PP755592.1|A/cattle/Texas/24-008749-003/2024(H5N1)	113	22
NP|PP755592.1|A/cattle/Texas/24-008749-003/2024(H5N1)	114	22
NP|PP755592.1|A/cattle/Texas/24-008749-003/2024(H5N1)	115	22
NP|PP755592.1|A/cattle/Texas/24-008749-003/2024(H5N1)	116	22
NP|PP755592.1|A/cattle/Texas/24-008749-003/2024(H5N1)	117	21
NP|PP755592.1|A/cattle/Texas/24-008749-003/2024(H5N1)	118	21
NP|PP755592.1|A/cattle/Texas/24-008749-003/2024(H5N1)	119	21
NP|PP755592.1|A/cattle/Texas/24-008749-003/2024(H5N1)	120	21
NP|PP755592.1|A/cattle/Texas/24-008749-003/2024(H5N1)	121	21
NP|PP755592.1|A/cattle/Texas/24-008749-003/2024(H5N1)	122	20
NP|PP755592.1|A/cattle/Texas/24-008749-003/2024(H5N1)	123	20
NP|PP755592.1|A/cattle/Texas/24-008749-003/2024(H5N1)	124	20
NP|PP755592.1|A/cattle/Texas/24-008749-003/2024(H5N1)	125	20
NP|PP755592.1|A/cattle/Texas/24-008749-003/2024(H5N1)	126	22
NP|PP755592.1|A/cattle/Texas/24-008749-003/2024(H5N1)	127	22
NP|PP755592.1|A/cattle/Texas/24-008749-003/2024(H5N1)	128	22
NP|PP755592.1|A/cattle/Texas/24-008749-003/2024(H5N1)	129	22
NP|PP755592.1|A/cattle/Texas/24-008749-003/2024(H5N1)	130	22
NP|PP755592.1|A/cattle/Texas/24-008749-003/2024(H5N1)	131	22
NP|PP755592.1|A/cattle/Texas/24-008749-003/2024(H5N1)	132	23
NP|PP755592.1|A/cattle/Texas/24-008749-003/2024(H5N1)	133	23
NP|PP755592.1|A/cattle/Texas/24-008749-003/2024(H5N1)	134	19
NP|PP755592.1|A/cattle/Texas/24-008749-003/2024(H5N1)	135	18
NP|PP755592.1|A/cattle/Texas/24-008749-003/2024(H5N1)	136	22
NP|PP755592.1|A/cattle/Texas/24-008749-003/2024(H5N1)	137	22
NP|PP755592.1|A/cattle/Texas/24-008749-003/2024(H5N1)	138	22
NP|PP755592.1|A/cattle/Texas/24-008749-003/2024(H5N1)	139	22
NP|PP755592.1|A/cattle/Texas/24-008749-003/2024(H5N1)	140	22
NP|PP755592.1|A/cattle/Texas/24-008749-003/2024(H5N1)	141	22
NP|PP755592.1|A/cattle/Texas/24-008749-003/2024(H5N1)	142	22
NP|PP755592.1|A/cattle/Texas/24-008749-003/2024(H5N1)	143	22
NP|PP755592.1|A/cattle/Texas/24-008749-003/2024(H5N1)	144	23
NP|PP755592.1|A/cattle/Texas/24-008749-003/2024(H5N1)	145	21
NP|PP755592.1|A/cattle/Texas/24-008749-003/2024(H5N1)	146	21
NP|PP755592.1|A/cattle/Texas/24-008749-003/2024(H5N1)	147	21
NP|PP755592.1|A/cattle/Texas/24-008749-003/2024(H5N1)	148	21
NP|PP755592.1|A/cattle/Texas/24-008749-003/2024(H5N1)	149	22
NP|PP755592.1|A/cattle/Texas/24-008749-003/2024(H5N1)	150	22
NP|PP755592.1|A/cattle/Texas/24-008749-003/2024(H5N1)	151	22
NP|PP755592.1|A/cattle/Texas/24-008749-003/2024(H5N1)	152	22
NP|PP755592.1|A/cattle/Texas/24-008749-003/2024(H5N1)	153	21
NP|PP755592.1|A/cattle/Texas/24-008749-003/2024(H5N1)	154	21
NP|PP755592.1|A/cattle/Texas/24-008749-003/2024(H5N1)	155	22
NP|PP755592.1|A/cattle/Texas/24-008749-003/2024(H5N1)	156	22
NP|PP755592.1|A/cattle/Texas/24-008749-003/2024(H5N1)	157	22
NP|PP755592.1|A/cattle/Texas/24-008749-003/2024(H5N1)	158	22
NP|PP755592.1|A/cattle/Texas/24-008749-003/2024(H5N1)	159	22
NP|PP755592.1|A/cattle/Texas/24-008749-003/2024(H5N1)	160	21
NP|PP755592.1|A/cattle/Texas/24-008749-003/2024(H5N1)	161	21
NP|PP755592.1|A/cattle/Texas/24-008749-003/2024(H5N1)	162	21
NP|PP755592.1|A/cattle/Texas/24-008749-003/2024(H5N1)	163	21
NP|PP755592.1|A/cattle/Texas/24-008749-003/2024(H5N1)	164	21
NP|PP755592.1|A/cattle/Texas/24-008749-003/2024(H5N1)	165	21
NP|PP755592.1|A/cattle/Texas/24-008749-003/2024(H5N1)	166	21
NP|PP755592.1|A/cattle/Texas/24-008749-003/2024(H5N1)	167	22
NP|PP755592.1|A/cattle/Texas/24-008749-003/2024(H5N1)	168	22
NP|PP755592.1|A/cattle/Texas/24-008749-003/2024(H5N1)	169	22
NP|PP755592.1|A/cattle/Texas/24-008749-003/2024(H5N1)	170	22
NP|PP755592.1|A/cattle/Texas/24-008749-003/2024(H5N1)	171	22
NP|PP755592.1|A/cattle/Texas/24-008749-003/2024(H5N1)	172	23
NP|PP755592.1|A/cattle/Texas/24-008749-003/2024(H5N1)	173	23
NP|PP755592.1|A/cattle/Texas/24-008749-003/2024(H5N1)	174	23
NP|PP755592.1|A/cattle/Texas/24-008749-003/2024(H5N1)	175	23
NP|PP755592.1|A/cattle/Texas/24-008749-003/2024(H5N1)	176	23
NP|PP755592.1|A/cattle/Texas/24-008749-003/2024(H5N1)	177	23
NP|PP755592.1|A/cattle/Texas/24-008749-003/2024(H5N1)	178	23
NP|PP755592.1|A/cattle/Texas/24-008749-003/2024(H5N1)	179	24
NP|PP755592.1|A/cattle/Texas/24-008749-003/2024(H5N1)	180	25
NP|PP755592.1|A/cattle/Texas/24-008749-003/2024(H5N1)	181	25
NP|PP755592.1|A/cattle/Texas/24-008749-003/2024(H5N1)	182	26
NP|PP755592.1|A/cattle/Texas/24-008749-003/2024(H5N1)	183	26
NP|PP755592.1|A/cattle/Texas/24-008749-003/2024(H5N1)	184	27
NP|PP755592.1|A/cattle/Texas/24-008749-003/2024(H5N1)	185	28
NP|PP755592.1|A/cattle/Texas/24-008749-003/2024(H5N1)	186	28
NP|PP755592.1|A/cattle/Texas/24-008749-003/2024(H5N1)	187	28
NP|PP755592.1|A/cattle/Texas/24-008749-003/2024(H5N1)	188	28
NP|PP755592.1|A/cattle/Texas/24-008749-003/2024(H5N1)	189	28
NP|PP755592.1|A/cattle/Texas/24-008749-003/2024(H5N1)	190	28
NP|PP755592.1|A/cattle/Texas/24-008749-003/2024(H5N1)	191	28
NP|PP755592.1|A/cattle/Texas/24-008749-003/2024(H5N1)	192	28
NP|PP755592.1|A/cattle/Texas/24-008749-003/2024(H5N1)	193	28
NP|PP755592.1|A/cattle/Texas/24-008749-003/2024(H5N1)	194	28
NP|PP755592.1|A/cattle/Texas/24-008749-003/2024(H5N1)	195	28
NP|PP755592.1|A/cattle/Texas/24-008749-003/2024(H5N1)	196	28
NP|PP755592.1|A/cattle/Texas/24-008749-003/2024(H5N1)	197	28
NP|PP755592.1|A/cattle/Texas/24-008749-003/2024(H5N1)	198	28
NP|PP755592.1|A/cattle/Texas/24-008749-003/2024(H5N1)	199	28
NP|PP755592.1|A/cattle/Texas/24-008749-003/2024(H5N1)	200	28
NP|PP755592.1|A/cattle/Texas/24-008749-003/2024(H5N1)	201	28
NP|PP755592.1|A/cattle/Texas/24-008749-003/2024(H5N1)	202	28
NP|PP755592.1|A/cattle/Texas/24-008749-003/2024(H5N1)	203	27
NP|PP755592.1|A/cattle/Texas/24-008749-003/2024(H5N1)	204	26
NP|PP755592.1|A/cattle/Texas/24-008749-003/2024(H5N1)	205	26
NP|PP755592.1|A/cattle/Texas/24-008749-003/2024(H5N1)	206	28
NP|PP755592.1|A/cattle/Texas/24-008749-003/2024(H5N1)	207	28
NP|PP755592.1|A/cattle/Texas/24-008749-003/2024(H5N1)	208	28
NP|PP755592.1|A/cattle/Texas/24-008749-003/2024(H5N1)	209	28
NP|PP755592.1|A/cattle/Texas/24-008749-003/2024(H5N1)	210	28
NP|PP755592.1|A/cattle/Texas/24-008749-003/2024(H5N1)	211	28
NP|PP755592.1|A/cattle/Texas/24-008749-003/2024(H5N1)	212	28
NP|PP755592.1|A/cattle/Texas/24-008749-003/2024(H5N1)	213	28
NP|PP755592.1|A/cattle/Texas/24-008749-003/2024(H5N1)	214	28
NP|PP755592.1|A/cattle/Texas/24-008749-003/2024(H5N1)	215	28
NP|PP755592.1|A/cattle/Texas/24-008749-003/2024(H5N1)	216	28
NP|PP755592.1|A/cattle/Texas/24-008749-003/2024(H5N1)	217	28
NP|PP755592.1|A/cattle/Texas/24-008749-003/2024(H5N1)	218	27
NP|PP755592.1|A/cattle/Texas/24-008749-003/2024(H5N1)	219	27
NP|PP755592.1|A/cattle/Texas/24-008749-003/2024(H5N1)	220	27
NP|PP755592.1|A/cattle/Texas/24-008749-003/2024(H5N1)	221	27
NP|PP755592.1|A/cattle/Texas/24-008749-003/2024(H5N1)	222	27
NP|PP755592.1|A/cattle/Texas/24-008749-003/2024(H5N1)	223	27
NP|PP755592.1|A/cattle/Texas/24-008749-003/2024(H5N1)	224	27
NP|PP755592.1|A/cattle/Texas/24-008749-003/2024(H5N1)	225	28
NP|PP755592.1|A/cattle/Texas/24-008749-003/2024(H5N1)	226	28
NP|PP755592.1|A/cattle/Texas/24-008749-003/2024(H5N1)	227	28
NP|PP755592.1|A/cattle/Texas/24-008749-003/2024(H5N1)	228	28
NP|PP755592.1|A/cattle/Texas/24-008749-003/2024(H5N1)	229	29
NP|PP755592.1|A/cattle/Texas/24-008749-003/2024(H5N1)	230	30
NP|PP755592.1|A/cattle/Texas/24-008749-003/2024(H5N1)	231	30
NP|PP755592.1|A/cattle/Texas/24-008749-003/2024(H5N1)	232	30
NP|PP755592.1|A/cattle/Texas/24-008749-003/2024(H5N1)	233	29
NP|PP755592.1|A/cattle/Texas/24-008749-003/2024(H5N1)	234	29
NP|PP755592.1|A/cattle/Texas/24-008749-003/2024(H5N1)	235	26
NP|PP755592.1|A/cattle/Texas/24-008749-003/2024(H5N1)	236	26
NP|PP755592.1|A/cattle/Texas/24-008749-003/2024(H5N1)	237	26
NP|PP755592.1|A/cattle/Texas/24-008749-003/2024(H5N1)	238	27
NP|PP755592.1|A/cattle/Texas/24-008749-003/2024(H5N1)	239	27
NP|PP755592.1|A/cattle/Texas/24-008749-003/2024(H5N1)	240	27
NP|PP755592.1|A/cattle/Texas/24-008749-003/2024(H5N1)	241	28
NP|PP755592.1|A/cattle/Texas/24-008749-003/2024(H5N1)	242	28
NP|PP755592.1|A/cattle/Texas/24-008749-003/2024(H5N1)	243	28
NP|PP755592.1|A/cattle/Texas/24-008749-003/2024(H5N1)	244	28
NP|PP755592.1|A/cattle/Texas/24-008749-003/2024(H5N1)	245	28
NP|PP755592.1|A/cattle/Texas/24-008749-003/2024(H5N1)	246	29
NP|PP755592.1|A/cattle/Texas/24-008749-003/2024(H5N1)	247	31
NP|PP755592.1|A/cattle/Texas/24-008749-003/2024(H5N1)	248	31
NP|PP755592.1|A/cattle/Texas/24-008749-003/2024(H5N1)	249	31
NP|PP755592.1|A/cattle/Texas/24-008749-003/2024(H5N1)	250	31
NP|PP755592.1|A/cattle/Texas/24-008749-003/2024(H5N1)	251	32
NP|PP755592.1|A/cattle/Texas/24-008749-003/2024(H5N1)	252	32
NP|PP755592.1|A/cattle/Texas/24-008749-003/2024(H5N1)	253	32
NP|PP755592.1|A/cattle/Texas/24-008749-003/2024(H5N1)	254	30
NP|PP755592.1|A/cattle/Texas/24-008749-003/2024(H5N1)	255	29
NP|PP755592.1|A/cattle/Texas/24-008749-003/2024(H5N1)	256	29
NP|PP755592.1|A/cattle/Texas/24-008749-003/2024(H5N1)	257	29
NP|PP755592.1|A/cattle/Texas/24-008749-003/2024(H5N1)	258	29
NP|PP755592.1|A/cattle/Texas/24-008749-003/2024(H5N1)	259	29
NP|PP755592.1|A/cattle/Texas/24-008749-003/2024(H5N1)	260	28
NP|PP755592.1|A/cattle/Texas/24-008749-003/2024(H5N1)	261	28
NP|PP755592.1|A/cattle/Texas/24-008749-003/2024(H5N1)	262	28
NP|PP755592.1|A/cattle/Texas/24-008749-003/2024(H5N1)	263	30
NP|PP755592.1|A/cattle/Texas/24-008749-003/2024(H5N1)	264	30
NP|PP755592.1|A/cattle/Texas/24-008749-003/2024(H5N1)	265	30
NP|PP755592.1|A/cattle/Texas/24-008749-003/2024(H5N1)	266	30
NP|PP755592.1|A/cattle/Texas/24-008749-003/2024(H5N1)	267	30
NP|PP755592.1|A/cattle/Texas/24-008749-003/2024(H5N1)	268	30
NP|PP755592.1|A/cattle/Texas/24-008749-003/2024(H5N1)	269	30
NP|PP755592.1|A/cattle/Texas/24-008749-003/2024(H5N1)	270	30
NP|PP755592.1|A/cattle/Texas/24-008749-003/2024(H5N1)	271	31
NP|PP755592.1|A/cattle/Texas/24-008749-003/2024(H5N1)	272	31
NP|PP755592.1|A/cattle/Texas/24-008749-003/2024(H5N1)	273	32
NP|PP755592.1|A/cattle/Texas/24-008749-003/2024(H5N1)	274	33
NP|PP755592.1|A/cattle/Texas/24-008749-003/2024(H5N1)	275	31
NP|PP755592.1|A/cattle/Texas/24-008749-003/2024(H5N1)	276	31
NP|PP755592.1|A/cattle/Texas/24-008749-003/2024(H5N1)	277	31
NP|PP755592.1|A/cattle/Texas/24-008749-003/2024(H5N1)	278	31
NP|PP755592.1|A/cattle/Texas/24-008749-003/2024(H5N1)	279	31
NP|PP755592.1|A/cattle/Texas/24-008749-003/2024(H5N1)	280	32
NP|PP755592.1|A/cattle/Texas/24-008749-003/2024(H5N1)	281	32
NP|PP755592.1|A/cattle/Texas/24-008749-003/2024(H5N1)	282	32
NP|PP755592.1|A/cattle/Texas/24-008749-003/2024(H5N1)	283	32
NP|PP755592.1|A/cattle/Texas/24-008749-003/2024(H5N1)	284	32
NP|PP755592.1|A/cattle/Texas/24-008749-003/2024(H5N1)	285	32
NP|PP755592.1|A/cattle/Texas/24-008749-003/2024(H5N1)	286	32
NP|PP755592.1|A/cattle/Texas/24-008749-003/2024(H5N1)	287	29
NP|PP755592.1|A/cattle/Texas/24-008749-003/2024(H5N1)	288	29
NP|PP755592.1|A/cattle/Texas/24-008749-003/2024(H5N1)	289	29
NP|PP755592.1|A/cattle/Texas/24-008749-003/2024(H5N1)	290	29
NP|PP755592.1|A/cattle/Texas/24-008749-003/2024(H5N1)	291	29
NP|PP755592.1|A/cattle/Texas/24-008749-003/2024(H5N1)	292	29
NP|PP755592.1|A/cattle/Texas/24-008749-003/2024(H5N1)	293	29
NP|PP755592.1|A/cattle/Texas/24-008749-003/2024(H5N1)	294	29
NP|PP755592.1|A/cattle/Texas/24-008749-003/2024(H5N1)	295	28
NP|PP755592.1|A/cattle/Texas/24-008749-003/2024(H5N1)	296	28
NP|PP755592.1|A/cattle/Texas/24-008749-003/2024(H5N1)	297	29
NP|PP755592.1|A/cattle/Texas/24-008749-003/2024(H5N1)	298	30
NP|PP755592.1|A/cattle/Texas/24-008749-003/2024(H5N1)	299	30
NP|PP755592.1|A/cattle/Texas/24-008749-003/2024(H5N1)	300	29
NP|PP755592.1|A/cattle/Texas/24-008749-003/2024(H5N1)	301	29
NP|PP755592.1|A/cattle/Texas/24-008749-003/2024(H5N1)	302	30
NP|PP755592.1|A/cattle/Texas/24-008749-003/2024(H5N1)	303	30
NP|PP755592.1|A/cattle/Texas/24-008749-003/2024(H5N1)	304	29
NP|PP755592.1|A/cattle/Texas/24-008749-003/2024(H5N1)	305	29
NP|PP755592.1|A/cattle/Texas/24-008749-003/2024(H5N1)	306	29
NP|PP755592.1|A/cattle/Texas/24-008749-003/2024(H5N1)	307	30
NP|PP755592.1|A/cattle/Texas/24-008749-003/2024(H5N1)	308	30
NP|PP755592.1|A/cattle/Texas/24-008749-003/2024(H5N1)	309	30
NP|PP755592.1|A/cattle/Texas/24-008749-003/2024(H5N1)	310	29
NP|PP755592.1|A/cattle/Texas/24-008749-003/2024(H5N1)	311	29
NP|PP755592.1|A/cattle/Texas/24-008749-003/2024(H5N1)	312	29
NP|PP755592.1|A/cattle/Texas/24-008749-003/2024(H5N1)	313	29
NP|PP755592.1|A/cattle/Texas/24-008749-003/2024(H5N1)	314	29
NP|PP755592.1|A/cattle/Texas/24-008749-003/2024(H5N1)	315	29
NP|PP755592.1|A/cattle/Texas/24-008749-003/2024(H5N1)	316	29
NP|PP755592.1|A/cattle/Texas/24-008749-003/2024(H5N1)	317	29
NP|PP755592.1|A/cattle/Texas/24-008749-003/2024(H5N1)	318	28
NP|PP755592.1|A/cattle/Texas/24-008749-003/2024(H5N1)	319	30
NP|PP755592.1|A/cattle/Texas/24-008749-003/2024(H5N1)	320	30
NP|PP755592.1|A/cattle/Texas/24-008749-003/2024(H5N1)	321	31
NP|PP755592.1|A/cattle/Texas/24-008749-003/2024(H5N1)	322	32
NP|PP755592.1|A/cattle/Texas/24-008749-003/2024(H5N1)	323	32
NP|PP755592.1|A/cattle/Texas/24-008749-003/2024(H5N1)	324	32
NP|PP755592.1|A/cattle/Texas/24-008749-003/2024(H5N1)	325	32
NP|PP755592.1|A/cattle/Texas/24-008749-003/2024(H5N1)	326	34
NP|PP755592.1|A/cattle/Texas/24-008749-003/2024(H5N1)	327	34
NP|PP755592.1|A/cattle/Texas/24-008749-003/2024(H5N1)	328	35
NP|PP755592.1|A/cattle/Texas/24-008749-003/2024(H5N1)	329	34
NP|PP755592.1|A/cattle/Texas/24-008749-003/2024(H5N1)	330	33
NP|PP755592.1|A/cattle/Texas/24-008749-003/2024(H5N1)	331	33
NP|PP755592.1|A/cattle/Texas/24-008749-003/2024(H5N1)	332	33
NP|PP755592.1|A/cattle/Texas/24-008749-003/2024(H5N1)	333	32
NP|PP755592.1|A/cattle/Texas/24-008749-003/2024(H5N1)	334	34
NP|PP755592.1|A/cattle/Texas/24-008749-003/2024(H5N1)	335	34
NP|PP755592.1|A/cattle/Texas/24-008749-003/2024(H5N1)	336	33
NP|PP755592.1|A/cattle/Texas/24-008749-003/2024(H5N1)	337	33
NP|PP755592.1|A/cattle/Texas/24-008749-003/2024(H5N1)	338	33
NP|PP755592.1|A/cattle/Texas/24-008749-003/2024(H5N1)	339	33
NP|PP755592.1|A/cattle/Texas/24-008749-003/2024(H5N1)	340	33
NP|PP755592.1|A/cattle/Texas/24-008749-003/2024(H5N1)	341	33
NP|PP755592.1|A/cattle/Texas/24-008749-003/2024(H5N1)	342	33
NP|PP755592.1|A/cattle/Texas/24-008749-003/2024(H5N1)	343	33
NP|PP755592.1|A/cattle/Texas/24-008749-003/2024(H5N1)	344	33
NP|PP755592.1|A/cattle/Texas/24-008749-003/2024(H5N1)	345	33
NP|PP755592.1|A/cattle/Texas/24-008749-003/2024(H5N1)	346	33
NP|PP755592.1|A/cattle/Texas/24-008749-003/2024(H5N1)	347	33
NP|PP755592.1|A/cattle/Texas/24-008749-003/2024(H5N1)	348	33
NP|PP755592.1|A/cattle/Texas/24-008749-003/2024(H5N1)	349	33
NP|PP755592.1|A/cattle/Texas/24-008749-003/2024(H5N1)	350	34
NP|PP755592.1|A/cattle/Texas/24-008749-003/2024(H5N1)	351	34
NP|PP755592.1|A/cattle/Texas/24-008749-003/2024(H5N1)	352	34
NP|PP755592.1|A/cattle/Texas/24-008749-003/2024(H5N1)	353	34
NP|PP755592.1|A/cattle/Texas/24-008749-003/2024(H5N1)	354	34
NP|PP755592.1|A/cattle/Texas/24-008749-003/2024(H5N1)	355	38
NP|PP755592.1|A/cattle/Texas/24-008749-003/2024(H5N1)	356	38
NP|PP755592.1|A/cattle/Texas/24-008749-003/2024(H5N1)	357	36
NP|PP755592.1|A/cattle/Texas/24-008749-003/2024(H5N1)	358	36
NP|PP755592.1|A/cattle/Texas/24-008749-003/2024(H5N1)	359	36
NP|PP755592.1|A/cattle/Texas/24-008749-003/2024(H5N1)	360	36
NP|PP755592.1|A/cattle/Texas/24-008749-003/2024(H5N1)	361	36
NP|PP755592.1|A/cattle/Texas/24-008749-003/2024(H5N1)	362	36
NP|PP755592.1|A/cattle/Texas/24-008749-003/2024(H5N1)	363	37
NP|PP755592.1|A/cattle/Texas/24-008749-003/2024(H5N1)	364	37
NP|PP755592.1|A/cattle/Texas/24-008749-003/2024(H5N1)	365	37
NP|PP755592.1|A/cattle/Texas/24-008749-003/2024(H5N1)	366	37
NP|PP755592.1|A/cattle/Texas/24-008749-003/2024(H5N1)	367	38
NP|PP755592.1|A/cattle/Texas/24-008749-003/2024(H5N1)	368	38
NP|PP755592.1|A/cattle/Texas/24-008749-003/2024(H5N1)	369	38
NP|PP755592.1|A/cattle/Texas/24-008749-003/2024(H5N1)	370	38
NP|PP755592.1|A/cattle/Texas/24-008749-003/2024(H5N1)	371	39
NP|PP755592.1|A/cattle/Texas/24-008749-003/2024(H5N1)	372	38
NP|PP755592.1|A/cattle/Texas/24-008749-003/2024(H5N1)	373	38
NP|PP755592.1|A/cattle/Texas/24-008749-003/2024(H5N1)	374	39
NP|PP755592.1|A/cattle/Texas/24-008749-003/2024(H5N1)	375	39
NP|PP755592.1|A/cattle/Texas/24-008749-003/2024(H5N1)	376	39
NP|PP755592.1|A/cattle/Texas/24-008749-003/2024(H5N1)	377	39
NP|PP755592.1|A/cattle/Texas/24-008749-003/2024(H5N1)	378	39
NP|PP755592.1|A/cattle/Texas/24-008749-003/2024(H5N1)	379	39
NP|PP755592.1|A/cattle/Texas/24-008749-003/2024(H5N1)	380	38
NP|PP755592.1|A/cattle/Texas/24-008749-003/2024(H5N1)	381	37
NP|PP755592.1|A/cattle/Texas/24-008749-003/2024(H5N1)	382	37
NP|PP755592.1|A/cattle/Texas/24-008749-003/2024(H5N1)	383	39
NP|PP755592.1|A/cattle/Texas/24-008749-003/2024(H5N1)	384	40
NP|PP755592.1|A/cattle/Texas/24-008749-003/2024(H5N1)	385	40
NP|PP755592.1|A/cattle/Texas/24-008749-003/2024(H5N1)	386	40
NP|PP755592.1|A/cattle/Texas/24-008749-003/2024(H5N1)	387	40
NP|PP755592.1|A/cattle/Texas/24-008749-003/2024(H5N1)	388	40
NP|PP755592.1|A/cattle/Texas/24-008749-003/2024(H5N1)	389	38
NP|PP755592.1|A/cattle/Texas/24-008749-003/2024(H5N1)	390	38
NP|PP755592.1|A/cattle/Texas/24-008749-003/2024(H5N1)	391	38
NP|PP755592.1|A/cattle/Texas/24-008749-003/2024(H5N1)	392	36
NP|PP755592.1|A/cattle/Texas/24-008749-003/2024(H5N1)	393	36
NP|PP755592.1|A/cattle/Texas/24-008749-003/2024(H5N1)	394	36
NP|PP755592.1|A/cattle/Texas/24-008749-003/2024(H5N1)	395	39
NP|PP755592.1|A/cattle/Texas/24-008749-003/2024(H5N1)	396	39
NP|PP755592.1|A/cattle/Texas/24-008749-003/2024(H5N1)	397	38
NP|PP755592.1|A/cattle/Texas/24-008749-003/2024(H5N1)	398	38
NP|PP755592.1|A/cattle/Texas/24-008749-003/2024(H5N1)	399	38
NP|PP755592.1|A/cattle/Texas/24-008749-003/2024(H5N1)	400	38
NP|PP755592.1|A/cattle/Texas/24-008749-003/2024(H5N1)	401	38
NP|PP755592.1|A/cattle/Texas/24-008749-003/2024(H5N1)	402	39
NP|PP755592.1|A/cattle/Texas/24-008749-003/2024(H5N1)	403	39
NP|PP755592.1|A/cattle/Texas/24-008749-003/2024(H5N1)	404	39
NP|PP755592.1|A/cattle/Texas/24-008749-003/2024(H5N1)	405	39
NP|PP755592.1|A/cattle/Texas/24-008749-003/2024(H5N1)	406	39
NP|PP755592.1|A/cattle/Texas/24-008749-003/2024(H5N1)	407	39
NP|PP755592.1|A/cattle/Texas/24-008749-003/2024(H5N1)	408	39
NP|PP755592.1|A/cattle/Texas/24-008749-003/2024(H5N1)	409	40
NP|PP755592.1|A/cattle/Texas/24-008749-003/2024(H5N1)	410	40
NP|PP755592.1|A/cattle/Texas/24-008749-003/2024(H5N1)	411	40
NP|PP755592.1|A/cattle/Texas/24-008749-003/2024(H5N1)	412	39
NP|PP755592.1|A/cattle/Texas/24-008749-003/2024(H5N1)	413	40
NP|PP755592.1|A/cattle/Texas/24-008749-003/2024(H5N1)	414	39
NP|PP755592.1|A/cattle/Texas/24-008749-003/2024(H5N1)	415	39
NP|PP755592.1|A/cattle/Texas/24-008749-003/2024(H5N1)	416	39
NP|PP755592.1|A/cattle/Texas/24-008749-003/2024(H5N1)	417	39
NP|PP755592.1|A/cattle/Texas/24-008749-003/2024(H5N1)	418	42
NP|PP755592.1|A/cattle/Texas/24-008749-003/2024(H5N1)	419	42
NP|PP755592.1|A/cattle/Texas/24-008749-003/2024(H5N1)	420	41
NP|PP755592.1|A/cattle/Texas/24-008749-003/2024(H5N1)	421	41
NP|PP755592.1|A/cattle/Texas/24-008749-003/2024(H5N1)	422	41
NP|PP755592.1|A/cattle/Texas/24-008749-003/2024(H5N1)	423	40
NP|PP755592.1|A/cattle/Texas/24-008749-003/2024(H5N1)	424	39
NP|PP755592.1|A/cattle/Texas/24-008749-003/2024(H5N1)	425	39
NP|PP755592.1|A/cattle/Texas/24-008749-003/2024(H5N1)	426	39
NP|PP755592.1|A/cattle/Texas/24-008749-003/2024(H5N1)	427	39
NP|PP755592.1|A/cattle/Texas/24-008749-003/2024(H5N1)	428	39
NP|PP755592.1|A/cattle/Texas/24-008749-003/2024(H5N1)	429	39
NP|PP755592.1|A/cattle/Texas/24-008749-003/2024(H5N1)	430	39
NP|PP755592.1|A/cattle/Texas/24-008749-003/2024(H5N1)	431	38
NP|PP755592.1|A/cattle/Texas/24-008749-003/2024(H5N1)	432	38
NP|PP755592.1|A/cattle/Texas/24-008749-003/2024(H5N1)	433	37
NP|PP755592.1|A/cattle/Texas/24-008749-003/2024(H5N1)	434	37
NP|PP755592.1|A/cattle/Texas/24-008749-003/2024(H5N1)	435	37
NP|PP755592.1|A/cattle/Texas/24-008749-003/2024(H5N1)	436	37
NP|PP755592.1|A/cattle/Texas/24-008749-003/2024(H5N1)	437	38
NP|PP755592.1|A/cattle/Texas/24-008749-003/2024(H5N1)	438	37
NP|PP755592.1|A/cattle/Texas/24-008749-003/2024(H5N1)	439	39
NP|PP755592.1|A/cattle/Texas/24-008749-003/2024(H5N1)	440	39
NP|PP755592.1|A/cattle/Texas/24-008749-003/2024(H5N1)	441	39
NP|PP755592.1|A/cattle/Texas/24-008749-003/2024(H5N1)	442	39
NP|PP755592.1|A/cattle/Texas/24-008749-003/2024(H5N1)	443	39
NP|PP755592.1|A/cattle/Texas/24-008749-003/2024(H5N1)	444	40
NP|PP755592.1|A/cattle/Texas/24-008749-003/2024(H5N1)	445	40
NP|PP755592.1|A/cattle/Texas/24-008749-003/2024(H5N1)	446	39
NP|PP755592.1|A/cattle/Texas/24-008749-003/2024(H5N1)	447	39
NP|PP755592.1|A/cattle/Texas/24-008749-003/2024(H5N1)	448	38
NP|PP755592.1|A/cattle/Texas/24-008749-003/2024(H5N1)	449	38
NP|PP755592.1|A/cattle/Texas/24-008749-003/2024(H5N1)	450	38
NP|PP755592.1|A/cattle/Texas/24-008749-003/2024(H5N1)	451	39
NP|PP755592.1|A/cattle/Texas/24-008749-003/2024(H5N1)	452	39
NP|PP755592.1|A/cattle/Texas/24-008749-003/2024(H5N1)	453	38
NP|PP755592.1|A/cattle/Texas/24-008749-003/2024(H5N1)	454	38
NP|PP755592.1|A/cattle/Texas/24-008749-003/2024(H5N1)	455	38
NP|PP755592.1|A/cattle/Texas/24-008749-003/2024(H5N1)	456	38
NP|PP755592.1|A/cattle/Texas/24-008749-003/2024(H5N1)	457	38
NP|PP755592.1|A/cattle/Texas/24-008749-003/2024(H5N1)	458	38
NP|PP755592.1|A/cattle/Texas/24-008749-003/2024(H5N1)	459	38
NP|PP755592.1|A/cattle/Texas/24-008749-003/2024(H5N1)	460	38
NP|PP755592.1|A/cattle/Texas/24-008749-003/2024(H5N1)	461	38
NP|PP755592.1|A/cattle/Texas/24-008749-003/2024(H5N1)	462	39
NP|PP755592.1|A/cattle/Texas/24-008749-003/2024(H5N1)	463	39
NP|PP755592.1|A/cattle/Texas/24-008749-003/2024(H5N1)	464	39
NP|PP755592.1|A/cattle/Texas/24-008749-003/2024(H5N1)	465	39
NP|PP755592.1|A/cattle/Texas/24-008749-003/2024(H5N1)	466	39
NP|PP755592.1|A/cattle/Texas/24-008749-003/2024(H5N1)	467	40
NP|PP755592.1|A/cattle/Texas/24-008749-003/2024(H5N1)	468	40
NP|PP755592.1|A/cattle/Texas/24-008749-003/2024(H5N1)	469	40
NP|PP755592.1|A/cattle/Texas/24-008749-003/2024(H5N1)	470	38
NP|PP755592.1|A/cattle/Texas/24-008749-003/2024(H5N1)	471	35
NP|PP755592.1|A/cattle/Texas/24-008749-003/2024(H5N1)	472	34
NP|PP755592.1|A/cattle/Texas/24-008749-003/2024(H5N1)	473	34
NP|PP755592.1|A/cattle/Texas/24-008749-003/2024(H5N1)	474	34
NP|PP755592.1|A/cattle/Texas/24-008749-003/2024(H5N1)	475	35
NP|PP755592.1|A/cattle/Texas/24-008749-003/2024(H5N1)	476	34
NP|PP755592.1|A/cattle/Texas/24-008749-003/2024(H5N1)	477	34
NP|PP755592.1|A/cattle/Texas/24-008749-003/2024(H5N1)	478	34
NP|PP755592.1|A/cattle/Texas/24-008749-003/2024(H5N1)	479	32
NP|PP755592.1|A/cattle/Texas/24-008749-003/2024(H5N1)	480	32
NP|PP755592.1|A/cattle/Texas/24-008749-003/2024(H5N1)	481	27
NP|PP755592.1|A/cattle/Texas/24-008749-003/2024(H5N1)	482	27
NP|PP755592.1|A/cattle/Texas/24-008749-003/2024(H5N1)	483	27
NP|PP755592.1|A/cattle/Texas/24-008749-003/2024(H5N1)	484	27
NP|PP755592.1|A/cattle/Texas/24-008749-003/2024(H5N1)	485	29
NP|PP755592.1|A/cattle/Texas/24-008749-003/2024(H5N1)	486	29
NP|PP755592.1|A/cattle/Texas/24-008749-003/2024(H5N1)	487	29
NP|PP755592.1|A/cattle/Texas/24-008749-003/2024(H5N1)	488	30
NP|PP755592.1|A/cattle/Texas/24-008749-003/2024(H5N1)	489	30
NP|PP755592.1|A/cattle/Texas/24-008749-003/2024(H5N1)	490	30
NP|PP755592.1|A/cattle/Texas/24-008749-003/2024(H5N1)	491	30
NP|PP755592.1|A/cattle/Texas/24-008749-003/2024(H5N1)	492	30
NP|PP755592.1|A/cattle/Texas/24-008749-003/2024(H5N1)	493	30
NP|PP755592.1|A/cattle/Texas/24-008749-003/2024(H5N1)	494	30
NP|PP755592.1|A/cattle/Texas/24-008749-003/2024(H5N1)	495	30
NP|PP755592.1|A/cattle/Texas/24-008749-003/2024(H5N1)	496	36
NP|PP755592.1|A/cattle/Texas/24-008749-003/2024(H5N1)	497	36
NP|PP755592.1|A/cattle/Texas/24-008749-003/2024(H5N1)	498	36
NP|PP755592.1|A/cattle/Texas/24-008749-003/2024(H5N1)	499	37
NP|PP755592.1|A/cattle/Texas/24-008749-003/2024(H5N1)	500	37
NP|PP755592.1|A/cattle/Texas/24-008749-003/2024(H5N1)	501	36
NP|PP755592.1|A/cattle/Texas/24-008749-003/2024(H5N1)	502	36
NP|PP755592.1|A/cattle/Texas/24-008749-003/2024(H5N1)	503	36
NP|PP755592.1|A/cattle/Texas/24-008749-003/2024(H5N1)	504	39
NP|PP755592.1|A/cattle/Texas/24-008749-003/2024(H5N1)	505	39
NP|PP755592.1|A/cattle/Texas/24-008749-003/2024(H5N1)	506	39
NP|PP755592.1|A/cattle/Texas/24-008749-003/2024(H5N1)	507	39
NP|PP755592.1|A/cattle/Texas/24-008749-003/2024(H5N1)	508	39
NP|PP755592.1|A/cattle/Texas/24-008749-003/2024(H5N1)	509	39
NP|PP755592.1|A/cattle/Texas/24-008749-003/2024(H5N1)	510	39
NP|PP755592.1|A/cattle/Texas/24-008749-003/2024(H5N1)	511	39
NP|PP755592.1|A/cattle/Texas/24-008749-003/2024(H5N1)	512	39
NP|PP755592.1|A/cattle/Texas/24-008749-003/2024(H5N1)	513	38
NP|PP755592.1|A/cattle/Texas/24-008749-003/2024(H5N1)	514	40
NP|PP755592.1|A/cattle/Texas/24-008749-003/2024(H5N1)	515	39
NP|PP755592.1|A/cattle/Texas/24-008749-003/2024(H5N1)	516	39
NP|PP755592.1|A/cattle/Texas/24-008749-003/2024(H5N1)	517	39
NP|PP755592.1|A/cattle/Texas/24-008749-003/2024(H5N1)	518	39
NP|PP755592.1|A/cattle/Texas/24-008749-003/2024(H5N1)	519	39
NP|PP755592.1|A/cattle/Texas/24-008749-003/2024(H5N1)	520	39
NP|PP755592.1|A/cattle/Texas/24-008749-003/2024(H5N1)	521	39
NP|PP755592.1|A/cattle/Texas/24-008749-003/2024(H5N1)	522	39
NP|PP755592.1|A/cattle/Texas/24-008749-003/2024(H5N1)	523	40
NP|PP755592.1|A/cattle/Texas/24-008749-003/2024(H5N1)	524	43
NP|PP755592.1|A/cattle/Texas/24-008749-003/2024(H5N1)	525	42
NP|PP755592.1|A/cattle/Texas/24-008749-003/2024(H5N1)	526	42
NP|PP755592.1|A/cattle/Texas/24-008749-003/2024(H5N1)	527	42
NP|PP755592.1|A/cattle/Texas/24-008749-003/2024(H5N1)	528	42
NP|PP755592.1|A/cattle/Texas/24-008749-003/2024(H5N1)	529	42
NP|PP755592.1|A/cattle/Texas/24-008749-003/2024(H5N1)	530	42
NP|PP755592.1|A/cattle/Texas/24-008749-003/2024(H5N1)	531	42
NP|PP755592.1|A/cattle/Texas/24-008749-003/2024(H5N1)	532	43
NP|PP755592.1|A/cattle/Texas/24-008749-003/2024(H5N1)	533	40
NP|PP755592.1|A/cattle/Texas/24-008749-003/2024(H5N1)	534	39
NP|PP755592.1|A/cattle/Texas/24-008749-003/2024(H5N1)	535	39
NP|PP755592.1|A/cattle/Texas/24-008749-003/2024(H5N1)	536	39
NP|PP755592.1|A/cattle/Texas/24-008749-003/2024(H5N1)	537	39
NP|PP755592.1|A/cattle/Texas/24-008749-003/2024(H5N1)	538	39
NP|PP755592.1|A/cattle/Texas/24-008749-003/2024(H5N1)	539	39
NP|PP755592.1|A/cattle/Texas/24-008749-003/2024(H5N1)	540	39
NP|PP755592.1|A/cattle/Texas/24-008749-003/2024(H5N1)	541	40
NP|PP755592.1|A/cattle/Texas/24-008749-003/2024(H5N1)	542	41
NP|PP755592.1|A/cattle/Texas/24-008749-003/2024(H5N1)	543	41
NP|PP755592.1|A/cattle/Texas/24-008749-003/2024(H5N1)	544	41
NP|PP755592.1|A/cattle/Texas/24-008749-003/2024(H5N1)	545	40
NP|PP755592.1|A/cattle/Texas/24-008749-003/2024(H5N1)	546	40
NP|PP755592.1|A/cattle/Texas/24-008749-003/2024(H5N1)	547	42
NP|PP755592.1|A/cattle/Texas/24-008749-003/2024(H5N1)	548	42
NP|PP755592.1|A/cattle/Texas/24-008749-003/2024(H5N1)	549	42
NP|PP755592.1|A/cattle/Texas/24-008749-003/2024(H5N1)	550	43
NP|PP755592.1|A/cattle/Texas/24-008749-003/2024(H5N1)	551	43
NP|PP755592.1|A/cattle/Texas/24-008749-003/2024(H5N1)	552	42
NP|PP755592.1|A/cattle/Texas/24-008749-003/2024(H5N1)	553	41
NP|PP755592.1|A/cattle/Texas/24-008749-003/2024(H5N1)	554	42
NP|PP755592.1|A/cattle/Texas/24-008749-003/2024(H5N1)	555	44
NP|PP755592.1|A/cattle/Texas/24-008749-003/2024(H5N1)	556	43
NP|PP755592.1|A/cattle/Texas/24-008749-003/2024(H5N1)	557	43
NP|PP755592.1|A/cattle/Texas/24-008749-003/2024(H5N1)	558	43
NP|PP755592.1|A/cattle/Texas/24-008749-003/2024(H5N1)	559	43
NP|PP755592.1|A/cattle/Texas/24-008749-003/2024(H5N1)	560	48
NP|PP755592.1|A/cattle/Texas/24-008749-003/2024(H5N1)	561	48
NP|PP755592.1|A/cattle/Texas/24-008749-003/2024(H5N1)	562	48
NP|PP755592.1|A/cattle/Texas/24-008749-003/2024(H5N1)	563	50
NP|PP755592.1|A/cattle/Texas/24-008749-003/2024(H5N1)	564	49
NP|PP755592.1|A/cattle/Texas/24-008749-003/2024(H5N1)	565	49
NP|PP755592.1|A/cattle/Texas/24-008749-003/2024(H5N1)	566	50
NP|PP755592.1|A/cattle/Texas/24-008749-003/2024(H5N1)	567	50
NP|PP755592.1|A/cattle/Texas/24-008749-003/2024(H5N1)	568	53
NP|PP755592.1|A/cattle/Texas/24-008749-003/2024(H5N1)	569	50
NP|PP755592.1|A/cattle/Texas/24-008749-003/2024(H5N1)	570	51
NP|PP755592.1|A/cattle/Texas/24-008749-003/2024(H5N1)	571	55
NP|PP755592.1|A/cattle/Texas/24-008749-003/2024(H5N1)	572	55
NP|PP755592.1|A/cattle/Texas/24-008749-003/2024(H5N1)	573	55
NP|PP755592.1|A/cattle/Texas/24-008749-003/2024(H5N1)	574	55
NP|PP755592.1|A/cattle/Texas/24-008749-003/2024(H5N1)	575	56
NP|PP755592.1|A/cattle/Texas/24-008749-003/2024(H5N1)	576	56
NP|PP755592.1|A/cattle/Texas/24-008749-003/2024(H5N1)	577	57
NP|PP755592.1|A/cattle/Texas/24-008749-003/2024(H5N1)	578	57
NP|PP755592.1|A/cattle/Texas/24-008749-003/2024(H5N1)	579	57
NP|PP755592.1|A/cattle/Texas/24-008749-003/2024(H5N1)	580	59
NP|PP755592.1|A/cattle/Texas/24-008749-003/2024(H5N1)	581	59
NP|PP755592.1|A/cattle/Texas/24-008749-003/2024(H5N1)	582	58
NP|PP755592.1|A/cattle/Texas/24-008749-003/2024(H5N1)	583	58
NP|PP755592.1|A/cattle/Texas/24-008749-003/2024(H5N1)	584	58
NP|PP755592.1|A/cattle/Texas/24-008749-003/2024(H5N1)	585	58
NP|PP755592.1|A/cattle/Texas/24-008749-003/2024(H5N1)	586	58
NP|PP755592.1|A/cattle/Texas/24-008749-003/2024(H5N1)	587	58
NP|PP755592.1|A/cattle/Texas/24-008749-003/2024(H5N1)	588	59
NP|PP755592.1|A/cattle/Texas/24-008749-003/2024(H5N1)	589	59
NP|PP755592.1|A/cattle/Texas/24-008749-003/2024(H5N1)	590	57
NP|PP755592.1|A/cattle/Texas/24-008749-003/2024(H5N1)	591	57
NP|PP755592.1|A/cattle/Texas/24-008749-003/2024(H5N1)	592	57
NP|PP755592.1|A/cattle/Texas/24-008749-003/2024(H5N1)	593	57
NP|PP755592.1|A/cattle/Texas/24-008749-003/2024(H5N1)	594	57
NP|PP755592.1|A/cattle/Texas/24-008749-003/2024(H5N1)	595	56
NP|PP755592.1|A/cattle/Texas/24-008749-003/2024(H5N1)	596	56
NP|PP755592.1|A/cattle/Texas/24-008749-003/2024(H5N1)	597	56
NP|PP755592.1|A/cattle/Texas/24-008749-003/2024(H5N1)	598	56
NP|PP755592.1|A/cattle/Texas/24-008749-003/2024(H5N1)	599	56
NP|PP755592.1|A/cattle/Texas/24-008749-003/2024(H5N1)	600	56
NP|PP755592.1|A/cattle/Texas/24-008749-003/2024(H5N1)	601	56
NP|PP755592.1|A/cattle/Texas/24-008749-003/2024(H5N1)	602	55
NP|PP755592.1|A/cattle/Texas/24-008749-003/2024(H5N1)	603	55
NP|PP755592.1|A/cattle/Texas/24-008749-003/2024(H5N1)	604	55
NP|PP755592.1|A/cattle/Texas/24-008749-003/2024(H5N1)	605	55
NP|PP755592.1|A/cattle/Texas/24-008749-003/2024(H5N1)	606	55
NP|PP755592.1|A/cattle/Texas/24-008749-003/2024(H5N1)	607	55
NP|PP755592.1|A/cattle/Texas/24-008749-003/2024(H5N1)	608	54
NP|PP755592.1|A/cattle/Texas/24-008749-003/2024(H5N1)	609	53
NP|PP755592.1|A/cattle/Texas/24-008749-003/2024(H5N1)	610	53
NP|PP755592.1|A/cattle/Texas/24-008749-003/2024(H5N1)	611	53
NP|PP755592.1|A/cattle/Texas/24-008749-003/2024(H5N1)	612	53
NP|PP755592.1|A/cattle/Texas/24-008749-003/2024(H5N1)	613	54
NP|PP755592.1|A/cattle/Texas/24-008749-003/2024(H5N1)	614	54
NP|PP755592.1|A/cattle/Texas/24-008749-003/2024(H5N1)	615	56
NP|PP755592.1|A/cattle/Texas/24-008749-003/2024(H5N1)	616	56
NP|PP755592.1|A/cattle/Texas/24-008749-003/2024(H5N1)	617	56
NP|PP755592.1|A/cattle/Texas/24-008749-003/2024(H5N1)	618	55
NP|PP755592.1|A/cattle/Texas/24-008749-003/2024(H5N1)	619	55
NP|PP755592.1|A/cattle/Texas/24-008749-003/2024(H5N1)	620	56
NP|PP755592.1|A/cattle/Texas/24-008749-003/2024(H5N1)	621	56
NP|PP755592.1|A/cattle/Texas/24-008749-003/2024(H5N1)	622	56
NP|PP755592.1|A/cattle/Texas/24-008749-003/2024(H5N1)	623	54
NP|PP755592.1|A/cattle/Texas/24-008749-003/2024(H5N1)	624	54
NP|PP755592.1|A/cattle/Texas/24-008749-003/2024(H5N1)	625	54
NP|PP755592.1|A/cattle/Texas/24-008749-003/2024(H5N1)	626	53
NP|PP755592.1|A/cattle/Texas/24-008749-003/2024(H5N1)	627	53
NP|PP755592.1|A/cattle/Texas/24-008749-003/2024(H5N1)	628	53
NP|PP755592.1|A/cattle/Texas/24-008749-003/2024(H5N1)	629	53
NP|PP755592.1|A/cattle/Texas/24-008749-003/2024(H5N1)	630	53
NP|PP755592.1|A/cattle/Texas/24-008749-003/2024(H5N1)	631	53
NP|PP755592.1|A/cattle/Texas/24-008749-003/2024(H5N1)	632	52
NP|PP755592.1|A/cattle/Texas/24-008749-003/2024(H5N1)	633	50
NP|PP755592.1|A/cattle/Texas/24-008749-003/2024(H5N1)	634	50
NP|PP755592.1|A/cattle/Texas/24-008749-003/2024(H5N1)	635	50
NP|PP755592.1|A/cattle/Texas/24-008749-003/2024(H5N1)	636	49
NP|PP755592.1|A/cattle/Texas/24-008749-003/2024(H5N1)	637	49
NP|PP755592.1|A/cattle/Texas/24-008749-003/2024(H5N1)	638	49
NP|PP755592.1|A/cattle/Texas/24-008749-003/2024(H5N1)	639	48
NP|PP755592.1|A/cattle/Texas/24-008749-003/2024(H5N1)	640	48
NP|PP755592.1|A/cattle/Texas/24-008749-003/2024(H5N1)	641	48
NP|PP755592.1|A/cattle/Texas/24-008749-003/2024(H5N1)	642	51
NP|PP755592.1|A/cattle/Texas/24-008749-003/2024(H5N1)	643	51
NP|PP755592.1|A/cattle/Texas/24-008749-003/2024(H5N1)	644	51
NP|PP755592.1|A/cattle/Texas/24-008749-003/2024(H5N1)	645	51
NP|PP755592.1|A/cattle/Texas/24-008749-003/2024(H5N1)	646	51
NP|PP755592.1|A/cattle/Texas/24-008749-003/2024(H5N1)	647	51
NP|PP755592.1|A/cattle/Texas/24-008749-003/2024(H5N1)	648	52
NP|PP755592.1|A/cattle/Texas/24-008749-003/2024(H5N1)	649	52
NP|PP755592.1|A/cattle/Texas/24-008749-003/2024(H5N1)	650	54
NP|PP755592.1|A/cattle/Texas/24-008749-003/2024(H5N1)	651	56
NP|PP755592.1|A/cattle/Texas/24-008749-003/2024(H5N1)	652	59
NP|PP755592.1|A/cattle/Texas/24-008749-003/2024(H5N1)	653	59
NP|PP755592.1|A/cattle/Texas/24-008749-003/2024(H5N1)	654	56
NP|PP755592.1|A/cattle/Texas/24-008749-003/2024(H5N1)	655	56
NP|PP755592.1|A/cattle/Texas/24-008749-003/2024(H5N1)	656	56
NP|PP755592.1|A/cattle/Texas/24-008749-003/2024(H5N1)	657	57
NP|PP755592.1|A/cattle/Texas/24-008749-003/2024(H5N1)	658	57
NP|PP755592.1|A/cattle/Texas/24-008749-003/2024(H5N1)	659	57
NP|PP755592.1|A/cattle/Texas/24-008749-003/2024(H5N1)	660	57
NP|PP755592.1|A/cattle/Texas/24-008749-003/2024(H5N1)	661	57
NP|PP755592.1|A/cattle/Texas/24-008749-003/2024(H5N1)	662	58
NP|PP755592.1|A/cattle/Texas/24-008749-003/2024(H5N1)	663	60
NP|PP755592.1|A/cattle/Texas/24-008749-003/2024(H5N1)	664	61
NP|PP755592.1|A/cattle/Texas/24-008749-003/2024(H5N1)	665	59
NP|PP755592.1|A/cattle/Texas/24-008749-003/2024(H5N1)	666	60
NP|PP755592.1|A/cattle/Texas/24-008749-003/2024(H5N1)	667	60
NP|PP755592.1|A/cattle/Texas/24-008749-003/2024(H5N1)	668	60
NP|PP755592.1|A/cattle/Texas/24-008749-003/2024(H5N1)	669	61
NP|PP755592.1|A/cattle/Texas/24-008749-003/2024(H5N1)	670	61
NP|PP755592.1|A/cattle/Texas/24-008749-003/2024(H5N1)	671	61
NP|PP755592.1|A/cattle/Texas/24-008749-003/2024(H5N1)	672	60
NP|PP755592.1|A/cattle/Texas/24-008749-003/2024(H5N1)	673	59
NP|PP755592.1|A/cattle/Texas/24-008749-003/2024(H5N1)	674	59
NP|PP755592.1|A/cattle/Texas/24-008749-003/2024(H5N1)	675	56
NP|PP755592.1|A/cattle/Texas/24-008749-003/2024(H5N1)	676	57
NP|PP755592.1|A/cattle/Texas/24-008749-003/2024(H5N1)	677	57
NP|PP755592.1|A/cattle/Texas/24-008749-003/2024(H5N1)	678	57
NP|PP755592.1|A/cattle/Texas/24-008749-003/2024(H5N1)	679	57
NP|PP755592.1|A/cattle/Texas/24-008749-003/2024(H5N1)	680	59
NP|PP755592.1|A/cattle/Texas/24-008749-003/2024(H5N1)	681	59
NP|PP755592.1|A/cattle/Texas/24-008749-003/2024(H5N1)	682	59
NP|PP755592.1|A/cattle/Texas/24-008749-003/2024(H5N1)	683	59
NP|PP755592.1|A/cattle/Texas/24-008749-003/2024(H5N1)	684	58
NP|PP755592.1|A/cattle/Texas/24-008749-003/2024(H5N1)	685	58
NP|PP755592.1|A/cattle/Texas/24-008749-003/2024(H5N1)	686	58
NP|PP755592.1|A/cattle/Texas/24-008749-003/2024(H5N1)	687	58
NP|PP755592.1|A/cattle/Texas/24-008749-003/2024(H5N1)	688	58
NP|PP755592.1|A/cattle/Texas/24-008749-003/2024(H5N1)	689	58
NP|PP755592.1|A/cattle/Texas/24-008749-003/2024(H5N1)	690	58
NP|PP755592.1|A/cattle/Texas/24-008749-003/2024(H5N1)	691	56
NP|PP755592.1|A/cattle/Texas/24-008749-003/2024(H5N1)	692	56
NP|PP755592.1|A/cattle/Texas/24-008749-003/2024(H5N1)	693	56
NP|PP755592.1|A/cattle/Texas/24-008749-003/2024(H5N1)	694	56
NP|PP755592.1|A/cattle/Texas/24-008749-003/2024(H5N1)	695	58
NP|PP755592.1|A/cattle/Texas/24-008749-003/2024(H5N1)	696	58
NP|PP755592.1|A/cattle/Texas/24-008749-003/2024(H5N1)	697	58
NP|PP755592.1|A/cattle/Texas/24-008749-003/2024(H5N1)	698	56
NP|PP755592.1|A/cattle/Texas/24-008749-003/2024(H5N1)	699	56
NP|PP755592.1|A/cattle/Texas/24-008749-003/2024(H5N1)	700	56
NP|PP755592.1|A/cattle/Texas/24-008749-003/2024(H5N1)	701	56
NP|PP755592.1|A/cattle/Texas/24-008749-003/2024(H5N1)	702	55
NP|PP755592.1|A/cattle/Texas/24-008749-003/2024(H5N1)	703	57
NP|PP755592.1|A/cattle/Texas/24-008749-003/2024(H5N1)	704	56
NP|PP755592.1|A/cattle/Texas/24-008749-003/2024(H5N1)	705	56
NP|PP755592.1|A/cattle/Texas/24-008749-003/2024(H5N1)	706	54
NP|PP755592.1|A/cattle/Texas/24-008749-003/2024(H5N1)	707	54
NP|PP755592.1|A/cattle/Texas/24-008749-003/2024(H5N1)	708	55
NP|PP755592.1|A/cattle/Texas/24-008749-003/2024(H5N1)	709	55
NP|PP755592.1|A/cattle/Texas/24-008749-003/2024(H5N1)	710	51
NP|PP755592.1|A/cattle/Texas/24-008749-003/2024(H5N1)	711	51
NP|PP755592.1|A/cattle/Texas/24-008749-003/2024(H5N1)	712	52
NP|PP755592.1|A/cattle/Texas/24-008749-003/2024(H5N1)	713	52
NP|PP755592.1|A/cattle/Texas/24-008749-003/2024(H5N1)	714	51
NP|PP755592.1|A/cattle/Texas/24-008749-003/2024(H5N1)	715	51
NP|PP755592.1|A/cattle/Texas/24-008749-003/2024(H5N1)	716	51
NP|PP755592.1|A/cattle/Texas/24-008749-003/2024(H5N1)	717	49
NP|PP755592.1|A/cattle/Texas/24-008749-003/2024(H5N1)	718	49
NP|PP755592.1|A/cattle/Texas/24-008749-003/2024(H5N1)	719	49
NP|PP755592.1|A/cattle/Texas/24-008749-003/2024(H5N1)	720	51
NP|PP755592.1|A/cattle/Texas/24-008749-003/2024(H5N1)	721	46
NP|PP755592.1|A/cattle/Texas/24-008749-003/2024(H5N1)	722	46
NP|PP755592.1|A/cattle/Texas/24-008749-003/2024(H5N1)	723	46
NP|PP755592.1|A/cattle/Texas/24-008749-003/2024(H5N1)	724	46
NP|PP755592.1|A/cattle/Texas/24-008749-003/2024(H5N1)	725	45
NP|PP755592.1|A/cattle/Texas/24-008749-003/2024(H5N1)	726	45
NP|PP755592.1|A/cattle/Texas/24-008749-003/2024(H5N1)	727	44
NP|PP755592.1|A/cattle/Texas/24-008749-003/2024(H5N1)	728	44
NP|PP755592.1|A/cattle/Texas/24-008749-003/2024(H5N1)	729	45
NP|PP755592.1|A/cattle/Texas/24-008749-003/2024(H5N1)	730	46
NP|PP755592.1|A/cattle/Texas/24-008749-003/2024(H5N1)	731	44
NP|PP755592.1|A/cattle/Texas/24-008749-003/2024(H5N1)	732	44
NP|PP755592.1|A/cattle/Texas/24-008749-003/2024(H5N1)	733	44
NP|PP755592.1|A/cattle/Texas/24-008749-003/2024(H5N1)	734	44
NP|PP755592.1|A/cattle/Texas/24-008749-003/2024(H5N1)	735	44
NP|PP755592.1|A/cattle/Texas/24-008749-003/2024(H5N1)	736	44
NP|PP755592.1|A/cattle/Texas/24-008749-003/2024(H5N1)	737	44
NP|PP755592.1|A/cattle/Texas/24-008749-003/2024(H5N1)	738	44
NP|PP755592.1|A/cattle/Texas/24-008749-003/2024(H5N1)	739	45
NP|PP755592.1|A/cattle/Texas/24-008749-003/2024(H5N1)	740	46
NP|PP755592.1|A/cattle/Texas/24-008749-003/2024(H5N1)	741	46
NP|PP755592.1|A/cattle/Texas/24-008749-003/2024(H5N1)	742	46
NP|PP755592.1|A/cattle/Texas/24-008749-003/2024(H5N1)	743	46
NP|PP755592.1|A/cattle/Texas/24-008749-003/2024(H5N1)	744	46
NP|PP755592.1|A/cattle/Texas/24-008749-003/2024(H5N1)	745	46
NP|PP755592.1|A/cattle/Texas/24-008749-003/2024(H5N1)	746	46
NP|PP755592.1|A/cattle/Texas/24-008749-003/2024(H5N1)	747	46
NP|PP755592.1|A/cattle/Texas/24-008749-003/2024(H5N1)	748	47
NP|PP755592.1|A/cattle/Texas/24-008749-003/2024(H5N1)	749	48
NP|PP755592.1|A/cattle/Texas/24-008749-003/2024(H5N1)	750	48
NP|PP755592.1|A/cattle/Texas/24-008749-003/2024(H5N1)	751	48
NP|PP755592.1|A/cattle/Texas/24-008749-003/2024(H5N1)	752	50
NP|PP755592.1|A/cattle/Texas/24-008749-003/2024(H5N1)	753	50
NP|PP755592.1|A/cattle/Texas/24-008749-003/2024(H5N1)	754	50
NP|PP755592.1|A/cattle/Texas/24-008749-003/2024(H5N1)	755	50
NP|PP755592.1|A/cattle/Texas/24-008749-003/2024(H5N1)	756	50
NP|PP755592.1|A/cattle/Texas/24-008749-003/2024(H5N1)	757	52
NP|PP755592.1|A/cattle/Texas/24-008749-003/2024(H5N1)	758	53
NP|PP755592.1|A/cattle/Texas/24-008749-003/2024(H5N1)	759	53
NP|PP755592.1|A/cattle/Texas/24-008749-003/2024(H5N1)	760	52
NP|PP755592.1|A/cattle/Texas/24-008749-003/2024(H5N1)	761	52
NP|PP755592.1|A/cattle/Texas/24-008749-003/2024(H5N1)	762	52
NP|PP755592.1|A/cattle/Texas/24-008749-003/2024(H5N1)	763	52
NP|PP755592.1|A/cattle/Texas/24-008749-003/2024(H5N1)	764	53
NP|PP755592.1|A/cattle/Texas/24-008749-003/2024(H5N1)	765	52
NP|PP755592.1|A/cattle/Texas/24-008749-003/2024(H5N1)	766	51
NP|PP755592.1|A/cattle/Texas/24-008749-003/2024(H5N1)	767	51
NP|PP755592.1|A/cattle/Texas/24-008749-003/2024(H5N1)	768	52
NP|PP755592.1|A/cattle/Texas/24-008749-003/2024(H5N1)	769	52
NP|PP755592.1|A/cattle/Texas/24-008749-003/2024(H5N1)	770	51
NP|PP755592.1|A/cattle/Texas/24-008749-003/2024(H5N1)	771	51
NP|PP755592.1|A/cattle/Texas/24-008749-003/2024(H5N1)	772	51
NP|PP755592.1|A/cattle/Texas/24-008749-003/2024(H5N1)	773	51
NP|PP755592.1|A/cattle/Texas/24-008749-003/2024(H5N1)	774	51
NP|PP755592.1|A/cattle/Texas/24-008749-003/2024(H5N1)	775	51
NP|PP755592.1|A/cattle/Texas/24-008749-003/2024(H5N1)	776	51
NP|PP755592.1|A/cattle/Texas/24-008749-003/2024(H5N1)	777	51
NP|PP755592.1|A/cattle/Texas/24-008749-003/2024(H5N1)	778	51
NP|PP755592.1|A/cattle/Texas/24-008749-003/2024(H5N1)	779	51
NP|PP755592.1|A/cattle/Texas/24-008749-003/2024(H5N1)	780	51
NP|PP755592.1|A/cattle/Texas/24-008749-003/2024(H5N1)	781	51
NP|PP755592.1|A/cattle/Texas/24-008749-003/2024(H5N1)	782	51
NP|PP755592.1|A/cattle/Texas/24-008749-003/2024(H5N1)	783	51
NP|PP755592.1|A/cattle/Texas/24-008749-003/2024(H5N1)	784	51
NP|PP755592.1|A/cattle/Texas/24-008749-003/2024(H5N1)	785	50
NP|PP755592.1|A/cattle/Texas/24-008749-003/2024(H5N1)	786	51
NP|PP755592.1|A/cattle/Texas/24-008749-003/2024(H5N1)	787	52
NP|PP755592.1|A/cattle/Texas/24-008749-003/2024(H5N1)	788	53
NP|PP755592.1|A/cattle/Texas/24-008749-003/2024(H5N1)	789	53
NP|PP755592.1|A/cattle/Texas/24-008749-003/2024(H5N1)	790	53
NP|PP755592.1|A/cattle/Texas/24-008749-003/2024(H5N1)	791	52
NP|PP755592.1|A/cattle/Texas/24-008749-003/2024(H5N1)	792	50
NP|PP755592.1|A/cattle/Texas/24-008749-003/2024(H5N1)	793	50
NP|PP755592.1|A/cattle/Texas/24-008749-003/2024(H5N1)	794	50
NP|PP755592.1|A/cattle/Texas/24-008749-003/2024(H5N1)	795	50
NP|PP755592.1|A/cattle/Texas/24-008749-003/2024(H5N1)	796	48
NP|PP755592.1|A/cattle/Texas/24-008749-003/2024(H5N1)	797	48
NP|PP755592.1|A/cattle/Texas/24-008749-003/2024(H5N1)	798	47
NP|PP755592.1|A/cattle/Texas/24-008749-003/2024(H5N1)	799	47
NP|PP755592.1|A/cattle/Texas/24-008749-003/2024(H5N1)	800	47
NP|PP755592.1|A/cattle/Texas/24-008749-003/2024(H5N1)	801	45
NP|PP755592.1|A/cattle/Texas/24-008749-003/2024(H5N1)	802	43
NP|PP755592.1|A/cattle/Texas/24-008749-003/2024(H5N1)	803	43
NP|PP755592.1|A/cattle/Texas/24-008749-003/2024(H5N1)	804	43
NP|PP755592.1|A/cattle/Texas/24-008749-003/2024(H5N1)	805	43
NP|PP755592.1|A/cattle/Texas/24-008749-003/2024(H5N1)	806	44
NP|PP755592.1|A/cattle/Texas/24-008749-003/2024(H5N1)	807	44
NP|PP755592.1|A/cattle/Texas/24-008749-003/2024(H5N1)	808	44
NP|PP755592.1|A/cattle/Texas/24-008749-003/2024(H5N1)	809	44
NP|PP755592.1|A/cattle/Texas/24-008749-003/2024(H5N1)	810	44
NP|PP755592.1|A/cattle/Texas/24-008749-003/2024(H5N1)	811	43
NP|PP755592.1|A/cattle/Texas/24-008749-003/2024(H5N1)	812	40
NP|PP755592.1|A/cattle/Texas/24-008749-003/2024(H5N1)	813	40
NP|PP755592.1|A/cattle/Texas/24-008749-003/2024(H5N1)	814	39
NP|PP755592.1|A/cattle/Texas/24-008749-003/2024(H5N1)	815	39
NP|PP755592.1|A/cattle/Texas/24-008749-003/2024(H5N1)	816	40
NP|PP755592.1|A/cattle/Texas/24-008749-003/2024(H5N1)	817	40
NP|PP755592.1|A/cattle/Texas/24-008749-003/2024(H5N1)	818	43
NP|PP755592.1|A/cattle/Texas/24-008749-003/2024(H5N1)	819	43
NP|PP755592.1|A/cattle/Texas/24-008749-003/2024(H5N1)	820	43
NP|PP755592.1|A/cattle/Texas/24-008749-003/2024(H5N1)	821	43
NP|PP755592.1|A/cattle/Texas/24-008749-003/2024(H5N1)	822	43
NP|PP755592.1|A/cattle/Texas/24-008749-003/2024(H5N1)	823	43
NP|PP755592.1|A/cattle/Texas/24-008749-003/2024(H5N1)	824	43
NP|PP755592.1|A/cattle/Texas/24-008749-003/2024(H5N1)	825	43
NP|PP755592.1|A/cattle/Texas/24-008749-003/2024(H5N1)	826	43
NP|PP755592.1|A/cattle/Texas/24-008749-003/2024(H5N1)	827	42
NP|PP755592.1|A/cattle/Texas/24-008749-003/2024(H5N1)	828	42
NP|PP755592.1|A/cattle/Texas/24-008749-003/2024(H5N1)	829	42
NP|PP755592.1|A/cattle/Texas/24-008749-003/2024(H5N1)	830	42
NP|PP755592.1|A/cattle/Texas/24-008749-003/2024(H5N1)	831	40
NP|PP755592.1|A/cattle/Texas/24-008749-003/2024(H5N1)	832	40
NP|PP755592.1|A/cattle/Texas/24-008749-003/2024(H5N1)	833	40
NP|PP755592.1|A/cattle/Texas/24-008749-003/2024(H5N1)	834	40
NP|PP755592.1|A/cattle/Texas/24-008749-003/2024(H5N1)	835	40
NP|PP755592.1|A/cattle/Texas/24-008749-003/2024(H5N1)	836	40
NP|PP755592.1|A/cattle/Texas/24-008749-003/2024(H5N1)	837	40
NP|PP755592.1|A/cattle/Texas/24-008749-003/2024(H5N1)	838	42
NP|PP755592.1|A/cattle/Texas/24-008749-003/2024(H5N1)	839	42
NP|PP755592.1|A/cattle/Texas/24-008749-003/2024(H5N1)	840	42
NP|PP755592.1|A/cattle/Texas/24-008749-003/2024(H5N1)	841	42
NP|PP755592.1|A/cattle/Texas/24-008749-003/2024(H5N1)	842	43
NP|PP755592.1|A/cattle/Texas/24-008749-003/2024(H5N1)	843	43
NP|PP755592.1|A/cattle/Texas/24-008749-003/2024(H5N1)	844	43
NP|PP755592.1|A/cattle/Texas/24-008749-003/2024(H5N1)	845	43
NP|PP755592.1|A/cattle/Texas/24-008749-003/2024(H5N1)	846	41
NP|PP755592.1|A/cattle/Texas/24-008749-003/2024(H5N1)	847	41
NP|PP755592.1|A/cattle/Texas/24-008749-003/2024(H5N1)	848	41
NP|PP755592.1|A/cattle/Texas/24-008749-003/2024(H5N1)	849	38
NP|PP755592.1|A/cattle/Texas/24-008749-003/2024(H5N1)	850	39
NP|PP755592.1|A/cattle/Texas/24-008749-003/2024(H5N1)	851	39
NP|PP755592.1|A/cattle/Texas/24-008749-003/2024(H5N1)	852	39
NP|PP755592.1|A/cattle/Texas/24-008749-003/2024(H5N1)	853	42
NP|PP755592.1|A/cattle/Texas/24-008749-003/2024(H5N1)	854	46
NP|PP755592.1|A/cattle/Texas/24-008749-003/2024(H5N1)	855	46
NP|PP755592.1|A/cattle/Texas/24-008749-003/2024(H5N1)	856	46
NP|PP755592.1|A/cattle/Texas/24-008749-003/2024(H5N1)	857	47
NP|PP755592.1|A/cattle/Texas/24-008749-003/2024(H5N1)	858	46
NP|PP755592.1|A/cattle/Texas/24-008749-003/2024(H5N1)	859	45
NP|PP755592.1|A/cattle/Texas/24-008749-003/2024(H5N1)	860	45
NP|PP755592.1|A/cattle/Texas/24-008749-003/2024(H5N1)	861	45
NP|PP755592.1|A/cattle/Texas/24-008749-003/2024(H5N1)	862	48
NP|PP755592.1|A/cattle/Texas/24-008749-003/2024(H5N1)	863	47
NP|PP755592.1|A/cattle/Texas/24-008749-003/2024(H5N1)	864	47
NP|PP755592.1|A/cattle/Texas/24-008749-003/2024(H5N1)	865	47
NP|PP755592.1|A/cattle/Texas/24-008749-003/2024(H5N1)	866	47
NP|PP755592.1|A/cattle/Texas/24-008749-003/2024(H5N1)	867	47
NP|PP755592.1|A/cattle/Texas/24-008749-003/2024(H5N1)	868	47
NP|PP755592.1|A/cattle/Texas/24-008749-003/2024(H5N1)	869	45
NP|PP755592.1|A/cattle/Texas/24-008749-003/2024(H5N1)	870	45
NP|PP755592.1|A/cattle/Texas/24-008749-003/2024(H5N1)	871	43
NP|PP755592.1|A/cattle/Texas/24-008749-003/2024(H5N1)	872	43
NP|PP755592.1|A/cattle/Texas/24-008749-003/2024(H5N1)	873	43
NP|PP755592.1|A/cattle/Texas/24-008749-003/2024(H5N1)	874	43
NP|PP755592.1|A/cattle/Texas/24-008749-003/2024(H5N1)	875	43
NP|PP755592.1|A/cattle/Texas/24-008749-003/2024(H5N1)	876	43
NP|PP755592.1|A/cattle/Texas/24-008749-003/2024(H5N1)	877	43
NP|PP755592.1|A/cattle/Texas/24-008749-003/2024(H5N1)	878	44
NP|PP755592.1|A/cattle/Texas/24-008749-003/2024(H5N1)	879	46
NP|PP755592.1|A/cattle/Texas/24-008749-003/2024(H5N1)	880	47
NP|PP755592.1|A/cattle/Texas/24-008749-003/2024(H5N1)	881	47
NP|PP755592.1|A/cattle/Texas/24-008749-003/2024(H5N1)	882	47
NP|PP755592.1|A/cattle/Texas/24-008749-003/2024(H5N1)	883	47
NP|PP755592.1|A/cattle/Texas/24-008749-003/2024(H5N1)	884	47
NP|PP755592.1|A/cattle/Texas/24-008749-003/2024(H5N1)	885	47
NP|PP755592.1|A/cattle/Texas/24-008749-003/2024(H5N1)	886	47
NP|PP755592.1|A/cattle/Texas/24-008749-003/2024(H5N1)	887	47
NP|PP755592.1|A/cattle/Texas/24-008749-003/2024(H5N1)	888	47
NP|PP755592.1|A/cattle/Texas/24-008749-003/2024(H5N1)	889	45
NP|PP755592.1|A/cattle/Texas/24-008749-003/2024(H5N1)	890	45
NP|PP755592.1|A/cattle/Texas/24-008749-003/2024(H5N1)	891	44
NP|PP755592.1|A/cattle/Texas/24-008749-003/2024(H5N1)	892	44
NP|PP755592.1|A/cattle/Texas/24-008749-003/2024(H5N1)	893	44
NP|PP755592.1|A/cattle/Texas/24-008749-003/2024(H5N1)	894	44
NP|PP755592.1|A/cattle/Texas/24-008749-003/2024(H5N1)	895	44
NP|PP755592.1|A/cattle/Texas/24-008749-003/2024(H5N1)	896	44
NP|PP755592.1|A/cattle/Texas/24-008749-003/2024(H5N1)	897	44
NP|PP755592.1|A/cattle/Texas/24-008749-003/2024(H5N1)	898	44
NP|PP755592.1|A/cattle/Texas/24-008749-003/2024(H5N1)	899	42
NP|PP755592.1|A/cattle/Texas/24-008749-003/2024(H5N1)	900	41
NP|PP755592.1|A/cattle/Texas/24-008749-003/2024(H5N1)	901	41
NP|PP755592.1|A/cattle/Texas/24-008749-003/2024(H5N1)	902	41
NP|PP755592.1|A/cattle/Texas/24-008749-003/2024(H5N1)	903	39
NP|PP755592.1|A/cattle/Texas/24-008749-003/2024(H5N1)	904	39
NP|PP755592.1|A/cattle/Texas/24-008749-003/2024(H5N1)	905	43
NP|PP755592.1|A/cattle/Texas/24-008749-003/2024(H5N1)	906	43
NP|PP755592.1|A/cattle/Texas/24-008749-003/2024(H5N1)	907	43
NP|PP755592.1|A/cattle/Texas/24-008749-003/2024(H5N1)	908	42
NP|PP755592.1|A/cattle/Texas/24-008749-003/2024(H5N1)	909	43
NP|PP755592.1|A/cattle/Texas/24-008749-003/2024(H5N1)	910	44
NP|PP755592.1|A/cattle/Texas/24-008749-003/2024(H5N1)	911	44
NP|PP755592.1|A/cattle/Texas/24-008749-003/2024(H5N1)	912	44
NP|PP755592.1|A/cattle/Texas/24-008749-003/2024(H5N1)	913	43
NP|PP755592.1|A/cattle/Texas/24-008749-003/2024(H5N1)	914	43
NP|PP755592.1|A/cattle/Texas/24-008749-003/2024(H5N1)	915	43
NP|PP755592.1|A/cattle/Texas/24-008749-003/2024(H5N1)	916	42
NP|PP755592.1|A/cattle/Texas/24-008749-003/2024(H5N1)	917	42
NP|PP755592.1|A/cattle/Texas/24-008749-003/2024(H5N1)	918	42
NP|PP755592.1|A/cattle/Texas/24-008749-003/2024(H5N1)	919	42
NP|PP755592.1|A/cattle/Texas/24-008749-003/2024(H5N1)	920	42
NP|PP755592.1|A/cattle/Texas/24-008749-003/2024(H5N1)	921	42
NP|PP755592.1|A/cattle/Texas/24-008749-003/2024(H5N1)	922	42
NP|PP755592.1|A/cattle/Texas/24-008749-003/2024(H5N1)	923	42
NP|PP755592.1|A/cattle/Texas/24-008749-003/2024(H5N1)	924	42
NP|PP755592.1|A/cattle/Texas/24-008749-003/2024(H5N1)	925	42
NP|PP755592.1|A/cattle/Texas/24-008749-003/2024(H5N1)	926	42
NP|PP755592.1|A/cattle/Texas/24-008749-003/2024(H5N1)	927	42
NP|PP755592.1|A/cattle/Texas/24-008749-003/2024(H5N1)	928	42
NP|PP755592.1|A/cattle/Texas/24-008749-003/2024(H5N1)	929	42
NP|PP755592.1|A/cattle/Texas/24-008749-003/2024(H5N1)	930	43
NP|PP755592.1|A/cattle/Texas/24-008749-003/2024(H5N1)	931	43
NP|PP755592.1|A/cattle/Texas/24-008749-003/2024(H5N1)	932	46
NP|PP755592.1|A/cattle/Texas/24-008749-003/2024(H5N1)	933	45
NP|PP755592.1|A/cattle/Texas/24-008749-003/2024(H5N1)	934	45
NP|PP755592.1|A/cattle/Texas/24-008749-003/2024(H5N1)	935	45
NP|PP755592.1|A/cattle/Texas/24-008749-003/2024(H5N1)	936	44
NP|PP755592.1|A/cattle/Texas/24-008749-003/2024(H5N1)	937	44
NP|PP755592.1|A/cattle/Texas/24-008749-003/2024(H5N1)	938	44
NP|PP755592.1|A/cattle/Texas/24-008749-003/2024(H5N1)	939	43
NP|PP755592.1|A/cattle/Texas/24-008749-003/2024(H5N1)	940	44
NP|PP755592.1|A/cattle/Texas/24-008749-003/2024(H5N1)	941	44
NP|PP755592.1|A/cattle/Texas/24-008749-003/2024(H5N1)	942	45
NP|PP755592.1|A/cattle/Texas/24-008749-003/2024(H5N1)	943	45
NP|PP755592.1|A/cattle/Texas/24-008749-003/2024(H5N1)	944	45
NP|PP755592.1|A/cattle/Texas/24-008749-003/2024(H5N1)	945	45
NP|PP755592.1|A/cattle/Texas/24-008749-003/2024(H5N1)	946	45
NP|PP755592.1|A/cattle/Texas/24-008749-003/2024(H5N1)	947	45
NP|PP755592.1|A/cattle/Texas/24-008749-003/2024(H5N1)	948	45
NP|PP755592.1|A/cattle/Texas/24-008749-003/2024(H5N1)	949	45
NP|PP755592.1|A/cattle/Texas/24-008749-003/2024(H5N1)	950	46
NP|PP755592.1|A/cattle/Texas/24-008749-003/2024(H5N1)	951	46
NP|PP755592.1|A/cattle/Texas/24-008749-003/2024(H5N1)	952	46
NP|PP755592.1|A/cattle/Texas/24-008749-003/2024(H5N1)	953	43
NP|PP755592.1|A/cattle/Texas/24-008749-003/2024(H5N1)	954	42
NP|PP755592.1|A/cattle/Texas/24-008749-003/2024(H5N1)	955	42
NP|PP755592.1|A/cattle/Texas/24-008749-003/2024(H5N1)	956	42
NP|PP755592.1|A/cattle/Texas/24-008749-003/2024(H5N1)	957	41
NP|PP755592.1|A/cattle/Texas/24-008749-003/2024(H5N1)	958	41
NP|PP755592.1|A/cattle/Texas/24-008749-003/2024(H5N1)	959	41
NP|PP755592.1|A/cattle/Texas/24-008749-003/2024(H5N1)	960	41
NP|PP755592.1|A/cattle/Texas/24-008749-003/2024(H5N1)	961	41
NP|PP755592.1|A/cattle/Texas/24-008749-003/2024(H5N1)	962	41
NP|PP755592.1|A/cattle/Texas/24-008749-003/2024(H5N1)	963	41
NP|PP755592.1|A/cattle/Texas/24-008749-003/2024(H5N1)	964	40
NP|PP755592.1|A/cattle/Texas/24-008749-003/2024(H5N1)	965	40
NP|PP755592.1|A/cattle/Texas/24-008749-003/2024(H5N1)	966	40
NP|PP755592.1|A/cattle/Texas/24-008749-003/2024(H5N1)	967	38
NP|PP755592.1|A/cattle/Texas/24-008749-003/2024(H5N1)	968	37
NP|PP755592.1|A/cattle/Texas/24-008749-003/2024(H5N1)	969	37
NP|PP755592.1|A/cattle/Texas/24-008749-003/2024(H5N1)	970	37
NP|PP755592.1|A/cattle/Texas/24-008749-003/2024(H5N1)	971	37
NP|PP755592.1|A/cattle/Texas/24-008749-003/2024(H5N1)	972	37
NP|PP755592.1|A/cattle/Texas/24-008749-003/2024(H5N1)	973	38
NP|PP755592.1|A/cattle/Texas/24-008749-003/2024(H5N1)	974	38
NP|PP755592.1|A/cattle/Texas/24-008749-003/2024(H5N1)	975	39
NP|PP755592.1|A/cattle/Texas/24-008749-003/2024(H5N1)	976	39
NP|PP755592.1|A/cattle/Texas/24-008749-003/2024(H5N1)	977	39
NP|PP755592.1|A/cattle/Texas/24-008749-003/2024(H5N1)	978	41
NP|PP755592.1|A/cattle/Texas/24-008749-003/2024(H5N1)	979	41
NP|PP755592.1|A/cattle/Texas/24-008749-003/2024(H5N1)	980	41
NP|PP755592.1|A/cattle/Texas/24-008749-003/2024(H5N1)	981	41
NP|PP755592.1|A/cattle/Texas/24-008749-003/2024(H5N1)	982	41
NP|PP755592.1|A/cattle/Texas/24-008749-003/2024(H5N1)	983	41
NP|PP755592.1|A/cattle/Texas/24-008749-003/2024(H5N1)	984	44
NP|PP755592.1|A/cattle/Texas/24-008749-003/2024(H5N1)	985	44
NP|PP755592.1|A/cattle/Texas/24-008749-003/2024(H5N1)	986	44
NP|PP755592.1|A/cattle/Texas/24-008749-003/2024(H5N1)	987	45
NP|PP755592.1|A/cattle/Texas/24-008749-003/2024(H5N1)	988	45
NP|PP755592.1|A/cattle/Texas/24-008749-003/2024(H5N1)	989	43
NP|PP755592.1|A/cattle/Texas/24-008749-003/2024(H5N1)	990	43
NP|PP755592.1|A/cattle/Texas/24-008749-003/2024(H5N1)	991	45
NP|PP755592.1|A/cattle/Texas/24-008749-003/2024(H5N1)	992	45
NP|PP755592.1|A/cattle/Texas/24-008749-003/2024(H5N1)	993	44
NP|PP755592.1|A/cattle/Texas/24-008749-003/2024(H5N1)	994	47
NP|PP755592.1|A/cattle/Texas/24-008749-003/2024(H5N1)	995	47
NP|PP755592.1|A/cattle/Texas/24-008749-003/2024(H5N1)	996	48
NP|PP755592.1|A/cattle/Texas/24-008749-003/2024(H5N1)	997	48
NP|PP755592.1|A/cattle/Texas/24-008749-003/2024(H5N1)	998	48
NP|PP755592.1|A/cattle/Texas/24-008749-003/2024(H5N1)	999	46
NP|PP755592.1|A/cattle/Texas/24-008749-003/2024(H5N1)	1000	45
NP|PP755592.1|A/cattle/Texas/24-008749-003/2024(H5N1)	1001	45
NP|PP755592.1|A/cattle/Texas/24-008749-003/2024(H5N1)	1002	44
NP|PP755592.1|A/cattle/Texas/24-008749-003/2024(H5N1)	1003	41
NP|PP755592.1|A/cattle/Texas/24-008749-003/2024(H5N1)	1004	41
NP|PP755592.1|A/cattle/Texas/24-008749-003/2024(H5N1)	1005	40
NP|PP755592.1|A/cattle/Texas/24-008749-003/2024(H5N1)	1006	40
NP|PP755592.1|A/cattle/Texas/24-008749-003/2024(H5N1)	1007	40
NP|PP755592.1|A/cattle/Texas/24-008749-003/2024(H5N1)	1008	39
NP|PP755592.1|A/cattle/Texas/24-008749-003/2024(H5N1)	1009	40
NP|PP755592.1|A/cattle/Texas/24-008749-003/2024(H5N1)	1010	40
NP|PP755592.1|A/cattle/Texas/24-008749-003/2024(H5N1)	1011	40
NP|PP755592.1|A/cattle/Texas/24-008749-003/2024(H5N1)	1012	40
NP|PP755592.1|A/cattle/Texas/24-008749-003/2024(H5N1)	1013	37
NP|PP755592.1|A/cattle/Texas/24-008749-003/2024(H5N1)	1014	37
NP|PP755592.1|A/cattle/Texas/24-008749-003/2024(H5N1)	1015	37
NP|PP755592.1|A/cattle/Texas/24-008749-003/2024(H5N1)	1016	38
NP|PP755592.1|A/cattle/Texas/24-008749-003/2024(H5N1)	1017	38
NP|PP755592.1|A/cattle/Texas/24-008749-003/2024(H5N1)	1018	38
NP|PP755592.1|A/cattle/Texas/24-008749-003/2024(H5N1)	1019	40
NP|PP755592.1|A/cattle/Texas/24-008749-003/2024(H5N1)	1020	40
NP|PP755592.1|A/cattle/Texas/24-008749-003/2024(H5N1)	1021	40
NP|PP755592.1|A/cattle/Texas/24-008749-003/2024(H5N1)	1022	40
NP|PP755592.1|A/cattle/Texas/24-008749-003/2024(H5N1)	1023	40
NP|PP755592.1|A/cattle/Texas/24-008749-003/2024(H5N1)	1024	40
NP|PP755592.1|A/cattle/Texas/24-008749-003/2024(H5N1)	1025	40
NP|PP755592.1|A/cattle/Texas/24-008749-003/2024(H5N1)	1026	40
NP|PP755592.1|A/cattle/Texas/24-008749-003/2024(H5N1)	1027	40
NP|PP755592.1|A/cattle/Texas/24-008749-003/2024(H5N1)	1028	36
NP|PP755592.1|A/cattle/Texas/24-008749-003/2024(H5N1)	1029	36
NP|PP755592.1|A/cattle/Texas/24-008749-003/2024(H5N1)	1030	36
NP|PP755592.1|A/cattle/Texas/24-008749-003/2024(H5N1)	1031	35
NP|PP755592.1|A/cattle/Texas/24-008749-003/2024(H5N1)	1032	35
NP|PP755592.1|A/cattle/Texas/24-008749-003/2024(H5N1)	1033	36
NP|PP755592.1|A/cattle/Texas/24-008749-003/2024(H5N1)	1034	36
NP|PP755592.1|A/cattle/Texas/24-008749-003/2024(H5N1)	1035	36
NP|PP755592.1|A/cattle/Texas/24-008749-003/2024(H5N1)	1036	36
NP|PP755592.1|A/cattle/Texas/24-008749-003/2024(H5N1)	1037	37
NP|PP755592.1|A/cattle/Texas/24-008749-003/2024(H5N1)	1038	37
NP|PP755592.1|A/cattle/Texas/24-008749-003/2024(H5N1)	1039	37
NP|PP755592.1|A/cattle/Texas/24-008749-003/2024(H5N1)	1040	37
NP|PP755592.1|A/cattle/Texas/24-008749-003/2024(H5N1)	1041	37
NP|PP755592.1|A/cattle/Texas/24-008749-003/2024(H5N1)	1042	37
NP|PP755592.1|A/cattle/Texas/24-008749-003/2024(H5N1)	1043	37
NP|PP755592.1|A/cattle/Texas/24-008749-003/2024(H5N1)	1044	38
NP|PP755592.1|A/cattle/Texas/24-008749-003/2024(H5N1)	1045	38
NP|PP755592.1|A/cattle/Texas/24-008749-003/2024(H5N1)	1046	38
NP|PP755592.1|A/cattle/Texas/24-008749-003/2024(H5N1)	1047	40
NP|PP755592.1|A/cattle/Texas/24-008749-003/2024(H5N1)	1048	40
NP|PP755592.1|A/cattle/Texas/24-008749-003/2024(H5N1)	1049	39
NP|PP755592.1|A/cattle/Texas/24-008749-003/2024(H5N1)	1050	39
NP|PP755592.1|A/cattle/Texas/24-008749-003/2024(H5N1)	1051	39
NP|PP755592.1|A/cattle/Texas/24-008749-003/2024(H5N1)	1052	42
NP|PP755592.1|A/cattle/Texas/24-008749-003/2024(H5N1)	1053	43
NP|PP755592.1|A/cattle/Texas/24-008749-003/2024(H5N1)	1054	43
NP|PP755592.1|A/cattle/Texas/24-008749-003/2024(H5N1)	1055	42
NP|PP755592.1|A/cattle/Texas/24-008749-003/2024(H5N1)	1056	39
NP|PP755592.1|A/cattle/Texas/24-008749-003/2024(H5N1)	1057	39
NP|PP755592.1|A/cattle/Texas/24-008749-003/2024(H5N1)	1058	39
NP|PP755592.1|A/cattle/Texas/24-008749-003/2024(H5N1)	1059	36
NP|PP755592.1|A/cattle/Texas/24-008749-003/2024(H5N1)	1060	36
NP|PP755592.1|A/cattle/Texas/24-008749-003/2024(H5N1)	1061	35
NP|PP755592.1|A/cattle/Texas/24-008749-003/2024(H5N1)	1062	35
NP|PP755592.1|A/cattle/Texas/24-008749-003/2024(H5N1)	1063	35
NP|PP755592.1|A/cattle/Texas/24-008749-003/2024(H5N1)	1064	37
NP|PP755592.1|A/cattle/Texas/24-008749-003/2024(H5N1)	1065	37
NP|PP755592.1|A/cattle/Texas/24-008749-003/2024(H5N1)	1066	38
NP|PP755592.1|A/cattle/Texas/24-008749-003/2024(H5N1)	1067	38
NP|PP755592.1|A/cattle/Texas/24-008749-003/2024(H5N1)	1068	38
NP|PP755592.1|A/cattle/Texas/24-008749-003/2024(H5N1)	1069	38
NP|PP755592.1|A/cattle/Texas/24-008749-003/2024(H5N1)	1070	38
NP|PP755592.1|A/cattle/Texas/24-008749-003/2024(H5N1)	1071	39
NP|PP755592.1|A/cattle/Texas/24-008749-003/2024(H5N1)	1072	40
NP|PP755592.1|A/cattle/Texas/24-008749-003/2024(H5N1)	1073	41
NP|PP755592.1|A/cattle/Texas/24-008749-003/2024(H5N1)	1074	42
NP|PP755592.1|A/cattle/Texas/24-008749-003/2024(H5N1)	1075	46
NP|PP755592.1|A/cattle/Texas/24-008749-003/2024(H5N1)	1076	46
NP|PP755592.1|A/cattle/Texas/24-008749-003/2024(H5N1)	1077	46
NP|PP755592.1|A/cattle/Texas/24-008749-003/2024(H5N1)	1078	46
NP|PP755592.1|A/cattle/Texas/24-008749-003/2024(H5N1)	1079	46
NP|PP755592.1|A/cattle/Texas/24-008749-003/2024(H5N1)	1080	45
NP|PP755592.1|A/cattle/Texas/24-008749-003/2024(H5N1)	1081	45
NP|PP755592.1|A/cattle/Texas/24-008749-003/2024(H5N1)	1082	45
NP|PP755592.1|A/cattle/Texas/24-008749-003/2024(H5N1)	1083	42
NP|PP755592.1|A/cattle/Texas/24-008749-003/2024(H5N1)	1084	42
NP|PP755592.1|A/cattle/Texas/24-008749-003/2024(H5N1)	1085	42
NP|PP755592.1|A/cattle/Texas/24-008749-003/2024(H5N1)	1086	42
NP|PP755592.1|A/cattle/Texas/24-008749-003/2024(H5N1)	1087	42
NP|PP755592.1|A/cattle/Texas/24-008749-003/2024(H5N1)	1088	43
NP|PP755592.1|A/cattle/Texas/24-008749-003/2024(H5N1)	1089	43
NP|PP755592.1|A/cattle/Texas/24-008749-003/2024(H5N1)	1090	42
NP|PP755592.1|A/cattle/Texas/24-008749-003/2024(H5N1)	1091	42
NP|PP755592.1|A/cattle/Texas/24-008749-003/2024(H5N1)	1092	42
NP|PP755592.1|A/cattle/Texas/24-008749-003/2024(H5N1)	1093	42
NP|PP755592.1|A/cattle/Texas/24-008749-003/2024(H5N1)	1094	42
NP|PP755592.1|A/cattle/Texas/24-008749-003/2024(H5N1)	1095	42
NP|PP755592.1|A/cattle/Texas/24-008749-003/2024(H5N1)	1096	42
NP|PP755592.1|A/cattle/Texas/24-008749-003/2024(H5N1)	1097	43
NP|PP755592.1|A/cattle/Texas/24-008749-003/2024(H5N1)	1098	43
NP|PP755592.1|A/cattle/Texas/24-008749-003/2024(H5N1)	1099	43
NP|PP755592.1|A/cattle/Texas/24-008749-003/2024(H5N1)	1100	42
NP|PP755592.1|A/cattle/Texas/24-008749-003/2024(H5N1)	1101	43
NP|PP755592.1|A/cattle/Texas/24-008749-003/2024(H5N1)	1102	43
NP|PP755592.1|A/cattle/Texas/24-008749-003/2024(H5N1)	1103	43
NP|PP755592.1|A/cattle/Texas/24-008749-003/2024(H5N1)	1104	43
NP|PP755592.1|A/cattle/Texas/24-008749-003/2024(H5N1)	1105	43
NP|PP755592.1|A/cattle/Texas/24-008749-003/2024(H5N1)	1106	43
NP|PP755592.1|A/cattle/Texas/24-008749-003/2024(H5N1)	1107	43
NP|PP755592.1|A/cattle/Texas/24-008749-003/2024(H5N1)	1108	43
NP|PP755592.1|A/cattle/Texas/24-008749-003/2024(H5N1)	1109	43
NP|PP755592.1|A/cattle/Texas/24-008749-003/2024(H5N1)	1110	43
NP|PP755592.1|A/cattle/Texas/24-008749-003/2024(H5N1)	1111	43
NP|PP755592.1|A/cattle/Texas/24-008749-003/2024(H5N1)	1112	43
NP|PP755592.1|A/cattle/Texas/24-008749-003/2024(H5N1)	1113	43
NP|PP755592.1|A/cattle/Texas/24-008749-003/2024(H5N1)	1114	43
NP|PP755592.1|A/cattle/Texas/24-008749-003/2024(H5N1)	1115	43
NP|PP755592.1|A/cattle/Texas/24-008749-003/2024(H5N1)	1116	43
NP|PP755592.1|A/cattle/Texas/24-008749-003/2024(H5N1)	1117	43
NP|PP755592.1|A/cattle/Texas/24-008749-003/2024(H5N1)	1118	43
NP|PP755592.1|A/cattle/Texas/24-008749-003/2024(H5N1)	1119	42
NP|PP755592.1|A/cattle/Texas/24-008749-003/2024(H5N1)	1120	44
NP|PP755592.1|A/cattle/Texas/24-008749-003/2024(H5N1)	1121	44
NP|PP755592.1|A/cattle/Texas/24-008749-003/2024(H5N1)	1122	44
NP|PP755592.1|A/cattle/Texas/24-008749-003/2024(H5N1)	1123	44
NP|PP755592.1|A/cattle/Texas/24-008749-003/2024(H5N1)	1124	44
NP|PP755592.1|A/cattle/Texas/24-008749-003/2024(H5N1)	1125	46
NP|PP755592.1|A/cattle/Texas/24-008749-003/2024(H5N1)	1126	45
NP|PP755592.1|A/cattle/Texas/24-008749-003/2024(H5N1)	1127	47
NP|PP755592.1|A/cattle/Texas/24-008749-003/2024(H5N1)	1128	47
NP|PP755592.1|A/cattle/Texas/24-008749-003/2024(H5N1)	1129	46
NP|PP755592.1|A/cattle/Texas/24-008749-003/2024(H5N1)	1130	46
NP|PP755592.1|A/cattle/Texas/24-008749-003/2024(H5N1)	1131	48
NP|PP755592.1|A/cattle/Texas/24-008749-003/2024(H5N1)	1132	48
NP|PP755592.1|A/cattle/Texas/24-008749-003/2024(H5N1)	1133	46
NP|PP755592.1|A/cattle/Texas/24-008749-003/2024(H5N1)	1134	46
NP|PP755592.1|A/cattle/Texas/24-008749-003/2024(H5N1)	1135	46
NP|PP755592.1|A/cattle/Texas/24-008749-003/2024(H5N1)	1136	46
NP|PP755592.1|A/cattle/Texas/24-008749-003/2024(H5N1)	1137	46
NP|PP755592.1|A/cattle/Texas/24-008749-003/2024(H5N1)	1138	46
NP|PP755592.1|A/cattle/Texas/24-008749-003/2024(H5N1)	1139	46
NP|PP755592.1|A/cattle/Texas/24-008749-003/2024(H5N1)	1140	46
NP|PP755592.1|A/cattle/Texas/24-008749-003/2024(H5N1)	1141	46
NP|PP755592.1|A/cattle/Texas/24-008749-003/2024(H5N1)	1142	44
NP|PP755592.1|A/cattle/Texas/24-008749-003/2024(H5N1)	1143	44
NP|PP755592.1|A/cattle/Texas/24-008749-003/2024(H5N1)	1144	43
NP|PP755592.1|A/cattle/Texas/24-008749-003/2024(H5N1)	1145	41
NP|PP755592.1|A/cattle/Texas/24-008749-003/2024(H5N1)	1146	42
NP|PP755592.1|A/cattle/Texas/24-008749-003/2024(H5N1)	1147	41
NP|PP755592.1|A/cattle/Texas/24-008749-003/2024(H5N1)	1148	42
NP|PP755592.1|A/cattle/Texas/24-008749-003/2024(H5N1)	1149	42
NP|PP755592.1|A/cattle/Texas/24-008749-003/2024(H5N1)	1150	42
NP|PP755592.1|A/cattle/Texas/24-008749-003/2024(H5N1)	1151	42
NP|PP755592.1|A/cattle/Texas/24-008749-003/2024(H5N1)	1152	42
NP|PP755592.1|A/cattle/Texas/24-008749-003/2024(H5N1)	1153	42
NP|PP755592.1|A/cattle/Texas/24-008749-003/2024(H5N1)	1154	42
NP|PP755592.1|A/cattle/Texas/24-008749-003/2024(H5N1)	1155	42
NP|PP755592.1|A/cattle/Texas/24-008749-003/2024(H5N1)	1156	42
NP|PP755592.1|A/cattle/Texas/24-008749-003/2024(H5N1)	1157	42
NP|PP755592.1|A/cattle/Texas/24-008749-003/2024(H5N1)	1158	42
NP|PP755592.1|A/cattle/Texas/24-008749-003/2024(H5N1)	1159	42
NP|PP755592.1|A/cattle/Texas/24-008749-003/2024(H5N1)	1160	42
NP|PP755592.1|A/cattle/Texas/24-008749-003/2024(H5N1)	1161	42
NP|PP755592.1|A/cattle/Texas/24-008749-003/2024(H5N1)	1162	43
NP|PP755592.1|A/cattle/Texas/24-008749-003/2024(H5N1)	1163	43
NP|PP755592.1|A/cattle/Texas/24-008749-003/2024(H5N1)	1164	43
NP|PP755592.1|A/cattle/Texas/24-008749-003/2024(H5N1)	1165	43
NP|PP755592.1|A/cattle/Texas/24-008749-003/2024(H5N1)	1166	42
NP|PP755592.1|A/cattle/Texas/24-008749-003/2024(H5N1)	1167	43
NP|PP755592.1|A/cattle/Texas/24-008749-003/2024(H5N1)	1168	42
NP|PP755592.1|A/cattle/Texas/24-008749-003/2024(H5N1)	1169	41
NP|PP755592.1|A/cattle/Texas/24-008749-003/2024(H5N1)	1170	42
NP|PP755592.1|A/cattle/Texas/24-008749-003/2024(H5N1)	1171	42
NP|PP755592.1|A/cattle/Texas/24-008749-003/2024(H5N1)	1172	42
NP|PP755592.1|A/cattle/Texas/24-008749-003/2024(H5N1)	1173	43
NP|PP755592.1|A/cattle/Texas/24-008749-003/2024(H5N1)	1174	43
NP|PP755592.1|A/cattle/Texas/24-008749-003/2024(H5N1)	1175	43
NP|PP755592.1|A/cattle/Texas/24-008749-003/2024(H5N1)	1176	41
NP|PP755592.1|A/cattle/Texas/24-008749-003/2024(H5N1)	1177	41
NP|PP755592.1|A/cattle/Texas/24-008749-003/2024(H5N1)	1178	41
NP|PP755592.1|A/cattle/Texas/24-008749-003/2024(H5N1)	1179	41
NP|PP755592.1|A/cattle/Texas/24-008749-003/2024(H5N1)	1180	41
NP|PP755592.1|A/cattle/Texas/24-008749-003/2024(H5N1)	1181	41
NP|PP755592.1|A/cattle/Texas/24-008749-003/2024(H5N1)	1182	41
NP|PP755592.1|A/cattle/Texas/24-008749-003/2024(H5N1)	1183	41
NP|PP755592.1|A/cattle/Texas/24-008749-003/2024(H5N1)	1184	40
NP|PP755592.1|A/cattle/Texas/24-008749-003/2024(H5N1)	1185	40
NP|PP755592.1|A/cattle/Texas/24-008749-003/2024(H5N1)	1186	40
NP|PP755592.1|A/cattle/Texas/24-008749-003/2024(H5N1)	1187	40
NP|PP755592.1|A/cattle/Texas/24-008749-003/2024(H5N1)	1188	38
NP|PP755592.1|A/cattle/Texas/24-008749-003/2024(H5N1)	1189	39
NP|PP755592.1|A/cattle/Texas/24-008749-003/2024(H5N1)	1190	40
NP|PP755592.1|A/cattle/Texas/24-008749-003/2024(H5N1)	1191	40
NP|PP755592.1|A/cattle/Texas/24-008749-003/2024(H5N1)	1192	41
NP|PP755592.1|A/cattle/Texas/24-008749-003/2024(H5N1)	1193	41
NP|PP755592.1|A/cattle/Texas/24-008749-003/2024(H5N1)	1194	41
NP|PP755592.1|A/cattle/Texas/24-008749-003/2024(H5N1)	1195	41
NP|PP755592.1|A/cattle/Texas/24-008749-003/2024(H5N1)	1196	41
NP|PP755592.1|A/cattle/Texas/24-008749-003/2024(H5N1)	1197	41
NP|PP755592.1|A/cattle/Texas/24-008749-003/2024(H5N1)	1198	39
NP|PP755592.1|A/cattle/Texas/24-008749-003/2024(H5N1)	1199	39
NP|PP755592.1|A/cattle/Texas/24-008749-003/2024(H5N1)	1200	39
NP|PP755592.1|A/cattle/Texas/24-008749-003/2024(H5N1)	1201	39
NP|PP755592.1|A/cattle/Texas/24-008749-003/2024(H5N1)	1202	38
NP|PP755592.1|A/cattle/Texas/24-008749-003/2024(H5N1)	1203	37
NP|PP755592.1|A/cattle/Texas/24-008749-003/2024(H5N1)	1204	37
NP|PP755592.1|A/cattle/Texas/24-008749-003/2024(H5N1)	1205	37
NP|PP755592.1|A/cattle/Texas/24-008749-003/2024(H5N1)	1206	37
NP|PP755592.1|A/cattle/Texas/24-008749-003/2024(H5N1)	1207	37
NP|PP755592.1|A/cattle/Texas/24-008749-003/2024(H5N1)	1208	37
NP|PP755592.1|A/cattle/Texas/24-008749-003/2024(H5N1)	1209	37
NP|PP755592.1|A/cattle/Texas/24-008749-003/2024(H5N1)	1210	37
NP|PP755592.1|A/cattle/Texas/24-008749-003/2024(H5N1)	1211	38
NP|PP755592.1|A/cattle/Texas/24-008749-003/2024(H5N1)	1212	38
NP|PP755592.1|A/cattle/Texas/24-008749-003/2024(H5N1)	1213	39
NP|PP755592.1|A/cattle/Texas/24-008749-003/2024(H5N1)	1214	39
NP|PP755592.1|A/cattle/Texas/24-008749-003/2024(H5N1)	1215	37
NP|PP755592.1|A/cattle/Texas/24-008749-003/2024(H5N1)	1216	37
NP|PP755592.1|A/cattle/Texas/24-008749-003/2024(H5N1)	1217	37
NP|PP755592.1|A/cattle/Texas/24-008749-003/2024(H5N1)	1218	37
NP|PP755592.1|A/cattle/Texas/24-008749-003/2024(H5N1)	1219	37
NP|PP755592.1|A/cattle/Texas/24-008749-003/2024(H5N1)	1220	37
NP|PP755592.1|A/cattle/Texas/24-008749-003/2024(H5N1)	1221	37
NP|PP755592.1|A/cattle/Texas/24-008749-003/2024(H5N1)	1222	38
NP|PP755592.1|A/cattle/Texas/24-008749-003/2024(H5N1)	1223	37
NP|PP755592.1|A/cattle/Texas/24-008749-003/2024(H5N1)	1224	34
NP|PP755592.1|A/cattle/Texas/24-008749-003/2024(H5N1)	1225	33
NP|PP755592.1|A/cattle/Texas/24-008749-003/2024(H5N1)	1226	29
NP|PP755592.1|A/cattle/Texas/24-008749-003/2024(H5N1)	1227	29
NP|PP755592.1|A/cattle/Texas/24-008749-003/2024(H5N1)	1228	30
NP|PP755592.1|A/cattle/Texas/24-008749-003/2024(H5N1)	1229	31
NP|PP755592.1|A/cattle/Texas/24-008749-003/2024(H5N1)	1230	31
NP|PP755592.1|A/cattle/Texas/24-008749-003/2024(H5N1)	1231	32
NP|PP755592.1|A/cattle/Texas/24-008749-003/2024(H5N1)	1232	32
NP|PP755592.1|A/cattle/Texas/24-008749-003/2024(H5N1)	1233	32
NP|PP755592.1|A/cattle/Texas/24-008749-003/2024(H5N1)	1234	32
NP|PP755592.1|A/cattle/Texas/24-008749-003/2024(H5N1)	1235	32
NP|PP755592.1|A/cattle/Texas/24-008749-003/2024(H5N1)	1236	32
NP|PP755592.1|A/cattle/Texas/24-008749-003/2024(H5N1)	1237	31
NP|PP755592.1|A/cattle/Texas/24-008749-003/2024(H5N1)	1238	31
NP|PP755592.1|A/cattle/Texas/24-008749-003/2024(H5N1)	1239	30
NP|PP755592.1|A/cattle/Texas/24-008749-003/2024(H5N1)	1240	38
NP|PP755592.1|A/cattle/Texas/24-008749-003/2024(H5N1)	1241	38
NP|PP755592.1|A/cattle/Texas/24-008749-003/2024(H5N1)	1242	38
NP|PP755592.1|A/cattle/Texas/24-008749-003/2024(H5N1)	1243	38
NP|PP755592.1|A/cattle/Texas/24-008749-003/2024(H5N1)	1244	37
NP|PP755592.1|A/cattle/Texas/24-008749-003/2024(H5N1)	1245	37
NP|PP755592.1|A/cattle/Texas/24-008749-003/2024(H5N1)	1246	37
NP|PP755592.1|A/cattle/Texas/24-008749-003/2024(H5N1)	1247	37
NP|PP755592.1|A/cattle/Texas/24-008749-003/2024(H5N1)	1248	37
NP|PP755592.1|A/cattle/Texas/24-008749-003/2024(H5N1)	1249	37
NP|PP755592.1|A/cattle/Texas/24-008749-003/2024(H5N1)	1250	37
NP|PP755592.1|A/cattle/Texas/24-008749-003/2024(H5N1)	1251	38
NP|PP755592.1|A/cattle/Texas/24-008749-003/2024(H5N1)	1252	37
NP|PP755592.1|A/cattle/Texas/24-008749-003/2024(H5N1)	1253	37
NP|PP755592.1|A/cattle/Texas/24-008749-003/2024(H5N1)	1254	38
NP|PP755592.1|A/cattle/Texas/24-008749-003/2024(H5N1)	1255	38
NP|PP755592.1|A/cattle/Texas/24-008749-003/2024(H5N1)	1256	38
NP|PP755592.1|A/cattle/Texas/24-008749-003/2024(H5N1)	1257	38
NP|PP755592.1|A/cattle/Texas/24-008749-003/2024(H5N1)	1258	38
NP|PP755592.1|A/cattle/Texas/24-008749-003/2024(H5N1)	1259	38
NP|PP755592.1|A/cattle/Texas/24-008749-003/2024(H5N1)	1260	38
NP|PP755592.1|A/cattle/Texas/24-008749-003/2024(H5N1)	1261	38
NP|PP755592.1|A/cattle/Texas/24-008749-003/2024(H5N1)	1262	38
NP|PP755592.1|A/cattle/Texas/24-008749-003/2024(H5N1)	1263	38
NP|PP755592.1|A/cattle/Texas/24-008749-003/2024(H5N1)	1264	38
NP|PP755592.1|A/cattle/Texas/24-008749-003/2024(H5N1)	1265	38
NP|PP755592.1|A/cattle/Texas/24-008749-003/2024(H5N1)	1266	38
NP|PP755592.1|A/cattle/Texas/24-008749-003/2024(H5N1)	1267	38
NP|PP755592.1|A/cattle/Texas/24-008749-003/2024(H5N1)	1268	38
NP|PP755592.1|A/cattle/Texas/24-008749-003/2024(H5N1)	1269	38
NP|PP755592.1|A/cattle/Texas/24-008749-003/2024(H5N1)	1270	38
NP|PP755592.1|A/cattle/Texas/24-008749-003/2024(H5N1)	1271	36
NP|PP755592.1|A/cattle/Texas/24-008749-003/2024(H5N1)	1272	36
NP|PP755592.1|A/cattle/Texas/24-008749-003/2024(H5N1)	1273	36
NP|PP755592.1|A/cattle/Texas/24-008749-003/2024(H5N1)	1274	37
NP|PP755592.1|A/cattle/Texas/24-008749-003/2024(H5N1)	1275	35
NP|PP755592.1|A/cattle/Texas/24-008749-003/2024(H5N1)	1276	34
NP|PP755592.1|A/cattle/Texas/24-008749-003/2024(H5N1)	1277	34
NP|PP755592.1|A/cattle/Texas/24-008749-003/2024(H5N1)	1278	34
NP|PP755592.1|A/cattle/Texas/24-008749-003/2024(H5N1)	1279	33
NP|PP755592.1|A/cattle/Texas/24-008749-003/2024(H5N1)	1280	33
NP|PP755592.1|A/cattle/Texas/24-008749-003/2024(H5N1)	1281	32
NP|PP755592.1|A/cattle/Texas/24-008749-003/2024(H5N1)	1282	32
NP|PP755592.1|A/cattle/Texas/24-008749-003/2024(H5N1)	1283	31
NP|PP755592.1|A/cattle/Texas/24-008749-003/2024(H5N1)	1284	31
NP|PP755592.1|A/cattle/Texas/24-008749-003/2024(H5N1)	1285	31
NP|PP755592.1|A/cattle/Texas/24-008749-003/2024(H5N1)	1286	31
NP|PP755592.1|A/cattle/Texas/24-008749-003/2024(H5N1)	1287	31
NP|PP755592.1|A/cattle/Texas/24-008749-003/2024(H5N1)	1288	31
NP|PP755592.1|A/cattle/Texas/24-008749-003/2024(H5N1)	1289	30
NP|PP755592.1|A/cattle/Texas/24-008749-003/2024(H5N1)	1290	30
NP|PP755592.1|A/cattle/Texas/24-008749-003/2024(H5N1)	1291	30
NP|PP755592.1|A/cattle/Texas/24-008749-003/2024(H5N1)	1292	33
NP|PP755592.1|A/cattle/Texas/24-008749-003/2024(H5N1)	1293	33
NP|PP755592.1|A/cattle/Texas/24-008749-003/2024(H5N1)	1294	33
NP|PP755592.1|A/cattle/Texas/24-008749-003/2024(H5N1)	1295	34
NP|PP755592.1|A/cattle/Texas/24-008749-003/2024(H5N1)	1296	33
NP|PP755592.1|A/cattle/Texas/24-008749-003/2024(H5N1)	1297	33
NP|PP755592.1|A/cattle/Texas/24-008749-003/2024(H5N1)	1298	32
NP|PP755592.1|A/cattle/Texas/24-008749-003/2024(H5N1)	1299	32
NP|PP755592.1|A/cattle/Texas/24-008749-003/2024(H5N1)	1300	32
NP|PP755592.1|A/cattle/Texas/24-008749-003/2024(H5N1)	1301	34
NP|PP755592.1|A/cattle/Texas/24-008749-003/2024(H5N1)	1302	34
NP|PP755592.1|A/cattle/Texas/24-008749-003/2024(H5N1)	1303	34
NP|PP755592.1|A/cattle/Texas/24-008749-003/2024(H5N1)	1304	34
NP|PP755592.1|A/cattle/Texas/24-008749-003/2024(H5N1)	1305	34
NP|PP755592.1|A/cattle/Texas/24-008749-003/2024(H5N1)	1306	34
NP|PP755592.1|A/cattle/Texas/24-008749-003/2024(H5N1)	1307	34
NP|PP755592.1|A/cattle/Texas/24-008749-003/2024(H5N1)	1308	34
NP|PP755592.1|A/cattle/Texas/24-008749-003/2024(H5N1)	1309	34
NP|PP755592.1|A/cattle/Texas/24-008749-003/2024(H5N1)	1310	34
NP|PP755592.1|A/cattle/Texas/24-008749-003/2024(H5N1)	1311	33
NP|PP755592.1|A/cattle/Texas/24-008749-003/2024(H5N1)	1312	33
NP|PP755592.1|A/cattle/Texas/24-008749-003/2024(H5N1)	1313	32
NP|PP755592.1|A/cattle/Texas/24-008749-003/2024(H5N1)	1314	32
NP|PP755592.1|A/cattle/Texas/24-008749-003/2024(H5N1)	1315	32
NP|PP755592.1|A/cattle/Texas/24-008749-003/2024(H5N1)	1316	32
NP|PP755592.1|A/cattle/Texas/24-008749-003/2024(H5N1)	1317	32
NP|PP755592.1|A/cattle/Texas/24-008749-003/2024(H5N1)	1318	32
NP|PP755592.1|A/cattle/Texas/24-008749-003/2024(H5N1)	1319	32
NP|PP755592.1|A/cattle/Texas/24-008749-003/2024(H5N1)	1320	32
NP|PP755592.1|A/cattle/Texas/24-008749-003/2024(H5N1)	1321	31
NP|PP755592.1|A/cattle/Texas/24-008749-003/2024(H5N1)	1322	31
NP|PP755592.1|A/cattle/Texas/24-008749-003/2024(H5N1)	1323	31
NP|PP755592.1|A/cattle/Texas/24-008749-003/2024(H5N1)	1324	30
NP|PP755592.1|A/cattle/Texas/24-008749-003/2024(H5N1)	1325	30
NP|PP755592.1|A/cattle/Texas/24-008749-003/2024(H5N1)	1326	26
NP|PP755592.1|A/cattle/Texas/24-008749-003/2024(H5N1)	1327	26
NP|PP755592.1|A/cattle/Texas/24-008749-003/2024(H5N1)	1328	26
NP|PP755592.1|A/cattle/Texas/24-008749-003/2024(H5N1)	1329	26
NP|PP755592.1|A/cattle/Texas/24-008749-003/2024(H5N1)	1330	27
NP|PP755592.1|A/cattle/Texas/24-008749-003/2024(H5N1)	1331	27
NP|PP755592.1|A/cattle/Texas/24-008749-003/2024(H5N1)	1332	27
NP|PP755592.1|A/cattle/Texas/24-008749-003/2024(H5N1)	1333	29
NP|PP755592.1|A/cattle/Texas/24-008749-003/2024(H5N1)	1334	29
NP|PP755592.1|A/cattle/Texas/24-008749-003/2024(H5N1)	1335	30
NP|PP755592.1|A/cattle/Texas/24-008749-003/2024(H5N1)	1336	30
NP|PP755592.1|A/cattle/Texas/24-008749-003/2024(H5N1)	1337	30
NP|PP755592.1|A/cattle/Texas/24-008749-003/2024(H5N1)	1338	29
NP|PP755592.1|A/cattle/Texas/24-008749-003/2024(H5N1)	1339	30
NP|PP755592.1|A/cattle/Texas/24-008749-003/2024(H5N1)	1340	29
NP|PP755592.1|A/cattle/Texas/24-008749-003/2024(H5N1)	1341	28
NP|PP755592.1|A/cattle/Texas/24-008749-003/2024(H5N1)	1342	29
NP|PP755592.1|A/cattle/Texas/24-008749-003/2024(H5N1)	1343	30
NP|PP755592.1|A/cattle/Texas/24-008749-003/2024(H5N1)	1344	30
NP|PP755592.1|A/cattle/Texas/24-008749-003/2024(H5N1)	1345	30
NP|PP755592.1|A/cattle/Texas/24-008749-003/2024(H5N1)	1346	30
NP|PP755592.1|A/cattle/Texas/24-008749-003/2024(H5N1)	1347	30
NP|PP755592.1|A/cattle/Texas/24-008749-003/2024(H5N1)	1348	30
NP|PP755592.1|A/cattle/Texas/24-008749-003/2024(H5N1)	1349	34
NP|PP755592.1|A/cattle/Texas/24-008749-003/2024(H5N1)	1350	34
NP|PP755592.1|A/cattle/Texas/24-008749-003/2024(H5N1)	1351	34
NP|PP755592.1|A/cattle/Texas/24-008749-003/2024(H5N1)	1352	34
NP|PP755592.1|A/cattle/Texas/24-008749-003/2024(H5N1)	1353	34
NP|PP755592.1|A/cattle/Texas/24-008749-003/2024(H5N1)	1354	34
NP|PP755592.1|A/cattle/Texas/24-008749-003/2024(H5N1)	1355	34
NP|PP755592.1|A/cattle/Texas/24-008749-003/2024(H5N1)	1356	34
NP|PP755592.1|A/cattle/Texas/24-008749-003/2024(H5N1)	1357	34
NP|PP755592.1|A/cattle/Texas/24-008749-003/2024(H5N1)	1358	34
NP|PP755592.1|A/cattle/Texas/24-008749-003/2024(H5N1)	1359	33
NP|PP755592.1|A/cattle/Texas/24-008749-003/2024(H5N1)	1360	33
NP|PP755592.1|A/cattle/Texas/24-008749-003/2024(H5N1)	1361	33
NP|PP755592.1|A/cattle/Texas/24-008749-003/2024(H5N1)	1362	34
NP|PP755592.1|A/cattle/Texas/24-008749-003/2024(H5N1)	1363	34
NP|PP755592.1|A/cattle/Texas/24-008749-003/2024(H5N1)	1364	33
NP|PP755592.1|A/cattle/Texas/24-008749-003/2024(H5N1)	1365	33
NP|PP755592.1|A/cattle/Texas/24-008749-003/2024(H5N1)	1366	33
NP|PP755592.1|A/cattle/Texas/24-008749-003/2024(H5N1)	1367	33
NP|PP755592.1|A/cattle/Texas/24-008749-003/2024(H5N1)	1368	32
NP|PP755592.1|A/cattle/Texas/24-008749-003/2024(H5N1)	1369	35
NP|PP755592.1|A/cattle/Texas/24-008749-003/2024(H5N1)	1370	35
NP|PP755592.1|A/cattle/Texas/24-008749-003/2024(H5N1)	1371	34
NP|PP755592.1|A/cattle/Texas/24-008749-003/2024(H5N1)	1372	34
NP|PP755592.1|A/cattle/Texas/24-008749-003/2024(H5N1)	1373	33
NP|PP755592.1|A/cattle/Texas/24-008749-003/2024(H5N1)	1374	34
NP|PP755592.1|A/cattle/Texas/24-008749-003/2024(H5N1)	1375	33
NP|PP755592.1|A/cattle/Texas/24-008749-003/2024(H5N1)	1376	33
NP|PP755592.1|A/cattle/Texas/24-008749-003/2024(H5N1)	1377	33
NP|PP755592.1|A/cattle/Texas/24-008749-003/2024(H5N1)	1378	33
NP|PP755592.1|A/cattle/Texas/24-008749-003/2024(H5N1)	1379	33
NP|PP755592.1|A/cattle/Texas/24-008749-003/2024(H5N1)	1380	32
NP|PP755592.1|A/cattle/Texas/24-008749-003/2024(H5N1)	1381	32
NP|PP755592.1|A/cattle/Texas/24-008749-003/2024(H5N1)	1382	32
NP|PP755592.1|A/cattle/Texas/24-008749-003/2024(H5N1)	1383	32
NP|PP755592.1|A/cattle/Texas/24-008749-003/2024(H5N1)	1384	32
NP|PP755592.1|A/cattle/Texas/24-008749-003/2024(H5N1)	1385	32
NP|PP755592.1|A/cattle/Texas/24-008749-003/2024(H5N1)	1386	32
NP|PP755592.1|A/cattle/Texas/24-008749-003/2024(H5N1)	1387	32
NP|PP755592.1|A/cattle/Texas/24-008749-003/2024(H5N1)	1388	30
NP|PP755592.1|A/cattle/Texas/24-008749-003/2024(H5N1)	1389	28
NP|PP755592.1|A/cattle/Texas/24-008749-003/2024(H5N1)	1390	28
NP|PP755592.1|A/cattle/Texas/24-008749-003/2024(H5N1)	1391	28
NP|PP755592.1|A/cattle/Texas/24-008749-003/2024(H5N1)	1392	28
NP|PP755592.1|A/cattle/Texas/24-008749-003/2024(H5N1)	1393	28
NP|PP755592.1|A/cattle/Texas/24-008749-003/2024(H5N1)	1394	28
NP|PP755592.1|A/cattle/Texas/24-008749-003/2024(H5N1)	1395	28
NP|PP755592.1|A/cattle/Texas/24-008749-003/2024(H5N1)	1396	28
NP|PP755592.1|A/cattle/Texas/24-008749-003/2024(H5N1)	1397	28
NP|PP755592.1|A/cattle/Texas/24-008749-003/2024(H5N1)	1398	27
NP|PP755592.1|A/cattle/Texas/24-008749-003/2024(H5N1)	1399	27
NP|PP755592.1|A/cattle/Texas/24-008749-003/2024(H5N1)	1400	27
NP|PP755592.1|A/cattle/Texas/24-008749-003/2024(H5N1)	1401	27
NP|PP755592.1|A/cattle/Texas/24-008749-003/2024(H5N1)	1402	26
NP|PP755592.1|A/cattle/Texas/24-008749-003/2024(H5N1)	1403	26
NP|PP755592.1|A/cattle/Texas/24-008749-003/2024(H5N1)	1404	26
NP|PP755592.1|A/cattle/Texas/24-008749-003/2024(H5N1)	1405	25
NP|PP755592.1|A/cattle/Texas/24-008749-003/2024(H5N1)	1406	25
NP|PP755592.1|A/cattle/Texas/24-008749-003/2024(H5N1)	1407	25
NP|PP755592.1|A/cattle/Texas/24-008749-003/2024(H5N1)	1408	25
NP|PP755592.1|A/cattle/Texas/24-008749-003/2024(H5N1)	1409	25
NP|PP755592.1|A/cattle/Texas/24-008749-003/2024(H5N1)	1410	25
NP|PP755592.1|A/cattle/Texas/24-008749-003/2024(H5N1)	1411	25
NP|PP755592.1|A/cattle/Texas/24-008749-003/2024(H5N1)	1412	25
NP|PP755592.1|A/cattle/Texas/24-008749-003/2024(H5N1)	1413	25
NP|PP755592.1|A/cattle/Texas/24-008749-003/2024(H5N1)	1414	25
NP|PP755592.1|A/cattle/Texas/24-008749-003/2024(H5N1)	1415	25
NP|PP755592.1|A/cattle/Texas/24-008749-003/2024(H5N1)	1416	25
NP|PP755592.1|A/cattle/Texas/24-008749-003/2024(H5N1)	1417	25
NP|PP755592.1|A/cattle/Texas/24-008749-003/2024(H5N1)	1418	25
NP|PP755592.1|A/cattle/Texas/24-008749-003/2024(H5N1)	1419	25
NP|PP755592.1|A/cattle/Texas/24-008749-003/2024(H5N1)	1420	25
NP|PP755592.1|A/cattle/Texas/24-008749-003/2024(H5N1)	1421	25
NP|PP755592.1|A/cattle/Texas/24-008749-003/2024(H5N1)	1422	25
NP|PP755592.1|A/cattle/Texas/24-008749-003/2024(H5N1)	1423	25
NP|PP755592.1|A/cattle/Texas/24-008749-003/2024(H5N1)	1424	25
NP|PP755592.1|A/cattle/Texas/24-008749-003/2024(H5N1)	1425	24
NP|PP755592.1|A/cattle/Texas/24-008749-003/2024(H5N1)	1426	24
NP|PP755592.1|A/cattle/Texas/24-008749-003/2024(H5N1)	1427	24
NP|PP755592.1|A/cattle/Texas/24-008749-003/2024(H5N1)	1428	24
NP|PP755592.1|A/cattle/Texas/24-008749-003/2024(H5N1)	1429	24
NP|PP755592.1|A/cattle/Texas/24-008749-003/2024(H5N1)	1430	24
NP|PP755592.1|A/cattle/Texas/24-008749-003/2024(H5N1)	1431	24
NP|PP755592.1|A/cattle/Texas/24-008749-003/2024(H5N1)	1432	24
NP|PP755592.1|A/cattle/Texas/24-008749-003/2024(H5N1)	1433	24
NP|PP755592.1|A/cattle/Texas/24-008749-003/2024(H5N1)	1434	24
NP|PP755592.1|A/cattle/Texas/24-008749-003/2024(H5N1)	1435	24
NP|PP755592.1|A/cattle/Texas/24-008749-003/2024(H5N1)	1436	24
NP|PP755592.1|A/cattle/Texas/24-008749-003/2024(H5N1)	1437	24
NP|PP755592.1|A/cattle/Texas/24-008749-003/2024(H5N1)	1438	24
NP|PP755592.1|A/cattle/Texas/24-008749-003/2024(H5N1)	1439	24
NP|PP755592.1|A/cattle/Texas/24-008749-003/2024(H5N1)	1440	23
NP|PP755592.1|A/cattle/Texas/24-008749-003/2024(H5N1)	1441	23
NP|PP755592.1|A/cattle/Texas/24-008749-003/2024(H5N1)	1442	20
NP|PP755592.1|A/cattle/Texas/24-008749-003/2024(H5N1)	1443	20
NP|PP755592.1|A/cattle/Texas/24-008749-003/2024(H5N1)	1444	20
NP|PP755592.1|A/cattle/Texas/24-008749-003/2024(H5N1)	1445	20
NP|PP755592.1|A/cattle/Texas/24-008749-003/2024(H5N1)	1446	20
NP|PP755592.1|A/cattle/Texas/24-008749-003/2024(H5N1)	1447	20
NP|PP755592.1|A/cattle/Texas/24-008749-003/2024(H5N1)	1448	20
NP|PP755592.1|A/cattle/Texas/24-008749-003/2024(H5N1)	1449	20
NP|PP755592.1|A/cattle/Texas/24-008749-003/2024(H5N1)	1450	20
NP|PP755592.1|A/cattle/Texas/24-008749-003/2024(H5N1)	1451	20
NP|PP755592.1|A/cattle/Texas/24-008749-003/2024(H5N1)	1452	18
NP|PP755592.1|A/cattle/Texas/24-008749-003/2024(H5N1)	1453	18
NP|PP755592.1|A/cattle/Texas/24-008749-003/2024(H5N1)	1454	18
NP|PP755592.1|A/cattle/Texas/24-008749-003/2024(H5N1)	1455	18
NP|PP755592.1|A/cattle/Texas/24-008749-003/2024(H5N1)	1456	18
NP|PP755592.1|A/cattle/Texas/24-008749-003/2024(H5N1)	1457	18
NP|PP755592.1|A/cattle/Texas/24-008749-003/2024(H5N1)	1458	18
NP|PP755592.1|A/cattle/Texas/24-008749-003/2024(H5N1)	1459	18
NP|PP755592.1|A/cattle/Texas/24-008749-003/2024(H5N1)	1460	18
NP|PP755592.1|A/cattle/Texas/24-008749-003/2024(H5N1)	1461	18
NP|PP755592.1|A/cattle/Texas/24-008749-003/2024(H5N1)	1462	18
NP|PP755592.1|A/cattle/Texas/24-008749-003/2024(H5N1)	1463	18
NP|PP755592.1|A/cattle/Texas/24-008749-003/2024(H5N1)	1464	17
NP|PP755592.1|A/cattle/Texas/24-008749-003/2024(H5N1)	1465	17
NP|PP755592.1|A/cattle/Texas/24-008749-003/2024(H5N1)	1466	17
NP|PP755592.1|A/cattle/Texas/24-008749-003/2024(H5N1)	1467	17
NP|PP755592.1|A/cattle/Texas/24-008749-003/2024(H5N1)	1468	17
NP|PP755592.1|A/cattle/Texas/24-008749-003/2024(H5N1)	1469	17
NP|PP755592.1|A/cattle/Texas/24-008749-003/2024(H5N1)	1470	17
NP|PP755592.1|A/cattle/Texas/24-008749-003/2024(H5N1)	1471	17
NP|PP755592.1|A/cattle/Texas/24-008749-003/2024(H5N1)	1472	17
NP|PP755592.1|A/cattle/Texas/24-008749-003/2024(H5N1)	1473	17
NP|PP755592.1|A/cattle/Texas/24-008749-003/2024(H5N1)	1474	17
NP|PP755592.1|A/cattle/Texas/24-008749-003/2024(H5N1)	1475	17
NP|PP755592.1|A/cattle/Texas/24-008749-003/2024(H5N1)	1476	17
NP|PP755592.1|A/cattle/Texas/24-008749-003/2024(H5N1)	1477	17
NP|PP755592.1|A/cattle/Texas/24-008749-003/2024(H5N1)	1478	17
NP|PP755592.1|A/cattle/Texas/24-008749-003/2024(H5N1)	1479	17
NP|PP755592.1|A/cattle/Texas/24-008749-003/2024(H5N1)	1480	17
NP|PP755592.1|A/cattle/Texas/24-008749-003/2024(H5N1)	1481	16
NP|PP755592.1|A/cattle/Texas/24-008749-003/2024(H5N1)	1482	16
NP|PP755592.1|A/cattle/Texas/24-008749-003/2024(H5N1)	1483	16
NP|PP755592.1|A/cattle/Texas/24-008749-003/2024(H5N1)	1484	12
NP|PP755592.1|A/cattle/Texas/24-008749-003/2024(H5N1)	1485	12
NP|PP755592.1|A/cattle/Texas/24-008749-003/2024(H5N1)	1486	11
NP|PP755592.1|A/cattle/Texas/24-008749-003/2024(H5N1)	1487	11
NP|PP755592.1|A/cattle/Texas/24-008749-003/2024(H5N1)	1488	11
NP|PP755592.1|A/cattle/Texas/24-008749-003/2024(H5N1)	1489	11
NP|PP755592.1|A/cattle/Texas/24-008749-003/2024(H5N1)	1490	11
NP|PP755592.1|A/cattle/Texas/24-008749-003/2024(H5N1)	1491	11
NP|PP755592.1|A/cattle/Texas/24-008749-003/2024(H5N1)	1492	8
NP|PP755592.1|A/cattle/Texas/24-008749-003/2024(H5N1)	1493	8
NP|PP755592.1|A/cattle/Texas/24-008749-003/2024(H5N1)	1494	7
NP|PP755592.1|A/cattle/Texas/24-008749-003/2024(H5N1)	1495	7
NP|PP755592.1|A/cattle/Texas/24-008749-003/2024(H5N1)	1496	7
NP|PP755592.1|A/cattle/Texas/24-008749-003/2024(H5N1)	1497	7
