PB1|PP755595.1|A/cattle/Texas/24-008749-003/2024(H5N1)	1	11
PB1|PP755595.1|A/cattle/Texas/24-008749-003/2024(H5N1)	2	11
PB1|PP755595.1|A/cattle/Texas/24-008749-003/2024(H5N1)	3	11
PB1|PP755595.1|A/cattle/Texas/24-008749-003/2024(H5N1)	4	11
PB1|PP755595.1|A/cattle/Texas/24-008749-003/2024(H5N1)	5	12
PB1|PP755595.1|A/cattle/Texas/24-008749-003/2024(H5N1)	6	12
PB1|PP755595.1|A/cattle/Texas/24-008749-003/2024(H5N1)	7	12
PB1|PP755595.1|A/cattle/Texas/24-008749-003/2024(H5N1)	8	12
PB1|PP755595.1|A/cattle/Texas/24-008749-003/2024(H5N1)	9	12
PB1|PP755595.1|A/cattle/Texas/24-008749-003/2024(H5N1)	10	12
PB1|PP755595.1|A/cattle/Texas/24-008749-003/2024(H5N1)	11	12
PB1|PP755595.1|A/cattle/Texas/24-008749-003/2024(H5N1)	12	12
PB1|PP755595.1|A/cattle/Texas/24-008749-003/2024(H5N1)	13	12
PB1|PP755595.1|A/cattle/Texas/24-008749-003/2024(H5N1)	14	12
PB1|PP755595.1|A/cattle/Texas/24-008749-003/2024(H5N1)	15	12
PB1|PP755595.1|A/cattle/Texas/24-008749-003/2024(H5N1)	16	15
PB1|PP755595.1|A/cattle/Texas/24-008749-003/2024(H5N1)	17	15
PB1|PP755595.1|A/cattle/Texas/24-008749-003/2024(H5N1)	18	15
PB1|PP755595.1|A/cattle/Texas/24-008749-003/2024(H5N1)	19	15
PB1|PP755595.1|A/cattle/Texas/24-008749-003/2024(H5N1)	20	15
PB1|PP755595.1|A/cattle/Texas/24-008749-003/2024(H5N1)	21	15
PB1|PP755595.1|A/cattle/Texas/24-008749-003/2024(H5N1)	22	15
PB1|PP755595.1|A/cattle/Texas/24-008749-003/2024(H5N1)	23	15
PB1|PP755595.1|A/cattle/Texas/24-008749-003/2024(H5N1)	24	15
PB1|PP755595.1|A/cattle/Texas/24-008749-003/2024(H5N1)	25	15
PB1|PP755595.1|A/cattle/Texas/24-008749-003/2024(H5N1)	26	15
PB1|PP755595.1|A/cattle/Texas/24-008749-003/2024(H5N1)	27	15
PB1|PP755595.1|A/cattle/Texas/24-008749-003/2024(H5N1)	28	15
PB1|PP755595.1|A/cattle/Texas/24-008749-003/2024(H5N1)	29	15
PB1|PP755595.1|A/cattle/Texas/24-008749-003/2024(H5N1)	30	15
PB1|PP755595.1|A/cattle/Texas/24-008749-003/2024(H5N1)	31	15
PB1|PP755595.1|A/cattle/Texas/24-008749-003/2024(H5N1)	32	15
PB1|PP755595.1|A/cattle/Texas/24-008749-003/2024(H5N1)	33	15
PB1|PP755595.1|A/cattle/Texas/24-008749-003/2024(H5N1)	34	8
PB1|PP755595.1|A/cattle/Texas/24-008749-003/2024(H5N1)	35	8
PB1|PP755595.1|A/cattle/Texas/24-008749-003/2024(H5N1)	36	8
PB1|PP755595.1|A/cattle/Texas/24-008749-003/2024(H5N1)	37	8
PB1|PP755595.1|A/cattle/Texas/24-008749-003/2024(H5N1)	38	8
PB1|PP755595.1|A/cattle/Texas/24-008749-003/2024(H5N1)	39	8
PB1|PP755595.1|A/cattle/Texas/24-008749-003/2024(H5N1)	40	8
PB1|PP755595.1|A/cattle/Texas/24-008749-003/2024(H5N1)	41	8
PB1|PP755595.1|A/cattle/Texas/24-008749-003/2024(H5N1)	42	8
PB1|PP755595.1|A/cattle/Texas/24-008749-003/2024(H5N1)	43	8
PB1|PP755595.1|A/cattle/Texas/24-008749-003/2024(H5N1)	44	8
PB1|PP755595.1|A/cattle/Texas/24-008749-003/2024(H5N1)	45	8
PB1|PP755595.1|A/cattle/Texas/24-008749-003/2024(H5N1)	46	8
PB1|PP755595.1|A/cattle/Texas/24-008749-003/2024(H5N1)	47	8
PB1|PP755595.1|A/cattle/Texas/24-008749-003/2024(H5N1)	48	8
PB1|PP755595.1|A/cattle/Texas/24-008749-003/2024(H5N1)	49	8
PB1|PP755595.1|A/cattle/Texas/24-008749-003/2024(H5N1)	50	8
PB1|PP755595.1|A/cattle/Texas/24-008749-003/2024(H5N1)	51	8
PB1|PP755595.1|A/cattle/Texas/24-008749-003/2024(H5N1)	52	8
PB1|PP755595.1|A/cattle/Texas/24-008749-003/2024(H5N1)	53	8
PB1|PP755595.1|A/cattle/Texas/24-008749-003/2024(H5N1)	54	8
PB1|PP755595.1|A/cattle/Texas/24-008749-003/2024(H5N1)	55	8
PB1|PP755595.1|A/cattle/Texas/24-008749-003/2024(H5N1)	56	8
PB1|PP755595.1|A/cattle/Texas/24-008749-003/2024(H5N1)	57	8
PB1|PP755595.1|A/cattle/Texas/24-008749-003/2024(H5N1)	58	8
PB1|PP755595.1|A/cattle/Texas/24-008749-003/2024(H5N1)	59	8
PB1|PP755595.1|A/cattle/Texas/24-008749-003/2024(H5N1)	60	8
PB1|PP755595.1|A/cattle/Texas/24-008749-003/2024(H5N1)	61	8
PB1|PP755595.1|A/cattle/Texas/24-008749-003/2024(H5N1)	62	8
PB1|PP755595.1|A/cattle/Texas/24-008749-003/2024(H5N1)	63	8
PB1|PP755595.1|A/cattle/Texas/24-008749-003/2024(H5N1)	64	8
PB1|PP755595.1|A/cattle/Texas/24-008749-003/2024(H5N1)	65	8
PB1|PP755595.1|A/cattle/Texas/24-008749-003/2024(H5N1)	66	9
PB1|PP755595.1|A/cattle/Texas/24-008749-003/2024(H5N1)	67	9
PB1|PP755595.1|A/cattle/Texas/24-008749-003/2024(H5N1)	68	9
PB1|PP755595.1|A/cattle/Texas/24-008749-003/2024(H5N1)	69	9
PB1|PP755595.1|A/cattle/Texas/24-008749-003/2024(H5N1)	70	9
PB1|PP755595.1|A/cattle/Texas/24-008749-003/2024(H5N1)	71	10
PB1|PP755595.1|A/cattle/Texas/24-008749-003/2024(H5N1)	72	10
PB1|PP755595.1|A/cattle/Texas/24-008749-003/2024(H5N1)	73	10
PB1|PP755595.1|A/cattle/Texas/24-008749-003/2024(H5N1)	74	10
PB1|PP755595.1|A/cattle/Texas/24-008749-003/2024(H5N1)	75	10
PB1|PP755595.1|A/cattle/Texas/24-008749-003/2024(H5N1)	76	10
PB1|PP755595.1|A/cattle/Texas/24-008749-003/2024(H5N1)	77	10
PB1|PP755595.1|A/cattle/Texas/24-008749-003/2024(H5N1)	78	10
PB1|PP755595.1|A/cattle/Texas/24-008749-003/2024(H5N1)	79	10
PB1|PP755595.1|A/cattle/Texas/24-008749-003/2024(H5N1)	80	17
PB1|PP755595.1|A/cattle/Texas/24-008749-003/2024(H5N1)	81	17
PB1|PP755595.1|A/cattle/Texas/24-008749-003/2024(H5N1)	82	17
PB1|PP755595.1|A/cattle/Texas/24-008749-003/2024(H5N1)	83	17
PB1|PP755595.1|A/cattle/Texas/24-008749-003/2024(H5N1)	84	17
PB1|PP755595.1|A/cattle/Texas/24-008749-003/2024(H5N1)	85	17
PB1|PP755595.1|A/cattle/Texas/24-008749-003/2024(H5N1)	86	17
PB1|PP755595.1|A/cattle/Texas/24-008749-003/2024(H5N1)	87	17
PB1|PP755595.1|A/cattle/Texas/24-008749-003/2024(H5N1)	88	17
PB1|PP755595.1|A/cattle/Texas/24-008749-003/2024(H5N1)	89	17
PB1|PP755595.1|A/cattle/Texas/24-008749-003/2024(H5N1)	90	17
PB1|PP755595.1|A/cattle/Texas/24-008749-003/2024(H5N1)	91	17
PB1|PP755595.1|A/cattle/Texas/24-008749-003/2024(H5N1)	92	18
PB1|PP755595.1|A/cattle/Texas/24-008749-003/2024(H5N1)	93	18
PB1|PP755595.1|A/cattle/Texas/24-008749-003/2024(H5N1)	94	18
PB1|PP755595.1|A/cattle/Texas/24-008749-003/2024(H5N1)	95	18
PB1|PP755595.1|A/cattle/Texas/24-008749-003/2024(H5N1)	96	18
PB1|PP755595.1|A/cattle/Texas/24-008749-003/2024(H5N1)	97	18
PB1|PP755595.1|A/cattle/Texas/24-008749-003/2024(H5N1)	98	18
PB1|PP755595.1|A/cattle/Texas/24-008749-003/2024(H5N1)	99	18
PB1|PP755595.1|A/cattle/Texas/24-008749-003/2024(H5N1)	100	18
PB1|PP755595.1|A/cattle/Texas/24-008749-003/2024(H5N1)	101	18
PB1|PP755595.1|A/cattle/Texas/24-008749-003/2024(H5N1)	102	18
PB1|PP755595.1|A/cattle/Texas/24-008749-003/2024(H5N1)	103	18
PB1|PP755595.1|A/cattle/Texas/24-008749-003/2024(H5N1)	104	20
PB1|PP755595.1|A/cattle/Texas/24-008749-003/2024(H5N1)	105	20
PB1|PP755595.1|A/cattle/Texas/24-008749-003/2024(H5N1)	106	20
PB1|PP755595.1|A/cattle/Texas/24-008749-003/2024(H5N1)	107	22
PB1|PP755595.1|A/cattle/Texas/24-008749-003/2024(H5N1)	108	22
PB1|PP755595.1|A/cattle/Texas/24-008749-003/2024(H5N1)	109	24
PB1|PP755595.1|A/cattle/Texas/24-008749-003/2024(H5N1)	110	24
PB1|PP755595.1|A/cattle/Texas/24-008749-003/2024(H5N1)	111	24
PB1|PP755595.1|A/cattle/Texas/24-008749-003/2024(H5N1)	112	24
PB1|PP755595.1|A/cattle/Texas/24-008749-003/2024(H5N1)	113	24
PB1|PP755595.1|A/cattle/Texas/24-008749-003/2024(H5N1)	114	24
PB1|PP755595.1|A/cattle/Texas/24-008749-003/2024(H5N1)	115	26
PB1|PP755595.1|A/cattle/Texas/24-008749-003/2024(H5N1)	116	26
PB1|PP755595.1|A/cattle/Texas/24-008749-003/2024(H5N1)	117	26
PB1|PP755595.1|A/cattle/Texas/24-008749-003/2024(H5N1)	118	26
PB1|PP755595.1|A/cattle/Texas/24-008749-003/2024(H5N1)	119	26
PB1|PP755595.1|A/cattle/Texas/24-008749-003/2024(H5N1)	120	26
PB1|PP755595.1|A/cattle/Texas/24-008749-003/2024(H5N1)	121	26
PB1|PP755595.1|A/cattle/Texas/24-008749-003/2024(H5N1)	122	27
PB1|PP755595.1|A/cattle/Texas/24-008749-003/2024(H5N1)	123	27
PB1|PP755595.1|A/cattle/Texas/24-008749-003/2024(H5N1)	124	27
PB1|PP755595.1|A/cattle/Texas/24-008749-003/2024(H5N1)	125	27
PB1|PP755595.1|A/cattle/Texas/24-008749-003/2024(H5N1)	126	27
PB1|PP755595.1|A/cattle/Texas/24-008749-003/2024(H5N1)	127	25
PB1|PP755595.1|A/cattle/Texas/24-008749-003/2024(H5N1)	128	24
PB1|PP755595.1|A/cattle/Texas/24-008749-003/2024(H5N1)	129	14
PB1|PP755595.1|A/cattle/Texas/24-008749-003/2024(H5N1)	130	14
PB1|PP755595.1|A/cattle/Texas/24-008749-003/2024(H5N1)	131	14
PB1|PP755595.1|A/cattle/Texas/24-008749-003/2024(H5N1)	132	14
PB1|PP755595.1|A/cattle/Texas/24-008749-003/2024(H5N1)	133	14
PB1|PP755595.1|A/cattle/Texas/24-008749-003/2024(H5N1)	134	14
PB1|PP755595.1|A/cattle/Texas/24-008749-003/2024(H5N1)	135	12
PB1|PP755595.1|A/cattle/Texas/24-008749-003/2024(H5N1)	136	12
PB1|PP755595.1|A/cattle/Texas/24-008749-003/2024(H5N1)	137	12
PB1|PP755595.1|A/cattle/Texas/24-008749-003/2024(H5N1)	138	11
PB1|PP755595.1|A/cattle/Texas/24-008749-003/2024(H5N1)	139	11
PB1|PP755595.1|A/cattle/Texas/24-008749-003/2024(H5N1)	140	11
PB1|PP755595.1|A/cattle/Texas/24-008749-003/2024(H5N1)	141	11
PB1|PP755595.1|A/cattle/Texas/24-008749-003/2024(H5N1)	142	11
PB1|PP755595.1|A/cattle/Texas/24-008749-003/2024(H5N1)	143	11
PB1|PP755595.1|A/cattle/Texas/24-008749-003/2024(H5N1)	144	11
PB1|PP755595.1|A/cattle/Texas/24-008749-003/2024(H5N1)	145	22
PB1|PP755595.1|A/cattle/Texas/24-008749-003/2024(H5N1)	146	22
PB1|PP755595.1|A/cattle/Texas/24-008749-003/2024(H5N1)	147	22
PB1|PP755595.1|A/cattle/Texas/24-008749-003/2024(H5N1)	148	22
PB1|PP755595.1|A/cattle/Texas/24-008749-003/2024(H5N1)	149	22
PB1|PP755595.1|A/cattle/Texas/24-008749-003/2024(H5N1)	150	22
PB1|PP755595.1|A/cattle/Texas/24-008749-003/2024(H5N1)	151	22
PB1|PP755595.1|A/cattle/Texas/24-008749-003/2024(H5N1)	152	22
PB1|PP755595.1|A/cattle/Texas/24-008749-003/2024(H5N1)	153	22
PB1|PP755595.1|A/cattle/Texas/24-008749-003/2024(H5N1)	154	22
PB1|PP755595.1|A/cattle/Texas/24-008749-003/2024(H5N1)	155	22
PB1|PP755595.1|A/cattle/Texas/24-008749-003/2024(H5N1)	156	21
PB1|PP755595.1|A/cattle/Texas/24-008749-003/2024(H5N1)	157	21
PB1|PP755595.1|A/cattle/Texas/24-008749-003/2024(H5N1)	158	21
PB1|PP755595.1|A/cattle/Texas/24-008749-003/2024(H5N1)	159	21
PB1|PP755595.1|A/cattle/Texas/24-008749-003/2024(H5N1)	160	21
PB1|PP755595.1|A/cattle/Texas/24-008749-003/2024(H5N1)	161	21
PB1|PP755595.1|A/cattle/Texas/24-008749-003/2024(H5N1)	162	21
PB1|PP755595.1|A/cattle/Texas/24-008749-003/2024(H5N1)	163	21
PB1|PP755595.1|A/cattle/Texas/24-008749-003/2024(H5N1)	164	21
PB1|PP755595.1|A/cattle/Texas/24-008749-003/2024(H5N1)	165	21
PB1|PP755595.1|A/cattle/Texas/24-008749-003/2024(H5N1)	166	21
PB1|PP755595.1|A/cattle/Texas/24-008749-003/2024(H5N1)	167	20
PB1|PP755595.1|A/cattle/Texas/24-008749-003/2024(H5N1)	168	20
PB1|PP755595.1|A/cattle/Texas/24-008749-003/2024(H5N1)	169	20
PB1|PP755595.1|A/cattle/Texas/24-008749-003/2024(H5N1)	170	20
PB1|PP755595.1|A/cattle/Texas/24-008749-003/2024(H5N1)	171	20
PB1|PP755595.1|A/cattle/Texas/24-008749-003/2024(H5N1)	172	20
PB1|PP755595.1|A/cattle/Texas/24-008749-003/2024(H5N1)	173	20
PB1|PP755595.1|A/cattle/Texas/24-008749-003/2024(H5N1)	174	20
PB1|PP755595.1|A/cattle/Texas/24-008749-003/2024(H5N1)	175	20
PB1|PP755595.1|A/cattle/Texas/24-008749-003/2024(H5N1)	176	20
PB1|PP755595.1|A/cattle/Texas/24-008749-003/2024(H5N1)	177	20
PB1|PP755595.1|A/cattle/Texas/24-008749-003/2024(H5N1)	178	20
PB1|PP755595.1|A/cattle/Texas/24-008749-003/2024(H5N1)	179	20
PB1|PP755595.1|A/cattle/Texas/24-008749-003/2024(H5N1)	180	20
PB1|PP755595.1|A/cattle/Texas/24-008749-003/2024(H5N1)	181	20
PB1|PP755595.1|A/cattle/Texas/24-008749-003/2024(H5N1)	182	20
PB1|PP755595.1|A/cattle/Texas/24-008749-003/2024(H5N1)	183	20
PB1|PP755595.1|A/cattle/Texas/24-008749-003/2024(H5N1)	184	20
PB1|PP755595.1|A/cattle/Texas/24-008749-003/2024(H5N1)	185	20
PB1|PP755595.1|A/cattle/Texas/24-008749-003/2024(H5N1)	186	10
PB1|PP755595.1|A/cattle/Texas/24-008749-003/2024(H5N1)	187	10
PB1|PP755595.1|A/cattle/Texas/24-008749-003/2024(H5N1)	188	10
PB1|PP755595.1|A/cattle/Texas/24-008749-003/2024(H5N1)	189	10
PB1|PP755595.1|A/cattle/Texas/24-008749-003/2024(H5N1)	190	11
PB1|PP755595.1|A/cattle/Texas/24-008749-003/2024(H5N1)	191	11
PB1|PP755595.1|A/cattle/Texas/24-008749-003/2024(H5N1)	192	11
PB1|PP755595.1|A/cattle/Texas/24-008749-003/2024(H5N1)	193	11
PB1|PP755595.1|A/cattle/Texas/24-008749-003/2024(H5N1)	194	11
PB1|PP755595.1|A/cattle/Texas/24-008749-003/2024(H5N1)	195	12
PB1|PP755595.1|A/cattle/Texas/24-008749-003/2024(H5N1)	196	12
PB1|PP755595.1|A/cattle/Texas/24-008749-003/2024(H5N1)	197	12
PB1|PP755595.1|A/cattle/Texas/24-008749-003/2024(H5N1)	198	12
PB1|PP755595.1|A/cattle/Texas/24-008749-003/2024(H5N1)	199	12
PB1|PP755595.1|A/cattle/Texas/24-008749-003/2024(H5N1)	200	13
PB1|PP755595.1|A/cattle/Texas/24-008749-003/2024(H5N1)	201	13
PB1|PP755595.1|A/cattle/Texas/24-008749-003/2024(H5N1)	202	13
PB1|PP755595.1|A/cattle/Texas/24-008749-003/2024(H5N1)	203	13
PB1|PP755595.1|A/cattle/Texas/24-008749-003/2024(H5N1)	204	13
PB1|PP755595.1|A/cattle/Texas/24-008749-003/2024(H5N1)	205	13
PB1|PP755595.1|A/cattle/Texas/24-008749-003/2024(H5N1)	206	13
PB1|PP755595.1|A/cattle/Texas/24-008749-003/2024(H5N1)	207	13
PB1|PP755595.1|A/cattle/Texas/24-008749-003/2024(H5N1)	208	13
PB1|PP755595.1|A/cattle/Texas/24-008749-003/2024(H5N1)	209	13
PB1|PP755595.1|A/cattle/Texas/24-008749-003/2024(H5N1)	210	13
PB1|PP755595.1|A/cattle/Texas/24-008749-003/2024(H5N1)	211	13
PB1|PP755595.1|A/cattle/Texas/24-008749-003/2024(H5N1)	212	13
PB1|PP755595.1|A/cattle/Texas/24-008749-003/2024(H5N1)	213	13
PB1|PP755595.1|A/cattle/Texas/24-008749-003/2024(H5N1)	214	14
PB1|PP755595.1|A/cattle/Texas/24-008749-003/2024(H5N1)	215	14
PB1|PP755595.1|A/cattle/Texas/24-008749-003/2024(H5N1)	216	14
PB1|PP755595.1|A/cattle/Texas/24-008749-003/2024(H5N1)	217	13
PB1|PP755595.1|A/cattle/Texas/24-008749-003/2024(H5N1)	218	13
PB1|PP755595.1|A/cattle/Texas/24-008749-003/2024(H5N1)	219	13
PB1|PP755595.1|A/cattle/Texas/24-008749-003/2024(H5N1)	220	13
PB1|PP755595.1|A/cattle/Texas/24-008749-003/2024(H5N1)	221	13
PB1|PP755595.1|A/cattle/Texas/24-008749-003/2024(H5N1)	222	12
PB1|PP755595.1|A/cattle/Texas/24-008749-003/2024(H5N1)	223	12
PB1|PP755595.1|A/cattle/Texas/24-008749-003/2024(H5N1)	224	12
PB1|PP755595.1|A/cattle/Texas/24-008749-003/2024(H5N1)	225	12
PB1|PP755595.1|A/cattle/Texas/24-008749-003/2024(H5N1)	226	12
PB1|PP755595.1|A/cattle/Texas/24-008749-003/2024(H5N1)	227	12
PB1|PP755595.1|A/cattle/Texas/24-008749-003/2024(H5N1)	228	12
PB1|PP755595.1|A/cattle/Texas/24-008749-003/2024(H5N1)	229	12
PB1|PP755595.1|A/cattle/Texas/24-008749-003/2024(H5N1)	230	12
PB1|PP755595.1|A/cattle/Texas/24-008749-003/2024(H5N1)	231	12
PB1|PP755595.1|A/cattle/Texas/24-008749-003/2024(H5N1)	232	12
PB1|PP755595.1|A/cattle/Texas/24-008749-003/2024(H5N1)	233	12
PB1|PP755595.1|A/cattle/Texas/24-008749-003/2024(H5N1)	234	12
PB1|PP755595.1|A/cattle/Texas/24-008749-003/2024(H5N1)	235	13
PB1|PP755595.1|A/cattle/Texas/24-008749-003/2024(H5N1)	236	13
PB1|PP755595.1|A/cattle/Texas/24-008749-003/2024(H5N1)	237	14
PB1|PP755595.1|A/cattle/Texas/24-008749-003/2024(H5N1)	238	14
PB1|PP755595.1|A/cattle/Texas/24-008749-003/2024(H5N1)	239	14
PB1|PP755595.1|A/cattle/Texas/24-008749-003/2024(H5N1)	240	15
PB1|PP755595.1|A/cattle/Texas/24-008749-003/2024(H5N1)	241	16
PB1|PP755595.1|A/cattle/Texas/24-008749-003/2024(H5N1)	242	16
PB1|PP755595.1|A/cattle/Texas/24-008749-003/2024(H5N1)	243	16
PB1|PP755595.1|A/cattle/Texas/24-008749-003/2024(H5N1)	244	16
PB1|PP755595.1|A/cattle/Texas/24-008749-003/2024(H5N1)	245	16
PB1|PP755595.1|A/cattle/Texas/24-008749-003/2024(H5N1)	246	16
PB1|PP755595.1|A/cattle/Texas/24-008749-003/2024(H5N1)	247	16
PB1|PP755595.1|A/cattle/Texas/24-008749-003/2024(H5N1)	248	16
PB1|PP755595.1|A/cattle/Texas/24-008749-003/2024(H5N1)	249	16
PB1|PP755595.1|A/cattle/Texas/24-008749-003/2024(H5N1)	250	16
PB1|PP755595.1|A/cattle/Texas/24-008749-003/2024(H5N1)	251	16
PB1|PP755595.1|A/cattle/Texas/24-008749-003/2024(H5N1)	252	16
PB1|PP755595.1|A/cattle/Texas/24-008749-003/2024(H5N1)	253	16
PB1|PP755595.1|A/cattle/Texas/24-008749-003/2024(H5N1)	254	16
PB1|PP755595.1|A/cattle/Texas/24-008749-003/2024(H5N1)	255	16
PB1|PP755595.1|A/cattle/Texas/24-008749-003/2024(H5N1)	256	16
PB1|PP755595.1|A/cattle/Texas/24-008749-003/2024(H5N1)	257	16
PB1|PP755595.1|A/cattle/Texas/24-008749-003/2024(H5N1)	258	12
PB1|PP755595.1|A/cattle/Texas/24-008749-003/2024(H5N1)	259	12
PB1|PP755595.1|A/cattle/Texas/24-008749-003/2024(H5N1)	260	12
PB1|PP755595.1|A/cattle/Texas/24-008749-003/2024(H5N1)	261	12
PB1|PP755595.1|A/cattle/Texas/24-008749-003/2024(H5N1)	262	12
PB1|PP755595.1|A/cattle/Texas/24-008749-003/2024(H5N1)	263	12
PB1|PP755595.1|A/cattle/Texas/24-008749-003/2024(H5N1)	264	12
PB1|PP755595.1|A/cattle/Texas/24-008749-003/2024(H5N1)	265	10
PB1|PP755595.1|A/cattle/Texas/24-008749-003/2024(H5N1)	266	10
PB1|PP755595.1|A/cattle/Texas/24-008749-003/2024(H5N1)	267	10
PB1|PP755595.1|A/cattle/Texas/24-008749-003/2024(H5N1)	268	10
PB1|PP755595.1|A/cattle/Texas/24-008749-003/2024(H5N1)	269	10
PB1|PP755595.1|A/cattle/Texas/24-008749-003/2024(H5N1)	270	10
PB1|PP755595.1|A/cattle/Texas/24-008749-003/2024(H5N1)	271	10
PB1|PP755595.1|A/cattle/Texas/24-008749-003/2024(H5N1)	272	10
PB1|PP755595.1|A/cattle/Texas/24-008749-003/2024(H5N1)	273	9
PB1|PP755595.1|A/cattle/Texas/24-008749-003/2024(H5N1)	274	9
PB1|PP755595.1|A/cattle/Texas/24-008749-003/2024(H5N1)	275	9
PB1|PP755595.1|A/cattle/Texas/24-008749-003/2024(H5N1)	276	9
PB1|PP755595.1|A/cattle/Texas/24-008749-003/2024(H5N1)	277	9
PB1|PP755595.1|A/cattle/Texas/24-008749-003/2024(H5N1)	278	9
PB1|PP755595.1|A/cattle/Texas/24-008749-003/2024(H5N1)	279	9
PB1|PP755595.1|A/cattle/Texas/24-008749-003/2024(H5N1)	280	9
PB1|PP755595.1|A/cattle/Texas/24-008749-003/2024(H5N1)	281	9
PB1|PP755595.1|A/cattle/Texas/24-008749-003/2024(H5N1)	282	9
PB1|PP755595.1|A/cattle/Texas/24-008749-003/2024(H5N1)	283	9
PB1|PP755595.1|A/cattle/Texas/24-008749-003/2024(H5N1)	284	9
PB1|PP755595.1|A/cattle/Texas/24-008749-003/2024(H5N1)	285	9
PB1|PP755595.1|A/cattle/Texas/24-008749-003/2024(H5N1)	286	9
PB1|PP755595.1|A/cattle/Texas/24-008749-003/2024(H5N1)	287	12
PB1|PP755595.1|A/cattle/Texas/24-008749-003/2024(H5N1)	288	12
PB1|PP755595.1|A/cattle/Texas/24-008749-003/2024(H5N1)	289	13
PB1|PP755595.1|A/cattle/Texas/24-008749-003/2024(H5N1)	290	13
PB1|PP755595.1|A/cattle/Texas/24-008749-003/2024(H5N1)	291	13
PB1|PP755595.1|A/cattle/Texas/24-008749-003/2024(H5N1)	292	14
PB1|PP755595.1|A/cattle/Texas/24-008749-003/2024(H5N1)	293	14
PB1|PP755595.1|A/cattle/Texas/24-008749-003/2024(H5N1)	294	14
PB1|PP755595.1|A/cattle/Texas/24-008749-003/2024(H5N1)	295	14
PB1|PP755595.1|A/cattle/Texas/24-008749-003/2024(H5N1)	296	14
PB1|PP755595.1|A/cattle/Texas/24-008749-003/2024(H5N1)	297	15
PB1|PP755595.1|A/cattle/Texas/24-008749-003/2024(H5N1)	298	15
PB1|PP755595.1|A/cattle/Texas/24-008749-003/2024(H5N1)	299	15
PB1|PP755595.1|A/cattle/Texas/24-008749-003/2024(H5N1)	300	15
PB1|PP755595.1|A/cattle/Texas/24-008749-003/2024(H5N1)	301	15
PB1|PP755595.1|A/cattle/Texas/24-008749-003/2024(H5N1)	302	15
PB1|PP755595.1|A/cattle/Texas/24-008749-003/2024(H5N1)	303	16
PB1|PP755595.1|A/cattle/Texas/24-008749-003/2024(H5N1)	304	16
PB1|PP755595.1|A/cattle/Texas/24-008749-003/2024(H5N1)	305	16
PB1|PP755595.1|A/cattle/Texas/24-008749-003/2024(H5N1)	306	16
PB1|PP755595.1|A/cattle/Texas/24-008749-003/2024(H5N1)	307	16
PB1|PP755595.1|A/cattle/Texas/24-008749-003/2024(H5N1)	308	16
PB1|PP755595.1|A/cattle/Texas/24-008749-003/2024(H5N1)	309	16
PB1|PP755595.1|A/cattle/Texas/24-008749-003/2024(H5N1)	310	16
PB1|PP755595.1|A/cattle/Texas/24-008749-003/2024(H5N1)	311	16
PB1|PP755595.1|A/cattle/Texas/24-008749-003/2024(H5N1)	312	16
PB1|PP755595.1|A/cattle/Texas/24-008749-003/2024(H5N1)	313	16
PB1|PP755595.1|A/cattle/Texas/24-008749-003/2024(H5N1)	314	16
PB1|PP755595.1|A/cattle/Texas/24-008749-003/2024(H5N1)	315	16
PB1|PP755595.1|A/cattle/Texas/24-008749-003/2024(H5N1)	316	16
PB1|PP755595.1|A/cattle/Texas/24-008749-003/2024(H5N1)	317	16
PB1|PP755595.1|A/cattle/Texas/24-008749-003/2024(H5N1)	318	16
PB1|PP755595.1|A/cattle/Texas/24-008749-003/2024(H5N1)	319	18
PB1|PP755595.1|A/cattle/Texas/24-008749-003/2024(H5N1)	320	18
PB1|PP755595.1|A/cattle/Texas/24-008749-003/2024(H5N1)	321	18
PB1|PP755595.1|A/cattle/Texas/24-008749-003/2024(H5N1)	322	18
PB1|PP755595.1|A/cattle/Texas/24-008749-003/2024(H5N1)	323	18
PB1|PP755595.1|A/cattle/Texas/24-008749-003/2024(H5N1)	324	18
PB1|PP755595.1|A/cattle/Texas/24-008749-003/2024(H5N1)	325	18
PB1|PP755595.1|A/cattle/Texas/24-008749-003/2024(H5N1)	326	18
PB1|PP755595.1|A/cattle/Texas/24-008749-003/2024(H5N1)	327	18
PB1|PP755595.1|A/cattle/Texas/24-008749-003/2024(H5N1)	328	18
PB1|PP755595.1|A/cattle/Texas/24-008749-003/2024(H5N1)	329	18
PB1|PP755595.1|A/cattle/Texas/24-008749-003/2024(H5N1)	330	18
PB1|PP755595.1|A/cattle/Texas/24-008749-003/2024(H5N1)	331	19
PB1|PP755595.1|A/cattle/Texas/24-008749-003/2024(H5N1)	332	19
PB1|PP755595.1|A/cattle/Texas/24-008749-003/2024(H5N1)	333	19
PB1|PP755595.1|A/cattle/Texas/24-008749-003/2024(H5N1)	334	19
PB1|PP755595.1|A/cattle/Texas/24-008749-003/2024(H5N1)	335	19
PB1|PP755595.1|A/cattle/Texas/24-008749-003/2024(H5N1)	336	19
PB1|PP755595.1|A/cattle/Texas/24-008749-003/2024(H5N1)	337	19
PB1|PP755595.1|A/cattle/Texas/24-008749-003/2024(H5N1)	338	18
PB1|PP755595.1|A/cattle/Texas/24-008749-003/2024(H5N1)	339	18
PB1|PP755595.1|A/cattle/Texas/24-008749-003/2024(H5N1)	340	18
PB1|PP755595.1|A/cattle/Texas/24-008749-003/2024(H5N1)	341	17
PB1|PP755595.1|A/cattle/Texas/24-008749-003/2024(H5N1)	342	17
PB1|PP755595.1|A/cattle/Texas/24-008749-003/2024(H5N1)	343	18
PB1|PP755595.1|A/cattle/Texas/24-008749-003/2024(H5N1)	344	18
PB1|PP755595.1|A/cattle/Texas/24-008749-003/2024(H5N1)	345	18
PB1|PP755595.1|A/cattle/Texas/24-008749-003/2024(H5N1)	346	17
PB1|PP755595.1|A/cattle/Texas/24-008749-003/2024(H5N1)	347	17
PB1|PP755595.1|A/cattle/Texas/24-008749-003/2024(H5N1)	348	17
PB1|PP755595.1|A/cattle/Texas/24-008749-003/2024(H5N1)	349	17
PB1|PP755595.1|A/cattle/Texas/24-008749-003/2024(H5N1)	350	16
PB1|PP755595.1|A/cattle/Texas/24-008749-003/2024(H5N1)	351	16
PB1|PP755595.1|A/cattle/Texas/24-008749-003/2024(H5N1)	352	16
PB1|PP755595.1|A/cattle/Texas/24-008749-003/2024(H5N1)	353	16
PB1|PP755595.1|A/cattle/Texas/24-008749-003/2024(H5N1)	354	16
PB1|PP755595.1|A/cattle/Texas/24-008749-003/2024(H5N1)	355	16
PB1|PP755595.1|A/cattle/Texas/24-008749-003/2024(H5N1)	356	16
PB1|PP755595.1|A/cattle/Texas/24-008749-003/2024(H5N1)	357	16
PB1|PP755595.1|A/cattle/Texas/24-008749-003/2024(H5N1)	358	16
PB1|PP755595.1|A/cattle/Texas/24-008749-003/2024(H5N1)	359	16
PB1|PP755595.1|A/cattle/Texas/24-008749-003/2024(H5N1)	360	16
PB1|PP755595.1|A/cattle/Texas/24-008749-003/2024(H5N1)	361	16
PB1|PP755595.1|A/cattle/Texas/24-008749-003/2024(H5N1)	362	16
PB1|PP755595.1|A/cattle/Texas/24-008749-003/2024(H5N1)	363	16
PB1|PP755595.1|A/cattle/Texas/24-008749-003/2024(H5N1)	364	16
PB1|PP755595.1|A/cattle/Texas/24-008749-003/2024(H5N1)	365	15
PB1|PP755595.1|A/cattle/Texas/24-008749-003/2024(H5N1)	366	15
PB1|PP755595.1|A/cattle/Texas/24-008749-003/2024(H5N1)	367	15
PB1|PP755595.1|A/cattle/Texas/24-008749-003/2024(H5N1)	368	15
PB1|PP755595.1|A/cattle/Texas/24-008749-003/2024(H5N1)	369	15
PB1|PP755595.1|A/cattle/Texas/24-008749-003/2024(H5N1)	370	15
PB1|PP755595.1|A/cattle/Texas/24-008749-003/2024(H5N1)	371	15
PB1|PP755595.1|A/cattle/Texas/24-008749-003/2024(H5N1)	372	15
PB1|PP755595.1|A/cattle/Texas/24-008749-003/2024(H5N1)	373	15
PB1|PP755595.1|A/cattle/Texas/24-008749-003/2024(H5N1)	374	15
PB1|PP755595.1|A/cattle/Texas/24-008749-003/2024(H5N1)	375	15
PB1|PP755595.1|A/cattle/Texas/24-008749-003/2024(H5N1)	376	15
PB1|PP755595.1|A/cattle/Texas/24-008749-003/2024(H5N1)	377	15
PB1|PP755595.1|A/cattle/Texas/24-008749-003/2024(H5N1)	378	15
PB1|PP755595.1|A/cattle/Texas/24-008749-003/2024(H5N1)	379	15
PB1|PP755595.1|A/cattle/Texas/24-008749-003/2024(H5N1)	380	15
PB1|PP755595.1|A/cattle/Texas/24-008749-003/2024(H5N1)	381	15
PB1|PP755595.1|A/cattle/Texas/24-008749-003/2024(H5N1)	382	15
PB1|PP755595.1|A/cattle/Texas/24-008749-003/2024(H5N1)	383	15
PB1|PP755595.1|A/cattle/Texas/24-008749-003/2024(H5N1)	384	14
PB1|PP755595.1|A/cattle/Texas/24-008749-003/2024(H5N1)	385	14
PB1|PP755595.1|A/cattle/Texas/24-008749-003/2024(H5N1)	386	14
PB1|PP755595.1|A/cattle/Texas/24-008749-003/2024(H5N1)	387	14
PB1|PP755595.1|A/cattle/Texas/24-008749-003/2024(H5N1)	388	13
PB1|PP755595.1|A/cattle/Texas/24-008749-003/2024(H5N1)	389	13
PB1|PP755595.1|A/cattle/Texas/24-008749-003/2024(H5N1)	390	12
PB1|PP755595.1|A/cattle/Texas/24-008749-003/2024(H5N1)	391	12
PB1|PP755595.1|A/cattle/Texas/24-008749-003/2024(H5N1)	392	11
PB1|PP755595.1|A/cattle/Texas/24-008749-003/2024(H5N1)	393	11
PB1|PP755595.1|A/cattle/Texas/24-008749-003/2024(H5N1)	394	11
PB1|PP755595.1|A/cattle/Texas/24-008749-003/2024(H5N1)	395	11
PB1|PP755595.1|A/cattle/Texas/24-008749-003/2024(H5N1)	396	11
PB1|PP755595.1|A/cattle/Texas/24-008749-003/2024(H5N1)	397	11
PB1|PP755595.1|A/cattle/Texas/24-008749-003/2024(H5N1)	398	11
PB1|PP755595.1|A/cattle/Texas/24-008749-003/2024(H5N1)	399	11
PB1|PP755595.1|A/cattle/Texas/24-008749-003/2024(H5N1)	400	11
PB1|PP755595.1|A/cattle/Texas/24-008749-003/2024(H5N1)	401	12
PB1|PP755595.1|A/cattle/Texas/24-008749-003/2024(H5N1)	402	12
PB1|PP755595.1|A/cattle/Texas/24-008749-003/2024(H5N1)	403	12
PB1|PP755595.1|A/cattle/Texas/24-008749-003/2024(H5N1)	404	12
PB1|PP755595.1|A/cattle/Texas/24-008749-003/2024(H5N1)	405	12
PB1|PP755595.1|A/cattle/Texas/24-008749-003/2024(H5N1)	406	12
PB1|PP755595.1|A/cattle/Texas/24-008749-003/2024(H5N1)	407	12
PB1|PP755595.1|A/cattle/Texas/24-008749-003/2024(H5N1)	408	13
PB1|PP755595.1|A/cattle/Texas/24-008749-003/2024(H5N1)	409	13
PB1|PP755595.1|A/cattle/Texas/24-008749-003/2024(H5N1)	410	13
PB1|PP755595.1|A/cattle/Texas/24-008749-003/2024(H5N1)	411	13
PB1|PP755595.1|A/cattle/Texas/24-008749-003/2024(H5N1)	412	13
PB1|PP755595.1|A/cattle/Texas/24-008749-003/2024(H5N1)	413	13
PB1|PP755595.1|A/cattle/Texas/24-008749-003/2024(H5N1)	414	13
PB1|PP755595.1|A/cattle/Texas/24-008749-003/2024(H5N1)	415	13
PB1|PP755595.1|A/cattle/Texas/24-008749-003/2024(H5N1)	416	13
PB1|PP755595.1|A/cattle/Texas/24-008749-003/2024(H5N1)	417	13
PB1|PP755595.1|A/cattle/Texas/24-008749-003/2024(H5N1)	418	13
PB1|PP755595.1|A/cattle/Texas/24-008749-003/2024(H5N1)	419	13
PB1|PP755595.1|A/cattle/Texas/24-008749-003/2024(H5N1)	420	13
PB1|PP755595.1|A/cattle/Texas/24-008749-003/2024(H5N1)	421	13
PB1|PP755595.1|A/cattle/Texas/24-008749-003/2024(H5N1)	422	13
PB1|PP755595.1|A/cattle/Texas/24-008749-003/2024(H5N1)	423	13
PB1|PP755595.1|A/cattle/Texas/24-008749-003/2024(H5N1)	424	13
PB1|PP755595.1|A/cattle/Texas/24-008749-003/2024(H5N1)	425	13
PB1|PP755595.1|A/cattle/Texas/24-008749-003/2024(H5N1)	426	13
PB1|PP755595.1|A/cattle/Texas/24-008749-003/2024(H5N1)	427	13
PB1|PP755595.1|A/cattle/Texas/24-008749-003/2024(H5N1)	428	13
PB1|PP755595.1|A/cattle/Texas/24-008749-003/2024(H5N1)	429	14
PB1|PP755595.1|A/cattle/Texas/24-008749-003/2024(H5N1)	430	16
PB1|PP755595.1|A/cattle/Texas/24-008749-003/2024(H5N1)	431	16
PB1|PP755595.1|A/cattle/Texas/24-008749-003/2024(H5N1)	432	16
PB1|PP755595.1|A/cattle/Texas/24-008749-003/2024(H5N1)	433	16
PB1|PP755595.1|A/cattle/Texas/24-008749-003/2024(H5N1)	434	16
PB1|PP755595.1|A/cattle/Texas/24-008749-003/2024(H5N1)	435	16
PB1|PP755595.1|A/cattle/Texas/24-008749-003/2024(H5N1)	436	16
PB1|PP755595.1|A/cattle/Texas/24-008749-003/2024(H5N1)	437	18
PB1|PP755595.1|A/cattle/Texas/24-008749-003/2024(H5N1)	438	15
PB1|PP755595.1|A/cattle/Texas/24-008749-003/2024(H5N1)	439	15
PB1|PP755595.1|A/cattle/Texas/24-008749-003/2024(H5N1)	440	14
PB1|PP755595.1|A/cattle/Texas/24-008749-003/2024(H5N1)	441	14
PB1|PP755595.1|A/cattle/Texas/24-008749-003/2024(H5N1)	442	14
PB1|PP755595.1|A/cattle/Texas/24-008749-003/2024(H5N1)	443	13
PB1|PP755595.1|A/cattle/Texas/24-008749-003/2024(H5N1)	444	13
PB1|PP755595.1|A/cattle/Texas/24-008749-003/2024(H5N1)	445	13
PB1|PP755595.1|A/cattle/Texas/24-008749-003/2024(H5N1)	446	13
PB1|PP755595.1|A/cattle/Texas/24-008749-003/2024(H5N1)	447	13
PB1|PP755595.1|A/cattle/Texas/24-008749-003/2024(H5N1)	448	12
PB1|PP755595.1|A/cattle/Texas/24-008749-003/2024(H5N1)	449	12
PB1|PP755595.1|A/cattle/Texas/24-008749-003/2024(H5N1)	450	12
PB1|PP755595.1|A/cattle/Texas/24-008749-003/2024(H5N1)	451	12
PB1|PP755595.1|A/cattle/Texas/24-008749-003/2024(H5N1)	452	12
PB1|PP755595.1|A/cattle/Texas/24-008749-003/2024(H5N1)	453	11
PB1|PP755595.1|A/cattle/Texas/24-008749-003/2024(H5N1)	454	11
PB1|PP755595.1|A/cattle/Texas/24-008749-003/2024(H5N1)	455	11
PB1|PP755595.1|A/cattle/Texas/24-008749-003/2024(H5N1)	456	11
PB1|PP755595.1|A/cattle/Texas/24-008749-003/2024(H5N1)	457	11
PB1|PP755595.1|A/cattle/Texas/24-008749-003/2024(H5N1)	458	11
PB1|PP755595.1|A/cattle/Texas/24-008749-003/2024(H5N1)	459	11
PB1|PP755595.1|A/cattle/Texas/24-008749-003/2024(H5N1)	460	11
PB1|PP755595.1|A/cattle/Texas/24-008749-003/2024(H5N1)	461	12
PB1|PP755595.1|A/cattle/Texas/24-008749-003/2024(H5N1)	462	13
PB1|PP755595.1|A/cattle/Texas/24-008749-003/2024(H5N1)	463	13
PB1|PP755595.1|A/cattle/Texas/24-008749-003/2024(H5N1)	464	13
PB1|PP755595.1|A/cattle/Texas/24-008749-003/2024(H5N1)	465	13
PB1|PP755595.1|A/cattle/Texas/24-008749-003/2024(H5N1)	466	13
PB1|PP755595.1|A/cattle/Texas/24-008749-003/2024(H5N1)	467	13
PB1|PP755595.1|A/cattle/Texas/24-008749-003/2024(H5N1)	468	13
PB1|PP755595.1|A/cattle/Texas/24-008749-003/2024(H5N1)	469	13
PB1|PP755595.1|A/cattle/Texas/24-008749-003/2024(H5N1)	470	11
PB1|PP755595.1|A/cattle/Texas/24-008749-003/2024(H5N1)	471	11
PB1|PP755595.1|A/cattle/Texas/24-008749-003/2024(H5N1)	472	11
PB1|PP755595.1|A/cattle/Texas/24-008749-003/2024(H5N1)	473	11
PB1|PP755595.1|A/cattle/Texas/24-008749-003/2024(H5N1)	474	11
PB1|PP755595.1|A/cattle/Texas/24-008749-003/2024(H5N1)	475	11
PB1|PP755595.1|A/cattle/Texas/24-008749-003/2024(H5N1)	476	11
PB1|PP755595.1|A/cattle/Texas/24-008749-003/2024(H5N1)	477	11
PB1|PP755595.1|A/cattle/Texas/24-008749-003/2024(H5N1)	478	11
PB1|PP755595.1|A/cattle/Texas/24-008749-003/2024(H5N1)	479	11
PB1|PP755595.1|A/cattle/Texas/24-008749-003/2024(H5N1)	480	11
PB1|PP755595.1|A/cattle/Texas/24-008749-003/2024(H5N1)	481	11
PB1|PP755595.1|A/cattle/Texas/24-008749-003/2024(H5N1)	482	10
PB1|PP755595.1|A/cattle/Texas/24-008749-003/2024(H5N1)	483	10
PB1|PP755595.1|A/cattle/Texas/24-008749-003/2024(H5N1)	484	10
PB1|PP755595.1|A/cattle/Texas/24-008749-003/2024(H5N1)	485	10
PB1|PP755595.1|A/cattle/Texas/24-008749-003/2024(H5N1)	486	10
PB1|PP755595.1|A/cattle/Texas/24-008749-003/2024(H5N1)	487	10
PB1|PP755595.1|A/cattle/Texas/24-008749-003/2024(H5N1)	488	10
PB1|PP755595.1|A/cattle/Texas/24-008749-003/2024(H5N1)	489	10
PB1|PP755595.1|A/cattle/Texas/24-008749-003/2024(H5N1)	490	10
PB1|PP755595.1|A/cattle/Texas/24-008749-003/2024(H5N1)	491	10
PB1|PP755595.1|A/cattle/Texas/24-008749-003/2024(H5N1)	492	10
PB1|PP755595.1|A/cattle/Texas/24-008749-003/2024(H5N1)	493	10
PB1|PP755595.1|A/cattle/Texas/24-008749-003/2024(H5N1)	494	9
PB1|PP755595.1|A/cattle/Texas/24-008749-003/2024(H5N1)	495	9
PB1|PP755595.1|A/cattle/Texas/24-008749-003/2024(H5N1)	496	9
PB1|PP755595.1|A/cattle/Texas/24-008749-003/2024(H5N1)	497	9
PB1|PP755595.1|A/cattle/Texas/24-008749-003/2024(H5N1)	498	9
PB1|PP755595.1|A/cattle/Texas/24-008749-003/2024(H5N1)	499	9
PB1|PP755595.1|A/cattle/Texas/24-008749-003/2024(H5N1)	500	9
PB1|PP755595.1|A/cattle/Texas/24-008749-003/2024(H5N1)	501	9
PB1|PP755595.1|A/cattle/Texas/24-008749-003/2024(H5N1)	502	9
PB1|PP755595.1|A/cattle/Texas/24-008749-003/2024(H5N1)	503	9
PB1|PP755595.1|A/cattle/Texas/24-008749-003/2024(H5N1)	504	9
PB1|PP755595.1|A/cattle/Texas/24-008749-003/2024(H5N1)	505	9
PB1|PP755595.1|A/cattle/Texas/24-008749-003/2024(H5N1)	506	9
PB1|PP755595.1|A/cattle/Texas/24-008749-003/2024(H5N1)	507	9
PB1|PP755595.1|A/cattle/Texas/24-008749-003/2024(H5N1)	508	9
PB1|PP755595.1|A/cattle/Texas/24-008749-003/2024(H5N1)	509	9
PB1|PP755595.1|A/cattle/Texas/24-008749-003/2024(H5N1)	510	9
PB1|PP755595.1|A/cattle/Texas/24-008749-003/2024(H5N1)	511	9
PB1|PP755595.1|A/cattle/Texas/24-008749-003/2024(H5N1)	512	10
PB1|PP755595.1|A/cattle/Texas/24-008749-003/2024(H5N1)	513	10
PB1|PP755595.1|A/cattle/Texas/24-008749-003/2024(H5N1)	514	10
PB1|PP755595.1|A/cattle/Texas/24-008749-003/2024(H5N1)	515	10
PB1|PP755595.1|A/cattle/Texas/24-008749-003/2024(H5N1)	516	10
PB1|PP755595.1|A/cattle/Texas/24-008749-003/2024(H5N1)	517	10
PB1|PP755595.1|A/cattle/Texas/24-008749-003/2024(H5N1)	518	10
PB1|PP755595.1|A/cattle/Texas/24-008749-003/2024(H5N1)	519	10
PB1|PP755595.1|A/cattle/Texas/24-008749-003/2024(H5N1)	520	10
PB1|PP755595.1|A/cattle/Texas/24-008749-003/2024(H5N1)	521	10
PB1|PP755595.1|A/cattle/Texas/24-008749-003/2024(H5N1)	522	10
PB1|PP755595.1|A/cattle/Texas/24-008749-003/2024(H5N1)	523	10
PB1|PP755595.1|A/cattle/Texas/24-008749-003/2024(H5N1)	524	10
PB1|PP755595.1|A/cattle/Texas/24-008749-003/2024(H5N1)	525	10
PB1|PP755595.1|A/cattle/Texas/24-008749-003/2024(H5N1)	526	10
PB1|PP755595.1|A/cattle/Texas/24-008749-003/2024(H5N1)	527	10
PB1|PP755595.1|A/cattle/Texas/24-008749-003/2024(H5N1)	528	10
PB1|PP755595.1|A/cattle/Texas/24-008749-003/2024(H5N1)	529	10
PB1|PP755595.1|A/cattle/Texas/24-008749-003/2024(H5N1)	530	10
PB1|PP755595.1|A/cattle/Texas/24-008749-003/2024(H5N1)	531	10
PB1|PP755595.1|A/cattle/Texas/24-008749-003/2024(H5N1)	532	10
PB1|PP755595.1|A/cattle/Texas/24-008749-003/2024(H5N1)	533	10
PB1|PP755595.1|A/cattle/Texas/24-008749-003/2024(H5N1)	534	10
PB1|PP755595.1|A/cattle/Texas/24-008749-003/2024(H5N1)	535	10
PB1|PP755595.1|A/cattle/Texas/24-008749-003/2024(H5N1)	536	10
PB1|PP755595.1|A/cattle/Texas/24-008749-003/2024(H5N1)	537	10
PB1|PP755595.1|A/cattle/Texas/24-008749-003/2024(H5N1)	538	10
PB1|PP755595.1|A/cattle/Texas/24-008749-003/2024(H5N1)	539	10
PB1|PP755595.1|A/cattle/Texas/24-008749-003/2024(H5N1)	540	10
PB1|PP755595.1|A/cattle/Texas/24-008749-003/2024(H5N1)	541	10
PB1|PP755595.1|A/cattle/Texas/24-008749-003/2024(H5N1)	542	10
PB1|PP755595.1|A/cattle/Texas/24-008749-003/2024(H5N1)	543	10
PB1|PP755595.1|A/cattle/Texas/24-008749-003/2024(H5N1)	544	10
PB1|PP755595.1|A/cattle/Texas/24-008749-003/2024(H5N1)	545	10
PB1|PP755595.1|A/cattle/Texas/24-008749-003/2024(H5N1)	546	10
PB1|PP755595.1|A/cattle/Texas/24-008749-003/2024(H5N1)	547	10
PB1|PP755595.1|A/cattle/Texas/24-008749-003/2024(H5N1)	548	11
PB1|PP755595.1|A/cattle/Texas/24-008749-003/2024(H5N1)	549	11
PB1|PP755595.1|A/cattle/Texas/24-008749-003/2024(H5N1)	550	11
PB1|PP755595.1|A/cattle/Texas/24-008749-003/2024(H5N1)	551	13
PB1|PP755595.1|A/cattle/Texas/24-008749-003/2024(H5N1)	552	12
PB1|PP755595.1|A/cattle/Texas/24-008749-003/2024(H5N1)	553	12
PB1|PP755595.1|A/cattle/Texas/24-008749-003/2024(H5N1)	554	12
PB1|PP755595.1|A/cattle/Texas/24-008749-003/2024(H5N1)	555	12
PB1|PP755595.1|A/cattle/Texas/24-008749-003/2024(H5N1)	556	12
PB1|PP755595.1|A/cattle/Texas/24-008749-003/2024(H5N1)	557	12
PB1|PP755595.1|A/cattle/Texas/24-008749-003/2024(H5N1)	558	12
PB1|PP755595.1|A/cattle/Texas/24-008749-003/2024(H5N1)	559	11
PB1|PP755595.1|A/cattle/Texas/24-008749-003/2024(H5N1)	560	11
PB1|PP755595.1|A/cattle/Texas/24-008749-003/2024(H5N1)	561	11
PB1|PP755595.1|A/cattle/Texas/24-008749-003/2024(H5N1)	562	11
PB1|PP755595.1|A/cattle/Texas/24-008749-003/2024(H5N1)	563	11
PB1|PP755595.1|A/cattle/Texas/24-008749-003/2024(H5N1)	564	11
PB1|PP755595.1|A/cattle/Texas/24-008749-003/2024(H5N1)	565	11
PB1|PP755595.1|A/cattle/Texas/24-008749-003/2024(H5N1)	566	11
PB1|PP755595.1|A/cattle/Texas/24-008749-003/2024(H5N1)	567	11
PB1|PP755595.1|A/cattle/Texas/24-008749-003/2024(H5N1)	568	11
PB1|PP755595.1|A/cattle/Texas/24-008749-003/2024(H5N1)	569	11
PB1|PP755595.1|A/cattle/Texas/24-008749-003/2024(H5N1)	570	11
PB1|PP755595.1|A/cattle/Texas/24-008749-003/2024(H5N1)	571	11
PB1|PP755595.1|A/cattle/Texas/24-008749-003/2024(H5N1)	572	11
PB1|PP755595.1|A/cattle/Texas/24-008749-003/2024(H5N1)	573	11
PB1|PP755595.1|A/cattle/Texas/24-008749-003/2024(H5N1)	574	11
PB1|PP755595.1|A/cattle/Texas/24-008749-003/2024(H5N1)	575	11
PB1|PP755595.1|A/cattle/Texas/24-008749-003/2024(H5N1)	576	11
PB1|PP755595.1|A/cattle/Texas/24-008749-003/2024(H5N1)	577	11
PB1|PP755595.1|A/cattle/Texas/24-008749-003/2024(H5N1)	578	11
PB1|PP755595.1|A/cattle/Texas/24-008749-003/2024(H5N1)	579	10
PB1|PP755595.1|A/cattle/Texas/24-008749-003/2024(H5N1)	580	10
PB1|PP755595.1|A/cattle/Texas/24-008749-003/2024(H5N1)	581	8
PB1|PP755595.1|A/cattle/Texas/24-008749-003/2024(H5N1)	582	9
PB1|PP755595.1|A/cattle/Texas/24-008749-003/2024(H5N1)	583	9
PB1|PP755595.1|A/cattle/Texas/24-008749-003/2024(H5N1)	584	9
PB1|PP755595.1|A/cattle/Texas/24-008749-003/2024(H5N1)	585	9
PB1|PP755595.1|A/cattle/Texas/24-008749-003/2024(H5N1)	586	9
PB1|PP755595.1|A/cattle/Texas/24-008749-003/2024(H5N1)	587	8
PB1|PP755595.1|A/cattle/Texas/24-008749-003/2024(H5N1)	588	7
PB1|PP755595.1|A/cattle/Texas/24-008749-003/2024(H5N1)	589	7
PB1|PP755595.1|A/cattle/Texas/24-008749-003/2024(H5N1)	590	7
PB1|PP755595.1|A/cattle/Texas/24-008749-003/2024(H5N1)	591	7
PB1|PP755595.1|A/cattle/Texas/24-008749-003/2024(H5N1)	592	7
PB1|PP755595.1|A/cattle/Texas/24-008749-003/2024(H5N1)	593	7
PB1|PP755595.1|A/cattle/Texas/24-008749-003/2024(H5N1)	594	8
PB1|PP755595.1|A/cattle/Texas/24-008749-003/2024(H5N1)	595	8
PB1|PP755595.1|A/cattle/Texas/24-008749-003/2024(H5N1)	596	10
PB1|PP755595.1|A/cattle/Texas/24-008749-003/2024(H5N1)	597	10
PB1|PP755595.1|A/cattle/Texas/24-008749-003/2024(H5N1)	598	10
PB1|PP755595.1|A/cattle/Texas/24-008749-003/2024(H5N1)	599	10
PB1|PP755595.1|A/cattle/Texas/24-008749-003/2024(H5N1)	600	10
PB1|PP755595.1|A/cattle/Texas/24-008749-003/2024(H5N1)	601	10
PB1|PP755595.1|A/cattle/Texas/24-008749-003/2024(H5N1)	602	10
PB1|PP755595.1|A/cattle/Texas/24-008749-003/2024(H5N1)	603	10
PB1|PP755595.1|A/cattle/Texas/24-008749-003/2024(H5N1)	604	10
PB1|PP755595.1|A/cattle/Texas/24-008749-003/2024(H5N1)	605	10
PB1|PP755595.1|A/cattle/Texas/24-008749-003/2024(H5N1)	606	11
PB1|PP755595.1|A/cattle/Texas/24-008749-003/2024(H5N1)	607	11
PB1|PP755595.1|A/cattle/Texas/24-008749-003/2024(H5N1)	608	11
PB1|PP755595.1|A/cattle/Texas/24-008749-003/2024(H5N1)	609	11
PB1|PP755595.1|A/cattle/Texas/24-008749-003/2024(H5N1)	610	11
PB1|PP755595.1|A/cattle/Texas/24-008749-003/2024(H5N1)	611	10
PB1|PP755595.1|A/cattle/Texas/24-008749-003/2024(H5N1)	612	9
PB1|PP755595.1|A/cattle/Texas/24-008749-003/2024(H5N1)	613	9
PB1|PP755595.1|A/cattle/Texas/24-008749-003/2024(H5N1)	614	9
PB1|PP755595.1|A/cattle/Texas/24-008749-003/2024(H5N1)	615	9
PB1|PP755595.1|A/cattle/Texas/24-008749-003/2024(H5N1)	616	9
PB1|PP755595.1|A/cattle/Texas/24-008749-003/2024(H5N1)	617	9
PB1|PP755595.1|A/cattle/Texas/24-008749-003/2024(H5N1)	618	9
PB1|PP755595.1|A/cattle/Texas/24-008749-003/2024(H5N1)	619	9
PB1|PP755595.1|A/cattle/Texas/24-008749-003/2024(H5N1)	620	9
PB1|PP755595.1|A/cattle/Texas/24-008749-003/2024(H5N1)	621	9
PB1|PP755595.1|A/cattle/Texas/24-008749-003/2024(H5N1)	622	10
PB1|PP755595.1|A/cattle/Texas/24-008749-003/2024(H5N1)	623	10
PB1|PP755595.1|A/cattle/Texas/24-008749-003/2024(H5N1)	624	11
PB1|PP755595.1|A/cattle/Texas/24-008749-003/2024(H5N1)	625	11
PB1|PP755595.1|A/cattle/Texas/24-008749-003/2024(H5N1)	626	11
PB1|PP755595.1|A/cattle/Texas/24-008749-003/2024(H5N1)	627	11
PB1|PP755595.1|A/cattle/Texas/24-008749-003/2024(H5N1)	628	11
PB1|PP755595.1|A/cattle/Texas/24-008749-003/2024(H5N1)	629	11
PB1|PP755595.1|A/cattle/Texas/24-008749-003/2024(H5N1)	630	11
PB1|PP755595.1|A/cattle/Texas/24-008749-003/2024(H5N1)	631	11
PB1|PP755595.1|A/cattle/Texas/24-008749-003/2024(H5N1)	632	11
PB1|PP755595.1|A/cattle/Texas/24-008749-003/2024(H5N1)	633	11
PB1|PP755595.1|A/cattle/Texas/24-008749-003/2024(H5N1)	634	11
PB1|PP755595.1|A/cattle/Texas/24-008749-003/2024(H5N1)	635	11
PB1|PP755595.1|A/cattle/Texas/24-008749-003/2024(H5N1)	636	11
PB1|PP755595.1|A/cattle/Texas/24-008749-003/2024(H5N1)	637	11
PB1|PP755595.1|A/cattle/Texas/24-008749-003/2024(H5N1)	638	12
PB1|PP755595.1|A/cattle/Texas/24-008749-003/2024(H5N1)	639	12
PB1|PP755595.1|A/cattle/Texas/24-008749-003/2024(H5N1)	640	12
PB1|PP755595.1|A/cattle/Texas/24-008749-003/2024(H5N1)	641	12
PB1|PP755595.1|A/cattle/Texas/24-008749-003/2024(H5N1)	642	12
PB1|PP755595.1|A/cattle/Texas/24-008749-003/2024(H5N1)	643	12
PB1|PP755595.1|A/cattle/Texas/24-008749-003/2024(H5N1)	644	12
PB1|PP755595.1|A/cattle/Texas/24-008749-003/2024(H5N1)	645	12
PB1|PP755595.1|A/cattle/Texas/24-008749-003/2024(H5N1)	646	12
PB1|PP755595.1|A/cattle/Texas/24-008749-003/2024(H5N1)	647	12
PB1|PP755595.1|A/cattle/Texas/24-008749-003/2024(H5N1)	648	12
PB1|PP755595.1|A/cattle/Texas/24-008749-003/2024(H5N1)	649	12
PB1|PP755595.1|A/cattle/Texas/24-008749-003/2024(H5N1)	650	12
PB1|PP755595.1|A/cattle/Texas/24-008749-003/2024(H5N1)	651	12
PB1|PP755595.1|A/cattle/Texas/24-008749-003/2024(H5N1)	652	12
PB1|PP755595.1|A/cattle/Texas/24-008749-003/2024(H5N1)	653	12
PB1|PP755595.1|A/cattle/Texas/24-008749-003/2024(H5N1)	654	12
PB1|PP755595.1|A/cattle/Texas/24-008749-003/2024(H5N1)	655	12
PB1|PP755595.1|A/cattle/Texas/24-008749-003/2024(H5N1)	656	12
PB1|PP755595.1|A/cattle/Texas/24-008749-003/2024(H5N1)	657	12
PB1|PP755595.1|A/cattle/Texas/24-008749-003/2024(H5N1)	658	12
PB1|PP755595.1|A/cattle/Texas/24-008749-003/2024(H5N1)	659	12
PB1|PP755595.1|A/cattle/Texas/24-008749-003/2024(H5N1)	660	12
PB1|PP755595.1|A/cattle/Texas/24-008749-003/2024(H5N1)	661	13
PB1|PP755595.1|A/cattle/Texas/24-008749-003/2024(H5N1)	662	13
PB1|PP755595.1|A/cattle/Texas/24-008749-003/2024(H5N1)	663	12
PB1|PP755595.1|A/cattle/Texas/24-008749-003/2024(H5N1)	664	12
PB1|PP755595.1|A/cattle/Texas/24-008749-003/2024(H5N1)	665	12
PB1|PP755595.1|A/cattle/Texas/24-008749-003/2024(H5N1)	666	12
PB1|PP755595.1|A/cattle/Texas/24-008749-003/2024(H5N1)	667	12
PB1|PP755595.1|A/cattle/Texas/24-008749-003/2024(H5N1)	668	12
PB1|PP755595.1|A/cattle/Texas/24-008749-003/2024(H5N1)	669	12
PB1|PP755595.1|A/cattle/Texas/24-008749-003/2024(H5N1)	670	12
PB1|PP755595.1|A/cattle/Texas/24-008749-003/2024(H5N1)	671	12
PB1|PP755595.1|A/cattle/Texas/24-008749-003/2024(H5N1)	672	12
PB1|PP755595.1|A/cattle/Texas/24-008749-003/2024(H5N1)	673	12
PB1|PP755595.1|A/cattle/Texas/24-008749-003/2024(H5N1)	674	12
PB1|PP755595.1|A/cattle/Texas/24-008749-003/2024(H5N1)	675	12
PB1|PP755595.1|A/cattle/Texas/24-008749-003/2024(H5N1)	676	12
PB1|PP755595.1|A/cattle/Texas/24-008749-003/2024(H5N1)	677	12
PB1|PP755595.1|A/cattle/Texas/24-008749-003/2024(H5N1)	678	12
PB1|PP755595.1|A/cattle/Texas/24-008749-003/2024(H5N1)	679	12
PB1|PP755595.1|A/cattle/Texas/24-008749-003/2024(H5N1)	680	12
PB1|PP755595.1|A/cattle/Texas/24-008749-003/2024(H5N1)	681	12
PB1|PP755595.1|A/cattle/Texas/24-008749-003/2024(H5N1)	682	12
PB1|PP755595.1|A/cattle/Texas/24-008749-003/2024(H5N1)	683	12
PB1|PP755595.1|A/cattle/Texas/24-008749-003/2024(H5N1)	684	12
PB1|PP755595.1|A/cattle/Texas/24-008749-003/2024(H5N1)	685	12
PB1|PP755595.1|A/cattle/Texas/24-008749-003/2024(H5N1)	686	12
PB1|PP755595.1|A/cattle/Texas/24-008749-003/2024(H5N1)	687	12
PB1|PP755595.1|A/cattle/Texas/24-008749-003/2024(H5N1)	688	12
PB1|PP755595.1|A/cattle/Texas/24-008749-003/2024(H5N1)	689	12
PB1|PP755595.1|A/cattle/Texas/24-008749-003/2024(H5N1)	690	12
PB1|PP755595.1|A/cattle/Texas/24-008749-003/2024(H5N1)	691	12
PB1|PP755595.1|A/cattle/Texas/24-008749-003/2024(H5N1)	692	12
PB1|PP755595.1|A/cattle/Texas/24-008749-003/2024(H5N1)	693	12
PB1|PP755595.1|A/cattle/Texas/24-008749-003/2024(H5N1)	694	12
PB1|PP755595.1|A/cattle/Texas/24-008749-003/2024(H5N1)	695	12
PB1|PP755595.1|A/cattle/Texas/24-008749-003/2024(H5N1)	696	12
PB1|PP755595.1|A/cattle/Texas/24-008749-003/2024(H5N1)	697	12
PB1|PP755595.1|A/cattle/Texas/24-008749-003/2024(H5N1)	698	12
PB1|PP755595.1|A/cattle/Texas/24-008749-003/2024(H5N1)	699	11
PB1|PP755595.1|A/cattle/Texas/24-008749-003/2024(H5N1)	700	11
PB1|PP755595.1|A/cattle/Texas/24-008749-003/2024(H5N1)	701	11
PB1|PP755595.1|A/cattle/Texas/24-008749-003/2024(H5N1)	702	9
PB1|PP755595.1|A/cattle/Texas/24-008749-003/2024(H5N1)	703	9
PB1|PP755595.1|A/cattle/Texas/24-008749-003/2024(H5N1)	704	10
PB1|PP755595.1|A/cattle/Texas/24-008749-003/2024(H5N1)	705	10
PB1|PP755595.1|A/cattle/Texas/24-008749-003/2024(H5N1)	706	10
PB1|PP755595.1|A/cattle/Texas/24-008749-003/2024(H5N1)	707	10
PB1|PP755595.1|A/cattle/Texas/24-008749-003/2024(H5N1)	708	10
PB1|PP755595.1|A/cattle/Texas/24-008749-003/2024(H5N1)	709	10
PB1|PP755595.1|A/cattle/Texas/24-008749-003/2024(H5N1)	710	10
PB1|PP755595.1|A/cattle/Texas/24-008749-003/2024(H5N1)	711	11
PB1|PP755595.1|A/cattle/Texas/24-008749-003/2024(H5N1)	712	11
PB1|PP755595.1|A/cattle/Texas/24-008749-003/2024(H5N1)	713	11
PB1|PP755595.1|A/cattle/Texas/24-008749-003/2024(H5N1)	714	11
PB1|PP755595.1|A/cattle/Texas/24-008749-003/2024(H5N1)	715	11
PB1|PP755595.1|A/cattle/Texas/24-008749-003/2024(H5N1)	716	11
PB1|PP755595.1|A/cattle/Texas/24-008749-003/2024(H5N1)	717	12
PB1|PP755595.1|A/cattle/Texas/24-008749-003/2024(H5N1)	718	12
PB1|PP755595.1|A/cattle/Texas/24-008749-003/2024(H5N1)	719	12
PB1|PP755595.1|A/cattle/Texas/24-008749-003/2024(H5N1)	720	12
PB1|PP755595.1|A/cattle/Texas/24-008749-003/2024(H5N1)	721	12
PB1|PP755595.1|A/cattle/Texas/24-008749-003/2024(H5N1)	722	12
PB1|PP755595.1|A/cattle/Texas/24-008749-003/2024(H5N1)	723	12
PB1|PP755595.1|A/cattle/Texas/24-008749-003/2024(H5N1)	724	12
PB1|PP755595.1|A/cattle/Texas/24-008749-003/2024(H5N1)	725	12
PB1|PP755595.1|A/cattle/Texas/24-008749-003/2024(H5N1)	726	12
PB1|PP755595.1|A/cattle/Texas/24-008749-003/2024(H5N1)	727	12
PB1|PP755595.1|A/cattle/Texas/24-008749-003/2024(H5N1)	728	12
PB1|PP755595.1|A/cattle/Texas/24-008749-003/2024(H5N1)	729	12
PB1|PP755595.1|A/cattle/Texas/24-008749-003/2024(H5N1)	730	12
PB1|PP755595.1|A/cattle/Texas/24-008749-003/2024(H5N1)	731	12
PB1|PP755595.1|A/cattle/Texas/24-008749-003/2024(H5N1)	732	12
PB1|PP755595.1|A/cattle/Texas/24-008749-003/2024(H5N1)	733	11
PB1|PP755595.1|A/cattle/Texas/24-008749-003/2024(H5N1)	734	11
PB1|PP755595.1|A/cattle/Texas/24-008749-003/2024(H5N1)	735	11
PB1|PP755595.1|A/cattle/Texas/24-008749-003/2024(H5N1)	736	11
PB1|PP755595.1|A/cattle/Texas/24-008749-003/2024(H5N1)	737	11
PB1|PP755595.1|A/cattle/Texas/24-008749-003/2024(H5N1)	738	11
PB1|PP755595.1|A/cattle/Texas/24-008749-003/2024(H5N1)	739	11
PB1|PP755595.1|A/cattle/Texas/24-008749-003/2024(H5N1)	740	11
PB1|PP755595.1|A/cattle/Texas/24-008749-003/2024(H5N1)	741	11
PB1|PP755595.1|A/cattle/Texas/24-008749-003/2024(H5N1)	742	11
PB1|PP755595.1|A/cattle/Texas/24-008749-003/2024(H5N1)	743	11
PB1|PP755595.1|A/cattle/Texas/24-008749-003/2024(H5N1)	744	11
PB1|PP755595.1|A/cattle/Texas/24-008749-003/2024(H5N1)	745	10
PB1|PP755595.1|A/cattle/Texas/24-008749-003/2024(H5N1)	746	10
PB1|PP755595.1|A/cattle/Texas/24-008749-003/2024(H5N1)	747	8
PB1|PP755595.1|A/cattle/Texas/24-008749-003/2024(H5N1)	748	9
PB1|PP755595.1|A/cattle/Texas/24-008749-003/2024(H5N1)	749	9
PB1|PP755595.1|A/cattle/Texas/24-008749-003/2024(H5N1)	750	9
PB1|PP755595.1|A/cattle/Texas/24-008749-003/2024(H5N1)	751	9
PB1|PP755595.1|A/cattle/Texas/24-008749-003/2024(H5N1)	752	9
PB1|PP755595.1|A/cattle/Texas/24-008749-003/2024(H5N1)	753	9
PB1|PP755595.1|A/cattle/Texas/24-008749-003/2024(H5N1)	754	9
PB1|PP755595.1|A/cattle/Texas/24-008749-003/2024(H5N1)	755	9
PB1|PP755595.1|A/cattle/Texas/24-008749-003/2024(H5N1)	756	9
PB1|PP755595.1|A/cattle/Texas/24-008749-003/2024(H5N1)	757	8
PB1|PP755595.1|A/cattle/Texas/24-008749-003/2024(H5N1)	758	8
PB1|PP755595.1|A/cattle/Texas/24-008749-003/2024(H5N1)	759	8
PB1|PP755595.1|A/cattle/Texas/24-008749-003/2024(H5N1)	760	8
PB1|PP755595.1|A/cattle/Texas/24-008749-003/2024(H5N1)	761	8
PB1|PP755595.1|A/cattle/Texas/24-008749-003/2024(H5N1)	762	8
PB1|PP755595.1|A/cattle/Texas/24-008749-003/2024(H5N1)	763	9
PB1|PP755595.1|A/cattle/Texas/24-008749-003/2024(H5N1)	764	9
PB1|PP755595.1|A/cattle/Texas/24-008749-003/2024(H5N1)	765	9
PB1|PP755595.1|A/cattle/Texas/24-008749-003/2024(H5N1)	766	9
PB1|PP755595.1|A/cattle/Texas/24-008749-003/2024(H5N1)	767	9
PB1|PP755595.1|A/cattle/Texas/24-008749-003/2024(H5N1)	768	9
PB1|PP755595.1|A/cattle/Texas/24-008749-003/2024(H5N1)	769	9
PB1|PP755595.1|A/cattle/Texas/24-008749-003/2024(H5N1)	770	10
PB1|PP755595.1|A/cattle/Texas/24-008749-003/2024(H5N1)	771	10
PB1|PP755595.1|A/cattle/Texas/24-008749-003/2024(H5N1)	772	9
PB1|PP755595.1|A/cattle/Texas/24-008749-003/2024(H5N1)	773	9
PB1|PP755595.1|A/cattle/Texas/24-008749-003/2024(H5N1)	774	9
PB1|PP755595.1|A/cattle/Texas/24-008749-003/2024(H5N1)	775	9
PB1|PP755595.1|A/cattle/Texas/24-008749-003/2024(H5N1)	776	11
PB1|PP755595.1|A/cattle/Texas/24-008749-003/2024(H5N1)	777	11
PB1|PP755595.1|A/cattle/Texas/24-008749-003/2024(H5N1)	778	11
PB1|PP755595.1|A/cattle/Texas/24-008749-003/2024(H5N1)	779	11
PB1|PP755595.1|A/cattle/Texas/24-008749-003/2024(H5N1)	780	11
PB1|PP755595.1|A/cattle/Texas/24-008749-003/2024(H5N1)	781	12
PB1|PP755595.1|A/cattle/Texas/24-008749-003/2024(H5N1)	782	12
PB1|PP755595.1|A/cattle/Texas/24-008749-003/2024(H5N1)	783	12
PB1|PP755595.1|A/cattle/Texas/24-008749-003/2024(H5N1)	784	12
PB1|PP755595.1|A/cattle/Texas/24-008749-003/2024(H5N1)	785	13
PB1|PP755595.1|A/cattle/Texas/24-008749-003/2024(H5N1)	786	13
PB1|PP755595.1|A/cattle/Texas/24-008749-003/2024(H5N1)	787	13
PB1|PP755595.1|A/cattle/Texas/24-008749-003/2024(H5N1)	788	13
PB1|PP755595.1|A/cattle/Texas/24-008749-003/2024(H5N1)	789	12
PB1|PP755595.1|A/cattle/Texas/24-008749-003/2024(H5N1)	790	12
PB1|PP755595.1|A/cattle/Texas/24-008749-003/2024(H5N1)	791	12
PB1|PP755595.1|A/cattle/Texas/24-008749-003/2024(H5N1)	792	12
PB1|PP755595.1|A/cattle/Texas/24-008749-003/2024(H5N1)	793	12
PB1|PP755595.1|A/cattle/Texas/24-008749-003/2024(H5N1)	794	12
PB1|PP755595.1|A/cattle/Texas/24-008749-003/2024(H5N1)	795	12
PB1|PP755595.1|A/cattle/Texas/24-008749-003/2024(H5N1)	796	12
PB1|PP755595.1|A/cattle/Texas/24-008749-003/2024(H5N1)	797	12
PB1|PP755595.1|A/cattle/Texas/24-008749-003/2024(H5N1)	798	12
PB1|PP755595.1|A/cattle/Texas/24-008749-003/2024(H5N1)	799	12
PB1|PP755595.1|A/cattle/Texas/24-008749-003/2024(H5N1)	800	12
PB1|PP755595.1|A/cattle/Texas/24-008749-003/2024(H5N1)	801	12
PB1|PP755595.1|A/cattle/Texas/24-008749-003/2024(H5N1)	802	12
PB1|PP755595.1|A/cattle/Texas/24-008749-003/2024(H5N1)	803	12
PB1|PP755595.1|A/cattle/Texas/24-008749-003/2024(H5N1)	804	14
PB1|PP755595.1|A/cattle/Texas/24-008749-003/2024(H5N1)	805	14
PB1|PP755595.1|A/cattle/Texas/24-008749-003/2024(H5N1)	806	14
PB1|PP755595.1|A/cattle/Texas/24-008749-003/2024(H5N1)	807	14
PB1|PP755595.1|A/cattle/Texas/24-008749-003/2024(H5N1)	808	14
PB1|PP755595.1|A/cattle/Texas/24-008749-003/2024(H5N1)	809	14
PB1|PP755595.1|A/cattle/Texas/24-008749-003/2024(H5N1)	810	14
PB1|PP755595.1|A/cattle/Texas/24-008749-003/2024(H5N1)	811	13
PB1|PP755595.1|A/cattle/Texas/24-008749-003/2024(H5N1)	812	13
PB1|PP755595.1|A/cattle/Texas/24-008749-003/2024(H5N1)	813	13
PB1|PP755595.1|A/cattle/Texas/24-008749-003/2024(H5N1)	814	13
PB1|PP755595.1|A/cattle/Texas/24-008749-003/2024(H5N1)	815	13
PB1|PP755595.1|A/cattle/Texas/24-008749-003/2024(H5N1)	816	13
PB1|PP755595.1|A/cattle/Texas/24-008749-003/2024(H5N1)	817	13
PB1|PP755595.1|A/cattle/Texas/24-008749-003/2024(H5N1)	818	13
PB1|PP755595.1|A/cattle/Texas/24-008749-003/2024(H5N1)	819	13
PB1|PP755595.1|A/cattle/Texas/24-008749-003/2024(H5N1)	820	13
PB1|PP755595.1|A/cattle/Texas/24-008749-003/2024(H5N1)	821	13
PB1|PP755595.1|A/cattle/Texas/24-008749-003/2024(H5N1)	822	13
PB1|PP755595.1|A/cattle/Texas/24-008749-003/2024(H5N1)	823	13
PB1|PP755595.1|A/cattle/Texas/24-008749-003/2024(H5N1)	824	13
PB1|PP755595.1|A/cattle/Texas/24-008749-003/2024(H5N1)	825	13
PB1|PP755595.1|A/cattle/Texas/24-008749-003/2024(H5N1)	826	13
PB1|PP755595.1|A/cattle/Texas/24-008749-003/2024(H5N1)	827	14
PB1|PP755595.1|A/cattle/Texas/24-008749-003/2024(H5N1)	828	14
PB1|PP755595.1|A/cattle/Texas/24-008749-003/2024(H5N1)	829	14
PB1|PP755595.1|A/cattle/Texas/24-008749-003/2024(H5N1)	830	14
PB1|PP755595.1|A/cattle/Texas/24-008749-003/2024(H5N1)	831	14
PB1|PP755595.1|A/cattle/Texas/24-008749-003/2024(H5N1)	832	14
PB1|PP755595.1|A/cattle/Texas/24-008749-003/2024(H5N1)	833	14
PB1|PP755595.1|A/cattle/Texas/24-008749-003/2024(H5N1)	834	14
PB1|PP755595.1|A/cattle/Texas/24-008749-003/2024(H5N1)	835	14
PB1|PP755595.1|A/cattle/Texas/24-008749-003/2024(H5N1)	836	14
PB1|PP755595.1|A/cattle/Texas/24-008749-003/2024(H5N1)	837	14
PB1|PP755595.1|A/cattle/Texas/24-008749-003/2024(H5N1)	838	14
PB1|PP755595.1|A/cattle/Texas/24-008749-003/2024(H5N1)	839	14
PB1|PP755595.1|A/cattle/Texas/24-008749-003/2024(H5N1)	840	14
PB1|PP755595.1|A/cattle/Texas/24-008749-003/2024(H5N1)	841	14
PB1|PP755595.1|A/cattle/Texas/24-008749-003/2024(H5N1)	842	14
PB1|PP755595.1|A/cattle/Texas/24-008749-003/2024(H5N1)	843	14
PB1|PP755595.1|A/cattle/Texas/24-008749-003/2024(H5N1)	844	14
PB1|PP755595.1|A/cattle/Texas/24-008749-003/2024(H5N1)	845	14
PB1|PP755595.1|A/cattle/Texas/24-008749-003/2024(H5N1)	846	14
PB1|PP755595.1|A/cattle/Texas/24-008749-003/2024(H5N1)	847	14
PB1|PP755595.1|A/cattle/Texas/24-008749-003/2024(H5N1)	848	14
PB1|PP755595.1|A/cattle/Texas/24-008749-003/2024(H5N1)	849	14
PB1|PP755595.1|A/cattle/Texas/24-008749-003/2024(H5N1)	850	14
PB1|PP755595.1|A/cattle/Texas/24-008749-003/2024(H5N1)	851	14
PB1|PP755595.1|A/cattle/Texas/24-008749-003/2024(H5N1)	852	14
PB1|PP755595.1|A/cattle/Texas/24-008749-003/2024(H5N1)	853	14
PB1|PP755595.1|A/cattle/Texas/24-008749-003/2024(H5N1)	854	16
PB1|PP755595.1|A/cattle/Texas/24-008749-003/2024(H5N1)	855	15
PB1|PP755595.1|A/cattle/Texas/24-008749-003/2024(H5N1)	856	15
PB1|PP755595.1|A/cattle/Texas/24-008749-003/2024(H5N1)	857	15
PB1|PP755595.1|A/cattle/Texas/24-008749-003/2024(H5N1)	858	15
PB1|PP755595.1|A/cattle/Texas/24-008749-003/2024(H5N1)	859	15
PB1|PP755595.1|A/cattle/Texas/24-008749-003/2024(H5N1)	860	15
PB1|PP755595.1|A/cattle/Texas/24-008749-003/2024(H5N1)	861	15
PB1|PP755595.1|A/cattle/Texas/24-008749-003/2024(H5N1)	862	14
PB1|PP755595.1|A/cattle/Texas/24-008749-003/2024(H5N1)	863	14
PB1|PP755595.1|A/cattle/Texas/24-008749-003/2024(H5N1)	864	14
PB1|PP755595.1|A/cattle/Texas/24-008749-003/2024(H5N1)	865	14
PB1|PP755595.1|A/cattle/Texas/24-008749-003/2024(H5N1)	866	14
PB1|PP755595.1|A/cattle/Texas/24-008749-003/2024(H5N1)	867	14
PB1|PP755595.1|A/cattle/Texas/24-008749-003/2024(H5N1)	868	13
PB1|PP755595.1|A/cattle/Texas/24-008749-003/2024(H5N1)	869	13
PB1|PP755595.1|A/cattle/Texas/24-008749-003/2024(H5N1)	870	13
PB1|PP755595.1|A/cattle/Texas/24-008749-003/2024(H5N1)	871	13
PB1|PP755595.1|A/cattle/Texas/24-008749-003/2024(H5N1)	872	13
PB1|PP755595.1|A/cattle/Texas/24-008749-003/2024(H5N1)	873	13
PB1|PP755595.1|A/cattle/Texas/24-008749-003/2024(H5N1)	874	13
PB1|PP755595.1|A/cattle/Texas/24-008749-003/2024(H5N1)	875	13
PB1|PP755595.1|A/cattle/Texas/24-008749-003/2024(H5N1)	876	13
PB1|PP755595.1|A/cattle/Texas/24-008749-003/2024(H5N1)	877	13
PB1|PP755595.1|A/cattle/Texas/24-008749-003/2024(H5N1)	878	13
PB1|PP755595.1|A/cattle/Texas/24-008749-003/2024(H5N1)	879	13
PB1|PP755595.1|A/cattle/Texas/24-008749-003/2024(H5N1)	880	15
PB1|PP755595.1|A/cattle/Texas/24-008749-003/2024(H5N1)	881	15
PB1|PP755595.1|A/cattle/Texas/24-008749-003/2024(H5N1)	882	15
PB1|PP755595.1|A/cattle/Texas/24-008749-003/2024(H5N1)	883	15
PB1|PP755595.1|A/cattle/Texas/24-008749-003/2024(H5N1)	884	15
PB1|PP755595.1|A/cattle/Texas/24-008749-003/2024(H5N1)	885	15
PB1|PP755595.1|A/cattle/Texas/24-008749-003/2024(H5N1)	886	15
PB1|PP755595.1|A/cattle/Texas/24-008749-003/2024(H5N1)	887	15
PB1|PP755595.1|A/cattle/Texas/24-008749-003/2024(H5N1)	888	15
PB1|PP755595.1|A/cattle/Texas/24-008749-003/2024(H5N1)	889	15
PB1|PP755595.1|A/cattle/Texas/24-008749-003/2024(H5N1)	890	15
PB1|PP755595.1|A/cattle/Texas/24-008749-003/2024(H5N1)	891	16
PB1|PP755595.1|A/cattle/Texas/24-008749-003/2024(H5N1)	892	16
PB1|PP755595.1|A/cattle/Texas/24-008749-003/2024(H5N1)	893	16
PB1|PP755595.1|A/cattle/Texas/24-008749-003/2024(H5N1)	894	16
PB1|PP755595.1|A/cattle/Texas/24-008749-003/2024(H5N1)	895	16
PB1|PP755595.1|A/cattle/Texas/24-008749-003/2024(H5N1)	896	16
PB1|PP755595.1|A/cattle/Texas/24-008749-003/2024(H5N1)	897	16
PB1|PP755595.1|A/cattle/Texas/24-008749-003/2024(H5N1)	898	16
PB1|PP755595.1|A/cattle/Texas/24-008749-003/2024(H5N1)	899	15
PB1|PP755595.1|A/cattle/Texas/24-008749-003/2024(H5N1)	900	15
PB1|PP755595.1|A/cattle/Texas/24-008749-003/2024(H5N1)	901	15
PB1|PP755595.1|A/cattle/Texas/24-008749-003/2024(H5N1)	902	15
PB1|PP755595.1|A/cattle/Texas/24-008749-003/2024(H5N1)	903	15
PB1|PP755595.1|A/cattle/Texas/24-008749-003/2024(H5N1)	904	15
PB1|PP755595.1|A/cattle/Texas/24-008749-003/2024(H5N1)	905	15
PB1|PP755595.1|A/cattle/Texas/24-008749-003/2024(H5N1)	906	15
PB1|PP755595.1|A/cattle/Texas/24-008749-003/2024(H5N1)	907	16
PB1|PP755595.1|A/cattle/Texas/24-008749-003/2024(H5N1)	908	16
PB1|PP755595.1|A/cattle/Texas/24-008749-003/2024(H5N1)	909	16
PB1|PP755595.1|A/cattle/Texas/24-008749-003/2024(H5N1)	910	16
PB1|PP755595.1|A/cattle/Texas/24-008749-003/2024(H5N1)	911	16
PB1|PP755595.1|A/cattle/Texas/24-008749-003/2024(H5N1)	912	16
PB1|PP755595.1|A/cattle/Texas/24-008749-003/2024(H5N1)	913	16
PB1|PP755595.1|A/cattle/Texas/24-008749-003/2024(H5N1)	914	16
PB1|PP755595.1|A/cattle/Texas/24-008749-003/2024(H5N1)	915	16
PB1|PP755595.1|A/cattle/Texas/24-008749-003/2024(H5N1)	916	16
PB1|PP755595.1|A/cattle/Texas/24-008749-003/2024(H5N1)	917	16
PB1|PP755595.1|A/cattle/Texas/24-008749-003/2024(H5N1)	918	17
PB1|PP755595.1|A/cattle/Texas/24-008749-003/2024(H5N1)	919	17
PB1|PP755595.1|A/cattle/Texas/24-008749-003/2024(H5N1)	920	16
PB1|PP755595.1|A/cattle/Texas/24-008749-003/2024(H5N1)	921	16
PB1|PP755595.1|A/cattle/Texas/24-008749-003/2024(H5N1)	922	16
PB1|PP755595.1|A/cattle/Texas/24-008749-003/2024(H5N1)	923	16
PB1|PP755595.1|A/cattle/Texas/24-008749-003/2024(H5N1)	924	16
PB1|PP755595.1|A/cattle/Texas/24-008749-003/2024(H5N1)	925	16
PB1|PP755595.1|A/cattle/Texas/24-008749-003/2024(H5N1)	926	13
PB1|PP755595.1|A/cattle/Texas/24-008749-003/2024(H5N1)	927	13
PB1|PP755595.1|A/cattle/Texas/24-008749-003/2024(H5N1)	928	13
PB1|PP755595.1|A/cattle/Texas/24-008749-003/2024(H5N1)	929	13
PB1|PP755595.1|A/cattle/Texas/24-008749-003/2024(H5N1)	930	13
PB1|PP755595.1|A/cattle/Texas/24-008749-003/2024(H5N1)	931	12
PB1|PP755595.1|A/cattle/Texas/24-008749-003/2024(H5N1)	932	12
PB1|PP755595.1|A/cattle/Texas/24-008749-003/2024(H5N1)	933	12
PB1|PP755595.1|A/cattle/Texas/24-008749-003/2024(H5N1)	934	12
PB1|PP755595.1|A/cattle/Texas/24-008749-003/2024(H5N1)	935	12
PB1|PP755595.1|A/cattle/Texas/24-008749-003/2024(H5N1)	936	11
PB1|PP755595.1|A/cattle/Texas/24-008749-003/2024(H5N1)	937	11
PB1|PP755595.1|A/cattle/Texas/24-008749-003/2024(H5N1)	938	11
PB1|PP755595.1|A/cattle/Texas/24-008749-003/2024(H5N1)	939	11
PB1|PP755595.1|A/cattle/Texas/24-008749-003/2024(H5N1)	940	11
PB1|PP755595.1|A/cattle/Texas/24-008749-003/2024(H5N1)	941	11
PB1|PP755595.1|A/cattle/Texas/24-008749-003/2024(H5N1)	942	11
PB1|PP755595.1|A/cattle/Texas/24-008749-003/2024(H5N1)	943	11
PB1|PP755595.1|A/cattle/Texas/24-008749-003/2024(H5N1)	944	11
PB1|PP755595.1|A/cattle/Texas/24-008749-003/2024(H5N1)	945	11
PB1|PP755595.1|A/cattle/Texas/24-008749-003/2024(H5N1)	946	11
PB1|PP755595.1|A/cattle/Texas/24-008749-003/2024(H5N1)	947	11
PB1|PP755595.1|A/cattle/Texas/24-008749-003/2024(H5N1)	948	11
PB1|PP755595.1|A/cattle/Texas/24-008749-003/2024(H5N1)	949	11
PB1|PP755595.1|A/cattle/Texas/24-008749-003/2024(H5N1)	950	11
PB1|PP755595.1|A/cattle/Texas/24-008749-003/2024(H5N1)	951	11
PB1|PP755595.1|A/cattle/Texas/24-008749-003/2024(H5N1)	952	11
PB1|PP755595.1|A/cattle/Texas/24-008749-003/2024(H5N1)	953	11
PB1|PP755595.1|A/cattle/Texas/24-008749-003/2024(H5N1)	954	11
PB1|PP755595.1|A/cattle/Texas/24-008749-003/2024(H5N1)	955	9
PB1|PP755595.1|A/cattle/Texas/24-008749-003/2024(H5N1)	956	9
PB1|PP755595.1|A/cattle/Texas/24-008749-003/2024(H5N1)	957	9
PB1|PP755595.1|A/cattle/Texas/24-008749-003/2024(H5N1)	958	9
PB1|PP755595.1|A/cattle/Texas/24-008749-003/2024(H5N1)	959	9
PB1|PP755595.1|A/cattle/Texas/24-008749-003/2024(H5N1)	960	9
PB1|PP755595.1|A/cattle/Texas/24-008749-003/2024(H5N1)	961	9
PB1|PP755595.1|A/cattle/Texas/24-008749-003/2024(H5N1)	962	9
PB1|PP755595.1|A/cattle/Texas/24-008749-003/2024(H5N1)	963	10
PB1|PP755595.1|A/cattle/Texas/24-008749-003/2024(H5N1)	964	10
PB1|PP755595.1|A/cattle/Texas/24-008749-003/2024(H5N1)	965	10
PB1|PP755595.1|A/cattle/Texas/24-008749-003/2024(H5N1)	966	10
PB1|PP755595.1|A/cattle/Texas/24-008749-003/2024(H5N1)	967	10
PB1|PP755595.1|A/cattle/Texas/24-008749-003/2024(H5N1)	968	10
PB1|PP755595.1|A/cattle/Texas/24-008749-003/2024(H5N1)	969	10
PB1|PP755595.1|A/cattle/Texas/24-008749-003/2024(H5N1)	970	10
PB1|PP755595.1|A/cattle/Texas/24-008749-003/2024(H5N1)	971	10
PB1|PP755595.1|A/cattle/Texas/24-008749-003/2024(H5N1)	972	12
PB1|PP755595.1|A/cattle/Texas/24-008749-003/2024(H5N1)	973	12
PB1|PP755595.1|A/cattle/Texas/24-008749-003/2024(H5N1)	974	12
PB1|PP755595.1|A/cattle/Texas/24-008749-003/2024(H5N1)	975	12
PB1|PP755595.1|A/cattle/Texas/24-008749-003/2024(H5N1)	976	12
PB1|PP755595.1|A/cattle/Texas/24-008749-003/2024(H5N1)	977	13
PB1|PP755595.1|A/cattle/Texas/24-008749-003/2024(H5N1)	978	13
PB1|PP755595.1|A/cattle/Texas/24-008749-003/2024(H5N1)	979	13
PB1|PP755595.1|A/cattle/Texas/24-008749-003/2024(H5N1)	980	13
PB1|PP755595.1|A/cattle/Texas/24-008749-003/2024(H5N1)	981	13
PB1|PP755595.1|A/cattle/Texas/24-008749-003/2024(H5N1)	982	13
PB1|PP755595.1|A/cattle/Texas/24-008749-003/2024(H5N1)	983	13
PB1|PP755595.1|A/cattle/Texas/24-008749-003/2024(H5N1)	984	13
PB1|PP755595.1|A/cattle/Texas/24-008749-003/2024(H5N1)	985	13
PB1|PP755595.1|A/cattle/Texas/24-008749-003/2024(H5N1)	986	13
PB1|PP755595.1|A/cattle/Texas/24-008749-003/2024(H5N1)	987	14
PB1|PP755595.1|A/cattle/Texas/24-008749-003/2024(H5N1)	988	14
PB1|PP755595.1|A/cattle/Texas/24-008749-003/2024(H5N1)	989	14
PB1|PP755595.1|A/cattle/Texas/24-008749-003/2024(H5N1)	990	14
PB1|PP755595.1|A/cattle/Texas/24-008749-003/2024(H5N1)	991	14
PB1|PP755595.1|A/cattle/Texas/24-008749-003/2024(H5N1)	992	14
PB1|PP755595.1|A/cattle/Texas/24-008749-003/2024(H5N1)	993	14
PB1|PP755595.1|A/cattle/Texas/24-008749-003/2024(H5N1)	994	15
PB1|PP755595.1|A/cattle/Texas/24-008749-003/2024(H5N1)	995	15
PB1|PP755595.1|A/cattle/Texas/24-008749-003/2024(H5N1)	996	20
PB1|PP755595.1|A/cattle/Texas/24-008749-003/2024(H5N1)	997	20
PB1|PP755595.1|A/cattle/Texas/24-008749-003/2024(H5N1)	998	20
PB1|PP755595.1|A/cattle/Texas/24-008749-003/2024(H5N1)	999	20
PB1|PP755595.1|A/cattle/Texas/24-008749-003/2024(H5N1)	1000	20
PB1|PP755595.1|A/cattle/Texas/24-008749-003/2024(H5N1)	1001	23
PB1|PP755595.1|A/cattle/Texas/24-008749-003/2024(H5N1)	1002	23
PB1|PP755595.1|A/cattle/Texas/24-008749-003/2024(H5N1)	1003	23
PB1|PP755595.1|A/cattle/Texas/24-008749-003/2024(H5N1)	1004	23
PB1|PP755595.1|A/cattle/Texas/24-008749-003/2024(H5N1)	1005	21
PB1|PP755595.1|A/cattle/Texas/24-008749-003/2024(H5N1)	1006	25
PB1|PP755595.1|A/cattle/Texas/24-008749-003/2024(H5N1)	1007	25
PB1|PP755595.1|A/cattle/Texas/24-008749-003/2024(H5N1)	1008	27
PB1|PP755595.1|A/cattle/Texas/24-008749-003/2024(H5N1)	1009	27
PB1|PP755595.1|A/cattle/Texas/24-008749-003/2024(H5N1)	1010	27
PB1|PP755595.1|A/cattle/Texas/24-008749-003/2024(H5N1)	1011	28
PB1|PP755595.1|A/cattle/Texas/24-008749-003/2024(H5N1)	1012	28
PB1|PP755595.1|A/cattle/Texas/24-008749-003/2024(H5N1)	1013	32
PB1|PP755595.1|A/cattle/Texas/24-008749-003/2024(H5N1)	1014	32
PB1|PP755595.1|A/cattle/Texas/24-008749-003/2024(H5N1)	1015	32
PB1|PP755595.1|A/cattle/Texas/24-008749-003/2024(H5N1)	1016	32
PB1|PP755595.1|A/cattle/Texas/24-008749-003/2024(H5N1)	1017	32
PB1|PP755595.1|A/cattle/Texas/24-008749-003/2024(H5N1)	1018	33
PB1|PP755595.1|A/cattle/Texas/24-008749-003/2024(H5N1)	1019	33
PB1|PP755595.1|A/cattle/Texas/24-008749-003/2024(H5N1)	1020	33
PB1|PP755595.1|A/cattle/Texas/24-008749-003/2024(H5N1)	1021	34
PB1|PP755595.1|A/cattle/Texas/24-008749-003/2024(H5N1)	1022	34
PB1|PP755595.1|A/cattle/Texas/24-008749-003/2024(H5N1)	1023	34
PB1|PP755595.1|A/cattle/Texas/24-008749-003/2024(H5N1)	1024	34
PB1|PP755595.1|A/cattle/Texas/24-008749-003/2024(H5N1)	1025	34
PB1|PP755595.1|A/cattle/Texas/24-008749-003/2024(H5N1)	1026	34
PB1|PP755595.1|A/cattle/Texas/24-008749-003/2024(H5N1)	1027	34
PB1|PP755595.1|A/cattle/Texas/24-008749-003/2024(H5N1)	1028	34
PB1|PP755595.1|A/cattle/Texas/24-008749-003/2024(H5N1)	1029	34
PB1|PP755595.1|A/cattle/Texas/24-008749-003/2024(H5N1)	1030	32
PB1|PP755595.1|A/cattle/Texas/24-008749-003/2024(H5N1)	1031	33
PB1|PP755595.1|A/cattle/Texas/24-008749-003/2024(H5N1)	1032	33
PB1|PP755595.1|A/cattle/Texas/24-008749-003/2024(H5N1)	1033	33
PB1|PP755595.1|A/cattle/Texas/24-008749-003/2024(H5N1)	1034	33
PB1|PP755595.1|A/cattle/Texas/24-008749-003/2024(H5N1)	1035	33
PB1|PP755595.1|A/cattle/Texas/24-008749-003/2024(H5N1)	1036	33
PB1|PP755595.1|A/cattle/Texas/24-008749-003/2024(H5N1)	1037	33
PB1|PP755595.1|A/cattle/Texas/24-008749-003/2024(H5N1)	1038	33
PB1|PP755595.1|A/cattle/Texas/24-008749-003/2024(H5N1)	1039	33
PB1|PP755595.1|A/cattle/Texas/24-008749-003/2024(H5N1)	1040	33
PB1|PP755595.1|A/cattle/Texas/24-008749-003/2024(H5N1)	1041	33
PB1|PP755595.1|A/cattle/Texas/24-008749-003/2024(H5N1)	1042	32
PB1|PP755595.1|A/cattle/Texas/24-008749-003/2024(H5N1)	1043	32
PB1|PP755595.1|A/cattle/Texas/24-008749-003/2024(H5N1)	1044	32
PB1|PP755595.1|A/cattle/Texas/24-008749-003/2024(H5N1)	1045	32
PB1|PP755595.1|A/cattle/Texas/24-008749-003/2024(H5N1)	1046	32
PB1|PP755595.1|A/cattle/Texas/24-008749-003/2024(H5N1)	1047	32
PB1|PP755595.1|A/cattle/Texas/24-008749-003/2024(H5N1)	1048	32
PB1|PP755595.1|A/cattle/Texas/24-008749-003/2024(H5N1)	1049	33
PB1|PP755595.1|A/cattle/Texas/24-008749-003/2024(H5N1)	1050	33
PB1|PP755595.1|A/cattle/Texas/24-008749-003/2024(H5N1)	1051	33
PB1|PP755595.1|A/cattle/Texas/24-008749-003/2024(H5N1)	1052	33
PB1|PP755595.1|A/cattle/Texas/24-008749-003/2024(H5N1)	1053	33
PB1|PP755595.1|A/cattle/Texas/24-008749-003/2024(H5N1)	1054	33
PB1|PP755595.1|A/cattle/Texas/24-008749-003/2024(H5N1)	1055	35
PB1|PP755595.1|A/cattle/Texas/24-008749-003/2024(H5N1)	1056	35
PB1|PP755595.1|A/cattle/Texas/24-008749-003/2024(H5N1)	1057	35
PB1|PP755595.1|A/cattle/Texas/24-008749-003/2024(H5N1)	1058	34
PB1|PP755595.1|A/cattle/Texas/24-008749-003/2024(H5N1)	1059	34
PB1|PP755595.1|A/cattle/Texas/24-008749-003/2024(H5N1)	1060	35
PB1|PP755595.1|A/cattle/Texas/24-008749-003/2024(H5N1)	1061	36
PB1|PP755595.1|A/cattle/Texas/24-008749-003/2024(H5N1)	1062	36
PB1|PP755595.1|A/cattle/Texas/24-008749-003/2024(H5N1)	1063	35
PB1|PP755595.1|A/cattle/Texas/24-008749-003/2024(H5N1)	1064	35
PB1|PP755595.1|A/cattle/Texas/24-008749-003/2024(H5N1)	1065	35
PB1|PP755595.1|A/cattle/Texas/24-008749-003/2024(H5N1)	1066	35
PB1|PP755595.1|A/cattle/Texas/24-008749-003/2024(H5N1)	1067	35
PB1|PP755595.1|A/cattle/Texas/24-008749-003/2024(H5N1)	1068	35
PB1|PP755595.1|A/cattle/Texas/24-008749-003/2024(H5N1)	1069	35
PB1|PP755595.1|A/cattle/Texas/24-008749-003/2024(H5N1)	1070	35
PB1|PP755595.1|A/cattle/Texas/24-008749-003/2024(H5N1)	1071	35
PB1|PP755595.1|A/cattle/Texas/24-008749-003/2024(H5N1)	1072	35
PB1|PP755595.1|A/cattle/Texas/24-008749-003/2024(H5N1)	1073	35
PB1|PP755595.1|A/cattle/Texas/24-008749-003/2024(H5N1)	1074	35
PB1|PP755595.1|A/cattle/Texas/24-008749-003/2024(H5N1)	1075	35
PB1|PP755595.1|A/cattle/Texas/24-008749-003/2024(H5N1)	1076	35
PB1|PP755595.1|A/cattle/Texas/24-008749-003/2024(H5N1)	1077	35
PB1|PP755595.1|A/cattle/Texas/24-008749-003/2024(H5N1)	1078	35
PB1|PP755595.1|A/cattle/Texas/24-008749-003/2024(H5N1)	1079	35
PB1|PP755595.1|A/cattle/Texas/24-008749-003/2024(H5N1)	1080	35
PB1|PP755595.1|A/cattle/Texas/24-008749-003/2024(H5N1)	1081	35
PB1|PP755595.1|A/cattle/Texas/24-008749-003/2024(H5N1)	1082	35
PB1|PP755595.1|A/cattle/Texas/24-008749-003/2024(H5N1)	1083	35
PB1|PP755595.1|A/cattle/Texas/24-008749-003/2024(H5N1)	1084	35
PB1|PP755595.1|A/cattle/Texas/24-008749-003/2024(H5N1)	1085	35
PB1|PP755595.1|A/cattle/Texas/24-008749-003/2024(H5N1)	1086	35
PB1|PP755595.1|A/cattle/Texas/24-008749-003/2024(H5N1)	1087	35
PB1|PP755595.1|A/cattle/Texas/24-008749-003/2024(H5N1)	1088	35
PB1|PP755595.1|A/cattle/Texas/24-008749-003/2024(H5N1)	1089	35
PB1|PP755595.1|A/cattle/Texas/24-008749-003/2024(H5N1)	1090	35
PB1|PP755595.1|A/cattle/Texas/24-008749-003/2024(H5N1)	1091	35
PB1|PP755595.1|A/cattle/Texas/24-008749-003/2024(H5N1)	1092	35
PB1|PP755595.1|A/cattle/Texas/24-008749-003/2024(H5N1)	1093	35
PB1|PP755595.1|A/cattle/Texas/24-008749-003/2024(H5N1)	1094	35
PB1|PP755595.1|A/cattle/Texas/24-008749-003/2024(H5N1)	1095	35
PB1|PP755595.1|A/cattle/Texas/24-008749-003/2024(H5N1)	1096	36
PB1|PP755595.1|A/cattle/Texas/24-008749-003/2024(H5N1)	1097	36
PB1|PP755595.1|A/cattle/Texas/24-008749-003/2024(H5N1)	1098	36
PB1|PP755595.1|A/cattle/Texas/24-008749-003/2024(H5N1)	1099	36
PB1|PP755595.1|A/cattle/Texas/24-008749-003/2024(H5N1)	1100	36
PB1|PP755595.1|A/cattle/Texas/24-008749-003/2024(H5N1)	1101	36
PB1|PP755595.1|A/cattle/Texas/24-008749-003/2024(H5N1)	1102	36
PB1|PP755595.1|A/cattle/Texas/24-008749-003/2024(H5N1)	1103	38
PB1|PP755595.1|A/cattle/Texas/24-008749-003/2024(H5N1)	1104	38
PB1|PP755595.1|A/cattle/Texas/24-008749-003/2024(H5N1)	1105	40
PB1|PP755595.1|A/cattle/Texas/24-008749-003/2024(H5N1)	1106	40
PB1|PP755595.1|A/cattle/Texas/24-008749-003/2024(H5N1)	1107	40
PB1|PP755595.1|A/cattle/Texas/24-008749-003/2024(H5N1)	1108	40
PB1|PP755595.1|A/cattle/Texas/24-008749-003/2024(H5N1)	1109	40
PB1|PP755595.1|A/cattle/Texas/24-008749-003/2024(H5N1)	1110	40
PB1|PP755595.1|A/cattle/Texas/24-008749-003/2024(H5N1)	1111	40
PB1|PP755595.1|A/cattle/Texas/24-008749-003/2024(H5N1)	1112	40
PB1|PP755595.1|A/cattle/Texas/24-008749-003/2024(H5N1)	1113	40
PB1|PP755595.1|A/cattle/Texas/24-008749-003/2024(H5N1)	1114	39
PB1|PP755595.1|A/cattle/Texas/24-008749-003/2024(H5N1)	1115	39
PB1|PP755595.1|A/cattle/Texas/24-008749-003/2024(H5N1)	1116	39
PB1|PP755595.1|A/cattle/Texas/24-008749-003/2024(H5N1)	1117	39
PB1|PP755595.1|A/cattle/Texas/24-008749-003/2024(H5N1)	1118	39
PB1|PP755595.1|A/cattle/Texas/24-008749-003/2024(H5N1)	1119	39
PB1|PP755595.1|A/cattle/Texas/24-008749-003/2024(H5N1)	1120	39
PB1|PP755595.1|A/cattle/Texas/24-008749-003/2024(H5N1)	1121	39
PB1|PP755595.1|A/cattle/Texas/24-008749-003/2024(H5N1)	1122	39
PB1|PP755595.1|A/cattle/Texas/24-008749-003/2024(H5N1)	1123	37
PB1|PP755595.1|A/cattle/Texas/24-008749-003/2024(H5N1)	1124	37
PB1|PP755595.1|A/cattle/Texas/24-008749-003/2024(H5N1)	1125	37
PB1|PP755595.1|A/cattle/Texas/24-008749-003/2024(H5N1)	1126	37
PB1|PP755595.1|A/cattle/Texas/24-008749-003/2024(H5N1)	1127	37
PB1|PP755595.1|A/cattle/Texas/24-008749-003/2024(H5N1)	1128	35
PB1|PP755595.1|A/cattle/Texas/24-008749-003/2024(H5N1)	1129	36
PB1|PP755595.1|A/cattle/Texas/24-008749-003/2024(H5N1)	1130	36
PB1|PP755595.1|A/cattle/Texas/24-008749-003/2024(H5N1)	1131	36
PB1|PP755595.1|A/cattle/Texas/24-008749-003/2024(H5N1)	1132	36
PB1|PP755595.1|A/cattle/Texas/24-008749-003/2024(H5N1)	1133	36
PB1|PP755595.1|A/cattle/Texas/24-008749-003/2024(H5N1)	1134	37
PB1|PP755595.1|A/cattle/Texas/24-008749-003/2024(H5N1)	1135	37
PB1|PP755595.1|A/cattle/Texas/24-008749-003/2024(H5N1)	1136	37
PB1|PP755595.1|A/cattle/Texas/24-008749-003/2024(H5N1)	1137	37
PB1|PP755595.1|A/cattle/Texas/24-008749-003/2024(H5N1)	1138	36
PB1|PP755595.1|A/cattle/Texas/24-008749-003/2024(H5N1)	1139	36
PB1|PP755595.1|A/cattle/Texas/24-008749-003/2024(H5N1)	1140	36
PB1|PP755595.1|A/cattle/Texas/24-008749-003/2024(H5N1)	1141	36
PB1|PP755595.1|A/cattle/Texas/24-008749-003/2024(H5N1)	1142	36
PB1|PP755595.1|A/cattle/Texas/24-008749-003/2024(H5N1)	1143	36
PB1|PP755595.1|A/cattle/Texas/24-008749-003/2024(H5N1)	1144	36
PB1|PP755595.1|A/cattle/Texas/24-008749-003/2024(H5N1)	1145	35
PB1|PP755595.1|A/cattle/Texas/24-008749-003/2024(H5N1)	1146	35
PB1|PP755595.1|A/cattle/Texas/24-008749-003/2024(H5N1)	1147	30
PB1|PP755595.1|A/cattle/Texas/24-008749-003/2024(H5N1)	1148	30
PB1|PP755595.1|A/cattle/Texas/24-008749-003/2024(H5N1)	1149	30
PB1|PP755595.1|A/cattle/Texas/24-008749-003/2024(H5N1)	1150	30
PB1|PP755595.1|A/cattle/Texas/24-008749-003/2024(H5N1)	1151	27
PB1|PP755595.1|A/cattle/Texas/24-008749-003/2024(H5N1)	1152	27
PB1|PP755595.1|A/cattle/Texas/24-008749-003/2024(H5N1)	1153	27
PB1|PP755595.1|A/cattle/Texas/24-008749-003/2024(H5N1)	1154	27
PB1|PP755595.1|A/cattle/Texas/24-008749-003/2024(H5N1)	1155	27
PB1|PP755595.1|A/cattle/Texas/24-008749-003/2024(H5N1)	1156	27
PB1|PP755595.1|A/cattle/Texas/24-008749-003/2024(H5N1)	1157	23
PB1|PP755595.1|A/cattle/Texas/24-008749-003/2024(H5N1)	1158	25
PB1|PP755595.1|A/cattle/Texas/24-008749-003/2024(H5N1)	1159	27
PB1|PP755595.1|A/cattle/Texas/24-008749-003/2024(H5N1)	1160	27
PB1|PP755595.1|A/cattle/Texas/24-008749-003/2024(H5N1)	1161	27
PB1|PP755595.1|A/cattle/Texas/24-008749-003/2024(H5N1)	1162	27
PB1|PP755595.1|A/cattle/Texas/24-008749-003/2024(H5N1)	1163	27
PB1|PP755595.1|A/cattle/Texas/24-008749-003/2024(H5N1)	1164	23
PB1|PP755595.1|A/cattle/Texas/24-008749-003/2024(H5N1)	1165	23
PB1|PP755595.1|A/cattle/Texas/24-008749-003/2024(H5N1)	1166	23
PB1|PP755595.1|A/cattle/Texas/24-008749-003/2024(H5N1)	1167	24
PB1|PP755595.1|A/cattle/Texas/24-008749-003/2024(H5N1)	1168	24
PB1|PP755595.1|A/cattle/Texas/24-008749-003/2024(H5N1)	1169	23
PB1|PP755595.1|A/cattle/Texas/24-008749-003/2024(H5N1)	1170	23
PB1|PP755595.1|A/cattle/Texas/24-008749-003/2024(H5N1)	1171	23
PB1|PP755595.1|A/cattle/Texas/24-008749-003/2024(H5N1)	1172	24
PB1|PP755595.1|A/cattle/Texas/24-008749-003/2024(H5N1)	1173	26
PB1|PP755595.1|A/cattle/Texas/24-008749-003/2024(H5N1)	1174	26
PB1|PP755595.1|A/cattle/Texas/24-008749-003/2024(H5N1)	1175	26
PB1|PP755595.1|A/cattle/Texas/24-008749-003/2024(H5N1)	1176	26
PB1|PP755595.1|A/cattle/Texas/24-008749-003/2024(H5N1)	1177	26
PB1|PP755595.1|A/cattle/Texas/24-008749-003/2024(H5N1)	1178	26
PB1|PP755595.1|A/cattle/Texas/24-008749-003/2024(H5N1)	1179	28
PB1|PP755595.1|A/cattle/Texas/24-008749-003/2024(H5N1)	1180	28
PB1|PP755595.1|A/cattle/Texas/24-008749-003/2024(H5N1)	1181	28
PB1|PP755595.1|A/cattle/Texas/24-008749-003/2024(H5N1)	1182	27
PB1|PP755595.1|A/cattle/Texas/24-008749-003/2024(H5N1)	1183	28
PB1|PP755595.1|A/cattle/Texas/24-008749-003/2024(H5N1)	1184	28
PB1|PP755595.1|A/cattle/Texas/24-008749-003/2024(H5N1)	1185	28
PB1|PP755595.1|A/cattle/Texas/24-008749-003/2024(H5N1)	1186	28
PB1|PP755595.1|A/cattle/Texas/24-008749-003/2024(H5N1)	1187	28
PB1|PP755595.1|A/cattle/Texas/24-008749-003/2024(H5N1)	1188	28
PB1|PP755595.1|A/cattle/Texas/24-008749-003/2024(H5N1)	1189	28
PB1|PP755595.1|A/cattle/Texas/24-008749-003/2024(H5N1)	1190	28
PB1|PP755595.1|A/cattle/Texas/24-008749-003/2024(H5N1)	1191	28
PB1|PP755595.1|A/cattle/Texas/24-008749-003/2024(H5N1)	1192	28
PB1|PP755595.1|A/cattle/Texas/24-008749-003/2024(H5N1)	1193	28
PB1|PP755595.1|A/cattle/Texas/24-008749-003/2024(H5N1)	1194	28
PB1|PP755595.1|A/cattle/Texas/24-008749-003/2024(H5N1)	1195	28
PB1|PP755595.1|A/cattle/Texas/24-008749-003/2024(H5N1)	1196	28
PB1|PP755595.1|A/cattle/Texas/24-008749-003/2024(H5N1)	1197	28
PB1|PP755595.1|A/cattle/Texas/24-008749-003/2024(H5N1)	1198	28
PB1|PP755595.1|A/cattle/Texas/24-008749-003/2024(H5N1)	1199	27
PB1|PP755595.1|A/cattle/Texas/24-008749-003/2024(H5N1)	1200	27
PB1|PP755595.1|A/cattle/Texas/24-008749-003/2024(H5N1)	1201	28
PB1|PP755595.1|A/cattle/Texas/24-008749-003/2024(H5N1)	1202	28
PB1|PP755595.1|A/cattle/Texas/24-008749-003/2024(H5N1)	1203	28
PB1|PP755595.1|A/cattle/Texas/24-008749-003/2024(H5N1)	1204	26
PB1|PP755595.1|A/cattle/Texas/24-008749-003/2024(H5N1)	1205	28
PB1|PP755595.1|A/cattle/Texas/24-008749-003/2024(H5N1)	1206	28
PB1|PP755595.1|A/cattle/Texas/24-008749-003/2024(H5N1)	1207	28
PB1|PP755595.1|A/cattle/Texas/24-008749-003/2024(H5N1)	1208	28
PB1|PP755595.1|A/cattle/Texas/24-008749-003/2024(H5N1)	1209	28
PB1|PP755595.1|A/cattle/Texas/24-008749-003/2024(H5N1)	1210	27
PB1|PP755595.1|A/cattle/Texas/24-008749-003/2024(H5N1)	1211	26
PB1|PP755595.1|A/cattle/Texas/24-008749-003/2024(H5N1)	1212	26
PB1|PP755595.1|A/cattle/Texas/24-008749-003/2024(H5N1)	1213	26
PB1|PP755595.1|A/cattle/Texas/24-008749-003/2024(H5N1)	1214	27
PB1|PP755595.1|A/cattle/Texas/24-008749-003/2024(H5N1)	1215	27
PB1|PP755595.1|A/cattle/Texas/24-008749-003/2024(H5N1)	1216	45
PB1|PP755595.1|A/cattle/Texas/24-008749-003/2024(H5N1)	1217	48
PB1|PP755595.1|A/cattle/Texas/24-008749-003/2024(H5N1)	1218	48
PB1|PP755595.1|A/cattle/Texas/24-008749-003/2024(H5N1)	1219	49
PB1|PP755595.1|A/cattle/Texas/24-008749-003/2024(H5N1)	1220	48
PB1|PP755595.1|A/cattle/Texas/24-008749-003/2024(H5N1)	1221	48
PB1|PP755595.1|A/cattle/Texas/24-008749-003/2024(H5N1)	1222	49
PB1|PP755595.1|A/cattle/Texas/24-008749-003/2024(H5N1)	1223	50
PB1|PP755595.1|A/cattle/Texas/24-008749-003/2024(H5N1)	1224	50
PB1|PP755595.1|A/cattle/Texas/24-008749-003/2024(H5N1)	1225	50
PB1|PP755595.1|A/cattle/Texas/24-008749-003/2024(H5N1)	1226	50
PB1|PP755595.1|A/cattle/Texas/24-008749-003/2024(H5N1)	1227	50
PB1|PP755595.1|A/cattle/Texas/24-008749-003/2024(H5N1)	1228	52
PB1|PP755595.1|A/cattle/Texas/24-008749-003/2024(H5N1)	1229	52
PB1|PP755595.1|A/cattle/Texas/24-008749-003/2024(H5N1)	1230	52
PB1|PP755595.1|A/cattle/Texas/24-008749-003/2024(H5N1)	1231	52
PB1|PP755595.1|A/cattle/Texas/24-008749-003/2024(H5N1)	1232	54
PB1|PP755595.1|A/cattle/Texas/24-008749-003/2024(H5N1)	1233	54
PB1|PP755595.1|A/cattle/Texas/24-008749-003/2024(H5N1)	1234	54
PB1|PP755595.1|A/cattle/Texas/24-008749-003/2024(H5N1)	1235	54
PB1|PP755595.1|A/cattle/Texas/24-008749-003/2024(H5N1)	1236	54
PB1|PP755595.1|A/cattle/Texas/24-008749-003/2024(H5N1)	1237	54
PB1|PP755595.1|A/cattle/Texas/24-008749-003/2024(H5N1)	1238	54
PB1|PP755595.1|A/cattle/Texas/24-008749-003/2024(H5N1)	1239	54
PB1|PP755595.1|A/cattle/Texas/24-008749-003/2024(H5N1)	1240	56
PB1|PP755595.1|A/cattle/Texas/24-008749-003/2024(H5N1)	1241	56
PB1|PP755595.1|A/cattle/Texas/24-008749-003/2024(H5N1)	1242	57
PB1|PP755595.1|A/cattle/Texas/24-008749-003/2024(H5N1)	1243	61
PB1|PP755595.1|A/cattle/Texas/24-008749-003/2024(H5N1)	1244	64
PB1|PP755595.1|A/cattle/Texas/24-008749-003/2024(H5N1)	1245	65
PB1|PP755595.1|A/cattle/Texas/24-008749-003/2024(H5N1)	1246	65
PB1|PP755595.1|A/cattle/Texas/24-008749-003/2024(H5N1)	1247	64
PB1|PP755595.1|A/cattle/Texas/24-008749-003/2024(H5N1)	1248	64
PB1|PP755595.1|A/cattle/Texas/24-008749-003/2024(H5N1)	1249	64
PB1|PP755595.1|A/cattle/Texas/24-008749-003/2024(H5N1)	1250	64
PB1|PP755595.1|A/cattle/Texas/24-008749-003/2024(H5N1)	1251	64
PB1|PP755595.1|A/cattle/Texas/24-008749-003/2024(H5N1)	1252	64
PB1|PP755595.1|A/cattle/Texas/24-008749-003/2024(H5N1)	1253	65
PB1|PP755595.1|A/cattle/Texas/24-008749-003/2024(H5N1)	1254	63
PB1|PP755595.1|A/cattle/Texas/24-008749-003/2024(H5N1)	1255	63
PB1|PP755595.1|A/cattle/Texas/24-008749-003/2024(H5N1)	1256	62
PB1|PP755595.1|A/cattle/Texas/24-008749-003/2024(H5N1)	1257	62
PB1|PP755595.1|A/cattle/Texas/24-008749-003/2024(H5N1)	1258	62
PB1|PP755595.1|A/cattle/Texas/24-008749-003/2024(H5N1)	1259	62
PB1|PP755595.1|A/cattle/Texas/24-008749-003/2024(H5N1)	1260	62
PB1|PP755595.1|A/cattle/Texas/24-008749-003/2024(H5N1)	1261	62
PB1|PP755595.1|A/cattle/Texas/24-008749-003/2024(H5N1)	1262	62
PB1|PP755595.1|A/cattle/Texas/24-008749-003/2024(H5N1)	1263	62
PB1|PP755595.1|A/cattle/Texas/24-008749-003/2024(H5N1)	1264	62
PB1|PP755595.1|A/cattle/Texas/24-008749-003/2024(H5N1)	1265	62
PB1|PP755595.1|A/cattle/Texas/24-008749-003/2024(H5N1)	1266	62
PB1|PP755595.1|A/cattle/Texas/24-008749-003/2024(H5N1)	1267	63
PB1|PP755595.1|A/cattle/Texas/24-008749-003/2024(H5N1)	1268	63
PB1|PP755595.1|A/cattle/Texas/24-008749-003/2024(H5N1)	1269	63
PB1|PP755595.1|A/cattle/Texas/24-008749-003/2024(H5N1)	1270	63
PB1|PP755595.1|A/cattle/Texas/24-008749-003/2024(H5N1)	1271	63
PB1|PP755595.1|A/cattle/Texas/24-008749-003/2024(H5N1)	1272	63
PB1|PP755595.1|A/cattle/Texas/24-008749-003/2024(H5N1)	1273	63
PB1|PP755595.1|A/cattle/Texas/24-008749-003/2024(H5N1)	1274	64
PB1|PP755595.1|A/cattle/Texas/24-008749-003/2024(H5N1)	1275	64
PB1|PP755595.1|A/cattle/Texas/24-008749-003/2024(H5N1)	1276	64
PB1|PP755595.1|A/cattle/Texas/24-008749-003/2024(H5N1)	1277	64
PB1|PP755595.1|A/cattle/Texas/24-008749-003/2024(H5N1)	1278	64
PB1|PP755595.1|A/cattle/Texas/24-008749-003/2024(H5N1)	1279	64
PB1|PP755595.1|A/cattle/Texas/24-008749-003/2024(H5N1)	1280	64
PB1|PP755595.1|A/cattle/Texas/24-008749-003/2024(H5N1)	1281	64
PB1|PP755595.1|A/cattle/Texas/24-008749-003/2024(H5N1)	1282	65
PB1|PP755595.1|A/cattle/Texas/24-008749-003/2024(H5N1)	1283	65
PB1|PP755595.1|A/cattle/Texas/24-008749-003/2024(H5N1)	1284	65
PB1|PP755595.1|A/cattle/Texas/24-008749-003/2024(H5N1)	1285	64
PB1|PP755595.1|A/cattle/Texas/24-008749-003/2024(H5N1)	1286	64
PB1|PP755595.1|A/cattle/Texas/24-008749-003/2024(H5N1)	1287	70
PB1|PP755595.1|A/cattle/Texas/24-008749-003/2024(H5N1)	1288	70
PB1|PP755595.1|A/cattle/Texas/24-008749-003/2024(H5N1)	1289	70
PB1|PP755595.1|A/cattle/Texas/24-008749-003/2024(H5N1)	1290	71
PB1|PP755595.1|A/cattle/Texas/24-008749-003/2024(H5N1)	1291	71
PB1|PP755595.1|A/cattle/Texas/24-008749-003/2024(H5N1)	1292	71
PB1|PP755595.1|A/cattle/Texas/24-008749-003/2024(H5N1)	1293	71
PB1|PP755595.1|A/cattle/Texas/24-008749-003/2024(H5N1)	1294	72
PB1|PP755595.1|A/cattle/Texas/24-008749-003/2024(H5N1)	1295	73
PB1|PP755595.1|A/cattle/Texas/24-008749-003/2024(H5N1)	1296	73
PB1|PP755595.1|A/cattle/Texas/24-008749-003/2024(H5N1)	1297	73
PB1|PP755595.1|A/cattle/Texas/24-008749-003/2024(H5N1)	1298	74
PB1|PP755595.1|A/cattle/Texas/24-008749-003/2024(H5N1)	1299	74
PB1|PP755595.1|A/cattle/Texas/24-008749-003/2024(H5N1)	1300	74
PB1|PP755595.1|A/cattle/Texas/24-008749-003/2024(H5N1)	1301	77
PB1|PP755595.1|A/cattle/Texas/24-008749-003/2024(H5N1)	1302	77
PB1|PP755595.1|A/cattle/Texas/24-008749-003/2024(H5N1)	1303	75
PB1|PP755595.1|A/cattle/Texas/24-008749-003/2024(H5N1)	1304	75
PB1|PP755595.1|A/cattle/Texas/24-008749-003/2024(H5N1)	1305	75
PB1|PP755595.1|A/cattle/Texas/24-008749-003/2024(H5N1)	1306	75
PB1|PP755595.1|A/cattle/Texas/24-008749-003/2024(H5N1)	1307	75
PB1|PP755595.1|A/cattle/Texas/24-008749-003/2024(H5N1)	1308	75
PB1|PP755595.1|A/cattle/Texas/24-008749-003/2024(H5N1)	1309	71
PB1|PP755595.1|A/cattle/Texas/24-008749-003/2024(H5N1)	1310	70
PB1|PP755595.1|A/cattle/Texas/24-008749-003/2024(H5N1)	1311	71
PB1|PP755595.1|A/cattle/Texas/24-008749-003/2024(H5N1)	1312	70
PB1|PP755595.1|A/cattle/Texas/24-008749-003/2024(H5N1)	1313	70
PB1|PP755595.1|A/cattle/Texas/24-008749-003/2024(H5N1)	1314	70
PB1|PP755595.1|A/cattle/Texas/24-008749-003/2024(H5N1)	1315	70
PB1|PP755595.1|A/cattle/Texas/24-008749-003/2024(H5N1)	1316	73
PB1|PP755595.1|A/cattle/Texas/24-008749-003/2024(H5N1)	1317	73
PB1|PP755595.1|A/cattle/Texas/24-008749-003/2024(H5N1)	1318	73
PB1|PP755595.1|A/cattle/Texas/24-008749-003/2024(H5N1)	1319	73
PB1|PP755595.1|A/cattle/Texas/24-008749-003/2024(H5N1)	1320	73
PB1|PP755595.1|A/cattle/Texas/24-008749-003/2024(H5N1)	1321	72
PB1|PP755595.1|A/cattle/Texas/24-008749-003/2024(H5N1)	1322	72
PB1|PP755595.1|A/cattle/Texas/24-008749-003/2024(H5N1)	1323	72
PB1|PP755595.1|A/cattle/Texas/24-008749-003/2024(H5N1)	1324	72
PB1|PP755595.1|A/cattle/Texas/24-008749-003/2024(H5N1)	1325	72
PB1|PP755595.1|A/cattle/Texas/24-008749-003/2024(H5N1)	1326	72
PB1|PP755595.1|A/cattle/Texas/24-008749-003/2024(H5N1)	1327	72
PB1|PP755595.1|A/cattle/Texas/24-008749-003/2024(H5N1)	1328	70
PB1|PP755595.1|A/cattle/Texas/24-008749-003/2024(H5N1)	1329	70
PB1|PP755595.1|A/cattle/Texas/24-008749-003/2024(H5N1)	1330	70
PB1|PP755595.1|A/cattle/Texas/24-008749-003/2024(H5N1)	1331	69
PB1|PP755595.1|A/cattle/Texas/24-008749-003/2024(H5N1)	1332	70
PB1|PP755595.1|A/cattle/Texas/24-008749-003/2024(H5N1)	1333	70
PB1|PP755595.1|A/cattle/Texas/24-008749-003/2024(H5N1)	1334	70
PB1|PP755595.1|A/cattle/Texas/24-008749-003/2024(H5N1)	1335	70
PB1|PP755595.1|A/cattle/Texas/24-008749-003/2024(H5N1)	1336	70
PB1|PP755595.1|A/cattle/Texas/24-008749-003/2024(H5N1)	1337	72
PB1|PP755595.1|A/cattle/Texas/24-008749-003/2024(H5N1)	1338	72
PB1|PP755595.1|A/cattle/Texas/24-008749-003/2024(H5N1)	1339	72
PB1|PP755595.1|A/cattle/Texas/24-008749-003/2024(H5N1)	1340	72
PB1|PP755595.1|A/cattle/Texas/24-008749-003/2024(H5N1)	1341	72
PB1|PP755595.1|A/cattle/Texas/24-008749-003/2024(H5N1)	1342	72
PB1|PP755595.1|A/cattle/Texas/24-008749-003/2024(H5N1)	1343	72
PB1|PP755595.1|A/cattle/Texas/24-008749-003/2024(H5N1)	1344	72
PB1|PP755595.1|A/cattle/Texas/24-008749-003/2024(H5N1)	1345	72
PB1|PP755595.1|A/cattle/Texas/24-008749-003/2024(H5N1)	1346	72
PB1|PP755595.1|A/cattle/Texas/24-008749-003/2024(H5N1)	1347	72
PB1|PP755595.1|A/cattle/Texas/24-008749-003/2024(H5N1)	1348	72
PB1|PP755595.1|A/cattle/Texas/24-008749-003/2024(H5N1)	1349	72
PB1|PP755595.1|A/cattle/Texas/24-008749-003/2024(H5N1)	1350	72
PB1|PP755595.1|A/cattle/Texas/24-008749-003/2024(H5N1)	1351	72
PB1|PP755595.1|A/cattle/Texas/24-008749-003/2024(H5N1)	1352	74
PB1|PP755595.1|A/cattle/Texas/24-008749-003/2024(H5N1)	1353	74
PB1|PP755595.1|A/cattle/Texas/24-008749-003/2024(H5N1)	1354	74
PB1|PP755595.1|A/cattle/Texas/24-008749-003/2024(H5N1)	1355	75
PB1|PP755595.1|A/cattle/Texas/24-008749-003/2024(H5N1)	1356	73
PB1|PP755595.1|A/cattle/Texas/24-008749-003/2024(H5N1)	1357	74
PB1|PP755595.1|A/cattle/Texas/24-008749-003/2024(H5N1)	1358	74
PB1|PP755595.1|A/cattle/Texas/24-008749-003/2024(H5N1)	1359	77
PB1|PP755595.1|A/cattle/Texas/24-008749-003/2024(H5N1)	1360	77
PB1|PP755595.1|A/cattle/Texas/24-008749-003/2024(H5N1)	1361	77
PB1|PP755595.1|A/cattle/Texas/24-008749-003/2024(H5N1)	1362	76
PB1|PP755595.1|A/cattle/Texas/24-008749-003/2024(H5N1)	1363	76
PB1|PP755595.1|A/cattle/Texas/24-008749-003/2024(H5N1)	1364	76
PB1|PP755595.1|A/cattle/Texas/24-008749-003/2024(H5N1)	1365	77
PB1|PP755595.1|A/cattle/Texas/24-008749-003/2024(H5N1)	1366	59
PB1|PP755595.1|A/cattle/Texas/24-008749-003/2024(H5N1)	1367	59
PB1|PP755595.1|A/cattle/Texas/24-008749-003/2024(H5N1)	1368	56
PB1|PP755595.1|A/cattle/Texas/24-008749-003/2024(H5N1)	1369	56
PB1|PP755595.1|A/cattle/Texas/24-008749-003/2024(H5N1)	1370	56
PB1|PP755595.1|A/cattle/Texas/24-008749-003/2024(H5N1)	1371	56
PB1|PP755595.1|A/cattle/Texas/24-008749-003/2024(H5N1)	1372	56
PB1|PP755595.1|A/cattle/Texas/24-008749-003/2024(H5N1)	1373	56
PB1|PP755595.1|A/cattle/Texas/24-008749-003/2024(H5N1)	1374	55
PB1|PP755595.1|A/cattle/Texas/24-008749-003/2024(H5N1)	1375	55
PB1|PP755595.1|A/cattle/Texas/24-008749-003/2024(H5N1)	1376	55
PB1|PP755595.1|A/cattle/Texas/24-008749-003/2024(H5N1)	1377	55
PB1|PP755595.1|A/cattle/Texas/24-008749-003/2024(H5N1)	1378	53
PB1|PP755595.1|A/cattle/Texas/24-008749-003/2024(H5N1)	1379	184
PB1|PP755595.1|A/cattle/Texas/24-008749-003/2024(H5N1)	1380	187
PB1|PP755595.1|A/cattle/Texas/24-008749-003/2024(H5N1)	1381	189
PB1|PP755595.1|A/cattle/Texas/24-008749-003/2024(H5N1)	1382	190
PB1|PP755595.1|A/cattle/Texas/24-008749-003/2024(H5N1)	1383	191
PB1|PP755595.1|A/cattle/Texas/24-008749-003/2024(H5N1)	1384	285
PB1|PP755595.1|A/cattle/Texas/24-008749-003/2024(H5N1)	1385	285
PB1|PP755595.1|A/cattle/Texas/24-008749-003/2024(H5N1)	1386	285
PB1|PP755595.1|A/cattle/Texas/24-008749-003/2024(H5N1)	1387	288
PB1|PP755595.1|A/cattle/Texas/24-008749-003/2024(H5N1)	1388	288
PB1|PP755595.1|A/cattle/Texas/24-008749-003/2024(H5N1)	1389	292
PB1|PP755595.1|A/cattle/Texas/24-008749-003/2024(H5N1)	1390	298
PB1|PP755595.1|A/cattle/Texas/24-008749-003/2024(H5N1)	1391	300
PB1|PP755595.1|A/cattle/Texas/24-008749-003/2024(H5N1)	1392	299
PB1|PP755595.1|A/cattle/Texas/24-008749-003/2024(H5N1)	1393	301
PB1|PP755595.1|A/cattle/Texas/24-008749-003/2024(H5N1)	1394	303
PB1|PP755595.1|A/cattle/Texas/24-008749-003/2024(H5N1)	1395	321
PB1|PP755595.1|A/cattle/Texas/24-008749-003/2024(H5N1)	1396	321
PB1|PP755595.1|A/cattle/Texas/24-008749-003/2024(H5N1)	1397	321
PB1|PP755595.1|A/cattle/Texas/24-008749-003/2024(H5N1)	1398	385
PB1|PP755595.1|A/cattle/Texas/24-008749-003/2024(H5N1)	1399	386
PB1|PP755595.1|A/cattle/Texas/24-008749-003/2024(H5N1)	1400	387
PB1|PP755595.1|A/cattle/Texas/24-008749-003/2024(H5N1)	1401	387
PB1|PP755595.1|A/cattle/Texas/24-008749-003/2024(H5N1)	1402	387
PB1|PP755595.1|A/cattle/Texas/24-008749-003/2024(H5N1)	1403	390
PB1|PP755595.1|A/cattle/Texas/24-008749-003/2024(H5N1)	1404	390
PB1|PP755595.1|A/cattle/Texas/24-008749-003/2024(H5N1)	1405	392
PB1|PP755595.1|A/cattle/Texas/24-008749-003/2024(H5N1)	1406	401
PB1|PP755595.1|A/cattle/Texas/24-008749-003/2024(H5N1)	1407	407
PB1|PP755595.1|A/cattle/Texas/24-008749-003/2024(H5N1)	1408	407
PB1|PP755595.1|A/cattle/Texas/24-008749-003/2024(H5N1)	1409	409
PB1|PP755595.1|A/cattle/Texas/24-008749-003/2024(H5N1)	1410	411
PB1|PP755595.1|A/cattle/Texas/24-008749-003/2024(H5N1)	1411	411
PB1|PP755595.1|A/cattle/Texas/24-008749-003/2024(H5N1)	1412	419
PB1|PP755595.1|A/cattle/Texas/24-008749-003/2024(H5N1)	1413	423
PB1|PP755595.1|A/cattle/Texas/24-008749-003/2024(H5N1)	1414	425
PB1|PP755595.1|A/cattle/Texas/24-008749-003/2024(H5N1)	1415	425
PB1|PP755595.1|A/cattle/Texas/24-008749-003/2024(H5N1)	1416	455
PB1|PP755595.1|A/cattle/Texas/24-008749-003/2024(H5N1)	1417	461
PB1|PP755595.1|A/cattle/Texas/24-008749-003/2024(H5N1)	1418	461
PB1|PP755595.1|A/cattle/Texas/24-008749-003/2024(H5N1)	1419	462
PB1|PP755595.1|A/cattle/Texas/24-008749-003/2024(H5N1)	1420	462
PB1|PP755595.1|A/cattle/Texas/24-008749-003/2024(H5N1)	1421	486
PB1|PP755595.1|A/cattle/Texas/24-008749-003/2024(H5N1)	1422	487
PB1|PP755595.1|A/cattle/Texas/24-008749-003/2024(H5N1)	1423	489
PB1|PP755595.1|A/cattle/Texas/24-008749-003/2024(H5N1)	1424	494
PB1|PP755595.1|A/cattle/Texas/24-008749-003/2024(H5N1)	1425	497
PB1|PP755595.1|A/cattle/Texas/24-008749-003/2024(H5N1)	1426	497
PB1|PP755595.1|A/cattle/Texas/24-008749-003/2024(H5N1)	1427	497
PB1|PP755595.1|A/cattle/Texas/24-008749-003/2024(H5N1)	1428	499
PB1|PP755595.1|A/cattle/Texas/24-008749-003/2024(H5N1)	1429	505
PB1|PP755595.1|A/cattle/Texas/24-008749-003/2024(H5N1)	1430	504
PB1|PP755595.1|A/cattle/Texas/24-008749-003/2024(H5N1)	1431	505
PB1|PP755595.1|A/cattle/Texas/24-008749-003/2024(H5N1)	1432	507
PB1|PP755595.1|A/cattle/Texas/24-008749-003/2024(H5N1)	1433	507
PB1|PP755595.1|A/cattle/Texas/24-008749-003/2024(H5N1)	1434	507
PB1|PP755595.1|A/cattle/Texas/24-008749-003/2024(H5N1)	1435	530
PB1|PP755595.1|A/cattle/Texas/24-008749-003/2024(H5N1)	1436	532
PB1|PP755595.1|A/cattle/Texas/24-008749-003/2024(H5N1)	1437	532
PB1|PP755595.1|A/cattle/Texas/24-008749-003/2024(H5N1)	1438	526
PB1|PP755595.1|A/cattle/Texas/24-008749-003/2024(H5N1)	1439	526
PB1|PP755595.1|A/cattle/Texas/24-008749-003/2024(H5N1)	1440	529
PB1|PP755595.1|A/cattle/Texas/24-008749-003/2024(H5N1)	1441	540
PB1|PP755595.1|A/cattle/Texas/24-008749-003/2024(H5N1)	1442	540
PB1|PP755595.1|A/cattle/Texas/24-008749-003/2024(H5N1)	1443	552
PB1|PP755595.1|A/cattle/Texas/24-008749-003/2024(H5N1)	1444	556
PB1|PP755595.1|A/cattle/Texas/24-008749-003/2024(H5N1)	1445	554
PB1|PP755595.1|A/cattle/Texas/24-008749-003/2024(H5N1)	1446	556
PB1|PP755595.1|A/cattle/Texas/24-008749-003/2024(H5N1)	1447	585
PB1|PP755595.1|A/cattle/Texas/24-008749-003/2024(H5N1)	1448	586
PB1|PP755595.1|A/cattle/Texas/24-008749-003/2024(H5N1)	1449	587
PB1|PP755595.1|A/cattle/Texas/24-008749-003/2024(H5N1)	1450	587
PB1|PP755595.1|A/cattle/Texas/24-008749-003/2024(H5N1)	1451	591
PB1|PP755595.1|A/cattle/Texas/24-008749-003/2024(H5N1)	1452	603
PB1|PP755595.1|A/cattle/Texas/24-008749-003/2024(H5N1)	1453	603
PB1|PP755595.1|A/cattle/Texas/24-008749-003/2024(H5N1)	1454	603
PB1|PP755595.1|A/cattle/Texas/24-008749-003/2024(H5N1)	1455	606
PB1|PP755595.1|A/cattle/Texas/24-008749-003/2024(H5N1)	1456	603
PB1|PP755595.1|A/cattle/Texas/24-008749-003/2024(H5N1)	1457	645
PB1|PP755595.1|A/cattle/Texas/24-008749-003/2024(H5N1)	1458	644
PB1|PP755595.1|A/cattle/Texas/24-008749-003/2024(H5N1)	1459	644
PB1|PP755595.1|A/cattle/Texas/24-008749-003/2024(H5N1)	1460	647
PB1|PP755595.1|A/cattle/Texas/24-008749-003/2024(H5N1)	1461	646
PB1|PP755595.1|A/cattle/Texas/24-008749-003/2024(H5N1)	1462	647
PB1|PP755595.1|A/cattle/Texas/24-008749-003/2024(H5N1)	1463	650
PB1|PP755595.1|A/cattle/Texas/24-008749-003/2024(H5N1)	1464	653
PB1|PP755595.1|A/cattle/Texas/24-008749-003/2024(H5N1)	1465	663
PB1|PP755595.1|A/cattle/Texas/24-008749-003/2024(H5N1)	1466	674
PB1|PP755595.1|A/cattle/Texas/24-008749-003/2024(H5N1)	1467	674
PB1|PP755595.1|A/cattle/Texas/24-008749-003/2024(H5N1)	1468	675
PB1|PP755595.1|A/cattle/Texas/24-008749-003/2024(H5N1)	1469	675
PB1|PP755595.1|A/cattle/Texas/24-008749-003/2024(H5N1)	1470	676
PB1|PP755595.1|A/cattle/Texas/24-008749-003/2024(H5N1)	1471	676
PB1|PP755595.1|A/cattle/Texas/24-008749-003/2024(H5N1)	1472	688
PB1|PP755595.1|A/cattle/Texas/24-008749-003/2024(H5N1)	1473	688
PB1|PP755595.1|A/cattle/Texas/24-008749-003/2024(H5N1)	1474	688
PB1|PP755595.1|A/cattle/Texas/24-008749-003/2024(H5N1)	1475	684
PB1|PP755595.1|A/cattle/Texas/24-008749-003/2024(H5N1)	1476	686
PB1|PP755595.1|A/cattle/Texas/24-008749-003/2024(H5N1)	1477	685
PB1|PP755595.1|A/cattle/Texas/24-008749-003/2024(H5N1)	1478	689
PB1|PP755595.1|A/cattle/Texas/24-008749-003/2024(H5N1)	1479	689
PB1|PP755595.1|A/cattle/Texas/24-008749-003/2024(H5N1)	1480	691
PB1|PP755595.1|A/cattle/Texas/24-008749-003/2024(H5N1)	1481	694
PB1|PP755595.1|A/cattle/Texas/24-008749-003/2024(H5N1)	1482	694
PB1|PP755595.1|A/cattle/Texas/24-008749-003/2024(H5N1)	1483	695
PB1|PP755595.1|A/cattle/Texas/24-008749-003/2024(H5N1)	1484	695
PB1|PP755595.1|A/cattle/Texas/24-008749-003/2024(H5N1)	1485	691
PB1|PP755595.1|A/cattle/Texas/24-008749-003/2024(H5N1)	1486	691
PB1|PP755595.1|A/cattle/Texas/24-008749-003/2024(H5N1)	1487	690
PB1|PP755595.1|A/cattle/Texas/24-008749-003/2024(H5N1)	1488	699
PB1|PP755595.1|A/cattle/Texas/24-008749-003/2024(H5N1)	1489	699
PB1|PP755595.1|A/cattle/Texas/24-008749-003/2024(H5N1)	1490	703
PB1|PP755595.1|A/cattle/Texas/24-008749-003/2024(H5N1)	1491	703
PB1|PP755595.1|A/cattle/Texas/24-008749-003/2024(H5N1)	1492	704
PB1|PP755595.1|A/cattle/Texas/24-008749-003/2024(H5N1)	1493	706
PB1|PP755595.1|A/cattle/Texas/24-008749-003/2024(H5N1)	1494	709
PB1|PP755595.1|A/cattle/Texas/24-008749-003/2024(H5N1)	1495	711
PB1|PP755595.1|A/cattle/Texas/24-008749-003/2024(H5N1)	1496	712
PB1|PP755595.1|A/cattle/Texas/24-008749-003/2024(H5N1)	1497	734
PB1|PP755595.1|A/cattle/Texas/24-008749-003/2024(H5N1)	1498	734
PB1|PP755595.1|A/cattle/Texas/24-008749-003/2024(H5N1)	1499	742
PB1|PP755595.1|A/cattle/Texas/24-008749-003/2024(H5N1)	1500	748
PB1|PP755595.1|A/cattle/Texas/24-008749-003/2024(H5N1)	1501	752
PB1|PP755595.1|A/cattle/Texas/24-008749-003/2024(H5N1)	1502	749
PB1|PP755595.1|A/cattle/Texas/24-008749-003/2024(H5N1)	1503	753
PB1|PP755595.1|A/cattle/Texas/24-008749-003/2024(H5N1)	1504	754
PB1|PP755595.1|A/cattle/Texas/24-008749-003/2024(H5N1)	1505	754
PB1|PP755595.1|A/cattle/Texas/24-008749-003/2024(H5N1)	1506	753
PB1|PP755595.1|A/cattle/Texas/24-008749-003/2024(H5N1)	1507	754
PB1|PP755595.1|A/cattle/Texas/24-008749-003/2024(H5N1)	1508	750
PB1|PP755595.1|A/cattle/Texas/24-008749-003/2024(H5N1)	1509	751
PB1|PP755595.1|A/cattle/Texas/24-008749-003/2024(H5N1)	1510	749
PB1|PP755595.1|A/cattle/Texas/24-008749-003/2024(H5N1)	1511	754
PB1|PP755595.1|A/cattle/Texas/24-008749-003/2024(H5N1)	1512	763
PB1|PP755595.1|A/cattle/Texas/24-008749-003/2024(H5N1)	1513	762
PB1|PP755595.1|A/cattle/Texas/24-008749-003/2024(H5N1)	1514	762
PB1|PP755595.1|A/cattle/Texas/24-008749-003/2024(H5N1)	1515	762
PB1|PP755595.1|A/cattle/Texas/24-008749-003/2024(H5N1)	1516	763
PB1|PP755595.1|A/cattle/Texas/24-008749-003/2024(H5N1)	1517	783
PB1|PP755595.1|A/cattle/Texas/24-008749-003/2024(H5N1)	1518	796
PB1|PP755595.1|A/cattle/Texas/24-008749-003/2024(H5N1)	1519	797
PB1|PP755595.1|A/cattle/Texas/24-008749-003/2024(H5N1)	1520	799
PB1|PP755595.1|A/cattle/Texas/24-008749-003/2024(H5N1)	1521	799
PB1|PP755595.1|A/cattle/Texas/24-008749-003/2024(H5N1)	1522	848
PB1|PP755595.1|A/cattle/Texas/24-008749-003/2024(H5N1)	1523	844
PB1|PP755595.1|A/cattle/Texas/24-008749-003/2024(H5N1)	1524	770
PB1|PP755595.1|A/cattle/Texas/24-008749-003/2024(H5N1)	1525	801
PB1|PP755595.1|A/cattle/Texas/24-008749-003/2024(H5N1)	1526	778
PB1|PP755595.1|A/cattle/Texas/24-008749-003/2024(H5N1)	1527	783
PB1|PP755595.1|A/cattle/Texas/24-008749-003/2024(H5N1)	1528	786
PB1|PP755595.1|A/cattle/Texas/24-008749-003/2024(H5N1)	1529	783
PB1|PP755595.1|A/cattle/Texas/24-008749-003/2024(H5N1)	1530	781
PB1|PP755595.1|A/cattle/Texas/24-008749-003/2024(H5N1)	1531	768
PB1|PP755595.1|A/cattle/Texas/24-008749-003/2024(H5N1)	1532	815
PB1|PP755595.1|A/cattle/Texas/24-008749-003/2024(H5N1)	1533	744
PB1|PP755595.1|A/cattle/Texas/24-008749-003/2024(H5N1)	1534	744
PB1|PP755595.1|A/cattle/Texas/24-008749-003/2024(H5N1)	1535	742
PB1|PP755595.1|A/cattle/Texas/24-008749-003/2024(H5N1)	1536	742
PB1|PP755595.1|A/cattle/Texas/24-008749-003/2024(H5N1)	1537	742
PB1|PP755595.1|A/cattle/Texas/24-008749-003/2024(H5N1)	1538	746
PB1|PP755595.1|A/cattle/Texas/24-008749-003/2024(H5N1)	1539	748
PB1|PP755595.1|A/cattle/Texas/24-008749-003/2024(H5N1)	1540	747
PB1|PP755595.1|A/cattle/Texas/24-008749-003/2024(H5N1)	1541	754
PB1|PP755595.1|A/cattle/Texas/24-008749-003/2024(H5N1)	1542	755
PB1|PP755595.1|A/cattle/Texas/24-008749-003/2024(H5N1)	1543	758
PB1|PP755595.1|A/cattle/Texas/24-008749-003/2024(H5N1)	1544	739
PB1|PP755595.1|A/cattle/Texas/24-008749-003/2024(H5N1)	1545	737
PB1|PP755595.1|A/cattle/Texas/24-008749-003/2024(H5N1)	1546	737
PB1|PP755595.1|A/cattle/Texas/24-008749-003/2024(H5N1)	1547	740
PB1|PP755595.1|A/cattle/Texas/24-008749-003/2024(H5N1)	1548	745
PB1|PP755595.1|A/cattle/Texas/24-008749-003/2024(H5N1)	1549	691
PB1|PP755595.1|A/cattle/Texas/24-008749-003/2024(H5N1)	1550	696
PB1|PP755595.1|A/cattle/Texas/24-008749-003/2024(H5N1)	1551	704
PB1|PP755595.1|A/cattle/Texas/24-008749-003/2024(H5N1)	1552	705
PB1|PP755595.1|A/cattle/Texas/24-008749-003/2024(H5N1)	1553	706
PB1|PP755595.1|A/cattle/Texas/24-008749-003/2024(H5N1)	1554	703
PB1|PP755595.1|A/cattle/Texas/24-008749-003/2024(H5N1)	1555	702
PB1|PP755595.1|A/cattle/Texas/24-008749-003/2024(H5N1)	1556	709
PB1|PP755595.1|A/cattle/Texas/24-008749-003/2024(H5N1)	1557	704
PB1|PP755595.1|A/cattle/Texas/24-008749-003/2024(H5N1)	1558	697
PB1|PP755595.1|A/cattle/Texas/24-008749-003/2024(H5N1)	1559	706
PB1|PP755595.1|A/cattle/Texas/24-008749-003/2024(H5N1)	1560	700
PB1|PP755595.1|A/cattle/Texas/24-008749-003/2024(H5N1)	1561	703
PB1|PP755595.1|A/cattle/Texas/24-008749-003/2024(H5N1)	1562	693
PB1|PP755595.1|A/cattle/Texas/24-008749-003/2024(H5N1)	1563	693
PB1|PP755595.1|A/cattle/Texas/24-008749-003/2024(H5N1)	1564	708
PB1|PP755595.1|A/cattle/Texas/24-008749-003/2024(H5N1)	1565	706
PB1|PP755595.1|A/cattle/Texas/24-008749-003/2024(H5N1)	1566	685
PB1|PP755595.1|A/cattle/Texas/24-008749-003/2024(H5N1)	1567	696
PB1|PP755595.1|A/cattle/Texas/24-008749-003/2024(H5N1)	1568	690
PB1|PP755595.1|A/cattle/Texas/24-008749-003/2024(H5N1)	1569	694
PB1|PP755595.1|A/cattle/Texas/24-008749-003/2024(H5N1)	1570	694
PB1|PP755595.1|A/cattle/Texas/24-008749-003/2024(H5N1)	1571	714
PB1|PP755595.1|A/cattle/Texas/24-008749-003/2024(H5N1)	1572	694
PB1|PP755595.1|A/cattle/Texas/24-008749-003/2024(H5N1)	1573	709
PB1|PP755595.1|A/cattle/Texas/24-008749-003/2024(H5N1)	1574	707
PB1|PP755595.1|A/cattle/Texas/24-008749-003/2024(H5N1)	1575	702
PB1|PP755595.1|A/cattle/Texas/24-008749-003/2024(H5N1)	1576	705
PB1|PP755595.1|A/cattle/Texas/24-008749-003/2024(H5N1)	1577	768
PB1|PP755595.1|A/cattle/Texas/24-008749-003/2024(H5N1)	1578	768
PB1|PP755595.1|A/cattle/Texas/24-008749-003/2024(H5N1)	1579	766
PB1|PP755595.1|A/cattle/Texas/24-008749-003/2024(H5N1)	1580	760
PB1|PP755595.1|A/cattle/Texas/24-008749-003/2024(H5N1)	1581	760
PB1|PP755595.1|A/cattle/Texas/24-008749-003/2024(H5N1)	1582	759
PB1|PP755595.1|A/cattle/Texas/24-008749-003/2024(H5N1)	1583	760
PB1|PP755595.1|A/cattle/Texas/24-008749-003/2024(H5N1)	1584	761
PB1|PP755595.1|A/cattle/Texas/24-008749-003/2024(H5N1)	1585	772
PB1|PP755595.1|A/cattle/Texas/24-008749-003/2024(H5N1)	1586	753
PB1|PP755595.1|A/cattle/Texas/24-008749-003/2024(H5N1)	1587	751
PB1|PP755595.1|A/cattle/Texas/24-008749-003/2024(H5N1)	1588	752
PB1|PP755595.1|A/cattle/Texas/24-008749-003/2024(H5N1)	1589	752
PB1|PP755595.1|A/cattle/Texas/24-008749-003/2024(H5N1)	1590	753
PB1|PP755595.1|A/cattle/Texas/24-008749-003/2024(H5N1)	1591	755
PB1|PP755595.1|A/cattle/Texas/24-008749-003/2024(H5N1)	1592	744
PB1|PP755595.1|A/cattle/Texas/24-008749-003/2024(H5N1)	1593	761
PB1|PP755595.1|A/cattle/Texas/24-008749-003/2024(H5N1)	1594	747
PB1|PP755595.1|A/cattle/Texas/24-008749-003/2024(H5N1)	1595	746
PB1|PP755595.1|A/cattle/Texas/24-008749-003/2024(H5N1)	1596	750
PB1|PP755595.1|A/cattle/Texas/24-008749-003/2024(H5N1)	1597	748
PB1|PP755595.1|A/cattle/Texas/24-008749-003/2024(H5N1)	1598	725
PB1|PP755595.1|A/cattle/Texas/24-008749-003/2024(H5N1)	1599	756
PB1|PP755595.1|A/cattle/Texas/24-008749-003/2024(H5N1)	1600	757
PB1|PP755595.1|A/cattle/Texas/24-008749-003/2024(H5N1)	1601	756
PB1|PP755595.1|A/cattle/Texas/24-008749-003/2024(H5N1)	1602	760
PB1|PP755595.1|A/cattle/Texas/24-008749-003/2024(H5N1)	1603	748
PB1|PP755595.1|A/cattle/Texas/24-008749-003/2024(H5N1)	1604	750
PB1|PP755595.1|A/cattle/Texas/24-008749-003/2024(H5N1)	1605	747
PB1|PP755595.1|A/cattle/Texas/24-008749-003/2024(H5N1)	1606	747
PB1|PP755595.1|A/cattle/Texas/24-008749-003/2024(H5N1)	1607	755
PB1|PP755595.1|A/cattle/Texas/24-008749-003/2024(H5N1)	1608	723
PB1|PP755595.1|A/cattle/Texas/24-008749-003/2024(H5N1)	1609	725
PB1|PP755595.1|A/cattle/Texas/24-008749-003/2024(H5N1)	1610	732
PB1|PP755595.1|A/cattle/Texas/24-008749-003/2024(H5N1)	1611	725
PB1|PP755595.1|A/cattle/Texas/24-008749-003/2024(H5N1)	1612	725
PB1|PP755595.1|A/cattle/Texas/24-008749-003/2024(H5N1)	1613	738
PB1|PP755595.1|A/cattle/Texas/24-008749-003/2024(H5N1)	1614	743
PB1|PP755595.1|A/cattle/Texas/24-008749-003/2024(H5N1)	1615	747
PB1|PP755595.1|A/cattle/Texas/24-008749-003/2024(H5N1)	1616	734
PB1|PP755595.1|A/cattle/Texas/24-008749-003/2024(H5N1)	1617	732
PB1|PP755595.1|A/cattle/Texas/24-008749-003/2024(H5N1)	1618	733
PB1|PP755595.1|A/cattle/Texas/24-008749-003/2024(H5N1)	1619	739
PB1|PP755595.1|A/cattle/Texas/24-008749-003/2024(H5N1)	1620	751
PB1|PP755595.1|A/cattle/Texas/24-008749-003/2024(H5N1)	1621	750
PB1|PP755595.1|A/cattle/Texas/24-008749-003/2024(H5N1)	1622	745
PB1|PP755595.1|A/cattle/Texas/24-008749-003/2024(H5N1)	1623	738
PB1|PP755595.1|A/cattle/Texas/24-008749-003/2024(H5N1)	1624	741
PB1|PP755595.1|A/cattle/Texas/24-008749-003/2024(H5N1)	1625	751
PB1|PP755595.1|A/cattle/Texas/24-008749-003/2024(H5N1)	1626	751
PB1|PP755595.1|A/cattle/Texas/24-008749-003/2024(H5N1)	1627	749
PB1|PP755595.1|A/cattle/Texas/24-008749-003/2024(H5N1)	1628	751
PB1|PP755595.1|A/cattle/Texas/24-008749-003/2024(H5N1)	1629	747
PB1|PP755595.1|A/cattle/Texas/24-008749-003/2024(H5N1)	1630	771
PB1|PP755595.1|A/cattle/Texas/24-008749-003/2024(H5N1)	1631	785
PB1|PP755595.1|A/cattle/Texas/24-008749-003/2024(H5N1)	1632	785
PB1|PP755595.1|A/cattle/Texas/24-008749-003/2024(H5N1)	1633	798
PB1|PP755595.1|A/cattle/Texas/24-008749-003/2024(H5N1)	1634	800
PB1|PP755595.1|A/cattle/Texas/24-008749-003/2024(H5N1)	1635	802
PB1|PP755595.1|A/cattle/Texas/24-008749-003/2024(H5N1)	1636	802
PB1|PP755595.1|A/cattle/Texas/24-008749-003/2024(H5N1)	1637	805
PB1|PP755595.1|A/cattle/Texas/24-008749-003/2024(H5N1)	1638	805
PB1|PP755595.1|A/cattle/Texas/24-008749-003/2024(H5N1)	1639	813
PB1|PP755595.1|A/cattle/Texas/24-008749-003/2024(H5N1)	1640	826
PB1|PP755595.1|A/cattle/Texas/24-008749-003/2024(H5N1)	1641	823
PB1|PP755595.1|A/cattle/Texas/24-008749-003/2024(H5N1)	1642	846
PB1|PP755595.1|A/cattle/Texas/24-008749-003/2024(H5N1)	1643	847
PB1|PP755595.1|A/cattle/Texas/24-008749-003/2024(H5N1)	1644	847
PB1|PP755595.1|A/cattle/Texas/24-008749-003/2024(H5N1)	1645	847
PB1|PP755595.1|A/cattle/Texas/24-008749-003/2024(H5N1)	1646	845
PB1|PP755595.1|A/cattle/Texas/24-008749-003/2024(H5N1)	1647	853
PB1|PP755595.1|A/cattle/Texas/24-008749-003/2024(H5N1)	1648	882
PB1|PP755595.1|A/cattle/Texas/24-008749-003/2024(H5N1)	1649	881
PB1|PP755595.1|A/cattle/Texas/24-008749-003/2024(H5N1)	1650	889
PB1|PP755595.1|A/cattle/Texas/24-008749-003/2024(H5N1)	1651	884
PB1|PP755595.1|A/cattle/Texas/24-008749-003/2024(H5N1)	1652	885
PB1|PP755595.1|A/cattle/Texas/24-008749-003/2024(H5N1)	1653	886
PB1|PP755595.1|A/cattle/Texas/24-008749-003/2024(H5N1)	1654	880
PB1|PP755595.1|A/cattle/Texas/24-008749-003/2024(H5N1)	1655	881
PB1|PP755595.1|A/cattle/Texas/24-008749-003/2024(H5N1)	1656	880
PB1|PP755595.1|A/cattle/Texas/24-008749-003/2024(H5N1)	1657	880
PB1|PP755595.1|A/cattle/Texas/24-008749-003/2024(H5N1)	1658	879
PB1|PP755595.1|A/cattle/Texas/24-008749-003/2024(H5N1)	1659	900
PB1|PP755595.1|A/cattle/Texas/24-008749-003/2024(H5N1)	1660	906
PB1|PP755595.1|A/cattle/Texas/24-008749-003/2024(H5N1)	1661	909
PB1|PP755595.1|A/cattle/Texas/24-008749-003/2024(H5N1)	1662	904
PB1|PP755595.1|A/cattle/Texas/24-008749-003/2024(H5N1)	1663	898
PB1|PP755595.1|A/cattle/Texas/24-008749-003/2024(H5N1)	1664	909
PB1|PP755595.1|A/cattle/Texas/24-008749-003/2024(H5N1)	1665	954
PB1|PP755595.1|A/cattle/Texas/24-008749-003/2024(H5N1)	1666	954
PB1|PP755595.1|A/cattle/Texas/24-008749-003/2024(H5N1)	1667	960
PB1|PP755595.1|A/cattle/Texas/24-008749-003/2024(H5N1)	1668	932
PB1|PP755595.1|A/cattle/Texas/24-008749-003/2024(H5N1)	1669	935
PB1|PP755595.1|A/cattle/Texas/24-008749-003/2024(H5N1)	1670	937
PB1|PP755595.1|A/cattle/Texas/24-008749-003/2024(H5N1)	1671	950
PB1|PP755595.1|A/cattle/Texas/24-008749-003/2024(H5N1)	1672	951
PB1|PP755595.1|A/cattle/Texas/24-008749-003/2024(H5N1)	1673	920
PB1|PP755595.1|A/cattle/Texas/24-008749-003/2024(H5N1)	1674	879
PB1|PP755595.1|A/cattle/Texas/24-008749-003/2024(H5N1)	1675	902
PB1|PP755595.1|A/cattle/Texas/24-008749-003/2024(H5N1)	1676	893
PB1|PP755595.1|A/cattle/Texas/24-008749-003/2024(H5N1)	1677	903
PB1|PP755595.1|A/cattle/Texas/24-008749-003/2024(H5N1)	1678	895
PB1|PP755595.1|A/cattle/Texas/24-008749-003/2024(H5N1)	1679	895
PB1|PP755595.1|A/cattle/Texas/24-008749-003/2024(H5N1)	1680	888
PB1|PP755595.1|A/cattle/Texas/24-008749-003/2024(H5N1)	1681	888
PB1|PP755595.1|A/cattle/Texas/24-008749-003/2024(H5N1)	1682	885
PB1|PP755595.1|A/cattle/Texas/24-008749-003/2024(H5N1)	1683	866
PB1|PP755595.1|A/cattle/Texas/24-008749-003/2024(H5N1)	1684	865
PB1|PP755595.1|A/cattle/Texas/24-008749-003/2024(H5N1)	1685	864
PB1|PP755595.1|A/cattle/Texas/24-008749-003/2024(H5N1)	1686	867
PB1|PP755595.1|A/cattle/Texas/24-008749-003/2024(H5N1)	1687	867
PB1|PP755595.1|A/cattle/Texas/24-008749-003/2024(H5N1)	1688	877
PB1|PP755595.1|A/cattle/Texas/24-008749-003/2024(H5N1)	1689	883
PB1|PP755595.1|A/cattle/Texas/24-008749-003/2024(H5N1)	1690	885
PB1|PP755595.1|A/cattle/Texas/24-008749-003/2024(H5N1)	1691	879
PB1|PP755595.1|A/cattle/Texas/24-008749-003/2024(H5N1)	1692	864
PB1|PP755595.1|A/cattle/Texas/24-008749-003/2024(H5N1)	1693	864
PB1|PP755595.1|A/cattle/Texas/24-008749-003/2024(H5N1)	1694	864
PB1|PP755595.1|A/cattle/Texas/24-008749-003/2024(H5N1)	1695	857
PB1|PP755595.1|A/cattle/Texas/24-008749-003/2024(H5N1)	1696	857
PB1|PP755595.1|A/cattle/Texas/24-008749-003/2024(H5N1)	1697	857
PB1|PP755595.1|A/cattle/Texas/24-008749-003/2024(H5N1)	1698	855
PB1|PP755595.1|A/cattle/Texas/24-008749-003/2024(H5N1)	1699	852
PB1|PP755595.1|A/cattle/Texas/24-008749-003/2024(H5N1)	1700	852
PB1|PP755595.1|A/cattle/Texas/24-008749-003/2024(H5N1)	1701	855
PB1|PP755595.1|A/cattle/Texas/24-008749-003/2024(H5N1)	1702	849
PB1|PP755595.1|A/cattle/Texas/24-008749-003/2024(H5N1)	1703	851
PB1|PP755595.1|A/cattle/Texas/24-008749-003/2024(H5N1)	1704	850
PB1|PP755595.1|A/cattle/Texas/24-008749-003/2024(H5N1)	1705	854
PB1|PP755595.1|A/cattle/Texas/24-008749-003/2024(H5N1)	1706	858
PB1|PP755595.1|A/cattle/Texas/24-008749-003/2024(H5N1)	1707	868
PB1|PP755595.1|A/cattle/Texas/24-008749-003/2024(H5N1)	1708	868
PB1|PP755595.1|A/cattle/Texas/24-008749-003/2024(H5N1)	1709	869
PB1|PP755595.1|A/cattle/Texas/24-008749-003/2024(H5N1)	1710	865
PB1|PP755595.1|A/cattle/Texas/24-008749-003/2024(H5N1)	1711	865
PB1|PP755595.1|A/cattle/Texas/24-008749-003/2024(H5N1)	1712	862
PB1|PP755595.1|A/cattle/Texas/24-008749-003/2024(H5N1)	1713	877
PB1|PP755595.1|A/cattle/Texas/24-008749-003/2024(H5N1)	1714	879
PB1|PP755595.1|A/cattle/Texas/24-008749-003/2024(H5N1)	1715	886
PB1|PP755595.1|A/cattle/Texas/24-008749-003/2024(H5N1)	1716	906
PB1|PP755595.1|A/cattle/Texas/24-008749-003/2024(H5N1)	1717	899
PB1|PP755595.1|A/cattle/Texas/24-008749-003/2024(H5N1)	1718	888
PB1|PP755595.1|A/cattle/Texas/24-008749-003/2024(H5N1)	1719	888
PB1|PP755595.1|A/cattle/Texas/24-008749-003/2024(H5N1)	1720	894
PB1|PP755595.1|A/cattle/Texas/24-008749-003/2024(H5N1)	1721	894
PB1|PP755595.1|A/cattle/Texas/24-008749-003/2024(H5N1)	1722	873
PB1|PP755595.1|A/cattle/Texas/24-008749-003/2024(H5N1)	1723	873
PB1|PP755595.1|A/cattle/Texas/24-008749-003/2024(H5N1)	1724	857
PB1|PP755595.1|A/cattle/Texas/24-008749-003/2024(H5N1)	1725	857
PB1|PP755595.1|A/cattle/Texas/24-008749-003/2024(H5N1)	1726	800
PB1|PP755595.1|A/cattle/Texas/24-008749-003/2024(H5N1)	1727	811
PB1|PP755595.1|A/cattle/Texas/24-008749-003/2024(H5N1)	1728	816
PB1|PP755595.1|A/cattle/Texas/24-008749-003/2024(H5N1)	1729	818
PB1|PP755595.1|A/cattle/Texas/24-008749-003/2024(H5N1)	1730	827
PB1|PP755595.1|A/cattle/Texas/24-008749-003/2024(H5N1)	1731	827
PB1|PP755595.1|A/cattle/Texas/24-008749-003/2024(H5N1)	1732	838
PB1|PP755595.1|A/cattle/Texas/24-008749-003/2024(H5N1)	1733	841
PB1|PP755595.1|A/cattle/Texas/24-008749-003/2024(H5N1)	1734	835
PB1|PP755595.1|A/cattle/Texas/24-008749-003/2024(H5N1)	1735	835
PB1|PP755595.1|A/cattle/Texas/24-008749-003/2024(H5N1)	1736	827
PB1|PP755595.1|A/cattle/Texas/24-008749-003/2024(H5N1)	1737	828
PB1|PP755595.1|A/cattle/Texas/24-008749-003/2024(H5N1)	1738	836
PB1|PP755595.1|A/cattle/Texas/24-008749-003/2024(H5N1)	1739	835
PB1|PP755595.1|A/cattle/Texas/24-008749-003/2024(H5N1)	1740	835
PB1|PP755595.1|A/cattle/Texas/24-008749-003/2024(H5N1)	1741	874
PB1|PP755595.1|A/cattle/Texas/24-008749-003/2024(H5N1)	1742	871
PB1|PP755595.1|A/cattle/Texas/24-008749-003/2024(H5N1)	1743	870
PB1|PP755595.1|A/cattle/Texas/24-008749-003/2024(H5N1)	1744	852
PB1|PP755595.1|A/cattle/Texas/24-008749-003/2024(H5N1)	1745	852
PB1|PP755595.1|A/cattle/Texas/24-008749-003/2024(H5N1)	1746	855
PB1|PP755595.1|A/cattle/Texas/24-008749-003/2024(H5N1)	1747	851
PB1|PP755595.1|A/cattle/Texas/24-008749-003/2024(H5N1)	1748	849
PB1|PP755595.1|A/cattle/Texas/24-008749-003/2024(H5N1)	1749	852
PB1|PP755595.1|A/cattle/Texas/24-008749-003/2024(H5N1)	1750	817
PB1|PP755595.1|A/cattle/Texas/24-008749-003/2024(H5N1)	1751	818
PB1|PP755595.1|A/cattle/Texas/24-008749-003/2024(H5N1)	1752	813
PB1|PP755595.1|A/cattle/Texas/24-008749-003/2024(H5N1)	1753	813
PB1|PP755595.1|A/cattle/Texas/24-008749-003/2024(H5N1)	1754	813
PB1|PP755595.1|A/cattle/Texas/24-008749-003/2024(H5N1)	1755	811
PB1|PP755595.1|A/cattle/Texas/24-008749-003/2024(H5N1)	1756	813
PB1|PP755595.1|A/cattle/Texas/24-008749-003/2024(H5N1)	1757	837
PB1|PP755595.1|A/cattle/Texas/24-008749-003/2024(H5N1)	1758	825
PB1|PP755595.1|A/cattle/Texas/24-008749-003/2024(H5N1)	1759	828
PB1|PP755595.1|A/cattle/Texas/24-008749-003/2024(H5N1)	1760	828
PB1|PP755595.1|A/cattle/Texas/24-008749-003/2024(H5N1)	1761	821
PB1|PP755595.1|A/cattle/Texas/24-008749-003/2024(H5N1)	1762	828
PB1|PP755595.1|A/cattle/Texas/24-008749-003/2024(H5N1)	1763	841
PB1|PP755595.1|A/cattle/Texas/24-008749-003/2024(H5N1)	1764	873
PB1|PP755595.1|A/cattle/Texas/24-008749-003/2024(H5N1)	1765	868
PB1|PP755595.1|A/cattle/Texas/24-008749-003/2024(H5N1)	1766	846
PB1|PP755595.1|A/cattle/Texas/24-008749-003/2024(H5N1)	1767	846
PB1|PP755595.1|A/cattle/Texas/24-008749-003/2024(H5N1)	1768	839
PB1|PP755595.1|A/cattle/Texas/24-008749-003/2024(H5N1)	1769	834
PB1|PP755595.1|A/cattle/Texas/24-008749-003/2024(H5N1)	1770	841
PB1|PP755595.1|A/cattle/Texas/24-008749-003/2024(H5N1)	1771	834
PB1|PP755595.1|A/cattle/Texas/24-008749-003/2024(H5N1)	1772	838
PB1|PP755595.1|A/cattle/Texas/24-008749-003/2024(H5N1)	1773	857
PB1|PP755595.1|A/cattle/Texas/24-008749-003/2024(H5N1)	1774	856
PB1|PP755595.1|A/cattle/Texas/24-008749-003/2024(H5N1)	1775	865
PB1|PP755595.1|A/cattle/Texas/24-008749-003/2024(H5N1)	1776	860
PB1|PP755595.1|A/cattle/Texas/24-008749-003/2024(H5N1)	1777	862
PB1|PP755595.1|A/cattle/Texas/24-008749-003/2024(H5N1)	1778	887
PB1|PP755595.1|A/cattle/Texas/24-008749-003/2024(H5N1)	1779	877
PB1|PP755595.1|A/cattle/Texas/24-008749-003/2024(H5N1)	1780	874
PB1|PP755595.1|A/cattle/Texas/24-008749-003/2024(H5N1)	1781	852
PB1|PP755595.1|A/cattle/Texas/24-008749-003/2024(H5N1)	1782	845
PB1|PP755595.1|A/cattle/Texas/24-008749-003/2024(H5N1)	1783	854
PB1|PP755595.1|A/cattle/Texas/24-008749-003/2024(H5N1)	1784	880
PB1|PP755595.1|A/cattle/Texas/24-008749-003/2024(H5N1)	1785	877
PB1|PP755595.1|A/cattle/Texas/24-008749-003/2024(H5N1)	1786	882
PB1|PP755595.1|A/cattle/Texas/24-008749-003/2024(H5N1)	1787	879
PB1|PP755595.1|A/cattle/Texas/24-008749-003/2024(H5N1)	1788	883
PB1|PP755595.1|A/cattle/Texas/24-008749-003/2024(H5N1)	1789	955
PB1|PP755595.1|A/cattle/Texas/24-008749-003/2024(H5N1)	1790	941
PB1|PP755595.1|A/cattle/Texas/24-008749-003/2024(H5N1)	1791	930
PB1|PP755595.1|A/cattle/Texas/24-008749-003/2024(H5N1)	1792	934
PB1|PP755595.1|A/cattle/Texas/24-008749-003/2024(H5N1)	1793	918
PB1|PP755595.1|A/cattle/Texas/24-008749-003/2024(H5N1)	1794	918
PB1|PP755595.1|A/cattle/Texas/24-008749-003/2024(H5N1)	1795	925
PB1|PP755595.1|A/cattle/Texas/24-008749-003/2024(H5N1)	1796	921
PB1|PP755595.1|A/cattle/Texas/24-008749-003/2024(H5N1)	1797	916
PB1|PP755595.1|A/cattle/Texas/24-008749-003/2024(H5N1)	1798	867
PB1|PP755595.1|A/cattle/Texas/24-008749-003/2024(H5N1)	1799	862
PB1|PP755595.1|A/cattle/Texas/24-008749-003/2024(H5N1)	1800	868
PB1|PP755595.1|A/cattle/Texas/24-008749-003/2024(H5N1)	1801	873
PB1|PP755595.1|A/cattle/Texas/24-008749-003/2024(H5N1)	1802	880
PB1|PP755595.1|A/cattle/Texas/24-008749-003/2024(H5N1)	1803	874
PB1|PP755595.1|A/cattle/Texas/24-008749-003/2024(H5N1)	1804	874
PB1|PP755595.1|A/cattle/Texas/24-008749-003/2024(H5N1)	1805	874
PB1|PP755595.1|A/cattle/Texas/24-008749-003/2024(H5N1)	1806	870
PB1|PP755595.1|A/cattle/Texas/24-008749-003/2024(H5N1)	1807	877
PB1|PP755595.1|A/cattle/Texas/24-008749-003/2024(H5N1)	1808	879
PB1|PP755595.1|A/cattle/Texas/24-008749-003/2024(H5N1)	1809	880
PB1|PP755595.1|A/cattle/Texas/24-008749-003/2024(H5N1)	1810	850
PB1|PP755595.1|A/cattle/Texas/24-008749-003/2024(H5N1)	1811	880
PB1|PP755595.1|A/cattle/Texas/24-008749-003/2024(H5N1)	1812	901
PB1|PP755595.1|A/cattle/Texas/24-008749-003/2024(H5N1)	1813	903
PB1|PP755595.1|A/cattle/Texas/24-008749-003/2024(H5N1)	1814	903
PB1|PP755595.1|A/cattle/Texas/24-008749-003/2024(H5N1)	1815	850
PB1|PP755595.1|A/cattle/Texas/24-008749-003/2024(H5N1)	1816	854
PB1|PP755595.1|A/cattle/Texas/24-008749-003/2024(H5N1)	1817	890
PB1|PP755595.1|A/cattle/Texas/24-008749-003/2024(H5N1)	1818	882
PB1|PP755595.1|A/cattle/Texas/24-008749-003/2024(H5N1)	1819	896
PB1|PP755595.1|A/cattle/Texas/24-008749-003/2024(H5N1)	1820	896
PB1|PP755595.1|A/cattle/Texas/24-008749-003/2024(H5N1)	1821	892
PB1|PP755595.1|A/cattle/Texas/24-008749-003/2024(H5N1)	1822	882
PB1|PP755595.1|A/cattle/Texas/24-008749-003/2024(H5N1)	1823	881
PB1|PP755595.1|A/cattle/Texas/24-008749-003/2024(H5N1)	1824	872
PB1|PP755595.1|A/cattle/Texas/24-008749-003/2024(H5N1)	1825	871
PB1|PP755595.1|A/cattle/Texas/24-008749-003/2024(H5N1)	1826	871
PB1|PP755595.1|A/cattle/Texas/24-008749-003/2024(H5N1)	1827	869
PB1|PP755595.1|A/cattle/Texas/24-008749-003/2024(H5N1)	1828	863
PB1|PP755595.1|A/cattle/Texas/24-008749-003/2024(H5N1)	1829	880
PB1|PP755595.1|A/cattle/Texas/24-008749-003/2024(H5N1)	1830	878
PB1|PP755595.1|A/cattle/Texas/24-008749-003/2024(H5N1)	1831	883
PB1|PP755595.1|A/cattle/Texas/24-008749-003/2024(H5N1)	1832	885
PB1|PP755595.1|A/cattle/Texas/24-008749-003/2024(H5N1)	1833	882
PB1|PP755595.1|A/cattle/Texas/24-008749-003/2024(H5N1)	1834	865
PB1|PP755595.1|A/cattle/Texas/24-008749-003/2024(H5N1)	1835	864
PB1|PP755595.1|A/cattle/Texas/24-008749-003/2024(H5N1)	1836	870
PB1|PP755595.1|A/cattle/Texas/24-008749-003/2024(H5N1)	1837	867
PB1|PP755595.1|A/cattle/Texas/24-008749-003/2024(H5N1)	1838	858
PB1|PP755595.1|A/cattle/Texas/24-008749-003/2024(H5N1)	1839	852
PB1|PP755595.1|A/cattle/Texas/24-008749-003/2024(H5N1)	1840	851
PB1|PP755595.1|A/cattle/Texas/24-008749-003/2024(H5N1)	1841	851
PB1|PP755595.1|A/cattle/Texas/24-008749-003/2024(H5N1)	1842	852
PB1|PP755595.1|A/cattle/Texas/24-008749-003/2024(H5N1)	1843	853
PB1|PP755595.1|A/cattle/Texas/24-008749-003/2024(H5N1)	1844	854
PB1|PP755595.1|A/cattle/Texas/24-008749-003/2024(H5N1)	1845	863
PB1|PP755595.1|A/cattle/Texas/24-008749-003/2024(H5N1)	1846	863
PB1|PP755595.1|A/cattle/Texas/24-008749-003/2024(H5N1)	1847	863
PB1|PP755595.1|A/cattle/Texas/24-008749-003/2024(H5N1)	1848	863
PB1|PP755595.1|A/cattle/Texas/24-008749-003/2024(H5N1)	1849	868
PB1|PP755595.1|A/cattle/Texas/24-008749-003/2024(H5N1)	1850	909
PB1|PP755595.1|A/cattle/Texas/24-008749-003/2024(H5N1)	1851	900
PB1|PP755595.1|A/cattle/Texas/24-008749-003/2024(H5N1)	1852	900
PB1|PP755595.1|A/cattle/Texas/24-008749-003/2024(H5N1)	1853	900
PB1|PP755595.1|A/cattle/Texas/24-008749-003/2024(H5N1)	1854	898
PB1|PP755595.1|A/cattle/Texas/24-008749-003/2024(H5N1)	1855	902
PB1|PP755595.1|A/cattle/Texas/24-008749-003/2024(H5N1)	1856	899
PB1|PP755595.1|A/cattle/Texas/24-008749-003/2024(H5N1)	1857	909
PB1|PP755595.1|A/cattle/Texas/24-008749-003/2024(H5N1)	1858	898
PB1|PP755595.1|A/cattle/Texas/24-008749-003/2024(H5N1)	1859	908
PB1|PP755595.1|A/cattle/Texas/24-008749-003/2024(H5N1)	1860	911
PB1|PP755595.1|A/cattle/Texas/24-008749-003/2024(H5N1)	1861	912
PB1|PP755595.1|A/cattle/Texas/24-008749-003/2024(H5N1)	1862	909
PB1|PP755595.1|A/cattle/Texas/24-008749-003/2024(H5N1)	1863	914
PB1|PP755595.1|A/cattle/Texas/24-008749-003/2024(H5N1)	1864	904
PB1|PP755595.1|A/cattle/Texas/24-008749-003/2024(H5N1)	1865	904
PB1|PP755595.1|A/cattle/Texas/24-008749-003/2024(H5N1)	1866	861
PB1|PP755595.1|A/cattle/Texas/24-008749-003/2024(H5N1)	1867	863
PB1|PP755595.1|A/cattle/Texas/24-008749-003/2024(H5N1)	1868	868
PB1|PP755595.1|A/cattle/Texas/24-008749-003/2024(H5N1)	1869	886
PB1|PP755595.1|A/cattle/Texas/24-008749-003/2024(H5N1)	1870	886
PB1|PP755595.1|A/cattle/Texas/24-008749-003/2024(H5N1)	1871	876
PB1|PP755595.1|A/cattle/Texas/24-008749-003/2024(H5N1)	1872	881
PB1|PP755595.1|A/cattle/Texas/24-008749-003/2024(H5N1)	1873	917
PB1|PP755595.1|A/cattle/Texas/24-008749-003/2024(H5N1)	1874	922
PB1|PP755595.1|A/cattle/Texas/24-008749-003/2024(H5N1)	1875	924
PB1|PP755595.1|A/cattle/Texas/24-008749-003/2024(H5N1)	1876	923
PB1|PP755595.1|A/cattle/Texas/24-008749-003/2024(H5N1)	1877	922
PB1|PP755595.1|A/cattle/Texas/24-008749-003/2024(H5N1)	1878	918
PB1|PP755595.1|A/cattle/Texas/24-008749-003/2024(H5N1)	1879	916
PB1|PP755595.1|A/cattle/Texas/24-008749-003/2024(H5N1)	1880	945
PB1|PP755595.1|A/cattle/Texas/24-008749-003/2024(H5N1)	1881	938
PB1|PP755595.1|A/cattle/Texas/24-008749-003/2024(H5N1)	1882	935
PB1|PP755595.1|A/cattle/Texas/24-008749-003/2024(H5N1)	1883	925
PB1|PP755595.1|A/cattle/Texas/24-008749-003/2024(H5N1)	1884	929
PB1|PP755595.1|A/cattle/Texas/24-008749-003/2024(H5N1)	1885	939
PB1|PP755595.1|A/cattle/Texas/24-008749-003/2024(H5N1)	1886	939
PB1|PP755595.1|A/cattle/Texas/24-008749-003/2024(H5N1)	1887	937
PB1|PP755595.1|A/cattle/Texas/24-008749-003/2024(H5N1)	1888	933
PB1|PP755595.1|A/cattle/Texas/24-008749-003/2024(H5N1)	1889	925
PB1|PP755595.1|A/cattle/Texas/24-008749-003/2024(H5N1)	1890	925
PB1|PP755595.1|A/cattle/Texas/24-008749-003/2024(H5N1)	1891	941
PB1|PP755595.1|A/cattle/Texas/24-008749-003/2024(H5N1)	1892	915
PB1|PP755595.1|A/cattle/Texas/24-008749-003/2024(H5N1)	1893	915
PB1|PP755595.1|A/cattle/Texas/24-008749-003/2024(H5N1)	1894	915
PB1|PP755595.1|A/cattle/Texas/24-008749-003/2024(H5N1)	1895	915
PB1|PP755595.1|A/cattle/Texas/24-008749-003/2024(H5N1)	1896	916
PB1|PP755595.1|A/cattle/Texas/24-008749-003/2024(H5N1)	1897	913
PB1|PP755595.1|A/cattle/Texas/24-008749-003/2024(H5N1)	1898	914
PB1|PP755595.1|A/cattle/Texas/24-008749-003/2024(H5N1)	1899	924
PB1|PP755595.1|A/cattle/Texas/24-008749-003/2024(H5N1)	1900	919
PB1|PP755595.1|A/cattle/Texas/24-008749-003/2024(H5N1)	1901	919
PB1|PP755595.1|A/cattle/Texas/24-008749-003/2024(H5N1)	1902	918
PB1|PP755595.1|A/cattle/Texas/24-008749-003/2024(H5N1)	1903	921
PB1|PP755595.1|A/cattle/Texas/24-008749-003/2024(H5N1)	1904	939
PB1|PP755595.1|A/cattle/Texas/24-008749-003/2024(H5N1)	1905	939
PB1|PP755595.1|A/cattle/Texas/24-008749-003/2024(H5N1)	1906	991
PB1|PP755595.1|A/cattle/Texas/24-008749-003/2024(H5N1)	1907	988
PB1|PP755595.1|A/cattle/Texas/24-008749-003/2024(H5N1)	1908	963
PB1|PP755595.1|A/cattle/Texas/24-008749-003/2024(H5N1)	1909	967
PB1|PP755595.1|A/cattle/Texas/24-008749-003/2024(H5N1)	1910	963
PB1|PP755595.1|A/cattle/Texas/24-008749-003/2024(H5N1)	1911	956
PB1|PP755595.1|A/cattle/Texas/24-008749-003/2024(H5N1)	1912	957
PB1|PP755595.1|A/cattle/Texas/24-008749-003/2024(H5N1)	1913	949
PB1|PP755595.1|A/cattle/Texas/24-008749-003/2024(H5N1)	1914	954
PB1|PP755595.1|A/cattle/Texas/24-008749-003/2024(H5N1)	1915	941
PB1|PP755595.1|A/cattle/Texas/24-008749-003/2024(H5N1)	1916	936
PB1|PP755595.1|A/cattle/Texas/24-008749-003/2024(H5N1)	1917	936
PB1|PP755595.1|A/cattle/Texas/24-008749-003/2024(H5N1)	1918	939
PB1|PP755595.1|A/cattle/Texas/24-008749-003/2024(H5N1)	1919	952
PB1|PP755595.1|A/cattle/Texas/24-008749-003/2024(H5N1)	1920	964
PB1|PP755595.1|A/cattle/Texas/24-008749-003/2024(H5N1)	1921	958
PB1|PP755595.1|A/cattle/Texas/24-008749-003/2024(H5N1)	1922	954
PB1|PP755595.1|A/cattle/Texas/24-008749-003/2024(H5N1)	1923	955
PB1|PP755595.1|A/cattle/Texas/24-008749-003/2024(H5N1)	1924	936
PB1|PP755595.1|A/cattle/Texas/24-008749-003/2024(H5N1)	1925	972
PB1|PP755595.1|A/cattle/Texas/24-008749-003/2024(H5N1)	1926	966
PB1|PP755595.1|A/cattle/Texas/24-008749-003/2024(H5N1)	1927	972
PB1|PP755595.1|A/cattle/Texas/24-008749-003/2024(H5N1)	1928	965
PB1|PP755595.1|A/cattle/Texas/24-008749-003/2024(H5N1)	1929	949
PB1|PP755595.1|A/cattle/Texas/24-008749-003/2024(H5N1)	1930	956
PB1|PP755595.1|A/cattle/Texas/24-008749-003/2024(H5N1)	1931	958
PB1|PP755595.1|A/cattle/Texas/24-008749-003/2024(H5N1)	1932	969
PB1|PP755595.1|A/cattle/Texas/24-008749-003/2024(H5N1)	1933	969
PB1|PP755595.1|A/cattle/Texas/24-008749-003/2024(H5N1)	1934	938
PB1|PP755595.1|A/cattle/Texas/24-008749-003/2024(H5N1)	1935	927
PB1|PP755595.1|A/cattle/Texas/24-008749-003/2024(H5N1)	1936	915
PB1|PP755595.1|A/cattle/Texas/24-008749-003/2024(H5N1)	1937	917
PB1|PP755595.1|A/cattle/Texas/24-008749-003/2024(H5N1)	1938	917
PB1|PP755595.1|A/cattle/Texas/24-008749-003/2024(H5N1)	1939	854
PB1|PP755595.1|A/cattle/Texas/24-008749-003/2024(H5N1)	1940	853
PB1|PP755595.1|A/cattle/Texas/24-008749-003/2024(H5N1)	1941	844
PB1|PP755595.1|A/cattle/Texas/24-008749-003/2024(H5N1)	1942	849
PB1|PP755595.1|A/cattle/Texas/24-008749-003/2024(H5N1)	1943	841
PB1|PP755595.1|A/cattle/Texas/24-008749-003/2024(H5N1)	1944	839
PB1|PP755595.1|A/cattle/Texas/24-008749-003/2024(H5N1)	1945	839
PB1|PP755595.1|A/cattle/Texas/24-008749-003/2024(H5N1)	1946	832
PB1|PP755595.1|A/cattle/Texas/24-008749-003/2024(H5N1)	1947	833
PB1|PP755595.1|A/cattle/Texas/24-008749-003/2024(H5N1)	1948	832
PB1|PP755595.1|A/cattle/Texas/24-008749-003/2024(H5N1)	1949	838
PB1|PP755595.1|A/cattle/Texas/24-008749-003/2024(H5N1)	1950	837
PB1|PP755595.1|A/cattle/Texas/24-008749-003/2024(H5N1)	1951	828
PB1|PP755595.1|A/cattle/Texas/24-008749-003/2024(H5N1)	1952	813
PB1|PP755595.1|A/cattle/Texas/24-008749-003/2024(H5N1)	1953	832
PB1|PP755595.1|A/cattle/Texas/24-008749-003/2024(H5N1)	1954	854
PB1|PP755595.1|A/cattle/Texas/24-008749-003/2024(H5N1)	1955	859
PB1|PP755595.1|A/cattle/Texas/24-008749-003/2024(H5N1)	1956	861
PB1|PP755595.1|A/cattle/Texas/24-008749-003/2024(H5N1)	1957	861
PB1|PP755595.1|A/cattle/Texas/24-008749-003/2024(H5N1)	1958	853
PB1|PP755595.1|A/cattle/Texas/24-008749-003/2024(H5N1)	1959	867
PB1|PP755595.1|A/cattle/Texas/24-008749-003/2024(H5N1)	1960	872
PB1|PP755595.1|A/cattle/Texas/24-008749-003/2024(H5N1)	1961	889
PB1|PP755595.1|A/cattle/Texas/24-008749-003/2024(H5N1)	1962	853
PB1|PP755595.1|A/cattle/Texas/24-008749-003/2024(H5N1)	1963	832
PB1|PP755595.1|A/cattle/Texas/24-008749-003/2024(H5N1)	1964	832
PB1|PP755595.1|A/cattle/Texas/24-008749-003/2024(H5N1)	1965	833
PB1|PP755595.1|A/cattle/Texas/24-008749-003/2024(H5N1)	1966	859
PB1|PP755595.1|A/cattle/Texas/24-008749-003/2024(H5N1)	1967	867
PB1|PP755595.1|A/cattle/Texas/24-008749-003/2024(H5N1)	1968	891
PB1|PP755595.1|A/cattle/Texas/24-008749-003/2024(H5N1)	1969	889
PB1|PP755595.1|A/cattle/Texas/24-008749-003/2024(H5N1)	1970	876
PB1|PP755595.1|A/cattle/Texas/24-008749-003/2024(H5N1)	1971	876
PB1|PP755595.1|A/cattle/Texas/24-008749-003/2024(H5N1)	1972	874
PB1|PP755595.1|A/cattle/Texas/24-008749-003/2024(H5N1)	1973	880
PB1|PP755595.1|A/cattle/Texas/24-008749-003/2024(H5N1)	1974	879
PB1|PP755595.1|A/cattle/Texas/24-008749-003/2024(H5N1)	1975	868
PB1|PP755595.1|A/cattle/Texas/24-008749-003/2024(H5N1)	1976	854
PB1|PP755595.1|A/cattle/Texas/24-008749-003/2024(H5N1)	1977	836
PB1|PP755595.1|A/cattle/Texas/24-008749-003/2024(H5N1)	1978	848
PB1|PP755595.1|A/cattle/Texas/24-008749-003/2024(H5N1)	1979	844
PB1|PP755595.1|A/cattle/Texas/24-008749-003/2024(H5N1)	1980	851
PB1|PP755595.1|A/cattle/Texas/24-008749-003/2024(H5N1)	1981	851
PB1|PP755595.1|A/cattle/Texas/24-008749-003/2024(H5N1)	1982	848
PB1|PP755595.1|A/cattle/Texas/24-008749-003/2024(H5N1)	1983	850
PB1|PP755595.1|A/cattle/Texas/24-008749-003/2024(H5N1)	1984	848
PB1|PP755595.1|A/cattle/Texas/24-008749-003/2024(H5N1)	1985	853
PB1|PP755595.1|A/cattle/Texas/24-008749-003/2024(H5N1)	1986	853
PB1|PP755595.1|A/cattle/Texas/24-008749-003/2024(H5N1)	1987	854
PB1|PP755595.1|A/cattle/Texas/24-008749-003/2024(H5N1)	1988	853
PB1|PP755595.1|A/cattle/Texas/24-008749-003/2024(H5N1)	1989	850
PB1|PP755595.1|A/cattle/Texas/24-008749-003/2024(H5N1)	1990	850
PB1|PP755595.1|A/cattle/Texas/24-008749-003/2024(H5N1)	1991	852
PB1|PP755595.1|A/cattle/Texas/24-008749-003/2024(H5N1)	1992	916
PB1|PP755595.1|A/cattle/Texas/24-008749-003/2024(H5N1)	1993	916
PB1|PP755595.1|A/cattle/Texas/24-008749-003/2024(H5N1)	1994	918
PB1|PP755595.1|A/cattle/Texas/24-008749-003/2024(H5N1)	1995	917
PB1|PP755595.1|A/cattle/Texas/24-008749-003/2024(H5N1)	1996	915
PB1|PP755595.1|A/cattle/Texas/24-008749-003/2024(H5N1)	1997	915
PB1|PP755595.1|A/cattle/Texas/24-008749-003/2024(H5N1)	1998	915
PB1|PP755595.1|A/cattle/Texas/24-008749-003/2024(H5N1)	1999	912
PB1|PP755595.1|A/cattle/Texas/24-008749-003/2024(H5N1)	2000	922
PB1|PP755595.1|A/cattle/Texas/24-008749-003/2024(H5N1)	2001	927
PB1|PP755595.1|A/cattle/Texas/24-008749-003/2024(H5N1)	2002	944
PB1|PP755595.1|A/cattle/Texas/24-008749-003/2024(H5N1)	2003	941
PB1|PP755595.1|A/cattle/Texas/24-008749-003/2024(H5N1)	2004	941
PB1|PP755595.1|A/cattle/Texas/24-008749-003/2024(H5N1)	2005	948
PB1|PP755595.1|A/cattle/Texas/24-008749-003/2024(H5N1)	2006	942
PB1|PP755595.1|A/cattle/Texas/24-008749-003/2024(H5N1)	2007	942
PB1|PP755595.1|A/cattle/Texas/24-008749-003/2024(H5N1)	2008	948
PB1|PP755595.1|A/cattle/Texas/24-008749-003/2024(H5N1)	2009	948
PB1|PP755595.1|A/cattle/Texas/24-008749-003/2024(H5N1)	2010	945
PB1|PP755595.1|A/cattle/Texas/24-008749-003/2024(H5N1)	2011	941
PB1|PP755595.1|A/cattle/Texas/24-008749-003/2024(H5N1)	2012	956
PB1|PP755595.1|A/cattle/Texas/24-008749-003/2024(H5N1)	2013	947
PB1|PP755595.1|A/cattle/Texas/24-008749-003/2024(H5N1)	2014	947
PB1|PP755595.1|A/cattle/Texas/24-008749-003/2024(H5N1)	2015	989
PB1|PP755595.1|A/cattle/Texas/24-008749-003/2024(H5N1)	2016	987
PB1|PP755595.1|A/cattle/Texas/24-008749-003/2024(H5N1)	2017	986
PB1|PP755595.1|A/cattle/Texas/24-008749-003/2024(H5N1)	2018	963
PB1|PP755595.1|A/cattle/Texas/24-008749-003/2024(H5N1)	2019	962
PB1|PP755595.1|A/cattle/Texas/24-008749-003/2024(H5N1)	2020	984
PB1|PP755595.1|A/cattle/Texas/24-008749-003/2024(H5N1)	2021	993
PB1|PP755595.1|A/cattle/Texas/24-008749-003/2024(H5N1)	2022	1008
PB1|PP755595.1|A/cattle/Texas/24-008749-003/2024(H5N1)	2023	999
PB1|PP755595.1|A/cattle/Texas/24-008749-003/2024(H5N1)	2024	960
PB1|PP755595.1|A/cattle/Texas/24-008749-003/2024(H5N1)	2025	960
PB1|PP755595.1|A/cattle/Texas/24-008749-003/2024(H5N1)	2026	973
PB1|PP755595.1|A/cattle/Texas/24-008749-003/2024(H5N1)	2027	984
PB1|PP755595.1|A/cattle/Texas/24-008749-003/2024(H5N1)	2028	984
PB1|PP755595.1|A/cattle/Texas/24-008749-003/2024(H5N1)	2029	966
PB1|PP755595.1|A/cattle/Texas/24-008749-003/2024(H5N1)	2030	957
PB1|PP755595.1|A/cattle/Texas/24-008749-003/2024(H5N1)	2031	934
PB1|PP755595.1|A/cattle/Texas/24-008749-003/2024(H5N1)	2032	939
PB1|PP755595.1|A/cattle/Texas/24-008749-003/2024(H5N1)	2033	945
PB1|PP755595.1|A/cattle/Texas/24-008749-003/2024(H5N1)	2034	943
PB1|PP755595.1|A/cattle/Texas/24-008749-003/2024(H5N1)	2035	945
PB1|PP755595.1|A/cattle/Texas/24-008749-003/2024(H5N1)	2036	935
PB1|PP755595.1|A/cattle/Texas/24-008749-003/2024(H5N1)	2037	938
PB1|PP755595.1|A/cattle/Texas/24-008749-003/2024(H5N1)	2038	938
PB1|PP755595.1|A/cattle/Texas/24-008749-003/2024(H5N1)	2039	946
PB1|PP755595.1|A/cattle/Texas/24-008749-003/2024(H5N1)	2040	945
PB1|PP755595.1|A/cattle/Texas/24-008749-003/2024(H5N1)	2041	933
PB1|PP755595.1|A/cattle/Texas/24-008749-003/2024(H5N1)	2042	926
PB1|PP755595.1|A/cattle/Texas/24-008749-003/2024(H5N1)	2043	922
PB1|PP755595.1|A/cattle/Texas/24-008749-003/2024(H5N1)	2044	923
PB1|PP755595.1|A/cattle/Texas/24-008749-003/2024(H5N1)	2045	926
PB1|PP755595.1|A/cattle/Texas/24-008749-003/2024(H5N1)	2046	933
PB1|PP755595.1|A/cattle/Texas/24-008749-003/2024(H5N1)	2047	933
PB1|PP755595.1|A/cattle/Texas/24-008749-003/2024(H5N1)	2048	924
PB1|PP755595.1|A/cattle/Texas/24-008749-003/2024(H5N1)	2049	923
PB1|PP755595.1|A/cattle/Texas/24-008749-003/2024(H5N1)	2050	922
PB1|PP755595.1|A/cattle/Texas/24-008749-003/2024(H5N1)	2051	941
PB1|PP755595.1|A/cattle/Texas/24-008749-003/2024(H5N1)	2052	939
PB1|PP755595.1|A/cattle/Texas/24-008749-003/2024(H5N1)	2053	937
PB1|PP755595.1|A/cattle/Texas/24-008749-003/2024(H5N1)	2054	934
PB1|PP755595.1|A/cattle/Texas/24-008749-003/2024(H5N1)	2055	911
PB1|PP755595.1|A/cattle/Texas/24-008749-003/2024(H5N1)	2056	920
PB1|PP755595.1|A/cattle/Texas/24-008749-003/2024(H5N1)	2057	875
PB1|PP755595.1|A/cattle/Texas/24-008749-003/2024(H5N1)	2058	875
PB1|PP755595.1|A/cattle/Texas/24-008749-003/2024(H5N1)	2059	877
PB1|PP755595.1|A/cattle/Texas/24-008749-003/2024(H5N1)	2060	872
PB1|PP755595.1|A/cattle/Texas/24-008749-003/2024(H5N1)	2061	878
PB1|PP755595.1|A/cattle/Texas/24-008749-003/2024(H5N1)	2062	942
PB1|PP755595.1|A/cattle/Texas/24-008749-003/2024(H5N1)	2063	940
PB1|PP755595.1|A/cattle/Texas/24-008749-003/2024(H5N1)	2064	940
PB1|PP755595.1|A/cattle/Texas/24-008749-003/2024(H5N1)	2065	926
PB1|PP755595.1|A/cattle/Texas/24-008749-003/2024(H5N1)	2066	917
PB1|PP755595.1|A/cattle/Texas/24-008749-003/2024(H5N1)	2067	927
PB1|PP755595.1|A/cattle/Texas/24-008749-003/2024(H5N1)	2068	926
PB1|PP755595.1|A/cattle/Texas/24-008749-003/2024(H5N1)	2069	930
PB1|PP755595.1|A/cattle/Texas/24-008749-003/2024(H5N1)	2070	917
PB1|PP755595.1|A/cattle/Texas/24-008749-003/2024(H5N1)	2071	906
PB1|PP755595.1|A/cattle/Texas/24-008749-003/2024(H5N1)	2072	905
PB1|PP755595.1|A/cattle/Texas/24-008749-003/2024(H5N1)	2073	907
PB1|PP755595.1|A/cattle/Texas/24-008749-003/2024(H5N1)	2074	918
PB1|PP755595.1|A/cattle/Texas/24-008749-003/2024(H5N1)	2075	917
PB1|PP755595.1|A/cattle/Texas/24-008749-003/2024(H5N1)	2076	874
PB1|PP755595.1|A/cattle/Texas/24-008749-003/2024(H5N1)	2077	872
PB1|PP755595.1|A/cattle/Texas/24-008749-003/2024(H5N1)	2078	874
PB1|PP755595.1|A/cattle/Texas/24-008749-003/2024(H5N1)	2079	875
PB1|PP755595.1|A/cattle/Texas/24-008749-003/2024(H5N1)	2080	876
PB1|PP755595.1|A/cattle/Texas/24-008749-003/2024(H5N1)	2081	870
PB1|PP755595.1|A/cattle/Texas/24-008749-003/2024(H5N1)	2082	864
PB1|PP755595.1|A/cattle/Texas/24-008749-003/2024(H5N1)	2083	854
PB1|PP755595.1|A/cattle/Texas/24-008749-003/2024(H5N1)	2084	857
PB1|PP755595.1|A/cattle/Texas/24-008749-003/2024(H5N1)	2085	865
PB1|PP755595.1|A/cattle/Texas/24-008749-003/2024(H5N1)	2086	866
PB1|PP755595.1|A/cattle/Texas/24-008749-003/2024(H5N1)	2087	870
PB1|PP755595.1|A/cattle/Texas/24-008749-003/2024(H5N1)	2088	874
PB1|PP755595.1|A/cattle/Texas/24-008749-003/2024(H5N1)	2089	874
PB1|PP755595.1|A/cattle/Texas/24-008749-003/2024(H5N1)	2090	873
PB1|PP755595.1|A/cattle/Texas/24-008749-003/2024(H5N1)	2091	873
PB1|PP755595.1|A/cattle/Texas/24-008749-003/2024(H5N1)	2092	873
PB1|PP755595.1|A/cattle/Texas/24-008749-003/2024(H5N1)	2093	886
PB1|PP755595.1|A/cattle/Texas/24-008749-003/2024(H5N1)	2094	888
PB1|PP755595.1|A/cattle/Texas/24-008749-003/2024(H5N1)	2095	889
PB1|PP755595.1|A/cattle/Texas/24-008749-003/2024(H5N1)	2096	895
PB1|PP755595.1|A/cattle/Texas/24-008749-003/2024(H5N1)	2097	897
PB1|PP755595.1|A/cattle/Texas/24-008749-003/2024(H5N1)	2098	910
PB1|PP755595.1|A/cattle/Texas/24-008749-003/2024(H5N1)	2099	915
PB1|PP755595.1|A/cattle/Texas/24-008749-003/2024(H5N1)	2100	912
PB1|PP755595.1|A/cattle/Texas/24-008749-003/2024(H5N1)	2101	912
PB1|PP755595.1|A/cattle/Texas/24-008749-003/2024(H5N1)	2102	887
PB1|PP755595.1|A/cattle/Texas/24-008749-003/2024(H5N1)	2103	883
PB1|PP755595.1|A/cattle/Texas/24-008749-003/2024(H5N1)	2104	882
PB1|PP755595.1|A/cattle/Texas/24-008749-003/2024(H5N1)	2105	866
PB1|PP755595.1|A/cattle/Texas/24-008749-003/2024(H5N1)	2106	909
PB1|PP755595.1|A/cattle/Texas/24-008749-003/2024(H5N1)	2107	913
PB1|PP755595.1|A/cattle/Texas/24-008749-003/2024(H5N1)	2108	920
PB1|PP755595.1|A/cattle/Texas/24-008749-003/2024(H5N1)	2109	926
PB1|PP755595.1|A/cattle/Texas/24-008749-003/2024(H5N1)	2110	921
PB1|PP755595.1|A/cattle/Texas/24-008749-003/2024(H5N1)	2111	904
PB1|PP755595.1|A/cattle/Texas/24-008749-003/2024(H5N1)	2112	907
PB1|PP755595.1|A/cattle/Texas/24-008749-003/2024(H5N1)	2113	909
PB1|PP755595.1|A/cattle/Texas/24-008749-003/2024(H5N1)	2114	908
PB1|PP755595.1|A/cattle/Texas/24-008749-003/2024(H5N1)	2115	909
PB1|PP755595.1|A/cattle/Texas/24-008749-003/2024(H5N1)	2116	896
PB1|PP755595.1|A/cattle/Texas/24-008749-003/2024(H5N1)	2117	875
PB1|PP755595.1|A/cattle/Texas/24-008749-003/2024(H5N1)	2118	899
PB1|PP755595.1|A/cattle/Texas/24-008749-003/2024(H5N1)	2119	840
PB1|PP755595.1|A/cattle/Texas/24-008749-003/2024(H5N1)	2120	838
PB1|PP755595.1|A/cattle/Texas/24-008749-003/2024(H5N1)	2121	831
PB1|PP755595.1|A/cattle/Texas/24-008749-003/2024(H5N1)	2122	841
PB1|PP755595.1|A/cattle/Texas/24-008749-003/2024(H5N1)	2123	837
PB1|PP755595.1|A/cattle/Texas/24-008749-003/2024(H5N1)	2124	835
PB1|PP755595.1|A/cattle/Texas/24-008749-003/2024(H5N1)	2125	852
PB1|PP755595.1|A/cattle/Texas/24-008749-003/2024(H5N1)	2126	854
PB1|PP755595.1|A/cattle/Texas/24-008749-003/2024(H5N1)	2127	856
PB1|PP755595.1|A/cattle/Texas/24-008749-003/2024(H5N1)	2128	858
PB1|PP755595.1|A/cattle/Texas/24-008749-003/2024(H5N1)	2129	846
PB1|PP755595.1|A/cattle/Texas/24-008749-003/2024(H5N1)	2130	848
PB1|PP755595.1|A/cattle/Texas/24-008749-003/2024(H5N1)	2131	842
PB1|PP755595.1|A/cattle/Texas/24-008749-003/2024(H5N1)	2132	841
PB1|PP755595.1|A/cattle/Texas/24-008749-003/2024(H5N1)	2133	838
PB1|PP755595.1|A/cattle/Texas/24-008749-003/2024(H5N1)	2134	866
PB1|PP755595.1|A/cattle/Texas/24-008749-003/2024(H5N1)	2135	869
PB1|PP755595.1|A/cattle/Texas/24-008749-003/2024(H5N1)	2136	869
PB1|PP755595.1|A/cattle/Texas/24-008749-003/2024(H5N1)	2137	868
PB1|PP755595.1|A/cattle/Texas/24-008749-003/2024(H5N1)	2138	863
PB1|PP755595.1|A/cattle/Texas/24-008749-003/2024(H5N1)	2139	893
PB1|PP755595.1|A/cattle/Texas/24-008749-003/2024(H5N1)	2140	944
PB1|PP755595.1|A/cattle/Texas/24-008749-003/2024(H5N1)	2141	944
PB1|PP755595.1|A/cattle/Texas/24-008749-003/2024(H5N1)	2142	940
PB1|PP755595.1|A/cattle/Texas/24-008749-003/2024(H5N1)	2143	891
PB1|PP755595.1|A/cattle/Texas/24-008749-003/2024(H5N1)	2144	890
PB1|PP755595.1|A/cattle/Texas/24-008749-003/2024(H5N1)	2145	886
PB1|PP755595.1|A/cattle/Texas/24-008749-003/2024(H5N1)	2146	887
PB1|PP755595.1|A/cattle/Texas/24-008749-003/2024(H5N1)	2147	876
PB1|PP755595.1|A/cattle/Texas/24-008749-003/2024(H5N1)	2148	879
PB1|PP755595.1|A/cattle/Texas/24-008749-003/2024(H5N1)	2149	879
PB1|PP755595.1|A/cattle/Texas/24-008749-003/2024(H5N1)	2150	871
PB1|PP755595.1|A/cattle/Texas/24-008749-003/2024(H5N1)	2151	849
PB1|PP755595.1|A/cattle/Texas/24-008749-003/2024(H5N1)	2152	786
PB1|PP755595.1|A/cattle/Texas/24-008749-003/2024(H5N1)	2153	777
PB1|PP755595.1|A/cattle/Texas/24-008749-003/2024(H5N1)	2154	777
PB1|PP755595.1|A/cattle/Texas/24-008749-003/2024(H5N1)	2155	776
PB1|PP755595.1|A/cattle/Texas/24-008749-003/2024(H5N1)	2156	773
PB1|PP755595.1|A/cattle/Texas/24-008749-003/2024(H5N1)	2157	758
PB1|PP755595.1|A/cattle/Texas/24-008749-003/2024(H5N1)	2158	759
PB1|PP755595.1|A/cattle/Texas/24-008749-003/2024(H5N1)	2159	754
PB1|PP755595.1|A/cattle/Texas/24-008749-003/2024(H5N1)	2160	751
PB1|PP755595.1|A/cattle/Texas/24-008749-003/2024(H5N1)	2161	746
PB1|PP755595.1|A/cattle/Texas/24-008749-003/2024(H5N1)	2162	746
PB1|PP755595.1|A/cattle/Texas/24-008749-003/2024(H5N1)	2163	748
PB1|PP755595.1|A/cattle/Texas/24-008749-003/2024(H5N1)	2164	748
PB1|PP755595.1|A/cattle/Texas/24-008749-003/2024(H5N1)	2165	707
PB1|PP755595.1|A/cattle/Texas/24-008749-003/2024(H5N1)	2166	809
PB1|PP755595.1|A/cattle/Texas/24-008749-003/2024(H5N1)	2167	830
PB1|PP755595.1|A/cattle/Texas/24-008749-003/2024(H5N1)	2168	833
PB1|PP755595.1|A/cattle/Texas/24-008749-003/2024(H5N1)	2169	862
PB1|PP755595.1|A/cattle/Texas/24-008749-003/2024(H5N1)	2170	863
PB1|PP755595.1|A/cattle/Texas/24-008749-003/2024(H5N1)	2171	857
PB1|PP755595.1|A/cattle/Texas/24-008749-003/2024(H5N1)	2172	847
PB1|PP755595.1|A/cattle/Texas/24-008749-003/2024(H5N1)	2173	831
PB1|PP755595.1|A/cattle/Texas/24-008749-003/2024(H5N1)	2174	829
PB1|PP755595.1|A/cattle/Texas/24-008749-003/2024(H5N1)	2175	830
PB1|PP755595.1|A/cattle/Texas/24-008749-003/2024(H5N1)	2176	831
PB1|PP755595.1|A/cattle/Texas/24-008749-003/2024(H5N1)	2177	811
PB1|PP755595.1|A/cattle/Texas/24-008749-003/2024(H5N1)	2178	811
PB1|PP755595.1|A/cattle/Texas/24-008749-003/2024(H5N1)	2179	811
PB1|PP755595.1|A/cattle/Texas/24-008749-003/2024(H5N1)	2180	810
PB1|PP755595.1|A/cattle/Texas/24-008749-003/2024(H5N1)	2181	810
PB1|PP755595.1|A/cattle/Texas/24-008749-003/2024(H5N1)	2182	810
PB1|PP755595.1|A/cattle/Texas/24-008749-003/2024(H5N1)	2183	802
PB1|PP755595.1|A/cattle/Texas/24-008749-003/2024(H5N1)	2184	796
PB1|PP755595.1|A/cattle/Texas/24-008749-003/2024(H5N1)	2185	793
PB1|PP755595.1|A/cattle/Texas/24-008749-003/2024(H5N1)	2186	791
PB1|PP755595.1|A/cattle/Texas/24-008749-003/2024(H5N1)	2187	790
PB1|PP755595.1|A/cattle/Texas/24-008749-003/2024(H5N1)	2188	788
PB1|PP755595.1|A/cattle/Texas/24-008749-003/2024(H5N1)	2189	788
PB1|PP755595.1|A/cattle/Texas/24-008749-003/2024(H5N1)	2190	782
PB1|PP755595.1|A/cattle/Texas/24-008749-003/2024(H5N1)	2191	782
PB1|PP755595.1|A/cattle/Texas/24-008749-003/2024(H5N1)	2192	782
PB1|PP755595.1|A/cattle/Texas/24-008749-003/2024(H5N1)	2193	782
PB1|PP755595.1|A/cattle/Texas/24-008749-003/2024(H5N1)	2194	778
PB1|PP755595.1|A/cattle/Texas/24-008749-003/2024(H5N1)	2195	769
PB1|PP755595.1|A/cattle/Texas/24-008749-003/2024(H5N1)	2196	766
PB1|PP755595.1|A/cattle/Texas/24-008749-003/2024(H5N1)	2197	766
PB1|PP755595.1|A/cattle/Texas/24-008749-003/2024(H5N1)	2198	766
PB1|PP755595.1|A/cattle/Texas/24-008749-003/2024(H5N1)	2199	765
PB1|PP755595.1|A/cattle/Texas/24-008749-003/2024(H5N1)	2200	765
PB1|PP755595.1|A/cattle/Texas/24-008749-003/2024(H5N1)	2201	748
PB1|PP755595.1|A/cattle/Texas/24-008749-003/2024(H5N1)	2202	756
PB1|PP755595.1|A/cattle/Texas/24-008749-003/2024(H5N1)	2203	756
PB1|PP755595.1|A/cattle/Texas/24-008749-003/2024(H5N1)	2204	754
PB1|PP755595.1|A/cattle/Texas/24-008749-003/2024(H5N1)	2205	754
PB1|PP755595.1|A/cattle/Texas/24-008749-003/2024(H5N1)	2206	754
PB1|PP755595.1|A/cattle/Texas/24-008749-003/2024(H5N1)	2207	748
PB1|PP755595.1|A/cattle/Texas/24-008749-003/2024(H5N1)	2208	748
PB1|PP755595.1|A/cattle/Texas/24-008749-003/2024(H5N1)	2209	748
PB1|PP755595.1|A/cattle/Texas/24-008749-003/2024(H5N1)	2210	738
PB1|PP755595.1|A/cattle/Texas/24-008749-003/2024(H5N1)	2211	671
PB1|PP755595.1|A/cattle/Texas/24-008749-003/2024(H5N1)	2212	665
PB1|PP755595.1|A/cattle/Texas/24-008749-003/2024(H5N1)	2213	664
PB1|PP755595.1|A/cattle/Texas/24-008749-003/2024(H5N1)	2214	664
PB1|PP755595.1|A/cattle/Texas/24-008749-003/2024(H5N1)	2215	663
PB1|PP755595.1|A/cattle/Texas/24-008749-003/2024(H5N1)	2216	652
PB1|PP755595.1|A/cattle/Texas/24-008749-003/2024(H5N1)	2217	650
PB1|PP755595.1|A/cattle/Texas/24-008749-003/2024(H5N1)	2218	638
PB1|PP755595.1|A/cattle/Texas/24-008749-003/2024(H5N1)	2219	636
PB1|PP755595.1|A/cattle/Texas/24-008749-003/2024(H5N1)	2220	630
PB1|PP755595.1|A/cattle/Texas/24-008749-003/2024(H5N1)	2221	630
PB1|PP755595.1|A/cattle/Texas/24-008749-003/2024(H5N1)	2222	625
PB1|PP755595.1|A/cattle/Texas/24-008749-003/2024(H5N1)	2223	622
PB1|PP755595.1|A/cattle/Texas/24-008749-003/2024(H5N1)	2224	621
PB1|PP755595.1|A/cattle/Texas/24-008749-003/2024(H5N1)	2225	607
PB1|PP755595.1|A/cattle/Texas/24-008749-003/2024(H5N1)	2226	607
PB1|PP755595.1|A/cattle/Texas/24-008749-003/2024(H5N1)	2227	605
PB1|PP755595.1|A/cattle/Texas/24-008749-003/2024(H5N1)	2228	602
PB1|PP755595.1|A/cattle/Texas/24-008749-003/2024(H5N1)	2229	601
PB1|PP755595.1|A/cattle/Texas/24-008749-003/2024(H5N1)	2230	600
PB1|PP755595.1|A/cattle/Texas/24-008749-003/2024(H5N1)	2231	599
PB1|PP755595.1|A/cattle/Texas/24-008749-003/2024(H5N1)	2232	599
PB1|PP755595.1|A/cattle/Texas/24-008749-003/2024(H5N1)	2233	599
PB1|PP755595.1|A/cattle/Texas/24-008749-003/2024(H5N1)	2234	598
PB1|PP755595.1|A/cattle/Texas/24-008749-003/2024(H5N1)	2235	585
PB1|PP755595.1|A/cattle/Texas/24-008749-003/2024(H5N1)	2236	575
PB1|PP755595.1|A/cattle/Texas/24-008749-003/2024(H5N1)	2237	573
PB1|PP755595.1|A/cattle/Texas/24-008749-003/2024(H5N1)	2238	570
PB1|PP755595.1|A/cattle/Texas/24-008749-003/2024(H5N1)	2239	562
PB1|PP755595.1|A/cattle/Texas/24-008749-003/2024(H5N1)	2240	561
PB1|PP755595.1|A/cattle/Texas/24-008749-003/2024(H5N1)	2241	561
PB1|PP755595.1|A/cattle/Texas/24-008749-003/2024(H5N1)	2242	561
PB1|PP755595.1|A/cattle/Texas/24-008749-003/2024(H5N1)	2243	561
PB1|PP755595.1|A/cattle/Texas/24-008749-003/2024(H5N1)	2244	534
PB1|PP755595.1|A/cattle/Texas/24-008749-003/2024(H5N1)	2245	534
PB1|PP755595.1|A/cattle/Texas/24-008749-003/2024(H5N1)	2246	534
PB1|PP755595.1|A/cattle/Texas/24-008749-003/2024(H5N1)	2247	527
PB1|PP755595.1|A/cattle/Texas/24-008749-003/2024(H5N1)	2248	526
PB1|PP755595.1|A/cattle/Texas/24-008749-003/2024(H5N1)	2249	511
PB1|PP755595.1|A/cattle/Texas/24-008749-003/2024(H5N1)	2250	505
PB1|PP755595.1|A/cattle/Texas/24-008749-003/2024(H5N1)	2251	499
PB1|PP755595.1|A/cattle/Texas/24-008749-003/2024(H5N1)	2252	500
PB1|PP755595.1|A/cattle/Texas/24-008749-003/2024(H5N1)	2253	500
PB1|PP755595.1|A/cattle/Texas/24-008749-003/2024(H5N1)	2254	500
PB1|PP755595.1|A/cattle/Texas/24-008749-003/2024(H5N1)	2255	457
PB1|PP755595.1|A/cattle/Texas/24-008749-003/2024(H5N1)	2256	456
PB1|PP755595.1|A/cattle/Texas/24-008749-003/2024(H5N1)	2257	446
PB1|PP755595.1|A/cattle/Texas/24-008749-003/2024(H5N1)	2258	441
PB1|PP755595.1|A/cattle/Texas/24-008749-003/2024(H5N1)	2259	441
PB1|PP755595.1|A/cattle/Texas/24-008749-003/2024(H5N1)	2260	438
PB1|PP755595.1|A/cattle/Texas/24-008749-003/2024(H5N1)	2261	432
PB1|PP755595.1|A/cattle/Texas/24-008749-003/2024(H5N1)	2262	432
PB1|PP755595.1|A/cattle/Texas/24-008749-003/2024(H5N1)	2263	428
PB1|PP755595.1|A/cattle/Texas/24-008749-003/2024(H5N1)	2264	425
PB1|PP755595.1|A/cattle/Texas/24-008749-003/2024(H5N1)	2265	391
PB1|PP755595.1|A/cattle/Texas/24-008749-003/2024(H5N1)	2266	390
PB1|PP755595.1|A/cattle/Texas/24-008749-003/2024(H5N1)	2267	390
PB1|PP755595.1|A/cattle/Texas/24-008749-003/2024(H5N1)	2268	389
PB1|PP755595.1|A/cattle/Texas/24-008749-003/2024(H5N1)	2269	388
PB1|PP755595.1|A/cattle/Texas/24-008749-003/2024(H5N1)	2270	388
PB1|PP755595.1|A/cattle/Texas/24-008749-003/2024(H5N1)	2271	388
PB1|PP755595.1|A/cattle/Texas/24-008749-003/2024(H5N1)	2272	378
PB1|PP755595.1|A/cattle/Texas/24-008749-003/2024(H5N1)	2273	370
PB1|PP755595.1|A/cattle/Texas/24-008749-003/2024(H5N1)	2274	370
