PB1|PP755595.1|A/cattle/Texas/24-008749-003/2024(H5N1)	1	3561
PB1|PP755595.1|A/cattle/Texas/24-008749-003/2024(H5N1)	2	3577
PB1|PP755595.1|A/cattle/Texas/24-008749-003/2024(H5N1)	3	3600
PB1|PP755595.1|A/cattle/Texas/24-008749-003/2024(H5N1)	4	3639
PB1|PP755595.1|A/cattle/Texas/24-008749-003/2024(H5N1)	5	3783
PB1|PP755595.1|A/cattle/Texas/24-008749-003/2024(H5N1)	6	3835
PB1|PP755595.1|A/cattle/Texas/24-008749-003/2024(H5N1)	7	3843
PB1|PP755595.1|A/cattle/Texas/24-008749-003/2024(H5N1)	8	3846
PB1|PP755595.1|A/cattle/Texas/24-008749-003/2024(H5N1)	9	3963
PB1|PP755595.1|A/cattle/Texas/24-008749-003/2024(H5N1)	10	3979
PB1|PP755595.1|A/cattle/Texas/24-008749-003/2024(H5N1)	11	3996
PB1|PP755595.1|A/cattle/Texas/24-008749-003/2024(H5N1)	12	3997
PB1|PP755595.1|A/cattle/Texas/24-008749-003/2024(H5N1)	13	4014
PB1|PP755595.1|A/cattle/Texas/24-008749-003/2024(H5N1)	14	4057
PB1|PP755595.1|A/cattle/Texas/24-008749-003/2024(H5N1)	15	4110
PB1|PP755595.1|A/cattle/Texas/24-008749-003/2024(H5N1)	16	4196
PB1|PP755595.1|A/cattle/Texas/24-008749-003/2024(H5N1)	17	4211
PB1|PP755595.1|A/cattle/Texas/24-008749-003/2024(H5N1)	18	4215
PB1|PP755595.1|A/cattle/Texas/24-008749-003/2024(H5N1)	19	4250
PB1|PP755595.1|A/cattle/Texas/24-008749-003/2024(H5N1)	20	4258
PB1|PP755595.1|A/cattle/Texas/24-008749-003/2024(H5N1)	21	4261
PB1|PP755595.1|A/cattle/Texas/24-008749-003/2024(H5N1)	22	4274
PB1|PP755595.1|A/cattle/Texas/24-008749-003/2024(H5N1)	23	4276
PB1|PP755595.1|A/cattle/Texas/24-008749-003/2024(H5N1)	24	4296
PB1|PP755595.1|A/cattle/Texas/24-008749-003/2024(H5N1)	25	4305
PB1|PP755595.1|A/cattle/Texas/24-008749-003/2024(H5N1)	26	4458
PB1|PP755595.1|A/cattle/Texas/24-008749-003/2024(H5N1)	27	4475
PB1|PP755595.1|A/cattle/Texas/24-008749-003/2024(H5N1)	28	4482
PB1|PP755595.1|A/cattle/Texas/24-008749-003/2024(H5N1)	29	4490
PB1|PP755595.1|A/cattle/Texas/24-008749-003/2024(H5N1)	30	4465
PB1|PP755595.1|A/cattle/Texas/24-008749-003/2024(H5N1)	31	4519
PB1|PP755595.1|A/cattle/Texas/24-008749-003/2024(H5N1)	32	4529
PB1|PP755595.1|A/cattle/Texas/24-008749-003/2024(H5N1)	33	4531
PB1|PP755595.1|A/cattle/Texas/24-008749-003/2024(H5N1)	34	4594
PB1|PP755595.1|A/cattle/Texas/24-008749-003/2024(H5N1)	35	4585
PB1|PP755595.1|A/cattle/Texas/24-008749-003/2024(H5N1)	36	4598
PB1|PP755595.1|A/cattle/Texas/24-008749-003/2024(H5N1)	37	4686
PB1|PP755595.1|A/cattle/Texas/24-008749-003/2024(H5N1)	38	4693
PB1|PP755595.1|A/cattle/Texas/24-008749-003/2024(H5N1)	39	4694
PB1|PP755595.1|A/cattle/Texas/24-008749-003/2024(H5N1)	40	4866
PB1|PP755595.1|A/cattle/Texas/24-008749-003/2024(H5N1)	41	4932
PB1|PP755595.1|A/cattle/Texas/24-008749-003/2024(H5N1)	42	4938
PB1|PP755595.1|A/cattle/Texas/24-008749-003/2024(H5N1)	43	4960
PB1|PP755595.1|A/cattle/Texas/24-008749-003/2024(H5N1)	44	4960
PB1|PP755595.1|A/cattle/Texas/24-008749-003/2024(H5N1)	45	4976
PB1|PP755595.1|A/cattle/Texas/24-008749-003/2024(H5N1)	46	4984
PB1|PP755595.1|A/cattle/Texas/24-008749-003/2024(H5N1)	47	5036
PB1|PP755595.1|A/cattle/Texas/24-008749-003/2024(H5N1)	48	5139
PB1|PP755595.1|A/cattle/Texas/24-008749-003/2024(H5N1)	49	5345
PB1|PP755595.1|A/cattle/Texas/24-008749-003/2024(H5N1)	50	5372
PB1|PP755595.1|A/cattle/Texas/24-008749-003/2024(H5N1)	51	5420
PB1|PP755595.1|A/cattle/Texas/24-008749-003/2024(H5N1)	52	5433
PB1|PP755595.1|A/cattle/Texas/24-008749-003/2024(H5N1)	53	5463
PB1|PP755595.1|A/cattle/Texas/24-008749-003/2024(H5N1)	54	5660
PB1|PP755595.1|A/cattle/Texas/24-008749-003/2024(H5N1)	55	5660
PB1|PP755595.1|A/cattle/Texas/24-008749-003/2024(H5N1)	56	5811
PB1|PP755595.1|A/cattle/Texas/24-008749-003/2024(H5N1)	57	5827
PB1|PP755595.1|A/cattle/Texas/24-008749-003/2024(H5N1)	58	5909
PB1|PP755595.1|A/cattle/Texas/24-008749-003/2024(H5N1)	59	6058
PB1|PP755595.1|A/cattle/Texas/24-008749-003/2024(H5N1)	60	6074
PB1|PP755595.1|A/cattle/Texas/24-008749-003/2024(H5N1)	61	6119
PB1|PP755595.1|A/cattle/Texas/24-008749-003/2024(H5N1)	62	6147
PB1|PP755595.1|A/cattle/Texas/24-008749-003/2024(H5N1)	63	6180
PB1|PP755595.1|A/cattle/Texas/24-008749-003/2024(H5N1)	64	6231
PB1|PP755595.1|A/cattle/Texas/24-008749-003/2024(H5N1)	65	6347
PB1|PP755595.1|A/cattle/Texas/24-008749-003/2024(H5N1)	66	7001
PB1|PP755595.1|A/cattle/Texas/24-008749-003/2024(H5N1)	67	7009
PB1|PP755595.1|A/cattle/Texas/24-008749-003/2024(H5N1)	68	7009
PB1|PP755595.1|A/cattle/Texas/24-008749-003/2024(H5N1)	69	7009
PB1|PP755595.1|A/cattle/Texas/24-008749-003/2024(H5N1)	70	7044
PB1|PP755595.1|A/cattle/Texas/24-008749-003/2024(H5N1)	71	7218
PB1|PP755595.1|A/cattle/Texas/24-008749-003/2024(H5N1)	72	7296
PB1|PP755595.1|A/cattle/Texas/24-008749-003/2024(H5N1)	73	7455
PB1|PP755595.1|A/cattle/Texas/24-008749-003/2024(H5N1)	74	7513
PB1|PP755595.1|A/cattle/Texas/24-008749-003/2024(H5N1)	75	7545
PB1|PP755595.1|A/cattle/Texas/24-008749-003/2024(H5N1)	76	7605
PB1|PP755595.1|A/cattle/Texas/24-008749-003/2024(H5N1)	77	7634
PB1|PP755595.1|A/cattle/Texas/24-008749-003/2024(H5N1)	78	7652
PB1|PP755595.1|A/cattle/Texas/24-008749-003/2024(H5N1)	79	7663
PB1|PP755595.1|A/cattle/Texas/24-008749-003/2024(H5N1)	80	7732
PB1|PP755595.1|A/cattle/Texas/24-008749-003/2024(H5N1)	81	7755
PB1|PP755595.1|A/cattle/Texas/24-008749-003/2024(H5N1)	82	8066
PB1|PP755595.1|A/cattle/Texas/24-008749-003/2024(H5N1)	83	8091
PB1|PP755595.1|A/cattle/Texas/24-008749-003/2024(H5N1)	84	8107
PB1|PP755595.1|A/cattle/Texas/24-008749-003/2024(H5N1)	85	8363
PB1|PP755595.1|A/cattle/Texas/24-008749-003/2024(H5N1)	86	8401
PB1|PP755595.1|A/cattle/Texas/24-008749-003/2024(H5N1)	87	8416
PB1|PP755595.1|A/cattle/Texas/24-008749-003/2024(H5N1)	88	8418
PB1|PP755595.1|A/cattle/Texas/24-008749-003/2024(H5N1)	89	8419
PB1|PP755595.1|A/cattle/Texas/24-008749-003/2024(H5N1)	90	8430
PB1|PP755595.1|A/cattle/Texas/24-008749-003/2024(H5N1)	91	8430
PB1|PP755595.1|A/cattle/Texas/24-008749-003/2024(H5N1)	92	8522
PB1|PP755595.1|A/cattle/Texas/24-008749-003/2024(H5N1)	93	8583
PB1|PP755595.1|A/cattle/Texas/24-008749-003/2024(H5N1)	94	8494
PB1|PP755595.1|A/cattle/Texas/24-008749-003/2024(H5N1)	95	8502
PB1|PP755595.1|A/cattle/Texas/24-008749-003/2024(H5N1)	96	8496
PB1|PP755595.1|A/cattle/Texas/24-008749-003/2024(H5N1)	97	8494
PB1|PP755595.1|A/cattle/Texas/24-008749-003/2024(H5N1)	98	8482
PB1|PP755595.1|A/cattle/Texas/24-008749-003/2024(H5N1)	99	8474
PB1|PP755595.1|A/cattle/Texas/24-008749-003/2024(H5N1)	100	8473
PB1|PP755595.1|A/cattle/Texas/24-008749-003/2024(H5N1)	101	8434
PB1|PP755595.1|A/cattle/Texas/24-008749-003/2024(H5N1)	102	8349
PB1|PP755595.1|A/cattle/Texas/24-008749-003/2024(H5N1)	103	8346
PB1|PP755595.1|A/cattle/Texas/24-008749-003/2024(H5N1)	104	8342
PB1|PP755595.1|A/cattle/Texas/24-008749-003/2024(H5N1)	105	8322
PB1|PP755595.1|A/cattle/Texas/24-008749-003/2024(H5N1)	106	8318
PB1|PP755595.1|A/cattle/Texas/24-008749-003/2024(H5N1)	107	8297
PB1|PP755595.1|A/cattle/Texas/24-008749-003/2024(H5N1)	108	8183
PB1|PP755595.1|A/cattle/Texas/24-008749-003/2024(H5N1)	109	8182
PB1|PP755595.1|A/cattle/Texas/24-008749-003/2024(H5N1)	110	8180
PB1|PP755595.1|A/cattle/Texas/24-008749-003/2024(H5N1)	111	7778
PB1|PP755595.1|A/cattle/Texas/24-008749-003/2024(H5N1)	112	7723
PB1|PP755595.1|A/cattle/Texas/24-008749-003/2024(H5N1)	113	7689
PB1|PP755595.1|A/cattle/Texas/24-008749-003/2024(H5N1)	114	7688
PB1|PP755595.1|A/cattle/Texas/24-008749-003/2024(H5N1)	115	7688
PB1|PP755595.1|A/cattle/Texas/24-008749-003/2024(H5N1)	116	7688
PB1|PP755595.1|A/cattle/Texas/24-008749-003/2024(H5N1)	117	7494
PB1|PP755595.1|A/cattle/Texas/24-008749-003/2024(H5N1)	118	8442
PB1|PP755595.1|A/cattle/Texas/24-008749-003/2024(H5N1)	119	8444
PB1|PP755595.1|A/cattle/Texas/24-008749-003/2024(H5N1)	120	8466
PB1|PP755595.1|A/cattle/Texas/24-008749-003/2024(H5N1)	121	8471
PB1|PP755595.1|A/cattle/Texas/24-008749-003/2024(H5N1)	122	8471
PB1|PP755595.1|A/cattle/Texas/24-008749-003/2024(H5N1)	123	8474
PB1|PP755595.1|A/cattle/Texas/24-008749-003/2024(H5N1)	124	8426
PB1|PP755595.1|A/cattle/Texas/24-008749-003/2024(H5N1)	125	8342
PB1|PP755595.1|A/cattle/Texas/24-008749-003/2024(H5N1)	126	8304
PB1|PP755595.1|A/cattle/Texas/24-008749-003/2024(H5N1)	127	7190
PB1|PP755595.1|A/cattle/Texas/24-008749-003/2024(H5N1)	128	6993
PB1|PP755595.1|A/cattle/Texas/24-008749-003/2024(H5N1)	129	6715
PB1|PP755595.1|A/cattle/Texas/24-008749-003/2024(H5N1)	130	6897
PB1|PP755595.1|A/cattle/Texas/24-008749-003/2024(H5N1)	131	6890
PB1|PP755595.1|A/cattle/Texas/24-008749-003/2024(H5N1)	132	6854
PB1|PP755595.1|A/cattle/Texas/24-008749-003/2024(H5N1)	133	6838
PB1|PP755595.1|A/cattle/Texas/24-008749-003/2024(H5N1)	134	6883
PB1|PP755595.1|A/cattle/Texas/24-008749-003/2024(H5N1)	135	6773
PB1|PP755595.1|A/cattle/Texas/24-008749-003/2024(H5N1)	136	6700
PB1|PP755595.1|A/cattle/Texas/24-008749-003/2024(H5N1)	137	6573
PB1|PP755595.1|A/cattle/Texas/24-008749-003/2024(H5N1)	138	6503
PB1|PP755595.1|A/cattle/Texas/24-008749-003/2024(H5N1)	139	6835
PB1|PP755595.1|A/cattle/Texas/24-008749-003/2024(H5N1)	140	6798
PB1|PP755595.1|A/cattle/Texas/24-008749-003/2024(H5N1)	141	6850
PB1|PP755595.1|A/cattle/Texas/24-008749-003/2024(H5N1)	142	6806
PB1|PP755595.1|A/cattle/Texas/24-008749-003/2024(H5N1)	143	6749
PB1|PP755595.1|A/cattle/Texas/24-008749-003/2024(H5N1)	144	6562
PB1|PP755595.1|A/cattle/Texas/24-008749-003/2024(H5N1)	145	6534
PB1|PP755595.1|A/cattle/Texas/24-008749-003/2024(H5N1)	146	6477
PB1|PP755595.1|A/cattle/Texas/24-008749-003/2024(H5N1)	147	6363
PB1|PP755595.1|A/cattle/Texas/24-008749-003/2024(H5N1)	148	6222
PB1|PP755595.1|A/cattle/Texas/24-008749-003/2024(H5N1)	149	6153
PB1|PP755595.1|A/cattle/Texas/24-008749-003/2024(H5N1)	150	6088
PB1|PP755595.1|A/cattle/Texas/24-008749-003/2024(H5N1)	151	6082
PB1|PP755595.1|A/cattle/Texas/24-008749-003/2024(H5N1)	152	6052
PB1|PP755595.1|A/cattle/Texas/24-008749-003/2024(H5N1)	153	3954
PB1|PP755595.1|A/cattle/Texas/24-008749-003/2024(H5N1)	154	3943
PB1|PP755595.1|A/cattle/Texas/24-008749-003/2024(H5N1)	155	3918
PB1|PP755595.1|A/cattle/Texas/24-008749-003/2024(H5N1)	156	3864
PB1|PP755595.1|A/cattle/Texas/24-008749-003/2024(H5N1)	157	3971
PB1|PP755595.1|A/cattle/Texas/24-008749-003/2024(H5N1)	158	3974
PB1|PP755595.1|A/cattle/Texas/24-008749-003/2024(H5N1)	159	3972
PB1|PP755595.1|A/cattle/Texas/24-008749-003/2024(H5N1)	160	4304
PB1|PP755595.1|A/cattle/Texas/24-008749-003/2024(H5N1)	161	4309
PB1|PP755595.1|A/cattle/Texas/24-008749-003/2024(H5N1)	162	4313
PB1|PP755595.1|A/cattle/Texas/24-008749-003/2024(H5N1)	163	4316
PB1|PP755595.1|A/cattle/Texas/24-008749-003/2024(H5N1)	164	4320
PB1|PP755595.1|A/cattle/Texas/24-008749-003/2024(H5N1)	165	4323
PB1|PP755595.1|A/cattle/Texas/24-008749-003/2024(H5N1)	166	4313
PB1|PP755595.1|A/cattle/Texas/24-008749-003/2024(H5N1)	167	4318
PB1|PP755595.1|A/cattle/Texas/24-008749-003/2024(H5N1)	168	4320
PB1|PP755595.1|A/cattle/Texas/24-008749-003/2024(H5N1)	169	4324
PB1|PP755595.1|A/cattle/Texas/24-008749-003/2024(H5N1)	170	4336
PB1|PP755595.1|A/cattle/Texas/24-008749-003/2024(H5N1)	171	4331
PB1|PP755595.1|A/cattle/Texas/24-008749-003/2024(H5N1)	172	4331
PB1|PP755595.1|A/cattle/Texas/24-008749-003/2024(H5N1)	173	4375
PB1|PP755595.1|A/cattle/Texas/24-008749-003/2024(H5N1)	174	4402
PB1|PP755595.1|A/cattle/Texas/24-008749-003/2024(H5N1)	175	4398
PB1|PP755595.1|A/cattle/Texas/24-008749-003/2024(H5N1)	176	4363
PB1|PP755595.1|A/cattle/Texas/24-008749-003/2024(H5N1)	177	4342
PB1|PP755595.1|A/cattle/Texas/24-008749-003/2024(H5N1)	178	4337
PB1|PP755595.1|A/cattle/Texas/24-008749-003/2024(H5N1)	179	4370
PB1|PP755595.1|A/cattle/Texas/24-008749-003/2024(H5N1)	180	4407
PB1|PP755595.1|A/cattle/Texas/24-008749-003/2024(H5N1)	181	4399
PB1|PP755595.1|A/cattle/Texas/24-008749-003/2024(H5N1)	182	4421
PB1|PP755595.1|A/cattle/Texas/24-008749-003/2024(H5N1)	183	4409
PB1|PP755595.1|A/cattle/Texas/24-008749-003/2024(H5N1)	184	4407
PB1|PP755595.1|A/cattle/Texas/24-008749-003/2024(H5N1)	185	4414
PB1|PP755595.1|A/cattle/Texas/24-008749-003/2024(H5N1)	186	4393
PB1|PP755595.1|A/cattle/Texas/24-008749-003/2024(H5N1)	187	4396
PB1|PP755595.1|A/cattle/Texas/24-008749-003/2024(H5N1)	188	4455
PB1|PP755595.1|A/cattle/Texas/24-008749-003/2024(H5N1)	189	4446
PB1|PP755595.1|A/cattle/Texas/24-008749-003/2024(H5N1)	190	4590
PB1|PP755595.1|A/cattle/Texas/24-008749-003/2024(H5N1)	191	4577
PB1|PP755595.1|A/cattle/Texas/24-008749-003/2024(H5N1)	192	4577
PB1|PP755595.1|A/cattle/Texas/24-008749-003/2024(H5N1)	193	4613
PB1|PP755595.1|A/cattle/Texas/24-008749-003/2024(H5N1)	194	4600
PB1|PP755595.1|A/cattle/Texas/24-008749-003/2024(H5N1)	195	4664
PB1|PP755595.1|A/cattle/Texas/24-008749-003/2024(H5N1)	196	4658
PB1|PP755595.1|A/cattle/Texas/24-008749-003/2024(H5N1)	197	4656
PB1|PP755595.1|A/cattle/Texas/24-008749-003/2024(H5N1)	198	4649
PB1|PP755595.1|A/cattle/Texas/24-008749-003/2024(H5N1)	199	4556
PB1|PP755595.1|A/cattle/Texas/24-008749-003/2024(H5N1)	200	4537
PB1|PP755595.1|A/cattle/Texas/24-008749-003/2024(H5N1)	201	4477
PB1|PP755595.1|A/cattle/Texas/24-008749-003/2024(H5N1)	202	4466
PB1|PP755595.1|A/cattle/Texas/24-008749-003/2024(H5N1)	203	4528
PB1|PP755595.1|A/cattle/Texas/24-008749-003/2024(H5N1)	204	4486
PB1|PP755595.1|A/cattle/Texas/24-008749-003/2024(H5N1)	205	4463
PB1|PP755595.1|A/cattle/Texas/24-008749-003/2024(H5N1)	206	4469
PB1|PP755595.1|A/cattle/Texas/24-008749-003/2024(H5N1)	207	4398
PB1|PP755595.1|A/cattle/Texas/24-008749-003/2024(H5N1)	208	4380
PB1|PP755595.1|A/cattle/Texas/24-008749-003/2024(H5N1)	209	4198
PB1|PP755595.1|A/cattle/Texas/24-008749-003/2024(H5N1)	210	4161
PB1|PP755595.1|A/cattle/Texas/24-008749-003/2024(H5N1)	211	4155
PB1|PP755595.1|A/cattle/Texas/24-008749-003/2024(H5N1)	212	4134
PB1|PP755595.1|A/cattle/Texas/24-008749-003/2024(H5N1)	213	3300
PB1|PP755595.1|A/cattle/Texas/24-008749-003/2024(H5N1)	214	3283
PB1|PP755595.1|A/cattle/Texas/24-008749-003/2024(H5N1)	215	3283
PB1|PP755595.1|A/cattle/Texas/24-008749-003/2024(H5N1)	216	3265
PB1|PP755595.1|A/cattle/Texas/24-008749-003/2024(H5N1)	217	3082
PB1|PP755595.1|A/cattle/Texas/24-008749-003/2024(H5N1)	218	3092
PB1|PP755595.1|A/cattle/Texas/24-008749-003/2024(H5N1)	219	3132
PB1|PP755595.1|A/cattle/Texas/24-008749-003/2024(H5N1)	220	3383
PB1|PP755595.1|A/cattle/Texas/24-008749-003/2024(H5N1)	221	3383
PB1|PP755595.1|A/cattle/Texas/24-008749-003/2024(H5N1)	222	3383
PB1|PP755595.1|A/cattle/Texas/24-008749-003/2024(H5N1)	223	3408
PB1|PP755595.1|A/cattle/Texas/24-008749-003/2024(H5N1)	224	3407
PB1|PP755595.1|A/cattle/Texas/24-008749-003/2024(H5N1)	225	3397
PB1|PP755595.1|A/cattle/Texas/24-008749-003/2024(H5N1)	226	3452
PB1|PP755595.1|A/cattle/Texas/24-008749-003/2024(H5N1)	227	3458
PB1|PP755595.1|A/cattle/Texas/24-008749-003/2024(H5N1)	228	3493
PB1|PP755595.1|A/cattle/Texas/24-008749-003/2024(H5N1)	229	3474
PB1|PP755595.1|A/cattle/Texas/24-008749-003/2024(H5N1)	230	3472
PB1|PP755595.1|A/cattle/Texas/24-008749-003/2024(H5N1)	231	3465
PB1|PP755595.1|A/cattle/Texas/24-008749-003/2024(H5N1)	232	3476
PB1|PP755595.1|A/cattle/Texas/24-008749-003/2024(H5N1)	233	3491
PB1|PP755595.1|A/cattle/Texas/24-008749-003/2024(H5N1)	234	3525
PB1|PP755595.1|A/cattle/Texas/24-008749-003/2024(H5N1)	235	3938
PB1|PP755595.1|A/cattle/Texas/24-008749-003/2024(H5N1)	236	3940
PB1|PP755595.1|A/cattle/Texas/24-008749-003/2024(H5N1)	237	3954
PB1|PP755595.1|A/cattle/Texas/24-008749-003/2024(H5N1)	238	3956
PB1|PP755595.1|A/cattle/Texas/24-008749-003/2024(H5N1)	239	3959
PB1|PP755595.1|A/cattle/Texas/24-008749-003/2024(H5N1)	240	4137
PB1|PP755595.1|A/cattle/Texas/24-008749-003/2024(H5N1)	241	4149
PB1|PP755595.1|A/cattle/Texas/24-008749-003/2024(H5N1)	242	4315
PB1|PP755595.1|A/cattle/Texas/24-008749-003/2024(H5N1)	243	4318
PB1|PP755595.1|A/cattle/Texas/24-008749-003/2024(H5N1)	244	4323
PB1|PP755595.1|A/cattle/Texas/24-008749-003/2024(H5N1)	245	4350
PB1|PP755595.1|A/cattle/Texas/24-008749-003/2024(H5N1)	246	4440
PB1|PP755595.1|A/cattle/Texas/24-008749-003/2024(H5N1)	247	4464
PB1|PP755595.1|A/cattle/Texas/24-008749-003/2024(H5N1)	248	4464
PB1|PP755595.1|A/cattle/Texas/24-008749-003/2024(H5N1)	249	4460
PB1|PP755595.1|A/cattle/Texas/24-008749-003/2024(H5N1)	250	4447
PB1|PP755595.1|A/cattle/Texas/24-008749-003/2024(H5N1)	251	4375
PB1|PP755595.1|A/cattle/Texas/24-008749-003/2024(H5N1)	252	4371
PB1|PP755595.1|A/cattle/Texas/24-008749-003/2024(H5N1)	253	4337
PB1|PP755595.1|A/cattle/Texas/24-008749-003/2024(H5N1)	254	4275
PB1|PP755595.1|A/cattle/Texas/24-008749-003/2024(H5N1)	255	3488
PB1|PP755595.1|A/cattle/Texas/24-008749-003/2024(H5N1)	256	3488
PB1|PP755595.1|A/cattle/Texas/24-008749-003/2024(H5N1)	257	3488
PB1|PP755595.1|A/cattle/Texas/24-008749-003/2024(H5N1)	258	3486
PB1|PP755595.1|A/cattle/Texas/24-008749-003/2024(H5N1)	259	3486
PB1|PP755595.1|A/cattle/Texas/24-008749-003/2024(H5N1)	260	3486
PB1|PP755595.1|A/cattle/Texas/24-008749-003/2024(H5N1)	261	3485
PB1|PP755595.1|A/cattle/Texas/24-008749-003/2024(H5N1)	262	3485
PB1|PP755595.1|A/cattle/Texas/24-008749-003/2024(H5N1)	263	3485
PB1|PP755595.1|A/cattle/Texas/24-008749-003/2024(H5N1)	264	3485
PB1|PP755595.1|A/cattle/Texas/24-008749-003/2024(H5N1)	265	3485
PB1|PP755595.1|A/cattle/Texas/24-008749-003/2024(H5N1)	266	3502
PB1|PP755595.1|A/cattle/Texas/24-008749-003/2024(H5N1)	267	3507
PB1|PP755595.1|A/cattle/Texas/24-008749-003/2024(H5N1)	268	3998
PB1|PP755595.1|A/cattle/Texas/24-008749-003/2024(H5N1)	269	4011
PB1|PP755595.1|A/cattle/Texas/24-008749-003/2024(H5N1)	270	4034
PB1|PP755595.1|A/cattle/Texas/24-008749-003/2024(H5N1)	271	4054
PB1|PP755595.1|A/cattle/Texas/24-008749-003/2024(H5N1)	272	4097
PB1|PP755595.1|A/cattle/Texas/24-008749-003/2024(H5N1)	273	4101
PB1|PP755595.1|A/cattle/Texas/24-008749-003/2024(H5N1)	274	4112
PB1|PP755595.1|A/cattle/Texas/24-008749-003/2024(H5N1)	275	4115
PB1|PP755595.1|A/cattle/Texas/24-008749-003/2024(H5N1)	276	4158
PB1|PP755595.1|A/cattle/Texas/24-008749-003/2024(H5N1)	277	4165
PB1|PP755595.1|A/cattle/Texas/24-008749-003/2024(H5N1)	278	4233
PB1|PP755595.1|A/cattle/Texas/24-008749-003/2024(H5N1)	279	4233
PB1|PP755595.1|A/cattle/Texas/24-008749-003/2024(H5N1)	280	4233
PB1|PP755595.1|A/cattle/Texas/24-008749-003/2024(H5N1)	281	4463
PB1|PP755595.1|A/cattle/Texas/24-008749-003/2024(H5N1)	282	4527
PB1|PP755595.1|A/cattle/Texas/24-008749-003/2024(H5N1)	283	4494
PB1|PP755595.1|A/cattle/Texas/24-008749-003/2024(H5N1)	284	4490
PB1|PP755595.1|A/cattle/Texas/24-008749-003/2024(H5N1)	285	4474
PB1|PP755595.1|A/cattle/Texas/24-008749-003/2024(H5N1)	286	4508
PB1|PP755595.1|A/cattle/Texas/24-008749-003/2024(H5N1)	287	4499
PB1|PP755595.1|A/cattle/Texas/24-008749-003/2024(H5N1)	288	4350
PB1|PP755595.1|A/cattle/Texas/24-008749-003/2024(H5N1)	289	4480
PB1|PP755595.1|A/cattle/Texas/24-008749-003/2024(H5N1)	290	4096
PB1|PP755595.1|A/cattle/Texas/24-008749-003/2024(H5N1)	291	4250
PB1|PP755595.1|A/cattle/Texas/24-008749-003/2024(H5N1)	292	4513
PB1|PP755595.1|A/cattle/Texas/24-008749-003/2024(H5N1)	293	4526
PB1|PP755595.1|A/cattle/Texas/24-008749-003/2024(H5N1)	294	4494
PB1|PP755595.1|A/cattle/Texas/24-008749-003/2024(H5N1)	295	4752
PB1|PP755595.1|A/cattle/Texas/24-008749-003/2024(H5N1)	296	4806
PB1|PP755595.1|A/cattle/Texas/24-008749-003/2024(H5N1)	297	4834
PB1|PP755595.1|A/cattle/Texas/24-008749-003/2024(H5N1)	298	4872
PB1|PP755595.1|A/cattle/Texas/24-008749-003/2024(H5N1)	299	4860
PB1|PP755595.1|A/cattle/Texas/24-008749-003/2024(H5N1)	300	4651
PB1|PP755595.1|A/cattle/Texas/24-008749-003/2024(H5N1)	301	4657
PB1|PP755595.1|A/cattle/Texas/24-008749-003/2024(H5N1)	302	4654
PB1|PP755595.1|A/cattle/Texas/24-008749-003/2024(H5N1)	303	4665
PB1|PP755595.1|A/cattle/Texas/24-008749-003/2024(H5N1)	304	4672
PB1|PP755595.1|A/cattle/Texas/24-008749-003/2024(H5N1)	305	4652
PB1|PP755595.1|A/cattle/Texas/24-008749-003/2024(H5N1)	306	4573
PB1|PP755595.1|A/cattle/Texas/24-008749-003/2024(H5N1)	307	4559
PB1|PP755595.1|A/cattle/Texas/24-008749-003/2024(H5N1)	308	4574
PB1|PP755595.1|A/cattle/Texas/24-008749-003/2024(H5N1)	309	4589
PB1|PP755595.1|A/cattle/Texas/24-008749-003/2024(H5N1)	310	4583
PB1|PP755595.1|A/cattle/Texas/24-008749-003/2024(H5N1)	311	4610
PB1|PP755595.1|A/cattle/Texas/24-008749-003/2024(H5N1)	312	4610
PB1|PP755595.1|A/cattle/Texas/24-008749-003/2024(H5N1)	313	4606
PB1|PP755595.1|A/cattle/Texas/24-008749-003/2024(H5N1)	314	4606
PB1|PP755595.1|A/cattle/Texas/24-008749-003/2024(H5N1)	315	4671
PB1|PP755595.1|A/cattle/Texas/24-008749-003/2024(H5N1)	316	4665
PB1|PP755595.1|A/cattle/Texas/24-008749-003/2024(H5N1)	317	4674
PB1|PP755595.1|A/cattle/Texas/24-008749-003/2024(H5N1)	318	4655
PB1|PP755595.1|A/cattle/Texas/24-008749-003/2024(H5N1)	319	4861
PB1|PP755595.1|A/cattle/Texas/24-008749-003/2024(H5N1)	320	4901
PB1|PP755595.1|A/cattle/Texas/24-008749-003/2024(H5N1)	321	4902
PB1|PP755595.1|A/cattle/Texas/24-008749-003/2024(H5N1)	322	4909
PB1|PP755595.1|A/cattle/Texas/24-008749-003/2024(H5N1)	323	4907
PB1|PP755595.1|A/cattle/Texas/24-008749-003/2024(H5N1)	324	4842
PB1|PP755595.1|A/cattle/Texas/24-008749-003/2024(H5N1)	325	4818
PB1|PP755595.1|A/cattle/Texas/24-008749-003/2024(H5N1)	326	4810
PB1|PP755595.1|A/cattle/Texas/24-008749-003/2024(H5N1)	327	4812
PB1|PP755595.1|A/cattle/Texas/24-008749-003/2024(H5N1)	328	4823
PB1|PP755595.1|A/cattle/Texas/24-008749-003/2024(H5N1)	329	4816
PB1|PP755595.1|A/cattle/Texas/24-008749-003/2024(H5N1)	330	4819
PB1|PP755595.1|A/cattle/Texas/24-008749-003/2024(H5N1)	331	4797
PB1|PP755595.1|A/cattle/Texas/24-008749-003/2024(H5N1)	332	4797
PB1|PP755595.1|A/cattle/Texas/24-008749-003/2024(H5N1)	333	4777
PB1|PP755595.1|A/cattle/Texas/24-008749-003/2024(H5N1)	334	4807
PB1|PP755595.1|A/cattle/Texas/24-008749-003/2024(H5N1)	335	4820
PB1|PP755595.1|A/cattle/Texas/24-008749-003/2024(H5N1)	336	4791
PB1|PP755595.1|A/cattle/Texas/24-008749-003/2024(H5N1)	337	4790
PB1|PP755595.1|A/cattle/Texas/24-008749-003/2024(H5N1)	338	4732
PB1|PP755595.1|A/cattle/Texas/24-008749-003/2024(H5N1)	339	4400
PB1|PP755595.1|A/cattle/Texas/24-008749-003/2024(H5N1)	340	4377
PB1|PP755595.1|A/cattle/Texas/24-008749-003/2024(H5N1)	341	4379
PB1|PP755595.1|A/cattle/Texas/24-008749-003/2024(H5N1)	342	4379
PB1|PP755595.1|A/cattle/Texas/24-008749-003/2024(H5N1)	343	4392
PB1|PP755595.1|A/cattle/Texas/24-008749-003/2024(H5N1)	344	4395
PB1|PP755595.1|A/cattle/Texas/24-008749-003/2024(H5N1)	345	4458
PB1|PP755595.1|A/cattle/Texas/24-008749-003/2024(H5N1)	346	4628
PB1|PP755595.1|A/cattle/Texas/24-008749-003/2024(H5N1)	347	4673
PB1|PP755595.1|A/cattle/Texas/24-008749-003/2024(H5N1)	348	4681
PB1|PP755595.1|A/cattle/Texas/24-008749-003/2024(H5N1)	349	4684
PB1|PP755595.1|A/cattle/Texas/24-008749-003/2024(H5N1)	350	4655
PB1|PP755595.1|A/cattle/Texas/24-008749-003/2024(H5N1)	351	4661
PB1|PP755595.1|A/cattle/Texas/24-008749-003/2024(H5N1)	352	4673
PB1|PP755595.1|A/cattle/Texas/24-008749-003/2024(H5N1)	353	4700
PB1|PP755595.1|A/cattle/Texas/24-008749-003/2024(H5N1)	354	4638
PB1|PP755595.1|A/cattle/Texas/24-008749-003/2024(H5N1)	355	4637
PB1|PP755595.1|A/cattle/Texas/24-008749-003/2024(H5N1)	356	4563
PB1|PP755595.1|A/cattle/Texas/24-008749-003/2024(H5N1)	357	4552
PB1|PP755595.1|A/cattle/Texas/24-008749-003/2024(H5N1)	358	4540
PB1|PP755595.1|A/cattle/Texas/24-008749-003/2024(H5N1)	359	4508
PB1|PP755595.1|A/cattle/Texas/24-008749-003/2024(H5N1)	360	4498
PB1|PP755595.1|A/cattle/Texas/24-008749-003/2024(H5N1)	361	4412
PB1|PP755595.1|A/cattle/Texas/24-008749-003/2024(H5N1)	362	4402
PB1|PP755595.1|A/cattle/Texas/24-008749-003/2024(H5N1)	363	3077
PB1|PP755595.1|A/cattle/Texas/24-008749-003/2024(H5N1)	364	2978
PB1|PP755595.1|A/cattle/Texas/24-008749-003/2024(H5N1)	365	2978
PB1|PP755595.1|A/cattle/Texas/24-008749-003/2024(H5N1)	366	2979
PB1|PP755595.1|A/cattle/Texas/24-008749-003/2024(H5N1)	367	3004
PB1|PP755595.1|A/cattle/Texas/24-008749-003/2024(H5N1)	368	3018
PB1|PP755595.1|A/cattle/Texas/24-008749-003/2024(H5N1)	369	3018
PB1|PP755595.1|A/cattle/Texas/24-008749-003/2024(H5N1)	370	3173
PB1|PP755595.1|A/cattle/Texas/24-008749-003/2024(H5N1)	371	3205
PB1|PP755595.1|A/cattle/Texas/24-008749-003/2024(H5N1)	372	3216
PB1|PP755595.1|A/cattle/Texas/24-008749-003/2024(H5N1)	373	3243
PB1|PP755595.1|A/cattle/Texas/24-008749-003/2024(H5N1)	374	3252
PB1|PP755595.1|A/cattle/Texas/24-008749-003/2024(H5N1)	375	3255
PB1|PP755595.1|A/cattle/Texas/24-008749-003/2024(H5N1)	376	3329
PB1|PP755595.1|A/cattle/Texas/24-008749-003/2024(H5N1)	377	3331
PB1|PP755595.1|A/cattle/Texas/24-008749-003/2024(H5N1)	378	3335
PB1|PP755595.1|A/cattle/Texas/24-008749-003/2024(H5N1)	379	3903
PB1|PP755595.1|A/cattle/Texas/24-008749-003/2024(H5N1)	380	3903
PB1|PP755595.1|A/cattle/Texas/24-008749-003/2024(H5N1)	381	3950
PB1|PP755595.1|A/cattle/Texas/24-008749-003/2024(H5N1)	382	4099
PB1|PP755595.1|A/cattle/Texas/24-008749-003/2024(H5N1)	383	4119
PB1|PP755595.1|A/cattle/Texas/24-008749-003/2024(H5N1)	384	4121
PB1|PP755595.1|A/cattle/Texas/24-008749-003/2024(H5N1)	385	4129
PB1|PP755595.1|A/cattle/Texas/24-008749-003/2024(H5N1)	386	4141
PB1|PP755595.1|A/cattle/Texas/24-008749-003/2024(H5N1)	387	4188
PB1|PP755595.1|A/cattle/Texas/24-008749-003/2024(H5N1)	388	4188
PB1|PP755595.1|A/cattle/Texas/24-008749-003/2024(H5N1)	389	4203
PB1|PP755595.1|A/cattle/Texas/24-008749-003/2024(H5N1)	390	4198
PB1|PP755595.1|A/cattle/Texas/24-008749-003/2024(H5N1)	391	4165
PB1|PP755595.1|A/cattle/Texas/24-008749-003/2024(H5N1)	392	4164
PB1|PP755595.1|A/cattle/Texas/24-008749-003/2024(H5N1)	393	4131
PB1|PP755595.1|A/cattle/Texas/24-008749-003/2024(H5N1)	394	4128
PB1|PP755595.1|A/cattle/Texas/24-008749-003/2024(H5N1)	395	4122
PB1|PP755595.1|A/cattle/Texas/24-008749-003/2024(H5N1)	396	4086
PB1|PP755595.1|A/cattle/Texas/24-008749-003/2024(H5N1)	397	3986
PB1|PP755595.1|A/cattle/Texas/24-008749-003/2024(H5N1)	398	3979
PB1|PP755595.1|A/cattle/Texas/24-008749-003/2024(H5N1)	399	3979
PB1|PP755595.1|A/cattle/Texas/24-008749-003/2024(H5N1)	400	3980
PB1|PP755595.1|A/cattle/Texas/24-008749-003/2024(H5N1)	401	3946
PB1|PP755595.1|A/cattle/Texas/24-008749-003/2024(H5N1)	402	3946
PB1|PP755595.1|A/cattle/Texas/24-008749-003/2024(H5N1)	403	3941
PB1|PP755595.1|A/cattle/Texas/24-008749-003/2024(H5N1)	404	3940
PB1|PP755595.1|A/cattle/Texas/24-008749-003/2024(H5N1)	405	3897
PB1|PP755595.1|A/cattle/Texas/24-008749-003/2024(H5N1)	406	3876
PB1|PP755595.1|A/cattle/Texas/24-008749-003/2024(H5N1)	407	3837
PB1|PP755595.1|A/cattle/Texas/24-008749-003/2024(H5N1)	408	3810
PB1|PP755595.1|A/cattle/Texas/24-008749-003/2024(H5N1)	409	3801
PB1|PP755595.1|A/cattle/Texas/24-008749-003/2024(H5N1)	410	3777
PB1|PP755595.1|A/cattle/Texas/24-008749-003/2024(H5N1)	411	3774
PB1|PP755595.1|A/cattle/Texas/24-008749-003/2024(H5N1)	412	3774
PB1|PP755595.1|A/cattle/Texas/24-008749-003/2024(H5N1)	413	3774
PB1|PP755595.1|A/cattle/Texas/24-008749-003/2024(H5N1)	414	3758
PB1|PP755595.1|A/cattle/Texas/24-008749-003/2024(H5N1)	415	3799
PB1|PP755595.1|A/cattle/Texas/24-008749-003/2024(H5N1)	416	3799
PB1|PP755595.1|A/cattle/Texas/24-008749-003/2024(H5N1)	417	3799
PB1|PP755595.1|A/cattle/Texas/24-008749-003/2024(H5N1)	418	3799
PB1|PP755595.1|A/cattle/Texas/24-008749-003/2024(H5N1)	419	3793
PB1|PP755595.1|A/cattle/Texas/24-008749-003/2024(H5N1)	420	3792
PB1|PP755595.1|A/cattle/Texas/24-008749-003/2024(H5N1)	421	3778
PB1|PP755595.1|A/cattle/Texas/24-008749-003/2024(H5N1)	422	3755
PB1|PP755595.1|A/cattle/Texas/24-008749-003/2024(H5N1)	423	3722
PB1|PP755595.1|A/cattle/Texas/24-008749-003/2024(H5N1)	424	3717
PB1|PP755595.1|A/cattle/Texas/24-008749-003/2024(H5N1)	425	3704
PB1|PP755595.1|A/cattle/Texas/24-008749-003/2024(H5N1)	426	2415
PB1|PP755595.1|A/cattle/Texas/24-008749-003/2024(H5N1)	427	2405
PB1|PP755595.1|A/cattle/Texas/24-008749-003/2024(H5N1)	428	2405
PB1|PP755595.1|A/cattle/Texas/24-008749-003/2024(H5N1)	429	2405
PB1|PP755595.1|A/cattle/Texas/24-008749-003/2024(H5N1)	430	2444
PB1|PP755595.1|A/cattle/Texas/24-008749-003/2024(H5N1)	431	2444
PB1|PP755595.1|A/cattle/Texas/24-008749-003/2024(H5N1)	432	2444
PB1|PP755595.1|A/cattle/Texas/24-008749-003/2024(H5N1)	433	2464
PB1|PP755595.1|A/cattle/Texas/24-008749-003/2024(H5N1)	434	2914
PB1|PP755595.1|A/cattle/Texas/24-008749-003/2024(H5N1)	435	2943
PB1|PP755595.1|A/cattle/Texas/24-008749-003/2024(H5N1)	436	3958
PB1|PP755595.1|A/cattle/Texas/24-008749-003/2024(H5N1)	437	4393
PB1|PP755595.1|A/cattle/Texas/24-008749-003/2024(H5N1)	438	4403
PB1|PP755595.1|A/cattle/Texas/24-008749-003/2024(H5N1)	439	4469
PB1|PP755595.1|A/cattle/Texas/24-008749-003/2024(H5N1)	440	4476
PB1|PP755595.1|A/cattle/Texas/24-008749-003/2024(H5N1)	441	4480
PB1|PP755595.1|A/cattle/Texas/24-008749-003/2024(H5N1)	442	4498
PB1|PP755595.1|A/cattle/Texas/24-008749-003/2024(H5N1)	443	4502
PB1|PP755595.1|A/cattle/Texas/24-008749-003/2024(H5N1)	444	4523
PB1|PP755595.1|A/cattle/Texas/24-008749-003/2024(H5N1)	445	4551
PB1|PP755595.1|A/cattle/Texas/24-008749-003/2024(H5N1)	446	4571
PB1|PP755595.1|A/cattle/Texas/24-008749-003/2024(H5N1)	447	4560
PB1|PP755595.1|A/cattle/Texas/24-008749-003/2024(H5N1)	448	4542
PB1|PP755595.1|A/cattle/Texas/24-008749-003/2024(H5N1)	449	4562
PB1|PP755595.1|A/cattle/Texas/24-008749-003/2024(H5N1)	450	4564
PB1|PP755595.1|A/cattle/Texas/24-008749-003/2024(H5N1)	451	4559
PB1|PP755595.1|A/cattle/Texas/24-008749-003/2024(H5N1)	452	4600
PB1|PP755595.1|A/cattle/Texas/24-008749-003/2024(H5N1)	453	4594
PB1|PP755595.1|A/cattle/Texas/24-008749-003/2024(H5N1)	454	4600
PB1|PP755595.1|A/cattle/Texas/24-008749-003/2024(H5N1)	455	4594
PB1|PP755595.1|A/cattle/Texas/24-008749-003/2024(H5N1)	456	4480
PB1|PP755595.1|A/cattle/Texas/24-008749-003/2024(H5N1)	457	4475
PB1|PP755595.1|A/cattle/Texas/24-008749-003/2024(H5N1)	458	4473
PB1|PP755595.1|A/cattle/Texas/24-008749-003/2024(H5N1)	459	4489
PB1|PP755595.1|A/cattle/Texas/24-008749-003/2024(H5N1)	460	4468
PB1|PP755595.1|A/cattle/Texas/24-008749-003/2024(H5N1)	461	4726
PB1|PP755595.1|A/cattle/Texas/24-008749-003/2024(H5N1)	462	4761
PB1|PP755595.1|A/cattle/Texas/24-008749-003/2024(H5N1)	463	4763
PB1|PP755595.1|A/cattle/Texas/24-008749-003/2024(H5N1)	464	4783
PB1|PP755595.1|A/cattle/Texas/24-008749-003/2024(H5N1)	465	4776
PB1|PP755595.1|A/cattle/Texas/24-008749-003/2024(H5N1)	466	4819
PB1|PP755595.1|A/cattle/Texas/24-008749-003/2024(H5N1)	467	4814
PB1|PP755595.1|A/cattle/Texas/24-008749-003/2024(H5N1)	468	4796
PB1|PP755595.1|A/cattle/Texas/24-008749-003/2024(H5N1)	469	4809
PB1|PP755595.1|A/cattle/Texas/24-008749-003/2024(H5N1)	470	4710
PB1|PP755595.1|A/cattle/Texas/24-008749-003/2024(H5N1)	471	4725
PB1|PP755595.1|A/cattle/Texas/24-008749-003/2024(H5N1)	472	4713
PB1|PP755595.1|A/cattle/Texas/24-008749-003/2024(H5N1)	473	4708
PB1|PP755595.1|A/cattle/Texas/24-008749-003/2024(H5N1)	474	4713
PB1|PP755595.1|A/cattle/Texas/24-008749-003/2024(H5N1)	475	4760
PB1|PP755595.1|A/cattle/Texas/24-008749-003/2024(H5N1)	476	4753
PB1|PP755595.1|A/cattle/Texas/24-008749-003/2024(H5N1)	477	4753
PB1|PP755595.1|A/cattle/Texas/24-008749-003/2024(H5N1)	478	4745
PB1|PP755595.1|A/cattle/Texas/24-008749-003/2024(H5N1)	479	4698
PB1|PP755595.1|A/cattle/Texas/24-008749-003/2024(H5N1)	480	4612
PB1|PP755595.1|A/cattle/Texas/24-008749-003/2024(H5N1)	481	4613
PB1|PP755595.1|A/cattle/Texas/24-008749-003/2024(H5N1)	482	4604
PB1|PP755595.1|A/cattle/Texas/24-008749-003/2024(H5N1)	483	4604
PB1|PP755595.1|A/cattle/Texas/24-008749-003/2024(H5N1)	484	4606
PB1|PP755595.1|A/cattle/Texas/24-008749-003/2024(H5N1)	485	4725
PB1|PP755595.1|A/cattle/Texas/24-008749-003/2024(H5N1)	486	4743
PB1|PP755595.1|A/cattle/Texas/24-008749-003/2024(H5N1)	487	4895
PB1|PP755595.1|A/cattle/Texas/24-008749-003/2024(H5N1)	488	4901
PB1|PP755595.1|A/cattle/Texas/24-008749-003/2024(H5N1)	489	4935
PB1|PP755595.1|A/cattle/Texas/24-008749-003/2024(H5N1)	490	4998
PB1|PP755595.1|A/cattle/Texas/24-008749-003/2024(H5N1)	491	5005
PB1|PP755595.1|A/cattle/Texas/24-008749-003/2024(H5N1)	492	5003
PB1|PP755595.1|A/cattle/Texas/24-008749-003/2024(H5N1)	493	5013
PB1|PP755595.1|A/cattle/Texas/24-008749-003/2024(H5N1)	494	4937
PB1|PP755595.1|A/cattle/Texas/24-008749-003/2024(H5N1)	495	4971
PB1|PP755595.1|A/cattle/Texas/24-008749-003/2024(H5N1)	496	4852
PB1|PP755595.1|A/cattle/Texas/24-008749-003/2024(H5N1)	497	4872
PB1|PP755595.1|A/cattle/Texas/24-008749-003/2024(H5N1)	498	4914
PB1|PP755595.1|A/cattle/Texas/24-008749-003/2024(H5N1)	499	4907
PB1|PP755595.1|A/cattle/Texas/24-008749-003/2024(H5N1)	500	4908
PB1|PP755595.1|A/cattle/Texas/24-008749-003/2024(H5N1)	501	5007
PB1|PP755595.1|A/cattle/Texas/24-008749-003/2024(H5N1)	502	4996
PB1|PP755595.1|A/cattle/Texas/24-008749-003/2024(H5N1)	503	4986
PB1|PP755595.1|A/cattle/Texas/24-008749-003/2024(H5N1)	504	4998
PB1|PP755595.1|A/cattle/Texas/24-008749-003/2024(H5N1)	505	5102
PB1|PP755595.1|A/cattle/Texas/24-008749-003/2024(H5N1)	506	5079
PB1|PP755595.1|A/cattle/Texas/24-008749-003/2024(H5N1)	507	5038
PB1|PP755595.1|A/cattle/Texas/24-008749-003/2024(H5N1)	508	5388
PB1|PP755595.1|A/cattle/Texas/24-008749-003/2024(H5N1)	509	5547
PB1|PP755595.1|A/cattle/Texas/24-008749-003/2024(H5N1)	510	5564
PB1|PP755595.1|A/cattle/Texas/24-008749-003/2024(H5N1)	511	5549
PB1|PP755595.1|A/cattle/Texas/24-008749-003/2024(H5N1)	512	5542
PB1|PP755595.1|A/cattle/Texas/24-008749-003/2024(H5N1)	513	5472
PB1|PP755595.1|A/cattle/Texas/24-008749-003/2024(H5N1)	514	5427
PB1|PP755595.1|A/cattle/Texas/24-008749-003/2024(H5N1)	515	5457
PB1|PP755595.1|A/cattle/Texas/24-008749-003/2024(H5N1)	516	5437
PB1|PP755595.1|A/cattle/Texas/24-008749-003/2024(H5N1)	517	5065
PB1|PP755595.1|A/cattle/Texas/24-008749-003/2024(H5N1)	518	5102
PB1|PP755595.1|A/cattle/Texas/24-008749-003/2024(H5N1)	519	5081
PB1|PP755595.1|A/cattle/Texas/24-008749-003/2024(H5N1)	520	5210
PB1|PP755595.1|A/cattle/Texas/24-008749-003/2024(H5N1)	521	5195
PB1|PP755595.1|A/cattle/Texas/24-008749-003/2024(H5N1)	522	5212
PB1|PP755595.1|A/cattle/Texas/24-008749-003/2024(H5N1)	523	5219
PB1|PP755595.1|A/cattle/Texas/24-008749-003/2024(H5N1)	524	5185
PB1|PP755595.1|A/cattle/Texas/24-008749-003/2024(H5N1)	525	5239
PB1|PP755595.1|A/cattle/Texas/24-008749-003/2024(H5N1)	526	5244
PB1|PP755595.1|A/cattle/Texas/24-008749-003/2024(H5N1)	527	5223
PB1|PP755595.1|A/cattle/Texas/24-008749-003/2024(H5N1)	528	5220
PB1|PP755595.1|A/cattle/Texas/24-008749-003/2024(H5N1)	529	5227
PB1|PP755595.1|A/cattle/Texas/24-008749-003/2024(H5N1)	530	5377
PB1|PP755595.1|A/cattle/Texas/24-008749-003/2024(H5N1)	531	5316
PB1|PP755595.1|A/cattle/Texas/24-008749-003/2024(H5N1)	532	5285
PB1|PP755595.1|A/cattle/Texas/24-008749-003/2024(H5N1)	533	5212
PB1|PP755595.1|A/cattle/Texas/24-008749-003/2024(H5N1)	534	5200
PB1|PP755595.1|A/cattle/Texas/24-008749-003/2024(H5N1)	535	5209
PB1|PP755595.1|A/cattle/Texas/24-008749-003/2024(H5N1)	536	5209
PB1|PP755595.1|A/cattle/Texas/24-008749-003/2024(H5N1)	537	5236
PB1|PP755595.1|A/cattle/Texas/24-008749-003/2024(H5N1)	538	5197
PB1|PP755595.1|A/cattle/Texas/24-008749-003/2024(H5N1)	539	5244
PB1|PP755595.1|A/cattle/Texas/24-008749-003/2024(H5N1)	540	5239
PB1|PP755595.1|A/cattle/Texas/24-008749-003/2024(H5N1)	541	5269
PB1|PP755595.1|A/cattle/Texas/24-008749-003/2024(H5N1)	542	5360
PB1|PP755595.1|A/cattle/Texas/24-008749-003/2024(H5N1)	543	5354
PB1|PP755595.1|A/cattle/Texas/24-008749-003/2024(H5N1)	544	5358
PB1|PP755595.1|A/cattle/Texas/24-008749-003/2024(H5N1)	545	5345
PB1|PP755595.1|A/cattle/Texas/24-008749-003/2024(H5N1)	546	5332
PB1|PP755595.1|A/cattle/Texas/24-008749-003/2024(H5N1)	547	5329
PB1|PP755595.1|A/cattle/Texas/24-008749-003/2024(H5N1)	548	5292
PB1|PP755595.1|A/cattle/Texas/24-008749-003/2024(H5N1)	549	5279
PB1|PP755595.1|A/cattle/Texas/24-008749-003/2024(H5N1)	550	5324
PB1|PP755595.1|A/cattle/Texas/24-008749-003/2024(H5N1)	551	5255
PB1|PP755595.1|A/cattle/Texas/24-008749-003/2024(H5N1)	552	5225
PB1|PP755595.1|A/cattle/Texas/24-008749-003/2024(H5N1)	553	5221
PB1|PP755595.1|A/cattle/Texas/24-008749-003/2024(H5N1)	554	5212
PB1|PP755595.1|A/cattle/Texas/24-008749-003/2024(H5N1)	555	5185
PB1|PP755595.1|A/cattle/Texas/24-008749-003/2024(H5N1)	556	5173
PB1|PP755595.1|A/cattle/Texas/24-008749-003/2024(H5N1)	557	5142
PB1|PP755595.1|A/cattle/Texas/24-008749-003/2024(H5N1)	558	4551
PB1|PP755595.1|A/cattle/Texas/24-008749-003/2024(H5N1)	559	4513
PB1|PP755595.1|A/cattle/Texas/24-008749-003/2024(H5N1)	560	4513
PB1|PP755595.1|A/cattle/Texas/24-008749-003/2024(H5N1)	561	4479
PB1|PP755595.1|A/cattle/Texas/24-008749-003/2024(H5N1)	562	4479
PB1|PP755595.1|A/cattle/Texas/24-008749-003/2024(H5N1)	563	4479
PB1|PP755595.1|A/cattle/Texas/24-008749-003/2024(H5N1)	564	4478
PB1|PP755595.1|A/cattle/Texas/24-008749-003/2024(H5N1)	565	4507
PB1|PP755595.1|A/cattle/Texas/24-008749-003/2024(H5N1)	566	4520
PB1|PP755595.1|A/cattle/Texas/24-008749-003/2024(H5N1)	567	4520
PB1|PP755595.1|A/cattle/Texas/24-008749-003/2024(H5N1)	568	4520
PB1|PP755595.1|A/cattle/Texas/24-008749-003/2024(H5N1)	569	4514
PB1|PP755595.1|A/cattle/Texas/24-008749-003/2024(H5N1)	570	4445
PB1|PP755595.1|A/cattle/Texas/24-008749-003/2024(H5N1)	571	4445
PB1|PP755595.1|A/cattle/Texas/24-008749-003/2024(H5N1)	572	4436
PB1|PP755595.1|A/cattle/Texas/24-008749-003/2024(H5N1)	573	4436
PB1|PP755595.1|A/cattle/Texas/24-008749-003/2024(H5N1)	574	4464
PB1|PP755595.1|A/cattle/Texas/24-008749-003/2024(H5N1)	575	4484
PB1|PP755595.1|A/cattle/Texas/24-008749-003/2024(H5N1)	576	4654
PB1|PP755595.1|A/cattle/Texas/24-008749-003/2024(H5N1)	577	5228
PB1|PP755595.1|A/cattle/Texas/24-008749-003/2024(H5N1)	578	5236
PB1|PP755595.1|A/cattle/Texas/24-008749-003/2024(H5N1)	579	5314
PB1|PP755595.1|A/cattle/Texas/24-008749-003/2024(H5N1)	580	5404
PB1|PP755595.1|A/cattle/Texas/24-008749-003/2024(H5N1)	581	5435
PB1|PP755595.1|A/cattle/Texas/24-008749-003/2024(H5N1)	582	5442
PB1|PP755595.1|A/cattle/Texas/24-008749-003/2024(H5N1)	583	5446
PB1|PP755595.1|A/cattle/Texas/24-008749-003/2024(H5N1)	584	5423
PB1|PP755595.1|A/cattle/Texas/24-008749-003/2024(H5N1)	585	5030
PB1|PP755595.1|A/cattle/Texas/24-008749-003/2024(H5N1)	586	5170
PB1|PP755595.1|A/cattle/Texas/24-008749-003/2024(H5N1)	587	4869
PB1|PP755595.1|A/cattle/Texas/24-008749-003/2024(H5N1)	588	4822
PB1|PP755595.1|A/cattle/Texas/24-008749-003/2024(H5N1)	589	4825
PB1|PP755595.1|A/cattle/Texas/24-008749-003/2024(H5N1)	590	4785
PB1|PP755595.1|A/cattle/Texas/24-008749-003/2024(H5N1)	591	4791
PB1|PP755595.1|A/cattle/Texas/24-008749-003/2024(H5N1)	592	4835
PB1|PP755595.1|A/cattle/Texas/24-008749-003/2024(H5N1)	593	4823
PB1|PP755595.1|A/cattle/Texas/24-008749-003/2024(H5N1)	594	4833
PB1|PP755595.1|A/cattle/Texas/24-008749-003/2024(H5N1)	595	4812
PB1|PP755595.1|A/cattle/Texas/24-008749-003/2024(H5N1)	596	4792
PB1|PP755595.1|A/cattle/Texas/24-008749-003/2024(H5N1)	597	4787
PB1|PP755595.1|A/cattle/Texas/24-008749-003/2024(H5N1)	598	4752
PB1|PP755595.1|A/cattle/Texas/24-008749-003/2024(H5N1)	599	4733
PB1|PP755595.1|A/cattle/Texas/24-008749-003/2024(H5N1)	600	4701
PB1|PP755595.1|A/cattle/Texas/24-008749-003/2024(H5N1)	601	4700
PB1|PP755595.1|A/cattle/Texas/24-008749-003/2024(H5N1)	602	4652
PB1|PP755595.1|A/cattle/Texas/24-008749-003/2024(H5N1)	603	4650
PB1|PP755595.1|A/cattle/Texas/24-008749-003/2024(H5N1)	604	4643
PB1|PP755595.1|A/cattle/Texas/24-008749-003/2024(H5N1)	605	4623
PB1|PP755595.1|A/cattle/Texas/24-008749-003/2024(H5N1)	606	4617
PB1|PP755595.1|A/cattle/Texas/24-008749-003/2024(H5N1)	607	4019
PB1|PP755595.1|A/cattle/Texas/24-008749-003/2024(H5N1)	608	4018
PB1|PP755595.1|A/cattle/Texas/24-008749-003/2024(H5N1)	609	4015
PB1|PP755595.1|A/cattle/Texas/24-008749-003/2024(H5N1)	610	4013
PB1|PP755595.1|A/cattle/Texas/24-008749-003/2024(H5N1)	611	3997
PB1|PP755595.1|A/cattle/Texas/24-008749-003/2024(H5N1)	612	3997
PB1|PP755595.1|A/cattle/Texas/24-008749-003/2024(H5N1)	613	4500
PB1|PP755595.1|A/cattle/Texas/24-008749-003/2024(H5N1)	614	4510
PB1|PP755595.1|A/cattle/Texas/24-008749-003/2024(H5N1)	615	4512
PB1|PP755595.1|A/cattle/Texas/24-008749-003/2024(H5N1)	616	4512
PB1|PP755595.1|A/cattle/Texas/24-008749-003/2024(H5N1)	617	4512
PB1|PP755595.1|A/cattle/Texas/24-008749-003/2024(H5N1)	618	4495
PB1|PP755595.1|A/cattle/Texas/24-008749-003/2024(H5N1)	619	4483
PB1|PP755595.1|A/cattle/Texas/24-008749-003/2024(H5N1)	620	4416
PB1|PP755595.1|A/cattle/Texas/24-008749-003/2024(H5N1)	621	4436
PB1|PP755595.1|A/cattle/Texas/24-008749-003/2024(H5N1)	622	4479
PB1|PP755595.1|A/cattle/Texas/24-008749-003/2024(H5N1)	623	4479
PB1|PP755595.1|A/cattle/Texas/24-008749-003/2024(H5N1)	624	4479
PB1|PP755595.1|A/cattle/Texas/24-008749-003/2024(H5N1)	625	4475
PB1|PP755595.1|A/cattle/Texas/24-008749-003/2024(H5N1)	626	4441
PB1|PP755595.1|A/cattle/Texas/24-008749-003/2024(H5N1)	627	4441
PB1|PP755595.1|A/cattle/Texas/24-008749-003/2024(H5N1)	628	4436
PB1|PP755595.1|A/cattle/Texas/24-008749-003/2024(H5N1)	629	4400
PB1|PP755595.1|A/cattle/Texas/24-008749-003/2024(H5N1)	630	4395
PB1|PP755595.1|A/cattle/Texas/24-008749-003/2024(H5N1)	631	4368
PB1|PP755595.1|A/cattle/Texas/24-008749-003/2024(H5N1)	632	4363
PB1|PP755595.1|A/cattle/Texas/24-008749-003/2024(H5N1)	633	4190
PB1|PP755595.1|A/cattle/Texas/24-008749-003/2024(H5N1)	634	4100
PB1|PP755595.1|A/cattle/Texas/24-008749-003/2024(H5N1)	635	4102
PB1|PP755595.1|A/cattle/Texas/24-008749-003/2024(H5N1)	636	4102
PB1|PP755595.1|A/cattle/Texas/24-008749-003/2024(H5N1)	637	4100
PB1|PP755595.1|A/cattle/Texas/24-008749-003/2024(H5N1)	638	4100
PB1|PP755595.1|A/cattle/Texas/24-008749-003/2024(H5N1)	639	4089
PB1|PP755595.1|A/cattle/Texas/24-008749-003/2024(H5N1)	640	4069
PB1|PP755595.1|A/cattle/Texas/24-008749-003/2024(H5N1)	641	3993
PB1|PP755595.1|A/cattle/Texas/24-008749-003/2024(H5N1)	642	3990
PB1|PP755595.1|A/cattle/Texas/24-008749-003/2024(H5N1)	643	3990
PB1|PP755595.1|A/cattle/Texas/24-008749-003/2024(H5N1)	644	3982
PB1|PP755595.1|A/cattle/Texas/24-008749-003/2024(H5N1)	645	3945
PB1|PP755595.1|A/cattle/Texas/24-008749-003/2024(H5N1)	646	3906
PB1|PP755595.1|A/cattle/Texas/24-008749-003/2024(H5N1)	647	3906
PB1|PP755595.1|A/cattle/Texas/24-008749-003/2024(H5N1)	648	3817
PB1|PP755595.1|A/cattle/Texas/24-008749-003/2024(H5N1)	649	3806
PB1|PP755595.1|A/cattle/Texas/24-008749-003/2024(H5N1)	650	3792
PB1|PP755595.1|A/cattle/Texas/24-008749-003/2024(H5N1)	651	2892
PB1|PP755595.1|A/cattle/Texas/24-008749-003/2024(H5N1)	652	2873
PB1|PP755595.1|A/cattle/Texas/24-008749-003/2024(H5N1)	653	2873
PB1|PP755595.1|A/cattle/Texas/24-008749-003/2024(H5N1)	654	2873
PB1|PP755595.1|A/cattle/Texas/24-008749-003/2024(H5N1)	655	3429
PB1|PP755595.1|A/cattle/Texas/24-008749-003/2024(H5N1)	656	3468
PB1|PP755595.1|A/cattle/Texas/24-008749-003/2024(H5N1)	657	3477
PB1|PP755595.1|A/cattle/Texas/24-008749-003/2024(H5N1)	658	3482
PB1|PP755595.1|A/cattle/Texas/24-008749-003/2024(H5N1)	659	3494
PB1|PP755595.1|A/cattle/Texas/24-008749-003/2024(H5N1)	660	3494
PB1|PP755595.1|A/cattle/Texas/24-008749-003/2024(H5N1)	661	3494
PB1|PP755595.1|A/cattle/Texas/24-008749-003/2024(H5N1)	662	3484
PB1|PP755595.1|A/cattle/Texas/24-008749-003/2024(H5N1)	663	3477
PB1|PP755595.1|A/cattle/Texas/24-008749-003/2024(H5N1)	664	3417
PB1|PP755595.1|A/cattle/Texas/24-008749-003/2024(H5N1)	665	3633
PB1|PP755595.1|A/cattle/Texas/24-008749-003/2024(H5N1)	666	3642
PB1|PP755595.1|A/cattle/Texas/24-008749-003/2024(H5N1)	667	3688
PB1|PP755595.1|A/cattle/Texas/24-008749-003/2024(H5N1)	668	3669
PB1|PP755595.1|A/cattle/Texas/24-008749-003/2024(H5N1)	669	3658
PB1|PP755595.1|A/cattle/Texas/24-008749-003/2024(H5N1)	670	3635
PB1|PP755595.1|A/cattle/Texas/24-008749-003/2024(H5N1)	671	3498
PB1|PP755595.1|A/cattle/Texas/24-008749-003/2024(H5N1)	672	3500
PB1|PP755595.1|A/cattle/Texas/24-008749-003/2024(H5N1)	673	3475
PB1|PP755595.1|A/cattle/Texas/24-008749-003/2024(H5N1)	674	3472
PB1|PP755595.1|A/cattle/Texas/24-008749-003/2024(H5N1)	675	3447
PB1|PP755595.1|A/cattle/Texas/24-008749-003/2024(H5N1)	676	3600
PB1|PP755595.1|A/cattle/Texas/24-008749-003/2024(H5N1)	677	3592
PB1|PP755595.1|A/cattle/Texas/24-008749-003/2024(H5N1)	678	3533
PB1|PP755595.1|A/cattle/Texas/24-008749-003/2024(H5N1)	679	3542
PB1|PP755595.1|A/cattle/Texas/24-008749-003/2024(H5N1)	680	3531
PB1|PP755595.1|A/cattle/Texas/24-008749-003/2024(H5N1)	681	3389
PB1|PP755595.1|A/cattle/Texas/24-008749-003/2024(H5N1)	682	3417
PB1|PP755595.1|A/cattle/Texas/24-008749-003/2024(H5N1)	683	3414
PB1|PP755595.1|A/cattle/Texas/24-008749-003/2024(H5N1)	684	3405
PB1|PP755595.1|A/cattle/Texas/24-008749-003/2024(H5N1)	685	3404
PB1|PP755595.1|A/cattle/Texas/24-008749-003/2024(H5N1)	686	3392
PB1|PP755595.1|A/cattle/Texas/24-008749-003/2024(H5N1)	687	3389
PB1|PP755595.1|A/cattle/Texas/24-008749-003/2024(H5N1)	688	3354
PB1|PP755595.1|A/cattle/Texas/24-008749-003/2024(H5N1)	689	3327
PB1|PP755595.1|A/cattle/Texas/24-008749-003/2024(H5N1)	690	3272
PB1|PP755595.1|A/cattle/Texas/24-008749-003/2024(H5N1)	691	3271
PB1|PP755595.1|A/cattle/Texas/24-008749-003/2024(H5N1)	692	3160
PB1|PP755595.1|A/cattle/Texas/24-008749-003/2024(H5N1)	693	3159
PB1|PP755595.1|A/cattle/Texas/24-008749-003/2024(H5N1)	694	3289
PB1|PP755595.1|A/cattle/Texas/24-008749-003/2024(H5N1)	695	3333
PB1|PP755595.1|A/cattle/Texas/24-008749-003/2024(H5N1)	696	3330
PB1|PP755595.1|A/cattle/Texas/24-008749-003/2024(H5N1)	697	3320
PB1|PP755595.1|A/cattle/Texas/24-008749-003/2024(H5N1)	698	3301
PB1|PP755595.1|A/cattle/Texas/24-008749-003/2024(H5N1)	699	3270
PB1|PP755595.1|A/cattle/Texas/24-008749-003/2024(H5N1)	700	3265
PB1|PP755595.1|A/cattle/Texas/24-008749-003/2024(H5N1)	701	3194
PB1|PP755595.1|A/cattle/Texas/24-008749-003/2024(H5N1)	702	3174
PB1|PP755595.1|A/cattle/Texas/24-008749-003/2024(H5N1)	703	3176
PB1|PP755595.1|A/cattle/Texas/24-008749-003/2024(H5N1)	704	3177
PB1|PP755595.1|A/cattle/Texas/24-008749-003/2024(H5N1)	705	3175
PB1|PP755595.1|A/cattle/Texas/24-008749-003/2024(H5N1)	706	3159
PB1|PP755595.1|A/cattle/Texas/24-008749-003/2024(H5N1)	707	3149
PB1|PP755595.1|A/cattle/Texas/24-008749-003/2024(H5N1)	708	3137
PB1|PP755595.1|A/cattle/Texas/24-008749-003/2024(H5N1)	709	3186
PB1|PP755595.1|A/cattle/Texas/24-008749-003/2024(H5N1)	710	3185
PB1|PP755595.1|A/cattle/Texas/24-008749-003/2024(H5N1)	711	3180
PB1|PP755595.1|A/cattle/Texas/24-008749-003/2024(H5N1)	712	3128
PB1|PP755595.1|A/cattle/Texas/24-008749-003/2024(H5N1)	713	3125
PB1|PP755595.1|A/cattle/Texas/24-008749-003/2024(H5N1)	714	3100
PB1|PP755595.1|A/cattle/Texas/24-008749-003/2024(H5N1)	715	3028
PB1|PP755595.1|A/cattle/Texas/24-008749-003/2024(H5N1)	716	3029
PB1|PP755595.1|A/cattle/Texas/24-008749-003/2024(H5N1)	717	3007
PB1|PP755595.1|A/cattle/Texas/24-008749-003/2024(H5N1)	718	3007
PB1|PP755595.1|A/cattle/Texas/24-008749-003/2024(H5N1)	719	2903
PB1|PP755595.1|A/cattle/Texas/24-008749-003/2024(H5N1)	720	2901
PB1|PP755595.1|A/cattle/Texas/24-008749-003/2024(H5N1)	721	2974
PB1|PP755595.1|A/cattle/Texas/24-008749-003/2024(H5N1)	722	2967
PB1|PP755595.1|A/cattle/Texas/24-008749-003/2024(H5N1)	723	2972
PB1|PP755595.1|A/cattle/Texas/24-008749-003/2024(H5N1)	724	2976
PB1|PP755595.1|A/cattle/Texas/24-008749-003/2024(H5N1)	725	2932
PB1|PP755595.1|A/cattle/Texas/24-008749-003/2024(H5N1)	726	2888
PB1|PP755595.1|A/cattle/Texas/24-008749-003/2024(H5N1)	727	2784
PB1|PP755595.1|A/cattle/Texas/24-008749-003/2024(H5N1)	728	2781
PB1|PP755595.1|A/cattle/Texas/24-008749-003/2024(H5N1)	729	2776
PB1|PP755595.1|A/cattle/Texas/24-008749-003/2024(H5N1)	730	2709
PB1|PP755595.1|A/cattle/Texas/24-008749-003/2024(H5N1)	731	2605
PB1|PP755595.1|A/cattle/Texas/24-008749-003/2024(H5N1)	732	2047
PB1|PP755595.1|A/cattle/Texas/24-008749-003/2024(H5N1)	733	2044
PB1|PP755595.1|A/cattle/Texas/24-008749-003/2024(H5N1)	734	2042
PB1|PP755595.1|A/cattle/Texas/24-008749-003/2024(H5N1)	735	2038
PB1|PP755595.1|A/cattle/Texas/24-008749-003/2024(H5N1)	736	2038
PB1|PP755595.1|A/cattle/Texas/24-008749-003/2024(H5N1)	737	2038
PB1|PP755595.1|A/cattle/Texas/24-008749-003/2024(H5N1)	738	2029
PB1|PP755595.1|A/cattle/Texas/24-008749-003/2024(H5N1)	739	2021
PB1|PP755595.1|A/cattle/Texas/24-008749-003/2024(H5N1)	740	2021
PB1|PP755595.1|A/cattle/Texas/24-008749-003/2024(H5N1)	741	2021
PB1|PP755595.1|A/cattle/Texas/24-008749-003/2024(H5N1)	742	2022
PB1|PP755595.1|A/cattle/Texas/24-008749-003/2024(H5N1)	743	2022
PB1|PP755595.1|A/cattle/Texas/24-008749-003/2024(H5N1)	744	2022
PB1|PP755595.1|A/cattle/Texas/24-008749-003/2024(H5N1)	745	2579
PB1|PP755595.1|A/cattle/Texas/24-008749-003/2024(H5N1)	746	2580
PB1|PP755595.1|A/cattle/Texas/24-008749-003/2024(H5N1)	747	2580
PB1|PP755595.1|A/cattle/Texas/24-008749-003/2024(H5N1)	748	2580
PB1|PP755595.1|A/cattle/Texas/24-008749-003/2024(H5N1)	749	2581
PB1|PP755595.1|A/cattle/Texas/24-008749-003/2024(H5N1)	750	2581
PB1|PP755595.1|A/cattle/Texas/24-008749-003/2024(H5N1)	751	2788
PB1|PP755595.1|A/cattle/Texas/24-008749-003/2024(H5N1)	752	2847
PB1|PP755595.1|A/cattle/Texas/24-008749-003/2024(H5N1)	753	2854
PB1|PP755595.1|A/cattle/Texas/24-008749-003/2024(H5N1)	754	2867
PB1|PP755595.1|A/cattle/Texas/24-008749-003/2024(H5N1)	755	2895
PB1|PP755595.1|A/cattle/Texas/24-008749-003/2024(H5N1)	756	2898
PB1|PP755595.1|A/cattle/Texas/24-008749-003/2024(H5N1)	757	2901
PB1|PP755595.1|A/cattle/Texas/24-008749-003/2024(H5N1)	758	2886
PB1|PP755595.1|A/cattle/Texas/24-008749-003/2024(H5N1)	759	2864
PB1|PP755595.1|A/cattle/Texas/24-008749-003/2024(H5N1)	760	2683
PB1|PP755595.1|A/cattle/Texas/24-008749-003/2024(H5N1)	761	2683
PB1|PP755595.1|A/cattle/Texas/24-008749-003/2024(H5N1)	762	2658
PB1|PP755595.1|A/cattle/Texas/24-008749-003/2024(H5N1)	763	2650
PB1|PP755595.1|A/cattle/Texas/24-008749-003/2024(H5N1)	764	2645
PB1|PP755595.1|A/cattle/Texas/24-008749-003/2024(H5N1)	765	2622
PB1|PP755595.1|A/cattle/Texas/24-008749-003/2024(H5N1)	766	2622
PB1|PP755595.1|A/cattle/Texas/24-008749-003/2024(H5N1)	767	2622
PB1|PP755595.1|A/cattle/Texas/24-008749-003/2024(H5N1)	768	2622
PB1|PP755595.1|A/cattle/Texas/24-008749-003/2024(H5N1)	769	2622
PB1|PP755595.1|A/cattle/Texas/24-008749-003/2024(H5N1)	770	2622
PB1|PP755595.1|A/cattle/Texas/24-008749-003/2024(H5N1)	771	2619
PB1|PP755595.1|A/cattle/Texas/24-008749-003/2024(H5N1)	772	2480
PB1|PP755595.1|A/cattle/Texas/24-008749-003/2024(H5N1)	773	2480
PB1|PP755595.1|A/cattle/Texas/24-008749-003/2024(H5N1)	774	2481
PB1|PP755595.1|A/cattle/Texas/24-008749-003/2024(H5N1)	775	2800
PB1|PP755595.1|A/cattle/Texas/24-008749-003/2024(H5N1)	776	2815
PB1|PP755595.1|A/cattle/Texas/24-008749-003/2024(H5N1)	777	2822
PB1|PP755595.1|A/cattle/Texas/24-008749-003/2024(H5N1)	778	2830
PB1|PP755595.1|A/cattle/Texas/24-008749-003/2024(H5N1)	779	2839
PB1|PP755595.1|A/cattle/Texas/24-008749-003/2024(H5N1)	780	2908
PB1|PP755595.1|A/cattle/Texas/24-008749-003/2024(H5N1)	781	2909
PB1|PP755595.1|A/cattle/Texas/24-008749-003/2024(H5N1)	782	2909
PB1|PP755595.1|A/cattle/Texas/24-008749-003/2024(H5N1)	783	2729
PB1|PP755595.1|A/cattle/Texas/24-008749-003/2024(H5N1)	784	2725
PB1|PP755595.1|A/cattle/Texas/24-008749-003/2024(H5N1)	785	2707
PB1|PP755595.1|A/cattle/Texas/24-008749-003/2024(H5N1)	786	2597
PB1|PP755595.1|A/cattle/Texas/24-008749-003/2024(H5N1)	787	2619
PB1|PP755595.1|A/cattle/Texas/24-008749-003/2024(H5N1)	788	2619
PB1|PP755595.1|A/cattle/Texas/24-008749-003/2024(H5N1)	789	2619
PB1|PP755595.1|A/cattle/Texas/24-008749-003/2024(H5N1)	790	2619
PB1|PP755595.1|A/cattle/Texas/24-008749-003/2024(H5N1)	791	2619
PB1|PP755595.1|A/cattle/Texas/24-008749-003/2024(H5N1)	792	2569
PB1|PP755595.1|A/cattle/Texas/24-008749-003/2024(H5N1)	793	2639
PB1|PP755595.1|A/cattle/Texas/24-008749-003/2024(H5N1)	794	2657
PB1|PP755595.1|A/cattle/Texas/24-008749-003/2024(H5N1)	795	2660
PB1|PP755595.1|A/cattle/Texas/24-008749-003/2024(H5N1)	796	2668
PB1|PP755595.1|A/cattle/Texas/24-008749-003/2024(H5N1)	797	2668
PB1|PP755595.1|A/cattle/Texas/24-008749-003/2024(H5N1)	798	2653
PB1|PP755595.1|A/cattle/Texas/24-008749-003/2024(H5N1)	799	2647
PB1|PP755595.1|A/cattle/Texas/24-008749-003/2024(H5N1)	800	2644
PB1|PP755595.1|A/cattle/Texas/24-008749-003/2024(H5N1)	801	2532
PB1|PP755595.1|A/cattle/Texas/24-008749-003/2024(H5N1)	802	2561
PB1|PP755595.1|A/cattle/Texas/24-008749-003/2024(H5N1)	803	2672
PB1|PP755595.1|A/cattle/Texas/24-008749-003/2024(H5N1)	804	2702
PB1|PP755595.1|A/cattle/Texas/24-008749-003/2024(H5N1)	805	2707
PB1|PP755595.1|A/cattle/Texas/24-008749-003/2024(H5N1)	806	2709
PB1|PP755595.1|A/cattle/Texas/24-008749-003/2024(H5N1)	807	2708
PB1|PP755595.1|A/cattle/Texas/24-008749-003/2024(H5N1)	808	2724
PB1|PP755595.1|A/cattle/Texas/24-008749-003/2024(H5N1)	809	2724
PB1|PP755595.1|A/cattle/Texas/24-008749-003/2024(H5N1)	810	2727
PB1|PP755595.1|A/cattle/Texas/24-008749-003/2024(H5N1)	811	2687
PB1|PP755595.1|A/cattle/Texas/24-008749-003/2024(H5N1)	812	2584
PB1|PP755595.1|A/cattle/Texas/24-008749-003/2024(H5N1)	813	2562
PB1|PP755595.1|A/cattle/Texas/24-008749-003/2024(H5N1)	814	2537
PB1|PP755595.1|A/cattle/Texas/24-008749-003/2024(H5N1)	815	2653
PB1|PP755595.1|A/cattle/Texas/24-008749-003/2024(H5N1)	816	2565
PB1|PP755595.1|A/cattle/Texas/24-008749-003/2024(H5N1)	817	2686
PB1|PP755595.1|A/cattle/Texas/24-008749-003/2024(H5N1)	818	2695
PB1|PP755595.1|A/cattle/Texas/24-008749-003/2024(H5N1)	819	2704
PB1|PP755595.1|A/cattle/Texas/24-008749-003/2024(H5N1)	820	2709
PB1|PP755595.1|A/cattle/Texas/24-008749-003/2024(H5N1)	821	2832
PB1|PP755595.1|A/cattle/Texas/24-008749-003/2024(H5N1)	822	2778
PB1|PP755595.1|A/cattle/Texas/24-008749-003/2024(H5N1)	823	2726
PB1|PP755595.1|A/cattle/Texas/24-008749-003/2024(H5N1)	824	2781
PB1|PP755595.1|A/cattle/Texas/24-008749-003/2024(H5N1)	825	2762
PB1|PP755595.1|A/cattle/Texas/24-008749-003/2024(H5N1)	826	2840
PB1|PP755595.1|A/cattle/Texas/24-008749-003/2024(H5N1)	827	2866
PB1|PP755595.1|A/cattle/Texas/24-008749-003/2024(H5N1)	828	2872
PB1|PP755595.1|A/cattle/Texas/24-008749-003/2024(H5N1)	829	2885
PB1|PP755595.1|A/cattle/Texas/24-008749-003/2024(H5N1)	830	2889
PB1|PP755595.1|A/cattle/Texas/24-008749-003/2024(H5N1)	831	2816
PB1|PP755595.1|A/cattle/Texas/24-008749-003/2024(H5N1)	832	2932
PB1|PP755595.1|A/cattle/Texas/24-008749-003/2024(H5N1)	833	2931
PB1|PP755595.1|A/cattle/Texas/24-008749-003/2024(H5N1)	834	2934
PB1|PP755595.1|A/cattle/Texas/24-008749-003/2024(H5N1)	835	2957
PB1|PP755595.1|A/cattle/Texas/24-008749-003/2024(H5N1)	836	2981
PB1|PP755595.1|A/cattle/Texas/24-008749-003/2024(H5N1)	837	2976
PB1|PP755595.1|A/cattle/Texas/24-008749-003/2024(H5N1)	838	2970
PB1|PP755595.1|A/cattle/Texas/24-008749-003/2024(H5N1)	839	2945
PB1|PP755595.1|A/cattle/Texas/24-008749-003/2024(H5N1)	840	2733
PB1|PP755595.1|A/cattle/Texas/24-008749-003/2024(H5N1)	841	2749
PB1|PP755595.1|A/cattle/Texas/24-008749-003/2024(H5N1)	842	2749
PB1|PP755595.1|A/cattle/Texas/24-008749-003/2024(H5N1)	843	2749
PB1|PP755595.1|A/cattle/Texas/24-008749-003/2024(H5N1)	844	2749
PB1|PP755595.1|A/cattle/Texas/24-008749-003/2024(H5N1)	845	2752
PB1|PP755595.1|A/cattle/Texas/24-008749-003/2024(H5N1)	846	2839
PB1|PP755595.1|A/cattle/Texas/24-008749-003/2024(H5N1)	847	3114
PB1|PP755595.1|A/cattle/Texas/24-008749-003/2024(H5N1)	848	3119
PB1|PP755595.1|A/cattle/Texas/24-008749-003/2024(H5N1)	849	3131
PB1|PP755595.1|A/cattle/Texas/24-008749-003/2024(H5N1)	850	3137
PB1|PP755595.1|A/cattle/Texas/24-008749-003/2024(H5N1)	851	3138
PB1|PP755595.1|A/cattle/Texas/24-008749-003/2024(H5N1)	852	3143
PB1|PP755595.1|A/cattle/Texas/24-008749-003/2024(H5N1)	853	3153
PB1|PP755595.1|A/cattle/Texas/24-008749-003/2024(H5N1)	854	3412
PB1|PP755595.1|A/cattle/Texas/24-008749-003/2024(H5N1)	855	3411
PB1|PP755595.1|A/cattle/Texas/24-008749-003/2024(H5N1)	856	3421
PB1|PP755595.1|A/cattle/Texas/24-008749-003/2024(H5N1)	857	3426
PB1|PP755595.1|A/cattle/Texas/24-008749-003/2024(H5N1)	858	3437
PB1|PP755595.1|A/cattle/Texas/24-008749-003/2024(H5N1)	859	3438
PB1|PP755595.1|A/cattle/Texas/24-008749-003/2024(H5N1)	860	3465
PB1|PP755595.1|A/cattle/Texas/24-008749-003/2024(H5N1)	861	3489
PB1|PP755595.1|A/cattle/Texas/24-008749-003/2024(H5N1)	862	3478
PB1|PP755595.1|A/cattle/Texas/24-008749-003/2024(H5N1)	863	3480
PB1|PP755595.1|A/cattle/Texas/24-008749-003/2024(H5N1)	864	3564
PB1|PP755595.1|A/cattle/Texas/24-008749-003/2024(H5N1)	865	3579
PB1|PP755595.1|A/cattle/Texas/24-008749-003/2024(H5N1)	866	3620
PB1|PP755595.1|A/cattle/Texas/24-008749-003/2024(H5N1)	867	3620
PB1|PP755595.1|A/cattle/Texas/24-008749-003/2024(H5N1)	868	3620
PB1|PP755595.1|A/cattle/Texas/24-008749-003/2024(H5N1)	869	3632
PB1|PP755595.1|A/cattle/Texas/24-008749-003/2024(H5N1)	870	3670
PB1|PP755595.1|A/cattle/Texas/24-008749-003/2024(H5N1)	871	3793
PB1|PP755595.1|A/cattle/Texas/24-008749-003/2024(H5N1)	872	3756
PB1|PP755595.1|A/cattle/Texas/24-008749-003/2024(H5N1)	873	3752
PB1|PP755595.1|A/cattle/Texas/24-008749-003/2024(H5N1)	874	3748
PB1|PP755595.1|A/cattle/Texas/24-008749-003/2024(H5N1)	875	3726
PB1|PP755595.1|A/cattle/Texas/24-008749-003/2024(H5N1)	876	3413
PB1|PP755595.1|A/cattle/Texas/24-008749-003/2024(H5N1)	877	3507
PB1|PP755595.1|A/cattle/Texas/24-008749-003/2024(H5N1)	878	3560
PB1|PP755595.1|A/cattle/Texas/24-008749-003/2024(H5N1)	879	3724
PB1|PP755595.1|A/cattle/Texas/24-008749-003/2024(H5N1)	880	3992
PB1|PP755595.1|A/cattle/Texas/24-008749-003/2024(H5N1)	881	3996
PB1|PP755595.1|A/cattle/Texas/24-008749-003/2024(H5N1)	882	4008
PB1|PP755595.1|A/cattle/Texas/24-008749-003/2024(H5N1)	883	4026
PB1|PP755595.1|A/cattle/Texas/24-008749-003/2024(H5N1)	884	4511
PB1|PP755595.1|A/cattle/Texas/24-008749-003/2024(H5N1)	885	4510
PB1|PP755595.1|A/cattle/Texas/24-008749-003/2024(H5N1)	886	4547
PB1|PP755595.1|A/cattle/Texas/24-008749-003/2024(H5N1)	887	4551
PB1|PP755595.1|A/cattle/Texas/24-008749-003/2024(H5N1)	888	4554
PB1|PP755595.1|A/cattle/Texas/24-008749-003/2024(H5N1)	889	4698
PB1|PP755595.1|A/cattle/Texas/24-008749-003/2024(H5N1)	890	4714
PB1|PP755595.1|A/cattle/Texas/24-008749-003/2024(H5N1)	891	4735
PB1|PP755595.1|A/cattle/Texas/24-008749-003/2024(H5N1)	892	4621
PB1|PP755595.1|A/cattle/Texas/24-008749-003/2024(H5N1)	893	4501
PB1|PP755595.1|A/cattle/Texas/24-008749-003/2024(H5N1)	894	4631
PB1|PP755595.1|A/cattle/Texas/24-008749-003/2024(H5N1)	895	4618
PB1|PP755595.1|A/cattle/Texas/24-008749-003/2024(H5N1)	896	4696
PB1|PP755595.1|A/cattle/Texas/24-008749-003/2024(H5N1)	897	4505
PB1|PP755595.1|A/cattle/Texas/24-008749-003/2024(H5N1)	898	4516
PB1|PP755595.1|A/cattle/Texas/24-008749-003/2024(H5N1)	899	4523
PB1|PP755595.1|A/cattle/Texas/24-008749-003/2024(H5N1)	900	4531
PB1|PP755595.1|A/cattle/Texas/24-008749-003/2024(H5N1)	901	4534
PB1|PP755595.1|A/cattle/Texas/24-008749-003/2024(H5N1)	902	4589
PB1|PP755595.1|A/cattle/Texas/24-008749-003/2024(H5N1)	903	4556
PB1|PP755595.1|A/cattle/Texas/24-008749-003/2024(H5N1)	904	4556
PB1|PP755595.1|A/cattle/Texas/24-008749-003/2024(H5N1)	905	4518
PB1|PP755595.1|A/cattle/Texas/24-008749-003/2024(H5N1)	906	4178
PB1|PP755595.1|A/cattle/Texas/24-008749-003/2024(H5N1)	907	4216
PB1|PP755595.1|A/cattle/Texas/24-008749-003/2024(H5N1)	908	4250
PB1|PP755595.1|A/cattle/Texas/24-008749-003/2024(H5N1)	909	4250
PB1|PP755595.1|A/cattle/Texas/24-008749-003/2024(H5N1)	910	4346
PB1|PP755595.1|A/cattle/Texas/24-008749-003/2024(H5N1)	911	4354
PB1|PP755595.1|A/cattle/Texas/24-008749-003/2024(H5N1)	912	4532
PB1|PP755595.1|A/cattle/Texas/24-008749-003/2024(H5N1)	913	4557
PB1|PP755595.1|A/cattle/Texas/24-008749-003/2024(H5N1)	914	4630
PB1|PP755595.1|A/cattle/Texas/24-008749-003/2024(H5N1)	915	4635
PB1|PP755595.1|A/cattle/Texas/24-008749-003/2024(H5N1)	916	4649
PB1|PP755595.1|A/cattle/Texas/24-008749-003/2024(H5N1)	917	4686
PB1|PP755595.1|A/cattle/Texas/24-008749-003/2024(H5N1)	918	4982
PB1|PP755595.1|A/cattle/Texas/24-008749-003/2024(H5N1)	919	4994
PB1|PP755595.1|A/cattle/Texas/24-008749-003/2024(H5N1)	920	5028
PB1|PP755595.1|A/cattle/Texas/24-008749-003/2024(H5N1)	921	5030
PB1|PP755595.1|A/cattle/Texas/24-008749-003/2024(H5N1)	922	5045
PB1|PP755595.1|A/cattle/Texas/24-008749-003/2024(H5N1)	923	5073
PB1|PP755595.1|A/cattle/Texas/24-008749-003/2024(H5N1)	924	5094
PB1|PP755595.1|A/cattle/Texas/24-008749-003/2024(H5N1)	925	5099
PB1|PP755595.1|A/cattle/Texas/24-008749-003/2024(H5N1)	926	5112
PB1|PP755595.1|A/cattle/Texas/24-008749-003/2024(H5N1)	927	5176
PB1|PP755595.1|A/cattle/Texas/24-008749-003/2024(H5N1)	928	5179
PB1|PP755595.1|A/cattle/Texas/24-008749-003/2024(H5N1)	929	5174
PB1|PP755595.1|A/cattle/Texas/24-008749-003/2024(H5N1)	930	5180
PB1|PP755595.1|A/cattle/Texas/24-008749-003/2024(H5N1)	931	5119
PB1|PP755595.1|A/cattle/Texas/24-008749-003/2024(H5N1)	932	5113
PB1|PP755595.1|A/cattle/Texas/24-008749-003/2024(H5N1)	933	5166
PB1|PP755595.1|A/cattle/Texas/24-008749-003/2024(H5N1)	934	5224
PB1|PP755595.1|A/cattle/Texas/24-008749-003/2024(H5N1)	935	5222
PB1|PP755595.1|A/cattle/Texas/24-008749-003/2024(H5N1)	936	5099
PB1|PP755595.1|A/cattle/Texas/24-008749-003/2024(H5N1)	937	5099
PB1|PP755595.1|A/cattle/Texas/24-008749-003/2024(H5N1)	938	5103
PB1|PP755595.1|A/cattle/Texas/24-008749-003/2024(H5N1)	939	5148
PB1|PP755595.1|A/cattle/Texas/24-008749-003/2024(H5N1)	940	5268
PB1|PP755595.1|A/cattle/Texas/24-008749-003/2024(H5N1)	941	5288
PB1|PP755595.1|A/cattle/Texas/24-008749-003/2024(H5N1)	942	5290
PB1|PP755595.1|A/cattle/Texas/24-008749-003/2024(H5N1)	943	5335
PB1|PP755595.1|A/cattle/Texas/24-008749-003/2024(H5N1)	944	5335
PB1|PP755595.1|A/cattle/Texas/24-008749-003/2024(H5N1)	945	5371
PB1|PP755595.1|A/cattle/Texas/24-008749-003/2024(H5N1)	946	5392
PB1|PP755595.1|A/cattle/Texas/24-008749-003/2024(H5N1)	947	5401
PB1|PP755595.1|A/cattle/Texas/24-008749-003/2024(H5N1)	948	5445
PB1|PP755595.1|A/cattle/Texas/24-008749-003/2024(H5N1)	949	5455
PB1|PP755595.1|A/cattle/Texas/24-008749-003/2024(H5N1)	950	5458
PB1|PP755595.1|A/cattle/Texas/24-008749-003/2024(H5N1)	951	5516
PB1|PP755595.1|A/cattle/Texas/24-008749-003/2024(H5N1)	952	5515
PB1|PP755595.1|A/cattle/Texas/24-008749-003/2024(H5N1)	953	5540
PB1|PP755595.1|A/cattle/Texas/24-008749-003/2024(H5N1)	954	5439
PB1|PP755595.1|A/cattle/Texas/24-008749-003/2024(H5N1)	955	5481
PB1|PP755595.1|A/cattle/Texas/24-008749-003/2024(H5N1)	956	5506
PB1|PP755595.1|A/cattle/Texas/24-008749-003/2024(H5N1)	957	5522
PB1|PP755595.1|A/cattle/Texas/24-008749-003/2024(H5N1)	958	5528
PB1|PP755595.1|A/cattle/Texas/24-008749-003/2024(H5N1)	959	5514
PB1|PP755595.1|A/cattle/Texas/24-008749-003/2024(H5N1)	960	5506
PB1|PP755595.1|A/cattle/Texas/24-008749-003/2024(H5N1)	961	5514
PB1|PP755595.1|A/cattle/Texas/24-008749-003/2024(H5N1)	962	5568
PB1|PP755595.1|A/cattle/Texas/24-008749-003/2024(H5N1)	963	5630
PB1|PP755595.1|A/cattle/Texas/24-008749-003/2024(H5N1)	964	5624
PB1|PP755595.1|A/cattle/Texas/24-008749-003/2024(H5N1)	965	5628
PB1|PP755595.1|A/cattle/Texas/24-008749-003/2024(H5N1)	966	5502
PB1|PP755595.1|A/cattle/Texas/24-008749-003/2024(H5N1)	967	5498
PB1|PP755595.1|A/cattle/Texas/24-008749-003/2024(H5N1)	968	5431
PB1|PP755595.1|A/cattle/Texas/24-008749-003/2024(H5N1)	969	5428
PB1|PP755595.1|A/cattle/Texas/24-008749-003/2024(H5N1)	970	5419
PB1|PP755595.1|A/cattle/Texas/24-008749-003/2024(H5N1)	971	5277
PB1|PP755595.1|A/cattle/Texas/24-008749-003/2024(H5N1)	972	5086
PB1|PP755595.1|A/cattle/Texas/24-008749-003/2024(H5N1)	973	4950
PB1|PP755595.1|A/cattle/Texas/24-008749-003/2024(H5N1)	974	4924
PB1|PP755595.1|A/cattle/Texas/24-008749-003/2024(H5N1)	975	4894
PB1|PP755595.1|A/cattle/Texas/24-008749-003/2024(H5N1)	976	5099
PB1|PP755595.1|A/cattle/Texas/24-008749-003/2024(H5N1)	977	5098
PB1|PP755595.1|A/cattle/Texas/24-008749-003/2024(H5N1)	978	5078
PB1|PP755595.1|A/cattle/Texas/24-008749-003/2024(H5N1)	979	5071
PB1|PP755595.1|A/cattle/Texas/24-008749-003/2024(H5N1)	980	5054
PB1|PP755595.1|A/cattle/Texas/24-008749-003/2024(H5N1)	981	4924
PB1|PP755595.1|A/cattle/Texas/24-008749-003/2024(H5N1)	982	5007
PB1|PP755595.1|A/cattle/Texas/24-008749-003/2024(H5N1)	983	5015
PB1|PP755595.1|A/cattle/Texas/24-008749-003/2024(H5N1)	984	5065
PB1|PP755595.1|A/cattle/Texas/24-008749-003/2024(H5N1)	985	5059
PB1|PP755595.1|A/cattle/Texas/24-008749-003/2024(H5N1)	986	5055
PB1|PP755595.1|A/cattle/Texas/24-008749-003/2024(H5N1)	987	5046
PB1|PP755595.1|A/cattle/Texas/24-008749-003/2024(H5N1)	988	5082
PB1|PP755595.1|A/cattle/Texas/24-008749-003/2024(H5N1)	989	5067
PB1|PP755595.1|A/cattle/Texas/24-008749-003/2024(H5N1)	990	5012
PB1|PP755595.1|A/cattle/Texas/24-008749-003/2024(H5N1)	991	5023
PB1|PP755595.1|A/cattle/Texas/24-008749-003/2024(H5N1)	992	5025
PB1|PP755595.1|A/cattle/Texas/24-008749-003/2024(H5N1)	993	5021
PB1|PP755595.1|A/cattle/Texas/24-008749-003/2024(H5N1)	994	4995
PB1|PP755595.1|A/cattle/Texas/24-008749-003/2024(H5N1)	995	4947
PB1|PP755595.1|A/cattle/Texas/24-008749-003/2024(H5N1)	996	4943
PB1|PP755595.1|A/cattle/Texas/24-008749-003/2024(H5N1)	997	4812
PB1|PP755595.1|A/cattle/Texas/24-008749-003/2024(H5N1)	998	4810
PB1|PP755595.1|A/cattle/Texas/24-008749-003/2024(H5N1)	999	4742
PB1|PP755595.1|A/cattle/Texas/24-008749-003/2024(H5N1)	1000	4732
PB1|PP755595.1|A/cattle/Texas/24-008749-003/2024(H5N1)	1001	4728
PB1|PP755595.1|A/cattle/Texas/24-008749-003/2024(H5N1)	1002	4727
PB1|PP755595.1|A/cattle/Texas/24-008749-003/2024(H5N1)	1003	4994
PB1|PP755595.1|A/cattle/Texas/24-008749-003/2024(H5N1)	1004	4994
PB1|PP755595.1|A/cattle/Texas/24-008749-003/2024(H5N1)	1005	4703
PB1|PP755595.1|A/cattle/Texas/24-008749-003/2024(H5N1)	1006	4703
PB1|PP755595.1|A/cattle/Texas/24-008749-003/2024(H5N1)	1007	4701
PB1|PP755595.1|A/cattle/Texas/24-008749-003/2024(H5N1)	1008	4693
PB1|PP755595.1|A/cattle/Texas/24-008749-003/2024(H5N1)	1009	4947
PB1|PP755595.1|A/cattle/Texas/24-008749-003/2024(H5N1)	1010	4915
PB1|PP755595.1|A/cattle/Texas/24-008749-003/2024(H5N1)	1011	4889
PB1|PP755595.1|A/cattle/Texas/24-008749-003/2024(H5N1)	1012	4888
PB1|PP755595.1|A/cattle/Texas/24-008749-003/2024(H5N1)	1013	4887
PB1|PP755595.1|A/cattle/Texas/24-008749-003/2024(H5N1)	1014	4872
PB1|PP755595.1|A/cattle/Texas/24-008749-003/2024(H5N1)	1015	4863
PB1|PP755595.1|A/cattle/Texas/24-008749-003/2024(H5N1)	1016	4856
PB1|PP755595.1|A/cattle/Texas/24-008749-003/2024(H5N1)	1017	4806
PB1|PP755595.1|A/cattle/Texas/24-008749-003/2024(H5N1)	1018	4806
PB1|PP755595.1|A/cattle/Texas/24-008749-003/2024(H5N1)	1019	4803
PB1|PP755595.1|A/cattle/Texas/24-008749-003/2024(H5N1)	1020	4754
PB1|PP755595.1|A/cattle/Texas/24-008749-003/2024(H5N1)	1021	5021
PB1|PP755595.1|A/cattle/Texas/24-008749-003/2024(H5N1)	1022	4955
PB1|PP755595.1|A/cattle/Texas/24-008749-003/2024(H5N1)	1023	4954
PB1|PP755595.1|A/cattle/Texas/24-008749-003/2024(H5N1)	1024	4996
PB1|PP755595.1|A/cattle/Texas/24-008749-003/2024(H5N1)	1025	4996
PB1|PP755595.1|A/cattle/Texas/24-008749-003/2024(H5N1)	1026	4973
PB1|PP755595.1|A/cattle/Texas/24-008749-003/2024(H5N1)	1027	4957
PB1|PP755595.1|A/cattle/Texas/24-008749-003/2024(H5N1)	1028	4827
PB1|PP755595.1|A/cattle/Texas/24-008749-003/2024(H5N1)	1029	4790
PB1|PP755595.1|A/cattle/Texas/24-008749-003/2024(H5N1)	1030	4580
PB1|PP755595.1|A/cattle/Texas/24-008749-003/2024(H5N1)	1031	4351
PB1|PP755595.1|A/cattle/Texas/24-008749-003/2024(H5N1)	1032	4318
PB1|PP755595.1|A/cattle/Texas/24-008749-003/2024(H5N1)	1033	4266
PB1|PP755595.1|A/cattle/Texas/24-008749-003/2024(H5N1)	1034	3906
PB1|PP755595.1|A/cattle/Texas/24-008749-003/2024(H5N1)	1035	3893
PB1|PP755595.1|A/cattle/Texas/24-008749-003/2024(H5N1)	1036	3942
PB1|PP755595.1|A/cattle/Texas/24-008749-003/2024(H5N1)	1037	3931
PB1|PP755595.1|A/cattle/Texas/24-008749-003/2024(H5N1)	1038	3926
PB1|PP755595.1|A/cattle/Texas/24-008749-003/2024(H5N1)	1039	3912
PB1|PP755595.1|A/cattle/Texas/24-008749-003/2024(H5N1)	1040	3785
PB1|PP755595.1|A/cattle/Texas/24-008749-003/2024(H5N1)	1041	3783
PB1|PP755595.1|A/cattle/Texas/24-008749-003/2024(H5N1)	1042	3765
PB1|PP755595.1|A/cattle/Texas/24-008749-003/2024(H5N1)	1043	3758
PB1|PP755595.1|A/cattle/Texas/24-008749-003/2024(H5N1)	1044	3746
PB1|PP755595.1|A/cattle/Texas/24-008749-003/2024(H5N1)	1045	3644
PB1|PP755595.1|A/cattle/Texas/24-008749-003/2024(H5N1)	1046	3555
PB1|PP755595.1|A/cattle/Texas/24-008749-003/2024(H5N1)	1047	3102
PB1|PP755595.1|A/cattle/Texas/24-008749-003/2024(H5N1)	1048	3095
PB1|PP755595.1|A/cattle/Texas/24-008749-003/2024(H5N1)	1049	3094
PB1|PP755595.1|A/cattle/Texas/24-008749-003/2024(H5N1)	1050	3093
PB1|PP755595.1|A/cattle/Texas/24-008749-003/2024(H5N1)	1051	3081
PB1|PP755595.1|A/cattle/Texas/24-008749-003/2024(H5N1)	1052	3088
PB1|PP755595.1|A/cattle/Texas/24-008749-003/2024(H5N1)	1053	3038
PB1|PP755595.1|A/cattle/Texas/24-008749-003/2024(H5N1)	1054	3038
PB1|PP755595.1|A/cattle/Texas/24-008749-003/2024(H5N1)	1055	3038
PB1|PP755595.1|A/cattle/Texas/24-008749-003/2024(H5N1)	1056	3038
PB1|PP755595.1|A/cattle/Texas/24-008749-003/2024(H5N1)	1057	3476
PB1|PP755595.1|A/cattle/Texas/24-008749-003/2024(H5N1)	1058	3476
PB1|PP755595.1|A/cattle/Texas/24-008749-003/2024(H5N1)	1059	3475
PB1|PP755595.1|A/cattle/Texas/24-008749-003/2024(H5N1)	1060	3475
PB1|PP755595.1|A/cattle/Texas/24-008749-003/2024(H5N1)	1061	3476
PB1|PP755595.1|A/cattle/Texas/24-008749-003/2024(H5N1)	1062	3476
PB1|PP755595.1|A/cattle/Texas/24-008749-003/2024(H5N1)	1063	3889
PB1|PP755595.1|A/cattle/Texas/24-008749-003/2024(H5N1)	1064	3896
PB1|PP755595.1|A/cattle/Texas/24-008749-003/2024(H5N1)	1065	3901
PB1|PP755595.1|A/cattle/Texas/24-008749-003/2024(H5N1)	1066	3906
PB1|PP755595.1|A/cattle/Texas/24-008749-003/2024(H5N1)	1067	3906
PB1|PP755595.1|A/cattle/Texas/24-008749-003/2024(H5N1)	1068	3882
PB1|PP755595.1|A/cattle/Texas/24-008749-003/2024(H5N1)	1069	3599
PB1|PP755595.1|A/cattle/Texas/24-008749-003/2024(H5N1)	1070	3591
PB1|PP755595.1|A/cattle/Texas/24-008749-003/2024(H5N1)	1071	3557
PB1|PP755595.1|A/cattle/Texas/24-008749-003/2024(H5N1)	1072	3711
PB1|PP755595.1|A/cattle/Texas/24-008749-003/2024(H5N1)	1073	3720
PB1|PP755595.1|A/cattle/Texas/24-008749-003/2024(H5N1)	1074	3754
PB1|PP755595.1|A/cattle/Texas/24-008749-003/2024(H5N1)	1075	3738
PB1|PP755595.1|A/cattle/Texas/24-008749-003/2024(H5N1)	1076	3751
PB1|PP755595.1|A/cattle/Texas/24-008749-003/2024(H5N1)	1077	3711
PB1|PP755595.1|A/cattle/Texas/24-008749-003/2024(H5N1)	1078	3694
PB1|PP755595.1|A/cattle/Texas/24-008749-003/2024(H5N1)	1079	3695
PB1|PP755595.1|A/cattle/Texas/24-008749-003/2024(H5N1)	1080	3725
PB1|PP755595.1|A/cattle/Texas/24-008749-003/2024(H5N1)	1081	3740
PB1|PP755595.1|A/cattle/Texas/24-008749-003/2024(H5N1)	1082	3797
PB1|PP755595.1|A/cattle/Texas/24-008749-003/2024(H5N1)	1083	3743
PB1|PP755595.1|A/cattle/Texas/24-008749-003/2024(H5N1)	1084	3727
PB1|PP755595.1|A/cattle/Texas/24-008749-003/2024(H5N1)	1085	3713
PB1|PP755595.1|A/cattle/Texas/24-008749-003/2024(H5N1)	1086	3688
PB1|PP755595.1|A/cattle/Texas/24-008749-003/2024(H5N1)	1087	3678
PB1|PP755595.1|A/cattle/Texas/24-008749-003/2024(H5N1)	1088	3675
PB1|PP755595.1|A/cattle/Texas/24-008749-003/2024(H5N1)	1089	3671
PB1|PP755595.1|A/cattle/Texas/24-008749-003/2024(H5N1)	1090	3435
PB1|PP755595.1|A/cattle/Texas/24-008749-003/2024(H5N1)	1091	3373
PB1|PP755595.1|A/cattle/Texas/24-008749-003/2024(H5N1)	1092	3357
PB1|PP755595.1|A/cattle/Texas/24-008749-003/2024(H5N1)	1093	3432
PB1|PP755595.1|A/cattle/Texas/24-008749-003/2024(H5N1)	1094	3436
PB1|PP755595.1|A/cattle/Texas/24-008749-003/2024(H5N1)	1095	3449
PB1|PP755595.1|A/cattle/Texas/24-008749-003/2024(H5N1)	1096	3742
PB1|PP755595.1|A/cattle/Texas/24-008749-003/2024(H5N1)	1097	3923
PB1|PP755595.1|A/cattle/Texas/24-008749-003/2024(H5N1)	1098	3973
PB1|PP755595.1|A/cattle/Texas/24-008749-003/2024(H5N1)	1099	4036
PB1|PP755595.1|A/cattle/Texas/24-008749-003/2024(H5N1)	1100	4152
PB1|PP755595.1|A/cattle/Texas/24-008749-003/2024(H5N1)	1101	4154
PB1|PP755595.1|A/cattle/Texas/24-008749-003/2024(H5N1)	1102	4118
PB1|PP755595.1|A/cattle/Texas/24-008749-003/2024(H5N1)	1103	4199
PB1|PP755595.1|A/cattle/Texas/24-008749-003/2024(H5N1)	1104	4177
PB1|PP755595.1|A/cattle/Texas/24-008749-003/2024(H5N1)	1105	4193
PB1|PP755595.1|A/cattle/Texas/24-008749-003/2024(H5N1)	1106	4099
PB1|PP755595.1|A/cattle/Texas/24-008749-003/2024(H5N1)	1107	4043
PB1|PP755595.1|A/cattle/Texas/24-008749-003/2024(H5N1)	1108	4108
PB1|PP755595.1|A/cattle/Texas/24-008749-003/2024(H5N1)	1109	4116
PB1|PP755595.1|A/cattle/Texas/24-008749-003/2024(H5N1)	1110	4116
PB1|PP755595.1|A/cattle/Texas/24-008749-003/2024(H5N1)	1111	4116
PB1|PP755595.1|A/cattle/Texas/24-008749-003/2024(H5N1)	1112	4116
PB1|PP755595.1|A/cattle/Texas/24-008749-003/2024(H5N1)	1113	4054
PB1|PP755595.1|A/cattle/Texas/24-008749-003/2024(H5N1)	1114	3991
PB1|PP755595.1|A/cattle/Texas/24-008749-003/2024(H5N1)	1115	3947
PB1|PP755595.1|A/cattle/Texas/24-008749-003/2024(H5N1)	1116	3936
PB1|PP755595.1|A/cattle/Texas/24-008749-003/2024(H5N1)	1117	3876
PB1|PP755595.1|A/cattle/Texas/24-008749-003/2024(H5N1)	1118	3857
PB1|PP755595.1|A/cattle/Texas/24-008749-003/2024(H5N1)	1119	3070
PB1|PP755595.1|A/cattle/Texas/24-008749-003/2024(H5N1)	1120	3070
PB1|PP755595.1|A/cattle/Texas/24-008749-003/2024(H5N1)	1121	3070
PB1|PP755595.1|A/cattle/Texas/24-008749-003/2024(H5N1)	1122	3066
PB1|PP755595.1|A/cattle/Texas/24-008749-003/2024(H5N1)	1123	3066
PB1|PP755595.1|A/cattle/Texas/24-008749-003/2024(H5N1)	1124	3066
PB1|PP755595.1|A/cattle/Texas/24-008749-003/2024(H5N1)	1125	3066
PB1|PP755595.1|A/cattle/Texas/24-008749-003/2024(H5N1)	1126	3066
PB1|PP755595.1|A/cattle/Texas/24-008749-003/2024(H5N1)	1127	3066
PB1|PP755595.1|A/cattle/Texas/24-008749-003/2024(H5N1)	1128	3066
PB1|PP755595.1|A/cattle/Texas/24-008749-003/2024(H5N1)	1129	3066
PB1|PP755595.1|A/cattle/Texas/24-008749-003/2024(H5N1)	1130	3066
PB1|PP755595.1|A/cattle/Texas/24-008749-003/2024(H5N1)	1131	3065
PB1|PP755595.1|A/cattle/Texas/24-008749-003/2024(H5N1)	1132	3066
PB1|PP755595.1|A/cattle/Texas/24-008749-003/2024(H5N1)	1133	3068
PB1|PP755595.1|A/cattle/Texas/24-008749-003/2024(H5N1)	1134	3071
PB1|PP755595.1|A/cattle/Texas/24-008749-003/2024(H5N1)	1135	4483
PB1|PP755595.1|A/cattle/Texas/24-008749-003/2024(H5N1)	1136	4498
PB1|PP755595.1|A/cattle/Texas/24-008749-003/2024(H5N1)	1137	4543
PB1|PP755595.1|A/cattle/Texas/24-008749-003/2024(H5N1)	1138	4587
PB1|PP755595.1|A/cattle/Texas/24-008749-003/2024(H5N1)	1139	4619
PB1|PP755595.1|A/cattle/Texas/24-008749-003/2024(H5N1)	1140	4645
PB1|PP755595.1|A/cattle/Texas/24-008749-003/2024(H5N1)	1141	4648
PB1|PP755595.1|A/cattle/Texas/24-008749-003/2024(H5N1)	1142	4657
PB1|PP755595.1|A/cattle/Texas/24-008749-003/2024(H5N1)	1143	4685
PB1|PP755595.1|A/cattle/Texas/24-008749-003/2024(H5N1)	1144	4688
PB1|PP755595.1|A/cattle/Texas/24-008749-003/2024(H5N1)	1145	4729
PB1|PP755595.1|A/cattle/Texas/24-008749-003/2024(H5N1)	1146	4741
PB1|PP755595.1|A/cattle/Texas/24-008749-003/2024(H5N1)	1147	4759
PB1|PP755595.1|A/cattle/Texas/24-008749-003/2024(H5N1)	1148	4765
PB1|PP755595.1|A/cattle/Texas/24-008749-003/2024(H5N1)	1149	4783
PB1|PP755595.1|A/cattle/Texas/24-008749-003/2024(H5N1)	1150	4788
PB1|PP755595.1|A/cattle/Texas/24-008749-003/2024(H5N1)	1151	4845
PB1|PP755595.1|A/cattle/Texas/24-008749-003/2024(H5N1)	1152	4851
PB1|PP755595.1|A/cattle/Texas/24-008749-003/2024(H5N1)	1153	4863
PB1|PP755595.1|A/cattle/Texas/24-008749-003/2024(H5N1)	1154	4885
PB1|PP755595.1|A/cattle/Texas/24-008749-003/2024(H5N1)	1155	4877
PB1|PP755595.1|A/cattle/Texas/24-008749-003/2024(H5N1)	1156	4859
PB1|PP755595.1|A/cattle/Texas/24-008749-003/2024(H5N1)	1157	4726
PB1|PP755595.1|A/cattle/Texas/24-008749-003/2024(H5N1)	1158	4766
PB1|PP755595.1|A/cattle/Texas/24-008749-003/2024(H5N1)	1159	4794
PB1|PP755595.1|A/cattle/Texas/24-008749-003/2024(H5N1)	1160	4795
PB1|PP755595.1|A/cattle/Texas/24-008749-003/2024(H5N1)	1161	4795
PB1|PP755595.1|A/cattle/Texas/24-008749-003/2024(H5N1)	1162	4835
PB1|PP755595.1|A/cattle/Texas/24-008749-003/2024(H5N1)	1163	4843
PB1|PP755595.1|A/cattle/Texas/24-008749-003/2024(H5N1)	1164	4732
PB1|PP755595.1|A/cattle/Texas/24-008749-003/2024(H5N1)	1165	4727
PB1|PP755595.1|A/cattle/Texas/24-008749-003/2024(H5N1)	1166	4725
PB1|PP755595.1|A/cattle/Texas/24-008749-003/2024(H5N1)	1167	4172
PB1|PP755595.1|A/cattle/Texas/24-008749-003/2024(H5N1)	1168	4172
PB1|PP755595.1|A/cattle/Texas/24-008749-003/2024(H5N1)	1169	4172
PB1|PP755595.1|A/cattle/Texas/24-008749-003/2024(H5N1)	1170	4169
PB1|PP755595.1|A/cattle/Texas/24-008749-003/2024(H5N1)	1171	4194
PB1|PP755595.1|A/cattle/Texas/24-008749-003/2024(H5N1)	1172	4224
PB1|PP755595.1|A/cattle/Texas/24-008749-003/2024(H5N1)	1173	4286
PB1|PP755595.1|A/cattle/Texas/24-008749-003/2024(H5N1)	1174	4434
PB1|PP755595.1|A/cattle/Texas/24-008749-003/2024(H5N1)	1175	4434
PB1|PP755595.1|A/cattle/Texas/24-008749-003/2024(H5N1)	1176	4447
PB1|PP755595.1|A/cattle/Texas/24-008749-003/2024(H5N1)	1177	4447
PB1|PP755595.1|A/cattle/Texas/24-008749-003/2024(H5N1)	1178	4514
PB1|PP755595.1|A/cattle/Texas/24-008749-003/2024(H5N1)	1179	4540
PB1|PP755595.1|A/cattle/Texas/24-008749-003/2024(H5N1)	1180	4675
PB1|PP755595.1|A/cattle/Texas/24-008749-003/2024(H5N1)	1181	4711
PB1|PP755595.1|A/cattle/Texas/24-008749-003/2024(H5N1)	1182	4711
PB1|PP755595.1|A/cattle/Texas/24-008749-003/2024(H5N1)	1183	4937
PB1|PP755595.1|A/cattle/Texas/24-008749-003/2024(H5N1)	1184	4961
PB1|PP755595.1|A/cattle/Texas/24-008749-003/2024(H5N1)	1185	5057
PB1|PP755595.1|A/cattle/Texas/24-008749-003/2024(H5N1)	1186	5156
PB1|PP755595.1|A/cattle/Texas/24-008749-003/2024(H5N1)	1187	5157
PB1|PP755595.1|A/cattle/Texas/24-008749-003/2024(H5N1)	1188	5186
PB1|PP755595.1|A/cattle/Texas/24-008749-003/2024(H5N1)	1189	5208
PB1|PP755595.1|A/cattle/Texas/24-008749-003/2024(H5N1)	1190	5214
PB1|PP755595.1|A/cattle/Texas/24-008749-003/2024(H5N1)	1191	5285
PB1|PP755595.1|A/cattle/Texas/24-008749-003/2024(H5N1)	1192	5287
PB1|PP755595.1|A/cattle/Texas/24-008749-003/2024(H5N1)	1193	5193
PB1|PP755595.1|A/cattle/Texas/24-008749-003/2024(H5N1)	1194	5166
PB1|PP755595.1|A/cattle/Texas/24-008749-003/2024(H5N1)	1195	5123
PB1|PP755595.1|A/cattle/Texas/24-008749-003/2024(H5N1)	1196	5115
PB1|PP755595.1|A/cattle/Texas/24-008749-003/2024(H5N1)	1197	4908
PB1|PP755595.1|A/cattle/Texas/24-008749-003/2024(H5N1)	1198	4908
PB1|PP755595.1|A/cattle/Texas/24-008749-003/2024(H5N1)	1199	4927
PB1|PP755595.1|A/cattle/Texas/24-008749-003/2024(H5N1)	1200	4930
PB1|PP755595.1|A/cattle/Texas/24-008749-003/2024(H5N1)	1201	5441
PB1|PP755595.1|A/cattle/Texas/24-008749-003/2024(H5N1)	1202	5488
PB1|PP755595.1|A/cattle/Texas/24-008749-003/2024(H5N1)	1203	5526
PB1|PP755595.1|A/cattle/Texas/24-008749-003/2024(H5N1)	1204	5532
PB1|PP755595.1|A/cattle/Texas/24-008749-003/2024(H5N1)	1205	5626
PB1|PP755595.1|A/cattle/Texas/24-008749-003/2024(H5N1)	1206	5663
PB1|PP755595.1|A/cattle/Texas/24-008749-003/2024(H5N1)	1207	5691
PB1|PP755595.1|A/cattle/Texas/24-008749-003/2024(H5N1)	1208	5685
PB1|PP755595.1|A/cattle/Texas/24-008749-003/2024(H5N1)	1209	5266
PB1|PP755595.1|A/cattle/Texas/24-008749-003/2024(H5N1)	1210	5265
PB1|PP755595.1|A/cattle/Texas/24-008749-003/2024(H5N1)	1211	5479
PB1|PP755595.1|A/cattle/Texas/24-008749-003/2024(H5N1)	1212	5532
PB1|PP755595.1|A/cattle/Texas/24-008749-003/2024(H5N1)	1213	5600
PB1|PP755595.1|A/cattle/Texas/24-008749-003/2024(H5N1)	1214	5617
PB1|PP755595.1|A/cattle/Texas/24-008749-003/2024(H5N1)	1215	5634
PB1|PP755595.1|A/cattle/Texas/24-008749-003/2024(H5N1)	1216	5665
PB1|PP755595.1|A/cattle/Texas/24-008749-003/2024(H5N1)	1217	5710
PB1|PP755595.1|A/cattle/Texas/24-008749-003/2024(H5N1)	1218	5717
PB1|PP755595.1|A/cattle/Texas/24-008749-003/2024(H5N1)	1219	5735
PB1|PP755595.1|A/cattle/Texas/24-008749-003/2024(H5N1)	1220	5674
PB1|PP755595.1|A/cattle/Texas/24-008749-003/2024(H5N1)	1221	5725
PB1|PP755595.1|A/cattle/Texas/24-008749-003/2024(H5N1)	1222	5776
PB1|PP755595.1|A/cattle/Texas/24-008749-003/2024(H5N1)	1223	5781
PB1|PP755595.1|A/cattle/Texas/24-008749-003/2024(H5N1)	1224	5778
PB1|PP755595.1|A/cattle/Texas/24-008749-003/2024(H5N1)	1225	5732
PB1|PP755595.1|A/cattle/Texas/24-008749-003/2024(H5N1)	1226	5716
PB1|PP755595.1|A/cattle/Texas/24-008749-003/2024(H5N1)	1227	5702
PB1|PP755595.1|A/cattle/Texas/24-008749-003/2024(H5N1)	1228	5778
PB1|PP755595.1|A/cattle/Texas/24-008749-003/2024(H5N1)	1229	5802
PB1|PP755595.1|A/cattle/Texas/24-008749-003/2024(H5N1)	1230	5775
PB1|PP755595.1|A/cattle/Texas/24-008749-003/2024(H5N1)	1231	5781
PB1|PP755595.1|A/cattle/Texas/24-008749-003/2024(H5N1)	1232	5759
PB1|PP755595.1|A/cattle/Texas/24-008749-003/2024(H5N1)	1233	5806
PB1|PP755595.1|A/cattle/Texas/24-008749-003/2024(H5N1)	1234	5842
PB1|PP755595.1|A/cattle/Texas/24-008749-003/2024(H5N1)	1235	5898
PB1|PP755595.1|A/cattle/Texas/24-008749-003/2024(H5N1)	1236	5913
PB1|PP755595.1|A/cattle/Texas/24-008749-003/2024(H5N1)	1237	5879
PB1|PP755595.1|A/cattle/Texas/24-008749-003/2024(H5N1)	1238	5863
PB1|PP755595.1|A/cattle/Texas/24-008749-003/2024(H5N1)	1239	5843
PB1|PP755595.1|A/cattle/Texas/24-008749-003/2024(H5N1)	1240	5882
PB1|PP755595.1|A/cattle/Texas/24-008749-003/2024(H5N1)	1241	5870
PB1|PP755595.1|A/cattle/Texas/24-008749-003/2024(H5N1)	1242	5896
PB1|PP755595.1|A/cattle/Texas/24-008749-003/2024(H5N1)	1243	6010
PB1|PP755595.1|A/cattle/Texas/24-008749-003/2024(H5N1)	1244	5917
PB1|PP755595.1|A/cattle/Texas/24-008749-003/2024(H5N1)	1245	6001
PB1|PP755595.1|A/cattle/Texas/24-008749-003/2024(H5N1)	1246	6033
PB1|PP755595.1|A/cattle/Texas/24-008749-003/2024(H5N1)	1247	6293
PB1|PP755595.1|A/cattle/Texas/24-008749-003/2024(H5N1)	1248	6118
PB1|PP755595.1|A/cattle/Texas/24-008749-003/2024(H5N1)	1249	6053
PB1|PP755595.1|A/cattle/Texas/24-008749-003/2024(H5N1)	1250	5991
PB1|PP755595.1|A/cattle/Texas/24-008749-003/2024(H5N1)	1251	5823
PB1|PP755595.1|A/cattle/Texas/24-008749-003/2024(H5N1)	1252	5820
PB1|PP755595.1|A/cattle/Texas/24-008749-003/2024(H5N1)	1253	5800
PB1|PP755595.1|A/cattle/Texas/24-008749-003/2024(H5N1)	1254	4532
PB1|PP755595.1|A/cattle/Texas/24-008749-003/2024(H5N1)	1255	4531
PB1|PP755595.1|A/cattle/Texas/24-008749-003/2024(H5N1)	1256	4710
PB1|PP755595.1|A/cattle/Texas/24-008749-003/2024(H5N1)	1257	4711
PB1|PP755595.1|A/cattle/Texas/24-008749-003/2024(H5N1)	1258	5722
PB1|PP755595.1|A/cattle/Texas/24-008749-003/2024(H5N1)	1259	5761
PB1|PP755595.1|A/cattle/Texas/24-008749-003/2024(H5N1)	1260	5761
PB1|PP755595.1|A/cattle/Texas/24-008749-003/2024(H5N1)	1261	5776
PB1|PP755595.1|A/cattle/Texas/24-008749-003/2024(H5N1)	1262	5796
PB1|PP755595.1|A/cattle/Texas/24-008749-003/2024(H5N1)	1263	5796
PB1|PP755595.1|A/cattle/Texas/24-008749-003/2024(H5N1)	1264	5827
PB1|PP755595.1|A/cattle/Texas/24-008749-003/2024(H5N1)	1265	5807
PB1|PP755595.1|A/cattle/Texas/24-008749-003/2024(H5N1)	1266	5806
PB1|PP755595.1|A/cattle/Texas/24-008749-003/2024(H5N1)	1267	5840
PB1|PP755595.1|A/cattle/Texas/24-008749-003/2024(H5N1)	1268	5852
PB1|PP755595.1|A/cattle/Texas/24-008749-003/2024(H5N1)	1269	5904
PB1|PP755595.1|A/cattle/Texas/24-008749-003/2024(H5N1)	1270	5966
PB1|PP755595.1|A/cattle/Texas/24-008749-003/2024(H5N1)	1271	5971
PB1|PP755595.1|A/cattle/Texas/24-008749-003/2024(H5N1)	1272	5987
PB1|PP755595.1|A/cattle/Texas/24-008749-003/2024(H5N1)	1273	5996
PB1|PP755595.1|A/cattle/Texas/24-008749-003/2024(H5N1)	1274	6029
PB1|PP755595.1|A/cattle/Texas/24-008749-003/2024(H5N1)	1275	6037
PB1|PP755595.1|A/cattle/Texas/24-008749-003/2024(H5N1)	1276	5909
PB1|PP755595.1|A/cattle/Texas/24-008749-003/2024(H5N1)	1277	5888
PB1|PP755595.1|A/cattle/Texas/24-008749-003/2024(H5N1)	1278	5849
PB1|PP755595.1|A/cattle/Texas/24-008749-003/2024(H5N1)	1279	5860
PB1|PP755595.1|A/cattle/Texas/24-008749-003/2024(H5N1)	1280	5953
PB1|PP755595.1|A/cattle/Texas/24-008749-003/2024(H5N1)	1281	5917
PB1|PP755595.1|A/cattle/Texas/24-008749-003/2024(H5N1)	1282	5897
PB1|PP755595.1|A/cattle/Texas/24-008749-003/2024(H5N1)	1283	5904
PB1|PP755595.1|A/cattle/Texas/24-008749-003/2024(H5N1)	1284	5920
PB1|PP755595.1|A/cattle/Texas/24-008749-003/2024(H5N1)	1285	5930
PB1|PP755595.1|A/cattle/Texas/24-008749-003/2024(H5N1)	1286	5898
PB1|PP755595.1|A/cattle/Texas/24-008749-003/2024(H5N1)	1287	5963
PB1|PP755595.1|A/cattle/Texas/24-008749-003/2024(H5N1)	1288	5955
PB1|PP755595.1|A/cattle/Texas/24-008749-003/2024(H5N1)	1289	5917
PB1|PP755595.1|A/cattle/Texas/24-008749-003/2024(H5N1)	1290	5907
PB1|PP755595.1|A/cattle/Texas/24-008749-003/2024(H5N1)	1291	5920
PB1|PP755595.1|A/cattle/Texas/24-008749-003/2024(H5N1)	1292	5921
PB1|PP755595.1|A/cattle/Texas/24-008749-003/2024(H5N1)	1293	6015
PB1|PP755595.1|A/cattle/Texas/24-008749-003/2024(H5N1)	1294	5997
PB1|PP755595.1|A/cattle/Texas/24-008749-003/2024(H5N1)	1295	6036
PB1|PP755595.1|A/cattle/Texas/24-008749-003/2024(H5N1)	1296	5992
PB1|PP755595.1|A/cattle/Texas/24-008749-003/2024(H5N1)	1297	5979
PB1|PP755595.1|A/cattle/Texas/24-008749-003/2024(H5N1)	1298	5976
PB1|PP755595.1|A/cattle/Texas/24-008749-003/2024(H5N1)	1299	5970
PB1|PP755595.1|A/cattle/Texas/24-008749-003/2024(H5N1)	1300	6184
PB1|PP755595.1|A/cattle/Texas/24-008749-003/2024(H5N1)	1301	6342
PB1|PP755595.1|A/cattle/Texas/24-008749-003/2024(H5N1)	1302	6265
PB1|PP755595.1|A/cattle/Texas/24-008749-003/2024(H5N1)	1303	6319
PB1|PP755595.1|A/cattle/Texas/24-008749-003/2024(H5N1)	1304	6301
PB1|PP755595.1|A/cattle/Texas/24-008749-003/2024(H5N1)	1305	6356
PB1|PP755595.1|A/cattle/Texas/24-008749-003/2024(H5N1)	1306	6458
PB1|PP755595.1|A/cattle/Texas/24-008749-003/2024(H5N1)	1307	6450
PB1|PP755595.1|A/cattle/Texas/24-008749-003/2024(H5N1)	1308	6528
PB1|PP755595.1|A/cattle/Texas/24-008749-003/2024(H5N1)	1309	6332
PB1|PP755595.1|A/cattle/Texas/24-008749-003/2024(H5N1)	1310	6371
PB1|PP755595.1|A/cattle/Texas/24-008749-003/2024(H5N1)	1311	6396
PB1|PP755595.1|A/cattle/Texas/24-008749-003/2024(H5N1)	1312	6359
PB1|PP755595.1|A/cattle/Texas/24-008749-003/2024(H5N1)	1313	6387
PB1|PP755595.1|A/cattle/Texas/24-008749-003/2024(H5N1)	1314	6384
PB1|PP755595.1|A/cattle/Texas/24-008749-003/2024(H5N1)	1315	6400
PB1|PP755595.1|A/cattle/Texas/24-008749-003/2024(H5N1)	1316	6459
PB1|PP755595.1|A/cattle/Texas/24-008749-003/2024(H5N1)	1317	6357
PB1|PP755595.1|A/cattle/Texas/24-008749-003/2024(H5N1)	1318	6369
PB1|PP755595.1|A/cattle/Texas/24-008749-003/2024(H5N1)	1319	6340
PB1|PP755595.1|A/cattle/Texas/24-008749-003/2024(H5N1)	1320	6338
PB1|PP755595.1|A/cattle/Texas/24-008749-003/2024(H5N1)	1321	6564
PB1|PP755595.1|A/cattle/Texas/24-008749-003/2024(H5N1)	1322	6533
PB1|PP755595.1|A/cattle/Texas/24-008749-003/2024(H5N1)	1323	6464
PB1|PP755595.1|A/cattle/Texas/24-008749-003/2024(H5N1)	1324	6465
PB1|PP755595.1|A/cattle/Texas/24-008749-003/2024(H5N1)	1325	6462
PB1|PP755595.1|A/cattle/Texas/24-008749-003/2024(H5N1)	1326	6483
PB1|PP755595.1|A/cattle/Texas/24-008749-003/2024(H5N1)	1327	6462
PB1|PP755595.1|A/cattle/Texas/24-008749-003/2024(H5N1)	1328	6389
PB1|PP755595.1|A/cattle/Texas/24-008749-003/2024(H5N1)	1329	6350
PB1|PP755595.1|A/cattle/Texas/24-008749-003/2024(H5N1)	1330	6209
PB1|PP755595.1|A/cattle/Texas/24-008749-003/2024(H5N1)	1331	6027
PB1|PP755595.1|A/cattle/Texas/24-008749-003/2024(H5N1)	1332	5994
PB1|PP755595.1|A/cattle/Texas/24-008749-003/2024(H5N1)	1333	5992
PB1|PP755595.1|A/cattle/Texas/24-008749-003/2024(H5N1)	1334	5991
PB1|PP755595.1|A/cattle/Texas/24-008749-003/2024(H5N1)	1335	5965
PB1|PP755595.1|A/cattle/Texas/24-008749-003/2024(H5N1)	1336	5886
PB1|PP755595.1|A/cattle/Texas/24-008749-003/2024(H5N1)	1337	5795
PB1|PP755595.1|A/cattle/Texas/24-008749-003/2024(H5N1)	1338	4691
PB1|PP755595.1|A/cattle/Texas/24-008749-003/2024(H5N1)	1339	4662
PB1|PP755595.1|A/cattle/Texas/24-008749-003/2024(H5N1)	1340	4642
PB1|PP755595.1|A/cattle/Texas/24-008749-003/2024(H5N1)	1341	4568
PB1|PP755595.1|A/cattle/Texas/24-008749-003/2024(H5N1)	1342	4568
PB1|PP755595.1|A/cattle/Texas/24-008749-003/2024(H5N1)	1343	4568
PB1|PP755595.1|A/cattle/Texas/24-008749-003/2024(H5N1)	1344	4564
PB1|PP755595.1|A/cattle/Texas/24-008749-003/2024(H5N1)	1345	4630
PB1|PP755595.1|A/cattle/Texas/24-008749-003/2024(H5N1)	1346	4631
PB1|PP755595.1|A/cattle/Texas/24-008749-003/2024(H5N1)	1347	4783
PB1|PP755595.1|A/cattle/Texas/24-008749-003/2024(H5N1)	1348	4783
PB1|PP755595.1|A/cattle/Texas/24-008749-003/2024(H5N1)	1349	4784
PB1|PP755595.1|A/cattle/Texas/24-008749-003/2024(H5N1)	1350	4771
PB1|PP755595.1|A/cattle/Texas/24-008749-003/2024(H5N1)	1351	4846
PB1|PP755595.1|A/cattle/Texas/24-008749-003/2024(H5N1)	1352	4948
PB1|PP755595.1|A/cattle/Texas/24-008749-003/2024(H5N1)	1353	4948
PB1|PP755595.1|A/cattle/Texas/24-008749-003/2024(H5N1)	1354	4963
PB1|PP755595.1|A/cattle/Texas/24-008749-003/2024(H5N1)	1355	4963
PB1|PP755595.1|A/cattle/Texas/24-008749-003/2024(H5N1)	1356	4971
PB1|PP755595.1|A/cattle/Texas/24-008749-003/2024(H5N1)	1357	5000
PB1|PP755595.1|A/cattle/Texas/24-008749-003/2024(H5N1)	1358	5000
PB1|PP755595.1|A/cattle/Texas/24-008749-003/2024(H5N1)	1359	4977
PB1|PP755595.1|A/cattle/Texas/24-008749-003/2024(H5N1)	1360	4986
PB1|PP755595.1|A/cattle/Texas/24-008749-003/2024(H5N1)	1361	4985
PB1|PP755595.1|A/cattle/Texas/24-008749-003/2024(H5N1)	1362	4998
PB1|PP755595.1|A/cattle/Texas/24-008749-003/2024(H5N1)	1363	5541
PB1|PP755595.1|A/cattle/Texas/24-008749-003/2024(H5N1)	1364	5566
PB1|PP755595.1|A/cattle/Texas/24-008749-003/2024(H5N1)	1365	5614
PB1|PP755595.1|A/cattle/Texas/24-008749-003/2024(H5N1)	1366	5624
PB1|PP755595.1|A/cattle/Texas/24-008749-003/2024(H5N1)	1367	5629
PB1|PP755595.1|A/cattle/Texas/24-008749-003/2024(H5N1)	1368	5645
PB1|PP755595.1|A/cattle/Texas/24-008749-003/2024(H5N1)	1369	5644
PB1|PP755595.1|A/cattle/Texas/24-008749-003/2024(H5N1)	1370	5655
PB1|PP755595.1|A/cattle/Texas/24-008749-003/2024(H5N1)	1371	5700
PB1|PP755595.1|A/cattle/Texas/24-008749-003/2024(H5N1)	1372	5889
PB1|PP755595.1|A/cattle/Texas/24-008749-003/2024(H5N1)	1373	5967
PB1|PP755595.1|A/cattle/Texas/24-008749-003/2024(H5N1)	1374	5967
PB1|PP755595.1|A/cattle/Texas/24-008749-003/2024(H5N1)	1375	6278
PB1|PP755595.1|A/cattle/Texas/24-008749-003/2024(H5N1)	1376	6277
PB1|PP755595.1|A/cattle/Texas/24-008749-003/2024(H5N1)	1377	6281
PB1|PP755595.1|A/cattle/Texas/24-008749-003/2024(H5N1)	1378	6225
PB1|PP755595.1|A/cattle/Texas/24-008749-003/2024(H5N1)	1379	6292
PB1|PP755595.1|A/cattle/Texas/24-008749-003/2024(H5N1)	1380	6294
PB1|PP755595.1|A/cattle/Texas/24-008749-003/2024(H5N1)	1381	6287
PB1|PP755595.1|A/cattle/Texas/24-008749-003/2024(H5N1)	1382	6354
PB1|PP755595.1|A/cattle/Texas/24-008749-003/2024(H5N1)	1383	6320
PB1|PP755595.1|A/cattle/Texas/24-008749-003/2024(H5N1)	1384	6388
PB1|PP755595.1|A/cattle/Texas/24-008749-003/2024(H5N1)	1385	6399
PB1|PP755595.1|A/cattle/Texas/24-008749-003/2024(H5N1)	1386	6331
PB1|PP755595.1|A/cattle/Texas/24-008749-003/2024(H5N1)	1387	6315
PB1|PP755595.1|A/cattle/Texas/24-008749-003/2024(H5N1)	1388	6254
PB1|PP755595.1|A/cattle/Texas/24-008749-003/2024(H5N1)	1389	5399
PB1|PP755595.1|A/cattle/Texas/24-008749-003/2024(H5N1)	1390	5437
PB1|PP755595.1|A/cattle/Texas/24-008749-003/2024(H5N1)	1391	5378
PB1|PP755595.1|A/cattle/Texas/24-008749-003/2024(H5N1)	1392	5378
PB1|PP755595.1|A/cattle/Texas/24-008749-003/2024(H5N1)	1393	5399
PB1|PP755595.1|A/cattle/Texas/24-008749-003/2024(H5N1)	1394	5479
PB1|PP755595.1|A/cattle/Texas/24-008749-003/2024(H5N1)	1395	5984
PB1|PP755595.1|A/cattle/Texas/24-008749-003/2024(H5N1)	1396	6435
PB1|PP755595.1|A/cattle/Texas/24-008749-003/2024(H5N1)	1397	6444
PB1|PP755595.1|A/cattle/Texas/24-008749-003/2024(H5N1)	1398	6754
PB1|PP755595.1|A/cattle/Texas/24-008749-003/2024(H5N1)	1399	6758
PB1|PP755595.1|A/cattle/Texas/24-008749-003/2024(H5N1)	1400	6764
PB1|PP755595.1|A/cattle/Texas/24-008749-003/2024(H5N1)	1401	6773
PB1|PP755595.1|A/cattle/Texas/24-008749-003/2024(H5N1)	1402	6755
PB1|PP755595.1|A/cattle/Texas/24-008749-003/2024(H5N1)	1403	6370
PB1|PP755595.1|A/cattle/Texas/24-008749-003/2024(H5N1)	1404	5998
PB1|PP755595.1|A/cattle/Texas/24-008749-003/2024(H5N1)	1405	6016
PB1|PP755595.1|A/cattle/Texas/24-008749-003/2024(H5N1)	1406	6097
PB1|PP755595.1|A/cattle/Texas/24-008749-003/2024(H5N1)	1407	5942
PB1|PP755595.1|A/cattle/Texas/24-008749-003/2024(H5N1)	1408	5908
PB1|PP755595.1|A/cattle/Texas/24-008749-003/2024(H5N1)	1409	5908
PB1|PP755595.1|A/cattle/Texas/24-008749-003/2024(H5N1)	1410	5908
PB1|PP755595.1|A/cattle/Texas/24-008749-003/2024(H5N1)	1411	5905
PB1|PP755595.1|A/cattle/Texas/24-008749-003/2024(H5N1)	1412	5893
PB1|PP755595.1|A/cattle/Texas/24-008749-003/2024(H5N1)	1413	5762
PB1|PP755595.1|A/cattle/Texas/24-008749-003/2024(H5N1)	1414	5762
PB1|PP755595.1|A/cattle/Texas/24-008749-003/2024(H5N1)	1415	5725
PB1|PP755595.1|A/cattle/Texas/24-008749-003/2024(H5N1)	1416	5702
PB1|PP755595.1|A/cattle/Texas/24-008749-003/2024(H5N1)	1417	5724
PB1|PP755595.1|A/cattle/Texas/24-008749-003/2024(H5N1)	1418	5724
PB1|PP755595.1|A/cattle/Texas/24-008749-003/2024(H5N1)	1419	5681
PB1|PP755595.1|A/cattle/Texas/24-008749-003/2024(H5N1)	1420	5682
PB1|PP755595.1|A/cattle/Texas/24-008749-003/2024(H5N1)	1421	5814
PB1|PP755595.1|A/cattle/Texas/24-008749-003/2024(H5N1)	1422	5834
PB1|PP755595.1|A/cattle/Texas/24-008749-003/2024(H5N1)	1423	6437
PB1|PP755595.1|A/cattle/Texas/24-008749-003/2024(H5N1)	1424	6482
PB1|PP755595.1|A/cattle/Texas/24-008749-003/2024(H5N1)	1425	6525
PB1|PP755595.1|A/cattle/Texas/24-008749-003/2024(H5N1)	1426	6543
PB1|PP755595.1|A/cattle/Texas/24-008749-003/2024(H5N1)	1427	6620
PB1|PP755595.1|A/cattle/Texas/24-008749-003/2024(H5N1)	1428	6622
PB1|PP755595.1|A/cattle/Texas/24-008749-003/2024(H5N1)	1429	6703
PB1|PP755595.1|A/cattle/Texas/24-008749-003/2024(H5N1)	1430	6600
PB1|PP755595.1|A/cattle/Texas/24-008749-003/2024(H5N1)	1431	6586
PB1|PP755595.1|A/cattle/Texas/24-008749-003/2024(H5N1)	1432	6579
PB1|PP755595.1|A/cattle/Texas/24-008749-003/2024(H5N1)	1433	6597
PB1|PP755595.1|A/cattle/Texas/24-008749-003/2024(H5N1)	1434	6584
PB1|PP755595.1|A/cattle/Texas/24-008749-003/2024(H5N1)	1435	6689
PB1|PP755595.1|A/cattle/Texas/24-008749-003/2024(H5N1)	1436	6689
PB1|PP755595.1|A/cattle/Texas/24-008749-003/2024(H5N1)	1437	6706
PB1|PP755595.1|A/cattle/Texas/24-008749-003/2024(H5N1)	1438	6677
PB1|PP755595.1|A/cattle/Texas/24-008749-003/2024(H5N1)	1439	6674
PB1|PP755595.1|A/cattle/Texas/24-008749-003/2024(H5N1)	1440	6682
PB1|PP755595.1|A/cattle/Texas/24-008749-003/2024(H5N1)	1441	6707
PB1|PP755595.1|A/cattle/Texas/24-008749-003/2024(H5N1)	1442	6692
PB1|PP755595.1|A/cattle/Texas/24-008749-003/2024(H5N1)	1443	6921
PB1|PP755595.1|A/cattle/Texas/24-008749-003/2024(H5N1)	1444	6969
PB1|PP755595.1|A/cattle/Texas/24-008749-003/2024(H5N1)	1445	6949
PB1|PP755595.1|A/cattle/Texas/24-008749-003/2024(H5N1)	1446	6993
PB1|PP755595.1|A/cattle/Texas/24-008749-003/2024(H5N1)	1447	7032
PB1|PP755595.1|A/cattle/Texas/24-008749-003/2024(H5N1)	1448	7179
PB1|PP755595.1|A/cattle/Texas/24-008749-003/2024(H5N1)	1449	7166
PB1|PP755595.1|A/cattle/Texas/24-008749-003/2024(H5N1)	1450	7168
PB1|PP755595.1|A/cattle/Texas/24-008749-003/2024(H5N1)	1451	7058
PB1|PP755595.1|A/cattle/Texas/24-008749-003/2024(H5N1)	1452	6886
PB1|PP755595.1|A/cattle/Texas/24-008749-003/2024(H5N1)	1453	6905
PB1|PP755595.1|A/cattle/Texas/24-008749-003/2024(H5N1)	1454	6872
PB1|PP755595.1|A/cattle/Texas/24-008749-003/2024(H5N1)	1455	6853
PB1|PP755595.1|A/cattle/Texas/24-008749-003/2024(H5N1)	1456	6797
PB1|PP755595.1|A/cattle/Texas/24-008749-003/2024(H5N1)	1457	6736
PB1|PP755595.1|A/cattle/Texas/24-008749-003/2024(H5N1)	1458	6815
PB1|PP755595.1|A/cattle/Texas/24-008749-003/2024(H5N1)	1459	6807
PB1|PP755595.1|A/cattle/Texas/24-008749-003/2024(H5N1)	1460	6783
PB1|PP755595.1|A/cattle/Texas/24-008749-003/2024(H5N1)	1461	6760
PB1|PP755595.1|A/cattle/Texas/24-008749-003/2024(H5N1)	1462	6766
PB1|PP755595.1|A/cattle/Texas/24-008749-003/2024(H5N1)	1463	6858
PB1|PP755595.1|A/cattle/Texas/24-008749-003/2024(H5N1)	1464	6857
PB1|PP755595.1|A/cattle/Texas/24-008749-003/2024(H5N1)	1465	6991
PB1|PP755595.1|A/cattle/Texas/24-008749-003/2024(H5N1)	1466	7006
PB1|PP755595.1|A/cattle/Texas/24-008749-003/2024(H5N1)	1467	6953
PB1|PP755595.1|A/cattle/Texas/24-008749-003/2024(H5N1)	1468	6981
PB1|PP755595.1|A/cattle/Texas/24-008749-003/2024(H5N1)	1469	6958
PB1|PP755595.1|A/cattle/Texas/24-008749-003/2024(H5N1)	1470	6950
PB1|PP755595.1|A/cattle/Texas/24-008749-003/2024(H5N1)	1471	6947
PB1|PP755595.1|A/cattle/Texas/24-008749-003/2024(H5N1)	1472	6754
PB1|PP755595.1|A/cattle/Texas/24-008749-003/2024(H5N1)	1473	6767
PB1|PP755595.1|A/cattle/Texas/24-008749-003/2024(H5N1)	1474	6870
PB1|PP755595.1|A/cattle/Texas/24-008749-003/2024(H5N1)	1475	6861
PB1|PP755595.1|A/cattle/Texas/24-008749-003/2024(H5N1)	1476	6871
PB1|PP755595.1|A/cattle/Texas/24-008749-003/2024(H5N1)	1477	6874
PB1|PP755595.1|A/cattle/Texas/24-008749-003/2024(H5N1)	1478	6881
PB1|PP755595.1|A/cattle/Texas/24-008749-003/2024(H5N1)	1479	6881
PB1|PP755595.1|A/cattle/Texas/24-008749-003/2024(H5N1)	1480	6941
PB1|PP755595.1|A/cattle/Texas/24-008749-003/2024(H5N1)	1481	6949
PB1|PP755595.1|A/cattle/Texas/24-008749-003/2024(H5N1)	1482	6974
PB1|PP755595.1|A/cattle/Texas/24-008749-003/2024(H5N1)	1483	7007
PB1|PP755595.1|A/cattle/Texas/24-008749-003/2024(H5N1)	1484	6993
PB1|PP755595.1|A/cattle/Texas/24-008749-003/2024(H5N1)	1485	6989
PB1|PP755595.1|A/cattle/Texas/24-008749-003/2024(H5N1)	1486	7036
PB1|PP755595.1|A/cattle/Texas/24-008749-003/2024(H5N1)	1487	7028
PB1|PP755595.1|A/cattle/Texas/24-008749-003/2024(H5N1)	1488	7104
PB1|PP755595.1|A/cattle/Texas/24-008749-003/2024(H5N1)	1489	7069
PB1|PP755595.1|A/cattle/Texas/24-008749-003/2024(H5N1)	1490	7059
PB1|PP755595.1|A/cattle/Texas/24-008749-003/2024(H5N1)	1491	7094
PB1|PP755595.1|A/cattle/Texas/24-008749-003/2024(H5N1)	1492	7132
PB1|PP755595.1|A/cattle/Texas/24-008749-003/2024(H5N1)	1493	7167
PB1|PP755595.1|A/cattle/Texas/24-008749-003/2024(H5N1)	1494	7165
PB1|PP755595.1|A/cattle/Texas/24-008749-003/2024(H5N1)	1495	7144
PB1|PP755595.1|A/cattle/Texas/24-008749-003/2024(H5N1)	1496	7159
PB1|PP755595.1|A/cattle/Texas/24-008749-003/2024(H5N1)	1497	7157
PB1|PP755595.1|A/cattle/Texas/24-008749-003/2024(H5N1)	1498	7070
PB1|PP755595.1|A/cattle/Texas/24-008749-003/2024(H5N1)	1499	7275
PB1|PP755595.1|A/cattle/Texas/24-008749-003/2024(H5N1)	1500	7250
PB1|PP755595.1|A/cattle/Texas/24-008749-003/2024(H5N1)	1501	7229
PB1|PP755595.1|A/cattle/Texas/24-008749-003/2024(H5N1)	1502	7133
PB1|PP755595.1|A/cattle/Texas/24-008749-003/2024(H5N1)	1503	7044
PB1|PP755595.1|A/cattle/Texas/24-008749-003/2024(H5N1)	1504	7039
PB1|PP755595.1|A/cattle/Texas/24-008749-003/2024(H5N1)	1505	7016
PB1|PP755595.1|A/cattle/Texas/24-008749-003/2024(H5N1)	1506	6225
PB1|PP755595.1|A/cattle/Texas/24-008749-003/2024(H5N1)	1507	6253
PB1|PP755595.1|A/cattle/Texas/24-008749-003/2024(H5N1)	1508	6192
PB1|PP755595.1|A/cattle/Texas/24-008749-003/2024(H5N1)	1509	6187
PB1|PP755595.1|A/cattle/Texas/24-008749-003/2024(H5N1)	1510	6198
PB1|PP755595.1|A/cattle/Texas/24-008749-003/2024(H5N1)	1511	6216
PB1|PP755595.1|A/cattle/Texas/24-008749-003/2024(H5N1)	1512	6493
PB1|PP755595.1|A/cattle/Texas/24-008749-003/2024(H5N1)	1513	6613
PB1|PP755595.1|A/cattle/Texas/24-008749-003/2024(H5N1)	1514	6657
PB1|PP755595.1|A/cattle/Texas/24-008749-003/2024(H5N1)	1515	6662
PB1|PP755595.1|A/cattle/Texas/24-008749-003/2024(H5N1)	1516	6664
PB1|PP755595.1|A/cattle/Texas/24-008749-003/2024(H5N1)	1517	6996
PB1|PP755595.1|A/cattle/Texas/24-008749-003/2024(H5N1)	1518	7163
PB1|PP755595.1|A/cattle/Texas/24-008749-003/2024(H5N1)	1519	7193
PB1|PP755595.1|A/cattle/Texas/24-008749-003/2024(H5N1)	1520	7207
PB1|PP755595.1|A/cattle/Texas/24-008749-003/2024(H5N1)	1521	7207
PB1|PP755595.1|A/cattle/Texas/24-008749-003/2024(H5N1)	1522	7304
PB1|PP755595.1|A/cattle/Texas/24-008749-003/2024(H5N1)	1523	7215
PB1|PP755595.1|A/cattle/Texas/24-008749-003/2024(H5N1)	1524	7170
PB1|PP755595.1|A/cattle/Texas/24-008749-003/2024(H5N1)	1525	7333
PB1|PP755595.1|A/cattle/Texas/24-008749-003/2024(H5N1)	1526	7354
PB1|PP755595.1|A/cattle/Texas/24-008749-003/2024(H5N1)	1527	7458
PB1|PP755595.1|A/cattle/Texas/24-008749-003/2024(H5N1)	1528	7546
PB1|PP755595.1|A/cattle/Texas/24-008749-003/2024(H5N1)	1529	7574
PB1|PP755595.1|A/cattle/Texas/24-008749-003/2024(H5N1)	1530	7563
PB1|PP755595.1|A/cattle/Texas/24-008749-003/2024(H5N1)	1531	7445
PB1|PP755595.1|A/cattle/Texas/24-008749-003/2024(H5N1)	1532	7715
PB1|PP755595.1|A/cattle/Texas/24-008749-003/2024(H5N1)	1533	7583
PB1|PP755595.1|A/cattle/Texas/24-008749-003/2024(H5N1)	1534	7559
PB1|PP755595.1|A/cattle/Texas/24-008749-003/2024(H5N1)	1535	7559
PB1|PP755595.1|A/cattle/Texas/24-008749-003/2024(H5N1)	1536	7489
PB1|PP755595.1|A/cattle/Texas/24-008749-003/2024(H5N1)	1537	7484
PB1|PP755595.1|A/cattle/Texas/24-008749-003/2024(H5N1)	1538	7422
PB1|PP755595.1|A/cattle/Texas/24-008749-003/2024(H5N1)	1539	7512
PB1|PP755595.1|A/cattle/Texas/24-008749-003/2024(H5N1)	1540	7439
PB1|PP755595.1|A/cattle/Texas/24-008749-003/2024(H5N1)	1541	7360
PB1|PP755595.1|A/cattle/Texas/24-008749-003/2024(H5N1)	1542	7378
PB1|PP755595.1|A/cattle/Texas/24-008749-003/2024(H5N1)	1543	7399
PB1|PP755595.1|A/cattle/Texas/24-008749-003/2024(H5N1)	1544	6863
PB1|PP755595.1|A/cattle/Texas/24-008749-003/2024(H5N1)	1545	6852
PB1|PP755595.1|A/cattle/Texas/24-008749-003/2024(H5N1)	1546	6852
PB1|PP755595.1|A/cattle/Texas/24-008749-003/2024(H5N1)	1547	6928
PB1|PP755595.1|A/cattle/Texas/24-008749-003/2024(H5N1)	1548	6932
PB1|PP755595.1|A/cattle/Texas/24-008749-003/2024(H5N1)	1549	6772
PB1|PP755595.1|A/cattle/Texas/24-008749-003/2024(H5N1)	1550	6765
PB1|PP755595.1|A/cattle/Texas/24-008749-003/2024(H5N1)	1551	6821
PB1|PP755595.1|A/cattle/Texas/24-008749-003/2024(H5N1)	1552	6792
PB1|PP755595.1|A/cattle/Texas/24-008749-003/2024(H5N1)	1553	6801
PB1|PP755595.1|A/cattle/Texas/24-008749-003/2024(H5N1)	1554	6794
PB1|PP755595.1|A/cattle/Texas/24-008749-003/2024(H5N1)	1555	6771
PB1|PP755595.1|A/cattle/Texas/24-008749-003/2024(H5N1)	1556	6735
PB1|PP755595.1|A/cattle/Texas/24-008749-003/2024(H5N1)	1557	6552
PB1|PP755595.1|A/cattle/Texas/24-008749-003/2024(H5N1)	1558	6499
PB1|PP755595.1|A/cattle/Texas/24-008749-003/2024(H5N1)	1559	6458
PB1|PP755595.1|A/cattle/Texas/24-008749-003/2024(H5N1)	1560	6389
PB1|PP755595.1|A/cattle/Texas/24-008749-003/2024(H5N1)	1561	6466
PB1|PP755595.1|A/cattle/Texas/24-008749-003/2024(H5N1)	1562	6491
PB1|PP755595.1|A/cattle/Texas/24-008749-003/2024(H5N1)	1563	6478
PB1|PP755595.1|A/cattle/Texas/24-008749-003/2024(H5N1)	1564	6756
PB1|PP755595.1|A/cattle/Texas/24-008749-003/2024(H5N1)	1565	6784
PB1|PP755595.1|A/cattle/Texas/24-008749-003/2024(H5N1)	1566	6842
PB1|PP755595.1|A/cattle/Texas/24-008749-003/2024(H5N1)	1567	6857
PB1|PP755595.1|A/cattle/Texas/24-008749-003/2024(H5N1)	1568	6796
PB1|PP755595.1|A/cattle/Texas/24-008749-003/2024(H5N1)	1569	6852
PB1|PP755595.1|A/cattle/Texas/24-008749-003/2024(H5N1)	1570	6785
PB1|PP755595.1|A/cattle/Texas/24-008749-003/2024(H5N1)	1571	6890
PB1|PP755595.1|A/cattle/Texas/24-008749-003/2024(H5N1)	1572	6799
PB1|PP755595.1|A/cattle/Texas/24-008749-003/2024(H5N1)	1573	6699
PB1|PP755595.1|A/cattle/Texas/24-008749-003/2024(H5N1)	1574	6661
PB1|PP755595.1|A/cattle/Texas/24-008749-003/2024(H5N1)	1575	6605
PB1|PP755595.1|A/cattle/Texas/24-008749-003/2024(H5N1)	1576	6583
PB1|PP755595.1|A/cattle/Texas/24-008749-003/2024(H5N1)	1577	6570
PB1|PP755595.1|A/cattle/Texas/24-008749-003/2024(H5N1)	1578	6464
PB1|PP755595.1|A/cattle/Texas/24-008749-003/2024(H5N1)	1579	6462
PB1|PP755595.1|A/cattle/Texas/24-008749-003/2024(H5N1)	1580	6371
PB1|PP755595.1|A/cattle/Texas/24-008749-003/2024(H5N1)	1581	6375
PB1|PP755595.1|A/cattle/Texas/24-008749-003/2024(H5N1)	1582	6543
PB1|PP755595.1|A/cattle/Texas/24-008749-003/2024(H5N1)	1583	6615
PB1|PP755595.1|A/cattle/Texas/24-008749-003/2024(H5N1)	1584	6615
PB1|PP755595.1|A/cattle/Texas/24-008749-003/2024(H5N1)	1585	6770
PB1|PP755595.1|A/cattle/Texas/24-008749-003/2024(H5N1)	1586	6719
PB1|PP755595.1|A/cattle/Texas/24-008749-003/2024(H5N1)	1587	6730
PB1|PP755595.1|A/cattle/Texas/24-008749-003/2024(H5N1)	1588	6751
PB1|PP755595.1|A/cattle/Texas/24-008749-003/2024(H5N1)	1589	6741
PB1|PP755595.1|A/cattle/Texas/24-008749-003/2024(H5N1)	1590	6741
PB1|PP755595.1|A/cattle/Texas/24-008749-003/2024(H5N1)	1591	6761
PB1|PP755595.1|A/cattle/Texas/24-008749-003/2024(H5N1)	1592	6702
PB1|PP755595.1|A/cattle/Texas/24-008749-003/2024(H5N1)	1593	6721
PB1|PP755595.1|A/cattle/Texas/24-008749-003/2024(H5N1)	1594	6521
PB1|PP755595.1|A/cattle/Texas/24-008749-003/2024(H5N1)	1595	6522
PB1|PP755595.1|A/cattle/Texas/24-008749-003/2024(H5N1)	1596	6533
PB1|PP755595.1|A/cattle/Texas/24-008749-003/2024(H5N1)	1597	6452
PB1|PP755595.1|A/cattle/Texas/24-008749-003/2024(H5N1)	1598	6419
PB1|PP755595.1|A/cattle/Texas/24-008749-003/2024(H5N1)	1599	6502
PB1|PP755595.1|A/cattle/Texas/24-008749-003/2024(H5N1)	1600	6513
PB1|PP755595.1|A/cattle/Texas/24-008749-003/2024(H5N1)	1601	6509
PB1|PP755595.1|A/cattle/Texas/24-008749-003/2024(H5N1)	1602	6426
PB1|PP755595.1|A/cattle/Texas/24-008749-003/2024(H5N1)	1603	6404
PB1|PP755595.1|A/cattle/Texas/24-008749-003/2024(H5N1)	1604	6387
PB1|PP755595.1|A/cattle/Texas/24-008749-003/2024(H5N1)	1605	6357
PB1|PP755595.1|A/cattle/Texas/24-008749-003/2024(H5N1)	1606	6426
PB1|PP755595.1|A/cattle/Texas/24-008749-003/2024(H5N1)	1607	6421
PB1|PP755595.1|A/cattle/Texas/24-008749-003/2024(H5N1)	1608	6329
PB1|PP755595.1|A/cattle/Texas/24-008749-003/2024(H5N1)	1609	6320
PB1|PP755595.1|A/cattle/Texas/24-008749-003/2024(H5N1)	1610	6317
PB1|PP755595.1|A/cattle/Texas/24-008749-003/2024(H5N1)	1611	6278
PB1|PP755595.1|A/cattle/Texas/24-008749-003/2024(H5N1)	1612	6276
PB1|PP755595.1|A/cattle/Texas/24-008749-003/2024(H5N1)	1613	6268
PB1|PP755595.1|A/cattle/Texas/24-008749-003/2024(H5N1)	1614	6193
PB1|PP755595.1|A/cattle/Texas/24-008749-003/2024(H5N1)	1615	6399
PB1|PP755595.1|A/cattle/Texas/24-008749-003/2024(H5N1)	1616	6301
PB1|PP755595.1|A/cattle/Texas/24-008749-003/2024(H5N1)	1617	6290
PB1|PP755595.1|A/cattle/Texas/24-008749-003/2024(H5N1)	1618	6292
PB1|PP755595.1|A/cattle/Texas/24-008749-003/2024(H5N1)	1619	6284
PB1|PP755595.1|A/cattle/Texas/24-008749-003/2024(H5N1)	1620	6358
PB1|PP755595.1|A/cattle/Texas/24-008749-003/2024(H5N1)	1621	6357
PB1|PP755595.1|A/cattle/Texas/24-008749-003/2024(H5N1)	1622	6262
PB1|PP755595.1|A/cattle/Texas/24-008749-003/2024(H5N1)	1623	6086
PB1|PP755595.1|A/cattle/Texas/24-008749-003/2024(H5N1)	1624	6076
PB1|PP755595.1|A/cattle/Texas/24-008749-003/2024(H5N1)	1625	6207
PB1|PP755595.1|A/cattle/Texas/24-008749-003/2024(H5N1)	1626	6197
PB1|PP755595.1|A/cattle/Texas/24-008749-003/2024(H5N1)	1627	6174
PB1|PP755595.1|A/cattle/Texas/24-008749-003/2024(H5N1)	1628	6153
PB1|PP755595.1|A/cattle/Texas/24-008749-003/2024(H5N1)	1629	6064
PB1|PP755595.1|A/cattle/Texas/24-008749-003/2024(H5N1)	1630	6061
PB1|PP755595.1|A/cattle/Texas/24-008749-003/2024(H5N1)	1631	5957
PB1|PP755595.1|A/cattle/Texas/24-008749-003/2024(H5N1)	1632	5916
PB1|PP755595.1|A/cattle/Texas/24-008749-003/2024(H5N1)	1633	5902
PB1|PP755595.1|A/cattle/Texas/24-008749-003/2024(H5N1)	1634	5871
PB1|PP755595.1|A/cattle/Texas/24-008749-003/2024(H5N1)	1635	5871
PB1|PP755595.1|A/cattle/Texas/24-008749-003/2024(H5N1)	1636	5868
PB1|PP755595.1|A/cattle/Texas/24-008749-003/2024(H5N1)	1637	5817
PB1|PP755595.1|A/cattle/Texas/24-008749-003/2024(H5N1)	1638	5805
PB1|PP755595.1|A/cattle/Texas/24-008749-003/2024(H5N1)	1639	5693
PB1|PP755595.1|A/cattle/Texas/24-008749-003/2024(H5N1)	1640	5663
PB1|PP755595.1|A/cattle/Texas/24-008749-003/2024(H5N1)	1641	5252
PB1|PP755595.1|A/cattle/Texas/24-008749-003/2024(H5N1)	1642	5153
PB1|PP755595.1|A/cattle/Texas/24-008749-003/2024(H5N1)	1643	5137
PB1|PP755595.1|A/cattle/Texas/24-008749-003/2024(H5N1)	1644	5136
PB1|PP755595.1|A/cattle/Texas/24-008749-003/2024(H5N1)	1645	5135
PB1|PP755595.1|A/cattle/Texas/24-008749-003/2024(H5N1)	1646	5134
PB1|PP755595.1|A/cattle/Texas/24-008749-003/2024(H5N1)	1647	5122
PB1|PP755595.1|A/cattle/Texas/24-008749-003/2024(H5N1)	1648	5672
PB1|PP755595.1|A/cattle/Texas/24-008749-003/2024(H5N1)	1649	5678
PB1|PP755595.1|A/cattle/Texas/24-008749-003/2024(H5N1)	1650	5770
PB1|PP755595.1|A/cattle/Texas/24-008749-003/2024(H5N1)	1651	5774
PB1|PP755595.1|A/cattle/Texas/24-008749-003/2024(H5N1)	1652	5795
PB1|PP755595.1|A/cattle/Texas/24-008749-003/2024(H5N1)	1653	5807
PB1|PP755595.1|A/cattle/Texas/24-008749-003/2024(H5N1)	1654	5742
PB1|PP755595.1|A/cattle/Texas/24-008749-003/2024(H5N1)	1655	5733
PB1|PP755595.1|A/cattle/Texas/24-008749-003/2024(H5N1)	1656	5722
PB1|PP755595.1|A/cattle/Texas/24-008749-003/2024(H5N1)	1657	5705
PB1|PP755595.1|A/cattle/Texas/24-008749-003/2024(H5N1)	1658	5679
PB1|PP755595.1|A/cattle/Texas/24-008749-003/2024(H5N1)	1659	5618
PB1|PP755595.1|A/cattle/Texas/24-008749-003/2024(H5N1)	1660	5739
PB1|PP755595.1|A/cattle/Texas/24-008749-003/2024(H5N1)	1661	5745
PB1|PP755595.1|A/cattle/Texas/24-008749-003/2024(H5N1)	1662	5733
PB1|PP755595.1|A/cattle/Texas/24-008749-003/2024(H5N1)	1663	5471
PB1|PP755595.1|A/cattle/Texas/24-008749-003/2024(H5N1)	1664	5469
PB1|PP755595.1|A/cattle/Texas/24-008749-003/2024(H5N1)	1665	5417
PB1|PP755595.1|A/cattle/Texas/24-008749-003/2024(H5N1)	1666	5403
PB1|PP755595.1|A/cattle/Texas/24-008749-003/2024(H5N1)	1667	5400
PB1|PP755595.1|A/cattle/Texas/24-008749-003/2024(H5N1)	1668	5115
PB1|PP755595.1|A/cattle/Texas/24-008749-003/2024(H5N1)	1669	4942
PB1|PP755595.1|A/cattle/Texas/24-008749-003/2024(H5N1)	1670	4935
PB1|PP755595.1|A/cattle/Texas/24-008749-003/2024(H5N1)	1671	4922
PB1|PP755595.1|A/cattle/Texas/24-008749-003/2024(H5N1)	1672	4921
PB1|PP755595.1|A/cattle/Texas/24-008749-003/2024(H5N1)	1673	4804
PB1|PP755595.1|A/cattle/Texas/24-008749-003/2024(H5N1)	1674	4471
PB1|PP755595.1|A/cattle/Texas/24-008749-003/2024(H5N1)	1675	4459
PB1|PP755595.1|A/cattle/Texas/24-008749-003/2024(H5N1)	1676	4382
PB1|PP755595.1|A/cattle/Texas/24-008749-003/2024(H5N1)	1677	4310
PB1|PP755595.1|A/cattle/Texas/24-008749-003/2024(H5N1)	1678	5157
PB1|PP755595.1|A/cattle/Texas/24-008749-003/2024(H5N1)	1679	5157
PB1|PP755595.1|A/cattle/Texas/24-008749-003/2024(H5N1)	1680	5074
PB1|PP755595.1|A/cattle/Texas/24-008749-003/2024(H5N1)	1681	5063
PB1|PP755595.1|A/cattle/Texas/24-008749-003/2024(H5N1)	1682	5046
PB1|PP755595.1|A/cattle/Texas/24-008749-003/2024(H5N1)	1683	4839
PB1|PP755595.1|A/cattle/Texas/24-008749-003/2024(H5N1)	1684	5062
PB1|PP755595.1|A/cattle/Texas/24-008749-003/2024(H5N1)	1685	5059
PB1|PP755595.1|A/cattle/Texas/24-008749-003/2024(H5N1)	1686	5069
PB1|PP755595.1|A/cattle/Texas/24-008749-003/2024(H5N1)	1687	5068
PB1|PP755595.1|A/cattle/Texas/24-008749-003/2024(H5N1)	1688	5068
PB1|PP755595.1|A/cattle/Texas/24-008749-003/2024(H5N1)	1689	4953
PB1|PP755595.1|A/cattle/Texas/24-008749-003/2024(H5N1)	1690	4945
PB1|PP755595.1|A/cattle/Texas/24-008749-003/2024(H5N1)	1691	4937
PB1|PP755595.1|A/cattle/Texas/24-008749-003/2024(H5N1)	1692	4716
PB1|PP755595.1|A/cattle/Texas/24-008749-003/2024(H5N1)	1693	4904
PB1|PP755595.1|A/cattle/Texas/24-008749-003/2024(H5N1)	1694	4920
PB1|PP755595.1|A/cattle/Texas/24-008749-003/2024(H5N1)	1695	4914
PB1|PP755595.1|A/cattle/Texas/24-008749-003/2024(H5N1)	1696	4917
PB1|PP755595.1|A/cattle/Texas/24-008749-003/2024(H5N1)	1697	4860
PB1|PP755595.1|A/cattle/Texas/24-008749-003/2024(H5N1)	1698	4870
PB1|PP755595.1|A/cattle/Texas/24-008749-003/2024(H5N1)	1699	4842
PB1|PP755595.1|A/cattle/Texas/24-008749-003/2024(H5N1)	1700	4752
PB1|PP755595.1|A/cattle/Texas/24-008749-003/2024(H5N1)	1701	4761
PB1|PP755595.1|A/cattle/Texas/24-008749-003/2024(H5N1)	1702	4719
PB1|PP755595.1|A/cattle/Texas/24-008749-003/2024(H5N1)	1703	4725
PB1|PP755595.1|A/cattle/Texas/24-008749-003/2024(H5N1)	1704	4714
PB1|PP755595.1|A/cattle/Texas/24-008749-003/2024(H5N1)	1705	4711
PB1|PP755595.1|A/cattle/Texas/24-008749-003/2024(H5N1)	1706	4692
PB1|PP755595.1|A/cattle/Texas/24-008749-003/2024(H5N1)	1707	4669
PB1|PP755595.1|A/cattle/Texas/24-008749-003/2024(H5N1)	1708	4655
PB1|PP755595.1|A/cattle/Texas/24-008749-003/2024(H5N1)	1709	4604
PB1|PP755595.1|A/cattle/Texas/24-008749-003/2024(H5N1)	1710	4574
PB1|PP755595.1|A/cattle/Texas/24-008749-003/2024(H5N1)	1711	4607
PB1|PP755595.1|A/cattle/Texas/24-008749-003/2024(H5N1)	1712	4556
PB1|PP755595.1|A/cattle/Texas/24-008749-003/2024(H5N1)	1713	4559
PB1|PP755595.1|A/cattle/Texas/24-008749-003/2024(H5N1)	1714	4543
PB1|PP755595.1|A/cattle/Texas/24-008749-003/2024(H5N1)	1715	4450
PB1|PP755595.1|A/cattle/Texas/24-008749-003/2024(H5N1)	1716	4418
PB1|PP755595.1|A/cattle/Texas/24-008749-003/2024(H5N1)	1717	4536
PB1|PP755595.1|A/cattle/Texas/24-008749-003/2024(H5N1)	1718	4537
PB1|PP755595.1|A/cattle/Texas/24-008749-003/2024(H5N1)	1719	4529
PB1|PP755595.1|A/cattle/Texas/24-008749-003/2024(H5N1)	1720	4490
PB1|PP755595.1|A/cattle/Texas/24-008749-003/2024(H5N1)	1721	4494
PB1|PP755595.1|A/cattle/Texas/24-008749-003/2024(H5N1)	1722	4406
PB1|PP755595.1|A/cattle/Texas/24-008749-003/2024(H5N1)	1723	4397
PB1|PP755595.1|A/cattle/Texas/24-008749-003/2024(H5N1)	1724	4342
PB1|PP755595.1|A/cattle/Texas/24-008749-003/2024(H5N1)	1725	4341
PB1|PP755595.1|A/cattle/Texas/24-008749-003/2024(H5N1)	1726	4234
PB1|PP755595.1|A/cattle/Texas/24-008749-003/2024(H5N1)	1727	4204
PB1|PP755595.1|A/cattle/Texas/24-008749-003/2024(H5N1)	1728	4202
PB1|PP755595.1|A/cattle/Texas/24-008749-003/2024(H5N1)	1729	4193
PB1|PP755595.1|A/cattle/Texas/24-008749-003/2024(H5N1)	1730	4188
PB1|PP755595.1|A/cattle/Texas/24-008749-003/2024(H5N1)	1731	3538
PB1|PP755595.1|A/cattle/Texas/24-008749-003/2024(H5N1)	1732	3519
PB1|PP755595.1|A/cattle/Texas/24-008749-003/2024(H5N1)	1733	3494
PB1|PP755595.1|A/cattle/Texas/24-008749-003/2024(H5N1)	1734	3444
PB1|PP755595.1|A/cattle/Texas/24-008749-003/2024(H5N1)	1735	3305
PB1|PP755595.1|A/cattle/Texas/24-008749-003/2024(H5N1)	1736	3306
PB1|PP755595.1|A/cattle/Texas/24-008749-003/2024(H5N1)	1737	3270
PB1|PP755595.1|A/cattle/Texas/24-008749-003/2024(H5N1)	1738	3695
PB1|PP755595.1|A/cattle/Texas/24-008749-003/2024(H5N1)	1739	3700
PB1|PP755595.1|A/cattle/Texas/24-008749-003/2024(H5N1)	1740	3700
PB1|PP755595.1|A/cattle/Texas/24-008749-003/2024(H5N1)	1741	3700
PB1|PP755595.1|A/cattle/Texas/24-008749-003/2024(H5N1)	1742	3700
PB1|PP755595.1|A/cattle/Texas/24-008749-003/2024(H5N1)	1743	3700
PB1|PP755595.1|A/cattle/Texas/24-008749-003/2024(H5N1)	1744	3700
PB1|PP755595.1|A/cattle/Texas/24-008749-003/2024(H5N1)	1745	3700
PB1|PP755595.1|A/cattle/Texas/24-008749-003/2024(H5N1)	1746	3700
PB1|PP755595.1|A/cattle/Texas/24-008749-003/2024(H5N1)	1747	3700
PB1|PP755595.1|A/cattle/Texas/24-008749-003/2024(H5N1)	1748	3700
PB1|PP755595.1|A/cattle/Texas/24-008749-003/2024(H5N1)	1749	3700
PB1|PP755595.1|A/cattle/Texas/24-008749-003/2024(H5N1)	1750	3700
PB1|PP755595.1|A/cattle/Texas/24-008749-003/2024(H5N1)	1751	3700
PB1|PP755595.1|A/cattle/Texas/24-008749-003/2024(H5N1)	1752	3624
PB1|PP755595.1|A/cattle/Texas/24-008749-003/2024(H5N1)	1753	3625
PB1|PP755595.1|A/cattle/Texas/24-008749-003/2024(H5N1)	1754	3625
PB1|PP755595.1|A/cattle/Texas/24-008749-003/2024(H5N1)	1755	3625
PB1|PP755595.1|A/cattle/Texas/24-008749-003/2024(H5N1)	1756	3625
PB1|PP755595.1|A/cattle/Texas/24-008749-003/2024(H5N1)	1757	3625
PB1|PP755595.1|A/cattle/Texas/24-008749-003/2024(H5N1)	1758	2972
PB1|PP755595.1|A/cattle/Texas/24-008749-003/2024(H5N1)	1759	2972
PB1|PP755595.1|A/cattle/Texas/24-008749-003/2024(H5N1)	1760	3524
PB1|PP755595.1|A/cattle/Texas/24-008749-003/2024(H5N1)	1761	3525
PB1|PP755595.1|A/cattle/Texas/24-008749-003/2024(H5N1)	1762	3590
PB1|PP755595.1|A/cattle/Texas/24-008749-003/2024(H5N1)	1763	3621
PB1|PP755595.1|A/cattle/Texas/24-008749-003/2024(H5N1)	1764	3620
PB1|PP755595.1|A/cattle/Texas/24-008749-003/2024(H5N1)	1765	3620
PB1|PP755595.1|A/cattle/Texas/24-008749-003/2024(H5N1)	1766	3618
PB1|PP755595.1|A/cattle/Texas/24-008749-003/2024(H5N1)	1767	3619
PB1|PP755595.1|A/cattle/Texas/24-008749-003/2024(H5N1)	1768	3619
PB1|PP755595.1|A/cattle/Texas/24-008749-003/2024(H5N1)	1769	3619
PB1|PP755595.1|A/cattle/Texas/24-008749-003/2024(H5N1)	1770	3619
PB1|PP755595.1|A/cattle/Texas/24-008749-003/2024(H5N1)	1771	3618
PB1|PP755595.1|A/cattle/Texas/24-008749-003/2024(H5N1)	1772	3618
PB1|PP755595.1|A/cattle/Texas/24-008749-003/2024(H5N1)	1773	3618
PB1|PP755595.1|A/cattle/Texas/24-008749-003/2024(H5N1)	1774	3893
PB1|PP755595.1|A/cattle/Texas/24-008749-003/2024(H5N1)	1775	3911
PB1|PP755595.1|A/cattle/Texas/24-008749-003/2024(H5N1)	1776	3918
PB1|PP755595.1|A/cattle/Texas/24-008749-003/2024(H5N1)	1777	3918
PB1|PP755595.1|A/cattle/Texas/24-008749-003/2024(H5N1)	1778	3918
PB1|PP755595.1|A/cattle/Texas/24-008749-003/2024(H5N1)	1779	3906
PB1|PP755595.1|A/cattle/Texas/24-008749-003/2024(H5N1)	1780	3843
PB1|PP755595.1|A/cattle/Texas/24-008749-003/2024(H5N1)	1781	3823
PB1|PP755595.1|A/cattle/Texas/24-008749-003/2024(H5N1)	1782	3773
PB1|PP755595.1|A/cattle/Texas/24-008749-003/2024(H5N1)	1783	3772
PB1|PP755595.1|A/cattle/Texas/24-008749-003/2024(H5N1)	1784	3740
PB1|PP755595.1|A/cattle/Texas/24-008749-003/2024(H5N1)	1785	3699
PB1|PP755595.1|A/cattle/Texas/24-008749-003/2024(H5N1)	1786	3699
PB1|PP755595.1|A/cattle/Texas/24-008749-003/2024(H5N1)	1787	3699
PB1|PP755595.1|A/cattle/Texas/24-008749-003/2024(H5N1)	1788	3699
PB1|PP755595.1|A/cattle/Texas/24-008749-003/2024(H5N1)	1789	3700
PB1|PP755595.1|A/cattle/Texas/24-008749-003/2024(H5N1)	1790	3811
PB1|PP755595.1|A/cattle/Texas/24-008749-003/2024(H5N1)	1791	3762
PB1|PP755595.1|A/cattle/Texas/24-008749-003/2024(H5N1)	1792	3744
PB1|PP755595.1|A/cattle/Texas/24-008749-003/2024(H5N1)	1793	3659
PB1|PP755595.1|A/cattle/Texas/24-008749-003/2024(H5N1)	1794	3656
PB1|PP755595.1|A/cattle/Texas/24-008749-003/2024(H5N1)	1795	3646
PB1|PP755595.1|A/cattle/Texas/24-008749-003/2024(H5N1)	1796	3622
PB1|PP755595.1|A/cattle/Texas/24-008749-003/2024(H5N1)	1797	3613
PB1|PP755595.1|A/cattle/Texas/24-008749-003/2024(H5N1)	1798	3454
PB1|PP755595.1|A/cattle/Texas/24-008749-003/2024(H5N1)	1799	3439
PB1|PP755595.1|A/cattle/Texas/24-008749-003/2024(H5N1)	1800	124
PB1|PP755595.1|A/cattle/Texas/24-008749-003/2024(H5N1)	1801	122
PB1|PP755595.1|A/cattle/Texas/24-008749-003/2024(H5N1)	1802	122
PB1|PP755595.1|A/cattle/Texas/24-008749-003/2024(H5N1)	1803	121
PB1|PP755595.1|A/cattle/Texas/24-008749-003/2024(H5N1)	1804	121
PB1|PP755595.1|A/cattle/Texas/24-008749-003/2024(H5N1)	1805	121
PB1|PP755595.1|A/cattle/Texas/24-008749-003/2024(H5N1)	1806	121
PB1|PP755595.1|A/cattle/Texas/24-008749-003/2024(H5N1)	1807	124
PB1|PP755595.1|A/cattle/Texas/24-008749-003/2024(H5N1)	1808	124
PB1|PP755595.1|A/cattle/Texas/24-008749-003/2024(H5N1)	1809	124
PB1|PP755595.1|A/cattle/Texas/24-008749-003/2024(H5N1)	1810	125
PB1|PP755595.1|A/cattle/Texas/24-008749-003/2024(H5N1)	1811	125
PB1|PP755595.1|A/cattle/Texas/24-008749-003/2024(H5N1)	1812	125
PB1|PP755595.1|A/cattle/Texas/24-008749-003/2024(H5N1)	1813	124
PB1|PP755595.1|A/cattle/Texas/24-008749-003/2024(H5N1)	1814	124
PB1|PP755595.1|A/cattle/Texas/24-008749-003/2024(H5N1)	1815	123
PB1|PP755595.1|A/cattle/Texas/24-008749-003/2024(H5N1)	1816	123
PB1|PP755595.1|A/cattle/Texas/24-008749-003/2024(H5N1)	1817	123
PB1|PP755595.1|A/cattle/Texas/24-008749-003/2024(H5N1)	1818	122
PB1|PP755595.1|A/cattle/Texas/24-008749-003/2024(H5N1)	1819	122
PB1|PP755595.1|A/cattle/Texas/24-008749-003/2024(H5N1)	1820	122
PB1|PP755595.1|A/cattle/Texas/24-008749-003/2024(H5N1)	1821	122
PB1|PP755595.1|A/cattle/Texas/24-008749-003/2024(H5N1)	1822	122
PB1|PP755595.1|A/cattle/Texas/24-008749-003/2024(H5N1)	1823	122
PB1|PP755595.1|A/cattle/Texas/24-008749-003/2024(H5N1)	1824	122
PB1|PP755595.1|A/cattle/Texas/24-008749-003/2024(H5N1)	1825	302
PB1|PP755595.1|A/cattle/Texas/24-008749-003/2024(H5N1)	1826	302
PB1|PP755595.1|A/cattle/Texas/24-008749-003/2024(H5N1)	1827	302
PB1|PP755595.1|A/cattle/Texas/24-008749-003/2024(H5N1)	1828	302
PB1|PP755595.1|A/cattle/Texas/24-008749-003/2024(H5N1)	1829	302
PB1|PP755595.1|A/cattle/Texas/24-008749-003/2024(H5N1)	1830	302
PB1|PP755595.1|A/cattle/Texas/24-008749-003/2024(H5N1)	1831	301
PB1|PP755595.1|A/cattle/Texas/24-008749-003/2024(H5N1)	1832	302
PB1|PP755595.1|A/cattle/Texas/24-008749-003/2024(H5N1)	1833	302
PB1|PP755595.1|A/cattle/Texas/24-008749-003/2024(H5N1)	1834	305
PB1|PP755595.1|A/cattle/Texas/24-008749-003/2024(H5N1)	1835	336
PB1|PP755595.1|A/cattle/Texas/24-008749-003/2024(H5N1)	1836	336
PB1|PP755595.1|A/cattle/Texas/24-008749-003/2024(H5N1)	1837	358
PB1|PP755595.1|A/cattle/Texas/24-008749-003/2024(H5N1)	1838	373
PB1|PP755595.1|A/cattle/Texas/24-008749-003/2024(H5N1)	1839	390
PB1|PP755595.1|A/cattle/Texas/24-008749-003/2024(H5N1)	1840	446
PB1|PP755595.1|A/cattle/Texas/24-008749-003/2024(H5N1)	1841	446
PB1|PP755595.1|A/cattle/Texas/24-008749-003/2024(H5N1)	1842	446
PB1|PP755595.1|A/cattle/Texas/24-008749-003/2024(H5N1)	1843	485
PB1|PP755595.1|A/cattle/Texas/24-008749-003/2024(H5N1)	1844	490
PB1|PP755595.1|A/cattle/Texas/24-008749-003/2024(H5N1)	1845	513
PB1|PP755595.1|A/cattle/Texas/24-008749-003/2024(H5N1)	1846	531
PB1|PP755595.1|A/cattle/Texas/24-008749-003/2024(H5N1)	1847	532
PB1|PP755595.1|A/cattle/Texas/24-008749-003/2024(H5N1)	1848	546
PB1|PP755595.1|A/cattle/Texas/24-008749-003/2024(H5N1)	1849	666
PB1|PP755595.1|A/cattle/Texas/24-008749-003/2024(H5N1)	1850	856
PB1|PP755595.1|A/cattle/Texas/24-008749-003/2024(H5N1)	1851	856
PB1|PP755595.1|A/cattle/Texas/24-008749-003/2024(H5N1)	1852	856
PB1|PP755595.1|A/cattle/Texas/24-008749-003/2024(H5N1)	1853	856
PB1|PP755595.1|A/cattle/Texas/24-008749-003/2024(H5N1)	1854	856
PB1|PP755595.1|A/cattle/Texas/24-008749-003/2024(H5N1)	1855	856
PB1|PP755595.1|A/cattle/Texas/24-008749-003/2024(H5N1)	1856	856
PB1|PP755595.1|A/cattle/Texas/24-008749-003/2024(H5N1)	1857	853
PB1|PP755595.1|A/cattle/Texas/24-008749-003/2024(H5N1)	1858	853
PB1|PP755595.1|A/cattle/Texas/24-008749-003/2024(H5N1)	1859	853
PB1|PP755595.1|A/cattle/Texas/24-008749-003/2024(H5N1)	1860	853
PB1|PP755595.1|A/cattle/Texas/24-008749-003/2024(H5N1)	1861	853
PB1|PP755595.1|A/cattle/Texas/24-008749-003/2024(H5N1)	1862	853
PB1|PP755595.1|A/cattle/Texas/24-008749-003/2024(H5N1)	1863	853
PB1|PP755595.1|A/cattle/Texas/24-008749-003/2024(H5N1)	1864	853
PB1|PP755595.1|A/cattle/Texas/24-008749-003/2024(H5N1)	1865	853
PB1|PP755595.1|A/cattle/Texas/24-008749-003/2024(H5N1)	1866	852
PB1|PP755595.1|A/cattle/Texas/24-008749-003/2024(H5N1)	1867	852
PB1|PP755595.1|A/cattle/Texas/24-008749-003/2024(H5N1)	1868	852
PB1|PP755595.1|A/cattle/Texas/24-008749-003/2024(H5N1)	1869	852
PB1|PP755595.1|A/cattle/Texas/24-008749-003/2024(H5N1)	1870	852
PB1|PP755595.1|A/cattle/Texas/24-008749-003/2024(H5N1)	1871	852
PB1|PP755595.1|A/cattle/Texas/24-008749-003/2024(H5N1)	1872	853
PB1|PP755595.1|A/cattle/Texas/24-008749-003/2024(H5N1)	1873	940
PB1|PP755595.1|A/cattle/Texas/24-008749-003/2024(H5N1)	1874	947
PB1|PP755595.1|A/cattle/Texas/24-008749-003/2024(H5N1)	1875	950
PB1|PP755595.1|A/cattle/Texas/24-008749-003/2024(H5N1)	1876	950
PB1|PP755595.1|A/cattle/Texas/24-008749-003/2024(H5N1)	1877	950
PB1|PP755595.1|A/cattle/Texas/24-008749-003/2024(H5N1)	1878	950
PB1|PP755595.1|A/cattle/Texas/24-008749-003/2024(H5N1)	1879	950
PB1|PP755595.1|A/cattle/Texas/24-008749-003/2024(H5N1)	1880	950
PB1|PP755595.1|A/cattle/Texas/24-008749-003/2024(H5N1)	1881	950
PB1|PP755595.1|A/cattle/Texas/24-008749-003/2024(H5N1)	1882	950
PB1|PP755595.1|A/cattle/Texas/24-008749-003/2024(H5N1)	1883	988
PB1|PP755595.1|A/cattle/Texas/24-008749-003/2024(H5N1)	1884	996
PB1|PP755595.1|A/cattle/Texas/24-008749-003/2024(H5N1)	1885	1037
PB1|PP755595.1|A/cattle/Texas/24-008749-003/2024(H5N1)	1886	1037
PB1|PP755595.1|A/cattle/Texas/24-008749-003/2024(H5N1)	1887	1037
PB1|PP755595.1|A/cattle/Texas/24-008749-003/2024(H5N1)	1888	1056
PB1|PP755595.1|A/cattle/Texas/24-008749-003/2024(H5N1)	1889	1063
PB1|PP755595.1|A/cattle/Texas/24-008749-003/2024(H5N1)	1890	1086
PB1|PP755595.1|A/cattle/Texas/24-008749-003/2024(H5N1)	1891	5120
PB1|PP755595.1|A/cattle/Texas/24-008749-003/2024(H5N1)	1892	5137
PB1|PP755595.1|A/cattle/Texas/24-008749-003/2024(H5N1)	1893	5137
PB1|PP755595.1|A/cattle/Texas/24-008749-003/2024(H5N1)	1894	5137
PB1|PP755595.1|A/cattle/Texas/24-008749-003/2024(H5N1)	1895	5142
PB1|PP755595.1|A/cattle/Texas/24-008749-003/2024(H5N1)	1896	5143
PB1|PP755595.1|A/cattle/Texas/24-008749-003/2024(H5N1)	1897	5185
PB1|PP755595.1|A/cattle/Texas/24-008749-003/2024(H5N1)	1898	5256
PB1|PP755595.1|A/cattle/Texas/24-008749-003/2024(H5N1)	1899	5302
PB1|PP755595.1|A/cattle/Texas/24-008749-003/2024(H5N1)	1900	5319
PB1|PP755595.1|A/cattle/Texas/24-008749-003/2024(H5N1)	1901	5319
PB1|PP755595.1|A/cattle/Texas/24-008749-003/2024(H5N1)	1902	5345
PB1|PP755595.1|A/cattle/Texas/24-008749-003/2024(H5N1)	1903	5406
PB1|PP755595.1|A/cattle/Texas/24-008749-003/2024(H5N1)	1904	5462
PB1|PP755595.1|A/cattle/Texas/24-008749-003/2024(H5N1)	1905	5469
PB1|PP755595.1|A/cattle/Texas/24-008749-003/2024(H5N1)	1906	5530
PB1|PP755595.1|A/cattle/Texas/24-008749-003/2024(H5N1)	1907	5538
PB1|PP755595.1|A/cattle/Texas/24-008749-003/2024(H5N1)	1908	5560
PB1|PP755595.1|A/cattle/Texas/24-008749-003/2024(H5N1)	1909	5614
PB1|PP755595.1|A/cattle/Texas/24-008749-003/2024(H5N1)	1910	5620
PB1|PP755595.1|A/cattle/Texas/24-008749-003/2024(H5N1)	1911	5620
PB1|PP755595.1|A/cattle/Texas/24-008749-003/2024(H5N1)	1912	5620
PB1|PP755595.1|A/cattle/Texas/24-008749-003/2024(H5N1)	1913	5632
PB1|PP755595.1|A/cattle/Texas/24-008749-003/2024(H5N1)	1914	5668
PB1|PP755595.1|A/cattle/Texas/24-008749-003/2024(H5N1)	1915	5829
PB1|PP755595.1|A/cattle/Texas/24-008749-003/2024(H5N1)	1916	5829
PB1|PP755595.1|A/cattle/Texas/24-008749-003/2024(H5N1)	1917	5828
PB1|PP755595.1|A/cattle/Texas/24-008749-003/2024(H5N1)	1918	5839
PB1|PP755595.1|A/cattle/Texas/24-008749-003/2024(H5N1)	1919	5891
PB1|PP755595.1|A/cattle/Texas/24-008749-003/2024(H5N1)	1920	6023
PB1|PP755595.1|A/cattle/Texas/24-008749-003/2024(H5N1)	1921	6241
PB1|PP755595.1|A/cattle/Texas/24-008749-003/2024(H5N1)	1922	6277
PB1|PP755595.1|A/cattle/Texas/24-008749-003/2024(H5N1)	1923	6322
PB1|PP755595.1|A/cattle/Texas/24-008749-003/2024(H5N1)	1924	6333
PB1|PP755595.1|A/cattle/Texas/24-008749-003/2024(H5N1)	1925	6539
PB1|PP755595.1|A/cattle/Texas/24-008749-003/2024(H5N1)	1926	6556
PB1|PP755595.1|A/cattle/Texas/24-008749-003/2024(H5N1)	1927	6622
PB1|PP755595.1|A/cattle/Texas/24-008749-003/2024(H5N1)	1928	6637
PB1|PP755595.1|A/cattle/Texas/24-008749-003/2024(H5N1)	1929	6646
PB1|PP755595.1|A/cattle/Texas/24-008749-003/2024(H5N1)	1930	6702
PB1|PP755595.1|A/cattle/Texas/24-008749-003/2024(H5N1)	1931	6729
PB1|PP755595.1|A/cattle/Texas/24-008749-003/2024(H5N1)	1932	6829
PB1|PP755595.1|A/cattle/Texas/24-008749-003/2024(H5N1)	1933	6829
PB1|PP755595.1|A/cattle/Texas/24-008749-003/2024(H5N1)	1934	6830
PB1|PP755595.1|A/cattle/Texas/24-008749-003/2024(H5N1)	1935	6786
PB1|PP755595.1|A/cattle/Texas/24-008749-003/2024(H5N1)	1936	6776
PB1|PP755595.1|A/cattle/Texas/24-008749-003/2024(H5N1)	1937	6771
PB1|PP755595.1|A/cattle/Texas/24-008749-003/2024(H5N1)	1938	6770
PB1|PP755595.1|A/cattle/Texas/24-008749-003/2024(H5N1)	1939	6597
PB1|PP755595.1|A/cattle/Texas/24-008749-003/2024(H5N1)	1940	6572
PB1|PP755595.1|A/cattle/Texas/24-008749-003/2024(H5N1)	1941	6420
PB1|PP755595.1|A/cattle/Texas/24-008749-003/2024(H5N1)	1942	6412
PB1|PP755595.1|A/cattle/Texas/24-008749-003/2024(H5N1)	1943	6315
PB1|PP755595.1|A/cattle/Texas/24-008749-003/2024(H5N1)	1944	5094
PB1|PP755595.1|A/cattle/Texas/24-008749-003/2024(H5N1)	1945	5072
PB1|PP755595.1|A/cattle/Texas/24-008749-003/2024(H5N1)	1946	5037
PB1|PP755595.1|A/cattle/Texas/24-008749-003/2024(H5N1)	1947	5036
PB1|PP755595.1|A/cattle/Texas/24-008749-003/2024(H5N1)	1948	5036
PB1|PP755595.1|A/cattle/Texas/24-008749-003/2024(H5N1)	1949	5036
PB1|PP755595.1|A/cattle/Texas/24-008749-003/2024(H5N1)	1950	4988
PB1|PP755595.1|A/cattle/Texas/24-008749-003/2024(H5N1)	1951	4988
PB1|PP755595.1|A/cattle/Texas/24-008749-003/2024(H5N1)	1952	4988
PB1|PP755595.1|A/cattle/Texas/24-008749-003/2024(H5N1)	1953	4988
PB1|PP755595.1|A/cattle/Texas/24-008749-003/2024(H5N1)	1954	4988
PB1|PP755595.1|A/cattle/Texas/24-008749-003/2024(H5N1)	1955	4985
PB1|PP755595.1|A/cattle/Texas/24-008749-003/2024(H5N1)	1956	4975
PB1|PP755595.1|A/cattle/Texas/24-008749-003/2024(H5N1)	1957	4975
PB1|PP755595.1|A/cattle/Texas/24-008749-003/2024(H5N1)	1958	4975
PB1|PP755595.1|A/cattle/Texas/24-008749-003/2024(H5N1)	1959	4975
PB1|PP755595.1|A/cattle/Texas/24-008749-003/2024(H5N1)	1960	4975
PB1|PP755595.1|A/cattle/Texas/24-008749-003/2024(H5N1)	1961	4975
PB1|PP755595.1|A/cattle/Texas/24-008749-003/2024(H5N1)	1962	4975
PB1|PP755595.1|A/cattle/Texas/24-008749-003/2024(H5N1)	1963	5592
PB1|PP755595.1|A/cattle/Texas/24-008749-003/2024(H5N1)	1964	5596
PB1|PP755595.1|A/cattle/Texas/24-008749-003/2024(H5N1)	1965	5623
PB1|PP755595.1|A/cattle/Texas/24-008749-003/2024(H5N1)	1966	5970
PB1|PP755595.1|A/cattle/Texas/24-008749-003/2024(H5N1)	1967	5981
PB1|PP755595.1|A/cattle/Texas/24-008749-003/2024(H5N1)	1968	6115
PB1|PP755595.1|A/cattle/Texas/24-008749-003/2024(H5N1)	1969	6121
PB1|PP755595.1|A/cattle/Texas/24-008749-003/2024(H5N1)	1970	6037
PB1|PP755595.1|A/cattle/Texas/24-008749-003/2024(H5N1)	1971	6032
PB1|PP755595.1|A/cattle/Texas/24-008749-003/2024(H5N1)	1972	6030
PB1|PP755595.1|A/cattle/Texas/24-008749-003/2024(H5N1)	1973	6026
PB1|PP755595.1|A/cattle/Texas/24-008749-003/2024(H5N1)	1974	6005
PB1|PP755595.1|A/cattle/Texas/24-008749-003/2024(H5N1)	1975	5692
PB1|PP755595.1|A/cattle/Texas/24-008749-003/2024(H5N1)	1976	5679
PB1|PP755595.1|A/cattle/Texas/24-008749-003/2024(H5N1)	1977	5550
PB1|PP755595.1|A/cattle/Texas/24-008749-003/2024(H5N1)	1978	5546
PB1|PP755595.1|A/cattle/Texas/24-008749-003/2024(H5N1)	1979	5531
PB1|PP755595.1|A/cattle/Texas/24-008749-003/2024(H5N1)	1980	5461
PB1|PP755595.1|A/cattle/Texas/24-008749-003/2024(H5N1)	1981	5460
PB1|PP755595.1|A/cattle/Texas/24-008749-003/2024(H5N1)	1982	5449
PB1|PP755595.1|A/cattle/Texas/24-008749-003/2024(H5N1)	1983	4057
PB1|PP755595.1|A/cattle/Texas/24-008749-003/2024(H5N1)	1984	4037
PB1|PP755595.1|A/cattle/Texas/24-008749-003/2024(H5N1)	1985	3993
PB1|PP755595.1|A/cattle/Texas/24-008749-003/2024(H5N1)	1986	3975
PB1|PP755595.1|A/cattle/Texas/24-008749-003/2024(H5N1)	1987	3975
PB1|PP755595.1|A/cattle/Texas/24-008749-003/2024(H5N1)	1988	3975
PB1|PP755595.1|A/cattle/Texas/24-008749-003/2024(H5N1)	1989	3965
PB1|PP755595.1|A/cattle/Texas/24-008749-003/2024(H5N1)	1990	3966
PB1|PP755595.1|A/cattle/Texas/24-008749-003/2024(H5N1)	1991	3965
PB1|PP755595.1|A/cattle/Texas/24-008749-003/2024(H5N1)	1992	3966
PB1|PP755595.1|A/cattle/Texas/24-008749-003/2024(H5N1)	1993	3968
PB1|PP755595.1|A/cattle/Texas/24-008749-003/2024(H5N1)	1994	3950
PB1|PP755595.1|A/cattle/Texas/24-008749-003/2024(H5N1)	1995	3942
PB1|PP755595.1|A/cattle/Texas/24-008749-003/2024(H5N1)	1996	4015
PB1|PP755595.1|A/cattle/Texas/24-008749-003/2024(H5N1)	1997	4017
PB1|PP755595.1|A/cattle/Texas/24-008749-003/2024(H5N1)	1998	4021
PB1|PP755595.1|A/cattle/Texas/24-008749-003/2024(H5N1)	1999	3903
PB1|PP755595.1|A/cattle/Texas/24-008749-003/2024(H5N1)	2000	3886
PB1|PP755595.1|A/cattle/Texas/24-008749-003/2024(H5N1)	2001	3616
PB1|PP755595.1|A/cattle/Texas/24-008749-003/2024(H5N1)	2002	3675
PB1|PP755595.1|A/cattle/Texas/24-008749-003/2024(H5N1)	2003	3675
PB1|PP755595.1|A/cattle/Texas/24-008749-003/2024(H5N1)	2004	3671
PB1|PP755595.1|A/cattle/Texas/24-008749-003/2024(H5N1)	2005	3671
PB1|PP755595.1|A/cattle/Texas/24-008749-003/2024(H5N1)	2006	3618
PB1|PP755595.1|A/cattle/Texas/24-008749-003/2024(H5N1)	2007	3616
PB1|PP755595.1|A/cattle/Texas/24-008749-003/2024(H5N1)	2008	3615
PB1|PP755595.1|A/cattle/Texas/24-008749-003/2024(H5N1)	2009	3573
PB1|PP755595.1|A/cattle/Texas/24-008749-003/2024(H5N1)	2010	3570
PB1|PP755595.1|A/cattle/Texas/24-008749-003/2024(H5N1)	2011	3488
PB1|PP755595.1|A/cattle/Texas/24-008749-003/2024(H5N1)	2012	3483
PB1|PP755595.1|A/cattle/Texas/24-008749-003/2024(H5N1)	2013	3474
PB1|PP755595.1|A/cattle/Texas/24-008749-003/2024(H5N1)	2014	3406
PB1|PP755595.1|A/cattle/Texas/24-008749-003/2024(H5N1)	2015	3406
PB1|PP755595.1|A/cattle/Texas/24-008749-003/2024(H5N1)	2016	3407
PB1|PP755595.1|A/cattle/Texas/24-008749-003/2024(H5N1)	2017	3411
PB1|PP755595.1|A/cattle/Texas/24-008749-003/2024(H5N1)	2018	3415
PB1|PP755595.1|A/cattle/Texas/24-008749-003/2024(H5N1)	2019	3325
PB1|PP755595.1|A/cattle/Texas/24-008749-003/2024(H5N1)	2020	3396
PB1|PP755595.1|A/cattle/Texas/24-008749-003/2024(H5N1)	2021	3480
PB1|PP755595.1|A/cattle/Texas/24-008749-003/2024(H5N1)	2022	3660
PB1|PP755595.1|A/cattle/Texas/24-008749-003/2024(H5N1)	2023	3847
PB1|PP755595.1|A/cattle/Texas/24-008749-003/2024(H5N1)	2024	3751
PB1|PP755595.1|A/cattle/Texas/24-008749-003/2024(H5N1)	2025	3751
PB1|PP755595.1|A/cattle/Texas/24-008749-003/2024(H5N1)	2026	3779
PB1|PP755595.1|A/cattle/Texas/24-008749-003/2024(H5N1)	2027	3836
PB1|PP755595.1|A/cattle/Texas/24-008749-003/2024(H5N1)	2028	3841
PB1|PP755595.1|A/cattle/Texas/24-008749-003/2024(H5N1)	2029	3812
PB1|PP755595.1|A/cattle/Texas/24-008749-003/2024(H5N1)	2030	3699
PB1|PP755595.1|A/cattle/Texas/24-008749-003/2024(H5N1)	2031	3540
PB1|PP755595.1|A/cattle/Texas/24-008749-003/2024(H5N1)	2032	3567
PB1|PP755595.1|A/cattle/Texas/24-008749-003/2024(H5N1)	2033	3646
PB1|PP755595.1|A/cattle/Texas/24-008749-003/2024(H5N1)	2034	3729
PB1|PP755595.1|A/cattle/Texas/24-008749-003/2024(H5N1)	2035	5984
PB1|PP755595.1|A/cattle/Texas/24-008749-003/2024(H5N1)	2036	5992
PB1|PP755595.1|A/cattle/Texas/24-008749-003/2024(H5N1)	2037	6055
PB1|PP755595.1|A/cattle/Texas/24-008749-003/2024(H5N1)	2038	6062
PB1|PP755595.1|A/cattle/Texas/24-008749-003/2024(H5N1)	2039	6098
PB1|PP755595.1|A/cattle/Texas/24-008749-003/2024(H5N1)	2040	6155
PB1|PP755595.1|A/cattle/Texas/24-008749-003/2024(H5N1)	2041	6134
PB1|PP755595.1|A/cattle/Texas/24-008749-003/2024(H5N1)	2042	6102
PB1|PP755595.1|A/cattle/Texas/24-008749-003/2024(H5N1)	2043	6143
PB1|PP755595.1|A/cattle/Texas/24-008749-003/2024(H5N1)	2044	6156
PB1|PP755595.1|A/cattle/Texas/24-008749-003/2024(H5N1)	2045	6187
PB1|PP755595.1|A/cattle/Texas/24-008749-003/2024(H5N1)	2046	6175
PB1|PP755595.1|A/cattle/Texas/24-008749-003/2024(H5N1)	2047	6149
PB1|PP755595.1|A/cattle/Texas/24-008749-003/2024(H5N1)	2048	6111
PB1|PP755595.1|A/cattle/Texas/24-008749-003/2024(H5N1)	2049	6112
PB1|PP755595.1|A/cattle/Texas/24-008749-003/2024(H5N1)	2050	6114
PB1|PP755595.1|A/cattle/Texas/24-008749-003/2024(H5N1)	2051	6097
PB1|PP755595.1|A/cattle/Texas/24-008749-003/2024(H5N1)	2052	6060
PB1|PP755595.1|A/cattle/Texas/24-008749-003/2024(H5N1)	2053	6070
PB1|PP755595.1|A/cattle/Texas/24-008749-003/2024(H5N1)	2054	6078
PB1|PP755595.1|A/cattle/Texas/24-008749-003/2024(H5N1)	2055	6051
PB1|PP755595.1|A/cattle/Texas/24-008749-003/2024(H5N1)	2056	6489
PB1|PP755595.1|A/cattle/Texas/24-008749-003/2024(H5N1)	2057	6501
PB1|PP755595.1|A/cattle/Texas/24-008749-003/2024(H5N1)	2058	9245
PB1|PP755595.1|A/cattle/Texas/24-008749-003/2024(H5N1)	2059	9287
PB1|PP755595.1|A/cattle/Texas/24-008749-003/2024(H5N1)	2060	9237
PB1|PP755595.1|A/cattle/Texas/24-008749-003/2024(H5N1)	2061	9315
PB1|PP755595.1|A/cattle/Texas/24-008749-003/2024(H5N1)	2062	9461
PB1|PP755595.1|A/cattle/Texas/24-008749-003/2024(H5N1)	2063	9455
PB1|PP755595.1|A/cattle/Texas/24-008749-003/2024(H5N1)	2064	9451
PB1|PP755595.1|A/cattle/Texas/24-008749-003/2024(H5N1)	2065	9281
PB1|PP755595.1|A/cattle/Texas/24-008749-003/2024(H5N1)	2066	9235
PB1|PP755595.1|A/cattle/Texas/24-008749-003/2024(H5N1)	2067	8553
PB1|PP755595.1|A/cattle/Texas/24-008749-003/2024(H5N1)	2068	8512
PB1|PP755595.1|A/cattle/Texas/24-008749-003/2024(H5N1)	2069	8482
PB1|PP755595.1|A/cattle/Texas/24-008749-003/2024(H5N1)	2070	8461
PB1|PP755595.1|A/cattle/Texas/24-008749-003/2024(H5N1)	2071	8527
PB1|PP755595.1|A/cattle/Texas/24-008749-003/2024(H5N1)	2072	8538
PB1|PP755595.1|A/cattle/Texas/24-008749-003/2024(H5N1)	2073	8643
PB1|PP755595.1|A/cattle/Texas/24-008749-003/2024(H5N1)	2074	9497
PB1|PP755595.1|A/cattle/Texas/24-008749-003/2024(H5N1)	2075	9660
PB1|PP755595.1|A/cattle/Texas/24-008749-003/2024(H5N1)	2076	9723
PB1|PP755595.1|A/cattle/Texas/24-008749-003/2024(H5N1)	2077	9753
PB1|PP755595.1|A/cattle/Texas/24-008749-003/2024(H5N1)	2078	9761
PB1|PP755595.1|A/cattle/Texas/24-008749-003/2024(H5N1)	2079	9768
PB1|PP755595.1|A/cattle/Texas/24-008749-003/2024(H5N1)	2080	9774
PB1|PP755595.1|A/cattle/Texas/24-008749-003/2024(H5N1)	2081	9883
PB1|PP755595.1|A/cattle/Texas/24-008749-003/2024(H5N1)	2082	9924
PB1|PP755595.1|A/cattle/Texas/24-008749-003/2024(H5N1)	2083	10022
PB1|PP755595.1|A/cattle/Texas/24-008749-003/2024(H5N1)	2084	10133
PB1|PP755595.1|A/cattle/Texas/24-008749-003/2024(H5N1)	2085	10230
PB1|PP755595.1|A/cattle/Texas/24-008749-003/2024(H5N1)	2086	10244
PB1|PP755595.1|A/cattle/Texas/24-008749-003/2024(H5N1)	2087	10244
PB1|PP755595.1|A/cattle/Texas/24-008749-003/2024(H5N1)	2088	10039
PB1|PP755595.1|A/cattle/Texas/24-008749-003/2024(H5N1)	2089	10063
PB1|PP755595.1|A/cattle/Texas/24-008749-003/2024(H5N1)	2090	10069
PB1|PP755595.1|A/cattle/Texas/24-008749-003/2024(H5N1)	2091	10071
PB1|PP755595.1|A/cattle/Texas/24-008749-003/2024(H5N1)	2092	10572
PB1|PP755595.1|A/cattle/Texas/24-008749-003/2024(H5N1)	2093	10845
PB1|PP755595.1|A/cattle/Texas/24-008749-003/2024(H5N1)	2094	10869
PB1|PP755595.1|A/cattle/Texas/24-008749-003/2024(H5N1)	2095	10926
PB1|PP755595.1|A/cattle/Texas/24-008749-003/2024(H5N1)	2096	11116
PB1|PP755595.1|A/cattle/Texas/24-008749-003/2024(H5N1)	2097	11174
PB1|PP755595.1|A/cattle/Texas/24-008749-003/2024(H5N1)	2098	11342
PB1|PP755595.1|A/cattle/Texas/24-008749-003/2024(H5N1)	2099	11382
PB1|PP755595.1|A/cattle/Texas/24-008749-003/2024(H5N1)	2100	11416
PB1|PP755595.1|A/cattle/Texas/24-008749-003/2024(H5N1)	2101	11427
PB1|PP755595.1|A/cattle/Texas/24-008749-003/2024(H5N1)	2102	11422
PB1|PP755595.1|A/cattle/Texas/24-008749-003/2024(H5N1)	2103	11175
PB1|PP755595.1|A/cattle/Texas/24-008749-003/2024(H5N1)	2104	11175
PB1|PP755595.1|A/cattle/Texas/24-008749-003/2024(H5N1)	2105	11307
PB1|PP755595.1|A/cattle/Texas/24-008749-003/2024(H5N1)	2106	11996
PB1|PP755595.1|A/cattle/Texas/24-008749-003/2024(H5N1)	2107	12597
PB1|PP755595.1|A/cattle/Texas/24-008749-003/2024(H5N1)	2108	12644
PB1|PP755595.1|A/cattle/Texas/24-008749-003/2024(H5N1)	2109	12821
PB1|PP755595.1|A/cattle/Texas/24-008749-003/2024(H5N1)	2110	13131
PB1|PP755595.1|A/cattle/Texas/24-008749-003/2024(H5N1)	2111	13168
PB1|PP755595.1|A/cattle/Texas/24-008749-003/2024(H5N1)	2112	13267
PB1|PP755595.1|A/cattle/Texas/24-008749-003/2024(H5N1)	2113	13325
PB1|PP755595.1|A/cattle/Texas/24-008749-003/2024(H5N1)	2114	13297
PB1|PP755595.1|A/cattle/Texas/24-008749-003/2024(H5N1)	2115	13392
PB1|PP755595.1|A/cattle/Texas/24-008749-003/2024(H5N1)	2116	13191
PB1|PP755595.1|A/cattle/Texas/24-008749-003/2024(H5N1)	2117	13074
PB1|PP755595.1|A/cattle/Texas/24-008749-003/2024(H5N1)	2118	13257
PB1|PP755595.1|A/cattle/Texas/24-008749-003/2024(H5N1)	2119	13112
PB1|PP755595.1|A/cattle/Texas/24-008749-003/2024(H5N1)	2120	13124
PB1|PP755595.1|A/cattle/Texas/24-008749-003/2024(H5N1)	2121	13114
PB1|PP755595.1|A/cattle/Texas/24-008749-003/2024(H5N1)	2122	13202
PB1|PP755595.1|A/cattle/Texas/24-008749-003/2024(H5N1)	2123	13227
PB1|PP755595.1|A/cattle/Texas/24-008749-003/2024(H5N1)	2124	13137
PB1|PP755595.1|A/cattle/Texas/24-008749-003/2024(H5N1)	2125	13160
PB1|PP755595.1|A/cattle/Texas/24-008749-003/2024(H5N1)	2126	13253
PB1|PP755595.1|A/cattle/Texas/24-008749-003/2024(H5N1)	2127	13278
PB1|PP755595.1|A/cattle/Texas/24-008749-003/2024(H5N1)	2128	13294
PB1|PP755595.1|A/cattle/Texas/24-008749-003/2024(H5N1)	2129	13305
PB1|PP755595.1|A/cattle/Texas/24-008749-003/2024(H5N1)	2130	13364
PB1|PP755595.1|A/cattle/Texas/24-008749-003/2024(H5N1)	2131	13386
PB1|PP755595.1|A/cattle/Texas/24-008749-003/2024(H5N1)	2132	13369
PB1|PP755595.1|A/cattle/Texas/24-008749-003/2024(H5N1)	2133	13252
PB1|PP755595.1|A/cattle/Texas/24-008749-003/2024(H5N1)	2134	13654
PB1|PP755595.1|A/cattle/Texas/24-008749-003/2024(H5N1)	2135	13403
PB1|PP755595.1|A/cattle/Texas/24-008749-003/2024(H5N1)	2136	13409
PB1|PP755595.1|A/cattle/Texas/24-008749-003/2024(H5N1)	2137	13404
PB1|PP755595.1|A/cattle/Texas/24-008749-003/2024(H5N1)	2138	13492
PB1|PP755595.1|A/cattle/Texas/24-008749-003/2024(H5N1)	2139	13510
PB1|PP755595.1|A/cattle/Texas/24-008749-003/2024(H5N1)	2140	14046
PB1|PP755595.1|A/cattle/Texas/24-008749-003/2024(H5N1)	2141	14011
PB1|PP755595.1|A/cattle/Texas/24-008749-003/2024(H5N1)	2142	14072
PB1|PP755595.1|A/cattle/Texas/24-008749-003/2024(H5N1)	2143	14072
PB1|PP755595.1|A/cattle/Texas/24-008749-003/2024(H5N1)	2144	14046
PB1|PP755595.1|A/cattle/Texas/24-008749-003/2024(H5N1)	2145	14023
PB1|PP755595.1|A/cattle/Texas/24-008749-003/2024(H5N1)	2146	14052
PB1|PP755595.1|A/cattle/Texas/24-008749-003/2024(H5N1)	2147	13990
PB1|PP755595.1|A/cattle/Texas/24-008749-003/2024(H5N1)	2148	14032
PB1|PP755595.1|A/cattle/Texas/24-008749-003/2024(H5N1)	2149	13955
PB1|PP755595.1|A/cattle/Texas/24-008749-003/2024(H5N1)	2150	13930
PB1|PP755595.1|A/cattle/Texas/24-008749-003/2024(H5N1)	2151	13784
PB1|PP755595.1|A/cattle/Texas/24-008749-003/2024(H5N1)	2152	13104
PB1|PP755595.1|A/cattle/Texas/24-008749-003/2024(H5N1)	2153	13044
PB1|PP755595.1|A/cattle/Texas/24-008749-003/2024(H5N1)	2154	13073
PB1|PP755595.1|A/cattle/Texas/24-008749-003/2024(H5N1)	2155	13098
PB1|PP755595.1|A/cattle/Texas/24-008749-003/2024(H5N1)	2156	12927
PB1|PP755595.1|A/cattle/Texas/24-008749-003/2024(H5N1)	2157	13033
PB1|PP755595.1|A/cattle/Texas/24-008749-003/2024(H5N1)	2158	12905
PB1|PP755595.1|A/cattle/Texas/24-008749-003/2024(H5N1)	2159	12616
PB1|PP755595.1|A/cattle/Texas/24-008749-003/2024(H5N1)	2160	12620
PB1|PP755595.1|A/cattle/Texas/24-008749-003/2024(H5N1)	2161	12532
PB1|PP755595.1|A/cattle/Texas/24-008749-003/2024(H5N1)	2162	12482
PB1|PP755595.1|A/cattle/Texas/24-008749-003/2024(H5N1)	2163	12531
PB1|PP755595.1|A/cattle/Texas/24-008749-003/2024(H5N1)	2164	12478
PB1|PP755595.1|A/cattle/Texas/24-008749-003/2024(H5N1)	2165	12336
PB1|PP755595.1|A/cattle/Texas/24-008749-003/2024(H5N1)	2166	13384
PB1|PP755595.1|A/cattle/Texas/24-008749-003/2024(H5N1)	2167	13355
PB1|PP755595.1|A/cattle/Texas/24-008749-003/2024(H5N1)	2168	13374
PB1|PP755595.1|A/cattle/Texas/24-008749-003/2024(H5N1)	2169	13688
PB1|PP755595.1|A/cattle/Texas/24-008749-003/2024(H5N1)	2170	13715
PB1|PP755595.1|A/cattle/Texas/24-008749-003/2024(H5N1)	2171	13861
PB1|PP755595.1|A/cattle/Texas/24-008749-003/2024(H5N1)	2172	13556
PB1|PP755595.1|A/cattle/Texas/24-008749-003/2024(H5N1)	2173	13526
PB1|PP755595.1|A/cattle/Texas/24-008749-003/2024(H5N1)	2174	13411
PB1|PP755595.1|A/cattle/Texas/24-008749-003/2024(H5N1)	2175	13400
PB1|PP755595.1|A/cattle/Texas/24-008749-003/2024(H5N1)	2176	13360
PB1|PP755595.1|A/cattle/Texas/24-008749-003/2024(H5N1)	2177	13226
PB1|PP755595.1|A/cattle/Texas/24-008749-003/2024(H5N1)	2178	13126
PB1|PP755595.1|A/cattle/Texas/24-008749-003/2024(H5N1)	2179	13080
PB1|PP755595.1|A/cattle/Texas/24-008749-003/2024(H5N1)	2180	13058
PB1|PP755595.1|A/cattle/Texas/24-008749-003/2024(H5N1)	2181	13118
PB1|PP755595.1|A/cattle/Texas/24-008749-003/2024(H5N1)	2182	13115
PB1|PP755595.1|A/cattle/Texas/24-008749-003/2024(H5N1)	2183	13050
PB1|PP755595.1|A/cattle/Texas/24-008749-003/2024(H5N1)	2184	12751
PB1|PP755595.1|A/cattle/Texas/24-008749-003/2024(H5N1)	2185	12773
PB1|PP755595.1|A/cattle/Texas/24-008749-003/2024(H5N1)	2186	12746
PB1|PP755595.1|A/cattle/Texas/24-008749-003/2024(H5N1)	2187	12743
PB1|PP755595.1|A/cattle/Texas/24-008749-003/2024(H5N1)	2188	12682
PB1|PP755595.1|A/cattle/Texas/24-008749-003/2024(H5N1)	2189	12685
PB1|PP755595.1|A/cattle/Texas/24-008749-003/2024(H5N1)	2190	12408
PB1|PP755595.1|A/cattle/Texas/24-008749-003/2024(H5N1)	2191	12415
PB1|PP755595.1|A/cattle/Texas/24-008749-003/2024(H5N1)	2192	12433
PB1|PP755595.1|A/cattle/Texas/24-008749-003/2024(H5N1)	2193	12426
PB1|PP755595.1|A/cattle/Texas/24-008749-003/2024(H5N1)	2194	12306
PB1|PP755595.1|A/cattle/Texas/24-008749-003/2024(H5N1)	2195	12207
PB1|PP755595.1|A/cattle/Texas/24-008749-003/2024(H5N1)	2196	12165
PB1|PP755595.1|A/cattle/Texas/24-008749-003/2024(H5N1)	2197	12170
PB1|PP755595.1|A/cattle/Texas/24-008749-003/2024(H5N1)	2198	12166
PB1|PP755595.1|A/cattle/Texas/24-008749-003/2024(H5N1)	2199	12159
PB1|PP755595.1|A/cattle/Texas/24-008749-003/2024(H5N1)	2200	12005
PB1|PP755595.1|A/cattle/Texas/24-008749-003/2024(H5N1)	2201	11816
PB1|PP755595.1|A/cattle/Texas/24-008749-003/2024(H5N1)	2202	11737
PB1|PP755595.1|A/cattle/Texas/24-008749-003/2024(H5N1)	2203	11699
PB1|PP755595.1|A/cattle/Texas/24-008749-003/2024(H5N1)	2204	11655
PB1|PP755595.1|A/cattle/Texas/24-008749-003/2024(H5N1)	2205	11635
PB1|PP755595.1|A/cattle/Texas/24-008749-003/2024(H5N1)	2206	11615
PB1|PP755595.1|A/cattle/Texas/24-008749-003/2024(H5N1)	2207	11432
PB1|PP755595.1|A/cattle/Texas/24-008749-003/2024(H5N1)	2208	11424
PB1|PP755595.1|A/cattle/Texas/24-008749-003/2024(H5N1)	2209	11490
PB1|PP755595.1|A/cattle/Texas/24-008749-003/2024(H5N1)	2210	11501
PB1|PP755595.1|A/cattle/Texas/24-008749-003/2024(H5N1)	2211	11377
PB1|PP755595.1|A/cattle/Texas/24-008749-003/2024(H5N1)	2212	11299
PB1|PP755595.1|A/cattle/Texas/24-008749-003/2024(H5N1)	2213	11260
PB1|PP755595.1|A/cattle/Texas/24-008749-003/2024(H5N1)	2214	11253
PB1|PP755595.1|A/cattle/Texas/24-008749-003/2024(H5N1)	2215	11313
PB1|PP755595.1|A/cattle/Texas/24-008749-003/2024(H5N1)	2216	11278
PB1|PP755595.1|A/cattle/Texas/24-008749-003/2024(H5N1)	2217	11271
PB1|PP755595.1|A/cattle/Texas/24-008749-003/2024(H5N1)	2218	11109
PB1|PP755595.1|A/cattle/Texas/24-008749-003/2024(H5N1)	2219	11095
PB1|PP755595.1|A/cattle/Texas/24-008749-003/2024(H5N1)	2220	11121
PB1|PP755595.1|A/cattle/Texas/24-008749-003/2024(H5N1)	2221	11065
PB1|PP755595.1|A/cattle/Texas/24-008749-003/2024(H5N1)	2222	10957
PB1|PP755595.1|A/cattle/Texas/24-008749-003/2024(H5N1)	2223	10950
PB1|PP755595.1|A/cattle/Texas/24-008749-003/2024(H5N1)	2224	10942
PB1|PP755595.1|A/cattle/Texas/24-008749-003/2024(H5N1)	2225	10623
PB1|PP755595.1|A/cattle/Texas/24-008749-003/2024(H5N1)	2226	10621
PB1|PP755595.1|A/cattle/Texas/24-008749-003/2024(H5N1)	2227	10581
PB1|PP755595.1|A/cattle/Texas/24-008749-003/2024(H5N1)	2228	10557
PB1|PP755595.1|A/cattle/Texas/24-008749-003/2024(H5N1)	2229	10562
PB1|PP755595.1|A/cattle/Texas/24-008749-003/2024(H5N1)	2230	10586
PB1|PP755595.1|A/cattle/Texas/24-008749-003/2024(H5N1)	2231	10582
PB1|PP755595.1|A/cattle/Texas/24-008749-003/2024(H5N1)	2232	10414
PB1|PP755595.1|A/cattle/Texas/24-008749-003/2024(H5N1)	2233	10492
PB1|PP755595.1|A/cattle/Texas/24-008749-003/2024(H5N1)	2234	10412
PB1|PP755595.1|A/cattle/Texas/24-008749-003/2024(H5N1)	2235	10343
PB1|PP755595.1|A/cattle/Texas/24-008749-003/2024(H5N1)	2236	10213
PB1|PP755595.1|A/cattle/Texas/24-008749-003/2024(H5N1)	2237	10185
PB1|PP755595.1|A/cattle/Texas/24-008749-003/2024(H5N1)	2238	10143
PB1|PP755595.1|A/cattle/Texas/24-008749-003/2024(H5N1)	2239	9816
PB1|PP755595.1|A/cattle/Texas/24-008749-003/2024(H5N1)	2240	9860
PB1|PP755595.1|A/cattle/Texas/24-008749-003/2024(H5N1)	2241	9855
PB1|PP755595.1|A/cattle/Texas/24-008749-003/2024(H5N1)	2242	9849
PB1|PP755595.1|A/cattle/Texas/24-008749-003/2024(H5N1)	2243	9839
PB1|PP755595.1|A/cattle/Texas/24-008749-003/2024(H5N1)	2244	9490
PB1|PP755595.1|A/cattle/Texas/24-008749-003/2024(H5N1)	2245	9479
PB1|PP755595.1|A/cattle/Texas/24-008749-003/2024(H5N1)	2246	9577
PB1|PP755595.1|A/cattle/Texas/24-008749-003/2024(H5N1)	2247	9311
PB1|PP755595.1|A/cattle/Texas/24-008749-003/2024(H5N1)	2248	9275
PB1|PP755595.1|A/cattle/Texas/24-008749-003/2024(H5N1)	2249	9044
PB1|PP755595.1|A/cattle/Texas/24-008749-003/2024(H5N1)	2250	8981
PB1|PP755595.1|A/cattle/Texas/24-008749-003/2024(H5N1)	2251	8919
PB1|PP755595.1|A/cattle/Texas/24-008749-003/2024(H5N1)	2252	8895
PB1|PP755595.1|A/cattle/Texas/24-008749-003/2024(H5N1)	2253	8879
PB1|PP755595.1|A/cattle/Texas/24-008749-003/2024(H5N1)	2254	8820
PB1|PP755595.1|A/cattle/Texas/24-008749-003/2024(H5N1)	2255	7821
PB1|PP755595.1|A/cattle/Texas/24-008749-003/2024(H5N1)	2256	7757
PB1|PP755595.1|A/cattle/Texas/24-008749-003/2024(H5N1)	2257	7426
PB1|PP755595.1|A/cattle/Texas/24-008749-003/2024(H5N1)	2258	7346
PB1|PP755595.1|A/cattle/Texas/24-008749-003/2024(H5N1)	2259	7333
PB1|PP755595.1|A/cattle/Texas/24-008749-003/2024(H5N1)	2260	7164
PB1|PP755595.1|A/cattle/Texas/24-008749-003/2024(H5N1)	2261	7035
PB1|PP755595.1|A/cattle/Texas/24-008749-003/2024(H5N1)	2262	7023
PB1|PP755595.1|A/cattle/Texas/24-008749-003/2024(H5N1)	2263	6906
PB1|PP755595.1|A/cattle/Texas/24-008749-003/2024(H5N1)	2264	6832
PB1|PP755595.1|A/cattle/Texas/24-008749-003/2024(H5N1)	2265	6516
PB1|PP755595.1|A/cattle/Texas/24-008749-003/2024(H5N1)	2266	6458
PB1|PP755595.1|A/cattle/Texas/24-008749-003/2024(H5N1)	2267	6447
PB1|PP755595.1|A/cattle/Texas/24-008749-003/2024(H5N1)	2268	6358
PB1|PP755595.1|A/cattle/Texas/24-008749-003/2024(H5N1)	2269	6355
PB1|PP755595.1|A/cattle/Texas/24-008749-003/2024(H5N1)	2270	6349
PB1|PP755595.1|A/cattle/Texas/24-008749-003/2024(H5N1)	2271	6339
PB1|PP755595.1|A/cattle/Texas/24-008749-003/2024(H5N1)	2272	6317
PB1|PP755595.1|A/cattle/Texas/24-008749-003/2024(H5N1)	2273	6189
PB1|PP755595.1|A/cattle/Texas/24-008749-003/2024(H5N1)	2274	6164
