HA|PP755589.1|A/cattle/Texas/24-008749-003/2024(H5N1)	1	1466
HA|PP755589.1|A/cattle/Texas/24-008749-003/2024(H5N1)	2	1466
HA|PP755589.1|A/cattle/Texas/24-008749-003/2024(H5N1)	3	1496
HA|PP755589.1|A/cattle/Texas/24-008749-003/2024(H5N1)	4	1498
HA|PP755589.1|A/cattle/Texas/24-008749-003/2024(H5N1)	5	1502
HA|PP755589.1|A/cattle/Texas/24-008749-003/2024(H5N1)	6	1505
HA|PP755589.1|A/cattle/Texas/24-008749-003/2024(H5N1)	7	1514
HA|PP755589.1|A/cattle/Texas/24-008749-003/2024(H5N1)	8	1718
HA|PP755589.1|A/cattle/Texas/24-008749-003/2024(H5N1)	9	1728
HA|PP755589.1|A/cattle/Texas/24-008749-003/2024(H5N1)	10	1732
HA|PP755589.1|A/cattle/Texas/24-008749-003/2024(H5N1)	11	1760
HA|PP755589.1|A/cattle/Texas/24-008749-003/2024(H5N1)	12	1760
HA|PP755589.1|A/cattle/Texas/24-008749-003/2024(H5N1)	13	1868
HA|PP755589.1|A/cattle/Texas/24-008749-003/2024(H5N1)	14	1875
HA|PP755589.1|A/cattle/Texas/24-008749-003/2024(H5N1)	15	1880
HA|PP755589.1|A/cattle/Texas/24-008749-003/2024(H5N1)	16	1882
HA|PP755589.1|A/cattle/Texas/24-008749-003/2024(H5N1)	17	1892
HA|PP755589.1|A/cattle/Texas/24-008749-003/2024(H5N1)	18	1896
HA|PP755589.1|A/cattle/Texas/24-008749-003/2024(H5N1)	19	1925
HA|PP755589.1|A/cattle/Texas/24-008749-003/2024(H5N1)	20	1926
HA|PP755589.1|A/cattle/Texas/24-008749-003/2024(H5N1)	21	1932
HA|PP755589.1|A/cattle/Texas/24-008749-003/2024(H5N1)	22	1932
HA|PP755589.1|A/cattle/Texas/24-008749-003/2024(H5N1)	23	1937
HA|PP755589.1|A/cattle/Texas/24-008749-003/2024(H5N1)	24	1937
HA|PP755589.1|A/cattle/Texas/24-008749-003/2024(H5N1)	25	1950
HA|PP755589.1|A/cattle/Texas/24-008749-003/2024(H5N1)	26	1961
HA|PP755589.1|A/cattle/Texas/24-008749-003/2024(H5N1)	27	1962
HA|PP755589.1|A/cattle/Texas/24-008749-003/2024(H5N1)	28	1989
HA|PP755589.1|A/cattle/Texas/24-008749-003/2024(H5N1)	29	2056
HA|PP755589.1|A/cattle/Texas/24-008749-003/2024(H5N1)	30	2087
HA|PP755589.1|A/cattle/Texas/24-008749-003/2024(H5N1)	31	2089
HA|PP755589.1|A/cattle/Texas/24-008749-003/2024(H5N1)	32	2093
HA|PP755589.1|A/cattle/Texas/24-008749-003/2024(H5N1)	33	2118
HA|PP755589.1|A/cattle/Texas/24-008749-003/2024(H5N1)	34	2118
HA|PP755589.1|A/cattle/Texas/24-008749-003/2024(H5N1)	35	2133
HA|PP755589.1|A/cattle/Texas/24-008749-003/2024(H5N1)	36	2140
HA|PP755589.1|A/cattle/Texas/24-008749-003/2024(H5N1)	37	2146
HA|PP755589.1|A/cattle/Texas/24-008749-003/2024(H5N1)	38	2155
HA|PP755589.1|A/cattle/Texas/24-008749-003/2024(H5N1)	39	2301
HA|PP755589.1|A/cattle/Texas/24-008749-003/2024(H5N1)	40	2336
HA|PP755589.1|A/cattle/Texas/24-008749-003/2024(H5N1)	41	2337
HA|PP755589.1|A/cattle/Texas/24-008749-003/2024(H5N1)	42	2344
HA|PP755589.1|A/cattle/Texas/24-008749-003/2024(H5N1)	43	2353
HA|PP755589.1|A/cattle/Texas/24-008749-003/2024(H5N1)	44	2379
HA|PP755589.1|A/cattle/Texas/24-008749-003/2024(H5N1)	45	2381
HA|PP755589.1|A/cattle/Texas/24-008749-003/2024(H5N1)	46	2383
HA|PP755589.1|A/cattle/Texas/24-008749-003/2024(H5N1)	47	2407
HA|PP755589.1|A/cattle/Texas/24-008749-003/2024(H5N1)	48	2408
HA|PP755589.1|A/cattle/Texas/24-008749-003/2024(H5N1)	49	2430
HA|PP755589.1|A/cattle/Texas/24-008749-003/2024(H5N1)	50	2439
HA|PP755589.1|A/cattle/Texas/24-008749-003/2024(H5N1)	51	2441
HA|PP755589.1|A/cattle/Texas/24-008749-003/2024(H5N1)	52	2441
HA|PP755589.1|A/cattle/Texas/24-008749-003/2024(H5N1)	53	2441
HA|PP755589.1|A/cattle/Texas/24-008749-003/2024(H5N1)	54	2603
HA|PP755589.1|A/cattle/Texas/24-008749-003/2024(H5N1)	55	2611
HA|PP755589.1|A/cattle/Texas/24-008749-003/2024(H5N1)	56	2617
HA|PP755589.1|A/cattle/Texas/24-008749-003/2024(H5N1)	57	2624
HA|PP755589.1|A/cattle/Texas/24-008749-003/2024(H5N1)	58	2632
HA|PP755589.1|A/cattle/Texas/24-008749-003/2024(H5N1)	59	2656
HA|PP755589.1|A/cattle/Texas/24-008749-003/2024(H5N1)	60	2664
HA|PP755589.1|A/cattle/Texas/24-008749-003/2024(H5N1)	61	2668
HA|PP755589.1|A/cattle/Texas/24-008749-003/2024(H5N1)	62	2672
HA|PP755589.1|A/cattle/Texas/24-008749-003/2024(H5N1)	63	2649
HA|PP755589.1|A/cattle/Texas/24-008749-003/2024(H5N1)	64	2720
HA|PP755589.1|A/cattle/Texas/24-008749-003/2024(H5N1)	65	2727
HA|PP755589.1|A/cattle/Texas/24-008749-003/2024(H5N1)	66	2787
HA|PP755589.1|A/cattle/Texas/24-008749-003/2024(H5N1)	67	2801
HA|PP755589.1|A/cattle/Texas/24-008749-003/2024(H5N1)	68	2816
HA|PP755589.1|A/cattle/Texas/24-008749-003/2024(H5N1)	69	2840
HA|PP755589.1|A/cattle/Texas/24-008749-003/2024(H5N1)	70	2872
HA|PP755589.1|A/cattle/Texas/24-008749-003/2024(H5N1)	71	2879
HA|PP755589.1|A/cattle/Texas/24-008749-003/2024(H5N1)	72	2879
HA|PP755589.1|A/cattle/Texas/24-008749-003/2024(H5N1)	73	2876
HA|PP755589.1|A/cattle/Texas/24-008749-003/2024(H5N1)	74	2913
HA|PP755589.1|A/cattle/Texas/24-008749-003/2024(H5N1)	75	2917
HA|PP755589.1|A/cattle/Texas/24-008749-003/2024(H5N1)	76	2930
HA|PP755589.1|A/cattle/Texas/24-008749-003/2024(H5N1)	77	2951
HA|PP755589.1|A/cattle/Texas/24-008749-003/2024(H5N1)	78	3072
HA|PP755589.1|A/cattle/Texas/24-008749-003/2024(H5N1)	79	3070
HA|PP755589.1|A/cattle/Texas/24-008749-003/2024(H5N1)	80	3092
HA|PP755589.1|A/cattle/Texas/24-008749-003/2024(H5N1)	81	3096
HA|PP755589.1|A/cattle/Texas/24-008749-003/2024(H5N1)	82	3097
HA|PP755589.1|A/cattle/Texas/24-008749-003/2024(H5N1)	83	3148
HA|PP755589.1|A/cattle/Texas/24-008749-003/2024(H5N1)	84	3147
HA|PP755589.1|A/cattle/Texas/24-008749-003/2024(H5N1)	85	3149
HA|PP755589.1|A/cattle/Texas/24-008749-003/2024(H5N1)	86	3149
HA|PP755589.1|A/cattle/Texas/24-008749-003/2024(H5N1)	87	3125
HA|PP755589.1|A/cattle/Texas/24-008749-003/2024(H5N1)	88	3272
HA|PP755589.1|A/cattle/Texas/24-008749-003/2024(H5N1)	89	3280
HA|PP755589.1|A/cattle/Texas/24-008749-003/2024(H5N1)	90	3297
HA|PP755589.1|A/cattle/Texas/24-008749-003/2024(H5N1)	91	3302
HA|PP755589.1|A/cattle/Texas/24-008749-003/2024(H5N1)	92	3302
HA|PP755589.1|A/cattle/Texas/24-008749-003/2024(H5N1)	93	3385
HA|PP755589.1|A/cattle/Texas/24-008749-003/2024(H5N1)	94	3395
HA|PP755589.1|A/cattle/Texas/24-008749-003/2024(H5N1)	95	3399
HA|PP755589.1|A/cattle/Texas/24-008749-003/2024(H5N1)	96	3416
HA|PP755589.1|A/cattle/Texas/24-008749-003/2024(H5N1)	97	3390
HA|PP755589.1|A/cattle/Texas/24-008749-003/2024(H5N1)	98	3416
HA|PP755589.1|A/cattle/Texas/24-008749-003/2024(H5N1)	99	3418
HA|PP755589.1|A/cattle/Texas/24-008749-003/2024(H5N1)	100	3418
HA|PP755589.1|A/cattle/Texas/24-008749-003/2024(H5N1)	101	3466
HA|PP755589.1|A/cattle/Texas/24-008749-003/2024(H5N1)	102	3451
HA|PP755589.1|A/cattle/Texas/24-008749-003/2024(H5N1)	103	3460
HA|PP755589.1|A/cattle/Texas/24-008749-003/2024(H5N1)	104	3460
HA|PP755589.1|A/cattle/Texas/24-008749-003/2024(H5N1)	105	3460
HA|PP755589.1|A/cattle/Texas/24-008749-003/2024(H5N1)	106	3478
HA|PP755589.1|A/cattle/Texas/24-008749-003/2024(H5N1)	107	3483
HA|PP755589.1|A/cattle/Texas/24-008749-003/2024(H5N1)	108	3502
HA|PP755589.1|A/cattle/Texas/24-008749-003/2024(H5N1)	109	3508
HA|PP755589.1|A/cattle/Texas/24-008749-003/2024(H5N1)	110	3503
HA|PP755589.1|A/cattle/Texas/24-008749-003/2024(H5N1)	111	3523
HA|PP755589.1|A/cattle/Texas/24-008749-003/2024(H5N1)	112	3521
HA|PP755589.1|A/cattle/Texas/24-008749-003/2024(H5N1)	113	3521
HA|PP755589.1|A/cattle/Texas/24-008749-003/2024(H5N1)	114	3547
HA|PP755589.1|A/cattle/Texas/24-008749-003/2024(H5N1)	115	3578
HA|PP755589.1|A/cattle/Texas/24-008749-003/2024(H5N1)	116	3604
HA|PP755589.1|A/cattle/Texas/24-008749-003/2024(H5N1)	117	3602
HA|PP755589.1|A/cattle/Texas/24-008749-003/2024(H5N1)	118	3601
HA|PP755589.1|A/cattle/Texas/24-008749-003/2024(H5N1)	119	3601
HA|PP755589.1|A/cattle/Texas/24-008749-003/2024(H5N1)	120	3597
HA|PP755589.1|A/cattle/Texas/24-008749-003/2024(H5N1)	121	3598
HA|PP755589.1|A/cattle/Texas/24-008749-003/2024(H5N1)	122	3407
HA|PP755589.1|A/cattle/Texas/24-008749-003/2024(H5N1)	123	3370
HA|PP755589.1|A/cattle/Texas/24-008749-003/2024(H5N1)	124	3371
HA|PP755589.1|A/cattle/Texas/24-008749-003/2024(H5N1)	125	3229
HA|PP755589.1|A/cattle/Texas/24-008749-003/2024(H5N1)	126	3226
HA|PP755589.1|A/cattle/Texas/24-008749-003/2024(H5N1)	127	3246
HA|PP755589.1|A/cattle/Texas/24-008749-003/2024(H5N1)	128	3216
HA|PP755589.1|A/cattle/Texas/24-008749-003/2024(H5N1)	129	3228
HA|PP755589.1|A/cattle/Texas/24-008749-003/2024(H5N1)	130	3202
HA|PP755589.1|A/cattle/Texas/24-008749-003/2024(H5N1)	131	3136
HA|PP755589.1|A/cattle/Texas/24-008749-003/2024(H5N1)	132	3153
HA|PP755589.1|A/cattle/Texas/24-008749-003/2024(H5N1)	133	3321
HA|PP755589.1|A/cattle/Texas/24-008749-003/2024(H5N1)	134	3633
HA|PP755589.1|A/cattle/Texas/24-008749-003/2024(H5N1)	135	3455
HA|PP755589.1|A/cattle/Texas/24-008749-003/2024(H5N1)	136	3468
HA|PP755589.1|A/cattle/Texas/24-008749-003/2024(H5N1)	137	3471
HA|PP755589.1|A/cattle/Texas/24-008749-003/2024(H5N1)	138	3486
HA|PP755589.1|A/cattle/Texas/24-008749-003/2024(H5N1)	139	3497
HA|PP755589.1|A/cattle/Texas/24-008749-003/2024(H5N1)	140	3628
HA|PP755589.1|A/cattle/Texas/24-008749-003/2024(H5N1)	141	3612
HA|PP755589.1|A/cattle/Texas/24-008749-003/2024(H5N1)	142	3621
HA|PP755589.1|A/cattle/Texas/24-008749-003/2024(H5N1)	143	3622
HA|PP755589.1|A/cattle/Texas/24-008749-003/2024(H5N1)	144	3607
HA|PP755589.1|A/cattle/Texas/24-008749-003/2024(H5N1)	145	3555
HA|PP755589.1|A/cattle/Texas/24-008749-003/2024(H5N1)	146	3561
HA|PP755589.1|A/cattle/Texas/24-008749-003/2024(H5N1)	147	3595
HA|PP755589.1|A/cattle/Texas/24-008749-003/2024(H5N1)	148	3598
HA|PP755589.1|A/cattle/Texas/24-008749-003/2024(H5N1)	149	3598
HA|PP755589.1|A/cattle/Texas/24-008749-003/2024(H5N1)	150	3599
HA|PP755589.1|A/cattle/Texas/24-008749-003/2024(H5N1)	151	3597
HA|PP755589.1|A/cattle/Texas/24-008749-003/2024(H5N1)	152	3613
HA|PP755589.1|A/cattle/Texas/24-008749-003/2024(H5N1)	153	3611
HA|PP755589.1|A/cattle/Texas/24-008749-003/2024(H5N1)	154	3596
HA|PP755589.1|A/cattle/Texas/24-008749-003/2024(H5N1)	155	3593
HA|PP755589.1|A/cattle/Texas/24-008749-003/2024(H5N1)	156	3590
HA|PP755589.1|A/cattle/Texas/24-008749-003/2024(H5N1)	157	3601
HA|PP755589.1|A/cattle/Texas/24-008749-003/2024(H5N1)	158	3601
HA|PP755589.1|A/cattle/Texas/24-008749-003/2024(H5N1)	159	3461
HA|PP755589.1|A/cattle/Texas/24-008749-003/2024(H5N1)	160	3460
HA|PP755589.1|A/cattle/Texas/24-008749-003/2024(H5N1)	161	3535
HA|PP755589.1|A/cattle/Texas/24-008749-003/2024(H5N1)	162	3526
HA|PP755589.1|A/cattle/Texas/24-008749-003/2024(H5N1)	163	3555
HA|PP755589.1|A/cattle/Texas/24-008749-003/2024(H5N1)	164	3492
HA|PP755589.1|A/cattle/Texas/24-008749-003/2024(H5N1)	165	3495
HA|PP755589.1|A/cattle/Texas/24-008749-003/2024(H5N1)	166	3496
HA|PP755589.1|A/cattle/Texas/24-008749-003/2024(H5N1)	167	3494
HA|PP755589.1|A/cattle/Texas/24-008749-003/2024(H5N1)	168	3482
HA|PP755589.1|A/cattle/Texas/24-008749-003/2024(H5N1)	169	3478
HA|PP755589.1|A/cattle/Texas/24-008749-003/2024(H5N1)	170	3440
HA|PP755589.1|A/cattle/Texas/24-008749-003/2024(H5N1)	171	3308
HA|PP755589.1|A/cattle/Texas/24-008749-003/2024(H5N1)	172	3303
HA|PP755589.1|A/cattle/Texas/24-008749-003/2024(H5N1)	173	3303
HA|PP755589.1|A/cattle/Texas/24-008749-003/2024(H5N1)	174	3303
HA|PP755589.1|A/cattle/Texas/24-008749-003/2024(H5N1)	175	3421
HA|PP755589.1|A/cattle/Texas/24-008749-003/2024(H5N1)	176	3441
HA|PP755589.1|A/cattle/Texas/24-008749-003/2024(H5N1)	177	3458
HA|PP755589.1|A/cattle/Texas/24-008749-003/2024(H5N1)	178	3862
HA|PP755589.1|A/cattle/Texas/24-008749-003/2024(H5N1)	179	3875
HA|PP755589.1|A/cattle/Texas/24-008749-003/2024(H5N1)	180	3905
HA|PP755589.1|A/cattle/Texas/24-008749-003/2024(H5N1)	181	3918
HA|PP755589.1|A/cattle/Texas/24-008749-003/2024(H5N1)	182	3917
HA|PP755589.1|A/cattle/Texas/24-008749-003/2024(H5N1)	183	3919
HA|PP755589.1|A/cattle/Texas/24-008749-003/2024(H5N1)	184	3892
HA|PP755589.1|A/cattle/Texas/24-008749-003/2024(H5N1)	185	3946
HA|PP755589.1|A/cattle/Texas/24-008749-003/2024(H5N1)	186	3974
HA|PP755589.1|A/cattle/Texas/24-008749-003/2024(H5N1)	187	3975
HA|PP755589.1|A/cattle/Texas/24-008749-003/2024(H5N1)	188	4040
HA|PP755589.1|A/cattle/Texas/24-008749-003/2024(H5N1)	189	4028
HA|PP755589.1|A/cattle/Texas/24-008749-003/2024(H5N1)	190	3910
HA|PP755589.1|A/cattle/Texas/24-008749-003/2024(H5N1)	191	3889
HA|PP755589.1|A/cattle/Texas/24-008749-003/2024(H5N1)	192	3907
HA|PP755589.1|A/cattle/Texas/24-008749-003/2024(H5N1)	193	3911
HA|PP755589.1|A/cattle/Texas/24-008749-003/2024(H5N1)	194	3882
HA|PP755589.1|A/cattle/Texas/24-008749-003/2024(H5N1)	195	3867
HA|PP755589.1|A/cattle/Texas/24-008749-003/2024(H5N1)	196	3846
HA|PP755589.1|A/cattle/Texas/24-008749-003/2024(H5N1)	197	3864
HA|PP755589.1|A/cattle/Texas/24-008749-003/2024(H5N1)	198	3874
HA|PP755589.1|A/cattle/Texas/24-008749-003/2024(H5N1)	199	3895
HA|PP755589.1|A/cattle/Texas/24-008749-003/2024(H5N1)	200	3916
HA|PP755589.1|A/cattle/Texas/24-008749-003/2024(H5N1)	201	3903
HA|PP755589.1|A/cattle/Texas/24-008749-003/2024(H5N1)	202	3903
HA|PP755589.1|A/cattle/Texas/24-008749-003/2024(H5N1)	203	3900
HA|PP755589.1|A/cattle/Texas/24-008749-003/2024(H5N1)	204	3928
HA|PP755589.1|A/cattle/Texas/24-008749-003/2024(H5N1)	205	3789
HA|PP755589.1|A/cattle/Texas/24-008749-003/2024(H5N1)	206	3787
HA|PP755589.1|A/cattle/Texas/24-008749-003/2024(H5N1)	207	3894
HA|PP755589.1|A/cattle/Texas/24-008749-003/2024(H5N1)	208	3917
HA|PP755589.1|A/cattle/Texas/24-008749-003/2024(H5N1)	209	3906
HA|PP755589.1|A/cattle/Texas/24-008749-003/2024(H5N1)	210	3819
HA|PP755589.1|A/cattle/Texas/24-008749-003/2024(H5N1)	211	3817
HA|PP755589.1|A/cattle/Texas/24-008749-003/2024(H5N1)	212	3856
HA|PP755589.1|A/cattle/Texas/24-008749-003/2024(H5N1)	213	3902
HA|PP755589.1|A/cattle/Texas/24-008749-003/2024(H5N1)	214	3996
HA|PP755589.1|A/cattle/Texas/24-008749-003/2024(H5N1)	215	4070
HA|PP755589.1|A/cattle/Texas/24-008749-003/2024(H5N1)	216	4021
HA|PP755589.1|A/cattle/Texas/24-008749-003/2024(H5N1)	217	4034
HA|PP755589.1|A/cattle/Texas/24-008749-003/2024(H5N1)	218	4045
HA|PP755589.1|A/cattle/Texas/24-008749-003/2024(H5N1)	219	4033
HA|PP755589.1|A/cattle/Texas/24-008749-003/2024(H5N1)	220	4036
HA|PP755589.1|A/cattle/Texas/24-008749-003/2024(H5N1)	221	4037
HA|PP755589.1|A/cattle/Texas/24-008749-003/2024(H5N1)	222	4030
HA|PP755589.1|A/cattle/Texas/24-008749-003/2024(H5N1)	223	4091
HA|PP755589.1|A/cattle/Texas/24-008749-003/2024(H5N1)	224	4047
HA|PP755589.1|A/cattle/Texas/24-008749-003/2024(H5N1)	225	4049
HA|PP755589.1|A/cattle/Texas/24-008749-003/2024(H5N1)	226	4167
HA|PP755589.1|A/cattle/Texas/24-008749-003/2024(H5N1)	227	4159
HA|PP755589.1|A/cattle/Texas/24-008749-003/2024(H5N1)	228	4158
HA|PP755589.1|A/cattle/Texas/24-008749-003/2024(H5N1)	229	4065
HA|PP755589.1|A/cattle/Texas/24-008749-003/2024(H5N1)	230	4068
HA|PP755589.1|A/cattle/Texas/24-008749-003/2024(H5N1)	231	4067
HA|PP755589.1|A/cattle/Texas/24-008749-003/2024(H5N1)	232	4044
HA|PP755589.1|A/cattle/Texas/24-008749-003/2024(H5N1)	233	4043
HA|PP755589.1|A/cattle/Texas/24-008749-003/2024(H5N1)	234	4070
HA|PP755589.1|A/cattle/Texas/24-008749-003/2024(H5N1)	235	4070
HA|PP755589.1|A/cattle/Texas/24-008749-003/2024(H5N1)	236	4088
HA|PP755589.1|A/cattle/Texas/24-008749-003/2024(H5N1)	237	4079
HA|PP755589.1|A/cattle/Texas/24-008749-003/2024(H5N1)	238	4091
HA|PP755589.1|A/cattle/Texas/24-008749-003/2024(H5N1)	239	3973
HA|PP755589.1|A/cattle/Texas/24-008749-003/2024(H5N1)	240	3997
HA|PP755589.1|A/cattle/Texas/24-008749-003/2024(H5N1)	241	3996
HA|PP755589.1|A/cattle/Texas/24-008749-003/2024(H5N1)	242	3993
HA|PP755589.1|A/cattle/Texas/24-008749-003/2024(H5N1)	243	3986
HA|PP755589.1|A/cattle/Texas/24-008749-003/2024(H5N1)	244	3951
HA|PP755589.1|A/cattle/Texas/24-008749-003/2024(H5N1)	245	3972
HA|PP755589.1|A/cattle/Texas/24-008749-003/2024(H5N1)	246	3976
HA|PP755589.1|A/cattle/Texas/24-008749-003/2024(H5N1)	247	4019
HA|PP755589.1|A/cattle/Texas/24-008749-003/2024(H5N1)	248	4020
HA|PP755589.1|A/cattle/Texas/24-008749-003/2024(H5N1)	249	3989
HA|PP755589.1|A/cattle/Texas/24-008749-003/2024(H5N1)	250	3987
HA|PP755589.1|A/cattle/Texas/24-008749-003/2024(H5N1)	251	4004
HA|PP755589.1|A/cattle/Texas/24-008749-003/2024(H5N1)	252	3965
HA|PP755589.1|A/cattle/Texas/24-008749-003/2024(H5N1)	253	3988
HA|PP755589.1|A/cattle/Texas/24-008749-003/2024(H5N1)	254	3983
HA|PP755589.1|A/cattle/Texas/24-008749-003/2024(H5N1)	255	4039
HA|PP755589.1|A/cattle/Texas/24-008749-003/2024(H5N1)	256	4042
HA|PP755589.1|A/cattle/Texas/24-008749-003/2024(H5N1)	257	4111
HA|PP755589.1|A/cattle/Texas/24-008749-003/2024(H5N1)	258	4134
HA|PP755589.1|A/cattle/Texas/24-008749-003/2024(H5N1)	259	4134
HA|PP755589.1|A/cattle/Texas/24-008749-003/2024(H5N1)	260	4142
HA|PP755589.1|A/cattle/Texas/24-008749-003/2024(H5N1)	261	4140
HA|PP755589.1|A/cattle/Texas/24-008749-003/2024(H5N1)	262	4118
HA|PP755589.1|A/cattle/Texas/24-008749-003/2024(H5N1)	263	4130
HA|PP755589.1|A/cattle/Texas/24-008749-003/2024(H5N1)	264	4111
HA|PP755589.1|A/cattle/Texas/24-008749-003/2024(H5N1)	265	4178
HA|PP755589.1|A/cattle/Texas/24-008749-003/2024(H5N1)	266	4205
HA|PP755589.1|A/cattle/Texas/24-008749-003/2024(H5N1)	267	4185
HA|PP755589.1|A/cattle/Texas/24-008749-003/2024(H5N1)	268	4182
HA|PP755589.1|A/cattle/Texas/24-008749-003/2024(H5N1)	269	4177
HA|PP755589.1|A/cattle/Texas/24-008749-003/2024(H5N1)	270	4182
HA|PP755589.1|A/cattle/Texas/24-008749-003/2024(H5N1)	271	4191
HA|PP755589.1|A/cattle/Texas/24-008749-003/2024(H5N1)	272	4190
HA|PP755589.1|A/cattle/Texas/24-008749-003/2024(H5N1)	273	3930
HA|PP755589.1|A/cattle/Texas/24-008749-003/2024(H5N1)	274	3876
HA|PP755589.1|A/cattle/Texas/24-008749-003/2024(H5N1)	275	3906
HA|PP755589.1|A/cattle/Texas/24-008749-003/2024(H5N1)	276	4384
HA|PP755589.1|A/cattle/Texas/24-008749-003/2024(H5N1)	277	4383
HA|PP755589.1|A/cattle/Texas/24-008749-003/2024(H5N1)	278	4384
HA|PP755589.1|A/cattle/Texas/24-008749-003/2024(H5N1)	279	4389
HA|PP755589.1|A/cattle/Texas/24-008749-003/2024(H5N1)	280	4378
HA|PP755589.1|A/cattle/Texas/24-008749-003/2024(H5N1)	281	4551
HA|PP755589.1|A/cattle/Texas/24-008749-003/2024(H5N1)	282	4527
HA|PP755589.1|A/cattle/Texas/24-008749-003/2024(H5N1)	283	4575
HA|PP755589.1|A/cattle/Texas/24-008749-003/2024(H5N1)	284	4472
HA|PP755589.1|A/cattle/Texas/24-008749-003/2024(H5N1)	285	3992
HA|PP755589.1|A/cattle/Texas/24-008749-003/2024(H5N1)	286	4005
HA|PP755589.1|A/cattle/Texas/24-008749-003/2024(H5N1)	287	4035
HA|PP755589.1|A/cattle/Texas/24-008749-003/2024(H5N1)	288	4021
HA|PP755589.1|A/cattle/Texas/24-008749-003/2024(H5N1)	289	4040
HA|PP755589.1|A/cattle/Texas/24-008749-003/2024(H5N1)	290	4093
HA|PP755589.1|A/cattle/Texas/24-008749-003/2024(H5N1)	291	4094
HA|PP755589.1|A/cattle/Texas/24-008749-003/2024(H5N1)	292	4083
HA|PP755589.1|A/cattle/Texas/24-008749-003/2024(H5N1)	293	4065
HA|PP755589.1|A/cattle/Texas/24-008749-003/2024(H5N1)	294	4143
HA|PP755589.1|A/cattle/Texas/24-008749-003/2024(H5N1)	295	4153
HA|PP755589.1|A/cattle/Texas/24-008749-003/2024(H5N1)	296	4150
HA|PP755589.1|A/cattle/Texas/24-008749-003/2024(H5N1)	297	4108
HA|PP755589.1|A/cattle/Texas/24-008749-003/2024(H5N1)	298	4099
HA|PP755589.1|A/cattle/Texas/24-008749-003/2024(H5N1)	299	4218
HA|PP755589.1|A/cattle/Texas/24-008749-003/2024(H5N1)	300	4217
HA|PP755589.1|A/cattle/Texas/24-008749-003/2024(H5N1)	301	4299
HA|PP755589.1|A/cattle/Texas/24-008749-003/2024(H5N1)	302	4307
HA|PP755589.1|A/cattle/Texas/24-008749-003/2024(H5N1)	303	4244
HA|PP755589.1|A/cattle/Texas/24-008749-003/2024(H5N1)	304	4539
HA|PP755589.1|A/cattle/Texas/24-008749-003/2024(H5N1)	305	4594
HA|PP755589.1|A/cattle/Texas/24-008749-003/2024(H5N1)	306	4596
HA|PP755589.1|A/cattle/Texas/24-008749-003/2024(H5N1)	307	4604
HA|PP755589.1|A/cattle/Texas/24-008749-003/2024(H5N1)	308	4591
HA|PP755589.1|A/cattle/Texas/24-008749-003/2024(H5N1)	309	4610
HA|PP755589.1|A/cattle/Texas/24-008749-003/2024(H5N1)	310	4597
HA|PP755589.1|A/cattle/Texas/24-008749-003/2024(H5N1)	311	4757
HA|PP755589.1|A/cattle/Texas/24-008749-003/2024(H5N1)	312	4722
HA|PP755589.1|A/cattle/Texas/24-008749-003/2024(H5N1)	313	4680
HA|PP755589.1|A/cattle/Texas/24-008749-003/2024(H5N1)	314	4805
HA|PP755589.1|A/cattle/Texas/24-008749-003/2024(H5N1)	315	4962
HA|PP755589.1|A/cattle/Texas/24-008749-003/2024(H5N1)	316	4966
HA|PP755589.1|A/cattle/Texas/24-008749-003/2024(H5N1)	317	5005
HA|PP755589.1|A/cattle/Texas/24-008749-003/2024(H5N1)	318	5014
HA|PP755589.1|A/cattle/Texas/24-008749-003/2024(H5N1)	319	5041
HA|PP755589.1|A/cattle/Texas/24-008749-003/2024(H5N1)	320	5111
HA|PP755589.1|A/cattle/Texas/24-008749-003/2024(H5N1)	321	5088
HA|PP755589.1|A/cattle/Texas/24-008749-003/2024(H5N1)	322	5090
HA|PP755589.1|A/cattle/Texas/24-008749-003/2024(H5N1)	323	5042
HA|PP755589.1|A/cattle/Texas/24-008749-003/2024(H5N1)	324	4851
HA|PP755589.1|A/cattle/Texas/24-008749-003/2024(H5N1)	325	4864
HA|PP755589.1|A/cattle/Texas/24-008749-003/2024(H5N1)	326	4781
HA|PP755589.1|A/cattle/Texas/24-008749-003/2024(H5N1)	327	4777
HA|PP755589.1|A/cattle/Texas/24-008749-003/2024(H5N1)	328	4735
HA|PP755589.1|A/cattle/Texas/24-008749-003/2024(H5N1)	329	4777
HA|PP755589.1|A/cattle/Texas/24-008749-003/2024(H5N1)	330	4750
HA|PP755589.1|A/cattle/Texas/24-008749-003/2024(H5N1)	331	4788
HA|PP755589.1|A/cattle/Texas/24-008749-003/2024(H5N1)	332	4782
HA|PP755589.1|A/cattle/Texas/24-008749-003/2024(H5N1)	333	4786
HA|PP755589.1|A/cattle/Texas/24-008749-003/2024(H5N1)	334	4783
HA|PP755589.1|A/cattle/Texas/24-008749-003/2024(H5N1)	335	4779
HA|PP755589.1|A/cattle/Texas/24-008749-003/2024(H5N1)	336	4718
HA|PP755589.1|A/cattle/Texas/24-008749-003/2024(H5N1)	337	4690
HA|PP755589.1|A/cattle/Texas/24-008749-003/2024(H5N1)	338	4622
HA|PP755589.1|A/cattle/Texas/24-008749-003/2024(H5N1)	339	4635
HA|PP755589.1|A/cattle/Texas/24-008749-003/2024(H5N1)	340	4638
HA|PP755589.1|A/cattle/Texas/24-008749-003/2024(H5N1)	341	4659
HA|PP755589.1|A/cattle/Texas/24-008749-003/2024(H5N1)	342	4656
HA|PP755589.1|A/cattle/Texas/24-008749-003/2024(H5N1)	343	4657
HA|PP755589.1|A/cattle/Texas/24-008749-003/2024(H5N1)	344	4670
HA|PP755589.1|A/cattle/Texas/24-008749-003/2024(H5N1)	345	4666
HA|PP755589.1|A/cattle/Texas/24-008749-003/2024(H5N1)	346	4714
HA|PP755589.1|A/cattle/Texas/24-008749-003/2024(H5N1)	347	4803
HA|PP755589.1|A/cattle/Texas/24-008749-003/2024(H5N1)	348	4792
HA|PP755589.1|A/cattle/Texas/24-008749-003/2024(H5N1)	349	4788
HA|PP755589.1|A/cattle/Texas/24-008749-003/2024(H5N1)	350	4766
HA|PP755589.1|A/cattle/Texas/24-008749-003/2024(H5N1)	351	4771
HA|PP755589.1|A/cattle/Texas/24-008749-003/2024(H5N1)	352	4782
HA|PP755589.1|A/cattle/Texas/24-008749-003/2024(H5N1)	353	4789
HA|PP755589.1|A/cattle/Texas/24-008749-003/2024(H5N1)	354	4791
HA|PP755589.1|A/cattle/Texas/24-008749-003/2024(H5N1)	355	4778
HA|PP755589.1|A/cattle/Texas/24-008749-003/2024(H5N1)	356	4774
HA|PP755589.1|A/cattle/Texas/24-008749-003/2024(H5N1)	357	4717
HA|PP755589.1|A/cattle/Texas/24-008749-003/2024(H5N1)	358	4655
HA|PP755589.1|A/cattle/Texas/24-008749-003/2024(H5N1)	359	4646
HA|PP755589.1|A/cattle/Texas/24-008749-003/2024(H5N1)	360	4687
HA|PP755589.1|A/cattle/Texas/24-008749-003/2024(H5N1)	361	4693
HA|PP755589.1|A/cattle/Texas/24-008749-003/2024(H5N1)	362	4690
HA|PP755589.1|A/cattle/Texas/24-008749-003/2024(H5N1)	363	4688
HA|PP755589.1|A/cattle/Texas/24-008749-003/2024(H5N1)	364	4639
HA|PP755589.1|A/cattle/Texas/24-008749-003/2024(H5N1)	365	4639
HA|PP755589.1|A/cattle/Texas/24-008749-003/2024(H5N1)	366	4630
HA|PP755589.1|A/cattle/Texas/24-008749-003/2024(H5N1)	367	4580
HA|PP755589.1|A/cattle/Texas/24-008749-003/2024(H5N1)	368	4724
HA|PP755589.1|A/cattle/Texas/24-008749-003/2024(H5N1)	369	4711
HA|PP755589.1|A/cattle/Texas/24-008749-003/2024(H5N1)	370	4858
HA|PP755589.1|A/cattle/Texas/24-008749-003/2024(H5N1)	371	4864
HA|PP755589.1|A/cattle/Texas/24-008749-003/2024(H5N1)	372	4836
HA|PP755589.1|A/cattle/Texas/24-008749-003/2024(H5N1)	373	4835
HA|PP755589.1|A/cattle/Texas/24-008749-003/2024(H5N1)	374	4803
HA|PP755589.1|A/cattle/Texas/24-008749-003/2024(H5N1)	375	4799
HA|PP755589.1|A/cattle/Texas/24-008749-003/2024(H5N1)	376	4799
HA|PP755589.1|A/cattle/Texas/24-008749-003/2024(H5N1)	377	4698
HA|PP755589.1|A/cattle/Texas/24-008749-003/2024(H5N1)	378	4683
HA|PP755589.1|A/cattle/Texas/24-008749-003/2024(H5N1)	379	4694
HA|PP755589.1|A/cattle/Texas/24-008749-003/2024(H5N1)	380	4695
HA|PP755589.1|A/cattle/Texas/24-008749-003/2024(H5N1)	381	4707
HA|PP755589.1|A/cattle/Texas/24-008749-003/2024(H5N1)	382	4719
HA|PP755589.1|A/cattle/Texas/24-008749-003/2024(H5N1)	383	4793
HA|PP755589.1|A/cattle/Texas/24-008749-003/2024(H5N1)	384	4794
HA|PP755589.1|A/cattle/Texas/24-008749-003/2024(H5N1)	385	4783
HA|PP755589.1|A/cattle/Texas/24-008749-003/2024(H5N1)	386	4769
HA|PP755589.1|A/cattle/Texas/24-008749-003/2024(H5N1)	387	4795
HA|PP755589.1|A/cattle/Texas/24-008749-003/2024(H5N1)	388	4873
HA|PP755589.1|A/cattle/Texas/24-008749-003/2024(H5N1)	389	4860
HA|PP755589.1|A/cattle/Texas/24-008749-003/2024(H5N1)	390	4862
HA|PP755589.1|A/cattle/Texas/24-008749-003/2024(H5N1)	391	4832
HA|PP755589.1|A/cattle/Texas/24-008749-003/2024(H5N1)	392	4818
HA|PP755589.1|A/cattle/Texas/24-008749-003/2024(H5N1)	393	4859
HA|PP755589.1|A/cattle/Texas/24-008749-003/2024(H5N1)	394	4982
HA|PP755589.1|A/cattle/Texas/24-008749-003/2024(H5N1)	395	4965
HA|PP755589.1|A/cattle/Texas/24-008749-003/2024(H5N1)	396	4939
HA|PP755589.1|A/cattle/Texas/24-008749-003/2024(H5N1)	397	4889
HA|PP755589.1|A/cattle/Texas/24-008749-003/2024(H5N1)	398	5212
HA|PP755589.1|A/cattle/Texas/24-008749-003/2024(H5N1)	399	5326
HA|PP755589.1|A/cattle/Texas/24-008749-003/2024(H5N1)	400	5338
HA|PP755589.1|A/cattle/Texas/24-008749-003/2024(H5N1)	401	5341
HA|PP755589.1|A/cattle/Texas/24-008749-003/2024(H5N1)	402	5353
HA|PP755589.1|A/cattle/Texas/24-008749-003/2024(H5N1)	403	5357
HA|PP755589.1|A/cattle/Texas/24-008749-003/2024(H5N1)	404	5339
HA|PP755589.1|A/cattle/Texas/24-008749-003/2024(H5N1)	405	5348
HA|PP755589.1|A/cattle/Texas/24-008749-003/2024(H5N1)	406	5294
HA|PP755589.1|A/cattle/Texas/24-008749-003/2024(H5N1)	407	5300
HA|PP755589.1|A/cattle/Texas/24-008749-003/2024(H5N1)	408	5218
HA|PP755589.1|A/cattle/Texas/24-008749-003/2024(H5N1)	409	5200
HA|PP755589.1|A/cattle/Texas/24-008749-003/2024(H5N1)	410	5197
HA|PP755589.1|A/cattle/Texas/24-008749-003/2024(H5N1)	411	5163
HA|PP755589.1|A/cattle/Texas/24-008749-003/2024(H5N1)	412	5172
HA|PP755589.1|A/cattle/Texas/24-008749-003/2024(H5N1)	413	5192
HA|PP755589.1|A/cattle/Texas/24-008749-003/2024(H5N1)	414	5191
HA|PP755589.1|A/cattle/Texas/24-008749-003/2024(H5N1)	415	5114
HA|PP755589.1|A/cattle/Texas/24-008749-003/2024(H5N1)	416	5096
HA|PP755589.1|A/cattle/Texas/24-008749-003/2024(H5N1)	417	5106
HA|PP755589.1|A/cattle/Texas/24-008749-003/2024(H5N1)	418	5110
HA|PP755589.1|A/cattle/Texas/24-008749-003/2024(H5N1)	419	5173
HA|PP755589.1|A/cattle/Texas/24-008749-003/2024(H5N1)	420	5215
HA|PP755589.1|A/cattle/Texas/24-008749-003/2024(H5N1)	421	5238
HA|PP755589.1|A/cattle/Texas/24-008749-003/2024(H5N1)	422	5228
HA|PP755589.1|A/cattle/Texas/24-008749-003/2024(H5N1)	423	5250
HA|PP755589.1|A/cattle/Texas/24-008749-003/2024(H5N1)	424	5250
HA|PP755589.1|A/cattle/Texas/24-008749-003/2024(H5N1)	425	5254
HA|PP755589.1|A/cattle/Texas/24-008749-003/2024(H5N1)	426	5237
HA|PP755589.1|A/cattle/Texas/24-008749-003/2024(H5N1)	427	4804
HA|PP755589.1|A/cattle/Texas/24-008749-003/2024(H5N1)	428	4861
HA|PP755589.1|A/cattle/Texas/24-008749-003/2024(H5N1)	429	4861
HA|PP755589.1|A/cattle/Texas/24-008749-003/2024(H5N1)	430	4873
HA|PP755589.1|A/cattle/Texas/24-008749-003/2024(H5N1)	431	4977
HA|PP755589.1|A/cattle/Texas/24-008749-003/2024(H5N1)	432	4978
HA|PP755589.1|A/cattle/Texas/24-008749-003/2024(H5N1)	433	4962
HA|PP755589.1|A/cattle/Texas/24-008749-003/2024(H5N1)	434	4947
HA|PP755589.1|A/cattle/Texas/24-008749-003/2024(H5N1)	435	4946
HA|PP755589.1|A/cattle/Texas/24-008749-003/2024(H5N1)	436	4974
HA|PP755589.1|A/cattle/Texas/24-008749-003/2024(H5N1)	437	5027
HA|PP755589.1|A/cattle/Texas/24-008749-003/2024(H5N1)	438	5082
HA|PP755589.1|A/cattle/Texas/24-008749-003/2024(H5N1)	439	5082
HA|PP755589.1|A/cattle/Texas/24-008749-003/2024(H5N1)	440	4840
HA|PP755589.1|A/cattle/Texas/24-008749-003/2024(H5N1)	441	4857
HA|PP755589.1|A/cattle/Texas/24-008749-003/2024(H5N1)	442	4825
HA|PP755589.1|A/cattle/Texas/24-008749-003/2024(H5N1)	443	4833
HA|PP755589.1|A/cattle/Texas/24-008749-003/2024(H5N1)	444	4780
HA|PP755589.1|A/cattle/Texas/24-008749-003/2024(H5N1)	445	4759
HA|PP755589.1|A/cattle/Texas/24-008749-003/2024(H5N1)	446	4811
HA|PP755589.1|A/cattle/Texas/24-008749-003/2024(H5N1)	447	4762
HA|PP755589.1|A/cattle/Texas/24-008749-003/2024(H5N1)	448	4763
HA|PP755589.1|A/cattle/Texas/24-008749-003/2024(H5N1)	449	4748
HA|PP755589.1|A/cattle/Texas/24-008749-003/2024(H5N1)	450	4725
HA|PP755589.1|A/cattle/Texas/24-008749-003/2024(H5N1)	451	4756
HA|PP755589.1|A/cattle/Texas/24-008749-003/2024(H5N1)	452	4926
HA|PP755589.1|A/cattle/Texas/24-008749-003/2024(H5N1)	453	4942
HA|PP755589.1|A/cattle/Texas/24-008749-003/2024(H5N1)	454	4773
HA|PP755589.1|A/cattle/Texas/24-008749-003/2024(H5N1)	455	4703
HA|PP755589.1|A/cattle/Texas/24-008749-003/2024(H5N1)	456	4879
HA|PP755589.1|A/cattle/Texas/24-008749-003/2024(H5N1)	457	4896
HA|PP755589.1|A/cattle/Texas/24-008749-003/2024(H5N1)	458	4890
HA|PP755589.1|A/cattle/Texas/24-008749-003/2024(H5N1)	459	4924
HA|PP755589.1|A/cattle/Texas/24-008749-003/2024(H5N1)	460	4893
HA|PP755589.1|A/cattle/Texas/24-008749-003/2024(H5N1)	461	4722
HA|PP755589.1|A/cattle/Texas/24-008749-003/2024(H5N1)	462	4723
HA|PP755589.1|A/cattle/Texas/24-008749-003/2024(H5N1)	463	4761
HA|PP755589.1|A/cattle/Texas/24-008749-003/2024(H5N1)	464	4760
HA|PP755589.1|A/cattle/Texas/24-008749-003/2024(H5N1)	465	4591
HA|PP755589.1|A/cattle/Texas/24-008749-003/2024(H5N1)	466	4411
HA|PP755589.1|A/cattle/Texas/24-008749-003/2024(H5N1)	467	4432
HA|PP755589.1|A/cattle/Texas/24-008749-003/2024(H5N1)	468	4416
HA|PP755589.1|A/cattle/Texas/24-008749-003/2024(H5N1)	469	4398
HA|PP755589.1|A/cattle/Texas/24-008749-003/2024(H5N1)	470	4332
HA|PP755589.1|A/cattle/Texas/24-008749-003/2024(H5N1)	471	4321
HA|PP755589.1|A/cattle/Texas/24-008749-003/2024(H5N1)	472	4319
HA|PP755589.1|A/cattle/Texas/24-008749-003/2024(H5N1)	473	4335
HA|PP755589.1|A/cattle/Texas/24-008749-003/2024(H5N1)	474	4334
HA|PP755589.1|A/cattle/Texas/24-008749-003/2024(H5N1)	475	4320
HA|PP755589.1|A/cattle/Texas/24-008749-003/2024(H5N1)	476	4335
HA|PP755589.1|A/cattle/Texas/24-008749-003/2024(H5N1)	477	4336
HA|PP755589.1|A/cattle/Texas/24-008749-003/2024(H5N1)	478	4347
HA|PP755589.1|A/cattle/Texas/24-008749-003/2024(H5N1)	479	4352
HA|PP755589.1|A/cattle/Texas/24-008749-003/2024(H5N1)	480	4269
HA|PP755589.1|A/cattle/Texas/24-008749-003/2024(H5N1)	481	4268
HA|PP755589.1|A/cattle/Texas/24-008749-003/2024(H5N1)	482	4265
HA|PP755589.1|A/cattle/Texas/24-008749-003/2024(H5N1)	483	4270
HA|PP755589.1|A/cattle/Texas/24-008749-003/2024(H5N1)	484	4298
HA|PP755589.1|A/cattle/Texas/24-008749-003/2024(H5N1)	485	4312
HA|PP755589.1|A/cattle/Texas/24-008749-003/2024(H5N1)	486	4315
HA|PP755589.1|A/cattle/Texas/24-008749-003/2024(H5N1)	487	4355
HA|PP755589.1|A/cattle/Texas/24-008749-003/2024(H5N1)	488	4361
HA|PP755589.1|A/cattle/Texas/24-008749-003/2024(H5N1)	489	4388
HA|PP755589.1|A/cattle/Texas/24-008749-003/2024(H5N1)	490	4397
HA|PP755589.1|A/cattle/Texas/24-008749-003/2024(H5N1)	491	4407
HA|PP755589.1|A/cattle/Texas/24-008749-003/2024(H5N1)	492	4386
HA|PP755589.1|A/cattle/Texas/24-008749-003/2024(H5N1)	493	4438
HA|PP755589.1|A/cattle/Texas/24-008749-003/2024(H5N1)	494	4436
HA|PP755589.1|A/cattle/Texas/24-008749-003/2024(H5N1)	495	4466
HA|PP755589.1|A/cattle/Texas/24-008749-003/2024(H5N1)	496	4402
HA|PP755589.1|A/cattle/Texas/24-008749-003/2024(H5N1)	497	4405
HA|PP755589.1|A/cattle/Texas/24-008749-003/2024(H5N1)	498	4374
HA|PP755589.1|A/cattle/Texas/24-008749-003/2024(H5N1)	499	4381
HA|PP755589.1|A/cattle/Texas/24-008749-003/2024(H5N1)	500	4349
HA|PP755589.1|A/cattle/Texas/24-008749-003/2024(H5N1)	501	4348
HA|PP755589.1|A/cattle/Texas/24-008749-003/2024(H5N1)	502	4352
HA|PP755589.1|A/cattle/Texas/24-008749-003/2024(H5N1)	503	4358
HA|PP755589.1|A/cattle/Texas/24-008749-003/2024(H5N1)	504	4358
HA|PP755589.1|A/cattle/Texas/24-008749-003/2024(H5N1)	505	4362
HA|PP755589.1|A/cattle/Texas/24-008749-003/2024(H5N1)	506	4341
HA|PP755589.1|A/cattle/Texas/24-008749-003/2024(H5N1)	507	4386
HA|PP755589.1|A/cattle/Texas/24-008749-003/2024(H5N1)	508	4348
HA|PP755589.1|A/cattle/Texas/24-008749-003/2024(H5N1)	509	4358
HA|PP755589.1|A/cattle/Texas/24-008749-003/2024(H5N1)	510	4319
HA|PP755589.1|A/cattle/Texas/24-008749-003/2024(H5N1)	511	4319
HA|PP755589.1|A/cattle/Texas/24-008749-003/2024(H5N1)	512	4518
HA|PP755589.1|A/cattle/Texas/24-008749-003/2024(H5N1)	513	4526
HA|PP755589.1|A/cattle/Texas/24-008749-003/2024(H5N1)	514	4503
HA|PP755589.1|A/cattle/Texas/24-008749-003/2024(H5N1)	515	4499
HA|PP755589.1|A/cattle/Texas/24-008749-003/2024(H5N1)	516	4525
HA|PP755589.1|A/cattle/Texas/24-008749-003/2024(H5N1)	517	4657
HA|PP755589.1|A/cattle/Texas/24-008749-003/2024(H5N1)	518	4662
HA|PP755589.1|A/cattle/Texas/24-008749-003/2024(H5N1)	519	4559
HA|PP755589.1|A/cattle/Texas/24-008749-003/2024(H5N1)	520	4527
HA|PP755589.1|A/cattle/Texas/24-008749-003/2024(H5N1)	521	4402
HA|PP755589.1|A/cattle/Texas/24-008749-003/2024(H5N1)	522	4455
HA|PP755589.1|A/cattle/Texas/24-008749-003/2024(H5N1)	523	4477
HA|PP755589.1|A/cattle/Texas/24-008749-003/2024(H5N1)	524	4643
HA|PP755589.1|A/cattle/Texas/24-008749-003/2024(H5N1)	525	4609
HA|PP755589.1|A/cattle/Texas/24-008749-003/2024(H5N1)	526	4629
HA|PP755589.1|A/cattle/Texas/24-008749-003/2024(H5N1)	527	4650
HA|PP755589.1|A/cattle/Texas/24-008749-003/2024(H5N1)	528	4615
HA|PP755589.1|A/cattle/Texas/24-008749-003/2024(H5N1)	529	4680
HA|PP755589.1|A/cattle/Texas/24-008749-003/2024(H5N1)	530	4693
HA|PP755589.1|A/cattle/Texas/24-008749-003/2024(H5N1)	531	4703
HA|PP755589.1|A/cattle/Texas/24-008749-003/2024(H5N1)	532	4687
HA|PP755589.1|A/cattle/Texas/24-008749-003/2024(H5N1)	533	4575
HA|PP755589.1|A/cattle/Texas/24-008749-003/2024(H5N1)	534	4587
HA|PP755589.1|A/cattle/Texas/24-008749-003/2024(H5N1)	535	4678
HA|PP755589.1|A/cattle/Texas/24-008749-003/2024(H5N1)	536	4729
HA|PP755589.1|A/cattle/Texas/24-008749-003/2024(H5N1)	537	4704
HA|PP755589.1|A/cattle/Texas/24-008749-003/2024(H5N1)	538	4714
HA|PP755589.1|A/cattle/Texas/24-008749-003/2024(H5N1)	539	4709
HA|PP755589.1|A/cattle/Texas/24-008749-003/2024(H5N1)	540	5079
HA|PP755589.1|A/cattle/Texas/24-008749-003/2024(H5N1)	541	5079
HA|PP755589.1|A/cattle/Texas/24-008749-003/2024(H5N1)	542	5084
HA|PP755589.1|A/cattle/Texas/24-008749-003/2024(H5N1)	543	5083
HA|PP755589.1|A/cattle/Texas/24-008749-003/2024(H5N1)	544	4949
HA|PP755589.1|A/cattle/Texas/24-008749-003/2024(H5N1)	545	4949
HA|PP755589.1|A/cattle/Texas/24-008749-003/2024(H5N1)	546	4953
HA|PP755589.1|A/cattle/Texas/24-008749-003/2024(H5N1)	547	4960
HA|PP755589.1|A/cattle/Texas/24-008749-003/2024(H5N1)	548	4921
HA|PP755589.1|A/cattle/Texas/24-008749-003/2024(H5N1)	549	4572
HA|PP755589.1|A/cattle/Texas/24-008749-003/2024(H5N1)	550	4562
HA|PP755589.1|A/cattle/Texas/24-008749-003/2024(H5N1)	551	4588
HA|PP755589.1|A/cattle/Texas/24-008749-003/2024(H5N1)	552	4589
HA|PP755589.1|A/cattle/Texas/24-008749-003/2024(H5N1)	553	4576
HA|PP755589.1|A/cattle/Texas/24-008749-003/2024(H5N1)	554	4586
HA|PP755589.1|A/cattle/Texas/24-008749-003/2024(H5N1)	555	4620
HA|PP755589.1|A/cattle/Texas/24-008749-003/2024(H5N1)	556	4623
HA|PP755589.1|A/cattle/Texas/24-008749-003/2024(H5N1)	557	4632
HA|PP755589.1|A/cattle/Texas/24-008749-003/2024(H5N1)	558	4620
HA|PP755589.1|A/cattle/Texas/24-008749-003/2024(H5N1)	559	4655
HA|PP755589.1|A/cattle/Texas/24-008749-003/2024(H5N1)	560	4680
HA|PP755589.1|A/cattle/Texas/24-008749-003/2024(H5N1)	561	4732
HA|PP755589.1|A/cattle/Texas/24-008749-003/2024(H5N1)	562	4773
HA|PP755589.1|A/cattle/Texas/24-008749-003/2024(H5N1)	563	4780
HA|PP755589.1|A/cattle/Texas/24-008749-003/2024(H5N1)	564	4816
HA|PP755589.1|A/cattle/Texas/24-008749-003/2024(H5N1)	565	4810
HA|PP755589.1|A/cattle/Texas/24-008749-003/2024(H5N1)	566	4823
HA|PP755589.1|A/cattle/Texas/24-008749-003/2024(H5N1)	567	4823
HA|PP755589.1|A/cattle/Texas/24-008749-003/2024(H5N1)	568	4838
HA|PP755589.1|A/cattle/Texas/24-008749-003/2024(H5N1)	569	4827
HA|PP755589.1|A/cattle/Texas/24-008749-003/2024(H5N1)	570	4820
HA|PP755589.1|A/cattle/Texas/24-008749-003/2024(H5N1)	571	4781
HA|PP755589.1|A/cattle/Texas/24-008749-003/2024(H5N1)	572	4890
HA|PP755589.1|A/cattle/Texas/24-008749-003/2024(H5N1)	573	4944
HA|PP755589.1|A/cattle/Texas/24-008749-003/2024(H5N1)	574	4952
HA|PP755589.1|A/cattle/Texas/24-008749-003/2024(H5N1)	575	4961
HA|PP755589.1|A/cattle/Texas/24-008749-003/2024(H5N1)	576	4956
HA|PP755589.1|A/cattle/Texas/24-008749-003/2024(H5N1)	577	4931
HA|PP755589.1|A/cattle/Texas/24-008749-003/2024(H5N1)	578	5062
HA|PP755589.1|A/cattle/Texas/24-008749-003/2024(H5N1)	579	4967
HA|PP755589.1|A/cattle/Texas/24-008749-003/2024(H5N1)	580	5032
HA|PP755589.1|A/cattle/Texas/24-008749-003/2024(H5N1)	581	5014
HA|PP755589.1|A/cattle/Texas/24-008749-003/2024(H5N1)	582	4772
HA|PP755589.1|A/cattle/Texas/24-008749-003/2024(H5N1)	583	4750
HA|PP755589.1|A/cattle/Texas/24-008749-003/2024(H5N1)	584	4745
HA|PP755589.1|A/cattle/Texas/24-008749-003/2024(H5N1)	585	4882
HA|PP755589.1|A/cattle/Texas/24-008749-003/2024(H5N1)	586	4856
HA|PP755589.1|A/cattle/Texas/24-008749-003/2024(H5N1)	587	4763
HA|PP755589.1|A/cattle/Texas/24-008749-003/2024(H5N1)	588	4796
HA|PP755589.1|A/cattle/Texas/24-008749-003/2024(H5N1)	589	4734
HA|PP755589.1|A/cattle/Texas/24-008749-003/2024(H5N1)	590	4907
HA|PP755589.1|A/cattle/Texas/24-008749-003/2024(H5N1)	591	4916
HA|PP755589.1|A/cattle/Texas/24-008749-003/2024(H5N1)	592	4900
HA|PP755589.1|A/cattle/Texas/24-008749-003/2024(H5N1)	593	4895
HA|PP755589.1|A/cattle/Texas/24-008749-003/2024(H5N1)	594	4929
HA|PP755589.1|A/cattle/Texas/24-008749-003/2024(H5N1)	595	4896
HA|PP755589.1|A/cattle/Texas/24-008749-003/2024(H5N1)	596	5065
HA|PP755589.1|A/cattle/Texas/24-008749-003/2024(H5N1)	597	4954
HA|PP755589.1|A/cattle/Texas/24-008749-003/2024(H5N1)	598	4987
HA|PP755589.1|A/cattle/Texas/24-008749-003/2024(H5N1)	599	4993
HA|PP755589.1|A/cattle/Texas/24-008749-003/2024(H5N1)	600	4948
HA|PP755589.1|A/cattle/Texas/24-008749-003/2024(H5N1)	601	4970
HA|PP755589.1|A/cattle/Texas/24-008749-003/2024(H5N1)	602	5003
HA|PP755589.1|A/cattle/Texas/24-008749-003/2024(H5N1)	603	4833
HA|PP755589.1|A/cattle/Texas/24-008749-003/2024(H5N1)	604	4893
HA|PP755589.1|A/cattle/Texas/24-008749-003/2024(H5N1)	605	4752
HA|PP755589.1|A/cattle/Texas/24-008749-003/2024(H5N1)	606	4766
HA|PP755589.1|A/cattle/Texas/24-008749-003/2024(H5N1)	607	4596
HA|PP755589.1|A/cattle/Texas/24-008749-003/2024(H5N1)	608	4603
HA|PP755589.1|A/cattle/Texas/24-008749-003/2024(H5N1)	609	4662
HA|PP755589.1|A/cattle/Texas/24-008749-003/2024(H5N1)	610	4672
HA|PP755589.1|A/cattle/Texas/24-008749-003/2024(H5N1)	611	4729
HA|PP755589.1|A/cattle/Texas/24-008749-003/2024(H5N1)	612	4736
HA|PP755589.1|A/cattle/Texas/24-008749-003/2024(H5N1)	613	4694
HA|PP755589.1|A/cattle/Texas/24-008749-003/2024(H5N1)	614	4691
HA|PP755589.1|A/cattle/Texas/24-008749-003/2024(H5N1)	615	4697
HA|PP755589.1|A/cattle/Texas/24-008749-003/2024(H5N1)	616	4793
HA|PP755589.1|A/cattle/Texas/24-008749-003/2024(H5N1)	617	4753
HA|PP755589.1|A/cattle/Texas/24-008749-003/2024(H5N1)	618	4760
HA|PP755589.1|A/cattle/Texas/24-008749-003/2024(H5N1)	619	4751
HA|PP755589.1|A/cattle/Texas/24-008749-003/2024(H5N1)	620	4791
HA|PP755589.1|A/cattle/Texas/24-008749-003/2024(H5N1)	621	4785
HA|PP755589.1|A/cattle/Texas/24-008749-003/2024(H5N1)	622	4793
HA|PP755589.1|A/cattle/Texas/24-008749-003/2024(H5N1)	623	4793
HA|PP755589.1|A/cattle/Texas/24-008749-003/2024(H5N1)	624	4834
HA|PP755589.1|A/cattle/Texas/24-008749-003/2024(H5N1)	625	4830
HA|PP755589.1|A/cattle/Texas/24-008749-003/2024(H5N1)	626	4853
HA|PP755589.1|A/cattle/Texas/24-008749-003/2024(H5N1)	627	4848
HA|PP755589.1|A/cattle/Texas/24-008749-003/2024(H5N1)	628	4845
HA|PP755589.1|A/cattle/Texas/24-008749-003/2024(H5N1)	629	4825
HA|PP755589.1|A/cattle/Texas/24-008749-003/2024(H5N1)	630	4821
HA|PP755589.1|A/cattle/Texas/24-008749-003/2024(H5N1)	631	4854
HA|PP755589.1|A/cattle/Texas/24-008749-003/2024(H5N1)	632	4887
HA|PP755589.1|A/cattle/Texas/24-008749-003/2024(H5N1)	633	4914
HA|PP755589.1|A/cattle/Texas/24-008749-003/2024(H5N1)	634	4944
HA|PP755589.1|A/cattle/Texas/24-008749-003/2024(H5N1)	635	4975
HA|PP755589.1|A/cattle/Texas/24-008749-003/2024(H5N1)	636	4954
HA|PP755589.1|A/cattle/Texas/24-008749-003/2024(H5N1)	637	4953
HA|PP755589.1|A/cattle/Texas/24-008749-003/2024(H5N1)	638	4997
HA|PP755589.1|A/cattle/Texas/24-008749-003/2024(H5N1)	639	4989
HA|PP755589.1|A/cattle/Texas/24-008749-003/2024(H5N1)	640	4968
HA|PP755589.1|A/cattle/Texas/24-008749-003/2024(H5N1)	641	4971
HA|PP755589.1|A/cattle/Texas/24-008749-003/2024(H5N1)	642	4934
HA|PP755589.1|A/cattle/Texas/24-008749-003/2024(H5N1)	643	4911
HA|PP755589.1|A/cattle/Texas/24-008749-003/2024(H5N1)	644	4848
HA|PP755589.1|A/cattle/Texas/24-008749-003/2024(H5N1)	645	4823
HA|PP755589.1|A/cattle/Texas/24-008749-003/2024(H5N1)	646	4832
HA|PP755589.1|A/cattle/Texas/24-008749-003/2024(H5N1)	647	4814
HA|PP755589.1|A/cattle/Texas/24-008749-003/2024(H5N1)	648	4789
HA|PP755589.1|A/cattle/Texas/24-008749-003/2024(H5N1)	649	4785
HA|PP755589.1|A/cattle/Texas/24-008749-003/2024(H5N1)	650	4781
HA|PP755589.1|A/cattle/Texas/24-008749-003/2024(H5N1)	651	4966
HA|PP755589.1|A/cattle/Texas/24-008749-003/2024(H5N1)	652	4998
HA|PP755589.1|A/cattle/Texas/24-008749-003/2024(H5N1)	653	5030
HA|PP755589.1|A/cattle/Texas/24-008749-003/2024(H5N1)	654	5052
HA|PP755589.1|A/cattle/Texas/24-008749-003/2024(H5N1)	655	5049
HA|PP755589.1|A/cattle/Texas/24-008749-003/2024(H5N1)	656	5068
HA|PP755589.1|A/cattle/Texas/24-008749-003/2024(H5N1)	657	5137
HA|PP755589.1|A/cattle/Texas/24-008749-003/2024(H5N1)	658	5183
HA|PP755589.1|A/cattle/Texas/24-008749-003/2024(H5N1)	659	5333
HA|PP755589.1|A/cattle/Texas/24-008749-003/2024(H5N1)	660	5295
HA|PP755589.1|A/cattle/Texas/24-008749-003/2024(H5N1)	661	5307
HA|PP755589.1|A/cattle/Texas/24-008749-003/2024(H5N1)	662	5283
HA|PP755589.1|A/cattle/Texas/24-008749-003/2024(H5N1)	663	5130
HA|PP755589.1|A/cattle/Texas/24-008749-003/2024(H5N1)	664	5185
HA|PP755589.1|A/cattle/Texas/24-008749-003/2024(H5N1)	665	5222
HA|PP755589.1|A/cattle/Texas/24-008749-003/2024(H5N1)	666	5245
HA|PP755589.1|A/cattle/Texas/24-008749-003/2024(H5N1)	667	5190
HA|PP755589.1|A/cattle/Texas/24-008749-003/2024(H5N1)	668	5040
HA|PP755589.1|A/cattle/Texas/24-008749-003/2024(H5N1)	669	5053
HA|PP755589.1|A/cattle/Texas/24-008749-003/2024(H5N1)	670	5042
HA|PP755589.1|A/cattle/Texas/24-008749-003/2024(H5N1)	671	5125
HA|PP755589.1|A/cattle/Texas/24-008749-003/2024(H5N1)	672	5119
HA|PP755589.1|A/cattle/Texas/24-008749-003/2024(H5N1)	673	5029
HA|PP755589.1|A/cattle/Texas/24-008749-003/2024(H5N1)	674	5001
HA|PP755589.1|A/cattle/Texas/24-008749-003/2024(H5N1)	675	4849
HA|PP755589.1|A/cattle/Texas/24-008749-003/2024(H5N1)	676	4881
HA|PP755589.1|A/cattle/Texas/24-008749-003/2024(H5N1)	677	4879
HA|PP755589.1|A/cattle/Texas/24-008749-003/2024(H5N1)	678	4877
HA|PP755589.1|A/cattle/Texas/24-008749-003/2024(H5N1)	679	4895
HA|PP755589.1|A/cattle/Texas/24-008749-003/2024(H5N1)	680	4798
HA|PP755589.1|A/cattle/Texas/24-008749-003/2024(H5N1)	681	4839
HA|PP755589.1|A/cattle/Texas/24-008749-003/2024(H5N1)	682	4837
HA|PP755589.1|A/cattle/Texas/24-008749-003/2024(H5N1)	683	4841
HA|PP755589.1|A/cattle/Texas/24-008749-003/2024(H5N1)	684	4844
HA|PP755589.1|A/cattle/Texas/24-008749-003/2024(H5N1)	685	4824
HA|PP755589.1|A/cattle/Texas/24-008749-003/2024(H5N1)	686	4810
HA|PP755589.1|A/cattle/Texas/24-008749-003/2024(H5N1)	687	4758
HA|PP755589.1|A/cattle/Texas/24-008749-003/2024(H5N1)	688	4755
HA|PP755589.1|A/cattle/Texas/24-008749-003/2024(H5N1)	689	4463
HA|PP755589.1|A/cattle/Texas/24-008749-003/2024(H5N1)	690	4462
HA|PP755589.1|A/cattle/Texas/24-008749-003/2024(H5N1)	691	4612
HA|PP755589.1|A/cattle/Texas/24-008749-003/2024(H5N1)	692	4601
HA|PP755589.1|A/cattle/Texas/24-008749-003/2024(H5N1)	693	4604
HA|PP755589.1|A/cattle/Texas/24-008749-003/2024(H5N1)	694	4603
HA|PP755589.1|A/cattle/Texas/24-008749-003/2024(H5N1)	695	4611
HA|PP755589.1|A/cattle/Texas/24-008749-003/2024(H5N1)	696	4666
HA|PP755589.1|A/cattle/Texas/24-008749-003/2024(H5N1)	697	4644
HA|PP755589.1|A/cattle/Texas/24-008749-003/2024(H5N1)	698	4647
HA|PP755589.1|A/cattle/Texas/24-008749-003/2024(H5N1)	699	4647
HA|PP755589.1|A/cattle/Texas/24-008749-003/2024(H5N1)	700	4589
HA|PP755589.1|A/cattle/Texas/24-008749-003/2024(H5N1)	701	4611
HA|PP755589.1|A/cattle/Texas/24-008749-003/2024(H5N1)	702	4590
HA|PP755589.1|A/cattle/Texas/24-008749-003/2024(H5N1)	703	4636
HA|PP755589.1|A/cattle/Texas/24-008749-003/2024(H5N1)	704	4644
HA|PP755589.1|A/cattle/Texas/24-008749-003/2024(H5N1)	705	4586
HA|PP755589.1|A/cattle/Texas/24-008749-003/2024(H5N1)	706	4624
HA|PP755589.1|A/cattle/Texas/24-008749-003/2024(H5N1)	707	4612
HA|PP755589.1|A/cattle/Texas/24-008749-003/2024(H5N1)	708	4639
HA|PP755589.1|A/cattle/Texas/24-008749-003/2024(H5N1)	709	4625
HA|PP755589.1|A/cattle/Texas/24-008749-003/2024(H5N1)	710	4631
HA|PP755589.1|A/cattle/Texas/24-008749-003/2024(H5N1)	711	4627
HA|PP755589.1|A/cattle/Texas/24-008749-003/2024(H5N1)	712	4601
HA|PP755589.1|A/cattle/Texas/24-008749-003/2024(H5N1)	713	4626
HA|PP755589.1|A/cattle/Texas/24-008749-003/2024(H5N1)	714	4950
HA|PP755589.1|A/cattle/Texas/24-008749-003/2024(H5N1)	715	5007
HA|PP755589.1|A/cattle/Texas/24-008749-003/2024(H5N1)	716	5047
HA|PP755589.1|A/cattle/Texas/24-008749-003/2024(H5N1)	717	5040
HA|PP755589.1|A/cattle/Texas/24-008749-003/2024(H5N1)	718	5030
HA|PP755589.1|A/cattle/Texas/24-008749-003/2024(H5N1)	719	5040
HA|PP755589.1|A/cattle/Texas/24-008749-003/2024(H5N1)	720	5084
HA|PP755589.1|A/cattle/Texas/24-008749-003/2024(H5N1)	721	5055
HA|PP755589.1|A/cattle/Texas/24-008749-003/2024(H5N1)	722	5091
HA|PP755589.1|A/cattle/Texas/24-008749-003/2024(H5N1)	723	4939
HA|PP755589.1|A/cattle/Texas/24-008749-003/2024(H5N1)	724	4889
HA|PP755589.1|A/cattle/Texas/24-008749-003/2024(H5N1)	725	5028
HA|PP755589.1|A/cattle/Texas/24-008749-003/2024(H5N1)	726	5020
HA|PP755589.1|A/cattle/Texas/24-008749-003/2024(H5N1)	727	5151
HA|PP755589.1|A/cattle/Texas/24-008749-003/2024(H5N1)	728	5114
HA|PP755589.1|A/cattle/Texas/24-008749-003/2024(H5N1)	729	5008
HA|PP755589.1|A/cattle/Texas/24-008749-003/2024(H5N1)	730	4971
HA|PP755589.1|A/cattle/Texas/24-008749-003/2024(H5N1)	731	4975
HA|PP755589.1|A/cattle/Texas/24-008749-003/2024(H5N1)	732	5121
HA|PP755589.1|A/cattle/Texas/24-008749-003/2024(H5N1)	733	5129
HA|PP755589.1|A/cattle/Texas/24-008749-003/2024(H5N1)	734	5129
HA|PP755589.1|A/cattle/Texas/24-008749-003/2024(H5N1)	735	5062
HA|PP755589.1|A/cattle/Texas/24-008749-003/2024(H5N1)	736	4967
HA|PP755589.1|A/cattle/Texas/24-008749-003/2024(H5N1)	737	4980
HA|PP755589.1|A/cattle/Texas/24-008749-003/2024(H5N1)	738	4985
HA|PP755589.1|A/cattle/Texas/24-008749-003/2024(H5N1)	739	5010
HA|PP755589.1|A/cattle/Texas/24-008749-003/2024(H5N1)	740	5016
HA|PP755589.1|A/cattle/Texas/24-008749-003/2024(H5N1)	741	4817
HA|PP755589.1|A/cattle/Texas/24-008749-003/2024(H5N1)	742	4839
HA|PP755589.1|A/cattle/Texas/24-008749-003/2024(H5N1)	743	4875
HA|PP755589.1|A/cattle/Texas/24-008749-003/2024(H5N1)	744	4897
HA|PP755589.1|A/cattle/Texas/24-008749-003/2024(H5N1)	745	4947
HA|PP755589.1|A/cattle/Texas/24-008749-003/2024(H5N1)	746	4964
HA|PP755589.1|A/cattle/Texas/24-008749-003/2024(H5N1)	747	4822
HA|PP755589.1|A/cattle/Texas/24-008749-003/2024(H5N1)	748	4881
HA|PP755589.1|A/cattle/Texas/24-008749-003/2024(H5N1)	749	4868
HA|PP755589.1|A/cattle/Texas/24-008749-003/2024(H5N1)	750	4859
HA|PP755589.1|A/cattle/Texas/24-008749-003/2024(H5N1)	751	4846
HA|PP755589.1|A/cattle/Texas/24-008749-003/2024(H5N1)	752	4802
HA|PP755589.1|A/cattle/Texas/24-008749-003/2024(H5N1)	753	4825
HA|PP755589.1|A/cattle/Texas/24-008749-003/2024(H5N1)	754	4838
HA|PP755589.1|A/cattle/Texas/24-008749-003/2024(H5N1)	755	4794
HA|PP755589.1|A/cattle/Texas/24-008749-003/2024(H5N1)	756	4799
HA|PP755589.1|A/cattle/Texas/24-008749-003/2024(H5N1)	757	4791
HA|PP755589.1|A/cattle/Texas/24-008749-003/2024(H5N1)	758	4900
HA|PP755589.1|A/cattle/Texas/24-008749-003/2024(H5N1)	759	4877
HA|PP755589.1|A/cattle/Texas/24-008749-003/2024(H5N1)	760	4823
HA|PP755589.1|A/cattle/Texas/24-008749-003/2024(H5N1)	761	4834
HA|PP755589.1|A/cattle/Texas/24-008749-003/2024(H5N1)	762	4773
HA|PP755589.1|A/cattle/Texas/24-008749-003/2024(H5N1)	763	4775
HA|PP755589.1|A/cattle/Texas/24-008749-003/2024(H5N1)	764	4771
HA|PP755589.1|A/cattle/Texas/24-008749-003/2024(H5N1)	765	4775
HA|PP755589.1|A/cattle/Texas/24-008749-003/2024(H5N1)	766	4824
HA|PP755589.1|A/cattle/Texas/24-008749-003/2024(H5N1)	767	4705
HA|PP755589.1|A/cattle/Texas/24-008749-003/2024(H5N1)	768	4726
HA|PP755589.1|A/cattle/Texas/24-008749-003/2024(H5N1)	769	4714
HA|PP755589.1|A/cattle/Texas/24-008749-003/2024(H5N1)	770	4714
HA|PP755589.1|A/cattle/Texas/24-008749-003/2024(H5N1)	771	4690
HA|PP755589.1|A/cattle/Texas/24-008749-003/2024(H5N1)	772	4690
HA|PP755589.1|A/cattle/Texas/24-008749-003/2024(H5N1)	773	4676
HA|PP755589.1|A/cattle/Texas/24-008749-003/2024(H5N1)	774	4702
HA|PP755589.1|A/cattle/Texas/24-008749-003/2024(H5N1)	775	4670
HA|PP755589.1|A/cattle/Texas/24-008749-003/2024(H5N1)	776	4693
HA|PP755589.1|A/cattle/Texas/24-008749-003/2024(H5N1)	777	4703
HA|PP755589.1|A/cattle/Texas/24-008749-003/2024(H5N1)	778	4684
HA|PP755589.1|A/cattle/Texas/24-008749-003/2024(H5N1)	779	4746
HA|PP755589.1|A/cattle/Texas/24-008749-003/2024(H5N1)	780	4744
HA|PP755589.1|A/cattle/Texas/24-008749-003/2024(H5N1)	781	4762
HA|PP755589.1|A/cattle/Texas/24-008749-003/2024(H5N1)	782	4745
HA|PP755589.1|A/cattle/Texas/24-008749-003/2024(H5N1)	783	4720
HA|PP755589.1|A/cattle/Texas/24-008749-003/2024(H5N1)	784	5009
HA|PP755589.1|A/cattle/Texas/24-008749-003/2024(H5N1)	785	5020
HA|PP755589.1|A/cattle/Texas/24-008749-003/2024(H5N1)	786	4972
HA|PP755589.1|A/cattle/Texas/24-008749-003/2024(H5N1)	787	4983
HA|PP755589.1|A/cattle/Texas/24-008749-003/2024(H5N1)	788	4979
HA|PP755589.1|A/cattle/Texas/24-008749-003/2024(H5N1)	789	4934
HA|PP755589.1|A/cattle/Texas/24-008749-003/2024(H5N1)	790	4923
HA|PP755589.1|A/cattle/Texas/24-008749-003/2024(H5N1)	791	4934
HA|PP755589.1|A/cattle/Texas/24-008749-003/2024(H5N1)	792	4995
HA|PP755589.1|A/cattle/Texas/24-008749-003/2024(H5N1)	793	5333
HA|PP755589.1|A/cattle/Texas/24-008749-003/2024(H5N1)	794	5376
HA|PP755589.1|A/cattle/Texas/24-008749-003/2024(H5N1)	795	5361
HA|PP755589.1|A/cattle/Texas/24-008749-003/2024(H5N1)	796	5370
HA|PP755589.1|A/cattle/Texas/24-008749-003/2024(H5N1)	797	5369
HA|PP755589.1|A/cattle/Texas/24-008749-003/2024(H5N1)	798	5385
HA|PP755589.1|A/cattle/Texas/24-008749-003/2024(H5N1)	799	5455
HA|PP755589.1|A/cattle/Texas/24-008749-003/2024(H5N1)	800	5763
HA|PP755589.1|A/cattle/Texas/24-008749-003/2024(H5N1)	801	5795
HA|PP755589.1|A/cattle/Texas/24-008749-003/2024(H5N1)	802	5599
HA|PP755589.1|A/cattle/Texas/24-008749-003/2024(H5N1)	803	5553
HA|PP755589.1|A/cattle/Texas/24-008749-003/2024(H5N1)	804	5538
HA|PP755589.1|A/cattle/Texas/24-008749-003/2024(H5N1)	805	5498
HA|PP755589.1|A/cattle/Texas/24-008749-003/2024(H5N1)	806	5529
HA|PP755589.1|A/cattle/Texas/24-008749-003/2024(H5N1)	807	5525
HA|PP755589.1|A/cattle/Texas/24-008749-003/2024(H5N1)	808	5456
HA|PP755589.1|A/cattle/Texas/24-008749-003/2024(H5N1)	809	5389
HA|PP755589.1|A/cattle/Texas/24-008749-003/2024(H5N1)	810	5260
HA|PP755589.1|A/cattle/Texas/24-008749-003/2024(H5N1)	811	5281
HA|PP755589.1|A/cattle/Texas/24-008749-003/2024(H5N1)	812	5317
HA|PP755589.1|A/cattle/Texas/24-008749-003/2024(H5N1)	813	5319
HA|PP755589.1|A/cattle/Texas/24-008749-003/2024(H5N1)	814	5328
HA|PP755589.1|A/cattle/Texas/24-008749-003/2024(H5N1)	815	5266
HA|PP755589.1|A/cattle/Texas/24-008749-003/2024(H5N1)	816	5239
HA|PP755589.1|A/cattle/Texas/24-008749-003/2024(H5N1)	817	5198
HA|PP755589.1|A/cattle/Texas/24-008749-003/2024(H5N1)	818	5192
HA|PP755589.1|A/cattle/Texas/24-008749-003/2024(H5N1)	819	5178
HA|PP755589.1|A/cattle/Texas/24-008749-003/2024(H5N1)	820	5176
HA|PP755589.1|A/cattle/Texas/24-008749-003/2024(H5N1)	821	5162
HA|PP755589.1|A/cattle/Texas/24-008749-003/2024(H5N1)	822	5126
HA|PP755589.1|A/cattle/Texas/24-008749-003/2024(H5N1)	823	5137
HA|PP755589.1|A/cattle/Texas/24-008749-003/2024(H5N1)	824	5136
HA|PP755589.1|A/cattle/Texas/24-008749-003/2024(H5N1)	825	5138
HA|PP755589.1|A/cattle/Texas/24-008749-003/2024(H5N1)	826	5116
HA|PP755589.1|A/cattle/Texas/24-008749-003/2024(H5N1)	827	5110
HA|PP755589.1|A/cattle/Texas/24-008749-003/2024(H5N1)	828	5148
HA|PP755589.1|A/cattle/Texas/24-008749-003/2024(H5N1)	829	5131
HA|PP755589.1|A/cattle/Texas/24-008749-003/2024(H5N1)	830	5117
HA|PP755589.1|A/cattle/Texas/24-008749-003/2024(H5N1)	831	5156
HA|PP755589.1|A/cattle/Texas/24-008749-003/2024(H5N1)	832	5103
HA|PP755589.1|A/cattle/Texas/24-008749-003/2024(H5N1)	833	5153
HA|PP755589.1|A/cattle/Texas/24-008749-003/2024(H5N1)	834	5156
HA|PP755589.1|A/cattle/Texas/24-008749-003/2024(H5N1)	835	5200
HA|PP755589.1|A/cattle/Texas/24-008749-003/2024(H5N1)	836	5200
HA|PP755589.1|A/cattle/Texas/24-008749-003/2024(H5N1)	837	5129
HA|PP755589.1|A/cattle/Texas/24-008749-003/2024(H5N1)	838	5166
HA|PP755589.1|A/cattle/Texas/24-008749-003/2024(H5N1)	839	5155
HA|PP755589.1|A/cattle/Texas/24-008749-003/2024(H5N1)	840	5142
HA|PP755589.1|A/cattle/Texas/24-008749-003/2024(H5N1)	841	5144
HA|PP755589.1|A/cattle/Texas/24-008749-003/2024(H5N1)	842	5048
HA|PP755589.1|A/cattle/Texas/24-008749-003/2024(H5N1)	843	5065
HA|PP755589.1|A/cattle/Texas/24-008749-003/2024(H5N1)	844	5077
HA|PP755589.1|A/cattle/Texas/24-008749-003/2024(H5N1)	845	5078
HA|PP755589.1|A/cattle/Texas/24-008749-003/2024(H5N1)	846	5065
HA|PP755589.1|A/cattle/Texas/24-008749-003/2024(H5N1)	847	4981
HA|PP755589.1|A/cattle/Texas/24-008749-003/2024(H5N1)	848	5015
HA|PP755589.1|A/cattle/Texas/24-008749-003/2024(H5N1)	849	5015
HA|PP755589.1|A/cattle/Texas/24-008749-003/2024(H5N1)	850	5031
HA|PP755589.1|A/cattle/Texas/24-008749-003/2024(H5N1)	851	5071
HA|PP755589.1|A/cattle/Texas/24-008749-003/2024(H5N1)	852	5049
HA|PP755589.1|A/cattle/Texas/24-008749-003/2024(H5N1)	853	5099
HA|PP755589.1|A/cattle/Texas/24-008749-003/2024(H5N1)	854	5115
HA|PP755589.1|A/cattle/Texas/24-008749-003/2024(H5N1)	855	5183
HA|PP755589.1|A/cattle/Texas/24-008749-003/2024(H5N1)	856	5468
HA|PP755589.1|A/cattle/Texas/24-008749-003/2024(H5N1)	857	5538
HA|PP755589.1|A/cattle/Texas/24-008749-003/2024(H5N1)	858	5543
HA|PP755589.1|A/cattle/Texas/24-008749-003/2024(H5N1)	859	5577
HA|PP755589.1|A/cattle/Texas/24-008749-003/2024(H5N1)	860	5537
HA|PP755589.1|A/cattle/Texas/24-008749-003/2024(H5N1)	861	5522
HA|PP755589.1|A/cattle/Texas/24-008749-003/2024(H5N1)	862	5500
HA|PP755589.1|A/cattle/Texas/24-008749-003/2024(H5N1)	863	5501
HA|PP755589.1|A/cattle/Texas/24-008749-003/2024(H5N1)	864	5305
HA|PP755589.1|A/cattle/Texas/24-008749-003/2024(H5N1)	865	5073
HA|PP755589.1|A/cattle/Texas/24-008749-003/2024(H5N1)	866	4985
HA|PP755589.1|A/cattle/Texas/24-008749-003/2024(H5N1)	867	5098
HA|PP755589.1|A/cattle/Texas/24-008749-003/2024(H5N1)	868	5149
HA|PP755589.1|A/cattle/Texas/24-008749-003/2024(H5N1)	869	5172
HA|PP755589.1|A/cattle/Texas/24-008749-003/2024(H5N1)	870	5183
HA|PP755589.1|A/cattle/Texas/24-008749-003/2024(H5N1)	871	5142
HA|PP755589.1|A/cattle/Texas/24-008749-003/2024(H5N1)	872	5118
HA|PP755589.1|A/cattle/Texas/24-008749-003/2024(H5N1)	873	5147
HA|PP755589.1|A/cattle/Texas/24-008749-003/2024(H5N1)	874	5163
HA|PP755589.1|A/cattle/Texas/24-008749-003/2024(H5N1)	875	5174
HA|PP755589.1|A/cattle/Texas/24-008749-003/2024(H5N1)	876	4982
HA|PP755589.1|A/cattle/Texas/24-008749-003/2024(H5N1)	877	4980
HA|PP755589.1|A/cattle/Texas/24-008749-003/2024(H5N1)	878	4871
HA|PP755589.1|A/cattle/Texas/24-008749-003/2024(H5N1)	879	4873
HA|PP755589.1|A/cattle/Texas/24-008749-003/2024(H5N1)	880	4938
HA|PP755589.1|A/cattle/Texas/24-008749-003/2024(H5N1)	881	4954
HA|PP755589.1|A/cattle/Texas/24-008749-003/2024(H5N1)	882	4929
HA|PP755589.1|A/cattle/Texas/24-008749-003/2024(H5N1)	883	4769
HA|PP755589.1|A/cattle/Texas/24-008749-003/2024(H5N1)	884	4797
HA|PP755589.1|A/cattle/Texas/24-008749-003/2024(H5N1)	885	4804
HA|PP755589.1|A/cattle/Texas/24-008749-003/2024(H5N1)	886	4814
HA|PP755589.1|A/cattle/Texas/24-008749-003/2024(H5N1)	887	4908
HA|PP755589.1|A/cattle/Texas/24-008749-003/2024(H5N1)	888	4907
HA|PP755589.1|A/cattle/Texas/24-008749-003/2024(H5N1)	889	4861
HA|PP755589.1|A/cattle/Texas/24-008749-003/2024(H5N1)	890	4897
HA|PP755589.1|A/cattle/Texas/24-008749-003/2024(H5N1)	891	4891
HA|PP755589.1|A/cattle/Texas/24-008749-003/2024(H5N1)	892	4891
HA|PP755589.1|A/cattle/Texas/24-008749-003/2024(H5N1)	893	4851
HA|PP755589.1|A/cattle/Texas/24-008749-003/2024(H5N1)	894	4822
HA|PP755589.1|A/cattle/Texas/24-008749-003/2024(H5N1)	895	4803
HA|PP755589.1|A/cattle/Texas/24-008749-003/2024(H5N1)	896	4759
HA|PP755589.1|A/cattle/Texas/24-008749-003/2024(H5N1)	897	4728
HA|PP755589.1|A/cattle/Texas/24-008749-003/2024(H5N1)	898	4732
HA|PP755589.1|A/cattle/Texas/24-008749-003/2024(H5N1)	899	4752
HA|PP755589.1|A/cattle/Texas/24-008749-003/2024(H5N1)	900	4760
HA|PP755589.1|A/cattle/Texas/24-008749-003/2024(H5N1)	901	4765
HA|PP755589.1|A/cattle/Texas/24-008749-003/2024(H5N1)	902	4756
HA|PP755589.1|A/cattle/Texas/24-008749-003/2024(H5N1)	903	4786
HA|PP755589.1|A/cattle/Texas/24-008749-003/2024(H5N1)	904	4755
HA|PP755589.1|A/cattle/Texas/24-008749-003/2024(H5N1)	905	4763
HA|PP755589.1|A/cattle/Texas/24-008749-003/2024(H5N1)	906	4766
HA|PP755589.1|A/cattle/Texas/24-008749-003/2024(H5N1)	907	4758
HA|PP755589.1|A/cattle/Texas/24-008749-003/2024(H5N1)	908	4681
HA|PP755589.1|A/cattle/Texas/24-008749-003/2024(H5N1)	909	4724
HA|PP755589.1|A/cattle/Texas/24-008749-003/2024(H5N1)	910	4722
HA|PP755589.1|A/cattle/Texas/24-008749-003/2024(H5N1)	911	4716
HA|PP755589.1|A/cattle/Texas/24-008749-003/2024(H5N1)	912	4696
HA|PP755589.1|A/cattle/Texas/24-008749-003/2024(H5N1)	913	4696
HA|PP755589.1|A/cattle/Texas/24-008749-003/2024(H5N1)	914	4665
HA|PP755589.1|A/cattle/Texas/24-008749-003/2024(H5N1)	915	4663
HA|PP755589.1|A/cattle/Texas/24-008749-003/2024(H5N1)	916	5070
HA|PP755589.1|A/cattle/Texas/24-008749-003/2024(H5N1)	917	5026
HA|PP755589.1|A/cattle/Texas/24-008749-003/2024(H5N1)	918	5021
HA|PP755589.1|A/cattle/Texas/24-008749-003/2024(H5N1)	919	5018
HA|PP755589.1|A/cattle/Texas/24-008749-003/2024(H5N1)	920	5026
HA|PP755589.1|A/cattle/Texas/24-008749-003/2024(H5N1)	921	5113
HA|PP755589.1|A/cattle/Texas/24-008749-003/2024(H5N1)	922	5097
HA|PP755589.1|A/cattle/Texas/24-008749-003/2024(H5N1)	923	5107
HA|PP755589.1|A/cattle/Texas/24-008749-003/2024(H5N1)	924	5124
HA|PP755589.1|A/cattle/Texas/24-008749-003/2024(H5N1)	925	5100
HA|PP755589.1|A/cattle/Texas/24-008749-003/2024(H5N1)	926	5421
HA|PP755589.1|A/cattle/Texas/24-008749-003/2024(H5N1)	927	5426
HA|PP755589.1|A/cattle/Texas/24-008749-003/2024(H5N1)	928	5438
HA|PP755589.1|A/cattle/Texas/24-008749-003/2024(H5N1)	929	5477
HA|PP755589.1|A/cattle/Texas/24-008749-003/2024(H5N1)	930	5440
HA|PP755589.1|A/cattle/Texas/24-008749-003/2024(H5N1)	931	5431
HA|PP755589.1|A/cattle/Texas/24-008749-003/2024(H5N1)	932	5426
HA|PP755589.1|A/cattle/Texas/24-008749-003/2024(H5N1)	933	5431
HA|PP755589.1|A/cattle/Texas/24-008749-003/2024(H5N1)	934	5492
HA|PP755589.1|A/cattle/Texas/24-008749-003/2024(H5N1)	935	5166
HA|PP755589.1|A/cattle/Texas/24-008749-003/2024(H5N1)	936	5133
HA|PP755589.1|A/cattle/Texas/24-008749-003/2024(H5N1)	937	5139
HA|PP755589.1|A/cattle/Texas/24-008749-003/2024(H5N1)	938	5125
HA|PP755589.1|A/cattle/Texas/24-008749-003/2024(H5N1)	939	5144
HA|PP755589.1|A/cattle/Texas/24-008749-003/2024(H5N1)	940	5168
HA|PP755589.1|A/cattle/Texas/24-008749-003/2024(H5N1)	941	5442
HA|PP755589.1|A/cattle/Texas/24-008749-003/2024(H5N1)	942	5427
HA|PP755589.1|A/cattle/Texas/24-008749-003/2024(H5N1)	943	5395
HA|PP755589.1|A/cattle/Texas/24-008749-003/2024(H5N1)	944	5150
HA|PP755589.1|A/cattle/Texas/24-008749-003/2024(H5N1)	945	5138
HA|PP755589.1|A/cattle/Texas/24-008749-003/2024(H5N1)	946	5149
HA|PP755589.1|A/cattle/Texas/24-008749-003/2024(H5N1)	947	5136
HA|PP755589.1|A/cattle/Texas/24-008749-003/2024(H5N1)	948	5143
HA|PP755589.1|A/cattle/Texas/24-008749-003/2024(H5N1)	949	5127
HA|PP755589.1|A/cattle/Texas/24-008749-003/2024(H5N1)	950	4773
HA|PP755589.1|A/cattle/Texas/24-008749-003/2024(H5N1)	951	4795
HA|PP755589.1|A/cattle/Texas/24-008749-003/2024(H5N1)	952	4763
HA|PP755589.1|A/cattle/Texas/24-008749-003/2024(H5N1)	953	4789
HA|PP755589.1|A/cattle/Texas/24-008749-003/2024(H5N1)	954	4857
HA|PP755589.1|A/cattle/Texas/24-008749-003/2024(H5N1)	955	4881
HA|PP755589.1|A/cattle/Texas/24-008749-003/2024(H5N1)	956	4902
HA|PP755589.1|A/cattle/Texas/24-008749-003/2024(H5N1)	957	4890
HA|PP755589.1|A/cattle/Texas/24-008749-003/2024(H5N1)	958	4918
HA|PP755589.1|A/cattle/Texas/24-008749-003/2024(H5N1)	959	4922
HA|PP755589.1|A/cattle/Texas/24-008749-003/2024(H5N1)	960	4998
HA|PP755589.1|A/cattle/Texas/24-008749-003/2024(H5N1)	961	5026
HA|PP755589.1|A/cattle/Texas/24-008749-003/2024(H5N1)	962	4996
HA|PP755589.1|A/cattle/Texas/24-008749-003/2024(H5N1)	963	4961
HA|PP755589.1|A/cattle/Texas/24-008749-003/2024(H5N1)	964	4957
HA|PP755589.1|A/cattle/Texas/24-008749-003/2024(H5N1)	965	4976
HA|PP755589.1|A/cattle/Texas/24-008749-003/2024(H5N1)	966	4977
HA|PP755589.1|A/cattle/Texas/24-008749-003/2024(H5N1)	967	5020
HA|PP755589.1|A/cattle/Texas/24-008749-003/2024(H5N1)	968	5087
HA|PP755589.1|A/cattle/Texas/24-008749-003/2024(H5N1)	969	5088
HA|PP755589.1|A/cattle/Texas/24-008749-003/2024(H5N1)	970	5075
HA|PP755589.1|A/cattle/Texas/24-008749-003/2024(H5N1)	971	5071
HA|PP755589.1|A/cattle/Texas/24-008749-003/2024(H5N1)	972	5063
HA|PP755589.1|A/cattle/Texas/24-008749-003/2024(H5N1)	973	5153
HA|PP755589.1|A/cattle/Texas/24-008749-003/2024(H5N1)	974	5142
HA|PP755589.1|A/cattle/Texas/24-008749-003/2024(H5N1)	975	5144
HA|PP755589.1|A/cattle/Texas/24-008749-003/2024(H5N1)	976	5164
HA|PP755589.1|A/cattle/Texas/24-008749-003/2024(H5N1)	977	5223
HA|PP755589.1|A/cattle/Texas/24-008749-003/2024(H5N1)	978	5224
HA|PP755589.1|A/cattle/Texas/24-008749-003/2024(H5N1)	979	5383
HA|PP755589.1|A/cattle/Texas/24-008749-003/2024(H5N1)	980	5414
HA|PP755589.1|A/cattle/Texas/24-008749-003/2024(H5N1)	981	5407
HA|PP755589.1|A/cattle/Texas/24-008749-003/2024(H5N1)	982	5394
HA|PP755589.1|A/cattle/Texas/24-008749-003/2024(H5N1)	983	5419
HA|PP755589.1|A/cattle/Texas/24-008749-003/2024(H5N1)	984	5467
HA|PP755589.1|A/cattle/Texas/24-008749-003/2024(H5N1)	985	5475
HA|PP755589.1|A/cattle/Texas/24-008749-003/2024(H5N1)	986	5443
HA|PP755589.1|A/cattle/Texas/24-008749-003/2024(H5N1)	987	5455
HA|PP755589.1|A/cattle/Texas/24-008749-003/2024(H5N1)	988	5456
HA|PP755589.1|A/cattle/Texas/24-008749-003/2024(H5N1)	989	5517
HA|PP755589.1|A/cattle/Texas/24-008749-003/2024(H5N1)	990	5510
HA|PP755589.1|A/cattle/Texas/24-008749-003/2024(H5N1)	991	5488
HA|PP755589.1|A/cattle/Texas/24-008749-003/2024(H5N1)	992	5489
HA|PP755589.1|A/cattle/Texas/24-008749-003/2024(H5N1)	993	5439
HA|PP755589.1|A/cattle/Texas/24-008749-003/2024(H5N1)	994	5456
HA|PP755589.1|A/cattle/Texas/24-008749-003/2024(H5N1)	995	5447
HA|PP755589.1|A/cattle/Texas/24-008749-003/2024(H5N1)	996	5499
HA|PP755589.1|A/cattle/Texas/24-008749-003/2024(H5N1)	997	5500
HA|PP755589.1|A/cattle/Texas/24-008749-003/2024(H5N1)	998	5475
HA|PP755589.1|A/cattle/Texas/24-008749-003/2024(H5N1)	999	5548
HA|PP755589.1|A/cattle/Texas/24-008749-003/2024(H5N1)	1000	5544
HA|PP755589.1|A/cattle/Texas/24-008749-003/2024(H5N1)	1001	5618
HA|PP755589.1|A/cattle/Texas/24-008749-003/2024(H5N1)	1002	5599
HA|PP755589.1|A/cattle/Texas/24-008749-003/2024(H5N1)	1003	5570
HA|PP755589.1|A/cattle/Texas/24-008749-003/2024(H5N1)	1004	5551
HA|PP755589.1|A/cattle/Texas/24-008749-003/2024(H5N1)	1005	5501
HA|PP755589.1|A/cattle/Texas/24-008749-003/2024(H5N1)	1006	5407
HA|PP755589.1|A/cattle/Texas/24-008749-003/2024(H5N1)	1007	5175
HA|PP755589.1|A/cattle/Texas/24-008749-003/2024(H5N1)	1008	5075
HA|PP755589.1|A/cattle/Texas/24-008749-003/2024(H5N1)	1009	5088
HA|PP755589.1|A/cattle/Texas/24-008749-003/2024(H5N1)	1010	5063
HA|PP755589.1|A/cattle/Texas/24-008749-003/2024(H5N1)	1011	5034
HA|PP755589.1|A/cattle/Texas/24-008749-003/2024(H5N1)	1012	5005
HA|PP755589.1|A/cattle/Texas/24-008749-003/2024(H5N1)	1013	4998
HA|PP755589.1|A/cattle/Texas/24-008749-003/2024(H5N1)	1014	5009
HA|PP755589.1|A/cattle/Texas/24-008749-003/2024(H5N1)	1015	5031
HA|PP755589.1|A/cattle/Texas/24-008749-003/2024(H5N1)	1016	5045
HA|PP755589.1|A/cattle/Texas/24-008749-003/2024(H5N1)	1017	5077
HA|PP755589.1|A/cattle/Texas/24-008749-003/2024(H5N1)	1018	4920
HA|PP755589.1|A/cattle/Texas/24-008749-003/2024(H5N1)	1019	4866
HA|PP755589.1|A/cattle/Texas/24-008749-003/2024(H5N1)	1020	4842
HA|PP755589.1|A/cattle/Texas/24-008749-003/2024(H5N1)	1021	4833
HA|PP755589.1|A/cattle/Texas/24-008749-003/2024(H5N1)	1022	4851
HA|PP755589.1|A/cattle/Texas/24-008749-003/2024(H5N1)	1023	4904
HA|PP755589.1|A/cattle/Texas/24-008749-003/2024(H5N1)	1024	4846
HA|PP755589.1|A/cattle/Texas/24-008749-003/2024(H5N1)	1025	4852
HA|PP755589.1|A/cattle/Texas/24-008749-003/2024(H5N1)	1026	4870
HA|PP755589.1|A/cattle/Texas/24-008749-003/2024(H5N1)	1027	4872
HA|PP755589.1|A/cattle/Texas/24-008749-003/2024(H5N1)	1028	4883
HA|PP755589.1|A/cattle/Texas/24-008749-003/2024(H5N1)	1029	5003
HA|PP755589.1|A/cattle/Texas/24-008749-003/2024(H5N1)	1030	5001
HA|PP755589.1|A/cattle/Texas/24-008749-003/2024(H5N1)	1031	4969
HA|PP755589.1|A/cattle/Texas/24-008749-003/2024(H5N1)	1032	4987
HA|PP755589.1|A/cattle/Texas/24-008749-003/2024(H5N1)	1033	4984
HA|PP755589.1|A/cattle/Texas/24-008749-003/2024(H5N1)	1034	4982
HA|PP755589.1|A/cattle/Texas/24-008749-003/2024(H5N1)	1035	4966
HA|PP755589.1|A/cattle/Texas/24-008749-003/2024(H5N1)	1036	5003
HA|PP755589.1|A/cattle/Texas/24-008749-003/2024(H5N1)	1037	5008
HA|PP755589.1|A/cattle/Texas/24-008749-003/2024(H5N1)	1038	4912
HA|PP755589.1|A/cattle/Texas/24-008749-003/2024(H5N1)	1039	4937
HA|PP755589.1|A/cattle/Texas/24-008749-003/2024(H5N1)	1040	4927
HA|PP755589.1|A/cattle/Texas/24-008749-003/2024(H5N1)	1041	5041
HA|PP755589.1|A/cattle/Texas/24-008749-003/2024(H5N1)	1042	5046
HA|PP755589.1|A/cattle/Texas/24-008749-003/2024(H5N1)	1043	5046
HA|PP755589.1|A/cattle/Texas/24-008749-003/2024(H5N1)	1044	5053
HA|PP755589.1|A/cattle/Texas/24-008749-003/2024(H5N1)	1045	5011
HA|PP755589.1|A/cattle/Texas/24-008749-003/2024(H5N1)	1046	5019
HA|PP755589.1|A/cattle/Texas/24-008749-003/2024(H5N1)	1047	5106
HA|PP755589.1|A/cattle/Texas/24-008749-003/2024(H5N1)	1048	5108
HA|PP755589.1|A/cattle/Texas/24-008749-003/2024(H5N1)	1049	5100
HA|PP755589.1|A/cattle/Texas/24-008749-003/2024(H5N1)	1050	5002
HA|PP755589.1|A/cattle/Texas/24-008749-003/2024(H5N1)	1051	5119
HA|PP755589.1|A/cattle/Texas/24-008749-003/2024(H5N1)	1052	5144
HA|PP755589.1|A/cattle/Texas/24-008749-003/2024(H5N1)	1053	5149
HA|PP755589.1|A/cattle/Texas/24-008749-003/2024(H5N1)	1054	5125
HA|PP755589.1|A/cattle/Texas/24-008749-003/2024(H5N1)	1055	5099
HA|PP755589.1|A/cattle/Texas/24-008749-003/2024(H5N1)	1056	5081
HA|PP755589.1|A/cattle/Texas/24-008749-003/2024(H5N1)	1057	5308
HA|PP755589.1|A/cattle/Texas/24-008749-003/2024(H5N1)	1058	5711
HA|PP755589.1|A/cattle/Texas/24-008749-003/2024(H5N1)	1059	5689
HA|PP755589.1|A/cattle/Texas/24-008749-003/2024(H5N1)	1060	5632
HA|PP755589.1|A/cattle/Texas/24-008749-003/2024(H5N1)	1061	5624
HA|PP755589.1|A/cattle/Texas/24-008749-003/2024(H5N1)	1062	5645
HA|PP755589.1|A/cattle/Texas/24-008749-003/2024(H5N1)	1063	5661
HA|PP755589.1|A/cattle/Texas/24-008749-003/2024(H5N1)	1064	5651
HA|PP755589.1|A/cattle/Texas/24-008749-003/2024(H5N1)	1065	5656
HA|PP755589.1|A/cattle/Texas/24-008749-003/2024(H5N1)	1066	5666
HA|PP755589.1|A/cattle/Texas/24-008749-003/2024(H5N1)	1067	5175
HA|PP755589.1|A/cattle/Texas/24-008749-003/2024(H5N1)	1068	5168
HA|PP755589.1|A/cattle/Texas/24-008749-003/2024(H5N1)	1069	5193
HA|PP755589.1|A/cattle/Texas/24-008749-003/2024(H5N1)	1070	5220
HA|PP755589.1|A/cattle/Texas/24-008749-003/2024(H5N1)	1071	5190
HA|PP755589.1|A/cattle/Texas/24-008749-003/2024(H5N1)	1072	5173
HA|PP755589.1|A/cattle/Texas/24-008749-003/2024(H5N1)	1073	5171
HA|PP755589.1|A/cattle/Texas/24-008749-003/2024(H5N1)	1074	5176
HA|PP755589.1|A/cattle/Texas/24-008749-003/2024(H5N1)	1075	5200
HA|PP755589.1|A/cattle/Texas/24-008749-003/2024(H5N1)	1076	5210
HA|PP755589.1|A/cattle/Texas/24-008749-003/2024(H5N1)	1077	4942
HA|PP755589.1|A/cattle/Texas/24-008749-003/2024(H5N1)	1078	4907
HA|PP755589.1|A/cattle/Texas/24-008749-003/2024(H5N1)	1079	4874
HA|PP755589.1|A/cattle/Texas/24-008749-003/2024(H5N1)	1080	4888
HA|PP755589.1|A/cattle/Texas/24-008749-003/2024(H5N1)	1081	4939
HA|PP755589.1|A/cattle/Texas/24-008749-003/2024(H5N1)	1082	4998
HA|PP755589.1|A/cattle/Texas/24-008749-003/2024(H5N1)	1083	4994
HA|PP755589.1|A/cattle/Texas/24-008749-003/2024(H5N1)	1084	4977
HA|PP755589.1|A/cattle/Texas/24-008749-003/2024(H5N1)	1085	4914
HA|PP755589.1|A/cattle/Texas/24-008749-003/2024(H5N1)	1086	5015
HA|PP755589.1|A/cattle/Texas/24-008749-003/2024(H5N1)	1087	5060
HA|PP755589.1|A/cattle/Texas/24-008749-003/2024(H5N1)	1088	5063
HA|PP755589.1|A/cattle/Texas/24-008749-003/2024(H5N1)	1089	5046
HA|PP755589.1|A/cattle/Texas/24-008749-003/2024(H5N1)	1090	5034
HA|PP755589.1|A/cattle/Texas/24-008749-003/2024(H5N1)	1091	5133
HA|PP755589.1|A/cattle/Texas/24-008749-003/2024(H5N1)	1092	4899
HA|PP755589.1|A/cattle/Texas/24-008749-003/2024(H5N1)	1093	4938
HA|PP755589.1|A/cattle/Texas/24-008749-003/2024(H5N1)	1094	4952
HA|PP755589.1|A/cattle/Texas/24-008749-003/2024(H5N1)	1095	4876
HA|PP755589.1|A/cattle/Texas/24-008749-003/2024(H5N1)	1096	4849
HA|PP755589.1|A/cattle/Texas/24-008749-003/2024(H5N1)	1097	4904
HA|PP755589.1|A/cattle/Texas/24-008749-003/2024(H5N1)	1098	4992
HA|PP755589.1|A/cattle/Texas/24-008749-003/2024(H5N1)	1099	5036
HA|PP755589.1|A/cattle/Texas/24-008749-003/2024(H5N1)	1100	5074
HA|PP755589.1|A/cattle/Texas/24-008749-003/2024(H5N1)	1101	5082
HA|PP755589.1|A/cattle/Texas/24-008749-003/2024(H5N1)	1102	5187
HA|PP755589.1|A/cattle/Texas/24-008749-003/2024(H5N1)	1103	5228
HA|PP755589.1|A/cattle/Texas/24-008749-003/2024(H5N1)	1104	5203
HA|PP755589.1|A/cattle/Texas/24-008749-003/2024(H5N1)	1105	5144
HA|PP755589.1|A/cattle/Texas/24-008749-003/2024(H5N1)	1106	5082
HA|PP755589.1|A/cattle/Texas/24-008749-003/2024(H5N1)	1107	5121
HA|PP755589.1|A/cattle/Texas/24-008749-003/2024(H5N1)	1108	5148
HA|PP755589.1|A/cattle/Texas/24-008749-003/2024(H5N1)	1109	5143
HA|PP755589.1|A/cattle/Texas/24-008749-003/2024(H5N1)	1110	5261
HA|PP755589.1|A/cattle/Texas/24-008749-003/2024(H5N1)	1111	5171
HA|PP755589.1|A/cattle/Texas/24-008749-003/2024(H5N1)	1112	5128
HA|PP755589.1|A/cattle/Texas/24-008749-003/2024(H5N1)	1113	5140
HA|PP755589.1|A/cattle/Texas/24-008749-003/2024(H5N1)	1114	5125
HA|PP755589.1|A/cattle/Texas/24-008749-003/2024(H5N1)	1115	5265
HA|PP755589.1|A/cattle/Texas/24-008749-003/2024(H5N1)	1116	5248
HA|PP755589.1|A/cattle/Texas/24-008749-003/2024(H5N1)	1117	5237
HA|PP755589.1|A/cattle/Texas/24-008749-003/2024(H5N1)	1118	5228
HA|PP755589.1|A/cattle/Texas/24-008749-003/2024(H5N1)	1119	5150
HA|PP755589.1|A/cattle/Texas/24-008749-003/2024(H5N1)	1120	5455
HA|PP755589.1|A/cattle/Texas/24-008749-003/2024(H5N1)	1121	5647
HA|PP755589.1|A/cattle/Texas/24-008749-003/2024(H5N1)	1122	5718
HA|PP755589.1|A/cattle/Texas/24-008749-003/2024(H5N1)	1123	5726
HA|PP755589.1|A/cattle/Texas/24-008749-003/2024(H5N1)	1124	5602
HA|PP755589.1|A/cattle/Texas/24-008749-003/2024(H5N1)	1125	5706
HA|PP755589.1|A/cattle/Texas/24-008749-003/2024(H5N1)	1126	5726
HA|PP755589.1|A/cattle/Texas/24-008749-003/2024(H5N1)	1127	5800
HA|PP755589.1|A/cattle/Texas/24-008749-003/2024(H5N1)	1128	5783
HA|PP755589.1|A/cattle/Texas/24-008749-003/2024(H5N1)	1129	5589
HA|PP755589.1|A/cattle/Texas/24-008749-003/2024(H5N1)	1130	5673
HA|PP755589.1|A/cattle/Texas/24-008749-003/2024(H5N1)	1131	5654
HA|PP755589.1|A/cattle/Texas/24-008749-003/2024(H5N1)	1132	5716
HA|PP755589.1|A/cattle/Texas/24-008749-003/2024(H5N1)	1133	5721
HA|PP755589.1|A/cattle/Texas/24-008749-003/2024(H5N1)	1134	5746
HA|PP755589.1|A/cattle/Texas/24-008749-003/2024(H5N1)	1135	5661
HA|PP755589.1|A/cattle/Texas/24-008749-003/2024(H5N1)	1136	5635
HA|PP755589.1|A/cattle/Texas/24-008749-003/2024(H5N1)	1137	5614
HA|PP755589.1|A/cattle/Texas/24-008749-003/2024(H5N1)	1138	5624
HA|PP755589.1|A/cattle/Texas/24-008749-003/2024(H5N1)	1139	5642
HA|PP755589.1|A/cattle/Texas/24-008749-003/2024(H5N1)	1140	5555
HA|PP755589.1|A/cattle/Texas/24-008749-003/2024(H5N1)	1141	5597
HA|PP755589.1|A/cattle/Texas/24-008749-003/2024(H5N1)	1142	5578
HA|PP755589.1|A/cattle/Texas/24-008749-003/2024(H5N1)	1143	5561
HA|PP755589.1|A/cattle/Texas/24-008749-003/2024(H5N1)	1144	5609
HA|PP755589.1|A/cattle/Texas/24-008749-003/2024(H5N1)	1145	5612
HA|PP755589.1|A/cattle/Texas/24-008749-003/2024(H5N1)	1146	5667
HA|PP755589.1|A/cattle/Texas/24-008749-003/2024(H5N1)	1147	5647
HA|PP755589.1|A/cattle/Texas/24-008749-003/2024(H5N1)	1148	5634
HA|PP755589.1|A/cattle/Texas/24-008749-003/2024(H5N1)	1149	5635
HA|PP755589.1|A/cattle/Texas/24-008749-003/2024(H5N1)	1150	5630
HA|PP755589.1|A/cattle/Texas/24-008749-003/2024(H5N1)	1151	5633
HA|PP755589.1|A/cattle/Texas/24-008749-003/2024(H5N1)	1152	5561
HA|PP755589.1|A/cattle/Texas/24-008749-003/2024(H5N1)	1153	5578
HA|PP755589.1|A/cattle/Texas/24-008749-003/2024(H5N1)	1154	5599
HA|PP755589.1|A/cattle/Texas/24-008749-003/2024(H5N1)	1155	5574
HA|PP755589.1|A/cattle/Texas/24-008749-003/2024(H5N1)	1156	5686
HA|PP755589.1|A/cattle/Texas/24-008749-003/2024(H5N1)	1157	5784
HA|PP755589.1|A/cattle/Texas/24-008749-003/2024(H5N1)	1158	5792
HA|PP755589.1|A/cattle/Texas/24-008749-003/2024(H5N1)	1159	5758
HA|PP755589.1|A/cattle/Texas/24-008749-003/2024(H5N1)	1160	5753
HA|PP755589.1|A/cattle/Texas/24-008749-003/2024(H5N1)	1161	5721
HA|PP755589.1|A/cattle/Texas/24-008749-003/2024(H5N1)	1162	5723
HA|PP755589.1|A/cattle/Texas/24-008749-003/2024(H5N1)	1163	5800
HA|PP755589.1|A/cattle/Texas/24-008749-003/2024(H5N1)	1164	5876
HA|PP755589.1|A/cattle/Texas/24-008749-003/2024(H5N1)	1165	6156
HA|PP755589.1|A/cattle/Texas/24-008749-003/2024(H5N1)	1166	6095
HA|PP755589.1|A/cattle/Texas/24-008749-003/2024(H5N1)	1167	6081
HA|PP755589.1|A/cattle/Texas/24-008749-003/2024(H5N1)	1168	6113
HA|PP755589.1|A/cattle/Texas/24-008749-003/2024(H5N1)	1169	6369
HA|PP755589.1|A/cattle/Texas/24-008749-003/2024(H5N1)	1170	6401
HA|PP755589.1|A/cattle/Texas/24-008749-003/2024(H5N1)	1171	6412
HA|PP755589.1|A/cattle/Texas/24-008749-003/2024(H5N1)	1172	6585
HA|PP755589.1|A/cattle/Texas/24-008749-003/2024(H5N1)	1173	6538
HA|PP755589.1|A/cattle/Texas/24-008749-003/2024(H5N1)	1174	6553
HA|PP755589.1|A/cattle/Texas/24-008749-003/2024(H5N1)	1175	6639
HA|PP755589.1|A/cattle/Texas/24-008749-003/2024(H5N1)	1176	6595
HA|PP755589.1|A/cattle/Texas/24-008749-003/2024(H5N1)	1177	6650
HA|PP755589.1|A/cattle/Texas/24-008749-003/2024(H5N1)	1178	6637
HA|PP755589.1|A/cattle/Texas/24-008749-003/2024(H5N1)	1179	6635
HA|PP755589.1|A/cattle/Texas/24-008749-003/2024(H5N1)	1180	6640
HA|PP755589.1|A/cattle/Texas/24-008749-003/2024(H5N1)	1181	6745
HA|PP755589.1|A/cattle/Texas/24-008749-003/2024(H5N1)	1182	6781
HA|PP755589.1|A/cattle/Texas/24-008749-003/2024(H5N1)	1183	6771
HA|PP755589.1|A/cattle/Texas/24-008749-003/2024(H5N1)	1184	6735
HA|PP755589.1|A/cattle/Texas/24-008749-003/2024(H5N1)	1185	6818
HA|PP755589.1|A/cattle/Texas/24-008749-003/2024(H5N1)	1186	6837
HA|PP755589.1|A/cattle/Texas/24-008749-003/2024(H5N1)	1187	6802
HA|PP755589.1|A/cattle/Texas/24-008749-003/2024(H5N1)	1188	6959
HA|PP755589.1|A/cattle/Texas/24-008749-003/2024(H5N1)	1189	6980
HA|PP755589.1|A/cattle/Texas/24-008749-003/2024(H5N1)	1190	6885
HA|PP755589.1|A/cattle/Texas/24-008749-003/2024(H5N1)	1191	6788
HA|PP755589.1|A/cattle/Texas/24-008749-003/2024(H5N1)	1192	6786
HA|PP755589.1|A/cattle/Texas/24-008749-003/2024(H5N1)	1193	6926
HA|PP755589.1|A/cattle/Texas/24-008749-003/2024(H5N1)	1194	6956
HA|PP755589.1|A/cattle/Texas/24-008749-003/2024(H5N1)	1195	6948
HA|PP755589.1|A/cattle/Texas/24-008749-003/2024(H5N1)	1196	6966
HA|PP755589.1|A/cattle/Texas/24-008749-003/2024(H5N1)	1197	6870
HA|PP755589.1|A/cattle/Texas/24-008749-003/2024(H5N1)	1198	6933
HA|PP755589.1|A/cattle/Texas/24-008749-003/2024(H5N1)	1199	6927
HA|PP755589.1|A/cattle/Texas/24-008749-003/2024(H5N1)	1200	6951
HA|PP755589.1|A/cattle/Texas/24-008749-003/2024(H5N1)	1201	6950
HA|PP755589.1|A/cattle/Texas/24-008749-003/2024(H5N1)	1202	6828
HA|PP755589.1|A/cattle/Texas/24-008749-003/2024(H5N1)	1203	6803
HA|PP755589.1|A/cattle/Texas/24-008749-003/2024(H5N1)	1204	6819
HA|PP755589.1|A/cattle/Texas/24-008749-003/2024(H5N1)	1205	6882
HA|PP755589.1|A/cattle/Texas/24-008749-003/2024(H5N1)	1206	6890
HA|PP755589.1|A/cattle/Texas/24-008749-003/2024(H5N1)	1207	6860
HA|PP755589.1|A/cattle/Texas/24-008749-003/2024(H5N1)	1208	6650
HA|PP755589.1|A/cattle/Texas/24-008749-003/2024(H5N1)	1209	6374
HA|PP755589.1|A/cattle/Texas/24-008749-003/2024(H5N1)	1210	6424
HA|PP755589.1|A/cattle/Texas/24-008749-003/2024(H5N1)	1211	6450
HA|PP755589.1|A/cattle/Texas/24-008749-003/2024(H5N1)	1212	6456
HA|PP755589.1|A/cattle/Texas/24-008749-003/2024(H5N1)	1213	6631
HA|PP755589.1|A/cattle/Texas/24-008749-003/2024(H5N1)	1214	6617
HA|PP755589.1|A/cattle/Texas/24-008749-003/2024(H5N1)	1215	6714
HA|PP755589.1|A/cattle/Texas/24-008749-003/2024(H5N1)	1216	6714
HA|PP755589.1|A/cattle/Texas/24-008749-003/2024(H5N1)	1217	6792
HA|PP755589.1|A/cattle/Texas/24-008749-003/2024(H5N1)	1218	6767
HA|PP755589.1|A/cattle/Texas/24-008749-003/2024(H5N1)	1219	6818
HA|PP755589.1|A/cattle/Texas/24-008749-003/2024(H5N1)	1220	6820
HA|PP755589.1|A/cattle/Texas/24-008749-003/2024(H5N1)	1221	6956
HA|PP755589.1|A/cattle/Texas/24-008749-003/2024(H5N1)	1222	6956
HA|PP755589.1|A/cattle/Texas/24-008749-003/2024(H5N1)	1223	6910
HA|PP755589.1|A/cattle/Texas/24-008749-003/2024(H5N1)	1224	6875
HA|PP755589.1|A/cattle/Texas/24-008749-003/2024(H5N1)	1225	6874
HA|PP755589.1|A/cattle/Texas/24-008749-003/2024(H5N1)	1226	6810
HA|PP755589.1|A/cattle/Texas/24-008749-003/2024(H5N1)	1227	6802
HA|PP755589.1|A/cattle/Texas/24-008749-003/2024(H5N1)	1228	6778
HA|PP755589.1|A/cattle/Texas/24-008749-003/2024(H5N1)	1229	6857
HA|PP755589.1|A/cattle/Texas/24-008749-003/2024(H5N1)	1230	6781
HA|PP755589.1|A/cattle/Texas/24-008749-003/2024(H5N1)	1231	7024
HA|PP755589.1|A/cattle/Texas/24-008749-003/2024(H5N1)	1232	7037
HA|PP755589.1|A/cattle/Texas/24-008749-003/2024(H5N1)	1233	6994
HA|PP755589.1|A/cattle/Texas/24-008749-003/2024(H5N1)	1234	7009
HA|PP755589.1|A/cattle/Texas/24-008749-003/2024(H5N1)	1235	7030
HA|PP755589.1|A/cattle/Texas/24-008749-003/2024(H5N1)	1236	7106
HA|PP755589.1|A/cattle/Texas/24-008749-003/2024(H5N1)	1237	6981
HA|PP755589.1|A/cattle/Texas/24-008749-003/2024(H5N1)	1238	6921
HA|PP755589.1|A/cattle/Texas/24-008749-003/2024(H5N1)	1239	7001
HA|PP755589.1|A/cattle/Texas/24-008749-003/2024(H5N1)	1240	7125
HA|PP755589.1|A/cattle/Texas/24-008749-003/2024(H5N1)	1241	6942
HA|PP755589.1|A/cattle/Texas/24-008749-003/2024(H5N1)	1242	7035
HA|PP755589.1|A/cattle/Texas/24-008749-003/2024(H5N1)	1243	7042
HA|PP755589.1|A/cattle/Texas/24-008749-003/2024(H5N1)	1244	6994
HA|PP755589.1|A/cattle/Texas/24-008749-003/2024(H5N1)	1245	7049
HA|PP755589.1|A/cattle/Texas/24-008749-003/2024(H5N1)	1246	7048
HA|PP755589.1|A/cattle/Texas/24-008749-003/2024(H5N1)	1247	7040
HA|PP755589.1|A/cattle/Texas/24-008749-003/2024(H5N1)	1248	6972
HA|PP755589.1|A/cattle/Texas/24-008749-003/2024(H5N1)	1249	6821
HA|PP755589.1|A/cattle/Texas/24-008749-003/2024(H5N1)	1250	6872
HA|PP755589.1|A/cattle/Texas/24-008749-003/2024(H5N1)	1251	6805
HA|PP755589.1|A/cattle/Texas/24-008749-003/2024(H5N1)	1252	6780
HA|PP755589.1|A/cattle/Texas/24-008749-003/2024(H5N1)	1253	6779
HA|PP755589.1|A/cattle/Texas/24-008749-003/2024(H5N1)	1254	6724
HA|PP755589.1|A/cattle/Texas/24-008749-003/2024(H5N1)	1255	6749
HA|PP755589.1|A/cattle/Texas/24-008749-003/2024(H5N1)	1256	6825
HA|PP755589.1|A/cattle/Texas/24-008749-003/2024(H5N1)	1257	6863
HA|PP755589.1|A/cattle/Texas/24-008749-003/2024(H5N1)	1258	6791
HA|PP755589.1|A/cattle/Texas/24-008749-003/2024(H5N1)	1259	6794
HA|PP755589.1|A/cattle/Texas/24-008749-003/2024(H5N1)	1260	6855
HA|PP755589.1|A/cattle/Texas/24-008749-003/2024(H5N1)	1261	6753
HA|PP755589.1|A/cattle/Texas/24-008749-003/2024(H5N1)	1262	6846
HA|PP755589.1|A/cattle/Texas/24-008749-003/2024(H5N1)	1263	7074
HA|PP755589.1|A/cattle/Texas/24-008749-003/2024(H5N1)	1264	7119
HA|PP755589.1|A/cattle/Texas/24-008749-003/2024(H5N1)	1265	7063
HA|PP755589.1|A/cattle/Texas/24-008749-003/2024(H5N1)	1266	6883
HA|PP755589.1|A/cattle/Texas/24-008749-003/2024(H5N1)	1267	6863
HA|PP755589.1|A/cattle/Texas/24-008749-003/2024(H5N1)	1268	6838
HA|PP755589.1|A/cattle/Texas/24-008749-003/2024(H5N1)	1269	6872
HA|PP755589.1|A/cattle/Texas/24-008749-003/2024(H5N1)	1270	7163
HA|PP755589.1|A/cattle/Texas/24-008749-003/2024(H5N1)	1271	6825
HA|PP755589.1|A/cattle/Texas/24-008749-003/2024(H5N1)	1272	6810
HA|PP755589.1|A/cattle/Texas/24-008749-003/2024(H5N1)	1273	6748
HA|PP755589.1|A/cattle/Texas/24-008749-003/2024(H5N1)	1274	6878
HA|PP755589.1|A/cattle/Texas/24-008749-003/2024(H5N1)	1275	6893
HA|PP755589.1|A/cattle/Texas/24-008749-003/2024(H5N1)	1276	6793
HA|PP755589.1|A/cattle/Texas/24-008749-003/2024(H5N1)	1277	6777
HA|PP755589.1|A/cattle/Texas/24-008749-003/2024(H5N1)	1278	6658
HA|PP755589.1|A/cattle/Texas/24-008749-003/2024(H5N1)	1279	6984
HA|PP755589.1|A/cattle/Texas/24-008749-003/2024(H5N1)	1280	7016
HA|PP755589.1|A/cattle/Texas/24-008749-003/2024(H5N1)	1281	6962
HA|PP755589.1|A/cattle/Texas/24-008749-003/2024(H5N1)	1282	6968
HA|PP755589.1|A/cattle/Texas/24-008749-003/2024(H5N1)	1283	6915
HA|PP755589.1|A/cattle/Texas/24-008749-003/2024(H5N1)	1284	6895
HA|PP755589.1|A/cattle/Texas/24-008749-003/2024(H5N1)	1285	6900
HA|PP755589.1|A/cattle/Texas/24-008749-003/2024(H5N1)	1286	6929
HA|PP755589.1|A/cattle/Texas/24-008749-003/2024(H5N1)	1287	6915
HA|PP755589.1|A/cattle/Texas/24-008749-003/2024(H5N1)	1288	7029
HA|PP755589.1|A/cattle/Texas/24-008749-003/2024(H5N1)	1289	6999
HA|PP755589.1|A/cattle/Texas/24-008749-003/2024(H5N1)	1290	6989
HA|PP755589.1|A/cattle/Texas/24-008749-003/2024(H5N1)	1291	6995
HA|PP755589.1|A/cattle/Texas/24-008749-003/2024(H5N1)	1292	7121
HA|PP755589.1|A/cattle/Texas/24-008749-003/2024(H5N1)	1293	7292
HA|PP755589.1|A/cattle/Texas/24-008749-003/2024(H5N1)	1294	7279
HA|PP755589.1|A/cattle/Texas/24-008749-003/2024(H5N1)	1295	7297
HA|PP755589.1|A/cattle/Texas/24-008749-003/2024(H5N1)	1296	7312
HA|PP755589.1|A/cattle/Texas/24-008749-003/2024(H5N1)	1297	7244
HA|PP755589.1|A/cattle/Texas/24-008749-003/2024(H5N1)	1298	7349
HA|PP755589.1|A/cattle/Texas/24-008749-003/2024(H5N1)	1299	7387
HA|PP755589.1|A/cattle/Texas/24-008749-003/2024(H5N1)	1300	7344
HA|PP755589.1|A/cattle/Texas/24-008749-003/2024(H5N1)	1301	7336
HA|PP755589.1|A/cattle/Texas/24-008749-003/2024(H5N1)	1302	7328
HA|PP755589.1|A/cattle/Texas/24-008749-003/2024(H5N1)	1303	7332
HA|PP755589.1|A/cattle/Texas/24-008749-003/2024(H5N1)	1304	7334
HA|PP755589.1|A/cattle/Texas/24-008749-003/2024(H5N1)	1305	7495
HA|PP755589.1|A/cattle/Texas/24-008749-003/2024(H5N1)	1306	7630
HA|PP755589.1|A/cattle/Texas/24-008749-003/2024(H5N1)	1307	7512
HA|PP755589.1|A/cattle/Texas/24-008749-003/2024(H5N1)	1308	7425
HA|PP755589.1|A/cattle/Texas/24-008749-003/2024(H5N1)	1309	7409
HA|PP755589.1|A/cattle/Texas/24-008749-003/2024(H5N1)	1310	7411
HA|PP755589.1|A/cattle/Texas/24-008749-003/2024(H5N1)	1311	7515
HA|PP755589.1|A/cattle/Texas/24-008749-003/2024(H5N1)	1312	7523
HA|PP755589.1|A/cattle/Texas/24-008749-003/2024(H5N1)	1313	7548
HA|PP755589.1|A/cattle/Texas/24-008749-003/2024(H5N1)	1314	7544
HA|PP755589.1|A/cattle/Texas/24-008749-003/2024(H5N1)	1315	7390
HA|PP755589.1|A/cattle/Texas/24-008749-003/2024(H5N1)	1316	7448
HA|PP755589.1|A/cattle/Texas/24-008749-003/2024(H5N1)	1317	7442
HA|PP755589.1|A/cattle/Texas/24-008749-003/2024(H5N1)	1318	7440
HA|PP755589.1|A/cattle/Texas/24-008749-003/2024(H5N1)	1319	7557
HA|PP755589.1|A/cattle/Texas/24-008749-003/2024(H5N1)	1320	7312
HA|PP755589.1|A/cattle/Texas/24-008749-003/2024(H5N1)	1321	7299
HA|PP755589.1|A/cattle/Texas/24-008749-003/2024(H5N1)	1322	7251
HA|PP755589.1|A/cattle/Texas/24-008749-003/2024(H5N1)	1323	7018
HA|PP755589.1|A/cattle/Texas/24-008749-003/2024(H5N1)	1324	7032
HA|PP755589.1|A/cattle/Texas/24-008749-003/2024(H5N1)	1325	7033
HA|PP755589.1|A/cattle/Texas/24-008749-003/2024(H5N1)	1326	6996
HA|PP755589.1|A/cattle/Texas/24-008749-003/2024(H5N1)	1327	7047
HA|PP755589.1|A/cattle/Texas/24-008749-003/2024(H5N1)	1328	6958
HA|PP755589.1|A/cattle/Texas/24-008749-003/2024(H5N1)	1329	7027
HA|PP755589.1|A/cattle/Texas/24-008749-003/2024(H5N1)	1330	6871
HA|PP755589.1|A/cattle/Texas/24-008749-003/2024(H5N1)	1331	6872
HA|PP755589.1|A/cattle/Texas/24-008749-003/2024(H5N1)	1332	6878
HA|PP755589.1|A/cattle/Texas/24-008749-003/2024(H5N1)	1333	6852
HA|PP755589.1|A/cattle/Texas/24-008749-003/2024(H5N1)	1334	6889
HA|PP755589.1|A/cattle/Texas/24-008749-003/2024(H5N1)	1335	7017
HA|PP755589.1|A/cattle/Texas/24-008749-003/2024(H5N1)	1336	6923
HA|PP755589.1|A/cattle/Texas/24-008749-003/2024(H5N1)	1337	6978
HA|PP755589.1|A/cattle/Texas/24-008749-003/2024(H5N1)	1338	6846
HA|PP755589.1|A/cattle/Texas/24-008749-003/2024(H5N1)	1339	6869
HA|PP755589.1|A/cattle/Texas/24-008749-003/2024(H5N1)	1340	6880
HA|PP755589.1|A/cattle/Texas/24-008749-003/2024(H5N1)	1341	6876
HA|PP755589.1|A/cattle/Texas/24-008749-003/2024(H5N1)	1342	6912
HA|PP755589.1|A/cattle/Texas/24-008749-003/2024(H5N1)	1343	6910
HA|PP755589.1|A/cattle/Texas/24-008749-003/2024(H5N1)	1344	6796
HA|PP755589.1|A/cattle/Texas/24-008749-003/2024(H5N1)	1345	6891
HA|PP755589.1|A/cattle/Texas/24-008749-003/2024(H5N1)	1346	6917
HA|PP755589.1|A/cattle/Texas/24-008749-003/2024(H5N1)	1347	6970
HA|PP755589.1|A/cattle/Texas/24-008749-003/2024(H5N1)	1348	6968
HA|PP755589.1|A/cattle/Texas/24-008749-003/2024(H5N1)	1349	6916
HA|PP755589.1|A/cattle/Texas/24-008749-003/2024(H5N1)	1350	6919
HA|PP755589.1|A/cattle/Texas/24-008749-003/2024(H5N1)	1351	6893
HA|PP755589.1|A/cattle/Texas/24-008749-003/2024(H5N1)	1352	6971
HA|PP755589.1|A/cattle/Texas/24-008749-003/2024(H5N1)	1353	7057
HA|PP755589.1|A/cattle/Texas/24-008749-003/2024(H5N1)	1354	7092
HA|PP755589.1|A/cattle/Texas/24-008749-003/2024(H5N1)	1355	7264
HA|PP755589.1|A/cattle/Texas/24-008749-003/2024(H5N1)	1356	7194
HA|PP755589.1|A/cattle/Texas/24-008749-003/2024(H5N1)	1357	7263
HA|PP755589.1|A/cattle/Texas/24-008749-003/2024(H5N1)	1358	7267
HA|PP755589.1|A/cattle/Texas/24-008749-003/2024(H5N1)	1359	7294
HA|PP755589.1|A/cattle/Texas/24-008749-003/2024(H5N1)	1360	7240
HA|PP755589.1|A/cattle/Texas/24-008749-003/2024(H5N1)	1361	7312
HA|PP755589.1|A/cattle/Texas/24-008749-003/2024(H5N1)	1362	7333
HA|PP755589.1|A/cattle/Texas/24-008749-003/2024(H5N1)	1363	7283
HA|PP755589.1|A/cattle/Texas/24-008749-003/2024(H5N1)	1364	7340
HA|PP755589.1|A/cattle/Texas/24-008749-003/2024(H5N1)	1365	7302
HA|PP755589.1|A/cattle/Texas/24-008749-003/2024(H5N1)	1366	7244
HA|PP755589.1|A/cattle/Texas/24-008749-003/2024(H5N1)	1367	7244
HA|PP755589.1|A/cattle/Texas/24-008749-003/2024(H5N1)	1368	7160
HA|PP755589.1|A/cattle/Texas/24-008749-003/2024(H5N1)	1369	7155
HA|PP755589.1|A/cattle/Texas/24-008749-003/2024(H5N1)	1370	7307
HA|PP755589.1|A/cattle/Texas/24-008749-003/2024(H5N1)	1371	7405
HA|PP755589.1|A/cattle/Texas/24-008749-003/2024(H5N1)	1372	7254
HA|PP755589.1|A/cattle/Texas/24-008749-003/2024(H5N1)	1373	7317
HA|PP755589.1|A/cattle/Texas/24-008749-003/2024(H5N1)	1374	7311
HA|PP755589.1|A/cattle/Texas/24-008749-003/2024(H5N1)	1375	7316
HA|PP755589.1|A/cattle/Texas/24-008749-003/2024(H5N1)	1376	7516
HA|PP755589.1|A/cattle/Texas/24-008749-003/2024(H5N1)	1377	7513
HA|PP755589.1|A/cattle/Texas/24-008749-003/2024(H5N1)	1378	7606
HA|PP755589.1|A/cattle/Texas/24-008749-003/2024(H5N1)	1379	7566
HA|PP755589.1|A/cattle/Texas/24-008749-003/2024(H5N1)	1380	7544
HA|PP755589.1|A/cattle/Texas/24-008749-003/2024(H5N1)	1381	7546
HA|PP755589.1|A/cattle/Texas/24-008749-003/2024(H5N1)	1382	7286
HA|PP755589.1|A/cattle/Texas/24-008749-003/2024(H5N1)	1383	7281
HA|PP755589.1|A/cattle/Texas/24-008749-003/2024(H5N1)	1384	7335
HA|PP755589.1|A/cattle/Texas/24-008749-003/2024(H5N1)	1385	7327
HA|PP755589.1|A/cattle/Texas/24-008749-003/2024(H5N1)	1386	7384
HA|PP755589.1|A/cattle/Texas/24-008749-003/2024(H5N1)	1387	7326
HA|PP755589.1|A/cattle/Texas/24-008749-003/2024(H5N1)	1388	7244
HA|PP755589.1|A/cattle/Texas/24-008749-003/2024(H5N1)	1389	7243
HA|PP755589.1|A/cattle/Texas/24-008749-003/2024(H5N1)	1390	7231
HA|PP755589.1|A/cattle/Texas/24-008749-003/2024(H5N1)	1391	7124
HA|PP755589.1|A/cattle/Texas/24-008749-003/2024(H5N1)	1392	7080
HA|PP755589.1|A/cattle/Texas/24-008749-003/2024(H5N1)	1393	7072
HA|PP755589.1|A/cattle/Texas/24-008749-003/2024(H5N1)	1394	7212
HA|PP755589.1|A/cattle/Texas/24-008749-003/2024(H5N1)	1395	7182
HA|PP755589.1|A/cattle/Texas/24-008749-003/2024(H5N1)	1396	7100
HA|PP755589.1|A/cattle/Texas/24-008749-003/2024(H5N1)	1397	7132
HA|PP755589.1|A/cattle/Texas/24-008749-003/2024(H5N1)	1398	7181
HA|PP755589.1|A/cattle/Texas/24-008749-003/2024(H5N1)	1399	7223
HA|PP755589.1|A/cattle/Texas/24-008749-003/2024(H5N1)	1400	7229
HA|PP755589.1|A/cattle/Texas/24-008749-003/2024(H5N1)	1401	7091
HA|PP755589.1|A/cattle/Texas/24-008749-003/2024(H5N1)	1402	7074
HA|PP755589.1|A/cattle/Texas/24-008749-003/2024(H5N1)	1403	7288
HA|PP755589.1|A/cattle/Texas/24-008749-003/2024(H5N1)	1404	7333
HA|PP755589.1|A/cattle/Texas/24-008749-003/2024(H5N1)	1405	7375
HA|PP755589.1|A/cattle/Texas/24-008749-003/2024(H5N1)	1406	7346
HA|PP755589.1|A/cattle/Texas/24-008749-003/2024(H5N1)	1407	7293
HA|PP755589.1|A/cattle/Texas/24-008749-003/2024(H5N1)	1408	7266
HA|PP755589.1|A/cattle/Texas/24-008749-003/2024(H5N1)	1409	7228
HA|PP755589.1|A/cattle/Texas/24-008749-003/2024(H5N1)	1410	7451
HA|PP755589.1|A/cattle/Texas/24-008749-003/2024(H5N1)	1411	7503
HA|PP755589.1|A/cattle/Texas/24-008749-003/2024(H5N1)	1412	7263
HA|PP755589.1|A/cattle/Texas/24-008749-003/2024(H5N1)	1413	7265
HA|PP755589.1|A/cattle/Texas/24-008749-003/2024(H5N1)	1414	7190
HA|PP755589.1|A/cattle/Texas/24-008749-003/2024(H5N1)	1415	7212
HA|PP755589.1|A/cattle/Texas/24-008749-003/2024(H5N1)	1416	7327
HA|PP755589.1|A/cattle/Texas/24-008749-003/2024(H5N1)	1417	7320
HA|PP755589.1|A/cattle/Texas/24-008749-003/2024(H5N1)	1418	7335
HA|PP755589.1|A/cattle/Texas/24-008749-003/2024(H5N1)	1419	7056
HA|PP755589.1|A/cattle/Texas/24-008749-003/2024(H5N1)	1420	6996
HA|PP755589.1|A/cattle/Texas/24-008749-003/2024(H5N1)	1421	7312
HA|PP755589.1|A/cattle/Texas/24-008749-003/2024(H5N1)	1422	7316
HA|PP755589.1|A/cattle/Texas/24-008749-003/2024(H5N1)	1423	7326
HA|PP755589.1|A/cattle/Texas/24-008749-003/2024(H5N1)	1424	7361
HA|PP755589.1|A/cattle/Texas/24-008749-003/2024(H5N1)	1425	7213
HA|PP755589.1|A/cattle/Texas/24-008749-003/2024(H5N1)	1426	7200
HA|PP755589.1|A/cattle/Texas/24-008749-003/2024(H5N1)	1427	7200
HA|PP755589.1|A/cattle/Texas/24-008749-003/2024(H5N1)	1428	7234
HA|PP755589.1|A/cattle/Texas/24-008749-003/2024(H5N1)	1429	7337
HA|PP755589.1|A/cattle/Texas/24-008749-003/2024(H5N1)	1430	6968
HA|PP755589.1|A/cattle/Texas/24-008749-003/2024(H5N1)	1431	6947
HA|PP755589.1|A/cattle/Texas/24-008749-003/2024(H5N1)	1432	6963
HA|PP755589.1|A/cattle/Texas/24-008749-003/2024(H5N1)	1433	7087
HA|PP755589.1|A/cattle/Texas/24-008749-003/2024(H5N1)	1434	7360
HA|PP755589.1|A/cattle/Texas/24-008749-003/2024(H5N1)	1435	7439
HA|PP755589.1|A/cattle/Texas/24-008749-003/2024(H5N1)	1436	7398
HA|PP755589.1|A/cattle/Texas/24-008749-003/2024(H5N1)	1437	7358
HA|PP755589.1|A/cattle/Texas/24-008749-003/2024(H5N1)	1438	7391
HA|PP755589.1|A/cattle/Texas/24-008749-003/2024(H5N1)	1439	7382
HA|PP755589.1|A/cattle/Texas/24-008749-003/2024(H5N1)	1440	7370
HA|PP755589.1|A/cattle/Texas/24-008749-003/2024(H5N1)	1441	7376
HA|PP755589.1|A/cattle/Texas/24-008749-003/2024(H5N1)	1442	7387
HA|PP755589.1|A/cattle/Texas/24-008749-003/2024(H5N1)	1443	7163
HA|PP755589.1|A/cattle/Texas/24-008749-003/2024(H5N1)	1444	7157
HA|PP755589.1|A/cattle/Texas/24-008749-003/2024(H5N1)	1445	7183
HA|PP755589.1|A/cattle/Texas/24-008749-003/2024(H5N1)	1446	7187
HA|PP755589.1|A/cattle/Texas/24-008749-003/2024(H5N1)	1447	7206
HA|PP755589.1|A/cattle/Texas/24-008749-003/2024(H5N1)	1448	7182
HA|PP755589.1|A/cattle/Texas/24-008749-003/2024(H5N1)	1449	7063
HA|PP755589.1|A/cattle/Texas/24-008749-003/2024(H5N1)	1450	7067
HA|PP755589.1|A/cattle/Texas/24-008749-003/2024(H5N1)	1451	7058
HA|PP755589.1|A/cattle/Texas/24-008749-003/2024(H5N1)	1452	7113
HA|PP755589.1|A/cattle/Texas/24-008749-003/2024(H5N1)	1453	7134
HA|PP755589.1|A/cattle/Texas/24-008749-003/2024(H5N1)	1454	7080
HA|PP755589.1|A/cattle/Texas/24-008749-003/2024(H5N1)	1455	6829
HA|PP755589.1|A/cattle/Texas/24-008749-003/2024(H5N1)	1456	6806
HA|PP755589.1|A/cattle/Texas/24-008749-003/2024(H5N1)	1457	6821
HA|PP755589.1|A/cattle/Texas/24-008749-003/2024(H5N1)	1458	6836
HA|PP755589.1|A/cattle/Texas/24-008749-003/2024(H5N1)	1459	6837
HA|PP755589.1|A/cattle/Texas/24-008749-003/2024(H5N1)	1460	6895
HA|PP755589.1|A/cattle/Texas/24-008749-003/2024(H5N1)	1461	6816
HA|PP755589.1|A/cattle/Texas/24-008749-003/2024(H5N1)	1462	6831
HA|PP755589.1|A/cattle/Texas/24-008749-003/2024(H5N1)	1463	6826
HA|PP755589.1|A/cattle/Texas/24-008749-003/2024(H5N1)	1464	6748
HA|PP755589.1|A/cattle/Texas/24-008749-003/2024(H5N1)	1465	6563
HA|PP755589.1|A/cattle/Texas/24-008749-003/2024(H5N1)	1466	6567
HA|PP755589.1|A/cattle/Texas/24-008749-003/2024(H5N1)	1467	6492
HA|PP755589.1|A/cattle/Texas/24-008749-003/2024(H5N1)	1468	6496
HA|PP755589.1|A/cattle/Texas/24-008749-003/2024(H5N1)	1469	6511
HA|PP755589.1|A/cattle/Texas/24-008749-003/2024(H5N1)	1470	6398
HA|PP755589.1|A/cattle/Texas/24-008749-003/2024(H5N1)	1471	6459
HA|PP755589.1|A/cattle/Texas/24-008749-003/2024(H5N1)	1472	6511
HA|PP755589.1|A/cattle/Texas/24-008749-003/2024(H5N1)	1473	6512
HA|PP755589.1|A/cattle/Texas/24-008749-003/2024(H5N1)	1474	6515
HA|PP755589.1|A/cattle/Texas/24-008749-003/2024(H5N1)	1475	6532
HA|PP755589.1|A/cattle/Texas/24-008749-003/2024(H5N1)	1476	6566
HA|PP755589.1|A/cattle/Texas/24-008749-003/2024(H5N1)	1477	6633
HA|PP755589.1|A/cattle/Texas/24-008749-003/2024(H5N1)	1478	6567
HA|PP755589.1|A/cattle/Texas/24-008749-003/2024(H5N1)	1479	6636
HA|PP755589.1|A/cattle/Texas/24-008749-003/2024(H5N1)	1480	6980
HA|PP755589.1|A/cattle/Texas/24-008749-003/2024(H5N1)	1481	6986
HA|PP755589.1|A/cattle/Texas/24-008749-003/2024(H5N1)	1482	6983
HA|PP755589.1|A/cattle/Texas/24-008749-003/2024(H5N1)	1483	6979
HA|PP755589.1|A/cattle/Texas/24-008749-003/2024(H5N1)	1484	6964
HA|PP755589.1|A/cattle/Texas/24-008749-003/2024(H5N1)	1485	6958
HA|PP755589.1|A/cattle/Texas/24-008749-003/2024(H5N1)	1486	6813
HA|PP755589.1|A/cattle/Texas/24-008749-003/2024(H5N1)	1487	6911
HA|PP755589.1|A/cattle/Texas/24-008749-003/2024(H5N1)	1488	6825
HA|PP755589.1|A/cattle/Texas/24-008749-003/2024(H5N1)	1489	6817
HA|PP755589.1|A/cattle/Texas/24-008749-003/2024(H5N1)	1490	6820
HA|PP755589.1|A/cattle/Texas/24-008749-003/2024(H5N1)	1491	6818
HA|PP755589.1|A/cattle/Texas/24-008749-003/2024(H5N1)	1492	6836
HA|PP755589.1|A/cattle/Texas/24-008749-003/2024(H5N1)	1493	6841
HA|PP755589.1|A/cattle/Texas/24-008749-003/2024(H5N1)	1494	6859
HA|PP755589.1|A/cattle/Texas/24-008749-003/2024(H5N1)	1495	6853
HA|PP755589.1|A/cattle/Texas/24-008749-003/2024(H5N1)	1496	6834
HA|PP755589.1|A/cattle/Texas/24-008749-003/2024(H5N1)	1497	6813
HA|PP755589.1|A/cattle/Texas/24-008749-003/2024(H5N1)	1498	6736
HA|PP755589.1|A/cattle/Texas/24-008749-003/2024(H5N1)	1499	6748
HA|PP755589.1|A/cattle/Texas/24-008749-003/2024(H5N1)	1500	6744
HA|PP755589.1|A/cattle/Texas/24-008749-003/2024(H5N1)	1501	6833
HA|PP755589.1|A/cattle/Texas/24-008749-003/2024(H5N1)	1502	6722
HA|PP755589.1|A/cattle/Texas/24-008749-003/2024(H5N1)	1503	6735
HA|PP755589.1|A/cattle/Texas/24-008749-003/2024(H5N1)	1504	6736
HA|PP755589.1|A/cattle/Texas/24-008749-003/2024(H5N1)	1505	6715
HA|PP755589.1|A/cattle/Texas/24-008749-003/2024(H5N1)	1506	6862
HA|PP755589.1|A/cattle/Texas/24-008749-003/2024(H5N1)	1507	6861
HA|PP755589.1|A/cattle/Texas/24-008749-003/2024(H5N1)	1508	6857
HA|PP755589.1|A/cattle/Texas/24-008749-003/2024(H5N1)	1509	6825
HA|PP755589.1|A/cattle/Texas/24-008749-003/2024(H5N1)	1510	6722
HA|PP755589.1|A/cattle/Texas/24-008749-003/2024(H5N1)	1511	6874
HA|PP755589.1|A/cattle/Texas/24-008749-003/2024(H5N1)	1512	6900
HA|PP755589.1|A/cattle/Texas/24-008749-003/2024(H5N1)	1513	7001
HA|PP755589.1|A/cattle/Texas/24-008749-003/2024(H5N1)	1514	6987
HA|PP755589.1|A/cattle/Texas/24-008749-003/2024(H5N1)	1515	6881
HA|PP755589.1|A/cattle/Texas/24-008749-003/2024(H5N1)	1516	6884
HA|PP755589.1|A/cattle/Texas/24-008749-003/2024(H5N1)	1517	6869
HA|PP755589.1|A/cattle/Texas/24-008749-003/2024(H5N1)	1518	6995
HA|PP755589.1|A/cattle/Texas/24-008749-003/2024(H5N1)	1519	6988
HA|PP755589.1|A/cattle/Texas/24-008749-003/2024(H5N1)	1520	7029
HA|PP755589.1|A/cattle/Texas/24-008749-003/2024(H5N1)	1521	6928
HA|PP755589.1|A/cattle/Texas/24-008749-003/2024(H5N1)	1522	6815
HA|PP755589.1|A/cattle/Texas/24-008749-003/2024(H5N1)	1523	6815
HA|PP755589.1|A/cattle/Texas/24-008749-003/2024(H5N1)	1524	6744
HA|PP755589.1|A/cattle/Texas/24-008749-003/2024(H5N1)	1525	6770
HA|PP755589.1|A/cattle/Texas/24-008749-003/2024(H5N1)	1526	7016
HA|PP755589.1|A/cattle/Texas/24-008749-003/2024(H5N1)	1527	6778
HA|PP755589.1|A/cattle/Texas/24-008749-003/2024(H5N1)	1528	6781
HA|PP755589.1|A/cattle/Texas/24-008749-003/2024(H5N1)	1529	6760
HA|PP755589.1|A/cattle/Texas/24-008749-003/2024(H5N1)	1530	6752
HA|PP755589.1|A/cattle/Texas/24-008749-003/2024(H5N1)	1531	6753
HA|PP755589.1|A/cattle/Texas/24-008749-003/2024(H5N1)	1532	6759
HA|PP755589.1|A/cattle/Texas/24-008749-003/2024(H5N1)	1533	6753
HA|PP755589.1|A/cattle/Texas/24-008749-003/2024(H5N1)	1534	6705
HA|PP755589.1|A/cattle/Texas/24-008749-003/2024(H5N1)	1535	6722
HA|PP755589.1|A/cattle/Texas/24-008749-003/2024(H5N1)	1536	7292
HA|PP755589.1|A/cattle/Texas/24-008749-003/2024(H5N1)	1537	7328
HA|PP755589.1|A/cattle/Texas/24-008749-003/2024(H5N1)	1538	7291
HA|PP755589.1|A/cattle/Texas/24-008749-003/2024(H5N1)	1539	7400
HA|PP755589.1|A/cattle/Texas/24-008749-003/2024(H5N1)	1540	7399
HA|PP755589.1|A/cattle/Texas/24-008749-003/2024(H5N1)	1541	7420
HA|PP755589.1|A/cattle/Texas/24-008749-003/2024(H5N1)	1542	7427
HA|PP755589.1|A/cattle/Texas/24-008749-003/2024(H5N1)	1543	7377
HA|PP755589.1|A/cattle/Texas/24-008749-003/2024(H5N1)	1544	7398
HA|PP755589.1|A/cattle/Texas/24-008749-003/2024(H5N1)	1545	7416
HA|PP755589.1|A/cattle/Texas/24-008749-003/2024(H5N1)	1546	7416
HA|PP755589.1|A/cattle/Texas/24-008749-003/2024(H5N1)	1547	7425
HA|PP755589.1|A/cattle/Texas/24-008749-003/2024(H5N1)	1548	7393
HA|PP755589.1|A/cattle/Texas/24-008749-003/2024(H5N1)	1549	7439
HA|PP755589.1|A/cattle/Texas/24-008749-003/2024(H5N1)	1550	7441
HA|PP755589.1|A/cattle/Texas/24-008749-003/2024(H5N1)	1551	7447
HA|PP755589.1|A/cattle/Texas/24-008749-003/2024(H5N1)	1552	7449
HA|PP755589.1|A/cattle/Texas/24-008749-003/2024(H5N1)	1553	7409
HA|PP755589.1|A/cattle/Texas/24-008749-003/2024(H5N1)	1554	7213
HA|PP755589.1|A/cattle/Texas/24-008749-003/2024(H5N1)	1555	7195
HA|PP755589.1|A/cattle/Texas/24-008749-003/2024(H5N1)	1556	7128
HA|PP755589.1|A/cattle/Texas/24-008749-003/2024(H5N1)	1557	7153
HA|PP755589.1|A/cattle/Texas/24-008749-003/2024(H5N1)	1558	6986
HA|PP755589.1|A/cattle/Texas/24-008749-003/2024(H5N1)	1559	6993
HA|PP755589.1|A/cattle/Texas/24-008749-003/2024(H5N1)	1560	6981
HA|PP755589.1|A/cattle/Texas/24-008749-003/2024(H5N1)	1561	6715
HA|PP755589.1|A/cattle/Texas/24-008749-003/2024(H5N1)	1562	6756
HA|PP755589.1|A/cattle/Texas/24-008749-003/2024(H5N1)	1563	6757
HA|PP755589.1|A/cattle/Texas/24-008749-003/2024(H5N1)	1564	6766
HA|PP755589.1|A/cattle/Texas/24-008749-003/2024(H5N1)	1565	6769
HA|PP755589.1|A/cattle/Texas/24-008749-003/2024(H5N1)	1566	6771
HA|PP755589.1|A/cattle/Texas/24-008749-003/2024(H5N1)	1567	6661
HA|PP755589.1|A/cattle/Texas/24-008749-003/2024(H5N1)	1568	6630
HA|PP755589.1|A/cattle/Texas/24-008749-003/2024(H5N1)	1569	6596
HA|PP755589.1|A/cattle/Texas/24-008749-003/2024(H5N1)	1570	6591
HA|PP755589.1|A/cattle/Texas/24-008749-003/2024(H5N1)	1571	6651
HA|PP755589.1|A/cattle/Texas/24-008749-003/2024(H5N1)	1572	6392
HA|PP755589.1|A/cattle/Texas/24-008749-003/2024(H5N1)	1573	6388
HA|PP755589.1|A/cattle/Texas/24-008749-003/2024(H5N1)	1574	6391
HA|PP755589.1|A/cattle/Texas/24-008749-003/2024(H5N1)	1575	6416
HA|PP755589.1|A/cattle/Texas/24-008749-003/2024(H5N1)	1576	6506
HA|PP755589.1|A/cattle/Texas/24-008749-003/2024(H5N1)	1577	6507
HA|PP755589.1|A/cattle/Texas/24-008749-003/2024(H5N1)	1578	6503
HA|PP755589.1|A/cattle/Texas/24-008749-003/2024(H5N1)	1579	6467
HA|PP755589.1|A/cattle/Texas/24-008749-003/2024(H5N1)	1580	6433
HA|PP755589.1|A/cattle/Texas/24-008749-003/2024(H5N1)	1581	6436
HA|PP755589.1|A/cattle/Texas/24-008749-003/2024(H5N1)	1582	6419
HA|PP755589.1|A/cattle/Texas/24-008749-003/2024(H5N1)	1583	6268
HA|PP755589.1|A/cattle/Texas/24-008749-003/2024(H5N1)	1584	6067
HA|PP755589.1|A/cattle/Texas/24-008749-003/2024(H5N1)	1585	6078
HA|PP755589.1|A/cattle/Texas/24-008749-003/2024(H5N1)	1586	6065
HA|PP755589.1|A/cattle/Texas/24-008749-003/2024(H5N1)	1587	6095
HA|PP755589.1|A/cattle/Texas/24-008749-003/2024(H5N1)	1588	6096
HA|PP755589.1|A/cattle/Texas/24-008749-003/2024(H5N1)	1589	5905
HA|PP755589.1|A/cattle/Texas/24-008749-003/2024(H5N1)	1590	5918
HA|PP755589.1|A/cattle/Texas/24-008749-003/2024(H5N1)	1591	5940
HA|PP755589.1|A/cattle/Texas/24-008749-003/2024(H5N1)	1592	5938
HA|PP755589.1|A/cattle/Texas/24-008749-003/2024(H5N1)	1593	6167
HA|PP755589.1|A/cattle/Texas/24-008749-003/2024(H5N1)	1594	6152
HA|PP755589.1|A/cattle/Texas/24-008749-003/2024(H5N1)	1595	5946
HA|PP755589.1|A/cattle/Texas/24-008749-003/2024(H5N1)	1596	5946
HA|PP755589.1|A/cattle/Texas/24-008749-003/2024(H5N1)	1597	6827
HA|PP755589.1|A/cattle/Texas/24-008749-003/2024(H5N1)	1598	6845
HA|PP755589.1|A/cattle/Texas/24-008749-003/2024(H5N1)	1599	6897
HA|PP755589.1|A/cattle/Texas/24-008749-003/2024(H5N1)	1600	6902
HA|PP755589.1|A/cattle/Texas/24-008749-003/2024(H5N1)	1601	6904
HA|PP755589.1|A/cattle/Texas/24-008749-003/2024(H5N1)	1602	6974
HA|PP755589.1|A/cattle/Texas/24-008749-003/2024(H5N1)	1603	6904
HA|PP755589.1|A/cattle/Texas/24-008749-003/2024(H5N1)	1604	6898
HA|PP755589.1|A/cattle/Texas/24-008749-003/2024(H5N1)	1605	6890
HA|PP755589.1|A/cattle/Texas/24-008749-003/2024(H5N1)	1606	6864
HA|PP755589.1|A/cattle/Texas/24-008749-003/2024(H5N1)	1607	6861
HA|PP755589.1|A/cattle/Texas/24-008749-003/2024(H5N1)	1608	6854
HA|PP755589.1|A/cattle/Texas/24-008749-003/2024(H5N1)	1609	6845
HA|PP755589.1|A/cattle/Texas/24-008749-003/2024(H5N1)	1610	6841
HA|PP755589.1|A/cattle/Texas/24-008749-003/2024(H5N1)	1611	6765
HA|PP755589.1|A/cattle/Texas/24-008749-003/2024(H5N1)	1612	6744
HA|PP755589.1|A/cattle/Texas/24-008749-003/2024(H5N1)	1613	6699
HA|PP755589.1|A/cattle/Texas/24-008749-003/2024(H5N1)	1614	6710
HA|PP755589.1|A/cattle/Texas/24-008749-003/2024(H5N1)	1615	6700
HA|PP755589.1|A/cattle/Texas/24-008749-003/2024(H5N1)	1616	6657
HA|PP755589.1|A/cattle/Texas/24-008749-003/2024(H5N1)	1617	6660
HA|PP755589.1|A/cattle/Texas/24-008749-003/2024(H5N1)	1618	6641
HA|PP755589.1|A/cattle/Texas/24-008749-003/2024(H5N1)	1619	6652
HA|PP755589.1|A/cattle/Texas/24-008749-003/2024(H5N1)	1620	6639
HA|PP755589.1|A/cattle/Texas/24-008749-003/2024(H5N1)	1621	6620
HA|PP755589.1|A/cattle/Texas/24-008749-003/2024(H5N1)	1622	6663
HA|PP755589.1|A/cattle/Texas/24-008749-003/2024(H5N1)	1623	6623
HA|PP755589.1|A/cattle/Texas/24-008749-003/2024(H5N1)	1624	6601
HA|PP755589.1|A/cattle/Texas/24-008749-003/2024(H5N1)	1625	6600
HA|PP755589.1|A/cattle/Texas/24-008749-003/2024(H5N1)	1626	6565
HA|PP755589.1|A/cattle/Texas/24-008749-003/2024(H5N1)	1627	6542
HA|PP755589.1|A/cattle/Texas/24-008749-003/2024(H5N1)	1628	6444
HA|PP755589.1|A/cattle/Texas/24-008749-003/2024(H5N1)	1629	6398
HA|PP755589.1|A/cattle/Texas/24-008749-003/2024(H5N1)	1630	6341
HA|PP755589.1|A/cattle/Texas/24-008749-003/2024(H5N1)	1631	5815
HA|PP755589.1|A/cattle/Texas/24-008749-003/2024(H5N1)	1632	5819
HA|PP755589.1|A/cattle/Texas/24-008749-003/2024(H5N1)	1633	5818
HA|PP755589.1|A/cattle/Texas/24-008749-003/2024(H5N1)	1634	5816
HA|PP755589.1|A/cattle/Texas/24-008749-003/2024(H5N1)	1635	5804
HA|PP755589.1|A/cattle/Texas/24-008749-003/2024(H5N1)	1636	5772
HA|PP755589.1|A/cattle/Texas/24-008749-003/2024(H5N1)	1637	5768
HA|PP755589.1|A/cattle/Texas/24-008749-003/2024(H5N1)	1638	5696
HA|PP755589.1|A/cattle/Texas/24-008749-003/2024(H5N1)	1639	5684
HA|PP755589.1|A/cattle/Texas/24-008749-003/2024(H5N1)	1640	5671
HA|PP755589.1|A/cattle/Texas/24-008749-003/2024(H5N1)	1641	5632
HA|PP755589.1|A/cattle/Texas/24-008749-003/2024(H5N1)	1642	5603
HA|PP755589.1|A/cattle/Texas/24-008749-003/2024(H5N1)	1643	5590
HA|PP755589.1|A/cattle/Texas/24-008749-003/2024(H5N1)	1644	5547
HA|PP755589.1|A/cattle/Texas/24-008749-003/2024(H5N1)	1645	5533
HA|PP755589.1|A/cattle/Texas/24-008749-003/2024(H5N1)	1646	5519
HA|PP755589.1|A/cattle/Texas/24-008749-003/2024(H5N1)	1647	5375
HA|PP755589.1|A/cattle/Texas/24-008749-003/2024(H5N1)	1648	5405
HA|PP755589.1|A/cattle/Texas/24-008749-003/2024(H5N1)	1649	5409
HA|PP755589.1|A/cattle/Texas/24-008749-003/2024(H5N1)	1650	5395
HA|PP755589.1|A/cattle/Texas/24-008749-003/2024(H5N1)	1651	5331
HA|PP755589.1|A/cattle/Texas/24-008749-003/2024(H5N1)	1652	5302
HA|PP755589.1|A/cattle/Texas/24-008749-003/2024(H5N1)	1653	5298
HA|PP755589.1|A/cattle/Texas/24-008749-003/2024(H5N1)	1654	5286
HA|PP755589.1|A/cattle/Texas/24-008749-003/2024(H5N1)	1655	5158
HA|PP755589.1|A/cattle/Texas/24-008749-003/2024(H5N1)	1656	5150
HA|PP755589.1|A/cattle/Texas/24-008749-003/2024(H5N1)	1657	4979
HA|PP755589.1|A/cattle/Texas/24-008749-003/2024(H5N1)	1658	4930
HA|PP755589.1|A/cattle/Texas/24-008749-003/2024(H5N1)	1659	4917
HA|PP755589.1|A/cattle/Texas/24-008749-003/2024(H5N1)	1660	4916
HA|PP755589.1|A/cattle/Texas/24-008749-003/2024(H5N1)	1661	4912
HA|PP755589.1|A/cattle/Texas/24-008749-003/2024(H5N1)	1662	4721
HA|PP755589.1|A/cattle/Texas/24-008749-003/2024(H5N1)	1663	4656
HA|PP755589.1|A/cattle/Texas/24-008749-003/2024(H5N1)	1664	4495
HA|PP755589.1|A/cattle/Texas/24-008749-003/2024(H5N1)	1665	4494
HA|PP755589.1|A/cattle/Texas/24-008749-003/2024(H5N1)	1666	4327
HA|PP755589.1|A/cattle/Texas/24-008749-003/2024(H5N1)	1667	4340
HA|PP755589.1|A/cattle/Texas/24-008749-003/2024(H5N1)	1668	4255
HA|PP755589.1|A/cattle/Texas/24-008749-003/2024(H5N1)	1669	4253
HA|PP755589.1|A/cattle/Texas/24-008749-003/2024(H5N1)	1670	4225
HA|PP755589.1|A/cattle/Texas/24-008749-003/2024(H5N1)	1671	4128
HA|PP755589.1|A/cattle/Texas/24-008749-003/2024(H5N1)	1672	4122
HA|PP755589.1|A/cattle/Texas/24-008749-003/2024(H5N1)	1673	4122
HA|PP755589.1|A/cattle/Texas/24-008749-003/2024(H5N1)	1674	4064
HA|PP755589.1|A/cattle/Texas/24-008749-003/2024(H5N1)	1675	4057
HA|PP755589.1|A/cattle/Texas/24-008749-003/2024(H5N1)	1676	3849
HA|PP755589.1|A/cattle/Texas/24-008749-003/2024(H5N1)	1677	3809
HA|PP755589.1|A/cattle/Texas/24-008749-003/2024(H5N1)	1678	3798
HA|PP755589.1|A/cattle/Texas/24-008749-003/2024(H5N1)	1679	3663
HA|PP755589.1|A/cattle/Texas/24-008749-003/2024(H5N1)	1680	3662
HA|PP755589.1|A/cattle/Texas/24-008749-003/2024(H5N1)	1681	3652
HA|PP755589.1|A/cattle/Texas/24-008749-003/2024(H5N1)	1682	3651
HA|PP755589.1|A/cattle/Texas/24-008749-003/2024(H5N1)	1683	3648
HA|PP755589.1|A/cattle/Texas/24-008749-003/2024(H5N1)	1684	3635
HA|PP755589.1|A/cattle/Texas/24-008749-003/2024(H5N1)	1685	3070
HA|PP755589.1|A/cattle/Texas/24-008749-003/2024(H5N1)	1686	3060
HA|PP755589.1|A/cattle/Texas/24-008749-003/2024(H5N1)	1687	2912
HA|PP755589.1|A/cattle/Texas/24-008749-003/2024(H5N1)	1688	2912
HA|PP755589.1|A/cattle/Texas/24-008749-003/2024(H5N1)	1689	2910
HA|PP755589.1|A/cattle/Texas/24-008749-003/2024(H5N1)	1690	2775
HA|PP755589.1|A/cattle/Texas/24-008749-003/2024(H5N1)	1691	2775
HA|PP755589.1|A/cattle/Texas/24-008749-003/2024(H5N1)	1692	2761
HA|PP755589.1|A/cattle/Texas/24-008749-003/2024(H5N1)	1693	2760
HA|PP755589.1|A/cattle/Texas/24-008749-003/2024(H5N1)	1694	2755
HA|PP755589.1|A/cattle/Texas/24-008749-003/2024(H5N1)	1695	2512
HA|PP755589.1|A/cattle/Texas/24-008749-003/2024(H5N1)	1696	2504
HA|PP755589.1|A/cattle/Texas/24-008749-003/2024(H5N1)	1697	2497
HA|PP755589.1|A/cattle/Texas/24-008749-003/2024(H5N1)	1698	2497
HA|PP755589.1|A/cattle/Texas/24-008749-003/2024(H5N1)	1699	2495
HA|PP755589.1|A/cattle/Texas/24-008749-003/2024(H5N1)	1700	2399
HA|PP755589.1|A/cattle/Texas/24-008749-003/2024(H5N1)	1701	2387
HA|PP755589.1|A/cattle/Texas/24-008749-003/2024(H5N1)	1702	2378
HA|PP755589.1|A/cattle/Texas/24-008749-003/2024(H5N1)	1703	2374
HA|PP755589.1|A/cattle/Texas/24-008749-003/2024(H5N1)	1704	2370
