NS|PP755593.1|A/cattle/Texas/24-008749-003/2024(H5N1)	1	1069
NS|PP755593.1|A/cattle/Texas/24-008749-003/2024(H5N1)	2	1072
NS|PP755593.1|A/cattle/Texas/24-008749-003/2024(H5N1)	3	1077
NS|PP755593.1|A/cattle/Texas/24-008749-003/2024(H5N1)	4	1110
NS|PP755593.1|A/cattle/Texas/24-008749-003/2024(H5N1)	5	1171
NS|PP755593.1|A/cattle/Texas/24-008749-003/2024(H5N1)	6	1810
NS|PP755593.1|A/cattle/Texas/24-008749-003/2024(H5N1)	7	1856
NS|PP755593.1|A/cattle/Texas/24-008749-003/2024(H5N1)	8	1896
NS|PP755593.1|A/cattle/Texas/24-008749-003/2024(H5N1)	9	1938
NS|PP755593.1|A/cattle/Texas/24-008749-003/2024(H5N1)	10	1940
NS|PP755593.1|A/cattle/Texas/24-008749-003/2024(H5N1)	11	1991
NS|PP755593.1|A/cattle/Texas/24-008749-003/2024(H5N1)	12	2000
NS|PP755593.1|A/cattle/Texas/24-008749-003/2024(H5N1)	13	2004
NS|PP755593.1|A/cattle/Texas/24-008749-003/2024(H5N1)	14	2020
NS|PP755593.1|A/cattle/Texas/24-008749-003/2024(H5N1)	15	2020
NS|PP755593.1|A/cattle/Texas/24-008749-003/2024(H5N1)	16	2199
NS|PP755593.1|A/cattle/Texas/24-008749-003/2024(H5N1)	17	2205
NS|PP755593.1|A/cattle/Texas/24-008749-003/2024(H5N1)	18	2214
NS|PP755593.1|A/cattle/Texas/24-008749-003/2024(H5N1)	19	2217
NS|PP755593.1|A/cattle/Texas/24-008749-003/2024(H5N1)	20	2217
NS|PP755593.1|A/cattle/Texas/24-008749-003/2024(H5N1)	21	2224
NS|PP755593.1|A/cattle/Texas/24-008749-003/2024(H5N1)	22	2224
NS|PP755593.1|A/cattle/Texas/24-008749-003/2024(H5N1)	23	2241
NS|PP755593.1|A/cattle/Texas/24-008749-003/2024(H5N1)	24	2299
NS|PP755593.1|A/cattle/Texas/24-008749-003/2024(H5N1)	25	2302
NS|PP755593.1|A/cattle/Texas/24-008749-003/2024(H5N1)	26	2321
NS|PP755593.1|A/cattle/Texas/24-008749-003/2024(H5N1)	27	2325
NS|PP755593.1|A/cattle/Texas/24-008749-003/2024(H5N1)	28	2386
NS|PP755593.1|A/cattle/Texas/24-008749-003/2024(H5N1)	29	2386
NS|PP755593.1|A/cattle/Texas/24-008749-003/2024(H5N1)	30	2391
NS|PP755593.1|A/cattle/Texas/24-008749-003/2024(H5N1)	31	2411
NS|PP755593.1|A/cattle/Texas/24-008749-003/2024(H5N1)	32	2411
NS|PP755593.1|A/cattle/Texas/24-008749-003/2024(H5N1)	33	2411
NS|PP755593.1|A/cattle/Texas/24-008749-003/2024(H5N1)	34	2413
NS|PP755593.1|A/cattle/Texas/24-008749-003/2024(H5N1)	35	2423
NS|PP755593.1|A/cattle/Texas/24-008749-003/2024(H5N1)	36	2439
NS|PP755593.1|A/cattle/Texas/24-008749-003/2024(H5N1)	37	2447
NS|PP755593.1|A/cattle/Texas/24-008749-003/2024(H5N1)	38	2482
NS|PP755593.1|A/cattle/Texas/24-008749-003/2024(H5N1)	39	2502
NS|PP755593.1|A/cattle/Texas/24-008749-003/2024(H5N1)	40	2503
NS|PP755593.1|A/cattle/Texas/24-008749-003/2024(H5N1)	41	2521
NS|PP755593.1|A/cattle/Texas/24-008749-003/2024(H5N1)	42	2575
NS|PP755593.1|A/cattle/Texas/24-008749-003/2024(H5N1)	43	2595
NS|PP755593.1|A/cattle/Texas/24-008749-003/2024(H5N1)	44	2608
NS|PP755593.1|A/cattle/Texas/24-008749-003/2024(H5N1)	45	2608
NS|PP755593.1|A/cattle/Texas/24-008749-003/2024(H5N1)	46	2621
NS|PP755593.1|A/cattle/Texas/24-008749-003/2024(H5N1)	47	2620
NS|PP755593.1|A/cattle/Texas/24-008749-003/2024(H5N1)	48	2622
NS|PP755593.1|A/cattle/Texas/24-008749-003/2024(H5N1)	49	2630
NS|PP755593.1|A/cattle/Texas/24-008749-003/2024(H5N1)	50	2619
NS|PP755593.1|A/cattle/Texas/24-008749-003/2024(H5N1)	51	2651
NS|PP755593.1|A/cattle/Texas/24-008749-003/2024(H5N1)	52	2685
NS|PP755593.1|A/cattle/Texas/24-008749-003/2024(H5N1)	53	2691
NS|PP755593.1|A/cattle/Texas/24-008749-003/2024(H5N1)	54	2697
NS|PP755593.1|A/cattle/Texas/24-008749-003/2024(H5N1)	55	2695
NS|PP755593.1|A/cattle/Texas/24-008749-003/2024(H5N1)	56	2685
NS|PP755593.1|A/cattle/Texas/24-008749-003/2024(H5N1)	57	2685
NS|PP755593.1|A/cattle/Texas/24-008749-003/2024(H5N1)	58	2704
NS|PP755593.1|A/cattle/Texas/24-008749-003/2024(H5N1)	59	2704
NS|PP755593.1|A/cattle/Texas/24-008749-003/2024(H5N1)	60	2713
NS|PP755593.1|A/cattle/Texas/24-008749-003/2024(H5N1)	61	2710
NS|PP755593.1|A/cattle/Texas/24-008749-003/2024(H5N1)	62	2711
NS|PP755593.1|A/cattle/Texas/24-008749-003/2024(H5N1)	63	2710
NS|PP755593.1|A/cattle/Texas/24-008749-003/2024(H5N1)	64	2705
NS|PP755593.1|A/cattle/Texas/24-008749-003/2024(H5N1)	65	2719
NS|PP755593.1|A/cattle/Texas/24-008749-003/2024(H5N1)	66	2720
NS|PP755593.1|A/cattle/Texas/24-008749-003/2024(H5N1)	67	2720
NS|PP755593.1|A/cattle/Texas/24-008749-003/2024(H5N1)	68	2828
NS|PP755593.1|A/cattle/Texas/24-008749-003/2024(H5N1)	69	2812
NS|PP755593.1|A/cattle/Texas/24-008749-003/2024(H5N1)	70	2839
NS|PP755593.1|A/cattle/Texas/24-008749-003/2024(H5N1)	71	2921
NS|PP755593.1|A/cattle/Texas/24-008749-003/2024(H5N1)	72	2946
NS|PP755593.1|A/cattle/Texas/24-008749-003/2024(H5N1)	73	2946
NS|PP755593.1|A/cattle/Texas/24-008749-003/2024(H5N1)	74	2937
NS|PP755593.1|A/cattle/Texas/24-008749-003/2024(H5N1)	75	2947
NS|PP755593.1|A/cattle/Texas/24-008749-003/2024(H5N1)	76	3063
NS|PP755593.1|A/cattle/Texas/24-008749-003/2024(H5N1)	77	3067
NS|PP755593.1|A/cattle/Texas/24-008749-003/2024(H5N1)	78	3076
NS|PP755593.1|A/cattle/Texas/24-008749-003/2024(H5N1)	79	3067
NS|PP755593.1|A/cattle/Texas/24-008749-003/2024(H5N1)	80	2964
NS|PP755593.1|A/cattle/Texas/24-008749-003/2024(H5N1)	81	2996
NS|PP755593.1|A/cattle/Texas/24-008749-003/2024(H5N1)	82	3003
NS|PP755593.1|A/cattle/Texas/24-008749-003/2024(H5N1)	83	3022
NS|PP755593.1|A/cattle/Texas/24-008749-003/2024(H5N1)	84	3007
NS|PP755593.1|A/cattle/Texas/24-008749-003/2024(H5N1)	85	2890
NS|PP755593.1|A/cattle/Texas/24-008749-003/2024(H5N1)	86	2898
NS|PP755593.1|A/cattle/Texas/24-008749-003/2024(H5N1)	87	2896
NS|PP755593.1|A/cattle/Texas/24-008749-003/2024(H5N1)	88	2927
NS|PP755593.1|A/cattle/Texas/24-008749-003/2024(H5N1)	89	2980
NS|PP755593.1|A/cattle/Texas/24-008749-003/2024(H5N1)	90	2935
NS|PP755593.1|A/cattle/Texas/24-008749-003/2024(H5N1)	91	2920
NS|PP755593.1|A/cattle/Texas/24-008749-003/2024(H5N1)	92	2861
NS|PP755593.1|A/cattle/Texas/24-008749-003/2024(H5N1)	93	2861
NS|PP755593.1|A/cattle/Texas/24-008749-003/2024(H5N1)	94	2906
NS|PP755593.1|A/cattle/Texas/24-008749-003/2024(H5N1)	95	2916
NS|PP755593.1|A/cattle/Texas/24-008749-003/2024(H5N1)	96	2941
NS|PP755593.1|A/cattle/Texas/24-008749-003/2024(H5N1)	97	2876
NS|PP755593.1|A/cattle/Texas/24-008749-003/2024(H5N1)	98	2821
NS|PP755593.1|A/cattle/Texas/24-008749-003/2024(H5N1)	99	2790
NS|PP755593.1|A/cattle/Texas/24-008749-003/2024(H5N1)	100	2788
NS|PP755593.1|A/cattle/Texas/24-008749-003/2024(H5N1)	101	2789
NS|PP755593.1|A/cattle/Texas/24-008749-003/2024(H5N1)	102	2789
NS|PP755593.1|A/cattle/Texas/24-008749-003/2024(H5N1)	103	2768
NS|PP755593.1|A/cattle/Texas/24-008749-003/2024(H5N1)	104	2742
NS|PP755593.1|A/cattle/Texas/24-008749-003/2024(H5N1)	105	2799
NS|PP755593.1|A/cattle/Texas/24-008749-003/2024(H5N1)	106	2803
NS|PP755593.1|A/cattle/Texas/24-008749-003/2024(H5N1)	107	2807
NS|PP755593.1|A/cattle/Texas/24-008749-003/2024(H5N1)	108	2825
NS|PP755593.1|A/cattle/Texas/24-008749-003/2024(H5N1)	109	2825
NS|PP755593.1|A/cattle/Texas/24-008749-003/2024(H5N1)	110	2841
NS|PP755593.1|A/cattle/Texas/24-008749-003/2024(H5N1)	111	2840
NS|PP755593.1|A/cattle/Texas/24-008749-003/2024(H5N1)	112	2840
NS|PP755593.1|A/cattle/Texas/24-008749-003/2024(H5N1)	113	2842
NS|PP755593.1|A/cattle/Texas/24-008749-003/2024(H5N1)	114	2778
NS|PP755593.1|A/cattle/Texas/24-008749-003/2024(H5N1)	115	2850
NS|PP755593.1|A/cattle/Texas/24-008749-003/2024(H5N1)	116	2858
NS|PP755593.1|A/cattle/Texas/24-008749-003/2024(H5N1)	117	2857
NS|PP755593.1|A/cattle/Texas/24-008749-003/2024(H5N1)	118	2864
NS|PP755593.1|A/cattle/Texas/24-008749-003/2024(H5N1)	119	2850
NS|PP755593.1|A/cattle/Texas/24-008749-003/2024(H5N1)	120	2861
NS|PP755593.1|A/cattle/Texas/24-008749-003/2024(H5N1)	121	2859
NS|PP755593.1|A/cattle/Texas/24-008749-003/2024(H5N1)	122	2837
NS|PP755593.1|A/cattle/Texas/24-008749-003/2024(H5N1)	123	2862
NS|PP755593.1|A/cattle/Texas/24-008749-003/2024(H5N1)	124	2784
NS|PP755593.1|A/cattle/Texas/24-008749-003/2024(H5N1)	125	2673
NS|PP755593.1|A/cattle/Texas/24-008749-003/2024(H5N1)	126	2619
NS|PP755593.1|A/cattle/Texas/24-008749-003/2024(H5N1)	127	2611
NS|PP755593.1|A/cattle/Texas/24-008749-003/2024(H5N1)	128	2608
NS|PP755593.1|A/cattle/Texas/24-008749-003/2024(H5N1)	129	2602
NS|PP755593.1|A/cattle/Texas/24-008749-003/2024(H5N1)	130	2598
NS|PP755593.1|A/cattle/Texas/24-008749-003/2024(H5N1)	131	2692
NS|PP755593.1|A/cattle/Texas/24-008749-003/2024(H5N1)	132	2695
NS|PP755593.1|A/cattle/Texas/24-008749-003/2024(H5N1)	133	2659
NS|PP755593.1|A/cattle/Texas/24-008749-003/2024(H5N1)	134	2526
NS|PP755593.1|A/cattle/Texas/24-008749-003/2024(H5N1)	135	2518
NS|PP755593.1|A/cattle/Texas/24-008749-003/2024(H5N1)	136	2505
NS|PP755593.1|A/cattle/Texas/24-008749-003/2024(H5N1)	137	2509
NS|PP755593.1|A/cattle/Texas/24-008749-003/2024(H5N1)	138	2559
NS|PP755593.1|A/cattle/Texas/24-008749-003/2024(H5N1)	139	2573
NS|PP755593.1|A/cattle/Texas/24-008749-003/2024(H5N1)	140	2479
NS|PP755593.1|A/cattle/Texas/24-008749-003/2024(H5N1)	141	2474
NS|PP755593.1|A/cattle/Texas/24-008749-003/2024(H5N1)	142	2435
NS|PP755593.1|A/cattle/Texas/24-008749-003/2024(H5N1)	143	2457
NS|PP755593.1|A/cattle/Texas/24-008749-003/2024(H5N1)	144	2470
NS|PP755593.1|A/cattle/Texas/24-008749-003/2024(H5N1)	145	2470
NS|PP755593.1|A/cattle/Texas/24-008749-003/2024(H5N1)	146	2592
NS|PP755593.1|A/cattle/Texas/24-008749-003/2024(H5N1)	147	2530
NS|PP755593.1|A/cattle/Texas/24-008749-003/2024(H5N1)	148	2539
NS|PP755593.1|A/cattle/Texas/24-008749-003/2024(H5N1)	149	2478
NS|PP755593.1|A/cattle/Texas/24-008749-003/2024(H5N1)	150	2464
NS|PP755593.1|A/cattle/Texas/24-008749-003/2024(H5N1)	151	2573
NS|PP755593.1|A/cattle/Texas/24-008749-003/2024(H5N1)	152	2574
NS|PP755593.1|A/cattle/Texas/24-008749-003/2024(H5N1)	153	2571
NS|PP755593.1|A/cattle/Texas/24-008749-003/2024(H5N1)	154	2418
NS|PP755593.1|A/cattle/Texas/24-008749-003/2024(H5N1)	155	2140
NS|PP755593.1|A/cattle/Texas/24-008749-003/2024(H5N1)	156	2157
NS|PP755593.1|A/cattle/Texas/24-008749-003/2024(H5N1)	157	2157
NS|PP755593.1|A/cattle/Texas/24-008749-003/2024(H5N1)	158	2162
NS|PP755593.1|A/cattle/Texas/24-008749-003/2024(H5N1)	159	2180
NS|PP755593.1|A/cattle/Texas/24-008749-003/2024(H5N1)	160	2033
NS|PP755593.1|A/cattle/Texas/24-008749-003/2024(H5N1)	161	2029
NS|PP755593.1|A/cattle/Texas/24-008749-003/2024(H5N1)	162	2022
NS|PP755593.1|A/cattle/Texas/24-008749-003/2024(H5N1)	163	2019
NS|PP755593.1|A/cattle/Texas/24-008749-003/2024(H5N1)	164	2089
NS|PP755593.1|A/cattle/Texas/24-008749-003/2024(H5N1)	165	2064
NS|PP755593.1|A/cattle/Texas/24-008749-003/2024(H5N1)	166	2064
NS|PP755593.1|A/cattle/Texas/24-008749-003/2024(H5N1)	167	2046
NS|PP755593.1|A/cattle/Texas/24-008749-003/2024(H5N1)	168	2038
NS|PP755593.1|A/cattle/Texas/24-008749-003/2024(H5N1)	169	2043
NS|PP755593.1|A/cattle/Texas/24-008749-003/2024(H5N1)	170	2042
NS|PP755593.1|A/cattle/Texas/24-008749-003/2024(H5N1)	171	2050
NS|PP755593.1|A/cattle/Texas/24-008749-003/2024(H5N1)	172	2046
NS|PP755593.1|A/cattle/Texas/24-008749-003/2024(H5N1)	173	2024
NS|PP755593.1|A/cattle/Texas/24-008749-003/2024(H5N1)	174	2021
NS|PP755593.1|A/cattle/Texas/24-008749-003/2024(H5N1)	175	2020
NS|PP755593.1|A/cattle/Texas/24-008749-003/2024(H5N1)	176	2017
NS|PP755593.1|A/cattle/Texas/24-008749-003/2024(H5N1)	177	1998
NS|PP755593.1|A/cattle/Texas/24-008749-003/2024(H5N1)	178	1996
NS|PP755593.1|A/cattle/Texas/24-008749-003/2024(H5N1)	179	2002
NS|PP755593.1|A/cattle/Texas/24-008749-003/2024(H5N1)	180	1995
NS|PP755593.1|A/cattle/Texas/24-008749-003/2024(H5N1)	181	2047
NS|PP755593.1|A/cattle/Texas/24-008749-003/2024(H5N1)	182	2054
NS|PP755593.1|A/cattle/Texas/24-008749-003/2024(H5N1)	183	2068
NS|PP755593.1|A/cattle/Texas/24-008749-003/2024(H5N1)	184	2076
NS|PP755593.1|A/cattle/Texas/24-008749-003/2024(H5N1)	185	2068
NS|PP755593.1|A/cattle/Texas/24-008749-003/2024(H5N1)	186	2111
NS|PP755593.1|A/cattle/Texas/24-008749-003/2024(H5N1)	187	2115
NS|PP755593.1|A/cattle/Texas/24-008749-003/2024(H5N1)	188	2143
NS|PP755593.1|A/cattle/Texas/24-008749-003/2024(H5N1)	189	2148
NS|PP755593.1|A/cattle/Texas/24-008749-003/2024(H5N1)	190	2120
NS|PP755593.1|A/cattle/Texas/24-008749-003/2024(H5N1)	191	2130
NS|PP755593.1|A/cattle/Texas/24-008749-003/2024(H5N1)	192	2117
NS|PP755593.1|A/cattle/Texas/24-008749-003/2024(H5N1)	193	2175
NS|PP755593.1|A/cattle/Texas/24-008749-003/2024(H5N1)	194	2155
NS|PP755593.1|A/cattle/Texas/24-008749-003/2024(H5N1)	195	2136
NS|PP755593.1|A/cattle/Texas/24-008749-003/2024(H5N1)	196	2159
NS|PP755593.1|A/cattle/Texas/24-008749-003/2024(H5N1)	197	2126
NS|PP755593.1|A/cattle/Texas/24-008749-003/2024(H5N1)	198	2125
NS|PP755593.1|A/cattle/Texas/24-008749-003/2024(H5N1)	199	2108
NS|PP755593.1|A/cattle/Texas/24-008749-003/2024(H5N1)	200	2136
NS|PP755593.1|A/cattle/Texas/24-008749-003/2024(H5N1)	201	2136
NS|PP755593.1|A/cattle/Texas/24-008749-003/2024(H5N1)	202	2017
NS|PP755593.1|A/cattle/Texas/24-008749-003/2024(H5N1)	203	2008
NS|PP755593.1|A/cattle/Texas/24-008749-003/2024(H5N1)	204	1977
NS|PP755593.1|A/cattle/Texas/24-008749-003/2024(H5N1)	205	1982
NS|PP755593.1|A/cattle/Texas/24-008749-003/2024(H5N1)	206	1979
NS|PP755593.1|A/cattle/Texas/24-008749-003/2024(H5N1)	207	1987
NS|PP755593.1|A/cattle/Texas/24-008749-003/2024(H5N1)	208	1987
NS|PP755593.1|A/cattle/Texas/24-008749-003/2024(H5N1)	209	1938
NS|PP755593.1|A/cattle/Texas/24-008749-003/2024(H5N1)	210	1944
NS|PP755593.1|A/cattle/Texas/24-008749-003/2024(H5N1)	211	1958
NS|PP755593.1|A/cattle/Texas/24-008749-003/2024(H5N1)	212	1955
NS|PP755593.1|A/cattle/Texas/24-008749-003/2024(H5N1)	213	1954
NS|PP755593.1|A/cattle/Texas/24-008749-003/2024(H5N1)	214	1966
NS|PP755593.1|A/cattle/Texas/24-008749-003/2024(H5N1)	215	1963
NS|PP755593.1|A/cattle/Texas/24-008749-003/2024(H5N1)	216	1962
NS|PP755593.1|A/cattle/Texas/24-008749-003/2024(H5N1)	217	1962
NS|PP755593.1|A/cattle/Texas/24-008749-003/2024(H5N1)	218	1966
NS|PP755593.1|A/cattle/Texas/24-008749-003/2024(H5N1)	219	1963
NS|PP755593.1|A/cattle/Texas/24-008749-003/2024(H5N1)	220	1962
NS|PP755593.1|A/cattle/Texas/24-008749-003/2024(H5N1)	221	1964
NS|PP755593.1|A/cattle/Texas/24-008749-003/2024(H5N1)	222	1944
NS|PP755593.1|A/cattle/Texas/24-008749-003/2024(H5N1)	223	1931
NS|PP755593.1|A/cattle/Texas/24-008749-003/2024(H5N1)	224	1885
NS|PP755593.1|A/cattle/Texas/24-008749-003/2024(H5N1)	225	1886
NS|PP755593.1|A/cattle/Texas/24-008749-003/2024(H5N1)	226	1881
NS|PP755593.1|A/cattle/Texas/24-008749-003/2024(H5N1)	227	1852
NS|PP755593.1|A/cattle/Texas/24-008749-003/2024(H5N1)	228	1847
NS|PP755593.1|A/cattle/Texas/24-008749-003/2024(H5N1)	229	1881
NS|PP755593.1|A/cattle/Texas/24-008749-003/2024(H5N1)	230	1884
NS|PP755593.1|A/cattle/Texas/24-008749-003/2024(H5N1)	231	1905
NS|PP755593.1|A/cattle/Texas/24-008749-003/2024(H5N1)	232	1904
NS|PP755593.1|A/cattle/Texas/24-008749-003/2024(H5N1)	233	1906
NS|PP755593.1|A/cattle/Texas/24-008749-003/2024(H5N1)	234	1894
NS|PP755593.1|A/cattle/Texas/24-008749-003/2024(H5N1)	235	1889
NS|PP755593.1|A/cattle/Texas/24-008749-003/2024(H5N1)	236	1892
NS|PP755593.1|A/cattle/Texas/24-008749-003/2024(H5N1)	237	1889
NS|PP755593.1|A/cattle/Texas/24-008749-003/2024(H5N1)	238	1888
NS|PP755593.1|A/cattle/Texas/24-008749-003/2024(H5N1)	239	1870
NS|PP755593.1|A/cattle/Texas/24-008749-003/2024(H5N1)	240	1820
NS|PP755593.1|A/cattle/Texas/24-008749-003/2024(H5N1)	241	1812
NS|PP755593.1|A/cattle/Texas/24-008749-003/2024(H5N1)	242	1814
NS|PP755593.1|A/cattle/Texas/24-008749-003/2024(H5N1)	243	1817
NS|PP755593.1|A/cattle/Texas/24-008749-003/2024(H5N1)	244	1814
NS|PP755593.1|A/cattle/Texas/24-008749-003/2024(H5N1)	245	1879
NS|PP755593.1|A/cattle/Texas/24-008749-003/2024(H5N1)	246	1922
NS|PP755593.1|A/cattle/Texas/24-008749-003/2024(H5N1)	247	1872
NS|PP755593.1|A/cattle/Texas/24-008749-003/2024(H5N1)	248	1901
NS|PP755593.1|A/cattle/Texas/24-008749-003/2024(H5N1)	249	1891
NS|PP755593.1|A/cattle/Texas/24-008749-003/2024(H5N1)	250	1934
NS|PP755593.1|A/cattle/Texas/24-008749-003/2024(H5N1)	251	1922
NS|PP755593.1|A/cattle/Texas/24-008749-003/2024(H5N1)	252	1922
NS|PP755593.1|A/cattle/Texas/24-008749-003/2024(H5N1)	253	1922
NS|PP755593.1|A/cattle/Texas/24-008749-003/2024(H5N1)	254	1802
NS|PP755593.1|A/cattle/Texas/24-008749-003/2024(H5N1)	255	1729
NS|PP755593.1|A/cattle/Texas/24-008749-003/2024(H5N1)	256	1772
NS|PP755593.1|A/cattle/Texas/24-008749-003/2024(H5N1)	257	1757
NS|PP755593.1|A/cattle/Texas/24-008749-003/2024(H5N1)	258	1737
NS|PP755593.1|A/cattle/Texas/24-008749-003/2024(H5N1)	259	1681
NS|PP755593.1|A/cattle/Texas/24-008749-003/2024(H5N1)	260	1686
NS|PP755593.1|A/cattle/Texas/24-008749-003/2024(H5N1)	261	1690
NS|PP755593.1|A/cattle/Texas/24-008749-003/2024(H5N1)	262	1694
NS|PP755593.1|A/cattle/Texas/24-008749-003/2024(H5N1)	263	1694
NS|PP755593.1|A/cattle/Texas/24-008749-003/2024(H5N1)	264	1723
NS|PP755593.1|A/cattle/Texas/24-008749-003/2024(H5N1)	265	1672
NS|PP755593.1|A/cattle/Texas/24-008749-003/2024(H5N1)	266	1781
NS|PP755593.1|A/cattle/Texas/24-008749-003/2024(H5N1)	267	1787
NS|PP755593.1|A/cattle/Texas/24-008749-003/2024(H5N1)	268	1779
NS|PP755593.1|A/cattle/Texas/24-008749-003/2024(H5N1)	269	1787
NS|PP755593.1|A/cattle/Texas/24-008749-003/2024(H5N1)	270	1760
NS|PP755593.1|A/cattle/Texas/24-008749-003/2024(H5N1)	271	1764
NS|PP755593.1|A/cattle/Texas/24-008749-003/2024(H5N1)	272	1755
NS|PP755593.1|A/cattle/Texas/24-008749-003/2024(H5N1)	273	1713
NS|PP755593.1|A/cattle/Texas/24-008749-003/2024(H5N1)	274	1734
NS|PP755593.1|A/cattle/Texas/24-008749-003/2024(H5N1)	275	1611
NS|PP755593.1|A/cattle/Texas/24-008749-003/2024(H5N1)	276	1606
NS|PP755593.1|A/cattle/Texas/24-008749-003/2024(H5N1)	277	1610
NS|PP755593.1|A/cattle/Texas/24-008749-003/2024(H5N1)	278	1615
NS|PP755593.1|A/cattle/Texas/24-008749-003/2024(H5N1)	279	1613
NS|PP755593.1|A/cattle/Texas/24-008749-003/2024(H5N1)	280	1609
NS|PP755593.1|A/cattle/Texas/24-008749-003/2024(H5N1)	281	1690
NS|PP755593.1|A/cattle/Texas/24-008749-003/2024(H5N1)	282	1688
NS|PP755593.1|A/cattle/Texas/24-008749-003/2024(H5N1)	283	1742
NS|PP755593.1|A/cattle/Texas/24-008749-003/2024(H5N1)	284	1737
NS|PP755593.1|A/cattle/Texas/24-008749-003/2024(H5N1)	285	1735
NS|PP755593.1|A/cattle/Texas/24-008749-003/2024(H5N1)	286	1741
NS|PP755593.1|A/cattle/Texas/24-008749-003/2024(H5N1)	287	1799
NS|PP755593.1|A/cattle/Texas/24-008749-003/2024(H5N1)	288	1798
NS|PP755593.1|A/cattle/Texas/24-008749-003/2024(H5N1)	289	1775
NS|PP755593.1|A/cattle/Texas/24-008749-003/2024(H5N1)	290	1644
NS|PP755593.1|A/cattle/Texas/24-008749-003/2024(H5N1)	291	1721
NS|PP755593.1|A/cattle/Texas/24-008749-003/2024(H5N1)	292	1717
NS|PP755593.1|A/cattle/Texas/24-008749-003/2024(H5N1)	293	1757
NS|PP755593.1|A/cattle/Texas/24-008749-003/2024(H5N1)	294	1787
NS|PP755593.1|A/cattle/Texas/24-008749-003/2024(H5N1)	295	1794
NS|PP755593.1|A/cattle/Texas/24-008749-003/2024(H5N1)	296	1797
NS|PP755593.1|A/cattle/Texas/24-008749-003/2024(H5N1)	297	1798
NS|PP755593.1|A/cattle/Texas/24-008749-003/2024(H5N1)	298	1803
NS|PP755593.1|A/cattle/Texas/24-008749-003/2024(H5N1)	299	1803
NS|PP755593.1|A/cattle/Texas/24-008749-003/2024(H5N1)	300	1767
NS|PP755593.1|A/cattle/Texas/24-008749-003/2024(H5N1)	301	1791
NS|PP755593.1|A/cattle/Texas/24-008749-003/2024(H5N1)	302	1759
NS|PP755593.1|A/cattle/Texas/24-008749-003/2024(H5N1)	303	1753
NS|PP755593.1|A/cattle/Texas/24-008749-003/2024(H5N1)	304	1744
NS|PP755593.1|A/cattle/Texas/24-008749-003/2024(H5N1)	305	1868
NS|PP755593.1|A/cattle/Texas/24-008749-003/2024(H5N1)	306	1933
NS|PP755593.1|A/cattle/Texas/24-008749-003/2024(H5N1)	307	1939
NS|PP755593.1|A/cattle/Texas/24-008749-003/2024(H5N1)	308	1938
NS|PP755593.1|A/cattle/Texas/24-008749-003/2024(H5N1)	309	1926
NS|PP755593.1|A/cattle/Texas/24-008749-003/2024(H5N1)	310	1916
NS|PP755593.1|A/cattle/Texas/24-008749-003/2024(H5N1)	311	1918
NS|PP755593.1|A/cattle/Texas/24-008749-003/2024(H5N1)	312	1935
NS|PP755593.1|A/cattle/Texas/24-008749-003/2024(H5N1)	313	1965
NS|PP755593.1|A/cattle/Texas/24-008749-003/2024(H5N1)	314	1846
NS|PP755593.1|A/cattle/Texas/24-008749-003/2024(H5N1)	315	1793
NS|PP755593.1|A/cattle/Texas/24-008749-003/2024(H5N1)	316	1774
NS|PP755593.1|A/cattle/Texas/24-008749-003/2024(H5N1)	317	1780
NS|PP755593.1|A/cattle/Texas/24-008749-003/2024(H5N1)	318	1782
NS|PP755593.1|A/cattle/Texas/24-008749-003/2024(H5N1)	319	1785
NS|PP755593.1|A/cattle/Texas/24-008749-003/2024(H5N1)	320	1782
NS|PP755593.1|A/cattle/Texas/24-008749-003/2024(H5N1)	321	1773
NS|PP755593.1|A/cattle/Texas/24-008749-003/2024(H5N1)	322	1745
NS|PP755593.1|A/cattle/Texas/24-008749-003/2024(H5N1)	323	1760
NS|PP755593.1|A/cattle/Texas/24-008749-003/2024(H5N1)	324	1762
NS|PP755593.1|A/cattle/Texas/24-008749-003/2024(H5N1)	325	1763
NS|PP755593.1|A/cattle/Texas/24-008749-003/2024(H5N1)	326	1758
NS|PP755593.1|A/cattle/Texas/24-008749-003/2024(H5N1)	327	1759
NS|PP755593.1|A/cattle/Texas/24-008749-003/2024(H5N1)	328	1759
NS|PP755593.1|A/cattle/Texas/24-008749-003/2024(H5N1)	329	1760
NS|PP755593.1|A/cattle/Texas/24-008749-003/2024(H5N1)	330	1755
NS|PP755593.1|A/cattle/Texas/24-008749-003/2024(H5N1)	331	1780
NS|PP755593.1|A/cattle/Texas/24-008749-003/2024(H5N1)	332	1748
NS|PP755593.1|A/cattle/Texas/24-008749-003/2024(H5N1)	333	1754
NS|PP755593.1|A/cattle/Texas/24-008749-003/2024(H5N1)	334	1753
NS|PP755593.1|A/cattle/Texas/24-008749-003/2024(H5N1)	335	1752
NS|PP755593.1|A/cattle/Texas/24-008749-003/2024(H5N1)	336	1752
NS|PP755593.1|A/cattle/Texas/24-008749-003/2024(H5N1)	337	1804
NS|PP755593.1|A/cattle/Texas/24-008749-003/2024(H5N1)	338	1812
NS|PP755593.1|A/cattle/Texas/24-008749-003/2024(H5N1)	339	1825
NS|PP755593.1|A/cattle/Texas/24-008749-003/2024(H5N1)	340	1819
NS|PP755593.1|A/cattle/Texas/24-008749-003/2024(H5N1)	341	1828
NS|PP755593.1|A/cattle/Texas/24-008749-003/2024(H5N1)	342	1790
NS|PP755593.1|A/cattle/Texas/24-008749-003/2024(H5N1)	343	1776
NS|PP755593.1|A/cattle/Texas/24-008749-003/2024(H5N1)	344	1777
NS|PP755593.1|A/cattle/Texas/24-008749-003/2024(H5N1)	345	1790
NS|PP755593.1|A/cattle/Texas/24-008749-003/2024(H5N1)	346	1744
NS|PP755593.1|A/cattle/Texas/24-008749-003/2024(H5N1)	347	1808
NS|PP755593.1|A/cattle/Texas/24-008749-003/2024(H5N1)	348	1816
NS|PP755593.1|A/cattle/Texas/24-008749-003/2024(H5N1)	349	1816
NS|PP755593.1|A/cattle/Texas/24-008749-003/2024(H5N1)	350	1802
NS|PP755593.1|A/cattle/Texas/24-008749-003/2024(H5N1)	351	1786
NS|PP755593.1|A/cattle/Texas/24-008749-003/2024(H5N1)	352	1775
NS|PP755593.1|A/cattle/Texas/24-008749-003/2024(H5N1)	353	1880
NS|PP755593.1|A/cattle/Texas/24-008749-003/2024(H5N1)	354	1897
NS|PP755593.1|A/cattle/Texas/24-008749-003/2024(H5N1)	355	1916
NS|PP755593.1|A/cattle/Texas/24-008749-003/2024(H5N1)	356	1866
NS|PP755593.1|A/cattle/Texas/24-008749-003/2024(H5N1)	357	1882
NS|PP755593.1|A/cattle/Texas/24-008749-003/2024(H5N1)	358	1906
NS|PP755593.1|A/cattle/Texas/24-008749-003/2024(H5N1)	359	1910
NS|PP755593.1|A/cattle/Texas/24-008749-003/2024(H5N1)	360	1916
NS|PP755593.1|A/cattle/Texas/24-008749-003/2024(H5N1)	361	1906
NS|PP755593.1|A/cattle/Texas/24-008749-003/2024(H5N1)	362	1782
NS|PP755593.1|A/cattle/Texas/24-008749-003/2024(H5N1)	363	1807
NS|PP755593.1|A/cattle/Texas/24-008749-003/2024(H5N1)	364	1823
NS|PP755593.1|A/cattle/Texas/24-008749-003/2024(H5N1)	365	1835
NS|PP755593.1|A/cattle/Texas/24-008749-003/2024(H5N1)	366	1830
NS|PP755593.1|A/cattle/Texas/24-008749-003/2024(H5N1)	367	1838
NS|PP755593.1|A/cattle/Texas/24-008749-003/2024(H5N1)	368	1836
NS|PP755593.1|A/cattle/Texas/24-008749-003/2024(H5N1)	369	1843
NS|PP755593.1|A/cattle/Texas/24-008749-003/2024(H5N1)	370	1843
NS|PP755593.1|A/cattle/Texas/24-008749-003/2024(H5N1)	371	1841
NS|PP755593.1|A/cattle/Texas/24-008749-003/2024(H5N1)	372	1821
NS|PP755593.1|A/cattle/Texas/24-008749-003/2024(H5N1)	373	1860
NS|PP755593.1|A/cattle/Texas/24-008749-003/2024(H5N1)	374	1859
NS|PP755593.1|A/cattle/Texas/24-008749-003/2024(H5N1)	375	1861
NS|PP755593.1|A/cattle/Texas/24-008749-003/2024(H5N1)	376	1839
NS|PP755593.1|A/cattle/Texas/24-008749-003/2024(H5N1)	377	1838
NS|PP755593.1|A/cattle/Texas/24-008749-003/2024(H5N1)	378	1847
NS|PP755593.1|A/cattle/Texas/24-008749-003/2024(H5N1)	379	1844
NS|PP755593.1|A/cattle/Texas/24-008749-003/2024(H5N1)	380	1844
NS|PP755593.1|A/cattle/Texas/24-008749-003/2024(H5N1)	381	1834
NS|PP755593.1|A/cattle/Texas/24-008749-003/2024(H5N1)	382	1801
NS|PP755593.1|A/cattle/Texas/24-008749-003/2024(H5N1)	383	1801
NS|PP755593.1|A/cattle/Texas/24-008749-003/2024(H5N1)	384	1801
NS|PP755593.1|A/cattle/Texas/24-008749-003/2024(H5N1)	385	1795
NS|PP755593.1|A/cattle/Texas/24-008749-003/2024(H5N1)	386	1721
NS|PP755593.1|A/cattle/Texas/24-008749-003/2024(H5N1)	387	1699
NS|PP755593.1|A/cattle/Texas/24-008749-003/2024(H5N1)	388	1707
NS|PP755593.1|A/cattle/Texas/24-008749-003/2024(H5N1)	389	1708
NS|PP755593.1|A/cattle/Texas/24-008749-003/2024(H5N1)	390	1714
NS|PP755593.1|A/cattle/Texas/24-008749-003/2024(H5N1)	391	1715
NS|PP755593.1|A/cattle/Texas/24-008749-003/2024(H5N1)	392	1717
NS|PP755593.1|A/cattle/Texas/24-008749-003/2024(H5N1)	393	1716
NS|PP755593.1|A/cattle/Texas/24-008749-003/2024(H5N1)	394	1755
NS|PP755593.1|A/cattle/Texas/24-008749-003/2024(H5N1)	395	1758
NS|PP755593.1|A/cattle/Texas/24-008749-003/2024(H5N1)	396	1759
NS|PP755593.1|A/cattle/Texas/24-008749-003/2024(H5N1)	397	1743
NS|PP755593.1|A/cattle/Texas/24-008749-003/2024(H5N1)	398	1761
NS|PP755593.1|A/cattle/Texas/24-008749-003/2024(H5N1)	399	1776
NS|PP755593.1|A/cattle/Texas/24-008749-003/2024(H5N1)	400	1775
NS|PP755593.1|A/cattle/Texas/24-008749-003/2024(H5N1)	401	1777
NS|PP755593.1|A/cattle/Texas/24-008749-003/2024(H5N1)	402	1776
NS|PP755593.1|A/cattle/Texas/24-008749-003/2024(H5N1)	403	1744
NS|PP755593.1|A/cattle/Texas/24-008749-003/2024(H5N1)	404	1762
NS|PP755593.1|A/cattle/Texas/24-008749-003/2024(H5N1)	405	1784
NS|PP755593.1|A/cattle/Texas/24-008749-003/2024(H5N1)	406	1787
NS|PP755593.1|A/cattle/Texas/24-008749-003/2024(H5N1)	407	1753
NS|PP755593.1|A/cattle/Texas/24-008749-003/2024(H5N1)	408	1693
NS|PP755593.1|A/cattle/Texas/24-008749-003/2024(H5N1)	409	1727
NS|PP755593.1|A/cattle/Texas/24-008749-003/2024(H5N1)	410	1721
NS|PP755593.1|A/cattle/Texas/24-008749-003/2024(H5N1)	411	1728
NS|PP755593.1|A/cattle/Texas/24-008749-003/2024(H5N1)	412	1723
NS|PP755593.1|A/cattle/Texas/24-008749-003/2024(H5N1)	413	1750
NS|PP755593.1|A/cattle/Texas/24-008749-003/2024(H5N1)	414	1740
NS|PP755593.1|A/cattle/Texas/24-008749-003/2024(H5N1)	415	1721
NS|PP755593.1|A/cattle/Texas/24-008749-003/2024(H5N1)	416	1723
NS|PP755593.1|A/cattle/Texas/24-008749-003/2024(H5N1)	417	1683
NS|PP755593.1|A/cattle/Texas/24-008749-003/2024(H5N1)	418	1678
NS|PP755593.1|A/cattle/Texas/24-008749-003/2024(H5N1)	419	1708
NS|PP755593.1|A/cattle/Texas/24-008749-003/2024(H5N1)	420	1750
NS|PP755593.1|A/cattle/Texas/24-008749-003/2024(H5N1)	421	1750
NS|PP755593.1|A/cattle/Texas/24-008749-003/2024(H5N1)	422	1749
NS|PP755593.1|A/cattle/Texas/24-008749-003/2024(H5N1)	423	1763
NS|PP755593.1|A/cattle/Texas/24-008749-003/2024(H5N1)	424	1764
NS|PP755593.1|A/cattle/Texas/24-008749-003/2024(H5N1)	425	1761
NS|PP755593.1|A/cattle/Texas/24-008749-003/2024(H5N1)	426	1761
NS|PP755593.1|A/cattle/Texas/24-008749-003/2024(H5N1)	427	1746
NS|PP755593.1|A/cattle/Texas/24-008749-003/2024(H5N1)	428	1993
NS|PP755593.1|A/cattle/Texas/24-008749-003/2024(H5N1)	429	1938
NS|PP755593.1|A/cattle/Texas/24-008749-003/2024(H5N1)	430	1932
NS|PP755593.1|A/cattle/Texas/24-008749-003/2024(H5N1)	431	1930
NS|PP755593.1|A/cattle/Texas/24-008749-003/2024(H5N1)	432	1923
NS|PP755593.1|A/cattle/Texas/24-008749-003/2024(H5N1)	433	2038
NS|PP755593.1|A/cattle/Texas/24-008749-003/2024(H5N1)	434	2013
NS|PP755593.1|A/cattle/Texas/24-008749-003/2024(H5N1)	435	2014
NS|PP755593.1|A/cattle/Texas/24-008749-003/2024(H5N1)	436	2031
NS|PP755593.1|A/cattle/Texas/24-008749-003/2024(H5N1)	437	1782
NS|PP755593.1|A/cattle/Texas/24-008749-003/2024(H5N1)	438	1848
NS|PP755593.1|A/cattle/Texas/24-008749-003/2024(H5N1)	439	1829
NS|PP755593.1|A/cattle/Texas/24-008749-003/2024(H5N1)	440	1836
NS|PP755593.1|A/cattle/Texas/24-008749-003/2024(H5N1)	441	1819
NS|PP755593.1|A/cattle/Texas/24-008749-003/2024(H5N1)	442	1671
NS|PP755593.1|A/cattle/Texas/24-008749-003/2024(H5N1)	443	1705
NS|PP755593.1|A/cattle/Texas/24-008749-003/2024(H5N1)	444	1706
NS|PP755593.1|A/cattle/Texas/24-008749-003/2024(H5N1)	445	1704
NS|PP755593.1|A/cattle/Texas/24-008749-003/2024(H5N1)	446	1702
NS|PP755593.1|A/cattle/Texas/24-008749-003/2024(H5N1)	447	1662
NS|PP755593.1|A/cattle/Texas/24-008749-003/2024(H5N1)	448	1666
NS|PP755593.1|A/cattle/Texas/24-008749-003/2024(H5N1)	449	1695
NS|PP755593.1|A/cattle/Texas/24-008749-003/2024(H5N1)	450	1698
NS|PP755593.1|A/cattle/Texas/24-008749-003/2024(H5N1)	451	1711
NS|PP755593.1|A/cattle/Texas/24-008749-003/2024(H5N1)	452	1726
NS|PP755593.1|A/cattle/Texas/24-008749-003/2024(H5N1)	453	1677
NS|PP755593.1|A/cattle/Texas/24-008749-003/2024(H5N1)	454	1694
NS|PP755593.1|A/cattle/Texas/24-008749-003/2024(H5N1)	455	1695
NS|PP755593.1|A/cattle/Texas/24-008749-003/2024(H5N1)	456	1683
NS|PP755593.1|A/cattle/Texas/24-008749-003/2024(H5N1)	457	1676
NS|PP755593.1|A/cattle/Texas/24-008749-003/2024(H5N1)	458	1641
NS|PP755593.1|A/cattle/Texas/24-008749-003/2024(H5N1)	459	1663
NS|PP755593.1|A/cattle/Texas/24-008749-003/2024(H5N1)	460	1652
NS|PP755593.1|A/cattle/Texas/24-008749-003/2024(H5N1)	461	1695
NS|PP755593.1|A/cattle/Texas/24-008749-003/2024(H5N1)	462	1689
NS|PP755593.1|A/cattle/Texas/24-008749-003/2024(H5N1)	463	1700
NS|PP755593.1|A/cattle/Texas/24-008749-003/2024(H5N1)	464	1697
NS|PP755593.1|A/cattle/Texas/24-008749-003/2024(H5N1)	465	1684
NS|PP755593.1|A/cattle/Texas/24-008749-003/2024(H5N1)	466	1682
NS|PP755593.1|A/cattle/Texas/24-008749-003/2024(H5N1)	467	1691
NS|PP755593.1|A/cattle/Texas/24-008749-003/2024(H5N1)	468	1680
NS|PP755593.1|A/cattle/Texas/24-008749-003/2024(H5N1)	469	1684
NS|PP755593.1|A/cattle/Texas/24-008749-003/2024(H5N1)	470	1648
NS|PP755593.1|A/cattle/Texas/24-008749-003/2024(H5N1)	471	1645
NS|PP755593.1|A/cattle/Texas/24-008749-003/2024(H5N1)	472	1633
NS|PP755593.1|A/cattle/Texas/24-008749-003/2024(H5N1)	473	1643
NS|PP755593.1|A/cattle/Texas/24-008749-003/2024(H5N1)	474	1644
NS|PP755593.1|A/cattle/Texas/24-008749-003/2024(H5N1)	475	1644
NS|PP755593.1|A/cattle/Texas/24-008749-003/2024(H5N1)	476	1671
NS|PP755593.1|A/cattle/Texas/24-008749-003/2024(H5N1)	477	1672
NS|PP755593.1|A/cattle/Texas/24-008749-003/2024(H5N1)	478	1676
NS|PP755593.1|A/cattle/Texas/24-008749-003/2024(H5N1)	479	1676
NS|PP755593.1|A/cattle/Texas/24-008749-003/2024(H5N1)	480	1680
NS|PP755593.1|A/cattle/Texas/24-008749-003/2024(H5N1)	481	1682
NS|PP755593.1|A/cattle/Texas/24-008749-003/2024(H5N1)	482	1695
NS|PP755593.1|A/cattle/Texas/24-008749-003/2024(H5N1)	483	1704
NS|PP755593.1|A/cattle/Texas/24-008749-003/2024(H5N1)	484	1724
NS|PP755593.1|A/cattle/Texas/24-008749-003/2024(H5N1)	485	1732
NS|PP755593.1|A/cattle/Texas/24-008749-003/2024(H5N1)	486	1737
NS|PP755593.1|A/cattle/Texas/24-008749-003/2024(H5N1)	487	1741
NS|PP755593.1|A/cattle/Texas/24-008749-003/2024(H5N1)	488	1730
NS|PP755593.1|A/cattle/Texas/24-008749-003/2024(H5N1)	489	1739
NS|PP755593.1|A/cattle/Texas/24-008749-003/2024(H5N1)	490	1728
NS|PP755593.1|A/cattle/Texas/24-008749-003/2024(H5N1)	491	1726
NS|PP755593.1|A/cattle/Texas/24-008749-003/2024(H5N1)	492	1769
NS|PP755593.1|A/cattle/Texas/24-008749-003/2024(H5N1)	493	1764
NS|PP755593.1|A/cattle/Texas/24-008749-003/2024(H5N1)	494	1785
NS|PP755593.1|A/cattle/Texas/24-008749-003/2024(H5N1)	495	1773
NS|PP755593.1|A/cattle/Texas/24-008749-003/2024(H5N1)	496	1867
NS|PP755593.1|A/cattle/Texas/24-008749-003/2024(H5N1)	497	1879
NS|PP755593.1|A/cattle/Texas/24-008749-003/2024(H5N1)	498	1863
NS|PP755593.1|A/cattle/Texas/24-008749-003/2024(H5N1)	499	1862
NS|PP755593.1|A/cattle/Texas/24-008749-003/2024(H5N1)	500	1857
NS|PP755593.1|A/cattle/Texas/24-008749-003/2024(H5N1)	501	1874
NS|PP755593.1|A/cattle/Texas/24-008749-003/2024(H5N1)	502	1928
NS|PP755593.1|A/cattle/Texas/24-008749-003/2024(H5N1)	503	1951
NS|PP755593.1|A/cattle/Texas/24-008749-003/2024(H5N1)	504	1942
NS|PP755593.1|A/cattle/Texas/24-008749-003/2024(H5N1)	505	1877
NS|PP755593.1|A/cattle/Texas/24-008749-003/2024(H5N1)	506	1942
NS|PP755593.1|A/cattle/Texas/24-008749-003/2024(H5N1)	507	1944
NS|PP755593.1|A/cattle/Texas/24-008749-003/2024(H5N1)	508	1950
NS|PP755593.1|A/cattle/Texas/24-008749-003/2024(H5N1)	509	2031
NS|PP755593.1|A/cattle/Texas/24-008749-003/2024(H5N1)	510	2019
NS|PP755593.1|A/cattle/Texas/24-008749-003/2024(H5N1)	511	2017
NS|PP755593.1|A/cattle/Texas/24-008749-003/2024(H5N1)	512	2004
NS|PP755593.1|A/cattle/Texas/24-008749-003/2024(H5N1)	513	1973
NS|PP755593.1|A/cattle/Texas/24-008749-003/2024(H5N1)	514	1968
NS|PP755593.1|A/cattle/Texas/24-008749-003/2024(H5N1)	515	1902
NS|PP755593.1|A/cattle/Texas/24-008749-003/2024(H5N1)	516	1904
NS|PP755593.1|A/cattle/Texas/24-008749-003/2024(H5N1)	517	1894
NS|PP755593.1|A/cattle/Texas/24-008749-003/2024(H5N1)	518	1840
NS|PP755593.1|A/cattle/Texas/24-008749-003/2024(H5N1)	519	1848
NS|PP755593.1|A/cattle/Texas/24-008749-003/2024(H5N1)	520	1825
NS|PP755593.1|A/cattle/Texas/24-008749-003/2024(H5N1)	521	1823
NS|PP755593.1|A/cattle/Texas/24-008749-003/2024(H5N1)	522	1826
NS|PP755593.1|A/cattle/Texas/24-008749-003/2024(H5N1)	523	1826
NS|PP755593.1|A/cattle/Texas/24-008749-003/2024(H5N1)	524	1824
NS|PP755593.1|A/cattle/Texas/24-008749-003/2024(H5N1)	525	1825
NS|PP755593.1|A/cattle/Texas/24-008749-003/2024(H5N1)	526	1823
NS|PP755593.1|A/cattle/Texas/24-008749-003/2024(H5N1)	527	1845
NS|PP755593.1|A/cattle/Texas/24-008749-003/2024(H5N1)	528	1841
NS|PP755593.1|A/cattle/Texas/24-008749-003/2024(H5N1)	529	1838
NS|PP755593.1|A/cattle/Texas/24-008749-003/2024(H5N1)	530	1891
NS|PP755593.1|A/cattle/Texas/24-008749-003/2024(H5N1)	531	1891
NS|PP755593.1|A/cattle/Texas/24-008749-003/2024(H5N1)	532	1903
NS|PP755593.1|A/cattle/Texas/24-008749-003/2024(H5N1)	533	1905
NS|PP755593.1|A/cattle/Texas/24-008749-003/2024(H5N1)	534	1905
NS|PP755593.1|A/cattle/Texas/24-008749-003/2024(H5N1)	535	1910
NS|PP755593.1|A/cattle/Texas/24-008749-003/2024(H5N1)	536	1896
NS|PP755593.1|A/cattle/Texas/24-008749-003/2024(H5N1)	537	1893
NS|PP755593.1|A/cattle/Texas/24-008749-003/2024(H5N1)	538	1914
NS|PP755593.1|A/cattle/Texas/24-008749-003/2024(H5N1)	539	1883
NS|PP755593.1|A/cattle/Texas/24-008749-003/2024(H5N1)	540	1904
NS|PP755593.1|A/cattle/Texas/24-008749-003/2024(H5N1)	541	1892
NS|PP755593.1|A/cattle/Texas/24-008749-003/2024(H5N1)	542	1881
NS|PP755593.1|A/cattle/Texas/24-008749-003/2024(H5N1)	543	1921
NS|PP755593.1|A/cattle/Texas/24-008749-003/2024(H5N1)	544	1913
NS|PP755593.1|A/cattle/Texas/24-008749-003/2024(H5N1)	545	1927
NS|PP755593.1|A/cattle/Texas/24-008749-003/2024(H5N1)	546	1923
NS|PP755593.1|A/cattle/Texas/24-008749-003/2024(H5N1)	547	1899
NS|PP755593.1|A/cattle/Texas/24-008749-003/2024(H5N1)	548	1911
NS|PP755593.1|A/cattle/Texas/24-008749-003/2024(H5N1)	549	1863
NS|PP755593.1|A/cattle/Texas/24-008749-003/2024(H5N1)	550	1865
NS|PP755593.1|A/cattle/Texas/24-008749-003/2024(H5N1)	551	1904
NS|PP755593.1|A/cattle/Texas/24-008749-003/2024(H5N1)	552	1876
NS|PP755593.1|A/cattle/Texas/24-008749-003/2024(H5N1)	553	1929
NS|PP755593.1|A/cattle/Texas/24-008749-003/2024(H5N1)	554	1913
NS|PP755593.1|A/cattle/Texas/24-008749-003/2024(H5N1)	555	1916
NS|PP755593.1|A/cattle/Texas/24-008749-003/2024(H5N1)	556	1922
NS|PP755593.1|A/cattle/Texas/24-008749-003/2024(H5N1)	557	1910
NS|PP755593.1|A/cattle/Texas/24-008749-003/2024(H5N1)	558	1914
NS|PP755593.1|A/cattle/Texas/24-008749-003/2024(H5N1)	559	1906
NS|PP755593.1|A/cattle/Texas/24-008749-003/2024(H5N1)	560	1844
NS|PP755593.1|A/cattle/Texas/24-008749-003/2024(H5N1)	561	1857
NS|PP755593.1|A/cattle/Texas/24-008749-003/2024(H5N1)	562	1813
NS|PP755593.1|A/cattle/Texas/24-008749-003/2024(H5N1)	563	1831
NS|PP755593.1|A/cattle/Texas/24-008749-003/2024(H5N1)	564	1952
NS|PP755593.1|A/cattle/Texas/24-008749-003/2024(H5N1)	565	1952
NS|PP755593.1|A/cattle/Texas/24-008749-003/2024(H5N1)	566	1954
NS|PP755593.1|A/cattle/Texas/24-008749-003/2024(H5N1)	567	1960
NS|PP755593.1|A/cattle/Texas/24-008749-003/2024(H5N1)	568	1958
NS|PP755593.1|A/cattle/Texas/24-008749-003/2024(H5N1)	569	1977
NS|PP755593.1|A/cattle/Texas/24-008749-003/2024(H5N1)	570	1958
NS|PP755593.1|A/cattle/Texas/24-008749-003/2024(H5N1)	571	1945
NS|PP755593.1|A/cattle/Texas/24-008749-003/2024(H5N1)	572	1960
NS|PP755593.1|A/cattle/Texas/24-008749-003/2024(H5N1)	573	1749
NS|PP755593.1|A/cattle/Texas/24-008749-003/2024(H5N1)	574	1792
NS|PP755593.1|A/cattle/Texas/24-008749-003/2024(H5N1)	575	1779
NS|PP755593.1|A/cattle/Texas/24-008749-003/2024(H5N1)	576	1778
NS|PP755593.1|A/cattle/Texas/24-008749-003/2024(H5N1)	577	1785
NS|PP755593.1|A/cattle/Texas/24-008749-003/2024(H5N1)	578	1759
NS|PP755593.1|A/cattle/Texas/24-008749-003/2024(H5N1)	579	1711
NS|PP755593.1|A/cattle/Texas/24-008749-003/2024(H5N1)	580	1711
NS|PP755593.1|A/cattle/Texas/24-008749-003/2024(H5N1)	581	1668
NS|PP755593.1|A/cattle/Texas/24-008749-003/2024(H5N1)	582	1684
NS|PP755593.1|A/cattle/Texas/24-008749-003/2024(H5N1)	583	1638
NS|PP755593.1|A/cattle/Texas/24-008749-003/2024(H5N1)	584	1634
NS|PP755593.1|A/cattle/Texas/24-008749-003/2024(H5N1)	585	1634
NS|PP755593.1|A/cattle/Texas/24-008749-003/2024(H5N1)	586	1636
NS|PP755593.1|A/cattle/Texas/24-008749-003/2024(H5N1)	587	1649
NS|PP755593.1|A/cattle/Texas/24-008749-003/2024(H5N1)	588	1652
NS|PP755593.1|A/cattle/Texas/24-008749-003/2024(H5N1)	589	1686
NS|PP755593.1|A/cattle/Texas/24-008749-003/2024(H5N1)	590	1686
NS|PP755593.1|A/cattle/Texas/24-008749-003/2024(H5N1)	591	1645
NS|PP755593.1|A/cattle/Texas/24-008749-003/2024(H5N1)	592	1655
NS|PP755593.1|A/cattle/Texas/24-008749-003/2024(H5N1)	593	1656
NS|PP755593.1|A/cattle/Texas/24-008749-003/2024(H5N1)	594	1651
NS|PP755593.1|A/cattle/Texas/24-008749-003/2024(H5N1)	595	1646
NS|PP755593.1|A/cattle/Texas/24-008749-003/2024(H5N1)	596	1640
NS|PP755593.1|A/cattle/Texas/24-008749-003/2024(H5N1)	597	1648
NS|PP755593.1|A/cattle/Texas/24-008749-003/2024(H5N1)	598	1585
NS|PP755593.1|A/cattle/Texas/24-008749-003/2024(H5N1)	599	1585
NS|PP755593.1|A/cattle/Texas/24-008749-003/2024(H5N1)	600	1574
NS|PP755593.1|A/cattle/Texas/24-008749-003/2024(H5N1)	601	1559
NS|PP755593.1|A/cattle/Texas/24-008749-003/2024(H5N1)	602	1556
NS|PP755593.1|A/cattle/Texas/24-008749-003/2024(H5N1)	603	1561
NS|PP755593.1|A/cattle/Texas/24-008749-003/2024(H5N1)	604	1580
NS|PP755593.1|A/cattle/Texas/24-008749-003/2024(H5N1)	605	1570
NS|PP755593.1|A/cattle/Texas/24-008749-003/2024(H5N1)	606	1564
NS|PP755593.1|A/cattle/Texas/24-008749-003/2024(H5N1)	607	1560
NS|PP755593.1|A/cattle/Texas/24-008749-003/2024(H5N1)	608	1543
NS|PP755593.1|A/cattle/Texas/24-008749-003/2024(H5N1)	609	1574
NS|PP755593.1|A/cattle/Texas/24-008749-003/2024(H5N1)	610	1568
NS|PP755593.1|A/cattle/Texas/24-008749-003/2024(H5N1)	611	1567
NS|PP755593.1|A/cattle/Texas/24-008749-003/2024(H5N1)	612	1548
NS|PP755593.1|A/cattle/Texas/24-008749-003/2024(H5N1)	613	1542
NS|PP755593.1|A/cattle/Texas/24-008749-003/2024(H5N1)	614	1585
NS|PP755593.1|A/cattle/Texas/24-008749-003/2024(H5N1)	615	1588
NS|PP755593.1|A/cattle/Texas/24-008749-003/2024(H5N1)	616	1582
NS|PP755593.1|A/cattle/Texas/24-008749-003/2024(H5N1)	617	1662
NS|PP755593.1|A/cattle/Texas/24-008749-003/2024(H5N1)	618	1651
NS|PP755593.1|A/cattle/Texas/24-008749-003/2024(H5N1)	619	1656
NS|PP755593.1|A/cattle/Texas/24-008749-003/2024(H5N1)	620	1657
NS|PP755593.1|A/cattle/Texas/24-008749-003/2024(H5N1)	621	1645
NS|PP755593.1|A/cattle/Texas/24-008749-003/2024(H5N1)	622	1662
NS|PP755593.1|A/cattle/Texas/24-008749-003/2024(H5N1)	623	1621
NS|PP755593.1|A/cattle/Texas/24-008749-003/2024(H5N1)	624	1717
NS|PP755593.1|A/cattle/Texas/24-008749-003/2024(H5N1)	625	1744
NS|PP755593.1|A/cattle/Texas/24-008749-003/2024(H5N1)	626	1658
NS|PP755593.1|A/cattle/Texas/24-008749-003/2024(H5N1)	627	1685
NS|PP755593.1|A/cattle/Texas/24-008749-003/2024(H5N1)	628	1669
NS|PP755593.1|A/cattle/Texas/24-008749-003/2024(H5N1)	629	1702
NS|PP755593.1|A/cattle/Texas/24-008749-003/2024(H5N1)	630	1703
NS|PP755593.1|A/cattle/Texas/24-008749-003/2024(H5N1)	631	1680
NS|PP755593.1|A/cattle/Texas/24-008749-003/2024(H5N1)	632	1707
NS|PP755593.1|A/cattle/Texas/24-008749-003/2024(H5N1)	633	1632
NS|PP755593.1|A/cattle/Texas/24-008749-003/2024(H5N1)	634	1820
NS|PP755593.1|A/cattle/Texas/24-008749-003/2024(H5N1)	635	1918
NS|PP755593.1|A/cattle/Texas/24-008749-003/2024(H5N1)	636	1905
NS|PP755593.1|A/cattle/Texas/24-008749-003/2024(H5N1)	637	1926
NS|PP755593.1|A/cattle/Texas/24-008749-003/2024(H5N1)	638	1899
NS|PP755593.1|A/cattle/Texas/24-008749-003/2024(H5N1)	639	1915
NS|PP755593.1|A/cattle/Texas/24-008749-003/2024(H5N1)	640	1926
NS|PP755593.1|A/cattle/Texas/24-008749-003/2024(H5N1)	641	1894
NS|PP755593.1|A/cattle/Texas/24-008749-003/2024(H5N1)	642	1907
NS|PP755593.1|A/cattle/Texas/24-008749-003/2024(H5N1)	643	1696
NS|PP755593.1|A/cattle/Texas/24-008749-003/2024(H5N1)	644	1847
NS|PP755593.1|A/cattle/Texas/24-008749-003/2024(H5N1)	645	1848
NS|PP755593.1|A/cattle/Texas/24-008749-003/2024(H5N1)	646	1829
NS|PP755593.1|A/cattle/Texas/24-008749-003/2024(H5N1)	647	1826
NS|PP755593.1|A/cattle/Texas/24-008749-003/2024(H5N1)	648	1827
NS|PP755593.1|A/cattle/Texas/24-008749-003/2024(H5N1)	649	1833
NS|PP755593.1|A/cattle/Texas/24-008749-003/2024(H5N1)	650	1835
NS|PP755593.1|A/cattle/Texas/24-008749-003/2024(H5N1)	651	1826
NS|PP755593.1|A/cattle/Texas/24-008749-003/2024(H5N1)	652	1812
NS|PP755593.1|A/cattle/Texas/24-008749-003/2024(H5N1)	653	1714
NS|PP755593.1|A/cattle/Texas/24-008749-003/2024(H5N1)	654	1737
NS|PP755593.1|A/cattle/Texas/24-008749-003/2024(H5N1)	655	1746
NS|PP755593.1|A/cattle/Texas/24-008749-003/2024(H5N1)	656	1748
NS|PP755593.1|A/cattle/Texas/24-008749-003/2024(H5N1)	657	1735
NS|PP755593.1|A/cattle/Texas/24-008749-003/2024(H5N1)	658	1772
NS|PP755593.1|A/cattle/Texas/24-008749-003/2024(H5N1)	659	1778
NS|PP755593.1|A/cattle/Texas/24-008749-003/2024(H5N1)	660	1776
NS|PP755593.1|A/cattle/Texas/24-008749-003/2024(H5N1)	661	1771
NS|PP755593.1|A/cattle/Texas/24-008749-003/2024(H5N1)	662	1772
NS|PP755593.1|A/cattle/Texas/24-008749-003/2024(H5N1)	663	1779
NS|PP755593.1|A/cattle/Texas/24-008749-003/2024(H5N1)	664	1780
NS|PP755593.1|A/cattle/Texas/24-008749-003/2024(H5N1)	665	1782
NS|PP755593.1|A/cattle/Texas/24-008749-003/2024(H5N1)	666	1796
NS|PP755593.1|A/cattle/Texas/24-008749-003/2024(H5N1)	667	1837
NS|PP755593.1|A/cattle/Texas/24-008749-003/2024(H5N1)	668	1821
NS|PP755593.1|A/cattle/Texas/24-008749-003/2024(H5N1)	669	1827
NS|PP755593.1|A/cattle/Texas/24-008749-003/2024(H5N1)	670	1825
NS|PP755593.1|A/cattle/Texas/24-008749-003/2024(H5N1)	671	1889
NS|PP755593.1|A/cattle/Texas/24-008749-003/2024(H5N1)	672	1896
NS|PP755593.1|A/cattle/Texas/24-008749-003/2024(H5N1)	673	1903
NS|PP755593.1|A/cattle/Texas/24-008749-003/2024(H5N1)	674	1928
NS|PP755593.1|A/cattle/Texas/24-008749-003/2024(H5N1)	675	1910
NS|PP755593.1|A/cattle/Texas/24-008749-003/2024(H5N1)	676	1910
NS|PP755593.1|A/cattle/Texas/24-008749-003/2024(H5N1)	677	1913
NS|PP755593.1|A/cattle/Texas/24-008749-003/2024(H5N1)	678	1912
NS|PP755593.1|A/cattle/Texas/24-008749-003/2024(H5N1)	679	1914
NS|PP755593.1|A/cattle/Texas/24-008749-003/2024(H5N1)	680	1932
NS|PP755593.1|A/cattle/Texas/24-008749-003/2024(H5N1)	681	1928
NS|PP755593.1|A/cattle/Texas/24-008749-003/2024(H5N1)	682	1943
NS|PP755593.1|A/cattle/Texas/24-008749-003/2024(H5N1)	683	1919
NS|PP755593.1|A/cattle/Texas/24-008749-003/2024(H5N1)	684	1916
NS|PP755593.1|A/cattle/Texas/24-008749-003/2024(H5N1)	685	1920
NS|PP755593.1|A/cattle/Texas/24-008749-003/2024(H5N1)	686	1921
NS|PP755593.1|A/cattle/Texas/24-008749-003/2024(H5N1)	687	1931
NS|PP755593.1|A/cattle/Texas/24-008749-003/2024(H5N1)	688	1946
NS|PP755593.1|A/cattle/Texas/24-008749-003/2024(H5N1)	689	1859
NS|PP755593.1|A/cattle/Texas/24-008749-003/2024(H5N1)	690	1860
NS|PP755593.1|A/cattle/Texas/24-008749-003/2024(H5N1)	691	1858
NS|PP755593.1|A/cattle/Texas/24-008749-003/2024(H5N1)	692	1864
NS|PP755593.1|A/cattle/Texas/24-008749-003/2024(H5N1)	693	1863
NS|PP755593.1|A/cattle/Texas/24-008749-003/2024(H5N1)	694	1855
NS|PP755593.1|A/cattle/Texas/24-008749-003/2024(H5N1)	695	1949
NS|PP755593.1|A/cattle/Texas/24-008749-003/2024(H5N1)	696	1952
NS|PP755593.1|A/cattle/Texas/24-008749-003/2024(H5N1)	697	1946
NS|PP755593.1|A/cattle/Texas/24-008749-003/2024(H5N1)	698	1946
NS|PP755593.1|A/cattle/Texas/24-008749-003/2024(H5N1)	699	1951
NS|PP755593.1|A/cattle/Texas/24-008749-003/2024(H5N1)	700	1950
NS|PP755593.1|A/cattle/Texas/24-008749-003/2024(H5N1)	701	1946
NS|PP755593.1|A/cattle/Texas/24-008749-003/2024(H5N1)	702	1942
NS|PP755593.1|A/cattle/Texas/24-008749-003/2024(H5N1)	703	1950
NS|PP755593.1|A/cattle/Texas/24-008749-003/2024(H5N1)	704	1849
NS|PP755593.1|A/cattle/Texas/24-008749-003/2024(H5N1)	705	1864
NS|PP755593.1|A/cattle/Texas/24-008749-003/2024(H5N1)	706	1864
NS|PP755593.1|A/cattle/Texas/24-008749-003/2024(H5N1)	707	1855
NS|PP755593.1|A/cattle/Texas/24-008749-003/2024(H5N1)	708	1858
NS|PP755593.1|A/cattle/Texas/24-008749-003/2024(H5N1)	709	1943
NS|PP755593.1|A/cattle/Texas/24-008749-003/2024(H5N1)	710	1941
NS|PP755593.1|A/cattle/Texas/24-008749-003/2024(H5N1)	711	1979
NS|PP755593.1|A/cattle/Texas/24-008749-003/2024(H5N1)	712	1974
NS|PP755593.1|A/cattle/Texas/24-008749-003/2024(H5N1)	713	1991
NS|PP755593.1|A/cattle/Texas/24-008749-003/2024(H5N1)	714	2084
NS|PP755593.1|A/cattle/Texas/24-008749-003/2024(H5N1)	715	2043
NS|PP755593.1|A/cattle/Texas/24-008749-003/2024(H5N1)	716	2040
NS|PP755593.1|A/cattle/Texas/24-008749-003/2024(H5N1)	717	2058
NS|PP755593.1|A/cattle/Texas/24-008749-003/2024(H5N1)	718	2012
NS|PP755593.1|A/cattle/Texas/24-008749-003/2024(H5N1)	719	2100
NS|PP755593.1|A/cattle/Texas/24-008749-003/2024(H5N1)	720	2082
NS|PP755593.1|A/cattle/Texas/24-008749-003/2024(H5N1)	721	2084
NS|PP755593.1|A/cattle/Texas/24-008749-003/2024(H5N1)	722	2068
NS|PP755593.1|A/cattle/Texas/24-008749-003/2024(H5N1)	723	2071
NS|PP755593.1|A/cattle/Texas/24-008749-003/2024(H5N1)	724	2150
NS|PP755593.1|A/cattle/Texas/24-008749-003/2024(H5N1)	725	2121
NS|PP755593.1|A/cattle/Texas/24-008749-003/2024(H5N1)	726	2114
NS|PP755593.1|A/cattle/Texas/24-008749-003/2024(H5N1)	727	2094
NS|PP755593.1|A/cattle/Texas/24-008749-003/2024(H5N1)	728	2102
NS|PP755593.1|A/cattle/Texas/24-008749-003/2024(H5N1)	729	2122
NS|PP755593.1|A/cattle/Texas/24-008749-003/2024(H5N1)	730	2139
NS|PP755593.1|A/cattle/Texas/24-008749-003/2024(H5N1)	731	2176
NS|PP755593.1|A/cattle/Texas/24-008749-003/2024(H5N1)	732	2177
NS|PP755593.1|A/cattle/Texas/24-008749-003/2024(H5N1)	733	2154
NS|PP755593.1|A/cattle/Texas/24-008749-003/2024(H5N1)	734	2209
NS|PP755593.1|A/cattle/Texas/24-008749-003/2024(H5N1)	735	2213
NS|PP755593.1|A/cattle/Texas/24-008749-003/2024(H5N1)	736	2225
NS|PP755593.1|A/cattle/Texas/24-008749-003/2024(H5N1)	737	2200
NS|PP755593.1|A/cattle/Texas/24-008749-003/2024(H5N1)	738	2178
NS|PP755593.1|A/cattle/Texas/24-008749-003/2024(H5N1)	739	2151
NS|PP755593.1|A/cattle/Texas/24-008749-003/2024(H5N1)	740	2118
NS|PP755593.1|A/cattle/Texas/24-008749-003/2024(H5N1)	741	2134
NS|PP755593.1|A/cattle/Texas/24-008749-003/2024(H5N1)	742	2133
NS|PP755593.1|A/cattle/Texas/24-008749-003/2024(H5N1)	743	2145
NS|PP755593.1|A/cattle/Texas/24-008749-003/2024(H5N1)	744	2142
NS|PP755593.1|A/cattle/Texas/24-008749-003/2024(H5N1)	745	2165
NS|PP755593.1|A/cattle/Texas/24-008749-003/2024(H5N1)	746	2165
NS|PP755593.1|A/cattle/Texas/24-008749-003/2024(H5N1)	747	2163
NS|PP755593.1|A/cattle/Texas/24-008749-003/2024(H5N1)	748	2163
NS|PP755593.1|A/cattle/Texas/24-008749-003/2024(H5N1)	749	2151
NS|PP755593.1|A/cattle/Texas/24-008749-003/2024(H5N1)	750	2198
NS|PP755593.1|A/cattle/Texas/24-008749-003/2024(H5N1)	751	2181
NS|PP755593.1|A/cattle/Texas/24-008749-003/2024(H5N1)	752	2164
NS|PP755593.1|A/cattle/Texas/24-008749-003/2024(H5N1)	753	2164
NS|PP755593.1|A/cattle/Texas/24-008749-003/2024(H5N1)	754	2138
NS|PP755593.1|A/cattle/Texas/24-008749-003/2024(H5N1)	755	2132
NS|PP755593.1|A/cattle/Texas/24-008749-003/2024(H5N1)	756	2132
NS|PP755593.1|A/cattle/Texas/24-008749-003/2024(H5N1)	757	2133
NS|PP755593.1|A/cattle/Texas/24-008749-003/2024(H5N1)	758	2149
NS|PP755593.1|A/cattle/Texas/24-008749-003/2024(H5N1)	759	2128
NS|PP755593.1|A/cattle/Texas/24-008749-003/2024(H5N1)	760	2167
NS|PP755593.1|A/cattle/Texas/24-008749-003/2024(H5N1)	761	2167
NS|PP755593.1|A/cattle/Texas/24-008749-003/2024(H5N1)	762	2171
NS|PP755593.1|A/cattle/Texas/24-008749-003/2024(H5N1)	763	2166
NS|PP755593.1|A/cattle/Texas/24-008749-003/2024(H5N1)	764	2177
NS|PP755593.1|A/cattle/Texas/24-008749-003/2024(H5N1)	765	2234
NS|PP755593.1|A/cattle/Texas/24-008749-003/2024(H5N1)	766	2231
NS|PP755593.1|A/cattle/Texas/24-008749-003/2024(H5N1)	767	2217
NS|PP755593.1|A/cattle/Texas/24-008749-003/2024(H5N1)	768	2160
NS|PP755593.1|A/cattle/Texas/24-008749-003/2024(H5N1)	769	2149
NS|PP755593.1|A/cattle/Texas/24-008749-003/2024(H5N1)	770	2162
NS|PP755593.1|A/cattle/Texas/24-008749-003/2024(H5N1)	771	2158
NS|PP755593.1|A/cattle/Texas/24-008749-003/2024(H5N1)	772	2155
NS|PP755593.1|A/cattle/Texas/24-008749-003/2024(H5N1)	773	2149
NS|PP755593.1|A/cattle/Texas/24-008749-003/2024(H5N1)	774	2049
NS|PP755593.1|A/cattle/Texas/24-008749-003/2024(H5N1)	775	1996
NS|PP755593.1|A/cattle/Texas/24-008749-003/2024(H5N1)	776	2003
NS|PP755593.1|A/cattle/Texas/24-008749-003/2024(H5N1)	777	2127
NS|PP755593.1|A/cattle/Texas/24-008749-003/2024(H5N1)	778	2089
NS|PP755593.1|A/cattle/Texas/24-008749-003/2024(H5N1)	779	2064
NS|PP755593.1|A/cattle/Texas/24-008749-003/2024(H5N1)	780	2066
NS|PP755593.1|A/cattle/Texas/24-008749-003/2024(H5N1)	781	2065
NS|PP755593.1|A/cattle/Texas/24-008749-003/2024(H5N1)	782	2071
NS|PP755593.1|A/cattle/Texas/24-008749-003/2024(H5N1)	783	2073
NS|PP755593.1|A/cattle/Texas/24-008749-003/2024(H5N1)	784	2080
NS|PP755593.1|A/cattle/Texas/24-008749-003/2024(H5N1)	785	2002
NS|PP755593.1|A/cattle/Texas/24-008749-003/2024(H5N1)	786	1794
NS|PP755593.1|A/cattle/Texas/24-008749-003/2024(H5N1)	787	1784
NS|PP755593.1|A/cattle/Texas/24-008749-003/2024(H5N1)	788	1746
NS|PP755593.1|A/cattle/Texas/24-008749-003/2024(H5N1)	789	1738
NS|PP755593.1|A/cattle/Texas/24-008749-003/2024(H5N1)	790	1777
NS|PP755593.1|A/cattle/Texas/24-008749-003/2024(H5N1)	791	1729
NS|PP755593.1|A/cattle/Texas/24-008749-003/2024(H5N1)	792	1727
NS|PP755593.1|A/cattle/Texas/24-008749-003/2024(H5N1)	793	1710
NS|PP755593.1|A/cattle/Texas/24-008749-003/2024(H5N1)	794	1705
NS|PP755593.1|A/cattle/Texas/24-008749-003/2024(H5N1)	795	1677
NS|PP755593.1|A/cattle/Texas/24-008749-003/2024(H5N1)	796	1676
NS|PP755593.1|A/cattle/Texas/24-008749-003/2024(H5N1)	797	1678
NS|PP755593.1|A/cattle/Texas/24-008749-003/2024(H5N1)	798	1667
NS|PP755593.1|A/cattle/Texas/24-008749-003/2024(H5N1)	799	1628
NS|PP755593.1|A/cattle/Texas/24-008749-003/2024(H5N1)	800	1648
NS|PP755593.1|A/cattle/Texas/24-008749-003/2024(H5N1)	801	1646
NS|PP755593.1|A/cattle/Texas/24-008749-003/2024(H5N1)	802	1643
NS|PP755593.1|A/cattle/Texas/24-008749-003/2024(H5N1)	803	1632
NS|PP755593.1|A/cattle/Texas/24-008749-003/2024(H5N1)	804	1606
NS|PP755593.1|A/cattle/Texas/24-008749-003/2024(H5N1)	805	1613
NS|PP755593.1|A/cattle/Texas/24-008749-003/2024(H5N1)	806	1615
NS|PP755593.1|A/cattle/Texas/24-008749-003/2024(H5N1)	807	1613
NS|PP755593.1|A/cattle/Texas/24-008749-003/2024(H5N1)	808	1630
NS|PP755593.1|A/cattle/Texas/24-008749-003/2024(H5N1)	809	1528
NS|PP755593.1|A/cattle/Texas/24-008749-003/2024(H5N1)	810	1528
NS|PP755593.1|A/cattle/Texas/24-008749-003/2024(H5N1)	811	1523
NS|PP755593.1|A/cattle/Texas/24-008749-003/2024(H5N1)	812	1519
NS|PP755593.1|A/cattle/Texas/24-008749-003/2024(H5N1)	813	1526
NS|PP755593.1|A/cattle/Texas/24-008749-003/2024(H5N1)	814	1511
NS|PP755593.1|A/cattle/Texas/24-008749-003/2024(H5N1)	815	1506
NS|PP755593.1|A/cattle/Texas/24-008749-003/2024(H5N1)	816	1500
NS|PP755593.1|A/cattle/Texas/24-008749-003/2024(H5N1)	817	1368
NS|PP755593.1|A/cattle/Texas/24-008749-003/2024(H5N1)	818	1365
NS|PP755593.1|A/cattle/Texas/24-008749-003/2024(H5N1)	819	1365
NS|PP755593.1|A/cattle/Texas/24-008749-003/2024(H5N1)	820	1348
NS|PP755593.1|A/cattle/Texas/24-008749-003/2024(H5N1)	821	1348
NS|PP755593.1|A/cattle/Texas/24-008749-003/2024(H5N1)	822	1315
NS|PP755593.1|A/cattle/Texas/24-008749-003/2024(H5N1)	823	1310
NS|PP755593.1|A/cattle/Texas/24-008749-003/2024(H5N1)	824	1298
NS|PP755593.1|A/cattle/Texas/24-008749-003/2024(H5N1)	825	1289
NS|PP755593.1|A/cattle/Texas/24-008749-003/2024(H5N1)	826	1289
NS|PP755593.1|A/cattle/Texas/24-008749-003/2024(H5N1)	827	1289
NS|PP755593.1|A/cattle/Texas/24-008749-003/2024(H5N1)	828	1285
NS|PP755593.1|A/cattle/Texas/24-008749-003/2024(H5N1)	829	1285
NS|PP755593.1|A/cattle/Texas/24-008749-003/2024(H5N1)	830	1261
NS|PP755593.1|A/cattle/Texas/24-008749-003/2024(H5N1)	831	1229
NS|PP755593.1|A/cattle/Texas/24-008749-003/2024(H5N1)	832	1227
NS|PP755593.1|A/cattle/Texas/24-008749-003/2024(H5N1)	833	1206
NS|PP755593.1|A/cattle/Texas/24-008749-003/2024(H5N1)	834	1202
NS|PP755593.1|A/cattle/Texas/24-008749-003/2024(H5N1)	835	1197
NS|PP755593.1|A/cattle/Texas/24-008749-003/2024(H5N1)	836	1196
NS|PP755593.1|A/cattle/Texas/24-008749-003/2024(H5N1)	837	1189
NS|PP755593.1|A/cattle/Texas/24-008749-003/2024(H5N1)	838	1177
