NA|PP755591.1|A/cattle/Texas/24-008749-003/2024(H5N1)	1	1850
NA|PP755591.1|A/cattle/Texas/24-008749-003/2024(H5N1)	2	1851
NA|PP755591.1|A/cattle/Texas/24-008749-003/2024(H5N1)	3	1859
NA|PP755591.1|A/cattle/Texas/24-008749-003/2024(H5N1)	4	1867
NA|PP755591.1|A/cattle/Texas/24-008749-003/2024(H5N1)	5	1893
NA|PP755591.1|A/cattle/Texas/24-008749-003/2024(H5N1)	6	1898
NA|PP755591.1|A/cattle/Texas/24-008749-003/2024(H5N1)	7	1916
NA|PP755591.1|A/cattle/Texas/24-008749-003/2024(H5N1)	8	1917
NA|PP755591.1|A/cattle/Texas/24-008749-003/2024(H5N1)	9	1918
NA|PP755591.1|A/cattle/Texas/24-008749-003/2024(H5N1)	10	1955
NA|PP755591.1|A/cattle/Texas/24-008749-003/2024(H5N1)	11	1966
NA|PP755591.1|A/cattle/Texas/24-008749-003/2024(H5N1)	12	1979
NA|PP755591.1|A/cattle/Texas/24-008749-003/2024(H5N1)	13	1984
NA|PP755591.1|A/cattle/Texas/24-008749-003/2024(H5N1)	14	1991
NA|PP755591.1|A/cattle/Texas/24-008749-003/2024(H5N1)	15	2029
NA|PP755591.1|A/cattle/Texas/24-008749-003/2024(H5N1)	16	2047
NA|PP755591.1|A/cattle/Texas/24-008749-003/2024(H5N1)	17	2052
NA|PP755591.1|A/cattle/Texas/24-008749-003/2024(H5N1)	18	2179
NA|PP755591.1|A/cattle/Texas/24-008749-003/2024(H5N1)	19	2246
NA|PP755591.1|A/cattle/Texas/24-008749-003/2024(H5N1)	20	2248
NA|PP755591.1|A/cattle/Texas/24-008749-003/2024(H5N1)	21	2275
NA|PP755591.1|A/cattle/Texas/24-008749-003/2024(H5N1)	22	2288
NA|PP755591.1|A/cattle/Texas/24-008749-003/2024(H5N1)	23	2317
NA|PP755591.1|A/cattle/Texas/24-008749-003/2024(H5N1)	24	2325
NA|PP755591.1|A/cattle/Texas/24-008749-003/2024(H5N1)	25	2334
NA|PP755591.1|A/cattle/Texas/24-008749-003/2024(H5N1)	26	2570
NA|PP755591.1|A/cattle/Texas/24-008749-003/2024(H5N1)	27	2588
NA|PP755591.1|A/cattle/Texas/24-008749-003/2024(H5N1)	28	2588
NA|PP755591.1|A/cattle/Texas/24-008749-003/2024(H5N1)	29	2654
NA|PP755591.1|A/cattle/Texas/24-008749-003/2024(H5N1)	30	2674
NA|PP755591.1|A/cattle/Texas/24-008749-003/2024(H5N1)	31	2850
NA|PP755591.1|A/cattle/Texas/24-008749-003/2024(H5N1)	32	2852
NA|PP755591.1|A/cattle/Texas/24-008749-003/2024(H5N1)	33	2861
NA|PP755591.1|A/cattle/Texas/24-008749-003/2024(H5N1)	34	2874
NA|PP755591.1|A/cattle/Texas/24-008749-003/2024(H5N1)	35	2910
NA|PP755591.1|A/cattle/Texas/24-008749-003/2024(H5N1)	36	2968
NA|PP755591.1|A/cattle/Texas/24-008749-003/2024(H5N1)	37	2991
NA|PP755591.1|A/cattle/Texas/24-008749-003/2024(H5N1)	38	3017
NA|PP755591.1|A/cattle/Texas/24-008749-003/2024(H5N1)	39	3086
NA|PP755591.1|A/cattle/Texas/24-008749-003/2024(H5N1)	40	3148
NA|PP755591.1|A/cattle/Texas/24-008749-003/2024(H5N1)	41	3402
NA|PP755591.1|A/cattle/Texas/24-008749-003/2024(H5N1)	42	3400
NA|PP755591.1|A/cattle/Texas/24-008749-003/2024(H5N1)	43	3404
NA|PP755591.1|A/cattle/Texas/24-008749-003/2024(H5N1)	44	3430
NA|PP755591.1|A/cattle/Texas/24-008749-003/2024(H5N1)	45	3442
NA|PP755591.1|A/cattle/Texas/24-008749-003/2024(H5N1)	46	3572
NA|PP755591.1|A/cattle/Texas/24-008749-003/2024(H5N1)	47	3578
NA|PP755591.1|A/cattle/Texas/24-008749-003/2024(H5N1)	48	3600
NA|PP755591.1|A/cattle/Texas/24-008749-003/2024(H5N1)	49	3600
NA|PP755591.1|A/cattle/Texas/24-008749-003/2024(H5N1)	50	3642
NA|PP755591.1|A/cattle/Texas/24-008749-003/2024(H5N1)	51	3653
NA|PP755591.1|A/cattle/Texas/24-008749-003/2024(H5N1)	52	3763
NA|PP755591.1|A/cattle/Texas/24-008749-003/2024(H5N1)	53	3766
NA|PP755591.1|A/cattle/Texas/24-008749-003/2024(H5N1)	54	3768
NA|PP755591.1|A/cattle/Texas/24-008749-003/2024(H5N1)	55	3803
NA|PP755591.1|A/cattle/Texas/24-008749-003/2024(H5N1)	56	3814
NA|PP755591.1|A/cattle/Texas/24-008749-003/2024(H5N1)	57	3882
NA|PP755591.1|A/cattle/Texas/24-008749-003/2024(H5N1)	58	3905
NA|PP755591.1|A/cattle/Texas/24-008749-003/2024(H5N1)	59	3911
NA|PP755591.1|A/cattle/Texas/24-008749-003/2024(H5N1)	60	3921
NA|PP755591.1|A/cattle/Texas/24-008749-003/2024(H5N1)	61	3909
NA|PP755591.1|A/cattle/Texas/24-008749-003/2024(H5N1)	62	4018
NA|PP755591.1|A/cattle/Texas/24-008749-003/2024(H5N1)	63	4088
NA|PP755591.1|A/cattle/Texas/24-008749-003/2024(H5N1)	64	4088
NA|PP755591.1|A/cattle/Texas/24-008749-003/2024(H5N1)	65	4100
NA|PP755591.1|A/cattle/Texas/24-008749-003/2024(H5N1)	66	4094
NA|PP755591.1|A/cattle/Texas/24-008749-003/2024(H5N1)	67	4117
NA|PP755591.1|A/cattle/Texas/24-008749-003/2024(H5N1)	68	4119
NA|PP755591.1|A/cattle/Texas/24-008749-003/2024(H5N1)	69	4127
NA|PP755591.1|A/cattle/Texas/24-008749-003/2024(H5N1)	70	4152
NA|PP755591.1|A/cattle/Texas/24-008749-003/2024(H5N1)	71	4115
NA|PP755591.1|A/cattle/Texas/24-008749-003/2024(H5N1)	72	4137
NA|PP755591.1|A/cattle/Texas/24-008749-003/2024(H5N1)	73	4146
NA|PP755591.1|A/cattle/Texas/24-008749-003/2024(H5N1)	74	4146
NA|PP755591.1|A/cattle/Texas/24-008749-003/2024(H5N1)	75	4148
NA|PP755591.1|A/cattle/Texas/24-008749-003/2024(H5N1)	76	4146
NA|PP755591.1|A/cattle/Texas/24-008749-003/2024(H5N1)	77	4159
NA|PP755591.1|A/cattle/Texas/24-008749-003/2024(H5N1)	78	4156
NA|PP755591.1|A/cattle/Texas/24-008749-003/2024(H5N1)	79	4155
NA|PP755591.1|A/cattle/Texas/24-008749-003/2024(H5N1)	80	4155
NA|PP755591.1|A/cattle/Texas/24-008749-003/2024(H5N1)	81	4166
NA|PP755591.1|A/cattle/Texas/24-008749-003/2024(H5N1)	82	4189
NA|PP755591.1|A/cattle/Texas/24-008749-003/2024(H5N1)	83	4215
NA|PP755591.1|A/cattle/Texas/24-008749-003/2024(H5N1)	84	4267
NA|PP755591.1|A/cattle/Texas/24-008749-003/2024(H5N1)	85	4261
NA|PP755591.1|A/cattle/Texas/24-008749-003/2024(H5N1)	86	4272
NA|PP755591.1|A/cattle/Texas/24-008749-003/2024(H5N1)	87	4307
NA|PP755591.1|A/cattle/Texas/24-008749-003/2024(H5N1)	88	4340
NA|PP755591.1|A/cattle/Texas/24-008749-003/2024(H5N1)	89	4389
NA|PP755591.1|A/cattle/Texas/24-008749-003/2024(H5N1)	90	4391
NA|PP755591.1|A/cattle/Texas/24-008749-003/2024(H5N1)	91	4388
NA|PP755591.1|A/cattle/Texas/24-008749-003/2024(H5N1)	92	4655
NA|PP755591.1|A/cattle/Texas/24-008749-003/2024(H5N1)	93	4647
NA|PP755591.1|A/cattle/Texas/24-008749-003/2024(H5N1)	94	4737
NA|PP755591.1|A/cattle/Texas/24-008749-003/2024(H5N1)	95	4735
NA|PP755591.1|A/cattle/Texas/24-008749-003/2024(H5N1)	96	4732
NA|PP755591.1|A/cattle/Texas/24-008749-003/2024(H5N1)	97	4734
NA|PP755591.1|A/cattle/Texas/24-008749-003/2024(H5N1)	98	4870
NA|PP755591.1|A/cattle/Texas/24-008749-003/2024(H5N1)	99	4885
NA|PP755591.1|A/cattle/Texas/24-008749-003/2024(H5N1)	100	4890
NA|PP755591.1|A/cattle/Texas/24-008749-003/2024(H5N1)	101	4841
NA|PP755591.1|A/cattle/Texas/24-008749-003/2024(H5N1)	102	4850
NA|PP755591.1|A/cattle/Texas/24-008749-003/2024(H5N1)	103	4846
NA|PP755591.1|A/cattle/Texas/24-008749-003/2024(H5N1)	104	4850
NA|PP755591.1|A/cattle/Texas/24-008749-003/2024(H5N1)	105	4873
NA|PP755591.1|A/cattle/Texas/24-008749-003/2024(H5N1)	106	4873
NA|PP755591.1|A/cattle/Texas/24-008749-003/2024(H5N1)	107	4842
NA|PP755591.1|A/cattle/Texas/24-008749-003/2024(H5N1)	108	4848
NA|PP755591.1|A/cattle/Texas/24-008749-003/2024(H5N1)	109	4868
NA|PP755591.1|A/cattle/Texas/24-008749-003/2024(H5N1)	110	4873
NA|PP755591.1|A/cattle/Texas/24-008749-003/2024(H5N1)	111	4883
NA|PP755591.1|A/cattle/Texas/24-008749-003/2024(H5N1)	112	4903
NA|PP755591.1|A/cattle/Texas/24-008749-003/2024(H5N1)	113	4908
NA|PP755591.1|A/cattle/Texas/24-008749-003/2024(H5N1)	114	4909
NA|PP755591.1|A/cattle/Texas/24-008749-003/2024(H5N1)	115	4910
NA|PP755591.1|A/cattle/Texas/24-008749-003/2024(H5N1)	116	4926
NA|PP755591.1|A/cattle/Texas/24-008749-003/2024(H5N1)	117	4926
NA|PP755591.1|A/cattle/Texas/24-008749-003/2024(H5N1)	118	4927
NA|PP755591.1|A/cattle/Texas/24-008749-003/2024(H5N1)	119	4941
NA|PP755591.1|A/cattle/Texas/24-008749-003/2024(H5N1)	120	4925
NA|PP755591.1|A/cattle/Texas/24-008749-003/2024(H5N1)	121	4941
NA|PP755591.1|A/cattle/Texas/24-008749-003/2024(H5N1)	122	5009
NA|PP755591.1|A/cattle/Texas/24-008749-003/2024(H5N1)	123	5024
NA|PP755591.1|A/cattle/Texas/24-008749-003/2024(H5N1)	124	5050
NA|PP755591.1|A/cattle/Texas/24-008749-003/2024(H5N1)	125	5189
NA|PP755591.1|A/cattle/Texas/24-008749-003/2024(H5N1)	126	5197
NA|PP755591.1|A/cattle/Texas/24-008749-003/2024(H5N1)	127	5206
NA|PP755591.1|A/cattle/Texas/24-008749-003/2024(H5N1)	128	5224
NA|PP755591.1|A/cattle/Texas/24-008749-003/2024(H5N1)	129	5328
NA|PP755591.1|A/cattle/Texas/24-008749-003/2024(H5N1)	130	5318
NA|PP755591.1|A/cattle/Texas/24-008749-003/2024(H5N1)	131	4762
NA|PP755591.1|A/cattle/Texas/24-008749-003/2024(H5N1)	132	4484
NA|PP755591.1|A/cattle/Texas/24-008749-003/2024(H5N1)	133	4445
NA|PP755591.1|A/cattle/Texas/24-008749-003/2024(H5N1)	134	4979
NA|PP755591.1|A/cattle/Texas/24-008749-003/2024(H5N1)	135	5020
NA|PP755591.1|A/cattle/Texas/24-008749-003/2024(H5N1)	136	5077
NA|PP755591.1|A/cattle/Texas/24-008749-003/2024(H5N1)	137	5065
NA|PP755591.1|A/cattle/Texas/24-008749-003/2024(H5N1)	138	5216
NA|PP755591.1|A/cattle/Texas/24-008749-003/2024(H5N1)	139	5271
NA|PP755591.1|A/cattle/Texas/24-008749-003/2024(H5N1)	140	5276
NA|PP755591.1|A/cattle/Texas/24-008749-003/2024(H5N1)	141	5280
NA|PP755591.1|A/cattle/Texas/24-008749-003/2024(H5N1)	142	5281
NA|PP755591.1|A/cattle/Texas/24-008749-003/2024(H5N1)	143	4924
NA|PP755591.1|A/cattle/Texas/24-008749-003/2024(H5N1)	144	4892
NA|PP755591.1|A/cattle/Texas/24-008749-003/2024(H5N1)	145	4777
NA|PP755591.1|A/cattle/Texas/24-008749-003/2024(H5N1)	146	4772
NA|PP755591.1|A/cattle/Texas/24-008749-003/2024(H5N1)	147	4780
NA|PP755591.1|A/cattle/Texas/24-008749-003/2024(H5N1)	148	4834
NA|PP755591.1|A/cattle/Texas/24-008749-003/2024(H5N1)	149	4872
NA|PP755591.1|A/cattle/Texas/24-008749-003/2024(H5N1)	150	5022
NA|PP755591.1|A/cattle/Texas/24-008749-003/2024(H5N1)	151	5021
NA|PP755591.1|A/cattle/Texas/24-008749-003/2024(H5N1)	152	5022
NA|PP755591.1|A/cattle/Texas/24-008749-003/2024(H5N1)	153	5205
NA|PP755591.1|A/cattle/Texas/24-008749-003/2024(H5N1)	154	5197
NA|PP755591.1|A/cattle/Texas/24-008749-003/2024(H5N1)	155	5213
NA|PP755591.1|A/cattle/Texas/24-008749-003/2024(H5N1)	156	5264
NA|PP755591.1|A/cattle/Texas/24-008749-003/2024(H5N1)	157	5316
NA|PP755591.1|A/cattle/Texas/24-008749-003/2024(H5N1)	158	5397
NA|PP755591.1|A/cattle/Texas/24-008749-003/2024(H5N1)	159	5413
NA|PP755591.1|A/cattle/Texas/24-008749-003/2024(H5N1)	160	5425
NA|PP755591.1|A/cattle/Texas/24-008749-003/2024(H5N1)	161	5463
NA|PP755591.1|A/cattle/Texas/24-008749-003/2024(H5N1)	162	5459
NA|PP755591.1|A/cattle/Texas/24-008749-003/2024(H5N1)	163	5502
NA|PP755591.1|A/cattle/Texas/24-008749-003/2024(H5N1)	164	5621
NA|PP755591.1|A/cattle/Texas/24-008749-003/2024(H5N1)	165	5602
NA|PP755591.1|A/cattle/Texas/24-008749-003/2024(H5N1)	166	5575
NA|PP755591.1|A/cattle/Texas/24-008749-003/2024(H5N1)	167	5534
NA|PP755591.1|A/cattle/Texas/24-008749-003/2024(H5N1)	168	5531
NA|PP755591.1|A/cattle/Texas/24-008749-003/2024(H5N1)	169	5460
NA|PP755591.1|A/cattle/Texas/24-008749-003/2024(H5N1)	170	5393
NA|PP755591.1|A/cattle/Texas/24-008749-003/2024(H5N1)	171	5543
NA|PP755591.1|A/cattle/Texas/24-008749-003/2024(H5N1)	172	5696
NA|PP755591.1|A/cattle/Texas/24-008749-003/2024(H5N1)	173	5675
NA|PP755591.1|A/cattle/Texas/24-008749-003/2024(H5N1)	174	5665
NA|PP755591.1|A/cattle/Texas/24-008749-003/2024(H5N1)	175	5641
NA|PP755591.1|A/cattle/Texas/24-008749-003/2024(H5N1)	176	5665
NA|PP755591.1|A/cattle/Texas/24-008749-003/2024(H5N1)	177	5598
NA|PP755591.1|A/cattle/Texas/24-008749-003/2024(H5N1)	178	5628
NA|PP755591.1|A/cattle/Texas/24-008749-003/2024(H5N1)	179	5642
NA|PP755591.1|A/cattle/Texas/24-008749-003/2024(H5N1)	180	5406
NA|PP755591.1|A/cattle/Texas/24-008749-003/2024(H5N1)	181	5368
NA|PP755591.1|A/cattle/Texas/24-008749-003/2024(H5N1)	182	5467
NA|PP755591.1|A/cattle/Texas/24-008749-003/2024(H5N1)	183	5454
NA|PP755591.1|A/cattle/Texas/24-008749-003/2024(H5N1)	184	5459
NA|PP755591.1|A/cattle/Texas/24-008749-003/2024(H5N1)	185	5598
NA|PP755591.1|A/cattle/Texas/24-008749-003/2024(H5N1)	186	5540
NA|PP755591.1|A/cattle/Texas/24-008749-003/2024(H5N1)	187	5567
NA|PP755591.1|A/cattle/Texas/24-008749-003/2024(H5N1)	188	5566
NA|PP755591.1|A/cattle/Texas/24-008749-003/2024(H5N1)	189	5546
NA|PP755591.1|A/cattle/Texas/24-008749-003/2024(H5N1)	190	5493
NA|PP755591.1|A/cattle/Texas/24-008749-003/2024(H5N1)	191	5387
NA|PP755591.1|A/cattle/Texas/24-008749-003/2024(H5N1)	192	5292
NA|PP755591.1|A/cattle/Texas/24-008749-003/2024(H5N1)	193	5352
NA|PP755591.1|A/cattle/Texas/24-008749-003/2024(H5N1)	194	5362
NA|PP755591.1|A/cattle/Texas/24-008749-003/2024(H5N1)	195	5364
NA|PP755591.1|A/cattle/Texas/24-008749-003/2024(H5N1)	196	5343
NA|PP755591.1|A/cattle/Texas/24-008749-003/2024(H5N1)	197	5310
NA|PP755591.1|A/cattle/Texas/24-008749-003/2024(H5N1)	198	5320
NA|PP755591.1|A/cattle/Texas/24-008749-003/2024(H5N1)	199	5323
NA|PP755591.1|A/cattle/Texas/24-008749-003/2024(H5N1)	200	5432
NA|PP755591.1|A/cattle/Texas/24-008749-003/2024(H5N1)	201	5371
NA|PP755591.1|A/cattle/Texas/24-008749-003/2024(H5N1)	202	5373
NA|PP755591.1|A/cattle/Texas/24-008749-003/2024(H5N1)	203	5347
NA|PP755591.1|A/cattle/Texas/24-008749-003/2024(H5N1)	204	5394
NA|PP755591.1|A/cattle/Texas/24-008749-003/2024(H5N1)	205	5359
NA|PP755591.1|A/cattle/Texas/24-008749-003/2024(H5N1)	206	5336
NA|PP755591.1|A/cattle/Texas/24-008749-003/2024(H5N1)	207	5304
NA|PP755591.1|A/cattle/Texas/24-008749-003/2024(H5N1)	208	5290
NA|PP755591.1|A/cattle/Texas/24-008749-003/2024(H5N1)	209	5277
NA|PP755591.1|A/cattle/Texas/24-008749-003/2024(H5N1)	210	5311
NA|PP755591.1|A/cattle/Texas/24-008749-003/2024(H5N1)	211	5267
NA|PP755591.1|A/cattle/Texas/24-008749-003/2024(H5N1)	212	5309
NA|PP755591.1|A/cattle/Texas/24-008749-003/2024(H5N1)	213	5219
NA|PP755591.1|A/cattle/Texas/24-008749-003/2024(H5N1)	214	5219
NA|PP755591.1|A/cattle/Texas/24-008749-003/2024(H5N1)	215	5228
NA|PP755591.1|A/cattle/Texas/24-008749-003/2024(H5N1)	216	5272
NA|PP755591.1|A/cattle/Texas/24-008749-003/2024(H5N1)	217	5270
NA|PP755591.1|A/cattle/Texas/24-008749-003/2024(H5N1)	218	5280
NA|PP755591.1|A/cattle/Texas/24-008749-003/2024(H5N1)	219	5295
NA|PP755591.1|A/cattle/Texas/24-008749-003/2024(H5N1)	220	5289
NA|PP755591.1|A/cattle/Texas/24-008749-003/2024(H5N1)	221	5280
NA|PP755591.1|A/cattle/Texas/24-008749-003/2024(H5N1)	222	5286
NA|PP755591.1|A/cattle/Texas/24-008749-003/2024(H5N1)	223	5285
NA|PP755591.1|A/cattle/Texas/24-008749-003/2024(H5N1)	224	5294
NA|PP755591.1|A/cattle/Texas/24-008749-003/2024(H5N1)	225	5322
NA|PP755591.1|A/cattle/Texas/24-008749-003/2024(H5N1)	226	5340
NA|PP755591.1|A/cattle/Texas/24-008749-003/2024(H5N1)	227	5333
NA|PP755591.1|A/cattle/Texas/24-008749-003/2024(H5N1)	228	5327
NA|PP755591.1|A/cattle/Texas/24-008749-003/2024(H5N1)	229	5393
NA|PP755591.1|A/cattle/Texas/24-008749-003/2024(H5N1)	230	5397
NA|PP755591.1|A/cattle/Texas/24-008749-003/2024(H5N1)	231	5400
NA|PP755591.1|A/cattle/Texas/24-008749-003/2024(H5N1)	232	5401
NA|PP755591.1|A/cattle/Texas/24-008749-003/2024(H5N1)	233	5372
NA|PP755591.1|A/cattle/Texas/24-008749-003/2024(H5N1)	234	5482
NA|PP755591.1|A/cattle/Texas/24-008749-003/2024(H5N1)	235	5508
NA|PP755591.1|A/cattle/Texas/24-008749-003/2024(H5N1)	236	5565
NA|PP755591.1|A/cattle/Texas/24-008749-003/2024(H5N1)	237	5567
NA|PP755591.1|A/cattle/Texas/24-008749-003/2024(H5N1)	238	5516
NA|PP755591.1|A/cattle/Texas/24-008749-003/2024(H5N1)	239	5494
NA|PP755591.1|A/cattle/Texas/24-008749-003/2024(H5N1)	240	5498
NA|PP755591.1|A/cattle/Texas/24-008749-003/2024(H5N1)	241	5504
NA|PP755591.1|A/cattle/Texas/24-008749-003/2024(H5N1)	242	5389
NA|PP755591.1|A/cattle/Texas/24-008749-003/2024(H5N1)	243	5264
NA|PP755591.1|A/cattle/Texas/24-008749-003/2024(H5N1)	244	5271
NA|PP755591.1|A/cattle/Texas/24-008749-003/2024(H5N1)	245	5158
NA|PP755591.1|A/cattle/Texas/24-008749-003/2024(H5N1)	246	5180
NA|PP755591.1|A/cattle/Texas/24-008749-003/2024(H5N1)	247	5178
NA|PP755591.1|A/cattle/Texas/24-008749-003/2024(H5N1)	248	5171
NA|PP755591.1|A/cattle/Texas/24-008749-003/2024(H5N1)	249	5061
NA|PP755591.1|A/cattle/Texas/24-008749-003/2024(H5N1)	250	5094
NA|PP755591.1|A/cattle/Texas/24-008749-003/2024(H5N1)	251	5149
NA|PP755591.1|A/cattle/Texas/24-008749-003/2024(H5N1)	252	5149
NA|PP755591.1|A/cattle/Texas/24-008749-003/2024(H5N1)	253	5147
NA|PP755591.1|A/cattle/Texas/24-008749-003/2024(H5N1)	254	5129
NA|PP755591.1|A/cattle/Texas/24-008749-003/2024(H5N1)	255	5113
NA|PP755591.1|A/cattle/Texas/24-008749-003/2024(H5N1)	256	5112
NA|PP755591.1|A/cattle/Texas/24-008749-003/2024(H5N1)	257	5108
NA|PP755591.1|A/cattle/Texas/24-008749-003/2024(H5N1)	258	5124
NA|PP755591.1|A/cattle/Texas/24-008749-003/2024(H5N1)	259	5118
NA|PP755591.1|A/cattle/Texas/24-008749-003/2024(H5N1)	260	5080
NA|PP755591.1|A/cattle/Texas/24-008749-003/2024(H5N1)	261	5152
NA|PP755591.1|A/cattle/Texas/24-008749-003/2024(H5N1)	262	5165
NA|PP755591.1|A/cattle/Texas/24-008749-003/2024(H5N1)	263	5270
NA|PP755591.1|A/cattle/Texas/24-008749-003/2024(H5N1)	264	5264
NA|PP755591.1|A/cattle/Texas/24-008749-003/2024(H5N1)	265	5289
NA|PP755591.1|A/cattle/Texas/24-008749-003/2024(H5N1)	266	5285
NA|PP755591.1|A/cattle/Texas/24-008749-003/2024(H5N1)	267	5256
NA|PP755591.1|A/cattle/Texas/24-008749-003/2024(H5N1)	268	5289
NA|PP755591.1|A/cattle/Texas/24-008749-003/2024(H5N1)	269	5281
NA|PP755591.1|A/cattle/Texas/24-008749-003/2024(H5N1)	270	5312
NA|PP755591.1|A/cattle/Texas/24-008749-003/2024(H5N1)	271	5296
NA|PP755591.1|A/cattle/Texas/24-008749-003/2024(H5N1)	272	5170
NA|PP755591.1|A/cattle/Texas/24-008749-003/2024(H5N1)	273	5221
NA|PP755591.1|A/cattle/Texas/24-008749-003/2024(H5N1)	274	5203
NA|PP755591.1|A/cattle/Texas/24-008749-003/2024(H5N1)	275	5194
NA|PP755591.1|A/cattle/Texas/24-008749-003/2024(H5N1)	276	5166
NA|PP755591.1|A/cattle/Texas/24-008749-003/2024(H5N1)	277	5156
NA|PP755591.1|A/cattle/Texas/24-008749-003/2024(H5N1)	278	5123
NA|PP755591.1|A/cattle/Texas/24-008749-003/2024(H5N1)	279	5081
NA|PP755591.1|A/cattle/Texas/24-008749-003/2024(H5N1)	280	5384
NA|PP755591.1|A/cattle/Texas/24-008749-003/2024(H5N1)	281	5386
NA|PP755591.1|A/cattle/Texas/24-008749-003/2024(H5N1)	282	5385
NA|PP755591.1|A/cattle/Texas/24-008749-003/2024(H5N1)	283	5386
NA|PP755591.1|A/cattle/Texas/24-008749-003/2024(H5N1)	284	5384
NA|PP755591.1|A/cattle/Texas/24-008749-003/2024(H5N1)	285	4801
NA|PP755591.1|A/cattle/Texas/24-008749-003/2024(H5N1)	286	4754
NA|PP755591.1|A/cattle/Texas/24-008749-003/2024(H5N1)	287	4677
NA|PP755591.1|A/cattle/Texas/24-008749-003/2024(H5N1)	288	4688
NA|PP755591.1|A/cattle/Texas/24-008749-003/2024(H5N1)	289	4394
NA|PP755591.1|A/cattle/Texas/24-008749-003/2024(H5N1)	290	4442
NA|PP755591.1|A/cattle/Texas/24-008749-003/2024(H5N1)	291	4502
NA|PP755591.1|A/cattle/Texas/24-008749-003/2024(H5N1)	292	4640
NA|PP755591.1|A/cattle/Texas/24-008749-003/2024(H5N1)	293	4647
NA|PP755591.1|A/cattle/Texas/24-008749-003/2024(H5N1)	294	4640
NA|PP755591.1|A/cattle/Texas/24-008749-003/2024(H5N1)	295	4858
NA|PP755591.1|A/cattle/Texas/24-008749-003/2024(H5N1)	296	4855
NA|PP755591.1|A/cattle/Texas/24-008749-003/2024(H5N1)	297	4884
NA|PP755591.1|A/cattle/Texas/24-008749-003/2024(H5N1)	298	4899
NA|PP755591.1|A/cattle/Texas/24-008749-003/2024(H5N1)	299	4803
NA|PP755591.1|A/cattle/Texas/24-008749-003/2024(H5N1)	300	4827
NA|PP755591.1|A/cattle/Texas/24-008749-003/2024(H5N1)	301	4584
NA|PP755591.1|A/cattle/Texas/24-008749-003/2024(H5N1)	302	4598
NA|PP755591.1|A/cattle/Texas/24-008749-003/2024(H5N1)	303	4961
NA|PP755591.1|A/cattle/Texas/24-008749-003/2024(H5N1)	304	4725
NA|PP755591.1|A/cattle/Texas/24-008749-003/2024(H5N1)	305	4718
NA|PP755591.1|A/cattle/Texas/24-008749-003/2024(H5N1)	306	4743
NA|PP755591.1|A/cattle/Texas/24-008749-003/2024(H5N1)	307	4737
NA|PP755591.1|A/cattle/Texas/24-008749-003/2024(H5N1)	308	4798
NA|PP755591.1|A/cattle/Texas/24-008749-003/2024(H5N1)	309	4713
NA|PP755591.1|A/cattle/Texas/24-008749-003/2024(H5N1)	310	4717
NA|PP755591.1|A/cattle/Texas/24-008749-003/2024(H5N1)	311	4713
NA|PP755591.1|A/cattle/Texas/24-008749-003/2024(H5N1)	312	4740
NA|PP755591.1|A/cattle/Texas/24-008749-003/2024(H5N1)	313	4725
NA|PP755591.1|A/cattle/Texas/24-008749-003/2024(H5N1)	314	4833
NA|PP755591.1|A/cattle/Texas/24-008749-003/2024(H5N1)	315	4717
NA|PP755591.1|A/cattle/Texas/24-008749-003/2024(H5N1)	316	4714
NA|PP755591.1|A/cattle/Texas/24-008749-003/2024(H5N1)	317	4784
NA|PP755591.1|A/cattle/Texas/24-008749-003/2024(H5N1)	318	4782
NA|PP755591.1|A/cattle/Texas/24-008749-003/2024(H5N1)	319	4783
NA|PP755591.1|A/cattle/Texas/24-008749-003/2024(H5N1)	320	4811
NA|PP755591.1|A/cattle/Texas/24-008749-003/2024(H5N1)	321	4796
NA|PP755591.1|A/cattle/Texas/24-008749-003/2024(H5N1)	322	4693
NA|PP755591.1|A/cattle/Texas/24-008749-003/2024(H5N1)	323	4509
NA|PP755591.1|A/cattle/Texas/24-008749-003/2024(H5N1)	324	4501
NA|PP755591.1|A/cattle/Texas/24-008749-003/2024(H5N1)	325	4511
NA|PP755591.1|A/cattle/Texas/24-008749-003/2024(H5N1)	326	4597
NA|PP755591.1|A/cattle/Texas/24-008749-003/2024(H5N1)	327	4691
NA|PP755591.1|A/cattle/Texas/24-008749-003/2024(H5N1)	328	4661
NA|PP755591.1|A/cattle/Texas/24-008749-003/2024(H5N1)	329	4606
NA|PP755591.1|A/cattle/Texas/24-008749-003/2024(H5N1)	330	4629
NA|PP755591.1|A/cattle/Texas/24-008749-003/2024(H5N1)	331	4635
NA|PP755591.1|A/cattle/Texas/24-008749-003/2024(H5N1)	332	4644
NA|PP755591.1|A/cattle/Texas/24-008749-003/2024(H5N1)	333	4596
NA|PP755591.1|A/cattle/Texas/24-008749-003/2024(H5N1)	334	4636
NA|PP755591.1|A/cattle/Texas/24-008749-003/2024(H5N1)	335	4583
NA|PP755591.1|A/cattle/Texas/24-008749-003/2024(H5N1)	336	4469
NA|PP755591.1|A/cattle/Texas/24-008749-003/2024(H5N1)	337	4469
NA|PP755591.1|A/cattle/Texas/24-008749-003/2024(H5N1)	338	4517
NA|PP755591.1|A/cattle/Texas/24-008749-003/2024(H5N1)	339	4513
NA|PP755591.1|A/cattle/Texas/24-008749-003/2024(H5N1)	340	4540
NA|PP755591.1|A/cattle/Texas/24-008749-003/2024(H5N1)	341	4568
NA|PP755591.1|A/cattle/Texas/24-008749-003/2024(H5N1)	342	4672
NA|PP755591.1|A/cattle/Texas/24-008749-003/2024(H5N1)	343	4619
NA|PP755591.1|A/cattle/Texas/24-008749-003/2024(H5N1)	344	4610
NA|PP755591.1|A/cattle/Texas/24-008749-003/2024(H5N1)	345	4616
NA|PP755591.1|A/cattle/Texas/24-008749-003/2024(H5N1)	346	4613
NA|PP755591.1|A/cattle/Texas/24-008749-003/2024(H5N1)	347	4639
NA|PP755591.1|A/cattle/Texas/24-008749-003/2024(H5N1)	348	4639
NA|PP755591.1|A/cattle/Texas/24-008749-003/2024(H5N1)	349	4653
NA|PP755591.1|A/cattle/Texas/24-008749-003/2024(H5N1)	350	4671
NA|PP755591.1|A/cattle/Texas/24-008749-003/2024(H5N1)	351	4522
NA|PP755591.1|A/cattle/Texas/24-008749-003/2024(H5N1)	352	4507
NA|PP755591.1|A/cattle/Texas/24-008749-003/2024(H5N1)	353	4500
NA|PP755591.1|A/cattle/Texas/24-008749-003/2024(H5N1)	354	4503
NA|PP755591.1|A/cattle/Texas/24-008749-003/2024(H5N1)	355	4504
NA|PP755591.1|A/cattle/Texas/24-008749-003/2024(H5N1)	356	4551
NA|PP755591.1|A/cattle/Texas/24-008749-003/2024(H5N1)	357	4558
NA|PP755591.1|A/cattle/Texas/24-008749-003/2024(H5N1)	358	4632
NA|PP755591.1|A/cattle/Texas/24-008749-003/2024(H5N1)	359	4587
NA|PP755591.1|A/cattle/Texas/24-008749-003/2024(H5N1)	360	4740
NA|PP755591.1|A/cattle/Texas/24-008749-003/2024(H5N1)	361	4740
NA|PP755591.1|A/cattle/Texas/24-008749-003/2024(H5N1)	362	4734
NA|PP755591.1|A/cattle/Texas/24-008749-003/2024(H5N1)	363	4729
NA|PP755591.1|A/cattle/Texas/24-008749-003/2024(H5N1)	364	4716
NA|PP755591.1|A/cattle/Texas/24-008749-003/2024(H5N1)	365	4760
NA|PP755591.1|A/cattle/Texas/24-008749-003/2024(H5N1)	366	4758
NA|PP755591.1|A/cattle/Texas/24-008749-003/2024(H5N1)	367	4646
NA|PP755591.1|A/cattle/Texas/24-008749-003/2024(H5N1)	368	4651
NA|PP755591.1|A/cattle/Texas/24-008749-003/2024(H5N1)	369	4631
NA|PP755591.1|A/cattle/Texas/24-008749-003/2024(H5N1)	370	4659
NA|PP755591.1|A/cattle/Texas/24-008749-003/2024(H5N1)	371	4661
NA|PP755591.1|A/cattle/Texas/24-008749-003/2024(H5N1)	372	4641
NA|PP755591.1|A/cattle/Texas/24-008749-003/2024(H5N1)	373	4637
NA|PP755591.1|A/cattle/Texas/24-008749-003/2024(H5N1)	374	4648
NA|PP755591.1|A/cattle/Texas/24-008749-003/2024(H5N1)	375	4624
NA|PP755591.1|A/cattle/Texas/24-008749-003/2024(H5N1)	376	4697
NA|PP755591.1|A/cattle/Texas/24-008749-003/2024(H5N1)	377	4704
NA|PP755591.1|A/cattle/Texas/24-008749-003/2024(H5N1)	378	4666
NA|PP755591.1|A/cattle/Texas/24-008749-003/2024(H5N1)	379	4649
NA|PP755591.1|A/cattle/Texas/24-008749-003/2024(H5N1)	380	4646
NA|PP755591.1|A/cattle/Texas/24-008749-003/2024(H5N1)	381	4634
NA|PP755591.1|A/cattle/Texas/24-008749-003/2024(H5N1)	382	4633
NA|PP755591.1|A/cattle/Texas/24-008749-003/2024(H5N1)	383	4624
NA|PP755591.1|A/cattle/Texas/24-008749-003/2024(H5N1)	384	4651
NA|PP755591.1|A/cattle/Texas/24-008749-003/2024(H5N1)	385	4509
NA|PP755591.1|A/cattle/Texas/24-008749-003/2024(H5N1)	386	4523
NA|PP755591.1|A/cattle/Texas/24-008749-003/2024(H5N1)	387	4468
NA|PP755591.1|A/cattle/Texas/24-008749-003/2024(H5N1)	388	4438
NA|PP755591.1|A/cattle/Texas/24-008749-003/2024(H5N1)	389	4429
NA|PP755591.1|A/cattle/Texas/24-008749-003/2024(H5N1)	390	4452
NA|PP755591.1|A/cattle/Texas/24-008749-003/2024(H5N1)	391	4458
NA|PP755591.1|A/cattle/Texas/24-008749-003/2024(H5N1)	392	4502
NA|PP755591.1|A/cattle/Texas/24-008749-003/2024(H5N1)	393	4479
NA|PP755591.1|A/cattle/Texas/24-008749-003/2024(H5N1)	394	4471
NA|PP755591.1|A/cattle/Texas/24-008749-003/2024(H5N1)	395	4513
NA|PP755591.1|A/cattle/Texas/24-008749-003/2024(H5N1)	396	4510
NA|PP755591.1|A/cattle/Texas/24-008749-003/2024(H5N1)	397	4553
NA|PP755591.1|A/cattle/Texas/24-008749-003/2024(H5N1)	398	4595
NA|PP755591.1|A/cattle/Texas/24-008749-003/2024(H5N1)	399	4601
NA|PP755591.1|A/cattle/Texas/24-008749-003/2024(H5N1)	400	4549
NA|PP755591.1|A/cattle/Texas/24-008749-003/2024(H5N1)	401	4471
NA|PP755591.1|A/cattle/Texas/24-008749-003/2024(H5N1)	402	4534
NA|PP755591.1|A/cattle/Texas/24-008749-003/2024(H5N1)	403	4606
NA|PP755591.1|A/cattle/Texas/24-008749-003/2024(H5N1)	404	4668
NA|PP755591.1|A/cattle/Texas/24-008749-003/2024(H5N1)	405	4675
NA|PP755591.1|A/cattle/Texas/24-008749-003/2024(H5N1)	406	4657
NA|PP755591.1|A/cattle/Texas/24-008749-003/2024(H5N1)	407	4683
NA|PP755591.1|A/cattle/Texas/24-008749-003/2024(H5N1)	408	4686
NA|PP755591.1|A/cattle/Texas/24-008749-003/2024(H5N1)	409	4717
NA|PP755591.1|A/cattle/Texas/24-008749-003/2024(H5N1)	410	4800
NA|PP755591.1|A/cattle/Texas/24-008749-003/2024(H5N1)	411	4711
NA|PP755591.1|A/cattle/Texas/24-008749-003/2024(H5N1)	412	4747
NA|PP755591.1|A/cattle/Texas/24-008749-003/2024(H5N1)	413	4654
NA|PP755591.1|A/cattle/Texas/24-008749-003/2024(H5N1)	414	4631
NA|PP755591.1|A/cattle/Texas/24-008749-003/2024(H5N1)	415	4686
NA|PP755591.1|A/cattle/Texas/24-008749-003/2024(H5N1)	416	4655
NA|PP755591.1|A/cattle/Texas/24-008749-003/2024(H5N1)	417	4688
NA|PP755591.1|A/cattle/Texas/24-008749-003/2024(H5N1)	418	4707
NA|PP755591.1|A/cattle/Texas/24-008749-003/2024(H5N1)	419	4644
NA|PP755591.1|A/cattle/Texas/24-008749-003/2024(H5N1)	420	4648
NA|PP755591.1|A/cattle/Texas/24-008749-003/2024(H5N1)	421	4626
NA|PP755591.1|A/cattle/Texas/24-008749-003/2024(H5N1)	422	4643
NA|PP755591.1|A/cattle/Texas/24-008749-003/2024(H5N1)	423	4645
NA|PP755591.1|A/cattle/Texas/24-008749-003/2024(H5N1)	424	4572
NA|PP755591.1|A/cattle/Texas/24-008749-003/2024(H5N1)	425	4598
NA|PP755591.1|A/cattle/Texas/24-008749-003/2024(H5N1)	426	4517
NA|PP755591.1|A/cattle/Texas/24-008749-003/2024(H5N1)	427	4523
NA|PP755591.1|A/cattle/Texas/24-008749-003/2024(H5N1)	428	4533
NA|PP755591.1|A/cattle/Texas/24-008749-003/2024(H5N1)	429	4485
NA|PP755591.1|A/cattle/Texas/24-008749-003/2024(H5N1)	430	4287
NA|PP755591.1|A/cattle/Texas/24-008749-003/2024(H5N1)	431	4275
NA|PP755591.1|A/cattle/Texas/24-008749-003/2024(H5N1)	432	4297
NA|PP755591.1|A/cattle/Texas/24-008749-003/2024(H5N1)	433	4303
NA|PP755591.1|A/cattle/Texas/24-008749-003/2024(H5N1)	434	4306
NA|PP755591.1|A/cattle/Texas/24-008749-003/2024(H5N1)	435	4302
NA|PP755591.1|A/cattle/Texas/24-008749-003/2024(H5N1)	436	4304
NA|PP755591.1|A/cattle/Texas/24-008749-003/2024(H5N1)	437	4363
NA|PP755591.1|A/cattle/Texas/24-008749-003/2024(H5N1)	438	4341
NA|PP755591.1|A/cattle/Texas/24-008749-003/2024(H5N1)	439	4295
NA|PP755591.1|A/cattle/Texas/24-008749-003/2024(H5N1)	440	4314
NA|PP755591.1|A/cattle/Texas/24-008749-003/2024(H5N1)	441	4248
NA|PP755591.1|A/cattle/Texas/24-008749-003/2024(H5N1)	442	4209
NA|PP755591.1|A/cattle/Texas/24-008749-003/2024(H5N1)	443	4129
NA|PP755591.1|A/cattle/Texas/24-008749-003/2024(H5N1)	444	4117
NA|PP755591.1|A/cattle/Texas/24-008749-003/2024(H5N1)	445	4544
NA|PP755591.1|A/cattle/Texas/24-008749-003/2024(H5N1)	446	4403
NA|PP755591.1|A/cattle/Texas/24-008749-003/2024(H5N1)	447	4455
NA|PP755591.1|A/cattle/Texas/24-008749-003/2024(H5N1)	448	4436
NA|PP755591.1|A/cattle/Texas/24-008749-003/2024(H5N1)	449	4411
NA|PP755591.1|A/cattle/Texas/24-008749-003/2024(H5N1)	450	4519
NA|PP755591.1|A/cattle/Texas/24-008749-003/2024(H5N1)	451	4484
NA|PP755591.1|A/cattle/Texas/24-008749-003/2024(H5N1)	452	4511
NA|PP755591.1|A/cattle/Texas/24-008749-003/2024(H5N1)	453	4507
NA|PP755591.1|A/cattle/Texas/24-008749-003/2024(H5N1)	454	4023
NA|PP755591.1|A/cattle/Texas/24-008749-003/2024(H5N1)	455	4013
NA|PP755591.1|A/cattle/Texas/24-008749-003/2024(H5N1)	456	4131
NA|PP755591.1|A/cattle/Texas/24-008749-003/2024(H5N1)	457	4073
NA|PP755591.1|A/cattle/Texas/24-008749-003/2024(H5N1)	458	4072
NA|PP755591.1|A/cattle/Texas/24-008749-003/2024(H5N1)	459	4040
NA|PP755591.1|A/cattle/Texas/24-008749-003/2024(H5N1)	460	4050
NA|PP755591.1|A/cattle/Texas/24-008749-003/2024(H5N1)	461	4027
NA|PP755591.1|A/cattle/Texas/24-008749-003/2024(H5N1)	462	4072
NA|PP755591.1|A/cattle/Texas/24-008749-003/2024(H5N1)	463	4091
NA|PP755591.1|A/cattle/Texas/24-008749-003/2024(H5N1)	464	4090
NA|PP755591.1|A/cattle/Texas/24-008749-003/2024(H5N1)	465	4002
NA|PP755591.1|A/cattle/Texas/24-008749-003/2024(H5N1)	466	3997
NA|PP755591.1|A/cattle/Texas/24-008749-003/2024(H5N1)	467	4008
NA|PP755591.1|A/cattle/Texas/24-008749-003/2024(H5N1)	468	3936
NA|PP755591.1|A/cattle/Texas/24-008749-003/2024(H5N1)	469	3974
NA|PP755591.1|A/cattle/Texas/24-008749-003/2024(H5N1)	470	3944
NA|PP755591.1|A/cattle/Texas/24-008749-003/2024(H5N1)	471	4008
NA|PP755591.1|A/cattle/Texas/24-008749-003/2024(H5N1)	472	4048
NA|PP755591.1|A/cattle/Texas/24-008749-003/2024(H5N1)	473	4043
NA|PP755591.1|A/cattle/Texas/24-008749-003/2024(H5N1)	474	4044
NA|PP755591.1|A/cattle/Texas/24-008749-003/2024(H5N1)	475	4078
NA|PP755591.1|A/cattle/Texas/24-008749-003/2024(H5N1)	476	4096
NA|PP755591.1|A/cattle/Texas/24-008749-003/2024(H5N1)	477	4090
NA|PP755591.1|A/cattle/Texas/24-008749-003/2024(H5N1)	478	4005
NA|PP755591.1|A/cattle/Texas/24-008749-003/2024(H5N1)	479	4104
NA|PP755591.1|A/cattle/Texas/24-008749-003/2024(H5N1)	480	4173
NA|PP755591.1|A/cattle/Texas/24-008749-003/2024(H5N1)	481	4114
NA|PP755591.1|A/cattle/Texas/24-008749-003/2024(H5N1)	482	4130
NA|PP755591.1|A/cattle/Texas/24-008749-003/2024(H5N1)	483	4150
NA|PP755591.1|A/cattle/Texas/24-008749-003/2024(H5N1)	484	4136
NA|PP755591.1|A/cattle/Texas/24-008749-003/2024(H5N1)	485	4151
NA|PP755591.1|A/cattle/Texas/24-008749-003/2024(H5N1)	486	4107
NA|PP755591.1|A/cattle/Texas/24-008749-003/2024(H5N1)	487	4113
NA|PP755591.1|A/cattle/Texas/24-008749-003/2024(H5N1)	488	4061
NA|PP755591.1|A/cattle/Texas/24-008749-003/2024(H5N1)	489	4110
NA|PP755591.1|A/cattle/Texas/24-008749-003/2024(H5N1)	490	4148
NA|PP755591.1|A/cattle/Texas/24-008749-003/2024(H5N1)	491	4134
NA|PP755591.1|A/cattle/Texas/24-008749-003/2024(H5N1)	492	4084
NA|PP755591.1|A/cattle/Texas/24-008749-003/2024(H5N1)	493	4000
NA|PP755591.1|A/cattle/Texas/24-008749-003/2024(H5N1)	494	3988
NA|PP755591.1|A/cattle/Texas/24-008749-003/2024(H5N1)	495	4076
NA|PP755591.1|A/cattle/Texas/24-008749-003/2024(H5N1)	496	4102
NA|PP755591.1|A/cattle/Texas/24-008749-003/2024(H5N1)	497	4150
NA|PP755591.1|A/cattle/Texas/24-008749-003/2024(H5N1)	498	4104
NA|PP755591.1|A/cattle/Texas/24-008749-003/2024(H5N1)	499	4097
NA|PP755591.1|A/cattle/Texas/24-008749-003/2024(H5N1)	500	4041
NA|PP755591.1|A/cattle/Texas/24-008749-003/2024(H5N1)	501	4071
NA|PP755591.1|A/cattle/Texas/24-008749-003/2024(H5N1)	502	4258
NA|PP755591.1|A/cattle/Texas/24-008749-003/2024(H5N1)	503	4327
NA|PP755591.1|A/cattle/Texas/24-008749-003/2024(H5N1)	504	4303
NA|PP755591.1|A/cattle/Texas/24-008749-003/2024(H5N1)	505	4281
NA|PP755591.1|A/cattle/Texas/24-008749-003/2024(H5N1)	506	4214
NA|PP755591.1|A/cattle/Texas/24-008749-003/2024(H5N1)	507	4235
NA|PP755591.1|A/cattle/Texas/24-008749-003/2024(H5N1)	508	4234
NA|PP755591.1|A/cattle/Texas/24-008749-003/2024(H5N1)	509	4224
NA|PP755591.1|A/cattle/Texas/24-008749-003/2024(H5N1)	510	4221
NA|PP755591.1|A/cattle/Texas/24-008749-003/2024(H5N1)	511	4042
NA|PP755591.1|A/cattle/Texas/24-008749-003/2024(H5N1)	512	4075
NA|PP755591.1|A/cattle/Texas/24-008749-003/2024(H5N1)	513	4074
NA|PP755591.1|A/cattle/Texas/24-008749-003/2024(H5N1)	514	4053
NA|PP755591.1|A/cattle/Texas/24-008749-003/2024(H5N1)	515	4035
NA|PP755591.1|A/cattle/Texas/24-008749-003/2024(H5N1)	516	4010
NA|PP755591.1|A/cattle/Texas/24-008749-003/2024(H5N1)	517	4018
NA|PP755591.1|A/cattle/Texas/24-008749-003/2024(H5N1)	518	4022
NA|PP755591.1|A/cattle/Texas/24-008749-003/2024(H5N1)	519	4032
NA|PP755591.1|A/cattle/Texas/24-008749-003/2024(H5N1)	520	4034
NA|PP755591.1|A/cattle/Texas/24-008749-003/2024(H5N1)	521	3991
NA|PP755591.1|A/cattle/Texas/24-008749-003/2024(H5N1)	522	3989
NA|PP755591.1|A/cattle/Texas/24-008749-003/2024(H5N1)	523	3980
NA|PP755591.1|A/cattle/Texas/24-008749-003/2024(H5N1)	524	3972
NA|PP755591.1|A/cattle/Texas/24-008749-003/2024(H5N1)	525	3962
NA|PP755591.1|A/cattle/Texas/24-008749-003/2024(H5N1)	526	3967
NA|PP755591.1|A/cattle/Texas/24-008749-003/2024(H5N1)	527	3927
NA|PP755591.1|A/cattle/Texas/24-008749-003/2024(H5N1)	528	3912
NA|PP755591.1|A/cattle/Texas/24-008749-003/2024(H5N1)	529	3935
NA|PP755591.1|A/cattle/Texas/24-008749-003/2024(H5N1)	530	3938
NA|PP755591.1|A/cattle/Texas/24-008749-003/2024(H5N1)	531	3938
NA|PP755591.1|A/cattle/Texas/24-008749-003/2024(H5N1)	532	3934
NA|PP755591.1|A/cattle/Texas/24-008749-003/2024(H5N1)	533	3914
NA|PP755591.1|A/cattle/Texas/24-008749-003/2024(H5N1)	534	3907
NA|PP755591.1|A/cattle/Texas/24-008749-003/2024(H5N1)	535	3918
NA|PP755591.1|A/cattle/Texas/24-008749-003/2024(H5N1)	536	3882
NA|PP755591.1|A/cattle/Texas/24-008749-003/2024(H5N1)	537	3962
NA|PP755591.1|A/cattle/Texas/24-008749-003/2024(H5N1)	538	3932
NA|PP755591.1|A/cattle/Texas/24-008749-003/2024(H5N1)	539	3930
NA|PP755591.1|A/cattle/Texas/24-008749-003/2024(H5N1)	540	3972
NA|PP755591.1|A/cattle/Texas/24-008749-003/2024(H5N1)	541	3985
NA|PP755591.1|A/cattle/Texas/24-008749-003/2024(H5N1)	542	4017
NA|PP755591.1|A/cattle/Texas/24-008749-003/2024(H5N1)	543	4020
NA|PP755591.1|A/cattle/Texas/24-008749-003/2024(H5N1)	544	4020
NA|PP755591.1|A/cattle/Texas/24-008749-003/2024(H5N1)	545	4097
NA|PP755591.1|A/cattle/Texas/24-008749-003/2024(H5N1)	546	4083
NA|PP755591.1|A/cattle/Texas/24-008749-003/2024(H5N1)	547	4091
NA|PP755591.1|A/cattle/Texas/24-008749-003/2024(H5N1)	548	4039
NA|PP755591.1|A/cattle/Texas/24-008749-003/2024(H5N1)	549	3993
NA|PP755591.1|A/cattle/Texas/24-008749-003/2024(H5N1)	550	4030
NA|PP755591.1|A/cattle/Texas/24-008749-003/2024(H5N1)	551	4089
NA|PP755591.1|A/cattle/Texas/24-008749-003/2024(H5N1)	552	4100
NA|PP755591.1|A/cattle/Texas/24-008749-003/2024(H5N1)	553	4042
NA|PP755591.1|A/cattle/Texas/24-008749-003/2024(H5N1)	554	3959
NA|PP755591.1|A/cattle/Texas/24-008749-003/2024(H5N1)	555	3939
NA|PP755591.1|A/cattle/Texas/24-008749-003/2024(H5N1)	556	3940
NA|PP755591.1|A/cattle/Texas/24-008749-003/2024(H5N1)	557	3942
NA|PP755591.1|A/cattle/Texas/24-008749-003/2024(H5N1)	558	3943
NA|PP755591.1|A/cattle/Texas/24-008749-003/2024(H5N1)	559	3951
NA|PP755591.1|A/cattle/Texas/24-008749-003/2024(H5N1)	560	3908
NA|PP755591.1|A/cattle/Texas/24-008749-003/2024(H5N1)	561	3882
NA|PP755591.1|A/cattle/Texas/24-008749-003/2024(H5N1)	562	3881
NA|PP755591.1|A/cattle/Texas/24-008749-003/2024(H5N1)	563	3869
NA|PP755591.1|A/cattle/Texas/24-008749-003/2024(H5N1)	564	3871
NA|PP755591.1|A/cattle/Texas/24-008749-003/2024(H5N1)	565	3862
NA|PP755591.1|A/cattle/Texas/24-008749-003/2024(H5N1)	566	3837
NA|PP755591.1|A/cattle/Texas/24-008749-003/2024(H5N1)	567	3865
NA|PP755591.1|A/cattle/Texas/24-008749-003/2024(H5N1)	568	3795
NA|PP755591.1|A/cattle/Texas/24-008749-003/2024(H5N1)	569	3797
NA|PP755591.1|A/cattle/Texas/24-008749-003/2024(H5N1)	570	3837
NA|PP755591.1|A/cattle/Texas/24-008749-003/2024(H5N1)	571	3855
NA|PP755591.1|A/cattle/Texas/24-008749-003/2024(H5N1)	572	3835
NA|PP755591.1|A/cattle/Texas/24-008749-003/2024(H5N1)	573	3830
NA|PP755591.1|A/cattle/Texas/24-008749-003/2024(H5N1)	574	3836
NA|PP755591.1|A/cattle/Texas/24-008749-003/2024(H5N1)	575	3853
NA|PP755591.1|A/cattle/Texas/24-008749-003/2024(H5N1)	576	3823
NA|PP755591.1|A/cattle/Texas/24-008749-003/2024(H5N1)	577	3839
NA|PP755591.1|A/cattle/Texas/24-008749-003/2024(H5N1)	578	3869
NA|PP755591.1|A/cattle/Texas/24-008749-003/2024(H5N1)	579	3911
NA|PP755591.1|A/cattle/Texas/24-008749-003/2024(H5N1)	580	3911
NA|PP755591.1|A/cattle/Texas/24-008749-003/2024(H5N1)	581	3893
NA|PP755591.1|A/cattle/Texas/24-008749-003/2024(H5N1)	582	3893
NA|PP755591.1|A/cattle/Texas/24-008749-003/2024(H5N1)	583	3871
NA|PP755591.1|A/cattle/Texas/24-008749-003/2024(H5N1)	584	3869
NA|PP755591.1|A/cattle/Texas/24-008749-003/2024(H5N1)	585	3884
NA|PP755591.1|A/cattle/Texas/24-008749-003/2024(H5N1)	586	4006
NA|PP755591.1|A/cattle/Texas/24-008749-003/2024(H5N1)	587	4004
NA|PP755591.1|A/cattle/Texas/24-008749-003/2024(H5N1)	588	3909
NA|PP755591.1|A/cattle/Texas/24-008749-003/2024(H5N1)	589	4000
NA|PP755591.1|A/cattle/Texas/24-008749-003/2024(H5N1)	590	4005
NA|PP755591.1|A/cattle/Texas/24-008749-003/2024(H5N1)	591	4004
NA|PP755591.1|A/cattle/Texas/24-008749-003/2024(H5N1)	592	4015
NA|PP755591.1|A/cattle/Texas/24-008749-003/2024(H5N1)	593	3978
NA|PP755591.1|A/cattle/Texas/24-008749-003/2024(H5N1)	594	4048
NA|PP755591.1|A/cattle/Texas/24-008749-003/2024(H5N1)	595	4058
NA|PP755591.1|A/cattle/Texas/24-008749-003/2024(H5N1)	596	3794
NA|PP755591.1|A/cattle/Texas/24-008749-003/2024(H5N1)	597	3967
NA|PP755591.1|A/cattle/Texas/24-008749-003/2024(H5N1)	598	4015
NA|PP755591.1|A/cattle/Texas/24-008749-003/2024(H5N1)	599	4065
NA|PP755591.1|A/cattle/Texas/24-008749-003/2024(H5N1)	600	4065
NA|PP755591.1|A/cattle/Texas/24-008749-003/2024(H5N1)	601	3974
NA|PP755591.1|A/cattle/Texas/24-008749-003/2024(H5N1)	602	3983
NA|PP755591.1|A/cattle/Texas/24-008749-003/2024(H5N1)	603	3967
NA|PP755591.1|A/cattle/Texas/24-008749-003/2024(H5N1)	604	3977
NA|PP755591.1|A/cattle/Texas/24-008749-003/2024(H5N1)	605	4093
NA|PP755591.1|A/cattle/Texas/24-008749-003/2024(H5N1)	606	3954
NA|PP755591.1|A/cattle/Texas/24-008749-003/2024(H5N1)	607	3967
NA|PP755591.1|A/cattle/Texas/24-008749-003/2024(H5N1)	608	3936
NA|PP755591.1|A/cattle/Texas/24-008749-003/2024(H5N1)	609	3939
NA|PP755591.1|A/cattle/Texas/24-008749-003/2024(H5N1)	610	3915
NA|PP755591.1|A/cattle/Texas/24-008749-003/2024(H5N1)	611	3851
NA|PP755591.1|A/cattle/Texas/24-008749-003/2024(H5N1)	612	3795
NA|PP755591.1|A/cattle/Texas/24-008749-003/2024(H5N1)	613	3937
NA|PP755591.1|A/cattle/Texas/24-008749-003/2024(H5N1)	614	3939
NA|PP755591.1|A/cattle/Texas/24-008749-003/2024(H5N1)	615	3962
NA|PP755591.1|A/cattle/Texas/24-008749-003/2024(H5N1)	616	3984
NA|PP755591.1|A/cattle/Texas/24-008749-003/2024(H5N1)	617	3955
NA|PP755591.1|A/cattle/Texas/24-008749-003/2024(H5N1)	618	3994
NA|PP755591.1|A/cattle/Texas/24-008749-003/2024(H5N1)	619	3978
NA|PP755591.1|A/cattle/Texas/24-008749-003/2024(H5N1)	620	3954
NA|PP755591.1|A/cattle/Texas/24-008749-003/2024(H5N1)	621	4029
NA|PP755591.1|A/cattle/Texas/24-008749-003/2024(H5N1)	622	3878
NA|PP755591.1|A/cattle/Texas/24-008749-003/2024(H5N1)	623	3887
NA|PP755591.1|A/cattle/Texas/24-008749-003/2024(H5N1)	624	3894
NA|PP755591.1|A/cattle/Texas/24-008749-003/2024(H5N1)	625	3856
NA|PP755591.1|A/cattle/Texas/24-008749-003/2024(H5N1)	626	3856
NA|PP755591.1|A/cattle/Texas/24-008749-003/2024(H5N1)	627	3824
NA|PP755591.1|A/cattle/Texas/24-008749-003/2024(H5N1)	628	3809
NA|PP755591.1|A/cattle/Texas/24-008749-003/2024(H5N1)	629	3881
NA|PP755591.1|A/cattle/Texas/24-008749-003/2024(H5N1)	630	3725
NA|PP755591.1|A/cattle/Texas/24-008749-003/2024(H5N1)	631	3722
NA|PP755591.1|A/cattle/Texas/24-008749-003/2024(H5N1)	632	3746
NA|PP755591.1|A/cattle/Texas/24-008749-003/2024(H5N1)	633	3728
NA|PP755591.1|A/cattle/Texas/24-008749-003/2024(H5N1)	634	3736
NA|PP755591.1|A/cattle/Texas/24-008749-003/2024(H5N1)	635	3729
NA|PP755591.1|A/cattle/Texas/24-008749-003/2024(H5N1)	636	3725
NA|PP755591.1|A/cattle/Texas/24-008749-003/2024(H5N1)	637	3724
NA|PP755591.1|A/cattle/Texas/24-008749-003/2024(H5N1)	638	3675
NA|PP755591.1|A/cattle/Texas/24-008749-003/2024(H5N1)	639	3678
NA|PP755591.1|A/cattle/Texas/24-008749-003/2024(H5N1)	640	3647
NA|PP755591.1|A/cattle/Texas/24-008749-003/2024(H5N1)	641	3610
NA|PP755591.1|A/cattle/Texas/24-008749-003/2024(H5N1)	642	3610
NA|PP755591.1|A/cattle/Texas/24-008749-003/2024(H5N1)	643	3631
NA|PP755591.1|A/cattle/Texas/24-008749-003/2024(H5N1)	644	3678
NA|PP755591.1|A/cattle/Texas/24-008749-003/2024(H5N1)	645	3669
NA|PP755591.1|A/cattle/Texas/24-008749-003/2024(H5N1)	646	3741
NA|PP755591.1|A/cattle/Texas/24-008749-003/2024(H5N1)	647	3755
NA|PP755591.1|A/cattle/Texas/24-008749-003/2024(H5N1)	648	3699
NA|PP755591.1|A/cattle/Texas/24-008749-003/2024(H5N1)	649	3692
NA|PP755591.1|A/cattle/Texas/24-008749-003/2024(H5N1)	650	3682
NA|PP755591.1|A/cattle/Texas/24-008749-003/2024(H5N1)	651	3729
NA|PP755591.1|A/cattle/Texas/24-008749-003/2024(H5N1)	652	3695
NA|PP755591.1|A/cattle/Texas/24-008749-003/2024(H5N1)	653	3570
NA|PP755591.1|A/cattle/Texas/24-008749-003/2024(H5N1)	654	3490
NA|PP755591.1|A/cattle/Texas/24-008749-003/2024(H5N1)	655	3428
NA|PP755591.1|A/cattle/Texas/24-008749-003/2024(H5N1)	656	3437
NA|PP755591.1|A/cattle/Texas/24-008749-003/2024(H5N1)	657	3438
NA|PP755591.1|A/cattle/Texas/24-008749-003/2024(H5N1)	658	3478
NA|PP755591.1|A/cattle/Texas/24-008749-003/2024(H5N1)	659	3475
NA|PP755591.1|A/cattle/Texas/24-008749-003/2024(H5N1)	660	3439
NA|PP755591.1|A/cattle/Texas/24-008749-003/2024(H5N1)	661	3434
NA|PP755591.1|A/cattle/Texas/24-008749-003/2024(H5N1)	662	3428
NA|PP755591.1|A/cattle/Texas/24-008749-003/2024(H5N1)	663	3407
NA|PP755591.1|A/cattle/Texas/24-008749-003/2024(H5N1)	664	3417
NA|PP755591.1|A/cattle/Texas/24-008749-003/2024(H5N1)	665	3433
NA|PP755591.1|A/cattle/Texas/24-008749-003/2024(H5N1)	666	3450
NA|PP755591.1|A/cattle/Texas/24-008749-003/2024(H5N1)	667	3449
NA|PP755591.1|A/cattle/Texas/24-008749-003/2024(H5N1)	668	3434
NA|PP755591.1|A/cattle/Texas/24-008749-003/2024(H5N1)	669	3425
NA|PP755591.1|A/cattle/Texas/24-008749-003/2024(H5N1)	670	3471
NA|PP755591.1|A/cattle/Texas/24-008749-003/2024(H5N1)	671	3472
NA|PP755591.1|A/cattle/Texas/24-008749-003/2024(H5N1)	672	3471
NA|PP755591.1|A/cattle/Texas/24-008749-003/2024(H5N1)	673	3481
NA|PP755591.1|A/cattle/Texas/24-008749-003/2024(H5N1)	674	3488
NA|PP755591.1|A/cattle/Texas/24-008749-003/2024(H5N1)	675	3549
NA|PP755591.1|A/cattle/Texas/24-008749-003/2024(H5N1)	676	3551
NA|PP755591.1|A/cattle/Texas/24-008749-003/2024(H5N1)	677	3558
NA|PP755591.1|A/cattle/Texas/24-008749-003/2024(H5N1)	678	3554
NA|PP755591.1|A/cattle/Texas/24-008749-003/2024(H5N1)	679	3538
NA|PP755591.1|A/cattle/Texas/24-008749-003/2024(H5N1)	680	3554
NA|PP755591.1|A/cattle/Texas/24-008749-003/2024(H5N1)	681	3553
NA|PP755591.1|A/cattle/Texas/24-008749-003/2024(H5N1)	682	3566
NA|PP755591.1|A/cattle/Texas/24-008749-003/2024(H5N1)	683	3587
NA|PP755591.1|A/cattle/Texas/24-008749-003/2024(H5N1)	684	3639
NA|PP755591.1|A/cattle/Texas/24-008749-003/2024(H5N1)	685	3641
NA|PP755591.1|A/cattle/Texas/24-008749-003/2024(H5N1)	686	3587
NA|PP755591.1|A/cattle/Texas/24-008749-003/2024(H5N1)	687	3568
NA|PP755591.1|A/cattle/Texas/24-008749-003/2024(H5N1)	688	3612
NA|PP755591.1|A/cattle/Texas/24-008749-003/2024(H5N1)	689	3617
NA|PP755591.1|A/cattle/Texas/24-008749-003/2024(H5N1)	690	3652
NA|PP755591.1|A/cattle/Texas/24-008749-003/2024(H5N1)	691	3602
NA|PP755591.1|A/cattle/Texas/24-008749-003/2024(H5N1)	692	3629
NA|PP755591.1|A/cattle/Texas/24-008749-003/2024(H5N1)	693	3595
NA|PP755591.1|A/cattle/Texas/24-008749-003/2024(H5N1)	694	3591
NA|PP755591.1|A/cattle/Texas/24-008749-003/2024(H5N1)	695	3536
NA|PP755591.1|A/cattle/Texas/24-008749-003/2024(H5N1)	696	3533
NA|PP755591.1|A/cattle/Texas/24-008749-003/2024(H5N1)	697	3520
NA|PP755591.1|A/cattle/Texas/24-008749-003/2024(H5N1)	698	3546
NA|PP755591.1|A/cattle/Texas/24-008749-003/2024(H5N1)	699	3645
NA|PP755591.1|A/cattle/Texas/24-008749-003/2024(H5N1)	700	3652
NA|PP755591.1|A/cattle/Texas/24-008749-003/2024(H5N1)	701	3626
NA|PP755591.1|A/cattle/Texas/24-008749-003/2024(H5N1)	702	3587
NA|PP755591.1|A/cattle/Texas/24-008749-003/2024(H5N1)	703	3668
NA|PP755591.1|A/cattle/Texas/24-008749-003/2024(H5N1)	704	3672
NA|PP755591.1|A/cattle/Texas/24-008749-003/2024(H5N1)	705	3674
NA|PP755591.1|A/cattle/Texas/24-008749-003/2024(H5N1)	706	3654
NA|PP755591.1|A/cattle/Texas/24-008749-003/2024(H5N1)	707	3661
NA|PP755591.1|A/cattle/Texas/24-008749-003/2024(H5N1)	708	3612
NA|PP755591.1|A/cattle/Texas/24-008749-003/2024(H5N1)	709	3612
NA|PP755591.1|A/cattle/Texas/24-008749-003/2024(H5N1)	710	3617
NA|PP755591.1|A/cattle/Texas/24-008749-003/2024(H5N1)	711	3635
NA|PP755591.1|A/cattle/Texas/24-008749-003/2024(H5N1)	712	3626
NA|PP755591.1|A/cattle/Texas/24-008749-003/2024(H5N1)	713	3676
NA|PP755591.1|A/cattle/Texas/24-008749-003/2024(H5N1)	714	3718
NA|PP755591.1|A/cattle/Texas/24-008749-003/2024(H5N1)	715	3715
NA|PP755591.1|A/cattle/Texas/24-008749-003/2024(H5N1)	716	3704
NA|PP755591.1|A/cattle/Texas/24-008749-003/2024(H5N1)	717	3776
NA|PP755591.1|A/cattle/Texas/24-008749-003/2024(H5N1)	718	3796
NA|PP755591.1|A/cattle/Texas/24-008749-003/2024(H5N1)	719	3949
NA|PP755591.1|A/cattle/Texas/24-008749-003/2024(H5N1)	720	3898
NA|PP755591.1|A/cattle/Texas/24-008749-003/2024(H5N1)	721	3924
NA|PP755591.1|A/cattle/Texas/24-008749-003/2024(H5N1)	722	3897
NA|PP755591.1|A/cattle/Texas/24-008749-003/2024(H5N1)	723	3914
NA|PP755591.1|A/cattle/Texas/24-008749-003/2024(H5N1)	724	3918
NA|PP755591.1|A/cattle/Texas/24-008749-003/2024(H5N1)	725	3922
NA|PP755591.1|A/cattle/Texas/24-008749-003/2024(H5N1)	726	3916
NA|PP755591.1|A/cattle/Texas/24-008749-003/2024(H5N1)	727	3939
NA|PP755591.1|A/cattle/Texas/24-008749-003/2024(H5N1)	728	4064
NA|PP755591.1|A/cattle/Texas/24-008749-003/2024(H5N1)	729	4016
NA|PP755591.1|A/cattle/Texas/24-008749-003/2024(H5N1)	730	4008
NA|PP755591.1|A/cattle/Texas/24-008749-003/2024(H5N1)	731	4041
NA|PP755591.1|A/cattle/Texas/24-008749-003/2024(H5N1)	732	4051
NA|PP755591.1|A/cattle/Texas/24-008749-003/2024(H5N1)	733	4103
NA|PP755591.1|A/cattle/Texas/24-008749-003/2024(H5N1)	734	4146
NA|PP755591.1|A/cattle/Texas/24-008749-003/2024(H5N1)	735	4160
NA|PP755591.1|A/cattle/Texas/24-008749-003/2024(H5N1)	736	4154
NA|PP755591.1|A/cattle/Texas/24-008749-003/2024(H5N1)	737	3989
NA|PP755591.1|A/cattle/Texas/24-008749-003/2024(H5N1)	738	4001
NA|PP755591.1|A/cattle/Texas/24-008749-003/2024(H5N1)	739	4021
NA|PP755591.1|A/cattle/Texas/24-008749-003/2024(H5N1)	740	4158
NA|PP755591.1|A/cattle/Texas/24-008749-003/2024(H5N1)	741	4212
NA|PP755591.1|A/cattle/Texas/24-008749-003/2024(H5N1)	742	4165
NA|PP755591.1|A/cattle/Texas/24-008749-003/2024(H5N1)	743	4155
NA|PP755591.1|A/cattle/Texas/24-008749-003/2024(H5N1)	744	4092
NA|PP755591.1|A/cattle/Texas/24-008749-003/2024(H5N1)	745	4177
NA|PP755591.1|A/cattle/Texas/24-008749-003/2024(H5N1)	746	4182
NA|PP755591.1|A/cattle/Texas/24-008749-003/2024(H5N1)	747	4179
NA|PP755591.1|A/cattle/Texas/24-008749-003/2024(H5N1)	748	4034
NA|PP755591.1|A/cattle/Texas/24-008749-003/2024(H5N1)	749	3851
NA|PP755591.1|A/cattle/Texas/24-008749-003/2024(H5N1)	750	3841
NA|PP755591.1|A/cattle/Texas/24-008749-003/2024(H5N1)	751	3984
NA|PP755591.1|A/cattle/Texas/24-008749-003/2024(H5N1)	752	3995
NA|PP755591.1|A/cattle/Texas/24-008749-003/2024(H5N1)	753	3941
NA|PP755591.1|A/cattle/Texas/24-008749-003/2024(H5N1)	754	3770
NA|PP755591.1|A/cattle/Texas/24-008749-003/2024(H5N1)	755	3817
NA|PP755591.1|A/cattle/Texas/24-008749-003/2024(H5N1)	756	3858
NA|PP755591.1|A/cattle/Texas/24-008749-003/2024(H5N1)	757	3867
NA|PP755591.1|A/cattle/Texas/24-008749-003/2024(H5N1)	758	3861
NA|PP755591.1|A/cattle/Texas/24-008749-003/2024(H5N1)	759	3852
NA|PP755591.1|A/cattle/Texas/24-008749-003/2024(H5N1)	760	3842
NA|PP755591.1|A/cattle/Texas/24-008749-003/2024(H5N1)	761	3859
NA|PP755591.1|A/cattle/Texas/24-008749-003/2024(H5N1)	762	3855
NA|PP755591.1|A/cattle/Texas/24-008749-003/2024(H5N1)	763	3878
NA|PP755591.1|A/cattle/Texas/24-008749-003/2024(H5N1)	764	3745
NA|PP755591.1|A/cattle/Texas/24-008749-003/2024(H5N1)	765	3766
NA|PP755591.1|A/cattle/Texas/24-008749-003/2024(H5N1)	766	3770
NA|PP755591.1|A/cattle/Texas/24-008749-003/2024(H5N1)	767	3790
NA|PP755591.1|A/cattle/Texas/24-008749-003/2024(H5N1)	768	3756
NA|PP755591.1|A/cattle/Texas/24-008749-003/2024(H5N1)	769	3756
NA|PP755591.1|A/cattle/Texas/24-008749-003/2024(H5N1)	770	3790
NA|PP755591.1|A/cattle/Texas/24-008749-003/2024(H5N1)	771	3793
NA|PP755591.1|A/cattle/Texas/24-008749-003/2024(H5N1)	772	3736
NA|PP755591.1|A/cattle/Texas/24-008749-003/2024(H5N1)	773	3736
NA|PP755591.1|A/cattle/Texas/24-008749-003/2024(H5N1)	774	3678
NA|PP755591.1|A/cattle/Texas/24-008749-003/2024(H5N1)	775	3697
NA|PP755591.1|A/cattle/Texas/24-008749-003/2024(H5N1)	776	3697
NA|PP755591.1|A/cattle/Texas/24-008749-003/2024(H5N1)	777	3704
NA|PP755591.1|A/cattle/Texas/24-008749-003/2024(H5N1)	778	3697
NA|PP755591.1|A/cattle/Texas/24-008749-003/2024(H5N1)	779	3665
NA|PP755591.1|A/cattle/Texas/24-008749-003/2024(H5N1)	780	3644
NA|PP755591.1|A/cattle/Texas/24-008749-003/2024(H5N1)	781	3644
NA|PP755591.1|A/cattle/Texas/24-008749-003/2024(H5N1)	782	3648
NA|PP755591.1|A/cattle/Texas/24-008749-003/2024(H5N1)	783	3630
NA|PP755591.1|A/cattle/Texas/24-008749-003/2024(H5N1)	784	3619
NA|PP755591.1|A/cattle/Texas/24-008749-003/2024(H5N1)	785	3605
NA|PP755591.1|A/cattle/Texas/24-008749-003/2024(H5N1)	786	3602
NA|PP755591.1|A/cattle/Texas/24-008749-003/2024(H5N1)	787	3599
NA|PP755591.1|A/cattle/Texas/24-008749-003/2024(H5N1)	788	3600
NA|PP755591.1|A/cattle/Texas/24-008749-003/2024(H5N1)	789	3580
NA|PP755591.1|A/cattle/Texas/24-008749-003/2024(H5N1)	790	3571
NA|PP755591.1|A/cattle/Texas/24-008749-003/2024(H5N1)	791	3602
NA|PP755591.1|A/cattle/Texas/24-008749-003/2024(H5N1)	792	3597
NA|PP755591.1|A/cattle/Texas/24-008749-003/2024(H5N1)	793	3617
NA|PP755591.1|A/cattle/Texas/24-008749-003/2024(H5N1)	794	3602
NA|PP755591.1|A/cattle/Texas/24-008749-003/2024(H5N1)	795	3528
NA|PP755591.1|A/cattle/Texas/24-008749-003/2024(H5N1)	796	3504
NA|PP755591.1|A/cattle/Texas/24-008749-003/2024(H5N1)	797	3453
NA|PP755591.1|A/cattle/Texas/24-008749-003/2024(H5N1)	798	3420
NA|PP755591.1|A/cattle/Texas/24-008749-003/2024(H5N1)	799	3486
NA|PP755591.1|A/cattle/Texas/24-008749-003/2024(H5N1)	800	3498
NA|PP755591.1|A/cattle/Texas/24-008749-003/2024(H5N1)	801	3637
NA|PP755591.1|A/cattle/Texas/24-008749-003/2024(H5N1)	802	3613
NA|PP755591.1|A/cattle/Texas/24-008749-003/2024(H5N1)	803	3630
NA|PP755591.1|A/cattle/Texas/24-008749-003/2024(H5N1)	804	3731
NA|PP755591.1|A/cattle/Texas/24-008749-003/2024(H5N1)	805	3733
NA|PP755591.1|A/cattle/Texas/24-008749-003/2024(H5N1)	806	3799
NA|PP755591.1|A/cattle/Texas/24-008749-003/2024(H5N1)	807	3822
NA|PP755591.1|A/cattle/Texas/24-008749-003/2024(H5N1)	808	3764
NA|PP755591.1|A/cattle/Texas/24-008749-003/2024(H5N1)	809	3767
NA|PP755591.1|A/cattle/Texas/24-008749-003/2024(H5N1)	810	3768
NA|PP755591.1|A/cattle/Texas/24-008749-003/2024(H5N1)	811	3759
NA|PP755591.1|A/cattle/Texas/24-008749-003/2024(H5N1)	812	3825
NA|PP755591.1|A/cattle/Texas/24-008749-003/2024(H5N1)	813	3823
NA|PP755591.1|A/cattle/Texas/24-008749-003/2024(H5N1)	814	3854
NA|PP755591.1|A/cattle/Texas/24-008749-003/2024(H5N1)	815	3846
NA|PP755591.1|A/cattle/Texas/24-008749-003/2024(H5N1)	816	3830
NA|PP755591.1|A/cattle/Texas/24-008749-003/2024(H5N1)	817	3922
NA|PP755591.1|A/cattle/Texas/24-008749-003/2024(H5N1)	818	3924
NA|PP755591.1|A/cattle/Texas/24-008749-003/2024(H5N1)	819	3932
NA|PP755591.1|A/cattle/Texas/24-008749-003/2024(H5N1)	820	3931
NA|PP755591.1|A/cattle/Texas/24-008749-003/2024(H5N1)	821	3862
NA|PP755591.1|A/cattle/Texas/24-008749-003/2024(H5N1)	822	3886
NA|PP755591.1|A/cattle/Texas/24-008749-003/2024(H5N1)	823	3875
NA|PP755591.1|A/cattle/Texas/24-008749-003/2024(H5N1)	824	3872
NA|PP755591.1|A/cattle/Texas/24-008749-003/2024(H5N1)	825	3896
NA|PP755591.1|A/cattle/Texas/24-008749-003/2024(H5N1)	826	3837
NA|PP755591.1|A/cattle/Texas/24-008749-003/2024(H5N1)	827	3852
NA|PP755591.1|A/cattle/Texas/24-008749-003/2024(H5N1)	828	3849
NA|PP755591.1|A/cattle/Texas/24-008749-003/2024(H5N1)	829	3873
NA|PP755591.1|A/cattle/Texas/24-008749-003/2024(H5N1)	830	3869
NA|PP755591.1|A/cattle/Texas/24-008749-003/2024(H5N1)	831	3860
NA|PP755591.1|A/cattle/Texas/24-008749-003/2024(H5N1)	832	3890
NA|PP755591.1|A/cattle/Texas/24-008749-003/2024(H5N1)	833	3893
NA|PP755591.1|A/cattle/Texas/24-008749-003/2024(H5N1)	834	3897
NA|PP755591.1|A/cattle/Texas/24-008749-003/2024(H5N1)	835	3850
NA|PP755591.1|A/cattle/Texas/24-008749-003/2024(H5N1)	836	3844
NA|PP755591.1|A/cattle/Texas/24-008749-003/2024(H5N1)	837	3832
NA|PP755591.1|A/cattle/Texas/24-008749-003/2024(H5N1)	838	3816
NA|PP755591.1|A/cattle/Texas/24-008749-003/2024(H5N1)	839	3886
NA|PP755591.1|A/cattle/Texas/24-008749-003/2024(H5N1)	840	3940
NA|PP755591.1|A/cattle/Texas/24-008749-003/2024(H5N1)	841	3894
NA|PP755591.1|A/cattle/Texas/24-008749-003/2024(H5N1)	842	3906
NA|PP755591.1|A/cattle/Texas/24-008749-003/2024(H5N1)	843	3882
NA|PP755591.1|A/cattle/Texas/24-008749-003/2024(H5N1)	844	3882
NA|PP755591.1|A/cattle/Texas/24-008749-003/2024(H5N1)	845	4006
NA|PP755591.1|A/cattle/Texas/24-008749-003/2024(H5N1)	846	3994
NA|PP755591.1|A/cattle/Texas/24-008749-003/2024(H5N1)	847	3977
NA|PP755591.1|A/cattle/Texas/24-008749-003/2024(H5N1)	848	3905
NA|PP755591.1|A/cattle/Texas/24-008749-003/2024(H5N1)	849	3793
NA|PP755591.1|A/cattle/Texas/24-008749-003/2024(H5N1)	850	3800
NA|PP755591.1|A/cattle/Texas/24-008749-003/2024(H5N1)	851	3801
NA|PP755591.1|A/cattle/Texas/24-008749-003/2024(H5N1)	852	3798
NA|PP755591.1|A/cattle/Texas/24-008749-003/2024(H5N1)	853	3803
NA|PP755591.1|A/cattle/Texas/24-008749-003/2024(H5N1)	854	3677
NA|PP755591.1|A/cattle/Texas/24-008749-003/2024(H5N1)	855	3715
NA|PP755591.1|A/cattle/Texas/24-008749-003/2024(H5N1)	856	3798
NA|PP755591.1|A/cattle/Texas/24-008749-003/2024(H5N1)	857	3802
NA|PP755591.1|A/cattle/Texas/24-008749-003/2024(H5N1)	858	3788
NA|PP755591.1|A/cattle/Texas/24-008749-003/2024(H5N1)	859	3945
NA|PP755591.1|A/cattle/Texas/24-008749-003/2024(H5N1)	860	4052
NA|PP755591.1|A/cattle/Texas/24-008749-003/2024(H5N1)	861	4190
NA|PP755591.1|A/cattle/Texas/24-008749-003/2024(H5N1)	862	4168
NA|PP755591.1|A/cattle/Texas/24-008749-003/2024(H5N1)	863	4211
NA|PP755591.1|A/cattle/Texas/24-008749-003/2024(H5N1)	864	4127
NA|PP755591.1|A/cattle/Texas/24-008749-003/2024(H5N1)	865	4261
NA|PP755591.1|A/cattle/Texas/24-008749-003/2024(H5N1)	866	4234
NA|PP755591.1|A/cattle/Texas/24-008749-003/2024(H5N1)	867	4258
NA|PP755591.1|A/cattle/Texas/24-008749-003/2024(H5N1)	868	4168
NA|PP755591.1|A/cattle/Texas/24-008749-003/2024(H5N1)	869	4175
NA|PP755591.1|A/cattle/Texas/24-008749-003/2024(H5N1)	870	3966
NA|PP755591.1|A/cattle/Texas/24-008749-003/2024(H5N1)	871	3971
NA|PP755591.1|A/cattle/Texas/24-008749-003/2024(H5N1)	872	3939
NA|PP755591.1|A/cattle/Texas/24-008749-003/2024(H5N1)	873	4021
NA|PP755591.1|A/cattle/Texas/24-008749-003/2024(H5N1)	874	4035
NA|PP755591.1|A/cattle/Texas/24-008749-003/2024(H5N1)	875	4088
NA|PP755591.1|A/cattle/Texas/24-008749-003/2024(H5N1)	876	4144
NA|PP755591.1|A/cattle/Texas/24-008749-003/2024(H5N1)	877	4102
NA|PP755591.1|A/cattle/Texas/24-008749-003/2024(H5N1)	878	4118
NA|PP755591.1|A/cattle/Texas/24-008749-003/2024(H5N1)	879	4121
NA|PP755591.1|A/cattle/Texas/24-008749-003/2024(H5N1)	880	4142
NA|PP755591.1|A/cattle/Texas/24-008749-003/2024(H5N1)	881	4140
NA|PP755591.1|A/cattle/Texas/24-008749-003/2024(H5N1)	882	4215
NA|PP755591.1|A/cattle/Texas/24-008749-003/2024(H5N1)	883	4207
NA|PP755591.1|A/cattle/Texas/24-008749-003/2024(H5N1)	884	4217
NA|PP755591.1|A/cattle/Texas/24-008749-003/2024(H5N1)	885	4208
NA|PP755591.1|A/cattle/Texas/24-008749-003/2024(H5N1)	886	4175
NA|PP755591.1|A/cattle/Texas/24-008749-003/2024(H5N1)	887	4186
NA|PP755591.1|A/cattle/Texas/24-008749-003/2024(H5N1)	888	4186
NA|PP755591.1|A/cattle/Texas/24-008749-003/2024(H5N1)	889	4155
NA|PP755591.1|A/cattle/Texas/24-008749-003/2024(H5N1)	890	4142
NA|PP755591.1|A/cattle/Texas/24-008749-003/2024(H5N1)	891	3956
NA|PP755591.1|A/cattle/Texas/24-008749-003/2024(H5N1)	892	4140
NA|PP755591.1|A/cattle/Texas/24-008749-003/2024(H5N1)	893	4247
NA|PP755591.1|A/cattle/Texas/24-008749-003/2024(H5N1)	894	4180
NA|PP755591.1|A/cattle/Texas/24-008749-003/2024(H5N1)	895	4178
NA|PP755591.1|A/cattle/Texas/24-008749-003/2024(H5N1)	896	4160
NA|PP755591.1|A/cattle/Texas/24-008749-003/2024(H5N1)	897	4158
NA|PP755591.1|A/cattle/Texas/24-008749-003/2024(H5N1)	898	4188
NA|PP755591.1|A/cattle/Texas/24-008749-003/2024(H5N1)	899	4190
NA|PP755591.1|A/cattle/Texas/24-008749-003/2024(H5N1)	900	4173
NA|PP755591.1|A/cattle/Texas/24-008749-003/2024(H5N1)	901	4011
NA|PP755591.1|A/cattle/Texas/24-008749-003/2024(H5N1)	902	4004
NA|PP755591.1|A/cattle/Texas/24-008749-003/2024(H5N1)	903	4044
NA|PP755591.1|A/cattle/Texas/24-008749-003/2024(H5N1)	904	4045
NA|PP755591.1|A/cattle/Texas/24-008749-003/2024(H5N1)	905	4020
NA|PP755591.1|A/cattle/Texas/24-008749-003/2024(H5N1)	906	4018
NA|PP755591.1|A/cattle/Texas/24-008749-003/2024(H5N1)	907	4003
NA|PP755591.1|A/cattle/Texas/24-008749-003/2024(H5N1)	908	4027
NA|PP755591.1|A/cattle/Texas/24-008749-003/2024(H5N1)	909	4065
NA|PP755591.1|A/cattle/Texas/24-008749-003/2024(H5N1)	910	4077
NA|PP755591.1|A/cattle/Texas/24-008749-003/2024(H5N1)	911	4052
NA|PP755591.1|A/cattle/Texas/24-008749-003/2024(H5N1)	912	4036
NA|PP755591.1|A/cattle/Texas/24-008749-003/2024(H5N1)	913	4037
NA|PP755591.1|A/cattle/Texas/24-008749-003/2024(H5N1)	914	4036
NA|PP755591.1|A/cattle/Texas/24-008749-003/2024(H5N1)	915	4029
NA|PP755591.1|A/cattle/Texas/24-008749-003/2024(H5N1)	916	4026
NA|PP755591.1|A/cattle/Texas/24-008749-003/2024(H5N1)	917	4054
NA|PP755591.1|A/cattle/Texas/24-008749-003/2024(H5N1)	918	4030
NA|PP755591.1|A/cattle/Texas/24-008749-003/2024(H5N1)	919	4203
NA|PP755591.1|A/cattle/Texas/24-008749-003/2024(H5N1)	920	4211
NA|PP755591.1|A/cattle/Texas/24-008749-003/2024(H5N1)	921	4178
NA|PP755591.1|A/cattle/Texas/24-008749-003/2024(H5N1)	922	4171
NA|PP755591.1|A/cattle/Texas/24-008749-003/2024(H5N1)	923	4153
NA|PP755591.1|A/cattle/Texas/24-008749-003/2024(H5N1)	924	4157
NA|PP755591.1|A/cattle/Texas/24-008749-003/2024(H5N1)	925	4191
NA|PP755591.1|A/cattle/Texas/24-008749-003/2024(H5N1)	926	4207
NA|PP755591.1|A/cattle/Texas/24-008749-003/2024(H5N1)	927	4218
NA|PP755591.1|A/cattle/Texas/24-008749-003/2024(H5N1)	928	4194
NA|PP755591.1|A/cattle/Texas/24-008749-003/2024(H5N1)	929	4189
NA|PP755591.1|A/cattle/Texas/24-008749-003/2024(H5N1)	930	4191
NA|PP755591.1|A/cattle/Texas/24-008749-003/2024(H5N1)	931	4191
NA|PP755591.1|A/cattle/Texas/24-008749-003/2024(H5N1)	932	4190
NA|PP755591.1|A/cattle/Texas/24-008749-003/2024(H5N1)	933	4248
NA|PP755591.1|A/cattle/Texas/24-008749-003/2024(H5N1)	934	4244
NA|PP755591.1|A/cattle/Texas/24-008749-003/2024(H5N1)	935	4297
NA|PP755591.1|A/cattle/Texas/24-008749-003/2024(H5N1)	936	4301
NA|PP755591.1|A/cattle/Texas/24-008749-003/2024(H5N1)	937	4311
NA|PP755591.1|A/cattle/Texas/24-008749-003/2024(H5N1)	938	4329
NA|PP755591.1|A/cattle/Texas/24-008749-003/2024(H5N1)	939	4327
NA|PP755591.1|A/cattle/Texas/24-008749-003/2024(H5N1)	940	4322
NA|PP755591.1|A/cattle/Texas/24-008749-003/2024(H5N1)	941	4324
NA|PP755591.1|A/cattle/Texas/24-008749-003/2024(H5N1)	942	4271
NA|PP755591.1|A/cattle/Texas/24-008749-003/2024(H5N1)	943	4508
NA|PP755591.1|A/cattle/Texas/24-008749-003/2024(H5N1)	944	4489
NA|PP755591.1|A/cattle/Texas/24-008749-003/2024(H5N1)	945	4507
NA|PP755591.1|A/cattle/Texas/24-008749-003/2024(H5N1)	946	4670
NA|PP755591.1|A/cattle/Texas/24-008749-003/2024(H5N1)	947	4711
NA|PP755591.1|A/cattle/Texas/24-008749-003/2024(H5N1)	948	4814
NA|PP755591.1|A/cattle/Texas/24-008749-003/2024(H5N1)	949	4825
NA|PP755591.1|A/cattle/Texas/24-008749-003/2024(H5N1)	950	4784
NA|PP755591.1|A/cattle/Texas/24-008749-003/2024(H5N1)	951	4788
NA|PP755591.1|A/cattle/Texas/24-008749-003/2024(H5N1)	952	4582
NA|PP755591.1|A/cattle/Texas/24-008749-003/2024(H5N1)	953	4564
NA|PP755591.1|A/cattle/Texas/24-008749-003/2024(H5N1)	954	4553
NA|PP755591.1|A/cattle/Texas/24-008749-003/2024(H5N1)	955	4397
NA|PP755591.1|A/cattle/Texas/24-008749-003/2024(H5N1)	956	4402
NA|PP755591.1|A/cattle/Texas/24-008749-003/2024(H5N1)	957	4407
NA|PP755591.1|A/cattle/Texas/24-008749-003/2024(H5N1)	958	4402
NA|PP755591.1|A/cattle/Texas/24-008749-003/2024(H5N1)	959	4401
NA|PP755591.1|A/cattle/Texas/24-008749-003/2024(H5N1)	960	4391
NA|PP755591.1|A/cattle/Texas/24-008749-003/2024(H5N1)	961	4387
NA|PP755591.1|A/cattle/Texas/24-008749-003/2024(H5N1)	962	4383
NA|PP755591.1|A/cattle/Texas/24-008749-003/2024(H5N1)	963	4326
NA|PP755591.1|A/cattle/Texas/24-008749-003/2024(H5N1)	964	4351
NA|PP755591.1|A/cattle/Texas/24-008749-003/2024(H5N1)	965	4323
NA|PP755591.1|A/cattle/Texas/24-008749-003/2024(H5N1)	966	4305
NA|PP755591.1|A/cattle/Texas/24-008749-003/2024(H5N1)	967	4298
NA|PP755591.1|A/cattle/Texas/24-008749-003/2024(H5N1)	968	4309
NA|PP755591.1|A/cattle/Texas/24-008749-003/2024(H5N1)	969	4337
NA|PP755591.1|A/cattle/Texas/24-008749-003/2024(H5N1)	970	4363
NA|PP755591.1|A/cattle/Texas/24-008749-003/2024(H5N1)	971	4362
NA|PP755591.1|A/cattle/Texas/24-008749-003/2024(H5N1)	972	4359
NA|PP755591.1|A/cattle/Texas/24-008749-003/2024(H5N1)	973	4322
NA|PP755591.1|A/cattle/Texas/24-008749-003/2024(H5N1)	974	4379
NA|PP755591.1|A/cattle/Texas/24-008749-003/2024(H5N1)	975	4374
NA|PP755591.1|A/cattle/Texas/24-008749-003/2024(H5N1)	976	4342
NA|PP755591.1|A/cattle/Texas/24-008749-003/2024(H5N1)	977	4373
NA|PP755591.1|A/cattle/Texas/24-008749-003/2024(H5N1)	978	4361
NA|PP755591.1|A/cattle/Texas/24-008749-003/2024(H5N1)	979	4330
NA|PP755591.1|A/cattle/Texas/24-008749-003/2024(H5N1)	980	4338
NA|PP755591.1|A/cattle/Texas/24-008749-003/2024(H5N1)	981	4376
NA|PP755591.1|A/cattle/Texas/24-008749-003/2024(H5N1)	982	4348
NA|PP755591.1|A/cattle/Texas/24-008749-003/2024(H5N1)	983	4311
NA|PP755591.1|A/cattle/Texas/24-008749-003/2024(H5N1)	984	4277
NA|PP755591.1|A/cattle/Texas/24-008749-003/2024(H5N1)	985	4293
NA|PP755591.1|A/cattle/Texas/24-008749-003/2024(H5N1)	986	4313
NA|PP755591.1|A/cattle/Texas/24-008749-003/2024(H5N1)	987	4341
NA|PP755591.1|A/cattle/Texas/24-008749-003/2024(H5N1)	988	4322
NA|PP755591.1|A/cattle/Texas/24-008749-003/2024(H5N1)	989	4316
NA|PP755591.1|A/cattle/Texas/24-008749-003/2024(H5N1)	990	4240
NA|PP755591.1|A/cattle/Texas/24-008749-003/2024(H5N1)	991	4182
NA|PP755591.1|A/cattle/Texas/24-008749-003/2024(H5N1)	992	4211
NA|PP755591.1|A/cattle/Texas/24-008749-003/2024(H5N1)	993	4269
NA|PP755591.1|A/cattle/Texas/24-008749-003/2024(H5N1)	994	4267
NA|PP755591.1|A/cattle/Texas/24-008749-003/2024(H5N1)	995	4168
NA|PP755591.1|A/cattle/Texas/24-008749-003/2024(H5N1)	996	4129
NA|PP755591.1|A/cattle/Texas/24-008749-003/2024(H5N1)	997	4208
NA|PP755591.1|A/cattle/Texas/24-008749-003/2024(H5N1)	998	4292
NA|PP755591.1|A/cattle/Texas/24-008749-003/2024(H5N1)	999	4334
NA|PP755591.1|A/cattle/Texas/24-008749-003/2024(H5N1)	1000	4312
NA|PP755591.1|A/cattle/Texas/24-008749-003/2024(H5N1)	1001	4381
NA|PP755591.1|A/cattle/Texas/24-008749-003/2024(H5N1)	1002	4492
NA|PP755591.1|A/cattle/Texas/24-008749-003/2024(H5N1)	1003	4492
NA|PP755591.1|A/cattle/Texas/24-008749-003/2024(H5N1)	1004	4496
NA|PP755591.1|A/cattle/Texas/24-008749-003/2024(H5N1)	1005	4465
NA|PP755591.1|A/cattle/Texas/24-008749-003/2024(H5N1)	1006	4354
NA|PP755591.1|A/cattle/Texas/24-008749-003/2024(H5N1)	1007	4609
NA|PP755591.1|A/cattle/Texas/24-008749-003/2024(H5N1)	1008	4668
NA|PP755591.1|A/cattle/Texas/24-008749-003/2024(H5N1)	1009	4595
NA|PP755591.1|A/cattle/Texas/24-008749-003/2024(H5N1)	1010	4544
NA|PP755591.1|A/cattle/Texas/24-008749-003/2024(H5N1)	1011	4518
NA|PP755591.1|A/cattle/Texas/24-008749-003/2024(H5N1)	1012	4404
NA|PP755591.1|A/cattle/Texas/24-008749-003/2024(H5N1)	1013	4425
NA|PP755591.1|A/cattle/Texas/24-008749-003/2024(H5N1)	1014	4434
NA|PP755591.1|A/cattle/Texas/24-008749-003/2024(H5N1)	1015	4436
NA|PP755591.1|A/cattle/Texas/24-008749-003/2024(H5N1)	1016	4275
NA|PP755591.1|A/cattle/Texas/24-008749-003/2024(H5N1)	1017	4371
NA|PP755591.1|A/cattle/Texas/24-008749-003/2024(H5N1)	1018	4346
NA|PP755591.1|A/cattle/Texas/24-008749-003/2024(H5N1)	1019	4535
NA|PP755591.1|A/cattle/Texas/24-008749-003/2024(H5N1)	1020	4530
NA|PP755591.1|A/cattle/Texas/24-008749-003/2024(H5N1)	1021	4553
NA|PP755591.1|A/cattle/Texas/24-008749-003/2024(H5N1)	1022	4546
NA|PP755591.1|A/cattle/Texas/24-008749-003/2024(H5N1)	1023	4503
NA|PP755591.1|A/cattle/Texas/24-008749-003/2024(H5N1)	1024	4454
NA|PP755591.1|A/cattle/Texas/24-008749-003/2024(H5N1)	1025	4480
NA|PP755591.1|A/cattle/Texas/24-008749-003/2024(H5N1)	1026	4441
NA|PP755591.1|A/cattle/Texas/24-008749-003/2024(H5N1)	1027	4539
NA|PP755591.1|A/cattle/Texas/24-008749-003/2024(H5N1)	1028	4357
NA|PP755591.1|A/cattle/Texas/24-008749-003/2024(H5N1)	1029	4372
NA|PP755591.1|A/cattle/Texas/24-008749-003/2024(H5N1)	1030	4354
NA|PP755591.1|A/cattle/Texas/24-008749-003/2024(H5N1)	1031	4357
NA|PP755591.1|A/cattle/Texas/24-008749-003/2024(H5N1)	1032	4356
NA|PP755591.1|A/cattle/Texas/24-008749-003/2024(H5N1)	1033	4287
NA|PP755591.1|A/cattle/Texas/24-008749-003/2024(H5N1)	1034	4490
NA|PP755591.1|A/cattle/Texas/24-008749-003/2024(H5N1)	1035	4467
NA|PP755591.1|A/cattle/Texas/24-008749-003/2024(H5N1)	1036	4532
NA|PP755591.1|A/cattle/Texas/24-008749-003/2024(H5N1)	1037	4576
NA|PP755591.1|A/cattle/Texas/24-008749-003/2024(H5N1)	1038	4575
NA|PP755591.1|A/cattle/Texas/24-008749-003/2024(H5N1)	1039	4568
NA|PP755591.1|A/cattle/Texas/24-008749-003/2024(H5N1)	1040	4593
NA|PP755591.1|A/cattle/Texas/24-008749-003/2024(H5N1)	1041	4594
NA|PP755591.1|A/cattle/Texas/24-008749-003/2024(H5N1)	1042	4598
NA|PP755591.1|A/cattle/Texas/24-008749-003/2024(H5N1)	1043	4401
NA|PP755591.1|A/cattle/Texas/24-008749-003/2024(H5N1)	1044	4373
NA|PP755591.1|A/cattle/Texas/24-008749-003/2024(H5N1)	1045	4383
NA|PP755591.1|A/cattle/Texas/24-008749-003/2024(H5N1)	1046	4382
NA|PP755591.1|A/cattle/Texas/24-008749-003/2024(H5N1)	1047	4384
NA|PP755591.1|A/cattle/Texas/24-008749-003/2024(H5N1)	1048	4392
NA|PP755591.1|A/cattle/Texas/24-008749-003/2024(H5N1)	1049	4412
NA|PP755591.1|A/cattle/Texas/24-008749-003/2024(H5N1)	1050	4414
NA|PP755591.1|A/cattle/Texas/24-008749-003/2024(H5N1)	1051	4436
NA|PP755591.1|A/cattle/Texas/24-008749-003/2024(H5N1)	1052	4432
NA|PP755591.1|A/cattle/Texas/24-008749-003/2024(H5N1)	1053	4404
NA|PP755591.1|A/cattle/Texas/24-008749-003/2024(H5N1)	1054	4595
NA|PP755591.1|A/cattle/Texas/24-008749-003/2024(H5N1)	1055	4597
NA|PP755591.1|A/cattle/Texas/24-008749-003/2024(H5N1)	1056	4621
NA|PP755591.1|A/cattle/Texas/24-008749-003/2024(H5N1)	1057	4624
NA|PP755591.1|A/cattle/Texas/24-008749-003/2024(H5N1)	1058	4677
NA|PP755591.1|A/cattle/Texas/24-008749-003/2024(H5N1)	1059	4915
NA|PP755591.1|A/cattle/Texas/24-008749-003/2024(H5N1)	1060	4905
NA|PP755591.1|A/cattle/Texas/24-008749-003/2024(H5N1)	1061	5269
NA|PP755591.1|A/cattle/Texas/24-008749-003/2024(H5N1)	1062	5270
NA|PP755591.1|A/cattle/Texas/24-008749-003/2024(H5N1)	1063	5249
NA|PP755591.1|A/cattle/Texas/24-008749-003/2024(H5N1)	1064	5258
NA|PP755591.1|A/cattle/Texas/24-008749-003/2024(H5N1)	1065	5223
NA|PP755591.1|A/cattle/Texas/24-008749-003/2024(H5N1)	1066	5228
NA|PP755591.1|A/cattle/Texas/24-008749-003/2024(H5N1)	1067	5257
NA|PP755591.1|A/cattle/Texas/24-008749-003/2024(H5N1)	1068	5267
NA|PP755591.1|A/cattle/Texas/24-008749-003/2024(H5N1)	1069	5277
NA|PP755591.1|A/cattle/Texas/24-008749-003/2024(H5N1)	1070	5040
NA|PP755591.1|A/cattle/Texas/24-008749-003/2024(H5N1)	1071	5038
NA|PP755591.1|A/cattle/Texas/24-008749-003/2024(H5N1)	1072	5063
NA|PP755591.1|A/cattle/Texas/24-008749-003/2024(H5N1)	1073	5069
NA|PP755591.1|A/cattle/Texas/24-008749-003/2024(H5N1)	1074	5102
NA|PP755591.1|A/cattle/Texas/24-008749-003/2024(H5N1)	1075	5099
NA|PP755591.1|A/cattle/Texas/24-008749-003/2024(H5N1)	1076	5065
NA|PP755591.1|A/cattle/Texas/24-008749-003/2024(H5N1)	1077	5022
NA|PP755591.1|A/cattle/Texas/24-008749-003/2024(H5N1)	1078	5011
NA|PP755591.1|A/cattle/Texas/24-008749-003/2024(H5N1)	1079	5042
NA|PP755591.1|A/cattle/Texas/24-008749-003/2024(H5N1)	1080	5053
NA|PP755591.1|A/cattle/Texas/24-008749-003/2024(H5N1)	1081	5049
NA|PP755591.1|A/cattle/Texas/24-008749-003/2024(H5N1)	1082	5064
NA|PP755591.1|A/cattle/Texas/24-008749-003/2024(H5N1)	1083	5051
NA|PP755591.1|A/cattle/Texas/24-008749-003/2024(H5N1)	1084	5143
NA|PP755591.1|A/cattle/Texas/24-008749-003/2024(H5N1)	1085	5112
NA|PP755591.1|A/cattle/Texas/24-008749-003/2024(H5N1)	1086	5110
NA|PP755591.1|A/cattle/Texas/24-008749-003/2024(H5N1)	1087	5107
NA|PP755591.1|A/cattle/Texas/24-008749-003/2024(H5N1)	1088	5084
NA|PP755591.1|A/cattle/Texas/24-008749-003/2024(H5N1)	1089	5108
NA|PP755591.1|A/cattle/Texas/24-008749-003/2024(H5N1)	1090	5104
NA|PP755591.1|A/cattle/Texas/24-008749-003/2024(H5N1)	1091	5126
NA|PP755591.1|A/cattle/Texas/24-008749-003/2024(H5N1)	1092	5138
NA|PP755591.1|A/cattle/Texas/24-008749-003/2024(H5N1)	1093	5126
NA|PP755591.1|A/cattle/Texas/24-008749-003/2024(H5N1)	1094	4953
NA|PP755591.1|A/cattle/Texas/24-008749-003/2024(H5N1)	1095	4950
NA|PP755591.1|A/cattle/Texas/24-008749-003/2024(H5N1)	1096	5019
NA|PP755591.1|A/cattle/Texas/24-008749-003/2024(H5N1)	1097	4912
NA|PP755591.1|A/cattle/Texas/24-008749-003/2024(H5N1)	1098	5189
NA|PP755591.1|A/cattle/Texas/24-008749-003/2024(H5N1)	1099	5120
NA|PP755591.1|A/cattle/Texas/24-008749-003/2024(H5N1)	1100	5102
NA|PP755591.1|A/cattle/Texas/24-008749-003/2024(H5N1)	1101	5083
NA|PP755591.1|A/cattle/Texas/24-008749-003/2024(H5N1)	1102	5083
NA|PP755591.1|A/cattle/Texas/24-008749-003/2024(H5N1)	1103	5086
NA|PP755591.1|A/cattle/Texas/24-008749-003/2024(H5N1)	1104	5123
NA|PP755591.1|A/cattle/Texas/24-008749-003/2024(H5N1)	1105	5045
NA|PP755591.1|A/cattle/Texas/24-008749-003/2024(H5N1)	1106	5045
NA|PP755591.1|A/cattle/Texas/24-008749-003/2024(H5N1)	1107	4978
NA|PP755591.1|A/cattle/Texas/24-008749-003/2024(H5N1)	1108	4979
NA|PP755591.1|A/cattle/Texas/24-008749-003/2024(H5N1)	1109	5153
NA|PP755591.1|A/cattle/Texas/24-008749-003/2024(H5N1)	1110	5151
NA|PP755591.1|A/cattle/Texas/24-008749-003/2024(H5N1)	1111	5149
NA|PP755591.1|A/cattle/Texas/24-008749-003/2024(H5N1)	1112	5150
NA|PP755591.1|A/cattle/Texas/24-008749-003/2024(H5N1)	1113	5150
NA|PP755591.1|A/cattle/Texas/24-008749-003/2024(H5N1)	1114	5159
NA|PP755591.1|A/cattle/Texas/24-008749-003/2024(H5N1)	1115	5147
NA|PP755591.1|A/cattle/Texas/24-008749-003/2024(H5N1)	1116	5154
NA|PP755591.1|A/cattle/Texas/24-008749-003/2024(H5N1)	1117	5182
NA|PP755591.1|A/cattle/Texas/24-008749-003/2024(H5N1)	1118	5084
NA|PP755591.1|A/cattle/Texas/24-008749-003/2024(H5N1)	1119	5172
NA|PP755591.1|A/cattle/Texas/24-008749-003/2024(H5N1)	1120	5194
NA|PP755591.1|A/cattle/Texas/24-008749-003/2024(H5N1)	1121	5276
NA|PP755591.1|A/cattle/Texas/24-008749-003/2024(H5N1)	1122	5276
NA|PP755591.1|A/cattle/Texas/24-008749-003/2024(H5N1)	1123	5264
NA|PP755591.1|A/cattle/Texas/24-008749-003/2024(H5N1)	1124	5264
NA|PP755591.1|A/cattle/Texas/24-008749-003/2024(H5N1)	1125	5223
NA|PP755591.1|A/cattle/Texas/24-008749-003/2024(H5N1)	1126	5245
NA|PP755591.1|A/cattle/Texas/24-008749-003/2024(H5N1)	1127	5283
NA|PP755591.1|A/cattle/Texas/24-008749-003/2024(H5N1)	1128	5222
NA|PP755591.1|A/cattle/Texas/24-008749-003/2024(H5N1)	1129	5249
NA|PP755591.1|A/cattle/Texas/24-008749-003/2024(H5N1)	1130	5223
NA|PP755591.1|A/cattle/Texas/24-008749-003/2024(H5N1)	1131	5239
NA|PP755591.1|A/cattle/Texas/24-008749-003/2024(H5N1)	1132	5274
NA|PP755591.1|A/cattle/Texas/24-008749-003/2024(H5N1)	1133	5293
NA|PP755591.1|A/cattle/Texas/24-008749-003/2024(H5N1)	1134	5352
NA|PP755591.1|A/cattle/Texas/24-008749-003/2024(H5N1)	1135	5352
NA|PP755591.1|A/cattle/Texas/24-008749-003/2024(H5N1)	1136	5396
NA|PP755591.1|A/cattle/Texas/24-008749-003/2024(H5N1)	1137	5487
NA|PP755591.1|A/cattle/Texas/24-008749-003/2024(H5N1)	1138	5519
NA|PP755591.1|A/cattle/Texas/24-008749-003/2024(H5N1)	1139	5582
NA|PP755591.1|A/cattle/Texas/24-008749-003/2024(H5N1)	1140	5646
NA|PP755591.1|A/cattle/Texas/24-008749-003/2024(H5N1)	1141	5644
NA|PP755591.1|A/cattle/Texas/24-008749-003/2024(H5N1)	1142	5608
NA|PP755591.1|A/cattle/Texas/24-008749-003/2024(H5N1)	1143	5498
NA|PP755591.1|A/cattle/Texas/24-008749-003/2024(H5N1)	1144	5585
NA|PP755591.1|A/cattle/Texas/24-008749-003/2024(H5N1)	1145	5510
NA|PP755591.1|A/cattle/Texas/24-008749-003/2024(H5N1)	1146	5517
NA|PP755591.1|A/cattle/Texas/24-008749-003/2024(H5N1)	1147	5565
NA|PP755591.1|A/cattle/Texas/24-008749-003/2024(H5N1)	1148	5443
NA|PP755591.1|A/cattle/Texas/24-008749-003/2024(H5N1)	1149	5489
NA|PP755591.1|A/cattle/Texas/24-008749-003/2024(H5N1)	1150	5542
NA|PP755591.1|A/cattle/Texas/24-008749-003/2024(H5N1)	1151	5536
NA|PP755591.1|A/cattle/Texas/24-008749-003/2024(H5N1)	1152	5512
NA|PP755591.1|A/cattle/Texas/24-008749-003/2024(H5N1)	1153	5404
NA|PP755591.1|A/cattle/Texas/24-008749-003/2024(H5N1)	1154	5472
NA|PP755591.1|A/cattle/Texas/24-008749-003/2024(H5N1)	1155	5489
NA|PP755591.1|A/cattle/Texas/24-008749-003/2024(H5N1)	1156	5485
NA|PP755591.1|A/cattle/Texas/24-008749-003/2024(H5N1)	1157	5511
NA|PP755591.1|A/cattle/Texas/24-008749-003/2024(H5N1)	1158	5266
NA|PP755591.1|A/cattle/Texas/24-008749-003/2024(H5N1)	1159	5254
NA|PP755591.1|A/cattle/Texas/24-008749-003/2024(H5N1)	1160	5230
NA|PP755591.1|A/cattle/Texas/24-008749-003/2024(H5N1)	1161	5180
NA|PP755591.1|A/cattle/Texas/24-008749-003/2024(H5N1)	1162	5157
NA|PP755591.1|A/cattle/Texas/24-008749-003/2024(H5N1)	1163	5179
NA|PP755591.1|A/cattle/Texas/24-008749-003/2024(H5N1)	1164	5131
NA|PP755591.1|A/cattle/Texas/24-008749-003/2024(H5N1)	1165	5117
NA|PP755591.1|A/cattle/Texas/24-008749-003/2024(H5N1)	1166	5109
NA|PP755591.1|A/cattle/Texas/24-008749-003/2024(H5N1)	1167	5111
NA|PP755591.1|A/cattle/Texas/24-008749-003/2024(H5N1)	1168	5143
NA|PP755591.1|A/cattle/Texas/24-008749-003/2024(H5N1)	1169	5145
NA|PP755591.1|A/cattle/Texas/24-008749-003/2024(H5N1)	1170	5005
NA|PP755591.1|A/cattle/Texas/24-008749-003/2024(H5N1)	1171	4994
NA|PP755591.1|A/cattle/Texas/24-008749-003/2024(H5N1)	1172	4986
NA|PP755591.1|A/cattle/Texas/24-008749-003/2024(H5N1)	1173	5013
NA|PP755591.1|A/cattle/Texas/24-008749-003/2024(H5N1)	1174	5009
NA|PP755591.1|A/cattle/Texas/24-008749-003/2024(H5N1)	1175	5178
NA|PP755591.1|A/cattle/Texas/24-008749-003/2024(H5N1)	1176	5090
NA|PP755591.1|A/cattle/Texas/24-008749-003/2024(H5N1)	1177	4967
NA|PP755591.1|A/cattle/Texas/24-008749-003/2024(H5N1)	1178	5063
NA|PP755591.1|A/cattle/Texas/24-008749-003/2024(H5N1)	1179	5039
NA|PP755591.1|A/cattle/Texas/24-008749-003/2024(H5N1)	1180	5051
NA|PP755591.1|A/cattle/Texas/24-008749-003/2024(H5N1)	1181	5056
NA|PP755591.1|A/cattle/Texas/24-008749-003/2024(H5N1)	1182	5087
NA|PP755591.1|A/cattle/Texas/24-008749-003/2024(H5N1)	1183	5098
NA|PP755591.1|A/cattle/Texas/24-008749-003/2024(H5N1)	1184	5076
NA|PP755591.1|A/cattle/Texas/24-008749-003/2024(H5N1)	1185	5018
NA|PP755591.1|A/cattle/Texas/24-008749-003/2024(H5N1)	1186	4997
NA|PP755591.1|A/cattle/Texas/24-008749-003/2024(H5N1)	1187	4930
NA|PP755591.1|A/cattle/Texas/24-008749-003/2024(H5N1)	1188	4957
NA|PP755591.1|A/cattle/Texas/24-008749-003/2024(H5N1)	1189	4934
NA|PP755591.1|A/cattle/Texas/24-008749-003/2024(H5N1)	1190	4960
NA|PP755591.1|A/cattle/Texas/24-008749-003/2024(H5N1)	1191	4932
NA|PP755591.1|A/cattle/Texas/24-008749-003/2024(H5N1)	1192	4935
NA|PP755591.1|A/cattle/Texas/24-008749-003/2024(H5N1)	1193	4926
NA|PP755591.1|A/cattle/Texas/24-008749-003/2024(H5N1)	1194	4923
NA|PP755591.1|A/cattle/Texas/24-008749-003/2024(H5N1)	1195	4879
NA|PP755591.1|A/cattle/Texas/24-008749-003/2024(H5N1)	1196	5112
NA|PP755591.1|A/cattle/Texas/24-008749-003/2024(H5N1)	1197	5120
NA|PP755591.1|A/cattle/Texas/24-008749-003/2024(H5N1)	1198	5167
NA|PP755591.1|A/cattle/Texas/24-008749-003/2024(H5N1)	1199	5138
NA|PP755591.1|A/cattle/Texas/24-008749-003/2024(H5N1)	1200	5137
NA|PP755591.1|A/cattle/Texas/24-008749-003/2024(H5N1)	1201	5535
NA|PP755591.1|A/cattle/Texas/24-008749-003/2024(H5N1)	1202	5588
NA|PP755591.1|A/cattle/Texas/24-008749-003/2024(H5N1)	1203	5615
NA|PP755591.1|A/cattle/Texas/24-008749-003/2024(H5N1)	1204	5619
NA|PP755591.1|A/cattle/Texas/24-008749-003/2024(H5N1)	1205	5436
NA|PP755591.1|A/cattle/Texas/24-008749-003/2024(H5N1)	1206	5453
NA|PP755591.1|A/cattle/Texas/24-008749-003/2024(H5N1)	1207	5418
NA|PP755591.1|A/cattle/Texas/24-008749-003/2024(H5N1)	1208	5430
NA|PP755591.1|A/cattle/Texas/24-008749-003/2024(H5N1)	1209	5326
NA|PP755591.1|A/cattle/Texas/24-008749-003/2024(H5N1)	1210	4998
NA|PP755591.1|A/cattle/Texas/24-008749-003/2024(H5N1)	1211	4990
NA|PP755591.1|A/cattle/Texas/24-008749-003/2024(H5N1)	1212	4830
NA|PP755591.1|A/cattle/Texas/24-008749-003/2024(H5N1)	1213	4862
NA|PP755591.1|A/cattle/Texas/24-008749-003/2024(H5N1)	1214	4879
NA|PP755591.1|A/cattle/Texas/24-008749-003/2024(H5N1)	1215	4934
NA|PP755591.1|A/cattle/Texas/24-008749-003/2024(H5N1)	1216	4935
NA|PP755591.1|A/cattle/Texas/24-008749-003/2024(H5N1)	1217	4982
NA|PP755591.1|A/cattle/Texas/24-008749-003/2024(H5N1)	1218	4975
NA|PP755591.1|A/cattle/Texas/24-008749-003/2024(H5N1)	1219	4936
NA|PP755591.1|A/cattle/Texas/24-008749-003/2024(H5N1)	1220	4928
NA|PP755591.1|A/cattle/Texas/24-008749-003/2024(H5N1)	1221	4924
NA|PP755591.1|A/cattle/Texas/24-008749-003/2024(H5N1)	1222	4924
NA|PP755591.1|A/cattle/Texas/24-008749-003/2024(H5N1)	1223	4891
NA|PP755591.1|A/cattle/Texas/24-008749-003/2024(H5N1)	1224	4913
NA|PP755591.1|A/cattle/Texas/24-008749-003/2024(H5N1)	1225	5113
NA|PP755591.1|A/cattle/Texas/24-008749-003/2024(H5N1)	1226	5281
NA|PP755591.1|A/cattle/Texas/24-008749-003/2024(H5N1)	1227	5326
NA|PP755591.1|A/cattle/Texas/24-008749-003/2024(H5N1)	1228	5343
NA|PP755591.1|A/cattle/Texas/24-008749-003/2024(H5N1)	1229	5323
NA|PP755591.1|A/cattle/Texas/24-008749-003/2024(H5N1)	1230	5309
NA|PP755591.1|A/cattle/Texas/24-008749-003/2024(H5N1)	1231	5337
NA|PP755591.1|A/cattle/Texas/24-008749-003/2024(H5N1)	1232	5375
NA|PP755591.1|A/cattle/Texas/24-008749-003/2024(H5N1)	1233	5357
NA|PP755591.1|A/cattle/Texas/24-008749-003/2024(H5N1)	1234	5344
NA|PP755591.1|A/cattle/Texas/24-008749-003/2024(H5N1)	1235	5185
NA|PP755591.1|A/cattle/Texas/24-008749-003/2024(H5N1)	1236	5207
NA|PP755591.1|A/cattle/Texas/24-008749-003/2024(H5N1)	1237	5213
NA|PP755591.1|A/cattle/Texas/24-008749-003/2024(H5N1)	1238	5224
NA|PP755591.1|A/cattle/Texas/24-008749-003/2024(H5N1)	1239	5223
NA|PP755591.1|A/cattle/Texas/24-008749-003/2024(H5N1)	1240	5478
NA|PP755591.1|A/cattle/Texas/24-008749-003/2024(H5N1)	1241	5919
NA|PP755591.1|A/cattle/Texas/24-008749-003/2024(H5N1)	1242	5946
NA|PP755591.1|A/cattle/Texas/24-008749-003/2024(H5N1)	1243	5934
NA|PP755591.1|A/cattle/Texas/24-008749-003/2024(H5N1)	1244	5936
NA|PP755591.1|A/cattle/Texas/24-008749-003/2024(H5N1)	1245	5966
NA|PP755591.1|A/cattle/Texas/24-008749-003/2024(H5N1)	1246	5990
NA|PP755591.1|A/cattle/Texas/24-008749-003/2024(H5N1)	1247	5982
NA|PP755591.1|A/cattle/Texas/24-008749-003/2024(H5N1)	1248	6002
NA|PP755591.1|A/cattle/Texas/24-008749-003/2024(H5N1)	1249	5620
NA|PP755591.1|A/cattle/Texas/24-008749-003/2024(H5N1)	1250	5688
NA|PP755591.1|A/cattle/Texas/24-008749-003/2024(H5N1)	1251	5715
NA|PP755591.1|A/cattle/Texas/24-008749-003/2024(H5N1)	1252	5717
NA|PP755591.1|A/cattle/Texas/24-008749-003/2024(H5N1)	1253	5718
NA|PP755591.1|A/cattle/Texas/24-008749-003/2024(H5N1)	1254	5678
NA|PP755591.1|A/cattle/Texas/24-008749-003/2024(H5N1)	1255	5672
NA|PP755591.1|A/cattle/Texas/24-008749-003/2024(H5N1)	1256	5681
NA|PP755591.1|A/cattle/Texas/24-008749-003/2024(H5N1)	1257	5805
NA|PP755591.1|A/cattle/Texas/24-008749-003/2024(H5N1)	1258	5852
NA|PP755591.1|A/cattle/Texas/24-008749-003/2024(H5N1)	1259	5701
NA|PP755591.1|A/cattle/Texas/24-008749-003/2024(H5N1)	1260	5760
NA|PP755591.1|A/cattle/Texas/24-008749-003/2024(H5N1)	1261	5764
NA|PP755591.1|A/cattle/Texas/24-008749-003/2024(H5N1)	1262	5833
NA|PP755591.1|A/cattle/Texas/24-008749-003/2024(H5N1)	1263	6015
NA|PP755591.1|A/cattle/Texas/24-008749-003/2024(H5N1)	1264	6018
NA|PP755591.1|A/cattle/Texas/24-008749-003/2024(H5N1)	1265	6013
NA|PP755591.1|A/cattle/Texas/24-008749-003/2024(H5N1)	1266	5985
NA|PP755591.1|A/cattle/Texas/24-008749-003/2024(H5N1)	1267	5970
NA|PP755591.1|A/cattle/Texas/24-008749-003/2024(H5N1)	1268	6003
NA|PP755591.1|A/cattle/Texas/24-008749-003/2024(H5N1)	1269	6004
NA|PP755591.1|A/cattle/Texas/24-008749-003/2024(H5N1)	1270	5945
NA|PP755591.1|A/cattle/Texas/24-008749-003/2024(H5N1)	1271	5896
NA|PP755591.1|A/cattle/Texas/24-008749-003/2024(H5N1)	1272	5782
NA|PP755591.1|A/cattle/Texas/24-008749-003/2024(H5N1)	1273	5836
NA|PP755591.1|A/cattle/Texas/24-008749-003/2024(H5N1)	1274	5848
NA|PP755591.1|A/cattle/Texas/24-008749-003/2024(H5N1)	1275	5873
NA|PP755591.1|A/cattle/Texas/24-008749-003/2024(H5N1)	1276	5867
NA|PP755591.1|A/cattle/Texas/24-008749-003/2024(H5N1)	1277	5846
NA|PP755591.1|A/cattle/Texas/24-008749-003/2024(H5N1)	1278	6042
NA|PP755591.1|A/cattle/Texas/24-008749-003/2024(H5N1)	1279	6082
NA|PP755591.1|A/cattle/Texas/24-008749-003/2024(H5N1)	1280	6073
NA|PP755591.1|A/cattle/Texas/24-008749-003/2024(H5N1)	1281	6079
NA|PP755591.1|A/cattle/Texas/24-008749-003/2024(H5N1)	1282	5993
NA|PP755591.1|A/cattle/Texas/24-008749-003/2024(H5N1)	1283	5993
NA|PP755591.1|A/cattle/Texas/24-008749-003/2024(H5N1)	1284	5993
NA|PP755591.1|A/cattle/Texas/24-008749-003/2024(H5N1)	1285	5961
NA|PP755591.1|A/cattle/Texas/24-008749-003/2024(H5N1)	1286	5977
NA|PP755591.1|A/cattle/Texas/24-008749-003/2024(H5N1)	1287	5766
NA|PP755591.1|A/cattle/Texas/24-008749-003/2024(H5N1)	1288	5916
NA|PP755591.1|A/cattle/Texas/24-008749-003/2024(H5N1)	1289	6003
NA|PP755591.1|A/cattle/Texas/24-008749-003/2024(H5N1)	1290	6077
NA|PP755591.1|A/cattle/Texas/24-008749-003/2024(H5N1)	1291	6107
NA|PP755591.1|A/cattle/Texas/24-008749-003/2024(H5N1)	1292	6162
NA|PP755591.1|A/cattle/Texas/24-008749-003/2024(H5N1)	1293	6174
NA|PP755591.1|A/cattle/Texas/24-008749-003/2024(H5N1)	1294	6165
NA|PP755591.1|A/cattle/Texas/24-008749-003/2024(H5N1)	1295	6083
NA|PP755591.1|A/cattle/Texas/24-008749-003/2024(H5N1)	1296	6092
NA|PP755591.1|A/cattle/Texas/24-008749-003/2024(H5N1)	1297	6093
NA|PP755591.1|A/cattle/Texas/24-008749-003/2024(H5N1)	1298	6023
NA|PP755591.1|A/cattle/Texas/24-008749-003/2024(H5N1)	1299	6049
NA|PP755591.1|A/cattle/Texas/24-008749-003/2024(H5N1)	1300	5904
NA|PP755591.1|A/cattle/Texas/24-008749-003/2024(H5N1)	1301	5896
NA|PP755591.1|A/cattle/Texas/24-008749-003/2024(H5N1)	1302	5895
NA|PP755591.1|A/cattle/Texas/24-008749-003/2024(H5N1)	1303	5846
NA|PP755591.1|A/cattle/Texas/24-008749-003/2024(H5N1)	1304	5804
NA|PP755591.1|A/cattle/Texas/24-008749-003/2024(H5N1)	1305	5787
NA|PP755591.1|A/cattle/Texas/24-008749-003/2024(H5N1)	1306	5802
NA|PP755591.1|A/cattle/Texas/24-008749-003/2024(H5N1)	1307	5795
NA|PP755591.1|A/cattle/Texas/24-008749-003/2024(H5N1)	1308	5716
NA|PP755591.1|A/cattle/Texas/24-008749-003/2024(H5N1)	1309	5714
NA|PP755591.1|A/cattle/Texas/24-008749-003/2024(H5N1)	1310	5713
NA|PP755591.1|A/cattle/Texas/24-008749-003/2024(H5N1)	1311	5704
NA|PP755591.1|A/cattle/Texas/24-008749-003/2024(H5N1)	1312	5704
NA|PP755591.1|A/cattle/Texas/24-008749-003/2024(H5N1)	1313	5676
NA|PP755591.1|A/cattle/Texas/24-008749-003/2024(H5N1)	1314	5671
NA|PP755591.1|A/cattle/Texas/24-008749-003/2024(H5N1)	1315	5676
NA|PP755591.1|A/cattle/Texas/24-008749-003/2024(H5N1)	1316	5666
NA|PP755591.1|A/cattle/Texas/24-008749-003/2024(H5N1)	1317	5651
NA|PP755591.1|A/cattle/Texas/24-008749-003/2024(H5N1)	1318	5651
NA|PP755591.1|A/cattle/Texas/24-008749-003/2024(H5N1)	1319	5519
NA|PP755591.1|A/cattle/Texas/24-008749-003/2024(H5N1)	1320	5529
NA|PP755591.1|A/cattle/Texas/24-008749-003/2024(H5N1)	1321	5503
NA|PP755591.1|A/cattle/Texas/24-008749-003/2024(H5N1)	1322	5503
NA|PP755591.1|A/cattle/Texas/24-008749-003/2024(H5N1)	1323	5491
NA|PP755591.1|A/cattle/Texas/24-008749-003/2024(H5N1)	1324	5390
NA|PP755591.1|A/cattle/Texas/24-008749-003/2024(H5N1)	1325	5453
NA|PP755591.1|A/cattle/Texas/24-008749-003/2024(H5N1)	1326	5336
NA|PP755591.1|A/cattle/Texas/24-008749-003/2024(H5N1)	1327	5334
NA|PP755591.1|A/cattle/Texas/24-008749-003/2024(H5N1)	1328	5320
NA|PP755591.1|A/cattle/Texas/24-008749-003/2024(H5N1)	1329	5238
NA|PP755591.1|A/cattle/Texas/24-008749-003/2024(H5N1)	1330	5244
NA|PP755591.1|A/cattle/Texas/24-008749-003/2024(H5N1)	1331	5223
NA|PP755591.1|A/cattle/Texas/24-008749-003/2024(H5N1)	1332	5158
NA|PP755591.1|A/cattle/Texas/24-008749-003/2024(H5N1)	1333	5130
NA|PP755591.1|A/cattle/Texas/24-008749-003/2024(H5N1)	1334	4928
NA|PP755591.1|A/cattle/Texas/24-008749-003/2024(H5N1)	1335	4923
NA|PP755591.1|A/cattle/Texas/24-008749-003/2024(H5N1)	1336	4886
NA|PP755591.1|A/cattle/Texas/24-008749-003/2024(H5N1)	1337	4886
NA|PP755591.1|A/cattle/Texas/24-008749-003/2024(H5N1)	1338	4840
NA|PP755591.1|A/cattle/Texas/24-008749-003/2024(H5N1)	1339	4826
NA|PP755591.1|A/cattle/Texas/24-008749-003/2024(H5N1)	1340	4848
NA|PP755591.1|A/cattle/Texas/24-008749-003/2024(H5N1)	1341	4780
NA|PP755591.1|A/cattle/Texas/24-008749-003/2024(H5N1)	1342	4775
NA|PP755591.1|A/cattle/Texas/24-008749-003/2024(H5N1)	1343	4766
NA|PP755591.1|A/cattle/Texas/24-008749-003/2024(H5N1)	1344	4763
NA|PP755591.1|A/cattle/Texas/24-008749-003/2024(H5N1)	1345	4768
NA|PP755591.1|A/cattle/Texas/24-008749-003/2024(H5N1)	1346	4757
NA|PP755591.1|A/cattle/Texas/24-008749-003/2024(H5N1)	1347	4610
NA|PP755591.1|A/cattle/Texas/24-008749-003/2024(H5N1)	1348	4521
NA|PP755591.1|A/cattle/Texas/24-008749-003/2024(H5N1)	1349	4527
NA|PP755591.1|A/cattle/Texas/24-008749-003/2024(H5N1)	1350	4416
NA|PP755591.1|A/cattle/Texas/24-008749-003/2024(H5N1)	1351	4404
NA|PP755591.1|A/cattle/Texas/24-008749-003/2024(H5N1)	1352	4123
NA|PP755591.1|A/cattle/Texas/24-008749-003/2024(H5N1)	1353	4112
NA|PP755591.1|A/cattle/Texas/24-008749-003/2024(H5N1)	1354	4090
NA|PP755591.1|A/cattle/Texas/24-008749-003/2024(H5N1)	1355	4065
NA|PP755591.1|A/cattle/Texas/24-008749-003/2024(H5N1)	1356	3924
NA|PP755591.1|A/cattle/Texas/24-008749-003/2024(H5N1)	1357	3932
NA|PP755591.1|A/cattle/Texas/24-008749-003/2024(H5N1)	1358	3911
NA|PP755591.1|A/cattle/Texas/24-008749-003/2024(H5N1)	1359	3922
NA|PP755591.1|A/cattle/Texas/24-008749-003/2024(H5N1)	1360	3921
NA|PP755591.1|A/cattle/Texas/24-008749-003/2024(H5N1)	1361	3914
NA|PP755591.1|A/cattle/Texas/24-008749-003/2024(H5N1)	1362	3840
NA|PP755591.1|A/cattle/Texas/24-008749-003/2024(H5N1)	1363	3789
NA|PP755591.1|A/cattle/Texas/24-008749-003/2024(H5N1)	1364	3705
NA|PP755591.1|A/cattle/Texas/24-008749-003/2024(H5N1)	1365	3703
NA|PP755591.1|A/cattle/Texas/24-008749-003/2024(H5N1)	1366	3679
NA|PP755591.1|A/cattle/Texas/24-008749-003/2024(H5N1)	1367	3664
NA|PP755591.1|A/cattle/Texas/24-008749-003/2024(H5N1)	1368	3583
NA|PP755591.1|A/cattle/Texas/24-008749-003/2024(H5N1)	1369	3573
NA|PP755591.1|A/cattle/Texas/24-008749-003/2024(H5N1)	1370	3560
NA|PP755591.1|A/cattle/Texas/24-008749-003/2024(H5N1)	1371	3559
NA|PP755591.1|A/cattle/Texas/24-008749-003/2024(H5N1)	1372	3558
NA|PP755591.1|A/cattle/Texas/24-008749-003/2024(H5N1)	1373	3528
NA|PP755591.1|A/cattle/Texas/24-008749-003/2024(H5N1)	1374	3254
NA|PP755591.1|A/cattle/Texas/24-008749-003/2024(H5N1)	1375	3243
NA|PP755591.1|A/cattle/Texas/24-008749-003/2024(H5N1)	1376	3242
NA|PP755591.1|A/cattle/Texas/24-008749-003/2024(H5N1)	1377	3137
NA|PP755591.1|A/cattle/Texas/24-008749-003/2024(H5N1)	1378	3068
NA|PP755591.1|A/cattle/Texas/24-008749-003/2024(H5N1)	1379	3066
NA|PP755591.1|A/cattle/Texas/24-008749-003/2024(H5N1)	1380	3036
NA|PP755591.1|A/cattle/Texas/24-008749-003/2024(H5N1)	1381	3032
NA|PP755591.1|A/cattle/Texas/24-008749-003/2024(H5N1)	1382	3019
NA|PP755591.1|A/cattle/Texas/24-008749-003/2024(H5N1)	1383	2999
NA|PP755591.1|A/cattle/Texas/24-008749-003/2024(H5N1)	1384	2998
NA|PP755591.1|A/cattle/Texas/24-008749-003/2024(H5N1)	1385	2986
NA|PP755591.1|A/cattle/Texas/24-008749-003/2024(H5N1)	1386	2986
NA|PP755591.1|A/cattle/Texas/24-008749-003/2024(H5N1)	1387	2957
NA|PP755591.1|A/cattle/Texas/24-008749-003/2024(H5N1)	1388	2269
NA|PP755591.1|A/cattle/Texas/24-008749-003/2024(H5N1)	1389	2264
NA|PP755591.1|A/cattle/Texas/24-008749-003/2024(H5N1)	1390	2127
NA|PP755591.1|A/cattle/Texas/24-008749-003/2024(H5N1)	1391	2124
NA|PP755591.1|A/cattle/Texas/24-008749-003/2024(H5N1)	1392	2122
NA|PP755591.1|A/cattle/Texas/24-008749-003/2024(H5N1)	1393	2052
NA|PP755591.1|A/cattle/Texas/24-008749-003/2024(H5N1)	1394	2053
NA|PP755591.1|A/cattle/Texas/24-008749-003/2024(H5N1)	1395	2032
NA|PP755591.1|A/cattle/Texas/24-008749-003/2024(H5N1)	1396	2025
NA|PP755591.1|A/cattle/Texas/24-008749-003/2024(H5N1)	1397	2013
NA|PP755591.1|A/cattle/Texas/24-008749-003/2024(H5N1)	1398	1956
NA|PP755591.1|A/cattle/Texas/24-008749-003/2024(H5N1)	1399	1924
NA|PP755591.1|A/cattle/Texas/24-008749-003/2024(H5N1)	1400	1922
NA|PP755591.1|A/cattle/Texas/24-008749-003/2024(H5N1)	1401	1861
NA|PP755591.1|A/cattle/Texas/24-008749-003/2024(H5N1)	1402	1856
NA|PP755591.1|A/cattle/Texas/24-008749-003/2024(H5N1)	1403	1852
NA|PP755591.1|A/cattle/Texas/24-008749-003/2024(H5N1)	1404	1849
NA|PP755591.1|A/cattle/Texas/24-008749-003/2024(H5N1)	1405	1820
NA|PP755591.1|A/cattle/Texas/24-008749-003/2024(H5N1)	1406	1703
NA|PP755591.1|A/cattle/Texas/24-008749-003/2024(H5N1)	1407	1661
NA|PP755591.1|A/cattle/Texas/24-008749-003/2024(H5N1)	1408	1652
NA|PP755591.1|A/cattle/Texas/24-008749-003/2024(H5N1)	1409	1600
NA|PP755591.1|A/cattle/Texas/24-008749-003/2024(H5N1)	1410	1600
