MP|PP755590.1|A/cattle/Texas/24-008749-003/2024(H5N1)	1	2201
MP|PP755590.1|A/cattle/Texas/24-008749-003/2024(H5N1)	2	2227
MP|PP755590.1|A/cattle/Texas/24-008749-003/2024(H5N1)	3	2247
MP|PP755590.1|A/cattle/Texas/24-008749-003/2024(H5N1)	4	2256
MP|PP755590.1|A/cattle/Texas/24-008749-003/2024(H5N1)	5	2399
MP|PP755590.1|A/cattle/Texas/24-008749-003/2024(H5N1)	6	2470
MP|PP755590.1|A/cattle/Texas/24-008749-003/2024(H5N1)	7	2694
MP|PP755590.1|A/cattle/Texas/24-008749-003/2024(H5N1)	8	2795
MP|PP755590.1|A/cattle/Texas/24-008749-003/2024(H5N1)	9	2828
MP|PP755590.1|A/cattle/Texas/24-008749-003/2024(H5N1)	10	2830
MP|PP755590.1|A/cattle/Texas/24-008749-003/2024(H5N1)	11	2835
MP|PP755590.1|A/cattle/Texas/24-008749-003/2024(H5N1)	12	2862
MP|PP755590.1|A/cattle/Texas/24-008749-003/2024(H5N1)	13	2877
MP|PP755590.1|A/cattle/Texas/24-008749-003/2024(H5N1)	14	2877
MP|PP755590.1|A/cattle/Texas/24-008749-003/2024(H5N1)	15	2877
MP|PP755590.1|A/cattle/Texas/24-008749-003/2024(H5N1)	16	2878
MP|PP755590.1|A/cattle/Texas/24-008749-003/2024(H5N1)	17	2910
MP|PP755590.1|A/cattle/Texas/24-008749-003/2024(H5N1)	18	2936
MP|PP755590.1|A/cattle/Texas/24-008749-003/2024(H5N1)	19	3041
MP|PP755590.1|A/cattle/Texas/24-008749-003/2024(H5N1)	20	3041
MP|PP755590.1|A/cattle/Texas/24-008749-003/2024(H5N1)	21	3043
MP|PP755590.1|A/cattle/Texas/24-008749-003/2024(H5N1)	22	3047
MP|PP755590.1|A/cattle/Texas/24-008749-003/2024(H5N1)	23	3121
MP|PP755590.1|A/cattle/Texas/24-008749-003/2024(H5N1)	24	3122
MP|PP755590.1|A/cattle/Texas/24-008749-003/2024(H5N1)	25	3139
MP|PP755590.1|A/cattle/Texas/24-008749-003/2024(H5N1)	26	3268
MP|PP755590.1|A/cattle/Texas/24-008749-003/2024(H5N1)	27	3278
MP|PP755590.1|A/cattle/Texas/24-008749-003/2024(H5N1)	28	3299
MP|PP755590.1|A/cattle/Texas/24-008749-003/2024(H5N1)	29	3307
MP|PP755590.1|A/cattle/Texas/24-008749-003/2024(H5N1)	30	3336
MP|PP755590.1|A/cattle/Texas/24-008749-003/2024(H5N1)	31	3355
MP|PP755590.1|A/cattle/Texas/24-008749-003/2024(H5N1)	32	3375
MP|PP755590.1|A/cattle/Texas/24-008749-003/2024(H5N1)	33	3480
MP|PP755590.1|A/cattle/Texas/24-008749-003/2024(H5N1)	34	3542
MP|PP755590.1|A/cattle/Texas/24-008749-003/2024(H5N1)	35	3544
MP|PP755590.1|A/cattle/Texas/24-008749-003/2024(H5N1)	36	3705
MP|PP755590.1|A/cattle/Texas/24-008749-003/2024(H5N1)	37	3706
MP|PP755590.1|A/cattle/Texas/24-008749-003/2024(H5N1)	38	3855
MP|PP755590.1|A/cattle/Texas/24-008749-003/2024(H5N1)	39	3857
MP|PP755590.1|A/cattle/Texas/24-008749-003/2024(H5N1)	40	3888
MP|PP755590.1|A/cattle/Texas/24-008749-003/2024(H5N1)	41	3889
MP|PP755590.1|A/cattle/Texas/24-008749-003/2024(H5N1)	42	3890
MP|PP755590.1|A/cattle/Texas/24-008749-003/2024(H5N1)	43	3908
MP|PP755590.1|A/cattle/Texas/24-008749-003/2024(H5N1)	44	3909
MP|PP755590.1|A/cattle/Texas/24-008749-003/2024(H5N1)	45	3917
MP|PP755590.1|A/cattle/Texas/24-008749-003/2024(H5N1)	46	3951
MP|PP755590.1|A/cattle/Texas/24-008749-003/2024(H5N1)	47	4002
MP|PP755590.1|A/cattle/Texas/24-008749-003/2024(H5N1)	48	4027
MP|PP755590.1|A/cattle/Texas/24-008749-003/2024(H5N1)	49	4034
MP|PP755590.1|A/cattle/Texas/24-008749-003/2024(H5N1)	50	4042
MP|PP755590.1|A/cattle/Texas/24-008749-003/2024(H5N1)	51	4039
MP|PP755590.1|A/cattle/Texas/24-008749-003/2024(H5N1)	52	4080
MP|PP755590.1|A/cattle/Texas/24-008749-003/2024(H5N1)	53	4146
MP|PP755590.1|A/cattle/Texas/24-008749-003/2024(H5N1)	54	4148
MP|PP755590.1|A/cattle/Texas/24-008749-003/2024(H5N1)	55	4154
MP|PP755590.1|A/cattle/Texas/24-008749-003/2024(H5N1)	56	4208
MP|PP755590.1|A/cattle/Texas/24-008749-003/2024(H5N1)	57	4522
MP|PP755590.1|A/cattle/Texas/24-008749-003/2024(H5N1)	58	4530
MP|PP755590.1|A/cattle/Texas/24-008749-003/2024(H5N1)	59	4560
MP|PP755590.1|A/cattle/Texas/24-008749-003/2024(H5N1)	60	4570
MP|PP755590.1|A/cattle/Texas/24-008749-003/2024(H5N1)	61	4587
MP|PP755590.1|A/cattle/Texas/24-008749-003/2024(H5N1)	62	4594
MP|PP755590.1|A/cattle/Texas/24-008749-003/2024(H5N1)	63	4649
MP|PP755590.1|A/cattle/Texas/24-008749-003/2024(H5N1)	64	4663
MP|PP755590.1|A/cattle/Texas/24-008749-003/2024(H5N1)	65	4679
MP|PP755590.1|A/cattle/Texas/24-008749-003/2024(H5N1)	66	4661
MP|PP755590.1|A/cattle/Texas/24-008749-003/2024(H5N1)	67	4660
MP|PP755590.1|A/cattle/Texas/24-008749-003/2024(H5N1)	68	4668
MP|PP755590.1|A/cattle/Texas/24-008749-003/2024(H5N1)	69	4671
MP|PP755590.1|A/cattle/Texas/24-008749-003/2024(H5N1)	70	4775
MP|PP755590.1|A/cattle/Texas/24-008749-003/2024(H5N1)	71	4775
MP|PP755590.1|A/cattle/Texas/24-008749-003/2024(H5N1)	72	4785
MP|PP755590.1|A/cattle/Texas/24-008749-003/2024(H5N1)	73	4812
MP|PP755590.1|A/cattle/Texas/24-008749-003/2024(H5N1)	74	4853
MP|PP755590.1|A/cattle/Texas/24-008749-003/2024(H5N1)	75	4854
MP|PP755590.1|A/cattle/Texas/24-008749-003/2024(H5N1)	76	4921
MP|PP755590.1|A/cattle/Texas/24-008749-003/2024(H5N1)	77	4919
MP|PP755590.1|A/cattle/Texas/24-008749-003/2024(H5N1)	78	4943
MP|PP755590.1|A/cattle/Texas/24-008749-003/2024(H5N1)	79	5069
MP|PP755590.1|A/cattle/Texas/24-008749-003/2024(H5N1)	80	5387
MP|PP755590.1|A/cattle/Texas/24-008749-003/2024(H5N1)	81	5404
MP|PP755590.1|A/cattle/Texas/24-008749-003/2024(H5N1)	82	5459
MP|PP755590.1|A/cattle/Texas/24-008749-003/2024(H5N1)	83	5509
MP|PP755590.1|A/cattle/Texas/24-008749-003/2024(H5N1)	84	5546
MP|PP755590.1|A/cattle/Texas/24-008749-003/2024(H5N1)	85	5602
MP|PP755590.1|A/cattle/Texas/24-008749-003/2024(H5N1)	86	5610
MP|PP755590.1|A/cattle/Texas/24-008749-003/2024(H5N1)	87	5610
MP|PP755590.1|A/cattle/Texas/24-008749-003/2024(H5N1)	88	5611
MP|PP755590.1|A/cattle/Texas/24-008749-003/2024(H5N1)	89	5588
MP|PP755590.1|A/cattle/Texas/24-008749-003/2024(H5N1)	90	5611
MP|PP755590.1|A/cattle/Texas/24-008749-003/2024(H5N1)	91	5621
MP|PP755590.1|A/cattle/Texas/24-008749-003/2024(H5N1)	92	5651
MP|PP755590.1|A/cattle/Texas/24-008749-003/2024(H5N1)	93	5656
MP|PP755590.1|A/cattle/Texas/24-008749-003/2024(H5N1)	94	5656
MP|PP755590.1|A/cattle/Texas/24-008749-003/2024(H5N1)	95	5679
MP|PP755590.1|A/cattle/Texas/24-008749-003/2024(H5N1)	96	5774
MP|PP755590.1|A/cattle/Texas/24-008749-003/2024(H5N1)	97	5783
MP|PP755590.1|A/cattle/Texas/24-008749-003/2024(H5N1)	98	5785
MP|PP755590.1|A/cattle/Texas/24-008749-003/2024(H5N1)	99	5785
MP|PP755590.1|A/cattle/Texas/24-008749-003/2024(H5N1)	100	5864
MP|PP755590.1|A/cattle/Texas/24-008749-003/2024(H5N1)	101	5873
MP|PP755590.1|A/cattle/Texas/24-008749-003/2024(H5N1)	102	6022
MP|PP755590.1|A/cattle/Texas/24-008749-003/2024(H5N1)	103	6025
MP|PP755590.1|A/cattle/Texas/24-008749-003/2024(H5N1)	104	6027
MP|PP755590.1|A/cattle/Texas/24-008749-003/2024(H5N1)	105	6077
MP|PP755590.1|A/cattle/Texas/24-008749-003/2024(H5N1)	106	6100
MP|PP755590.1|A/cattle/Texas/24-008749-003/2024(H5N1)	107	6122
MP|PP755590.1|A/cattle/Texas/24-008749-003/2024(H5N1)	108	6142
MP|PP755590.1|A/cattle/Texas/24-008749-003/2024(H5N1)	109	6138
MP|PP755590.1|A/cattle/Texas/24-008749-003/2024(H5N1)	110	6177
MP|PP755590.1|A/cattle/Texas/24-008749-003/2024(H5N1)	111	6150
MP|PP755590.1|A/cattle/Texas/24-008749-003/2024(H5N1)	112	6153
MP|PP755590.1|A/cattle/Texas/24-008749-003/2024(H5N1)	113	6307
MP|PP755590.1|A/cattle/Texas/24-008749-003/2024(H5N1)	114	6301
MP|PP755590.1|A/cattle/Texas/24-008749-003/2024(H5N1)	115	6337
MP|PP755590.1|A/cattle/Texas/24-008749-003/2024(H5N1)	116	6338
MP|PP755590.1|A/cattle/Texas/24-008749-003/2024(H5N1)	117	6336
MP|PP755590.1|A/cattle/Texas/24-008749-003/2024(H5N1)	118	6332
MP|PP755590.1|A/cattle/Texas/24-008749-003/2024(H5N1)	119	6339
MP|PP755590.1|A/cattle/Texas/24-008749-003/2024(H5N1)	120	6354
MP|PP755590.1|A/cattle/Texas/24-008749-003/2024(H5N1)	121	6369
MP|PP755590.1|A/cattle/Texas/24-008749-003/2024(H5N1)	122	6327
MP|PP755590.1|A/cattle/Texas/24-008749-003/2024(H5N1)	123	6379
MP|PP755590.1|A/cattle/Texas/24-008749-003/2024(H5N1)	124	5954
MP|PP755590.1|A/cattle/Texas/24-008749-003/2024(H5N1)	125	6026
MP|PP755590.1|A/cattle/Texas/24-008749-003/2024(H5N1)	126	5853
MP|PP755590.1|A/cattle/Texas/24-008749-003/2024(H5N1)	127	5857
MP|PP755590.1|A/cattle/Texas/24-008749-003/2024(H5N1)	128	5678
MP|PP755590.1|A/cattle/Texas/24-008749-003/2024(H5N1)	129	5665
MP|PP755590.1|A/cattle/Texas/24-008749-003/2024(H5N1)	130	5671
MP|PP755590.1|A/cattle/Texas/24-008749-003/2024(H5N1)	131	5656
MP|PP755590.1|A/cattle/Texas/24-008749-003/2024(H5N1)	132	5817
MP|PP755590.1|A/cattle/Texas/24-008749-003/2024(H5N1)	133	5667
MP|PP755590.1|A/cattle/Texas/24-008749-003/2024(H5N1)	134	5822
MP|PP755590.1|A/cattle/Texas/24-008749-003/2024(H5N1)	135	5959
MP|PP755590.1|A/cattle/Texas/24-008749-003/2024(H5N1)	136	5801
MP|PP755590.1|A/cattle/Texas/24-008749-003/2024(H5N1)	137	5946
MP|PP755590.1|A/cattle/Texas/24-008749-003/2024(H5N1)	138	5959
MP|PP755590.1|A/cattle/Texas/24-008749-003/2024(H5N1)	139	5960
MP|PP755590.1|A/cattle/Texas/24-008749-003/2024(H5N1)	140	6091
MP|PP755590.1|A/cattle/Texas/24-008749-003/2024(H5N1)	141	6125
MP|PP755590.1|A/cattle/Texas/24-008749-003/2024(H5N1)	142	6200
MP|PP755590.1|A/cattle/Texas/24-008749-003/2024(H5N1)	143	6108
MP|PP755590.1|A/cattle/Texas/24-008749-003/2024(H5N1)	144	6057
MP|PP755590.1|A/cattle/Texas/24-008749-003/2024(H5N1)	145	6063
MP|PP755590.1|A/cattle/Texas/24-008749-003/2024(H5N1)	146	6273
MP|PP755590.1|A/cattle/Texas/24-008749-003/2024(H5N1)	147	6381
MP|PP755590.1|A/cattle/Texas/24-008749-003/2024(H5N1)	148	6361
MP|PP755590.1|A/cattle/Texas/24-008749-003/2024(H5N1)	149	6290
MP|PP755590.1|A/cattle/Texas/24-008749-003/2024(H5N1)	150	6304
MP|PP755590.1|A/cattle/Texas/24-008749-003/2024(H5N1)	151	6326
MP|PP755590.1|A/cattle/Texas/24-008749-003/2024(H5N1)	152	6336
MP|PP755590.1|A/cattle/Texas/24-008749-003/2024(H5N1)	153	6422
MP|PP755590.1|A/cattle/Texas/24-008749-003/2024(H5N1)	154	6038
MP|PP755590.1|A/cattle/Texas/24-008749-003/2024(H5N1)	155	6235
MP|PP755590.1|A/cattle/Texas/24-008749-003/2024(H5N1)	156	6244
MP|PP755590.1|A/cattle/Texas/24-008749-003/2024(H5N1)	157	6252
MP|PP755590.1|A/cattle/Texas/24-008749-003/2024(H5N1)	158	6243
MP|PP755590.1|A/cattle/Texas/24-008749-003/2024(H5N1)	159	6247
MP|PP755590.1|A/cattle/Texas/24-008749-003/2024(H5N1)	160	6447
MP|PP755590.1|A/cattle/Texas/24-008749-003/2024(H5N1)	161	6419
MP|PP755590.1|A/cattle/Texas/24-008749-003/2024(H5N1)	162	6450
MP|PP755590.1|A/cattle/Texas/24-008749-003/2024(H5N1)	163	6448
MP|PP755590.1|A/cattle/Texas/24-008749-003/2024(H5N1)	164	6462
MP|PP755590.1|A/cattle/Texas/24-008749-003/2024(H5N1)	165	6539
MP|PP755590.1|A/cattle/Texas/24-008749-003/2024(H5N1)	166	6540
MP|PP755590.1|A/cattle/Texas/24-008749-003/2024(H5N1)	167	6496
MP|PP755590.1|A/cattle/Texas/24-008749-003/2024(H5N1)	168	6498
MP|PP755590.1|A/cattle/Texas/24-008749-003/2024(H5N1)	169	6415
MP|PP755590.1|A/cattle/Texas/24-008749-003/2024(H5N1)	170	6370
MP|PP755590.1|A/cattle/Texas/24-008749-003/2024(H5N1)	171	6377
MP|PP755590.1|A/cattle/Texas/24-008749-003/2024(H5N1)	172	6381
MP|PP755590.1|A/cattle/Texas/24-008749-003/2024(H5N1)	173	6389
MP|PP755590.1|A/cattle/Texas/24-008749-003/2024(H5N1)	174	6387
MP|PP755590.1|A/cattle/Texas/24-008749-003/2024(H5N1)	175	6458
MP|PP755590.1|A/cattle/Texas/24-008749-003/2024(H5N1)	176	6446
MP|PP755590.1|A/cattle/Texas/24-008749-003/2024(H5N1)	177	6387
MP|PP755590.1|A/cattle/Texas/24-008749-003/2024(H5N1)	178	6380
MP|PP755590.1|A/cattle/Texas/24-008749-003/2024(H5N1)	179	6361
MP|PP755590.1|A/cattle/Texas/24-008749-003/2024(H5N1)	180	6357
MP|PP755590.1|A/cattle/Texas/24-008749-003/2024(H5N1)	181	6382
MP|PP755590.1|A/cattle/Texas/24-008749-003/2024(H5N1)	182	6389
MP|PP755590.1|A/cattle/Texas/24-008749-003/2024(H5N1)	183	6387
MP|PP755590.1|A/cattle/Texas/24-008749-003/2024(H5N1)	184	6313
MP|PP755590.1|A/cattle/Texas/24-008749-003/2024(H5N1)	185	6277
MP|PP755590.1|A/cattle/Texas/24-008749-003/2024(H5N1)	186	6273
MP|PP755590.1|A/cattle/Texas/24-008749-003/2024(H5N1)	187	6205
MP|PP755590.1|A/cattle/Texas/24-008749-003/2024(H5N1)	188	6211
MP|PP755590.1|A/cattle/Texas/24-008749-003/2024(H5N1)	189	6088
MP|PP755590.1|A/cattle/Texas/24-008749-003/2024(H5N1)	190	6177
MP|PP755590.1|A/cattle/Texas/24-008749-003/2024(H5N1)	191	6202
MP|PP755590.1|A/cattle/Texas/24-008749-003/2024(H5N1)	192	6225
MP|PP755590.1|A/cattle/Texas/24-008749-003/2024(H5N1)	193	6229
MP|PP755590.1|A/cattle/Texas/24-008749-003/2024(H5N1)	194	6385
MP|PP755590.1|A/cattle/Texas/24-008749-003/2024(H5N1)	195	6385
MP|PP755590.1|A/cattle/Texas/24-008749-003/2024(H5N1)	196	6316
MP|PP755590.1|A/cattle/Texas/24-008749-003/2024(H5N1)	197	6304
MP|PP755590.1|A/cattle/Texas/24-008749-003/2024(H5N1)	198	6411
MP|PP755590.1|A/cattle/Texas/24-008749-003/2024(H5N1)	199	6449
MP|PP755590.1|A/cattle/Texas/24-008749-003/2024(H5N1)	200	6518
MP|PP755590.1|A/cattle/Texas/24-008749-003/2024(H5N1)	201	6547
MP|PP755590.1|A/cattle/Texas/24-008749-003/2024(H5N1)	202	6552
MP|PP755590.1|A/cattle/Texas/24-008749-003/2024(H5N1)	203	6503
MP|PP755590.1|A/cattle/Texas/24-008749-003/2024(H5N1)	204	6513
MP|PP755590.1|A/cattle/Texas/24-008749-003/2024(H5N1)	205	6546
MP|PP755590.1|A/cattle/Texas/24-008749-003/2024(H5N1)	206	6532
MP|PP755590.1|A/cattle/Texas/24-008749-003/2024(H5N1)	207	6270
MP|PP755590.1|A/cattle/Texas/24-008749-003/2024(H5N1)	208	6222
MP|PP755590.1|A/cattle/Texas/24-008749-003/2024(H5N1)	209	6272
MP|PP755590.1|A/cattle/Texas/24-008749-003/2024(H5N1)	210	6437
MP|PP755590.1|A/cattle/Texas/24-008749-003/2024(H5N1)	211	6476
MP|PP755590.1|A/cattle/Texas/24-008749-003/2024(H5N1)	212	6594
MP|PP755590.1|A/cattle/Texas/24-008749-003/2024(H5N1)	213	6591
MP|PP755590.1|A/cattle/Texas/24-008749-003/2024(H5N1)	214	6608
MP|PP755590.1|A/cattle/Texas/24-008749-003/2024(H5N1)	215	6625
MP|PP755590.1|A/cattle/Texas/24-008749-003/2024(H5N1)	216	6629
MP|PP755590.1|A/cattle/Texas/24-008749-003/2024(H5N1)	217	6779
MP|PP755590.1|A/cattle/Texas/24-008749-003/2024(H5N1)	218	6800
MP|PP755590.1|A/cattle/Texas/24-008749-003/2024(H5N1)	219	6777
MP|PP755590.1|A/cattle/Texas/24-008749-003/2024(H5N1)	220	7098
MP|PP755590.1|A/cattle/Texas/24-008749-003/2024(H5N1)	221	7016
MP|PP755590.1|A/cattle/Texas/24-008749-003/2024(H5N1)	222	7026
MP|PP755590.1|A/cattle/Texas/24-008749-003/2024(H5N1)	223	7004
MP|PP755590.1|A/cattle/Texas/24-008749-003/2024(H5N1)	224	6996
MP|PP755590.1|A/cattle/Texas/24-008749-003/2024(H5N1)	225	7132
MP|PP755590.1|A/cattle/Texas/24-008749-003/2024(H5N1)	226	7115
MP|PP755590.1|A/cattle/Texas/24-008749-003/2024(H5N1)	227	7125
MP|PP755590.1|A/cattle/Texas/24-008749-003/2024(H5N1)	228	7166
MP|PP755590.1|A/cattle/Texas/24-008749-003/2024(H5N1)	229	7009
MP|PP755590.1|A/cattle/Texas/24-008749-003/2024(H5N1)	230	7009
MP|PP755590.1|A/cattle/Texas/24-008749-003/2024(H5N1)	231	6778
MP|PP755590.1|A/cattle/Texas/24-008749-003/2024(H5N1)	232	6735
MP|PP755590.1|A/cattle/Texas/24-008749-003/2024(H5N1)	233	6739
MP|PP755590.1|A/cattle/Texas/24-008749-003/2024(H5N1)	234	6628
MP|PP755590.1|A/cattle/Texas/24-008749-003/2024(H5N1)	235	6687
MP|PP755590.1|A/cattle/Texas/24-008749-003/2024(H5N1)	236	6750
MP|PP755590.1|A/cattle/Texas/24-008749-003/2024(H5N1)	237	6754
MP|PP755590.1|A/cattle/Texas/24-008749-003/2024(H5N1)	238	6872
MP|PP755590.1|A/cattle/Texas/24-008749-003/2024(H5N1)	239	6939
MP|PP755590.1|A/cattle/Texas/24-008749-003/2024(H5N1)	240	6925
MP|PP755590.1|A/cattle/Texas/24-008749-003/2024(H5N1)	241	6907
MP|PP755590.1|A/cattle/Texas/24-008749-003/2024(H5N1)	242	6881
MP|PP755590.1|A/cattle/Texas/24-008749-003/2024(H5N1)	243	6903
MP|PP755590.1|A/cattle/Texas/24-008749-003/2024(H5N1)	244	6976
MP|PP755590.1|A/cattle/Texas/24-008749-003/2024(H5N1)	245	6875
MP|PP755590.1|A/cattle/Texas/24-008749-003/2024(H5N1)	246	7056
MP|PP755590.1|A/cattle/Texas/24-008749-003/2024(H5N1)	247	6950
MP|PP755590.1|A/cattle/Texas/24-008749-003/2024(H5N1)	248	6964
MP|PP755590.1|A/cattle/Texas/24-008749-003/2024(H5N1)	249	7120
MP|PP755590.1|A/cattle/Texas/24-008749-003/2024(H5N1)	250	7126
MP|PP755590.1|A/cattle/Texas/24-008749-003/2024(H5N1)	251	7147
MP|PP755590.1|A/cattle/Texas/24-008749-003/2024(H5N1)	252	7185
MP|PP755590.1|A/cattle/Texas/24-008749-003/2024(H5N1)	253	7056
MP|PP755590.1|A/cattle/Texas/24-008749-003/2024(H5N1)	254	7148
MP|PP755590.1|A/cattle/Texas/24-008749-003/2024(H5N1)	255	7203
MP|PP755590.1|A/cattle/Texas/24-008749-003/2024(H5N1)	256	7153
MP|PP755590.1|A/cattle/Texas/24-008749-003/2024(H5N1)	257	7167
MP|PP755590.1|A/cattle/Texas/24-008749-003/2024(H5N1)	258	7167
MP|PP755590.1|A/cattle/Texas/24-008749-003/2024(H5N1)	259	7308
MP|PP755590.1|A/cattle/Texas/24-008749-003/2024(H5N1)	260	7336
MP|PP755590.1|A/cattle/Texas/24-008749-003/2024(H5N1)	261	7319
MP|PP755590.1|A/cattle/Texas/24-008749-003/2024(H5N1)	262	7326
MP|PP755590.1|A/cattle/Texas/24-008749-003/2024(H5N1)	263	7364
MP|PP755590.1|A/cattle/Texas/24-008749-003/2024(H5N1)	264	7218
MP|PP755590.1|A/cattle/Texas/24-008749-003/2024(H5N1)	265	7240
MP|PP755590.1|A/cattle/Texas/24-008749-003/2024(H5N1)	266	7234
MP|PP755590.1|A/cattle/Texas/24-008749-003/2024(H5N1)	267	7305
MP|PP755590.1|A/cattle/Texas/24-008749-003/2024(H5N1)	268	7306
MP|PP755590.1|A/cattle/Texas/24-008749-003/2024(H5N1)	269	7299
MP|PP755590.1|A/cattle/Texas/24-008749-003/2024(H5N1)	270	7319
MP|PP755590.1|A/cattle/Texas/24-008749-003/2024(H5N1)	271	7310
MP|PP755590.1|A/cattle/Texas/24-008749-003/2024(H5N1)	272	7317
MP|PP755590.1|A/cattle/Texas/24-008749-003/2024(H5N1)	273	7484
MP|PP755590.1|A/cattle/Texas/24-008749-003/2024(H5N1)	274	7533
MP|PP755590.1|A/cattle/Texas/24-008749-003/2024(H5N1)	275	7204
MP|PP755590.1|A/cattle/Texas/24-008749-003/2024(H5N1)	276	7136
MP|PP755590.1|A/cattle/Texas/24-008749-003/2024(H5N1)	277	7132
MP|PP755590.1|A/cattle/Texas/24-008749-003/2024(H5N1)	278	7129
MP|PP755590.1|A/cattle/Texas/24-008749-003/2024(H5N1)	279	7319
MP|PP755590.1|A/cattle/Texas/24-008749-003/2024(H5N1)	280	7345
MP|PP755590.1|A/cattle/Texas/24-008749-003/2024(H5N1)	281	7334
MP|PP755590.1|A/cattle/Texas/24-008749-003/2024(H5N1)	282	7322
MP|PP755590.1|A/cattle/Texas/24-008749-003/2024(H5N1)	283	7127
MP|PP755590.1|A/cattle/Texas/24-008749-003/2024(H5N1)	284	7234
MP|PP755590.1|A/cattle/Texas/24-008749-003/2024(H5N1)	285	7079
MP|PP755590.1|A/cattle/Texas/24-008749-003/2024(H5N1)	286	6954
MP|PP755590.1|A/cattle/Texas/24-008749-003/2024(H5N1)	287	7006
MP|PP755590.1|A/cattle/Texas/24-008749-003/2024(H5N1)	288	6851
MP|PP755590.1|A/cattle/Texas/24-008749-003/2024(H5N1)	289	6923
MP|PP755590.1|A/cattle/Texas/24-008749-003/2024(H5N1)	290	6924
MP|PP755590.1|A/cattle/Texas/24-008749-003/2024(H5N1)	291	6721
MP|PP755590.1|A/cattle/Texas/24-008749-003/2024(H5N1)	292	6705
MP|PP755590.1|A/cattle/Texas/24-008749-003/2024(H5N1)	293	6586
MP|PP755590.1|A/cattle/Texas/24-008749-003/2024(H5N1)	294	6444
MP|PP755590.1|A/cattle/Texas/24-008749-003/2024(H5N1)	295	6299
MP|PP755590.1|A/cattle/Texas/24-008749-003/2024(H5N1)	296	6966
MP|PP755590.1|A/cattle/Texas/24-008749-003/2024(H5N1)	297	7227
MP|PP755590.1|A/cattle/Texas/24-008749-003/2024(H5N1)	298	7342
MP|PP755590.1|A/cattle/Texas/24-008749-003/2024(H5N1)	299	7353
MP|PP755590.1|A/cattle/Texas/24-008749-003/2024(H5N1)	300	7362
MP|PP755590.1|A/cattle/Texas/24-008749-003/2024(H5N1)	301	7326
MP|PP755590.1|A/cattle/Texas/24-008749-003/2024(H5N1)	302	7304
MP|PP755590.1|A/cattle/Texas/24-008749-003/2024(H5N1)	303	7526
MP|PP755590.1|A/cattle/Texas/24-008749-003/2024(H5N1)	304	7491
MP|PP755590.1|A/cattle/Texas/24-008749-003/2024(H5N1)	305	7486
MP|PP755590.1|A/cattle/Texas/24-008749-003/2024(H5N1)	306	7207
MP|PP755590.1|A/cattle/Texas/24-008749-003/2024(H5N1)	307	7375
MP|PP755590.1|A/cattle/Texas/24-008749-003/2024(H5N1)	308	7397
MP|PP755590.1|A/cattle/Texas/24-008749-003/2024(H5N1)	309	7403
MP|PP755590.1|A/cattle/Texas/24-008749-003/2024(H5N1)	310	7407
MP|PP755590.1|A/cattle/Texas/24-008749-003/2024(H5N1)	311	7211
MP|PP755590.1|A/cattle/Texas/24-008749-003/2024(H5N1)	312	7219
MP|PP755590.1|A/cattle/Texas/24-008749-003/2024(H5N1)	313	7184
MP|PP755590.1|A/cattle/Texas/24-008749-003/2024(H5N1)	314	7229
MP|PP755590.1|A/cattle/Texas/24-008749-003/2024(H5N1)	315	7223
MP|PP755590.1|A/cattle/Texas/24-008749-003/2024(H5N1)	316	7189
MP|PP755590.1|A/cattle/Texas/24-008749-003/2024(H5N1)	317	7273
MP|PP755590.1|A/cattle/Texas/24-008749-003/2024(H5N1)	318	7295
MP|PP755590.1|A/cattle/Texas/24-008749-003/2024(H5N1)	319	7339
MP|PP755590.1|A/cattle/Texas/24-008749-003/2024(H5N1)	320	7339
MP|PP755590.1|A/cattle/Texas/24-008749-003/2024(H5N1)	321	7337
MP|PP755590.1|A/cattle/Texas/24-008749-003/2024(H5N1)	322	7389
MP|PP755590.1|A/cattle/Texas/24-008749-003/2024(H5N1)	323	7398
MP|PP755590.1|A/cattle/Texas/24-008749-003/2024(H5N1)	324	7368
MP|PP755590.1|A/cattle/Texas/24-008749-003/2024(H5N1)	325	7378
MP|PP755590.1|A/cattle/Texas/24-008749-003/2024(H5N1)	326	7308
MP|PP755590.1|A/cattle/Texas/24-008749-003/2024(H5N1)	327	7356
MP|PP755590.1|A/cattle/Texas/24-008749-003/2024(H5N1)	328	7313
MP|PP755590.1|A/cattle/Texas/24-008749-003/2024(H5N1)	329	7309
MP|PP755590.1|A/cattle/Texas/24-008749-003/2024(H5N1)	330	7319
MP|PP755590.1|A/cattle/Texas/24-008749-003/2024(H5N1)	331	7285
MP|PP755590.1|A/cattle/Texas/24-008749-003/2024(H5N1)	332	7343
MP|PP755590.1|A/cattle/Texas/24-008749-003/2024(H5N1)	333	7435
MP|PP755590.1|A/cattle/Texas/24-008749-003/2024(H5N1)	334	7444
MP|PP755590.1|A/cattle/Texas/24-008749-003/2024(H5N1)	335	7443
MP|PP755590.1|A/cattle/Texas/24-008749-003/2024(H5N1)	336	7419
MP|PP755590.1|A/cattle/Texas/24-008749-003/2024(H5N1)	337	7432
MP|PP755590.1|A/cattle/Texas/24-008749-003/2024(H5N1)	338	7402
MP|PP755590.1|A/cattle/Texas/24-008749-003/2024(H5N1)	339	7392
MP|PP755590.1|A/cattle/Texas/24-008749-003/2024(H5N1)	340	7384
MP|PP755590.1|A/cattle/Texas/24-008749-003/2024(H5N1)	341	7343
MP|PP755590.1|A/cattle/Texas/24-008749-003/2024(H5N1)	342	7285
MP|PP755590.1|A/cattle/Texas/24-008749-003/2024(H5N1)	343	7295
MP|PP755590.1|A/cattle/Texas/24-008749-003/2024(H5N1)	344	7316
MP|PP755590.1|A/cattle/Texas/24-008749-003/2024(H5N1)	345	7149
MP|PP755590.1|A/cattle/Texas/24-008749-003/2024(H5N1)	346	7188
MP|PP755590.1|A/cattle/Texas/24-008749-003/2024(H5N1)	347	7301
MP|PP755590.1|A/cattle/Texas/24-008749-003/2024(H5N1)	348	7329
MP|PP755590.1|A/cattle/Texas/24-008749-003/2024(H5N1)	349	7164
MP|PP755590.1|A/cattle/Texas/24-008749-003/2024(H5N1)	350	7136
MP|PP755590.1|A/cattle/Texas/24-008749-003/2024(H5N1)	351	7361
MP|PP755590.1|A/cattle/Texas/24-008749-003/2024(H5N1)	352	7318
MP|PP755590.1|A/cattle/Texas/24-008749-003/2024(H5N1)	353	7378
MP|PP755590.1|A/cattle/Texas/24-008749-003/2024(H5N1)	354	7367
MP|PP755590.1|A/cattle/Texas/24-008749-003/2024(H5N1)	355	7340
MP|PP755590.1|A/cattle/Texas/24-008749-003/2024(H5N1)	356	7360
MP|PP755590.1|A/cattle/Texas/24-008749-003/2024(H5N1)	357	7370
MP|PP755590.1|A/cattle/Texas/24-008749-003/2024(H5N1)	358	7365
MP|PP755590.1|A/cattle/Texas/24-008749-003/2024(H5N1)	359	7333
MP|PP755590.1|A/cattle/Texas/24-008749-003/2024(H5N1)	360	7134
MP|PP755590.1|A/cattle/Texas/24-008749-003/2024(H5N1)	361	7223
MP|PP755590.1|A/cattle/Texas/24-008749-003/2024(H5N1)	362	7175
MP|PP755590.1|A/cattle/Texas/24-008749-003/2024(H5N1)	363	7085
MP|PP755590.1|A/cattle/Texas/24-008749-003/2024(H5N1)	364	7068
MP|PP755590.1|A/cattle/Texas/24-008749-003/2024(H5N1)	365	7104
MP|PP755590.1|A/cattle/Texas/24-008749-003/2024(H5N1)	366	7077
MP|PP755590.1|A/cattle/Texas/24-008749-003/2024(H5N1)	367	7110
MP|PP755590.1|A/cattle/Texas/24-008749-003/2024(H5N1)	368	6972
MP|PP755590.1|A/cattle/Texas/24-008749-003/2024(H5N1)	369	7021
MP|PP755590.1|A/cattle/Texas/24-008749-003/2024(H5N1)	370	6836
MP|PP755590.1|A/cattle/Texas/24-008749-003/2024(H5N1)	371	6721
MP|PP755590.1|A/cattle/Texas/24-008749-003/2024(H5N1)	372	6809
MP|PP755590.1|A/cattle/Texas/24-008749-003/2024(H5N1)	373	6800
MP|PP755590.1|A/cattle/Texas/24-008749-003/2024(H5N1)	374	6803
MP|PP755590.1|A/cattle/Texas/24-008749-003/2024(H5N1)	375	6667
MP|PP755590.1|A/cattle/Texas/24-008749-003/2024(H5N1)	376	6643
MP|PP755590.1|A/cattle/Texas/24-008749-003/2024(H5N1)	377	6761
MP|PP755590.1|A/cattle/Texas/24-008749-003/2024(H5N1)	378	6786
MP|PP755590.1|A/cattle/Texas/24-008749-003/2024(H5N1)	379	6759
MP|PP755590.1|A/cattle/Texas/24-008749-003/2024(H5N1)	380	6852
MP|PP755590.1|A/cattle/Texas/24-008749-003/2024(H5N1)	381	6838
MP|PP755590.1|A/cattle/Texas/24-008749-003/2024(H5N1)	382	6838
MP|PP755590.1|A/cattle/Texas/24-008749-003/2024(H5N1)	383	6837
MP|PP755590.1|A/cattle/Texas/24-008749-003/2024(H5N1)	384	6824
MP|PP755590.1|A/cattle/Texas/24-008749-003/2024(H5N1)	385	6864
MP|PP755590.1|A/cattle/Texas/24-008749-003/2024(H5N1)	386	6844
MP|PP755590.1|A/cattle/Texas/24-008749-003/2024(H5N1)	387	6786
MP|PP755590.1|A/cattle/Texas/24-008749-003/2024(H5N1)	388	6884
MP|PP755590.1|A/cattle/Texas/24-008749-003/2024(H5N1)	389	6805
MP|PP755590.1|A/cattle/Texas/24-008749-003/2024(H5N1)	390	6851
MP|PP755590.1|A/cattle/Texas/24-008749-003/2024(H5N1)	391	7068
MP|PP755590.1|A/cattle/Texas/24-008749-003/2024(H5N1)	392	7071
MP|PP755590.1|A/cattle/Texas/24-008749-003/2024(H5N1)	393	7099
MP|PP755590.1|A/cattle/Texas/24-008749-003/2024(H5N1)	394	7067
MP|PP755590.1|A/cattle/Texas/24-008749-003/2024(H5N1)	395	6967
MP|PP755590.1|A/cattle/Texas/24-008749-003/2024(H5N1)	396	7409
MP|PP755590.1|A/cattle/Texas/24-008749-003/2024(H5N1)	397	7171
MP|PP755590.1|A/cattle/Texas/24-008749-003/2024(H5N1)	398	7147
MP|PP755590.1|A/cattle/Texas/24-008749-003/2024(H5N1)	399	7128
MP|PP755590.1|A/cattle/Texas/24-008749-003/2024(H5N1)	400	6943
MP|PP755590.1|A/cattle/Texas/24-008749-003/2024(H5N1)	401	7103
MP|PP755590.1|A/cattle/Texas/24-008749-003/2024(H5N1)	402	7266
MP|PP755590.1|A/cattle/Texas/24-008749-003/2024(H5N1)	403	7231
MP|PP755590.1|A/cattle/Texas/24-008749-003/2024(H5N1)	404	7276
MP|PP755590.1|A/cattle/Texas/24-008749-003/2024(H5N1)	405	7191
MP|PP755590.1|A/cattle/Texas/24-008749-003/2024(H5N1)	406	7195
MP|PP755590.1|A/cattle/Texas/24-008749-003/2024(H5N1)	407	7558
MP|PP755590.1|A/cattle/Texas/24-008749-003/2024(H5N1)	408	7569
MP|PP755590.1|A/cattle/Texas/24-008749-003/2024(H5N1)	409	7606
MP|PP755590.1|A/cattle/Texas/24-008749-003/2024(H5N1)	410	7407
MP|PP755590.1|A/cattle/Texas/24-008749-003/2024(H5N1)	411	7392
MP|PP755590.1|A/cattle/Texas/24-008749-003/2024(H5N1)	412	7391
MP|PP755590.1|A/cattle/Texas/24-008749-003/2024(H5N1)	413	7571
MP|PP755590.1|A/cattle/Texas/24-008749-003/2024(H5N1)	414	7577
MP|PP755590.1|A/cattle/Texas/24-008749-003/2024(H5N1)	415	7585
MP|PP755590.1|A/cattle/Texas/24-008749-003/2024(H5N1)	416	7632
MP|PP755590.1|A/cattle/Texas/24-008749-003/2024(H5N1)	417	7562
MP|PP755590.1|A/cattle/Texas/24-008749-003/2024(H5N1)	418	7564
MP|PP755590.1|A/cattle/Texas/24-008749-003/2024(H5N1)	419	7598
MP|PP755590.1|A/cattle/Texas/24-008749-003/2024(H5N1)	420	7591
MP|PP755590.1|A/cattle/Texas/24-008749-003/2024(H5N1)	421	7602
MP|PP755590.1|A/cattle/Texas/24-008749-003/2024(H5N1)	422	7757
MP|PP755590.1|A/cattle/Texas/24-008749-003/2024(H5N1)	423	7738
MP|PP755590.1|A/cattle/Texas/24-008749-003/2024(H5N1)	424	7581
MP|PP755590.1|A/cattle/Texas/24-008749-003/2024(H5N1)	425	7500
MP|PP755590.1|A/cattle/Texas/24-008749-003/2024(H5N1)	426	7482
MP|PP755590.1|A/cattle/Texas/24-008749-003/2024(H5N1)	427	7621
MP|PP755590.1|A/cattle/Texas/24-008749-003/2024(H5N1)	428	7631
MP|PP755590.1|A/cattle/Texas/24-008749-003/2024(H5N1)	429	7644
MP|PP755590.1|A/cattle/Texas/24-008749-003/2024(H5N1)	430	7434
MP|PP755590.1|A/cattle/Texas/24-008749-003/2024(H5N1)	431	7435
MP|PP755590.1|A/cattle/Texas/24-008749-003/2024(H5N1)	432	7455
MP|PP755590.1|A/cattle/Texas/24-008749-003/2024(H5N1)	433	7971
MP|PP755590.1|A/cattle/Texas/24-008749-003/2024(H5N1)	434	8056
MP|PP755590.1|A/cattle/Texas/24-008749-003/2024(H5N1)	435	7935
MP|PP755590.1|A/cattle/Texas/24-008749-003/2024(H5N1)	436	7785
MP|PP755590.1|A/cattle/Texas/24-008749-003/2024(H5N1)	437	7780
MP|PP755590.1|A/cattle/Texas/24-008749-003/2024(H5N1)	438	7895
MP|PP755590.1|A/cattle/Texas/24-008749-003/2024(H5N1)	439	7985
MP|PP755590.1|A/cattle/Texas/24-008749-003/2024(H5N1)	440	7946
MP|PP755590.1|A/cattle/Texas/24-008749-003/2024(H5N1)	441	7999
MP|PP755590.1|A/cattle/Texas/24-008749-003/2024(H5N1)	442	7391
MP|PP755590.1|A/cattle/Texas/24-008749-003/2024(H5N1)	443	7374
MP|PP755590.1|A/cattle/Texas/24-008749-003/2024(H5N1)	444	7415
MP|PP755590.1|A/cattle/Texas/24-008749-003/2024(H5N1)	445	7412
MP|PP755590.1|A/cattle/Texas/24-008749-003/2024(H5N1)	446	7403
MP|PP755590.1|A/cattle/Texas/24-008749-003/2024(H5N1)	447	7087
MP|PP755590.1|A/cattle/Texas/24-008749-003/2024(H5N1)	448	6994
MP|PP755590.1|A/cattle/Texas/24-008749-003/2024(H5N1)	449	7189
MP|PP755590.1|A/cattle/Texas/24-008749-003/2024(H5N1)	450	7159
MP|PP755590.1|A/cattle/Texas/24-008749-003/2024(H5N1)	451	6970
MP|PP755590.1|A/cattle/Texas/24-008749-003/2024(H5N1)	452	6979
MP|PP755590.1|A/cattle/Texas/24-008749-003/2024(H5N1)	453	6909
MP|PP755590.1|A/cattle/Texas/24-008749-003/2024(H5N1)	454	6908
MP|PP755590.1|A/cattle/Texas/24-008749-003/2024(H5N1)	455	6869
MP|PP755590.1|A/cattle/Texas/24-008749-003/2024(H5N1)	456	6882
MP|PP755590.1|A/cattle/Texas/24-008749-003/2024(H5N1)	457	6949
MP|PP755590.1|A/cattle/Texas/24-008749-003/2024(H5N1)	458	6752
MP|PP755590.1|A/cattle/Texas/24-008749-003/2024(H5N1)	459	6769
MP|PP755590.1|A/cattle/Texas/24-008749-003/2024(H5N1)	460	6766
MP|PP755590.1|A/cattle/Texas/24-008749-003/2024(H5N1)	461	6782
MP|PP755590.1|A/cattle/Texas/24-008749-003/2024(H5N1)	462	6857
MP|PP755590.1|A/cattle/Texas/24-008749-003/2024(H5N1)	463	6867
MP|PP755590.1|A/cattle/Texas/24-008749-003/2024(H5N1)	464	6871
MP|PP755590.1|A/cattle/Texas/24-008749-003/2024(H5N1)	465	6854
MP|PP755590.1|A/cattle/Texas/24-008749-003/2024(H5N1)	466	6888
MP|PP755590.1|A/cattle/Texas/24-008749-003/2024(H5N1)	467	6905
MP|PP755590.1|A/cattle/Texas/24-008749-003/2024(H5N1)	468	6837
MP|PP755590.1|A/cattle/Texas/24-008749-003/2024(H5N1)	469	6825
MP|PP755590.1|A/cattle/Texas/24-008749-003/2024(H5N1)	470	6835
MP|PP755590.1|A/cattle/Texas/24-008749-003/2024(H5N1)	471	6833
MP|PP755590.1|A/cattle/Texas/24-008749-003/2024(H5N1)	472	6820
MP|PP755590.1|A/cattle/Texas/24-008749-003/2024(H5N1)	473	6793
MP|PP755590.1|A/cattle/Texas/24-008749-003/2024(H5N1)	474	6826
MP|PP755590.1|A/cattle/Texas/24-008749-003/2024(H5N1)	475	6848
MP|PP755590.1|A/cattle/Texas/24-008749-003/2024(H5N1)	476	6845
MP|PP755590.1|A/cattle/Texas/24-008749-003/2024(H5N1)	477	6936
MP|PP755590.1|A/cattle/Texas/24-008749-003/2024(H5N1)	478	6900
MP|PP755590.1|A/cattle/Texas/24-008749-003/2024(H5N1)	479	6911
MP|PP755590.1|A/cattle/Texas/24-008749-003/2024(H5N1)	480	6957
MP|PP755590.1|A/cattle/Texas/24-008749-003/2024(H5N1)	481	6991
MP|PP755590.1|A/cattle/Texas/24-008749-003/2024(H5N1)	482	7092
MP|PP755590.1|A/cattle/Texas/24-008749-003/2024(H5N1)	483	7039
MP|PP755590.1|A/cattle/Texas/24-008749-003/2024(H5N1)	484	7060
MP|PP755590.1|A/cattle/Texas/24-008749-003/2024(H5N1)	485	7054
MP|PP755590.1|A/cattle/Texas/24-008749-003/2024(H5N1)	486	7058
MP|PP755590.1|A/cattle/Texas/24-008749-003/2024(H5N1)	487	7048
MP|PP755590.1|A/cattle/Texas/24-008749-003/2024(H5N1)	488	7157
MP|PP755590.1|A/cattle/Texas/24-008749-003/2024(H5N1)	489	7213
MP|PP755590.1|A/cattle/Texas/24-008749-003/2024(H5N1)	490	7264
MP|PP755590.1|A/cattle/Texas/24-008749-003/2024(H5N1)	491	7211
MP|PP755590.1|A/cattle/Texas/24-008749-003/2024(H5N1)	492	7209
MP|PP755590.1|A/cattle/Texas/24-008749-003/2024(H5N1)	493	7207
MP|PP755590.1|A/cattle/Texas/24-008749-003/2024(H5N1)	494	7198
MP|PP755590.1|A/cattle/Texas/24-008749-003/2024(H5N1)	495	7205
MP|PP755590.1|A/cattle/Texas/24-008749-003/2024(H5N1)	496	7231
MP|PP755590.1|A/cattle/Texas/24-008749-003/2024(H5N1)	497	7140
MP|PP755590.1|A/cattle/Texas/24-008749-003/2024(H5N1)	498	7159
MP|PP755590.1|A/cattle/Texas/24-008749-003/2024(H5N1)	499	7140
MP|PP755590.1|A/cattle/Texas/24-008749-003/2024(H5N1)	500	7202
MP|PP755590.1|A/cattle/Texas/24-008749-003/2024(H5N1)	501	7036
MP|PP755590.1|A/cattle/Texas/24-008749-003/2024(H5N1)	502	7040
MP|PP755590.1|A/cattle/Texas/24-008749-003/2024(H5N1)	503	7138
MP|PP755590.1|A/cattle/Texas/24-008749-003/2024(H5N1)	504	7166
MP|PP755590.1|A/cattle/Texas/24-008749-003/2024(H5N1)	505	7136
MP|PP755590.1|A/cattle/Texas/24-008749-003/2024(H5N1)	506	7131
MP|PP755590.1|A/cattle/Texas/24-008749-003/2024(H5N1)	507	7095
MP|PP755590.1|A/cattle/Texas/24-008749-003/2024(H5N1)	508	7110
MP|PP755590.1|A/cattle/Texas/24-008749-003/2024(H5N1)	509	7143
MP|PP755590.1|A/cattle/Texas/24-008749-003/2024(H5N1)	510	7159
MP|PP755590.1|A/cattle/Texas/24-008749-003/2024(H5N1)	511	7192
MP|PP755590.1|A/cattle/Texas/24-008749-003/2024(H5N1)	512	7179
MP|PP755590.1|A/cattle/Texas/24-008749-003/2024(H5N1)	513	7169
MP|PP755590.1|A/cattle/Texas/24-008749-003/2024(H5N1)	514	7197
MP|PP755590.1|A/cattle/Texas/24-008749-003/2024(H5N1)	515	7182
MP|PP755590.1|A/cattle/Texas/24-008749-003/2024(H5N1)	516	7219
MP|PP755590.1|A/cattle/Texas/24-008749-003/2024(H5N1)	517	7259
MP|PP755590.1|A/cattle/Texas/24-008749-003/2024(H5N1)	518	7237
MP|PP755590.1|A/cattle/Texas/24-008749-003/2024(H5N1)	519	7228
MP|PP755590.1|A/cattle/Texas/24-008749-003/2024(H5N1)	520	7176
MP|PP755590.1|A/cattle/Texas/24-008749-003/2024(H5N1)	521	7161
MP|PP755590.1|A/cattle/Texas/24-008749-003/2024(H5N1)	522	7225
MP|PP755590.1|A/cattle/Texas/24-008749-003/2024(H5N1)	523	7185
MP|PP755590.1|A/cattle/Texas/24-008749-003/2024(H5N1)	524	7385
MP|PP755590.1|A/cattle/Texas/24-008749-003/2024(H5N1)	525	7356
MP|PP755590.1|A/cattle/Texas/24-008749-003/2024(H5N1)	526	7360
MP|PP755590.1|A/cattle/Texas/24-008749-003/2024(H5N1)	527	7373
MP|PP755590.1|A/cattle/Texas/24-008749-003/2024(H5N1)	528	7302
MP|PP755590.1|A/cattle/Texas/24-008749-003/2024(H5N1)	529	7259
MP|PP755590.1|A/cattle/Texas/24-008749-003/2024(H5N1)	530	7258
MP|PP755590.1|A/cattle/Texas/24-008749-003/2024(H5N1)	531	7181
MP|PP755590.1|A/cattle/Texas/24-008749-003/2024(H5N1)	532	7126
MP|PP755590.1|A/cattle/Texas/24-008749-003/2024(H5N1)	533	7218
MP|PP755590.1|A/cattle/Texas/24-008749-003/2024(H5N1)	534	7443
MP|PP755590.1|A/cattle/Texas/24-008749-003/2024(H5N1)	535	7533
MP|PP755590.1|A/cattle/Texas/24-008749-003/2024(H5N1)	536	7498
MP|PP755590.1|A/cattle/Texas/24-008749-003/2024(H5N1)	537	7418
MP|PP755590.1|A/cattle/Texas/24-008749-003/2024(H5N1)	538	7764
MP|PP755590.1|A/cattle/Texas/24-008749-003/2024(H5N1)	539	7573
MP|PP755590.1|A/cattle/Texas/24-008749-003/2024(H5N1)	540	7576
MP|PP755590.1|A/cattle/Texas/24-008749-003/2024(H5N1)	541	7628
MP|PP755590.1|A/cattle/Texas/24-008749-003/2024(H5N1)	542	7455
MP|PP755590.1|A/cattle/Texas/24-008749-003/2024(H5N1)	543	7664
MP|PP755590.1|A/cattle/Texas/24-008749-003/2024(H5N1)	544	7635
MP|PP755590.1|A/cattle/Texas/24-008749-003/2024(H5N1)	545	7653
MP|PP755590.1|A/cattle/Texas/24-008749-003/2024(H5N1)	546	7571
MP|PP755590.1|A/cattle/Texas/24-008749-003/2024(H5N1)	547	7197
MP|PP755590.1|A/cattle/Texas/24-008749-003/2024(H5N1)	548	7738
MP|PP755590.1|A/cattle/Texas/24-008749-003/2024(H5N1)	549	7815
MP|PP755590.1|A/cattle/Texas/24-008749-003/2024(H5N1)	550	7822
MP|PP755590.1|A/cattle/Texas/24-008749-003/2024(H5N1)	551	7670
MP|PP755590.1|A/cattle/Texas/24-008749-003/2024(H5N1)	552	7483
MP|PP755590.1|A/cattle/Texas/24-008749-003/2024(H5N1)	553	7486
MP|PP755590.1|A/cattle/Texas/24-008749-003/2024(H5N1)	554	7524
MP|PP755590.1|A/cattle/Texas/24-008749-003/2024(H5N1)	555	7614
MP|PP755590.1|A/cattle/Texas/24-008749-003/2024(H5N1)	556	7727
MP|PP755590.1|A/cattle/Texas/24-008749-003/2024(H5N1)	557	7361
MP|PP755590.1|A/cattle/Texas/24-008749-003/2024(H5N1)	558	7331
MP|PP755590.1|A/cattle/Texas/24-008749-003/2024(H5N1)	559	7321
MP|PP755590.1|A/cattle/Texas/24-008749-003/2024(H5N1)	560	7307
MP|PP755590.1|A/cattle/Texas/24-008749-003/2024(H5N1)	561	7418
MP|PP755590.1|A/cattle/Texas/24-008749-003/2024(H5N1)	562	7429
MP|PP755590.1|A/cattle/Texas/24-008749-003/2024(H5N1)	563	7508
MP|PP755590.1|A/cattle/Texas/24-008749-003/2024(H5N1)	564	7312
MP|PP755590.1|A/cattle/Texas/24-008749-003/2024(H5N1)	565	7316
MP|PP755590.1|A/cattle/Texas/24-008749-003/2024(H5N1)	566	7331
MP|PP755590.1|A/cattle/Texas/24-008749-003/2024(H5N1)	567	7273
MP|PP755590.1|A/cattle/Texas/24-008749-003/2024(H5N1)	568	7374
MP|PP755590.1|A/cattle/Texas/24-008749-003/2024(H5N1)	569	7333
MP|PP755590.1|A/cattle/Texas/24-008749-003/2024(H5N1)	570	7257
MP|PP755590.1|A/cattle/Texas/24-008749-003/2024(H5N1)	571	7242
MP|PP755590.1|A/cattle/Texas/24-008749-003/2024(H5N1)	572	7154
MP|PP755590.1|A/cattle/Texas/24-008749-003/2024(H5N1)	573	7168
MP|PP755590.1|A/cattle/Texas/24-008749-003/2024(H5N1)	574	7180
MP|PP755590.1|A/cattle/Texas/24-008749-003/2024(H5N1)	575	7314
MP|PP755590.1|A/cattle/Texas/24-008749-003/2024(H5N1)	576	7313
MP|PP755590.1|A/cattle/Texas/24-008749-003/2024(H5N1)	577	7245
MP|PP755590.1|A/cattle/Texas/24-008749-003/2024(H5N1)	578	7262
MP|PP755590.1|A/cattle/Texas/24-008749-003/2024(H5N1)	579	7253
MP|PP755590.1|A/cattle/Texas/24-008749-003/2024(H5N1)	580	7246
MP|PP755590.1|A/cattle/Texas/24-008749-003/2024(H5N1)	581	7272
MP|PP755590.1|A/cattle/Texas/24-008749-003/2024(H5N1)	582	7273
MP|PP755590.1|A/cattle/Texas/24-008749-003/2024(H5N1)	583	7258
MP|PP755590.1|A/cattle/Texas/24-008749-003/2024(H5N1)	584	6744
MP|PP755590.1|A/cattle/Texas/24-008749-003/2024(H5N1)	585	6753
MP|PP755590.1|A/cattle/Texas/24-008749-003/2024(H5N1)	586	6761
MP|PP755590.1|A/cattle/Texas/24-008749-003/2024(H5N1)	587	6761
MP|PP755590.1|A/cattle/Texas/24-008749-003/2024(H5N1)	588	6802
MP|PP755590.1|A/cattle/Texas/24-008749-003/2024(H5N1)	589	6703
MP|PP755590.1|A/cattle/Texas/24-008749-003/2024(H5N1)	590	6628
MP|PP755590.1|A/cattle/Texas/24-008749-003/2024(H5N1)	591	6634
MP|PP755590.1|A/cattle/Texas/24-008749-003/2024(H5N1)	592	6767
MP|PP755590.1|A/cattle/Texas/24-008749-003/2024(H5N1)	593	6770
MP|PP755590.1|A/cattle/Texas/24-008749-003/2024(H5N1)	594	6741
MP|PP755590.1|A/cattle/Texas/24-008749-003/2024(H5N1)	595	6707
MP|PP755590.1|A/cattle/Texas/24-008749-003/2024(H5N1)	596	6762
MP|PP755590.1|A/cattle/Texas/24-008749-003/2024(H5N1)	597	6746
MP|PP755590.1|A/cattle/Texas/24-008749-003/2024(H5N1)	598	6842
MP|PP755590.1|A/cattle/Texas/24-008749-003/2024(H5N1)	599	6690
MP|PP755590.1|A/cattle/Texas/24-008749-003/2024(H5N1)	600	6689
MP|PP755590.1|A/cattle/Texas/24-008749-003/2024(H5N1)	601	6720
MP|PP755590.1|A/cattle/Texas/24-008749-003/2024(H5N1)	602	6730
MP|PP755590.1|A/cattle/Texas/24-008749-003/2024(H5N1)	603	6742
MP|PP755590.1|A/cattle/Texas/24-008749-003/2024(H5N1)	604	6858
MP|PP755590.1|A/cattle/Texas/24-008749-003/2024(H5N1)	605	6960
MP|PP755590.1|A/cattle/Texas/24-008749-003/2024(H5N1)	606	7062
MP|PP755590.1|A/cattle/Texas/24-008749-003/2024(H5N1)	607	6982
MP|PP755590.1|A/cattle/Texas/24-008749-003/2024(H5N1)	608	7064
MP|PP755590.1|A/cattle/Texas/24-008749-003/2024(H5N1)	609	7067
MP|PP755590.1|A/cattle/Texas/24-008749-003/2024(H5N1)	610	7074
MP|PP755590.1|A/cattle/Texas/24-008749-003/2024(H5N1)	611	7073
MP|PP755590.1|A/cattle/Texas/24-008749-003/2024(H5N1)	612	7089
MP|PP755590.1|A/cattle/Texas/24-008749-003/2024(H5N1)	613	7082
MP|PP755590.1|A/cattle/Texas/24-008749-003/2024(H5N1)	614	7080
MP|PP755590.1|A/cattle/Texas/24-008749-003/2024(H5N1)	615	7066
MP|PP755590.1|A/cattle/Texas/24-008749-003/2024(H5N1)	616	7065
MP|PP755590.1|A/cattle/Texas/24-008749-003/2024(H5N1)	617	7100
MP|PP755590.1|A/cattle/Texas/24-008749-003/2024(H5N1)	618	7108
MP|PP755590.1|A/cattle/Texas/24-008749-003/2024(H5N1)	619	7190
MP|PP755590.1|A/cattle/Texas/24-008749-003/2024(H5N1)	620	7181
MP|PP755590.1|A/cattle/Texas/24-008749-003/2024(H5N1)	621	7269
MP|PP755590.1|A/cattle/Texas/24-008749-003/2024(H5N1)	622	7254
MP|PP755590.1|A/cattle/Texas/24-008749-003/2024(H5N1)	623	7178
MP|PP755590.1|A/cattle/Texas/24-008749-003/2024(H5N1)	624	7454
MP|PP755590.1|A/cattle/Texas/24-008749-003/2024(H5N1)	625	7502
MP|PP755590.1|A/cattle/Texas/24-008749-003/2024(H5N1)	626	7517
MP|PP755590.1|A/cattle/Texas/24-008749-003/2024(H5N1)	627	7513
MP|PP755590.1|A/cattle/Texas/24-008749-003/2024(H5N1)	628	7427
MP|PP755590.1|A/cattle/Texas/24-008749-003/2024(H5N1)	629	7567
MP|PP755590.1|A/cattle/Texas/24-008749-003/2024(H5N1)	630	7560
MP|PP755590.1|A/cattle/Texas/24-008749-003/2024(H5N1)	631	7525
MP|PP755590.1|A/cattle/Texas/24-008749-003/2024(H5N1)	632	7482
MP|PP755590.1|A/cattle/Texas/24-008749-003/2024(H5N1)	633	7216
MP|PP755590.1|A/cattle/Texas/24-008749-003/2024(H5N1)	634	7221
MP|PP755590.1|A/cattle/Texas/24-008749-003/2024(H5N1)	635	7215
MP|PP755590.1|A/cattle/Texas/24-008749-003/2024(H5N1)	636	7234
MP|PP755590.1|A/cattle/Texas/24-008749-003/2024(H5N1)	637	7344
MP|PP755590.1|A/cattle/Texas/24-008749-003/2024(H5N1)	638	7344
MP|PP755590.1|A/cattle/Texas/24-008749-003/2024(H5N1)	639	7245
MP|PP755590.1|A/cattle/Texas/24-008749-003/2024(H5N1)	640	7198
MP|PP755590.1|A/cattle/Texas/24-008749-003/2024(H5N1)	641	7190
MP|PP755590.1|A/cattle/Texas/24-008749-003/2024(H5N1)	642	7274
MP|PP755590.1|A/cattle/Texas/24-008749-003/2024(H5N1)	643	7414
MP|PP755590.1|A/cattle/Texas/24-008749-003/2024(H5N1)	644	7455
MP|PP755590.1|A/cattle/Texas/24-008749-003/2024(H5N1)	645	7470
MP|PP755590.1|A/cattle/Texas/24-008749-003/2024(H5N1)	646	7405
MP|PP755590.1|A/cattle/Texas/24-008749-003/2024(H5N1)	647	7383
MP|PP755590.1|A/cattle/Texas/24-008749-003/2024(H5N1)	648	7389
MP|PP755590.1|A/cattle/Texas/24-008749-003/2024(H5N1)	649	7366
MP|PP755590.1|A/cattle/Texas/24-008749-003/2024(H5N1)	650	7387
MP|PP755590.1|A/cattle/Texas/24-008749-003/2024(H5N1)	651	7446
MP|PP755590.1|A/cattle/Texas/24-008749-003/2024(H5N1)	652	7415
MP|PP755590.1|A/cattle/Texas/24-008749-003/2024(H5N1)	653	7498
MP|PP755590.1|A/cattle/Texas/24-008749-003/2024(H5N1)	654	7595
MP|PP755590.1|A/cattle/Texas/24-008749-003/2024(H5N1)	655	7582
MP|PP755590.1|A/cattle/Texas/24-008749-003/2024(H5N1)	656	7658
MP|PP755590.1|A/cattle/Texas/24-008749-003/2024(H5N1)	657	7639
MP|PP755590.1|A/cattle/Texas/24-008749-003/2024(H5N1)	658	7639
MP|PP755590.1|A/cattle/Texas/24-008749-003/2024(H5N1)	659	7668
MP|PP755590.1|A/cattle/Texas/24-008749-003/2024(H5N1)	660	7658
MP|PP755590.1|A/cattle/Texas/24-008749-003/2024(H5N1)	661	7766
MP|PP755590.1|A/cattle/Texas/24-008749-003/2024(H5N1)	662	7689
MP|PP755590.1|A/cattle/Texas/24-008749-003/2024(H5N1)	663	7555
MP|PP755590.1|A/cattle/Texas/24-008749-003/2024(H5N1)	664	7597
MP|PP755590.1|A/cattle/Texas/24-008749-003/2024(H5N1)	665	7570
MP|PP755590.1|A/cattle/Texas/24-008749-003/2024(H5N1)	666	7848
MP|PP755590.1|A/cattle/Texas/24-008749-003/2024(H5N1)	667	7810
MP|PP755590.1|A/cattle/Texas/24-008749-003/2024(H5N1)	668	7791
MP|PP755590.1|A/cattle/Texas/24-008749-003/2024(H5N1)	669	7797
MP|PP755590.1|A/cattle/Texas/24-008749-003/2024(H5N1)	670	7779
MP|PP755590.1|A/cattle/Texas/24-008749-003/2024(H5N1)	671	7784
MP|PP755590.1|A/cattle/Texas/24-008749-003/2024(H5N1)	672	8047
MP|PP755590.1|A/cattle/Texas/24-008749-003/2024(H5N1)	673	8009
MP|PP755590.1|A/cattle/Texas/24-008749-003/2024(H5N1)	674	8036
MP|PP755590.1|A/cattle/Texas/24-008749-003/2024(H5N1)	675	7778
MP|PP755590.1|A/cattle/Texas/24-008749-003/2024(H5N1)	676	7766
MP|PP755590.1|A/cattle/Texas/24-008749-003/2024(H5N1)	677	7881
MP|PP755590.1|A/cattle/Texas/24-008749-003/2024(H5N1)	678	7865
MP|PP755590.1|A/cattle/Texas/24-008749-003/2024(H5N1)	679	7844
MP|PP755590.1|A/cattle/Texas/24-008749-003/2024(H5N1)	680	7845
MP|PP755590.1|A/cattle/Texas/24-008749-003/2024(H5N1)	681	7610
MP|PP755590.1|A/cattle/Texas/24-008749-003/2024(H5N1)	682	7671
MP|PP755590.1|A/cattle/Texas/24-008749-003/2024(H5N1)	683	7771
MP|PP755590.1|A/cattle/Texas/24-008749-003/2024(H5N1)	684	7712
MP|PP755590.1|A/cattle/Texas/24-008749-003/2024(H5N1)	685	7724
MP|PP755590.1|A/cattle/Texas/24-008749-003/2024(H5N1)	686	7630
MP|PP755590.1|A/cattle/Texas/24-008749-003/2024(H5N1)	687	7659
MP|PP755590.1|A/cattle/Texas/24-008749-003/2024(H5N1)	688	7699
MP|PP755590.1|A/cattle/Texas/24-008749-003/2024(H5N1)	689	7492
MP|PP755590.1|A/cattle/Texas/24-008749-003/2024(H5N1)	690	7485
MP|PP755590.1|A/cattle/Texas/24-008749-003/2024(H5N1)	691	7470
MP|PP755590.1|A/cattle/Texas/24-008749-003/2024(H5N1)	692	7415
MP|PP755590.1|A/cattle/Texas/24-008749-003/2024(H5N1)	693	7383
MP|PP755590.1|A/cattle/Texas/24-008749-003/2024(H5N1)	694	7195
MP|PP755590.1|A/cattle/Texas/24-008749-003/2024(H5N1)	695	7242
MP|PP755590.1|A/cattle/Texas/24-008749-003/2024(H5N1)	696	7260
MP|PP755590.1|A/cattle/Texas/24-008749-003/2024(H5N1)	697	6763
MP|PP755590.1|A/cattle/Texas/24-008749-003/2024(H5N1)	698	6671
MP|PP755590.1|A/cattle/Texas/24-008749-003/2024(H5N1)	699	6714
MP|PP755590.1|A/cattle/Texas/24-008749-003/2024(H5N1)	700	6672
MP|PP755590.1|A/cattle/Texas/24-008749-003/2024(H5N1)	701	6669
MP|PP755590.1|A/cattle/Texas/24-008749-003/2024(H5N1)	702	6674
MP|PP755590.1|A/cattle/Texas/24-008749-003/2024(H5N1)	703	6674
MP|PP755590.1|A/cattle/Texas/24-008749-003/2024(H5N1)	704	6673
MP|PP755590.1|A/cattle/Texas/24-008749-003/2024(H5N1)	705	6638
MP|PP755590.1|A/cattle/Texas/24-008749-003/2024(H5N1)	706	6507
MP|PP755590.1|A/cattle/Texas/24-008749-003/2024(H5N1)	707	6454
MP|PP755590.1|A/cattle/Texas/24-008749-003/2024(H5N1)	708	6531
MP|PP755590.1|A/cattle/Texas/24-008749-003/2024(H5N1)	709	6608
MP|PP755590.1|A/cattle/Texas/24-008749-003/2024(H5N1)	710	6607
MP|PP755590.1|A/cattle/Texas/24-008749-003/2024(H5N1)	711	6590
MP|PP755590.1|A/cattle/Texas/24-008749-003/2024(H5N1)	712	6485
MP|PP755590.1|A/cattle/Texas/24-008749-003/2024(H5N1)	713	6483
MP|PP755590.1|A/cattle/Texas/24-008749-003/2024(H5N1)	714	6424
MP|PP755590.1|A/cattle/Texas/24-008749-003/2024(H5N1)	715	6438
MP|PP755590.1|A/cattle/Texas/24-008749-003/2024(H5N1)	716	6408
MP|PP755590.1|A/cattle/Texas/24-008749-003/2024(H5N1)	717	6310
MP|PP755590.1|A/cattle/Texas/24-008749-003/2024(H5N1)	718	6335
MP|PP755590.1|A/cattle/Texas/24-008749-003/2024(H5N1)	719	6457
MP|PP755590.1|A/cattle/Texas/24-008749-003/2024(H5N1)	720	6520
MP|PP755590.1|A/cattle/Texas/24-008749-003/2024(H5N1)	721	6511
MP|PP755590.1|A/cattle/Texas/24-008749-003/2024(H5N1)	722	6506
MP|PP755590.1|A/cattle/Texas/24-008749-003/2024(H5N1)	723	6492
MP|PP755590.1|A/cattle/Texas/24-008749-003/2024(H5N1)	724	6504
MP|PP755590.1|A/cattle/Texas/24-008749-003/2024(H5N1)	725	6520
MP|PP755590.1|A/cattle/Texas/24-008749-003/2024(H5N1)	726	6420
MP|PP755590.1|A/cattle/Texas/24-008749-003/2024(H5N1)	727	6411
MP|PP755590.1|A/cattle/Texas/24-008749-003/2024(H5N1)	728	6326
MP|PP755590.1|A/cattle/Texas/24-008749-003/2024(H5N1)	729	6328
MP|PP755590.1|A/cattle/Texas/24-008749-003/2024(H5N1)	730	6334
MP|PP755590.1|A/cattle/Texas/24-008749-003/2024(H5N1)	731	6345
MP|PP755590.1|A/cattle/Texas/24-008749-003/2024(H5N1)	732	6320
MP|PP755590.1|A/cattle/Texas/24-008749-003/2024(H5N1)	733	6378
MP|PP755590.1|A/cattle/Texas/24-008749-003/2024(H5N1)	734	6573
MP|PP755590.1|A/cattle/Texas/24-008749-003/2024(H5N1)	735	6542
MP|PP755590.1|A/cattle/Texas/24-008749-003/2024(H5N1)	736	6583
MP|PP755590.1|A/cattle/Texas/24-008749-003/2024(H5N1)	737	6584
MP|PP755590.1|A/cattle/Texas/24-008749-003/2024(H5N1)	738	6577
MP|PP755590.1|A/cattle/Texas/24-008749-003/2024(H5N1)	739	6655
MP|PP755590.1|A/cattle/Texas/24-008749-003/2024(H5N1)	740	6678
MP|PP755590.1|A/cattle/Texas/24-008749-003/2024(H5N1)	741	6671
MP|PP755590.1|A/cattle/Texas/24-008749-003/2024(H5N1)	742	6663
MP|PP755590.1|A/cattle/Texas/24-008749-003/2024(H5N1)	743	6457
MP|PP755590.1|A/cattle/Texas/24-008749-003/2024(H5N1)	744	6474
MP|PP755590.1|A/cattle/Texas/24-008749-003/2024(H5N1)	745	6467
MP|PP755590.1|A/cattle/Texas/24-008749-003/2024(H5N1)	746	6823
MP|PP755590.1|A/cattle/Texas/24-008749-003/2024(H5N1)	747	6816
MP|PP755590.1|A/cattle/Texas/24-008749-003/2024(H5N1)	748	6898
MP|PP755590.1|A/cattle/Texas/24-008749-003/2024(H5N1)	749	6906
MP|PP755590.1|A/cattle/Texas/24-008749-003/2024(H5N1)	750	7090
MP|PP755590.1|A/cattle/Texas/24-008749-003/2024(H5N1)	751	7094
MP|PP755590.1|A/cattle/Texas/24-008749-003/2024(H5N1)	752	7091
MP|PP755590.1|A/cattle/Texas/24-008749-003/2024(H5N1)	753	7091
MP|PP755590.1|A/cattle/Texas/24-008749-003/2024(H5N1)	754	7136
MP|PP755590.1|A/cattle/Texas/24-008749-003/2024(H5N1)	755	7033
MP|PP755590.1|A/cattle/Texas/24-008749-003/2024(H5N1)	756	6935
MP|PP755590.1|A/cattle/Texas/24-008749-003/2024(H5N1)	757	6964
MP|PP755590.1|A/cattle/Texas/24-008749-003/2024(H5N1)	758	6951
MP|PP755590.1|A/cattle/Texas/24-008749-003/2024(H5N1)	759	6999
MP|PP755590.1|A/cattle/Texas/24-008749-003/2024(H5N1)	760	6992
MP|PP755590.1|A/cattle/Texas/24-008749-003/2024(H5N1)	761	7040
MP|PP755590.1|A/cattle/Texas/24-008749-003/2024(H5N1)	762	6954
MP|PP755590.1|A/cattle/Texas/24-008749-003/2024(H5N1)	763	7005
MP|PP755590.1|A/cattle/Texas/24-008749-003/2024(H5N1)	764	7014
MP|PP755590.1|A/cattle/Texas/24-008749-003/2024(H5N1)	765	7000
MP|PP755590.1|A/cattle/Texas/24-008749-003/2024(H5N1)	766	7113
MP|PP755590.1|A/cattle/Texas/24-008749-003/2024(H5N1)	767	7110
MP|PP755590.1|A/cattle/Texas/24-008749-003/2024(H5N1)	768	7027
MP|PP755590.1|A/cattle/Texas/24-008749-003/2024(H5N1)	769	7065
MP|PP755590.1|A/cattle/Texas/24-008749-003/2024(H5N1)	770	6932
MP|PP755590.1|A/cattle/Texas/24-008749-003/2024(H5N1)	771	7019
MP|PP755590.1|A/cattle/Texas/24-008749-003/2024(H5N1)	772	6967
MP|PP755590.1|A/cattle/Texas/24-008749-003/2024(H5N1)	773	6939
MP|PP755590.1|A/cattle/Texas/24-008749-003/2024(H5N1)	774	6680
MP|PP755590.1|A/cattle/Texas/24-008749-003/2024(H5N1)	775	6612
MP|PP755590.1|A/cattle/Texas/24-008749-003/2024(H5N1)	776	6614
MP|PP755590.1|A/cattle/Texas/24-008749-003/2024(H5N1)	777	6705
MP|PP755590.1|A/cattle/Texas/24-008749-003/2024(H5N1)	778	6702
MP|PP755590.1|A/cattle/Texas/24-008749-003/2024(H5N1)	779	6685
MP|PP755590.1|A/cattle/Texas/24-008749-003/2024(H5N1)	780	6616
MP|PP755590.1|A/cattle/Texas/24-008749-003/2024(H5N1)	781	6985
MP|PP755590.1|A/cattle/Texas/24-008749-003/2024(H5N1)	782	6994
MP|PP755590.1|A/cattle/Texas/24-008749-003/2024(H5N1)	783	7019
MP|PP755590.1|A/cattle/Texas/24-008749-003/2024(H5N1)	784	7187
MP|PP755590.1|A/cattle/Texas/24-008749-003/2024(H5N1)	785	7195
MP|PP755590.1|A/cattle/Texas/24-008749-003/2024(H5N1)	786	7337
MP|PP755590.1|A/cattle/Texas/24-008749-003/2024(H5N1)	787	7311
MP|PP755590.1|A/cattle/Texas/24-008749-003/2024(H5N1)	788	7200
MP|PP755590.1|A/cattle/Texas/24-008749-003/2024(H5N1)	789	7048
MP|PP755590.1|A/cattle/Texas/24-008749-003/2024(H5N1)	790	7062
MP|PP755590.1|A/cattle/Texas/24-008749-003/2024(H5N1)	791	7434
MP|PP755590.1|A/cattle/Texas/24-008749-003/2024(H5N1)	792	7415
MP|PP755590.1|A/cattle/Texas/24-008749-003/2024(H5N1)	793	7327
MP|PP755590.1|A/cattle/Texas/24-008749-003/2024(H5N1)	794	7438
MP|PP755590.1|A/cattle/Texas/24-008749-003/2024(H5N1)	795	7522
MP|PP755590.1|A/cattle/Texas/24-008749-003/2024(H5N1)	796	7532
MP|PP755590.1|A/cattle/Texas/24-008749-003/2024(H5N1)	797	7504
MP|PP755590.1|A/cattle/Texas/24-008749-003/2024(H5N1)	798	7549
MP|PP755590.1|A/cattle/Texas/24-008749-003/2024(H5N1)	799	7528
MP|PP755590.1|A/cattle/Texas/24-008749-003/2024(H5N1)	800	7451
MP|PP755590.1|A/cattle/Texas/24-008749-003/2024(H5N1)	801	7481
MP|PP755590.1|A/cattle/Texas/24-008749-003/2024(H5N1)	802	7448
MP|PP755590.1|A/cattle/Texas/24-008749-003/2024(H5N1)	803	7508
MP|PP755590.1|A/cattle/Texas/24-008749-003/2024(H5N1)	804	7342
MP|PP755590.1|A/cattle/Texas/24-008749-003/2024(H5N1)	805	7216
MP|PP755590.1|A/cattle/Texas/24-008749-003/2024(H5N1)	806	7200
MP|PP755590.1|A/cattle/Texas/24-008749-003/2024(H5N1)	807	7149
MP|PP755590.1|A/cattle/Texas/24-008749-003/2024(H5N1)	808	7168
MP|PP755590.1|A/cattle/Texas/24-008749-003/2024(H5N1)	809	7150
MP|PP755590.1|A/cattle/Texas/24-008749-003/2024(H5N1)	810	7098
MP|PP755590.1|A/cattle/Texas/24-008749-003/2024(H5N1)	811	7085
MP|PP755590.1|A/cattle/Texas/24-008749-003/2024(H5N1)	812	6988
MP|PP755590.1|A/cattle/Texas/24-008749-003/2024(H5N1)	813	6992
MP|PP755590.1|A/cattle/Texas/24-008749-003/2024(H5N1)	814	6976
MP|PP755590.1|A/cattle/Texas/24-008749-003/2024(H5N1)	815	6707
MP|PP755590.1|A/cattle/Texas/24-008749-003/2024(H5N1)	816	6704
MP|PP755590.1|A/cattle/Texas/24-008749-003/2024(H5N1)	817	6642
MP|PP755590.1|A/cattle/Texas/24-008749-003/2024(H5N1)	818	6639
MP|PP755590.1|A/cattle/Texas/24-008749-003/2024(H5N1)	819	6707
MP|PP755590.1|A/cattle/Texas/24-008749-003/2024(H5N1)	820	6694
MP|PP755590.1|A/cattle/Texas/24-008749-003/2024(H5N1)	821	6690
MP|PP755590.1|A/cattle/Texas/24-008749-003/2024(H5N1)	822	6672
MP|PP755590.1|A/cattle/Texas/24-008749-003/2024(H5N1)	823	6439
MP|PP755590.1|A/cattle/Texas/24-008749-003/2024(H5N1)	824	6874
MP|PP755590.1|A/cattle/Texas/24-008749-003/2024(H5N1)	825	6856
MP|PP755590.1|A/cattle/Texas/24-008749-003/2024(H5N1)	826	6860
MP|PP755590.1|A/cattle/Texas/24-008749-003/2024(H5N1)	827	6867
MP|PP755590.1|A/cattle/Texas/24-008749-003/2024(H5N1)	828	6760
MP|PP755590.1|A/cattle/Texas/24-008749-003/2024(H5N1)	829	6921
MP|PP755590.1|A/cattle/Texas/24-008749-003/2024(H5N1)	830	6920
MP|PP755590.1|A/cattle/Texas/24-008749-003/2024(H5N1)	831	6923
MP|PP755590.1|A/cattle/Texas/24-008749-003/2024(H5N1)	832	6840
MP|PP755590.1|A/cattle/Texas/24-008749-003/2024(H5N1)	833	6801
MP|PP755590.1|A/cattle/Texas/24-008749-003/2024(H5N1)	834	6745
MP|PP755590.1|A/cattle/Texas/24-008749-003/2024(H5N1)	835	6737
MP|PP755590.1|A/cattle/Texas/24-008749-003/2024(H5N1)	836	6727
MP|PP755590.1|A/cattle/Texas/24-008749-003/2024(H5N1)	837	6737
MP|PP755590.1|A/cattle/Texas/24-008749-003/2024(H5N1)	838	6734
MP|PP755590.1|A/cattle/Texas/24-008749-003/2024(H5N1)	839	6735
MP|PP755590.1|A/cattle/Texas/24-008749-003/2024(H5N1)	840	6635
MP|PP755590.1|A/cattle/Texas/24-008749-003/2024(H5N1)	841	6635
MP|PP755590.1|A/cattle/Texas/24-008749-003/2024(H5N1)	842	6657
MP|PP755590.1|A/cattle/Texas/24-008749-003/2024(H5N1)	843	6653
MP|PP755590.1|A/cattle/Texas/24-008749-003/2024(H5N1)	844	6661
MP|PP755590.1|A/cattle/Texas/24-008749-003/2024(H5N1)	845	6642
MP|PP755590.1|A/cattle/Texas/24-008749-003/2024(H5N1)	846	6605
MP|PP755590.1|A/cattle/Texas/24-008749-003/2024(H5N1)	847	6673
MP|PP755590.1|A/cattle/Texas/24-008749-003/2024(H5N1)	848	6680
MP|PP755590.1|A/cattle/Texas/24-008749-003/2024(H5N1)	849	6691
MP|PP755590.1|A/cattle/Texas/24-008749-003/2024(H5N1)	850	6695
MP|PP755590.1|A/cattle/Texas/24-008749-003/2024(H5N1)	851	7291
MP|PP755590.1|A/cattle/Texas/24-008749-003/2024(H5N1)	852	7345
MP|PP755590.1|A/cattle/Texas/24-008749-003/2024(H5N1)	853	7442
MP|PP755590.1|A/cattle/Texas/24-008749-003/2024(H5N1)	854	7449
MP|PP755590.1|A/cattle/Texas/24-008749-003/2024(H5N1)	855	7459
MP|PP755590.1|A/cattle/Texas/24-008749-003/2024(H5N1)	856	7512
MP|PP755590.1|A/cattle/Texas/24-008749-003/2024(H5N1)	857	7512
MP|PP755590.1|A/cattle/Texas/24-008749-003/2024(H5N1)	858	7460
MP|PP755590.1|A/cattle/Texas/24-008749-003/2024(H5N1)	859	7334
MP|PP755590.1|A/cattle/Texas/24-008749-003/2024(H5N1)	860	7272
MP|PP755590.1|A/cattle/Texas/24-008749-003/2024(H5N1)	861	7294
MP|PP755590.1|A/cattle/Texas/24-008749-003/2024(H5N1)	862	7266
MP|PP755590.1|A/cattle/Texas/24-008749-003/2024(H5N1)	863	7248
MP|PP755590.1|A/cattle/Texas/24-008749-003/2024(H5N1)	864	7246
MP|PP755590.1|A/cattle/Texas/24-008749-003/2024(H5N1)	865	7208
MP|PP755590.1|A/cattle/Texas/24-008749-003/2024(H5N1)	866	7208
MP|PP755590.1|A/cattle/Texas/24-008749-003/2024(H5N1)	867	7209
MP|PP755590.1|A/cattle/Texas/24-008749-003/2024(H5N1)	868	7206
MP|PP755590.1|A/cattle/Texas/24-008749-003/2024(H5N1)	869	7161
MP|PP755590.1|A/cattle/Texas/24-008749-003/2024(H5N1)	870	7062
MP|PP755590.1|A/cattle/Texas/24-008749-003/2024(H5N1)	871	6968
MP|PP755590.1|A/cattle/Texas/24-008749-003/2024(H5N1)	872	6966
MP|PP755590.1|A/cattle/Texas/24-008749-003/2024(H5N1)	873	6967
MP|PP755590.1|A/cattle/Texas/24-008749-003/2024(H5N1)	874	6973
MP|PP755590.1|A/cattle/Texas/24-008749-003/2024(H5N1)	875	6950
MP|PP755590.1|A/cattle/Texas/24-008749-003/2024(H5N1)	876	6900
MP|PP755590.1|A/cattle/Texas/24-008749-003/2024(H5N1)	877	6883
MP|PP755590.1|A/cattle/Texas/24-008749-003/2024(H5N1)	878	6880
MP|PP755590.1|A/cattle/Texas/24-008749-003/2024(H5N1)	879	6850
MP|PP755590.1|A/cattle/Texas/24-008749-003/2024(H5N1)	880	6839
MP|PP755590.1|A/cattle/Texas/24-008749-003/2024(H5N1)	881	6842
MP|PP755590.1|A/cattle/Texas/24-008749-003/2024(H5N1)	882	6821
MP|PP755590.1|A/cattle/Texas/24-008749-003/2024(H5N1)	883	6760
MP|PP755590.1|A/cattle/Texas/24-008749-003/2024(H5N1)	884	6747
MP|PP755590.1|A/cattle/Texas/24-008749-003/2024(H5N1)	885	6520
MP|PP755590.1|A/cattle/Texas/24-008749-003/2024(H5N1)	886	6506
MP|PP755590.1|A/cattle/Texas/24-008749-003/2024(H5N1)	887	6448
MP|PP755590.1|A/cattle/Texas/24-008749-003/2024(H5N1)	888	6420
MP|PP755590.1|A/cattle/Texas/24-008749-003/2024(H5N1)	889	6386
MP|PP755590.1|A/cattle/Texas/24-008749-003/2024(H5N1)	890	6355
MP|PP755590.1|A/cattle/Texas/24-008749-003/2024(H5N1)	891	6306
MP|PP755590.1|A/cattle/Texas/24-008749-003/2024(H5N1)	892	6306
MP|PP755590.1|A/cattle/Texas/24-008749-003/2024(H5N1)	893	6293
MP|PP755590.1|A/cattle/Texas/24-008749-003/2024(H5N1)	894	6271
MP|PP755590.1|A/cattle/Texas/24-008749-003/2024(H5N1)	895	6218
MP|PP755590.1|A/cattle/Texas/24-008749-003/2024(H5N1)	896	6211
MP|PP755590.1|A/cattle/Texas/24-008749-003/2024(H5N1)	897	5804
MP|PP755590.1|A/cattle/Texas/24-008749-003/2024(H5N1)	898	5817
MP|PP755590.1|A/cattle/Texas/24-008749-003/2024(H5N1)	899	5600
MP|PP755590.1|A/cattle/Texas/24-008749-003/2024(H5N1)	900	5540
MP|PP755590.1|A/cattle/Texas/24-008749-003/2024(H5N1)	901	5417
MP|PP755590.1|A/cattle/Texas/24-008749-003/2024(H5N1)	902	5378
MP|PP755590.1|A/cattle/Texas/24-008749-003/2024(H5N1)	903	5374
MP|PP755590.1|A/cattle/Texas/24-008749-003/2024(H5N1)	904	5345
MP|PP755590.1|A/cattle/Texas/24-008749-003/2024(H5N1)	905	5297
MP|PP755590.1|A/cattle/Texas/24-008749-003/2024(H5N1)	906	5294
MP|PP755590.1|A/cattle/Texas/24-008749-003/2024(H5N1)	907	5126
MP|PP755590.1|A/cattle/Texas/24-008749-003/2024(H5N1)	908	5126
MP|PP755590.1|A/cattle/Texas/24-008749-003/2024(H5N1)	909	5111
MP|PP755590.1|A/cattle/Texas/24-008749-003/2024(H5N1)	910	4974
MP|PP755590.1|A/cattle/Texas/24-008749-003/2024(H5N1)	911	4974
MP|PP755590.1|A/cattle/Texas/24-008749-003/2024(H5N1)	912	4915
MP|PP755590.1|A/cattle/Texas/24-008749-003/2024(H5N1)	913	4905
MP|PP755590.1|A/cattle/Texas/24-008749-003/2024(H5N1)	914	4826
MP|PP755590.1|A/cattle/Texas/24-008749-003/2024(H5N1)	915	4742
MP|PP755590.1|A/cattle/Texas/24-008749-003/2024(H5N1)	916	4709
MP|PP755590.1|A/cattle/Texas/24-008749-003/2024(H5N1)	917	4651
MP|PP755590.1|A/cattle/Texas/24-008749-003/2024(H5N1)	918	4650
MP|PP755590.1|A/cattle/Texas/24-008749-003/2024(H5N1)	919	4641
MP|PP755590.1|A/cattle/Texas/24-008749-003/2024(H5N1)	920	4585
MP|PP755590.1|A/cattle/Texas/24-008749-003/2024(H5N1)	921	4558
MP|PP755590.1|A/cattle/Texas/24-008749-003/2024(H5N1)	922	4442
MP|PP755590.1|A/cattle/Texas/24-008749-003/2024(H5N1)	923	4451
MP|PP755590.1|A/cattle/Texas/24-008749-003/2024(H5N1)	924	4449
MP|PP755590.1|A/cattle/Texas/24-008749-003/2024(H5N1)	925	4446
MP|PP755590.1|A/cattle/Texas/24-008749-003/2024(H5N1)	926	4445
MP|PP755590.1|A/cattle/Texas/24-008749-003/2024(H5N1)	927	4327
MP|PP755590.1|A/cattle/Texas/24-008749-003/2024(H5N1)	928	4327
MP|PP755590.1|A/cattle/Texas/24-008749-003/2024(H5N1)	929	4322
MP|PP755590.1|A/cattle/Texas/24-008749-003/2024(H5N1)	930	4311
MP|PP755590.1|A/cattle/Texas/24-008749-003/2024(H5N1)	931	4261
MP|PP755590.1|A/cattle/Texas/24-008749-003/2024(H5N1)	932	3857
MP|PP755590.1|A/cattle/Texas/24-008749-003/2024(H5N1)	933	3859
MP|PP755590.1|A/cattle/Texas/24-008749-003/2024(H5N1)	934	3819
MP|PP755590.1|A/cattle/Texas/24-008749-003/2024(H5N1)	935	3664
MP|PP755590.1|A/cattle/Texas/24-008749-003/2024(H5N1)	936	3653
MP|PP755590.1|A/cattle/Texas/24-008749-003/2024(H5N1)	937	3479
MP|PP755590.1|A/cattle/Texas/24-008749-003/2024(H5N1)	938	3480
MP|PP755590.1|A/cattle/Texas/24-008749-003/2024(H5N1)	939	3471
MP|PP755590.1|A/cattle/Texas/24-008749-003/2024(H5N1)	940	3463
MP|PP755590.1|A/cattle/Texas/24-008749-003/2024(H5N1)	941	3448
MP|PP755590.1|A/cattle/Texas/24-008749-003/2024(H5N1)	942	3009
MP|PP755590.1|A/cattle/Texas/24-008749-003/2024(H5N1)	943	3008
MP|PP755590.1|A/cattle/Texas/24-008749-003/2024(H5N1)	944	2872
MP|PP755590.1|A/cattle/Texas/24-008749-003/2024(H5N1)	945	2718
MP|PP755590.1|A/cattle/Texas/24-008749-003/2024(H5N1)	946	2619
MP|PP755590.1|A/cattle/Texas/24-008749-003/2024(H5N1)	947	2579
MP|PP755590.1|A/cattle/Texas/24-008749-003/2024(H5N1)	948	2569
MP|PP755590.1|A/cattle/Texas/24-008749-003/2024(H5N1)	949	2515
MP|PP755590.1|A/cattle/Texas/24-008749-003/2024(H5N1)	950	2494
MP|PP755590.1|A/cattle/Texas/24-008749-003/2024(H5N1)	951	2463
MP|PP755590.1|A/cattle/Texas/24-008749-003/2024(H5N1)	952	2430
MP|PP755590.1|A/cattle/Texas/24-008749-003/2024(H5N1)	953	2401
MP|PP755590.1|A/cattle/Texas/24-008749-003/2024(H5N1)	954	2377
MP|PP755590.1|A/cattle/Texas/24-008749-003/2024(H5N1)	955	2371
MP|PP755590.1|A/cattle/Texas/24-008749-003/2024(H5N1)	956	2360
MP|PP755590.1|A/cattle/Texas/24-008749-003/2024(H5N1)	957	2357
MP|PP755590.1|A/cattle/Texas/24-008749-003/2024(H5N1)	958	2335
MP|PP755590.1|A/cattle/Texas/24-008749-003/2024(H5N1)	959	2328
MP|PP755590.1|A/cattle/Texas/24-008749-003/2024(H5N1)	960	2321
MP|PP755590.1|A/cattle/Texas/24-008749-003/2024(H5N1)	961	2316
MP|PP755590.1|A/cattle/Texas/24-008749-003/2024(H5N1)	962	2313
MP|PP755590.1|A/cattle/Texas/24-008749-003/2024(H5N1)	963	2270
MP|PP755590.1|A/cattle/Texas/24-008749-003/2024(H5N1)	964	2265
MP|PP755590.1|A/cattle/Texas/24-008749-003/2024(H5N1)	965	2248
MP|PP755590.1|A/cattle/Texas/24-008749-003/2024(H5N1)	966	2240
MP|PP755590.1|A/cattle/Texas/24-008749-003/2024(H5N1)	967	2234
MP|PP755590.1|A/cattle/Texas/24-008749-003/2024(H5N1)	968	2229
MP|PP755590.1|A/cattle/Texas/24-008749-003/2024(H5N1)	969	2229
MP|PP755590.1|A/cattle/Texas/24-008749-003/2024(H5N1)	970	2126
MP|PP755590.1|A/cattle/Texas/24-008749-003/2024(H5N1)	971	2124
MP|PP755590.1|A/cattle/Texas/24-008749-003/2024(H5N1)	972	2102
MP|PP755590.1|A/cattle/Texas/24-008749-003/2024(H5N1)	973	2096
MP|PP755590.1|A/cattle/Texas/24-008749-003/2024(H5N1)	974	2084
MP|PP755590.1|A/cattle/Texas/24-008749-003/2024(H5N1)	975	1555
MP|PP755590.1|A/cattle/Texas/24-008749-003/2024(H5N1)	976	1538
MP|PP755590.1|A/cattle/Texas/24-008749-003/2024(H5N1)	977	1535
MP|PP755590.1|A/cattle/Texas/24-008749-003/2024(H5N1)	978	1524
MP|PP755590.1|A/cattle/Texas/24-008749-003/2024(H5N1)	979	1520
MP|PP755590.1|A/cattle/Texas/24-008749-003/2024(H5N1)	980	1340
MP|PP755590.1|A/cattle/Texas/24-008749-003/2024(H5N1)	981	1327
MP|PP755590.1|A/cattle/Texas/24-008749-003/2024(H5N1)	982	1324
