NS|PP755585.1|A/cattle/Texas/24-008749-002/2024(H5N1)	1	25215
NS|PP755585.1|A/cattle/Texas/24-008749-002/2024(H5N1)	2	25257
NS|PP755585.1|A/cattle/Texas/24-008749-002/2024(H5N1)	3	25876
NS|PP755585.1|A/cattle/Texas/24-008749-002/2024(H5N1)	4	26811
NS|PP755585.1|A/cattle/Texas/24-008749-002/2024(H5N1)	5	27921
NS|PP755585.1|A/cattle/Texas/24-008749-002/2024(H5N1)	6	37847
NS|PP755585.1|A/cattle/Texas/24-008749-002/2024(H5N1)	7	37859
NS|PP755585.1|A/cattle/Texas/24-008749-002/2024(H5N1)	8	38384
NS|PP755585.1|A/cattle/Texas/24-008749-002/2024(H5N1)	9	38900
NS|PP755585.1|A/cattle/Texas/24-008749-002/2024(H5N1)	10	38928
NS|PP755585.1|A/cattle/Texas/24-008749-002/2024(H5N1)	11	39666
NS|PP755585.1|A/cattle/Texas/24-008749-002/2024(H5N1)	12	39687
NS|PP755585.1|A/cattle/Texas/24-008749-002/2024(H5N1)	13	39747
NS|PP755585.1|A/cattle/Texas/24-008749-002/2024(H5N1)	14	39817
NS|PP755585.1|A/cattle/Texas/24-008749-002/2024(H5N1)	15	39883
NS|PP755585.1|A/cattle/Texas/24-008749-002/2024(H5N1)	16	47518
NS|PP755585.1|A/cattle/Texas/24-008749-002/2024(H5N1)	17	47690
NS|PP755585.1|A/cattle/Texas/24-008749-002/2024(H5N1)	18	47898
NS|PP755585.1|A/cattle/Texas/24-008749-002/2024(H5N1)	19	47911
NS|PP755585.1|A/cattle/Texas/24-008749-002/2024(H5N1)	20	47942
NS|PP755585.1|A/cattle/Texas/24-008749-002/2024(H5N1)	21	47974
NS|PP755585.1|A/cattle/Texas/24-008749-002/2024(H5N1)	22	47978
NS|PP755585.1|A/cattle/Texas/24-008749-002/2024(H5N1)	23	48949
NS|PP755585.1|A/cattle/Texas/24-008749-002/2024(H5N1)	24	49544
NS|PP755585.1|A/cattle/Texas/24-008749-002/2024(H5N1)	25	49573
NS|PP755585.1|A/cattle/Texas/24-008749-002/2024(H5N1)	26	49995
NS|PP755585.1|A/cattle/Texas/24-008749-002/2024(H5N1)	27	50003
NS|PP755585.1|A/cattle/Texas/24-008749-002/2024(H5N1)	28	51612
NS|PP755585.1|A/cattle/Texas/24-008749-002/2024(H5N1)	29	51619
NS|PP755585.1|A/cattle/Texas/24-008749-002/2024(H5N1)	30	51950
NS|PP755585.1|A/cattle/Texas/24-008749-002/2024(H5N1)	31	52215
NS|PP755585.1|A/cattle/Texas/24-008749-002/2024(H5N1)	32	52413
NS|PP755585.1|A/cattle/Texas/24-008749-002/2024(H5N1)	33	52518
NS|PP755585.1|A/cattle/Texas/24-008749-002/2024(H5N1)	34	52664
NS|PP755585.1|A/cattle/Texas/24-008749-002/2024(H5N1)	35	53067
NS|PP755585.1|A/cattle/Texas/24-008749-002/2024(H5N1)	36	53303
NS|PP755585.1|A/cattle/Texas/24-008749-002/2024(H5N1)	37	53283
NS|PP755585.1|A/cattle/Texas/24-008749-002/2024(H5N1)	38	54209
NS|PP755585.1|A/cattle/Texas/24-008749-002/2024(H5N1)	39	54479
NS|PP755585.1|A/cattle/Texas/24-008749-002/2024(H5N1)	40	54484
NS|PP755585.1|A/cattle/Texas/24-008749-002/2024(H5N1)	41	55152
NS|PP755585.1|A/cattle/Texas/24-008749-002/2024(H5N1)	42	55512
NS|PP755585.1|A/cattle/Texas/24-008749-002/2024(H5N1)	43	55793
NS|PP755585.1|A/cattle/Texas/24-008749-002/2024(H5N1)	44	56068
NS|PP755585.1|A/cattle/Texas/24-008749-002/2024(H5N1)	45	56032
NS|PP755585.1|A/cattle/Texas/24-008749-002/2024(H5N1)	46	56537
NS|PP755585.1|A/cattle/Texas/24-008749-002/2024(H5N1)	47	56533
NS|PP755585.1|A/cattle/Texas/24-008749-002/2024(H5N1)	48	56538
NS|PP755585.1|A/cattle/Texas/24-008749-002/2024(H5N1)	49	56781
NS|PP755585.1|A/cattle/Texas/24-008749-002/2024(H5N1)	50	56755
NS|PP755585.1|A/cattle/Texas/24-008749-002/2024(H5N1)	51	57747
NS|PP755585.1|A/cattle/Texas/24-008749-002/2024(H5N1)	52	58065
NS|PP755585.1|A/cattle/Texas/24-008749-002/2024(H5N1)	53	58496
NS|PP755585.1|A/cattle/Texas/24-008749-002/2024(H5N1)	54	58555
NS|PP755585.1|A/cattle/Texas/24-008749-002/2024(H5N1)	55	58616
NS|PP755585.1|A/cattle/Texas/24-008749-002/2024(H5N1)	56	58609
NS|PP755585.1|A/cattle/Texas/24-008749-002/2024(H5N1)	57	58649
NS|PP755585.1|A/cattle/Texas/24-008749-002/2024(H5N1)	58	59144
NS|PP755585.1|A/cattle/Texas/24-008749-002/2024(H5N1)	59	59206
NS|PP755585.1|A/cattle/Texas/24-008749-002/2024(H5N1)	60	59464
NS|PP755585.1|A/cattle/Texas/24-008749-002/2024(H5N1)	61	59979
NS|PP755585.1|A/cattle/Texas/24-008749-002/2024(H5N1)	62	59887
NS|PP755585.1|A/cattle/Texas/24-008749-002/2024(H5N1)	63	59956
NS|PP755585.1|A/cattle/Texas/24-008749-002/2024(H5N1)	64	60074
NS|PP755585.1|A/cattle/Texas/24-008749-002/2024(H5N1)	65	60217
NS|PP755585.1|A/cattle/Texas/24-008749-002/2024(H5N1)	66	60254
NS|PP755585.1|A/cattle/Texas/24-008749-002/2024(H5N1)	67	60255
NS|PP755585.1|A/cattle/Texas/24-008749-002/2024(H5N1)	68	60262
NS|PP755585.1|A/cattle/Texas/24-008749-002/2024(H5N1)	69	60180
NS|PP755585.1|A/cattle/Texas/24-008749-002/2024(H5N1)	70	60810
NS|PP755585.1|A/cattle/Texas/24-008749-002/2024(H5N1)	71	62955
NS|PP755585.1|A/cattle/Texas/24-008749-002/2024(H5N1)	72	63881
NS|PP755585.1|A/cattle/Texas/24-008749-002/2024(H5N1)	73	64042
NS|PP755585.1|A/cattle/Texas/24-008749-002/2024(H5N1)	74	64072
NS|PP755585.1|A/cattle/Texas/24-008749-002/2024(H5N1)	75	64244
NS|PP755585.1|A/cattle/Texas/24-008749-002/2024(H5N1)	76	66928
NS|PP755585.1|A/cattle/Texas/24-008749-002/2024(H5N1)	77	67067
NS|PP755585.1|A/cattle/Texas/24-008749-002/2024(H5N1)	78	67229
NS|PP755585.1|A/cattle/Texas/24-008749-002/2024(H5N1)	79	67281
NS|PP755585.1|A/cattle/Texas/24-008749-002/2024(H5N1)	80	66802
NS|PP755585.1|A/cattle/Texas/24-008749-002/2024(H5N1)	81	67855
NS|PP755585.1|A/cattle/Texas/24-008749-002/2024(H5N1)	82	67991
NS|PP755585.1|A/cattle/Texas/24-008749-002/2024(H5N1)	83	68849
NS|PP755585.1|A/cattle/Texas/24-008749-002/2024(H5N1)	84	68874
NS|PP755585.1|A/cattle/Texas/24-008749-002/2024(H5N1)	85	68431
NS|PP755585.1|A/cattle/Texas/24-008749-002/2024(H5N1)	86	68636
NS|PP755585.1|A/cattle/Texas/24-008749-002/2024(H5N1)	87	69009
NS|PP755585.1|A/cattle/Texas/24-008749-002/2024(H5N1)	88	70201
NS|PP755585.1|A/cattle/Texas/24-008749-002/2024(H5N1)	89	71493
NS|PP755585.1|A/cattle/Texas/24-008749-002/2024(H5N1)	90	71646
NS|PP755585.1|A/cattle/Texas/24-008749-002/2024(H5N1)	91	71727
NS|PP755585.1|A/cattle/Texas/24-008749-002/2024(H5N1)	92	71566
NS|PP755585.1|A/cattle/Texas/24-008749-002/2024(H5N1)	93	71621
NS|PP755585.1|A/cattle/Texas/24-008749-002/2024(H5N1)	94	72809
NS|PP755585.1|A/cattle/Texas/24-008749-002/2024(H5N1)	95	73703
NS|PP755585.1|A/cattle/Texas/24-008749-002/2024(H5N1)	96	74662
NS|PP755585.1|A/cattle/Texas/24-008749-002/2024(H5N1)	97	74487
NS|PP755585.1|A/cattle/Texas/24-008749-002/2024(H5N1)	98	74441
NS|PP755585.1|A/cattle/Texas/24-008749-002/2024(H5N1)	99	74383
NS|PP755585.1|A/cattle/Texas/24-008749-002/2024(H5N1)	100	74589
NS|PP755585.1|A/cattle/Texas/24-008749-002/2024(H5N1)	101	74908
NS|PP755585.1|A/cattle/Texas/24-008749-002/2024(H5N1)	102	75091
NS|PP755585.1|A/cattle/Texas/24-008749-002/2024(H5N1)	103	75432
NS|PP755585.1|A/cattle/Texas/24-008749-002/2024(H5N1)	104	75261
NS|PP755585.1|A/cattle/Texas/24-008749-002/2024(H5N1)	105	78207
NS|PP755585.1|A/cattle/Texas/24-008749-002/2024(H5N1)	106	78234
NS|PP755585.1|A/cattle/Texas/24-008749-002/2024(H5N1)	107	78305
NS|PP755585.1|A/cattle/Texas/24-008749-002/2024(H5N1)	108	78562
NS|PP755585.1|A/cattle/Texas/24-008749-002/2024(H5N1)	109	79977
NS|PP755585.1|A/cattle/Texas/24-008749-002/2024(H5N1)	110	80733
NS|PP755585.1|A/cattle/Texas/24-008749-002/2024(H5N1)	111	80764
NS|PP755585.1|A/cattle/Texas/24-008749-002/2024(H5N1)	112	80780
NS|PP755585.1|A/cattle/Texas/24-008749-002/2024(H5N1)	113	80798
NS|PP755585.1|A/cattle/Texas/24-008749-002/2024(H5N1)	114	80376
NS|PP755585.1|A/cattle/Texas/24-008749-002/2024(H5N1)	115	82292
NS|PP755585.1|A/cattle/Texas/24-008749-002/2024(H5N1)	116	83653
NS|PP755585.1|A/cattle/Texas/24-008749-002/2024(H5N1)	117	84037
NS|PP755585.1|A/cattle/Texas/24-008749-002/2024(H5N1)	118	84025
NS|PP755585.1|A/cattle/Texas/24-008749-002/2024(H5N1)	119	83739
NS|PP755585.1|A/cattle/Texas/24-008749-002/2024(H5N1)	120	83799
NS|PP755585.1|A/cattle/Texas/24-008749-002/2024(H5N1)	121	84418
NS|PP755585.1|A/cattle/Texas/24-008749-002/2024(H5N1)	122	84351
NS|PP755585.1|A/cattle/Texas/24-008749-002/2024(H5N1)	123	85086
NS|PP755585.1|A/cattle/Texas/24-008749-002/2024(H5N1)	124	87766
NS|PP755585.1|A/cattle/Texas/24-008749-002/2024(H5N1)	125	72449
NS|PP755585.1|A/cattle/Texas/24-008749-002/2024(H5N1)	126	72439
NS|PP755585.1|A/cattle/Texas/24-008749-002/2024(H5N1)	127	72542
NS|PP755585.1|A/cattle/Texas/24-008749-002/2024(H5N1)	128	72609
NS|PP755585.1|A/cattle/Texas/24-008749-002/2024(H5N1)	129	72789
NS|PP755585.1|A/cattle/Texas/24-008749-002/2024(H5N1)	130	72312
NS|PP755585.1|A/cattle/Texas/24-008749-002/2024(H5N1)	131	73420
NS|PP755585.1|A/cattle/Texas/24-008749-002/2024(H5N1)	132	73097
NS|PP755585.1|A/cattle/Texas/24-008749-002/2024(H5N1)	133	73685
NS|PP755585.1|A/cattle/Texas/24-008749-002/2024(H5N1)	134	73913
NS|PP755585.1|A/cattle/Texas/24-008749-002/2024(H5N1)	135	73932
NS|PP755585.1|A/cattle/Texas/24-008749-002/2024(H5N1)	136	73416
NS|PP755585.1|A/cattle/Texas/24-008749-002/2024(H5N1)	137	73423
NS|PP755585.1|A/cattle/Texas/24-008749-002/2024(H5N1)	138	74607
NS|PP755585.1|A/cattle/Texas/24-008749-002/2024(H5N1)	139	74858
NS|PP755585.1|A/cattle/Texas/24-008749-002/2024(H5N1)	140	76605
NS|PP755585.1|A/cattle/Texas/24-008749-002/2024(H5N1)	141	76328
NS|PP755585.1|A/cattle/Texas/24-008749-002/2024(H5N1)	142	76108
NS|PP755585.1|A/cattle/Texas/24-008749-002/2024(H5N1)	143	76390
NS|PP755585.1|A/cattle/Texas/24-008749-002/2024(H5N1)	144	77678
NS|PP755585.1|A/cattle/Texas/24-008749-002/2024(H5N1)	145	77678
NS|PP755585.1|A/cattle/Texas/24-008749-002/2024(H5N1)	146	80366
NS|PP755585.1|A/cattle/Texas/24-008749-002/2024(H5N1)	147	79902
NS|PP755585.1|A/cattle/Texas/24-008749-002/2024(H5N1)	148	79891
NS|PP755585.1|A/cattle/Texas/24-008749-002/2024(H5N1)	149	81323
NS|PP755585.1|A/cattle/Texas/24-008749-002/2024(H5N1)	150	81293
NS|PP755585.1|A/cattle/Texas/24-008749-002/2024(H5N1)	151	83695
NS|PP755585.1|A/cattle/Texas/24-008749-002/2024(H5N1)	152	84222
NS|PP755585.1|A/cattle/Texas/24-008749-002/2024(H5N1)	153	84802
NS|PP755585.1|A/cattle/Texas/24-008749-002/2024(H5N1)	154	74989
NS|PP755585.1|A/cattle/Texas/24-008749-002/2024(H5N1)	155	73548
NS|PP755585.1|A/cattle/Texas/24-008749-002/2024(H5N1)	156	73882
NS|PP755585.1|A/cattle/Texas/24-008749-002/2024(H5N1)	157	74127
NS|PP755585.1|A/cattle/Texas/24-008749-002/2024(H5N1)	158	74541
NS|PP755585.1|A/cattle/Texas/24-008749-002/2024(H5N1)	159	75001
NS|PP755585.1|A/cattle/Texas/24-008749-002/2024(H5N1)	160	74084
NS|PP755585.1|A/cattle/Texas/24-008749-002/2024(H5N1)	161	74093
NS|PP755585.1|A/cattle/Texas/24-008749-002/2024(H5N1)	162	73578
NS|PP755585.1|A/cattle/Texas/24-008749-002/2024(H5N1)	163	73611
NS|PP755585.1|A/cattle/Texas/24-008749-002/2024(H5N1)	164	76297
NS|PP755585.1|A/cattle/Texas/24-008749-002/2024(H5N1)	165	76228
NS|PP755585.1|A/cattle/Texas/24-008749-002/2024(H5N1)	166	77410
NS|PP755585.1|A/cattle/Texas/24-008749-002/2024(H5N1)	167	70907
NS|PP755585.1|A/cattle/Texas/24-008749-002/2024(H5N1)	168	71106
NS|PP755585.1|A/cattle/Texas/24-008749-002/2024(H5N1)	169	70994
NS|PP755585.1|A/cattle/Texas/24-008749-002/2024(H5N1)	170	72031
NS|PP755585.1|A/cattle/Texas/24-008749-002/2024(H5N1)	171	73027
NS|PP755585.1|A/cattle/Texas/24-008749-002/2024(H5N1)	172	73007
NS|PP755585.1|A/cattle/Texas/24-008749-002/2024(H5N1)	173	72284
NS|PP755585.1|A/cattle/Texas/24-008749-002/2024(H5N1)	174	72285
NS|PP755585.1|A/cattle/Texas/24-008749-002/2024(H5N1)	175	72487
NS|PP755585.1|A/cattle/Texas/24-008749-002/2024(H5N1)	176	73503
NS|PP755585.1|A/cattle/Texas/24-008749-002/2024(H5N1)	177	73121
NS|PP755585.1|A/cattle/Texas/24-008749-002/2024(H5N1)	178	73130
NS|PP755585.1|A/cattle/Texas/24-008749-002/2024(H5N1)	179	71508
NS|PP755585.1|A/cattle/Texas/24-008749-002/2024(H5N1)	180	71371
NS|PP755585.1|A/cattle/Texas/24-008749-002/2024(H5N1)	181	72213
NS|PP755585.1|A/cattle/Texas/24-008749-002/2024(H5N1)	182	72398
NS|PP755585.1|A/cattle/Texas/24-008749-002/2024(H5N1)	183	73403
NS|PP755585.1|A/cattle/Texas/24-008749-002/2024(H5N1)	184	73266
NS|PP755585.1|A/cattle/Texas/24-008749-002/2024(H5N1)	185	72751
NS|PP755585.1|A/cattle/Texas/24-008749-002/2024(H5N1)	186	73420
NS|PP755585.1|A/cattle/Texas/24-008749-002/2024(H5N1)	187	73299
NS|PP755585.1|A/cattle/Texas/24-008749-002/2024(H5N1)	188	74206
NS|PP755585.1|A/cattle/Texas/24-008749-002/2024(H5N1)	189	73700
NS|PP755585.1|A/cattle/Texas/24-008749-002/2024(H5N1)	190	74074
NS|PP755585.1|A/cattle/Texas/24-008749-002/2024(H5N1)	191	74228
NS|PP755585.1|A/cattle/Texas/24-008749-002/2024(H5N1)	192	73494
NS|PP755585.1|A/cattle/Texas/24-008749-002/2024(H5N1)	193	75405
NS|PP755585.1|A/cattle/Texas/24-008749-002/2024(H5N1)	194	75139
NS|PP755585.1|A/cattle/Texas/24-008749-002/2024(H5N1)	195	75174
NS|PP755585.1|A/cattle/Texas/24-008749-002/2024(H5N1)	196	76026
NS|PP755585.1|A/cattle/Texas/24-008749-002/2024(H5N1)	197	75440
NS|PP755585.1|A/cattle/Texas/24-008749-002/2024(H5N1)	198	75398
NS|PP755585.1|A/cattle/Texas/24-008749-002/2024(H5N1)	199	75458
NS|PP755585.1|A/cattle/Texas/24-008749-002/2024(H5N1)	200	76467
NS|PP755585.1|A/cattle/Texas/24-008749-002/2024(H5N1)	201	77312
NS|PP755585.1|A/cattle/Texas/24-008749-002/2024(H5N1)	202	76705
NS|PP755585.1|A/cattle/Texas/24-008749-002/2024(H5N1)	203	77121
NS|PP755585.1|A/cattle/Texas/24-008749-002/2024(H5N1)	204	76708
NS|PP755585.1|A/cattle/Texas/24-008749-002/2024(H5N1)	205	80142
NS|PP755585.1|A/cattle/Texas/24-008749-002/2024(H5N1)	206	80174
NS|PP755585.1|A/cattle/Texas/24-008749-002/2024(H5N1)	207	80255
NS|PP755585.1|A/cattle/Texas/24-008749-002/2024(H5N1)	208	80313
NS|PP755585.1|A/cattle/Texas/24-008749-002/2024(H5N1)	209	79676
NS|PP755585.1|A/cattle/Texas/24-008749-002/2024(H5N1)	210	79795
NS|PP755585.1|A/cattle/Texas/24-008749-002/2024(H5N1)	211	79967
NS|PP755585.1|A/cattle/Texas/24-008749-002/2024(H5N1)	212	82176
NS|PP755585.1|A/cattle/Texas/24-008749-002/2024(H5N1)	213	82176
NS|PP755585.1|A/cattle/Texas/24-008749-002/2024(H5N1)	214	82569
NS|PP755585.1|A/cattle/Texas/24-008749-002/2024(H5N1)	215	82772
NS|PP755585.1|A/cattle/Texas/24-008749-002/2024(H5N1)	216	83190
NS|PP755585.1|A/cattle/Texas/24-008749-002/2024(H5N1)	217	83202
NS|PP755585.1|A/cattle/Texas/24-008749-002/2024(H5N1)	218	83301
NS|PP755585.1|A/cattle/Texas/24-008749-002/2024(H5N1)	219	83248
NS|PP755585.1|A/cattle/Texas/24-008749-002/2024(H5N1)	220	83151
NS|PP755585.1|A/cattle/Texas/24-008749-002/2024(H5N1)	221	83246
NS|PP755585.1|A/cattle/Texas/24-008749-002/2024(H5N1)	222	80920
NS|PP755585.1|A/cattle/Texas/24-008749-002/2024(H5N1)	223	80595
NS|PP755585.1|A/cattle/Texas/24-008749-002/2024(H5N1)	224	80496
NS|PP755585.1|A/cattle/Texas/24-008749-002/2024(H5N1)	225	80485
NS|PP755585.1|A/cattle/Texas/24-008749-002/2024(H5N1)	226	80902
NS|PP755585.1|A/cattle/Texas/24-008749-002/2024(H5N1)	227	78674
NS|PP755585.1|A/cattle/Texas/24-008749-002/2024(H5N1)	228	78805
NS|PP755585.1|A/cattle/Texas/24-008749-002/2024(H5N1)	229	79229
NS|PP755585.1|A/cattle/Texas/24-008749-002/2024(H5N1)	230	79452
NS|PP755585.1|A/cattle/Texas/24-008749-002/2024(H5N1)	231	80349
NS|PP755585.1|A/cattle/Texas/24-008749-002/2024(H5N1)	232	80373
NS|PP755585.1|A/cattle/Texas/24-008749-002/2024(H5N1)	233	80561
NS|PP755585.1|A/cattle/Texas/24-008749-002/2024(H5N1)	234	79786
NS|PP755585.1|A/cattle/Texas/24-008749-002/2024(H5N1)	235	79725
NS|PP755585.1|A/cattle/Texas/24-008749-002/2024(H5N1)	236	80717
NS|PP755585.1|A/cattle/Texas/24-008749-002/2024(H5N1)	237	80777
NS|PP755585.1|A/cattle/Texas/24-008749-002/2024(H5N1)	238	82871
NS|PP755585.1|A/cattle/Texas/24-008749-002/2024(H5N1)	239	81542
NS|PP755585.1|A/cattle/Texas/24-008749-002/2024(H5N1)	240	81685
NS|PP755585.1|A/cattle/Texas/24-008749-002/2024(H5N1)	241	81616
NS|PP755585.1|A/cattle/Texas/24-008749-002/2024(H5N1)	242	81973
NS|PP755585.1|A/cattle/Texas/24-008749-002/2024(H5N1)	243	82110
NS|PP755585.1|A/cattle/Texas/24-008749-002/2024(H5N1)	244	82273
NS|PP755585.1|A/cattle/Texas/24-008749-002/2024(H5N1)	245	81495
NS|PP755585.1|A/cattle/Texas/24-008749-002/2024(H5N1)	246	82938
NS|PP755585.1|A/cattle/Texas/24-008749-002/2024(H5N1)	247	82001
NS|PP755585.1|A/cattle/Texas/24-008749-002/2024(H5N1)	248	81728
NS|PP755585.1|A/cattle/Texas/24-008749-002/2024(H5N1)	249	81518
NS|PP755585.1|A/cattle/Texas/24-008749-002/2024(H5N1)	250	83275
NS|PP755585.1|A/cattle/Texas/24-008749-002/2024(H5N1)	251	83379
NS|PP755585.1|A/cattle/Texas/24-008749-002/2024(H5N1)	252	83449
NS|PP755585.1|A/cattle/Texas/24-008749-002/2024(H5N1)	253	83568
NS|PP755585.1|A/cattle/Texas/24-008749-002/2024(H5N1)	254	81548
NS|PP755585.1|A/cattle/Texas/24-008749-002/2024(H5N1)	255	79802
NS|PP755585.1|A/cattle/Texas/24-008749-002/2024(H5N1)	256	81313
NS|PP755585.1|A/cattle/Texas/24-008749-002/2024(H5N1)	257	82577
NS|PP755585.1|A/cattle/Texas/24-008749-002/2024(H5N1)	258	82496
NS|PP755585.1|A/cattle/Texas/24-008749-002/2024(H5N1)	259	82685
NS|PP755585.1|A/cattle/Texas/24-008749-002/2024(H5N1)	260	80439
NS|PP755585.1|A/cattle/Texas/24-008749-002/2024(H5N1)	261	81082
NS|PP755585.1|A/cattle/Texas/24-008749-002/2024(H5N1)	262	81488
NS|PP755585.1|A/cattle/Texas/24-008749-002/2024(H5N1)	263	81472
NS|PP755585.1|A/cattle/Texas/24-008749-002/2024(H5N1)	264	81192
NS|PP755585.1|A/cattle/Texas/24-008749-002/2024(H5N1)	265	79821
NS|PP755585.1|A/cattle/Texas/24-008749-002/2024(H5N1)	266	82552
NS|PP755585.1|A/cattle/Texas/24-008749-002/2024(H5N1)	267	82754
NS|PP755585.1|A/cattle/Texas/24-008749-002/2024(H5N1)	268	82564
NS|PP755585.1|A/cattle/Texas/24-008749-002/2024(H5N1)	269	82704
NS|PP755585.1|A/cattle/Texas/24-008749-002/2024(H5N1)	270	82260
NS|PP755585.1|A/cattle/Texas/24-008749-002/2024(H5N1)	271	82411
NS|PP755585.1|A/cattle/Texas/24-008749-002/2024(H5N1)	272	81660
NS|PP755585.1|A/cattle/Texas/24-008749-002/2024(H5N1)	273	80638
NS|PP755585.1|A/cattle/Texas/24-008749-002/2024(H5N1)	274	81115
NS|PP755585.1|A/cattle/Texas/24-008749-002/2024(H5N1)	275	78413
NS|PP755585.1|A/cattle/Texas/24-008749-002/2024(H5N1)	276	77706
NS|PP755585.1|A/cattle/Texas/24-008749-002/2024(H5N1)	277	77722
NS|PP755585.1|A/cattle/Texas/24-008749-002/2024(H5N1)	278	78644
NS|PP755585.1|A/cattle/Texas/24-008749-002/2024(H5N1)	279	78578
NS|PP755585.1|A/cattle/Texas/24-008749-002/2024(H5N1)	280	78413
NS|PP755585.1|A/cattle/Texas/24-008749-002/2024(H5N1)	281	80277
NS|PP755585.1|A/cattle/Texas/24-008749-002/2024(H5N1)	282	80263
NS|PP755585.1|A/cattle/Texas/24-008749-002/2024(H5N1)	283	80941
NS|PP755585.1|A/cattle/Texas/24-008749-002/2024(H5N1)	284	80892
NS|PP755585.1|A/cattle/Texas/24-008749-002/2024(H5N1)	285	80849
NS|PP755585.1|A/cattle/Texas/24-008749-002/2024(H5N1)	286	80938
NS|PP755585.1|A/cattle/Texas/24-008749-002/2024(H5N1)	287	85608
NS|PP755585.1|A/cattle/Texas/24-008749-002/2024(H5N1)	288	85532
NS|PP755585.1|A/cattle/Texas/24-008749-002/2024(H5N1)	289	84560
NS|PP755585.1|A/cattle/Texas/24-008749-002/2024(H5N1)	290	82469
NS|PP755585.1|A/cattle/Texas/24-008749-002/2024(H5N1)	291	84001
NS|PP755585.1|A/cattle/Texas/24-008749-002/2024(H5N1)	292	83503
NS|PP755585.1|A/cattle/Texas/24-008749-002/2024(H5N1)	293	84172
NS|PP755585.1|A/cattle/Texas/24-008749-002/2024(H5N1)	294	84539
NS|PP755585.1|A/cattle/Texas/24-008749-002/2024(H5N1)	295	84574
NS|PP755585.1|A/cattle/Texas/24-008749-002/2024(H5N1)	296	84344
NS|PP755585.1|A/cattle/Texas/24-008749-002/2024(H5N1)	297	84352
NS|PP755585.1|A/cattle/Texas/24-008749-002/2024(H5N1)	298	84475
NS|PP755585.1|A/cattle/Texas/24-008749-002/2024(H5N1)	299	84555
NS|PP755585.1|A/cattle/Texas/24-008749-002/2024(H5N1)	300	83278
NS|PP755585.1|A/cattle/Texas/24-008749-002/2024(H5N1)	301	83703
NS|PP755585.1|A/cattle/Texas/24-008749-002/2024(H5N1)	302	81286
NS|PP755585.1|A/cattle/Texas/24-008749-002/2024(H5N1)	303	81071
NS|PP755585.1|A/cattle/Texas/24-008749-002/2024(H5N1)	304	80657
NS|PP755585.1|A/cattle/Texas/24-008749-002/2024(H5N1)	305	83416
NS|PP755585.1|A/cattle/Texas/24-008749-002/2024(H5N1)	306	84680
NS|PP755585.1|A/cattle/Texas/24-008749-002/2024(H5N1)	307	84886
NS|PP755585.1|A/cattle/Texas/24-008749-002/2024(H5N1)	308	84795
NS|PP755585.1|A/cattle/Texas/24-008749-002/2024(H5N1)	309	84287
NS|PP755585.1|A/cattle/Texas/24-008749-002/2024(H5N1)	310	84073
NS|PP755585.1|A/cattle/Texas/24-008749-002/2024(H5N1)	311	84383
NS|PP755585.1|A/cattle/Texas/24-008749-002/2024(H5N1)	312	85237
NS|PP755585.1|A/cattle/Texas/24-008749-002/2024(H5N1)	313	86207
NS|PP755585.1|A/cattle/Texas/24-008749-002/2024(H5N1)	314	83365
NS|PP755585.1|A/cattle/Texas/24-008749-002/2024(H5N1)	315	82168
NS|PP755585.1|A/cattle/Texas/24-008749-002/2024(H5N1)	316	81964
NS|PP755585.1|A/cattle/Texas/24-008749-002/2024(H5N1)	317	82354
NS|PP755585.1|A/cattle/Texas/24-008749-002/2024(H5N1)	318	82255
NS|PP755585.1|A/cattle/Texas/24-008749-002/2024(H5N1)	319	82976
NS|PP755585.1|A/cattle/Texas/24-008749-002/2024(H5N1)	320	82848
NS|PP755585.1|A/cattle/Texas/24-008749-002/2024(H5N1)	321	81612
NS|PP755585.1|A/cattle/Texas/24-008749-002/2024(H5N1)	322	80843
NS|PP755585.1|A/cattle/Texas/24-008749-002/2024(H5N1)	323	81287
NS|PP755585.1|A/cattle/Texas/24-008749-002/2024(H5N1)	324	80823
NS|PP755585.1|A/cattle/Texas/24-008749-002/2024(H5N1)	325	80803
NS|PP755585.1|A/cattle/Texas/24-008749-002/2024(H5N1)	326	80594
NS|PP755585.1|A/cattle/Texas/24-008749-002/2024(H5N1)	327	79778
NS|PP755585.1|A/cattle/Texas/24-008749-002/2024(H5N1)	328	79726
NS|PP755585.1|A/cattle/Texas/24-008749-002/2024(H5N1)	329	79785
NS|PP755585.1|A/cattle/Texas/24-008749-002/2024(H5N1)	330	79634
NS|PP755585.1|A/cattle/Texas/24-008749-002/2024(H5N1)	331	79952
NS|PP755585.1|A/cattle/Texas/24-008749-002/2024(H5N1)	332	78738
NS|PP755585.1|A/cattle/Texas/24-008749-002/2024(H5N1)	333	78687
NS|PP755585.1|A/cattle/Texas/24-008749-002/2024(H5N1)	334	77910
NS|PP755585.1|A/cattle/Texas/24-008749-002/2024(H5N1)	335	77889
NS|PP755585.1|A/cattle/Texas/24-008749-002/2024(H5N1)	336	77823
NS|PP755585.1|A/cattle/Texas/24-008749-002/2024(H5N1)	337	78110
NS|PP755585.1|A/cattle/Texas/24-008749-002/2024(H5N1)	338	78327
NS|PP755585.1|A/cattle/Texas/24-008749-002/2024(H5N1)	339	77109
NS|PP755585.1|A/cattle/Texas/24-008749-002/2024(H5N1)	340	76903
NS|PP755585.1|A/cattle/Texas/24-008749-002/2024(H5N1)	341	77820
NS|PP755585.1|A/cattle/Texas/24-008749-002/2024(H5N1)	342	78692
NS|PP755585.1|A/cattle/Texas/24-008749-002/2024(H5N1)	343	77091
NS|PP755585.1|A/cattle/Texas/24-008749-002/2024(H5N1)	344	77387
NS|PP755585.1|A/cattle/Texas/24-008749-002/2024(H5N1)	345	77798
NS|PP755585.1|A/cattle/Texas/24-008749-002/2024(H5N1)	346	76844
NS|PP755585.1|A/cattle/Texas/24-008749-002/2024(H5N1)	347	80465
NS|PP755585.1|A/cattle/Texas/24-008749-002/2024(H5N1)	348	80613
NS|PP755585.1|A/cattle/Texas/24-008749-002/2024(H5N1)	349	80635
NS|PP755585.1|A/cattle/Texas/24-008749-002/2024(H5N1)	350	79919
NS|PP755585.1|A/cattle/Texas/24-008749-002/2024(H5N1)	351	78870
NS|PP755585.1|A/cattle/Texas/24-008749-002/2024(H5N1)	352	78596
NS|PP755585.1|A/cattle/Texas/24-008749-002/2024(H5N1)	353	81334
NS|PP755585.1|A/cattle/Texas/24-008749-002/2024(H5N1)	354	82593
NS|PP755585.1|A/cattle/Texas/24-008749-002/2024(H5N1)	355	83660
NS|PP755585.1|A/cattle/Texas/24-008749-002/2024(H5N1)	356	79881
NS|PP755585.1|A/cattle/Texas/24-008749-002/2024(H5N1)	357	80070
NS|PP755585.1|A/cattle/Texas/24-008749-002/2024(H5N1)	358	80607
NS|PP755585.1|A/cattle/Texas/24-008749-002/2024(H5N1)	359	81060
NS|PP755585.1|A/cattle/Texas/24-008749-002/2024(H5N1)	360	81752
NS|PP755585.1|A/cattle/Texas/24-008749-002/2024(H5N1)	361	81302
NS|PP755585.1|A/cattle/Texas/24-008749-002/2024(H5N1)	362	78343
NS|PP755585.1|A/cattle/Texas/24-008749-002/2024(H5N1)	363	78963
NS|PP755585.1|A/cattle/Texas/24-008749-002/2024(H5N1)	364	79842
NS|PP755585.1|A/cattle/Texas/24-008749-002/2024(H5N1)	365	81725
NS|PP755585.1|A/cattle/Texas/24-008749-002/2024(H5N1)	366	81547
NS|PP755585.1|A/cattle/Texas/24-008749-002/2024(H5N1)	367	83636
NS|PP755585.1|A/cattle/Texas/24-008749-002/2024(H5N1)	368	83687
NS|PP755585.1|A/cattle/Texas/24-008749-002/2024(H5N1)	369	84115
NS|PP755585.1|A/cattle/Texas/24-008749-002/2024(H5N1)	370	84326
NS|PP755585.1|A/cattle/Texas/24-008749-002/2024(H5N1)	371	84252
NS|PP755585.1|A/cattle/Texas/24-008749-002/2024(H5N1)	372	83942
NS|PP755585.1|A/cattle/Texas/24-008749-002/2024(H5N1)	373	85159
NS|PP755585.1|A/cattle/Texas/24-008749-002/2024(H5N1)	374	85109
NS|PP755585.1|A/cattle/Texas/24-008749-002/2024(H5N1)	375	85424
NS|PP755585.1|A/cattle/Texas/24-008749-002/2024(H5N1)	376	84827
NS|PP755585.1|A/cattle/Texas/24-008749-002/2024(H5N1)	377	84721
NS|PP755585.1|A/cattle/Texas/24-008749-002/2024(H5N1)	378	86125
NS|PP755585.1|A/cattle/Texas/24-008749-002/2024(H5N1)	379	86070
NS|PP755585.1|A/cattle/Texas/24-008749-002/2024(H5N1)	380	87300
NS|PP755585.1|A/cattle/Texas/24-008749-002/2024(H5N1)	381	86782
NS|PP755585.1|A/cattle/Texas/24-008749-002/2024(H5N1)	382	85981
NS|PP755585.1|A/cattle/Texas/24-008749-002/2024(H5N1)	383	86129
NS|PP755585.1|A/cattle/Texas/24-008749-002/2024(H5N1)	384	85840
NS|PP755585.1|A/cattle/Texas/24-008749-002/2024(H5N1)	385	86357
NS|PP755585.1|A/cattle/Texas/24-008749-002/2024(H5N1)	386	86440
NS|PP755585.1|A/cattle/Texas/24-008749-002/2024(H5N1)	387	85280
NS|PP755585.1|A/cattle/Texas/24-008749-002/2024(H5N1)	388	84867
NS|PP755585.1|A/cattle/Texas/24-008749-002/2024(H5N1)	389	82858
NS|PP755585.1|A/cattle/Texas/24-008749-002/2024(H5N1)	390	82765
NS|PP755585.1|A/cattle/Texas/24-008749-002/2024(H5N1)	391	82276
NS|PP755585.1|A/cattle/Texas/24-008749-002/2024(H5N1)	392	82353
NS|PP755585.1|A/cattle/Texas/24-008749-002/2024(H5N1)	393	82076
NS|PP755585.1|A/cattle/Texas/24-008749-002/2024(H5N1)	394	82252
NS|PP755585.1|A/cattle/Texas/24-008749-002/2024(H5N1)	395	81373
NS|PP755585.1|A/cattle/Texas/24-008749-002/2024(H5N1)	396	81854
NS|PP755585.1|A/cattle/Texas/24-008749-002/2024(H5N1)	397	80428
NS|PP755585.1|A/cattle/Texas/24-008749-002/2024(H5N1)	398	81866
NS|PP755585.1|A/cattle/Texas/24-008749-002/2024(H5N1)	399	81418
NS|PP755585.1|A/cattle/Texas/24-008749-002/2024(H5N1)	400	81459
NS|PP755585.1|A/cattle/Texas/24-008749-002/2024(H5N1)	401	81999
NS|PP755585.1|A/cattle/Texas/24-008749-002/2024(H5N1)	402	81736
NS|PP755585.1|A/cattle/Texas/24-008749-002/2024(H5N1)	403	81389
NS|PP755585.1|A/cattle/Texas/24-008749-002/2024(H5N1)	404	81882
NS|PP755585.1|A/cattle/Texas/24-008749-002/2024(H5N1)	405	82195
NS|PP755585.1|A/cattle/Texas/24-008749-002/2024(H5N1)	406	82388
NS|PP755585.1|A/cattle/Texas/24-008749-002/2024(H5N1)	407	80786
NS|PP755585.1|A/cattle/Texas/24-008749-002/2024(H5N1)	408	79703
NS|PP755585.1|A/cattle/Texas/24-008749-002/2024(H5N1)	409	81369
NS|PP755585.1|A/cattle/Texas/24-008749-002/2024(H5N1)	410	81138
NS|PP755585.1|A/cattle/Texas/24-008749-002/2024(H5N1)	411	81423
NS|PP755585.1|A/cattle/Texas/24-008749-002/2024(H5N1)	412	81361
NS|PP755585.1|A/cattle/Texas/24-008749-002/2024(H5N1)	413	81205
NS|PP755585.1|A/cattle/Texas/24-008749-002/2024(H5N1)	414	80389
NS|PP755585.1|A/cattle/Texas/24-008749-002/2024(H5N1)	415	80222
NS|PP755585.1|A/cattle/Texas/24-008749-002/2024(H5N1)	416	80234
NS|PP755585.1|A/cattle/Texas/24-008749-002/2024(H5N1)	417	77686
NS|PP755585.1|A/cattle/Texas/24-008749-002/2024(H5N1)	418	77609
NS|PP755585.1|A/cattle/Texas/24-008749-002/2024(H5N1)	419	77615
NS|PP755585.1|A/cattle/Texas/24-008749-002/2024(H5N1)	420	79259
NS|PP755585.1|A/cattle/Texas/24-008749-002/2024(H5N1)	421	79439
NS|PP755585.1|A/cattle/Texas/24-008749-002/2024(H5N1)	422	83393
NS|PP755585.1|A/cattle/Texas/24-008749-002/2024(H5N1)	423	83733
NS|PP755585.1|A/cattle/Texas/24-008749-002/2024(H5N1)	424	83783
NS|PP755585.1|A/cattle/Texas/24-008749-002/2024(H5N1)	425	83622
NS|PP755585.1|A/cattle/Texas/24-008749-002/2024(H5N1)	426	83579
NS|PP755585.1|A/cattle/Texas/24-008749-002/2024(H5N1)	427	83538
NS|PP755585.1|A/cattle/Texas/24-008749-002/2024(H5N1)	428	88845
NS|PP755585.1|A/cattle/Texas/24-008749-002/2024(H5N1)	429	87370
NS|PP755585.1|A/cattle/Texas/24-008749-002/2024(H5N1)	430	86542
NS|PP755585.1|A/cattle/Texas/24-008749-002/2024(H5N1)	431	86590
NS|PP755585.1|A/cattle/Texas/24-008749-002/2024(H5N1)	432	87860
NS|PP755585.1|A/cattle/Texas/24-008749-002/2024(H5N1)	433	89178
NS|PP755585.1|A/cattle/Texas/24-008749-002/2024(H5N1)	434	87689
NS|PP755585.1|A/cattle/Texas/24-008749-002/2024(H5N1)	435	87650
NS|PP755585.1|A/cattle/Texas/24-008749-002/2024(H5N1)	436	87598
NS|PP755585.1|A/cattle/Texas/24-008749-002/2024(H5N1)	437	82388
NS|PP755585.1|A/cattle/Texas/24-008749-002/2024(H5N1)	438	85650
NS|PP755585.1|A/cattle/Texas/24-008749-002/2024(H5N1)	439	84935
NS|PP755585.1|A/cattle/Texas/24-008749-002/2024(H5N1)	440	85509
NS|PP755585.1|A/cattle/Texas/24-008749-002/2024(H5N1)	441	85523
NS|PP755585.1|A/cattle/Texas/24-008749-002/2024(H5N1)	442	82997
NS|PP755585.1|A/cattle/Texas/24-008749-002/2024(H5N1)	443	83236
NS|PP755585.1|A/cattle/Texas/24-008749-002/2024(H5N1)	444	82762
NS|PP755585.1|A/cattle/Texas/24-008749-002/2024(H5N1)	445	82365
NS|PP755585.1|A/cattle/Texas/24-008749-002/2024(H5N1)	446	82025
NS|PP755585.1|A/cattle/Texas/24-008749-002/2024(H5N1)	447	80070
NS|PP755585.1|A/cattle/Texas/24-008749-002/2024(H5N1)	448	80185
NS|PP755585.1|A/cattle/Texas/24-008749-002/2024(H5N1)	449	80724
NS|PP755585.1|A/cattle/Texas/24-008749-002/2024(H5N1)	450	80654
NS|PP755585.1|A/cattle/Texas/24-008749-002/2024(H5N1)	451	80963
NS|PP755585.1|A/cattle/Texas/24-008749-002/2024(H5N1)	452	81025
NS|PP755585.1|A/cattle/Texas/24-008749-002/2024(H5N1)	453	80645
NS|PP755585.1|A/cattle/Texas/24-008749-002/2024(H5N1)	454	81206
NS|PP755585.1|A/cattle/Texas/24-008749-002/2024(H5N1)	455	81305
NS|PP755585.1|A/cattle/Texas/24-008749-002/2024(H5N1)	456	78867
NS|PP755585.1|A/cattle/Texas/24-008749-002/2024(H5N1)	457	77854
NS|PP755585.1|A/cattle/Texas/24-008749-002/2024(H5N1)	458	77417
NS|PP755585.1|A/cattle/Texas/24-008749-002/2024(H5N1)	459	77618
NS|PP755585.1|A/cattle/Texas/24-008749-002/2024(H5N1)	460	77223
NS|PP755585.1|A/cattle/Texas/24-008749-002/2024(H5N1)	461	78148
NS|PP755585.1|A/cattle/Texas/24-008749-002/2024(H5N1)	462	77987
NS|PP755585.1|A/cattle/Texas/24-008749-002/2024(H5N1)	463	77027
NS|PP755585.1|A/cattle/Texas/24-008749-002/2024(H5N1)	464	76411
NS|PP755585.1|A/cattle/Texas/24-008749-002/2024(H5N1)	465	76206
NS|PP755585.1|A/cattle/Texas/24-008749-002/2024(H5N1)	466	76227
NS|PP755585.1|A/cattle/Texas/24-008749-002/2024(H5N1)	467	76752
NS|PP755585.1|A/cattle/Texas/24-008749-002/2024(H5N1)	468	76333
NS|PP755585.1|A/cattle/Texas/24-008749-002/2024(H5N1)	469	76323
NS|PP755585.1|A/cattle/Texas/24-008749-002/2024(H5N1)	470	75203
NS|PP755585.1|A/cattle/Texas/24-008749-002/2024(H5N1)	471	75179
NS|PP755585.1|A/cattle/Texas/24-008749-002/2024(H5N1)	472	75132
NS|PP755585.1|A/cattle/Texas/24-008749-002/2024(H5N1)	473	76421
NS|PP755585.1|A/cattle/Texas/24-008749-002/2024(H5N1)	474	76130
NS|PP755585.1|A/cattle/Texas/24-008749-002/2024(H5N1)	475	76109
NS|PP755585.1|A/cattle/Texas/24-008749-002/2024(H5N1)	476	78559
NS|PP755585.1|A/cattle/Texas/24-008749-002/2024(H5N1)	477	78946
NS|PP755585.1|A/cattle/Texas/24-008749-002/2024(H5N1)	478	79065
NS|PP755585.1|A/cattle/Texas/24-008749-002/2024(H5N1)	479	79067
NS|PP755585.1|A/cattle/Texas/24-008749-002/2024(H5N1)	480	79459
NS|PP755585.1|A/cattle/Texas/24-008749-002/2024(H5N1)	481	79452
NS|PP755585.1|A/cattle/Texas/24-008749-002/2024(H5N1)	482	81287
NS|PP755585.1|A/cattle/Texas/24-008749-002/2024(H5N1)	483	81531
NS|PP755585.1|A/cattle/Texas/24-008749-002/2024(H5N1)	484	82598
NS|PP755585.1|A/cattle/Texas/24-008749-002/2024(H5N1)	485	82925
NS|PP755585.1|A/cattle/Texas/24-008749-002/2024(H5N1)	486	83100
NS|PP755585.1|A/cattle/Texas/24-008749-002/2024(H5N1)	487	83525
NS|PP755585.1|A/cattle/Texas/24-008749-002/2024(H5N1)	488	82887
NS|PP755585.1|A/cattle/Texas/24-008749-002/2024(H5N1)	489	83067
NS|PP755585.1|A/cattle/Texas/24-008749-002/2024(H5N1)	490	83578
NS|PP755585.1|A/cattle/Texas/24-008749-002/2024(H5N1)	491	82805
NS|PP755585.1|A/cattle/Texas/24-008749-002/2024(H5N1)	492	87439
NS|PP755585.1|A/cattle/Texas/24-008749-002/2024(H5N1)	493	86704
NS|PP755585.1|A/cattle/Texas/24-008749-002/2024(H5N1)	494	86008
NS|PP755585.1|A/cattle/Texas/24-008749-002/2024(H5N1)	495	85761
NS|PP755585.1|A/cattle/Texas/24-008749-002/2024(H5N1)	496	85071
NS|PP755585.1|A/cattle/Texas/24-008749-002/2024(H5N1)	497	85737
NS|PP755585.1|A/cattle/Texas/24-008749-002/2024(H5N1)	498	85571
NS|PP755585.1|A/cattle/Texas/24-008749-002/2024(H5N1)	499	85586
NS|PP755585.1|A/cattle/Texas/24-008749-002/2024(H5N1)	500	85436
NS|PP755585.1|A/cattle/Texas/24-008749-002/2024(H5N1)	501	85683
NS|PP755585.1|A/cattle/Texas/24-008749-002/2024(H5N1)	502	86938
NS|PP755585.1|A/cattle/Texas/24-008749-002/2024(H5N1)	503	89592
NS|PP755585.1|A/cattle/Texas/24-008749-002/2024(H5N1)	504	87398
NS|PP755585.1|A/cattle/Texas/24-008749-002/2024(H5N1)	505	85535
NS|PP755585.1|A/cattle/Texas/24-008749-002/2024(H5N1)	506	86451
NS|PP755585.1|A/cattle/Texas/24-008749-002/2024(H5N1)	507	86601
NS|PP755585.1|A/cattle/Texas/24-008749-002/2024(H5N1)	508	86680
NS|PP755585.1|A/cattle/Texas/24-008749-002/2024(H5N1)	509	88196
NS|PP755585.1|A/cattle/Texas/24-008749-002/2024(H5N1)	510	87694
NS|PP755585.1|A/cattle/Texas/24-008749-002/2024(H5N1)	511	87473
NS|PP755585.1|A/cattle/Texas/24-008749-002/2024(H5N1)	512	87141
NS|PP755585.1|A/cattle/Texas/24-008749-002/2024(H5N1)	513	86459
NS|PP755585.1|A/cattle/Texas/24-008749-002/2024(H5N1)	514	85898
NS|PP755585.1|A/cattle/Texas/24-008749-002/2024(H5N1)	515	83425
NS|PP755585.1|A/cattle/Texas/24-008749-002/2024(H5N1)	516	83353
NS|PP755585.1|A/cattle/Texas/24-008749-002/2024(H5N1)	517	83195
NS|PP755585.1|A/cattle/Texas/24-008749-002/2024(H5N1)	518	81013
NS|PP755585.1|A/cattle/Texas/24-008749-002/2024(H5N1)	519	81170
NS|PP755585.1|A/cattle/Texas/24-008749-002/2024(H5N1)	520	80637
NS|PP755585.1|A/cattle/Texas/24-008749-002/2024(H5N1)	521	80402
NS|PP755585.1|A/cattle/Texas/24-008749-002/2024(H5N1)	522	80375
NS|PP755585.1|A/cattle/Texas/24-008749-002/2024(H5N1)	523	80351
NS|PP755585.1|A/cattle/Texas/24-008749-002/2024(H5N1)	524	79637
NS|PP755585.1|A/cattle/Texas/24-008749-002/2024(H5N1)	525	79567
NS|PP755585.1|A/cattle/Texas/24-008749-002/2024(H5N1)	526	79225
NS|PP755585.1|A/cattle/Texas/24-008749-002/2024(H5N1)	527	79904
NS|PP755585.1|A/cattle/Texas/24-008749-002/2024(H5N1)	528	79820
NS|PP755585.1|A/cattle/Texas/24-008749-002/2024(H5N1)	529	78517
NS|PP755585.1|A/cattle/Texas/24-008749-002/2024(H5N1)	530	79779
NS|PP755585.1|A/cattle/Texas/24-008749-002/2024(H5N1)	531	79791
NS|PP755585.1|A/cattle/Texas/24-008749-002/2024(H5N1)	532	80127
NS|PP755585.1|A/cattle/Texas/24-008749-002/2024(H5N1)	533	79815
NS|PP755585.1|A/cattle/Texas/24-008749-002/2024(H5N1)	534	79667
NS|PP755585.1|A/cattle/Texas/24-008749-002/2024(H5N1)	535	79769
NS|PP755585.1|A/cattle/Texas/24-008749-002/2024(H5N1)	536	79244
NS|PP755585.1|A/cattle/Texas/24-008749-002/2024(H5N1)	537	79279
NS|PP755585.1|A/cattle/Texas/24-008749-002/2024(H5N1)	538	79677
NS|PP755585.1|A/cattle/Texas/24-008749-002/2024(H5N1)	539	79727
NS|PP755585.1|A/cattle/Texas/24-008749-002/2024(H5N1)	540	80681
NS|PP755585.1|A/cattle/Texas/24-008749-002/2024(H5N1)	541	80255
NS|PP755585.1|A/cattle/Texas/24-008749-002/2024(H5N1)	542	80108
NS|PP755585.1|A/cattle/Texas/24-008749-002/2024(H5N1)	543	80937
NS|PP755585.1|A/cattle/Texas/24-008749-002/2024(H5N1)	544	80771
NS|PP755585.1|A/cattle/Texas/24-008749-002/2024(H5N1)	545	81095
NS|PP755585.1|A/cattle/Texas/24-008749-002/2024(H5N1)	546	81077
NS|PP755585.1|A/cattle/Texas/24-008749-002/2024(H5N1)	547	80414
NS|PP755585.1|A/cattle/Texas/24-008749-002/2024(H5N1)	548	80552
NS|PP755585.1|A/cattle/Texas/24-008749-002/2024(H5N1)	549	79022
NS|PP755585.1|A/cattle/Texas/24-008749-002/2024(H5N1)	550	78171
NS|PP755585.1|A/cattle/Texas/24-008749-002/2024(H5N1)	551	79141
NS|PP755585.1|A/cattle/Texas/24-008749-002/2024(H5N1)	552	78208
NS|PP755585.1|A/cattle/Texas/24-008749-002/2024(H5N1)	553	80265
NS|PP755585.1|A/cattle/Texas/24-008749-002/2024(H5N1)	554	80040
NS|PP755585.1|A/cattle/Texas/24-008749-002/2024(H5N1)	555	80065
NS|PP755585.1|A/cattle/Texas/24-008749-002/2024(H5N1)	556	80362
NS|PP755585.1|A/cattle/Texas/24-008749-002/2024(H5N1)	557	80102
NS|PP755585.1|A/cattle/Texas/24-008749-002/2024(H5N1)	558	80133
NS|PP755585.1|A/cattle/Texas/24-008749-002/2024(H5N1)	559	79932
NS|PP755585.1|A/cattle/Texas/24-008749-002/2024(H5N1)	560	78406
NS|PP755585.1|A/cattle/Texas/24-008749-002/2024(H5N1)	561	78867
NS|PP755585.1|A/cattle/Texas/24-008749-002/2024(H5N1)	562	78020
NS|PP755585.1|A/cattle/Texas/24-008749-002/2024(H5N1)	563	78390
NS|PP755585.1|A/cattle/Texas/24-008749-002/2024(H5N1)	564	81818
NS|PP755585.1|A/cattle/Texas/24-008749-002/2024(H5N1)	565	82037
NS|PP755585.1|A/cattle/Texas/24-008749-002/2024(H5N1)	566	82264
NS|PP755585.1|A/cattle/Texas/24-008749-002/2024(H5N1)	567	83914
NS|PP755585.1|A/cattle/Texas/24-008749-002/2024(H5N1)	568	83866
NS|PP755585.1|A/cattle/Texas/24-008749-002/2024(H5N1)	569	84357
NS|PP755585.1|A/cattle/Texas/24-008749-002/2024(H5N1)	570	82525
NS|PP755585.1|A/cattle/Texas/24-008749-002/2024(H5N1)	571	82123
NS|PP755585.1|A/cattle/Texas/24-008749-002/2024(H5N1)	572	82674
NS|PP755585.1|A/cattle/Texas/24-008749-002/2024(H5N1)	573	77827
NS|PP755585.1|A/cattle/Texas/24-008749-002/2024(H5N1)	574	78970
NS|PP755585.1|A/cattle/Texas/24-008749-002/2024(H5N1)	575	79006
NS|PP755585.1|A/cattle/Texas/24-008749-002/2024(H5N1)	576	78992
NS|PP755585.1|A/cattle/Texas/24-008749-002/2024(H5N1)	577	82825
NS|PP755585.1|A/cattle/Texas/24-008749-002/2024(H5N1)	578	82412
NS|PP755585.1|A/cattle/Texas/24-008749-002/2024(H5N1)	579	77779
NS|PP755585.1|A/cattle/Texas/24-008749-002/2024(H5N1)	580	77761
NS|PP755585.1|A/cattle/Texas/24-008749-002/2024(H5N1)	581	76267
NS|PP755585.1|A/cattle/Texas/24-008749-002/2024(H5N1)	582	76786
NS|PP755585.1|A/cattle/Texas/24-008749-002/2024(H5N1)	583	75143
NS|PP755585.1|A/cattle/Texas/24-008749-002/2024(H5N1)	584	75139
NS|PP755585.1|A/cattle/Texas/24-008749-002/2024(H5N1)	585	75124
NS|PP755585.1|A/cattle/Texas/24-008749-002/2024(H5N1)	586	75146
NS|PP755585.1|A/cattle/Texas/24-008749-002/2024(H5N1)	587	79085
NS|PP755585.1|A/cattle/Texas/24-008749-002/2024(H5N1)	588	79141
NS|PP755585.1|A/cattle/Texas/24-008749-002/2024(H5N1)	589	77654
NS|PP755585.1|A/cattle/Texas/24-008749-002/2024(H5N1)	590	77731
NS|PP755585.1|A/cattle/Texas/24-008749-002/2024(H5N1)	591	76748
NS|PP755585.1|A/cattle/Texas/24-008749-002/2024(H5N1)	592	76983
NS|PP755585.1|A/cattle/Texas/24-008749-002/2024(H5N1)	593	77008
NS|PP755585.1|A/cattle/Texas/24-008749-002/2024(H5N1)	594	76844
NS|PP755585.1|A/cattle/Texas/24-008749-002/2024(H5N1)	595	76642
NS|PP755585.1|A/cattle/Texas/24-008749-002/2024(H5N1)	596	76561
NS|PP755585.1|A/cattle/Texas/24-008749-002/2024(H5N1)	597	76666
NS|PP755585.1|A/cattle/Texas/24-008749-002/2024(H5N1)	598	75324
NS|PP755585.1|A/cattle/Texas/24-008749-002/2024(H5N1)	599	75455
NS|PP755585.1|A/cattle/Texas/24-008749-002/2024(H5N1)	600	75096
NS|PP755585.1|A/cattle/Texas/24-008749-002/2024(H5N1)	601	74917
NS|PP755585.1|A/cattle/Texas/24-008749-002/2024(H5N1)	602	74619
NS|PP755585.1|A/cattle/Texas/24-008749-002/2024(H5N1)	603	74867
NS|PP755585.1|A/cattle/Texas/24-008749-002/2024(H5N1)	604	74977
NS|PP755585.1|A/cattle/Texas/24-008749-002/2024(H5N1)	605	74196
NS|PP755585.1|A/cattle/Texas/24-008749-002/2024(H5N1)	606	74039
NS|PP755585.1|A/cattle/Texas/24-008749-002/2024(H5N1)	607	74034
NS|PP755585.1|A/cattle/Texas/24-008749-002/2024(H5N1)	608	73717
NS|PP755585.1|A/cattle/Texas/24-008749-002/2024(H5N1)	609	74511
NS|PP755585.1|A/cattle/Texas/24-008749-002/2024(H5N1)	610	74270
NS|PP755585.1|A/cattle/Texas/24-008749-002/2024(H5N1)	611	74263
NS|PP755585.1|A/cattle/Texas/24-008749-002/2024(H5N1)	612	73174
NS|PP755585.1|A/cattle/Texas/24-008749-002/2024(H5N1)	613	72991
NS|PP755585.1|A/cattle/Texas/24-008749-002/2024(H5N1)	614	73773
NS|PP755585.1|A/cattle/Texas/24-008749-002/2024(H5N1)	615	73930
NS|PP755585.1|A/cattle/Texas/24-008749-002/2024(H5N1)	616	73857
NS|PP755585.1|A/cattle/Texas/24-008749-002/2024(H5N1)	617	75579
NS|PP755585.1|A/cattle/Texas/24-008749-002/2024(H5N1)	618	75768
NS|PP755585.1|A/cattle/Texas/24-008749-002/2024(H5N1)	619	75923
NS|PP755585.1|A/cattle/Texas/24-008749-002/2024(H5N1)	620	75974
NS|PP755585.1|A/cattle/Texas/24-008749-002/2024(H5N1)	621	75761
NS|PP755585.1|A/cattle/Texas/24-008749-002/2024(H5N1)	622	76024
NS|PP755585.1|A/cattle/Texas/24-008749-002/2024(H5N1)	623	74748
NS|PP755585.1|A/cattle/Texas/24-008749-002/2024(H5N1)	624	75877
NS|PP755585.1|A/cattle/Texas/24-008749-002/2024(H5N1)	625	77732
NS|PP755585.1|A/cattle/Texas/24-008749-002/2024(H5N1)	626	75163
NS|PP755585.1|A/cattle/Texas/24-008749-002/2024(H5N1)	627	75337
NS|PP755585.1|A/cattle/Texas/24-008749-002/2024(H5N1)	628	74972
NS|PP755585.1|A/cattle/Texas/24-008749-002/2024(H5N1)	629	75919
NS|PP755585.1|A/cattle/Texas/24-008749-002/2024(H5N1)	630	75921
NS|PP755585.1|A/cattle/Texas/24-008749-002/2024(H5N1)	631	75355
NS|PP755585.1|A/cattle/Texas/24-008749-002/2024(H5N1)	632	75754
NS|PP755585.1|A/cattle/Texas/24-008749-002/2024(H5N1)	633	73592
NS|PP755585.1|A/cattle/Texas/24-008749-002/2024(H5N1)	634	75678
NS|PP755585.1|A/cattle/Texas/24-008749-002/2024(H5N1)	635	81011
NS|PP755585.1|A/cattle/Texas/24-008749-002/2024(H5N1)	636	80650
NS|PP755585.1|A/cattle/Texas/24-008749-002/2024(H5N1)	637	80686
NS|PP755585.1|A/cattle/Texas/24-008749-002/2024(H5N1)	638	81811
NS|PP755585.1|A/cattle/Texas/24-008749-002/2024(H5N1)	639	81892
NS|PP755585.1|A/cattle/Texas/24-008749-002/2024(H5N1)	640	82480
NS|PP755585.1|A/cattle/Texas/24-008749-002/2024(H5N1)	641	81760
NS|PP755585.1|A/cattle/Texas/24-008749-002/2024(H5N1)	642	81907
NS|PP755585.1|A/cattle/Texas/24-008749-002/2024(H5N1)	643	76791
NS|PP755585.1|A/cattle/Texas/24-008749-002/2024(H5N1)	644	77816
NS|PP755585.1|A/cattle/Texas/24-008749-002/2024(H5N1)	645	77826
NS|PP755585.1|A/cattle/Texas/24-008749-002/2024(H5N1)	646	75487
NS|PP755585.1|A/cattle/Texas/24-008749-002/2024(H5N1)	647	75084
NS|PP755585.1|A/cattle/Texas/24-008749-002/2024(H5N1)	648	77360
NS|PP755585.1|A/cattle/Texas/24-008749-002/2024(H5N1)	649	77349
NS|PP755585.1|A/cattle/Texas/24-008749-002/2024(H5N1)	650	77253
NS|PP755585.1|A/cattle/Texas/24-008749-002/2024(H5N1)	651	77048
NS|PP755585.1|A/cattle/Texas/24-008749-002/2024(H5N1)	652	75672
NS|PP755585.1|A/cattle/Texas/24-008749-002/2024(H5N1)	653	72803
NS|PP755585.1|A/cattle/Texas/24-008749-002/2024(H5N1)	654	72521
NS|PP755585.1|A/cattle/Texas/24-008749-002/2024(H5N1)	655	72782
NS|PP755585.1|A/cattle/Texas/24-008749-002/2024(H5N1)	656	72926
NS|PP755585.1|A/cattle/Texas/24-008749-002/2024(H5N1)	657	71225
NS|PP755585.1|A/cattle/Texas/24-008749-002/2024(H5N1)	658	72895
NS|PP755585.1|A/cattle/Texas/24-008749-002/2024(H5N1)	659	72996
NS|PP755585.1|A/cattle/Texas/24-008749-002/2024(H5N1)	660	71332
NS|PP755585.1|A/cattle/Texas/24-008749-002/2024(H5N1)	661	71331
NS|PP755585.1|A/cattle/Texas/24-008749-002/2024(H5N1)	662	70706
NS|PP755585.1|A/cattle/Texas/24-008749-002/2024(H5N1)	663	71014
NS|PP755585.1|A/cattle/Texas/24-008749-002/2024(H5N1)	664	71238
NS|PP755585.1|A/cattle/Texas/24-008749-002/2024(H5N1)	665	71307
NS|PP755585.1|A/cattle/Texas/24-008749-002/2024(H5N1)	666	71489
NS|PP755585.1|A/cattle/Texas/24-008749-002/2024(H5N1)	667	74092
NS|PP755585.1|A/cattle/Texas/24-008749-002/2024(H5N1)	668	73555
NS|PP755585.1|A/cattle/Texas/24-008749-002/2024(H5N1)	669	73724
NS|PP755585.1|A/cattle/Texas/24-008749-002/2024(H5N1)	670	73446
NS|PP755585.1|A/cattle/Texas/24-008749-002/2024(H5N1)	671	74397
NS|PP755585.1|A/cattle/Texas/24-008749-002/2024(H5N1)	672	74921
NS|PP755585.1|A/cattle/Texas/24-008749-002/2024(H5N1)	673	74845
NS|PP755585.1|A/cattle/Texas/24-008749-002/2024(H5N1)	674	75129
NS|PP755585.1|A/cattle/Texas/24-008749-002/2024(H5N1)	675	74744
NS|PP755585.1|A/cattle/Texas/24-008749-002/2024(H5N1)	676	74759
NS|PP755585.1|A/cattle/Texas/24-008749-002/2024(H5N1)	677	74827
NS|PP755585.1|A/cattle/Texas/24-008749-002/2024(H5N1)	678	74122
NS|PP755585.1|A/cattle/Texas/24-008749-002/2024(H5N1)	679	74116
NS|PP755585.1|A/cattle/Texas/24-008749-002/2024(H5N1)	680	72079
NS|PP755585.1|A/cattle/Texas/24-008749-002/2024(H5N1)	681	71512
NS|PP755585.1|A/cattle/Texas/24-008749-002/2024(H5N1)	682	72336
NS|PP755585.1|A/cattle/Texas/24-008749-002/2024(H5N1)	683	71550
NS|PP755585.1|A/cattle/Texas/24-008749-002/2024(H5N1)	684	71469
NS|PP755585.1|A/cattle/Texas/24-008749-002/2024(H5N1)	685	71479
NS|PP755585.1|A/cattle/Texas/24-008749-002/2024(H5N1)	686	71582
NS|PP755585.1|A/cattle/Texas/24-008749-002/2024(H5N1)	687	71624
NS|PP755585.1|A/cattle/Texas/24-008749-002/2024(H5N1)	688	71603
NS|PP755585.1|A/cattle/Texas/24-008749-002/2024(H5N1)	689	70480
NS|PP755585.1|A/cattle/Texas/24-008749-002/2024(H5N1)	690	70477
NS|PP755585.1|A/cattle/Texas/24-008749-002/2024(H5N1)	691	69940
NS|PP755585.1|A/cattle/Texas/24-008749-002/2024(H5N1)	692	69909
NS|PP755585.1|A/cattle/Texas/24-008749-002/2024(H5N1)	693	69903
NS|PP755585.1|A/cattle/Texas/24-008749-002/2024(H5N1)	694	69051
NS|PP755585.1|A/cattle/Texas/24-008749-002/2024(H5N1)	695	69659
NS|PP755585.1|A/cattle/Texas/24-008749-002/2024(H5N1)	696	69302
NS|PP755585.1|A/cattle/Texas/24-008749-002/2024(H5N1)	697	69160
NS|PP755585.1|A/cattle/Texas/24-008749-002/2024(H5N1)	698	69167
NS|PP755585.1|A/cattle/Texas/24-008749-002/2024(H5N1)	699	69569
NS|PP755585.1|A/cattle/Texas/24-008749-002/2024(H5N1)	700	69581
NS|PP755585.1|A/cattle/Texas/24-008749-002/2024(H5N1)	701	69362
NS|PP755585.1|A/cattle/Texas/24-008749-002/2024(H5N1)	702	68448
NS|PP755585.1|A/cattle/Texas/24-008749-002/2024(H5N1)	703	68653
NS|PP755585.1|A/cattle/Texas/24-008749-002/2024(H5N1)	704	66521
NS|PP755585.1|A/cattle/Texas/24-008749-002/2024(H5N1)	705	66398
NS|PP755585.1|A/cattle/Texas/24-008749-002/2024(H5N1)	706	66367
NS|PP755585.1|A/cattle/Texas/24-008749-002/2024(H5N1)	707	66344
NS|PP755585.1|A/cattle/Texas/24-008749-002/2024(H5N1)	708	66346
NS|PP755585.1|A/cattle/Texas/24-008749-002/2024(H5N1)	709	66776
NS|PP755585.1|A/cattle/Texas/24-008749-002/2024(H5N1)	710	71362
NS|PP755585.1|A/cattle/Texas/24-008749-002/2024(H5N1)	711	71512
NS|PP755585.1|A/cattle/Texas/24-008749-002/2024(H5N1)	712	71011
NS|PP755585.1|A/cattle/Texas/24-008749-002/2024(H5N1)	713	71034
NS|PP755585.1|A/cattle/Texas/24-008749-002/2024(H5N1)	714	83441
NS|PP755585.1|A/cattle/Texas/24-008749-002/2024(H5N1)	715	80105
NS|PP755585.1|A/cattle/Texas/24-008749-002/2024(H5N1)	716	79632
NS|PP755585.1|A/cattle/Texas/24-008749-002/2024(H5N1)	717	80693
NS|PP755585.1|A/cattle/Texas/24-008749-002/2024(H5N1)	718	78750
NS|PP755585.1|A/cattle/Texas/24-008749-002/2024(H5N1)	719	80117
NS|PP755585.1|A/cattle/Texas/24-008749-002/2024(H5N1)	720	80272
NS|PP755585.1|A/cattle/Texas/24-008749-002/2024(H5N1)	721	80262
NS|PP755585.1|A/cattle/Texas/24-008749-002/2024(H5N1)	722	79478
NS|PP755585.1|A/cattle/Texas/24-008749-002/2024(H5N1)	723	79457
NS|PP755585.1|A/cattle/Texas/24-008749-002/2024(H5N1)	724	79751
NS|PP755585.1|A/cattle/Texas/24-008749-002/2024(H5N1)	725	78378
NS|PP755585.1|A/cattle/Texas/24-008749-002/2024(H5N1)	726	78321
NS|PP755585.1|A/cattle/Texas/24-008749-002/2024(H5N1)	727	78320
NS|PP755585.1|A/cattle/Texas/24-008749-002/2024(H5N1)	728	73869
NS|PP755585.1|A/cattle/Texas/24-008749-002/2024(H5N1)	729	75128
NS|PP755585.1|A/cattle/Texas/24-008749-002/2024(H5N1)	730	75041
NS|PP755585.1|A/cattle/Texas/24-008749-002/2024(H5N1)	731	74379
NS|PP755585.1|A/cattle/Texas/24-008749-002/2024(H5N1)	732	74325
NS|PP755585.1|A/cattle/Texas/24-008749-002/2024(H5N1)	733	73423
NS|PP755585.1|A/cattle/Texas/24-008749-002/2024(H5N1)	734	73439
NS|PP755585.1|A/cattle/Texas/24-008749-002/2024(H5N1)	735	73356
NS|PP755585.1|A/cattle/Texas/24-008749-002/2024(H5N1)	736	73383
NS|PP755585.1|A/cattle/Texas/24-008749-002/2024(H5N1)	737	73167
NS|PP755585.1|A/cattle/Texas/24-008749-002/2024(H5N1)	738	68892
NS|PP755585.1|A/cattle/Texas/24-008749-002/2024(H5N1)	739	67932
NS|PP755585.1|A/cattle/Texas/24-008749-002/2024(H5N1)	740	67469
NS|PP755585.1|A/cattle/Texas/24-008749-002/2024(H5N1)	741	67450
NS|PP755585.1|A/cattle/Texas/24-008749-002/2024(H5N1)	742	67297
NS|PP755585.1|A/cattle/Texas/24-008749-002/2024(H5N1)	743	67203
NS|PP755585.1|A/cattle/Texas/24-008749-002/2024(H5N1)	744	67112
NS|PP755585.1|A/cattle/Texas/24-008749-002/2024(H5N1)	745	67048
NS|PP755585.1|A/cattle/Texas/24-008749-002/2024(H5N1)	746	67037
NS|PP755585.1|A/cattle/Texas/24-008749-002/2024(H5N1)	747	67013
NS|PP755585.1|A/cattle/Texas/24-008749-002/2024(H5N1)	748	66892
NS|PP755585.1|A/cattle/Texas/24-008749-002/2024(H5N1)	749	66819
NS|PP755585.1|A/cattle/Texas/24-008749-002/2024(H5N1)	750	66701
NS|PP755585.1|A/cattle/Texas/24-008749-002/2024(H5N1)	751	66418
NS|PP755585.1|A/cattle/Texas/24-008749-002/2024(H5N1)	752	66183
NS|PP755585.1|A/cattle/Texas/24-008749-002/2024(H5N1)	753	66176
NS|PP755585.1|A/cattle/Texas/24-008749-002/2024(H5N1)	754	65435
NS|PP755585.1|A/cattle/Texas/24-008749-002/2024(H5N1)	755	65353
NS|PP755585.1|A/cattle/Texas/24-008749-002/2024(H5N1)	756	65324
NS|PP755585.1|A/cattle/Texas/24-008749-002/2024(H5N1)	757	65328
NS|PP755585.1|A/cattle/Texas/24-008749-002/2024(H5N1)	758	65310
NS|PP755585.1|A/cattle/Texas/24-008749-002/2024(H5N1)	759	64811
NS|PP755585.1|A/cattle/Texas/24-008749-002/2024(H5N1)	760	64521
NS|PP755585.1|A/cattle/Texas/24-008749-002/2024(H5N1)	761	64522
NS|PP755585.1|A/cattle/Texas/24-008749-002/2024(H5N1)	762	64516
NS|PP755585.1|A/cattle/Texas/24-008749-002/2024(H5N1)	763	64434
NS|PP755585.1|A/cattle/Texas/24-008749-002/2024(H5N1)	764	64403
NS|PP755585.1|A/cattle/Texas/24-008749-002/2024(H5N1)	765	63841
NS|PP755585.1|A/cattle/Texas/24-008749-002/2024(H5N1)	766	63806
NS|PP755585.1|A/cattle/Texas/24-008749-002/2024(H5N1)	767	63479
NS|PP755585.1|A/cattle/Texas/24-008749-002/2024(H5N1)	768	61849
NS|PP755585.1|A/cattle/Texas/24-008749-002/2024(H5N1)	769	61377
NS|PP755585.1|A/cattle/Texas/24-008749-002/2024(H5N1)	770	61353
NS|PP755585.1|A/cattle/Texas/24-008749-002/2024(H5N1)	771	61284
NS|PP755585.1|A/cattle/Texas/24-008749-002/2024(H5N1)	772	61277
NS|PP755585.1|A/cattle/Texas/24-008749-002/2024(H5N1)	773	60895
NS|PP755585.1|A/cattle/Texas/24-008749-002/2024(H5N1)	774	58882
NS|PP755585.1|A/cattle/Texas/24-008749-002/2024(H5N1)	775	57821
NS|PP755585.1|A/cattle/Texas/24-008749-002/2024(H5N1)	776	57803
NS|PP755585.1|A/cattle/Texas/24-008749-002/2024(H5N1)	777	58154
NS|PP755585.1|A/cattle/Texas/24-008749-002/2024(H5N1)	778	57775
NS|PP755585.1|A/cattle/Texas/24-008749-002/2024(H5N1)	779	56880
NS|PP755585.1|A/cattle/Texas/24-008749-002/2024(H5N1)	780	57077
NS|PP755585.1|A/cattle/Texas/24-008749-002/2024(H5N1)	781	57072
NS|PP755585.1|A/cattle/Texas/24-008749-002/2024(H5N1)	782	56874
NS|PP755585.1|A/cattle/Texas/24-008749-002/2024(H5N1)	783	56849
NS|PP755585.1|A/cattle/Texas/24-008749-002/2024(H5N1)	784	56669
NS|PP755585.1|A/cattle/Texas/24-008749-002/2024(H5N1)	785	53898
NS|PP755585.1|A/cattle/Texas/24-008749-002/2024(H5N1)	786	47723
NS|PP755585.1|A/cattle/Texas/24-008749-002/2024(H5N1)	787	47631
NS|PP755585.1|A/cattle/Texas/24-008749-002/2024(H5N1)	788	47383
NS|PP755585.1|A/cattle/Texas/24-008749-002/2024(H5N1)	789	45398
NS|PP755585.1|A/cattle/Texas/24-008749-002/2024(H5N1)	790	45632
NS|PP755585.1|A/cattle/Texas/24-008749-002/2024(H5N1)	791	44327
NS|PP755585.1|A/cattle/Texas/24-008749-002/2024(H5N1)	792	44317
NS|PP755585.1|A/cattle/Texas/24-008749-002/2024(H5N1)	793	44212
NS|PP755585.1|A/cattle/Texas/24-008749-002/2024(H5N1)	794	43744
NS|PP755585.1|A/cattle/Texas/24-008749-002/2024(H5N1)	795	42808
NS|PP755585.1|A/cattle/Texas/24-008749-002/2024(H5N1)	796	42751
NS|PP755585.1|A/cattle/Texas/24-008749-002/2024(H5N1)	797	42733
NS|PP755585.1|A/cattle/Texas/24-008749-002/2024(H5N1)	798	42529
NS|PP755585.1|A/cattle/Texas/24-008749-002/2024(H5N1)	799	39679
NS|PP755585.1|A/cattle/Texas/24-008749-002/2024(H5N1)	800	39783
NS|PP755585.1|A/cattle/Texas/24-008749-002/2024(H5N1)	801	39690
NS|PP755585.1|A/cattle/Texas/24-008749-002/2024(H5N1)	802	39667
NS|PP755585.1|A/cattle/Texas/24-008749-002/2024(H5N1)	803	39433
NS|PP755585.1|A/cattle/Texas/24-008749-002/2024(H5N1)	804	38797
NS|PP755585.1|A/cattle/Texas/24-008749-002/2024(H5N1)	805	38807
NS|PP755585.1|A/cattle/Texas/24-008749-002/2024(H5N1)	806	38769
NS|PP755585.1|A/cattle/Texas/24-008749-002/2024(H5N1)	807	38605
NS|PP755585.1|A/cattle/Texas/24-008749-002/2024(H5N1)	808	38719
NS|PP755585.1|A/cattle/Texas/24-008749-002/2024(H5N1)	809	36389
NS|PP755585.1|A/cattle/Texas/24-008749-002/2024(H5N1)	810	36284
NS|PP755585.1|A/cattle/Texas/24-008749-002/2024(H5N1)	811	36166
NS|PP755585.1|A/cattle/Texas/24-008749-002/2024(H5N1)	812	36117
NS|PP755585.1|A/cattle/Texas/24-008749-002/2024(H5N1)	813	36106
NS|PP755585.1|A/cattle/Texas/24-008749-002/2024(H5N1)	814	35691
NS|PP755585.1|A/cattle/Texas/24-008749-002/2024(H5N1)	815	35481
NS|PP755585.1|A/cattle/Texas/24-008749-002/2024(H5N1)	816	35258
NS|PP755585.1|A/cattle/Texas/24-008749-002/2024(H5N1)	817	32089
NS|PP755585.1|A/cattle/Texas/24-008749-002/2024(H5N1)	818	32056
NS|PP755585.1|A/cattle/Texas/24-008749-002/2024(H5N1)	819	32036
NS|PP755585.1|A/cattle/Texas/24-008749-002/2024(H5N1)	820	31405
NS|PP755585.1|A/cattle/Texas/24-008749-002/2024(H5N1)	821	31399
NS|PP755585.1|A/cattle/Texas/24-008749-002/2024(H5N1)	822	30767
NS|PP755585.1|A/cattle/Texas/24-008749-002/2024(H5N1)	823	30710
NS|PP755585.1|A/cattle/Texas/24-008749-002/2024(H5N1)	824	30506
NS|PP755585.1|A/cattle/Texas/24-008749-002/2024(H5N1)	825	30295
NS|PP755585.1|A/cattle/Texas/24-008749-002/2024(H5N1)	826	30267
NS|PP755585.1|A/cattle/Texas/24-008749-002/2024(H5N1)	827	30244
NS|PP755585.1|A/cattle/Texas/24-008749-002/2024(H5N1)	828	30162
NS|PP755585.1|A/cattle/Texas/24-008749-002/2024(H5N1)	829	30157
NS|PP755585.1|A/cattle/Texas/24-008749-002/2024(H5N1)	830	29952
NS|PP755585.1|A/cattle/Texas/24-008749-002/2024(H5N1)	831	29245
NS|PP755585.1|A/cattle/Texas/24-008749-002/2024(H5N1)	832	29162
NS|PP755585.1|A/cattle/Texas/24-008749-002/2024(H5N1)	833	28789
NS|PP755585.1|A/cattle/Texas/24-008749-002/2024(H5N1)	834	28781
NS|PP755585.1|A/cattle/Texas/24-008749-002/2024(H5N1)	835	28745
NS|PP755585.1|A/cattle/Texas/24-008749-002/2024(H5N1)	836	28684
NS|PP755585.1|A/cattle/Texas/24-008749-002/2024(H5N1)	837	28427
NS|PP755585.1|A/cattle/Texas/24-008749-002/2024(H5N1)	838	28045
