MP|PP755590.1|A/cattle/Texas/24-008749-003/2024(H5N1)	1	1962
MP|PP755590.1|A/cattle/Texas/24-008749-003/2024(H5N1)	2	1980
MP|PP755590.1|A/cattle/Texas/24-008749-003/2024(H5N1)	3	1986
MP|PP755590.1|A/cattle/Texas/24-008749-003/2024(H5N1)	4	1995
MP|PP755590.1|A/cattle/Texas/24-008749-003/2024(H5N1)	5	2088
MP|PP755590.1|A/cattle/Texas/24-008749-003/2024(H5N1)	6	2147
MP|PP755590.1|A/cattle/Texas/24-008749-003/2024(H5N1)	7	2283
MP|PP755590.1|A/cattle/Texas/24-008749-003/2024(H5N1)	8	2353
MP|PP755590.1|A/cattle/Texas/24-008749-003/2024(H5N1)	9	2372
MP|PP755590.1|A/cattle/Texas/24-008749-003/2024(H5N1)	10	2373
MP|PP755590.1|A/cattle/Texas/24-008749-003/2024(H5N1)	11	2385
MP|PP755590.1|A/cattle/Texas/24-008749-003/2024(H5N1)	12	2411
MP|PP755590.1|A/cattle/Texas/24-008749-003/2024(H5N1)	13	2417
MP|PP755590.1|A/cattle/Texas/24-008749-003/2024(H5N1)	14	2417
MP|PP755590.1|A/cattle/Texas/24-008749-003/2024(H5N1)	15	2417
MP|PP755590.1|A/cattle/Texas/24-008749-003/2024(H5N1)	16	2417
MP|PP755590.1|A/cattle/Texas/24-008749-003/2024(H5N1)	17	2431
MP|PP755590.1|A/cattle/Texas/24-008749-003/2024(H5N1)	18	2451
MP|PP755590.1|A/cattle/Texas/24-008749-003/2024(H5N1)	19	2564
MP|PP755590.1|A/cattle/Texas/24-008749-003/2024(H5N1)	20	2565
MP|PP755590.1|A/cattle/Texas/24-008749-003/2024(H5N1)	21	2567
MP|PP755590.1|A/cattle/Texas/24-008749-003/2024(H5N1)	22	2568
MP|PP755590.1|A/cattle/Texas/24-008749-003/2024(H5N1)	23	2633
MP|PP755590.1|A/cattle/Texas/24-008749-003/2024(H5N1)	24	2636
MP|PP755590.1|A/cattle/Texas/24-008749-003/2024(H5N1)	25	2644
MP|PP755590.1|A/cattle/Texas/24-008749-003/2024(H5N1)	26	2718
MP|PP755590.1|A/cattle/Texas/24-008749-003/2024(H5N1)	27	2726
MP|PP755590.1|A/cattle/Texas/24-008749-003/2024(H5N1)	28	2736
MP|PP755590.1|A/cattle/Texas/24-008749-003/2024(H5N1)	29	2737
MP|PP755590.1|A/cattle/Texas/24-008749-003/2024(H5N1)	30	2757
MP|PP755590.1|A/cattle/Texas/24-008749-003/2024(H5N1)	31	2768
MP|PP755590.1|A/cattle/Texas/24-008749-003/2024(H5N1)	32	2778
MP|PP755590.1|A/cattle/Texas/24-008749-003/2024(H5N1)	33	2854
MP|PP755590.1|A/cattle/Texas/24-008749-003/2024(H5N1)	34	2903
MP|PP755590.1|A/cattle/Texas/24-008749-003/2024(H5N1)	35	2903
MP|PP755590.1|A/cattle/Texas/24-008749-003/2024(H5N1)	36	3003
MP|PP755590.1|A/cattle/Texas/24-008749-003/2024(H5N1)	37	3003
MP|PP755590.1|A/cattle/Texas/24-008749-003/2024(H5N1)	38	3115
MP|PP755590.1|A/cattle/Texas/24-008749-003/2024(H5N1)	39	3121
MP|PP755590.1|A/cattle/Texas/24-008749-003/2024(H5N1)	40	3137
MP|PP755590.1|A/cattle/Texas/24-008749-003/2024(H5N1)	41	3137
MP|PP755590.1|A/cattle/Texas/24-008749-003/2024(H5N1)	42	3156
MP|PP755590.1|A/cattle/Texas/24-008749-003/2024(H5N1)	43	3168
MP|PP755590.1|A/cattle/Texas/24-008749-003/2024(H5N1)	44	3170
MP|PP755590.1|A/cattle/Texas/24-008749-003/2024(H5N1)	45	3169
MP|PP755590.1|A/cattle/Texas/24-008749-003/2024(H5N1)	46	3197
MP|PP755590.1|A/cattle/Texas/24-008749-003/2024(H5N1)	47	3301
MP|PP755590.1|A/cattle/Texas/24-008749-003/2024(H5N1)	48	3320
MP|PP755590.1|A/cattle/Texas/24-008749-003/2024(H5N1)	49	3324
MP|PP755590.1|A/cattle/Texas/24-008749-003/2024(H5N1)	50	3325
MP|PP755590.1|A/cattle/Texas/24-008749-003/2024(H5N1)	51	3321
MP|PP755590.1|A/cattle/Texas/24-008749-003/2024(H5N1)	52	3368
MP|PP755590.1|A/cattle/Texas/24-008749-003/2024(H5N1)	53	3438
MP|PP755590.1|A/cattle/Texas/24-008749-003/2024(H5N1)	54	3439
MP|PP755590.1|A/cattle/Texas/24-008749-003/2024(H5N1)	55	3442
MP|PP755590.1|A/cattle/Texas/24-008749-003/2024(H5N1)	56	3491
MP|PP755590.1|A/cattle/Texas/24-008749-003/2024(H5N1)	57	3723
MP|PP755590.1|A/cattle/Texas/24-008749-003/2024(H5N1)	58	3730
MP|PP755590.1|A/cattle/Texas/24-008749-003/2024(H5N1)	59	3752
MP|PP755590.1|A/cattle/Texas/24-008749-003/2024(H5N1)	60	3758
MP|PP755590.1|A/cattle/Texas/24-008749-003/2024(H5N1)	61	3790
MP|PP755590.1|A/cattle/Texas/24-008749-003/2024(H5N1)	62	3792
MP|PP755590.1|A/cattle/Texas/24-008749-003/2024(H5N1)	63	3809
MP|PP755590.1|A/cattle/Texas/24-008749-003/2024(H5N1)	64	3837
MP|PP755590.1|A/cattle/Texas/24-008749-003/2024(H5N1)	65	3849
MP|PP755590.1|A/cattle/Texas/24-008749-003/2024(H5N1)	66	3832
MP|PP755590.1|A/cattle/Texas/24-008749-003/2024(H5N1)	67	3832
MP|PP755590.1|A/cattle/Texas/24-008749-003/2024(H5N1)	68	3881
MP|PP755590.1|A/cattle/Texas/24-008749-003/2024(H5N1)	69	3898
MP|PP755590.1|A/cattle/Texas/24-008749-003/2024(H5N1)	70	4029
MP|PP755590.1|A/cattle/Texas/24-008749-003/2024(H5N1)	71	4037
MP|PP755590.1|A/cattle/Texas/24-008749-003/2024(H5N1)	72	4046
MP|PP755590.1|A/cattle/Texas/24-008749-003/2024(H5N1)	73	4082
MP|PP755590.1|A/cattle/Texas/24-008749-003/2024(H5N1)	74	4119
MP|PP755590.1|A/cattle/Texas/24-008749-003/2024(H5N1)	75	4119
MP|PP755590.1|A/cattle/Texas/24-008749-003/2024(H5N1)	76	4120
MP|PP755590.1|A/cattle/Texas/24-008749-003/2024(H5N1)	77	4116
MP|PP755590.1|A/cattle/Texas/24-008749-003/2024(H5N1)	78	4130
MP|PP755590.1|A/cattle/Texas/24-008749-003/2024(H5N1)	79	4302
MP|PP755590.1|A/cattle/Texas/24-008749-003/2024(H5N1)	80	4493
MP|PP755590.1|A/cattle/Texas/24-008749-003/2024(H5N1)	81	4517
MP|PP755590.1|A/cattle/Texas/24-008749-003/2024(H5N1)	82	4565
MP|PP755590.1|A/cattle/Texas/24-008749-003/2024(H5N1)	83	4620
MP|PP755590.1|A/cattle/Texas/24-008749-003/2024(H5N1)	84	4640
MP|PP755590.1|A/cattle/Texas/24-008749-003/2024(H5N1)	85	4678
MP|PP755590.1|A/cattle/Texas/24-008749-003/2024(H5N1)	86	4691
MP|PP755590.1|A/cattle/Texas/24-008749-003/2024(H5N1)	87	4686
MP|PP755590.1|A/cattle/Texas/24-008749-003/2024(H5N1)	88	4691
MP|PP755590.1|A/cattle/Texas/24-008749-003/2024(H5N1)	89	4678
MP|PP755590.1|A/cattle/Texas/24-008749-003/2024(H5N1)	90	4692
MP|PP755590.1|A/cattle/Texas/24-008749-003/2024(H5N1)	91	4706
MP|PP755590.1|A/cattle/Texas/24-008749-003/2024(H5N1)	92	4715
MP|PP755590.1|A/cattle/Texas/24-008749-003/2024(H5N1)	93	4720
MP|PP755590.1|A/cattle/Texas/24-008749-003/2024(H5N1)	94	4724
MP|PP755590.1|A/cattle/Texas/24-008749-003/2024(H5N1)	95	4725
MP|PP755590.1|A/cattle/Texas/24-008749-003/2024(H5N1)	96	4778
MP|PP755590.1|A/cattle/Texas/24-008749-003/2024(H5N1)	97	4782
MP|PP755590.1|A/cattle/Texas/24-008749-003/2024(H5N1)	98	4790
MP|PP755590.1|A/cattle/Texas/24-008749-003/2024(H5N1)	99	4786
MP|PP755590.1|A/cattle/Texas/24-008749-003/2024(H5N1)	100	4812
MP|PP755590.1|A/cattle/Texas/24-008749-003/2024(H5N1)	101	4829
MP|PP755590.1|A/cattle/Texas/24-008749-003/2024(H5N1)	102	4942
MP|PP755590.1|A/cattle/Texas/24-008749-003/2024(H5N1)	103	4953
MP|PP755590.1|A/cattle/Texas/24-008749-003/2024(H5N1)	104	4953
MP|PP755590.1|A/cattle/Texas/24-008749-003/2024(H5N1)	105	4965
MP|PP755590.1|A/cattle/Texas/24-008749-003/2024(H5N1)	106	4983
MP|PP755590.1|A/cattle/Texas/24-008749-003/2024(H5N1)	107	5121
MP|PP755590.1|A/cattle/Texas/24-008749-003/2024(H5N1)	108	5160
MP|PP755590.1|A/cattle/Texas/24-008749-003/2024(H5N1)	109	5158
MP|PP755590.1|A/cattle/Texas/24-008749-003/2024(H5N1)	110	5174
MP|PP755590.1|A/cattle/Texas/24-008749-003/2024(H5N1)	111	5157
MP|PP755590.1|A/cattle/Texas/24-008749-003/2024(H5N1)	112	5157
MP|PP755590.1|A/cattle/Texas/24-008749-003/2024(H5N1)	113	5444
MP|PP755590.1|A/cattle/Texas/24-008749-003/2024(H5N1)	114	5478
MP|PP755590.1|A/cattle/Texas/24-008749-003/2024(H5N1)	115	5518
MP|PP755590.1|A/cattle/Texas/24-008749-003/2024(H5N1)	116	5514
MP|PP755590.1|A/cattle/Texas/24-008749-003/2024(H5N1)	117	5512
MP|PP755590.1|A/cattle/Texas/24-008749-003/2024(H5N1)	118	5514
MP|PP755590.1|A/cattle/Texas/24-008749-003/2024(H5N1)	119	5514
MP|PP755590.1|A/cattle/Texas/24-008749-003/2024(H5N1)	120	4780
MP|PP755590.1|A/cattle/Texas/24-008749-003/2024(H5N1)	121	4784
MP|PP755590.1|A/cattle/Texas/24-008749-003/2024(H5N1)	122	4726
MP|PP755590.1|A/cattle/Texas/24-008749-003/2024(H5N1)	123	4729
MP|PP755590.1|A/cattle/Texas/24-008749-003/2024(H5N1)	124	4833
MP|PP755590.1|A/cattle/Texas/24-008749-003/2024(H5N1)	125	4837
MP|PP755590.1|A/cattle/Texas/24-008749-003/2024(H5N1)	126	4697
MP|PP755590.1|A/cattle/Texas/24-008749-003/2024(H5N1)	127	4696
MP|PP755590.1|A/cattle/Texas/24-008749-003/2024(H5N1)	128	4553
MP|PP755590.1|A/cattle/Texas/24-008749-003/2024(H5N1)	129	4543
MP|PP755590.1|A/cattle/Texas/24-008749-003/2024(H5N1)	130	4547
MP|PP755590.1|A/cattle/Texas/24-008749-003/2024(H5N1)	131	4546
MP|PP755590.1|A/cattle/Texas/24-008749-003/2024(H5N1)	132	4727
MP|PP755590.1|A/cattle/Texas/24-008749-003/2024(H5N1)	133	4645
MP|PP755590.1|A/cattle/Texas/24-008749-003/2024(H5N1)	134	4751
MP|PP755590.1|A/cattle/Texas/24-008749-003/2024(H5N1)	135	4830
MP|PP755590.1|A/cattle/Texas/24-008749-003/2024(H5N1)	136	4688
MP|PP755590.1|A/cattle/Texas/24-008749-003/2024(H5N1)	137	4838
MP|PP755590.1|A/cattle/Texas/24-008749-003/2024(H5N1)	138	4842
MP|PP755590.1|A/cattle/Texas/24-008749-003/2024(H5N1)	139	4844
MP|PP755590.1|A/cattle/Texas/24-008749-003/2024(H5N1)	140	4952
MP|PP755590.1|A/cattle/Texas/24-008749-003/2024(H5N1)	141	4976
MP|PP755590.1|A/cattle/Texas/24-008749-003/2024(H5N1)	142	5017
MP|PP755590.1|A/cattle/Texas/24-008749-003/2024(H5N1)	143	4954
MP|PP755590.1|A/cattle/Texas/24-008749-003/2024(H5N1)	144	4899
MP|PP755590.1|A/cattle/Texas/24-008749-003/2024(H5N1)	145	4896
MP|PP755590.1|A/cattle/Texas/24-008749-003/2024(H5N1)	146	5068
MP|PP755590.1|A/cattle/Texas/24-008749-003/2024(H5N1)	147	5155
MP|PP755590.1|A/cattle/Texas/24-008749-003/2024(H5N1)	148	5150
MP|PP755590.1|A/cattle/Texas/24-008749-003/2024(H5N1)	149	5091
MP|PP755590.1|A/cattle/Texas/24-008749-003/2024(H5N1)	150	5106
MP|PP755590.1|A/cattle/Texas/24-008749-003/2024(H5N1)	151	5126
MP|PP755590.1|A/cattle/Texas/24-008749-003/2024(H5N1)	152	5144
MP|PP755590.1|A/cattle/Texas/24-008749-003/2024(H5N1)	153	5188
MP|PP755590.1|A/cattle/Texas/24-008749-003/2024(H5N1)	154	4934
MP|PP755590.1|A/cattle/Texas/24-008749-003/2024(H5N1)	155	4982
MP|PP755590.1|A/cattle/Texas/24-008749-003/2024(H5N1)	156	4988
MP|PP755590.1|A/cattle/Texas/24-008749-003/2024(H5N1)	157	5060
MP|PP755590.1|A/cattle/Texas/24-008749-003/2024(H5N1)	158	5062
MP|PP755590.1|A/cattle/Texas/24-008749-003/2024(H5N1)	159	5065
MP|PP755590.1|A/cattle/Texas/24-008749-003/2024(H5N1)	160	5181
MP|PP755590.1|A/cattle/Texas/24-008749-003/2024(H5N1)	161	5163
MP|PP755590.1|A/cattle/Texas/24-008749-003/2024(H5N1)	162	5148
MP|PP755590.1|A/cattle/Texas/24-008749-003/2024(H5N1)	163	5151
MP|PP755590.1|A/cattle/Texas/24-008749-003/2024(H5N1)	164	5159
MP|PP755590.1|A/cattle/Texas/24-008749-003/2024(H5N1)	165	5248
MP|PP755590.1|A/cattle/Texas/24-008749-003/2024(H5N1)	166	5274
MP|PP755590.1|A/cattle/Texas/24-008749-003/2024(H5N1)	167	5248
MP|PP755590.1|A/cattle/Texas/24-008749-003/2024(H5N1)	168	5244
MP|PP755590.1|A/cattle/Texas/24-008749-003/2024(H5N1)	169	5183
MP|PP755590.1|A/cattle/Texas/24-008749-003/2024(H5N1)	170	5125
MP|PP755590.1|A/cattle/Texas/24-008749-003/2024(H5N1)	171	5130
MP|PP755590.1|A/cattle/Texas/24-008749-003/2024(H5N1)	172	5128
MP|PP755590.1|A/cattle/Texas/24-008749-003/2024(H5N1)	173	5142
MP|PP755590.1|A/cattle/Texas/24-008749-003/2024(H5N1)	174	5128
MP|PP755590.1|A/cattle/Texas/24-008749-003/2024(H5N1)	175	5161
MP|PP755590.1|A/cattle/Texas/24-008749-003/2024(H5N1)	176	5165
MP|PP755590.1|A/cattle/Texas/24-008749-003/2024(H5N1)	177	5133
MP|PP755590.1|A/cattle/Texas/24-008749-003/2024(H5N1)	178	5133
MP|PP755590.1|A/cattle/Texas/24-008749-003/2024(H5N1)	179	5131
MP|PP755590.1|A/cattle/Texas/24-008749-003/2024(H5N1)	180	5128
MP|PP755590.1|A/cattle/Texas/24-008749-003/2024(H5N1)	181	5131
MP|PP755590.1|A/cattle/Texas/24-008749-003/2024(H5N1)	182	5150
MP|PP755590.1|A/cattle/Texas/24-008749-003/2024(H5N1)	183	5143
MP|PP755590.1|A/cattle/Texas/24-008749-003/2024(H5N1)	184	5084
MP|PP755590.1|A/cattle/Texas/24-008749-003/2024(H5N1)	185	5053
MP|PP755590.1|A/cattle/Texas/24-008749-003/2024(H5N1)	186	5049
MP|PP755590.1|A/cattle/Texas/24-008749-003/2024(H5N1)	187	4996
MP|PP755590.1|A/cattle/Texas/24-008749-003/2024(H5N1)	188	5004
MP|PP755590.1|A/cattle/Texas/24-008749-003/2024(H5N1)	189	4907
MP|PP755590.1|A/cattle/Texas/24-008749-003/2024(H5N1)	190	5043
MP|PP755590.1|A/cattle/Texas/24-008749-003/2024(H5N1)	191	5040
MP|PP755590.1|A/cattle/Texas/24-008749-003/2024(H5N1)	192	5047
MP|PP755590.1|A/cattle/Texas/24-008749-003/2024(H5N1)	193	5054
MP|PP755590.1|A/cattle/Texas/24-008749-003/2024(H5N1)	194	5195
MP|PP755590.1|A/cattle/Texas/24-008749-003/2024(H5N1)	195	5194
MP|PP755590.1|A/cattle/Texas/24-008749-003/2024(H5N1)	196	5125
MP|PP755590.1|A/cattle/Texas/24-008749-003/2024(H5N1)	197	5110
MP|PP755590.1|A/cattle/Texas/24-008749-003/2024(H5N1)	198	5186
MP|PP755590.1|A/cattle/Texas/24-008749-003/2024(H5N1)	199	5252
MP|PP755590.1|A/cattle/Texas/24-008749-003/2024(H5N1)	200	5298
MP|PP755590.1|A/cattle/Texas/24-008749-003/2024(H5N1)	201	5310
MP|PP755590.1|A/cattle/Texas/24-008749-003/2024(H5N1)	202	5312
MP|PP755590.1|A/cattle/Texas/24-008749-003/2024(H5N1)	203	5258
MP|PP755590.1|A/cattle/Texas/24-008749-003/2024(H5N1)	204	5259
MP|PP755590.1|A/cattle/Texas/24-008749-003/2024(H5N1)	205	5311
MP|PP755590.1|A/cattle/Texas/24-008749-003/2024(H5N1)	206	5294
MP|PP755590.1|A/cattle/Texas/24-008749-003/2024(H5N1)	207	5112
MP|PP755590.1|A/cattle/Texas/24-008749-003/2024(H5N1)	208	5075
MP|PP755590.1|A/cattle/Texas/24-008749-003/2024(H5N1)	209	5118
MP|PP755590.1|A/cattle/Texas/24-008749-003/2024(H5N1)	210	5243
MP|PP755590.1|A/cattle/Texas/24-008749-003/2024(H5N1)	211	5260
MP|PP755590.1|A/cattle/Texas/24-008749-003/2024(H5N1)	212	5324
MP|PP755590.1|A/cattle/Texas/24-008749-003/2024(H5N1)	213	5323
MP|PP755590.1|A/cattle/Texas/24-008749-003/2024(H5N1)	214	5378
MP|PP755590.1|A/cattle/Texas/24-008749-003/2024(H5N1)	215	5388
MP|PP755590.1|A/cattle/Texas/24-008749-003/2024(H5N1)	216	5408
MP|PP755590.1|A/cattle/Texas/24-008749-003/2024(H5N1)	217	5533
MP|PP755590.1|A/cattle/Texas/24-008749-003/2024(H5N1)	218	5564
MP|PP755590.1|A/cattle/Texas/24-008749-003/2024(H5N1)	219	5487
MP|PP755590.1|A/cattle/Texas/24-008749-003/2024(H5N1)	220	5669
MP|PP755590.1|A/cattle/Texas/24-008749-003/2024(H5N1)	221	5587
MP|PP755590.1|A/cattle/Texas/24-008749-003/2024(H5N1)	222	5589
MP|PP755590.1|A/cattle/Texas/24-008749-003/2024(H5N1)	223	5558
MP|PP755590.1|A/cattle/Texas/24-008749-003/2024(H5N1)	224	5548
MP|PP755590.1|A/cattle/Texas/24-008749-003/2024(H5N1)	225	5646
MP|PP755590.1|A/cattle/Texas/24-008749-003/2024(H5N1)	226	5630
MP|PP755590.1|A/cattle/Texas/24-008749-003/2024(H5N1)	227	5639
MP|PP755590.1|A/cattle/Texas/24-008749-003/2024(H5N1)	228	5672
MP|PP755590.1|A/cattle/Texas/24-008749-003/2024(H5N1)	229	5523
MP|PP755590.1|A/cattle/Texas/24-008749-003/2024(H5N1)	230	5522
MP|PP755590.1|A/cattle/Texas/24-008749-003/2024(H5N1)	231	5367
MP|PP755590.1|A/cattle/Texas/24-008749-003/2024(H5N1)	232	5319
MP|PP755590.1|A/cattle/Texas/24-008749-003/2024(H5N1)	233	5317
MP|PP755590.1|A/cattle/Texas/24-008749-003/2024(H5N1)	234	5207
MP|PP755590.1|A/cattle/Texas/24-008749-003/2024(H5N1)	235	5183
MP|PP755590.1|A/cattle/Texas/24-008749-003/2024(H5N1)	236	5189
MP|PP755590.1|A/cattle/Texas/24-008749-003/2024(H5N1)	237	5184
MP|PP755590.1|A/cattle/Texas/24-008749-003/2024(H5N1)	238	5183
MP|PP755590.1|A/cattle/Texas/24-008749-003/2024(H5N1)	239	5174
MP|PP755590.1|A/cattle/Texas/24-008749-003/2024(H5N1)	240	5142
MP|PP755590.1|A/cattle/Texas/24-008749-003/2024(H5N1)	241	5120
MP|PP755590.1|A/cattle/Texas/24-008749-003/2024(H5N1)	242	5107
MP|PP755590.1|A/cattle/Texas/24-008749-003/2024(H5N1)	243	5105
MP|PP755590.1|A/cattle/Texas/24-008749-003/2024(H5N1)	244	5098
MP|PP755590.1|A/cattle/Texas/24-008749-003/2024(H5N1)	245	4201
MP|PP755590.1|A/cattle/Texas/24-008749-003/2024(H5N1)	246	4201
MP|PP755590.1|A/cattle/Texas/24-008749-003/2024(H5N1)	247	4137
MP|PP755590.1|A/cattle/Texas/24-008749-003/2024(H5N1)	248	4126
MP|PP755590.1|A/cattle/Texas/24-008749-003/2024(H5N1)	249	4123
MP|PP755590.1|A/cattle/Texas/24-008749-003/2024(H5N1)	250	4122
MP|PP755590.1|A/cattle/Texas/24-008749-003/2024(H5N1)	251	4109
MP|PP755590.1|A/cattle/Texas/24-008749-003/2024(H5N1)	252	4065
MP|PP755590.1|A/cattle/Texas/24-008749-003/2024(H5N1)	253	4062
MP|PP755590.1|A/cattle/Texas/24-008749-003/2024(H5N1)	254	4060
MP|PP755590.1|A/cattle/Texas/24-008749-003/2024(H5N1)	255	4060
MP|PP755590.1|A/cattle/Texas/24-008749-003/2024(H5N1)	256	4060
MP|PP755590.1|A/cattle/Texas/24-008749-003/2024(H5N1)	257	4060
MP|PP755590.1|A/cattle/Texas/24-008749-003/2024(H5N1)	258	4001
MP|PP755590.1|A/cattle/Texas/24-008749-003/2024(H5N1)	259	4001
MP|PP755590.1|A/cattle/Texas/24-008749-003/2024(H5N1)	260	4001
MP|PP755590.1|A/cattle/Texas/24-008749-003/2024(H5N1)	261	4004
MP|PP755590.1|A/cattle/Texas/24-008749-003/2024(H5N1)	262	4005
MP|PP755590.1|A/cattle/Texas/24-008749-003/2024(H5N1)	263	4005
MP|PP755590.1|A/cattle/Texas/24-008749-003/2024(H5N1)	264	4005
MP|PP755590.1|A/cattle/Texas/24-008749-003/2024(H5N1)	265	4063
MP|PP755590.1|A/cattle/Texas/24-008749-003/2024(H5N1)	266	4112
MP|PP755590.1|A/cattle/Texas/24-008749-003/2024(H5N1)	267	4142
MP|PP755590.1|A/cattle/Texas/24-008749-003/2024(H5N1)	268	5494
MP|PP755590.1|A/cattle/Texas/24-008749-003/2024(H5N1)	269	5505
MP|PP755590.1|A/cattle/Texas/24-008749-003/2024(H5N1)	270	5528
MP|PP755590.1|A/cattle/Texas/24-008749-003/2024(H5N1)	271	5531
MP|PP755590.1|A/cattle/Texas/24-008749-003/2024(H5N1)	272	5551
MP|PP755590.1|A/cattle/Texas/24-008749-003/2024(H5N1)	273	5705
MP|PP755590.1|A/cattle/Texas/24-008749-003/2024(H5N1)	274	5779
MP|PP755590.1|A/cattle/Texas/24-008749-003/2024(H5N1)	275	5795
MP|PP755590.1|A/cattle/Texas/24-008749-003/2024(H5N1)	276	5807
MP|PP755590.1|A/cattle/Texas/24-008749-003/2024(H5N1)	277	5841
MP|PP755590.1|A/cattle/Texas/24-008749-003/2024(H5N1)	278	5843
MP|PP755590.1|A/cattle/Texas/24-008749-003/2024(H5N1)	279	5983
MP|PP755590.1|A/cattle/Texas/24-008749-003/2024(H5N1)	280	6001
MP|PP755590.1|A/cattle/Texas/24-008749-003/2024(H5N1)	281	5996
MP|PP755590.1|A/cattle/Texas/24-008749-003/2024(H5N1)	282	5987
MP|PP755590.1|A/cattle/Texas/24-008749-003/2024(H5N1)	283	5780
MP|PP755590.1|A/cattle/Texas/24-008749-003/2024(H5N1)	284	5784
MP|PP755590.1|A/cattle/Texas/24-008749-003/2024(H5N1)	285	5655
MP|PP755590.1|A/cattle/Texas/24-008749-003/2024(H5N1)	286	5519
MP|PP755590.1|A/cattle/Texas/24-008749-003/2024(H5N1)	287	5518
MP|PP755590.1|A/cattle/Texas/24-008749-003/2024(H5N1)	288	5351
MP|PP755590.1|A/cattle/Texas/24-008749-003/2024(H5N1)	289	5354
MP|PP755590.1|A/cattle/Texas/24-008749-003/2024(H5N1)	290	5351
MP|PP755590.1|A/cattle/Texas/24-008749-003/2024(H5N1)	291	5195
MP|PP755590.1|A/cattle/Texas/24-008749-003/2024(H5N1)	292	5182
MP|PP755590.1|A/cattle/Texas/24-008749-003/2024(H5N1)	293	5131
MP|PP755590.1|A/cattle/Texas/24-008749-003/2024(H5N1)	294	4516
MP|PP755590.1|A/cattle/Texas/24-008749-003/2024(H5N1)	295	4345
MP|PP755590.1|A/cattle/Texas/24-008749-003/2024(H5N1)	296	4360
MP|PP755590.1|A/cattle/Texas/24-008749-003/2024(H5N1)	297	4397
MP|PP755590.1|A/cattle/Texas/24-008749-003/2024(H5N1)	298	4402
MP|PP755590.1|A/cattle/Texas/24-008749-003/2024(H5N1)	299	4410
MP|PP755590.1|A/cattle/Texas/24-008749-003/2024(H5N1)	300	4410
MP|PP755590.1|A/cattle/Texas/24-008749-003/2024(H5N1)	301	4380
MP|PP755590.1|A/cattle/Texas/24-008749-003/2024(H5N1)	302	4342
MP|PP755590.1|A/cattle/Texas/24-008749-003/2024(H5N1)	303	4337
MP|PP755590.1|A/cattle/Texas/24-008749-003/2024(H5N1)	304	4336
MP|PP755590.1|A/cattle/Texas/24-008749-003/2024(H5N1)	305	4331
MP|PP755590.1|A/cattle/Texas/24-008749-003/2024(H5N1)	306	4196
MP|PP755590.1|A/cattle/Texas/24-008749-003/2024(H5N1)	307	4167
MP|PP755590.1|A/cattle/Texas/24-008749-003/2024(H5N1)	308	4143
MP|PP755590.1|A/cattle/Texas/24-008749-003/2024(H5N1)	309	4142
MP|PP755590.1|A/cattle/Texas/24-008749-003/2024(H5N1)	310	4142
MP|PP755590.1|A/cattle/Texas/24-008749-003/2024(H5N1)	311	4141
MP|PP755590.1|A/cattle/Texas/24-008749-003/2024(H5N1)	312	4140
MP|PP755590.1|A/cattle/Texas/24-008749-003/2024(H5N1)	313	4140
MP|PP755590.1|A/cattle/Texas/24-008749-003/2024(H5N1)	314	4140
MP|PP755590.1|A/cattle/Texas/24-008749-003/2024(H5N1)	315	4139
MP|PP755590.1|A/cattle/Texas/24-008749-003/2024(H5N1)	316	4144
MP|PP755590.1|A/cattle/Texas/24-008749-003/2024(H5N1)	317	4166
MP|PP755590.1|A/cattle/Texas/24-008749-003/2024(H5N1)	318	4166
MP|PP755590.1|A/cattle/Texas/24-008749-003/2024(H5N1)	319	5540
MP|PP755590.1|A/cattle/Texas/24-008749-003/2024(H5N1)	320	5547
MP|PP755590.1|A/cattle/Texas/24-008749-003/2024(H5N1)	321	5558
MP|PP755590.1|A/cattle/Texas/24-008749-003/2024(H5N1)	322	5615
MP|PP755590.1|A/cattle/Texas/24-008749-003/2024(H5N1)	323	5627
MP|PP755590.1|A/cattle/Texas/24-008749-003/2024(H5N1)	324	5642
MP|PP755590.1|A/cattle/Texas/24-008749-003/2024(H5N1)	325	5643
MP|PP755590.1|A/cattle/Texas/24-008749-003/2024(H5N1)	326	5647
MP|PP755590.1|A/cattle/Texas/24-008749-003/2024(H5N1)	327	5680
MP|PP755590.1|A/cattle/Texas/24-008749-003/2024(H5N1)	328	5679
MP|PP755590.1|A/cattle/Texas/24-008749-003/2024(H5N1)	329	5679
MP|PP755590.1|A/cattle/Texas/24-008749-003/2024(H5N1)	330	5675
MP|PP755590.1|A/cattle/Texas/24-008749-003/2024(H5N1)	331	5653
MP|PP755590.1|A/cattle/Texas/24-008749-003/2024(H5N1)	332	5777
MP|PP755590.1|A/cattle/Texas/24-008749-003/2024(H5N1)	333	5800
MP|PP755590.1|A/cattle/Texas/24-008749-003/2024(H5N1)	334	5795
MP|PP755590.1|A/cattle/Texas/24-008749-003/2024(H5N1)	335	5788
MP|PP755590.1|A/cattle/Texas/24-008749-003/2024(H5N1)	336	5773
MP|PP755590.1|A/cattle/Texas/24-008749-003/2024(H5N1)	337	5792
MP|PP755590.1|A/cattle/Texas/24-008749-003/2024(H5N1)	338	5862
MP|PP755590.1|A/cattle/Texas/24-008749-003/2024(H5N1)	339	5864
MP|PP755590.1|A/cattle/Texas/24-008749-003/2024(H5N1)	340	5873
MP|PP755590.1|A/cattle/Texas/24-008749-003/2024(H5N1)	341	5714
MP|PP755590.1|A/cattle/Texas/24-008749-003/2024(H5N1)	342	5630
MP|PP755590.1|A/cattle/Texas/24-008749-003/2024(H5N1)	343	5621
MP|PP755590.1|A/cattle/Texas/24-008749-003/2024(H5N1)	344	5629
MP|PP755590.1|A/cattle/Texas/24-008749-003/2024(H5N1)	345	5505
MP|PP755590.1|A/cattle/Texas/24-008749-003/2024(H5N1)	346	5633
MP|PP755590.1|A/cattle/Texas/24-008749-003/2024(H5N1)	347	5728
MP|PP755590.1|A/cattle/Texas/24-008749-003/2024(H5N1)	348	5729
MP|PP755590.1|A/cattle/Texas/24-008749-003/2024(H5N1)	349	5593
MP|PP755590.1|A/cattle/Texas/24-008749-003/2024(H5N1)	350	5553
MP|PP755590.1|A/cattle/Texas/24-008749-003/2024(H5N1)	351	5668
MP|PP755590.1|A/cattle/Texas/24-008749-003/2024(H5N1)	352	5645
MP|PP755590.1|A/cattle/Texas/24-008749-003/2024(H5N1)	353	5707
MP|PP755590.1|A/cattle/Texas/24-008749-003/2024(H5N1)	354	5683
MP|PP755590.1|A/cattle/Texas/24-008749-003/2024(H5N1)	355	5636
MP|PP755590.1|A/cattle/Texas/24-008749-003/2024(H5N1)	356	5650
MP|PP755590.1|A/cattle/Texas/24-008749-003/2024(H5N1)	357	5646
MP|PP755590.1|A/cattle/Texas/24-008749-003/2024(H5N1)	358	5641
MP|PP755590.1|A/cattle/Texas/24-008749-003/2024(H5N1)	359	5637
MP|PP755590.1|A/cattle/Texas/24-008749-003/2024(H5N1)	360	5477
MP|PP755590.1|A/cattle/Texas/24-008749-003/2024(H5N1)	361	5544
MP|PP755590.1|A/cattle/Texas/24-008749-003/2024(H5N1)	362	5481
MP|PP755590.1|A/cattle/Texas/24-008749-003/2024(H5N1)	363	5384
MP|PP755590.1|A/cattle/Texas/24-008749-003/2024(H5N1)	364	5381
MP|PP755590.1|A/cattle/Texas/24-008749-003/2024(H5N1)	365	5402
MP|PP755590.1|A/cattle/Texas/24-008749-003/2024(H5N1)	366	5359
MP|PP755590.1|A/cattle/Texas/24-008749-003/2024(H5N1)	367	5382
MP|PP755590.1|A/cattle/Texas/24-008749-003/2024(H5N1)	368	5247
MP|PP755590.1|A/cattle/Texas/24-008749-003/2024(H5N1)	369	5269
MP|PP755590.1|A/cattle/Texas/24-008749-003/2024(H5N1)	370	5167
MP|PP755590.1|A/cattle/Texas/24-008749-003/2024(H5N1)	371	5092
MP|PP755590.1|A/cattle/Texas/24-008749-003/2024(H5N1)	372	5131
MP|PP755590.1|A/cattle/Texas/24-008749-003/2024(H5N1)	373	5121
MP|PP755590.1|A/cattle/Texas/24-008749-003/2024(H5N1)	374	5135
MP|PP755590.1|A/cattle/Texas/24-008749-003/2024(H5N1)	375	5019
MP|PP755590.1|A/cattle/Texas/24-008749-003/2024(H5N1)	376	5002
MP|PP755590.1|A/cattle/Texas/24-008749-003/2024(H5N1)	377	4995
MP|PP755590.1|A/cattle/Texas/24-008749-003/2024(H5N1)	378	4897
MP|PP755590.1|A/cattle/Texas/24-008749-003/2024(H5N1)	379	4884
MP|PP755590.1|A/cattle/Texas/24-008749-003/2024(H5N1)	380	4952
MP|PP755590.1|A/cattle/Texas/24-008749-003/2024(H5N1)	381	4975
MP|PP755590.1|A/cattle/Texas/24-008749-003/2024(H5N1)	382	5029
MP|PP755590.1|A/cattle/Texas/24-008749-003/2024(H5N1)	383	5038
MP|PP755590.1|A/cattle/Texas/24-008749-003/2024(H5N1)	384	5026
MP|PP755590.1|A/cattle/Texas/24-008749-003/2024(H5N1)	385	5076
MP|PP755590.1|A/cattle/Texas/24-008749-003/2024(H5N1)	386	5110
MP|PP755590.1|A/cattle/Texas/24-008749-003/2024(H5N1)	387	5193
MP|PP755590.1|A/cattle/Texas/24-008749-003/2024(H5N1)	388	5262
MP|PP755590.1|A/cattle/Texas/24-008749-003/2024(H5N1)	389	5164
MP|PP755590.1|A/cattle/Texas/24-008749-003/2024(H5N1)	390	5210
MP|PP755590.1|A/cattle/Texas/24-008749-003/2024(H5N1)	391	5544
MP|PP755590.1|A/cattle/Texas/24-008749-003/2024(H5N1)	392	5548
MP|PP755590.1|A/cattle/Texas/24-008749-003/2024(H5N1)	393	5569
MP|PP755590.1|A/cattle/Texas/24-008749-003/2024(H5N1)	394	5521
MP|PP755590.1|A/cattle/Texas/24-008749-003/2024(H5N1)	395	5466
MP|PP755590.1|A/cattle/Texas/24-008749-003/2024(H5N1)	396	5810
MP|PP755590.1|A/cattle/Texas/24-008749-003/2024(H5N1)	397	5688
MP|PP755590.1|A/cattle/Texas/24-008749-003/2024(H5N1)	398	5682
MP|PP755590.1|A/cattle/Texas/24-008749-003/2024(H5N1)	399	5658
MP|PP755590.1|A/cattle/Texas/24-008749-003/2024(H5N1)	400	5429
MP|PP755590.1|A/cattle/Texas/24-008749-003/2024(H5N1)	401	5516
MP|PP755590.1|A/cattle/Texas/24-008749-003/2024(H5N1)	402	5763
MP|PP755590.1|A/cattle/Texas/24-008749-003/2024(H5N1)	403	5757
MP|PP755590.1|A/cattle/Texas/24-008749-003/2024(H5N1)	404	5762
MP|PP755590.1|A/cattle/Texas/24-008749-003/2024(H5N1)	405	5660
MP|PP755590.1|A/cattle/Texas/24-008749-003/2024(H5N1)	406	5668
MP|PP755590.1|A/cattle/Texas/24-008749-003/2024(H5N1)	407	5767
MP|PP755590.1|A/cattle/Texas/24-008749-003/2024(H5N1)	408	5786
MP|PP755590.1|A/cattle/Texas/24-008749-003/2024(H5N1)	409	5755
MP|PP755590.1|A/cattle/Texas/24-008749-003/2024(H5N1)	410	5720
MP|PP755590.1|A/cattle/Texas/24-008749-003/2024(H5N1)	411	5528
MP|PP755590.1|A/cattle/Texas/24-008749-003/2024(H5N1)	412	5537
MP|PP755590.1|A/cattle/Texas/24-008749-003/2024(H5N1)	413	5622
MP|PP755590.1|A/cattle/Texas/24-008749-003/2024(H5N1)	414	5630
MP|PP755590.1|A/cattle/Texas/24-008749-003/2024(H5N1)	415	5649
MP|PP755590.1|A/cattle/Texas/24-008749-003/2024(H5N1)	416	5555
MP|PP755590.1|A/cattle/Texas/24-008749-003/2024(H5N1)	417	5535
MP|PP755590.1|A/cattle/Texas/24-008749-003/2024(H5N1)	418	5479
MP|PP755590.1|A/cattle/Texas/24-008749-003/2024(H5N1)	419	5503
MP|PP755590.1|A/cattle/Texas/24-008749-003/2024(H5N1)	420	5500
MP|PP755590.1|A/cattle/Texas/24-008749-003/2024(H5N1)	421	5816
MP|PP755590.1|A/cattle/Texas/24-008749-003/2024(H5N1)	422	5855
MP|PP755590.1|A/cattle/Texas/24-008749-003/2024(H5N1)	423	5855
MP|PP755590.1|A/cattle/Texas/24-008749-003/2024(H5N1)	424	5729
MP|PP755590.1|A/cattle/Texas/24-008749-003/2024(H5N1)	425	5683
MP|PP755590.1|A/cattle/Texas/24-008749-003/2024(H5N1)	426	5669
MP|PP755590.1|A/cattle/Texas/24-008749-003/2024(H5N1)	427	5713
MP|PP755590.1|A/cattle/Texas/24-008749-003/2024(H5N1)	428	5848
MP|PP755590.1|A/cattle/Texas/24-008749-003/2024(H5N1)	429	5848
MP|PP755590.1|A/cattle/Texas/24-008749-003/2024(H5N1)	430	5690
MP|PP755590.1|A/cattle/Texas/24-008749-003/2024(H5N1)	431	5692
MP|PP755590.1|A/cattle/Texas/24-008749-003/2024(H5N1)	432	5686
MP|PP755590.1|A/cattle/Texas/24-008749-003/2024(H5N1)	433	5857
MP|PP755590.1|A/cattle/Texas/24-008749-003/2024(H5N1)	434	5885
MP|PP755590.1|A/cattle/Texas/24-008749-003/2024(H5N1)	435	5828
MP|PP755590.1|A/cattle/Texas/24-008749-003/2024(H5N1)	436	5762
MP|PP755590.1|A/cattle/Texas/24-008749-003/2024(H5N1)	437	5741
MP|PP755590.1|A/cattle/Texas/24-008749-003/2024(H5N1)	438	5844
MP|PP755590.1|A/cattle/Texas/24-008749-003/2024(H5N1)	439	5955
MP|PP755590.1|A/cattle/Texas/24-008749-003/2024(H5N1)	440	5965
MP|PP755590.1|A/cattle/Texas/24-008749-003/2024(H5N1)	441	5986
MP|PP755590.1|A/cattle/Texas/24-008749-003/2024(H5N1)	442	5814
MP|PP755590.1|A/cattle/Texas/24-008749-003/2024(H5N1)	443	5823
MP|PP755590.1|A/cattle/Texas/24-008749-003/2024(H5N1)	444	5896
MP|PP755590.1|A/cattle/Texas/24-008749-003/2024(H5N1)	445	5879
MP|PP755590.1|A/cattle/Texas/24-008749-003/2024(H5N1)	446	5878
MP|PP755590.1|A/cattle/Texas/24-008749-003/2024(H5N1)	447	5583
MP|PP755590.1|A/cattle/Texas/24-008749-003/2024(H5N1)	448	5503
MP|PP755590.1|A/cattle/Texas/24-008749-003/2024(H5N1)	449	5566
MP|PP755590.1|A/cattle/Texas/24-008749-003/2024(H5N1)	450	5525
MP|PP755590.1|A/cattle/Texas/24-008749-003/2024(H5N1)	451	5577
MP|PP755590.1|A/cattle/Texas/24-008749-003/2024(H5N1)	452	5575
MP|PP755590.1|A/cattle/Texas/24-008749-003/2024(H5N1)	453	5428
MP|PP755590.1|A/cattle/Texas/24-008749-003/2024(H5N1)	454	5427
MP|PP755590.1|A/cattle/Texas/24-008749-003/2024(H5N1)	455	5460
MP|PP755590.1|A/cattle/Texas/24-008749-003/2024(H5N1)	456	5462
MP|PP755590.1|A/cattle/Texas/24-008749-003/2024(H5N1)	457	5496
MP|PP755590.1|A/cattle/Texas/24-008749-003/2024(H5N1)	458	5391
MP|PP755590.1|A/cattle/Texas/24-008749-003/2024(H5N1)	459	5412
MP|PP755590.1|A/cattle/Texas/24-008749-003/2024(H5N1)	460	5439
MP|PP755590.1|A/cattle/Texas/24-008749-003/2024(H5N1)	461	5548
MP|PP755590.1|A/cattle/Texas/24-008749-003/2024(H5N1)	462	5584
MP|PP755590.1|A/cattle/Texas/24-008749-003/2024(H5N1)	463	5591
MP|PP755590.1|A/cattle/Texas/24-008749-003/2024(H5N1)	464	5633
MP|PP755590.1|A/cattle/Texas/24-008749-003/2024(H5N1)	465	5622
MP|PP755590.1|A/cattle/Texas/24-008749-003/2024(H5N1)	466	5633
MP|PP755590.1|A/cattle/Texas/24-008749-003/2024(H5N1)	467	5629
MP|PP755590.1|A/cattle/Texas/24-008749-003/2024(H5N1)	468	5631
MP|PP755590.1|A/cattle/Texas/24-008749-003/2024(H5N1)	469	5649
MP|PP755590.1|A/cattle/Texas/24-008749-003/2024(H5N1)	470	5642
MP|PP755590.1|A/cattle/Texas/24-008749-003/2024(H5N1)	471	5636
MP|PP755590.1|A/cattle/Texas/24-008749-003/2024(H5N1)	472	5591
MP|PP755590.1|A/cattle/Texas/24-008749-003/2024(H5N1)	473	5586
MP|PP755590.1|A/cattle/Texas/24-008749-003/2024(H5N1)	474	5599
MP|PP755590.1|A/cattle/Texas/24-008749-003/2024(H5N1)	475	5588
MP|PP755590.1|A/cattle/Texas/24-008749-003/2024(H5N1)	476	5585
MP|PP755590.1|A/cattle/Texas/24-008749-003/2024(H5N1)	477	5621
MP|PP755590.1|A/cattle/Texas/24-008749-003/2024(H5N1)	478	5593
MP|PP755590.1|A/cattle/Texas/24-008749-003/2024(H5N1)	479	5593
MP|PP755590.1|A/cattle/Texas/24-008749-003/2024(H5N1)	480	5593
MP|PP755590.1|A/cattle/Texas/24-008749-003/2024(H5N1)	481	5593
MP|PP755590.1|A/cattle/Texas/24-008749-003/2024(H5N1)	482	5455
MP|PP755590.1|A/cattle/Texas/24-008749-003/2024(H5N1)	483	5431
MP|PP755590.1|A/cattle/Texas/24-008749-003/2024(H5N1)	484	5429
MP|PP755590.1|A/cattle/Texas/24-008749-003/2024(H5N1)	485	5429
MP|PP755590.1|A/cattle/Texas/24-008749-003/2024(H5N1)	486	5425
MP|PP755590.1|A/cattle/Texas/24-008749-003/2024(H5N1)	487	5401
MP|PP755590.1|A/cattle/Texas/24-008749-003/2024(H5N1)	488	5382
MP|PP755590.1|A/cattle/Texas/24-008749-003/2024(H5N1)	489	5106
MP|PP755590.1|A/cattle/Texas/24-008749-003/2024(H5N1)	490	5078
MP|PP755590.1|A/cattle/Texas/24-008749-003/2024(H5N1)	491	5067
MP|PP755590.1|A/cattle/Texas/24-008749-003/2024(H5N1)	492	3075
MP|PP755590.1|A/cattle/Texas/24-008749-003/2024(H5N1)	493	3063
MP|PP755590.1|A/cattle/Texas/24-008749-003/2024(H5N1)	494	3051
MP|PP755590.1|A/cattle/Texas/24-008749-003/2024(H5N1)	495	3037
MP|PP755590.1|A/cattle/Texas/24-008749-003/2024(H5N1)	496	3037
MP|PP755590.1|A/cattle/Texas/24-008749-003/2024(H5N1)	497	3034
MP|PP755590.1|A/cattle/Texas/24-008749-003/2024(H5N1)	498	3034
MP|PP755590.1|A/cattle/Texas/24-008749-003/2024(H5N1)	499	3051
MP|PP755590.1|A/cattle/Texas/24-008749-003/2024(H5N1)	500	3051
MP|PP755590.1|A/cattle/Texas/24-008749-003/2024(H5N1)	501	3051
MP|PP755590.1|A/cattle/Texas/24-008749-003/2024(H5N1)	502	3060
MP|PP755590.1|A/cattle/Texas/24-008749-003/2024(H5N1)	503	3140
MP|PP755590.1|A/cattle/Texas/24-008749-003/2024(H5N1)	504	3156
MP|PP755590.1|A/cattle/Texas/24-008749-003/2024(H5N1)	505	3835
MP|PP755590.1|A/cattle/Texas/24-008749-003/2024(H5N1)	506	3845
MP|PP755590.1|A/cattle/Texas/24-008749-003/2024(H5N1)	507	3847
MP|PP755590.1|A/cattle/Texas/24-008749-003/2024(H5N1)	508	3854
MP|PP755590.1|A/cattle/Texas/24-008749-003/2024(H5N1)	509	3864
MP|PP755590.1|A/cattle/Texas/24-008749-003/2024(H5N1)	510	3868
MP|PP755590.1|A/cattle/Texas/24-008749-003/2024(H5N1)	511	3910
MP|PP755590.1|A/cattle/Texas/24-008749-003/2024(H5N1)	512	3910
MP|PP755590.1|A/cattle/Texas/24-008749-003/2024(H5N1)	513	3910
MP|PP755590.1|A/cattle/Texas/24-008749-003/2024(H5N1)	514	4006
MP|PP755590.1|A/cattle/Texas/24-008749-003/2024(H5N1)	515	4006
MP|PP755590.1|A/cattle/Texas/24-008749-003/2024(H5N1)	516	4055
MP|PP755590.1|A/cattle/Texas/24-008749-003/2024(H5N1)	517	4209
MP|PP755590.1|A/cattle/Texas/24-008749-003/2024(H5N1)	518	4218
MP|PP755590.1|A/cattle/Texas/24-008749-003/2024(H5N1)	519	4218
MP|PP755590.1|A/cattle/Texas/24-008749-003/2024(H5N1)	520	4219
MP|PP755590.1|A/cattle/Texas/24-008749-003/2024(H5N1)	521	4261
MP|PP755590.1|A/cattle/Texas/24-008749-003/2024(H5N1)	522	4302
MP|PP755590.1|A/cattle/Texas/24-008749-003/2024(H5N1)	523	4370
MP|PP755590.1|A/cattle/Texas/24-008749-003/2024(H5N1)	524	4475
MP|PP755590.1|A/cattle/Texas/24-008749-003/2024(H5N1)	525	4485
MP|PP755590.1|A/cattle/Texas/24-008749-003/2024(H5N1)	526	4501
MP|PP755590.1|A/cattle/Texas/24-008749-003/2024(H5N1)	527	4501
MP|PP755590.1|A/cattle/Texas/24-008749-003/2024(H5N1)	528	4489
MP|PP755590.1|A/cattle/Texas/24-008749-003/2024(H5N1)	529	4514
MP|PP755590.1|A/cattle/Texas/24-008749-003/2024(H5N1)	530	4521
MP|PP755590.1|A/cattle/Texas/24-008749-003/2024(H5N1)	531	4527
MP|PP755590.1|A/cattle/Texas/24-008749-003/2024(H5N1)	532	4526
MP|PP755590.1|A/cattle/Texas/24-008749-003/2024(H5N1)	533	4526
MP|PP755590.1|A/cattle/Texas/24-008749-003/2024(H5N1)	534	4518
MP|PP755590.1|A/cattle/Texas/24-008749-003/2024(H5N1)	535	4597
MP|PP755590.1|A/cattle/Texas/24-008749-003/2024(H5N1)	536	4597
MP|PP755590.1|A/cattle/Texas/24-008749-003/2024(H5N1)	537	4597
MP|PP755590.1|A/cattle/Texas/24-008749-003/2024(H5N1)	538	4574
MP|PP755590.1|A/cattle/Texas/24-008749-003/2024(H5N1)	539	4523
MP|PP755590.1|A/cattle/Texas/24-008749-003/2024(H5N1)	540	4520
MP|PP755590.1|A/cattle/Texas/24-008749-003/2024(H5N1)	541	4573
MP|PP755590.1|A/cattle/Texas/24-008749-003/2024(H5N1)	542	5491
MP|PP755590.1|A/cattle/Texas/24-008749-003/2024(H5N1)	543	5724
MP|PP755590.1|A/cattle/Texas/24-008749-003/2024(H5N1)	544	5726
MP|PP755590.1|A/cattle/Texas/24-008749-003/2024(H5N1)	545	5740
MP|PP755590.1|A/cattle/Texas/24-008749-003/2024(H5N1)	546	5748
MP|PP755590.1|A/cattle/Texas/24-008749-003/2024(H5N1)	547	5751
MP|PP755590.1|A/cattle/Texas/24-008749-003/2024(H5N1)	548	5965
MP|PP755590.1|A/cattle/Texas/24-008749-003/2024(H5N1)	549	5978
MP|PP755590.1|A/cattle/Texas/24-008749-003/2024(H5N1)	550	5987
MP|PP755590.1|A/cattle/Texas/24-008749-003/2024(H5N1)	551	5787
MP|PP755590.1|A/cattle/Texas/24-008749-003/2024(H5N1)	552	5609
MP|PP755590.1|A/cattle/Texas/24-008749-003/2024(H5N1)	553	5611
MP|PP755590.1|A/cattle/Texas/24-008749-003/2024(H5N1)	554	5604
MP|PP755590.1|A/cattle/Texas/24-008749-003/2024(H5N1)	555	5721
MP|PP755590.1|A/cattle/Texas/24-008749-003/2024(H5N1)	556	5755
MP|PP755590.1|A/cattle/Texas/24-008749-003/2024(H5N1)	557	5583
MP|PP755590.1|A/cattle/Texas/24-008749-003/2024(H5N1)	558	5573
MP|PP755590.1|A/cattle/Texas/24-008749-003/2024(H5N1)	559	5571
MP|PP755590.1|A/cattle/Texas/24-008749-003/2024(H5N1)	560	5751
MP|PP755590.1|A/cattle/Texas/24-008749-003/2024(H5N1)	561	5784
MP|PP755590.1|A/cattle/Texas/24-008749-003/2024(H5N1)	562	5795
MP|PP755590.1|A/cattle/Texas/24-008749-003/2024(H5N1)	563	5806
MP|PP755590.1|A/cattle/Texas/24-008749-003/2024(H5N1)	564	5662
MP|PP755590.1|A/cattle/Texas/24-008749-003/2024(H5N1)	565	5653
MP|PP755590.1|A/cattle/Texas/24-008749-003/2024(H5N1)	566	5657
MP|PP755590.1|A/cattle/Texas/24-008749-003/2024(H5N1)	567	5619
MP|PP755590.1|A/cattle/Texas/24-008749-003/2024(H5N1)	568	5681
MP|PP755590.1|A/cattle/Texas/24-008749-003/2024(H5N1)	569	5501
MP|PP755590.1|A/cattle/Texas/24-008749-003/2024(H5N1)	570	5605
MP|PP755590.1|A/cattle/Texas/24-008749-003/2024(H5N1)	571	5575
MP|PP755590.1|A/cattle/Texas/24-008749-003/2024(H5N1)	572	5539
MP|PP755590.1|A/cattle/Texas/24-008749-003/2024(H5N1)	573	5546
MP|PP755590.1|A/cattle/Texas/24-008749-003/2024(H5N1)	574	5580
MP|PP755590.1|A/cattle/Texas/24-008749-003/2024(H5N1)	575	5625
MP|PP755590.1|A/cattle/Texas/24-008749-003/2024(H5N1)	576	5616
MP|PP755590.1|A/cattle/Texas/24-008749-003/2024(H5N1)	577	5566
MP|PP755590.1|A/cattle/Texas/24-008749-003/2024(H5N1)	578	5512
MP|PP755590.1|A/cattle/Texas/24-008749-003/2024(H5N1)	579	5052
MP|PP755590.1|A/cattle/Texas/24-008749-003/2024(H5N1)	580	5056
MP|PP755590.1|A/cattle/Texas/24-008749-003/2024(H5N1)	581	5055
MP|PP755590.1|A/cattle/Texas/24-008749-003/2024(H5N1)	582	5048
MP|PP755590.1|A/cattle/Texas/24-008749-003/2024(H5N1)	583	5056
MP|PP755590.1|A/cattle/Texas/24-008749-003/2024(H5N1)	584	5129
MP|PP755590.1|A/cattle/Texas/24-008749-003/2024(H5N1)	585	5128
MP|PP755590.1|A/cattle/Texas/24-008749-003/2024(H5N1)	586	5340
MP|PP755590.1|A/cattle/Texas/24-008749-003/2024(H5N1)	587	5350
MP|PP755590.1|A/cattle/Texas/24-008749-003/2024(H5N1)	588	5428
MP|PP755590.1|A/cattle/Texas/24-008749-003/2024(H5N1)	589	5435
MP|PP755590.1|A/cattle/Texas/24-008749-003/2024(H5N1)	590	5269
MP|PP755590.1|A/cattle/Texas/24-008749-003/2024(H5N1)	591	5274
MP|PP755590.1|A/cattle/Texas/24-008749-003/2024(H5N1)	592	5256
MP|PP755590.1|A/cattle/Texas/24-008749-003/2024(H5N1)	593	5245
MP|PP755590.1|A/cattle/Texas/24-008749-003/2024(H5N1)	594	5205
MP|PP755590.1|A/cattle/Texas/24-008749-003/2024(H5N1)	595	5140
MP|PP755590.1|A/cattle/Texas/24-008749-003/2024(H5N1)	596	5135
MP|PP755590.1|A/cattle/Texas/24-008749-003/2024(H5N1)	597	5124
MP|PP755590.1|A/cattle/Texas/24-008749-003/2024(H5N1)	598	5123
MP|PP755590.1|A/cattle/Texas/24-008749-003/2024(H5N1)	599	4513
MP|PP755590.1|A/cattle/Texas/24-008749-003/2024(H5N1)	600	4509
MP|PP755590.1|A/cattle/Texas/24-008749-003/2024(H5N1)	601	4516
MP|PP755590.1|A/cattle/Texas/24-008749-003/2024(H5N1)	602	4517
MP|PP755590.1|A/cattle/Texas/24-008749-003/2024(H5N1)	603	4517
MP|PP755590.1|A/cattle/Texas/24-008749-003/2024(H5N1)	604	4559
MP|PP755590.1|A/cattle/Texas/24-008749-003/2024(H5N1)	605	4617
MP|PP755590.1|A/cattle/Texas/24-008749-003/2024(H5N1)	606	4639
MP|PP755590.1|A/cattle/Texas/24-008749-003/2024(H5N1)	607	5264
MP|PP755590.1|A/cattle/Texas/24-008749-003/2024(H5N1)	608	5339
MP|PP755590.1|A/cattle/Texas/24-008749-003/2024(H5N1)	609	5349
MP|PP755590.1|A/cattle/Texas/24-008749-003/2024(H5N1)	610	5364
MP|PP755590.1|A/cattle/Texas/24-008749-003/2024(H5N1)	611	5366
MP|PP755590.1|A/cattle/Texas/24-008749-003/2024(H5N1)	612	5393
MP|PP755590.1|A/cattle/Texas/24-008749-003/2024(H5N1)	613	5472
MP|PP755590.1|A/cattle/Texas/24-008749-003/2024(H5N1)	614	5549
MP|PP755590.1|A/cattle/Texas/24-008749-003/2024(H5N1)	615	5543
MP|PP755590.1|A/cattle/Texas/24-008749-003/2024(H5N1)	616	5544
MP|PP755590.1|A/cattle/Texas/24-008749-003/2024(H5N1)	617	5580
MP|PP755590.1|A/cattle/Texas/24-008749-003/2024(H5N1)	618	5579
MP|PP755590.1|A/cattle/Texas/24-008749-003/2024(H5N1)	619	5640
MP|PP755590.1|A/cattle/Texas/24-008749-003/2024(H5N1)	620	5625
MP|PP755590.1|A/cattle/Texas/24-008749-003/2024(H5N1)	621	5692
MP|PP755590.1|A/cattle/Texas/24-008749-003/2024(H5N1)	622	5692
MP|PP755590.1|A/cattle/Texas/24-008749-003/2024(H5N1)	623	5684
MP|PP755590.1|A/cattle/Texas/24-008749-003/2024(H5N1)	624	5828
MP|PP755590.1|A/cattle/Texas/24-008749-003/2024(H5N1)	625	5886
MP|PP755590.1|A/cattle/Texas/24-008749-003/2024(H5N1)	626	5882
MP|PP755590.1|A/cattle/Texas/24-008749-003/2024(H5N1)	627	5881
MP|PP755590.1|A/cattle/Texas/24-008749-003/2024(H5N1)	628	5853
MP|PP755590.1|A/cattle/Texas/24-008749-003/2024(H5N1)	629	5929
MP|PP755590.1|A/cattle/Texas/24-008749-003/2024(H5N1)	630	5928
MP|PP755590.1|A/cattle/Texas/24-008749-003/2024(H5N1)	631	5905
MP|PP755590.1|A/cattle/Texas/24-008749-003/2024(H5N1)	632	5797
MP|PP755590.1|A/cattle/Texas/24-008749-003/2024(H5N1)	633	5767
MP|PP755590.1|A/cattle/Texas/24-008749-003/2024(H5N1)	634	5748
MP|PP755590.1|A/cattle/Texas/24-008749-003/2024(H5N1)	635	5756
MP|PP755590.1|A/cattle/Texas/24-008749-003/2024(H5N1)	636	5802
MP|PP755590.1|A/cattle/Texas/24-008749-003/2024(H5N1)	637	5877
MP|PP755590.1|A/cattle/Texas/24-008749-003/2024(H5N1)	638	5882
MP|PP755590.1|A/cattle/Texas/24-008749-003/2024(H5N1)	639	5812
MP|PP755590.1|A/cattle/Texas/24-008749-003/2024(H5N1)	640	5804
MP|PP755590.1|A/cattle/Texas/24-008749-003/2024(H5N1)	641	5790
MP|PP755590.1|A/cattle/Texas/24-008749-003/2024(H5N1)	642	5865
MP|PP755590.1|A/cattle/Texas/24-008749-003/2024(H5N1)	643	5963
MP|PP755590.1|A/cattle/Texas/24-008749-003/2024(H5N1)	644	6003
MP|PP755590.1|A/cattle/Texas/24-008749-003/2024(H5N1)	645	5968
MP|PP755590.1|A/cattle/Texas/24-008749-003/2024(H5N1)	646	5982
MP|PP755590.1|A/cattle/Texas/24-008749-003/2024(H5N1)	647	5961
MP|PP755590.1|A/cattle/Texas/24-008749-003/2024(H5N1)	648	5971
MP|PP755590.1|A/cattle/Texas/24-008749-003/2024(H5N1)	649	5954
MP|PP755590.1|A/cattle/Texas/24-008749-003/2024(H5N1)	650	5966
MP|PP755590.1|A/cattle/Texas/24-008749-003/2024(H5N1)	651	6001
MP|PP755590.1|A/cattle/Texas/24-008749-003/2024(H5N1)	652	5964
MP|PP755590.1|A/cattle/Texas/24-008749-003/2024(H5N1)	653	6035
MP|PP755590.1|A/cattle/Texas/24-008749-003/2024(H5N1)	654	6119
MP|PP755590.1|A/cattle/Texas/24-008749-003/2024(H5N1)	655	6112
MP|PP755590.1|A/cattle/Texas/24-008749-003/2024(H5N1)	656	6278
MP|PP755590.1|A/cattle/Texas/24-008749-003/2024(H5N1)	657	6270
MP|PP755590.1|A/cattle/Texas/24-008749-003/2024(H5N1)	658	6269
MP|PP755590.1|A/cattle/Texas/24-008749-003/2024(H5N1)	659	6324
MP|PP755590.1|A/cattle/Texas/24-008749-003/2024(H5N1)	660	6326
MP|PP755590.1|A/cattle/Texas/24-008749-003/2024(H5N1)	661	6459
MP|PP755590.1|A/cattle/Texas/24-008749-003/2024(H5N1)	662	6412
MP|PP755590.1|A/cattle/Texas/24-008749-003/2024(H5N1)	663	6310
MP|PP755590.1|A/cattle/Texas/24-008749-003/2024(H5N1)	664	6348
MP|PP755590.1|A/cattle/Texas/24-008749-003/2024(H5N1)	665	6247
MP|PP755590.1|A/cattle/Texas/24-008749-003/2024(H5N1)	666	6460
MP|PP755590.1|A/cattle/Texas/24-008749-003/2024(H5N1)	667	6419
MP|PP755590.1|A/cattle/Texas/24-008749-003/2024(H5N1)	668	6392
MP|PP755590.1|A/cattle/Texas/24-008749-003/2024(H5N1)	669	6399
MP|PP755590.1|A/cattle/Texas/24-008749-003/2024(H5N1)	670	6394
MP|PP755590.1|A/cattle/Texas/24-008749-003/2024(H5N1)	671	6402
MP|PP755590.1|A/cattle/Texas/24-008749-003/2024(H5N1)	672	6644
MP|PP755590.1|A/cattle/Texas/24-008749-003/2024(H5N1)	673	6617
MP|PP755590.1|A/cattle/Texas/24-008749-003/2024(H5N1)	674	6643
MP|PP755590.1|A/cattle/Texas/24-008749-003/2024(H5N1)	675	6512
MP|PP755590.1|A/cattle/Texas/24-008749-003/2024(H5N1)	676	6505
MP|PP755590.1|A/cattle/Texas/24-008749-003/2024(H5N1)	677	6493
MP|PP755590.1|A/cattle/Texas/24-008749-003/2024(H5N1)	678	6483
MP|PP755590.1|A/cattle/Texas/24-008749-003/2024(H5N1)	679	6177
MP|PP755590.1|A/cattle/Texas/24-008749-003/2024(H5N1)	680	6159
MP|PP755590.1|A/cattle/Texas/24-008749-003/2024(H5N1)	681	5881
MP|PP755590.1|A/cattle/Texas/24-008749-003/2024(H5N1)	682	6076
MP|PP755590.1|A/cattle/Texas/24-008749-003/2024(H5N1)	683	6102
MP|PP755590.1|A/cattle/Texas/24-008749-003/2024(H5N1)	684	6116
MP|PP755590.1|A/cattle/Texas/24-008749-003/2024(H5N1)	685	6122
MP|PP755590.1|A/cattle/Texas/24-008749-003/2024(H5N1)	686	6028
MP|PP755590.1|A/cattle/Texas/24-008749-003/2024(H5N1)	687	6043
MP|PP755590.1|A/cattle/Texas/24-008749-003/2024(H5N1)	688	6079
MP|PP755590.1|A/cattle/Texas/24-008749-003/2024(H5N1)	689	5818
MP|PP755590.1|A/cattle/Texas/24-008749-003/2024(H5N1)	690	5826
MP|PP755590.1|A/cattle/Texas/24-008749-003/2024(H5N1)	691	5795
MP|PP755590.1|A/cattle/Texas/24-008749-003/2024(H5N1)	692	5797
MP|PP755590.1|A/cattle/Texas/24-008749-003/2024(H5N1)	693	5769
MP|PP755590.1|A/cattle/Texas/24-008749-003/2024(H5N1)	694	5564
MP|PP755590.1|A/cattle/Texas/24-008749-003/2024(H5N1)	695	5618
MP|PP755590.1|A/cattle/Texas/24-008749-003/2024(H5N1)	696	5685
MP|PP755590.1|A/cattle/Texas/24-008749-003/2024(H5N1)	697	5489
MP|PP755590.1|A/cattle/Texas/24-008749-003/2024(H5N1)	698	5482
MP|PP755590.1|A/cattle/Texas/24-008749-003/2024(H5N1)	699	5485
MP|PP755590.1|A/cattle/Texas/24-008749-003/2024(H5N1)	700	5474
MP|PP755590.1|A/cattle/Texas/24-008749-003/2024(H5N1)	701	5477
MP|PP755590.1|A/cattle/Texas/24-008749-003/2024(H5N1)	702	5480
MP|PP755590.1|A/cattle/Texas/24-008749-003/2024(H5N1)	703	5483
MP|PP755590.1|A/cattle/Texas/24-008749-003/2024(H5N1)	704	5484
MP|PP755590.1|A/cattle/Texas/24-008749-003/2024(H5N1)	705	5484
MP|PP755590.1|A/cattle/Texas/24-008749-003/2024(H5N1)	706	5358
MP|PP755590.1|A/cattle/Texas/24-008749-003/2024(H5N1)	707	5372
MP|PP755590.1|A/cattle/Texas/24-008749-003/2024(H5N1)	708	5467
MP|PP755590.1|A/cattle/Texas/24-008749-003/2024(H5N1)	709	5521
MP|PP755590.1|A/cattle/Texas/24-008749-003/2024(H5N1)	710	5518
MP|PP755590.1|A/cattle/Texas/24-008749-003/2024(H5N1)	711	5331
MP|PP755590.1|A/cattle/Texas/24-008749-003/2024(H5N1)	712	5301
MP|PP755590.1|A/cattle/Texas/24-008749-003/2024(H5N1)	713	5297
MP|PP755590.1|A/cattle/Texas/24-008749-003/2024(H5N1)	714	5302
MP|PP755590.1|A/cattle/Texas/24-008749-003/2024(H5N1)	715	5319
MP|PP755590.1|A/cattle/Texas/24-008749-003/2024(H5N1)	716	5312
MP|PP755590.1|A/cattle/Texas/24-008749-003/2024(H5N1)	717	5254
MP|PP755590.1|A/cattle/Texas/24-008749-003/2024(H5N1)	718	5284
MP|PP755590.1|A/cattle/Texas/24-008749-003/2024(H5N1)	719	5359
MP|PP755590.1|A/cattle/Texas/24-008749-003/2024(H5N1)	720	5262
MP|PP755590.1|A/cattle/Texas/24-008749-003/2024(H5N1)	721	5263
MP|PP755590.1|A/cattle/Texas/24-008749-003/2024(H5N1)	722	5257
MP|PP755590.1|A/cattle/Texas/24-008749-003/2024(H5N1)	723	5223
MP|PP755590.1|A/cattle/Texas/24-008749-003/2024(H5N1)	724	5226
MP|PP755590.1|A/cattle/Texas/24-008749-003/2024(H5N1)	725	5239
MP|PP755590.1|A/cattle/Texas/24-008749-003/2024(H5N1)	726	5250
MP|PP755590.1|A/cattle/Texas/24-008749-003/2024(H5N1)	727	5261
MP|PP755590.1|A/cattle/Texas/24-008749-003/2024(H5N1)	728	5277
MP|PP755590.1|A/cattle/Texas/24-008749-003/2024(H5N1)	729	5273
MP|PP755590.1|A/cattle/Texas/24-008749-003/2024(H5N1)	730	5287
MP|PP755590.1|A/cattle/Texas/24-008749-003/2024(H5N1)	731	5287
MP|PP755590.1|A/cattle/Texas/24-008749-003/2024(H5N1)	732	5160
MP|PP755590.1|A/cattle/Texas/24-008749-003/2024(H5N1)	733	5241
MP|PP755590.1|A/cattle/Texas/24-008749-003/2024(H5N1)	734	5272
MP|PP755590.1|A/cattle/Texas/24-008749-003/2024(H5N1)	735	5235
MP|PP755590.1|A/cattle/Texas/24-008749-003/2024(H5N1)	736	5299
MP|PP755590.1|A/cattle/Texas/24-008749-003/2024(H5N1)	737	5290
MP|PP755590.1|A/cattle/Texas/24-008749-003/2024(H5N1)	738	5283
MP|PP755590.1|A/cattle/Texas/24-008749-003/2024(H5N1)	739	5300
MP|PP755590.1|A/cattle/Texas/24-008749-003/2024(H5N1)	740	5355
MP|PP755590.1|A/cattle/Texas/24-008749-003/2024(H5N1)	741	5350
MP|PP755590.1|A/cattle/Texas/24-008749-003/2024(H5N1)	742	5346
MP|PP755590.1|A/cattle/Texas/24-008749-003/2024(H5N1)	743	5321
MP|PP755590.1|A/cattle/Texas/24-008749-003/2024(H5N1)	744	5310
MP|PP755590.1|A/cattle/Texas/24-008749-003/2024(H5N1)	745	5286
MP|PP755590.1|A/cattle/Texas/24-008749-003/2024(H5N1)	746	5206
MP|PP755590.1|A/cattle/Texas/24-008749-003/2024(H5N1)	747	5070
MP|PP755590.1|A/cattle/Texas/24-008749-003/2024(H5N1)	748	5162
MP|PP755590.1|A/cattle/Texas/24-008749-003/2024(H5N1)	749	5171
MP|PP755590.1|A/cattle/Texas/24-008749-003/2024(H5N1)	750	5360
MP|PP755590.1|A/cattle/Texas/24-008749-003/2024(H5N1)	751	5353
MP|PP755590.1|A/cattle/Texas/24-008749-003/2024(H5N1)	752	5349
MP|PP755590.1|A/cattle/Texas/24-008749-003/2024(H5N1)	753	5192
MP|PP755590.1|A/cattle/Texas/24-008749-003/2024(H5N1)	754	5239
MP|PP755590.1|A/cattle/Texas/24-008749-003/2024(H5N1)	755	5225
MP|PP755590.1|A/cattle/Texas/24-008749-003/2024(H5N1)	756	5157
MP|PP755590.1|A/cattle/Texas/24-008749-003/2024(H5N1)	757	5395
MP|PP755590.1|A/cattle/Texas/24-008749-003/2024(H5N1)	758	5381
MP|PP755590.1|A/cattle/Texas/24-008749-003/2024(H5N1)	759	5341
MP|PP755590.1|A/cattle/Texas/24-008749-003/2024(H5N1)	760	5341
MP|PP755590.1|A/cattle/Texas/24-008749-003/2024(H5N1)	761	5392
MP|PP755590.1|A/cattle/Texas/24-008749-003/2024(H5N1)	762	5308
MP|PP755590.1|A/cattle/Texas/24-008749-003/2024(H5N1)	763	5307
MP|PP755590.1|A/cattle/Texas/24-008749-003/2024(H5N1)	764	5313
MP|PP755590.1|A/cattle/Texas/24-008749-003/2024(H5N1)	765	5295
MP|PP755590.1|A/cattle/Texas/24-008749-003/2024(H5N1)	766	5410
MP|PP755590.1|A/cattle/Texas/24-008749-003/2024(H5N1)	767	5412
MP|PP755590.1|A/cattle/Texas/24-008749-003/2024(H5N1)	768	5369
MP|PP755590.1|A/cattle/Texas/24-008749-003/2024(H5N1)	769	5435
MP|PP755590.1|A/cattle/Texas/24-008749-003/2024(H5N1)	770	5642
MP|PP755590.1|A/cattle/Texas/24-008749-003/2024(H5N1)	771	5625
MP|PP755590.1|A/cattle/Texas/24-008749-003/2024(H5N1)	772	5574
MP|PP755590.1|A/cattle/Texas/24-008749-003/2024(H5N1)	773	5559
MP|PP755590.1|A/cattle/Texas/24-008749-003/2024(H5N1)	774	5409
MP|PP755590.1|A/cattle/Texas/24-008749-003/2024(H5N1)	775	5342
MP|PP755590.1|A/cattle/Texas/24-008749-003/2024(H5N1)	776	5343
MP|PP755590.1|A/cattle/Texas/24-008749-003/2024(H5N1)	777	5401
MP|PP755590.1|A/cattle/Texas/24-008749-003/2024(H5N1)	778	5404
MP|PP755590.1|A/cattle/Texas/24-008749-003/2024(H5N1)	779	5387
MP|PP755590.1|A/cattle/Texas/24-008749-003/2024(H5N1)	780	5358
MP|PP755590.1|A/cattle/Texas/24-008749-003/2024(H5N1)	781	5725
MP|PP755590.1|A/cattle/Texas/24-008749-003/2024(H5N1)	782	5722
MP|PP755590.1|A/cattle/Texas/24-008749-003/2024(H5N1)	783	5711
MP|PP755590.1|A/cattle/Texas/24-008749-003/2024(H5N1)	784	5805
MP|PP755590.1|A/cattle/Texas/24-008749-003/2024(H5N1)	785	5817
MP|PP755590.1|A/cattle/Texas/24-008749-003/2024(H5N1)	786	5975
MP|PP755590.1|A/cattle/Texas/24-008749-003/2024(H5N1)	787	5919
MP|PP755590.1|A/cattle/Texas/24-008749-003/2024(H5N1)	788	5831
MP|PP755590.1|A/cattle/Texas/24-008749-003/2024(H5N1)	789	5751
MP|PP755590.1|A/cattle/Texas/24-008749-003/2024(H5N1)	790	5768
MP|PP755590.1|A/cattle/Texas/24-008749-003/2024(H5N1)	791	6082
MP|PP755590.1|A/cattle/Texas/24-008749-003/2024(H5N1)	792	6074
MP|PP755590.1|A/cattle/Texas/24-008749-003/2024(H5N1)	793	6007
MP|PP755590.1|A/cattle/Texas/24-008749-003/2024(H5N1)	794	6088
MP|PP755590.1|A/cattle/Texas/24-008749-003/2024(H5N1)	795	6134
MP|PP755590.1|A/cattle/Texas/24-008749-003/2024(H5N1)	796	6160
MP|PP755590.1|A/cattle/Texas/24-008749-003/2024(H5N1)	797	6123
MP|PP755590.1|A/cattle/Texas/24-008749-003/2024(H5N1)	798	6155
MP|PP755590.1|A/cattle/Texas/24-008749-003/2024(H5N1)	799	6160
MP|PP755590.1|A/cattle/Texas/24-008749-003/2024(H5N1)	800	6119
MP|PP755590.1|A/cattle/Texas/24-008749-003/2024(H5N1)	801	6135
MP|PP755590.1|A/cattle/Texas/24-008749-003/2024(H5N1)	802	6129
MP|PP755590.1|A/cattle/Texas/24-008749-003/2024(H5N1)	803	6182
MP|PP755590.1|A/cattle/Texas/24-008749-003/2024(H5N1)	804	6054
MP|PP755590.1|A/cattle/Texas/24-008749-003/2024(H5N1)	805	5968
MP|PP755590.1|A/cattle/Texas/24-008749-003/2024(H5N1)	806	5960
MP|PP755590.1|A/cattle/Texas/24-008749-003/2024(H5N1)	807	5803
MP|PP755590.1|A/cattle/Texas/24-008749-003/2024(H5N1)	808	5816
MP|PP755590.1|A/cattle/Texas/24-008749-003/2024(H5N1)	809	5803
MP|PP755590.1|A/cattle/Texas/24-008749-003/2024(H5N1)	810	5754
MP|PP755590.1|A/cattle/Texas/24-008749-003/2024(H5N1)	811	5744
MP|PP755590.1|A/cattle/Texas/24-008749-003/2024(H5N1)	812	5632
MP|PP755590.1|A/cattle/Texas/24-008749-003/2024(H5N1)	813	5644
MP|PP755590.1|A/cattle/Texas/24-008749-003/2024(H5N1)	814	5627
MP|PP755590.1|A/cattle/Texas/24-008749-003/2024(H5N1)	815	5423
MP|PP755590.1|A/cattle/Texas/24-008749-003/2024(H5N1)	816	5417
MP|PP755590.1|A/cattle/Texas/24-008749-003/2024(H5N1)	817	5381
MP|PP755590.1|A/cattle/Texas/24-008749-003/2024(H5N1)	818	5379
MP|PP755590.1|A/cattle/Texas/24-008749-003/2024(H5N1)	819	5430
MP|PP755590.1|A/cattle/Texas/24-008749-003/2024(H5N1)	820	5417
MP|PP755590.1|A/cattle/Texas/24-008749-003/2024(H5N1)	821	5389
MP|PP755590.1|A/cattle/Texas/24-008749-003/2024(H5N1)	822	5371
MP|PP755590.1|A/cattle/Texas/24-008749-003/2024(H5N1)	823	5095
MP|PP755590.1|A/cattle/Texas/24-008749-003/2024(H5N1)	824	5437
MP|PP755590.1|A/cattle/Texas/24-008749-003/2024(H5N1)	825	5443
MP|PP755590.1|A/cattle/Texas/24-008749-003/2024(H5N1)	826	5443
MP|PP755590.1|A/cattle/Texas/24-008749-003/2024(H5N1)	827	5446
MP|PP755590.1|A/cattle/Texas/24-008749-003/2024(H5N1)	828	5331
MP|PP755590.1|A/cattle/Texas/24-008749-003/2024(H5N1)	829	5448
MP|PP755590.1|A/cattle/Texas/24-008749-003/2024(H5N1)	830	5444
MP|PP755590.1|A/cattle/Texas/24-008749-003/2024(H5N1)	831	5444
MP|PP755590.1|A/cattle/Texas/24-008749-003/2024(H5N1)	832	5380
MP|PP755590.1|A/cattle/Texas/24-008749-003/2024(H5N1)	833	5373
MP|PP755590.1|A/cattle/Texas/24-008749-003/2024(H5N1)	834	5368
MP|PP755590.1|A/cattle/Texas/24-008749-003/2024(H5N1)	835	5371
MP|PP755590.1|A/cattle/Texas/24-008749-003/2024(H5N1)	836	5366
MP|PP755590.1|A/cattle/Texas/24-008749-003/2024(H5N1)	837	5374
MP|PP755590.1|A/cattle/Texas/24-008749-003/2024(H5N1)	838	5447
MP|PP755590.1|A/cattle/Texas/24-008749-003/2024(H5N1)	839	5435
MP|PP755590.1|A/cattle/Texas/24-008749-003/2024(H5N1)	840	5426
MP|PP755590.1|A/cattle/Texas/24-008749-003/2024(H5N1)	841	5427
MP|PP755590.1|A/cattle/Texas/24-008749-003/2024(H5N1)	842	5454
MP|PP755590.1|A/cattle/Texas/24-008749-003/2024(H5N1)	843	5451
MP|PP755590.1|A/cattle/Texas/24-008749-003/2024(H5N1)	844	5464
MP|PP755590.1|A/cattle/Texas/24-008749-003/2024(H5N1)	845	5441
MP|PP755590.1|A/cattle/Texas/24-008749-003/2024(H5N1)	846	5409
MP|PP755590.1|A/cattle/Texas/24-008749-003/2024(H5N1)	847	5397
MP|PP755590.1|A/cattle/Texas/24-008749-003/2024(H5N1)	848	5393
MP|PP755590.1|A/cattle/Texas/24-008749-003/2024(H5N1)	849	5400
MP|PP755590.1|A/cattle/Texas/24-008749-003/2024(H5N1)	850	5445
MP|PP755590.1|A/cattle/Texas/24-008749-003/2024(H5N1)	851	5938
MP|PP755590.1|A/cattle/Texas/24-008749-003/2024(H5N1)	852	5974
MP|PP755590.1|A/cattle/Texas/24-008749-003/2024(H5N1)	853	6036
MP|PP755590.1|A/cattle/Texas/24-008749-003/2024(H5N1)	854	6035
MP|PP755590.1|A/cattle/Texas/24-008749-003/2024(H5N1)	855	6036
MP|PP755590.1|A/cattle/Texas/24-008749-003/2024(H5N1)	856	6111
MP|PP755590.1|A/cattle/Texas/24-008749-003/2024(H5N1)	857	6109
MP|PP755590.1|A/cattle/Texas/24-008749-003/2024(H5N1)	858	6060
MP|PP755590.1|A/cattle/Texas/24-008749-003/2024(H5N1)	859	5947
MP|PP755590.1|A/cattle/Texas/24-008749-003/2024(H5N1)	860	5889
MP|PP755590.1|A/cattle/Texas/24-008749-003/2024(H5N1)	861	5905
MP|PP755590.1|A/cattle/Texas/24-008749-003/2024(H5N1)	862	5882
MP|PP755590.1|A/cattle/Texas/24-008749-003/2024(H5N1)	863	5871
MP|PP755590.1|A/cattle/Texas/24-008749-003/2024(H5N1)	864	5868
MP|PP755590.1|A/cattle/Texas/24-008749-003/2024(H5N1)	865	5840
MP|PP755590.1|A/cattle/Texas/24-008749-003/2024(H5N1)	866	5837
MP|PP755590.1|A/cattle/Texas/24-008749-003/2024(H5N1)	867	5835
MP|PP755590.1|A/cattle/Texas/24-008749-003/2024(H5N1)	868	5833
MP|PP755590.1|A/cattle/Texas/24-008749-003/2024(H5N1)	869	5794
MP|PP755590.1|A/cattle/Texas/24-008749-003/2024(H5N1)	870	5730
MP|PP755590.1|A/cattle/Texas/24-008749-003/2024(H5N1)	871	5669
MP|PP755590.1|A/cattle/Texas/24-008749-003/2024(H5N1)	872	5669
MP|PP755590.1|A/cattle/Texas/24-008749-003/2024(H5N1)	873	5670
MP|PP755590.1|A/cattle/Texas/24-008749-003/2024(H5N1)	874	5670
MP|PP755590.1|A/cattle/Texas/24-008749-003/2024(H5N1)	875	5654
MP|PP755590.1|A/cattle/Texas/24-008749-003/2024(H5N1)	876	5570
MP|PP755590.1|A/cattle/Texas/24-008749-003/2024(H5N1)	877	5560
MP|PP755590.1|A/cattle/Texas/24-008749-003/2024(H5N1)	878	5557
MP|PP755590.1|A/cattle/Texas/24-008749-003/2024(H5N1)	879	5498
MP|PP755590.1|A/cattle/Texas/24-008749-003/2024(H5N1)	880	5483
MP|PP755590.1|A/cattle/Texas/24-008749-003/2024(H5N1)	881	5487
MP|PP755590.1|A/cattle/Texas/24-008749-003/2024(H5N1)	882	5487
MP|PP755590.1|A/cattle/Texas/24-008749-003/2024(H5N1)	883	5406
MP|PP755590.1|A/cattle/Texas/24-008749-003/2024(H5N1)	884	5389
MP|PP755590.1|A/cattle/Texas/24-008749-003/2024(H5N1)	885	5317
MP|PP755590.1|A/cattle/Texas/24-008749-003/2024(H5N1)	886	5308
MP|PP755590.1|A/cattle/Texas/24-008749-003/2024(H5N1)	887	5241
MP|PP755590.1|A/cattle/Texas/24-008749-003/2024(H5N1)	888	5198
MP|PP755590.1|A/cattle/Texas/24-008749-003/2024(H5N1)	889	5177
MP|PP755590.1|A/cattle/Texas/24-008749-003/2024(H5N1)	890	5181
MP|PP755590.1|A/cattle/Texas/24-008749-003/2024(H5N1)	891	5112
MP|PP755590.1|A/cattle/Texas/24-008749-003/2024(H5N1)	892	5114
MP|PP755590.1|A/cattle/Texas/24-008749-003/2024(H5N1)	893	5085
MP|PP755590.1|A/cattle/Texas/24-008749-003/2024(H5N1)	894	5080
MP|PP755590.1|A/cattle/Texas/24-008749-003/2024(H5N1)	895	5058
MP|PP755590.1|A/cattle/Texas/24-008749-003/2024(H5N1)	896	5058
MP|PP755590.1|A/cattle/Texas/24-008749-003/2024(H5N1)	897	4989
MP|PP755590.1|A/cattle/Texas/24-008749-003/2024(H5N1)	898	5006
MP|PP755590.1|A/cattle/Texas/24-008749-003/2024(H5N1)	899	4902
MP|PP755590.1|A/cattle/Texas/24-008749-003/2024(H5N1)	900	4833
MP|PP755590.1|A/cattle/Texas/24-008749-003/2024(H5N1)	901	4705
MP|PP755590.1|A/cattle/Texas/24-008749-003/2024(H5N1)	902	4712
MP|PP755590.1|A/cattle/Texas/24-008749-003/2024(H5N1)	903	4712
MP|PP755590.1|A/cattle/Texas/24-008749-003/2024(H5N1)	904	4678
MP|PP755590.1|A/cattle/Texas/24-008749-003/2024(H5N1)	905	4616
MP|PP755590.1|A/cattle/Texas/24-008749-003/2024(H5N1)	906	4601
MP|PP755590.1|A/cattle/Texas/24-008749-003/2024(H5N1)	907	4323
MP|PP755590.1|A/cattle/Texas/24-008749-003/2024(H5N1)	908	4325
MP|PP755590.1|A/cattle/Texas/24-008749-003/2024(H5N1)	909	4311
MP|PP755590.1|A/cattle/Texas/24-008749-003/2024(H5N1)	910	4286
MP|PP755590.1|A/cattle/Texas/24-008749-003/2024(H5N1)	911	4303
MP|PP755590.1|A/cattle/Texas/24-008749-003/2024(H5N1)	912	4252
MP|PP755590.1|A/cattle/Texas/24-008749-003/2024(H5N1)	913	4234
MP|PP755590.1|A/cattle/Texas/24-008749-003/2024(H5N1)	914	4219
MP|PP755590.1|A/cattle/Texas/24-008749-003/2024(H5N1)	915	4147
MP|PP755590.1|A/cattle/Texas/24-008749-003/2024(H5N1)	916	4115
MP|PP755590.1|A/cattle/Texas/24-008749-003/2024(H5N1)	917	4033
MP|PP755590.1|A/cattle/Texas/24-008749-003/2024(H5N1)	918	4024
MP|PP755590.1|A/cattle/Texas/24-008749-003/2024(H5N1)	919	4013
MP|PP755590.1|A/cattle/Texas/24-008749-003/2024(H5N1)	920	3943
MP|PP755590.1|A/cattle/Texas/24-008749-003/2024(H5N1)	921	3617
MP|PP755590.1|A/cattle/Texas/24-008749-003/2024(H5N1)	922	3613
MP|PP755590.1|A/cattle/Texas/24-008749-003/2024(H5N1)	923	3624
MP|PP755590.1|A/cattle/Texas/24-008749-003/2024(H5N1)	924	3622
MP|PP755590.1|A/cattle/Texas/24-008749-003/2024(H5N1)	925	3615
MP|PP755590.1|A/cattle/Texas/24-008749-003/2024(H5N1)	926	3622
MP|PP755590.1|A/cattle/Texas/24-008749-003/2024(H5N1)	927	3552
MP|PP755590.1|A/cattle/Texas/24-008749-003/2024(H5N1)	928	3558
MP|PP755590.1|A/cattle/Texas/24-008749-003/2024(H5N1)	929	3555
MP|PP755590.1|A/cattle/Texas/24-008749-003/2024(H5N1)	930	3551
MP|PP755590.1|A/cattle/Texas/24-008749-003/2024(H5N1)	931	3505
MP|PP755590.1|A/cattle/Texas/24-008749-003/2024(H5N1)	932	3099
MP|PP755590.1|A/cattle/Texas/24-008749-003/2024(H5N1)	933	3102
MP|PP755590.1|A/cattle/Texas/24-008749-003/2024(H5N1)	934	3092
MP|PP755590.1|A/cattle/Texas/24-008749-003/2024(H5N1)	935	3000
MP|PP755590.1|A/cattle/Texas/24-008749-003/2024(H5N1)	936	2983
MP|PP755590.1|A/cattle/Texas/24-008749-003/2024(H5N1)	937	2819
MP|PP755590.1|A/cattle/Texas/24-008749-003/2024(H5N1)	938	2819
MP|PP755590.1|A/cattle/Texas/24-008749-003/2024(H5N1)	939	2810
MP|PP755590.1|A/cattle/Texas/24-008749-003/2024(H5N1)	940	2798
MP|PP755590.1|A/cattle/Texas/24-008749-003/2024(H5N1)	941	2790
MP|PP755590.1|A/cattle/Texas/24-008749-003/2024(H5N1)	942	2449
MP|PP755590.1|A/cattle/Texas/24-008749-003/2024(H5N1)	943	2441
MP|PP755590.1|A/cattle/Texas/24-008749-003/2024(H5N1)	944	2329
MP|PP755590.1|A/cattle/Texas/24-008749-003/2024(H5N1)	945	2213
MP|PP755590.1|A/cattle/Texas/24-008749-003/2024(H5N1)	946	2146
MP|PP755590.1|A/cattle/Texas/24-008749-003/2024(H5N1)	947	2110
MP|PP755590.1|A/cattle/Texas/24-008749-003/2024(H5N1)	948	2104
MP|PP755590.1|A/cattle/Texas/24-008749-003/2024(H5N1)	949	2067
MP|PP755590.1|A/cattle/Texas/24-008749-003/2024(H5N1)	950	2042
MP|PP755590.1|A/cattle/Texas/24-008749-003/2024(H5N1)	951	2007
MP|PP755590.1|A/cattle/Texas/24-008749-003/2024(H5N1)	952	1986
MP|PP755590.1|A/cattle/Texas/24-008749-003/2024(H5N1)	953	1965
MP|PP755590.1|A/cattle/Texas/24-008749-003/2024(H5N1)	954	1939
MP|PP755590.1|A/cattle/Texas/24-008749-003/2024(H5N1)	955	1932
MP|PP755590.1|A/cattle/Texas/24-008749-003/2024(H5N1)	956	1918
MP|PP755590.1|A/cattle/Texas/24-008749-003/2024(H5N1)	957	1917
MP|PP755590.1|A/cattle/Texas/24-008749-003/2024(H5N1)	958	1912
MP|PP755590.1|A/cattle/Texas/24-008749-003/2024(H5N1)	959	1902
MP|PP755590.1|A/cattle/Texas/24-008749-003/2024(H5N1)	960	1899
MP|PP755590.1|A/cattle/Texas/24-008749-003/2024(H5N1)	961	1892
MP|PP755590.1|A/cattle/Texas/24-008749-003/2024(H5N1)	962	1891
MP|PP755590.1|A/cattle/Texas/24-008749-003/2024(H5N1)	963	1861
MP|PP755590.1|A/cattle/Texas/24-008749-003/2024(H5N1)	964	1854
MP|PP755590.1|A/cattle/Texas/24-008749-003/2024(H5N1)	965	1844
MP|PP755590.1|A/cattle/Texas/24-008749-003/2024(H5N1)	966	1837
MP|PP755590.1|A/cattle/Texas/24-008749-003/2024(H5N1)	967	1837
MP|PP755590.1|A/cattle/Texas/24-008749-003/2024(H5N1)	968	1833
MP|PP755590.1|A/cattle/Texas/24-008749-003/2024(H5N1)	969	1833
MP|PP755590.1|A/cattle/Texas/24-008749-003/2024(H5N1)	970	1761
MP|PP755590.1|A/cattle/Texas/24-008749-003/2024(H5N1)	971	1761
MP|PP755590.1|A/cattle/Texas/24-008749-003/2024(H5N1)	972	1751
MP|PP755590.1|A/cattle/Texas/24-008749-003/2024(H5N1)	973	1751
MP|PP755590.1|A/cattle/Texas/24-008749-003/2024(H5N1)	974	1749
MP|PP755590.1|A/cattle/Texas/24-008749-003/2024(H5N1)	975	1334
MP|PP755590.1|A/cattle/Texas/24-008749-003/2024(H5N1)	976	1327
MP|PP755590.1|A/cattle/Texas/24-008749-003/2024(H5N1)	977	1327
MP|PP755590.1|A/cattle/Texas/24-008749-003/2024(H5N1)	978	1316
MP|PP755590.1|A/cattle/Texas/24-008749-003/2024(H5N1)	979	1316
MP|PP755590.1|A/cattle/Texas/24-008749-003/2024(H5N1)	980	1180
MP|PP755590.1|A/cattle/Texas/24-008749-003/2024(H5N1)	981	1175
MP|PP755590.1|A/cattle/Texas/24-008749-003/2024(H5N1)	982	1171
