MP|PP755590.1|A/cattle/Texas/24-008749-003/2024(H5N1)	1	9167
MP|PP755590.1|A/cattle/Texas/24-008749-003/2024(H5N1)	2	9336
MP|PP755590.1|A/cattle/Texas/24-008749-003/2024(H5N1)	3	9363
MP|PP755590.1|A/cattle/Texas/24-008749-003/2024(H5N1)	4	9418
MP|PP755590.1|A/cattle/Texas/24-008749-003/2024(H5N1)	5	9945
MP|PP755590.1|A/cattle/Texas/24-008749-003/2024(H5N1)	6	10335
MP|PP755590.1|A/cattle/Texas/24-008749-003/2024(H5N1)	7	11135
MP|PP755590.1|A/cattle/Texas/24-008749-003/2024(H5N1)	8	11454
MP|PP755590.1|A/cattle/Texas/24-008749-003/2024(H5N1)	9	11622
MP|PP755590.1|A/cattle/Texas/24-008749-003/2024(H5N1)	10	11645
MP|PP755590.1|A/cattle/Texas/24-008749-003/2024(H5N1)	11	11727
MP|PP755590.1|A/cattle/Texas/24-008749-003/2024(H5N1)	12	11838
MP|PP755590.1|A/cattle/Texas/24-008749-003/2024(H5N1)	13	11958
MP|PP755590.1|A/cattle/Texas/24-008749-003/2024(H5N1)	14	11964
MP|PP755590.1|A/cattle/Texas/24-008749-003/2024(H5N1)	15	11967
MP|PP755590.1|A/cattle/Texas/24-008749-003/2024(H5N1)	16	11973
MP|PP755590.1|A/cattle/Texas/24-008749-003/2024(H5N1)	17	12063
MP|PP755590.1|A/cattle/Texas/24-008749-003/2024(H5N1)	18	12163
MP|PP755590.1|A/cattle/Texas/24-008749-003/2024(H5N1)	19	12776
MP|PP755590.1|A/cattle/Texas/24-008749-003/2024(H5N1)	20	12779
MP|PP755590.1|A/cattle/Texas/24-008749-003/2024(H5N1)	21	12794
MP|PP755590.1|A/cattle/Texas/24-008749-003/2024(H5N1)	22	12803
MP|PP755590.1|A/cattle/Texas/24-008749-003/2024(H5N1)	23	13188
MP|PP755590.1|A/cattle/Texas/24-008749-003/2024(H5N1)	24	13222
MP|PP755590.1|A/cattle/Texas/24-008749-003/2024(H5N1)	25	13267
MP|PP755590.1|A/cattle/Texas/24-008749-003/2024(H5N1)	26	13732
MP|PP755590.1|A/cattle/Texas/24-008749-003/2024(H5N1)	27	13779
MP|PP755590.1|A/cattle/Texas/24-008749-003/2024(H5N1)	28	13835
MP|PP755590.1|A/cattle/Texas/24-008749-003/2024(H5N1)	29	13866
MP|PP755590.1|A/cattle/Texas/24-008749-003/2024(H5N1)	30	13986
MP|PP755590.1|A/cattle/Texas/24-008749-003/2024(H5N1)	31	14051
MP|PP755590.1|A/cattle/Texas/24-008749-003/2024(H5N1)	32	14089
MP|PP755590.1|A/cattle/Texas/24-008749-003/2024(H5N1)	33	14477
MP|PP755590.1|A/cattle/Texas/24-008749-003/2024(H5N1)	34	14747
MP|PP755590.1|A/cattle/Texas/24-008749-003/2024(H5N1)	35	14752
MP|PP755590.1|A/cattle/Texas/24-008749-003/2024(H5N1)	36	15195
MP|PP755590.1|A/cattle/Texas/24-008749-003/2024(H5N1)	37	15197
MP|PP755590.1|A/cattle/Texas/24-008749-003/2024(H5N1)	38	15800
MP|PP755590.1|A/cattle/Texas/24-008749-003/2024(H5N1)	39	15837
MP|PP755590.1|A/cattle/Texas/24-008749-003/2024(H5N1)	40	15939
MP|PP755590.1|A/cattle/Texas/24-008749-003/2024(H5N1)	41	15948
MP|PP755590.1|A/cattle/Texas/24-008749-003/2024(H5N1)	42	15969
MP|PP755590.1|A/cattle/Texas/24-008749-003/2024(H5N1)	43	16023
MP|PP755590.1|A/cattle/Texas/24-008749-003/2024(H5N1)	44	16042
MP|PP755590.1|A/cattle/Texas/24-008749-003/2024(H5N1)	45	16117
MP|PP755590.1|A/cattle/Texas/24-008749-003/2024(H5N1)	46	16246
MP|PP755590.1|A/cattle/Texas/24-008749-003/2024(H5N1)	47	16425
MP|PP755590.1|A/cattle/Texas/24-008749-003/2024(H5N1)	48	16517
MP|PP755590.1|A/cattle/Texas/24-008749-003/2024(H5N1)	49	16548
MP|PP755590.1|A/cattle/Texas/24-008749-003/2024(H5N1)	50	16611
MP|PP755590.1|A/cattle/Texas/24-008749-003/2024(H5N1)	51	16617
MP|PP755590.1|A/cattle/Texas/24-008749-003/2024(H5N1)	52	16774
MP|PP755590.1|A/cattle/Texas/24-008749-003/2024(H5N1)	53	17236
MP|PP755590.1|A/cattle/Texas/24-008749-003/2024(H5N1)	54	17244
MP|PP755590.1|A/cattle/Texas/24-008749-003/2024(H5N1)	55	17258
MP|PP755590.1|A/cattle/Texas/24-008749-003/2024(H5N1)	56	17515
MP|PP755590.1|A/cattle/Texas/24-008749-003/2024(H5N1)	57	18562
MP|PP755590.1|A/cattle/Texas/24-008749-003/2024(H5N1)	58	18583
MP|PP755590.1|A/cattle/Texas/24-008749-003/2024(H5N1)	59	18692
MP|PP755590.1|A/cattle/Texas/24-008749-003/2024(H5N1)	60	18708
MP|PP755590.1|A/cattle/Texas/24-008749-003/2024(H5N1)	61	18863
MP|PP755590.1|A/cattle/Texas/24-008749-003/2024(H5N1)	62	18880
MP|PP755590.1|A/cattle/Texas/24-008749-003/2024(H5N1)	63	19091
MP|PP755590.1|A/cattle/Texas/24-008749-003/2024(H5N1)	64	19173
MP|PP755590.1|A/cattle/Texas/24-008749-003/2024(H5N1)	65	19312
MP|PP755590.1|A/cattle/Texas/24-008749-003/2024(H5N1)	66	19190
MP|PP755590.1|A/cattle/Texas/24-008749-003/2024(H5N1)	67	19186
MP|PP755590.1|A/cattle/Texas/24-008749-003/2024(H5N1)	68	19245
MP|PP755590.1|A/cattle/Texas/24-008749-003/2024(H5N1)	69	19256
MP|PP755590.1|A/cattle/Texas/24-008749-003/2024(H5N1)	70	19885
MP|PP755590.1|A/cattle/Texas/24-008749-003/2024(H5N1)	71	19903
MP|PP755590.1|A/cattle/Texas/24-008749-003/2024(H5N1)	72	19916
MP|PP755590.1|A/cattle/Texas/24-008749-003/2024(H5N1)	73	20024
MP|PP755590.1|A/cattle/Texas/24-008749-003/2024(H5N1)	74	20166
MP|PP755590.1|A/cattle/Texas/24-008749-003/2024(H5N1)	75	20182
MP|PP755590.1|A/cattle/Texas/24-008749-003/2024(H5N1)	76	20508
MP|PP755590.1|A/cattle/Texas/24-008749-003/2024(H5N1)	77	20492
MP|PP755590.1|A/cattle/Texas/24-008749-003/2024(H5N1)	78	20553
MP|PP755590.1|A/cattle/Texas/24-008749-003/2024(H5N1)	79	21135
MP|PP755590.1|A/cattle/Texas/24-008749-003/2024(H5N1)	80	22234
MP|PP755590.1|A/cattle/Texas/24-008749-003/2024(H5N1)	81	22315
MP|PP755590.1|A/cattle/Texas/24-008749-003/2024(H5N1)	82	22473
MP|PP755590.1|A/cattle/Texas/24-008749-003/2024(H5N1)	83	22759
MP|PP755590.1|A/cattle/Texas/24-008749-003/2024(H5N1)	84	22976
MP|PP755590.1|A/cattle/Texas/24-008749-003/2024(H5N1)	85	23164
MP|PP755590.1|A/cattle/Texas/24-008749-003/2024(H5N1)	86	23215
MP|PP755590.1|A/cattle/Texas/24-008749-003/2024(H5N1)	87	23219
MP|PP755590.1|A/cattle/Texas/24-008749-003/2024(H5N1)	88	23226
MP|PP755590.1|A/cattle/Texas/24-008749-003/2024(H5N1)	89	22968
MP|PP755590.1|A/cattle/Texas/24-008749-003/2024(H5N1)	90	23098
MP|PP755590.1|A/cattle/Texas/24-008749-003/2024(H5N1)	91	23163
MP|PP755590.1|A/cattle/Texas/24-008749-003/2024(H5N1)	92	23291
MP|PP755590.1|A/cattle/Texas/24-008749-003/2024(H5N1)	93	23307
MP|PP755590.1|A/cattle/Texas/24-008749-003/2024(H5N1)	94	23243
MP|PP755590.1|A/cattle/Texas/24-008749-003/2024(H5N1)	95	23401
MP|PP755590.1|A/cattle/Texas/24-008749-003/2024(H5N1)	96	23611
MP|PP755590.1|A/cattle/Texas/24-008749-003/2024(H5N1)	97	23693
MP|PP755590.1|A/cattle/Texas/24-008749-003/2024(H5N1)	98	23708
MP|PP755590.1|A/cattle/Texas/24-008749-003/2024(H5N1)	99	23659
MP|PP755590.1|A/cattle/Texas/24-008749-003/2024(H5N1)	100	23943
MP|PP755590.1|A/cattle/Texas/24-008749-003/2024(H5N1)	101	23967
MP|PP755590.1|A/cattle/Texas/24-008749-003/2024(H5N1)	102	25103
MP|PP755590.1|A/cattle/Texas/24-008749-003/2024(H5N1)	103	25104
MP|PP755590.1|A/cattle/Texas/24-008749-003/2024(H5N1)	104	25051
MP|PP755590.1|A/cattle/Texas/24-008749-003/2024(H5N1)	105	25155
MP|PP755590.1|A/cattle/Texas/24-008749-003/2024(H5N1)	106	25346
MP|PP755590.1|A/cattle/Texas/24-008749-003/2024(H5N1)	107	25451
MP|PP755590.1|A/cattle/Texas/24-008749-003/2024(H5N1)	108	25545
MP|PP755590.1|A/cattle/Texas/24-008749-003/2024(H5N1)	109	25404
MP|PP755590.1|A/cattle/Texas/24-008749-003/2024(H5N1)	110	25781
MP|PP755590.1|A/cattle/Texas/24-008749-003/2024(H5N1)	111	25232
MP|PP755590.1|A/cattle/Texas/24-008749-003/2024(H5N1)	112	25239
MP|PP755590.1|A/cattle/Texas/24-008749-003/2024(H5N1)	113	25776
MP|PP755590.1|A/cattle/Texas/24-008749-003/2024(H5N1)	114	25794
MP|PP755590.1|A/cattle/Texas/24-008749-003/2024(H5N1)	115	26175
MP|PP755590.1|A/cattle/Texas/24-008749-003/2024(H5N1)	116	26137
MP|PP755590.1|A/cattle/Texas/24-008749-003/2024(H5N1)	117	26092
MP|PP755590.1|A/cattle/Texas/24-008749-003/2024(H5N1)	118	26094
MP|PP755590.1|A/cattle/Texas/24-008749-003/2024(H5N1)	119	26186
MP|PP755590.1|A/cattle/Texas/24-008749-003/2024(H5N1)	120	26215
MP|PP755590.1|A/cattle/Texas/24-008749-003/2024(H5N1)	121	26237
MP|PP755590.1|A/cattle/Texas/24-008749-003/2024(H5N1)	122	25937
MP|PP755590.1|A/cattle/Texas/24-008749-003/2024(H5N1)	123	26026
MP|PP755590.1|A/cattle/Texas/24-008749-003/2024(H5N1)	124	24004
MP|PP755590.1|A/cattle/Texas/24-008749-003/2024(H5N1)	125	24197
MP|PP755590.1|A/cattle/Texas/24-008749-003/2024(H5N1)	126	23702
MP|PP755590.1|A/cattle/Texas/24-008749-003/2024(H5N1)	127	23715
MP|PP755590.1|A/cattle/Texas/24-008749-003/2024(H5N1)	128	23141
MP|PP755590.1|A/cattle/Texas/24-008749-003/2024(H5N1)	129	23141
MP|PP755590.1|A/cattle/Texas/24-008749-003/2024(H5N1)	130	23153
MP|PP755590.1|A/cattle/Texas/24-008749-003/2024(H5N1)	131	23049
MP|PP755590.1|A/cattle/Texas/24-008749-003/2024(H5N1)	132	23715
MP|PP755590.1|A/cattle/Texas/24-008749-003/2024(H5N1)	133	22960
MP|PP755590.1|A/cattle/Texas/24-008749-003/2024(H5N1)	134	23331
MP|PP755590.1|A/cattle/Texas/24-008749-003/2024(H5N1)	135	23764
MP|PP755590.1|A/cattle/Texas/24-008749-003/2024(H5N1)	136	23305
MP|PP755590.1|A/cattle/Texas/24-008749-003/2024(H5N1)	137	23862
MP|PP755590.1|A/cattle/Texas/24-008749-003/2024(H5N1)	138	23878
MP|PP755590.1|A/cattle/Texas/24-008749-003/2024(H5N1)	139	23860
MP|PP755590.1|A/cattle/Texas/24-008749-003/2024(H5N1)	140	24355
MP|PP755590.1|A/cattle/Texas/24-008749-003/2024(H5N1)	141	24481
MP|PP755590.1|A/cattle/Texas/24-008749-003/2024(H5N1)	142	24849
MP|PP755590.1|A/cattle/Texas/24-008749-003/2024(H5N1)	143	24473
MP|PP755590.1|A/cattle/Texas/24-008749-003/2024(H5N1)	144	24082
MP|PP755590.1|A/cattle/Texas/24-008749-003/2024(H5N1)	145	24117
MP|PP755590.1|A/cattle/Texas/24-008749-003/2024(H5N1)	146	24852
MP|PP755590.1|A/cattle/Texas/24-008749-003/2024(H5N1)	147	25135
MP|PP755590.1|A/cattle/Texas/24-008749-003/2024(H5N1)	148	25108
MP|PP755590.1|A/cattle/Texas/24-008749-003/2024(H5N1)	149	24737
MP|PP755590.1|A/cattle/Texas/24-008749-003/2024(H5N1)	150	24653
MP|PP755590.1|A/cattle/Texas/24-008749-003/2024(H5N1)	151	24748
MP|PP755590.1|A/cattle/Texas/24-008749-003/2024(H5N1)	152	24833
MP|PP755590.1|A/cattle/Texas/24-008749-003/2024(H5N1)	153	25015
MP|PP755590.1|A/cattle/Texas/24-008749-003/2024(H5N1)	154	23943
MP|PP755590.1|A/cattle/Texas/24-008749-003/2024(H5N1)	155	24001
MP|PP755590.1|A/cattle/Texas/24-008749-003/2024(H5N1)	156	24022
MP|PP755590.1|A/cattle/Texas/24-008749-003/2024(H5N1)	157	24063
MP|PP755590.1|A/cattle/Texas/24-008749-003/2024(H5N1)	158	24018
MP|PP755590.1|A/cattle/Texas/24-008749-003/2024(H5N1)	159	24021
MP|PP755590.1|A/cattle/Texas/24-008749-003/2024(H5N1)	160	24625
MP|PP755590.1|A/cattle/Texas/24-008749-003/2024(H5N1)	161	24551
MP|PP755590.1|A/cattle/Texas/24-008749-003/2024(H5N1)	162	24715
MP|PP755590.1|A/cattle/Texas/24-008749-003/2024(H5N1)	163	24700
MP|PP755590.1|A/cattle/Texas/24-008749-003/2024(H5N1)	164	24705
MP|PP755590.1|A/cattle/Texas/24-008749-003/2024(H5N1)	165	25093
MP|PP755590.1|A/cattle/Texas/24-008749-003/2024(H5N1)	166	25164
MP|PP755590.1|A/cattle/Texas/24-008749-003/2024(H5N1)	167	25119
MP|PP755590.1|A/cattle/Texas/24-008749-003/2024(H5N1)	168	25121
MP|PP755590.1|A/cattle/Texas/24-008749-003/2024(H5N1)	169	24550
MP|PP755590.1|A/cattle/Texas/24-008749-003/2024(H5N1)	170	24401
MP|PP755590.1|A/cattle/Texas/24-008749-003/2024(H5N1)	171	24415
MP|PP755590.1|A/cattle/Texas/24-008749-003/2024(H5N1)	172	24433
MP|PP755590.1|A/cattle/Texas/24-008749-003/2024(H5N1)	173	24458
MP|PP755590.1|A/cattle/Texas/24-008749-003/2024(H5N1)	174	24229
MP|PP755590.1|A/cattle/Texas/24-008749-003/2024(H5N1)	175	24517
MP|PP755590.1|A/cattle/Texas/24-008749-003/2024(H5N1)	176	24497
MP|PP755590.1|A/cattle/Texas/24-008749-003/2024(H5N1)	177	24296
MP|PP755590.1|A/cattle/Texas/24-008749-003/2024(H5N1)	178	24279
MP|PP755590.1|A/cattle/Texas/24-008749-003/2024(H5N1)	179	24235
MP|PP755590.1|A/cattle/Texas/24-008749-003/2024(H5N1)	180	24238
MP|PP755590.1|A/cattle/Texas/24-008749-003/2024(H5N1)	181	24318
MP|PP755590.1|A/cattle/Texas/24-008749-003/2024(H5N1)	182	24389
MP|PP755590.1|A/cattle/Texas/24-008749-003/2024(H5N1)	183	24415
MP|PP755590.1|A/cattle/Texas/24-008749-003/2024(H5N1)	184	24135
MP|PP755590.1|A/cattle/Texas/24-008749-003/2024(H5N1)	185	24021
MP|PP755590.1|A/cattle/Texas/24-008749-003/2024(H5N1)	186	24011
MP|PP755590.1|A/cattle/Texas/24-008749-003/2024(H5N1)	187	23979
MP|PP755590.1|A/cattle/Texas/24-008749-003/2024(H5N1)	188	23987
MP|PP755590.1|A/cattle/Texas/24-008749-003/2024(H5N1)	189	23591
MP|PP755590.1|A/cattle/Texas/24-008749-003/2024(H5N1)	190	23822
MP|PP755590.1|A/cattle/Texas/24-008749-003/2024(H5N1)	191	24010
MP|PP755590.1|A/cattle/Texas/24-008749-003/2024(H5N1)	192	24095
MP|PP755590.1|A/cattle/Texas/24-008749-003/2024(H5N1)	193	24093
MP|PP755590.1|A/cattle/Texas/24-008749-003/2024(H5N1)	194	24781
MP|PP755590.1|A/cattle/Texas/24-008749-003/2024(H5N1)	195	24780
MP|PP755590.1|A/cattle/Texas/24-008749-003/2024(H5N1)	196	24496
MP|PP755590.1|A/cattle/Texas/24-008749-003/2024(H5N1)	197	24360
MP|PP755590.1|A/cattle/Texas/24-008749-003/2024(H5N1)	198	24833
MP|PP755590.1|A/cattle/Texas/24-008749-003/2024(H5N1)	199	25015
MP|PP755590.1|A/cattle/Texas/24-008749-003/2024(H5N1)	200	25460
MP|PP755590.1|A/cattle/Texas/24-008749-003/2024(H5N1)	201	25487
MP|PP755590.1|A/cattle/Texas/24-008749-003/2024(H5N1)	202	25507
MP|PP755590.1|A/cattle/Texas/24-008749-003/2024(H5N1)	203	24993
MP|PP755590.1|A/cattle/Texas/24-008749-003/2024(H5N1)	204	25032
MP|PP755590.1|A/cattle/Texas/24-008749-003/2024(H5N1)	205	25194
MP|PP755590.1|A/cattle/Texas/24-008749-003/2024(H5N1)	206	25165
MP|PP755590.1|A/cattle/Texas/24-008749-003/2024(H5N1)	207	24306
MP|PP755590.1|A/cattle/Texas/24-008749-003/2024(H5N1)	208	24028
MP|PP755590.1|A/cattle/Texas/24-008749-003/2024(H5N1)	209	24237
MP|PP755590.1|A/cattle/Texas/24-008749-003/2024(H5N1)	210	24863
MP|PP755590.1|A/cattle/Texas/24-008749-003/2024(H5N1)	211	24994
MP|PP755590.1|A/cattle/Texas/24-008749-003/2024(H5N1)	212	25313
MP|PP755590.1|A/cattle/Texas/24-008749-003/2024(H5N1)	213	25369
MP|PP755590.1|A/cattle/Texas/24-008749-003/2024(H5N1)	214	25435
MP|PP755590.1|A/cattle/Texas/24-008749-003/2024(H5N1)	215	25515
MP|PP755590.1|A/cattle/Texas/24-008749-003/2024(H5N1)	216	25469
MP|PP755590.1|A/cattle/Texas/24-008749-003/2024(H5N1)	217	25993
MP|PP755590.1|A/cattle/Texas/24-008749-003/2024(H5N1)	218	26099
MP|PP755590.1|A/cattle/Texas/24-008749-003/2024(H5N1)	219	25882
MP|PP755590.1|A/cattle/Texas/24-008749-003/2024(H5N1)	220	27012
MP|PP755590.1|A/cattle/Texas/24-008749-003/2024(H5N1)	221	26455
MP|PP755590.1|A/cattle/Texas/24-008749-003/2024(H5N1)	222	26482
MP|PP755590.1|A/cattle/Texas/24-008749-003/2024(H5N1)	223	26415
MP|PP755590.1|A/cattle/Texas/24-008749-003/2024(H5N1)	224	26344
MP|PP755590.1|A/cattle/Texas/24-008749-003/2024(H5N1)	225	26906
MP|PP755590.1|A/cattle/Texas/24-008749-003/2024(H5N1)	226	26632
MP|PP755590.1|A/cattle/Texas/24-008749-003/2024(H5N1)	227	26680
MP|PP755590.1|A/cattle/Texas/24-008749-003/2024(H5N1)	228	26784
MP|PP755590.1|A/cattle/Texas/24-008749-003/2024(H5N1)	229	25869
MP|PP755590.1|A/cattle/Texas/24-008749-003/2024(H5N1)	230	25868
MP|PP755590.1|A/cattle/Texas/24-008749-003/2024(H5N1)	231	25270
MP|PP755590.1|A/cattle/Texas/24-008749-003/2024(H5N1)	232	25169
MP|PP755590.1|A/cattle/Texas/24-008749-003/2024(H5N1)	233	25218
MP|PP755590.1|A/cattle/Texas/24-008749-003/2024(H5N1)	234	24654
MP|PP755590.1|A/cattle/Texas/24-008749-003/2024(H5N1)	235	24757
MP|PP755590.1|A/cattle/Texas/24-008749-003/2024(H5N1)	236	24913
MP|PP755590.1|A/cattle/Texas/24-008749-003/2024(H5N1)	237	24904
MP|PP755590.1|A/cattle/Texas/24-008749-003/2024(H5N1)	238	25285
MP|PP755590.1|A/cattle/Texas/24-008749-003/2024(H5N1)	239	25553
MP|PP755590.1|A/cattle/Texas/24-008749-003/2024(H5N1)	240	25451
MP|PP755590.1|A/cattle/Texas/24-008749-003/2024(H5N1)	241	25377
MP|PP755590.1|A/cattle/Texas/24-008749-003/2024(H5N1)	242	25313
MP|PP755590.1|A/cattle/Texas/24-008749-003/2024(H5N1)	243	25382
MP|PP755590.1|A/cattle/Texas/24-008749-003/2024(H5N1)	244	25600
MP|PP755590.1|A/cattle/Texas/24-008749-003/2024(H5N1)	245	25574
MP|PP755590.1|A/cattle/Texas/24-008749-003/2024(H5N1)	246	26079
MP|PP755590.1|A/cattle/Texas/24-008749-003/2024(H5N1)	247	25993
MP|PP755590.1|A/cattle/Texas/24-008749-003/2024(H5N1)	248	26042
MP|PP755590.1|A/cattle/Texas/24-008749-003/2024(H5N1)	249	26647
MP|PP755590.1|A/cattle/Texas/24-008749-003/2024(H5N1)	250	26436
MP|PP755590.1|A/cattle/Texas/24-008749-003/2024(H5N1)	251	26495
MP|PP755590.1|A/cattle/Texas/24-008749-003/2024(H5N1)	252	27089
MP|PP755590.1|A/cattle/Texas/24-008749-003/2024(H5N1)	253	26213
MP|PP755590.1|A/cattle/Texas/24-008749-003/2024(H5N1)	254	26455
MP|PP755590.1|A/cattle/Texas/24-008749-003/2024(H5N1)	255	26788
MP|PP755590.1|A/cattle/Texas/24-008749-003/2024(H5N1)	256	26513
MP|PP755590.1|A/cattle/Texas/24-008749-003/2024(H5N1)	257	26920
MP|PP755590.1|A/cattle/Texas/24-008749-003/2024(H5N1)	258	26884
MP|PP755590.1|A/cattle/Texas/24-008749-003/2024(H5N1)	259	27311
MP|PP755590.1|A/cattle/Texas/24-008749-003/2024(H5N1)	260	27483
MP|PP755590.1|A/cattle/Texas/24-008749-003/2024(H5N1)	261	26953
MP|PP755590.1|A/cattle/Texas/24-008749-003/2024(H5N1)	262	26970
MP|PP755590.1|A/cattle/Texas/24-008749-003/2024(H5N1)	263	26917
MP|PP755590.1|A/cattle/Texas/24-008749-003/2024(H5N1)	264	26546
MP|PP755590.1|A/cattle/Texas/24-008749-003/2024(H5N1)	265	26624
MP|PP755590.1|A/cattle/Texas/24-008749-003/2024(H5N1)	266	26240
MP|PP755590.1|A/cattle/Texas/24-008749-003/2024(H5N1)	267	26571
MP|PP755590.1|A/cattle/Texas/24-008749-003/2024(H5N1)	268	26562
MP|PP755590.1|A/cattle/Texas/24-008749-003/2024(H5N1)	269	26444
MP|PP755590.1|A/cattle/Texas/24-008749-003/2024(H5N1)	270	26503
MP|PP755590.1|A/cattle/Texas/24-008749-003/2024(H5N1)	271	26485
MP|PP755590.1|A/cattle/Texas/24-008749-003/2024(H5N1)	272	26506
MP|PP755590.1|A/cattle/Texas/24-008749-003/2024(H5N1)	273	27171
MP|PP755590.1|A/cattle/Texas/24-008749-003/2024(H5N1)	274	27465
MP|PP755590.1|A/cattle/Texas/24-008749-003/2024(H5N1)	275	26625
MP|PP755590.1|A/cattle/Texas/24-008749-003/2024(H5N1)	276	26428
MP|PP755590.1|A/cattle/Texas/24-008749-003/2024(H5N1)	277	26415
MP|PP755590.1|A/cattle/Texas/24-008749-003/2024(H5N1)	278	26403
MP|PP755590.1|A/cattle/Texas/24-008749-003/2024(H5N1)	279	27041
MP|PP755590.1|A/cattle/Texas/24-008749-003/2024(H5N1)	280	27103
MP|PP755590.1|A/cattle/Texas/24-008749-003/2024(H5N1)	281	27085
MP|PP755590.1|A/cattle/Texas/24-008749-003/2024(H5N1)	282	27077
MP|PP755590.1|A/cattle/Texas/24-008749-003/2024(H5N1)	283	26111
MP|PP755590.1|A/cattle/Texas/24-008749-003/2024(H5N1)	284	26756
MP|PP755590.1|A/cattle/Texas/24-008749-003/2024(H5N1)	285	26435
MP|PP755590.1|A/cattle/Texas/24-008749-003/2024(H5N1)	286	26018
MP|PP755590.1|A/cattle/Texas/24-008749-003/2024(H5N1)	287	26391
MP|PP755590.1|A/cattle/Texas/24-008749-003/2024(H5N1)	288	25620
MP|PP755590.1|A/cattle/Texas/24-008749-003/2024(H5N1)	289	25907
MP|PP755590.1|A/cattle/Texas/24-008749-003/2024(H5N1)	290	25931
MP|PP755590.1|A/cattle/Texas/24-008749-003/2024(H5N1)	291	26993
MP|PP755590.1|A/cattle/Texas/24-008749-003/2024(H5N1)	292	27221
MP|PP755590.1|A/cattle/Texas/24-008749-003/2024(H5N1)	293	26679
MP|PP755590.1|A/cattle/Texas/24-008749-003/2024(H5N1)	294	26782
MP|PP755590.1|A/cattle/Texas/24-008749-003/2024(H5N1)	295	26744
MP|PP755590.1|A/cattle/Texas/24-008749-003/2024(H5N1)	296	27029
MP|PP755590.1|A/cattle/Texas/24-008749-003/2024(H5N1)	297	26950
MP|PP755590.1|A/cattle/Texas/24-008749-003/2024(H5N1)	298	26922
MP|PP755590.1|A/cattle/Texas/24-008749-003/2024(H5N1)	299	26938
MP|PP755590.1|A/cattle/Texas/24-008749-003/2024(H5N1)	300	26938
MP|PP755590.1|A/cattle/Texas/24-008749-003/2024(H5N1)	301	26771
MP|PP755590.1|A/cattle/Texas/24-008749-003/2024(H5N1)	302	26742
MP|PP755590.1|A/cattle/Texas/24-008749-003/2024(H5N1)	303	27045
MP|PP755590.1|A/cattle/Texas/24-008749-003/2024(H5N1)	304	27171
MP|PP755590.1|A/cattle/Texas/24-008749-003/2024(H5N1)	305	27168
MP|PP755590.1|A/cattle/Texas/24-008749-003/2024(H5N1)	306	26670
MP|PP755590.1|A/cattle/Texas/24-008749-003/2024(H5N1)	307	27335
MP|PP755590.1|A/cattle/Texas/24-008749-003/2024(H5N1)	308	27294
MP|PP755590.1|A/cattle/Texas/24-008749-003/2024(H5N1)	309	27380
MP|PP755590.1|A/cattle/Texas/24-008749-003/2024(H5N1)	310	28119
MP|PP755590.1|A/cattle/Texas/24-008749-003/2024(H5N1)	311	27477
MP|PP755590.1|A/cattle/Texas/24-008749-003/2024(H5N1)	312	27495
MP|PP755590.1|A/cattle/Texas/24-008749-003/2024(H5N1)	313	27286
MP|PP755590.1|A/cattle/Texas/24-008749-003/2024(H5N1)	314	27416
MP|PP755590.1|A/cattle/Texas/24-008749-003/2024(H5N1)	315	27275
MP|PP755590.1|A/cattle/Texas/24-008749-003/2024(H5N1)	316	27098
MP|PP755590.1|A/cattle/Texas/24-008749-003/2024(H5N1)	317	27269
MP|PP755590.1|A/cattle/Texas/24-008749-003/2024(H5N1)	318	27298
MP|PP755590.1|A/cattle/Texas/24-008749-003/2024(H5N1)	319	27393
MP|PP755590.1|A/cattle/Texas/24-008749-003/2024(H5N1)	320	27407
MP|PP755590.1|A/cattle/Texas/24-008749-003/2024(H5N1)	321	27382
MP|PP755590.1|A/cattle/Texas/24-008749-003/2024(H5N1)	322	27549
MP|PP755590.1|A/cattle/Texas/24-008749-003/2024(H5N1)	323	27605
MP|PP755590.1|A/cattle/Texas/24-008749-003/2024(H5N1)	324	27523
MP|PP755590.1|A/cattle/Texas/24-008749-003/2024(H5N1)	325	27548
MP|PP755590.1|A/cattle/Texas/24-008749-003/2024(H5N1)	326	27230
MP|PP755590.1|A/cattle/Texas/24-008749-003/2024(H5N1)	327	27357
MP|PP755590.1|A/cattle/Texas/24-008749-003/2024(H5N1)	328	27204
MP|PP755590.1|A/cattle/Texas/24-008749-003/2024(H5N1)	329	27182
MP|PP755590.1|A/cattle/Texas/24-008749-003/2024(H5N1)	330	27217
MP|PP755590.1|A/cattle/Texas/24-008749-003/2024(H5N1)	331	27052
MP|PP755590.1|A/cattle/Texas/24-008749-003/2024(H5N1)	332	27337
MP|PP755590.1|A/cattle/Texas/24-008749-003/2024(H5N1)	333	27650
MP|PP755590.1|A/cattle/Texas/24-008749-003/2024(H5N1)	334	27611
MP|PP755590.1|A/cattle/Texas/24-008749-003/2024(H5N1)	335	27615
MP|PP755590.1|A/cattle/Texas/24-008749-003/2024(H5N1)	336	27517
MP|PP755590.1|A/cattle/Texas/24-008749-003/2024(H5N1)	337	27530
MP|PP755590.1|A/cattle/Texas/24-008749-003/2024(H5N1)	338	27534
MP|PP755590.1|A/cattle/Texas/24-008749-003/2024(H5N1)	339	27529
MP|PP755590.1|A/cattle/Texas/24-008749-003/2024(H5N1)	340	27521
MP|PP755590.1|A/cattle/Texas/24-008749-003/2024(H5N1)	341	27421
MP|PP755590.1|A/cattle/Texas/24-008749-003/2024(H5N1)	342	27166
MP|PP755590.1|A/cattle/Texas/24-008749-003/2024(H5N1)	343	27201
MP|PP755590.1|A/cattle/Texas/24-008749-003/2024(H5N1)	344	27322
MP|PP755590.1|A/cattle/Texas/24-008749-003/2024(H5N1)	345	26793
MP|PP755590.1|A/cattle/Texas/24-008749-003/2024(H5N1)	346	26994
MP|PP755590.1|A/cattle/Texas/24-008749-003/2024(H5N1)	347	27211
MP|PP755590.1|A/cattle/Texas/24-008749-003/2024(H5N1)	348	27344
MP|PP755590.1|A/cattle/Texas/24-008749-003/2024(H5N1)	349	26505
MP|PP755590.1|A/cattle/Texas/24-008749-003/2024(H5N1)	350	26368
MP|PP755590.1|A/cattle/Texas/24-008749-003/2024(H5N1)	351	27157
MP|PP755590.1|A/cattle/Texas/24-008749-003/2024(H5N1)	352	27029
MP|PP755590.1|A/cattle/Texas/24-008749-003/2024(H5N1)	353	27256
MP|PP755590.1|A/cattle/Texas/24-008749-003/2024(H5N1)	354	27318
MP|PP755590.1|A/cattle/Texas/24-008749-003/2024(H5N1)	355	27148
MP|PP755590.1|A/cattle/Texas/24-008749-003/2024(H5N1)	356	27164
MP|PP755590.1|A/cattle/Texas/24-008749-003/2024(H5N1)	357	27238
MP|PP755590.1|A/cattle/Texas/24-008749-003/2024(H5N1)	358	27158
MP|PP755590.1|A/cattle/Texas/24-008749-003/2024(H5N1)	359	27024
MP|PP755590.1|A/cattle/Texas/24-008749-003/2024(H5N1)	360	26087
MP|PP755590.1|A/cattle/Texas/24-008749-003/2024(H5N1)	361	26392
MP|PP755590.1|A/cattle/Texas/24-008749-003/2024(H5N1)	362	26345
MP|PP755590.1|A/cattle/Texas/24-008749-003/2024(H5N1)	363	26007
MP|PP755590.1|A/cattle/Texas/24-008749-003/2024(H5N1)	364	25934
MP|PP755590.1|A/cattle/Texas/24-008749-003/2024(H5N1)	365	26202
MP|PP755590.1|A/cattle/Texas/24-008749-003/2024(H5N1)	366	26059
MP|PP755590.1|A/cattle/Texas/24-008749-003/2024(H5N1)	367	26149
MP|PP755590.1|A/cattle/Texas/24-008749-003/2024(H5N1)	368	25679
MP|PP755590.1|A/cattle/Texas/24-008749-003/2024(H5N1)	369	25788
MP|PP755590.1|A/cattle/Texas/24-008749-003/2024(H5N1)	370	25239
MP|PP755590.1|A/cattle/Texas/24-008749-003/2024(H5N1)	371	24797
MP|PP755590.1|A/cattle/Texas/24-008749-003/2024(H5N1)	372	25121
MP|PP755590.1|A/cattle/Texas/24-008749-003/2024(H5N1)	373	25078
MP|PP755590.1|A/cattle/Texas/24-008749-003/2024(H5N1)	374	25220
MP|PP755590.1|A/cattle/Texas/24-008749-003/2024(H5N1)	375	24719
MP|PP755590.1|A/cattle/Texas/24-008749-003/2024(H5N1)	376	24582
MP|PP755590.1|A/cattle/Texas/24-008749-003/2024(H5N1)	377	25017
MP|PP755590.1|A/cattle/Texas/24-008749-003/2024(H5N1)	378	25173
MP|PP755590.1|A/cattle/Texas/24-008749-003/2024(H5N1)	379	25137
MP|PP755590.1|A/cattle/Texas/24-008749-003/2024(H5N1)	380	25437
MP|PP755590.1|A/cattle/Texas/24-008749-003/2024(H5N1)	381	25324
MP|PP755590.1|A/cattle/Texas/24-008749-003/2024(H5N1)	382	25326
MP|PP755590.1|A/cattle/Texas/24-008749-003/2024(H5N1)	383	25305
MP|PP755590.1|A/cattle/Texas/24-008749-003/2024(H5N1)	384	25230
MP|PP755590.1|A/cattle/Texas/24-008749-003/2024(H5N1)	385	25435
MP|PP755590.1|A/cattle/Texas/24-008749-003/2024(H5N1)	386	25309
MP|PP755590.1|A/cattle/Texas/24-008749-003/2024(H5N1)	387	25090
MP|PP755590.1|A/cattle/Texas/24-008749-003/2024(H5N1)	388	25467
MP|PP755590.1|A/cattle/Texas/24-008749-003/2024(H5N1)	389	25113
MP|PP755590.1|A/cattle/Texas/24-008749-003/2024(H5N1)	390	25316
MP|PP755590.1|A/cattle/Texas/24-008749-003/2024(H5N1)	391	25905
MP|PP755590.1|A/cattle/Texas/24-008749-003/2024(H5N1)	392	25904
MP|PP755590.1|A/cattle/Texas/24-008749-003/2024(H5N1)	393	25983
MP|PP755590.1|A/cattle/Texas/24-008749-003/2024(H5N1)	394	25844
MP|PP755590.1|A/cattle/Texas/24-008749-003/2024(H5N1)	395	25516
MP|PP755590.1|A/cattle/Texas/24-008749-003/2024(H5N1)	396	26326
MP|PP755590.1|A/cattle/Texas/24-008749-003/2024(H5N1)	397	25540
MP|PP755590.1|A/cattle/Texas/24-008749-003/2024(H5N1)	398	25411
MP|PP755590.1|A/cattle/Texas/24-008749-003/2024(H5N1)	399	25330
MP|PP755590.1|A/cattle/Texas/24-008749-003/2024(H5N1)	400	24596
MP|PP755590.1|A/cattle/Texas/24-008749-003/2024(H5N1)	401	25328
MP|PP755590.1|A/cattle/Texas/24-008749-003/2024(H5N1)	402	25416
MP|PP755590.1|A/cattle/Texas/24-008749-003/2024(H5N1)	403	25059
MP|PP755590.1|A/cattle/Texas/24-008749-003/2024(H5N1)	404	25179
MP|PP755590.1|A/cattle/Texas/24-008749-003/2024(H5N1)	405	24582
MP|PP755590.1|A/cattle/Texas/24-008749-003/2024(H5N1)	406	24670
MP|PP755590.1|A/cattle/Texas/24-008749-003/2024(H5N1)	407	26148
MP|PP755590.1|A/cattle/Texas/24-008749-003/2024(H5N1)	408	25985
MP|PP755590.1|A/cattle/Texas/24-008749-003/2024(H5N1)	409	26065
MP|PP755590.1|A/cattle/Texas/24-008749-003/2024(H5N1)	410	25362
MP|PP755590.1|A/cattle/Texas/24-008749-003/2024(H5N1)	411	25280
MP|PP755590.1|A/cattle/Texas/24-008749-003/2024(H5N1)	412	25297
MP|PP755590.1|A/cattle/Texas/24-008749-003/2024(H5N1)	413	25806
MP|PP755590.1|A/cattle/Texas/24-008749-003/2024(H5N1)	414	25842
MP|PP755590.1|A/cattle/Texas/24-008749-003/2024(H5N1)	415	25865
MP|PP755590.1|A/cattle/Texas/24-008749-003/2024(H5N1)	416	25989
MP|PP755590.1|A/cattle/Texas/24-008749-003/2024(H5N1)	417	25723
MP|PP755590.1|A/cattle/Texas/24-008749-003/2024(H5N1)	418	25720
MP|PP755590.1|A/cattle/Texas/24-008749-003/2024(H5N1)	419	25988
MP|PP755590.1|A/cattle/Texas/24-008749-003/2024(H5N1)	420	25974
MP|PP755590.1|A/cattle/Texas/24-008749-003/2024(H5N1)	421	26052
MP|PP755590.1|A/cattle/Texas/24-008749-003/2024(H5N1)	422	26375
MP|PP755590.1|A/cattle/Texas/24-008749-003/2024(H5N1)	423	26313
MP|PP755590.1|A/cattle/Texas/24-008749-003/2024(H5N1)	424	25791
MP|PP755590.1|A/cattle/Texas/24-008749-003/2024(H5N1)	425	25412
MP|PP755590.1|A/cattle/Texas/24-008749-003/2024(H5N1)	426	25385
MP|PP755590.1|A/cattle/Texas/24-008749-003/2024(H5N1)	427	25805
MP|PP755590.1|A/cattle/Texas/24-008749-003/2024(H5N1)	428	25862
MP|PP755590.1|A/cattle/Texas/24-008749-003/2024(H5N1)	429	25874
MP|PP755590.1|A/cattle/Texas/24-008749-003/2024(H5N1)	430	25258
MP|PP755590.1|A/cattle/Texas/24-008749-003/2024(H5N1)	431	25260
MP|PP755590.1|A/cattle/Texas/24-008749-003/2024(H5N1)	432	25320
MP|PP755590.1|A/cattle/Texas/24-008749-003/2024(H5N1)	433	27207
MP|PP755590.1|A/cattle/Texas/24-008749-003/2024(H5N1)	434	27655
MP|PP755590.1|A/cattle/Texas/24-008749-003/2024(H5N1)	435	27167
MP|PP755590.1|A/cattle/Texas/24-008749-003/2024(H5N1)	436	26661
MP|PP755590.1|A/cattle/Texas/24-008749-003/2024(H5N1)	437	26663
MP|PP755590.1|A/cattle/Texas/24-008749-003/2024(H5N1)	438	27071
MP|PP755590.1|A/cattle/Texas/24-008749-003/2024(H5N1)	439	27442
MP|PP755590.1|A/cattle/Texas/24-008749-003/2024(H5N1)	440	27275
MP|PP755590.1|A/cattle/Texas/24-008749-003/2024(H5N1)	441	27571
MP|PP755590.1|A/cattle/Texas/24-008749-003/2024(H5N1)	442	25476
MP|PP755590.1|A/cattle/Texas/24-008749-003/2024(H5N1)	443	25405
MP|PP755590.1|A/cattle/Texas/24-008749-003/2024(H5N1)	444	25536
MP|PP755590.1|A/cattle/Texas/24-008749-003/2024(H5N1)	445	25451
MP|PP755590.1|A/cattle/Texas/24-008749-003/2024(H5N1)	446	25479
MP|PP755590.1|A/cattle/Texas/24-008749-003/2024(H5N1)	447	24674
MP|PP755590.1|A/cattle/Texas/24-008749-003/2024(H5N1)	448	24432
MP|PP755590.1|A/cattle/Texas/24-008749-003/2024(H5N1)	449	25221
MP|PP755590.1|A/cattle/Texas/24-008749-003/2024(H5N1)	450	25117
MP|PP755590.1|A/cattle/Texas/24-008749-003/2024(H5N1)	451	24851
MP|PP755590.1|A/cattle/Texas/24-008749-003/2024(H5N1)	452	25808
MP|PP755590.1|A/cattle/Texas/24-008749-003/2024(H5N1)	453	25738
MP|PP755590.1|A/cattle/Texas/24-008749-003/2024(H5N1)	454	25756
MP|PP755590.1|A/cattle/Texas/24-008749-003/2024(H5N1)	455	25656
MP|PP755590.1|A/cattle/Texas/24-008749-003/2024(H5N1)	456	25667
MP|PP755590.1|A/cattle/Texas/24-008749-003/2024(H5N1)	457	25646
MP|PP755590.1|A/cattle/Texas/24-008749-003/2024(H5N1)	458	24821
MP|PP755590.1|A/cattle/Texas/24-008749-003/2024(H5N1)	459	24881
MP|PP755590.1|A/cattle/Texas/24-008749-003/2024(H5N1)	460	25274
MP|PP755590.1|A/cattle/Texas/24-008749-003/2024(H5N1)	461	24438
MP|PP755590.1|A/cattle/Texas/24-008749-003/2024(H5N1)	462	24523
MP|PP755590.1|A/cattle/Texas/24-008749-003/2024(H5N1)	463	24561
MP|PP755590.1|A/cattle/Texas/24-008749-003/2024(H5N1)	464	24735
MP|PP755590.1|A/cattle/Texas/24-008749-003/2024(H5N1)	465	24705
MP|PP755590.1|A/cattle/Texas/24-008749-003/2024(H5N1)	466	24806
MP|PP755590.1|A/cattle/Texas/24-008749-003/2024(H5N1)	467	24850
MP|PP755590.1|A/cattle/Texas/24-008749-003/2024(H5N1)	468	24705
MP|PP755590.1|A/cattle/Texas/24-008749-003/2024(H5N1)	469	24672
MP|PP755590.1|A/cattle/Texas/24-008749-003/2024(H5N1)	470	24694
MP|PP755590.1|A/cattle/Texas/24-008749-003/2024(H5N1)	471	24687
MP|PP755590.1|A/cattle/Texas/24-008749-003/2024(H5N1)	472	24659
MP|PP755590.1|A/cattle/Texas/24-008749-003/2024(H5N1)	473	24580
MP|PP755590.1|A/cattle/Texas/24-008749-003/2024(H5N1)	474	24709
MP|PP755590.1|A/cattle/Texas/24-008749-003/2024(H5N1)	475	24758
MP|PP755590.1|A/cattle/Texas/24-008749-003/2024(H5N1)	476	24750
MP|PP755590.1|A/cattle/Texas/24-008749-003/2024(H5N1)	477	24975
MP|PP755590.1|A/cattle/Texas/24-008749-003/2024(H5N1)	478	24845
MP|PP755590.1|A/cattle/Texas/24-008749-003/2024(H5N1)	479	24850
MP|PP755590.1|A/cattle/Texas/24-008749-003/2024(H5N1)	480	25150
MP|PP755590.1|A/cattle/Texas/24-008749-003/2024(H5N1)	481	25657
MP|PP755590.1|A/cattle/Texas/24-008749-003/2024(H5N1)	482	25708
MP|PP755590.1|A/cattle/Texas/24-008749-003/2024(H5N1)	483	25739
MP|PP755590.1|A/cattle/Texas/24-008749-003/2024(H5N1)	484	25825
MP|PP755590.1|A/cattle/Texas/24-008749-003/2024(H5N1)	485	25785
MP|PP755590.1|A/cattle/Texas/24-008749-003/2024(H5N1)	486	25904
MP|PP755590.1|A/cattle/Texas/24-008749-003/2024(H5N1)	487	25859
MP|PP755590.1|A/cattle/Texas/24-008749-003/2024(H5N1)	488	26138
MP|PP755590.1|A/cattle/Texas/24-008749-003/2024(H5N1)	489	25904
MP|PP755590.1|A/cattle/Texas/24-008749-003/2024(H5N1)	490	26061
MP|PP755590.1|A/cattle/Texas/24-008749-003/2024(H5N1)	491	25669
MP|PP755590.1|A/cattle/Texas/24-008749-003/2024(H5N1)	492	25760
MP|PP755590.1|A/cattle/Texas/24-008749-003/2024(H5N1)	493	26066
MP|PP755590.1|A/cattle/Texas/24-008749-003/2024(H5N1)	494	26061
MP|PP755590.1|A/cattle/Texas/24-008749-003/2024(H5N1)	495	26026
MP|PP755590.1|A/cattle/Texas/24-008749-003/2024(H5N1)	496	26130
MP|PP755590.1|A/cattle/Texas/24-008749-003/2024(H5N1)	497	26252
MP|PP755590.1|A/cattle/Texas/24-008749-003/2024(H5N1)	498	26240
MP|PP755590.1|A/cattle/Texas/24-008749-003/2024(H5N1)	499	26150
MP|PP755590.1|A/cattle/Texas/24-008749-003/2024(H5N1)	500	26223
MP|PP755590.1|A/cattle/Texas/24-008749-003/2024(H5N1)	501	25661
MP|PP755590.1|A/cattle/Texas/24-008749-003/2024(H5N1)	502	25559
MP|PP755590.1|A/cattle/Texas/24-008749-003/2024(H5N1)	503	25815
MP|PP755590.1|A/cattle/Texas/24-008749-003/2024(H5N1)	504	25967
MP|PP755590.1|A/cattle/Texas/24-008749-003/2024(H5N1)	505	25863
MP|PP755590.1|A/cattle/Texas/24-008749-003/2024(H5N1)	506	26068
MP|PP755590.1|A/cattle/Texas/24-008749-003/2024(H5N1)	507	26005
MP|PP755590.1|A/cattle/Texas/24-008749-003/2024(H5N1)	508	25974
MP|PP755590.1|A/cattle/Texas/24-008749-003/2024(H5N1)	509	26065
MP|PP755590.1|A/cattle/Texas/24-008749-003/2024(H5N1)	510	26131
MP|PP755590.1|A/cattle/Texas/24-008749-003/2024(H5N1)	511	26253
MP|PP755590.1|A/cattle/Texas/24-008749-003/2024(H5N1)	512	26144
MP|PP755590.1|A/cattle/Texas/24-008749-003/2024(H5N1)	513	26002
MP|PP755590.1|A/cattle/Texas/24-008749-003/2024(H5N1)	514	26067
MP|PP755590.1|A/cattle/Texas/24-008749-003/2024(H5N1)	515	25812
MP|PP755590.1|A/cattle/Texas/24-008749-003/2024(H5N1)	516	26209
MP|PP755590.1|A/cattle/Texas/24-008749-003/2024(H5N1)	517	26310
MP|PP755590.1|A/cattle/Texas/24-008749-003/2024(H5N1)	518	26216
MP|PP755590.1|A/cattle/Texas/24-008749-003/2024(H5N1)	519	26168
MP|PP755590.1|A/cattle/Texas/24-008749-003/2024(H5N1)	520	26001
MP|PP755590.1|A/cattle/Texas/24-008749-003/2024(H5N1)	521	26020
MP|PP755590.1|A/cattle/Texas/24-008749-003/2024(H5N1)	522	26190
MP|PP755590.1|A/cattle/Texas/24-008749-003/2024(H5N1)	523	26141
MP|PP755590.1|A/cattle/Texas/24-008749-003/2024(H5N1)	524	26489
MP|PP755590.1|A/cattle/Texas/24-008749-003/2024(H5N1)	525	26087
MP|PP755590.1|A/cattle/Texas/24-008749-003/2024(H5N1)	526	26086
MP|PP755590.1|A/cattle/Texas/24-008749-003/2024(H5N1)	527	26077
MP|PP755590.1|A/cattle/Texas/24-008749-003/2024(H5N1)	528	25793
MP|PP755590.1|A/cattle/Texas/24-008749-003/2024(H5N1)	529	25621
MP|PP755590.1|A/cattle/Texas/24-008749-003/2024(H5N1)	530	25512
MP|PP755590.1|A/cattle/Texas/24-008749-003/2024(H5N1)	531	25330
MP|PP755590.1|A/cattle/Texas/24-008749-003/2024(H5N1)	532	25078
MP|PP755590.1|A/cattle/Texas/24-008749-003/2024(H5N1)	533	25186
MP|PP755590.1|A/cattle/Texas/24-008749-003/2024(H5N1)	534	26919
MP|PP755590.1|A/cattle/Texas/24-008749-003/2024(H5N1)	535	27224
MP|PP755590.1|A/cattle/Texas/24-008749-003/2024(H5N1)	536	27047
MP|PP755590.1|A/cattle/Texas/24-008749-003/2024(H5N1)	537	26828
MP|PP755590.1|A/cattle/Texas/24-008749-003/2024(H5N1)	538	27262
MP|PP755590.1|A/cattle/Texas/24-008749-003/2024(H5N1)	539	26707
MP|PP755590.1|A/cattle/Texas/24-008749-003/2024(H5N1)	540	26811
MP|PP755590.1|A/cattle/Texas/24-008749-003/2024(H5N1)	541	26825
MP|PP755590.1|A/cattle/Texas/24-008749-003/2024(H5N1)	542	26331
MP|PP755590.1|A/cattle/Texas/24-008749-003/2024(H5N1)	543	26618
MP|PP755590.1|A/cattle/Texas/24-008749-003/2024(H5N1)	544	26530
MP|PP755590.1|A/cattle/Texas/24-008749-003/2024(H5N1)	545	26586
MP|PP755590.1|A/cattle/Texas/24-008749-003/2024(H5N1)	546	26332
MP|PP755590.1|A/cattle/Texas/24-008749-003/2024(H5N1)	547	25864
MP|PP755590.1|A/cattle/Texas/24-008749-003/2024(H5N1)	548	27808
MP|PP755590.1|A/cattle/Texas/24-008749-003/2024(H5N1)	549	28077
MP|PP755590.1|A/cattle/Texas/24-008749-003/2024(H5N1)	550	28105
MP|PP755590.1|A/cattle/Texas/24-008749-003/2024(H5N1)	551	27616
MP|PP755590.1|A/cattle/Texas/24-008749-003/2024(H5N1)	552	27278
MP|PP755590.1|A/cattle/Texas/24-008749-003/2024(H5N1)	553	27286
MP|PP755590.1|A/cattle/Texas/24-008749-003/2024(H5N1)	554	27370
MP|PP755590.1|A/cattle/Texas/24-008749-003/2024(H5N1)	555	27682
MP|PP755590.1|A/cattle/Texas/24-008749-003/2024(H5N1)	556	27910
MP|PP755590.1|A/cattle/Texas/24-008749-003/2024(H5N1)	557	26043
MP|PP755590.1|A/cattle/Texas/24-008749-003/2024(H5N1)	558	25889
MP|PP755590.1|A/cattle/Texas/24-008749-003/2024(H5N1)	559	25840
MP|PP755590.1|A/cattle/Texas/24-008749-003/2024(H5N1)	560	25968
MP|PP755590.1|A/cattle/Texas/24-008749-003/2024(H5N1)	561	26196
MP|PP755590.1|A/cattle/Texas/24-008749-003/2024(H5N1)	562	26287
MP|PP755590.1|A/cattle/Texas/24-008749-003/2024(H5N1)	563	26444
MP|PP755590.1|A/cattle/Texas/24-008749-003/2024(H5N1)	564	25763
MP|PP755590.1|A/cattle/Texas/24-008749-003/2024(H5N1)	565	25752
MP|PP755590.1|A/cattle/Texas/24-008749-003/2024(H5N1)	566	25784
MP|PP755590.1|A/cattle/Texas/24-008749-003/2024(H5N1)	567	25622
MP|PP755590.1|A/cattle/Texas/24-008749-003/2024(H5N1)	568	25813
MP|PP755590.1|A/cattle/Texas/24-008749-003/2024(H5N1)	569	25445
MP|PP755590.1|A/cattle/Texas/24-008749-003/2024(H5N1)	570	25440
MP|PP755590.1|A/cattle/Texas/24-008749-003/2024(H5N1)	571	25220
MP|PP755590.1|A/cattle/Texas/24-008749-003/2024(H5N1)	572	24936
MP|PP755590.1|A/cattle/Texas/24-008749-003/2024(H5N1)	573	24960
MP|PP755590.1|A/cattle/Texas/24-008749-003/2024(H5N1)	574	24978
MP|PP755590.1|A/cattle/Texas/24-008749-003/2024(H5N1)	575	25391
MP|PP755590.1|A/cattle/Texas/24-008749-003/2024(H5N1)	576	25396
MP|PP755590.1|A/cattle/Texas/24-008749-003/2024(H5N1)	577	25208
MP|PP755590.1|A/cattle/Texas/24-008749-003/2024(H5N1)	578	25230
MP|PP755590.1|A/cattle/Texas/24-008749-003/2024(H5N1)	579	25111
MP|PP755590.1|A/cattle/Texas/24-008749-003/2024(H5N1)	580	25131
MP|PP755590.1|A/cattle/Texas/24-008749-003/2024(H5N1)	581	25223
MP|PP755590.1|A/cattle/Texas/24-008749-003/2024(H5N1)	582	25200
MP|PP755590.1|A/cattle/Texas/24-008749-003/2024(H5N1)	583	25159
MP|PP755590.1|A/cattle/Texas/24-008749-003/2024(H5N1)	584	23250
MP|PP755590.1|A/cattle/Texas/24-008749-003/2024(H5N1)	585	23276
MP|PP755590.1|A/cattle/Texas/24-008749-003/2024(H5N1)	586	23282
MP|PP755590.1|A/cattle/Texas/24-008749-003/2024(H5N1)	587	23305
MP|PP755590.1|A/cattle/Texas/24-008749-003/2024(H5N1)	588	23428
MP|PP755590.1|A/cattle/Texas/24-008749-003/2024(H5N1)	589	23145
MP|PP755590.1|A/cattle/Texas/24-008749-003/2024(H5N1)	590	22967
MP|PP755590.1|A/cattle/Texas/24-008749-003/2024(H5N1)	591	22971
MP|PP755590.1|A/cattle/Texas/24-008749-003/2024(H5N1)	592	23276
MP|PP755590.1|A/cattle/Texas/24-008749-003/2024(H5N1)	593	23314
MP|PP755590.1|A/cattle/Texas/24-008749-003/2024(H5N1)	594	23248
MP|PP755590.1|A/cattle/Texas/24-008749-003/2024(H5N1)	595	23175
MP|PP755590.1|A/cattle/Texas/24-008749-003/2024(H5N1)	596	23432
MP|PP755590.1|A/cattle/Texas/24-008749-003/2024(H5N1)	597	23394
MP|PP755590.1|A/cattle/Texas/24-008749-003/2024(H5N1)	598	24014
MP|PP755590.1|A/cattle/Texas/24-008749-003/2024(H5N1)	599	24160
MP|PP755590.1|A/cattle/Texas/24-008749-003/2024(H5N1)	600	23522
MP|PP755590.1|A/cattle/Texas/24-008749-003/2024(H5N1)	601	23540
MP|PP755590.1|A/cattle/Texas/24-008749-003/2024(H5N1)	602	23570
MP|PP755590.1|A/cattle/Texas/24-008749-003/2024(H5N1)	603	22773
MP|PP755590.1|A/cattle/Texas/24-008749-003/2024(H5N1)	604	22983
MP|PP755590.1|A/cattle/Texas/24-008749-003/2024(H5N1)	605	23173
MP|PP755590.1|A/cattle/Texas/24-008749-003/2024(H5N1)	606	23228
MP|PP755590.1|A/cattle/Texas/24-008749-003/2024(H5N1)	607	22559
MP|PP755590.1|A/cattle/Texas/24-008749-003/2024(H5N1)	608	22887
MP|PP755590.1|A/cattle/Texas/24-008749-003/2024(H5N1)	609	22899
MP|PP755590.1|A/cattle/Texas/24-008749-003/2024(H5N1)	610	22941
MP|PP755590.1|A/cattle/Texas/24-008749-003/2024(H5N1)	611	22882
MP|PP755590.1|A/cattle/Texas/24-008749-003/2024(H5N1)	612	22988
MP|PP755590.1|A/cattle/Texas/24-008749-003/2024(H5N1)	613	22926
MP|PP755590.1|A/cattle/Texas/24-008749-003/2024(H5N1)	614	22733
MP|PP755590.1|A/cattle/Texas/24-008749-003/2024(H5N1)	615	22696
MP|PP755590.1|A/cattle/Texas/24-008749-003/2024(H5N1)	616	22700
MP|PP755590.1|A/cattle/Texas/24-008749-003/2024(H5N1)	617	22788
MP|PP755590.1|A/cattle/Texas/24-008749-003/2024(H5N1)	618	22788
MP|PP755590.1|A/cattle/Texas/24-008749-003/2024(H5N1)	619	22964
MP|PP755590.1|A/cattle/Texas/24-008749-003/2024(H5N1)	620	22931
MP|PP755590.1|A/cattle/Texas/24-008749-003/2024(H5N1)	621	23068
MP|PP755590.1|A/cattle/Texas/24-008749-003/2024(H5N1)	622	23032
MP|PP755590.1|A/cattle/Texas/24-008749-003/2024(H5N1)	623	22992
MP|PP755590.1|A/cattle/Texas/24-008749-003/2024(H5N1)	624	23883
MP|PP755590.1|A/cattle/Texas/24-008749-003/2024(H5N1)	625	23983
MP|PP755590.1|A/cattle/Texas/24-008749-003/2024(H5N1)	626	23984
MP|PP755590.1|A/cattle/Texas/24-008749-003/2024(H5N1)	627	23984
MP|PP755590.1|A/cattle/Texas/24-008749-003/2024(H5N1)	628	23780
MP|PP755590.1|A/cattle/Texas/24-008749-003/2024(H5N1)	629	24103
MP|PP755590.1|A/cattle/Texas/24-008749-003/2024(H5N1)	630	24109
MP|PP755590.1|A/cattle/Texas/24-008749-003/2024(H5N1)	631	23904
MP|PP755590.1|A/cattle/Texas/24-008749-003/2024(H5N1)	632	23216
MP|PP755590.1|A/cattle/Texas/24-008749-003/2024(H5N1)	633	22720
MP|PP755590.1|A/cattle/Texas/24-008749-003/2024(H5N1)	634	22537
MP|PP755590.1|A/cattle/Texas/24-008749-003/2024(H5N1)	635	22523
MP|PP755590.1|A/cattle/Texas/24-008749-003/2024(H5N1)	636	22598
MP|PP755590.1|A/cattle/Texas/24-008749-003/2024(H5N1)	637	23245
MP|PP755590.1|A/cattle/Texas/24-008749-003/2024(H5N1)	638	23201
MP|PP755590.1|A/cattle/Texas/24-008749-003/2024(H5N1)	639	23022
MP|PP755590.1|A/cattle/Texas/24-008749-003/2024(H5N1)	640	22889
MP|PP755590.1|A/cattle/Texas/24-008749-003/2024(H5N1)	641	22830
MP|PP755590.1|A/cattle/Texas/24-008749-003/2024(H5N1)	642	23004
MP|PP755590.1|A/cattle/Texas/24-008749-003/2024(H5N1)	643	23278
MP|PP755590.1|A/cattle/Texas/24-008749-003/2024(H5N1)	644	23460
MP|PP755590.1|A/cattle/Texas/24-008749-003/2024(H5N1)	645	23522
MP|PP755590.1|A/cattle/Texas/24-008749-003/2024(H5N1)	646	23000
MP|PP755590.1|A/cattle/Texas/24-008749-003/2024(H5N1)	647	22879
MP|PP755590.1|A/cattle/Texas/24-008749-003/2024(H5N1)	648	22891
MP|PP755590.1|A/cattle/Texas/24-008749-003/2024(H5N1)	649	22903
MP|PP755590.1|A/cattle/Texas/24-008749-003/2024(H5N1)	650	22969
MP|PP755590.1|A/cattle/Texas/24-008749-003/2024(H5N1)	651	23132
MP|PP755590.1|A/cattle/Texas/24-008749-003/2024(H5N1)	652	23074
MP|PP755590.1|A/cattle/Texas/24-008749-003/2024(H5N1)	653	23281
MP|PP755590.1|A/cattle/Texas/24-008749-003/2024(H5N1)	654	23522
MP|PP755590.1|A/cattle/Texas/24-008749-003/2024(H5N1)	655	23415
MP|PP755590.1|A/cattle/Texas/24-008749-003/2024(H5N1)	656	23654
MP|PP755590.1|A/cattle/Texas/24-008749-003/2024(H5N1)	657	23449
MP|PP755590.1|A/cattle/Texas/24-008749-003/2024(H5N1)	658	23452
MP|PP755590.1|A/cattle/Texas/24-008749-003/2024(H5N1)	659	23557
MP|PP755590.1|A/cattle/Texas/24-008749-003/2024(H5N1)	660	23528
MP|PP755590.1|A/cattle/Texas/24-008749-003/2024(H5N1)	661	23822
MP|PP755590.1|A/cattle/Texas/24-008749-003/2024(H5N1)	662	23600
MP|PP755590.1|A/cattle/Texas/24-008749-003/2024(H5N1)	663	23128
MP|PP755590.1|A/cattle/Texas/24-008749-003/2024(H5N1)	664	23284
MP|PP755590.1|A/cattle/Texas/24-008749-003/2024(H5N1)	665	23204
MP|PP755590.1|A/cattle/Texas/24-008749-003/2024(H5N1)	666	23990
MP|PP755590.1|A/cattle/Texas/24-008749-003/2024(H5N1)	667	23708
MP|PP755590.1|A/cattle/Texas/24-008749-003/2024(H5N1)	668	23596
MP|PP755590.1|A/cattle/Texas/24-008749-003/2024(H5N1)	669	23575
MP|PP755590.1|A/cattle/Texas/24-008749-003/2024(H5N1)	670	23574
MP|PP755590.1|A/cattle/Texas/24-008749-003/2024(H5N1)	671	23605
MP|PP755590.1|A/cattle/Texas/24-008749-003/2024(H5N1)	672	25898
MP|PP755590.1|A/cattle/Texas/24-008749-003/2024(H5N1)	673	25748
MP|PP755590.1|A/cattle/Texas/24-008749-003/2024(H5N1)	674	25813
MP|PP755590.1|A/cattle/Texas/24-008749-003/2024(H5N1)	675	25365
MP|PP755590.1|A/cattle/Texas/24-008749-003/2024(H5N1)	676	25338
MP|PP755590.1|A/cattle/Texas/24-008749-003/2024(H5N1)	677	25892
MP|PP755590.1|A/cattle/Texas/24-008749-003/2024(H5N1)	678	25897
MP|PP755590.1|A/cattle/Texas/24-008749-003/2024(H5N1)	679	25859
MP|PP755590.1|A/cattle/Texas/24-008749-003/2024(H5N1)	680	25851
MP|PP755590.1|A/cattle/Texas/24-008749-003/2024(H5N1)	681	23601
MP|PP755590.1|A/cattle/Texas/24-008749-003/2024(H5N1)	682	23774
MP|PP755590.1|A/cattle/Texas/24-008749-003/2024(H5N1)	683	24259
MP|PP755590.1|A/cattle/Texas/24-008749-003/2024(H5N1)	684	24183
MP|PP755590.1|A/cattle/Texas/24-008749-003/2024(H5N1)	685	24199
MP|PP755590.1|A/cattle/Texas/24-008749-003/2024(H5N1)	686	23762
MP|PP755590.1|A/cattle/Texas/24-008749-003/2024(H5N1)	687	23892
MP|PP755590.1|A/cattle/Texas/24-008749-003/2024(H5N1)	688	24030
MP|PP755590.1|A/cattle/Texas/24-008749-003/2024(H5N1)	689	24143
MP|PP755590.1|A/cattle/Texas/24-008749-003/2024(H5N1)	690	24099
MP|PP755590.1|A/cattle/Texas/24-008749-003/2024(H5N1)	691	24034
MP|PP755590.1|A/cattle/Texas/24-008749-003/2024(H5N1)	692	23826
MP|PP755590.1|A/cattle/Texas/24-008749-003/2024(H5N1)	693	23791
MP|PP755590.1|A/cattle/Texas/24-008749-003/2024(H5N1)	694	23584
MP|PP755590.1|A/cattle/Texas/24-008749-003/2024(H5N1)	695	23688
MP|PP755590.1|A/cattle/Texas/24-008749-003/2024(H5N1)	696	23779
MP|PP755590.1|A/cattle/Texas/24-008749-003/2024(H5N1)	697	22409
MP|PP755590.1|A/cattle/Texas/24-008749-003/2024(H5N1)	698	22055
MP|PP755590.1|A/cattle/Texas/24-008749-003/2024(H5N1)	699	22216
MP|PP755590.1|A/cattle/Texas/24-008749-003/2024(H5N1)	700	22073
MP|PP755590.1|A/cattle/Texas/24-008749-003/2024(H5N1)	701	22067
MP|PP755590.1|A/cattle/Texas/24-008749-003/2024(H5N1)	702	22073
MP|PP755590.1|A/cattle/Texas/24-008749-003/2024(H5N1)	703	22081
MP|PP755590.1|A/cattle/Texas/24-008749-003/2024(H5N1)	704	22070
MP|PP755590.1|A/cattle/Texas/24-008749-003/2024(H5N1)	705	21989
MP|PP755590.1|A/cattle/Texas/24-008749-003/2024(H5N1)	706	21679
MP|PP755590.1|A/cattle/Texas/24-008749-003/2024(H5N1)	707	21653
MP|PP755590.1|A/cattle/Texas/24-008749-003/2024(H5N1)	708	21817
MP|PP755590.1|A/cattle/Texas/24-008749-003/2024(H5N1)	709	22044
MP|PP755590.1|A/cattle/Texas/24-008749-003/2024(H5N1)	710	22042
MP|PP755590.1|A/cattle/Texas/24-008749-003/2024(H5N1)	711	21849
MP|PP755590.1|A/cattle/Texas/24-008749-003/2024(H5N1)	712	21644
MP|PP755590.1|A/cattle/Texas/24-008749-003/2024(H5N1)	713	21623
MP|PP755590.1|A/cattle/Texas/24-008749-003/2024(H5N1)	714	21601
MP|PP755590.1|A/cattle/Texas/24-008749-003/2024(H5N1)	715	21640
MP|PP755590.1|A/cattle/Texas/24-008749-003/2024(H5N1)	716	21565
MP|PP755590.1|A/cattle/Texas/24-008749-003/2024(H5N1)	717	21440
MP|PP755590.1|A/cattle/Texas/24-008749-003/2024(H5N1)	718	21412
MP|PP755590.1|A/cattle/Texas/24-008749-003/2024(H5N1)	719	22007
MP|PP755590.1|A/cattle/Texas/24-008749-003/2024(H5N1)	720	22396
MP|PP755590.1|A/cattle/Texas/24-008749-003/2024(H5N1)	721	22400
MP|PP755590.1|A/cattle/Texas/24-008749-003/2024(H5N1)	722	22383
MP|PP755590.1|A/cattle/Texas/24-008749-003/2024(H5N1)	723	22304
MP|PP755590.1|A/cattle/Texas/24-008749-003/2024(H5N1)	724	22339
MP|PP755590.1|A/cattle/Texas/24-008749-003/2024(H5N1)	725	22365
MP|PP755590.1|A/cattle/Texas/24-008749-003/2024(H5N1)	726	22198
MP|PP755590.1|A/cattle/Texas/24-008749-003/2024(H5N1)	727	22235
MP|PP755590.1|A/cattle/Texas/24-008749-003/2024(H5N1)	728	22008
MP|PP755590.1|A/cattle/Texas/24-008749-003/2024(H5N1)	729	22039
MP|PP755590.1|A/cattle/Texas/24-008749-003/2024(H5N1)	730	22073
MP|PP755590.1|A/cattle/Texas/24-008749-003/2024(H5N1)	731	22123
MP|PP755590.1|A/cattle/Texas/24-008749-003/2024(H5N1)	732	22049
MP|PP755590.1|A/cattle/Texas/24-008749-003/2024(H5N1)	733	22391
MP|PP755590.1|A/cattle/Texas/24-008749-003/2024(H5N1)	734	23203
MP|PP755590.1|A/cattle/Texas/24-008749-003/2024(H5N1)	735	23186
MP|PP755590.1|A/cattle/Texas/24-008749-003/2024(H5N1)	736	23465
MP|PP755590.1|A/cattle/Texas/24-008749-003/2024(H5N1)	737	23425
MP|PP755590.1|A/cattle/Texas/24-008749-003/2024(H5N1)	738	23391
MP|PP755590.1|A/cattle/Texas/24-008749-003/2024(H5N1)	739	23905
MP|PP755590.1|A/cattle/Texas/24-008749-003/2024(H5N1)	740	23915
MP|PP755590.1|A/cattle/Texas/24-008749-003/2024(H5N1)	741	23837
MP|PP755590.1|A/cattle/Texas/24-008749-003/2024(H5N1)	742	23814
MP|PP755590.1|A/cattle/Texas/24-008749-003/2024(H5N1)	743	23144
MP|PP755590.1|A/cattle/Texas/24-008749-003/2024(H5N1)	744	23169
MP|PP755590.1|A/cattle/Texas/24-008749-003/2024(H5N1)	745	23014
MP|PP755590.1|A/cattle/Texas/24-008749-003/2024(H5N1)	746	22969
MP|PP755590.1|A/cattle/Texas/24-008749-003/2024(H5N1)	747	22932
MP|PP755590.1|A/cattle/Texas/24-008749-003/2024(H5N1)	748	23504
MP|PP755590.1|A/cattle/Texas/24-008749-003/2024(H5N1)	749	23577
MP|PP755590.1|A/cattle/Texas/24-008749-003/2024(H5N1)	750	24339
MP|PP755590.1|A/cattle/Texas/24-008749-003/2024(H5N1)	751	24426
MP|PP755590.1|A/cattle/Texas/24-008749-003/2024(H5N1)	752	24426
MP|PP755590.1|A/cattle/Texas/24-008749-003/2024(H5N1)	753	24590
MP|PP755590.1|A/cattle/Texas/24-008749-003/2024(H5N1)	754	24761
MP|PP755590.1|A/cattle/Texas/24-008749-003/2024(H5N1)	755	24569
MP|PP755590.1|A/cattle/Texas/24-008749-003/2024(H5N1)	756	24382
MP|PP755590.1|A/cattle/Texas/24-008749-003/2024(H5N1)	757	24617
MP|PP755590.1|A/cattle/Texas/24-008749-003/2024(H5N1)	758	24588
MP|PP755590.1|A/cattle/Texas/24-008749-003/2024(H5N1)	759	24630
MP|PP755590.1|A/cattle/Texas/24-008749-003/2024(H5N1)	760	24622
MP|PP755590.1|A/cattle/Texas/24-008749-003/2024(H5N1)	761	24833
MP|PP755590.1|A/cattle/Texas/24-008749-003/2024(H5N1)	762	24597
MP|PP755590.1|A/cattle/Texas/24-008749-003/2024(H5N1)	763	24807
MP|PP755590.1|A/cattle/Texas/24-008749-003/2024(H5N1)	764	24894
MP|PP755590.1|A/cattle/Texas/24-008749-003/2024(H5N1)	765	24838
MP|PP755590.1|A/cattle/Texas/24-008749-003/2024(H5N1)	766	25259
MP|PP755590.1|A/cattle/Texas/24-008749-003/2024(H5N1)	767	25258
MP|PP755590.1|A/cattle/Texas/24-008749-003/2024(H5N1)	768	25097
MP|PP755590.1|A/cattle/Texas/24-008749-003/2024(H5N1)	769	25276
MP|PP755590.1|A/cattle/Texas/24-008749-003/2024(H5N1)	770	24976
MP|PP755590.1|A/cattle/Texas/24-008749-003/2024(H5N1)	771	25172
MP|PP755590.1|A/cattle/Texas/24-008749-003/2024(H5N1)	772	25025
MP|PP755590.1|A/cattle/Texas/24-008749-003/2024(H5N1)	773	24956
MP|PP755590.1|A/cattle/Texas/24-008749-003/2024(H5N1)	774	24103
MP|PP755590.1|A/cattle/Texas/24-008749-003/2024(H5N1)	775	23887
MP|PP755590.1|A/cattle/Texas/24-008749-003/2024(H5N1)	776	23896
MP|PP755590.1|A/cattle/Texas/24-008749-003/2024(H5N1)	777	24168
MP|PP755590.1|A/cattle/Texas/24-008749-003/2024(H5N1)	778	24202
MP|PP755590.1|A/cattle/Texas/24-008749-003/2024(H5N1)	779	24129
MP|PP755590.1|A/cattle/Texas/24-008749-003/2024(H5N1)	780	24324
MP|PP755590.1|A/cattle/Texas/24-008749-003/2024(H5N1)	781	25471
MP|PP755590.1|A/cattle/Texas/24-008749-003/2024(H5N1)	782	25504
MP|PP755590.1|A/cattle/Texas/24-008749-003/2024(H5N1)	783	25542
MP|PP755590.1|A/cattle/Texas/24-008749-003/2024(H5N1)	784	26150
MP|PP755590.1|A/cattle/Texas/24-008749-003/2024(H5N1)	785	26219
MP|PP755590.1|A/cattle/Texas/24-008749-003/2024(H5N1)	786	26733
MP|PP755590.1|A/cattle/Texas/24-008749-003/2024(H5N1)	787	26616
MP|PP755590.1|A/cattle/Texas/24-008749-003/2024(H5N1)	788	25999
MP|PP755590.1|A/cattle/Texas/24-008749-003/2024(H5N1)	789	25636
MP|PP755590.1|A/cattle/Texas/24-008749-003/2024(H5N1)	790	25702
MP|PP755590.1|A/cattle/Texas/24-008749-003/2024(H5N1)	791	27006
MP|PP755590.1|A/cattle/Texas/24-008749-003/2024(H5N1)	792	26981
MP|PP755590.1|A/cattle/Texas/24-008749-003/2024(H5N1)	793	26766
MP|PP755590.1|A/cattle/Texas/24-008749-003/2024(H5N1)	794	27076
MP|PP755590.1|A/cattle/Texas/24-008749-003/2024(H5N1)	795	27582
MP|PP755590.1|A/cattle/Texas/24-008749-003/2024(H5N1)	796	27740
MP|PP755590.1|A/cattle/Texas/24-008749-003/2024(H5N1)	797	27664
MP|PP755590.1|A/cattle/Texas/24-008749-003/2024(H5N1)	798	27746
MP|PP755590.1|A/cattle/Texas/24-008749-003/2024(H5N1)	799	27943
MP|PP755590.1|A/cattle/Texas/24-008749-003/2024(H5N1)	800	27604
MP|PP755590.1|A/cattle/Texas/24-008749-003/2024(H5N1)	801	27700
MP|PP755590.1|A/cattle/Texas/24-008749-003/2024(H5N1)	802	27649
MP|PP755590.1|A/cattle/Texas/24-008749-003/2024(H5N1)	803	28057
MP|PP755590.1|A/cattle/Texas/24-008749-003/2024(H5N1)	804	27679
MP|PP755590.1|A/cattle/Texas/24-008749-003/2024(H5N1)	805	27342
MP|PP755590.1|A/cattle/Texas/24-008749-003/2024(H5N1)	806	27337
MP|PP755590.1|A/cattle/Texas/24-008749-003/2024(H5N1)	807	27103
MP|PP755590.1|A/cattle/Texas/24-008749-003/2024(H5N1)	808	27267
MP|PP755590.1|A/cattle/Texas/24-008749-003/2024(H5N1)	809	27218
MP|PP755590.1|A/cattle/Texas/24-008749-003/2024(H5N1)	810	27092
MP|PP755590.1|A/cattle/Texas/24-008749-003/2024(H5N1)	811	27106
MP|PP755590.1|A/cattle/Texas/24-008749-003/2024(H5N1)	812	26772
MP|PP755590.1|A/cattle/Texas/24-008749-003/2024(H5N1)	813	26805
MP|PP755590.1|A/cattle/Texas/24-008749-003/2024(H5N1)	814	26705
MP|PP755590.1|A/cattle/Texas/24-008749-003/2024(H5N1)	815	26070
MP|PP755590.1|A/cattle/Texas/24-008749-003/2024(H5N1)	816	26053
MP|PP755590.1|A/cattle/Texas/24-008749-003/2024(H5N1)	817	25881
MP|PP755590.1|A/cattle/Texas/24-008749-003/2024(H5N1)	818	25869
MP|PP755590.1|A/cattle/Texas/24-008749-003/2024(H5N1)	819	26024
MP|PP755590.1|A/cattle/Texas/24-008749-003/2024(H5N1)	820	26015
MP|PP755590.1|A/cattle/Texas/24-008749-003/2024(H5N1)	821	25965
MP|PP755590.1|A/cattle/Texas/24-008749-003/2024(H5N1)	822	25883
MP|PP755590.1|A/cattle/Texas/24-008749-003/2024(H5N1)	823	23960
MP|PP755590.1|A/cattle/Texas/24-008749-003/2024(H5N1)	824	25145
MP|PP755590.1|A/cattle/Texas/24-008749-003/2024(H5N1)	825	25125
MP|PP755590.1|A/cattle/Texas/24-008749-003/2024(H5N1)	826	25128
MP|PP755590.1|A/cattle/Texas/24-008749-003/2024(H5N1)	827	25161
MP|PP755590.1|A/cattle/Texas/24-008749-003/2024(H5N1)	828	24669
MP|PP755590.1|A/cattle/Texas/24-008749-003/2024(H5N1)	829	25182
MP|PP755590.1|A/cattle/Texas/24-008749-003/2024(H5N1)	830	25165
MP|PP755590.1|A/cattle/Texas/24-008749-003/2024(H5N1)	831	25164
MP|PP755590.1|A/cattle/Texas/24-008749-003/2024(H5N1)	832	24879
MP|PP755590.1|A/cattle/Texas/24-008749-003/2024(H5N1)	833	24638
MP|PP755590.1|A/cattle/Texas/24-008749-003/2024(H5N1)	834	24451
MP|PP755590.1|A/cattle/Texas/24-008749-003/2024(H5N1)	835	24463
MP|PP755590.1|A/cattle/Texas/24-008749-003/2024(H5N1)	836	24456
MP|PP755590.1|A/cattle/Texas/24-008749-003/2024(H5N1)	837	24557
MP|PP755590.1|A/cattle/Texas/24-008749-003/2024(H5N1)	838	24559
MP|PP755590.1|A/cattle/Texas/24-008749-003/2024(H5N1)	839	24602
MP|PP755590.1|A/cattle/Texas/24-008749-003/2024(H5N1)	840	24283
MP|PP755590.1|A/cattle/Texas/24-008749-003/2024(H5N1)	841	24272
MP|PP755590.1|A/cattle/Texas/24-008749-003/2024(H5N1)	842	24390
MP|PP755590.1|A/cattle/Texas/24-008749-003/2024(H5N1)	843	24376
MP|PP755590.1|A/cattle/Texas/24-008749-003/2024(H5N1)	844	24423
MP|PP755590.1|A/cattle/Texas/24-008749-003/2024(H5N1)	845	24393
MP|PP755590.1|A/cattle/Texas/24-008749-003/2024(H5N1)	846	24294
MP|PP755590.1|A/cattle/Texas/24-008749-003/2024(H5N1)	847	24358
MP|PP755590.1|A/cattle/Texas/24-008749-003/2024(H5N1)	848	24350
MP|PP755590.1|A/cattle/Texas/24-008749-003/2024(H5N1)	849	24395
MP|PP755590.1|A/cattle/Texas/24-008749-003/2024(H5N1)	850	24478
MP|PP755590.1|A/cattle/Texas/24-008749-003/2024(H5N1)	851	26063
MP|PP755590.1|A/cattle/Texas/24-008749-003/2024(H5N1)	852	26170
MP|PP755590.1|A/cattle/Texas/24-008749-003/2024(H5N1)	853	26450
MP|PP755590.1|A/cattle/Texas/24-008749-003/2024(H5N1)	854	26490
MP|PP755590.1|A/cattle/Texas/24-008749-003/2024(H5N1)	855	26505
MP|PP755590.1|A/cattle/Texas/24-008749-003/2024(H5N1)	856	26695
MP|PP755590.1|A/cattle/Texas/24-008749-003/2024(H5N1)	857	26683
MP|PP755590.1|A/cattle/Texas/24-008749-003/2024(H5N1)	858	26505
MP|PP755590.1|A/cattle/Texas/24-008749-003/2024(H5N1)	859	26128
MP|PP755590.1|A/cattle/Texas/24-008749-003/2024(H5N1)	860	25905
MP|PP755590.1|A/cattle/Texas/24-008749-003/2024(H5N1)	861	26166
MP|PP755590.1|A/cattle/Texas/24-008749-003/2024(H5N1)	862	26089
MP|PP755590.1|A/cattle/Texas/24-008749-003/2024(H5N1)	863	26056
MP|PP755590.1|A/cattle/Texas/24-008749-003/2024(H5N1)	864	26045
MP|PP755590.1|A/cattle/Texas/24-008749-003/2024(H5N1)	865	25910
MP|PP755590.1|A/cattle/Texas/24-008749-003/2024(H5N1)	866	25903
MP|PP755590.1|A/cattle/Texas/24-008749-003/2024(H5N1)	867	25924
MP|PP755590.1|A/cattle/Texas/24-008749-003/2024(H5N1)	868	25879
MP|PP755590.1|A/cattle/Texas/24-008749-003/2024(H5N1)	869	25868
MP|PP755590.1|A/cattle/Texas/24-008749-003/2024(H5N1)	870	25330
MP|PP755590.1|A/cattle/Texas/24-008749-003/2024(H5N1)	871	24789
MP|PP755590.1|A/cattle/Texas/24-008749-003/2024(H5N1)	872	24785
MP|PP755590.1|A/cattle/Texas/24-008749-003/2024(H5N1)	873	24788
MP|PP755590.1|A/cattle/Texas/24-008749-003/2024(H5N1)	874	24932
MP|PP755590.1|A/cattle/Texas/24-008749-003/2024(H5N1)	875	24857
MP|PP755590.1|A/cattle/Texas/24-008749-003/2024(H5N1)	876	24689
MP|PP755590.1|A/cattle/Texas/24-008749-003/2024(H5N1)	877	24656
MP|PP755590.1|A/cattle/Texas/24-008749-003/2024(H5N1)	878	24602
MP|PP755590.1|A/cattle/Texas/24-008749-003/2024(H5N1)	879	24480
MP|PP755590.1|A/cattle/Texas/24-008749-003/2024(H5N1)	880	24446
MP|PP755590.1|A/cattle/Texas/24-008749-003/2024(H5N1)	881	24453
MP|PP755590.1|A/cattle/Texas/24-008749-003/2024(H5N1)	882	24389
MP|PP755590.1|A/cattle/Texas/24-008749-003/2024(H5N1)	883	24040
MP|PP755590.1|A/cattle/Texas/24-008749-003/2024(H5N1)	884	23917
MP|PP755590.1|A/cattle/Texas/24-008749-003/2024(H5N1)	885	23112
MP|PP755590.1|A/cattle/Texas/24-008749-003/2024(H5N1)	886	23082
MP|PP755590.1|A/cattle/Texas/24-008749-003/2024(H5N1)	887	22785
MP|PP755590.1|A/cattle/Texas/24-008749-003/2024(H5N1)	888	22975
MP|PP755590.1|A/cattle/Texas/24-008749-003/2024(H5N1)	889	22894
MP|PP755590.1|A/cattle/Texas/24-008749-003/2024(H5N1)	890	22562
MP|PP755590.1|A/cattle/Texas/24-008749-003/2024(H5N1)	891	22486
MP|PP755590.1|A/cattle/Texas/24-008749-003/2024(H5N1)	892	22532
MP|PP755590.1|A/cattle/Texas/24-008749-003/2024(H5N1)	893	22501
MP|PP755590.1|A/cattle/Texas/24-008749-003/2024(H5N1)	894	22441
MP|PP755590.1|A/cattle/Texas/24-008749-003/2024(H5N1)	895	22303
MP|PP755590.1|A/cattle/Texas/24-008749-003/2024(H5N1)	896	22285
MP|PP755590.1|A/cattle/Texas/24-008749-003/2024(H5N1)	897	21056
MP|PP755590.1|A/cattle/Texas/24-008749-003/2024(H5N1)	898	21112
MP|PP755590.1|A/cattle/Texas/24-008749-003/2024(H5N1)	899	20447
MP|PP755590.1|A/cattle/Texas/24-008749-003/2024(H5N1)	900	20035
MP|PP755590.1|A/cattle/Texas/24-008749-003/2024(H5N1)	901	19705
MP|PP755590.1|A/cattle/Texas/24-008749-003/2024(H5N1)	902	19535
MP|PP755590.1|A/cattle/Texas/24-008749-003/2024(H5N1)	903	19553
MP|PP755590.1|A/cattle/Texas/24-008749-003/2024(H5N1)	904	19371
MP|PP755590.1|A/cattle/Texas/24-008749-003/2024(H5N1)	905	19213
MP|PP755590.1|A/cattle/Texas/24-008749-003/2024(H5N1)	906	19215
MP|PP755590.1|A/cattle/Texas/24-008749-003/2024(H5N1)	907	18702
MP|PP755590.1|A/cattle/Texas/24-008749-003/2024(H5N1)	908	18725
MP|PP755590.1|A/cattle/Texas/24-008749-003/2024(H5N1)	909	18697
MP|PP755590.1|A/cattle/Texas/24-008749-003/2024(H5N1)	910	18246
MP|PP755590.1|A/cattle/Texas/24-008749-003/2024(H5N1)	911	18264
MP|PP755590.1|A/cattle/Texas/24-008749-003/2024(H5N1)	912	18023
MP|PP755590.1|A/cattle/Texas/24-008749-003/2024(H5N1)	913	17992
MP|PP755590.1|A/cattle/Texas/24-008749-003/2024(H5N1)	914	17666
MP|PP755590.1|A/cattle/Texas/24-008749-003/2024(H5N1)	915	17382
MP|PP755590.1|A/cattle/Texas/24-008749-003/2024(H5N1)	916	17195
MP|PP755590.1|A/cattle/Texas/24-008749-003/2024(H5N1)	917	16971
MP|PP755590.1|A/cattle/Texas/24-008749-003/2024(H5N1)	918	16982
MP|PP755590.1|A/cattle/Texas/24-008749-003/2024(H5N1)	919	16924
MP|PP755590.1|A/cattle/Texas/24-008749-003/2024(H5N1)	920	16697
MP|PP755590.1|A/cattle/Texas/24-008749-003/2024(H5N1)	921	16636
MP|PP755590.1|A/cattle/Texas/24-008749-003/2024(H5N1)	922	16324
MP|PP755590.1|A/cattle/Texas/24-008749-003/2024(H5N1)	923	16376
MP|PP755590.1|A/cattle/Texas/24-008749-003/2024(H5N1)	924	16345
MP|PP755590.1|A/cattle/Texas/24-008749-003/2024(H5N1)	925	16318
MP|PP755590.1|A/cattle/Texas/24-008749-003/2024(H5N1)	926	16321
MP|PP755590.1|A/cattle/Texas/24-008749-003/2024(H5N1)	927	15923
MP|PP755590.1|A/cattle/Texas/24-008749-003/2024(H5N1)	928	15954
MP|PP755590.1|A/cattle/Texas/24-008749-003/2024(H5N1)	929	15902
MP|PP755590.1|A/cattle/Texas/24-008749-003/2024(H5N1)	930	15867
MP|PP755590.1|A/cattle/Texas/24-008749-003/2024(H5N1)	931	15548
MP|PP755590.1|A/cattle/Texas/24-008749-003/2024(H5N1)	932	14158
MP|PP755590.1|A/cattle/Texas/24-008749-003/2024(H5N1)	933	14180
MP|PP755590.1|A/cattle/Texas/24-008749-003/2024(H5N1)	934	14084
MP|PP755590.1|A/cattle/Texas/24-008749-003/2024(H5N1)	935	13523
MP|PP755590.1|A/cattle/Texas/24-008749-003/2024(H5N1)	936	13458
MP|PP755590.1|A/cattle/Texas/24-008749-003/2024(H5N1)	937	12807
MP|PP755590.1|A/cattle/Texas/24-008749-003/2024(H5N1)	938	12808
MP|PP755590.1|A/cattle/Texas/24-008749-003/2024(H5N1)	939	12771
MP|PP755590.1|A/cattle/Texas/24-008749-003/2024(H5N1)	940	12728
MP|PP755590.1|A/cattle/Texas/24-008749-003/2024(H5N1)	941	12693
MP|PP755590.1|A/cattle/Texas/24-008749-003/2024(H5N1)	942	11234
MP|PP755590.1|A/cattle/Texas/24-008749-003/2024(H5N1)	943	11204
MP|PP755590.1|A/cattle/Texas/24-008749-003/2024(H5N1)	944	10752
MP|PP755590.1|A/cattle/Texas/24-008749-003/2024(H5N1)	945	10105
MP|PP755590.1|A/cattle/Texas/24-008749-003/2024(H5N1)	946	9506
MP|PP755590.1|A/cattle/Texas/24-008749-003/2024(H5N1)	947	9353
MP|PP755590.1|A/cattle/Texas/24-008749-003/2024(H5N1)	948	9308
MP|PP755590.1|A/cattle/Texas/24-008749-003/2024(H5N1)	949	9220
MP|PP755590.1|A/cattle/Texas/24-008749-003/2024(H5N1)	950	8884
MP|PP755590.1|A/cattle/Texas/24-008749-003/2024(H5N1)	951	8869
MP|PP755590.1|A/cattle/Texas/24-008749-003/2024(H5N1)	952	8765
MP|PP755590.1|A/cattle/Texas/24-008749-003/2024(H5N1)	953	8698
MP|PP755590.1|A/cattle/Texas/24-008749-003/2024(H5N1)	954	8524
MP|PP755590.1|A/cattle/Texas/24-008749-003/2024(H5N1)	955	8448
MP|PP755590.1|A/cattle/Texas/24-008749-003/2024(H5N1)	956	8374
MP|PP755590.1|A/cattle/Texas/24-008749-003/2024(H5N1)	957	8349
MP|PP755590.1|A/cattle/Texas/24-008749-003/2024(H5N1)	958	8316
MP|PP755590.1|A/cattle/Texas/24-008749-003/2024(H5N1)	959	8239
MP|PP755590.1|A/cattle/Texas/24-008749-003/2024(H5N1)	960	8214
MP|PP755590.1|A/cattle/Texas/24-008749-003/2024(H5N1)	961	8144
MP|PP755590.1|A/cattle/Texas/24-008749-003/2024(H5N1)	962	8130
MP|PP755590.1|A/cattle/Texas/24-008749-003/2024(H5N1)	963	8022
MP|PP755590.1|A/cattle/Texas/24-008749-003/2024(H5N1)	964	8008
MP|PP755590.1|A/cattle/Texas/24-008749-003/2024(H5N1)	965	7988
MP|PP755590.1|A/cattle/Texas/24-008749-003/2024(H5N1)	966	7939
MP|PP755590.1|A/cattle/Texas/24-008749-003/2024(H5N1)	967	7926
MP|PP755590.1|A/cattle/Texas/24-008749-003/2024(H5N1)	968	7907
MP|PP755590.1|A/cattle/Texas/24-008749-003/2024(H5N1)	969	7905
MP|PP755590.1|A/cattle/Texas/24-008749-003/2024(H5N1)	970	7575
MP|PP755590.1|A/cattle/Texas/24-008749-003/2024(H5N1)	971	7567
MP|PP755590.1|A/cattle/Texas/24-008749-003/2024(H5N1)	972	7461
MP|PP755590.1|A/cattle/Texas/24-008749-003/2024(H5N1)	973	7456
MP|PP755590.1|A/cattle/Texas/24-008749-003/2024(H5N1)	974	7384
MP|PP755590.1|A/cattle/Texas/24-008749-003/2024(H5N1)	975	5683
MP|PP755590.1|A/cattle/Texas/24-008749-003/2024(H5N1)	976	5602
MP|PP755590.1|A/cattle/Texas/24-008749-003/2024(H5N1)	977	5599
MP|PP755590.1|A/cattle/Texas/24-008749-003/2024(H5N1)	978	5554
MP|PP755590.1|A/cattle/Texas/24-008749-003/2024(H5N1)	979	5544
MP|PP755590.1|A/cattle/Texas/24-008749-003/2024(H5N1)	980	4910
MP|PP755590.1|A/cattle/Texas/24-008749-003/2024(H5N1)	981	4874
MP|PP755590.1|A/cattle/Texas/24-008749-003/2024(H5N1)	982	4850
