PB2|PP755596.1|A/cattle/Texas/24-008749-003/2024(H5N1)	1	975
PB2|PP755596.1|A/cattle/Texas/24-008749-003/2024(H5N1)	2	980
PB2|PP755596.1|A/cattle/Texas/24-008749-003/2024(H5N1)	3	996
PB2|PP755596.1|A/cattle/Texas/24-008749-003/2024(H5N1)	4	999
PB2|PP755596.1|A/cattle/Texas/24-008749-003/2024(H5N1)	5	999
PB2|PP755596.1|A/cattle/Texas/24-008749-003/2024(H5N1)	6	1010
PB2|PP755596.1|A/cattle/Texas/24-008749-003/2024(H5N1)	7	1014
PB2|PP755596.1|A/cattle/Texas/24-008749-003/2024(H5N1)	8	1131
PB2|PP755596.1|A/cattle/Texas/24-008749-003/2024(H5N1)	9	1131
PB2|PP755596.1|A/cattle/Texas/24-008749-003/2024(H5N1)	10	1135
PB2|PP755596.1|A/cattle/Texas/24-008749-003/2024(H5N1)	11	1150
PB2|PP755596.1|A/cattle/Texas/24-008749-003/2024(H5N1)	12	1153
PB2|PP755596.1|A/cattle/Texas/24-008749-003/2024(H5N1)	13	1159
PB2|PP755596.1|A/cattle/Texas/24-008749-003/2024(H5N1)	14	1166
PB2|PP755596.1|A/cattle/Texas/24-008749-003/2024(H5N1)	15	1170
PB2|PP755596.1|A/cattle/Texas/24-008749-003/2024(H5N1)	16	1203
PB2|PP755596.1|A/cattle/Texas/24-008749-003/2024(H5N1)	17	1213
PB2|PP755596.1|A/cattle/Texas/24-008749-003/2024(H5N1)	18	1215
PB2|PP755596.1|A/cattle/Texas/24-008749-003/2024(H5N1)	19	1217
PB2|PP755596.1|A/cattle/Texas/24-008749-003/2024(H5N1)	20	1219
PB2|PP755596.1|A/cattle/Texas/24-008749-003/2024(H5N1)	21	1229
PB2|PP755596.1|A/cattle/Texas/24-008749-003/2024(H5N1)	22	1229
PB2|PP755596.1|A/cattle/Texas/24-008749-003/2024(H5N1)	23	1239
PB2|PP755596.1|A/cattle/Texas/24-008749-003/2024(H5N1)	24	1244
PB2|PP755596.1|A/cattle/Texas/24-008749-003/2024(H5N1)	25	1287
PB2|PP755596.1|A/cattle/Texas/24-008749-003/2024(H5N1)	26	1315
PB2|PP755596.1|A/cattle/Texas/24-008749-003/2024(H5N1)	27	1316
PB2|PP755596.1|A/cattle/Texas/24-008749-003/2024(H5N1)	28	1321
PB2|PP755596.1|A/cattle/Texas/24-008749-003/2024(H5N1)	29	1322
PB2|PP755596.1|A/cattle/Texas/24-008749-003/2024(H5N1)	30	1324
PB2|PP755596.1|A/cattle/Texas/24-008749-003/2024(H5N1)	31	1349
PB2|PP755596.1|A/cattle/Texas/24-008749-003/2024(H5N1)	32	1358
PB2|PP755596.1|A/cattle/Texas/24-008749-003/2024(H5N1)	33	1379
PB2|PP755596.1|A/cattle/Texas/24-008749-003/2024(H5N1)	34	1388
PB2|PP755596.1|A/cattle/Texas/24-008749-003/2024(H5N1)	35	1388
PB2|PP755596.1|A/cattle/Texas/24-008749-003/2024(H5N1)	36	1390
PB2|PP755596.1|A/cattle/Texas/24-008749-003/2024(H5N1)	37	1394
PB2|PP755596.1|A/cattle/Texas/24-008749-003/2024(H5N1)	38	1394
PB2|PP755596.1|A/cattle/Texas/24-008749-003/2024(H5N1)	39	1487
PB2|PP755596.1|A/cattle/Texas/24-008749-003/2024(H5N1)	40	1495
PB2|PP755596.1|A/cattle/Texas/24-008749-003/2024(H5N1)	41	1496
PB2|PP755596.1|A/cattle/Texas/24-008749-003/2024(H5N1)	42	1496
PB2|PP755596.1|A/cattle/Texas/24-008749-003/2024(H5N1)	43	1502
PB2|PP755596.1|A/cattle/Texas/24-008749-003/2024(H5N1)	44	1512
PB2|PP755596.1|A/cattle/Texas/24-008749-003/2024(H5N1)	45	1515
PB2|PP755596.1|A/cattle/Texas/24-008749-003/2024(H5N1)	46	1519
PB2|PP755596.1|A/cattle/Texas/24-008749-003/2024(H5N1)	47	1533
PB2|PP755596.1|A/cattle/Texas/24-008749-003/2024(H5N1)	48	1534
PB2|PP755596.1|A/cattle/Texas/24-008749-003/2024(H5N1)	49	1574
PB2|PP755596.1|A/cattle/Texas/24-008749-003/2024(H5N1)	50	1581
PB2|PP755596.1|A/cattle/Texas/24-008749-003/2024(H5N1)	51	1594
PB2|PP755596.1|A/cattle/Texas/24-008749-003/2024(H5N1)	52	1594
PB2|PP755596.1|A/cattle/Texas/24-008749-003/2024(H5N1)	53	1596
PB2|PP755596.1|A/cattle/Texas/24-008749-003/2024(H5N1)	54	1622
PB2|PP755596.1|A/cattle/Texas/24-008749-003/2024(H5N1)	55	1708
PB2|PP755596.1|A/cattle/Texas/24-008749-003/2024(H5N1)	56	1735
PB2|PP755596.1|A/cattle/Texas/24-008749-003/2024(H5N1)	57	1735
PB2|PP755596.1|A/cattle/Texas/24-008749-003/2024(H5N1)	58	1743
PB2|PP755596.1|A/cattle/Texas/24-008749-003/2024(H5N1)	59	1742
PB2|PP755596.1|A/cattle/Texas/24-008749-003/2024(H5N1)	60	1785
PB2|PP755596.1|A/cattle/Texas/24-008749-003/2024(H5N1)	61	1792
PB2|PP755596.1|A/cattle/Texas/24-008749-003/2024(H5N1)	62	1794
PB2|PP755596.1|A/cattle/Texas/24-008749-003/2024(H5N1)	63	1794
PB2|PP755596.1|A/cattle/Texas/24-008749-003/2024(H5N1)	64	1790
PB2|PP755596.1|A/cattle/Texas/24-008749-003/2024(H5N1)	65	1807
PB2|PP755596.1|A/cattle/Texas/24-008749-003/2024(H5N1)	66	1815
PB2|PP755596.1|A/cattle/Texas/24-008749-003/2024(H5N1)	67	1824
PB2|PP755596.1|A/cattle/Texas/24-008749-003/2024(H5N1)	68	1851
PB2|PP755596.1|A/cattle/Texas/24-008749-003/2024(H5N1)	69	1851
PB2|PP755596.1|A/cattle/Texas/24-008749-003/2024(H5N1)	70	1855
PB2|PP755596.1|A/cattle/Texas/24-008749-003/2024(H5N1)	71	1896
PB2|PP755596.1|A/cattle/Texas/24-008749-003/2024(H5N1)	72	1905
PB2|PP755596.1|A/cattle/Texas/24-008749-003/2024(H5N1)	73	1978
PB2|PP755596.1|A/cattle/Texas/24-008749-003/2024(H5N1)	74	1996
PB2|PP755596.1|A/cattle/Texas/24-008749-003/2024(H5N1)	75	1993
PB2|PP755596.1|A/cattle/Texas/24-008749-003/2024(H5N1)	76	1996
PB2|PP755596.1|A/cattle/Texas/24-008749-003/2024(H5N1)	77	1999
PB2|PP755596.1|A/cattle/Texas/24-008749-003/2024(H5N1)	78	2048
PB2|PP755596.1|A/cattle/Texas/24-008749-003/2024(H5N1)	79	2067
PB2|PP755596.1|A/cattle/Texas/24-008749-003/2024(H5N1)	80	2069
PB2|PP755596.1|A/cattle/Texas/24-008749-003/2024(H5N1)	81	2076
PB2|PP755596.1|A/cattle/Texas/24-008749-003/2024(H5N1)	82	2073
PB2|PP755596.1|A/cattle/Texas/24-008749-003/2024(H5N1)	83	2074
PB2|PP755596.1|A/cattle/Texas/24-008749-003/2024(H5N1)	84	2085
PB2|PP755596.1|A/cattle/Texas/24-008749-003/2024(H5N1)	85	2138
PB2|PP755596.1|A/cattle/Texas/24-008749-003/2024(H5N1)	86	2145
PB2|PP755596.1|A/cattle/Texas/24-008749-003/2024(H5N1)	87	2151
PB2|PP755596.1|A/cattle/Texas/24-008749-003/2024(H5N1)	88	2151
PB2|PP755596.1|A/cattle/Texas/24-008749-003/2024(H5N1)	89	2171
PB2|PP755596.1|A/cattle/Texas/24-008749-003/2024(H5N1)	90	2174
PB2|PP755596.1|A/cattle/Texas/24-008749-003/2024(H5N1)	91	2209
PB2|PP755596.1|A/cattle/Texas/24-008749-003/2024(H5N1)	92	2221
PB2|PP755596.1|A/cattle/Texas/24-008749-003/2024(H5N1)	93	2225
PB2|PP755596.1|A/cattle/Texas/24-008749-003/2024(H5N1)	94	2216
PB2|PP755596.1|A/cattle/Texas/24-008749-003/2024(H5N1)	95	2218
PB2|PP755596.1|A/cattle/Texas/24-008749-003/2024(H5N1)	96	2248
PB2|PP755596.1|A/cattle/Texas/24-008749-003/2024(H5N1)	97	2267
PB2|PP755596.1|A/cattle/Texas/24-008749-003/2024(H5N1)	98	2266
PB2|PP755596.1|A/cattle/Texas/24-008749-003/2024(H5N1)	99	2330
PB2|PP755596.1|A/cattle/Texas/24-008749-003/2024(H5N1)	100	2322
PB2|PP755596.1|A/cattle/Texas/24-008749-003/2024(H5N1)	101	2326
PB2|PP755596.1|A/cattle/Texas/24-008749-003/2024(H5N1)	102	2331
PB2|PP755596.1|A/cattle/Texas/24-008749-003/2024(H5N1)	103	2334
PB2|PP755596.1|A/cattle/Texas/24-008749-003/2024(H5N1)	104	2375
PB2|PP755596.1|A/cattle/Texas/24-008749-003/2024(H5N1)	105	2369
PB2|PP755596.1|A/cattle/Texas/24-008749-003/2024(H5N1)	106	2369
PB2|PP755596.1|A/cattle/Texas/24-008749-003/2024(H5N1)	107	2367
PB2|PP755596.1|A/cattle/Texas/24-008749-003/2024(H5N1)	108	2361
PB2|PP755596.1|A/cattle/Texas/24-008749-003/2024(H5N1)	109	2361
PB2|PP755596.1|A/cattle/Texas/24-008749-003/2024(H5N1)	110	2375
PB2|PP755596.1|A/cattle/Texas/24-008749-003/2024(H5N1)	111	2410
PB2|PP755596.1|A/cattle/Texas/24-008749-003/2024(H5N1)	112	2410
PB2|PP755596.1|A/cattle/Texas/24-008749-003/2024(H5N1)	113	2423
PB2|PP755596.1|A/cattle/Texas/24-008749-003/2024(H5N1)	114	2421
PB2|PP755596.1|A/cattle/Texas/24-008749-003/2024(H5N1)	115	2427
PB2|PP755596.1|A/cattle/Texas/24-008749-003/2024(H5N1)	116	2427
PB2|PP755596.1|A/cattle/Texas/24-008749-003/2024(H5N1)	117	2427
PB2|PP755596.1|A/cattle/Texas/24-008749-003/2024(H5N1)	118	2482
PB2|PP755596.1|A/cattle/Texas/24-008749-003/2024(H5N1)	119	2506
PB2|PP755596.1|A/cattle/Texas/24-008749-003/2024(H5N1)	120	2517
PB2|PP755596.1|A/cattle/Texas/24-008749-003/2024(H5N1)	121	2532
PB2|PP755596.1|A/cattle/Texas/24-008749-003/2024(H5N1)	122	2531
PB2|PP755596.1|A/cattle/Texas/24-008749-003/2024(H5N1)	123	2530
PB2|PP755596.1|A/cattle/Texas/24-008749-003/2024(H5N1)	124	2167
PB2|PP755596.1|A/cattle/Texas/24-008749-003/2024(H5N1)	125	2153
PB2|PP755596.1|A/cattle/Texas/24-008749-003/2024(H5N1)	126	2019
PB2|PP755596.1|A/cattle/Texas/24-008749-003/2024(H5N1)	127	2041
PB2|PP755596.1|A/cattle/Texas/24-008749-003/2024(H5N1)	128	2053
PB2|PP755596.1|A/cattle/Texas/24-008749-003/2024(H5N1)	129	2143
PB2|PP755596.1|A/cattle/Texas/24-008749-003/2024(H5N1)	130	2165
PB2|PP755596.1|A/cattle/Texas/24-008749-003/2024(H5N1)	131	2171
PB2|PP755596.1|A/cattle/Texas/24-008749-003/2024(H5N1)	132	2178
PB2|PP755596.1|A/cattle/Texas/24-008749-003/2024(H5N1)	133	2119
PB2|PP755596.1|A/cattle/Texas/24-008749-003/2024(H5N1)	134	2151
PB2|PP755596.1|A/cattle/Texas/24-008749-003/2024(H5N1)	135	2153
PB2|PP755596.1|A/cattle/Texas/24-008749-003/2024(H5N1)	136	2146
PB2|PP755596.1|A/cattle/Texas/24-008749-003/2024(H5N1)	137	2194
PB2|PP755596.1|A/cattle/Texas/24-008749-003/2024(H5N1)	138	2239
PB2|PP755596.1|A/cattle/Texas/24-008749-003/2024(H5N1)	139	2240
PB2|PP755596.1|A/cattle/Texas/24-008749-003/2024(H5N1)	140	2207
PB2|PP755596.1|A/cattle/Texas/24-008749-003/2024(H5N1)	141	2224
PB2|PP755596.1|A/cattle/Texas/24-008749-003/2024(H5N1)	142	2252
PB2|PP755596.1|A/cattle/Texas/24-008749-003/2024(H5N1)	143	2238
PB2|PP755596.1|A/cattle/Texas/24-008749-003/2024(H5N1)	144	2246
PB2|PP755596.1|A/cattle/Texas/24-008749-003/2024(H5N1)	145	2220
PB2|PP755596.1|A/cattle/Texas/24-008749-003/2024(H5N1)	146	2233
PB2|PP755596.1|A/cattle/Texas/24-008749-003/2024(H5N1)	147	2249
PB2|PP755596.1|A/cattle/Texas/24-008749-003/2024(H5N1)	148	2266
PB2|PP755596.1|A/cattle/Texas/24-008749-003/2024(H5N1)	149	2259
PB2|PP755596.1|A/cattle/Texas/24-008749-003/2024(H5N1)	150	2241
PB2|PP755596.1|A/cattle/Texas/24-008749-003/2024(H5N1)	151	2250
PB2|PP755596.1|A/cattle/Texas/24-008749-003/2024(H5N1)	152	2267
PB2|PP755596.1|A/cattle/Texas/24-008749-003/2024(H5N1)	153	2270
PB2|PP755596.1|A/cattle/Texas/24-008749-003/2024(H5N1)	154	2272
PB2|PP755596.1|A/cattle/Texas/24-008749-003/2024(H5N1)	155	2318
PB2|PP755596.1|A/cattle/Texas/24-008749-003/2024(H5N1)	156	2312
PB2|PP755596.1|A/cattle/Texas/24-008749-003/2024(H5N1)	157	2310
PB2|PP755596.1|A/cattle/Texas/24-008749-003/2024(H5N1)	158	2321
PB2|PP755596.1|A/cattle/Texas/24-008749-003/2024(H5N1)	159	2213
PB2|PP755596.1|A/cattle/Texas/24-008749-003/2024(H5N1)	160	2269
PB2|PP755596.1|A/cattle/Texas/24-008749-003/2024(H5N1)	161	2273
PB2|PP755596.1|A/cattle/Texas/24-008749-003/2024(H5N1)	162	2264
PB2|PP755596.1|A/cattle/Texas/24-008749-003/2024(H5N1)	163	2267
PB2|PP755596.1|A/cattle/Texas/24-008749-003/2024(H5N1)	164	2263
PB2|PP755596.1|A/cattle/Texas/24-008749-003/2024(H5N1)	165	2275
PB2|PP755596.1|A/cattle/Texas/24-008749-003/2024(H5N1)	166	2261
PB2|PP755596.1|A/cattle/Texas/24-008749-003/2024(H5N1)	167	2262
PB2|PP755596.1|A/cattle/Texas/24-008749-003/2024(H5N1)	168	2267
PB2|PP755596.1|A/cattle/Texas/24-008749-003/2024(H5N1)	169	2268
PB2|PP755596.1|A/cattle/Texas/24-008749-003/2024(H5N1)	170	2271
PB2|PP755596.1|A/cattle/Texas/24-008749-003/2024(H5N1)	171	2270
PB2|PP755596.1|A/cattle/Texas/24-008749-003/2024(H5N1)	172	2268
PB2|PP755596.1|A/cattle/Texas/24-008749-003/2024(H5N1)	173	2322
PB2|PP755596.1|A/cattle/Texas/24-008749-003/2024(H5N1)	174	2316
PB2|PP755596.1|A/cattle/Texas/24-008749-003/2024(H5N1)	175	2339
PB2|PP755596.1|A/cattle/Texas/24-008749-003/2024(H5N1)	176	2297
PB2|PP755596.1|A/cattle/Texas/24-008749-003/2024(H5N1)	177	2292
PB2|PP755596.1|A/cattle/Texas/24-008749-003/2024(H5N1)	178	2297
PB2|PP755596.1|A/cattle/Texas/24-008749-003/2024(H5N1)	179	2356
PB2|PP755596.1|A/cattle/Texas/24-008749-003/2024(H5N1)	180	2371
PB2|PP755596.1|A/cattle/Texas/24-008749-003/2024(H5N1)	181	2377
PB2|PP755596.1|A/cattle/Texas/24-008749-003/2024(H5N1)	182	2361
PB2|PP755596.1|A/cattle/Texas/24-008749-003/2024(H5N1)	183	2354
PB2|PP755596.1|A/cattle/Texas/24-008749-003/2024(H5N1)	184	2331
PB2|PP755596.1|A/cattle/Texas/24-008749-003/2024(H5N1)	185	2334
PB2|PP755596.1|A/cattle/Texas/24-008749-003/2024(H5N1)	186	2349
PB2|PP755596.1|A/cattle/Texas/24-008749-003/2024(H5N1)	187	2347
PB2|PP755596.1|A/cattle/Texas/24-008749-003/2024(H5N1)	188	2358
PB2|PP755596.1|A/cattle/Texas/24-008749-003/2024(H5N1)	189	2355
PB2|PP755596.1|A/cattle/Texas/24-008749-003/2024(H5N1)	190	2427
PB2|PP755596.1|A/cattle/Texas/24-008749-003/2024(H5N1)	191	2425
PB2|PP755596.1|A/cattle/Texas/24-008749-003/2024(H5N1)	192	2428
PB2|PP755596.1|A/cattle/Texas/24-008749-003/2024(H5N1)	193	2437
PB2|PP755596.1|A/cattle/Texas/24-008749-003/2024(H5N1)	194	2430
PB2|PP755596.1|A/cattle/Texas/24-008749-003/2024(H5N1)	195	2436
PB2|PP755596.1|A/cattle/Texas/24-008749-003/2024(H5N1)	196	2436
PB2|PP755596.1|A/cattle/Texas/24-008749-003/2024(H5N1)	197	2452
PB2|PP755596.1|A/cattle/Texas/24-008749-003/2024(H5N1)	198	2439
PB2|PP755596.1|A/cattle/Texas/24-008749-003/2024(H5N1)	199	2443
PB2|PP755596.1|A/cattle/Texas/24-008749-003/2024(H5N1)	200	2422
PB2|PP755596.1|A/cattle/Texas/24-008749-003/2024(H5N1)	201	2416
PB2|PP755596.1|A/cattle/Texas/24-008749-003/2024(H5N1)	202	2422
PB2|PP755596.1|A/cattle/Texas/24-008749-003/2024(H5N1)	203	2330
PB2|PP755596.1|A/cattle/Texas/24-008749-003/2024(H5N1)	204	2337
PB2|PP755596.1|A/cattle/Texas/24-008749-003/2024(H5N1)	205	2337
PB2|PP755596.1|A/cattle/Texas/24-008749-003/2024(H5N1)	206	2338
PB2|PP755596.1|A/cattle/Texas/24-008749-003/2024(H5N1)	207	2316
PB2|PP755596.1|A/cattle/Texas/24-008749-003/2024(H5N1)	208	2316
PB2|PP755596.1|A/cattle/Texas/24-008749-003/2024(H5N1)	209	2345
PB2|PP755596.1|A/cattle/Texas/24-008749-003/2024(H5N1)	210	2367
PB2|PP755596.1|A/cattle/Texas/24-008749-003/2024(H5N1)	211	2328
PB2|PP755596.1|A/cattle/Texas/24-008749-003/2024(H5N1)	212	2321
PB2|PP755596.1|A/cattle/Texas/24-008749-003/2024(H5N1)	213	2319
PB2|PP755596.1|A/cattle/Texas/24-008749-003/2024(H5N1)	214	2347
PB2|PP755596.1|A/cattle/Texas/24-008749-003/2024(H5N1)	215	2362
PB2|PP755596.1|A/cattle/Texas/24-008749-003/2024(H5N1)	216	2352
PB2|PP755596.1|A/cattle/Texas/24-008749-003/2024(H5N1)	217	2343
PB2|PP755596.1|A/cattle/Texas/24-008749-003/2024(H5N1)	218	2333
PB2|PP755596.1|A/cattle/Texas/24-008749-003/2024(H5N1)	219	2311
PB2|PP755596.1|A/cattle/Texas/24-008749-003/2024(H5N1)	220	2361
PB2|PP755596.1|A/cattle/Texas/24-008749-003/2024(H5N1)	221	2373
PB2|PP755596.1|A/cattle/Texas/24-008749-003/2024(H5N1)	222	2354
PB2|PP755596.1|A/cattle/Texas/24-008749-003/2024(H5N1)	223	2278
PB2|PP755596.1|A/cattle/Texas/24-008749-003/2024(H5N1)	224	2263
PB2|PP755596.1|A/cattle/Texas/24-008749-003/2024(H5N1)	225	2264
PB2|PP755596.1|A/cattle/Texas/24-008749-003/2024(H5N1)	226	2282
PB2|PP755596.1|A/cattle/Texas/24-008749-003/2024(H5N1)	227	2283
PB2|PP755596.1|A/cattle/Texas/24-008749-003/2024(H5N1)	228	2252
PB2|PP755596.1|A/cattle/Texas/24-008749-003/2024(H5N1)	229	2280
PB2|PP755596.1|A/cattle/Texas/24-008749-003/2024(H5N1)	230	2276
PB2|PP755596.1|A/cattle/Texas/24-008749-003/2024(H5N1)	231	2274
PB2|PP755596.1|A/cattle/Texas/24-008749-003/2024(H5N1)	232	2274
PB2|PP755596.1|A/cattle/Texas/24-008749-003/2024(H5N1)	233	2274
PB2|PP755596.1|A/cattle/Texas/24-008749-003/2024(H5N1)	234	2282
PB2|PP755596.1|A/cattle/Texas/24-008749-003/2024(H5N1)	235	2261
PB2|PP755596.1|A/cattle/Texas/24-008749-003/2024(H5N1)	236	2216
PB2|PP755596.1|A/cattle/Texas/24-008749-003/2024(H5N1)	237	2234
PB2|PP755596.1|A/cattle/Texas/24-008749-003/2024(H5N1)	238	2223
PB2|PP755596.1|A/cattle/Texas/24-008749-003/2024(H5N1)	239	2253
PB2|PP755596.1|A/cattle/Texas/24-008749-003/2024(H5N1)	240	2236
PB2|PP755596.1|A/cattle/Texas/24-008749-003/2024(H5N1)	241	2237
PB2|PP755596.1|A/cattle/Texas/24-008749-003/2024(H5N1)	242	2205
PB2|PP755596.1|A/cattle/Texas/24-008749-003/2024(H5N1)	243	2218
PB2|PP755596.1|A/cattle/Texas/24-008749-003/2024(H5N1)	244	2245
PB2|PP755596.1|A/cattle/Texas/24-008749-003/2024(H5N1)	245	2305
PB2|PP755596.1|A/cattle/Texas/24-008749-003/2024(H5N1)	246	2303
PB2|PP755596.1|A/cattle/Texas/24-008749-003/2024(H5N1)	247	2265
PB2|PP755596.1|A/cattle/Texas/24-008749-003/2024(H5N1)	248	2251
PB2|PP755596.1|A/cattle/Texas/24-008749-003/2024(H5N1)	249	2279
PB2|PP755596.1|A/cattle/Texas/24-008749-003/2024(H5N1)	250	2221
PB2|PP755596.1|A/cattle/Texas/24-008749-003/2024(H5N1)	251	2363
PB2|PP755596.1|A/cattle/Texas/24-008749-003/2024(H5N1)	252	2389
PB2|PP755596.1|A/cattle/Texas/24-008749-003/2024(H5N1)	253	2412
PB2|PP755596.1|A/cattle/Texas/24-008749-003/2024(H5N1)	254	2416
PB2|PP755596.1|A/cattle/Texas/24-008749-003/2024(H5N1)	255	2447
PB2|PP755596.1|A/cattle/Texas/24-008749-003/2024(H5N1)	256	2445
PB2|PP755596.1|A/cattle/Texas/24-008749-003/2024(H5N1)	257	2443
PB2|PP755596.1|A/cattle/Texas/24-008749-003/2024(H5N1)	258	2431
PB2|PP755596.1|A/cattle/Texas/24-008749-003/2024(H5N1)	259	2465
PB2|PP755596.1|A/cattle/Texas/24-008749-003/2024(H5N1)	260	2487
PB2|PP755596.1|A/cattle/Texas/24-008749-003/2024(H5N1)	261	2490
PB2|PP755596.1|A/cattle/Texas/24-008749-003/2024(H5N1)	262	2458
PB2|PP755596.1|A/cattle/Texas/24-008749-003/2024(H5N1)	263	2481
PB2|PP755596.1|A/cattle/Texas/24-008749-003/2024(H5N1)	264	2475
PB2|PP755596.1|A/cattle/Texas/24-008749-003/2024(H5N1)	265	2479
PB2|PP755596.1|A/cattle/Texas/24-008749-003/2024(H5N1)	266	2476
PB2|PP755596.1|A/cattle/Texas/24-008749-003/2024(H5N1)	267	2482
PB2|PP755596.1|A/cattle/Texas/24-008749-003/2024(H5N1)	268	2467
PB2|PP755596.1|A/cattle/Texas/24-008749-003/2024(H5N1)	269	2425
PB2|PP755596.1|A/cattle/Texas/24-008749-003/2024(H5N1)	270	2441
PB2|PP755596.1|A/cattle/Texas/24-008749-003/2024(H5N1)	271	2558
PB2|PP755596.1|A/cattle/Texas/24-008749-003/2024(H5N1)	272	2546
PB2|PP755596.1|A/cattle/Texas/24-008749-003/2024(H5N1)	273	2530
PB2|PP755596.1|A/cattle/Texas/24-008749-003/2024(H5N1)	274	2521
PB2|PP755596.1|A/cattle/Texas/24-008749-003/2024(H5N1)	275	2459
PB2|PP755596.1|A/cattle/Texas/24-008749-003/2024(H5N1)	276	2481
PB2|PP755596.1|A/cattle/Texas/24-008749-003/2024(H5N1)	277	2524
PB2|PP755596.1|A/cattle/Texas/24-008749-003/2024(H5N1)	278	2519
PB2|PP755596.1|A/cattle/Texas/24-008749-003/2024(H5N1)	279	2502
PB2|PP755596.1|A/cattle/Texas/24-008749-003/2024(H5N1)	280	2384
PB2|PP755596.1|A/cattle/Texas/24-008749-003/2024(H5N1)	281	2379
PB2|PP755596.1|A/cattle/Texas/24-008749-003/2024(H5N1)	282	2427
PB2|PP755596.1|A/cattle/Texas/24-008749-003/2024(H5N1)	283	2443
PB2|PP755596.1|A/cattle/Texas/24-008749-003/2024(H5N1)	284	2413
PB2|PP755596.1|A/cattle/Texas/24-008749-003/2024(H5N1)	285	2371
PB2|PP755596.1|A/cattle/Texas/24-008749-003/2024(H5N1)	286	2354
PB2|PP755596.1|A/cattle/Texas/24-008749-003/2024(H5N1)	287	2351
PB2|PP755596.1|A/cattle/Texas/24-008749-003/2024(H5N1)	288	2358
PB2|PP755596.1|A/cattle/Texas/24-008749-003/2024(H5N1)	289	2372
PB2|PP755596.1|A/cattle/Texas/24-008749-003/2024(H5N1)	290	2386
PB2|PP755596.1|A/cattle/Texas/24-008749-003/2024(H5N1)	291	2343
PB2|PP755596.1|A/cattle/Texas/24-008749-003/2024(H5N1)	292	2271
PB2|PP755596.1|A/cattle/Texas/24-008749-003/2024(H5N1)	293	2265
PB2|PP755596.1|A/cattle/Texas/24-008749-003/2024(H5N1)	294	2291
PB2|PP755596.1|A/cattle/Texas/24-008749-003/2024(H5N1)	295	2437
PB2|PP755596.1|A/cattle/Texas/24-008749-003/2024(H5N1)	296	2422
PB2|PP755596.1|A/cattle/Texas/24-008749-003/2024(H5N1)	297	2447
PB2|PP755596.1|A/cattle/Texas/24-008749-003/2024(H5N1)	298	2426
PB2|PP755596.1|A/cattle/Texas/24-008749-003/2024(H5N1)	299	2422
PB2|PP755596.1|A/cattle/Texas/24-008749-003/2024(H5N1)	300	2422
PB2|PP755596.1|A/cattle/Texas/24-008749-003/2024(H5N1)	301	2403
PB2|PP755596.1|A/cattle/Texas/24-008749-003/2024(H5N1)	302	2468
PB2|PP755596.1|A/cattle/Texas/24-008749-003/2024(H5N1)	303	2486
PB2|PP755596.1|A/cattle/Texas/24-008749-003/2024(H5N1)	304	2476
PB2|PP755596.1|A/cattle/Texas/24-008749-003/2024(H5N1)	305	2488
PB2|PP755596.1|A/cattle/Texas/24-008749-003/2024(H5N1)	306	2440
PB2|PP755596.1|A/cattle/Texas/24-008749-003/2024(H5N1)	307	2444
PB2|PP755596.1|A/cattle/Texas/24-008749-003/2024(H5N1)	308	2460
PB2|PP755596.1|A/cattle/Texas/24-008749-003/2024(H5N1)	309	2454
PB2|PP755596.1|A/cattle/Texas/24-008749-003/2024(H5N1)	310	2535
PB2|PP755596.1|A/cattle/Texas/24-008749-003/2024(H5N1)	311	2460
PB2|PP755596.1|A/cattle/Texas/24-008749-003/2024(H5N1)	312	2481
PB2|PP755596.1|A/cattle/Texas/24-008749-003/2024(H5N1)	313	2484
PB2|PP755596.1|A/cattle/Texas/24-008749-003/2024(H5N1)	314	2502
PB2|PP755596.1|A/cattle/Texas/24-008749-003/2024(H5N1)	315	2512
PB2|PP755596.1|A/cattle/Texas/24-008749-003/2024(H5N1)	316	2498
PB2|PP755596.1|A/cattle/Texas/24-008749-003/2024(H5N1)	317	2496
PB2|PP755596.1|A/cattle/Texas/24-008749-003/2024(H5N1)	318	2493
PB2|PP755596.1|A/cattle/Texas/24-008749-003/2024(H5N1)	319	2478
PB2|PP755596.1|A/cattle/Texas/24-008749-003/2024(H5N1)	320	2524
PB2|PP755596.1|A/cattle/Texas/24-008749-003/2024(H5N1)	321	2522
PB2|PP755596.1|A/cattle/Texas/24-008749-003/2024(H5N1)	322	2541
PB2|PP755596.1|A/cattle/Texas/24-008749-003/2024(H5N1)	323	2497
PB2|PP755596.1|A/cattle/Texas/24-008749-003/2024(H5N1)	324	2488
PB2|PP755596.1|A/cattle/Texas/24-008749-003/2024(H5N1)	325	2507
PB2|PP755596.1|A/cattle/Texas/24-008749-003/2024(H5N1)	326	2482
PB2|PP755596.1|A/cattle/Texas/24-008749-003/2024(H5N1)	327	2493
PB2|PP755596.1|A/cattle/Texas/24-008749-003/2024(H5N1)	328	2485
PB2|PP755596.1|A/cattle/Texas/24-008749-003/2024(H5N1)	329	2427
PB2|PP755596.1|A/cattle/Texas/24-008749-003/2024(H5N1)	330	2432
PB2|PP755596.1|A/cattle/Texas/24-008749-003/2024(H5N1)	331	2423
PB2|PP755596.1|A/cattle/Texas/24-008749-003/2024(H5N1)	332	2601
PB2|PP755596.1|A/cattle/Texas/24-008749-003/2024(H5N1)	333	2610
PB2|PP755596.1|A/cattle/Texas/24-008749-003/2024(H5N1)	334	2604
PB2|PP755596.1|A/cattle/Texas/24-008749-003/2024(H5N1)	335	2601
PB2|PP755596.1|A/cattle/Texas/24-008749-003/2024(H5N1)	336	2590
PB2|PP755596.1|A/cattle/Texas/24-008749-003/2024(H5N1)	337	2593
PB2|PP755596.1|A/cattle/Texas/24-008749-003/2024(H5N1)	338	2588
PB2|PP755596.1|A/cattle/Texas/24-008749-003/2024(H5N1)	339	2669
PB2|PP755596.1|A/cattle/Texas/24-008749-003/2024(H5N1)	340	2748
PB2|PP755596.1|A/cattle/Texas/24-008749-003/2024(H5N1)	341	2588
PB2|PP755596.1|A/cattle/Texas/24-008749-003/2024(H5N1)	342	2601
PB2|PP755596.1|A/cattle/Texas/24-008749-003/2024(H5N1)	343	2600
PB2|PP755596.1|A/cattle/Texas/24-008749-003/2024(H5N1)	344	2596
PB2|PP755596.1|A/cattle/Texas/24-008749-003/2024(H5N1)	345	2598
PB2|PP755596.1|A/cattle/Texas/24-008749-003/2024(H5N1)	346	2603
PB2|PP755596.1|A/cattle/Texas/24-008749-003/2024(H5N1)	347	2606
PB2|PP755596.1|A/cattle/Texas/24-008749-003/2024(H5N1)	348	2577
PB2|PP755596.1|A/cattle/Texas/24-008749-003/2024(H5N1)	349	2571
PB2|PP755596.1|A/cattle/Texas/24-008749-003/2024(H5N1)	350	2560
PB2|PP755596.1|A/cattle/Texas/24-008749-003/2024(H5N1)	351	2562
PB2|PP755596.1|A/cattle/Texas/24-008749-003/2024(H5N1)	352	2566
PB2|PP755596.1|A/cattle/Texas/24-008749-003/2024(H5N1)	353	2547
PB2|PP755596.1|A/cattle/Texas/24-008749-003/2024(H5N1)	354	2543
PB2|PP755596.1|A/cattle/Texas/24-008749-003/2024(H5N1)	355	2544
PB2|PP755596.1|A/cattle/Texas/24-008749-003/2024(H5N1)	356	2543
PB2|PP755596.1|A/cattle/Texas/24-008749-003/2024(H5N1)	357	2541
PB2|PP755596.1|A/cattle/Texas/24-008749-003/2024(H5N1)	358	2542
PB2|PP755596.1|A/cattle/Texas/24-008749-003/2024(H5N1)	359	2542
PB2|PP755596.1|A/cattle/Texas/24-008749-003/2024(H5N1)	360	2512
PB2|PP755596.1|A/cattle/Texas/24-008749-003/2024(H5N1)	361	2495
PB2|PP755596.1|A/cattle/Texas/24-008749-003/2024(H5N1)	362	2493
PB2|PP755596.1|A/cattle/Texas/24-008749-003/2024(H5N1)	363	2500
PB2|PP755596.1|A/cattle/Texas/24-008749-003/2024(H5N1)	364	2638
PB2|PP755596.1|A/cattle/Texas/24-008749-003/2024(H5N1)	365	2613
PB2|PP755596.1|A/cattle/Texas/24-008749-003/2024(H5N1)	366	2604
PB2|PP755596.1|A/cattle/Texas/24-008749-003/2024(H5N1)	367	2603
PB2|PP755596.1|A/cattle/Texas/24-008749-003/2024(H5N1)	368	2606
PB2|PP755596.1|A/cattle/Texas/24-008749-003/2024(H5N1)	369	2606
PB2|PP755596.1|A/cattle/Texas/24-008749-003/2024(H5N1)	370	2604
PB2|PP755596.1|A/cattle/Texas/24-008749-003/2024(H5N1)	371	2598
PB2|PP755596.1|A/cattle/Texas/24-008749-003/2024(H5N1)	372	2622
PB2|PP755596.1|A/cattle/Texas/24-008749-003/2024(H5N1)	373	2617
PB2|PP755596.1|A/cattle/Texas/24-008749-003/2024(H5N1)	374	2613
PB2|PP755596.1|A/cattle/Texas/24-008749-003/2024(H5N1)	375	2613
PB2|PP755596.1|A/cattle/Texas/24-008749-003/2024(H5N1)	376	2623
PB2|PP755596.1|A/cattle/Texas/24-008749-003/2024(H5N1)	377	2609
PB2|PP755596.1|A/cattle/Texas/24-008749-003/2024(H5N1)	378	2618
PB2|PP755596.1|A/cattle/Texas/24-008749-003/2024(H5N1)	379	2638
PB2|PP755596.1|A/cattle/Texas/24-008749-003/2024(H5N1)	380	2619
PB2|PP755596.1|A/cattle/Texas/24-008749-003/2024(H5N1)	381	2617
PB2|PP755596.1|A/cattle/Texas/24-008749-003/2024(H5N1)	382	2614
PB2|PP755596.1|A/cattle/Texas/24-008749-003/2024(H5N1)	383	2623
PB2|PP755596.1|A/cattle/Texas/24-008749-003/2024(H5N1)	384	2624
PB2|PP755596.1|A/cattle/Texas/24-008749-003/2024(H5N1)	385	2665
PB2|PP755596.1|A/cattle/Texas/24-008749-003/2024(H5N1)	386	2742
PB2|PP755596.1|A/cattle/Texas/24-008749-003/2024(H5N1)	387	2755
PB2|PP755596.1|A/cattle/Texas/24-008749-003/2024(H5N1)	388	2742
PB2|PP755596.1|A/cattle/Texas/24-008749-003/2024(H5N1)	389	2743
PB2|PP755596.1|A/cattle/Texas/24-008749-003/2024(H5N1)	390	2714
PB2|PP755596.1|A/cattle/Texas/24-008749-003/2024(H5N1)	391	2721
PB2|PP755596.1|A/cattle/Texas/24-008749-003/2024(H5N1)	392	2887
PB2|PP755596.1|A/cattle/Texas/24-008749-003/2024(H5N1)	393	2883
PB2|PP755596.1|A/cattle/Texas/24-008749-003/2024(H5N1)	394	2895
PB2|PP755596.1|A/cattle/Texas/24-008749-003/2024(H5N1)	395	2859
PB2|PP755596.1|A/cattle/Texas/24-008749-003/2024(H5N1)	396	2810
PB2|PP755596.1|A/cattle/Texas/24-008749-003/2024(H5N1)	397	2909
PB2|PP755596.1|A/cattle/Texas/24-008749-003/2024(H5N1)	398	2908
PB2|PP755596.1|A/cattle/Texas/24-008749-003/2024(H5N1)	399	2914
PB2|PP755596.1|A/cattle/Texas/24-008749-003/2024(H5N1)	400	2892
PB2|PP755596.1|A/cattle/Texas/24-008749-003/2024(H5N1)	401	2735
PB2|PP755596.1|A/cattle/Texas/24-008749-003/2024(H5N1)	402	2750
PB2|PP755596.1|A/cattle/Texas/24-008749-003/2024(H5N1)	403	2719
PB2|PP755596.1|A/cattle/Texas/24-008749-003/2024(H5N1)	404	2728
PB2|PP755596.1|A/cattle/Texas/24-008749-003/2024(H5N1)	405	2724
PB2|PP755596.1|A/cattle/Texas/24-008749-003/2024(H5N1)	406	2649
PB2|PP755596.1|A/cattle/Texas/24-008749-003/2024(H5N1)	407	2649
PB2|PP755596.1|A/cattle/Texas/24-008749-003/2024(H5N1)	408	2668
PB2|PP755596.1|A/cattle/Texas/24-008749-003/2024(H5N1)	409	2672
PB2|PP755596.1|A/cattle/Texas/24-008749-003/2024(H5N1)	410	2640
PB2|PP755596.1|A/cattle/Texas/24-008749-003/2024(H5N1)	411	2617
PB2|PP755596.1|A/cattle/Texas/24-008749-003/2024(H5N1)	412	2624
PB2|PP755596.1|A/cattle/Texas/24-008749-003/2024(H5N1)	413	2623
PB2|PP755596.1|A/cattle/Texas/24-008749-003/2024(H5N1)	414	2618
PB2|PP755596.1|A/cattle/Texas/24-008749-003/2024(H5N1)	415	2610
PB2|PP755596.1|A/cattle/Texas/24-008749-003/2024(H5N1)	416	2606
PB2|PP755596.1|A/cattle/Texas/24-008749-003/2024(H5N1)	417	2605
PB2|PP755596.1|A/cattle/Texas/24-008749-003/2024(H5N1)	418	2597
PB2|PP755596.1|A/cattle/Texas/24-008749-003/2024(H5N1)	419	2606
PB2|PP755596.1|A/cattle/Texas/24-008749-003/2024(H5N1)	420	2603
PB2|PP755596.1|A/cattle/Texas/24-008749-003/2024(H5N1)	421	2596
PB2|PP755596.1|A/cattle/Texas/24-008749-003/2024(H5N1)	422	2485
PB2|PP755596.1|A/cattle/Texas/24-008749-003/2024(H5N1)	423	2472
PB2|PP755596.1|A/cattle/Texas/24-008749-003/2024(H5N1)	424	2475
PB2|PP755596.1|A/cattle/Texas/24-008749-003/2024(H5N1)	425	2483
PB2|PP755596.1|A/cattle/Texas/24-008749-003/2024(H5N1)	426	2497
PB2|PP755596.1|A/cattle/Texas/24-008749-003/2024(H5N1)	427	2428
PB2|PP755596.1|A/cattle/Texas/24-008749-003/2024(H5N1)	428	2406
PB2|PP755596.1|A/cattle/Texas/24-008749-003/2024(H5N1)	429	2405
PB2|PP755596.1|A/cattle/Texas/24-008749-003/2024(H5N1)	430	2410
PB2|PP755596.1|A/cattle/Texas/24-008749-003/2024(H5N1)	431	2429
PB2|PP755596.1|A/cattle/Texas/24-008749-003/2024(H5N1)	432	2440
PB2|PP755596.1|A/cattle/Texas/24-008749-003/2024(H5N1)	433	2396
PB2|PP755596.1|A/cattle/Texas/24-008749-003/2024(H5N1)	434	2380
PB2|PP755596.1|A/cattle/Texas/24-008749-003/2024(H5N1)	435	2503
PB2|PP755596.1|A/cattle/Texas/24-008749-003/2024(H5N1)	436	2504
PB2|PP755596.1|A/cattle/Texas/24-008749-003/2024(H5N1)	437	2682
PB2|PP755596.1|A/cattle/Texas/24-008749-003/2024(H5N1)	438	2670
PB2|PP755596.1|A/cattle/Texas/24-008749-003/2024(H5N1)	439	2669
PB2|PP755596.1|A/cattle/Texas/24-008749-003/2024(H5N1)	440	2659
PB2|PP755596.1|A/cattle/Texas/24-008749-003/2024(H5N1)	441	2644
PB2|PP755596.1|A/cattle/Texas/24-008749-003/2024(H5N1)	442	2684
PB2|PP755596.1|A/cattle/Texas/24-008749-003/2024(H5N1)	443	2711
PB2|PP755596.1|A/cattle/Texas/24-008749-003/2024(H5N1)	444	2690
PB2|PP755596.1|A/cattle/Texas/24-008749-003/2024(H5N1)	445	2688
PB2|PP755596.1|A/cattle/Texas/24-008749-003/2024(H5N1)	446	2521
PB2|PP755596.1|A/cattle/Texas/24-008749-003/2024(H5N1)	447	2546
PB2|PP755596.1|A/cattle/Texas/24-008749-003/2024(H5N1)	448	2509
PB2|PP755596.1|A/cattle/Texas/24-008749-003/2024(H5N1)	449	2513
PB2|PP755596.1|A/cattle/Texas/24-008749-003/2024(H5N1)	450	2515
PB2|PP755596.1|A/cattle/Texas/24-008749-003/2024(H5N1)	451	2495
PB2|PP755596.1|A/cattle/Texas/24-008749-003/2024(H5N1)	452	2597
PB2|PP755596.1|A/cattle/Texas/24-008749-003/2024(H5N1)	453	2544
PB2|PP755596.1|A/cattle/Texas/24-008749-003/2024(H5N1)	454	2571
PB2|PP755596.1|A/cattle/Texas/24-008749-003/2024(H5N1)	455	2573
PB2|PP755596.1|A/cattle/Texas/24-008749-003/2024(H5N1)	456	2608
PB2|PP755596.1|A/cattle/Texas/24-008749-003/2024(H5N1)	457	2620
PB2|PP755596.1|A/cattle/Texas/24-008749-003/2024(H5N1)	458	2697
PB2|PP755596.1|A/cattle/Texas/24-008749-003/2024(H5N1)	459	2697
PB2|PP755596.1|A/cattle/Texas/24-008749-003/2024(H5N1)	460	2692
PB2|PP755596.1|A/cattle/Texas/24-008749-003/2024(H5N1)	461	2582
PB2|PP755596.1|A/cattle/Texas/24-008749-003/2024(H5N1)	462	2580
PB2|PP755596.1|A/cattle/Texas/24-008749-003/2024(H5N1)	463	2553
PB2|PP755596.1|A/cattle/Texas/24-008749-003/2024(H5N1)	464	2577
PB2|PP755596.1|A/cattle/Texas/24-008749-003/2024(H5N1)	465	2668
PB2|PP755596.1|A/cattle/Texas/24-008749-003/2024(H5N1)	466	2663
PB2|PP755596.1|A/cattle/Texas/24-008749-003/2024(H5N1)	467	2678
PB2|PP755596.1|A/cattle/Texas/24-008749-003/2024(H5N1)	468	2672
PB2|PP755596.1|A/cattle/Texas/24-008749-003/2024(H5N1)	469	2690
PB2|PP755596.1|A/cattle/Texas/24-008749-003/2024(H5N1)	470	2697
PB2|PP755596.1|A/cattle/Texas/24-008749-003/2024(H5N1)	471	2650
PB2|PP755596.1|A/cattle/Texas/24-008749-003/2024(H5N1)	472	2658
PB2|PP755596.1|A/cattle/Texas/24-008749-003/2024(H5N1)	473	2636
PB2|PP755596.1|A/cattle/Texas/24-008749-003/2024(H5N1)	474	2633
PB2|PP755596.1|A/cattle/Texas/24-008749-003/2024(H5N1)	475	2655
PB2|PP755596.1|A/cattle/Texas/24-008749-003/2024(H5N1)	476	2650
PB2|PP755596.1|A/cattle/Texas/24-008749-003/2024(H5N1)	477	2650
PB2|PP755596.1|A/cattle/Texas/24-008749-003/2024(H5N1)	478	2644
PB2|PP755596.1|A/cattle/Texas/24-008749-003/2024(H5N1)	479	2641
PB2|PP755596.1|A/cattle/Texas/24-008749-003/2024(H5N1)	480	2791
PB2|PP755596.1|A/cattle/Texas/24-008749-003/2024(H5N1)	481	2791
PB2|PP755596.1|A/cattle/Texas/24-008749-003/2024(H5N1)	482	2884
PB2|PP755596.1|A/cattle/Texas/24-008749-003/2024(H5N1)	483	2711
PB2|PP755596.1|A/cattle/Texas/24-008749-003/2024(H5N1)	484	2690
PB2|PP755596.1|A/cattle/Texas/24-008749-003/2024(H5N1)	485	2704
PB2|PP755596.1|A/cattle/Texas/24-008749-003/2024(H5N1)	486	2736
PB2|PP755596.1|A/cattle/Texas/24-008749-003/2024(H5N1)	487	2738
PB2|PP755596.1|A/cattle/Texas/24-008749-003/2024(H5N1)	488	2752
PB2|PP755596.1|A/cattle/Texas/24-008749-003/2024(H5N1)	489	2590
PB2|PP755596.1|A/cattle/Texas/24-008749-003/2024(H5N1)	490	2587
PB2|PP755596.1|A/cattle/Texas/24-008749-003/2024(H5N1)	491	2576
PB2|PP755596.1|A/cattle/Texas/24-008749-003/2024(H5N1)	492	2580
PB2|PP755596.1|A/cattle/Texas/24-008749-003/2024(H5N1)	493	2587
PB2|PP755596.1|A/cattle/Texas/24-008749-003/2024(H5N1)	494	2591
PB2|PP755596.1|A/cattle/Texas/24-008749-003/2024(H5N1)	495	2588
PB2|PP755596.1|A/cattle/Texas/24-008749-003/2024(H5N1)	496	2587
PB2|PP755596.1|A/cattle/Texas/24-008749-003/2024(H5N1)	497	2567
PB2|PP755596.1|A/cattle/Texas/24-008749-003/2024(H5N1)	498	2567
PB2|PP755596.1|A/cattle/Texas/24-008749-003/2024(H5N1)	499	2569
PB2|PP755596.1|A/cattle/Texas/24-008749-003/2024(H5N1)	500	2630
PB2|PP755596.1|A/cattle/Texas/24-008749-003/2024(H5N1)	501	2644
PB2|PP755596.1|A/cattle/Texas/24-008749-003/2024(H5N1)	502	2632
PB2|PP755596.1|A/cattle/Texas/24-008749-003/2024(H5N1)	503	2631
PB2|PP755596.1|A/cattle/Texas/24-008749-003/2024(H5N1)	504	2640
PB2|PP755596.1|A/cattle/Texas/24-008749-003/2024(H5N1)	505	2644
PB2|PP755596.1|A/cattle/Texas/24-008749-003/2024(H5N1)	506	2670
PB2|PP755596.1|A/cattle/Texas/24-008749-003/2024(H5N1)	507	2669
PB2|PP755596.1|A/cattle/Texas/24-008749-003/2024(H5N1)	508	2687
PB2|PP755596.1|A/cattle/Texas/24-008749-003/2024(H5N1)	509	2696
PB2|PP755596.1|A/cattle/Texas/24-008749-003/2024(H5N1)	510	2700
PB2|PP755596.1|A/cattle/Texas/24-008749-003/2024(H5N1)	511	2702
PB2|PP755596.1|A/cattle/Texas/24-008749-003/2024(H5N1)	512	2730
PB2|PP755596.1|A/cattle/Texas/24-008749-003/2024(H5N1)	513	2728
PB2|PP755596.1|A/cattle/Texas/24-008749-003/2024(H5N1)	514	2737
PB2|PP755596.1|A/cattle/Texas/24-008749-003/2024(H5N1)	515	2607
PB2|PP755596.1|A/cattle/Texas/24-008749-003/2024(H5N1)	516	2611
PB2|PP755596.1|A/cattle/Texas/24-008749-003/2024(H5N1)	517	2618
PB2|PP755596.1|A/cattle/Texas/24-008749-003/2024(H5N1)	518	2619
PB2|PP755596.1|A/cattle/Texas/24-008749-003/2024(H5N1)	519	2621
PB2|PP755596.1|A/cattle/Texas/24-008749-003/2024(H5N1)	520	2628
PB2|PP755596.1|A/cattle/Texas/24-008749-003/2024(H5N1)	521	2625
PB2|PP755596.1|A/cattle/Texas/24-008749-003/2024(H5N1)	522	2624
PB2|PP755596.1|A/cattle/Texas/24-008749-003/2024(H5N1)	523	2614
PB2|PP755596.1|A/cattle/Texas/24-008749-003/2024(H5N1)	524	2630
PB2|PP755596.1|A/cattle/Texas/24-008749-003/2024(H5N1)	525	2657
PB2|PP755596.1|A/cattle/Texas/24-008749-003/2024(H5N1)	526	2689
PB2|PP755596.1|A/cattle/Texas/24-008749-003/2024(H5N1)	527	2710
PB2|PP755596.1|A/cattle/Texas/24-008749-003/2024(H5N1)	528	2702
PB2|PP755596.1|A/cattle/Texas/24-008749-003/2024(H5N1)	529	2679
PB2|PP755596.1|A/cattle/Texas/24-008749-003/2024(H5N1)	530	2647
PB2|PP755596.1|A/cattle/Texas/24-008749-003/2024(H5N1)	531	2649
PB2|PP755596.1|A/cattle/Texas/24-008749-003/2024(H5N1)	532	2672
PB2|PP755596.1|A/cattle/Texas/24-008749-003/2024(H5N1)	533	2671
PB2|PP755596.1|A/cattle/Texas/24-008749-003/2024(H5N1)	534	2671
PB2|PP755596.1|A/cattle/Texas/24-008749-003/2024(H5N1)	535	2684
PB2|PP755596.1|A/cattle/Texas/24-008749-003/2024(H5N1)	536	2634
PB2|PP755596.1|A/cattle/Texas/24-008749-003/2024(H5N1)	537	2633
PB2|PP755596.1|A/cattle/Texas/24-008749-003/2024(H5N1)	538	2665
PB2|PP755596.1|A/cattle/Texas/24-008749-003/2024(H5N1)	539	2698
PB2|PP755596.1|A/cattle/Texas/24-008749-003/2024(H5N1)	540	2698
PB2|PP755596.1|A/cattle/Texas/24-008749-003/2024(H5N1)	541	2785
PB2|PP755596.1|A/cattle/Texas/24-008749-003/2024(H5N1)	542	2622
PB2|PP755596.1|A/cattle/Texas/24-008749-003/2024(H5N1)	543	2625
PB2|PP755596.1|A/cattle/Texas/24-008749-003/2024(H5N1)	544	2604
PB2|PP755596.1|A/cattle/Texas/24-008749-003/2024(H5N1)	545	2607
PB2|PP755596.1|A/cattle/Texas/24-008749-003/2024(H5N1)	546	2623
PB2|PP755596.1|A/cattle/Texas/24-008749-003/2024(H5N1)	547	2601
PB2|PP755596.1|A/cattle/Texas/24-008749-003/2024(H5N1)	548	2508
PB2|PP755596.1|A/cattle/Texas/24-008749-003/2024(H5N1)	549	2522
PB2|PP755596.1|A/cattle/Texas/24-008749-003/2024(H5N1)	550	2545
PB2|PP755596.1|A/cattle/Texas/24-008749-003/2024(H5N1)	551	2561
PB2|PP755596.1|A/cattle/Texas/24-008749-003/2024(H5N1)	552	2558
PB2|PP755596.1|A/cattle/Texas/24-008749-003/2024(H5N1)	553	2514
PB2|PP755596.1|A/cattle/Texas/24-008749-003/2024(H5N1)	554	2571
PB2|PP755596.1|A/cattle/Texas/24-008749-003/2024(H5N1)	555	2561
PB2|PP755596.1|A/cattle/Texas/24-008749-003/2024(H5N1)	556	2572
PB2|PP755596.1|A/cattle/Texas/24-008749-003/2024(H5N1)	557	2574
PB2|PP755596.1|A/cattle/Texas/24-008749-003/2024(H5N1)	558	2555
PB2|PP755596.1|A/cattle/Texas/24-008749-003/2024(H5N1)	559	2557
PB2|PP755596.1|A/cattle/Texas/24-008749-003/2024(H5N1)	560	2545
PB2|PP755596.1|A/cattle/Texas/24-008749-003/2024(H5N1)	561	2559
PB2|PP755596.1|A/cattle/Texas/24-008749-003/2024(H5N1)	562	2570
PB2|PP755596.1|A/cattle/Texas/24-008749-003/2024(H5N1)	563	2564
PB2|PP755596.1|A/cattle/Texas/24-008749-003/2024(H5N1)	564	2562
PB2|PP755596.1|A/cattle/Texas/24-008749-003/2024(H5N1)	565	2547
PB2|PP755596.1|A/cattle/Texas/24-008749-003/2024(H5N1)	566	2551
PB2|PP755596.1|A/cattle/Texas/24-008749-003/2024(H5N1)	567	2555
PB2|PP755596.1|A/cattle/Texas/24-008749-003/2024(H5N1)	568	2587
PB2|PP755596.1|A/cattle/Texas/24-008749-003/2024(H5N1)	569	2589
PB2|PP755596.1|A/cattle/Texas/24-008749-003/2024(H5N1)	570	2562
PB2|PP755596.1|A/cattle/Texas/24-008749-003/2024(H5N1)	571	2570
PB2|PP755596.1|A/cattle/Texas/24-008749-003/2024(H5N1)	572	2579
PB2|PP755596.1|A/cattle/Texas/24-008749-003/2024(H5N1)	573	2575
PB2|PP755596.1|A/cattle/Texas/24-008749-003/2024(H5N1)	574	2587
PB2|PP755596.1|A/cattle/Texas/24-008749-003/2024(H5N1)	575	2605
PB2|PP755596.1|A/cattle/Texas/24-008749-003/2024(H5N1)	576	2594
PB2|PP755596.1|A/cattle/Texas/24-008749-003/2024(H5N1)	577	2728
PB2|PP755596.1|A/cattle/Texas/24-008749-003/2024(H5N1)	578	2727
PB2|PP755596.1|A/cattle/Texas/24-008749-003/2024(H5N1)	579	2774
PB2|PP755596.1|A/cattle/Texas/24-008749-003/2024(H5N1)	580	2761
PB2|PP755596.1|A/cattle/Texas/24-008749-003/2024(H5N1)	581	2761
PB2|PP755596.1|A/cattle/Texas/24-008749-003/2024(H5N1)	582	2772
PB2|PP755596.1|A/cattle/Texas/24-008749-003/2024(H5N1)	583	2762
PB2|PP755596.1|A/cattle/Texas/24-008749-003/2024(H5N1)	584	2923
PB2|PP755596.1|A/cattle/Texas/24-008749-003/2024(H5N1)	585	2760
PB2|PP755596.1|A/cattle/Texas/24-008749-003/2024(H5N1)	586	2622
PB2|PP755596.1|A/cattle/Texas/24-008749-003/2024(H5N1)	587	2618
PB2|PP755596.1|A/cattle/Texas/24-008749-003/2024(H5N1)	588	2673
PB2|PP755596.1|A/cattle/Texas/24-008749-003/2024(H5N1)	589	2676
PB2|PP755596.1|A/cattle/Texas/24-008749-003/2024(H5N1)	590	2680
PB2|PP755596.1|A/cattle/Texas/24-008749-003/2024(H5N1)	591	2673
PB2|PP755596.1|A/cattle/Texas/24-008749-003/2024(H5N1)	592	2709
PB2|PP755596.1|A/cattle/Texas/24-008749-003/2024(H5N1)	593	2681
PB2|PP755596.1|A/cattle/Texas/24-008749-003/2024(H5N1)	594	2646
PB2|PP755596.1|A/cattle/Texas/24-008749-003/2024(H5N1)	595	2646
PB2|PP755596.1|A/cattle/Texas/24-008749-003/2024(H5N1)	596	2653
PB2|PP755596.1|A/cattle/Texas/24-008749-003/2024(H5N1)	597	2626
PB2|PP755596.1|A/cattle/Texas/24-008749-003/2024(H5N1)	598	2693
PB2|PP755596.1|A/cattle/Texas/24-008749-003/2024(H5N1)	599	2701
PB2|PP755596.1|A/cattle/Texas/24-008749-003/2024(H5N1)	600	2744
PB2|PP755596.1|A/cattle/Texas/24-008749-003/2024(H5N1)	601	2642
PB2|PP755596.1|A/cattle/Texas/24-008749-003/2024(H5N1)	602	2639
PB2|PP755596.1|A/cattle/Texas/24-008749-003/2024(H5N1)	603	2643
PB2|PP755596.1|A/cattle/Texas/24-008749-003/2024(H5N1)	604	2665
PB2|PP755596.1|A/cattle/Texas/24-008749-003/2024(H5N1)	605	2649
PB2|PP755596.1|A/cattle/Texas/24-008749-003/2024(H5N1)	606	2661
PB2|PP755596.1|A/cattle/Texas/24-008749-003/2024(H5N1)	607	2672
PB2|PP755596.1|A/cattle/Texas/24-008749-003/2024(H5N1)	608	2640
PB2|PP755596.1|A/cattle/Texas/24-008749-003/2024(H5N1)	609	2579
PB2|PP755596.1|A/cattle/Texas/24-008749-003/2024(H5N1)	610	2571
PB2|PP755596.1|A/cattle/Texas/24-008749-003/2024(H5N1)	611	2579
PB2|PP755596.1|A/cattle/Texas/24-008749-003/2024(H5N1)	612	2583
PB2|PP755596.1|A/cattle/Texas/24-008749-003/2024(H5N1)	613	2585
PB2|PP755596.1|A/cattle/Texas/24-008749-003/2024(H5N1)	614	2581
PB2|PP755596.1|A/cattle/Texas/24-008749-003/2024(H5N1)	615	2551
PB2|PP755596.1|A/cattle/Texas/24-008749-003/2024(H5N1)	616	2468
PB2|PP755596.1|A/cattle/Texas/24-008749-003/2024(H5N1)	617	2465
PB2|PP755596.1|A/cattle/Texas/24-008749-003/2024(H5N1)	618	2472
PB2|PP755596.1|A/cattle/Texas/24-008749-003/2024(H5N1)	619	2603
PB2|PP755596.1|A/cattle/Texas/24-008749-003/2024(H5N1)	620	2591
PB2|PP755596.1|A/cattle/Texas/24-008749-003/2024(H5N1)	621	2586
PB2|PP755596.1|A/cattle/Texas/24-008749-003/2024(H5N1)	622	2574
PB2|PP755596.1|A/cattle/Texas/24-008749-003/2024(H5N1)	623	2638
PB2|PP755596.1|A/cattle/Texas/24-008749-003/2024(H5N1)	624	2672
PB2|PP755596.1|A/cattle/Texas/24-008749-003/2024(H5N1)	625	2659
PB2|PP755596.1|A/cattle/Texas/24-008749-003/2024(H5N1)	626	2645
PB2|PP755596.1|A/cattle/Texas/24-008749-003/2024(H5N1)	627	2630
PB2|PP755596.1|A/cattle/Texas/24-008749-003/2024(H5N1)	628	2646
PB2|PP755596.1|A/cattle/Texas/24-008749-003/2024(H5N1)	629	2670
PB2|PP755596.1|A/cattle/Texas/24-008749-003/2024(H5N1)	630	2695
PB2|PP755596.1|A/cattle/Texas/24-008749-003/2024(H5N1)	631	2535
PB2|PP755596.1|A/cattle/Texas/24-008749-003/2024(H5N1)	632	2473
PB2|PP755596.1|A/cattle/Texas/24-008749-003/2024(H5N1)	633	2479
PB2|PP755596.1|A/cattle/Texas/24-008749-003/2024(H5N1)	634	2484
PB2|PP755596.1|A/cattle/Texas/24-008749-003/2024(H5N1)	635	2486
PB2|PP755596.1|A/cattle/Texas/24-008749-003/2024(H5N1)	636	2487
PB2|PP755596.1|A/cattle/Texas/24-008749-003/2024(H5N1)	637	2457
PB2|PP755596.1|A/cattle/Texas/24-008749-003/2024(H5N1)	638	2457
PB2|PP755596.1|A/cattle/Texas/24-008749-003/2024(H5N1)	639	2443
PB2|PP755596.1|A/cattle/Texas/24-008749-003/2024(H5N1)	640	2441
PB2|PP755596.1|A/cattle/Texas/24-008749-003/2024(H5N1)	641	2494
PB2|PP755596.1|A/cattle/Texas/24-008749-003/2024(H5N1)	642	2490
PB2|PP755596.1|A/cattle/Texas/24-008749-003/2024(H5N1)	643	2499
PB2|PP755596.1|A/cattle/Texas/24-008749-003/2024(H5N1)	644	2484
PB2|PP755596.1|A/cattle/Texas/24-008749-003/2024(H5N1)	645	2495
PB2|PP755596.1|A/cattle/Texas/24-008749-003/2024(H5N1)	646	2509
PB2|PP755596.1|A/cattle/Texas/24-008749-003/2024(H5N1)	647	2511
PB2|PP755596.1|A/cattle/Texas/24-008749-003/2024(H5N1)	648	2538
PB2|PP755596.1|A/cattle/Texas/24-008749-003/2024(H5N1)	649	2576
PB2|PP755596.1|A/cattle/Texas/24-008749-003/2024(H5N1)	650	2538
PB2|PP755596.1|A/cattle/Texas/24-008749-003/2024(H5N1)	651	2543
PB2|PP755596.1|A/cattle/Texas/24-008749-003/2024(H5N1)	652	2525
PB2|PP755596.1|A/cattle/Texas/24-008749-003/2024(H5N1)	653	2532
PB2|PP755596.1|A/cattle/Texas/24-008749-003/2024(H5N1)	654	2568
PB2|PP755596.1|A/cattle/Texas/24-008749-003/2024(H5N1)	655	2562
PB2|PP755596.1|A/cattle/Texas/24-008749-003/2024(H5N1)	656	2558
PB2|PP755596.1|A/cattle/Texas/24-008749-003/2024(H5N1)	657	2534
PB2|PP755596.1|A/cattle/Texas/24-008749-003/2024(H5N1)	658	2547
PB2|PP755596.1|A/cattle/Texas/24-008749-003/2024(H5N1)	659	2541
PB2|PP755596.1|A/cattle/Texas/24-008749-003/2024(H5N1)	660	2532
PB2|PP755596.1|A/cattle/Texas/24-008749-003/2024(H5N1)	661	2533
PB2|PP755596.1|A/cattle/Texas/24-008749-003/2024(H5N1)	662	2510
PB2|PP755596.1|A/cattle/Texas/24-008749-003/2024(H5N1)	663	2507
PB2|PP755596.1|A/cattle/Texas/24-008749-003/2024(H5N1)	664	2513
PB2|PP755596.1|A/cattle/Texas/24-008749-003/2024(H5N1)	665	2554
PB2|PP755596.1|A/cattle/Texas/24-008749-003/2024(H5N1)	666	2556
PB2|PP755596.1|A/cattle/Texas/24-008749-003/2024(H5N1)	667	2553
PB2|PP755596.1|A/cattle/Texas/24-008749-003/2024(H5N1)	668	2557
PB2|PP755596.1|A/cattle/Texas/24-008749-003/2024(H5N1)	669	2578
PB2|PP755596.1|A/cattle/Texas/24-008749-003/2024(H5N1)	670	2576
PB2|PP755596.1|A/cattle/Texas/24-008749-003/2024(H5N1)	671	2617
PB2|PP755596.1|A/cattle/Texas/24-008749-003/2024(H5N1)	672	2631
PB2|PP755596.1|A/cattle/Texas/24-008749-003/2024(H5N1)	673	2632
PB2|PP755596.1|A/cattle/Texas/24-008749-003/2024(H5N1)	674	2636
PB2|PP755596.1|A/cattle/Texas/24-008749-003/2024(H5N1)	675	2625
PB2|PP755596.1|A/cattle/Texas/24-008749-003/2024(H5N1)	676	2598
PB2|PP755596.1|A/cattle/Texas/24-008749-003/2024(H5N1)	677	2623
PB2|PP755596.1|A/cattle/Texas/24-008749-003/2024(H5N1)	678	2634
PB2|PP755596.1|A/cattle/Texas/24-008749-003/2024(H5N1)	679	2665
PB2|PP755596.1|A/cattle/Texas/24-008749-003/2024(H5N1)	680	2667
PB2|PP755596.1|A/cattle/Texas/24-008749-003/2024(H5N1)	681	2667
PB2|PP755596.1|A/cattle/Texas/24-008749-003/2024(H5N1)	682	2647
PB2|PP755596.1|A/cattle/Texas/24-008749-003/2024(H5N1)	683	2771
PB2|PP755596.1|A/cattle/Texas/24-008749-003/2024(H5N1)	684	2775
PB2|PP755596.1|A/cattle/Texas/24-008749-003/2024(H5N1)	685	2777
PB2|PP755596.1|A/cattle/Texas/24-008749-003/2024(H5N1)	686	2770
PB2|PP755596.1|A/cattle/Texas/24-008749-003/2024(H5N1)	687	2721
PB2|PP755596.1|A/cattle/Texas/24-008749-003/2024(H5N1)	688	2681
PB2|PP755596.1|A/cattle/Texas/24-008749-003/2024(H5N1)	689	2644
PB2|PP755596.1|A/cattle/Texas/24-008749-003/2024(H5N1)	690	2637
PB2|PP755596.1|A/cattle/Texas/24-008749-003/2024(H5N1)	691	2654
PB2|PP755596.1|A/cattle/Texas/24-008749-003/2024(H5N1)	692	2563
PB2|PP755596.1|A/cattle/Texas/24-008749-003/2024(H5N1)	693	2568
PB2|PP755596.1|A/cattle/Texas/24-008749-003/2024(H5N1)	694	2585
PB2|PP755596.1|A/cattle/Texas/24-008749-003/2024(H5N1)	695	2578
PB2|PP755596.1|A/cattle/Texas/24-008749-003/2024(H5N1)	696	2627
PB2|PP755596.1|A/cattle/Texas/24-008749-003/2024(H5N1)	697	2766
PB2|PP755596.1|A/cattle/Texas/24-008749-003/2024(H5N1)	698	2783
PB2|PP755596.1|A/cattle/Texas/24-008749-003/2024(H5N1)	699	2791
PB2|PP755596.1|A/cattle/Texas/24-008749-003/2024(H5N1)	700	2756
PB2|PP755596.1|A/cattle/Texas/24-008749-003/2024(H5N1)	701	2756
PB2|PP755596.1|A/cattle/Texas/24-008749-003/2024(H5N1)	702	2733
PB2|PP755596.1|A/cattle/Texas/24-008749-003/2024(H5N1)	703	2755
PB2|PP755596.1|A/cattle/Texas/24-008749-003/2024(H5N1)	704	2741
PB2|PP755596.1|A/cattle/Texas/24-008749-003/2024(H5N1)	705	2718
PB2|PP755596.1|A/cattle/Texas/24-008749-003/2024(H5N1)	706	2722
PB2|PP755596.1|A/cattle/Texas/24-008749-003/2024(H5N1)	707	2710
PB2|PP755596.1|A/cattle/Texas/24-008749-003/2024(H5N1)	708	2732
PB2|PP755596.1|A/cattle/Texas/24-008749-003/2024(H5N1)	709	2784
PB2|PP755596.1|A/cattle/Texas/24-008749-003/2024(H5N1)	710	2789
PB2|PP755596.1|A/cattle/Texas/24-008749-003/2024(H5N1)	711	2788
PB2|PP755596.1|A/cattle/Texas/24-008749-003/2024(H5N1)	712	2773
PB2|PP755596.1|A/cattle/Texas/24-008749-003/2024(H5N1)	713	2796
PB2|PP755596.1|A/cattle/Texas/24-008749-003/2024(H5N1)	714	2794
PB2|PP755596.1|A/cattle/Texas/24-008749-003/2024(H5N1)	715	2815
PB2|PP755596.1|A/cattle/Texas/24-008749-003/2024(H5N1)	716	2835
PB2|PP755596.1|A/cattle/Texas/24-008749-003/2024(H5N1)	717	2818
PB2|PP755596.1|A/cattle/Texas/24-008749-003/2024(H5N1)	718	2802
PB2|PP755596.1|A/cattle/Texas/24-008749-003/2024(H5N1)	719	2800
PB2|PP755596.1|A/cattle/Texas/24-008749-003/2024(H5N1)	720	2799
PB2|PP755596.1|A/cattle/Texas/24-008749-003/2024(H5N1)	721	2853
PB2|PP755596.1|A/cattle/Texas/24-008749-003/2024(H5N1)	722	2833
PB2|PP755596.1|A/cattle/Texas/24-008749-003/2024(H5N1)	723	2835
PB2|PP755596.1|A/cattle/Texas/24-008749-003/2024(H5N1)	724	2858
PB2|PP755596.1|A/cattle/Texas/24-008749-003/2024(H5N1)	725	2835
PB2|PP755596.1|A/cattle/Texas/24-008749-003/2024(H5N1)	726	3018
PB2|PP755596.1|A/cattle/Texas/24-008749-003/2024(H5N1)	727	3025
PB2|PP755596.1|A/cattle/Texas/24-008749-003/2024(H5N1)	728	2908
PB2|PP755596.1|A/cattle/Texas/24-008749-003/2024(H5N1)	729	2958
PB2|PP755596.1|A/cattle/Texas/24-008749-003/2024(H5N1)	730	2994
PB2|PP755596.1|A/cattle/Texas/24-008749-003/2024(H5N1)	731	2999
PB2|PP755596.1|A/cattle/Texas/24-008749-003/2024(H5N1)	732	3010
PB2|PP755596.1|A/cattle/Texas/24-008749-003/2024(H5N1)	733	2974
PB2|PP755596.1|A/cattle/Texas/24-008749-003/2024(H5N1)	734	2998
PB2|PP755596.1|A/cattle/Texas/24-008749-003/2024(H5N1)	735	2809
PB2|PP755596.1|A/cattle/Texas/24-008749-003/2024(H5N1)	736	2840
PB2|PP755596.1|A/cattle/Texas/24-008749-003/2024(H5N1)	737	2827
PB2|PP755596.1|A/cattle/Texas/24-008749-003/2024(H5N1)	738	2771
PB2|PP755596.1|A/cattle/Texas/24-008749-003/2024(H5N1)	739	2774
PB2|PP755596.1|A/cattle/Texas/24-008749-003/2024(H5N1)	740	2790
PB2|PP755596.1|A/cattle/Texas/24-008749-003/2024(H5N1)	741	2797
PB2|PP755596.1|A/cattle/Texas/24-008749-003/2024(H5N1)	742	2806
PB2|PP755596.1|A/cattle/Texas/24-008749-003/2024(H5N1)	743	2782
PB2|PP755596.1|A/cattle/Texas/24-008749-003/2024(H5N1)	744	2772
PB2|PP755596.1|A/cattle/Texas/24-008749-003/2024(H5N1)	745	2774
PB2|PP755596.1|A/cattle/Texas/24-008749-003/2024(H5N1)	746	2775
PB2|PP755596.1|A/cattle/Texas/24-008749-003/2024(H5N1)	747	2773
PB2|PP755596.1|A/cattle/Texas/24-008749-003/2024(H5N1)	748	2784
PB2|PP755596.1|A/cattle/Texas/24-008749-003/2024(H5N1)	749	2709
PB2|PP755596.1|A/cattle/Texas/24-008749-003/2024(H5N1)	750	2704
PB2|PP755596.1|A/cattle/Texas/24-008749-003/2024(H5N1)	751	2664
PB2|PP755596.1|A/cattle/Texas/24-008749-003/2024(H5N1)	752	2658
PB2|PP755596.1|A/cattle/Texas/24-008749-003/2024(H5N1)	753	2659
PB2|PP755596.1|A/cattle/Texas/24-008749-003/2024(H5N1)	754	2635
PB2|PP755596.1|A/cattle/Texas/24-008749-003/2024(H5N1)	755	2652
PB2|PP755596.1|A/cattle/Texas/24-008749-003/2024(H5N1)	756	2640
PB2|PP755596.1|A/cattle/Texas/24-008749-003/2024(H5N1)	757	2636
PB2|PP755596.1|A/cattle/Texas/24-008749-003/2024(H5N1)	758	2579
PB2|PP755596.1|A/cattle/Texas/24-008749-003/2024(H5N1)	759	2572
PB2|PP755596.1|A/cattle/Texas/24-008749-003/2024(H5N1)	760	2585
PB2|PP755596.1|A/cattle/Texas/24-008749-003/2024(H5N1)	761	2719
PB2|PP755596.1|A/cattle/Texas/24-008749-003/2024(H5N1)	762	2711
PB2|PP755596.1|A/cattle/Texas/24-008749-003/2024(H5N1)	763	2715
PB2|PP755596.1|A/cattle/Texas/24-008749-003/2024(H5N1)	764	2714
PB2|PP755596.1|A/cattle/Texas/24-008749-003/2024(H5N1)	765	2704
PB2|PP755596.1|A/cattle/Texas/24-008749-003/2024(H5N1)	766	2928
PB2|PP755596.1|A/cattle/Texas/24-008749-003/2024(H5N1)	767	2954
PB2|PP755596.1|A/cattle/Texas/24-008749-003/2024(H5N1)	768	2998
PB2|PP755596.1|A/cattle/Texas/24-008749-003/2024(H5N1)	769	2981
PB2|PP755596.1|A/cattle/Texas/24-008749-003/2024(H5N1)	770	2842
PB2|PP755596.1|A/cattle/Texas/24-008749-003/2024(H5N1)	771	2867
PB2|PP755596.1|A/cattle/Texas/24-008749-003/2024(H5N1)	772	2900
PB2|PP755596.1|A/cattle/Texas/24-008749-003/2024(H5N1)	773	2911
PB2|PP755596.1|A/cattle/Texas/24-008749-003/2024(H5N1)	774	2861
PB2|PP755596.1|A/cattle/Texas/24-008749-003/2024(H5N1)	775	2828
PB2|PP755596.1|A/cattle/Texas/24-008749-003/2024(H5N1)	776	2827
PB2|PP755596.1|A/cattle/Texas/24-008749-003/2024(H5N1)	777	2834
PB2|PP755596.1|A/cattle/Texas/24-008749-003/2024(H5N1)	778	2915
PB2|PP755596.1|A/cattle/Texas/24-008749-003/2024(H5N1)	779	2901
PB2|PP755596.1|A/cattle/Texas/24-008749-003/2024(H5N1)	780	2874
PB2|PP755596.1|A/cattle/Texas/24-008749-003/2024(H5N1)	781	2844
PB2|PP755596.1|A/cattle/Texas/24-008749-003/2024(H5N1)	782	2841
PB2|PP755596.1|A/cattle/Texas/24-008749-003/2024(H5N1)	783	2908
PB2|PP755596.1|A/cattle/Texas/24-008749-003/2024(H5N1)	784	2910
PB2|PP755596.1|A/cattle/Texas/24-008749-003/2024(H5N1)	785	2897
PB2|PP755596.1|A/cattle/Texas/24-008749-003/2024(H5N1)	786	2893
PB2|PP755596.1|A/cattle/Texas/24-008749-003/2024(H5N1)	787	2920
PB2|PP755596.1|A/cattle/Texas/24-008749-003/2024(H5N1)	788	2977
PB2|PP755596.1|A/cattle/Texas/24-008749-003/2024(H5N1)	789	2995
PB2|PP755596.1|A/cattle/Texas/24-008749-003/2024(H5N1)	790	2992
PB2|PP755596.1|A/cattle/Texas/24-008749-003/2024(H5N1)	791	3035
PB2|PP755596.1|A/cattle/Texas/24-008749-003/2024(H5N1)	792	3026
PB2|PP755596.1|A/cattle/Texas/24-008749-003/2024(H5N1)	793	3046
PB2|PP755596.1|A/cattle/Texas/24-008749-003/2024(H5N1)	794	3041
PB2|PP755596.1|A/cattle/Texas/24-008749-003/2024(H5N1)	795	3052
PB2|PP755596.1|A/cattle/Texas/24-008749-003/2024(H5N1)	796	3074
PB2|PP755596.1|A/cattle/Texas/24-008749-003/2024(H5N1)	797	3061
PB2|PP755596.1|A/cattle/Texas/24-008749-003/2024(H5N1)	798	3067
PB2|PP755596.1|A/cattle/Texas/24-008749-003/2024(H5N1)	799	3055
PB2|PP755596.1|A/cattle/Texas/24-008749-003/2024(H5N1)	800	3041
PB2|PP755596.1|A/cattle/Texas/24-008749-003/2024(H5N1)	801	3017
PB2|PP755596.1|A/cattle/Texas/24-008749-003/2024(H5N1)	802	3009
PB2|PP755596.1|A/cattle/Texas/24-008749-003/2024(H5N1)	803	3024
PB2|PP755596.1|A/cattle/Texas/24-008749-003/2024(H5N1)	804	3065
PB2|PP755596.1|A/cattle/Texas/24-008749-003/2024(H5N1)	805	3021
PB2|PP755596.1|A/cattle/Texas/24-008749-003/2024(H5N1)	806	3071
PB2|PP755596.1|A/cattle/Texas/24-008749-003/2024(H5N1)	807	3072
PB2|PP755596.1|A/cattle/Texas/24-008749-003/2024(H5N1)	808	3083
PB2|PP755596.1|A/cattle/Texas/24-008749-003/2024(H5N1)	809	3075
PB2|PP755596.1|A/cattle/Texas/24-008749-003/2024(H5N1)	810	3091
PB2|PP755596.1|A/cattle/Texas/24-008749-003/2024(H5N1)	811	3092
PB2|PP755596.1|A/cattle/Texas/24-008749-003/2024(H5N1)	812	3097
PB2|PP755596.1|A/cattle/Texas/24-008749-003/2024(H5N1)	813	3107
PB2|PP755596.1|A/cattle/Texas/24-008749-003/2024(H5N1)	814	3184
PB2|PP755596.1|A/cattle/Texas/24-008749-003/2024(H5N1)	815	3196
PB2|PP755596.1|A/cattle/Texas/24-008749-003/2024(H5N1)	816	3200
PB2|PP755596.1|A/cattle/Texas/24-008749-003/2024(H5N1)	817	3211
PB2|PP755596.1|A/cattle/Texas/24-008749-003/2024(H5N1)	818	3222
PB2|PP755596.1|A/cattle/Texas/24-008749-003/2024(H5N1)	819	3220
PB2|PP755596.1|A/cattle/Texas/24-008749-003/2024(H5N1)	820	3206
PB2|PP755596.1|A/cattle/Texas/24-008749-003/2024(H5N1)	821	3178
PB2|PP755596.1|A/cattle/Texas/24-008749-003/2024(H5N1)	822	3109
PB2|PP755596.1|A/cattle/Texas/24-008749-003/2024(H5N1)	823	3104
PB2|PP755596.1|A/cattle/Texas/24-008749-003/2024(H5N1)	824	3141
PB2|PP755596.1|A/cattle/Texas/24-008749-003/2024(H5N1)	825	3185
PB2|PP755596.1|A/cattle/Texas/24-008749-003/2024(H5N1)	826	3185
PB2|PP755596.1|A/cattle/Texas/24-008749-003/2024(H5N1)	827	3131
PB2|PP755596.1|A/cattle/Texas/24-008749-003/2024(H5N1)	828	3133
PB2|PP755596.1|A/cattle/Texas/24-008749-003/2024(H5N1)	829	3178
PB2|PP755596.1|A/cattle/Texas/24-008749-003/2024(H5N1)	830	3151
PB2|PP755596.1|A/cattle/Texas/24-008749-003/2024(H5N1)	831	3149
PB2|PP755596.1|A/cattle/Texas/24-008749-003/2024(H5N1)	832	3141
PB2|PP755596.1|A/cattle/Texas/24-008749-003/2024(H5N1)	833	3071
PB2|PP755596.1|A/cattle/Texas/24-008749-003/2024(H5N1)	834	3009
PB2|PP755596.1|A/cattle/Texas/24-008749-003/2024(H5N1)	835	2999
PB2|PP755596.1|A/cattle/Texas/24-008749-003/2024(H5N1)	836	2996
PB2|PP755596.1|A/cattle/Texas/24-008749-003/2024(H5N1)	837	2993
PB2|PP755596.1|A/cattle/Texas/24-008749-003/2024(H5N1)	838	3199
PB2|PP755596.1|A/cattle/Texas/24-008749-003/2024(H5N1)	839	3201
PB2|PP755596.1|A/cattle/Texas/24-008749-003/2024(H5N1)	840	3223
PB2|PP755596.1|A/cattle/Texas/24-008749-003/2024(H5N1)	841	3221
PB2|PP755596.1|A/cattle/Texas/24-008749-003/2024(H5N1)	842	3205
PB2|PP755596.1|A/cattle/Texas/24-008749-003/2024(H5N1)	843	3207
PB2|PP755596.1|A/cattle/Texas/24-008749-003/2024(H5N1)	844	3192
PB2|PP755596.1|A/cattle/Texas/24-008749-003/2024(H5N1)	845	3171
PB2|PP755596.1|A/cattle/Texas/24-008749-003/2024(H5N1)	846	3174
PB2|PP755596.1|A/cattle/Texas/24-008749-003/2024(H5N1)	847	2995
PB2|PP755596.1|A/cattle/Texas/24-008749-003/2024(H5N1)	848	2986
PB2|PP755596.1|A/cattle/Texas/24-008749-003/2024(H5N1)	849	3097
PB2|PP755596.1|A/cattle/Texas/24-008749-003/2024(H5N1)	850	3102
PB2|PP755596.1|A/cattle/Texas/24-008749-003/2024(H5N1)	851	3097
PB2|PP755596.1|A/cattle/Texas/24-008749-003/2024(H5N1)	852	3109
PB2|PP755596.1|A/cattle/Texas/24-008749-003/2024(H5N1)	853	3110
PB2|PP755596.1|A/cattle/Texas/24-008749-003/2024(H5N1)	854	3101
PB2|PP755596.1|A/cattle/Texas/24-008749-003/2024(H5N1)	855	3098
PB2|PP755596.1|A/cattle/Texas/24-008749-003/2024(H5N1)	856	3072
PB2|PP755596.1|A/cattle/Texas/24-008749-003/2024(H5N1)	857	3092
PB2|PP755596.1|A/cattle/Texas/24-008749-003/2024(H5N1)	858	3052
PB2|PP755596.1|A/cattle/Texas/24-008749-003/2024(H5N1)	859	3054
PB2|PP755596.1|A/cattle/Texas/24-008749-003/2024(H5N1)	860	3051
PB2|PP755596.1|A/cattle/Texas/24-008749-003/2024(H5N1)	861	3045
PB2|PP755596.1|A/cattle/Texas/24-008749-003/2024(H5N1)	862	3060
PB2|PP755596.1|A/cattle/Texas/24-008749-003/2024(H5N1)	863	3059
PB2|PP755596.1|A/cattle/Texas/24-008749-003/2024(H5N1)	864	3068
PB2|PP755596.1|A/cattle/Texas/24-008749-003/2024(H5N1)	865	3067
PB2|PP755596.1|A/cattle/Texas/24-008749-003/2024(H5N1)	866	3049
PB2|PP755596.1|A/cattle/Texas/24-008749-003/2024(H5N1)	867	3034
PB2|PP755596.1|A/cattle/Texas/24-008749-003/2024(H5N1)	868	3031
PB2|PP755596.1|A/cattle/Texas/24-008749-003/2024(H5N1)	869	3028
PB2|PP755596.1|A/cattle/Texas/24-008749-003/2024(H5N1)	870	3031
PB2|PP755596.1|A/cattle/Texas/24-008749-003/2024(H5N1)	871	3038
PB2|PP755596.1|A/cattle/Texas/24-008749-003/2024(H5N1)	872	3141
PB2|PP755596.1|A/cattle/Texas/24-008749-003/2024(H5N1)	873	3126
PB2|PP755596.1|A/cattle/Texas/24-008749-003/2024(H5N1)	874	3125
PB2|PP755596.1|A/cattle/Texas/24-008749-003/2024(H5N1)	875	3110
PB2|PP755596.1|A/cattle/Texas/24-008749-003/2024(H5N1)	876	3112
PB2|PP755596.1|A/cattle/Texas/24-008749-003/2024(H5N1)	877	2935
PB2|PP755596.1|A/cattle/Texas/24-008749-003/2024(H5N1)	878	2970
PB2|PP755596.1|A/cattle/Texas/24-008749-003/2024(H5N1)	879	3032
PB2|PP755596.1|A/cattle/Texas/24-008749-003/2024(H5N1)	880	2991
PB2|PP755596.1|A/cattle/Texas/24-008749-003/2024(H5N1)	881	2929
PB2|PP755596.1|A/cattle/Texas/24-008749-003/2024(H5N1)	882	2935
PB2|PP755596.1|A/cattle/Texas/24-008749-003/2024(H5N1)	883	2975
PB2|PP755596.1|A/cattle/Texas/24-008749-003/2024(H5N1)	884	2985
PB2|PP755596.1|A/cattle/Texas/24-008749-003/2024(H5N1)	885	2944
PB2|PP755596.1|A/cattle/Texas/24-008749-003/2024(H5N1)	886	2942
PB2|PP755596.1|A/cattle/Texas/24-008749-003/2024(H5N1)	887	2922
PB2|PP755596.1|A/cattle/Texas/24-008749-003/2024(H5N1)	888	2928
PB2|PP755596.1|A/cattle/Texas/24-008749-003/2024(H5N1)	889	2922
PB2|PP755596.1|A/cattle/Texas/24-008749-003/2024(H5N1)	890	2953
PB2|PP755596.1|A/cattle/Texas/24-008749-003/2024(H5N1)	891	2939
PB2|PP755596.1|A/cattle/Texas/24-008749-003/2024(H5N1)	892	2928
PB2|PP755596.1|A/cattle/Texas/24-008749-003/2024(H5N1)	893	2914
PB2|PP755596.1|A/cattle/Texas/24-008749-003/2024(H5N1)	894	2915
PB2|PP755596.1|A/cattle/Texas/24-008749-003/2024(H5N1)	895	2941
PB2|PP755596.1|A/cattle/Texas/24-008749-003/2024(H5N1)	896	2938
PB2|PP755596.1|A/cattle/Texas/24-008749-003/2024(H5N1)	897	2942
PB2|PP755596.1|A/cattle/Texas/24-008749-003/2024(H5N1)	898	2931
PB2|PP755596.1|A/cattle/Texas/24-008749-003/2024(H5N1)	899	2930
PB2|PP755596.1|A/cattle/Texas/24-008749-003/2024(H5N1)	900	2930
PB2|PP755596.1|A/cattle/Texas/24-008749-003/2024(H5N1)	901	2919
PB2|PP755596.1|A/cattle/Texas/24-008749-003/2024(H5N1)	902	3034
PB2|PP755596.1|A/cattle/Texas/24-008749-003/2024(H5N1)	903	3031
PB2|PP755596.1|A/cattle/Texas/24-008749-003/2024(H5N1)	904	3031
PB2|PP755596.1|A/cattle/Texas/24-008749-003/2024(H5N1)	905	3028
PB2|PP755596.1|A/cattle/Texas/24-008749-003/2024(H5N1)	906	3018
PB2|PP755596.1|A/cattle/Texas/24-008749-003/2024(H5N1)	907	2999
PB2|PP755596.1|A/cattle/Texas/24-008749-003/2024(H5N1)	908	2994
PB2|PP755596.1|A/cattle/Texas/24-008749-003/2024(H5N1)	909	2994
PB2|PP755596.1|A/cattle/Texas/24-008749-003/2024(H5N1)	910	3000
PB2|PP755596.1|A/cattle/Texas/24-008749-003/2024(H5N1)	911	2976
PB2|PP755596.1|A/cattle/Texas/24-008749-003/2024(H5N1)	912	2841
PB2|PP755596.1|A/cattle/Texas/24-008749-003/2024(H5N1)	913	2853
PB2|PP755596.1|A/cattle/Texas/24-008749-003/2024(H5N1)	914	2855
PB2|PP755596.1|A/cattle/Texas/24-008749-003/2024(H5N1)	915	2855
PB2|PP755596.1|A/cattle/Texas/24-008749-003/2024(H5N1)	916	2656
PB2|PP755596.1|A/cattle/Texas/24-008749-003/2024(H5N1)	917	2651
PB2|PP755596.1|A/cattle/Texas/24-008749-003/2024(H5N1)	918	2617
PB2|PP755596.1|A/cattle/Texas/24-008749-003/2024(H5N1)	919	2636
PB2|PP755596.1|A/cattle/Texas/24-008749-003/2024(H5N1)	920	2653
PB2|PP755596.1|A/cattle/Texas/24-008749-003/2024(H5N1)	921	2619
PB2|PP755596.1|A/cattle/Texas/24-008749-003/2024(H5N1)	922	2606
PB2|PP755596.1|A/cattle/Texas/24-008749-003/2024(H5N1)	923	2624
PB2|PP755596.1|A/cattle/Texas/24-008749-003/2024(H5N1)	924	2622
PB2|PP755596.1|A/cattle/Texas/24-008749-003/2024(H5N1)	925	2798
PB2|PP755596.1|A/cattle/Texas/24-008749-003/2024(H5N1)	926	2807
PB2|PP755596.1|A/cattle/Texas/24-008749-003/2024(H5N1)	927	2863
PB2|PP755596.1|A/cattle/Texas/24-008749-003/2024(H5N1)	928	2791
PB2|PP755596.1|A/cattle/Texas/24-008749-003/2024(H5N1)	929	2777
PB2|PP755596.1|A/cattle/Texas/24-008749-003/2024(H5N1)	930	2823
PB2|PP755596.1|A/cattle/Texas/24-008749-003/2024(H5N1)	931	2820
PB2|PP755596.1|A/cattle/Texas/24-008749-003/2024(H5N1)	932	2820
PB2|PP755596.1|A/cattle/Texas/24-008749-003/2024(H5N1)	933	2870
PB2|PP755596.1|A/cattle/Texas/24-008749-003/2024(H5N1)	934	2913
PB2|PP755596.1|A/cattle/Texas/24-008749-003/2024(H5N1)	935	2925
PB2|PP755596.1|A/cattle/Texas/24-008749-003/2024(H5N1)	936	2926
PB2|PP755596.1|A/cattle/Texas/24-008749-003/2024(H5N1)	937	2985
PB2|PP755596.1|A/cattle/Texas/24-008749-003/2024(H5N1)	938	2965
PB2|PP755596.1|A/cattle/Texas/24-008749-003/2024(H5N1)	939	2911
PB2|PP755596.1|A/cattle/Texas/24-008749-003/2024(H5N1)	940	2940
PB2|PP755596.1|A/cattle/Texas/24-008749-003/2024(H5N1)	941	2923
PB2|PP755596.1|A/cattle/Texas/24-008749-003/2024(H5N1)	942	2937
PB2|PP755596.1|A/cattle/Texas/24-008749-003/2024(H5N1)	943	2918
PB2|PP755596.1|A/cattle/Texas/24-008749-003/2024(H5N1)	944	2926
PB2|PP755596.1|A/cattle/Texas/24-008749-003/2024(H5N1)	945	2942
PB2|PP755596.1|A/cattle/Texas/24-008749-003/2024(H5N1)	946	2996
PB2|PP755596.1|A/cattle/Texas/24-008749-003/2024(H5N1)	947	2971
PB2|PP755596.1|A/cattle/Texas/24-008749-003/2024(H5N1)	948	2958
PB2|PP755596.1|A/cattle/Texas/24-008749-003/2024(H5N1)	949	3330
PB2|PP755596.1|A/cattle/Texas/24-008749-003/2024(H5N1)	950	3353
PB2|PP755596.1|A/cattle/Texas/24-008749-003/2024(H5N1)	951	3358
PB2|PP755596.1|A/cattle/Texas/24-008749-003/2024(H5N1)	952	3367
PB2|PP755596.1|A/cattle/Texas/24-008749-003/2024(H5N1)	953	3452
PB2|PP755596.1|A/cattle/Texas/24-008749-003/2024(H5N1)	954	3473
PB2|PP755596.1|A/cattle/Texas/24-008749-003/2024(H5N1)	955	3439
PB2|PP755596.1|A/cattle/Texas/24-008749-003/2024(H5N1)	956	3427
PB2|PP755596.1|A/cattle/Texas/24-008749-003/2024(H5N1)	957	3378
PB2|PP755596.1|A/cattle/Texas/24-008749-003/2024(H5N1)	958	3389
PB2|PP755596.1|A/cattle/Texas/24-008749-003/2024(H5N1)	959	3381
PB2|PP755596.1|A/cattle/Texas/24-008749-003/2024(H5N1)	960	3389
PB2|PP755596.1|A/cattle/Texas/24-008749-003/2024(H5N1)	961	3382
PB2|PP755596.1|A/cattle/Texas/24-008749-003/2024(H5N1)	962	3330
PB2|PP755596.1|A/cattle/Texas/24-008749-003/2024(H5N1)	963	3294
PB2|PP755596.1|A/cattle/Texas/24-008749-003/2024(H5N1)	964	3307
PB2|PP755596.1|A/cattle/Texas/24-008749-003/2024(H5N1)	965	3235
PB2|PP755596.1|A/cattle/Texas/24-008749-003/2024(H5N1)	966	3246
PB2|PP755596.1|A/cattle/Texas/24-008749-003/2024(H5N1)	967	3243
PB2|PP755596.1|A/cattle/Texas/24-008749-003/2024(H5N1)	968	3229
PB2|PP755596.1|A/cattle/Texas/24-008749-003/2024(H5N1)	969	3200
PB2|PP755596.1|A/cattle/Texas/24-008749-003/2024(H5N1)	970	3200
PB2|PP755596.1|A/cattle/Texas/24-008749-003/2024(H5N1)	971	3277
PB2|PP755596.1|A/cattle/Texas/24-008749-003/2024(H5N1)	972	3295
PB2|PP755596.1|A/cattle/Texas/24-008749-003/2024(H5N1)	973	3275
PB2|PP755596.1|A/cattle/Texas/24-008749-003/2024(H5N1)	974	3273
PB2|PP755596.1|A/cattle/Texas/24-008749-003/2024(H5N1)	975	3253
PB2|PP755596.1|A/cattle/Texas/24-008749-003/2024(H5N1)	976	3197
PB2|PP755596.1|A/cattle/Texas/24-008749-003/2024(H5N1)	977	3196
PB2|PP755596.1|A/cattle/Texas/24-008749-003/2024(H5N1)	978	3186
PB2|PP755596.1|A/cattle/Texas/24-008749-003/2024(H5N1)	979	3185
PB2|PP755596.1|A/cattle/Texas/24-008749-003/2024(H5N1)	980	3126
PB2|PP755596.1|A/cattle/Texas/24-008749-003/2024(H5N1)	981	3137
PB2|PP755596.1|A/cattle/Texas/24-008749-003/2024(H5N1)	982	3141
PB2|PP755596.1|A/cattle/Texas/24-008749-003/2024(H5N1)	983	3136
PB2|PP755596.1|A/cattle/Texas/24-008749-003/2024(H5N1)	984	3135
PB2|PP755596.1|A/cattle/Texas/24-008749-003/2024(H5N1)	985	3130
PB2|PP755596.1|A/cattle/Texas/24-008749-003/2024(H5N1)	986	3126
PB2|PP755596.1|A/cattle/Texas/24-008749-003/2024(H5N1)	987	3131
PB2|PP755596.1|A/cattle/Texas/24-008749-003/2024(H5N1)	988	3131
PB2|PP755596.1|A/cattle/Texas/24-008749-003/2024(H5N1)	989	2926
PB2|PP755596.1|A/cattle/Texas/24-008749-003/2024(H5N1)	990	2926
PB2|PP755596.1|A/cattle/Texas/24-008749-003/2024(H5N1)	991	2956
PB2|PP755596.1|A/cattle/Texas/24-008749-003/2024(H5N1)	992	2954
PB2|PP755596.1|A/cattle/Texas/24-008749-003/2024(H5N1)	993	2965
PB2|PP755596.1|A/cattle/Texas/24-008749-003/2024(H5N1)	994	2962
PB2|PP755596.1|A/cattle/Texas/24-008749-003/2024(H5N1)	995	2973
PB2|PP755596.1|A/cattle/Texas/24-008749-003/2024(H5N1)	996	2964
PB2|PP755596.1|A/cattle/Texas/24-008749-003/2024(H5N1)	997	2988
PB2|PP755596.1|A/cattle/Texas/24-008749-003/2024(H5N1)	998	2986
PB2|PP755596.1|A/cattle/Texas/24-008749-003/2024(H5N1)	999	2983
PB2|PP755596.1|A/cattle/Texas/24-008749-003/2024(H5N1)	1000	2865
PB2|PP755596.1|A/cattle/Texas/24-008749-003/2024(H5N1)	1001	2866
PB2|PP755596.1|A/cattle/Texas/24-008749-003/2024(H5N1)	1002	2872
PB2|PP755596.1|A/cattle/Texas/24-008749-003/2024(H5N1)	1003	2864
PB2|PP755596.1|A/cattle/Texas/24-008749-003/2024(H5N1)	1004	2862
PB2|PP755596.1|A/cattle/Texas/24-008749-003/2024(H5N1)	1005	2858
PB2|PP755596.1|A/cattle/Texas/24-008749-003/2024(H5N1)	1006	2899
PB2|PP755596.1|A/cattle/Texas/24-008749-003/2024(H5N1)	1007	2889
PB2|PP755596.1|A/cattle/Texas/24-008749-003/2024(H5N1)	1008	2898
PB2|PP755596.1|A/cattle/Texas/24-008749-003/2024(H5N1)	1009	2893
PB2|PP755596.1|A/cattle/Texas/24-008749-003/2024(H5N1)	1010	2884
PB2|PP755596.1|A/cattle/Texas/24-008749-003/2024(H5N1)	1011	2878
PB2|PP755596.1|A/cattle/Texas/24-008749-003/2024(H5N1)	1012	2900
PB2|PP755596.1|A/cattle/Texas/24-008749-003/2024(H5N1)	1013	2913
PB2|PP755596.1|A/cattle/Texas/24-008749-003/2024(H5N1)	1014	2900
PB2|PP755596.1|A/cattle/Texas/24-008749-003/2024(H5N1)	1015	2899
PB2|PP755596.1|A/cattle/Texas/24-008749-003/2024(H5N1)	1016	2915
PB2|PP755596.1|A/cattle/Texas/24-008749-003/2024(H5N1)	1017	2914
PB2|PP755596.1|A/cattle/Texas/24-008749-003/2024(H5N1)	1018	2912
PB2|PP755596.1|A/cattle/Texas/24-008749-003/2024(H5N1)	1019	2965
PB2|PP755596.1|A/cattle/Texas/24-008749-003/2024(H5N1)	1020	3003
PB2|PP755596.1|A/cattle/Texas/24-008749-003/2024(H5N1)	1021	2982
PB2|PP755596.1|A/cattle/Texas/24-008749-003/2024(H5N1)	1022	2966
PB2|PP755596.1|A/cattle/Texas/24-008749-003/2024(H5N1)	1023	2859
PB2|PP755596.1|A/cattle/Texas/24-008749-003/2024(H5N1)	1024	2873
PB2|PP755596.1|A/cattle/Texas/24-008749-003/2024(H5N1)	1025	2899
PB2|PP755596.1|A/cattle/Texas/24-008749-003/2024(H5N1)	1026	2897
PB2|PP755596.1|A/cattle/Texas/24-008749-003/2024(H5N1)	1027	2900
PB2|PP755596.1|A/cattle/Texas/24-008749-003/2024(H5N1)	1028	2846
PB2|PP755596.1|A/cattle/Texas/24-008749-003/2024(H5N1)	1029	2805
PB2|PP755596.1|A/cattle/Texas/24-008749-003/2024(H5N1)	1030	2810
PB2|PP755596.1|A/cattle/Texas/24-008749-003/2024(H5N1)	1031	2804
PB2|PP755596.1|A/cattle/Texas/24-008749-003/2024(H5N1)	1032	2839
PB2|PP755596.1|A/cattle/Texas/24-008749-003/2024(H5N1)	1033	2783
PB2|PP755596.1|A/cattle/Texas/24-008749-003/2024(H5N1)	1034	2830
PB2|PP755596.1|A/cattle/Texas/24-008749-003/2024(H5N1)	1035	2827
PB2|PP755596.1|A/cattle/Texas/24-008749-003/2024(H5N1)	1036	2828
PB2|PP755596.1|A/cattle/Texas/24-008749-003/2024(H5N1)	1037	2822
PB2|PP755596.1|A/cattle/Texas/24-008749-003/2024(H5N1)	1038	2819
PB2|PP755596.1|A/cattle/Texas/24-008749-003/2024(H5N1)	1039	2811
PB2|PP755596.1|A/cattle/Texas/24-008749-003/2024(H5N1)	1040	2812
PB2|PP755596.1|A/cattle/Texas/24-008749-003/2024(H5N1)	1041	2776
PB2|PP755596.1|A/cattle/Texas/24-008749-003/2024(H5N1)	1042	2775
PB2|PP755596.1|A/cattle/Texas/24-008749-003/2024(H5N1)	1043	2786
PB2|PP755596.1|A/cattle/Texas/24-008749-003/2024(H5N1)	1044	2879
PB2|PP755596.1|A/cattle/Texas/24-008749-003/2024(H5N1)	1045	2887
PB2|PP755596.1|A/cattle/Texas/24-008749-003/2024(H5N1)	1046	2879
PB2|PP755596.1|A/cattle/Texas/24-008749-003/2024(H5N1)	1047	2885
PB2|PP755596.1|A/cattle/Texas/24-008749-003/2024(H5N1)	1048	2926
PB2|PP755596.1|A/cattle/Texas/24-008749-003/2024(H5N1)	1049	2928
PB2|PP755596.1|A/cattle/Texas/24-008749-003/2024(H5N1)	1050	2929
PB2|PP755596.1|A/cattle/Texas/24-008749-003/2024(H5N1)	1051	2933
PB2|PP755596.1|A/cattle/Texas/24-008749-003/2024(H5N1)	1052	2934
PB2|PP755596.1|A/cattle/Texas/24-008749-003/2024(H5N1)	1053	2834
PB2|PP755596.1|A/cattle/Texas/24-008749-003/2024(H5N1)	1054	2835
PB2|PP755596.1|A/cattle/Texas/24-008749-003/2024(H5N1)	1055	2833
PB2|PP755596.1|A/cattle/Texas/24-008749-003/2024(H5N1)	1056	2840
PB2|PP755596.1|A/cattle/Texas/24-008749-003/2024(H5N1)	1057	2842
PB2|PP755596.1|A/cattle/Texas/24-008749-003/2024(H5N1)	1058	2872
PB2|PP755596.1|A/cattle/Texas/24-008749-003/2024(H5N1)	1059	2881
PB2|PP755596.1|A/cattle/Texas/24-008749-003/2024(H5N1)	1060	2886
PB2|PP755596.1|A/cattle/Texas/24-008749-003/2024(H5N1)	1061	2882
PB2|PP755596.1|A/cattle/Texas/24-008749-003/2024(H5N1)	1062	2893
PB2|PP755596.1|A/cattle/Texas/24-008749-003/2024(H5N1)	1063	2889
PB2|PP755596.1|A/cattle/Texas/24-008749-003/2024(H5N1)	1064	2905
PB2|PP755596.1|A/cattle/Texas/24-008749-003/2024(H5N1)	1065	2901
PB2|PP755596.1|A/cattle/Texas/24-008749-003/2024(H5N1)	1066	2980
PB2|PP755596.1|A/cattle/Texas/24-008749-003/2024(H5N1)	1067	2991
PB2|PP755596.1|A/cattle/Texas/24-008749-003/2024(H5N1)	1068	2989
PB2|PP755596.1|A/cattle/Texas/24-008749-003/2024(H5N1)	1069	3004
PB2|PP755596.1|A/cattle/Texas/24-008749-003/2024(H5N1)	1070	3000
PB2|PP755596.1|A/cattle/Texas/24-008749-003/2024(H5N1)	1071	2995
PB2|PP755596.1|A/cattle/Texas/24-008749-003/2024(H5N1)	1072	2996
PB2|PP755596.1|A/cattle/Texas/24-008749-003/2024(H5N1)	1073	2987
PB2|PP755596.1|A/cattle/Texas/24-008749-003/2024(H5N1)	1074	3009
PB2|PP755596.1|A/cattle/Texas/24-008749-003/2024(H5N1)	1075	3103
PB2|PP755596.1|A/cattle/Texas/24-008749-003/2024(H5N1)	1076	3120
PB2|PP755596.1|A/cattle/Texas/24-008749-003/2024(H5N1)	1077	3180
PB2|PP755596.1|A/cattle/Texas/24-008749-003/2024(H5N1)	1078	3122
PB2|PP755596.1|A/cattle/Texas/24-008749-003/2024(H5N1)	1079	3153
PB2|PP755596.1|A/cattle/Texas/24-008749-003/2024(H5N1)	1080	3153
PB2|PP755596.1|A/cattle/Texas/24-008749-003/2024(H5N1)	1081	3105
PB2|PP755596.1|A/cattle/Texas/24-008749-003/2024(H5N1)	1082	3149
PB2|PP755596.1|A/cattle/Texas/24-008749-003/2024(H5N1)	1083	3129
PB2|PP755596.1|A/cattle/Texas/24-008749-003/2024(H5N1)	1084	3142
PB2|PP755596.1|A/cattle/Texas/24-008749-003/2024(H5N1)	1085	3067
PB2|PP755596.1|A/cattle/Texas/24-008749-003/2024(H5N1)	1086	3086
PB2|PP755596.1|A/cattle/Texas/24-008749-003/2024(H5N1)	1087	3051
PB2|PP755596.1|A/cattle/Texas/24-008749-003/2024(H5N1)	1088	3160
PB2|PP755596.1|A/cattle/Texas/24-008749-003/2024(H5N1)	1089	3170
PB2|PP755596.1|A/cattle/Texas/24-008749-003/2024(H5N1)	1090	3162
PB2|PP755596.1|A/cattle/Texas/24-008749-003/2024(H5N1)	1091	3719
PB2|PP755596.1|A/cattle/Texas/24-008749-003/2024(H5N1)	1092	3719
PB2|PP755596.1|A/cattle/Texas/24-008749-003/2024(H5N1)	1093	3718
PB2|PP755596.1|A/cattle/Texas/24-008749-003/2024(H5N1)	1094	3698
PB2|PP755596.1|A/cattle/Texas/24-008749-003/2024(H5N1)	1095	3663
PB2|PP755596.1|A/cattle/Texas/24-008749-003/2024(H5N1)	1096	3671
PB2|PP755596.1|A/cattle/Texas/24-008749-003/2024(H5N1)	1097	3615
PB2|PP755596.1|A/cattle/Texas/24-008749-003/2024(H5N1)	1098	3654
PB2|PP755596.1|A/cattle/Texas/24-008749-003/2024(H5N1)	1099	3649
PB2|PP755596.1|A/cattle/Texas/24-008749-003/2024(H5N1)	1100	3226
PB2|PP755596.1|A/cattle/Texas/24-008749-003/2024(H5N1)	1101	3234
PB2|PP755596.1|A/cattle/Texas/24-008749-003/2024(H5N1)	1102	3225
PB2|PP755596.1|A/cattle/Texas/24-008749-003/2024(H5N1)	1103	3229
PB2|PP755596.1|A/cattle/Texas/24-008749-003/2024(H5N1)	1104	3163
PB2|PP755596.1|A/cattle/Texas/24-008749-003/2024(H5N1)	1105	3117
PB2|PP755596.1|A/cattle/Texas/24-008749-003/2024(H5N1)	1106	3134
PB2|PP755596.1|A/cattle/Texas/24-008749-003/2024(H5N1)	1107	3137
PB2|PP755596.1|A/cattle/Texas/24-008749-003/2024(H5N1)	1108	3145
PB2|PP755596.1|A/cattle/Texas/24-008749-003/2024(H5N1)	1109	3225
PB2|PP755596.1|A/cattle/Texas/24-008749-003/2024(H5N1)	1110	3218
PB2|PP755596.1|A/cattle/Texas/24-008749-003/2024(H5N1)	1111	3218
PB2|PP755596.1|A/cattle/Texas/24-008749-003/2024(H5N1)	1112	3257
PB2|PP755596.1|A/cattle/Texas/24-008749-003/2024(H5N1)	1113	3260
PB2|PP755596.1|A/cattle/Texas/24-008749-003/2024(H5N1)	1114	3276
PB2|PP755596.1|A/cattle/Texas/24-008749-003/2024(H5N1)	1115	3242
PB2|PP755596.1|A/cattle/Texas/24-008749-003/2024(H5N1)	1116	3265
PB2|PP755596.1|A/cattle/Texas/24-008749-003/2024(H5N1)	1117	3279
PB2|PP755596.1|A/cattle/Texas/24-008749-003/2024(H5N1)	1118	3284
PB2|PP755596.1|A/cattle/Texas/24-008749-003/2024(H5N1)	1119	3295
PB2|PP755596.1|A/cattle/Texas/24-008749-003/2024(H5N1)	1120	3221
PB2|PP755596.1|A/cattle/Texas/24-008749-003/2024(H5N1)	1121	3215
PB2|PP755596.1|A/cattle/Texas/24-008749-003/2024(H5N1)	1122	3225
PB2|PP755596.1|A/cattle/Texas/24-008749-003/2024(H5N1)	1123	3212
PB2|PP755596.1|A/cattle/Texas/24-008749-003/2024(H5N1)	1124	3216
PB2|PP755596.1|A/cattle/Texas/24-008749-003/2024(H5N1)	1125	3221
PB2|PP755596.1|A/cattle/Texas/24-008749-003/2024(H5N1)	1126	3248
PB2|PP755596.1|A/cattle/Texas/24-008749-003/2024(H5N1)	1127	3245
PB2|PP755596.1|A/cattle/Texas/24-008749-003/2024(H5N1)	1128	3240
PB2|PP755596.1|A/cattle/Texas/24-008749-003/2024(H5N1)	1129	3248
PB2|PP755596.1|A/cattle/Texas/24-008749-003/2024(H5N1)	1130	3241
PB2|PP755596.1|A/cattle/Texas/24-008749-003/2024(H5N1)	1131	3230
PB2|PP755596.1|A/cattle/Texas/24-008749-003/2024(H5N1)	1132	3305
PB2|PP755596.1|A/cattle/Texas/24-008749-003/2024(H5N1)	1133	3339
PB2|PP755596.1|A/cattle/Texas/24-008749-003/2024(H5N1)	1134	3338
PB2|PP755596.1|A/cattle/Texas/24-008749-003/2024(H5N1)	1135	3334
PB2|PP755596.1|A/cattle/Texas/24-008749-003/2024(H5N1)	1136	3334
PB2|PP755596.1|A/cattle/Texas/24-008749-003/2024(H5N1)	1137	3323
PB2|PP755596.1|A/cattle/Texas/24-008749-003/2024(H5N1)	1138	3318
PB2|PP755596.1|A/cattle/Texas/24-008749-003/2024(H5N1)	1139	3342
PB2|PP755596.1|A/cattle/Texas/24-008749-003/2024(H5N1)	1140	3398
PB2|PP755596.1|A/cattle/Texas/24-008749-003/2024(H5N1)	1141	3397
PB2|PP755596.1|A/cattle/Texas/24-008749-003/2024(H5N1)	1142	3344
PB2|PP755596.1|A/cattle/Texas/24-008749-003/2024(H5N1)	1143	3355
PB2|PP755596.1|A/cattle/Texas/24-008749-003/2024(H5N1)	1144	3392
PB2|PP755596.1|A/cattle/Texas/24-008749-003/2024(H5N1)	1145	3390
PB2|PP755596.1|A/cattle/Texas/24-008749-003/2024(H5N1)	1146	3378
PB2|PP755596.1|A/cattle/Texas/24-008749-003/2024(H5N1)	1147	3380
PB2|PP755596.1|A/cattle/Texas/24-008749-003/2024(H5N1)	1148	3377
PB2|PP755596.1|A/cattle/Texas/24-008749-003/2024(H5N1)	1149	3439
PB2|PP755596.1|A/cattle/Texas/24-008749-003/2024(H5N1)	1150	3446
PB2|PP755596.1|A/cattle/Texas/24-008749-003/2024(H5N1)	1151	3454
PB2|PP755596.1|A/cattle/Texas/24-008749-003/2024(H5N1)	1152	3478
PB2|PP755596.1|A/cattle/Texas/24-008749-003/2024(H5N1)	1153	3489
PB2|PP755596.1|A/cattle/Texas/24-008749-003/2024(H5N1)	1154	3512
PB2|PP755596.1|A/cattle/Texas/24-008749-003/2024(H5N1)	1155	3500
PB2|PP755596.1|A/cattle/Texas/24-008749-003/2024(H5N1)	1156	3506
PB2|PP755596.1|A/cattle/Texas/24-008749-003/2024(H5N1)	1157	3522
PB2|PP755596.1|A/cattle/Texas/24-008749-003/2024(H5N1)	1158	3505
PB2|PP755596.1|A/cattle/Texas/24-008749-003/2024(H5N1)	1159	3499
PB2|PP755596.1|A/cattle/Texas/24-008749-003/2024(H5N1)	1160	3546
PB2|PP755596.1|A/cattle/Texas/24-008749-003/2024(H5N1)	1161	3612
PB2|PP755596.1|A/cattle/Texas/24-008749-003/2024(H5N1)	1162	3615
PB2|PP755596.1|A/cattle/Texas/24-008749-003/2024(H5N1)	1163	3580
PB2|PP755596.1|A/cattle/Texas/24-008749-003/2024(H5N1)	1164	3574
PB2|PP755596.1|A/cattle/Texas/24-008749-003/2024(H5N1)	1165	3571
PB2|PP755596.1|A/cattle/Texas/24-008749-003/2024(H5N1)	1166	3613
PB2|PP755596.1|A/cattle/Texas/24-008749-003/2024(H5N1)	1167	3607
PB2|PP755596.1|A/cattle/Texas/24-008749-003/2024(H5N1)	1168	3617
PB2|PP755596.1|A/cattle/Texas/24-008749-003/2024(H5N1)	1169	3589
PB2|PP755596.1|A/cattle/Texas/24-008749-003/2024(H5N1)	1170	3610
PB2|PP755596.1|A/cattle/Texas/24-008749-003/2024(H5N1)	1171	3613
PB2|PP755596.1|A/cattle/Texas/24-008749-003/2024(H5N1)	1172	3598
PB2|PP755596.1|A/cattle/Texas/24-008749-003/2024(H5N1)	1173	3598
PB2|PP755596.1|A/cattle/Texas/24-008749-003/2024(H5N1)	1174	3584
PB2|PP755596.1|A/cattle/Texas/24-008749-003/2024(H5N1)	1175	3556
PB2|PP755596.1|A/cattle/Texas/24-008749-003/2024(H5N1)	1176	3630
PB2|PP755596.1|A/cattle/Texas/24-008749-003/2024(H5N1)	1177	3615
PB2|PP755596.1|A/cattle/Texas/24-008749-003/2024(H5N1)	1178	3622
PB2|PP755596.1|A/cattle/Texas/24-008749-003/2024(H5N1)	1179	3622
PB2|PP755596.1|A/cattle/Texas/24-008749-003/2024(H5N1)	1180	3626
PB2|PP755596.1|A/cattle/Texas/24-008749-003/2024(H5N1)	1181	3627
PB2|PP755596.1|A/cattle/Texas/24-008749-003/2024(H5N1)	1182	3619
PB2|PP755596.1|A/cattle/Texas/24-008749-003/2024(H5N1)	1183	3582
PB2|PP755596.1|A/cattle/Texas/24-008749-003/2024(H5N1)	1184	3593
PB2|PP755596.1|A/cattle/Texas/24-008749-003/2024(H5N1)	1185	3538
PB2|PP755596.1|A/cattle/Texas/24-008749-003/2024(H5N1)	1186	3538
PB2|PP755596.1|A/cattle/Texas/24-008749-003/2024(H5N1)	1187	3535
PB2|PP755596.1|A/cattle/Texas/24-008749-003/2024(H5N1)	1188	3552
PB2|PP755596.1|A/cattle/Texas/24-008749-003/2024(H5N1)	1189	3558
PB2|PP755596.1|A/cattle/Texas/24-008749-003/2024(H5N1)	1190	3603
PB2|PP755596.1|A/cattle/Texas/24-008749-003/2024(H5N1)	1191	3596
PB2|PP755596.1|A/cattle/Texas/24-008749-003/2024(H5N1)	1192	3595
PB2|PP755596.1|A/cattle/Texas/24-008749-003/2024(H5N1)	1193	3595
PB2|PP755596.1|A/cattle/Texas/24-008749-003/2024(H5N1)	1194	3585
PB2|PP755596.1|A/cattle/Texas/24-008749-003/2024(H5N1)	1195	3517
PB2|PP755596.1|A/cattle/Texas/24-008749-003/2024(H5N1)	1196	3510
PB2|PP755596.1|A/cattle/Texas/24-008749-003/2024(H5N1)	1197	3474
PB2|PP755596.1|A/cattle/Texas/24-008749-003/2024(H5N1)	1198	3470
PB2|PP755596.1|A/cattle/Texas/24-008749-003/2024(H5N1)	1199	3429
PB2|PP755596.1|A/cattle/Texas/24-008749-003/2024(H5N1)	1200	3434
PB2|PP755596.1|A/cattle/Texas/24-008749-003/2024(H5N1)	1201	3445
PB2|PP755596.1|A/cattle/Texas/24-008749-003/2024(H5N1)	1202	3446
PB2|PP755596.1|A/cattle/Texas/24-008749-003/2024(H5N1)	1203	3441
PB2|PP755596.1|A/cattle/Texas/24-008749-003/2024(H5N1)	1204	3439
PB2|PP755596.1|A/cattle/Texas/24-008749-003/2024(H5N1)	1205	3445
PB2|PP755596.1|A/cattle/Texas/24-008749-003/2024(H5N1)	1206	3460
PB2|PP755596.1|A/cattle/Texas/24-008749-003/2024(H5N1)	1207	3462
PB2|PP755596.1|A/cattle/Texas/24-008749-003/2024(H5N1)	1208	3482
PB2|PP755596.1|A/cattle/Texas/24-008749-003/2024(H5N1)	1209	3490
PB2|PP755596.1|A/cattle/Texas/24-008749-003/2024(H5N1)	1210	3481
PB2|PP755596.1|A/cattle/Texas/24-008749-003/2024(H5N1)	1211	3527
PB2|PP755596.1|A/cattle/Texas/24-008749-003/2024(H5N1)	1212	3523
PB2|PP755596.1|A/cattle/Texas/24-008749-003/2024(H5N1)	1213	3512
PB2|PP755596.1|A/cattle/Texas/24-008749-003/2024(H5N1)	1214	3542
PB2|PP755596.1|A/cattle/Texas/24-008749-003/2024(H5N1)	1215	3563
PB2|PP755596.1|A/cattle/Texas/24-008749-003/2024(H5N1)	1216	3603
PB2|PP755596.1|A/cattle/Texas/24-008749-003/2024(H5N1)	1217	3622
PB2|PP755596.1|A/cattle/Texas/24-008749-003/2024(H5N1)	1218	3590
PB2|PP755596.1|A/cattle/Texas/24-008749-003/2024(H5N1)	1219	3590
PB2|PP755596.1|A/cattle/Texas/24-008749-003/2024(H5N1)	1220	3508
PB2|PP755596.1|A/cattle/Texas/24-008749-003/2024(H5N1)	1221	3534
PB2|PP755596.1|A/cattle/Texas/24-008749-003/2024(H5N1)	1222	3540
PB2|PP755596.1|A/cattle/Texas/24-008749-003/2024(H5N1)	1223	3503
PB2|PP755596.1|A/cattle/Texas/24-008749-003/2024(H5N1)	1224	3361
PB2|PP755596.1|A/cattle/Texas/24-008749-003/2024(H5N1)	1225	3224
PB2|PP755596.1|A/cattle/Texas/24-008749-003/2024(H5N1)	1226	3265
PB2|PP755596.1|A/cattle/Texas/24-008749-003/2024(H5N1)	1227	3213
PB2|PP755596.1|A/cattle/Texas/24-008749-003/2024(H5N1)	1228	3225
PB2|PP755596.1|A/cattle/Texas/24-008749-003/2024(H5N1)	1229	3242
PB2|PP755596.1|A/cattle/Texas/24-008749-003/2024(H5N1)	1230	3288
PB2|PP755596.1|A/cattle/Texas/24-008749-003/2024(H5N1)	1231	3296
PB2|PP755596.1|A/cattle/Texas/24-008749-003/2024(H5N1)	1232	3299
PB2|PP755596.1|A/cattle/Texas/24-008749-003/2024(H5N1)	1233	3255
PB2|PP755596.1|A/cattle/Texas/24-008749-003/2024(H5N1)	1234	3260
PB2|PP755596.1|A/cattle/Texas/24-008749-003/2024(H5N1)	1235	3167
PB2|PP755596.1|A/cattle/Texas/24-008749-003/2024(H5N1)	1236	3163
PB2|PP755596.1|A/cattle/Texas/24-008749-003/2024(H5N1)	1237	3124
PB2|PP755596.1|A/cattle/Texas/24-008749-003/2024(H5N1)	1238	3102
PB2|PP755596.1|A/cattle/Texas/24-008749-003/2024(H5N1)	1239	2999
PB2|PP755596.1|A/cattle/Texas/24-008749-003/2024(H5N1)	1240	3049
PB2|PP755596.1|A/cattle/Texas/24-008749-003/2024(H5N1)	1241	3088
PB2|PP755596.1|A/cattle/Texas/24-008749-003/2024(H5N1)	1242	2498
PB2|PP755596.1|A/cattle/Texas/24-008749-003/2024(H5N1)	1243	2581
PB2|PP755596.1|A/cattle/Texas/24-008749-003/2024(H5N1)	1244	2579
PB2|PP755596.1|A/cattle/Texas/24-008749-003/2024(H5N1)	1245	2619
PB2|PP755596.1|A/cattle/Texas/24-008749-003/2024(H5N1)	1246	2614
PB2|PP755596.1|A/cattle/Texas/24-008749-003/2024(H5N1)	1247	2597
PB2|PP755596.1|A/cattle/Texas/24-008749-003/2024(H5N1)	1248	2600
PB2|PP755596.1|A/cattle/Texas/24-008749-003/2024(H5N1)	1249	2662
PB2|PP755596.1|A/cattle/Texas/24-008749-003/2024(H5N1)	1250	2693
PB2|PP755596.1|A/cattle/Texas/24-008749-003/2024(H5N1)	1251	2680
PB2|PP755596.1|A/cattle/Texas/24-008749-003/2024(H5N1)	1252	2668
PB2|PP755596.1|A/cattle/Texas/24-008749-003/2024(H5N1)	1253	2660
PB2|PP755596.1|A/cattle/Texas/24-008749-003/2024(H5N1)	1254	2664
PB2|PP755596.1|A/cattle/Texas/24-008749-003/2024(H5N1)	1255	2685
PB2|PP755596.1|A/cattle/Texas/24-008749-003/2024(H5N1)	1256	2686
PB2|PP755596.1|A/cattle/Texas/24-008749-003/2024(H5N1)	1257	2676
PB2|PP755596.1|A/cattle/Texas/24-008749-003/2024(H5N1)	1258	2577
PB2|PP755596.1|A/cattle/Texas/24-008749-003/2024(H5N1)	1259	2582
PB2|PP755596.1|A/cattle/Texas/24-008749-003/2024(H5N1)	1260	2623
PB2|PP755596.1|A/cattle/Texas/24-008749-003/2024(H5N1)	1261	2626
PB2|PP755596.1|A/cattle/Texas/24-008749-003/2024(H5N1)	1262	2677
PB2|PP755596.1|A/cattle/Texas/24-008749-003/2024(H5N1)	1263	2633
PB2|PP755596.1|A/cattle/Texas/24-008749-003/2024(H5N1)	1264	2645
PB2|PP755596.1|A/cattle/Texas/24-008749-003/2024(H5N1)	1265	2631
PB2|PP755596.1|A/cattle/Texas/24-008749-003/2024(H5N1)	1266	2630
PB2|PP755596.1|A/cattle/Texas/24-008749-003/2024(H5N1)	1267	2592
PB2|PP755596.1|A/cattle/Texas/24-008749-003/2024(H5N1)	1268	2621
PB2|PP755596.1|A/cattle/Texas/24-008749-003/2024(H5N1)	1269	2691
PB2|PP755596.1|A/cattle/Texas/24-008749-003/2024(H5N1)	1270	2705
PB2|PP755596.1|A/cattle/Texas/24-008749-003/2024(H5N1)	1271	2722
PB2|PP755596.1|A/cattle/Texas/24-008749-003/2024(H5N1)	1272	2713
PB2|PP755596.1|A/cattle/Texas/24-008749-003/2024(H5N1)	1273	2760
PB2|PP755596.1|A/cattle/Texas/24-008749-003/2024(H5N1)	1274	2763
PB2|PP755596.1|A/cattle/Texas/24-008749-003/2024(H5N1)	1275	2781
PB2|PP755596.1|A/cattle/Texas/24-008749-003/2024(H5N1)	1276	2778
PB2|PP755596.1|A/cattle/Texas/24-008749-003/2024(H5N1)	1277	2730
PB2|PP755596.1|A/cattle/Texas/24-008749-003/2024(H5N1)	1278	2735
PB2|PP755596.1|A/cattle/Texas/24-008749-003/2024(H5N1)	1279	2755
PB2|PP755596.1|A/cattle/Texas/24-008749-003/2024(H5N1)	1280	2755
PB2|PP755596.1|A/cattle/Texas/24-008749-003/2024(H5N1)	1281	2830
PB2|PP755596.1|A/cattle/Texas/24-008749-003/2024(H5N1)	1282	2793
PB2|PP755596.1|A/cattle/Texas/24-008749-003/2024(H5N1)	1283	2714
PB2|PP755596.1|A/cattle/Texas/24-008749-003/2024(H5N1)	1284	2726
PB2|PP755596.1|A/cattle/Texas/24-008749-003/2024(H5N1)	1285	2747
PB2|PP755596.1|A/cattle/Texas/24-008749-003/2024(H5N1)	1286	2810
PB2|PP755596.1|A/cattle/Texas/24-008749-003/2024(H5N1)	1287	2810
PB2|PP755596.1|A/cattle/Texas/24-008749-003/2024(H5N1)	1288	2980
PB2|PP755596.1|A/cattle/Texas/24-008749-003/2024(H5N1)	1289	2962
PB2|PP755596.1|A/cattle/Texas/24-008749-003/2024(H5N1)	1290	2910
PB2|PP755596.1|A/cattle/Texas/24-008749-003/2024(H5N1)	1291	2916
PB2|PP755596.1|A/cattle/Texas/24-008749-003/2024(H5N1)	1292	2913
PB2|PP755596.1|A/cattle/Texas/24-008749-003/2024(H5N1)	1293	2928
PB2|PP755596.1|A/cattle/Texas/24-008749-003/2024(H5N1)	1294	2937
PB2|PP755596.1|A/cattle/Texas/24-008749-003/2024(H5N1)	1295	2896
PB2|PP755596.1|A/cattle/Texas/24-008749-003/2024(H5N1)	1296	2905
PB2|PP755596.1|A/cattle/Texas/24-008749-003/2024(H5N1)	1297	2902
PB2|PP755596.1|A/cattle/Texas/24-008749-003/2024(H5N1)	1298	2890
PB2|PP755596.1|A/cattle/Texas/24-008749-003/2024(H5N1)	1299	2934
PB2|PP755596.1|A/cattle/Texas/24-008749-003/2024(H5N1)	1300	2874
PB2|PP755596.1|A/cattle/Texas/24-008749-003/2024(H5N1)	1301	2892
PB2|PP755596.1|A/cattle/Texas/24-008749-003/2024(H5N1)	1302	2918
PB2|PP755596.1|A/cattle/Texas/24-008749-003/2024(H5N1)	1303	2906
PB2|PP755596.1|A/cattle/Texas/24-008749-003/2024(H5N1)	1304	2935
PB2|PP755596.1|A/cattle/Texas/24-008749-003/2024(H5N1)	1305	2911
PB2|PP755596.1|A/cattle/Texas/24-008749-003/2024(H5N1)	1306	2902
PB2|PP755596.1|A/cattle/Texas/24-008749-003/2024(H5N1)	1307	2894
PB2|PP755596.1|A/cattle/Texas/24-008749-003/2024(H5N1)	1308	2830
PB2|PP755596.1|A/cattle/Texas/24-008749-003/2024(H5N1)	1309	2890
PB2|PP755596.1|A/cattle/Texas/24-008749-003/2024(H5N1)	1310	2875
PB2|PP755596.1|A/cattle/Texas/24-008749-003/2024(H5N1)	1311	2898
PB2|PP755596.1|A/cattle/Texas/24-008749-003/2024(H5N1)	1312	2895
PB2|PP755596.1|A/cattle/Texas/24-008749-003/2024(H5N1)	1313	2897
PB2|PP755596.1|A/cattle/Texas/24-008749-003/2024(H5N1)	1314	2926
PB2|PP755596.1|A/cattle/Texas/24-008749-003/2024(H5N1)	1315	2922
PB2|PP755596.1|A/cattle/Texas/24-008749-003/2024(H5N1)	1316	2923
PB2|PP755596.1|A/cattle/Texas/24-008749-003/2024(H5N1)	1317	2925
PB2|PP755596.1|A/cattle/Texas/24-008749-003/2024(H5N1)	1318	2919
PB2|PP755596.1|A/cattle/Texas/24-008749-003/2024(H5N1)	1319	2905
PB2|PP755596.1|A/cattle/Texas/24-008749-003/2024(H5N1)	1320	2916
PB2|PP755596.1|A/cattle/Texas/24-008749-003/2024(H5N1)	1321	2864
PB2|PP755596.1|A/cattle/Texas/24-008749-003/2024(H5N1)	1322	3381
PB2|PP755596.1|A/cattle/Texas/24-008749-003/2024(H5N1)	1323	3381
PB2|PP755596.1|A/cattle/Texas/24-008749-003/2024(H5N1)	1324	3379
PB2|PP755596.1|A/cattle/Texas/24-008749-003/2024(H5N1)	1325	3443
PB2|PP755596.1|A/cattle/Texas/24-008749-003/2024(H5N1)	1326	3446
PB2|PP755596.1|A/cattle/Texas/24-008749-003/2024(H5N1)	1327	3446
PB2|PP755596.1|A/cattle/Texas/24-008749-003/2024(H5N1)	1328	3442
PB2|PP755596.1|A/cattle/Texas/24-008749-003/2024(H5N1)	1329	3432
PB2|PP755596.1|A/cattle/Texas/24-008749-003/2024(H5N1)	1330	3434
PB2|PP755596.1|A/cattle/Texas/24-008749-003/2024(H5N1)	1331	3419
PB2|PP755596.1|A/cattle/Texas/24-008749-003/2024(H5N1)	1332	3415
PB2|PP755596.1|A/cattle/Texas/24-008749-003/2024(H5N1)	1333	3429
PB2|PP755596.1|A/cattle/Texas/24-008749-003/2024(H5N1)	1334	3425
PB2|PP755596.1|A/cattle/Texas/24-008749-003/2024(H5N1)	1335	3426
PB2|PP755596.1|A/cattle/Texas/24-008749-003/2024(H5N1)	1336	3526
PB2|PP755596.1|A/cattle/Texas/24-008749-003/2024(H5N1)	1337	3530
PB2|PP755596.1|A/cattle/Texas/24-008749-003/2024(H5N1)	1338	3514
PB2|PP755596.1|A/cattle/Texas/24-008749-003/2024(H5N1)	1339	3510
PB2|PP755596.1|A/cattle/Texas/24-008749-003/2024(H5N1)	1340	3510
PB2|PP755596.1|A/cattle/Texas/24-008749-003/2024(H5N1)	1341	3497
PB2|PP755596.1|A/cattle/Texas/24-008749-003/2024(H5N1)	1342	3505
PB2|PP755596.1|A/cattle/Texas/24-008749-003/2024(H5N1)	1343	3549
PB2|PP755596.1|A/cattle/Texas/24-008749-003/2024(H5N1)	1344	3544
PB2|PP755596.1|A/cattle/Texas/24-008749-003/2024(H5N1)	1345	3540
PB2|PP755596.1|A/cattle/Texas/24-008749-003/2024(H5N1)	1346	3527
PB2|PP755596.1|A/cattle/Texas/24-008749-003/2024(H5N1)	1347	3525
PB2|PP755596.1|A/cattle/Texas/24-008749-003/2024(H5N1)	1348	3526
PB2|PP755596.1|A/cattle/Texas/24-008749-003/2024(H5N1)	1349	3547
PB2|PP755596.1|A/cattle/Texas/24-008749-003/2024(H5N1)	1350	3540
PB2|PP755596.1|A/cattle/Texas/24-008749-003/2024(H5N1)	1351	3546
PB2|PP755596.1|A/cattle/Texas/24-008749-003/2024(H5N1)	1352	3534
PB2|PP755596.1|A/cattle/Texas/24-008749-003/2024(H5N1)	1353	3527
PB2|PP755596.1|A/cattle/Texas/24-008749-003/2024(H5N1)	1354	3527
PB2|PP755596.1|A/cattle/Texas/24-008749-003/2024(H5N1)	1355	3502
PB2|PP755596.1|A/cattle/Texas/24-008749-003/2024(H5N1)	1356	3504
PB2|PP755596.1|A/cattle/Texas/24-008749-003/2024(H5N1)	1357	3507
PB2|PP755596.1|A/cattle/Texas/24-008749-003/2024(H5N1)	1358	3505
PB2|PP755596.1|A/cattle/Texas/24-008749-003/2024(H5N1)	1359	3502
PB2|PP755596.1|A/cattle/Texas/24-008749-003/2024(H5N1)	1360	3480
PB2|PP755596.1|A/cattle/Texas/24-008749-003/2024(H5N1)	1361	3494
PB2|PP755596.1|A/cattle/Texas/24-008749-003/2024(H5N1)	1362	3444
PB2|PP755596.1|A/cattle/Texas/24-008749-003/2024(H5N1)	1363	3448
PB2|PP755596.1|A/cattle/Texas/24-008749-003/2024(H5N1)	1364	3450
PB2|PP755596.1|A/cattle/Texas/24-008749-003/2024(H5N1)	1365	3395
PB2|PP755596.1|A/cattle/Texas/24-008749-003/2024(H5N1)	1366	3360
PB2|PP755596.1|A/cattle/Texas/24-008749-003/2024(H5N1)	1367	3262
PB2|PP755596.1|A/cattle/Texas/24-008749-003/2024(H5N1)	1368	3278
PB2|PP755596.1|A/cattle/Texas/24-008749-003/2024(H5N1)	1369	3286
PB2|PP755596.1|A/cattle/Texas/24-008749-003/2024(H5N1)	1370	3283
PB2|PP755596.1|A/cattle/Texas/24-008749-003/2024(H5N1)	1371	3294
PB2|PP755596.1|A/cattle/Texas/24-008749-003/2024(H5N1)	1372	3260
PB2|PP755596.1|A/cattle/Texas/24-008749-003/2024(H5N1)	1373	3258
PB2|PP755596.1|A/cattle/Texas/24-008749-003/2024(H5N1)	1374	3252
PB2|PP755596.1|A/cattle/Texas/24-008749-003/2024(H5N1)	1375	3217
PB2|PP755596.1|A/cattle/Texas/24-008749-003/2024(H5N1)	1376	3221
PB2|PP755596.1|A/cattle/Texas/24-008749-003/2024(H5N1)	1377	3179
PB2|PP755596.1|A/cattle/Texas/24-008749-003/2024(H5N1)	1378	3172
PB2|PP755596.1|A/cattle/Texas/24-008749-003/2024(H5N1)	1379	3168
PB2|PP755596.1|A/cattle/Texas/24-008749-003/2024(H5N1)	1380	3168
PB2|PP755596.1|A/cattle/Texas/24-008749-003/2024(H5N1)	1381	3094
PB2|PP755596.1|A/cattle/Texas/24-008749-003/2024(H5N1)	1382	3101
PB2|PP755596.1|A/cattle/Texas/24-008749-003/2024(H5N1)	1383	3093
PB2|PP755596.1|A/cattle/Texas/24-008749-003/2024(H5N1)	1384	3088
PB2|PP755596.1|A/cattle/Texas/24-008749-003/2024(H5N1)	1385	3195
PB2|PP755596.1|A/cattle/Texas/24-008749-003/2024(H5N1)	1386	3191
PB2|PP755596.1|A/cattle/Texas/24-008749-003/2024(H5N1)	1387	3291
PB2|PP755596.1|A/cattle/Texas/24-008749-003/2024(H5N1)	1388	3290
PB2|PP755596.1|A/cattle/Texas/24-008749-003/2024(H5N1)	1389	3398
PB2|PP755596.1|A/cattle/Texas/24-008749-003/2024(H5N1)	1390	3395
PB2|PP755596.1|A/cattle/Texas/24-008749-003/2024(H5N1)	1391	3356
PB2|PP755596.1|A/cattle/Texas/24-008749-003/2024(H5N1)	1392	3372
PB2|PP755596.1|A/cattle/Texas/24-008749-003/2024(H5N1)	1393	3377
PB2|PP755596.1|A/cattle/Texas/24-008749-003/2024(H5N1)	1394	3296
PB2|PP755596.1|A/cattle/Texas/24-008749-003/2024(H5N1)	1395	3261
PB2|PP755596.1|A/cattle/Texas/24-008749-003/2024(H5N1)	1396	3264
PB2|PP755596.1|A/cattle/Texas/24-008749-003/2024(H5N1)	1397	3281
PB2|PP755596.1|A/cattle/Texas/24-008749-003/2024(H5N1)	1398	3271
PB2|PP755596.1|A/cattle/Texas/24-008749-003/2024(H5N1)	1399	3258
PB2|PP755596.1|A/cattle/Texas/24-008749-003/2024(H5N1)	1400	3129
PB2|PP755596.1|A/cattle/Texas/24-008749-003/2024(H5N1)	1401	3124
PB2|PP755596.1|A/cattle/Texas/24-008749-003/2024(H5N1)	1402	3159
PB2|PP755596.1|A/cattle/Texas/24-008749-003/2024(H5N1)	1403	3159
PB2|PP755596.1|A/cattle/Texas/24-008749-003/2024(H5N1)	1404	3178
PB2|PP755596.1|A/cattle/Texas/24-008749-003/2024(H5N1)	1405	3178
PB2|PP755596.1|A/cattle/Texas/24-008749-003/2024(H5N1)	1406	3163
PB2|PP755596.1|A/cattle/Texas/24-008749-003/2024(H5N1)	1407	3166
PB2|PP755596.1|A/cattle/Texas/24-008749-003/2024(H5N1)	1408	3155
PB2|PP755596.1|A/cattle/Texas/24-008749-003/2024(H5N1)	1409	3239
PB2|PP755596.1|A/cattle/Texas/24-008749-003/2024(H5N1)	1410	3233
PB2|PP755596.1|A/cattle/Texas/24-008749-003/2024(H5N1)	1411	3202
PB2|PP755596.1|A/cattle/Texas/24-008749-003/2024(H5N1)	1412	3192
PB2|PP755596.1|A/cattle/Texas/24-008749-003/2024(H5N1)	1413	3148
PB2|PP755596.1|A/cattle/Texas/24-008749-003/2024(H5N1)	1414	3148
PB2|PP755596.1|A/cattle/Texas/24-008749-003/2024(H5N1)	1415	3155
PB2|PP755596.1|A/cattle/Texas/24-008749-003/2024(H5N1)	1416	3162
PB2|PP755596.1|A/cattle/Texas/24-008749-003/2024(H5N1)	1417	3187
PB2|PP755596.1|A/cattle/Texas/24-008749-003/2024(H5N1)	1418	3114
PB2|PP755596.1|A/cattle/Texas/24-008749-003/2024(H5N1)	1419	3080
PB2|PP755596.1|A/cattle/Texas/24-008749-003/2024(H5N1)	1420	3101
PB2|PP755596.1|A/cattle/Texas/24-008749-003/2024(H5N1)	1421	3120
PB2|PP755596.1|A/cattle/Texas/24-008749-003/2024(H5N1)	1422	3109
PB2|PP755596.1|A/cattle/Texas/24-008749-003/2024(H5N1)	1423	3105
PB2|PP755596.1|A/cattle/Texas/24-008749-003/2024(H5N1)	1424	3054
PB2|PP755596.1|A/cattle/Texas/24-008749-003/2024(H5N1)	1425	3062
PB2|PP755596.1|A/cattle/Texas/24-008749-003/2024(H5N1)	1426	3040
PB2|PP755596.1|A/cattle/Texas/24-008749-003/2024(H5N1)	1427	3059
PB2|PP755596.1|A/cattle/Texas/24-008749-003/2024(H5N1)	1428	3111
PB2|PP755596.1|A/cattle/Texas/24-008749-003/2024(H5N1)	1429	3084
PB2|PP755596.1|A/cattle/Texas/24-008749-003/2024(H5N1)	1430	3247
PB2|PP755596.1|A/cattle/Texas/24-008749-003/2024(H5N1)	1431	3248
PB2|PP755596.1|A/cattle/Texas/24-008749-003/2024(H5N1)	1432	3185
PB2|PP755596.1|A/cattle/Texas/24-008749-003/2024(H5N1)	1433	3185
PB2|PP755596.1|A/cattle/Texas/24-008749-003/2024(H5N1)	1434	3180
PB2|PP755596.1|A/cattle/Texas/24-008749-003/2024(H5N1)	1435	3167
PB2|PP755596.1|A/cattle/Texas/24-008749-003/2024(H5N1)	1436	3154
PB2|PP755596.1|A/cattle/Texas/24-008749-003/2024(H5N1)	1437	3094
PB2|PP755596.1|A/cattle/Texas/24-008749-003/2024(H5N1)	1438	3116
PB2|PP755596.1|A/cattle/Texas/24-008749-003/2024(H5N1)	1439	2940
PB2|PP755596.1|A/cattle/Texas/24-008749-003/2024(H5N1)	1440	2937
PB2|PP755596.1|A/cattle/Texas/24-008749-003/2024(H5N1)	1441	2931
PB2|PP755596.1|A/cattle/Texas/24-008749-003/2024(H5N1)	1442	2934
PB2|PP755596.1|A/cattle/Texas/24-008749-003/2024(H5N1)	1443	2950
PB2|PP755596.1|A/cattle/Texas/24-008749-003/2024(H5N1)	1444	2942
PB2|PP755596.1|A/cattle/Texas/24-008749-003/2024(H5N1)	1445	2930
PB2|PP755596.1|A/cattle/Texas/24-008749-003/2024(H5N1)	1446	2955
PB2|PP755596.1|A/cattle/Texas/24-008749-003/2024(H5N1)	1447	2975
PB2|PP755596.1|A/cattle/Texas/24-008749-003/2024(H5N1)	1448	2976
PB2|PP755596.1|A/cattle/Texas/24-008749-003/2024(H5N1)	1449	2957
PB2|PP755596.1|A/cattle/Texas/24-008749-003/2024(H5N1)	1450	2900
PB2|PP755596.1|A/cattle/Texas/24-008749-003/2024(H5N1)	1451	2962
PB2|PP755596.1|A/cattle/Texas/24-008749-003/2024(H5N1)	1452	2945
PB2|PP755596.1|A/cattle/Texas/24-008749-003/2024(H5N1)	1453	2905
PB2|PP755596.1|A/cattle/Texas/24-008749-003/2024(H5N1)	1454	2908
PB2|PP755596.1|A/cattle/Texas/24-008749-003/2024(H5N1)	1455	2879
PB2|PP755596.1|A/cattle/Texas/24-008749-003/2024(H5N1)	1456	2916
PB2|PP755596.1|A/cattle/Texas/24-008749-003/2024(H5N1)	1457	2922
PB2|PP755596.1|A/cattle/Texas/24-008749-003/2024(H5N1)	1458	2943
PB2|PP755596.1|A/cattle/Texas/24-008749-003/2024(H5N1)	1459	2969
PB2|PP755596.1|A/cattle/Texas/24-008749-003/2024(H5N1)	1460	2896
PB2|PP755596.1|A/cattle/Texas/24-008749-003/2024(H5N1)	1461	2942
PB2|PP755596.1|A/cattle/Texas/24-008749-003/2024(H5N1)	1462	2855
PB2|PP755596.1|A/cattle/Texas/24-008749-003/2024(H5N1)	1463	2842
PB2|PP755596.1|A/cattle/Texas/24-008749-003/2024(H5N1)	1464	3398
PB2|PP755596.1|A/cattle/Texas/24-008749-003/2024(H5N1)	1465	3373
PB2|PP755596.1|A/cattle/Texas/24-008749-003/2024(H5N1)	1466	3432
PB2|PP755596.1|A/cattle/Texas/24-008749-003/2024(H5N1)	1467	3430
PB2|PP755596.1|A/cattle/Texas/24-008749-003/2024(H5N1)	1468	3408
PB2|PP755596.1|A/cattle/Texas/24-008749-003/2024(H5N1)	1469	3494
PB2|PP755596.1|A/cattle/Texas/24-008749-003/2024(H5N1)	1470	3465
PB2|PP755596.1|A/cattle/Texas/24-008749-003/2024(H5N1)	1471	3455
PB2|PP755596.1|A/cattle/Texas/24-008749-003/2024(H5N1)	1472	3443
PB2|PP755596.1|A/cattle/Texas/24-008749-003/2024(H5N1)	1473	2900
PB2|PP755596.1|A/cattle/Texas/24-008749-003/2024(H5N1)	1474	2922
PB2|PP755596.1|A/cattle/Texas/24-008749-003/2024(H5N1)	1475	2886
PB2|PP755596.1|A/cattle/Texas/24-008749-003/2024(H5N1)	1476	2884
PB2|PP755596.1|A/cattle/Texas/24-008749-003/2024(H5N1)	1477	2915
PB2|PP755596.1|A/cattle/Texas/24-008749-003/2024(H5N1)	1478	2938
PB2|PP755596.1|A/cattle/Texas/24-008749-003/2024(H5N1)	1479	2951
PB2|PP755596.1|A/cattle/Texas/24-008749-003/2024(H5N1)	1480	2963
PB2|PP755596.1|A/cattle/Texas/24-008749-003/2024(H5N1)	1481	3040
PB2|PP755596.1|A/cattle/Texas/24-008749-003/2024(H5N1)	1482	3043
PB2|PP755596.1|A/cattle/Texas/24-008749-003/2024(H5N1)	1483	3047
PB2|PP755596.1|A/cattle/Texas/24-008749-003/2024(H5N1)	1484	3054
PB2|PP755596.1|A/cattle/Texas/24-008749-003/2024(H5N1)	1485	3083
PB2|PP755596.1|A/cattle/Texas/24-008749-003/2024(H5N1)	1486	3085
PB2|PP755596.1|A/cattle/Texas/24-008749-003/2024(H5N1)	1487	3028
PB2|PP755596.1|A/cattle/Texas/24-008749-003/2024(H5N1)	1488	3023
PB2|PP755596.1|A/cattle/Texas/24-008749-003/2024(H5N1)	1489	3022
PB2|PP755596.1|A/cattle/Texas/24-008749-003/2024(H5N1)	1490	3036
PB2|PP755596.1|A/cattle/Texas/24-008749-003/2024(H5N1)	1491	3127
PB2|PP755596.1|A/cattle/Texas/24-008749-003/2024(H5N1)	1492	3103
PB2|PP755596.1|A/cattle/Texas/24-008749-003/2024(H5N1)	1493	3095
PB2|PP755596.1|A/cattle/Texas/24-008749-003/2024(H5N1)	1494	3051
PB2|PP755596.1|A/cattle/Texas/24-008749-003/2024(H5N1)	1495	3051
PB2|PP755596.1|A/cattle/Texas/24-008749-003/2024(H5N1)	1496	3196
PB2|PP755596.1|A/cattle/Texas/24-008749-003/2024(H5N1)	1497	3197
PB2|PP755596.1|A/cattle/Texas/24-008749-003/2024(H5N1)	1498	3196
PB2|PP755596.1|A/cattle/Texas/24-008749-003/2024(H5N1)	1499	3192
PB2|PP755596.1|A/cattle/Texas/24-008749-003/2024(H5N1)	1500	3204
PB2|PP755596.1|A/cattle/Texas/24-008749-003/2024(H5N1)	1501	3308
PB2|PP755596.1|A/cattle/Texas/24-008749-003/2024(H5N1)	1502	3298
PB2|PP755596.1|A/cattle/Texas/24-008749-003/2024(H5N1)	1503	3316
PB2|PP755596.1|A/cattle/Texas/24-008749-003/2024(H5N1)	1504	3317
PB2|PP755596.1|A/cattle/Texas/24-008749-003/2024(H5N1)	1505	3317
PB2|PP755596.1|A/cattle/Texas/24-008749-003/2024(H5N1)	1506	3319
PB2|PP755596.1|A/cattle/Texas/24-008749-003/2024(H5N1)	1507	3310
PB2|PP755596.1|A/cattle/Texas/24-008749-003/2024(H5N1)	1508	3289
PB2|PP755596.1|A/cattle/Texas/24-008749-003/2024(H5N1)	1509	3266
PB2|PP755596.1|A/cattle/Texas/24-008749-003/2024(H5N1)	1510	3268
PB2|PP755596.1|A/cattle/Texas/24-008749-003/2024(H5N1)	1511	3279
PB2|PP755596.1|A/cattle/Texas/24-008749-003/2024(H5N1)	1512	3285
PB2|PP755596.1|A/cattle/Texas/24-008749-003/2024(H5N1)	1513	3279
PB2|PP755596.1|A/cattle/Texas/24-008749-003/2024(H5N1)	1514	3279
PB2|PP755596.1|A/cattle/Texas/24-008749-003/2024(H5N1)	1515	3284
PB2|PP755596.1|A/cattle/Texas/24-008749-003/2024(H5N1)	1516	3282
PB2|PP755596.1|A/cattle/Texas/24-008749-003/2024(H5N1)	1517	3282
PB2|PP755596.1|A/cattle/Texas/24-008749-003/2024(H5N1)	1518	3286
PB2|PP755596.1|A/cattle/Texas/24-008749-003/2024(H5N1)	1519	3255
PB2|PP755596.1|A/cattle/Texas/24-008749-003/2024(H5N1)	1520	3251
PB2|PP755596.1|A/cattle/Texas/24-008749-003/2024(H5N1)	1521	3255
PB2|PP755596.1|A/cattle/Texas/24-008749-003/2024(H5N1)	1522	3247
PB2|PP755596.1|A/cattle/Texas/24-008749-003/2024(H5N1)	1523	3247
PB2|PP755596.1|A/cattle/Texas/24-008749-003/2024(H5N1)	1524	3260
PB2|PP755596.1|A/cattle/Texas/24-008749-003/2024(H5N1)	1525	3255
PB2|PP755596.1|A/cattle/Texas/24-008749-003/2024(H5N1)	1526	3248
PB2|PP755596.1|A/cattle/Texas/24-008749-003/2024(H5N1)	1527	3269
PB2|PP755596.1|A/cattle/Texas/24-008749-003/2024(H5N1)	1528	3261
PB2|PP755596.1|A/cattle/Texas/24-008749-003/2024(H5N1)	1529	3379
PB2|PP755596.1|A/cattle/Texas/24-008749-003/2024(H5N1)	1530	3347
PB2|PP755596.1|A/cattle/Texas/24-008749-003/2024(H5N1)	1531	3491
PB2|PP755596.1|A/cattle/Texas/24-008749-003/2024(H5N1)	1532	3493
PB2|PP755596.1|A/cattle/Texas/24-008749-003/2024(H5N1)	1533	3481
PB2|PP755596.1|A/cattle/Texas/24-008749-003/2024(H5N1)	1534	3397
PB2|PP755596.1|A/cattle/Texas/24-008749-003/2024(H5N1)	1535	3391
PB2|PP755596.1|A/cattle/Texas/24-008749-003/2024(H5N1)	1536	3435
PB2|PP755596.1|A/cattle/Texas/24-008749-003/2024(H5N1)	1537	3422
PB2|PP755596.1|A/cattle/Texas/24-008749-003/2024(H5N1)	1538	3309
PB2|PP755596.1|A/cattle/Texas/24-008749-003/2024(H5N1)	1539	3309
PB2|PP755596.1|A/cattle/Texas/24-008749-003/2024(H5N1)	1540	3145
PB2|PP755596.1|A/cattle/Texas/24-008749-003/2024(H5N1)	1541	3153
PB2|PP755596.1|A/cattle/Texas/24-008749-003/2024(H5N1)	1542	3157
PB2|PP755596.1|A/cattle/Texas/24-008749-003/2024(H5N1)	1543	3144
PB2|PP755596.1|A/cattle/Texas/24-008749-003/2024(H5N1)	1544	3145
PB2|PP755596.1|A/cattle/Texas/24-008749-003/2024(H5N1)	1545	3123
PB2|PP755596.1|A/cattle/Texas/24-008749-003/2024(H5N1)	1546	3125
PB2|PP755596.1|A/cattle/Texas/24-008749-003/2024(H5N1)	1547	3120
PB2|PP755596.1|A/cattle/Texas/24-008749-003/2024(H5N1)	1548	3106
PB2|PP755596.1|A/cattle/Texas/24-008749-003/2024(H5N1)	1549	3115
PB2|PP755596.1|A/cattle/Texas/24-008749-003/2024(H5N1)	1550	3168
PB2|PP755596.1|A/cattle/Texas/24-008749-003/2024(H5N1)	1551	3173
PB2|PP755596.1|A/cattle/Texas/24-008749-003/2024(H5N1)	1552	3171
PB2|PP755596.1|A/cattle/Texas/24-008749-003/2024(H5N1)	1553	3171
PB2|PP755596.1|A/cattle/Texas/24-008749-003/2024(H5N1)	1554	3155
PB2|PP755596.1|A/cattle/Texas/24-008749-003/2024(H5N1)	1555	3144
PB2|PP755596.1|A/cattle/Texas/24-008749-003/2024(H5N1)	1556	3150
PB2|PP755596.1|A/cattle/Texas/24-008749-003/2024(H5N1)	1557	3164
PB2|PP755596.1|A/cattle/Texas/24-008749-003/2024(H5N1)	1558	3162
PB2|PP755596.1|A/cattle/Texas/24-008749-003/2024(H5N1)	1559	3188
PB2|PP755596.1|A/cattle/Texas/24-008749-003/2024(H5N1)	1560	3106
PB2|PP755596.1|A/cattle/Texas/24-008749-003/2024(H5N1)	1561	3188
PB2|PP755596.1|A/cattle/Texas/24-008749-003/2024(H5N1)	1562	3197
PB2|PP755596.1|A/cattle/Texas/24-008749-003/2024(H5N1)	1563	3200
PB2|PP755596.1|A/cattle/Texas/24-008749-003/2024(H5N1)	1564	3207
PB2|PP755596.1|A/cattle/Texas/24-008749-003/2024(H5N1)	1565	3191
PB2|PP755596.1|A/cattle/Texas/24-008749-003/2024(H5N1)	1566	3188
PB2|PP755596.1|A/cattle/Texas/24-008749-003/2024(H5N1)	1567	3183
PB2|PP755596.1|A/cattle/Texas/24-008749-003/2024(H5N1)	1568	3242
PB2|PP755596.1|A/cattle/Texas/24-008749-003/2024(H5N1)	1569	3273
PB2|PP755596.1|A/cattle/Texas/24-008749-003/2024(H5N1)	1570	3250
PB2|PP755596.1|A/cattle/Texas/24-008749-003/2024(H5N1)	1571	3219
PB2|PP755596.1|A/cattle/Texas/24-008749-003/2024(H5N1)	1572	3198
PB2|PP755596.1|A/cattle/Texas/24-008749-003/2024(H5N1)	1573	3213
PB2|PP755596.1|A/cattle/Texas/24-008749-003/2024(H5N1)	1574	3239
PB2|PP755596.1|A/cattle/Texas/24-008749-003/2024(H5N1)	1575	3252
PB2|PP755596.1|A/cattle/Texas/24-008749-003/2024(H5N1)	1576	3266
PB2|PP755596.1|A/cattle/Texas/24-008749-003/2024(H5N1)	1577	3208
PB2|PP755596.1|A/cattle/Texas/24-008749-003/2024(H5N1)	1578	3187
PB2|PP755596.1|A/cattle/Texas/24-008749-003/2024(H5N1)	1579	3177
PB2|PP755596.1|A/cattle/Texas/24-008749-003/2024(H5N1)	1580	3183
PB2|PP755596.1|A/cattle/Texas/24-008749-003/2024(H5N1)	1581	3032
PB2|PP755596.1|A/cattle/Texas/24-008749-003/2024(H5N1)	1582	3031
PB2|PP755596.1|A/cattle/Texas/24-008749-003/2024(H5N1)	1583	3034
PB2|PP755596.1|A/cattle/Texas/24-008749-003/2024(H5N1)	1584	3025
PB2|PP755596.1|A/cattle/Texas/24-008749-003/2024(H5N1)	1585	3030
PB2|PP755596.1|A/cattle/Texas/24-008749-003/2024(H5N1)	1586	3064
PB2|PP755596.1|A/cattle/Texas/24-008749-003/2024(H5N1)	1587	3085
PB2|PP755596.1|A/cattle/Texas/24-008749-003/2024(H5N1)	1588	3089
PB2|PP755596.1|A/cattle/Texas/24-008749-003/2024(H5N1)	1589	3100
PB2|PP755596.1|A/cattle/Texas/24-008749-003/2024(H5N1)	1590	3095
PB2|PP755596.1|A/cattle/Texas/24-008749-003/2024(H5N1)	1591	3123
PB2|PP755596.1|A/cattle/Texas/24-008749-003/2024(H5N1)	1592	3120
PB2|PP755596.1|A/cattle/Texas/24-008749-003/2024(H5N1)	1593	3122
PB2|PP755596.1|A/cattle/Texas/24-008749-003/2024(H5N1)	1594	3112
PB2|PP755596.1|A/cattle/Texas/24-008749-003/2024(H5N1)	1595	3179
PB2|PP755596.1|A/cattle/Texas/24-008749-003/2024(H5N1)	1596	3163
PB2|PP755596.1|A/cattle/Texas/24-008749-003/2024(H5N1)	1597	3154
PB2|PP755596.1|A/cattle/Texas/24-008749-003/2024(H5N1)	1598	3151
PB2|PP755596.1|A/cattle/Texas/24-008749-003/2024(H5N1)	1599	3152
PB2|PP755596.1|A/cattle/Texas/24-008749-003/2024(H5N1)	1600	3200
PB2|PP755596.1|A/cattle/Texas/24-008749-003/2024(H5N1)	1601	3133
PB2|PP755596.1|A/cattle/Texas/24-008749-003/2024(H5N1)	1602	3141
PB2|PP755596.1|A/cattle/Texas/24-008749-003/2024(H5N1)	1603	3160
PB2|PP755596.1|A/cattle/Texas/24-008749-003/2024(H5N1)	1604	3162
PB2|PP755596.1|A/cattle/Texas/24-008749-003/2024(H5N1)	1605	3161
PB2|PP755596.1|A/cattle/Texas/24-008749-003/2024(H5N1)	1606	3171
PB2|PP755596.1|A/cattle/Texas/24-008749-003/2024(H5N1)	1607	3138
PB2|PP755596.1|A/cattle/Texas/24-008749-003/2024(H5N1)	1608	3143
PB2|PP755596.1|A/cattle/Texas/24-008749-003/2024(H5N1)	1609	3120
PB2|PP755596.1|A/cattle/Texas/24-008749-003/2024(H5N1)	1610	3090
PB2|PP755596.1|A/cattle/Texas/24-008749-003/2024(H5N1)	1611	3223
PB2|PP755596.1|A/cattle/Texas/24-008749-003/2024(H5N1)	1612	3174
PB2|PP755596.1|A/cattle/Texas/24-008749-003/2024(H5N1)	1613	3146
PB2|PP755596.1|A/cattle/Texas/24-008749-003/2024(H5N1)	1614	3174
PB2|PP755596.1|A/cattle/Texas/24-008749-003/2024(H5N1)	1615	2659
PB2|PP755596.1|A/cattle/Texas/24-008749-003/2024(H5N1)	1616	2657
PB2|PP755596.1|A/cattle/Texas/24-008749-003/2024(H5N1)	1617	2611
PB2|PP755596.1|A/cattle/Texas/24-008749-003/2024(H5N1)	1618	2608
PB2|PP755596.1|A/cattle/Texas/24-008749-003/2024(H5N1)	1619	2617
PB2|PP755596.1|A/cattle/Texas/24-008749-003/2024(H5N1)	1620	2555
PB2|PP755596.1|A/cattle/Texas/24-008749-003/2024(H5N1)	1621	2567
PB2|PP755596.1|A/cattle/Texas/24-008749-003/2024(H5N1)	1622	2675
PB2|PP755596.1|A/cattle/Texas/24-008749-003/2024(H5N1)	1623	2650
PB2|PP755596.1|A/cattle/Texas/24-008749-003/2024(H5N1)	1624	2643
PB2|PP755596.1|A/cattle/Texas/24-008749-003/2024(H5N1)	1625	2636
PB2|PP755596.1|A/cattle/Texas/24-008749-003/2024(H5N1)	1626	2882
PB2|PP755596.1|A/cattle/Texas/24-008749-003/2024(H5N1)	1627	2920
PB2|PP755596.1|A/cattle/Texas/24-008749-003/2024(H5N1)	1628	2935
PB2|PP755596.1|A/cattle/Texas/24-008749-003/2024(H5N1)	1629	2849
PB2|PP755596.1|A/cattle/Texas/24-008749-003/2024(H5N1)	1630	2860
PB2|PP755596.1|A/cattle/Texas/24-008749-003/2024(H5N1)	1631	2831
PB2|PP755596.1|A/cattle/Texas/24-008749-003/2024(H5N1)	1632	2832
PB2|PP755596.1|A/cattle/Texas/24-008749-003/2024(H5N1)	1633	2956
PB2|PP755596.1|A/cattle/Texas/24-008749-003/2024(H5N1)	1634	2945
PB2|PP755596.1|A/cattle/Texas/24-008749-003/2024(H5N1)	1635	2940
PB2|PP755596.1|A/cattle/Texas/24-008749-003/2024(H5N1)	1636	2873
PB2|PP755596.1|A/cattle/Texas/24-008749-003/2024(H5N1)	1637	2851
PB2|PP755596.1|A/cattle/Texas/24-008749-003/2024(H5N1)	1638	3032
PB2|PP755596.1|A/cattle/Texas/24-008749-003/2024(H5N1)	1639	3057
PB2|PP755596.1|A/cattle/Texas/24-008749-003/2024(H5N1)	1640	3061
PB2|PP755596.1|A/cattle/Texas/24-008749-003/2024(H5N1)	1641	3046
PB2|PP755596.1|A/cattle/Texas/24-008749-003/2024(H5N1)	1642	2953
PB2|PP755596.1|A/cattle/Texas/24-008749-003/2024(H5N1)	1643	3113
PB2|PP755596.1|A/cattle/Texas/24-008749-003/2024(H5N1)	1644	3114
PB2|PP755596.1|A/cattle/Texas/24-008749-003/2024(H5N1)	1645	3137
PB2|PP755596.1|A/cattle/Texas/24-008749-003/2024(H5N1)	1646	3142
PB2|PP755596.1|A/cattle/Texas/24-008749-003/2024(H5N1)	1647	2981
PB2|PP755596.1|A/cattle/Texas/24-008749-003/2024(H5N1)	1648	2994
PB2|PP755596.1|A/cattle/Texas/24-008749-003/2024(H5N1)	1649	2995
PB2|PP755596.1|A/cattle/Texas/24-008749-003/2024(H5N1)	1650	2993
PB2|PP755596.1|A/cattle/Texas/24-008749-003/2024(H5N1)	1651	2971
PB2|PP755596.1|A/cattle/Texas/24-008749-003/2024(H5N1)	1652	2862
PB2|PP755596.1|A/cattle/Texas/24-008749-003/2024(H5N1)	1653	2874
PB2|PP755596.1|A/cattle/Texas/24-008749-003/2024(H5N1)	1654	2929
PB2|PP755596.1|A/cattle/Texas/24-008749-003/2024(H5N1)	1655	2929
PB2|PP755596.1|A/cattle/Texas/24-008749-003/2024(H5N1)	1656	2940
PB2|PP755596.1|A/cattle/Texas/24-008749-003/2024(H5N1)	1657	2936
PB2|PP755596.1|A/cattle/Texas/24-008749-003/2024(H5N1)	1658	2936
PB2|PP755596.1|A/cattle/Texas/24-008749-003/2024(H5N1)	1659	2931
PB2|PP755596.1|A/cattle/Texas/24-008749-003/2024(H5N1)	1660	2947
PB2|PP755596.1|A/cattle/Texas/24-008749-003/2024(H5N1)	1661	2936
PB2|PP755596.1|A/cattle/Texas/24-008749-003/2024(H5N1)	1662	2922
PB2|PP755596.1|A/cattle/Texas/24-008749-003/2024(H5N1)	1663	2906
PB2|PP755596.1|A/cattle/Texas/24-008749-003/2024(H5N1)	1664	2906
PB2|PP755596.1|A/cattle/Texas/24-008749-003/2024(H5N1)	1665	2912
PB2|PP755596.1|A/cattle/Texas/24-008749-003/2024(H5N1)	1666	2938
PB2|PP755596.1|A/cattle/Texas/24-008749-003/2024(H5N1)	1667	2937
PB2|PP755596.1|A/cattle/Texas/24-008749-003/2024(H5N1)	1668	2941
PB2|PP755596.1|A/cattle/Texas/24-008749-003/2024(H5N1)	1669	2918
PB2|PP755596.1|A/cattle/Texas/24-008749-003/2024(H5N1)	1670	2922
PB2|PP755596.1|A/cattle/Texas/24-008749-003/2024(H5N1)	1671	2922
PB2|PP755596.1|A/cattle/Texas/24-008749-003/2024(H5N1)	1672	2921
PB2|PP755596.1|A/cattle/Texas/24-008749-003/2024(H5N1)	1673	2982
PB2|PP755596.1|A/cattle/Texas/24-008749-003/2024(H5N1)	1674	2992
PB2|PP755596.1|A/cattle/Texas/24-008749-003/2024(H5N1)	1675	2977
PB2|PP755596.1|A/cattle/Texas/24-008749-003/2024(H5N1)	1676	2980
PB2|PP755596.1|A/cattle/Texas/24-008749-003/2024(H5N1)	1677	2957
PB2|PP755596.1|A/cattle/Texas/24-008749-003/2024(H5N1)	1678	2962
PB2|PP755596.1|A/cattle/Texas/24-008749-003/2024(H5N1)	1679	3020
PB2|PP755596.1|A/cattle/Texas/24-008749-003/2024(H5N1)	1680	2906
PB2|PP755596.1|A/cattle/Texas/24-008749-003/2024(H5N1)	1681	2910
PB2|PP755596.1|A/cattle/Texas/24-008749-003/2024(H5N1)	1682	2769
PB2|PP755596.1|A/cattle/Texas/24-008749-003/2024(H5N1)	1683	2774
PB2|PP755596.1|A/cattle/Texas/24-008749-003/2024(H5N1)	1684	2778
PB2|PP755596.1|A/cattle/Texas/24-008749-003/2024(H5N1)	1685	2904
PB2|PP755596.1|A/cattle/Texas/24-008749-003/2024(H5N1)	1686	2903
PB2|PP755596.1|A/cattle/Texas/24-008749-003/2024(H5N1)	1687	2863
PB2|PP755596.1|A/cattle/Texas/24-008749-003/2024(H5N1)	1688	2850
PB2|PP755596.1|A/cattle/Texas/24-008749-003/2024(H5N1)	1689	2851
PB2|PP755596.1|A/cattle/Texas/24-008749-003/2024(H5N1)	1690	2866
PB2|PP755596.1|A/cattle/Texas/24-008749-003/2024(H5N1)	1691	2919
PB2|PP755596.1|A/cattle/Texas/24-008749-003/2024(H5N1)	1692	2913
PB2|PP755596.1|A/cattle/Texas/24-008749-003/2024(H5N1)	1693	2937
PB2|PP755596.1|A/cattle/Texas/24-008749-003/2024(H5N1)	1694	2942
PB2|PP755596.1|A/cattle/Texas/24-008749-003/2024(H5N1)	1695	3022
PB2|PP755596.1|A/cattle/Texas/24-008749-003/2024(H5N1)	1696	3024
PB2|PP755596.1|A/cattle/Texas/24-008749-003/2024(H5N1)	1697	3024
PB2|PP755596.1|A/cattle/Texas/24-008749-003/2024(H5N1)	1698	3034
PB2|PP755596.1|A/cattle/Texas/24-008749-003/2024(H5N1)	1699	3036
PB2|PP755596.1|A/cattle/Texas/24-008749-003/2024(H5N1)	1700	3009
PB2|PP755596.1|A/cattle/Texas/24-008749-003/2024(H5N1)	1701	2998
PB2|PP755596.1|A/cattle/Texas/24-008749-003/2024(H5N1)	1702	3036
PB2|PP755596.1|A/cattle/Texas/24-008749-003/2024(H5N1)	1703	3081
PB2|PP755596.1|A/cattle/Texas/24-008749-003/2024(H5N1)	1704	3069
PB2|PP755596.1|A/cattle/Texas/24-008749-003/2024(H5N1)	1705	3058
PB2|PP755596.1|A/cattle/Texas/24-008749-003/2024(H5N1)	1706	3051
PB2|PP755596.1|A/cattle/Texas/24-008749-003/2024(H5N1)	1707	3043
PB2|PP755596.1|A/cattle/Texas/24-008749-003/2024(H5N1)	1708	3095
PB2|PP755596.1|A/cattle/Texas/24-008749-003/2024(H5N1)	1709	3079
PB2|PP755596.1|A/cattle/Texas/24-008749-003/2024(H5N1)	1710	3104
PB2|PP755596.1|A/cattle/Texas/24-008749-003/2024(H5N1)	1711	3136
PB2|PP755596.1|A/cattle/Texas/24-008749-003/2024(H5N1)	1712	3060
PB2|PP755596.1|A/cattle/Texas/24-008749-003/2024(H5N1)	1713	3083
PB2|PP755596.1|A/cattle/Texas/24-008749-003/2024(H5N1)	1714	3079
PB2|PP755596.1|A/cattle/Texas/24-008749-003/2024(H5N1)	1715	3100
PB2|PP755596.1|A/cattle/Texas/24-008749-003/2024(H5N1)	1716	3104
PB2|PP755596.1|A/cattle/Texas/24-008749-003/2024(H5N1)	1717	3069
PB2|PP755596.1|A/cattle/Texas/24-008749-003/2024(H5N1)	1718	3105
PB2|PP755596.1|A/cattle/Texas/24-008749-003/2024(H5N1)	1719	3040
PB2|PP755596.1|A/cattle/Texas/24-008749-003/2024(H5N1)	1720	3039
PB2|PP755596.1|A/cattle/Texas/24-008749-003/2024(H5N1)	1721	3038
PB2|PP755596.1|A/cattle/Texas/24-008749-003/2024(H5N1)	1722	3029
PB2|PP755596.1|A/cattle/Texas/24-008749-003/2024(H5N1)	1723	3050
PB2|PP755596.1|A/cattle/Texas/24-008749-003/2024(H5N1)	1724	3033
PB2|PP755596.1|A/cattle/Texas/24-008749-003/2024(H5N1)	1725	3025
PB2|PP755596.1|A/cattle/Texas/24-008749-003/2024(H5N1)	1726	3019
PB2|PP755596.1|A/cattle/Texas/24-008749-003/2024(H5N1)	1727	3011
PB2|PP755596.1|A/cattle/Texas/24-008749-003/2024(H5N1)	1728	3042
PB2|PP755596.1|A/cattle/Texas/24-008749-003/2024(H5N1)	1729	3046
PB2|PP755596.1|A/cattle/Texas/24-008749-003/2024(H5N1)	1730	3046
PB2|PP755596.1|A/cattle/Texas/24-008749-003/2024(H5N1)	1731	3029
PB2|PP755596.1|A/cattle/Texas/24-008749-003/2024(H5N1)	1732	3031
PB2|PP755596.1|A/cattle/Texas/24-008749-003/2024(H5N1)	1733	3055
PB2|PP755596.1|A/cattle/Texas/24-008749-003/2024(H5N1)	1734	3048
PB2|PP755596.1|A/cattle/Texas/24-008749-003/2024(H5N1)	1735	3059
PB2|PP755596.1|A/cattle/Texas/24-008749-003/2024(H5N1)	1736	3048
PB2|PP755596.1|A/cattle/Texas/24-008749-003/2024(H5N1)	1737	3129
PB2|PP755596.1|A/cattle/Texas/24-008749-003/2024(H5N1)	1738	3111
PB2|PP755596.1|A/cattle/Texas/24-008749-003/2024(H5N1)	1739	3111
PB2|PP755596.1|A/cattle/Texas/24-008749-003/2024(H5N1)	1740	3101
PB2|PP755596.1|A/cattle/Texas/24-008749-003/2024(H5N1)	1741	3098
PB2|PP755596.1|A/cattle/Texas/24-008749-003/2024(H5N1)	1742	3070
PB2|PP755596.1|A/cattle/Texas/24-008749-003/2024(H5N1)	1743	3075
PB2|PP755596.1|A/cattle/Texas/24-008749-003/2024(H5N1)	1744	3110
PB2|PP755596.1|A/cattle/Texas/24-008749-003/2024(H5N1)	1745	3121
PB2|PP755596.1|A/cattle/Texas/24-008749-003/2024(H5N1)	1746	3047
PB2|PP755596.1|A/cattle/Texas/24-008749-003/2024(H5N1)	1747	3042
PB2|PP755596.1|A/cattle/Texas/24-008749-003/2024(H5N1)	1748	3028
PB2|PP755596.1|A/cattle/Texas/24-008749-003/2024(H5N1)	1749	3042
PB2|PP755596.1|A/cattle/Texas/24-008749-003/2024(H5N1)	1750	3071
PB2|PP755596.1|A/cattle/Texas/24-008749-003/2024(H5N1)	1751	3059
PB2|PP755596.1|A/cattle/Texas/24-008749-003/2024(H5N1)	1752	3248
PB2|PP755596.1|A/cattle/Texas/24-008749-003/2024(H5N1)	1753	3235
PB2|PP755596.1|A/cattle/Texas/24-008749-003/2024(H5N1)	1754	3211
PB2|PP755596.1|A/cattle/Texas/24-008749-003/2024(H5N1)	1755	3211
PB2|PP755596.1|A/cattle/Texas/24-008749-003/2024(H5N1)	1756	3210
PB2|PP755596.1|A/cattle/Texas/24-008749-003/2024(H5N1)	1757	3208
PB2|PP755596.1|A/cattle/Texas/24-008749-003/2024(H5N1)	1758	3190
PB2|PP755596.1|A/cattle/Texas/24-008749-003/2024(H5N1)	1759	3184
PB2|PP755596.1|A/cattle/Texas/24-008749-003/2024(H5N1)	1760	3184
PB2|PP755596.1|A/cattle/Texas/24-008749-003/2024(H5N1)	1761	3048
PB2|PP755596.1|A/cattle/Texas/24-008749-003/2024(H5N1)	1762	3070
PB2|PP755596.1|A/cattle/Texas/24-008749-003/2024(H5N1)	1763	3115
PB2|PP755596.1|A/cattle/Texas/24-008749-003/2024(H5N1)	1764	3085
PB2|PP755596.1|A/cattle/Texas/24-008749-003/2024(H5N1)	1765	3067
PB2|PP755596.1|A/cattle/Texas/24-008749-003/2024(H5N1)	1766	3077
PB2|PP755596.1|A/cattle/Texas/24-008749-003/2024(H5N1)	1767	3097
PB2|PP755596.1|A/cattle/Texas/24-008749-003/2024(H5N1)	1768	3381
PB2|PP755596.1|A/cattle/Texas/24-008749-003/2024(H5N1)	1769	3429
PB2|PP755596.1|A/cattle/Texas/24-008749-003/2024(H5N1)	1770	3444
PB2|PP755596.1|A/cattle/Texas/24-008749-003/2024(H5N1)	1771	3422
PB2|PP755596.1|A/cattle/Texas/24-008749-003/2024(H5N1)	1772	3456
PB2|PP755596.1|A/cattle/Texas/24-008749-003/2024(H5N1)	1773	3455
PB2|PP755596.1|A/cattle/Texas/24-008749-003/2024(H5N1)	1774	3473
PB2|PP755596.1|A/cattle/Texas/24-008749-003/2024(H5N1)	1775	3463
PB2|PP755596.1|A/cattle/Texas/24-008749-003/2024(H5N1)	1776	3479
PB2|PP755596.1|A/cattle/Texas/24-008749-003/2024(H5N1)	1777	3150
PB2|PP755596.1|A/cattle/Texas/24-008749-003/2024(H5N1)	1778	3137
PB2|PP755596.1|A/cattle/Texas/24-008749-003/2024(H5N1)	1779	3123
PB2|PP755596.1|A/cattle/Texas/24-008749-003/2024(H5N1)	1780	3135
PB2|PP755596.1|A/cattle/Texas/24-008749-003/2024(H5N1)	1781	3137
PB2|PP755596.1|A/cattle/Texas/24-008749-003/2024(H5N1)	1782	3100
PB2|PP755596.1|A/cattle/Texas/24-008749-003/2024(H5N1)	1783	3131
PB2|PP755596.1|A/cattle/Texas/24-008749-003/2024(H5N1)	1784	3059
PB2|PP755596.1|A/cattle/Texas/24-008749-003/2024(H5N1)	1785	3102
PB2|PP755596.1|A/cattle/Texas/24-008749-003/2024(H5N1)	1786	3102
PB2|PP755596.1|A/cattle/Texas/24-008749-003/2024(H5N1)	1787	3108
PB2|PP755596.1|A/cattle/Texas/24-008749-003/2024(H5N1)	1788	3108
PB2|PP755596.1|A/cattle/Texas/24-008749-003/2024(H5N1)	1789	2947
PB2|PP755596.1|A/cattle/Texas/24-008749-003/2024(H5N1)	1790	2961
PB2|PP755596.1|A/cattle/Texas/24-008749-003/2024(H5N1)	1791	2959
PB2|PP755596.1|A/cattle/Texas/24-008749-003/2024(H5N1)	1792	2998
PB2|PP755596.1|A/cattle/Texas/24-008749-003/2024(H5N1)	1793	2912
PB2|PP755596.1|A/cattle/Texas/24-008749-003/2024(H5N1)	1794	2893
PB2|PP755596.1|A/cattle/Texas/24-008749-003/2024(H5N1)	1795	2934
PB2|PP755596.1|A/cattle/Texas/24-008749-003/2024(H5N1)	1796	2930
PB2|PP755596.1|A/cattle/Texas/24-008749-003/2024(H5N1)	1797	2965
PB2|PP755596.1|A/cattle/Texas/24-008749-003/2024(H5N1)	1798	2965
PB2|PP755596.1|A/cattle/Texas/24-008749-003/2024(H5N1)	1799	2972
PB2|PP755596.1|A/cattle/Texas/24-008749-003/2024(H5N1)	1800	2974
PB2|PP755596.1|A/cattle/Texas/24-008749-003/2024(H5N1)	1801	2978
PB2|PP755596.1|A/cattle/Texas/24-008749-003/2024(H5N1)	1802	2934
PB2|PP755596.1|A/cattle/Texas/24-008749-003/2024(H5N1)	1803	2933
PB2|PP755596.1|A/cattle/Texas/24-008749-003/2024(H5N1)	1804	2919
PB2|PP755596.1|A/cattle/Texas/24-008749-003/2024(H5N1)	1805	2901
PB2|PP755596.1|A/cattle/Texas/24-008749-003/2024(H5N1)	1806	2900
PB2|PP755596.1|A/cattle/Texas/24-008749-003/2024(H5N1)	1807	2900
PB2|PP755596.1|A/cattle/Texas/24-008749-003/2024(H5N1)	1808	2962
PB2|PP755596.1|A/cattle/Texas/24-008749-003/2024(H5N1)	1809	2961
PB2|PP755596.1|A/cattle/Texas/24-008749-003/2024(H5N1)	1810	2946
PB2|PP755596.1|A/cattle/Texas/24-008749-003/2024(H5N1)	1811	2953
PB2|PP755596.1|A/cattle/Texas/24-008749-003/2024(H5N1)	1812	2965
PB2|PP755596.1|A/cattle/Texas/24-008749-003/2024(H5N1)	1813	2967
PB2|PP755596.1|A/cattle/Texas/24-008749-003/2024(H5N1)	1814	3033
PB2|PP755596.1|A/cattle/Texas/24-008749-003/2024(H5N1)	1815	3026
PB2|PP755596.1|A/cattle/Texas/24-008749-003/2024(H5N1)	1816	3033
PB2|PP755596.1|A/cattle/Texas/24-008749-003/2024(H5N1)	1817	3018
PB2|PP755596.1|A/cattle/Texas/24-008749-003/2024(H5N1)	1818	3056
PB2|PP755596.1|A/cattle/Texas/24-008749-003/2024(H5N1)	1819	3034
PB2|PP755596.1|A/cattle/Texas/24-008749-003/2024(H5N1)	1820	3034
PB2|PP755596.1|A/cattle/Texas/24-008749-003/2024(H5N1)	1821	3058
PB2|PP755596.1|A/cattle/Texas/24-008749-003/2024(H5N1)	1822	3054
PB2|PP755596.1|A/cattle/Texas/24-008749-003/2024(H5N1)	1823	3060
PB2|PP755596.1|A/cattle/Texas/24-008749-003/2024(H5N1)	1824	3013
PB2|PP755596.1|A/cattle/Texas/24-008749-003/2024(H5N1)	1825	3016
PB2|PP755596.1|A/cattle/Texas/24-008749-003/2024(H5N1)	1826	3038
PB2|PP755596.1|A/cattle/Texas/24-008749-003/2024(H5N1)	1827	3140
PB2|PP755596.1|A/cattle/Texas/24-008749-003/2024(H5N1)	1828	3146
PB2|PP755596.1|A/cattle/Texas/24-008749-003/2024(H5N1)	1829	3141
PB2|PP755596.1|A/cattle/Texas/24-008749-003/2024(H5N1)	1830	3142
PB2|PP755596.1|A/cattle/Texas/24-008749-003/2024(H5N1)	1831	3142
PB2|PP755596.1|A/cattle/Texas/24-008749-003/2024(H5N1)	1832	3192
PB2|PP755596.1|A/cattle/Texas/24-008749-003/2024(H5N1)	1833	3191
PB2|PP755596.1|A/cattle/Texas/24-008749-003/2024(H5N1)	1834	3179
PB2|PP755596.1|A/cattle/Texas/24-008749-003/2024(H5N1)	1835	3206
PB2|PP755596.1|A/cattle/Texas/24-008749-003/2024(H5N1)	1836	3067
PB2|PP755596.1|A/cattle/Texas/24-008749-003/2024(H5N1)	1837	3141
PB2|PP755596.1|A/cattle/Texas/24-008749-003/2024(H5N1)	1838	3143
PB2|PP755596.1|A/cattle/Texas/24-008749-003/2024(H5N1)	1839	3170
PB2|PP755596.1|A/cattle/Texas/24-008749-003/2024(H5N1)	1840	3169
PB2|PP755596.1|A/cattle/Texas/24-008749-003/2024(H5N1)	1841	3151
PB2|PP755596.1|A/cattle/Texas/24-008749-003/2024(H5N1)	1842	3102
PB2|PP755596.1|A/cattle/Texas/24-008749-003/2024(H5N1)	1843	3133
PB2|PP755596.1|A/cattle/Texas/24-008749-003/2024(H5N1)	1844	3125
PB2|PP755596.1|A/cattle/Texas/24-008749-003/2024(H5N1)	1845	3115
PB2|PP755596.1|A/cattle/Texas/24-008749-003/2024(H5N1)	1846	3039
PB2|PP755596.1|A/cattle/Texas/24-008749-003/2024(H5N1)	1847	3034
PB2|PP755596.1|A/cattle/Texas/24-008749-003/2024(H5N1)	1848	3034
PB2|PP755596.1|A/cattle/Texas/24-008749-003/2024(H5N1)	1849	3076
PB2|PP755596.1|A/cattle/Texas/24-008749-003/2024(H5N1)	1850	3089
PB2|PP755596.1|A/cattle/Texas/24-008749-003/2024(H5N1)	1851	3067
PB2|PP755596.1|A/cattle/Texas/24-008749-003/2024(H5N1)	1852	3052
PB2|PP755596.1|A/cattle/Texas/24-008749-003/2024(H5N1)	1853	2984
PB2|PP755596.1|A/cattle/Texas/24-008749-003/2024(H5N1)	1854	2985
PB2|PP755596.1|A/cattle/Texas/24-008749-003/2024(H5N1)	1855	2985
PB2|PP755596.1|A/cattle/Texas/24-008749-003/2024(H5N1)	1856	2982
PB2|PP755596.1|A/cattle/Texas/24-008749-003/2024(H5N1)	1857	3071
PB2|PP755596.1|A/cattle/Texas/24-008749-003/2024(H5N1)	1858	3024
PB2|PP755596.1|A/cattle/Texas/24-008749-003/2024(H5N1)	1859	3089
PB2|PP755596.1|A/cattle/Texas/24-008749-003/2024(H5N1)	1860	3064
PB2|PP755596.1|A/cattle/Texas/24-008749-003/2024(H5N1)	1861	3015
PB2|PP755596.1|A/cattle/Texas/24-008749-003/2024(H5N1)	1862	3028
PB2|PP755596.1|A/cattle/Texas/24-008749-003/2024(H5N1)	1863	3029
PB2|PP755596.1|A/cattle/Texas/24-008749-003/2024(H5N1)	1864	2999
PB2|PP755596.1|A/cattle/Texas/24-008749-003/2024(H5N1)	1865	3020
PB2|PP755596.1|A/cattle/Texas/24-008749-003/2024(H5N1)	1866	2995
PB2|PP755596.1|A/cattle/Texas/24-008749-003/2024(H5N1)	1867	2996
PB2|PP755596.1|A/cattle/Texas/24-008749-003/2024(H5N1)	1868	2991
PB2|PP755596.1|A/cattle/Texas/24-008749-003/2024(H5N1)	1869	2972
PB2|PP755596.1|A/cattle/Texas/24-008749-003/2024(H5N1)	1870	2974
PB2|PP755596.1|A/cattle/Texas/24-008749-003/2024(H5N1)	1871	3000
PB2|PP755596.1|A/cattle/Texas/24-008749-003/2024(H5N1)	1872	2989
PB2|PP755596.1|A/cattle/Texas/24-008749-003/2024(H5N1)	1873	2999
PB2|PP755596.1|A/cattle/Texas/24-008749-003/2024(H5N1)	1874	3003
PB2|PP755596.1|A/cattle/Texas/24-008749-003/2024(H5N1)	1875	3011
PB2|PP755596.1|A/cattle/Texas/24-008749-003/2024(H5N1)	1876	3013
PB2|PP755596.1|A/cattle/Texas/24-008749-003/2024(H5N1)	1877	3007
PB2|PP755596.1|A/cattle/Texas/24-008749-003/2024(H5N1)	1878	3006
PB2|PP755596.1|A/cattle/Texas/24-008749-003/2024(H5N1)	1879	3049
PB2|PP755596.1|A/cattle/Texas/24-008749-003/2024(H5N1)	1880	3046
PB2|PP755596.1|A/cattle/Texas/24-008749-003/2024(H5N1)	1881	3057
PB2|PP755596.1|A/cattle/Texas/24-008749-003/2024(H5N1)	1882	3057
PB2|PP755596.1|A/cattle/Texas/24-008749-003/2024(H5N1)	1883	3087
PB2|PP755596.1|A/cattle/Texas/24-008749-003/2024(H5N1)	1884	3085
PB2|PP755596.1|A/cattle/Texas/24-008749-003/2024(H5N1)	1885	3082
PB2|PP755596.1|A/cattle/Texas/24-008749-003/2024(H5N1)	1886	3087
PB2|PP755596.1|A/cattle/Texas/24-008749-003/2024(H5N1)	1887	3112
PB2|PP755596.1|A/cattle/Texas/24-008749-003/2024(H5N1)	1888	3001
PB2|PP755596.1|A/cattle/Texas/24-008749-003/2024(H5N1)	1889	2997
PB2|PP755596.1|A/cattle/Texas/24-008749-003/2024(H5N1)	1890	3002
PB2|PP755596.1|A/cattle/Texas/24-008749-003/2024(H5N1)	1891	3074
PB2|PP755596.1|A/cattle/Texas/24-008749-003/2024(H5N1)	1892	3044
PB2|PP755596.1|A/cattle/Texas/24-008749-003/2024(H5N1)	1893	3043
PB2|PP755596.1|A/cattle/Texas/24-008749-003/2024(H5N1)	1894	3081
PB2|PP755596.1|A/cattle/Texas/24-008749-003/2024(H5N1)	1895	3071
PB2|PP755596.1|A/cattle/Texas/24-008749-003/2024(H5N1)	1896	3091
PB2|PP755596.1|A/cattle/Texas/24-008749-003/2024(H5N1)	1897	3084
PB2|PP755596.1|A/cattle/Texas/24-008749-003/2024(H5N1)	1898	3090
PB2|PP755596.1|A/cattle/Texas/24-008749-003/2024(H5N1)	1899	3074
PB2|PP755596.1|A/cattle/Texas/24-008749-003/2024(H5N1)	1900	3046
PB2|PP755596.1|A/cattle/Texas/24-008749-003/2024(H5N1)	1901	3086
PB2|PP755596.1|A/cattle/Texas/24-008749-003/2024(H5N1)	1902	2952
PB2|PP755596.1|A/cattle/Texas/24-008749-003/2024(H5N1)	1903	2873
PB2|PP755596.1|A/cattle/Texas/24-008749-003/2024(H5N1)	1904	2909
PB2|PP755596.1|A/cattle/Texas/24-008749-003/2024(H5N1)	1905	2892
PB2|PP755596.1|A/cattle/Texas/24-008749-003/2024(H5N1)	1906	2944
PB2|PP755596.1|A/cattle/Texas/24-008749-003/2024(H5N1)	1907	2933
PB2|PP755596.1|A/cattle/Texas/24-008749-003/2024(H5N1)	1908	2951
PB2|PP755596.1|A/cattle/Texas/24-008749-003/2024(H5N1)	1909	3007
PB2|PP755596.1|A/cattle/Texas/24-008749-003/2024(H5N1)	1910	2982
PB2|PP755596.1|A/cattle/Texas/24-008749-003/2024(H5N1)	1911	3040
PB2|PP755596.1|A/cattle/Texas/24-008749-003/2024(H5N1)	1912	3050
PB2|PP755596.1|A/cattle/Texas/24-008749-003/2024(H5N1)	1913	3045
PB2|PP755596.1|A/cattle/Texas/24-008749-003/2024(H5N1)	1914	3078
PB2|PP755596.1|A/cattle/Texas/24-008749-003/2024(H5N1)	1915	3083
PB2|PP755596.1|A/cattle/Texas/24-008749-003/2024(H5N1)	1916	3070
PB2|PP755596.1|A/cattle/Texas/24-008749-003/2024(H5N1)	1917	3056
PB2|PP755596.1|A/cattle/Texas/24-008749-003/2024(H5N1)	1918	3057
PB2|PP755596.1|A/cattle/Texas/24-008749-003/2024(H5N1)	1919	2776
PB2|PP755596.1|A/cattle/Texas/24-008749-003/2024(H5N1)	1920	2761
PB2|PP755596.1|A/cattle/Texas/24-008749-003/2024(H5N1)	1921	2727
PB2|PP755596.1|A/cattle/Texas/24-008749-003/2024(H5N1)	1922	2718
PB2|PP755596.1|A/cattle/Texas/24-008749-003/2024(H5N1)	1923	2685
PB2|PP755596.1|A/cattle/Texas/24-008749-003/2024(H5N1)	1924	2593
PB2|PP755596.1|A/cattle/Texas/24-008749-003/2024(H5N1)	1925	2662
PB2|PP755596.1|A/cattle/Texas/24-008749-003/2024(H5N1)	1926	2709
PB2|PP755596.1|A/cattle/Texas/24-008749-003/2024(H5N1)	1927	2714
PB2|PP755596.1|A/cattle/Texas/24-008749-003/2024(H5N1)	1928	2698
PB2|PP755596.1|A/cattle/Texas/24-008749-003/2024(H5N1)	1929	2697
PB2|PP755596.1|A/cattle/Texas/24-008749-003/2024(H5N1)	1930	2731
PB2|PP755596.1|A/cattle/Texas/24-008749-003/2024(H5N1)	1931	2706
PB2|PP755596.1|A/cattle/Texas/24-008749-003/2024(H5N1)	1932	2705
PB2|PP755596.1|A/cattle/Texas/24-008749-003/2024(H5N1)	1933	2698
PB2|PP755596.1|A/cattle/Texas/24-008749-003/2024(H5N1)	1934	2664
PB2|PP755596.1|A/cattle/Texas/24-008749-003/2024(H5N1)	1935	2664
PB2|PP755596.1|A/cattle/Texas/24-008749-003/2024(H5N1)	1936	2613
PB2|PP755596.1|A/cattle/Texas/24-008749-003/2024(H5N1)	1937	2629
PB2|PP755596.1|A/cattle/Texas/24-008749-003/2024(H5N1)	1938	2623
PB2|PP755596.1|A/cattle/Texas/24-008749-003/2024(H5N1)	1939	2603
PB2|PP755596.1|A/cattle/Texas/24-008749-003/2024(H5N1)	1940	2609
PB2|PP755596.1|A/cattle/Texas/24-008749-003/2024(H5N1)	1941	2608
PB2|PP755596.1|A/cattle/Texas/24-008749-003/2024(H5N1)	1942	2571
PB2|PP755596.1|A/cattle/Texas/24-008749-003/2024(H5N1)	1943	2533
PB2|PP755596.1|A/cattle/Texas/24-008749-003/2024(H5N1)	1944	2551
PB2|PP755596.1|A/cattle/Texas/24-008749-003/2024(H5N1)	1945	2551
PB2|PP755596.1|A/cattle/Texas/24-008749-003/2024(H5N1)	1946	2489
PB2|PP755596.1|A/cattle/Texas/24-008749-003/2024(H5N1)	1947	2488
PB2|PP755596.1|A/cattle/Texas/24-008749-003/2024(H5N1)	1948	2453
PB2|PP755596.1|A/cattle/Texas/24-008749-003/2024(H5N1)	1949	2453
PB2|PP755596.1|A/cattle/Texas/24-008749-003/2024(H5N1)	1950	2455
PB2|PP755596.1|A/cattle/Texas/24-008749-003/2024(H5N1)	1951	2452
PB2|PP755596.1|A/cattle/Texas/24-008749-003/2024(H5N1)	1952	2456
PB2|PP755596.1|A/cattle/Texas/24-008749-003/2024(H5N1)	1953	2458
PB2|PP755596.1|A/cattle/Texas/24-008749-003/2024(H5N1)	1954	2450
PB2|PP755596.1|A/cattle/Texas/24-008749-003/2024(H5N1)	1955	2507
PB2|PP755596.1|A/cattle/Texas/24-008749-003/2024(H5N1)	1956	2531
PB2|PP755596.1|A/cattle/Texas/24-008749-003/2024(H5N1)	1957	2523
PB2|PP755596.1|A/cattle/Texas/24-008749-003/2024(H5N1)	1958	2505
PB2|PP755596.1|A/cattle/Texas/24-008749-003/2024(H5N1)	1959	2500
PB2|PP755596.1|A/cattle/Texas/24-008749-003/2024(H5N1)	1960	2508
PB2|PP755596.1|A/cattle/Texas/24-008749-003/2024(H5N1)	1961	2502
PB2|PP755596.1|A/cattle/Texas/24-008749-003/2024(H5N1)	1962	2490
PB2|PP755596.1|A/cattle/Texas/24-008749-003/2024(H5N1)	1963	2502
PB2|PP755596.1|A/cattle/Texas/24-008749-003/2024(H5N1)	1964	2449
PB2|PP755596.1|A/cattle/Texas/24-008749-003/2024(H5N1)	1965	2471
PB2|PP755596.1|A/cattle/Texas/24-008749-003/2024(H5N1)	1966	2527
PB2|PP755596.1|A/cattle/Texas/24-008749-003/2024(H5N1)	1967	2542
PB2|PP755596.1|A/cattle/Texas/24-008749-003/2024(H5N1)	1968	2517
PB2|PP755596.1|A/cattle/Texas/24-008749-003/2024(H5N1)	1969	2513
PB2|PP755596.1|A/cattle/Texas/24-008749-003/2024(H5N1)	1970	2532
PB2|PP755596.1|A/cattle/Texas/24-008749-003/2024(H5N1)	1971	2533
PB2|PP755596.1|A/cattle/Texas/24-008749-003/2024(H5N1)	1972	2846
PB2|PP755596.1|A/cattle/Texas/24-008749-003/2024(H5N1)	1973	2846
PB2|PP755596.1|A/cattle/Texas/24-008749-003/2024(H5N1)	1974	2858
PB2|PP755596.1|A/cattle/Texas/24-008749-003/2024(H5N1)	1975	2854
PB2|PP755596.1|A/cattle/Texas/24-008749-003/2024(H5N1)	1976	2840
PB2|PP755596.1|A/cattle/Texas/24-008749-003/2024(H5N1)	1977	2777
PB2|PP755596.1|A/cattle/Texas/24-008749-003/2024(H5N1)	1978	2739
PB2|PP755596.1|A/cattle/Texas/24-008749-003/2024(H5N1)	1979	2725
PB2|PP755596.1|A/cattle/Texas/24-008749-003/2024(H5N1)	1980	2730
PB2|PP755596.1|A/cattle/Texas/24-008749-003/2024(H5N1)	1981	2760
PB2|PP755596.1|A/cattle/Texas/24-008749-003/2024(H5N1)	1982	2798
PB2|PP755596.1|A/cattle/Texas/24-008749-003/2024(H5N1)	1983	2766
PB2|PP755596.1|A/cattle/Texas/24-008749-003/2024(H5N1)	1984	2796
PB2|PP755596.1|A/cattle/Texas/24-008749-003/2024(H5N1)	1985	2777
PB2|PP755596.1|A/cattle/Texas/24-008749-003/2024(H5N1)	1986	2776
PB2|PP755596.1|A/cattle/Texas/24-008749-003/2024(H5N1)	1987	2938
PB2|PP755596.1|A/cattle/Texas/24-008749-003/2024(H5N1)	1988	2866
PB2|PP755596.1|A/cattle/Texas/24-008749-003/2024(H5N1)	1989	2871
PB2|PP755596.1|A/cattle/Texas/24-008749-003/2024(H5N1)	1990	2853
PB2|PP755596.1|A/cattle/Texas/24-008749-003/2024(H5N1)	1991	2879
PB2|PP755596.1|A/cattle/Texas/24-008749-003/2024(H5N1)	1992	2894
PB2|PP755596.1|A/cattle/Texas/24-008749-003/2024(H5N1)	1993	2871
PB2|PP755596.1|A/cattle/Texas/24-008749-003/2024(H5N1)	1994	2868
PB2|PP755596.1|A/cattle/Texas/24-008749-003/2024(H5N1)	1995	2868
PB2|PP755596.1|A/cattle/Texas/24-008749-003/2024(H5N1)	1996	2868
PB2|PP755596.1|A/cattle/Texas/24-008749-003/2024(H5N1)	1997	2869
PB2|PP755596.1|A/cattle/Texas/24-008749-003/2024(H5N1)	1998	2862
PB2|PP755596.1|A/cattle/Texas/24-008749-003/2024(H5N1)	1999	2938
PB2|PP755596.1|A/cattle/Texas/24-008749-003/2024(H5N1)	2000	2902
PB2|PP755596.1|A/cattle/Texas/24-008749-003/2024(H5N1)	2001	2913
PB2|PP755596.1|A/cattle/Texas/24-008749-003/2024(H5N1)	2002	2897
PB2|PP755596.1|A/cattle/Texas/24-008749-003/2024(H5N1)	2003	2894
PB2|PP755596.1|A/cattle/Texas/24-008749-003/2024(H5N1)	2004	2898
PB2|PP755596.1|A/cattle/Texas/24-008749-003/2024(H5N1)	2005	2898
PB2|PP755596.1|A/cattle/Texas/24-008749-003/2024(H5N1)	2006	2902
PB2|PP755596.1|A/cattle/Texas/24-008749-003/2024(H5N1)	2007	2914
PB2|PP755596.1|A/cattle/Texas/24-008749-003/2024(H5N1)	2008	2821
PB2|PP755596.1|A/cattle/Texas/24-008749-003/2024(H5N1)	2009	2819
PB2|PP755596.1|A/cattle/Texas/24-008749-003/2024(H5N1)	2010	2777
PB2|PP755596.1|A/cattle/Texas/24-008749-003/2024(H5N1)	2011	2775
PB2|PP755596.1|A/cattle/Texas/24-008749-003/2024(H5N1)	2012	2811
PB2|PP755596.1|A/cattle/Texas/24-008749-003/2024(H5N1)	2013	2808
PB2|PP755596.1|A/cattle/Texas/24-008749-003/2024(H5N1)	2014	2810
PB2|PP755596.1|A/cattle/Texas/24-008749-003/2024(H5N1)	2015	2800
PB2|PP755596.1|A/cattle/Texas/24-008749-003/2024(H5N1)	2016	2799
PB2|PP755596.1|A/cattle/Texas/24-008749-003/2024(H5N1)	2017	2806
PB2|PP755596.1|A/cattle/Texas/24-008749-003/2024(H5N1)	2018	2813
PB2|PP755596.1|A/cattle/Texas/24-008749-003/2024(H5N1)	2019	2791
PB2|PP755596.1|A/cattle/Texas/24-008749-003/2024(H5N1)	2020	2793
PB2|PP755596.1|A/cattle/Texas/24-008749-003/2024(H5N1)	2021	2825
PB2|PP755596.1|A/cattle/Texas/24-008749-003/2024(H5N1)	2022	2820
PB2|PP755596.1|A/cattle/Texas/24-008749-003/2024(H5N1)	2023	2823
PB2|PP755596.1|A/cattle/Texas/24-008749-003/2024(H5N1)	2024	2804
PB2|PP755596.1|A/cattle/Texas/24-008749-003/2024(H5N1)	2025	2799
PB2|PP755596.1|A/cattle/Texas/24-008749-003/2024(H5N1)	2026	2790
PB2|PP755596.1|A/cattle/Texas/24-008749-003/2024(H5N1)	2027	2791
PB2|PP755596.1|A/cattle/Texas/24-008749-003/2024(H5N1)	2028	2817
PB2|PP755596.1|A/cattle/Texas/24-008749-003/2024(H5N1)	2029	2811
PB2|PP755596.1|A/cattle/Texas/24-008749-003/2024(H5N1)	2030	2758
PB2|PP755596.1|A/cattle/Texas/24-008749-003/2024(H5N1)	2031	2758
PB2|PP755596.1|A/cattle/Texas/24-008749-003/2024(H5N1)	2032	2751
PB2|PP755596.1|A/cattle/Texas/24-008749-003/2024(H5N1)	2033	2783
PB2|PP755596.1|A/cattle/Texas/24-008749-003/2024(H5N1)	2034	2748
PB2|PP755596.1|A/cattle/Texas/24-008749-003/2024(H5N1)	2035	2735
PB2|PP755596.1|A/cattle/Texas/24-008749-003/2024(H5N1)	2036	2715
PB2|PP755596.1|A/cattle/Texas/24-008749-003/2024(H5N1)	2037	2694
PB2|PP755596.1|A/cattle/Texas/24-008749-003/2024(H5N1)	2038	2717
PB2|PP755596.1|A/cattle/Texas/24-008749-003/2024(H5N1)	2039	2746
PB2|PP755596.1|A/cattle/Texas/24-008749-003/2024(H5N1)	2040	2744
PB2|PP755596.1|A/cattle/Texas/24-008749-003/2024(H5N1)	2041	2734
PB2|PP755596.1|A/cattle/Texas/24-008749-003/2024(H5N1)	2042	2660
PB2|PP755596.1|A/cattle/Texas/24-008749-003/2024(H5N1)	2043	2666
PB2|PP755596.1|A/cattle/Texas/24-008749-003/2024(H5N1)	2044	2670
PB2|PP755596.1|A/cattle/Texas/24-008749-003/2024(H5N1)	2045	2698
PB2|PP755596.1|A/cattle/Texas/24-008749-003/2024(H5N1)	2046	2712
PB2|PP755596.1|A/cattle/Texas/24-008749-003/2024(H5N1)	2047	2683
PB2|PP755596.1|A/cattle/Texas/24-008749-003/2024(H5N1)	2048	2695
PB2|PP755596.1|A/cattle/Texas/24-008749-003/2024(H5N1)	2049	2685
PB2|PP755596.1|A/cattle/Texas/24-008749-003/2024(H5N1)	2050	2694
PB2|PP755596.1|A/cattle/Texas/24-008749-003/2024(H5N1)	2051	2714
PB2|PP755596.1|A/cattle/Texas/24-008749-003/2024(H5N1)	2052	2723
PB2|PP755596.1|A/cattle/Texas/24-008749-003/2024(H5N1)	2053	2757
PB2|PP755596.1|A/cattle/Texas/24-008749-003/2024(H5N1)	2054	2765
PB2|PP755596.1|A/cattle/Texas/24-008749-003/2024(H5N1)	2055	2736
PB2|PP755596.1|A/cattle/Texas/24-008749-003/2024(H5N1)	2056	2738
PB2|PP755596.1|A/cattle/Texas/24-008749-003/2024(H5N1)	2057	2686
PB2|PP755596.1|A/cattle/Texas/24-008749-003/2024(H5N1)	2058	2688
PB2|PP755596.1|A/cattle/Texas/24-008749-003/2024(H5N1)	2059	2660
PB2|PP755596.1|A/cattle/Texas/24-008749-003/2024(H5N1)	2060	2622
PB2|PP755596.1|A/cattle/Texas/24-008749-003/2024(H5N1)	2061	2604
PB2|PP755596.1|A/cattle/Texas/24-008749-003/2024(H5N1)	2062	2521
PB2|PP755596.1|A/cattle/Texas/24-008749-003/2024(H5N1)	2063	2477
PB2|PP755596.1|A/cattle/Texas/24-008749-003/2024(H5N1)	2064	2467
PB2|PP755596.1|A/cattle/Texas/24-008749-003/2024(H5N1)	2065	2467
PB2|PP755596.1|A/cattle/Texas/24-008749-003/2024(H5N1)	2066	2449
PB2|PP755596.1|A/cattle/Texas/24-008749-003/2024(H5N1)	2067	2440
PB2|PP755596.1|A/cattle/Texas/24-008749-003/2024(H5N1)	2068	2467
PB2|PP755596.1|A/cattle/Texas/24-008749-003/2024(H5N1)	2069	2460
PB2|PP755596.1|A/cattle/Texas/24-008749-003/2024(H5N1)	2070	2469
PB2|PP755596.1|A/cattle/Texas/24-008749-003/2024(H5N1)	2071	2469
PB2|PP755596.1|A/cattle/Texas/24-008749-003/2024(H5N1)	2072	2493
PB2|PP755596.1|A/cattle/Texas/24-008749-003/2024(H5N1)	2073	2496
PB2|PP755596.1|A/cattle/Texas/24-008749-003/2024(H5N1)	2074	2490
PB2|PP755596.1|A/cattle/Texas/24-008749-003/2024(H5N1)	2075	2487
PB2|PP755596.1|A/cattle/Texas/24-008749-003/2024(H5N1)	2076	2419
PB2|PP755596.1|A/cattle/Texas/24-008749-003/2024(H5N1)	2077	2368
PB2|PP755596.1|A/cattle/Texas/24-008749-003/2024(H5N1)	2078	2359
PB2|PP755596.1|A/cattle/Texas/24-008749-003/2024(H5N1)	2079	2395
PB2|PP755596.1|A/cattle/Texas/24-008749-003/2024(H5N1)	2080	2550
PB2|PP755596.1|A/cattle/Texas/24-008749-003/2024(H5N1)	2081	2526
PB2|PP755596.1|A/cattle/Texas/24-008749-003/2024(H5N1)	2082	2553
PB2|PP755596.1|A/cattle/Texas/24-008749-003/2024(H5N1)	2083	2515
PB2|PP755596.1|A/cattle/Texas/24-008749-003/2024(H5N1)	2084	2512
PB2|PP755596.1|A/cattle/Texas/24-008749-003/2024(H5N1)	2085	2510
PB2|PP755596.1|A/cattle/Texas/24-008749-003/2024(H5N1)	2086	2523
PB2|PP755596.1|A/cattle/Texas/24-008749-003/2024(H5N1)	2087	2524
PB2|PP755596.1|A/cattle/Texas/24-008749-003/2024(H5N1)	2088	2584
PB2|PP755596.1|A/cattle/Texas/24-008749-003/2024(H5N1)	2089	2584
PB2|PP755596.1|A/cattle/Texas/24-008749-003/2024(H5N1)	2090	2562
PB2|PP755596.1|A/cattle/Texas/24-008749-003/2024(H5N1)	2091	2568
PB2|PP755596.1|A/cattle/Texas/24-008749-003/2024(H5N1)	2092	2558
PB2|PP755596.1|A/cattle/Texas/24-008749-003/2024(H5N1)	2093	2565
PB2|PP755596.1|A/cattle/Texas/24-008749-003/2024(H5N1)	2094	2557
PB2|PP755596.1|A/cattle/Texas/24-008749-003/2024(H5N1)	2095	2549
PB2|PP755596.1|A/cattle/Texas/24-008749-003/2024(H5N1)	2096	2621
PB2|PP755596.1|A/cattle/Texas/24-008749-003/2024(H5N1)	2097	2621
PB2|PP755596.1|A/cattle/Texas/24-008749-003/2024(H5N1)	2098	2633
PB2|PP755596.1|A/cattle/Texas/24-008749-003/2024(H5N1)	2099	2687
PB2|PP755596.1|A/cattle/Texas/24-008749-003/2024(H5N1)	2100	2673
PB2|PP755596.1|A/cattle/Texas/24-008749-003/2024(H5N1)	2101	2673
PB2|PP755596.1|A/cattle/Texas/24-008749-003/2024(H5N1)	2102	2671
PB2|PP755596.1|A/cattle/Texas/24-008749-003/2024(H5N1)	2103	2659
PB2|PP755596.1|A/cattle/Texas/24-008749-003/2024(H5N1)	2104	2655
PB2|PP755596.1|A/cattle/Texas/24-008749-003/2024(H5N1)	2105	2655
PB2|PP755596.1|A/cattle/Texas/24-008749-003/2024(H5N1)	2106	2598
PB2|PP755596.1|A/cattle/Texas/24-008749-003/2024(H5N1)	2107	2584
PB2|PP755596.1|A/cattle/Texas/24-008749-003/2024(H5N1)	2108	2590
PB2|PP755596.1|A/cattle/Texas/24-008749-003/2024(H5N1)	2109	2579
PB2|PP755596.1|A/cattle/Texas/24-008749-003/2024(H5N1)	2110	2569
PB2|PP755596.1|A/cattle/Texas/24-008749-003/2024(H5N1)	2111	2560
PB2|PP755596.1|A/cattle/Texas/24-008749-003/2024(H5N1)	2112	2543
PB2|PP755596.1|A/cattle/Texas/24-008749-003/2024(H5N1)	2113	2543
PB2|PP755596.1|A/cattle/Texas/24-008749-003/2024(H5N1)	2114	2687
PB2|PP755596.1|A/cattle/Texas/24-008749-003/2024(H5N1)	2115	2664
PB2|PP755596.1|A/cattle/Texas/24-008749-003/2024(H5N1)	2116	2641
PB2|PP755596.1|A/cattle/Texas/24-008749-003/2024(H5N1)	2117	2617
PB2|PP755596.1|A/cattle/Texas/24-008749-003/2024(H5N1)	2118	2566
PB2|PP755596.1|A/cattle/Texas/24-008749-003/2024(H5N1)	2119	2579
PB2|PP755596.1|A/cattle/Texas/24-008749-003/2024(H5N1)	2120	2563
PB2|PP755596.1|A/cattle/Texas/24-008749-003/2024(H5N1)	2121	2565
PB2|PP755596.1|A/cattle/Texas/24-008749-003/2024(H5N1)	2122	2531
PB2|PP755596.1|A/cattle/Texas/24-008749-003/2024(H5N1)	2123	2166
PB2|PP755596.1|A/cattle/Texas/24-008749-003/2024(H5N1)	2124	2178
PB2|PP755596.1|A/cattle/Texas/24-008749-003/2024(H5N1)	2125	2182
PB2|PP755596.1|A/cattle/Texas/24-008749-003/2024(H5N1)	2126	2185
PB2|PP755596.1|A/cattle/Texas/24-008749-003/2024(H5N1)	2127	2193
PB2|PP755596.1|A/cattle/Texas/24-008749-003/2024(H5N1)	2128	2150
PB2|PP755596.1|A/cattle/Texas/24-008749-003/2024(H5N1)	2129	2168
PB2|PP755596.1|A/cattle/Texas/24-008749-003/2024(H5N1)	2130	2176
PB2|PP755596.1|A/cattle/Texas/24-008749-003/2024(H5N1)	2131	2178
PB2|PP755596.1|A/cattle/Texas/24-008749-003/2024(H5N1)	2132	2168
PB2|PP755596.1|A/cattle/Texas/24-008749-003/2024(H5N1)	2133	2136
PB2|PP755596.1|A/cattle/Texas/24-008749-003/2024(H5N1)	2134	2131
PB2|PP755596.1|A/cattle/Texas/24-008749-003/2024(H5N1)	2135	2098
PB2|PP755596.1|A/cattle/Texas/24-008749-003/2024(H5N1)	2136	2088
PB2|PP755596.1|A/cattle/Texas/24-008749-003/2024(H5N1)	2137	2081
PB2|PP755596.1|A/cattle/Texas/24-008749-003/2024(H5N1)	2138	2091
PB2|PP755596.1|A/cattle/Texas/24-008749-003/2024(H5N1)	2139	2114
PB2|PP755596.1|A/cattle/Texas/24-008749-003/2024(H5N1)	2140	2115
PB2|PP755596.1|A/cattle/Texas/24-008749-003/2024(H5N1)	2141	2115
PB2|PP755596.1|A/cattle/Texas/24-008749-003/2024(H5N1)	2142	2086
PB2|PP755596.1|A/cattle/Texas/24-008749-003/2024(H5N1)	2143	2080
PB2|PP755596.1|A/cattle/Texas/24-008749-003/2024(H5N1)	2144	2082
PB2|PP755596.1|A/cattle/Texas/24-008749-003/2024(H5N1)	2145	2067
PB2|PP755596.1|A/cattle/Texas/24-008749-003/2024(H5N1)	2146	2064
PB2|PP755596.1|A/cattle/Texas/24-008749-003/2024(H5N1)	2147	2064
PB2|PP755596.1|A/cattle/Texas/24-008749-003/2024(H5N1)	2148	2048
PB2|PP755596.1|A/cattle/Texas/24-008749-003/2024(H5N1)	2149	2071
PB2|PP755596.1|A/cattle/Texas/24-008749-003/2024(H5N1)	2150	2012
PB2|PP755596.1|A/cattle/Texas/24-008749-003/2024(H5N1)	2151	2011
PB2|PP755596.1|A/cattle/Texas/24-008749-003/2024(H5N1)	2152	1990
PB2|PP755596.1|A/cattle/Texas/24-008749-003/2024(H5N1)	2153	1981
PB2|PP755596.1|A/cattle/Texas/24-008749-003/2024(H5N1)	2154	1980
PB2|PP755596.1|A/cattle/Texas/24-008749-003/2024(H5N1)	2155	1989
PB2|PP755596.1|A/cattle/Texas/24-008749-003/2024(H5N1)	2156	1991
PB2|PP755596.1|A/cattle/Texas/24-008749-003/2024(H5N1)	2157	1972
PB2|PP755596.1|A/cattle/Texas/24-008749-003/2024(H5N1)	2158	1978
PB2|PP755596.1|A/cattle/Texas/24-008749-003/2024(H5N1)	2159	1971
PB2|PP755596.1|A/cattle/Texas/24-008749-003/2024(H5N1)	2160	1970
PB2|PP755596.1|A/cattle/Texas/24-008749-003/2024(H5N1)	2161	2008
PB2|PP755596.1|A/cattle/Texas/24-008749-003/2024(H5N1)	2162	1995
PB2|PP755596.1|A/cattle/Texas/24-008749-003/2024(H5N1)	2163	2010
PB2|PP755596.1|A/cattle/Texas/24-008749-003/2024(H5N1)	2164	2355
PB2|PP755596.1|A/cattle/Texas/24-008749-003/2024(H5N1)	2165	2372
PB2|PP755596.1|A/cattle/Texas/24-008749-003/2024(H5N1)	2166	2374
PB2|PP755596.1|A/cattle/Texas/24-008749-003/2024(H5N1)	2167	2370
PB2|PP755596.1|A/cattle/Texas/24-008749-003/2024(H5N1)	2168	2391
PB2|PP755596.1|A/cattle/Texas/24-008749-003/2024(H5N1)	2169	2390
PB2|PP755596.1|A/cattle/Texas/24-008749-003/2024(H5N1)	2170	2389
PB2|PP755596.1|A/cattle/Texas/24-008749-003/2024(H5N1)	2171	2346
PB2|PP755596.1|A/cattle/Texas/24-008749-003/2024(H5N1)	2172	2330
PB2|PP755596.1|A/cattle/Texas/24-008749-003/2024(H5N1)	2173	2329
PB2|PP755596.1|A/cattle/Texas/24-008749-003/2024(H5N1)	2174	2320
PB2|PP755596.1|A/cattle/Texas/24-008749-003/2024(H5N1)	2175	2320
PB2|PP755596.1|A/cattle/Texas/24-008749-003/2024(H5N1)	2176	2311
PB2|PP755596.1|A/cattle/Texas/24-008749-003/2024(H5N1)	2177	2310
PB2|PP755596.1|A/cattle/Texas/24-008749-003/2024(H5N1)	2178	2303
PB2|PP755596.1|A/cattle/Texas/24-008749-003/2024(H5N1)	2179	2269
PB2|PP755596.1|A/cattle/Texas/24-008749-003/2024(H5N1)	2180	2263
PB2|PP755596.1|A/cattle/Texas/24-008749-003/2024(H5N1)	2181	2262
PB2|PP755596.1|A/cattle/Texas/24-008749-003/2024(H5N1)	2182	2250
PB2|PP755596.1|A/cattle/Texas/24-008749-003/2024(H5N1)	2183	2250
PB2|PP755596.1|A/cattle/Texas/24-008749-003/2024(H5N1)	2184	2221
PB2|PP755596.1|A/cattle/Texas/24-008749-003/2024(H5N1)	2185	2221
PB2|PP755596.1|A/cattle/Texas/24-008749-003/2024(H5N1)	2186	2222
PB2|PP755596.1|A/cattle/Texas/24-008749-003/2024(H5N1)	2187	2222
PB2|PP755596.1|A/cattle/Texas/24-008749-003/2024(H5N1)	2188	2198
PB2|PP755596.1|A/cattle/Texas/24-008749-003/2024(H5N1)	2189	2176
PB2|PP755596.1|A/cattle/Texas/24-008749-003/2024(H5N1)	2190	2171
PB2|PP755596.1|A/cattle/Texas/24-008749-003/2024(H5N1)	2191	2170
PB2|PP755596.1|A/cattle/Texas/24-008749-003/2024(H5N1)	2192	2161
PB2|PP755596.1|A/cattle/Texas/24-008749-003/2024(H5N1)	2193	2157
PB2|PP755596.1|A/cattle/Texas/24-008749-003/2024(H5N1)	2194	2157
PB2|PP755596.1|A/cattle/Texas/24-008749-003/2024(H5N1)	2195	2114
PB2|PP755596.1|A/cattle/Texas/24-008749-003/2024(H5N1)	2196	2114
PB2|PP755596.1|A/cattle/Texas/24-008749-003/2024(H5N1)	2197	2084
PB2|PP755596.1|A/cattle/Texas/24-008749-003/2024(H5N1)	2198	2080
PB2|PP755596.1|A/cattle/Texas/24-008749-003/2024(H5N1)	2199	2063
PB2|PP755596.1|A/cattle/Texas/24-008749-003/2024(H5N1)	2200	2062
PB2|PP755596.1|A/cattle/Texas/24-008749-003/2024(H5N1)	2201	2036
PB2|PP755596.1|A/cattle/Texas/24-008749-003/2024(H5N1)	2202	2018
PB2|PP755596.1|A/cattle/Texas/24-008749-003/2024(H5N1)	2203	1975
PB2|PP755596.1|A/cattle/Texas/24-008749-003/2024(H5N1)	2204	1927
PB2|PP755596.1|A/cattle/Texas/24-008749-003/2024(H5N1)	2205	1924
PB2|PP755596.1|A/cattle/Texas/24-008749-003/2024(H5N1)	2206	1920
PB2|PP755596.1|A/cattle/Texas/24-008749-003/2024(H5N1)	2207	1918
PB2|PP755596.1|A/cattle/Texas/24-008749-003/2024(H5N1)	2208	1918
PB2|PP755596.1|A/cattle/Texas/24-008749-003/2024(H5N1)	2209	1907
PB2|PP755596.1|A/cattle/Texas/24-008749-003/2024(H5N1)	2210	1905
PB2|PP755596.1|A/cattle/Texas/24-008749-003/2024(H5N1)	2211	1895
PB2|PP755596.1|A/cattle/Texas/24-008749-003/2024(H5N1)	2212	1890
PB2|PP755596.1|A/cattle/Texas/24-008749-003/2024(H5N1)	2213	1890
PB2|PP755596.1|A/cattle/Texas/24-008749-003/2024(H5N1)	2214	1881
PB2|PP755596.1|A/cattle/Texas/24-008749-003/2024(H5N1)	2215	1880
PB2|PP755596.1|A/cattle/Texas/24-008749-003/2024(H5N1)	2216	1878
PB2|PP755596.1|A/cattle/Texas/24-008749-003/2024(H5N1)	2217	1878
PB2|PP755596.1|A/cattle/Texas/24-008749-003/2024(H5N1)	2218	1876
PB2|PP755596.1|A/cattle/Texas/24-008749-003/2024(H5N1)	2219	1853
PB2|PP755596.1|A/cattle/Texas/24-008749-003/2024(H5N1)	2220	1852
PB2|PP755596.1|A/cattle/Texas/24-008749-003/2024(H5N1)	2221	1841
PB2|PP755596.1|A/cattle/Texas/24-008749-003/2024(H5N1)	2222	1841
PB2|PP755596.1|A/cattle/Texas/24-008749-003/2024(H5N1)	2223	1839
PB2|PP755596.1|A/cattle/Texas/24-008749-003/2024(H5N1)	2224	1835
PB2|PP755596.1|A/cattle/Texas/24-008749-003/2024(H5N1)	2225	1835
PB2|PP755596.1|A/cattle/Texas/24-008749-003/2024(H5N1)	2226	1819
PB2|PP755596.1|A/cattle/Texas/24-008749-003/2024(H5N1)	2227	1817
PB2|PP755596.1|A/cattle/Texas/24-008749-003/2024(H5N1)	2228	1806
PB2|PP755596.1|A/cattle/Texas/24-008749-003/2024(H5N1)	2229	1757
PB2|PP755596.1|A/cattle/Texas/24-008749-003/2024(H5N1)	2230	1761
PB2|PP755596.1|A/cattle/Texas/24-008749-003/2024(H5N1)	2231	1571
PB2|PP755596.1|A/cattle/Texas/24-008749-003/2024(H5N1)	2232	1567
PB2|PP755596.1|A/cattle/Texas/24-008749-003/2024(H5N1)	2233	1535
PB2|PP755596.1|A/cattle/Texas/24-008749-003/2024(H5N1)	2234	1528
PB2|PP755596.1|A/cattle/Texas/24-008749-003/2024(H5N1)	2235	1526
PB2|PP755596.1|A/cattle/Texas/24-008749-003/2024(H5N1)	2236	1526
PB2|PP755596.1|A/cattle/Texas/24-008749-003/2024(H5N1)	2237	1500
PB2|PP755596.1|A/cattle/Texas/24-008749-003/2024(H5N1)	2238	1501
PB2|PP755596.1|A/cattle/Texas/24-008749-003/2024(H5N1)	2239	1416
PB2|PP755596.1|A/cattle/Texas/24-008749-003/2024(H5N1)	2240	1416
PB2|PP755596.1|A/cattle/Texas/24-008749-003/2024(H5N1)	2241	1405
PB2|PP755596.1|A/cattle/Texas/24-008749-003/2024(H5N1)	2242	1405
PB2|PP755596.1|A/cattle/Texas/24-008749-003/2024(H5N1)	2243	1396
PB2|PP755596.1|A/cattle/Texas/24-008749-003/2024(H5N1)	2244	1396
PB2|PP755596.1|A/cattle/Texas/24-008749-003/2024(H5N1)	2245	1394
PB2|PP755596.1|A/cattle/Texas/24-008749-003/2024(H5N1)	2246	1392
PB2|PP755596.1|A/cattle/Texas/24-008749-003/2024(H5N1)	2247	1300
PB2|PP755596.1|A/cattle/Texas/24-008749-003/2024(H5N1)	2248	1299
PB2|PP755596.1|A/cattle/Texas/24-008749-003/2024(H5N1)	2249	1220
PB2|PP755596.1|A/cattle/Texas/24-008749-003/2024(H5N1)	2250	1220
PB2|PP755596.1|A/cattle/Texas/24-008749-003/2024(H5N1)	2251	1215
PB2|PP755596.1|A/cattle/Texas/24-008749-003/2024(H5N1)	2252	1209
PB2|PP755596.1|A/cattle/Texas/24-008749-003/2024(H5N1)	2253	1205
PB2|PP755596.1|A/cattle/Texas/24-008749-003/2024(H5N1)	2254	1205
PB2|PP755596.1|A/cattle/Texas/24-008749-003/2024(H5N1)	2255	1205
PB2|PP755596.1|A/cattle/Texas/24-008749-003/2024(H5N1)	2256	1205
PB2|PP755596.1|A/cattle/Texas/24-008749-003/2024(H5N1)	2257	1202
PB2|PP755596.1|A/cattle/Texas/24-008749-003/2024(H5N1)	2258	1198
PB2|PP755596.1|A/cattle/Texas/24-008749-003/2024(H5N1)	2259	1183
PB2|PP755596.1|A/cattle/Texas/24-008749-003/2024(H5N1)	2260	1180
PB2|PP755596.1|A/cattle/Texas/24-008749-003/2024(H5N1)	2261	1178
PB2|PP755596.1|A/cattle/Texas/24-008749-003/2024(H5N1)	2262	1178
PB2|PP755596.1|A/cattle/Texas/24-008749-003/2024(H5N1)	2263	1178
PB2|PP755596.1|A/cattle/Texas/24-008749-003/2024(H5N1)	2264	1165
PB2|PP755596.1|A/cattle/Texas/24-008749-003/2024(H5N1)	2265	1066
PB2|PP755596.1|A/cattle/Texas/24-008749-003/2024(H5N1)	2266	1064
PB2|PP755596.1|A/cattle/Texas/24-008749-003/2024(H5N1)	2267	1047
PB2|PP755596.1|A/cattle/Texas/24-008749-003/2024(H5N1)	2268	1047
PB2|PP755596.1|A/cattle/Texas/24-008749-003/2024(H5N1)	2269	1045
PB2|PP755596.1|A/cattle/Texas/24-008749-003/2024(H5N1)	2270	1031
PB2|PP755596.1|A/cattle/Texas/24-008749-003/2024(H5N1)	2271	1031
PB2|PP755596.1|A/cattle/Texas/24-008749-003/2024(H5N1)	2272	1026
PB2|PP755596.1|A/cattle/Texas/24-008749-003/2024(H5N1)	2273	1022
PB2|PP755596.1|A/cattle/Texas/24-008749-003/2024(H5N1)	2274	1007
PB2|PP755596.1|A/cattle/Texas/24-008749-003/2024(H5N1)	2275	1001
PB2|PP755596.1|A/cattle/Texas/24-008749-003/2024(H5N1)	2276	1001
PB2|PP755596.1|A/cattle/Texas/24-008749-003/2024(H5N1)	2277	994
PB2|PP755596.1|A/cattle/Texas/24-008749-003/2024(H5N1)	2278	987
PB2|PP755596.1|A/cattle/Texas/24-008749-003/2024(H5N1)	2279	935
PB2|PP755596.1|A/cattle/Texas/24-008749-003/2024(H5N1)	2280	922
