PB1|PP755595.1|A/cattle/Texas/24-008749-003/2024(H5N1)	1	1286
PB1|PP755595.1|A/cattle/Texas/24-008749-003/2024(H5N1)	2	1290
PB1|PP755595.1|A/cattle/Texas/24-008749-003/2024(H5N1)	3	1292
PB1|PP755595.1|A/cattle/Texas/24-008749-003/2024(H5N1)	4	1317
PB1|PP755595.1|A/cattle/Texas/24-008749-003/2024(H5N1)	5	1354
PB1|PP755595.1|A/cattle/Texas/24-008749-003/2024(H5N1)	6	1368
PB1|PP755595.1|A/cattle/Texas/24-008749-003/2024(H5N1)	7	1369
PB1|PP755595.1|A/cattle/Texas/24-008749-003/2024(H5N1)	8	1373
PB1|PP755595.1|A/cattle/Texas/24-008749-003/2024(H5N1)	9	1401
PB1|PP755595.1|A/cattle/Texas/24-008749-003/2024(H5N1)	10	1407
PB1|PP755595.1|A/cattle/Texas/24-008749-003/2024(H5N1)	11	1409
PB1|PP755595.1|A/cattle/Texas/24-008749-003/2024(H5N1)	12	1409
PB1|PP755595.1|A/cattle/Texas/24-008749-003/2024(H5N1)	13	1413
PB1|PP755595.1|A/cattle/Texas/24-008749-003/2024(H5N1)	14	1423
PB1|PP755595.1|A/cattle/Texas/24-008749-003/2024(H5N1)	15	1433
PB1|PP755595.1|A/cattle/Texas/24-008749-003/2024(H5N1)	16	1465
PB1|PP755595.1|A/cattle/Texas/24-008749-003/2024(H5N1)	17	1466
PB1|PP755595.1|A/cattle/Texas/24-008749-003/2024(H5N1)	18	1466
PB1|PP755595.1|A/cattle/Texas/24-008749-003/2024(H5N1)	19	1468
PB1|PP755595.1|A/cattle/Texas/24-008749-003/2024(H5N1)	20	1470
PB1|PP755595.1|A/cattle/Texas/24-008749-003/2024(H5N1)	21	1470
PB1|PP755595.1|A/cattle/Texas/24-008749-003/2024(H5N1)	22	1472
PB1|PP755595.1|A/cattle/Texas/24-008749-003/2024(H5N1)	23	1472
PB1|PP755595.1|A/cattle/Texas/24-008749-003/2024(H5N1)	24	1477
PB1|PP755595.1|A/cattle/Texas/24-008749-003/2024(H5N1)	25	1478
PB1|PP755595.1|A/cattle/Texas/24-008749-003/2024(H5N1)	26	1520
PB1|PP755595.1|A/cattle/Texas/24-008749-003/2024(H5N1)	27	1525
PB1|PP755595.1|A/cattle/Texas/24-008749-003/2024(H5N1)	28	1527
PB1|PP755595.1|A/cattle/Texas/24-008749-003/2024(H5N1)	29	1530
PB1|PP755595.1|A/cattle/Texas/24-008749-003/2024(H5N1)	30	1531
PB1|PP755595.1|A/cattle/Texas/24-008749-003/2024(H5N1)	31	1532
PB1|PP755595.1|A/cattle/Texas/24-008749-003/2024(H5N1)	32	1540
PB1|PP755595.1|A/cattle/Texas/24-008749-003/2024(H5N1)	33	1540
PB1|PP755595.1|A/cattle/Texas/24-008749-003/2024(H5N1)	34	1554
PB1|PP755595.1|A/cattle/Texas/24-008749-003/2024(H5N1)	35	1368
PB1|PP755595.1|A/cattle/Texas/24-008749-003/2024(H5N1)	36	1370
PB1|PP755595.1|A/cattle/Texas/24-008749-003/2024(H5N1)	37	1595
PB1|PP755595.1|A/cattle/Texas/24-008749-003/2024(H5N1)	38	1595
PB1|PP755595.1|A/cattle/Texas/24-008749-003/2024(H5N1)	39	1595
PB1|PP755595.1|A/cattle/Texas/24-008749-003/2024(H5N1)	40	1639
PB1|PP755595.1|A/cattle/Texas/24-008749-003/2024(H5N1)	41	1663
PB1|PP755595.1|A/cattle/Texas/24-008749-003/2024(H5N1)	42	1663
PB1|PP755595.1|A/cattle/Texas/24-008749-003/2024(H5N1)	43	1674
PB1|PP755595.1|A/cattle/Texas/24-008749-003/2024(H5N1)	44	1676
PB1|PP755595.1|A/cattle/Texas/24-008749-003/2024(H5N1)	45	1684
PB1|PP755595.1|A/cattle/Texas/24-008749-003/2024(H5N1)	46	1685
PB1|PP755595.1|A/cattle/Texas/24-008749-003/2024(H5N1)	47	1704
PB1|PP755595.1|A/cattle/Texas/24-008749-003/2024(H5N1)	48	1754
PB1|PP755595.1|A/cattle/Texas/24-008749-003/2024(H5N1)	49	1801
PB1|PP755595.1|A/cattle/Texas/24-008749-003/2024(H5N1)	50	1810
PB1|PP755595.1|A/cattle/Texas/24-008749-003/2024(H5N1)	51	1826
PB1|PP755595.1|A/cattle/Texas/24-008749-003/2024(H5N1)	52	1827
PB1|PP755595.1|A/cattle/Texas/24-008749-003/2024(H5N1)	53	1842
PB1|PP755595.1|A/cattle/Texas/24-008749-003/2024(H5N1)	54	1902
PB1|PP755595.1|A/cattle/Texas/24-008749-003/2024(H5N1)	55	1902
PB1|PP755595.1|A/cattle/Texas/24-008749-003/2024(H5N1)	56	1957
PB1|PP755595.1|A/cattle/Texas/24-008749-003/2024(H5N1)	57	1964
PB1|PP755595.1|A/cattle/Texas/24-008749-003/2024(H5N1)	58	1985
PB1|PP755595.1|A/cattle/Texas/24-008749-003/2024(H5N1)	59	2018
PB1|PP755595.1|A/cattle/Texas/24-008749-003/2024(H5N1)	60	2018
PB1|PP755595.1|A/cattle/Texas/24-008749-003/2024(H5N1)	61	2027
PB1|PP755595.1|A/cattle/Texas/24-008749-003/2024(H5N1)	62	2035
PB1|PP755595.1|A/cattle/Texas/24-008749-003/2024(H5N1)	63	2044
PB1|PP755595.1|A/cattle/Texas/24-008749-003/2024(H5N1)	64	2068
PB1|PP755595.1|A/cattle/Texas/24-008749-003/2024(H5N1)	65	2073
PB1|PP755595.1|A/cattle/Texas/24-008749-003/2024(H5N1)	66	2280
PB1|PP755595.1|A/cattle/Texas/24-008749-003/2024(H5N1)	67	2282
PB1|PP755595.1|A/cattle/Texas/24-008749-003/2024(H5N1)	68	2282
PB1|PP755595.1|A/cattle/Texas/24-008749-003/2024(H5N1)	69	2282
PB1|PP755595.1|A/cattle/Texas/24-008749-003/2024(H5N1)	70	2297
PB1|PP755595.1|A/cattle/Texas/24-008749-003/2024(H5N1)	71	2378
PB1|PP755595.1|A/cattle/Texas/24-008749-003/2024(H5N1)	72	2411
PB1|PP755595.1|A/cattle/Texas/24-008749-003/2024(H5N1)	73	2442
PB1|PP755595.1|A/cattle/Texas/24-008749-003/2024(H5N1)	74	2461
PB1|PP755595.1|A/cattle/Texas/24-008749-003/2024(H5N1)	75	2484
PB1|PP755595.1|A/cattle/Texas/24-008749-003/2024(H5N1)	76	2505
PB1|PP755595.1|A/cattle/Texas/24-008749-003/2024(H5N1)	77	2519
PB1|PP755595.1|A/cattle/Texas/24-008749-003/2024(H5N1)	78	2530
PB1|PP755595.1|A/cattle/Texas/24-008749-003/2024(H5N1)	79	2531
PB1|PP755595.1|A/cattle/Texas/24-008749-003/2024(H5N1)	80	2575
PB1|PP755595.1|A/cattle/Texas/24-008749-003/2024(H5N1)	81	2581
PB1|PP755595.1|A/cattle/Texas/24-008749-003/2024(H5N1)	82	2670
PB1|PP755595.1|A/cattle/Texas/24-008749-003/2024(H5N1)	83	2679
PB1|PP755595.1|A/cattle/Texas/24-008749-003/2024(H5N1)	84	2686
PB1|PP755595.1|A/cattle/Texas/24-008749-003/2024(H5N1)	85	2775
PB1|PP755595.1|A/cattle/Texas/24-008749-003/2024(H5N1)	86	2796
PB1|PP755595.1|A/cattle/Texas/24-008749-003/2024(H5N1)	87	2800
PB1|PP755595.1|A/cattle/Texas/24-008749-003/2024(H5N1)	88	2804
PB1|PP755595.1|A/cattle/Texas/24-008749-003/2024(H5N1)	89	2805
PB1|PP755595.1|A/cattle/Texas/24-008749-003/2024(H5N1)	90	2813
PB1|PP755595.1|A/cattle/Texas/24-008749-003/2024(H5N1)	91	2813
PB1|PP755595.1|A/cattle/Texas/24-008749-003/2024(H5N1)	92	2855
PB1|PP755595.1|A/cattle/Texas/24-008749-003/2024(H5N1)	93	2885
PB1|PP755595.1|A/cattle/Texas/24-008749-003/2024(H5N1)	94	2867
PB1|PP755595.1|A/cattle/Texas/24-008749-003/2024(H5N1)	95	2877
PB1|PP755595.1|A/cattle/Texas/24-008749-003/2024(H5N1)	96	2876
PB1|PP755595.1|A/cattle/Texas/24-008749-003/2024(H5N1)	97	2877
PB1|PP755595.1|A/cattle/Texas/24-008749-003/2024(H5N1)	98	2877
PB1|PP755595.1|A/cattle/Texas/24-008749-003/2024(H5N1)	99	2877
PB1|PP755595.1|A/cattle/Texas/24-008749-003/2024(H5N1)	100	2877
PB1|PP755595.1|A/cattle/Texas/24-008749-003/2024(H5N1)	101	2867
PB1|PP755595.1|A/cattle/Texas/24-008749-003/2024(H5N1)	102	2859
PB1|PP755595.1|A/cattle/Texas/24-008749-003/2024(H5N1)	103	2858
PB1|PP755595.1|A/cattle/Texas/24-008749-003/2024(H5N1)	104	2855
PB1|PP755595.1|A/cattle/Texas/24-008749-003/2024(H5N1)	105	2843
PB1|PP755595.1|A/cattle/Texas/24-008749-003/2024(H5N1)	106	2843
PB1|PP755595.1|A/cattle/Texas/24-008749-003/2024(H5N1)	107	2843
PB1|PP755595.1|A/cattle/Texas/24-008749-003/2024(H5N1)	108	2829
PB1|PP755595.1|A/cattle/Texas/24-008749-003/2024(H5N1)	109	2829
PB1|PP755595.1|A/cattle/Texas/24-008749-003/2024(H5N1)	110	2825
PB1|PP755595.1|A/cattle/Texas/24-008749-003/2024(H5N1)	111	2576
PB1|PP755595.1|A/cattle/Texas/24-008749-003/2024(H5N1)	112	2567
PB1|PP755595.1|A/cattle/Texas/24-008749-003/2024(H5N1)	113	2561
PB1|PP755595.1|A/cattle/Texas/24-008749-003/2024(H5N1)	114	2561
PB1|PP755595.1|A/cattle/Texas/24-008749-003/2024(H5N1)	115	2561
PB1|PP755595.1|A/cattle/Texas/24-008749-003/2024(H5N1)	116	2561
PB1|PP755595.1|A/cattle/Texas/24-008749-003/2024(H5N1)	117	2533
PB1|PP755595.1|A/cattle/Texas/24-008749-003/2024(H5N1)	118	3016
PB1|PP755595.1|A/cattle/Texas/24-008749-003/2024(H5N1)	119	3017
PB1|PP755595.1|A/cattle/Texas/24-008749-003/2024(H5N1)	120	3031
PB1|PP755595.1|A/cattle/Texas/24-008749-003/2024(H5N1)	121	3035
PB1|PP755595.1|A/cattle/Texas/24-008749-003/2024(H5N1)	122	3042
PB1|PP755595.1|A/cattle/Texas/24-008749-003/2024(H5N1)	123	3041
PB1|PP755595.1|A/cattle/Texas/24-008749-003/2024(H5N1)	124	3036
PB1|PP755595.1|A/cattle/Texas/24-008749-003/2024(H5N1)	125	3021
PB1|PP755595.1|A/cattle/Texas/24-008749-003/2024(H5N1)	126	3017
PB1|PP755595.1|A/cattle/Texas/24-008749-003/2024(H5N1)	127	2544
PB1|PP755595.1|A/cattle/Texas/24-008749-003/2024(H5N1)	128	2483
PB1|PP755595.1|A/cattle/Texas/24-008749-003/2024(H5N1)	129	2312
PB1|PP755595.1|A/cattle/Texas/24-008749-003/2024(H5N1)	130	2426
PB1|PP755595.1|A/cattle/Texas/24-008749-003/2024(H5N1)	131	2423
PB1|PP755595.1|A/cattle/Texas/24-008749-003/2024(H5N1)	132	2416
PB1|PP755595.1|A/cattle/Texas/24-008749-003/2024(H5N1)	133	2410
PB1|PP755595.1|A/cattle/Texas/24-008749-003/2024(H5N1)	134	2431
PB1|PP755595.1|A/cattle/Texas/24-008749-003/2024(H5N1)	135	2429
PB1|PP755595.1|A/cattle/Texas/24-008749-003/2024(H5N1)	136	2418
PB1|PP755595.1|A/cattle/Texas/24-008749-003/2024(H5N1)	137	2383
PB1|PP755595.1|A/cattle/Texas/24-008749-003/2024(H5N1)	138	2358
PB1|PP755595.1|A/cattle/Texas/24-008749-003/2024(H5N1)	139	2551
PB1|PP755595.1|A/cattle/Texas/24-008749-003/2024(H5N1)	140	2550
PB1|PP755595.1|A/cattle/Texas/24-008749-003/2024(H5N1)	141	2582
PB1|PP755595.1|A/cattle/Texas/24-008749-003/2024(H5N1)	142	2566
PB1|PP755595.1|A/cattle/Texas/24-008749-003/2024(H5N1)	143	2555
PB1|PP755595.1|A/cattle/Texas/24-008749-003/2024(H5N1)	144	2535
PB1|PP755595.1|A/cattle/Texas/24-008749-003/2024(H5N1)	145	2531
PB1|PP755595.1|A/cattle/Texas/24-008749-003/2024(H5N1)	146	2514
PB1|PP755595.1|A/cattle/Texas/24-008749-003/2024(H5N1)	147	2478
PB1|PP755595.1|A/cattle/Texas/24-008749-003/2024(H5N1)	148	2465
PB1|PP755595.1|A/cattle/Texas/24-008749-003/2024(H5N1)	149	2455
PB1|PP755595.1|A/cattle/Texas/24-008749-003/2024(H5N1)	150	2436
PB1|PP755595.1|A/cattle/Texas/24-008749-003/2024(H5N1)	151	2434
PB1|PP755595.1|A/cattle/Texas/24-008749-003/2024(H5N1)	152	2426
PB1|PP755595.1|A/cattle/Texas/24-008749-003/2024(H5N1)	153	2194
PB1|PP755595.1|A/cattle/Texas/24-008749-003/2024(H5N1)	154	2186
PB1|PP755595.1|A/cattle/Texas/24-008749-003/2024(H5N1)	155	2195
PB1|PP755595.1|A/cattle/Texas/24-008749-003/2024(H5N1)	156	2183
PB1|PP755595.1|A/cattle/Texas/24-008749-003/2024(H5N1)	157	2228
PB1|PP755595.1|A/cattle/Texas/24-008749-003/2024(H5N1)	158	2237
PB1|PP755595.1|A/cattle/Texas/24-008749-003/2024(H5N1)	159	2235
PB1|PP755595.1|A/cattle/Texas/24-008749-003/2024(H5N1)	160	2445
PB1|PP755595.1|A/cattle/Texas/24-008749-003/2024(H5N1)	161	2447
PB1|PP755595.1|A/cattle/Texas/24-008749-003/2024(H5N1)	162	2448
PB1|PP755595.1|A/cattle/Texas/24-008749-003/2024(H5N1)	163	2448
PB1|PP755595.1|A/cattle/Texas/24-008749-003/2024(H5N1)	164	2455
PB1|PP755595.1|A/cattle/Texas/24-008749-003/2024(H5N1)	165	2450
PB1|PP755595.1|A/cattle/Texas/24-008749-003/2024(H5N1)	166	2446
PB1|PP755595.1|A/cattle/Texas/24-008749-003/2024(H5N1)	167	2448
PB1|PP755595.1|A/cattle/Texas/24-008749-003/2024(H5N1)	168	2449
PB1|PP755595.1|A/cattle/Texas/24-008749-003/2024(H5N1)	169	2447
PB1|PP755595.1|A/cattle/Texas/24-008749-003/2024(H5N1)	170	2449
PB1|PP755595.1|A/cattle/Texas/24-008749-003/2024(H5N1)	171	2444
PB1|PP755595.1|A/cattle/Texas/24-008749-003/2024(H5N1)	172	2436
PB1|PP755595.1|A/cattle/Texas/24-008749-003/2024(H5N1)	173	2457
PB1|PP755595.1|A/cattle/Texas/24-008749-003/2024(H5N1)	174	2470
PB1|PP755595.1|A/cattle/Texas/24-008749-003/2024(H5N1)	175	2468
PB1|PP755595.1|A/cattle/Texas/24-008749-003/2024(H5N1)	176	2451
PB1|PP755595.1|A/cattle/Texas/24-008749-003/2024(H5N1)	177	2443
PB1|PP755595.1|A/cattle/Texas/24-008749-003/2024(H5N1)	178	2444
PB1|PP755595.1|A/cattle/Texas/24-008749-003/2024(H5N1)	179	2465
PB1|PP755595.1|A/cattle/Texas/24-008749-003/2024(H5N1)	180	2484
PB1|PP755595.1|A/cattle/Texas/24-008749-003/2024(H5N1)	181	2485
PB1|PP755595.1|A/cattle/Texas/24-008749-003/2024(H5N1)	182	2486
PB1|PP755595.1|A/cattle/Texas/24-008749-003/2024(H5N1)	183	2482
PB1|PP755595.1|A/cattle/Texas/24-008749-003/2024(H5N1)	184	2481
PB1|PP755595.1|A/cattle/Texas/24-008749-003/2024(H5N1)	185	2481
PB1|PP755595.1|A/cattle/Texas/24-008749-003/2024(H5N1)	186	2479
PB1|PP755595.1|A/cattle/Texas/24-008749-003/2024(H5N1)	187	2480
PB1|PP755595.1|A/cattle/Texas/24-008749-003/2024(H5N1)	188	2519
PB1|PP755595.1|A/cattle/Texas/24-008749-003/2024(H5N1)	189	2509
PB1|PP755595.1|A/cattle/Texas/24-008749-003/2024(H5N1)	190	2604
PB1|PP755595.1|A/cattle/Texas/24-008749-003/2024(H5N1)	191	2595
PB1|PP755595.1|A/cattle/Texas/24-008749-003/2024(H5N1)	192	2597
PB1|PP755595.1|A/cattle/Texas/24-008749-003/2024(H5N1)	193	2601
PB1|PP755595.1|A/cattle/Texas/24-008749-003/2024(H5N1)	194	2594
PB1|PP755595.1|A/cattle/Texas/24-008749-003/2024(H5N1)	195	2654
PB1|PP755595.1|A/cattle/Texas/24-008749-003/2024(H5N1)	196	2647
PB1|PP755595.1|A/cattle/Texas/24-008749-003/2024(H5N1)	197	2640
PB1|PP755595.1|A/cattle/Texas/24-008749-003/2024(H5N1)	198	2636
PB1|PP755595.1|A/cattle/Texas/24-008749-003/2024(H5N1)	199	2589
PB1|PP755595.1|A/cattle/Texas/24-008749-003/2024(H5N1)	200	2574
PB1|PP755595.1|A/cattle/Texas/24-008749-003/2024(H5N1)	201	2556
PB1|PP755595.1|A/cattle/Texas/24-008749-003/2024(H5N1)	202	2554
PB1|PP755595.1|A/cattle/Texas/24-008749-003/2024(H5N1)	203	2581
PB1|PP755595.1|A/cattle/Texas/24-008749-003/2024(H5N1)	204	2561
PB1|PP755595.1|A/cattle/Texas/24-008749-003/2024(H5N1)	205	2568
PB1|PP755595.1|A/cattle/Texas/24-008749-003/2024(H5N1)	206	2572
PB1|PP755595.1|A/cattle/Texas/24-008749-003/2024(H5N1)	207	2533
PB1|PP755595.1|A/cattle/Texas/24-008749-003/2024(H5N1)	208	2519
PB1|PP755595.1|A/cattle/Texas/24-008749-003/2024(H5N1)	209	2458
PB1|PP755595.1|A/cattle/Texas/24-008749-003/2024(H5N1)	210	2418
PB1|PP755595.1|A/cattle/Texas/24-008749-003/2024(H5N1)	211	2415
PB1|PP755595.1|A/cattle/Texas/24-008749-003/2024(H5N1)	212	2405
PB1|PP755595.1|A/cattle/Texas/24-008749-003/2024(H5N1)	213	1927
PB1|PP755595.1|A/cattle/Texas/24-008749-003/2024(H5N1)	214	1916
PB1|PP755595.1|A/cattle/Texas/24-008749-003/2024(H5N1)	215	1916
PB1|PP755595.1|A/cattle/Texas/24-008749-003/2024(H5N1)	216	1892
PB1|PP755595.1|A/cattle/Texas/24-008749-003/2024(H5N1)	217	1772
PB1|PP755595.1|A/cattle/Texas/24-008749-003/2024(H5N1)	218	1776
PB1|PP755595.1|A/cattle/Texas/24-008749-003/2024(H5N1)	219	1791
PB1|PP755595.1|A/cattle/Texas/24-008749-003/2024(H5N1)	220	1891
PB1|PP755595.1|A/cattle/Texas/24-008749-003/2024(H5N1)	221	1891
PB1|PP755595.1|A/cattle/Texas/24-008749-003/2024(H5N1)	222	1891
PB1|PP755595.1|A/cattle/Texas/24-008749-003/2024(H5N1)	223	1906
PB1|PP755595.1|A/cattle/Texas/24-008749-003/2024(H5N1)	224	1904
PB1|PP755595.1|A/cattle/Texas/24-008749-003/2024(H5N1)	225	1890
PB1|PP755595.1|A/cattle/Texas/24-008749-003/2024(H5N1)	226	1915
PB1|PP755595.1|A/cattle/Texas/24-008749-003/2024(H5N1)	227	1918
PB1|PP755595.1|A/cattle/Texas/24-008749-003/2024(H5N1)	228	1935
PB1|PP755595.1|A/cattle/Texas/24-008749-003/2024(H5N1)	229	1906
PB1|PP755595.1|A/cattle/Texas/24-008749-003/2024(H5N1)	230	1906
PB1|PP755595.1|A/cattle/Texas/24-008749-003/2024(H5N1)	231	1901
PB1|PP755595.1|A/cattle/Texas/24-008749-003/2024(H5N1)	232	1903
PB1|PP755595.1|A/cattle/Texas/24-008749-003/2024(H5N1)	233	1914
PB1|PP755595.1|A/cattle/Texas/24-008749-003/2024(H5N1)	234	1948
PB1|PP755595.1|A/cattle/Texas/24-008749-003/2024(H5N1)	235	2172
PB1|PP755595.1|A/cattle/Texas/24-008749-003/2024(H5N1)	236	2171
PB1|PP755595.1|A/cattle/Texas/24-008749-003/2024(H5N1)	237	2178
PB1|PP755595.1|A/cattle/Texas/24-008749-003/2024(H5N1)	238	2179
PB1|PP755595.1|A/cattle/Texas/24-008749-003/2024(H5N1)	239	2182
PB1|PP755595.1|A/cattle/Texas/24-008749-003/2024(H5N1)	240	2279
PB1|PP755595.1|A/cattle/Texas/24-008749-003/2024(H5N1)	241	2281
PB1|PP755595.1|A/cattle/Texas/24-008749-003/2024(H5N1)	242	2388
PB1|PP755595.1|A/cattle/Texas/24-008749-003/2024(H5N1)	243	2391
PB1|PP755595.1|A/cattle/Texas/24-008749-003/2024(H5N1)	244	2392
PB1|PP755595.1|A/cattle/Texas/24-008749-003/2024(H5N1)	245	2410
PB1|PP755595.1|A/cattle/Texas/24-008749-003/2024(H5N1)	246	2448
PB1|PP755595.1|A/cattle/Texas/24-008749-003/2024(H5N1)	247	2459
PB1|PP755595.1|A/cattle/Texas/24-008749-003/2024(H5N1)	248	2458
PB1|PP755595.1|A/cattle/Texas/24-008749-003/2024(H5N1)	249	2457
PB1|PP755595.1|A/cattle/Texas/24-008749-003/2024(H5N1)	250	2453
PB1|PP755595.1|A/cattle/Texas/24-008749-003/2024(H5N1)	251	2419
PB1|PP755595.1|A/cattle/Texas/24-008749-003/2024(H5N1)	252	2416
PB1|PP755595.1|A/cattle/Texas/24-008749-003/2024(H5N1)	253	2388
PB1|PP755595.1|A/cattle/Texas/24-008749-003/2024(H5N1)	254	2356
PB1|PP755595.1|A/cattle/Texas/24-008749-003/2024(H5N1)	255	1916
PB1|PP755595.1|A/cattle/Texas/24-008749-003/2024(H5N1)	256	1916
PB1|PP755595.1|A/cattle/Texas/24-008749-003/2024(H5N1)	257	1916
PB1|PP755595.1|A/cattle/Texas/24-008749-003/2024(H5N1)	258	1916
PB1|PP755595.1|A/cattle/Texas/24-008749-003/2024(H5N1)	259	1916
PB1|PP755595.1|A/cattle/Texas/24-008749-003/2024(H5N1)	260	1916
PB1|PP755595.1|A/cattle/Texas/24-008749-003/2024(H5N1)	261	1916
PB1|PP755595.1|A/cattle/Texas/24-008749-003/2024(H5N1)	262	1916
PB1|PP755595.1|A/cattle/Texas/24-008749-003/2024(H5N1)	263	1916
PB1|PP755595.1|A/cattle/Texas/24-008749-003/2024(H5N1)	264	1915
PB1|PP755595.1|A/cattle/Texas/24-008749-003/2024(H5N1)	265	1915
PB1|PP755595.1|A/cattle/Texas/24-008749-003/2024(H5N1)	266	1923
PB1|PP755595.1|A/cattle/Texas/24-008749-003/2024(H5N1)	267	1925
PB1|PP755595.1|A/cattle/Texas/24-008749-003/2024(H5N1)	268	2118
PB1|PP755595.1|A/cattle/Texas/24-008749-003/2024(H5N1)	269	2127
PB1|PP755595.1|A/cattle/Texas/24-008749-003/2024(H5N1)	270	2135
PB1|PP755595.1|A/cattle/Texas/24-008749-003/2024(H5N1)	271	2143
PB1|PP755595.1|A/cattle/Texas/24-008749-003/2024(H5N1)	272	2161
PB1|PP755595.1|A/cattle/Texas/24-008749-003/2024(H5N1)	273	2165
PB1|PP755595.1|A/cattle/Texas/24-008749-003/2024(H5N1)	274	2171
PB1|PP755595.1|A/cattle/Texas/24-008749-003/2024(H5N1)	275	2172
PB1|PP755595.1|A/cattle/Texas/24-008749-003/2024(H5N1)	276	2186
PB1|PP755595.1|A/cattle/Texas/24-008749-003/2024(H5N1)	277	2190
PB1|PP755595.1|A/cattle/Texas/24-008749-003/2024(H5N1)	278	2234
PB1|PP755595.1|A/cattle/Texas/24-008749-003/2024(H5N1)	279	2234
PB1|PP755595.1|A/cattle/Texas/24-008749-003/2024(H5N1)	280	2234
PB1|PP755595.1|A/cattle/Texas/24-008749-003/2024(H5N1)	281	2355
PB1|PP755595.1|A/cattle/Texas/24-008749-003/2024(H5N1)	282	2391
PB1|PP755595.1|A/cattle/Texas/24-008749-003/2024(H5N1)	283	2370
PB1|PP755595.1|A/cattle/Texas/24-008749-003/2024(H5N1)	284	2369
PB1|PP755595.1|A/cattle/Texas/24-008749-003/2024(H5N1)	285	2351
PB1|PP755595.1|A/cattle/Texas/24-008749-003/2024(H5N1)	286	2365
PB1|PP755595.1|A/cattle/Texas/24-008749-003/2024(H5N1)	287	2359
PB1|PP755595.1|A/cattle/Texas/24-008749-003/2024(H5N1)	288	2295
PB1|PP755595.1|A/cattle/Texas/24-008749-003/2024(H5N1)	289	2392
PB1|PP755595.1|A/cattle/Texas/24-008749-003/2024(H5N1)	290	2188
PB1|PP755595.1|A/cattle/Texas/24-008749-003/2024(H5N1)	291	2266
PB1|PP755595.1|A/cattle/Texas/24-008749-003/2024(H5N1)	292	2500
PB1|PP755595.1|A/cattle/Texas/24-008749-003/2024(H5N1)	293	2512
PB1|PP755595.1|A/cattle/Texas/24-008749-003/2024(H5N1)	294	2477
PB1|PP755595.1|A/cattle/Texas/24-008749-003/2024(H5N1)	295	2676
PB1|PP755595.1|A/cattle/Texas/24-008749-003/2024(H5N1)	296	2702
PB1|PP755595.1|A/cattle/Texas/24-008749-003/2024(H5N1)	297	2691
PB1|PP755595.1|A/cattle/Texas/24-008749-003/2024(H5N1)	298	2695
PB1|PP755595.1|A/cattle/Texas/24-008749-003/2024(H5N1)	299	2691
PB1|PP755595.1|A/cattle/Texas/24-008749-003/2024(H5N1)	300	2545
PB1|PP755595.1|A/cattle/Texas/24-008749-003/2024(H5N1)	301	2550
PB1|PP755595.1|A/cattle/Texas/24-008749-003/2024(H5N1)	302	2555
PB1|PP755595.1|A/cattle/Texas/24-008749-003/2024(H5N1)	303	2563
PB1|PP755595.1|A/cattle/Texas/24-008749-003/2024(H5N1)	304	2567
PB1|PP755595.1|A/cattle/Texas/24-008749-003/2024(H5N1)	305	2568
PB1|PP755595.1|A/cattle/Texas/24-008749-003/2024(H5N1)	306	2534
PB1|PP755595.1|A/cattle/Texas/24-008749-003/2024(H5N1)	307	2535
PB1|PP755595.1|A/cattle/Texas/24-008749-003/2024(H5N1)	308	2536
PB1|PP755595.1|A/cattle/Texas/24-008749-003/2024(H5N1)	309	2541
PB1|PP755595.1|A/cattle/Texas/24-008749-003/2024(H5N1)	310	2542
PB1|PP755595.1|A/cattle/Texas/24-008749-003/2024(H5N1)	311	2555
PB1|PP755595.1|A/cattle/Texas/24-008749-003/2024(H5N1)	312	2553
PB1|PP755595.1|A/cattle/Texas/24-008749-003/2024(H5N1)	313	2552
PB1|PP755595.1|A/cattle/Texas/24-008749-003/2024(H5N1)	314	2553
PB1|PP755595.1|A/cattle/Texas/24-008749-003/2024(H5N1)	315	2580
PB1|PP755595.1|A/cattle/Texas/24-008749-003/2024(H5N1)	316	2575
PB1|PP755595.1|A/cattle/Texas/24-008749-003/2024(H5N1)	317	2589
PB1|PP755595.1|A/cattle/Texas/24-008749-003/2024(H5N1)	318	2579
PB1|PP755595.1|A/cattle/Texas/24-008749-003/2024(H5N1)	319	2739
PB1|PP755595.1|A/cattle/Texas/24-008749-003/2024(H5N1)	320	2765
PB1|PP755595.1|A/cattle/Texas/24-008749-003/2024(H5N1)	321	2768
PB1|PP755595.1|A/cattle/Texas/24-008749-003/2024(H5N1)	322	2769
PB1|PP755595.1|A/cattle/Texas/24-008749-003/2024(H5N1)	323	2768
PB1|PP755595.1|A/cattle/Texas/24-008749-003/2024(H5N1)	324	2741
PB1|PP755595.1|A/cattle/Texas/24-008749-003/2024(H5N1)	325	2725
PB1|PP755595.1|A/cattle/Texas/24-008749-003/2024(H5N1)	326	2733
PB1|PP755595.1|A/cattle/Texas/24-008749-003/2024(H5N1)	327	2734
PB1|PP755595.1|A/cattle/Texas/24-008749-003/2024(H5N1)	328	2736
PB1|PP755595.1|A/cattle/Texas/24-008749-003/2024(H5N1)	329	2716
PB1|PP755595.1|A/cattle/Texas/24-008749-003/2024(H5N1)	330	2729
PB1|PP755595.1|A/cattle/Texas/24-008749-003/2024(H5N1)	331	2714
PB1|PP755595.1|A/cattle/Texas/24-008749-003/2024(H5N1)	332	2712
PB1|PP755595.1|A/cattle/Texas/24-008749-003/2024(H5N1)	333	2707
PB1|PP755595.1|A/cattle/Texas/24-008749-003/2024(H5N1)	334	2723
PB1|PP755595.1|A/cattle/Texas/24-008749-003/2024(H5N1)	335	2727
PB1|PP755595.1|A/cattle/Texas/24-008749-003/2024(H5N1)	336	2714
PB1|PP755595.1|A/cattle/Texas/24-008749-003/2024(H5N1)	337	2714
PB1|PP755595.1|A/cattle/Texas/24-008749-003/2024(H5N1)	338	2706
PB1|PP755595.1|A/cattle/Texas/24-008749-003/2024(H5N1)	339	2679
PB1|PP755595.1|A/cattle/Texas/24-008749-003/2024(H5N1)	340	2681
PB1|PP755595.1|A/cattle/Texas/24-008749-003/2024(H5N1)	341	2566
PB1|PP755595.1|A/cattle/Texas/24-008749-003/2024(H5N1)	342	2567
PB1|PP755595.1|A/cattle/Texas/24-008749-003/2024(H5N1)	343	2575
PB1|PP755595.1|A/cattle/Texas/24-008749-003/2024(H5N1)	344	2572
PB1|PP755595.1|A/cattle/Texas/24-008749-003/2024(H5N1)	345	2598
PB1|PP755595.1|A/cattle/Texas/24-008749-003/2024(H5N1)	346	2661
PB1|PP755595.1|A/cattle/Texas/24-008749-003/2024(H5N1)	347	2675
PB1|PP755595.1|A/cattle/Texas/24-008749-003/2024(H5N1)	348	2679
PB1|PP755595.1|A/cattle/Texas/24-008749-003/2024(H5N1)	349	2671
PB1|PP755595.1|A/cattle/Texas/24-008749-003/2024(H5N1)	350	2658
PB1|PP755595.1|A/cattle/Texas/24-008749-003/2024(H5N1)	351	2659
PB1|PP755595.1|A/cattle/Texas/24-008749-003/2024(H5N1)	352	2674
PB1|PP755595.1|A/cattle/Texas/24-008749-003/2024(H5N1)	353	2685
PB1|PP755595.1|A/cattle/Texas/24-008749-003/2024(H5N1)	354	2653
PB1|PP755595.1|A/cattle/Texas/24-008749-003/2024(H5N1)	355	2653
PB1|PP755595.1|A/cattle/Texas/24-008749-003/2024(H5N1)	356	2603
PB1|PP755595.1|A/cattle/Texas/24-008749-003/2024(H5N1)	357	2599
PB1|PP755595.1|A/cattle/Texas/24-008749-003/2024(H5N1)	358	2596
PB1|PP755595.1|A/cattle/Texas/24-008749-003/2024(H5N1)	359	2588
PB1|PP755595.1|A/cattle/Texas/24-008749-003/2024(H5N1)	360	2587
PB1|PP755595.1|A/cattle/Texas/24-008749-003/2024(H5N1)	361	2553
PB1|PP755595.1|A/cattle/Texas/24-008749-003/2024(H5N1)	362	2545
PB1|PP755595.1|A/cattle/Texas/24-008749-003/2024(H5N1)	363	1836
PB1|PP755595.1|A/cattle/Texas/24-008749-003/2024(H5N1)	364	1757
PB1|PP755595.1|A/cattle/Texas/24-008749-003/2024(H5N1)	365	1757
PB1|PP755595.1|A/cattle/Texas/24-008749-003/2024(H5N1)	366	1757
PB1|PP755595.1|A/cattle/Texas/24-008749-003/2024(H5N1)	367	1763
PB1|PP755595.1|A/cattle/Texas/24-008749-003/2024(H5N1)	368	1770
PB1|PP755595.1|A/cattle/Texas/24-008749-003/2024(H5N1)	369	1770
PB1|PP755595.1|A/cattle/Texas/24-008749-003/2024(H5N1)	370	1771
PB1|PP755595.1|A/cattle/Texas/24-008749-003/2024(H5N1)	371	1785
PB1|PP755595.1|A/cattle/Texas/24-008749-003/2024(H5N1)	372	1787
PB1|PP755595.1|A/cattle/Texas/24-008749-003/2024(H5N1)	373	1803
PB1|PP755595.1|A/cattle/Texas/24-008749-003/2024(H5N1)	374	1804
PB1|PP755595.1|A/cattle/Texas/24-008749-003/2024(H5N1)	375	1804
PB1|PP755595.1|A/cattle/Texas/24-008749-003/2024(H5N1)	376	1833
PB1|PP755595.1|A/cattle/Texas/24-008749-003/2024(H5N1)	377	1833
PB1|PP755595.1|A/cattle/Texas/24-008749-003/2024(H5N1)	378	1837
PB1|PP755595.1|A/cattle/Texas/24-008749-003/2024(H5N1)	379	2152
PB1|PP755595.1|A/cattle/Texas/24-008749-003/2024(H5N1)	380	2152
PB1|PP755595.1|A/cattle/Texas/24-008749-003/2024(H5N1)	381	2168
PB1|PP755595.1|A/cattle/Texas/24-008749-003/2024(H5N1)	382	2245
PB1|PP755595.1|A/cattle/Texas/24-008749-003/2024(H5N1)	383	2258
PB1|PP755595.1|A/cattle/Texas/24-008749-003/2024(H5N1)	384	2258
PB1|PP755595.1|A/cattle/Texas/24-008749-003/2024(H5N1)	385	2264
PB1|PP755595.1|A/cattle/Texas/24-008749-003/2024(H5N1)	386	2273
PB1|PP755595.1|A/cattle/Texas/24-008749-003/2024(H5N1)	387	2287
PB1|PP755595.1|A/cattle/Texas/24-008749-003/2024(H5N1)	388	2287
PB1|PP755595.1|A/cattle/Texas/24-008749-003/2024(H5N1)	389	2296
PB1|PP755595.1|A/cattle/Texas/24-008749-003/2024(H5N1)	390	2300
PB1|PP755595.1|A/cattle/Texas/24-008749-003/2024(H5N1)	391	2300
PB1|PP755595.1|A/cattle/Texas/24-008749-003/2024(H5N1)	392	2300
PB1|PP755595.1|A/cattle/Texas/24-008749-003/2024(H5N1)	393	2300
PB1|PP755595.1|A/cattle/Texas/24-008749-003/2024(H5N1)	394	2300
PB1|PP755595.1|A/cattle/Texas/24-008749-003/2024(H5N1)	395	2295
PB1|PP755595.1|A/cattle/Texas/24-008749-003/2024(H5N1)	396	2277
PB1|PP755595.1|A/cattle/Texas/24-008749-003/2024(H5N1)	397	2225
PB1|PP755595.1|A/cattle/Texas/24-008749-003/2024(H5N1)	398	2225
PB1|PP755595.1|A/cattle/Texas/24-008749-003/2024(H5N1)	399	2225
PB1|PP755595.1|A/cattle/Texas/24-008749-003/2024(H5N1)	400	2225
PB1|PP755595.1|A/cattle/Texas/24-008749-003/2024(H5N1)	401	2211
PB1|PP755595.1|A/cattle/Texas/24-008749-003/2024(H5N1)	402	2211
PB1|PP755595.1|A/cattle/Texas/24-008749-003/2024(H5N1)	403	2211
PB1|PP755595.1|A/cattle/Texas/24-008749-003/2024(H5N1)	404	2211
PB1|PP755595.1|A/cattle/Texas/24-008749-003/2024(H5N1)	405	2206
PB1|PP755595.1|A/cattle/Texas/24-008749-003/2024(H5N1)	406	2191
PB1|PP755595.1|A/cattle/Texas/24-008749-003/2024(H5N1)	407	2174
PB1|PP755595.1|A/cattle/Texas/24-008749-003/2024(H5N1)	408	2153
PB1|PP755595.1|A/cattle/Texas/24-008749-003/2024(H5N1)	409	2149
PB1|PP755595.1|A/cattle/Texas/24-008749-003/2024(H5N1)	410	2134
PB1|PP755595.1|A/cattle/Texas/24-008749-003/2024(H5N1)	411	2133
PB1|PP755595.1|A/cattle/Texas/24-008749-003/2024(H5N1)	412	2133
PB1|PP755595.1|A/cattle/Texas/24-008749-003/2024(H5N1)	413	2133
PB1|PP755595.1|A/cattle/Texas/24-008749-003/2024(H5N1)	414	2127
PB1|PP755595.1|A/cattle/Texas/24-008749-003/2024(H5N1)	415	2139
PB1|PP755595.1|A/cattle/Texas/24-008749-003/2024(H5N1)	416	2139
PB1|PP755595.1|A/cattle/Texas/24-008749-003/2024(H5N1)	417	2139
PB1|PP755595.1|A/cattle/Texas/24-008749-003/2024(H5N1)	418	2139
PB1|PP755595.1|A/cattle/Texas/24-008749-003/2024(H5N1)	419	2131
PB1|PP755595.1|A/cattle/Texas/24-008749-003/2024(H5N1)	420	2131
PB1|PP755595.1|A/cattle/Texas/24-008749-003/2024(H5N1)	421	2124
PB1|PP755595.1|A/cattle/Texas/24-008749-003/2024(H5N1)	422	2113
PB1|PP755595.1|A/cattle/Texas/24-008749-003/2024(H5N1)	423	2102
PB1|PP755595.1|A/cattle/Texas/24-008749-003/2024(H5N1)	424	2099
PB1|PP755595.1|A/cattle/Texas/24-008749-003/2024(H5N1)	425	2090
PB1|PP755595.1|A/cattle/Texas/24-008749-003/2024(H5N1)	426	1231
PB1|PP755595.1|A/cattle/Texas/24-008749-003/2024(H5N1)	427	1227
PB1|PP755595.1|A/cattle/Texas/24-008749-003/2024(H5N1)	428	1227
PB1|PP755595.1|A/cattle/Texas/24-008749-003/2024(H5N1)	429	1227
PB1|PP755595.1|A/cattle/Texas/24-008749-003/2024(H5N1)	430	1270
PB1|PP755595.1|A/cattle/Texas/24-008749-003/2024(H5N1)	431	1270
PB1|PP755595.1|A/cattle/Texas/24-008749-003/2024(H5N1)	432	1270
PB1|PP755595.1|A/cattle/Texas/24-008749-003/2024(H5N1)	433	1290
PB1|PP755595.1|A/cattle/Texas/24-008749-003/2024(H5N1)	434	1475
PB1|PP755595.1|A/cattle/Texas/24-008749-003/2024(H5N1)	435	1489
PB1|PP755595.1|A/cattle/Texas/24-008749-003/2024(H5N1)	436	2005
PB1|PP755595.1|A/cattle/Texas/24-008749-003/2024(H5N1)	437	2252
PB1|PP755595.1|A/cattle/Texas/24-008749-003/2024(H5N1)	438	2257
PB1|PP755595.1|A/cattle/Texas/24-008749-003/2024(H5N1)	439	2282
PB1|PP755595.1|A/cattle/Texas/24-008749-003/2024(H5N1)	440	2282
PB1|PP755595.1|A/cattle/Texas/24-008749-003/2024(H5N1)	441	2282
PB1|PP755595.1|A/cattle/Texas/24-008749-003/2024(H5N1)	442	2286
PB1|PP755595.1|A/cattle/Texas/24-008749-003/2024(H5N1)	443	2288
PB1|PP755595.1|A/cattle/Texas/24-008749-003/2024(H5N1)	444	2290
PB1|PP755595.1|A/cattle/Texas/24-008749-003/2024(H5N1)	445	2302
PB1|PP755595.1|A/cattle/Texas/24-008749-003/2024(H5N1)	446	2304
PB1|PP755595.1|A/cattle/Texas/24-008749-003/2024(H5N1)	447	2301
PB1|PP755595.1|A/cattle/Texas/24-008749-003/2024(H5N1)	448	2295
PB1|PP755595.1|A/cattle/Texas/24-008749-003/2024(H5N1)	449	2304
PB1|PP755595.1|A/cattle/Texas/24-008749-003/2024(H5N1)	450	2305
PB1|PP755595.1|A/cattle/Texas/24-008749-003/2024(H5N1)	451	2303
PB1|PP755595.1|A/cattle/Texas/24-008749-003/2024(H5N1)	452	2332
PB1|PP755595.1|A/cattle/Texas/24-008749-003/2024(H5N1)	453	2327
PB1|PP755595.1|A/cattle/Texas/24-008749-003/2024(H5N1)	454	2338
PB1|PP755595.1|A/cattle/Texas/24-008749-003/2024(H5N1)	455	2334
PB1|PP755595.1|A/cattle/Texas/24-008749-003/2024(H5N1)	456	2276
PB1|PP755595.1|A/cattle/Texas/24-008749-003/2024(H5N1)	457	2274
PB1|PP755595.1|A/cattle/Texas/24-008749-003/2024(H5N1)	458	2271
PB1|PP755595.1|A/cattle/Texas/24-008749-003/2024(H5N1)	459	2280
PB1|PP755595.1|A/cattle/Texas/24-008749-003/2024(H5N1)	460	2269
PB1|PP755595.1|A/cattle/Texas/24-008749-003/2024(H5N1)	461	2398
PB1|PP755595.1|A/cattle/Texas/24-008749-003/2024(H5N1)	462	2428
PB1|PP755595.1|A/cattle/Texas/24-008749-003/2024(H5N1)	463	2430
PB1|PP755595.1|A/cattle/Texas/24-008749-003/2024(H5N1)	464	2436
PB1|PP755595.1|A/cattle/Texas/24-008749-003/2024(H5N1)	465	2436
PB1|PP755595.1|A/cattle/Texas/24-008749-003/2024(H5N1)	466	2457
PB1|PP755595.1|A/cattle/Texas/24-008749-003/2024(H5N1)	467	2452
PB1|PP755595.1|A/cattle/Texas/24-008749-003/2024(H5N1)	468	2434
PB1|PP755595.1|A/cattle/Texas/24-008749-003/2024(H5N1)	469	2443
PB1|PP755595.1|A/cattle/Texas/24-008749-003/2024(H5N1)	470	2348
PB1|PP755595.1|A/cattle/Texas/24-008749-003/2024(H5N1)	471	2355
PB1|PP755595.1|A/cattle/Texas/24-008749-003/2024(H5N1)	472	2352
PB1|PP755595.1|A/cattle/Texas/24-008749-003/2024(H5N1)	473	2351
PB1|PP755595.1|A/cattle/Texas/24-008749-003/2024(H5N1)	474	2352
PB1|PP755595.1|A/cattle/Texas/24-008749-003/2024(H5N1)	475	2363
PB1|PP755595.1|A/cattle/Texas/24-008749-003/2024(H5N1)	476	2358
PB1|PP755595.1|A/cattle/Texas/24-008749-003/2024(H5N1)	477	2356
PB1|PP755595.1|A/cattle/Texas/24-008749-003/2024(H5N1)	478	2351
PB1|PP755595.1|A/cattle/Texas/24-008749-003/2024(H5N1)	479	2345
PB1|PP755595.1|A/cattle/Texas/24-008749-003/2024(H5N1)	480	2302
PB1|PP755595.1|A/cattle/Texas/24-008749-003/2024(H5N1)	481	2293
PB1|PP755595.1|A/cattle/Texas/24-008749-003/2024(H5N1)	482	2288
PB1|PP755595.1|A/cattle/Texas/24-008749-003/2024(H5N1)	483	2288
PB1|PP755595.1|A/cattle/Texas/24-008749-003/2024(H5N1)	484	2288
PB1|PP755595.1|A/cattle/Texas/24-008749-003/2024(H5N1)	485	2369
PB1|PP755595.1|A/cattle/Texas/24-008749-003/2024(H5N1)	486	2377
PB1|PP755595.1|A/cattle/Texas/24-008749-003/2024(H5N1)	487	2449
PB1|PP755595.1|A/cattle/Texas/24-008749-003/2024(H5N1)	488	2450
PB1|PP755595.1|A/cattle/Texas/24-008749-003/2024(H5N1)	489	2467
PB1|PP755595.1|A/cattle/Texas/24-008749-003/2024(H5N1)	490	2491
PB1|PP755595.1|A/cattle/Texas/24-008749-003/2024(H5N1)	491	2491
PB1|PP755595.1|A/cattle/Texas/24-008749-003/2024(H5N1)	492	2491
PB1|PP755595.1|A/cattle/Texas/24-008749-003/2024(H5N1)	493	2493
PB1|PP755595.1|A/cattle/Texas/24-008749-003/2024(H5N1)	494	2435
PB1|PP755595.1|A/cattle/Texas/24-008749-003/2024(H5N1)	495	2448
PB1|PP755595.1|A/cattle/Texas/24-008749-003/2024(H5N1)	496	2389
PB1|PP755595.1|A/cattle/Texas/24-008749-003/2024(H5N1)	497	2398
PB1|PP755595.1|A/cattle/Texas/24-008749-003/2024(H5N1)	498	2414
PB1|PP755595.1|A/cattle/Texas/24-008749-003/2024(H5N1)	499	2412
PB1|PP755595.1|A/cattle/Texas/24-008749-003/2024(H5N1)	500	2412
PB1|PP755595.1|A/cattle/Texas/24-008749-003/2024(H5N1)	501	2423
PB1|PP755595.1|A/cattle/Texas/24-008749-003/2024(H5N1)	502	2421
PB1|PP755595.1|A/cattle/Texas/24-008749-003/2024(H5N1)	503	2406
PB1|PP755595.1|A/cattle/Texas/24-008749-003/2024(H5N1)	504	2408
PB1|PP755595.1|A/cattle/Texas/24-008749-003/2024(H5N1)	505	2468
PB1|PP755595.1|A/cattle/Texas/24-008749-003/2024(H5N1)	506	2457
PB1|PP755595.1|A/cattle/Texas/24-008749-003/2024(H5N1)	507	2426
PB1|PP755595.1|A/cattle/Texas/24-008749-003/2024(H5N1)	508	2467
PB1|PP755595.1|A/cattle/Texas/24-008749-003/2024(H5N1)	509	2539
PB1|PP755595.1|A/cattle/Texas/24-008749-003/2024(H5N1)	510	2552
PB1|PP755595.1|A/cattle/Texas/24-008749-003/2024(H5N1)	511	2554
PB1|PP755595.1|A/cattle/Texas/24-008749-003/2024(H5N1)	512	2549
PB1|PP755595.1|A/cattle/Texas/24-008749-003/2024(H5N1)	513	2494
PB1|PP755595.1|A/cattle/Texas/24-008749-003/2024(H5N1)	514	2458
PB1|PP755595.1|A/cattle/Texas/24-008749-003/2024(H5N1)	515	2484
PB1|PP755595.1|A/cattle/Texas/24-008749-003/2024(H5N1)	516	2485
PB1|PP755595.1|A/cattle/Texas/24-008749-003/2024(H5N1)	517	2420
PB1|PP755595.1|A/cattle/Texas/24-008749-003/2024(H5N1)	518	2447
PB1|PP755595.1|A/cattle/Texas/24-008749-003/2024(H5N1)	519	2443
PB1|PP755595.1|A/cattle/Texas/24-008749-003/2024(H5N1)	520	2516
PB1|PP755595.1|A/cattle/Texas/24-008749-003/2024(H5N1)	521	2516
PB1|PP755595.1|A/cattle/Texas/24-008749-003/2024(H5N1)	522	2537
PB1|PP755595.1|A/cattle/Texas/24-008749-003/2024(H5N1)	523	2543
PB1|PP755595.1|A/cattle/Texas/24-008749-003/2024(H5N1)	524	2513
PB1|PP755595.1|A/cattle/Texas/24-008749-003/2024(H5N1)	525	2536
PB1|PP755595.1|A/cattle/Texas/24-008749-003/2024(H5N1)	526	2536
PB1|PP755595.1|A/cattle/Texas/24-008749-003/2024(H5N1)	527	2543
PB1|PP755595.1|A/cattle/Texas/24-008749-003/2024(H5N1)	528	2540
PB1|PP755595.1|A/cattle/Texas/24-008749-003/2024(H5N1)	529	2545
PB1|PP755595.1|A/cattle/Texas/24-008749-003/2024(H5N1)	530	2650
PB1|PP755595.1|A/cattle/Texas/24-008749-003/2024(H5N1)	531	2617
PB1|PP755595.1|A/cattle/Texas/24-008749-003/2024(H5N1)	532	2600
PB1|PP755595.1|A/cattle/Texas/24-008749-003/2024(H5N1)	533	2563
PB1|PP755595.1|A/cattle/Texas/24-008749-003/2024(H5N1)	534	2552
PB1|PP755595.1|A/cattle/Texas/24-008749-003/2024(H5N1)	535	2555
PB1|PP755595.1|A/cattle/Texas/24-008749-003/2024(H5N1)	536	2554
PB1|PP755595.1|A/cattle/Texas/24-008749-003/2024(H5N1)	537	2563
PB1|PP755595.1|A/cattle/Texas/24-008749-003/2024(H5N1)	538	2555
PB1|PP755595.1|A/cattle/Texas/24-008749-003/2024(H5N1)	539	2589
PB1|PP755595.1|A/cattle/Texas/24-008749-003/2024(H5N1)	540	2584
PB1|PP755595.1|A/cattle/Texas/24-008749-003/2024(H5N1)	541	2592
PB1|PP755595.1|A/cattle/Texas/24-008749-003/2024(H5N1)	542	2639
PB1|PP755595.1|A/cattle/Texas/24-008749-003/2024(H5N1)	543	2637
PB1|PP755595.1|A/cattle/Texas/24-008749-003/2024(H5N1)	544	2638
PB1|PP755595.1|A/cattle/Texas/24-008749-003/2024(H5N1)	545	2634
PB1|PP755595.1|A/cattle/Texas/24-008749-003/2024(H5N1)	546	2629
PB1|PP755595.1|A/cattle/Texas/24-008749-003/2024(H5N1)	547	2648
PB1|PP755595.1|A/cattle/Texas/24-008749-003/2024(H5N1)	548	2650
PB1|PP755595.1|A/cattle/Texas/24-008749-003/2024(H5N1)	549	2648
PB1|PP755595.1|A/cattle/Texas/24-008749-003/2024(H5N1)	550	2645
PB1|PP755595.1|A/cattle/Texas/24-008749-003/2024(H5N1)	551	2613
PB1|PP755595.1|A/cattle/Texas/24-008749-003/2024(H5N1)	552	2614
PB1|PP755595.1|A/cattle/Texas/24-008749-003/2024(H5N1)	553	2614
PB1|PP755595.1|A/cattle/Texas/24-008749-003/2024(H5N1)	554	2611
PB1|PP755595.1|A/cattle/Texas/24-008749-003/2024(H5N1)	555	2600
PB1|PP755595.1|A/cattle/Texas/24-008749-003/2024(H5N1)	556	2595
PB1|PP755595.1|A/cattle/Texas/24-008749-003/2024(H5N1)	557	2585
PB1|PP755595.1|A/cattle/Texas/24-008749-003/2024(H5N1)	558	2437
PB1|PP755595.1|A/cattle/Texas/24-008749-003/2024(H5N1)	559	2437
PB1|PP755595.1|A/cattle/Texas/24-008749-003/2024(H5N1)	560	2437
PB1|PP755595.1|A/cattle/Texas/24-008749-003/2024(H5N1)	561	2433
PB1|PP755595.1|A/cattle/Texas/24-008749-003/2024(H5N1)	562	2457
PB1|PP755595.1|A/cattle/Texas/24-008749-003/2024(H5N1)	563	2468
PB1|PP755595.1|A/cattle/Texas/24-008749-003/2024(H5N1)	564	2484
PB1|PP755595.1|A/cattle/Texas/24-008749-003/2024(H5N1)	565	2519
PB1|PP755595.1|A/cattle/Texas/24-008749-003/2024(H5N1)	566	2530
PB1|PP755595.1|A/cattle/Texas/24-008749-003/2024(H5N1)	567	2540
PB1|PP755595.1|A/cattle/Texas/24-008749-003/2024(H5N1)	568	2541
PB1|PP755595.1|A/cattle/Texas/24-008749-003/2024(H5N1)	569	2627
PB1|PP755595.1|A/cattle/Texas/24-008749-003/2024(H5N1)	570	2598
PB1|PP755595.1|A/cattle/Texas/24-008749-003/2024(H5N1)	571	2652
PB1|PP755595.1|A/cattle/Texas/24-008749-003/2024(H5N1)	572	2646
PB1|PP755595.1|A/cattle/Texas/24-008749-003/2024(H5N1)	573	2624
PB1|PP755595.1|A/cattle/Texas/24-008749-003/2024(H5N1)	574	2626
PB1|PP755595.1|A/cattle/Texas/24-008749-003/2024(H5N1)	575	2620
PB1|PP755595.1|A/cattle/Texas/24-008749-003/2024(H5N1)	576	2703
PB1|PP755595.1|A/cattle/Texas/24-008749-003/2024(H5N1)	577	2722
PB1|PP755595.1|A/cattle/Texas/24-008749-003/2024(H5N1)	578	2725
PB1|PP755595.1|A/cattle/Texas/24-008749-003/2024(H5N1)	579	2657
PB1|PP755595.1|A/cattle/Texas/24-008749-003/2024(H5N1)	580	2666
PB1|PP755595.1|A/cattle/Texas/24-008749-003/2024(H5N1)	581	2679
PB1|PP755595.1|A/cattle/Texas/24-008749-003/2024(H5N1)	582	2681
PB1|PP755595.1|A/cattle/Texas/24-008749-003/2024(H5N1)	583	2684
PB1|PP755595.1|A/cattle/Texas/24-008749-003/2024(H5N1)	584	2657
PB1|PP755595.1|A/cattle/Texas/24-008749-003/2024(H5N1)	585	2486
PB1|PP755595.1|A/cattle/Texas/24-008749-003/2024(H5N1)	586	2529
PB1|PP755595.1|A/cattle/Texas/24-008749-003/2024(H5N1)	587	2326
PB1|PP755595.1|A/cattle/Texas/24-008749-003/2024(H5N1)	588	2306
PB1|PP755595.1|A/cattle/Texas/24-008749-003/2024(H5N1)	589	2304
PB1|PP755595.1|A/cattle/Texas/24-008749-003/2024(H5N1)	590	2286
PB1|PP755595.1|A/cattle/Texas/24-008749-003/2024(H5N1)	591	2288
PB1|PP755595.1|A/cattle/Texas/24-008749-003/2024(H5N1)	592	2311
PB1|PP755595.1|A/cattle/Texas/24-008749-003/2024(H5N1)	593	2307
PB1|PP755595.1|A/cattle/Texas/24-008749-003/2024(H5N1)	594	2327
PB1|PP755595.1|A/cattle/Texas/24-008749-003/2024(H5N1)	595	2326
PB1|PP755595.1|A/cattle/Texas/24-008749-003/2024(H5N1)	596	2322
PB1|PP755595.1|A/cattle/Texas/24-008749-003/2024(H5N1)	597	2319
PB1|PP755595.1|A/cattle/Texas/24-008749-003/2024(H5N1)	598	2290
PB1|PP755595.1|A/cattle/Texas/24-008749-003/2024(H5N1)	599	2282
PB1|PP755595.1|A/cattle/Texas/24-008749-003/2024(H5N1)	600	2268
PB1|PP755595.1|A/cattle/Texas/24-008749-003/2024(H5N1)	601	2267
PB1|PP755595.1|A/cattle/Texas/24-008749-003/2024(H5N1)	602	2236
PB1|PP755595.1|A/cattle/Texas/24-008749-003/2024(H5N1)	603	2236
PB1|PP755595.1|A/cattle/Texas/24-008749-003/2024(H5N1)	604	2233
PB1|PP755595.1|A/cattle/Texas/24-008749-003/2024(H5N1)	605	2210
PB1|PP755595.1|A/cattle/Texas/24-008749-003/2024(H5N1)	606	2204
PB1|PP755595.1|A/cattle/Texas/24-008749-003/2024(H5N1)	607	1912
PB1|PP755595.1|A/cattle/Texas/24-008749-003/2024(H5N1)	608	1912
PB1|PP755595.1|A/cattle/Texas/24-008749-003/2024(H5N1)	609	1909
PB1|PP755595.1|A/cattle/Texas/24-008749-003/2024(H5N1)	610	1909
PB1|PP755595.1|A/cattle/Texas/24-008749-003/2024(H5N1)	611	1906
PB1|PP755595.1|A/cattle/Texas/24-008749-003/2024(H5N1)	612	1906
PB1|PP755595.1|A/cattle/Texas/24-008749-003/2024(H5N1)	613	2160
PB1|PP755595.1|A/cattle/Texas/24-008749-003/2024(H5N1)	614	2164
PB1|PP755595.1|A/cattle/Texas/24-008749-003/2024(H5N1)	615	2166
PB1|PP755595.1|A/cattle/Texas/24-008749-003/2024(H5N1)	616	2166
PB1|PP755595.1|A/cattle/Texas/24-008749-003/2024(H5N1)	617	2166
PB1|PP755595.1|A/cattle/Texas/24-008749-003/2024(H5N1)	618	2155
PB1|PP755595.1|A/cattle/Texas/24-008749-003/2024(H5N1)	619	2153
PB1|PP755595.1|A/cattle/Texas/24-008749-003/2024(H5N1)	620	2122
PB1|PP755595.1|A/cattle/Texas/24-008749-003/2024(H5N1)	621	2136
PB1|PP755595.1|A/cattle/Texas/24-008749-003/2024(H5N1)	622	2153
PB1|PP755595.1|A/cattle/Texas/24-008749-003/2024(H5N1)	623	2152
PB1|PP755595.1|A/cattle/Texas/24-008749-003/2024(H5N1)	624	2155
PB1|PP755595.1|A/cattle/Texas/24-008749-003/2024(H5N1)	625	2151
PB1|PP755595.1|A/cattle/Texas/24-008749-003/2024(H5N1)	626	2137
PB1|PP755595.1|A/cattle/Texas/24-008749-003/2024(H5N1)	627	2137
PB1|PP755595.1|A/cattle/Texas/24-008749-003/2024(H5N1)	628	2132
PB1|PP755595.1|A/cattle/Texas/24-008749-003/2024(H5N1)	629	2119
PB1|PP755595.1|A/cattle/Texas/24-008749-003/2024(H5N1)	630	2117
PB1|PP755595.1|A/cattle/Texas/24-008749-003/2024(H5N1)	631	2101
PB1|PP755595.1|A/cattle/Texas/24-008749-003/2024(H5N1)	632	2097
PB1|PP755595.1|A/cattle/Texas/24-008749-003/2024(H5N1)	633	2014
PB1|PP755595.1|A/cattle/Texas/24-008749-003/2024(H5N1)	634	1946
PB1|PP755595.1|A/cattle/Texas/24-008749-003/2024(H5N1)	635	1947
PB1|PP755595.1|A/cattle/Texas/24-008749-003/2024(H5N1)	636	1947
PB1|PP755595.1|A/cattle/Texas/24-008749-003/2024(H5N1)	637	1947
PB1|PP755595.1|A/cattle/Texas/24-008749-003/2024(H5N1)	638	1947
PB1|PP755595.1|A/cattle/Texas/24-008749-003/2024(H5N1)	639	1942
PB1|PP755595.1|A/cattle/Texas/24-008749-003/2024(H5N1)	640	1934
PB1|PP755595.1|A/cattle/Texas/24-008749-003/2024(H5N1)	641	1910
PB1|PP755595.1|A/cattle/Texas/24-008749-003/2024(H5N1)	642	1908
PB1|PP755595.1|A/cattle/Texas/24-008749-003/2024(H5N1)	643	1908
PB1|PP755595.1|A/cattle/Texas/24-008749-003/2024(H5N1)	644	1905
PB1|PP755595.1|A/cattle/Texas/24-008749-003/2024(H5N1)	645	1886
PB1|PP755595.1|A/cattle/Texas/24-008749-003/2024(H5N1)	646	1867
PB1|PP755595.1|A/cattle/Texas/24-008749-003/2024(H5N1)	647	1867
PB1|PP755595.1|A/cattle/Texas/24-008749-003/2024(H5N1)	648	1830
PB1|PP755595.1|A/cattle/Texas/24-008749-003/2024(H5N1)	649	1824
PB1|PP755595.1|A/cattle/Texas/24-008749-003/2024(H5N1)	650	1821
PB1|PP755595.1|A/cattle/Texas/24-008749-003/2024(H5N1)	651	1547
PB1|PP755595.1|A/cattle/Texas/24-008749-003/2024(H5N1)	652	1547
PB1|PP755595.1|A/cattle/Texas/24-008749-003/2024(H5N1)	653	1547
PB1|PP755595.1|A/cattle/Texas/24-008749-003/2024(H5N1)	654	1547
PB1|PP755595.1|A/cattle/Texas/24-008749-003/2024(H5N1)	655	1852
PB1|PP755595.1|A/cattle/Texas/24-008749-003/2024(H5N1)	656	1856
PB1|PP755595.1|A/cattle/Texas/24-008749-003/2024(H5N1)	657	1861
PB1|PP755595.1|A/cattle/Texas/24-008749-003/2024(H5N1)	658	1861
PB1|PP755595.1|A/cattle/Texas/24-008749-003/2024(H5N1)	659	1868
PB1|PP755595.1|A/cattle/Texas/24-008749-003/2024(H5N1)	660	1868
PB1|PP755595.1|A/cattle/Texas/24-008749-003/2024(H5N1)	661	1868
PB1|PP755595.1|A/cattle/Texas/24-008749-003/2024(H5N1)	662	1862
PB1|PP755595.1|A/cattle/Texas/24-008749-003/2024(H5N1)	663	1858
PB1|PP755595.1|A/cattle/Texas/24-008749-003/2024(H5N1)	664	1811
PB1|PP755595.1|A/cattle/Texas/24-008749-003/2024(H5N1)	665	1945
PB1|PP755595.1|A/cattle/Texas/24-008749-003/2024(H5N1)	666	1948
PB1|PP755595.1|A/cattle/Texas/24-008749-003/2024(H5N1)	667	1966
PB1|PP755595.1|A/cattle/Texas/24-008749-003/2024(H5N1)	668	1964
PB1|PP755595.1|A/cattle/Texas/24-008749-003/2024(H5N1)	669	1959
PB1|PP755595.1|A/cattle/Texas/24-008749-003/2024(H5N1)	670	1926
PB1|PP755595.1|A/cattle/Texas/24-008749-003/2024(H5N1)	671	1853
PB1|PP755595.1|A/cattle/Texas/24-008749-003/2024(H5N1)	672	1852
PB1|PP755595.1|A/cattle/Texas/24-008749-003/2024(H5N1)	673	1836
PB1|PP755595.1|A/cattle/Texas/24-008749-003/2024(H5N1)	674	1836
PB1|PP755595.1|A/cattle/Texas/24-008749-003/2024(H5N1)	675	1834
PB1|PP755595.1|A/cattle/Texas/24-008749-003/2024(H5N1)	676	1950
PB1|PP755595.1|A/cattle/Texas/24-008749-003/2024(H5N1)	677	1950
PB1|PP755595.1|A/cattle/Texas/24-008749-003/2024(H5N1)	678	1915
PB1|PP755595.1|A/cattle/Texas/24-008749-003/2024(H5N1)	679	1916
PB1|PP755595.1|A/cattle/Texas/24-008749-003/2024(H5N1)	680	1904
PB1|PP755595.1|A/cattle/Texas/24-008749-003/2024(H5N1)	681	1808
PB1|PP755595.1|A/cattle/Texas/24-008749-003/2024(H5N1)	682	1817
PB1|PP755595.1|A/cattle/Texas/24-008749-003/2024(H5N1)	683	1821
PB1|PP755595.1|A/cattle/Texas/24-008749-003/2024(H5N1)	684	1815
PB1|PP755595.1|A/cattle/Texas/24-008749-003/2024(H5N1)	685	1815
PB1|PP755595.1|A/cattle/Texas/24-008749-003/2024(H5N1)	686	1812
PB1|PP755595.1|A/cattle/Texas/24-008749-003/2024(H5N1)	687	1810
PB1|PP755595.1|A/cattle/Texas/24-008749-003/2024(H5N1)	688	1793
PB1|PP755595.1|A/cattle/Texas/24-008749-003/2024(H5N1)	689	1778
PB1|PP755595.1|A/cattle/Texas/24-008749-003/2024(H5N1)	690	1747
PB1|PP755595.1|A/cattle/Texas/24-008749-003/2024(H5N1)	691	1745
PB1|PP755595.1|A/cattle/Texas/24-008749-003/2024(H5N1)	692	1691
PB1|PP755595.1|A/cattle/Texas/24-008749-003/2024(H5N1)	693	1689
PB1|PP755595.1|A/cattle/Texas/24-008749-003/2024(H5N1)	694	1757
PB1|PP755595.1|A/cattle/Texas/24-008749-003/2024(H5N1)	695	1780
PB1|PP755595.1|A/cattle/Texas/24-008749-003/2024(H5N1)	696	1776
PB1|PP755595.1|A/cattle/Texas/24-008749-003/2024(H5N1)	697	1771
PB1|PP755595.1|A/cattle/Texas/24-008749-003/2024(H5N1)	698	1752
PB1|PP755595.1|A/cattle/Texas/24-008749-003/2024(H5N1)	699	1739
PB1|PP755595.1|A/cattle/Texas/24-008749-003/2024(H5N1)	700	1738
PB1|PP755595.1|A/cattle/Texas/24-008749-003/2024(H5N1)	701	1729
PB1|PP755595.1|A/cattle/Texas/24-008749-003/2024(H5N1)	702	1717
PB1|PP755595.1|A/cattle/Texas/24-008749-003/2024(H5N1)	703	1712
PB1|PP755595.1|A/cattle/Texas/24-008749-003/2024(H5N1)	704	1712
PB1|PP755595.1|A/cattle/Texas/24-008749-003/2024(H5N1)	705	1712
PB1|PP755595.1|A/cattle/Texas/24-008749-003/2024(H5N1)	706	1710
PB1|PP755595.1|A/cattle/Texas/24-008749-003/2024(H5N1)	707	1707
PB1|PP755595.1|A/cattle/Texas/24-008749-003/2024(H5N1)	708	1704
PB1|PP755595.1|A/cattle/Texas/24-008749-003/2024(H5N1)	709	1734
PB1|PP755595.1|A/cattle/Texas/24-008749-003/2024(H5N1)	710	1733
PB1|PP755595.1|A/cattle/Texas/24-008749-003/2024(H5N1)	711	1726
PB1|PP755595.1|A/cattle/Texas/24-008749-003/2024(H5N1)	712	1703
PB1|PP755595.1|A/cattle/Texas/24-008749-003/2024(H5N1)	713	1702
PB1|PP755595.1|A/cattle/Texas/24-008749-003/2024(H5N1)	714	1674
PB1|PP755595.1|A/cattle/Texas/24-008749-003/2024(H5N1)	715	1649
PB1|PP755595.1|A/cattle/Texas/24-008749-003/2024(H5N1)	716	1649
PB1|PP755595.1|A/cattle/Texas/24-008749-003/2024(H5N1)	717	1632
PB1|PP755595.1|A/cattle/Texas/24-008749-003/2024(H5N1)	718	1632
PB1|PP755595.1|A/cattle/Texas/24-008749-003/2024(H5N1)	719	1550
PB1|PP755595.1|A/cattle/Texas/24-008749-003/2024(H5N1)	720	1550
PB1|PP755595.1|A/cattle/Texas/24-008749-003/2024(H5N1)	721	1590
PB1|PP755595.1|A/cattle/Texas/24-008749-003/2024(H5N1)	722	1563
PB1|PP755595.1|A/cattle/Texas/24-008749-003/2024(H5N1)	723	1571
PB1|PP755595.1|A/cattle/Texas/24-008749-003/2024(H5N1)	724	1573
PB1|PP755595.1|A/cattle/Texas/24-008749-003/2024(H5N1)	725	1541
PB1|PP755595.1|A/cattle/Texas/24-008749-003/2024(H5N1)	726	1516
PB1|PP755595.1|A/cattle/Texas/24-008749-003/2024(H5N1)	727	1452
PB1|PP755595.1|A/cattle/Texas/24-008749-003/2024(H5N1)	728	1451
PB1|PP755595.1|A/cattle/Texas/24-008749-003/2024(H5N1)	729	1447
PB1|PP755595.1|A/cattle/Texas/24-008749-003/2024(H5N1)	730	1420
PB1|PP755595.1|A/cattle/Texas/24-008749-003/2024(H5N1)	731	1363
PB1|PP755595.1|A/cattle/Texas/24-008749-003/2024(H5N1)	732	1120
PB1|PP755595.1|A/cattle/Texas/24-008749-003/2024(H5N1)	733	1118
PB1|PP755595.1|A/cattle/Texas/24-008749-003/2024(H5N1)	734	1113
PB1|PP755595.1|A/cattle/Texas/24-008749-003/2024(H5N1)	735	1110
PB1|PP755595.1|A/cattle/Texas/24-008749-003/2024(H5N1)	736	1110
PB1|PP755595.1|A/cattle/Texas/24-008749-003/2024(H5N1)	737	1110
PB1|PP755595.1|A/cattle/Texas/24-008749-003/2024(H5N1)	738	1106
PB1|PP755595.1|A/cattle/Texas/24-008749-003/2024(H5N1)	739	1102
PB1|PP755595.1|A/cattle/Texas/24-008749-003/2024(H5N1)	740	1102
PB1|PP755595.1|A/cattle/Texas/24-008749-003/2024(H5N1)	741	1102
PB1|PP755595.1|A/cattle/Texas/24-008749-003/2024(H5N1)	742	1102
PB1|PP755595.1|A/cattle/Texas/24-008749-003/2024(H5N1)	743	1102
PB1|PP755595.1|A/cattle/Texas/24-008749-003/2024(H5N1)	744	1102
PB1|PP755595.1|A/cattle/Texas/24-008749-003/2024(H5N1)	745	1441
PB1|PP755595.1|A/cattle/Texas/24-008749-003/2024(H5N1)	746	1441
PB1|PP755595.1|A/cattle/Texas/24-008749-003/2024(H5N1)	747	1441
PB1|PP755595.1|A/cattle/Texas/24-008749-003/2024(H5N1)	748	1441
PB1|PP755595.1|A/cattle/Texas/24-008749-003/2024(H5N1)	749	1441
PB1|PP755595.1|A/cattle/Texas/24-008749-003/2024(H5N1)	750	1441
PB1|PP755595.1|A/cattle/Texas/24-008749-003/2024(H5N1)	751	1574
PB1|PP755595.1|A/cattle/Texas/24-008749-003/2024(H5N1)	752	1599
PB1|PP755595.1|A/cattle/Texas/24-008749-003/2024(H5N1)	753	1604
PB1|PP755595.1|A/cattle/Texas/24-008749-003/2024(H5N1)	754	1611
PB1|PP755595.1|A/cattle/Texas/24-008749-003/2024(H5N1)	755	1624
PB1|PP755595.1|A/cattle/Texas/24-008749-003/2024(H5N1)	756	1626
PB1|PP755595.1|A/cattle/Texas/24-008749-003/2024(H5N1)	757	1627
PB1|PP755595.1|A/cattle/Texas/24-008749-003/2024(H5N1)	758	1618
PB1|PP755595.1|A/cattle/Texas/24-008749-003/2024(H5N1)	759	1595
PB1|PP755595.1|A/cattle/Texas/24-008749-003/2024(H5N1)	760	1498
PB1|PP755595.1|A/cattle/Texas/24-008749-003/2024(H5N1)	761	1498
PB1|PP755595.1|A/cattle/Texas/24-008749-003/2024(H5N1)	762	1487
PB1|PP755595.1|A/cattle/Texas/24-008749-003/2024(H5N1)	763	1481
PB1|PP755595.1|A/cattle/Texas/24-008749-003/2024(H5N1)	764	1478
PB1|PP755595.1|A/cattle/Texas/24-008749-003/2024(H5N1)	765	1462
PB1|PP755595.1|A/cattle/Texas/24-008749-003/2024(H5N1)	766	1462
PB1|PP755595.1|A/cattle/Texas/24-008749-003/2024(H5N1)	767	1462
PB1|PP755595.1|A/cattle/Texas/24-008749-003/2024(H5N1)	768	1462
PB1|PP755595.1|A/cattle/Texas/24-008749-003/2024(H5N1)	769	1463
PB1|PP755595.1|A/cattle/Texas/24-008749-003/2024(H5N1)	770	1463
PB1|PP755595.1|A/cattle/Texas/24-008749-003/2024(H5N1)	771	1462
PB1|PP755595.1|A/cattle/Texas/24-008749-003/2024(H5N1)	772	1389
PB1|PP755595.1|A/cattle/Texas/24-008749-003/2024(H5N1)	773	1390
PB1|PP755595.1|A/cattle/Texas/24-008749-003/2024(H5N1)	774	1390
PB1|PP755595.1|A/cattle/Texas/24-008749-003/2024(H5N1)	775	1555
PB1|PP755595.1|A/cattle/Texas/24-008749-003/2024(H5N1)	776	1572
PB1|PP755595.1|A/cattle/Texas/24-008749-003/2024(H5N1)	777	1575
PB1|PP755595.1|A/cattle/Texas/24-008749-003/2024(H5N1)	778	1577
PB1|PP755595.1|A/cattle/Texas/24-008749-003/2024(H5N1)	779	1581
PB1|PP755595.1|A/cattle/Texas/24-008749-003/2024(H5N1)	780	1608
PB1|PP755595.1|A/cattle/Texas/24-008749-003/2024(H5N1)	781	1609
PB1|PP755595.1|A/cattle/Texas/24-008749-003/2024(H5N1)	782	1609
PB1|PP755595.1|A/cattle/Texas/24-008749-003/2024(H5N1)	783	1518
PB1|PP755595.1|A/cattle/Texas/24-008749-003/2024(H5N1)	784	1515
PB1|PP755595.1|A/cattle/Texas/24-008749-003/2024(H5N1)	785	1509
PB1|PP755595.1|A/cattle/Texas/24-008749-003/2024(H5N1)	786	1450
PB1|PP755595.1|A/cattle/Texas/24-008749-003/2024(H5N1)	787	1461
PB1|PP755595.1|A/cattle/Texas/24-008749-003/2024(H5N1)	788	1461
PB1|PP755595.1|A/cattle/Texas/24-008749-003/2024(H5N1)	789	1461
PB1|PP755595.1|A/cattle/Texas/24-008749-003/2024(H5N1)	790	1461
PB1|PP755595.1|A/cattle/Texas/24-008749-003/2024(H5N1)	791	1461
PB1|PP755595.1|A/cattle/Texas/24-008749-003/2024(H5N1)	792	1430
PB1|PP755595.1|A/cattle/Texas/24-008749-003/2024(H5N1)	793	1463
PB1|PP755595.1|A/cattle/Texas/24-008749-003/2024(H5N1)	794	1467
PB1|PP755595.1|A/cattle/Texas/24-008749-003/2024(H5N1)	795	1469
PB1|PP755595.1|A/cattle/Texas/24-008749-003/2024(H5N1)	796	1471
PB1|PP755595.1|A/cattle/Texas/24-008749-003/2024(H5N1)	797	1471
PB1|PP755595.1|A/cattle/Texas/24-008749-003/2024(H5N1)	798	1463
PB1|PP755595.1|A/cattle/Texas/24-008749-003/2024(H5N1)	799	1461
PB1|PP755595.1|A/cattle/Texas/24-008749-003/2024(H5N1)	800	1460
PB1|PP755595.1|A/cattle/Texas/24-008749-003/2024(H5N1)	801	1411
PB1|PP755595.1|A/cattle/Texas/24-008749-003/2024(H5N1)	802	1430
PB1|PP755595.1|A/cattle/Texas/24-008749-003/2024(H5N1)	803	1483
PB1|PP755595.1|A/cattle/Texas/24-008749-003/2024(H5N1)	804	1502
PB1|PP755595.1|A/cattle/Texas/24-008749-003/2024(H5N1)	805	1506
PB1|PP755595.1|A/cattle/Texas/24-008749-003/2024(H5N1)	806	1507
PB1|PP755595.1|A/cattle/Texas/24-008749-003/2024(H5N1)	807	1507
PB1|PP755595.1|A/cattle/Texas/24-008749-003/2024(H5N1)	808	1513
PB1|PP755595.1|A/cattle/Texas/24-008749-003/2024(H5N1)	809	1513
PB1|PP755595.1|A/cattle/Texas/24-008749-003/2024(H5N1)	810	1510
PB1|PP755595.1|A/cattle/Texas/24-008749-003/2024(H5N1)	811	1482
PB1|PP755595.1|A/cattle/Texas/24-008749-003/2024(H5N1)	812	1423
PB1|PP755595.1|A/cattle/Texas/24-008749-003/2024(H5N1)	813	1406
PB1|PP755595.1|A/cattle/Texas/24-008749-003/2024(H5N1)	814	1388
PB1|PP755595.1|A/cattle/Texas/24-008749-003/2024(H5N1)	815	1434
PB1|PP755595.1|A/cattle/Texas/24-008749-003/2024(H5N1)	816	1385
PB1|PP755595.1|A/cattle/Texas/24-008749-003/2024(H5N1)	817	1435
PB1|PP755595.1|A/cattle/Texas/24-008749-003/2024(H5N1)	818	1437
PB1|PP755595.1|A/cattle/Texas/24-008749-003/2024(H5N1)	819	1438
PB1|PP755595.1|A/cattle/Texas/24-008749-003/2024(H5N1)	820	1439
PB1|PP755595.1|A/cattle/Texas/24-008749-003/2024(H5N1)	821	1499
PB1|PP755595.1|A/cattle/Texas/24-008749-003/2024(H5N1)	822	1474
PB1|PP755595.1|A/cattle/Texas/24-008749-003/2024(H5N1)	823	1424
PB1|PP755595.1|A/cattle/Texas/24-008749-003/2024(H5N1)	824	1462
PB1|PP755595.1|A/cattle/Texas/24-008749-003/2024(H5N1)	825	1443
PB1|PP755595.1|A/cattle/Texas/24-008749-003/2024(H5N1)	826	1497
PB1|PP755595.1|A/cattle/Texas/24-008749-003/2024(H5N1)	827	1509
PB1|PP755595.1|A/cattle/Texas/24-008749-003/2024(H5N1)	828	1512
PB1|PP755595.1|A/cattle/Texas/24-008749-003/2024(H5N1)	829	1517
PB1|PP755595.1|A/cattle/Texas/24-008749-003/2024(H5N1)	830	1517
PB1|PP755595.1|A/cattle/Texas/24-008749-003/2024(H5N1)	831	1485
PB1|PP755595.1|A/cattle/Texas/24-008749-003/2024(H5N1)	832	1540
PB1|PP755595.1|A/cattle/Texas/24-008749-003/2024(H5N1)	833	1540
PB1|PP755595.1|A/cattle/Texas/24-008749-003/2024(H5N1)	834	1541
PB1|PP755595.1|A/cattle/Texas/24-008749-003/2024(H5N1)	835	1557
PB1|PP755595.1|A/cattle/Texas/24-008749-003/2024(H5N1)	836	1572
PB1|PP755595.1|A/cattle/Texas/24-008749-003/2024(H5N1)	837	1567
PB1|PP755595.1|A/cattle/Texas/24-008749-003/2024(H5N1)	838	1562
PB1|PP755595.1|A/cattle/Texas/24-008749-003/2024(H5N1)	839	1556
PB1|PP755595.1|A/cattle/Texas/24-008749-003/2024(H5N1)	840	1456
PB1|PP755595.1|A/cattle/Texas/24-008749-003/2024(H5N1)	841	1462
PB1|PP755595.1|A/cattle/Texas/24-008749-003/2024(H5N1)	842	1462
PB1|PP755595.1|A/cattle/Texas/24-008749-003/2024(H5N1)	843	1462
PB1|PP755595.1|A/cattle/Texas/24-008749-003/2024(H5N1)	844	1462
PB1|PP755595.1|A/cattle/Texas/24-008749-003/2024(H5N1)	845	1466
PB1|PP755595.1|A/cattle/Texas/24-008749-003/2024(H5N1)	846	1504
PB1|PP755595.1|A/cattle/Texas/24-008749-003/2024(H5N1)	847	1624
PB1|PP755595.1|A/cattle/Texas/24-008749-003/2024(H5N1)	848	1629
PB1|PP755595.1|A/cattle/Texas/24-008749-003/2024(H5N1)	849	1633
PB1|PP755595.1|A/cattle/Texas/24-008749-003/2024(H5N1)	850	1639
PB1|PP755595.1|A/cattle/Texas/24-008749-003/2024(H5N1)	851	1639
PB1|PP755595.1|A/cattle/Texas/24-008749-003/2024(H5N1)	852	1642
PB1|PP755595.1|A/cattle/Texas/24-008749-003/2024(H5N1)	853	1650
PB1|PP755595.1|A/cattle/Texas/24-008749-003/2024(H5N1)	854	1799
PB1|PP755595.1|A/cattle/Texas/24-008749-003/2024(H5N1)	855	1799
PB1|PP755595.1|A/cattle/Texas/24-008749-003/2024(H5N1)	856	1802
PB1|PP755595.1|A/cattle/Texas/24-008749-003/2024(H5N1)	857	1805
PB1|PP755595.1|A/cattle/Texas/24-008749-003/2024(H5N1)	858	1805
PB1|PP755595.1|A/cattle/Texas/24-008749-003/2024(H5N1)	859	1805
PB1|PP755595.1|A/cattle/Texas/24-008749-003/2024(H5N1)	860	1817
PB1|PP755595.1|A/cattle/Texas/24-008749-003/2024(H5N1)	861	1830
PB1|PP755595.1|A/cattle/Texas/24-008749-003/2024(H5N1)	862	1827
PB1|PP755595.1|A/cattle/Texas/24-008749-003/2024(H5N1)	863	1830
PB1|PP755595.1|A/cattle/Texas/24-008749-003/2024(H5N1)	864	1878
PB1|PP755595.1|A/cattle/Texas/24-008749-003/2024(H5N1)	865	1886
PB1|PP755595.1|A/cattle/Texas/24-008749-003/2024(H5N1)	866	1907
PB1|PP755595.1|A/cattle/Texas/24-008749-003/2024(H5N1)	867	1907
PB1|PP755595.1|A/cattle/Texas/24-008749-003/2024(H5N1)	868	1909
PB1|PP755595.1|A/cattle/Texas/24-008749-003/2024(H5N1)	869	1917
PB1|PP755595.1|A/cattle/Texas/24-008749-003/2024(H5N1)	870	1942
PB1|PP755595.1|A/cattle/Texas/24-008749-003/2024(H5N1)	871	2015
PB1|PP755595.1|A/cattle/Texas/24-008749-003/2024(H5N1)	872	1993
PB1|PP755595.1|A/cattle/Texas/24-008749-003/2024(H5N1)	873	1987
PB1|PP755595.1|A/cattle/Texas/24-008749-003/2024(H5N1)	874	1984
PB1|PP755595.1|A/cattle/Texas/24-008749-003/2024(H5N1)	875	1974
PB1|PP755595.1|A/cattle/Texas/24-008749-003/2024(H5N1)	876	1796
PB1|PP755595.1|A/cattle/Texas/24-008749-003/2024(H5N1)	877	1849
PB1|PP755595.1|A/cattle/Texas/24-008749-003/2024(H5N1)	878	1870
PB1|PP755595.1|A/cattle/Texas/24-008749-003/2024(H5N1)	879	1974
PB1|PP755595.1|A/cattle/Texas/24-008749-003/2024(H5N1)	880	2163
PB1|PP755595.1|A/cattle/Texas/24-008749-003/2024(H5N1)	881	2165
PB1|PP755595.1|A/cattle/Texas/24-008749-003/2024(H5N1)	882	2173
PB1|PP755595.1|A/cattle/Texas/24-008749-003/2024(H5N1)	883	2189
PB1|PP755595.1|A/cattle/Texas/24-008749-003/2024(H5N1)	884	2439
PB1|PP755595.1|A/cattle/Texas/24-008749-003/2024(H5N1)	885	2439
PB1|PP755595.1|A/cattle/Texas/24-008749-003/2024(H5N1)	886	2456
PB1|PP755595.1|A/cattle/Texas/24-008749-003/2024(H5N1)	887	2457
PB1|PP755595.1|A/cattle/Texas/24-008749-003/2024(H5N1)	888	2458
PB1|PP755595.1|A/cattle/Texas/24-008749-003/2024(H5N1)	889	2578
PB1|PP755595.1|A/cattle/Texas/24-008749-003/2024(H5N1)	890	2582
PB1|PP755595.1|A/cattle/Texas/24-008749-003/2024(H5N1)	891	2589
PB1|PP755595.1|A/cattle/Texas/24-008749-003/2024(H5N1)	892	2527
PB1|PP755595.1|A/cattle/Texas/24-008749-003/2024(H5N1)	893	2436
PB1|PP755595.1|A/cattle/Texas/24-008749-003/2024(H5N1)	894	2484
PB1|PP755595.1|A/cattle/Texas/24-008749-003/2024(H5N1)	895	2477
PB1|PP755595.1|A/cattle/Texas/24-008749-003/2024(H5N1)	896	2500
PB1|PP755595.1|A/cattle/Texas/24-008749-003/2024(H5N1)	897	2382
PB1|PP755595.1|A/cattle/Texas/24-008749-003/2024(H5N1)	898	2387
PB1|PP755595.1|A/cattle/Texas/24-008749-003/2024(H5N1)	899	2391
PB1|PP755595.1|A/cattle/Texas/24-008749-003/2024(H5N1)	900	2399
PB1|PP755595.1|A/cattle/Texas/24-008749-003/2024(H5N1)	901	2400
PB1|PP755595.1|A/cattle/Texas/24-008749-003/2024(H5N1)	902	2427
PB1|PP755595.1|A/cattle/Texas/24-008749-003/2024(H5N1)	903	2408
PB1|PP755595.1|A/cattle/Texas/24-008749-003/2024(H5N1)	904	2403
PB1|PP755595.1|A/cattle/Texas/24-008749-003/2024(H5N1)	905	2384
PB1|PP755595.1|A/cattle/Texas/24-008749-003/2024(H5N1)	906	2206
PB1|PP755595.1|A/cattle/Texas/24-008749-003/2024(H5N1)	907	2236
PB1|PP755595.1|A/cattle/Texas/24-008749-003/2024(H5N1)	908	2248
PB1|PP755595.1|A/cattle/Texas/24-008749-003/2024(H5N1)	909	2248
PB1|PP755595.1|A/cattle/Texas/24-008749-003/2024(H5N1)	910	2291
PB1|PP755595.1|A/cattle/Texas/24-008749-003/2024(H5N1)	911	2296
PB1|PP755595.1|A/cattle/Texas/24-008749-003/2024(H5N1)	912	2391
PB1|PP755595.1|A/cattle/Texas/24-008749-003/2024(H5N1)	913	2402
PB1|PP755595.1|A/cattle/Texas/24-008749-003/2024(H5N1)	914	2434
PB1|PP755595.1|A/cattle/Texas/24-008749-003/2024(H5N1)	915	2439
PB1|PP755595.1|A/cattle/Texas/24-008749-003/2024(H5N1)	916	2444
PB1|PP755595.1|A/cattle/Texas/24-008749-003/2024(H5N1)	917	2457
PB1|PP755595.1|A/cattle/Texas/24-008749-003/2024(H5N1)	918	2593
PB1|PP755595.1|A/cattle/Texas/24-008749-003/2024(H5N1)	919	2602
PB1|PP755595.1|A/cattle/Texas/24-008749-003/2024(H5N1)	920	2618
PB1|PP755595.1|A/cattle/Texas/24-008749-003/2024(H5N1)	921	2619
PB1|PP755595.1|A/cattle/Texas/24-008749-003/2024(H5N1)	922	2623
PB1|PP755595.1|A/cattle/Texas/24-008749-003/2024(H5N1)	923	2641
PB1|PP755595.1|A/cattle/Texas/24-008749-003/2024(H5N1)	924	2651
PB1|PP755595.1|A/cattle/Texas/24-008749-003/2024(H5N1)	925	2657
PB1|PP755595.1|A/cattle/Texas/24-008749-003/2024(H5N1)	926	2659
PB1|PP755595.1|A/cattle/Texas/24-008749-003/2024(H5N1)	927	2678
PB1|PP755595.1|A/cattle/Texas/24-008749-003/2024(H5N1)	928	2681
PB1|PP755595.1|A/cattle/Texas/24-008749-003/2024(H5N1)	929	2679
PB1|PP755595.1|A/cattle/Texas/24-008749-003/2024(H5N1)	930	2681
PB1|PP755595.1|A/cattle/Texas/24-008749-003/2024(H5N1)	931	2659
PB1|PP755595.1|A/cattle/Texas/24-008749-003/2024(H5N1)	932	2657
PB1|PP755595.1|A/cattle/Texas/24-008749-003/2024(H5N1)	933	2685
PB1|PP755595.1|A/cattle/Texas/24-008749-003/2024(H5N1)	934	2729
PB1|PP755595.1|A/cattle/Texas/24-008749-003/2024(H5N1)	935	2727
PB1|PP755595.1|A/cattle/Texas/24-008749-003/2024(H5N1)	936	2677
PB1|PP755595.1|A/cattle/Texas/24-008749-003/2024(H5N1)	937	2679
PB1|PP755595.1|A/cattle/Texas/24-008749-003/2024(H5N1)	938	2682
PB1|PP755595.1|A/cattle/Texas/24-008749-003/2024(H5N1)	939	2701
PB1|PP755595.1|A/cattle/Texas/24-008749-003/2024(H5N1)	940	2730
PB1|PP755595.1|A/cattle/Texas/24-008749-003/2024(H5N1)	941	2736
PB1|PP755595.1|A/cattle/Texas/24-008749-003/2024(H5N1)	942	2736
PB1|PP755595.1|A/cattle/Texas/24-008749-003/2024(H5N1)	943	2741
PB1|PP755595.1|A/cattle/Texas/24-008749-003/2024(H5N1)	944	2744
PB1|PP755595.1|A/cattle/Texas/24-008749-003/2024(H5N1)	945	2772
PB1|PP755595.1|A/cattle/Texas/24-008749-003/2024(H5N1)	946	2776
PB1|PP755595.1|A/cattle/Texas/24-008749-003/2024(H5N1)	947	2776
PB1|PP755595.1|A/cattle/Texas/24-008749-003/2024(H5N1)	948	2807
PB1|PP755595.1|A/cattle/Texas/24-008749-003/2024(H5N1)	949	2809
PB1|PP755595.1|A/cattle/Texas/24-008749-003/2024(H5N1)	950	2810
PB1|PP755595.1|A/cattle/Texas/24-008749-003/2024(H5N1)	951	2830
PB1|PP755595.1|A/cattle/Texas/24-008749-003/2024(H5N1)	952	2828
PB1|PP755595.1|A/cattle/Texas/24-008749-003/2024(H5N1)	953	2837
PB1|PP755595.1|A/cattle/Texas/24-008749-003/2024(H5N1)	954	2786
PB1|PP755595.1|A/cattle/Texas/24-008749-003/2024(H5N1)	955	2811
PB1|PP755595.1|A/cattle/Texas/24-008749-003/2024(H5N1)	956	2820
PB1|PP755595.1|A/cattle/Texas/24-008749-003/2024(H5N1)	957	2825
PB1|PP755595.1|A/cattle/Texas/24-008749-003/2024(H5N1)	958	2826
PB1|PP755595.1|A/cattle/Texas/24-008749-003/2024(H5N1)	959	2817
PB1|PP755595.1|A/cattle/Texas/24-008749-003/2024(H5N1)	960	2816
PB1|PP755595.1|A/cattle/Texas/24-008749-003/2024(H5N1)	961	2823
PB1|PP755595.1|A/cattle/Texas/24-008749-003/2024(H5N1)	962	2859
PB1|PP755595.1|A/cattle/Texas/24-008749-003/2024(H5N1)	963	2902
PB1|PP755595.1|A/cattle/Texas/24-008749-003/2024(H5N1)	964	2904
PB1|PP755595.1|A/cattle/Texas/24-008749-003/2024(H5N1)	965	2907
PB1|PP755595.1|A/cattle/Texas/24-008749-003/2024(H5N1)	966	2857
PB1|PP755595.1|A/cattle/Texas/24-008749-003/2024(H5N1)	967	2856
PB1|PP755595.1|A/cattle/Texas/24-008749-003/2024(H5N1)	968	2829
PB1|PP755595.1|A/cattle/Texas/24-008749-003/2024(H5N1)	969	2826
PB1|PP755595.1|A/cattle/Texas/24-008749-003/2024(H5N1)	970	2825
PB1|PP755595.1|A/cattle/Texas/24-008749-003/2024(H5N1)	971	2767
PB1|PP755595.1|A/cattle/Texas/24-008749-003/2024(H5N1)	972	2651
PB1|PP755595.1|A/cattle/Texas/24-008749-003/2024(H5N1)	973	2581
PB1|PP755595.1|A/cattle/Texas/24-008749-003/2024(H5N1)	974	2573
PB1|PP755595.1|A/cattle/Texas/24-008749-003/2024(H5N1)	975	2555
PB1|PP755595.1|A/cattle/Texas/24-008749-003/2024(H5N1)	976	2673
PB1|PP755595.1|A/cattle/Texas/24-008749-003/2024(H5N1)	977	2673
PB1|PP755595.1|A/cattle/Texas/24-008749-003/2024(H5N1)	978	2667
PB1|PP755595.1|A/cattle/Texas/24-008749-003/2024(H5N1)	979	2665
PB1|PP755595.1|A/cattle/Texas/24-008749-003/2024(H5N1)	980	2661
PB1|PP755595.1|A/cattle/Texas/24-008749-003/2024(H5N1)	981	2604
PB1|PP755595.1|A/cattle/Texas/24-008749-003/2024(H5N1)	982	2645
PB1|PP755595.1|A/cattle/Texas/24-008749-003/2024(H5N1)	983	2650
PB1|PP755595.1|A/cattle/Texas/24-008749-003/2024(H5N1)	984	2688
PB1|PP755595.1|A/cattle/Texas/24-008749-003/2024(H5N1)	985	2680
PB1|PP755595.1|A/cattle/Texas/24-008749-003/2024(H5N1)	986	2682
PB1|PP755595.1|A/cattle/Texas/24-008749-003/2024(H5N1)	987	2671
PB1|PP755595.1|A/cattle/Texas/24-008749-003/2024(H5N1)	988	2689
PB1|PP755595.1|A/cattle/Texas/24-008749-003/2024(H5N1)	989	2683
PB1|PP755595.1|A/cattle/Texas/24-008749-003/2024(H5N1)	990	2663
PB1|PP755595.1|A/cattle/Texas/24-008749-003/2024(H5N1)	991	2672
PB1|PP755595.1|A/cattle/Texas/24-008749-003/2024(H5N1)	992	2673
PB1|PP755595.1|A/cattle/Texas/24-008749-003/2024(H5N1)	993	2672
PB1|PP755595.1|A/cattle/Texas/24-008749-003/2024(H5N1)	994	2653
PB1|PP755595.1|A/cattle/Texas/24-008749-003/2024(H5N1)	995	2639
PB1|PP755595.1|A/cattle/Texas/24-008749-003/2024(H5N1)	996	2635
PB1|PP755595.1|A/cattle/Texas/24-008749-003/2024(H5N1)	997	2554
PB1|PP755595.1|A/cattle/Texas/24-008749-003/2024(H5N1)	998	2553
PB1|PP755595.1|A/cattle/Texas/24-008749-003/2024(H5N1)	999	2523
PB1|PP755595.1|A/cattle/Texas/24-008749-003/2024(H5N1)	1000	2517
PB1|PP755595.1|A/cattle/Texas/24-008749-003/2024(H5N1)	1001	2513
PB1|PP755595.1|A/cattle/Texas/24-008749-003/2024(H5N1)	1002	2513
PB1|PP755595.1|A/cattle/Texas/24-008749-003/2024(H5N1)	1003	2658
PB1|PP755595.1|A/cattle/Texas/24-008749-003/2024(H5N1)	1004	2658
PB1|PP755595.1|A/cattle/Texas/24-008749-003/2024(H5N1)	1005	2503
PB1|PP755595.1|A/cattle/Texas/24-008749-003/2024(H5N1)	1006	2503
PB1|PP755595.1|A/cattle/Texas/24-008749-003/2024(H5N1)	1007	2502
PB1|PP755595.1|A/cattle/Texas/24-008749-003/2024(H5N1)	1008	2501
PB1|PP755595.1|A/cattle/Texas/24-008749-003/2024(H5N1)	1009	2647
PB1|PP755595.1|A/cattle/Texas/24-008749-003/2024(H5N1)	1010	2638
PB1|PP755595.1|A/cattle/Texas/24-008749-003/2024(H5N1)	1011	2626
PB1|PP755595.1|A/cattle/Texas/24-008749-003/2024(H5N1)	1012	2620
PB1|PP755595.1|A/cattle/Texas/24-008749-003/2024(H5N1)	1013	2620
PB1|PP755595.1|A/cattle/Texas/24-008749-003/2024(H5N1)	1014	2613
PB1|PP755595.1|A/cattle/Texas/24-008749-003/2024(H5N1)	1015	2587
PB1|PP755595.1|A/cattle/Texas/24-008749-003/2024(H5N1)	1016	2584
PB1|PP755595.1|A/cattle/Texas/24-008749-003/2024(H5N1)	1017	2561
PB1|PP755595.1|A/cattle/Texas/24-008749-003/2024(H5N1)	1018	2561
PB1|PP755595.1|A/cattle/Texas/24-008749-003/2024(H5N1)	1019	2560
PB1|PP755595.1|A/cattle/Texas/24-008749-003/2024(H5N1)	1020	2528
PB1|PP755595.1|A/cattle/Texas/24-008749-003/2024(H5N1)	1021	2683
PB1|PP755595.1|A/cattle/Texas/24-008749-003/2024(H5N1)	1022	2640
PB1|PP755595.1|A/cattle/Texas/24-008749-003/2024(H5N1)	1023	2638
PB1|PP755595.1|A/cattle/Texas/24-008749-003/2024(H5N1)	1024	2665
PB1|PP755595.1|A/cattle/Texas/24-008749-003/2024(H5N1)	1025	2663
PB1|PP755595.1|A/cattle/Texas/24-008749-003/2024(H5N1)	1026	2644
PB1|PP755595.1|A/cattle/Texas/24-008749-003/2024(H5N1)	1027	2629
PB1|PP755595.1|A/cattle/Texas/24-008749-003/2024(H5N1)	1028	2575
PB1|PP755595.1|A/cattle/Texas/24-008749-003/2024(H5N1)	1029	2561
PB1|PP755595.1|A/cattle/Texas/24-008749-003/2024(H5N1)	1030	2462
PB1|PP755595.1|A/cattle/Texas/24-008749-003/2024(H5N1)	1031	2305
PB1|PP755595.1|A/cattle/Texas/24-008749-003/2024(H5N1)	1032	2286
PB1|PP755595.1|A/cattle/Texas/24-008749-003/2024(H5N1)	1033	2257
PB1|PP755595.1|A/cattle/Texas/24-008749-003/2024(H5N1)	1034	2056
PB1|PP755595.1|A/cattle/Texas/24-008749-003/2024(H5N1)	1035	2049
PB1|PP755595.1|A/cattle/Texas/24-008749-003/2024(H5N1)	1036	2078
PB1|PP755595.1|A/cattle/Texas/24-008749-003/2024(H5N1)	1037	2068
PB1|PP755595.1|A/cattle/Texas/24-008749-003/2024(H5N1)	1038	2067
PB1|PP755595.1|A/cattle/Texas/24-008749-003/2024(H5N1)	1039	2064
PB1|PP755595.1|A/cattle/Texas/24-008749-003/2024(H5N1)	1040	1951
PB1|PP755595.1|A/cattle/Texas/24-008749-003/2024(H5N1)	1041	1950
PB1|PP755595.1|A/cattle/Texas/24-008749-003/2024(H5N1)	1042	1943
PB1|PP755595.1|A/cattle/Texas/24-008749-003/2024(H5N1)	1043	1942
PB1|PP755595.1|A/cattle/Texas/24-008749-003/2024(H5N1)	1044	1941
PB1|PP755595.1|A/cattle/Texas/24-008749-003/2024(H5N1)	1045	1895
PB1|PP755595.1|A/cattle/Texas/24-008749-003/2024(H5N1)	1046	1867
PB1|PP755595.1|A/cattle/Texas/24-008749-003/2024(H5N1)	1047	1631
PB1|PP755595.1|A/cattle/Texas/24-008749-003/2024(H5N1)	1048	1629
PB1|PP755595.1|A/cattle/Texas/24-008749-003/2024(H5N1)	1049	1627
PB1|PP755595.1|A/cattle/Texas/24-008749-003/2024(H5N1)	1050	1626
PB1|PP755595.1|A/cattle/Texas/24-008749-003/2024(H5N1)	1051	1623
PB1|PP755595.1|A/cattle/Texas/24-008749-003/2024(H5N1)	1052	1623
PB1|PP755595.1|A/cattle/Texas/24-008749-003/2024(H5N1)	1053	1596
PB1|PP755595.1|A/cattle/Texas/24-008749-003/2024(H5N1)	1054	1596
PB1|PP755595.1|A/cattle/Texas/24-008749-003/2024(H5N1)	1055	1596
PB1|PP755595.1|A/cattle/Texas/24-008749-003/2024(H5N1)	1056	1596
PB1|PP755595.1|A/cattle/Texas/24-008749-003/2024(H5N1)	1057	1820
PB1|PP755595.1|A/cattle/Texas/24-008749-003/2024(H5N1)	1058	1820
PB1|PP755595.1|A/cattle/Texas/24-008749-003/2024(H5N1)	1059	1820
PB1|PP755595.1|A/cattle/Texas/24-008749-003/2024(H5N1)	1060	1821
PB1|PP755595.1|A/cattle/Texas/24-008749-003/2024(H5N1)	1061	1821
PB1|PP755595.1|A/cattle/Texas/24-008749-003/2024(H5N1)	1062	1821
PB1|PP755595.1|A/cattle/Texas/24-008749-003/2024(H5N1)	1063	2047
PB1|PP755595.1|A/cattle/Texas/24-008749-003/2024(H5N1)	1064	2052
PB1|PP755595.1|A/cattle/Texas/24-008749-003/2024(H5N1)	1065	2052
PB1|PP755595.1|A/cattle/Texas/24-008749-003/2024(H5N1)	1066	2058
PB1|PP755595.1|A/cattle/Texas/24-008749-003/2024(H5N1)	1067	2058
PB1|PP755595.1|A/cattle/Texas/24-008749-003/2024(H5N1)	1068	2043
PB1|PP755595.1|A/cattle/Texas/24-008749-003/2024(H5N1)	1069	1909
PB1|PP755595.1|A/cattle/Texas/24-008749-003/2024(H5N1)	1070	1904
PB1|PP755595.1|A/cattle/Texas/24-008749-003/2024(H5N1)	1071	1884
PB1|PP755595.1|A/cattle/Texas/24-008749-003/2024(H5N1)	1072	1980
PB1|PP755595.1|A/cattle/Texas/24-008749-003/2024(H5N1)	1073	1982
PB1|PP755595.1|A/cattle/Texas/24-008749-003/2024(H5N1)	1074	1982
PB1|PP755595.1|A/cattle/Texas/24-008749-003/2024(H5N1)	1075	1978
PB1|PP755595.1|A/cattle/Texas/24-008749-003/2024(H5N1)	1076	1987
PB1|PP755595.1|A/cattle/Texas/24-008749-003/2024(H5N1)	1077	1976
PB1|PP755595.1|A/cattle/Texas/24-008749-003/2024(H5N1)	1078	1966
PB1|PP755595.1|A/cattle/Texas/24-008749-003/2024(H5N1)	1079	1966
PB1|PP755595.1|A/cattle/Texas/24-008749-003/2024(H5N1)	1080	1984
PB1|PP755595.1|A/cattle/Texas/24-008749-003/2024(H5N1)	1081	1990
PB1|PP755595.1|A/cattle/Texas/24-008749-003/2024(H5N1)	1082	2011
PB1|PP755595.1|A/cattle/Texas/24-008749-003/2024(H5N1)	1083	1972
PB1|PP755595.1|A/cattle/Texas/24-008749-003/2024(H5N1)	1084	1955
PB1|PP755595.1|A/cattle/Texas/24-008749-003/2024(H5N1)	1085	1943
PB1|PP755595.1|A/cattle/Texas/24-008749-003/2024(H5N1)	1086	1941
PB1|PP755595.1|A/cattle/Texas/24-008749-003/2024(H5N1)	1087	1934
PB1|PP755595.1|A/cattle/Texas/24-008749-003/2024(H5N1)	1088	1930
PB1|PP755595.1|A/cattle/Texas/24-008749-003/2024(H5N1)	1089	1926
PB1|PP755595.1|A/cattle/Texas/24-008749-003/2024(H5N1)	1090	1820
PB1|PP755595.1|A/cattle/Texas/24-008749-003/2024(H5N1)	1091	1802
PB1|PP755595.1|A/cattle/Texas/24-008749-003/2024(H5N1)	1092	1798
PB1|PP755595.1|A/cattle/Texas/24-008749-003/2024(H5N1)	1093	1846
PB1|PP755595.1|A/cattle/Texas/24-008749-003/2024(H5N1)	1094	1851
PB1|PP755595.1|A/cattle/Texas/24-008749-003/2024(H5N1)	1095	1857
PB1|PP755595.1|A/cattle/Texas/24-008749-003/2024(H5N1)	1096	2008
PB1|PP755595.1|A/cattle/Texas/24-008749-003/2024(H5N1)	1097	2099
PB1|PP755595.1|A/cattle/Texas/24-008749-003/2024(H5N1)	1098	2129
PB1|PP755595.1|A/cattle/Texas/24-008749-003/2024(H5N1)	1099	2146
PB1|PP755595.1|A/cattle/Texas/24-008749-003/2024(H5N1)	1100	2222
PB1|PP755595.1|A/cattle/Texas/24-008749-003/2024(H5N1)	1101	2225
PB1|PP755595.1|A/cattle/Texas/24-008749-003/2024(H5N1)	1102	2207
PB1|PP755595.1|A/cattle/Texas/24-008749-003/2024(H5N1)	1103	2250
PB1|PP755595.1|A/cattle/Texas/24-008749-003/2024(H5N1)	1104	2241
PB1|PP755595.1|A/cattle/Texas/24-008749-003/2024(H5N1)	1105	2242
PB1|PP755595.1|A/cattle/Texas/24-008749-003/2024(H5N1)	1106	2186
PB1|PP755595.1|A/cattle/Texas/24-008749-003/2024(H5N1)	1107	2162
PB1|PP755595.1|A/cattle/Texas/24-008749-003/2024(H5N1)	1108	2193
PB1|PP755595.1|A/cattle/Texas/24-008749-003/2024(H5N1)	1109	2193
PB1|PP755595.1|A/cattle/Texas/24-008749-003/2024(H5N1)	1110	2193
PB1|PP755595.1|A/cattle/Texas/24-008749-003/2024(H5N1)	1111	2193
PB1|PP755595.1|A/cattle/Texas/24-008749-003/2024(H5N1)	1112	2194
PB1|PP755595.1|A/cattle/Texas/24-008749-003/2024(H5N1)	1113	2160
PB1|PP755595.1|A/cattle/Texas/24-008749-003/2024(H5N1)	1114	2120
PB1|PP755595.1|A/cattle/Texas/24-008749-003/2024(H5N1)	1115	2095
PB1|PP755595.1|A/cattle/Texas/24-008749-003/2024(H5N1)	1116	2091
PB1|PP755595.1|A/cattle/Texas/24-008749-003/2024(H5N1)	1117	2069
PB1|PP755595.1|A/cattle/Texas/24-008749-003/2024(H5N1)	1118	2058
PB1|PP755595.1|A/cattle/Texas/24-008749-003/2024(H5N1)	1119	1636
PB1|PP755595.1|A/cattle/Texas/24-008749-003/2024(H5N1)	1120	1636
PB1|PP755595.1|A/cattle/Texas/24-008749-003/2024(H5N1)	1121	1636
PB1|PP755595.1|A/cattle/Texas/24-008749-003/2024(H5N1)	1122	1635
PB1|PP755595.1|A/cattle/Texas/24-008749-003/2024(H5N1)	1123	1635
PB1|PP755595.1|A/cattle/Texas/24-008749-003/2024(H5N1)	1124	1635
PB1|PP755595.1|A/cattle/Texas/24-008749-003/2024(H5N1)	1125	1635
PB1|PP755595.1|A/cattle/Texas/24-008749-003/2024(H5N1)	1126	1635
PB1|PP755595.1|A/cattle/Texas/24-008749-003/2024(H5N1)	1127	1635
PB1|PP755595.1|A/cattle/Texas/24-008749-003/2024(H5N1)	1128	1635
PB1|PP755595.1|A/cattle/Texas/24-008749-003/2024(H5N1)	1129	1635
PB1|PP755595.1|A/cattle/Texas/24-008749-003/2024(H5N1)	1130	1635
PB1|PP755595.1|A/cattle/Texas/24-008749-003/2024(H5N1)	1131	1635
PB1|PP755595.1|A/cattle/Texas/24-008749-003/2024(H5N1)	1132	1635
PB1|PP755595.1|A/cattle/Texas/24-008749-003/2024(H5N1)	1133	1635
PB1|PP755595.1|A/cattle/Texas/24-008749-003/2024(H5N1)	1134	1637
PB1|PP755595.1|A/cattle/Texas/24-008749-003/2024(H5N1)	1135	2374
PB1|PP755595.1|A/cattle/Texas/24-008749-003/2024(H5N1)	1136	2374
PB1|PP755595.1|A/cattle/Texas/24-008749-003/2024(H5N1)	1137	2384
PB1|PP755595.1|A/cattle/Texas/24-008749-003/2024(H5N1)	1138	2399
PB1|PP755595.1|A/cattle/Texas/24-008749-003/2024(H5N1)	1139	2418
PB1|PP755595.1|A/cattle/Texas/24-008749-003/2024(H5N1)	1140	2424
PB1|PP755595.1|A/cattle/Texas/24-008749-003/2024(H5N1)	1141	2425
PB1|PP755595.1|A/cattle/Texas/24-008749-003/2024(H5N1)	1142	2427
PB1|PP755595.1|A/cattle/Texas/24-008749-003/2024(H5N1)	1143	2439
PB1|PP755595.1|A/cattle/Texas/24-008749-003/2024(H5N1)	1144	2439
PB1|PP755595.1|A/cattle/Texas/24-008749-003/2024(H5N1)	1145	2462
PB1|PP755595.1|A/cattle/Texas/24-008749-003/2024(H5N1)	1146	2464
PB1|PP755595.1|A/cattle/Texas/24-008749-003/2024(H5N1)	1147	2478
PB1|PP755595.1|A/cattle/Texas/24-008749-003/2024(H5N1)	1148	2479
PB1|PP755595.1|A/cattle/Texas/24-008749-003/2024(H5N1)	1149	2485
PB1|PP755595.1|A/cattle/Texas/24-008749-003/2024(H5N1)	1150	2486
PB1|PP755595.1|A/cattle/Texas/24-008749-003/2024(H5N1)	1151	2520
PB1|PP755595.1|A/cattle/Texas/24-008749-003/2024(H5N1)	1152	2520
PB1|PP755595.1|A/cattle/Texas/24-008749-003/2024(H5N1)	1153	2522
PB1|PP755595.1|A/cattle/Texas/24-008749-003/2024(H5N1)	1154	2532
PB1|PP755595.1|A/cattle/Texas/24-008749-003/2024(H5N1)	1155	2530
PB1|PP755595.1|A/cattle/Texas/24-008749-003/2024(H5N1)	1156	2520
PB1|PP755595.1|A/cattle/Texas/24-008749-003/2024(H5N1)	1157	2434
PB1|PP755595.1|A/cattle/Texas/24-008749-003/2024(H5N1)	1158	2461
PB1|PP755595.1|A/cattle/Texas/24-008749-003/2024(H5N1)	1159	2480
PB1|PP755595.1|A/cattle/Texas/24-008749-003/2024(H5N1)	1160	2480
PB1|PP755595.1|A/cattle/Texas/24-008749-003/2024(H5N1)	1161	2480
PB1|PP755595.1|A/cattle/Texas/24-008749-003/2024(H5N1)	1162	2496
PB1|PP755595.1|A/cattle/Texas/24-008749-003/2024(H5N1)	1163	2502
PB1|PP755595.1|A/cattle/Texas/24-008749-003/2024(H5N1)	1164	2444
PB1|PP755595.1|A/cattle/Texas/24-008749-003/2024(H5N1)	1165	2443
PB1|PP755595.1|A/cattle/Texas/24-008749-003/2024(H5N1)	1166	2442
PB1|PP755595.1|A/cattle/Texas/24-008749-003/2024(H5N1)	1167	2154
PB1|PP755595.1|A/cattle/Texas/24-008749-003/2024(H5N1)	1168	2154
PB1|PP755595.1|A/cattle/Texas/24-008749-003/2024(H5N1)	1169	2154
PB1|PP755595.1|A/cattle/Texas/24-008749-003/2024(H5N1)	1170	2153
PB1|PP755595.1|A/cattle/Texas/24-008749-003/2024(H5N1)	1171	2174
PB1|PP755595.1|A/cattle/Texas/24-008749-003/2024(H5N1)	1172	2189
PB1|PP755595.1|A/cattle/Texas/24-008749-003/2024(H5N1)	1173	2208
PB1|PP755595.1|A/cattle/Texas/24-008749-003/2024(H5N1)	1174	2288
PB1|PP755595.1|A/cattle/Texas/24-008749-003/2024(H5N1)	1175	2288
PB1|PP755595.1|A/cattle/Texas/24-008749-003/2024(H5N1)	1176	2295
PB1|PP755595.1|A/cattle/Texas/24-008749-003/2024(H5N1)	1177	2295
PB1|PP755595.1|A/cattle/Texas/24-008749-003/2024(H5N1)	1178	2314
PB1|PP755595.1|A/cattle/Texas/24-008749-003/2024(H5N1)	1179	2325
PB1|PP755595.1|A/cattle/Texas/24-008749-003/2024(H5N1)	1180	2412
PB1|PP755595.1|A/cattle/Texas/24-008749-003/2024(H5N1)	1181	2435
PB1|PP755595.1|A/cattle/Texas/24-008749-003/2024(H5N1)	1182	2439
PB1|PP755595.1|A/cattle/Texas/24-008749-003/2024(H5N1)	1183	2582
PB1|PP755595.1|A/cattle/Texas/24-008749-003/2024(H5N1)	1184	2592
PB1|PP755595.1|A/cattle/Texas/24-008749-003/2024(H5N1)	1185	2650
PB1|PP755595.1|A/cattle/Texas/24-008749-003/2024(H5N1)	1186	2686
PB1|PP755595.1|A/cattle/Texas/24-008749-003/2024(H5N1)	1187	2687
PB1|PP755595.1|A/cattle/Texas/24-008749-003/2024(H5N1)	1188	2697
PB1|PP755595.1|A/cattle/Texas/24-008749-003/2024(H5N1)	1189	2711
PB1|PP755595.1|A/cattle/Texas/24-008749-003/2024(H5N1)	1190	2712
PB1|PP755595.1|A/cattle/Texas/24-008749-003/2024(H5N1)	1191	2745
PB1|PP755595.1|A/cattle/Texas/24-008749-003/2024(H5N1)	1192	2745
PB1|PP755595.1|A/cattle/Texas/24-008749-003/2024(H5N1)	1193	2684
PB1|PP755595.1|A/cattle/Texas/24-008749-003/2024(H5N1)	1194	2678
PB1|PP755595.1|A/cattle/Texas/24-008749-003/2024(H5N1)	1195	2653
PB1|PP755595.1|A/cattle/Texas/24-008749-003/2024(H5N1)	1196	2653
PB1|PP755595.1|A/cattle/Texas/24-008749-003/2024(H5N1)	1197	2542
PB1|PP755595.1|A/cattle/Texas/24-008749-003/2024(H5N1)	1198	2542
PB1|PP755595.1|A/cattle/Texas/24-008749-003/2024(H5N1)	1199	2556
PB1|PP755595.1|A/cattle/Texas/24-008749-003/2024(H5N1)	1200	2558
PB1|PP755595.1|A/cattle/Texas/24-008749-003/2024(H5N1)	1201	2800
PB1|PP755595.1|A/cattle/Texas/24-008749-003/2024(H5N1)	1202	2815
PB1|PP755595.1|A/cattle/Texas/24-008749-003/2024(H5N1)	1203	2832
PB1|PP755595.1|A/cattle/Texas/24-008749-003/2024(H5N1)	1204	2834
PB1|PP755595.1|A/cattle/Texas/24-008749-003/2024(H5N1)	1205	2892
PB1|PP755595.1|A/cattle/Texas/24-008749-003/2024(H5N1)	1206	2911
PB1|PP755595.1|A/cattle/Texas/24-008749-003/2024(H5N1)	1207	2929
PB1|PP755595.1|A/cattle/Texas/24-008749-003/2024(H5N1)	1208	2926
PB1|PP755595.1|A/cattle/Texas/24-008749-003/2024(H5N1)	1209	2685
PB1|PP755595.1|A/cattle/Texas/24-008749-003/2024(H5N1)	1210	2685
PB1|PP755595.1|A/cattle/Texas/24-008749-003/2024(H5N1)	1211	2817
PB1|PP755595.1|A/cattle/Texas/24-008749-003/2024(H5N1)	1212	2836
PB1|PP755595.1|A/cattle/Texas/24-008749-003/2024(H5N1)	1213	2861
PB1|PP755595.1|A/cattle/Texas/24-008749-003/2024(H5N1)	1214	2872
PB1|PP755595.1|A/cattle/Texas/24-008749-003/2024(H5N1)	1215	2878
PB1|PP755595.1|A/cattle/Texas/24-008749-003/2024(H5N1)	1216	2897
PB1|PP755595.1|A/cattle/Texas/24-008749-003/2024(H5N1)	1217	2923
PB1|PP755595.1|A/cattle/Texas/24-008749-003/2024(H5N1)	1218	2930
PB1|PP755595.1|A/cattle/Texas/24-008749-003/2024(H5N1)	1219	2943
PB1|PP755595.1|A/cattle/Texas/24-008749-003/2024(H5N1)	1220	2895
PB1|PP755595.1|A/cattle/Texas/24-008749-003/2024(H5N1)	1221	2923
PB1|PP755595.1|A/cattle/Texas/24-008749-003/2024(H5N1)	1222	2955
PB1|PP755595.1|A/cattle/Texas/24-008749-003/2024(H5N1)	1223	2961
PB1|PP755595.1|A/cattle/Texas/24-008749-003/2024(H5N1)	1224	2961
PB1|PP755595.1|A/cattle/Texas/24-008749-003/2024(H5N1)	1225	2948
PB1|PP755595.1|A/cattle/Texas/24-008749-003/2024(H5N1)	1226	2940
PB1|PP755595.1|A/cattle/Texas/24-008749-003/2024(H5N1)	1227	2932
PB1|PP755595.1|A/cattle/Texas/24-008749-003/2024(H5N1)	1228	2964
PB1|PP755595.1|A/cattle/Texas/24-008749-003/2024(H5N1)	1229	2981
PB1|PP755595.1|A/cattle/Texas/24-008749-003/2024(H5N1)	1230	2960
PB1|PP755595.1|A/cattle/Texas/24-008749-003/2024(H5N1)	1231	2974
PB1|PP755595.1|A/cattle/Texas/24-008749-003/2024(H5N1)	1232	2978
PB1|PP755595.1|A/cattle/Texas/24-008749-003/2024(H5N1)	1233	2994
PB1|PP755595.1|A/cattle/Texas/24-008749-003/2024(H5N1)	1234	3015
PB1|PP755595.1|A/cattle/Texas/24-008749-003/2024(H5N1)	1235	3059
PB1|PP755595.1|A/cattle/Texas/24-008749-003/2024(H5N1)	1236	3067
PB1|PP755595.1|A/cattle/Texas/24-008749-003/2024(H5N1)	1237	3055
PB1|PP755595.1|A/cattle/Texas/24-008749-003/2024(H5N1)	1238	3035
PB1|PP755595.1|A/cattle/Texas/24-008749-003/2024(H5N1)	1239	3033
PB1|PP755595.1|A/cattle/Texas/24-008749-003/2024(H5N1)	1240	3043
PB1|PP755595.1|A/cattle/Texas/24-008749-003/2024(H5N1)	1241	3038
PB1|PP755595.1|A/cattle/Texas/24-008749-003/2024(H5N1)	1242	3087
PB1|PP755595.1|A/cattle/Texas/24-008749-003/2024(H5N1)	1243	3155
PB1|PP755595.1|A/cattle/Texas/24-008749-003/2024(H5N1)	1244	3101
PB1|PP755595.1|A/cattle/Texas/24-008749-003/2024(H5N1)	1245	3150
PB1|PP755595.1|A/cattle/Texas/24-008749-003/2024(H5N1)	1246	3163
PB1|PP755595.1|A/cattle/Texas/24-008749-003/2024(H5N1)	1247	3313
PB1|PP755595.1|A/cattle/Texas/24-008749-003/2024(H5N1)	1248	3225
PB1|PP755595.1|A/cattle/Texas/24-008749-003/2024(H5N1)	1249	3192
PB1|PP755595.1|A/cattle/Texas/24-008749-003/2024(H5N1)	1250	3176
PB1|PP755595.1|A/cattle/Texas/24-008749-003/2024(H5N1)	1251	3088
PB1|PP755595.1|A/cattle/Texas/24-008749-003/2024(H5N1)	1252	3085
PB1|PP755595.1|A/cattle/Texas/24-008749-003/2024(H5N1)	1253	3078
PB1|PP755595.1|A/cattle/Texas/24-008749-003/2024(H5N1)	1254	2470
PB1|PP755595.1|A/cattle/Texas/24-008749-003/2024(H5N1)	1255	2465
PB1|PP755595.1|A/cattle/Texas/24-008749-003/2024(H5N1)	1256	2557
PB1|PP755595.1|A/cattle/Texas/24-008749-003/2024(H5N1)	1257	2558
PB1|PP755595.1|A/cattle/Texas/24-008749-003/2024(H5N1)	1258	3173
PB1|PP755595.1|A/cattle/Texas/24-008749-003/2024(H5N1)	1259	3202
PB1|PP755595.1|A/cattle/Texas/24-008749-003/2024(H5N1)	1260	3202
PB1|PP755595.1|A/cattle/Texas/24-008749-003/2024(H5N1)	1261	3204
PB1|PP755595.1|A/cattle/Texas/24-008749-003/2024(H5N1)	1262	3209
PB1|PP755595.1|A/cattle/Texas/24-008749-003/2024(H5N1)	1263	3209
PB1|PP755595.1|A/cattle/Texas/24-008749-003/2024(H5N1)	1264	3233
PB1|PP755595.1|A/cattle/Texas/24-008749-003/2024(H5N1)	1265	3217
PB1|PP755595.1|A/cattle/Texas/24-008749-003/2024(H5N1)	1266	3217
PB1|PP755595.1|A/cattle/Texas/24-008749-003/2024(H5N1)	1267	3233
PB1|PP755595.1|A/cattle/Texas/24-008749-003/2024(H5N1)	1268	3240
PB1|PP755595.1|A/cattle/Texas/24-008749-003/2024(H5N1)	1269	3263
PB1|PP755595.1|A/cattle/Texas/24-008749-003/2024(H5N1)	1270	3292
PB1|PP755595.1|A/cattle/Texas/24-008749-003/2024(H5N1)	1271	3292
PB1|PP755595.1|A/cattle/Texas/24-008749-003/2024(H5N1)	1272	3299
PB1|PP755595.1|A/cattle/Texas/24-008749-003/2024(H5N1)	1273	3300
PB1|PP755595.1|A/cattle/Texas/24-008749-003/2024(H5N1)	1274	3314
PB1|PP755595.1|A/cattle/Texas/24-008749-003/2024(H5N1)	1275	3306
PB1|PP755595.1|A/cattle/Texas/24-008749-003/2024(H5N1)	1276	3227
PB1|PP755595.1|A/cattle/Texas/24-008749-003/2024(H5N1)	1277	3219
PB1|PP755595.1|A/cattle/Texas/24-008749-003/2024(H5N1)	1278	3196
PB1|PP755595.1|A/cattle/Texas/24-008749-003/2024(H5N1)	1279	3202
PB1|PP755595.1|A/cattle/Texas/24-008749-003/2024(H5N1)	1280	3246
PB1|PP755595.1|A/cattle/Texas/24-008749-003/2024(H5N1)	1281	3215
PB1|PP755595.1|A/cattle/Texas/24-008749-003/2024(H5N1)	1282	3205
PB1|PP755595.1|A/cattle/Texas/24-008749-003/2024(H5N1)	1283	3203
PB1|PP755595.1|A/cattle/Texas/24-008749-003/2024(H5N1)	1284	3211
PB1|PP755595.1|A/cattle/Texas/24-008749-003/2024(H5N1)	1285	3216
PB1|PP755595.1|A/cattle/Texas/24-008749-003/2024(H5N1)	1286	3211
PB1|PP755595.1|A/cattle/Texas/24-008749-003/2024(H5N1)	1287	3242
PB1|PP755595.1|A/cattle/Texas/24-008749-003/2024(H5N1)	1288	3237
PB1|PP755595.1|A/cattle/Texas/24-008749-003/2024(H5N1)	1289	3221
PB1|PP755595.1|A/cattle/Texas/24-008749-003/2024(H5N1)	1290	3219
PB1|PP755595.1|A/cattle/Texas/24-008749-003/2024(H5N1)	1291	3225
PB1|PP755595.1|A/cattle/Texas/24-008749-003/2024(H5N1)	1292	3226
PB1|PP755595.1|A/cattle/Texas/24-008749-003/2024(H5N1)	1293	3252
PB1|PP755595.1|A/cattle/Texas/24-008749-003/2024(H5N1)	1294	3245
PB1|PP755595.1|A/cattle/Texas/24-008749-003/2024(H5N1)	1295	3255
PB1|PP755595.1|A/cattle/Texas/24-008749-003/2024(H5N1)	1296	3238
PB1|PP755595.1|A/cattle/Texas/24-008749-003/2024(H5N1)	1297	3231
PB1|PP755595.1|A/cattle/Texas/24-008749-003/2024(H5N1)	1298	3225
PB1|PP755595.1|A/cattle/Texas/24-008749-003/2024(H5N1)	1299	3225
PB1|PP755595.1|A/cattle/Texas/24-008749-003/2024(H5N1)	1300	3325
PB1|PP755595.1|A/cattle/Texas/24-008749-003/2024(H5N1)	1301	3400
PB1|PP755595.1|A/cattle/Texas/24-008749-003/2024(H5N1)	1302	3367
PB1|PP755595.1|A/cattle/Texas/24-008749-003/2024(H5N1)	1303	3393
PB1|PP755595.1|A/cattle/Texas/24-008749-003/2024(H5N1)	1304	3391
PB1|PP755595.1|A/cattle/Texas/24-008749-003/2024(H5N1)	1305	3415
PB1|PP755595.1|A/cattle/Texas/24-008749-003/2024(H5N1)	1306	3464
PB1|PP755595.1|A/cattle/Texas/24-008749-003/2024(H5N1)	1307	3461
PB1|PP755595.1|A/cattle/Texas/24-008749-003/2024(H5N1)	1308	3528
PB1|PP755595.1|A/cattle/Texas/24-008749-003/2024(H5N1)	1309	3431
PB1|PP755595.1|A/cattle/Texas/24-008749-003/2024(H5N1)	1310	3448
PB1|PP755595.1|A/cattle/Texas/24-008749-003/2024(H5N1)	1311	3456
PB1|PP755595.1|A/cattle/Texas/24-008749-003/2024(H5N1)	1312	3445
PB1|PP755595.1|A/cattle/Texas/24-008749-003/2024(H5N1)	1313	3450
PB1|PP755595.1|A/cattle/Texas/24-008749-003/2024(H5N1)	1314	3449
PB1|PP755595.1|A/cattle/Texas/24-008749-003/2024(H5N1)	1315	3447
PB1|PP755595.1|A/cattle/Texas/24-008749-003/2024(H5N1)	1316	3480
PB1|PP755595.1|A/cattle/Texas/24-008749-003/2024(H5N1)	1317	3437
PB1|PP755595.1|A/cattle/Texas/24-008749-003/2024(H5N1)	1318	3446
PB1|PP755595.1|A/cattle/Texas/24-008749-003/2024(H5N1)	1319	3428
PB1|PP755595.1|A/cattle/Texas/24-008749-003/2024(H5N1)	1320	3430
PB1|PP755595.1|A/cattle/Texas/24-008749-003/2024(H5N1)	1321	3538
PB1|PP755595.1|A/cattle/Texas/24-008749-003/2024(H5N1)	1322	3517
PB1|PP755595.1|A/cattle/Texas/24-008749-003/2024(H5N1)	1323	3497
PB1|PP755595.1|A/cattle/Texas/24-008749-003/2024(H5N1)	1324	3504
PB1|PP755595.1|A/cattle/Texas/24-008749-003/2024(H5N1)	1325	3500
PB1|PP755595.1|A/cattle/Texas/24-008749-003/2024(H5N1)	1326	3513
PB1|PP755595.1|A/cattle/Texas/24-008749-003/2024(H5N1)	1327	3505
PB1|PP755595.1|A/cattle/Texas/24-008749-003/2024(H5N1)	1328	3473
PB1|PP755595.1|A/cattle/Texas/24-008749-003/2024(H5N1)	1329	3466
PB1|PP755595.1|A/cattle/Texas/24-008749-003/2024(H5N1)	1330	3378
PB1|PP755595.1|A/cattle/Texas/24-008749-003/2024(H5N1)	1331	3258
PB1|PP755595.1|A/cattle/Texas/24-008749-003/2024(H5N1)	1332	3244
PB1|PP755595.1|A/cattle/Texas/24-008749-003/2024(H5N1)	1333	3242
PB1|PP755595.1|A/cattle/Texas/24-008749-003/2024(H5N1)	1334	3242
PB1|PP755595.1|A/cattle/Texas/24-008749-003/2024(H5N1)	1335	3229
PB1|PP755595.1|A/cattle/Texas/24-008749-003/2024(H5N1)	1336	3172
PB1|PP755595.1|A/cattle/Texas/24-008749-003/2024(H5N1)	1337	3138
PB1|PP755595.1|A/cattle/Texas/24-008749-003/2024(H5N1)	1338	2546
PB1|PP755595.1|A/cattle/Texas/24-008749-003/2024(H5N1)	1339	2538
PB1|PP755595.1|A/cattle/Texas/24-008749-003/2024(H5N1)	1340	2523
PB1|PP755595.1|A/cattle/Texas/24-008749-003/2024(H5N1)	1341	2493
PB1|PP755595.1|A/cattle/Texas/24-008749-003/2024(H5N1)	1342	2493
PB1|PP755595.1|A/cattle/Texas/24-008749-003/2024(H5N1)	1343	2493
PB1|PP755595.1|A/cattle/Texas/24-008749-003/2024(H5N1)	1344	2492
PB1|PP755595.1|A/cattle/Texas/24-008749-003/2024(H5N1)	1345	2517
PB1|PP755595.1|A/cattle/Texas/24-008749-003/2024(H5N1)	1346	2518
PB1|PP755595.1|A/cattle/Texas/24-008749-003/2024(H5N1)	1347	2619
PB1|PP755595.1|A/cattle/Texas/24-008749-003/2024(H5N1)	1348	2619
PB1|PP755595.1|A/cattle/Texas/24-008749-003/2024(H5N1)	1349	2617
PB1|PP755595.1|A/cattle/Texas/24-008749-003/2024(H5N1)	1350	2603
PB1|PP755595.1|A/cattle/Texas/24-008749-003/2024(H5N1)	1351	2638
PB1|PP755595.1|A/cattle/Texas/24-008749-003/2024(H5N1)	1352	2693
PB1|PP755595.1|A/cattle/Texas/24-008749-003/2024(H5N1)	1353	2693
PB1|PP755595.1|A/cattle/Texas/24-008749-003/2024(H5N1)	1354	2697
PB1|PP755595.1|A/cattle/Texas/24-008749-003/2024(H5N1)	1355	2700
PB1|PP755595.1|A/cattle/Texas/24-008749-003/2024(H5N1)	1356	2703
PB1|PP755595.1|A/cattle/Texas/24-008749-003/2024(H5N1)	1357	2715
PB1|PP755595.1|A/cattle/Texas/24-008749-003/2024(H5N1)	1358	2715
PB1|PP755595.1|A/cattle/Texas/24-008749-003/2024(H5N1)	1359	2706
PB1|PP755595.1|A/cattle/Texas/24-008749-003/2024(H5N1)	1360	2708
PB1|PP755595.1|A/cattle/Texas/24-008749-003/2024(H5N1)	1361	2707
PB1|PP755595.1|A/cattle/Texas/24-008749-003/2024(H5N1)	1362	2713
PB1|PP755595.1|A/cattle/Texas/24-008749-003/2024(H5N1)	1363	2967
PB1|PP755595.1|A/cattle/Texas/24-008749-003/2024(H5N1)	1364	2981
PB1|PP755595.1|A/cattle/Texas/24-008749-003/2024(H5N1)	1365	3003
PB1|PP755595.1|A/cattle/Texas/24-008749-003/2024(H5N1)	1366	3006
PB1|PP755595.1|A/cattle/Texas/24-008749-003/2024(H5N1)	1367	3007
PB1|PP755595.1|A/cattle/Texas/24-008749-003/2024(H5N1)	1368	3014
PB1|PP755595.1|A/cattle/Texas/24-008749-003/2024(H5N1)	1369	3017
PB1|PP755595.1|A/cattle/Texas/24-008749-003/2024(H5N1)	1370	3033
PB1|PP755595.1|A/cattle/Texas/24-008749-003/2024(H5N1)	1371	3040
PB1|PP755595.1|A/cattle/Texas/24-008749-003/2024(H5N1)	1372	3130
PB1|PP755595.1|A/cattle/Texas/24-008749-003/2024(H5N1)	1373	3155
PB1|PP755595.1|A/cattle/Texas/24-008749-003/2024(H5N1)	1374	3161
PB1|PP755595.1|A/cattle/Texas/24-008749-003/2024(H5N1)	1375	3320
PB1|PP755595.1|A/cattle/Texas/24-008749-003/2024(H5N1)	1376	3322
PB1|PP755595.1|A/cattle/Texas/24-008749-003/2024(H5N1)	1377	3320
PB1|PP755595.1|A/cattle/Texas/24-008749-003/2024(H5N1)	1378	3287
PB1|PP755595.1|A/cattle/Texas/24-008749-003/2024(H5N1)	1379	3295
PB1|PP755595.1|A/cattle/Texas/24-008749-003/2024(H5N1)	1380	3299
PB1|PP755595.1|A/cattle/Texas/24-008749-003/2024(H5N1)	1381	3298
PB1|PP755595.1|A/cattle/Texas/24-008749-003/2024(H5N1)	1382	3326
PB1|PP755595.1|A/cattle/Texas/24-008749-003/2024(H5N1)	1383	3299
PB1|PP755595.1|A/cattle/Texas/24-008749-003/2024(H5N1)	1384	3349
PB1|PP755595.1|A/cattle/Texas/24-008749-003/2024(H5N1)	1385	3354
PB1|PP755595.1|A/cattle/Texas/24-008749-003/2024(H5N1)	1386	3310
PB1|PP755595.1|A/cattle/Texas/24-008749-003/2024(H5N1)	1387	3299
PB1|PP755595.1|A/cattle/Texas/24-008749-003/2024(H5N1)	1388	3271
PB1|PP755595.1|A/cattle/Texas/24-008749-003/2024(H5N1)	1389	2805
PB1|PP755595.1|A/cattle/Texas/24-008749-003/2024(H5N1)	1390	2836
PB1|PP755595.1|A/cattle/Texas/24-008749-003/2024(H5N1)	1391	2806
PB1|PP755595.1|A/cattle/Texas/24-008749-003/2024(H5N1)	1392	2805
PB1|PP755595.1|A/cattle/Texas/24-008749-003/2024(H5N1)	1393	2812
PB1|PP755595.1|A/cattle/Texas/24-008749-003/2024(H5N1)	1394	2853
PB1|PP755595.1|A/cattle/Texas/24-008749-003/2024(H5N1)	1395	3152
PB1|PP755595.1|A/cattle/Texas/24-008749-003/2024(H5N1)	1396	3383
PB1|PP755595.1|A/cattle/Texas/24-008749-003/2024(H5N1)	1397	3386
PB1|PP755595.1|A/cattle/Texas/24-008749-003/2024(H5N1)	1398	3551
PB1|PP755595.1|A/cattle/Texas/24-008749-003/2024(H5N1)	1399	3554
PB1|PP755595.1|A/cattle/Texas/24-008749-003/2024(H5N1)	1400	3556
PB1|PP755595.1|A/cattle/Texas/24-008749-003/2024(H5N1)	1401	3554
PB1|PP755595.1|A/cattle/Texas/24-008749-003/2024(H5N1)	1402	3537
PB1|PP755595.1|A/cattle/Texas/24-008749-003/2024(H5N1)	1403	3261
PB1|PP755595.1|A/cattle/Texas/24-008749-003/2024(H5N1)	1404	3049
PB1|PP755595.1|A/cattle/Texas/24-008749-003/2024(H5N1)	1405	3057
PB1|PP755595.1|A/cattle/Texas/24-008749-003/2024(H5N1)	1406	3089
PB1|PP755595.1|A/cattle/Texas/24-008749-003/2024(H5N1)	1407	3010
PB1|PP755595.1|A/cattle/Texas/24-008749-003/2024(H5N1)	1408	2984
PB1|PP755595.1|A/cattle/Texas/24-008749-003/2024(H5N1)	1409	2983
PB1|PP755595.1|A/cattle/Texas/24-008749-003/2024(H5N1)	1410	2983
PB1|PP755595.1|A/cattle/Texas/24-008749-003/2024(H5N1)	1411	2982
PB1|PP755595.1|A/cattle/Texas/24-008749-003/2024(H5N1)	1412	2975
PB1|PP755595.1|A/cattle/Texas/24-008749-003/2024(H5N1)	1413	2928
PB1|PP755595.1|A/cattle/Texas/24-008749-003/2024(H5N1)	1414	2928
PB1|PP755595.1|A/cattle/Texas/24-008749-003/2024(H5N1)	1415	2902
PB1|PP755595.1|A/cattle/Texas/24-008749-003/2024(H5N1)	1416	2891
PB1|PP755595.1|A/cattle/Texas/24-008749-003/2024(H5N1)	1417	2898
PB1|PP755595.1|A/cattle/Texas/24-008749-003/2024(H5N1)	1418	2898
PB1|PP755595.1|A/cattle/Texas/24-008749-003/2024(H5N1)	1419	2872
PB1|PP755595.1|A/cattle/Texas/24-008749-003/2024(H5N1)	1420	2872
PB1|PP755595.1|A/cattle/Texas/24-008749-003/2024(H5N1)	1421	2928
PB1|PP755595.1|A/cattle/Texas/24-008749-003/2024(H5N1)	1422	2935
PB1|PP755595.1|A/cattle/Texas/24-008749-003/2024(H5N1)	1423	3216
PB1|PP755595.1|A/cattle/Texas/24-008749-003/2024(H5N1)	1424	3244
PB1|PP755595.1|A/cattle/Texas/24-008749-003/2024(H5N1)	1425	3259
PB1|PP755595.1|A/cattle/Texas/24-008749-003/2024(H5N1)	1426	3266
PB1|PP755595.1|A/cattle/Texas/24-008749-003/2024(H5N1)	1427	3296
PB1|PP755595.1|A/cattle/Texas/24-008749-003/2024(H5N1)	1428	3297
PB1|PP755595.1|A/cattle/Texas/24-008749-003/2024(H5N1)	1429	3324
PB1|PP755595.1|A/cattle/Texas/24-008749-003/2024(H5N1)	1430	3274
PB1|PP755595.1|A/cattle/Texas/24-008749-003/2024(H5N1)	1431	3275
PB1|PP755595.1|A/cattle/Texas/24-008749-003/2024(H5N1)	1432	3277
PB1|PP755595.1|A/cattle/Texas/24-008749-003/2024(H5N1)	1433	3285
PB1|PP755595.1|A/cattle/Texas/24-008749-003/2024(H5N1)	1434	3277
PB1|PP755595.1|A/cattle/Texas/24-008749-003/2024(H5N1)	1435	3345
PB1|PP755595.1|A/cattle/Texas/24-008749-003/2024(H5N1)	1436	3340
PB1|PP755595.1|A/cattle/Texas/24-008749-003/2024(H5N1)	1437	3351
PB1|PP755595.1|A/cattle/Texas/24-008749-003/2024(H5N1)	1438	3327
PB1|PP755595.1|A/cattle/Texas/24-008749-003/2024(H5N1)	1439	3325
PB1|PP755595.1|A/cattle/Texas/24-008749-003/2024(H5N1)	1440	3325
PB1|PP755595.1|A/cattle/Texas/24-008749-003/2024(H5N1)	1441	3354
PB1|PP755595.1|A/cattle/Texas/24-008749-003/2024(H5N1)	1442	3346
PB1|PP755595.1|A/cattle/Texas/24-008749-003/2024(H5N1)	1443	3435
PB1|PP755595.1|A/cattle/Texas/24-008749-003/2024(H5N1)	1444	3463
PB1|PP755595.1|A/cattle/Texas/24-008749-003/2024(H5N1)	1445	3463
PB1|PP755595.1|A/cattle/Texas/24-008749-003/2024(H5N1)	1446	3520
PB1|PP755595.1|A/cattle/Texas/24-008749-003/2024(H5N1)	1447	3538
PB1|PP755595.1|A/cattle/Texas/24-008749-003/2024(H5N1)	1448	3586
PB1|PP755595.1|A/cattle/Texas/24-008749-003/2024(H5N1)	1449	3584
PB1|PP755595.1|A/cattle/Texas/24-008749-003/2024(H5N1)	1450	3584
PB1|PP755595.1|A/cattle/Texas/24-008749-003/2024(H5N1)	1451	3528
PB1|PP755595.1|A/cattle/Texas/24-008749-003/2024(H5N1)	1452	3439
PB1|PP755595.1|A/cattle/Texas/24-008749-003/2024(H5N1)	1453	3444
PB1|PP755595.1|A/cattle/Texas/24-008749-003/2024(H5N1)	1454	3425
PB1|PP755595.1|A/cattle/Texas/24-008749-003/2024(H5N1)	1455	3416
PB1|PP755595.1|A/cattle/Texas/24-008749-003/2024(H5N1)	1456	3400
PB1|PP755595.1|A/cattle/Texas/24-008749-003/2024(H5N1)	1457	3382
PB1|PP755595.1|A/cattle/Texas/24-008749-003/2024(H5N1)	1458	3411
PB1|PP755595.1|A/cattle/Texas/24-008749-003/2024(H5N1)	1459	3418
PB1|PP755595.1|A/cattle/Texas/24-008749-003/2024(H5N1)	1460	3400
PB1|PP755595.1|A/cattle/Texas/24-008749-003/2024(H5N1)	1461	3398
PB1|PP755595.1|A/cattle/Texas/24-008749-003/2024(H5N1)	1462	3402
PB1|PP755595.1|A/cattle/Texas/24-008749-003/2024(H5N1)	1463	3460
PB1|PP755595.1|A/cattle/Texas/24-008749-003/2024(H5N1)	1464	3464
PB1|PP755595.1|A/cattle/Texas/24-008749-003/2024(H5N1)	1465	3524
PB1|PP755595.1|A/cattle/Texas/24-008749-003/2024(H5N1)	1466	3522
PB1|PP755595.1|A/cattle/Texas/24-008749-003/2024(H5N1)	1467	3497
PB1|PP755595.1|A/cattle/Texas/24-008749-003/2024(H5N1)	1468	3506
PB1|PP755595.1|A/cattle/Texas/24-008749-003/2024(H5N1)	1469	3495
PB1|PP755595.1|A/cattle/Texas/24-008749-003/2024(H5N1)	1470	3487
PB1|PP755595.1|A/cattle/Texas/24-008749-003/2024(H5N1)	1471	3486
PB1|PP755595.1|A/cattle/Texas/24-008749-003/2024(H5N1)	1472	3404
PB1|PP755595.1|A/cattle/Texas/24-008749-003/2024(H5N1)	1473	3411
PB1|PP755595.1|A/cattle/Texas/24-008749-003/2024(H5N1)	1474	3476
PB1|PP755595.1|A/cattle/Texas/24-008749-003/2024(H5N1)	1475	3459
PB1|PP755595.1|A/cattle/Texas/24-008749-003/2024(H5N1)	1476	3466
PB1|PP755595.1|A/cattle/Texas/24-008749-003/2024(H5N1)	1477	3460
PB1|PP755595.1|A/cattle/Texas/24-008749-003/2024(H5N1)	1478	3495
PB1|PP755595.1|A/cattle/Texas/24-008749-003/2024(H5N1)	1479	3496
PB1|PP755595.1|A/cattle/Texas/24-008749-003/2024(H5N1)	1480	3513
PB1|PP755595.1|A/cattle/Texas/24-008749-003/2024(H5N1)	1481	3507
PB1|PP755595.1|A/cattle/Texas/24-008749-003/2024(H5N1)	1482	3509
PB1|PP755595.1|A/cattle/Texas/24-008749-003/2024(H5N1)	1483	3510
PB1|PP755595.1|A/cattle/Texas/24-008749-003/2024(H5N1)	1484	3509
PB1|PP755595.1|A/cattle/Texas/24-008749-003/2024(H5N1)	1485	3506
PB1|PP755595.1|A/cattle/Texas/24-008749-003/2024(H5N1)	1486	3523
PB1|PP755595.1|A/cattle/Texas/24-008749-003/2024(H5N1)	1487	3519
PB1|PP755595.1|A/cattle/Texas/24-008749-003/2024(H5N1)	1488	3552
PB1|PP755595.1|A/cattle/Texas/24-008749-003/2024(H5N1)	1489	3540
PB1|PP755595.1|A/cattle/Texas/24-008749-003/2024(H5N1)	1490	3540
PB1|PP755595.1|A/cattle/Texas/24-008749-003/2024(H5N1)	1491	3553
PB1|PP755595.1|A/cattle/Texas/24-008749-003/2024(H5N1)	1492	3564
PB1|PP755595.1|A/cattle/Texas/24-008749-003/2024(H5N1)	1493	3591
PB1|PP755595.1|A/cattle/Texas/24-008749-003/2024(H5N1)	1494	3608
PB1|PP755595.1|A/cattle/Texas/24-008749-003/2024(H5N1)	1495	3602
PB1|PP755595.1|A/cattle/Texas/24-008749-003/2024(H5N1)	1496	3610
PB1|PP755595.1|A/cattle/Texas/24-008749-003/2024(H5N1)	1497	3611
PB1|PP755595.1|A/cattle/Texas/24-008749-003/2024(H5N1)	1498	3524
PB1|PP755595.1|A/cattle/Texas/24-008749-003/2024(H5N1)	1499	3608
PB1|PP755595.1|A/cattle/Texas/24-008749-003/2024(H5N1)	1500	3628
PB1|PP755595.1|A/cattle/Texas/24-008749-003/2024(H5N1)	1501	3623
PB1|PP755595.1|A/cattle/Texas/24-008749-003/2024(H5N1)	1502	3576
PB1|PP755595.1|A/cattle/Texas/24-008749-003/2024(H5N1)	1503	3536
PB1|PP755595.1|A/cattle/Texas/24-008749-003/2024(H5N1)	1504	3534
PB1|PP755595.1|A/cattle/Texas/24-008749-003/2024(H5N1)	1505	3521
PB1|PP755595.1|A/cattle/Texas/24-008749-003/2024(H5N1)	1506	3093
PB1|PP755595.1|A/cattle/Texas/24-008749-003/2024(H5N1)	1507	3107
PB1|PP755595.1|A/cattle/Texas/24-008749-003/2024(H5N1)	1508	3066
PB1|PP755595.1|A/cattle/Texas/24-008749-003/2024(H5N1)	1509	3056
PB1|PP755595.1|A/cattle/Texas/24-008749-003/2024(H5N1)	1510	3064
PB1|PP755595.1|A/cattle/Texas/24-008749-003/2024(H5N1)	1511	3078
PB1|PP755595.1|A/cattle/Texas/24-008749-003/2024(H5N1)	1512	3230
PB1|PP755595.1|A/cattle/Texas/24-008749-003/2024(H5N1)	1513	3284
PB1|PP755595.1|A/cattle/Texas/24-008749-003/2024(H5N1)	1514	3309
PB1|PP755595.1|A/cattle/Texas/24-008749-003/2024(H5N1)	1515	3311
PB1|PP755595.1|A/cattle/Texas/24-008749-003/2024(H5N1)	1516	3311
PB1|PP755595.1|A/cattle/Texas/24-008749-003/2024(H5N1)	1517	3483
PB1|PP755595.1|A/cattle/Texas/24-008749-003/2024(H5N1)	1518	3559
PB1|PP755595.1|A/cattle/Texas/24-008749-003/2024(H5N1)	1519	3566
PB1|PP755595.1|A/cattle/Texas/24-008749-003/2024(H5N1)	1520	3575
PB1|PP755595.1|A/cattle/Texas/24-008749-003/2024(H5N1)	1521	3575
PB1|PP755595.1|A/cattle/Texas/24-008749-003/2024(H5N1)	1522	3633
PB1|PP755595.1|A/cattle/Texas/24-008749-003/2024(H5N1)	1523	3620
PB1|PP755595.1|A/cattle/Texas/24-008749-003/2024(H5N1)	1524	3585
PB1|PP755595.1|A/cattle/Texas/24-008749-003/2024(H5N1)	1525	3716
PB1|PP755595.1|A/cattle/Texas/24-008749-003/2024(H5N1)	1526	3720
PB1|PP755595.1|A/cattle/Texas/24-008749-003/2024(H5N1)	1527	3764
PB1|PP755595.1|A/cattle/Texas/24-008749-003/2024(H5N1)	1528	3807
PB1|PP755595.1|A/cattle/Texas/24-008749-003/2024(H5N1)	1529	3828
PB1|PP755595.1|A/cattle/Texas/24-008749-003/2024(H5N1)	1530	3823
PB1|PP755595.1|A/cattle/Texas/24-008749-003/2024(H5N1)	1531	3762
PB1|PP755595.1|A/cattle/Texas/24-008749-003/2024(H5N1)	1532	3902
PB1|PP755595.1|A/cattle/Texas/24-008749-003/2024(H5N1)	1533	3813
PB1|PP755595.1|A/cattle/Texas/24-008749-003/2024(H5N1)	1534	3804
PB1|PP755595.1|A/cattle/Texas/24-008749-003/2024(H5N1)	1535	3805
PB1|PP755595.1|A/cattle/Texas/24-008749-003/2024(H5N1)	1536	3778
PB1|PP755595.1|A/cattle/Texas/24-008749-003/2024(H5N1)	1537	3775
PB1|PP755595.1|A/cattle/Texas/24-008749-003/2024(H5N1)	1538	3732
PB1|PP755595.1|A/cattle/Texas/24-008749-003/2024(H5N1)	1539	3793
PB1|PP755595.1|A/cattle/Texas/24-008749-003/2024(H5N1)	1540	3753
PB1|PP755595.1|A/cattle/Texas/24-008749-003/2024(H5N1)	1541	3715
PB1|PP755595.1|A/cattle/Texas/24-008749-003/2024(H5N1)	1542	3726
PB1|PP755595.1|A/cattle/Texas/24-008749-003/2024(H5N1)	1543	3744
PB1|PP755595.1|A/cattle/Texas/24-008749-003/2024(H5N1)	1544	3442
PB1|PP755595.1|A/cattle/Texas/24-008749-003/2024(H5N1)	1545	3423
PB1|PP755595.1|A/cattle/Texas/24-008749-003/2024(H5N1)	1546	3427
PB1|PP755595.1|A/cattle/Texas/24-008749-003/2024(H5N1)	1547	3458
PB1|PP755595.1|A/cattle/Texas/24-008749-003/2024(H5N1)	1548	3463
PB1|PP755595.1|A/cattle/Texas/24-008749-003/2024(H5N1)	1549	3363
PB1|PP755595.1|A/cattle/Texas/24-008749-003/2024(H5N1)	1550	3360
PB1|PP755595.1|A/cattle/Texas/24-008749-003/2024(H5N1)	1551	3388
PB1|PP755595.1|A/cattle/Texas/24-008749-003/2024(H5N1)	1552	3374
PB1|PP755595.1|A/cattle/Texas/24-008749-003/2024(H5N1)	1553	3377
PB1|PP755595.1|A/cattle/Texas/24-008749-003/2024(H5N1)	1554	3375
PB1|PP755595.1|A/cattle/Texas/24-008749-003/2024(H5N1)	1555	3364
PB1|PP755595.1|A/cattle/Texas/24-008749-003/2024(H5N1)	1556	3352
PB1|PP755595.1|A/cattle/Texas/24-008749-003/2024(H5N1)	1557	3266
PB1|PP755595.1|A/cattle/Texas/24-008749-003/2024(H5N1)	1558	3247
PB1|PP755595.1|A/cattle/Texas/24-008749-003/2024(H5N1)	1559	3227
PB1|PP755595.1|A/cattle/Texas/24-008749-003/2024(H5N1)	1560	3212
PB1|PP755595.1|A/cattle/Texas/24-008749-003/2024(H5N1)	1561	3251
PB1|PP755595.1|A/cattle/Texas/24-008749-003/2024(H5N1)	1562	3259
PB1|PP755595.1|A/cattle/Texas/24-008749-003/2024(H5N1)	1563	3261
PB1|PP755595.1|A/cattle/Texas/24-008749-003/2024(H5N1)	1564	3407
PB1|PP755595.1|A/cattle/Texas/24-008749-003/2024(H5N1)	1565	3412
PB1|PP755595.1|A/cattle/Texas/24-008749-003/2024(H5N1)	1566	3440
PB1|PP755595.1|A/cattle/Texas/24-008749-003/2024(H5N1)	1567	3444
PB1|PP755595.1|A/cattle/Texas/24-008749-003/2024(H5N1)	1568	3423
PB1|PP755595.1|A/cattle/Texas/24-008749-003/2024(H5N1)	1569	3447
PB1|PP755595.1|A/cattle/Texas/24-008749-003/2024(H5N1)	1570	3409
PB1|PP755595.1|A/cattle/Texas/24-008749-003/2024(H5N1)	1571	3445
PB1|PP755595.1|A/cattle/Texas/24-008749-003/2024(H5N1)	1572	3407
PB1|PP755595.1|A/cattle/Texas/24-008749-003/2024(H5N1)	1573	3344
PB1|PP755595.1|A/cattle/Texas/24-008749-003/2024(H5N1)	1574	3335
PB1|PP755595.1|A/cattle/Texas/24-008749-003/2024(H5N1)	1575	3316
PB1|PP755595.1|A/cattle/Texas/24-008749-003/2024(H5N1)	1576	3320
PB1|PP755595.1|A/cattle/Texas/24-008749-003/2024(H5N1)	1577	3316
PB1|PP755595.1|A/cattle/Texas/24-008749-003/2024(H5N1)	1578	3268
PB1|PP755595.1|A/cattle/Texas/24-008749-003/2024(H5N1)	1579	3267
PB1|PP755595.1|A/cattle/Texas/24-008749-003/2024(H5N1)	1580	3242
PB1|PP755595.1|A/cattle/Texas/24-008749-003/2024(H5N1)	1581	3242
PB1|PP755595.1|A/cattle/Texas/24-008749-003/2024(H5N1)	1582	3320
PB1|PP755595.1|A/cattle/Texas/24-008749-003/2024(H5N1)	1583	3345
PB1|PP755595.1|A/cattle/Texas/24-008749-003/2024(H5N1)	1584	3340
PB1|PP755595.1|A/cattle/Texas/24-008749-003/2024(H5N1)	1585	3422
PB1|PP755595.1|A/cattle/Texas/24-008749-003/2024(H5N1)	1586	3410
PB1|PP755595.1|A/cattle/Texas/24-008749-003/2024(H5N1)	1587	3428
PB1|PP755595.1|A/cattle/Texas/24-008749-003/2024(H5N1)	1588	3430
PB1|PP755595.1|A/cattle/Texas/24-008749-003/2024(H5N1)	1589	3426
PB1|PP755595.1|A/cattle/Texas/24-008749-003/2024(H5N1)	1590	3427
PB1|PP755595.1|A/cattle/Texas/24-008749-003/2024(H5N1)	1591	3428
PB1|PP755595.1|A/cattle/Texas/24-008749-003/2024(H5N1)	1592	3394
PB1|PP755595.1|A/cattle/Texas/24-008749-003/2024(H5N1)	1593	3407
PB1|PP755595.1|A/cattle/Texas/24-008749-003/2024(H5N1)	1594	3320
PB1|PP755595.1|A/cattle/Texas/24-008749-003/2024(H5N1)	1595	3322
PB1|PP755595.1|A/cattle/Texas/24-008749-003/2024(H5N1)	1596	3333
PB1|PP755595.1|A/cattle/Texas/24-008749-003/2024(H5N1)	1597	3269
PB1|PP755595.1|A/cattle/Texas/24-008749-003/2024(H5N1)	1598	3261
PB1|PP755595.1|A/cattle/Texas/24-008749-003/2024(H5N1)	1599	3370
PB1|PP755595.1|A/cattle/Texas/24-008749-003/2024(H5N1)	1600	3373
PB1|PP755595.1|A/cattle/Texas/24-008749-003/2024(H5N1)	1601	3373
PB1|PP755595.1|A/cattle/Texas/24-008749-003/2024(H5N1)	1602	3324
PB1|PP755595.1|A/cattle/Texas/24-008749-003/2024(H5N1)	1603	3320
PB1|PP755595.1|A/cattle/Texas/24-008749-003/2024(H5N1)	1604	3314
PB1|PP755595.1|A/cattle/Texas/24-008749-003/2024(H5N1)	1605	3300
PB1|PP755595.1|A/cattle/Texas/24-008749-003/2024(H5N1)	1606	3330
PB1|PP755595.1|A/cattle/Texas/24-008749-003/2024(H5N1)	1607	3326
PB1|PP755595.1|A/cattle/Texas/24-008749-003/2024(H5N1)	1608	3288
PB1|PP755595.1|A/cattle/Texas/24-008749-003/2024(H5N1)	1609	3252
PB1|PP755595.1|A/cattle/Texas/24-008749-003/2024(H5N1)	1610	3247
PB1|PP755595.1|A/cattle/Texas/24-008749-003/2024(H5N1)	1611	3226
PB1|PP755595.1|A/cattle/Texas/24-008749-003/2024(H5N1)	1612	3225
PB1|PP755595.1|A/cattle/Texas/24-008749-003/2024(H5N1)	1613	3218
PB1|PP755595.1|A/cattle/Texas/24-008749-003/2024(H5N1)	1614	3173
PB1|PP755595.1|A/cattle/Texas/24-008749-003/2024(H5N1)	1615	3298
PB1|PP755595.1|A/cattle/Texas/24-008749-003/2024(H5N1)	1616	3237
PB1|PP755595.1|A/cattle/Texas/24-008749-003/2024(H5N1)	1617	3241
PB1|PP755595.1|A/cattle/Texas/24-008749-003/2024(H5N1)	1618	3241
PB1|PP755595.1|A/cattle/Texas/24-008749-003/2024(H5N1)	1619	3240
PB1|PP755595.1|A/cattle/Texas/24-008749-003/2024(H5N1)	1620	3281
PB1|PP755595.1|A/cattle/Texas/24-008749-003/2024(H5N1)	1621	3288
PB1|PP755595.1|A/cattle/Texas/24-008749-003/2024(H5N1)	1622	3251
PB1|PP755595.1|A/cattle/Texas/24-008749-003/2024(H5N1)	1623	3151
PB1|PP755595.1|A/cattle/Texas/24-008749-003/2024(H5N1)	1624	3148
PB1|PP755595.1|A/cattle/Texas/24-008749-003/2024(H5N1)	1625	3226
PB1|PP755595.1|A/cattle/Texas/24-008749-003/2024(H5N1)	1626	3225
PB1|PP755595.1|A/cattle/Texas/24-008749-003/2024(H5N1)	1627	3214
PB1|PP755595.1|A/cattle/Texas/24-008749-003/2024(H5N1)	1628	3208
PB1|PP755595.1|A/cattle/Texas/24-008749-003/2024(H5N1)	1629	3133
PB1|PP755595.1|A/cattle/Texas/24-008749-003/2024(H5N1)	1630	3130
PB1|PP755595.1|A/cattle/Texas/24-008749-003/2024(H5N1)	1631	3099
PB1|PP755595.1|A/cattle/Texas/24-008749-003/2024(H5N1)	1632	3086
PB1|PP755595.1|A/cattle/Texas/24-008749-003/2024(H5N1)	1633	3083
PB1|PP755595.1|A/cattle/Texas/24-008749-003/2024(H5N1)	1634	3073
PB1|PP755595.1|A/cattle/Texas/24-008749-003/2024(H5N1)	1635	3072
PB1|PP755595.1|A/cattle/Texas/24-008749-003/2024(H5N1)	1636	3072
PB1|PP755595.1|A/cattle/Texas/24-008749-003/2024(H5N1)	1637	3062
PB1|PP755595.1|A/cattle/Texas/24-008749-003/2024(H5N1)	1638	3058
PB1|PP755595.1|A/cattle/Texas/24-008749-003/2024(H5N1)	1639	3015
PB1|PP755595.1|A/cattle/Texas/24-008749-003/2024(H5N1)	1640	3004
PB1|PP755595.1|A/cattle/Texas/24-008749-003/2024(H5N1)	1641	2804
PB1|PP755595.1|A/cattle/Texas/24-008749-003/2024(H5N1)	1642	2752
PB1|PP755595.1|A/cattle/Texas/24-008749-003/2024(H5N1)	1643	2750
PB1|PP755595.1|A/cattle/Texas/24-008749-003/2024(H5N1)	1644	2750
PB1|PP755595.1|A/cattle/Texas/24-008749-003/2024(H5N1)	1645	2750
PB1|PP755595.1|A/cattle/Texas/24-008749-003/2024(H5N1)	1646	2750
PB1|PP755595.1|A/cattle/Texas/24-008749-003/2024(H5N1)	1647	2743
PB1|PP755595.1|A/cattle/Texas/24-008749-003/2024(H5N1)	1648	3040
PB1|PP755595.1|A/cattle/Texas/24-008749-003/2024(H5N1)	1649	3041
PB1|PP755595.1|A/cattle/Texas/24-008749-003/2024(H5N1)	1650	3077
PB1|PP755595.1|A/cattle/Texas/24-008749-003/2024(H5N1)	1651	3079
PB1|PP755595.1|A/cattle/Texas/24-008749-003/2024(H5N1)	1652	3085
PB1|PP755595.1|A/cattle/Texas/24-008749-003/2024(H5N1)	1653	3091
PB1|PP755595.1|A/cattle/Texas/24-008749-003/2024(H5N1)	1654	3065
PB1|PP755595.1|A/cattle/Texas/24-008749-003/2024(H5N1)	1655	3059
PB1|PP755595.1|A/cattle/Texas/24-008749-003/2024(H5N1)	1656	3055
PB1|PP755595.1|A/cattle/Texas/24-008749-003/2024(H5N1)	1657	3049
PB1|PP755595.1|A/cattle/Texas/24-008749-003/2024(H5N1)	1658	3033
PB1|PP755595.1|A/cattle/Texas/24-008749-003/2024(H5N1)	1659	3011
PB1|PP755595.1|A/cattle/Texas/24-008749-003/2024(H5N1)	1660	3082
PB1|PP755595.1|A/cattle/Texas/24-008749-003/2024(H5N1)	1661	3085
PB1|PP755595.1|A/cattle/Texas/24-008749-003/2024(H5N1)	1662	3080
PB1|PP755595.1|A/cattle/Texas/24-008749-003/2024(H5N1)	1663	2920
PB1|PP755595.1|A/cattle/Texas/24-008749-003/2024(H5N1)	1664	2920
PB1|PP755595.1|A/cattle/Texas/24-008749-003/2024(H5N1)	1665	2892
PB1|PP755595.1|A/cattle/Texas/24-008749-003/2024(H5N1)	1666	2890
PB1|PP755595.1|A/cattle/Texas/24-008749-003/2024(H5N1)	1667	2888
PB1|PP755595.1|A/cattle/Texas/24-008749-003/2024(H5N1)	1668	2716
PB1|PP755595.1|A/cattle/Texas/24-008749-003/2024(H5N1)	1669	2634
PB1|PP755595.1|A/cattle/Texas/24-008749-003/2024(H5N1)	1670	2632
PB1|PP755595.1|A/cattle/Texas/24-008749-003/2024(H5N1)	1671	2627
PB1|PP755595.1|A/cattle/Texas/24-008749-003/2024(H5N1)	1672	2625
PB1|PP755595.1|A/cattle/Texas/24-008749-003/2024(H5N1)	1673	2571
PB1|PP755595.1|A/cattle/Texas/24-008749-003/2024(H5N1)	1674	2352
PB1|PP755595.1|A/cattle/Texas/24-008749-003/2024(H5N1)	1675	2352
PB1|PP755595.1|A/cattle/Texas/24-008749-003/2024(H5N1)	1676	2319
PB1|PP755595.1|A/cattle/Texas/24-008749-003/2024(H5N1)	1677	2281
PB1|PP755595.1|A/cattle/Texas/24-008749-003/2024(H5N1)	1678	2820
PB1|PP755595.1|A/cattle/Texas/24-008749-003/2024(H5N1)	1679	2820
PB1|PP755595.1|A/cattle/Texas/24-008749-003/2024(H5N1)	1680	2781
PB1|PP755595.1|A/cattle/Texas/24-008749-003/2024(H5N1)	1681	2775
PB1|PP755595.1|A/cattle/Texas/24-008749-003/2024(H5N1)	1682	2770
PB1|PP755595.1|A/cattle/Texas/24-008749-003/2024(H5N1)	1683	2644
PB1|PP755595.1|A/cattle/Texas/24-008749-003/2024(H5N1)	1684	2758
PB1|PP755595.1|A/cattle/Texas/24-008749-003/2024(H5N1)	1685	2757
PB1|PP755595.1|A/cattle/Texas/24-008749-003/2024(H5N1)	1686	2757
PB1|PP755595.1|A/cattle/Texas/24-008749-003/2024(H5N1)	1687	2757
PB1|PP755595.1|A/cattle/Texas/24-008749-003/2024(H5N1)	1688	2757
PB1|PP755595.1|A/cattle/Texas/24-008749-003/2024(H5N1)	1689	2687
PB1|PP755595.1|A/cattle/Texas/24-008749-003/2024(H5N1)	1690	2686
PB1|PP755595.1|A/cattle/Texas/24-008749-003/2024(H5N1)	1691	2682
PB1|PP755595.1|A/cattle/Texas/24-008749-003/2024(H5N1)	1692	2576
PB1|PP755595.1|A/cattle/Texas/24-008749-003/2024(H5N1)	1693	2680
PB1|PP755595.1|A/cattle/Texas/24-008749-003/2024(H5N1)	1694	2682
PB1|PP755595.1|A/cattle/Texas/24-008749-003/2024(H5N1)	1695	2682
PB1|PP755595.1|A/cattle/Texas/24-008749-003/2024(H5N1)	1696	2682
PB1|PP755595.1|A/cattle/Texas/24-008749-003/2024(H5N1)	1697	2653
PB1|PP755595.1|A/cattle/Texas/24-008749-003/2024(H5N1)	1698	2658
PB1|PP755595.1|A/cattle/Texas/24-008749-003/2024(H5N1)	1699	2645
PB1|PP755595.1|A/cattle/Texas/24-008749-003/2024(H5N1)	1700	2606
PB1|PP755595.1|A/cattle/Texas/24-008749-003/2024(H5N1)	1701	2614
PB1|PP755595.1|A/cattle/Texas/24-008749-003/2024(H5N1)	1702	2593
PB1|PP755595.1|A/cattle/Texas/24-008749-003/2024(H5N1)	1703	2599
PB1|PP755595.1|A/cattle/Texas/24-008749-003/2024(H5N1)	1704	2596
PB1|PP755595.1|A/cattle/Texas/24-008749-003/2024(H5N1)	1705	2599
PB1|PP755595.1|A/cattle/Texas/24-008749-003/2024(H5N1)	1706	2588
PB1|PP755595.1|A/cattle/Texas/24-008749-003/2024(H5N1)	1707	2574
PB1|PP755595.1|A/cattle/Texas/24-008749-003/2024(H5N1)	1708	2569
PB1|PP755595.1|A/cattle/Texas/24-008749-003/2024(H5N1)	1709	2541
PB1|PP755595.1|A/cattle/Texas/24-008749-003/2024(H5N1)	1710	2523
PB1|PP755595.1|A/cattle/Texas/24-008749-003/2024(H5N1)	1711	2537
PB1|PP755595.1|A/cattle/Texas/24-008749-003/2024(H5N1)	1712	2500
PB1|PP755595.1|A/cattle/Texas/24-008749-003/2024(H5N1)	1713	2502
PB1|PP755595.1|A/cattle/Texas/24-008749-003/2024(H5N1)	1714	2487
PB1|PP755595.1|A/cattle/Texas/24-008749-003/2024(H5N1)	1715	2426
PB1|PP755595.1|A/cattle/Texas/24-008749-003/2024(H5N1)	1716	2418
PB1|PP755595.1|A/cattle/Texas/24-008749-003/2024(H5N1)	1717	2474
PB1|PP755595.1|A/cattle/Texas/24-008749-003/2024(H5N1)	1718	2480
PB1|PP755595.1|A/cattle/Texas/24-008749-003/2024(H5N1)	1719	2474
PB1|PP755595.1|A/cattle/Texas/24-008749-003/2024(H5N1)	1720	2465
PB1|PP755595.1|A/cattle/Texas/24-008749-003/2024(H5N1)	1721	2468
PB1|PP755595.1|A/cattle/Texas/24-008749-003/2024(H5N1)	1722	2437
PB1|PP755595.1|A/cattle/Texas/24-008749-003/2024(H5N1)	1723	2435
PB1|PP755595.1|A/cattle/Texas/24-008749-003/2024(H5N1)	1724	2409
PB1|PP755595.1|A/cattle/Texas/24-008749-003/2024(H5N1)	1725	2408
PB1|PP755595.1|A/cattle/Texas/24-008749-003/2024(H5N1)	1726	2336
PB1|PP755595.1|A/cattle/Texas/24-008749-003/2024(H5N1)	1727	2322
PB1|PP755595.1|A/cattle/Texas/24-008749-003/2024(H5N1)	1728	2322
PB1|PP755595.1|A/cattle/Texas/24-008749-003/2024(H5N1)	1729	2320
PB1|PP755595.1|A/cattle/Texas/24-008749-003/2024(H5N1)	1730	2318
PB1|PP755595.1|A/cattle/Texas/24-008749-003/2024(H5N1)	1731	1963
PB1|PP755595.1|A/cattle/Texas/24-008749-003/2024(H5N1)	1732	1957
PB1|PP755595.1|A/cattle/Texas/24-008749-003/2024(H5N1)	1733	1947
PB1|PP755595.1|A/cattle/Texas/24-008749-003/2024(H5N1)	1734	1925
PB1|PP755595.1|A/cattle/Texas/24-008749-003/2024(H5N1)	1735	1848
PB1|PP755595.1|A/cattle/Texas/24-008749-003/2024(H5N1)	1736	1850
PB1|PP755595.1|A/cattle/Texas/24-008749-003/2024(H5N1)	1737	1827
PB1|PP755595.1|A/cattle/Texas/24-008749-003/2024(H5N1)	1738	2118
PB1|PP755595.1|A/cattle/Texas/24-008749-003/2024(H5N1)	1739	2118
PB1|PP755595.1|A/cattle/Texas/24-008749-003/2024(H5N1)	1740	2118
PB1|PP755595.1|A/cattle/Texas/24-008749-003/2024(H5N1)	1741	2119
PB1|PP755595.1|A/cattle/Texas/24-008749-003/2024(H5N1)	1742	2119
PB1|PP755595.1|A/cattle/Texas/24-008749-003/2024(H5N1)	1743	2119
PB1|PP755595.1|A/cattle/Texas/24-008749-003/2024(H5N1)	1744	2119
PB1|PP755595.1|A/cattle/Texas/24-008749-003/2024(H5N1)	1745	2119
PB1|PP755595.1|A/cattle/Texas/24-008749-003/2024(H5N1)	1746	2119
PB1|PP755595.1|A/cattle/Texas/24-008749-003/2024(H5N1)	1747	2119
PB1|PP755595.1|A/cattle/Texas/24-008749-003/2024(H5N1)	1748	2119
PB1|PP755595.1|A/cattle/Texas/24-008749-003/2024(H5N1)	1749	2119
PB1|PP755595.1|A/cattle/Texas/24-008749-003/2024(H5N1)	1750	2119
PB1|PP755595.1|A/cattle/Texas/24-008749-003/2024(H5N1)	1751	2119
PB1|PP755595.1|A/cattle/Texas/24-008749-003/2024(H5N1)	1752	2088
PB1|PP755595.1|A/cattle/Texas/24-008749-003/2024(H5N1)	1753	2088
PB1|PP755595.1|A/cattle/Texas/24-008749-003/2024(H5N1)	1754	2088
PB1|PP755595.1|A/cattle/Texas/24-008749-003/2024(H5N1)	1755	2088
PB1|PP755595.1|A/cattle/Texas/24-008749-003/2024(H5N1)	1756	2088
PB1|PP755595.1|A/cattle/Texas/24-008749-003/2024(H5N1)	1757	2088
PB1|PP755595.1|A/cattle/Texas/24-008749-003/2024(H5N1)	1758	1727
PB1|PP755595.1|A/cattle/Texas/24-008749-003/2024(H5N1)	1759	1727
PB1|PP755595.1|A/cattle/Texas/24-008749-003/2024(H5N1)	1760	2053
PB1|PP755595.1|A/cattle/Texas/24-008749-003/2024(H5N1)	1761	2054
PB1|PP755595.1|A/cattle/Texas/24-008749-003/2024(H5N1)	1762	2094
PB1|PP755595.1|A/cattle/Texas/24-008749-003/2024(H5N1)	1763	2109
PB1|PP755595.1|A/cattle/Texas/24-008749-003/2024(H5N1)	1764	2109
PB1|PP755595.1|A/cattle/Texas/24-008749-003/2024(H5N1)	1765	2110
PB1|PP755595.1|A/cattle/Texas/24-008749-003/2024(H5N1)	1766	2110
PB1|PP755595.1|A/cattle/Texas/24-008749-003/2024(H5N1)	1767	2110
PB1|PP755595.1|A/cattle/Texas/24-008749-003/2024(H5N1)	1768	2110
PB1|PP755595.1|A/cattle/Texas/24-008749-003/2024(H5N1)	1769	2110
PB1|PP755595.1|A/cattle/Texas/24-008749-003/2024(H5N1)	1770	2110
PB1|PP755595.1|A/cattle/Texas/24-008749-003/2024(H5N1)	1771	2110
PB1|PP755595.1|A/cattle/Texas/24-008749-003/2024(H5N1)	1772	2110
PB1|PP755595.1|A/cattle/Texas/24-008749-003/2024(H5N1)	1773	2110
PB1|PP755595.1|A/cattle/Texas/24-008749-003/2024(H5N1)	1774	2263
PB1|PP755595.1|A/cattle/Texas/24-008749-003/2024(H5N1)	1775	2266
PB1|PP755595.1|A/cattle/Texas/24-008749-003/2024(H5N1)	1776	2273
PB1|PP755595.1|A/cattle/Texas/24-008749-003/2024(H5N1)	1777	2273
PB1|PP755595.1|A/cattle/Texas/24-008749-003/2024(H5N1)	1778	2273
PB1|PP755595.1|A/cattle/Texas/24-008749-003/2024(H5N1)	1779	2261
PB1|PP755595.1|A/cattle/Texas/24-008749-003/2024(H5N1)	1780	2235
PB1|PP755595.1|A/cattle/Texas/24-008749-003/2024(H5N1)	1781	2214
PB1|PP755595.1|A/cattle/Texas/24-008749-003/2024(H5N1)	1782	2181
PB1|PP755595.1|A/cattle/Texas/24-008749-003/2024(H5N1)	1783	2181
PB1|PP755595.1|A/cattle/Texas/24-008749-003/2024(H5N1)	1784	2165
PB1|PP755595.1|A/cattle/Texas/24-008749-003/2024(H5N1)	1785	2146
PB1|PP755595.1|A/cattle/Texas/24-008749-003/2024(H5N1)	1786	2146
PB1|PP755595.1|A/cattle/Texas/24-008749-003/2024(H5N1)	1787	2146
PB1|PP755595.1|A/cattle/Texas/24-008749-003/2024(H5N1)	1788	2146
PB1|PP755595.1|A/cattle/Texas/24-008749-003/2024(H5N1)	1789	2147
PB1|PP755595.1|A/cattle/Texas/24-008749-003/2024(H5N1)	1790	2211
PB1|PP755595.1|A/cattle/Texas/24-008749-003/2024(H5N1)	1791	2185
PB1|PP755595.1|A/cattle/Texas/24-008749-003/2024(H5N1)	1792	2174
PB1|PP755595.1|A/cattle/Texas/24-008749-003/2024(H5N1)	1793	2140
PB1|PP755595.1|A/cattle/Texas/24-008749-003/2024(H5N1)	1794	2138
PB1|PP755595.1|A/cattle/Texas/24-008749-003/2024(H5N1)	1795	2136
PB1|PP755595.1|A/cattle/Texas/24-008749-003/2024(H5N1)	1796	2123
PB1|PP755595.1|A/cattle/Texas/24-008749-003/2024(H5N1)	1797	2119
PB1|PP755595.1|A/cattle/Texas/24-008749-003/2024(H5N1)	1798	2038
PB1|PP755595.1|A/cattle/Texas/24-008749-003/2024(H5N1)	1799	2033
PB1|PP755595.1|A/cattle/Texas/24-008749-003/2024(H5N1)	1800	67
PB1|PP755595.1|A/cattle/Texas/24-008749-003/2024(H5N1)	1801	67
PB1|PP755595.1|A/cattle/Texas/24-008749-003/2024(H5N1)	1802	67
PB1|PP755595.1|A/cattle/Texas/24-008749-003/2024(H5N1)	1803	67
PB1|PP755595.1|A/cattle/Texas/24-008749-003/2024(H5N1)	1804	67
PB1|PP755595.1|A/cattle/Texas/24-008749-003/2024(H5N1)	1805	67
PB1|PP755595.1|A/cattle/Texas/24-008749-003/2024(H5N1)	1806	67
PB1|PP755595.1|A/cattle/Texas/24-008749-003/2024(H5N1)	1807	67
PB1|PP755595.1|A/cattle/Texas/24-008749-003/2024(H5N1)	1808	67
PB1|PP755595.1|A/cattle/Texas/24-008749-003/2024(H5N1)	1809	67
PB1|PP755595.1|A/cattle/Texas/24-008749-003/2024(H5N1)	1810	67
PB1|PP755595.1|A/cattle/Texas/24-008749-003/2024(H5N1)	1811	67
PB1|PP755595.1|A/cattle/Texas/24-008749-003/2024(H5N1)	1812	67
PB1|PP755595.1|A/cattle/Texas/24-008749-003/2024(H5N1)	1813	67
PB1|PP755595.1|A/cattle/Texas/24-008749-003/2024(H5N1)	1814	67
PB1|PP755595.1|A/cattle/Texas/24-008749-003/2024(H5N1)	1815	66
PB1|PP755595.1|A/cattle/Texas/24-008749-003/2024(H5N1)	1816	66
PB1|PP755595.1|A/cattle/Texas/24-008749-003/2024(H5N1)	1817	66
PB1|PP755595.1|A/cattle/Texas/24-008749-003/2024(H5N1)	1818	66
PB1|PP755595.1|A/cattle/Texas/24-008749-003/2024(H5N1)	1819	66
PB1|PP755595.1|A/cattle/Texas/24-008749-003/2024(H5N1)	1820	66
PB1|PP755595.1|A/cattle/Texas/24-008749-003/2024(H5N1)	1821	66
PB1|PP755595.1|A/cattle/Texas/24-008749-003/2024(H5N1)	1822	66
PB1|PP755595.1|A/cattle/Texas/24-008749-003/2024(H5N1)	1823	66
PB1|PP755595.1|A/cattle/Texas/24-008749-003/2024(H5N1)	1824	66
PB1|PP755595.1|A/cattle/Texas/24-008749-003/2024(H5N1)	1825	149
PB1|PP755595.1|A/cattle/Texas/24-008749-003/2024(H5N1)	1826	149
PB1|PP755595.1|A/cattle/Texas/24-008749-003/2024(H5N1)	1827	149
PB1|PP755595.1|A/cattle/Texas/24-008749-003/2024(H5N1)	1828	149
PB1|PP755595.1|A/cattle/Texas/24-008749-003/2024(H5N1)	1829	150
PB1|PP755595.1|A/cattle/Texas/24-008749-003/2024(H5N1)	1830	150
PB1|PP755595.1|A/cattle/Texas/24-008749-003/2024(H5N1)	1831	150
PB1|PP755595.1|A/cattle/Texas/24-008749-003/2024(H5N1)	1832	150
PB1|PP755595.1|A/cattle/Texas/24-008749-003/2024(H5N1)	1833	150
PB1|PP755595.1|A/cattle/Texas/24-008749-003/2024(H5N1)	1834	155
PB1|PP755595.1|A/cattle/Texas/24-008749-003/2024(H5N1)	1835	177
PB1|PP755595.1|A/cattle/Texas/24-008749-003/2024(H5N1)	1836	177
PB1|PP755595.1|A/cattle/Texas/24-008749-003/2024(H5N1)	1837	192
PB1|PP755595.1|A/cattle/Texas/24-008749-003/2024(H5N1)	1838	199
PB1|PP755595.1|A/cattle/Texas/24-008749-003/2024(H5N1)	1839	203
PB1|PP755595.1|A/cattle/Texas/24-008749-003/2024(H5N1)	1840	218
PB1|PP755595.1|A/cattle/Texas/24-008749-003/2024(H5N1)	1841	218
PB1|PP755595.1|A/cattle/Texas/24-008749-003/2024(H5N1)	1842	218
PB1|PP755595.1|A/cattle/Texas/24-008749-003/2024(H5N1)	1843	242
PB1|PP755595.1|A/cattle/Texas/24-008749-003/2024(H5N1)	1844	245
PB1|PP755595.1|A/cattle/Texas/24-008749-003/2024(H5N1)	1845	251
PB1|PP755595.1|A/cattle/Texas/24-008749-003/2024(H5N1)	1846	260
PB1|PP755595.1|A/cattle/Texas/24-008749-003/2024(H5N1)	1847	260
PB1|PP755595.1|A/cattle/Texas/24-008749-003/2024(H5N1)	1848	265
PB1|PP755595.1|A/cattle/Texas/24-008749-003/2024(H5N1)	1849	326
PB1|PP755595.1|A/cattle/Texas/24-008749-003/2024(H5N1)	1850	473
PB1|PP755595.1|A/cattle/Texas/24-008749-003/2024(H5N1)	1851	473
PB1|PP755595.1|A/cattle/Texas/24-008749-003/2024(H5N1)	1852	473
PB1|PP755595.1|A/cattle/Texas/24-008749-003/2024(H5N1)	1853	473
PB1|PP755595.1|A/cattle/Texas/24-008749-003/2024(H5N1)	1854	473
PB1|PP755595.1|A/cattle/Texas/24-008749-003/2024(H5N1)	1855	473
PB1|PP755595.1|A/cattle/Texas/24-008749-003/2024(H5N1)	1856	473
PB1|PP755595.1|A/cattle/Texas/24-008749-003/2024(H5N1)	1857	473
PB1|PP755595.1|A/cattle/Texas/24-008749-003/2024(H5N1)	1858	473
PB1|PP755595.1|A/cattle/Texas/24-008749-003/2024(H5N1)	1859	473
PB1|PP755595.1|A/cattle/Texas/24-008749-003/2024(H5N1)	1860	473
PB1|PP755595.1|A/cattle/Texas/24-008749-003/2024(H5N1)	1861	473
PB1|PP755595.1|A/cattle/Texas/24-008749-003/2024(H5N1)	1862	473
PB1|PP755595.1|A/cattle/Texas/24-008749-003/2024(H5N1)	1863	473
PB1|PP755595.1|A/cattle/Texas/24-008749-003/2024(H5N1)	1864	473
PB1|PP755595.1|A/cattle/Texas/24-008749-003/2024(H5N1)	1865	473
PB1|PP755595.1|A/cattle/Texas/24-008749-003/2024(H5N1)	1866	473
PB1|PP755595.1|A/cattle/Texas/24-008749-003/2024(H5N1)	1867	473
PB1|PP755595.1|A/cattle/Texas/24-008749-003/2024(H5N1)	1868	473
PB1|PP755595.1|A/cattle/Texas/24-008749-003/2024(H5N1)	1869	473
PB1|PP755595.1|A/cattle/Texas/24-008749-003/2024(H5N1)	1870	473
PB1|PP755595.1|A/cattle/Texas/24-008749-003/2024(H5N1)	1871	473
PB1|PP755595.1|A/cattle/Texas/24-008749-003/2024(H5N1)	1872	473
PB1|PP755595.1|A/cattle/Texas/24-008749-003/2024(H5N1)	1873	514
PB1|PP755595.1|A/cattle/Texas/24-008749-003/2024(H5N1)	1874	520
PB1|PP755595.1|A/cattle/Texas/24-008749-003/2024(H5N1)	1875	520
PB1|PP755595.1|A/cattle/Texas/24-008749-003/2024(H5N1)	1876	520
PB1|PP755595.1|A/cattle/Texas/24-008749-003/2024(H5N1)	1877	520
PB1|PP755595.1|A/cattle/Texas/24-008749-003/2024(H5N1)	1878	520
PB1|PP755595.1|A/cattle/Texas/24-008749-003/2024(H5N1)	1879	521
PB1|PP755595.1|A/cattle/Texas/24-008749-003/2024(H5N1)	1880	521
PB1|PP755595.1|A/cattle/Texas/24-008749-003/2024(H5N1)	1881	521
PB1|PP755595.1|A/cattle/Texas/24-008749-003/2024(H5N1)	1882	521
PB1|PP755595.1|A/cattle/Texas/24-008749-003/2024(H5N1)	1883	532
PB1|PP755595.1|A/cattle/Texas/24-008749-003/2024(H5N1)	1884	534
PB1|PP755595.1|A/cattle/Texas/24-008749-003/2024(H5N1)	1885	546
PB1|PP755595.1|A/cattle/Texas/24-008749-003/2024(H5N1)	1886	546
PB1|PP755595.1|A/cattle/Texas/24-008749-003/2024(H5N1)	1887	546
PB1|PP755595.1|A/cattle/Texas/24-008749-003/2024(H5N1)	1888	549
PB1|PP755595.1|A/cattle/Texas/24-008749-003/2024(H5N1)	1889	551
PB1|PP755595.1|A/cattle/Texas/24-008749-003/2024(H5N1)	1890	567
PB1|PP755595.1|A/cattle/Texas/24-008749-003/2024(H5N1)	1891	2671
PB1|PP755595.1|A/cattle/Texas/24-008749-003/2024(H5N1)	1892	2683
PB1|PP755595.1|A/cattle/Texas/24-008749-003/2024(H5N1)	1893	2685
PB1|PP755595.1|A/cattle/Texas/24-008749-003/2024(H5N1)	1894	2687
PB1|PP755595.1|A/cattle/Texas/24-008749-003/2024(H5N1)	1895	2690
PB1|PP755595.1|A/cattle/Texas/24-008749-003/2024(H5N1)	1896	2690
PB1|PP755595.1|A/cattle/Texas/24-008749-003/2024(H5N1)	1897	2714
PB1|PP755595.1|A/cattle/Texas/24-008749-003/2024(H5N1)	1898	2763
PB1|PP755595.1|A/cattle/Texas/24-008749-003/2024(H5N1)	1899	2784
PB1|PP755595.1|A/cattle/Texas/24-008749-003/2024(H5N1)	1900	2790
PB1|PP755595.1|A/cattle/Texas/24-008749-003/2024(H5N1)	1901	2791
PB1|PP755595.1|A/cattle/Texas/24-008749-003/2024(H5N1)	1902	2800
PB1|PP755595.1|A/cattle/Texas/24-008749-003/2024(H5N1)	1903	2826
PB1|PP755595.1|A/cattle/Texas/24-008749-003/2024(H5N1)	1904	2849
PB1|PP755595.1|A/cattle/Texas/24-008749-003/2024(H5N1)	1905	2853
PB1|PP755595.1|A/cattle/Texas/24-008749-003/2024(H5N1)	1906	2881
PB1|PP755595.1|A/cattle/Texas/24-008749-003/2024(H5N1)	1907	2885
PB1|PP755595.1|A/cattle/Texas/24-008749-003/2024(H5N1)	1908	2889
PB1|PP755595.1|A/cattle/Texas/24-008749-003/2024(H5N1)	1909	2908
PB1|PP755595.1|A/cattle/Texas/24-008749-003/2024(H5N1)	1910	2914
PB1|PP755595.1|A/cattle/Texas/24-008749-003/2024(H5N1)	1911	2914
PB1|PP755595.1|A/cattle/Texas/24-008749-003/2024(H5N1)	1912	2914
PB1|PP755595.1|A/cattle/Texas/24-008749-003/2024(H5N1)	1913	2919
PB1|PP755595.1|A/cattle/Texas/24-008749-003/2024(H5N1)	1914	2949
PB1|PP755595.1|A/cattle/Texas/24-008749-003/2024(H5N1)	1915	3039
PB1|PP755595.1|A/cattle/Texas/24-008749-003/2024(H5N1)	1916	3038
PB1|PP755595.1|A/cattle/Texas/24-008749-003/2024(H5N1)	1917	3038
PB1|PP755595.1|A/cattle/Texas/24-008749-003/2024(H5N1)	1918	3040
PB1|PP755595.1|A/cattle/Texas/24-008749-003/2024(H5N1)	1919	3064
PB1|PP755595.1|A/cattle/Texas/24-008749-003/2024(H5N1)	1920	3128
PB1|PP755595.1|A/cattle/Texas/24-008749-003/2024(H5N1)	1921	3217
PB1|PP755595.1|A/cattle/Texas/24-008749-003/2024(H5N1)	1922	3247
PB1|PP755595.1|A/cattle/Texas/24-008749-003/2024(H5N1)	1923	3262
PB1|PP755595.1|A/cattle/Texas/24-008749-003/2024(H5N1)	1924	3272
PB1|PP755595.1|A/cattle/Texas/24-008749-003/2024(H5N1)	1925	3368
PB1|PP755595.1|A/cattle/Texas/24-008749-003/2024(H5N1)	1926	3382
PB1|PP755595.1|A/cattle/Texas/24-008749-003/2024(H5N1)	1927	3423
PB1|PP755595.1|A/cattle/Texas/24-008749-003/2024(H5N1)	1928	3433
PB1|PP755595.1|A/cattle/Texas/24-008749-003/2024(H5N1)	1929	3440
PB1|PP755595.1|A/cattle/Texas/24-008749-003/2024(H5N1)	1930	3465
PB1|PP755595.1|A/cattle/Texas/24-008749-003/2024(H5N1)	1931	3482
PB1|PP755595.1|A/cattle/Texas/24-008749-003/2024(H5N1)	1932	3539
PB1|PP755595.1|A/cattle/Texas/24-008749-003/2024(H5N1)	1933	3539
PB1|PP755595.1|A/cattle/Texas/24-008749-003/2024(H5N1)	1934	3539
PB1|PP755595.1|A/cattle/Texas/24-008749-003/2024(H5N1)	1935	3524
PB1|PP755595.1|A/cattle/Texas/24-008749-003/2024(H5N1)	1936	3512
PB1|PP755595.1|A/cattle/Texas/24-008749-003/2024(H5N1)	1937	3511
PB1|PP755595.1|A/cattle/Texas/24-008749-003/2024(H5N1)	1938	3510
PB1|PP755595.1|A/cattle/Texas/24-008749-003/2024(H5N1)	1939	3417
PB1|PP755595.1|A/cattle/Texas/24-008749-003/2024(H5N1)	1940	3414
PB1|PP755595.1|A/cattle/Texas/24-008749-003/2024(H5N1)	1941	3332
PB1|PP755595.1|A/cattle/Texas/24-008749-003/2024(H5N1)	1942	3327
PB1|PP755595.1|A/cattle/Texas/24-008749-003/2024(H5N1)	1943	3273
PB1|PP755595.1|A/cattle/Texas/24-008749-003/2024(H5N1)	1944	2650
PB1|PP755595.1|A/cattle/Texas/24-008749-003/2024(H5N1)	1945	2637
PB1|PP755595.1|A/cattle/Texas/24-008749-003/2024(H5N1)	1946	2610
PB1|PP755595.1|A/cattle/Texas/24-008749-003/2024(H5N1)	1947	2610
PB1|PP755595.1|A/cattle/Texas/24-008749-003/2024(H5N1)	1948	2610
PB1|PP755595.1|A/cattle/Texas/24-008749-003/2024(H5N1)	1949	2610
PB1|PP755595.1|A/cattle/Texas/24-008749-003/2024(H5N1)	1950	2595
PB1|PP755595.1|A/cattle/Texas/24-008749-003/2024(H5N1)	1951	2595
PB1|PP755595.1|A/cattle/Texas/24-008749-003/2024(H5N1)	1952	2595
PB1|PP755595.1|A/cattle/Texas/24-008749-003/2024(H5N1)	1953	2595
PB1|PP755595.1|A/cattle/Texas/24-008749-003/2024(H5N1)	1954	2595
PB1|PP755595.1|A/cattle/Texas/24-008749-003/2024(H5N1)	1955	2595
PB1|PP755595.1|A/cattle/Texas/24-008749-003/2024(H5N1)	1956	2590
PB1|PP755595.1|A/cattle/Texas/24-008749-003/2024(H5N1)	1957	2590
PB1|PP755595.1|A/cattle/Texas/24-008749-003/2024(H5N1)	1958	2589
PB1|PP755595.1|A/cattle/Texas/24-008749-003/2024(H5N1)	1959	2588
PB1|PP755595.1|A/cattle/Texas/24-008749-003/2024(H5N1)	1960	2589
PB1|PP755595.1|A/cattle/Texas/24-008749-003/2024(H5N1)	1961	2589
PB1|PP755595.1|A/cattle/Texas/24-008749-003/2024(H5N1)	1962	2590
PB1|PP755595.1|A/cattle/Texas/24-008749-003/2024(H5N1)	1963	2958
PB1|PP755595.1|A/cattle/Texas/24-008749-003/2024(H5N1)	1964	2962
PB1|PP755595.1|A/cattle/Texas/24-008749-003/2024(H5N1)	1965	2969
PB1|PP755595.1|A/cattle/Texas/24-008749-003/2024(H5N1)	1966	3155
PB1|PP755595.1|A/cattle/Texas/24-008749-003/2024(H5N1)	1967	3158
PB1|PP755595.1|A/cattle/Texas/24-008749-003/2024(H5N1)	1968	3250
PB1|PP755595.1|A/cattle/Texas/24-008749-003/2024(H5N1)	1969	3255
PB1|PP755595.1|A/cattle/Texas/24-008749-003/2024(H5N1)	1970	3214
PB1|PP755595.1|A/cattle/Texas/24-008749-003/2024(H5N1)	1971	3207
PB1|PP755595.1|A/cattle/Texas/24-008749-003/2024(H5N1)	1972	3205
PB1|PP755595.1|A/cattle/Texas/24-008749-003/2024(H5N1)	1973	3202
PB1|PP755595.1|A/cattle/Texas/24-008749-003/2024(H5N1)	1974	3195
PB1|PP755595.1|A/cattle/Texas/24-008749-003/2024(H5N1)	1975	3067
PB1|PP755595.1|A/cattle/Texas/24-008749-003/2024(H5N1)	1976	3063
PB1|PP755595.1|A/cattle/Texas/24-008749-003/2024(H5N1)	1977	3004
PB1|PP755595.1|A/cattle/Texas/24-008749-003/2024(H5N1)	1978	3004
PB1|PP755595.1|A/cattle/Texas/24-008749-003/2024(H5N1)	1979	2990
PB1|PP755595.1|A/cattle/Texas/24-008749-003/2024(H5N1)	1980	2939
PB1|PP755595.1|A/cattle/Texas/24-008749-003/2024(H5N1)	1981	2938
PB1|PP755595.1|A/cattle/Texas/24-008749-003/2024(H5N1)	1982	2932
PB1|PP755595.1|A/cattle/Texas/24-008749-003/2024(H5N1)	1983	2228
PB1|PP755595.1|A/cattle/Texas/24-008749-003/2024(H5N1)	1984	2211
PB1|PP755595.1|A/cattle/Texas/24-008749-003/2024(H5N1)	1985	2187
PB1|PP755595.1|A/cattle/Texas/24-008749-003/2024(H5N1)	1986	2177
PB1|PP755595.1|A/cattle/Texas/24-008749-003/2024(H5N1)	1987	2177
PB1|PP755595.1|A/cattle/Texas/24-008749-003/2024(H5N1)	1988	2177
PB1|PP755595.1|A/cattle/Texas/24-008749-003/2024(H5N1)	1989	2176
PB1|PP755595.1|A/cattle/Texas/24-008749-003/2024(H5N1)	1990	2176
PB1|PP755595.1|A/cattle/Texas/24-008749-003/2024(H5N1)	1991	2176
PB1|PP755595.1|A/cattle/Texas/24-008749-003/2024(H5N1)	1992	2177
PB1|PP755595.1|A/cattle/Texas/24-008749-003/2024(H5N1)	1993	2180
PB1|PP755595.1|A/cattle/Texas/24-008749-003/2024(H5N1)	1994	2180
PB1|PP755595.1|A/cattle/Texas/24-008749-003/2024(H5N1)	1995	2177
PB1|PP755595.1|A/cattle/Texas/24-008749-003/2024(H5N1)	1996	2211
PB1|PP755595.1|A/cattle/Texas/24-008749-003/2024(H5N1)	1997	2211
PB1|PP755595.1|A/cattle/Texas/24-008749-003/2024(H5N1)	1998	2213
PB1|PP755595.1|A/cattle/Texas/24-008749-003/2024(H5N1)	1999	2166
PB1|PP755595.1|A/cattle/Texas/24-008749-003/2024(H5N1)	2000	2151
PB1|PP755595.1|A/cattle/Texas/24-008749-003/2024(H5N1)	2001	1981
PB1|PP755595.1|A/cattle/Texas/24-008749-003/2024(H5N1)	2002	2015
PB1|PP755595.1|A/cattle/Texas/24-008749-003/2024(H5N1)	2003	2017
PB1|PP755595.1|A/cattle/Texas/24-008749-003/2024(H5N1)	2004	2016
PB1|PP755595.1|A/cattle/Texas/24-008749-003/2024(H5N1)	2005	2016
PB1|PP755595.1|A/cattle/Texas/24-008749-003/2024(H5N1)	2006	1988
PB1|PP755595.1|A/cattle/Texas/24-008749-003/2024(H5N1)	2007	1987
PB1|PP755595.1|A/cattle/Texas/24-008749-003/2024(H5N1)	2008	1987
PB1|PP755595.1|A/cattle/Texas/24-008749-003/2024(H5N1)	2009	1965
PB1|PP755595.1|A/cattle/Texas/24-008749-003/2024(H5N1)	2010	1961
PB1|PP755595.1|A/cattle/Texas/24-008749-003/2024(H5N1)	2011	1913
PB1|PP755595.1|A/cattle/Texas/24-008749-003/2024(H5N1)	2012	1912
PB1|PP755595.1|A/cattle/Texas/24-008749-003/2024(H5N1)	2013	1907
PB1|PP755595.1|A/cattle/Texas/24-008749-003/2024(H5N1)	2014	1869
PB1|PP755595.1|A/cattle/Texas/24-008749-003/2024(H5N1)	2015	1869
PB1|PP755595.1|A/cattle/Texas/24-008749-003/2024(H5N1)	2016	1864
PB1|PP755595.1|A/cattle/Texas/24-008749-003/2024(H5N1)	2017	1865
PB1|PP755595.1|A/cattle/Texas/24-008749-003/2024(H5N1)	2018	1866
PB1|PP755595.1|A/cattle/Texas/24-008749-003/2024(H5N1)	2019	1826
PB1|PP755595.1|A/cattle/Texas/24-008749-003/2024(H5N1)	2020	1847
PB1|PP755595.1|A/cattle/Texas/24-008749-003/2024(H5N1)	2021	1889
PB1|PP755595.1|A/cattle/Texas/24-008749-003/2024(H5N1)	2022	1984
PB1|PP755595.1|A/cattle/Texas/24-008749-003/2024(H5N1)	2023	2050
PB1|PP755595.1|A/cattle/Texas/24-008749-003/2024(H5N1)	2024	2008
PB1|PP755595.1|A/cattle/Texas/24-008749-003/2024(H5N1)	2025	2008
PB1|PP755595.1|A/cattle/Texas/24-008749-003/2024(H5N1)	2026	2023
PB1|PP755595.1|A/cattle/Texas/24-008749-003/2024(H5N1)	2027	2045
PB1|PP755595.1|A/cattle/Texas/24-008749-003/2024(H5N1)	2028	2046
PB1|PP755595.1|A/cattle/Texas/24-008749-003/2024(H5N1)	2029	2036
PB1|PP755595.1|A/cattle/Texas/24-008749-003/2024(H5N1)	2030	1963
PB1|PP755595.1|A/cattle/Texas/24-008749-003/2024(H5N1)	2031	1872
PB1|PP755595.1|A/cattle/Texas/24-008749-003/2024(H5N1)	2032	1890
PB1|PP755595.1|A/cattle/Texas/24-008749-003/2024(H5N1)	2033	1919
PB1|PP755595.1|A/cattle/Texas/24-008749-003/2024(H5N1)	2034	2034
PB1|PP755595.1|A/cattle/Texas/24-008749-003/2024(H5N1)	2035	3258
PB1|PP755595.1|A/cattle/Texas/24-008749-003/2024(H5N1)	2036	3262
PB1|PP755595.1|A/cattle/Texas/24-008749-003/2024(H5N1)	2037	3281
PB1|PP755595.1|A/cattle/Texas/24-008749-003/2024(H5N1)	2038	3285
PB1|PP755595.1|A/cattle/Texas/24-008749-003/2024(H5N1)	2039	3310
PB1|PP755595.1|A/cattle/Texas/24-008749-003/2024(H5N1)	2040	3340
PB1|PP755595.1|A/cattle/Texas/24-008749-003/2024(H5N1)	2041	3326
PB1|PP755595.1|A/cattle/Texas/24-008749-003/2024(H5N1)	2042	3316
PB1|PP755595.1|A/cattle/Texas/24-008749-003/2024(H5N1)	2043	3344
PB1|PP755595.1|A/cattle/Texas/24-008749-003/2024(H5N1)	2044	3350
PB1|PP755595.1|A/cattle/Texas/24-008749-003/2024(H5N1)	2045	3367
PB1|PP755595.1|A/cattle/Texas/24-008749-003/2024(H5N1)	2046	3362
PB1|PP755595.1|A/cattle/Texas/24-008749-003/2024(H5N1)	2047	3325
PB1|PP755595.1|A/cattle/Texas/24-008749-003/2024(H5N1)	2048	3307
PB1|PP755595.1|A/cattle/Texas/24-008749-003/2024(H5N1)	2049	3309
PB1|PP755595.1|A/cattle/Texas/24-008749-003/2024(H5N1)	2050	3310
PB1|PP755595.1|A/cattle/Texas/24-008749-003/2024(H5N1)	2051	3304
PB1|PP755595.1|A/cattle/Texas/24-008749-003/2024(H5N1)	2052	3265
PB1|PP755595.1|A/cattle/Texas/24-008749-003/2024(H5N1)	2053	3288
PB1|PP755595.1|A/cattle/Texas/24-008749-003/2024(H5N1)	2054	3291
PB1|PP755595.1|A/cattle/Texas/24-008749-003/2024(H5N1)	2055	3281
PB1|PP755595.1|A/cattle/Texas/24-008749-003/2024(H5N1)	2056	3438
PB1|PP755595.1|A/cattle/Texas/24-008749-003/2024(H5N1)	2057	3439
PB1|PP755595.1|A/cattle/Texas/24-008749-003/2024(H5N1)	2058	3439
PB1|PP755595.1|A/cattle/Texas/24-008749-003/2024(H5N1)	2059	3456
PB1|PP755595.1|A/cattle/Texas/24-008749-003/2024(H5N1)	2060	3440
PB1|PP755595.1|A/cattle/Texas/24-008749-003/2024(H5N1)	2061	3462
PB1|PP755595.1|A/cattle/Texas/24-008749-003/2024(H5N1)	2062	3480
PB1|PP755595.1|A/cattle/Texas/24-008749-003/2024(H5N1)	2063	3478
PB1|PP755595.1|A/cattle/Texas/24-008749-003/2024(H5N1)	2064	3476
PB1|PP755595.1|A/cattle/Texas/24-008749-003/2024(H5N1)	2065	3374
PB1|PP755595.1|A/cattle/Texas/24-008749-003/2024(H5N1)	2066	3356
PB1|PP755595.1|A/cattle/Texas/24-008749-003/2024(H5N1)	2067	2968
PB1|PP755595.1|A/cattle/Texas/24-008749-003/2024(H5N1)	2068	2947
PB1|PP755595.1|A/cattle/Texas/24-008749-003/2024(H5N1)	2069	2935
PB1|PP755595.1|A/cattle/Texas/24-008749-003/2024(H5N1)	2070	2924
PB1|PP755595.1|A/cattle/Texas/24-008749-003/2024(H5N1)	2071	2941
PB1|PP755595.1|A/cattle/Texas/24-008749-003/2024(H5N1)	2072	2943
PB1|PP755595.1|A/cattle/Texas/24-008749-003/2024(H5N1)	2073	2920
PB1|PP755595.1|A/cattle/Texas/24-008749-003/2024(H5N1)	2074	3174
PB1|PP755595.1|A/cattle/Texas/24-008749-003/2024(H5N1)	2075	3302
PB1|PP755595.1|A/cattle/Texas/24-008749-003/2024(H5N1)	2076	3317
PB1|PP755595.1|A/cattle/Texas/24-008749-003/2024(H5N1)	2077	3330
PB1|PP755595.1|A/cattle/Texas/24-008749-003/2024(H5N1)	2078	3330
PB1|PP755595.1|A/cattle/Texas/24-008749-003/2024(H5N1)	2079	3335
PB1|PP755595.1|A/cattle/Texas/24-008749-003/2024(H5N1)	2080	3335
PB1|PP755595.1|A/cattle/Texas/24-008749-003/2024(H5N1)	2081	3347
PB1|PP755595.1|A/cattle/Texas/24-008749-003/2024(H5N1)	2082	3357
PB1|PP755595.1|A/cattle/Texas/24-008749-003/2024(H5N1)	2083	3383
PB1|PP755595.1|A/cattle/Texas/24-008749-003/2024(H5N1)	2084	3428
PB1|PP755595.1|A/cattle/Texas/24-008749-003/2024(H5N1)	2085	3454
PB1|PP755595.1|A/cattle/Texas/24-008749-003/2024(H5N1)	2086	3459
PB1|PP755595.1|A/cattle/Texas/24-008749-003/2024(H5N1)	2087	3459
PB1|PP755595.1|A/cattle/Texas/24-008749-003/2024(H5N1)	2088	3296
PB1|PP755595.1|A/cattle/Texas/24-008749-003/2024(H5N1)	2089	3299
PB1|PP755595.1|A/cattle/Texas/24-008749-003/2024(H5N1)	2090	3302
PB1|PP755595.1|A/cattle/Texas/24-008749-003/2024(H5N1)	2091	3301
PB1|PP755595.1|A/cattle/Texas/24-008749-003/2024(H5N1)	2092	3452
PB1|PP755595.1|A/cattle/Texas/24-008749-003/2024(H5N1)	2093	3561
PB1|PP755595.1|A/cattle/Texas/24-008749-003/2024(H5N1)	2094	3575
PB1|PP755595.1|A/cattle/Texas/24-008749-003/2024(H5N1)	2095	3582
PB1|PP755595.1|A/cattle/Texas/24-008749-003/2024(H5N1)	2096	3637
PB1|PP755595.1|A/cattle/Texas/24-008749-003/2024(H5N1)	2097	3647
PB1|PP755595.1|A/cattle/Texas/24-008749-003/2024(H5N1)	2098	3714
PB1|PP755595.1|A/cattle/Texas/24-008749-003/2024(H5N1)	2099	3721
PB1|PP755595.1|A/cattle/Texas/24-008749-003/2024(H5N1)	2100	3695
PB1|PP755595.1|A/cattle/Texas/24-008749-003/2024(H5N1)	2101	3695
PB1|PP755595.1|A/cattle/Texas/24-008749-003/2024(H5N1)	2102	3691
PB1|PP755595.1|A/cattle/Texas/24-008749-003/2024(H5N1)	2103	3576
PB1|PP755595.1|A/cattle/Texas/24-008749-003/2024(H5N1)	2104	3578
PB1|PP755595.1|A/cattle/Texas/24-008749-003/2024(H5N1)	2105	3596
PB1|PP755595.1|A/cattle/Texas/24-008749-003/2024(H5N1)	2106	3888
PB1|PP755595.1|A/cattle/Texas/24-008749-003/2024(H5N1)	2107	3982
PB1|PP755595.1|A/cattle/Texas/24-008749-003/2024(H5N1)	2108	3986
PB1|PP755595.1|A/cattle/Texas/24-008749-003/2024(H5N1)	2109	4023
PB1|PP755595.1|A/cattle/Texas/24-008749-003/2024(H5N1)	2110	4077
PB1|PP755595.1|A/cattle/Texas/24-008749-003/2024(H5N1)	2111	4085
PB1|PP755595.1|A/cattle/Texas/24-008749-003/2024(H5N1)	2112	4124
PB1|PP755595.1|A/cattle/Texas/24-008749-003/2024(H5N1)	2113	4144
PB1|PP755595.1|A/cattle/Texas/24-008749-003/2024(H5N1)	2114	4134
PB1|PP755595.1|A/cattle/Texas/24-008749-003/2024(H5N1)	2115	4150
PB1|PP755595.1|A/cattle/Texas/24-008749-003/2024(H5N1)	2116	4050
PB1|PP755595.1|A/cattle/Texas/24-008749-003/2024(H5N1)	2117	3967
PB1|PP755595.1|A/cattle/Texas/24-008749-003/2024(H5N1)	2118	4029
PB1|PP755595.1|A/cattle/Texas/24-008749-003/2024(H5N1)	2119	3933
PB1|PP755595.1|A/cattle/Texas/24-008749-003/2024(H5N1)	2120	3927
PB1|PP755595.1|A/cattle/Texas/24-008749-003/2024(H5N1)	2121	3827
PB1|PP755595.1|A/cattle/Texas/24-008749-003/2024(H5N1)	2122	3846
PB1|PP755595.1|A/cattle/Texas/24-008749-003/2024(H5N1)	2123	3854
PB1|PP755595.1|A/cattle/Texas/24-008749-003/2024(H5N1)	2124	3851
PB1|PP755595.1|A/cattle/Texas/24-008749-003/2024(H5N1)	2125	3885
PB1|PP755595.1|A/cattle/Texas/24-008749-003/2024(H5N1)	2126	3913
PB1|PP755595.1|A/cattle/Texas/24-008749-003/2024(H5N1)	2127	3929
PB1|PP755595.1|A/cattle/Texas/24-008749-003/2024(H5N1)	2128	3931
PB1|PP755595.1|A/cattle/Texas/24-008749-003/2024(H5N1)	2129	3932
PB1|PP755595.1|A/cattle/Texas/24-008749-003/2024(H5N1)	2130	3956
PB1|PP755595.1|A/cattle/Texas/24-008749-003/2024(H5N1)	2131	3967
PB1|PP755595.1|A/cattle/Texas/24-008749-003/2024(H5N1)	2132	3956
PB1|PP755595.1|A/cattle/Texas/24-008749-003/2024(H5N1)	2133	3926
PB1|PP755595.1|A/cattle/Texas/24-008749-003/2024(H5N1)	2134	4037
PB1|PP755595.1|A/cattle/Texas/24-008749-003/2024(H5N1)	2135	3952
PB1|PP755595.1|A/cattle/Texas/24-008749-003/2024(H5N1)	2136	3952
PB1|PP755595.1|A/cattle/Texas/24-008749-003/2024(H5N1)	2137	3949
PB1|PP755595.1|A/cattle/Texas/24-008749-003/2024(H5N1)	2138	3953
PB1|PP755595.1|A/cattle/Texas/24-008749-003/2024(H5N1)	2139	3958
PB1|PP755595.1|A/cattle/Texas/24-008749-003/2024(H5N1)	2140	4141
PB1|PP755595.1|A/cattle/Texas/24-008749-003/2024(H5N1)	2141	4116
PB1|PP755595.1|A/cattle/Texas/24-008749-003/2024(H5N1)	2142	4127
PB1|PP755595.1|A/cattle/Texas/24-008749-003/2024(H5N1)	2143	4019
PB1|PP755595.1|A/cattle/Texas/24-008749-003/2024(H5N1)	2144	4017
PB1|PP755595.1|A/cattle/Texas/24-008749-003/2024(H5N1)	2145	3997
PB1|PP755595.1|A/cattle/Texas/24-008749-003/2024(H5N1)	2146	4013
PB1|PP755595.1|A/cattle/Texas/24-008749-003/2024(H5N1)	2147	3983
PB1|PP755595.1|A/cattle/Texas/24-008749-003/2024(H5N1)	2148	3989
PB1|PP755595.1|A/cattle/Texas/24-008749-003/2024(H5N1)	2149	4000
PB1|PP755595.1|A/cattle/Texas/24-008749-003/2024(H5N1)	2150	3985
PB1|PP755595.1|A/cattle/Texas/24-008749-003/2024(H5N1)	2151	3930
PB1|PP755595.1|A/cattle/Texas/24-008749-003/2024(H5N1)	2152	3703
PB1|PP755595.1|A/cattle/Texas/24-008749-003/2024(H5N1)	2153	3674
PB1|PP755595.1|A/cattle/Texas/24-008749-003/2024(H5N1)	2154	3698
PB1|PP755595.1|A/cattle/Texas/24-008749-003/2024(H5N1)	2155	3708
PB1|PP755595.1|A/cattle/Texas/24-008749-003/2024(H5N1)	2156	3668
PB1|PP755595.1|A/cattle/Texas/24-008749-003/2024(H5N1)	2157	3679
PB1|PP755595.1|A/cattle/Texas/24-008749-003/2024(H5N1)	2158	3830
PB1|PP755595.1|A/cattle/Texas/24-008749-003/2024(H5N1)	2159	3812
PB1|PP755595.1|A/cattle/Texas/24-008749-003/2024(H5N1)	2160	3814
PB1|PP755595.1|A/cattle/Texas/24-008749-003/2024(H5N1)	2161	3787
PB1|PP755595.1|A/cattle/Texas/24-008749-003/2024(H5N1)	2162	3792
PB1|PP755595.1|A/cattle/Texas/24-008749-003/2024(H5N1)	2163	3797
PB1|PP755595.1|A/cattle/Texas/24-008749-003/2024(H5N1)	2164	3782
PB1|PP755595.1|A/cattle/Texas/24-008749-003/2024(H5N1)	2165	3752
PB1|PP755595.1|A/cattle/Texas/24-008749-003/2024(H5N1)	2166	4156
PB1|PP755595.1|A/cattle/Texas/24-008749-003/2024(H5N1)	2167	4183
PB1|PP755595.1|A/cattle/Texas/24-008749-003/2024(H5N1)	2168	4186
PB1|PP755595.1|A/cattle/Texas/24-008749-003/2024(H5N1)	2169	4333
PB1|PP755595.1|A/cattle/Texas/24-008749-003/2024(H5N1)	2170	4339
PB1|PP755595.1|A/cattle/Texas/24-008749-003/2024(H5N1)	2171	4413
PB1|PP755595.1|A/cattle/Texas/24-008749-003/2024(H5N1)	2172	4280
PB1|PP755595.1|A/cattle/Texas/24-008749-003/2024(H5N1)	2173	4268
PB1|PP755595.1|A/cattle/Texas/24-008749-003/2024(H5N1)	2174	4212
PB1|PP755595.1|A/cattle/Texas/24-008749-003/2024(H5N1)	2175	4206
PB1|PP755595.1|A/cattle/Texas/24-008749-003/2024(H5N1)	2176	4186
PB1|PP755595.1|A/cattle/Texas/24-008749-003/2024(H5N1)	2177	4150
PB1|PP755595.1|A/cattle/Texas/24-008749-003/2024(H5N1)	2178	4148
PB1|PP755595.1|A/cattle/Texas/24-008749-003/2024(H5N1)	2179	4156
PB1|PP755595.1|A/cattle/Texas/24-008749-003/2024(H5N1)	2180	4148
PB1|PP755595.1|A/cattle/Texas/24-008749-003/2024(H5N1)	2181	4151
PB1|PP755595.1|A/cattle/Texas/24-008749-003/2024(H5N1)	2182	4145
PB1|PP755595.1|A/cattle/Texas/24-008749-003/2024(H5N1)	2183	4119
PB1|PP755595.1|A/cattle/Texas/24-008749-003/2024(H5N1)	2184	3940
PB1|PP755595.1|A/cattle/Texas/24-008749-003/2024(H5N1)	2185	3950
PB1|PP755595.1|A/cattle/Texas/24-008749-003/2024(H5N1)	2186	3945
PB1|PP755595.1|A/cattle/Texas/24-008749-003/2024(H5N1)	2187	3938
PB1|PP755595.1|A/cattle/Texas/24-008749-003/2024(H5N1)	2188	3921
PB1|PP755595.1|A/cattle/Texas/24-008749-003/2024(H5N1)	2189	3921
PB1|PP755595.1|A/cattle/Texas/24-008749-003/2024(H5N1)	2190	3859
PB1|PP755595.1|A/cattle/Texas/24-008749-003/2024(H5N1)	2191	3856
PB1|PP755595.1|A/cattle/Texas/24-008749-003/2024(H5N1)	2192	3870
PB1|PP755595.1|A/cattle/Texas/24-008749-003/2024(H5N1)	2193	3859
PB1|PP755595.1|A/cattle/Texas/24-008749-003/2024(H5N1)	2194	3809
PB1|PP755595.1|A/cattle/Texas/24-008749-003/2024(H5N1)	2195	3789
PB1|PP755595.1|A/cattle/Texas/24-008749-003/2024(H5N1)	2196	3774
PB1|PP755595.1|A/cattle/Texas/24-008749-003/2024(H5N1)	2197	3772
PB1|PP755595.1|A/cattle/Texas/24-008749-003/2024(H5N1)	2198	3774
PB1|PP755595.1|A/cattle/Texas/24-008749-003/2024(H5N1)	2199	3771
PB1|PP755595.1|A/cattle/Texas/24-008749-003/2024(H5N1)	2200	3719
PB1|PP755595.1|A/cattle/Texas/24-008749-003/2024(H5N1)	2201	3668
PB1|PP755595.1|A/cattle/Texas/24-008749-003/2024(H5N1)	2202	3650
PB1|PP755595.1|A/cattle/Texas/24-008749-003/2024(H5N1)	2203	3639
PB1|PP755595.1|A/cattle/Texas/24-008749-003/2024(H5N1)	2204	3620
PB1|PP755595.1|A/cattle/Texas/24-008749-003/2024(H5N1)	2205	3614
PB1|PP755595.1|A/cattle/Texas/24-008749-003/2024(H5N1)	2206	3612
PB1|PP755595.1|A/cattle/Texas/24-008749-003/2024(H5N1)	2207	3570
PB1|PP755595.1|A/cattle/Texas/24-008749-003/2024(H5N1)	2208	3568
PB1|PP755595.1|A/cattle/Texas/24-008749-003/2024(H5N1)	2209	3584
PB1|PP755595.1|A/cattle/Texas/24-008749-003/2024(H5N1)	2210	3584
PB1|PP755595.1|A/cattle/Texas/24-008749-003/2024(H5N1)	2211	3560
PB1|PP755595.1|A/cattle/Texas/24-008749-003/2024(H5N1)	2212	3490
PB1|PP755595.1|A/cattle/Texas/24-008749-003/2024(H5N1)	2213	3480
PB1|PP755595.1|A/cattle/Texas/24-008749-003/2024(H5N1)	2214	3474
PB1|PP755595.1|A/cattle/Texas/24-008749-003/2024(H5N1)	2215	3483
PB1|PP755595.1|A/cattle/Texas/24-008749-003/2024(H5N1)	2216	3458
PB1|PP755595.1|A/cattle/Texas/24-008749-003/2024(H5N1)	2217	3458
PB1|PP755595.1|A/cattle/Texas/24-008749-003/2024(H5N1)	2218	3425
PB1|PP755595.1|A/cattle/Texas/24-008749-003/2024(H5N1)	2219	3414
PB1|PP755595.1|A/cattle/Texas/24-008749-003/2024(H5N1)	2220	3404
PB1|PP755595.1|A/cattle/Texas/24-008749-003/2024(H5N1)	2221	3431
PB1|PP755595.1|A/cattle/Texas/24-008749-003/2024(H5N1)	2222	3410
PB1|PP755595.1|A/cattle/Texas/24-008749-003/2024(H5N1)	2223	3407
PB1|PP755595.1|A/cattle/Texas/24-008749-003/2024(H5N1)	2224	3407
PB1|PP755595.1|A/cattle/Texas/24-008749-003/2024(H5N1)	2225	3306
PB1|PP755595.1|A/cattle/Texas/24-008749-003/2024(H5N1)	2226	3293
PB1|PP755595.1|A/cattle/Texas/24-008749-003/2024(H5N1)	2227	3286
PB1|PP755595.1|A/cattle/Texas/24-008749-003/2024(H5N1)	2228	3282
PB1|PP755595.1|A/cattle/Texas/24-008749-003/2024(H5N1)	2229	3273
PB1|PP755595.1|A/cattle/Texas/24-008749-003/2024(H5N1)	2230	3270
PB1|PP755595.1|A/cattle/Texas/24-008749-003/2024(H5N1)	2231	3267
PB1|PP755595.1|A/cattle/Texas/24-008749-003/2024(H5N1)	2232	3228
PB1|PP755595.1|A/cattle/Texas/24-008749-003/2024(H5N1)	2233	3255
PB1|PP755595.1|A/cattle/Texas/24-008749-003/2024(H5N1)	2234	3234
PB1|PP755595.1|A/cattle/Texas/24-008749-003/2024(H5N1)	2235	3194
PB1|PP755595.1|A/cattle/Texas/24-008749-003/2024(H5N1)	2236	3158
PB1|PP755595.1|A/cattle/Texas/24-008749-003/2024(H5N1)	2237	3153
PB1|PP755595.1|A/cattle/Texas/24-008749-003/2024(H5N1)	2238	3127
PB1|PP755595.1|A/cattle/Texas/24-008749-003/2024(H5N1)	2239	3036
PB1|PP755595.1|A/cattle/Texas/24-008749-003/2024(H5N1)	2240	3038
PB1|PP755595.1|A/cattle/Texas/24-008749-003/2024(H5N1)	2241	3031
PB1|PP755595.1|A/cattle/Texas/24-008749-003/2024(H5N1)	2242	3031
PB1|PP755595.1|A/cattle/Texas/24-008749-003/2024(H5N1)	2243	3004
PB1|PP755595.1|A/cattle/Texas/24-008749-003/2024(H5N1)	2244	2887
PB1|PP755595.1|A/cattle/Texas/24-008749-003/2024(H5N1)	2245	2884
PB1|PP755595.1|A/cattle/Texas/24-008749-003/2024(H5N1)	2246	2902
PB1|PP755595.1|A/cattle/Texas/24-008749-003/2024(H5N1)	2247	2823
PB1|PP755595.1|A/cattle/Texas/24-008749-003/2024(H5N1)	2248	2809
PB1|PP755595.1|A/cattle/Texas/24-008749-003/2024(H5N1)	2249	2725
PB1|PP755595.1|A/cattle/Texas/24-008749-003/2024(H5N1)	2250	2715
PB1|PP755595.1|A/cattle/Texas/24-008749-003/2024(H5N1)	2251	2699
PB1|PP755595.1|A/cattle/Texas/24-008749-003/2024(H5N1)	2252	2695
PB1|PP755595.1|A/cattle/Texas/24-008749-003/2024(H5N1)	2253	2686
PB1|PP755595.1|A/cattle/Texas/24-008749-003/2024(H5N1)	2254	2681
PB1|PP755595.1|A/cattle/Texas/24-008749-003/2024(H5N1)	2255	2343
PB1|PP755595.1|A/cattle/Texas/24-008749-003/2024(H5N1)	2256	2331
PB1|PP755595.1|A/cattle/Texas/24-008749-003/2024(H5N1)	2257	2249
PB1|PP755595.1|A/cattle/Texas/24-008749-003/2024(H5N1)	2258	2223
PB1|PP755595.1|A/cattle/Texas/24-008749-003/2024(H5N1)	2259	2219
PB1|PP755595.1|A/cattle/Texas/24-008749-003/2024(H5N1)	2260	2195
PB1|PP755595.1|A/cattle/Texas/24-008749-003/2024(H5N1)	2261	2168
PB1|PP755595.1|A/cattle/Texas/24-008749-003/2024(H5N1)	2262	2162
PB1|PP755595.1|A/cattle/Texas/24-008749-003/2024(H5N1)	2263	2111
PB1|PP755595.1|A/cattle/Texas/24-008749-003/2024(H5N1)	2264	2085
PB1|PP755595.1|A/cattle/Texas/24-008749-003/2024(H5N1)	2265	2000
PB1|PP755595.1|A/cattle/Texas/24-008749-003/2024(H5N1)	2266	1973
PB1|PP755595.1|A/cattle/Texas/24-008749-003/2024(H5N1)	2267	1969
PB1|PP755595.1|A/cattle/Texas/24-008749-003/2024(H5N1)	2268	1948
PB1|PP755595.1|A/cattle/Texas/24-008749-003/2024(H5N1)	2269	1947
PB1|PP755595.1|A/cattle/Texas/24-008749-003/2024(H5N1)	2270	1943
PB1|PP755595.1|A/cattle/Texas/24-008749-003/2024(H5N1)	2271	1943
PB1|PP755595.1|A/cattle/Texas/24-008749-003/2024(H5N1)	2272	1934
PB1|PP755595.1|A/cattle/Texas/24-008749-003/2024(H5N1)	2273	1912
PB1|PP755595.1|A/cattle/Texas/24-008749-003/2024(H5N1)	2274	1904
