PB1|PP755595.1|A/cattle/Texas/24-008749-003/2024(H5N1)	1	188
PB1|PP755595.1|A/cattle/Texas/24-008749-003/2024(H5N1)	2	189
PB1|PP755595.1|A/cattle/Texas/24-008749-003/2024(H5N1)	3	189
PB1|PP755595.1|A/cattle/Texas/24-008749-003/2024(H5N1)	4	193
PB1|PP755595.1|A/cattle/Texas/24-008749-003/2024(H5N1)	5	195
PB1|PP755595.1|A/cattle/Texas/24-008749-003/2024(H5N1)	6	197
PB1|PP755595.1|A/cattle/Texas/24-008749-003/2024(H5N1)	7	197
PB1|PP755595.1|A/cattle/Texas/24-008749-003/2024(H5N1)	8	197
PB1|PP755595.1|A/cattle/Texas/24-008749-003/2024(H5N1)	9	199
PB1|PP755595.1|A/cattle/Texas/24-008749-003/2024(H5N1)	10	199
PB1|PP755595.1|A/cattle/Texas/24-008749-003/2024(H5N1)	11	199
PB1|PP755595.1|A/cattle/Texas/24-008749-003/2024(H5N1)	12	199
PB1|PP755595.1|A/cattle/Texas/24-008749-003/2024(H5N1)	13	203
PB1|PP755595.1|A/cattle/Texas/24-008749-003/2024(H5N1)	14	207
PB1|PP755595.1|A/cattle/Texas/24-008749-003/2024(H5N1)	15	209
PB1|PP755595.1|A/cattle/Texas/24-008749-003/2024(H5N1)	16	212
PB1|PP755595.1|A/cattle/Texas/24-008749-003/2024(H5N1)	17	213
PB1|PP755595.1|A/cattle/Texas/24-008749-003/2024(H5N1)	18	213
PB1|PP755595.1|A/cattle/Texas/24-008749-003/2024(H5N1)	19	214
PB1|PP755595.1|A/cattle/Texas/24-008749-003/2024(H5N1)	20	214
PB1|PP755595.1|A/cattle/Texas/24-008749-003/2024(H5N1)	21	214
PB1|PP755595.1|A/cattle/Texas/24-008749-003/2024(H5N1)	22	214
PB1|PP755595.1|A/cattle/Texas/24-008749-003/2024(H5N1)	23	214
PB1|PP755595.1|A/cattle/Texas/24-008749-003/2024(H5N1)	24	215
PB1|PP755595.1|A/cattle/Texas/24-008749-003/2024(H5N1)	25	215
PB1|PP755595.1|A/cattle/Texas/24-008749-003/2024(H5N1)	26	222
PB1|PP755595.1|A/cattle/Texas/24-008749-003/2024(H5N1)	27	222
PB1|PP755595.1|A/cattle/Texas/24-008749-003/2024(H5N1)	28	222
PB1|PP755595.1|A/cattle/Texas/24-008749-003/2024(H5N1)	29	222
PB1|PP755595.1|A/cattle/Texas/24-008749-003/2024(H5N1)	30	222
PB1|PP755595.1|A/cattle/Texas/24-008749-003/2024(H5N1)	31	222
PB1|PP755595.1|A/cattle/Texas/24-008749-003/2024(H5N1)	32	223
PB1|PP755595.1|A/cattle/Texas/24-008749-003/2024(H5N1)	33	220
PB1|PP755595.1|A/cattle/Texas/24-008749-003/2024(H5N1)	34	226
PB1|PP755595.1|A/cattle/Texas/24-008749-003/2024(H5N1)	35	224
PB1|PP755595.1|A/cattle/Texas/24-008749-003/2024(H5N1)	36	220
PB1|PP755595.1|A/cattle/Texas/24-008749-003/2024(H5N1)	37	225
PB1|PP755595.1|A/cattle/Texas/24-008749-003/2024(H5N1)	38	225
PB1|PP755595.1|A/cattle/Texas/24-008749-003/2024(H5N1)	39	228
PB1|PP755595.1|A/cattle/Texas/24-008749-003/2024(H5N1)	40	239
PB1|PP755595.1|A/cattle/Texas/24-008749-003/2024(H5N1)	41	244
PB1|PP755595.1|A/cattle/Texas/24-008749-003/2024(H5N1)	42	250
PB1|PP755595.1|A/cattle/Texas/24-008749-003/2024(H5N1)	43	251
PB1|PP755595.1|A/cattle/Texas/24-008749-003/2024(H5N1)	44	251
PB1|PP755595.1|A/cattle/Texas/24-008749-003/2024(H5N1)	45	252
PB1|PP755595.1|A/cattle/Texas/24-008749-003/2024(H5N1)	46	252
PB1|PP755595.1|A/cattle/Texas/24-008749-003/2024(H5N1)	47	255
PB1|PP755595.1|A/cattle/Texas/24-008749-003/2024(H5N1)	48	275
PB1|PP755595.1|A/cattle/Texas/24-008749-003/2024(H5N1)	49	287
PB1|PP755595.1|A/cattle/Texas/24-008749-003/2024(H5N1)	50	292
PB1|PP755595.1|A/cattle/Texas/24-008749-003/2024(H5N1)	51	296
PB1|PP755595.1|A/cattle/Texas/24-008749-003/2024(H5N1)	52	298
PB1|PP755595.1|A/cattle/Texas/24-008749-003/2024(H5N1)	53	300
PB1|PP755595.1|A/cattle/Texas/24-008749-003/2024(H5N1)	54	307
PB1|PP755595.1|A/cattle/Texas/24-008749-003/2024(H5N1)	55	307
PB1|PP755595.1|A/cattle/Texas/24-008749-003/2024(H5N1)	56	317
PB1|PP755595.1|A/cattle/Texas/24-008749-003/2024(H5N1)	57	317
PB1|PP755595.1|A/cattle/Texas/24-008749-003/2024(H5N1)	58	324
PB1|PP755595.1|A/cattle/Texas/24-008749-003/2024(H5N1)	59	332
PB1|PP755595.1|A/cattle/Texas/24-008749-003/2024(H5N1)	60	333
PB1|PP755595.1|A/cattle/Texas/24-008749-003/2024(H5N1)	61	335
PB1|PP755595.1|A/cattle/Texas/24-008749-003/2024(H5N1)	62	341
PB1|PP755595.1|A/cattle/Texas/24-008749-003/2024(H5N1)	63	341
PB1|PP755595.1|A/cattle/Texas/24-008749-003/2024(H5N1)	64	342
PB1|PP755595.1|A/cattle/Texas/24-008749-003/2024(H5N1)	65	342
PB1|PP755595.1|A/cattle/Texas/24-008749-003/2024(H5N1)	66	386
PB1|PP755595.1|A/cattle/Texas/24-008749-003/2024(H5N1)	67	386
PB1|PP755595.1|A/cattle/Texas/24-008749-003/2024(H5N1)	68	386
PB1|PP755595.1|A/cattle/Texas/24-008749-003/2024(H5N1)	69	386
PB1|PP755595.1|A/cattle/Texas/24-008749-003/2024(H5N1)	70	387
PB1|PP755595.1|A/cattle/Texas/24-008749-003/2024(H5N1)	71	403
PB1|PP755595.1|A/cattle/Texas/24-008749-003/2024(H5N1)	72	406
PB1|PP755595.1|A/cattle/Texas/24-008749-003/2024(H5N1)	73	415
PB1|PP755595.1|A/cattle/Texas/24-008749-003/2024(H5N1)	74	419
PB1|PP755595.1|A/cattle/Texas/24-008749-003/2024(H5N1)	75	419
PB1|PP755595.1|A/cattle/Texas/24-008749-003/2024(H5N1)	76	429
PB1|PP755595.1|A/cattle/Texas/24-008749-003/2024(H5N1)	77	432
PB1|PP755595.1|A/cattle/Texas/24-008749-003/2024(H5N1)	78	432
PB1|PP755595.1|A/cattle/Texas/24-008749-003/2024(H5N1)	79	434
PB1|PP755595.1|A/cattle/Texas/24-008749-003/2024(H5N1)	80	441
PB1|PP755595.1|A/cattle/Texas/24-008749-003/2024(H5N1)	81	442
PB1|PP755595.1|A/cattle/Texas/24-008749-003/2024(H5N1)	82	458
PB1|PP755595.1|A/cattle/Texas/24-008749-003/2024(H5N1)	83	458
PB1|PP755595.1|A/cattle/Texas/24-008749-003/2024(H5N1)	84	462
PB1|PP755595.1|A/cattle/Texas/24-008749-003/2024(H5N1)	85	474
PB1|PP755595.1|A/cattle/Texas/24-008749-003/2024(H5N1)	86	474
PB1|PP755595.1|A/cattle/Texas/24-008749-003/2024(H5N1)	87	479
PB1|PP755595.1|A/cattle/Texas/24-008749-003/2024(H5N1)	88	479
PB1|PP755595.1|A/cattle/Texas/24-008749-003/2024(H5N1)	89	479
PB1|PP755595.1|A/cattle/Texas/24-008749-003/2024(H5N1)	90	481
PB1|PP755595.1|A/cattle/Texas/24-008749-003/2024(H5N1)	91	481
PB1|PP755595.1|A/cattle/Texas/24-008749-003/2024(H5N1)	92	488
PB1|PP755595.1|A/cattle/Texas/24-008749-003/2024(H5N1)	93	491
PB1|PP755595.1|A/cattle/Texas/24-008749-003/2024(H5N1)	94	486
PB1|PP755595.1|A/cattle/Texas/24-008749-003/2024(H5N1)	95	486
PB1|PP755595.1|A/cattle/Texas/24-008749-003/2024(H5N1)	96	486
PB1|PP755595.1|A/cattle/Texas/24-008749-003/2024(H5N1)	97	486
PB1|PP755595.1|A/cattle/Texas/24-008749-003/2024(H5N1)	98	494
PB1|PP755595.1|A/cattle/Texas/24-008749-003/2024(H5N1)	99	497
PB1|PP755595.1|A/cattle/Texas/24-008749-003/2024(H5N1)	100	496
PB1|PP755595.1|A/cattle/Texas/24-008749-003/2024(H5N1)	101	496
PB1|PP755595.1|A/cattle/Texas/24-008749-003/2024(H5N1)	102	492
PB1|PP755595.1|A/cattle/Texas/24-008749-003/2024(H5N1)	103	490
PB1|PP755595.1|A/cattle/Texas/24-008749-003/2024(H5N1)	104	489
PB1|PP755595.1|A/cattle/Texas/24-008749-003/2024(H5N1)	105	485
PB1|PP755595.1|A/cattle/Texas/24-008749-003/2024(H5N1)	106	500
PB1|PP755595.1|A/cattle/Texas/24-008749-003/2024(H5N1)	107	503
PB1|PP755595.1|A/cattle/Texas/24-008749-003/2024(H5N1)	108	501
PB1|PP755595.1|A/cattle/Texas/24-008749-003/2024(H5N1)	109	503
PB1|PP755595.1|A/cattle/Texas/24-008749-003/2024(H5N1)	110	503
PB1|PP755595.1|A/cattle/Texas/24-008749-003/2024(H5N1)	111	503
PB1|PP755595.1|A/cattle/Texas/24-008749-003/2024(H5N1)	112	501
PB1|PP755595.1|A/cattle/Texas/24-008749-003/2024(H5N1)	113	501
PB1|PP755595.1|A/cattle/Texas/24-008749-003/2024(H5N1)	114	480
PB1|PP755595.1|A/cattle/Texas/24-008749-003/2024(H5N1)	115	480
PB1|PP755595.1|A/cattle/Texas/24-008749-003/2024(H5N1)	116	480
PB1|PP755595.1|A/cattle/Texas/24-008749-003/2024(H5N1)	117	480
PB1|PP755595.1|A/cattle/Texas/24-008749-003/2024(H5N1)	118	507
PB1|PP755595.1|A/cattle/Texas/24-008749-003/2024(H5N1)	119	507
PB1|PP755595.1|A/cattle/Texas/24-008749-003/2024(H5N1)	120	508
PB1|PP755595.1|A/cattle/Texas/24-008749-003/2024(H5N1)	121	510
PB1|PP755595.1|A/cattle/Texas/24-008749-003/2024(H5N1)	122	508
PB1|PP755595.1|A/cattle/Texas/24-008749-003/2024(H5N1)	123	508
PB1|PP755595.1|A/cattle/Texas/24-008749-003/2024(H5N1)	124	507
PB1|PP755595.1|A/cattle/Texas/24-008749-003/2024(H5N1)	125	505
PB1|PP755595.1|A/cattle/Texas/24-008749-003/2024(H5N1)	126	497
PB1|PP755595.1|A/cattle/Texas/24-008749-003/2024(H5N1)	127	435
PB1|PP755595.1|A/cattle/Texas/24-008749-003/2024(H5N1)	128	432
PB1|PP755595.1|A/cattle/Texas/24-008749-003/2024(H5N1)	129	412
PB1|PP755595.1|A/cattle/Texas/24-008749-003/2024(H5N1)	130	428
PB1|PP755595.1|A/cattle/Texas/24-008749-003/2024(H5N1)	131	430
PB1|PP755595.1|A/cattle/Texas/24-008749-003/2024(H5N1)	132	425
PB1|PP755595.1|A/cattle/Texas/24-008749-003/2024(H5N1)	133	426
PB1|PP755595.1|A/cattle/Texas/24-008749-003/2024(H5N1)	134	432
PB1|PP755595.1|A/cattle/Texas/24-008749-003/2024(H5N1)	135	427
PB1|PP755595.1|A/cattle/Texas/24-008749-003/2024(H5N1)	136	413
PB1|PP755595.1|A/cattle/Texas/24-008749-003/2024(H5N1)	137	406
PB1|PP755595.1|A/cattle/Texas/24-008749-003/2024(H5N1)	138	406
PB1|PP755595.1|A/cattle/Texas/24-008749-003/2024(H5N1)	139	404
PB1|PP755595.1|A/cattle/Texas/24-008749-003/2024(H5N1)	140	404
PB1|PP755595.1|A/cattle/Texas/24-008749-003/2024(H5N1)	141	404
PB1|PP755595.1|A/cattle/Texas/24-008749-003/2024(H5N1)	142	400
PB1|PP755595.1|A/cattle/Texas/24-008749-003/2024(H5N1)	143	399
PB1|PP755595.1|A/cattle/Texas/24-008749-003/2024(H5N1)	144	384
PB1|PP755595.1|A/cattle/Texas/24-008749-003/2024(H5N1)	145	383
PB1|PP755595.1|A/cattle/Texas/24-008749-003/2024(H5N1)	146	378
PB1|PP755595.1|A/cattle/Texas/24-008749-003/2024(H5N1)	147	370
PB1|PP755595.1|A/cattle/Texas/24-008749-003/2024(H5N1)	148	360
PB1|PP755595.1|A/cattle/Texas/24-008749-003/2024(H5N1)	149	358
PB1|PP755595.1|A/cattle/Texas/24-008749-003/2024(H5N1)	150	357
PB1|PP755595.1|A/cattle/Texas/24-008749-003/2024(H5N1)	151	356
PB1|PP755595.1|A/cattle/Texas/24-008749-003/2024(H5N1)	152	352
PB1|PP755595.1|A/cattle/Texas/24-008749-003/2024(H5N1)	153	328
PB1|PP755595.1|A/cattle/Texas/24-008749-003/2024(H5N1)	154	329
PB1|PP755595.1|A/cattle/Texas/24-008749-003/2024(H5N1)	155	322
PB1|PP755595.1|A/cattle/Texas/24-008749-003/2024(H5N1)	156	322
PB1|PP755595.1|A/cattle/Texas/24-008749-003/2024(H5N1)	157	323
PB1|PP755595.1|A/cattle/Texas/24-008749-003/2024(H5N1)	158	323
PB1|PP755595.1|A/cattle/Texas/24-008749-003/2024(H5N1)	159	324
PB1|PP755595.1|A/cattle/Texas/24-008749-003/2024(H5N1)	160	376
PB1|PP755595.1|A/cattle/Texas/24-008749-003/2024(H5N1)	161	377
PB1|PP755595.1|A/cattle/Texas/24-008749-003/2024(H5N1)	162	378
PB1|PP755595.1|A/cattle/Texas/24-008749-003/2024(H5N1)	163	378
PB1|PP755595.1|A/cattle/Texas/24-008749-003/2024(H5N1)	164	378
PB1|PP755595.1|A/cattle/Texas/24-008749-003/2024(H5N1)	165	380
PB1|PP755595.1|A/cattle/Texas/24-008749-003/2024(H5N1)	166	381
PB1|PP755595.1|A/cattle/Texas/24-008749-003/2024(H5N1)	167	385
PB1|PP755595.1|A/cattle/Texas/24-008749-003/2024(H5N1)	168	385
PB1|PP755595.1|A/cattle/Texas/24-008749-003/2024(H5N1)	169	386
PB1|PP755595.1|A/cattle/Texas/24-008749-003/2024(H5N1)	170	386
PB1|PP755595.1|A/cattle/Texas/24-008749-003/2024(H5N1)	171	387
PB1|PP755595.1|A/cattle/Texas/24-008749-003/2024(H5N1)	172	387
PB1|PP755595.1|A/cattle/Texas/24-008749-003/2024(H5N1)	173	389
PB1|PP755595.1|A/cattle/Texas/24-008749-003/2024(H5N1)	174	389
PB1|PP755595.1|A/cattle/Texas/24-008749-003/2024(H5N1)	175	389
PB1|PP755595.1|A/cattle/Texas/24-008749-003/2024(H5N1)	176	387
PB1|PP755595.1|A/cattle/Texas/24-008749-003/2024(H5N1)	177	387
PB1|PP755595.1|A/cattle/Texas/24-008749-003/2024(H5N1)	178	387
PB1|PP755595.1|A/cattle/Texas/24-008749-003/2024(H5N1)	179	391
PB1|PP755595.1|A/cattle/Texas/24-008749-003/2024(H5N1)	180	393
PB1|PP755595.1|A/cattle/Texas/24-008749-003/2024(H5N1)	181	393
PB1|PP755595.1|A/cattle/Texas/24-008749-003/2024(H5N1)	182	392
PB1|PP755595.1|A/cattle/Texas/24-008749-003/2024(H5N1)	183	391
PB1|PP755595.1|A/cattle/Texas/24-008749-003/2024(H5N1)	184	391
PB1|PP755595.1|A/cattle/Texas/24-008749-003/2024(H5N1)	185	385
PB1|PP755595.1|A/cattle/Texas/24-008749-003/2024(H5N1)	186	364
PB1|PP755595.1|A/cattle/Texas/24-008749-003/2024(H5N1)	187	366
PB1|PP755595.1|A/cattle/Texas/24-008749-003/2024(H5N1)	188	369
PB1|PP755595.1|A/cattle/Texas/24-008749-003/2024(H5N1)	189	364
PB1|PP755595.1|A/cattle/Texas/24-008749-003/2024(H5N1)	190	370
PB1|PP755595.1|A/cattle/Texas/24-008749-003/2024(H5N1)	191	371
PB1|PP755595.1|A/cattle/Texas/24-008749-003/2024(H5N1)	192	371
PB1|PP755595.1|A/cattle/Texas/24-008749-003/2024(H5N1)	193	374
PB1|PP755595.1|A/cattle/Texas/24-008749-003/2024(H5N1)	194	373
PB1|PP755595.1|A/cattle/Texas/24-008749-003/2024(H5N1)	195	379
PB1|PP755595.1|A/cattle/Texas/24-008749-003/2024(H5N1)	196	379
PB1|PP755595.1|A/cattle/Texas/24-008749-003/2024(H5N1)	197	378
PB1|PP755595.1|A/cattle/Texas/24-008749-003/2024(H5N1)	198	378
PB1|PP755595.1|A/cattle/Texas/24-008749-003/2024(H5N1)	199	375
PB1|PP755595.1|A/cattle/Texas/24-008749-003/2024(H5N1)	200	365
PB1|PP755595.1|A/cattle/Texas/24-008749-003/2024(H5N1)	201	354
PB1|PP755595.1|A/cattle/Texas/24-008749-003/2024(H5N1)	202	350
PB1|PP755595.1|A/cattle/Texas/24-008749-003/2024(H5N1)	203	353
PB1|PP755595.1|A/cattle/Texas/24-008749-003/2024(H5N1)	204	352
PB1|PP755595.1|A/cattle/Texas/24-008749-003/2024(H5N1)	205	354
PB1|PP755595.1|A/cattle/Texas/24-008749-003/2024(H5N1)	206	354
PB1|PP755595.1|A/cattle/Texas/24-008749-003/2024(H5N1)	207	342
PB1|PP755595.1|A/cattle/Texas/24-008749-003/2024(H5N1)	208	342
PB1|PP755595.1|A/cattle/Texas/24-008749-003/2024(H5N1)	209	299
PB1|PP755595.1|A/cattle/Texas/24-008749-003/2024(H5N1)	210	264
PB1|PP755595.1|A/cattle/Texas/24-008749-003/2024(H5N1)	211	262
PB1|PP755595.1|A/cattle/Texas/24-008749-003/2024(H5N1)	212	257
PB1|PP755595.1|A/cattle/Texas/24-008749-003/2024(H5N1)	213	198
PB1|PP755595.1|A/cattle/Texas/24-008749-003/2024(H5N1)	214	198
PB1|PP755595.1|A/cattle/Texas/24-008749-003/2024(H5N1)	215	198
PB1|PP755595.1|A/cattle/Texas/24-008749-003/2024(H5N1)	216	196
PB1|PP755595.1|A/cattle/Texas/24-008749-003/2024(H5N1)	217	183
PB1|PP755595.1|A/cattle/Texas/24-008749-003/2024(H5N1)	218	183
PB1|PP755595.1|A/cattle/Texas/24-008749-003/2024(H5N1)	219	184
PB1|PP755595.1|A/cattle/Texas/24-008749-003/2024(H5N1)	220	195
PB1|PP755595.1|A/cattle/Texas/24-008749-003/2024(H5N1)	221	195
PB1|PP755595.1|A/cattle/Texas/24-008749-003/2024(H5N1)	222	195
PB1|PP755595.1|A/cattle/Texas/24-008749-003/2024(H5N1)	223	196
PB1|PP755595.1|A/cattle/Texas/24-008749-003/2024(H5N1)	224	196
PB1|PP755595.1|A/cattle/Texas/24-008749-003/2024(H5N1)	225	192
PB1|PP755595.1|A/cattle/Texas/24-008749-003/2024(H5N1)	226	194
PB1|PP755595.1|A/cattle/Texas/24-008749-003/2024(H5N1)	227	194
PB1|PP755595.1|A/cattle/Texas/24-008749-003/2024(H5N1)	228	202
PB1|PP755595.1|A/cattle/Texas/24-008749-003/2024(H5N1)	229	197
PB1|PP755595.1|A/cattle/Texas/24-008749-003/2024(H5N1)	230	197
PB1|PP755595.1|A/cattle/Texas/24-008749-003/2024(H5N1)	231	196
PB1|PP755595.1|A/cattle/Texas/24-008749-003/2024(H5N1)	232	196
PB1|PP755595.1|A/cattle/Texas/24-008749-003/2024(H5N1)	233	197
PB1|PP755595.1|A/cattle/Texas/24-008749-003/2024(H5N1)	234	199
PB1|PP755595.1|A/cattle/Texas/24-008749-003/2024(H5N1)	235	220
PB1|PP755595.1|A/cattle/Texas/24-008749-003/2024(H5N1)	236	220
PB1|PP755595.1|A/cattle/Texas/24-008749-003/2024(H5N1)	237	220
PB1|PP755595.1|A/cattle/Texas/24-008749-003/2024(H5N1)	238	220
PB1|PP755595.1|A/cattle/Texas/24-008749-003/2024(H5N1)	239	220
PB1|PP755595.1|A/cattle/Texas/24-008749-003/2024(H5N1)	240	233
PB1|PP755595.1|A/cattle/Texas/24-008749-003/2024(H5N1)	241	233
PB1|PP755595.1|A/cattle/Texas/24-008749-003/2024(H5N1)	242	242
PB1|PP755595.1|A/cattle/Texas/24-008749-003/2024(H5N1)	243	243
PB1|PP755595.1|A/cattle/Texas/24-008749-003/2024(H5N1)	244	243
PB1|PP755595.1|A/cattle/Texas/24-008749-003/2024(H5N1)	245	244
PB1|PP755595.1|A/cattle/Texas/24-008749-003/2024(H5N1)	246	246
PB1|PP755595.1|A/cattle/Texas/24-008749-003/2024(H5N1)	247	249
PB1|PP755595.1|A/cattle/Texas/24-008749-003/2024(H5N1)	248	249
PB1|PP755595.1|A/cattle/Texas/24-008749-003/2024(H5N1)	249	249
PB1|PP755595.1|A/cattle/Texas/24-008749-003/2024(H5N1)	250	249
PB1|PP755595.1|A/cattle/Texas/24-008749-003/2024(H5N1)	251	241
PB1|PP755595.1|A/cattle/Texas/24-008749-003/2024(H5N1)	252	241
PB1|PP755595.1|A/cattle/Texas/24-008749-003/2024(H5N1)	253	240
PB1|PP755595.1|A/cattle/Texas/24-008749-003/2024(H5N1)	254	238
PB1|PP755595.1|A/cattle/Texas/24-008749-003/2024(H5N1)	255	187
PB1|PP755595.1|A/cattle/Texas/24-008749-003/2024(H5N1)	256	187
PB1|PP755595.1|A/cattle/Texas/24-008749-003/2024(H5N1)	257	185
PB1|PP755595.1|A/cattle/Texas/24-008749-003/2024(H5N1)	258	185
PB1|PP755595.1|A/cattle/Texas/24-008749-003/2024(H5N1)	259	185
PB1|PP755595.1|A/cattle/Texas/24-008749-003/2024(H5N1)	260	185
PB1|PP755595.1|A/cattle/Texas/24-008749-003/2024(H5N1)	261	185
PB1|PP755595.1|A/cattle/Texas/24-008749-003/2024(H5N1)	262	185
PB1|PP755595.1|A/cattle/Texas/24-008749-003/2024(H5N1)	263	185
PB1|PP755595.1|A/cattle/Texas/24-008749-003/2024(H5N1)	264	185
PB1|PP755595.1|A/cattle/Texas/24-008749-003/2024(H5N1)	265	185
PB1|PP755595.1|A/cattle/Texas/24-008749-003/2024(H5N1)	266	187
PB1|PP755595.1|A/cattle/Texas/24-008749-003/2024(H5N1)	267	187
PB1|PP755595.1|A/cattle/Texas/24-008749-003/2024(H5N1)	268	212
PB1|PP755595.1|A/cattle/Texas/24-008749-003/2024(H5N1)	269	212
PB1|PP755595.1|A/cattle/Texas/24-008749-003/2024(H5N1)	270	214
PB1|PP755595.1|A/cattle/Texas/24-008749-003/2024(H5N1)	271	215
PB1|PP755595.1|A/cattle/Texas/24-008749-003/2024(H5N1)	272	220
PB1|PP755595.1|A/cattle/Texas/24-008749-003/2024(H5N1)	273	220
PB1|PP755595.1|A/cattle/Texas/24-008749-003/2024(H5N1)	274	220
PB1|PP755595.1|A/cattle/Texas/24-008749-003/2024(H5N1)	275	220
PB1|PP755595.1|A/cattle/Texas/24-008749-003/2024(H5N1)	276	221
PB1|PP755595.1|A/cattle/Texas/24-008749-003/2024(H5N1)	277	221
PB1|PP755595.1|A/cattle/Texas/24-008749-003/2024(H5N1)	278	223
PB1|PP755595.1|A/cattle/Texas/24-008749-003/2024(H5N1)	279	223
PB1|PP755595.1|A/cattle/Texas/24-008749-003/2024(H5N1)	280	223
PB1|PP755595.1|A/cattle/Texas/24-008749-003/2024(H5N1)	281	235
PB1|PP755595.1|A/cattle/Texas/24-008749-003/2024(H5N1)	282	236
PB1|PP755595.1|A/cattle/Texas/24-008749-003/2024(H5N1)	283	233
PB1|PP755595.1|A/cattle/Texas/24-008749-003/2024(H5N1)	284	234
PB1|PP755595.1|A/cattle/Texas/24-008749-003/2024(H5N1)	285	234
PB1|PP755595.1|A/cattle/Texas/24-008749-003/2024(H5N1)	286	234
PB1|PP755595.1|A/cattle/Texas/24-008749-003/2024(H5N1)	287	234
PB1|PP755595.1|A/cattle/Texas/24-008749-003/2024(H5N1)	288	228
PB1|PP755595.1|A/cattle/Texas/24-008749-003/2024(H5N1)	289	240
PB1|PP755595.1|A/cattle/Texas/24-008749-003/2024(H5N1)	290	227
PB1|PP755595.1|A/cattle/Texas/24-008749-003/2024(H5N1)	291	231
PB1|PP755595.1|A/cattle/Texas/24-008749-003/2024(H5N1)	292	253
PB1|PP755595.1|A/cattle/Texas/24-008749-003/2024(H5N1)	293	255
PB1|PP755595.1|A/cattle/Texas/24-008749-003/2024(H5N1)	294	248
PB1|PP755595.1|A/cattle/Texas/24-008749-003/2024(H5N1)	295	250
PB1|PP755595.1|A/cattle/Texas/24-008749-003/2024(H5N1)	296	257
PB1|PP755595.1|A/cattle/Texas/24-008749-003/2024(H5N1)	297	262
PB1|PP755595.1|A/cattle/Texas/24-008749-003/2024(H5N1)	298	263
PB1|PP755595.1|A/cattle/Texas/24-008749-003/2024(H5N1)	299	263
PB1|PP755595.1|A/cattle/Texas/24-008749-003/2024(H5N1)	300	258
PB1|PP755595.1|A/cattle/Texas/24-008749-003/2024(H5N1)	301	259
PB1|PP755595.1|A/cattle/Texas/24-008749-003/2024(H5N1)	302	257
PB1|PP755595.1|A/cattle/Texas/24-008749-003/2024(H5N1)	303	260
PB1|PP755595.1|A/cattle/Texas/24-008749-003/2024(H5N1)	304	264
PB1|PP755595.1|A/cattle/Texas/24-008749-003/2024(H5N1)	305	266
PB1|PP755595.1|A/cattle/Texas/24-008749-003/2024(H5N1)	306	266
PB1|PP755595.1|A/cattle/Texas/24-008749-003/2024(H5N1)	307	266
PB1|PP755595.1|A/cattle/Texas/24-008749-003/2024(H5N1)	308	266
PB1|PP755595.1|A/cattle/Texas/24-008749-003/2024(H5N1)	309	270
PB1|PP755595.1|A/cattle/Texas/24-008749-003/2024(H5N1)	310	271
PB1|PP755595.1|A/cattle/Texas/24-008749-003/2024(H5N1)	311	277
PB1|PP755595.1|A/cattle/Texas/24-008749-003/2024(H5N1)	312	277
PB1|PP755595.1|A/cattle/Texas/24-008749-003/2024(H5N1)	313	277
PB1|PP755595.1|A/cattle/Texas/24-008749-003/2024(H5N1)	314	277
PB1|PP755595.1|A/cattle/Texas/24-008749-003/2024(H5N1)	315	280
PB1|PP755595.1|A/cattle/Texas/24-008749-003/2024(H5N1)	316	278
PB1|PP755595.1|A/cattle/Texas/24-008749-003/2024(H5N1)	317	278
PB1|PP755595.1|A/cattle/Texas/24-008749-003/2024(H5N1)	318	276
PB1|PP755595.1|A/cattle/Texas/24-008749-003/2024(H5N1)	319	290
PB1|PP755595.1|A/cattle/Texas/24-008749-003/2024(H5N1)	320	296
PB1|PP755595.1|A/cattle/Texas/24-008749-003/2024(H5N1)	321	296
PB1|PP755595.1|A/cattle/Texas/24-008749-003/2024(H5N1)	322	295
PB1|PP755595.1|A/cattle/Texas/24-008749-003/2024(H5N1)	323	295
PB1|PP755595.1|A/cattle/Texas/24-008749-003/2024(H5N1)	324	292
PB1|PP755595.1|A/cattle/Texas/24-008749-003/2024(H5N1)	325	291
PB1|PP755595.1|A/cattle/Texas/24-008749-003/2024(H5N1)	326	292
PB1|PP755595.1|A/cattle/Texas/24-008749-003/2024(H5N1)	327	293
PB1|PP755595.1|A/cattle/Texas/24-008749-003/2024(H5N1)	328	294
PB1|PP755595.1|A/cattle/Texas/24-008749-003/2024(H5N1)	329	294
PB1|PP755595.1|A/cattle/Texas/24-008749-003/2024(H5N1)	330	297
PB1|PP755595.1|A/cattle/Texas/24-008749-003/2024(H5N1)	331	294
PB1|PP755595.1|A/cattle/Texas/24-008749-003/2024(H5N1)	332	294
PB1|PP755595.1|A/cattle/Texas/24-008749-003/2024(H5N1)	333	293
PB1|PP755595.1|A/cattle/Texas/24-008749-003/2024(H5N1)	334	296
PB1|PP755595.1|A/cattle/Texas/24-008749-003/2024(H5N1)	335	297
PB1|PP755595.1|A/cattle/Texas/24-008749-003/2024(H5N1)	336	295
PB1|PP755595.1|A/cattle/Texas/24-008749-003/2024(H5N1)	337	295
PB1|PP755595.1|A/cattle/Texas/24-008749-003/2024(H5N1)	338	292
PB1|PP755595.1|A/cattle/Texas/24-008749-003/2024(H5N1)	339	288
PB1|PP755595.1|A/cattle/Texas/24-008749-003/2024(H5N1)	340	288
PB1|PP755595.1|A/cattle/Texas/24-008749-003/2024(H5N1)	341	280
PB1|PP755595.1|A/cattle/Texas/24-008749-003/2024(H5N1)	342	279
PB1|PP755595.1|A/cattle/Texas/24-008749-003/2024(H5N1)	343	279
PB1|PP755595.1|A/cattle/Texas/24-008749-003/2024(H5N1)	344	278
PB1|PP755595.1|A/cattle/Texas/24-008749-003/2024(H5N1)	345	280
PB1|PP755595.1|A/cattle/Texas/24-008749-003/2024(H5N1)	346	284
PB1|PP755595.1|A/cattle/Texas/24-008749-003/2024(H5N1)	347	283
PB1|PP755595.1|A/cattle/Texas/24-008749-003/2024(H5N1)	348	283
PB1|PP755595.1|A/cattle/Texas/24-008749-003/2024(H5N1)	349	283
PB1|PP755595.1|A/cattle/Texas/24-008749-003/2024(H5N1)	350	283
PB1|PP755595.1|A/cattle/Texas/24-008749-003/2024(H5N1)	351	283
PB1|PP755595.1|A/cattle/Texas/24-008749-003/2024(H5N1)	352	283
PB1|PP755595.1|A/cattle/Texas/24-008749-003/2024(H5N1)	353	287
PB1|PP755595.1|A/cattle/Texas/24-008749-003/2024(H5N1)	354	284
PB1|PP755595.1|A/cattle/Texas/24-008749-003/2024(H5N1)	355	284
PB1|PP755595.1|A/cattle/Texas/24-008749-003/2024(H5N1)	356	279
PB1|PP755595.1|A/cattle/Texas/24-008749-003/2024(H5N1)	357	279
PB1|PP755595.1|A/cattle/Texas/24-008749-003/2024(H5N1)	358	279
PB1|PP755595.1|A/cattle/Texas/24-008749-003/2024(H5N1)	359	277
PB1|PP755595.1|A/cattle/Texas/24-008749-003/2024(H5N1)	360	277
PB1|PP755595.1|A/cattle/Texas/24-008749-003/2024(H5N1)	361	275
PB1|PP755595.1|A/cattle/Texas/24-008749-003/2024(H5N1)	362	274
PB1|PP755595.1|A/cattle/Texas/24-008749-003/2024(H5N1)	363	176
PB1|PP755595.1|A/cattle/Texas/24-008749-003/2024(H5N1)	364	168
PB1|PP755595.1|A/cattle/Texas/24-008749-003/2024(H5N1)	365	168
PB1|PP755595.1|A/cattle/Texas/24-008749-003/2024(H5N1)	366	168
PB1|PP755595.1|A/cattle/Texas/24-008749-003/2024(H5N1)	367	168
PB1|PP755595.1|A/cattle/Texas/24-008749-003/2024(H5N1)	368	169
PB1|PP755595.1|A/cattle/Texas/24-008749-003/2024(H5N1)	369	169
PB1|PP755595.1|A/cattle/Texas/24-008749-003/2024(H5N1)	370	169
PB1|PP755595.1|A/cattle/Texas/24-008749-003/2024(H5N1)	371	170
PB1|PP755595.1|A/cattle/Texas/24-008749-003/2024(H5N1)	372	170
PB1|PP755595.1|A/cattle/Texas/24-008749-003/2024(H5N1)	373	171
PB1|PP755595.1|A/cattle/Texas/24-008749-003/2024(H5N1)	374	171
PB1|PP755595.1|A/cattle/Texas/24-008749-003/2024(H5N1)	375	171
PB1|PP755595.1|A/cattle/Texas/24-008749-003/2024(H5N1)	376	182
PB1|PP755595.1|A/cattle/Texas/24-008749-003/2024(H5N1)	377	182
PB1|PP755595.1|A/cattle/Texas/24-008749-003/2024(H5N1)	378	182
PB1|PP755595.1|A/cattle/Texas/24-008749-003/2024(H5N1)	379	213
PB1|PP755595.1|A/cattle/Texas/24-008749-003/2024(H5N1)	380	213
PB1|PP755595.1|A/cattle/Texas/24-008749-003/2024(H5N1)	381	215
PB1|PP755595.1|A/cattle/Texas/24-008749-003/2024(H5N1)	382	222
PB1|PP755595.1|A/cattle/Texas/24-008749-003/2024(H5N1)	383	223
PB1|PP755595.1|A/cattle/Texas/24-008749-003/2024(H5N1)	384	223
PB1|PP755595.1|A/cattle/Texas/24-008749-003/2024(H5N1)	385	225
PB1|PP755595.1|A/cattle/Texas/24-008749-003/2024(H5N1)	386	229
PB1|PP755595.1|A/cattle/Texas/24-008749-003/2024(H5N1)	387	233
PB1|PP755595.1|A/cattle/Texas/24-008749-003/2024(H5N1)	388	233
PB1|PP755595.1|A/cattle/Texas/24-008749-003/2024(H5N1)	389	234
PB1|PP755595.1|A/cattle/Texas/24-008749-003/2024(H5N1)	390	234
PB1|PP755595.1|A/cattle/Texas/24-008749-003/2024(H5N1)	391	234
PB1|PP755595.1|A/cattle/Texas/24-008749-003/2024(H5N1)	392	234
PB1|PP755595.1|A/cattle/Texas/24-008749-003/2024(H5N1)	393	234
PB1|PP755595.1|A/cattle/Texas/24-008749-003/2024(H5N1)	394	234
PB1|PP755595.1|A/cattle/Texas/24-008749-003/2024(H5N1)	395	234
PB1|PP755595.1|A/cattle/Texas/24-008749-003/2024(H5N1)	396	231
PB1|PP755595.1|A/cattle/Texas/24-008749-003/2024(H5N1)	397	227
PB1|PP755595.1|A/cattle/Texas/24-008749-003/2024(H5N1)	398	227
PB1|PP755595.1|A/cattle/Texas/24-008749-003/2024(H5N1)	399	227
PB1|PP755595.1|A/cattle/Texas/24-008749-003/2024(H5N1)	400	227
PB1|PP755595.1|A/cattle/Texas/24-008749-003/2024(H5N1)	401	225
PB1|PP755595.1|A/cattle/Texas/24-008749-003/2024(H5N1)	402	225
PB1|PP755595.1|A/cattle/Texas/24-008749-003/2024(H5N1)	403	225
PB1|PP755595.1|A/cattle/Texas/24-008749-003/2024(H5N1)	404	225
PB1|PP755595.1|A/cattle/Texas/24-008749-003/2024(H5N1)	405	224
PB1|PP755595.1|A/cattle/Texas/24-008749-003/2024(H5N1)	406	224
PB1|PP755595.1|A/cattle/Texas/24-008749-003/2024(H5N1)	407	221
PB1|PP755595.1|A/cattle/Texas/24-008749-003/2024(H5N1)	408	221
PB1|PP755595.1|A/cattle/Texas/24-008749-003/2024(H5N1)	409	220
PB1|PP755595.1|A/cattle/Texas/24-008749-003/2024(H5N1)	410	216
PB1|PP755595.1|A/cattle/Texas/24-008749-003/2024(H5N1)	411	216
PB1|PP755595.1|A/cattle/Texas/24-008749-003/2024(H5N1)	412	216
PB1|PP755595.1|A/cattle/Texas/24-008749-003/2024(H5N1)	413	216
PB1|PP755595.1|A/cattle/Texas/24-008749-003/2024(H5N1)	414	216
PB1|PP755595.1|A/cattle/Texas/24-008749-003/2024(H5N1)	415	216
PB1|PP755595.1|A/cattle/Texas/24-008749-003/2024(H5N1)	416	216
PB1|PP755595.1|A/cattle/Texas/24-008749-003/2024(H5N1)	417	216
PB1|PP755595.1|A/cattle/Texas/24-008749-003/2024(H5N1)	418	216
PB1|PP755595.1|A/cattle/Texas/24-008749-003/2024(H5N1)	419	216
PB1|PP755595.1|A/cattle/Texas/24-008749-003/2024(H5N1)	420	216
PB1|PP755595.1|A/cattle/Texas/24-008749-003/2024(H5N1)	421	213
PB1|PP755595.1|A/cattle/Texas/24-008749-003/2024(H5N1)	422	212
PB1|PP755595.1|A/cattle/Texas/24-008749-003/2024(H5N1)	423	209
PB1|PP755595.1|A/cattle/Texas/24-008749-003/2024(H5N1)	424	209
PB1|PP755595.1|A/cattle/Texas/24-008749-003/2024(H5N1)	425	209
PB1|PP755595.1|A/cattle/Texas/24-008749-003/2024(H5N1)	426	140
PB1|PP755595.1|A/cattle/Texas/24-008749-003/2024(H5N1)	427	140
PB1|PP755595.1|A/cattle/Texas/24-008749-003/2024(H5N1)	428	140
PB1|PP755595.1|A/cattle/Texas/24-008749-003/2024(H5N1)	429	140
PB1|PP755595.1|A/cattle/Texas/24-008749-003/2024(H5N1)	430	145
PB1|PP755595.1|A/cattle/Texas/24-008749-003/2024(H5N1)	431	145
PB1|PP755595.1|A/cattle/Texas/24-008749-003/2024(H5N1)	432	145
PB1|PP755595.1|A/cattle/Texas/24-008749-003/2024(H5N1)	433	146
PB1|PP755595.1|A/cattle/Texas/24-008749-003/2024(H5N1)	434	165
PB1|PP755595.1|A/cattle/Texas/24-008749-003/2024(H5N1)	435	169
PB1|PP755595.1|A/cattle/Texas/24-008749-003/2024(H5N1)	436	221
PB1|PP755595.1|A/cattle/Texas/24-008749-003/2024(H5N1)	437	245
PB1|PP755595.1|A/cattle/Texas/24-008749-003/2024(H5N1)	438	245
PB1|PP755595.1|A/cattle/Texas/24-008749-003/2024(H5N1)	439	253
PB1|PP755595.1|A/cattle/Texas/24-008749-003/2024(H5N1)	440	253
PB1|PP755595.1|A/cattle/Texas/24-008749-003/2024(H5N1)	441	253
PB1|PP755595.1|A/cattle/Texas/24-008749-003/2024(H5N1)	442	253
PB1|PP755595.1|A/cattle/Texas/24-008749-003/2024(H5N1)	443	253
PB1|PP755595.1|A/cattle/Texas/24-008749-003/2024(H5N1)	444	253
PB1|PP755595.1|A/cattle/Texas/24-008749-003/2024(H5N1)	445	254
PB1|PP755595.1|A/cattle/Texas/24-008749-003/2024(H5N1)	446	254
PB1|PP755595.1|A/cattle/Texas/24-008749-003/2024(H5N1)	447	252
PB1|PP755595.1|A/cattle/Texas/24-008749-003/2024(H5N1)	448	252
PB1|PP755595.1|A/cattle/Texas/24-008749-003/2024(H5N1)	449	254
PB1|PP755595.1|A/cattle/Texas/24-008749-003/2024(H5N1)	450	255
PB1|PP755595.1|A/cattle/Texas/24-008749-003/2024(H5N1)	451	256
PB1|PP755595.1|A/cattle/Texas/24-008749-003/2024(H5N1)	452	258
PB1|PP755595.1|A/cattle/Texas/24-008749-003/2024(H5N1)	453	258
PB1|PP755595.1|A/cattle/Texas/24-008749-003/2024(H5N1)	454	256
PB1|PP755595.1|A/cattle/Texas/24-008749-003/2024(H5N1)	455	256
PB1|PP755595.1|A/cattle/Texas/24-008749-003/2024(H5N1)	456	251
PB1|PP755595.1|A/cattle/Texas/24-008749-003/2024(H5N1)	457	251
PB1|PP755595.1|A/cattle/Texas/24-008749-003/2024(H5N1)	458	251
PB1|PP755595.1|A/cattle/Texas/24-008749-003/2024(H5N1)	459	251
PB1|PP755595.1|A/cattle/Texas/24-008749-003/2024(H5N1)	460	247
PB1|PP755595.1|A/cattle/Texas/24-008749-003/2024(H5N1)	461	269
PB1|PP755595.1|A/cattle/Texas/24-008749-003/2024(H5N1)	462	264
PB1|PP755595.1|A/cattle/Texas/24-008749-003/2024(H5N1)	463	265
PB1|PP755595.1|A/cattle/Texas/24-008749-003/2024(H5N1)	464	266
PB1|PP755595.1|A/cattle/Texas/24-008749-003/2024(H5N1)	465	266
PB1|PP755595.1|A/cattle/Texas/24-008749-003/2024(H5N1)	466	268
PB1|PP755595.1|A/cattle/Texas/24-008749-003/2024(H5N1)	467	269
PB1|PP755595.1|A/cattle/Texas/24-008749-003/2024(H5N1)	468	267
PB1|PP755595.1|A/cattle/Texas/24-008749-003/2024(H5N1)	469	268
PB1|PP755595.1|A/cattle/Texas/24-008749-003/2024(H5N1)	470	257
PB1|PP755595.1|A/cattle/Texas/24-008749-003/2024(H5N1)	471	258
PB1|PP755595.1|A/cattle/Texas/24-008749-003/2024(H5N1)	472	258
PB1|PP755595.1|A/cattle/Texas/24-008749-003/2024(H5N1)	473	258
PB1|PP755595.1|A/cattle/Texas/24-008749-003/2024(H5N1)	474	261
PB1|PP755595.1|A/cattle/Texas/24-008749-003/2024(H5N1)	475	263
PB1|PP755595.1|A/cattle/Texas/24-008749-003/2024(H5N1)	476	263
PB1|PP755595.1|A/cattle/Texas/24-008749-003/2024(H5N1)	477	262
PB1|PP755595.1|A/cattle/Texas/24-008749-003/2024(H5N1)	478	261
PB1|PP755595.1|A/cattle/Texas/24-008749-003/2024(H5N1)	479	257
PB1|PP755595.1|A/cattle/Texas/24-008749-003/2024(H5N1)	480	252
PB1|PP755595.1|A/cattle/Texas/24-008749-003/2024(H5N1)	481	251
PB1|PP755595.1|A/cattle/Texas/24-008749-003/2024(H5N1)	482	251
PB1|PP755595.1|A/cattle/Texas/24-008749-003/2024(H5N1)	483	251
PB1|PP755595.1|A/cattle/Texas/24-008749-003/2024(H5N1)	484	251
PB1|PP755595.1|A/cattle/Texas/24-008749-003/2024(H5N1)	485	256
PB1|PP755595.1|A/cattle/Texas/24-008749-003/2024(H5N1)	486	261
PB1|PP755595.1|A/cattle/Texas/24-008749-003/2024(H5N1)	487	268
PB1|PP755595.1|A/cattle/Texas/24-008749-003/2024(H5N1)	488	268
PB1|PP755595.1|A/cattle/Texas/24-008749-003/2024(H5N1)	489	271
PB1|PP755595.1|A/cattle/Texas/24-008749-003/2024(H5N1)	490	275
PB1|PP755595.1|A/cattle/Texas/24-008749-003/2024(H5N1)	491	275
PB1|PP755595.1|A/cattle/Texas/24-008749-003/2024(H5N1)	492	275
PB1|PP755595.1|A/cattle/Texas/24-008749-003/2024(H5N1)	493	276
PB1|PP755595.1|A/cattle/Texas/24-008749-003/2024(H5N1)	494	268
PB1|PP755595.1|A/cattle/Texas/24-008749-003/2024(H5N1)	495	272
PB1|PP755595.1|A/cattle/Texas/24-008749-003/2024(H5N1)	496	267
PB1|PP755595.1|A/cattle/Texas/24-008749-003/2024(H5N1)	497	268
PB1|PP755595.1|A/cattle/Texas/24-008749-003/2024(H5N1)	498	275
PB1|PP755595.1|A/cattle/Texas/24-008749-003/2024(H5N1)	499	275
PB1|PP755595.1|A/cattle/Texas/24-008749-003/2024(H5N1)	500	278
PB1|PP755595.1|A/cattle/Texas/24-008749-003/2024(H5N1)	501	279
PB1|PP755595.1|A/cattle/Texas/24-008749-003/2024(H5N1)	502	279
PB1|PP755595.1|A/cattle/Texas/24-008749-003/2024(H5N1)	503	278
PB1|PP755595.1|A/cattle/Texas/24-008749-003/2024(H5N1)	504	277
PB1|PP755595.1|A/cattle/Texas/24-008749-003/2024(H5N1)	505	287
PB1|PP755595.1|A/cattle/Texas/24-008749-003/2024(H5N1)	506	284
PB1|PP755595.1|A/cattle/Texas/24-008749-003/2024(H5N1)	507	275
PB1|PP755595.1|A/cattle/Texas/24-008749-003/2024(H5N1)	508	280
PB1|PP755595.1|A/cattle/Texas/24-008749-003/2024(H5N1)	509	281
PB1|PP755595.1|A/cattle/Texas/24-008749-003/2024(H5N1)	510	280
PB1|PP755595.1|A/cattle/Texas/24-008749-003/2024(H5N1)	511	280
PB1|PP755595.1|A/cattle/Texas/24-008749-003/2024(H5N1)	512	280
PB1|PP755595.1|A/cattle/Texas/24-008749-003/2024(H5N1)	513	278
PB1|PP755595.1|A/cattle/Texas/24-008749-003/2024(H5N1)	514	274
PB1|PP755595.1|A/cattle/Texas/24-008749-003/2024(H5N1)	515	275
PB1|PP755595.1|A/cattle/Texas/24-008749-003/2024(H5N1)	516	276
PB1|PP755595.1|A/cattle/Texas/24-008749-003/2024(H5N1)	517	270
PB1|PP755595.1|A/cattle/Texas/24-008749-003/2024(H5N1)	518	270
PB1|PP755595.1|A/cattle/Texas/24-008749-003/2024(H5N1)	519	269
PB1|PP755595.1|A/cattle/Texas/24-008749-003/2024(H5N1)	520	271
PB1|PP755595.1|A/cattle/Texas/24-008749-003/2024(H5N1)	521	271
PB1|PP755595.1|A/cattle/Texas/24-008749-003/2024(H5N1)	522	269
PB1|PP755595.1|A/cattle/Texas/24-008749-003/2024(H5N1)	523	270
PB1|PP755595.1|A/cattle/Texas/24-008749-003/2024(H5N1)	524	268
PB1|PP755595.1|A/cattle/Texas/24-008749-003/2024(H5N1)	525	272
PB1|PP755595.1|A/cattle/Texas/24-008749-003/2024(H5N1)	526	272
PB1|PP755595.1|A/cattle/Texas/24-008749-003/2024(H5N1)	527	263
PB1|PP755595.1|A/cattle/Texas/24-008749-003/2024(H5N1)	528	263
PB1|PP755595.1|A/cattle/Texas/24-008749-003/2024(H5N1)	529	263
PB1|PP755595.1|A/cattle/Texas/24-008749-003/2024(H5N1)	530	275
PB1|PP755595.1|A/cattle/Texas/24-008749-003/2024(H5N1)	531	269
PB1|PP755595.1|A/cattle/Texas/24-008749-003/2024(H5N1)	532	268
PB1|PP755595.1|A/cattle/Texas/24-008749-003/2024(H5N1)	533	268
PB1|PP755595.1|A/cattle/Texas/24-008749-003/2024(H5N1)	534	267
PB1|PP755595.1|A/cattle/Texas/24-008749-003/2024(H5N1)	535	267
PB1|PP755595.1|A/cattle/Texas/24-008749-003/2024(H5N1)	536	267
PB1|PP755595.1|A/cattle/Texas/24-008749-003/2024(H5N1)	537	264
PB1|PP755595.1|A/cattle/Texas/24-008749-003/2024(H5N1)	538	262
PB1|PP755595.1|A/cattle/Texas/24-008749-003/2024(H5N1)	539	263
PB1|PP755595.1|A/cattle/Texas/24-008749-003/2024(H5N1)	540	263
PB1|PP755595.1|A/cattle/Texas/24-008749-003/2024(H5N1)	541	264
PB1|PP755595.1|A/cattle/Texas/24-008749-003/2024(H5N1)	542	270
PB1|PP755595.1|A/cattle/Texas/24-008749-003/2024(H5N1)	543	270
PB1|PP755595.1|A/cattle/Texas/24-008749-003/2024(H5N1)	544	270
PB1|PP755595.1|A/cattle/Texas/24-008749-003/2024(H5N1)	545	272
PB1|PP755595.1|A/cattle/Texas/24-008749-003/2024(H5N1)	546	268
PB1|PP755595.1|A/cattle/Texas/24-008749-003/2024(H5N1)	547	270
PB1|PP755595.1|A/cattle/Texas/24-008749-003/2024(H5N1)	548	271
PB1|PP755595.1|A/cattle/Texas/24-008749-003/2024(H5N1)	549	273
PB1|PP755595.1|A/cattle/Texas/24-008749-003/2024(H5N1)	550	273
PB1|PP755595.1|A/cattle/Texas/24-008749-003/2024(H5N1)	551	270
PB1|PP755595.1|A/cattle/Texas/24-008749-003/2024(H5N1)	552	271
PB1|PP755595.1|A/cattle/Texas/24-008749-003/2024(H5N1)	553	271
PB1|PP755595.1|A/cattle/Texas/24-008749-003/2024(H5N1)	554	271
PB1|PP755595.1|A/cattle/Texas/24-008749-003/2024(H5N1)	555	271
PB1|PP755595.1|A/cattle/Texas/24-008749-003/2024(H5N1)	556	271
PB1|PP755595.1|A/cattle/Texas/24-008749-003/2024(H5N1)	557	267
PB1|PP755595.1|A/cattle/Texas/24-008749-003/2024(H5N1)	558	242
PB1|PP755595.1|A/cattle/Texas/24-008749-003/2024(H5N1)	559	243
PB1|PP755595.1|A/cattle/Texas/24-008749-003/2024(H5N1)	560	243
PB1|PP755595.1|A/cattle/Texas/24-008749-003/2024(H5N1)	561	242
PB1|PP755595.1|A/cattle/Texas/24-008749-003/2024(H5N1)	562	247
PB1|PP755595.1|A/cattle/Texas/24-008749-003/2024(H5N1)	563	248
PB1|PP755595.1|A/cattle/Texas/24-008749-003/2024(H5N1)	564	247
PB1|PP755595.1|A/cattle/Texas/24-008749-003/2024(H5N1)	565	250
PB1|PP755595.1|A/cattle/Texas/24-008749-003/2024(H5N1)	566	255
PB1|PP755595.1|A/cattle/Texas/24-008749-003/2024(H5N1)	567	255
PB1|PP755595.1|A/cattle/Texas/24-008749-003/2024(H5N1)	568	255
PB1|PP755595.1|A/cattle/Texas/24-008749-003/2024(H5N1)	569	257
PB1|PP755595.1|A/cattle/Texas/24-008749-003/2024(H5N1)	570	258
PB1|PP755595.1|A/cattle/Texas/24-008749-003/2024(H5N1)	571	261
PB1|PP755595.1|A/cattle/Texas/24-008749-003/2024(H5N1)	572	260
PB1|PP755595.1|A/cattle/Texas/24-008749-003/2024(H5N1)	573	260
PB1|PP755595.1|A/cattle/Texas/24-008749-003/2024(H5N1)	574	260
PB1|PP755595.1|A/cattle/Texas/24-008749-003/2024(H5N1)	575	263
PB1|PP755595.1|A/cattle/Texas/24-008749-003/2024(H5N1)	576	274
PB1|PP755595.1|A/cattle/Texas/24-008749-003/2024(H5N1)	577	280
PB1|PP755595.1|A/cattle/Texas/24-008749-003/2024(H5N1)	578	280
PB1|PP755595.1|A/cattle/Texas/24-008749-003/2024(H5N1)	579	272
PB1|PP755595.1|A/cattle/Texas/24-008749-003/2024(H5N1)	580	270
PB1|PP755595.1|A/cattle/Texas/24-008749-003/2024(H5N1)	581	271
PB1|PP755595.1|A/cattle/Texas/24-008749-003/2024(H5N1)	582	271
PB1|PP755595.1|A/cattle/Texas/24-008749-003/2024(H5N1)	583	271
PB1|PP755595.1|A/cattle/Texas/24-008749-003/2024(H5N1)	584	270
PB1|PP755595.1|A/cattle/Texas/24-008749-003/2024(H5N1)	585	252
PB1|PP755595.1|A/cattle/Texas/24-008749-003/2024(H5N1)	586	257
PB1|PP755595.1|A/cattle/Texas/24-008749-003/2024(H5N1)	587	239
PB1|PP755595.1|A/cattle/Texas/24-008749-003/2024(H5N1)	588	236
PB1|PP755595.1|A/cattle/Texas/24-008749-003/2024(H5N1)	589	238
PB1|PP755595.1|A/cattle/Texas/24-008749-003/2024(H5N1)	590	235
PB1|PP755595.1|A/cattle/Texas/24-008749-003/2024(H5N1)	591	235
PB1|PP755595.1|A/cattle/Texas/24-008749-003/2024(H5N1)	592	235
PB1|PP755595.1|A/cattle/Texas/24-008749-003/2024(H5N1)	593	235
PB1|PP755595.1|A/cattle/Texas/24-008749-003/2024(H5N1)	594	240
PB1|PP755595.1|A/cattle/Texas/24-008749-003/2024(H5N1)	595	240
PB1|PP755595.1|A/cattle/Texas/24-008749-003/2024(H5N1)	596	243
PB1|PP755595.1|A/cattle/Texas/24-008749-003/2024(H5N1)	597	242
PB1|PP755595.1|A/cattle/Texas/24-008749-003/2024(H5N1)	598	239
PB1|PP755595.1|A/cattle/Texas/24-008749-003/2024(H5N1)	599	239
PB1|PP755595.1|A/cattle/Texas/24-008749-003/2024(H5N1)	600	237
PB1|PP755595.1|A/cattle/Texas/24-008749-003/2024(H5N1)	601	237
PB1|PP755595.1|A/cattle/Texas/24-008749-003/2024(H5N1)	602	234
PB1|PP755595.1|A/cattle/Texas/24-008749-003/2024(H5N1)	603	233
PB1|PP755595.1|A/cattle/Texas/24-008749-003/2024(H5N1)	604	233
PB1|PP755595.1|A/cattle/Texas/24-008749-003/2024(H5N1)	605	233
PB1|PP755595.1|A/cattle/Texas/24-008749-003/2024(H5N1)	606	231
PB1|PP755595.1|A/cattle/Texas/24-008749-003/2024(H5N1)	607	200
PB1|PP755595.1|A/cattle/Texas/24-008749-003/2024(H5N1)	608	200
PB1|PP755595.1|A/cattle/Texas/24-008749-003/2024(H5N1)	609	200
PB1|PP755595.1|A/cattle/Texas/24-008749-003/2024(H5N1)	610	200
PB1|PP755595.1|A/cattle/Texas/24-008749-003/2024(H5N1)	611	198
PB1|PP755595.1|A/cattle/Texas/24-008749-003/2024(H5N1)	612	198
PB1|PP755595.1|A/cattle/Texas/24-008749-003/2024(H5N1)	613	227
PB1|PP755595.1|A/cattle/Texas/24-008749-003/2024(H5N1)	614	227
PB1|PP755595.1|A/cattle/Texas/24-008749-003/2024(H5N1)	615	227
PB1|PP755595.1|A/cattle/Texas/24-008749-003/2024(H5N1)	616	227
PB1|PP755595.1|A/cattle/Texas/24-008749-003/2024(H5N1)	617	227
PB1|PP755595.1|A/cattle/Texas/24-008749-003/2024(H5N1)	618	226
PB1|PP755595.1|A/cattle/Texas/24-008749-003/2024(H5N1)	619	226
PB1|PP755595.1|A/cattle/Texas/24-008749-003/2024(H5N1)	620	223
PB1|PP755595.1|A/cattle/Texas/24-008749-003/2024(H5N1)	621	228
PB1|PP755595.1|A/cattle/Texas/24-008749-003/2024(H5N1)	622	230
PB1|PP755595.1|A/cattle/Texas/24-008749-003/2024(H5N1)	623	230
PB1|PP755595.1|A/cattle/Texas/24-008749-003/2024(H5N1)	624	230
PB1|PP755595.1|A/cattle/Texas/24-008749-003/2024(H5N1)	625	228
PB1|PP755595.1|A/cattle/Texas/24-008749-003/2024(H5N1)	626	226
PB1|PP755595.1|A/cattle/Texas/24-008749-003/2024(H5N1)	627	226
PB1|PP755595.1|A/cattle/Texas/24-008749-003/2024(H5N1)	628	226
PB1|PP755595.1|A/cattle/Texas/24-008749-003/2024(H5N1)	629	224
PB1|PP755595.1|A/cattle/Texas/24-008749-003/2024(H5N1)	630	224
PB1|PP755595.1|A/cattle/Texas/24-008749-003/2024(H5N1)	631	221
PB1|PP755595.1|A/cattle/Texas/24-008749-003/2024(H5N1)	632	221
PB1|PP755595.1|A/cattle/Texas/24-008749-003/2024(H5N1)	633	204
PB1|PP755595.1|A/cattle/Texas/24-008749-003/2024(H5N1)	634	199
PB1|PP755595.1|A/cattle/Texas/24-008749-003/2024(H5N1)	635	199
PB1|PP755595.1|A/cattle/Texas/24-008749-003/2024(H5N1)	636	199
PB1|PP755595.1|A/cattle/Texas/24-008749-003/2024(H5N1)	637	199
PB1|PP755595.1|A/cattle/Texas/24-008749-003/2024(H5N1)	638	199
PB1|PP755595.1|A/cattle/Texas/24-008749-003/2024(H5N1)	639	198
PB1|PP755595.1|A/cattle/Texas/24-008749-003/2024(H5N1)	640	198
PB1|PP755595.1|A/cattle/Texas/24-008749-003/2024(H5N1)	641	195
PB1|PP755595.1|A/cattle/Texas/24-008749-003/2024(H5N1)	642	195
PB1|PP755595.1|A/cattle/Texas/24-008749-003/2024(H5N1)	643	195
PB1|PP755595.1|A/cattle/Texas/24-008749-003/2024(H5N1)	644	195
PB1|PP755595.1|A/cattle/Texas/24-008749-003/2024(H5N1)	645	195
PB1|PP755595.1|A/cattle/Texas/24-008749-003/2024(H5N1)	646	191
PB1|PP755595.1|A/cattle/Texas/24-008749-003/2024(H5N1)	647	191
PB1|PP755595.1|A/cattle/Texas/24-008749-003/2024(H5N1)	648	186
PB1|PP755595.1|A/cattle/Texas/24-008749-003/2024(H5N1)	649	185
PB1|PP755595.1|A/cattle/Texas/24-008749-003/2024(H5N1)	650	185
PB1|PP755595.1|A/cattle/Texas/24-008749-003/2024(H5N1)	651	154
PB1|PP755595.1|A/cattle/Texas/24-008749-003/2024(H5N1)	652	154
PB1|PP755595.1|A/cattle/Texas/24-008749-003/2024(H5N1)	653	154
PB1|PP755595.1|A/cattle/Texas/24-008749-003/2024(H5N1)	654	154
PB1|PP755595.1|A/cattle/Texas/24-008749-003/2024(H5N1)	655	184
PB1|PP755595.1|A/cattle/Texas/24-008749-003/2024(H5N1)	656	184
PB1|PP755595.1|A/cattle/Texas/24-008749-003/2024(H5N1)	657	184
PB1|PP755595.1|A/cattle/Texas/24-008749-003/2024(H5N1)	658	184
PB1|PP755595.1|A/cattle/Texas/24-008749-003/2024(H5N1)	659	186
PB1|PP755595.1|A/cattle/Texas/24-008749-003/2024(H5N1)	660	186
PB1|PP755595.1|A/cattle/Texas/24-008749-003/2024(H5N1)	661	186
PB1|PP755595.1|A/cattle/Texas/24-008749-003/2024(H5N1)	662	186
PB1|PP755595.1|A/cattle/Texas/24-008749-003/2024(H5N1)	663	186
PB1|PP755595.1|A/cattle/Texas/24-008749-003/2024(H5N1)	664	183
PB1|PP755595.1|A/cattle/Texas/24-008749-003/2024(H5N1)	665	195
PB1|PP755595.1|A/cattle/Texas/24-008749-003/2024(H5N1)	666	195
PB1|PP755595.1|A/cattle/Texas/24-008749-003/2024(H5N1)	667	200
PB1|PP755595.1|A/cattle/Texas/24-008749-003/2024(H5N1)	668	202
PB1|PP755595.1|A/cattle/Texas/24-008749-003/2024(H5N1)	669	203
PB1|PP755595.1|A/cattle/Texas/24-008749-003/2024(H5N1)	670	203
PB1|PP755595.1|A/cattle/Texas/24-008749-003/2024(H5N1)	671	203
PB1|PP755595.1|A/cattle/Texas/24-008749-003/2024(H5N1)	672	203
PB1|PP755595.1|A/cattle/Texas/24-008749-003/2024(H5N1)	673	201
PB1|PP755595.1|A/cattle/Texas/24-008749-003/2024(H5N1)	674	201
PB1|PP755595.1|A/cattle/Texas/24-008749-003/2024(H5N1)	675	201
PB1|PP755595.1|A/cattle/Texas/24-008749-003/2024(H5N1)	676	214
PB1|PP755595.1|A/cattle/Texas/24-008749-003/2024(H5N1)	677	214
PB1|PP755595.1|A/cattle/Texas/24-008749-003/2024(H5N1)	678	212
PB1|PP755595.1|A/cattle/Texas/24-008749-003/2024(H5N1)	679	212
PB1|PP755595.1|A/cattle/Texas/24-008749-003/2024(H5N1)	680	210
PB1|PP755595.1|A/cattle/Texas/24-008749-003/2024(H5N1)	681	197
PB1|PP755595.1|A/cattle/Texas/24-008749-003/2024(H5N1)	682	197
PB1|PP755595.1|A/cattle/Texas/24-008749-003/2024(H5N1)	683	196
PB1|PP755595.1|A/cattle/Texas/24-008749-003/2024(H5N1)	684	196
PB1|PP755595.1|A/cattle/Texas/24-008749-003/2024(H5N1)	685	196
PB1|PP755595.1|A/cattle/Texas/24-008749-003/2024(H5N1)	686	196
PB1|PP755595.1|A/cattle/Texas/24-008749-003/2024(H5N1)	687	195
PB1|PP755595.1|A/cattle/Texas/24-008749-003/2024(H5N1)	688	194
PB1|PP755595.1|A/cattle/Texas/24-008749-003/2024(H5N1)	689	194
PB1|PP755595.1|A/cattle/Texas/24-008749-003/2024(H5N1)	690	193
PB1|PP755595.1|A/cattle/Texas/24-008749-003/2024(H5N1)	691	193
PB1|PP755595.1|A/cattle/Texas/24-008749-003/2024(H5N1)	692	186
PB1|PP755595.1|A/cattle/Texas/24-008749-003/2024(H5N1)	693	186
PB1|PP755595.1|A/cattle/Texas/24-008749-003/2024(H5N1)	694	196
PB1|PP755595.1|A/cattle/Texas/24-008749-003/2024(H5N1)	695	197
PB1|PP755595.1|A/cattle/Texas/24-008749-003/2024(H5N1)	696	194
PB1|PP755595.1|A/cattle/Texas/24-008749-003/2024(H5N1)	697	194
PB1|PP755595.1|A/cattle/Texas/24-008749-003/2024(H5N1)	698	192
PB1|PP755595.1|A/cattle/Texas/24-008749-003/2024(H5N1)	699	191
PB1|PP755595.1|A/cattle/Texas/24-008749-003/2024(H5N1)	700	189
PB1|PP755595.1|A/cattle/Texas/24-008749-003/2024(H5N1)	701	189
PB1|PP755595.1|A/cattle/Texas/24-008749-003/2024(H5N1)	702	186
PB1|PP755595.1|A/cattle/Texas/24-008749-003/2024(H5N1)	703	186
PB1|PP755595.1|A/cattle/Texas/24-008749-003/2024(H5N1)	704	186
PB1|PP755595.1|A/cattle/Texas/24-008749-003/2024(H5N1)	705	185
PB1|PP755595.1|A/cattle/Texas/24-008749-003/2024(H5N1)	706	185
PB1|PP755595.1|A/cattle/Texas/24-008749-003/2024(H5N1)	707	185
PB1|PP755595.1|A/cattle/Texas/24-008749-003/2024(H5N1)	708	184
PB1|PP755595.1|A/cattle/Texas/24-008749-003/2024(H5N1)	709	190
PB1|PP755595.1|A/cattle/Texas/24-008749-003/2024(H5N1)	710	188
PB1|PP755595.1|A/cattle/Texas/24-008749-003/2024(H5N1)	711	188
PB1|PP755595.1|A/cattle/Texas/24-008749-003/2024(H5N1)	712	183
PB1|PP755595.1|A/cattle/Texas/24-008749-003/2024(H5N1)	713	182
PB1|PP755595.1|A/cattle/Texas/24-008749-003/2024(H5N1)	714	182
PB1|PP755595.1|A/cattle/Texas/24-008749-003/2024(H5N1)	715	177
PB1|PP755595.1|A/cattle/Texas/24-008749-003/2024(H5N1)	716	177
PB1|PP755595.1|A/cattle/Texas/24-008749-003/2024(H5N1)	717	172
PB1|PP755595.1|A/cattle/Texas/24-008749-003/2024(H5N1)	718	172
PB1|PP755595.1|A/cattle/Texas/24-008749-003/2024(H5N1)	719	169
PB1|PP755595.1|A/cattle/Texas/24-008749-003/2024(H5N1)	720	169
PB1|PP755595.1|A/cattle/Texas/24-008749-003/2024(H5N1)	721	172
PB1|PP755595.1|A/cattle/Texas/24-008749-003/2024(H5N1)	722	173
PB1|PP755595.1|A/cattle/Texas/24-008749-003/2024(H5N1)	723	173
PB1|PP755595.1|A/cattle/Texas/24-008749-003/2024(H5N1)	724	173
PB1|PP755595.1|A/cattle/Texas/24-008749-003/2024(H5N1)	725	168
PB1|PP755595.1|A/cattle/Texas/24-008749-003/2024(H5N1)	726	163
PB1|PP755595.1|A/cattle/Texas/24-008749-003/2024(H5N1)	727	157
PB1|PP755595.1|A/cattle/Texas/24-008749-003/2024(H5N1)	728	157
PB1|PP755595.1|A/cattle/Texas/24-008749-003/2024(H5N1)	729	157
PB1|PP755595.1|A/cattle/Texas/24-008749-003/2024(H5N1)	730	156
PB1|PP755595.1|A/cattle/Texas/24-008749-003/2024(H5N1)	731	151
PB1|PP755595.1|A/cattle/Texas/24-008749-003/2024(H5N1)	732	116
PB1|PP755595.1|A/cattle/Texas/24-008749-003/2024(H5N1)	733	116
PB1|PP755595.1|A/cattle/Texas/24-008749-003/2024(H5N1)	734	116
PB1|PP755595.1|A/cattle/Texas/24-008749-003/2024(H5N1)	735	116
PB1|PP755595.1|A/cattle/Texas/24-008749-003/2024(H5N1)	736	116
PB1|PP755595.1|A/cattle/Texas/24-008749-003/2024(H5N1)	737	116
PB1|PP755595.1|A/cattle/Texas/24-008749-003/2024(H5N1)	738	118
PB1|PP755595.1|A/cattle/Texas/24-008749-003/2024(H5N1)	739	118
PB1|PP755595.1|A/cattle/Texas/24-008749-003/2024(H5N1)	740	118
PB1|PP755595.1|A/cattle/Texas/24-008749-003/2024(H5N1)	741	118
PB1|PP755595.1|A/cattle/Texas/24-008749-003/2024(H5N1)	742	118
PB1|PP755595.1|A/cattle/Texas/24-008749-003/2024(H5N1)	743	118
PB1|PP755595.1|A/cattle/Texas/24-008749-003/2024(H5N1)	744	118
PB1|PP755595.1|A/cattle/Texas/24-008749-003/2024(H5N1)	745	161
PB1|PP755595.1|A/cattle/Texas/24-008749-003/2024(H5N1)	746	161
PB1|PP755595.1|A/cattle/Texas/24-008749-003/2024(H5N1)	747	161
PB1|PP755595.1|A/cattle/Texas/24-008749-003/2024(H5N1)	748	161
PB1|PP755595.1|A/cattle/Texas/24-008749-003/2024(H5N1)	749	161
PB1|PP755595.1|A/cattle/Texas/24-008749-003/2024(H5N1)	750	161
PB1|PP755595.1|A/cattle/Texas/24-008749-003/2024(H5N1)	751	174
PB1|PP755595.1|A/cattle/Texas/24-008749-003/2024(H5N1)	752	180
PB1|PP755595.1|A/cattle/Texas/24-008749-003/2024(H5N1)	753	181
PB1|PP755595.1|A/cattle/Texas/24-008749-003/2024(H5N1)	754	181
PB1|PP755595.1|A/cattle/Texas/24-008749-003/2024(H5N1)	755	185
PB1|PP755595.1|A/cattle/Texas/24-008749-003/2024(H5N1)	756	185
PB1|PP755595.1|A/cattle/Texas/24-008749-003/2024(H5N1)	757	185
PB1|PP755595.1|A/cattle/Texas/24-008749-003/2024(H5N1)	758	183
PB1|PP755595.1|A/cattle/Texas/24-008749-003/2024(H5N1)	759	179
PB1|PP755595.1|A/cattle/Texas/24-008749-003/2024(H5N1)	760	171
PB1|PP755595.1|A/cattle/Texas/24-008749-003/2024(H5N1)	761	171
PB1|PP755595.1|A/cattle/Texas/24-008749-003/2024(H5N1)	762	169
PB1|PP755595.1|A/cattle/Texas/24-008749-003/2024(H5N1)	763	169
PB1|PP755595.1|A/cattle/Texas/24-008749-003/2024(H5N1)	764	169
PB1|PP755595.1|A/cattle/Texas/24-008749-003/2024(H5N1)	765	169
PB1|PP755595.1|A/cattle/Texas/24-008749-003/2024(H5N1)	766	169
PB1|PP755595.1|A/cattle/Texas/24-008749-003/2024(H5N1)	767	169
PB1|PP755595.1|A/cattle/Texas/24-008749-003/2024(H5N1)	768	169
PB1|PP755595.1|A/cattle/Texas/24-008749-003/2024(H5N1)	769	169
PB1|PP755595.1|A/cattle/Texas/24-008749-003/2024(H5N1)	770	169
PB1|PP755595.1|A/cattle/Texas/24-008749-003/2024(H5N1)	771	168
PB1|PP755595.1|A/cattle/Texas/24-008749-003/2024(H5N1)	772	152
PB1|PP755595.1|A/cattle/Texas/24-008749-003/2024(H5N1)	773	153
PB1|PP755595.1|A/cattle/Texas/24-008749-003/2024(H5N1)	774	153
PB1|PP755595.1|A/cattle/Texas/24-008749-003/2024(H5N1)	775	177
PB1|PP755595.1|A/cattle/Texas/24-008749-003/2024(H5N1)	776	178
PB1|PP755595.1|A/cattle/Texas/24-008749-003/2024(H5N1)	777	182
PB1|PP755595.1|A/cattle/Texas/24-008749-003/2024(H5N1)	778	183
PB1|PP755595.1|A/cattle/Texas/24-008749-003/2024(H5N1)	779	183
PB1|PP755595.1|A/cattle/Texas/24-008749-003/2024(H5N1)	780	188
PB1|PP755595.1|A/cattle/Texas/24-008749-003/2024(H5N1)	781	188
PB1|PP755595.1|A/cattle/Texas/24-008749-003/2024(H5N1)	782	188
PB1|PP755595.1|A/cattle/Texas/24-008749-003/2024(H5N1)	783	182
PB1|PP755595.1|A/cattle/Texas/24-008749-003/2024(H5N1)	784	182
PB1|PP755595.1|A/cattle/Texas/24-008749-003/2024(H5N1)	785	182
PB1|PP755595.1|A/cattle/Texas/24-008749-003/2024(H5N1)	786	180
PB1|PP755595.1|A/cattle/Texas/24-008749-003/2024(H5N1)	787	180
PB1|PP755595.1|A/cattle/Texas/24-008749-003/2024(H5N1)	788	180
PB1|PP755595.1|A/cattle/Texas/24-008749-003/2024(H5N1)	789	180
PB1|PP755595.1|A/cattle/Texas/24-008749-003/2024(H5N1)	790	180
PB1|PP755595.1|A/cattle/Texas/24-008749-003/2024(H5N1)	791	180
PB1|PP755595.1|A/cattle/Texas/24-008749-003/2024(H5N1)	792	179
PB1|PP755595.1|A/cattle/Texas/24-008749-003/2024(H5N1)	793	183
PB1|PP755595.1|A/cattle/Texas/24-008749-003/2024(H5N1)	794	183
PB1|PP755595.1|A/cattle/Texas/24-008749-003/2024(H5N1)	795	183
PB1|PP755595.1|A/cattle/Texas/24-008749-003/2024(H5N1)	796	184
PB1|PP755595.1|A/cattle/Texas/24-008749-003/2024(H5N1)	797	184
PB1|PP755595.1|A/cattle/Texas/24-008749-003/2024(H5N1)	798	184
PB1|PP755595.1|A/cattle/Texas/24-008749-003/2024(H5N1)	799	184
PB1|PP755595.1|A/cattle/Texas/24-008749-003/2024(H5N1)	800	184
PB1|PP755595.1|A/cattle/Texas/24-008749-003/2024(H5N1)	801	176
PB1|PP755595.1|A/cattle/Texas/24-008749-003/2024(H5N1)	802	176
PB1|PP755595.1|A/cattle/Texas/24-008749-003/2024(H5N1)	803	178
PB1|PP755595.1|A/cattle/Texas/24-008749-003/2024(H5N1)	804	179
PB1|PP755595.1|A/cattle/Texas/24-008749-003/2024(H5N1)	805	179
PB1|PP755595.1|A/cattle/Texas/24-008749-003/2024(H5N1)	806	179
PB1|PP755595.1|A/cattle/Texas/24-008749-003/2024(H5N1)	807	178
PB1|PP755595.1|A/cattle/Texas/24-008749-003/2024(H5N1)	808	181
PB1|PP755595.1|A/cattle/Texas/24-008749-003/2024(H5N1)	809	181
PB1|PP755595.1|A/cattle/Texas/24-008749-003/2024(H5N1)	810	181
PB1|PP755595.1|A/cattle/Texas/24-008749-003/2024(H5N1)	811	176
PB1|PP755595.1|A/cattle/Texas/24-008749-003/2024(H5N1)	812	174
PB1|PP755595.1|A/cattle/Texas/24-008749-003/2024(H5N1)	813	173
PB1|PP755595.1|A/cattle/Texas/24-008749-003/2024(H5N1)	814	172
PB1|PP755595.1|A/cattle/Texas/24-008749-003/2024(H5N1)	815	180
PB1|PP755595.1|A/cattle/Texas/24-008749-003/2024(H5N1)	816	170
PB1|PP755595.1|A/cattle/Texas/24-008749-003/2024(H5N1)	817	174
PB1|PP755595.1|A/cattle/Texas/24-008749-003/2024(H5N1)	818	175
PB1|PP755595.1|A/cattle/Texas/24-008749-003/2024(H5N1)	819	175
PB1|PP755595.1|A/cattle/Texas/24-008749-003/2024(H5N1)	820	175
PB1|PP755595.1|A/cattle/Texas/24-008749-003/2024(H5N1)	821	182
PB1|PP755595.1|A/cattle/Texas/24-008749-003/2024(H5N1)	822	181
PB1|PP755595.1|A/cattle/Texas/24-008749-003/2024(H5N1)	823	175
PB1|PP755595.1|A/cattle/Texas/24-008749-003/2024(H5N1)	824	181
PB1|PP755595.1|A/cattle/Texas/24-008749-003/2024(H5N1)	825	178
PB1|PP755595.1|A/cattle/Texas/24-008749-003/2024(H5N1)	826	178
PB1|PP755595.1|A/cattle/Texas/24-008749-003/2024(H5N1)	827	179
PB1|PP755595.1|A/cattle/Texas/24-008749-003/2024(H5N1)	828	179
PB1|PP755595.1|A/cattle/Texas/24-008749-003/2024(H5N1)	829	180
PB1|PP755595.1|A/cattle/Texas/24-008749-003/2024(H5N1)	830	180
PB1|PP755595.1|A/cattle/Texas/24-008749-003/2024(H5N1)	831	173
PB1|PP755595.1|A/cattle/Texas/24-008749-003/2024(H5N1)	832	174
PB1|PP755595.1|A/cattle/Texas/24-008749-003/2024(H5N1)	833	174
PB1|PP755595.1|A/cattle/Texas/24-008749-003/2024(H5N1)	834	174
PB1|PP755595.1|A/cattle/Texas/24-008749-003/2024(H5N1)	835	180
PB1|PP755595.1|A/cattle/Texas/24-008749-003/2024(H5N1)	836	182
PB1|PP755595.1|A/cattle/Texas/24-008749-003/2024(H5N1)	837	182
PB1|PP755595.1|A/cattle/Texas/24-008749-003/2024(H5N1)	838	182
PB1|PP755595.1|A/cattle/Texas/24-008749-003/2024(H5N1)	839	182
PB1|PP755595.1|A/cattle/Texas/24-008749-003/2024(H5N1)	840	171
PB1|PP755595.1|A/cattle/Texas/24-008749-003/2024(H5N1)	841	171
PB1|PP755595.1|A/cattle/Texas/24-008749-003/2024(H5N1)	842	171
PB1|PP755595.1|A/cattle/Texas/24-008749-003/2024(H5N1)	843	171
PB1|PP755595.1|A/cattle/Texas/24-008749-003/2024(H5N1)	844	171
PB1|PP755595.1|A/cattle/Texas/24-008749-003/2024(H5N1)	845	171
PB1|PP755595.1|A/cattle/Texas/24-008749-003/2024(H5N1)	846	174
PB1|PP755595.1|A/cattle/Texas/24-008749-003/2024(H5N1)	847	193
PB1|PP755595.1|A/cattle/Texas/24-008749-003/2024(H5N1)	848	193
PB1|PP755595.1|A/cattle/Texas/24-008749-003/2024(H5N1)	849	195
PB1|PP755595.1|A/cattle/Texas/24-008749-003/2024(H5N1)	850	195
PB1|PP755595.1|A/cattle/Texas/24-008749-003/2024(H5N1)	851	195
PB1|PP755595.1|A/cattle/Texas/24-008749-003/2024(H5N1)	852	195
PB1|PP755595.1|A/cattle/Texas/24-008749-003/2024(H5N1)	853	195
PB1|PP755595.1|A/cattle/Texas/24-008749-003/2024(H5N1)	854	217
PB1|PP755595.1|A/cattle/Texas/24-008749-003/2024(H5N1)	855	217
PB1|PP755595.1|A/cattle/Texas/24-008749-003/2024(H5N1)	856	218
PB1|PP755595.1|A/cattle/Texas/24-008749-003/2024(H5N1)	857	218
PB1|PP755595.1|A/cattle/Texas/24-008749-003/2024(H5N1)	858	218
PB1|PP755595.1|A/cattle/Texas/24-008749-003/2024(H5N1)	859	218
PB1|PP755595.1|A/cattle/Texas/24-008749-003/2024(H5N1)	860	223
PB1|PP755595.1|A/cattle/Texas/24-008749-003/2024(H5N1)	861	223
PB1|PP755595.1|A/cattle/Texas/24-008749-003/2024(H5N1)	862	223
PB1|PP755595.1|A/cattle/Texas/24-008749-003/2024(H5N1)	863	223
PB1|PP755595.1|A/cattle/Texas/24-008749-003/2024(H5N1)	864	231
PB1|PP755595.1|A/cattle/Texas/24-008749-003/2024(H5N1)	865	232
PB1|PP755595.1|A/cattle/Texas/24-008749-003/2024(H5N1)	866	235
PB1|PP755595.1|A/cattle/Texas/24-008749-003/2024(H5N1)	867	237
PB1|PP755595.1|A/cattle/Texas/24-008749-003/2024(H5N1)	868	237
PB1|PP755595.1|A/cattle/Texas/24-008749-003/2024(H5N1)	869	237
PB1|PP755595.1|A/cattle/Texas/24-008749-003/2024(H5N1)	870	240
PB1|PP755595.1|A/cattle/Texas/24-008749-003/2024(H5N1)	871	244
PB1|PP755595.1|A/cattle/Texas/24-008749-003/2024(H5N1)	872	241
PB1|PP755595.1|A/cattle/Texas/24-008749-003/2024(H5N1)	873	241
PB1|PP755595.1|A/cattle/Texas/24-008749-003/2024(H5N1)	874	241
PB1|PP755595.1|A/cattle/Texas/24-008749-003/2024(H5N1)	875	236
PB1|PP755595.1|A/cattle/Texas/24-008749-003/2024(H5N1)	876	206
PB1|PP755595.1|A/cattle/Texas/24-008749-003/2024(H5N1)	877	210
PB1|PP755595.1|A/cattle/Texas/24-008749-003/2024(H5N1)	878	216
PB1|PP755595.1|A/cattle/Texas/24-008749-003/2024(H5N1)	879	229
PB1|PP755595.1|A/cattle/Texas/24-008749-003/2024(H5N1)	880	248
PB1|PP755595.1|A/cattle/Texas/24-008749-003/2024(H5N1)	881	248
PB1|PP755595.1|A/cattle/Texas/24-008749-003/2024(H5N1)	882	248
PB1|PP755595.1|A/cattle/Texas/24-008749-003/2024(H5N1)	883	249
PB1|PP755595.1|A/cattle/Texas/24-008749-003/2024(H5N1)	884	271
PB1|PP755595.1|A/cattle/Texas/24-008749-003/2024(H5N1)	885	271
PB1|PP755595.1|A/cattle/Texas/24-008749-003/2024(H5N1)	886	280
PB1|PP755595.1|A/cattle/Texas/24-008749-003/2024(H5N1)	887	280
PB1|PP755595.1|A/cattle/Texas/24-008749-003/2024(H5N1)	888	280
PB1|PP755595.1|A/cattle/Texas/24-008749-003/2024(H5N1)	889	288
PB1|PP755595.1|A/cattle/Texas/24-008749-003/2024(H5N1)	890	291
PB1|PP755595.1|A/cattle/Texas/24-008749-003/2024(H5N1)	891	293
PB1|PP755595.1|A/cattle/Texas/24-008749-003/2024(H5N1)	892	289
PB1|PP755595.1|A/cattle/Texas/24-008749-003/2024(H5N1)	893	280
PB1|PP755595.1|A/cattle/Texas/24-008749-003/2024(H5N1)	894	285
PB1|PP755595.1|A/cattle/Texas/24-008749-003/2024(H5N1)	895	285
PB1|PP755595.1|A/cattle/Texas/24-008749-003/2024(H5N1)	896	286
PB1|PP755595.1|A/cattle/Texas/24-008749-003/2024(H5N1)	897	276
PB1|PP755595.1|A/cattle/Texas/24-008749-003/2024(H5N1)	898	279
PB1|PP755595.1|A/cattle/Texas/24-008749-003/2024(H5N1)	899	279
PB1|PP755595.1|A/cattle/Texas/24-008749-003/2024(H5N1)	900	279
PB1|PP755595.1|A/cattle/Texas/24-008749-003/2024(H5N1)	901	279
PB1|PP755595.1|A/cattle/Texas/24-008749-003/2024(H5N1)	902	284
PB1|PP755595.1|A/cattle/Texas/24-008749-003/2024(H5N1)	903	283
PB1|PP755595.1|A/cattle/Texas/24-008749-003/2024(H5N1)	904	284
PB1|PP755595.1|A/cattle/Texas/24-008749-003/2024(H5N1)	905	280
PB1|PP755595.1|A/cattle/Texas/24-008749-003/2024(H5N1)	906	251
PB1|PP755595.1|A/cattle/Texas/24-008749-003/2024(H5N1)	907	258
PB1|PP755595.1|A/cattle/Texas/24-008749-003/2024(H5N1)	908	259
PB1|PP755595.1|A/cattle/Texas/24-008749-003/2024(H5N1)	909	259
PB1|PP755595.1|A/cattle/Texas/24-008749-003/2024(H5N1)	910	266
PB1|PP755595.1|A/cattle/Texas/24-008749-003/2024(H5N1)	911	267
PB1|PP755595.1|A/cattle/Texas/24-008749-003/2024(H5N1)	912	277
PB1|PP755595.1|A/cattle/Texas/24-008749-003/2024(H5N1)	913	277
PB1|PP755595.1|A/cattle/Texas/24-008749-003/2024(H5N1)	914	280
PB1|PP755595.1|A/cattle/Texas/24-008749-003/2024(H5N1)	915	281
PB1|PP755595.1|A/cattle/Texas/24-008749-003/2024(H5N1)	916	283
PB1|PP755595.1|A/cattle/Texas/24-008749-003/2024(H5N1)	917	283
PB1|PP755595.1|A/cattle/Texas/24-008749-003/2024(H5N1)	918	296
PB1|PP755595.1|A/cattle/Texas/24-008749-003/2024(H5N1)	919	298
PB1|PP755595.1|A/cattle/Texas/24-008749-003/2024(H5N1)	920	300
PB1|PP755595.1|A/cattle/Texas/24-008749-003/2024(H5N1)	921	300
PB1|PP755595.1|A/cattle/Texas/24-008749-003/2024(H5N1)	922	303
PB1|PP755595.1|A/cattle/Texas/24-008749-003/2024(H5N1)	923	303
PB1|PP755595.1|A/cattle/Texas/24-008749-003/2024(H5N1)	924	303
PB1|PP755595.1|A/cattle/Texas/24-008749-003/2024(H5N1)	925	303
PB1|PP755595.1|A/cattle/Texas/24-008749-003/2024(H5N1)	926	303
PB1|PP755595.1|A/cattle/Texas/24-008749-003/2024(H5N1)	927	307
PB1|PP755595.1|A/cattle/Texas/24-008749-003/2024(H5N1)	928	305
PB1|PP755595.1|A/cattle/Texas/24-008749-003/2024(H5N1)	929	304
PB1|PP755595.1|A/cattle/Texas/24-008749-003/2024(H5N1)	930	304
PB1|PP755595.1|A/cattle/Texas/24-008749-003/2024(H5N1)	931	304
PB1|PP755595.1|A/cattle/Texas/24-008749-003/2024(H5N1)	932	304
PB1|PP755595.1|A/cattle/Texas/24-008749-003/2024(H5N1)	933	306
PB1|PP755595.1|A/cattle/Texas/24-008749-003/2024(H5N1)	934	310
PB1|PP755595.1|A/cattle/Texas/24-008749-003/2024(H5N1)	935	310
PB1|PP755595.1|A/cattle/Texas/24-008749-003/2024(H5N1)	936	304
PB1|PP755595.1|A/cattle/Texas/24-008749-003/2024(H5N1)	937	304
PB1|PP755595.1|A/cattle/Texas/24-008749-003/2024(H5N1)	938	304
PB1|PP755595.1|A/cattle/Texas/24-008749-003/2024(H5N1)	939	307
PB1|PP755595.1|A/cattle/Texas/24-008749-003/2024(H5N1)	940	309
PB1|PP755595.1|A/cattle/Texas/24-008749-003/2024(H5N1)	941	309
PB1|PP755595.1|A/cattle/Texas/24-008749-003/2024(H5N1)	942	309
PB1|PP755595.1|A/cattle/Texas/24-008749-003/2024(H5N1)	943	309
PB1|PP755595.1|A/cattle/Texas/24-008749-003/2024(H5N1)	944	309
PB1|PP755595.1|A/cattle/Texas/24-008749-003/2024(H5N1)	945	311
PB1|PP755595.1|A/cattle/Texas/24-008749-003/2024(H5N1)	946	312
PB1|PP755595.1|A/cattle/Texas/24-008749-003/2024(H5N1)	947	314
PB1|PP755595.1|A/cattle/Texas/24-008749-003/2024(H5N1)	948	316
PB1|PP755595.1|A/cattle/Texas/24-008749-003/2024(H5N1)	949	316
PB1|PP755595.1|A/cattle/Texas/24-008749-003/2024(H5N1)	950	316
PB1|PP755595.1|A/cattle/Texas/24-008749-003/2024(H5N1)	951	317
PB1|PP755595.1|A/cattle/Texas/24-008749-003/2024(H5N1)	952	318
PB1|PP755595.1|A/cattle/Texas/24-008749-003/2024(H5N1)	953	320
PB1|PP755595.1|A/cattle/Texas/24-008749-003/2024(H5N1)	954	318
PB1|PP755595.1|A/cattle/Texas/24-008749-003/2024(H5N1)	955	320
PB1|PP755595.1|A/cattle/Texas/24-008749-003/2024(H5N1)	956	321
PB1|PP755595.1|A/cattle/Texas/24-008749-003/2024(H5N1)	957	321
PB1|PP755595.1|A/cattle/Texas/24-008749-003/2024(H5N1)	958	321
PB1|PP755595.1|A/cattle/Texas/24-008749-003/2024(H5N1)	959	318
PB1|PP755595.1|A/cattle/Texas/24-008749-003/2024(H5N1)	960	316
PB1|PP755595.1|A/cattle/Texas/24-008749-003/2024(H5N1)	961	317
PB1|PP755595.1|A/cattle/Texas/24-008749-003/2024(H5N1)	962	319
PB1|PP755595.1|A/cattle/Texas/24-008749-003/2024(H5N1)	963	322
PB1|PP755595.1|A/cattle/Texas/24-008749-003/2024(H5N1)	964	321
PB1|PP755595.1|A/cattle/Texas/24-008749-003/2024(H5N1)	965	321
PB1|PP755595.1|A/cattle/Texas/24-008749-003/2024(H5N1)	966	313
PB1|PP755595.1|A/cattle/Texas/24-008749-003/2024(H5N1)	967	311
PB1|PP755595.1|A/cattle/Texas/24-008749-003/2024(H5N1)	968	310
PB1|PP755595.1|A/cattle/Texas/24-008749-003/2024(H5N1)	969	310
PB1|PP755595.1|A/cattle/Texas/24-008749-003/2024(H5N1)	970	310
PB1|PP755595.1|A/cattle/Texas/24-008749-003/2024(H5N1)	971	304
PB1|PP755595.1|A/cattle/Texas/24-008749-003/2024(H5N1)	972	296
PB1|PP755595.1|A/cattle/Texas/24-008749-003/2024(H5N1)	973	287
PB1|PP755595.1|A/cattle/Texas/24-008749-003/2024(H5N1)	974	286
PB1|PP755595.1|A/cattle/Texas/24-008749-003/2024(H5N1)	975	285
PB1|PP755595.1|A/cattle/Texas/24-008749-003/2024(H5N1)	976	290
PB1|PP755595.1|A/cattle/Texas/24-008749-003/2024(H5N1)	977	290
PB1|PP755595.1|A/cattle/Texas/24-008749-003/2024(H5N1)	978	289
PB1|PP755595.1|A/cattle/Texas/24-008749-003/2024(H5N1)	979	289
PB1|PP755595.1|A/cattle/Texas/24-008749-003/2024(H5N1)	980	288
PB1|PP755595.1|A/cattle/Texas/24-008749-003/2024(H5N1)	981	287
PB1|PP755595.1|A/cattle/Texas/24-008749-003/2024(H5N1)	982	291
PB1|PP755595.1|A/cattle/Texas/24-008749-003/2024(H5N1)	983	294
PB1|PP755595.1|A/cattle/Texas/24-008749-003/2024(H5N1)	984	297
PB1|PP755595.1|A/cattle/Texas/24-008749-003/2024(H5N1)	985	297
PB1|PP755595.1|A/cattle/Texas/24-008749-003/2024(H5N1)	986	291
PB1|PP755595.1|A/cattle/Texas/24-008749-003/2024(H5N1)	987	290
PB1|PP755595.1|A/cattle/Texas/24-008749-003/2024(H5N1)	988	292
PB1|PP755595.1|A/cattle/Texas/24-008749-003/2024(H5N1)	989	292
PB1|PP755595.1|A/cattle/Texas/24-008749-003/2024(H5N1)	990	289
PB1|PP755595.1|A/cattle/Texas/24-008749-003/2024(H5N1)	991	289
PB1|PP755595.1|A/cattle/Texas/24-008749-003/2024(H5N1)	992	289
PB1|PP755595.1|A/cattle/Texas/24-008749-003/2024(H5N1)	993	289
PB1|PP755595.1|A/cattle/Texas/24-008749-003/2024(H5N1)	994	287
PB1|PP755595.1|A/cattle/Texas/24-008749-003/2024(H5N1)	995	278
PB1|PP755595.1|A/cattle/Texas/24-008749-003/2024(H5N1)	996	277
PB1|PP755595.1|A/cattle/Texas/24-008749-003/2024(H5N1)	997	271
PB1|PP755595.1|A/cattle/Texas/24-008749-003/2024(H5N1)	998	271
PB1|PP755595.1|A/cattle/Texas/24-008749-003/2024(H5N1)	999	266
PB1|PP755595.1|A/cattle/Texas/24-008749-003/2024(H5N1)	1000	264
PB1|PP755595.1|A/cattle/Texas/24-008749-003/2024(H5N1)	1001	264
PB1|PP755595.1|A/cattle/Texas/24-008749-003/2024(H5N1)	1002	264
PB1|PP755595.1|A/cattle/Texas/24-008749-003/2024(H5N1)	1003	279
PB1|PP755595.1|A/cattle/Texas/24-008749-003/2024(H5N1)	1004	279
PB1|PP755595.1|A/cattle/Texas/24-008749-003/2024(H5N1)	1005	255
PB1|PP755595.1|A/cattle/Texas/24-008749-003/2024(H5N1)	1006	255
PB1|PP755595.1|A/cattle/Texas/24-008749-003/2024(H5N1)	1007	255
PB1|PP755595.1|A/cattle/Texas/24-008749-003/2024(H5N1)	1008	255
PB1|PP755595.1|A/cattle/Texas/24-008749-003/2024(H5N1)	1009	265
PB1|PP755595.1|A/cattle/Texas/24-008749-003/2024(H5N1)	1010	264
PB1|PP755595.1|A/cattle/Texas/24-008749-003/2024(H5N1)	1011	260
PB1|PP755595.1|A/cattle/Texas/24-008749-003/2024(H5N1)	1012	260
PB1|PP755595.1|A/cattle/Texas/24-008749-003/2024(H5N1)	1013	260
PB1|PP755595.1|A/cattle/Texas/24-008749-003/2024(H5N1)	1014	260
PB1|PP755595.1|A/cattle/Texas/24-008749-003/2024(H5N1)	1015	257
PB1|PP755595.1|A/cattle/Texas/24-008749-003/2024(H5N1)	1016	257
PB1|PP755595.1|A/cattle/Texas/24-008749-003/2024(H5N1)	1017	254
PB1|PP755595.1|A/cattle/Texas/24-008749-003/2024(H5N1)	1018	252
PB1|PP755595.1|A/cattle/Texas/24-008749-003/2024(H5N1)	1019	252
PB1|PP755595.1|A/cattle/Texas/24-008749-003/2024(H5N1)	1020	249
PB1|PP755595.1|A/cattle/Texas/24-008749-003/2024(H5N1)	1021	272
PB1|PP755595.1|A/cattle/Texas/24-008749-003/2024(H5N1)	1022	272
PB1|PP755595.1|A/cattle/Texas/24-008749-003/2024(H5N1)	1023	272
PB1|PP755595.1|A/cattle/Texas/24-008749-003/2024(H5N1)	1024	276
PB1|PP755595.1|A/cattle/Texas/24-008749-003/2024(H5N1)	1025	276
PB1|PP755595.1|A/cattle/Texas/24-008749-003/2024(H5N1)	1026	274
PB1|PP755595.1|A/cattle/Texas/24-008749-003/2024(H5N1)	1027	273
PB1|PP755595.1|A/cattle/Texas/24-008749-003/2024(H5N1)	1028	269
PB1|PP755595.1|A/cattle/Texas/24-008749-003/2024(H5N1)	1029	263
PB1|PP755595.1|A/cattle/Texas/24-008749-003/2024(H5N1)	1030	245
PB1|PP755595.1|A/cattle/Texas/24-008749-003/2024(H5N1)	1031	232
PB1|PP755595.1|A/cattle/Texas/24-008749-003/2024(H5N1)	1032	230
PB1|PP755595.1|A/cattle/Texas/24-008749-003/2024(H5N1)	1033	222
PB1|PP755595.1|A/cattle/Texas/24-008749-003/2024(H5N1)	1034	206
PB1|PP755595.1|A/cattle/Texas/24-008749-003/2024(H5N1)	1035	205
PB1|PP755595.1|A/cattle/Texas/24-008749-003/2024(H5N1)	1036	209
PB1|PP755595.1|A/cattle/Texas/24-008749-003/2024(H5N1)	1037	205
PB1|PP755595.1|A/cattle/Texas/24-008749-003/2024(H5N1)	1038	205
PB1|PP755595.1|A/cattle/Texas/24-008749-003/2024(H5N1)	1039	203
PB1|PP755595.1|A/cattle/Texas/24-008749-003/2024(H5N1)	1040	198
PB1|PP755595.1|A/cattle/Texas/24-008749-003/2024(H5N1)	1041	197
PB1|PP755595.1|A/cattle/Texas/24-008749-003/2024(H5N1)	1042	195
PB1|PP755595.1|A/cattle/Texas/24-008749-003/2024(H5N1)	1043	194
PB1|PP755595.1|A/cattle/Texas/24-008749-003/2024(H5N1)	1044	194
PB1|PP755595.1|A/cattle/Texas/24-008749-003/2024(H5N1)	1045	189
PB1|PP755595.1|A/cattle/Texas/24-008749-003/2024(H5N1)	1046	184
PB1|PP755595.1|A/cattle/Texas/24-008749-003/2024(H5N1)	1047	147
PB1|PP755595.1|A/cattle/Texas/24-008749-003/2024(H5N1)	1048	147
PB1|PP755595.1|A/cattle/Texas/24-008749-003/2024(H5N1)	1049	147
PB1|PP755595.1|A/cattle/Texas/24-008749-003/2024(H5N1)	1050	147
PB1|PP755595.1|A/cattle/Texas/24-008749-003/2024(H5N1)	1051	147
PB1|PP755595.1|A/cattle/Texas/24-008749-003/2024(H5N1)	1052	147
PB1|PP755595.1|A/cattle/Texas/24-008749-003/2024(H5N1)	1053	142
PB1|PP755595.1|A/cattle/Texas/24-008749-003/2024(H5N1)	1054	142
PB1|PP755595.1|A/cattle/Texas/24-008749-003/2024(H5N1)	1055	142
PB1|PP755595.1|A/cattle/Texas/24-008749-003/2024(H5N1)	1056	142
PB1|PP755595.1|A/cattle/Texas/24-008749-003/2024(H5N1)	1057	161
PB1|PP755595.1|A/cattle/Texas/24-008749-003/2024(H5N1)	1058	161
PB1|PP755595.1|A/cattle/Texas/24-008749-003/2024(H5N1)	1059	161
PB1|PP755595.1|A/cattle/Texas/24-008749-003/2024(H5N1)	1060	161
PB1|PP755595.1|A/cattle/Texas/24-008749-003/2024(H5N1)	1061	161
PB1|PP755595.1|A/cattle/Texas/24-008749-003/2024(H5N1)	1062	161
PB1|PP755595.1|A/cattle/Texas/24-008749-003/2024(H5N1)	1063	195
PB1|PP755595.1|A/cattle/Texas/24-008749-003/2024(H5N1)	1064	195
PB1|PP755595.1|A/cattle/Texas/24-008749-003/2024(H5N1)	1065	195
PB1|PP755595.1|A/cattle/Texas/24-008749-003/2024(H5N1)	1066	195
PB1|PP755595.1|A/cattle/Texas/24-008749-003/2024(H5N1)	1067	195
PB1|PP755595.1|A/cattle/Texas/24-008749-003/2024(H5N1)	1068	195
PB1|PP755595.1|A/cattle/Texas/24-008749-003/2024(H5N1)	1069	185
PB1|PP755595.1|A/cattle/Texas/24-008749-003/2024(H5N1)	1070	185
PB1|PP755595.1|A/cattle/Texas/24-008749-003/2024(H5N1)	1071	183
PB1|PP755595.1|A/cattle/Texas/24-008749-003/2024(H5N1)	1072	198
PB1|PP755595.1|A/cattle/Texas/24-008749-003/2024(H5N1)	1073	198
PB1|PP755595.1|A/cattle/Texas/24-008749-003/2024(H5N1)	1074	203
PB1|PP755595.1|A/cattle/Texas/24-008749-003/2024(H5N1)	1075	203
PB1|PP755595.1|A/cattle/Texas/24-008749-003/2024(H5N1)	1076	205
PB1|PP755595.1|A/cattle/Texas/24-008749-003/2024(H5N1)	1077	206
PB1|PP755595.1|A/cattle/Texas/24-008749-003/2024(H5N1)	1078	203
PB1|PP755595.1|A/cattle/Texas/24-008749-003/2024(H5N1)	1079	202
PB1|PP755595.1|A/cattle/Texas/24-008749-003/2024(H5N1)	1080	202
PB1|PP755595.1|A/cattle/Texas/24-008749-003/2024(H5N1)	1081	206
PB1|PP755595.1|A/cattle/Texas/24-008749-003/2024(H5N1)	1082	206
PB1|PP755595.1|A/cattle/Texas/24-008749-003/2024(H5N1)	1083	202
PB1|PP755595.1|A/cattle/Texas/24-008749-003/2024(H5N1)	1084	201
PB1|PP755595.1|A/cattle/Texas/24-008749-003/2024(H5N1)	1085	200
PB1|PP755595.1|A/cattle/Texas/24-008749-003/2024(H5N1)	1086	200
PB1|PP755595.1|A/cattle/Texas/24-008749-003/2024(H5N1)	1087	200
PB1|PP755595.1|A/cattle/Texas/24-008749-003/2024(H5N1)	1088	200
PB1|PP755595.1|A/cattle/Texas/24-008749-003/2024(H5N1)	1089	200
PB1|PP755595.1|A/cattle/Texas/24-008749-003/2024(H5N1)	1090	190
PB1|PP755595.1|A/cattle/Texas/24-008749-003/2024(H5N1)	1091	188
PB1|PP755595.1|A/cattle/Texas/24-008749-003/2024(H5N1)	1092	188
PB1|PP755595.1|A/cattle/Texas/24-008749-003/2024(H5N1)	1093	189
PB1|PP755595.1|A/cattle/Texas/24-008749-003/2024(H5N1)	1094	189
PB1|PP755595.1|A/cattle/Texas/24-008749-003/2024(H5N1)	1095	189
PB1|PP755595.1|A/cattle/Texas/24-008749-003/2024(H5N1)	1096	189
PB1|PP755595.1|A/cattle/Texas/24-008749-003/2024(H5N1)	1097	196
PB1|PP755595.1|A/cattle/Texas/24-008749-003/2024(H5N1)	1098	197
PB1|PP755595.1|A/cattle/Texas/24-008749-003/2024(H5N1)	1099	200
PB1|PP755595.1|A/cattle/Texas/24-008749-003/2024(H5N1)	1100	200
PB1|PP755595.1|A/cattle/Texas/24-008749-003/2024(H5N1)	1101	200
PB1|PP755595.1|A/cattle/Texas/24-008749-003/2024(H5N1)	1102	198
PB1|PP755595.1|A/cattle/Texas/24-008749-003/2024(H5N1)	1103	198
PB1|PP755595.1|A/cattle/Texas/24-008749-003/2024(H5N1)	1104	196
PB1|PP755595.1|A/cattle/Texas/24-008749-003/2024(H5N1)	1105	196
PB1|PP755595.1|A/cattle/Texas/24-008749-003/2024(H5N1)	1106	193
PB1|PP755595.1|A/cattle/Texas/24-008749-003/2024(H5N1)	1107	190
PB1|PP755595.1|A/cattle/Texas/24-008749-003/2024(H5N1)	1108	190
PB1|PP755595.1|A/cattle/Texas/24-008749-003/2024(H5N1)	1109	190
PB1|PP755595.1|A/cattle/Texas/24-008749-003/2024(H5N1)	1110	190
PB1|PP755595.1|A/cattle/Texas/24-008749-003/2024(H5N1)	1111	190
PB1|PP755595.1|A/cattle/Texas/24-008749-003/2024(H5N1)	1112	190
PB1|PP755595.1|A/cattle/Texas/24-008749-003/2024(H5N1)	1113	188
PB1|PP755595.1|A/cattle/Texas/24-008749-003/2024(H5N1)	1114	186
PB1|PP755595.1|A/cattle/Texas/24-008749-003/2024(H5N1)	1115	184
PB1|PP755595.1|A/cattle/Texas/24-008749-003/2024(H5N1)	1116	183
PB1|PP755595.1|A/cattle/Texas/24-008749-003/2024(H5N1)	1117	179
PB1|PP755595.1|A/cattle/Texas/24-008749-003/2024(H5N1)	1118	178
PB1|PP755595.1|A/cattle/Texas/24-008749-003/2024(H5N1)	1119	122
PB1|PP755595.1|A/cattle/Texas/24-008749-003/2024(H5N1)	1120	122
PB1|PP755595.1|A/cattle/Texas/24-008749-003/2024(H5N1)	1121	122
PB1|PP755595.1|A/cattle/Texas/24-008749-003/2024(H5N1)	1122	122
PB1|PP755595.1|A/cattle/Texas/24-008749-003/2024(H5N1)	1123	122
PB1|PP755595.1|A/cattle/Texas/24-008749-003/2024(H5N1)	1124	122
PB1|PP755595.1|A/cattle/Texas/24-008749-003/2024(H5N1)	1125	122
PB1|PP755595.1|A/cattle/Texas/24-008749-003/2024(H5N1)	1126	122
PB1|PP755595.1|A/cattle/Texas/24-008749-003/2024(H5N1)	1127	122
PB1|PP755595.1|A/cattle/Texas/24-008749-003/2024(H5N1)	1128	122
PB1|PP755595.1|A/cattle/Texas/24-008749-003/2024(H5N1)	1129	122
PB1|PP755595.1|A/cattle/Texas/24-008749-003/2024(H5N1)	1130	122
PB1|PP755595.1|A/cattle/Texas/24-008749-003/2024(H5N1)	1131	122
PB1|PP755595.1|A/cattle/Texas/24-008749-003/2024(H5N1)	1132	122
PB1|PP755595.1|A/cattle/Texas/24-008749-003/2024(H5N1)	1133	122
PB1|PP755595.1|A/cattle/Texas/24-008749-003/2024(H5N1)	1134	122
PB1|PP755595.1|A/cattle/Texas/24-008749-003/2024(H5N1)	1135	228
PB1|PP755595.1|A/cattle/Texas/24-008749-003/2024(H5N1)	1136	228
PB1|PP755595.1|A/cattle/Texas/24-008749-003/2024(H5N1)	1137	229
PB1|PP755595.1|A/cattle/Texas/24-008749-003/2024(H5N1)	1138	233
PB1|PP755595.1|A/cattle/Texas/24-008749-003/2024(H5N1)	1139	234
PB1|PP755595.1|A/cattle/Texas/24-008749-003/2024(H5N1)	1140	234
PB1|PP755595.1|A/cattle/Texas/24-008749-003/2024(H5N1)	1141	234
PB1|PP755595.1|A/cattle/Texas/24-008749-003/2024(H5N1)	1142	234
PB1|PP755595.1|A/cattle/Texas/24-008749-003/2024(H5N1)	1143	235
PB1|PP755595.1|A/cattle/Texas/24-008749-003/2024(H5N1)	1144	235
PB1|PP755595.1|A/cattle/Texas/24-008749-003/2024(H5N1)	1145	236
PB1|PP755595.1|A/cattle/Texas/24-008749-003/2024(H5N1)	1146	236
PB1|PP755595.1|A/cattle/Texas/24-008749-003/2024(H5N1)	1147	236
PB1|PP755595.1|A/cattle/Texas/24-008749-003/2024(H5N1)	1148	237
PB1|PP755595.1|A/cattle/Texas/24-008749-003/2024(H5N1)	1149	237
PB1|PP755595.1|A/cattle/Texas/24-008749-003/2024(H5N1)	1150	237
PB1|PP755595.1|A/cattle/Texas/24-008749-003/2024(H5N1)	1151	237
PB1|PP755595.1|A/cattle/Texas/24-008749-003/2024(H5N1)	1152	237
PB1|PP755595.1|A/cattle/Texas/24-008749-003/2024(H5N1)	1153	237
PB1|PP755595.1|A/cattle/Texas/24-008749-003/2024(H5N1)	1154	237
PB1|PP755595.1|A/cattle/Texas/24-008749-003/2024(H5N1)	1155	237
PB1|PP755595.1|A/cattle/Texas/24-008749-003/2024(H5N1)	1156	237
PB1|PP755595.1|A/cattle/Texas/24-008749-003/2024(H5N1)	1157	237
PB1|PP755595.1|A/cattle/Texas/24-008749-003/2024(H5N1)	1158	239
PB1|PP755595.1|A/cattle/Texas/24-008749-003/2024(H5N1)	1159	239
PB1|PP755595.1|A/cattle/Texas/24-008749-003/2024(H5N1)	1160	239
PB1|PP755595.1|A/cattle/Texas/24-008749-003/2024(H5N1)	1161	239
PB1|PP755595.1|A/cattle/Texas/24-008749-003/2024(H5N1)	1162	240
PB1|PP755595.1|A/cattle/Texas/24-008749-003/2024(H5N1)	1163	241
PB1|PP755595.1|A/cattle/Texas/24-008749-003/2024(H5N1)	1164	241
PB1|PP755595.1|A/cattle/Texas/24-008749-003/2024(H5N1)	1165	241
PB1|PP755595.1|A/cattle/Texas/24-008749-003/2024(H5N1)	1166	241
PB1|PP755595.1|A/cattle/Texas/24-008749-003/2024(H5N1)	1167	202
PB1|PP755595.1|A/cattle/Texas/24-008749-003/2024(H5N1)	1168	202
PB1|PP755595.1|A/cattle/Texas/24-008749-003/2024(H5N1)	1169	202
PB1|PP755595.1|A/cattle/Texas/24-008749-003/2024(H5N1)	1170	202
PB1|PP755595.1|A/cattle/Texas/24-008749-003/2024(H5N1)	1171	202
PB1|PP755595.1|A/cattle/Texas/24-008749-003/2024(H5N1)	1172	205
PB1|PP755595.1|A/cattle/Texas/24-008749-003/2024(H5N1)	1173	207
PB1|PP755595.1|A/cattle/Texas/24-008749-003/2024(H5N1)	1174	214
PB1|PP755595.1|A/cattle/Texas/24-008749-003/2024(H5N1)	1175	214
PB1|PP755595.1|A/cattle/Texas/24-008749-003/2024(H5N1)	1176	214
PB1|PP755595.1|A/cattle/Texas/24-008749-003/2024(H5N1)	1177	214
PB1|PP755595.1|A/cattle/Texas/24-008749-003/2024(H5N1)	1178	215
PB1|PP755595.1|A/cattle/Texas/24-008749-003/2024(H5N1)	1179	219
PB1|PP755595.1|A/cattle/Texas/24-008749-003/2024(H5N1)	1180	230
PB1|PP755595.1|A/cattle/Texas/24-008749-003/2024(H5N1)	1181	231
PB1|PP755595.1|A/cattle/Texas/24-008749-003/2024(H5N1)	1182	231
PB1|PP755595.1|A/cattle/Texas/24-008749-003/2024(H5N1)	1183	236
PB1|PP755595.1|A/cattle/Texas/24-008749-003/2024(H5N1)	1184	236
PB1|PP755595.1|A/cattle/Texas/24-008749-003/2024(H5N1)	1185	244
PB1|PP755595.1|A/cattle/Texas/24-008749-003/2024(H5N1)	1186	249
PB1|PP755595.1|A/cattle/Texas/24-008749-003/2024(H5N1)	1187	249
PB1|PP755595.1|A/cattle/Texas/24-008749-003/2024(H5N1)	1188	250
PB1|PP755595.1|A/cattle/Texas/24-008749-003/2024(H5N1)	1189	250
PB1|PP755595.1|A/cattle/Texas/24-008749-003/2024(H5N1)	1190	252
PB1|PP755595.1|A/cattle/Texas/24-008749-003/2024(H5N1)	1191	254
PB1|PP755595.1|A/cattle/Texas/24-008749-003/2024(H5N1)	1192	254
PB1|PP755595.1|A/cattle/Texas/24-008749-003/2024(H5N1)	1193	249
PB1|PP755595.1|A/cattle/Texas/24-008749-003/2024(H5N1)	1194	249
PB1|PP755595.1|A/cattle/Texas/24-008749-003/2024(H5N1)	1195	247
PB1|PP755595.1|A/cattle/Texas/24-008749-003/2024(H5N1)	1196	247
PB1|PP755595.1|A/cattle/Texas/24-008749-003/2024(H5N1)	1197	244
PB1|PP755595.1|A/cattle/Texas/24-008749-003/2024(H5N1)	1198	244
PB1|PP755595.1|A/cattle/Texas/24-008749-003/2024(H5N1)	1199	245
PB1|PP755595.1|A/cattle/Texas/24-008749-003/2024(H5N1)	1200	245
PB1|PP755595.1|A/cattle/Texas/24-008749-003/2024(H5N1)	1201	276
PB1|PP755595.1|A/cattle/Texas/24-008749-003/2024(H5N1)	1202	276
PB1|PP755595.1|A/cattle/Texas/24-008749-003/2024(H5N1)	1203	279
PB1|PP755595.1|A/cattle/Texas/24-008749-003/2024(H5N1)	1204	279
PB1|PP755595.1|A/cattle/Texas/24-008749-003/2024(H5N1)	1205	289
PB1|PP755595.1|A/cattle/Texas/24-008749-003/2024(H5N1)	1206	289
PB1|PP755595.1|A/cattle/Texas/24-008749-003/2024(H5N1)	1207	292
PB1|PP755595.1|A/cattle/Texas/24-008749-003/2024(H5N1)	1208	292
PB1|PP755595.1|A/cattle/Texas/24-008749-003/2024(H5N1)	1209	260
PB1|PP755595.1|A/cattle/Texas/24-008749-003/2024(H5N1)	1210	260
PB1|PP755595.1|A/cattle/Texas/24-008749-003/2024(H5N1)	1211	278
PB1|PP755595.1|A/cattle/Texas/24-008749-003/2024(H5N1)	1212	280
PB1|PP755595.1|A/cattle/Texas/24-008749-003/2024(H5N1)	1213	285
PB1|PP755595.1|A/cattle/Texas/24-008749-003/2024(H5N1)	1214	285
PB1|PP755595.1|A/cattle/Texas/24-008749-003/2024(H5N1)	1215	287
PB1|PP755595.1|A/cattle/Texas/24-008749-003/2024(H5N1)	1216	288
PB1|PP755595.1|A/cattle/Texas/24-008749-003/2024(H5N1)	1217	290
PB1|PP755595.1|A/cattle/Texas/24-008749-003/2024(H5N1)	1218	290
PB1|PP755595.1|A/cattle/Texas/24-008749-003/2024(H5N1)	1219	291
PB1|PP755595.1|A/cattle/Texas/24-008749-003/2024(H5N1)	1220	278
PB1|PP755595.1|A/cattle/Texas/24-008749-003/2024(H5N1)	1221	281
PB1|PP755595.1|A/cattle/Texas/24-008749-003/2024(H5N1)	1222	284
PB1|PP755595.1|A/cattle/Texas/24-008749-003/2024(H5N1)	1223	287
PB1|PP755595.1|A/cattle/Texas/24-008749-003/2024(H5N1)	1224	287
PB1|PP755595.1|A/cattle/Texas/24-008749-003/2024(H5N1)	1225	283
PB1|PP755595.1|A/cattle/Texas/24-008749-003/2024(H5N1)	1226	283
PB1|PP755595.1|A/cattle/Texas/24-008749-003/2024(H5N1)	1227	283
PB1|PP755595.1|A/cattle/Texas/24-008749-003/2024(H5N1)	1228	287
PB1|PP755595.1|A/cattle/Texas/24-008749-003/2024(H5N1)	1229	289
PB1|PP755595.1|A/cattle/Texas/24-008749-003/2024(H5N1)	1230	288
PB1|PP755595.1|A/cattle/Texas/24-008749-003/2024(H5N1)	1231	289
PB1|PP755595.1|A/cattle/Texas/24-008749-003/2024(H5N1)	1232	286
PB1|PP755595.1|A/cattle/Texas/24-008749-003/2024(H5N1)	1233	288
PB1|PP755595.1|A/cattle/Texas/24-008749-003/2024(H5N1)	1234	288
PB1|PP755595.1|A/cattle/Texas/24-008749-003/2024(H5N1)	1235	289
PB1|PP755595.1|A/cattle/Texas/24-008749-003/2024(H5N1)	1236	290
PB1|PP755595.1|A/cattle/Texas/24-008749-003/2024(H5N1)	1237	295
PB1|PP755595.1|A/cattle/Texas/24-008749-003/2024(H5N1)	1238	294
PB1|PP755595.1|A/cattle/Texas/24-008749-003/2024(H5N1)	1239	294
PB1|PP755595.1|A/cattle/Texas/24-008749-003/2024(H5N1)	1240	295
PB1|PP755595.1|A/cattle/Texas/24-008749-003/2024(H5N1)	1241	294
PB1|PP755595.1|A/cattle/Texas/24-008749-003/2024(H5N1)	1242	300
PB1|PP755595.1|A/cattle/Texas/24-008749-003/2024(H5N1)	1243	305
PB1|PP755595.1|A/cattle/Texas/24-008749-003/2024(H5N1)	1244	302
PB1|PP755595.1|A/cattle/Texas/24-008749-003/2024(H5N1)	1245	303
PB1|PP755595.1|A/cattle/Texas/24-008749-003/2024(H5N1)	1246	307
PB1|PP755595.1|A/cattle/Texas/24-008749-003/2024(H5N1)	1247	315
PB1|PP755595.1|A/cattle/Texas/24-008749-003/2024(H5N1)	1248	308
PB1|PP755595.1|A/cattle/Texas/24-008749-003/2024(H5N1)	1249	306
PB1|PP755595.1|A/cattle/Texas/24-008749-003/2024(H5N1)	1250	302
PB1|PP755595.1|A/cattle/Texas/24-008749-003/2024(H5N1)	1251	291
PB1|PP755595.1|A/cattle/Texas/24-008749-003/2024(H5N1)	1252	291
PB1|PP755595.1|A/cattle/Texas/24-008749-003/2024(H5N1)	1253	288
PB1|PP755595.1|A/cattle/Texas/24-008749-003/2024(H5N1)	1254	224
PB1|PP755595.1|A/cattle/Texas/24-008749-003/2024(H5N1)	1255	223
PB1|PP755595.1|A/cattle/Texas/24-008749-003/2024(H5N1)	1256	237
PB1|PP755595.1|A/cattle/Texas/24-008749-003/2024(H5N1)	1257	237
PB1|PP755595.1|A/cattle/Texas/24-008749-003/2024(H5N1)	1258	277
PB1|PP755595.1|A/cattle/Texas/24-008749-003/2024(H5N1)	1259	278
PB1|PP755595.1|A/cattle/Texas/24-008749-003/2024(H5N1)	1260	278
PB1|PP755595.1|A/cattle/Texas/24-008749-003/2024(H5N1)	1261	278
PB1|PP755595.1|A/cattle/Texas/24-008749-003/2024(H5N1)	1262	284
PB1|PP755595.1|A/cattle/Texas/24-008749-003/2024(H5N1)	1263	284
PB1|PP755595.1|A/cattle/Texas/24-008749-003/2024(H5N1)	1264	291
PB1|PP755595.1|A/cattle/Texas/24-008749-003/2024(H5N1)	1265	289
PB1|PP755595.1|A/cattle/Texas/24-008749-003/2024(H5N1)	1266	289
PB1|PP755595.1|A/cattle/Texas/24-008749-003/2024(H5N1)	1267	291
PB1|PP755595.1|A/cattle/Texas/24-008749-003/2024(H5N1)	1268	291
PB1|PP755595.1|A/cattle/Texas/24-008749-003/2024(H5N1)	1269	295
PB1|PP755595.1|A/cattle/Texas/24-008749-003/2024(H5N1)	1270	297
PB1|PP755595.1|A/cattle/Texas/24-008749-003/2024(H5N1)	1271	297
PB1|PP755595.1|A/cattle/Texas/24-008749-003/2024(H5N1)	1272	297
PB1|PP755595.1|A/cattle/Texas/24-008749-003/2024(H5N1)	1273	297
PB1|PP755595.1|A/cattle/Texas/24-008749-003/2024(H5N1)	1274	298
PB1|PP755595.1|A/cattle/Texas/24-008749-003/2024(H5N1)	1275	298
PB1|PP755595.1|A/cattle/Texas/24-008749-003/2024(H5N1)	1276	295
PB1|PP755595.1|A/cattle/Texas/24-008749-003/2024(H5N1)	1277	295
PB1|PP755595.1|A/cattle/Texas/24-008749-003/2024(H5N1)	1278	291
PB1|PP755595.1|A/cattle/Texas/24-008749-003/2024(H5N1)	1279	293
PB1|PP755595.1|A/cattle/Texas/24-008749-003/2024(H5N1)	1280	295
PB1|PP755595.1|A/cattle/Texas/24-008749-003/2024(H5N1)	1281	295
PB1|PP755595.1|A/cattle/Texas/24-008749-003/2024(H5N1)	1282	295
PB1|PP755595.1|A/cattle/Texas/24-008749-003/2024(H5N1)	1283	295
PB1|PP755595.1|A/cattle/Texas/24-008749-003/2024(H5N1)	1284	299
PB1|PP755595.1|A/cattle/Texas/24-008749-003/2024(H5N1)	1285	300
PB1|PP755595.1|A/cattle/Texas/24-008749-003/2024(H5N1)	1286	297
PB1|PP755595.1|A/cattle/Texas/24-008749-003/2024(H5N1)	1287	299
PB1|PP755595.1|A/cattle/Texas/24-008749-003/2024(H5N1)	1288	298
PB1|PP755595.1|A/cattle/Texas/24-008749-003/2024(H5N1)	1289	296
PB1|PP755595.1|A/cattle/Texas/24-008749-003/2024(H5N1)	1290	296
PB1|PP755595.1|A/cattle/Texas/24-008749-003/2024(H5N1)	1291	296
PB1|PP755595.1|A/cattle/Texas/24-008749-003/2024(H5N1)	1292	296
PB1|PP755595.1|A/cattle/Texas/24-008749-003/2024(H5N1)	1293	300
PB1|PP755595.1|A/cattle/Texas/24-008749-003/2024(H5N1)	1294	299
PB1|PP755595.1|A/cattle/Texas/24-008749-003/2024(H5N1)	1295	302
PB1|PP755595.1|A/cattle/Texas/24-008749-003/2024(H5N1)	1296	301
PB1|PP755595.1|A/cattle/Texas/24-008749-003/2024(H5N1)	1297	301
PB1|PP755595.1|A/cattle/Texas/24-008749-003/2024(H5N1)	1298	301
PB1|PP755595.1|A/cattle/Texas/24-008749-003/2024(H5N1)	1299	301
PB1|PP755595.1|A/cattle/Texas/24-008749-003/2024(H5N1)	1300	309
PB1|PP755595.1|A/cattle/Texas/24-008749-003/2024(H5N1)	1301	317
PB1|PP755595.1|A/cattle/Texas/24-008749-003/2024(H5N1)	1302	316
PB1|PP755595.1|A/cattle/Texas/24-008749-003/2024(H5N1)	1303	321
PB1|PP755595.1|A/cattle/Texas/24-008749-003/2024(H5N1)	1304	321
PB1|PP755595.1|A/cattle/Texas/24-008749-003/2024(H5N1)	1305	321
PB1|PP755595.1|A/cattle/Texas/24-008749-003/2024(H5N1)	1306	322
PB1|PP755595.1|A/cattle/Texas/24-008749-003/2024(H5N1)	1307	322
PB1|PP755595.1|A/cattle/Texas/24-008749-003/2024(H5N1)	1308	325
PB1|PP755595.1|A/cattle/Texas/24-008749-003/2024(H5N1)	1309	323
PB1|PP755595.1|A/cattle/Texas/24-008749-003/2024(H5N1)	1310	324
PB1|PP755595.1|A/cattle/Texas/24-008749-003/2024(H5N1)	1311	324
PB1|PP755595.1|A/cattle/Texas/24-008749-003/2024(H5N1)	1312	323
PB1|PP755595.1|A/cattle/Texas/24-008749-003/2024(H5N1)	1313	323
PB1|PP755595.1|A/cattle/Texas/24-008749-003/2024(H5N1)	1314	322
PB1|PP755595.1|A/cattle/Texas/24-008749-003/2024(H5N1)	1315	324
PB1|PP755595.1|A/cattle/Texas/24-008749-003/2024(H5N1)	1316	326
PB1|PP755595.1|A/cattle/Texas/24-008749-003/2024(H5N1)	1317	320
PB1|PP755595.1|A/cattle/Texas/24-008749-003/2024(H5N1)	1318	320
PB1|PP755595.1|A/cattle/Texas/24-008749-003/2024(H5N1)	1319	319
PB1|PP755595.1|A/cattle/Texas/24-008749-003/2024(H5N1)	1320	319
PB1|PP755595.1|A/cattle/Texas/24-008749-003/2024(H5N1)	1321	322
PB1|PP755595.1|A/cattle/Texas/24-008749-003/2024(H5N1)	1322	319
PB1|PP755595.1|A/cattle/Texas/24-008749-003/2024(H5N1)	1323	311
PB1|PP755595.1|A/cattle/Texas/24-008749-003/2024(H5N1)	1324	313
PB1|PP755595.1|A/cattle/Texas/24-008749-003/2024(H5N1)	1325	315
PB1|PP755595.1|A/cattle/Texas/24-008749-003/2024(H5N1)	1326	317
PB1|PP755595.1|A/cattle/Texas/24-008749-003/2024(H5N1)	1327	317
PB1|PP755595.1|A/cattle/Texas/24-008749-003/2024(H5N1)	1328	314
PB1|PP755595.1|A/cattle/Texas/24-008749-003/2024(H5N1)	1329	309
PB1|PP755595.1|A/cattle/Texas/24-008749-003/2024(H5N1)	1330	302
PB1|PP755595.1|A/cattle/Texas/24-008749-003/2024(H5N1)	1331	297
PB1|PP755595.1|A/cattle/Texas/24-008749-003/2024(H5N1)	1332	296
PB1|PP755595.1|A/cattle/Texas/24-008749-003/2024(H5N1)	1333	296
PB1|PP755595.1|A/cattle/Texas/24-008749-003/2024(H5N1)	1334	296
PB1|PP755595.1|A/cattle/Texas/24-008749-003/2024(H5N1)	1335	296
PB1|PP755595.1|A/cattle/Texas/24-008749-003/2024(H5N1)	1336	288
PB1|PP755595.1|A/cattle/Texas/24-008749-003/2024(H5N1)	1337	285
PB1|PP755595.1|A/cattle/Texas/24-008749-003/2024(H5N1)	1338	215
PB1|PP755595.1|A/cattle/Texas/24-008749-003/2024(H5N1)	1339	214
PB1|PP755595.1|A/cattle/Texas/24-008749-003/2024(H5N1)	1340	214
PB1|PP755595.1|A/cattle/Texas/24-008749-003/2024(H5N1)	1341	210
PB1|PP755595.1|A/cattle/Texas/24-008749-003/2024(H5N1)	1342	210
PB1|PP755595.1|A/cattle/Texas/24-008749-003/2024(H5N1)	1343	210
PB1|PP755595.1|A/cattle/Texas/24-008749-003/2024(H5N1)	1344	208
PB1|PP755595.1|A/cattle/Texas/24-008749-003/2024(H5N1)	1345	213
PB1|PP755595.1|A/cattle/Texas/24-008749-003/2024(H5N1)	1346	213
PB1|PP755595.1|A/cattle/Texas/24-008749-003/2024(H5N1)	1347	221
PB1|PP755595.1|A/cattle/Texas/24-008749-003/2024(H5N1)	1348	221
PB1|PP755595.1|A/cattle/Texas/24-008749-003/2024(H5N1)	1349	221
PB1|PP755595.1|A/cattle/Texas/24-008749-003/2024(H5N1)	1350	220
PB1|PP755595.1|A/cattle/Texas/24-008749-003/2024(H5N1)	1351	223
PB1|PP755595.1|A/cattle/Texas/24-008749-003/2024(H5N1)	1352	226
PB1|PP755595.1|A/cattle/Texas/24-008749-003/2024(H5N1)	1353	226
PB1|PP755595.1|A/cattle/Texas/24-008749-003/2024(H5N1)	1354	226
PB1|PP755595.1|A/cattle/Texas/24-008749-003/2024(H5N1)	1355	226
PB1|PP755595.1|A/cattle/Texas/24-008749-003/2024(H5N1)	1356	226
PB1|PP755595.1|A/cattle/Texas/24-008749-003/2024(H5N1)	1357	226
PB1|PP755595.1|A/cattle/Texas/24-008749-003/2024(H5N1)	1358	226
PB1|PP755595.1|A/cattle/Texas/24-008749-003/2024(H5N1)	1359	226
PB1|PP755595.1|A/cattle/Texas/24-008749-003/2024(H5N1)	1360	227
PB1|PP755595.1|A/cattle/Texas/24-008749-003/2024(H5N1)	1361	227
PB1|PP755595.1|A/cattle/Texas/24-008749-003/2024(H5N1)	1362	227
PB1|PP755595.1|A/cattle/Texas/24-008749-003/2024(H5N1)	1363	252
PB1|PP755595.1|A/cattle/Texas/24-008749-003/2024(H5N1)	1364	252
PB1|PP755595.1|A/cattle/Texas/24-008749-003/2024(H5N1)	1365	254
PB1|PP755595.1|A/cattle/Texas/24-008749-003/2024(H5N1)	1366	256
PB1|PP755595.1|A/cattle/Texas/24-008749-003/2024(H5N1)	1367	256
PB1|PP755595.1|A/cattle/Texas/24-008749-003/2024(H5N1)	1368	257
PB1|PP755595.1|A/cattle/Texas/24-008749-003/2024(H5N1)	1369	257
PB1|PP755595.1|A/cattle/Texas/24-008749-003/2024(H5N1)	1370	256
PB1|PP755595.1|A/cattle/Texas/24-008749-003/2024(H5N1)	1371	259
PB1|PP755595.1|A/cattle/Texas/24-008749-003/2024(H5N1)	1372	266
PB1|PP755595.1|A/cattle/Texas/24-008749-003/2024(H5N1)	1373	272
PB1|PP755595.1|A/cattle/Texas/24-008749-003/2024(H5N1)	1374	270
PB1|PP755595.1|A/cattle/Texas/24-008749-003/2024(H5N1)	1375	286
PB1|PP755595.1|A/cattle/Texas/24-008749-003/2024(H5N1)	1376	286
PB1|PP755595.1|A/cattle/Texas/24-008749-003/2024(H5N1)	1377	285
PB1|PP755595.1|A/cattle/Texas/24-008749-003/2024(H5N1)	1378	280
PB1|PP755595.1|A/cattle/Texas/24-008749-003/2024(H5N1)	1379	286
PB1|PP755595.1|A/cattle/Texas/24-008749-003/2024(H5N1)	1380	285
PB1|PP755595.1|A/cattle/Texas/24-008749-003/2024(H5N1)	1381	287
PB1|PP755595.1|A/cattle/Texas/24-008749-003/2024(H5N1)	1382	288
PB1|PP755595.1|A/cattle/Texas/24-008749-003/2024(H5N1)	1383	285
PB1|PP755595.1|A/cattle/Texas/24-008749-003/2024(H5N1)	1384	289
PB1|PP755595.1|A/cattle/Texas/24-008749-003/2024(H5N1)	1385	291
PB1|PP755595.1|A/cattle/Texas/24-008749-003/2024(H5N1)	1386	288
PB1|PP755595.1|A/cattle/Texas/24-008749-003/2024(H5N1)	1387	285
PB1|PP755595.1|A/cattle/Texas/24-008749-003/2024(H5N1)	1388	275
PB1|PP755595.1|A/cattle/Texas/24-008749-003/2024(H5N1)	1389	243
PB1|PP755595.1|A/cattle/Texas/24-008749-003/2024(H5N1)	1390	243
PB1|PP755595.1|A/cattle/Texas/24-008749-003/2024(H5N1)	1391	242
PB1|PP755595.1|A/cattle/Texas/24-008749-003/2024(H5N1)	1392	242
PB1|PP755595.1|A/cattle/Texas/24-008749-003/2024(H5N1)	1393	242
PB1|PP755595.1|A/cattle/Texas/24-008749-003/2024(H5N1)	1394	246
PB1|PP755595.1|A/cattle/Texas/24-008749-003/2024(H5N1)	1395	277
PB1|PP755595.1|A/cattle/Texas/24-008749-003/2024(H5N1)	1396	309
PB1|PP755595.1|A/cattle/Texas/24-008749-003/2024(H5N1)	1397	309
PB1|PP755595.1|A/cattle/Texas/24-008749-003/2024(H5N1)	1398	325
PB1|PP755595.1|A/cattle/Texas/24-008749-003/2024(H5N1)	1399	327
PB1|PP755595.1|A/cattle/Texas/24-008749-003/2024(H5N1)	1400	327
PB1|PP755595.1|A/cattle/Texas/24-008749-003/2024(H5N1)	1401	330
PB1|PP755595.1|A/cattle/Texas/24-008749-003/2024(H5N1)	1402	330
PB1|PP755595.1|A/cattle/Texas/24-008749-003/2024(H5N1)	1403	312
PB1|PP755595.1|A/cattle/Texas/24-008749-003/2024(H5N1)	1404	299
PB1|PP755595.1|A/cattle/Texas/24-008749-003/2024(H5N1)	1405	303
PB1|PP755595.1|A/cattle/Texas/24-008749-003/2024(H5N1)	1406	314
PB1|PP755595.1|A/cattle/Texas/24-008749-003/2024(H5N1)	1407	301
PB1|PP755595.1|A/cattle/Texas/24-008749-003/2024(H5N1)	1408	300
PB1|PP755595.1|A/cattle/Texas/24-008749-003/2024(H5N1)	1409	310
PB1|PP755595.1|A/cattle/Texas/24-008749-003/2024(H5N1)	1410	316
PB1|PP755595.1|A/cattle/Texas/24-008749-003/2024(H5N1)	1411	316
PB1|PP755595.1|A/cattle/Texas/24-008749-003/2024(H5N1)	1412	318
PB1|PP755595.1|A/cattle/Texas/24-008749-003/2024(H5N1)	1413	312
PB1|PP755595.1|A/cattle/Texas/24-008749-003/2024(H5N1)	1414	313
PB1|PP755595.1|A/cattle/Texas/24-008749-003/2024(H5N1)	1415	306
PB1|PP755595.1|A/cattle/Texas/24-008749-003/2024(H5N1)	1416	308
PB1|PP755595.1|A/cattle/Texas/24-008749-003/2024(H5N1)	1417	308
PB1|PP755595.1|A/cattle/Texas/24-008749-003/2024(H5N1)	1418	306
PB1|PP755595.1|A/cattle/Texas/24-008749-003/2024(H5N1)	1419	304
PB1|PP755595.1|A/cattle/Texas/24-008749-003/2024(H5N1)	1420	304
PB1|PP755595.1|A/cattle/Texas/24-008749-003/2024(H5N1)	1421	322
PB1|PP755595.1|A/cattle/Texas/24-008749-003/2024(H5N1)	1422	322
PB1|PP755595.1|A/cattle/Texas/24-008749-003/2024(H5N1)	1423	334
PB1|PP755595.1|A/cattle/Texas/24-008749-003/2024(H5N1)	1424	338
PB1|PP755595.1|A/cattle/Texas/24-008749-003/2024(H5N1)	1425	338
PB1|PP755595.1|A/cattle/Texas/24-008749-003/2024(H5N1)	1426	341
PB1|PP755595.1|A/cattle/Texas/24-008749-003/2024(H5N1)	1427	351
PB1|PP755595.1|A/cattle/Texas/24-008749-003/2024(H5N1)	1428	352
PB1|PP755595.1|A/cattle/Texas/24-008749-003/2024(H5N1)	1429	358
PB1|PP755595.1|A/cattle/Texas/24-008749-003/2024(H5N1)	1430	350
PB1|PP755595.1|A/cattle/Texas/24-008749-003/2024(H5N1)	1431	349
PB1|PP755595.1|A/cattle/Texas/24-008749-003/2024(H5N1)	1432	350
PB1|PP755595.1|A/cattle/Texas/24-008749-003/2024(H5N1)	1433	350
PB1|PP755595.1|A/cattle/Texas/24-008749-003/2024(H5N1)	1434	349
PB1|PP755595.1|A/cattle/Texas/24-008749-003/2024(H5N1)	1435	360
PB1|PP755595.1|A/cattle/Texas/24-008749-003/2024(H5N1)	1436	359
PB1|PP755595.1|A/cattle/Texas/24-008749-003/2024(H5N1)	1437	360
PB1|PP755595.1|A/cattle/Texas/24-008749-003/2024(H5N1)	1438	358
PB1|PP755595.1|A/cattle/Texas/24-008749-003/2024(H5N1)	1439	358
PB1|PP755595.1|A/cattle/Texas/24-008749-003/2024(H5N1)	1440	358
PB1|PP755595.1|A/cattle/Texas/24-008749-003/2024(H5N1)	1441	360
PB1|PP755595.1|A/cattle/Texas/24-008749-003/2024(H5N1)	1442	360
PB1|PP755595.1|A/cattle/Texas/24-008749-003/2024(H5N1)	1443	369
PB1|PP755595.1|A/cattle/Texas/24-008749-003/2024(H5N1)	1444	373
PB1|PP755595.1|A/cattle/Texas/24-008749-003/2024(H5N1)	1445	374
PB1|PP755595.1|A/cattle/Texas/24-008749-003/2024(H5N1)	1446	378
PB1|PP755595.1|A/cattle/Texas/24-008749-003/2024(H5N1)	1447	381
PB1|PP755595.1|A/cattle/Texas/24-008749-003/2024(H5N1)	1448	389
PB1|PP755595.1|A/cattle/Texas/24-008749-003/2024(H5N1)	1449	389
PB1|PP755595.1|A/cattle/Texas/24-008749-003/2024(H5N1)	1450	389
PB1|PP755595.1|A/cattle/Texas/24-008749-003/2024(H5N1)	1451	381
PB1|PP755595.1|A/cattle/Texas/24-008749-003/2024(H5N1)	1452	374
PB1|PP755595.1|A/cattle/Texas/24-008749-003/2024(H5N1)	1453	374
PB1|PP755595.1|A/cattle/Texas/24-008749-003/2024(H5N1)	1454	369
PB1|PP755595.1|A/cattle/Texas/24-008749-003/2024(H5N1)	1455	369
PB1|PP755595.1|A/cattle/Texas/24-008749-003/2024(H5N1)	1456	369
PB1|PP755595.1|A/cattle/Texas/24-008749-003/2024(H5N1)	1457	372
PB1|PP755595.1|A/cattle/Texas/24-008749-003/2024(H5N1)	1458	373
PB1|PP755595.1|A/cattle/Texas/24-008749-003/2024(H5N1)	1459	380
PB1|PP755595.1|A/cattle/Texas/24-008749-003/2024(H5N1)	1460	380
PB1|PP755595.1|A/cattle/Texas/24-008749-003/2024(H5N1)	1461	380
PB1|PP755595.1|A/cattle/Texas/24-008749-003/2024(H5N1)	1462	380
PB1|PP755595.1|A/cattle/Texas/24-008749-003/2024(H5N1)	1463	390
PB1|PP755595.1|A/cattle/Texas/24-008749-003/2024(H5N1)	1464	391
PB1|PP755595.1|A/cattle/Texas/24-008749-003/2024(H5N1)	1465	397
PB1|PP755595.1|A/cattle/Texas/24-008749-003/2024(H5N1)	1466	399
PB1|PP755595.1|A/cattle/Texas/24-008749-003/2024(H5N1)	1467	397
PB1|PP755595.1|A/cattle/Texas/24-008749-003/2024(H5N1)	1468	397
PB1|PP755595.1|A/cattle/Texas/24-008749-003/2024(H5N1)	1469	398
PB1|PP755595.1|A/cattle/Texas/24-008749-003/2024(H5N1)	1470	395
PB1|PP755595.1|A/cattle/Texas/24-008749-003/2024(H5N1)	1471	394
PB1|PP755595.1|A/cattle/Texas/24-008749-003/2024(H5N1)	1472	397
PB1|PP755595.1|A/cattle/Texas/24-008749-003/2024(H5N1)	1473	400
PB1|PP755595.1|A/cattle/Texas/24-008749-003/2024(H5N1)	1474	403
PB1|PP755595.1|A/cattle/Texas/24-008749-003/2024(H5N1)	1475	400
PB1|PP755595.1|A/cattle/Texas/24-008749-003/2024(H5N1)	1476	397
PB1|PP755595.1|A/cattle/Texas/24-008749-003/2024(H5N1)	1477	396
PB1|PP755595.1|A/cattle/Texas/24-008749-003/2024(H5N1)	1478	402
PB1|PP755595.1|A/cattle/Texas/24-008749-003/2024(H5N1)	1479	402
PB1|PP755595.1|A/cattle/Texas/24-008749-003/2024(H5N1)	1480	403
PB1|PP755595.1|A/cattle/Texas/24-008749-003/2024(H5N1)	1481	405
PB1|PP755595.1|A/cattle/Texas/24-008749-003/2024(H5N1)	1482	404
PB1|PP755595.1|A/cattle/Texas/24-008749-003/2024(H5N1)	1483	405
PB1|PP755595.1|A/cattle/Texas/24-008749-003/2024(H5N1)	1484	406
PB1|PP755595.1|A/cattle/Texas/24-008749-003/2024(H5N1)	1485	406
PB1|PP755595.1|A/cattle/Texas/24-008749-003/2024(H5N1)	1486	411
PB1|PP755595.1|A/cattle/Texas/24-008749-003/2024(H5N1)	1487	411
PB1|PP755595.1|A/cattle/Texas/24-008749-003/2024(H5N1)	1488	416
PB1|PP755595.1|A/cattle/Texas/24-008749-003/2024(H5N1)	1489	412
PB1|PP755595.1|A/cattle/Texas/24-008749-003/2024(H5N1)	1490	412
PB1|PP755595.1|A/cattle/Texas/24-008749-003/2024(H5N1)	1491	413
PB1|PP755595.1|A/cattle/Texas/24-008749-003/2024(H5N1)	1492	413
PB1|PP755595.1|A/cattle/Texas/24-008749-003/2024(H5N1)	1493	419
PB1|PP755595.1|A/cattle/Texas/24-008749-003/2024(H5N1)	1494	419
PB1|PP755595.1|A/cattle/Texas/24-008749-003/2024(H5N1)	1495	419
PB1|PP755595.1|A/cattle/Texas/24-008749-003/2024(H5N1)	1496	420
PB1|PP755595.1|A/cattle/Texas/24-008749-003/2024(H5N1)	1497	419
PB1|PP755595.1|A/cattle/Texas/24-008749-003/2024(H5N1)	1498	411
PB1|PP755595.1|A/cattle/Texas/24-008749-003/2024(H5N1)	1499	417
PB1|PP755595.1|A/cattle/Texas/24-008749-003/2024(H5N1)	1500	418
PB1|PP755595.1|A/cattle/Texas/24-008749-003/2024(H5N1)	1501	418
PB1|PP755595.1|A/cattle/Texas/24-008749-003/2024(H5N1)	1502	414
PB1|PP755595.1|A/cattle/Texas/24-008749-003/2024(H5N1)	1503	410
PB1|PP755595.1|A/cattle/Texas/24-008749-003/2024(H5N1)	1504	410
PB1|PP755595.1|A/cattle/Texas/24-008749-003/2024(H5N1)	1505	409
PB1|PP755595.1|A/cattle/Texas/24-008749-003/2024(H5N1)	1506	377
PB1|PP755595.1|A/cattle/Texas/24-008749-003/2024(H5N1)	1507	378
PB1|PP755595.1|A/cattle/Texas/24-008749-003/2024(H5N1)	1508	375
PB1|PP755595.1|A/cattle/Texas/24-008749-003/2024(H5N1)	1509	375
PB1|PP755595.1|A/cattle/Texas/24-008749-003/2024(H5N1)	1510	377
PB1|PP755595.1|A/cattle/Texas/24-008749-003/2024(H5N1)	1511	378
PB1|PP755595.1|A/cattle/Texas/24-008749-003/2024(H5N1)	1512	411
PB1|PP755595.1|A/cattle/Texas/24-008749-003/2024(H5N1)	1513	423
PB1|PP755595.1|A/cattle/Texas/24-008749-003/2024(H5N1)	1514	429
PB1|PP755595.1|A/cattle/Texas/24-008749-003/2024(H5N1)	1515	429
PB1|PP755595.1|A/cattle/Texas/24-008749-003/2024(H5N1)	1516	429
PB1|PP755595.1|A/cattle/Texas/24-008749-003/2024(H5N1)	1517	453
PB1|PP755595.1|A/cattle/Texas/24-008749-003/2024(H5N1)	1518	464
PB1|PP755595.1|A/cattle/Texas/24-008749-003/2024(H5N1)	1519	466
PB1|PP755595.1|A/cattle/Texas/24-008749-003/2024(H5N1)	1520	469
PB1|PP755595.1|A/cattle/Texas/24-008749-003/2024(H5N1)	1521	469
PB1|PP755595.1|A/cattle/Texas/24-008749-003/2024(H5N1)	1522	471
PB1|PP755595.1|A/cattle/Texas/24-008749-003/2024(H5N1)	1523	465
PB1|PP755595.1|A/cattle/Texas/24-008749-003/2024(H5N1)	1524	461
PB1|PP755595.1|A/cattle/Texas/24-008749-003/2024(H5N1)	1525	471
PB1|PP755595.1|A/cattle/Texas/24-008749-003/2024(H5N1)	1526	472
PB1|PP755595.1|A/cattle/Texas/24-008749-003/2024(H5N1)	1527	475
PB1|PP755595.1|A/cattle/Texas/24-008749-003/2024(H5N1)	1528	482
PB1|PP755595.1|A/cattle/Texas/24-008749-003/2024(H5N1)	1529	484
PB1|PP755595.1|A/cattle/Texas/24-008749-003/2024(H5N1)	1530	485
PB1|PP755595.1|A/cattle/Texas/24-008749-003/2024(H5N1)	1531	475
PB1|PP755595.1|A/cattle/Texas/24-008749-003/2024(H5N1)	1532	498
PB1|PP755595.1|A/cattle/Texas/24-008749-003/2024(H5N1)	1533	493
PB1|PP755595.1|A/cattle/Texas/24-008749-003/2024(H5N1)	1534	492
PB1|PP755595.1|A/cattle/Texas/24-008749-003/2024(H5N1)	1535	492
PB1|PP755595.1|A/cattle/Texas/24-008749-003/2024(H5N1)	1536	487
PB1|PP755595.1|A/cattle/Texas/24-008749-003/2024(H5N1)	1537	486
PB1|PP755595.1|A/cattle/Texas/24-008749-003/2024(H5N1)	1538	479
PB1|PP755595.1|A/cattle/Texas/24-008749-003/2024(H5N1)	1539	483
PB1|PP755595.1|A/cattle/Texas/24-008749-003/2024(H5N1)	1540	480
PB1|PP755595.1|A/cattle/Texas/24-008749-003/2024(H5N1)	1541	489
PB1|PP755595.1|A/cattle/Texas/24-008749-003/2024(H5N1)	1542	489
PB1|PP755595.1|A/cattle/Texas/24-008749-003/2024(H5N1)	1543	495
PB1|PP755595.1|A/cattle/Texas/24-008749-003/2024(H5N1)	1544	465
PB1|PP755595.1|A/cattle/Texas/24-008749-003/2024(H5N1)	1545	464
PB1|PP755595.1|A/cattle/Texas/24-008749-003/2024(H5N1)	1546	464
PB1|PP755595.1|A/cattle/Texas/24-008749-003/2024(H5N1)	1547	465
PB1|PP755595.1|A/cattle/Texas/24-008749-003/2024(H5N1)	1548	466
PB1|PP755595.1|A/cattle/Texas/24-008749-003/2024(H5N1)	1549	456
PB1|PP755595.1|A/cattle/Texas/24-008749-003/2024(H5N1)	1550	454
PB1|PP755595.1|A/cattle/Texas/24-008749-003/2024(H5N1)	1551	457
PB1|PP755595.1|A/cattle/Texas/24-008749-003/2024(H5N1)	1552	454
PB1|PP755595.1|A/cattle/Texas/24-008749-003/2024(H5N1)	1553	455
PB1|PP755595.1|A/cattle/Texas/24-008749-003/2024(H5N1)	1554	455
PB1|PP755595.1|A/cattle/Texas/24-008749-003/2024(H5N1)	1555	453
PB1|PP755595.1|A/cattle/Texas/24-008749-003/2024(H5N1)	1556	451
PB1|PP755595.1|A/cattle/Texas/24-008749-003/2024(H5N1)	1557	441
PB1|PP755595.1|A/cattle/Texas/24-008749-003/2024(H5N1)	1558	441
PB1|PP755595.1|A/cattle/Texas/24-008749-003/2024(H5N1)	1559	431
PB1|PP755595.1|A/cattle/Texas/24-008749-003/2024(H5N1)	1560	424
PB1|PP755595.1|A/cattle/Texas/24-008749-003/2024(H5N1)	1561	427
PB1|PP755595.1|A/cattle/Texas/24-008749-003/2024(H5N1)	1562	426
PB1|PP755595.1|A/cattle/Texas/24-008749-003/2024(H5N1)	1563	426
PB1|PP755595.1|A/cattle/Texas/24-008749-003/2024(H5N1)	1564	443
PB1|PP755595.1|A/cattle/Texas/24-008749-003/2024(H5N1)	1565	443
PB1|PP755595.1|A/cattle/Texas/24-008749-003/2024(H5N1)	1566	444
PB1|PP755595.1|A/cattle/Texas/24-008749-003/2024(H5N1)	1567	446
PB1|PP755595.1|A/cattle/Texas/24-008749-003/2024(H5N1)	1568	446
PB1|PP755595.1|A/cattle/Texas/24-008749-003/2024(H5N1)	1569	451
PB1|PP755595.1|A/cattle/Texas/24-008749-003/2024(H5N1)	1570	447
PB1|PP755595.1|A/cattle/Texas/24-008749-003/2024(H5N1)	1571	454
PB1|PP755595.1|A/cattle/Texas/24-008749-003/2024(H5N1)	1572	439
PB1|PP755595.1|A/cattle/Texas/24-008749-003/2024(H5N1)	1573	436
PB1|PP755595.1|A/cattle/Texas/24-008749-003/2024(H5N1)	1574	436
PB1|PP755595.1|A/cattle/Texas/24-008749-003/2024(H5N1)	1575	432
PB1|PP755595.1|A/cattle/Texas/24-008749-003/2024(H5N1)	1576	436
PB1|PP755595.1|A/cattle/Texas/24-008749-003/2024(H5N1)	1577	434
PB1|PP755595.1|A/cattle/Texas/24-008749-003/2024(H5N1)	1578	419
PB1|PP755595.1|A/cattle/Texas/24-008749-003/2024(H5N1)	1579	419
PB1|PP755595.1|A/cattle/Texas/24-008749-003/2024(H5N1)	1580	413
PB1|PP755595.1|A/cattle/Texas/24-008749-003/2024(H5N1)	1581	413
PB1|PP755595.1|A/cattle/Texas/24-008749-003/2024(H5N1)	1582	438
PB1|PP755595.1|A/cattle/Texas/24-008749-003/2024(H5N1)	1583	443
PB1|PP755595.1|A/cattle/Texas/24-008749-003/2024(H5N1)	1584	443
PB1|PP755595.1|A/cattle/Texas/24-008749-003/2024(H5N1)	1585	452
PB1|PP755595.1|A/cattle/Texas/24-008749-003/2024(H5N1)	1586	452
PB1|PP755595.1|A/cattle/Texas/24-008749-003/2024(H5N1)	1587	453
PB1|PP755595.1|A/cattle/Texas/24-008749-003/2024(H5N1)	1588	455
PB1|PP755595.1|A/cattle/Texas/24-008749-003/2024(H5N1)	1589	455
PB1|PP755595.1|A/cattle/Texas/24-008749-003/2024(H5N1)	1590	454
PB1|PP755595.1|A/cattle/Texas/24-008749-003/2024(H5N1)	1591	454
PB1|PP755595.1|A/cattle/Texas/24-008749-003/2024(H5N1)	1592	453
PB1|PP755595.1|A/cattle/Texas/24-008749-003/2024(H5N1)	1593	454
PB1|PP755595.1|A/cattle/Texas/24-008749-003/2024(H5N1)	1594	440
PB1|PP755595.1|A/cattle/Texas/24-008749-003/2024(H5N1)	1595	440
PB1|PP755595.1|A/cattle/Texas/24-008749-003/2024(H5N1)	1596	438
PB1|PP755595.1|A/cattle/Texas/24-008749-003/2024(H5N1)	1597	431
PB1|PP755595.1|A/cattle/Texas/24-008749-003/2024(H5N1)	1598	431
PB1|PP755595.1|A/cattle/Texas/24-008749-003/2024(H5N1)	1599	440
PB1|PP755595.1|A/cattle/Texas/24-008749-003/2024(H5N1)	1600	442
PB1|PP755595.1|A/cattle/Texas/24-008749-003/2024(H5N1)	1601	442
PB1|PP755595.1|A/cattle/Texas/24-008749-003/2024(H5N1)	1602	441
PB1|PP755595.1|A/cattle/Texas/24-008749-003/2024(H5N1)	1603	440
PB1|PP755595.1|A/cattle/Texas/24-008749-003/2024(H5N1)	1604	439
PB1|PP755595.1|A/cattle/Texas/24-008749-003/2024(H5N1)	1605	437
PB1|PP755595.1|A/cattle/Texas/24-008749-003/2024(H5N1)	1606	442
PB1|PP755595.1|A/cattle/Texas/24-008749-003/2024(H5N1)	1607	441
PB1|PP755595.1|A/cattle/Texas/24-008749-003/2024(H5N1)	1608	438
PB1|PP755595.1|A/cattle/Texas/24-008749-003/2024(H5N1)	1609	438
PB1|PP755595.1|A/cattle/Texas/24-008749-003/2024(H5N1)	1610	438
PB1|PP755595.1|A/cattle/Texas/24-008749-003/2024(H5N1)	1611	435
PB1|PP755595.1|A/cattle/Texas/24-008749-003/2024(H5N1)	1612	435
PB1|PP755595.1|A/cattle/Texas/24-008749-003/2024(H5N1)	1613	434
PB1|PP755595.1|A/cattle/Texas/24-008749-003/2024(H5N1)	1614	423
PB1|PP755595.1|A/cattle/Texas/24-008749-003/2024(H5N1)	1615	432
PB1|PP755595.1|A/cattle/Texas/24-008749-003/2024(H5N1)	1616	429
PB1|PP755595.1|A/cattle/Texas/24-008749-003/2024(H5N1)	1617	427
PB1|PP755595.1|A/cattle/Texas/24-008749-003/2024(H5N1)	1618	427
PB1|PP755595.1|A/cattle/Texas/24-008749-003/2024(H5N1)	1619	427
PB1|PP755595.1|A/cattle/Texas/24-008749-003/2024(H5N1)	1620	432
PB1|PP755595.1|A/cattle/Texas/24-008749-003/2024(H5N1)	1621	431
PB1|PP755595.1|A/cattle/Texas/24-008749-003/2024(H5N1)	1622	422
PB1|PP755595.1|A/cattle/Texas/24-008749-003/2024(H5N1)	1623	418
PB1|PP755595.1|A/cattle/Texas/24-008749-003/2024(H5N1)	1624	414
PB1|PP755595.1|A/cattle/Texas/24-008749-003/2024(H5N1)	1625	426
PB1|PP755595.1|A/cattle/Texas/24-008749-003/2024(H5N1)	1626	426
PB1|PP755595.1|A/cattle/Texas/24-008749-003/2024(H5N1)	1627	426
PB1|PP755595.1|A/cattle/Texas/24-008749-003/2024(H5N1)	1628	426
PB1|PP755595.1|A/cattle/Texas/24-008749-003/2024(H5N1)	1629	415
PB1|PP755595.1|A/cattle/Texas/24-008749-003/2024(H5N1)	1630	415
PB1|PP755595.1|A/cattle/Texas/24-008749-003/2024(H5N1)	1631	411
PB1|PP755595.1|A/cattle/Texas/24-008749-003/2024(H5N1)	1632	409
PB1|PP755595.1|A/cattle/Texas/24-008749-003/2024(H5N1)	1633	407
PB1|PP755595.1|A/cattle/Texas/24-008749-003/2024(H5N1)	1634	406
PB1|PP755595.1|A/cattle/Texas/24-008749-003/2024(H5N1)	1635	406
PB1|PP755595.1|A/cattle/Texas/24-008749-003/2024(H5N1)	1636	406
PB1|PP755595.1|A/cattle/Texas/24-008749-003/2024(H5N1)	1637	403
PB1|PP755595.1|A/cattle/Texas/24-008749-003/2024(H5N1)	1638	403
PB1|PP755595.1|A/cattle/Texas/24-008749-003/2024(H5N1)	1639	395
PB1|PP755595.1|A/cattle/Texas/24-008749-003/2024(H5N1)	1640	395
PB1|PP755595.1|A/cattle/Texas/24-008749-003/2024(H5N1)	1641	372
PB1|PP755595.1|A/cattle/Texas/24-008749-003/2024(H5N1)	1642	366
PB1|PP755595.1|A/cattle/Texas/24-008749-003/2024(H5N1)	1643	366
PB1|PP755595.1|A/cattle/Texas/24-008749-003/2024(H5N1)	1644	366
PB1|PP755595.1|A/cattle/Texas/24-008749-003/2024(H5N1)	1645	366
PB1|PP755595.1|A/cattle/Texas/24-008749-003/2024(H5N1)	1646	366
PB1|PP755595.1|A/cattle/Texas/24-008749-003/2024(H5N1)	1647	365
PB1|PP755595.1|A/cattle/Texas/24-008749-003/2024(H5N1)	1648	408
PB1|PP755595.1|A/cattle/Texas/24-008749-003/2024(H5N1)	1649	408
PB1|PP755595.1|A/cattle/Texas/24-008749-003/2024(H5N1)	1650	415
PB1|PP755595.1|A/cattle/Texas/24-008749-003/2024(H5N1)	1651	415
PB1|PP755595.1|A/cattle/Texas/24-008749-003/2024(H5N1)	1652	414
PB1|PP755595.1|A/cattle/Texas/24-008749-003/2024(H5N1)	1653	417
PB1|PP755595.1|A/cattle/Texas/24-008749-003/2024(H5N1)	1654	416
PB1|PP755595.1|A/cattle/Texas/24-008749-003/2024(H5N1)	1655	416
PB1|PP755595.1|A/cattle/Texas/24-008749-003/2024(H5N1)	1656	412
PB1|PP755595.1|A/cattle/Texas/24-008749-003/2024(H5N1)	1657	412
PB1|PP755595.1|A/cattle/Texas/24-008749-003/2024(H5N1)	1658	411
PB1|PP755595.1|A/cattle/Texas/24-008749-003/2024(H5N1)	1659	408
PB1|PP755595.1|A/cattle/Texas/24-008749-003/2024(H5N1)	1660	418
PB1|PP755595.1|A/cattle/Texas/24-008749-003/2024(H5N1)	1661	417
PB1|PP755595.1|A/cattle/Texas/24-008749-003/2024(H5N1)	1662	416
PB1|PP755595.1|A/cattle/Texas/24-008749-003/2024(H5N1)	1663	393
PB1|PP755595.1|A/cattle/Texas/24-008749-003/2024(H5N1)	1664	393
PB1|PP755595.1|A/cattle/Texas/24-008749-003/2024(H5N1)	1665	386
PB1|PP755595.1|A/cattle/Texas/24-008749-003/2024(H5N1)	1666	385
PB1|PP755595.1|A/cattle/Texas/24-008749-003/2024(H5N1)	1667	384
PB1|PP755595.1|A/cattle/Texas/24-008749-003/2024(H5N1)	1668	358
PB1|PP755595.1|A/cattle/Texas/24-008749-003/2024(H5N1)	1669	347
PB1|PP755595.1|A/cattle/Texas/24-008749-003/2024(H5N1)	1670	347
PB1|PP755595.1|A/cattle/Texas/24-008749-003/2024(H5N1)	1671	345
PB1|PP755595.1|A/cattle/Texas/24-008749-003/2024(H5N1)	1672	345
PB1|PP755595.1|A/cattle/Texas/24-008749-003/2024(H5N1)	1673	344
PB1|PP755595.1|A/cattle/Texas/24-008749-003/2024(H5N1)	1674	316
PB1|PP755595.1|A/cattle/Texas/24-008749-003/2024(H5N1)	1675	317
PB1|PP755595.1|A/cattle/Texas/24-008749-003/2024(H5N1)	1676	313
PB1|PP755595.1|A/cattle/Texas/24-008749-003/2024(H5N1)	1677	311
PB1|PP755595.1|A/cattle/Texas/24-008749-003/2024(H5N1)	1678	366
PB1|PP755595.1|A/cattle/Texas/24-008749-003/2024(H5N1)	1679	366
PB1|PP755595.1|A/cattle/Texas/24-008749-003/2024(H5N1)	1680	360
PB1|PP755595.1|A/cattle/Texas/24-008749-003/2024(H5N1)	1681	359
PB1|PP755595.1|A/cattle/Texas/24-008749-003/2024(H5N1)	1682	357
PB1|PP755595.1|A/cattle/Texas/24-008749-003/2024(H5N1)	1683	341
PB1|PP755595.1|A/cattle/Texas/24-008749-003/2024(H5N1)	1684	369
PB1|PP755595.1|A/cattle/Texas/24-008749-003/2024(H5N1)	1685	371
PB1|PP755595.1|A/cattle/Texas/24-008749-003/2024(H5N1)	1686	371
PB1|PP755595.1|A/cattle/Texas/24-008749-003/2024(H5N1)	1687	370
PB1|PP755595.1|A/cattle/Texas/24-008749-003/2024(H5N1)	1688	370
PB1|PP755595.1|A/cattle/Texas/24-008749-003/2024(H5N1)	1689	363
PB1|PP755595.1|A/cattle/Texas/24-008749-003/2024(H5N1)	1690	362
PB1|PP755595.1|A/cattle/Texas/24-008749-003/2024(H5N1)	1691	361
PB1|PP755595.1|A/cattle/Texas/24-008749-003/2024(H5N1)	1692	345
PB1|PP755595.1|A/cattle/Texas/24-008749-003/2024(H5N1)	1693	361
PB1|PP755595.1|A/cattle/Texas/24-008749-003/2024(H5N1)	1694	362
PB1|PP755595.1|A/cattle/Texas/24-008749-003/2024(H5N1)	1695	361
PB1|PP755595.1|A/cattle/Texas/24-008749-003/2024(H5N1)	1696	361
PB1|PP755595.1|A/cattle/Texas/24-008749-003/2024(H5N1)	1697	363
PB1|PP755595.1|A/cattle/Texas/24-008749-003/2024(H5N1)	1698	364
PB1|PP755595.1|A/cattle/Texas/24-008749-003/2024(H5N1)	1699	364
PB1|PP755595.1|A/cattle/Texas/24-008749-003/2024(H5N1)	1700	359
PB1|PP755595.1|A/cattle/Texas/24-008749-003/2024(H5N1)	1701	360
PB1|PP755595.1|A/cattle/Texas/24-008749-003/2024(H5N1)	1702	359
PB1|PP755595.1|A/cattle/Texas/24-008749-003/2024(H5N1)	1703	361
PB1|PP755595.1|A/cattle/Texas/24-008749-003/2024(H5N1)	1704	359
PB1|PP755595.1|A/cattle/Texas/24-008749-003/2024(H5N1)	1705	359
PB1|PP755595.1|A/cattle/Texas/24-008749-003/2024(H5N1)	1706	359
PB1|PP755595.1|A/cattle/Texas/24-008749-003/2024(H5N1)	1707	359
PB1|PP755595.1|A/cattle/Texas/24-008749-003/2024(H5N1)	1708	357
PB1|PP755595.1|A/cattle/Texas/24-008749-003/2024(H5N1)	1709	354
PB1|PP755595.1|A/cattle/Texas/24-008749-003/2024(H5N1)	1710	352
PB1|PP755595.1|A/cattle/Texas/24-008749-003/2024(H5N1)	1711	353
PB1|PP755595.1|A/cattle/Texas/24-008749-003/2024(H5N1)	1712	352
PB1|PP755595.1|A/cattle/Texas/24-008749-003/2024(H5N1)	1713	354
PB1|PP755595.1|A/cattle/Texas/24-008749-003/2024(H5N1)	1714	351
PB1|PP755595.1|A/cattle/Texas/24-008749-003/2024(H5N1)	1715	341
PB1|PP755595.1|A/cattle/Texas/24-008749-003/2024(H5N1)	1716	339
PB1|PP755595.1|A/cattle/Texas/24-008749-003/2024(H5N1)	1717	346
PB1|PP755595.1|A/cattle/Texas/24-008749-003/2024(H5N1)	1718	347
PB1|PP755595.1|A/cattle/Texas/24-008749-003/2024(H5N1)	1719	345
PB1|PP755595.1|A/cattle/Texas/24-008749-003/2024(H5N1)	1720	342
PB1|PP755595.1|A/cattle/Texas/24-008749-003/2024(H5N1)	1721	342
PB1|PP755595.1|A/cattle/Texas/24-008749-003/2024(H5N1)	1722	338
PB1|PP755595.1|A/cattle/Texas/24-008749-003/2024(H5N1)	1723	338
PB1|PP755595.1|A/cattle/Texas/24-008749-003/2024(H5N1)	1724	338
PB1|PP755595.1|A/cattle/Texas/24-008749-003/2024(H5N1)	1725	338
PB1|PP755595.1|A/cattle/Texas/24-008749-003/2024(H5N1)	1726	313
PB1|PP755595.1|A/cattle/Texas/24-008749-003/2024(H5N1)	1727	312
PB1|PP755595.1|A/cattle/Texas/24-008749-003/2024(H5N1)	1728	311
PB1|PP755595.1|A/cattle/Texas/24-008749-003/2024(H5N1)	1729	311
PB1|PP755595.1|A/cattle/Texas/24-008749-003/2024(H5N1)	1730	309
PB1|PP755595.1|A/cattle/Texas/24-008749-003/2024(H5N1)	1731	270
PB1|PP755595.1|A/cattle/Texas/24-008749-003/2024(H5N1)	1732	270
PB1|PP755595.1|A/cattle/Texas/24-008749-003/2024(H5N1)	1733	268
PB1|PP755595.1|A/cattle/Texas/24-008749-003/2024(H5N1)	1734	264
PB1|PP755595.1|A/cattle/Texas/24-008749-003/2024(H5N1)	1735	257
PB1|PP755595.1|A/cattle/Texas/24-008749-003/2024(H5N1)	1736	257
PB1|PP755595.1|A/cattle/Texas/24-008749-003/2024(H5N1)	1737	251
PB1|PP755595.1|A/cattle/Texas/24-008749-003/2024(H5N1)	1738	292
PB1|PP755595.1|A/cattle/Texas/24-008749-003/2024(H5N1)	1739	293
PB1|PP755595.1|A/cattle/Texas/24-008749-003/2024(H5N1)	1740	293
PB1|PP755595.1|A/cattle/Texas/24-008749-003/2024(H5N1)	1741	293
PB1|PP755595.1|A/cattle/Texas/24-008749-003/2024(H5N1)	1742	293
PB1|PP755595.1|A/cattle/Texas/24-008749-003/2024(H5N1)	1743	293
PB1|PP755595.1|A/cattle/Texas/24-008749-003/2024(H5N1)	1744	293
PB1|PP755595.1|A/cattle/Texas/24-008749-003/2024(H5N1)	1745	293
PB1|PP755595.1|A/cattle/Texas/24-008749-003/2024(H5N1)	1746	293
PB1|PP755595.1|A/cattle/Texas/24-008749-003/2024(H5N1)	1747	293
PB1|PP755595.1|A/cattle/Texas/24-008749-003/2024(H5N1)	1748	293
PB1|PP755595.1|A/cattle/Texas/24-008749-003/2024(H5N1)	1749	293
PB1|PP755595.1|A/cattle/Texas/24-008749-003/2024(H5N1)	1750	293
PB1|PP755595.1|A/cattle/Texas/24-008749-003/2024(H5N1)	1751	293
PB1|PP755595.1|A/cattle/Texas/24-008749-003/2024(H5N1)	1752	289
PB1|PP755595.1|A/cattle/Texas/24-008749-003/2024(H5N1)	1753	289
PB1|PP755595.1|A/cattle/Texas/24-008749-003/2024(H5N1)	1754	289
PB1|PP755595.1|A/cattle/Texas/24-008749-003/2024(H5N1)	1755	289
PB1|PP755595.1|A/cattle/Texas/24-008749-003/2024(H5N1)	1756	289
PB1|PP755595.1|A/cattle/Texas/24-008749-003/2024(H5N1)	1757	289
PB1|PP755595.1|A/cattle/Texas/24-008749-003/2024(H5N1)	1758	238
PB1|PP755595.1|A/cattle/Texas/24-008749-003/2024(H5N1)	1759	238
PB1|PP755595.1|A/cattle/Texas/24-008749-003/2024(H5N1)	1760	286
PB1|PP755595.1|A/cattle/Texas/24-008749-003/2024(H5N1)	1761	286
PB1|PP755595.1|A/cattle/Texas/24-008749-003/2024(H5N1)	1762	293
PB1|PP755595.1|A/cattle/Texas/24-008749-003/2024(H5N1)	1763	296
PB1|PP755595.1|A/cattle/Texas/24-008749-003/2024(H5N1)	1764	296
PB1|PP755595.1|A/cattle/Texas/24-008749-003/2024(H5N1)	1765	296
PB1|PP755595.1|A/cattle/Texas/24-008749-003/2024(H5N1)	1766	296
PB1|PP755595.1|A/cattle/Texas/24-008749-003/2024(H5N1)	1767	296
PB1|PP755595.1|A/cattle/Texas/24-008749-003/2024(H5N1)	1768	296
PB1|PP755595.1|A/cattle/Texas/24-008749-003/2024(H5N1)	1769	296
PB1|PP755595.1|A/cattle/Texas/24-008749-003/2024(H5N1)	1770	296
PB1|PP755595.1|A/cattle/Texas/24-008749-003/2024(H5N1)	1771	296
PB1|PP755595.1|A/cattle/Texas/24-008749-003/2024(H5N1)	1772	296
PB1|PP755595.1|A/cattle/Texas/24-008749-003/2024(H5N1)	1773	296
PB1|PP755595.1|A/cattle/Texas/24-008749-003/2024(H5N1)	1774	318
PB1|PP755595.1|A/cattle/Texas/24-008749-003/2024(H5N1)	1775	321
PB1|PP755595.1|A/cattle/Texas/24-008749-003/2024(H5N1)	1776	321
PB1|PP755595.1|A/cattle/Texas/24-008749-003/2024(H5N1)	1777	321
PB1|PP755595.1|A/cattle/Texas/24-008749-003/2024(H5N1)	1778	321
PB1|PP755595.1|A/cattle/Texas/24-008749-003/2024(H5N1)	1779	321
PB1|PP755595.1|A/cattle/Texas/24-008749-003/2024(H5N1)	1780	315
PB1|PP755595.1|A/cattle/Texas/24-008749-003/2024(H5N1)	1781	315
PB1|PP755595.1|A/cattle/Texas/24-008749-003/2024(H5N1)	1782	305
PB1|PP755595.1|A/cattle/Texas/24-008749-003/2024(H5N1)	1783	304
PB1|PP755595.1|A/cattle/Texas/24-008749-003/2024(H5N1)	1784	302
PB1|PP755595.1|A/cattle/Texas/24-008749-003/2024(H5N1)	1785	300
PB1|PP755595.1|A/cattle/Texas/24-008749-003/2024(H5N1)	1786	300
PB1|PP755595.1|A/cattle/Texas/24-008749-003/2024(H5N1)	1787	300
PB1|PP755595.1|A/cattle/Texas/24-008749-003/2024(H5N1)	1788	300
PB1|PP755595.1|A/cattle/Texas/24-008749-003/2024(H5N1)	1789	300
PB1|PP755595.1|A/cattle/Texas/24-008749-003/2024(H5N1)	1790	304
PB1|PP755595.1|A/cattle/Texas/24-008749-003/2024(H5N1)	1791	300
PB1|PP755595.1|A/cattle/Texas/24-008749-003/2024(H5N1)	1792	300
PB1|PP755595.1|A/cattle/Texas/24-008749-003/2024(H5N1)	1793	298
PB1|PP755595.1|A/cattle/Texas/24-008749-003/2024(H5N1)	1794	298
PB1|PP755595.1|A/cattle/Texas/24-008749-003/2024(H5N1)	1795	297
PB1|PP755595.1|A/cattle/Texas/24-008749-003/2024(H5N1)	1796	294
PB1|PP755595.1|A/cattle/Texas/24-008749-003/2024(H5N1)	1797	294
PB1|PP755595.1|A/cattle/Texas/24-008749-003/2024(H5N1)	1798	283
PB1|PP755595.1|A/cattle/Texas/24-008749-003/2024(H5N1)	1799	280
PB1|PP755595.1|A/cattle/Texas/24-008749-003/2024(H5N1)	1800	6
PB1|PP755595.1|A/cattle/Texas/24-008749-003/2024(H5N1)	1801	5
PB1|PP755595.1|A/cattle/Texas/24-008749-003/2024(H5N1)	1802	5
PB1|PP755595.1|A/cattle/Texas/24-008749-003/2024(H5N1)	1803	5
PB1|PP755595.1|A/cattle/Texas/24-008749-003/2024(H5N1)	1804	5
PB1|PP755595.1|A/cattle/Texas/24-008749-003/2024(H5N1)	1805	5
PB1|PP755595.1|A/cattle/Texas/24-008749-003/2024(H5N1)	1806	5
PB1|PP755595.1|A/cattle/Texas/24-008749-003/2024(H5N1)	1807	5
PB1|PP755595.1|A/cattle/Texas/24-008749-003/2024(H5N1)	1808	5
PB1|PP755595.1|A/cattle/Texas/24-008749-003/2024(H5N1)	1809	5
PB1|PP755595.1|A/cattle/Texas/24-008749-003/2024(H5N1)	1810	5
PB1|PP755595.1|A/cattle/Texas/24-008749-003/2024(H5N1)	1811	5
PB1|PP755595.1|A/cattle/Texas/24-008749-003/2024(H5N1)	1812	5
PB1|PP755595.1|A/cattle/Texas/24-008749-003/2024(H5N1)	1813	5
PB1|PP755595.1|A/cattle/Texas/24-008749-003/2024(H5N1)	1814	5
PB1|PP755595.1|A/cattle/Texas/24-008749-003/2024(H5N1)	1815	5
PB1|PP755595.1|A/cattle/Texas/24-008749-003/2024(H5N1)	1816	5
PB1|PP755595.1|A/cattle/Texas/24-008749-003/2024(H5N1)	1817	5
PB1|PP755595.1|A/cattle/Texas/24-008749-003/2024(H5N1)	1818	5
PB1|PP755595.1|A/cattle/Texas/24-008749-003/2024(H5N1)	1819	5
PB1|PP755595.1|A/cattle/Texas/24-008749-003/2024(H5N1)	1820	5
PB1|PP755595.1|A/cattle/Texas/24-008749-003/2024(H5N1)	1821	5
PB1|PP755595.1|A/cattle/Texas/24-008749-003/2024(H5N1)	1822	5
PB1|PP755595.1|A/cattle/Texas/24-008749-003/2024(H5N1)	1823	5
PB1|PP755595.1|A/cattle/Texas/24-008749-003/2024(H5N1)	1824	5
PB1|PP755595.1|A/cattle/Texas/24-008749-003/2024(H5N1)	1825	19
PB1|PP755595.1|A/cattle/Texas/24-008749-003/2024(H5N1)	1826	19
PB1|PP755595.1|A/cattle/Texas/24-008749-003/2024(H5N1)	1827	19
PB1|PP755595.1|A/cattle/Texas/24-008749-003/2024(H5N1)	1828	19
PB1|PP755595.1|A/cattle/Texas/24-008749-003/2024(H5N1)	1829	19
PB1|PP755595.1|A/cattle/Texas/24-008749-003/2024(H5N1)	1830	19
PB1|PP755595.1|A/cattle/Texas/24-008749-003/2024(H5N1)	1831	18
PB1|PP755595.1|A/cattle/Texas/24-008749-003/2024(H5N1)	1832	18
PB1|PP755595.1|A/cattle/Texas/24-008749-003/2024(H5N1)	1833	18
PB1|PP755595.1|A/cattle/Texas/24-008749-003/2024(H5N1)	1834	20
PB1|PP755595.1|A/cattle/Texas/24-008749-003/2024(H5N1)	1835	22
PB1|PP755595.1|A/cattle/Texas/24-008749-003/2024(H5N1)	1836	22
PB1|PP755595.1|A/cattle/Texas/24-008749-003/2024(H5N1)	1837	24
PB1|PP755595.1|A/cattle/Texas/24-008749-003/2024(H5N1)	1838	24
PB1|PP755595.1|A/cattle/Texas/24-008749-003/2024(H5N1)	1839	25
PB1|PP755595.1|A/cattle/Texas/24-008749-003/2024(H5N1)	1840	33
PB1|PP755595.1|A/cattle/Texas/24-008749-003/2024(H5N1)	1841	33
PB1|PP755595.1|A/cattle/Texas/24-008749-003/2024(H5N1)	1842	33
PB1|PP755595.1|A/cattle/Texas/24-008749-003/2024(H5N1)	1843	39
PB1|PP755595.1|A/cattle/Texas/24-008749-003/2024(H5N1)	1844	39
PB1|PP755595.1|A/cattle/Texas/24-008749-003/2024(H5N1)	1845	41
PB1|PP755595.1|A/cattle/Texas/24-008749-003/2024(H5N1)	1846	41
PB1|PP755595.1|A/cattle/Texas/24-008749-003/2024(H5N1)	1847	41
PB1|PP755595.1|A/cattle/Texas/24-008749-003/2024(H5N1)	1848	42
PB1|PP755595.1|A/cattle/Texas/24-008749-003/2024(H5N1)	1849	53
PB1|PP755595.1|A/cattle/Texas/24-008749-003/2024(H5N1)	1850	72
PB1|PP755595.1|A/cattle/Texas/24-008749-003/2024(H5N1)	1851	72
PB1|PP755595.1|A/cattle/Texas/24-008749-003/2024(H5N1)	1852	72
PB1|PP755595.1|A/cattle/Texas/24-008749-003/2024(H5N1)	1853	72
PB1|PP755595.1|A/cattle/Texas/24-008749-003/2024(H5N1)	1854	72
PB1|PP755595.1|A/cattle/Texas/24-008749-003/2024(H5N1)	1855	72
PB1|PP755595.1|A/cattle/Texas/24-008749-003/2024(H5N1)	1856	72
PB1|PP755595.1|A/cattle/Texas/24-008749-003/2024(H5N1)	1857	72
PB1|PP755595.1|A/cattle/Texas/24-008749-003/2024(H5N1)	1858	72
PB1|PP755595.1|A/cattle/Texas/24-008749-003/2024(H5N1)	1859	72
PB1|PP755595.1|A/cattle/Texas/24-008749-003/2024(H5N1)	1860	72
PB1|PP755595.1|A/cattle/Texas/24-008749-003/2024(H5N1)	1861	72
PB1|PP755595.1|A/cattle/Texas/24-008749-003/2024(H5N1)	1862	72
PB1|PP755595.1|A/cattle/Texas/24-008749-003/2024(H5N1)	1863	72
PB1|PP755595.1|A/cattle/Texas/24-008749-003/2024(H5N1)	1864	72
PB1|PP755595.1|A/cattle/Texas/24-008749-003/2024(H5N1)	1865	72
PB1|PP755595.1|A/cattle/Texas/24-008749-003/2024(H5N1)	1866	72
PB1|PP755595.1|A/cattle/Texas/24-008749-003/2024(H5N1)	1867	72
PB1|PP755595.1|A/cattle/Texas/24-008749-003/2024(H5N1)	1868	72
PB1|PP755595.1|A/cattle/Texas/24-008749-003/2024(H5N1)	1869	72
PB1|PP755595.1|A/cattle/Texas/24-008749-003/2024(H5N1)	1870	72
PB1|PP755595.1|A/cattle/Texas/24-008749-003/2024(H5N1)	1871	72
PB1|PP755595.1|A/cattle/Texas/24-008749-003/2024(H5N1)	1872	72
PB1|PP755595.1|A/cattle/Texas/24-008749-003/2024(H5N1)	1873	80
PB1|PP755595.1|A/cattle/Texas/24-008749-003/2024(H5N1)	1874	83
PB1|PP755595.1|A/cattle/Texas/24-008749-003/2024(H5N1)	1875	83
PB1|PP755595.1|A/cattle/Texas/24-008749-003/2024(H5N1)	1876	83
PB1|PP755595.1|A/cattle/Texas/24-008749-003/2024(H5N1)	1877	83
PB1|PP755595.1|A/cattle/Texas/24-008749-003/2024(H5N1)	1878	83
PB1|PP755595.1|A/cattle/Texas/24-008749-003/2024(H5N1)	1879	83
PB1|PP755595.1|A/cattle/Texas/24-008749-003/2024(H5N1)	1880	83
PB1|PP755595.1|A/cattle/Texas/24-008749-003/2024(H5N1)	1881	83
PB1|PP755595.1|A/cattle/Texas/24-008749-003/2024(H5N1)	1882	83
PB1|PP755595.1|A/cattle/Texas/24-008749-003/2024(H5N1)	1883	85
PB1|PP755595.1|A/cattle/Texas/24-008749-003/2024(H5N1)	1884	85
PB1|PP755595.1|A/cattle/Texas/24-008749-003/2024(H5N1)	1885	89
PB1|PP755595.1|A/cattle/Texas/24-008749-003/2024(H5N1)	1886	89
PB1|PP755595.1|A/cattle/Texas/24-008749-003/2024(H5N1)	1887	89
PB1|PP755595.1|A/cattle/Texas/24-008749-003/2024(H5N1)	1888	92
PB1|PP755595.1|A/cattle/Texas/24-008749-003/2024(H5N1)	1889	92
PB1|PP755595.1|A/cattle/Texas/24-008749-003/2024(H5N1)	1890	93
PB1|PP755595.1|A/cattle/Texas/24-008749-003/2024(H5N1)	1891	425
PB1|PP755595.1|A/cattle/Texas/24-008749-003/2024(H5N1)	1892	425
PB1|PP755595.1|A/cattle/Texas/24-008749-003/2024(H5N1)	1893	425
PB1|PP755595.1|A/cattle/Texas/24-008749-003/2024(H5N1)	1894	426
PB1|PP755595.1|A/cattle/Texas/24-008749-003/2024(H5N1)	1895	426
PB1|PP755595.1|A/cattle/Texas/24-008749-003/2024(H5N1)	1896	426
PB1|PP755595.1|A/cattle/Texas/24-008749-003/2024(H5N1)	1897	430
PB1|PP755595.1|A/cattle/Texas/24-008749-003/2024(H5N1)	1898	433
PB1|PP755595.1|A/cattle/Texas/24-008749-003/2024(H5N1)	1899	438
PB1|PP755595.1|A/cattle/Texas/24-008749-003/2024(H5N1)	1900	438
PB1|PP755595.1|A/cattle/Texas/24-008749-003/2024(H5N1)	1901	438
PB1|PP755595.1|A/cattle/Texas/24-008749-003/2024(H5N1)	1902	440
PB1|PP755595.1|A/cattle/Texas/24-008749-003/2024(H5N1)	1903	444
PB1|PP755595.1|A/cattle/Texas/24-008749-003/2024(H5N1)	1904	447
PB1|PP755595.1|A/cattle/Texas/24-008749-003/2024(H5N1)	1905	448
PB1|PP755595.1|A/cattle/Texas/24-008749-003/2024(H5N1)	1906	450
PB1|PP755595.1|A/cattle/Texas/24-008749-003/2024(H5N1)	1907	452
PB1|PP755595.1|A/cattle/Texas/24-008749-003/2024(H5N1)	1908	452
PB1|PP755595.1|A/cattle/Texas/24-008749-003/2024(H5N1)	1909	458
PB1|PP755595.1|A/cattle/Texas/24-008749-003/2024(H5N1)	1910	458
PB1|PP755595.1|A/cattle/Texas/24-008749-003/2024(H5N1)	1911	458
PB1|PP755595.1|A/cattle/Texas/24-008749-003/2024(H5N1)	1912	458
PB1|PP755595.1|A/cattle/Texas/24-008749-003/2024(H5N1)	1913	460
PB1|PP755595.1|A/cattle/Texas/24-008749-003/2024(H5N1)	1914	461
PB1|PP755595.1|A/cattle/Texas/24-008749-003/2024(H5N1)	1915	473
PB1|PP755595.1|A/cattle/Texas/24-008749-003/2024(H5N1)	1916	473
PB1|PP755595.1|A/cattle/Texas/24-008749-003/2024(H5N1)	1917	473
PB1|PP755595.1|A/cattle/Texas/24-008749-003/2024(H5N1)	1918	473
PB1|PP755595.1|A/cattle/Texas/24-008749-003/2024(H5N1)	1919	481
PB1|PP755595.1|A/cattle/Texas/24-008749-003/2024(H5N1)	1920	486
PB1|PP755595.1|A/cattle/Texas/24-008749-003/2024(H5N1)	1921	502
PB1|PP755595.1|A/cattle/Texas/24-008749-003/2024(H5N1)	1922	508
PB1|PP755595.1|A/cattle/Texas/24-008749-003/2024(H5N1)	1923	513
PB1|PP755595.1|A/cattle/Texas/24-008749-003/2024(H5N1)	1924	514
PB1|PP755595.1|A/cattle/Texas/24-008749-003/2024(H5N1)	1925	536
PB1|PP755595.1|A/cattle/Texas/24-008749-003/2024(H5N1)	1926	536
PB1|PP755595.1|A/cattle/Texas/24-008749-003/2024(H5N1)	1927	545
PB1|PP755595.1|A/cattle/Texas/24-008749-003/2024(H5N1)	1928	546
PB1|PP755595.1|A/cattle/Texas/24-008749-003/2024(H5N1)	1929	546
PB1|PP755595.1|A/cattle/Texas/24-008749-003/2024(H5N1)	1930	548
PB1|PP755595.1|A/cattle/Texas/24-008749-003/2024(H5N1)	1931	551
PB1|PP755595.1|A/cattle/Texas/24-008749-003/2024(H5N1)	1932	564
PB1|PP755595.1|A/cattle/Texas/24-008749-003/2024(H5N1)	1933	564
PB1|PP755595.1|A/cattle/Texas/24-008749-003/2024(H5N1)	1934	564
PB1|PP755595.1|A/cattle/Texas/24-008749-003/2024(H5N1)	1935	559
PB1|PP755595.1|A/cattle/Texas/24-008749-003/2024(H5N1)	1936	554
PB1|PP755595.1|A/cattle/Texas/24-008749-003/2024(H5N1)	1937	554
PB1|PP755595.1|A/cattle/Texas/24-008749-003/2024(H5N1)	1938	554
PB1|PP755595.1|A/cattle/Texas/24-008749-003/2024(H5N1)	1939	534
PB1|PP755595.1|A/cattle/Texas/24-008749-003/2024(H5N1)	1940	533
PB1|PP755595.1|A/cattle/Texas/24-008749-003/2024(H5N1)	1941	527
PB1|PP755595.1|A/cattle/Texas/24-008749-003/2024(H5N1)	1942	527
PB1|PP755595.1|A/cattle/Texas/24-008749-003/2024(H5N1)	1943	519
PB1|PP755595.1|A/cattle/Texas/24-008749-003/2024(H5N1)	1944	405
PB1|PP755595.1|A/cattle/Texas/24-008749-003/2024(H5N1)	1945	403
PB1|PP755595.1|A/cattle/Texas/24-008749-003/2024(H5N1)	1946	402
PB1|PP755595.1|A/cattle/Texas/24-008749-003/2024(H5N1)	1947	402
PB1|PP755595.1|A/cattle/Texas/24-008749-003/2024(H5N1)	1948	402
PB1|PP755595.1|A/cattle/Texas/24-008749-003/2024(H5N1)	1949	402
PB1|PP755595.1|A/cattle/Texas/24-008749-003/2024(H5N1)	1950	397
PB1|PP755595.1|A/cattle/Texas/24-008749-003/2024(H5N1)	1951	397
PB1|PP755595.1|A/cattle/Texas/24-008749-003/2024(H5N1)	1952	397
PB1|PP755595.1|A/cattle/Texas/24-008749-003/2024(H5N1)	1953	397
PB1|PP755595.1|A/cattle/Texas/24-008749-003/2024(H5N1)	1954	397
PB1|PP755595.1|A/cattle/Texas/24-008749-003/2024(H5N1)	1955	396
PB1|PP755595.1|A/cattle/Texas/24-008749-003/2024(H5N1)	1956	394
PB1|PP755595.1|A/cattle/Texas/24-008749-003/2024(H5N1)	1957	394
PB1|PP755595.1|A/cattle/Texas/24-008749-003/2024(H5N1)	1958	394
PB1|PP755595.1|A/cattle/Texas/24-008749-003/2024(H5N1)	1959	394
PB1|PP755595.1|A/cattle/Texas/24-008749-003/2024(H5N1)	1960	394
PB1|PP755595.1|A/cattle/Texas/24-008749-003/2024(H5N1)	1961	394
PB1|PP755595.1|A/cattle/Texas/24-008749-003/2024(H5N1)	1962	394
PB1|PP755595.1|A/cattle/Texas/24-008749-003/2024(H5N1)	1963	445
PB1|PP755595.1|A/cattle/Texas/24-008749-003/2024(H5N1)	1964	445
PB1|PP755595.1|A/cattle/Texas/24-008749-003/2024(H5N1)	1965	447
PB1|PP755595.1|A/cattle/Texas/24-008749-003/2024(H5N1)	1966	469
PB1|PP755595.1|A/cattle/Texas/24-008749-003/2024(H5N1)	1967	469
PB1|PP755595.1|A/cattle/Texas/24-008749-003/2024(H5N1)	1968	483
PB1|PP755595.1|A/cattle/Texas/24-008749-003/2024(H5N1)	1969	483
PB1|PP755595.1|A/cattle/Texas/24-008749-003/2024(H5N1)	1970	477
PB1|PP755595.1|A/cattle/Texas/24-008749-003/2024(H5N1)	1971	477
PB1|PP755595.1|A/cattle/Texas/24-008749-003/2024(H5N1)	1972	477
PB1|PP755595.1|A/cattle/Texas/24-008749-003/2024(H5N1)	1973	476
PB1|PP755595.1|A/cattle/Texas/24-008749-003/2024(H5N1)	1974	473
PB1|PP755595.1|A/cattle/Texas/24-008749-003/2024(H5N1)	1975	451
PB1|PP755595.1|A/cattle/Texas/24-008749-003/2024(H5N1)	1976	450
PB1|PP755595.1|A/cattle/Texas/24-008749-003/2024(H5N1)	1977	440
PB1|PP755595.1|A/cattle/Texas/24-008749-003/2024(H5N1)	1978	440
PB1|PP755595.1|A/cattle/Texas/24-008749-003/2024(H5N1)	1979	440
PB1|PP755595.1|A/cattle/Texas/24-008749-003/2024(H5N1)	1980	435
PB1|PP755595.1|A/cattle/Texas/24-008749-003/2024(H5N1)	1981	435
PB1|PP755595.1|A/cattle/Texas/24-008749-003/2024(H5N1)	1982	435
PB1|PP755595.1|A/cattle/Texas/24-008749-003/2024(H5N1)	1983	326
PB1|PP755595.1|A/cattle/Texas/24-008749-003/2024(H5N1)	1984	326
PB1|PP755595.1|A/cattle/Texas/24-008749-003/2024(H5N1)	1985	323
PB1|PP755595.1|A/cattle/Texas/24-008749-003/2024(H5N1)	1986	322
PB1|PP755595.1|A/cattle/Texas/24-008749-003/2024(H5N1)	1987	323
PB1|PP755595.1|A/cattle/Texas/24-008749-003/2024(H5N1)	1988	323
PB1|PP755595.1|A/cattle/Texas/24-008749-003/2024(H5N1)	1989	323
PB1|PP755595.1|A/cattle/Texas/24-008749-003/2024(H5N1)	1990	323
PB1|PP755595.1|A/cattle/Texas/24-008749-003/2024(H5N1)	1991	323
PB1|PP755595.1|A/cattle/Texas/24-008749-003/2024(H5N1)	1992	323
PB1|PP755595.1|A/cattle/Texas/24-008749-003/2024(H5N1)	1993	324
PB1|PP755595.1|A/cattle/Texas/24-008749-003/2024(H5N1)	1994	317
PB1|PP755595.1|A/cattle/Texas/24-008749-003/2024(H5N1)	1995	317
PB1|PP755595.1|A/cattle/Texas/24-008749-003/2024(H5N1)	1996	321
PB1|PP755595.1|A/cattle/Texas/24-008749-003/2024(H5N1)	1997	321
PB1|PP755595.1|A/cattle/Texas/24-008749-003/2024(H5N1)	1998	321
PB1|PP755595.1|A/cattle/Texas/24-008749-003/2024(H5N1)	1999	311
PB1|PP755595.1|A/cattle/Texas/24-008749-003/2024(H5N1)	2000	308
PB1|PP755595.1|A/cattle/Texas/24-008749-003/2024(H5N1)	2001	287
PB1|PP755595.1|A/cattle/Texas/24-008749-003/2024(H5N1)	2002	292
PB1|PP755595.1|A/cattle/Texas/24-008749-003/2024(H5N1)	2003	292
PB1|PP755595.1|A/cattle/Texas/24-008749-003/2024(H5N1)	2004	292
PB1|PP755595.1|A/cattle/Texas/24-008749-003/2024(H5N1)	2005	292
PB1|PP755595.1|A/cattle/Texas/24-008749-003/2024(H5N1)	2006	287
PB1|PP755595.1|A/cattle/Texas/24-008749-003/2024(H5N1)	2007	287
PB1|PP755595.1|A/cattle/Texas/24-008749-003/2024(H5N1)	2008	287
PB1|PP755595.1|A/cattle/Texas/24-008749-003/2024(H5N1)	2009	285
PB1|PP755595.1|A/cattle/Texas/24-008749-003/2024(H5N1)	2010	285
PB1|PP755595.1|A/cattle/Texas/24-008749-003/2024(H5N1)	2011	280
PB1|PP755595.1|A/cattle/Texas/24-008749-003/2024(H5N1)	2012	280
PB1|PP755595.1|A/cattle/Texas/24-008749-003/2024(H5N1)	2013	278
PB1|PP755595.1|A/cattle/Texas/24-008749-003/2024(H5N1)	2014	268
PB1|PP755595.1|A/cattle/Texas/24-008749-003/2024(H5N1)	2015	268
PB1|PP755595.1|A/cattle/Texas/24-008749-003/2024(H5N1)	2016	268
PB1|PP755595.1|A/cattle/Texas/24-008749-003/2024(H5N1)	2017	270
PB1|PP755595.1|A/cattle/Texas/24-008749-003/2024(H5N1)	2018	272
PB1|PP755595.1|A/cattle/Texas/24-008749-003/2024(H5N1)	2019	265
PB1|PP755595.1|A/cattle/Texas/24-008749-003/2024(H5N1)	2020	267
PB1|PP755595.1|A/cattle/Texas/24-008749-003/2024(H5N1)	2021	277
PB1|PP755595.1|A/cattle/Texas/24-008749-003/2024(H5N1)	2022	300
PB1|PP755595.1|A/cattle/Texas/24-008749-003/2024(H5N1)	2023	320
PB1|PP755595.1|A/cattle/Texas/24-008749-003/2024(H5N1)	2024	310
PB1|PP755595.1|A/cattle/Texas/24-008749-003/2024(H5N1)	2025	310
PB1|PP755595.1|A/cattle/Texas/24-008749-003/2024(H5N1)	2026	314
PB1|PP755595.1|A/cattle/Texas/24-008749-003/2024(H5N1)	2027	318
PB1|PP755595.1|A/cattle/Texas/24-008749-003/2024(H5N1)	2028	319
PB1|PP755595.1|A/cattle/Texas/24-008749-003/2024(H5N1)	2029	318
PB1|PP755595.1|A/cattle/Texas/24-008749-003/2024(H5N1)	2030	313
PB1|PP755595.1|A/cattle/Texas/24-008749-003/2024(H5N1)	2031	299
PB1|PP755595.1|A/cattle/Texas/24-008749-003/2024(H5N1)	2032	299
PB1|PP755595.1|A/cattle/Texas/24-008749-003/2024(H5N1)	2033	305
PB1|PP755595.1|A/cattle/Texas/24-008749-003/2024(H5N1)	2034	332
PB1|PP755595.1|A/cattle/Texas/24-008749-003/2024(H5N1)	2035	551
PB1|PP755595.1|A/cattle/Texas/24-008749-003/2024(H5N1)	2036	551
PB1|PP755595.1|A/cattle/Texas/24-008749-003/2024(H5N1)	2037	555
PB1|PP755595.1|A/cattle/Texas/24-008749-003/2024(H5N1)	2038	556
PB1|PP755595.1|A/cattle/Texas/24-008749-003/2024(H5N1)	2039	557
PB1|PP755595.1|A/cattle/Texas/24-008749-003/2024(H5N1)	2040	567
PB1|PP755595.1|A/cattle/Texas/24-008749-003/2024(H5N1)	2041	566
PB1|PP755595.1|A/cattle/Texas/24-008749-003/2024(H5N1)	2042	561
PB1|PP755595.1|A/cattle/Texas/24-008749-003/2024(H5N1)	2043	569
PB1|PP755595.1|A/cattle/Texas/24-008749-003/2024(H5N1)	2044	568
PB1|PP755595.1|A/cattle/Texas/24-008749-003/2024(H5N1)	2045	570
PB1|PP755595.1|A/cattle/Texas/24-008749-003/2024(H5N1)	2046	570
PB1|PP755595.1|A/cattle/Texas/24-008749-003/2024(H5N1)	2047	568
PB1|PP755595.1|A/cattle/Texas/24-008749-003/2024(H5N1)	2048	564
PB1|PP755595.1|A/cattle/Texas/24-008749-003/2024(H5N1)	2049	563
PB1|PP755595.1|A/cattle/Texas/24-008749-003/2024(H5N1)	2050	563
PB1|PP755595.1|A/cattle/Texas/24-008749-003/2024(H5N1)	2051	563
PB1|PP755595.1|A/cattle/Texas/24-008749-003/2024(H5N1)	2052	555
PB1|PP755595.1|A/cattle/Texas/24-008749-003/2024(H5N1)	2053	560
PB1|PP755595.1|A/cattle/Texas/24-008749-003/2024(H5N1)	2054	560
PB1|PP755595.1|A/cattle/Texas/24-008749-003/2024(H5N1)	2055	558
PB1|PP755595.1|A/cattle/Texas/24-008749-003/2024(H5N1)	2056	582
PB1|PP755595.1|A/cattle/Texas/24-008749-003/2024(H5N1)	2057	585
PB1|PP755595.1|A/cattle/Texas/24-008749-003/2024(H5N1)	2058	585
PB1|PP755595.1|A/cattle/Texas/24-008749-003/2024(H5N1)	2059	585
PB1|PP755595.1|A/cattle/Texas/24-008749-003/2024(H5N1)	2060	579
PB1|PP755595.1|A/cattle/Texas/24-008749-003/2024(H5N1)	2061	582
PB1|PP755595.1|A/cattle/Texas/24-008749-003/2024(H5N1)	2062	585
PB1|PP755595.1|A/cattle/Texas/24-008749-003/2024(H5N1)	2063	583
PB1|PP755595.1|A/cattle/Texas/24-008749-003/2024(H5N1)	2064	581
PB1|PP755595.1|A/cattle/Texas/24-008749-003/2024(H5N1)	2065	570
PB1|PP755595.1|A/cattle/Texas/24-008749-003/2024(H5N1)	2066	566
PB1|PP755595.1|A/cattle/Texas/24-008749-003/2024(H5N1)	2067	500
PB1|PP755595.1|A/cattle/Texas/24-008749-003/2024(H5N1)	2068	498
PB1|PP755595.1|A/cattle/Texas/24-008749-003/2024(H5N1)	2069	490
PB1|PP755595.1|A/cattle/Texas/24-008749-003/2024(H5N1)	2070	490
PB1|PP755595.1|A/cattle/Texas/24-008749-003/2024(H5N1)	2071	494
PB1|PP755595.1|A/cattle/Texas/24-008749-003/2024(H5N1)	2072	493
PB1|PP755595.1|A/cattle/Texas/24-008749-003/2024(H5N1)	2073	490
PB1|PP755595.1|A/cattle/Texas/24-008749-003/2024(H5N1)	2074	559
PB1|PP755595.1|A/cattle/Texas/24-008749-003/2024(H5N1)	2075	583
PB1|PP755595.1|A/cattle/Texas/24-008749-003/2024(H5N1)	2076	586
PB1|PP755595.1|A/cattle/Texas/24-008749-003/2024(H5N1)	2077	586
PB1|PP755595.1|A/cattle/Texas/24-008749-003/2024(H5N1)	2078	586
PB1|PP755595.1|A/cattle/Texas/24-008749-003/2024(H5N1)	2079	586
PB1|PP755595.1|A/cattle/Texas/24-008749-003/2024(H5N1)	2080	586
PB1|PP755595.1|A/cattle/Texas/24-008749-003/2024(H5N1)	2081	587
PB1|PP755595.1|A/cattle/Texas/24-008749-003/2024(H5N1)	2082	588
PB1|PP755595.1|A/cattle/Texas/24-008749-003/2024(H5N1)	2083	588
PB1|PP755595.1|A/cattle/Texas/24-008749-003/2024(H5N1)	2084	591
PB1|PP755595.1|A/cattle/Texas/24-008749-003/2024(H5N1)	2085	597
PB1|PP755595.1|A/cattle/Texas/24-008749-003/2024(H5N1)	2086	599
PB1|PP755595.1|A/cattle/Texas/24-008749-003/2024(H5N1)	2087	599
PB1|PP755595.1|A/cattle/Texas/24-008749-003/2024(H5N1)	2088	583
PB1|PP755595.1|A/cattle/Texas/24-008749-003/2024(H5N1)	2089	583
PB1|PP755595.1|A/cattle/Texas/24-008749-003/2024(H5N1)	2090	583
PB1|PP755595.1|A/cattle/Texas/24-008749-003/2024(H5N1)	2091	583
PB1|PP755595.1|A/cattle/Texas/24-008749-003/2024(H5N1)	2092	667
PB1|PP755595.1|A/cattle/Texas/24-008749-003/2024(H5N1)	2093	680
PB1|PP755595.1|A/cattle/Texas/24-008749-003/2024(H5N1)	2094	680
PB1|PP755595.1|A/cattle/Texas/24-008749-003/2024(H5N1)	2095	682
PB1|PP755595.1|A/cattle/Texas/24-008749-003/2024(H5N1)	2096	689
PB1|PP755595.1|A/cattle/Texas/24-008749-003/2024(H5N1)	2097	693
PB1|PP755595.1|A/cattle/Texas/24-008749-003/2024(H5N1)	2098	702
PB1|PP755595.1|A/cattle/Texas/24-008749-003/2024(H5N1)	2099	708
PB1|PP755595.1|A/cattle/Texas/24-008749-003/2024(H5N1)	2100	704
PB1|PP755595.1|A/cattle/Texas/24-008749-003/2024(H5N1)	2101	705
PB1|PP755595.1|A/cattle/Texas/24-008749-003/2024(H5N1)	2102	705
PB1|PP755595.1|A/cattle/Texas/24-008749-003/2024(H5N1)	2103	689
PB1|PP755595.1|A/cattle/Texas/24-008749-003/2024(H5N1)	2104	689
PB1|PP755595.1|A/cattle/Texas/24-008749-003/2024(H5N1)	2105	693
PB1|PP755595.1|A/cattle/Texas/24-008749-003/2024(H5N1)	2106	751
PB1|PP755595.1|A/cattle/Texas/24-008749-003/2024(H5N1)	2107	774
PB1|PP755595.1|A/cattle/Texas/24-008749-003/2024(H5N1)	2108	774
PB1|PP755595.1|A/cattle/Texas/24-008749-003/2024(H5N1)	2109	786
PB1|PP755595.1|A/cattle/Texas/24-008749-003/2024(H5N1)	2110	806
PB1|PP755595.1|A/cattle/Texas/24-008749-003/2024(H5N1)	2111	809
PB1|PP755595.1|A/cattle/Texas/24-008749-003/2024(H5N1)	2112	824
PB1|PP755595.1|A/cattle/Texas/24-008749-003/2024(H5N1)	2113	827
PB1|PP755595.1|A/cattle/Texas/24-008749-003/2024(H5N1)	2114	827
PB1|PP755595.1|A/cattle/Texas/24-008749-003/2024(H5N1)	2115	827
PB1|PP755595.1|A/cattle/Texas/24-008749-003/2024(H5N1)	2116	811
PB1|PP755595.1|A/cattle/Texas/24-008749-003/2024(H5N1)	2117	798
PB1|PP755595.1|A/cattle/Texas/24-008749-003/2024(H5N1)	2118	808
PB1|PP755595.1|A/cattle/Texas/24-008749-003/2024(H5N1)	2119	795
PB1|PP755595.1|A/cattle/Texas/24-008749-003/2024(H5N1)	2120	795
PB1|PP755595.1|A/cattle/Texas/24-008749-003/2024(H5N1)	2121	771
PB1|PP755595.1|A/cattle/Texas/24-008749-003/2024(H5N1)	2122	777
PB1|PP755595.1|A/cattle/Texas/24-008749-003/2024(H5N1)	2123	778
PB1|PP755595.1|A/cattle/Texas/24-008749-003/2024(H5N1)	2124	778
PB1|PP755595.1|A/cattle/Texas/24-008749-003/2024(H5N1)	2125	785
PB1|PP755595.1|A/cattle/Texas/24-008749-003/2024(H5N1)	2126	789
PB1|PP755595.1|A/cattle/Texas/24-008749-003/2024(H5N1)	2127	796
PB1|PP755595.1|A/cattle/Texas/24-008749-003/2024(H5N1)	2128	799
PB1|PP755595.1|A/cattle/Texas/24-008749-003/2024(H5N1)	2129	803
PB1|PP755595.1|A/cattle/Texas/24-008749-003/2024(H5N1)	2130	815
PB1|PP755595.1|A/cattle/Texas/24-008749-003/2024(H5N1)	2131	816
PB1|PP755595.1|A/cattle/Texas/24-008749-003/2024(H5N1)	2132	816
PB1|PP755595.1|A/cattle/Texas/24-008749-003/2024(H5N1)	2133	812
PB1|PP755595.1|A/cattle/Texas/24-008749-003/2024(H5N1)	2134	841
PB1|PP755595.1|A/cattle/Texas/24-008749-003/2024(H5N1)	2135	823
PB1|PP755595.1|A/cattle/Texas/24-008749-003/2024(H5N1)	2136	823
PB1|PP755595.1|A/cattle/Texas/24-008749-003/2024(H5N1)	2137	823
PB1|PP755595.1|A/cattle/Texas/24-008749-003/2024(H5N1)	2138	820
PB1|PP755595.1|A/cattle/Texas/24-008749-003/2024(H5N1)	2139	816
PB1|PP755595.1|A/cattle/Texas/24-008749-003/2024(H5N1)	2140	865
PB1|PP755595.1|A/cattle/Texas/24-008749-003/2024(H5N1)	2141	856
PB1|PP755595.1|A/cattle/Texas/24-008749-003/2024(H5N1)	2142	854
PB1|PP755595.1|A/cattle/Texas/24-008749-003/2024(H5N1)	2143	849
PB1|PP755595.1|A/cattle/Texas/24-008749-003/2024(H5N1)	2144	847
PB1|PP755595.1|A/cattle/Texas/24-008749-003/2024(H5N1)	2145	843
PB1|PP755595.1|A/cattle/Texas/24-008749-003/2024(H5N1)	2146	844
PB1|PP755595.1|A/cattle/Texas/24-008749-003/2024(H5N1)	2147	849
PB1|PP755595.1|A/cattle/Texas/24-008749-003/2024(H5N1)	2148	848
PB1|PP755595.1|A/cattle/Texas/24-008749-003/2024(H5N1)	2149	846
PB1|PP755595.1|A/cattle/Texas/24-008749-003/2024(H5N1)	2150	845
PB1|PP755595.1|A/cattle/Texas/24-008749-003/2024(H5N1)	2151	835
PB1|PP755595.1|A/cattle/Texas/24-008749-003/2024(H5N1)	2152	803
PB1|PP755595.1|A/cattle/Texas/24-008749-003/2024(H5N1)	2153	798
PB1|PP755595.1|A/cattle/Texas/24-008749-003/2024(H5N1)	2154	801
PB1|PP755595.1|A/cattle/Texas/24-008749-003/2024(H5N1)	2155	801
PB1|PP755595.1|A/cattle/Texas/24-008749-003/2024(H5N1)	2156	787
PB1|PP755595.1|A/cattle/Texas/24-008749-003/2024(H5N1)	2157	786
PB1|PP755595.1|A/cattle/Texas/24-008749-003/2024(H5N1)	2158	772
PB1|PP755595.1|A/cattle/Texas/24-008749-003/2024(H5N1)	2159	768
PB1|PP755595.1|A/cattle/Texas/24-008749-003/2024(H5N1)	2160	769
PB1|PP755595.1|A/cattle/Texas/24-008749-003/2024(H5N1)	2161	763
PB1|PP755595.1|A/cattle/Texas/24-008749-003/2024(H5N1)	2162	780
PB1|PP755595.1|A/cattle/Texas/24-008749-003/2024(H5N1)	2163	778
PB1|PP755595.1|A/cattle/Texas/24-008749-003/2024(H5N1)	2164	776
PB1|PP755595.1|A/cattle/Texas/24-008749-003/2024(H5N1)	2165	772
PB1|PP755595.1|A/cattle/Texas/24-008749-003/2024(H5N1)	2166	875
PB1|PP755595.1|A/cattle/Texas/24-008749-003/2024(H5N1)	2167	872
PB1|PP755595.1|A/cattle/Texas/24-008749-003/2024(H5N1)	2168	873
PB1|PP755595.1|A/cattle/Texas/24-008749-003/2024(H5N1)	2169	893
PB1|PP755595.1|A/cattle/Texas/24-008749-003/2024(H5N1)	2170	896
PB1|PP755595.1|A/cattle/Texas/24-008749-003/2024(H5N1)	2171	912
PB1|PP755595.1|A/cattle/Texas/24-008749-003/2024(H5N1)	2172	886
PB1|PP755595.1|A/cattle/Texas/24-008749-003/2024(H5N1)	2173	882
PB1|PP755595.1|A/cattle/Texas/24-008749-003/2024(H5N1)	2174	868
PB1|PP755595.1|A/cattle/Texas/24-008749-003/2024(H5N1)	2175	868
PB1|PP755595.1|A/cattle/Texas/24-008749-003/2024(H5N1)	2176	865
PB1|PP755595.1|A/cattle/Texas/24-008749-003/2024(H5N1)	2177	855
PB1|PP755595.1|A/cattle/Texas/24-008749-003/2024(H5N1)	2178	856
PB1|PP755595.1|A/cattle/Texas/24-008749-003/2024(H5N1)	2179	853
PB1|PP755595.1|A/cattle/Texas/24-008749-003/2024(H5N1)	2180	850
PB1|PP755595.1|A/cattle/Texas/24-008749-003/2024(H5N1)	2181	857
PB1|PP755595.1|A/cattle/Texas/24-008749-003/2024(H5N1)	2182	857
PB1|PP755595.1|A/cattle/Texas/24-008749-003/2024(H5N1)	2183	855
PB1|PP755595.1|A/cattle/Texas/24-008749-003/2024(H5N1)	2184	806
PB1|PP755595.1|A/cattle/Texas/24-008749-003/2024(H5N1)	2185	807
PB1|PP755595.1|A/cattle/Texas/24-008749-003/2024(H5N1)	2186	806
PB1|PP755595.1|A/cattle/Texas/24-008749-003/2024(H5N1)	2187	803
PB1|PP755595.1|A/cattle/Texas/24-008749-003/2024(H5N1)	2188	794
PB1|PP755595.1|A/cattle/Texas/24-008749-003/2024(H5N1)	2189	794
PB1|PP755595.1|A/cattle/Texas/24-008749-003/2024(H5N1)	2190	778
PB1|PP755595.1|A/cattle/Texas/24-008749-003/2024(H5N1)	2191	778
PB1|PP755595.1|A/cattle/Texas/24-008749-003/2024(H5N1)	2192	778
PB1|PP755595.1|A/cattle/Texas/24-008749-003/2024(H5N1)	2193	778
PB1|PP755595.1|A/cattle/Texas/24-008749-003/2024(H5N1)	2194	769
PB1|PP755595.1|A/cattle/Texas/24-008749-003/2024(H5N1)	2195	762
PB1|PP755595.1|A/cattle/Texas/24-008749-003/2024(H5N1)	2196	756
PB1|PP755595.1|A/cattle/Texas/24-008749-003/2024(H5N1)	2197	755
PB1|PP755595.1|A/cattle/Texas/24-008749-003/2024(H5N1)	2198	755
PB1|PP755595.1|A/cattle/Texas/24-008749-003/2024(H5N1)	2199	749
PB1|PP755595.1|A/cattle/Texas/24-008749-003/2024(H5N1)	2200	739
PB1|PP755595.1|A/cattle/Texas/24-008749-003/2024(H5N1)	2201	720
PB1|PP755595.1|A/cattle/Texas/24-008749-003/2024(H5N1)	2202	719
PB1|PP755595.1|A/cattle/Texas/24-008749-003/2024(H5N1)	2203	716
PB1|PP755595.1|A/cattle/Texas/24-008749-003/2024(H5N1)	2204	711
PB1|PP755595.1|A/cattle/Texas/24-008749-003/2024(H5N1)	2205	710
PB1|PP755595.1|A/cattle/Texas/24-008749-003/2024(H5N1)	2206	709
PB1|PP755595.1|A/cattle/Texas/24-008749-003/2024(H5N1)	2207	708
PB1|PP755595.1|A/cattle/Texas/24-008749-003/2024(H5N1)	2208	703
PB1|PP755595.1|A/cattle/Texas/24-008749-003/2024(H5N1)	2209	713
PB1|PP755595.1|A/cattle/Texas/24-008749-003/2024(H5N1)	2210	713
PB1|PP755595.1|A/cattle/Texas/24-008749-003/2024(H5N1)	2211	712
PB1|PP755595.1|A/cattle/Texas/24-008749-003/2024(H5N1)	2212	708
PB1|PP755595.1|A/cattle/Texas/24-008749-003/2024(H5N1)	2213	706
PB1|PP755595.1|A/cattle/Texas/24-008749-003/2024(H5N1)	2214	706
PB1|PP755595.1|A/cattle/Texas/24-008749-003/2024(H5N1)	2215	707
PB1|PP755595.1|A/cattle/Texas/24-008749-003/2024(H5N1)	2216	707
PB1|PP755595.1|A/cattle/Texas/24-008749-003/2024(H5N1)	2217	706
PB1|PP755595.1|A/cattle/Texas/24-008749-003/2024(H5N1)	2218	702
PB1|PP755595.1|A/cattle/Texas/24-008749-003/2024(H5N1)	2219	702
PB1|PP755595.1|A/cattle/Texas/24-008749-003/2024(H5N1)	2220	699
PB1|PP755595.1|A/cattle/Texas/24-008749-003/2024(H5N1)	2221	698
PB1|PP755595.1|A/cattle/Texas/24-008749-003/2024(H5N1)	2222	692
PB1|PP755595.1|A/cattle/Texas/24-008749-003/2024(H5N1)	2223	692
PB1|PP755595.1|A/cattle/Texas/24-008749-003/2024(H5N1)	2224	692
PB1|PP755595.1|A/cattle/Texas/24-008749-003/2024(H5N1)	2225	673
PB1|PP755595.1|A/cattle/Texas/24-008749-003/2024(H5N1)	2226	672
PB1|PP755595.1|A/cattle/Texas/24-008749-003/2024(H5N1)	2227	671
PB1|PP755595.1|A/cattle/Texas/24-008749-003/2024(H5N1)	2228	671
PB1|PP755595.1|A/cattle/Texas/24-008749-003/2024(H5N1)	2229	670
PB1|PP755595.1|A/cattle/Texas/24-008749-003/2024(H5N1)	2230	676
PB1|PP755595.1|A/cattle/Texas/24-008749-003/2024(H5N1)	2231	677
PB1|PP755595.1|A/cattle/Texas/24-008749-003/2024(H5N1)	2232	676
PB1|PP755595.1|A/cattle/Texas/24-008749-003/2024(H5N1)	2233	676
PB1|PP755595.1|A/cattle/Texas/24-008749-003/2024(H5N1)	2234	676
PB1|PP755595.1|A/cattle/Texas/24-008749-003/2024(H5N1)	2235	670
PB1|PP755595.1|A/cattle/Texas/24-008749-003/2024(H5N1)	2236	664
PB1|PP755595.1|A/cattle/Texas/24-008749-003/2024(H5N1)	2237	662
PB1|PP755595.1|A/cattle/Texas/24-008749-003/2024(H5N1)	2238	659
PB1|PP755595.1|A/cattle/Texas/24-008749-003/2024(H5N1)	2239	637
PB1|PP755595.1|A/cattle/Texas/24-008749-003/2024(H5N1)	2240	641
PB1|PP755595.1|A/cattle/Texas/24-008749-003/2024(H5N1)	2241	640
PB1|PP755595.1|A/cattle/Texas/24-008749-003/2024(H5N1)	2242	640
PB1|PP755595.1|A/cattle/Texas/24-008749-003/2024(H5N1)	2243	640
PB1|PP755595.1|A/cattle/Texas/24-008749-003/2024(H5N1)	2244	622
PB1|PP755595.1|A/cattle/Texas/24-008749-003/2024(H5N1)	2245	621
PB1|PP755595.1|A/cattle/Texas/24-008749-003/2024(H5N1)	2246	618
PB1|PP755595.1|A/cattle/Texas/24-008749-003/2024(H5N1)	2247	606
PB1|PP755595.1|A/cattle/Texas/24-008749-003/2024(H5N1)	2248	603
PB1|PP755595.1|A/cattle/Texas/24-008749-003/2024(H5N1)	2249	595
PB1|PP755595.1|A/cattle/Texas/24-008749-003/2024(H5N1)	2250	589
PB1|PP755595.1|A/cattle/Texas/24-008749-003/2024(H5N1)	2251	585
PB1|PP755595.1|A/cattle/Texas/24-008749-003/2024(H5N1)	2252	584
PB1|PP755595.1|A/cattle/Texas/24-008749-003/2024(H5N1)	2253	583
PB1|PP755595.1|A/cattle/Texas/24-008749-003/2024(H5N1)	2254	578
PB1|PP755595.1|A/cattle/Texas/24-008749-003/2024(H5N1)	2255	496
PB1|PP755595.1|A/cattle/Texas/24-008749-003/2024(H5N1)	2256	494
PB1|PP755595.1|A/cattle/Texas/24-008749-003/2024(H5N1)	2257	482
PB1|PP755595.1|A/cattle/Texas/24-008749-003/2024(H5N1)	2258	478
PB1|PP755595.1|A/cattle/Texas/24-008749-003/2024(H5N1)	2259	478
PB1|PP755595.1|A/cattle/Texas/24-008749-003/2024(H5N1)	2260	468
PB1|PP755595.1|A/cattle/Texas/24-008749-003/2024(H5N1)	2261	464
PB1|PP755595.1|A/cattle/Texas/24-008749-003/2024(H5N1)	2262	463
PB1|PP755595.1|A/cattle/Texas/24-008749-003/2024(H5N1)	2263	448
PB1|PP755595.1|A/cattle/Texas/24-008749-003/2024(H5N1)	2264	439
PB1|PP755595.1|A/cattle/Texas/24-008749-003/2024(H5N1)	2265	421
PB1|PP755595.1|A/cattle/Texas/24-008749-003/2024(H5N1)	2266	419
PB1|PP755595.1|A/cattle/Texas/24-008749-003/2024(H5N1)	2267	419
PB1|PP755595.1|A/cattle/Texas/24-008749-003/2024(H5N1)	2268	411
PB1|PP755595.1|A/cattle/Texas/24-008749-003/2024(H5N1)	2269	412
PB1|PP755595.1|A/cattle/Texas/24-008749-003/2024(H5N1)	2270	412
PB1|PP755595.1|A/cattle/Texas/24-008749-003/2024(H5N1)	2271	411
PB1|PP755595.1|A/cattle/Texas/24-008749-003/2024(H5N1)	2272	411
PB1|PP755595.1|A/cattle/Texas/24-008749-003/2024(H5N1)	2273	405
PB1|PP755595.1|A/cattle/Texas/24-008749-003/2024(H5N1)	2274	405
