NS|PP755593.1|A/cattle/Texas/24-008749-003/2024(H5N1)	1	11349
NS|PP755593.1|A/cattle/Texas/24-008749-003/2024(H5N1)	2	11380
NS|PP755593.1|A/cattle/Texas/24-008749-003/2024(H5N1)	3	11653
NS|PP755593.1|A/cattle/Texas/24-008749-003/2024(H5N1)	4	12033
NS|PP755593.1|A/cattle/Texas/24-008749-003/2024(H5N1)	5	12653
NS|PP755593.1|A/cattle/Texas/24-008749-003/2024(H5N1)	6	19035
NS|PP755593.1|A/cattle/Texas/24-008749-003/2024(H5N1)	7	19044
NS|PP755593.1|A/cattle/Texas/24-008749-003/2024(H5N1)	8	19358
NS|PP755593.1|A/cattle/Texas/24-008749-003/2024(H5N1)	9	19704
NS|PP755593.1|A/cattle/Texas/24-008749-003/2024(H5N1)	10	19710
NS|PP755593.1|A/cattle/Texas/24-008749-003/2024(H5N1)	11	20055
NS|PP755593.1|A/cattle/Texas/24-008749-003/2024(H5N1)	12	20097
NS|PP755593.1|A/cattle/Texas/24-008749-003/2024(H5N1)	13	20102
NS|PP755593.1|A/cattle/Texas/24-008749-003/2024(H5N1)	14	20164
NS|PP755593.1|A/cattle/Texas/24-008749-003/2024(H5N1)	15	20168
NS|PP755593.1|A/cattle/Texas/24-008749-003/2024(H5N1)	16	22286
NS|PP755593.1|A/cattle/Texas/24-008749-003/2024(H5N1)	17	22391
NS|PP755593.1|A/cattle/Texas/24-008749-003/2024(H5N1)	18	22499
NS|PP755593.1|A/cattle/Texas/24-008749-003/2024(H5N1)	19	22527
NS|PP755593.1|A/cattle/Texas/24-008749-003/2024(H5N1)	20	22535
NS|PP755593.1|A/cattle/Texas/24-008749-003/2024(H5N1)	21	22572
NS|PP755593.1|A/cattle/Texas/24-008749-003/2024(H5N1)	22	22580
NS|PP755593.1|A/cattle/Texas/24-008749-003/2024(H5N1)	23	22931
NS|PP755593.1|A/cattle/Texas/24-008749-003/2024(H5N1)	24	23421
NS|PP755593.1|A/cattle/Texas/24-008749-003/2024(H5N1)	25	23445
NS|PP755593.1|A/cattle/Texas/24-008749-003/2024(H5N1)	26	23694
NS|PP755593.1|A/cattle/Texas/24-008749-003/2024(H5N1)	27	23698
NS|PP755593.1|A/cattle/Texas/24-008749-003/2024(H5N1)	28	24451
NS|PP755593.1|A/cattle/Texas/24-008749-003/2024(H5N1)	29	24452
NS|PP755593.1|A/cattle/Texas/24-008749-003/2024(H5N1)	30	24626
NS|PP755593.1|A/cattle/Texas/24-008749-003/2024(H5N1)	31	24723
NS|PP755593.1|A/cattle/Texas/24-008749-003/2024(H5N1)	32	24780
NS|PP755593.1|A/cattle/Texas/24-008749-003/2024(H5N1)	33	24846
NS|PP755593.1|A/cattle/Texas/24-008749-003/2024(H5N1)	34	24913
NS|PP755593.1|A/cattle/Texas/24-008749-003/2024(H5N1)	35	25046
NS|PP755593.1|A/cattle/Texas/24-008749-003/2024(H5N1)	36	25177
NS|PP755593.1|A/cattle/Texas/24-008749-003/2024(H5N1)	37	25231
NS|PP755593.1|A/cattle/Texas/24-008749-003/2024(H5N1)	38	25703
NS|PP755593.1|A/cattle/Texas/24-008749-003/2024(H5N1)	39	25868
NS|PP755593.1|A/cattle/Texas/24-008749-003/2024(H5N1)	40	25880
NS|PP755593.1|A/cattle/Texas/24-008749-003/2024(H5N1)	41	26142
NS|PP755593.1|A/cattle/Texas/24-008749-003/2024(H5N1)	42	26347
NS|PP755593.1|A/cattle/Texas/24-008749-003/2024(H5N1)	43	26561
NS|PP755593.1|A/cattle/Texas/24-008749-003/2024(H5N1)	44	26977
NS|PP755593.1|A/cattle/Texas/24-008749-003/2024(H5N1)	45	26983
NS|PP755593.1|A/cattle/Texas/24-008749-003/2024(H5N1)	46	27212
NS|PP755593.1|A/cattle/Texas/24-008749-003/2024(H5N1)	47	27238
NS|PP755593.1|A/cattle/Texas/24-008749-003/2024(H5N1)	48	27245
NS|PP755593.1|A/cattle/Texas/24-008749-003/2024(H5N1)	49	27310
NS|PP755593.1|A/cattle/Texas/24-008749-003/2024(H5N1)	50	27295
NS|PP755593.1|A/cattle/Texas/24-008749-003/2024(H5N1)	51	27514
NS|PP755593.1|A/cattle/Texas/24-008749-003/2024(H5N1)	52	27803
NS|PP755593.1|A/cattle/Texas/24-008749-003/2024(H5N1)	53	27864
NS|PP755593.1|A/cattle/Texas/24-008749-003/2024(H5N1)	54	27955
NS|PP755593.1|A/cattle/Texas/24-008749-003/2024(H5N1)	55	27998
NS|PP755593.1|A/cattle/Texas/24-008749-003/2024(H5N1)	56	27999
NS|PP755593.1|A/cattle/Texas/24-008749-003/2024(H5N1)	57	28012
NS|PP755593.1|A/cattle/Texas/24-008749-003/2024(H5N1)	58	28031
NS|PP755593.1|A/cattle/Texas/24-008749-003/2024(H5N1)	59	28195
NS|PP755593.1|A/cattle/Texas/24-008749-003/2024(H5N1)	60	28240
NS|PP755593.1|A/cattle/Texas/24-008749-003/2024(H5N1)	61	28443
NS|PP755593.1|A/cattle/Texas/24-008749-003/2024(H5N1)	62	28471
NS|PP755593.1|A/cattle/Texas/24-008749-003/2024(H5N1)	63	28500
NS|PP755593.1|A/cattle/Texas/24-008749-003/2024(H5N1)	64	28534
NS|PP755593.1|A/cattle/Texas/24-008749-003/2024(H5N1)	65	28604
NS|PP755593.1|A/cattle/Texas/24-008749-003/2024(H5N1)	66	28620
NS|PP755593.1|A/cattle/Texas/24-008749-003/2024(H5N1)	67	28624
NS|PP755593.1|A/cattle/Texas/24-008749-003/2024(H5N1)	68	28637
NS|PP755593.1|A/cattle/Texas/24-008749-003/2024(H5N1)	69	28627
NS|PP755593.1|A/cattle/Texas/24-008749-003/2024(H5N1)	70	28999
NS|PP755593.1|A/cattle/Texas/24-008749-003/2024(H5N1)	71	30106
NS|PP755593.1|A/cattle/Texas/24-008749-003/2024(H5N1)	72	30649
NS|PP755593.1|A/cattle/Texas/24-008749-003/2024(H5N1)	73	30692
NS|PP755593.1|A/cattle/Texas/24-008749-003/2024(H5N1)	74	30840
NS|PP755593.1|A/cattle/Texas/24-008749-003/2024(H5N1)	75	30941
NS|PP755593.1|A/cattle/Texas/24-008749-003/2024(H5N1)	76	32252
NS|PP755593.1|A/cattle/Texas/24-008749-003/2024(H5N1)	77	32426
NS|PP755593.1|A/cattle/Texas/24-008749-003/2024(H5N1)	78	32541
NS|PP755593.1|A/cattle/Texas/24-008749-003/2024(H5N1)	79	32588
NS|PP755593.1|A/cattle/Texas/24-008749-003/2024(H5N1)	80	32411
NS|PP755593.1|A/cattle/Texas/24-008749-003/2024(H5N1)	81	32929
NS|PP755593.1|A/cattle/Texas/24-008749-003/2024(H5N1)	82	33043
NS|PP755593.1|A/cattle/Texas/24-008749-003/2024(H5N1)	83	33540
NS|PP755593.1|A/cattle/Texas/24-008749-003/2024(H5N1)	84	33541
NS|PP755593.1|A/cattle/Texas/24-008749-003/2024(H5N1)	85	33373
NS|PP755593.1|A/cattle/Texas/24-008749-003/2024(H5N1)	86	33470
NS|PP755593.1|A/cattle/Texas/24-008749-003/2024(H5N1)	87	33877
NS|PP755593.1|A/cattle/Texas/24-008749-003/2024(H5N1)	88	34512
NS|PP755593.1|A/cattle/Texas/24-008749-003/2024(H5N1)	89	35056
NS|PP755593.1|A/cattle/Texas/24-008749-003/2024(H5N1)	90	35175
NS|PP755593.1|A/cattle/Texas/24-008749-003/2024(H5N1)	91	35200
NS|PP755593.1|A/cattle/Texas/24-008749-003/2024(H5N1)	92	35167
NS|PP755593.1|A/cattle/Texas/24-008749-003/2024(H5N1)	93	35211
NS|PP755593.1|A/cattle/Texas/24-008749-003/2024(H5N1)	94	35900
NS|PP755593.1|A/cattle/Texas/24-008749-003/2024(H5N1)	95	36197
NS|PP755593.1|A/cattle/Texas/24-008749-003/2024(H5N1)	96	36404
NS|PP755593.1|A/cattle/Texas/24-008749-003/2024(H5N1)	97	36663
NS|PP755593.1|A/cattle/Texas/24-008749-003/2024(H5N1)	98	36775
NS|PP755593.1|A/cattle/Texas/24-008749-003/2024(H5N1)	99	36769
NS|PP755593.1|A/cattle/Texas/24-008749-003/2024(H5N1)	100	36796
NS|PP755593.1|A/cattle/Texas/24-008749-003/2024(H5N1)	101	36828
NS|PP755593.1|A/cattle/Texas/24-008749-003/2024(H5N1)	102	36852
NS|PP755593.1|A/cattle/Texas/24-008749-003/2024(H5N1)	103	36772
NS|PP755593.1|A/cattle/Texas/24-008749-003/2024(H5N1)	104	36730
NS|PP755593.1|A/cattle/Texas/24-008749-003/2024(H5N1)	105	37291
NS|PP755593.1|A/cattle/Texas/24-008749-003/2024(H5N1)	106	37291
NS|PP755593.1|A/cattle/Texas/24-008749-003/2024(H5N1)	107	37440
NS|PP755593.1|A/cattle/Texas/24-008749-003/2024(H5N1)	108	37570
NS|PP755593.1|A/cattle/Texas/24-008749-003/2024(H5N1)	109	37685
NS|PP755593.1|A/cattle/Texas/24-008749-003/2024(H5N1)	110	37776
NS|PP755593.1|A/cattle/Texas/24-008749-003/2024(H5N1)	111	37780
NS|PP755593.1|A/cattle/Texas/24-008749-003/2024(H5N1)	112	37778
NS|PP755593.1|A/cattle/Texas/24-008749-003/2024(H5N1)	113	37795
NS|PP755593.1|A/cattle/Texas/24-008749-003/2024(H5N1)	114	37691
NS|PP755593.1|A/cattle/Texas/24-008749-003/2024(H5N1)	115	37682
NS|PP755593.1|A/cattle/Texas/24-008749-003/2024(H5N1)	116	37466
NS|PP755593.1|A/cattle/Texas/24-008749-003/2024(H5N1)	117	37279
NS|PP755593.1|A/cattle/Texas/24-008749-003/2024(H5N1)	118	37338
NS|PP755593.1|A/cattle/Texas/24-008749-003/2024(H5N1)	119	37304
NS|PP755593.1|A/cattle/Texas/24-008749-003/2024(H5N1)	120	37301
NS|PP755593.1|A/cattle/Texas/24-008749-003/2024(H5N1)	121	37287
NS|PP755593.1|A/cattle/Texas/24-008749-003/2024(H5N1)	122	37247
NS|PP755593.1|A/cattle/Texas/24-008749-003/2024(H5N1)	123	36487
NS|PP755593.1|A/cattle/Texas/24-008749-003/2024(H5N1)	124	38005
NS|PP755593.1|A/cattle/Texas/24-008749-003/2024(H5N1)	125	32431
NS|PP755593.1|A/cattle/Texas/24-008749-003/2024(H5N1)	126	30736
NS|PP755593.1|A/cattle/Texas/24-008749-003/2024(H5N1)	127	30874
NS|PP755593.1|A/cattle/Texas/24-008749-003/2024(H5N1)	128	30926
NS|PP755593.1|A/cattle/Texas/24-008749-003/2024(H5N1)	129	31046
NS|PP755593.1|A/cattle/Texas/24-008749-003/2024(H5N1)	130	33229
NS|PP755593.1|A/cattle/Texas/24-008749-003/2024(H5N1)	131	33944
NS|PP755593.1|A/cattle/Texas/24-008749-003/2024(H5N1)	132	33972
NS|PP755593.1|A/cattle/Texas/24-008749-003/2024(H5N1)	133	34406
NS|PP755593.1|A/cattle/Texas/24-008749-003/2024(H5N1)	134	34685
NS|PP755593.1|A/cattle/Texas/24-008749-003/2024(H5N1)	135	34719
NS|PP755593.1|A/cattle/Texas/24-008749-003/2024(H5N1)	136	34488
NS|PP755593.1|A/cattle/Texas/24-008749-003/2024(H5N1)	137	34500
NS|PP755593.1|A/cattle/Texas/24-008749-003/2024(H5N1)	138	35117
NS|PP755593.1|A/cattle/Texas/24-008749-003/2024(H5N1)	139	35250
NS|PP755593.1|A/cattle/Texas/24-008749-003/2024(H5N1)	140	36355
NS|PP755593.1|A/cattle/Texas/24-008749-003/2024(H5N1)	141	36285
NS|PP755593.1|A/cattle/Texas/24-008749-003/2024(H5N1)	142	36122
NS|PP755593.1|A/cattle/Texas/24-008749-003/2024(H5N1)	143	36259
NS|PP755593.1|A/cattle/Texas/24-008749-003/2024(H5N1)	144	36949
NS|PP755593.1|A/cattle/Texas/24-008749-003/2024(H5N1)	145	36943
NS|PP755593.1|A/cattle/Texas/24-008749-003/2024(H5N1)	146	38404
NS|PP755593.1|A/cattle/Texas/24-008749-003/2024(H5N1)	147	38150
NS|PP755593.1|A/cattle/Texas/24-008749-003/2024(H5N1)	148	38172
NS|PP755593.1|A/cattle/Texas/24-008749-003/2024(H5N1)	149	38615
NS|PP755593.1|A/cattle/Texas/24-008749-003/2024(H5N1)	150	38620
NS|PP755593.1|A/cattle/Texas/24-008749-003/2024(H5N1)	151	39801
NS|PP755593.1|A/cattle/Texas/24-008749-003/2024(H5N1)	152	40228
NS|PP755593.1|A/cattle/Texas/24-008749-003/2024(H5N1)	153	40771
NS|PP755593.1|A/cattle/Texas/24-008749-003/2024(H5N1)	154	34447
NS|PP755593.1|A/cattle/Texas/24-008749-003/2024(H5N1)	155	33653
NS|PP755593.1|A/cattle/Texas/24-008749-003/2024(H5N1)	156	33810
NS|PP755593.1|A/cattle/Texas/24-008749-003/2024(H5N1)	157	33829
NS|PP755593.1|A/cattle/Texas/24-008749-003/2024(H5N1)	158	34590
NS|PP755593.1|A/cattle/Texas/24-008749-003/2024(H5N1)	159	34670
NS|PP755593.1|A/cattle/Texas/24-008749-003/2024(H5N1)	160	34162
NS|PP755593.1|A/cattle/Texas/24-008749-003/2024(H5N1)	161	34247
NS|PP755593.1|A/cattle/Texas/24-008749-003/2024(H5N1)	162	33950
NS|PP755593.1|A/cattle/Texas/24-008749-003/2024(H5N1)	163	33982
NS|PP755593.1|A/cattle/Texas/24-008749-003/2024(H5N1)	164	33971
NS|PP755593.1|A/cattle/Texas/24-008749-003/2024(H5N1)	165	33575
NS|PP755593.1|A/cattle/Texas/24-008749-003/2024(H5N1)	166	33675
NS|PP755593.1|A/cattle/Texas/24-008749-003/2024(H5N1)	167	31971
NS|PP755593.1|A/cattle/Texas/24-008749-003/2024(H5N1)	168	31928
NS|PP755593.1|A/cattle/Texas/24-008749-003/2024(H5N1)	169	31965
NS|PP755593.1|A/cattle/Texas/24-008749-003/2024(H5N1)	170	32165
NS|PP755593.1|A/cattle/Texas/24-008749-003/2024(H5N1)	171	32405
NS|PP755593.1|A/cattle/Texas/24-008749-003/2024(H5N1)	172	32401
NS|PP755593.1|A/cattle/Texas/24-008749-003/2024(H5N1)	173	32211
NS|PP755593.1|A/cattle/Texas/24-008749-003/2024(H5N1)	174	31853
NS|PP755593.1|A/cattle/Texas/24-008749-003/2024(H5N1)	175	32179
NS|PP755593.1|A/cattle/Texas/24-008749-003/2024(H5N1)	176	32437
NS|PP755593.1|A/cattle/Texas/24-008749-003/2024(H5N1)	177	32353
NS|PP755593.1|A/cattle/Texas/24-008749-003/2024(H5N1)	178	32365
NS|PP755593.1|A/cattle/Texas/24-008749-003/2024(H5N1)	179	31704
NS|PP755593.1|A/cattle/Texas/24-008749-003/2024(H5N1)	180	31442
NS|PP755593.1|A/cattle/Texas/24-008749-003/2024(H5N1)	181	31942
NS|PP755593.1|A/cattle/Texas/24-008749-003/2024(H5N1)	182	31974
NS|PP755593.1|A/cattle/Texas/24-008749-003/2024(H5N1)	183	32183
NS|PP755593.1|A/cattle/Texas/24-008749-003/2024(H5N1)	184	35329
NS|PP755593.1|A/cattle/Texas/24-008749-003/2024(H5N1)	185	35432
NS|PP755593.1|A/cattle/Texas/24-008749-003/2024(H5N1)	186	36068
NS|PP755593.1|A/cattle/Texas/24-008749-003/2024(H5N1)	187	36130
NS|PP755593.1|A/cattle/Texas/24-008749-003/2024(H5N1)	188	36442
NS|PP755593.1|A/cattle/Texas/24-008749-003/2024(H5N1)	189	36149
NS|PP755593.1|A/cattle/Texas/24-008749-003/2024(H5N1)	190	36211
NS|PP755593.1|A/cattle/Texas/24-008749-003/2024(H5N1)	191	36383
NS|PP755593.1|A/cattle/Texas/24-008749-003/2024(H5N1)	192	36132
NS|PP755593.1|A/cattle/Texas/24-008749-003/2024(H5N1)	193	36447
NS|PP755593.1|A/cattle/Texas/24-008749-003/2024(H5N1)	194	36322
NS|PP755593.1|A/cattle/Texas/24-008749-003/2024(H5N1)	195	35861
NS|PP755593.1|A/cattle/Texas/24-008749-003/2024(H5N1)	196	36027
NS|PP755593.1|A/cattle/Texas/24-008749-003/2024(H5N1)	197	35891
NS|PP755593.1|A/cattle/Texas/24-008749-003/2024(H5N1)	198	35842
NS|PP755593.1|A/cattle/Texas/24-008749-003/2024(H5N1)	199	35926
NS|PP755593.1|A/cattle/Texas/24-008749-003/2024(H5N1)	200	35918
NS|PP755593.1|A/cattle/Texas/24-008749-003/2024(H5N1)	201	36215
NS|PP755593.1|A/cattle/Texas/24-008749-003/2024(H5N1)	202	36049
NS|PP755593.1|A/cattle/Texas/24-008749-003/2024(H5N1)	203	35873
NS|PP755593.1|A/cattle/Texas/24-008749-003/2024(H5N1)	204	35816
NS|PP755593.1|A/cattle/Texas/24-008749-003/2024(H5N1)	205	35860
NS|PP755593.1|A/cattle/Texas/24-008749-003/2024(H5N1)	206	36123
NS|PP755593.1|A/cattle/Texas/24-008749-003/2024(H5N1)	207	36152
NS|PP755593.1|A/cattle/Texas/24-008749-003/2024(H5N1)	208	36168
NS|PP755593.1|A/cattle/Texas/24-008749-003/2024(H5N1)	209	36200
NS|PP755593.1|A/cattle/Texas/24-008749-003/2024(H5N1)	210	36017
NS|PP755593.1|A/cattle/Texas/24-008749-003/2024(H5N1)	211	36111
NS|PP755593.1|A/cattle/Texas/24-008749-003/2024(H5N1)	212	37889
NS|PP755593.1|A/cattle/Texas/24-008749-003/2024(H5N1)	213	37865
NS|PP755593.1|A/cattle/Texas/24-008749-003/2024(H5N1)	214	38257
NS|PP755593.1|A/cattle/Texas/24-008749-003/2024(H5N1)	215	38522
NS|PP755593.1|A/cattle/Texas/24-008749-003/2024(H5N1)	216	38765
NS|PP755593.1|A/cattle/Texas/24-008749-003/2024(H5N1)	217	38773
NS|PP755593.1|A/cattle/Texas/24-008749-003/2024(H5N1)	218	38639
NS|PP755593.1|A/cattle/Texas/24-008749-003/2024(H5N1)	219	38545
NS|PP755593.1|A/cattle/Texas/24-008749-003/2024(H5N1)	220	38539
NS|PP755593.1|A/cattle/Texas/24-008749-003/2024(H5N1)	221	39887
NS|PP755593.1|A/cattle/Texas/24-008749-003/2024(H5N1)	222	39035
NS|PP755593.1|A/cattle/Texas/24-008749-003/2024(H5N1)	223	38456
NS|PP755593.1|A/cattle/Texas/24-008749-003/2024(H5N1)	224	38505
NS|PP755593.1|A/cattle/Texas/24-008749-003/2024(H5N1)	225	38420
NS|PP755593.1|A/cattle/Texas/24-008749-003/2024(H5N1)	226	38483
NS|PP755593.1|A/cattle/Texas/24-008749-003/2024(H5N1)	227	37232
NS|PP755593.1|A/cattle/Texas/24-008749-003/2024(H5N1)	228	37227
NS|PP755593.1|A/cattle/Texas/24-008749-003/2024(H5N1)	229	37722
NS|PP755593.1|A/cattle/Texas/24-008749-003/2024(H5N1)	230	37755
NS|PP755593.1|A/cattle/Texas/24-008749-003/2024(H5N1)	231	38158
NS|PP755593.1|A/cattle/Texas/24-008749-003/2024(H5N1)	232	37764
NS|PP755593.1|A/cattle/Texas/24-008749-003/2024(H5N1)	233	37684
NS|PP755593.1|A/cattle/Texas/24-008749-003/2024(H5N1)	234	37288
NS|PP755593.1|A/cattle/Texas/24-008749-003/2024(H5N1)	235	37283
NS|PP755593.1|A/cattle/Texas/24-008749-003/2024(H5N1)	236	37398
NS|PP755593.1|A/cattle/Texas/24-008749-003/2024(H5N1)	237	37409
NS|PP755593.1|A/cattle/Texas/24-008749-003/2024(H5N1)	238	37211
NS|PP755593.1|A/cattle/Texas/24-008749-003/2024(H5N1)	239	36914
NS|PP755593.1|A/cattle/Texas/24-008749-003/2024(H5N1)	240	36923
NS|PP755593.1|A/cattle/Texas/24-008749-003/2024(H5N1)	241	36943
NS|PP755593.1|A/cattle/Texas/24-008749-003/2024(H5N1)	242	36947
NS|PP755593.1|A/cattle/Texas/24-008749-003/2024(H5N1)	243	36915
NS|PP755593.1|A/cattle/Texas/24-008749-003/2024(H5N1)	244	36923
NS|PP755593.1|A/cattle/Texas/24-008749-003/2024(H5N1)	245	36016
NS|PP755593.1|A/cattle/Texas/24-008749-003/2024(H5N1)	246	35905
NS|PP755593.1|A/cattle/Texas/24-008749-003/2024(H5N1)	247	35004
NS|PP755593.1|A/cattle/Texas/24-008749-003/2024(H5N1)	248	34592
NS|PP755593.1|A/cattle/Texas/24-008749-003/2024(H5N1)	249	34579
NS|PP755593.1|A/cattle/Texas/24-008749-003/2024(H5N1)	250	34751
NS|PP755593.1|A/cattle/Texas/24-008749-003/2024(H5N1)	251	34972
NS|PP755593.1|A/cattle/Texas/24-008749-003/2024(H5N1)	252	34973
NS|PP755593.1|A/cattle/Texas/24-008749-003/2024(H5N1)	253	35220
NS|PP755593.1|A/cattle/Texas/24-008749-003/2024(H5N1)	254	35144
NS|PP755593.1|A/cattle/Texas/24-008749-003/2024(H5N1)	255	34930
NS|PP755593.1|A/cattle/Texas/24-008749-003/2024(H5N1)	256	35521
NS|PP755593.1|A/cattle/Texas/24-008749-003/2024(H5N1)	257	35872
NS|PP755593.1|A/cattle/Texas/24-008749-003/2024(H5N1)	258	35701
NS|PP755593.1|A/cattle/Texas/24-008749-003/2024(H5N1)	259	35592
NS|PP755593.1|A/cattle/Texas/24-008749-003/2024(H5N1)	260	36249
NS|PP755593.1|A/cattle/Texas/24-008749-003/2024(H5N1)	261	36332
NS|PP755593.1|A/cattle/Texas/24-008749-003/2024(H5N1)	262	36476
NS|PP755593.1|A/cattle/Texas/24-008749-003/2024(H5N1)	263	36480
NS|PP755593.1|A/cattle/Texas/24-008749-003/2024(H5N1)	264	36609
NS|PP755593.1|A/cattle/Texas/24-008749-003/2024(H5N1)	265	36048
NS|PP755593.1|A/cattle/Texas/24-008749-003/2024(H5N1)	266	37789
NS|PP755593.1|A/cattle/Texas/24-008749-003/2024(H5N1)	267	37981
NS|PP755593.1|A/cattle/Texas/24-008749-003/2024(H5N1)	268	37912
NS|PP755593.1|A/cattle/Texas/24-008749-003/2024(H5N1)	269	37961
NS|PP755593.1|A/cattle/Texas/24-008749-003/2024(H5N1)	270	37929
NS|PP755593.1|A/cattle/Texas/24-008749-003/2024(H5N1)	271	37909
NS|PP755593.1|A/cattle/Texas/24-008749-003/2024(H5N1)	272	37715
NS|PP755593.1|A/cattle/Texas/24-008749-003/2024(H5N1)	273	37241
NS|PP755593.1|A/cattle/Texas/24-008749-003/2024(H5N1)	274	37439
NS|PP755593.1|A/cattle/Texas/24-008749-003/2024(H5N1)	275	35854
NS|PP755593.1|A/cattle/Texas/24-008749-003/2024(H5N1)	276	35795
NS|PP755593.1|A/cattle/Texas/24-008749-003/2024(H5N1)	277	35818
NS|PP755593.1|A/cattle/Texas/24-008749-003/2024(H5N1)	278	36332
NS|PP755593.1|A/cattle/Texas/24-008749-003/2024(H5N1)	279	36272
NS|PP755593.1|A/cattle/Texas/24-008749-003/2024(H5N1)	280	36420
NS|PP755593.1|A/cattle/Texas/24-008749-003/2024(H5N1)	281	37391
NS|PP755593.1|A/cattle/Texas/24-008749-003/2024(H5N1)	282	37378
NS|PP755593.1|A/cattle/Texas/24-008749-003/2024(H5N1)	283	37544
NS|PP755593.1|A/cattle/Texas/24-008749-003/2024(H5N1)	284	37484
NS|PP755593.1|A/cattle/Texas/24-008749-003/2024(H5N1)	285	37437
NS|PP755593.1|A/cattle/Texas/24-008749-003/2024(H5N1)	286	37467
NS|PP755593.1|A/cattle/Texas/24-008749-003/2024(H5N1)	287	39477
NS|PP755593.1|A/cattle/Texas/24-008749-003/2024(H5N1)	288	39488
NS|PP755593.1|A/cattle/Texas/24-008749-003/2024(H5N1)	289	39010
NS|PP755593.1|A/cattle/Texas/24-008749-003/2024(H5N1)	290	37295
NS|PP755593.1|A/cattle/Texas/24-008749-003/2024(H5N1)	291	37831
NS|PP755593.1|A/cattle/Texas/24-008749-003/2024(H5N1)	292	37507
NS|PP755593.1|A/cattle/Texas/24-008749-003/2024(H5N1)	293	38190
NS|PP755593.1|A/cattle/Texas/24-008749-003/2024(H5N1)	294	38693
NS|PP755593.1|A/cattle/Texas/24-008749-003/2024(H5N1)	295	38666
NS|PP755593.1|A/cattle/Texas/24-008749-003/2024(H5N1)	296	37483
NS|PP755593.1|A/cattle/Texas/24-008749-003/2024(H5N1)	297	37352
NS|PP755593.1|A/cattle/Texas/24-008749-003/2024(H5N1)	298	37338
NS|PP755593.1|A/cattle/Texas/24-008749-003/2024(H5N1)	299	37312
NS|PP755593.1|A/cattle/Texas/24-008749-003/2024(H5N1)	300	37614
NS|PP755593.1|A/cattle/Texas/24-008749-003/2024(H5N1)	301	37739
NS|PP755593.1|A/cattle/Texas/24-008749-003/2024(H5N1)	302	36311
NS|PP755593.1|A/cattle/Texas/24-008749-003/2024(H5N1)	303	36255
NS|PP755593.1|A/cattle/Texas/24-008749-003/2024(H5N1)	304	35745
NS|PP755593.1|A/cattle/Texas/24-008749-003/2024(H5N1)	305	37998
NS|PP755593.1|A/cattle/Texas/24-008749-003/2024(H5N1)	306	38771
NS|PP755593.1|A/cattle/Texas/24-008749-003/2024(H5N1)	307	38726
NS|PP755593.1|A/cattle/Texas/24-008749-003/2024(H5N1)	308	38726
NS|PP755593.1|A/cattle/Texas/24-008749-003/2024(H5N1)	309	37671
NS|PP755593.1|A/cattle/Texas/24-008749-003/2024(H5N1)	310	37666
NS|PP755593.1|A/cattle/Texas/24-008749-003/2024(H5N1)	311	37837
NS|PP755593.1|A/cattle/Texas/24-008749-003/2024(H5N1)	312	37868
NS|PP755593.1|A/cattle/Texas/24-008749-003/2024(H5N1)	313	38239
NS|PP755593.1|A/cattle/Texas/24-008749-003/2024(H5N1)	314	36139
NS|PP755593.1|A/cattle/Texas/24-008749-003/2024(H5N1)	315	35436
NS|PP755593.1|A/cattle/Texas/24-008749-003/2024(H5N1)	316	35284
NS|PP755593.1|A/cattle/Texas/24-008749-003/2024(H5N1)	317	35510
NS|PP755593.1|A/cattle/Texas/24-008749-003/2024(H5N1)	318	35376
NS|PP755593.1|A/cattle/Texas/24-008749-003/2024(H5N1)	319	35233
NS|PP755593.1|A/cattle/Texas/24-008749-003/2024(H5N1)	320	35167
NS|PP755593.1|A/cattle/Texas/24-008749-003/2024(H5N1)	321	35030
NS|PP755593.1|A/cattle/Texas/24-008749-003/2024(H5N1)	322	34740
NS|PP755593.1|A/cattle/Texas/24-008749-003/2024(H5N1)	323	34723
NS|PP755593.1|A/cattle/Texas/24-008749-003/2024(H5N1)	324	34333
NS|PP755593.1|A/cattle/Texas/24-008749-003/2024(H5N1)	325	34316
NS|PP755593.1|A/cattle/Texas/24-008749-003/2024(H5N1)	326	33956
NS|PP755593.1|A/cattle/Texas/24-008749-003/2024(H5N1)	327	33722
NS|PP755593.1|A/cattle/Texas/24-008749-003/2024(H5N1)	328	35027
NS|PP755593.1|A/cattle/Texas/24-008749-003/2024(H5N1)	329	35027
NS|PP755593.1|A/cattle/Texas/24-008749-003/2024(H5N1)	330	34937
NS|PP755593.1|A/cattle/Texas/24-008749-003/2024(H5N1)	331	34932
NS|PP755593.1|A/cattle/Texas/24-008749-003/2024(H5N1)	332	34439
NS|PP755593.1|A/cattle/Texas/24-008749-003/2024(H5N1)	333	34400
NS|PP755593.1|A/cattle/Texas/24-008749-003/2024(H5N1)	334	34227
NS|PP755593.1|A/cattle/Texas/24-008749-003/2024(H5N1)	335	34065
NS|PP755593.1|A/cattle/Texas/24-008749-003/2024(H5N1)	336	33870
NS|PP755593.1|A/cattle/Texas/24-008749-003/2024(H5N1)	337	33128
NS|PP755593.1|A/cattle/Texas/24-008749-003/2024(H5N1)	338	33066
NS|PP755593.1|A/cattle/Texas/24-008749-003/2024(H5N1)	339	32631
NS|PP755593.1|A/cattle/Texas/24-008749-003/2024(H5N1)	340	32433
NS|PP755593.1|A/cattle/Texas/24-008749-003/2024(H5N1)	341	32272
NS|PP755593.1|A/cattle/Texas/24-008749-003/2024(H5N1)	342	32195
NS|PP755593.1|A/cattle/Texas/24-008749-003/2024(H5N1)	343	31738
NS|PP755593.1|A/cattle/Texas/24-008749-003/2024(H5N1)	344	31637
NS|PP755593.1|A/cattle/Texas/24-008749-003/2024(H5N1)	345	30752
NS|PP755593.1|A/cattle/Texas/24-008749-003/2024(H5N1)	346	30564
NS|PP755593.1|A/cattle/Texas/24-008749-003/2024(H5N1)	347	30565
NS|PP755593.1|A/cattle/Texas/24-008749-003/2024(H5N1)	348	30567
NS|PP755593.1|A/cattle/Texas/24-008749-003/2024(H5N1)	349	34046
NS|PP755593.1|A/cattle/Texas/24-008749-003/2024(H5N1)	350	34120
NS|PP755593.1|A/cattle/Texas/24-008749-003/2024(H5N1)	351	34144
NS|PP755593.1|A/cattle/Texas/24-008749-003/2024(H5N1)	352	34566
NS|PP755593.1|A/cattle/Texas/24-008749-003/2024(H5N1)	353	36173
NS|PP755593.1|A/cattle/Texas/24-008749-003/2024(H5N1)	354	37022
NS|PP755593.1|A/cattle/Texas/24-008749-003/2024(H5N1)	355	37373
NS|PP755593.1|A/cattle/Texas/24-008749-003/2024(H5N1)	356	37255
NS|PP755593.1|A/cattle/Texas/24-008749-003/2024(H5N1)	357	37231
NS|PP755593.1|A/cattle/Texas/24-008749-003/2024(H5N1)	358	37373
NS|PP755593.1|A/cattle/Texas/24-008749-003/2024(H5N1)	359	37338
NS|PP755593.1|A/cattle/Texas/24-008749-003/2024(H5N1)	360	37928
NS|PP755593.1|A/cattle/Texas/24-008749-003/2024(H5N1)	361	37258
NS|PP755593.1|A/cattle/Texas/24-008749-003/2024(H5N1)	362	35876
NS|PP755593.1|A/cattle/Texas/24-008749-003/2024(H5N1)	363	36829
NS|PP755593.1|A/cattle/Texas/24-008749-003/2024(H5N1)	364	37078
NS|PP755593.1|A/cattle/Texas/24-008749-003/2024(H5N1)	365	36703
NS|PP755593.1|A/cattle/Texas/24-008749-003/2024(H5N1)	366	35889
NS|PP755593.1|A/cattle/Texas/24-008749-003/2024(H5N1)	367	36826
NS|PP755593.1|A/cattle/Texas/24-008749-003/2024(H5N1)	368	36813
NS|PP755593.1|A/cattle/Texas/24-008749-003/2024(H5N1)	369	36688
NS|PP755593.1|A/cattle/Texas/24-008749-003/2024(H5N1)	370	38540
NS|PP755593.1|A/cattle/Texas/24-008749-003/2024(H5N1)	371	38558
NS|PP755593.1|A/cattle/Texas/24-008749-003/2024(H5N1)	372	37601
NS|PP755593.1|A/cattle/Texas/24-008749-003/2024(H5N1)	373	37748
NS|PP755593.1|A/cattle/Texas/24-008749-003/2024(H5N1)	374	37687
NS|PP755593.1|A/cattle/Texas/24-008749-003/2024(H5N1)	375	37721
NS|PP755593.1|A/cattle/Texas/24-008749-003/2024(H5N1)	376	37542
NS|PP755593.1|A/cattle/Texas/24-008749-003/2024(H5N1)	377	37596
NS|PP755593.1|A/cattle/Texas/24-008749-003/2024(H5N1)	378	37664
NS|PP755593.1|A/cattle/Texas/24-008749-003/2024(H5N1)	379	37721
NS|PP755593.1|A/cattle/Texas/24-008749-003/2024(H5N1)	380	37382
NS|PP755593.1|A/cattle/Texas/24-008749-003/2024(H5N1)	381	37272
NS|PP755593.1|A/cattle/Texas/24-008749-003/2024(H5N1)	382	37045
NS|PP755593.1|A/cattle/Texas/24-008749-003/2024(H5N1)	383	37034
NS|PP755593.1|A/cattle/Texas/24-008749-003/2024(H5N1)	384	36995
NS|PP755593.1|A/cattle/Texas/24-008749-003/2024(H5N1)	385	37166
NS|PP755593.1|A/cattle/Texas/24-008749-003/2024(H5N1)	386	37193
NS|PP755593.1|A/cattle/Texas/24-008749-003/2024(H5N1)	387	37187
NS|PP755593.1|A/cattle/Texas/24-008749-003/2024(H5N1)	388	37431
NS|PP755593.1|A/cattle/Texas/24-008749-003/2024(H5N1)	389	37143
NS|PP755593.1|A/cattle/Texas/24-008749-003/2024(H5N1)	390	36437
NS|PP755593.1|A/cattle/Texas/24-008749-003/2024(H5N1)	391	36478
NS|PP755593.1|A/cattle/Texas/24-008749-003/2024(H5N1)	392	36487
NS|PP755593.1|A/cattle/Texas/24-008749-003/2024(H5N1)	393	36447
NS|PP755593.1|A/cattle/Texas/24-008749-003/2024(H5N1)	394	36815
NS|PP755593.1|A/cattle/Texas/24-008749-003/2024(H5N1)	395	36776
NS|PP755593.1|A/cattle/Texas/24-008749-003/2024(H5N1)	396	36896
NS|PP755593.1|A/cattle/Texas/24-008749-003/2024(H5N1)	397	36760
NS|PP755593.1|A/cattle/Texas/24-008749-003/2024(H5N1)	398	37271
NS|PP755593.1|A/cattle/Texas/24-008749-003/2024(H5N1)	399	37217
NS|PP755593.1|A/cattle/Texas/24-008749-003/2024(H5N1)	400	37220
NS|PP755593.1|A/cattle/Texas/24-008749-003/2024(H5N1)	401	37567
NS|PP755593.1|A/cattle/Texas/24-008749-003/2024(H5N1)	402	37431
NS|PP755593.1|A/cattle/Texas/24-008749-003/2024(H5N1)	403	37101
NS|PP755593.1|A/cattle/Texas/24-008749-003/2024(H5N1)	404	37099
NS|PP755593.1|A/cattle/Texas/24-008749-003/2024(H5N1)	405	37073
NS|PP755593.1|A/cattle/Texas/24-008749-003/2024(H5N1)	406	37017
NS|PP755593.1|A/cattle/Texas/24-008749-003/2024(H5N1)	407	36340
NS|PP755593.1|A/cattle/Texas/24-008749-003/2024(H5N1)	408	36053
NS|PP755593.1|A/cattle/Texas/24-008749-003/2024(H5N1)	409	35973
NS|PP755593.1|A/cattle/Texas/24-008749-003/2024(H5N1)	410	35881
NS|PP755593.1|A/cattle/Texas/24-008749-003/2024(H5N1)	411	26423
NS|PP755593.1|A/cattle/Texas/24-008749-003/2024(H5N1)	412	26374
NS|PP755593.1|A/cattle/Texas/24-008749-003/2024(H5N1)	413	26223
NS|PP755593.1|A/cattle/Texas/24-008749-003/2024(H5N1)	414	26205
NS|PP755593.1|A/cattle/Texas/24-008749-003/2024(H5N1)	415	26204
NS|PP755593.1|A/cattle/Texas/24-008749-003/2024(H5N1)	416	26226
NS|PP755593.1|A/cattle/Texas/24-008749-003/2024(H5N1)	417	26250
NS|PP755593.1|A/cattle/Texas/24-008749-003/2024(H5N1)	418	27939
NS|PP755593.1|A/cattle/Texas/24-008749-003/2024(H5N1)	419	27975
NS|PP755593.1|A/cattle/Texas/24-008749-003/2024(H5N1)	420	29088
NS|PP755593.1|A/cattle/Texas/24-008749-003/2024(H5N1)	421	29353
NS|PP755593.1|A/cattle/Texas/24-008749-003/2024(H5N1)	422	31232
NS|PP755593.1|A/cattle/Texas/24-008749-003/2024(H5N1)	423	31352
NS|PP755593.1|A/cattle/Texas/24-008749-003/2024(H5N1)	424	31370
NS|PP755593.1|A/cattle/Texas/24-008749-003/2024(H5N1)	425	31368
NS|PP755593.1|A/cattle/Texas/24-008749-003/2024(H5N1)	426	31368
NS|PP755593.1|A/cattle/Texas/24-008749-003/2024(H5N1)	427	31623
NS|PP755593.1|A/cattle/Texas/24-008749-003/2024(H5N1)	428	33884
NS|PP755593.1|A/cattle/Texas/24-008749-003/2024(H5N1)	429	33886
NS|PP755593.1|A/cattle/Texas/24-008749-003/2024(H5N1)	430	34359
NS|PP755593.1|A/cattle/Texas/24-008749-003/2024(H5N1)	431	34371
NS|PP755593.1|A/cattle/Texas/24-008749-003/2024(H5N1)	432	35705
NS|PP755593.1|A/cattle/Texas/24-008749-003/2024(H5N1)	433	36176
NS|PP755593.1|A/cattle/Texas/24-008749-003/2024(H5N1)	434	36190
NS|PP755593.1|A/cattle/Texas/24-008749-003/2024(H5N1)	435	36297
NS|PP755593.1|A/cattle/Texas/24-008749-003/2024(H5N1)	436	36310
NS|PP755593.1|A/cattle/Texas/24-008749-003/2024(H5N1)	437	34102
NS|PP755593.1|A/cattle/Texas/24-008749-003/2024(H5N1)	438	34101
NS|PP755593.1|A/cattle/Texas/24-008749-003/2024(H5N1)	439	34021
NS|PP755593.1|A/cattle/Texas/24-008749-003/2024(H5N1)	440	34433
NS|PP755593.1|A/cattle/Texas/24-008749-003/2024(H5N1)	441	34438
NS|PP755593.1|A/cattle/Texas/24-008749-003/2024(H5N1)	442	35576
NS|PP755593.1|A/cattle/Texas/24-008749-003/2024(H5N1)	443	35653
NS|PP755593.1|A/cattle/Texas/24-008749-003/2024(H5N1)	444	35814
NS|PP755593.1|A/cattle/Texas/24-008749-003/2024(H5N1)	445	35855
NS|PP755593.1|A/cattle/Texas/24-008749-003/2024(H5N1)	446	35952
NS|PP755593.1|A/cattle/Texas/24-008749-003/2024(H5N1)	447	36264
NS|PP755593.1|A/cattle/Texas/24-008749-003/2024(H5N1)	448	36395
NS|PP755593.1|A/cattle/Texas/24-008749-003/2024(H5N1)	449	36473
NS|PP755593.1|A/cattle/Texas/24-008749-003/2024(H5N1)	450	36511
NS|PP755593.1|A/cattle/Texas/24-008749-003/2024(H5N1)	451	36524
NS|PP755593.1|A/cattle/Texas/24-008749-003/2024(H5N1)	452	36546
NS|PP755593.1|A/cattle/Texas/24-008749-003/2024(H5N1)	453	35463
NS|PP755593.1|A/cattle/Texas/24-008749-003/2024(H5N1)	454	35828
NS|PP755593.1|A/cattle/Texas/24-008749-003/2024(H5N1)	455	36034
NS|PP755593.1|A/cattle/Texas/24-008749-003/2024(H5N1)	456	34341
NS|PP755593.1|A/cattle/Texas/24-008749-003/2024(H5N1)	457	34369
NS|PP755593.1|A/cattle/Texas/24-008749-003/2024(H5N1)	458	34493
NS|PP755593.1|A/cattle/Texas/24-008749-003/2024(H5N1)	459	33674
NS|PP755593.1|A/cattle/Texas/24-008749-003/2024(H5N1)	460	33745
NS|PP755593.1|A/cattle/Texas/24-008749-003/2024(H5N1)	461	34266
NS|PP755593.1|A/cattle/Texas/24-008749-003/2024(H5N1)	462	34350
NS|PP755593.1|A/cattle/Texas/24-008749-003/2024(H5N1)	463	34378
NS|PP755593.1|A/cattle/Texas/24-008749-003/2024(H5N1)	464	34490
NS|PP755593.1|A/cattle/Texas/24-008749-003/2024(H5N1)	465	34431
NS|PP755593.1|A/cattle/Texas/24-008749-003/2024(H5N1)	466	34465
NS|PP755593.1|A/cattle/Texas/24-008749-003/2024(H5N1)	467	34759
NS|PP755593.1|A/cattle/Texas/24-008749-003/2024(H5N1)	468	34426
NS|PP755593.1|A/cattle/Texas/24-008749-003/2024(H5N1)	469	34445
NS|PP755593.1|A/cattle/Texas/24-008749-003/2024(H5N1)	470	33742
NS|PP755593.1|A/cattle/Texas/24-008749-003/2024(H5N1)	471	32229
NS|PP755593.1|A/cattle/Texas/24-008749-003/2024(H5N1)	472	32403
NS|PP755593.1|A/cattle/Texas/24-008749-003/2024(H5N1)	473	32945
NS|PP755593.1|A/cattle/Texas/24-008749-003/2024(H5N1)	474	33010
NS|PP755593.1|A/cattle/Texas/24-008749-003/2024(H5N1)	475	33150
NS|PP755593.1|A/cattle/Texas/24-008749-003/2024(H5N1)	476	34100
NS|PP755593.1|A/cattle/Texas/24-008749-003/2024(H5N1)	477	34479
NS|PP755593.1|A/cattle/Texas/24-008749-003/2024(H5N1)	478	34586
NS|PP755593.1|A/cattle/Texas/24-008749-003/2024(H5N1)	479	34613
NS|PP755593.1|A/cattle/Texas/24-008749-003/2024(H5N1)	480	34779
NS|PP755593.1|A/cattle/Texas/24-008749-003/2024(H5N1)	481	34928
NS|PP755593.1|A/cattle/Texas/24-008749-003/2024(H5N1)	482	36104
NS|PP755593.1|A/cattle/Texas/24-008749-003/2024(H5N1)	483	36221
NS|PP755593.1|A/cattle/Texas/24-008749-003/2024(H5N1)	484	36937
NS|PP755593.1|A/cattle/Texas/24-008749-003/2024(H5N1)	485	37120
NS|PP755593.1|A/cattle/Texas/24-008749-003/2024(H5N1)	486	37298
NS|PP755593.1|A/cattle/Texas/24-008749-003/2024(H5N1)	487	37460
NS|PP755593.1|A/cattle/Texas/24-008749-003/2024(H5N1)	488	37371
NS|PP755593.1|A/cattle/Texas/24-008749-003/2024(H5N1)	489	36020
NS|PP755593.1|A/cattle/Texas/24-008749-003/2024(H5N1)	490	36419
NS|PP755593.1|A/cattle/Texas/24-008749-003/2024(H5N1)	491	36516
NS|PP755593.1|A/cattle/Texas/24-008749-003/2024(H5N1)	492	38541
NS|PP755593.1|A/cattle/Texas/24-008749-003/2024(H5N1)	493	38658
NS|PP755593.1|A/cattle/Texas/24-008749-003/2024(H5N1)	494	38824
NS|PP755593.1|A/cattle/Texas/24-008749-003/2024(H5N1)	495	38732
NS|PP755593.1|A/cattle/Texas/24-008749-003/2024(H5N1)	496	39571
NS|PP755593.1|A/cattle/Texas/24-008749-003/2024(H5N1)	497	39782
NS|PP755593.1|A/cattle/Texas/24-008749-003/2024(H5N1)	498	39707
NS|PP755593.1|A/cattle/Texas/24-008749-003/2024(H5N1)	499	39438
NS|PP755593.1|A/cattle/Texas/24-008749-003/2024(H5N1)	500	39322
NS|PP755593.1|A/cattle/Texas/24-008749-003/2024(H5N1)	501	39295
NS|PP755593.1|A/cattle/Texas/24-008749-003/2024(H5N1)	502	39940
NS|PP755593.1|A/cattle/Texas/24-008749-003/2024(H5N1)	503	40699
NS|PP755593.1|A/cattle/Texas/24-008749-003/2024(H5N1)	504	39359
NS|PP755593.1|A/cattle/Texas/24-008749-003/2024(H5N1)	505	38664
NS|PP755593.1|A/cattle/Texas/24-008749-003/2024(H5N1)	506	39351
NS|PP755593.1|A/cattle/Texas/24-008749-003/2024(H5N1)	507	39685
NS|PP755593.1|A/cattle/Texas/24-008749-003/2024(H5N1)	508	39491
NS|PP755593.1|A/cattle/Texas/24-008749-003/2024(H5N1)	509	40461
NS|PP755593.1|A/cattle/Texas/24-008749-003/2024(H5N1)	510	40425
NS|PP755593.1|A/cattle/Texas/24-008749-003/2024(H5N1)	511	39764
NS|PP755593.1|A/cattle/Texas/24-008749-003/2024(H5N1)	512	39768
NS|PP755593.1|A/cattle/Texas/24-008749-003/2024(H5N1)	513	39254
NS|PP755593.1|A/cattle/Texas/24-008749-003/2024(H5N1)	514	38339
NS|PP755593.1|A/cattle/Texas/24-008749-003/2024(H5N1)	515	37004
NS|PP755593.1|A/cattle/Texas/24-008749-003/2024(H5N1)	516	36715
NS|PP755593.1|A/cattle/Texas/24-008749-003/2024(H5N1)	517	36700
NS|PP755593.1|A/cattle/Texas/24-008749-003/2024(H5N1)	518	35400
NS|PP755593.1|A/cattle/Texas/24-008749-003/2024(H5N1)	519	35435
NS|PP755593.1|A/cattle/Texas/24-008749-003/2024(H5N1)	520	35382
NS|PP755593.1|A/cattle/Texas/24-008749-003/2024(H5N1)	521	35367
NS|PP755593.1|A/cattle/Texas/24-008749-003/2024(H5N1)	522	35267
NS|PP755593.1|A/cattle/Texas/24-008749-003/2024(H5N1)	523	35250
NS|PP755593.1|A/cattle/Texas/24-008749-003/2024(H5N1)	524	35215
NS|PP755593.1|A/cattle/Texas/24-008749-003/2024(H5N1)	525	35203
NS|PP755593.1|A/cattle/Texas/24-008749-003/2024(H5N1)	526	35119
NS|PP755593.1|A/cattle/Texas/24-008749-003/2024(H5N1)	527	35296
NS|PP755593.1|A/cattle/Texas/24-008749-003/2024(H5N1)	528	35220
NS|PP755593.1|A/cattle/Texas/24-008749-003/2024(H5N1)	529	35112
NS|PP755593.1|A/cattle/Texas/24-008749-003/2024(H5N1)	530	35877
NS|PP755593.1|A/cattle/Texas/24-008749-003/2024(H5N1)	531	35901
NS|PP755593.1|A/cattle/Texas/24-008749-003/2024(H5N1)	532	36257
NS|PP755593.1|A/cattle/Texas/24-008749-003/2024(H5N1)	533	36251
NS|PP755593.1|A/cattle/Texas/24-008749-003/2024(H5N1)	534	36238
NS|PP755593.1|A/cattle/Texas/24-008749-003/2024(H5N1)	535	36274
NS|PP755593.1|A/cattle/Texas/24-008749-003/2024(H5N1)	536	36083
NS|PP755593.1|A/cattle/Texas/24-008749-003/2024(H5N1)	537	36107
NS|PP755593.1|A/cattle/Texas/24-008749-003/2024(H5N1)	538	36147
NS|PP755593.1|A/cattle/Texas/24-008749-003/2024(H5N1)	539	36232
NS|PP755593.1|A/cattle/Texas/24-008749-003/2024(H5N1)	540	36644
NS|PP755593.1|A/cattle/Texas/24-008749-003/2024(H5N1)	541	36488
NS|PP755593.1|A/cattle/Texas/24-008749-003/2024(H5N1)	542	36454
NS|PP755593.1|A/cattle/Texas/24-008749-003/2024(H5N1)	543	36869
NS|PP755593.1|A/cattle/Texas/24-008749-003/2024(H5N1)	544	36792
NS|PP755593.1|A/cattle/Texas/24-008749-003/2024(H5N1)	545	36723
NS|PP755593.1|A/cattle/Texas/24-008749-003/2024(H5N1)	546	36719
NS|PP755593.1|A/cattle/Texas/24-008749-003/2024(H5N1)	547	36419
NS|PP755593.1|A/cattle/Texas/24-008749-003/2024(H5N1)	548	36487
NS|PP755593.1|A/cattle/Texas/24-008749-003/2024(H5N1)	549	35918
NS|PP755593.1|A/cattle/Texas/24-008749-003/2024(H5N1)	550	35732
NS|PP755593.1|A/cattle/Texas/24-008749-003/2024(H5N1)	551	36078
NS|PP755593.1|A/cattle/Texas/24-008749-003/2024(H5N1)	552	35610
NS|PP755593.1|A/cattle/Texas/24-008749-003/2024(H5N1)	553	36206
NS|PP755593.1|A/cattle/Texas/24-008749-003/2024(H5N1)	554	36137
NS|PP755593.1|A/cattle/Texas/24-008749-003/2024(H5N1)	555	36163
NS|PP755593.1|A/cattle/Texas/24-008749-003/2024(H5N1)	556	36272
NS|PP755593.1|A/cattle/Texas/24-008749-003/2024(H5N1)	557	36359
NS|PP755593.1|A/cattle/Texas/24-008749-003/2024(H5N1)	558	36370
NS|PP755593.1|A/cattle/Texas/24-008749-003/2024(H5N1)	559	36206
NS|PP755593.1|A/cattle/Texas/24-008749-003/2024(H5N1)	560	35610
NS|PP755593.1|A/cattle/Texas/24-008749-003/2024(H5N1)	561	35836
NS|PP755593.1|A/cattle/Texas/24-008749-003/2024(H5N1)	562	35508
NS|PP755593.1|A/cattle/Texas/24-008749-003/2024(H5N1)	563	35692
NS|PP755593.1|A/cattle/Texas/24-008749-003/2024(H5N1)	564	37179
NS|PP755593.1|A/cattle/Texas/24-008749-003/2024(H5N1)	565	37244
NS|PP755593.1|A/cattle/Texas/24-008749-003/2024(H5N1)	566	37273
NS|PP755593.1|A/cattle/Texas/24-008749-003/2024(H5N1)	567	37879
NS|PP755593.1|A/cattle/Texas/24-008749-003/2024(H5N1)	568	37851
NS|PP755593.1|A/cattle/Texas/24-008749-003/2024(H5N1)	569	38447
NS|PP755593.1|A/cattle/Texas/24-008749-003/2024(H5N1)	570	37347
NS|PP755593.1|A/cattle/Texas/24-008749-003/2024(H5N1)	571	37150
NS|PP755593.1|A/cattle/Texas/24-008749-003/2024(H5N1)	572	37334
NS|PP755593.1|A/cattle/Texas/24-008749-003/2024(H5N1)	573	35135
NS|PP755593.1|A/cattle/Texas/24-008749-003/2024(H5N1)	574	36120
NS|PP755593.1|A/cattle/Texas/24-008749-003/2024(H5N1)	575	36206
NS|PP755593.1|A/cattle/Texas/24-008749-003/2024(H5N1)	576	36172
NS|PP755593.1|A/cattle/Texas/24-008749-003/2024(H5N1)	577	37466
NS|PP755593.1|A/cattle/Texas/24-008749-003/2024(H5N1)	578	37131
NS|PP755593.1|A/cattle/Texas/24-008749-003/2024(H5N1)	579	35143
NS|PP755593.1|A/cattle/Texas/24-008749-003/2024(H5N1)	580	35150
NS|PP755593.1|A/cattle/Texas/24-008749-003/2024(H5N1)	581	34920
NS|PP755593.1|A/cattle/Texas/24-008749-003/2024(H5N1)	582	34950
NS|PP755593.1|A/cattle/Texas/24-008749-003/2024(H5N1)	583	33474
NS|PP755593.1|A/cattle/Texas/24-008749-003/2024(H5N1)	584	33475
NS|PP755593.1|A/cattle/Texas/24-008749-003/2024(H5N1)	585	33466
NS|PP755593.1|A/cattle/Texas/24-008749-003/2024(H5N1)	586	33478
NS|PP755593.1|A/cattle/Texas/24-008749-003/2024(H5N1)	587	34294
NS|PP755593.1|A/cattle/Texas/24-008749-003/2024(H5N1)	588	34258
NS|PP755593.1|A/cattle/Texas/24-008749-003/2024(H5N1)	589	34165
NS|PP755593.1|A/cattle/Texas/24-008749-003/2024(H5N1)	590	34290
NS|PP755593.1|A/cattle/Texas/24-008749-003/2024(H5N1)	591	34055
NS|PP755593.1|A/cattle/Texas/24-008749-003/2024(H5N1)	592	34583
NS|PP755593.1|A/cattle/Texas/24-008749-003/2024(H5N1)	593	35149
NS|PP755593.1|A/cattle/Texas/24-008749-003/2024(H5N1)	594	35301
NS|PP755593.1|A/cattle/Texas/24-008749-003/2024(H5N1)	595	35233
NS|PP755593.1|A/cattle/Texas/24-008749-003/2024(H5N1)	596	35168
NS|PP755593.1|A/cattle/Texas/24-008749-003/2024(H5N1)	597	35219
NS|PP755593.1|A/cattle/Texas/24-008749-003/2024(H5N1)	598	34414
NS|PP755593.1|A/cattle/Texas/24-008749-003/2024(H5N1)	599	34373
NS|PP755593.1|A/cattle/Texas/24-008749-003/2024(H5N1)	600	34750
NS|PP755593.1|A/cattle/Texas/24-008749-003/2024(H5N1)	601	33916
NS|PP755593.1|A/cattle/Texas/24-008749-003/2024(H5N1)	602	33903
NS|PP755593.1|A/cattle/Texas/24-008749-003/2024(H5N1)	603	34321
NS|PP755593.1|A/cattle/Texas/24-008749-003/2024(H5N1)	604	34387
NS|PP755593.1|A/cattle/Texas/24-008749-003/2024(H5N1)	605	33964
NS|PP755593.1|A/cattle/Texas/24-008749-003/2024(H5N1)	606	33897
NS|PP755593.1|A/cattle/Texas/24-008749-003/2024(H5N1)	607	33902
NS|PP755593.1|A/cattle/Texas/24-008749-003/2024(H5N1)	608	33778
NS|PP755593.1|A/cattle/Texas/24-008749-003/2024(H5N1)	609	34675
NS|PP755593.1|A/cattle/Texas/24-008749-003/2024(H5N1)	610	34657
NS|PP755593.1|A/cattle/Texas/24-008749-003/2024(H5N1)	611	34630
NS|PP755593.1|A/cattle/Texas/24-008749-003/2024(H5N1)	612	34142
NS|PP755593.1|A/cattle/Texas/24-008749-003/2024(H5N1)	613	34054
NS|PP755593.1|A/cattle/Texas/24-008749-003/2024(H5N1)	614	34377
NS|PP755593.1|A/cattle/Texas/24-008749-003/2024(H5N1)	615	34411
NS|PP755593.1|A/cattle/Texas/24-008749-003/2024(H5N1)	616	34373
NS|PP755593.1|A/cattle/Texas/24-008749-003/2024(H5N1)	617	35043
NS|PP755593.1|A/cattle/Texas/24-008749-003/2024(H5N1)	618	35308
NS|PP755593.1|A/cattle/Texas/24-008749-003/2024(H5N1)	619	35410
NS|PP755593.1|A/cattle/Texas/24-008749-003/2024(H5N1)	620	35383
NS|PP755593.1|A/cattle/Texas/24-008749-003/2024(H5N1)	621	35293
NS|PP755593.1|A/cattle/Texas/24-008749-003/2024(H5N1)	622	35390
NS|PP755593.1|A/cattle/Texas/24-008749-003/2024(H5N1)	623	34767
NS|PP755593.1|A/cattle/Texas/24-008749-003/2024(H5N1)	624	35317
NS|PP755593.1|A/cattle/Texas/24-008749-003/2024(H5N1)	625	35807
NS|PP755593.1|A/cattle/Texas/24-008749-003/2024(H5N1)	626	34723
NS|PP755593.1|A/cattle/Texas/24-008749-003/2024(H5N1)	627	34879
NS|PP755593.1|A/cattle/Texas/24-008749-003/2024(H5N1)	628	34507
NS|PP755593.1|A/cattle/Texas/24-008749-003/2024(H5N1)	629	34758
NS|PP755593.1|A/cattle/Texas/24-008749-003/2024(H5N1)	630	34758
NS|PP755593.1|A/cattle/Texas/24-008749-003/2024(H5N1)	631	34568
NS|PP755593.1|A/cattle/Texas/24-008749-003/2024(H5N1)	632	34769
NS|PP755593.1|A/cattle/Texas/24-008749-003/2024(H5N1)	633	33560
NS|PP755593.1|A/cattle/Texas/24-008749-003/2024(H5N1)	634	34229
NS|PP755593.1|A/cattle/Texas/24-008749-003/2024(H5N1)	635	36428
NS|PP755593.1|A/cattle/Texas/24-008749-003/2024(H5N1)	636	36272
NS|PP755593.1|A/cattle/Texas/24-008749-003/2024(H5N1)	637	36447
NS|PP755593.1|A/cattle/Texas/24-008749-003/2024(H5N1)	638	36309
NS|PP755593.1|A/cattle/Texas/24-008749-003/2024(H5N1)	639	36343
NS|PP755593.1|A/cattle/Texas/24-008749-003/2024(H5N1)	640	36556
NS|PP755593.1|A/cattle/Texas/24-008749-003/2024(H5N1)	641	36217
NS|PP755593.1|A/cattle/Texas/24-008749-003/2024(H5N1)	642	36429
NS|PP755593.1|A/cattle/Texas/24-008749-003/2024(H5N1)	643	34344
NS|PP755593.1|A/cattle/Texas/24-008749-003/2024(H5N1)	644	34867
NS|PP755593.1|A/cattle/Texas/24-008749-003/2024(H5N1)	645	34869
NS|PP755593.1|A/cattle/Texas/24-008749-003/2024(H5N1)	646	33988
NS|PP755593.1|A/cattle/Texas/24-008749-003/2024(H5N1)	647	33826
NS|PP755593.1|A/cattle/Texas/24-008749-003/2024(H5N1)	648	34754
NS|PP755593.1|A/cattle/Texas/24-008749-003/2024(H5N1)	649	34754
NS|PP755593.1|A/cattle/Texas/24-008749-003/2024(H5N1)	650	34735
NS|PP755593.1|A/cattle/Texas/24-008749-003/2024(H5N1)	651	34671
NS|PP755593.1|A/cattle/Texas/24-008749-003/2024(H5N1)	652	34070
NS|PP755593.1|A/cattle/Texas/24-008749-003/2024(H5N1)	653	32653
NS|PP755593.1|A/cattle/Texas/24-008749-003/2024(H5N1)	654	32651
NS|PP755593.1|A/cattle/Texas/24-008749-003/2024(H5N1)	655	33734
NS|PP755593.1|A/cattle/Texas/24-008749-003/2024(H5N1)	656	33822
NS|PP755593.1|A/cattle/Texas/24-008749-003/2024(H5N1)	657	32909
NS|PP755593.1|A/cattle/Texas/24-008749-003/2024(H5N1)	658	33318
NS|PP755593.1|A/cattle/Texas/24-008749-003/2024(H5N1)	659	33306
NS|PP755593.1|A/cattle/Texas/24-008749-003/2024(H5N1)	660	32418
NS|PP755593.1|A/cattle/Texas/24-008749-003/2024(H5N1)	661	32451
NS|PP755593.1|A/cattle/Texas/24-008749-003/2024(H5N1)	662	32367
NS|PP755593.1|A/cattle/Texas/24-008749-003/2024(H5N1)	663	32494
NS|PP755593.1|A/cattle/Texas/24-008749-003/2024(H5N1)	664	32558
NS|PP755593.1|A/cattle/Texas/24-008749-003/2024(H5N1)	665	32557
NS|PP755593.1|A/cattle/Texas/24-008749-003/2024(H5N1)	666	32603
NS|PP755593.1|A/cattle/Texas/24-008749-003/2024(H5N1)	667	33724
NS|PP755593.1|A/cattle/Texas/24-008749-003/2024(H5N1)	668	33650
NS|PP755593.1|A/cattle/Texas/24-008749-003/2024(H5N1)	669	33697
NS|PP755593.1|A/cattle/Texas/24-008749-003/2024(H5N1)	670	33636
NS|PP755593.1|A/cattle/Texas/24-008749-003/2024(H5N1)	671	33945
NS|PP755593.1|A/cattle/Texas/24-008749-003/2024(H5N1)	672	34198
NS|PP755593.1|A/cattle/Texas/24-008749-003/2024(H5N1)	673	34254
NS|PP755593.1|A/cattle/Texas/24-008749-003/2024(H5N1)	674	34418
NS|PP755593.1|A/cattle/Texas/24-008749-003/2024(H5N1)	675	34283
NS|PP755593.1|A/cattle/Texas/24-008749-003/2024(H5N1)	676	34292
NS|PP755593.1|A/cattle/Texas/24-008749-003/2024(H5N1)	677	34331
NS|PP755593.1|A/cattle/Texas/24-008749-003/2024(H5N1)	678	34167
NS|PP755593.1|A/cattle/Texas/24-008749-003/2024(H5N1)	679	34168
NS|PP755593.1|A/cattle/Texas/24-008749-003/2024(H5N1)	680	33575
NS|PP755593.1|A/cattle/Texas/24-008749-003/2024(H5N1)	681	33347
NS|PP755593.1|A/cattle/Texas/24-008749-003/2024(H5N1)	682	33770
NS|PP755593.1|A/cattle/Texas/24-008749-003/2024(H5N1)	683	33288
NS|PP755593.1|A/cattle/Texas/24-008749-003/2024(H5N1)	684	33240
NS|PP755593.1|A/cattle/Texas/24-008749-003/2024(H5N1)	685	33232
NS|PP755593.1|A/cattle/Texas/24-008749-003/2024(H5N1)	686	33303
NS|PP755593.1|A/cattle/Texas/24-008749-003/2024(H5N1)	687	33327
NS|PP755593.1|A/cattle/Texas/24-008749-003/2024(H5N1)	688	33297
NS|PP755593.1|A/cattle/Texas/24-008749-003/2024(H5N1)	689	32805
NS|PP755593.1|A/cattle/Texas/24-008749-003/2024(H5N1)	690	32811
NS|PP755593.1|A/cattle/Texas/24-008749-003/2024(H5N1)	691	32622
NS|PP755593.1|A/cattle/Texas/24-008749-003/2024(H5N1)	692	32600
NS|PP755593.1|A/cattle/Texas/24-008749-003/2024(H5N1)	693	32590
NS|PP755593.1|A/cattle/Texas/24-008749-003/2024(H5N1)	694	32212
NS|PP755593.1|A/cattle/Texas/24-008749-003/2024(H5N1)	695	32342
NS|PP755593.1|A/cattle/Texas/24-008749-003/2024(H5N1)	696	32188
NS|PP755593.1|A/cattle/Texas/24-008749-003/2024(H5N1)	697	32106
NS|PP755593.1|A/cattle/Texas/24-008749-003/2024(H5N1)	698	32121
NS|PP755593.1|A/cattle/Texas/24-008749-003/2024(H5N1)	699	32297
NS|PP755593.1|A/cattle/Texas/24-008749-003/2024(H5N1)	700	32297
NS|PP755593.1|A/cattle/Texas/24-008749-003/2024(H5N1)	701	32193
NS|PP755593.1|A/cattle/Texas/24-008749-003/2024(H5N1)	702	31852
NS|PP755593.1|A/cattle/Texas/24-008749-003/2024(H5N1)	703	32168
NS|PP755593.1|A/cattle/Texas/24-008749-003/2024(H5N1)	704	31540
NS|PP755593.1|A/cattle/Texas/24-008749-003/2024(H5N1)	705	31429
NS|PP755593.1|A/cattle/Texas/24-008749-003/2024(H5N1)	706	31407
NS|PP755593.1|A/cattle/Texas/24-008749-003/2024(H5N1)	707	31375
NS|PP755593.1|A/cattle/Texas/24-008749-003/2024(H5N1)	708	31216
NS|PP755593.1|A/cattle/Texas/24-008749-003/2024(H5N1)	709	31339
NS|PP755593.1|A/cattle/Texas/24-008749-003/2024(H5N1)	710	32922
NS|PP755593.1|A/cattle/Texas/24-008749-003/2024(H5N1)	711	33018
NS|PP755593.1|A/cattle/Texas/24-008749-003/2024(H5N1)	712	32862
NS|PP755593.1|A/cattle/Texas/24-008749-003/2024(H5N1)	713	32868
NS|PP755593.1|A/cattle/Texas/24-008749-003/2024(H5N1)	714	38429
NS|PP755593.1|A/cattle/Texas/24-008749-003/2024(H5N1)	715	37004
NS|PP755593.1|A/cattle/Texas/24-008749-003/2024(H5N1)	716	36833
NS|PP755593.1|A/cattle/Texas/24-008749-003/2024(H5N1)	717	37412
NS|PP755593.1|A/cattle/Texas/24-008749-003/2024(H5N1)	718	36716
NS|PP755593.1|A/cattle/Texas/24-008749-003/2024(H5N1)	719	37099
NS|PP755593.1|A/cattle/Texas/24-008749-003/2024(H5N1)	720	36886
NS|PP755593.1|A/cattle/Texas/24-008749-003/2024(H5N1)	721	36880
NS|PP755593.1|A/cattle/Texas/24-008749-003/2024(H5N1)	722	36497
NS|PP755593.1|A/cattle/Texas/24-008749-003/2024(H5N1)	723	36444
NS|PP755593.1|A/cattle/Texas/24-008749-003/2024(H5N1)	724	36341
NS|PP755593.1|A/cattle/Texas/24-008749-003/2024(H5N1)	725	35306
NS|PP755593.1|A/cattle/Texas/24-008749-003/2024(H5N1)	726	35300
NS|PP755593.1|A/cattle/Texas/24-008749-003/2024(H5N1)	727	35307
NS|PP755593.1|A/cattle/Texas/24-008749-003/2024(H5N1)	728	33769
NS|PP755593.1|A/cattle/Texas/24-008749-003/2024(H5N1)	729	33778
NS|PP755593.1|A/cattle/Texas/24-008749-003/2024(H5N1)	730	33706
NS|PP755593.1|A/cattle/Texas/24-008749-003/2024(H5N1)	731	31875
NS|PP755593.1|A/cattle/Texas/24-008749-003/2024(H5N1)	732	31825
NS|PP755593.1|A/cattle/Texas/24-008749-003/2024(H5N1)	733	31524
NS|PP755593.1|A/cattle/Texas/24-008749-003/2024(H5N1)	734	31533
NS|PP755593.1|A/cattle/Texas/24-008749-003/2024(H5N1)	735	31657
NS|PP755593.1|A/cattle/Texas/24-008749-003/2024(H5N1)	736	31661
NS|PP755593.1|A/cattle/Texas/24-008749-003/2024(H5N1)	737	31529
NS|PP755593.1|A/cattle/Texas/24-008749-003/2024(H5N1)	738	30793
NS|PP755593.1|A/cattle/Texas/24-008749-003/2024(H5N1)	739	30760
NS|PP755593.1|A/cattle/Texas/24-008749-003/2024(H5N1)	740	30866
NS|PP755593.1|A/cattle/Texas/24-008749-003/2024(H5N1)	741	30876
NS|PP755593.1|A/cattle/Texas/24-008749-003/2024(H5N1)	742	30634
NS|PP755593.1|A/cattle/Texas/24-008749-003/2024(H5N1)	743	30131
NS|PP755593.1|A/cattle/Texas/24-008749-003/2024(H5N1)	744	29413
NS|PP755593.1|A/cattle/Texas/24-008749-003/2024(H5N1)	745	29288
NS|PP755593.1|A/cattle/Texas/24-008749-003/2024(H5N1)	746	29287
NS|PP755593.1|A/cattle/Texas/24-008749-003/2024(H5N1)	747	29152
NS|PP755593.1|A/cattle/Texas/24-008749-003/2024(H5N1)	748	29099
NS|PP755593.1|A/cattle/Texas/24-008749-003/2024(H5N1)	749	29536
NS|PP755593.1|A/cattle/Texas/24-008749-003/2024(H5N1)	750	29659
NS|PP755593.1|A/cattle/Texas/24-008749-003/2024(H5N1)	751	29659
NS|PP755593.1|A/cattle/Texas/24-008749-003/2024(H5N1)	752	29610
NS|PP755593.1|A/cattle/Texas/24-008749-003/2024(H5N1)	753	29607
NS|PP755593.1|A/cattle/Texas/24-008749-003/2024(H5N1)	754	28862
NS|PP755593.1|A/cattle/Texas/24-008749-003/2024(H5N1)	755	28862
NS|PP755593.1|A/cattle/Texas/24-008749-003/2024(H5N1)	756	28862
NS|PP755593.1|A/cattle/Texas/24-008749-003/2024(H5N1)	757	28856
NS|PP755593.1|A/cattle/Texas/24-008749-003/2024(H5N1)	758	28842
NS|PP755593.1|A/cattle/Texas/24-008749-003/2024(H5N1)	759	28020
NS|PP755593.1|A/cattle/Texas/24-008749-003/2024(H5N1)	760	27862
NS|PP755593.1|A/cattle/Texas/24-008749-003/2024(H5N1)	761	27863
NS|PP755593.1|A/cattle/Texas/24-008749-003/2024(H5N1)	762	27855
NS|PP755593.1|A/cattle/Texas/24-008749-003/2024(H5N1)	763	27821
NS|PP755593.1|A/cattle/Texas/24-008749-003/2024(H5N1)	764	27829
NS|PP755593.1|A/cattle/Texas/24-008749-003/2024(H5N1)	765	27497
NS|PP755593.1|A/cattle/Texas/24-008749-003/2024(H5N1)	766	27475
NS|PP755593.1|A/cattle/Texas/24-008749-003/2024(H5N1)	767	27330
NS|PP755593.1|A/cattle/Texas/24-008749-003/2024(H5N1)	768	26737
NS|PP755593.1|A/cattle/Texas/24-008749-003/2024(H5N1)	769	26195
NS|PP755593.1|A/cattle/Texas/24-008749-003/2024(H5N1)	770	26413
NS|PP755593.1|A/cattle/Texas/24-008749-003/2024(H5N1)	771	26419
NS|PP755593.1|A/cattle/Texas/24-008749-003/2024(H5N1)	772	26419
NS|PP755593.1|A/cattle/Texas/24-008749-003/2024(H5N1)	773	26214
NS|PP755593.1|A/cattle/Texas/24-008749-003/2024(H5N1)	774	25763
NS|PP755593.1|A/cattle/Texas/24-008749-003/2024(H5N1)	775	25254
NS|PP755593.1|A/cattle/Texas/24-008749-003/2024(H5N1)	776	25214
NS|PP755593.1|A/cattle/Texas/24-008749-003/2024(H5N1)	777	25239
NS|PP755593.1|A/cattle/Texas/24-008749-003/2024(H5N1)	778	25042
NS|PP755593.1|A/cattle/Texas/24-008749-003/2024(H5N1)	779	24862
NS|PP755593.1|A/cattle/Texas/24-008749-003/2024(H5N1)	780	24854
NS|PP755593.1|A/cattle/Texas/24-008749-003/2024(H5N1)	781	24842
NS|PP755593.1|A/cattle/Texas/24-008749-003/2024(H5N1)	782	24705
NS|PP755593.1|A/cattle/Texas/24-008749-003/2024(H5N1)	783	24701
NS|PP755593.1|A/cattle/Texas/24-008749-003/2024(H5N1)	784	24610
NS|PP755593.1|A/cattle/Texas/24-008749-003/2024(H5N1)	785	23442
NS|PP755593.1|A/cattle/Texas/24-008749-003/2024(H5N1)	786	20936
NS|PP755593.1|A/cattle/Texas/24-008749-003/2024(H5N1)	787	20891
NS|PP755593.1|A/cattle/Texas/24-008749-003/2024(H5N1)	788	20660
NS|PP755593.1|A/cattle/Texas/24-008749-003/2024(H5N1)	789	20529
NS|PP755593.1|A/cattle/Texas/24-008749-003/2024(H5N1)	790	20525
NS|PP755593.1|A/cattle/Texas/24-008749-003/2024(H5N1)	791	20030
NS|PP755593.1|A/cattle/Texas/24-008749-003/2024(H5N1)	792	20019
NS|PP755593.1|A/cattle/Texas/24-008749-003/2024(H5N1)	793	19841
NS|PP755593.1|A/cattle/Texas/24-008749-003/2024(H5N1)	794	19655
NS|PP755593.1|A/cattle/Texas/24-008749-003/2024(H5N1)	795	19249
NS|PP755593.1|A/cattle/Texas/24-008749-003/2024(H5N1)	796	19220
NS|PP755593.1|A/cattle/Texas/24-008749-003/2024(H5N1)	797	19203
NS|PP755593.1|A/cattle/Texas/24-008749-003/2024(H5N1)	798	19185
NS|PP755593.1|A/cattle/Texas/24-008749-003/2024(H5N1)	799	18050
NS|PP755593.1|A/cattle/Texas/24-008749-003/2024(H5N1)	800	18073
NS|PP755593.1|A/cattle/Texas/24-008749-003/2024(H5N1)	801	18051
NS|PP755593.1|A/cattle/Texas/24-008749-003/2024(H5N1)	802	18046
NS|PP755593.1|A/cattle/Texas/24-008749-003/2024(H5N1)	803	17945
NS|PP755593.1|A/cattle/Texas/24-008749-003/2024(H5N1)	804	16678
NS|PP755593.1|A/cattle/Texas/24-008749-003/2024(H5N1)	805	16677
NS|PP755593.1|A/cattle/Texas/24-008749-003/2024(H5N1)	806	16662
NS|PP755593.1|A/cattle/Texas/24-008749-003/2024(H5N1)	807	16544
NS|PP755593.1|A/cattle/Texas/24-008749-003/2024(H5N1)	808	16576
NS|PP755593.1|A/cattle/Texas/24-008749-003/2024(H5N1)	809	15719
NS|PP755593.1|A/cattle/Texas/24-008749-003/2024(H5N1)	810	15660
NS|PP755593.1|A/cattle/Texas/24-008749-003/2024(H5N1)	811	15615
NS|PP755593.1|A/cattle/Texas/24-008749-003/2024(H5N1)	812	15594
NS|PP755593.1|A/cattle/Texas/24-008749-003/2024(H5N1)	813	15603
NS|PP755593.1|A/cattle/Texas/24-008749-003/2024(H5N1)	814	15463
NS|PP755593.1|A/cattle/Texas/24-008749-003/2024(H5N1)	815	15400
NS|PP755593.1|A/cattle/Texas/24-008749-003/2024(H5N1)	816	15345
NS|PP755593.1|A/cattle/Texas/24-008749-003/2024(H5N1)	817	14090
NS|PP755593.1|A/cattle/Texas/24-008749-003/2024(H5N1)	818	14065
NS|PP755593.1|A/cattle/Texas/24-008749-003/2024(H5N1)	819	14055
NS|PP755593.1|A/cattle/Texas/24-008749-003/2024(H5N1)	820	13870
NS|PP755593.1|A/cattle/Texas/24-008749-003/2024(H5N1)	821	13866
NS|PP755593.1|A/cattle/Texas/24-008749-003/2024(H5N1)	822	13582
NS|PP755593.1|A/cattle/Texas/24-008749-003/2024(H5N1)	823	13557
NS|PP755593.1|A/cattle/Texas/24-008749-003/2024(H5N1)	824	13467
NS|PP755593.1|A/cattle/Texas/24-008749-003/2024(H5N1)	825	13358
NS|PP755593.1|A/cattle/Texas/24-008749-003/2024(H5N1)	826	13350
NS|PP755593.1|A/cattle/Texas/24-008749-003/2024(H5N1)	827	13338
NS|PP755593.1|A/cattle/Texas/24-008749-003/2024(H5N1)	828	13299
NS|PP755593.1|A/cattle/Texas/24-008749-003/2024(H5N1)	829	13298
NS|PP755593.1|A/cattle/Texas/24-008749-003/2024(H5N1)	830	13190
NS|PP755593.1|A/cattle/Texas/24-008749-003/2024(H5N1)	831	12885
NS|PP755593.1|A/cattle/Texas/24-008749-003/2024(H5N1)	832	12845
NS|PP755593.1|A/cattle/Texas/24-008749-003/2024(H5N1)	833	12637
NS|PP755593.1|A/cattle/Texas/24-008749-003/2024(H5N1)	834	12634
NS|PP755593.1|A/cattle/Texas/24-008749-003/2024(H5N1)	835	12618
NS|PP755593.1|A/cattle/Texas/24-008749-003/2024(H5N1)	836	12576
NS|PP755593.1|A/cattle/Texas/24-008749-003/2024(H5N1)	837	12453
NS|PP755593.1|A/cattle/Texas/24-008749-003/2024(H5N1)	838	12260
