NP|PP755592.1|A/cattle/Texas/24-008749-003/2024(H5N1)	1	223
NP|PP755592.1|A/cattle/Texas/24-008749-003/2024(H5N1)	2	223
NP|PP755592.1|A/cattle/Texas/24-008749-003/2024(H5N1)	3	223
NP|PP755592.1|A/cattle/Texas/24-008749-003/2024(H5N1)	4	224
NP|PP755592.1|A/cattle/Texas/24-008749-003/2024(H5N1)	5	228
NP|PP755592.1|A/cattle/Texas/24-008749-003/2024(H5N1)	6	235
NP|PP755592.1|A/cattle/Texas/24-008749-003/2024(H5N1)	7	248
NP|PP755592.1|A/cattle/Texas/24-008749-003/2024(H5N1)	8	250
NP|PP755592.1|A/cattle/Texas/24-008749-003/2024(H5N1)	9	256
NP|PP755592.1|A/cattle/Texas/24-008749-003/2024(H5N1)	10	256
NP|PP755592.1|A/cattle/Texas/24-008749-003/2024(H5N1)	11	256
NP|PP755592.1|A/cattle/Texas/24-008749-003/2024(H5N1)	12	256
NP|PP755592.1|A/cattle/Texas/24-008749-003/2024(H5N1)	13	259
NP|PP755592.1|A/cattle/Texas/24-008749-003/2024(H5N1)	14	270
NP|PP755592.1|A/cattle/Texas/24-008749-003/2024(H5N1)	15	272
NP|PP755592.1|A/cattle/Texas/24-008749-003/2024(H5N1)	16	272
NP|PP755592.1|A/cattle/Texas/24-008749-003/2024(H5N1)	17	276
NP|PP755592.1|A/cattle/Texas/24-008749-003/2024(H5N1)	18	276
NP|PP755592.1|A/cattle/Texas/24-008749-003/2024(H5N1)	19	277
NP|PP755592.1|A/cattle/Texas/24-008749-003/2024(H5N1)	20	278
NP|PP755592.1|A/cattle/Texas/24-008749-003/2024(H5N1)	21	280
NP|PP755592.1|A/cattle/Texas/24-008749-003/2024(H5N1)	22	280
NP|PP755592.1|A/cattle/Texas/24-008749-003/2024(H5N1)	23	280
NP|PP755592.1|A/cattle/Texas/24-008749-003/2024(H5N1)	24	284
NP|PP755592.1|A/cattle/Texas/24-008749-003/2024(H5N1)	25	284
NP|PP755592.1|A/cattle/Texas/24-008749-003/2024(H5N1)	26	303
NP|PP755592.1|A/cattle/Texas/24-008749-003/2024(H5N1)	27	303
NP|PP755592.1|A/cattle/Texas/24-008749-003/2024(H5N1)	28	303
NP|PP755592.1|A/cattle/Texas/24-008749-003/2024(H5N1)	29	303
NP|PP755592.1|A/cattle/Texas/24-008749-003/2024(H5N1)	30	303
NP|PP755592.1|A/cattle/Texas/24-008749-003/2024(H5N1)	31	304
NP|PP755592.1|A/cattle/Texas/24-008749-003/2024(H5N1)	32	304
NP|PP755592.1|A/cattle/Texas/24-008749-003/2024(H5N1)	33	304
NP|PP755592.1|A/cattle/Texas/24-008749-003/2024(H5N1)	34	304
NP|PP755592.1|A/cattle/Texas/24-008749-003/2024(H5N1)	35	304
NP|PP755592.1|A/cattle/Texas/24-008749-003/2024(H5N1)	36	327
NP|PP755592.1|A/cattle/Texas/24-008749-003/2024(H5N1)	37	327
NP|PP755592.1|A/cattle/Texas/24-008749-003/2024(H5N1)	38	327
NP|PP755592.1|A/cattle/Texas/24-008749-003/2024(H5N1)	39	327
NP|PP755592.1|A/cattle/Texas/24-008749-003/2024(H5N1)	40	329
NP|PP755592.1|A/cattle/Texas/24-008749-003/2024(H5N1)	41	329
NP|PP755592.1|A/cattle/Texas/24-008749-003/2024(H5N1)	42	334
NP|PP755592.1|A/cattle/Texas/24-008749-003/2024(H5N1)	43	336
NP|PP755592.1|A/cattle/Texas/24-008749-003/2024(H5N1)	44	367
NP|PP755592.1|A/cattle/Texas/24-008749-003/2024(H5N1)	45	361
NP|PP755592.1|A/cattle/Texas/24-008749-003/2024(H5N1)	46	369
NP|PP755592.1|A/cattle/Texas/24-008749-003/2024(H5N1)	47	370
NP|PP755592.1|A/cattle/Texas/24-008749-003/2024(H5N1)	48	370
NP|PP755592.1|A/cattle/Texas/24-008749-003/2024(H5N1)	49	370
NP|PP755592.1|A/cattle/Texas/24-008749-003/2024(H5N1)	50	370
NP|PP755592.1|A/cattle/Texas/24-008749-003/2024(H5N1)	51	370
NP|PP755592.1|A/cattle/Texas/24-008749-003/2024(H5N1)	52	370
NP|PP755592.1|A/cattle/Texas/24-008749-003/2024(H5N1)	53	371
NP|PP755592.1|A/cattle/Texas/24-008749-003/2024(H5N1)	54	373
NP|PP755592.1|A/cattle/Texas/24-008749-003/2024(H5N1)	55	376
NP|PP755592.1|A/cattle/Texas/24-008749-003/2024(H5N1)	56	376
NP|PP755592.1|A/cattle/Texas/24-008749-003/2024(H5N1)	57	381
NP|PP755592.1|A/cattle/Texas/24-008749-003/2024(H5N1)	58	381
NP|PP755592.1|A/cattle/Texas/24-008749-003/2024(H5N1)	59	381
NP|PP755592.1|A/cattle/Texas/24-008749-003/2024(H5N1)	60	383
NP|PP755592.1|A/cattle/Texas/24-008749-003/2024(H5N1)	61	387
NP|PP755592.1|A/cattle/Texas/24-008749-003/2024(H5N1)	62	399
NP|PP755592.1|A/cattle/Texas/24-008749-003/2024(H5N1)	63	399
NP|PP755592.1|A/cattle/Texas/24-008749-003/2024(H5N1)	64	400
NP|PP755592.1|A/cattle/Texas/24-008749-003/2024(H5N1)	65	402
NP|PP755592.1|A/cattle/Texas/24-008749-003/2024(H5N1)	66	402
NP|PP755592.1|A/cattle/Texas/24-008749-003/2024(H5N1)	67	407
NP|PP755592.1|A/cattle/Texas/24-008749-003/2024(H5N1)	68	407
NP|PP755592.1|A/cattle/Texas/24-008749-003/2024(H5N1)	69	409
NP|PP755592.1|A/cattle/Texas/24-008749-003/2024(H5N1)	70	409
NP|PP755592.1|A/cattle/Texas/24-008749-003/2024(H5N1)	71	410
NP|PP755592.1|A/cattle/Texas/24-008749-003/2024(H5N1)	72	421
NP|PP755592.1|A/cattle/Texas/24-008749-003/2024(H5N1)	73	422
NP|PP755592.1|A/cattle/Texas/24-008749-003/2024(H5N1)	74	423
NP|PP755592.1|A/cattle/Texas/24-008749-003/2024(H5N1)	75	423
NP|PP755592.1|A/cattle/Texas/24-008749-003/2024(H5N1)	76	423
NP|PP755592.1|A/cattle/Texas/24-008749-003/2024(H5N1)	77	429
NP|PP755592.1|A/cattle/Texas/24-008749-003/2024(H5N1)	78	432
NP|PP755592.1|A/cattle/Texas/24-008749-003/2024(H5N1)	79	432
NP|PP755592.1|A/cattle/Texas/24-008749-003/2024(H5N1)	80	435
NP|PP755592.1|A/cattle/Texas/24-008749-003/2024(H5N1)	81	435
NP|PP755592.1|A/cattle/Texas/24-008749-003/2024(H5N1)	82	436
NP|PP755592.1|A/cattle/Texas/24-008749-003/2024(H5N1)	83	437
NP|PP755592.1|A/cattle/Texas/24-008749-003/2024(H5N1)	84	437
NP|PP755592.1|A/cattle/Texas/24-008749-003/2024(H5N1)	85	455
NP|PP755592.1|A/cattle/Texas/24-008749-003/2024(H5N1)	86	456
NP|PP755592.1|A/cattle/Texas/24-008749-003/2024(H5N1)	87	456
NP|PP755592.1|A/cattle/Texas/24-008749-003/2024(H5N1)	88	457
NP|PP755592.1|A/cattle/Texas/24-008749-003/2024(H5N1)	89	463
NP|PP755592.1|A/cattle/Texas/24-008749-003/2024(H5N1)	90	463
NP|PP755592.1|A/cattle/Texas/24-008749-003/2024(H5N1)	91	463
NP|PP755592.1|A/cattle/Texas/24-008749-003/2024(H5N1)	92	465
NP|PP755592.1|A/cattle/Texas/24-008749-003/2024(H5N1)	93	469
NP|PP755592.1|A/cattle/Texas/24-008749-003/2024(H5N1)	94	469
NP|PP755592.1|A/cattle/Texas/24-008749-003/2024(H5N1)	95	469
NP|PP755592.1|A/cattle/Texas/24-008749-003/2024(H5N1)	96	472
NP|PP755592.1|A/cattle/Texas/24-008749-003/2024(H5N1)	97	472
NP|PP755592.1|A/cattle/Texas/24-008749-003/2024(H5N1)	98	470
NP|PP755592.1|A/cattle/Texas/24-008749-003/2024(H5N1)	99	470
NP|PP755592.1|A/cattle/Texas/24-008749-003/2024(H5N1)	100	470
NP|PP755592.1|A/cattle/Texas/24-008749-003/2024(H5N1)	101	474
NP|PP755592.1|A/cattle/Texas/24-008749-003/2024(H5N1)	102	475
NP|PP755592.1|A/cattle/Texas/24-008749-003/2024(H5N1)	103	475
NP|PP755592.1|A/cattle/Texas/24-008749-003/2024(H5N1)	104	484
NP|PP755592.1|A/cattle/Texas/24-008749-003/2024(H5N1)	105	485
NP|PP755592.1|A/cattle/Texas/24-008749-003/2024(H5N1)	106	485
NP|PP755592.1|A/cattle/Texas/24-008749-003/2024(H5N1)	107	485
NP|PP755592.1|A/cattle/Texas/24-008749-003/2024(H5N1)	108	483
NP|PP755592.1|A/cattle/Texas/24-008749-003/2024(H5N1)	109	484
NP|PP755592.1|A/cattle/Texas/24-008749-003/2024(H5N1)	110	484
NP|PP755592.1|A/cattle/Texas/24-008749-003/2024(H5N1)	111	484
NP|PP755592.1|A/cattle/Texas/24-008749-003/2024(H5N1)	112	484
NP|PP755592.1|A/cattle/Texas/24-008749-003/2024(H5N1)	113	484
NP|PP755592.1|A/cattle/Texas/24-008749-003/2024(H5N1)	114	501
NP|PP755592.1|A/cattle/Texas/24-008749-003/2024(H5N1)	115	499
NP|PP755592.1|A/cattle/Texas/24-008749-003/2024(H5N1)	116	503
NP|PP755592.1|A/cattle/Texas/24-008749-003/2024(H5N1)	117	503
NP|PP755592.1|A/cattle/Texas/24-008749-003/2024(H5N1)	118	503
NP|PP755592.1|A/cattle/Texas/24-008749-003/2024(H5N1)	119	532
NP|PP755592.1|A/cattle/Texas/24-008749-003/2024(H5N1)	120	532
NP|PP755592.1|A/cattle/Texas/24-008749-003/2024(H5N1)	121	541
NP|PP755592.1|A/cattle/Texas/24-008749-003/2024(H5N1)	122	541
NP|PP755592.1|A/cattle/Texas/24-008749-003/2024(H5N1)	123	539
NP|PP755592.1|A/cattle/Texas/24-008749-003/2024(H5N1)	124	545
NP|PP755592.1|A/cattle/Texas/24-008749-003/2024(H5N1)	125	539
NP|PP755592.1|A/cattle/Texas/24-008749-003/2024(H5N1)	126	578
NP|PP755592.1|A/cattle/Texas/24-008749-003/2024(H5N1)	127	582
NP|PP755592.1|A/cattle/Texas/24-008749-003/2024(H5N1)	128	575
NP|PP755592.1|A/cattle/Texas/24-008749-003/2024(H5N1)	129	575
NP|PP755592.1|A/cattle/Texas/24-008749-003/2024(H5N1)	130	571
NP|PP755592.1|A/cattle/Texas/24-008749-003/2024(H5N1)	131	572
NP|PP755592.1|A/cattle/Texas/24-008749-003/2024(H5N1)	132	572
NP|PP755592.1|A/cattle/Texas/24-008749-003/2024(H5N1)	133	575
NP|PP755592.1|A/cattle/Texas/24-008749-003/2024(H5N1)	134	577
NP|PP755592.1|A/cattle/Texas/24-008749-003/2024(H5N1)	135	557
NP|PP755592.1|A/cattle/Texas/24-008749-003/2024(H5N1)	136	557
NP|PP755592.1|A/cattle/Texas/24-008749-003/2024(H5N1)	137	557
NP|PP755592.1|A/cattle/Texas/24-008749-003/2024(H5N1)	138	564
NP|PP755592.1|A/cattle/Texas/24-008749-003/2024(H5N1)	139	566
NP|PP755592.1|A/cattle/Texas/24-008749-003/2024(H5N1)	140	564
NP|PP755592.1|A/cattle/Texas/24-008749-003/2024(H5N1)	141	565
NP|PP755592.1|A/cattle/Texas/24-008749-003/2024(H5N1)	142	566
NP|PP755592.1|A/cattle/Texas/24-008749-003/2024(H5N1)	143	566
NP|PP755592.1|A/cattle/Texas/24-008749-003/2024(H5N1)	144	569
NP|PP755592.1|A/cattle/Texas/24-008749-003/2024(H5N1)	145	572
NP|PP755592.1|A/cattle/Texas/24-008749-003/2024(H5N1)	146	571
NP|PP755592.1|A/cattle/Texas/24-008749-003/2024(H5N1)	147	569
NP|PP755592.1|A/cattle/Texas/24-008749-003/2024(H5N1)	148	561
NP|PP755592.1|A/cattle/Texas/24-008749-003/2024(H5N1)	149	561
NP|PP755592.1|A/cattle/Texas/24-008749-003/2024(H5N1)	150	556
NP|PP755592.1|A/cattle/Texas/24-008749-003/2024(H5N1)	151	557
NP|PP755592.1|A/cattle/Texas/24-008749-003/2024(H5N1)	152	557
NP|PP755592.1|A/cattle/Texas/24-008749-003/2024(H5N1)	153	556
NP|PP755592.1|A/cattle/Texas/24-008749-003/2024(H5N1)	154	559
NP|PP755592.1|A/cattle/Texas/24-008749-003/2024(H5N1)	155	561
NP|PP755592.1|A/cattle/Texas/24-008749-003/2024(H5N1)	156	561
NP|PP755592.1|A/cattle/Texas/24-008749-003/2024(H5N1)	157	574
NP|PP755592.1|A/cattle/Texas/24-008749-003/2024(H5N1)	158	587
NP|PP755592.1|A/cattle/Texas/24-008749-003/2024(H5N1)	159	587
NP|PP755592.1|A/cattle/Texas/24-008749-003/2024(H5N1)	160	589
NP|PP755592.1|A/cattle/Texas/24-008749-003/2024(H5N1)	161	591
NP|PP755592.1|A/cattle/Texas/24-008749-003/2024(H5N1)	162	587
NP|PP755592.1|A/cattle/Texas/24-008749-003/2024(H5N1)	163	587
NP|PP755592.1|A/cattle/Texas/24-008749-003/2024(H5N1)	164	591
NP|PP755592.1|A/cattle/Texas/24-008749-003/2024(H5N1)	165	596
NP|PP755592.1|A/cattle/Texas/24-008749-003/2024(H5N1)	166	596
NP|PP755592.1|A/cattle/Texas/24-008749-003/2024(H5N1)	167	584
NP|PP755592.1|A/cattle/Texas/24-008749-003/2024(H5N1)	168	585
NP|PP755592.1|A/cattle/Texas/24-008749-003/2024(H5N1)	169	609
NP|PP755592.1|A/cattle/Texas/24-008749-003/2024(H5N1)	170	609
NP|PP755592.1|A/cattle/Texas/24-008749-003/2024(H5N1)	171	609
NP|PP755592.1|A/cattle/Texas/24-008749-003/2024(H5N1)	172	609
NP|PP755592.1|A/cattle/Texas/24-008749-003/2024(H5N1)	173	609
NP|PP755592.1|A/cattle/Texas/24-008749-003/2024(H5N1)	174	617
NP|PP755592.1|A/cattle/Texas/24-008749-003/2024(H5N1)	175	617
NP|PP755592.1|A/cattle/Texas/24-008749-003/2024(H5N1)	176	617
NP|PP755592.1|A/cattle/Texas/24-008749-003/2024(H5N1)	177	621
NP|PP755592.1|A/cattle/Texas/24-008749-003/2024(H5N1)	178	593
NP|PP755592.1|A/cattle/Texas/24-008749-003/2024(H5N1)	179	601
NP|PP755592.1|A/cattle/Texas/24-008749-003/2024(H5N1)	180	601
NP|PP755592.1|A/cattle/Texas/24-008749-003/2024(H5N1)	181	601
NP|PP755592.1|A/cattle/Texas/24-008749-003/2024(H5N1)	182	613
NP|PP755592.1|A/cattle/Texas/24-008749-003/2024(H5N1)	183	611
NP|PP755592.1|A/cattle/Texas/24-008749-003/2024(H5N1)	184	622
NP|PP755592.1|A/cattle/Texas/24-008749-003/2024(H5N1)	185	620
NP|PP755592.1|A/cattle/Texas/24-008749-003/2024(H5N1)	186	613
NP|PP755592.1|A/cattle/Texas/24-008749-003/2024(H5N1)	187	615
NP|PP755592.1|A/cattle/Texas/24-008749-003/2024(H5N1)	188	600
NP|PP755592.1|A/cattle/Texas/24-008749-003/2024(H5N1)	189	601
NP|PP755592.1|A/cattle/Texas/24-008749-003/2024(H5N1)	190	601
NP|PP755592.1|A/cattle/Texas/24-008749-003/2024(H5N1)	191	599
NP|PP755592.1|A/cattle/Texas/24-008749-003/2024(H5N1)	192	597
NP|PP755592.1|A/cattle/Texas/24-008749-003/2024(H5N1)	193	571
NP|PP755592.1|A/cattle/Texas/24-008749-003/2024(H5N1)	194	588
NP|PP755592.1|A/cattle/Texas/24-008749-003/2024(H5N1)	195	594
NP|PP755592.1|A/cattle/Texas/24-008749-003/2024(H5N1)	196	601
NP|PP755592.1|A/cattle/Texas/24-008749-003/2024(H5N1)	197	603
NP|PP755592.1|A/cattle/Texas/24-008749-003/2024(H5N1)	198	600
NP|PP755592.1|A/cattle/Texas/24-008749-003/2024(H5N1)	199	601
NP|PP755592.1|A/cattle/Texas/24-008749-003/2024(H5N1)	200	607
NP|PP755592.1|A/cattle/Texas/24-008749-003/2024(H5N1)	201	610
NP|PP755592.1|A/cattle/Texas/24-008749-003/2024(H5N1)	202	614
NP|PP755592.1|A/cattle/Texas/24-008749-003/2024(H5N1)	203	605
NP|PP755592.1|A/cattle/Texas/24-008749-003/2024(H5N1)	204	593
NP|PP755592.1|A/cattle/Texas/24-008749-003/2024(H5N1)	205	595
NP|PP755592.1|A/cattle/Texas/24-008749-003/2024(H5N1)	206	594
NP|PP755592.1|A/cattle/Texas/24-008749-003/2024(H5N1)	207	594
NP|PP755592.1|A/cattle/Texas/24-008749-003/2024(H5N1)	208	596
NP|PP755592.1|A/cattle/Texas/24-008749-003/2024(H5N1)	209	599
NP|PP755592.1|A/cattle/Texas/24-008749-003/2024(H5N1)	210	601
NP|PP755592.1|A/cattle/Texas/24-008749-003/2024(H5N1)	211	601
NP|PP755592.1|A/cattle/Texas/24-008749-003/2024(H5N1)	212	590
NP|PP755592.1|A/cattle/Texas/24-008749-003/2024(H5N1)	213	588
NP|PP755592.1|A/cattle/Texas/24-008749-003/2024(H5N1)	214	590
NP|PP755592.1|A/cattle/Texas/24-008749-003/2024(H5N1)	215	590
NP|PP755592.1|A/cattle/Texas/24-008749-003/2024(H5N1)	216	591
NP|PP755592.1|A/cattle/Texas/24-008749-003/2024(H5N1)	217	585
NP|PP755592.1|A/cattle/Texas/24-008749-003/2024(H5N1)	218	590
NP|PP755592.1|A/cattle/Texas/24-008749-003/2024(H5N1)	219	588
NP|PP755592.1|A/cattle/Texas/24-008749-003/2024(H5N1)	220	588
NP|PP755592.1|A/cattle/Texas/24-008749-003/2024(H5N1)	221	588
NP|PP755592.1|A/cattle/Texas/24-008749-003/2024(H5N1)	222	590
NP|PP755592.1|A/cattle/Texas/24-008749-003/2024(H5N1)	223	584
NP|PP755592.1|A/cattle/Texas/24-008749-003/2024(H5N1)	224	583
NP|PP755592.1|A/cattle/Texas/24-008749-003/2024(H5N1)	225	585
NP|PP755592.1|A/cattle/Texas/24-008749-003/2024(H5N1)	226	582
NP|PP755592.1|A/cattle/Texas/24-008749-003/2024(H5N1)	227	582
NP|PP755592.1|A/cattle/Texas/24-008749-003/2024(H5N1)	228	584
NP|PP755592.1|A/cattle/Texas/24-008749-003/2024(H5N1)	229	582
NP|PP755592.1|A/cattle/Texas/24-008749-003/2024(H5N1)	230	585
NP|PP755592.1|A/cattle/Texas/24-008749-003/2024(H5N1)	231	584
NP|PP755592.1|A/cattle/Texas/24-008749-003/2024(H5N1)	232	584
NP|PP755592.1|A/cattle/Texas/24-008749-003/2024(H5N1)	233	586
NP|PP755592.1|A/cattle/Texas/24-008749-003/2024(H5N1)	234	579
NP|PP755592.1|A/cattle/Texas/24-008749-003/2024(H5N1)	235	576
NP|PP755592.1|A/cattle/Texas/24-008749-003/2024(H5N1)	236	574
NP|PP755592.1|A/cattle/Texas/24-008749-003/2024(H5N1)	237	576
NP|PP755592.1|A/cattle/Texas/24-008749-003/2024(H5N1)	238	579
NP|PP755592.1|A/cattle/Texas/24-008749-003/2024(H5N1)	239	585
NP|PP755592.1|A/cattle/Texas/24-008749-003/2024(H5N1)	240	583
NP|PP755592.1|A/cattle/Texas/24-008749-003/2024(H5N1)	241	590
NP|PP755592.1|A/cattle/Texas/24-008749-003/2024(H5N1)	242	577
NP|PP755592.1|A/cattle/Texas/24-008749-003/2024(H5N1)	243	580
NP|PP755592.1|A/cattle/Texas/24-008749-003/2024(H5N1)	244	581
NP|PP755592.1|A/cattle/Texas/24-008749-003/2024(H5N1)	245	579
NP|PP755592.1|A/cattle/Texas/24-008749-003/2024(H5N1)	246	587
NP|PP755592.1|A/cattle/Texas/24-008749-003/2024(H5N1)	247	589
NP|PP755592.1|A/cattle/Texas/24-008749-003/2024(H5N1)	248	591
NP|PP755592.1|A/cattle/Texas/24-008749-003/2024(H5N1)	249	590
NP|PP755592.1|A/cattle/Texas/24-008749-003/2024(H5N1)	250	580
NP|PP755592.1|A/cattle/Texas/24-008749-003/2024(H5N1)	251	597
NP|PP755592.1|A/cattle/Texas/24-008749-003/2024(H5N1)	252	598
NP|PP755592.1|A/cattle/Texas/24-008749-003/2024(H5N1)	253	598
NP|PP755592.1|A/cattle/Texas/24-008749-003/2024(H5N1)	254	596
NP|PP755592.1|A/cattle/Texas/24-008749-003/2024(H5N1)	255	530
NP|PP755592.1|A/cattle/Texas/24-008749-003/2024(H5N1)	256	548
NP|PP755592.1|A/cattle/Texas/24-008749-003/2024(H5N1)	257	545
NP|PP755592.1|A/cattle/Texas/24-008749-003/2024(H5N1)	258	542
NP|PP755592.1|A/cattle/Texas/24-008749-003/2024(H5N1)	259	542
NP|PP755592.1|A/cattle/Texas/24-008749-003/2024(H5N1)	260	542
NP|PP755592.1|A/cattle/Texas/24-008749-003/2024(H5N1)	261	542
NP|PP755592.1|A/cattle/Texas/24-008749-003/2024(H5N1)	262	544
NP|PP755592.1|A/cattle/Texas/24-008749-003/2024(H5N1)	263	542
NP|PP755592.1|A/cattle/Texas/24-008749-003/2024(H5N1)	264	539
NP|PP755592.1|A/cattle/Texas/24-008749-003/2024(H5N1)	265	550
NP|PP755592.1|A/cattle/Texas/24-008749-003/2024(H5N1)	266	549
NP|PP755592.1|A/cattle/Texas/24-008749-003/2024(H5N1)	267	545
NP|PP755592.1|A/cattle/Texas/24-008749-003/2024(H5N1)	268	561
NP|PP755592.1|A/cattle/Texas/24-008749-003/2024(H5N1)	269	561
NP|PP755592.1|A/cattle/Texas/24-008749-003/2024(H5N1)	270	563
NP|PP755592.1|A/cattle/Texas/24-008749-003/2024(H5N1)	271	563
NP|PP755592.1|A/cattle/Texas/24-008749-003/2024(H5N1)	272	569
NP|PP755592.1|A/cattle/Texas/24-008749-003/2024(H5N1)	273	567
NP|PP755592.1|A/cattle/Texas/24-008749-003/2024(H5N1)	274	568
NP|PP755592.1|A/cattle/Texas/24-008749-003/2024(H5N1)	275	569
NP|PP755592.1|A/cattle/Texas/24-008749-003/2024(H5N1)	276	567
NP|PP755592.1|A/cattle/Texas/24-008749-003/2024(H5N1)	277	567
NP|PP755592.1|A/cattle/Texas/24-008749-003/2024(H5N1)	278	567
NP|PP755592.1|A/cattle/Texas/24-008749-003/2024(H5N1)	279	565
NP|PP755592.1|A/cattle/Texas/24-008749-003/2024(H5N1)	280	565
NP|PP755592.1|A/cattle/Texas/24-008749-003/2024(H5N1)	281	565
NP|PP755592.1|A/cattle/Texas/24-008749-003/2024(H5N1)	282	564
NP|PP755592.1|A/cattle/Texas/24-008749-003/2024(H5N1)	283	564
NP|PP755592.1|A/cattle/Texas/24-008749-003/2024(H5N1)	284	562
NP|PP755592.1|A/cattle/Texas/24-008749-003/2024(H5N1)	285	562
NP|PP755592.1|A/cattle/Texas/24-008749-003/2024(H5N1)	286	562
NP|PP755592.1|A/cattle/Texas/24-008749-003/2024(H5N1)	287	557
NP|PP755592.1|A/cattle/Texas/24-008749-003/2024(H5N1)	288	524
NP|PP755592.1|A/cattle/Texas/24-008749-003/2024(H5N1)	289	522
NP|PP755592.1|A/cattle/Texas/24-008749-003/2024(H5N1)	290	520
NP|PP755592.1|A/cattle/Texas/24-008749-003/2024(H5N1)	291	520
NP|PP755592.1|A/cattle/Texas/24-008749-003/2024(H5N1)	292	520
NP|PP755592.1|A/cattle/Texas/24-008749-003/2024(H5N1)	293	520
NP|PP755592.1|A/cattle/Texas/24-008749-003/2024(H5N1)	294	530
NP|PP755592.1|A/cattle/Texas/24-008749-003/2024(H5N1)	295	548
NP|PP755592.1|A/cattle/Texas/24-008749-003/2024(H5N1)	296	550
NP|PP755592.1|A/cattle/Texas/24-008749-003/2024(H5N1)	297	552
NP|PP755592.1|A/cattle/Texas/24-008749-003/2024(H5N1)	298	554
NP|PP755592.1|A/cattle/Texas/24-008749-003/2024(H5N1)	299	556
NP|PP755592.1|A/cattle/Texas/24-008749-003/2024(H5N1)	300	556
NP|PP755592.1|A/cattle/Texas/24-008749-003/2024(H5N1)	301	571
NP|PP755592.1|A/cattle/Texas/24-008749-003/2024(H5N1)	302	576
NP|PP755592.1|A/cattle/Texas/24-008749-003/2024(H5N1)	303	579
NP|PP755592.1|A/cattle/Texas/24-008749-003/2024(H5N1)	304	579
NP|PP755592.1|A/cattle/Texas/24-008749-003/2024(H5N1)	305	587
NP|PP755592.1|A/cattle/Texas/24-008749-003/2024(H5N1)	306	587
NP|PP755592.1|A/cattle/Texas/24-008749-003/2024(H5N1)	307	590
NP|PP755592.1|A/cattle/Texas/24-008749-003/2024(H5N1)	308	590
NP|PP755592.1|A/cattle/Texas/24-008749-003/2024(H5N1)	309	590
NP|PP755592.1|A/cattle/Texas/24-008749-003/2024(H5N1)	310	576
NP|PP755592.1|A/cattle/Texas/24-008749-003/2024(H5N1)	311	576
NP|PP755592.1|A/cattle/Texas/24-008749-003/2024(H5N1)	312	579
NP|PP755592.1|A/cattle/Texas/24-008749-003/2024(H5N1)	313	579
NP|PP755592.1|A/cattle/Texas/24-008749-003/2024(H5N1)	314	568
NP|PP755592.1|A/cattle/Texas/24-008749-003/2024(H5N1)	315	570
NP|PP755592.1|A/cattle/Texas/24-008749-003/2024(H5N1)	316	570
NP|PP755592.1|A/cattle/Texas/24-008749-003/2024(H5N1)	317	571
NP|PP755592.1|A/cattle/Texas/24-008749-003/2024(H5N1)	318	570
NP|PP755592.1|A/cattle/Texas/24-008749-003/2024(H5N1)	319	570
NP|PP755592.1|A/cattle/Texas/24-008749-003/2024(H5N1)	320	560
NP|PP755592.1|A/cattle/Texas/24-008749-003/2024(H5N1)	321	541
NP|PP755592.1|A/cattle/Texas/24-008749-003/2024(H5N1)	322	540
NP|PP755592.1|A/cattle/Texas/24-008749-003/2024(H5N1)	323	559
NP|PP755592.1|A/cattle/Texas/24-008749-003/2024(H5N1)	324	559
NP|PP755592.1|A/cattle/Texas/24-008749-003/2024(H5N1)	325	560
NP|PP755592.1|A/cattle/Texas/24-008749-003/2024(H5N1)	326	560
NP|PP755592.1|A/cattle/Texas/24-008749-003/2024(H5N1)	327	559
NP|PP755592.1|A/cattle/Texas/24-008749-003/2024(H5N1)	328	560
NP|PP755592.1|A/cattle/Texas/24-008749-003/2024(H5N1)	329	551
NP|PP755592.1|A/cattle/Texas/24-008749-003/2024(H5N1)	330	551
NP|PP755592.1|A/cattle/Texas/24-008749-003/2024(H5N1)	331	551
NP|PP755592.1|A/cattle/Texas/24-008749-003/2024(H5N1)	332	557
NP|PP755592.1|A/cattle/Texas/24-008749-003/2024(H5N1)	333	554
NP|PP755592.1|A/cattle/Texas/24-008749-003/2024(H5N1)	334	558
NP|PP755592.1|A/cattle/Texas/24-008749-003/2024(H5N1)	335	564
NP|PP755592.1|A/cattle/Texas/24-008749-003/2024(H5N1)	336	565
NP|PP755592.1|A/cattle/Texas/24-008749-003/2024(H5N1)	337	551
NP|PP755592.1|A/cattle/Texas/24-008749-003/2024(H5N1)	338	551
NP|PP755592.1|A/cattle/Texas/24-008749-003/2024(H5N1)	339	540
NP|PP755592.1|A/cattle/Texas/24-008749-003/2024(H5N1)	340	542
NP|PP755592.1|A/cattle/Texas/24-008749-003/2024(H5N1)	341	542
NP|PP755592.1|A/cattle/Texas/24-008749-003/2024(H5N1)	342	540
NP|PP755592.1|A/cattle/Texas/24-008749-003/2024(H5N1)	343	541
NP|PP755592.1|A/cattle/Texas/24-008749-003/2024(H5N1)	344	530
NP|PP755592.1|A/cattle/Texas/24-008749-003/2024(H5N1)	345	548
NP|PP755592.1|A/cattle/Texas/24-008749-003/2024(H5N1)	346	547
NP|PP755592.1|A/cattle/Texas/24-008749-003/2024(H5N1)	347	546
NP|PP755592.1|A/cattle/Texas/24-008749-003/2024(H5N1)	348	546
NP|PP755592.1|A/cattle/Texas/24-008749-003/2024(H5N1)	349	538
NP|PP755592.1|A/cattle/Texas/24-008749-003/2024(H5N1)	350	542
NP|PP755592.1|A/cattle/Texas/24-008749-003/2024(H5N1)	351	542
NP|PP755592.1|A/cattle/Texas/24-008749-003/2024(H5N1)	352	538
NP|PP755592.1|A/cattle/Texas/24-008749-003/2024(H5N1)	353	538
NP|PP755592.1|A/cattle/Texas/24-008749-003/2024(H5N1)	354	527
NP|PP755592.1|A/cattle/Texas/24-008749-003/2024(H5N1)	355	530
NP|PP755592.1|A/cattle/Texas/24-008749-003/2024(H5N1)	356	529
NP|PP755592.1|A/cattle/Texas/24-008749-003/2024(H5N1)	357	533
NP|PP755592.1|A/cattle/Texas/24-008749-003/2024(H5N1)	358	534
NP|PP755592.1|A/cattle/Texas/24-008749-003/2024(H5N1)	359	526
NP|PP755592.1|A/cattle/Texas/24-008749-003/2024(H5N1)	360	526
NP|PP755592.1|A/cattle/Texas/24-008749-003/2024(H5N1)	361	527
NP|PP755592.1|A/cattle/Texas/24-008749-003/2024(H5N1)	362	527
NP|PP755592.1|A/cattle/Texas/24-008749-003/2024(H5N1)	363	525
NP|PP755592.1|A/cattle/Texas/24-008749-003/2024(H5N1)	364	519
NP|PP755592.1|A/cattle/Texas/24-008749-003/2024(H5N1)	365	521
NP|PP755592.1|A/cattle/Texas/24-008749-003/2024(H5N1)	366	521
NP|PP755592.1|A/cattle/Texas/24-008749-003/2024(H5N1)	367	519
NP|PP755592.1|A/cattle/Texas/24-008749-003/2024(H5N1)	368	519
NP|PP755592.1|A/cattle/Texas/24-008749-003/2024(H5N1)	369	525
NP|PP755592.1|A/cattle/Texas/24-008749-003/2024(H5N1)	370	518
NP|PP755592.1|A/cattle/Texas/24-008749-003/2024(H5N1)	371	518
NP|PP755592.1|A/cattle/Texas/24-008749-003/2024(H5N1)	372	513
NP|PP755592.1|A/cattle/Texas/24-008749-003/2024(H5N1)	373	518
NP|PP755592.1|A/cattle/Texas/24-008749-003/2024(H5N1)	374	518
NP|PP755592.1|A/cattle/Texas/24-008749-003/2024(H5N1)	375	514
NP|PP755592.1|A/cattle/Texas/24-008749-003/2024(H5N1)	376	514
NP|PP755592.1|A/cattle/Texas/24-008749-003/2024(H5N1)	377	497
NP|PP755592.1|A/cattle/Texas/24-008749-003/2024(H5N1)	378	487
NP|PP755592.1|A/cattle/Texas/24-008749-003/2024(H5N1)	379	486
NP|PP755592.1|A/cattle/Texas/24-008749-003/2024(H5N1)	380	484
NP|PP755592.1|A/cattle/Texas/24-008749-003/2024(H5N1)	381	481
NP|PP755592.1|A/cattle/Texas/24-008749-003/2024(H5N1)	382	478
NP|PP755592.1|A/cattle/Texas/24-008749-003/2024(H5N1)	383	480
NP|PP755592.1|A/cattle/Texas/24-008749-003/2024(H5N1)	384	485
NP|PP755592.1|A/cattle/Texas/24-008749-003/2024(H5N1)	385	489
NP|PP755592.1|A/cattle/Texas/24-008749-003/2024(H5N1)	386	494
NP|PP755592.1|A/cattle/Texas/24-008749-003/2024(H5N1)	387	495
NP|PP755592.1|A/cattle/Texas/24-008749-003/2024(H5N1)	388	496
NP|PP755592.1|A/cattle/Texas/24-008749-003/2024(H5N1)	389	501
NP|PP755592.1|A/cattle/Texas/24-008749-003/2024(H5N1)	390	496
NP|PP755592.1|A/cattle/Texas/24-008749-003/2024(H5N1)	391	496
NP|PP755592.1|A/cattle/Texas/24-008749-003/2024(H5N1)	392	496
NP|PP755592.1|A/cattle/Texas/24-008749-003/2024(H5N1)	393	488
NP|PP755592.1|A/cattle/Texas/24-008749-003/2024(H5N1)	394	495
NP|PP755592.1|A/cattle/Texas/24-008749-003/2024(H5N1)	395	496
NP|PP755592.1|A/cattle/Texas/24-008749-003/2024(H5N1)	396	495
NP|PP755592.1|A/cattle/Texas/24-008749-003/2024(H5N1)	397	496
NP|PP755592.1|A/cattle/Texas/24-008749-003/2024(H5N1)	398	491
NP|PP755592.1|A/cattle/Texas/24-008749-003/2024(H5N1)	399	502
NP|PP755592.1|A/cattle/Texas/24-008749-003/2024(H5N1)	400	502
NP|PP755592.1|A/cattle/Texas/24-008749-003/2024(H5N1)	401	502
NP|PP755592.1|A/cattle/Texas/24-008749-003/2024(H5N1)	402	502
NP|PP755592.1|A/cattle/Texas/24-008749-003/2024(H5N1)	403	503
NP|PP755592.1|A/cattle/Texas/24-008749-003/2024(H5N1)	404	503
NP|PP755592.1|A/cattle/Texas/24-008749-003/2024(H5N1)	405	510
NP|PP755592.1|A/cattle/Texas/24-008749-003/2024(H5N1)	406	504
NP|PP755592.1|A/cattle/Texas/24-008749-003/2024(H5N1)	407	505
NP|PP755592.1|A/cattle/Texas/24-008749-003/2024(H5N1)	408	504
NP|PP755592.1|A/cattle/Texas/24-008749-003/2024(H5N1)	409	505
NP|PP755592.1|A/cattle/Texas/24-008749-003/2024(H5N1)	410	509
NP|PP755592.1|A/cattle/Texas/24-008749-003/2024(H5N1)	411	507
NP|PP755592.1|A/cattle/Texas/24-008749-003/2024(H5N1)	412	499
NP|PP755592.1|A/cattle/Texas/24-008749-003/2024(H5N1)	413	499
NP|PP755592.1|A/cattle/Texas/24-008749-003/2024(H5N1)	414	487
NP|PP755592.1|A/cattle/Texas/24-008749-003/2024(H5N1)	415	486
NP|PP755592.1|A/cattle/Texas/24-008749-003/2024(H5N1)	416	488
NP|PP755592.1|A/cattle/Texas/24-008749-003/2024(H5N1)	417	489
NP|PP755592.1|A/cattle/Texas/24-008749-003/2024(H5N1)	418	488
NP|PP755592.1|A/cattle/Texas/24-008749-003/2024(H5N1)	419	489
NP|PP755592.1|A/cattle/Texas/24-008749-003/2024(H5N1)	420	484
NP|PP755592.1|A/cattle/Texas/24-008749-003/2024(H5N1)	421	483
NP|PP755592.1|A/cattle/Texas/24-008749-003/2024(H5N1)	422	485
NP|PP755592.1|A/cattle/Texas/24-008749-003/2024(H5N1)	423	485
NP|PP755592.1|A/cattle/Texas/24-008749-003/2024(H5N1)	424	495
NP|PP755592.1|A/cattle/Texas/24-008749-003/2024(H5N1)	425	496
NP|PP755592.1|A/cattle/Texas/24-008749-003/2024(H5N1)	426	496
NP|PP755592.1|A/cattle/Texas/24-008749-003/2024(H5N1)	427	494
NP|PP755592.1|A/cattle/Texas/24-008749-003/2024(H5N1)	428	494
NP|PP755592.1|A/cattle/Texas/24-008749-003/2024(H5N1)	429	493
NP|PP755592.1|A/cattle/Texas/24-008749-003/2024(H5N1)	430	491
NP|PP755592.1|A/cattle/Texas/24-008749-003/2024(H5N1)	431	491
NP|PP755592.1|A/cattle/Texas/24-008749-003/2024(H5N1)	432	491
NP|PP755592.1|A/cattle/Texas/24-008749-003/2024(H5N1)	433	481
NP|PP755592.1|A/cattle/Texas/24-008749-003/2024(H5N1)	434	479
NP|PP755592.1|A/cattle/Texas/24-008749-003/2024(H5N1)	435	473
NP|PP755592.1|A/cattle/Texas/24-008749-003/2024(H5N1)	436	473
NP|PP755592.1|A/cattle/Texas/24-008749-003/2024(H5N1)	437	477
NP|PP755592.1|A/cattle/Texas/24-008749-003/2024(H5N1)	438	477
NP|PP755592.1|A/cattle/Texas/24-008749-003/2024(H5N1)	439	478
NP|PP755592.1|A/cattle/Texas/24-008749-003/2024(H5N1)	440	478
NP|PP755592.1|A/cattle/Texas/24-008749-003/2024(H5N1)	441	478
NP|PP755592.1|A/cattle/Texas/24-008749-003/2024(H5N1)	442	481
NP|PP755592.1|A/cattle/Texas/24-008749-003/2024(H5N1)	443	481
NP|PP755592.1|A/cattle/Texas/24-008749-003/2024(H5N1)	444	471
NP|PP755592.1|A/cattle/Texas/24-008749-003/2024(H5N1)	445	467
NP|PP755592.1|A/cattle/Texas/24-008749-003/2024(H5N1)	446	457
NP|PP755592.1|A/cattle/Texas/24-008749-003/2024(H5N1)	447	457
NP|PP755592.1|A/cattle/Texas/24-008749-003/2024(H5N1)	448	455
NP|PP755592.1|A/cattle/Texas/24-008749-003/2024(H5N1)	449	452
NP|PP755592.1|A/cattle/Texas/24-008749-003/2024(H5N1)	450	452
NP|PP755592.1|A/cattle/Texas/24-008749-003/2024(H5N1)	451	444
NP|PP755592.1|A/cattle/Texas/24-008749-003/2024(H5N1)	452	443
NP|PP755592.1|A/cattle/Texas/24-008749-003/2024(H5N1)	453	440
NP|PP755592.1|A/cattle/Texas/24-008749-003/2024(H5N1)	454	439
NP|PP755592.1|A/cattle/Texas/24-008749-003/2024(H5N1)	455	438
NP|PP755592.1|A/cattle/Texas/24-008749-003/2024(H5N1)	456	420
NP|PP755592.1|A/cattle/Texas/24-008749-003/2024(H5N1)	457	419
NP|PP755592.1|A/cattle/Texas/24-008749-003/2024(H5N1)	458	402
NP|PP755592.1|A/cattle/Texas/24-008749-003/2024(H5N1)	459	402
NP|PP755592.1|A/cattle/Texas/24-008749-003/2024(H5N1)	460	405
NP|PP755592.1|A/cattle/Texas/24-008749-003/2024(H5N1)	461	405
NP|PP755592.1|A/cattle/Texas/24-008749-003/2024(H5N1)	462	407
NP|PP755592.1|A/cattle/Texas/24-008749-003/2024(H5N1)	463	417
NP|PP755592.1|A/cattle/Texas/24-008749-003/2024(H5N1)	464	417
NP|PP755592.1|A/cattle/Texas/24-008749-003/2024(H5N1)	465	417
NP|PP755592.1|A/cattle/Texas/24-008749-003/2024(H5N1)	466	423
NP|PP755592.1|A/cattle/Texas/24-008749-003/2024(H5N1)	467	427
NP|PP755592.1|A/cattle/Texas/24-008749-003/2024(H5N1)	468	427
NP|PP755592.1|A/cattle/Texas/24-008749-003/2024(H5N1)	469	413
NP|PP755592.1|A/cattle/Texas/24-008749-003/2024(H5N1)	470	416
NP|PP755592.1|A/cattle/Texas/24-008749-003/2024(H5N1)	471	411
NP|PP755592.1|A/cattle/Texas/24-008749-003/2024(H5N1)	472	411
NP|PP755592.1|A/cattle/Texas/24-008749-003/2024(H5N1)	473	411
NP|PP755592.1|A/cattle/Texas/24-008749-003/2024(H5N1)	474	407
NP|PP755592.1|A/cattle/Texas/24-008749-003/2024(H5N1)	475	407
NP|PP755592.1|A/cattle/Texas/24-008749-003/2024(H5N1)	476	403
NP|PP755592.1|A/cattle/Texas/24-008749-003/2024(H5N1)	477	402
NP|PP755592.1|A/cattle/Texas/24-008749-003/2024(H5N1)	478	404
NP|PP755592.1|A/cattle/Texas/24-008749-003/2024(H5N1)	479	404
NP|PP755592.1|A/cattle/Texas/24-008749-003/2024(H5N1)	480	404
NP|PP755592.1|A/cattle/Texas/24-008749-003/2024(H5N1)	481	391
NP|PP755592.1|A/cattle/Texas/24-008749-003/2024(H5N1)	482	391
NP|PP755592.1|A/cattle/Texas/24-008749-003/2024(H5N1)	483	389
NP|PP755592.1|A/cattle/Texas/24-008749-003/2024(H5N1)	484	401
NP|PP755592.1|A/cattle/Texas/24-008749-003/2024(H5N1)	485	401
NP|PP755592.1|A/cattle/Texas/24-008749-003/2024(H5N1)	486	402
NP|PP755592.1|A/cattle/Texas/24-008749-003/2024(H5N1)	487	399
NP|PP755592.1|A/cattle/Texas/24-008749-003/2024(H5N1)	488	392
NP|PP755592.1|A/cattle/Texas/24-008749-003/2024(H5N1)	489	395
NP|PP755592.1|A/cattle/Texas/24-008749-003/2024(H5N1)	490	388
NP|PP755592.1|A/cattle/Texas/24-008749-003/2024(H5N1)	491	388
NP|PP755592.1|A/cattle/Texas/24-008749-003/2024(H5N1)	492	383
NP|PP755592.1|A/cattle/Texas/24-008749-003/2024(H5N1)	493	385
NP|PP755592.1|A/cattle/Texas/24-008749-003/2024(H5N1)	494	385
NP|PP755592.1|A/cattle/Texas/24-008749-003/2024(H5N1)	495	381
NP|PP755592.1|A/cattle/Texas/24-008749-003/2024(H5N1)	496	387
NP|PP755592.1|A/cattle/Texas/24-008749-003/2024(H5N1)	497	390
NP|PP755592.1|A/cattle/Texas/24-008749-003/2024(H5N1)	498	375
NP|PP755592.1|A/cattle/Texas/24-008749-003/2024(H5N1)	499	384
NP|PP755592.1|A/cattle/Texas/24-008749-003/2024(H5N1)	500	384
NP|PP755592.1|A/cattle/Texas/24-008749-003/2024(H5N1)	501	384
NP|PP755592.1|A/cattle/Texas/24-008749-003/2024(H5N1)	502	376
NP|PP755592.1|A/cattle/Texas/24-008749-003/2024(H5N1)	503	359
NP|PP755592.1|A/cattle/Texas/24-008749-003/2024(H5N1)	504	358
NP|PP755592.1|A/cattle/Texas/24-008749-003/2024(H5N1)	505	342
NP|PP755592.1|A/cattle/Texas/24-008749-003/2024(H5N1)	506	342
NP|PP755592.1|A/cattle/Texas/24-008749-003/2024(H5N1)	507	336
NP|PP755592.1|A/cattle/Texas/24-008749-003/2024(H5N1)	508	334
NP|PP755592.1|A/cattle/Texas/24-008749-003/2024(H5N1)	509	336
NP|PP755592.1|A/cattle/Texas/24-008749-003/2024(H5N1)	510	336
NP|PP755592.1|A/cattle/Texas/24-008749-003/2024(H5N1)	511	336
NP|PP755592.1|A/cattle/Texas/24-008749-003/2024(H5N1)	512	336
NP|PP755592.1|A/cattle/Texas/24-008749-003/2024(H5N1)	513	336
NP|PP755592.1|A/cattle/Texas/24-008749-003/2024(H5N1)	514	348
NP|PP755592.1|A/cattle/Texas/24-008749-003/2024(H5N1)	515	339
NP|PP755592.1|A/cattle/Texas/24-008749-003/2024(H5N1)	516	338
NP|PP755592.1|A/cattle/Texas/24-008749-003/2024(H5N1)	517	338
NP|PP755592.1|A/cattle/Texas/24-008749-003/2024(H5N1)	518	338
NP|PP755592.1|A/cattle/Texas/24-008749-003/2024(H5N1)	519	338
NP|PP755592.1|A/cattle/Texas/24-008749-003/2024(H5N1)	520	338
NP|PP755592.1|A/cattle/Texas/24-008749-003/2024(H5N1)	521	336
NP|PP755592.1|A/cattle/Texas/24-008749-003/2024(H5N1)	522	336
NP|PP755592.1|A/cattle/Texas/24-008749-003/2024(H5N1)	523	329
NP|PP755592.1|A/cattle/Texas/24-008749-003/2024(H5N1)	524	329
NP|PP755592.1|A/cattle/Texas/24-008749-003/2024(H5N1)	525	282
NP|PP755592.1|A/cattle/Texas/24-008749-003/2024(H5N1)	526	277
NP|PP755592.1|A/cattle/Texas/24-008749-003/2024(H5N1)	527	277
NP|PP755592.1|A/cattle/Texas/24-008749-003/2024(H5N1)	528	277
NP|PP755592.1|A/cattle/Texas/24-008749-003/2024(H5N1)	529	277
NP|PP755592.1|A/cattle/Texas/24-008749-003/2024(H5N1)	530	277
NP|PP755592.1|A/cattle/Texas/24-008749-003/2024(H5N1)	531	272
NP|PP755592.1|A/cattle/Texas/24-008749-003/2024(H5N1)	532	272
NP|PP755592.1|A/cattle/Texas/24-008749-003/2024(H5N1)	533	274
NP|PP755592.1|A/cattle/Texas/24-008749-003/2024(H5N1)	534	274
NP|PP755592.1|A/cattle/Texas/24-008749-003/2024(H5N1)	535	274
NP|PP755592.1|A/cattle/Texas/24-008749-003/2024(H5N1)	536	274
NP|PP755592.1|A/cattle/Texas/24-008749-003/2024(H5N1)	537	274
NP|PP755592.1|A/cattle/Texas/24-008749-003/2024(H5N1)	538	274
NP|PP755592.1|A/cattle/Texas/24-008749-003/2024(H5N1)	539	274
NP|PP755592.1|A/cattle/Texas/24-008749-003/2024(H5N1)	540	273
NP|PP755592.1|A/cattle/Texas/24-008749-003/2024(H5N1)	541	273
NP|PP755592.1|A/cattle/Texas/24-008749-003/2024(H5N1)	542	271
NP|PP755592.1|A/cattle/Texas/24-008749-003/2024(H5N1)	543	269
NP|PP755592.1|A/cattle/Texas/24-008749-003/2024(H5N1)	544	283
NP|PP755592.1|A/cattle/Texas/24-008749-003/2024(H5N1)	545	283
NP|PP755592.1|A/cattle/Texas/24-008749-003/2024(H5N1)	546	282
NP|PP755592.1|A/cattle/Texas/24-008749-003/2024(H5N1)	547	280
NP|PP755592.1|A/cattle/Texas/24-008749-003/2024(H5N1)	548	279
NP|PP755592.1|A/cattle/Texas/24-008749-003/2024(H5N1)	549	260
NP|PP755592.1|A/cattle/Texas/24-008749-003/2024(H5N1)	550	279
NP|PP755592.1|A/cattle/Texas/24-008749-003/2024(H5N1)	551	279
NP|PP755592.1|A/cattle/Texas/24-008749-003/2024(H5N1)	552	279
NP|PP755592.1|A/cattle/Texas/24-008749-003/2024(H5N1)	553	286
NP|PP755592.1|A/cattle/Texas/24-008749-003/2024(H5N1)	554	272
NP|PP755592.1|A/cattle/Texas/24-008749-003/2024(H5N1)	555	270
NP|PP755592.1|A/cattle/Texas/24-008749-003/2024(H5N1)	556	270
NP|PP755592.1|A/cattle/Texas/24-008749-003/2024(H5N1)	557	267
NP|PP755592.1|A/cattle/Texas/24-008749-003/2024(H5N1)	558	266
NP|PP755592.1|A/cattle/Texas/24-008749-003/2024(H5N1)	559	266
NP|PP755592.1|A/cattle/Texas/24-008749-003/2024(H5N1)	560	266
NP|PP755592.1|A/cattle/Texas/24-008749-003/2024(H5N1)	561	267
NP|PP755592.1|A/cattle/Texas/24-008749-003/2024(H5N1)	562	272
NP|PP755592.1|A/cattle/Texas/24-008749-003/2024(H5N1)	563	272
NP|PP755592.1|A/cattle/Texas/24-008749-003/2024(H5N1)	564	272
NP|PP755592.1|A/cattle/Texas/24-008749-003/2024(H5N1)	565	395
NP|PP755592.1|A/cattle/Texas/24-008749-003/2024(H5N1)	566	395
NP|PP755592.1|A/cattle/Texas/24-008749-003/2024(H5N1)	567	395
NP|PP755592.1|A/cattle/Texas/24-008749-003/2024(H5N1)	568	399
NP|PP755592.1|A/cattle/Texas/24-008749-003/2024(H5N1)	569	403
NP|PP755592.1|A/cattle/Texas/24-008749-003/2024(H5N1)	570	408
NP|PP755592.1|A/cattle/Texas/24-008749-003/2024(H5N1)	571	408
NP|PP755592.1|A/cattle/Texas/24-008749-003/2024(H5N1)	572	410
NP|PP755592.1|A/cattle/Texas/24-008749-003/2024(H5N1)	573	407
NP|PP755592.1|A/cattle/Texas/24-008749-003/2024(H5N1)	574	415
NP|PP755592.1|A/cattle/Texas/24-008749-003/2024(H5N1)	575	413
NP|PP755592.1|A/cattle/Texas/24-008749-003/2024(H5N1)	576	410
NP|PP755592.1|A/cattle/Texas/24-008749-003/2024(H5N1)	577	395
NP|PP755592.1|A/cattle/Texas/24-008749-003/2024(H5N1)	578	394
NP|PP755592.1|A/cattle/Texas/24-008749-003/2024(H5N1)	579	401
NP|PP755592.1|A/cattle/Texas/24-008749-003/2024(H5N1)	580	406
NP|PP755592.1|A/cattle/Texas/24-008749-003/2024(H5N1)	581	406
NP|PP755592.1|A/cattle/Texas/24-008749-003/2024(H5N1)	582	406
NP|PP755592.1|A/cattle/Texas/24-008749-003/2024(H5N1)	583	400
NP|PP755592.1|A/cattle/Texas/24-008749-003/2024(H5N1)	584	398
NP|PP755592.1|A/cattle/Texas/24-008749-003/2024(H5N1)	585	398
NP|PP755592.1|A/cattle/Texas/24-008749-003/2024(H5N1)	586	399
NP|PP755592.1|A/cattle/Texas/24-008749-003/2024(H5N1)	587	399
NP|PP755592.1|A/cattle/Texas/24-008749-003/2024(H5N1)	588	401
NP|PP755592.1|A/cattle/Texas/24-008749-003/2024(H5N1)	589	401
NP|PP755592.1|A/cattle/Texas/24-008749-003/2024(H5N1)	590	401
NP|PP755592.1|A/cattle/Texas/24-008749-003/2024(H5N1)	591	401
NP|PP755592.1|A/cattle/Texas/24-008749-003/2024(H5N1)	592	402
NP|PP755592.1|A/cattle/Texas/24-008749-003/2024(H5N1)	593	402
NP|PP755592.1|A/cattle/Texas/24-008749-003/2024(H5N1)	594	402
NP|PP755592.1|A/cattle/Texas/24-008749-003/2024(H5N1)	595	413
NP|PP755592.1|A/cattle/Texas/24-008749-003/2024(H5N1)	596	413
NP|PP755592.1|A/cattle/Texas/24-008749-003/2024(H5N1)	597	415
NP|PP755592.1|A/cattle/Texas/24-008749-003/2024(H5N1)	598	415
NP|PP755592.1|A/cattle/Texas/24-008749-003/2024(H5N1)	599	438
NP|PP755592.1|A/cattle/Texas/24-008749-003/2024(H5N1)	600	438
NP|PP755592.1|A/cattle/Texas/24-008749-003/2024(H5N1)	601	437
NP|PP755592.1|A/cattle/Texas/24-008749-003/2024(H5N1)	602	437
NP|PP755592.1|A/cattle/Texas/24-008749-003/2024(H5N1)	603	439
NP|PP755592.1|A/cattle/Texas/24-008749-003/2024(H5N1)	604	440
NP|PP755592.1|A/cattle/Texas/24-008749-003/2024(H5N1)	605	440
NP|PP755592.1|A/cattle/Texas/24-008749-003/2024(H5N1)	606	440
NP|PP755592.1|A/cattle/Texas/24-008749-003/2024(H5N1)	607	444
NP|PP755592.1|A/cattle/Texas/24-008749-003/2024(H5N1)	608	439
NP|PP755592.1|A/cattle/Texas/24-008749-003/2024(H5N1)	609	439
NP|PP755592.1|A/cattle/Texas/24-008749-003/2024(H5N1)	610	439
NP|PP755592.1|A/cattle/Texas/24-008749-003/2024(H5N1)	611	439
NP|PP755592.1|A/cattle/Texas/24-008749-003/2024(H5N1)	612	441
NP|PP755592.1|A/cattle/Texas/24-008749-003/2024(H5N1)	613	441
NP|PP755592.1|A/cattle/Texas/24-008749-003/2024(H5N1)	614	441
NP|PP755592.1|A/cattle/Texas/24-008749-003/2024(H5N1)	615	472
NP|PP755592.1|A/cattle/Texas/24-008749-003/2024(H5N1)	616	470
NP|PP755592.1|A/cattle/Texas/24-008749-003/2024(H5N1)	617	470
NP|PP755592.1|A/cattle/Texas/24-008749-003/2024(H5N1)	618	472
NP|PP755592.1|A/cattle/Texas/24-008749-003/2024(H5N1)	619	472
NP|PP755592.1|A/cattle/Texas/24-008749-003/2024(H5N1)	620	473
NP|PP755592.1|A/cattle/Texas/24-008749-003/2024(H5N1)	621	477
NP|PP755592.1|A/cattle/Texas/24-008749-003/2024(H5N1)	622	477
NP|PP755592.1|A/cattle/Texas/24-008749-003/2024(H5N1)	623	478
NP|PP755592.1|A/cattle/Texas/24-008749-003/2024(H5N1)	624	468
NP|PP755592.1|A/cattle/Texas/24-008749-003/2024(H5N1)	625	483
NP|PP755592.1|A/cattle/Texas/24-008749-003/2024(H5N1)	626	483
NP|PP755592.1|A/cattle/Texas/24-008749-003/2024(H5N1)	627	477
NP|PP755592.1|A/cattle/Texas/24-008749-003/2024(H5N1)	628	477
NP|PP755592.1|A/cattle/Texas/24-008749-003/2024(H5N1)	629	477
NP|PP755592.1|A/cattle/Texas/24-008749-003/2024(H5N1)	630	482
NP|PP755592.1|A/cattle/Texas/24-008749-003/2024(H5N1)	631	482
NP|PP755592.1|A/cattle/Texas/24-008749-003/2024(H5N1)	632	482
NP|PP755592.1|A/cattle/Texas/24-008749-003/2024(H5N1)	633	482
NP|PP755592.1|A/cattle/Texas/24-008749-003/2024(H5N1)	634	477
NP|PP755592.1|A/cattle/Texas/24-008749-003/2024(H5N1)	635	482
NP|PP755592.1|A/cattle/Texas/24-008749-003/2024(H5N1)	636	482
NP|PP755592.1|A/cattle/Texas/24-008749-003/2024(H5N1)	637	481
NP|PP755592.1|A/cattle/Texas/24-008749-003/2024(H5N1)	638	481
NP|PP755592.1|A/cattle/Texas/24-008749-003/2024(H5N1)	639	470
NP|PP755592.1|A/cattle/Texas/24-008749-003/2024(H5N1)	640	467
NP|PP755592.1|A/cattle/Texas/24-008749-003/2024(H5N1)	641	467
NP|PP755592.1|A/cattle/Texas/24-008749-003/2024(H5N1)	642	467
NP|PP755592.1|A/cattle/Texas/24-008749-003/2024(H5N1)	643	469
NP|PP755592.1|A/cattle/Texas/24-008749-003/2024(H5N1)	644	469
NP|PP755592.1|A/cattle/Texas/24-008749-003/2024(H5N1)	645	469
NP|PP755592.1|A/cattle/Texas/24-008749-003/2024(H5N1)	646	490
NP|PP755592.1|A/cattle/Texas/24-008749-003/2024(H5N1)	647	499
NP|PP755592.1|A/cattle/Texas/24-008749-003/2024(H5N1)	648	501
NP|PP755592.1|A/cattle/Texas/24-008749-003/2024(H5N1)	649	502
NP|PP755592.1|A/cattle/Texas/24-008749-003/2024(H5N1)	650	500
NP|PP755592.1|A/cattle/Texas/24-008749-003/2024(H5N1)	651	500
NP|PP755592.1|A/cattle/Texas/24-008749-003/2024(H5N1)	652	526
NP|PP755592.1|A/cattle/Texas/24-008749-003/2024(H5N1)	653	523
NP|PP755592.1|A/cattle/Texas/24-008749-003/2024(H5N1)	654	523
NP|PP755592.1|A/cattle/Texas/24-008749-003/2024(H5N1)	655	523
NP|PP755592.1|A/cattle/Texas/24-008749-003/2024(H5N1)	656	524
NP|PP755592.1|A/cattle/Texas/24-008749-003/2024(H5N1)	657	529
NP|PP755592.1|A/cattle/Texas/24-008749-003/2024(H5N1)	658	539
NP|PP755592.1|A/cattle/Texas/24-008749-003/2024(H5N1)	659	541
NP|PP755592.1|A/cattle/Texas/24-008749-003/2024(H5N1)	660	542
NP|PP755592.1|A/cattle/Texas/24-008749-003/2024(H5N1)	661	533
NP|PP755592.1|A/cattle/Texas/24-008749-003/2024(H5N1)	662	537
NP|PP755592.1|A/cattle/Texas/24-008749-003/2024(H5N1)	663	540
NP|PP755592.1|A/cattle/Texas/24-008749-003/2024(H5N1)	664	549
NP|PP755592.1|A/cattle/Texas/24-008749-003/2024(H5N1)	665	548
NP|PP755592.1|A/cattle/Texas/24-008749-003/2024(H5N1)	666	557
NP|PP755592.1|A/cattle/Texas/24-008749-003/2024(H5N1)	667	557
NP|PP755592.1|A/cattle/Texas/24-008749-003/2024(H5N1)	668	557
NP|PP755592.1|A/cattle/Texas/24-008749-003/2024(H5N1)	669	556
NP|PP755592.1|A/cattle/Texas/24-008749-003/2024(H5N1)	670	556
NP|PP755592.1|A/cattle/Texas/24-008749-003/2024(H5N1)	671	556
NP|PP755592.1|A/cattle/Texas/24-008749-003/2024(H5N1)	672	557
NP|PP755592.1|A/cattle/Texas/24-008749-003/2024(H5N1)	673	557
NP|PP755592.1|A/cattle/Texas/24-008749-003/2024(H5N1)	674	557
NP|PP755592.1|A/cattle/Texas/24-008749-003/2024(H5N1)	675	552
NP|PP755592.1|A/cattle/Texas/24-008749-003/2024(H5N1)	676	553
NP|PP755592.1|A/cattle/Texas/24-008749-003/2024(H5N1)	677	553
NP|PP755592.1|A/cattle/Texas/24-008749-003/2024(H5N1)	678	555
NP|PP755592.1|A/cattle/Texas/24-008749-003/2024(H5N1)	679	557
NP|PP755592.1|A/cattle/Texas/24-008749-003/2024(H5N1)	680	557
NP|PP755592.1|A/cattle/Texas/24-008749-003/2024(H5N1)	681	561
NP|PP755592.1|A/cattle/Texas/24-008749-003/2024(H5N1)	682	561
NP|PP755592.1|A/cattle/Texas/24-008749-003/2024(H5N1)	683	561
NP|PP755592.1|A/cattle/Texas/24-008749-003/2024(H5N1)	684	561
NP|PP755592.1|A/cattle/Texas/24-008749-003/2024(H5N1)	685	561
NP|PP755592.1|A/cattle/Texas/24-008749-003/2024(H5N1)	686	560
NP|PP755592.1|A/cattle/Texas/24-008749-003/2024(H5N1)	687	545
NP|PP755592.1|A/cattle/Texas/24-008749-003/2024(H5N1)	688	556
NP|PP755592.1|A/cattle/Texas/24-008749-003/2024(H5N1)	689	555
NP|PP755592.1|A/cattle/Texas/24-008749-003/2024(H5N1)	690	558
NP|PP755592.1|A/cattle/Texas/24-008749-003/2024(H5N1)	691	558
NP|PP755592.1|A/cattle/Texas/24-008749-003/2024(H5N1)	692	561
NP|PP755592.1|A/cattle/Texas/24-008749-003/2024(H5N1)	693	560
NP|PP755592.1|A/cattle/Texas/24-008749-003/2024(H5N1)	694	560
NP|PP755592.1|A/cattle/Texas/24-008749-003/2024(H5N1)	695	560
NP|PP755592.1|A/cattle/Texas/24-008749-003/2024(H5N1)	696	559
NP|PP755592.1|A/cattle/Texas/24-008749-003/2024(H5N1)	697	560
NP|PP755592.1|A/cattle/Texas/24-008749-003/2024(H5N1)	698	556
NP|PP755592.1|A/cattle/Texas/24-008749-003/2024(H5N1)	699	556
NP|PP755592.1|A/cattle/Texas/24-008749-003/2024(H5N1)	700	556
NP|PP755592.1|A/cattle/Texas/24-008749-003/2024(H5N1)	701	555
NP|PP755592.1|A/cattle/Texas/24-008749-003/2024(H5N1)	702	553
NP|PP755592.1|A/cattle/Texas/24-008749-003/2024(H5N1)	703	557
NP|PP755592.1|A/cattle/Texas/24-008749-003/2024(H5N1)	704	555
NP|PP755592.1|A/cattle/Texas/24-008749-003/2024(H5N1)	705	555
NP|PP755592.1|A/cattle/Texas/24-008749-003/2024(H5N1)	706	547
NP|PP755592.1|A/cattle/Texas/24-008749-003/2024(H5N1)	707	554
NP|PP755592.1|A/cattle/Texas/24-008749-003/2024(H5N1)	708	553
NP|PP755592.1|A/cattle/Texas/24-008749-003/2024(H5N1)	709	551
NP|PP755592.1|A/cattle/Texas/24-008749-003/2024(H5N1)	710	551
NP|PP755592.1|A/cattle/Texas/24-008749-003/2024(H5N1)	711	549
NP|PP755592.1|A/cattle/Texas/24-008749-003/2024(H5N1)	712	558
NP|PP755592.1|A/cattle/Texas/24-008749-003/2024(H5N1)	713	560
NP|PP755592.1|A/cattle/Texas/24-008749-003/2024(H5N1)	714	560
NP|PP755592.1|A/cattle/Texas/24-008749-003/2024(H5N1)	715	561
NP|PP755592.1|A/cattle/Texas/24-008749-003/2024(H5N1)	716	545
NP|PP755592.1|A/cattle/Texas/24-008749-003/2024(H5N1)	717	545
NP|PP755592.1|A/cattle/Texas/24-008749-003/2024(H5N1)	718	544
NP|PP755592.1|A/cattle/Texas/24-008749-003/2024(H5N1)	719	544
NP|PP755592.1|A/cattle/Texas/24-008749-003/2024(H5N1)	720	543
NP|PP755592.1|A/cattle/Texas/24-008749-003/2024(H5N1)	721	530
NP|PP755592.1|A/cattle/Texas/24-008749-003/2024(H5N1)	722	525
NP|PP755592.1|A/cattle/Texas/24-008749-003/2024(H5N1)	723	509
NP|PP755592.1|A/cattle/Texas/24-008749-003/2024(H5N1)	724	511
NP|PP755592.1|A/cattle/Texas/24-008749-003/2024(H5N1)	725	507
NP|PP755592.1|A/cattle/Texas/24-008749-003/2024(H5N1)	726	505
NP|PP755592.1|A/cattle/Texas/24-008749-003/2024(H5N1)	727	499
NP|PP755592.1|A/cattle/Texas/24-008749-003/2024(H5N1)	728	499
NP|PP755592.1|A/cattle/Texas/24-008749-003/2024(H5N1)	729	500
NP|PP755592.1|A/cattle/Texas/24-008749-003/2024(H5N1)	730	503
NP|PP755592.1|A/cattle/Texas/24-008749-003/2024(H5N1)	731	504
NP|PP755592.1|A/cattle/Texas/24-008749-003/2024(H5N1)	732	505
NP|PP755592.1|A/cattle/Texas/24-008749-003/2024(H5N1)	733	505
NP|PP755592.1|A/cattle/Texas/24-008749-003/2024(H5N1)	734	506
NP|PP755592.1|A/cattle/Texas/24-008749-003/2024(H5N1)	735	509
NP|PP755592.1|A/cattle/Texas/24-008749-003/2024(H5N1)	736	506
NP|PP755592.1|A/cattle/Texas/24-008749-003/2024(H5N1)	737	508
NP|PP755592.1|A/cattle/Texas/24-008749-003/2024(H5N1)	738	508
NP|PP755592.1|A/cattle/Texas/24-008749-003/2024(H5N1)	739	510
NP|PP755592.1|A/cattle/Texas/24-008749-003/2024(H5N1)	740	510
NP|PP755592.1|A/cattle/Texas/24-008749-003/2024(H5N1)	741	509
NP|PP755592.1|A/cattle/Texas/24-008749-003/2024(H5N1)	742	510
NP|PP755592.1|A/cattle/Texas/24-008749-003/2024(H5N1)	743	507
NP|PP755592.1|A/cattle/Texas/24-008749-003/2024(H5N1)	744	504
NP|PP755592.1|A/cattle/Texas/24-008749-003/2024(H5N1)	745	507
NP|PP755592.1|A/cattle/Texas/24-008749-003/2024(H5N1)	746	507
NP|PP755592.1|A/cattle/Texas/24-008749-003/2024(H5N1)	747	502
NP|PP755592.1|A/cattle/Texas/24-008749-003/2024(H5N1)	748	499
NP|PP755592.1|A/cattle/Texas/24-008749-003/2024(H5N1)	749	499
NP|PP755592.1|A/cattle/Texas/24-008749-003/2024(H5N1)	750	495
NP|PP755592.1|A/cattle/Texas/24-008749-003/2024(H5N1)	751	495
NP|PP755592.1|A/cattle/Texas/24-008749-003/2024(H5N1)	752	494
NP|PP755592.1|A/cattle/Texas/24-008749-003/2024(H5N1)	753	494
NP|PP755592.1|A/cattle/Texas/24-008749-003/2024(H5N1)	754	495
NP|PP755592.1|A/cattle/Texas/24-008749-003/2024(H5N1)	755	498
NP|PP755592.1|A/cattle/Texas/24-008749-003/2024(H5N1)	756	498
NP|PP755592.1|A/cattle/Texas/24-008749-003/2024(H5N1)	757	499
NP|PP755592.1|A/cattle/Texas/24-008749-003/2024(H5N1)	758	498
NP|PP755592.1|A/cattle/Texas/24-008749-003/2024(H5N1)	759	498
NP|PP755592.1|A/cattle/Texas/24-008749-003/2024(H5N1)	760	498
NP|PP755592.1|A/cattle/Texas/24-008749-003/2024(H5N1)	761	496
NP|PP755592.1|A/cattle/Texas/24-008749-003/2024(H5N1)	762	496
NP|PP755592.1|A/cattle/Texas/24-008749-003/2024(H5N1)	763	500
NP|PP755592.1|A/cattle/Texas/24-008749-003/2024(H5N1)	764	500
NP|PP755592.1|A/cattle/Texas/24-008749-003/2024(H5N1)	765	493
NP|PP755592.1|A/cattle/Texas/24-008749-003/2024(H5N1)	766	492
NP|PP755592.1|A/cattle/Texas/24-008749-003/2024(H5N1)	767	493
NP|PP755592.1|A/cattle/Texas/24-008749-003/2024(H5N1)	768	493
NP|PP755592.1|A/cattle/Texas/24-008749-003/2024(H5N1)	769	493
NP|PP755592.1|A/cattle/Texas/24-008749-003/2024(H5N1)	770	493
NP|PP755592.1|A/cattle/Texas/24-008749-003/2024(H5N1)	771	492
NP|PP755592.1|A/cattle/Texas/24-008749-003/2024(H5N1)	772	486
NP|PP755592.1|A/cattle/Texas/24-008749-003/2024(H5N1)	773	489
NP|PP755592.1|A/cattle/Texas/24-008749-003/2024(H5N1)	774	489
NP|PP755592.1|A/cattle/Texas/24-008749-003/2024(H5N1)	775	479
NP|PP755592.1|A/cattle/Texas/24-008749-003/2024(H5N1)	776	480
NP|PP755592.1|A/cattle/Texas/24-008749-003/2024(H5N1)	777	476
NP|PP755592.1|A/cattle/Texas/24-008749-003/2024(H5N1)	778	477
NP|PP755592.1|A/cattle/Texas/24-008749-003/2024(H5N1)	779	476
NP|PP755592.1|A/cattle/Texas/24-008749-003/2024(H5N1)	780	474
NP|PP755592.1|A/cattle/Texas/24-008749-003/2024(H5N1)	781	471
NP|PP755592.1|A/cattle/Texas/24-008749-003/2024(H5N1)	782	512
NP|PP755592.1|A/cattle/Texas/24-008749-003/2024(H5N1)	783	527
NP|PP755592.1|A/cattle/Texas/24-008749-003/2024(H5N1)	784	529
NP|PP755592.1|A/cattle/Texas/24-008749-003/2024(H5N1)	785	531
NP|PP755592.1|A/cattle/Texas/24-008749-003/2024(H5N1)	786	530
NP|PP755592.1|A/cattle/Texas/24-008749-003/2024(H5N1)	787	544
NP|PP755592.1|A/cattle/Texas/24-008749-003/2024(H5N1)	788	548
NP|PP755592.1|A/cattle/Texas/24-008749-003/2024(H5N1)	789	548
NP|PP755592.1|A/cattle/Texas/24-008749-003/2024(H5N1)	790	551
NP|PP755592.1|A/cattle/Texas/24-008749-003/2024(H5N1)	791	492
NP|PP755592.1|A/cattle/Texas/24-008749-003/2024(H5N1)	792	498
NP|PP755592.1|A/cattle/Texas/24-008749-003/2024(H5N1)	793	492
NP|PP755592.1|A/cattle/Texas/24-008749-003/2024(H5N1)	794	495
NP|PP755592.1|A/cattle/Texas/24-008749-003/2024(H5N1)	795	486
NP|PP755592.1|A/cattle/Texas/24-008749-003/2024(H5N1)	796	472
NP|PP755592.1|A/cattle/Texas/24-008749-003/2024(H5N1)	797	468
NP|PP755592.1|A/cattle/Texas/24-008749-003/2024(H5N1)	798	468
NP|PP755592.1|A/cattle/Texas/24-008749-003/2024(H5N1)	799	465
NP|PP755592.1|A/cattle/Texas/24-008749-003/2024(H5N1)	800	464
NP|PP755592.1|A/cattle/Texas/24-008749-003/2024(H5N1)	801	455
NP|PP755592.1|A/cattle/Texas/24-008749-003/2024(H5N1)	802	450
NP|PP755592.1|A/cattle/Texas/24-008749-003/2024(H5N1)	803	450
NP|PP755592.1|A/cattle/Texas/24-008749-003/2024(H5N1)	804	452
NP|PP755592.1|A/cattle/Texas/24-008749-003/2024(H5N1)	805	452
NP|PP755592.1|A/cattle/Texas/24-008749-003/2024(H5N1)	806	451
NP|PP755592.1|A/cattle/Texas/24-008749-003/2024(H5N1)	807	451
NP|PP755592.1|A/cattle/Texas/24-008749-003/2024(H5N1)	808	451
NP|PP755592.1|A/cattle/Texas/24-008749-003/2024(H5N1)	809	451
NP|PP755592.1|A/cattle/Texas/24-008749-003/2024(H5N1)	810	451
NP|PP755592.1|A/cattle/Texas/24-008749-003/2024(H5N1)	811	459
NP|PP755592.1|A/cattle/Texas/24-008749-003/2024(H5N1)	812	449
NP|PP755592.1|A/cattle/Texas/24-008749-003/2024(H5N1)	813	449
NP|PP755592.1|A/cattle/Texas/24-008749-003/2024(H5N1)	814	454
NP|PP755592.1|A/cattle/Texas/24-008749-003/2024(H5N1)	815	454
NP|PP755592.1|A/cattle/Texas/24-008749-003/2024(H5N1)	816	454
NP|PP755592.1|A/cattle/Texas/24-008749-003/2024(H5N1)	817	454
NP|PP755592.1|A/cattle/Texas/24-008749-003/2024(H5N1)	818	455
NP|PP755592.1|A/cattle/Texas/24-008749-003/2024(H5N1)	819	455
NP|PP755592.1|A/cattle/Texas/24-008749-003/2024(H5N1)	820	436
NP|PP755592.1|A/cattle/Texas/24-008749-003/2024(H5N1)	821	429
NP|PP755592.1|A/cattle/Texas/24-008749-003/2024(H5N1)	822	426
NP|PP755592.1|A/cattle/Texas/24-008749-003/2024(H5N1)	823	420
NP|PP755592.1|A/cattle/Texas/24-008749-003/2024(H5N1)	824	420
NP|PP755592.1|A/cattle/Texas/24-008749-003/2024(H5N1)	825	412
NP|PP755592.1|A/cattle/Texas/24-008749-003/2024(H5N1)	826	412
NP|PP755592.1|A/cattle/Texas/24-008749-003/2024(H5N1)	827	420
NP|PP755592.1|A/cattle/Texas/24-008749-003/2024(H5N1)	828	422
NP|PP755592.1|A/cattle/Texas/24-008749-003/2024(H5N1)	829	428
NP|PP755592.1|A/cattle/Texas/24-008749-003/2024(H5N1)	830	428
NP|PP755592.1|A/cattle/Texas/24-008749-003/2024(H5N1)	831	415
NP|PP755592.1|A/cattle/Texas/24-008749-003/2024(H5N1)	832	416
NP|PP755592.1|A/cattle/Texas/24-008749-003/2024(H5N1)	833	419
NP|PP755592.1|A/cattle/Texas/24-008749-003/2024(H5N1)	834	420
NP|PP755592.1|A/cattle/Texas/24-008749-003/2024(H5N1)	835	424
NP|PP755592.1|A/cattle/Texas/24-008749-003/2024(H5N1)	836	424
NP|PP755592.1|A/cattle/Texas/24-008749-003/2024(H5N1)	837	421
NP|PP755592.1|A/cattle/Texas/24-008749-003/2024(H5N1)	838	430
NP|PP755592.1|A/cattle/Texas/24-008749-003/2024(H5N1)	839	423
NP|PP755592.1|A/cattle/Texas/24-008749-003/2024(H5N1)	840	424
NP|PP755592.1|A/cattle/Texas/24-008749-003/2024(H5N1)	841	424
NP|PP755592.1|A/cattle/Texas/24-008749-003/2024(H5N1)	842	423
NP|PP755592.1|A/cattle/Texas/24-008749-003/2024(H5N1)	843	423
NP|PP755592.1|A/cattle/Texas/24-008749-003/2024(H5N1)	844	419
NP|PP755592.1|A/cattle/Texas/24-008749-003/2024(H5N1)	845	420
NP|PP755592.1|A/cattle/Texas/24-008749-003/2024(H5N1)	846	421
NP|PP755592.1|A/cattle/Texas/24-008749-003/2024(H5N1)	847	416
NP|PP755592.1|A/cattle/Texas/24-008749-003/2024(H5N1)	848	414
NP|PP755592.1|A/cattle/Texas/24-008749-003/2024(H5N1)	849	408
NP|PP755592.1|A/cattle/Texas/24-008749-003/2024(H5N1)	850	414
NP|PP755592.1|A/cattle/Texas/24-008749-003/2024(H5N1)	851	414
NP|PP755592.1|A/cattle/Texas/24-008749-003/2024(H5N1)	852	414
NP|PP755592.1|A/cattle/Texas/24-008749-003/2024(H5N1)	853	414
NP|PP755592.1|A/cattle/Texas/24-008749-003/2024(H5N1)	854	402
NP|PP755592.1|A/cattle/Texas/24-008749-003/2024(H5N1)	855	412
NP|PP755592.1|A/cattle/Texas/24-008749-003/2024(H5N1)	856	412
NP|PP755592.1|A/cattle/Texas/24-008749-003/2024(H5N1)	857	409
NP|PP755592.1|A/cattle/Texas/24-008749-003/2024(H5N1)	858	407
NP|PP755592.1|A/cattle/Texas/24-008749-003/2024(H5N1)	859	391
NP|PP755592.1|A/cattle/Texas/24-008749-003/2024(H5N1)	860	392
NP|PP755592.1|A/cattle/Texas/24-008749-003/2024(H5N1)	861	396
NP|PP755592.1|A/cattle/Texas/24-008749-003/2024(H5N1)	862	410
NP|PP755592.1|A/cattle/Texas/24-008749-003/2024(H5N1)	863	410
NP|PP755592.1|A/cattle/Texas/24-008749-003/2024(H5N1)	864	405
NP|PP755592.1|A/cattle/Texas/24-008749-003/2024(H5N1)	865	405
NP|PP755592.1|A/cattle/Texas/24-008749-003/2024(H5N1)	866	400
NP|PP755592.1|A/cattle/Texas/24-008749-003/2024(H5N1)	867	399
NP|PP755592.1|A/cattle/Texas/24-008749-003/2024(H5N1)	868	400
NP|PP755592.1|A/cattle/Texas/24-008749-003/2024(H5N1)	869	402
NP|PP755592.1|A/cattle/Texas/24-008749-003/2024(H5N1)	870	401
NP|PP755592.1|A/cattle/Texas/24-008749-003/2024(H5N1)	871	385
NP|PP755592.1|A/cattle/Texas/24-008749-003/2024(H5N1)	872	386
NP|PP755592.1|A/cattle/Texas/24-008749-003/2024(H5N1)	873	385
NP|PP755592.1|A/cattle/Texas/24-008749-003/2024(H5N1)	874	385
NP|PP755592.1|A/cattle/Texas/24-008749-003/2024(H5N1)	875	385
NP|PP755592.1|A/cattle/Texas/24-008749-003/2024(H5N1)	876	381
NP|PP755592.1|A/cattle/Texas/24-008749-003/2024(H5N1)	877	384
NP|PP755592.1|A/cattle/Texas/24-008749-003/2024(H5N1)	878	387
NP|PP755592.1|A/cattle/Texas/24-008749-003/2024(H5N1)	879	386
NP|PP755592.1|A/cattle/Texas/24-008749-003/2024(H5N1)	880	390
NP|PP755592.1|A/cattle/Texas/24-008749-003/2024(H5N1)	881	392
NP|PP755592.1|A/cattle/Texas/24-008749-003/2024(H5N1)	882	386
NP|PP755592.1|A/cattle/Texas/24-008749-003/2024(H5N1)	883	389
NP|PP755592.1|A/cattle/Texas/24-008749-003/2024(H5N1)	884	392
NP|PP755592.1|A/cattle/Texas/24-008749-003/2024(H5N1)	885	391
NP|PP755592.1|A/cattle/Texas/24-008749-003/2024(H5N1)	886	399
NP|PP755592.1|A/cattle/Texas/24-008749-003/2024(H5N1)	887	400
NP|PP755592.1|A/cattle/Texas/24-008749-003/2024(H5N1)	888	399
NP|PP755592.1|A/cattle/Texas/24-008749-003/2024(H5N1)	889	391
NP|PP755592.1|A/cattle/Texas/24-008749-003/2024(H5N1)	890	398
NP|PP755592.1|A/cattle/Texas/24-008749-003/2024(H5N1)	891	401
NP|PP755592.1|A/cattle/Texas/24-008749-003/2024(H5N1)	892	397
NP|PP755592.1|A/cattle/Texas/24-008749-003/2024(H5N1)	893	398
NP|PP755592.1|A/cattle/Texas/24-008749-003/2024(H5N1)	894	400
NP|PP755592.1|A/cattle/Texas/24-008749-003/2024(H5N1)	895	400
NP|PP755592.1|A/cattle/Texas/24-008749-003/2024(H5N1)	896	401
NP|PP755592.1|A/cattle/Texas/24-008749-003/2024(H5N1)	897	401
NP|PP755592.1|A/cattle/Texas/24-008749-003/2024(H5N1)	898	400
NP|PP755592.1|A/cattle/Texas/24-008749-003/2024(H5N1)	899	409
NP|PP755592.1|A/cattle/Texas/24-008749-003/2024(H5N1)	900	412
NP|PP755592.1|A/cattle/Texas/24-008749-003/2024(H5N1)	901	411
NP|PP755592.1|A/cattle/Texas/24-008749-003/2024(H5N1)	902	411
NP|PP755592.1|A/cattle/Texas/24-008749-003/2024(H5N1)	903	390
NP|PP755592.1|A/cattle/Texas/24-008749-003/2024(H5N1)	904	400
NP|PP755592.1|A/cattle/Texas/24-008749-003/2024(H5N1)	905	400
NP|PP755592.1|A/cattle/Texas/24-008749-003/2024(H5N1)	906	401
NP|PP755592.1|A/cattle/Texas/24-008749-003/2024(H5N1)	907	406
NP|PP755592.1|A/cattle/Texas/24-008749-003/2024(H5N1)	908	406
NP|PP755592.1|A/cattle/Texas/24-008749-003/2024(H5N1)	909	405
NP|PP755592.1|A/cattle/Texas/24-008749-003/2024(H5N1)	910	407
NP|PP755592.1|A/cattle/Texas/24-008749-003/2024(H5N1)	911	407
NP|PP755592.1|A/cattle/Texas/24-008749-003/2024(H5N1)	912	407
NP|PP755592.1|A/cattle/Texas/24-008749-003/2024(H5N1)	913	402
NP|PP755592.1|A/cattle/Texas/24-008749-003/2024(H5N1)	914	402
NP|PP755592.1|A/cattle/Texas/24-008749-003/2024(H5N1)	915	402
NP|PP755592.1|A/cattle/Texas/24-008749-003/2024(H5N1)	916	401
NP|PP755592.1|A/cattle/Texas/24-008749-003/2024(H5N1)	917	398
NP|PP755592.1|A/cattle/Texas/24-008749-003/2024(H5N1)	918	398
NP|PP755592.1|A/cattle/Texas/24-008749-003/2024(H5N1)	919	398
NP|PP755592.1|A/cattle/Texas/24-008749-003/2024(H5N1)	920	398
NP|PP755592.1|A/cattle/Texas/24-008749-003/2024(H5N1)	921	372
NP|PP755592.1|A/cattle/Texas/24-008749-003/2024(H5N1)	922	372
NP|PP755592.1|A/cattle/Texas/24-008749-003/2024(H5N1)	923	372
NP|PP755592.1|A/cattle/Texas/24-008749-003/2024(H5N1)	924	372
NP|PP755592.1|A/cattle/Texas/24-008749-003/2024(H5N1)	925	372
NP|PP755592.1|A/cattle/Texas/24-008749-003/2024(H5N1)	926	372
NP|PP755592.1|A/cattle/Texas/24-008749-003/2024(H5N1)	927	371
NP|PP755592.1|A/cattle/Texas/24-008749-003/2024(H5N1)	928	369
NP|PP755592.1|A/cattle/Texas/24-008749-003/2024(H5N1)	929	369
NP|PP755592.1|A/cattle/Texas/24-008749-003/2024(H5N1)	930	369
NP|PP755592.1|A/cattle/Texas/24-008749-003/2024(H5N1)	931	371
NP|PP755592.1|A/cattle/Texas/24-008749-003/2024(H5N1)	932	371
NP|PP755592.1|A/cattle/Texas/24-008749-003/2024(H5N1)	933	371
NP|PP755592.1|A/cattle/Texas/24-008749-003/2024(H5N1)	934	374
NP|PP755592.1|A/cattle/Texas/24-008749-003/2024(H5N1)	935	376
NP|PP755592.1|A/cattle/Texas/24-008749-003/2024(H5N1)	936	377
NP|PP755592.1|A/cattle/Texas/24-008749-003/2024(H5N1)	937	392
NP|PP755592.1|A/cattle/Texas/24-008749-003/2024(H5N1)	938	393
NP|PP755592.1|A/cattle/Texas/24-008749-003/2024(H5N1)	939	393
NP|PP755592.1|A/cattle/Texas/24-008749-003/2024(H5N1)	940	393
NP|PP755592.1|A/cattle/Texas/24-008749-003/2024(H5N1)	941	396
NP|PP755592.1|A/cattle/Texas/24-008749-003/2024(H5N1)	942	396
NP|PP755592.1|A/cattle/Texas/24-008749-003/2024(H5N1)	943	399
NP|PP755592.1|A/cattle/Texas/24-008749-003/2024(H5N1)	944	401
NP|PP755592.1|A/cattle/Texas/24-008749-003/2024(H5N1)	945	418
NP|PP755592.1|A/cattle/Texas/24-008749-003/2024(H5N1)	946	418
NP|PP755592.1|A/cattle/Texas/24-008749-003/2024(H5N1)	947	421
NP|PP755592.1|A/cattle/Texas/24-008749-003/2024(H5N1)	948	420
NP|PP755592.1|A/cattle/Texas/24-008749-003/2024(H5N1)	949	420
NP|PP755592.1|A/cattle/Texas/24-008749-003/2024(H5N1)	950	425
NP|PP755592.1|A/cattle/Texas/24-008749-003/2024(H5N1)	951	428
NP|PP755592.1|A/cattle/Texas/24-008749-003/2024(H5N1)	952	431
NP|PP755592.1|A/cattle/Texas/24-008749-003/2024(H5N1)	953	426
NP|PP755592.1|A/cattle/Texas/24-008749-003/2024(H5N1)	954	418
NP|PP755592.1|A/cattle/Texas/24-008749-003/2024(H5N1)	955	419
NP|PP755592.1|A/cattle/Texas/24-008749-003/2024(H5N1)	956	419
NP|PP755592.1|A/cattle/Texas/24-008749-003/2024(H5N1)	957	420
NP|PP755592.1|A/cattle/Texas/24-008749-003/2024(H5N1)	958	418
NP|PP755592.1|A/cattle/Texas/24-008749-003/2024(H5N1)	959	416
NP|PP755592.1|A/cattle/Texas/24-008749-003/2024(H5N1)	960	417
NP|PP755592.1|A/cattle/Texas/24-008749-003/2024(H5N1)	961	418
NP|PP755592.1|A/cattle/Texas/24-008749-003/2024(H5N1)	962	421
NP|PP755592.1|A/cattle/Texas/24-008749-003/2024(H5N1)	963	427
NP|PP755592.1|A/cattle/Texas/24-008749-003/2024(H5N1)	964	427
NP|PP755592.1|A/cattle/Texas/24-008749-003/2024(H5N1)	965	429
NP|PP755592.1|A/cattle/Texas/24-008749-003/2024(H5N1)	966	424
NP|PP755592.1|A/cattle/Texas/24-008749-003/2024(H5N1)	967	425
NP|PP755592.1|A/cattle/Texas/24-008749-003/2024(H5N1)	968	425
NP|PP755592.1|A/cattle/Texas/24-008749-003/2024(H5N1)	969	424
NP|PP755592.1|A/cattle/Texas/24-008749-003/2024(H5N1)	970	431
NP|PP755592.1|A/cattle/Texas/24-008749-003/2024(H5N1)	971	422
NP|PP755592.1|A/cattle/Texas/24-008749-003/2024(H5N1)	972	424
NP|PP755592.1|A/cattle/Texas/24-008749-003/2024(H5N1)	973	423
NP|PP755592.1|A/cattle/Texas/24-008749-003/2024(H5N1)	974	423
NP|PP755592.1|A/cattle/Texas/24-008749-003/2024(H5N1)	975	422
NP|PP755592.1|A/cattle/Texas/24-008749-003/2024(H5N1)	976	429
NP|PP755592.1|A/cattle/Texas/24-008749-003/2024(H5N1)	977	438
NP|PP755592.1|A/cattle/Texas/24-008749-003/2024(H5N1)	978	435
NP|PP755592.1|A/cattle/Texas/24-008749-003/2024(H5N1)	979	432
NP|PP755592.1|A/cattle/Texas/24-008749-003/2024(H5N1)	980	431
NP|PP755592.1|A/cattle/Texas/24-008749-003/2024(H5N1)	981	426
NP|PP755592.1|A/cattle/Texas/24-008749-003/2024(H5N1)	982	426
NP|PP755592.1|A/cattle/Texas/24-008749-003/2024(H5N1)	983	465
NP|PP755592.1|A/cattle/Texas/24-008749-003/2024(H5N1)	984	493
NP|PP755592.1|A/cattle/Texas/24-008749-003/2024(H5N1)	985	493
NP|PP755592.1|A/cattle/Texas/24-008749-003/2024(H5N1)	986	495
NP|PP755592.1|A/cattle/Texas/24-008749-003/2024(H5N1)	987	495
NP|PP755592.1|A/cattle/Texas/24-008749-003/2024(H5N1)	988	496
NP|PP755592.1|A/cattle/Texas/24-008749-003/2024(H5N1)	989	499
NP|PP755592.1|A/cattle/Texas/24-008749-003/2024(H5N1)	990	499
NP|PP755592.1|A/cattle/Texas/24-008749-003/2024(H5N1)	991	501
NP|PP755592.1|A/cattle/Texas/24-008749-003/2024(H5N1)	992	501
NP|PP755592.1|A/cattle/Texas/24-008749-003/2024(H5N1)	993	483
NP|PP755592.1|A/cattle/Texas/24-008749-003/2024(H5N1)	994	483
NP|PP755592.1|A/cattle/Texas/24-008749-003/2024(H5N1)	995	480
NP|PP755592.1|A/cattle/Texas/24-008749-003/2024(H5N1)	996	480
NP|PP755592.1|A/cattle/Texas/24-008749-003/2024(H5N1)	997	480
NP|PP755592.1|A/cattle/Texas/24-008749-003/2024(H5N1)	998	478
NP|PP755592.1|A/cattle/Texas/24-008749-003/2024(H5N1)	999	468
NP|PP755592.1|A/cattle/Texas/24-008749-003/2024(H5N1)	1000	468
NP|PP755592.1|A/cattle/Texas/24-008749-003/2024(H5N1)	1001	466
NP|PP755592.1|A/cattle/Texas/24-008749-003/2024(H5N1)	1002	466
NP|PP755592.1|A/cattle/Texas/24-008749-003/2024(H5N1)	1003	466
NP|PP755592.1|A/cattle/Texas/24-008749-003/2024(H5N1)	1004	466
NP|PP755592.1|A/cattle/Texas/24-008749-003/2024(H5N1)	1005	464
NP|PP755592.1|A/cattle/Texas/24-008749-003/2024(H5N1)	1006	485
NP|PP755592.1|A/cattle/Texas/24-008749-003/2024(H5N1)	1007	485
NP|PP755592.1|A/cattle/Texas/24-008749-003/2024(H5N1)	1008	485
NP|PP755592.1|A/cattle/Texas/24-008749-003/2024(H5N1)	1009	497
NP|PP755592.1|A/cattle/Texas/24-008749-003/2024(H5N1)	1010	494
NP|PP755592.1|A/cattle/Texas/24-008749-003/2024(H5N1)	1011	494
NP|PP755592.1|A/cattle/Texas/24-008749-003/2024(H5N1)	1012	494
NP|PP755592.1|A/cattle/Texas/24-008749-003/2024(H5N1)	1013	493
NP|PP755592.1|A/cattle/Texas/24-008749-003/2024(H5N1)	1014	493
NP|PP755592.1|A/cattle/Texas/24-008749-003/2024(H5N1)	1015	493
NP|PP755592.1|A/cattle/Texas/24-008749-003/2024(H5N1)	1016	492
NP|PP755592.1|A/cattle/Texas/24-008749-003/2024(H5N1)	1017	493
NP|PP755592.1|A/cattle/Texas/24-008749-003/2024(H5N1)	1018	500
NP|PP755592.1|A/cattle/Texas/24-008749-003/2024(H5N1)	1019	506
NP|PP755592.1|A/cattle/Texas/24-008749-003/2024(H5N1)	1020	506
NP|PP755592.1|A/cattle/Texas/24-008749-003/2024(H5N1)	1021	505
NP|PP755592.1|A/cattle/Texas/24-008749-003/2024(H5N1)	1022	503
NP|PP755592.1|A/cattle/Texas/24-008749-003/2024(H5N1)	1023	504
NP|PP755592.1|A/cattle/Texas/24-008749-003/2024(H5N1)	1024	505
NP|PP755592.1|A/cattle/Texas/24-008749-003/2024(H5N1)	1025	505
NP|PP755592.1|A/cattle/Texas/24-008749-003/2024(H5N1)	1026	505
NP|PP755592.1|A/cattle/Texas/24-008749-003/2024(H5N1)	1027	503
NP|PP755592.1|A/cattle/Texas/24-008749-003/2024(H5N1)	1028	501
NP|PP755592.1|A/cattle/Texas/24-008749-003/2024(H5N1)	1029	500
NP|PP755592.1|A/cattle/Texas/24-008749-003/2024(H5N1)	1030	501
NP|PP755592.1|A/cattle/Texas/24-008749-003/2024(H5N1)	1031	501
NP|PP755592.1|A/cattle/Texas/24-008749-003/2024(H5N1)	1032	501
NP|PP755592.1|A/cattle/Texas/24-008749-003/2024(H5N1)	1033	487
NP|PP755592.1|A/cattle/Texas/24-008749-003/2024(H5N1)	1034	485
NP|PP755592.1|A/cattle/Texas/24-008749-003/2024(H5N1)	1035	486
NP|PP755592.1|A/cattle/Texas/24-008749-003/2024(H5N1)	1036	482
NP|PP755592.1|A/cattle/Texas/24-008749-003/2024(H5N1)	1037	482
NP|PP755592.1|A/cattle/Texas/24-008749-003/2024(H5N1)	1038	479
NP|PP755592.1|A/cattle/Texas/24-008749-003/2024(H5N1)	1039	480
NP|PP755592.1|A/cattle/Texas/24-008749-003/2024(H5N1)	1040	480
NP|PP755592.1|A/cattle/Texas/24-008749-003/2024(H5N1)	1041	480
NP|PP755592.1|A/cattle/Texas/24-008749-003/2024(H5N1)	1042	479
NP|PP755592.1|A/cattle/Texas/24-008749-003/2024(H5N1)	1043	480
NP|PP755592.1|A/cattle/Texas/24-008749-003/2024(H5N1)	1044	481
NP|PP755592.1|A/cattle/Texas/24-008749-003/2024(H5N1)	1045	480
NP|PP755592.1|A/cattle/Texas/24-008749-003/2024(H5N1)	1046	483
NP|PP755592.1|A/cattle/Texas/24-008749-003/2024(H5N1)	1047	483
NP|PP755592.1|A/cattle/Texas/24-008749-003/2024(H5N1)	1048	486
NP|PP755592.1|A/cattle/Texas/24-008749-003/2024(H5N1)	1049	486
NP|PP755592.1|A/cattle/Texas/24-008749-003/2024(H5N1)	1050	489
NP|PP755592.1|A/cattle/Texas/24-008749-003/2024(H5N1)	1051	489
NP|PP755592.1|A/cattle/Texas/24-008749-003/2024(H5N1)	1052	494
NP|PP755592.1|A/cattle/Texas/24-008749-003/2024(H5N1)	1053	494
NP|PP755592.1|A/cattle/Texas/24-008749-003/2024(H5N1)	1054	494
NP|PP755592.1|A/cattle/Texas/24-008749-003/2024(H5N1)	1055	486
NP|PP755592.1|A/cattle/Texas/24-008749-003/2024(H5N1)	1056	486
NP|PP755592.1|A/cattle/Texas/24-008749-003/2024(H5N1)	1057	472
NP|PP755592.1|A/cattle/Texas/24-008749-003/2024(H5N1)	1058	472
NP|PP755592.1|A/cattle/Texas/24-008749-003/2024(H5N1)	1059	472
NP|PP755592.1|A/cattle/Texas/24-008749-003/2024(H5N1)	1060	480
NP|PP755592.1|A/cattle/Texas/24-008749-003/2024(H5N1)	1061	480
NP|PP755592.1|A/cattle/Texas/24-008749-003/2024(H5N1)	1062	481
NP|PP755592.1|A/cattle/Texas/24-008749-003/2024(H5N1)	1063	481
NP|PP755592.1|A/cattle/Texas/24-008749-003/2024(H5N1)	1064	494
NP|PP755592.1|A/cattle/Texas/24-008749-003/2024(H5N1)	1065	486
NP|PP755592.1|A/cattle/Texas/24-008749-003/2024(H5N1)	1066	485
NP|PP755592.1|A/cattle/Texas/24-008749-003/2024(H5N1)	1067	481
NP|PP755592.1|A/cattle/Texas/24-008749-003/2024(H5N1)	1068	482
NP|PP755592.1|A/cattle/Texas/24-008749-003/2024(H5N1)	1069	485
NP|PP755592.1|A/cattle/Texas/24-008749-003/2024(H5N1)	1070	485
NP|PP755592.1|A/cattle/Texas/24-008749-003/2024(H5N1)	1071	490
NP|PP755592.1|A/cattle/Texas/24-008749-003/2024(H5N1)	1072	494
NP|PP755592.1|A/cattle/Texas/24-008749-003/2024(H5N1)	1073	489
NP|PP755592.1|A/cattle/Texas/24-008749-003/2024(H5N1)	1074	504
NP|PP755592.1|A/cattle/Texas/24-008749-003/2024(H5N1)	1075	503
NP|PP755592.1|A/cattle/Texas/24-008749-003/2024(H5N1)	1076	506
NP|PP755592.1|A/cattle/Texas/24-008749-003/2024(H5N1)	1077	506
NP|PP755592.1|A/cattle/Texas/24-008749-003/2024(H5N1)	1078	505
NP|PP755592.1|A/cattle/Texas/24-008749-003/2024(H5N1)	1079	503
NP|PP755592.1|A/cattle/Texas/24-008749-003/2024(H5N1)	1080	497
NP|PP755592.1|A/cattle/Texas/24-008749-003/2024(H5N1)	1081	497
NP|PP755592.1|A/cattle/Texas/24-008749-003/2024(H5N1)	1082	497
NP|PP755592.1|A/cattle/Texas/24-008749-003/2024(H5N1)	1083	478
NP|PP755592.1|A/cattle/Texas/24-008749-003/2024(H5N1)	1084	478
NP|PP755592.1|A/cattle/Texas/24-008749-003/2024(H5N1)	1085	474
NP|PP755592.1|A/cattle/Texas/24-008749-003/2024(H5N1)	1086	473
NP|PP755592.1|A/cattle/Texas/24-008749-003/2024(H5N1)	1087	473
NP|PP755592.1|A/cattle/Texas/24-008749-003/2024(H5N1)	1088	464
NP|PP755592.1|A/cattle/Texas/24-008749-003/2024(H5N1)	1089	461
NP|PP755592.1|A/cattle/Texas/24-008749-003/2024(H5N1)	1090	460
NP|PP755592.1|A/cattle/Texas/24-008749-003/2024(H5N1)	1091	460
NP|PP755592.1|A/cattle/Texas/24-008749-003/2024(H5N1)	1092	460
NP|PP755592.1|A/cattle/Texas/24-008749-003/2024(H5N1)	1093	460
NP|PP755592.1|A/cattle/Texas/24-008749-003/2024(H5N1)	1094	458
NP|PP755592.1|A/cattle/Texas/24-008749-003/2024(H5N1)	1095	457
NP|PP755592.1|A/cattle/Texas/24-008749-003/2024(H5N1)	1096	451
NP|PP755592.1|A/cattle/Texas/24-008749-003/2024(H5N1)	1097	457
NP|PP755592.1|A/cattle/Texas/24-008749-003/2024(H5N1)	1098	457
NP|PP755592.1|A/cattle/Texas/24-008749-003/2024(H5N1)	1099	457
NP|PP755592.1|A/cattle/Texas/24-008749-003/2024(H5N1)	1100	452
NP|PP755592.1|A/cattle/Texas/24-008749-003/2024(H5N1)	1101	452
NP|PP755592.1|A/cattle/Texas/24-008749-003/2024(H5N1)	1102	452
NP|PP755592.1|A/cattle/Texas/24-008749-003/2024(H5N1)	1103	453
NP|PP755592.1|A/cattle/Texas/24-008749-003/2024(H5N1)	1104	453
NP|PP755592.1|A/cattle/Texas/24-008749-003/2024(H5N1)	1105	453
NP|PP755592.1|A/cattle/Texas/24-008749-003/2024(H5N1)	1106	447
NP|PP755592.1|A/cattle/Texas/24-008749-003/2024(H5N1)	1107	455
NP|PP755592.1|A/cattle/Texas/24-008749-003/2024(H5N1)	1108	459
NP|PP755592.1|A/cattle/Texas/24-008749-003/2024(H5N1)	1109	459
NP|PP755592.1|A/cattle/Texas/24-008749-003/2024(H5N1)	1110	463
NP|PP755592.1|A/cattle/Texas/24-008749-003/2024(H5N1)	1111	458
NP|PP755592.1|A/cattle/Texas/24-008749-003/2024(H5N1)	1112	457
NP|PP755592.1|A/cattle/Texas/24-008749-003/2024(H5N1)	1113	449
NP|PP755592.1|A/cattle/Texas/24-008749-003/2024(H5N1)	1114	455
NP|PP755592.1|A/cattle/Texas/24-008749-003/2024(H5N1)	1115	453
NP|PP755592.1|A/cattle/Texas/24-008749-003/2024(H5N1)	1116	452
NP|PP755592.1|A/cattle/Texas/24-008749-003/2024(H5N1)	1117	454
NP|PP755592.1|A/cattle/Texas/24-008749-003/2024(H5N1)	1118	459
NP|PP755592.1|A/cattle/Texas/24-008749-003/2024(H5N1)	1119	447
NP|PP755592.1|A/cattle/Texas/24-008749-003/2024(H5N1)	1120	448
NP|PP755592.1|A/cattle/Texas/24-008749-003/2024(H5N1)	1121	448
NP|PP755592.1|A/cattle/Texas/24-008749-003/2024(H5N1)	1122	450
NP|PP755592.1|A/cattle/Texas/24-008749-003/2024(H5N1)	1123	450
NP|PP755592.1|A/cattle/Texas/24-008749-003/2024(H5N1)	1124	451
NP|PP755592.1|A/cattle/Texas/24-008749-003/2024(H5N1)	1125	462
NP|PP755592.1|A/cattle/Texas/24-008749-003/2024(H5N1)	1126	462
NP|PP755592.1|A/cattle/Texas/24-008749-003/2024(H5N1)	1127	459
NP|PP755592.1|A/cattle/Texas/24-008749-003/2024(H5N1)	1128	458
NP|PP755592.1|A/cattle/Texas/24-008749-003/2024(H5N1)	1129	457
NP|PP755592.1|A/cattle/Texas/24-008749-003/2024(H5N1)	1130	457
NP|PP755592.1|A/cattle/Texas/24-008749-003/2024(H5N1)	1131	454
NP|PP755592.1|A/cattle/Texas/24-008749-003/2024(H5N1)	1132	454
NP|PP755592.1|A/cattle/Texas/24-008749-003/2024(H5N1)	1133	463
NP|PP755592.1|A/cattle/Texas/24-008749-003/2024(H5N1)	1134	453
NP|PP755592.1|A/cattle/Texas/24-008749-003/2024(H5N1)	1135	456
NP|PP755592.1|A/cattle/Texas/24-008749-003/2024(H5N1)	1136	454
NP|PP755592.1|A/cattle/Texas/24-008749-003/2024(H5N1)	1137	460
NP|PP755592.1|A/cattle/Texas/24-008749-003/2024(H5N1)	1138	462
NP|PP755592.1|A/cattle/Texas/24-008749-003/2024(H5N1)	1139	463
NP|PP755592.1|A/cattle/Texas/24-008749-003/2024(H5N1)	1140	464
NP|PP755592.1|A/cattle/Texas/24-008749-003/2024(H5N1)	1141	459
NP|PP755592.1|A/cattle/Texas/24-008749-003/2024(H5N1)	1142	437
NP|PP755592.1|A/cattle/Texas/24-008749-003/2024(H5N1)	1143	441
NP|PP755592.1|A/cattle/Texas/24-008749-003/2024(H5N1)	1144	436
NP|PP755592.1|A/cattle/Texas/24-008749-003/2024(H5N1)	1145	433
NP|PP755592.1|A/cattle/Texas/24-008749-003/2024(H5N1)	1146	436
NP|PP755592.1|A/cattle/Texas/24-008749-003/2024(H5N1)	1147	439
NP|PP755592.1|A/cattle/Texas/24-008749-003/2024(H5N1)	1148	441
NP|PP755592.1|A/cattle/Texas/24-008749-003/2024(H5N1)	1149	439
NP|PP755592.1|A/cattle/Texas/24-008749-003/2024(H5N1)	1150	439
NP|PP755592.1|A/cattle/Texas/24-008749-003/2024(H5N1)	1151	443
NP|PP755592.1|A/cattle/Texas/24-008749-003/2024(H5N1)	1152	441
NP|PP755592.1|A/cattle/Texas/24-008749-003/2024(H5N1)	1153	441
NP|PP755592.1|A/cattle/Texas/24-008749-003/2024(H5N1)	1154	439
NP|PP755592.1|A/cattle/Texas/24-008749-003/2024(H5N1)	1155	437
NP|PP755592.1|A/cattle/Texas/24-008749-003/2024(H5N1)	1156	435
NP|PP755592.1|A/cattle/Texas/24-008749-003/2024(H5N1)	1157	439
NP|PP755592.1|A/cattle/Texas/24-008749-003/2024(H5N1)	1158	445
NP|PP755592.1|A/cattle/Texas/24-008749-003/2024(H5N1)	1159	442
NP|PP755592.1|A/cattle/Texas/24-008749-003/2024(H5N1)	1160	442
NP|PP755592.1|A/cattle/Texas/24-008749-003/2024(H5N1)	1161	436
NP|PP755592.1|A/cattle/Texas/24-008749-003/2024(H5N1)	1162	447
NP|PP755592.1|A/cattle/Texas/24-008749-003/2024(H5N1)	1163	447
NP|PP755592.1|A/cattle/Texas/24-008749-003/2024(H5N1)	1164	447
NP|PP755592.1|A/cattle/Texas/24-008749-003/2024(H5N1)	1165	447
NP|PP755592.1|A/cattle/Texas/24-008749-003/2024(H5N1)	1166	444
NP|PP755592.1|A/cattle/Texas/24-008749-003/2024(H5N1)	1167	449
NP|PP755592.1|A/cattle/Texas/24-008749-003/2024(H5N1)	1168	453
NP|PP755592.1|A/cattle/Texas/24-008749-003/2024(H5N1)	1169	448
NP|PP755592.1|A/cattle/Texas/24-008749-003/2024(H5N1)	1170	448
NP|PP755592.1|A/cattle/Texas/24-008749-003/2024(H5N1)	1171	443
NP|PP755592.1|A/cattle/Texas/24-008749-003/2024(H5N1)	1172	444
NP|PP755592.1|A/cattle/Texas/24-008749-003/2024(H5N1)	1173	450
NP|PP755592.1|A/cattle/Texas/24-008749-003/2024(H5N1)	1174	450
NP|PP755592.1|A/cattle/Texas/24-008749-003/2024(H5N1)	1175	451
NP|PP755592.1|A/cattle/Texas/24-008749-003/2024(H5N1)	1176	452
NP|PP755592.1|A/cattle/Texas/24-008749-003/2024(H5N1)	1177	452
NP|PP755592.1|A/cattle/Texas/24-008749-003/2024(H5N1)	1178	458
NP|PP755592.1|A/cattle/Texas/24-008749-003/2024(H5N1)	1179	458
NP|PP755592.1|A/cattle/Texas/24-008749-003/2024(H5N1)	1180	458
NP|PP755592.1|A/cattle/Texas/24-008749-003/2024(H5N1)	1181	459
NP|PP755592.1|A/cattle/Texas/24-008749-003/2024(H5N1)	1182	458
NP|PP755592.1|A/cattle/Texas/24-008749-003/2024(H5N1)	1183	460
NP|PP755592.1|A/cattle/Texas/24-008749-003/2024(H5N1)	1184	460
NP|PP755592.1|A/cattle/Texas/24-008749-003/2024(H5N1)	1185	457
NP|PP755592.1|A/cattle/Texas/24-008749-003/2024(H5N1)	1186	457
NP|PP755592.1|A/cattle/Texas/24-008749-003/2024(H5N1)	1187	458
NP|PP755592.1|A/cattle/Texas/24-008749-003/2024(H5N1)	1188	454
NP|PP755592.1|A/cattle/Texas/24-008749-003/2024(H5N1)	1189	467
NP|PP755592.1|A/cattle/Texas/24-008749-003/2024(H5N1)	1190	468
NP|PP755592.1|A/cattle/Texas/24-008749-003/2024(H5N1)	1191	481
NP|PP755592.1|A/cattle/Texas/24-008749-003/2024(H5N1)	1192	481
NP|PP755592.1|A/cattle/Texas/24-008749-003/2024(H5N1)	1193	482
NP|PP755592.1|A/cattle/Texas/24-008749-003/2024(H5N1)	1194	479
NP|PP755592.1|A/cattle/Texas/24-008749-003/2024(H5N1)	1195	475
NP|PP755592.1|A/cattle/Texas/24-008749-003/2024(H5N1)	1196	474
NP|PP755592.1|A/cattle/Texas/24-008749-003/2024(H5N1)	1197	475
NP|PP755592.1|A/cattle/Texas/24-008749-003/2024(H5N1)	1198	472
NP|PP755592.1|A/cattle/Texas/24-008749-003/2024(H5N1)	1199	474
NP|PP755592.1|A/cattle/Texas/24-008749-003/2024(H5N1)	1200	469
NP|PP755592.1|A/cattle/Texas/24-008749-003/2024(H5N1)	1201	468
NP|PP755592.1|A/cattle/Texas/24-008749-003/2024(H5N1)	1202	468
NP|PP755592.1|A/cattle/Texas/24-008749-003/2024(H5N1)	1203	467
NP|PP755592.1|A/cattle/Texas/24-008749-003/2024(H5N1)	1204	466
NP|PP755592.1|A/cattle/Texas/24-008749-003/2024(H5N1)	1205	465
NP|PP755592.1|A/cattle/Texas/24-008749-003/2024(H5N1)	1206	465
NP|PP755592.1|A/cattle/Texas/24-008749-003/2024(H5N1)	1207	465
NP|PP755592.1|A/cattle/Texas/24-008749-003/2024(H5N1)	1208	465
NP|PP755592.1|A/cattle/Texas/24-008749-003/2024(H5N1)	1209	465
NP|PP755592.1|A/cattle/Texas/24-008749-003/2024(H5N1)	1210	465
NP|PP755592.1|A/cattle/Texas/24-008749-003/2024(H5N1)	1211	462
NP|PP755592.1|A/cattle/Texas/24-008749-003/2024(H5N1)	1212	462
NP|PP755592.1|A/cattle/Texas/24-008749-003/2024(H5N1)	1213	459
NP|PP755592.1|A/cattle/Texas/24-008749-003/2024(H5N1)	1214	434
NP|PP755592.1|A/cattle/Texas/24-008749-003/2024(H5N1)	1215	434
NP|PP755592.1|A/cattle/Texas/24-008749-003/2024(H5N1)	1216	434
NP|PP755592.1|A/cattle/Texas/24-008749-003/2024(H5N1)	1217	434
NP|PP755592.1|A/cattle/Texas/24-008749-003/2024(H5N1)	1218	434
NP|PP755592.1|A/cattle/Texas/24-008749-003/2024(H5N1)	1219	417
NP|PP755592.1|A/cattle/Texas/24-008749-003/2024(H5N1)	1220	417
NP|PP755592.1|A/cattle/Texas/24-008749-003/2024(H5N1)	1221	413
NP|PP755592.1|A/cattle/Texas/24-008749-003/2024(H5N1)	1222	412
NP|PP755592.1|A/cattle/Texas/24-008749-003/2024(H5N1)	1223	412
NP|PP755592.1|A/cattle/Texas/24-008749-003/2024(H5N1)	1224	399
NP|PP755592.1|A/cattle/Texas/24-008749-003/2024(H5N1)	1225	398
NP|PP755592.1|A/cattle/Texas/24-008749-003/2024(H5N1)	1226	381
NP|PP755592.1|A/cattle/Texas/24-008749-003/2024(H5N1)	1227	380
NP|PP755592.1|A/cattle/Texas/24-008749-003/2024(H5N1)	1228	379
NP|PP755592.1|A/cattle/Texas/24-008749-003/2024(H5N1)	1229	335
NP|PP755592.1|A/cattle/Texas/24-008749-003/2024(H5N1)	1230	331
NP|PP755592.1|A/cattle/Texas/24-008749-003/2024(H5N1)	1231	328
NP|PP755592.1|A/cattle/Texas/24-008749-003/2024(H5N1)	1232	328
NP|PP755592.1|A/cattle/Texas/24-008749-003/2024(H5N1)	1233	150
NP|PP755592.1|A/cattle/Texas/24-008749-003/2024(H5N1)	1234	150
NP|PP755592.1|A/cattle/Texas/24-008749-003/2024(H5N1)	1235	146
NP|PP755592.1|A/cattle/Texas/24-008749-003/2024(H5N1)	1236	142
NP|PP755592.1|A/cattle/Texas/24-008749-003/2024(H5N1)	1237	142
NP|PP755592.1|A/cattle/Texas/24-008749-003/2024(H5N1)	1238	142
NP|PP755592.1|A/cattle/Texas/24-008749-003/2024(H5N1)	1239	137
NP|PP755592.1|A/cattle/Texas/24-008749-003/2024(H5N1)	1240	137
NP|PP755592.1|A/cattle/Texas/24-008749-003/2024(H5N1)	1241	137
NP|PP755592.1|A/cattle/Texas/24-008749-003/2024(H5N1)	1242	137
NP|PP755592.1|A/cattle/Texas/24-008749-003/2024(H5N1)	1243	137
NP|PP755592.1|A/cattle/Texas/24-008749-003/2024(H5N1)	1244	137
NP|PP755592.1|A/cattle/Texas/24-008749-003/2024(H5N1)	1245	137
NP|PP755592.1|A/cattle/Texas/24-008749-003/2024(H5N1)	1246	137
NP|PP755592.1|A/cattle/Texas/24-008749-003/2024(H5N1)	1247	137
NP|PP755592.1|A/cattle/Texas/24-008749-003/2024(H5N1)	1248	137
NP|PP755592.1|A/cattle/Texas/24-008749-003/2024(H5N1)	1249	137
NP|PP755592.1|A/cattle/Texas/24-008749-003/2024(H5N1)	1250	137
NP|PP755592.1|A/cattle/Texas/24-008749-003/2024(H5N1)	1251	137
NP|PP755592.1|A/cattle/Texas/24-008749-003/2024(H5N1)	1252	137
NP|PP755592.1|A/cattle/Texas/24-008749-003/2024(H5N1)	1253	137
NP|PP755592.1|A/cattle/Texas/24-008749-003/2024(H5N1)	1254	137
NP|PP755592.1|A/cattle/Texas/24-008749-003/2024(H5N1)	1255	137
NP|PP755592.1|A/cattle/Texas/24-008749-003/2024(H5N1)	1256	137
NP|PP755592.1|A/cattle/Texas/24-008749-003/2024(H5N1)	1257	137
NP|PP755592.1|A/cattle/Texas/24-008749-003/2024(H5N1)	1258	137
NP|PP755592.1|A/cattle/Texas/24-008749-003/2024(H5N1)	1259	137
NP|PP755592.1|A/cattle/Texas/24-008749-003/2024(H5N1)	1260	137
NP|PP755592.1|A/cattle/Texas/24-008749-003/2024(H5N1)	1261	137
NP|PP755592.1|A/cattle/Texas/24-008749-003/2024(H5N1)	1262	137
NP|PP755592.1|A/cattle/Texas/24-008749-003/2024(H5N1)	1263	137
NP|PP755592.1|A/cattle/Texas/24-008749-003/2024(H5N1)	1264	137
NP|PP755592.1|A/cattle/Texas/24-008749-003/2024(H5N1)	1265	137
NP|PP755592.1|A/cattle/Texas/24-008749-003/2024(H5N1)	1266	137
NP|PP755592.1|A/cattle/Texas/24-008749-003/2024(H5N1)	1267	137
NP|PP755592.1|A/cattle/Texas/24-008749-003/2024(H5N1)	1268	137
NP|PP755592.1|A/cattle/Texas/24-008749-003/2024(H5N1)	1269	137
NP|PP755592.1|A/cattle/Texas/24-008749-003/2024(H5N1)	1270	137
NP|PP755592.1|A/cattle/Texas/24-008749-003/2024(H5N1)	1271	138
NP|PP755592.1|A/cattle/Texas/24-008749-003/2024(H5N1)	1272	138
NP|PP755592.1|A/cattle/Texas/24-008749-003/2024(H5N1)	1273	138
NP|PP755592.1|A/cattle/Texas/24-008749-003/2024(H5N1)	1274	138
NP|PP755592.1|A/cattle/Texas/24-008749-003/2024(H5N1)	1275	138
NP|PP755592.1|A/cattle/Texas/24-008749-003/2024(H5N1)	1276	138
NP|PP755592.1|A/cattle/Texas/24-008749-003/2024(H5N1)	1277	138
NP|PP755592.1|A/cattle/Texas/24-008749-003/2024(H5N1)	1278	138
NP|PP755592.1|A/cattle/Texas/24-008749-003/2024(H5N1)	1279	138
NP|PP755592.1|A/cattle/Texas/24-008749-003/2024(H5N1)	1280	138
NP|PP755592.1|A/cattle/Texas/24-008749-003/2024(H5N1)	1281	138
NP|PP755592.1|A/cattle/Texas/24-008749-003/2024(H5N1)	1282	138
NP|PP755592.1|A/cattle/Texas/24-008749-003/2024(H5N1)	1283	138
NP|PP755592.1|A/cattle/Texas/24-008749-003/2024(H5N1)	1284	138
NP|PP755592.1|A/cattle/Texas/24-008749-003/2024(H5N1)	1285	138
NP|PP755592.1|A/cattle/Texas/24-008749-003/2024(H5N1)	1286	138
NP|PP755592.1|A/cattle/Texas/24-008749-003/2024(H5N1)	1287	138
NP|PP755592.1|A/cattle/Texas/24-008749-003/2024(H5N1)	1288	138
NP|PP755592.1|A/cattle/Texas/24-008749-003/2024(H5N1)	1289	138
NP|PP755592.1|A/cattle/Texas/24-008749-003/2024(H5N1)	1290	138
NP|PP755592.1|A/cattle/Texas/24-008749-003/2024(H5N1)	1291	159
NP|PP755592.1|A/cattle/Texas/24-008749-003/2024(H5N1)	1292	159
NP|PP755592.1|A/cattle/Texas/24-008749-003/2024(H5N1)	1293	159
NP|PP755592.1|A/cattle/Texas/24-008749-003/2024(H5N1)	1294	159
NP|PP755592.1|A/cattle/Texas/24-008749-003/2024(H5N1)	1295	165
NP|PP755592.1|A/cattle/Texas/24-008749-003/2024(H5N1)	1296	165
NP|PP755592.1|A/cattle/Texas/24-008749-003/2024(H5N1)	1297	452
NP|PP755592.1|A/cattle/Texas/24-008749-003/2024(H5N1)	1298	452
NP|PP755592.1|A/cattle/Texas/24-008749-003/2024(H5N1)	1299	452
NP|PP755592.1|A/cattle/Texas/24-008749-003/2024(H5N1)	1300	454
NP|PP755592.1|A/cattle/Texas/24-008749-003/2024(H5N1)	1301	454
NP|PP755592.1|A/cattle/Texas/24-008749-003/2024(H5N1)	1302	456
NP|PP755592.1|A/cattle/Texas/24-008749-003/2024(H5N1)	1303	459
NP|PP755592.1|A/cattle/Texas/24-008749-003/2024(H5N1)	1304	460
NP|PP755592.1|A/cattle/Texas/24-008749-003/2024(H5N1)	1305	460
NP|PP755592.1|A/cattle/Texas/24-008749-003/2024(H5N1)	1306	460
NP|PP755592.1|A/cattle/Texas/24-008749-003/2024(H5N1)	1307	460
NP|PP755592.1|A/cattle/Texas/24-008749-003/2024(H5N1)	1308	460
NP|PP755592.1|A/cattle/Texas/24-008749-003/2024(H5N1)	1309	466
NP|PP755592.1|A/cattle/Texas/24-008749-003/2024(H5N1)	1310	466
NP|PP755592.1|A/cattle/Texas/24-008749-003/2024(H5N1)	1311	466
NP|PP755592.1|A/cattle/Texas/24-008749-003/2024(H5N1)	1312	470
NP|PP755592.1|A/cattle/Texas/24-008749-003/2024(H5N1)	1313	470
NP|PP755592.1|A/cattle/Texas/24-008749-003/2024(H5N1)	1314	470
NP|PP755592.1|A/cattle/Texas/24-008749-003/2024(H5N1)	1315	483
NP|PP755592.1|A/cattle/Texas/24-008749-003/2024(H5N1)	1316	484
NP|PP755592.1|A/cattle/Texas/24-008749-003/2024(H5N1)	1317	494
NP|PP755592.1|A/cattle/Texas/24-008749-003/2024(H5N1)	1318	494
NP|PP755592.1|A/cattle/Texas/24-008749-003/2024(H5N1)	1319	494
NP|PP755592.1|A/cattle/Texas/24-008749-003/2024(H5N1)	1320	494
NP|PP755592.1|A/cattle/Texas/24-008749-003/2024(H5N1)	1321	494
NP|PP755592.1|A/cattle/Texas/24-008749-003/2024(H5N1)	1322	496
NP|PP755592.1|A/cattle/Texas/24-008749-003/2024(H5N1)	1323	502
NP|PP755592.1|A/cattle/Texas/24-008749-003/2024(H5N1)	1324	502
NP|PP755592.1|A/cattle/Texas/24-008749-003/2024(H5N1)	1325	502
NP|PP755592.1|A/cattle/Texas/24-008749-003/2024(H5N1)	1326	502
NP|PP755592.1|A/cattle/Texas/24-008749-003/2024(H5N1)	1327	502
NP|PP755592.1|A/cattle/Texas/24-008749-003/2024(H5N1)	1328	502
NP|PP755592.1|A/cattle/Texas/24-008749-003/2024(H5N1)	1329	504
NP|PP755592.1|A/cattle/Texas/24-008749-003/2024(H5N1)	1330	506
NP|PP755592.1|A/cattle/Texas/24-008749-003/2024(H5N1)	1331	508
NP|PP755592.1|A/cattle/Texas/24-008749-003/2024(H5N1)	1332	516
NP|PP755592.1|A/cattle/Texas/24-008749-003/2024(H5N1)	1333	516
NP|PP755592.1|A/cattle/Texas/24-008749-003/2024(H5N1)	1334	516
NP|PP755592.1|A/cattle/Texas/24-008749-003/2024(H5N1)	1335	516
NP|PP755592.1|A/cattle/Texas/24-008749-003/2024(H5N1)	1336	516
NP|PP755592.1|A/cattle/Texas/24-008749-003/2024(H5N1)	1337	518
NP|PP755592.1|A/cattle/Texas/24-008749-003/2024(H5N1)	1338	518
NP|PP755592.1|A/cattle/Texas/24-008749-003/2024(H5N1)	1339	518
NP|PP755592.1|A/cattle/Texas/24-008749-003/2024(H5N1)	1340	518
NP|PP755592.1|A/cattle/Texas/24-008749-003/2024(H5N1)	1341	524
NP|PP755592.1|A/cattle/Texas/24-008749-003/2024(H5N1)	1342	524
NP|PP755592.1|A/cattle/Texas/24-008749-003/2024(H5N1)	1343	524
NP|PP755592.1|A/cattle/Texas/24-008749-003/2024(H5N1)	1344	525
NP|PP755592.1|A/cattle/Texas/24-008749-003/2024(H5N1)	1345	527
NP|PP755592.1|A/cattle/Texas/24-008749-003/2024(H5N1)	1346	527
NP|PP755592.1|A/cattle/Texas/24-008749-003/2024(H5N1)	1347	527
NP|PP755592.1|A/cattle/Texas/24-008749-003/2024(H5N1)	1348	527
NP|PP755592.1|A/cattle/Texas/24-008749-003/2024(H5N1)	1349	537
NP|PP755592.1|A/cattle/Texas/24-008749-003/2024(H5N1)	1350	537
NP|PP755592.1|A/cattle/Texas/24-008749-003/2024(H5N1)	1351	537
NP|PP755592.1|A/cattle/Texas/24-008749-003/2024(H5N1)	1352	537
NP|PP755592.1|A/cattle/Texas/24-008749-003/2024(H5N1)	1353	537
NP|PP755592.1|A/cattle/Texas/24-008749-003/2024(H5N1)	1354	536
NP|PP755592.1|A/cattle/Texas/24-008749-003/2024(H5N1)	1355	538
NP|PP755592.1|A/cattle/Texas/24-008749-003/2024(H5N1)	1356	538
NP|PP755592.1|A/cattle/Texas/24-008749-003/2024(H5N1)	1357	538
NP|PP755592.1|A/cattle/Texas/24-008749-003/2024(H5N1)	1358	532
NP|PP755592.1|A/cattle/Texas/24-008749-003/2024(H5N1)	1359	528
NP|PP755592.1|A/cattle/Texas/24-008749-003/2024(H5N1)	1360	532
NP|PP755592.1|A/cattle/Texas/24-008749-003/2024(H5N1)	1361	532
NP|PP755592.1|A/cattle/Texas/24-008749-003/2024(H5N1)	1362	532
NP|PP755592.1|A/cattle/Texas/24-008749-003/2024(H5N1)	1363	532
NP|PP755592.1|A/cattle/Texas/24-008749-003/2024(H5N1)	1364	524
NP|PP755592.1|A/cattle/Texas/24-008749-003/2024(H5N1)	1365	524
NP|PP755592.1|A/cattle/Texas/24-008749-003/2024(H5N1)	1366	525
NP|PP755592.1|A/cattle/Texas/24-008749-003/2024(H5N1)	1367	524
NP|PP755592.1|A/cattle/Texas/24-008749-003/2024(H5N1)	1368	524
NP|PP755592.1|A/cattle/Texas/24-008749-003/2024(H5N1)	1369	518
NP|PP755592.1|A/cattle/Texas/24-008749-003/2024(H5N1)	1370	518
NP|PP755592.1|A/cattle/Texas/24-008749-003/2024(H5N1)	1371	516
NP|PP755592.1|A/cattle/Texas/24-008749-003/2024(H5N1)	1372	518
NP|PP755592.1|A/cattle/Texas/24-008749-003/2024(H5N1)	1373	518
NP|PP755592.1|A/cattle/Texas/24-008749-003/2024(H5N1)	1374	519
NP|PP755592.1|A/cattle/Texas/24-008749-003/2024(H5N1)	1375	516
NP|PP755592.1|A/cattle/Texas/24-008749-003/2024(H5N1)	1376	513
NP|PP755592.1|A/cattle/Texas/24-008749-003/2024(H5N1)	1377	512
NP|PP755592.1|A/cattle/Texas/24-008749-003/2024(H5N1)	1378	511
NP|PP755592.1|A/cattle/Texas/24-008749-003/2024(H5N1)	1379	513
NP|PP755592.1|A/cattle/Texas/24-008749-003/2024(H5N1)	1380	513
NP|PP755592.1|A/cattle/Texas/24-008749-003/2024(H5N1)	1381	501
NP|PP755592.1|A/cattle/Texas/24-008749-003/2024(H5N1)	1382	499
NP|PP755592.1|A/cattle/Texas/24-008749-003/2024(H5N1)	1383	499
NP|PP755592.1|A/cattle/Texas/24-008749-003/2024(H5N1)	1384	493
NP|PP755592.1|A/cattle/Texas/24-008749-003/2024(H5N1)	1385	493
NP|PP755592.1|A/cattle/Texas/24-008749-003/2024(H5N1)	1386	461
NP|PP755592.1|A/cattle/Texas/24-008749-003/2024(H5N1)	1387	462
NP|PP755592.1|A/cattle/Texas/24-008749-003/2024(H5N1)	1388	432
NP|PP755592.1|A/cattle/Texas/24-008749-003/2024(H5N1)	1389	429
NP|PP755592.1|A/cattle/Texas/24-008749-003/2024(H5N1)	1390	426
NP|PP755592.1|A/cattle/Texas/24-008749-003/2024(H5N1)	1391	424
NP|PP755592.1|A/cattle/Texas/24-008749-003/2024(H5N1)	1392	417
NP|PP755592.1|A/cattle/Texas/24-008749-003/2024(H5N1)	1393	414
NP|PP755592.1|A/cattle/Texas/24-008749-003/2024(H5N1)	1394	406
NP|PP755592.1|A/cattle/Texas/24-008749-003/2024(H5N1)	1395	406
NP|PP755592.1|A/cattle/Texas/24-008749-003/2024(H5N1)	1396	395
NP|PP755592.1|A/cattle/Texas/24-008749-003/2024(H5N1)	1397	392
NP|PP755592.1|A/cattle/Texas/24-008749-003/2024(H5N1)	1398	389
NP|PP755592.1|A/cattle/Texas/24-008749-003/2024(H5N1)	1399	389
NP|PP755592.1|A/cattle/Texas/24-008749-003/2024(H5N1)	1400	389
NP|PP755592.1|A/cattle/Texas/24-008749-003/2024(H5N1)	1401	389
NP|PP755592.1|A/cattle/Texas/24-008749-003/2024(H5N1)	1402	388
NP|PP755592.1|A/cattle/Texas/24-008749-003/2024(H5N1)	1403	387
NP|PP755592.1|A/cattle/Texas/24-008749-003/2024(H5N1)	1404	387
NP|PP755592.1|A/cattle/Texas/24-008749-003/2024(H5N1)	1405	386
NP|PP755592.1|A/cattle/Texas/24-008749-003/2024(H5N1)	1406	385
NP|PP755592.1|A/cattle/Texas/24-008749-003/2024(H5N1)	1407	385
NP|PP755592.1|A/cattle/Texas/24-008749-003/2024(H5N1)	1408	385
NP|PP755592.1|A/cattle/Texas/24-008749-003/2024(H5N1)	1409	385
NP|PP755592.1|A/cattle/Texas/24-008749-003/2024(H5N1)	1410	383
NP|PP755592.1|A/cattle/Texas/24-008749-003/2024(H5N1)	1411	382
NP|PP755592.1|A/cattle/Texas/24-008749-003/2024(H5N1)	1412	380
NP|PP755592.1|A/cattle/Texas/24-008749-003/2024(H5N1)	1413	378
NP|PP755592.1|A/cattle/Texas/24-008749-003/2024(H5N1)	1414	378
NP|PP755592.1|A/cattle/Texas/24-008749-003/2024(H5N1)	1415	377
NP|PP755592.1|A/cattle/Texas/24-008749-003/2024(H5N1)	1416	377
NP|PP755592.1|A/cattle/Texas/24-008749-003/2024(H5N1)	1417	376
NP|PP755592.1|A/cattle/Texas/24-008749-003/2024(H5N1)	1418	375
NP|PP755592.1|A/cattle/Texas/24-008749-003/2024(H5N1)	1419	371
NP|PP755592.1|A/cattle/Texas/24-008749-003/2024(H5N1)	1420	371
NP|PP755592.1|A/cattle/Texas/24-008749-003/2024(H5N1)	1421	370
NP|PP755592.1|A/cattle/Texas/24-008749-003/2024(H5N1)	1422	368
NP|PP755592.1|A/cattle/Texas/24-008749-003/2024(H5N1)	1423	366
NP|PP755592.1|A/cattle/Texas/24-008749-003/2024(H5N1)	1424	363
NP|PP755592.1|A/cattle/Texas/24-008749-003/2024(H5N1)	1425	360
NP|PP755592.1|A/cattle/Texas/24-008749-003/2024(H5N1)	1426	357
NP|PP755592.1|A/cattle/Texas/24-008749-003/2024(H5N1)	1427	351
NP|PP755592.1|A/cattle/Texas/24-008749-003/2024(H5N1)	1428	351
NP|PP755592.1|A/cattle/Texas/24-008749-003/2024(H5N1)	1429	348
NP|PP755592.1|A/cattle/Texas/24-008749-003/2024(H5N1)	1430	346
NP|PP755592.1|A/cattle/Texas/24-008749-003/2024(H5N1)	1431	344
NP|PP755592.1|A/cattle/Texas/24-008749-003/2024(H5N1)	1432	344
NP|PP755592.1|A/cattle/Texas/24-008749-003/2024(H5N1)	1433	342
NP|PP755592.1|A/cattle/Texas/24-008749-003/2024(H5N1)	1434	342
NP|PP755592.1|A/cattle/Texas/24-008749-003/2024(H5N1)	1435	336
NP|PP755592.1|A/cattle/Texas/24-008749-003/2024(H5N1)	1436	336
NP|PP755592.1|A/cattle/Texas/24-008749-003/2024(H5N1)	1437	336
NP|PP755592.1|A/cattle/Texas/24-008749-003/2024(H5N1)	1438	325
NP|PP755592.1|A/cattle/Texas/24-008749-003/2024(H5N1)	1439	321
NP|PP755592.1|A/cattle/Texas/24-008749-003/2024(H5N1)	1440	319
NP|PP755592.1|A/cattle/Texas/24-008749-003/2024(H5N1)	1441	316
NP|PP755592.1|A/cattle/Texas/24-008749-003/2024(H5N1)	1442	302
NP|PP755592.1|A/cattle/Texas/24-008749-003/2024(H5N1)	1443	301
NP|PP755592.1|A/cattle/Texas/24-008749-003/2024(H5N1)	1444	299
NP|PP755592.1|A/cattle/Texas/24-008749-003/2024(H5N1)	1445	290
NP|PP755592.1|A/cattle/Texas/24-008749-003/2024(H5N1)	1446	290
NP|PP755592.1|A/cattle/Texas/24-008749-003/2024(H5N1)	1447	291
NP|PP755592.1|A/cattle/Texas/24-008749-003/2024(H5N1)	1448	291
NP|PP755592.1|A/cattle/Texas/24-008749-003/2024(H5N1)	1449	291
NP|PP755592.1|A/cattle/Texas/24-008749-003/2024(H5N1)	1450	291
NP|PP755592.1|A/cattle/Texas/24-008749-003/2024(H5N1)	1451	291
NP|PP755592.1|A/cattle/Texas/24-008749-003/2024(H5N1)	1452	283
NP|PP755592.1|A/cattle/Texas/24-008749-003/2024(H5N1)	1453	282
NP|PP755592.1|A/cattle/Texas/24-008749-003/2024(H5N1)	1454	277
NP|PP755592.1|A/cattle/Texas/24-008749-003/2024(H5N1)	1455	275
NP|PP755592.1|A/cattle/Texas/24-008749-003/2024(H5N1)	1456	270
NP|PP755592.1|A/cattle/Texas/24-008749-003/2024(H5N1)	1457	267
NP|PP755592.1|A/cattle/Texas/24-008749-003/2024(H5N1)	1458	267
NP|PP755592.1|A/cattle/Texas/24-008749-003/2024(H5N1)	1459	267
NP|PP755592.1|A/cattle/Texas/24-008749-003/2024(H5N1)	1460	266
NP|PP755592.1|A/cattle/Texas/24-008749-003/2024(H5N1)	1461	263
NP|PP755592.1|A/cattle/Texas/24-008749-003/2024(H5N1)	1462	261
NP|PP755592.1|A/cattle/Texas/24-008749-003/2024(H5N1)	1463	258
NP|PP755592.1|A/cattle/Texas/24-008749-003/2024(H5N1)	1464	255
NP|PP755592.1|A/cattle/Texas/24-008749-003/2024(H5N1)	1465	251
NP|PP755592.1|A/cattle/Texas/24-008749-003/2024(H5N1)	1466	251
NP|PP755592.1|A/cattle/Texas/24-008749-003/2024(H5N1)	1467	250
NP|PP755592.1|A/cattle/Texas/24-008749-003/2024(H5N1)	1468	249
NP|PP755592.1|A/cattle/Texas/24-008749-003/2024(H5N1)	1469	249
NP|PP755592.1|A/cattle/Texas/24-008749-003/2024(H5N1)	1470	247
NP|PP755592.1|A/cattle/Texas/24-008749-003/2024(H5N1)	1471	244
NP|PP755592.1|A/cattle/Texas/24-008749-003/2024(H5N1)	1472	242
NP|PP755592.1|A/cattle/Texas/24-008749-003/2024(H5N1)	1473	242
NP|PP755592.1|A/cattle/Texas/24-008749-003/2024(H5N1)	1474	237
NP|PP755592.1|A/cattle/Texas/24-008749-003/2024(H5N1)	1475	237
NP|PP755592.1|A/cattle/Texas/24-008749-003/2024(H5N1)	1476	236
NP|PP755592.1|A/cattle/Texas/24-008749-003/2024(H5N1)	1477	235
NP|PP755592.1|A/cattle/Texas/24-008749-003/2024(H5N1)	1478	235
NP|PP755592.1|A/cattle/Texas/24-008749-003/2024(H5N1)	1479	224
NP|PP755592.1|A/cattle/Texas/24-008749-003/2024(H5N1)	1480	224
NP|PP755592.1|A/cattle/Texas/24-008749-003/2024(H5N1)	1481	224
NP|PP755592.1|A/cattle/Texas/24-008749-003/2024(H5N1)	1482	223
NP|PP755592.1|A/cattle/Texas/24-008749-003/2024(H5N1)	1483	223
NP|PP755592.1|A/cattle/Texas/24-008749-003/2024(H5N1)	1484	180
NP|PP755592.1|A/cattle/Texas/24-008749-003/2024(H5N1)	1485	180
NP|PP755592.1|A/cattle/Texas/24-008749-003/2024(H5N1)	1486	170
NP|PP755592.1|A/cattle/Texas/24-008749-003/2024(H5N1)	1487	170
NP|PP755592.1|A/cattle/Texas/24-008749-003/2024(H5N1)	1488	168
NP|PP755592.1|A/cattle/Texas/24-008749-003/2024(H5N1)	1489	164
NP|PP755592.1|A/cattle/Texas/24-008749-003/2024(H5N1)	1490	163
NP|PP755592.1|A/cattle/Texas/24-008749-003/2024(H5N1)	1491	156
NP|PP755592.1|A/cattle/Texas/24-008749-003/2024(H5N1)	1492	133
NP|PP755592.1|A/cattle/Texas/24-008749-003/2024(H5N1)	1493	133
NP|PP755592.1|A/cattle/Texas/24-008749-003/2024(H5N1)	1494	109
NP|PP755592.1|A/cattle/Texas/24-008749-003/2024(H5N1)	1495	108
NP|PP755592.1|A/cattle/Texas/24-008749-003/2024(H5N1)	1496	107
NP|PP755592.1|A/cattle/Texas/24-008749-003/2024(H5N1)	1497	107
