HA|PP755589.1|A/cattle/Texas/24-008749-003/2024(H5N1)	1	2021
HA|PP755589.1|A/cattle/Texas/24-008749-003/2024(H5N1)	2	2023
HA|PP755589.1|A/cattle/Texas/24-008749-003/2024(H5N1)	3	2053
HA|PP755589.1|A/cattle/Texas/24-008749-003/2024(H5N1)	4	2054
HA|PP755589.1|A/cattle/Texas/24-008749-003/2024(H5N1)	5	2060
HA|PP755589.1|A/cattle/Texas/24-008749-003/2024(H5N1)	6	2076
HA|PP755589.1|A/cattle/Texas/24-008749-003/2024(H5N1)	7	2098
HA|PP755589.1|A/cattle/Texas/24-008749-003/2024(H5N1)	8	2329
HA|PP755589.1|A/cattle/Texas/24-008749-003/2024(H5N1)	9	2334
HA|PP755589.1|A/cattle/Texas/24-008749-003/2024(H5N1)	10	2342
HA|PP755589.1|A/cattle/Texas/24-008749-003/2024(H5N1)	11	2382
HA|PP755589.1|A/cattle/Texas/24-008749-003/2024(H5N1)	12	2382
HA|PP755589.1|A/cattle/Texas/24-008749-003/2024(H5N1)	13	2515
HA|PP755589.1|A/cattle/Texas/24-008749-003/2024(H5N1)	14	2515
HA|PP755589.1|A/cattle/Texas/24-008749-003/2024(H5N1)	15	2521
HA|PP755589.1|A/cattle/Texas/24-008749-003/2024(H5N1)	16	2523
HA|PP755589.1|A/cattle/Texas/24-008749-003/2024(H5N1)	17	2533
HA|PP755589.1|A/cattle/Texas/24-008749-003/2024(H5N1)	18	2537
HA|PP755589.1|A/cattle/Texas/24-008749-003/2024(H5N1)	19	2565
HA|PP755589.1|A/cattle/Texas/24-008749-003/2024(H5N1)	20	2573
HA|PP755589.1|A/cattle/Texas/24-008749-003/2024(H5N1)	21	2583
HA|PP755589.1|A/cattle/Texas/24-008749-003/2024(H5N1)	22	2583
HA|PP755589.1|A/cattle/Texas/24-008749-003/2024(H5N1)	23	2589
HA|PP755589.1|A/cattle/Texas/24-008749-003/2024(H5N1)	24	2596
HA|PP755589.1|A/cattle/Texas/24-008749-003/2024(H5N1)	25	2616
HA|PP755589.1|A/cattle/Texas/24-008749-003/2024(H5N1)	26	2636
HA|PP755589.1|A/cattle/Texas/24-008749-003/2024(H5N1)	27	2636
HA|PP755589.1|A/cattle/Texas/24-008749-003/2024(H5N1)	28	2660
HA|PP755589.1|A/cattle/Texas/24-008749-003/2024(H5N1)	29	2723
HA|PP755589.1|A/cattle/Texas/24-008749-003/2024(H5N1)	30	2758
HA|PP755589.1|A/cattle/Texas/24-008749-003/2024(H5N1)	31	2762
HA|PP755589.1|A/cattle/Texas/24-008749-003/2024(H5N1)	32	2765
HA|PP755589.1|A/cattle/Texas/24-008749-003/2024(H5N1)	33	2798
HA|PP755589.1|A/cattle/Texas/24-008749-003/2024(H5N1)	34	2799
HA|PP755589.1|A/cattle/Texas/24-008749-003/2024(H5N1)	35	2817
HA|PP755589.1|A/cattle/Texas/24-008749-003/2024(H5N1)	36	2828
HA|PP755589.1|A/cattle/Texas/24-008749-003/2024(H5N1)	37	2838
HA|PP755589.1|A/cattle/Texas/24-008749-003/2024(H5N1)	38	2862
HA|PP755589.1|A/cattle/Texas/24-008749-003/2024(H5N1)	39	3020
HA|PP755589.1|A/cattle/Texas/24-008749-003/2024(H5N1)	40	3091
HA|PP755589.1|A/cattle/Texas/24-008749-003/2024(H5N1)	41	3091
HA|PP755589.1|A/cattle/Texas/24-008749-003/2024(H5N1)	42	3101
HA|PP755589.1|A/cattle/Texas/24-008749-003/2024(H5N1)	43	3114
HA|PP755589.1|A/cattle/Texas/24-008749-003/2024(H5N1)	44	3141
HA|PP755589.1|A/cattle/Texas/24-008749-003/2024(H5N1)	45	3143
HA|PP755589.1|A/cattle/Texas/24-008749-003/2024(H5N1)	46	3143
HA|PP755589.1|A/cattle/Texas/24-008749-003/2024(H5N1)	47	3151
HA|PP755589.1|A/cattle/Texas/24-008749-003/2024(H5N1)	48	3154
HA|PP755589.1|A/cattle/Texas/24-008749-003/2024(H5N1)	49	3172
HA|PP755589.1|A/cattle/Texas/24-008749-003/2024(H5N1)	50	3178
HA|PP755589.1|A/cattle/Texas/24-008749-003/2024(H5N1)	51	3182
HA|PP755589.1|A/cattle/Texas/24-008749-003/2024(H5N1)	52	3182
HA|PP755589.1|A/cattle/Texas/24-008749-003/2024(H5N1)	53	3182
HA|PP755589.1|A/cattle/Texas/24-008749-003/2024(H5N1)	54	3355
HA|PP755589.1|A/cattle/Texas/24-008749-003/2024(H5N1)	55	3358
HA|PP755589.1|A/cattle/Texas/24-008749-003/2024(H5N1)	56	3359
HA|PP755589.1|A/cattle/Texas/24-008749-003/2024(H5N1)	57	3370
HA|PP755589.1|A/cattle/Texas/24-008749-003/2024(H5N1)	58	3382
HA|PP755589.1|A/cattle/Texas/24-008749-003/2024(H5N1)	59	3413
HA|PP755589.1|A/cattle/Texas/24-008749-003/2024(H5N1)	60	3428
HA|PP755589.1|A/cattle/Texas/24-008749-003/2024(H5N1)	61	3430
HA|PP755589.1|A/cattle/Texas/24-008749-003/2024(H5N1)	62	3433
HA|PP755589.1|A/cattle/Texas/24-008749-003/2024(H5N1)	63	3410
HA|PP755589.1|A/cattle/Texas/24-008749-003/2024(H5N1)	64	3469
HA|PP755589.1|A/cattle/Texas/24-008749-003/2024(H5N1)	65	3471
HA|PP755589.1|A/cattle/Texas/24-008749-003/2024(H5N1)	66	3545
HA|PP755589.1|A/cattle/Texas/24-008749-003/2024(H5N1)	67	3558
HA|PP755589.1|A/cattle/Texas/24-008749-003/2024(H5N1)	68	3584
HA|PP755589.1|A/cattle/Texas/24-008749-003/2024(H5N1)	69	3615
HA|PP755589.1|A/cattle/Texas/24-008749-003/2024(H5N1)	70	3648
HA|PP755589.1|A/cattle/Texas/24-008749-003/2024(H5N1)	71	3658
HA|PP755589.1|A/cattle/Texas/24-008749-003/2024(H5N1)	72	3661
HA|PP755589.1|A/cattle/Texas/24-008749-003/2024(H5N1)	73	3656
HA|PP755589.1|A/cattle/Texas/24-008749-003/2024(H5N1)	74	3700
HA|PP755589.1|A/cattle/Texas/24-008749-003/2024(H5N1)	75	3714
HA|PP755589.1|A/cattle/Texas/24-008749-003/2024(H5N1)	76	3748
HA|PP755589.1|A/cattle/Texas/24-008749-003/2024(H5N1)	77	3785
HA|PP755589.1|A/cattle/Texas/24-008749-003/2024(H5N1)	78	3916
HA|PP755589.1|A/cattle/Texas/24-008749-003/2024(H5N1)	79	3923
HA|PP755589.1|A/cattle/Texas/24-008749-003/2024(H5N1)	80	3945
HA|PP755589.1|A/cattle/Texas/24-008749-003/2024(H5N1)	81	3950
HA|PP755589.1|A/cattle/Texas/24-008749-003/2024(H5N1)	82	3951
HA|PP755589.1|A/cattle/Texas/24-008749-003/2024(H5N1)	83	3990
HA|PP755589.1|A/cattle/Texas/24-008749-003/2024(H5N1)	84	3991
HA|PP755589.1|A/cattle/Texas/24-008749-003/2024(H5N1)	85	3994
HA|PP755589.1|A/cattle/Texas/24-008749-003/2024(H5N1)	86	3997
HA|PP755589.1|A/cattle/Texas/24-008749-003/2024(H5N1)	87	3991
HA|PP755589.1|A/cattle/Texas/24-008749-003/2024(H5N1)	88	4192
HA|PP755589.1|A/cattle/Texas/24-008749-003/2024(H5N1)	89	4214
HA|PP755589.1|A/cattle/Texas/24-008749-003/2024(H5N1)	90	4241
HA|PP755589.1|A/cattle/Texas/24-008749-003/2024(H5N1)	91	4236
HA|PP755589.1|A/cattle/Texas/24-008749-003/2024(H5N1)	92	4223
HA|PP755589.1|A/cattle/Texas/24-008749-003/2024(H5N1)	93	4302
HA|PP755589.1|A/cattle/Texas/24-008749-003/2024(H5N1)	94	4326
HA|PP755589.1|A/cattle/Texas/24-008749-003/2024(H5N1)	95	4330
HA|PP755589.1|A/cattle/Texas/24-008749-003/2024(H5N1)	96	4353
HA|PP755589.1|A/cattle/Texas/24-008749-003/2024(H5N1)	97	4323
HA|PP755589.1|A/cattle/Texas/24-008749-003/2024(H5N1)	98	4358
HA|PP755589.1|A/cattle/Texas/24-008749-003/2024(H5N1)	99	4362
HA|PP755589.1|A/cattle/Texas/24-008749-003/2024(H5N1)	100	4362
HA|PP755589.1|A/cattle/Texas/24-008749-003/2024(H5N1)	101	4395
HA|PP755589.1|A/cattle/Texas/24-008749-003/2024(H5N1)	102	4387
HA|PP755589.1|A/cattle/Texas/24-008749-003/2024(H5N1)	103	4381
HA|PP755589.1|A/cattle/Texas/24-008749-003/2024(H5N1)	104	4380
HA|PP755589.1|A/cattle/Texas/24-008749-003/2024(H5N1)	105	4362
HA|PP755589.1|A/cattle/Texas/24-008749-003/2024(H5N1)	106	4372
HA|PP755589.1|A/cattle/Texas/24-008749-003/2024(H5N1)	107	4377
HA|PP755589.1|A/cattle/Texas/24-008749-003/2024(H5N1)	108	4371
HA|PP755589.1|A/cattle/Texas/24-008749-003/2024(H5N1)	109	4363
HA|PP755589.1|A/cattle/Texas/24-008749-003/2024(H5N1)	110	4350
HA|PP755589.1|A/cattle/Texas/24-008749-003/2024(H5N1)	111	4342
HA|PP755589.1|A/cattle/Texas/24-008749-003/2024(H5N1)	112	4344
HA|PP755589.1|A/cattle/Texas/24-008749-003/2024(H5N1)	113	4345
HA|PP755589.1|A/cattle/Texas/24-008749-003/2024(H5N1)	114	4361
HA|PP755589.1|A/cattle/Texas/24-008749-003/2024(H5N1)	115	4394
HA|PP755589.1|A/cattle/Texas/24-008749-003/2024(H5N1)	116	4419
HA|PP755589.1|A/cattle/Texas/24-008749-003/2024(H5N1)	117	4432
HA|PP755589.1|A/cattle/Texas/24-008749-003/2024(H5N1)	118	4435
HA|PP755589.1|A/cattle/Texas/24-008749-003/2024(H5N1)	119	4439
HA|PP755589.1|A/cattle/Texas/24-008749-003/2024(H5N1)	120	4433
HA|PP755589.1|A/cattle/Texas/24-008749-003/2024(H5N1)	121	4440
HA|PP755589.1|A/cattle/Texas/24-008749-003/2024(H5N1)	122	4171
HA|PP755589.1|A/cattle/Texas/24-008749-003/2024(H5N1)	123	4071
HA|PP755589.1|A/cattle/Texas/24-008749-003/2024(H5N1)	124	4073
HA|PP755589.1|A/cattle/Texas/24-008749-003/2024(H5N1)	125	3922
HA|PP755589.1|A/cattle/Texas/24-008749-003/2024(H5N1)	126	3924
HA|PP755589.1|A/cattle/Texas/24-008749-003/2024(H5N1)	127	3932
HA|PP755589.1|A/cattle/Texas/24-008749-003/2024(H5N1)	128	3878
HA|PP755589.1|A/cattle/Texas/24-008749-003/2024(H5N1)	129	3883
HA|PP755589.1|A/cattle/Texas/24-008749-003/2024(H5N1)	130	3861
HA|PP755589.1|A/cattle/Texas/24-008749-003/2024(H5N1)	131	3809
HA|PP755589.1|A/cattle/Texas/24-008749-003/2024(H5N1)	132	3820
HA|PP755589.1|A/cattle/Texas/24-008749-003/2024(H5N1)	133	3992
HA|PP755589.1|A/cattle/Texas/24-008749-003/2024(H5N1)	134	4231
HA|PP755589.1|A/cattle/Texas/24-008749-003/2024(H5N1)	135	3945
HA|PP755589.1|A/cattle/Texas/24-008749-003/2024(H5N1)	136	3957
HA|PP755589.1|A/cattle/Texas/24-008749-003/2024(H5N1)	137	3967
HA|PP755589.1|A/cattle/Texas/24-008749-003/2024(H5N1)	138	3979
HA|PP755589.1|A/cattle/Texas/24-008749-003/2024(H5N1)	139	3994
HA|PP755589.1|A/cattle/Texas/24-008749-003/2024(H5N1)	140	4110
HA|PP755589.1|A/cattle/Texas/24-008749-003/2024(H5N1)	141	4010
HA|PP755589.1|A/cattle/Texas/24-008749-003/2024(H5N1)	142	3981
HA|PP755589.1|A/cattle/Texas/24-008749-003/2024(H5N1)	143	3980
HA|PP755589.1|A/cattle/Texas/24-008749-003/2024(H5N1)	144	3961
HA|PP755589.1|A/cattle/Texas/24-008749-003/2024(H5N1)	145	3899
HA|PP755589.1|A/cattle/Texas/24-008749-003/2024(H5N1)	146	3893
HA|PP755589.1|A/cattle/Texas/24-008749-003/2024(H5N1)	147	3903
HA|PP755589.1|A/cattle/Texas/24-008749-003/2024(H5N1)	148	3857
HA|PP755589.1|A/cattle/Texas/24-008749-003/2024(H5N1)	149	3859
HA|PP755589.1|A/cattle/Texas/24-008749-003/2024(H5N1)	150	3854
HA|PP755589.1|A/cattle/Texas/24-008749-003/2024(H5N1)	151	3853
HA|PP755589.1|A/cattle/Texas/24-008749-003/2024(H5N1)	152	3881
HA|PP755589.1|A/cattle/Texas/24-008749-003/2024(H5N1)	153	3881
HA|PP755589.1|A/cattle/Texas/24-008749-003/2024(H5N1)	154	3869
HA|PP755589.1|A/cattle/Texas/24-008749-003/2024(H5N1)	155	3872
HA|PP755589.1|A/cattle/Texas/24-008749-003/2024(H5N1)	156	3877
HA|PP755589.1|A/cattle/Texas/24-008749-003/2024(H5N1)	157	3891
HA|PP755589.1|A/cattle/Texas/24-008749-003/2024(H5N1)	158	3893
HA|PP755589.1|A/cattle/Texas/24-008749-003/2024(H5N1)	159	3726
HA|PP755589.1|A/cattle/Texas/24-008749-003/2024(H5N1)	160	3727
HA|PP755589.1|A/cattle/Texas/24-008749-003/2024(H5N1)	161	3778
HA|PP755589.1|A/cattle/Texas/24-008749-003/2024(H5N1)	162	3760
HA|PP755589.1|A/cattle/Texas/24-008749-003/2024(H5N1)	163	3784
HA|PP755589.1|A/cattle/Texas/24-008749-003/2024(H5N1)	164	3688
HA|PP755589.1|A/cattle/Texas/24-008749-003/2024(H5N1)	165	3687
HA|PP755589.1|A/cattle/Texas/24-008749-003/2024(H5N1)	166	3683
HA|PP755589.1|A/cattle/Texas/24-008749-003/2024(H5N1)	167	3683
HA|PP755589.1|A/cattle/Texas/24-008749-003/2024(H5N1)	168	3672
HA|PP755589.1|A/cattle/Texas/24-008749-003/2024(H5N1)	169	3665
HA|PP755589.1|A/cattle/Texas/24-008749-003/2024(H5N1)	170	3635
HA|PP755589.1|A/cattle/Texas/24-008749-003/2024(H5N1)	171	3357
HA|PP755589.1|A/cattle/Texas/24-008749-003/2024(H5N1)	172	3348
HA|PP755589.1|A/cattle/Texas/24-008749-003/2024(H5N1)	173	3349
HA|PP755589.1|A/cattle/Texas/24-008749-003/2024(H5N1)	174	3349
HA|PP755589.1|A/cattle/Texas/24-008749-003/2024(H5N1)	175	3423
HA|PP755589.1|A/cattle/Texas/24-008749-003/2024(H5N1)	176	3440
HA|PP755589.1|A/cattle/Texas/24-008749-003/2024(H5N1)	177	3444
HA|PP755589.1|A/cattle/Texas/24-008749-003/2024(H5N1)	178	3847
HA|PP755589.1|A/cattle/Texas/24-008749-003/2024(H5N1)	179	3857
HA|PP755589.1|A/cattle/Texas/24-008749-003/2024(H5N1)	180	3900
HA|PP755589.1|A/cattle/Texas/24-008749-003/2024(H5N1)	181	3908
HA|PP755589.1|A/cattle/Texas/24-008749-003/2024(H5N1)	182	3911
HA|PP755589.1|A/cattle/Texas/24-008749-003/2024(H5N1)	183	3921
HA|PP755589.1|A/cattle/Texas/24-008749-003/2024(H5N1)	184	3907
HA|PP755589.1|A/cattle/Texas/24-008749-003/2024(H5N1)	185	3935
HA|PP755589.1|A/cattle/Texas/24-008749-003/2024(H5N1)	186	3946
HA|PP755589.1|A/cattle/Texas/24-008749-003/2024(H5N1)	187	3946
HA|PP755589.1|A/cattle/Texas/24-008749-003/2024(H5N1)	188	3995
HA|PP755589.1|A/cattle/Texas/24-008749-003/2024(H5N1)	189	3970
HA|PP755589.1|A/cattle/Texas/24-008749-003/2024(H5N1)	190	3844
HA|PP755589.1|A/cattle/Texas/24-008749-003/2024(H5N1)	191	3792
HA|PP755589.1|A/cattle/Texas/24-008749-003/2024(H5N1)	192	3810
HA|PP755589.1|A/cattle/Texas/24-008749-003/2024(H5N1)	193	3814
HA|PP755589.1|A/cattle/Texas/24-008749-003/2024(H5N1)	194	3792
HA|PP755589.1|A/cattle/Texas/24-008749-003/2024(H5N1)	195	3774
HA|PP755589.1|A/cattle/Texas/24-008749-003/2024(H5N1)	196	3774
HA|PP755589.1|A/cattle/Texas/24-008749-003/2024(H5N1)	197	3783
HA|PP755589.1|A/cattle/Texas/24-008749-003/2024(H5N1)	198	3792
HA|PP755589.1|A/cattle/Texas/24-008749-003/2024(H5N1)	199	3821
HA|PP755589.1|A/cattle/Texas/24-008749-003/2024(H5N1)	200	3825
HA|PP755589.1|A/cattle/Texas/24-008749-003/2024(H5N1)	201	3822
HA|PP755589.1|A/cattle/Texas/24-008749-003/2024(H5N1)	202	3821
HA|PP755589.1|A/cattle/Texas/24-008749-003/2024(H5N1)	203	3820
HA|PP755589.1|A/cattle/Texas/24-008749-003/2024(H5N1)	204	3853
HA|PP755589.1|A/cattle/Texas/24-008749-003/2024(H5N1)	205	3718
HA|PP755589.1|A/cattle/Texas/24-008749-003/2024(H5N1)	206	3714
HA|PP755589.1|A/cattle/Texas/24-008749-003/2024(H5N1)	207	3823
HA|PP755589.1|A/cattle/Texas/24-008749-003/2024(H5N1)	208	3864
HA|PP755589.1|A/cattle/Texas/24-008749-003/2024(H5N1)	209	3843
HA|PP755589.1|A/cattle/Texas/24-008749-003/2024(H5N1)	210	3699
HA|PP755589.1|A/cattle/Texas/24-008749-003/2024(H5N1)	211	3692
HA|PP755589.1|A/cattle/Texas/24-008749-003/2024(H5N1)	212	3714
HA|PP755589.1|A/cattle/Texas/24-008749-003/2024(H5N1)	213	3743
HA|PP755589.1|A/cattle/Texas/24-008749-003/2024(H5N1)	214	3821
HA|PP755589.1|A/cattle/Texas/24-008749-003/2024(H5N1)	215	3866
HA|PP755589.1|A/cattle/Texas/24-008749-003/2024(H5N1)	216	3828
HA|PP755589.1|A/cattle/Texas/24-008749-003/2024(H5N1)	217	3835
HA|PP755589.1|A/cattle/Texas/24-008749-003/2024(H5N1)	218	3851
HA|PP755589.1|A/cattle/Texas/24-008749-003/2024(H5N1)	219	3823
HA|PP755589.1|A/cattle/Texas/24-008749-003/2024(H5N1)	220	3825
HA|PP755589.1|A/cattle/Texas/24-008749-003/2024(H5N1)	221	3827
HA|PP755589.1|A/cattle/Texas/24-008749-003/2024(H5N1)	222	3821
HA|PP755589.1|A/cattle/Texas/24-008749-003/2024(H5N1)	223	3825
HA|PP755589.1|A/cattle/Texas/24-008749-003/2024(H5N1)	224	3779
HA|PP755589.1|A/cattle/Texas/24-008749-003/2024(H5N1)	225	3778
HA|PP755589.1|A/cattle/Texas/24-008749-003/2024(H5N1)	226	3896
HA|PP755589.1|A/cattle/Texas/24-008749-003/2024(H5N1)	227	3871
HA|PP755589.1|A/cattle/Texas/24-008749-003/2024(H5N1)	228	3852
HA|PP755589.1|A/cattle/Texas/24-008749-003/2024(H5N1)	229	3719
HA|PP755589.1|A/cattle/Texas/24-008749-003/2024(H5N1)	230	3712
HA|PP755589.1|A/cattle/Texas/24-008749-003/2024(H5N1)	231	3716
HA|PP755589.1|A/cattle/Texas/24-008749-003/2024(H5N1)	232	3689
HA|PP755589.1|A/cattle/Texas/24-008749-003/2024(H5N1)	233	3690
HA|PP755589.1|A/cattle/Texas/24-008749-003/2024(H5N1)	234	3702
HA|PP755589.1|A/cattle/Texas/24-008749-003/2024(H5N1)	235	3704
HA|PP755589.1|A/cattle/Texas/24-008749-003/2024(H5N1)	236	3717
HA|PP755589.1|A/cattle/Texas/24-008749-003/2024(H5N1)	237	3718
HA|PP755589.1|A/cattle/Texas/24-008749-003/2024(H5N1)	238	3728
HA|PP755589.1|A/cattle/Texas/24-008749-003/2024(H5N1)	239	3591
HA|PP755589.1|A/cattle/Texas/24-008749-003/2024(H5N1)	240	3608
HA|PP755589.1|A/cattle/Texas/24-008749-003/2024(H5N1)	241	3619
HA|PP755589.1|A/cattle/Texas/24-008749-003/2024(H5N1)	242	3618
HA|PP755589.1|A/cattle/Texas/24-008749-003/2024(H5N1)	243	3601
HA|PP755589.1|A/cattle/Texas/24-008749-003/2024(H5N1)	244	3561
HA|PP755589.1|A/cattle/Texas/24-008749-003/2024(H5N1)	245	3576
HA|PP755589.1|A/cattle/Texas/24-008749-003/2024(H5N1)	246	3577
HA|PP755589.1|A/cattle/Texas/24-008749-003/2024(H5N1)	247	3603
HA|PP755589.1|A/cattle/Texas/24-008749-003/2024(H5N1)	248	3601
HA|PP755589.1|A/cattle/Texas/24-008749-003/2024(H5N1)	249	3566
HA|PP755589.1|A/cattle/Texas/24-008749-003/2024(H5N1)	250	3543
HA|PP755589.1|A/cattle/Texas/24-008749-003/2024(H5N1)	251	3555
HA|PP755589.1|A/cattle/Texas/24-008749-003/2024(H5N1)	252	3534
HA|PP755589.1|A/cattle/Texas/24-008749-003/2024(H5N1)	253	3557
HA|PP755589.1|A/cattle/Texas/24-008749-003/2024(H5N1)	254	3553
HA|PP755589.1|A/cattle/Texas/24-008749-003/2024(H5N1)	255	3609
HA|PP755589.1|A/cattle/Texas/24-008749-003/2024(H5N1)	256	3612
HA|PP755589.1|A/cattle/Texas/24-008749-003/2024(H5N1)	257	3691
HA|PP755589.1|A/cattle/Texas/24-008749-003/2024(H5N1)	258	3692
HA|PP755589.1|A/cattle/Texas/24-008749-003/2024(H5N1)	259	3690
HA|PP755589.1|A/cattle/Texas/24-008749-003/2024(H5N1)	260	3687
HA|PP755589.1|A/cattle/Texas/24-008749-003/2024(H5N1)	261	3687
HA|PP755589.1|A/cattle/Texas/24-008749-003/2024(H5N1)	262	3675
HA|PP755589.1|A/cattle/Texas/24-008749-003/2024(H5N1)	263	3705
HA|PP755589.1|A/cattle/Texas/24-008749-003/2024(H5N1)	264	3676
HA|PP755589.1|A/cattle/Texas/24-008749-003/2024(H5N1)	265	3743
HA|PP755589.1|A/cattle/Texas/24-008749-003/2024(H5N1)	266	3766
HA|PP755589.1|A/cattle/Texas/24-008749-003/2024(H5N1)	267	3750
HA|PP755589.1|A/cattle/Texas/24-008749-003/2024(H5N1)	268	3747
HA|PP755589.1|A/cattle/Texas/24-008749-003/2024(H5N1)	269	3747
HA|PP755589.1|A/cattle/Texas/24-008749-003/2024(H5N1)	270	3748
HA|PP755589.1|A/cattle/Texas/24-008749-003/2024(H5N1)	271	3765
HA|PP755589.1|A/cattle/Texas/24-008749-003/2024(H5N1)	272	3771
HA|PP755589.1|A/cattle/Texas/24-008749-003/2024(H5N1)	273	3491
HA|PP755589.1|A/cattle/Texas/24-008749-003/2024(H5N1)	274	3427
HA|PP755589.1|A/cattle/Texas/24-008749-003/2024(H5N1)	275	3439
HA|PP755589.1|A/cattle/Texas/24-008749-003/2024(H5N1)	276	3886
HA|PP755589.1|A/cattle/Texas/24-008749-003/2024(H5N1)	277	3897
HA|PP755589.1|A/cattle/Texas/24-008749-003/2024(H5N1)	278	3918
HA|PP755589.1|A/cattle/Texas/24-008749-003/2024(H5N1)	279	3895
HA|PP755589.1|A/cattle/Texas/24-008749-003/2024(H5N1)	280	3885
HA|PP755589.1|A/cattle/Texas/24-008749-003/2024(H5N1)	281	4009
HA|PP755589.1|A/cattle/Texas/24-008749-003/2024(H5N1)	282	3998
HA|PP755589.1|A/cattle/Texas/24-008749-003/2024(H5N1)	283	4015
HA|PP755589.1|A/cattle/Texas/24-008749-003/2024(H5N1)	284	3892
HA|PP755589.1|A/cattle/Texas/24-008749-003/2024(H5N1)	285	3431
HA|PP755589.1|A/cattle/Texas/24-008749-003/2024(H5N1)	286	3440
HA|PP755589.1|A/cattle/Texas/24-008749-003/2024(H5N1)	287	3446
HA|PP755589.1|A/cattle/Texas/24-008749-003/2024(H5N1)	288	3440
HA|PP755589.1|A/cattle/Texas/24-008749-003/2024(H5N1)	289	3474
HA|PP755589.1|A/cattle/Texas/24-008749-003/2024(H5N1)	290	3493
HA|PP755589.1|A/cattle/Texas/24-008749-003/2024(H5N1)	291	3492
HA|PP755589.1|A/cattle/Texas/24-008749-003/2024(H5N1)	292	3477
HA|PP755589.1|A/cattle/Texas/24-008749-003/2024(H5N1)	293	3455
HA|PP755589.1|A/cattle/Texas/24-008749-003/2024(H5N1)	294	3455
HA|PP755589.1|A/cattle/Texas/24-008749-003/2024(H5N1)	295	3442
HA|PP755589.1|A/cattle/Texas/24-008749-003/2024(H5N1)	296	3227
HA|PP755589.1|A/cattle/Texas/24-008749-003/2024(H5N1)	297	3215
HA|PP755589.1|A/cattle/Texas/24-008749-003/2024(H5N1)	298	3225
HA|PP755589.1|A/cattle/Texas/24-008749-003/2024(H5N1)	299	3400
HA|PP755589.1|A/cattle/Texas/24-008749-003/2024(H5N1)	300	3403
HA|PP755589.1|A/cattle/Texas/24-008749-003/2024(H5N1)	301	3644
HA|PP755589.1|A/cattle/Texas/24-008749-003/2024(H5N1)	302	3647
HA|PP755589.1|A/cattle/Texas/24-008749-003/2024(H5N1)	303	3648
HA|PP755589.1|A/cattle/Texas/24-008749-003/2024(H5N1)	304	3710
HA|PP755589.1|A/cattle/Texas/24-008749-003/2024(H5N1)	305	3795
HA|PP755589.1|A/cattle/Texas/24-008749-003/2024(H5N1)	306	3796
HA|PP755589.1|A/cattle/Texas/24-008749-003/2024(H5N1)	307	3809
HA|PP755589.1|A/cattle/Texas/24-008749-003/2024(H5N1)	308	3812
HA|PP755589.1|A/cattle/Texas/24-008749-003/2024(H5N1)	309	3838
HA|PP755589.1|A/cattle/Texas/24-008749-003/2024(H5N1)	310	3854
HA|PP755589.1|A/cattle/Texas/24-008749-003/2024(H5N1)	311	3991
HA|PP755589.1|A/cattle/Texas/24-008749-003/2024(H5N1)	312	3970
HA|PP755589.1|A/cattle/Texas/24-008749-003/2024(H5N1)	313	3946
HA|PP755589.1|A/cattle/Texas/24-008749-003/2024(H5N1)	314	4047
HA|PP755589.1|A/cattle/Texas/24-008749-003/2024(H5N1)	315	4202
HA|PP755589.1|A/cattle/Texas/24-008749-003/2024(H5N1)	316	4208
HA|PP755589.1|A/cattle/Texas/24-008749-003/2024(H5N1)	317	4230
HA|PP755589.1|A/cattle/Texas/24-008749-003/2024(H5N1)	318	4237
HA|PP755589.1|A/cattle/Texas/24-008749-003/2024(H5N1)	319	4254
HA|PP755589.1|A/cattle/Texas/24-008749-003/2024(H5N1)	320	4281
HA|PP755589.1|A/cattle/Texas/24-008749-003/2024(H5N1)	321	4276
HA|PP755589.1|A/cattle/Texas/24-008749-003/2024(H5N1)	322	4278
HA|PP755589.1|A/cattle/Texas/24-008749-003/2024(H5N1)	323	4223
HA|PP755589.1|A/cattle/Texas/24-008749-003/2024(H5N1)	324	4046
HA|PP755589.1|A/cattle/Texas/24-008749-003/2024(H5N1)	325	4050
HA|PP755589.1|A/cattle/Texas/24-008749-003/2024(H5N1)	326	3984
HA|PP755589.1|A/cattle/Texas/24-008749-003/2024(H5N1)	327	3983
HA|PP755589.1|A/cattle/Texas/24-008749-003/2024(H5N1)	328	3950
HA|PP755589.1|A/cattle/Texas/24-008749-003/2024(H5N1)	329	3961
HA|PP755589.1|A/cattle/Texas/24-008749-003/2024(H5N1)	330	3931
HA|PP755589.1|A/cattle/Texas/24-008749-003/2024(H5N1)	331	3943
HA|PP755589.1|A/cattle/Texas/24-008749-003/2024(H5N1)	332	3943
HA|PP755589.1|A/cattle/Texas/24-008749-003/2024(H5N1)	333	3954
HA|PP755589.1|A/cattle/Texas/24-008749-003/2024(H5N1)	334	3951
HA|PP755589.1|A/cattle/Texas/24-008749-003/2024(H5N1)	335	3943
HA|PP755589.1|A/cattle/Texas/24-008749-003/2024(H5N1)	336	3909
HA|PP755589.1|A/cattle/Texas/24-008749-003/2024(H5N1)	337	3894
HA|PP755589.1|A/cattle/Texas/24-008749-003/2024(H5N1)	338	3859
HA|PP755589.1|A/cattle/Texas/24-008749-003/2024(H5N1)	339	3862
HA|PP755589.1|A/cattle/Texas/24-008749-003/2024(H5N1)	340	3867
HA|PP755589.1|A/cattle/Texas/24-008749-003/2024(H5N1)	341	3875
HA|PP755589.1|A/cattle/Texas/24-008749-003/2024(H5N1)	342	3869
HA|PP755589.1|A/cattle/Texas/24-008749-003/2024(H5N1)	343	3870
HA|PP755589.1|A/cattle/Texas/24-008749-003/2024(H5N1)	344	3876
HA|PP755589.1|A/cattle/Texas/24-008749-003/2024(H5N1)	345	3874
HA|PP755589.1|A/cattle/Texas/24-008749-003/2024(H5N1)	346	3903
HA|PP755589.1|A/cattle/Texas/24-008749-003/2024(H5N1)	347	3965
HA|PP755589.1|A/cattle/Texas/24-008749-003/2024(H5N1)	348	3968
HA|PP755589.1|A/cattle/Texas/24-008749-003/2024(H5N1)	349	3972
HA|PP755589.1|A/cattle/Texas/24-008749-003/2024(H5N1)	350	3950
HA|PP755589.1|A/cattle/Texas/24-008749-003/2024(H5N1)	351	3955
HA|PP755589.1|A/cattle/Texas/24-008749-003/2024(H5N1)	352	3974
HA|PP755589.1|A/cattle/Texas/24-008749-003/2024(H5N1)	353	3984
HA|PP755589.1|A/cattle/Texas/24-008749-003/2024(H5N1)	354	3984
HA|PP755589.1|A/cattle/Texas/24-008749-003/2024(H5N1)	355	3966
HA|PP755589.1|A/cattle/Texas/24-008749-003/2024(H5N1)	356	3961
HA|PP755589.1|A/cattle/Texas/24-008749-003/2024(H5N1)	357	3890
HA|PP755589.1|A/cattle/Texas/24-008749-003/2024(H5N1)	358	3801
HA|PP755589.1|A/cattle/Texas/24-008749-003/2024(H5N1)	359	3791
HA|PP755589.1|A/cattle/Texas/24-008749-003/2024(H5N1)	360	3815
HA|PP755589.1|A/cattle/Texas/24-008749-003/2024(H5N1)	361	3819
HA|PP755589.1|A/cattle/Texas/24-008749-003/2024(H5N1)	362	3822
HA|PP755589.1|A/cattle/Texas/24-008749-003/2024(H5N1)	363	3818
HA|PP755589.1|A/cattle/Texas/24-008749-003/2024(H5N1)	364	3788
HA|PP755589.1|A/cattle/Texas/24-008749-003/2024(H5N1)	365	3787
HA|PP755589.1|A/cattle/Texas/24-008749-003/2024(H5N1)	366	3782
HA|PP755589.1|A/cattle/Texas/24-008749-003/2024(H5N1)	367	3745
HA|PP755589.1|A/cattle/Texas/24-008749-003/2024(H5N1)	368	3876
HA|PP755589.1|A/cattle/Texas/24-008749-003/2024(H5N1)	369	3856
HA|PP755589.1|A/cattle/Texas/24-008749-003/2024(H5N1)	370	3982
HA|PP755589.1|A/cattle/Texas/24-008749-003/2024(H5N1)	371	3992
HA|PP755589.1|A/cattle/Texas/24-008749-003/2024(H5N1)	372	3964
HA|PP755589.1|A/cattle/Texas/24-008749-003/2024(H5N1)	373	3961
HA|PP755589.1|A/cattle/Texas/24-008749-003/2024(H5N1)	374	3984
HA|PP755589.1|A/cattle/Texas/24-008749-003/2024(H5N1)	375	3983
HA|PP755589.1|A/cattle/Texas/24-008749-003/2024(H5N1)	376	3983
HA|PP755589.1|A/cattle/Texas/24-008749-003/2024(H5N1)	377	3871
HA|PP755589.1|A/cattle/Texas/24-008749-003/2024(H5N1)	378	3860
HA|PP755589.1|A/cattle/Texas/24-008749-003/2024(H5N1)	379	3877
HA|PP755589.1|A/cattle/Texas/24-008749-003/2024(H5N1)	380	3877
HA|PP755589.1|A/cattle/Texas/24-008749-003/2024(H5N1)	381	3884
HA|PP755589.1|A/cattle/Texas/24-008749-003/2024(H5N1)	382	3889
HA|PP755589.1|A/cattle/Texas/24-008749-003/2024(H5N1)	383	3928
HA|PP755589.1|A/cattle/Texas/24-008749-003/2024(H5N1)	384	3927
HA|PP755589.1|A/cattle/Texas/24-008749-003/2024(H5N1)	385	3930
HA|PP755589.1|A/cattle/Texas/24-008749-003/2024(H5N1)	386	3925
HA|PP755589.1|A/cattle/Texas/24-008749-003/2024(H5N1)	387	3940
HA|PP755589.1|A/cattle/Texas/24-008749-003/2024(H5N1)	388	4002
HA|PP755589.1|A/cattle/Texas/24-008749-003/2024(H5N1)	389	3982
HA|PP755589.1|A/cattle/Texas/24-008749-003/2024(H5N1)	390	3983
HA|PP755589.1|A/cattle/Texas/24-008749-003/2024(H5N1)	391	3950
HA|PP755589.1|A/cattle/Texas/24-008749-003/2024(H5N1)	392	3931
HA|PP755589.1|A/cattle/Texas/24-008749-003/2024(H5N1)	393	3948
HA|PP755589.1|A/cattle/Texas/24-008749-003/2024(H5N1)	394	4059
HA|PP755589.1|A/cattle/Texas/24-008749-003/2024(H5N1)	395	4039
HA|PP755589.1|A/cattle/Texas/24-008749-003/2024(H5N1)	396	4023
HA|PP755589.1|A/cattle/Texas/24-008749-003/2024(H5N1)	397	4005
HA|PP755589.1|A/cattle/Texas/24-008749-003/2024(H5N1)	398	4205
HA|PP755589.1|A/cattle/Texas/24-008749-003/2024(H5N1)	399	4277
HA|PP755589.1|A/cattle/Texas/24-008749-003/2024(H5N1)	400	4285
HA|PP755589.1|A/cattle/Texas/24-008749-003/2024(H5N1)	401	4287
HA|PP755589.1|A/cattle/Texas/24-008749-003/2024(H5N1)	402	4293
HA|PP755589.1|A/cattle/Texas/24-008749-003/2024(H5N1)	403	4302
HA|PP755589.1|A/cattle/Texas/24-008749-003/2024(H5N1)	404	4284
HA|PP755589.1|A/cattle/Texas/24-008749-003/2024(H5N1)	405	4288
HA|PP755589.1|A/cattle/Texas/24-008749-003/2024(H5N1)	406	4230
HA|PP755589.1|A/cattle/Texas/24-008749-003/2024(H5N1)	407	4231
HA|PP755589.1|A/cattle/Texas/24-008749-003/2024(H5N1)	408	4149
HA|PP755589.1|A/cattle/Texas/24-008749-003/2024(H5N1)	409	4140
HA|PP755589.1|A/cattle/Texas/24-008749-003/2024(H5N1)	410	4140
HA|PP755589.1|A/cattle/Texas/24-008749-003/2024(H5N1)	411	4099
HA|PP755589.1|A/cattle/Texas/24-008749-003/2024(H5N1)	412	4102
HA|PP755589.1|A/cattle/Texas/24-008749-003/2024(H5N1)	413	4122
HA|PP755589.1|A/cattle/Texas/24-008749-003/2024(H5N1)	414	4128
HA|PP755589.1|A/cattle/Texas/24-008749-003/2024(H5N1)	415	4057
HA|PP755589.1|A/cattle/Texas/24-008749-003/2024(H5N1)	416	4047
HA|PP755589.1|A/cattle/Texas/24-008749-003/2024(H5N1)	417	4048
HA|PP755589.1|A/cattle/Texas/24-008749-003/2024(H5N1)	418	4050
HA|PP755589.1|A/cattle/Texas/24-008749-003/2024(H5N1)	419	4111
HA|PP755589.1|A/cattle/Texas/24-008749-003/2024(H5N1)	420	4138
HA|PP755589.1|A/cattle/Texas/24-008749-003/2024(H5N1)	421	4284
HA|PP755589.1|A/cattle/Texas/24-008749-003/2024(H5N1)	422	4272
HA|PP755589.1|A/cattle/Texas/24-008749-003/2024(H5N1)	423	4304
HA|PP755589.1|A/cattle/Texas/24-008749-003/2024(H5N1)	424	4304
HA|PP755589.1|A/cattle/Texas/24-008749-003/2024(H5N1)	425	4312
HA|PP755589.1|A/cattle/Texas/24-008749-003/2024(H5N1)	426	4317
HA|PP755589.1|A/cattle/Texas/24-008749-003/2024(H5N1)	427	3888
HA|PP755589.1|A/cattle/Texas/24-008749-003/2024(H5N1)	428	3890
HA|PP755589.1|A/cattle/Texas/24-008749-003/2024(H5N1)	429	3918
HA|PP755589.1|A/cattle/Texas/24-008749-003/2024(H5N1)	430	3928
HA|PP755589.1|A/cattle/Texas/24-008749-003/2024(H5N1)	431	4091
HA|PP755589.1|A/cattle/Texas/24-008749-003/2024(H5N1)	432	4091
HA|PP755589.1|A/cattle/Texas/24-008749-003/2024(H5N1)	433	4119
HA|PP755589.1|A/cattle/Texas/24-008749-003/2024(H5N1)	434	4112
HA|PP755589.1|A/cattle/Texas/24-008749-003/2024(H5N1)	435	4109
HA|PP755589.1|A/cattle/Texas/24-008749-003/2024(H5N1)	436	4126
HA|PP755589.1|A/cattle/Texas/24-008749-003/2024(H5N1)	437	4149
HA|PP755589.1|A/cattle/Texas/24-008749-003/2024(H5N1)	438	4206
HA|PP755589.1|A/cattle/Texas/24-008749-003/2024(H5N1)	439	4203
HA|PP755589.1|A/cattle/Texas/24-008749-003/2024(H5N1)	440	4000
HA|PP755589.1|A/cattle/Texas/24-008749-003/2024(H5N1)	441	4028
HA|PP755589.1|A/cattle/Texas/24-008749-003/2024(H5N1)	442	3982
HA|PP755589.1|A/cattle/Texas/24-008749-003/2024(H5N1)	443	3994
HA|PP755589.1|A/cattle/Texas/24-008749-003/2024(H5N1)	444	3958
HA|PP755589.1|A/cattle/Texas/24-008749-003/2024(H5N1)	445	3926
HA|PP755589.1|A/cattle/Texas/24-008749-003/2024(H5N1)	446	3976
HA|PP755589.1|A/cattle/Texas/24-008749-003/2024(H5N1)	447	3925
HA|PP755589.1|A/cattle/Texas/24-008749-003/2024(H5N1)	448	3928
HA|PP755589.1|A/cattle/Texas/24-008749-003/2024(H5N1)	449	3829
HA|PP755589.1|A/cattle/Texas/24-008749-003/2024(H5N1)	450	3815
HA|PP755589.1|A/cattle/Texas/24-008749-003/2024(H5N1)	451	3836
HA|PP755589.1|A/cattle/Texas/24-008749-003/2024(H5N1)	452	4001
HA|PP755589.1|A/cattle/Texas/24-008749-003/2024(H5N1)	453	4020
HA|PP755589.1|A/cattle/Texas/24-008749-003/2024(H5N1)	454	4077
HA|PP755589.1|A/cattle/Texas/24-008749-003/2024(H5N1)	455	4008
HA|PP755589.1|A/cattle/Texas/24-008749-003/2024(H5N1)	456	4126
HA|PP755589.1|A/cattle/Texas/24-008749-003/2024(H5N1)	457	4148
HA|PP755589.1|A/cattle/Texas/24-008749-003/2024(H5N1)	458	4154
HA|PP755589.1|A/cattle/Texas/24-008749-003/2024(H5N1)	459	4174
HA|PP755589.1|A/cattle/Texas/24-008749-003/2024(H5N1)	460	4131
HA|PP755589.1|A/cattle/Texas/24-008749-003/2024(H5N1)	461	3992
HA|PP755589.1|A/cattle/Texas/24-008749-003/2024(H5N1)	462	3996
HA|PP755589.1|A/cattle/Texas/24-008749-003/2024(H5N1)	463	3993
HA|PP755589.1|A/cattle/Texas/24-008749-003/2024(H5N1)	464	3991
HA|PP755589.1|A/cattle/Texas/24-008749-003/2024(H5N1)	465	3863
HA|PP755589.1|A/cattle/Texas/24-008749-003/2024(H5N1)	466	3705
HA|PP755589.1|A/cattle/Texas/24-008749-003/2024(H5N1)	467	3719
HA|PP755589.1|A/cattle/Texas/24-008749-003/2024(H5N1)	468	3709
HA|PP755589.1|A/cattle/Texas/24-008749-003/2024(H5N1)	469	3695
HA|PP755589.1|A/cattle/Texas/24-008749-003/2024(H5N1)	470	3655
HA|PP755589.1|A/cattle/Texas/24-008749-003/2024(H5N1)	471	3650
HA|PP755589.1|A/cattle/Texas/24-008749-003/2024(H5N1)	472	3643
HA|PP755589.1|A/cattle/Texas/24-008749-003/2024(H5N1)	473	3646
HA|PP755589.1|A/cattle/Texas/24-008749-003/2024(H5N1)	474	3644
HA|PP755589.1|A/cattle/Texas/24-008749-003/2024(H5N1)	475	3624
HA|PP755589.1|A/cattle/Texas/24-008749-003/2024(H5N1)	476	3652
HA|PP755589.1|A/cattle/Texas/24-008749-003/2024(H5N1)	477	3652
HA|PP755589.1|A/cattle/Texas/24-008749-003/2024(H5N1)	478	3657
HA|PP755589.1|A/cattle/Texas/24-008749-003/2024(H5N1)	479	3664
HA|PP755589.1|A/cattle/Texas/24-008749-003/2024(H5N1)	480	3605
HA|PP755589.1|A/cattle/Texas/24-008749-003/2024(H5N1)	481	3599
HA|PP755589.1|A/cattle/Texas/24-008749-003/2024(H5N1)	482	3621
HA|PP755589.1|A/cattle/Texas/24-008749-003/2024(H5N1)	483	3621
HA|PP755589.1|A/cattle/Texas/24-008749-003/2024(H5N1)	484	3626
HA|PP755589.1|A/cattle/Texas/24-008749-003/2024(H5N1)	485	3633
HA|PP755589.1|A/cattle/Texas/24-008749-003/2024(H5N1)	486	3631
HA|PP755589.1|A/cattle/Texas/24-008749-003/2024(H5N1)	487	3667
HA|PP755589.1|A/cattle/Texas/24-008749-003/2024(H5N1)	488	3657
HA|PP755589.1|A/cattle/Texas/24-008749-003/2024(H5N1)	489	3672
HA|PP755589.1|A/cattle/Texas/24-008749-003/2024(H5N1)	490	3689
HA|PP755589.1|A/cattle/Texas/24-008749-003/2024(H5N1)	491	3673
HA|PP755589.1|A/cattle/Texas/24-008749-003/2024(H5N1)	492	3665
HA|PP755589.1|A/cattle/Texas/24-008749-003/2024(H5N1)	493	3685
HA|PP755589.1|A/cattle/Texas/24-008749-003/2024(H5N1)	494	3683
HA|PP755589.1|A/cattle/Texas/24-008749-003/2024(H5N1)	495	3701
HA|PP755589.1|A/cattle/Texas/24-008749-003/2024(H5N1)	496	3661
HA|PP755589.1|A/cattle/Texas/24-008749-003/2024(H5N1)	497	3670
HA|PP755589.1|A/cattle/Texas/24-008749-003/2024(H5N1)	498	3647
HA|PP755589.1|A/cattle/Texas/24-008749-003/2024(H5N1)	499	3644
HA|PP755589.1|A/cattle/Texas/24-008749-003/2024(H5N1)	500	3628
HA|PP755589.1|A/cattle/Texas/24-008749-003/2024(H5N1)	501	3622
HA|PP755589.1|A/cattle/Texas/24-008749-003/2024(H5N1)	502	3624
HA|PP755589.1|A/cattle/Texas/24-008749-003/2024(H5N1)	503	3624
HA|PP755589.1|A/cattle/Texas/24-008749-003/2024(H5N1)	504	3619
HA|PP755589.1|A/cattle/Texas/24-008749-003/2024(H5N1)	505	3621
HA|PP755589.1|A/cattle/Texas/24-008749-003/2024(H5N1)	506	3598
HA|PP755589.1|A/cattle/Texas/24-008749-003/2024(H5N1)	507	3616
HA|PP755589.1|A/cattle/Texas/24-008749-003/2024(H5N1)	508	3582
HA|PP755589.1|A/cattle/Texas/24-008749-003/2024(H5N1)	509	3580
HA|PP755589.1|A/cattle/Texas/24-008749-003/2024(H5N1)	510	3563
HA|PP755589.1|A/cattle/Texas/24-008749-003/2024(H5N1)	511	3569
HA|PP755589.1|A/cattle/Texas/24-008749-003/2024(H5N1)	512	3705
HA|PP755589.1|A/cattle/Texas/24-008749-003/2024(H5N1)	513	3705
HA|PP755589.1|A/cattle/Texas/24-008749-003/2024(H5N1)	514	3695
HA|PP755589.1|A/cattle/Texas/24-008749-003/2024(H5N1)	515	3686
HA|PP755589.1|A/cattle/Texas/24-008749-003/2024(H5N1)	516	3697
HA|PP755589.1|A/cattle/Texas/24-008749-003/2024(H5N1)	517	3783
HA|PP755589.1|A/cattle/Texas/24-008749-003/2024(H5N1)	518	3784
HA|PP755589.1|A/cattle/Texas/24-008749-003/2024(H5N1)	519	3683
HA|PP755589.1|A/cattle/Texas/24-008749-003/2024(H5N1)	520	3663
HA|PP755589.1|A/cattle/Texas/24-008749-003/2024(H5N1)	521	3549
HA|PP755589.1|A/cattle/Texas/24-008749-003/2024(H5N1)	522	3562
HA|PP755589.1|A/cattle/Texas/24-008749-003/2024(H5N1)	523	3568
HA|PP755589.1|A/cattle/Texas/24-008749-003/2024(H5N1)	524	3708
HA|PP755589.1|A/cattle/Texas/24-008749-003/2024(H5N1)	525	3676
HA|PP755589.1|A/cattle/Texas/24-008749-003/2024(H5N1)	526	3689
HA|PP755589.1|A/cattle/Texas/24-008749-003/2024(H5N1)	527	3702
HA|PP755589.1|A/cattle/Texas/24-008749-003/2024(H5N1)	528	3671
HA|PP755589.1|A/cattle/Texas/24-008749-003/2024(H5N1)	529	3718
HA|PP755589.1|A/cattle/Texas/24-008749-003/2024(H5N1)	530	3713
HA|PP755589.1|A/cattle/Texas/24-008749-003/2024(H5N1)	531	3729
HA|PP755589.1|A/cattle/Texas/24-008749-003/2024(H5N1)	532	3724
HA|PP755589.1|A/cattle/Texas/24-008749-003/2024(H5N1)	533	3668
HA|PP755589.1|A/cattle/Texas/24-008749-003/2024(H5N1)	534	3673
HA|PP755589.1|A/cattle/Texas/24-008749-003/2024(H5N1)	535	3732
HA|PP755589.1|A/cattle/Texas/24-008749-003/2024(H5N1)	536	3799
HA|PP755589.1|A/cattle/Texas/24-008749-003/2024(H5N1)	537	3754
HA|PP755589.1|A/cattle/Texas/24-008749-003/2024(H5N1)	538	3753
HA|PP755589.1|A/cattle/Texas/24-008749-003/2024(H5N1)	539	3761
HA|PP755589.1|A/cattle/Texas/24-008749-003/2024(H5N1)	540	3967
HA|PP755589.1|A/cattle/Texas/24-008749-003/2024(H5N1)	541	3964
HA|PP755589.1|A/cattle/Texas/24-008749-003/2024(H5N1)	542	3967
HA|PP755589.1|A/cattle/Texas/24-008749-003/2024(H5N1)	543	3968
HA|PP755589.1|A/cattle/Texas/24-008749-003/2024(H5N1)	544	3859
HA|PP755589.1|A/cattle/Texas/24-008749-003/2024(H5N1)	545	3860
HA|PP755589.1|A/cattle/Texas/24-008749-003/2024(H5N1)	546	3852
HA|PP755589.1|A/cattle/Texas/24-008749-003/2024(H5N1)	547	3857
HA|PP755589.1|A/cattle/Texas/24-008749-003/2024(H5N1)	548	3818
HA|PP755589.1|A/cattle/Texas/24-008749-003/2024(H5N1)	549	3618
HA|PP755589.1|A/cattle/Texas/24-008749-003/2024(H5N1)	550	3627
HA|PP755589.1|A/cattle/Texas/24-008749-003/2024(H5N1)	551	3643
HA|PP755589.1|A/cattle/Texas/24-008749-003/2024(H5N1)	552	3646
HA|PP755589.1|A/cattle/Texas/24-008749-003/2024(H5N1)	553	3635
HA|PP755589.1|A/cattle/Texas/24-008749-003/2024(H5N1)	554	3627
HA|PP755589.1|A/cattle/Texas/24-008749-003/2024(H5N1)	555	3659
HA|PP755589.1|A/cattle/Texas/24-008749-003/2024(H5N1)	556	3694
HA|PP755589.1|A/cattle/Texas/24-008749-003/2024(H5N1)	557	3698
HA|PP755589.1|A/cattle/Texas/24-008749-003/2024(H5N1)	558	3687
HA|PP755589.1|A/cattle/Texas/24-008749-003/2024(H5N1)	559	3714
HA|PP755589.1|A/cattle/Texas/24-008749-003/2024(H5N1)	560	3728
HA|PP755589.1|A/cattle/Texas/24-008749-003/2024(H5N1)	561	3791
HA|PP755589.1|A/cattle/Texas/24-008749-003/2024(H5N1)	562	3844
HA|PP755589.1|A/cattle/Texas/24-008749-003/2024(H5N1)	563	3906
HA|PP755589.1|A/cattle/Texas/24-008749-003/2024(H5N1)	564	3982
HA|PP755589.1|A/cattle/Texas/24-008749-003/2024(H5N1)	565	3973
HA|PP755589.1|A/cattle/Texas/24-008749-003/2024(H5N1)	566	3979
HA|PP755589.1|A/cattle/Texas/24-008749-003/2024(H5N1)	567	3986
HA|PP755589.1|A/cattle/Texas/24-008749-003/2024(H5N1)	568	4000
HA|PP755589.1|A/cattle/Texas/24-008749-003/2024(H5N1)	569	3999
HA|PP755589.1|A/cattle/Texas/24-008749-003/2024(H5N1)	570	3962
HA|PP755589.1|A/cattle/Texas/24-008749-003/2024(H5N1)	571	3968
HA|PP755589.1|A/cattle/Texas/24-008749-003/2024(H5N1)	572	3921
HA|PP755589.1|A/cattle/Texas/24-008749-003/2024(H5N1)	573	4048
HA|PP755589.1|A/cattle/Texas/24-008749-003/2024(H5N1)	574	4053
HA|PP755589.1|A/cattle/Texas/24-008749-003/2024(H5N1)	575	4055
HA|PP755589.1|A/cattle/Texas/24-008749-003/2024(H5N1)	576	4056
HA|PP755589.1|A/cattle/Texas/24-008749-003/2024(H5N1)	577	4036
HA|PP755589.1|A/cattle/Texas/24-008749-003/2024(H5N1)	578	4109
HA|PP755589.1|A/cattle/Texas/24-008749-003/2024(H5N1)	579	4074
HA|PP755589.1|A/cattle/Texas/24-008749-003/2024(H5N1)	580	4076
HA|PP755589.1|A/cattle/Texas/24-008749-003/2024(H5N1)	581	4060
HA|PP755589.1|A/cattle/Texas/24-008749-003/2024(H5N1)	582	3798
HA|PP755589.1|A/cattle/Texas/24-008749-003/2024(H5N1)	583	3758
HA|PP755589.1|A/cattle/Texas/24-008749-003/2024(H5N1)	584	3755
HA|PP755589.1|A/cattle/Texas/24-008749-003/2024(H5N1)	585	3845
HA|PP755589.1|A/cattle/Texas/24-008749-003/2024(H5N1)	586	3825
HA|PP755589.1|A/cattle/Texas/24-008749-003/2024(H5N1)	587	3773
HA|PP755589.1|A/cattle/Texas/24-008749-003/2024(H5N1)	588	3814
HA|PP755589.1|A/cattle/Texas/24-008749-003/2024(H5N1)	589	3764
HA|PP755589.1|A/cattle/Texas/24-008749-003/2024(H5N1)	590	3891
HA|PP755589.1|A/cattle/Texas/24-008749-003/2024(H5N1)	591	3886
HA|PP755589.1|A/cattle/Texas/24-008749-003/2024(H5N1)	592	3877
HA|PP755589.1|A/cattle/Texas/24-008749-003/2024(H5N1)	593	3878
HA|PP755589.1|A/cattle/Texas/24-008749-003/2024(H5N1)	594	3893
HA|PP755589.1|A/cattle/Texas/24-008749-003/2024(H5N1)	595	3868
HA|PP755589.1|A/cattle/Texas/24-008749-003/2024(H5N1)	596	4007
HA|PP755589.1|A/cattle/Texas/24-008749-003/2024(H5N1)	597	3913
HA|PP755589.1|A/cattle/Texas/24-008749-003/2024(H5N1)	598	3921
HA|PP755589.1|A/cattle/Texas/24-008749-003/2024(H5N1)	599	3925
HA|PP755589.1|A/cattle/Texas/24-008749-003/2024(H5N1)	600	3901
HA|PP755589.1|A/cattle/Texas/24-008749-003/2024(H5N1)	601	3915
HA|PP755589.1|A/cattle/Texas/24-008749-003/2024(H5N1)	602	3953
HA|PP755589.1|A/cattle/Texas/24-008749-003/2024(H5N1)	603	3782
HA|PP755589.1|A/cattle/Texas/24-008749-003/2024(H5N1)	604	3807
HA|PP755589.1|A/cattle/Texas/24-008749-003/2024(H5N1)	605	3684
HA|PP755589.1|A/cattle/Texas/24-008749-003/2024(H5N1)	606	3690
HA|PP755589.1|A/cattle/Texas/24-008749-003/2024(H5N1)	607	3556
HA|PP755589.1|A/cattle/Texas/24-008749-003/2024(H5N1)	608	3560
HA|PP755589.1|A/cattle/Texas/24-008749-003/2024(H5N1)	609	3576
HA|PP755589.1|A/cattle/Texas/24-008749-003/2024(H5N1)	610	3571
HA|PP755589.1|A/cattle/Texas/24-008749-003/2024(H5N1)	611	3599
HA|PP755589.1|A/cattle/Texas/24-008749-003/2024(H5N1)	612	3605
HA|PP755589.1|A/cattle/Texas/24-008749-003/2024(H5N1)	613	3596
HA|PP755589.1|A/cattle/Texas/24-008749-003/2024(H5N1)	614	3596
HA|PP755589.1|A/cattle/Texas/24-008749-003/2024(H5N1)	615	3598
HA|PP755589.1|A/cattle/Texas/24-008749-003/2024(H5N1)	616	3706
HA|PP755589.1|A/cattle/Texas/24-008749-003/2024(H5N1)	617	3686
HA|PP755589.1|A/cattle/Texas/24-008749-003/2024(H5N1)	618	3677
HA|PP755589.1|A/cattle/Texas/24-008749-003/2024(H5N1)	619	3671
HA|PP755589.1|A/cattle/Texas/24-008749-003/2024(H5N1)	620	3694
HA|PP755589.1|A/cattle/Texas/24-008749-003/2024(H5N1)	621	3690
HA|PP755589.1|A/cattle/Texas/24-008749-003/2024(H5N1)	622	3693
HA|PP755589.1|A/cattle/Texas/24-008749-003/2024(H5N1)	623	3693
HA|PP755589.1|A/cattle/Texas/24-008749-003/2024(H5N1)	624	3704
HA|PP755589.1|A/cattle/Texas/24-008749-003/2024(H5N1)	625	3706
HA|PP755589.1|A/cattle/Texas/24-008749-003/2024(H5N1)	626	3733
HA|PP755589.1|A/cattle/Texas/24-008749-003/2024(H5N1)	627	3728
HA|PP755589.1|A/cattle/Texas/24-008749-003/2024(H5N1)	628	3723
HA|PP755589.1|A/cattle/Texas/24-008749-003/2024(H5N1)	629	3713
HA|PP755589.1|A/cattle/Texas/24-008749-003/2024(H5N1)	630	3705
HA|PP755589.1|A/cattle/Texas/24-008749-003/2024(H5N1)	631	3719
HA|PP755589.1|A/cattle/Texas/24-008749-003/2024(H5N1)	632	3723
HA|PP755589.1|A/cattle/Texas/24-008749-003/2024(H5N1)	633	3740
HA|PP755589.1|A/cattle/Texas/24-008749-003/2024(H5N1)	634	3761
HA|PP755589.1|A/cattle/Texas/24-008749-003/2024(H5N1)	635	3790
HA|PP755589.1|A/cattle/Texas/24-008749-003/2024(H5N1)	636	3766
HA|PP755589.1|A/cattle/Texas/24-008749-003/2024(H5N1)	637	3769
HA|PP755589.1|A/cattle/Texas/24-008749-003/2024(H5N1)	638	3813
HA|PP755589.1|A/cattle/Texas/24-008749-003/2024(H5N1)	639	3807
HA|PP755589.1|A/cattle/Texas/24-008749-003/2024(H5N1)	640	3787
HA|PP755589.1|A/cattle/Texas/24-008749-003/2024(H5N1)	641	3793
HA|PP755589.1|A/cattle/Texas/24-008749-003/2024(H5N1)	642	3776
HA|PP755589.1|A/cattle/Texas/24-008749-003/2024(H5N1)	643	3764
HA|PP755589.1|A/cattle/Texas/24-008749-003/2024(H5N1)	644	3735
HA|PP755589.1|A/cattle/Texas/24-008749-003/2024(H5N1)	645	3724
HA|PP755589.1|A/cattle/Texas/24-008749-003/2024(H5N1)	646	3731
HA|PP755589.1|A/cattle/Texas/24-008749-003/2024(H5N1)	647	3698
HA|PP755589.1|A/cattle/Texas/24-008749-003/2024(H5N1)	648	3676
HA|PP755589.1|A/cattle/Texas/24-008749-003/2024(H5N1)	649	3678
HA|PP755589.1|A/cattle/Texas/24-008749-003/2024(H5N1)	650	3683
HA|PP755589.1|A/cattle/Texas/24-008749-003/2024(H5N1)	651	3815
HA|PP755589.1|A/cattle/Texas/24-008749-003/2024(H5N1)	652	3854
HA|PP755589.1|A/cattle/Texas/24-008749-003/2024(H5N1)	653	3869
HA|PP755589.1|A/cattle/Texas/24-008749-003/2024(H5N1)	654	3875
HA|PP755589.1|A/cattle/Texas/24-008749-003/2024(H5N1)	655	3875
HA|PP755589.1|A/cattle/Texas/24-008749-003/2024(H5N1)	656	3899
HA|PP755589.1|A/cattle/Texas/24-008749-003/2024(H5N1)	657	3952
HA|PP755589.1|A/cattle/Texas/24-008749-003/2024(H5N1)	658	3990
HA|PP755589.1|A/cattle/Texas/24-008749-003/2024(H5N1)	659	4077
HA|PP755589.1|A/cattle/Texas/24-008749-003/2024(H5N1)	660	4050
HA|PP755589.1|A/cattle/Texas/24-008749-003/2024(H5N1)	661	4051
HA|PP755589.1|A/cattle/Texas/24-008749-003/2024(H5N1)	662	4022
HA|PP755589.1|A/cattle/Texas/24-008749-003/2024(H5N1)	663	3919
HA|PP755589.1|A/cattle/Texas/24-008749-003/2024(H5N1)	664	3957
HA|PP755589.1|A/cattle/Texas/24-008749-003/2024(H5N1)	665	3977
HA|PP755589.1|A/cattle/Texas/24-008749-003/2024(H5N1)	666	3986
HA|PP755589.1|A/cattle/Texas/24-008749-003/2024(H5N1)	667	3957
HA|PP755589.1|A/cattle/Texas/24-008749-003/2024(H5N1)	668	3865
HA|PP755589.1|A/cattle/Texas/24-008749-003/2024(H5N1)	669	3893
HA|PP755589.1|A/cattle/Texas/24-008749-003/2024(H5N1)	670	3874
HA|PP755589.1|A/cattle/Texas/24-008749-003/2024(H5N1)	671	3949
HA|PP755589.1|A/cattle/Texas/24-008749-003/2024(H5N1)	672	3945
HA|PP755589.1|A/cattle/Texas/24-008749-003/2024(H5N1)	673	3902
HA|PP755589.1|A/cattle/Texas/24-008749-003/2024(H5N1)	674	3891
HA|PP755589.1|A/cattle/Texas/24-008749-003/2024(H5N1)	675	3772
HA|PP755589.1|A/cattle/Texas/24-008749-003/2024(H5N1)	676	3801
HA|PP755589.1|A/cattle/Texas/24-008749-003/2024(H5N1)	677	3799
HA|PP755589.1|A/cattle/Texas/24-008749-003/2024(H5N1)	678	3812
HA|PP755589.1|A/cattle/Texas/24-008749-003/2024(H5N1)	679	3829
HA|PP755589.1|A/cattle/Texas/24-008749-003/2024(H5N1)	680	3765
HA|PP755589.1|A/cattle/Texas/24-008749-003/2024(H5N1)	681	3803
HA|PP755589.1|A/cattle/Texas/24-008749-003/2024(H5N1)	682	3791
HA|PP755589.1|A/cattle/Texas/24-008749-003/2024(H5N1)	683	3798
HA|PP755589.1|A/cattle/Texas/24-008749-003/2024(H5N1)	684	3796
HA|PP755589.1|A/cattle/Texas/24-008749-003/2024(H5N1)	685	3786
HA|PP755589.1|A/cattle/Texas/24-008749-003/2024(H5N1)	686	3756
HA|PP755589.1|A/cattle/Texas/24-008749-003/2024(H5N1)	687	3690
HA|PP755589.1|A/cattle/Texas/24-008749-003/2024(H5N1)	688	3686
HA|PP755589.1|A/cattle/Texas/24-008749-003/2024(H5N1)	689	3518
HA|PP755589.1|A/cattle/Texas/24-008749-003/2024(H5N1)	690	3514
HA|PP755589.1|A/cattle/Texas/24-008749-003/2024(H5N1)	691	3597
HA|PP755589.1|A/cattle/Texas/24-008749-003/2024(H5N1)	692	3595
HA|PP755589.1|A/cattle/Texas/24-008749-003/2024(H5N1)	693	3598
HA|PP755589.1|A/cattle/Texas/24-008749-003/2024(H5N1)	694	3597
HA|PP755589.1|A/cattle/Texas/24-008749-003/2024(H5N1)	695	3601
HA|PP755589.1|A/cattle/Texas/24-008749-003/2024(H5N1)	696	3623
HA|PP755589.1|A/cattle/Texas/24-008749-003/2024(H5N1)	697	3629
HA|PP755589.1|A/cattle/Texas/24-008749-003/2024(H5N1)	698	3617
HA|PP755589.1|A/cattle/Texas/24-008749-003/2024(H5N1)	699	3626
HA|PP755589.1|A/cattle/Texas/24-008749-003/2024(H5N1)	700	3573
HA|PP755589.1|A/cattle/Texas/24-008749-003/2024(H5N1)	701	3587
HA|PP755589.1|A/cattle/Texas/24-008749-003/2024(H5N1)	702	3571
HA|PP755589.1|A/cattle/Texas/24-008749-003/2024(H5N1)	703	3610
HA|PP755589.1|A/cattle/Texas/24-008749-003/2024(H5N1)	704	3600
HA|PP755589.1|A/cattle/Texas/24-008749-003/2024(H5N1)	705	3586
HA|PP755589.1|A/cattle/Texas/24-008749-003/2024(H5N1)	706	3584
HA|PP755589.1|A/cattle/Texas/24-008749-003/2024(H5N1)	707	3577
HA|PP755589.1|A/cattle/Texas/24-008749-003/2024(H5N1)	708	3590
HA|PP755589.1|A/cattle/Texas/24-008749-003/2024(H5N1)	709	3582
HA|PP755589.1|A/cattle/Texas/24-008749-003/2024(H5N1)	710	3595
HA|PP755589.1|A/cattle/Texas/24-008749-003/2024(H5N1)	711	3592
HA|PP755589.1|A/cattle/Texas/24-008749-003/2024(H5N1)	712	3529
HA|PP755589.1|A/cattle/Texas/24-008749-003/2024(H5N1)	713	3553
HA|PP755589.1|A/cattle/Texas/24-008749-003/2024(H5N1)	714	3829
HA|PP755589.1|A/cattle/Texas/24-008749-003/2024(H5N1)	715	3854
HA|PP755589.1|A/cattle/Texas/24-008749-003/2024(H5N1)	716	3879
HA|PP755589.1|A/cattle/Texas/24-008749-003/2024(H5N1)	717	3877
HA|PP755589.1|A/cattle/Texas/24-008749-003/2024(H5N1)	718	3869
HA|PP755589.1|A/cattle/Texas/24-008749-003/2024(H5N1)	719	3856
HA|PP755589.1|A/cattle/Texas/24-008749-003/2024(H5N1)	720	3888
HA|PP755589.1|A/cattle/Texas/24-008749-003/2024(H5N1)	721	3880
HA|PP755589.1|A/cattle/Texas/24-008749-003/2024(H5N1)	722	3864
HA|PP755589.1|A/cattle/Texas/24-008749-003/2024(H5N1)	723	3753
HA|PP755589.1|A/cattle/Texas/24-008749-003/2024(H5N1)	724	3631
HA|PP755589.1|A/cattle/Texas/24-008749-003/2024(H5N1)	725	3722
HA|PP755589.1|A/cattle/Texas/24-008749-003/2024(H5N1)	726	3719
HA|PP755589.1|A/cattle/Texas/24-008749-003/2024(H5N1)	727	3764
HA|PP755589.1|A/cattle/Texas/24-008749-003/2024(H5N1)	728	3726
HA|PP755589.1|A/cattle/Texas/24-008749-003/2024(H5N1)	729	3674
HA|PP755589.1|A/cattle/Texas/24-008749-003/2024(H5N1)	730	3650
HA|PP755589.1|A/cattle/Texas/24-008749-003/2024(H5N1)	731	3647
HA|PP755589.1|A/cattle/Texas/24-008749-003/2024(H5N1)	732	3757
HA|PP755589.1|A/cattle/Texas/24-008749-003/2024(H5N1)	733	3758
HA|PP755589.1|A/cattle/Texas/24-008749-003/2024(H5N1)	734	3758
HA|PP755589.1|A/cattle/Texas/24-008749-003/2024(H5N1)	735	3716
HA|PP755589.1|A/cattle/Texas/24-008749-003/2024(H5N1)	736	3651
HA|PP755589.1|A/cattle/Texas/24-008749-003/2024(H5N1)	737	3658
HA|PP755589.1|A/cattle/Texas/24-008749-003/2024(H5N1)	738	3662
HA|PP755589.1|A/cattle/Texas/24-008749-003/2024(H5N1)	739	3672
HA|PP755589.1|A/cattle/Texas/24-008749-003/2024(H5N1)	740	3678
HA|PP755589.1|A/cattle/Texas/24-008749-003/2024(H5N1)	741	3541
HA|PP755589.1|A/cattle/Texas/24-008749-003/2024(H5N1)	742	3540
HA|PP755589.1|A/cattle/Texas/24-008749-003/2024(H5N1)	743	3560
HA|PP755589.1|A/cattle/Texas/24-008749-003/2024(H5N1)	744	3561
HA|PP755589.1|A/cattle/Texas/24-008749-003/2024(H5N1)	745	3596
HA|PP755589.1|A/cattle/Texas/24-008749-003/2024(H5N1)	746	3608
HA|PP755589.1|A/cattle/Texas/24-008749-003/2024(H5N1)	747	3477
HA|PP755589.1|A/cattle/Texas/24-008749-003/2024(H5N1)	748	3514
HA|PP755589.1|A/cattle/Texas/24-008749-003/2024(H5N1)	749	3509
HA|PP755589.1|A/cattle/Texas/24-008749-003/2024(H5N1)	750	3501
HA|PP755589.1|A/cattle/Texas/24-008749-003/2024(H5N1)	751	3492
HA|PP755589.1|A/cattle/Texas/24-008749-003/2024(H5N1)	752	3450
HA|PP755589.1|A/cattle/Texas/24-008749-003/2024(H5N1)	753	3474
HA|PP755589.1|A/cattle/Texas/24-008749-003/2024(H5N1)	754	3496
HA|PP755589.1|A/cattle/Texas/24-008749-003/2024(H5N1)	755	3472
HA|PP755589.1|A/cattle/Texas/24-008749-003/2024(H5N1)	756	3475
HA|PP755589.1|A/cattle/Texas/24-008749-003/2024(H5N1)	757	3468
HA|PP755589.1|A/cattle/Texas/24-008749-003/2024(H5N1)	758	3548
HA|PP755589.1|A/cattle/Texas/24-008749-003/2024(H5N1)	759	3537
HA|PP755589.1|A/cattle/Texas/24-008749-003/2024(H5N1)	760	3508
HA|PP755589.1|A/cattle/Texas/24-008749-003/2024(H5N1)	761	3523
HA|PP755589.1|A/cattle/Texas/24-008749-003/2024(H5N1)	762	3488
HA|PP755589.1|A/cattle/Texas/24-008749-003/2024(H5N1)	763	3502
HA|PP755589.1|A/cattle/Texas/24-008749-003/2024(H5N1)	764	3512
HA|PP755589.1|A/cattle/Texas/24-008749-003/2024(H5N1)	765	3527
HA|PP755589.1|A/cattle/Texas/24-008749-003/2024(H5N1)	766	3555
HA|PP755589.1|A/cattle/Texas/24-008749-003/2024(H5N1)	767	3457
HA|PP755589.1|A/cattle/Texas/24-008749-003/2024(H5N1)	768	3474
HA|PP755589.1|A/cattle/Texas/24-008749-003/2024(H5N1)	769	3458
HA|PP755589.1|A/cattle/Texas/24-008749-003/2024(H5N1)	770	3458
HA|PP755589.1|A/cattle/Texas/24-008749-003/2024(H5N1)	771	3442
HA|PP755589.1|A/cattle/Texas/24-008749-003/2024(H5N1)	772	3441
HA|PP755589.1|A/cattle/Texas/24-008749-003/2024(H5N1)	773	3439
HA|PP755589.1|A/cattle/Texas/24-008749-003/2024(H5N1)	774	3447
HA|PP755589.1|A/cattle/Texas/24-008749-003/2024(H5N1)	775	3454
HA|PP755589.1|A/cattle/Texas/24-008749-003/2024(H5N1)	776	3472
HA|PP755589.1|A/cattle/Texas/24-008749-003/2024(H5N1)	777	3485
HA|PP755589.1|A/cattle/Texas/24-008749-003/2024(H5N1)	778	3469
HA|PP755589.1|A/cattle/Texas/24-008749-003/2024(H5N1)	779	3563
HA|PP755589.1|A/cattle/Texas/24-008749-003/2024(H5N1)	780	3563
HA|PP755589.1|A/cattle/Texas/24-008749-003/2024(H5N1)	781	3575
HA|PP755589.1|A/cattle/Texas/24-008749-003/2024(H5N1)	782	3575
HA|PP755589.1|A/cattle/Texas/24-008749-003/2024(H5N1)	783	3555
HA|PP755589.1|A/cattle/Texas/24-008749-003/2024(H5N1)	784	3902
HA|PP755589.1|A/cattle/Texas/24-008749-003/2024(H5N1)	785	3924
HA|PP755589.1|A/cattle/Texas/24-008749-003/2024(H5N1)	786	3889
HA|PP755589.1|A/cattle/Texas/24-008749-003/2024(H5N1)	787	3897
HA|PP755589.1|A/cattle/Texas/24-008749-003/2024(H5N1)	788	3898
HA|PP755589.1|A/cattle/Texas/24-008749-003/2024(H5N1)	789	3851
HA|PP755589.1|A/cattle/Texas/24-008749-003/2024(H5N1)	790	3841
HA|PP755589.1|A/cattle/Texas/24-008749-003/2024(H5N1)	791	3890
HA|PP755589.1|A/cattle/Texas/24-008749-003/2024(H5N1)	792	3903
HA|PP755589.1|A/cattle/Texas/24-008749-003/2024(H5N1)	793	4240
HA|PP755589.1|A/cattle/Texas/24-008749-003/2024(H5N1)	794	4324
HA|PP755589.1|A/cattle/Texas/24-008749-003/2024(H5N1)	795	4327
HA|PP755589.1|A/cattle/Texas/24-008749-003/2024(H5N1)	796	4339
HA|PP755589.1|A/cattle/Texas/24-008749-003/2024(H5N1)	797	4341
HA|PP755589.1|A/cattle/Texas/24-008749-003/2024(H5N1)	798	4366
HA|PP755589.1|A/cattle/Texas/24-008749-003/2024(H5N1)	799	4418
HA|PP755589.1|A/cattle/Texas/24-008749-003/2024(H5N1)	800	4634
HA|PP755589.1|A/cattle/Texas/24-008749-003/2024(H5N1)	801	4655
HA|PP755589.1|A/cattle/Texas/24-008749-003/2024(H5N1)	802	4516
HA|PP755589.1|A/cattle/Texas/24-008749-003/2024(H5N1)	803	4477
HA|PP755589.1|A/cattle/Texas/24-008749-003/2024(H5N1)	804	4477
HA|PP755589.1|A/cattle/Texas/24-008749-003/2024(H5N1)	805	4460
HA|PP755589.1|A/cattle/Texas/24-008749-003/2024(H5N1)	806	4489
HA|PP755589.1|A/cattle/Texas/24-008749-003/2024(H5N1)	807	4485
HA|PP755589.1|A/cattle/Texas/24-008749-003/2024(H5N1)	808	4435
HA|PP755589.1|A/cattle/Texas/24-008749-003/2024(H5N1)	809	4381
HA|PP755589.1|A/cattle/Texas/24-008749-003/2024(H5N1)	810	4301
HA|PP755589.1|A/cattle/Texas/24-008749-003/2024(H5N1)	811	4316
HA|PP755589.1|A/cattle/Texas/24-008749-003/2024(H5N1)	812	4343
HA|PP755589.1|A/cattle/Texas/24-008749-003/2024(H5N1)	813	4342
HA|PP755589.1|A/cattle/Texas/24-008749-003/2024(H5N1)	814	4347
HA|PP755589.1|A/cattle/Texas/24-008749-003/2024(H5N1)	815	4307
HA|PP755589.1|A/cattle/Texas/24-008749-003/2024(H5N1)	816	4297
HA|PP755589.1|A/cattle/Texas/24-008749-003/2024(H5N1)	817	4286
HA|PP755589.1|A/cattle/Texas/24-008749-003/2024(H5N1)	818	4283
HA|PP755589.1|A/cattle/Texas/24-008749-003/2024(H5N1)	819	4262
HA|PP755589.1|A/cattle/Texas/24-008749-003/2024(H5N1)	820	4266
HA|PP755589.1|A/cattle/Texas/24-008749-003/2024(H5N1)	821	4274
HA|PP755589.1|A/cattle/Texas/24-008749-003/2024(H5N1)	822	4233
HA|PP755589.1|A/cattle/Texas/24-008749-003/2024(H5N1)	823	4238
HA|PP755589.1|A/cattle/Texas/24-008749-003/2024(H5N1)	824	4238
HA|PP755589.1|A/cattle/Texas/24-008749-003/2024(H5N1)	825	4235
HA|PP755589.1|A/cattle/Texas/24-008749-003/2024(H5N1)	826	4213
HA|PP755589.1|A/cattle/Texas/24-008749-003/2024(H5N1)	827	4201
HA|PP755589.1|A/cattle/Texas/24-008749-003/2024(H5N1)	828	4213
HA|PP755589.1|A/cattle/Texas/24-008749-003/2024(H5N1)	829	4190
HA|PP755589.1|A/cattle/Texas/24-008749-003/2024(H5N1)	830	4175
HA|PP755589.1|A/cattle/Texas/24-008749-003/2024(H5N1)	831	4176
HA|PP755589.1|A/cattle/Texas/24-008749-003/2024(H5N1)	832	4139
HA|PP755589.1|A/cattle/Texas/24-008749-003/2024(H5N1)	833	4155
HA|PP755589.1|A/cattle/Texas/24-008749-003/2024(H5N1)	834	4158
HA|PP755589.1|A/cattle/Texas/24-008749-003/2024(H5N1)	835	4195
HA|PP755589.1|A/cattle/Texas/24-008749-003/2024(H5N1)	836	4195
HA|PP755589.1|A/cattle/Texas/24-008749-003/2024(H5N1)	837	4155
HA|PP755589.1|A/cattle/Texas/24-008749-003/2024(H5N1)	838	4170
HA|PP755589.1|A/cattle/Texas/24-008749-003/2024(H5N1)	839	4159
HA|PP755589.1|A/cattle/Texas/24-008749-003/2024(H5N1)	840	4133
HA|PP755589.1|A/cattle/Texas/24-008749-003/2024(H5N1)	841	4140
HA|PP755589.1|A/cattle/Texas/24-008749-003/2024(H5N1)	842	4085
HA|PP755589.1|A/cattle/Texas/24-008749-003/2024(H5N1)	843	4085
HA|PP755589.1|A/cattle/Texas/24-008749-003/2024(H5N1)	844	4090
HA|PP755589.1|A/cattle/Texas/24-008749-003/2024(H5N1)	845	4083
HA|PP755589.1|A/cattle/Texas/24-008749-003/2024(H5N1)	846	4075
HA|PP755589.1|A/cattle/Texas/24-008749-003/2024(H5N1)	847	4021
HA|PP755589.1|A/cattle/Texas/24-008749-003/2024(H5N1)	848	4046
HA|PP755589.1|A/cattle/Texas/24-008749-003/2024(H5N1)	849	4049
HA|PP755589.1|A/cattle/Texas/24-008749-003/2024(H5N1)	850	4050
HA|PP755589.1|A/cattle/Texas/24-008749-003/2024(H5N1)	851	4059
HA|PP755589.1|A/cattle/Texas/24-008749-003/2024(H5N1)	852	4042
HA|PP755589.1|A/cattle/Texas/24-008749-003/2024(H5N1)	853	4082
HA|PP755589.1|A/cattle/Texas/24-008749-003/2024(H5N1)	854	4115
HA|PP755589.1|A/cattle/Texas/24-008749-003/2024(H5N1)	855	4221
HA|PP755589.1|A/cattle/Texas/24-008749-003/2024(H5N1)	856	4466
HA|PP755589.1|A/cattle/Texas/24-008749-003/2024(H5N1)	857	4503
HA|PP755589.1|A/cattle/Texas/24-008749-003/2024(H5N1)	858	4507
HA|PP755589.1|A/cattle/Texas/24-008749-003/2024(H5N1)	859	4539
HA|PP755589.1|A/cattle/Texas/24-008749-003/2024(H5N1)	860	4513
HA|PP755589.1|A/cattle/Texas/24-008749-003/2024(H5N1)	861	4502
HA|PP755589.1|A/cattle/Texas/24-008749-003/2024(H5N1)	862	4490
HA|PP755589.1|A/cattle/Texas/24-008749-003/2024(H5N1)	863	4491
HA|PP755589.1|A/cattle/Texas/24-008749-003/2024(H5N1)	864	4301
HA|PP755589.1|A/cattle/Texas/24-008749-003/2024(H5N1)	865	4103
HA|PP755589.1|A/cattle/Texas/24-008749-003/2024(H5N1)	866	4003
HA|PP755589.1|A/cattle/Texas/24-008749-003/2024(H5N1)	867	4080
HA|PP755589.1|A/cattle/Texas/24-008749-003/2024(H5N1)	868	4112
HA|PP755589.1|A/cattle/Texas/24-008749-003/2024(H5N1)	869	4156
HA|PP755589.1|A/cattle/Texas/24-008749-003/2024(H5N1)	870	4160
HA|PP755589.1|A/cattle/Texas/24-008749-003/2024(H5N1)	871	4121
HA|PP755589.1|A/cattle/Texas/24-008749-003/2024(H5N1)	872	4105
HA|PP755589.1|A/cattle/Texas/24-008749-003/2024(H5N1)	873	4115
HA|PP755589.1|A/cattle/Texas/24-008749-003/2024(H5N1)	874	4134
HA|PP755589.1|A/cattle/Texas/24-008749-003/2024(H5N1)	875	4145
HA|PP755589.1|A/cattle/Texas/24-008749-003/2024(H5N1)	876	4003
HA|PP755589.1|A/cattle/Texas/24-008749-003/2024(H5N1)	877	4000
HA|PP755589.1|A/cattle/Texas/24-008749-003/2024(H5N1)	878	3954
HA|PP755589.1|A/cattle/Texas/24-008749-003/2024(H5N1)	879	3954
HA|PP755589.1|A/cattle/Texas/24-008749-003/2024(H5N1)	880	3979
HA|PP755589.1|A/cattle/Texas/24-008749-003/2024(H5N1)	881	3985
HA|PP755589.1|A/cattle/Texas/24-008749-003/2024(H5N1)	882	3967
HA|PP755589.1|A/cattle/Texas/24-008749-003/2024(H5N1)	883	3849
HA|PP755589.1|A/cattle/Texas/24-008749-003/2024(H5N1)	884	3876
HA|PP755589.1|A/cattle/Texas/24-008749-003/2024(H5N1)	885	3876
HA|PP755589.1|A/cattle/Texas/24-008749-003/2024(H5N1)	886	3880
HA|PP755589.1|A/cattle/Texas/24-008749-003/2024(H5N1)	887	3924
HA|PP755589.1|A/cattle/Texas/24-008749-003/2024(H5N1)	888	3927
HA|PP755589.1|A/cattle/Texas/24-008749-003/2024(H5N1)	889	3897
HA|PP755589.1|A/cattle/Texas/24-008749-003/2024(H5N1)	890	3919
HA|PP755589.1|A/cattle/Texas/24-008749-003/2024(H5N1)	891	3912
HA|PP755589.1|A/cattle/Texas/24-008749-003/2024(H5N1)	892	3915
HA|PP755589.1|A/cattle/Texas/24-008749-003/2024(H5N1)	893	3898
HA|PP755589.1|A/cattle/Texas/24-008749-003/2024(H5N1)	894	3877
HA|PP755589.1|A/cattle/Texas/24-008749-003/2024(H5N1)	895	3864
HA|PP755589.1|A/cattle/Texas/24-008749-003/2024(H5N1)	896	3831
HA|PP755589.1|A/cattle/Texas/24-008749-003/2024(H5N1)	897	3817
HA|PP755589.1|A/cattle/Texas/24-008749-003/2024(H5N1)	898	3822
HA|PP755589.1|A/cattle/Texas/24-008749-003/2024(H5N1)	899	3869
HA|PP755589.1|A/cattle/Texas/24-008749-003/2024(H5N1)	900	3867
HA|PP755589.1|A/cattle/Texas/24-008749-003/2024(H5N1)	901	3870
HA|PP755589.1|A/cattle/Texas/24-008749-003/2024(H5N1)	902	3865
HA|PP755589.1|A/cattle/Texas/24-008749-003/2024(H5N1)	903	3871
HA|PP755589.1|A/cattle/Texas/24-008749-003/2024(H5N1)	904	3834
HA|PP755589.1|A/cattle/Texas/24-008749-003/2024(H5N1)	905	3845
HA|PP755589.1|A/cattle/Texas/24-008749-003/2024(H5N1)	906	3848
HA|PP755589.1|A/cattle/Texas/24-008749-003/2024(H5N1)	907	3850
HA|PP755589.1|A/cattle/Texas/24-008749-003/2024(H5N1)	908	3784
HA|PP755589.1|A/cattle/Texas/24-008749-003/2024(H5N1)	909	3816
HA|PP755589.1|A/cattle/Texas/24-008749-003/2024(H5N1)	910	3815
HA|PP755589.1|A/cattle/Texas/24-008749-003/2024(H5N1)	911	3813
HA|PP755589.1|A/cattle/Texas/24-008749-003/2024(H5N1)	912	3810
HA|PP755589.1|A/cattle/Texas/24-008749-003/2024(H5N1)	913	3810
HA|PP755589.1|A/cattle/Texas/24-008749-003/2024(H5N1)	914	3784
HA|PP755589.1|A/cattle/Texas/24-008749-003/2024(H5N1)	915	3772
HA|PP755589.1|A/cattle/Texas/24-008749-003/2024(H5N1)	916	4068
HA|PP755589.1|A/cattle/Texas/24-008749-003/2024(H5N1)	917	4048
HA|PP755589.1|A/cattle/Texas/24-008749-003/2024(H5N1)	918	4044
HA|PP755589.1|A/cattle/Texas/24-008749-003/2024(H5N1)	919	4060
HA|PP755589.1|A/cattle/Texas/24-008749-003/2024(H5N1)	920	4063
HA|PP755589.1|A/cattle/Texas/24-008749-003/2024(H5N1)	921	4117
HA|PP755589.1|A/cattle/Texas/24-008749-003/2024(H5N1)	922	4108
HA|PP755589.1|A/cattle/Texas/24-008749-003/2024(H5N1)	923	4113
HA|PP755589.1|A/cattle/Texas/24-008749-003/2024(H5N1)	924	4116
HA|PP755589.1|A/cattle/Texas/24-008749-003/2024(H5N1)	925	4083
HA|PP755589.1|A/cattle/Texas/24-008749-003/2024(H5N1)	926	4440
HA|PP755589.1|A/cattle/Texas/24-008749-003/2024(H5N1)	927	4434
HA|PP755589.1|A/cattle/Texas/24-008749-003/2024(H5N1)	928	4421
HA|PP755589.1|A/cattle/Texas/24-008749-003/2024(H5N1)	929	4433
HA|PP755589.1|A/cattle/Texas/24-008749-003/2024(H5N1)	930	4358
HA|PP755589.1|A/cattle/Texas/24-008749-003/2024(H5N1)	931	4345
HA|PP755589.1|A/cattle/Texas/24-008749-003/2024(H5N1)	932	4349
HA|PP755589.1|A/cattle/Texas/24-008749-003/2024(H5N1)	933	4441
HA|PP755589.1|A/cattle/Texas/24-008749-003/2024(H5N1)	934	4446
HA|PP755589.1|A/cattle/Texas/24-008749-003/2024(H5N1)	935	4096
HA|PP755589.1|A/cattle/Texas/24-008749-003/2024(H5N1)	936	4074
HA|PP755589.1|A/cattle/Texas/24-008749-003/2024(H5N1)	937	4082
HA|PP755589.1|A/cattle/Texas/24-008749-003/2024(H5N1)	938	4087
HA|PP755589.1|A/cattle/Texas/24-008749-003/2024(H5N1)	939	4098
HA|PP755589.1|A/cattle/Texas/24-008749-003/2024(H5N1)	940	4127
HA|PP755589.1|A/cattle/Texas/24-008749-003/2024(H5N1)	941	4324
HA|PP755589.1|A/cattle/Texas/24-008749-003/2024(H5N1)	942	4274
HA|PP755589.1|A/cattle/Texas/24-008749-003/2024(H5N1)	943	4255
HA|PP755589.1|A/cattle/Texas/24-008749-003/2024(H5N1)	944	3992
HA|PP755589.1|A/cattle/Texas/24-008749-003/2024(H5N1)	945	3953
HA|PP755589.1|A/cattle/Texas/24-008749-003/2024(H5N1)	946	3950
HA|PP755589.1|A/cattle/Texas/24-008749-003/2024(H5N1)	947	3937
HA|PP755589.1|A/cattle/Texas/24-008749-003/2024(H5N1)	948	3937
HA|PP755589.1|A/cattle/Texas/24-008749-003/2024(H5N1)	949	3917
HA|PP755589.1|A/cattle/Texas/24-008749-003/2024(H5N1)	950	3659
HA|PP755589.1|A/cattle/Texas/24-008749-003/2024(H5N1)	951	3679
HA|PP755589.1|A/cattle/Texas/24-008749-003/2024(H5N1)	952	3662
HA|PP755589.1|A/cattle/Texas/24-008749-003/2024(H5N1)	953	3695
HA|PP755589.1|A/cattle/Texas/24-008749-003/2024(H5N1)	954	3727
HA|PP755589.1|A/cattle/Texas/24-008749-003/2024(H5N1)	955	3749
HA|PP755589.1|A/cattle/Texas/24-008749-003/2024(H5N1)	956	3765
HA|PP755589.1|A/cattle/Texas/24-008749-003/2024(H5N1)	957	3761
HA|PP755589.1|A/cattle/Texas/24-008749-003/2024(H5N1)	958	3768
HA|PP755589.1|A/cattle/Texas/24-008749-003/2024(H5N1)	959	3773
HA|PP755589.1|A/cattle/Texas/24-008749-003/2024(H5N1)	960	3833
HA|PP755589.1|A/cattle/Texas/24-008749-003/2024(H5N1)	961	3859
HA|PP755589.1|A/cattle/Texas/24-008749-003/2024(H5N1)	962	3850
HA|PP755589.1|A/cattle/Texas/24-008749-003/2024(H5N1)	963	3831
HA|PP755589.1|A/cattle/Texas/24-008749-003/2024(H5N1)	964	3831
HA|PP755589.1|A/cattle/Texas/24-008749-003/2024(H5N1)	965	3836
HA|PP755589.1|A/cattle/Texas/24-008749-003/2024(H5N1)	966	3837
HA|PP755589.1|A/cattle/Texas/24-008749-003/2024(H5N1)	967	3872
HA|PP755589.1|A/cattle/Texas/24-008749-003/2024(H5N1)	968	3933
HA|PP755589.1|A/cattle/Texas/24-008749-003/2024(H5N1)	969	3932
HA|PP755589.1|A/cattle/Texas/24-008749-003/2024(H5N1)	970	3927
HA|PP755589.1|A/cattle/Texas/24-008749-003/2024(H5N1)	971	3921
HA|PP755589.1|A/cattle/Texas/24-008749-003/2024(H5N1)	972	3913
HA|PP755589.1|A/cattle/Texas/24-008749-003/2024(H5N1)	973	3984
HA|PP755589.1|A/cattle/Texas/24-008749-003/2024(H5N1)	974	3980
HA|PP755589.1|A/cattle/Texas/24-008749-003/2024(H5N1)	975	3983
HA|PP755589.1|A/cattle/Texas/24-008749-003/2024(H5N1)	976	3995
HA|PP755589.1|A/cattle/Texas/24-008749-003/2024(H5N1)	977	4039
HA|PP755589.1|A/cattle/Texas/24-008749-003/2024(H5N1)	978	4039
HA|PP755589.1|A/cattle/Texas/24-008749-003/2024(H5N1)	979	4158
HA|PP755589.1|A/cattle/Texas/24-008749-003/2024(H5N1)	980	4180
HA|PP755589.1|A/cattle/Texas/24-008749-003/2024(H5N1)	981	4184
HA|PP755589.1|A/cattle/Texas/24-008749-003/2024(H5N1)	982	4185
HA|PP755589.1|A/cattle/Texas/24-008749-003/2024(H5N1)	983	4208
HA|PP755589.1|A/cattle/Texas/24-008749-003/2024(H5N1)	984	4262
HA|PP755589.1|A/cattle/Texas/24-008749-003/2024(H5N1)	985	4281
HA|PP755589.1|A/cattle/Texas/24-008749-003/2024(H5N1)	986	4265
HA|PP755589.1|A/cattle/Texas/24-008749-003/2024(H5N1)	987	4281
HA|PP755589.1|A/cattle/Texas/24-008749-003/2024(H5N1)	988	4281
HA|PP755589.1|A/cattle/Texas/24-008749-003/2024(H5N1)	989	4346
HA|PP755589.1|A/cattle/Texas/24-008749-003/2024(H5N1)	990	4344
HA|PP755589.1|A/cattle/Texas/24-008749-003/2024(H5N1)	991	4346
HA|PP755589.1|A/cattle/Texas/24-008749-003/2024(H5N1)	992	4349
HA|PP755589.1|A/cattle/Texas/24-008749-003/2024(H5N1)	993	4315
HA|PP755589.1|A/cattle/Texas/24-008749-003/2024(H5N1)	994	4335
HA|PP755589.1|A/cattle/Texas/24-008749-003/2024(H5N1)	995	4337
HA|PP755589.1|A/cattle/Texas/24-008749-003/2024(H5N1)	996	4389
HA|PP755589.1|A/cattle/Texas/24-008749-003/2024(H5N1)	997	4406
HA|PP755589.1|A/cattle/Texas/24-008749-003/2024(H5N1)	998	4396
HA|PP755589.1|A/cattle/Texas/24-008749-003/2024(H5N1)	999	4428
HA|PP755589.1|A/cattle/Texas/24-008749-003/2024(H5N1)	1000	4425
HA|PP755589.1|A/cattle/Texas/24-008749-003/2024(H5N1)	1001	4466
HA|PP755589.1|A/cattle/Texas/24-008749-003/2024(H5N1)	1002	4477
HA|PP755589.1|A/cattle/Texas/24-008749-003/2024(H5N1)	1003	4461
HA|PP755589.1|A/cattle/Texas/24-008749-003/2024(H5N1)	1004	4442
HA|PP755589.1|A/cattle/Texas/24-008749-003/2024(H5N1)	1005	4385
HA|PP755589.1|A/cattle/Texas/24-008749-003/2024(H5N1)	1006	4243
HA|PP755589.1|A/cattle/Texas/24-008749-003/2024(H5N1)	1007	4029
HA|PP755589.1|A/cattle/Texas/24-008749-003/2024(H5N1)	1008	3966
HA|PP755589.1|A/cattle/Texas/24-008749-003/2024(H5N1)	1009	3970
HA|PP755589.1|A/cattle/Texas/24-008749-003/2024(H5N1)	1010	3964
HA|PP755589.1|A/cattle/Texas/24-008749-003/2024(H5N1)	1011	3942
HA|PP755589.1|A/cattle/Texas/24-008749-003/2024(H5N1)	1012	3915
HA|PP755589.1|A/cattle/Texas/24-008749-003/2024(H5N1)	1013	3913
HA|PP755589.1|A/cattle/Texas/24-008749-003/2024(H5N1)	1014	3921
HA|PP755589.1|A/cattle/Texas/24-008749-003/2024(H5N1)	1015	3939
HA|PP755589.1|A/cattle/Texas/24-008749-003/2024(H5N1)	1016	3943
HA|PP755589.1|A/cattle/Texas/24-008749-003/2024(H5N1)	1017	3952
HA|PP755589.1|A/cattle/Texas/24-008749-003/2024(H5N1)	1018	3826
HA|PP755589.1|A/cattle/Texas/24-008749-003/2024(H5N1)	1019	3791
HA|PP755589.1|A/cattle/Texas/24-008749-003/2024(H5N1)	1020	3750
HA|PP755589.1|A/cattle/Texas/24-008749-003/2024(H5N1)	1021	3745
HA|PP755589.1|A/cattle/Texas/24-008749-003/2024(H5N1)	1022	3754
HA|PP755589.1|A/cattle/Texas/24-008749-003/2024(H5N1)	1023	3806
HA|PP755589.1|A/cattle/Texas/24-008749-003/2024(H5N1)	1024	3786
HA|PP755589.1|A/cattle/Texas/24-008749-003/2024(H5N1)	1025	3802
HA|PP755589.1|A/cattle/Texas/24-008749-003/2024(H5N1)	1026	3810
HA|PP755589.1|A/cattle/Texas/24-008749-003/2024(H5N1)	1027	3816
HA|PP755589.1|A/cattle/Texas/24-008749-003/2024(H5N1)	1028	3819
HA|PP755589.1|A/cattle/Texas/24-008749-003/2024(H5N1)	1029	3911
HA|PP755589.1|A/cattle/Texas/24-008749-003/2024(H5N1)	1030	3910
HA|PP755589.1|A/cattle/Texas/24-008749-003/2024(H5N1)	1031	3900
HA|PP755589.1|A/cattle/Texas/24-008749-003/2024(H5N1)	1032	3898
HA|PP755589.1|A/cattle/Texas/24-008749-003/2024(H5N1)	1033	3896
HA|PP755589.1|A/cattle/Texas/24-008749-003/2024(H5N1)	1034	3896
HA|PP755589.1|A/cattle/Texas/24-008749-003/2024(H5N1)	1035	3887
HA|PP755589.1|A/cattle/Texas/24-008749-003/2024(H5N1)	1036	3919
HA|PP755589.1|A/cattle/Texas/24-008749-003/2024(H5N1)	1037	3933
HA|PP755589.1|A/cattle/Texas/24-008749-003/2024(H5N1)	1038	3880
HA|PP755589.1|A/cattle/Texas/24-008749-003/2024(H5N1)	1039	3902
HA|PP755589.1|A/cattle/Texas/24-008749-003/2024(H5N1)	1040	3915
HA|PP755589.1|A/cattle/Texas/24-008749-003/2024(H5N1)	1041	4019
HA|PP755589.1|A/cattle/Texas/24-008749-003/2024(H5N1)	1042	4033
HA|PP755589.1|A/cattle/Texas/24-008749-003/2024(H5N1)	1043	4032
HA|PP755589.1|A/cattle/Texas/24-008749-003/2024(H5N1)	1044	4037
HA|PP755589.1|A/cattle/Texas/24-008749-003/2024(H5N1)	1045	4002
HA|PP755589.1|A/cattle/Texas/24-008749-003/2024(H5N1)	1046	4015
HA|PP755589.1|A/cattle/Texas/24-008749-003/2024(H5N1)	1047	4098
HA|PP755589.1|A/cattle/Texas/24-008749-003/2024(H5N1)	1048	4100
HA|PP755589.1|A/cattle/Texas/24-008749-003/2024(H5N1)	1049	4086
HA|PP755589.1|A/cattle/Texas/24-008749-003/2024(H5N1)	1050	4010
HA|PP755589.1|A/cattle/Texas/24-008749-003/2024(H5N1)	1051	4113
HA|PP755589.1|A/cattle/Texas/24-008749-003/2024(H5N1)	1052	4129
HA|PP755589.1|A/cattle/Texas/24-008749-003/2024(H5N1)	1053	4139
HA|PP755589.1|A/cattle/Texas/24-008749-003/2024(H5N1)	1054	4137
HA|PP755589.1|A/cattle/Texas/24-008749-003/2024(H5N1)	1055	4125
HA|PP755589.1|A/cattle/Texas/24-008749-003/2024(H5N1)	1056	4101
HA|PP755589.1|A/cattle/Texas/24-008749-003/2024(H5N1)	1057	4287
HA|PP755589.1|A/cattle/Texas/24-008749-003/2024(H5N1)	1058	4587
HA|PP755589.1|A/cattle/Texas/24-008749-003/2024(H5N1)	1059	4596
HA|PP755589.1|A/cattle/Texas/24-008749-003/2024(H5N1)	1060	4556
HA|PP755589.1|A/cattle/Texas/24-008749-003/2024(H5N1)	1061	4538
HA|PP755589.1|A/cattle/Texas/24-008749-003/2024(H5N1)	1062	4557
HA|PP755589.1|A/cattle/Texas/24-008749-003/2024(H5N1)	1063	4572
HA|PP755589.1|A/cattle/Texas/24-008749-003/2024(H5N1)	1064	4562
HA|PP755589.1|A/cattle/Texas/24-008749-003/2024(H5N1)	1065	4562
HA|PP755589.1|A/cattle/Texas/24-008749-003/2024(H5N1)	1066	4577
HA|PP755589.1|A/cattle/Texas/24-008749-003/2024(H5N1)	1067	4231
HA|PP755589.1|A/cattle/Texas/24-008749-003/2024(H5N1)	1068	4243
HA|PP755589.1|A/cattle/Texas/24-008749-003/2024(H5N1)	1069	4253
HA|PP755589.1|A/cattle/Texas/24-008749-003/2024(H5N1)	1070	4249
HA|PP755589.1|A/cattle/Texas/24-008749-003/2024(H5N1)	1071	4235
HA|PP755589.1|A/cattle/Texas/24-008749-003/2024(H5N1)	1072	4235
HA|PP755589.1|A/cattle/Texas/24-008749-003/2024(H5N1)	1073	4241
HA|PP755589.1|A/cattle/Texas/24-008749-003/2024(H5N1)	1074	4259
HA|PP755589.1|A/cattle/Texas/24-008749-003/2024(H5N1)	1075	4294
HA|PP755589.1|A/cattle/Texas/24-008749-003/2024(H5N1)	1076	4304
HA|PP755589.1|A/cattle/Texas/24-008749-003/2024(H5N1)	1077	4013
HA|PP755589.1|A/cattle/Texas/24-008749-003/2024(H5N1)	1078	3995
HA|PP755589.1|A/cattle/Texas/24-008749-003/2024(H5N1)	1079	3978
HA|PP755589.1|A/cattle/Texas/24-008749-003/2024(H5N1)	1080	3993
HA|PP755589.1|A/cattle/Texas/24-008749-003/2024(H5N1)	1081	4034
HA|PP755589.1|A/cattle/Texas/24-008749-003/2024(H5N1)	1082	4062
HA|PP755589.1|A/cattle/Texas/24-008749-003/2024(H5N1)	1083	4050
HA|PP755589.1|A/cattle/Texas/24-008749-003/2024(H5N1)	1084	3951
HA|PP755589.1|A/cattle/Texas/24-008749-003/2024(H5N1)	1085	3934
HA|PP755589.1|A/cattle/Texas/24-008749-003/2024(H5N1)	1086	3981
HA|PP755589.1|A/cattle/Texas/24-008749-003/2024(H5N1)	1087	4015
HA|PP755589.1|A/cattle/Texas/24-008749-003/2024(H5N1)	1088	4022
HA|PP755589.1|A/cattle/Texas/24-008749-003/2024(H5N1)	1089	4000
HA|PP755589.1|A/cattle/Texas/24-008749-003/2024(H5N1)	1090	3990
HA|PP755589.1|A/cattle/Texas/24-008749-003/2024(H5N1)	1091	4067
HA|PP755589.1|A/cattle/Texas/24-008749-003/2024(H5N1)	1092	3902
HA|PP755589.1|A/cattle/Texas/24-008749-003/2024(H5N1)	1093	3931
HA|PP755589.1|A/cattle/Texas/24-008749-003/2024(H5N1)	1094	3934
HA|PP755589.1|A/cattle/Texas/24-008749-003/2024(H5N1)	1095	3879
HA|PP755589.1|A/cattle/Texas/24-008749-003/2024(H5N1)	1096	3842
HA|PP755589.1|A/cattle/Texas/24-008749-003/2024(H5N1)	1097	3900
HA|PP755589.1|A/cattle/Texas/24-008749-003/2024(H5N1)	1098	3970
HA|PP755589.1|A/cattle/Texas/24-008749-003/2024(H5N1)	1099	4012
HA|PP755589.1|A/cattle/Texas/24-008749-003/2024(H5N1)	1100	4026
HA|PP755589.1|A/cattle/Texas/24-008749-003/2024(H5N1)	1101	4034
HA|PP755589.1|A/cattle/Texas/24-008749-003/2024(H5N1)	1102	4123
HA|PP755589.1|A/cattle/Texas/24-008749-003/2024(H5N1)	1103	4161
HA|PP755589.1|A/cattle/Texas/24-008749-003/2024(H5N1)	1104	4130
HA|PP755589.1|A/cattle/Texas/24-008749-003/2024(H5N1)	1105	4100
HA|PP755589.1|A/cattle/Texas/24-008749-003/2024(H5N1)	1106	4044
HA|PP755589.1|A/cattle/Texas/24-008749-003/2024(H5N1)	1107	4069
HA|PP755589.1|A/cattle/Texas/24-008749-003/2024(H5N1)	1108	4096
HA|PP755589.1|A/cattle/Texas/24-008749-003/2024(H5N1)	1109	4093
HA|PP755589.1|A/cattle/Texas/24-008749-003/2024(H5N1)	1110	4221
HA|PP755589.1|A/cattle/Texas/24-008749-003/2024(H5N1)	1111	4160
HA|PP755589.1|A/cattle/Texas/24-008749-003/2024(H5N1)	1112	4122
HA|PP755589.1|A/cattle/Texas/24-008749-003/2024(H5N1)	1113	4140
HA|PP755589.1|A/cattle/Texas/24-008749-003/2024(H5N1)	1114	4132
HA|PP755589.1|A/cattle/Texas/24-008749-003/2024(H5N1)	1115	4214
HA|PP755589.1|A/cattle/Texas/24-008749-003/2024(H5N1)	1116	4211
HA|PP755589.1|A/cattle/Texas/24-008749-003/2024(H5N1)	1117	4196
HA|PP755589.1|A/cattle/Texas/24-008749-003/2024(H5N1)	1118	4192
HA|PP755589.1|A/cattle/Texas/24-008749-003/2024(H5N1)	1119	4126
HA|PP755589.1|A/cattle/Texas/24-008749-003/2024(H5N1)	1120	4356
HA|PP755589.1|A/cattle/Texas/24-008749-003/2024(H5N1)	1121	4568
HA|PP755589.1|A/cattle/Texas/24-008749-003/2024(H5N1)	1122	4622
HA|PP755589.1|A/cattle/Texas/24-008749-003/2024(H5N1)	1123	4609
HA|PP755589.1|A/cattle/Texas/24-008749-003/2024(H5N1)	1124	4505
HA|PP755589.1|A/cattle/Texas/24-008749-003/2024(H5N1)	1125	4581
HA|PP755589.1|A/cattle/Texas/24-008749-003/2024(H5N1)	1126	4593
HA|PP755589.1|A/cattle/Texas/24-008749-003/2024(H5N1)	1127	4651
HA|PP755589.1|A/cattle/Texas/24-008749-003/2024(H5N1)	1128	4646
HA|PP755589.1|A/cattle/Texas/24-008749-003/2024(H5N1)	1129	4517
HA|PP755589.1|A/cattle/Texas/24-008749-003/2024(H5N1)	1130	4615
HA|PP755589.1|A/cattle/Texas/24-008749-003/2024(H5N1)	1131	4622
HA|PP755589.1|A/cattle/Texas/24-008749-003/2024(H5N1)	1132	4685
HA|PP755589.1|A/cattle/Texas/24-008749-003/2024(H5N1)	1133	4694
HA|PP755589.1|A/cattle/Texas/24-008749-003/2024(H5N1)	1134	4696
HA|PP755589.1|A/cattle/Texas/24-008749-003/2024(H5N1)	1135	4622
HA|PP755589.1|A/cattle/Texas/24-008749-003/2024(H5N1)	1136	4589
HA|PP755589.1|A/cattle/Texas/24-008749-003/2024(H5N1)	1137	4571
HA|PP755589.1|A/cattle/Texas/24-008749-003/2024(H5N1)	1138	4583
HA|PP755589.1|A/cattle/Texas/24-008749-003/2024(H5N1)	1139	4612
HA|PP755589.1|A/cattle/Texas/24-008749-003/2024(H5N1)	1140	4536
HA|PP755589.1|A/cattle/Texas/24-008749-003/2024(H5N1)	1141	4574
HA|PP755589.1|A/cattle/Texas/24-008749-003/2024(H5N1)	1142	4571
HA|PP755589.1|A/cattle/Texas/24-008749-003/2024(H5N1)	1143	4557
HA|PP755589.1|A/cattle/Texas/24-008749-003/2024(H5N1)	1144	4592
HA|PP755589.1|A/cattle/Texas/24-008749-003/2024(H5N1)	1145	4588
HA|PP755589.1|A/cattle/Texas/24-008749-003/2024(H5N1)	1146	4624
HA|PP755589.1|A/cattle/Texas/24-008749-003/2024(H5N1)	1147	4599
HA|PP755589.1|A/cattle/Texas/24-008749-003/2024(H5N1)	1148	4588
HA|PP755589.1|A/cattle/Texas/24-008749-003/2024(H5N1)	1149	4588
HA|PP755589.1|A/cattle/Texas/24-008749-003/2024(H5N1)	1150	4593
HA|PP755589.1|A/cattle/Texas/24-008749-003/2024(H5N1)	1151	4589
HA|PP755589.1|A/cattle/Texas/24-008749-003/2024(H5N1)	1152	4538
HA|PP755589.1|A/cattle/Texas/24-008749-003/2024(H5N1)	1153	4544
HA|PP755589.1|A/cattle/Texas/24-008749-003/2024(H5N1)	1154	4552
HA|PP755589.1|A/cattle/Texas/24-008749-003/2024(H5N1)	1155	4536
HA|PP755589.1|A/cattle/Texas/24-008749-003/2024(H5N1)	1156	4609
HA|PP755589.1|A/cattle/Texas/24-008749-003/2024(H5N1)	1157	4712
HA|PP755589.1|A/cattle/Texas/24-008749-003/2024(H5N1)	1158	4726
HA|PP755589.1|A/cattle/Texas/24-008749-003/2024(H5N1)	1159	4712
HA|PP755589.1|A/cattle/Texas/24-008749-003/2024(H5N1)	1160	4710
HA|PP755589.1|A/cattle/Texas/24-008749-003/2024(H5N1)	1161	4679
HA|PP755589.1|A/cattle/Texas/24-008749-003/2024(H5N1)	1162	4679
HA|PP755589.1|A/cattle/Texas/24-008749-003/2024(H5N1)	1163	4721
HA|PP755589.1|A/cattle/Texas/24-008749-003/2024(H5N1)	1164	4771
HA|PP755589.1|A/cattle/Texas/24-008749-003/2024(H5N1)	1165	4918
HA|PP755589.1|A/cattle/Texas/24-008749-003/2024(H5N1)	1166	4899
HA|PP755589.1|A/cattle/Texas/24-008749-003/2024(H5N1)	1167	4884
HA|PP755589.1|A/cattle/Texas/24-008749-003/2024(H5N1)	1168	4908
HA|PP755589.1|A/cattle/Texas/24-008749-003/2024(H5N1)	1169	5095
HA|PP755589.1|A/cattle/Texas/24-008749-003/2024(H5N1)	1170	5113
HA|PP755589.1|A/cattle/Texas/24-008749-003/2024(H5N1)	1171	5121
HA|PP755589.1|A/cattle/Texas/24-008749-003/2024(H5N1)	1172	5250
HA|PP755589.1|A/cattle/Texas/24-008749-003/2024(H5N1)	1173	5209
HA|PP755589.1|A/cattle/Texas/24-008749-003/2024(H5N1)	1174	5202
HA|PP755589.1|A/cattle/Texas/24-008749-003/2024(H5N1)	1175	5268
HA|PP755589.1|A/cattle/Texas/24-008749-003/2024(H5N1)	1176	5227
HA|PP755589.1|A/cattle/Texas/24-008749-003/2024(H5N1)	1177	5274
HA|PP755589.1|A/cattle/Texas/24-008749-003/2024(H5N1)	1178	5290
HA|PP755589.1|A/cattle/Texas/24-008749-003/2024(H5N1)	1179	5285
HA|PP755589.1|A/cattle/Texas/24-008749-003/2024(H5N1)	1180	5307
HA|PP755589.1|A/cattle/Texas/24-008749-003/2024(H5N1)	1181	5400
HA|PP755589.1|A/cattle/Texas/24-008749-003/2024(H5N1)	1182	5411
HA|PP755589.1|A/cattle/Texas/24-008749-003/2024(H5N1)	1183	5436
HA|PP755589.1|A/cattle/Texas/24-008749-003/2024(H5N1)	1184	5421
HA|PP755589.1|A/cattle/Texas/24-008749-003/2024(H5N1)	1185	5463
HA|PP755589.1|A/cattle/Texas/24-008749-003/2024(H5N1)	1186	5500
HA|PP755589.1|A/cattle/Texas/24-008749-003/2024(H5N1)	1187	5470
HA|PP755589.1|A/cattle/Texas/24-008749-003/2024(H5N1)	1188	5611
HA|PP755589.1|A/cattle/Texas/24-008749-003/2024(H5N1)	1189	5623
HA|PP755589.1|A/cattle/Texas/24-008749-003/2024(H5N1)	1190	5555
HA|PP755589.1|A/cattle/Texas/24-008749-003/2024(H5N1)	1191	5458
HA|PP755589.1|A/cattle/Texas/24-008749-003/2024(H5N1)	1192	5446
HA|PP755589.1|A/cattle/Texas/24-008749-003/2024(H5N1)	1193	5544
HA|PP755589.1|A/cattle/Texas/24-008749-003/2024(H5N1)	1194	5567
HA|PP755589.1|A/cattle/Texas/24-008749-003/2024(H5N1)	1195	5561
HA|PP755589.1|A/cattle/Texas/24-008749-003/2024(H5N1)	1196	5581
HA|PP755589.1|A/cattle/Texas/24-008749-003/2024(H5N1)	1197	5495
HA|PP755589.1|A/cattle/Texas/24-008749-003/2024(H5N1)	1198	5550
HA|PP755589.1|A/cattle/Texas/24-008749-003/2024(H5N1)	1199	5545
HA|PP755589.1|A/cattle/Texas/24-008749-003/2024(H5N1)	1200	5565
HA|PP755589.1|A/cattle/Texas/24-008749-003/2024(H5N1)	1201	5561
HA|PP755589.1|A/cattle/Texas/24-008749-003/2024(H5N1)	1202	5466
HA|PP755589.1|A/cattle/Texas/24-008749-003/2024(H5N1)	1203	5450
HA|PP755589.1|A/cattle/Texas/24-008749-003/2024(H5N1)	1204	5464
HA|PP755589.1|A/cattle/Texas/24-008749-003/2024(H5N1)	1205	5490
HA|PP755589.1|A/cattle/Texas/24-008749-003/2024(H5N1)	1206	5502
HA|PP755589.1|A/cattle/Texas/24-008749-003/2024(H5N1)	1207	5469
HA|PP755589.1|A/cattle/Texas/24-008749-003/2024(H5N1)	1208	5309
HA|PP755589.1|A/cattle/Texas/24-008749-003/2024(H5N1)	1209	5099
HA|PP755589.1|A/cattle/Texas/24-008749-003/2024(H5N1)	1210	5122
HA|PP755589.1|A/cattle/Texas/24-008749-003/2024(H5N1)	1211	5140
HA|PP755589.1|A/cattle/Texas/24-008749-003/2024(H5N1)	1212	5166
HA|PP755589.1|A/cattle/Texas/24-008749-003/2024(H5N1)	1213	5289
HA|PP755589.1|A/cattle/Texas/24-008749-003/2024(H5N1)	1214	5270
HA|PP755589.1|A/cattle/Texas/24-008749-003/2024(H5N1)	1215	5325
HA|PP755589.1|A/cattle/Texas/24-008749-003/2024(H5N1)	1216	5319
HA|PP755589.1|A/cattle/Texas/24-008749-003/2024(H5N1)	1217	5362
HA|PP755589.1|A/cattle/Texas/24-008749-003/2024(H5N1)	1218	5348
HA|PP755589.1|A/cattle/Texas/24-008749-003/2024(H5N1)	1219	5385
HA|PP755589.1|A/cattle/Texas/24-008749-003/2024(H5N1)	1220	5387
HA|PP755589.1|A/cattle/Texas/24-008749-003/2024(H5N1)	1221	5503
HA|PP755589.1|A/cattle/Texas/24-008749-003/2024(H5N1)	1222	5505
HA|PP755589.1|A/cattle/Texas/24-008749-003/2024(H5N1)	1223	5466
HA|PP755589.1|A/cattle/Texas/24-008749-003/2024(H5N1)	1224	5456
HA|PP755589.1|A/cattle/Texas/24-008749-003/2024(H5N1)	1225	5460
HA|PP755589.1|A/cattle/Texas/24-008749-003/2024(H5N1)	1226	5415
HA|PP755589.1|A/cattle/Texas/24-008749-003/2024(H5N1)	1227	5413
HA|PP755589.1|A/cattle/Texas/24-008749-003/2024(H5N1)	1228	5393
HA|PP755589.1|A/cattle/Texas/24-008749-003/2024(H5N1)	1229	5460
HA|PP755589.1|A/cattle/Texas/24-008749-003/2024(H5N1)	1230	5399
HA|PP755589.1|A/cattle/Texas/24-008749-003/2024(H5N1)	1231	5612
HA|PP755589.1|A/cattle/Texas/24-008749-003/2024(H5N1)	1232	5635
HA|PP755589.1|A/cattle/Texas/24-008749-003/2024(H5N1)	1233	5623
HA|PP755589.1|A/cattle/Texas/24-008749-003/2024(H5N1)	1234	5638
HA|PP755589.1|A/cattle/Texas/24-008749-003/2024(H5N1)	1235	5660
HA|PP755589.1|A/cattle/Texas/24-008749-003/2024(H5N1)	1236	5706
HA|PP755589.1|A/cattle/Texas/24-008749-003/2024(H5N1)	1237	5631
HA|PP755589.1|A/cattle/Texas/24-008749-003/2024(H5N1)	1238	5574
HA|PP755589.1|A/cattle/Texas/24-008749-003/2024(H5N1)	1239	5642
HA|PP755589.1|A/cattle/Texas/24-008749-003/2024(H5N1)	1240	5721
HA|PP755589.1|A/cattle/Texas/24-008749-003/2024(H5N1)	1241	5579
HA|PP755589.1|A/cattle/Texas/24-008749-003/2024(H5N1)	1242	5652
HA|PP755589.1|A/cattle/Texas/24-008749-003/2024(H5N1)	1243	5650
HA|PP755589.1|A/cattle/Texas/24-008749-003/2024(H5N1)	1244	5608
HA|PP755589.1|A/cattle/Texas/24-008749-003/2024(H5N1)	1245	5656
HA|PP755589.1|A/cattle/Texas/24-008749-003/2024(H5N1)	1246	5652
HA|PP755589.1|A/cattle/Texas/24-008749-003/2024(H5N1)	1247	5645
HA|PP755589.1|A/cattle/Texas/24-008749-003/2024(H5N1)	1248	5579
HA|PP755589.1|A/cattle/Texas/24-008749-003/2024(H5N1)	1249	5465
HA|PP755589.1|A/cattle/Texas/24-008749-003/2024(H5N1)	1250	5516
HA|PP755589.1|A/cattle/Texas/24-008749-003/2024(H5N1)	1251	5465
HA|PP755589.1|A/cattle/Texas/24-008749-003/2024(H5N1)	1252	5452
HA|PP755589.1|A/cattle/Texas/24-008749-003/2024(H5N1)	1253	5455
HA|PP755589.1|A/cattle/Texas/24-008749-003/2024(H5N1)	1254	5423
HA|PP755589.1|A/cattle/Texas/24-008749-003/2024(H5N1)	1255	5439
HA|PP755589.1|A/cattle/Texas/24-008749-003/2024(H5N1)	1256	5513
HA|PP755589.1|A/cattle/Texas/24-008749-003/2024(H5N1)	1257	5541
HA|PP755589.1|A/cattle/Texas/24-008749-003/2024(H5N1)	1258	5495
HA|PP755589.1|A/cattle/Texas/24-008749-003/2024(H5N1)	1259	5491
HA|PP755589.1|A/cattle/Texas/24-008749-003/2024(H5N1)	1260	5542
HA|PP755589.1|A/cattle/Texas/24-008749-003/2024(H5N1)	1261	5414
HA|PP755589.1|A/cattle/Texas/24-008749-003/2024(H5N1)	1262	5497
HA|PP755589.1|A/cattle/Texas/24-008749-003/2024(H5N1)	1263	5669
HA|PP755589.1|A/cattle/Texas/24-008749-003/2024(H5N1)	1264	5698
HA|PP755589.1|A/cattle/Texas/24-008749-003/2024(H5N1)	1265	5628
HA|PP755589.1|A/cattle/Texas/24-008749-003/2024(H5N1)	1266	5511
HA|PP755589.1|A/cattle/Texas/24-008749-003/2024(H5N1)	1267	5460
HA|PP755589.1|A/cattle/Texas/24-008749-003/2024(H5N1)	1268	5439
HA|PP755589.1|A/cattle/Texas/24-008749-003/2024(H5N1)	1269	5466
HA|PP755589.1|A/cattle/Texas/24-008749-003/2024(H5N1)	1270	5702
HA|PP755589.1|A/cattle/Texas/24-008749-003/2024(H5N1)	1271	5447
HA|PP755589.1|A/cattle/Texas/24-008749-003/2024(H5N1)	1272	5416
HA|PP755589.1|A/cattle/Texas/24-008749-003/2024(H5N1)	1273	5368
HA|PP755589.1|A/cattle/Texas/24-008749-003/2024(H5N1)	1274	5447
HA|PP755589.1|A/cattle/Texas/24-008749-003/2024(H5N1)	1275	5457
HA|PP755589.1|A/cattle/Texas/24-008749-003/2024(H5N1)	1276	5380
HA|PP755589.1|A/cattle/Texas/24-008749-003/2024(H5N1)	1277	5372
HA|PP755589.1|A/cattle/Texas/24-008749-003/2024(H5N1)	1278	5258
HA|PP755589.1|A/cattle/Texas/24-008749-003/2024(H5N1)	1279	5508
HA|PP755589.1|A/cattle/Texas/24-008749-003/2024(H5N1)	1280	5540
HA|PP755589.1|A/cattle/Texas/24-008749-003/2024(H5N1)	1281	5459
HA|PP755589.1|A/cattle/Texas/24-008749-003/2024(H5N1)	1282	5447
HA|PP755589.1|A/cattle/Texas/24-008749-003/2024(H5N1)	1283	5391
HA|PP755589.1|A/cattle/Texas/24-008749-003/2024(H5N1)	1284	5362
HA|PP755589.1|A/cattle/Texas/24-008749-003/2024(H5N1)	1285	5374
HA|PP755589.1|A/cattle/Texas/24-008749-003/2024(H5N1)	1286	5392
HA|PP755589.1|A/cattle/Texas/24-008749-003/2024(H5N1)	1287	5379
HA|PP755589.1|A/cattle/Texas/24-008749-003/2024(H5N1)	1288	5458
HA|PP755589.1|A/cattle/Texas/24-008749-003/2024(H5N1)	1289	5427
HA|PP755589.1|A/cattle/Texas/24-008749-003/2024(H5N1)	1290	5409
HA|PP755589.1|A/cattle/Texas/24-008749-003/2024(H5N1)	1291	5417
HA|PP755589.1|A/cattle/Texas/24-008749-003/2024(H5N1)	1292	5526
HA|PP755589.1|A/cattle/Texas/24-008749-003/2024(H5N1)	1293	5686
HA|PP755589.1|A/cattle/Texas/24-008749-003/2024(H5N1)	1294	5671
HA|PP755589.1|A/cattle/Texas/24-008749-003/2024(H5N1)	1295	5697
HA|PP755589.1|A/cattle/Texas/24-008749-003/2024(H5N1)	1296	5723
HA|PP755589.1|A/cattle/Texas/24-008749-003/2024(H5N1)	1297	5673
HA|PP755589.1|A/cattle/Texas/24-008749-003/2024(H5N1)	1298	5790
HA|PP755589.1|A/cattle/Texas/24-008749-003/2024(H5N1)	1299	5827
HA|PP755589.1|A/cattle/Texas/24-008749-003/2024(H5N1)	1300	5801
HA|PP755589.1|A/cattle/Texas/24-008749-003/2024(H5N1)	1301	5798
HA|PP755589.1|A/cattle/Texas/24-008749-003/2024(H5N1)	1302	5794
HA|PP755589.1|A/cattle/Texas/24-008749-003/2024(H5N1)	1303	5793
HA|PP755589.1|A/cattle/Texas/24-008749-003/2024(H5N1)	1304	5802
HA|PP755589.1|A/cattle/Texas/24-008749-003/2024(H5N1)	1305	5907
HA|PP755589.1|A/cattle/Texas/24-008749-003/2024(H5N1)	1306	6037
HA|PP755589.1|A/cattle/Texas/24-008749-003/2024(H5N1)	1307	5949
HA|PP755589.1|A/cattle/Texas/24-008749-003/2024(H5N1)	1308	5849
HA|PP755589.1|A/cattle/Texas/24-008749-003/2024(H5N1)	1309	5835
HA|PP755589.1|A/cattle/Texas/24-008749-003/2024(H5N1)	1310	5843
HA|PP755589.1|A/cattle/Texas/24-008749-003/2024(H5N1)	1311	5931
HA|PP755589.1|A/cattle/Texas/24-008749-003/2024(H5N1)	1312	5941
HA|PP755589.1|A/cattle/Texas/24-008749-003/2024(H5N1)	1313	5981
HA|PP755589.1|A/cattle/Texas/24-008749-003/2024(H5N1)	1314	6011
HA|PP755589.1|A/cattle/Texas/24-008749-003/2024(H5N1)	1315	5918
HA|PP755589.1|A/cattle/Texas/24-008749-003/2024(H5N1)	1316	5991
HA|PP755589.1|A/cattle/Texas/24-008749-003/2024(H5N1)	1317	5995
HA|PP755589.1|A/cattle/Texas/24-008749-003/2024(H5N1)	1318	5996
HA|PP755589.1|A/cattle/Texas/24-008749-003/2024(H5N1)	1319	6107
HA|PP755589.1|A/cattle/Texas/24-008749-003/2024(H5N1)	1320	5924
HA|PP755589.1|A/cattle/Texas/24-008749-003/2024(H5N1)	1321	5911
HA|PP755589.1|A/cattle/Texas/24-008749-003/2024(H5N1)	1322	5880
HA|PP755589.1|A/cattle/Texas/24-008749-003/2024(H5N1)	1323	5706
HA|PP755589.1|A/cattle/Texas/24-008749-003/2024(H5N1)	1324	5760
HA|PP755589.1|A/cattle/Texas/24-008749-003/2024(H5N1)	1325	5748
HA|PP755589.1|A/cattle/Texas/24-008749-003/2024(H5N1)	1326	5721
HA|PP755589.1|A/cattle/Texas/24-008749-003/2024(H5N1)	1327	5781
HA|PP755589.1|A/cattle/Texas/24-008749-003/2024(H5N1)	1328	5690
HA|PP755589.1|A/cattle/Texas/24-008749-003/2024(H5N1)	1329	5729
HA|PP755589.1|A/cattle/Texas/24-008749-003/2024(H5N1)	1330	5597
HA|PP755589.1|A/cattle/Texas/24-008749-003/2024(H5N1)	1331	5609
HA|PP755589.1|A/cattle/Texas/24-008749-003/2024(H5N1)	1332	5611
HA|PP755589.1|A/cattle/Texas/24-008749-003/2024(H5N1)	1333	5602
HA|PP755589.1|A/cattle/Texas/24-008749-003/2024(H5N1)	1334	5615
HA|PP755589.1|A/cattle/Texas/24-008749-003/2024(H5N1)	1335	5712
HA|PP755589.1|A/cattle/Texas/24-008749-003/2024(H5N1)	1336	5684
HA|PP755589.1|A/cattle/Texas/24-008749-003/2024(H5N1)	1337	5732
HA|PP755589.1|A/cattle/Texas/24-008749-003/2024(H5N1)	1338	5602
HA|PP755589.1|A/cattle/Texas/24-008749-003/2024(H5N1)	1339	5609
HA|PP755589.1|A/cattle/Texas/24-008749-003/2024(H5N1)	1340	5628
HA|PP755589.1|A/cattle/Texas/24-008749-003/2024(H5N1)	1341	5622
HA|PP755589.1|A/cattle/Texas/24-008749-003/2024(H5N1)	1342	5642
HA|PP755589.1|A/cattle/Texas/24-008749-003/2024(H5N1)	1343	5632
HA|PP755589.1|A/cattle/Texas/24-008749-003/2024(H5N1)	1344	5557
HA|PP755589.1|A/cattle/Texas/24-008749-003/2024(H5N1)	1345	5641
HA|PP755589.1|A/cattle/Texas/24-008749-003/2024(H5N1)	1346	5664
HA|PP755589.1|A/cattle/Texas/24-008749-003/2024(H5N1)	1347	5691
HA|PP755589.1|A/cattle/Texas/24-008749-003/2024(H5N1)	1348	5694
HA|PP755589.1|A/cattle/Texas/24-008749-003/2024(H5N1)	1349	5634
HA|PP755589.1|A/cattle/Texas/24-008749-003/2024(H5N1)	1350	5635
HA|PP755589.1|A/cattle/Texas/24-008749-003/2024(H5N1)	1351	5615
HA|PP755589.1|A/cattle/Texas/24-008749-003/2024(H5N1)	1352	5666
HA|PP755589.1|A/cattle/Texas/24-008749-003/2024(H5N1)	1353	5744
HA|PP755589.1|A/cattle/Texas/24-008749-003/2024(H5N1)	1354	5766
HA|PP755589.1|A/cattle/Texas/24-008749-003/2024(H5N1)	1355	5894
HA|PP755589.1|A/cattle/Texas/24-008749-003/2024(H5N1)	1356	5855
HA|PP755589.1|A/cattle/Texas/24-008749-003/2024(H5N1)	1357	5917
HA|PP755589.1|A/cattle/Texas/24-008749-003/2024(H5N1)	1358	5929
HA|PP755589.1|A/cattle/Texas/24-008749-003/2024(H5N1)	1359	5951
HA|PP755589.1|A/cattle/Texas/24-008749-003/2024(H5N1)	1360	5914
HA|PP755589.1|A/cattle/Texas/24-008749-003/2024(H5N1)	1361	6012
HA|PP755589.1|A/cattle/Texas/24-008749-003/2024(H5N1)	1362	6021
HA|PP755589.1|A/cattle/Texas/24-008749-003/2024(H5N1)	1363	5991
HA|PP755589.1|A/cattle/Texas/24-008749-003/2024(H5N1)	1364	6090
HA|PP755589.1|A/cattle/Texas/24-008749-003/2024(H5N1)	1365	6064
HA|PP755589.1|A/cattle/Texas/24-008749-003/2024(H5N1)	1366	6049
HA|PP755589.1|A/cattle/Texas/24-008749-003/2024(H5N1)	1367	6052
HA|PP755589.1|A/cattle/Texas/24-008749-003/2024(H5N1)	1368	5993
HA|PP755589.1|A/cattle/Texas/24-008749-003/2024(H5N1)	1369	5985
HA|PP755589.1|A/cattle/Texas/24-008749-003/2024(H5N1)	1370	6103
HA|PP755589.1|A/cattle/Texas/24-008749-003/2024(H5N1)	1371	6168
HA|PP755589.1|A/cattle/Texas/24-008749-003/2024(H5N1)	1372	6050
HA|PP755589.1|A/cattle/Texas/24-008749-003/2024(H5N1)	1373	6091
HA|PP755589.1|A/cattle/Texas/24-008749-003/2024(H5N1)	1374	6084
HA|PP755589.1|A/cattle/Texas/24-008749-003/2024(H5N1)	1375	6100
HA|PP755589.1|A/cattle/Texas/24-008749-003/2024(H5N1)	1376	6283
HA|PP755589.1|A/cattle/Texas/24-008749-003/2024(H5N1)	1377	6275
HA|PP755589.1|A/cattle/Texas/24-008749-003/2024(H5N1)	1378	6346
HA|PP755589.1|A/cattle/Texas/24-008749-003/2024(H5N1)	1379	6336
HA|PP755589.1|A/cattle/Texas/24-008749-003/2024(H5N1)	1380	6321
HA|PP755589.1|A/cattle/Texas/24-008749-003/2024(H5N1)	1381	6323
HA|PP755589.1|A/cattle/Texas/24-008749-003/2024(H5N1)	1382	6110
HA|PP755589.1|A/cattle/Texas/24-008749-003/2024(H5N1)	1383	6108
HA|PP755589.1|A/cattle/Texas/24-008749-003/2024(H5N1)	1384	6141
HA|PP755589.1|A/cattle/Texas/24-008749-003/2024(H5N1)	1385	6132
HA|PP755589.1|A/cattle/Texas/24-008749-003/2024(H5N1)	1386	6183
HA|PP755589.1|A/cattle/Texas/24-008749-003/2024(H5N1)	1387	6165
HA|PP755589.1|A/cattle/Texas/24-008749-003/2024(H5N1)	1388	6113
HA|PP755589.1|A/cattle/Texas/24-008749-003/2024(H5N1)	1389	6110
HA|PP755589.1|A/cattle/Texas/24-008749-003/2024(H5N1)	1390	6100
HA|PP755589.1|A/cattle/Texas/24-008749-003/2024(H5N1)	1391	6025
HA|PP755589.1|A/cattle/Texas/24-008749-003/2024(H5N1)	1392	6006
HA|PP755589.1|A/cattle/Texas/24-008749-003/2024(H5N1)	1393	6005
HA|PP755589.1|A/cattle/Texas/24-008749-003/2024(H5N1)	1394	6038
HA|PP755589.1|A/cattle/Texas/24-008749-003/2024(H5N1)	1395	6021
HA|PP755589.1|A/cattle/Texas/24-008749-003/2024(H5N1)	1396	5956
HA|PP755589.1|A/cattle/Texas/24-008749-003/2024(H5N1)	1397	5978
HA|PP755589.1|A/cattle/Texas/24-008749-003/2024(H5N1)	1398	6033
HA|PP755589.1|A/cattle/Texas/24-008749-003/2024(H5N1)	1399	6057
HA|PP755589.1|A/cattle/Texas/24-008749-003/2024(H5N1)	1400	6058
HA|PP755589.1|A/cattle/Texas/24-008749-003/2024(H5N1)	1401	5948
HA|PP755589.1|A/cattle/Texas/24-008749-003/2024(H5N1)	1402	5944
HA|PP755589.1|A/cattle/Texas/24-008749-003/2024(H5N1)	1403	6128
HA|PP755589.1|A/cattle/Texas/24-008749-003/2024(H5N1)	1404	6151
HA|PP755589.1|A/cattle/Texas/24-008749-003/2024(H5N1)	1405	6186
HA|PP755589.1|A/cattle/Texas/24-008749-003/2024(H5N1)	1406	6161
HA|PP755589.1|A/cattle/Texas/24-008749-003/2024(H5N1)	1407	6110
HA|PP755589.1|A/cattle/Texas/24-008749-003/2024(H5N1)	1408	6093
HA|PP755589.1|A/cattle/Texas/24-008749-003/2024(H5N1)	1409	6046
HA|PP755589.1|A/cattle/Texas/24-008749-003/2024(H5N1)	1410	6231
HA|PP755589.1|A/cattle/Texas/24-008749-003/2024(H5N1)	1411	6286
HA|PP755589.1|A/cattle/Texas/24-008749-003/2024(H5N1)	1412	6097
HA|PP755589.1|A/cattle/Texas/24-008749-003/2024(H5N1)	1413	6098
HA|PP755589.1|A/cattle/Texas/24-008749-003/2024(H5N1)	1414	6039
HA|PP755589.1|A/cattle/Texas/24-008749-003/2024(H5N1)	1415	6052
HA|PP755589.1|A/cattle/Texas/24-008749-003/2024(H5N1)	1416	6166
HA|PP755589.1|A/cattle/Texas/24-008749-003/2024(H5N1)	1417	6166
HA|PP755589.1|A/cattle/Texas/24-008749-003/2024(H5N1)	1418	6174
HA|PP755589.1|A/cattle/Texas/24-008749-003/2024(H5N1)	1419	5971
HA|PP755589.1|A/cattle/Texas/24-008749-003/2024(H5N1)	1420	5890
HA|PP755589.1|A/cattle/Texas/24-008749-003/2024(H5N1)	1421	6163
HA|PP755589.1|A/cattle/Texas/24-008749-003/2024(H5N1)	1422	6177
HA|PP755589.1|A/cattle/Texas/24-008749-003/2024(H5N1)	1423	6190
HA|PP755589.1|A/cattle/Texas/24-008749-003/2024(H5N1)	1424	6196
HA|PP755589.1|A/cattle/Texas/24-008749-003/2024(H5N1)	1425	6100
HA|PP755589.1|A/cattle/Texas/24-008749-003/2024(H5N1)	1426	6146
HA|PP755589.1|A/cattle/Texas/24-008749-003/2024(H5N1)	1427	6145
HA|PP755589.1|A/cattle/Texas/24-008749-003/2024(H5N1)	1428	6177
HA|PP755589.1|A/cattle/Texas/24-008749-003/2024(H5N1)	1429	6283
HA|PP755589.1|A/cattle/Texas/24-008749-003/2024(H5N1)	1430	6030
HA|PP755589.1|A/cattle/Texas/24-008749-003/2024(H5N1)	1431	6004
HA|PP755589.1|A/cattle/Texas/24-008749-003/2024(H5N1)	1432	6061
HA|PP755589.1|A/cattle/Texas/24-008749-003/2024(H5N1)	1433	6358
HA|PP755589.1|A/cattle/Texas/24-008749-003/2024(H5N1)	1434	6584
HA|PP755589.1|A/cattle/Texas/24-008749-003/2024(H5N1)	1435	6656
HA|PP755589.1|A/cattle/Texas/24-008749-003/2024(H5N1)	1436	6628
HA|PP755589.1|A/cattle/Texas/24-008749-003/2024(H5N1)	1437	6600
HA|PP755589.1|A/cattle/Texas/24-008749-003/2024(H5N1)	1438	6627
HA|PP755589.1|A/cattle/Texas/24-008749-003/2024(H5N1)	1439	6619
HA|PP755589.1|A/cattle/Texas/24-008749-003/2024(H5N1)	1440	6608
HA|PP755589.1|A/cattle/Texas/24-008749-003/2024(H5N1)	1441	6698
HA|PP755589.1|A/cattle/Texas/24-008749-003/2024(H5N1)	1442	6708
HA|PP755589.1|A/cattle/Texas/24-008749-003/2024(H5N1)	1443	6551
HA|PP755589.1|A/cattle/Texas/24-008749-003/2024(H5N1)	1444	6552
HA|PP755589.1|A/cattle/Texas/24-008749-003/2024(H5N1)	1445	6574
HA|PP755589.1|A/cattle/Texas/24-008749-003/2024(H5N1)	1446	6566
HA|PP755589.1|A/cattle/Texas/24-008749-003/2024(H5N1)	1447	6581
HA|PP755589.1|A/cattle/Texas/24-008749-003/2024(H5N1)	1448	6568
HA|PP755589.1|A/cattle/Texas/24-008749-003/2024(H5N1)	1449	6421
HA|PP755589.1|A/cattle/Texas/24-008749-003/2024(H5N1)	1450	6423
HA|PP755589.1|A/cattle/Texas/24-008749-003/2024(H5N1)	1451	6411
HA|PP755589.1|A/cattle/Texas/24-008749-003/2024(H5N1)	1452	6444
HA|PP755589.1|A/cattle/Texas/24-008749-003/2024(H5N1)	1453	6468
HA|PP755589.1|A/cattle/Texas/24-008749-003/2024(H5N1)	1454	6439
HA|PP755589.1|A/cattle/Texas/24-008749-003/2024(H5N1)	1455	6223
HA|PP755589.1|A/cattle/Texas/24-008749-003/2024(H5N1)	1456	6209
HA|PP755589.1|A/cattle/Texas/24-008749-003/2024(H5N1)	1457	6224
HA|PP755589.1|A/cattle/Texas/24-008749-003/2024(H5N1)	1458	6239
HA|PP755589.1|A/cattle/Texas/24-008749-003/2024(H5N1)	1459	6245
HA|PP755589.1|A/cattle/Texas/24-008749-003/2024(H5N1)	1460	6320
HA|PP755589.1|A/cattle/Texas/24-008749-003/2024(H5N1)	1461	6261
HA|PP755589.1|A/cattle/Texas/24-008749-003/2024(H5N1)	1462	6259
HA|PP755589.1|A/cattle/Texas/24-008749-003/2024(H5N1)	1463	6246
HA|PP755589.1|A/cattle/Texas/24-008749-003/2024(H5N1)	1464	6177
HA|PP755589.1|A/cattle/Texas/24-008749-003/2024(H5N1)	1465	6033
HA|PP755589.1|A/cattle/Texas/24-008749-003/2024(H5N1)	1466	6032
HA|PP755589.1|A/cattle/Texas/24-008749-003/2024(H5N1)	1467	5979
HA|PP755589.1|A/cattle/Texas/24-008749-003/2024(H5N1)	1468	5979
HA|PP755589.1|A/cattle/Texas/24-008749-003/2024(H5N1)	1469	6002
HA|PP755589.1|A/cattle/Texas/24-008749-003/2024(H5N1)	1470	5884
HA|PP755589.1|A/cattle/Texas/24-008749-003/2024(H5N1)	1471	5926
HA|PP755589.1|A/cattle/Texas/24-008749-003/2024(H5N1)	1472	5998
HA|PP755589.1|A/cattle/Texas/24-008749-003/2024(H5N1)	1473	6070
HA|PP755589.1|A/cattle/Texas/24-008749-003/2024(H5N1)	1474	6081
HA|PP755589.1|A/cattle/Texas/24-008749-003/2024(H5N1)	1475	6098
HA|PP755589.1|A/cattle/Texas/24-008749-003/2024(H5N1)	1476	6139
HA|PP755589.1|A/cattle/Texas/24-008749-003/2024(H5N1)	1477	6228
HA|PP755589.1|A/cattle/Texas/24-008749-003/2024(H5N1)	1478	6152
HA|PP755589.1|A/cattle/Texas/24-008749-003/2024(H5N1)	1479	6222
HA|PP755589.1|A/cattle/Texas/24-008749-003/2024(H5N1)	1480	6610
HA|PP755589.1|A/cattle/Texas/24-008749-003/2024(H5N1)	1481	6606
HA|PP755589.1|A/cattle/Texas/24-008749-003/2024(H5N1)	1482	6601
HA|PP755589.1|A/cattle/Texas/24-008749-003/2024(H5N1)	1483	6600
HA|PP755589.1|A/cattle/Texas/24-008749-003/2024(H5N1)	1484	6589
HA|PP755589.1|A/cattle/Texas/24-008749-003/2024(H5N1)	1485	6585
HA|PP755589.1|A/cattle/Texas/24-008749-003/2024(H5N1)	1486	6465
HA|PP755589.1|A/cattle/Texas/24-008749-003/2024(H5N1)	1487	6489
HA|PP755589.1|A/cattle/Texas/24-008749-003/2024(H5N1)	1488	6413
HA|PP755589.1|A/cattle/Texas/24-008749-003/2024(H5N1)	1489	6410
HA|PP755589.1|A/cattle/Texas/24-008749-003/2024(H5N1)	1490	6436
HA|PP755589.1|A/cattle/Texas/24-008749-003/2024(H5N1)	1491	6422
HA|PP755589.1|A/cattle/Texas/24-008749-003/2024(H5N1)	1492	6432
HA|PP755589.1|A/cattle/Texas/24-008749-003/2024(H5N1)	1493	6434
HA|PP755589.1|A/cattle/Texas/24-008749-003/2024(H5N1)	1494	6457
HA|PP755589.1|A/cattle/Texas/24-008749-003/2024(H5N1)	1495	6449
HA|PP755589.1|A/cattle/Texas/24-008749-003/2024(H5N1)	1496	6449
HA|PP755589.1|A/cattle/Texas/24-008749-003/2024(H5N1)	1497	6514
HA|PP755589.1|A/cattle/Texas/24-008749-003/2024(H5N1)	1498	6453
HA|PP755589.1|A/cattle/Texas/24-008749-003/2024(H5N1)	1499	6478
HA|PP755589.1|A/cattle/Texas/24-008749-003/2024(H5N1)	1500	6474
HA|PP755589.1|A/cattle/Texas/24-008749-003/2024(H5N1)	1501	6549
HA|PP755589.1|A/cattle/Texas/24-008749-003/2024(H5N1)	1502	6479
HA|PP755589.1|A/cattle/Texas/24-008749-003/2024(H5N1)	1503	6479
HA|PP755589.1|A/cattle/Texas/24-008749-003/2024(H5N1)	1504	6473
HA|PP755589.1|A/cattle/Texas/24-008749-003/2024(H5N1)	1505	6460
HA|PP755589.1|A/cattle/Texas/24-008749-003/2024(H5N1)	1506	6674
HA|PP755589.1|A/cattle/Texas/24-008749-003/2024(H5N1)	1507	6670
HA|PP755589.1|A/cattle/Texas/24-008749-003/2024(H5N1)	1508	6651
HA|PP755589.1|A/cattle/Texas/24-008749-003/2024(H5N1)	1509	6620
HA|PP755589.1|A/cattle/Texas/24-008749-003/2024(H5N1)	1510	6535
HA|PP755589.1|A/cattle/Texas/24-008749-003/2024(H5N1)	1511	6666
HA|PP755589.1|A/cattle/Texas/24-008749-003/2024(H5N1)	1512	6705
HA|PP755589.1|A/cattle/Texas/24-008749-003/2024(H5N1)	1513	6789
HA|PP755589.1|A/cattle/Texas/24-008749-003/2024(H5N1)	1514	6775
HA|PP755589.1|A/cattle/Texas/24-008749-003/2024(H5N1)	1515	6688
HA|PP755589.1|A/cattle/Texas/24-008749-003/2024(H5N1)	1516	6688
HA|PP755589.1|A/cattle/Texas/24-008749-003/2024(H5N1)	1517	6655
HA|PP755589.1|A/cattle/Texas/24-008749-003/2024(H5N1)	1518	6742
HA|PP755589.1|A/cattle/Texas/24-008749-003/2024(H5N1)	1519	6752
HA|PP755589.1|A/cattle/Texas/24-008749-003/2024(H5N1)	1520	6801
HA|PP755589.1|A/cattle/Texas/24-008749-003/2024(H5N1)	1521	6709
HA|PP755589.1|A/cattle/Texas/24-008749-003/2024(H5N1)	1522	6624
HA|PP755589.1|A/cattle/Texas/24-008749-003/2024(H5N1)	1523	6623
HA|PP755589.1|A/cattle/Texas/24-008749-003/2024(H5N1)	1524	6572
HA|PP755589.1|A/cattle/Texas/24-008749-003/2024(H5N1)	1525	6589
HA|PP755589.1|A/cattle/Texas/24-008749-003/2024(H5N1)	1526	6822
HA|PP755589.1|A/cattle/Texas/24-008749-003/2024(H5N1)	1527	6601
HA|PP755589.1|A/cattle/Texas/24-008749-003/2024(H5N1)	1528	6600
HA|PP755589.1|A/cattle/Texas/24-008749-003/2024(H5N1)	1529	6560
HA|PP755589.1|A/cattle/Texas/24-008749-003/2024(H5N1)	1530	6548
HA|PP755589.1|A/cattle/Texas/24-008749-003/2024(H5N1)	1531	6573
HA|PP755589.1|A/cattle/Texas/24-008749-003/2024(H5N1)	1532	6564
HA|PP755589.1|A/cattle/Texas/24-008749-003/2024(H5N1)	1533	6555
HA|PP755589.1|A/cattle/Texas/24-008749-003/2024(H5N1)	1534	6517
HA|PP755589.1|A/cattle/Texas/24-008749-003/2024(H5N1)	1535	6528
HA|PP755589.1|A/cattle/Texas/24-008749-003/2024(H5N1)	1536	7410
HA|PP755589.1|A/cattle/Texas/24-008749-003/2024(H5N1)	1537	7359
HA|PP755589.1|A/cattle/Texas/24-008749-003/2024(H5N1)	1538	7328
HA|PP755589.1|A/cattle/Texas/24-008749-003/2024(H5N1)	1539	7458
HA|PP755589.1|A/cattle/Texas/24-008749-003/2024(H5N1)	1540	7462
HA|PP755589.1|A/cattle/Texas/24-008749-003/2024(H5N1)	1541	7463
HA|PP755589.1|A/cattle/Texas/24-008749-003/2024(H5N1)	1542	7459
HA|PP755589.1|A/cattle/Texas/24-008749-003/2024(H5N1)	1543	7402
HA|PP755589.1|A/cattle/Texas/24-008749-003/2024(H5N1)	1544	7399
HA|PP755589.1|A/cattle/Texas/24-008749-003/2024(H5N1)	1545	7529
HA|PP755589.1|A/cattle/Texas/24-008749-003/2024(H5N1)	1546	7539
HA|PP755589.1|A/cattle/Texas/24-008749-003/2024(H5N1)	1547	7538
HA|PP755589.1|A/cattle/Texas/24-008749-003/2024(H5N1)	1548	7515
HA|PP755589.1|A/cattle/Texas/24-008749-003/2024(H5N1)	1549	7495
HA|PP755589.1|A/cattle/Texas/24-008749-003/2024(H5N1)	1550	7527
HA|PP755589.1|A/cattle/Texas/24-008749-003/2024(H5N1)	1551	7528
HA|PP755589.1|A/cattle/Texas/24-008749-003/2024(H5N1)	1552	7527
HA|PP755589.1|A/cattle/Texas/24-008749-003/2024(H5N1)	1553	7498
HA|PP755589.1|A/cattle/Texas/24-008749-003/2024(H5N1)	1554	7319
HA|PP755589.1|A/cattle/Texas/24-008749-003/2024(H5N1)	1555	7306
HA|PP755589.1|A/cattle/Texas/24-008749-003/2024(H5N1)	1556	7235
HA|PP755589.1|A/cattle/Texas/24-008749-003/2024(H5N1)	1557	7251
HA|PP755589.1|A/cattle/Texas/24-008749-003/2024(H5N1)	1558	7087
HA|PP755589.1|A/cattle/Texas/24-008749-003/2024(H5N1)	1559	7094
HA|PP755589.1|A/cattle/Texas/24-008749-003/2024(H5N1)	1560	7110
HA|PP755589.1|A/cattle/Texas/24-008749-003/2024(H5N1)	1561	6892
HA|PP755589.1|A/cattle/Texas/24-008749-003/2024(H5N1)	1562	6927
HA|PP755589.1|A/cattle/Texas/24-008749-003/2024(H5N1)	1563	6924
HA|PP755589.1|A/cattle/Texas/24-008749-003/2024(H5N1)	1564	6938
HA|PP755589.1|A/cattle/Texas/24-008749-003/2024(H5N1)	1565	6938
HA|PP755589.1|A/cattle/Texas/24-008749-003/2024(H5N1)	1566	6926
HA|PP755589.1|A/cattle/Texas/24-008749-003/2024(H5N1)	1567	6812
HA|PP755589.1|A/cattle/Texas/24-008749-003/2024(H5N1)	1568	6787
HA|PP755589.1|A/cattle/Texas/24-008749-003/2024(H5N1)	1569	6771
HA|PP755589.1|A/cattle/Texas/24-008749-003/2024(H5N1)	1570	6762
HA|PP755589.1|A/cattle/Texas/24-008749-003/2024(H5N1)	1571	6822
HA|PP755589.1|A/cattle/Texas/24-008749-003/2024(H5N1)	1572	6595
HA|PP755589.1|A/cattle/Texas/24-008749-003/2024(H5N1)	1573	6578
HA|PP755589.1|A/cattle/Texas/24-008749-003/2024(H5N1)	1574	6567
HA|PP755589.1|A/cattle/Texas/24-008749-003/2024(H5N1)	1575	6586
HA|PP755589.1|A/cattle/Texas/24-008749-003/2024(H5N1)	1576	6668
HA|PP755589.1|A/cattle/Texas/24-008749-003/2024(H5N1)	1577	6669
HA|PP755589.1|A/cattle/Texas/24-008749-003/2024(H5N1)	1578	6665
HA|PP755589.1|A/cattle/Texas/24-008749-003/2024(H5N1)	1579	6634
HA|PP755589.1|A/cattle/Texas/24-008749-003/2024(H5N1)	1580	6550
HA|PP755589.1|A/cattle/Texas/24-008749-003/2024(H5N1)	1581	6553
HA|PP755589.1|A/cattle/Texas/24-008749-003/2024(H5N1)	1582	6549
HA|PP755589.1|A/cattle/Texas/24-008749-003/2024(H5N1)	1583	6416
HA|PP755589.1|A/cattle/Texas/24-008749-003/2024(H5N1)	1584	6090
HA|PP755589.1|A/cattle/Texas/24-008749-003/2024(H5N1)	1585	6095
HA|PP755589.1|A/cattle/Texas/24-008749-003/2024(H5N1)	1586	6064
HA|PP755589.1|A/cattle/Texas/24-008749-003/2024(H5N1)	1587	6089
HA|PP755589.1|A/cattle/Texas/24-008749-003/2024(H5N1)	1588	6084
HA|PP755589.1|A/cattle/Texas/24-008749-003/2024(H5N1)	1589	5947
HA|PP755589.1|A/cattle/Texas/24-008749-003/2024(H5N1)	1590	5953
HA|PP755589.1|A/cattle/Texas/24-008749-003/2024(H5N1)	1591	5975
HA|PP755589.1|A/cattle/Texas/24-008749-003/2024(H5N1)	1592	5968
HA|PP755589.1|A/cattle/Texas/24-008749-003/2024(H5N1)	1593	6192
HA|PP755589.1|A/cattle/Texas/24-008749-003/2024(H5N1)	1594	6166
HA|PP755589.1|A/cattle/Texas/24-008749-003/2024(H5N1)	1595	5964
HA|PP755589.1|A/cattle/Texas/24-008749-003/2024(H5N1)	1596	5963
HA|PP755589.1|A/cattle/Texas/24-008749-003/2024(H5N1)	1597	6918
HA|PP755589.1|A/cattle/Texas/24-008749-003/2024(H5N1)	1598	6936
HA|PP755589.1|A/cattle/Texas/24-008749-003/2024(H5N1)	1599	7015
HA|PP755589.1|A/cattle/Texas/24-008749-003/2024(H5N1)	1600	7019
HA|PP755589.1|A/cattle/Texas/24-008749-003/2024(H5N1)	1601	7021
HA|PP755589.1|A/cattle/Texas/24-008749-003/2024(H5N1)	1602	7071
HA|PP755589.1|A/cattle/Texas/24-008749-003/2024(H5N1)	1603	7018
HA|PP755589.1|A/cattle/Texas/24-008749-003/2024(H5N1)	1604	7009
HA|PP755589.1|A/cattle/Texas/24-008749-003/2024(H5N1)	1605	7002
HA|PP755589.1|A/cattle/Texas/24-008749-003/2024(H5N1)	1606	6986
HA|PP755589.1|A/cattle/Texas/24-008749-003/2024(H5N1)	1607	6980
HA|PP755589.1|A/cattle/Texas/24-008749-003/2024(H5N1)	1608	6972
HA|PP755589.1|A/cattle/Texas/24-008749-003/2024(H5N1)	1609	6955
HA|PP755589.1|A/cattle/Texas/24-008749-003/2024(H5N1)	1610	6948
HA|PP755589.1|A/cattle/Texas/24-008749-003/2024(H5N1)	1611	6859
HA|PP755589.1|A/cattle/Texas/24-008749-003/2024(H5N1)	1612	6840
HA|PP755589.1|A/cattle/Texas/24-008749-003/2024(H5N1)	1613	6796
HA|PP755589.1|A/cattle/Texas/24-008749-003/2024(H5N1)	1614	6803
HA|PP755589.1|A/cattle/Texas/24-008749-003/2024(H5N1)	1615	6799
HA|PP755589.1|A/cattle/Texas/24-008749-003/2024(H5N1)	1616	6779
HA|PP755589.1|A/cattle/Texas/24-008749-003/2024(H5N1)	1617	6787
HA|PP755589.1|A/cattle/Texas/24-008749-003/2024(H5N1)	1618	6762
HA|PP755589.1|A/cattle/Texas/24-008749-003/2024(H5N1)	1619	6775
HA|PP755589.1|A/cattle/Texas/24-008749-003/2024(H5N1)	1620	6753
HA|PP755589.1|A/cattle/Texas/24-008749-003/2024(H5N1)	1621	6747
HA|PP755589.1|A/cattle/Texas/24-008749-003/2024(H5N1)	1622	6766
HA|PP755589.1|A/cattle/Texas/24-008749-003/2024(H5N1)	1623	6737
HA|PP755589.1|A/cattle/Texas/24-008749-003/2024(H5N1)	1624	6716
HA|PP755589.1|A/cattle/Texas/24-008749-003/2024(H5N1)	1625	6713
HA|PP755589.1|A/cattle/Texas/24-008749-003/2024(H5N1)	1626	6677
HA|PP755589.1|A/cattle/Texas/24-008749-003/2024(H5N1)	1627	6651
HA|PP755589.1|A/cattle/Texas/24-008749-003/2024(H5N1)	1628	6521
HA|PP755589.1|A/cattle/Texas/24-008749-003/2024(H5N1)	1629	6454
HA|PP755589.1|A/cattle/Texas/24-008749-003/2024(H5N1)	1630	6413
HA|PP755589.1|A/cattle/Texas/24-008749-003/2024(H5N1)	1631	5904
HA|PP755589.1|A/cattle/Texas/24-008749-003/2024(H5N1)	1632	5912
HA|PP755589.1|A/cattle/Texas/24-008749-003/2024(H5N1)	1633	5912
HA|PP755589.1|A/cattle/Texas/24-008749-003/2024(H5N1)	1634	5909
HA|PP755589.1|A/cattle/Texas/24-008749-003/2024(H5N1)	1635	5903
HA|PP755589.1|A/cattle/Texas/24-008749-003/2024(H5N1)	1636	5854
HA|PP755589.1|A/cattle/Texas/24-008749-003/2024(H5N1)	1637	5843
HA|PP755589.1|A/cattle/Texas/24-008749-003/2024(H5N1)	1638	5797
HA|PP755589.1|A/cattle/Texas/24-008749-003/2024(H5N1)	1639	5780
HA|PP755589.1|A/cattle/Texas/24-008749-003/2024(H5N1)	1640	5766
HA|PP755589.1|A/cattle/Texas/24-008749-003/2024(H5N1)	1641	5724
HA|PP755589.1|A/cattle/Texas/24-008749-003/2024(H5N1)	1642	5686
HA|PP755589.1|A/cattle/Texas/24-008749-003/2024(H5N1)	1643	5682
HA|PP755589.1|A/cattle/Texas/24-008749-003/2024(H5N1)	1644	5649
HA|PP755589.1|A/cattle/Texas/24-008749-003/2024(H5N1)	1645	5629
HA|PP755589.1|A/cattle/Texas/24-008749-003/2024(H5N1)	1646	5617
HA|PP755589.1|A/cattle/Texas/24-008749-003/2024(H5N1)	1647	5486
HA|PP755589.1|A/cattle/Texas/24-008749-003/2024(H5N1)	1648	5489
HA|PP755589.1|A/cattle/Texas/24-008749-003/2024(H5N1)	1649	5494
HA|PP755589.1|A/cattle/Texas/24-008749-003/2024(H5N1)	1650	5473
HA|PP755589.1|A/cattle/Texas/24-008749-003/2024(H5N1)	1651	5407
HA|PP755589.1|A/cattle/Texas/24-008749-003/2024(H5N1)	1652	5367
HA|PP755589.1|A/cattle/Texas/24-008749-003/2024(H5N1)	1653	5378
HA|PP755589.1|A/cattle/Texas/24-008749-003/2024(H5N1)	1654	5365
HA|PP755589.1|A/cattle/Texas/24-008749-003/2024(H5N1)	1655	5221
HA|PP755589.1|A/cattle/Texas/24-008749-003/2024(H5N1)	1656	5210
HA|PP755589.1|A/cattle/Texas/24-008749-003/2024(H5N1)	1657	5065
HA|PP755589.1|A/cattle/Texas/24-008749-003/2024(H5N1)	1658	5014
HA|PP755589.1|A/cattle/Texas/24-008749-003/2024(H5N1)	1659	5002
HA|PP755589.1|A/cattle/Texas/24-008749-003/2024(H5N1)	1660	5000
HA|PP755589.1|A/cattle/Texas/24-008749-003/2024(H5N1)	1661	4999
HA|PP755589.1|A/cattle/Texas/24-008749-003/2024(H5N1)	1662	4806
HA|PP755589.1|A/cattle/Texas/24-008749-003/2024(H5N1)	1663	4736
HA|PP755589.1|A/cattle/Texas/24-008749-003/2024(H5N1)	1664	4612
HA|PP755589.1|A/cattle/Texas/24-008749-003/2024(H5N1)	1665	4613
HA|PP755589.1|A/cattle/Texas/24-008749-003/2024(H5N1)	1666	4444
HA|PP755589.1|A/cattle/Texas/24-008749-003/2024(H5N1)	1667	4438
HA|PP755589.1|A/cattle/Texas/24-008749-003/2024(H5N1)	1668	4357
HA|PP755589.1|A/cattle/Texas/24-008749-003/2024(H5N1)	1669	4353
HA|PP755589.1|A/cattle/Texas/24-008749-003/2024(H5N1)	1670	4305
HA|PP755589.1|A/cattle/Texas/24-008749-003/2024(H5N1)	1671	4225
HA|PP755589.1|A/cattle/Texas/24-008749-003/2024(H5N1)	1672	4220
HA|PP755589.1|A/cattle/Texas/24-008749-003/2024(H5N1)	1673	4218
HA|PP755589.1|A/cattle/Texas/24-008749-003/2024(H5N1)	1674	4179
HA|PP755589.1|A/cattle/Texas/24-008749-003/2024(H5N1)	1675	4168
HA|PP755589.1|A/cattle/Texas/24-008749-003/2024(H5N1)	1676	3971
HA|PP755589.1|A/cattle/Texas/24-008749-003/2024(H5N1)	1677	3939
HA|PP755589.1|A/cattle/Texas/24-008749-003/2024(H5N1)	1678	3931
HA|PP755589.1|A/cattle/Texas/24-008749-003/2024(H5N1)	1679	3809
HA|PP755589.1|A/cattle/Texas/24-008749-003/2024(H5N1)	1680	3805
HA|PP755589.1|A/cattle/Texas/24-008749-003/2024(H5N1)	1681	3799
HA|PP755589.1|A/cattle/Texas/24-008749-003/2024(H5N1)	1682	3799
HA|PP755589.1|A/cattle/Texas/24-008749-003/2024(H5N1)	1683	3799
HA|PP755589.1|A/cattle/Texas/24-008749-003/2024(H5N1)	1684	3783
HA|PP755589.1|A/cattle/Texas/24-008749-003/2024(H5N1)	1685	2997
HA|PP755589.1|A/cattle/Texas/24-008749-003/2024(H5N1)	1686	2985
HA|PP755589.1|A/cattle/Texas/24-008749-003/2024(H5N1)	1687	2847
HA|PP755589.1|A/cattle/Texas/24-008749-003/2024(H5N1)	1688	2846
HA|PP755589.1|A/cattle/Texas/24-008749-003/2024(H5N1)	1689	2845
HA|PP755589.1|A/cattle/Texas/24-008749-003/2024(H5N1)	1690	2699
HA|PP755589.1|A/cattle/Texas/24-008749-003/2024(H5N1)	1691	2699
HA|PP755589.1|A/cattle/Texas/24-008749-003/2024(H5N1)	1692	2694
HA|PP755589.1|A/cattle/Texas/24-008749-003/2024(H5N1)	1693	2693
HA|PP755589.1|A/cattle/Texas/24-008749-003/2024(H5N1)	1694	2689
HA|PP755589.1|A/cattle/Texas/24-008749-003/2024(H5N1)	1695	2487
HA|PP755589.1|A/cattle/Texas/24-008749-003/2024(H5N1)	1696	2483
HA|PP755589.1|A/cattle/Texas/24-008749-003/2024(H5N1)	1697	2469
HA|PP755589.1|A/cattle/Texas/24-008749-003/2024(H5N1)	1698	2468
HA|PP755589.1|A/cattle/Texas/24-008749-003/2024(H5N1)	1699	2468
HA|PP755589.1|A/cattle/Texas/24-008749-003/2024(H5N1)	1700	2391
HA|PP755589.1|A/cattle/Texas/24-008749-003/2024(H5N1)	1701	2371
HA|PP755589.1|A/cattle/Texas/24-008749-003/2024(H5N1)	1702	2357
HA|PP755589.1|A/cattle/Texas/24-008749-003/2024(H5N1)	1703	2353
HA|PP755589.1|A/cattle/Texas/24-008749-003/2024(H5N1)	1704	2318
