NS|PP755593.1|A/cattle/Texas/24-008749-003/2024(H5N1)	1	4486
NS|PP755593.1|A/cattle/Texas/24-008749-003/2024(H5N1)	2	4506
NS|PP755593.1|A/cattle/Texas/24-008749-003/2024(H5N1)	3	4616
NS|PP755593.1|A/cattle/Texas/24-008749-003/2024(H5N1)	4	4772
NS|PP755593.1|A/cattle/Texas/24-008749-003/2024(H5N1)	5	5020
NS|PP755593.1|A/cattle/Texas/24-008749-003/2024(H5N1)	6	7537
NS|PP755593.1|A/cattle/Texas/24-008749-003/2024(H5N1)	7	7542
NS|PP755593.1|A/cattle/Texas/24-008749-003/2024(H5N1)	8	7642
NS|PP755593.1|A/cattle/Texas/24-008749-003/2024(H5N1)	9	7781
NS|PP755593.1|A/cattle/Texas/24-008749-003/2024(H5N1)	10	7784
NS|PP755593.1|A/cattle/Texas/24-008749-003/2024(H5N1)	11	7905
NS|PP755593.1|A/cattle/Texas/24-008749-003/2024(H5N1)	12	7929
NS|PP755593.1|A/cattle/Texas/24-008749-003/2024(H5N1)	13	7943
NS|PP755593.1|A/cattle/Texas/24-008749-003/2024(H5N1)	14	7960
NS|PP755593.1|A/cattle/Texas/24-008749-003/2024(H5N1)	15	7978
NS|PP755593.1|A/cattle/Texas/24-008749-003/2024(H5N1)	16	8799
NS|PP755593.1|A/cattle/Texas/24-008749-003/2024(H5N1)	17	8828
NS|PP755593.1|A/cattle/Texas/24-008749-003/2024(H5N1)	18	8870
NS|PP755593.1|A/cattle/Texas/24-008749-003/2024(H5N1)	19	8871
NS|PP755593.1|A/cattle/Texas/24-008749-003/2024(H5N1)	20	8872
NS|PP755593.1|A/cattle/Texas/24-008749-003/2024(H5N1)	21	8902
NS|PP755593.1|A/cattle/Texas/24-008749-003/2024(H5N1)	22	8907
NS|PP755593.1|A/cattle/Texas/24-008749-003/2024(H5N1)	23	9039
NS|PP755593.1|A/cattle/Texas/24-008749-003/2024(H5N1)	24	9180
NS|PP755593.1|A/cattle/Texas/24-008749-003/2024(H5N1)	25	9193
NS|PP755593.1|A/cattle/Texas/24-008749-003/2024(H5N1)	26	9285
NS|PP755593.1|A/cattle/Texas/24-008749-003/2024(H5N1)	27	9290
NS|PP755593.1|A/cattle/Texas/24-008749-003/2024(H5N1)	28	9557
NS|PP755593.1|A/cattle/Texas/24-008749-003/2024(H5N1)	29	9560
NS|PP755593.1|A/cattle/Texas/24-008749-003/2024(H5N1)	30	9617
NS|PP755593.1|A/cattle/Texas/24-008749-003/2024(H5N1)	31	9655
NS|PP755593.1|A/cattle/Texas/24-008749-003/2024(H5N1)	32	9676
NS|PP755593.1|A/cattle/Texas/24-008749-003/2024(H5N1)	33	9700
NS|PP755593.1|A/cattle/Texas/24-008749-003/2024(H5N1)	34	9730
NS|PP755593.1|A/cattle/Texas/24-008749-003/2024(H5N1)	35	9811
NS|PP755593.1|A/cattle/Texas/24-008749-003/2024(H5N1)	36	9865
NS|PP755593.1|A/cattle/Texas/24-008749-003/2024(H5N1)	37	9888
NS|PP755593.1|A/cattle/Texas/24-008749-003/2024(H5N1)	38	10028
NS|PP755593.1|A/cattle/Texas/24-008749-003/2024(H5N1)	39	10062
NS|PP755593.1|A/cattle/Texas/24-008749-003/2024(H5N1)	40	10066
NS|PP755593.1|A/cattle/Texas/24-008749-003/2024(H5N1)	41	10137
NS|PP755593.1|A/cattle/Texas/24-008749-003/2024(H5N1)	42	10210
NS|PP755593.1|A/cattle/Texas/24-008749-003/2024(H5N1)	43	10278
NS|PP755593.1|A/cattle/Texas/24-008749-003/2024(H5N1)	44	10345
NS|PP755593.1|A/cattle/Texas/24-008749-003/2024(H5N1)	45	10349
NS|PP755593.1|A/cattle/Texas/24-008749-003/2024(H5N1)	46	10411
NS|PP755593.1|A/cattle/Texas/24-008749-003/2024(H5N1)	47	10429
NS|PP755593.1|A/cattle/Texas/24-008749-003/2024(H5N1)	48	10429
NS|PP755593.1|A/cattle/Texas/24-008749-003/2024(H5N1)	49	10481
NS|PP755593.1|A/cattle/Texas/24-008749-003/2024(H5N1)	50	10485
NS|PP755593.1|A/cattle/Texas/24-008749-003/2024(H5N1)	51	10731
NS|PP755593.1|A/cattle/Texas/24-008749-003/2024(H5N1)	52	10840
NS|PP755593.1|A/cattle/Texas/24-008749-003/2024(H5N1)	53	10899
NS|PP755593.1|A/cattle/Texas/24-008749-003/2024(H5N1)	54	10931
NS|PP755593.1|A/cattle/Texas/24-008749-003/2024(H5N1)	55	10946
NS|PP755593.1|A/cattle/Texas/24-008749-003/2024(H5N1)	56	10946
NS|PP755593.1|A/cattle/Texas/24-008749-003/2024(H5N1)	57	10956
NS|PP755593.1|A/cattle/Texas/24-008749-003/2024(H5N1)	58	11057
NS|PP755593.1|A/cattle/Texas/24-008749-003/2024(H5N1)	59	11061
NS|PP755593.1|A/cattle/Texas/24-008749-003/2024(H5N1)	60	11104
NS|PP755593.1|A/cattle/Texas/24-008749-003/2024(H5N1)	61	11183
NS|PP755593.1|A/cattle/Texas/24-008749-003/2024(H5N1)	62	11194
NS|PP755593.1|A/cattle/Texas/24-008749-003/2024(H5N1)	63	11204
NS|PP755593.1|A/cattle/Texas/24-008749-003/2024(H5N1)	64	11226
NS|PP755593.1|A/cattle/Texas/24-008749-003/2024(H5N1)	65	11243
NS|PP755593.1|A/cattle/Texas/24-008749-003/2024(H5N1)	66	11256
NS|PP755593.1|A/cattle/Texas/24-008749-003/2024(H5N1)	67	11256
NS|PP755593.1|A/cattle/Texas/24-008749-003/2024(H5N1)	68	11306
NS|PP755593.1|A/cattle/Texas/24-008749-003/2024(H5N1)	69	11303
NS|PP755593.1|A/cattle/Texas/24-008749-003/2024(H5N1)	70	11406
NS|PP755593.1|A/cattle/Texas/24-008749-003/2024(H5N1)	71	11793
NS|PP755593.1|A/cattle/Texas/24-008749-003/2024(H5N1)	72	11938
NS|PP755593.1|A/cattle/Texas/24-008749-003/2024(H5N1)	73	11963
NS|PP755593.1|A/cattle/Texas/24-008749-003/2024(H5N1)	74	11973
NS|PP755593.1|A/cattle/Texas/24-008749-003/2024(H5N1)	75	12001
NS|PP755593.1|A/cattle/Texas/24-008749-003/2024(H5N1)	76	12492
NS|PP755593.1|A/cattle/Texas/24-008749-003/2024(H5N1)	77	12511
NS|PP755593.1|A/cattle/Texas/24-008749-003/2024(H5N1)	78	12532
NS|PP755593.1|A/cattle/Texas/24-008749-003/2024(H5N1)	79	12537
NS|PP755593.1|A/cattle/Texas/24-008749-003/2024(H5N1)	80	12483
NS|PP755593.1|A/cattle/Texas/24-008749-003/2024(H5N1)	81	12672
NS|PP755593.1|A/cattle/Texas/24-008749-003/2024(H5N1)	82	12694
NS|PP755593.1|A/cattle/Texas/24-008749-003/2024(H5N1)	83	12828
NS|PP755593.1|A/cattle/Texas/24-008749-003/2024(H5N1)	84	12831
NS|PP755593.1|A/cattle/Texas/24-008749-003/2024(H5N1)	85	12770
NS|PP755593.1|A/cattle/Texas/24-008749-003/2024(H5N1)	86	12797
NS|PP755593.1|A/cattle/Texas/24-008749-003/2024(H5N1)	87	12891
NS|PP755593.1|A/cattle/Texas/24-008749-003/2024(H5N1)	88	13111
NS|PP755593.1|A/cattle/Texas/24-008749-003/2024(H5N1)	89	13336
NS|PP755593.1|A/cattle/Texas/24-008749-003/2024(H5N1)	90	13342
NS|PP755593.1|A/cattle/Texas/24-008749-003/2024(H5N1)	91	13359
NS|PP755593.1|A/cattle/Texas/24-008749-003/2024(H5N1)	92	13332
NS|PP755593.1|A/cattle/Texas/24-008749-003/2024(H5N1)	93	13352
NS|PP755593.1|A/cattle/Texas/24-008749-003/2024(H5N1)	94	13569
NS|PP755593.1|A/cattle/Texas/24-008749-003/2024(H5N1)	95	13712
NS|PP755593.1|A/cattle/Texas/24-008749-003/2024(H5N1)	96	13889
NS|PP755593.1|A/cattle/Texas/24-008749-003/2024(H5N1)	97	13882
NS|PP755593.1|A/cattle/Texas/24-008749-003/2024(H5N1)	98	13908
NS|PP755593.1|A/cattle/Texas/24-008749-003/2024(H5N1)	99	13907
NS|PP755593.1|A/cattle/Texas/24-008749-003/2024(H5N1)	100	13934
NS|PP755593.1|A/cattle/Texas/24-008749-003/2024(H5N1)	101	13949
NS|PP755593.1|A/cattle/Texas/24-008749-003/2024(H5N1)	102	13946
NS|PP755593.1|A/cattle/Texas/24-008749-003/2024(H5N1)	103	14030
NS|PP755593.1|A/cattle/Texas/24-008749-003/2024(H5N1)	104	14007
NS|PP755593.1|A/cattle/Texas/24-008749-003/2024(H5N1)	105	14536
NS|PP755593.1|A/cattle/Texas/24-008749-003/2024(H5N1)	106	14540
NS|PP755593.1|A/cattle/Texas/24-008749-003/2024(H5N1)	107	14549
NS|PP755593.1|A/cattle/Texas/24-008749-003/2024(H5N1)	108	14595
NS|PP755593.1|A/cattle/Texas/24-008749-003/2024(H5N1)	109	14908
NS|PP755593.1|A/cattle/Texas/24-008749-003/2024(H5N1)	110	15016
NS|PP755593.1|A/cattle/Texas/24-008749-003/2024(H5N1)	111	15026
NS|PP755593.1|A/cattle/Texas/24-008749-003/2024(H5N1)	112	15023
NS|PP755593.1|A/cattle/Texas/24-008749-003/2024(H5N1)	113	15020
NS|PP755593.1|A/cattle/Texas/24-008749-003/2024(H5N1)	114	14955
NS|PP755593.1|A/cattle/Texas/24-008749-003/2024(H5N1)	115	15276
NS|PP755593.1|A/cattle/Texas/24-008749-003/2024(H5N1)	116	15578
NS|PP755593.1|A/cattle/Texas/24-008749-003/2024(H5N1)	117	15640
NS|PP755593.1|A/cattle/Texas/24-008749-003/2024(H5N1)	118	15631
NS|PP755593.1|A/cattle/Texas/24-008749-003/2024(H5N1)	119	15582
NS|PP755593.1|A/cattle/Texas/24-008749-003/2024(H5N1)	120	15561
NS|PP755593.1|A/cattle/Texas/24-008749-003/2024(H5N1)	121	15685
NS|PP755593.1|A/cattle/Texas/24-008749-003/2024(H5N1)	122	15667
NS|PP755593.1|A/cattle/Texas/24-008749-003/2024(H5N1)	123	15807
NS|PP755593.1|A/cattle/Texas/24-008749-003/2024(H5N1)	124	16352
NS|PP755593.1|A/cattle/Texas/24-008749-003/2024(H5N1)	125	13571
NS|PP755593.1|A/cattle/Texas/24-008749-003/2024(H5N1)	126	13569
NS|PP755593.1|A/cattle/Texas/24-008749-003/2024(H5N1)	127	13589
NS|PP755593.1|A/cattle/Texas/24-008749-003/2024(H5N1)	128	13598
NS|PP755593.1|A/cattle/Texas/24-008749-003/2024(H5N1)	129	13636
NS|PP755593.1|A/cattle/Texas/24-008749-003/2024(H5N1)	130	13558
NS|PP755593.1|A/cattle/Texas/24-008749-003/2024(H5N1)	131	13759
NS|PP755593.1|A/cattle/Texas/24-008749-003/2024(H5N1)	132	13737
NS|PP755593.1|A/cattle/Texas/24-008749-003/2024(H5N1)	133	13839
NS|PP755593.1|A/cattle/Texas/24-008749-003/2024(H5N1)	134	13914
NS|PP755593.1|A/cattle/Texas/24-008749-003/2024(H5N1)	135	13920
NS|PP755593.1|A/cattle/Texas/24-008749-003/2024(H5N1)	136	13838
NS|PP755593.1|A/cattle/Texas/24-008749-003/2024(H5N1)	137	13833
NS|PP755593.1|A/cattle/Texas/24-008749-003/2024(H5N1)	138	14054
NS|PP755593.1|A/cattle/Texas/24-008749-003/2024(H5N1)	139	14103
NS|PP755593.1|A/cattle/Texas/24-008749-003/2024(H5N1)	140	14409
NS|PP755593.1|A/cattle/Texas/24-008749-003/2024(H5N1)	141	14376
NS|PP755593.1|A/cattle/Texas/24-008749-003/2024(H5N1)	142	14340
NS|PP755593.1|A/cattle/Texas/24-008749-003/2024(H5N1)	143	14390
NS|PP755593.1|A/cattle/Texas/24-008749-003/2024(H5N1)	144	14620
NS|PP755593.1|A/cattle/Texas/24-008749-003/2024(H5N1)	145	14607
NS|PP755593.1|A/cattle/Texas/24-008749-003/2024(H5N1)	146	15138
NS|PP755593.1|A/cattle/Texas/24-008749-003/2024(H5N1)	147	15155
NS|PP755593.1|A/cattle/Texas/24-008749-003/2024(H5N1)	148	15150
NS|PP755593.1|A/cattle/Texas/24-008749-003/2024(H5N1)	149	15344
NS|PP755593.1|A/cattle/Texas/24-008749-003/2024(H5N1)	150	15337
NS|PP755593.1|A/cattle/Texas/24-008749-003/2024(H5N1)	151	15749
NS|PP755593.1|A/cattle/Texas/24-008749-003/2024(H5N1)	152	15822
NS|PP755593.1|A/cattle/Texas/24-008749-003/2024(H5N1)	153	15921
NS|PP755593.1|A/cattle/Texas/24-008749-003/2024(H5N1)	154	13533
NS|PP755593.1|A/cattle/Texas/24-008749-003/2024(H5N1)	155	13249
NS|PP755593.1|A/cattle/Texas/24-008749-003/2024(H5N1)	156	13291
NS|PP755593.1|A/cattle/Texas/24-008749-003/2024(H5N1)	157	13287
NS|PP755593.1|A/cattle/Texas/24-008749-003/2024(H5N1)	158	13359
NS|PP755593.1|A/cattle/Texas/24-008749-003/2024(H5N1)	159	13458
NS|PP755593.1|A/cattle/Texas/24-008749-003/2024(H5N1)	160	13285
NS|PP755593.1|A/cattle/Texas/24-008749-003/2024(H5N1)	161	13283
NS|PP755593.1|A/cattle/Texas/24-008749-003/2024(H5N1)	162	13201
NS|PP755593.1|A/cattle/Texas/24-008749-003/2024(H5N1)	163	13210
NS|PP755593.1|A/cattle/Texas/24-008749-003/2024(H5N1)	164	13728
NS|PP755593.1|A/cattle/Texas/24-008749-003/2024(H5N1)	165	13716
NS|PP755593.1|A/cattle/Texas/24-008749-003/2024(H5N1)	166	13937
NS|PP755593.1|A/cattle/Texas/24-008749-003/2024(H5N1)	167	13204
NS|PP755593.1|A/cattle/Texas/24-008749-003/2024(H5N1)	168	13260
NS|PP755593.1|A/cattle/Texas/24-008749-003/2024(H5N1)	169	13236
NS|PP755593.1|A/cattle/Texas/24-008749-003/2024(H5N1)	170	13432
NS|PP755593.1|A/cattle/Texas/24-008749-003/2024(H5N1)	171	13611
NS|PP755593.1|A/cattle/Texas/24-008749-003/2024(H5N1)	172	13607
NS|PP755593.1|A/cattle/Texas/24-008749-003/2024(H5N1)	173	13438
NS|PP755593.1|A/cattle/Texas/24-008749-003/2024(H5N1)	174	13438
NS|PP755593.1|A/cattle/Texas/24-008749-003/2024(H5N1)	175	13464
NS|PP755593.1|A/cattle/Texas/24-008749-003/2024(H5N1)	176	13615
NS|PP755593.1|A/cattle/Texas/24-008749-003/2024(H5N1)	177	13542
NS|PP755593.1|A/cattle/Texas/24-008749-003/2024(H5N1)	178	13532
NS|PP755593.1|A/cattle/Texas/24-008749-003/2024(H5N1)	179	13289
NS|PP755593.1|A/cattle/Texas/24-008749-003/2024(H5N1)	180	13276
NS|PP755593.1|A/cattle/Texas/24-008749-003/2024(H5N1)	181	13392
NS|PP755593.1|A/cattle/Texas/24-008749-003/2024(H5N1)	182	13463
NS|PP755593.1|A/cattle/Texas/24-008749-003/2024(H5N1)	183	13495
NS|PP755593.1|A/cattle/Texas/24-008749-003/2024(H5N1)	184	13486
NS|PP755593.1|A/cattle/Texas/24-008749-003/2024(H5N1)	185	13395
NS|PP755593.1|A/cattle/Texas/24-008749-003/2024(H5N1)	186	13548
NS|PP755593.1|A/cattle/Texas/24-008749-003/2024(H5N1)	187	13525
NS|PP755593.1|A/cattle/Texas/24-008749-003/2024(H5N1)	188	13584
NS|PP755593.1|A/cattle/Texas/24-008749-003/2024(H5N1)	189	13482
NS|PP755593.1|A/cattle/Texas/24-008749-003/2024(H5N1)	190	13550
NS|PP755593.1|A/cattle/Texas/24-008749-003/2024(H5N1)	191	13572
NS|PP755593.1|A/cattle/Texas/24-008749-003/2024(H5N1)	192	13514
NS|PP755593.1|A/cattle/Texas/24-008749-003/2024(H5N1)	193	13871
NS|PP755593.1|A/cattle/Texas/24-008749-003/2024(H5N1)	194	13812
NS|PP755593.1|A/cattle/Texas/24-008749-003/2024(H5N1)	195	13792
NS|PP755593.1|A/cattle/Texas/24-008749-003/2024(H5N1)	196	13927
NS|PP755593.1|A/cattle/Texas/24-008749-003/2024(H5N1)	197	13859
NS|PP755593.1|A/cattle/Texas/24-008749-003/2024(H5N1)	198	13844
NS|PP755593.1|A/cattle/Texas/24-008749-003/2024(H5N1)	199	13858
NS|PP755593.1|A/cattle/Texas/24-008749-003/2024(H5N1)	200	14000
NS|PP755593.1|A/cattle/Texas/24-008749-003/2024(H5N1)	201	14185
NS|PP755593.1|A/cattle/Texas/24-008749-003/2024(H5N1)	202	14000
NS|PP755593.1|A/cattle/Texas/24-008749-003/2024(H5N1)	203	14040
NS|PP755593.1|A/cattle/Texas/24-008749-003/2024(H5N1)	204	13982
NS|PP755593.1|A/cattle/Texas/24-008749-003/2024(H5N1)	205	14547
NS|PP755593.1|A/cattle/Texas/24-008749-003/2024(H5N1)	206	14566
NS|PP755593.1|A/cattle/Texas/24-008749-003/2024(H5N1)	207	14582
NS|PP755593.1|A/cattle/Texas/24-008749-003/2024(H5N1)	208	14598
NS|PP755593.1|A/cattle/Texas/24-008749-003/2024(H5N1)	209	14472
NS|PP755593.1|A/cattle/Texas/24-008749-003/2024(H5N1)	210	14508
NS|PP755593.1|A/cattle/Texas/24-008749-003/2024(H5N1)	211	14522
NS|PP755593.1|A/cattle/Texas/24-008749-003/2024(H5N1)	212	14992
NS|PP755593.1|A/cattle/Texas/24-008749-003/2024(H5N1)	213	14981
NS|PP755593.1|A/cattle/Texas/24-008749-003/2024(H5N1)	214	15036
NS|PP755593.1|A/cattle/Texas/24-008749-003/2024(H5N1)	215	15064
NS|PP755593.1|A/cattle/Texas/24-008749-003/2024(H5N1)	216	15146
NS|PP755593.1|A/cattle/Texas/24-008749-003/2024(H5N1)	217	15137
NS|PP755593.1|A/cattle/Texas/24-008749-003/2024(H5N1)	218	15152
NS|PP755593.1|A/cattle/Texas/24-008749-003/2024(H5N1)	219	15136
NS|PP755593.1|A/cattle/Texas/24-008749-003/2024(H5N1)	220	15099
NS|PP755593.1|A/cattle/Texas/24-008749-003/2024(H5N1)	221	15128
NS|PP755593.1|A/cattle/Texas/24-008749-003/2024(H5N1)	222	14729
NS|PP755593.1|A/cattle/Texas/24-008749-003/2024(H5N1)	223	14651
NS|PP755593.1|A/cattle/Texas/24-008749-003/2024(H5N1)	224	14640
NS|PP755593.1|A/cattle/Texas/24-008749-003/2024(H5N1)	225	14632
NS|PP755593.1|A/cattle/Texas/24-008749-003/2024(H5N1)	226	14687
NS|PP755593.1|A/cattle/Texas/24-008749-003/2024(H5N1)	227	14264
NS|PP755593.1|A/cattle/Texas/24-008749-003/2024(H5N1)	228	14280
NS|PP755593.1|A/cattle/Texas/24-008749-003/2024(H5N1)	229	14359
NS|PP755593.1|A/cattle/Texas/24-008749-003/2024(H5N1)	230	14392
NS|PP755593.1|A/cattle/Texas/24-008749-003/2024(H5N1)	231	14558
NS|PP755593.1|A/cattle/Texas/24-008749-003/2024(H5N1)	232	14564
NS|PP755593.1|A/cattle/Texas/24-008749-003/2024(H5N1)	233	14606
NS|PP755593.1|A/cattle/Texas/24-008749-003/2024(H5N1)	234	14478
NS|PP755593.1|A/cattle/Texas/24-008749-003/2024(H5N1)	235	14474
NS|PP755593.1|A/cattle/Texas/24-008749-003/2024(H5N1)	236	14675
NS|PP755593.1|A/cattle/Texas/24-008749-003/2024(H5N1)	237	14708
NS|PP755593.1|A/cattle/Texas/24-008749-003/2024(H5N1)	238	15016
NS|PP755593.1|A/cattle/Texas/24-008749-003/2024(H5N1)	239	14793
NS|PP755593.1|A/cattle/Texas/24-008749-003/2024(H5N1)	240	14808
NS|PP755593.1|A/cattle/Texas/24-008749-003/2024(H5N1)	241	14827
NS|PP755593.1|A/cattle/Texas/24-008749-003/2024(H5N1)	242	14820
NS|PP755593.1|A/cattle/Texas/24-008749-003/2024(H5N1)	243	14846
NS|PP755593.1|A/cattle/Texas/24-008749-003/2024(H5N1)	244	14842
NS|PP755593.1|A/cattle/Texas/24-008749-003/2024(H5N1)	245	14683
NS|PP755593.1|A/cattle/Texas/24-008749-003/2024(H5N1)	246	14879
NS|PP755593.1|A/cattle/Texas/24-008749-003/2024(H5N1)	247	14704
NS|PP755593.1|A/cattle/Texas/24-008749-003/2024(H5N1)	248	14645
NS|PP755593.1|A/cattle/Texas/24-008749-003/2024(H5N1)	249	14581
NS|PP755593.1|A/cattle/Texas/24-008749-003/2024(H5N1)	250	14869
NS|PP755593.1|A/cattle/Texas/24-008749-003/2024(H5N1)	251	14941
NS|PP755593.1|A/cattle/Texas/24-008749-003/2024(H5N1)	252	14956
NS|PP755593.1|A/cattle/Texas/24-008749-003/2024(H5N1)	253	15013
NS|PP755593.1|A/cattle/Texas/24-008749-003/2024(H5N1)	254	14655
NS|PP755593.1|A/cattle/Texas/24-008749-003/2024(H5N1)	255	14349
NS|PP755593.1|A/cattle/Texas/24-008749-003/2024(H5N1)	256	14650
NS|PP755593.1|A/cattle/Texas/24-008749-003/2024(H5N1)	257	14866
NS|PP755593.1|A/cattle/Texas/24-008749-003/2024(H5N1)	258	14856
NS|PP755593.1|A/cattle/Texas/24-008749-003/2024(H5N1)	259	14893
NS|PP755593.1|A/cattle/Texas/24-008749-003/2024(H5N1)	260	14467
NS|PP755593.1|A/cattle/Texas/24-008749-003/2024(H5N1)	261	14563
NS|PP755593.1|A/cattle/Texas/24-008749-003/2024(H5N1)	262	14637
NS|PP755593.1|A/cattle/Texas/24-008749-003/2024(H5N1)	263	14635
NS|PP755593.1|A/cattle/Texas/24-008749-003/2024(H5N1)	264	14555
NS|PP755593.1|A/cattle/Texas/24-008749-003/2024(H5N1)	265	14242
NS|PP755593.1|A/cattle/Texas/24-008749-003/2024(H5N1)	266	14743
NS|PP755593.1|A/cattle/Texas/24-008749-003/2024(H5N1)	267	14779
NS|PP755593.1|A/cattle/Texas/24-008749-003/2024(H5N1)	268	14732
NS|PP755593.1|A/cattle/Texas/24-008749-003/2024(H5N1)	269	14750
NS|PP755593.1|A/cattle/Texas/24-008749-003/2024(H5N1)	270	14653
NS|PP755593.1|A/cattle/Texas/24-008749-003/2024(H5N1)	271	14688
NS|PP755593.1|A/cattle/Texas/24-008749-003/2024(H5N1)	272	14510
NS|PP755593.1|A/cattle/Texas/24-008749-003/2024(H5N1)	273	14299
NS|PP755593.1|A/cattle/Texas/24-008749-003/2024(H5N1)	274	14369
NS|PP755593.1|A/cattle/Texas/24-008749-003/2024(H5N1)	275	13830
NS|PP755593.1|A/cattle/Texas/24-008749-003/2024(H5N1)	276	13698
NS|PP755593.1|A/cattle/Texas/24-008749-003/2024(H5N1)	277	13692
NS|PP755593.1|A/cattle/Texas/24-008749-003/2024(H5N1)	278	13787
NS|PP755593.1|A/cattle/Texas/24-008749-003/2024(H5N1)	279	13777
NS|PP755593.1|A/cattle/Texas/24-008749-003/2024(H5N1)	280	13764
NS|PP755593.1|A/cattle/Texas/24-008749-003/2024(H5N1)	281	14068
NS|PP755593.1|A/cattle/Texas/24-008749-003/2024(H5N1)	282	14045
NS|PP755593.1|A/cattle/Texas/24-008749-003/2024(H5N1)	283	14116
NS|PP755593.1|A/cattle/Texas/24-008749-003/2024(H5N1)	284	14099
NS|PP755593.1|A/cattle/Texas/24-008749-003/2024(H5N1)	285	14089
NS|PP755593.1|A/cattle/Texas/24-008749-003/2024(H5N1)	286	14087
NS|PP755593.1|A/cattle/Texas/24-008749-003/2024(H5N1)	287	15301
NS|PP755593.1|A/cattle/Texas/24-008749-003/2024(H5N1)	288	15281
NS|PP755593.1|A/cattle/Texas/24-008749-003/2024(H5N1)	289	15113
NS|PP755593.1|A/cattle/Texas/24-008749-003/2024(H5N1)	290	14704
NS|PP755593.1|A/cattle/Texas/24-008749-003/2024(H5N1)	291	15030
NS|PP755593.1|A/cattle/Texas/24-008749-003/2024(H5N1)	292	15277
NS|PP755593.1|A/cattle/Texas/24-008749-003/2024(H5N1)	293	15359
NS|PP755593.1|A/cattle/Texas/24-008749-003/2024(H5N1)	294	15440
NS|PP755593.1|A/cattle/Texas/24-008749-003/2024(H5N1)	295	15446
NS|PP755593.1|A/cattle/Texas/24-008749-003/2024(H5N1)	296	15081
NS|PP755593.1|A/cattle/Texas/24-008749-003/2024(H5N1)	297	15081
NS|PP755593.1|A/cattle/Texas/24-008749-003/2024(H5N1)	298	15085
NS|PP755593.1|A/cattle/Texas/24-008749-003/2024(H5N1)	299	15087
NS|PP755593.1|A/cattle/Texas/24-008749-003/2024(H5N1)	300	14859
NS|PP755593.1|A/cattle/Texas/24-008749-003/2024(H5N1)	301	14927
NS|PP755593.1|A/cattle/Texas/24-008749-003/2024(H5N1)	302	14536
NS|PP755593.1|A/cattle/Texas/24-008749-003/2024(H5N1)	303	14501
NS|PP755593.1|A/cattle/Texas/24-008749-003/2024(H5N1)	304	14434
NS|PP755593.1|A/cattle/Texas/24-008749-003/2024(H5N1)	305	14914
NS|PP755593.1|A/cattle/Texas/24-008749-003/2024(H5N1)	306	15158
NS|PP755593.1|A/cattle/Texas/24-008749-003/2024(H5N1)	307	15194
NS|PP755593.1|A/cattle/Texas/24-008749-003/2024(H5N1)	308	15189
NS|PP755593.1|A/cattle/Texas/24-008749-003/2024(H5N1)	309	15100
NS|PP755593.1|A/cattle/Texas/24-008749-003/2024(H5N1)	310	15066
NS|PP755593.1|A/cattle/Texas/24-008749-003/2024(H5N1)	311	15114
NS|PP755593.1|A/cattle/Texas/24-008749-003/2024(H5N1)	312	15256
NS|PP755593.1|A/cattle/Texas/24-008749-003/2024(H5N1)	313	15419
NS|PP755593.1|A/cattle/Texas/24-008749-003/2024(H5N1)	314	14881
NS|PP755593.1|A/cattle/Texas/24-008749-003/2024(H5N1)	315	14657
NS|PP755593.1|A/cattle/Texas/24-008749-003/2024(H5N1)	316	14623
NS|PP755593.1|A/cattle/Texas/24-008749-003/2024(H5N1)	317	14686
NS|PP755593.1|A/cattle/Texas/24-008749-003/2024(H5N1)	318	14665
NS|PP755593.1|A/cattle/Texas/24-008749-003/2024(H5N1)	319	14779
NS|PP755593.1|A/cattle/Texas/24-008749-003/2024(H5N1)	320	14763
NS|PP755593.1|A/cattle/Texas/24-008749-003/2024(H5N1)	321	14558
NS|PP755593.1|A/cattle/Texas/24-008749-003/2024(H5N1)	322	14396
NS|PP755593.1|A/cattle/Texas/24-008749-003/2024(H5N1)	323	14480
NS|PP755593.1|A/cattle/Texas/24-008749-003/2024(H5N1)	324	14451
NS|PP755593.1|A/cattle/Texas/24-008749-003/2024(H5N1)	325	14443
NS|PP755593.1|A/cattle/Texas/24-008749-003/2024(H5N1)	326	14408
NS|PP755593.1|A/cattle/Texas/24-008749-003/2024(H5N1)	327	14287
NS|PP755593.1|A/cattle/Texas/24-008749-003/2024(H5N1)	328	14278
NS|PP755593.1|A/cattle/Texas/24-008749-003/2024(H5N1)	329	14285
NS|PP755593.1|A/cattle/Texas/24-008749-003/2024(H5N1)	330	14233
NS|PP755593.1|A/cattle/Texas/24-008749-003/2024(H5N1)	331	14271
NS|PP755593.1|A/cattle/Texas/24-008749-003/2024(H5N1)	332	14075
NS|PP755593.1|A/cattle/Texas/24-008749-003/2024(H5N1)	333	14068
NS|PP755593.1|A/cattle/Texas/24-008749-003/2024(H5N1)	334	14037
NS|PP755593.1|A/cattle/Texas/24-008749-003/2024(H5N1)	335	14037
NS|PP755593.1|A/cattle/Texas/24-008749-003/2024(H5N1)	336	14016
NS|PP755593.1|A/cattle/Texas/24-008749-003/2024(H5N1)	337	14064
NS|PP755593.1|A/cattle/Texas/24-008749-003/2024(H5N1)	338	14089
NS|PP755593.1|A/cattle/Texas/24-008749-003/2024(H5N1)	339	13974
NS|PP755593.1|A/cattle/Texas/24-008749-003/2024(H5N1)	340	13929
NS|PP755593.1|A/cattle/Texas/24-008749-003/2024(H5N1)	341	14042
NS|PP755593.1|A/cattle/Texas/24-008749-003/2024(H5N1)	342	14110
NS|PP755593.1|A/cattle/Texas/24-008749-003/2024(H5N1)	343	13793
NS|PP755593.1|A/cattle/Texas/24-008749-003/2024(H5N1)	344	13801
NS|PP755593.1|A/cattle/Texas/24-008749-003/2024(H5N1)	345	13867
NS|PP755593.1|A/cattle/Texas/24-008749-003/2024(H5N1)	346	13718
NS|PP755593.1|A/cattle/Texas/24-008749-003/2024(H5N1)	347	14308
NS|PP755593.1|A/cattle/Texas/24-008749-003/2024(H5N1)	348	14342
NS|PP755593.1|A/cattle/Texas/24-008749-003/2024(H5N1)	349	14347
NS|PP755593.1|A/cattle/Texas/24-008749-003/2024(H5N1)	350	14188
NS|PP755593.1|A/cattle/Texas/24-008749-003/2024(H5N1)	351	14009
NS|PP755593.1|A/cattle/Texas/24-008749-003/2024(H5N1)	352	13965
NS|PP755593.1|A/cattle/Texas/24-008749-003/2024(H5N1)	353	14403
NS|PP755593.1|A/cattle/Texas/24-008749-003/2024(H5N1)	354	14640
NS|PP755593.1|A/cattle/Texas/24-008749-003/2024(H5N1)	355	14822
NS|PP755593.1|A/cattle/Texas/24-008749-003/2024(H5N1)	356	14171
NS|PP755593.1|A/cattle/Texas/24-008749-003/2024(H5N1)	357	14195
NS|PP755593.1|A/cattle/Texas/24-008749-003/2024(H5N1)	358	14317
NS|PP755593.1|A/cattle/Texas/24-008749-003/2024(H5N1)	359	14385
NS|PP755593.1|A/cattle/Texas/24-008749-003/2024(H5N1)	360	14482
NS|PP755593.1|A/cattle/Texas/24-008749-003/2024(H5N1)	361	14422
NS|PP755593.1|A/cattle/Texas/24-008749-003/2024(H5N1)	362	13831
NS|PP755593.1|A/cattle/Texas/24-008749-003/2024(H5N1)	363	13923
NS|PP755593.1|A/cattle/Texas/24-008749-003/2024(H5N1)	364	14061
NS|PP755593.1|A/cattle/Texas/24-008749-003/2024(H5N1)	365	14336
NS|PP755593.1|A/cattle/Texas/24-008749-003/2024(H5N1)	366	14301
NS|PP755593.1|A/cattle/Texas/24-008749-003/2024(H5N1)	367	14639
NS|PP755593.1|A/cattle/Texas/24-008749-003/2024(H5N1)	368	14648
NS|PP755593.1|A/cattle/Texas/24-008749-003/2024(H5N1)	369	14719
NS|PP755593.1|A/cattle/Texas/24-008749-003/2024(H5N1)	370	14750
NS|PP755593.1|A/cattle/Texas/24-008749-003/2024(H5N1)	371	14733
NS|PP755593.1|A/cattle/Texas/24-008749-003/2024(H5N1)	372	14665
NS|PP755593.1|A/cattle/Texas/24-008749-003/2024(H5N1)	373	14867
NS|PP755593.1|A/cattle/Texas/24-008749-003/2024(H5N1)	374	14857
NS|PP755593.1|A/cattle/Texas/24-008749-003/2024(H5N1)	375	14929
NS|PP755593.1|A/cattle/Texas/24-008749-003/2024(H5N1)	376	14824
NS|PP755593.1|A/cattle/Texas/24-008749-003/2024(H5N1)	377	14806
NS|PP755593.1|A/cattle/Texas/24-008749-003/2024(H5N1)	378	15052
NS|PP755593.1|A/cattle/Texas/24-008749-003/2024(H5N1)	379	15053
NS|PP755593.1|A/cattle/Texas/24-008749-003/2024(H5N1)	380	15263
NS|PP755593.1|A/cattle/Texas/24-008749-003/2024(H5N1)	381	15176
NS|PP755593.1|A/cattle/Texas/24-008749-003/2024(H5N1)	382	15024
NS|PP755593.1|A/cattle/Texas/24-008749-003/2024(H5N1)	383	15050
NS|PP755593.1|A/cattle/Texas/24-008749-003/2024(H5N1)	384	14983
NS|PP755593.1|A/cattle/Texas/24-008749-003/2024(H5N1)	385	15059
NS|PP755593.1|A/cattle/Texas/24-008749-003/2024(H5N1)	386	15063
NS|PP755593.1|A/cattle/Texas/24-008749-003/2024(H5N1)	387	14827
NS|PP755593.1|A/cattle/Texas/24-008749-003/2024(H5N1)	388	14742
NS|PP755593.1|A/cattle/Texas/24-008749-003/2024(H5N1)	389	14380
NS|PP755593.1|A/cattle/Texas/24-008749-003/2024(H5N1)	390	14360
NS|PP755593.1|A/cattle/Texas/24-008749-003/2024(H5N1)	391	14284
NS|PP755593.1|A/cattle/Texas/24-008749-003/2024(H5N1)	392	14287
NS|PP755593.1|A/cattle/Texas/24-008749-003/2024(H5N1)	393	14297
NS|PP755593.1|A/cattle/Texas/24-008749-003/2024(H5N1)	394	14323
NS|PP755593.1|A/cattle/Texas/24-008749-003/2024(H5N1)	395	14221
NS|PP755593.1|A/cattle/Texas/24-008749-003/2024(H5N1)	396	14285
NS|PP755593.1|A/cattle/Texas/24-008749-003/2024(H5N1)	397	14078
NS|PP755593.1|A/cattle/Texas/24-008749-003/2024(H5N1)	398	14343
NS|PP755593.1|A/cattle/Texas/24-008749-003/2024(H5N1)	399	14302
NS|PP755593.1|A/cattle/Texas/24-008749-003/2024(H5N1)	400	14313
NS|PP755593.1|A/cattle/Texas/24-008749-003/2024(H5N1)	401	14380
NS|PP755593.1|A/cattle/Texas/24-008749-003/2024(H5N1)	402	14337
NS|PP755593.1|A/cattle/Texas/24-008749-003/2024(H5N1)	403	14260
NS|PP755593.1|A/cattle/Texas/24-008749-003/2024(H5N1)	404	14343
NS|PP755593.1|A/cattle/Texas/24-008749-003/2024(H5N1)	405	14415
NS|PP755593.1|A/cattle/Texas/24-008749-003/2024(H5N1)	406	14445
NS|PP755593.1|A/cattle/Texas/24-008749-003/2024(H5N1)	407	14146
NS|PP755593.1|A/cattle/Texas/24-008749-003/2024(H5N1)	408	13979
NS|PP755593.1|A/cattle/Texas/24-008749-003/2024(H5N1)	409	14268
NS|PP755593.1|A/cattle/Texas/24-008749-003/2024(H5N1)	410	14223
NS|PP755593.1|A/cattle/Texas/24-008749-003/2024(H5N1)	411	14250
NS|PP755593.1|A/cattle/Texas/24-008749-003/2024(H5N1)	412	14231
NS|PP755593.1|A/cattle/Texas/24-008749-003/2024(H5N1)	413	14187
NS|PP755593.1|A/cattle/Texas/24-008749-003/2024(H5N1)	414	14046
NS|PP755593.1|A/cattle/Texas/24-008749-003/2024(H5N1)	415	14002
NS|PP755593.1|A/cattle/Texas/24-008749-003/2024(H5N1)	416	13989
NS|PP755593.1|A/cattle/Texas/24-008749-003/2024(H5N1)	417	13506
NS|PP755593.1|A/cattle/Texas/24-008749-003/2024(H5N1)	418	13502
NS|PP755593.1|A/cattle/Texas/24-008749-003/2024(H5N1)	419	13507
NS|PP755593.1|A/cattle/Texas/24-008749-003/2024(H5N1)	420	13765
NS|PP755593.1|A/cattle/Texas/24-008749-003/2024(H5N1)	421	13800
NS|PP755593.1|A/cattle/Texas/24-008749-003/2024(H5N1)	422	14426
NS|PP755593.1|A/cattle/Texas/24-008749-003/2024(H5N1)	423	14508
NS|PP755593.1|A/cattle/Texas/24-008749-003/2024(H5N1)	424	14523
NS|PP755593.1|A/cattle/Texas/24-008749-003/2024(H5N1)	425	14481
NS|PP755593.1|A/cattle/Texas/24-008749-003/2024(H5N1)	426	14467
NS|PP755593.1|A/cattle/Texas/24-008749-003/2024(H5N1)	427	14479
NS|PP755593.1|A/cattle/Texas/24-008749-003/2024(H5N1)	428	16002
NS|PP755593.1|A/cattle/Texas/24-008749-003/2024(H5N1)	429	15784
NS|PP755593.1|A/cattle/Texas/24-008749-003/2024(H5N1)	430	15579
NS|PP755593.1|A/cattle/Texas/24-008749-003/2024(H5N1)	431	15578
NS|PP755593.1|A/cattle/Texas/24-008749-003/2024(H5N1)	432	15839
NS|PP755593.1|A/cattle/Texas/24-008749-003/2024(H5N1)	433	16447
NS|PP755593.1|A/cattle/Texas/24-008749-003/2024(H5N1)	434	16213
NS|PP755593.1|A/cattle/Texas/24-008749-003/2024(H5N1)	435	16202
NS|PP755593.1|A/cattle/Texas/24-008749-003/2024(H5N1)	436	16200
NS|PP755593.1|A/cattle/Texas/24-008749-003/2024(H5N1)	437	14842
NS|PP755593.1|A/cattle/Texas/24-008749-003/2024(H5N1)	438	15151
NS|PP755593.1|A/cattle/Texas/24-008749-003/2024(H5N1)	439	15056
NS|PP755593.1|A/cattle/Texas/24-008749-003/2024(H5N1)	440	15189
NS|PP755593.1|A/cattle/Texas/24-008749-003/2024(H5N1)	441	14924
NS|PP755593.1|A/cattle/Texas/24-008749-003/2024(H5N1)	442	14312
NS|PP755593.1|A/cattle/Texas/24-008749-003/2024(H5N1)	443	14434
NS|PP755593.1|A/cattle/Texas/24-008749-003/2024(H5N1)	444	14372
NS|PP755593.1|A/cattle/Texas/24-008749-003/2024(H5N1)	445	14302
NS|PP755593.1|A/cattle/Texas/24-008749-003/2024(H5N1)	446	14289
NS|PP755593.1|A/cattle/Texas/24-008749-003/2024(H5N1)	447	14252
NS|PP755593.1|A/cattle/Texas/24-008749-003/2024(H5N1)	448	14278
NS|PP755593.1|A/cattle/Texas/24-008749-003/2024(H5N1)	449	14371
NS|PP755593.1|A/cattle/Texas/24-008749-003/2024(H5N1)	450	14367
NS|PP755593.1|A/cattle/Texas/24-008749-003/2024(H5N1)	451	14424
NS|PP755593.1|A/cattle/Texas/24-008749-003/2024(H5N1)	452	14451
NS|PP755593.1|A/cattle/Texas/24-008749-003/2024(H5N1)	453	14350
NS|PP755593.1|A/cattle/Texas/24-008749-003/2024(H5N1)	454	14428
NS|PP755593.1|A/cattle/Texas/24-008749-003/2024(H5N1)	455	14435
NS|PP755593.1|A/cattle/Texas/24-008749-003/2024(H5N1)	456	14024
NS|PP755593.1|A/cattle/Texas/24-008749-003/2024(H5N1)	457	13853
NS|PP755593.1|A/cattle/Texas/24-008749-003/2024(H5N1)	458	13788
NS|PP755593.1|A/cattle/Texas/24-008749-003/2024(H5N1)	459	13818
NS|PP755593.1|A/cattle/Texas/24-008749-003/2024(H5N1)	460	13758
NS|PP755593.1|A/cattle/Texas/24-008749-003/2024(H5N1)	461	13906
NS|PP755593.1|A/cattle/Texas/24-008749-003/2024(H5N1)	462	13887
NS|PP755593.1|A/cattle/Texas/24-008749-003/2024(H5N1)	463	13723
NS|PP755593.1|A/cattle/Texas/24-008749-003/2024(H5N1)	464	13603
NS|PP755593.1|A/cattle/Texas/24-008749-003/2024(H5N1)	465	13581
NS|PP755593.1|A/cattle/Texas/24-008749-003/2024(H5N1)	466	13584
NS|PP755593.1|A/cattle/Texas/24-008749-003/2024(H5N1)	467	13674
NS|PP755593.1|A/cattle/Texas/24-008749-003/2024(H5N1)	468	13614
NS|PP755593.1|A/cattle/Texas/24-008749-003/2024(H5N1)	469	13616
NS|PP755593.1|A/cattle/Texas/24-008749-003/2024(H5N1)	470	13425
NS|PP755593.1|A/cattle/Texas/24-008749-003/2024(H5N1)	471	13427
NS|PP755593.1|A/cattle/Texas/24-008749-003/2024(H5N1)	472	13416
NS|PP755593.1|A/cattle/Texas/24-008749-003/2024(H5N1)	473	13628
NS|PP755593.1|A/cattle/Texas/24-008749-003/2024(H5N1)	474	13581
NS|PP755593.1|A/cattle/Texas/24-008749-003/2024(H5N1)	475	13584
NS|PP755593.1|A/cattle/Texas/24-008749-003/2024(H5N1)	476	13968
NS|PP755593.1|A/cattle/Texas/24-008749-003/2024(H5N1)	477	14050
NS|PP755593.1|A/cattle/Texas/24-008749-003/2024(H5N1)	478	14054
NS|PP755593.1|A/cattle/Texas/24-008749-003/2024(H5N1)	479	14061
NS|PP755593.1|A/cattle/Texas/24-008749-003/2024(H5N1)	480	14136
NS|PP755593.1|A/cattle/Texas/24-008749-003/2024(H5N1)	481	14139
NS|PP755593.1|A/cattle/Texas/24-008749-003/2024(H5N1)	482	14459
NS|PP755593.1|A/cattle/Texas/24-008749-003/2024(H5N1)	483	14504
NS|PP755593.1|A/cattle/Texas/24-008749-003/2024(H5N1)	484	14576
NS|PP755593.1|A/cattle/Texas/24-008749-003/2024(H5N1)	485	14632
NS|PP755593.1|A/cattle/Texas/24-008749-003/2024(H5N1)	486	14613
NS|PP755593.1|A/cattle/Texas/24-008749-003/2024(H5N1)	487	14696
NS|PP755593.1|A/cattle/Texas/24-008749-003/2024(H5N1)	488	14562
NS|PP755593.1|A/cattle/Texas/24-008749-003/2024(H5N1)	489	14638
NS|PP755593.1|A/cattle/Texas/24-008749-003/2024(H5N1)	490	14687
NS|PP755593.1|A/cattle/Texas/24-008749-003/2024(H5N1)	491	14601
NS|PP755593.1|A/cattle/Texas/24-008749-003/2024(H5N1)	492	15376
NS|PP755593.1|A/cattle/Texas/24-008749-003/2024(H5N1)	493	15359
NS|PP755593.1|A/cattle/Texas/24-008749-003/2024(H5N1)	494	15291
NS|PP755593.1|A/cattle/Texas/24-008749-003/2024(H5N1)	495	15306
NS|PP755593.1|A/cattle/Texas/24-008749-003/2024(H5N1)	496	15286
NS|PP755593.1|A/cattle/Texas/24-008749-003/2024(H5N1)	497	15466
NS|PP755593.1|A/cattle/Texas/24-008749-003/2024(H5N1)	498	15431
NS|PP755593.1|A/cattle/Texas/24-008749-003/2024(H5N1)	499	15430
NS|PP755593.1|A/cattle/Texas/24-008749-003/2024(H5N1)	500	15414
NS|PP755593.1|A/cattle/Texas/24-008749-003/2024(H5N1)	501	15473
NS|PP755593.1|A/cattle/Texas/24-008749-003/2024(H5N1)	502	15706
NS|PP755593.1|A/cattle/Texas/24-008749-003/2024(H5N1)	503	16115
NS|PP755593.1|A/cattle/Texas/24-008749-003/2024(H5N1)	504	15761
NS|PP755593.1|A/cattle/Texas/24-008749-003/2024(H5N1)	505	15409
NS|PP755593.1|A/cattle/Texas/24-008749-003/2024(H5N1)	506	15518
NS|PP755593.1|A/cattle/Texas/24-008749-003/2024(H5N1)	507	15554
NS|PP755593.1|A/cattle/Texas/24-008749-003/2024(H5N1)	508	15579
NS|PP755593.1|A/cattle/Texas/24-008749-003/2024(H5N1)	509	15831
NS|PP755593.1|A/cattle/Texas/24-008749-003/2024(H5N1)	510	15741
NS|PP755593.1|A/cattle/Texas/24-008749-003/2024(H5N1)	511	15719
NS|PP755593.1|A/cattle/Texas/24-008749-003/2024(H5N1)	512	15659
NS|PP755593.1|A/cattle/Texas/24-008749-003/2024(H5N1)	513	15563
NS|PP755593.1|A/cattle/Texas/24-008749-003/2024(H5N1)	514	15485
NS|PP755593.1|A/cattle/Texas/24-008749-003/2024(H5N1)	515	15134
NS|PP755593.1|A/cattle/Texas/24-008749-003/2024(H5N1)	516	15130
NS|PP755593.1|A/cattle/Texas/24-008749-003/2024(H5N1)	517	15106
NS|PP755593.1|A/cattle/Texas/24-008749-003/2024(H5N1)	518	14723
NS|PP755593.1|A/cattle/Texas/24-008749-003/2024(H5N1)	519	14737
NS|PP755593.1|A/cattle/Texas/24-008749-003/2024(H5N1)	520	14638
NS|PP755593.1|A/cattle/Texas/24-008749-003/2024(H5N1)	521	14606
NS|PP755593.1|A/cattle/Texas/24-008749-003/2024(H5N1)	522	14611
NS|PP755593.1|A/cattle/Texas/24-008749-003/2024(H5N1)	523	14604
NS|PP755593.1|A/cattle/Texas/24-008749-003/2024(H5N1)	524	14491
NS|PP755593.1|A/cattle/Texas/24-008749-003/2024(H5N1)	525	14472
NS|PP755593.1|A/cattle/Texas/24-008749-003/2024(H5N1)	526	14405
NS|PP755593.1|A/cattle/Texas/24-008749-003/2024(H5N1)	527	14509
NS|PP755593.1|A/cattle/Texas/24-008749-003/2024(H5N1)	528	14498
NS|PP755593.1|A/cattle/Texas/24-008749-003/2024(H5N1)	529	14268
NS|PP755593.1|A/cattle/Texas/24-008749-003/2024(H5N1)	530	14480
NS|PP755593.1|A/cattle/Texas/24-008749-003/2024(H5N1)	531	14467
NS|PP755593.1|A/cattle/Texas/24-008749-003/2024(H5N1)	532	14506
NS|PP755593.1|A/cattle/Texas/24-008749-003/2024(H5N1)	533	14435
NS|PP755593.1|A/cattle/Texas/24-008749-003/2024(H5N1)	534	14416
NS|PP755593.1|A/cattle/Texas/24-008749-003/2024(H5N1)	535	14431
NS|PP755593.1|A/cattle/Texas/24-008749-003/2024(H5N1)	536	14354
NS|PP755593.1|A/cattle/Texas/24-008749-003/2024(H5N1)	537	14374
NS|PP755593.1|A/cattle/Texas/24-008749-003/2024(H5N1)	538	14435
NS|PP755593.1|A/cattle/Texas/24-008749-003/2024(H5N1)	539	14453
NS|PP755593.1|A/cattle/Texas/24-008749-003/2024(H5N1)	540	14639
NS|PP755593.1|A/cattle/Texas/24-008749-003/2024(H5N1)	541	14578
NS|PP755593.1|A/cattle/Texas/24-008749-003/2024(H5N1)	542	14556
NS|PP755593.1|A/cattle/Texas/24-008749-003/2024(H5N1)	543	14719
NS|PP755593.1|A/cattle/Texas/24-008749-003/2024(H5N1)	544	14704
NS|PP755593.1|A/cattle/Texas/24-008749-003/2024(H5N1)	545	14743
NS|PP755593.1|A/cattle/Texas/24-008749-003/2024(H5N1)	546	14766
NS|PP755593.1|A/cattle/Texas/24-008749-003/2024(H5N1)	547	14670
NS|PP755593.1|A/cattle/Texas/24-008749-003/2024(H5N1)	548	14691
NS|PP755593.1|A/cattle/Texas/24-008749-003/2024(H5N1)	549	14389
NS|PP755593.1|A/cattle/Texas/24-008749-003/2024(H5N1)	550	14229
NS|PP755593.1|A/cattle/Texas/24-008749-003/2024(H5N1)	551	14400
NS|PP755593.1|A/cattle/Texas/24-008749-003/2024(H5N1)	552	14258
NS|PP755593.1|A/cattle/Texas/24-008749-003/2024(H5N1)	553	14572
NS|PP755593.1|A/cattle/Texas/24-008749-003/2024(H5N1)	554	14523
NS|PP755593.1|A/cattle/Texas/24-008749-003/2024(H5N1)	555	14535
NS|PP755593.1|A/cattle/Texas/24-008749-003/2024(H5N1)	556	14588
NS|PP755593.1|A/cattle/Texas/24-008749-003/2024(H5N1)	557	14542
NS|PP755593.1|A/cattle/Texas/24-008749-003/2024(H5N1)	558	14557
NS|PP755593.1|A/cattle/Texas/24-008749-003/2024(H5N1)	559	14500
NS|PP755593.1|A/cattle/Texas/24-008749-003/2024(H5N1)	560	14235
NS|PP755593.1|A/cattle/Texas/24-008749-003/2024(H5N1)	561	14324
NS|PP755593.1|A/cattle/Texas/24-008749-003/2024(H5N1)	562	14218
NS|PP755593.1|A/cattle/Texas/24-008749-003/2024(H5N1)	563	14289
NS|PP755593.1|A/cattle/Texas/24-008749-003/2024(H5N1)	564	14926
NS|PP755593.1|A/cattle/Texas/24-008749-003/2024(H5N1)	565	14981
NS|PP755593.1|A/cattle/Texas/24-008749-003/2024(H5N1)	566	15018
NS|PP755593.1|A/cattle/Texas/24-008749-003/2024(H5N1)	567	15322
NS|PP755593.1|A/cattle/Texas/24-008749-003/2024(H5N1)	568	15313
NS|PP755593.1|A/cattle/Texas/24-008749-003/2024(H5N1)	569	15406
NS|PP755593.1|A/cattle/Texas/24-008749-003/2024(H5N1)	570	15116
NS|PP755593.1|A/cattle/Texas/24-008749-003/2024(H5N1)	571	15041
NS|PP755593.1|A/cattle/Texas/24-008749-003/2024(H5N1)	572	15145
NS|PP755593.1|A/cattle/Texas/24-008749-003/2024(H5N1)	573	14320
NS|PP755593.1|A/cattle/Texas/24-008749-003/2024(H5N1)	574	14521
NS|PP755593.1|A/cattle/Texas/24-008749-003/2024(H5N1)	575	14523
NS|PP755593.1|A/cattle/Texas/24-008749-003/2024(H5N1)	576	14519
NS|PP755593.1|A/cattle/Texas/24-008749-003/2024(H5N1)	577	15216
NS|PP755593.1|A/cattle/Texas/24-008749-003/2024(H5N1)	578	15147
NS|PP755593.1|A/cattle/Texas/24-008749-003/2024(H5N1)	579	13838
NS|PP755593.1|A/cattle/Texas/24-008749-003/2024(H5N1)	580	13843
NS|PP755593.1|A/cattle/Texas/24-008749-003/2024(H5N1)	581	13628
NS|PP755593.1|A/cattle/Texas/24-008749-003/2024(H5N1)	582	13411
NS|PP755593.1|A/cattle/Texas/24-008749-003/2024(H5N1)	583	13071
NS|PP755593.1|A/cattle/Texas/24-008749-003/2024(H5N1)	584	13049
NS|PP755593.1|A/cattle/Texas/24-008749-003/2024(H5N1)	585	13045
NS|PP755593.1|A/cattle/Texas/24-008749-003/2024(H5N1)	586	13054
NS|PP755593.1|A/cattle/Texas/24-008749-003/2024(H5N1)	587	13734
NS|PP755593.1|A/cattle/Texas/24-008749-003/2024(H5N1)	588	13746
NS|PP755593.1|A/cattle/Texas/24-008749-003/2024(H5N1)	589	13714
NS|PP755593.1|A/cattle/Texas/24-008749-003/2024(H5N1)	590	13728
NS|PP755593.1|A/cattle/Texas/24-008749-003/2024(H5N1)	591	13525
NS|PP755593.1|A/cattle/Texas/24-008749-003/2024(H5N1)	592	13566
NS|PP755593.1|A/cattle/Texas/24-008749-003/2024(H5N1)	593	13571
NS|PP755593.1|A/cattle/Texas/24-008749-003/2024(H5N1)	594	13477
NS|PP755593.1|A/cattle/Texas/24-008749-003/2024(H5N1)	595	13456
NS|PP755593.1|A/cattle/Texas/24-008749-003/2024(H5N1)	596	13425
NS|PP755593.1|A/cattle/Texas/24-008749-003/2024(H5N1)	597	13447
NS|PP755593.1|A/cattle/Texas/24-008749-003/2024(H5N1)	598	13218
NS|PP755593.1|A/cattle/Texas/24-008749-003/2024(H5N1)	599	13235
NS|PP755593.1|A/cattle/Texas/24-008749-003/2024(H5N1)	600	13182
NS|PP755593.1|A/cattle/Texas/24-008749-003/2024(H5N1)	601	13160
NS|PP755593.1|A/cattle/Texas/24-008749-003/2024(H5N1)	602	13109
NS|PP755593.1|A/cattle/Texas/24-008749-003/2024(H5N1)	603	13130
NS|PP755593.1|A/cattle/Texas/24-008749-003/2024(H5N1)	604	13145
NS|PP755593.1|A/cattle/Texas/24-008749-003/2024(H5N1)	605	13030
NS|PP755593.1|A/cattle/Texas/24-008749-003/2024(H5N1)	606	13014
NS|PP755593.1|A/cattle/Texas/24-008749-003/2024(H5N1)	607	13020
NS|PP755593.1|A/cattle/Texas/24-008749-003/2024(H5N1)	608	12972
NS|PP755593.1|A/cattle/Texas/24-008749-003/2024(H5N1)	609	13122
NS|PP755593.1|A/cattle/Texas/24-008749-003/2024(H5N1)	610	13088
NS|PP755593.1|A/cattle/Texas/24-008749-003/2024(H5N1)	611	13087
NS|PP755593.1|A/cattle/Texas/24-008749-003/2024(H5N1)	612	12911
NS|PP755593.1|A/cattle/Texas/24-008749-003/2024(H5N1)	613	12884
NS|PP755593.1|A/cattle/Texas/24-008749-003/2024(H5N1)	614	13024
NS|PP755593.1|A/cattle/Texas/24-008749-003/2024(H5N1)	615	13058
NS|PP755593.1|A/cattle/Texas/24-008749-003/2024(H5N1)	616	13040
NS|PP755593.1|A/cattle/Texas/24-008749-003/2024(H5N1)	617	13323
NS|PP755593.1|A/cattle/Texas/24-008749-003/2024(H5N1)	618	13379
NS|PP755593.1|A/cattle/Texas/24-008749-003/2024(H5N1)	619	13413
NS|PP755593.1|A/cattle/Texas/24-008749-003/2024(H5N1)	620	13419
NS|PP755593.1|A/cattle/Texas/24-008749-003/2024(H5N1)	621	13387
NS|PP755593.1|A/cattle/Texas/24-008749-003/2024(H5N1)	622	13436
NS|PP755593.1|A/cattle/Texas/24-008749-003/2024(H5N1)	623	13219
NS|PP755593.1|A/cattle/Texas/24-008749-003/2024(H5N1)	624	13427
NS|PP755593.1|A/cattle/Texas/24-008749-003/2024(H5N1)	625	13707
NS|PP755593.1|A/cattle/Texas/24-008749-003/2024(H5N1)	626	13304
NS|PP755593.1|A/cattle/Texas/24-008749-003/2024(H5N1)	627	13352
NS|PP755593.1|A/cattle/Texas/24-008749-003/2024(H5N1)	628	13273
NS|PP755593.1|A/cattle/Texas/24-008749-003/2024(H5N1)	629	13449
NS|PP755593.1|A/cattle/Texas/24-008749-003/2024(H5N1)	630	13441
NS|PP755593.1|A/cattle/Texas/24-008749-003/2024(H5N1)	631	13346
NS|PP755593.1|A/cattle/Texas/24-008749-003/2024(H5N1)	632	13425
NS|PP755593.1|A/cattle/Texas/24-008749-003/2024(H5N1)	633	13042
NS|PP755593.1|A/cattle/Texas/24-008749-003/2024(H5N1)	634	13583
NS|PP755593.1|A/cattle/Texas/24-008749-003/2024(H5N1)	635	14515
NS|PP755593.1|A/cattle/Texas/24-008749-003/2024(H5N1)	636	14445
NS|PP755593.1|A/cattle/Texas/24-008749-003/2024(H5N1)	637	14462
NS|PP755593.1|A/cattle/Texas/24-008749-003/2024(H5N1)	638	14691
NS|PP755593.1|A/cattle/Texas/24-008749-003/2024(H5N1)	639	14738
NS|PP755593.1|A/cattle/Texas/24-008749-003/2024(H5N1)	640	14819
NS|PP755593.1|A/cattle/Texas/24-008749-003/2024(H5N1)	641	14707
NS|PP755593.1|A/cattle/Texas/24-008749-003/2024(H5N1)	642	14798
NS|PP755593.1|A/cattle/Texas/24-008749-003/2024(H5N1)	643	13935
NS|PP755593.1|A/cattle/Texas/24-008749-003/2024(H5N1)	644	14010
NS|PP755593.1|A/cattle/Texas/24-008749-003/2024(H5N1)	645	14013
NS|PP755593.1|A/cattle/Texas/24-008749-003/2024(H5N1)	646	13543
NS|PP755593.1|A/cattle/Texas/24-008749-003/2024(H5N1)	647	13466
NS|PP755593.1|A/cattle/Texas/24-008749-003/2024(H5N1)	648	13808
NS|PP755593.1|A/cattle/Texas/24-008749-003/2024(H5N1)	649	13808
NS|PP755593.1|A/cattle/Texas/24-008749-003/2024(H5N1)	650	13783
NS|PP755593.1|A/cattle/Texas/24-008749-003/2024(H5N1)	651	13603
NS|PP755593.1|A/cattle/Texas/24-008749-003/2024(H5N1)	652	13374
NS|PP755593.1|A/cattle/Texas/24-008749-003/2024(H5N1)	653	13019
NS|PP755593.1|A/cattle/Texas/24-008749-003/2024(H5N1)	654	12989
NS|PP755593.1|A/cattle/Texas/24-008749-003/2024(H5N1)	655	13047
NS|PP755593.1|A/cattle/Texas/24-008749-003/2024(H5N1)	656	13079
NS|PP755593.1|A/cattle/Texas/24-008749-003/2024(H5N1)	657	12826
NS|PP755593.1|A/cattle/Texas/24-008749-003/2024(H5N1)	658	13146
NS|PP755593.1|A/cattle/Texas/24-008749-003/2024(H5N1)	659	13146
NS|PP755593.1|A/cattle/Texas/24-008749-003/2024(H5N1)	660	12868
NS|PP755593.1|A/cattle/Texas/24-008749-003/2024(H5N1)	661	12882
NS|PP755593.1|A/cattle/Texas/24-008749-003/2024(H5N1)	662	12794
NS|PP755593.1|A/cattle/Texas/24-008749-003/2024(H5N1)	663	12862
NS|PP755593.1|A/cattle/Texas/24-008749-003/2024(H5N1)	664	12900
NS|PP755593.1|A/cattle/Texas/24-008749-003/2024(H5N1)	665	12917
NS|PP755593.1|A/cattle/Texas/24-008749-003/2024(H5N1)	666	12962
NS|PP755593.1|A/cattle/Texas/24-008749-003/2024(H5N1)	667	13356
NS|PP755593.1|A/cattle/Texas/24-008749-003/2024(H5N1)	668	13275
NS|PP755593.1|A/cattle/Texas/24-008749-003/2024(H5N1)	669	13309
NS|PP755593.1|A/cattle/Texas/24-008749-003/2024(H5N1)	670	13271
NS|PP755593.1|A/cattle/Texas/24-008749-003/2024(H5N1)	671	13475
NS|PP755593.1|A/cattle/Texas/24-008749-003/2024(H5N1)	672	13556
NS|PP755593.1|A/cattle/Texas/24-008749-003/2024(H5N1)	673	13541
NS|PP755593.1|A/cattle/Texas/24-008749-003/2024(H5N1)	674	13577
NS|PP755593.1|A/cattle/Texas/24-008749-003/2024(H5N1)	675	13525
NS|PP755593.1|A/cattle/Texas/24-008749-003/2024(H5N1)	676	13525
NS|PP755593.1|A/cattle/Texas/24-008749-003/2024(H5N1)	677	13539
NS|PP755593.1|A/cattle/Texas/24-008749-003/2024(H5N1)	678	13429
NS|PP755593.1|A/cattle/Texas/24-008749-003/2024(H5N1)	679	13429
NS|PP755593.1|A/cattle/Texas/24-008749-003/2024(H5N1)	680	13122
NS|PP755593.1|A/cattle/Texas/24-008749-003/2024(H5N1)	681	13053
NS|PP755593.1|A/cattle/Texas/24-008749-003/2024(H5N1)	682	13222
NS|PP755593.1|A/cattle/Texas/24-008749-003/2024(H5N1)	683	13103
NS|PP755593.1|A/cattle/Texas/24-008749-003/2024(H5N1)	684	13095
NS|PP755593.1|A/cattle/Texas/24-008749-003/2024(H5N1)	685	13094
NS|PP755593.1|A/cattle/Texas/24-008749-003/2024(H5N1)	686	13110
NS|PP755593.1|A/cattle/Texas/24-008749-003/2024(H5N1)	687	13106
NS|PP755593.1|A/cattle/Texas/24-008749-003/2024(H5N1)	688	13104
NS|PP755593.1|A/cattle/Texas/24-008749-003/2024(H5N1)	689	12887
NS|PP755593.1|A/cattle/Texas/24-008749-003/2024(H5N1)	690	12880
NS|PP755593.1|A/cattle/Texas/24-008749-003/2024(H5N1)	691	12761
NS|PP755593.1|A/cattle/Texas/24-008749-003/2024(H5N1)	692	12777
NS|PP755593.1|A/cattle/Texas/24-008749-003/2024(H5N1)	693	12780
NS|PP755593.1|A/cattle/Texas/24-008749-003/2024(H5N1)	694	12628
NS|PP755593.1|A/cattle/Texas/24-008749-003/2024(H5N1)	695	12698
NS|PP755593.1|A/cattle/Texas/24-008749-003/2024(H5N1)	696	12647
NS|PP755593.1|A/cattle/Texas/24-008749-003/2024(H5N1)	697	12589
NS|PP755593.1|A/cattle/Texas/24-008749-003/2024(H5N1)	698	12584
NS|PP755593.1|A/cattle/Texas/24-008749-003/2024(H5N1)	699	12665
NS|PP755593.1|A/cattle/Texas/24-008749-003/2024(H5N1)	700	12661
NS|PP755593.1|A/cattle/Texas/24-008749-003/2024(H5N1)	701	12626
NS|PP755593.1|A/cattle/Texas/24-008749-003/2024(H5N1)	702	12475
NS|PP755593.1|A/cattle/Texas/24-008749-003/2024(H5N1)	703	12528
NS|PP755593.1|A/cattle/Texas/24-008749-003/2024(H5N1)	704	12233
NS|PP755593.1|A/cattle/Texas/24-008749-003/2024(H5N1)	705	12233
NS|PP755593.1|A/cattle/Texas/24-008749-003/2024(H5N1)	706	12228
NS|PP755593.1|A/cattle/Texas/24-008749-003/2024(H5N1)	707	12218
NS|PP755593.1|A/cattle/Texas/24-008749-003/2024(H5N1)	708	12211
NS|PP755593.1|A/cattle/Texas/24-008749-003/2024(H5N1)	709	12300
NS|PP755593.1|A/cattle/Texas/24-008749-003/2024(H5N1)	710	12956
NS|PP755593.1|A/cattle/Texas/24-008749-003/2024(H5N1)	711	12984
NS|PP755593.1|A/cattle/Texas/24-008749-003/2024(H5N1)	712	12985
NS|PP755593.1|A/cattle/Texas/24-008749-003/2024(H5N1)	713	13029
NS|PP755593.1|A/cattle/Texas/24-008749-003/2024(H5N1)	714	15285
NS|PP755593.1|A/cattle/Texas/24-008749-003/2024(H5N1)	715	14673
NS|PP755593.1|A/cattle/Texas/24-008749-003/2024(H5N1)	716	14580
NS|PP755593.1|A/cattle/Texas/24-008749-003/2024(H5N1)	717	14798
NS|PP755593.1|A/cattle/Texas/24-008749-003/2024(H5N1)	718	14436
NS|PP755593.1|A/cattle/Texas/24-008749-003/2024(H5N1)	719	14694
NS|PP755593.1|A/cattle/Texas/24-008749-003/2024(H5N1)	720	14736
NS|PP755593.1|A/cattle/Texas/24-008749-003/2024(H5N1)	721	14733
NS|PP755593.1|A/cattle/Texas/24-008749-003/2024(H5N1)	722	14612
NS|PP755593.1|A/cattle/Texas/24-008749-003/2024(H5N1)	723	14610
NS|PP755593.1|A/cattle/Texas/24-008749-003/2024(H5N1)	724	14660
NS|PP755593.1|A/cattle/Texas/24-008749-003/2024(H5N1)	725	14395
NS|PP755593.1|A/cattle/Texas/24-008749-003/2024(H5N1)	726	14386
NS|PP755593.1|A/cattle/Texas/24-008749-003/2024(H5N1)	727	14386
NS|PP755593.1|A/cattle/Texas/24-008749-003/2024(H5N1)	728	13567
NS|PP755593.1|A/cattle/Texas/24-008749-003/2024(H5N1)	729	13749
NS|PP755593.1|A/cattle/Texas/24-008749-003/2024(H5N1)	730	13729
NS|PP755593.1|A/cattle/Texas/24-008749-003/2024(H5N1)	731	13601
NS|PP755593.1|A/cattle/Texas/24-008749-003/2024(H5N1)	732	13597
NS|PP755593.1|A/cattle/Texas/24-008749-003/2024(H5N1)	733	13429
NS|PP755593.1|A/cattle/Texas/24-008749-003/2024(H5N1)	734	13450
NS|PP755593.1|A/cattle/Texas/24-008749-003/2024(H5N1)	735	13436
NS|PP755593.1|A/cattle/Texas/24-008749-003/2024(H5N1)	736	13440
NS|PP755593.1|A/cattle/Texas/24-008749-003/2024(H5N1)	737	13413
NS|PP755593.1|A/cattle/Texas/24-008749-003/2024(H5N1)	738	12672
NS|PP755593.1|A/cattle/Texas/24-008749-003/2024(H5N1)	739	12524
NS|PP755593.1|A/cattle/Texas/24-008749-003/2024(H5N1)	740	12428
NS|PP755593.1|A/cattle/Texas/24-008749-003/2024(H5N1)	741	12418
NS|PP755593.1|A/cattle/Texas/24-008749-003/2024(H5N1)	742	12395
NS|PP755593.1|A/cattle/Texas/24-008749-003/2024(H5N1)	743	12381
NS|PP755593.1|A/cattle/Texas/24-008749-003/2024(H5N1)	744	12360
NS|PP755593.1|A/cattle/Texas/24-008749-003/2024(H5N1)	745	12335
NS|PP755593.1|A/cattle/Texas/24-008749-003/2024(H5N1)	746	12334
NS|PP755593.1|A/cattle/Texas/24-008749-003/2024(H5N1)	747	12335
NS|PP755593.1|A/cattle/Texas/24-008749-003/2024(H5N1)	748	12308
NS|PP755593.1|A/cattle/Texas/24-008749-003/2024(H5N1)	749	12289
NS|PP755593.1|A/cattle/Texas/24-008749-003/2024(H5N1)	750	12256
NS|PP755593.1|A/cattle/Texas/24-008749-003/2024(H5N1)	751	12209
NS|PP755593.1|A/cattle/Texas/24-008749-003/2024(H5N1)	752	12180
NS|PP755593.1|A/cattle/Texas/24-008749-003/2024(H5N1)	753	12178
NS|PP755593.1|A/cattle/Texas/24-008749-003/2024(H5N1)	754	12064
NS|PP755593.1|A/cattle/Texas/24-008749-003/2024(H5N1)	755	12049
NS|PP755593.1|A/cattle/Texas/24-008749-003/2024(H5N1)	756	12042
NS|PP755593.1|A/cattle/Texas/24-008749-003/2024(H5N1)	757	12038
NS|PP755593.1|A/cattle/Texas/24-008749-003/2024(H5N1)	758	12024
NS|PP755593.1|A/cattle/Texas/24-008749-003/2024(H5N1)	759	11959
NS|PP755593.1|A/cattle/Texas/24-008749-003/2024(H5N1)	760	11886
NS|PP755593.1|A/cattle/Texas/24-008749-003/2024(H5N1)	761	11890
NS|PP755593.1|A/cattle/Texas/24-008749-003/2024(H5N1)	762	11888
NS|PP755593.1|A/cattle/Texas/24-008749-003/2024(H5N1)	763	11866
NS|PP755593.1|A/cattle/Texas/24-008749-003/2024(H5N1)	764	11855
NS|PP755593.1|A/cattle/Texas/24-008749-003/2024(H5N1)	765	11729
NS|PP755593.1|A/cattle/Texas/24-008749-003/2024(H5N1)	766	11725
NS|PP755593.1|A/cattle/Texas/24-008749-003/2024(H5N1)	767	11668
NS|PP755593.1|A/cattle/Texas/24-008749-003/2024(H5N1)	768	11372
NS|PP755593.1|A/cattle/Texas/24-008749-003/2024(H5N1)	769	11267
NS|PP755593.1|A/cattle/Texas/24-008749-003/2024(H5N1)	770	11258
NS|PP755593.1|A/cattle/Texas/24-008749-003/2024(H5N1)	771	11245
NS|PP755593.1|A/cattle/Texas/24-008749-003/2024(H5N1)	772	11242
NS|PP755593.1|A/cattle/Texas/24-008749-003/2024(H5N1)	773	11177
NS|PP755593.1|A/cattle/Texas/24-008749-003/2024(H5N1)	774	10838
NS|PP755593.1|A/cattle/Texas/24-008749-003/2024(H5N1)	775	10627
NS|PP755593.1|A/cattle/Texas/24-008749-003/2024(H5N1)	776	10604
NS|PP755593.1|A/cattle/Texas/24-008749-003/2024(H5N1)	777	10608
NS|PP755593.1|A/cattle/Texas/24-008749-003/2024(H5N1)	778	10554
NS|PP755593.1|A/cattle/Texas/24-008749-003/2024(H5N1)	779	10391
NS|PP755593.1|A/cattle/Texas/24-008749-003/2024(H5N1)	780	10408
NS|PP755593.1|A/cattle/Texas/24-008749-003/2024(H5N1)	781	10406
NS|PP755593.1|A/cattle/Texas/24-008749-003/2024(H5N1)	782	10356
NS|PP755593.1|A/cattle/Texas/24-008749-003/2024(H5N1)	783	10351
NS|PP755593.1|A/cattle/Texas/24-008749-003/2024(H5N1)	784	10294
NS|PP755593.1|A/cattle/Texas/24-008749-003/2024(H5N1)	785	9730
NS|PP755593.1|A/cattle/Texas/24-008749-003/2024(H5N1)	786	8713
NS|PP755593.1|A/cattle/Texas/24-008749-003/2024(H5N1)	787	8699
NS|PP755593.1|A/cattle/Texas/24-008749-003/2024(H5N1)	788	8608
NS|PP755593.1|A/cattle/Texas/24-008749-003/2024(H5N1)	789	8266
NS|PP755593.1|A/cattle/Texas/24-008749-003/2024(H5N1)	790	8286
NS|PP755593.1|A/cattle/Texas/24-008749-003/2024(H5N1)	791	8014
NS|PP755593.1|A/cattle/Texas/24-008749-003/2024(H5N1)	792	8007
NS|PP755593.1|A/cattle/Texas/24-008749-003/2024(H5N1)	793	7985
NS|PP755593.1|A/cattle/Texas/24-008749-003/2024(H5N1)	794	7901
NS|PP755593.1|A/cattle/Texas/24-008749-003/2024(H5N1)	795	7759
NS|PP755593.1|A/cattle/Texas/24-008749-003/2024(H5N1)	796	7741
NS|PP755593.1|A/cattle/Texas/24-008749-003/2024(H5N1)	797	7743
NS|PP755593.1|A/cattle/Texas/24-008749-003/2024(H5N1)	798	7703
NS|PP755593.1|A/cattle/Texas/24-008749-003/2024(H5N1)	799	7187
NS|PP755593.1|A/cattle/Texas/24-008749-003/2024(H5N1)	800	7191
NS|PP755593.1|A/cattle/Texas/24-008749-003/2024(H5N1)	801	7172
NS|PP755593.1|A/cattle/Texas/24-008749-003/2024(H5N1)	802	7172
NS|PP755593.1|A/cattle/Texas/24-008749-003/2024(H5N1)	803	7120
NS|PP755593.1|A/cattle/Texas/24-008749-003/2024(H5N1)	804	7021
NS|PP755593.1|A/cattle/Texas/24-008749-003/2024(H5N1)	805	7011
NS|PP755593.1|A/cattle/Texas/24-008749-003/2024(H5N1)	806	7002
NS|PP755593.1|A/cattle/Texas/24-008749-003/2024(H5N1)	807	6963
NS|PP755593.1|A/cattle/Texas/24-008749-003/2024(H5N1)	808	6962
NS|PP755593.1|A/cattle/Texas/24-008749-003/2024(H5N1)	809	6526
NS|PP755593.1|A/cattle/Texas/24-008749-003/2024(H5N1)	810	6500
NS|PP755593.1|A/cattle/Texas/24-008749-003/2024(H5N1)	811	6474
NS|PP755593.1|A/cattle/Texas/24-008749-003/2024(H5N1)	812	6461
NS|PP755593.1|A/cattle/Texas/24-008749-003/2024(H5N1)	813	6457
NS|PP755593.1|A/cattle/Texas/24-008749-003/2024(H5N1)	814	6380
NS|PP755593.1|A/cattle/Texas/24-008749-003/2024(H5N1)	815	6348
NS|PP755593.1|A/cattle/Texas/24-008749-003/2024(H5N1)	816	6303
NS|PP755593.1|A/cattle/Texas/24-008749-003/2024(H5N1)	817	5815
NS|PP755593.1|A/cattle/Texas/24-008749-003/2024(H5N1)	818	5800
NS|PP755593.1|A/cattle/Texas/24-008749-003/2024(H5N1)	819	5797
NS|PP755593.1|A/cattle/Texas/24-008749-003/2024(H5N1)	820	5663
NS|PP755593.1|A/cattle/Texas/24-008749-003/2024(H5N1)	821	5662
NS|PP755593.1|A/cattle/Texas/24-008749-003/2024(H5N1)	822	5555
NS|PP755593.1|A/cattle/Texas/24-008749-003/2024(H5N1)	823	5542
NS|PP755593.1|A/cattle/Texas/24-008749-003/2024(H5N1)	824	5495
NS|PP755593.1|A/cattle/Texas/24-008749-003/2024(H5N1)	825	5465
NS|PP755593.1|A/cattle/Texas/24-008749-003/2024(H5N1)	826	5455
NS|PP755593.1|A/cattle/Texas/24-008749-003/2024(H5N1)	827	5450
NS|PP755593.1|A/cattle/Texas/24-008749-003/2024(H5N1)	828	5423
NS|PP755593.1|A/cattle/Texas/24-008749-003/2024(H5N1)	829	5422
NS|PP755593.1|A/cattle/Texas/24-008749-003/2024(H5N1)	830	5359
NS|PP755593.1|A/cattle/Texas/24-008749-003/2024(H5N1)	831	5215
NS|PP755593.1|A/cattle/Texas/24-008749-003/2024(H5N1)	832	5196
NS|PP755593.1|A/cattle/Texas/24-008749-003/2024(H5N1)	833	5118
NS|PP755593.1|A/cattle/Texas/24-008749-003/2024(H5N1)	834	5113
NS|PP755593.1|A/cattle/Texas/24-008749-003/2024(H5N1)	835	5100
NS|PP755593.1|A/cattle/Texas/24-008749-003/2024(H5N1)	836	5063
NS|PP755593.1|A/cattle/Texas/24-008749-003/2024(H5N1)	837	5029
NS|PP755593.1|A/cattle/Texas/24-008749-003/2024(H5N1)	838	4972
